0,0,0,2.5,0
9.92063492063492e-05,0.000461796089686731,9.3220039492425e-08,2.498804452655,0.000239240713516245
0.000198412698412698,0.000922869449259575,3.72635395618404e-07,2.49760947694937,0.000478629330919408
0.000297619047619048,0.00138322112406691,8.37879501357059e-07,2.49641507271209,0.000718165491481994
0.000396825396825397,0.00184285213845891,1.48858638154081e-06,2.49522123976124,0.00095784885216764
0.000496031746031746,0.00230176353789974,2.32439044269034e-06,2.49402797774931,0.00119767905411241
0.000595238095238095,0.00275995635732795,3.34492668130698e-06,2.49283528638154,0.00143765573856036
0.000694444444444444,0.00321743163130859,4.54983068528239e-06,2.49164316536943,0.00167777854863803
0.000793650793650794,0.00367419039403314,5.93873863389854e-06,2.49045161443072,0.00191804712935444
0.000892857142857143,0.00413023367931959,7.5112872978277e-06,2.48926063328936,0.00215846112760111
0.000992063492063492,0.00458556252061238,9.26711403913248e-06,2.48807022167559,0.00239902019215203
0.00109126984126984,0.00504017795098242,1.12058568112658e-05,2.48688037932585,0.00263972397366369
0.00119047619047619,0.0054940810031271,1.33271541590708e-05,2.48569110598286,0.00288057212467507
0.00128968253968254,0.00594727270937027,1.56306452187812e-05,2.48450240139553,0.00312156429960763
0.00138888888888889,0.00639975410111349,1.81159691917687e-05,2.483314265308,0.00336270015236472
0.00148809523809524,0.00685152620343934,2.07827636028516e-05,2.48212669740691,0.00360397932497741
0.00158730158730159,0.00730259003793086,2.36306691663086e-05,2.48093969741339,0.00384540146755434
0.00168650793650794,0.00775294662495622,2.66593275812587e-05,2.47975326505678,0.00408696623250378
0.00178571428571429,0.00820259698352924,2.98683810739318e-05,2.47856740006652,0.00432867327276363
0.00188492063492063,0.00865154213130932,3.32574723976687e-05,2.47738210217214,0.00457052224180143
0.00198412698412698,0.00909978308460153,3.68262448329209e-05,2.47619737110328,0.00481251279361437
0.00208333333333333,0.00954732085835655,4.05743421872504e-05,2.47501320658966,0.0050546445827293
0.00218253968253968,0.0099941564661707,4.45014087953304e-05,2.4738296083611,0.00529691726420269
0.00228174603174603,0.0104402909202859,4.86070895189447e-05,2.47264657614752,0.00553933049362066
0.00238095238095238,0.0108857252315898,5.28910297469878e-05,2.47146410967893,0.00578188392709897
0.00248015873015873,0.0113304604096155,5.73528753954651e-05,2.47028220868543,0.00602457722128304
0.00257936507936508,0.0117744974625419,6.19922729074927e-05,2.46910087289723,0.00626741003334791
0.00267857142857143,0.0122178373971934,6.68088692532975e-05,2.46792010204462,0.00651038202099829
0.00277777777777778,0.0126604812190401,7.18023119302172e-05,2.46673989585799,0.00675349284246851
0.00287698412698413,0.0131024299321978,7.69722489627003e-05,2.46556025406784,0.00699674215652255
0.00297619047619048,0.0135436845394278,8.2318328902306e-05,2.46438117640473,0.00724012962245404
0.00307539682539682,0.013984246042137,8.78402008277042e-05,2.46320266259936,0.00748365490008625
0.00317460317460317,0.014424115440378,9.35375143446759e-05,2.46202471238248,0.00772731764977209
0.00327380952380952,0.0148632937328492,9.94099195861126e-05,2.46084732548498,0.00797111753239411
0.00337301587301587,0.0153017819168943,0.000105457067212017,2.45967050163781,0.00821505420936453
0.00347222222222222,0.0157395809885029,0.000111678608409501,2.45849424057202,0.00845912734262518
0.00357142857142857,0.01617669194231,0.00011807419489279,2.45731854201878,0.00870333659464753
0.00367063492063492,0.0166131157715964,0.000124643478903218,2.45614340570933,0.00894768162843274
0.00376984126984127,0.0170488534682885,0.00013138611320923,2.45496883137501,0.00919216210751157
0.00386904761904762,0.0174839060229583,0.000138301751106383,2.45379481874726,0.00943677769594444
0.00396825396825397,0.0179182744248235,0.000145390046417344,2.45262136755761,0.00968152805832141
0.00406746031746032,0.0183519596617472,0.000152650653491891,2.4514484775377,0.00992641285976217
0.00416666666666667,0.0187849627202384,0.000160083227206911,2.45027614841925,0.0101714317659161
0.00426587301587302,0.0192172845854516,0.000167687422966405,2.44910437993407,0.0104165844429622
0.00436507936507937,0.0196489262411869,0.000175462896701483,2.44793317181408,0.010661870557609
0.00446428571428571,0.0200798886698902,0.000183409304870365,2.44676252379129,0.0109072897770949
0.00456349206349206,0.0205101728526528,0.000191526304458384,2.44559243559781,0.0111528417691877
0.00466269841269841,0.0209397797692118,0.000199813552977981,2.44442290696583,0.0113985262021851
0.00476190476190476,0.0213687103979498,0.00020827070846871,2.44325393762764,0.0116443427449143
0.00486111111111111,0.0217969657158951,0.000216897429497234,2.44208552731565,0.011890291066732
0.00496031746031746,0.0222245466987217,0.00022569337515733,2.44091767576232,0.0121363708375249
0.00505952380952381,0.0226514543207491,0.000234658205069882,2.43975038270025,0.0123825817277089
0.00515873015873016,0.0230776895549425,0.000243791579382887,2.43858364786211,0.01262892340823
0.00525793650793651,0.0235032533729127,0.000253093158771451,2.43741747098066,0.0128753955505636
0.00535714285714286,0.0239281467449161,0.000262562604437793,2.43625185178878,0.0131219978267146
0.00545634920634921,0.0243523706398548,0.000272199578111241,2.43508679001943,0.0133687299092178
0.00555555555555556,0.0247759260252765,0.000282003742048235,2.43392228540566,0.0136155914711377
0.0056547619047619,0.0251988138673746,0.000291974759032325,2.43275833768061,0.0138625821860681
0.00575396825396825,0.0256210351309879,0.000302112292374172,2.43159494657755,0.0141097017281327
0.0058531746031746,0.0260425907796011,0.000312416005911548,2.43043211182981,0.0143569497719848
0.00595238095238095,0.0264634817753443,0.000322885564009335,2.42926983317082,0.0146043259928074
0.0060515873015873,0.0268837090789935,0.000333520631559527,2.42810811033412,0.014851830066313
0.00615079365079365,0.02730327364997,0.000344320873981228,2.42694694305334,0.0150994616687438
0.00625,0.027722176446341,0.000355285957220653,2.42578633106219,0.0153472204768717
0.00634920634920635,0.0281404184248192,0.000366415547751128,2.4246262740945,0.0155951061679982
0.0064484126984127,0.028558000540763,0.000377709312573088,2.42346677188417,0.0158431184199544
0.00654761904761905,0.0289749237481763,0.000389166919214081,2.42230782416522,0.0160912569111011
0.0066468253968254,0.0293911889997088,0.000400788035728766,2.42114943067174,0.0163395213203288
0.00674603174603175,0.0298067972548912,0.000412572327391799,2.41999159113778,0.0165879113237116
0.00684523809523809,0.0302217498257215,0.000424519317826247,2.4188343052905,0.0168364264539544
0.00694444444444444,0.030636047839484,0.000436628604535017,2.41767757286159,0.0170850663183671
0.00704365079365079,0.0310496922225665,0.000448899865623177,2.41652139358703,0.0173338306057775
0.00714285714285714,0.0314626839003137,0.000461332779591169,2.41536576720288,0.017582719005406
0.00724206349206349,0.0318750237970276,0.000473927025334808,2.41421069344536,0.0178317312068648
0.00734126984126984,0.0322867128359671,0.000486682282145279,2.41305617205077,0.0180808669001585
0.00744047619047619,0.0326977519393484,0.000499598229709141,2.41190220275555,0.018330125775684
0.00753968253968254,0.0331081420283447,0.000512674548108327,2.41074878529625,0.0185795075242303
0.00763888888888889,0.0335178840230863,0.000525910917820141,2.40959591940955,0.0188290118369784
0.00773809523809524,0.0339269788426605,0.00053930701971726,2.40844360483221,0.0190786384055019
0.00783730158730159,0.0343354274051118,0.000552862535067734,2.40729184130115,0.0193283869217663
0.00793650793650794,0.0347432306274418,0.000566577145534984,2.40614062855339,0.0195782570781294
0.00803571428571429,0.035150389425609,0.000580450533177805,2.40498996632605,0.0198282485673413
0.00813492063492064,0.0355569047145294,0.000594482380450364,2.40383985435639,0.0200783610825441
0.00823412698412698,0.0359627774080756,0.000608672370202202,2.40269029238178,0.0203285943172723
0.00833333333333333,0.0363680084190777,0.000623020185678231,2.4015412801397,0.0205789479654526
0.00843253968253968,0.0367725986593226,0.000637525510518735,2.40039281736776,0.0208294217214037
0.00853174603174603,0.0371765490395545,0.000652188028759373,2.39924490380368,0.0210800152798366
0.00863095238095238,0.0375798604694745,0.000667007424831174,2.39809753918529,0.0213307283358547
0.00873015873015873,0.0379825338577411,0.000681983383560542,2.39695072325055,0.0215815605849533
0.00882936507936508,0.0383845701119694,0.000697115590169251,2.39580445573753,0.0218325117230202
0.00892857142857143,0.0387859701387322,0.00071240373027445,2.39465873638442,0.0220835814463351
0.00902777777777778,0.0391867348435588,0.000727847489888659,2.39351356492951,0.0223347694515702
0.00912698412698413,0.039586865130936,0.000743446555419771,2.39236894111124,0.0225860754357896
0.00922619047619048,0.0399863619043076,0.000759200613671052,2.39122486466813,0.0228374990964499
0.00932539682539683,0.0403852260660744,0.00077510935184114,2.39008133533886,0.0230890401313998
0.00942460317460317,0.0407834585175943,0.000791172457524046,2.38893835286217,0.02334069823888
0.00952380952380952,0.0411810601591823,0.000807389618709154,2.38779591697697,0.0235924731175237
0.00962301587301587,0.0415780318901107,0.000823760523781218,2.38665402742227,0.0238443644663562
0.00972222222222222,0.0419743746086086,0.000840284861520369,2.38551268393718,0.0240963719847949
0.00982142857142857,0.0423700892118624,0.000856962321102106,2.38437188626094,0.0243484953726496
0.00992063492063492,0.0427651765960154,0.000873792592097305,2.38323163413291,0.0246007343301222
0.0100198412698413,0.0431596376561681,0.000890775364472211,2.38209192729257,0.0248530885578066
0.0101190476190476,0.0435534732863781,0.000907910328588443,2.38095276547951,0.0251055577566894
0.010218253968254,0.0439466843796602,0.000925197175202992,2.37981414843342,0.0253581416281489
0.0103174603174603,0.044339271827986,0.000942635595468223,2.37867607589414,0.0256108398739559
0.0104166666666667,0.0447312365222845,0.000960225280931872,2.37753854760161,0.0258636521962733
0.010515873015873,0.0451225793524416,0.000977965923537049,2.37640156329589,0.0261165782976563
0.0106150793650794,0.0455133012073004,0.000995857215622235,2.37526512271715,0.0263696178810521
0.0107142857142857,0.0459034029746609,0.00101389884992129,2.37412922560568,0.0266227706498003
0.0108134920634921,0.0462928855412805,0.00103209051956343,2.37299387170189,0.0268760363076326
0.0109126984126984,0.0466817497928734,0.00105043191807326,2.37185906074631,0.027129414558673
0.0110119047619048,0.0470699966141111,0.00106892273937075,2.37072479247958,0.0273829051074377
0.0111111111111111,0.0474576268886221,0.00108756267777125,2.36959106664247,0.0276365076588349
0.0112103174603175,0.047844641498992,0.00110635142798547,2.36845788297584,0.0278902219181653
0.0113095238095238,0.0482310413267635,0.00112528868511951,2.36732524122069,0.0281440475911215
0.0114087301587302,0.0486168272524364,0.00114437414467483,2.36619314111813,0.0283979843837886
0.0115079365079365,0.0490020001554675,0.00116360750254826,2.36506158240939,0.0286520320026438
0.0116071428571429,0.0493865609142708,0.001182988455032,2.36393056483581,0.0289061901545563
0.0117063492063492,0.0497705104062174,0.00120251669881365,2.36280008813886,0.0291604585467878
0.0118055555555556,0.0501538495076355,0.00122219193097615,2.36167015206011,0.0294148368869921
0.0119047619047619,0.0505365790938103,0.00124201384899783,2.36054075634126,0.0296693248832151
0.0120039682539683,0.0509187000389841,0.00126198215075238,2.35941190072412,0.0299239222438951
0.0121031746031746,0.0513002132163564,0.00128209653450888,2.35828358495062,0.0301786286778624
0.012202380952381,0.0516811194980836,0.00130235669893177,2.3571558087628,0.0304334438943397
0.0123015873015873,0.0520614197552795,0.00132276234308087,2.35602857190283,0.0306883676029417
0.0124007936507937,0.0524411148580147,0.00134331316641135,2.35490187411298,0.0309433995136755
0.0125,0.0528202056753171,0.0013640088687738,2.35377571513566,0.0311985393369403
0.0125992063492063,0.0531986930751714,0.00138484915041413,2.35265009471338,0.0314537867835274
0.0126984126984127,0.0535765779245198,0.00140583371197365,2.35152501258876,0.0317091415646206
0.012797619047619,0.0539538610892612,0.00142696225448905,2.35040046850456,0.0319646033917956
0.0128968253968254,0.0543305434342519,0.00144823447939237,2.34927646220364,0.0322201719770204
0.0129960317460317,0.0547066258233051,0.00146965008851103,2.34815299342897,0.0324758470326554
0.0130952380952381,0.0550821091191911,0.00149120878406784,2.34703006192367,0.032731628271453
0.0131944444444444,0.0554569941836375,0.00151291026868097,2.34590766743094,0.0329875154065577
0.0132936507936508,0.0558312818773288,0.00153475424536395,2.34478580969412,0.0332435081515065
0.0133928571428571,0.0562049730599065,0.00155674041752569,2.34366448845665,0.0334996062202284
0.0134920634920635,0.0565780685899694,0.00157886848897049,2.3425437034621,0.0337558093270447
0.0135912698412698,0.0569505693250734,0.00160113816389801,2.34142345445416,0.0340121171866688
0.0136904761904762,0.0573224761217313,0.00162354914690327,2.34030374117661,0.0342685295142064
0.0137896825396825,0.0576937898354131,0.00164610114297668,2.33918456337339,0.0345250460251553
0.0138888888888889,0.058064511320546,0.00166879385750403,2.33806592078852,0.0347816664354057
0.0139880952380952,0.0584346414305141,0.00169162699626644,2.33694781316615,0.0350383904612398
0.0140873015873016,0.0588041810176586,0.00171460026544046,2.33583024025056,0.0352952178193322
0.0141865079365079,0.059173130933278,0.00173771337159797,2.33471320178612,0.0355521482267494
0.0142857142857143,0.0595414920276278,0.00176096602170624,2.33359669751734,0.0358091814009505
0.0143849206349206,0.0599092651499204,0.00178435792312792,2.33248072718883,0.0360663170597864
0.014484126984127,0.0602764511483255,0.00180788878362101,2.33136529054533,0.0363235549215006
0.0145833333333333,0.0606430508699699,0.00183155831133889,2.33025038733169,0.0365808947047284
0.0146825396825397,0.0610090651609374,0.00185536621483034,2.32913601729288,0.0368383361284977
0.014781746031746,0.0613744948662689,0.00187931220303947,2.32802218017399,0.0370958789122283
0.0148809523809524,0.0617393408299624,0.00190339598530579,2.32690887572022,0.0373535227757324
0.0149801587301587,0.062103603894973,0.00192761727136417,2.32579610367688,0.0376112674392143
0.0150793650793651,0.062467284903213,0.00195197577134487,2.32468386378943,0.0378691126232705
0.0151785714285714,0.0628303846955516,0.00197647119577351,2.3235721558034,0.0381270580488897
0.0152777777777778,0.0631929041118151,0.00200110325557106,2.32246097946447,0.038385103437453
0.0153769841269841,0.0635548439907872,0.00202587166205392,2.32135033451842,0.0386432485107334
0.0154761904761905,0.0639162051702083,0.0020507761269338,2.32024022071117,0.0389014929908962
0.0155753968253968,0.0642769884867761,0.00207581636231782,2.31913063778873,0.0391598366004992
0.0156746031746032,0.0646371947761454,0.00210099208070847,2.31802158549724,0.0394182790624919
0.0157738095238095,0.0649968248729279,0.00212630299500361,2.31691306358296,0.0396768201002163
0.0158730158730159,0.0653558796106928,0.00215174881849645,2.31580507179225,0.0399354594374067
0.0159722222222222,0.0657143598219658,0.0021773292648756,2.31469760987161,0.0401941967981894
0.0160714285714286,0.0660722663382303,0.00220304404822504,2.31359067756764,0.040453031907083
0.0161706349206349,0.0664295999899263,0.00222889288302411,2.31248427462706,0.0407119644889982
0.0162698412698413,0.0667863616064513,0.00225487548414753,2.31137840079672,0.0409709942692381
0.0163690476190476,0.0671425520161595,0.00228099156686539,2.31027305582357,0.0412301209734978
0.016468253968254,0.0674981720463626,0.00230724084684316,2.30916823945469,0.0414893443278647
0.0165674603174603,0.067853222523329,0.00233362304014167,2.30806395143726,0.0417486640588184
0.0166666666666667,0.0682077042722845,0.00236013786321714,2.30696019151859,0.0420080798932308
0.016765873015873,0.0685616181174117,0.00238678503292113,2.3058569594461,0.0422675915583657
0.0168650793650794,0.0689149648818507,0.00241356426650062,2.30475425496735,0.0425271987818796
0.0169642857142857,0.0692677453876983,0.00244047528159792,2.30365207782998,0.0427869012918206
0.0170634920634921,0.0696199604560085,0.00246751779625074,2.30255042778177,0.0430466988166296
0.0171626984126984,0.0699716109067925,0.00249469152889214,2.30144930457062,0.0433065910851392
0.0172619047619048,0.0703226975590186,0.00252199619835058,2.30034870794452,0.0435665778265746
0.0173611111111111,0.070673221230612,0.00254943152384987,2.29924863765161,0.0438266587705529
0.0174603174603175,0.0710231827384551,0.00257699722500919,2.29814909344014,0.0440868336470837
0.0175595238095238,0.0713725828983875,0.00260469302184312,2.29705007505845,0.0443471021865684
0.0176587301587302,0.0717214225252058,0.00263251863476159,2.29595158225503,0.0446074641198011
0.0177579365079365,0.0720697024326636,0.0026604737845699,2.29485361477846,0.0448679191779677
0.0178571428571429,0.0724174234334717,0.00268855819246873,2.29375617237747,0.0451284670926465
0.0179563492063492,0.0727645863392981,0.00271677158005415,2.29265925480088,0.045389107595808
0.0180555555555556,0.0731111919607675,0.00274511366931757,2.29156286179762,0.0456498404198147
0.0181547619047619,0.0734572411074622,0.00277358418264578,2.29046699311677,0.0459106652974217
0.0182539682539683,0.0738027345879213,0.00280218284282097,2.2893716485075,0.046171581961776
0.0183531746031746,0.074147673209641,0.00283090937302068,2.28827682771911,0.0464325901464168
0.018452380952381,0.0744920577790746,0.00285976349681782,2.287182530501,0.0466936895852756
0.0185515873015873,0.0748358891016326,0.00288874493818068,2.28608875660271,0.0469548800126761
0.0186507936507937,0.0751791679816824,0.00291785342147291,2.28499550577389,0.0472161611633342
0.01875,0.0755218952225488,0.00294708867145356,2.28390277776428,0.047477532772358
0.0188492063492063,0.0758640716265133,0.00297645041327704,2.28281057232379,0.0477389945752479
0.0189484126984127,0.0762056979948148,0.00300593837249311,2.28171888920239,0.0480005463078962
0.019047619047619,0.0765467751276493,0.00303555227504693,2.28062772815021,0.0482621877065878
0.0191468253968254,0.0768873038241696,0.00306529184727903,2.27953708891747,0.0485239185079995
0.0192460317460317,0.0772272848824857,0.00309515681592529,2.27844697125453,0.0487857384492004
0.0193452380952381,0.077566719099665,0.00312514690811699,2.27735737491184,0.049047647267652
0.0194444444444444,0.0779056072717316,0.00315526185138078,2.27626829963999,0.0493096447012076
0.0195436507936508,0.0782439501936669,0.00318550137363866,2.27517974518967,0.049571730488113
0.0196428571428571,0.0785817486594094,0.00321586520320802,2.27409171131171,0.0498339043670063
0.0197420634920635,0.0789190034618545,0.00324635306880163,2.27300419775703,0.0500961660769174
0.0198412698412698,0.0792557153928549,0.0032769646995276,2.27191720427668,0.0503585153572688
0.0199404761904762,0.0795918852432203,0.00330769982488946,2.27083073062183,0.050620951947875
0.0200396825396825,0.0799275138027175,0.00333855817478606,2.26974477654375,0.0508834755889427
0.0201388888888889,0.0802626018600704,0.00336953947951168,2.26865934179386,0.051146086021071
0.0202380952380952,0.08059715020296,0.00340064346975592,2.26757442612366,0.051408782985251
0.0203373015873016,0.0809311596180244,0.00343186987660378,2.26649002928479,0.051671566222866
0.0204365079365079,0.0812646308908588,0.00346321843153563,2.26540615102901,0.0519344354756916
0.0205357142857143,0.0815975648060154,0.00349468886642721,2.26432279110817,0.0521973904858956
0.0206349206349206,0.0819299621470035,0.00352628091354963,2.26323994927426,0.052460430996038
0.020734126984127,0.0822618236962898,0.00355799430556937,2.26215762527938,0.052723556749071
0.0208333333333333,0.0825931502352977,0.0035898287755483,2.26107581887575,0.0529867674883389
0.0209325396825397,0.0829239425444078,0.00362178405694365,2.25999452981571,0.0532500629575784
0.021031746031746,0.0832542014029578,0.00365385988360801,2.2589137578517,0.0535134429009182
0.0211309523809524,0.0835839275892426,0.00368605598978937,2.25783350273631,0.0537769070628794
0.0212301587301587,0.0839131218805142,0.00371837211013107,2.2567537642222,0.0540404551883751
0.0213293650793651,0.0842417850529814,0.00375080797967183,2.25567454206219,0.0543040870227109
0.0214285714285714,0.0845699178818105,0.00378336333384574,2.25459583600919,0.0545678023115841
0.0215277777777778,0.0848975211411245,0.00381603790848228,2.25351764581624,0.0548316008010849
0.0216269841269841,0.0852245956040038,0.00384883143980627,2.2524399712365,0.055095482237695
0.0217261904761905,0.0855511420424858,0.00388174366443794,2.25136281202323,0.0553594463682888
0.0218253968253968,0.085877161227565,0.00391477431939286,2.25028616792982,0.0556234929401328
0.0219246031746032,0.0862026539291928,0.00394792314208198,2.24921003870978,0.0558876217008854
0.0220238095238095,0.0865276209162779,0.00398118987031165,2.24813442411673,0.0561518323985977
0.0221230158730159,0.0868520629566861,0.00401457424228355,2.2470593239044,0.0564161247817125
0.0222222222222222,0.0871759808172403,0.00404807599659478,2.24598473782664,0.0566804985990653
0.0223214285714286,0.0874993752637203,0.00408169487223776,2.24491066563745,0.0569449535998834
0.0224206349206349,0.0878222470608631,0.00411543060860032,2.24383710709089,0.0572094895337866
0.0225198412698413,0.088144596972363,0.00414928294546565,2.24276406194118,0.0574741061507866
0.0226190476190476,0.088466425760871,0.00418325162301231,2.24169152994263,0.0577388032012875
0.022718253968254,0.0887877341879955,0.00421733638181425,2.2406195108497,0.0580035804360857
0.0228174603174603,0.089108523014302,0.00425153696284077,2.23954800441693,0.0582684376063696
0.0229166666666667,0.0894287929993127,0.00428585310745655,2.238477010399,0.0585333744637198
0.023015873015873,0.0897485449015074,0.00432028455742165,2.23740652855069,0.0587983907601093
0.0231150793650794,0.0900677794783227,0.0043548310548915,2.23633655862693,0.0590634862479032
0.0232142857142857,0.0903864974861523,0.00438949234241688,2.23526710038272,0.0593286606798587
0.0233134920634921,0.0907046996803472,0.00442426816294399,2.23419815357321,0.0595939138091254
0.0234126984126984,0.0910223868152151,0.00445915825981435,2.23312971795367,0.0598592453892449
0.0235119047619048,0.0913395596440213,0.0044941623767649,2.23206179327945,0.0601246551741512
0.0236111111111111,0.0916562189189878,0.00452928025792792,2.23099437930607,0.0603901429181705
0.0237103174603175,0.0919723653912938,0.00456451164783107,2.22992747578911,0.0606557083760209
0.0238095238095238,0.0922879998110757,0.00459985629139739,2.22886108248432,0.0609213513028131
0.0239087301587302,0.0926031229274268,0.00463531393394527,2.22779519914753,0.0611870714540498
0.0240079365079365,0.0929177354883976,0.00467088432118851,2.2267298255347,0.0614528685856258
0.0241071428571429,0.0932318382409959,0.00470656719923627,2.22566496140192,0.0617187424538285
0.0242063492063492,0.0935454319311861,0.00474236231459305,2.22460060650536,0.0619846928153369
0.0243055555555556,0.0938585173038901,0.00477826941415877,2.22353676060135,0.0622507194272228
0.0244047619047619,0.0941710951029867,0.00481428824522869,2.22247342344631,0.0625168220469499
0.0245039682539683,0.0944831660713119,0.00485041855549346,2.22141059479678,0.0627830004323741
0.0246031746031746,0.0947947309506588,0.00488666009303909,2.22034827440942,0.0630492543417436
0.024702380952381,0.0951057904817776,0.00492301260634697,2.21928646204102,0.0633155835336988
0.0248015873015873,0.0954163454043752,0.00495947584429385,2.21822515744847,0.0635819877672721
0.0249007936507937,0.0957263964571163,0.00499604955615189,2.21716436038878,0.0638484668018885
0.025,0.0960359443776222,0.00503273349158857,2.21610407061907,0.0641150203973649
0.0250992063492064,0.0963449899024713,0.00506952740066678,2.2150442878966,0.0643816483139105
0.0251984126984127,0.0966535337671993,0.00510643103384477,2.21398501197873,0.0646483503121265
0.025297619047619,0.096961576706299,0.00514344414197617,2.21292624262293,0.0649151261530067
0.0253968253968254,0.0972691194532199,0.00518056647630997,2.21186797958681,0.0651819755979369
0.0254960317460317,0.0975761627403692,0.00521779778849055,2.21081022262807,0.0654488984086951
0.0255952380952381,0.0978827072991107,0.00525513783055762,2.20975297150455,0.0657158943474512
0.0256944444444444,0.0981887538597654,0.00529258635494633,2.20869622597419,0.0659829631767681
0.0257936507936508,0.0984943031516115,0.00533014311448715,2.20763998579506,0.0662501046596
0.0258928571428571,0.0987993559028844,0.00536780786240595,2.20658425072534,0.0665173185592939
0.0259920634920635,0.0991039128407763,0.00540558035232394,2.20552902052332,0.0667846046395889
0.0260912698412698,0.0994079746914367,0.00544346033825775,2.20447429494743,0.067051962664616
0.0261904761904762,0.0997115421799719,0.00548144757461934,2.20342007375619,0.0673193923988988
0.0262896825396825,0.100014616030446,0.00551954181621606,2.20236635670825,0.0675868936073529
0.0263888888888889,0.100317196965879,0.00555774281825066,2.20131314356238,0.0678544660552862
0.0264880952380952,0.100619285708249,0.00559605033632119,2.20026043407746,0.0681221095083987
0.0265873015873016,0.100920882978492,0.00563446412642116,2.1992082280125,0.0683898237327826
0.0266865079365079,0.101221989496498,0.00567298394493938,2.19815652512659,0.0686576084949224
0.0267857142857143,0.101522605981117,0.00571160954866007,2.19710532517899,0.0689254635616947
0.0268849206349206,0.101822733150156,0.00575034069476283,2.19605462792904,0.0691933887003685
0.026984126984127,0.102122371720377,0.0057891771408226,2.1950044331362,0.0694613836786046
0.0270833333333333,0.102421522407501,0.00582811864480971,2.19395474056007,0.0697294482644565
0.0271825396825397,0.102720185926205,0.00586716496508987,2.19290554996034,0.0699975822263697
0.027281746031746,0.103018362990125,0.00590631586042417,2.19185686109682,0.0702657853331818
0.0273809523809524,0.10331605431185,0.00594557108996903,2.19080867372947,0.0705340573541227
0.0274801587301587,0.103613260602931,0.00598493041327629,2.18976098761832,0.0708023980588145
0.0275793650793651,0.103909982573873,0.00602439359029313,2.18871380252354,0.0710708072172714
0.0276785714285714,0.104206220934138,0.00606396038136212,2.18766711820543,0.0713392845998999
0.0277777777777778,0.104501976392148,0.00610363054722122,2.18662093442438,0.0716078299774989
0.0278769841269841,0.104797249655278,0.00614340384900371,2.18557525094092,0.0718764431212592
0.0279761904761905,0.105092041429864,0.00618328004823829,2.18453006751567,0.0721451238027639
0.0280753968253968,0.105386352421196,0.00622325890684902,2.1834853839094,0.0724138717939883
0.0281746031746032,0.105680183333523,0.00626334018715531,2.18244119988297,0.0726826868672998
0.0282738095238095,0.105973534883969,0.00630352364640363,2.18139751519689,0.072951568790004
0.0283730158730159,0.106266408444933,0.00634380878438855,2.18035432958879,0.073220517072628
0.0284722222222222,0.106558805059276,0.00638419523039963,2.17931164280785,0.07348953135493
0.0285714285714286,0.106850725388893,0.00642468276339453,2.17826945461659,0.0737586114259658
0.0286706349206349,0.107142170095026,0.00646527116257463,2.17722776477764,0.0740277570750317
0.0287698412698413,0.107433139838259,0.00650596020738497,2.17618657305373,0.0742969680916648
0.0288690476190476,0.10772363527852,0.00654674967751429,2.17514587920771,0.074566244265643
0.028968253968254,0.10801365707508,0.00658763935289503,2.17410568300252,0.0748355853869844
0.0290674603174603,0.108303205886554,0.00662862901370333,2.17306598420119,0.0751049912459483
0.0291666666666667,0.108592282370901,0.006669718440359,2.17202678256687,0.0753744616330341
0.029265873015873,0.108880887185423,0.00671090741352556,2.17098807786281,0.0756439963389824
0.0293650793650794,0.109169020986766,0.00675219571411021,2.16994986985235,0.0759135951547741
0.0294642857142857,0.10945668443092,0.00679358312326387,2.16891215829894,0.0761832578716307
0.0295634920634921,0.109743878173216,0.00683506942238111,2.16787494296614,0.0764529842810147
0.0296626984126984,0.110030602868334,0.00687665439310023,2.16683822361759,0.076722774174629
0.0297619047619048,0.110316859170291,0.0069183378173032,2.16580200001706,0.0769926273444171
0.0298611111111111,0.110602647732454,0.00696011947711569,2.16476627192841,0.0772625435825633
0.0299603174603175,0.110887969207528,0.00700199915490706,2.16373103911559,0.0775325226814926
0.0300595238095238,0.111172824247566,0.00704397663329038,2.16269630134266,0.0778025644338705
0.0301587301587302,0.111457213503961,0.00708605169512238,2.16166205837379,0.0780726686326031
0.0302579365079365,0.111741137627453,0.00712822412350352,2.16062830997325,0.0783428350708375
0.0303571428571429,0.112024597268124,0.00717049370177791,2.1595950559054,0.0786130635419611
0.0304563492063492,0.112307593075398,0.0072128602135334,2.15856229593472,0.078883353839602
0.0305555555555556,0.112590125698046,0.00725532344260149,2.15753002982577,0.0791537057576292
0.0306547619047619,0.11287219578418,0.00729788317305739,2.15649825734324,0.079424119090152
0.0307539682539683,0.113153803981256,0.00734053918922001,2.1554669782519,0.0796945936315207
0.0308531746031746,0.113434950936076,0.00738329127565195,2.15443619231663,0.079965129176326
0.030952380952381,0.113715637294781,0.0074261392171595,2.1534058993024,0.0802357255193993
0.0310515873015873,0.113995863702861,0.00746908279879262,2.15237609897431,0.0805063824558128
0.0311507936507937,0.114275630805145,0.007512121805845,2.15134679109753,0.0807770997808792
0.03125,0.114554939245808,0.00755525602385401,2.15031797543736,0.0810478772901519
0.0313492063492063,0.114833789668368,0.0075984852386007,2.14928965175919,0.081318714779425
0.0314484126984127,0.115112182715687,0.00764180923610982,2.1482618198285,0.0815896120447331
0.031547619047619,0.115390119029971,0.00768522780264982,2.14723447941088,0.0818605688823517
0.0316468253968254,0.115667599252769,0.00772874072473284,2.14620763027204,0.0821315850887966
0.0317460317460317,0.115944624024972,0.00777234778911469,2.14518127217778,0.0824026604608248
0.0318452380952381,0.116221193986817,0.00781604878279491,2.14415540489398,0.0826737947954333
0.0319444444444444,0.116497309777885,0.0078598434930167,2.14313002818666,0.0829449878898602
0.0320436507936508,0.116772972037098,0.00790373170726698,2.14210514182191,0.0832162395415842
0.0321428571428571,0.117048181402724,0.00794771321327634,2.14108074556595,0.0834875495483246
0.0322420634920635,0.117322938512373,0.00799178779901908,2.14005683918508,0.0837589177080411
0.0323412698412698,0.117597244002999,0.00803595525271317,2.13903342244571,0.0840303438189345
0.0324404761904762,0.117871098510901,0.00808021536282029,2.13801049511435,0.084301827679446
0.0325396825396825,0.11814450267172,0.00812456791804582,2.13698805695762,0.0845733690882575
0.0326388888888889,0.118417457120441,0.00816901270733882,2.13596610774223,0.0848449678442915
0.0327380952380952,0.118689962491393,0.00821354951989203,2.134944647235,0.0851166237467112
0.0328373015873016,0.118962019418248,0.00825817814514191,2.13392367520285,0.0853883365949205
0.0329365079365079,0.119233628534022,0.0083028983727686,2.13290319141281,0.0856601061885639
0.0330357142857143,0.119504790471074,0.00834770999269593,2.131883195632,0.0859319323275265
0.0331349206349206,0.119775505861109,0.00839261279509142,2.13086368762765,0.0862038148119342
0.033234126984127,0.120045775335173,0.00843760657036628,2.12984466716707,0.0864757534421535
0.0333333333333333,0.120315599523655,0.00848269110917544,2.12882613401772,0.0867477480187914
0.0334325396825397,0.120584979056291,0.00852786620241749,2.12780808794711,0.0870197983426957
0.033531746031746,0.120853914562158,0.00857313164123472,2.12679052872288,0.0872919042149549
0.0336309523809524,0.121122406669676,0.00861848721701313,2.12577345611278,0.087564065436898
0.0337301587301587,0.121390456006612,0.00866393272138239,2.12475686988463,0.0878362818100948
0.0338293650793651,0.121658063200073,0.00870946794621588,2.12374076980638,0.0881085531363556
0.0339285714285714,0.121925228876512,0.00875509268363065,2.12272515564608,0.0883808792177316
0.0340277777777778,0.122191953661724,0.00880080672598748,2.12171002717186,0.0886532598565143
0.0341269841269841,0.122458238180849,0.0088466098658908,2.12069538415198,0.0889256948552362
0.0342261904761905,0.122724083058369,0.00889250189618876,2.11968122635479,0.0891981840166702
0.0343253968253968,0.122989488918111,0.0089384826099732,2.11866755354874,0.0894707271438301
0.0344246031746032,0.123254456383246,0.00898455180057964,2.11765436550237,0.08974332403997
0.0345238095238095,0.123518986076287,0.00903070926158731,2.11664166198435,0.090015974508585
0.0346230158730159,0.123783078619091,0.00907695478681911,2.11562944276344,0.0902886783534106
0.0347222222222222,0.12404673463286,0.00912328817034166,2.11461770760849,0.0905614353784233
0.0348214285714286,0.124309954738138,0.00916970920646524,2.11360645628846,0.0908342453878397
0.0349206349206349,0.124572739554814,0.00921621768974386,2.11259568857243,0.0911071081861177
0.0350198412698413,0.124835089702118,0.00926281341497518,2.11158540422955,0.0913800235779552
0.0351190476190476,0.125097005798628,0.00930949617720061,2.1105756030291,0.0916529913682914
0.035218253968254,0.125358488462261,0.00935626577170518,2.10956628474044,0.0919260113623056
0.0353174603174603,0.125619538310281,0.00940312199401767,2.10855744913305,0.0921990833654181
0.0354166666666667,0.125880155959294,0.00945006463991053,2.1075490959765,0.0924722071832896
0.035515873015873,0.126140342025249,0.00949709350539991,2.10654122504046,0.0927453826218218
0.0356150793650794,0.126400097123441,0.00954420838674565,2.10553383609473,0.0930186094871568
0.0357142857142857,0.126659421868506,0.00959140908045127,2.10452692890916,0.0932918875856772
0.0358134920634921,0.126918316874425,0.009638695383264,2.10352050325376,0.0935652167240067
0.0359126984126984,0.127176782754523,0.00968606709217476,2.10251455889861,0.0938385967090093
0.0360119047619048,0.127434820121468,0.00973352400441815,2.10150909561388,0.0941120273477897
0.0361111111111111,0.127692429587271,0.00978106591747247,2.10050411316988,0.0943855084476935
0.0362103174603175,0.127949611763287,0.00982869262905973,2.09949961133698,0.0946590398163066
0.0363095238095238,0.128206367260216,0.0098764039371456,2.09849558988569,0.0949326212614557
0.0364087301587302,0.128462696688099,0.00992419963993946,2.0974920485866,0.0952062525912083
0.0365079365079365,0.128718600656323,0.00997207953589439,2.0964889872104,0.0954799336138723
0.0366071428571429,0.128974079773617,0.0100200434237072,2.09548640552791,0.0957536641379965
0.0367063492063492,0.129229134648056,0.0100680911023182,2.09448430331,0.0960274439723702
0.0368055555555556,0.129483765887054,0.0101162223709117,2.0934826803277,0.0963012729260233
0.0369047619047619,0.129737974097375,0.0101644370289154,2.09248153635211,0.0965751508082265
0.0370039682539683,0.12999175988512,0.010212734876001,2.09148087115443,0.0968490774284912
0.0371031746031746,0.130245123855738,0.0102611157120836,2.09048068450597,0.0971230525965691
0.037202380952381,0.130498066614021,0.0103095793373222,2.08948097617814,0.097397076122453
0.0373015873015873,0.130750588764104,0.0103581255521193,2.08848174594247,0.0976711478163761
0.0374007936507936,0.131002690909464,0.0104067541571213,2.08748299357056,0.0979452674888123
0.0375,0.131254373652924,0.0104554649532182,2.08648471883414,0.0982194349504762
0.0375992063492063,0.131505637596651,0.0105042577415436,2.08548692150501,0.0984936500123229
0.0376984126984127,0.131756483342153,0.010553132323475,2.08448960135511,0.0987679124855484
0.037797619047619,0.132006911490283,0.0106020885006333,2.08349275815646,0.0990422221815891
0.0378968253968254,0.132256922641239,0.0106511260748835,2.08249639168119,0.0993165789121223
0.0379960317460317,0.13250651739456,0.0107002448483339,2.08150050170152,0.0995909824890657
0.0380952380952381,0.13275569634913,0.0107494446233367,2.08050508798979,0.0998654327245779
0.0381944444444444,0.133004460103177,0.0107987252024878,2.07951015031842,0.100139929431058
0.0382936507936508,0.133252809254272,0.0108480863886266,2.07851568845995,0.100414472421146
0.0383928571428571,0.13350074439933,0.0108975279848364,2.07752170218702,0.100689061507721
0.0384920634920635,0.133748266134608,0.0109470497944442,2.07652819127237,0.100963696503906
0.0385912698412698,0.13399537505571,0.0109966516210205,2.07553515548884,0.101238377223062
0.0386904761904762,0.13424207175758,0.0110463332683796,2.07454259460936,0.101513103478791
0.0387896825396825,0.134488356834507,0.0110960945405796,2.07355050840699,0.101787875084937
0.0388888888888889,0.134734230880126,0.0111459352419222,2.07255889665488,0.102062691855582
0.0389880952380952,0.134979694487411,0.0111958551769526,2.07156775912626,0.102337553605053
0.0390873015873016,0.135224748248683,0.0112458541504601,2.0705770955945,0.102612460147912
0.0391865079365079,0.135469392755605,0.0112959319674774,2.06958690583305,0.102887411298967
0.0392857142857143,0.135713628599185,0.0113460884332809,2.06859718961546,0.103162406873263
0.0393849206349206,0.135957456369774,0.0113963233533908,2.06760794671538,0.103437446686087
0.039484126984127,0.136200876657066,0.0114466365335709,2.06661917690659,0.103712530552968
0.0395833333333333,0.1364438900501,0.0114970277798288,2.06563087996293,0.103987658289673
0.0396825396825397,0.136686497137256,0.0115474968984158,2.06464305565838,0.104262829712211
0.039781746031746,0.13692869850626,0.0115980436958266,2.063655703767,0.104538044636832
0.0398809523809524,0.137170494744182,0.0116486679788001,2.06266882406295,0.104813302880026
0.0399801587301587,0.137411886437433,0.0116993695543184,2.06168241632051,0.105088604258524
0.0400793650793651,0.137652874171771,0.0117501482296076,2.06069648031406,0.105363948589297
0.0401785714285714,0.137893458532294,0.0118010038121374,2.05971101581805,0.105639335689558
0.0402777777777778,0.138133640103446,0.0118519361096211,2.05872602260707,0.10591476537676
0.0403769841269841,0.138373419469014,0.0119029449300158,2.0577415004558,0.106190237468596
0.0404761904761905,0.138612797212129,0.0119540300815224,2.05675744913902,0.106465751783
0.0405753968253968,0.138851773915264,0.0120051913725853,2.05577386843161,0.106741308138147
0.0406746031746032,0.139090350160239,0.0120564286118925,2.05479075810856,0.107016906352452
0.0407738095238095,0.139328526528213,0.0121077416083761,2.05380811794494,0.107292546244572
0.0408730158730159,0.139566303599693,0.0121591301712115,2.05282594771595,0.107568227633404
0.0409722222222222,0.139803681954527,0.012210594109818,2.05184424719689,0.107843950338084
0.0410714285714286,0.140040662171907,0.0122621332338585,2.05086301616314,0.108119714177991
0.0411706349206349,0.140277244830369,0.0123137473532396,2.04988225439019,0.108395518972744
0.0412698412698413,0.140513430507793,0.0123654362781117,2.04890196165365,0.108671364542201
0.0413690476190476,0.140749219781402,0.0124171998188686,2.04792213772921,0.108947250706464
0.041468253968254,0.140984613227762,0.0124690377861482,2.04694278239268,0.109223177285873
0.0415674603174603,0.141219611422785,0.0125209499908319,2.04596389541996,0.109499144101008
0.0416666666666667,0.141454214941723,0.0125729362440447,2.04498547658704,0.109775150972693
0.041765873015873,0.141688424359175,0.0126249963571553,2.04400752567005,0.110051197721989
0.0418650793650794,0.141922240249081,0.0126771301417763,2.04303004244519,0.110327284170201
0.0419642857142857,0.142155663184728,0.0127293374097639,2.04205302668877,0.110603410138871
0.0420634920634921,0.142388693738742,0.0127816179732178,2.0410764781772,0.110879575449785
0.0421626984126984,0.142621332483096,0.0128339716444816,2.040100396687,0.111155779924968
0.0422619047619048,0.142853579989106,0.0128863982361426,2.0391247819948,0.111432023386685
0.0423611111111111,0.143085436827431,0.0129388975610317,2.03814963387729,0.111708305657444
0.0424603174603175,0.143316903568073,0.0129914694322235,2.03717495211132,0.111984626559991
0.0425595238095238,0.14354798078038,0.0130441136630364,2.0362007364738,0.112260985917315
0.0426587301587302,0.143778669033042,0.0130968300670323,2.03522698674176,0.112537383552644
0.0427579365079365,0.144008968894092,0.013149618458017,2.03425370269232,0.112813819289447
0.0428571428571429,0.144238880930908,0.0132024786500398,2.03328088410272,0.113090292951434
0.0429563492063492,0.14446840571021,0.0132554104573938,2.0323085307503,0.113366804362556
0.0430555555555556,0.144697543798063,0.0133084136946158,2.03133664241247,0.113643353347003
0.0431547619047619,0.144926295759875,0.0133614881764864,2.03036521886679,0.113919939729207
0.0432539682539683,0.145154662160399,0.0134146337180295,2.02939425989088,0.114196563333842
0.0433531746031746,0.145382643563729,0.0134678501345132,2.02842376526249,0.114473223985819
0.043452380952381,0.145610240533304,0.013521137241449,2.02745373475946,0.114749921510293
0.0435515873015873,0.145837453631908,0.013574494854592,2.02648416815974,0.115026655732658
0.0436507936507936,0.146064283421667,0.0136279227899413,2.02551506524137,0.11530342647855
0.04375,0.146290730464049,0.0136814208637394,2.0245464257825,0.115580233573843
0.0438492063492063,0.14651679531987,0.0137349888924727,2.02357824956138,0.115857076844654
0.0439484126984127,0.146742478549285,0.0137886266928712,2.02261053635637,0.116133956117341
0.044047619047619,0.146967780711796,0.0138423340819087,2.02164328594592,0.116410871218501
0.0441468253968254,0.147192702366247,0.0138961108768024,2.02067649810859,0.116687821974972
0.0442460317460317,0.147417244070826,0.0139499568950135,2.01971017262303,0.116964808213834
0.0443452380952381,0.147641406383064,0.0140038719542468,2.01874430926801,0.117241829762405
0.0444444444444444,0.147865189859837,0.0140578558724507,2.01777890782239,0.117518886448247
0.0445436507936508,0.148088595057363,0.0141119084678174,2.01681396806514,0.11779597809916
0.0446428571428571,0.148311622531205,0.0141660295587829,2.01584948977532,0.118073104543186
0.0447420634920635,0.148534272836269,0.0142202189640265,2.0148854727321,0.118350265608606
0.0448412698412698,0.148756546526804,0.0142744765024716,2.01392191671476,0.118627461123945
0.0449404761904762,0.148978444156404,0.0143288019932852,2.01295882150266,0.118904690917965
0.0450396825396825,0.149199966278005,0.0143831952558778,2.0119961868753,0.11918195481967
0.0451388888888889,0.149421113443889,0.0144376561099037,2.01103401261223,0.119459252658307
0.0452380952380952,0.149641886205678,0.0144921843752611,2.01007229849314,0.119736584263359
0.0453373015873016,0.149862285114341,0.0145467798720915,2.00911104429782,0.120013949464553
0.0454365079365079,0.150082310720189,0.0146014424207805,2.00815024980615,0.120291348091857
0.0455357142857143,0.150301963572877,0.014656171841957,2.00718991479811,0.120568779975477
0.0456349206349206,0.150521244221404,0.0147109679564939,2.00623003905379,0.120846244945862
0.045734126984127,0.150740153214111,0.0147658305855077,2.00527062235339,0.1211237428337
0.0458333333333333,0.150958691098684,0.0148207595503585,2.00431166447719,0.121401273469921
0.0459325396825397,0.151176858422154,0.0148757546726502,2.00335316520559,0.121678836685695
0.046031746031746,0.151394655730892,0.0149308157742303,2.00239512431909,0.121956432312433
0.0461309523809524,0.151612083570615,0.0149859426771901,2.00143754159828,0.122234060181785
0.0462301587301587,0.151829142486384,0.0150411352038646,2.00048041682387,0.122511720125645
0.0463293650793651,0.152045833022603,0.0150963931768323,1.99952374977666,0.122789411976145
0.0464285714285714,0.152262155723018,0.0151517164189156,1.99856754023754,0.123067135565658
0.0465277777777778,0.152478111130721,0.0152071047531806,1.99761178798754,0.123344890726798
0.0466269841269841,0.152693699788147,0.0152625580029368,1.99665649280776,0.12362267729242
0.0467261904761905,0.152908922237073,0.0153180759917379,1.99570165447941,0.12390049509562
0.0468253968253968,0.153123779018622,0.0153736585433807,1.9947472727838,0.124178343969732
0.0469246031746032,0.15333827067326,0.0154293054819062,1.99379334750235,0.124456223748334
0.0470238095238095,0.153552397740795,0.0154850166315987,1.99283987841657,0.124734134265243
0.0471230158730159,0.15376616076038,0.0155407918169866,1.99188686530809,0.125012075354518
0.0472222222222222,0.153979560270511,0.0155966308628416,1.99093430795863,0.125290046850455
0.0473214285714286,0.154192596809029,0.0156525335941793,1.98998220615,0.125568048587596
0.0474206349206349,0.154405270913117,0.0157084998362589,1.98903055966414,0.125846080400719
0.0475198412698413,0.154617583119302,0.0157645294145835,1.98807936828308,0.126124142124846
0.0476190476190476,0.154829533963456,0.0158206221548996,1.98712863178893,0.126402233595237
0.047718253968254,0.155041123980791,0.0158767778831975,1.98617834996395,0.126680354647394
0.0478174603174603,0.155252353705867,0.0159329964257114,1.98522852259045,0.12695850511706
0.0479166666666667,0.155463223672586,0.0159892776089189,1.98427914945087,0.127236684840218
0.048015873015873,0.155673734414191,0.0160456212595413,1.98333023032776,0.127514893653091
0.0481150793650794,0.155883886463273,0.0161020272045439,1.98238176500375,0.127793131392145
0.0482142857142857,0.156093680351764,0.0161584952711354,1.98143375326159,0.128071397894084
0.0483134920634921,0.156303116610939,0.0162150252867683,1.98048619488411,0.128349692995854
0.0484126984126984,0.156512195771419,0.0162716170791388,1.97953908965427,0.128628016534642
0.0485119047619048,0.156720918363167,0.0163282704761867,1.97859243735512,0.128906368347874
0.0486111111111111,0.15692928491549,0.0163849853060956,1.9776462377698,0.129184748273219
0.0487103174603175,0.157137295957039,0.0164417613972927,1.97670049068156,0.129463156148584
0.0488095238095238,0.157344952015806,0.0164985985784491,1.97575519587377,0.129741591812119
0.0489087301587302,0.157552253619132,0.0165554966784793,1.97481035312988,0.130020055102213
0.0490079365079365,0.157759201293696,0.0166124555265417,1.97386596223344,0.130298545857497
0.0491071428571429,0.157965795565524,0.0166694749520383,1.97292202296812,0.130577063916842
0.0492063492063492,0.158172036959984,0.0167265547846149,1.97197853511769,0.130855609119359
0.0493055555555556,0.158377926001789,0.0167836948541607,1.971035498466,0.131134181304401
0.0494047619047619,0.158583463214994,0.0168408949908091,1.97009291279702,0.13141278031156
0.0495039682539683,0.158788649123,0.0168981550249366,1.96915077789483,0.131691405980671
0.0496031746031746,0.158993484248548,0.0169554747871639,1.96820909354359,0.131970058151807
0.0497023809523809,0.159197969113726,0.017012854108355,1.96726785952757,0.132248736665284
0.0498015873015873,0.159402104239965,0.017070292819618,1.96632707563116,0.132527441361657
0.0499007936507936,0.159605890148037,0.0171277907523043,1.96538674163883,0.132806172081721
0.05,0.159809327358061,0.0171853477380092,1.96444685733516,0.133084928666515
0.0500992063492063,0.160012416389498,0.0172429636085716,1.96350742250483,0.133363710957316
0.0501984126984127,0.160215157761152,0.0173006381960743,1.96256843693263,0.133642518795641
0.050297619047619,0.160417551991172,0.0173583713328435,1.96162990040343,0.13392135202325
0.0503968253968254,0.160619599597049,0.0174161628514492,1.96069181270224,0.134200210482142
0.0504960317460317,0.160821301095621,0.0174740125847053,1.95975417361413,0.134479094014557
0.0505952380952381,0.161022657003064,0.017531920365669,1.95881698292431,0.134758002462977
0.0506944444444444,0.161223667834904,0.0175898860276415,1.95788024041806,0.135036935670121
0.0507936507936508,0.161424334106005,0.0176479094041677,1.95694394588078,0.135315893478954
0.0508928571428571,0.161624656330578,0.0177059903290359,1.95600809909797,0.135594875732677
0.0509920634920635,0.161824635022177,0.0177641286362785,1.95507269985522,0.135873882274733
0.0510912698412698,0.162024270693699,0.0178223241601712,1.95413774793826,0.136152912948807
0.0511904761904762,0.162223563857385,0.0178805767352336,1.95320324313286,0.136431967598824
0.0512896825396825,0.162422515024819,0.017938886196229,1.95226918522495,0.136711046068949
0.0513888888888889,0.16262112470693,0.0179972523781643,1.95133557400054,0.136990148203587
0.0514880952380952,0.162819393413989,0.0180556751162902,1.95040240924572,0.137269273847386
0.0515873015873016,0.163017321655612,0.0181141542461011,1.94946969074672,0.137548422845233
0.0516865079365079,0.163214909940757,0.0181726896033349,1.94853741828985,0.137827595042256
0.0517857142857143,0.163412158777728,0.0182312810239734,1.94760559166153,0.138106790283824
0.0518849206349206,0.16360906867417,0.0182899283442421,1.94667421064827,0.138386008415545
0.051984126984127,0.163805640137073,0.0183486314006099,1.9457432750367,0.13866524928327
0.0520833333333333,0.164001873672771,0.0184073900297897,1.94481278461354,0.138944512733089
0.0521825396825397,0.16419776978694,0.0184662040687381,1.94388273916562,0.139223798611334
0.052281746031746,0.164393328984602,0.0185250733546551,1.94295313847986,0.139503106764577
0.0523809523809524,0.16458855177012,0.0185839977249848,1.94202398234329,0.139782437039629
0.0524801587301587,0.164783438647203,0.0186429770174146,1.94109527054304,0.140061789283545
0.0525793650793651,0.164977990118902,0.0187020110698758,1.94016700286636,0.140341163343617
0.0526785714285714,0.165172206687612,0.0187610997205434,1.93923917910056,0.140620559067382
0.0527777777777778,0.165366088855071,0.018820242807836,1.9383117990331,0.140899976302613
0.0528769841269841,0.165559637122363,0.0188794401704159,1.9373848624515,0.141179414897326
0.0529761904761905,0.165752851989913,0.0189386916471893,1.93645836914342,0.141458874699779
0.0530753968253968,0.165945733957491,0.0189979970773058,1.93553231889659,0.141738355558468
0.0531746031746032,0.166138283524209,0.0190573563001589,1.93460671149887,0.142017857322131
0.0532738095238095,0.166330501188526,0.0191167691553856,1.9336815467382,0.142297379839746
0.0533730158730159,0.16652238744824,0.0191762354828668,1.93275682440263,0.142576922960533
0.0534722222222222,0.166713942800496,0.0192357551227269,1.93183254428031,0.142856486533951
0.0535714285714286,0.166905167741782,0.0192953279153343,1.93090870615949,0.143136070409701
0.0536706349206349,0.167096062767929,0.0193549537013006,1.92998530982854,0.143415674437723
0.0537698412698413,0.167286628374112,0.0194146323214816,1.92906235507592,0.1436952984682
0.0538690476190476,0.167476865054849,0.0194743636169765,1.92813984169017,0.143974942351553
0.053968253968254,0.167666773304002,0.0195341474291282,1.92721776945997,0.144254605938446
0.0540674603174603,0.167856353614778,0.0195939835995234,1.92629613817408,0.144534289079782
0.0541666666666667,0.168045606479725,0.0196538719699924,1.92537494762137,0.144813991626707
0.054265873015873,0.168234532390736,0.0197138123826093,1.9244541975908,0.145093713430603
0.0543650793650794,0.168423131839048,0.0197738046796919,1.92353388787144,0.145373454343098
0.0544642857142857,0.168611405315242,0.0198338487038015,1.92261401825248,0.145653214216058
0.0545634920634921,0.16879935330924,0.0198939442977432,1.92169458852318,0.145932992901589
0.0546626984126984,0.16898697631031,0.0199540913045659,1.92077559847292,0.146212790252039
0.0547619047619048,0.169174274807063,0.0200142895675621,1.91985704789119,0.146492606119997
0.0548611111111111,0.169361249287454,0.0200745389302679,1.91893893656755,0.14677244035829
0.0549603174603175,0.169547900238782,0.0201348392364633,1.9180212642917,0.147052292819989
0.0550595238095238,0.169734228147687,0.0201951903301718,1.91710403085342,0.147332163358404
0.0551587301587302,0.169920233500155,0.0202555920556607,1.9161872360426,0.147612051827086
0.0552579365079365,0.170105916781516,0.020316044257441,1.91527087964923,0.147891958079826
0.0553571428571429,0.170291278476442,0.0203765467802673,1.9143549614634,0.148171881970657
0.0554563492063492,0.170476319068949,0.0204370994691379,1.9134394812753,0.148451823353851
0.0555555555555556,0.170661039042398,0.020497702169295,1.91252443887523,0.148731782083921
0.0556547619047619,0.170845438879491,0.0205583547262242,1.91160983405359,0.149011758015622
0.0557539682539683,0.171029519062277,0.0206190569856549,1.91069566660087,0.149291751003948
0.0558531746031746,0.171213280072145,0.0206798087935604,1.90978193630768,0.149571760904136
0.055952380952381,0.17139672238983,0.0207406099961573,1.90886864296473,0.14985178757166
0.0560515873015873,0.17157984649541,0.0208014604399063,1.90795578636282,0.150131830862239
0.0561507936507937,0.171762652868307,0.0208623599715115,1.90704336629285,0.150411890631828
0.05625,0.171945141987286,0.0209233084379207,1.90613138254584,0.150691966736626
0.0563492063492064,0.172127314330455,0.0209843056863256,1.90521983491291,0.150972059033073
0.0564484126984127,0.172309170375268,0.0210453515641615,1.90430872318525,0.151252167377846
0.056547619047619,0.17249071059852,0.0211064459191073,1.9033980471542,0.151532291627867
0.0566468253968254,0.17267193547635,0.0211675885990857,1.90248780661117,0.151812431640295
0.0567460317460317,0.172852845484242,0.021228779452263,1.90157800134769,0.152092587272533
0.0568452380952381,0.173033441097024,0.0212900183270492,1.90066863115536,0.152372758382222
0.0569444444444444,0.173213722788865,0.0213513050720982,1.89975969582593,0.152652944827244
0.0570436507936508,0.17339369103328,0.0214126395363073,1.89885119515121,0.152933146465723
0.0571428571428571,0.173573346303126,0.0214740215688177,1.89794312892313,0.153213363156023
0.0572420634920635,0.173752689070604,0.0215354510190142,1.89703549693373,0.153493594756748
0.0573412698412698,0.17393171980726,0.0215969277365252,1.89612829897514,0.153773841126744
0.0574404761904762,0.174110438983983,0.021658451571223,1.8952215348396,0.154054102125096
0.0575396825396825,0.174288847071004,0.0217200223732236,1.89431520431944,0.154334377611132
0.0576388888888889,0.174466944537899,0.0217816399928863,1.8934093072071,0.154614667444417
0.0577380952380952,0.174644731853587,0.0218433042808147,1.89250384329512,0.154894971484761
0.0578373015873016,0.174822209486332,0.0219050150878555,1.89159881237614,0.155175289592211
0.0579365079365079,0.174999377903741,0.0219667722650995,1.89069421424292,0.155455621627056
0.0580357142857143,0.175176237572763,0.022028575663881,1.88979004868831,0.155735967449827
0.0581349206349206,0.175352788959692,0.0220904251357781,1.88888631550523,0.156016326921294
0.058234126984127,0.175529032530167,0.0221523205326126,1.88798301448677,0.156296699902468
0.0583333333333333,0.175704968749167,0.0222142617064498,1.88708014542605,0.156577086254601
0.0584325396825397,0.175880598081018,0.0222762485095989,1.88617770811635,0.156857485839184
0.058531746031746,0.176055920989388,0.0223382807946127,1.88527570235102,0.157137898517952
0.0586309523809524,0.176230937937289,0.0224003584142876,1.88437412792352,0.157418324152878
0.0587301587301587,0.176405649387076,0.022462481221664,1.88347298462741,0.157698762606175
0.0588293650793651,0.176580055800449,0.0225246490700257,1.88257227225635,0.157979213740301
0.0589285714285714,0.176754157638451,0.0225868618129003,1.88167199060412,0.158259677417949
0.0590277777777778,0.176927955361467,0.0226491193040591,1.88077213946458,0.158540153502056
0.0591269841269841,0.177101449429228,0.022711421397517,1.87987271863171,0.158820641855799
0.0592261904761905,0.177274640300808,0.0227737679475328,1.87897372789956,0.159101142342597
0.0593253968253968,0.177447528485577,0.0228361587887222,1.87807516705961,0.159381654806212
0.0594246031746032,0.177620115513002,0.0228985933575999,1.87717703584866,0.15966217869216
0.0595238095238095,0.177792402228212,0.0229610713578617,1.87627933403952,0.159942713713234
0.0596230158730159,0.177964389033129,0.0230235926661828,1.87538206142865,0.160223259755271
0.0597222222222222,0.178136076329346,0.0230861571593549,1.87448521781258,0.16050381670422
0.0598214285714286,0.178307464518125,0.0231487647142867,1.87358880298795,0.160784384446144
0.0599206349206349,0.1784785540004,0.0232114152080029,1.87269281675145,0.16106496286722
0.0600198412698413,0.178649345176772,0.0232741085176453,1.87179725889988,0.161345551853737
0.0601190476190476,0.178819838447514,0.0233368445204719,1.87090212923011,0.1616261512921
0.060218253968254,0.178990034212568,0.0233996230938573,1.87000742753909,0.161906761068827
0.0603174603174603,0.179159932871546,0.0234624441152929,1.86911315362388,0.162187381070547
0.0604166666666667,0.179329534823728,0.0235253074623863,1.8682193072816,0.162468011184007
0.060515873015873,0.179498840468068,0.0235882130128621,1.86732588830944,0.162748651296063
0.0606150793650794,0.179667850203186,0.0236511606445611,1.86643289650471,0.163029301293687
0.0607142857142857,0.179836564427374,0.0237141502354409,1.86554033166479,0.163309961063966
0.0608134920634921,0.180004983538592,0.0237771816635755,1.86464819358713,0.163590630494098
0.0609126984126984,0.180173107934472,0.0238402548071555,1.86375648206928,0.163871309471395
0.0610119047619048,0.180340938012314,0.0239033695444881,1.86286519690886,0.164151997883284
0.0611111111111111,0.180508474169088,0.0239665257539972,1.86197433790358,0.164432695617304
0.0612103174603175,0.180675716801436,0.024029723314223,1.86108390485125,0.164713402561109
0.0613095238095238,0.180842666305668,0.0240929621038223,1.86019389754973,0.164994118602465
0.0614087301587302,0.181009323077763,0.0241562420015688,1.859304315797,0.165274843629253
0.0615079365079365,0.181175687513372,0.0242195628863523,1.85841515939109,0.165555577529467
0.0616071428571429,0.181341760007814,0.0242829246371795,1.85752642813014,0.165836320191215
0.0617063492063492,0.18150754095608,0.0243463271331735,1.85663812181237,0.166117071502718
0.0618055555555556,0.181673030752827,0.0244097702535741,1.85575024023606,0.166397831352311
0.0619047619047619,0.181838229792386,0.0244732538777374,1.8548627831996,0.166678599628441
0.0620039682539682,0.182003138468757,0.0245367778851365,1.85397575050145,0.166959376219672
0.0621031746031746,0.182167757175607,0.0246003421553605,1.85308914194017,0.167240161014679
0.0622023809523809,0.182332086306276,0.0246639465681157,1.85220295731439,0.167520953902251
0.0623015873015873,0.182496126253772,0.0247275910032244,1.85131719642281,0.167801754771291
0.0624007936507936,0.182659877410773,0.0247912753406257,1.85043185906425,0.168082563510815
0.0625,0.18282334016963,0.0248549994603754,1.84954694503758,0.168363380009953
0.0625992063492063,0.182986514922358,0.0249187632426457,1.84866245414177,0.168644204157949
0.0626984126984127,0.183149402060647,0.0249825665677254,1.84777838617588,0.168925035844159
0.062797619047619,0.183312001975853,0.0250464093160198,1.84689474093903,0.169205874958056
0.0628968253968254,0.183474315059006,0.0251102913680508,1.84601151823044,0.169486721389222
0.0629960317460317,0.183636341700802,0.025174212604457,1.84512871784943,0.169767575027356
0.0630952380952381,0.183798082291609,0.0252381729059934,1.84424633959537,0.170048435762269
0.0631944444444444,0.183959537221464,0.0253021721535316,1.84336438326773,0.170329303483886
0.0632936507936508,0.184120706880074,0.0253662102280599,1.84248284866607,0.170610178082247
0.0633928571428571,0.184281591656816,0.0254302870106829,1.84160173559002,0.170891059447503
0.0634920634920635,0.184442191940736,0.0254944023826219,1.8407210438393,0.17117194746992
0.0635912698412698,0.184602508120552,0.0255585562252149,1.83984077321372,0.171452842039878
0.0636904761904762,0.184762540584649,0.0256227484199163,1.83896092351317,0.17173374304787
0.0637896825396825,0.184922289721084,0.0256869788482971,1.83808149453762,0.172014650384501
0.0638888888888889,0.185081755917583,0.0257512473920449,1.83720248608713,0.172295563940494
0.0639880952380952,0.185240939561541,0.0258155539329638,1.83632389796182,0.172576483606681
0.0640873015873016,0.185399841040025,0.0258798983529744,1.83544572996193,0.172857409274009
0.0641865079365079,0.185558460739771,0.0259442805341142,1.83456798188777,0.17313834083354
0.0642857142857143,0.185716799047183,0.0260087003585369,1.83369065353972,0.173419278176449
0.0643849206349206,0.185874856348337,0.0260731577085129,1.83281374471826,0.173700221194022
0.064484126984127,0.186032633028978,0.0261376524664292,1.83193725522394,0.173981169777664
0.0645833333333333,0.18619012947452,0.0262021845147892,1.83106118485742,0.174262123818887
0.0646825396825397,0.18634734607005,0.0262667537362132,1.8301855334194,0.174543083209322
0.064781746031746,0.186504283200321,0.0263313600134377,1.82931030071071,0.174824047840711
0.0648809523809524,0.186660941249757,0.0263960032293159,1.82843548653224,0.175105017604911
0.0649801587301587,0.186817320602454,0.0264606832668177,1.82756109068496,0.17538599239389
0.0650793650793651,0.186973421642175,0.0265254000090294,1.82668711296993,0.175666972099732
0.0651785714285714,0.187129244752355,0.0265901533391539,1.8258135531883,0.175947956614634
0.0652777777777778,0.187284790316096,0.0266549431405107,1.82494041114129,0.176228945830907
0.0653769841269841,0.187440058716174,0.0267197692965359,1.82406768663022,0.176509939640974
0.0654761904761905,0.18759505033503,0.0267846316907819,1.82319537945648,0.176790937937373
0.0655753968253968,0.187749765554779,0.0268495302069181,1.82232348942155,0.177071940612755
0.0656746031746032,0.187904204757204,0.0269144647287301,1.82145201632699,0.177352947559886
0.0657738095238095,0.188058368323758,0.0269794351401203,1.82058095997446,0.177633958671644
0.0658730158730159,0.188212256635563,0.0270444413251075,1.81971032016567,0.17791497384102
0.0659722222222222,0.188365870073413,0.0271094831678272,1.81884009670245,0.17819599296112
0.0660714285714286,0.188519209017769,0.0271745605525313,1.81797028938669,0.178477015925164
0.0661706349206349,0.188672273848765,0.0272396733635884,1.81710089802038,0.178758042626484
0.0662698412698413,0.188825064946202,0.0273048214854837,1.81623192240557,0.179039072958526
0.0663690476190476,0.188977582689553,0.0273700048028188,1.81536336234442,0.179320106814851
0.066468253968254,0.18912982745796,0.027435223200312,1.81449521763916,0.179601144089132
0.0665674603174603,0.189281799630233,0.027500476562798,1.8136274880921,0.179882184675157
0.0666666666666667,0.189433499584855,0.0275657647752284,1.81276017350566,0.180163228466825
0.066765873015873,0.189584927699977,0.027631087722671,1.8118932736823,0.180444275358151
0.0668650793650794,0.189736084353421,0.0276964452903104,1.8110267884246,0.180725325243264
0.0669642857142857,0.189886969922677,0.0277618373634475,1.81016071753521,0.181006378016404
0.0670634920634921,0.190037584784907,0.0278272638275002,1.80929506081686,0.181287433571927
0.0671626984126984,0.190187929316941,0.0278927245680026,1.80842981807237,0.181568491804301
0.0672619047619048,0.190338003895279,0.0279582194706054,1.80756498910465,0.181849552608108
0.0673611111111111,0.190487808896093,0.028023748421076,1.80670057371668,0.182130615878046
0.0674603174603175,0.190637344695222,0.0280893113052983,1.80583657171153,0.182411681508922
0.0675595238095238,0.190786611668177,0.0281549080092727,1.80497298289236,0.18269274939566
0.0676587301587302,0.190935610190138,0.0282205384191164,1.80410980706239,0.182973819433296
0.0677579365079365,0.191084340635953,0.0282862024210628,1.80324704402496,0.183254891516982
0.0678571428571429,0.191232803380144,0.0283518999014622,1.80238469358347,0.183535965541979
0.0679563492063492,0.1913809987969,0.0284176307467813,1.8015227555414,0.183817041403667
0.0680555555555556,0.191528927260079,0.0284833948436034,1.80066122970234,0.184098118997536
0.0681547619047619,0.191676589143211,0.0285491920786283,1.79980011586992,0.18437919821919
0.0682539682539683,0.191823984819495,0.0286150223386724,1.7989394138479,0.184660278964348
0.0683531746031746,0.1919711146618,0.0286808855106688,1.7980791234401,0.184941361128841
0.068452380952381,0.192117979042664,0.0287467814816669,1.79721924445042,0.185222444608615
0.0685515873015873,0.192264578334297,0.028812710138833,1.79635977668286,0.185503529299728
0.0686507936507937,0.192410912908575,0.0288786713694496,1.79550071994149,0.185784615098353
0.06875,0.192556983137049,0.028944665060916,1.79464207403047,0.186065701900777
0.0688492063492064,0.192702789390935,0.0290106911007481,1.79378383875404,0.186346789603399
0.0689484126984127,0.192848332041121,0.0290767493765782,1.79292601391652,0.186627878102732
0.0690476190476191,0.192993611458165,0.0291428397761552,1.79206859932233,0.186908967295403
0.0691468253968254,0.193138628012295,0.0292089621873447,1.79121159477596,0.187190057078152
0.0692460317460317,0.193283382073408,0.0292751164981286,1.79035500008199,0.187471147347834
0.0693452380952381,0.193427874011072,0.0293413025966058,1.78949881504507,0.187752238001416
0.0694444444444444,0.193572104194522,0.0294075203709912,1.78864303946995,0.18803332893598
0.0695436507936508,0.193716072992667,0.0294737697096168,1.78778767316147,0.18831442004872
0.0696428571428571,0.193859780774083,0.0295400505009308,1.78693271592452,0.188595511236944
0.0697420634920635,0.194003227907017,0.0296063626334981,1.78607816756412,0.188876602398075
0.0698412698412698,0.194146414759384,0.0296727059960002,1.78522402788533,0.189157693429649
0.0699404761904762,0.194289341698772,0.029739080477235,1.78437029669331,0.189438784229314
0.0700396825396825,0.194432009092436,0.0298054859661173,1.78351697379333,0.189719874694833
0.0701388888888889,0.194574417307303,0.0298719223516781,1.7826640589907,0.190000964724082
0.0702380952380952,0.194716566709967,0.0299383895230651,1.78181155209085,0.190282054215052
0.0703373015873016,0.194858457666695,0.0300048873695427,1.78095945289926,0.190563143065846
0.0704365079365079,0.195000090543423,0.0300714157804916,1.78010776122152,0.190844231174681
0.0705357142857143,0.195141465705754,0.0301379746454093,1.7792564768633,0.191125318439888
0.0706349206349206,0.195282583518965,0.0302045638539098,1.77840559963035,0.191406404759911
0.070734126984127,0.195423444348001,0.0302711832957235,1.77755512932849,0.191687490033308
0.0708333333333333,0.195564048557476,0.0303378328606977,1.77670506576365,0.191968574158751
0.0709325396825397,0.195704396511675,0.0304045124387959,1.77585540874183,0.192249657035024
0.071031746031746,0.195844488574553,0.0304712219200984,1.77500615806911,0.192530738561026
0.0711309523809524,0.195984325109733,0.0305379611948019,1.77415731355165,0.19281181863577
0.0712301587301587,0.19612390648051,0.03060473015322,1.77330887499571,0.193092897158382
0.0713293650793651,0.196263233049849,0.0306715286857824,1.77246084220763,0.193373974028099
0.0714285714285714,0.196402305180382,0.0307383566830357,1.77161321499382,0.193655049144277
0.0715277777777778,0.196541123234413,0.0308052140356429,1.77076599316079,0.193936122406381
0.0716269841269841,0.196679687573917,0.0308721006343836,1.76991917651511,0.194217193713992
0.0717261904761905,0.196817998560535,0.0309390163701541,1.76907276486348,0.194498262966803
0.0718253968253968,0.196956056555583,0.0310059611339671,1.76822675801263,0.194779330064622
0.0719246031746032,0.197093861920042,0.0310729348169518,1.7673811557694,0.195060394907369
0.0720238095238095,0.197231415014565,0.0311399373103543,1.76653595794072,0.195341457395079
0.0721230158730159,0.197368716199476,0.0312069685055368,1.76569116433359,0.195622517427901
0.0722222222222222,0.197505765834767,0.0312740282939785,1.7648467747551,0.195903574906097
0.0723214285714286,0.197642564280099,0.0313411165672749,1.76400278901242,0.19618462973004
0.0724206349206349,0.197779111894806,0.0314082332171381,1.76315920691282,0.196465681800221
0.0725198412698413,0.19791540903789,0.0314753781353969,1.76231602826362,0.196746731017242
0.0726190476190476,0.198051456068021,0.0315425512139965,1.76147325287225,0.197027777281818
0.072718253968254,0.198187253343543,0.0316097523449987,1.76063088054622,0.197308820494781
0.0728174603174603,0.198322801222467,0.031676981420582,1.75978891109313,0.197589860557072
0.0729166666666667,0.198458100062474,0.0317442383330412,1.75894734432064,0.197870897369749
0.073015873015873,0.198593150220915,0.031811522974788,1.75810618003652,0.198151930833982
0.0731150793650794,0.198727952054811,0.0318788352383505,1.7572654180486,0.198432960851055
0.0732142857142857,0.198862505920854,0.0319461750163732,1.75642505816482,0.198713987322366
0.0733134920634921,0.198996812175405,0.0320135422016174,1.75558510019318,0.198995010149426
0.0734126984126984,0.199130871174493,0.0320809366869609,1.75474554394178,0.19927602923386
0.0735119047619048,0.199264683273819,0.032148358365398,1.75390638921879,0.199557044477407
0.0736111111111111,0.199398248828754,0.0322158071300397,1.75306763583248,0.199838055781917
0.0737103174603175,0.199531568194338,0.0322832828741134,1.75222928359118,0.200119063049358
0.0738095238095238,0.199664641725281,0.0323507854909631,1.75139133230334,0.200400066181807
0.0739087301587302,0.199797469775962,0.0324183148740496,1.75055378177746,0.200681065081459
0.0740079365079365,0.199930052700432,0.0324858709169499,1.74971663182213,0.200962059650618
0.0741071428571429,0.200062390852409,0.0325534535133578,1.74887988224604,0.201243049791705
0.0742063492063492,0.200194484585283,0.0326210625570836,1.74804353285795,0.201524035407254
0.0743055555555556,0.200326334252113,0.0326886979420542,1.74720758346671,0.201805016399912
0.0744047619047619,0.200457940205629,0.032756359562313,1.74637203388125,0.202085992672439
0.0745039682539683,0.200589302798228,0.0328240473120199,1.74553688391058,0.202366964127709
0.0746031746031746,0.200720422381981,0.0328917610854517,1.7447021333638,0.202647930668711
0.074702380952381,0.200851299308625,0.0329595007770013,1.74386778205009,0.202928892198546
0.0748015873015873,0.200981933929568,0.0330272662811785,1.74303382977872,0.203209848620429
0.0749007936507936,0.201112326595889,0.0330950574926095,1.74220027635904,0.203490799837689
0.075,0.201242477658337,0.0331628743060371,1.74136712160048,0.203771745753768
0.0750992063492063,0.201372387467328,0.0332307166163209,1.74053436531256,0.204052686272222
0.0751984126984127,0.201502056372951,0.0332985843184366,1.73970200730488,0.204333621296719
0.075297619047619,0.201631484724962,0.0333664773074768,1.73887004738713,0.204614550731044
0.0753968253968254,0.201760672872791,0.0334343954786506,1.73803848536906,0.204895474479093
0.0754960317460317,0.201889621165533,0.0335023387272836,1.73720732106054,0.205176392444876
0.0755952380952381,0.202018329951956,0.0335703069488181,1.7363765542715,0.205457304532516
0.0756944444444444,0.202146799580496,0.0336383000388128,1.73554618481196,0.205738210646252
0.0757936507936508,0.202275030399261,0.033706317892943,1.73471621249202,0.206019110690433
0.0758928571428571,0.202403022756028,0.0337743604070007,1.73388663712187,0.206300004569526
0.0759920634920635,0.202530776998242,0.0338424274768943,1.73305745851178,0.206580892188106
0.0760912698412698,0.202658293473019,0.0339105189986489,1.7322286764721,0.206861773450868
0.0761904761904762,0.202785572527147,0.033978634868406,1.73140029081327,0.207142648262615
0.0762896825396825,0.20291261450708,0.0340467749824238,1.73057230134582,0.207423516528267
0.0763888888888889,0.203039419758946,0.0341149392370771,1.72974470788034,0.207704378152856
0.0764880952380952,0.203165988628538,0.0341831275288572,1.72891751022753,0.207985233041528
0.0765873015873016,0.203292321461324,0.0342513397543718,1.72809070819817,0.208266081099544
0.0766865079365079,0.203418418602437,0.0343195758103454,1.7272643016031,0.208546922232275
0.0767857142857143,0.203544280396684,0.034387835593619,1.72643829025327,0.208827756345209
0.0768849206349206,0.203669907188539,0.0344561190011502,1.7256126739597,0.209108583343947
0.076984126984127,0.203795299322147,0.034524425930013,1.7247874525335,0.209389403134203
0.0770833333333333,0.203920457141323,0.0345927562773982,1.72396262578586,0.209670215621803
0.0771825396825397,0.204045380989551,0.034661109940613,1.72313819352806,0.20995102071269
0.077281746031746,0.204170071209985,0.0347294868170811,1.72231415557146,0.210231818312918
0.0773809523809524,0.204294528145451,0.0347978868043431,1.72149051172749,0.210512608328655
0.0774801587301587,0.204418752138441,0.0348663098000557,1.72066726180769,0.210793390666184
0.0775793650793651,0.20454274353112,0.0349347557019926,1.71984440562366,0.2110741652319
0.0776785714285714,0.204666502665321,0.0350032244080437,1.7190219429871,0.211354931932312
0.0777777777777778,0.204790029882548,0.0350717158162158,1.71819987370979,0.211635690674043
0.0778769841269841,0.204913325523975,0.035140229824632,1.71737819760359,0.211916441363829
0.0779761904761905,0.205036389930444,0.0352087663315321,1.71655691448044,0.21219718390852
0.0780753968253968,0.205159223442468,0.0352773252352723,1.71573602415237,0.21247791821508
0.0781746031746032,0.205281826400231,0.0353459064343257,1.7149155264315,0.212758644190586
0.0782738095238095,0.205404199143586,0.0354145098272816,1.71409542113001,0.213039361742229
0.0783730158730159,0.205526342012054,0.0354831353128461,1.7132757080602,0.213320070777312
0.0784722222222222,0.205648255344828,0.0355517827898418,1.71245638703443,0.213600771203254
0.0785714285714286,0.20576993948077,0.0356204521572077,1.71163745786513,0.213881462927585
0.0786706349206349,0.205891394758413,0.0356891433139997,1.71081892036485,0.214162145857952
0.0787698412698413,0.206012621515959,0.03575785615939,1.7100007743462,0.214442819902113
0.0788690476190476,0.206133620091279,0.0358265905926674,1.70918301962187,0.21472348496794
0.078968253968254,0.206254390821914,0.0358953465132374,1.70836565600465,0.215004140963419
0.0790674603174603,0.206374934045077,0.035964123820622,1.70754868330741,0.215284787796649
0.0791666666666667,0.206495250097648,0.0360329224144596,1.70673210134309,0.215565425375843
0.079265873015873,0.206615339316179,0.0361017421945054,1.70591590992474,0.215846053609327
0.0793650793650794,0.206735202036891,0.036170583060631,1.70510010886546,0.216126672405543
0.0794642857142857,0.206854838595674,0.0362394449128247,1.70428469797845,0.216407281673044
0.0795634920634921,0.20697424932809,0.0363083276511913,1.70346967707701,0.216687881320497
0.0796626984126984,0.207093434569367,0.0363772311759522,1.7026550459745,0.216968471256682
0.0797619047619048,0.207212394654408,0.0364461553874452,1.70184080448437,0.217249051390496
0.0798611111111111,0.207331129917782,0.0365151001861248,1.70102695242016,0.217529621630945
0.0799603174603175,0.207449640693729,0.0365840654725622,1.70021348959549,0.217810181887151
0.0800595238095238,0.207567927316159,0.0366530511474449,1.69940041582406,0.21809073206835
0.0801587301587302,0.207685990118651,0.0367220571115772,1.69858773091966,0.218371272083891
0.0802579365079365,0.207803829434455,0.0367910832658797,1.69777543469616,0.218651801843236
0.0803571428571429,0.207921445596491,0.0368601295113898,1.69696352696751,0.218932321255961
0.0804563492063492,0.208038838937347,0.0369291957492614,1.69615200754776,0.219212830231756
0.0805555555555556,0.208156009789284,0.0369982818807649,1.69534087625102,0.219493328680424
0.0806547619047619,0.208272958484228,0.0370673878072873,1.69453013289151,0.219773816511882
0.0807539682539683,0.20838968535378,0.0371365134303322,1.6937197772835,0.22005429363616
0.0808531746031746,0.208506190729208,0.0372056586515198,1.69290980924138,0.220334759963402
0.080952380952381,0.20862247494145,0.0372748233725867,1.69210022857959,0.220615215403867
0.0810515873015873,0.208738538321114,0.0373440074953862,1.69129103511269,0.220895659867924
0.0811507936507937,0.208854381198479,0.0374132109218882,1.69048222865529,0.22117609326606
0.08125,0.208970003903492,0.037482433554179,1.68967380902211,0.221456515508871
0.0813492063492064,0.209085406765771,0.0375516752944616,1.68886577602793,0.221736926507072
0.0814484126984127,0.209200590114604,0.0376209360450555,1.68805812948764,0.222017326171485
0.081547619047619,0.209315554278948,0.0376902157083969,1.68725086921618,0.222297714413052
0.0816468253968254,0.20943029958743,0.0377595141870384,1.68644399502861,0.222578091142825
0.0817460317460317,0.209544826368348,0.0378288313836491,1.68563750674005,0.222858456271969
0.0818452380952381,0.209659134949668,0.037898167201015,1.68483140416571,0.223138809711766
0.0819444444444444,0.209773225659028,0.0379675215420383,1.68402568712088,0.223419151373608
0.0820436507936508,0.209887098823733,0.0380368943097379,1.68322035542095,0.223699481169002
0.0821428571428571,0.210000754770761,0.0381062854072494,1.68241540888137,0.22397979900957
0.0822420634920635,0.210114193826757,0.0381756947378248,1.68161084731769,0.224260104807045
0.0823412698412698,0.210227416318038,0.0382451222048327,1.68080667054554,0.224540398473276
0.0824404761904762,0.21034042257059,0.0383145677117582,1.68000287838064,0.224820679920223
0.0825396825396825,0.210453212910068,0.0383840311622031,1.67919947063877,0.225100949059962
0.0826388888888889,0.210565787661798,0.0384535124598858,1.67839644713583,0.225381205804682
0.0827380952380952,0.210678147150776,0.038523011508641,1.67759380768776,0.225661450066684
0.0828373015873016,0.210790291701667,0.0385925282124203,1.67679155211063,0.225941681758385
0.0829365079365079,0.210902221638806,0.0386620624752915,1.67598968022056,0.226221900792313
0.0830357142857143,0.211013937286198,0.0387316142014394,1.67518819183377,0.226502107081113
0.0831349206349206,0.211125438967518,0.0388011832951649,1.67438708676656,0.22678230053754
0.083234126984127,0.211236727006111,0.0388707696608858,1.6735863648353,0.227062481074464
0.0833333333333333,0.211347801724991,0.0389403732031364,1.67278602585648,0.22734264860487
0.0834325396825397,0.211458663446842,0.0390099938265675,1.67198606964663,0.227622803041855
0.083531746031746,0.211569312494019,0.0390796314359464,1.67118649602239,0.227902944298629
0.0836309523809524,0.211679749188546,0.0391492859361571,1.67038730480047,0.228183072288517
0.0837301587301587,0.211789973852117,0.0392189572322002,1.66958849579769,0.228463186924958
0.0838293650793651,0.211899986806095,0.0392886452291927,1.66879006883092,0.228743288121502
0.0839285714285714,0.212009788371515,0.0393583498323682,1.66799202371714,0.229023375791816
0.0840277777777778,0.212119378869078,0.039428070947077,1.66719436027339,0.229303449849678
0.0841269841269841,0.212228758619159,0.0394978084787858,1.66639707831681,0.22958351020898
0.0842261904761905,0.212337927941801,0.039567562333078,1.66560017766463,0.229863556783729
0.0843253968253968,0.212446887156716,0.0396373324156535,1.66480365813414,0.230143589488045
0.0844246031746032,0.212555636583288,0.0397071186323288,1.66400751954273,0.23042360823616
0.0845238095238095,0.212664176540568,0.0397769208890368,1.66321176170788,0.230703612942421
0.0846230158730159,0.21277250734728,0.0398467390918272,1.66241638444714,0.23098360352129
0.0847222222222222,0.212880629321816,0.0399165731468661,1.66162138757815,0.231263579887339
0.0848214285714286,0.212988542782237,0.0399864229604364,1.66082677091863,0.231543541955256
0.0849206349206349,0.213096248046276,0.0400562884389372,1.66003253428638,0.231823489639843
0.0850198412698413,0.213203745431335,0.0401261694888844,1.65923867749931,0.232103422856014
0.0851190476190476,0.213311035254485,0.0401960660169105,1.65844520037537,0.232383341518798
0.085218253968254,0.213418117832467,0.0402659779297644,1.65765210273263,0.232663245543337
0.0853174603174603,0.213524993481693,0.0403359051343117,1.65685938438923,0.232943134844886
0.0854166666666667,0.213631662518244,0.0404058475375345,1.65606704516339,0.233223009338814
0.085515873015873,0.213738125257871,0.0404758050465314,1.65527508487342,0.233502868940605
0.0856150793650794,0.213844382015995,0.0405457775685178,1.65448350333772,0.233782713565853
0.0857142857142857,0.213950433107706,0.0406157650108254,1.65369230037476,0.23406254313027
0.0858134920634921,0.214056278847766,0.0406857672809027,1.65290147580309,0.234342357549679
0.0859126984126984,0.214161919550603,0.0407557842863145,1.65211102944137,0.234622156740017
0.0860119047619048,0.21426735553032,0.0408258159347423,1.65132096110832,0.234901940617334
0.0861111111111111,0.214372587100684,0.0408958621339843,1.65053127062276,0.235181709097795
0.0862103174603175,0.214477614575137,0.0409659227919551,1.64974195780356,0.235461462097678
0.0863095238095238,0.214582438266789,0.0410359978166858,1.64895302246972,0.235741199533374
0.0864087301587302,0.214687058488417,0.0411060871163242,1.6481644644403,0.236020921321387
0.0865079365079365,0.214791475552473,0.0411761905991346,1.64737628353444,0.236300627378338
0.0866071428571429,0.214895689771075,0.041246308173498,1.64658847957137,0.236580317620957
0.0867063492063492,0.214999701456012,0.0413164397479119,1.6458010523704,0.236859991966092
0.0868055555555556,0.215103510918743,0.0413865852309901,1.64501400175094,0.2371396503307
0.0869047619047619,0.215207118470397,0.0414567445314633,1.64422732753246,0.237419292631855
0.0870039682539683,0.215310524421773,0.0415269175581787,1.64344102953452,0.237698918786745
0.0871031746031746,0.215413729083338,0.0415971042201,1.64265510757678,0.237978528712667
0.0872023809523809,0.215516732765232,0.0416673044263074,1.64186956147897,0.238258122327038
0.0873015873015873,0.215619535777261,0.0417375180859978,1.6410843910609,0.238537699547383
0.0874007936507936,0.215722138428905,0.0418077451084847,1.64029959614247,0.238817260291344
0.0875,0.215824541029311,0.0418779854031979,1.63951517654366,0.239096804476676
0.0875992063492063,0.215926743887296,0.0419482388796841,1.63873113208455,0.239376332021245
0.0876984126984127,0.216028747311348,0.0420185054476063,1.63794746258528,0.239655842843035
0.087797619047619,0.216130551609624,0.0420887850167442,1.63716416786608,0.239935336860141
0.0878968253968254,0.216232157089951,0.042159077496994,1.63638124774728,0.24021481399077
0.0879960317460317,0.216333564059827,0.0422293827983686,1.63559870204928,0.240494274153247
0.0880952380952381,0.216434772826417,0.0422997008309973,1.63481653059255,0.240773717266006
0.0881944444444444,0.216535783696559,0.042370031505126,1.63403473319768,0.241053143247597
0.0882936507936508,0.21663659697676,0.0424403747311172,1.63325330968531,0.241332552016684
0.0883928571428571,0.216737212973195,0.04251073041945,1.63247225987618,0.241611943492044
0.0884920634920635,0.21683763199171,0.04258109848072,1.63169158359111,0.241891317592566
0.0885912698412698,0.216937854337823,0.0426514788256393,1.630911280651,0.242170674237256
0.0886904761904762,0.217037880316717,0.0427218713650369,1.63013135087685,0.242450013345229
0.0887896825396825,0.21713771023325,0.0427922760098578,1.62935179408972,0.242729334835719
0.0888888888888889,0.217237344391946,0.0428626926711641,1.62857261011077,0.243008638628068
0.0889880952380952,0.217336783097001,0.0429331212601342,1.62779379876123,0.243287924641737
0.0890873015873016,0.217436026652281,0.0430035616880631,1.62701535986244,0.243567192796296
0.0891865079365079,0.217535075361319,0.0430740138663623,1.6262372932358,0.243846443011431
0.0892857142857143,0.217633929527322,0.0431444777065601,1.62545959870279,0.244125675206942
0.0893849206349206,0.217732589453164,0.043214953120301,1.62468227608499,0.244404889302741
0.089484126984127,0.217831055441388,0.0432854400193465,1.62390532520407,0.244684085218854
0.0895833333333333,0.217929327794211,0.0433559383155743,1.62312874588175,0.244963262875421
0.0896825396825397,0.218027406813515,0.0434264479209787,1.62235253793987,0.245242422192696
0.089781746031746,0.218125292800855,0.0434969687476709,1.62157670120033,0.245521563091046
0.0898809523809524,0.218222986057455,0.0435675007078783,1.62080123548513,0.245800685490951
0.0899801587301587,0.218320486884209,0.0436380437139449,1.62002614061634,0.246079789313006
0.0900793650793651,0.21841779558168,0.0437085976783315,1.61925141641613,0.246358874477919
0.0901785714285714,0.218514912450101,0.0437791625136153,1.61847706270673,0.24663794090651
0.0902777777777778,0.218611837789377,0.0438497381324901,1.61770307931048,0.246916988519716
0.0903769841269841,0.218708571899079,0.0439203244477662,1.61692946604978,0.247196017238584
0.0904761904761905,0.218805115078451,0.0439909213723705,1.61615622274713,0.247475026984277
0.0905753968253968,0.218901467626406,0.0440615288193465,1.61538334922511,0.24775401767807
0.0906746031746032,0.218997629841526,0.0441321467018543,1.61461084530638,0.248032989241353
0.0907738095238095,0.219093602022063,0.0442027749331705,1.61383871081369,0.24831194159563
0.0908730158730159,0.219189384465941,0.0442734134266882,1.61306694556987,0.248590874662515
0.0909722222222222,0.219284977470751,0.0443440620959172,1.61229554939783,0.248869788363741
0.0910714285714286,0.219380381333755,0.0444147208544838,1.61152452212057,0.24914868262115
0.0911706349206349,0.219475596351885,0.0444853896161309,1.61075386356116,0.249427557356699
0.0912698412698413,0.219570622821742,0.0445560682947179,1.60998357354278,0.24970641249246
0.0913690476190476,0.219665461039598,0.0446267568042207,1.60921365188867,0.249985247950617
0.091468253968254,0.219760111301395,0.044697455058732,1.60844409842217,0.250264063653468
0.0915674603174603,0.219854573902743,0.0447681629724609,1.60767491296669,0.250542859523425
0.0916666666666667,0.219948849138924,0.0448388804597332,1.60690609534572,0.250821635483014
0.091765873015873,0.220042937304888,0.0449096074349909,1.60613764538286,0.251100391454872
0.0918650793650794,0.220136838695256,0.044980343812793,1.60536956290178,0.251379127361752
0.0919642857142857,0.220230553604319,0.0450510895078148,1.60460184772621,0.251657843126521
0.0920634920634921,0.220324082326036,0.0451218444348484,1.60383449968,0.251936538672158
0.0921626984126984,0.220417425154039,0.0451926085088021,1.60306751858706,0.252215213921757
0.0922619047619048,0.220510582381627,0.0452633816447012,1.6023009042714,0.252493868798524
0.0923611111111111,0.220603554301769,0.0453341637576872,1.6015346565571,0.252772503225779
0.0924603174603175,0.220696341207107,0.0454049547630184,1.60076877526834,0.253051117126956
0.0925595238095238,0.220788943389949,0.0454757545760695,1.60000326022936,0.253329710425604
0.0926587301587302,0.220881361142274,0.0455465631123319,1.5992381112645,0.253608283045383
0.0927579365079365,0.220973594755733,0.0456173802874135,1.59847332819818,0.253886834910068
0.0928571428571429,0.221065644521643,0.0456882060170387,1.59770891085492,0.254165365943548
0.0929563492063492,0.221157510730994,0.0457590402170486,1.59694485905928,0.254443876069823
0.0930555555555556,0.221249193674445,0.0458298828034007,1.59618117263595,0.254722365213011
0.0931547619047619,0.221340693642324,0.0459007336921694,1.59541785140969,0.255000833297339
0.0932539682539683,0.22143201092463,0.0459715927995452,1.59465489520533,0.255279280247151
0.0933531746031746,0.22152314581103,0.0460424600418354,1.59389230384779,0.255557705986903
0.093452380952381,0.221614098590864,0.046113335335464,1.59313007716209,0.255836110441164
0.0935515873015873,0.221704869553138,0.0461842185969714,1.5923682149733,0.25611449353462
0.0936507936507937,0.221795458986531,0.0462551097430144,1.59160671710662,0.256392855192065
0.09375,0.221885867179391,0.0463260086903668,1.59084558338728,0.256671195338411
0.0938492063492063,0.221976094419734,0.0463969153559186,1.59008481364065,0.256949513898682
0.0939484126984127,0.222066140995249,0.0464678296566764,1.58932440769214,0.257227810798017
0.094047619047619,0.222156007193292,0.0465387515097636,1.58856436536725,0.257506085961666
0.0941468253968254,0.22224569330089,0.04660968083242,1.58780468649159,0.257784339314994
0.0942460317460317,0.22233519960474,0.0466806175420018,1.58704537089083,0.258062570783481
0.0943452380952381,0.222424526391208,0.0467515615559821,1.58628641839073,0.258340780292717
0.0944444444444444,0.222513673946332,0.0468225127919504,1.58552782881714,0.25861896776841
0.0945436507936508,0.222602642555817,0.0468934711676127,1.58476960199598,0.258897133136378
0.0946428571428571,0.22269143250504,0.0469644366007918,1.58401173775326,0.259175276322555
0.0947420634920635,0.222780044079047,0.0470354090094266,1.58325423591508,0.259453397252986
0.0948412698412698,0.222868477562553,0.0471063883115731,1.58249709630762,0.259731495853832
0.0949404761904762,0.222956733239945,0.0471773744254036,1.58174031875714,0.260009572051367
0.0950396825396825,0.223044811395277,0.0472483672692069,1.58098390308999,0.260287625771979
0.0951388888888889,0.223132712312276,0.0473193667613885,1.5802278491326,0.260565656942167
0.0952380952380952,0.223220436274335,0.0473903728204705,1.57947215671147,0.260843665488546
0.0953373015873016,0.223307983564522,0.0474613853650914,1.57871682565322,0.261121651337845
0.0954365079365079,0.223395354465569,0.0475324043140063,1.57796185578452,0.261399614416905
0.0955357142857143,0.223482549259882,0.0476034295860871,1.57720724693213,0.261677554652682
0.0956349206349206,0.223569568229536,0.0476744611003219,1.57645299892291,0.261955471972244
0.095734126984127,0.223656411656275,0.0477454987758157,1.57569911158378,0.262233366302774
0.0958333333333333,0.223743079821513,0.0478165425317899,1.57494558474177,0.262511237571568
0.0959325396825397,0.223829573006334,0.0478875922875822,1.57419241822397,0.262789085706034
0.096031746031746,0.223915891491493,0.0479586479626475,1.57343961185756,0.263066910633698
0.0961309523809524,0.224002035557412,0.0480297094765567,1.57268716546982,0.263344712282195
0.0962301587301587,0.224088005484186,0.0481007767489976,1.5719350788881,0.263622490579276
0.0963293650793651,0.224173801551578,0.0481718496997743,1.57118335193982,0.263900245452804
0.0964285714285714,0.224259424039021,0.0482429282488077,1.57043198445252,0.264177976830758
0.0965277777777778,0.224344873225619,0.0483140123161351,1.56968097625379,0.264455684641228
0.0966269841269841,0.224430149390144,0.0483851018219104,1.56893032717131,0.26473336881242
0.0967261904761905,0.224515252811039,0.0484561966864042,1.56818003703286,0.265011029272651
0.0968253968253968,0.224600183766416,0.0485272968300035,1.5674301056663,0.265288665950353
0.0969246031746032,0.224684942534059,0.0485984021732119,1.56668053289955,0.265566278774073
0.0970238095238095,0.22476952939142,0.0486695126366497,1.56593131856064,0.265843867672469
0.0971230158730159,0.22485394461562,0.0487406281410535,1.56518246247767,0.266121432574313
0.0972222222222222,0.224938188483451,0.0488117486072767,1.56443396447884,0.266398973408493
0.0973214285714286,0.225022261271377,0.0488828739562892,1.56368582439241,0.266676490104007
0.0974206349206349,0.225106163255527,0.0489540041091774,1.56293804204674,0.26695398258997
0.0975198412698413,0.225189894711704,0.0490251389871443,1.56219061727027,0.267231450795608
0.0976190476190476,0.225273455915378,0.0490962785115096,1.56144354989153,0.267508894650263
0.097718253968254,0.225356847141692,0.0491674226037092,1.56069683973911,0.267786314083387
0.0978174603174603,0.225440068665457,0.049238571185296,1.55995048664172,0.26806370902455
0.0979166666666667,0.225523120761152,0.0493097241779393,1.55920449042812,0.268341079403432
0.098015873015873,0.225606003702929,0.0493808815034247,1.55845885092718,0.268618425149829
0.0981150793650794,0.225688717764608,0.0494520430836549,1.55771356796783,0.268895746193649
0.0982142857142857,0.22577126321968,0.0495232088406487,1.55696864137911,0.269173042464915
0.0983134920634921,0.225853640341304,0.0495943786965416,1.55622407099012,0.269450313893761
0.0984126984126984,0.225935849402312,0.0496655525735857,1.55547985663005,0.269727560410438
0.0985119047619048,0.226017890675202,0.0497367303941498,1.55473599812818,0.270004781945308
0.0986111111111111,0.226099764432145,0.049807912080719,1.55399249531388,0.270281978428848
0.0987103174603175,0.22618147094498,0.0498790975558951,1.55324934801658,0.270559149791648
0.0988095238095238,0.226263010485217,0.0499502867423964,1.55250655606582,0.270836295964412
0.0989087301587302,0.226344383324034,0.050021479563058,1.55176411929121,0.271113416877957
0.0990079365079365,0.226425589732281,0.0500926759408312,1.55102203752244,0.271390512463214
0.0991071428571429,0.226506629980477,0.0501638757987841,1.55028031058929,0.271667582651227
0.0992063492063492,0.226587504338811,0.0502350790601013,1.54953893832162,0.271944627373155
0.0993055555555556,0.22666821307714,0.0503062856480841,1.54879792054939,0.272221646560269
0.0994047619047619,0.226748756464995,0.05037749548615,1.54805725710261,0.272498640143954
0.0995039682539682,0.226829134771572,0.0504487084978336,1.54731694781142,0.272775608055709
0.0996031746031746,0.22690934826574,0.0505199246067855,1.546576992506,0.273052550227148
0.099702380952381,0.226989397216037,0.0505911437367733,1.54583739101663,0.273329466589994
0.0998015873015873,0.227069281890671,0.0506623658116809,1.54509814317368,0.273606357076089
0.0999007936507936,0.227149002557519,0.050733590755509,1.54435924880761,0.273883221617386
0.1,0.227228559484129,0.0508048184923746,1.54362070774894,0.274160060145951
0.100099206349206,0.227307952937718,0.0508760489465114,1.54288251982829,0.274436872593964
0.100198412698413,0.227387183185174,0.0509472820422698,1.54214468487636,0.27471365889372
0.100297619047619,0.227466250493053,0.0510185177041164,1.54140720272393,0.274990418977627
0.100396825396825,0.227545155127582,0.0510897558566348,1.54067007320188,0.275267152778204
0.100496031746032,0.227623897354658,0.0511609964245248,1.53993329614115,0.275543860228088
0.100595238095238,0.227702477439848,0.051232239332603,1.53919687137278,0.275820541260026
0.100694444444444,0.227780895648387,0.0513034845058025,1.53846079872788,0.27609719580688
0.100793650793651,0.227859152245182,0.0513747318691729,1.53772507803767,0.276373823801626
0.100892857142857,0.227937247494809,0.0514459813478804,1.53698970913342,0.276650425177353
0.100992063492063,0.228015181661513,0.0515172328672078,1.53625469184651,0.276926999867264
0.10109126984127,0.228092955009212,0.0515884863525544,1.53552002600839,0.277203547804674
0.101190476190476,0.228170567801489,0.0516597417294362,1.5347857114506,0.277480068923014
0.101289682539683,0.228248020301601,0.0517309989234856,1.53405174800476,0.277756563155827
0.101388888888889,0.228325312772472,0.0518022578604516,1.53331813550258,0.27803303043677
0.101488095238095,0.228402445476698,0.0518735184661999,1.53258487377584,0.278309470699614
0.101587301587302,0.228479418676705,0.0519447806666514,1.53185196265639,0.278585883878182
0.101686507936508,0.228556233252956,0.052016044152715,1.53111940191121,0.278862269671975
0.101785714285714,0.228632890005635,0.0520873086462783,1.5303871913133,0.279138627811429
0.101884920634921,0.228709389134953,0.0521585740975728,1.52965533069765,0.279414958254675
0.101984126984127,0.228785730840997,0.0522298404568671,1.5289238198993,0.279691260959877
0.102083333333333,0.228861915323733,0.0523011076744674,1.52819265875334,0.279967535885235
0.10218253968254,0.228937942783001,0.0523723757007174,1.52746184709496,0.280243782988983
0.102281746031746,0.22901381341852,0.052443644485998,1.52673138475938,0.28052000222939
0.102380952380952,0.229089527429882,0.0525149139807276,1.52600127158191,0.280796193564759
0.102480158730159,0.229165085016558,0.0525861841353621,1.52527150739791,0.281072356953429
0.102579365079365,0.229240486377896,0.0526574549003947,1.52454209204281,0.281348492353772
0.102678571428571,0.229315731713119,0.052728726226356,1.52381302535211,0.281624599724197
0.102777777777778,0.229390821221326,0.052799998063814,1.52308430716137,0.281900679023147
0.102876984126984,0.229465755101494,0.0528712703633742,1.5223559373062,0.282176730209097
0.10297619047619,0.229540533552477,0.0529425430756794,1.5216279156223,0.282452753240561
0.103075396825397,0.229615156773003,0.0530138161514099,1.52090024194543,0.282728748076084
0.103174603174603,0.229689624961678,0.0530850895412835,1.5201729161114,0.283004714674249
0.10327380952381,0.229763938316986,0.0531563631960551,1.5194459379561,0.283280652993671
0.103373015873016,0.229838097037284,0.0532276370665172,1.51871930731548,0.283556562993001
0.103472222222222,0.229912101320808,0.0532989111034998,1.51799302402555,0.283832444630924
0.103571428571429,0.22998595136567,0.0533701852578701,1.51726708792239,0.284108297866161
0.103670634920635,0.230059647369858,0.053441459480533,1.51654149884214,0.284384122657467
0.103769841269841,0.230133189531238,0.0535127337224304,1.51581625662101,0.28465991896363
0.103869047619048,0.23020657804755,0.0535840079345419,1.51509136109529,0.284935686743477
0.103968253968254,0.230279813116413,0.0536552820678845,1.5143668121013,0.285211425955865
0.10406746031746,0.23035289493532,0.0537265560735126,1.51364260947544,0.285487136559689
0.104166666666667,0.230425823701643,0.0537978299025178,1.5129187530542,0.285762818513877
0.104265873015873,0.230498599612629,0.0538691035060294,1.5121952426741,0.286038471777392
0.104365079365079,0.230571222865402,0.0539403768352138,1.51147207817174,0.286314096309233
0.104464285714286,0.230643693656961,0.0540116498412752,1.51074925938378,0.286589692068431
0.104563492063492,0.230716012184184,0.0540829224754549,1.51002678614695,0.286865259014055
0.104662698412698,0.230788178643825,0.0541541946890317,1.50930465829805,0.287140797105206
0.104761904761905,0.230860193232512,0.0542254664333218,1.50858287567393,0.287416306301021
0.104861111111111,0.230932056146752,0.0542967376596788,1.50786143811152,0.287691786560672
0.104960317460317,0.231003767582929,0.0543680083194937,1.5071403454478,0.287967237843365
0.105059523809524,0.2310753277373,0.0544392783641951,1.50641959751982,0.288242660108341
0.10515873015873,0.231146736806002,0.0545105477452486,1.50569919416471,0.288518053314875
0.105257936507937,0.231217994985048,0.0545818164141577,1.50497913521965,0.288793417422279
0.105357142857143,0.231289102470325,0.0546530843224628,1.50425942052189,0.289068752389897
0.105456349206349,0.231360059457599,0.0547243514217422,1.50354004990873,0.289344058177109
0.105555555555556,0.231430866142512,0.0547956176636113,1.50282102321755,0.28961933474333
0.105654761904762,0.231501522720582,0.0548668829997229,1.50210234028581,0.289894582048008
0.105753968253968,0.231572029387203,0.0549381473817674,1.501384000951,0.290169800050628
0.105853174603175,0.231642386337648,0.0550094107614724,1.50066600505069,0.290444988710709
0.105952380952381,0.231712593767063,0.0550806730906032,1.49994835242253,0.290720147987804
0.106051587301587,0.231782651870472,0.0551519343209621,1.49923104290422,0.290995277841501
0.106150793650794,0.231852560842777,0.0552231944043891,1.49851407633351,0.291270378231423
0.10625,0.231922320878754,0.0552944532927616,1.49779745254826,0.291545449117228
0.106349206349206,0.231991932173058,0.0553657109379944,1.49708117138634,0.291820490458607
0.106448412698413,0.232061394920218,0.0554369672920394,1.49636523268573,0.292095502215289
0.106547619047619,0.23213070931464,0.0555082223068864,1.49564963628445,0.292370484347034
0.106646825396825,0.232199875550609,0.0555794759345623,1.49493438202059,0.292645436813639
0.106746031746032,0.232268893822283,0.0556507281271314,1.49421946973231,0.292920359574935
0.106845238095238,0.232337764323698,0.0557219788366956,1.49350489925783,0.293195252590788
0.106944444444444,0.232406487248768,0.0557932280153941,1.49279067043543,0.293470115821099
0.107043650793651,0.232475062791282,0.0558644756154034,1.49207678310347,0.293744949225803
0.107142857142857,0.232543491144904,0.0559357215889375,1.49136323710037,0.29401975276487
0.107242063492063,0.232611772503177,0.056006965888248,1.4906500322646,0.294294526398305
0.10734126984127,0.23267990705952,0.0560782084656236,1.48993716843471,0.294569270086147
0.107440476190476,0.232747895007227,0.0561494492733905,1.48922464544932,0.294843983788471
0.107539682539683,0.232815736539471,0.0562206882639125,1.48851246314709,0.295118667465385
0.107638888888889,0.232883431849298,0.0562919253895905,1.48780062136677,0.295393321077032
0.107738095238095,0.232950981129635,0.056363160602863,1.48708911994716,0.295667944583592
0.107837301587302,0.233018384573281,0.0564343938562059,1.48637795872714,0.295942537945278
0.107936507936508,0.233085642372914,0.0565056251021325,1.48566713754564,0.296217101122336
0.108035714285714,0.233152754721088,0.0565768542931935,1.48495665624166,0.29649163407505
0.108134920634921,0.233219721810234,0.056648081381977,1.48424651465426,0.296766136763737
0.108234126984127,0.233286543832659,0.0567193063211084,1.48353671262259,0.297040609148749
0.108333333333333,0.233353220980545,0.0567905290632507,1.48282724998582,0.297315051190471
0.10843253968254,0.233419753445954,0.0568617495611042,1.48211812658323,0.297589462849327
0.108531746031746,0.233486141420821,0.0569329677674066,1.48140934225413,0.297863844085771
0.108630952380952,0.23355238509696,0.0570041836349332,1.48070089683792,0.298138194860295
0.108730158730159,0.23361848466606,0.0570753971164963,1.47999279017405,0.298412515133424
0.108829365079365,0.233684440319686,0.0571466081649461,1.47928502210205,0.298686804865718
0.108928571428571,0.233750252249282,0.0572178167331698,1.47857759246149,0.298961064017772
0.109027777777778,0.233815920646166,0.0572890227740922,1.47787050109203,0.299235292550217
0.109126984126984,0.233881445701533,0.0573602262406755,1.47716374783337,0.299509490423715
0.10922619047619,0.233946827606456,0.0574314270859194,1.47645733252531,0.299783657598967
0.109325396825397,0.234012066551883,0.0575026252628607,1.47575125500769,0.300057794036705
0.109424603174603,0.234077162728639,0.057573820724574,1.4750455151204,0.3003318996977
0.10952380952381,0.234142116327424,0.057645013424171,1.47434011270344,0.300605974542753
0.109623015873016,0.234206927538818,0.0577162033148009,1.47363504759683,0.300880018532704
0.109722222222222,0.234271596553273,0.0577873903496504,1.47293031964069,0.301154031628423
0.109821428571429,0.234336123561122,0.0578585744819436,1.47222592867518,0.30142801379082
0.109920634920635,0.234400508752572,0.0579297556649418,1.47152187454053,0.301701964980835
0.110019841269841,0.234464752317705,0.058000933851944,1.47081815707705,0.301975885159447
0.110119047619048,0.234528854446483,0.0580721089962864,1.47011477612509,0.302249774287666
0.110218253968254,0.234592815328743,0.0581432810513426,1.46941173152509,0.302523632326538
0.11031746031746,0.234656635154198,0.0582144499705238,1.46870902311754,0.302797459237145
0.110416666666667,0.234720314112436,0.0582856157072785,1.468006650743,0.303071254980603
0.110515873015873,0.234783852392926,0.0583567782150926,1.46730461424209,0.303345019518061
0.110615079365079,0.234847250185009,0.0584279374474893,1.4666029134555,0.303618752810705
0.110714285714286,0.234910507677905,0.0584990933580294,1.46590154822398,0.303892454819755
0.110813492063492,0.23497362506071,0.0585702459003111,1.46520051838836,0.304166125506465
0.110912698412698,0.235036602522395,0.0586413950279698,1.46449982378951,0.304439764832124
0.111011904761905,0.23509944025181,0.0587125406946784,1.46379946426839,0.304713372758057
0.111111111111111,0.23516213843768,0.0587836828541475,1.463099439666,0.304986949245622
0.111210317460317,0.235224697268606,0.0588548214601246,1.46239974982343,0.305260494256213
0.111309523809524,0.235287116933067,0.0589259564663951,1.46170039458181,0.305534007751258
0.11140873015873,0.235349397619418,0.0589970878267814,1.46100137378236,0.305807489692219
0.111507936507937,0.235411539515889,0.0590682154951435,1.46030268726634,0.306080940040595
0.111607142857143,0.235473542810588,0.0591393394253789,1.45960433487511,0.306354358757917
0.111706349206349,0.2355354076915,0.0592104595714223,1.45890631645004,0.306627745805753
0.111805555555556,0.235597134346486,0.059281575887246,1.45820863183263,0.306901101145705
0.111904761904762,0.235658722963281,0.0593526883268596,1.45751128086439,0.307174424739407
0.112003968253968,0.2357201737295,0.0594237968443101,1.45681426338693,0.307447716548533
0.112103174603175,0.235781486832634,0.0594949013936819,1.4561175792419,0.307720976534788
0.112202380952381,0.235842662460048,0.0595660019290969,1.45542122827104,0.307994204659912
0.112301587301587,0.235903700798987,0.0596370984047144,1.45472521031614,0.308267400885681
0.112400793650794,0.235964602036569,0.059708190774731,1.45402952521904,0.308540565173905
0.1125,0.23602536635979,0.0597792789933808,1.45333417282169,0.308813697486428
0.112599206349206,0.236085993955524,0.0598503630149352,1.45263915296605,0.30908679778513
0.112698412698413,0.236146485010519,0.0599214427937032,1.45194446549419,0.309359866031925
0.112797619047619,0.236206839711401,0.059992518284031,1.45125011024822,0.309632902188763
0.112896825396825,0.236267058244672,0.0600635894403024,1.45055608707032,0.309905906217626
0.112996031746032,0.23632714079671,0.0601346562169384,1.44986239580275,0.310178878080533
0.113095238095238,0.236387087553771,0.0602057185683977,1.4491690362878,0.310451817739537
0.113194444444444,0.236446898701987,0.060276776449176,1.44847600836785,0.310724725156726
0.113293650793651,0.236506574427364,0.0603478298138069,1.44778331188536,0.310997600294223
0.113392857142857,0.236566114915789,0.0604188786168609,1.44709094668282,0.311270443114184
0.113492063492063,0.236625520353021,0.0604899228129463,1.4463989126028,0.311543253578801
0.11359126984127,0.236684790924698,0.0605609623567087,1.44570720948794,0.311816031650302
0.113690476190476,0.236743926816335,0.0606319972028309,1.44501583718095,0.312088777290947
0.113789682539683,0.236802928213322,0.0607030273060334,1.44432479552458,0.312361490463033
0.113888888888889,0.236861795300925,0.0607740526210741,1.44363408436168,0.31263417112889
0.113988095238095,0.236920528264289,0.0608450731027479,1.44294370353512,0.312906819250883
0.114087301587302,0.236979127288433,0.0609160887058877,1.44225365288789,0.313179434791415
0.114186507936508,0.237037592558254,0.0609870993853634,1.44156393226299,0.313452017712917
0.114285714285714,0.237095924258524,0.0610581050960824,1.44087454150352,0.313724567977862
0.114384920634921,0.237154122573894,0.0611291057929896,1.44018548045264,0.313997085548753
0.114484126984127,0.237212187688888,0.0612001014310672,1.43949674895357,0.314269570388129
0.114583333333333,0.237270119787911,0.0612710919653348,1.43880834684958,0.314542022458563
0.11468253968254,0.237327919055239,0.0613420773508495,1.43812027398405,0.314814441722666
0.114781746031746,0.23738558567503,0.0614130575427058,1.43743253020036,0.315086828143079
0.114880952380952,0.237443119831314,0.0614840324960356,1.43674511534202,0.315359181682481
0.114980158730159,0.237500521708001,0.0615550021660081,1.43605802925255,0.315631502303584
0.115079365079365,0.237557791488874,0.06162596650783,1.43537127177558,0.315903789969136
0.115178571428571,0.237614929357596,0.0616969254767455,1.43468484275478,0.316176044641919
0.115277777777778,0.237671935497704,0.061767879028036,1.43399874203388,0.316448266284749
0.115376984126984,0.237728810092613,0.0618388271170204,1.43331296945669,0.316720454860479
0.11547619047619,0.237785553325614,0.0619097696990552,1.43262752486708,0.316992610331994
0.115575396825397,0.237842165379874,0.0619807067295339,1.43194240810899,0.317264732662216
0.115674603174603,0.237898646438436,0.0620516381638879,1.43125761902641,0.3175368218141
0.11577380952381,0.237954996684221,0.0621225639575855,1.43057315746341,0.317808877750637
0.115873015873016,0.238011216300026,0.0621934840661328,1.42988902326412,0.318080900434851
0.115972222222222,0.238067305468524,0.0622643984450732,1.42920521627272,0.318352889829803
0.116071428571429,0.238123264372266,0.0623353070499874,1.42852173633349,0.318624845898587
0.116170634920635,0.238179093193676,0.0624062098364936,1.42783858329075,0.318896768604333
0.116269841269841,0.238234792115059,0.0624771067602474,1.42715575698888,0.319168657910204
0.116369047619048,0.238290361318593,0.0625479977769418,1.42647325727233,0.319440513779399
0.116468253968254,0.238345800986335,0.0626188828423073,1.42579108398564,0.319712336175152
0.11656746031746,0.238401111300215,0.0626897619121115,1.42510923697337,0.319984125060731
0.116666666666667,0.238456292442044,0.0627606349421599,1.42442771608018,0.320255880399438
0.116765873015873,0.238511344593506,0.0628315018882949,1.42374652115078,0.320527602154611
0.116865079365079,0.238566267936164,0.0629023627063967,1.42306565202995,0.320799290289624
0.116964285714286,0.238621062651454,0.0629732173523827,1.42238510856254,0.321070944767881
0.117063492063492,0.238675728920693,0.0630440657822078,1.42170489059344,0.321342565552826
0.117162698412698,0.238730266925072,0.0631149079518642,1.42102499796765,0.321614152607935
0.117261904761905,0.238784676845657,0.0631857438173816,1.42034543053018,0.321885705896718
0.117361111111111,0.238838958863393,0.0632565733348272,1.41966618812616,0.322157225382722
0.117460317460317,0.238893113159101,0.0633273964603053,1.41898727060073,0.322428711029528
0.117559523809524,0.238947139913479,0.0633982131499579,1.41830867779914,0.32270016280075
0.11765873015873,0.239001039307099,0.0634690233599644,1.41763040956669,0.32297158066004
0.117757936507936,0.239054811520412,0.0635398270465414,1.41695246574874,0.32324296457108
0.117857142857143,0.239108456733744,0.0636106241659431,1.41627484619071,0.323514314497592
0.117956349206349,0.2391619751273,0.063681414674461,1.41559755073809,0.323785630403329
0.118055555555556,0.239215366881157,0.063752198528424,1.41492057923645,0.32405691225208
0.118154761904762,0.239268632175273,0.0638229756841986,1.41424393153141,0.324328160007669
0.118253968253968,0.239321771189481,0.0638937460981885,1.41356760746866,0.324599373633953
0.118353174603175,0.239374784103488,0.0639645097268348,1.41289160689394,0.324870553094827
0.118452380952381,0.239427671096881,0.0640352665266161,1.41221592965307,0.325141698354218
0.118551587301587,0.239480432349122,0.0641060164540485,1.41154057559194,0.325412809376088
0.118650793650794,0.239533068039549,0.0641767594656853,1.4108655445565,0.325683886124435
0.11875,0.239585578347379,0.0642474955181173,1.41019083639275,0.32595492856329
0.118849206349206,0.239637963451701,0.0643182245679728,1.40951645094677,0.326225936656721
0.118948412698413,0.239690223531484,0.0643889465719173,1.4088423880647,0.326496910368828
0.119047619047619,0.239742358765573,0.064459661486654,1.40816864759275,0.326767849663748
0.119146825396825,0.239794369332689,0.0645303692689231,1.4074952293772,0.327038754505651
0.119246031746032,0.239846255411429,0.0646010698755027,1.40682213326437,0.327309624858743
0.119345238095238,0.239898017180267,0.064671763263208,1.40614935910067,0.327580460687264
0.119444444444444,0.239949654817555,0.0647424493888915,1.40547690673257,0.327851261955489
0.119543650793651,0.240001168501518,0.0648131282094435,1.40480477600659,0.328122028627728
0.119642857142857,0.24005255841026,0.0648837996817913,1.40413296676934,0.328392760668325
0.119742063492063,0.240103824721762,0.0649544637628999,1.40346147886748,0.32866345804166
0.11984126984127,0.24015496761388,0.0650251204097715,1.40279031214772,0.328934120712145
0.119940476190476,0.240205987264346,0.065095769579446,1.40211946645686,0.32920474864423
0.120039682539683,0.240256883850771,0.0651664112290003,1.40144894164177,0.329475341802398
0.120138888888889,0.24030765755064,0.0652370453155491,1.40077873754935,0.329745900151167
0.120238095238095,0.240358308541315,0.0653076717962442,1.40010885402659,0.330016423655089
0.120337301587302,0.240408837000036,0.065378290628275,1.39943929092055,0.330286912278752
0.120436507936508,0.240459243103919,0.0654489017688683,1.39877004807833,0.330557365986778
0.120535714285714,0.240509527029954,0.0655195051752881,1.39810112534713,0.330827784743825
0.120634920634921,0.24055968895501,0.0655901008048362,1.39743252257419,0.331098168514582
0.120734126984127,0.240609729055833,0.0656606886148514,1.3967642396068,0.331368517263777
0.120833333333333,0.240659647509044,0.0657312685627102,1.39609627629237,0.331638830956171
0.12093253968254,0.24070944449114,0.0658018406058262,1.39542863247831,0.331909109556559
0.121031746031746,0.240759120178496,0.0658724047016508,1.39476130801214,0.332179353029772
0.121130952380952,0.240808674747363,0.0659429608076726,1.39409430274142,0.332449561340675
0.121230158730159,0.240858108373868,0.0660135088814176,1.3934276165138,0.332719734454167
0.121329365079365,0.240907421234015,0.0660840488804491,1.39276124917696,0.332989872335184
0.121428571428571,0.240956613503684,0.0661545807623681,1.39209520057869,0.333259974948695
0.121527777777778,0.241005685358633,0.0662251044848127,1.39142947056679,0.333530042259703
0.121626984126984,0.241054636974494,0.0662956200054587,1.39076405898918,0.333800074233248
0.12172619047619,0.241103468526778,0.0663661272820191,1.39009896569381,0.334070070834402
0.121825396825397,0.24115218019087,0.0664366262722443,1.3894341905287,0.334340032028274
0.121924603174603,0.241200772142034,0.0665071169339223,1.38876973334195,0.334609957780008
0.12202380952381,0.241249244555408,0.0665775992248783,1.3881055939817,0.334879848054779
0.122123015873016,0.241297597606009,0.066648073102975,1.38744177229618,0.335149702817801
0.122222222222222,0.241345831468729,0.0667185385261126,1.38677826813367,0.335419522034322
0.122321428571429,0.241393946318337,0.0667889954522285,1.38611508134252,0.335689305669621
0.122420634920635,0.241441942329477,0.0668594438392977,1.38545221177114,0.335959053689017
0.122519841269841,0.241489819676673,0.0669298836453325,1.38478965926802,0.33622876605786
0.122619047619048,0.241537578534321,0.0670003148283826,1.38412742368169,0.336498442741535
0.122718253968254,0.241585219076696,0.0670707373465352,1.38346550486077,0.336768083705465
0.12281746031746,0.241632741477951,0.0671411511579148,1.38280390265393,0.337037688915103
0.122916666666667,0.241680145912112,0.0672115562206834,1.38214261690991,0.33730725833594
0.123015873015873,0.241727432553083,0.0672819524930404,1.3814816474775,0.337576791933502
0.123115079365079,0.241774601574646,0.0673523399332225,1.38082099420559,0.337846289673346
0.123214285714286,0.241821653150458,0.067422718499504,1.3801606569431,0.338115751521068
0.123313492063492,0.241868587454053,0.0674930881501964,1.37950063553903,0.338385177442296
0.123412698412698,0.241915404658839,0.0675634488436488,1.37884092984244,0.338654567402695
0.123511904761905,0.241962104938105,0.0676338005382475,1.37818153970246,0.338923921367961
0.123611111111111,0.242008688465014,0.0677041431924164,1.37752246496829,0.339193239303829
0.123710317460317,0.242055155412604,0.0677744767646168,1.37686370548919,0.339462521176066
0.123809523809524,0.242101505953792,0.0678448012133472,1.37620526111447,0.339731766950475
0.12390873015873,0.242147740261371,0.0679151164971437,1.37554713169352,0.340000976592893
0.124007936507936,0.242193858508011,0.0679854225745797,1.3748893170758,0.340270150069192
0.124107142857143,0.242239860866255,0.0680557194042662,1.37423181711082,0.340539287345278
0.124206349206349,0.242285747508527,0.0681260069448514,1.37357463164817,0.340808388387093
0.124305555555556,0.242331518607126,0.068196285155021,1.37291776053749,0.341077453160613
0.124404761904762,0.242377174334226,0.068266553993498,1.3722612036285,0.341346481631848
0.124503968253968,0.242422714861878,0.068336813419043,1.37160496077097,0.341615473766845
0.124603174603175,0.242468140362012,0.068407063390454,1.37094903181475,0.341884429531684
0.124702380952381,0.242513451006431,0.0684773038665661,1.37029341660974,0.342153348892478
0.124801587301587,0.242558646966817,0.0685475348062521,1.36963811500592,0.342422231815379
0.124900793650794,0.242603728414727,0.0686177561684223,1.36898312685331,0.342691078266571
0.125,0.242648695521595,0.0686879679120239,1.36832845200203,0.342959888212272
0.125099206349206,0.242693548458732,0.0687581699960422,1.36767409030224,0.343228661618736
0.125198412698413,0.242738287397325,0.0688283623794994,1.36702004160418,0.343497398452253
0.125297619047619,0.242782912508437,0.0688985450214553,1.36636630575813,0.343766098679144
0.125396825396825,0.242827423963008,0.068968717881007,1.36571288261446,0.344034762265769
0.125496031746032,0.242871821931855,0.0690388809172891,1.3650597720236,0.34430338917852
0.125595238095238,0.24291610658567,0.0691090340894737,1.36440697383604,0.344571979383824
0.125694444444444,0.242960278095024,0.0691791773567702,1.36375448790233,0.344840532848143
0.125793650793651,0.243004336630362,0.0692493106784253,1.3631023140731,0.345109049537975
0.125892857142857,0.243048282362007,0.0693194340137232,1.36245045219903,0.345377529419851
0.125992063492063,0.243092115460157,0.0693895473219857,1.36179890213087,0.345645972460336
0.12609126984127,0.243135836094888,0.0694596505625717,1.36114766371944,0.345914378626033
0.126190476190476,0.243179444436153,0.0695297436948776,1.36049673681563,0.346182747883576
0.126289682539683,0.243222940653779,0.0695998266783374,1.35984612127036,0.346451080199637
0.126388888888889,0.243266324917471,0.0696698994724223,1.35919581693467,0.34671937554092
0.126488095238095,0.243309597396811,0.0697399620366409,1.35854582365962,0.346987633874165
0.126587301587302,0.243352758261256,0.0698100143305394,1.35789614129635,0.347255855166147
0.126686507936508,0.243395807680142,0.0698800563137011,1.35724676969606,0.347524039383674
0.126785714285714,0.243438745822679,0.0699500879457472,1.35659770871004,0.347792186493593
0.126884920634921,0.243481572857954,0.0700201091863357,1.35594895818961,0.348060296462779
0.126984126984127,0.243524288954931,0.0700901199951625,1.35530051798618,0.348328369258149
0.127083333333333,0.243566894282451,0.0701601203319606,1.3546523879512,0.348596404846648
0.12718253968254,0.24360938900923,0.0702301101565006,1.35400456793622,0.348864403195261
0.127281746031746,0.243651773303862,0.0703000894285904,1.35335705779282,0.349132364271005
0.127380952380952,0.243694047334816,0.0703700581080754,1.35270985737266,0.349400288040932
0.127480158730159,0.243736211270439,0.0704400161548384,1.35206296652748,0.349668174472129
0.127579365079365,0.243778265278955,0.0705099635287994,1.35141638510905,0.349936023531718
0.127678571428571,0.243820209528461,0.070579900189916,1.35077011296924,0.350203835186856
0.127777777777778,0.243862044186934,0.0706498260981833,1.35012414995996,0.350471609404733
0.127876984126984,0.243903769422226,0.0707197412136337,1.34947849593321,0.350739346152576
0.12797619047619,0.243945385402066,0.0707896454963369,1.34883315074101,0.351007045397645
0.128075396825397,0.243986892294059,0.0708595389064001,1.34818811423551,0.351274707107235
0.128174603174603,0.244028290265688,0.0709294214039679,1.34754338626886,0.351542331248677
0.12827380952381,0.244069579484309,0.0709992929492224,1.34689896669332,0.351809917789335
0.128373015873016,0.244110760117159,0.071069153502383,1.34625485536119,0.352077466696609
0.128472222222222,0.244151832331347,0.0711390030237065,1.34561105212486,0.352344977937933
0.128571428571429,0.244192796293863,0.0712088414734873,1.34496755683675,0.352612451480776
0.128670634920635,0.24423365217157,0.0712786688120569,1.34432436934938,0.352879887292641
0.128769841269841,0.244274400131209,0.0713484849997844,1.3436814895153,0.353147285341068
0.128869047619048,0.244315040339397,0.0714182899970762,1.34303891718716,0.353414645593628
0.128968253968254,0.244355572962627,0.0714880837643764,1.34239665221766,0.35368196801793
0.12906746031746,0.244395998167271,0.0715578662621661,1.34175469445955,0.353949252581616
0.129166666666667,0.244436316119575,0.071627637450964,1.34111304376567,0.354216499252364
0.129265873015873,0.244476526985661,0.0716973972913263,1.3404716999889,0.354483707997885
0.129365079365079,0.24451663093153,0.0717671457438465,1.33983066298222,0.354750878785926
0.129464285714286,0.244556628123057,0.0718368827691555,1.33918993259863,0.355018011584269
0.129563492063492,0.244596518725996,0.0719066083279216,1.33854950869124,0.355285106360729
0.129662698412698,0.244636302905975,0.0719763223808506,1.33790939111318,0.355552163083157
0.129761904761905,0.2446759808285,0.0720460248886857,1.33726957971769,0.355819181719439
0.129861111111111,0.244715552658954,0.0721157158122073,1.33663007435804,0.356086162237496
0.129960317460317,0.244755018562594,0.0721853951122334,1.33599087488758,0.356353104605281
0.130059523809524,0.244794378704557,0.0722550627496196,1.33535198115973,0.356620008790785
0.13015873015873,0.244833633249853,0.0723247186852584,1.33471339302795,0.356886874762032
0.130257936507937,0.24487278236337,0.0723943628800801,1.33407511034581,0.357153702487082
0.130357142857143,0.244911826209874,0.0724639952950523,1.33343713296689,0.357420491934027
0.130456349206349,0.244950764954005,0.0725336158911801,1.33279946074488,0.357687243070997
0.130555555555556,0.244989598760281,0.0726032246295058,1.33216209353351,0.357953955866155
0.130654761904762,0.245028327793096,0.0726728214711092,1.33152503118658,0.358220630287699
0.130753968253968,0.24506695221672,0.0727424063771077,1.33088827355797,0.358487266303861
0.130853174603175,0.245105472195301,0.0728119793086558,1.3302518205016,0.358753863882909
0.130952380952381,0.245143887892861,0.0728815402269456,1.32961567187147,0.359020422993145
0.131051587301587,0.245182199473302,0.0729510890932065,1.32897982752164,0.359286943602906
0.131150793650794,0.245220407100399,0.0730206258687055,1.32834428730624,0.359553425680564
0.13125,0.245258510937806,0.0730901505147467,1.32770905107947,0.359819869194524
0.131349206349206,0.245296511149052,0.073159662992672,1.32707411869557,0.360086274113228
0.131448412698413,0.245334407897543,0.0732291632638603,1.32643949000888,0.360352640405152
0.131547619047619,0.245372201346562,0.0732986512897283,1.32580516487377,0.360618968038805
0.131646825396825,0.245409891659267,0.0733681270317296,1.3251711431447,0.360885256982733
0.131746031746032,0.245447478998694,0.0734375904513559,1.32453742467618,0.361151507205517
0.131845238095238,0.245484963527755,0.0735070415101357,1.3239040093228,0.361417718675769
0.131944444444444,0.245522345409238,0.0735764801696351,1.3232708969392,0.361683891362141
0.132043650793651,0.245559624805808,0.0736459063914578,1.3226380873801,0.361950025233315
0.132142857142857,0.245596801880007,0.0737153201372447,1.32200558050026,0.362216120258011
0.132242063492063,0.245633876794253,0.0737847213686741,1.32137337615454,0.362482176404981
0.13234126984127,0.24567084971084,0.0738541100474618,1.32074147419784,0.362748193643015
0.132440476190476,0.245707720791939,0.0739234861353611,1.32010987448512,0.363014171940935
0.132539682539683,0.245744490199597,0.0739928495941624,1.31947857687142,0.363280111267599
0.132638888888889,0.245781158095738,0.0740622003856938,1.31884758121185,0.363546011591898
0.132738095238095,0.245817724642163,0.0741315384718207,1.31821688736158,0.363811872882761
0.132837301587302,0.245854190000548,0.0742008638144458,1.31758649517582,0.364077695109148
0.132936507936508,0.245890554332448,0.0742701763755095,1.31695640450987,0.364343478240056
0.133035714285714,0.245926817799291,0.0743394761169894,1.31632661521911,0.364609222244517
0.133134920634921,0.245962980562383,0.0744087630009004,1.31569712715895,0.364874927091596
0.133234126984127,0.245999042782909,0.0744780369892951,1.31506794018487,0.365140592750394
0.133333333333333,0.246035004621927,0.0745472980442633,1.31443905415245,0.365406219190046
0.13343253968254,0.246070866240373,0.0746165461279322,1.3138104689173,0.365671806379722
0.133531746031746,0.246106627799059,0.0746857812024666,1.31318218433509,0.365937354288628
0.133630952380952,0.246142289458674,0.0747550032300684,1.31255420026159,0.366202862886002
0.133730158730159,0.246177851379784,0.0748242121729773,1.31192651655261,0.366468332141119
0.133829365079365,0.24621331372283,0.0748934079934701,1.31129913306402,0.366733762023287
0.133928571428571,0.24624867664813,0.0749625906538611,1.31067204965178,0.366999152501851
0.134027777777778,0.24628394031588,0.075031760116502,1.31004526617189,0.367264503546188
0.134126984126984,0.24631910488615,0.075100916343782,1.30941878248042,0.367529815125713
0.13422619047619,0.246354170518888,0.0751700592981275,1.30879259843352,0.367795087209872
0.134325396825397,0.246389137373919,0.0752391889420026,1.30816671388739,0.368060319768147
0.134424603174603,0.246424005610943,0.0753083052379085,1.3075411286983,0.368325512770057
0.13452380952381,0.246458775389537,0.0753774081483841,1.30691584272259,0.368590666185154
0.134623015873016,0.246493446869155,0.0754464976360055,1.30629085581665,0.368855779983023
0.134722222222222,0.246528020209128,0.0755155736633862,1.30566616783694,0.369120854133286
0.134821428571429,0.246562495568662,0.0755846361931773,1.30504177864,0.3693858886056
0.134920634920635,0.24659687310684,0.0756536851880672,1.30441768808242,0.369650883369655
0.135019841269841,0.246631152982622,0.0757227206107816,1.30379389602086,0.369915838395177
0.135119047619048,0.246665335354844,0.0757917424240837,1.30317040231204,0.370180753651926
0.135218253968254,0.246699420382219,0.0758607505907743,1.30254720681275,0.370445629109696
0.13531746031746,0.246733408223335,0.0759297450736912,1.30192430937985,0.370710464738318
0.135416666666667,0.246767299036659,0.07599872583571,1.30130170987025,0.370975260507656
0.135515873015873,0.246801092980533,0.0760676928397434,1.30067940814093,0.37124001638761
0.135615079365079,0.246834790213176,0.0761366460487417,1.30005740404896,0.371504732348112
0.135714285714286,0.246868390892681,0.0762055854256927,1.29943569745143,0.371769408359131
0.135813492063492,0.246901895177022,0.0762745109336213,1.29881428820552,0.372034044390671
0.135912698412698,0.246935303224046,0.0763434225355901,1.29819317616849,0.37229864041277
0.136011904761905,0.246968615191477,0.0764123201946988,1.29757236119764,0.372563196395501
0.136111111111111,0.247001831236917,0.0764812038740849,1.29695184315033,0.37282771230897
0.136210317460317,0.247034951517844,0.076550073536923,1.29633162188402,0.37309218812332
0.136309523809524,0.247067976191611,0.0766189291464253,1.29571169725619,0.373356623808728
0.13640873015873,0.24710090541545,0.0766877706658411,1.29509206912443,0.373621019335405
0.136507936507937,0.247133739346466,0.0767565980584576,1.29447273734635,0.373885374673598
0.136607142857143,0.247166478141644,0.076825411287599,1.29385370177967,0.374149689793588
0.136706349206349,0.247199121957844,0.076894210316627,1.29323496228214,0.37441396466569
0.136805555555556,0.247231670951802,0.0769629951089408,1.29261651871159,0.374678199260255
0.136904761904762,0.247264125280131,0.077031765627977,1.29199837092591,0.374942393547668
0.137003968253968,0.247296485099321,0.0771005218372096,1.29138051878306,0.375206547498348
0.137103174603175,0.247328750565737,0.0771692637001498,1.29076296214106,0.375470661082751
0.137202380952381,0.247360921835623,0.0772379911803466,1.29014570085799,0.375734734271366
0.137301587301587,0.247392999065097,0.0773067042413861,1.28952873479202,0.375998767034716
0.137400793650794,0.247424982410155,0.0773754028468919,1.28891206380136,0.376262759343361
0.1375,0.247456872026668,0.077444086960525,1.28829568774428,0.376526711167894
0.137599206349206,0.247488668070386,0.0775127565459839,1.28767960647914,0.376790622478943
0.137698412698413,0.247520370696932,0.0775814115670043,1.28706381986435,0.377054493247171
0.137797619047619,0.247551980061809,0.0776500519873596,1.28644832775838,0.377318323443276
0.137896825396825,0.247583496320395,0.0777186777708603,1.28583313001978,0.37758211303799
0.137996031746032,0.247614919627943,0.0777872888813545,1.28521822650715,0.377845862002079
0.138095238095238,0.247646250139586,0.0778558852827277,1.28460361707916,0.378109570306346
0.138194444444444,0.247677488010329,0.0779244669389027,1.28398930159456,0.378373237921628
0.138293650793651,0.247708633395057,0.0779930338138399,1.28337527991213,0.378636864818794
0.138392857142857,0.247739686448531,0.0780615858715369,1.28276155189075,0.378900450968752
0.138492063492063,0.247770647325388,0.0781301230760289,1.28214811738935,0.379163996342442
0.13859126984127,0.24780151618014,0.0781986453913882,1.28153497626693,0.37942750091084
0.138690476190476,0.247832293167177,0.0782671527817249,1.28092212838253,0.379690964644954
0.138789682539683,0.247862978440767,0.0783356452111863,1.2803095735953,0.379954387515831
0.138888888888889,0.247893572155052,0.078404122643957,1.27969731176443,0.380217769494549
0.138988095238095,0.24792407446405,0.0784725850442593,1.27908534274915,0.380481110552223
0.139087301587302,0.247954485521659,0.0785410323763527,1.27847366640881,0.380744410660002
0.139186507936508,0.24798480548165,0.0786094646045341,1.27786228260278,0.381007669789069
0.139285714285714,0.248015034497672,0.0786778816931379,1.27725119119052,0.381270887910643
0.139384920634921,0.24804517272325,0.0787462836065359,1.27664039203153,0.381534064995977
0.139484126984127,0.248075220311787,0.0788146703091373,1.2760298849854,0.381797201016358
0.139583333333333,0.24810517741656,0.0788830417653886,1.27541966991178,0.382060295943109
0.13968253968254,0.248135044190725,0.0789513979397739,1.27480974667037,0.382323349747588
0.139781746031746,0.248164820787312,0.0790197387968146,1.27420011512095,0.382586362401186
0.139880952380952,0.248194507359229,0.0790880643010694,1.27359077512337,0.38284933387533
0.139980158730159,0.248224104059261,0.0791563744171347,1.27298172653751,0.383112264141482
0.140079365079365,0.248253611040069,0.079224669109644,1.27237296922336,0.383375153171137
0.140178571428571,0.248283028454189,0.0792929483432683,1.27176450304095,0.383638000935826
0.140277777777778,0.248312356454035,0.0793612120827163,1.27115632785038,0.383900807407115
0.140376984126984,0.248341595191898,0.0794294602927336,1.27054844351181,0.384163572556604
0.14047619047619,0.248370744819944,0.0794976929381035,1.26994084988548,0.384426296355928
0.140575396825397,0.248399805490216,0.0795659099836468,1.26933354683167,0.384688978776756
0.140674603174603,0.248428777354635,0.0796341113942216,1.26872653421075,0.384951619790794
0.14077380952381,0.248457660564996,0.0797022971347232,1.26811981188314,0.38521421936978
0.140873015873016,0.248486455272972,0.0797704671700847,1.26751337970933,0.385476777485488
0.140972222222222,0.248515161630112,0.0798386214652762,1.26690723754987,0.385739294109727
0.141071428571429,0.248543779787842,0.0799067599853057,1.26630138526539,0.386001769214339
0.141170634920635,0.248572309897464,0.0799748826952181,1.26569582271656,0.386264202771203
0.141269841269841,0.248600752110157,0.080042989560096,1.26509054976414,0.386526594752232
0.141369047619048,0.248629106576975,0.0801110805450594,1.26448556626893,0.386788945129373
0.141468253968254,0.248657373448851,0.0801791556152656,1.26388087209183,0.387051253874608
0.14156746031746,0.248685552876592,0.0802472147359094,1.26327646709377,0.387313520959954
0.141666666666667,0.248713645010883,0.0803152578722229,1.26267235113575,0.387575746357463
0.141765873015873,0.248741650002286,0.0803832849894757,1.26206852407887,0.38783793003922
0.141865079365079,0.248769568001238,0.0804512960529748,1.26146498578424,0.388100071977347
0.141964285714286,0.248797399158052,0.0805192910280646,1.26086173611308,0.388362172144
0.142063492063492,0.24882514362292,0.0805872698801269,1.26025877492665,0.388624230511368
0.142162698412698,0.248852801545908,0.080655232574581,1.25965610208629,0.388886247051678
0.142261904761905,0.248880373076961,0.0807231790768833,1.25905371745339,0.389148221737189
0.142361111111111,0.248907858365898,0.0807911093525281,1.25845162088942,0.389410154540196
0.142460317460317,0.248935257562415,0.0808590233670466,1.25784981225591,0.389672045433027
0.142559523809524,0.248962570816086,0.0809269210860078,1.25724829141444,0.389933894388048
0.14265873015873,0.248989798276361,0.0809948024750179,1.25664705822668,0.390195701377656
0.142757936507937,0.249016940092565,0.0810626674997206,1.25604611255435,0.390457466374285
0.142857142857143,0.2490439964139,0.0811305161257969,1.25544545425924,0.390719189350404
0.142956349206349,0.249070967389447,0.0811983483189653,1.25484508320319,0.390980870278514
0.143055555555556,0.249097853168159,0.0812661640449818,1.25424499924813,0.391242509131155
0.143154761904762,0.24912465389887,0.0813339632696395,1.25364520225604,0.391504105880898
0.143253968253968,0.249151369730288,0.0814017459587693,1.25304569208896,0.39176566050035
0.143353174603175,0.249178000810997,0.0814695120782392,1.25244646860902,0.392027172962153
0.143452380952381,0.24920454728946,0.0815372615939547,1.25184753167837,0.392288643238983
0.143551587301587,0.249231009314014,0.0816049944718588,1.25124888115928,0.392550071303553
0.143650793650794,0.249257387032873,0.0816727106779318,1.25065051691403,0.392811457128606
0.14375,0.249283680594129,0.0817404101781915,1.25005243880502,0.393072800686925
0.143849206349206,0.249309890145748,0.0818080929386931,1.24945464669466,0.393334101951325
0.143948412698413,0.249336015835576,0.081875758925529,1.24885714044547,0.393595360894655
0.144047619047619,0.249362057811331,0.0819434081048293,1.24825991992001,0.3938565774898
0.144146825396825,0.249388016220612,0.0820110404427613,1.24766298498091,0.39411775170968
0.144246031746032,0.249413891210891,0.0820786559055299,1.24706633549087,0.39437888352725
0.144345238095238,0.249439682929519,0.0821462544593772,1.24646997131266,0.394639972915497
0.144444444444444,0.249465391523722,0.0822138360705828,1.24587389230908,0.394901019847446
0.144543650793651,0.249491017140602,0.0822814007054638,1.24527809834305,0.395162024296155
0.144642857142857,0.249516559927139,0.0823489483303746,1.24468258927751,0.395422986234717
0.144742063492063,0.249542020030189,0.082416478911707,1.24408736497548,0.395683905636261
0.14484126984127,0.249567397596484,0.0824839924158903,1.24349242530005,0.395944782473947
0.144940476190476,0.249592692772634,0.0825514888093911,1.24289777011438,0.396205616720975
0.145039682539683,0.249617905705122,0.0826189680587134,1.24230339928167,0.396466408350575
0.145138888888889,0.249643036540312,0.0826864301303988,1.24170931266522,0.396727157336014
0.145238095238095,0.249668085424441,0.0827538749910261,1.24111551012835,0.396987863650594
0.145337301587302,0.249693052503624,0.0828213026072116,1.24052199153449,0.397248527267651
0.145436507936508,0.249717937923853,0.082888712945609,1.23992875674711,0.397509148160555
0.145535714285714,0.249742741830996,0.0829561059729093,1.23933580562975,0.397769726302712
0.145634920634921,0.249767464370795,0.0830234816558413,1.23874313804601,0.398030261667563
0.145734126984127,0.249792105688874,0.0830908399611706,1.23815075385957,0.398290754228583
0.145833333333333,0.249816665930727,0.0831581808557006,1.23755865293417,0.39855120395928
0.14593253968254,0.24984114524173,0.0832255043062721,1.23696683513359,0.3988116108332
0.146031746031746,0.249865543767133,0.0832928102797632,1.23637530032171,0.399071974823921
0.146130952380952,0.249889861652062,0.0833600987430896,1.23578404836245,0.399332295905058
0.146230158730159,0.249914099041521,0.083427369663204,1.23519307911982,0.399592574050259
0.146329365079365,0.249938256080388,0.083494623007097,1.23460239245787,0.399852809233207
0.146428571428571,0.249962332913422,0.0835618587417962,1.23401198824072,0.400113001427621
0.146527777777778,0.249986329685253,0.0836290768343669,1.23342186633257,0.400373150607252
0.146626984126984,0.250010246540392,0.0836962772519117,1.23283202659766,0.400633256745889
0.14672619047619,0.250034083623223,0.0837634599615705,1.23224246890033,0.400893319817353
0.146825396825397,0.25005784107801,0.0838306249305209,1.23165319310495,0.401153339795502
0.146924603174603,0.250081519048891,0.0838977721259775,1.23106419907597,0.401413316654227
0.14702380952381,0.25010511767988,0.0839649015151926,1.23047548667791,0.401673250367454
0.147123015873016,0.250128637114871,0.0840320130654559,1.22988705577535,0.401933140909144
0.147222222222222,0.25015207749763,0.0840991067440945,1.22929890623292,0.402192988253293
0.147321428571429,0.250175438971802,0.0841661825184726,1.22871103791535,0.402452792373932
0.147420634920635,0.250198721680909,0.0842332403559924,1.22812345068739,0.402712553245125
0.147519841269841,0.250221925768348,0.0843002802240929,1.2275361444139,0.402972270840973
0.147619047619048,0.250245051377393,0.0843673020902509,1.22694911895978,0.40323194513561
0.147718253968254,0.250268098651195,0.0844343059219805,1.22636237418999,0.403491576103205
0.14781746031746,0.250291067732781,0.0845012916868331,1.22577590996956,0.403751163717963
0.147916666666667,0.250313958765054,0.0845682593523976,1.22518972616361,0.404010707954122
0.148015873015873,0.250336771890795,0.0846352088863006,1.22460382263728,0.404270208785955
0.148115079365079,0.25035950725266,0.0847021402562054,1.22401819925581,0.404529666187771
0.148214285714286,0.250382164993182,0.0847690534298134,1.22343285588449,0.404789080133913
0.148313492063492,0.250404745254771,0.0848359483748631,1.22284779238868,0.405048450598759
0.148412698412698,0.250427248179712,0.0849028250591304,1.22226300863381,0.40530777755672
0.148511904761905,0.250449673910169,0.0849696834504287,1.22167850448535,0.405567060982244
0.148611111111111,0.250472022588179,0.0850365235166087,1.22109427980887,0.405826300849812
0.148710317460317,0.25049429435566,0.0851033452255587,1.22051033446998,0.406085497133941
0.148809523809524,0.250516489354402,0.0851701485452041,1.21992666833437,0.406344649809183
0.14890873015873,0.250538607726075,0.085236933443508,1.21934328126777,0.406603758850122
0.149007936507937,0.250560649612223,0.0853036998884708,1.21876017313601,0.40686282423138
0.149107142857143,0.250582615154267,0.0853704478481303,1.21817734380497,0.407121845927612
0.149206349206349,0.250604504493506,0.0854371772905618,1.21759479314057,0.407380823913509
0.149305555555556,0.250626317771115,0.0855038881838777,1.21701252100884,0.407639758163794
0.149404761904762,0.250648055128143,0.0855705804962282,1.21643052727585,0.407898648653228
0.149503968253968,0.250669716705519,0.0856372541958007,1.21584881180772,0.408157495356604
0.149603174603175,0.250691302644046,0.0857039092508201,1.21526737447067,0.408416298248752
0.149702380952381,0.250712813084405,0.0857705456295485,1.21468621513096,0.408675057304536
0.149801587301587,0.250734248167153,0.0858371633002858,1.21410533365493,0.408933772498853
0.149900793650794,0.250755608032723,0.085903762231369,1.21352472990896,0.409192443806636
0.15,0.250776892821425,0.0859703423911724,1.21294440375952,0.409451071202854
0.150099206349206,0.250798102673445,0.086036903748108,1.21236435507315,0.409709654662509
0.150198412698413,0.250819237728847,0.0861034462706253,1.21178458371642,0.409968194160639
0.150297619047619,0.250840298127569,0.0861699699272108,1.211205089556,0.410226689672315
0.150396825396825,0.250861284009428,0.0862364746863886,1.2106258724586,0.410485141172643
0.150496031746032,0.250882195514116,0.0863029605167202,1.21004693229103,0.410743548636766
0.150595238095238,0.250903032781202,0.0863694273868048,1.20946826892011,0.411001912039859
0.150694444444444,0.250923795950131,0.0864358752652785,1.20888988221278,0.411260231357134
0.150793650793651,0.250944485160225,0.0865023041208151,1.20831177203602,0.411518506563835
0.150892857142857,0.250965100550681,0.0865687139221258,1.20773393825686,0.411776737635243
0.150992063492063,0.250985642260577,0.0866351046379591,1.20715638074242,0.412034924546673
0.15109126984127,0.251006110428861,0.086701476237101,1.20657909935988,0.412293067273475
0.151190476190476,0.251026505194362,0.0867678286883749,1.20600209397648,0.412551165791034
0.151289682539683,0.251046826695785,0.0868341619606416,1.20542536445952,0.412809220074767
0.151388888888889,0.25106707507171,0.0869004760227994,1.20484891067637,0.413067230100129
0.151488095238095,0.251087250460595,0.0869667708437837,1.20427273249447,0.413325195842609
0.151587301587302,0.251107353000773,0.0870330463925676,1.20369682978133,0.41358311727773
0.151686507936508,0.251127382830454,0.0870993026381617,1.20312120240449,0.41384099438105
0.151785714285714,0.251147340087726,0.0871655395496136,1.20254585023161,0.414098827128162
0.151884920634921,0.251167224910551,0.0872317570960087,1.20197077313036,0.414356615494693
0.151984126984127,0.251187037436769,0.0872979552464696,1.20139597096852,0.414614359456304
0.152083333333333,0.251206777804097,0.0873641339701563,1.20082144361391,0.414872058988694
0.15218253968254,0.251226446150126,0.0874302932362663,1.20024719093441,0.415129714067594
0.152281746031746,0.251246042612327,0.0874964330140346,1.19967321279798,0.415387324668769
0.152380952380952,0.251265567328046,0.0875625532727333,1.19909950907264,0.415644890768022
0.152480158730159,0.251285020434503,0.0876286539816723,1.19852607962648,0.415902412341187
0.152579365079365,0.251304402068798,0.0876947351101985,1.19795292432765,0.416159889364135
0.152678571428571,0.251323712367906,0.0877607966276965,1.19738004304436,0.416417321812772
0.152777777777778,0.251342951468679,0.0878268385035883,1.19680743564489,0.416674709663037
0.152876984126984,0.251362119507845,0.0878928607073331,1.19623510199758,0.416932052890905
0.15297619047619,0.251381216622008,0.0879588632084277,1.19566304197085,0.417189351472385
0.153075396825397,0.25140024294765,0.0880248459764063,1.19509125543316,0.417446605383521
0.153174603174603,0.251419198621128,0.0880908089808403,1.19451974225307,0.417703814600391
0.15327380952381,0.251438083778676,0.0881567521913389,1.19394850229917,0.417960979099111
0.153373015873016,0.251456898556405,0.0882226755775483,1.19337753544013,0.418218098855827
0.153472222222222,0.251475643090303,0.0882885791091522,1.19280684154468,0.418475173846722
0.153571428571429,0.251494317516232,0.088354462755872,1.19223642048163,0.418732204048014
0.153670634920635,0.251512921969933,0.0884203264874662,1.19166627211984,0.418989189435956
0.153769841269841,0.251531456587022,0.0884861702737308,1.19109639632823,0.419246129986834
0.153869047619048,0.251549921502992,0.0885519940844992,1.19052679297581,0.419503025676971
0.153968253968254,0.251568316853214,0.0886177978896423,1.18995746193162,0.419759876482722
0.15406746031746,0.251586642772932,0.0886835816590682,1.1893884030648,0.420016682380479
0.154166666666667,0.25160489939727,0.0887493453627227,1.18881961624453,0.420273443346669
0.154265873015873,0.251623086861226,0.0888150889705888,1.18825110134007,0.42053015935775
0.154365079365079,0.251641205299677,0.0888808124526868,1.18768285822073,0.42078683039022
0.154464285714286,0.251659254847373,0.0889465157790748,1.18711488675589,0.421043456420607
0.154563492063492,0.251677235638944,0.0890121989198479,1.18654718681501,0.421300037425477
0.154662698412698,0.251695147808895,0.0890778618451389,1.1859797582676,0.42155657338143
0.154761904761905,0.251712991491607,0.0891435045251178,1.18541260098323,0.421813064265099
0.154861111111111,0.251730766821337,0.0892091269299922,1.18484571483156,0.422069510053153
0.154960317460317,0.251748473932222,0.0892747290300069,1.18427909968228,0.422325910722296
0.155059523809524,0.25176611295827,0.0893403107954443,1.18371275540517,0.422582266249267
0.15515873015873,0.251783684033371,0.0894058721966241,1.18314668187006,0.422838576610838
0.155257936507937,0.251801187291288,0.0894714132039034,1.18258087894687,0.423094841783818
0.155357142857143,0.25181862286566,0.0895369337876768,1.18201534650556,0.423351061745049
0.155456349206349,0.251835990891232,0.0896024339179752,1.18145008441567,0.423607236471027
0.155555555555556,0.251853291752423,0.0896679134837486,1.18088509244543,0.423863365861433
0.155654761904762,0.251870525732955,0.0897333724091434,1.18032037039046,0.424119449850084
0.155753968253968,0.251887692910362,0.0897988106862706,1.17975591812464,0.424375488435499
0.155853174603175,0.251904793362157,0.0898642283072416,1.17919173552191,0.4246314816162
0.155952380952381,0.251921827165827,0.0899296252641682,1.17862782245622,0.424887429390705
0.156051587301587,0.251938794398838,0.0899950015491632,1.17806417880161,0.425143331757531
0.156150793650794,0.251955695138631,0.0900603571543396,1.17750080443214,0.425399188715193
0.15625,0.251972529462627,0.0901256920718111,1.17693769922192,0.425655000262205
0.156349206349206,0.25198929744822,0.090191006293692,1.17637486304512,0.42591076639708
0.156448412698413,0.252005999172784,0.0902562998120973,1.17581229577595,0.426166487118328
0.156547619047619,0.252022634713668,0.0903215726191423,1.17524999728865,0.426422162424459
0.156646825396825,0.252039204148199,0.090386824706943,1.17468796745754,0.426677792313981
0.156746031746032,0.25205570755368,0.0904520560676161,1.17412620615696,0.4269333767854
0.156845238095238,0.252072145007391,0.0905172666932787,1.17356471326131,0.427188915837221
0.156944444444444,0.25208851658659,0.0905824565760486,1.17300348864502,0.427444409467947
0.157043650793651,0.25210482236851,0.0906476257080441,1.17244253218261,0.42769985767608
0.157142857142857,0.252121062430363,0.0907127740813841,1.17188184374859,0.42795526046012
0.157242063492063,0.252137236849336,0.0907779016881881,1.17132142321755,0.428210617818566
0.15734126984127,0.252153345702594,0.090843008520576,1.17076127046413,0.428465929749914
0.157440476190476,0.252169389067278,0.0909080945706686,1.17020138536301,0.428721196252661
0.157539682539683,0.252185367020507,0.0909731598305871,1.1696417677889,0.4289764173253
0.157638888888889,0.252201279639376,0.0910382042924531,1.16908241761659,0.429231592966325
0.157738095238095,0.252217127000957,0.0911032279483892,1.16852333472088,0.429486723174226
0.157837301587302,0.252232909182299,0.0911682307905181,1.16796451897665,0.429741807947492
0.157936507936508,0.252248626260428,0.0912332128109635,1.16740597025882,0.429996847284612
0.158035714285714,0.252264278312348,0.0912981740018494,1.16684768844233,0.430251841184072
0.158134920634921,0.252279865415037,0.0913631143553004,1.1662896734022,0.430506789644358
0.158234126984127,0.252295387645452,0.0914280338634418,1.16573192501348,0.430761692663952
0.158333333333333,0.252310845080526,0.0914929325183994,1.16517444315128,0.431016550241336
0.15843253968254,0.252326237797171,0.0915578103122995,1.16461722769073,0.431271362374991
0.158531746031746,0.252341565872272,0.0916226672372692,1.16406027850705,0.431526129063395
0.158630952380952,0.252356829382694,0.091687503285436,1.16350359547546,0.431780850305027
0.158730158730159,0.252372028405279,0.091752318448928,1.16294717847126,0.432035526098361
0.158829365079365,0.252387163016842,0.0918171127198739,1.16239102736979,0.432290156441872
0.158928571428571,0.252402233294181,0.0918818860904029,1.16183514204642,0.432544741334033
0.159027777777778,0.252417239314065,0.0919466385526449,1.16127952237659,0.432799280773315
0.159126984126984,0.252432181153244,0.0920113700987303,1.16072416823577,0.433053774758187
0.15922619047619,0.252447058888442,0.0920760807207901,1.1601690794995,0.433308223287117
0.159325396825397,0.252461872596362,0.0921407704109559,1.15961425604333,0.433562626358574
0.159424603174603,0.252476622353682,0.0922054391613598,1.15905969774289,0.43381698397102
0.15952380952381,0.25249130823706,0.0922700869641345,1.15850540447385,0.434071296122921
0.159623015873016,0.252505930323127,0.0923347138114134,1.15795137611191,0.434325562812737
0.159722222222222,0.252520488688494,0.0923993196953302,1.15739761253283,0.43457978403893
0.159821428571429,0.252534983409746,0.0924639046080195,1.15684411361242,0.434833959799958
0.159920634920635,0.252549414563447,0.0925284685416163,1.15629087922654,0.43508809009428
0.160019841269841,0.252563782226138,0.0925930114882562,1.15573790925108,0.43534217492035
0.160119047619048,0.252578086474336,0.0926575334400753,1.155185203562,0.435596214276624
0.160218253968254,0.252592327384534,0.0927220343892105,1.15463276203527,0.435850208161554
0.16031746031746,0.252606505033204,0.092786514327799,1.15408058454696,0.436104156573591
0.160416666666667,0.252620619496794,0.0928509732479787,1.15352867097313,0.436358059511186
0.160515873015873,0.252634670851728,0.0929154111418881,1.15297702118994,0.436611916972787
0.160615079365079,0.252648659174407,0.0929798280016663,1.15242563507355,0.43686572895684
0.160714285714286,0.252662584541211,0.093044223819453,1.15187451250021,0.437119495461791
0.160813492063492,0.252676447028494,0.0931085985873882,1.15132365334618,0.437373216486083
0.160912698412698,0.252690246712589,0.0931729522976129,1.15077305748779,0.437626892028159
0.161011904761905,0.252703983669804,0.0932372849422683,1.15022272480141,0.437880522086459
0.161111111111111,0.252717657976427,0.0933015965134965,1.14967265516345,0.438134106659423
0.161210317460317,0.252731269708719,0.0933658870034398,1.14912284845038,0.438387645745488
0.161309523809524,0.25274481894292,0.0934301564042415,1.14857330453872,0.43864113934309
0.16140873015873,0.252758305755246,0.0934944047080451,1.14802402330501,0.438894587450664
0.161507936507937,0.252771730221892,0.0935586319069949,1.14747500462586,0.439147990066643
0.161607142857143,0.252785092419028,0.0936228379932357,1.14692624837793,0.439401347189458
0.161706349206349,0.2527983924228,0.093687022958913,1.14637775443791,0.439654658817539
0.161805555555556,0.252811630309333,0.0937511867961727,1.14582952268255,0.439907924949315
0.161904761904762,0.252824806154728,0.0938153294971612,1.14528155298865,0.440161145583213
0.162003968253968,0.252837920035063,0.0938794510540258,1.14473384523303,0.440414320717658
0.162103174603175,0.252850972026391,0.0939435514589142,1.1441863992926,0.440667450351074
0.162202380952381,0.252863962204746,0.0940076307039746,1.14363921504428,0.440920534481883
0.162301587301587,0.252876890646135,0.0940716887813558,1.14309229236505,0.441173573108507
0.162400793650794,0.252889757426543,0.0941357256832073,1.14254563113194,0.441426566229364
0.1625,0.252902562621934,0.0941997414016791,1.14199923122203,0.441679513842872
0.162599206349206,0.252915306308245,0.0942637359289218,1.14145309251244,0.441932415947448
0.162698412698413,0.252927988561394,0.0943277092570865,1.14090721488033,0.442185272541506
0.162797619047619,0.252940609457271,0.0943916613783249,1.14036159820293,0.442438083623459
0.162896825396825,0.252953169071749,0.0944555922847894,1.13981624235749,0.44269084919172
0.162996031746032,0.252965667480672,0.0945195019686328,1.13927114722132,0.442943569244698
0.163095238095238,0.252978104759865,0.0945833904220085,1.13872631267179,0.443196243780802
0.163194444444444,0.252990480985128,0.0946472576370707,1.1381817385863,0.443448872798438
0.163293650793651,0.253002796232238,0.0947111036059739,1.13763742484228,0.443701456296014
0.163392857142857,0.253015050576949,0.0947749283208733,1.13709337131726,0.443953994271932
0.163492063492063,0.253027244094992,0.0948387317739246,1.13654957788876,0.444206486724595
0.16359126984127,0.253039376862075,0.0949025139572843,1.13600604443438,0.444458933652404
0.163690476190476,0.253051448953883,0.0949662748631092,1.13546277083176,0.444711335053759
0.163789682539683,0.253063460446077,0.0950300144835567,1.13491975695858,0.444963690927057
0.163888888888889,0.253075411414296,0.095093732810785,1.13437700269258,0.445216001270695
0.163988095238095,0.253087301934154,0.0951574298369527,1.13383450791154,0.445468266083068
0.164087301587302,0.253099132081246,0.095221105554219,1.13329227249328,0.445720485362568
0.164186507936508,0.253110901931138,0.0952847599547437,1.13275029631567,0.445972659107589
0.164285714285714,0.253122611559378,0.0953483930306872,1.13220857925665,0.446224787316521
0.164384920634921,0.253134261041488,0.0954120047742104,1.13166712119416,0.446476869987751
0.164484126984127,0.253145850452968,0.0954755951774748,1.13112592200624,0.446728907119667
0.164583333333333,0.253157379869295,0.0955391642326425,1.13058498157094,0.446980898710656
0.16468253968254,0.253168849365922,0.0956027119318763,1.13004429976636,0.447232844759101
0.164781746031746,0.253180259018279,0.0956662382673392,1.12950387647068,0.447484745263384
0.164880952380952,0.253191608901774,0.0957297432311953,1.12896371156208,0.447736600221888
0.164980158730159,0.253202899091791,0.0957932268156088,1.12842380491881,0.447988409632991
0.165079365079365,0.25321412966369,0.0958566890127447,1.12788415641918,0.448240173495072
0.165178571428571,0.25322530069281,0.0959201298147686,1.12734476594153,0.448491891806508
0.165277777777778,0.253236412254465,0.0959835492138467,1.12680563336424,0.448743564565672
0.165376984126984,0.253247464423948,0.0960469472021455,1.12626675856576,0.44899519177094
0.16547619047619,0.253258457276525,0.0961103237718325,1.12572814142456,0.449246773420682
0.165575396825397,0.253269390887444,0.0961736789150753,1.12518978181919,0.44949830951327
0.165674603174603,0.253280265331925,0.0962370126240426,1.12465167962822,0.449749800047072
0.16577380952381,0.253291080685169,0.0963003248909032,1.12411383473027,0.450001245020456
0.165873015873016,0.253301837022351,0.0963636157078269,1.12357624700401,0.450252644431787
0.165972222222222,0.253312534418624,0.0964268850669836,1.12303891632818,0.45050399827943
0.166071428571429,0.253323172949118,0.0964901329605442,1.12250184258152,0.450755306561747
0.166170634920635,0.253333752688939,0.09655335938068,1.12196502564286,0.451006569277101
0.166269841269841,0.253344273713171,0.0966165643195628,1.12142846539106,0.451257786423851
0.166369047619048,0.253354736096874,0.0966797477693651,1.12089216170502,0.451508958000354
0.166468253968254,0.253365139915086,0.09674290972226,1.1203561144637,0.451760084004968
0.16656746031746,0.253375485242821,0.0968060501704211,1.1198203235461,0.452011164436048
0.166666666666667,0.253385772155069,0.0968691691060225,1.11928478883126,0.452262199291948
0.166765873015873,0.253396000726799,0.096932266521239,1.11874951019829,0.45251318857102
0.166865079365079,0.253406171032955,0.096995342408246,1.11821448752632,0.452764132271614
0.166964285714286,0.253416283148459,0.0970583967592194,1.11767972069455,0.453015030392079
0.167063492063492,0.253426337148209,0.0971214295663356,1.11714520958221,0.453265882930764
0.167162698412698,0.253436333107082,0.0971844408217718,1.11661095406858,0.453516689886013
0.167261904761905,0.253446271099928,0.0972474305177056,1.116076954033,0.453767451256173
0.167361111111111,0.253456151201578,0.0973103986463152,1.11554320935483,0.454018167039584
0.167460317460317,0.253465973486836,0.0973733451997794,1.11500971991351,0.45426883723459
0.167559523809524,0.253475738030487,0.0974362701702775,1.11447648558851,0.45451946183953
0.16765873015873,0.25348544490729,0.0974991735499897,1.11394350625935,0.454770040852742
0.167757936507937,0.253495094191981,0.0975620553310962,1.11341078180558,0.455020574272563
0.167857142857143,0.253504685959275,0.0976249155057783,1.11287831210682,0.455271062097329
0.167956349206349,0.253514220283861,0.0976877540662177,1.11234609704274,0.455521504325373
0.168055555555556,0.253523697240406,0.0977505710045965,1.11181413649303,0.455771900955028
0.168154761904762,0.253533116903555,0.0978133663130977,1.11128243033746,0.456022251984625
0.168253968253968,0.25354247934793,0.0978761399839046,1.11075097845581,0.456272557412492
0.168353174603175,0.253551784648127,0.0979388920092011,1.11021978072795,0.456522817236958
0.168452380952381,0.253561032878721,0.098001622381172,1.10968883703375,0.456773031456349
0.168551587301587,0.253570224114265,0.0980643310920022,1.10915814725317,0.457023200068988
0.168650793650794,0.253579358429286,0.0981270181338775,1.10862771126619,0.457273323073201
0.16875,0.253588435898291,0.0981896834989842,1.10809752895285,0.457523400467307
0.168849206349206,0.253597456595761,0.0982523271795092,1.10756760019322,0.457773432249627
0.168948412698413,0.253606420596155,0.0983149491676398,1.10703792486744,0.458023418418481
0.169047619047619,0.253615327973911,0.0983775494555641,1.10650850285568,0.458273358972184
0.169146825396825,0.253624178803439,0.0984401280354707,1.10597933403817,0.458523253909052
0.169246031746032,0.253632973159131,0.0985026848995488,1.10545041829518,0.4587731032274
0.169345238095238,0.253641711115353,0.098565220039988,1.10492175550702,0.459022906925539
0.169444444444444,0.253650392746448,0.0986277334489788,1.10439334555406,0.459272665001781
0.169543650793651,0.253659018126737,0.0986902251187119,1.1038651883167,0.459522377454435
0.169642857142857,0.253667587330517,0.0987526950413789,1.10333728367541,0.459772044281809
0.169742063492063,0.253676100432063,0.0988151432091718,1.1028096315107,0.460021665482209
0.16984126984127,0.253684557505625,0.0988775696142832,1.1022822317031,0.460271241053941
0.169940476190476,0.253692958625431,0.0989399742489064,1.10175508413323,0.460520770995306
0.170039682539683,0.253701303865686,0.0990023571052351,1.10122818868173,0.460770255304608
0.170138888888889,0.253709593300572,0.0990647181754636,1.10070154522928,0.461019693980147
0.170238095238095,0.253717827004248,0.0991270574517868,1.10017515365664,0.46126908702022
0.170337301587302,0.253726005050848,0.0991893749264004,1.09964901384459,0.461518434423126
0.170436507936508,0.253734127514485,0.0992516705915002,1.09912312567395,0.46176773618716
0.170535714285714,0.253742194469248,0.0993139444392831,1.09859748902562,0.462016992310616
0.170634920634921,0.253750205989203,0.0993761964619462,1.09807210378052,0.462266202791787
0.170734126984127,0.253758162148394,0.0994384266516873,1.09754696981963,0.462515367628964
0.170833333333333,0.253766063020839,0.0995006350007049,1.09702208702396,0.462764486820436
0.17093253968254,0.253773908680536,0.0995628215011977,1.09649745527458,0.463013560364492
0.171031746031746,0.253781699201458,0.0996249861453655,1.09597307445262,0.463262588259417
0.171130952380952,0.253789434657556,0.0996871289254083,1.09544894443924,0.463511570503498
0.171230158730159,0.253797115122757,0.0997492498335268,1.09492506511563,0.463760507095017
0.171329365079365,0.253804740670965,0.0998113488619222,1.09440143636307,0.464009398032256
0.171428571428571,0.253812311376061,0.0998734260027964,1.09387805806286,0.464258243313496
0.171527777777778,0.253819827311903,0.0999354812483518,1.09335493009633,0.464507042937016
0.171626984126984,0.253827288552326,0.0999975145907913,1.09283205234491,0.464755796901092
0.17172619047619,0.253834695171141,0.100059526022319,1.09230942469001,0.465004505204002
0.171825396825397,0.253842047242138,0.100121515535138,1.09178704701315,0.465253167844018
0.171924603174603,0.253849344839081,0.100183483121454,1.09126491919586,0.465501784819415
0.17202380952381,0.253856588035713,0.100245428773471,1.09074304111972,0.465750356128462
0.172123015873016,0.253863776905753,0.100307352483397,1.09022141266637,0.46599888176943
0.172222222222222,0.253870911522897,0.100369254243436,1.08970003371749,0.466247361740588
0.172321428571429,0.253877991960819,0.100431134045797,1.08917890415479,0.466495796040201
0.172420634920635,0.253885018293167,0.100492991882687,1.08865802386007,0.466744184666534
0.172519841269841,0.253891990593568,0.100554827746313,1.08813739271513,0.466992527617852
0.172619047619048,0.253898908935627,0.100616641628886,1.08761701060185,0.467240824892417
0.172718253968254,0.253905773392924,0.100678433522613,1.08709687740213,0.467489076488489
0.17281746031746,0.253912584039015,0.100740203419705,1.08657699299795,0.467737282404327
0.172916666666667,0.253919340947436,0.100801951312373,1.08605735727131,0.467985442638188
0.173015873015873,0.253926044191697,0.100863677192827,1.08553797010426,0.468233557188329
0.173115079365079,0.253932693845286,0.10092538105328,1.08501883137891,0.468481626053005
0.173214285714286,0.253939289981667,0.100987062885942,1.08449994097741,0.468729649230467
0.173313492063492,0.253945832674284,0.101048722683028,1.08398129878195,0.468977626718967
0.173412698412698,0.253952321996554,0.10111036043675,1.08346290467478,0.469225558516756
0.173511904761905,0.253958758021872,0.101171976139323,1.08294475853819,0.469473444622082
0.173611111111111,0.253965140823612,0.10123356978296,1.08242686025451,0.46972128503319
0.173710317460317,0.253971470475122,0.101295141359878,1.08190920970614,0.469969079748328
0.173809523809524,0.253977747049728,0.101356690862291,1.08139180677549,0.470216828765738
0.17390873015873,0.253983970620734,0.101418218282415,1.08087465134506,0.470464532083663
0.174007936507937,0.253990141261418,0.101479723612469,1.08035774329736,0.470712189700343
0.174107142857143,0.253996259045039,0.101541206844668,1.07984108251497,0.470959801614018
0.174206349206349,0.254002324044828,0.101602667971232,1.07932466888051,0.471207367822925
0.174305555555556,0.254008336333998,0.101664106984378,1.07880850227664,0.471454888325301
0.174404761904762,0.254014295985735,0.101725523876326,1.07829258258607,0.47170236311938
0.174503968253968,0.254020203073204,0.101786918639295,1.07777690969158,0.471949792203395
0.174603174603175,0.254026057669545,0.101848291265505,1.07726148347596,0.472197175575577
0.174702380952381,0.254031859847876,0.101909641747179,1.07674630382207,0.472444513234158
0.174801587301587,0.254037609681293,0.101970970076536,1.07623137061282,0.472691805177364
0.174900793650794,0.254043307242867,0.102032276245798,1.07571668373114,0.472939051403424
0.175,0.254048952605647,0.10209356024719,1.07520224306003,0.473186251910563
0.175099206349206,0.254054545842657,0.102154822072933,1.07468804848255,0.473433406697004
0.175198412698413,0.254060087026902,0.102216061715251,1.07417409988177,0.47368051576097
0.175297619047619,0.254065576231359,0.102277279166369,1.07366039714083,0.473927579100682
0.175396825396825,0.254071013528984,0.102338474418511,1.07314694014292,0.474174596714359
0.175496031746032,0.254076398992712,0.102399647463903,1.07263372877126,0.474421568600219
0.175595238095238,0.254081732695451,0.102460798294771,1.07212076290914,0.474668494756479
0.175694444444444,0.254087014710089,0.102521926903342,1.07160804243988,0.474915375181353
0.175793650793651,0.254092245109488,0.102583033281842,1.07109556724684,0.475162209873054
0.175892857142857,0.25409742396649,0.1026441174225,1.07058333721346,0.475408998829794
0.175992063492063,0.254102551353912,0.102705179317544,1.07007135222318,0.475655742049783
0.17609126984127,0.254107627344548,0.102766218959202,1.06955961215954,0.475902439531231
0.176190476190476,0.25411265201117,0.102827236339705,1.06904811690607,0.476149091272343
0.176289682539683,0.254117625426524,0.102888231451282,1.0685368663464,0.476395697271326
0.176388888888889,0.254122547663336,0.102949204286164,1.06802586036417,0.476642257526384
0.176488095238095,0.254127418794308,0.103010154836581,1.06751509884308,0.476888772035719
0.176587301587302,0.254132238892119,0.103071083094767,1.06700458166688,0.477135240797533
0.176686507936508,0.254137008029423,0.103131989052953,1.06649430871937,0.477381663810024
0.176785714285714,0.254141726278854,0.103192872703372,1.06598427988439,0.477628041071392
0.176884920634921,0.25414639371302,0.103253734038258,1.06547449504582,0.477874372579831
0.176984126984127,0.254151010404508,0.103314573049845,1.0649649540876,0.478120658333538
0.177083333333333,0.25415557642588,0.103375389730367,1.06445565689371,0.478366898330705
0.17718253968254,0.254160091849677,0.10343618407206,1.06394660334819,0.478613092569525
0.177281746031746,0.254164556748414,0.103496956067159,1.0634377933351,0.478859241048188
0.177380952380952,0.254168971194587,0.103557705707901,1.06292922673857,0.479105343764882
0.177480158730159,0.254173335260665,0.103618432986523,1.06242090344276,0.479351400717795
0.177579365079365,0.254177649019096,0.103679137895262,1.06191282333191,0.479597411905113
0.177678571428571,0.254181912542304,0.103739820426357,1.06140498629027,0.47984337732502
0.177777777777778,0.25418612590269,0.103800480572046,1.06089739220215,0.480089296975698
0.177876984126984,0.254190289172632,0.103861118324569,1.06039004095191,0.48033517085533
0.17797619047619,0.254194402424485,0.103921733676165,1.05988293242396,0.480580998962094
0.178075396825397,0.25419846573058,0.103982326619075,1.05937606650274,0.480826781294168
0.178174603174603,0.254202479163227,0.104042897145539,1.05886944307276,0.48107251784973
0.17827380952381,0.254206442794711,0.1041034452478,1.05836306201857,0.481318208626954
0.178373015873016,0.254210356697294,0.104163970918099,1.05785692322475,0.481563853624014
0.178472222222222,0.254214220943216,0.10422447414868,1.05735102657594,0.481809452839082
0.178571428571429,0.254218035604692,0.104284954931785,1.05684537195684,0.482055006270329
0.178670634920635,0.254221800753916,0.104345413259659,1.05633995925217,0.482300513915922
0.178769841269841,0.254225516463058,0.104405849124545,1.05583478834672,0.482545975774031
0.178869047619048,0.254229182804264,0.104466262518689,1.05532985912531,0.482791391842821
0.178968253968254,0.254232799849658,0.104526653434337,1.05482517147283,0.483036762120455
0.17906746031746,0.25423636767134,0.104587021863734,1.05432072527418,0.483282086605098
0.179166666666667,0.254239886341388,0.104647367799128,1.05381652041435,0.48352736529491
0.179265873015873,0.254243355931856,0.104707691232766,1.05331255677835,0.483772598188051
0.179365079365079,0.254246776514776,0.104767992156895,1.05280883425123,0.48401778528268
0.179464285714286,0.254250148162155,0.104828270563765,1.05230535271811,0.484262926576953
0.179563492063492,0.254253470945978,0.104888526445624,1.05180211206415,0.484508022069026
0.179662698412698,0.254256744938207,0.104948759794721,1.05129911217455,0.484753071757052
0.179761904761905,0.254259970210781,0.105008970603308,1.05079635293456,0.484998075639183
0.179861111111111,0.254263146835615,0.105069158863635,1.05029383422948,0.48524303371357
0.179960317460317,0.254266274884602,0.105129324567953,1.04979155594466,0.485487945978363
0.180059523809524,0.25426935442961,0.105189467708514,1.04928951796548,0.485732812431708
0.18015873015873,0.254272385542486,0.105249588277571,1.04878772017738,0.485977633071752
0.180257936507937,0.254275368295054,0.105309686267376,1.04828616246585,0.48622240789664
0.180357142857143,0.254278302759112,0.105369761670184,1.04778484471643,0.486467136904514
0.180456349206349,0.254281189006438,0.105429814478249,1.04728376681469,0.486711820093516
0.180555555555556,0.254284027108785,0.105489844683826,1.04678292864625,0.486956457461787
0.180654761904762,0.254286817137885,0.105549852279169,1.0462823300968,0.487201049007463
0.180753968253968,0.254289559165443,0.105609837256535,1.04578197105206,0.487445594728683
0.180853174603175,0.254292253263146,0.105669799608181,1.04528185139778,0.487690094623582
0.180952380952381,0.254294899502653,0.105729739326364,1.04478197101979,0.487934548690293
0.181051587301587,0.254297497955603,0.10578965640334,1.04428232980395,0.488178956926949
0.181150793650794,0.25430004869361,0.10584955083137,1.04378292763617,0.488423319331681
0.18125,0.254302551788267,0.10590942260271,1.04328376440239,0.488667635902618
0.181349206349206,0.254305007311143,0.105969271709622,1.04278483998864,0.488911906637888
0.181448412698413,0.254307415333782,0.106029098144364,1.04228615428094,0.489156131535616
0.181547619047619,0.254309775927707,0.106088901899198,1.04178770716541,0.489400310593929
0.181646825396825,0.254312089164417,0.106148682966385,1.04128949852818,0.489644443810949
0.181746031746032,0.25431435511539,0.106208441338186,1.04079152825545,0.489888531184797
0.181845238095238,0.254316573852077,0.106268177006863,1.04029379623345,0.490132572713594
0.181944444444444,0.254318745445908,0.10632788996468,1.03979630234846,0.490376568395458
0.182043650793651,0.254320869968291,0.106387580203901,1.03929904648683,0.490620518228507
0.182142857142857,0.254322947490609,0.106447247716788,1.03880202853492,0.490864422210855
0.182242063492063,0.254324978084223,0.106506892495607,1.03830524837917,0.491108280340618
0.18234126984127,0.25432696182047,0.106566514532622,1.03780870590604,0.491352092615907
0.182440476190476,0.254328898770664,0.106626113820101,1.03731240100206,0.491595859034834
0.182539682539683,0.254330789006096,0.106685690350308,1.03681633355378,0.491839579595508
0.182638888888889,0.254332632598036,0.106745244115511,1.03632050344784,0.492083254296036
0.182738095238095,0.254334429617726,0.106804775107978,1.03582491057088,0.492326883134526
0.182837301587302,0.254336180136391,0.106864283319976,1.03532955480961,0.492570466109082
0.182936507936508,0.254337884225227,0.106923768743774,1.03483443605079,0.492814003217807
0.183035714285714,0.254339541955411,0.106983231371641,1.03433955418122,0.493057494458804
0.183134920634921,0.254341153398094,0.107042671195848,1.03384490908774,0.493300939830172
0.183234126984127,0.254342718624408,0.107102088208664,1.03335050065726,0.493544339330011
0.183333333333333,0.254344237705456,0.10716148240236,1.03285632877671,0.493787692956417
0.18343253968254,0.254345710712324,0.107220853769208,1.03236239333309,0.494031000707486
0.183531746031746,0.254347137716069,0.107280202301481,1.03186869421343,0.494274262581313
0.183630952380952,0.254348518787731,0.10733952799145,1.03137523130482,0.49451747857599
0.183730158730159,0.254349853998321,0.107398830831389,1.03088200449438,0.494760648689608
0.183829365079365,0.254351143418831,0.107458110813572,1.03038901366929,0.495003772920257
0.183928571428571,0.254352387120228,0.107517367930273,1.02989625871677,0.495246851266025
0.184027777777778,0.254353585173456,0.107576602173768,1.02940373952411,0.495489883724999
0.184126984126984,0.254354737649437,0.107635813536331,1.02891145597861,0.495732870295263
0.18422619047619,0.254355844619069,0.107695002010239,1.02841940796764,0.495975810974901
0.184325396825397,0.254356906153226,0.107754167587769,1.02792759537862,0.496218705761995
0.184424603174603,0.254357922322761,0.107813310261197,1.027436018099,0.496461554654626
0.18452380952381,0.254358893198502,0.107872430022803,1.02694467601629,0.496704357650872
0.184623015873016,0.254359818851255,0.107931526864863,1.02645356901804,0.49694711474881
0.184722222222222,0.254360699351802,0.107990600779658,1.02596269699186,0.497189825946518
0.184821428571429,0.254361534770902,0.108049651759466,1.02547205982539,0.497432491242068
0.184920634920635,0.254362325179292,0.108108679796569,1.02498165740632,0.497675110633534
0.185019841269841,0.254363070647685,0.108167684883246,1.02449148962239,0.497917684118987
0.185119047619048,0.254363771246771,0.108226667011779,1.0240015563614,0.498160211696497
0.185218253968254,0.254364427047216,0.10828562617445,1.02351185751118,0.498402693364132
0.18531746031746,0.254365038119665,0.108344562363542,1.02302239295961,0.498645129119959
0.185416666666667,0.254365604534738,0.108403475571337,1.02253316259462,0.498887518962042
0.185515873015873,0.254366126363032,0.108462365790119,1.02204416630419,0.499129862888447
0.185615079365079,0.254366603675122,0.108521233012172,1.02155540397634,0.499372160897234
0.185714285714286,0.254367036541558,0.108580077229781,1.02106687549914,0.499614412986464
0.185813492063492,0.25436742503287,0.108638898435232,1.0205785807607,0.499856619154197
0.185912698412698,0.254367769219562,0.108697696620809,1.0200905196492,0.50009877939849
0.186011904761905,0.254368069172115,0.108756471778801,1.01960269205284,0.500340893717399
0.186111111111111,0.25436832496099,0.108815223901493,1.01911509785988,0.500582962108978
0.186210317460317,0.25436853665662,0.108873952981174,1.01862773695862,0.500824984571281
0.186309523809524,0.254368704329419,0.108932659010132,1.01814060923742,0.501066961102358
0.18640873015873,0.254368828049776,0.108991341980655,1.01765371458468,0.501308891700261
0.186507936507937,0.254368907888057,0.109050001885034,1.01716705288885,0.501550776363037
0.186607142857143,0.254368943914606,0.109108638715557,1.0166806240384,0.501792615088733
0.186706349206349,0.254368936199742,0.109167252464515,1.0161944279219,0.502034407875394
0.186805555555556,0.254368884813762,0.1092258431242,1.01570846442792,0.502276154721064
0.186904761904762,0.25436878982694,0.109284410686903,1.01522273344509,0.502517855623786
0.187003968253968,0.254368651309526,0.109342955144917,1.0147372348621,0.502759510581601
0.187103174603175,0.254368469331748,0.109401476490534,1.01425196856768,0.503001119592547
0.187202380952381,0.254368243963811,0.109459974716048,1.0137669344506,0.503242682654662
0.187301587301587,0.254367975275895,0.109518449813752,1.01328213239969,0.503484199765982
0.187400793650794,0.254367663338159,0.109576901775942,1.0127975623038,0.503725670924543
0.1875,0.254367308220738,0.109635330594912,1.01231322405186,0.503967096128377
0.187599206349206,0.254366909993743,0.109693736262958,1.01182911753284,0.504208475375516
0.187698412698413,0.254366468727264,0.109752118772376,1.01134524263573,0.504449808663989
0.187797619047619,0.254365984491365,0.109810478115464,1.0108615992496,0.504691095991826
0.187896825396825,0.25436545735609,0.109868814284519,1.01037818726356,0.504932337357054
0.187996031746032,0.254364887391457,0.109927127271838,1.00989500656674,0.505173532757697
0.188095238095238,0.254364274667463,0.109985417069721,1.00941205704836,0.50541468219178
0.188194444444444,0.254363619254082,0.110043683670466,1.00892933859765,0.505655785657326
0.188293650793651,0.254362921221263,0.110101927066373,1.00844685110391,0.505896843152355
0.188392857142857,0.254362180638932,0.110160147249743,1.00796459445648,0.506137854674887
0.188492063492063,0.254361397576995,0.110218344212876,1.00748256854473,0.506378820222939
0.18859126984127,0.25436057210533,0.110276517948075,1.00700077325811,0.506619739794528
0.188690476190476,0.254359704293797,0.11033466844764,1.0065192084861,0.506860613387669
0.188789682539683,0.254358794212229,0.110392795703875,1.00603787411822,0.507101441000375
0.188888888888889,0.254357841930437,0.110450899709083,1.00555677004404,0.507342222630657
0.188988095238095,0.25435684751821,0.110508980455568,1.00507589615319,0.507582958276527
0.189087301587302,0.254355811045313,0.110567037935633,1.00459525233533,0.507823647935992
0.189186507936508,0.254354732581487,0.110625072141584,1.00411483848018,0.50806429160706
0.189285714285714,0.254353612196451,0.110683083065727,1.0036346544775,0.508304889287736
0.189384920634921,0.254352449959901,0.110741070700367,1.0031547002171,0.508545440976025
0.189484126984127,0.25435124594151,0.110799035037811,1.00267497558884,0.50878594666993
0.189583333333333,0.254350000210926,0.110856976070367,1.00219548048261,0.509026406367451
0.18968253968254,0.254348712837776,0.110914893790342,1.00171621478837,0.509266820066587
0.189781746031746,0.254347383891664,0.110972788190045,1.00123717839611,0.509507187765338
0.189880952380952,0.254346013442169,0.111030659261784,1.00075837119588,0.509747509461699
0.189980158730159,0.254344601558848,0.111088506997869,1.00027979307777,0.509987785153665
0.190079365079365,0.254343148311234,0.11114633139061,0.999801443931915,0.51022801483923
0.190178571428571,0.25434165376884,0.111204132432318,0.9993233236485,0.510468198516386
0.190277777777778,0.254340118001151,0.111261910115304,0.998845432117757,0.510708336183123
0.190376984126984,0.254338541077633,0.111319664431881,0.998367769229964,0.510948427837429
0.19047619047619,0.254336923067726,0.111377395374359,0.997890334875448,0.511188473477294
0.190575396825397,0.254335264040849,0.111435102935054,0.997413128944581,0.511428473100701
0.190674603174603,0.254333564066397,0.111492787106277,0.996936151327783,0.511668426705636
0.19077380952381,0.254331823213742,0.111550447880343,0.99645940191552,0.51190833429008
0.190873015873016,0.254330041552232,0.111608085249567,0.995982880598305,0.512148195852016
0.190972222222222,0.254328219151193,0.111665699206264,0.995506587266699,0.512388011389424
0.191071428571429,0.254326356079929,0.11172328974275,0.995030521811311,0.51262778090028
0.191170634920635,0.254324452407717,0.111780856851342,0.994554684122794,0.512867504382563
0.191269841269841,0.254322508203815,0.111838400524356,0.994079074091849,0.513107181834247
0.191369047619048,0.254320523537455,0.11189592075411,0.993603691609227,0.513346813253305
0.191468253968254,0.254318498477847,0.111953417532923,0.993128536565721,0.51358639863771
0.19156746031746,0.25431643309418,0.112010890853112,0.992653608852174,0.513825937985432
0.191666666666667,0.254314327455615,0.112068340706998,0.992178908359477,0.51406543129444
0.191765873015873,0.254312181631295,0.1121257670869,0.991704434978565,0.514304878562703
0.191865079365079,0.254309995690335,0.112183169985139,0.991230188600421,0.514544279788185
0.191964285714286,0.254307769701832,0.112240549394036,0.990756169116077,0.514783634968851
0.192063492063492,0.254305503734856,0.112297905305912,0.99028237641661,0.515022944102664
0.192162698412698,0.254303197858455,0.112355237713089,0.989808810393144,0.515262207187586
0.192261904761905,0.254300852141655,0.112412546607892,0.989335470936851,0.515501424221577
0.192361111111111,0.254298466653457,0.112469831982642,0.988862357938948,0.515740595202594
0.192460317460317,0.25429604146284,0.112527093829663,0.988389471290702,0.515979720128594
0.192559523809524,0.25429357663876,0.112584332141281,0.987916810883424,0.516218798997533
0.19265873015873,0.254291072250149,0.11264154690982,0.987444376608475,0.516457831807365
0.192757936507937,0.254288528365916,0.112698738127606,0.98697216835726,0.516696818556042
0.192857142857143,0.254285945054949,0.112755905786966,0.986500186021233,0.516935759241514
0.192956349206349,0.25428332238611,0.112813049880225,0.986028429491895,0.517174653861731
0.193055555555556,0.254280660428239,0.112870170399712,0.985556898660792,0.51741350241464
0.193154761904762,0.254277959250153,0.112927267337754,0.985085593419518,0.517652304898187
0.193253968253968,0.254275218920647,0.112984340686681,0.984614513659716,0.517891061310318
0.193353174603175,0.254272439508489,0.11304139043882,0.984143659273073,0.518129771648975
0.193452380952381,0.25426962108243,0.113098416586502,0.983673030151325,0.518368435912099
0.193551587301587,0.254266763711191,0.113155419122057,0.983202626186254,0.518607054097631
0.193650793650794,0.254263867463476,0.113212398037816,0.98273244726969,0.518845626203509
0.19375,0.254260932407962,0.113269353326111,0.982262493293507,0.51908415222767
0.193849206349206,0.254257958613303,0.113326284979272,0.981792764149631,0.51932263216805
0.193948412698413,0.254254946148133,0.113383192989634,0.98132325973003,0.519561066022583
0.194047619047619,0.25425189508106,0.113440077349528,0.980853979926723,0.5197994537892
0.194146825396825,0.25424880548067,0.11349693805129,0.980384924631773,0.520037795465833
0.194246031746032,0.254245677415525,0.113553775087252,0.979916093737291,0.520276091050411
0.194345238095238,0.254242510954164,0.113610588449751,0.979447487135437,0.520514340540862
0.194444444444444,0.254239306165104,0.11366737813112,0.978979104718414,0.520752543935112
0.194543650793651,0.254236063116838,0.113724144123698,0.978510946378476,0.520990701231086
0.194642857142857,0.254232781877837,0.113780886419819,0.97804301200792,0.521228812426708
0.194742063492063,0.254229462516546,0.113837605011821,0.977575301499094,0.521466877519898
0.19484126984127,0.254226105101391,0.113894299892043,0.977107814744391,0.521704896508577
0.194940476190476,0.254222709700771,0.113950971052822,0.97664055163625,0.521942869390664
0.195039682539683,0.254219276383065,0.114007618486497,0.976173512067159,0.522180796164075
0.195138888888889,0.254215805216626,0.114064242185408,0.975706695929652,0.522418676826727
0.195238095238095,0.254212296269786,0.114120842141895,0.975240103116309,0.522656511376534
0.195337301587302,0.254208749610853,0.114177418348298,0.97477373351976,0.522894299811407
0.195436507936508,0.254205165308112,0.114233970796958,0.974307587032679,0.523132042129259
0.195535714285714,0.254201543429826,0.114290499480219,0.973841663547787,0.523369738327998
0.195634920634921,0.254197884044233,0.114347004390421,0.973375962957855,0.523607388405532
0.195734126984127,0.254194187219548,0.114403485519907,0.972910485155698,0.523844992359769
0.195833333333333,0.254190453023965,0.114459942861022,0.97244523003418,0.524082550188612
0.19593253968254,0.254186681525653,0.11451637640611,0.971980197486209,0.524320061889966
0.196031746031746,0.254182872792757,0.114572786147514,0.971515387404744,0.524557527461731
0.196130952380952,0.254179026893402,0.114629172077581,0.971050799682787,0.52479494690181
0.196230158730159,0.254175143895688,0.114685534188656,0.970586434213391,0.525032320208099
0.196329365079365,0.25417122386769,0.114741872473085,0.970122290889653,0.525269647378497
0.196428571428571,0.254167266877464,0.114798186923216,0.969658369604718,0.525506928410899
0.196527777777778,0.25416327299304,0.114854477531396,0.969194670251778,0.525744163303199
0.196626984126984,0.254159242282426,0.114910744289973,0.968731192724072,0.525981352053291
0.19672619047619,0.254155174813605,0.114966987191296,0.968267936914886,0.526218494659065
0.196825396825397,0.25415107065454,0.115023206227714,0.967804902717552,0.526455591118411
0.196924603174603,0.254146929873168,0.115079401391577,0.967342090025451,0.526692641429218
0.19702380952381,0.254142752537405,0.115135572675236,0.966879498732009,0.526929645589371
0.197123015873016,0.254138538715142,0.115191720071041,0.966417128730701,0.527166603596756
0.197222222222222,0.254134288474249,0.115247843571344,0.965954979915047,0.527403515449256
0.197321428571429,0.254130001882571,0.115303943168497,0.965493052178615,0.527640381144754
0.197420634920635,0.254125679007931,0.115360018854853,0.96503134541502,0.527877200681129
0.197519841269841,0.254121319918128,0.115416070622766,0.964569859517924,0.528113974056261
0.197619047619048,0.254116924680939,0.115472098464588,0.964108594381035,0.528350701268028
0.197718253968254,0.254112493364116,0.115528102372675,0.963647549898109,0.528587382314305
0.19781746031746,0.25410802603539,0.115584082339382,0.96318672596295,0.528824017192966
0.197916666666667,0.254103522762469,0.115640038357064,0.962726122469406,0.529060605901885
0.198015873015873,0.254098983613035,0.115695970418077,0.962265739311375,0.529297148438932
0.198115079365079,0.254094408654749,0.115751878514778,0.961805576382801,0.529533644801978
0.198214285714286,0.25408979795525,0.115807762639525,0.961345633577674,0.529770094988891
0.198313492063492,0.254085151582151,0.115863622784676,0.960885910790032,0.530006498997537
0.198412698412698,0.254080469603044,0.115919458942588,0.960426407913959,0.530242856825783
0.198511904761905,0.254075752085498,0.115975271105622,0.959967124843588,0.53047916847149
0.198611111111111,0.254070999097056,0.116031059266136,0.959508061473097,0.530715433932523
0.198710317460317,0.254066210705242,0.116086823416491,0.959049217696711,0.53095165320674
0.198809523809524,0.254061386977554,0.116142563549048,0.958590593408704,0.531187826292003
0.19890873015873,0.254056527981468,0.116198279656167,0.958132188503395,0.531423953186167
0.199007936507936,0.254051633784436,0.116253971730212,0.957674002875151,0.531660033887089
0.199107142857143,0.254046704453889,0.116309639763544,0.957216036418385,0.531896068392624
0.199206349206349,0.254041740057231,0.116365283748527,0.956758289027559,0.532132056700625
0.199305555555556,0.254036740661848,0.116420903677524,0.956300760597179,0.532367998808943
0.199404761904762,0.254031706335098,0.1164764995429,0.9558434510218,0.532603894715428
0.199503968253968,0.254026637144319,0.116532071337019,0.955386360196024,0.532839744417929
0.199603174603175,0.254021533156824,0.116587619052247,0.9549294880145,0.533075547914292
0.199702380952381,0.254016394439905,0.11664314268095,0.954472834371922,0.533311305202363
0.199801587301587,0.254011221060828,0.116698642215494,0.954016399163034,0.533547016279985
0.199900793650794,0.254006013086839,0.116754117648247,0.953560182282626,0.533782681145002
0.2,0.254000770585159,0.116809568971575,0.953104183625533,0.534018299795254
0.200099206349206,0.253995493622986,0.116864996177849,0.952648403086639,0.534253872228579
0.200198412698413,0.253990182267496,0.116920399259435,0.952192840560875,0.534489398442817
0.200297619047619,0.253984836585839,0.116975778208704,0.951737495943219,0.534724878435803
0.200396825396825,0.253979456645146,0.117031133018026,0.951282369128694,0.534960312205371
0.200496031746032,0.253974042512521,0.117086463679772,0.950827460012373,0.535195699749355
0.200595238095238,0.253968594255048,0.117141770186312,0.950372768489373,0.535431041065588
0.200694444444444,0.253963111939786,0.117197052530018,0.94991829445486,0.535666336151897
0.200793650793651,0.253957595633772,0.117252310703263,0.949464037804047,0.535901585006114
0.200892857142857,0.253952045404018,0.117307544698419,0.949009998432194,0.536136787626063
0.200992063492063,0.253946461317515,0.117362754507861,0.948556176234606,0.536371944009572
0.20109126984127,0.25394084344123,0.117417940123961,0.948102571106636,0.536607054154463
0.201190476190476,0.253935191842106,0.117473101539095,0.947649182943687,0.53684211805856
0.201289682539683,0.253929506587065,0.117528238745638,0.947196011641204,0.537077135719683
0.201388888888889,0.253923787743004,0.117583351735965,0.946743057094682,0.537312107135653
0.201488095238095,0.253918035376798,0.117638440502453,0.946290319199663,0.537547032304285
0.201587301587302,0.253912249555298,0.117693505037479,0.945837797851734,0.537781911223398
0.201686507936508,0.253906430345332,0.117748545333421,0.945385492946532,0.538016743890806
0.201785714285714,0.253900577813705,0.117803561382656,0.944933404379739,0.538251530304323
0.201884920634921,0.2538946920272,0.117858553177563,0.944481532047084,0.538486270461759
0.201984126984127,0.253888773052575,0.117913520710521,0.944029875844343,0.538720964360926
0.202083333333333,0.253882820956567,0.117968463973911,0.943578435667339,0.538955611999632
0.20218253968254,0.253876835805887,0.118023382960112,0.943127211411943,0.539190213375685
0.202281746031746,0.253870817667226,0.118078277661505,0.942676202974073,0.539424768486889
0.202380952380952,0.253864766607249,0.118133148070473,0.942225410249692,0.53965927733105
0.202480158730159,0.253858682692601,0.118187994179396,0.941774833134812,0.53989373990597
0.202579365079365,0.2538525659899,0.118242815980659,0.941324471525491,0.540128156209449
0.202678571428571,0.253846416565745,0.118297613466643,0.940874325317834,0.540362526239289
0.202777777777778,0.253840234486709,0.118352386629734,0.940424394407993,0.540596849993285
0.202876984126984,0.253834019819343,0.118407135462314,0.939974678692168,0.540831127469237
0.20297619047619,0.253827772630174,0.11846185995677,0.939525178066605,0.541065358664937
0.203075396825397,0.253821492985708,0.118516560105487,0.939075892427597,0.54129954357818
0.203174603174603,0.253815180952425,0.118571235900851,0.938626821671485,0.541533682206758
0.20327380952381,0.253808836596783,0.118625887335248,0.938177965694655,0.54176777454846
0.203373015873016,0.253802459985219,0.118680514401067,0.937729324393541,0.542001820601077
0.203472222222222,0.253796051184144,0.118735117090694,0.937280897664626,0.542235820362396
0.203571428571429,0.253789610259947,0.118789695396518,0.936832685404436,0.542469773830201
0.203670634920635,0.253783137278993,0.118844249310929,0.936384687509547,0.542703681002278
0.203769841269841,0.253776632307626,0.118898778826316,0.935936903876581,0.54293754187641
0.203869047619048,0.253770095412165,0.118953283935069,0.935489334402208,0.543171356450376
0.203968253968254,0.253763526658906,0.119007764629579,0.935041978983143,0.543405124721959
0.20406746031746,0.253756926114122,0.119062220902237,0.93459483751615,0.543638846688935
0.204166666666667,0.253750293844065,0.119116652745435,0.934147909898038,0.543872522349081
0.204265873015873,0.253743629914961,0.119171060151566,0.933701196025665,0.544106151700173
0.204365079365079,0.253736934393013,0.119225443113022,0.933254695795934,0.544339734739984
0.204464285714286,0.253730207344403,0.119279801622198,0.932808409105798,0.544573271466286
0.204563492063492,0.253723448835288,0.119334135671486,0.932362335852252,0.544806761876851
0.204662698412698,0.253716658931803,0.119388445253284,0.931916475932344,0.545040205969445
0.204761904761905,0.253709837700059,0.119442730359984,0.931470829243165,0.545273603741839
0.204861111111111,0.253702985206145,0.119496990983984,0.931025395681853,0.545506955191797
0.204960317460317,0.253696101516126,0.11955122711768,0.930580175145595,0.545740260317083
0.205059523809524,0.253689186696043,0.11960543875347,0.930135167531624,0.545973519115462
0.20515873015873,0.253682240811916,0.11965962588375,0.929690372737219,0.546206731584694
0.205257936507937,0.253675263929741,0.119713788500919,0.929245790659708,0.54643989772254
0.205357142857143,0.25366825611549,0.119767926597375,0.928801421196465,0.546673017526756
0.205456349206349,0.253661217435113,0.119822040165519,0.92835726424491,0.546906090995102
0.205555555555556,0.253654147954536,0.11987612919775,0.927913319702512,0.547139118125331
0.205654761904762,0.253647047739663,0.119930193686469,0.927469587466785,0.547372098915197
0.205753968253968,0.253639916856373,0.119984233624076,0.927026067435292,0.547605033362454
0.205853174603175,0.253632755370525,0.120038249002974,0.92658275950564,0.547837921464852
0.205952380952381,0.253625563347951,0.120092239815565,0.926139663575486,0.548070763220139
0.206051587301587,0.253618340854463,0.120146206054251,0.925696779542534,0.548303558626063
0.206150793650794,0.253611087955848,0.120200147711437,0.925254107304532,0.548536307680372
0.20625,0.253603804717871,0.120254064779525,0.924811646759278,0.548769010380808
0.206349206349206,0.253596491206273,0.120307957250921,0.924369397804615,0.549001666725116
0.206448412698413,0.253589147486773,0.12036182511803,0.923927360338434,0.549234276711037
0.206547619047619,0.253581773625065,0.120415668373257,0.923485534258673,0.549466840336312
0.206646825396825,0.253574369686823,0.120469487009009,0.923043919463318,0.549699357598678
0.206746031746032,0.253566935737695,0.120523281017692,0.922602515850399,0.549931828495872
0.206845238095238,0.253559471843306,0.120577050391715,0.922161323317995,0.550164253025631
0.206944444444444,0.253551978069259,0.120630795123484,0.921720341764232,0.550396631185688
0.207043650793651,0.253544454481135,0.120684515205409,0.921279571087284,0.550628962973775
0.207142857142857,0.253536901144489,0.1207382106299,0.920839011185368,0.550861248387624
0.207242063492063,0.253529318124855,0.120791881389364,0.920398661956754,0.551093487424963
0.20734126984127,0.253521705487743,0.120845527476214,0.919958523299753,0.551325680083522
0.207440476190476,0.25351406329864,0.12089914888286,0.919518595112727,0.551557826361025
0.207539682539683,0.25350639162301,0.120952745601713,0.919078877294084,0.551789926255198
0.207638888888889,0.253498690526294,0.121006317625185,0.918639369742278,0.552021979763764
0.207738095238095,0.253490960073909,0.12105986494569,0.918200072355811,0.552253986884445
0.207837301587302,0.253483200331251,0.121113387555639,0.917760985033231,0.552485947614961
0.207936507936508,0.25347541136369,0.121166885447448,0.917322107673135,0.552717861953031
0.208035714285714,0.253467593236575,0.12122035861353,0.916883440174164,0.552949729896372
0.208134920634921,0.253459746015232,0.1212738070463,0.916444982435009,0.553181551442699
0.208234126984127,0.253451869764962,0.121327230738175,0.916006734354405,0.553413326589727
0.208333333333333,0.253443964551044,0.121380629681569,0.915568695831138,0.553645055335168
0.20843253968254,0.253436030438734,0.1214340038689,0.915130866764037,0.553876737676733
0.208531746031746,0.253428067493265,0.121487353292584,0.91469324705198,0.554108373612132
0.208630952380952,0.253420075779847,0.121540677945041,0.914255836593891,0.554339963139073
0.208730158730159,0.253412055363665,0.121593977818687,0.913818635288742,0.554571506255263
0.208829365079365,0.253404006309884,0.121647252905942,0.913381643035551,0.554803002958405
0.208928571428571,0.253395928683643,0.121700503199226,0.912944859733385,0.555034453246205
0.209027777777778,0.25338782255006,0.121753728690959,0.912508285281356,0.555265857116363
0.209126984126984,0.253379687974229,0.121806929373561,0.912071919578622,0.55549721456658
0.20922619047619,0.25337152502122,0.121860105239454,0.911635762524391,0.555728525594554
0.209325396825397,0.253363333756081,0.121913256281059,0.911199814017916,0.555959790197984
0.209424603174603,0.253355114243837,0.121966382490799,0.910764073958498,0.556191008374565
0.20952380952381,0.253346866549489,0.122019483861097,0.910328542245484,0.556422180121992
0.209623015873016,0.253338590738016,0.122072560384376,0.909893218778269,0.556653305437956
0.209722222222222,0.253330286874372,0.122125612053062,0.909458103456293,0.556884384320149
0.209821428571429,0.253321955023491,0.122178638859577,0.909023196179046,0.557115416766261
0.209920634920635,0.25331359525028,0.122231640796349,0.908588496846063,0.557346402773981
0.210019841269841,0.253305207619627,0.122284617855802,0.908154005356926,0.557577342340994
0.210119047619048,0.253296792196393,0.122337570030362,0.907719721611265,0.557808235464986
0.210218253968254,0.253288349045418,0.122390497312458,0.907285645508756,0.55803908214364
0.21031746031746,0.253279878231519,0.122443399694517,0.906851776949122,0.558269882374639
0.210416666666667,0.253271379819489,0.122496277168967,0.906418115832134,0.558500636155662
0.210515873015873,0.253262853874098,0.122549129728236,0.90598466205761,0.55873134348439
0.210615079365079,0.253254300460094,0.122601957364754,0.905551415525413,0.558962004358499
0.210714285714286,0.2532457196422,0.122654760070951,0.905118376135455,0.559192618775666
0.210813492063492,0.253237111485117,0.122707537839257,0.904685543787694,0.559423186733564
0.210912698412698,0.253228476053524,0.122760290662104,0.904252918382136,0.559653708229867
0.211011904761905,0.253219813412074,0.122813018531923,0.903820499818832,0.559884183262247
0.211111111111111,0.253211123625399,0.122865721441146,0.903388287997883,0.560114611828373
0.211210317460317,0.253202406758108,0.122918399382206,0.902956282819434,0.560344993925912
0.211309523809524,0.253193662874786,0.122971052347537,0.902524484183679,0.560575329552533
0.21140873015873,0.253184892039994,0.123023680329572,0.902092891990857,0.5608056187059
0.211507936507937,0.253176094318273,0.123076283320746,0.901661506141257,0.561035861383678
0.211607142857143,0.253167269774137,0.123128861313493,0.901230326535213,0.561266057583527
0.211706349206349,0.25315841847208,0.123181414300251,0.900799353073105,0.56149620730311
0.211805555555556,0.253149540476571,0.123233942273455,0.900368585655362,0.561726310540085
0.211904761904762,0.253140635852057,0.123286445225541,0.899938024182459,0.56195636729211
0.212003968253968,0.253131704662961,0.123338923148947,0.899507668554918,0.562186377556841
0.212103174603175,0.253122746973684,0.123391376036112,0.899077518673309,0.562416341331932
0.212202380952381,0.253113762848601,0.123443803879473,0.898647574438247,0.562646258615037
0.212301587301587,0.253104752352069,0.12349620667147,0.898217835750397,0.562876129403807
0.212400793650794,0.253095715548417,0.123548584404542,0.897788302510467,0.563105953695892
0.2125,0.253086652501953,0.12360093707113,0.897358974619215,0.563335731488941
0.212599206349206,0.253077563276962,0.123653264663675,0.896929851977445,0.5635654627806
0.212698412698413,0.253068447937705,0.123705567174618,0.896500934486009,0.563795147568516
0.212797619047619,0.253059306548421,0.123757844596401,0.896072222045805,0.564024785850331
0.212896825396825,0.253050139173325,0.123810096921467,0.895643714557776,0.564254377623689
0.212996031746032,0.253040945876609,0.123862324142258,0.895215411922917,0.564483922886229
0.213095238095238,0.253031726722443,0.123914526251219,0.894787314042265,0.564713421635592
0.213194444444444,0.253022481774971,0.123966703240794,0.894359420816907,0.564942873869416
0.213293650793651,0.253013211098318,0.124018855103428,0.893931732147975,0.565172279585336
0.213392857142857,0.253003914756582,0.124070981831566,0.893504247936651,0.565401638780987
0.213492063492063,0.25299459281384,0.124123083417654,0.89307696808416,0.565630951454002
0.21359126984127,0.252985245334145,0.124175159854139,0.892649892491777,0.565860217602014
0.213690476190476,0.252975872381529,0.124227211133468,0.892223021060823,0.566089437222652
0.213789682539683,0.252966474019997,0.124279237248089,0.891796353692666,0.566318610313545
0.213888888888889,0.252957050313534,0.12433123819045,0.891369890288721,0.56654773687232
0.213988095238095,0.252947601326101,0.124383213953,0.890943630750449,0.566776816896603
0.214087301587302,0.252938127121635,0.124435164528189,0.890517574979361,0.567005850384018
0.214186507936508,0.252928627764052,0.124487089908466,0.890091722877011,0.567234837332186
0.214285714285714,0.252919103317243,0.124538990086283,0.889666074345002,0.56746377773873
0.214384920634921,0.252909553845076,0.12459086505409,0.889240629284985,0.567692671601269
0.214484126984127,0.252899979411396,0.12464271480434,0.888815387598658,0.56792151891742
0.214583333333333,0.252890380080026,0.124694539329484,0.888390349187762,0.568150319684801
0.21468253968254,0.252880755914765,0.124746338621976,0.887965513954089,0.568379073901025
0.214781746031746,0.252871106979389,0.124798112674269,0.887540881799478,0.568607781563707
0.214880952380952,0.25286143333765,0.124849861478817,0.887116452625813,0.568836442670458
0.214980158730159,0.252851735053278,0.124901585028075,0.886692226335025,0.569065057218889
0.215079365079365,0.25284201218998,0.124953283314499,0.886268202829095,0.569293625206608
0.215178571428571,0.252832264811439,0.125004956330543,0.885844382010047,0.569522146631222
0.215277777777778,0.252822492981315,0.125056604068665,0.885420763779954,0.569750621490338
0.215376984126984,0.252812696763246,0.125108226521322,0.884997348040937,0.56997904978156
0.21547619047619,0.252802876220846,0.12515982368097,0.884574134695161,0.570207431502489
0.215575396825397,0.252793031417705,0.125211395540068,0.884151123644842,0.570435766650729
0.215674603174603,0.252783162417391,0.125262942091076,0.883728314792239,0.570664055223877
0.21577380952381,0.25277326928345,0.125314463326451,0.88330570803966,0.570892297219532
0.215873015873016,0.252763352079402,0.125365959238655,0.882883303289461,0.571120492635291
0.215972222222222,0.252753410868746,0.125417429820146,0.882461100444042,0.571348641468749
0.216071428571429,0.252743445714957,0.125468875063388,0.882039099405854,0.571576743717499
0.216170634920635,0.252733456681488,0.12552029496084,0.88161730007739,0.571804799379134
0.216269841269841,0.252723443831768,0.125571689504965,0.881195702361194,0.572032808451243
0.216369047619048,0.252713407229202,0.125623058688227,0.880774306159856,0.572260770931416
0.216468253968254,0.252703346937173,0.125674402503087,0.880353111376013,0.572488686817241
0.21656746031746,0.252693263019042,0.125725720942011,0.879932117912347,0.572716556106302
0.216666666666667,0.252683155538144,0.125777013997462,0.879511325671591,0.572944378796185
0.216765873015873,0.252673024557793,0.125828281661906,0.879090734556521,0.573172154884472
0.216865079365079,0.252662870141279,0.125879523927809,0.878670344469962,0.573399884368745
0.216964285714286,0.25265269235187,0.125930740787635,0.878250155314786,0.573627567246583
0.217063492063492,0.252642491252809,0.125981932233853,0.877830166993911,0.573855203515565
0.217162698412698,0.252632266907318,0.12603309825893,0.877410379410303,0.574082793173267
0.217261904761905,0.252622019378594,0.126084238855333,0.876990792466975,0.574310336217265
0.217361111111111,0.252611748729813,0.126135354015531,0.876571406066986,0.574537832645133
0.217460317460317,0.252601455024125,0.126186443731993,0.876152220113442,0.574765282454441
0.217559523809524,0.252591138324659,0.126237507997189,0.875733234509498,0.574992685642762
0.21765873015873,0.25258079869452,0.126288546803589,0.875314449158354,0.575220042207664
0.217757936507937,0.252570436196791,0.126339560143664,0.874895863963257,0.575447352146715
0.217857142857143,0.252560050894531,0.126390548009885,0.874477478827502,0.575674615457481
0.217956349206349,0.252549642850776,0.126441510394724,0.87405929365443,0.575901832137526
0.218055555555556,0.252539212128538,0.126492447290653,0.873641308347431,0.576129002184414
0.218154761904762,0.252528758790807,0.126543358690147,0.873223522809939,0.576356125595705
0.218253968253968,0.25251828290055,0.126594244585678,0.872805936945437,0.57658320236896
0.218353174603175,0.25250778452071,0.12664510496972,0.872388550657454,0.576810232501738
0.218452380952381,0.252497263714207,0.126695939834749,0.871971363849568,0.577037215991594
0.218551587301587,0.25248672054394,0.12674674917324,0.8715543764254,0.577264152836085
0.218650793650794,0.252476155072781,0.126797532977669,0.871137588288623,0.577491043032765
0.21875,0.252465567363582,0.126848291240513,0.870720999342952,0.577717886579185
0.218849206349206,0.252454957479171,0.126899023954248,0.870304609492154,0.577944683472897
0.218948412698413,0.252444325482352,0.126949731111353,0.869888418640038,0.578171433711449
0.219047619047619,0.252433671435907,0.127000412704305,0.869472426690464,0.57839813729239
0.219146825396825,0.252422995402594,0.127051068725583,0.869056633547337,0.578624794213265
0.219246031746032,0.25241229744515,0.127101699167668,0.868641039114609,0.57885140447162
0.219345238095238,0.252401577626285,0.127152304023039,0.86822564329628,0.579077968064998
0.219444444444444,0.252390836008689,0.127202883284176,0.867810445996395,0.579304484990939
0.219543650793651,0.252380072655028,0.127253436943561,0.86739544711905,0.579530955246985
0.219642857142857,0.252369287627946,0.127303964993676,0.866980646568382,0.579757378830674
0.219742063492063,0.252358480990061,0.127354467427002,0.866566044248581,0.579983755739542
0.21984126984127,0.25234765280397,0.127404944236023,0.86615164006388,0.580210085971126
0.219940476190476,0.252336803132247,0.127455395413223,0.86573743391856,0.58043636952296
0.220039682539683,0.252325932037442,0.127505820951084,0.86532342571695,0.580662606392575
0.220138888888889,0.252315039582082,0.127556220842093,0.864909615363426,0.580888796577503
0.220238095238095,0.252304125828671,0.127606595078733,0.864496002762409,0.581114940075273
0.220337301587302,0.252293190839691,0.127656943653492,0.864082587818368,0.581341036883414
0.220436507936508,0.2522822346776,0.127707266558854,0.863669370435821,0.581567086999451
0.220535714285714,0.252271257404831,0.127757563787308,0.86325635051933,0.58179309042091
0.220634920634921,0.252260259083797,0.127807835331341,0.862843527973505,0.582019047145313
0.220734126984127,0.252249239776885,0.12785808118344,0.862430902703003,0.582244957170183
0.220833333333333,0.252238199546463,0.127908301336095,0.862018474612529,0.582470820493039
0.22093253968254,0.25222713845487,0.127958495781794,0.861606243606834,0.582696637111401
0.221031746031746,0.252216056564428,0.128008664513028,0.861194209590717,0.582922407022786
0.221130952380952,0.252204953937432,0.128058807522286,0.860782372469022,0.583148130224709
0.221230158730159,0.252193830636154,0.128108924802061,0.860370732146641,0.583373806714684
0.221329365079365,0.252182686722844,0.128159016344842,0.859959288528514,0.583599436490225
0.221428571428571,0.252171522259729,0.128209082143124,0.859548041519627,0.583825019548842
0.221527777777778,0.252160337309013,0.128259122189397,0.859136991025012,0.584050555888045
0.221626984126984,0.252149131932876,0.128309136476156,0.85872613694975,0.584276045505342
0.22172619047619,0.252137906193475,0.128359124995894,0.858315479198969,0.584501488398239
0.221825396825397,0.252126660152944,0.128409087741105,0.857905017677842,0.584726884564242
0.221924603174603,0.252115393873394,0.128459024704286,0.857494752291589,0.584952234000853
0.22202380952381,0.252104107416913,0.128508935877931,0.85708468294548,0.585177536705576
0.222123015873016,0.252092800845567,0.128558821254536,0.85667480954483,0.58540279267591
0.222222222222222,0.252081474221395,0.128608680826598,0.856265131995,0.585628001909354
0.222321428571429,0.252070127606418,0.128658514586614,0.855855650201399,0.585853164403405
0.222420634920635,0.25205876106263,0.128708322527083,0.855446364069484,0.58607828015556
0.222519841269841,0.252047374652004,0.128758104640503,0.855037273504757,0.586303349163313
0.222619047619048,0.252035968115616,0.128807861059667,0.854628378348273,0.586528371568117
0.222718253968254,0.252024540972881,0.128857592012982,0.854219678403591,0.586753347609251
0.22281746031746,0.252013093238851,0.128907297511213,0.853811173578908,0.586978277302466
0.222916666666667,0.2520016249356,0.128956977562046,0.853402863783894,0.587203160660349
0.223015873015873,0.251990136085203,0.129006632173158,0.852994748928255,0.587427997695478
0.223115079365079,0.251978626709743,0.129056261352219,0.852586828921727,0.587652788420422
0.223214285714286,0.251967096831305,0.129105865106892,0.852179103674078,0.587877532847739
0.223313492063492,0.251955546471978,0.129155443444832,0.851771573095109,0.588102230989981
0.223412698412698,0.251943975653856,0.129204996373686,0.851364237094652,0.588326882859689
0.223511904761905,0.251932384399037,0.129254523901093,0.850957095582571,0.588551488469395
0.223611111111111,0.251920772729625,0.129304026034685,0.850550148468763,0.588776047831623
0.223710317460317,0.251909140667724,0.129353502782088,0.850143395663156,0.589000560958886
0.223809523809524,0.251897488235447,0.129402954150917,0.84973683707571,0.58922502786369
0.22390873015873,0.251885815454908,0.129452380148783,0.849330472616418,0.589449448558531
0.224007936507937,0.251874122348225,0.129501780783286,0.848924302195304,0.589673823055896
0.224107142857143,0.251862408937524,0.129551156062022,0.848518325722424,0.589898151368262
0.224206349206349,0.251850675244931,0.129600505992576,0.848112543107867,0.590122433508098
0.224305555555556,0.251838921292579,0.129649830582527,0.847706954261753,0.590346669487864
0.224404761904762,0.251827147102604,0.129699129839448,0.847301559094234,0.590570859320011
0.224503968253968,0.251815352697145,0.1297484037709,0.846896357515496,0.590795003016979
0.224603174603175,0.251803538098348,0.129797652384441,0.846491349435754,0.591019100591202
0.224702380952381,0.251791703328362,0.129846875687619,0.846086534765256,0.591243152055102
0.224801587301587,0.251779848409339,0.129896073687976,0.845681913414283,0.591467157421095
0.224900793650794,0.251767973363437,0.129945246393043,0.845277485293148,0.591691116701584
0.225,0.251756078212818,0.129994393810348,0.844873250312194,0.591915029908966
0.225099206349206,0.251744162979648,0.130043515947407,0.844469208381798,0.592138897055628
0.225198412698413,0.251732227686095,0.130092612811733,0.844065359412369,0.592362718153948
0.225297619047619,0.251720272354335,0.130141684410828,0.843661703314347,0.592586493216294
0.225396825396825,0.251708297006547,0.130190730752186,0.843258239998205,0.592810222255027
0.225496031746032,0.251696301664912,0.130239751843297,0.842854969374446,0.593033905282497
0.225595238095238,0.251684286351618,0.130288747691639,0.842451891353607,0.593257542311045
0.225694444444444,0.251672251088856,0.130337718304686,0.842049005846257,0.593481133353004
0.225793650793651,0.251660195898821,0.130386663689903,0.841646312762996,0.593704678420698
0.225892857142857,0.251648120803714,0.130435583854747,0.841243812014456,0.593928177526439
0.225992063492063,0.251636025825737,0.130484478806668,0.840841503511302,0.594151630682535
0.22609126984127,0.251623910987099,0.130533348553108,0.84043938716423,0.594375037901281
0.226190476190476,0.251611776310013,0.130582193101501,0.840037462883969,0.594598399194963
0.226289682539683,0.251599621816694,0.130631012459276,0.839635730581279,0.59482171457586
0.226388888888889,0.251587447529364,0.13067980663385,0.839234190166953,0.59504498405624
0.226488095238095,0.251575253470248,0.130728575632636,0.838832841551815,0.595268207648364
0.226587301587302,0.251563039661575,0.130777319463039,0.838431684646721,0.595491385364482
0.226686507936508,0.251550806125578,0.130826038132454,0.83803071936256,0.595714517216836
0.226785714285714,0.251538552884495,0.130874731648272,0.837629945610253,0.595937603217658
0.226884920634921,0.251526279960569,0.130923400017872,0.837229363300751,0.596160643379171
0.226984126984127,0.251513987376045,0.13097204324863,0.83682897234504,0.59638363771359
0.227083333333333,0.251501675153174,0.131020661347911,0.836428772654135,0.59660658623312
0.22718253968254,0.25148934331421,0.131069254323075,0.836028764139086,0.596829488949958
0.227281746031746,0.251476991881412,0.131117822181471,0.835628946710972,0.597052345876289
0.227380952380952,0.251464620877043,0.131166364930445,0.835229320280907,0.597275157024293
0.227480158730159,0.251452230323371,0.131214882577331,0.834829884760034,0.597497922406139
0.227579365079365,0.251439820242668,0.131263375129457,0.83443064005953,0.597720642033985
0.227678571428571,0.251427390657208,0.131311842594146,0.834031586090604,0.597943315919983
0.227777777777778,0.251414941589273,0.131360284978709,0.833632722764496,0.598165944076274
0.227876984126984,0.251402473061146,0.131408702290452,0.833234049992479,0.598388526514991
0.22797619047619,0.251389985095116,0.131457094536673,0.832835567685856,0.598611063248257
0.228075396825397,0.251377477713475,0.131505461724663,0.832437275755966,0.598833554288188
0.228174603174603,0.251364950938521,0.131553803861704,0.832039174114175,0.599055999646887
0.22827380952381,0.251352404792554,0.131602120955071,0.831641262671885,0.599278399336452
0.228373015873016,0.251339839297881,0.131650413012033,0.831243541340528,0.599500753368969
0.228472222222222,0.25132725447681,0.131698680039847,0.830846010031569,0.599723061756516
0.228571428571429,0.251314650351656,0.131746922045768,0.830448668656504,0.599945324511163
0.228670634920635,0.251302026944737,0.13179513903704,0.830051517126861,0.600167541644969
0.228769841269841,0.251289384278374,0.1318433310209,0.829654555354202,0.600389713169984
0.228869047619048,0.251276722374895,0.131891498004578,0.829257783250118,0.600611839098252
0.228968253968254,0.251264041256631,0.131939639995295,0.828861200726235,0.600833919441804
0.22906746031746,0.251251340945916,0.131987757000266,0.828464807694208,0.601055954212664
0.229166666666667,0.25123862146509,0.132035849026698,0.828068604065727,0.601277943422846
0.229265873015873,0.251225882836496,0.13208391608179,0.827672589752512,0.601499887084355
0.229365079365079,0.251213125082482,0.132131958172733,0.827276764666315,0.601721785209189
0.229464285714286,0.2512003482254,0.132179975306712,0.826881128718921,0.601943637809333
0.229563492063492,0.251187552287606,0.132227967490903,0.826485681822147,0.602165444896767
0.229662698412698,0.25117473729146,0.132275934732474,0.82609042388784,0.602387206483459
0.229761904761905,0.251161903259328,0.132323877038588,0.825695354827882,0.602608922581368
0.229861111111111,0.251149050213577,0.132371794416397,0.825300474554186,0.602830593202447
0.229960317460317,0.251136178176582,0.132419686873048,0.824905782978695,0.603052218358636
0.230059523809524,0.251123287170719,0.132467554415678,0.824511280013387,0.603273798061869
0.23015873015873,0.25111037721837,0.13251539705142,0.824116965570269,0.603495332324068
0.230257936507936,0.251097448341921,0.132563214787396,0.823722839561383,0.603716821157149
0.230357142857143,0.251084500563762,0.132611007630722,0.823328901898801,0.603938264573017
0.230456349206349,0.251071533906287,0.132658775588505,0.822935152494628,0.604159662583567
0.230555555555556,0.251058548391894,0.132706518667847,0.822541591261,0.604381015200688
0.230654761904762,0.251045544042987,0.13275423687584,0.822148218110086,0.604602322436258
0.230753968253968,0.251032520881972,0.13280193021957,0.821755032954086,0.604823584302144
0.230853174603175,0.251019478931261,0.132849598706114,0.821362035705234,0.605044800810209
0.230952380952381,0.251006418213268,0.132897242342542,0.820969226275793,0.605265971972301
0.231051587301587,0.250993338750414,0.132944861135916,0.82057660457806,0.605487097800264
0.231150793650794,0.250980240565123,0.132992455093293,0.820184170524364,0.60570817830593
0.23125,0.250967123679822,0.133040024221718,0.819791924027065,0.605929213501122
0.231349206349206,0.250953988116943,0.133087568528232,0.819399864998557,0.606150203397655
0.231448412698413,0.250940833898925,0.133135088019867,0.819007993351264,0.606371148007335
0.231547619047619,0.250927661048206,0.133182582703647,0.818616308997641,0.606592047341958
0.231646825396825,0.250914469587233,0.133230052586589,0.818224811850179,0.60681290141331
0.231746031746032,0.250901259538454,0.133277497675703,0.817833501821397,0.607033710233171
0.231845238095238,0.250888030924323,0.13332491797799,0.817442378823849,0.60725447381331
0.231944444444444,0.250874783767299,0.133372313500444,0.817051442770118,0.607475192165486
0.232043650793651,0.250861518089841,0.133419684250053,0.816660693572822,0.60769586530145
0.232142857142857,0.250848233914418,0.133467030233794,0.816270131144609,0.607916493232945
0.232242063492063,0.250834931263499,0.13351435145864,0.81587975539816,0.608137075971703
0.23234126984127,0.250821610159559,0.133561647931553,0.815489566246188,0.608357613529447
0.232440476190476,0.250808270625077,0.133608919659491,0.815099563601436,0.608578105917893
0.232539682539683,0.250794912682536,0.133656166649402,0.814709747376683,0.608798553148746
0.232638888888889,0.250781536354423,0.133703388908227,0.814320117484735,0.609018955233702
0.232738095238095,0.25076814166323,0.133750586442898,0.813930673838435,0.609239312184448
0.232837301587302,0.250754728631452,0.133797759260343,0.813541416350655,0.609459624012663
0.232936507936508,0.250741297281591,0.133844907367479,0.813152344934299,0.609679890730017
0.233035714285714,0.250727847636149,0.133892030771216,0.812763459502304,0.609900112348168
0.233134920634921,0.250714379717636,0.133939129478459,0.81237475996764,0.610120288878769
0.233234126984127,0.250700893548564,0.133986203496102,0.811986246243305,0.61034042033346
0.233333333333333,0.25068738915145,0.134033252831032,0.811597918242334,0.610560506723876
0.23343253968254,0.250673866548816,0.134080277490131,0.811209775877791,0.610780548061638
0.233531746031746,0.250660325763186,0.134127277480271,0.810821819062772,0.611000544358363
0.233630952380952,0.250646766817091,0.134174252808317,0.810434047710407,0.611220495625656
0.233730158730159,0.250633189733064,0.134221203481126,0.810046461733856,0.611440401875113
0.233829365079365,0.250619594533643,0.134268129505548,0.809659061046311,0.611660263118322
0.233928571428571,0.250605981241371,0.134315030888426,0.809271845560998,0.611880079366861
0.234027777777778,0.250592349878795,0.134361907636594,0.808884815191173,0.612099850632299
0.234126984126984,0.250578700468465,0.13440875975688,0.808497969850125,0.612319576926196
0.23422619047619,0.250565033032935,0.134455587256101,0.808111309451174,0.612539258260103
0.234325396825397,0.250551347594767,0.134502390141072,0.807724833907674,0.612758894645563
0.234424603174603,0.250537644176522,0.134549168418595,0.807338543133008,0.612978486094108
0.23452380952381,0.250523922800769,0.134595922095468,0.806952437040595,0.613198032617262
0.234623015873016,0.250510183490079,0.13464265117848,0.806566515543882,0.613417534226539
0.234722222222222,0.25049642626703,0.134689355674412,0.80618077855635,0.613636990933446
0.234821428571429,0.2504826511542,0.134736035590038,0.805795225991512,0.613856402749479
0.234920634920635,0.250468858174176,0.134782690932124,0.805409857762913,0.614075769686125
0.235019841269841,0.250455047349545,0.134829321707429,0.805024673784129,0.614295091754863
0.235119047619048,0.250441218702901,0.134875927922705,0.80463967396877,0.614514368967161
0.235218253968254,0.250427372256842,0.134922509584694,0.804254858230476,0.614733601334481
0.23531746031746,0.250413508033968,0.134969066700133,0.803870226482919,0.614952788868272
0.235416666666667,0.250399626056886,0.13501559927575,0.803485778639805,0.615171931579978
0.235515873015873,0.250385726348206,0.135062107318266,0.80310151461487,0.615391029481032
0.235615079365079,0.250371808930541,0.135108590834393,0.802717434321883,0.615610082582856
0.235714285714286,0.250357873826511,0.135155049830839,0.802333537674645,0.615829090896866
0.235813492063492,0.250343921058738,0.135201484314299,0.801949824586989,0.616048054434467
0.235912698412698,0.250329950649849,0.135247894291466,0.801566294972779,0.616266973207056
0.236011904761905,0.250315962622476,0.135294279769021,0.801182948745912,0.616485847226021
0.236111111111111,0.250301956999253,0.13534064075364,0.800799785820317,0.61670467650274
0.236210317460317,0.250287933802821,0.13538697725199,0.800416806109955,0.616923461048582
0.236309523809524,0.250273893055823,0.135433289270732,0.800034009528819,0.617142200874907
0.23640873015873,0.250259834780907,0.135479576816517,0.799651395990933,0.617360895993067
0.236507936507937,0.250245759000726,0.135525839895991,0.799268965410354,0.617579546414404
0.236607142857143,0.250231665737936,0.135572078515791,0.798886717701171,0.61779815215025
0.236706349206349,0.250217555015199,0.135618292682546,0.798504652777504,0.61801671321193
0.236805555555556,0.250203426855178,0.135664482402879,0.798122770553508,0.618235229610759
0.236904761904762,0.250189281280545,0.135710647683404,0.797741070943365,0.618453701358042
0.237003968253968,0.250175118313971,0.135756788530727,0.797359553861295,0.618672128465075
0.237103174603175,0.250160937978134,0.135802904951448,0.796978219221543,0.618890510943147
0.237202380952381,0.250146740295718,0.135848996952159,0.796597066938393,0.619108848803535
0.237301587301587,0.250132525289407,0.135895064539443,0.796216096926157,0.61932714205751
0.237400793650794,0.250118292981892,0.135941107719877,0.795835309099179,0.619545390716331
0.2375,0.250104043395869,0.135987126500031,0.795454703371837,0.61976359479125
0.237599206349206,0.250089776554035,0.136033120886464,0.795074279658539,0.619981754293508
0.237698412698413,0.250075492479094,0.136079090885732,0.794694037873726,0.62019986923434
0.237797619047619,0.250061191193753,0.136125036504379,0.794313977931871,0.620417939624968
0.237896825396825,0.250046872720724,0.136170957748945,0.793934099747478,0.620635965476608
0.237996031746032,0.250032537082723,0.13621685462596,0.793554403235086,0.620853946800466
0.238095238095238,0.25001818430247,0.136262727141948,0.793174888309261,0.621071883607737
0.238194444444444,0.250003814402688,0.136308575303424,0.792795554884607,0.62128977590961
0.238293650793651,0.249989427406107,0.136354399116897,0.792416402875754,0.621507623717264
0.238392857142857,0.249975023335459,0.136400198588866,0.792037432197369,0.621725427041867
0.238492063492063,0.249960602213482,0.136445973725825,0.791658642764147,0.62194318589458
0.23859126984127,0.249946164062915,0.13649172453426,0.791280034490819,0.622160900286555
0.238690476190476,0.249931708906506,0.136537451020648,0.790901607292144,0.622378570228933
0.238789682539683,0.249917236767003,0.136583153191458,0.790523361082916,0.622596195732848
0.238888888888889,0.24990274766716,0.136628831053154,0.790145295777959,0.622813776809423
0.238988095238095,0.249888241629736,0.136674484612191,0.789767411292131,0.623031313469774
0.239087301587302,0.249873718677492,0.136720113875016,0.78938970754032,0.623248805725006
0.239186507936508,0.249859178833196,0.136765718848068,0.789012184437447,0.623466253586216
0.239285714285714,0.249844622119618,0.13681129953778,0.788634841898466,0.623683657064492
0.239384920634921,0.249830048559534,0.136856855950577,0.78825767983836,0.623901016170913
0.239484126984127,0.249815458175722,0.136902388092875,0.787880698172148,0.624118330916547
0.239583333333333,0.249800850990966,0.136947895971083,0.787503896814877,0.624335601312455
0.23968253968254,0.249786227028053,0.136993379591605,0.787127275681629,0.624552827369689
0.239781746031746,0.249771586309777,0.137038838960832,0.786750834687517,0.624770009099291
0.239880952380952,0.249756928858932,0.137084274085154,0.786374573747685,0.624987146512293
0.239980158730159,0.24974225469832,0.137129684970947,0.785998492777311,0.625204239619721
0.240079365079365,0.249727563850744,0.137175071624585,0.785622591691604,0.625421288432589
0.240178571428571,0.249712856339015,0.13722043405243,0.785246870405803,0.625638292961902
0.240277777777778,0.249698132185945,0.137265772260838,0.784871328835184,0.625855253218658
0.240376984126984,0.249683391414351,0.137311086256159,0.784495966895049,0.626072169213845
0.24047619047619,0.249668634047054,0.137356376044734,0.784120784500737,0.62628904095844
0.240575396825397,0.249653860106882,0.137401641632895,0.783745781567616,0.626505868463414
0.240674603174603,0.249639069616664,0.13744688302697,0.783370958011087,0.626722651739727
0.24077380952381,0.249624262599233,0.137492100233275,0.782996313746583,0.62693939079833
0.240873015873016,0.249609439077429,0.137537293258121,0.78262184868957,0.627156085650167
0.240972222222222,0.249594599074095,0.137582462107813,0.782247562755543,0.627372736306168
0.241071428571429,0.249579742612077,0.137627606788644,0.781873455860032,0.62758934277726
0.241170634920635,0.249564869714226,0.137672727306904,0.781499527918599,0.627805905074357
0.241269841269841,0.249549980403398,0.137717823668872,0.781125778846835,0.628022423208365
0.241369047619048,0.249535074702453,0.137762895880821,0.780752208560367,0.62823889719018
0.241468253968254,0.249520152634254,0.137807943949016,0.78037881697485,0.628455327030692
0.24156746031746,0.24950521422167,0.137852967879714,0.780005604005974,0.628671712740777
0.241666666666667,0.249490259487573,0.137897967679166,0.77963256956946,0.628888054331306
0.241765873015873,0.24947528845484,0.137942943353614,0.779259713581061,0.62910435181314
0.241865079365079,0.24946030114635,0.137987894909293,0.778887035956561,0.629320605197129
0.241964285714286,0.249445297584991,0.138032822352428,0.778514536611779,0.629536814494117
0.242063492063492,0.249430277793649,0.138077725689242,0.778142215462563,0.629752979714936
0.242162698412698,0.249415241795221,0.138122604925944,0.777770072424793,0.62996910087041
0.242261904761905,0.249400189612601,0.138167460068739,0.777398107414383,0.630185177971356
0.242361111111111,0.249385121268694,0.138212291123825,0.777026320347279,0.630401211028577
0.242460317460317,0.249370036786405,0.13825709809739,0.776654711139456,0.630617200052873
0.242559523809524,0.249354936188645,0.138301880995615,0.776283279706924,0.630833145055029
0.24265873015873,0.249339819498327,0.138346639824676,0.775912025965724,0.631049046045826
0.242757936507937,0.249324686738372,0.138391374590738,0.77554094983193,0.631264903036033
0.242857142857143,0.249309537931702,0.138436085299959,0.775170051221645,0.631480716036409
0.242956349206349,0.249294373101245,0.138480771958492,0.774799330051007,0.631696485057708
0.243055555555556,0.249279192269931,0.138525434572479,0.774428786236186,0.631912210110671
0.243154761904762,0.249263995460698,0.138570073148058,0.774058419693382,0.632127891206031
0.243253968253968,0.249248782696485,0.138614687691355,0.773688230338827,0.632343528354513
0.243353174603175,0.249233554000236,0.138659278208492,0.773318218088789,0.632559121566832
0.243452380952381,0.249218309394899,0.138703844705582,0.772948382859562,0.632774670853694
0.243551587301587,0.249203048903429,0.13874838718873,0.772578724567477,0.632990176225796
0.243650793650794,0.249187772548781,0.138792905664036,0.772209243128894,0.633205637693826
0.24375,0.249172480353916,0.138837400137588,0.771839938460207,0.633421055268462
0.243849206349206,0.249157172341801,0.138881870615471,0.771470810477841,0.633636428960374
0.243948412698413,0.249141848535404,0.138926317103758,0.771101859098252,0.633851758780223
0.244047619047619,0.249126508957701,0.138970739608518,0.77073308423793,0.634067044738661
0.244146825396825,0.249111153631668,0.139015138135812,0.770364485813395,0.634282286846329
0.244246031746032,0.249095782580288,0.13905951269169,0.769996063741202,0.634497485113862
0.244345238095238,0.249080395826548,0.139103863282199,0.769627817937934,0.634712639551883
0.244444444444444,0.249064993393438,0.139148189913375,0.76925974832021,0.634927750171008
0.244543650793651,0.249049575303955,0.139192492591248,0.768891854804678,0.635142816981843
0.244642857142857,0.249034141581096,0.13923677132184,0.768524137308019,0.635357839994984
0.244742063492063,0.249018692247865,0.139281026111166,0.768156595746946,0.63557281922102
0.24484126984127,0.249003227327271,0.139325256965232,0.767789230038205,0.63578775467053
0.244940476190476,0.248987746842325,0.139369463890038,0.767422040098572,0.636002646354083
0.245039682539683,0.248972250816044,0.139413646891576,0.767055025844857,0.636217494282241
0.245138888888889,0.248956739271447,0.139457805975829,0.766688187193901,0.636432298465553
0.245238095238095,0.248941212231559,0.139501941148774,0.766321524062577,0.636647058914565
0.245337301587302,0.24892566971941,0.13954605241638,0.76595503636779,0.636861775639807
0.245436507936508,0.248910111758033,0.139590139784609,0.765588724026477,0.637076448651805
0.245535714285714,0.248894538370464,0.139634203259413,0.765222586955607,0.637291077961075
0.245634920634921,0.248878949579745,0.13967824284674,0.764856625072182,0.637505663578121
0.245734126984127,0.248863345408923,0.139722258552527,0.764490838293234,0.637720205513443
0.245833333333333,0.248847725881048,0.139766250382706,0.764125226535829,0.637934703777526
0.24593253968254,0.248832091019172,0.1398102183432,0.763759789717064,0.63814915838085
0.246031746031746,0.248816440846356,0.139854162439925,0.763394527754068,0.638363569333886
0.246130952380952,0.248800775385662,0.139898082678788,0.763029440564002,0.638577936647094
0.246230158730159,0.248785094660157,0.139941979065691,0.762664528064059,0.638792260330924
0.246329365079365,0.248769398692911,0.139985851606527,0.762299790171465,0.639006540395821
0.246428571428571,0.248753687507001,0.14002970030718,0.761935226803477,0.639220776852217
0.246527777777778,0.248737961125506,0.140073525173529,0.761570837877383,0.639434969710537
0.246626984126984,0.248722219571511,0.140117326211443,0.761206623310505,0.639649118981197
0.24672619047619,0.248706462868102,0.140161103426786,0.760842583020196,0.639863224674601
0.246825396825397,0.248690691038373,0.140204856825413,0.760478716923842,0.640077286801148
0.246924603174603,0.24867490410542,0.140248586413169,0.760115024938859,0.640291305371226
0.24702380952381,0.248659102092343,0.140292292195897,0.759751506982697,0.640505280395212
0.247123015873016,0.248643285022249,0.140335974179427,0.759388162972836,0.640719211883479
0.247222222222222,0.248627452918246,0.140379632369585,0.759024992826791,0.640933099846385
0.247321428571429,0.248611605803448,0.140423266772187,0.758661996462106,0.641146944294283
0.247420634920635,0.248595743700973,0.140466877393043,0.758299173796358,0.641360745237516
0.247519841269841,0.248579866633942,0.140510464237954,0.757936524747157,0.641574502686416
0.247619047619048,0.248563974625481,0.140554027312716,0.757574049232144,0.641788216651309
0.247718253968254,0.248548067698722,0.140597566623114,0.757211747168992,0.64200188714251
0.24781746031746,0.248532145876798,0.140641082174927,0.756849618475406,0.642215514170324
0.247916666666667,0.24851620918285,0.140684573973928,0.756487663069124,0.64242909774505
0.248015873015873,0.248500257640019,0.140728042025879,0.756125880867914,0.642642637876975
0.248115079365079,0.248484291271453,0.140771486336538,0.755764271789578,0.642856134576379
0.248214285714286,0.248468310100304,0.140814906911653,0.755402835751949,0.64306958785353
0.248313492063492,0.248452314149728,0.140858303756964,0.755041572672893,0.643282997718691
0.248412698412698,0.248436303442884,0.140901676878207,0.754680482470306,0.643496364182112
0.248511904761905,0.248420278002937,0.140945026281105,0.754319565062119,0.643709687254037
0.248611111111111,0.248404237853056,0.140988351971378,0.753958820366291,0.643922966944699
0.248710317460317,0.248388183016413,0.141031653954736,0.753598248300817,0.644136203264322
0.248809523809524,0.248372113516185,0.141074932236883,0.753237848783721,0.644349396223122
0.24890873015873,0.248356029375554,0.141118186823514,0.752877621733061,0.644562545831306
0.249007936507937,0.248339930617704,0.141161417720317,0.752517567066926,0.64477565209907
0.249107142857143,0.248323817265826,0.141204624932972,0.752157684703437,0.644988715036603
0.249206349206349,0.248307689343114,0.141247808467151,0.751797974560748,0.645201734654083
0.249305555555556,0.248291546872765,0.141290968328521,0.751438436557044,0.645414710961681
0.249404761904762,0.248275389877982,0.141334104522739,0.751079070610542,0.645627643969558
0.249503968253968,0.248259218381971,0.141377217055454,0.750719876639492,0.645840533687865
0.249603174603175,0.248243032407944,0.141420305932309,0.750360854562174,0.646053380126745
0.249702380952381,0.248226831979115,0.141463371158939,0.750002004296902,0.646266183296332
0.249801587301587,0.248210617118704,0.14150641274097,0.749643325762021,0.64647894320675
0.249900793650794,0.248194387849933,0.141549430684023,0.749284818875909,0.646691659868114
0.25,0.248178144196032,0.14159242499371,0.748926483556975,0.646904333290532
0.250099206349206,0.248161886180232,0.141635395675634,0.74856831972366,0.647116963484101
0.250198412698413,0.248145613825769,0.141678342735393,0.748210327294437,0.647329550458907
0.250297619047619,0.248129327155884,0.141721266178576,0.747852506187812,0.647542094225032
0.250396825396825,0.24811302619382,0.141764166010764,0.747494856322322,0.647754594792544
0.250496031746032,0.248096710962828,0.141807042237531,0.747137377616536,0.647967052171505
0.250595238095238,0.248080381486161,0.141849894864444,0.746780069989056,0.648179466371967
0.250694444444444,0.248064037787074,0.141892723897062,0.746422933358515,0.648391837403972
0.250793650793651,0.248047679888831,0.141935529340936,0.746065967643578,0.648604165277554
0.250892857142857,0.248031307814698,0.141978311201609,0.745709172762943,0.648816450002737
0.250992063492063,0.248014921587943,0.142021069484617,0.745352548635339,0.649028691589538
0.25109126984127,0.247998521231842,0.14206380419549,0.744996095179527,0.649240890047962
0.251190476190476,0.247982106769672,0.142106515339747,0.7446398123143,0.649453045388007
0.251289682539683,0.247965678224718,0.142149202922902,0.744283699958485,0.649665157619661
0.251388888888889,0.247949235620264,0.142191866950462,0.743927758030938,0.649877226752904
0.251488095238095,0.247932778979604,0.142234507427922,0.743571986450548,0.650089252797704
0.251587301587302,0.247916308326033,0.142277124360775,0.743216385136237,0.650301235764025
0.251686507936508,0.247899823682849,0.142319717754504,0.742860954006959,0.650513175661816
0.251785714285714,0.247883325073357,0.142362287614582,0.742505692981698,0.650725072501022
0.251884920634921,0.247866812520865,0.142404833946479,0.742150601979473,0.650936926291576
0.251984126984127,0.247850286048685,0.142447356755654,0.741795680919331,0.651148737043402
0.252083333333333,0.247833745680135,0.142489856047559,0.741440929720356,0.651360504766416
0.25218253968254,0.247817191438534,0.14253233182764,0.74108634830166,0.651572229470525
0.252281746031746,0.247800623347208,0.142574784101334,0.740731936582388,0.651783911165626
0.252380952380952,0.247784041429487,0.14261721287407,0.740377694481718,0.651995549861607
0.252480158730159,0.247767445708703,0.142659618151271,0.740023621918859,0.652207145568348
0.252579365079365,0.247750836208194,0.142701999938352,0.739669718813053,0.652418698295718
0.252678571428571,0.247734212951303,0.142744358240718,0.739315985083573,0.652630208053579
0.252777777777778,0.247717575961376,0.14278669306377,0.738962420649724,0.652841674851783
0.252876984126984,0.247700925261763,0.1428290044129,0.738609025430844,0.653053098700172
0.25297619047619,0.247684260875818,0.14287129229349,0.738255799346302,0.653264479608581
0.253075396825397,0.247667582826901,0.142913556710919,0.7379027423155,0.653475817586833
0.253174603174603,0.247650891138375,0.142955797670555,0.737549854257871,0.653687112644746
0.25327380952381,0.247634185833607,0.142998015177758,0.737197135092881,0.653898364792124
0.253373015873016,0.247617466935969,0.143040209237884,0.736844584740026,0.654109574038767
0.253472222222222,0.247600734468837,0.143082379856278,0.736492203118836,0.654320740394461
0.253571428571429,0.24758398845559,0.143124527038279,0.736139990148873,0.654531863868987
0.253670634920635,0.247567228919613,0.143166650789218,0.73578794574973,0.654742944472114
0.253769841269841,0.247550455884295,0.143208751114418,0.735436069841033,0.654953982213603
0.253869047619048,0.247533669373028,0.143250828019195,0.735084362342439,0.655164977103208
0.253968253968254,0.247516869409209,0.143292881508856,0.734732823173637,0.65537592915067
0.25406746031746,0.247500056016239,0.143334911588704,0.734381452254348,0.655586838365723
0.254166666666667,0.247483229217525,0.143376918264031,0.734030249504327,0.655797704758093
0.254265873015873,0.247466389036475,0.143418901540122,0.733679214843359,0.656008528337494
0.254365079365079,0.247449535496503,0.143460861422255,0.733328348191261,0.656219309113634
0.254464285714286,0.247432668621028,0.1435027979157,0.732977649467883,0.65643004709621
0.254563492063492,0.247415788433472,0.14354471102572,0.732627118593105,0.65664074229491
0.254662698412698,0.247398894957262,0.14358660075757,0.732276755486842,0.656851394719414
0.254761904761905,0.247381988215827,0.143628467116498,0.731926560069039,0.657062004379392
0.254861111111111,0.247365068232605,0.143670310107743,0.731576532259674,0.657272571284504
0.254960317460317,0.247348135031033,0.143712129736537,0.731226671978755,0.657483095444405
0.255059523809524,0.247331188634556,0.143753926008106,0.730876979146325,0.657693576868735
0.25515873015873,0.24731422906662,0.143795698927666,0.730527453682457,0.657904015567129
0.255257936507936,0.247297256350679,0.143837448500426,0.730178095507256,0.658114411549213
0.255357142857143,0.247280270510187,0.14387917473159,0.729828904540859,0.658324764824601
0.255456349206349,0.247263271568607,0.14392087762635,0.729479880703438,0.6585350754029
0.255555555555556,0.247246259549402,0.143962557189894,0.729131023915192,0.658745343293708
0.255654761904762,0.247229234476041,0.144004213427401,0.728782334096355,0.658955568506613
0.255753968253968,0.247212196371997,0.144045846344042,0.728433811167193,0.659165751051195
0.255853174603175,0.247195145260749,0.144087455944981,0.728085455048003,0.659375890937024
0.255952380952381,0.247178081165777,0.144129042235375,0.727737265659115,0.659585988173661
0.256051587301587,0.247161004110566,0.144170605220371,0.727389242920891,0.659796042770659
0.256150793650794,0.247143914118609,0.144212144905113,0.727041386753723,0.66000605473756
0.25625,0.247126811213398,0.144253661294732,0.726693697078037,0.660216024083898
0.256349206349206,0.247109695418432,0.144295154394354,0.726346173814292,0.660425950819199
0.256448412698413,0.247092566757213,0.144336624209099,0.725998816882976,0.660635834952977
0.256547619047619,0.24707542525325,0.144378070744077,0.72565162620461,0.66084567649474
0.256646825396825,0.247058270930053,0.144419494004391,0.725304601699749,0.661055475453986
0.256746031746032,0.247041103811137,0.144460893995137,0.724957743288978,0.661265231840202
0.256845238095238,0.247023923920023,0.144502270721402,0.724611050892915,0.661474945662869
0.256944444444444,0.247006731280233,0.144543624188268,0.724264524432209,0.661684616931456
0.257043650793651,0.246989525915297,0.144584954400806,0.723918163827541,0.661894245655425
0.257142857142857,0.246972307848746,0.144626261364082,0.723571968999625,0.662103831844228
0.257242063492064,0.246955077104118,0.144667545083153,0.723225939869207,0.662313375507309
0.25734126984127,0.246937833704953,0.14470880556307,0.722880076357065,0.6625228766541
0.257440476190476,0.246920577674796,0.144750042808875,0.722534378384007,0.662732335294028
0.257539682539683,0.246903309037196,0.144791256825603,0.722188845870875,0.662941751436507
0.257638888888889,0.246886027815708,0.144832447618281,0.721843478738544,0.663151125090946
0.257738095238095,0.246868734033888,0.144873615191928,0.721498276907918,0.66336045626674
0.257837301587302,0.246851427715298,0.144914759551557,0.721153240299935,0.66356974497328
0.257936507936508,0.246834108883506,0.144955880702172,0.720808368835564,0.663778991219944
0.258035714285714,0.246816777562081,0.14499697864877,0.720463662435808,0.663988195016103
0.258134920634921,0.246799433774598,0.14503805339634,0.7201191210217,0.664197356371118
0.258234126984127,0.246782077544636,0.145079104949864,0.719774744514305,0.664406475294342
0.258333333333333,0.246764708895778,0.145120133314316,0.719430532834721,0.664615551795117
0.25843253968254,0.246747327851612,0.145161138494662,0.719086485904078,0.664824585882777
0.258531746031746,0.246729934435729,0.145202120495861,0.718742603643537,0.665033577566649
0.258630952380952,0.246712528671724,0.145243079322865,0.718398885974291,0.665242526856047
0.258730158730159,0.246695110583199,0.145284014980617,0.718055332817567,0.665451433760278
0.258829365079365,0.246677680193757,0.145324927474053,0.717711944094622,0.66566029828864
0.258928571428571,0.246660237527007,0.145365816808101,0.717368719726746,0.665869120450422
0.259027777777778,0.246642782606561,0.145406682987684,0.71702565963526,0.666077900254903
0.259126984126984,0.246625315456037,0.145447526017713,0.716682763741518,0.666286637711353
0.25922619047619,0.246607836099056,0.145488345903095,0.716340031966905,0.666495332829035
0.259325396825397,0.246590344559243,0.145529142648727,0.715997464232839,0.6667039856172
0.259424603174603,0.246572840860228,0.145569916259501,0.71565506046077,0.666912596085092
0.25952380952381,0.246555325025645,0.145610666740299,0.71531282057218,0.667121164241944
0.259623015873016,0.246537797079132,0.145651394095996,0.714970744488581,0.667329690096982
0.259722222222222,0.246520257044331,0.14569209833146,0.71462883213152,0.667538173659422
0.259821428571429,0.246502704944889,0.145732779451552,0.714287083422575,0.66774661493847
0.259920634920635,0.246485140804457,0.145773437461124,0.713945498283354,0.667955013943325
0.260019841269841,0.24646756464669,0.145814072365021,0.7136040766355,0.668163370683174
0.260119047619048,0.246449976495247,0.14585468416808,0.713262818400686,0.668371685167198
0.260218253968254,0.246432376373792,0.14589527287513,0.712921723500618,0.668579957404568
0.26031746031746,0.246414764305992,0.145935838490995,0.712580791857033,0.668788187404443
0.260416666666667,0.24639714031552,0.145976381020489,0.712240023391702,0.668996375175978
0.260515873015873,0.246379504426051,0.146016900468419,0.711899418026426,0.669204520728314
0.260615079365079,0.246361856661267,0.146057396839583,0.711558975683038,0.669412624070587
0.260714285714286,0.246344197044851,0.146097870138774,0.711218696283405,0.669620685211922
0.260813492063492,0.246326525600493,0.146138320370777,0.710878579749423,0.669828704161433
0.260912698412698,0.246308842351886,0.146178747540367,0.710538626003023,0.67003668092823
0.261011904761905,0.246291147322728,0.146219151652314,0.710198834966167,0.670244615521408
0.261111111111111,0.246273440536719,0.146259532711379,0.709859206560847,0.670452507950057
0.261210317460317,0.246255722017566,0.146299890722315,0.70951974070909,0.670660358223256
0.261309523809524,0.246237991788979,0.14634022568987,0.709180437332954,0.670868166350077
0.26140873015873,0.246220249874671,0.146380537618782,0.708841296354527,0.67107593233958
0.261507936507936,0.246202496298363,0.146420826513782,0.708502317695933,0.671283656200819
0.261607142857143,0.246184731083776,0.146461092379593,0.708163501279323,0.671491337942835
0.261706349206349,0.246166954254637,0.14650133522093,0.707824847026885,0.671698977574665
0.261805555555556,0.246149165834678,0.146541555042504,0.707486354860836,0.671906575105331
0.261904761904762,0.246131365847633,0.146581751849013,0.707148024703426,0.672114130543852
0.262003968253968,0.246113554317244,0.146621925645151,0.706809856476936,0.672321643899233
0.262103174603175,0.246095731267253,0.146662076435604,0.70647185010368,0.672529115180473
0.262202380952381,0.24607789672141,0.14670220422505,0.706134005506004,0.67273654439656
0.262301587301587,0.246060050703465,0.146742309018158,0.705796322606285,0.672943931556474
0.262400793650794,0.246042193237176,0.146782390819591,0.705458801326934,0.673151276669186
0.2625,0.246024324346304,0.146822449634005,0.705121441590392,0.673358579743658
0.262599206349206,0.246006444054613,0.146862485466047,0.704784243319133,0.673565840788841
0.262698412698413,0.245988552385874,0.146902498320357,0.704447206435662,0.673773059813679
0.262797619047619,0.245970649363859,0.146942488201567,0.704110330862517,0.673980236827106
0.262896825396825,0.245952735012346,0.146982455114302,0.703773616522269,0.674187371838048
0.262996031746032,0.245934809355118,0.147022399063179,0.703437063337518,0.67439446485542
0.263095238095238,0.24591687241596,0.147062320052808,0.703100671230899,0.674601515888131
0.263194444444444,0.245898924218664,0.14710221808779,0.702764440125077,0.674808524945077
0.263293650793651,0.245880964787022,0.14714209317272,0.70242836994275,0.675015492035147
0.263392857142857,0.245862994144836,0.147181945312185,0.702092460606648,0.675222417167222
0.263492063492063,0.245845012315907,0.147221774510763,0.701756712039533,0.675429300350171
0.26359126984127,0.245827019324044,0.147261580773027,0.701421124164198,0.675636141592857
0.263690476190476,0.245809015193057,0.14730136410354,0.70108569690347,0.675842940904132
0.263789682539682,0.245790999946763,0.147341124506859,0.700750430180205,0.67604969829284
0.263888888888889,0.245772973608981,0.147380861987532,0.700415323917294,0.676256413767814
0.263988095238095,0.245754936203537,0.1474205765501,0.700080378037659,0.67646308733788
0.264087301587302,0.245736887754258,0.147460268199098,0.699745592464253,0.676669719011855
0.264186507936508,0.245718828284977,0.147499936939051,0.699410967120063,0.676876308798544
0.264285714285714,0.245700757819532,0.147539582774478,0.699076501928105,0.677082856706747
0.264384920634921,0.245682676381763,0.147579205709888,0.69874219681143,0.677289362745252
0.264484126984127,0.245664583995516,0.147618805749787,0.69840805169312,0.677495826922839
0.264583333333333,0.24564648068464,0.147658382898669,0.698074066496288,0.677702249248279
0.26468253968254,0.245628366472991,0.147697937161021,0.697740241144081,0.677908629730333
0.264781746031746,0.245610241384425,0.147737468541326,0.697406575559675,0.678114968377754
0.264880952380952,0.245592105442805,0.147776977044055,0.697073069666282,0.678321265199286
0.264980158730159,0.245573958671997,0.147816462673673,0.696739723387142,0.678527520203662
0.265079365079365,0.245555801095874,0.147855925434639,0.69640653664553,0.678733733399608
0.265178571428571,0.245537632738309,0.147895365331403,0.696073509364751,0.678939904795841
0.265277777777778,0.245519453623182,0.147934782368406,0.695740641468144,0.679146034401067
0.265376984126984,0.245501263774376,0.147974176550084,0.695407932879077,0.679352122223985
0.26547619047619,0.24548306321578,0.148013547880863,0.695075383520954,0.679558168273283
0.265575396825397,0.245464851971285,0.148052896365165,0.694742993317207,0.679764172557641
0.265674603174603,0.245446630064787,0.1480922220074,0.694410762191303,0.67997013508573
0.26577380952381,0.245428397520187,0.148131524811973,0.694078690066739,0.680176055866213
0.265873015873016,0.24541015436139,0.148170804783282,0.693746776867046,0.68038193490774
0.265972222222222,0.245391900612305,0.148210061925715,0.693415022515785,0.680587772218957
0.266071428571429,0.245373636296844,0.148249296243653,0.69308342693655,0.680793567808497
0.266170634920635,0.245355361438926,0.148288507741473,0.692751990052967,0.680999321684985
0.266269841269841,0.245337076062471,0.148327696423538,0.692420711788694,0.681205033857039
0.266369047619048,0.245318780191405,0.14836686229421,0.692089592067421,0.681410704333265
0.266468253968254,0.245300473849659,0.148406005357838,0.691758630812869,0.681616333122261
0.26656746031746,0.245282157061168,0.148445125618767,0.691427827948793,0.681821920232617
0.266666666666667,0.245263829849868,0.148484223081332,0.691097183398978,0.682027465672912
0.266765873015873,0.245245492239704,0.148523297749863,0.690766697087243,0.682232969451716
0.266865079365079,0.245227144254622,0.14856234962868,0.690436368937436,0.682438431577593
0.266964285714286,0.245208785918574,0.148601378722097,0.690106198873441,0.682643852059094
0.267063492063492,0.245190417255515,0.148640385034419,0.689776186819171,0.682849230904764
0.267162698412698,0.245172038289404,0.148679368569945,0.689446332698572,0.683054568123135
0.267261904761905,0.245153649044206,0.148718329332965,0.689116636435621,0.683259863722735
0.267361111111111,0.245135249543888,0.148757267327762,0.68878709795433,0.68346511771208
0.267460317460317,0.245116839812424,0.148796182558611,0.688457717178739,0.683670330099675
0.267559523809524,0.245098419873789,0.148835075029781,0.688128494032922,0.683875500894021
0.26765873015873,0.245079989751965,0.148873944745531,0.687799428440986,0.684080630103605
0.267757936507937,0.245061549470936,0.148912791710114,0.687470520327069,0.684285717736908
0.267857142857143,0.245043099054693,0.148951615927775,0.687141769615339,0.684490763802401
0.267956349206349,0.245024638527228,0.148990417402751,0.686813176230001,0.684695768308545
0.268055555555556,0.245006167912539,0.149029196139272,0.686484740095286,0.684900731263794
0.268154761904762,0.244987687234629,0.149067952141562,0.686156461135462,0.68510565267659
0.268253968253968,0.244969196517503,0.149106685413833,0.685828339274826,0.685310532555368
0.268353174603175,0.244950695785172,0.149145395960293,0.685500374437707,0.685515370908555
0.268452380952381,0.24493218506165,0.149184083785142,0.685172566548469,0.685720167744566
0.268551587301587,0.244913664370958,0.149222748892571,0.684844915531505,0.685924923071808
0.268650793650794,0.244895133737117,0.149261391286765,0.684517421311241,0.68612963689868
0.26875,0.244876593184155,0.1493000109719,0.684190083812135,0.68633430923357
0.268849206349206,0.244858042736104,0.149338607952145,0.683862902958677,0.68653894008486
0.268948412698413,0.244839482416999,0.149377182231662,0.683535878675389,0.68674352946092
0.269047619047619,0.244820912250881,0.149415733814605,0.683209010886824,0.686948077370111
0.269146825396825,0.244802332261794,0.14945426270512,0.68288229951757,0.687152583820786
0.269246031746032,0.244783742473787,0.149492768907345,0.682555744492243,0.68735704882129
0.269345238095238,0.244765142910912,0.149531252425412,0.682229345735494,0.687561472379957
0.269444444444444,0.244746533597226,0.149569713263445,0.681903103172005,0.687765854505112
0.269543650793651,0.244727914556791,0.149608151425558,0.681577016726489,0.687970195205072
0.269642857142857,0.244709285813672,0.149646566915861,0.681251086323694,0.688174494488143
0.269742063492063,0.244690647391938,0.149684959738454,0.680925311888396,0.688378752362625
0.26984126984127,0.244671999315665,0.14972332989743,0.680599693345406,0.688582968836807
0.269940476190476,0.244653341608929,0.149761677396875,0.680274230619566,0.688787143918968
0.270039682539683,0.244634674295813,0.149800002240866,0.67994892363575,0.68899127761738
0.270138888888889,0.244615997400404,0.149838304433475,0.679623772318864,0.689195369940304
0.270238095238095,0.244597310946792,0.149876583978763,0.679298776593845,0.689399420895994
0.270337301587302,0.244578614959074,0.149914840880786,0.678973936385664,0.689603430492693
0.270436507936508,0.244559909461347,0.149953075143592,0.678649251619324,0.689807398738635
0.270535714285714,0.244541194477716,0.14999128677122,0.678324722219857,0.690011325642047
0.270634920634921,0.244522470032288,0.150029475767703,0.67800034811233,0.690215211211144
0.270734126984127,0.244503736149176,0.150067642137065,0.677676129221841,0.690419055454136
0.270833333333333,0.244484992852496,0.150105785883324,0.677352065473521,0.690622858379218
0.27093253968254,0.244466240166367,0.150143907010489,0.67702815679253,0.690826619994581
0.271031746031746,0.244447478114915,0.150182005522562,0.676704403104064,0.691030340308405
0.271130952380952,0.244428706722269,0.150220081423538,0.676380804333348,0.691234019328861
0.271230158730159,0.244409926012562,0.150258134717404,0.67605736040564,0.691437657064111
0.271329365079365,0.244391136009931,0.150296165408138,0.67573407124623,0.691641253522308
0.271428571428571,0.244372336738518,0.150334173499712,0.675410936780441,0.691844808711595
0.271527777777778,0.244353528222468,0.15037215899609,0.675087956933626,0.692048322640108
0.271626984126984,0.244334710485933,0.15041012190123,0.674765131631172,0.692251795315972
0.27172619047619,0.244315883553065,0.150448062219078,0.674442460798497,0.692455226747303
0.271825396825397,0.244297047448024,0.150485979953578,0.67411994436105,0.692658616942209
0.271924603174603,0.244278202194973,0.150523875108661,0.673797582244314,0.692861965908789
0.27202380952381,0.244259347818078,0.150561747688255,0.673475374373802,0.693065273655131
0.272123015873016,0.244240484341511,0.150599597696278,0.673153320675062,0.693268540189316
0.272222222222222,0.244221611789447,0.150637425136641,0.672831421073671,0.693471765519415
0.272321428571429,0.244202730186066,0.150675230013246,0.672509675495238,0.69367494965349
0.272420634920635,0.244183839555551,0.15071301232999,0.672188083865407,0.693878092599593
0.272519841269841,0.244164939922092,0.150750772090761,0.671866646109852,0.69408119436577
0.272619047619048,0.24414603130988,0.150788509299439,0.671545362154277,0.694284254960054
0.272718253968254,0.244127113743112,0.150826223959897,0.671224231924423,0.694487274390471
0.27281746031746,0.244108187245988,0.150863916076,0.670903255346058,0.694690252665038
0.272916666666667,0.244089251842715,0.150901585651606,0.670582432344984,0.694893189791762
0.273015873015873,0.244070307557501,0.150939232690566,0.670261762847037,0.695096085778642
0.273115079365079,0.244051354414559,0.15097685719672,0.669941246778082,0.695298940633667
0.273214285714286,0.244032392438109,0.151014459173906,0.669620884064017,0.695501754364817
0.273313492063492,0.24401342165237,0.151052038625949,0.669300674630771,0.695704526980064
0.273412698412698,0.243994442081571,0.15108959555667,0.668980618404309,0.69590725848737
0.273511904761905,0.243975453749941,0.15112712996988,0.668660715310623,0.696109948894687
0.273611111111111,0.243956456681714,0.151164641869385,0.668340965275739,0.696312598209959
0.273710317460317,0.243937450901131,0.15120213125898,0.668021368225717,0.696515206441122
0.273809523809524,0.243918436432434,0.151239598142456,0.667701924086645,0.6967177735961
0.27390873015873,0.24389941329987,0.151277042523595,0.667382632784647,0.696920299682812
0.274007936507936,0.243880381527691,0.151314464406169,0.667063494245876,0.697122784709163
0.274107142857143,0.243861341140153,0.151351863793947,0.666744508396518,0.697325228683053
0.274206349206349,0.243842292161517,0.151389240690686,0.666425675162792,0.697527631612372
0.274305555555556,0.243823234616045,0.151426595100139,0.666106994470948,0.697729993504999
0.274404761904762,0.243804168528008,0.151463927026049,0.665788466247268,0.697932314368805
0.274503968253968,0.243785093921677,0.151501236472152,0.665470090418065,0.698134594211653
0.274603174603175,0.24376601082133,0.151538523442177,0.665151866909688,0.698336833041396
0.274702380952381,0.243746919251247,0.151575787939844,0.664833795648512,0.698539030865878
0.274801587301587,0.243727819235715,0.151613029968868,0.664515876560949,0.698741187692933
0.274900793650794,0.243708710799024,0.151650249532954,0.664198109573442,0.698943303530388
0.275,0.243689593965466,0.1516874466358,0.663880494612463,0.699145378386059
0.275099206349206,0.24367046875934,0.151724621281096,0.663563031604519,0.699347412267753
0.275198412698413,0.243651335204949,0.151761773472527,0.663245720476149,0.69954940518327
0.275297619047619,0.2436321933266,0.151798903213767,0.662928561153923,0.699751357140399
0.275396825396825,0.243613043148602,0.151836010508484,0.662611553564442,0.699953268146919
0.275496031746032,0.243593884695272,0.151873095360338,0.662294697634341,0.700155138210603
0.275595238095238,0.243574717990928,0.151910157772983,0.661977993290287,0.700356967339213
0.275694444444444,0.243555543059894,0.151947197750062,0.661661440458977,0.700558755540502
0.275793650793651,0.243536359926498,0.151984215295214,0.661345039067142,0.700760502822213
0.275892857142857,0.243517168615071,0.152021210412068,0.661028789041544,0.700962209192081
0.275992063492064,0.243497969149951,0.152058183104247,0.660712690308977,0.701163874657833
0.27609126984127,0.243478761555477,0.152095133375365,0.660396742796267,0.701365499227185
0.276190476190476,0.243459545855995,0.15213206122903,0.660080946430273,0.701567082907845
0.276289682539683,0.243440322075853,0.15216896666884,0.659765301137885,0.701768625707512
0.276388888888889,0.243421090239404,0.152205849698388,0.659449806846025,0.701970127633874
0.276488095238095,0.243401850371006,0.152242710321258,0.659134463481647,0.702171588694613
0.276587301587302,0.24338260249502,0.152279548541027,0.658819270971738,0.7023730088974
0.276686507936508,0.243363346635812,0.152316364361264,0.658504229243316,0.702574388249896
0.276785714285714,0.243344082817753,0.15235315778553,0.658189338223431,0.702775726759756
0.276884920634921,0.243324811065217,0.152389928817379,0.657874597839165,0.702977024434622
0.276984126984127,0.243305531402581,0.152426677460358,0.657560008017633,0.703178281282131
0.277083333333333,0.24328624385423,0.152463403718005,0.65724556868598,0.703379497309908
0.27718253968254,0.243266948444549,0.152500107593852,0.656931279771386,0.70358067252557
0.277281746031746,0.243247645197931,0.152536789091422,0.656617141201061,0.703781806936724
0.277380952380952,0.243228334138771,0.15257344821423,0.656303152902246,0.70398290055097
0.277480158730159,0.243209015291468,0.152610084965786,0.655989314802216,0.704183953375896
0.277579365079365,0.243189688680426,0.15264669934959,0.655675626828278,0.704384965419084
0.277678571428571,0.243170354330054,0.152683291369136,0.655362088907768,0.704585936688104
0.277777777777778,0.243151012264764,0.152719861027908,0.655048700968059,0.704786867190519
0.277876984126984,0.243131662508972,0.152756408329385,0.654735462936552,0.704987756933883
0.27797619047619,0.2431123050871,0.152792933277036,0.654422374740682,0.705188605925738
0.278075396825397,0.243092940023572,0.152829435874326,0.654109436307914,0.705389414173621
0.278174603174603,0.243073567342819,0.152865916124709,0.653796647565747,0.705590181685057
0.27827380952381,0.243054187069272,0.152902374031633,0.653484008441712,0.705790908467563
0.278373015873016,0.243034799227371,0.152938809598538,0.653171518863371,0.705991594528647
0.278472222222222,0.243015403841557,0.152975222828855,0.652859178758317,0.706192239875808
0.278571428571429,0.242996000936276,0.153011613726011,0.652546988054178,0.706392844516535
0.278670634920635,0.242976590535979,0.153047982293422,0.652234946678611,0.706593408458308
0.278769841269841,0.242957172665121,0.153084328534497,0.651923054559307,0.7067939317086
0.278869047619048,0.24293774734816,0.15312065245264,0.651611311623989,0.706994414274872
0.278968253968254,0.24291831460956,0.153156954051243,0.651299717800411,0.707194856164578
0.27906746031746,0.242898874473789,0.153193233333695,0.650988273016358,0.707395257385162
0.279166666666667,0.242879426965317,0.153229490303374,0.65067697719965,0.707595617944059
0.279265873015873,0.24285997210862,0.153265724963652,0.650365830278136,0.707795937848695
0.279365079365079,0.24284050992818,0.153301937317893,0.6500548321797,0.707996217106487
0.279464285714286,0.242821040448479,0.153338127369454,0.649743982832254,0.708196455724843
0.279563492063492,0.242801563694007,0.153374295121683,0.649433282163747,0.708396653711161
0.279662698412698,0.242782079689256,0.153410440577922,0.649122730102155,0.708596811072832
0.279761904761905,0.242762588458724,0.153446563741504,0.64881232657549,0.708796927817235
0.279861111111111,0.242743090026911,0.153482664615756,0.648502071511794,0.708997003951742
0.279960317460317,0.242723584418324,0.153518743203995,0.648191964839141,0.709197039483717
0.280059523809524,0.242704071657471,0.153554799509534,0.647882006485638,0.709397034420511
0.28015873015873,0.242684551768867,0.153590833535674,0.647572196379423,0.709596988769469
0.280257936507937,0.24266502477703,0.153626845285713,0.647262534448666,0.709796902537927
0.280357142857143,0.242645490706483,0.153662834762937,0.64695302062157,0.70999677573321
0.280456349206349,0.242625949581751,0.153698801970628,0.646643654826368,0.710196608362636
0.280555555555556,0.242606401427366,0.153734746912059,0.646334436991329,0.710396400433512
0.280654761904762,0.242586846267863,0.153770669590494,0.646025367044749,0.710596151953137
0.280753968253968,0.242567284127782,0.153806570009191,0.645716444914959,0.7107958629288
0.280853174603175,0.242547715031665,0.153842448171402,0.645407670530322,0.710995533367784
0.280952380952381,0.24252813900406,0.153878304080367,0.645099043819232,0.711195163277358
0.281051587301587,0.242508556069521,0.153914137739323,0.644790564710116,0.711394752664786
0.281150793650794,0.242488966252602,0.153949949151496,0.644482233131432,0.71159430153732
0.28125,0.242469369577865,0.153985738320107,0.64417404901167,0.711793809902206
0.281349206349206,0.242449766069874,0.154021505248367,0.643866012279353,0.711993277766677
0.281448412698413,0.242430155753197,0.154057249939481,0.643558122863035,0.712192705137962
0.281547619047619,0.242410538652409,0.154092972396646,0.643250380691302,0.712392092023275
0.281646825396825,0.242390914792087,0.154128672623051,0.642942785692774,0.712591438429826
0.281746031746032,0.242371284196811,0.154164350621879,0.6426353377961,0.712790744364814
0.281845238095238,0.242351646891169,0.154200006396303,0.642328036929963,0.712990009835427
0.281944444444444,0.24233200289975,0.15423563994949,0.642020883023078,0.713189234848847
0.282043650793651,0.242312352247149,0.154271251284599,0.64171387600419,0.713388419412245
0.282142857142857,0.242292694957963,0.154306840404782,0.641407015802078,0.713587563532785
0.282242063492063,0.242273031056797,0.154342407313182,0.641100302345554,0.713786667217618
0.28234126984127,0.242253360568256,0.154377952012935,0.640793735563458,0.71398573047389
0.282440476190476,0.242233683516952,0.154413474507171,0.640487315384666,0.714184753308735
0.282539682539683,0.242213999927501,0.154448974799009,0.640181041738084,0.714383735729281
0.282638888888889,0.242194309824523,0.154484452891565,0.639874914552651,0.714582677742644
0.282738095238095,0.24217461323264,0.154519908787943,0.639568933757337,0.714781579355932
0.282837301587302,0.242154910176482,0.154555342491241,0.639263099281144,0.714980440576243
0.282936507936508,0.242135200680681,0.154590754004552,0.638957411053107,0.715179261410669
0.283035714285714,0.242115484769874,0.154626143330956,0.638651869002293,0.715378041866289
0.283134920634921,0.2420957624687,0.154661510473531,0.638346473057799,0.715576781950176
0.283234126984127,0.242076033801806,0.154696855435343,0.638041223148757,0.715775481669391
0.283333333333333,0.242056298793841,0.154732178219453,0.637736119204329,0.715974141030988
0.28343253968254,0.242036557469459,0.154767478828915,0.63743116115371,0.716172760042012
0.283531746031746,0.242016809853316,0.154802757266772,0.637126348926125,0.716371338709498
0.283630952380952,0.241997055970076,0.154838013536063,0.636821682450834,0.716569877040472
0.283730158730159,0.241977295844404,0.154873247639817,0.636517161657126,0.716768375041951
0.283829365079365,0.241957529500971,0.154908459581056,0.636212786474325,0.716966832720944
0.283928571428571,0.241937756964451,0.154943649362796,0.635908556831785,0.717165250084449
0.284027777777778,0.241917978259524,0.154978816988044,0.635604472658893,0.717363627139456
0.284126984126984,0.241898193410873,0.155013962459799,0.635300533885066,0.717561963892947
0.28422619047619,0.241878402443185,0.155049085781052,0.634996740439757,0.717760260351891
0.284325396825397,0.241858605381151,0.155084186954789,0.634693092252446,0.717958516523254
0.284424603174603,0.241838802249468,0.155119265983986,0.634389589252649,0.718156732413986
0.28452380952381,0.241818993072836,0.155154322871612,0.634086231369911,0.718354908031035
0.284623015873016,0.241799177875959,0.155189357620629,0.633783018533813,0.718553043381334
0.284722222222222,0.241779356683546,0.155224370233991,0.633479950673963,0.71875113847181
0.284821428571429,0.241759529520309,0.155259360714644,0.633177027720006,0.71894919330938
0.284920634920635,0.241739696410966,0.155294329065526,0.632874249601615,0.719147207900952
0.285019841269841,0.241719857380237,0.15532927528957,0.632571616248496,0.719345182253425
0.285119047619048,0.241700012452848,0.155364199389699,0.632269127590389,0.71954311637369
0.285218253968254,0.24168016165353,0.155399101368828,0.631966783557064,0.719741010268627
0.28531746031746,0.241660305007015,0.155433981229866,0.631664584078324,0.719938863945107
0.285416666666667,0.241640442538042,0.155468838975714,0.631362529084002,0.720136677409994
0.285515873015873,0.241620574271354,0.155503674609265,0.631060618503966,0.720334450670141
0.285615079365079,0.241600700231696,0.155538488133405,0.630758852268115,0.720532183732392
0.285714285714286,0.241580820443821,0.155573279551012,0.630457230306378,0.720729876603584
0.285813492063492,0.241560934932483,0.155608048864956,0.630155752548719,0.720927529290541
0.285912698412698,0.241541043722441,0.1556427960781,0.629854418925131,0.721125141800083
0.286011904761905,0.241521146838459,0.155677521193299,0.629553229365643,0.721322714139016
0.286111111111111,0.241501244305304,0.155712224213401,0.629252183800311,0.721520246314139
0.286210317460317,0.24148133614775,0.155746905141246,0.628951282159227,0.721717738332244
0.286309523809524,0.241461422390571,0.155781563979666,0.628650524372514,0.72191519020011
0.28640873015873,0.241441503058549,0.155816200731486,0.628349910370325,0.722112601924509
0.286507936507936,0.241421578176469,0.155850815399524,0.628049440082848,0.722309973512205
0.286607142857143,0.241401647769118,0.15588540798659,0.627749113440302,0.722507304969951
0.286706349206349,0.241381711861291,0.155919978495484,0.627448930372936,0.722704596304491
0.286805555555556,0.241361770477784,0.155954526929003,0.627148890811033,0.72290184752256
0.286904761904762,0.2413418236434,0.155989053289932,0.626848994684909,0.723099058630887
0.287003968253968,0.241321871382944,0.156023557581051,0.626549241924909,0.723296229636186
0.287103174603175,0.241301913721227,0.156058039805131,0.626249632461412,0.723493360545168
0.287202380952381,0.241281950683062,0.156092499964938,0.62595016622483,0.72369045136453
0.287301587301587,0.241261982293268,0.156126938063226,0.625650843145603,0.723887502100963
0.287400793650794,0.241242008576669,0.156161354102746,0.625351663154209,0.724084512761148
0.2875,0.241222029558091,0.156195748086238,0.625052626181152,0.724281483351757
0.287599206349206,0.241202045262365,0.156230120016437,0.624753732156971,0.724478413879452
0.287698412698413,0.241182055714326,0.156264469896068,0.624454981012238,0.724675304350888
0.287797619047619,0.241162060938816,0.15629879772785,0.624156372677554,0.724872154772708
0.287896825396825,0.241142060960677,0.156333103514494,0.623857907083555,0.725068965151549
0.287996031746032,0.241122055804757,0.156367387258703,0.623559584160907,0.725265735494036
0.288095238095238,0.24110204549591,0.156401648963173,0.623261403840308,0.725462465806788
0.288194444444444,0.241082030058992,0.156435888630593,0.62296336605249,0.725659156096412
0.288293650793651,0.241062009518863,0.156470106263642,0.622665470728216,0.725855806369508
0.288392857142857,0.241041983900389,0.156504301864994,0.622367717798279,0.726052416632665
0.288492063492064,0.241021953228438,0.156538475437314,0.622070107193506,0.726248986892465
0.28859126984127,0.241001917527886,0.156572626983259,0.621772638844757,0.72644551715548
0.288690476190476,0.240981876823609,0.156606756505481,0.621475312682921,0.726642007428272
0.288789682539683,0.240961831140489,0.156640864006622,0.621178128638922,0.726838457717395
0.288888888888889,0.240941780503413,0.156674949489316,0.620881086643714,0.727034868029394
0.288988095238095,0.240921724937272,0.156709012956191,0.620584186628284,0.727231238370805
0.289087301587302,0.240901664466959,0.156743054409868,0.620287428523651,0.727427568748154
0.289186507936508,0.240881599117374,0.156777073852957,0.619990812260865,0.727623859167957
0.289285714285714,0.24086152891342,0.156811071288064,0.619694337771009,0.727820109636725
0.289384920634921,0.240841453880005,0.156845046717786,0.619398004985197,0.728016320160956
0.289484126984127,0.240821374042039,0.156879000144713,0.619101813834578,0.728212490747139
0.289583333333333,0.24080128942444,0.156912931571425,0.618805764250328,0.728408621401757
0.28968253968254,0.240781200052127,0.156946841000498,0.618509856163659,0.72860471213128
0.289781746031746,0.240761105950024,0.156980728434497,0.618214089505814,0.728800762942173
0.289880952380952,0.24074100714306,0.157014593875983,0.617918464208067,0.728996773840889
0.289980158730159,0.240720903656168,0.157048437327506,0.617622980201725,0.729192744833872
0.290079365079365,0.240700795514285,0.157082258791611,0.617327637418127,0.729388675927558
0.290178571428571,0.240680682742352,0.157116058270834,0.617032435788644,0.729584567128373
0.290277777777778,0.240660565365315,0.157149835767702,0.616737375244677,0.729780418442736
0.290376984126984,0.240640443408122,0.157183591284738,0.616442455717663,0.729976229877055
0.29047619047619,0.24062031689573,0.157217324824456,0.616147677139068,0.730172001437728
0.290575396825397,0.240600185853094,0.15725103638936,0.61585303944039,0.730367733131146
0.290674603174603,0.240580050305179,0.157284725981949,0.61555854255316,0.730563424963691
0.29077380952381,0.240559910276949,0.157318393604714,0.615264186408942,0.730759076941733
0.290873015873016,0.240539765793378,0.157352039260138,0.614969970939329,0.730954689071637
0.290972222222222,0.240519616879439,0.157385662950697,0.614675896075949,0.731150261359755
0.291071428571429,0.240499463560111,0.157419264678858,0.61438196175046,0.731345793812433
0.291170634920635,0.240479305860379,0.157452844447081,0.614088167894553,0.731541286436007
0.291269841269841,0.24045914380523,0.157486402257821,0.613794514439952,0.731736739236803
0.291369047619048,0.240438977419657,0.157519938113521,0.613501001318409,0.731932152221138
0.291468253968254,0.240418806728655,0.157553452016619,0.613207628461714,0.732127525395321
0.29156746031746,0.240398631757225,0.157586943969546,0.612914395801683,0.732322858765652
0.291666666666667,0.240378452530371,0.157620413974723,0.612621303270169,0.73251815233842
0.291765873015873,0.240358269073103,0.157653862034565,0.612328350799054,0.732713406119907
0.291865079365079,0.240338081410435,0.15768728815148,0.612035538320252,0.732908620116384
0.291964285714286,0.240317889567382,0.157720692327867,0.611742865765711,0.733103794334116
0.292063492063492,0.240297693568967,0.157754074566118,0.611450333067408,0.733298928779355
0.292162698412698,0.240277493440216,0.157787434868617,0.611157940157357,0.733494023458346
0.292261904761905,0.240257289206159,0.157820773237742,0.610865686967597,0.733689078377326
0.292361111111111,0.240237080891831,0.157854089675861,0.610573573430206,0.733884093542521
0.292460317460317,0.240216868522269,0.157887384185336,0.610281599477289,0.734079068960149
0.292559523809524,0.240196652122516,0.157920656768522,0.609989765040985,0.734274004636417
0.29265873015873,0.240176431717621,0.157953907427764,0.609698070053466,0.734468900577526
0.292757936507936,0.240156207332633,0.157987136165401,0.609406514446934,0.734663756789665
0.292857142857143,0.240135978992609,0.158020342983765,0.609115098153623,0.734858573279016
0.292956349206349,0.240115746722608,0.158053527885179,0.608823821105801,0.735053350051752
0.293055555555556,0.240095510547693,0.158086690871959,0.608532683235767,0.735248087114034
0.293154761904762,0.240075270492935,0.158119831946414,0.608241684475851,0.735442784472018
0.293253968253968,0.240055026583403,0.158152951110845,0.607950824758416,0.735637442131848
0.293353174603175,0.240034778844177,0.158186048367544,0.607660104015858,0.735832060099659
0.293452380952381,0.240014527300335,0.158219123718798,0.607369522180602,0.736026638381579
0.293551587301587,0.239994271976964,0.158252177166884,0.607079079185108,0.736221176983724
0.293650793650794,0.239974012899152,0.158285208714074,0.606788774961867,0.736415675912205
0.29375,0.239953750091994,0.158318218362629,0.606498609443401,0.73661013517312
0.293849206349206,0.239933483580587,0.158351206114806,0.606208582562266,0.736804554772558
0.293948412698413,0.239913213390033,0.158384171972852,0.605918694251048,0.736998934716603
0.294047619047619,0.239892939545438,0.158417115939006,0.605628944442366,0.737193275011326
0.294146825396825,0.239872662071913,0.158450038015502,0.605339333068871,0.737387575662789
0.294246031746032,0.239852380994573,0.158482938204565,0.605049860063246,0.737581836677048
0.294345238095238,0.239832096338536,0.158515816508411,0.604760525358206,0.737776058060147
0.294444444444444,0.239811808128926,0.158548672929251,0.604471328886498,0.737970239818121
0.294543650793651,0.23979151639087,0.158581507469286,0.6041822705809,0.738164381956998
0.294642857142857,0.2397712211495,0.158614320130712,0.603893350374223,0.738358484482796
0.294742063492063,0.239750922429951,0.158647110915714,0.603604568199312,0.738552547401522
0.29484126984127,0.239730620257365,0.158679879826473,0.603315923989039,0.738746570719176
0.294940476190476,0.239710314656884,0.15871262686516,0.603027417676312,0.73894055444175
0.295039682539682,0.239690005653658,0.15874535203394,0.602739049194071,0.739134498575223
0.295138888888889,0.23966969327284,0.158778055334968,0.602450818475286,0.739328403125569
0.295238095238095,0.239649377539586,0.158810736770395,0.60216272545296,0.73952226809875
0.295337301587302,0.239629058479059,0.15884339634236,0.601874770060128,0.739716093500721
0.295436507936508,0.239608736116422,0.158876034052999,0.601586952229856,0.739909879337426
0.295535714285714,0.239588410476846,0.158908649904436,0.601299271895244,0.740103625614802
0.295634920634921,0.239568081585506,0.158941243898792,0.601011728989423,0.740297332338775
0.295734126984127,0.239547749467579,0.158973816038176,0.600724323445556,0.740490999515263
0.295833333333333,0.239527414148247,0.159006366324693,0.600437055196837,0.740684627150175
0.29593253968254,0.239507075652697,0.159038894760438,0.600149924176494,0.74087821524941
0.296031746031746,0.239486734006121,0.159071401347498,0.599862930317785,0.741071763818859
0.296130952380952,0.239466389233713,0.159103886087956,0.599576073554002,0.741265272864402
0.296230158730159,0.239446041360673,0.159136348983884,0.599289353818466,0.741458742391914
0.296329365079365,0.239425690412204,0.159168790037346,0.599002771044535,0.741652172407256
0.296428571428571,0.239405336413514,0.159201209250402,0.598716325165594,0.741845562916282
0.296527777777778,0.239384979389814,0.159233606625102,0.598430016115062,0.742038913924838
0.296626984126984,0.239364619366323,0.159265982163487,0.59814384382639,0.742232225438761
0.29672619047619,0.239344256368259,0.159298335867594,0.597857808233061,0.742425497463875
0.296825396825397,0.239323890420847,0.159330667739449,0.597571909268591,0.742618730006
0.296924603174603,0.239303521549317,0.159362977781072,0.597286146866526,0.742811923070944
0.29702380952381,0.239283149778902,0.159395265994477,0.597000520960445,0.743005076664507
0.297123015873016,0.239262775134839,0.159427532381666,0.596715031483959,0.743198190792479
0.297222222222222,0.239242397642369,0.159459776944638,0.596429678370711,0.743391265460642
0.297321428571429,0.239222017326739,0.159491999685382,0.596144461554377,0.743584300674768
0.297420634920635,0.2392016342132,0.15952420060588,0.595859380968662,0.74377729644062
0.297519841269841,0.239181248327004,0.159556379708106,0.595574436547307,0.743970252763952
0.297619047619048,0.23916085969341,0.159588536994026,0.595289628224082,0.74416316965051
0.297718253968254,0.239140468337683,0.159620672465601,0.59500495593279,0.74435604710603
0.29781746031746,0.239120074285088,0.159652786124781,0.594720419607266,0.744548885136238
0.297916666666667,0.239099677560896,0.159684877973511,0.594436019181378,0.744741683746852
0.298015873015873,0.239079278190384,0.159716948013726,0.594151754589024,0.744934442943581
0.298115079365079,0.239058876198832,0.159748996247356,0.593867625764135,0.745127162732126
0.298214285714286,0.239038471611522,0.159781022676321,0.593583632640674,0.745319843118175
0.298313492063492,0.239018064453743,0.159813027302536,0.593299775152637,0.745512484107412
0.298412698412698,0.238997654750788,0.159845010127905,0.593016053234049,0.745705085705508
0.298511904761905,0.238977242527953,0.159876971154328,0.592732466818972,0.745897647918126
0.298611111111111,0.238956827810539,0.159908910383695,0.592449015841495,0.746090170750921
0.298710317460317,0.238936410623852,0.15994082781789,0.592165700235741,0.746282654209538
0.298809523809524,0.2389159909932,0.159972723458787,0.591882519935866,0.746475098299613
0.29890873015873,0.238895568943898,0.160004597308256,0.591599474876056,0.746667503026773
0.299007936507937,0.238875144501262,0.160036449368155,0.591316564990531,0.746859868396636
0.299107142857143,0.238854717690616,0.160068279640339,0.591033790213542,0.74705219441481
0.299206349206349,0.238834288537285,0.160100088126652,0.590751150479372,0.747244481086896
0.299305555555556,0.2388138570666,0.160131874828932,0.590468645722335,0.747436728418484
0.299404761904762,0.238793423303895,0.160163639749009,0.590186275876779,0.747628936415156
0.299503968253968,0.23877298727451,0.160195382888706,0.589904040877083,0.747821105082483
0.299603174603175,0.238752549003788,0.160227104249836,0.589621940657659,0.74801323442603
0.299702380952381,0.238732108517076,0.160258803834208,0.589339975152948,0.748205324451351
0.299801587301587,0.238711665839725,0.160290481643621,0.589058144297427,0.748397375163991
0.299900793650794,0.238691220997093,0.160322137679867,0.588776448025602,0.748589386569486
0.3,0.238670774014538,0.16035377194473,0.588494886272013,0.748781358673363
0.300099206349206,0.238650324917425,0.160385384439988,0.588213458971229,0.74897329148114
0.300198412698413,0.238629873731124,0.160416975167409,0.587932166057856,0.749165184998325
0.300297619047619,0.238609420481005,0.160448544128755,0.587651007466527,0.74935703923042
0.300396825396825,0.238588965192448,0.160480091325781,0.58736998313191,0.749548854182914
0.300496031746032,0.238568507890832,0.160511616760233,0.587089092988704,0.749740629861289
0.300595238095238,0.238548048601544,0.160543120433849,0.58680833697164,0.749932366271017
0.300694444444444,0.238527587349972,0.160574602348361,0.586527715015482,0.750124063417562
0.300793650793651,0.238507124161512,0.160606062505493,0.586247227055023,0.750315721306379
0.300892857142857,0.238486659061561,0.16063750090696,0.585966873025092,0.750507339942911
0.300992063492063,0.238466192075522,0.160668917554472,0.585686652860548,0.750698919332597
0.30109126984127,0.238445723228572,0.160700312449831,0.585406566496224,0.750890459480968
0.301190476190476,0.238425252113861,0.160731685787123,0.58512661376168,0.751081960591398
0.301289682539683,0.238404778347211,0.160763037749097,0.584846794498743,0.751273422855336
0.301388888888889,0.238384301930924,0.160794368345897,0.584567108646596,0.751464846286516
0.301488095238095,0.238363822867312,0.160825677587666,0.584287556144442,0.751656230898662
0.301587301587302,0.238343341158695,0.160856965484535,0.584008136931504,0.751847576705492
0.301686507936508,0.238322856807402,0.16088823204663,0.583728850947026,0.752038883720717
0.301785714285714,0.238302369815767,0.16091947728407,0.58344969813027,0.752230151958038
0.301884920634921,0.238281880186135,0.160950701206968,0.58317067842052,0.752421381431149
0.301984126984127,0.238261387920858,0.160981903825428,0.582891791757079,0.752612572153737
0.302083333333333,0.238240893022297,0.16101308514955,0.58261303807927,0.752803724139479
0.30218253968254,0.238220395492819,0.161044245189424,0.582334417326436,0.752994837402047
0.302281746031746,0.238199895334802,0.161075383955134,0.58205592943794,0.753185911955102
0.302380952380952,0.238179392550629,0.161106501456759,0.581777574353165,0.753376947812299
0.302480158730159,0.238158887142693,0.161137597704368,0.581499352011514,0.753567944987286
0.302579365079365,0.238138379113396,0.161168672708026,0.581221262352412,0.753758903493699
0.302678571428571,0.238117868465146,0.16119972647779,0.5809433053153,0.753949823345172
0.302777777777778,0.23809735520036,0.161230759023708,0.580665480839641,0.754140704555325
0.302876984126984,0.238076839321463,0.161261770355824,0.58038778886492,0.754331547137776
0.30297619047619,0.238056320830888,0.161292760484174,0.580110229330639,0.75452235110613
0.303075396825397,0.238035799731077,0.161323729418786,0.579832802176321,0.754713116473988
0.303174603174603,0.238015276024479,0.161354677169684,0.57955550734151,0.75490384325494
0.30327380952381,0.237994749713552,0.161385603746881,0.579278344765768,0.75509453146257
0.303373015873016,0.23797422080076,0.161416509160387,0.579001314388679,0.755285181110454
0.303472222222222,0.237953689288579,0.161447393420203,0.578724416149845,0.75547579221216
0.303571428571429,0.237933155179489,0.161478256536323,0.578447649988891,0.755666364781247
0.303670634920635,0.237912618475981,0.161509098518734,0.578171015845458,0.755856898831267
0.303769841269841,0.237892079180553,0.161539919377418,0.577894513659211,0.756047394375765
0.303869047619048,0.237871537295711,0.161570719122347,0.577618143369832,0.756237851428276
0.303968253968254,0.237850992823968,0.161601497763489,0.577341904917025,0.756428270002329
0.30406746031746,0.237830445767849,0.161632255310802,0.577065798240512,0.756618650111444
0.304166666666667,0.237809896129881,0.161662991774241,0.576789823280037,0.756808991769134
0.304265873015873,0.237789343912606,0.161693707163751,0.576513979975363,0.756999294988904
0.304365079365079,0.237768789118568,0.161724401489271,0.576238268266274,0.757189559784249
0.304464285714286,0.237748231750323,0.161755074760734,0.575962688092571,0.757379786168659
0.304563492063492,0.237727671810434,0.161785726988063,0.575687239394079,0.757569974155615
0.304662698412698,0.237707109301472,0.161816358181178,0.57541192211064,0.757760123758589
0.304761904761905,0.237686544226015,0.161846968349989,0.575136736182118,0.757950234991048
0.304861111111111,0.237665976586652,0.161877557504402,0.574861681548395,0.758140307866447
0.304960317460317,0.237645406385976,0.161908125654314,0.574586758149376,0.758330342398237
0.305059523809524,0.237624833626592,0.161938672809614,0.574311965924983,0.758520338599859
0.30515873015873,0.237604258311111,0.161969198980187,0.574037304815159,0.758710296484747
0.305257936507936,0.237583680442153,0.16199970417591,0.573762774759867,0.758900216066325
0.305357142857143,0.237563100022346,0.162030188406652,0.573488375699091,0.759090097358012
0.305456349206349,0.237542517054324,0.162060651682276,0.573214107572834,0.759279940373218
0.305555555555556,0.237521931540733,0.162091094012638,0.572939970321118,0.759469745125345
0.305654761904762,0.237501343484224,0.162121515407587,0.572665963883988,0.759659511627786
0.305753968253968,0.237480752887457,0.162151915876965,0.572392088201505,0.759849239893928
0.305853174603175,0.2374601597531,0.162182295430607,0.572118343213754,0.76003892993715
0.305952380952381,0.237439564083831,0.162212654078341,0.571844728860838,0.760228581770821
0.306051587301587,0.237418965882332,0.162242991829989,0.571571245082879,0.760418195408304
0.306150793650794,0.237398365151298,0.162273308695365,0.57129789182002,0.760607770862954
0.30625,0.237377761893427,0.162303604684276,0.571024669012426,0.760797308148117
0.306349206349206,0.23735715611143,0.162333879806524,0.570751576600279,0.760986807277133
0.306448412698413,0.237336547808023,0.1623641340719,0.570478614523782,0.761176268263332
0.306547619047619,0.237315936985931,0.162394367490193,0.570205782723158,0.761365691120037
0.306646825396825,0.237295323647887,0.162424580071182,0.569933081138651,0.761555075860563
0.306746031746032,0.237274707796632,0.162454771824639,0.569660509710524,0.761744422498218
0.306845238095238,0.237254089434916,0.162484942760331,0.569388068379059,0.761933731046301
0.306944444444444,0.237233468565496,0.162515092888017,0.569115757084561,0.762123001518103
0.307043650793651,0.237212845191137,0.162545222217448,0.568843575767351,0.762312233926909
0.307142857142857,0.237192219314612,0.16257533075837,0.568571524367774,0.762501428285993
0.307242063492064,0.237171590938705,0.162605418520521,0.568299602826193,0.762690584608623
0.30734126984127,0.237150960066203,0.162635485513632,0.56802781108299,0.762879702908059
0.307440476190476,0.237130326699906,0.162665531747427,0.567756149078569,0.763068783197554
0.307539682539683,0.23710969084262,0.162695557231625,0.567484616753352,0.763257825490351
0.307638888888889,0.237089052497157,0.162725561975934,0.567213214047784,0.763446829799687
0.307738095238095,0.237068411666342,0.16275554599006,0.566941940902328,0.76363579613879
0.307837301587302,0.237047768353003,0.162785509283699,0.566670797257465,0.76382472452088
0.307936507936508,0.237027122559979,0.162815451866539,0.566399783053701,0.764013614959169
0.308035714285714,0.237006474290117,0.162845373748265,0.566128898231557,0.764202467466863
0.308134920634921,0.236985823546272,0.162875274938551,0.565858142731577,0.764391282057159
0.308234126984127,0.236965170331306,0.162905155447068,0.565587516494325,0.764580058743244
0.308333333333333,0.23694451464809,0.162935015283477,0.565317019460382,0.7647687975383
0.30843253968254,0.236923856499503,0.162964854457432,0.565046651570353,0.7649574984555
0.308531746031746,0.236903195888432,0.162994672978583,0.564776412764861,0.765146161508009
0.308630952380952,0.236882532817772,0.16302447085657,0.564506302984548,0.765334786708985
0.308730158730159,0.236861867290427,0.163054248101028,0.564236322170079,0.765523374071576
0.308829365079365,0.236841199309307,0.163084004721584,0.563966470262135,0.765711923608924
0.308928571428571,0.236820528877333,0.163113740727858,0.563696747201421,0.765900435334163
0.309027777777778,0.236799855997431,0.163143456129465,0.56342715292866,0.766088909260419
0.309126984126984,0.236779180672538,0.16317315093601,0.563157687384594,0.766277345400809
0.30922619047619,0.236758502905597,0.163202825157094,0.562888350509986,0.766465743768443
0.309325396825397,0.23673782269956,0.163232478802309,0.562619142245621,0.766654104376423
0.309424603174603,0.236717140057387,0.163262111881241,0.562350062532301,0.766842427237843
0.30952380952381,0.236696454982046,0.163291724403469,0.562081111310849,0.76703071236579
0.309623015873016,0.236675767476514,0.163321316378566,0.561812288522109,0.767218959773341
0.309722222222222,0.236655077543775,0.163350887816095,0.561543594106944,0.767407169473568
0.309821428571429,0.23663438518682,0.163380438725615,0.561275028006236,0.767595341479532
0.309920634920635,0.236613690408651,0.163409969116678,0.561006590160889,0.767783475804289
0.310019841269841,0.236592993212277,0.163439478998827,0.560738280511827,0.767971572460885
0.310119047619048,0.236572293600713,0.1634689683816,0.560470098999992,0.768159631462358
0.310218253968254,0.236551591576985,0.163498437274528,0.560202045566347,0.768347652821741
0.31031746031746,0.236530887144125,0.163527885687134,0.559934120151876,0.768535636552055
0.310416666666667,0.236510180305176,0.163557313628935,0.559666322697582,0.768723582666317
0.310515873015873,0.236489471063185,0.16358672110944,0.559398653144489,0.768911491177533
0.310615079365079,0.23646875942121,0.163616108138152,0.559131111433638,0.769099362098703
0.310714285714286,0.236448045382316,0.163645474724567,0.558863697506094,0.769287195442818
0.310813492063492,0.236427328949578,0.163674820878173,0.55859641130294,0.769474991222862
0.310912698412698,0.236406610126075,0.163704146608453,0.558329252765278,0.76966274945181
0.311011904761905,0.236385888914899,0.163733451924883,0.558062221834232,0.769850470142631
0.311111111111111,0.236365165319146,0.163762736836929,0.557795318450946,0.770038153308284
0.311210317460317,0.236344439341923,0.163792001354053,0.557528542556582,0.770225798961721
0.311309523809524,0.236323710986344,0.163821245485709,0.557261894092324,0.770413407115886
0.31140873015873,0.23630298025553,0.163850469241345,0.556995372999374,0.770600977783716
0.311507936507937,0.236282247152613,0.163879672630402,0.556728979218956,0.770788510978139
0.311607142857143,0.236261511680729,0.163908855662312,0.556462712692313,0.770976006712076
0.311706349206349,0.236240773843026,0.163938018346502,0.556196573360709,0.771163464998438
0.311805555555556,0.236220033642658,0.163967160692392,0.555930561165426,0.771350885850131
0.311904761904762,0.236199291082787,0.163996282709395,0.555664676047767,0.771538269280051
0.312003968253968,0.236178546166585,0.164025384406916,0.555398917949057,0.771725615301087
0.312103174603175,0.23615779889723,0.164054465794354,0.555133286810637,0.77191292392612
0.312202380952381,0.236137049277909,0.164083526881101,0.554867782573872,0.772100195168024
0.312301587301587,0.236116297311817,0.164112567676543,0.554602405180144,0.772287429039663
0.312400793650794,0.236095543002157,0.164141588190057,0.554337154570857,0.772474625553894
0.3125,0.23607478635214,0.164170588431015,0.554072030687433,0.772661784723568
0.312599206349206,0.236054027364986,0.16419956840878,0.553807033471317,0.772848906561525
0.312698412698413,0.236033266043922,0.164228528132711,0.553542162863971,0.773035991080599
0.312797619047619,0.236012502392184,0.164257467612157,0.553277418806878,0.773223038293616
0.312896825396825,0.235991736413015,0.164286386856462,0.553012801241541,0.773410048213394
0.312996031746032,0.235970968109667,0.164315285874963,0.552748310109485,0.773597020852742
0.313095238095238,0.2359501974854,0.164344164676988,0.552483945352251,0.773783956224463
0.313194444444444,0.235929424543481,0.164373023271862,0.552219706911404,0.773970854341351
0.313293650793651,0.235908649287188,0.164401861668899,0.551955594728525,0.774157715216192
0.313392857142857,0.235887871719803,0.164430679877409,0.55169160874522,0.774344538861764
0.313492063492063,0.23586709184462,0.164459477906693,0.55142774890311,0.774531325290838
0.31359126984127,0.235846309664938,0.164488255766047,0.551164015143839,0.774718074516176
0.313690476190476,0.235825525184067,0.164517013464758,0.55090040740907,0.774904786550533
0.313789682539683,0.235804738405322,0.164545751012108,0.550636925640486,0.775091461406656
0.313888888888889,0.235783949332029,0.16457446841737,0.550373569779791,0.775278099097283
0.313988095238095,0.23576315796752,0.164603165689813,0.550110339768708,0.775464699635147
0.314087301587302,0.235742364315136,0.164631842838697,0.549847235548979,0.775651263032968
0.314186507936508,0.235721568378225,0.164660499873274,0.549584257062369,0.775837789303464
0.314285714285714,0.235700770160146,0.164689136802792,0.54932140425066,0.776024278459341
0.314384920634921,0.235679969664264,0.16471775363649,0.549058677055655,0.776210730513299
0.314484126984127,0.235659166893951,0.164746350383602,0.548796075419178,0.776397145478029
0.314583333333333,0.235638361852589,0.164774927053351,0.548533599283072,0.776583523366214
0.31468253968254,0.235617554543567,0.164803483654958,0.548271248589201,0.776769864190531
0.314781746031746,0.235596744970284,0.164832020197635,0.548009023279446,0.776956167963647
0.314880952380952,0.235575933136145,0.164860536690586,0.547746923295712,0.777142434698222
0.314980158730159,0.235555119044563,0.164889033143009,0.547484948579922,0.777328664406909
0.315079365079365,0.235534302698962,0.164917509564096,0.547223099074019,0.777514857102351
0.315178571428571,0.235513484102769,0.16494596596303,0.546961374719966,0.777701012797184
0.315277777777778,0.235492663259425,0.16497440234899,0.546699775459746,0.777887131504038
0.315376984126984,0.235471840172375,0.165002818731145,0.546438301235363,0.778073213235532
0.31547619047619,0.235451014845073,0.165031215118658,0.546176951988839,0.778259258004279
0.315575396825397,0.235430187280982,0.165059591520687,0.545915727662219,0.778445265822884
0.315674603174603,0.235409357483573,0.165087947946381,0.545654628197564,0.778631236703943
0.31577380952381,0.235388525456324,0.165116284404883,0.545393653536959,0.778817170660046
0.315873015873016,0.235367691202722,0.165144600905328,0.545132803622507,0.779003067703773
0.315972222222222,0.235346854726261,0.165172897456845,0.54487207839633,0.779188927847698
0.316071428571429,0.235326016030445,0.165201174068556,0.544611477800573,0.779374751104385
0.316170634920635,0.235305175118785,0.165229430749576,0.544351001777398,0.779560537486392
0.316269841269841,0.235284331994801,0.165257667509012,0.544090650268988,0.779746287006269
0.316369047619048,0.235263486662018,0.165285884355967,0.543830423217547,0.779931999676557
0.316468253968254,0.235242639123973,0.165314081299535,0.543570320565297,0.780117675509789
0.31656746031746,0.235221789384209,0.165342258348802,0.543310342254483,0.780303314518491
0.316666666666667,0.235200937446278,0.165370415512848,0.543050488227367,0.780488916715182
0.316765873015873,0.23518008331374,0.165398552800748,0.542790758426232,0.780674482112371
0.316865079365079,0.235159226990162,0.165426670221568,0.542531152793383,0.78086001072256
0.316964285714286,0.23513836847912,0.165454767784368,0.542271671271141,0.781045502558243
0.317063492063492,0.235117507784199,0.165482845498199,0.54201231380185,0.781230957631907
0.317162698412698,0.23509664490899,0.165510903372108,0.541753080327874,0.781416375956029
0.317261904761905,0.235075779857093,0.165538941415133,0.541493970791595,0.781601757543081
0.317361111111111,0.235054912632118,0.165566959636307,0.541234985135417,0.781787102405525
0.317460317460317,0.235034043237679,0.165594958044654,0.540976123301763,0.781972410555816
0.317559523809524,0.235013171677403,0.165622936649193,0.540717385233077,0.782157682006401
0.31765873015873,0.234992297954921,0.165650895458934,0.54045877087182,0.782342916769717
0.317757936507936,0.234971422073875,0.165678834482881,0.540200280160478,0.782528114858197
0.317857142857143,0.234950544037913,0.165706753730032,0.539941913041552,0.782713276284264
0.317956349206349,0.234929663850692,0.165734653209378,0.539683669457567,0.782898401060332
0.318055555555556,0.234908781515877,0.165762532929901,0.539425549351065,0.78308348919881
0.318154761904762,0.234887897037142,0.165790392900578,0.539167552664609,0.783268540712095
0.318253968253968,0.234867010418167,0.165818233130378,0.538909679340783,0.783453555612581
0.318353174603175,0.234846121662643,0.165846053628265,0.538651929322191,0.783638533912651
0.318452380952381,0.234825230774265,0.165873854403193,0.538394302551454,0.78382347562468
0.318551587301587,0.234804337756741,0.165901635464112,0.538136798971217,0.784008380761036
0.318650793650794,0.234783442613784,0.165929396819964,0.537879418524143,0.784193249334079
0.31875,0.234762545349115,0.165957138479682,0.537622161152914,0.784378081356162
0.318849206349206,0.234741645966465,0.165984860452197,0.537365026800235,0.784562876839628
0.318948412698413,0.234720744469572,0.166012562746427,0.537108015408828,0.784747635796815
0.319047619047619,0.234699840862181,0.166040245371289,0.536851126921437,0.784932358240049
0.319146825396825,0.234678935148046,0.166067908335688,0.536594361280824,0.785117044181651
0.319246031746032,0.234658027330931,0.166095551648525,0.536337718429774,0.785301693633935
0.319345238095238,0.234637117414606,0.166123175318694,0.536081198311089,0.785486306609205
0.319444444444444,0.234616205402848,0.16615077935508,0.535824800867592,0.785670883119758
0.319543650793651,0.234595291299446,0.166178363766564,0.535568526042127,0.785855423177882
0.319642857142857,0.234574375108192,0.166205928562018,0.535312373777557,0.786039926795859
0.319742063492064,0.234553456832891,0.166233473750308,0.535056344016765,0.786224393985962
0.31984126984127,0.234532536477353,0.166260999340292,0.534800436702655,0.786408824760456
0.319940476190476,0.234511614045398,0.166288505340822,0.534544651778149,0.786593219131598
0.320039682539683,0.234490689540852,0.166315991760744,0.534288989186192,0.786777577111638
0.320138888888889,0.234469762967551,0.166343458608894,0.534033448869745,0.786961898712818
0.320238095238095,0.234448834329337,0.166370905894105,0.533778030771793,0.78714618394737
0.320337301587302,0.234427903630064,0.1663983336252,0.533522734835338,0.787330432827521
0.320436507936508,0.234406970873589,0.166425741810997,0.533267561003405,0.787514645365489
0.320535714285714,0.234386036063781,0.166453130460305,0.533012509219035,0.787698821573483
0.320634920634921,0.234365099204516,0.166480499581929,0.532757579425292,0.787882961463707
0.320734126984127,0.234344160299677,0.166507849184664,0.532502771565261,0.788067065048353
0.320833333333333,0.234323219353156,0.1665351792773,0.532248085582043,0.788251132339608
0.32093253968254,0.234302276368854,0.16656248986862,0.531993521418762,0.788435163349651
0.321031746031746,0.234281331350679,0.166589780967398,0.531739079018561,0.788619158090652
0.321130952380952,0.234260384302547,0.166617052582405,0.531484758324604,0.788803116574774
0.321230158730159,0.234239435228382,0.166644304722402,0.531230559280073,0.788987038814171
0.321329365079365,0.234218484132117,0.166671537396144,0.530976481828173,0.78917092482099
0.321428571428571,0.234197531017692,0.166698750612378,0.530722525912125,0.789354774607371
0.321527777777778,0.234176575889057,0.166725944379845,0.530468691475175,0.789538588185444
0.321626984126984,0.234155618750168,0.166753118707281,0.530214978460584,0.789722365567332
0.32172619047619,0.23413465960499,0.166780273603411,0.529961386811636,0.789906106765151
0.321825396825397,0.234113698457496,0.166807409076956,0.529707916471634,0.790089811791007
0.321924603174603,0.234092735311667,0.16683452513663,0.529454567383901,0.790273480657002
0.32202380952381,0.234071770171493,0.166861621791139,0.529201339491781,0.790457113375225
0.322123015873016,0.23405080304097,0.166888699049182,0.528948232738638,0.79064070995776
0.322222222222222,0.234029833924104,0.166915756919453,0.528695247067853,0.790824270416685
0.322321428571429,0.23400886282491,0.166942795410635,0.528442382422831,0.791007794764065
0.322420634920635,0.233987889747407,0.166969814531409,0.528189638746994,0.791191283011962
0.322519841269841,0.233966914695627,0.166996814290446,0.527937015983787,0.791374735172427
0.322619047619048,0.233945937673607,0.167023794696411,0.527684514076671,0.791558151257505
0.322718253968254,0.233924958685393,0.167050755757962,0.527432132969131,0.791741531279232
0.32281746031746,0.233903977735039,0.167077697483749,0.527179872604669,0.791924875249636
0.322916666666667,0.233882994826607,0.167104619882418,0.52692773292681,0.792108183180737
0.323015873015873,0.233862009964168,0.167131522962604,0.526675713879096,0.79229145508455
0.323115079365079,0.2338410231518,0.167158406732939,0.52642381540509,0.792474690973077
0.323214285714286,0.233820034393589,0.167185271202045,0.526172037448376,0.792657890858317
0.323313492063492,0.233799043693631,0.16721211637854,0.525920379952556,0.792841054752257
0.323412698412698,0.233778051056027,0.167238942271031,0.525668842861255,0.793024182666879
0.323511904761905,0.233757056484888,0.167265748888123,0.525417426118115,0.793207274614157
0.323611111111111,0.233736059984334,0.16729253623841,0.5251661296668,0.793390330606055
0.323710317460317,0.233715061558492,0.167319304330482,0.524914953450993,0.793573350654531
0.323809523809524,0.233694061211496,0.167346053172919,0.524663897414397,0.793756334771534
0.32390873015873,0.23367305894749,0.167372782774298,0.524412961500736,0.793939282969006
0.324007936507936,0.233652054770625,0.167399493143185,0.524162145653752,0.794122195258881
0.324107142857143,0.233631048685061,0.167426184288141,0.523911449817209,0.794305071653083
0.324206349206349,0.233610040694964,0.167452856217722,0.523660873934891,0.794487912163532
0.324305555555556,0.233589030804512,0.167479508940473,0.5234104179506,0.794670716802138
0.324404761904762,0.233568019017887,0.167506142464936,0.523160081808159,0.794853485580801
0.324503968253968,0.233547005339281,0.167532756799643,0.522909865451413,0.795036218511417
0.324603174603175,0.233525989772895,0.167559351953121,0.522659768824224,0.795218915605872
0.324702380952381,0.233504972322936,0.167585927933889,0.522409791870475,0.795401576876045
0.324801587301587,0.233483952993621,0.167612484750459,0.52215993453407,0.795584202333805
0.324900793650794,0.233462931789173,0.167639022411338,0.521910196758932,0.795766791991015
0.325,0.233441908713826,0.167665540925024,0.521660578489005,0.795949345859531
0.325099206349206,0.233420883771819,0.167692040300009,0.521411079668251,0.796131863951199
0.325198412698413,0.233399856967401,0.167718520544777,0.521161700240654,0.796314346277858
0.325297619047619,0.23337882830483,0.167744981667806,0.520912440150217,0.796496792851339
0.325396825396825,0.233357797788369,0.167771423677568,0.520663299340963,0.796679203683465
0.325496031746032,0.233336765422291,0.167797846582526,0.520414277756936,0.796861578786051
0.325595238095238,0.233315731210879,0.167824250391138,0.520165375342198,0.797043918170906
0.325694444444444,0.23329469515842,0.167850635111853,0.519916592040834,0.797226221849828
0.325793650793651,0.233273657269212,0.167877000753116,0.519667927796946,0.797408489834609
0.325892857142857,0.23325261754756,0.167903347323361,0.519419382554658,0.797590722137032
0.325992063492063,0.233231575997777,0.167929674831019,0.519170956258113,0.797772918768874
0.32609126984127,0.233210532624186,0.167955983284513,0.518922648851474,0.797955079741903
0.326190476190476,0.233189487431116,0.167982272692257,0.518674460278925,0.798137205067878
0.326289682539682,0.233168440422904,0.168008543062661,0.518426390484668,0.798319294758551
0.326388888888889,0.233147391603897,0.168034794404125,0.518178439412928,0.798501348825667
0.326488095238095,0.233126340978448,0.168061026725046,0.517930607007946,0.798683367280962
0.326587301587302,0.233105288550919,0.16808724003381,0.517682893213987,0.798865350136165
0.326686507936508,0.23308423432568,0.168113434338799,0.517435297975334,0.799047297402996
0.326785714285714,0.233063178307111,0.168139609648387,0.51718782123629,0.799229209093167
0.326884920634921,0.233042120499596,0.16816576597094,0.516940462941179,0.799411085218384
0.326984126984127,0.233021060907531,0.168191903314819,0.516693223034343,0.799592925790343
0.327083333333333,0.232999999535318,0.168218021688378,0.516446101460146,0.799774730820734
0.32718253968254,0.232978936387368,0.168244121099962,0.516199098162971,0.799956500321237
0.327281746031746,0.232957871468099,0.168270201557911,0.515952213087222,0.800138234303526
0.327380952380952,0.232936804781939,0.168296263070557,0.515705446177321,0.800319932779265
0.327480158730159,0.232915736333322,0.168322305646227,0.515458797377712,0.800501595760113
0.327579365079365,0.232894666126692,0.168348329293237,0.515212266632859,0.800683223257719
0.327678571428571,0.2328735941665,0.168374334019901,0.514965853887244,0.800864815283723
0.327777777777778,0.232852520457204,0.168400319834523,0.514719559085372,0.801046371849761
0.327876984126984,0.232831445003273,0.168426286745401,0.514473382171764,0.801227892967458
0.32797619047619,0.232810367809181,0.168452234760826,0.514227323090964,0.801409378648432
0.328075396825397,0.232789288879414,0.168478163889081,0.513981381787537,0.801590828904292
0.328174603174603,0.232768208218461,0.168504074138444,0.513735558206064,0.801772243746642
0.32827380952381,0.232747125830823,0.168529965517185,0.51348985229115,0.801953623187074
0.328373015873016,0.232726041721009,0.168555838033567,0.513244263987417,0.802134967237176
0.328472222222222,0.232704955893533,0.168581691695847,0.512998793239509,0.802316275908527
0.328571428571429,0.23268386835292,0.168607526512274,0.512753439992089,0.802497549212696
0.328670634920635,0.232662779103703,0.168633342491089,0.51250820418984,0.802678787161246
0.328769841269841,0.232641688150421,0.16865913964053,0.512263085777466,0.802859989765732
0.328869047619048,0.232620595497624,0.168684917968824,0.51201808469969,0.803041157037701
0.328968253968254,0.232599501149867,0.168710677484193,0.511773200901255,0.803222288988692
0.32906746031746,0.232578405111715,0.168736418194852,0.511528434326925,0.803403385630236
0.329166666666667,0.232557307387742,0.168762140109008,0.511283784921482,0.803584446973856
0.329265873015873,0.232536207982528,0.168787843234863,0.51103925262973,0.803765473031067
0.329365079365079,0.232515106900661,0.168813527580611,0.510794837396493,0.803946463813377
0.329464285714286,0.232494004146739,0.168839193154438,0.510550539166614,0.804127419332286
0.329563492063492,0.232472899725368,0.168864839964525,0.510306357884955,0.804308339599285
0.329662698412698,0.23245179364116,0.168890468019044,0.510062293496401,0.804489224625857
0.329761904761905,0.232430685898737,0.168916077326163,0.509818345945854,0.804670074423479
0.329861111111111,0.232409576502728,0.16894166789404,0.509574515178238,0.804850889003619
0.329960317460317,0.23238846545777,0.168967239730828,0.509330801138496,0.805031668377736
0.330059523809524,0.232367352768511,0.168992792844673,0.509087203771592,0.805212412557283
0.33015873015873,0.232346238439603,0.169018327243712,0.508843723022508,0.805393121553704
0.330257936507937,0.232325122475708,0.169043842936078,0.508600358836248,0.805573795378435
0.330357142857143,0.232304004881497,0.169069339929896,0.508357111157836,0.805754434042905
0.330456349206349,0.232282885661646,0.169094818233283,0.508113979932313,0.805935037558534
0.330555555555556,0.232261764820844,0.169120277854349,0.507870965104745,0.806115605936735
0.330654761904762,0.232240642363783,0.1691457188012,0.507628066620214,0.806296139188913
0.330753968253968,0.232219518295167,0.169171141081931,0.507385284423824,0.806476637326465
0.330853174603175,0.232198392619706,0.169196544704634,0.507142618460697,0.806657100360779
0.330952380952381,0.232177265342118,0.169221929677391,0.506900068675977,0.806837528303238
0.331051587301587,0.232156136467131,0.169247296008279,0.506657635014827,0.807017921165213
0.331150793650794,0.232135005999479,0.169272643705366,0.506415317422431,0.80719827895807
0.33125,0.232113873943904,0.169297972776716,0.506173115843992,0.807378601693168
0.331349206349206,0.232092740305159,0.169323283230383,0.505931030224734,0.807558889381854
0.331448412698413,0.232071605088003,0.169348575074417,0.505689060509898,0.807739142035472
0.331547619047619,0.232050468297201,0.169373848316858,0.50544720664475,0.807919359665354
0.331646825396825,0.232029329937531,0.169399102965743,0.505205468574571,0.808099542282827
0.331746031746032,0.232008190013775,0.169424339029097,0.504963846244666,0.808279689899208
0.331845238095238,0.231987048530725,0.169449556514943,0.504722339600358,0.808459802525808
0.331944444444444,0.231965905493181,0.169474755431294,0.50448094858699,0.808639880173928
0.332043650793651,0.23194476090595,0.169499935786157,0.504239673149925,0.808819922854863
0.332142857142857,0.231923614773849,0.169525097587533,0.503998513234547,0.8089999305799
0.332242063492063,0.2319024671017,0.169550240843414,0.503757468786258,0.809179903360316
0.33234126984127,0.231881317894338,0.169575365561786,0.503516539750483,0.809359841207383
0.332440476190476,0.2318601671566,0.16960047175063,0.503275726072665,0.809539744132363
0.332539682539683,0.231839014893337,0.169625559417916,0.503035027698266,0.809719612146511
0.332638888888889,0.231817861109404,0.169650628571612,0.50279444457277,0.809899445261073
0.332738095238095,0.231796705809666,0.169675679219675,0.502553976641681,0.81007924348729
0.332837301587302,0.231775548998995,0.169700711370057,0.502313623850522,0.810259006836391
0.332936507936508,0.231754390682273,0.169725725030702,0.502073386144835,0.8104387353196
0.333035714285714,0.231733230864387,0.169750720209549,0.501833263470185,0.810618428948133
0.333134920634921,0.231712069550236,0.169775696914528,0.501593255772155,0.810798087733197
0.333234126984127,0.231690906744723,0.169800655153563,0.501353362996348,0.810977711685991
0.333333333333333,0.231669742452763,0.169825594934571,0.501113585088386,0.811157300817707
0.33343253968254,0.231648576679276,0.169850516265462,0.500873921993915,0.811336855139529
0.333531746031746,0.231627409429191,0.16987541915414,0.500634373658597,0.811516374662633
0.333630952380952,0.231606240707447,0.1699003036085,0.500394940028114,0.811695859398186
0.333730158730159,0.231585070518989,0.169925169636431,0.500155621048171,0.811875309357349
0.333829365079365,0.23156389886877,0.169950017245817,0.499916416664491,0.812054724551274
0.333928571428571,0.231542725761752,0.169974846444533,0.499677326822818,0.812234104991105
0.334027777777778,0.231521551202905,0.169999657240446,0.499438351468913,0.812413450687979
0.334126984126984,0.231500375197207,0.170024449641419,0.499199490548562,0.812592761653024
0.33422619047619,0.231479197749645,0.170049223655307,0.498960744007566,0.812772037897361
0.334325396825397,0.231458018865211,0.170073979289956,0.49872211179175,0.812951279432102
0.334424603174603,0.231436838548909,0.170098716553209,0.498483593846957,0.813130486268352
0.33452380952381,0.231415656805749,0.170123435452898,0.49824519011905,0.813309658417208
0.334623015873016,0.23139447364075,0.17014813599685,0.498006900553912,0.813488795889759
0.334722222222222,0.231373289058937,0.170172818192887,0.497768725097447,0.813667898697087
0.334821428571429,0.231352103065347,0.17019748204882,0.497530663695578,0.813846966850264
0.334920634920635,0.231330915665021,0.170222127572457,0.497292716294248,0.814026000360356
0.335019841269841,0.23130972686301,0.170246754771595,0.49705488283942,0.81420499923842
0.335119047619048,0.231288536664374,0.170271363654029,0.496817163277079,0.814383963495506
0.335218253968254,0.23126734507418,0.170295954227542,0.496579557553227,0.814562893142656
0.33531746031746,0.231246152097502,0.170320526499914,0.496342065613888,0.814741788190903
0.335416666666667,0.231224957739425,0.170345080478916,0.496104687405104,0.814920648651273
0.335515873015873,0.231203762005039,0.170369616172312,0.49586742287294,0.815099474534784
0.335615079365079,0.231182564899445,0.170394133587861,0.495630271963478,0.815278265852447
0.335714285714286,0.231161366427749,0.170418632733314,0.495393234622822,0.815457022615262
0.335813492063492,0.231140166595068,0.170443113616413,0.495156310797096,0.815635744834226
0.335912698412698,0.231118965406525,0.170467576244897,0.494919500432442,0.815814432520324
0.336011904761905,0.231097762867253,0.170492020626494,0.494682803475024,0.815993085684534
0.336111111111111,0.231076558982391,0.170516446768929,0.494446219871024,0.816171704337827
0.336210317460317,0.231055353757088,0.170540854679917,0.494209749566648,0.816350288491167
0.336309523809524,0.2310341471965,0.170565244367167,0.493973392508117,0.816528838155507
0.33640873015873,0.231012939305791,0.170589615838382,0.493737148641676,0.816707353341795
0.336507936507936,0.230991730090133,0.170613969101258,0.493501017913587,0.816885834060969
0.336607142857143,0.230970519554708,0.170638304163482,0.493265000270133,0.817064280323962
0.336706349206349,0.230949307704704,0.170662621032737,0.493029095657619,0.817242692141695
0.336805555555556,0.230928094545318,0.170686919716696,0.492793304022368,0.817421069525085
0.336904761904762,0.230906880081755,0.170711200223028,0.492557625310722,0.817599412485039
0.337003968253968,0.230885664319228,0.170735462559394,0.492322059469045,0.817777721032457
0.337103174603175,0.230864447262957,0.170759706733446,0.492086606443721,0.81795599517823
0.337202380952381,0.230843228918172,0.170783932752833,0.491851266181153,0.818134234933241
0.337301587301587,0.230822009290111,0.170808140625193,0.491616038627763,0.818312440308368
0.337400793650794,0.230800788384018,0.170832330358161,0.491380923729996,0.818490611314478
0.3375,0.230779566205148,0.170856501959362,0.491145921434315,0.81866874796243
0.337599206349206,0.230758342758762,0.170880655436416,0.490911031687203,0.818846850263078
0.337698412698413,0.230737118050129,0.170904790796934,0.490676254435164,0.819024918227265
0.337797619047619,0.230715892084528,0.170928908048523,0.49044158962472,0.819202951865828
0.337896825396825,0.230694664867245,0.17095300719878,0.490207037202416,0.819380951189595
0.337996031746032,0.230673436403573,0.170977088255297,0.489972597114814,0.819558916209387
0.338095238095238,0.230652206698814,0.171001151225659,0.489738269308498,0.819736846936017
0.338194444444444,0.23063097575828,0.171025196117444,0.48950405373007,0.81991474338029
0.338293650793651,0.230609743587287,0.171049222938222,0.489269950326156,0.820092605553003
0.338392857142857,0.230588510191164,0.171073231695556,0.489035959043397,0.820270433464943
0.338492063492064,0.230567275575244,0.171097222397005,0.488802079828457,0.820448227126894
0.33859126984127,0.23054603974487,0.171121195050117,0.48856831262802,0.820625986549628
0.338690476190476,0.230524802705392,0.171145149662436,0.488334657388789,0.82080371174391
0.338789682539683,0.230503564462171,0.171169086241498,0.488101114057487,0.820981402720498
0.338888888888889,0.230482325020571,0.171193004794833,0.487867682580857,0.821159059490141
0.338988095238095,0.23046108438597,0.171216905329962,0.487634362905663,0.821336682063582
0.339087301587302,0.23043984256375,0.1712407878544,0.487401154978688,0.821514270451553
0.339186507936508,0.230418599559301,0.171264652375657,0.487168058746736,0.821691824664782
0.339285714285714,0.230397355378025,0.171288498901234,0.48693507415663,0.821869344713985
0.339384920634921,0.230376110025327,0.171312327438625,0.486702201155213,0.822046830609873
0.339484126984127,0.230354863506625,0.171336137995318,0.486469439689349,0.822224282363148
0.339583333333333,0.23033361582734,0.171359930578794,0.48623678970592,0.822401699984505
0.33968253968254,0.230312366992906,0.171383705196526,0.486004251151831,0.82257908348463
0.339781746031746,0.230291117008763,0.171407461855981,0.485771823974005,0.822756432874201
0.339880952380952,0.230269865880357,0.17143120056462,0.485539508119384,0.82293374816389
0.339980158730159,0.230248613613146,0.171454921329895,0.485307303534933,0.823111029364358
0.340079365079365,0.230227360212594,0.171478624159253,0.485075210167634,0.823288276486261
0.340178571428571,0.230206105684172,0.171502309060132,0.484843227964491,0.823465489540245
0.340277777777778,0.230184850033362,0.171525976039965,0.484611356872528,0.82364266853695
0.340376984126984,0.230163593265652,0.171549625106178,0.484379596838787,0.823819813487008
0.34047619047619,0.230142335386539,0.171573256266187,0.484147947810333,0.82399692440104
0.340575396825397,0.230121076401527,0.171596869527406,0.483916409734247,0.824174001289663
0.340674603174603,0.230099816316129,0.171620464897239,0.483684982557635,0.824351044163484
0.34077380952381,0.230078555135866,0.171644042383083,0.483453666227619,0.824528053033102
0.340873015873016,0.230057292866268,0.171667601992329,0.483222460691342,0.82470502790911
0.340972222222222,0.230036029512871,0.17169114373236,0.482991365895968,0.824881968802092
0.341071428571429,0.230014765081221,0.171714667610554,0.48276038178868,0.825058875722622
0.341170634920635,0.229993499576871,0.171738173634281,0.482529508316681,0.825235748681269
0.341269841269841,0.229972233005383,0.171761661810903,0.482298745427196,0.825412587688594
0.341369047619048,0.229950965372326,0.171785132147777,0.482068093067467,0.825589392755148
0.341468253968254,0.229929696683278,0.171808584652251,0.481837551184757,0.825766163891475
0.34156746031746,0.229908426943825,0.171832019331668,0.48160711972635,0.825942901108113
0.341666666666667,0.22988715615956,0.171855436193364,0.48137679863955,0.82611960441559
0.341765873015873,0.229865884336086,0.171878835244666,0.481146587871679,0.826296273824426
0.341865079365079,0.229844611479013,0.171902216492897,0.480916487370081,0.826472909345135
0.341964285714286,0.229823337593959,0.17192557994537,0.480686497082119,0.82664951098822
0.342063492063492,0.22980206268655,0.171948925609393,0.480456616955178,0.82682607876418
0.342162698412698,0.229780786762421,0.171972253492268,0.480226846936659,0.827002612683502
0.342261904761905,0.229759509827214,0.171995563601287,0.479997186973987,0.827179112756669
0.342361111111111,0.22973823188658,0.172018855943737,0.479767637014604,0.827355578994154
0.342460317460317,0.229716952946178,0.172042130526899,0.479538197005975,0.827532011406421
0.342559523809524,0.229695673011675,0.172065387358045,0.479308866895582,0.827708410003929
0.34265873015873,0.229674392088745,0.172088626444442,0.47907964663093,0.827884774797127
0.342757936507937,0.229653110183071,0.172111847793348,0.47885053615954,0.828061105796457
0.342857142857143,0.229631827300345,0.172135051412017,0.478621535428957,0.828237403012353
0.342956349206349,0.229610543446267,0.172158237307692,0.478392644386744,0.82841366645524
0.343055555555556,0.229589258626542,0.172181405487613,0.478163862980485,0.828589896135536
0.343154761904762,0.229567972846888,0.17220455595901,0.477935191157782,0.828766092063653
0.343253968253968,0.229546686113027,0.172227688729109,0.477706628866259,0.828942254249991
0.343353174603175,0.229525398430691,0.172250803805127,0.47747817605356,0.829118382704946
0.343452380952381,0.229504109805619,0.172273901194275,0.477249832667347,0.829294477438904
0.343551587301587,0.229482820243561,0.172296980903756,0.477021598655305,0.829470538462243
0.343650793650794,0.229461529750272,0.172320042940767,0.476793473965136,0.829646565785334
0.34375,0.229440238331515,0.172343087312498,0.476565458544564,0.829822559418539
0.343849206349206,0.229418945993063,0.172366114026132,0.476337552341332,0.829998519372215
0.343948412698413,0.229397652740697,0.172389123088845,0.476109755303204,0.830174445656707
0.344047619047619,0.229376358580205,0.172412114507807,0.475882067377963,0.830350338282355
0.344146825396825,0.229355063517383,0.172435088290179,0.475654488513413,0.83052619725949
0.344246031746032,0.229333767558036,0.172458044443116,0.475427018657376,0.830702022598435
0.344345238095238,0.229312470707976,0.172480982973767,0.475199657757697,0.830877814309505
0.344444444444444,0.229291172973025,0.172503903889274,0.474972405762237,0.831053572403009
0.344543650793651,0.229269874359012,0.172526807196771,0.474745262618882,0.831229296889246
0.344642857142857,0.229248574871773,0.172549692903385,0.474518228275534,0.831404987778508
0.344742063492063,0.229227274517154,0.172572561016237,0.474291302680117,0.831580645081077
0.34484126984127,0.229205973301007,0.17259541154244,0.474064485780574,0.831756268807231
0.344940476190476,0.229184671229195,0.172618244489103,0.473837777524868,0.831931858967238
0.345039682539683,0.229163368307587,0.172641059863323,0.473611177860983,0.832107415571357
0.345138888888889,0.22914206454206,0.172663857672195,0.473384686736922,0.83228293862984
0.345238095238095,0.2291207599385,0.172686637922805,0.473158304100708,0.832458428152933
0.345337301587302,0.2290994545028,0.172709400622231,0.472932029900386,0.832633884150872
0.345436507936508,0.229078148240864,0.172732145777545,0.472705864084017,0.832809306633884
0.345535714285714,0.229056841158599,0.172754873395814,0.472479806599687,0.832984695612192
0.345634920634921,0.229035533261926,0.172777583484094,0.472253857395497,0.833160051096007
0.345734126984127,0.229014224556769,0.172800276049439,0.472028016419572,0.833335373095535
0.345833333333333,0.228992915049063,0.172822951098891,0.471802283620054,0.833510661620972
0.34593253968254,0.228971604744751,0.172845608639488,0.471576658945108,0.833685916682508
0.346031746031746,0.228950293649783,0.172868248678262,0.471351142342916,0.833861138290324
0.346130952380952,0.228928981770118,0.172890871222236,0.471125733761683,0.834036326454593
0.346230158730159,0.228907669111722,0.172913476278427,0.47090043314963,0.834211481185481
0.346329365079365,0.22888635568057,0.172936063853844,0.470675240455003,0.834386602493144
0.346428571428571,0.228865041482646,0.17295863395549,0.470450155626063,0.834561690387734
0.346527777777778,0.228843726523939,0.172981186590362,0.470225178611095,0.834736744879391
0.346626984126984,0.22882241081045,0.173003721765448,0.470000309358401,0.83491176597825
0.34672619047619,0.228801094348185,0.173026239487731,0.469775547816306,0.835086753694436
0.346825396825397,0.22877977714316,0.173048739764185,0.469550893933153,0.835261708038067
0.346924603174603,0.228758459201398,0.17307122260178,0.469326347657305,0.835436629019254
0.34702380952381,0.228737140528932,0.173093688007477,0.469101908937145,0.835611516648099
0.347123015873016,0.228715821131799,0.173116135988229,0.468877577721077,0.835786370934695
0.347222222222222,0.228694501016049,0.173138566550984,0.468653353957523,0.835961191889131
0.347321428571429,0.228673180187737,0.173160979702684,0.468429237594929,0.836135979521484
0.347420634920635,0.228651858652927,0.173183375450262,0.468205228581757,0.836310733841825
0.347519841269841,0.228630536417691,0.173205753800644,0.467981326866489,0.836485454860216
0.347619047619048,0.22860921348811,0.17322811476075,0.467757532397631,0.836660142586714
0.347718253968254,0.228587889870271,0.173250458337493,0.467533845123705,0.836834797031364
0.34781746031746,0.228566565570271,0.17327278453778,0.467310264993254,0.837009418204206
0.347916666666667,0.228545240594214,0.173295093368508,0.467086791954842,0.837184006115271
0.348015873015873,0.228523914948214,0.173317384836571,0.466863425957053,0.837358560774582
0.348115079365079,0.22850258863839,0.173339658948854,0.466640166948489,0.837533082192155
0.348214285714286,0.228481261670871,0.173361915712234,0.466417014877774,0.837707570377998
0.348313492063492,0.228459934051796,0.173384155133584,0.466193969693552,0.837882025342109
0.348412698412698,0.228438605787307,0.173406377219767,0.465971031344486,0.838056447094482
0.348511904761905,0.228417276883559,0.173428581977641,0.465748199779259,0.838230835645099
0.348611111111111,0.228395947346713,0.173450769414057,0.465525474946574,0.838405191003936
0.348710317460317,0.228374617182938,0.173472939535858,0.465302856795156,0.838579513180962
0.348809523809524,0.228353286398412,0.173495092349881,0.465080345273747,0.838753802186138
0.34890873015873,0.22833195499932,0.173517227862955,0.464857940331111,0.838928058029414
0.349007936507936,0.228310622991855,0.173539346081905,0.464635641916032,0.839102280720736
0.349107142857143,0.22828929038222,0.173561447013545,0.464413449977312,0.83927647027004
0.349206349206349,0.228267957176624,0.173583530664685,0.464191364463775,0.839450626687254
0.349305555555556,0.228246623381285,0.173605597042126,0.463969385324265,0.8396247499823
0.349404761904762,0.22822528900243,0.173627646152665,0.463747512507644,0.83979884016509
0.349503968253968,0.228203954046291,0.173649678003088,0.463525745962797,0.839972897245529
0.349603174603175,0.228182618519113,0.173671692600178,0.463304085638626,0.840146921233515
0.349702380952381,0.228161282427145,0.173693689950709,0.463082531484056,0.840320912138935
0.349801587301587,0.228139945776645,0.173715670061449,0.462861083448029,0.840494869971672
0.349900793650794,0.22811860857388,0.173737632939157,0.462639741479509,0.840668794741599
0.35,0.228097270825126,0.173759578590588,0.462418505527479,0.840842686458581
0.350099206349206,0.228075932536663,0.173781507022488,0.462197375540943,0.841016545132476
0.350198412698413,0.228054593714784,0.173803418241597,0.461976351468924,0.841190370773134
0.350297619047619,0.228033254365788,0.173825312254648,0.461755433260465,0.841364163390396
0.350396825396825,0.228011914495981,0.173847189068367,0.461534620864631,0.841537922994096
0.350496031746032,0.227990574111679,0.173869048689472,0.461313914230504,0.84171164959406
0.350595238095238,0.227969233219205,0.173890891124677,0.461093313307187,0.841885343200106
0.350694444444444,0.22794789182489,0.173912716380686,0.460872818043805,0.842059003822045
0.350793650793651,0.227926549935075,0.173934524464196,0.4606524283895,0.842232631469679
0.350892857142857,0.227905207556106,0.173956315381901,0.460432144293436,0.842406226152801
0.350992063492064,0.227883864694339,0.173978089140483,0.460211965704797,0.8425797878812
0.35109126984127,0.227862521356138,0.173999845746621,0.459991892572785,0.842753316664652
0.351190476190476,0.227841177547876,0.174021585206985,0.459771924846625,0.84292681251293
0.351289682539683,0.227819833275931,0.174043307528238,0.459552062475559,0.843100275435795
0.351388888888889,0.227798488546693,0.174065012717038,0.459332305408851,0.843273705443003
0.351488095238095,0.227777143366557,0.174086700780033,0.459112653595784,0.843447102544301
0.351587301587302,0.227755797741929,0.174108371723868,0.458893106985663,0.843620466749428
0.351686507936508,0.227734451679219,0.174130025555177,0.458673665527809,0.843793798068115
0.351785714285714,0.227713105184849,0.17415166228059,0.458454329171568,0.843967096510086
0.351884920634921,0.227691758265248,0.174173281906728,0.458235097866301,0.844140362085055
0.351984126984127,0.227670410926852,0.174194884440208,0.458015971561393,0.844313594802732
0.352083333333333,0.227649063176107,0.174216469887636,0.457796950206247,0.844486794672814
0.35218253968254,0.227627715019464,0.174238038255615,0.457578033750286,0.844659961704995
0.352281746031746,0.227606366463386,0.174259589550739,0.457359222142954,0.844833095908957
0.352380952380952,0.227585017514341,0.174281123779595,0.457140515333714,0.845006197294378
0.352480158730159,0.227563668178806,0.174302640948763,0.45692191327205,0.845179265870924
0.352579365079365,0.227542318463268,0.174324141064818,0.456703415907464,0.845352301648257
0.352678571428571,0.227520968374219,0.174345624134326,0.456485023189482,0.845525304636028
0.352777777777778,0.227499617918162,0.174367090163846,0.456266735067645,0.845698274843882
0.352876984126984,0.227478267101605,0.174388539159932,0.456048551491517,0.845871212281456
0.35297619047619,0.227456915931067,0.17440997112913,0.455830472410682,0.846044116958378
0.353075396825397,0.227435564413074,0.174431386077977,0.455612497774743,0.846216988884269
0.353174603174603,0.227414212554159,0.174452784013007,0.455394627533323,0.846389828068742
0.35327380952381,0.227392860360865,0.174474164940745,0.455176861636067,0.846562634521401
0.353373015873016,0.227371507839742,0.174495528867708,0.454959200032637,0.846735408251844
0.353472222222222,0.227350154997349,0.174516875800408,0.454741642672717,0.84690814926966
0.353571428571429,0.227328801840251,0.174538205745349,0.45452418950601,0.847080857584429
0.353670634920635,0.227307448375023,0.174559518709029,0.454306840482239,0.847253533205727
0.353769841269841,0.227286094608249,0.174580814697938,0.454089595551149,0.847426176143117
0.353869047619048,0.227264740546518,0.174602093718559,0.453872454662502,0.847598786406158
0.353968253968254,0.227243386196429,0.17462335577737,0.453655417766082,0.8477713640044
0.35406746031746,0.22722203156459,0.174644600880841,0.453438484811693,0.847943908947383
0.354166666666667,0.227200676657616,0.174665829035433,0.453221655749157,0.848116421244643
0.354265873015873,0.227179321482129,0.174687040247602,0.453004930528319,0.848288900905704
0.354365079365079,0.227157966044762,0.174708234523799,0.452788309099041,0.848461347940086
0.354464285714286,0.227136610352152,0.174729411870463,0.452571791411208,0.848633762357298
0.354563492063492,0.227115254410949,0.174750572294032,0.452355377414721,0.848806144166842
0.354662698412698,0.227093898227807,0.174771715800933,0.452139067059506,0.848978493378214
0.354761904761905,0.22707254180939,0.174792842397587,0.451922860295505,0.849150810000899
0.354861111111111,0.22705118516237,0.174813952090408,0.451706757072682,0.849323094044377
0.354960317460317,0.227029828293427,0.174835044885804,0.451490757341021,0.849495345518117
0.355059523809524,0.227008471209249,0.174856120790176,0.451274861050523,0.849667564431584
0.35515873015873,0.226987113916532,0.174877179809916,0.451059068151215,0.849839750794231
0.355257936507936,0.22696575642198,0.174898221951412,0.450843378593137,0.850011904615506
0.355357142857143,0.226944398732305,0.174919247221043,0.450627792326355,0.850184025904849
0.355456349206349,0.226923040854228,0.174940255625182,0.45041230930095,0.850356114671689
0.355555555555556,0.226901682794478,0.174961247170194,0.450196929467028,0.850528170925452
0.355654761904762,0.226880324559791,0.17498222186244,0.449981652774711,0.850700194675551
0.355753968253968,0.226858966156911,0.17500317970827,0.449766479174143,0.850872185931396
0.355853174603175,0.226837607592592,0.175024120714029,0.449551408615487,0.851044144702385
0.355952380952381,0.226816248873595,0.175045044886057,0.449336441048927,0.851216070997911
0.356051587301587,0.226794890006688,0.175065952230684,0.449121576424665,0.851387964827356
0.356150793650794,0.226773530998649,0.175086842754234,0.448906814692926,0.851559826200099
0.35625,0.226752171856263,0.175107716463025,0.448692155803953,0.851731655125505
0.356349206349206,0.226730812586323,0.175128573363368,0.44847759970801,0.851903451612936
0.356448412698413,0.226709453195632,0.175149413461565,0.448263146355379,0.852075215671744
0.356547619047619,0.226688093690997,0.175170236763913,0.448048795696364,0.852246947311274
0.356646825396825,0.226666734079238,0.175191043276702,0.447834547681289,0.852418646540862
0.356746031746032,0.226645374367179,0.175211833006215,0.447620402260498,0.852590313369836
0.356845238095238,0.226624014561656,0.175232605958728,0.447406359384353,0.852761947807518
0.356944444444444,0.226602654669509,0.175253362140509,0.447192419003237,0.85293354986322
0.357043650793651,0.226581294697588,0.175274101557821,0.446978581067556,0.853105119546248
0.357142857142857,0.226559934652753,0.175294824216918,0.446764845527731,0.853276656865897
0.357242063492063,0.226538574541869,0.175315530124048,0.446551212334206,0.853448161831459
0.35734126984127,0.226517214371811,0.175336219285454,0.446337681437446,0.853619634452213
0.357440476190476,0.226495854149461,0.175356891707368,0.446124252787932,0.853791074737433
0.357539682539682,0.22647449388171,0.175377547396019,0.44591092633617,0.853962482696385
0.357638888888889,0.226453133575456,0.175398186357627,0.445697702032681,0.854133858338327
0.357738095238095,0.226431773237607,0.175418808598405,0.44548457982801,0.854305201672508
0.357837301587302,0.226410412875077,0.17543941412456,0.44527155967272,0.854476512708169
0.357936507936508,0.22638905249479,0.175460002942292,0.445058641517395,0.854647791454546
0.358035714285714,0.226367692103676,0.175480575057793,0.444845825312637,0.854819037920863
0.358134920634921,0.226346331708674,0.175501130477249,0.444633111009071,0.854990252116339
0.358234126984127,0.226324971316733,0.175521669206839,0.44442049855734,0.855161434050185
0.358333333333333,0.226303610934807,0.175542191252734,0.444207987908107,0.855332583731602
0.35843253968254,0.22628225056986,0.175562696621101,0.443995579012056,0.855503701169785
0.358531746031746,0.226260890228864,0.175583185318097,0.44378327181989,0.855674786373921
0.358630952380952,0.226239529918798,0.175603657349873,0.443571066282333,0.855845839353189
0.358730158730159,0.226218169646651,0.175624112722573,0.443358962350128,0.856016860116758
0.358829365079365,0.226196809419418,0.175644551442336,0.443146959974038,0.856187848673792
0.358928571428571,0.226175449244103,0.17566497351529,0.442935059104847,0.856358805033447
0.359027777777778,0.226154089127719,0.17568537894756,0.442723259693359,0.856529729204868
0.359126984126984,0.226132729077286,0.175705767745262,0.442511561690397,0.856700621197196
0.35922619047619,0.226111369099831,0.175726139914507,0.442299965046804,0.856871481019561
0.359325396825397,0.226090009202393,0.175746495461395,0.442088469713444,0.857042308681088
0.359424603174603,0.226068649392015,0.175766834392024,0.4418770756412,0.857213104190891
0.35952380952381,0.22604728967575,0.175787156712482,0.441665782780976,0.857383867558078
0.359623015873016,0.226025930060659,0.175807462428851,0.441454591083696,0.857554598791749
0.359722222222222,0.22600457055381,0.175827751547207,0.441243500500302,0.857725297900995
0.359821428571429,0.225983211162281,0.175848024073616,0.441032510981758,0.857895964894902
0.359920634920635,0.225961851893157,0.175868280014141,0.440821622479048,0.858066599782544
0.360019841269841,0.225940492753531,0.175888519374835,0.440610834943175,0.85823720257299
0.360119047619048,0.225919133750505,0.175908742161747,0.440400148325162,0.858407773275299
0.360218253968254,0.225897774891187,0.175928948380915,0.440189562576053,0.858578311898526
0.36031746031746,0.225876416182696,0.175949138038374,0.439979077646912,0.858748818451714
0.360416666666667,0.225855057632157,0.17596931114015,0.439768693488822,0.858919292943899
0.360515873015873,0.225833699246703,0.175989467692264,0.439558410052886,0.85908973538411
0.360615079365079,0.225812341033477,0.176009607700726,0.439348227290228,0.859260145781368
0.360714285714286,0.225790982999629,0.176029731171544,0.439138145151991,0.859430524144687
0.360813492063492,0.225769625152316,0.176049838110716,0.438928163589339,0.85960087048307
0.360912698412698,0.225748267498705,0.176069928524235,0.438718282553456,0.859771184805515
0.361011904761905,0.225726910045971,0.176090002418084,0.438508501995544,0.859941467121012
0.361111111111111,0.225705552801294,0.176110059798242,0.438298821866827,0.860111717438541
0.361210317460317,0.225684195771866,0.17613010067068,0.438089242118549,0.860281935767076
0.361309523809524,0.225662838964886,0.176150125041363,0.437879762701973,0.860452122115583
0.36140873015873,0.22564148238756,0.176170132916247,0.437670383568383,0.860622276493019
0.361507936507937,0.225620126047103,0.176190124301283,0.437461104669081,0.860792398908334
0.361607142857143,0.225598769950738,0.176210099202415,0.437251925955392,0.860962489370469
0.361706349206349,0.225577414105696,0.176230057625579,0.43704284737866,0.86113254788836
0.361805555555556,0.225556058519215,0.176249999576704,0.436833868890246,0.861302574470931
0.361904761904762,0.225534703198544,0.176269925061713,0.436624990441536,0.861472569127101
0.362003968253968,0.225513348150937,0.176289834086523,0.436416211983932,0.861642531865781
0.362103174603175,0.225491993383658,0.176309726657041,0.436207533468858,0.861812462695872
0.362202380952381,0.225470638903978,0.17632960277917,0.435998954847757,0.861982361626269
0.362301587301587,0.225449284719178,0.176349462458804,0.435790476072094,0.862152228665859
0.362400793650794,0.225427930836544,0.176369305701832,0.43558209709335,0.86232206382352
0.3625,0.225406577263373,0.176389132514135,0.435373817863031,0.862491867108124
0.362599206349206,0.225385224006968,0.176408942901586,0.435165638332658,0.862661638528533
0.362698412698413,0.225363871074641,0.176428736870054,0.434957558453776,0.862831378093602
0.362797619047619,0.225342518473714,0.176448514425398,0.434749578177949,0.863001085812178
0.362896825396825,0.225321166211513,0.176468275573473,0.434541697456759,0.8631707616931
0.362996031746032,0.225299814295376,0.176488020320123,0.434333916241811,0.863340405745201
0.363095238095238,0.225278462732646,0.17650774867119,0.434126234484727,0.863510017977303
0.363194444444444,0.225257111530677,0.176527460632505,0.433918652137151,0.863679598398222
0.363293650793651,0.225235760696829,0.176547156209895,0.433711169150747,0.863849147016765
0.363392857142857,0.22521441023847,0.176566835409177,0.433503785477198,0.864018663841732
0.363492063492063,0.225193060162978,0.176586498236165,0.433296501068208,0.864188148881916
0.36359126984127,0.225171710477738,0.176606144696663,0.433089315875499,0.864357602146099
0.363690476190476,0.225150361190142,0.176625774796468,0.432882229850817,0.864527023643059
0.363789682539683,0.225129012307592,0.176645388541373,0.432675242945923,0.864696413381563
0.363888888888889,0.225107663837498,0.17666498593716,0.432468355112601,0.864865771370372
0.363988095238095,0.225086315787276,0.176684566989608,0.432261566302656,0.865035097618238
0.364087301587302,0.225064968164352,0.176704131704487,0.432054876467911,0.865204392133905
0.364186507936508,0.22504362097616,0.17672368008756,0.431848285560208,0.865373654926111
0.364285714285714,0.225022274230141,0.176743212144584,0.431641793531412,0.865542886003583
0.364384920634921,0.225000927933745,0.176762727881307,0.431435400333405,0.865712085375043
0.364484126984127,0.224979582094431,0.176782227303474,0.431229105918092,0.865881253049204
0.364583333333333,0.224958236719664,0.176801710416819,0.431022910237396,0.86605038903477
0.36468253968254,0.224936891816918,0.176821177227071,0.430816813243261,0.866219493340439
0.364781746031746,0.224915547393675,0.176840627739952,0.430610814887649,0.8663885659749
0.364880952380952,0.224894203457426,0.176860061961177,0.430404915122545,0.866557606946835
0.364980158730159,0.22487286001567,0.176879479896454,0.430199113899952,0.866726616264916
0.365079365079365,0.224851517075913,0.176898881551484,0.429993411171893,0.86689559393781
0.365178571428571,0.224830174645669,0.176918266931961,0.429787806890411,0.867064539974174
0.365277777777778,0.224808832732461,0.176937636043573,0.429582301007571,0.867233454382657
0.365376984126984,0.22478749134382,0.176956988891999,0.429376893475456,0.867402337171902
0.36547619047619,0.224766150487286,0.176976325482913,0.42917158424617,0.867571188350543
0.365575396825397,0.224744810170404,0.176995645821982,0.428966373271835,0.867740007927206
0.365674603174603,0.224723470400731,0.177014949914865,0.428761260504596,0.867908795910509
0.36577380952381,0.224702131185829,0.177034237767214,0.428556245896615,0.868077552309062
0.365873015873016,0.224680792533271,0.177053509384676,0.428351329400077,0.868246277131468
0.365972222222222,0.224659454450635,0.177072764772889,0.428146510967184,0.86841497038632
0.366071428571429,0.224638116945509,0.177092003937484,0.427941790550161,0.868583632082207
0.366170634920635,0.224616780025489,0.177111226884087,0.427737168101251,0.868752262227706
0.366269841269841,0.224595443698178,0.177130433618316,0.427532643572717,0.868920860831389
0.366369047619048,0.224574107971189,0.177149624145782,0.427328216916843,0.869089427901818
0.366468253968254,0.224552772852141,0.177168798472088,0.427123888085931,0.869257963447548
0.36656746031746,0.224531438348662,0.177187956602833,0.426919657032307,0.869426467477127
0.366666666666667,0.22451010446839,0.177207098543606,0.426715523708313,0.869594939999094
0.366765873015873,0.224488771218968,0.17722622429999,0.426511488066313,0.86976338102198
0.366865079365079,0.224467438608048,0.177245333877563,0.42630755005869,0.869931790554308
0.366964285714286,0.224446106643291,0.177264427281893,0.426103709637849,0.870100168604595
0.367063492063492,0.224424775332366,0.177283504518544,0.425899966756211,0.870268515181347
0.367162698412698,0.224403444682949,0.17730256559307,0.425696321366221,0.870436830293065
0.367261904761905,0.224382114702726,0.177321610511021,0.425492773420343,0.870605113948241
0.367361111111111,0.224360785399389,0.177340639277938,0.425289322871059,0.870773366155358
0.367460317460317,0.224339456780639,0.177359651899356,0.425085969670873,0.870941586922893
0.367559523809524,0.224318128854185,0.177378648380804,0.42488271377231,0.871109776259314
0.36765873015873,0.224296801627746,0.177397628727801,0.424679555127912,0.871277934173081
0.367757936507936,0.224275475109045,0.177416592945863,0.424476493690242,0.871446060672647
0.367857142857143,0.224254149305817,0.177435541040497,0.424273529411885,0.871614155766456
0.367956349206349,0.224232824225803,0.177454473017202,0.424070662245444,0.871782219462944
0.368055555555556,0.224211499876753,0.177473388881472,0.423867892143542,0.871950251770541
0.368154761904762,0.224190176266424,0.177492288638793,0.423665219058823,0.872118252697667
0.368253968253968,0.224168853402583,0.177511172294646,0.42346264294395,0.872286222252736
0.368353174603175,0.224147531293003,0.177530039854502,0.423260163751607,0.872454160444152
0.368452380952381,0.224126209945467,0.177548891323827,0.423057781434498,0.872622067280313
0.368551587301587,0.224104889367764,0.17756772670808,0.422855495945346,0.872789942769607
0.368650793650794,0.224083569567694,0.177586546012712,0.422653307236894,0.872957786920417
0.36875,0.224062250553061,0.177605349243169,0.422451215261905,0.873125599741115
0.368849206349206,0.224040932331682,0.177624136404888,0.422249219973165,0.873293381240068
0.368948412698413,0.224019614911379,0.177642907503301,0.422047321323475,0.873461131425632
0.369047619047619,0.223998298299982,0.17766166254383,0.42184551926566,0.873628850306158
0.369146825396825,0.22397698250533,0.177680401531895,0.421643813752562,0.873796537889988
0.369246031746032,0.22395566753527,0.177699124472904,0.421442204737047,0.873964194185456
0.369345238095238,0.223934353397657,0.177717831372262,0.421240692171996,0.874131819200887
0.369444444444444,0.223913040100354,0.177736522235364,0.421039276010313,0.8742994129446
0.369543650793651,0.223891727651233,0.177755197067599,0.420837956204923,0.874466975424906
0.369642857142857,0.223870416058173,0.177773855874352,0.420636732708768,0.874634506650107
0.369742063492064,0.223849105329061,0.177792498660996,0.420435605474813,0.874802006628496
0.36984126984127,0.223827795471792,0.177811125432901,0.42023457445604,0.874969475368362
0.369940476190476,0.223806486494272,0.177829736195429,0.420033639605453,0.875136912877983
0.370039682539683,0.22378517840441,0.177848330953934,0.419832800876076,0.875304319165629
0.370138888888889,0.223763871210128,0.177866909713764,0.419632058220952,0.875471694239563
0.370238095238095,0.223742564919353,0.17788547248026,0.419431411593144,0.875639038108042
0.370337301587302,0.223721259540021,0.177904019258757,0.419230860945737,0.875806350779311
0.370436507936508,0.223699955080076,0.177922550054581,0.419030406231833,0.87597363226161
0.370535714285714,0.223678651547471,0.177941064873053,0.418830047404557,0.876140882563171
0.370634920634921,0.223657348950166,0.177959563719486,0.418629784417051,0.876308101692217
0.370734126984127,0.22363604729613,0.177978046599186,0.41842961722248,0.876475289656963
0.370833333333333,0.223614746593338,0.177996513517452,0.418229545774027,0.876642446465617
0.37093253968254,0.223593446849777,0.178014964479578,0.418029570024894,0.87680957212638
0.371031746031746,0.223572148073438,0.178033399490849,0.417829689928307,0.876976666647443
0.371130952380952,0.223550850272323,0.178051818556543,0.417629905437508,0.877143730036989
0.371230158730159,0.223529553454441,0.178070221681932,0.417430216505761,0.877310762303196
0.371329365079365,0.223508257627808,0.178088608872282,0.417230623086349,0.877477763454232
0.371428571428571,0.22348696280045,0.178106980132849,0.417031125132577,0.877644733498256
0.371527777777778,0.223465668980401,0.178125335468885,0.416831722597766,0.877811672443421
0.371626984126984,0.223444376175701,0.178143674885633,0.416632415435262,0.877978580297872
0.37172619047619,0.2234230843944,0.178161998388332,0.416433203598428,0.878145457069746
0.371825396825397,0.223401793644556,0.178180305982211,0.416234087040646,0.87831230276717
0.371924603174603,0.223380503934235,0.178198597672493,0.416035065715321,0.878479117398267
0.37202380952381,0.223359215271511,0.178216873464396,0.415836139575876,0.878645900971149
0.372123015873016,0.223337927664465,0.178235133363127,0.415637308575755,0.878812653493921
0.372222222222222,0.223316641121187,0.17825337737389,0.415438572668421,0.878979374974681
0.372321428571429,0.223295355649777,0.17827160550188,0.415239931807358,0.879146065421517
0.372420634920635,0.223274071258339,0.178289817752286,0.415041385946069,0.879312724842511
0.372519841269841,0.223252787954988,0.17830801413029,0.414842935038077,0.879479353245736
0.372619047619048,0.223231505747848,0.178326194641065,0.414644579036928,0.879645950639259
0.372718253968254,0.223210224645047,0.178344359289782,0.414446317896182,0.879812517031137
0.37281746031746,0.223188944654726,0.178362508081599,0.414248151569426,0.879979052429419
0.372916666666667,0.223167665785031,0.178380641021671,0.414050080010261,0.880145556842148
0.373015873015873,0.223146388044116,0.178398758115146,0.413852103172312,0.880312030277358
0.373115079365079,0.223125111440146,0.178416859367163,0.413654221009222,0.880478472743075
0.373214285714286,0.22310383598129,0.178434944782856,0.413456433474654,0.880644884247316
0.373313492063492,0.223082561675728,0.178453014367351,0.413258740522292,0.880811264798093
0.373412698412698,0.223061288531648,0.178471068125767,0.41306114210584,0.880977614403408
0.373511904761905,0.223040016557245,0.178489106063217,0.412863638179021,0.881143933071256
0.373611111111111,0.223018745760722,0.178507128184806,0.412666228695579,0.881310220809623
0.373710317460317,0.222997476150291,0.178525134495633,0.412468913609277,0.881476477626487
0.373809523809524,0.222976207734171,0.17854312500079,0.412271692873899,0.881642703529821
0.37390873015873,0.222954940520591,0.178561099705362,0.412074566443248,0.881808898527586
0.374007936507937,0.222933674517787,0.178579058614425,0.411877534271148,0.881975062627739
0.374107142857143,0.222912409734003,0.178597001733052,0.411680596311442,0.882141195838225
0.374206349206349,0.22289114617749,0.178614929066306,0.411483752517995,0.882307298166984
0.374305555555556,0.222869883856509,0.178632840619245,0.411287002844688,0.882473369621949
0.374404761904762,0.222848622779328,0.178650736396917,0.411090347245427,0.882639410211042
0.374503968253968,0.222827362954224,0.178668616404368,0.410893785674135,0.882805419942179
0.374603174603175,0.222806104389481,0.178686480646632,0.410697318084754,0.882971398823268
0.374702380952381,0.222784847093393,0.178704329128739,0.410500944431249,0.883137346862208
0.374801587301587,0.222763591074259,0.178722161855713,0.410304664667604,0.883303264066892
0.374900793650794,0.222742336340389,0.178739978832567,0.410108478747821,0.883469150445204
0.375,0.2227210829001,0.178757780064311,0.409912386625924,0.883635006005019
0.375099206349206,0.222699830761716,0.178775565555947,0.409716388255958,0.883800830754206
0.375198412698413,0.222678579933571,0.178793335312469,0.409520483591984,0.883966624700626
0.375297619047619,0.222657330424007,0.178811089338865,0.409324672588088,0.884132387852131
0.375396825396825,0.222636082241372,0.178828827640116,0.409128955198372,0.884298120216565
0.375496031746032,0.222614835394024,0.178846550221196,0.40893333137696,0.884463821801765
0.375595238095238,0.22259358989033,0.178864257087072,0.408737801077996,0.88462949261556
0.375694444444444,0.222572345738661,0.178881948242704,0.408542364255643,0.884795132665771
0.375793650793651,0.222551102947401,0.178899623693045,0.408347020864084,0.884960741960211
0.375892857142857,0.222529861524939,0.178917283443042,0.408151770857524,0.885126320506685
0.375992063492063,0.222508621479674,0.178934927497634,0.407956614190186,0.88529186831299
0.37609126984127,0.222487382820011,0.178952555861753,0.407761550816313,0.885457385386915
0.376190476190476,0.222466145554364,0.178970168540325,0.407566580690169,0.885622871736243
0.376289682539683,0.222444909691156,0.178987765538268,0.407371703766037,0.885788327368746
0.376388888888889,0.222423675238818,0.179005346860495,0.407176919998222,0.885953752292189
0.376488095238095,0.222402442205788,0.179022912511909,0.406982229341046,0.886119146514332
0.376587301587302,0.222381210600513,0.179040462497408,0.406787631748853,0.886284510042924
0.376686507936508,0.222359980431447,0.179057996821885,0.406593127176007,0.886449842885706
0.376785714285714,0.222338751707053,0.179075515490221,0.406398715576891,0.886615145050413
0.376884920634921,0.222317524435802,0.179093018507295,0.406204396905909,0.886780416544771
0.376984126984127,0.222296298626174,0.179110505877976,0.406010171117484,0.886945657376499
0.377083333333333,0.222275074286655,0.179127977607128,0.405816038166061,0.887110867553305
0.37718253968254,0.222253851425741,0.179145433699608,0.405621998006101,0.887276047082894
0.377281746031746,0.222232630051935,0.179162874160263,0.40542805059209,0.88744119597296
0.377380952380952,0.222211410173749,0.179180298993937,0.40523419587853,0.887606314231189
0.377480158730159,0.222190191799702,0.179197708205465,0.405040433819946,0.88777140186526
0.377579365079365,0.222168974938321,0.179215101799676,0.40484676437088,0.887936458882844
0.377678571428571,0.222147759598144,0.179232479781391,0.404653187485897,0.888101485291604
0.377777777777778,0.222126545787713,0.179249842155425,0.404459703119579,0.888266481099196
0.377876984126984,0.222105333515581,0.179267188926586,0.404266311226531,0.888431446313266
0.37797619047619,0.222084122790308,0.179284520099674,0.404073011761376,0.888596380941454
0.378075396825397,0.222062913620461,0.179301835679484,0.403879804678758,0.888761284991391
0.378174603174603,0.222041706014618,0.179319135670803,0.403686689933339,0.888926158470702
0.37827380952381,0.222020499981363,0.17933642007841,0.403493667479804,0.889091001387
0.378373015873016,0.221999295529288,0.179353688907079,0.403300737272857,0.889255813747895
0.378472222222222,0.221978092666994,0.179370942161577,0.40310789926722,0.889420595560986
0.378571428571429,0.22195689140309,0.179388179846661,0.402915153417638,0.889585346833865
0.378670634920635,0.221935691746192,0.179405401967085,0.402722499678873,0.889750067574116
0.378769841269841,0.221914493704926,0.179422608527595,0.402529938005711,0.889914757789316
0.378869047619048,0.221893297287924,0.179439799532928,0.402337468352953,0.890079417487032
0.378968253968254,0.221872102503828,0.179456974987816,0.402145090675424,0.890244046674825
0.37906746031746,0.221850909361287,0.179474134896984,0.401952804927967,0.890408645360248
0.379166666666667,0.221829717868958,0.17949127926515,0.401760611065446,0.890573213550845
0.379265873015873,0.221808528035507,0.179508408097025,0.401568509042744,0.890737751254153
0.379365079365079,0.221787339869607,0.179525521397312,0.401376498814765,0.890902258477701
0.379464285714286,0.22176615337994,0.179542619170708,0.401184580336433,0.891066735229009
0.379563492063492,0.221744968575197,0.179559701421904,0.400992753562691,0.891231181515591
0.379662698412698,0.221723785464074,0.179576768155583,0.400801018448502,0.891395597344952
0.379761904761905,0.221702604055277,0.17959381937642,0.400609374948851,0.891559982724589
0.379861111111111,0.221681424357522,0.179610855089086,0.400417823018741,0.891724337661991
0.379960317460317,0.221660246379529,0.179627875298242,0.400226362613195,0.89188866216464
0.380059523809524,0.22163907013003,0.179644880008544,0.400034993687257,0.89205295624001
0.38015873015873,0.221617895617763,0.179661869224641,0.39984371619599,0.892217219895565
0.380257936507936,0.221596722851474,0.179678842951173,0.399652530094479,0.892381453138765
0.380357142857143,0.221575551839918,0.179695801192776,0.399461435337826,0.892545655977058
0.380456349206349,0.221554382591858,0.179712743954078,0.399270431881156,0.892709828417887
0.380555555555556,0.221533215116064,0.179729671239698,0.399079519679612,0.892873970468686
0.380654761904762,0.221512049421315,0.179746583054252,0.398888698688357,0.893038082136881
0.380753968253968,0.221490885516399,0.179763479402346,0.398697968862574,0.893202163429891
0.380853174603175,0.22146972341011,0.17978036028858,0.398507330157469,0.893366214355125
0.380952380952381,0.221448563111253,0.179797225717547,0.398316782528264,0.893530234919987
0.381051587301587,0.221427404628637,0.179814075693833,0.398126325930202,0.89369422513187
0.381150793650794,0.221406247971083,0.179830910222018,0.397935960318548,0.893858184998162
0.38125,0.221385093147419,0.179847729306674,0.397745685648585,0.894022114526241
0.381349206349206,0.221363940166479,0.179864532952367,0.397555501875616,0.894186013723479
0.381448412698413,0.221342789037108,0.179881321163654,0.397365408954965,0.894349882597239
0.381547619047619,0.221321639768157,0.179898093945088,0.397175406841976,0.894513721154875
0.381646825396825,0.221300492368487,0.179914851301213,0.396985495492013,0.894677529403735
0.381746031746032,0.221279346846966,0.179931593236566,0.396795674860458,0.894841307351158
0.381845238095238,0.221258203212469,0.179948319755679,0.396605944902716,0.895005055004476
0.381944444444444,0.221237061473881,0.179965030863076,0.396416305574209,0.895168772371013
0.382043650793651,0.221215921640095,0.179981726563273,0.396226756830383,0.895332459458083
0.382142857142857,0.221194783720011,0.17999840686078,0.396037298626699,0.895496116272995
0.382242063492064,0.221173647722537,0.180015071760101,0.395847930918642,0.895659742823049
0.38234126984127,0.221152513656591,0.180031721265731,0.395658653661716,0.895823339115536
0.382440476190476,0.221131381531097,0.18004835538216,0.395469466811444,0.895986905157742
0.382539682539683,0.221110251354988,0.180064974113871,0.395280370323369,0.896150440956941
0.382638888888889,0.221089123137204,0.180081577465338,0.395091364153055,0.896313946520403
0.382738095238095,0.221067996886696,0.18009816544103,0.394902448256086,0.896477421855387
0.382837301587302,0.221046872612421,0.180114738045409,0.394713622588066,0.896640866969147
0.382936507936508,0.221025750323343,0.180131295282928,0.394524887104617,0.896804281868926
0.383035714285714,0.221004630028436,0.180147837158037,0.394336241761384,0.896967666561963
0.383134920634921,0.220983511736682,0.180164363675175,0.39414768651403,0.897131021055484
0.383234126984127,0.220962395457071,0.180180874838777,0.393959221318239,0.897294345356713
0.383333333333333,0.220941281198599,0.180197370653269,0.393770846129714,0.897457639472861
0.38343253968254,0.220920168970274,0.180213851123072,0.393582560904179,0.897620903411133
0.383531746031746,0.220899058781108,0.180230316252598,0.393394365597377,0.897784137178728
0.383630952380952,0.220877950640125,0.180246766046254,0.393206260165072,0.897947340782834
0.383730158730159,0.220856844556354,0.180263200508438,0.393018244563049,0.898110514230632
0.383829365079365,0.220835740538833,0.180279619643544,0.392830318747109,0.898273657529298
0.383928571428571,0.220814638596609,0.180296023455956,0.392642482673078,0.898436770685995
0.384027777777778,0.220793538738736,0.180312411950053,0.392454736296798,0.898599853707882
0.384126984126984,0.220772440974278,0.180328785130206,0.392267079574133,0.898762906602109
0.38422619047619,0.220751345312303,0.180345143000781,0.392079512460966,0.898925929375819
0.384325396825397,0.220730251761893,0.180361485566134,0.391892034913202,0.899088922036144
0.384424603174603,0.220709160332133,0.180377812830617,0.391704646886764,0.899251884590211
0.384523809523809,0.220688071032118,0.180394124798572,0.391517348337595,0.899414817045139
0.384623015873016,0.220666983870951,0.180410421474339,0.39133013922166,0.899577719408038
0.384722222222222,0.220645898857744,0.180426702862245,0.391143019494941,0.89974059168601
0.384821428571429,0.220624816001616,0.180442968966614,0.390955989113442,0.899903433886151
0.384920634920635,0.220603735311695,0.180459219791763,0.390769048033187,0.900066246015546
0.385019841269841,0.220582656797115,0.180475455342,0.39058219621022,0.900229028081276
0.385119047619048,0.220561580467021,0.180491675621628,0.390395433600604,0.90039178009041
0.385218253968254,0.220540506330564,0.180507880634942,0.390208760160423,0.900554502050012
0.38531746031746,0.220519434396905,0.18052407038623,0.39002217584578,0.900717193967137
0.385416666666667,0.22049836467521,0.180540244879775,0.389835680612799,0.900879855848832
0.385515873015873,0.220477297174657,0.18055640411985,0.389649274417623,0.901042487702138
0.385615079365079,0.220456231904429,0.180572548110723,0.389462957216417,0.901205089534084
0.385714285714286,0.220435168873718,0.180588676856656,0.389276728965363,0.901367661351695
0.385813492063492,0.220414108091726,0.180604790361901,0.389090589620666,0.901530203161987
0.385912698412698,0.22039304956766,0.180620888630706,0.388904539138548,0.901692714971967
0.386011904761905,0.220371993310737,0.18063697166731,0.388718577475255,0.901855196788636
0.386111111111111,0.220350939330181,0.180653039475947,0.388532704587048,0.902017648618984
0.386210317460317,0.220329887635226,0.180669092060843,0.388346920430213,0.902180070469998
0.386309523809524,0.220308838235112,0.180685129426216,0.388161224961051,0.902342462348652
0.38640873015873,0.220287791139088,0.18070115157628,0.387975618135888,0.902504824261915
0.386507936507937,0.220266746356412,0.180717158515239,0.387790099911066,0.902667156216747
0.386607142857143,0.220245703896349,0.180733150247292,0.38760467024295,0.902829458220102
0.386706349206349,0.220224663768171,0.18074912677663,0.387419329087922,0.902991730278923
0.386805555555556,0.220203625981161,0.180765088107438,0.387234076402387,0.903153972400148
0.386904761904762,0.220182590544607,0.180781034243894,0.387048912142768,0.903316184590705
0.387003968253968,0.220161557467808,0.180796965190168,0.386863836265509,0.903478366857516
0.387103174603175,0.220140526760069,0.180812880950424,0.386678848727073,0.903640519207493
0.387202380952381,0.220119498430704,0.180828781528819,0.386493949483944,0.903802641647541
0.387301587301587,0.220098472489035,0.180844666929502,0.386309138492626,0.903964734184559
0.387400793650794,0.220077448944392,0.180860537156617,0.386124415709642,0.904126796825435
0.3875,0.220056427806113,0.180876392214301,0.385939781091536,0.904288829577051
0.387599206349206,0.220035409083545,0.180892232106681,0.385755234594871,0.90445083244628
0.387698412698413,0.220014392786041,0.18090805683788,0.385570776176231,0.904612805439989
0.387797619047619,0.219993378922964,0.180923866412014,0.385386405792219,0.904774748565034
0.387896825396825,0.219972367503685,0.180939660833191,0.385202123399461,0.904936661828267
0.387996031746032,0.219951358537582,0.180955440105512,0.385017928954598,0.905098545236528
0.388095238095238,0.219930352034042,0.180971204233072,0.384833822414294,0.905260398796653
0.388194444444444,0.21990934800246,0.180986953219958,0.384649803735234,0.905422222515467
0.388293650793651,0.21988834645224,0.181002687070252,0.38446587287412,0.90558401639979
0.388392857142857,0.219867347392791,0.181018405788026,0.384282029787678,0.90574578045643
0.388492063492063,0.219846350833533,0.181034109377349,0.384098274432648,0.905907514692191
0.38859126984127,0.219825356783894,0.181049797842279,0.383914606765797,0.906069219113868
0.388690476190476,0.219804365253309,0.181065471186869,0.383731026743907,0.906230893728247
0.388789682539682,0.219783376251221,0.181081129415166,0.383547534323782,0.906392538542107
0.388888888888889,0.219762389787083,0.18109677253121,0.383364129462245,0.906554153562219
0.388988095238095,0.219741405870353,0.181112400539031,0.38318081211614,0.906715738795347
0.389087301587302,0.219720424510499,0.181128013442655,0.382997582242332,0.906877294248245
0.389186507936508,0.219699445716998,0.181143611246101,0.382814439797702,0.907038819927661
0.389285714285714,0.219678469499333,0.181159193953381,0.382631384739156,0.907200315840334
0.389384920634921,0.219657495866997,0.181174761568498,0.382448417023616,0.907361781992996
0.389484126984127,0.21963652482949,0.18119031409545,0.382265536608027,0.907523218392371
0.389583333333333,0.21961555639632,0.181205851538227,0.382082743449351,0.907684625045173
0.38968253968254,0.219594590577003,0.181221373900815,0.381900037504574,0.907846001958112
0.389781746031746,0.219573627381064,0.181236881187189,0.381717418730697,0.908007349137886
0.389880952380952,0.219552666818037,0.181252373401319,0.381534887084745,0.908168666591189
0.389980158730159,0.21953170889746,0.181267850547168,0.381352442523762,0.908329954324703
0.390079365079365,0.219510753628884,0.181283312628693,0.381170085004811,0.908491212345106
0.390178571428571,0.219489801021866,0.181298759649842,0.380987814484975,0.908652440659066
0.390277777777778,0.219468851085969,0.181314191614558,0.380805630921359,0.908813639273244
0.390376984126984,0.219447903830768,0.181329608526775,0.380623534271086,0.90897480819429
0.39047619047619,0.219426959265844,0.181345010390423,0.380441524491299,0.909135947428852
0.390575396825397,0.219406017400786,0.181360397209422,0.380259601539163,0.909297056983565
0.390674603174603,0.219385078245192,0.181375768987687,0.380077765371861,0.909458136865058
0.39077380952381,0.219364141808667,0.181391125729126,0.379896015946596,0.909619187079953
0.390873015873016,0.219343208100825,0.181406467437639,0.379714353220592,0.909780207634862
0.390972222222222,0.219322277131288,0.18142179411712,0.379532777151094,0.909941198536391
0.391071428571429,0.219301348909685,0.181437105771455,0.379351287695363,0.910102159791136
0.391170634920635,0.219280423445655,0.181452402404526,0.379169884810685,0.910263091405688
0.391269841269841,0.219259500748844,0.181467684020204,0.378988568454362,0.910423993386628
0.391369047619048,0.219238580828905,0.181482950622355,0.378807338583719,0.910584865740529
0.391468253968254,0.219217663695502,0.181498202214839,0.378626195156099,0.910745708473958
0.39156746031746,0.219196749358304,0.181513438801508,0.378445138128866,0.910906521593472
0.391666666666667,0.219175837826991,0.181528660386207,0.378264167459403,0.911067305105621
0.391765873015873,0.219154929111249,0.181543866972774,0.378083283105114,0.911228059016947
0.391865079365079,0.219134023220772,0.181559058565042,0.377902485023422,0.911388783333985
0.391964285714286,0.219113120165263,0.181574235166833,0.377721773171772,0.911549478063261
0.392063492063492,0.219092219954434,0.181589396781966,0.377541147507627,0.911710143211292
0.392162698412698,0.219071322598003,0.181604543414251,0.37736060798847,0.91187077878459
0.392261904761905,0.219050428105697,0.181619675067493,0.377180154571805,0.912031384789657
0.392361111111111,0.219029536487253,0.181634791745487,0.376999787215156,0.912191961232989
0.392460317460318,0.219008647752412,0.181649893452024,0.376819505876067,0.91235250812107
0.392559523809524,0.218987761910927,0.181664980190887,0.3766393105121,0.912513025460382
0.39265873015873,0.218966878972557,0.181680051965851,0.376459201080841,0.912673513257394
0.392757936507937,0.218945998947071,0.181695108780686,0.376279177539892,0.912833971518569
0.392857142857143,0.218925121844242,0.181710150639153,0.376099239846877,0.912994400250364
0.392956349206349,0.218904247673856,0.181725177545009,0.37591938795944,0.913154799459225
0.393055555555556,0.218883376445705,0.181740189502001,0.375739621835244,0.913315169151592
0.393154761904762,0.218862508169588,0.18175518651387,0.375559941431973,0.913475509333897
0.393253968253968,0.218841642855314,0.181770168584352,0.37538034670733,0.913635820012562
0.393353174603175,0.218820780512699,0.181785135717173,0.375200837619041,0.913796101194004
0.393452380952381,0.218799921151568,0.181800087916054,0.375021414124846,0.913956352884631
0.393551587301587,0.218779064781752,0.18181502518471,0.374842076182512,0.914116575090842
0.393650793650794,0.218758211413093,0.181829947526845,0.374662823749821,0.91427676781903
0.39375,0.218737361055439,0.181844854946162,0.374483656784577,0.914436931075579
0.393849206349206,0.218716513718648,0.181859747446352,0.374304575244603,0.914597064866866
0.393948412698413,0.218695669412583,0.181874625031101,0.374125579087744,0.914757169199258
0.394047619047619,0.218674828147119,0.181889487704088,0.373946668271863,0.914917244079115
0.394146825396825,0.218653989932136,0.181904335468986,0.373767842754843,0.915077289512792
0.394246031746032,0.218633154777523,0.181919168329459,0.373589102494589,0.915237305506632
0.394345238095238,0.218612322693178,0.181933986289167,0.373410447449023,0.915397292066972
0.394444444444444,0.218591493689006,0.181948789351759,0.37323187757609,0.915557249200142
0.394543650793651,0.218570667774921,0.181963577520882,0.373053392833752,0.915717176912462
0.394642857142857,0.218549844960844,0.181978350800171,0.372874993179995,0.915877075210245
0.394742063492063,0.218529025256706,0.181993109193259,0.372696678572822,0.916036944099797
0.39484126984127,0.218508208672443,0.182007852703768,0.372518448970255,0.916196783587415
0.394940476190476,0.218487395218003,0.182022581335314,0.37234030433034,0.916356593679388
0.395039682539683,0.218466584903338,0.182037295091509,0.372162244611139,0.916516374381998
0.395138888888889,0.218445777738412,0.182051993975955,0.371984269770736,0.916676125701519
0.395238095238095,0.218424973406606,0.182066678125318,0.37180637975373,0.916835847778648
0.395337301587302,0.218404171215745,0.18208134782889,0.371628574491329,0.916995540908179
0.395436507936508,0.218383371142141,0.182096003103251,0.371450853944208,0.917155205109323
0.395535714285714,0.218362573185052,0.182110643955622,0.371273218074034,0.917314840391841
0.395634920634921,0.218341777343734,0.182125270393223,0.371095666842486,0.917474446765486
0.395734126984127,0.218320983617451,0.182139882423267,0.370918200211254,0.917634024240009
0.395833333333333,0.218300192005467,0.182154480052967,0.370740818142041,0.917793572825157
0.39593253968254,0.218279402507049,0.182169063289531,0.370563520596564,0.917953092530671
0.396031746031746,0.218258615121469,0.182183632140163,0.370386307536549,0.918112583366291
0.396130952380952,0.218237829848002,0.182198186612066,0.370209178923736,0.918272045341749
0.396230158730159,0.218217046685924,0.182212726712435,0.370032134719878,0.918431478466777
0.396329365079365,0.218196265634516,0.182227252448467,0.369855174886738,0.9185908827511
0.396428571428571,0.218175486693061,0.182241763827351,0.369678299386093,0.918750258204439
0.396527777777778,0.218154709860847,0.182256260856274,0.369501508179732,0.918909604836513
0.396626984126984,0.218133935137163,0.18227074354242,0.369324801229456,0.919068922657035
0.396726190476191,0.218113162521302,0.18228521189297,0.369148178497078,0.919228211675715
0.396825396825397,0.21809239201256,0.182299665915101,0.368971639944424,0.919387471902258
0.396924603174603,0.218071623610236,0.182314105615984,0.36879518553333,0.919546703346365
0.39702380952381,0.218050857313633,0.182328531002791,0.368618815225648,0.919705906017734
0.397123015873016,0.218030093122056,0.182342942082687,0.368442528983238,0.919865079926056
0.397222222222222,0.218009331034813,0.182357338862835,0.368266326767976,0.920024225081023
0.397321428571429,0.217988571051217,0.182371721350394,0.368090208541748,0.920183341492317
0.397420634920635,0.217967813170581,0.18238608955252,0.367914174266452,0.920342429169621
0.397519841269841,0.217947057392224,0.182400443476365,0.367738223904001,0.92050148812261
0.397619047619048,0.217926303715468,0.182414783129078,0.367562357416316,0.920660518360957
0.397718253968254,0.217905552139635,0.182429108517805,0.367386574765333,0.920819519894331
0.39781746031746,0.217884802664053,0.182443419649686,0.367210875913001,0.920978492732395
0.397916666666667,0.217864055288052,0.182457716531861,0.367035260821279,0.921137436884811
0.398015873015873,0.217843310010967,0.182471999171464,0.366859729452139,0.921296352361234
0.398115079365079,0.217822566832134,0.182486267575625,0.366684281767566,0.921455239171316
0.398214285714286,0.217801825750891,0.182500521751474,0.366508917729556,0.921614097324705
0.398313492063492,0.217781086766583,0.182514761706134,0.366333637300119,0.921772926831044
0.398412698412698,0.217760349878555,0.182528987446726,0.366158440441274,0.921931727699975
0.398511904761905,0.217739615086156,0.182543198980367,0.365983327115056,0.922090499941131
0.398611111111111,0.217718882388739,0.182557396314172,0.36580829728351,0.922249243564145
0.398710317460317,0.217698151785658,0.182571579455249,0.365633350908693,0.922407958578643
0.398809523809524,0.217677423276273,0.182585748410707,0.365458487952677,0.92256664499425
0.39890873015873,0.217656696859944,0.182599903187649,0.365283708377542,0.922725302820584
0.399007936507936,0.217635972536036,0.182614043793173,0.365109012145384,0.92288393206726
0.399107142857143,0.217615250303918,0.182628170234377,0.364934399218309,0.923042532743889
0.399206349206349,0.21759453016296,0.182642282518354,0.364759869558436,0.923201104860078
0.399305555555556,0.217573812112535,0.182656380652192,0.364585423127896,0.92335964842543
0.399404761904762,0.217553096152022,0.182670464642977,0.364411059888833,0.923518163449544
0.399503968253968,0.217532382280801,0.182684534497792,0.364236779803401,0.923676649942013
0.399603174603175,0.217511670498254,0.182698590223716,0.36406258283377,0.923835107912428
0.399702380952381,0.217490960803768,0.182712631827824,0.363888468942119,0.923993537370376
0.399801587301587,0.217470253196734,0.182726659317187,0.363714438090639,0.924151938325439
0.399900793650794,0.217449547676543,0.182740672698875,0.363540490241537,0.924310310787194
0.4,0.217428844242592,0.182754671979952,0.363366625357028,0.924468654765216
0.400099206349206,0.217408142894279,0.182768657167478,0.363192843399341,0.924626970269075
0.400198412698413,0.217387443631007,0.182782628268513,0.363019144330718,0.924785257308336
0.400297619047619,0.21736674645218,0.182796585290111,0.362845528113413,0.924943515892561
0.400396825396825,0.217346051357208,0.182810528239321,0.362671994709689,0.925101746031308
0.400496031746032,0.217325358345501,0.182824457123193,0.362498544081827,0.925259947734129
0.400595238095238,0.217304667416475,0.182838371948769,0.362325176192115,0.925418121010575
0.400694444444444,0.217283978569546,0.182852272723089,0.362151891002856,0.925576265870191
0.400793650793651,0.217263291804136,0.182866159453192,0.361978688476364,0.925734382322517
0.400892857142857,0.217242607119669,0.182880032146109,0.361805568574967,0.925892470377091
0.400992063492063,0.217221924515571,0.182893890808872,0.361632531261004,0.926050530043445
0.40109126984127,0.217201243991272,0.182907735448506,0.361459576496825,0.926208561331109
0.401190476190476,0.217180565546207,0.182921566072035,0.361286704244794,0.926366564249607
0.401289682539683,0.217159889179811,0.182935382686477,0.361113914467286,0.926524538808459
0.401388888888889,0.217139214891525,0.182949185298848,0.360941207126691,0.926682485017183
0.401488095238095,0.217118542680789,0.182962973916162,0.360768582185408,0.92684040288529
0.401587301587302,0.217097872547051,0.182976748545426,0.360596039605848,0.926998292422289
0.401686507936508,0.217077204489759,0.182990509193647,0.360423579350438,0.927156153637684
0.401785714285714,0.217056538508366,0.183004255867826,0.360251201381614,0.927313986540974
0.401884920634921,0.217035874602325,0.183017988574962,0.360078905661824,0.927471791141657
0.401984126984127,0.217015212771096,0.183031707322049,0.35990669215353,0.927629567449224
0.402083333333333,0.21699455301414,0.183045412116079,0.359734560819207,0.927787315473162
0.40218253968254,0.216973895330922,0.18305910296404,0.359562511621338,0.927945035222955
0.402281746031746,0.216953239720908,0.183072779872916,0.359390544522423,0.928102726708083
0.402380952380952,0.216932586183569,0.183086442849689,0.359218659484972,0.928260389938021
0.402480158730159,0.21691193471838,0.183100091901335,0.359046856471507,0.928418024922241
0.402579365079365,0.216891285324818,0.183113727034828,0.358875135444562,0.928575631670209
0.402678571428571,0.216870638002362,0.18312734825714,0.358703496366686,0.928733210191389
0.402777777777778,0.216849992750495,0.183140955575237,0.358531939200436,0.928890760495239
0.402876984126984,0.216829349568704,0.183154548996083,0.358360463908384,0.929048282591215
0.40297619047619,0.216808708456479,0.183168128526636,0.358189070453114,0.929205776488768
0.403075396825397,0.216788069413311,0.183181694173855,0.358017758797222,0.929363242197343
0.403174603174603,0.216767432438697,0.183195245944692,0.357846528903315,0.929520679726384
0.40327380952381,0.216746797532135,0.183208783846096,0.357675380734014,0.929678089085329
0.403373015873016,0.216726164693127,0.183222307885013,0.357504314251952,0.929835470283613
0.403472222222222,0.216705533921178,0.183235818068386,0.357333329419773,0.929992823330665
0.403571428571429,0.216684905215796,0.183249314403154,0.357162426200134,0.930150148235912
0.403670634920635,0.216664278576493,0.183262796896252,0.356991604555704,0.930307445008776
0.403769841269841,0.216643654002783,0.183276265554612,0.356820864449165,0.930464713658674
0.403869047619048,0.216623031494182,0.183289720385163,0.356650205843211,0.930621954195022
0.403968253968254,0.216602411050213,0.18330316139483,0.356479628700547,0.930779166627227
0.40406746031746,0.216581792670399,0.183316588590535,0.356309132983891,0.930936350964697
0.404166666666667,0.216561176354266,0.183330001979194,0.356138718655974,0.931093507216831
0.404265873015873,0.216540562101344,0.183343401567723,0.355968385679538,0.931250635393029
0.404365079365079,0.216519949911167,0.183356787363033,0.355798134017338,0.931407735502683
0.404464285714286,0.21649933978327,0.183370159372032,0.355627963632141,0.931564807555182
0.404563492063492,0.216478731717193,0.183383517601623,0.355457874486727,0.931721851559911
0.404662698412698,0.216458125712479,0.183396862058706,0.355287866543887,0.931878867526252
0.404761904761905,0.216437521768673,0.18341019275018,0.355117939766424,0.932035855463581
0.404861111111111,0.216416919885323,0.183423509682937,0.354948094117155,0.932192815381271
0.404960317460317,0.216396320061982,0.183436812863867,0.354778329558907,0.93234974728869
0.405059523809524,0.216375722298204,0.183450102299858,0.354608646054521,0.932506651195204
0.40515873015873,0.216355126593547,0.183463377997792,0.35443904356685,0.932663527110172
0.405257936507936,0.216334532947573,0.183476639964548,0.354269522058758,0.932820375042952
0.405357142857143,0.216313941359845,0.183489888207003,0.354100081493124,0.932977195002894
0.405456349206349,0.216293351829932,0.183503122732029,0.353930721832834,0.933133986999347
0.405555555555556,0.216272764357403,0.183516343546496,0.353761443040793,0.933290751041656
0.405654761904762,0.216252178941832,0.183529550657268,0.353592245079912,0.933447487139161
0.405753968253968,0.216231595582797,0.183542744071209,0.353423127913119,0.933604195301196
0.405853174603175,0.216211014279876,0.183555923795176,0.353254091503351,0.933760875537094
0.405952380952381,0.216190435032652,0.183569089836025,0.353085135813559,0.933917527856182
0.406051587301587,0.216169857840713,0.183582242200607,0.352916260806706,0.934074152267783
0.406150793650794,0.216149282703647,0.18359538089577,0.352747466445766,0.934230748781218
0.40625,0.216128709621046,0.183608505928359,0.352578752693727,0.934387317405802
0.406349206349206,0.216108138592505,0.183621617305215,0.352410119513588,0.934543858150845
0.406448412698413,0.216087569617625,0.183634715033176,0.35224156686836,0.934700371025654
0.406547619047619,0.216067002696005,0.183647799119075,0.352073094721068,0.934856856039533
0.406646825396825,0.216046437827251,0.183660869569744,0.351904703034747,0.935013313201781
0.406746031746032,0.216025875010971,0.183673926392009,0.351736391772445,0.935169742521692
0.406845238095238,0.216005314246775,0.183686969592695,0.351568160897224,0.935326144008556
0.406944444444444,0.215984755534279,0.18369999917862,0.351400010372156,0.935482517671661
0.407043650793651,0.215964198873099,0.183713015156603,0.351231940160326,0.935638863520289
0.407142857142857,0.215943644262855,0.183726017533455,0.351063950224831,0.935795181563718
0.407242063492064,0.215923091703172,0.183739006315987,0.350896040528781,0.935951471811221
0.40734126984127,0.215902541193675,0.183751981511004,0.350728211035297,0.936107734272071
0.407440476190476,0.215881992733995,0.18376494312531,0.350560461707513,0.936263968955531
0.407539682539683,0.215861446323765,0.183777891165704,0.350392792508575,0.936420175870865
0.407638888888889,0.215840901962619,0.18379082563898,0.350225203401641,0.93657635502733
0.407738095238095,0.215820359650198,0.183803746551932,0.350057694349883,0.936732506434179
0.407837301587302,0.215799819386144,0.183816653911348,0.349890265316483,0.936888630100663
0.407936507936508,0.215779281170102,0.183829547724013,0.349722916264635,0.937044726036027
0.408035714285714,0.21575874500172,0.183842427996709,0.349555647157548,0.937200794249511
0.408134920634921,0.215738210880651,0.183855294736214,0.34938845795844,0.937356834750354
0.408234126984127,0.215717678806548,0.183868147949303,0.349221348630544,0.937512847547789
0.408333333333333,0.21569714877907,0.183880987642746,0.349054319137103,0.937668832651044
0.40843253968254,0.215676620797877,0.183893813823312,0.348887369441374,0.937824790069344
0.408531746031746,0.215656094862634,0.183906626497764,0.348720499506624,0.93798071981191
0.408630952380952,0.215635570973008,0.183919425672864,0.348553709296135,0.93813662188796
0.408730158730159,0.215615049128669,0.183932211355369,0.348386998773199,0.938292496306705
0.408829365079365,0.21559452932929,0.183944983552032,0.348220367901122,0.938448343077354
0.408928571428571,0.215574011574548,0.183957742269603,0.348053816643221,0.938604162209112
0.409027777777778,0.215553495864123,0.18397048751483,0.347887344962824,0.938759953711179
0.409126984126984,0.215532982197697,0.183983219294455,0.347720952823275,0.93891571759275
0.40922619047619,0.215512470574956,0.183995937615218,0.347554640187927,0.939071453863019
0.409325396825397,0.21549196099559,0.184008642483856,0.347388407020146,0.939227162531172
0.409424603174603,0.21547145345929,0.184021333907101,0.347222253283311,0.939382843606395
0.40952380952381,0.215450947965752,0.184034011891682,0.347056178940813,0.939538497097866
0.409623015873016,0.215430444514674,0.184046676444325,0.346890183956053,0.939694123014761
0.409722222222222,0.215409943105757,0.184059327571752,0.346724268292448,0.939849721366252
0.409821428571429,0.215389443738706,0.184071965280683,0.346558431913425,0.940005292161507
0.409920634920635,0.215368946413229,0.184084589577831,0.346392674782424,0.940160835409688
0.410019841269841,0.215348451129037,0.18409720046991,0.346226996862895,0.940316351119955
0.410119047619048,0.215327957885843,0.184109797963627,0.346061398118304,0.940471839301463
0.410218253968254,0.215307466683365,0.184122382065687,0.345895878512127,0.940627299963363
0.41031746031746,0.215286977521323,0.184134952782792,0.345730438007851,0.940782733114801
0.410416666666667,0.215266490399439,0.184147510121638,0.345565076568979,0.940938138764922
0.410515873015873,0.215246005317442,0.184160054088921,0.345399794159022,0.941093516922863
0.410615079365079,0.215225522275059,0.184172584691331,0.345234590741507,0.941248867597759
0.410714285714286,0.215205041272025,0.184185101935555,0.345069466279969,0.94140419079874
0.410813492063492,0.215184562308073,0.184197605828278,0.34490442073796,0.941559486534933
0.410912698412698,0.215164085382945,0.184210096376179,0.344739454079041,0.94171475481546
0.411011904761905,0.21514361049638,0.184222573585935,0.344574566266786,0.94186999564944
0.411111111111111,0.215123137648125,0.18423503746422,0.344409757264782,0.942025209045986
0.411210317460317,0.215102666837929,0.184247488017703,0.344245027036626,0.942180395014208
0.411309523809524,0.215082198065541,0.184259925253051,0.34408037554593,0.942335553563213
0.41140873015873,0.215061731330717,0.184272349176926,0.343915802756318,0.942490684702101
0.411507936507936,0.215041266633214,0.184284759795988,0.343751308631423,0.94264578843997
0.411607142857143,0.215020803972794,0.184297157116893,0.343586893134893,0.942800864785916
0.411706349206349,0.215000343349219,0.184309541146292,0.343422556230389,0.942955913749025
0.411805555555556,0.214979884762258,0.184321911890835,0.343258297881583,0.943110935338384
0.411904761904762,0.214959428211679,0.184334269357168,0.343094118052157,0.943265929563074
0.412003968253968,0.214938973697256,0.184346613551931,0.34293001670581,0.943420896432172
0.412103174603175,0.214918521218766,0.184358944481763,0.342765993806249,0.943575835954751
0.412202380952381,0.214898070775988,0.1843712621533,0.342602049317195,0.94373074813988
0.412301587301587,0.214877622368704,0.184383566573172,0.342438183202382,0.943885632996624
0.412400793650794,0.214857175996701,0.184395857748007,0.342274395425554,0.944040490534043
0.4125,0.214836731659766,0.184408135684429,0.34211068595047,0.944195320761195
0.412599206349206,0.214816289357693,0.184420400389061,0.341947054740898,0.944350123687131
0.412698412698413,0.214795849090275,0.184432651868518,0.341783501760621,0.944504899320899
0.412797619047619,0.214775410857311,0.184444890129414,0.341620026973434,0.944659647671545
0.412896825396825,0.214754974658603,0.184457115178361,0.341456630343143,0.944814368748108
0.412996031746032,0.214734540493954,0.184469327021965,0.341293311833565,0.944969062559624
0.413095238095238,0.214714108363173,0.184481525666829,0.341130071408533,0.945123729115125
0.413194444444444,0.21469367826607,0.184493711119553,0.34096690903189,0.94527836842364
0.413293650793651,0.214673250202458,0.184505883386734,0.34080382466749,0.945432980494191
0.413392857142857,0.214652824172155,0.184518042474964,0.340640818279202,0.945587565335798
0.413492063492064,0.21463240017498,0.184530188390833,0.340477889830905,0.945742122957477
0.41359126984127,0.214611978210756,0.184542321140927,0.340315039286491,0.94589665336824
0.413690476190476,0.214591558279311,0.184554440731828,0.340152266609865,0.946051156577093
0.413789682539683,0.214571140380473,0.184566547170115,0.339989571764943,0.946205632593039
0.413888888888889,0.214550724514074,0.184578640462364,0.339826954715653,0.946360081425079
0.413988095238095,0.21453031067995,0.184590720615145,0.339664415425938,0.946514503082206
0.414087301587302,0.214509898877941,0.184602787635029,0.339501953859749,0.946668897573412
0.414186507936508,0.214489489107887,0.18461484152858,0.339339569981053,0.946823264907684
0.414285714285714,0.214469081369633,0.184626882302358,0.339177263753827,0.946977605094003
0.414384920634921,0.214448675663029,0.184638909962923,0.339015035142061,0.947131918141349
0.414484126984127,0.214428271987924,0.184650924516828,0.338852884109757,0.947286204058696
0.414583333333333,0.214407870344173,0.184662925970624,0.33869081062093,0.947440462855015
0.41468253968254,0.214387470731634,0.18467491433086,0.338528814639605,0.947594694539271
0.414781746031746,0.214367073150167,0.184686889604078,0.338366896129822,0.947748899120427
0.414880952380952,0.214346677599635,0.18469885179682,0.338205055055633,0.947903076607441
0.414980158730159,0.214326284079906,0.184710800915621,0.338043291381099,0.948057227009266
0.415079365079365,0.21430589259085,0.184722736967017,0.337881605070297,0.948211350334853
0.415178571428571,0.214285503132338,0.184734659957536,0.337719996087314,0.948365446593147
0.415277777777778,0.214265115704249,0.184746569893705,0.33755846439625,0.94851951579309
0.415376984126984,0.21424473030646,0.184758466782047,0.337397009961218,0.948673557943619
0.41547619047619,0.214224346938853,0.184770350629082,0.337235632746342,0.948827573053667
0.415575396825397,0.214203965601316,0.184782221441326,0.337074332715758,0.948981561132165
0.415674603174603,0.214183586293736,0.18479407922529,0.336913109833615,0.949135522188037
0.415773809523809,0.214163209016004,0.184805923987485,0.336751964064075,0.949289456230204
0.415873015873016,0.214142833768016,0.184817755734415,0.336590895371311,0.949443363267582
0.415972222222222,0.21412246054967,0.184829574472582,0.336429903719507,0.949597243309086
0.416071428571429,0.214102089360866,0.184841380208486,0.336268989072863,0.949751096363624
0.416170634920635,0.21408172020151,0.18485317294862,0.336108151395588,0.9499049224401
0.416269841269841,0.214061353071507,0.184864952699477,0.335947390651904,0.950058721547414
0.416369047619048,0.21404098797077,0.184876719467545,0.335786706806046,0.950212493694464
0.416468253968254,0.21402062489921,0.184888473259307,0.33562609982226,0.950366238890142
0.41656746031746,0.214000263856745,0.184900214081246,0.335465569664806,0.950519957143335
0.416666666666667,0.213979904843295,0.184911941939838,0.335305116297954,0.950673648462929
0.416765873015873,0.213959547858782,0.184923656841558,0.335144739685987,0.950827312857802
0.416865079365079,0.213939192903132,0.184935358792875,0.334984439793203,0.95098095033683
0.416964285714286,0.213918839976276,0.184947047800259,0.334824216583907,0.951134560908887
0.417063492063492,0.213898489078144,0.18495872387017,0.334664070022421,0.951288144582839
0.417162698412698,0.213878140208672,0.184970387009071,0.334504000073077,0.951441701367549
0.417261904761905,0.2138577933678,0.184982037223417,0.334344006700219,0.951595231271878
0.417361111111111,0.213837448555467,0.184993674519661,0.334184089868203,0.951748734304681
0.417460317460317,0.21381710577162,0.185005298904253,0.3340242495414,0.951902210474808
0.417559523809524,0.213796765016206,0.185016910383639,0.333864485684189,0.952055659791107
0.41765873015873,0.213776426289175,0.185028508964262,0.333704798260966,0.952209082262422
0.417757936507937,0.213756089590483,0.18504009465256,0.333545187236134,0.95236247789759
0.417857142857143,0.213735754920085,0.185051667454969,0.333385652574112,0.952515846705448
0.417956349206349,0.213715422277944,0.185063227377922,0.333226194239331,0.952669188694825
0.418055555555556,0.213695091664021,0.185074774427846,0.333066812196232,0.952822503874548
0.418154761904762,0.213674763078284,0.185086308611168,0.33290750640927,0.952975792253439
0.418253968253968,0.213654436520702,0.185097829934308,0.332748276842912,0.953129053840318
0.418353174603175,0.213634111991248,0.185109338403684,0.332589123461637,0.953282288643998
0.418452380952381,0.213613789489897,0.185120834025712,0.332430046229936,0.95343549667329
0.418551587301587,0.21359346901663,0.185132316806802,0.332271045112313,0.953588677937
0.418650793650794,0.213573150571428,0.185143786753362,0.332112120073283,0.953741832443929
0.41875,0.213552834154276,0.185155243871796,0.331953271077375,0.953894960202875
0.418849206349206,0.213532519765163,0.185166688168504,0.331794498089128,0.954048061222633
0.418948412698413,0.21351220740408,0.185178119649885,0.331635801073095,0.954201135511992
0.419047619047619,0.213491897071023,0.18518953832233,0.33147717999384,0.954354183079737
0.419146825396825,0.213471588765987,0.185200944192231,0.331318634815941,0.95450720393465
0.419246031746032,0.213451282488975,0.185212337265975,0.331160165503987,0.954660198085509
0.419345238095238,0.213430978239991,0.185223717549943,0.331001772022578,0.954813165541086
0.419444444444444,0.213410676019041,0.185235085050517,0.330843454336329,0.95496610631015
0.419543650793651,0.213390375826137,0.185246439774071,0.330685212409865,0.955119020401467
0.419642857142857,0.21337007766129,0.185257781726979,0.330527046207824,0.955271907823798
0.419742063492063,0.213349781524518,0.18526911091561,0.330368955694856,0.955424768585899
0.41984126984127,0.21332948741584,0.185280427346329,0.330210940835625,0.955577602696523
0.419940476190476,0.213309195335278,0.185291731025499,0.330053001594804,0.955730410164419
0.420039682539682,0.21328890528286,0.185303021959479,0.32989513793708,0.955883190998331
0.420138888888889,0.213268617258613,0.185314300154623,0.329737349827153,0.956035945206999
0.420238095238095,0.21324833126257,0.185325565617283,0.329579637229734,0.95618867279916
0.420337301587302,0.213228047294765,0.185336818353807,0.329422000109546,0.956341373783546
0.420436507936508,0.213207765355238,0.18534805837054,0.329264438431326,0.956494048168885
0.420535714285714,0.213187485444029,0.185359285673824,0.329106952159822,0.956646695963901
0.420634920634921,0.213167207561183,0.185370500269995,0.328949541259793,0.956799317177314
0.420734126984127,0.213146931706748,0.185381702165388,0.328792205696013,0.95695191181784
0.420833333333333,0.213126657880775,0.185392891366335,0.328634945433265,0.957104479894189
0.42093253968254,0.213106386083316,0.185404067879161,0.328477760436348,0.957257021415071
0.421031746031746,0.21308611631443,0.18541523171019,0.32832065067007,0.957409536389187
0.421130952380952,0.213065848574177,0.185426382865744,0.328163616099252,0.957562024825238
0.421230158730159,0.213045582862619,0.185437521352138,0.328006656688729,0.957714486731919
0.421329365079365,0.213025319179823,0.185448647175686,0.327849772403347,0.957866922117921
0.421428571428571,0.213005057525859,0.185459760342698,0.327692963207962,0.95801933099193
0.421527777777778,0.212984797900798,0.185470860859479,0.327536229067446,0.95817171336263
0.421626984126984,0.212964540304718,0.185481948732332,0.327379569946682,0.958324069238699
0.42172619047619,0.212944284737696,0.185493023967558,0.327222985810563,0.958476398628813
0.421825396825397,0.212924031199815,0.18550408657145,0.327066476623998,0.958628701541641
0.421924603174603,0.212903779691159,0.185515136550303,0.326910042351905,0.958780977985851
0.42202380952381,0.212883530211817,0.185526173910404,0.326753682959216,0.958933227970104
0.422123015873016,0.212863282761881,0.185537198658038,0.326597398410874,0.959085451503059
0.422222222222222,0.212843037341444,0.185548210799488,0.326441188671836,0.95923764859337
0.422321428571429,0.212822793950604,0.185559210341031,0.32628505370707,0.959389819249687
0.422420634920635,0.212802552589462,0.185570197288943,0.326128993481556,0.959541963480655
0.422519841269841,0.212782313258121,0.185581171649495,0.325973007960287,0.959694081294918
0.422619047619048,0.212762075956689,0.185592133428954,0.325817097108267,0.959846172701112
0.422718253968254,0.212741840685275,0.185603082633585,0.325661260890514,0.959998237707871
0.42281746031746,0.212721607443992,0.185614019269648,0.325505499272057,0.960150276323825
0.422916666666667,0.212701376232958,0.185624943343401,0.325349812217938,0.960302288557598
0.423015873015873,0.212681147052291,0.185635854861098,0.32519419969321,0.960454274417813
0.423115079365079,0.212660919902113,0.185646753828989,0.325038661662939,0.960606233913087
0.423214285714286,0.212640694782551,0.18565764025332,0.324883198092204,0.960758167052032
0.423313492063492,0.212620471693733,0.185668514140335,0.324727808946095,0.960910073843257
0.423412698412698,0.212600250635791,0.185679375496274,0.324572494189715,0.961061954295368
0.423511904761905,0.212580031608859,0.185690224327373,0.324417253788179,0.961213808416966
0.423611111111111,0.212559814613076,0.185701060639865,0.324262087706613,0.961365636216646
0.423710317460318,0.212539599648584,0.185711884439979,0.324106995910158,0.961517437703001
0.423809523809524,0.212519386715526,0.185722695733941,0.323951978363964,0.961669212884621
0.42390873015873,0.21249917581405,0.185733494527973,0.323797035033196,0.961820961770088
0.424007936507937,0.212478966944306,0.185744280828295,0.32364216588303,0.961972684367984
0.424107142857143,0.212458760106449,0.18575505464112,0.323487370878654,0.962124380686885
0.424206349206349,0.212438555300634,0.185765815972663,0.323332649985269,0.962276050735362
0.424305555555556,0.212418352527022,0.18577656482913,0.323178003168087,0.962427694521984
0.424404761904762,0.212398151785776,0.185787301216726,0.323023430392333,0.962579312055314
0.424503968253968,0.212377953077062,0.185798025141653,0.322868931623244,0.962730903343912
0.424603174603175,0.212357756401049,0.185808736610109,0.322714506826071,0.962882468396333
0.424702380952381,0.21233756175791,0.185819435628288,0.322560155966074,0.96303400722113
0.424801587301587,0.21231736914782,0.185830122202381,0.322405879008528,0.963185519826849
0.424900793650794,0.212297178570958,0.185840796338575,0.322251675918718,0.963337006222034
0.425,0.212276990027505,0.185851458043054,0.322097546661943,0.963488466415223
0.425099206349206,0.212256803517647,0.185862107321999,0.321943491203514,0.963639900414953
0.425198412698413,0.212236619041571,0.185872744181586,0.321789509508753,0.963791308229754
0.425297619047619,0.212216436599469,0.185883368627989,0.321635601542995,0.963942689868152
0.425396825396825,0.212196256191534,0.185893980667377,0.321481767271588,0.964094045338671
0.425496031746032,0.212176077817964,0.185904580305918,0.321328006659892,0.964245374649829
0.425595238095238,0.21215590147896,0.185915167549773,0.321174319673277,0.964396677810141
0.425694444444444,0.212135727174725,0.185925742405103,0.321020706277128,0.964547954828117
0.425793650793651,0.212115554905466,0.185936304878063,0.320867166436841,0.964699205712264
0.425892857142857,0.212095384671392,0.185946854974805,0.320713700117824,0.964850430471083
0.425992063492063,0.212075216472716,0.185957392701479,0.320560307285499,0.965001629113073
0.42609126984127,0.212055050309656,0.18596791806423,0.320406987905297,0.965152801646727
0.426190476190476,0.212034886182428,0.1859784310692,0.320253741942664,0.965303948080536
0.426289682539683,0.212014724091257,0.185988931722527,0.320100569363058,0.965455068422986
0.426388888888889,0.211994564036368,0.185999420030346,0.319947470131948,0.965606162682558
0.426488095238095,0.211974406017988,0.186009895998789,0.319794444214815,0.96575723086773
0.426587301587302,0.211954250036349,0.186020359633983,0.319641491577154,0.965908272986975
0.426686507936508,0.211934096091687,0.186030810942054,0.319488612184471,0.966059289048762
0.426785714285714,0.21191394418424,0.186041249929121,0.319335806002285,0.966210279061557
0.426884920634921,0.211893794314247,0.186051676601302,0.319183072996125,0.966361243033821
0.426984126984127,0.211873646481954,0.186062090964712,0.319030413131536,0.966512180974011
0.427083333333333,0.211853500687607,0.186072493025461,0.318877826374071,0.96666309289058
0.42718253968254,0.211833356931457,0.186082882789656,0.318725312689299,0.966813978791977
0.427281746031746,0.211813215213757,0.186093260263399,0.3185728720428,0.966964838686646
0.427380952380952,0.211793075534765,0.186103625452792,0.318420504400164,0.967115672583028
0.427480158730159,0.211772937894739,0.18611397836393,0.318268209726997,0.96726648048956
0.427579365079365,0.211752802293942,0.186124319002907,0.318115987988913,0.967417262414674
0.427678571428571,0.211732668732641,0.186134647375812,0.317963839151543,0.967568018366798
0.427777777777778,0.211712537211105,0.186144963488731,0.317811763180527,0.967718748354357
0.427876984126984,0.211692407729605,0.186155267347747,0.317659760041517,0.96786945238577
0.427976190476191,0.211672280288417,0.186165558958938,0.317507829700178,0.968020130469454
0.428075396825397,0.21165215488782,0.18617583832838,0.317355972122189,0.968170782613821
0.428174603174603,0.211632031528094,0.186186105462145,0.317204187273239,0.968321408827277
0.42827380952381,0.211611910209525,0.186196360366302,0.31705247511903,0.968472009118228
0.428373015873016,0.211591790932401,0.186206603046915,0.316900835625276,0.968622583495072
0.428472222222222,0.211571673697012,0.186216833510046,0.316749268757703,0.968773131966204
0.428571428571429,0.211551558503652,0.186227051761753,0.316597774482051,0.968923654540017
0.428670634920635,0.211531445352618,0.186237257808091,0.316446352764068,0.969074151224898
0.428769841269841,0.211511334244211,0.18624745165511,0.31629500356952,0.969224622029229
0.428869047619048,0.211491225178734,0.186257633308859,0.316143726864181,0.969375066961389
0.428968253968254,0.211471118156494,0.18626780277538,0.315992522613838,0.969525486029754
0.42906746031746,0.2114510131778,0.186277960060716,0.315841390784291,0.969675879242695
0.429166666666667,0.211430910242964,0.186288105170901,0.315690331341353,0.969826246608577
0.429265873015873,0.211410809352304,0.186298238111972,0.315539344250847,0.969976588135764
0.429365079365079,0.211390710506137,0.186308358889956,0.31538842947861,0.970126903832615
0.429464285714286,0.211370613704785,0.186318467510881,0.31523758699049,0.970277193707483
0.429563492063492,0.211350518948575,0.186328563980771,0.315086816752348,0.970427457768718
0.429662698412698,0.211330426237834,0.186338648305643,0.314936118730058,0.970577696024668
0.429761904761905,0.211310335572893,0.186348720491515,0.314785492889505,0.970727908483673
0.429861111111111,0.211290246954088,0.1863587805444,0.314634939196586,0.970878095154073
0.429960317460317,0.211270160381756,0.186368828470305,0.314484457617211,0.9710282560442
0.430059523809524,0.211250075856237,0.186378864275237,0.314334048117302,0.971178391162385
0.43015873015873,0.211229993377876,0.186388887965198,0.314183710662794,0.971328500516953
0.430257936507936,0.21120991294702,0.186398899546187,0.314033445219632,0.971478584116226
0.430357142857143,0.211189834564019,0.186408899024197,0.313883251753776,0.971628641968521
0.430456349206349,0.211169758229225,0.186418886405222,0.313733130231196,0.971778674082152
0.430555555555556,0.211149683942996,0.186428861695249,0.313583080617876,0.971928680465427
0.430654761904762,0.211129611705692,0.186438824900263,0.313433102879811,0.972078661126652
0.430753968253968,0.211109541517673,0.186448776026245,0.313283196983008,0.972228616074128
0.430853174603175,0.211089473379307,0.186458715079172,0.313133362893488,0.972378545316152
0.430952380952381,0.211069407290962,0.186468642065019,0.312983600577282,0.972528448861016
0.431051587301587,0.211049343253011,0.186478556989756,0.312833910000435,0.97267832671701
0.431150793650794,0.211029281265827,0.18648845985935,0.312684291129004,0.972828178892417
0.43125,0.21100922132979,0.186498350679765,0.312534743929056,0.972978005395518
0.431349206349206,0.210989163445281,0.186508229456961,0.312385268366674,0.97312780623459
0.431448412698413,0.210969107612684,0.186518096196895,0.312235864407949,0.973277581417905
0.431547619047619,0.210949053832387,0.18652795090552,0.312086532018989,0.973427330953731
0.431646825396825,0.21092900210478,0.186537793588785,0.31193727116591,0.973577054850333
0.431746031746032,0.210908952430258,0.186547624252637,0.311788081814842,0.973726753115969
0.431845238095238,0.210888904809217,0.186557442903019,0.311638963931928,0.973876425758895
0.431944444444444,0.210868859242058,0.186567249545868,0.311489917483321,0.974026072787365
0.432043650793651,0.210848815729183,0.186577044187122,0.311340942435189,0.974175694209624
0.432142857142857,0.210828774270998,0.186586826832712,0.31119203875371,0.974325290033918
0.432242063492063,0.210808734867914,0.186596597488567,0.311043206405075,0.974474860268484
0.43234126984127,0.210788697520342,0.186606356160612,0.310894445355488,0.974624404921559
0.432440476190476,0.210768662228699,0.186616102854768,0.310745755571164,0.974773924001374
0.432539682539683,0.210748628993403,0.186625837576955,0.31059713701833,0.974923417516155
0.432638888888889,0.210728597814876,0.186635560333086,0.310448589663227,0.975072885474126
0.432738095238095,0.210708568693543,0.186645271129073,0.310300113472107,0.975222327883505
0.432837301587302,0.210688541629831,0.186654969970823,0.310151708411234,0.975371744752508
0.432936507936508,0.210668516624173,0.186664656864242,0.310003374446885,0.975521136089344
0.433035714285714,0.210648493677003,0.186674331815228,0.309855111545349,0.975670501902221
0.433134920634921,0.210628472788758,0.18668399482968,0.309706919672927,0.975819842199341
0.433234126984127,0.210608453959879,0.186693645913491,0.309558798795932,0.975969156988903
0.433333333333333,0.210588437190809,0.186703285072552,0.30941074888069,0.9761184462791
0.43343253968254,0.210568422481995,0.186712912312749,0.309262769893538,0.976267710078123
0.433531746031746,0.210548409833887,0.186722527639966,0.309114861800827,0.976416948394157
0.433630952380952,0.210528399246939,0.186732131060081,0.308967024568919,0.976566161235385
0.433730158730159,0.210508390721606,0.186741722578972,0.308819258164188,0.976715348609985
0.433829365079365,0.210488384258348,0.186751302202511,0.308671562553021,0.976864510526129
0.433928571428571,0.210468379857626,0.186760869936568,0.308523937701817,0.977013646991989
0.434027777777778,0.210448377519908,0.186770425787007,0.308376383576987,0.977162758015728
0.434126984126984,0.210428377245661,0.186779969759692,0.308228900144955,0.97731184360551
0.43422619047619,0.210408379035357,0.186789501860481,0.308081487372156,0.97746090376949
0.434325396825397,0.210388382889471,0.186799022095229,0.307934145225037,0.977609938515822
0.434424603174603,0.210368388808481,0.186808530469788,0.30778687367006,0.977758947852656
0.43452380952381,0.210348396792868,0.186818026990006,0.307639672673696,0.977907931788135
0.434623015873016,0.210328406843117,0.186827511661729,0.30749254220243,0.978056890330402
0.434722222222222,0.210308418959714,0.186836984490797,0.307345482222758,0.978205823487592
0.434821428571429,0.210288433143151,0.186846445483048,0.30719849270119,0.978354731267839
0.434920634920635,0.21026844939392,0.186855894644316,0.307051573604247,0.97850361367927
0.435019841269841,0.210248467712519,0.186865331980433,0.306904724898462,0.978652470730011
0.435119047619048,0.210228488099448,0.186874757497225,0.306757946550381,0.978801302428181
0.435218253968254,0.210208510555208,0.186884171200516,0.306611238526562,0.978950108781898
0.43531746031746,0.210188535080308,0.186893573096127,0.306464600793574,0.979098889799272
0.435416666666667,0.210168561675254,0.186902963189874,0.306318033318001,0.979247645488412
0.435515873015873,0.210148590340561,0.186912341487571,0.306171536066437,0.979396375857423
0.435615079365079,0.210128621076744,0.186921707995027,0.306025109005489,0.979545080914403
0.435714285714286,0.21010865388432,0.186931062718049,0.305878752101775,0.979693760667448
0.435813492063492,0.210088688763812,0.18694040566244,0.305732465321928,0.97984241512465
0.435912698412698,0.210068725715744,0.186949736833998,0.30558624863259,0.979991044294096
0.436011904761905,0.210048764740645,0.18695905623852,0.305440102000417,0.980139648183871
0.436111111111111,0.210028805839045,0.186968363881798,0.305294025392078,0.980288226802052
0.436210317460317,0.210008849011478,0.186977659769621,0.305148018774252,0.980436780156715
0.436309523809524,0.209988894258482,0.186986943907774,0.305002082113632,0.980585308255932
0.43640873015873,0.209968941580598,0.186996216302039,0.304856215376922,0.980733811107769
0.436507936507936,0.209948990978368,0.187005476958195,0.30471041853084,0.980882288720289
0.436607142857143,0.209929042452339,0.187014725882015,0.304564691542114,0.98103074110155
0.436706349206349,0.209909096003061,0.187023963079272,0.304419034377486,0.981179168259608
0.436805555555556,0.209889151631088,0.187033188555734,0.304273447003709,0.981327570202513
0.436904761904762,0.209869209336974,0.187042402317164,0.30412792938755,0.981475946938312
0.437003968253968,0.209849269121279,0.187051604369324,0.303982481495785,0.981624298475045
0.437103174603175,0.209829330984565,0.187060794717971,0.303837103295206,0.981772624820753
0.437202380952381,0.209809394927397,0.187069973368859,0.303691794752615,0.981920925983468
0.437301587301587,0.209789460950345,0.187079140327737,0.303546555834827,0.982069201971221
0.437400793650794,0.209769529053979,0.187088295600354,0.303401386508668,0.982217452792038
0.4375,0.209749599238874,0.187097439192453,0.303256286740978,0.982365678453941
0.437599206349206,0.209729671505609,0.187106571109773,0.303111256498607,0.982513878964946
0.437698412698413,0.209709745854763,0.18711569135805,0.302966295748421,0.982662054333068
0.437797619047619,0.209689822286921,0.187124799943019,0.302821404457294,0.982810204566317
0.437896825396825,0.209669900802671,0.187133896870407,0.302676582592115,0.982958329672697
0.437996031746032,0.209649981402601,0.187142982145941,0.302531830119783,0.983106429660209
0.438095238095238,0.209630064087307,0.187152055775343,0.302387147007212,0.983254504536852
0.438194444444444,0.209610148857384,0.187161117764333,0.302242533221327,0.983402554310618
0.438293650793651,0.209590235713432,0.187170168118626,0.302097988729063,0.983550578989495
0.438392857142857,0.209570324656054,0.187179206843933,0.301953513497371,0.983698578581469
0.438492063492064,0.209550415685855,0.187188233945963,0.301809107493212,0.98384655309452
0.43859126984127,0.209530508803445,0.187197249430421,0.301664770683559,0.983994502536626
0.438690476190476,0.209510604009436,0.187206253303008,0.301520503035399,0.984142426915757
0.438789682539683,0.209490701304442,0.187215245569423,0.301376304515729,0.984290326239884
0.438888888888889,0.209470800689083,0.187224226235359,0.30123217509156,0.98443820051697
0.438988095238095,0.20945090216398,0.187233195306508,0.301088114729915,0.984586049754975
0.439087301587302,0.209431005729757,0.187242152788557,0.300944123397829,0.984733873961855
0.439186507936508,0.209411111387042,0.18725109868719,0.300800201062347,0.984881673145563
0.439285714285714,0.209391219136466,0.187260033008088,0.30065634769053,0.985029447314046
0.439384920634921,0.209371328978662,0.187268955756927,0.30051256324945,0.985177196475247
0.439484126984127,0.209351440914269,0.187277866939381,0.300368847706189,0.985324920637108
0.439583333333333,0.209331554943926,0.187286766561121,0.300225201027845,0.985472619807562
0.43968253968254,0.209311671068276,0.187295654627811,0.300081623181524,0.985620293994542
0.439781746031746,0.209291789287966,0.187304531145116,0.299938114134348,0.985767943205975
0.439880952380952,0.209271909603645,0.187313396118695,0.299794673853449,0.985915567449784
0.439980158730159,0.209252032015966,0.187322249554203,0.299651302305972,0.986063166733888
0.440079365079365,0.209232156525585,0.187331091457294,0.299507999459074,0.986210741066203
0.440178571428571,0.20921228313316,0.187339921833616,0.299364765279925,0.986358290454638
0.440277777777778,0.209192411839354,0.187348740688815,0.299221599735706,0.986505814907102
0.440376984126984,0.209172542644832,0.187357548028533,0.29907850279361,0.986653314431496
0.44047619047619,0.209152675550262,0.187366343858408,0.298935474420844,0.986800789035719
0.440575396825397,0.209132810556316,0.187375128184075,0.298792514584627,0.986948238727666
0.440674603174603,0.209112947663667,0.187383901011166,0.298649623252188,0.987095663515226
0.44077380952381,0.209093086872993,0.187392662345309,0.29850680039077,0.987243063406288
0.440873015873016,0.209073228184976,0.187401412192128,0.298364045967629,0.987390438408731
0.440972222222222,0.209053371600299,0.187410150557245,0.298221359950031,0.987537788530435
0.441071428571429,0.209033517119649,0.187418877446277,0.298078742305255,0.987685113779273
0.441170634920635,0.209013664743716,0.187427592864837,0.297936193000594,0.987832414163116
0.441269841269841,0.208993814473193,0.187436296818537,0.297793712003351,0.987979689689829
0.441369047619048,0.208973966308777,0.187444989312984,0.297651299280843,0.988126940367273
0.441468253968254,0.208954120251166,0.18745367035378,0.297508954800397,0.988274166203306
0.44156746031746,0.208934276301065,0.187462339946527,0.297366678529355,0.988421367205782
0.441666666666667,0.208914434459177,0.18747099809682,0.297224470435068,0.98856854338255
0.441765873015873,0.208894594726213,0.187479644810253,0.297082330484902,0.988715694741455
0.441865079365079,0.208874757102883,0.187488280092416,0.296940258646234,0.988862821290337
0.441964285714286,0.208854921589904,0.187496903948893,0.296798254886454,0.989009923037035
0.442063492063492,0.208835088187992,0.187505516385269,0.296656319172963,0.989156999989381
0.442162698412698,0.20881525689787,0.187514117407122,0.296514451473176,0.989304052155204
0.442261904761905,0.208795427720262,0.187522707020027,0.296372651754518,0.989451079542328
0.442361111111111,0.208775600655895,0.187531285229557,0.296230919984427,0.989598082158574
0.442460317460317,0.2087557757055,0.18753985204128,0.296089256130354,0.989745060011759
0.442559523809524,0.20873595286981,0.187548407460761,0.295947660159763,0.989892013109694
0.44265873015873,0.208716132149563,0.187556951493562,0.295806132040128,0.990038941460189
0.442757936507936,0.208696313545498,0.187565484145241,0.295664671738936,0.990185845071046
0.442857142857143,0.208676497058359,0.187574005421353,0.295523279223687,0.990332723950067
0.442956349206349,0.208656682688891,0.187582515327449,0.295381954461893,0.990479578105047
0.443055555555556,0.208636870437845,0.187591013869076,0.295240697421078,0.990626407543778
0.443154761904762,0.208617060305972,0.187599501051778,0.295099508068777,0.990773212274047
0.443253968253968,0.208597252294028,0.187607976881096,0.29495838637254,0.990919992303639
0.443353174603175,0.208577446402772,0.187616441362568,0.294817332299926,0.991066747640332
0.443452380952381,0.208557642632966,0.187624894501726,0.294676345818509,0.991213478291903
0.443551587301587,0.208537840985374,0.187633336304102,0.294535426895874,0.991360184266121
0.443650793650794,0.208518041460765,0.187641766775221,0.294394575499619,0.991506865570756
0.44375,0.208498244059909,0.187650185920606,0.294253791597352,0.991653522213569
0.443849206349206,0.208478448783581,0.187658593745778,0.294113075156696,0.99180015420232
0.443948412698413,0.208458655632559,0.187666990256252,0.293972426145284,0.991946761544763
0.444047619047619,0.208438864607623,0.187675375457542,0.293831844530763,0.99209334424865
0.444146825396825,0.208419075709556,0.187683749355156,0.293691330280792,0.992239902321726
0.444246031746032,0.208399288939145,0.1876921119546,0.29355088336304,0.992386435771735
0.444345238095238,0.208379504297181,0.187700463261376,0.293410503745192,0.992532944606415
0.444444444444444,0.208359721784456,0.187708803280982,0.293270191394941,0.992679428833499
0.444543650793651,0.208339941401766,0.187717132018915,0.293129946279997,0.99282588846072
0.444642857142857,0.20832016314991,0.187725449480665,0.292989768368077,0.992972323495801
0.444742063492064,0.208300387029692,0.187733755671721,0.292849657626915,0.993118733946466
0.44484126984127,0.208280613041915,0.187742050597568,0.292709614024253,0.993265119820433
0.444940476190476,0.20826084118739,0.187750334263686,0.292569637527849,0.993411481125415
0.445039682539683,0.208241071466927,0.187758606675554,0.292429728105471,0.993557817869122
0.445138888888889,0.208221303881342,0.187766867838645,0.2922898857249,0.993704130059259
0.445238095238095,0.208201538431452,0.187775117758431,0.292150110353928,0.993850417703528
0.445337301587302,0.208181775118078,0.187783356440378,0.292010401960361,0.993996680809627
0.445436507936508,0.208162013942045,0.18779158388995,0.291870760512017,0.994142919385248
0.445535714285714,0.20814225490418,0.187799800112607,0.291731185976725,0.994289133438081
0.445634920634921,0.208122498005313,0.187808005113807,0.291591678322327,0.99443532297581
0.445734126984127,0.208102743246278,0.187816198899002,0.291452237516677,0.994581488006118
0.445833333333333,0.208082990627912,0.187824381473642,0.291312863527641,0.99472762853668
0.44593253968254,0.208063240151054,0.187832552843174,0.291173556323098,0.994873744575169
0.446031746031746,0.208043491816547,0.187840713013039,0.29103431587094,0.995019836129255
0.446130952380952,0.208023745625237,0.187848861988677,0.290895142139068,0.9951659032066
0.446230158730159,0.208004001577973,0.187856999775525,0.290756035095398,0.995311945814867
0.446329365079365,0.207984259675608,0.187865126379014,0.290616994707859,0.995457963961711
0.446428571428571,0.207964519918997,0.187873241804573,0.290478020944389,0.995603957654784
0.446527777777778,0.207944782308998,0.187881346057627,0.29033911377294,0.995749926901734
0.446626984126984,0.207925046846473,0.187889439143598,0.290200273161477,0.995895871710206
0.44672619047619,0.207905313532287,0.187897521067904,0.290061499077976,0.99604179208784
0.446825396825397,0.207885582367308,0.18790559183596,0.289922791490426,0.99618768804227
0.446924603174603,0.207865853352406,0.187913651453178,0.289784150366827,0.996333559581129
0.447023809523809,0.207846126488455,0.187921699924964,0.289645575675193,0.996479406712045
0.447123015873016,0.207826401776334,0.187929737256724,0.289507067383549,0.99662522944264
0.447222222222222,0.207806679216921,0.187937763453859,0.289368625459933,0.996771027780535
0.447321428571429,0.207786958811101,0.187945778521764,0.289230249872394,0.996916801733344
0.447420634920635,0.20776724055976,0.187953782465835,0.289091940588995,0.997062551308678
0.447519841269841,0.207747524463787,0.187961775291461,0.28895369757781,0.997208276514145
0.447619047619048,0.207727810524077,0.187969757004029,0.288815520806924,0.997353977357348
0.447718253968254,0.207708098741523,0.187977727608923,0.288677410244438,0.997499653845885
0.44781746031746,0.207688389117026,0.187985687111523,0.288539365858461,0.99764530598735
0.447916666666667,0.207668681651488,0.187993635517204,0.288401387617118,0.997790933789336
0.448015873015873,0.207648976345814,0.188001572831339,0.288263475488543,0.997936537259427
0.448115079365079,0.207629273200911,0.188009499059299,0.288125629440883,0.998082116405207
0.448214285714286,0.207609572217693,0.188017414206448,0.2879878494423,0.998227671234254
0.448313492063492,0.207589873397073,0.188025318278149,0.287850135460965,0.998373201754142
0.448412698412698,0.207570176739969,0.188033211279761,0.287712487465062,0.99851870797244
0.448511904761905,0.207550482247301,0.188041093216639,0.287574905422788,0.998664189896716
0.448611111111111,0.207530789919995,0.188048964094135,0.287437389302352,0.998809647534531
0.448710317460317,0.207511099758977,0.188056823917597,0.287299939071974,0.998955080893442
0.448809523809524,0.207491411765177,0.188064672692371,0.287162554699888,0.999100489981004
0.44890873015873,0.207471725939529,0.188072510423797,0.287025236154339,0.999245874804765
0.449007936507937,0.207452042282968,0.188080337117213,0.286887983403585,0.999391235372271
0.449107142857143,0.207432360796435,0.188088152777955,0.286750796415896,0.999536571691064
0.449206349206349,0.207412681480873,0.188095957411351,0.286613675159555,0.999681883768681
0.449305555555556,0.207393004337226,0.188103751022731,0.286476619602854,0.999827171612655
0.449404761904762,0.207373329366444,0.188111533617418,0.286339629714102,0.999972435230515
0.449503968253968,0.20735365656948,0.188119305200731,0.286202705461616,1.00011767462979
0.449603174603175,0.207333985947287,0.188127065777989,0.286065846813728,1.00026288981799
0.449702380952381,0.207314317500825,0.188134815354505,0.285929053738782,1.00040808080264
0.449801587301587,0.207294651231055,0.188142553935587,0.285792326205132,1.00055324759125
0.449900793650794,0.207274987138941,0.188150281526544,0.285655664181146,1.00069839019133
0.45,0.207255325225452,0.188157998132677,0.285519067635205,1.00084350861038
0.450099206349206,0.207235665491556,0.188165703759286,0.285382536535701,1.00098860285591
0.450198412698413,0.20721600793823,0.188173398411667,0.285246070851037,1.00113367293541
0.450297619047619,0.207196352566449,0.188181082095112,0.285109670549631,1.00127871885637
0.450396825396825,0.207176699377194,0.188188754814911,0.284973335599912,1.00142374062628
0.450496031746032,0.207157048371448,0.188196416576349,0.28483706597032,1.00156873825263
0.450595238095238,0.207137399550197,0.188204067384707,0.28470086162931,1.00171371174289
0.450694444444444,0.207117752914431,0.188211707245264,0.284564722545346,1.00185866110453
0.450793650793651,0.207098108465142,0.188219336163295,0.284428648686906,1.00200358634504
0.450892857142857,0.207078466203326,0.188226954144071,0.284292640022481,1.00214848747188
0.450992063492063,0.207058826129982,0.188234561192861,0.284156696520572,1.00229336449251
0.45109126984127,0.207039188246112,0.188242157314928,0.284020818149695,1.00243821741439
0.451190476190476,0.207019552552721,0.188249742515534,0.283885004878375,1.00258304624497
0.451289682539682,0.206999919050817,0.188257316799937,0.283749256675153,1.00272785099172
0.451388888888889,0.206980287741411,0.188264880173389,0.283613573508578,1.00287263166206
0.451488095238095,0.206960658625518,0.188272432641142,0.283477955347215,1.00301738826345
0.451587301587302,0.206941031704155,0.188279974208443,0.283342402159638,1.00316212080333
0.451686507936508,0.206921406978343,0.188287504880534,0.283206913914437,1.00330682928913
0.451785714285714,0.206901784449106,0.188295024662657,0.28307149058021,1.00345151372828
0.451884920634921,0.20688216411747,0.188302533560047,0.282936132125571,1.0035961741282
0.451984126984127,0.206862545984466,0.188310031577937,0.282800838519144,1.00374081049633
0.452083333333333,0.206842930051127,0.188317518721558,0.282665609729565,1.00388542284007
0.45218253968254,0.206823316318488,0.188324994996134,0.282530445725483,1.00403001116684
0.452281746031746,0.20680370478759,0.188332460406888,0.282395346475561,1.00417457548405
0.452380952380952,0.206784095459475,0.18833991495904,0.282260311948471,1.00431911579911
0.452480158730159,0.206764488335188,0.188347358657805,0.282125342112899,1.00446363211942
0.452579365079365,0.206744883415778,0.188354791508394,0.281990436937542,1.00460812445237
0.452678571428571,0.206725280702297,0.188362213516017,0.281855596391112,1.00475259280536
0.452777777777778,0.2067056801958,0.188369624685879,0.28172082044233,1.00489703718578
0.452876984126984,0.206686081897345,0.18837702502318,0.281586109059931,1.00504145760102
0.45297619047619,0.206666485807993,0.188384414533119,0.281451462212662,1.00518585405845
0.453075396825397,0.206646891928809,0.188391793220891,0.281316879869282,1.00533022656546
0.453174603174603,0.206627300260859,0.188399161091686,0.281182361998562,1.0054745751294
0.45327380952381,0.206607710805215,0.188406518150692,0.281047908569286,1.00561889975767
0.453373015873016,0.206588123562951,0.188413864403093,0.280913519550249,1.00576320045761
0.453472222222222,0.206568538535142,0.18842119985407,0.280779194910259,1.00590747723659
0.453571428571429,0.206548955722869,0.188428524508799,0.280644934618137,1.00605173010197
0.453670634920635,0.206529375127214,0.188435838372454,0.280510738642715,1.0061959590611
0.453769841269841,0.206509796749265,0.188443141450206,0.280376606952838,1.00634016412132
0.453869047619048,0.20649022059011,0.18845043374722,0.280242539517363,1.00648434528999
0.453968253968254,0.206470646650841,0.188457715268661,0.280108536305158,1.00662850257444
0.45406746031746,0.206451074932555,0.188464986019686,0.279974597285105,1.006772635982
0.454166666666667,0.206431505436349,0.188472246005453,0.279840722426098,1.00691674552002
0.454265873015873,0.206411938163326,0.188479495231114,0.279706911697042,1.00706083119581
0.454365079365079,0.20639237311459,0.188486733701818,0.279573165066856,1.0072048930167
0.454464285714286,0.20637281029125,0.188493961422711,0.279439482504469,1.00734893099001
0.454563492063492,0.206353249694416,0.188501178398935,0.279305863978825,1.00749294512306
0.454662698412698,0.206333691325202,0.188508384635627,0.279172309458877,1.00763693542315
0.454761904761905,0.206314135184726,0.188515580137925,0.279038818913593,1.0077809018976
0.454861111111111,0.206294581274109,0.188522764910958,0.278905392311953,1.00792484455371
0.454960317460318,0.206275029594474,0.188529938959856,0.278772029622947,1.00806876339878
0.455059523809524,0.206255480146947,0.188537102289742,0.278638730815578,1.00821265844009
0.45515873015873,0.206235932932659,0.188544254905738,0.278505495858864,1.00835652968495
0.455257936507937,0.206216387952742,0.188551396812961,0.278372324721832,1.00850037714064
0.455357142857143,0.206196845208332,0.188558528016526,0.278239217373522,1.00864420081444
0.455456349206349,0.206177304700569,0.188565648521544,0.278106173782987,1.00878800071363
0.455555555555556,0.206157766430595,0.18857275833312,0.277973193919292,1.00893177684548
0.455654761904762,0.206138230399554,0.18857985745636,0.277840277751513,1.00907552921727
0.455753968253968,0.206118696608597,0.188586945896362,0.277707425248741,1.00921925783626
0.455853174603175,0.206099165058874,0.188594023658225,0.277574636380075,1.00936296270972
0.455952380952381,0.20607963575154,0.18860109074704,0.277441911114631,1.00950664384489
0.456051587301587,0.206060108687753,0.188608147167898,0.277309249421534,1.00965030124904
0.456150793650794,0.206040583868674,0.188615192925884,0.277176651269921,1.00979393492942
0.45625,0.206021061295467,0.188622228026081,0.277044116628944,1.00993754489326
0.456349206349206,0.206001540969299,0.188629252473569,0.276911645467766,1.01008113114782
0.456448412698413,0.205982022891341,0.188636266273424,0.27677923775556,1.01022469370033
0.456547619047619,0.205962507062766,0.188643269430716,0.276646893461514,1.01036823255802
0.456646825396825,0.205942993484751,0.188650261950515,0.276514612554827,1.01051174772813
0.456746031746032,0.205923482158475,0.188657243837887,0.276382395004712,1.01065523921787
0.456845238095238,0.205903973085121,0.188664215097892,0.276250240780391,1.01079870703447
0.456944444444444,0.205884466265876,0.18867117573559,0.2761181498511,1.01094215118515
0.457043650793651,0.205864961701927,0.188678125756033,0.275986122186088,1.01108557167711
0.457142857142857,0.205845459394468,0.188685065164275,0.275854157754615,1.01122896851757
0.457242063492063,0.205825959344694,0.188691993965363,0.275722256525954,1.01137234171373
0.45734126984127,0.205806461553802,0.18869891216434,0.27559041846939,1.0115156912728
0.457440476190476,0.205786966022996,0.188705819766247,0.275458643554219,1.01165901720196
0.457539682539683,0.205767472753478,0.188712716776123,0.275326931749752,1.01180231950842
0.457638888888889,0.205747981746458,0.188719603198999,0.275195283025309,1.01194559819935
0.457738095238095,0.205728493003145,0.188726479039907,0.275063697350225,1.01208885328194
0.457837301587302,0.205709006524754,0.188733344303874,0.274932174693846,1.01223208476338
0.457936507936508,0.205689522312503,0.188740198995922,0.274800715025529,1.01237529265084
0.458035714285714,0.20567004036761,0.188747043121071,0.274669318314646,1.01251847695149
0.458134920634921,0.2056505606913,0.188753876684338,0.274537984530579,1.0126616376725
0.458234126984127,0.2056310832848,0.188760699690734,0.274406713642722,1.01280477482102
0.458333333333333,0.205611608149338,0.188767512145271,0.274275505620484,1.01294788840423
0.45843253968254,0.205592135286147,0.188774314052952,0.274144360433284,1.01309097842928
0.458531746031746,0.205572664696464,0.188781105418781,0.274013278050553,1.01323404490331
0.458630952380952,0.205553196381527,0.188787886247756,0.273882258441734,1.01337708783348
0.458730158730159,0.205533730342578,0.188794656544873,0.273751301576285,1.01352010722693
0.458829365079365,0.205514266580862,0.188801416315123,0.273620407423674,1.01366310309079
0.458928571428571,0.205494805097629,0.188808165563494,0.27348957595338,1.01380607543221
0.459027777777778,0.205475345894128,0.188814904294972,0.273358807134898,1.01394902425831
0.459126984126984,0.205455888971616,0.188821632514537,0.273228100937731,1.01409194957621
0.459226190476191,0.205436434331348,0.188828350227167,0.273097457331397,1.01423485139305
0.459325396825397,0.205416981974587,0.188835057437837,0.272966876285426,1.01437772971594
0.459424603174603,0.205397531902596,0.188841754151517,0.272836357769359,1.01452058455199
0.45952380952381,0.205378084116643,0.188848440373175,0.27270590175275,1.01466341590832
0.459623015873016,0.205358638617996,0.188855116107774,0.272575508205165,1.01480622379202
0.459722222222222,0.20533919540793,0.188861781360275,0.272445177096184,1.01494900821021
0.459821428571429,0.205319754487721,0.188868436135634,0.272314908395395,1.01509176916998
0.459920634920635,0.205300315858648,0.188875080438806,0.272184702072402,1.01523450667842
0.460019841269841,0.205280879521994,0.188881714274739,0.272054558096821,1.01537722074263
0.460119047619048,0.205261445479045,0.18888833764838,0.271924476438278,1.01551991136969
0.460218253968254,0.20524201373109,0.188894950564671,0.271794457066413,1.01566257856667
0.46031746031746,0.20522258427942,0.188901553028553,0.271664499950878,1.01580522234066
0.460416666666667,0.205203157125331,0.18890814504496,0.271534605061336,1.01594784269874
0.460515873015873,0.20518373227012,0.188914726618826,0.271404772367465,1.01609043964796
0.460615079365079,0.20516430971509,0.188921297755079,0.271275001838951,1.0162330131954
0.460714285714286,0.205144889461545,0.188927858458644,0.271145293445497,1.01637556334812
0.460813492063492,0.205125471510791,0.188934408734444,0.271015647156815,1.01651809011316
0.460912698412698,0.205106055864141,0.188940948587396,0.27088606294263,1.0166605934976
0.461011904761905,0.205086642522907,0.188947478022416,0.270756540772679,1.01680307350846
0.461111111111111,0.205067231488407,0.188953997044414,0.270627080616712,1.01694553015281
0.461210317460317,0.20504782276196,0.188960505658299,0.270497682444491,1.01708796343767
0.461309523809524,0.20502841634489,0.188967003868975,0.270368346225789,1.01723037337009
0.46140873015873,0.205009012238524,0.188973491681343,0.270239071930394,1.0173727599571
0.461507936507936,0.204989610444189,0.1889799691003,0.270109859528103,1.01751512320572
0.461607142857143,0.20497021096322,0.18898643613074,0.269980708988728,1.01765746312298
0.461706349206349,0.204950813796951,0.188992892777554,0.26985162028209,1.0177997797159
0.461805555555556,0.204931418946722,0.188999339045628,0.269722593378027,1.01794207299149
0.461904761904762,0.204912026413874,0.189005774939845,0.269593628246384,1.01808434295677
0.462003968253968,0.204892636199752,0.189012200465087,0.269464724857021,1.01822658961874
0.462103174603175,0.204873248305704,0.189018615626228,0.269335883179811,1.01836881298441
0.462202380952381,0.204853862733082,0.189025020428143,0.269207103184637,1.01851101306078
0.462301587301587,0.204834479483239,0.189031414875699,0.269078384841396,1.01865318985484
0.462400793650794,0.204815098557534,0.189037798973764,0.268949728119996,1.01879534337358
0.4625,0.204795719957327,0.1890441727272,0.268821132990359,1.01893747362399
0.462599206349206,0.204776343683982,0.189050536140865,0.268692599422416,1.01907958061305
0.462698412698413,0.204756969738865,0.189056889219616,0.268564127386114,1.01922166434775
0.462797619047619,0.204737598123346,0.189063231968303,0.268435716851409,1.01936372483505
0.462896825396825,0.204718228838799,0.189069564391775,0.268307367788272,1.01950576208193
0.462996031746032,0.204698861886599,0.189075886494878,0.268179080166685,1.01964777609535
0.463095238095238,0.204679497268126,0.189082198282452,0.26805085395664,1.01978976688227
0.463194444444444,0.204660134984763,0.189088499759336,0.267922689128146,1.01993173444966
0.463293650793651,0.204640775037894,0.189094790930364,0.267794585651221,1.02007367880447
0.463392857142857,0.204621417428909,0.189101071800368,0.267666543495895,1.02021559995364
0.463492063492063,0.204602062159198,0.189107342374173,0.267538562632211,1.02035749790413
0.46359126984127,0.204582709230159,0.189113602656605,0.267410643030225,1.02049937266287
0.463690476190476,0.204563358643187,0.189119852652484,0.267282784660004,1.0206412242368
0.463789682539683,0.204544010399684,0.189126092366627,0.267154987491628,1.02078305263287
0.463888888888889,0.204524664501055,0.189132321803847,0.267027251495189,1.02092485785798
0.463988095238095,0.204505320948707,0.189138540968955,0.266899576640792,1.02106663991908
0.464087301587302,0.20448597974405,0.189144749866756,0.266771962898552,1.02120839882309
0.464186507936508,0.204466640888497,0.189150948502054,0.266644410238598,1.02135013457691
0.464285714285714,0.204447304383467,0.189157136879648,0.266516918631072,1.02149184718746
0.464384920634921,0.204427970230378,0.189163315004334,0.266389488046126,1.02163353666166
0.464484126984127,0.204408638430653,0.189169482880905,0.266262118453926,1.0217752030064
0.464583333333333,0.204389308985719,0.18917564051415,0.266134809824649,1.02191684622859
0.46468253968254,0.204369981897004,0.189181787908854,0.266007562128485,1.02205846633513
0.464781746031746,0.204350657165942,0.1891879250698,0.265880375335636,1.0222000633329
0.464880952380952,0.204331334793967,0.189194052001764,0.265753249416316,1.0223416372288
0.464980158730159,0.204312014782518,0.189200168709524,0.265626184340753,1.02248318802971
0.465079365079365,0.204292697133036,0.18920627519785,0.265499180079184,1.0226247157425
0.465178571428571,0.204273381846967,0.18921237147151,0.26537223660186,1.02276622037406
0.465277777777778,0.204254068925758,0.189218457535269,0.265245353879045,1.02290770193126
0.465376984126984,0.20423475837086,0.189224533393888,0.265118531881015,1.02304916042097
0.46547619047619,0.204215450183728,0.189230599052124,0.264991770578056,1.02319059585004
0.465575396825397,0.204196144365818,0.189236654514732,0.264865069940469,1.02333200822534
0.465674603174603,0.204176840918592,0.189242699786461,0.264738429938565,1.02347339755373
0.46577380952381,0.204157539843512,0.18924873487206,0.26461185054267,1.02361476384205
0.465873015873016,0.204138241142045,0.189254759776271,0.264485331723119,1.02375610709716
0.465972222222222,0.204118944815662,0.189260774503834,0.264358873450262,1.0238974273259
0.466071428571429,0.204099650865834,0.189266779059487,0.264232475694459,1.0240387245351
0.466170634920635,0.204080359294037,0.189272773447962,0.264106138426084,1.0241799987316
0.466269841269841,0.204061070101752,0.189278757673989,0.263979861615522,1.02432124992223
0.466369047619048,0.204041783290459,0.189284731742293,0.263853645233171,1.02446247811382
0.466468253968254,0.204022498861645,0.189290695657598,0.263727489249441,1.02460368331319
0.46656746031746,0.204003216816798,0.189296649424623,0.263601393634753,1.02474486552716
0.466666666666667,0.203983937157409,0.189302593048082,0.263475358359543,1.02488602476255
0.466765873015873,0.203964659884973,0.189308526532689,0.263349383394257,1.02502716102616
0.466865079365079,0.203945385000988,0.189314449883151,0.263223468709353,1.0251682743248
0.466964285714286,0.203926112506954,0.189320363104174,0.263097614275303,1.02530936466528
0.467063492063492,0.203906842404377,0.18932626620046,0.262971820062591,1.02545043205438
0.467162698412698,0.203887574694762,0.189332159176706,0.262846086041711,1.02559147649892
0.467261904761905,0.203868309379621,0.189338042037607,0.262720412183171,1.02573249800566
0.467361111111111,0.203849046460466,0.189343914787855,0.262594798457492,1.02587349658141
0.467460317460317,0.203829785938814,0.189349777432136,0.262469244835205,1.02601447223294
0.467559523809524,0.203810527816185,0.189355629975135,0.262343751286856,1.02615542496703
0.46765873015873,0.203791272094101,0.189361472421533,0.262218317783,1.02629635479046
0.467757936507936,0.203772018774089,0.189367304776007,0.262092944294206,1.02643726170999
0.467857142857143,0.203752767857677,0.18937312704323,0.261967630791057,1.02657814573238
0.467956349206349,0.203733519346398,0.189378939227873,0.261842377244144,1.02671900686441
0.468055555555556,0.203714273241786,0.189384741334601,0.261717183624075,1.02685984511282
0.468154761904762,0.20369502954538,0.189390533368079,0.261592049901465,1.02700066048437
0.468253968253968,0.203675788258722,0.189396315332966,0.261466976046946,1.02714145298581
0.468353174603175,0.203656549383356,0.189402087233918,0.26134196203116,1.02728222262388
0.468452380952381,0.203637312920829,0.189407849075588,0.261217007824762,1.02742296940532
0.468551587301587,0.203618078872693,0.189413600862624,0.261092113398417,1.02756369333688
0.468650793650794,0.203598847240501,0.189419342599673,0.260967278722805,1.02770439442528
0.46875,0.203579618025811,0.189425074291377,0.260842503768618,1.02784507267724
0.468849206349206,0.203560391230183,0.189430795942374,0.260717788506558,1.0279857280995
0.468948412698413,0.20354116685518,0.1894365075573,0.260593132907341,1.02812636069878
0.469047619047619,0.203521944902368,0.189442209140786,0.260468536941695,1.02826697048179
0.469146825396825,0.203502725373317,0.189447900697461,0.260344000580361,1.02840755745524
0.469246031746032,0.203483508269599,0.189453582231948,0.26021952379409,1.02854812162584
0.469345238095238,0.203464293592791,0.18945925374887,0.260095106553647,1.02868866300029
0.469444444444444,0.203445081344471,0.189464915252844,0.259970748829809,1.0288291815853
0.469543650793651,0.203425871526222,0.189470566748484,0.259846450593364,1.02896967738755
0.469642857142857,0.203406664139627,0.189476208240401,0.259722211815115,1.02911015041375
0.469742063492064,0.203387459186277,0.189481839733202,0.259598032465875,1.02925060067057
0.46984126984127,0.203368256667761,0.189487461231491,0.259473912516468,1.02939102816471
0.469940476190476,0.203349056585674,0.189493072739868,0.259349851937734,1.02953143290283
0.470039682539683,0.203329858941615,0.18949867426293,0.259225850700522,1.02967181489162
0.470138888888889,0.203310663737183,0.18950426580527,0.259101908775695,1.02981217413774
0.470238095238095,0.203291470973983,0.189509847371477,0.258978026134128,1.02995251064786
0.470337301587302,0.203272280653621,0.189515418966138,0.258854202746706,1.03009282442865
0.470436507936508,0.203253092777708,0.189520980593836,0.25873043858433,1.03023311548676
0.470535714285714,0.203233907347857,0.18952653225915,0.258606733617911,1.03037338382885
0.470634920634921,0.203214724365684,0.189532073966656,0.258483087818371,1.03051362946157
0.470734126984127,0.203195543832808,0.189537605720926,0.258359501156648,1.03065385239156
0.470833333333333,0.203176365750852,0.189543127526528,0.258235973603688,1.03079405262546
0.47093253968254,0.203157190121442,0.189548639388028,0.258112505130452,1.03093423016992
0.471031746031746,0.203138016946206,0.189554141309988,0.257989095707913,1.03107438503157
0.471130952380952,0.203118846226777,0.189559633296966,0.257865745307055,1.03121451721703
0.471230158730159,0.203099677964789,0.189565115353517,0.257742453898875,1.03135462673294
0.471329365079365,0.203080512161881,0.189570587484191,0.257619221454383,1.03149471358591
0.471428571428571,0.203061348819693,0.189576049693538,0.257496047944599,1.03163477778256
0.471527777777778,0.203042187939871,0.1895815019861,0.257372933340557,1.03177481932951
0.471626984126984,0.203023029524061,0.189586944366419,0.257249877613303,1.03191483823336
0.47172619047619,0.203003873573914,0.189592376839033,0.257126880733895,1.03205483450072
0.471825396825397,0.202984720091085,0.189597799408474,0.257003942673403,1.03219480813819
0.471924603174603,0.202965569077229,0.189603212079274,0.25688106340291,1.03233475915236
0.47202380952381,0.202946420534007,0.189608614855958,0.256758242893511,1.03247468754984
0.472123015873016,0.202927274463082,0.189614007743051,0.256635481116312,1.0326145933372
0.472222222222222,0.20290813086612,0.189619390745072,0.256512778042433,1.03275447652104
0.472321428571429,0.20288898974479,0.189624763866538,0.256390133643005,1.03289433710793
0.472420634920635,0.202869851100765,0.189630127111961,0.256267547889171,1.03303417510445
0.472519841269841,0.202850714935721,0.18963548048585,0.256145020752088,1.03317399051718
0.472619047619048,0.202831581251335,0.189640823992712,0.256022552202924,1.03331378335267
0.472718253968254,0.202812450049291,0.189646157637049,0.255900142212859,1.0334535536175
0.47281746031746,0.202793321331272,0.189651481423359,0.255777790753086,1.03359330131822
0.472916666666667,0.202774195098967,0.189656795356138,0.255655497794809,1.03373302646139
0.473015873015873,0.202755071354068,0.189662099439878,0.255533263309245,1.03387272905356
0.473115079365079,0.202735950098267,0.189667393679067,0.255411087267624,1.03401240910129
0.473214285714286,0.202716831333263,0.18967267807819,0.255288969641187,1.0341520666111
0.473313492063492,0.202697715060756,0.189677952641728,0.255166910401188,1.03429170158955
0.473412698412698,0.20267860128245,0.18968321737416,0.255044909518892,1.03443131404316
0.473511904761905,0.202659490000052,0.189688472279959,0.254922966965579,1.03457090397847
0.473611111111111,0.20264038121527,0.189693717363596,0.254801082712538,1.03471047140201
0.473710317460317,0.20262127492982,0.18969895262954,0.254679256731071,1.0348500163203
0.473809523809524,0.202602171145415,0.189704178082253,0.254557488992495,1.03498953873985
0.47390873015873,0.202583069863777,0.189709393726196,0.254435779468135,1.03512903866719
0.474007936507936,0.202563971086626,0.189714599565826,0.254314128129332,1.03526851610881
0.474107142857143,0.202544874815689,0.189719795605596,0.254192534947436,1.03540797107124
0.474206349206349,0.202525781052694,0.189724981849956,0.254070999893811,1.03554740356097
0.474305555555556,0.202506689799372,0.189730158303353,0.253949522939834,1.0356868135845
0.474404761904762,0.20248760105746,0.18973532497023,0.253828104056893,1.03582620114832
0.474503968253968,0.202468514828693,0.189740481855025,0.253706743216387,1.03596556625893
0.474603174603175,0.202449431114815,0.189745628962176,0.253585440389731,1.03610490892281
0.474702380952381,0.202430349917568,0.189750766296113,0.253464195548348,1.03624422914644
0.474801587301587,0.2024112712387,0.189755893861267,0.253343008663676,1.0363835269363
0.474900793650794,0.202392195079961,0.189761011662062,0.253221879707163,1.03652280229886
0.475,0.202373121443105,0.189766119702921,0.253100808650273,1.0366620552406
0.475099206349206,0.202354050329889,0.189771217988261,0.252979795464478,1.03680128576797
0.475198412698413,0.202334981742073,0.189776306522499,0.252858840121265,1.03694049388745
0.475297619047619,0.202315915681418,0.189781385310044,0.252737942592132,1.03707967960548
0.475396825396825,0.202296852149692,0.189786454355306,0.252617102848589,1.03721884292852
0.475496031746032,0.202277791148663,0.189791513662689,0.25249632086216,1.03735798386303
0.475595238095238,0.202258732680103,0.189796563236593,0.252375596604378,1.03749710241543
0.475694444444444,0.202239676745789,0.189801603081417,0.252254930046791,1.03763619859219
0.475793650793651,0.202220623347498,0.189806633201553,0.25213432116096,1.03777527239972
0.475892857142857,0.202201572487012,0.189811653601393,0.252013769918454,1.03791432384447
0.475992063492064,0.202182524166116,0.189816664285323,0.251893276290859,1.03805335293286
0.47609126984127,0.202163478386597,0.189821665257728,0.25177284024977,1.03819235967132
0.476190476190476,0.202144435150246,0.189826656522986,0.251652461766796,1.03833134406626
0.476289682539683,0.202125394458859,0.189831638085475,0.251532140813557,1.03847030612412
0.476388888888889,0.202106356314231,0.189836609949566,0.251411877361686,1.03860924585128
0.476488095238095,0.202087320718163,0.189841572119631,0.251291671382828,1.03874816325417
0.476587301587302,0.202068287672458,0.189846524600035,0.25117152284864,1.03888705833919
0.476686507936508,0.202049257178923,0.18985146739514,0.251051431730792,1.03902593111274
0.476785714285714,0.202030229239369,0.189856400509305,0.250931398000965,1.03916478158121
0.476884920634921,0.202011203855606,0.189861323946886,0.250811421630854,1.03930360975099
0.476984126984127,0.201992181029452,0.189866237712235,0.250691502592165,1.03944241562848
0.477083333333333,0.201973160762725,0.1898711418097,0.250571640856615,1.03958119922005
0.47718253968254,0.201954143057248,0.189876036243627,0.250451836395936,1.03971996053209
0.477281746031746,0.201935127914845,0.189880921018357,0.25033208918187,1.03985869957097
0.477380952380952,0.201916115337346,0.189885796138227,0.250212399186173,1.03999741634305
0.477480158730159,0.201897105326581,0.189890661607573,0.250092766380611,1.04013611085472
0.477579365079365,0.201878097884386,0.189895517430725,0.249973190736965,1.04027478311233
0.477678571428571,0.201859093012597,0.189900363612012,0.249853672227026,1.04041343312223
0.477777777777778,0.201840090713056,0.189905200155756,0.249734210822598,1.04055206089079
0.477876984126984,0.201821090987607,0.189910027066279,0.249614806495497,1.04069066642436
0.47797619047619,0.201802093838097,0.189914844347898,0.249495459217552,1.04082924972928
0.478075396825397,0.201783099266375,0.189919652004925,0.249376168960603,1.04096781081188
0.478174603174603,0.201764107274296,0.189924450041672,0.249256935696504,1.04110634967852
0.478273809523809,0.201745117863716,0.189929238462445,0.249137759397119,1.04124486633553
0.478373015873016,0.201726131036495,0.189934017271547,0.249018640034326,1.04138336078923
0.478472222222222,0.201707146794494,0.189938786473277,0.248899577580014,1.04152183304595
0.478571428571429,0.20168816513958,0.189943546071931,0.248780572006086,1.04166028311202
0.478670634920635,0.201669186073622,0.189948296071803,0.248661623284455,1.04179871099374
0.478769841269841,0.201650209598491,0.189953036477181,0.248542731387047,1.04193711669744
0.478869047619048,0.201631235716064,0.18995776729235,0.248423896285801,1.04207550022943
0.478968253968254,0.201612264428217,0.189962488521594,0.248305117952669,1.042213861596
0.47906746031746,0.201593295736834,0.189967200169189,0.248186396359612,1.04235220080346
0.479166666666667,0.201574329643797,0.189971902239413,0.248067731478606,1.04249051785811
0.479265873015873,0.201555366150995,0.189976594736535,0.247949123281638,1.04262881276624
0.479365079365079,0.201536405260319,0.189981277664825,0.247830571740709,1.04276708553414
0.479464285714286,0.201517446973661,0.189985951028546,0.247712076827829,1.04290533616809
0.479563492063492,0.20149849129292,0.18999061483196,0.247593638515023,1.04304356467438
0.479662698412698,0.201479538219996,0.189995269079325,0.247475256774328,1.04318177105928
0.479761904761905,0.201460587756791,0.189999913774895,0.247356931577792,1.04331995532906
0.479861111111111,0.201441639905212,0.190004548922919,0.247238662897475,1.04345811749
0.479960317460317,0.201422694667169,0.190009174527647,0.247120450705451,1.04359625754835
0.480059523809524,0.201403752044573,0.19001379059332,0.247002294973805,1.04373437551037
0.48015873015873,0.201384812039341,0.19001839712418,0.246884195674634,1.04387247138233
0.480257936507937,0.201365874653392,0.190022994124462,0.246766152780049,1.04401054517048
0.480357142857143,0.201346939888647,0.1900275815984,0.246648166262171,1.04414859688105
0.480456349206349,0.201328007747031,0.190032159550224,0.246530236093134,1.0442866265203
0.480555555555556,0.201309078230473,0.19003672798416,0.246412362245084,1.04442463409447
0.480654761904762,0.201290151340904,0.19004128690443,0.246294544690181,1.04456261960979
0.480753968253968,0.201271227080259,0.190045836315254,0.246176783400595,1.04470058307249
0.480853174603175,0.201252305450474,0.190050376220847,0.246059078348509,1.0448385244888
0.480952380952381,0.20123338645349,0.190054906625421,0.245941429506119,1.04497644386494
0.481051587301587,0.201214470091252,0.190059427533186,0.245823836845632,1.04511434120714
0.481150793650794,0.201195556365706,0.190063938948346,0.245706300339267,1.0452522165216
0.48125,0.201176645278802,0.190068440875103,0.245588819959258,1.04539006981454
0.481349206349206,0.201157736832494,0.190072933317655,0.245471395677847,1.04552790109216
0.481448412698413,0.201138831028736,0.190077416280197,0.245354027467292,1.04566571036067
0.481547619047619,0.20111992786949,0.19008188976692,0.245236715299861,1.04580349762627
0.481646825396825,0.201101027356717,0.190086353782011,0.245119459147836,1.04594126289515
0.481746031746032,0.201082129492383,0.190090808329656,0.245002258983508,1.0460790061735
0.481845238095238,0.201063234278456,0.190095253414034,0.244885114779184,1.0462167274675
0.481944444444444,0.201044341716909,0.190099689039323,0.244768026507181,1.04635442678335
0.482043650793651,0.201025451809716,0.190104115209697,0.244650994139829,1.04649210412721
0.482142857142857,0.201006564558856,0.190108531929325,0.244534017649471,1.04662975950526
0.482242063492063,0.200987679966309,0.190112939202375,0.244417097008459,1.04676739292367
0.48234126984127,0.20096879803406,0.19011733703301,0.244300232189162,1.04690500438861
0.482440476190476,0.200949918764097,0.190121725425389,0.244183423163957,1.04704259390624
0.482539682539682,0.200931042158409,0.190126104383669,0.244066669905235,1.04718016148271
0.482638888888889,0.200912168218991,0.190130473912002,0.2439499723854,1.04731770712418
0.482738095238095,0.200893296947839,0.190134834014538,0.243833330576868,1.0474552308368
0.482837301587302,0.200874428346954,0.190139184695422,0.243716744452065,1.04759273262671
0.482936507936508,0.200855562418338,0.190143525958798,0.243600213983432,1.04773021250006
0.483035714285714,0.200836699163997,0.190147857808802,0.24348373914342,1.04786767046298
0.483134920634921,0.20081783858594,0.190152180249571,0.243367319904495,1.0480051065216
0.483234126984127,0.200798980686181,0.190156493285237,0.243250956239133,1.04814252068206
0.483333333333333,0.200780125466734,0.190160796919928,0.243134648119822,1.04827991295047
0.48343253968254,0.200761272929618,0.190165091157767,0.243018395519064,1.04841728333296
0.483531746031746,0.200742423076855,0.190169376002878,0.242902198409371,1.04855463183565
0.483630952380952,0.200723575910469,0.190173651459377,0.24278605676327,1.04869195846464
0.483730158730159,0.20070473143249,0.19017791753138,0.242669970553297,1.04882926322605
0.483829365079365,0.200685889644946,0.190182174222995,0.242553939752004,1.04896654612598
0.483928571428571,0.200667050549874,0.190186421538332,0.242437964331951,1.04910380717052
0.484027777777778,0.20064821414931,0.190190659481493,0.242322044265714,1.04924104636579
0.484126984126984,0.200629380445295,0.19019488805658,0.24220617952588,1.04937826371785
0.48422619047619,0.200610549439872,0.190199107267688,0.242090370085046,1.04951545923282
0.484325396825397,0.200591721135087,0.190203317118911,0.241974615915824,1.04965263291676
0.484424603174603,0.200572895532991,0.19020751761434,0.241858916990837,1.04978978477576
0.48452380952381,0.200554072635637,0.190211708758059,0.241743273282722,1.04992691481589
0.484623015873016,0.200535252445081,0.190215890554153,0.241627684764125,1.05006402304323
0.484722222222222,0.200516434963381,0.1902200630067,0.241512151407706,1.05020110946383
0.484821428571429,0.2004976201926,0.190224226119776,0.241396673186139,1.05033817408377
0.484920634920635,0.200478808134804,0.190228379897454,0.241281250072107,1.05047521690911
0.485019841269841,0.200459998792061,0.190232524343802,0.241165882038307,1.05061223794589
0.485119047619048,0.200441192166442,0.190236659462886,0.241050569057448,1.05074923720017
0.485218253968254,0.200422388260022,0.190240785258768,0.24093531110225,1.050886214678
0.48531746031746,0.20040358707488,0.190244901735506,0.240820108145449,1.05102317038542
0.485416666666667,0.200384788613095,0.190249008897154,0.240704960159788,1.05116010432846
0.485515873015873,0.200365992876753,0.190253106747764,0.240589867118026,1.05129701651316
0.485615079365079,0.200347199867941,0.190257195291385,0.240474828992934,1.05143390694556
0.485714285714286,0.200328409588748,0.19026127453206,0.240359845757292,1.05157077563167
0.485813492063492,0.200309622041268,0.19026534447383,0.240244917383896,1.05170762257752
0.485912698412698,0.200290837227598,0.190269405120733,0.240130043845552,1.05184444778912
0.486011904761905,0.200272055149838,0.190273456476802,0.24001522511508,1.0519812512725
0.486111111111111,0.20025327581009,0.190277498546068,0.23990046116531,1.05211803303366
0.486210317460318,0.20023449921046,0.190281531332558,0.239785751969087,1.0522547930786
0.486309523809524,0.200215725353057,0.190285554840295,0.239671097499265,1.05239153141333
0.48640873015873,0.200196954239994,0.190289569073299,0.239556497728713,1.05252824804385
0.486507936507937,0.200178185873385,0.190293574035586,0.23944195263031,1.05266494297614
0.486607142857143,0.20015942025535,0.19029756973117,0.23932746217695,1.0528016162162
0.486706349206349,0.200140657388009,0.19030155616406,0.239213026341536,1.05293826777002
0.486805555555556,0.200121897273488,0.190305533338261,0.239098645096985,1.05307489764356
0.486904761904762,0.200103139913913,0.190309501257777,0.238984318416227,1.05321150584282
0.487003968253968,0.200084385311417,0.190313459926605,0.238870046272203,1.05334809237376
0.487103174603175,0.200065633468132,0.190317409348742,0.238755828637866,1.05348465724234
0.487202380952381,0.200046884386197,0.190321349528179,0.238641665486181,1.05362120045455
0.487301587301587,0.20002813806775,0.190325280468905,0.238527556790128,1.05375772201633
0.487400793650794,0.200009394514937,0.190329202174905,0.238413502522695,1.05389422193364
0.4875,0.199990653729902,0.19033311465016,0.238299502656886,1.05403070021244
0.487599206349206,0.199971915714796,0.190337017898648,0.238185557165715,1.05416715685867
0.487698412698413,0.199953180471772,0.190340911924343,0.238071666022209,1.05430359187827
0.487797619047619,0.199934448002984,0.190344796731217,0.237957829199406,1.0544400052772
0.487896825396825,0.199915718310593,0.190348672323237,0.237844046670359,1.05457639706137
0.487996031746032,0.19989699139676,0.190352538704367,0.237730318408131,1.05471276723673
0.488095238095238,0.199878267263651,0.190356395878567,0.237616644385797,1.0548491158092
0.488194444444444,0.199859545913433,0.190360243849795,0.237503024576446,1.0549854427847
0.488293650793651,0.199840827348278,0.190364082622003,0.237389458953178,1.05512174816916
0.488392857142857,0.199822111570361,0.190367912199142,0.237275947489104,1.05525803196849
0.488492063492063,0.199803398581859,0.190371732585159,0.237162490157351,1.05539429418859
0.48859126984127,0.199784688384953,0.190375543783995,0.237049086931055,1.05553053483539
0.488690476190476,0.199765980981827,0.190379345799592,0.236935737783365,1.05566675391477
0.488789682539683,0.199747276374669,0.190383138635884,0.236822442687442,1.05580295143265
0.488888888888889,0.199728574565667,0.190386922296804,0.23670920161646,1.0559391273949
0.488988095238095,0.199709875557016,0.190390696786282,0.236596014543605,1.05607528180743
0.489087301587302,0.199691179350911,0.190394462108242,0.236482881442074,1.05621141467613
0.489186507936508,0.199672485949553,0.190398218266608,0.236369802285079,1.05634752600686
0.489285714285714,0.199653795355143,0.190401965265296,0.236256777045842,1.05648361580552
0.489384920634921,0.199635107569888,0.190405703108223,0.236143805697597,1.05661968407797
0.489484126984127,0.199616422595997,0.190409431799299,0.236030888213591,1.05675573083009
0.489583333333333,0.19959774043568,0.190413151342433,0.235918024567084,1.05689175606774
0.48968253968254,0.199579061091155,0.19041686174153,0.235805214731347,1.05702775979678
0.489781746031746,0.199560384564637,0.19042056300049,0.235692458679664,1.05716374202307
0.489880952380952,0.19954171085835,0.190424255123211,0.23557975638533,1.05729970275247
0.489980158730159,0.199523039974517,0.190427938113587,0.235467107821654,1.05743564199082
0.490079365079365,0.199504371915366,0.190431611975508,0.235354512961955,1.05757155974397
0.490178571428571,0.199485706683128,0.190435276712862,0.235241971779568,1.05770745601777
0.490277777777778,0.199467044280036,0.190438932329532,0.235129484247835,1.05784333081804
0.490376984126984,0.199448384708328,0.190442578829398,0.235017050340116,1.05797918415062
0.490476190476191,0.199429727970242,0.190446216216337,0.234904670029777,1.05811501602134
0.490575396825397,0.199411074068024,0.190449844494222,0.234792343290202,1.05825082643603
0.490674603174603,0.199392423003918,0.190453463666922,0.234680070094784,1.0583866154005
0.49077380952381,0.199373774780174,0.190457073738304,0.234567850416929,1.05852238292058
0.490873015873016,0.199355129399045,0.190460674712229,0.234455684230054,1.05865812900207
0.490972222222222,0.199336486862786,0.190464266592558,0.234343571507591,1.05879385365078
0.491071428571429,0.199317847173656,0.190467849383145,0.234231512222982,1.05892955687252
0.491170634920635,0.199299210333917,0.190471423087843,0.234119506349682,1.05906523867309
0.491269841269841,0.199280576345833,0.190474987710501,0.234007553861158,1.05920089905828
0.491369047619048,0.199261945211674,0.190478543254963,0.233895654730889,1.05933653803389
0.491468253968254,0.19924331693371,0.190482089725071,0.233783808932367,1.05947215560571
0.49156746031746,0.199224691514215,0.190485627124663,0.233672016439096,1.05960775177951
0.491666666666667,0.199206068955467,0.190489155457574,0.233560277224591,1.05974332656108
0.491765873015873,0.199187449259747,0.190492674727635,0.233448591262381,1.05987887995619
0.491865079365079,0.199168832429338,0.190496184938673,0.233336958526006,1.06001441197062
0.491964285714286,0.199150218466527,0.190499686094513,0.233225378989019,1.06014992261013
0.492063492063492,0.199131607373604,0.190503178198976,0.233113852624985,1.06028541188048
0.492162698412698,0.199112999152862,0.190506661255877,0.233002379407481,1.06042087978744
0.492261904761905,0.199094393806597,0.190510135269032,0.232890959310097,1.06055632633676
0.492361111111111,0.199075791337108,0.19051360024225,0.232779592306433,1.06069175153419
0.492460317460317,0.199057191746698,0.190517056179338,0.232668278370105,1.06082715538548
0.492559523809524,0.199038595037673,0.190520503084098,0.232557017474737,1.06096253789637
0.49265873015873,0.199020001212341,0.190523940960332,0.232445809593969,1.06109789907259
0.492757936507936,0.199001410273013,0.190527369811834,0.23233465470145,1.06123323891989
0.492857142857143,0.198982822222005,0.190530789642397,0.232223552770843,1.061368557444
0.492956349206349,0.198964237061634,0.190534200455811,0.232112503775825,1.06150385465063
0.493055555555556,0.198945654794222,0.190537602255862,0.23200150769008,1.06163913054551
0.493154761904762,0.198927075422094,0.19054099504633,0.23189056448731,1.06177438513437
0.493253968253968,0.198908498947575,0.190544378830996,0.231779674141226,1.06190961842291
0.493353174603175,0.198889925372997,0.190547753613635,0.231668836625551,1.06204483041685
0.493452380952381,0.198871354700694,0.190551119398017,0.231558051914021,1.06218002112188
0.493551587301587,0.198852786933001,0.190554476187911,0.231447319980386,1.06231519054372
0.493650793650794,0.19883422207226,0.190557823987082,0.231336640798406,1.06245033868805
0.49375,0.198815660120812,0.190561162799291,0.231226014341853,1.06258546556058
0.493849206349206,0.198797101081004,0.190564492628296,0.231115440584512,1.062720571167
0.493948412698413,0.198778544955186,0.190567813477851,0.231004919500182,1.06285565551297
0.494047619047619,0.198759991745708,0.190571125351707,0.23089445106267,1.0629907186042
0.494146825396825,0.198741441454928,0.19057442825361,0.2307840352458,1.06312576044636
0.494246031746032,0.198722894085202,0.190577722187305,0.230673672023404,1.06326078104511
0.494345238095238,0.198704349638894,0.190581007156532,0.230563361369329,1.06339578040613
0.494444444444444,0.198685808118368,0.190584283165028,0.230453103257434,1.06353075853508
0.494543650793651,0.198667269525991,0.190587550216525,0.230342897661589,1.06366571543762
0.494642857142857,0.198648733864134,0.190590808314754,0.230232744555677,1.06380065111942
0.494742063492063,0.198630201135173,0.19059405746344,0.230122643913593,1.06393556558611
0.49484126984127,0.198611671341483,0.190597297666307,0.230012595709244,1.06407045884336
0.494940476190476,0.198593144485446,0.190600528927074,0.229902599916551,1.0642053308968
0.495039682539683,0.198574620569445,0.190603751249456,0.229792656509444,1.06434018175207
0.495138888888889,0.198556099595866,0.190606964637166,0.229682765461867,1.06447501141482
0.495238095238095,0.198537581442063,0.190610169142565,0.229572926754872,1.06460981993934
0.495337301587302,0.198519065842102,0.190613364873552,0.229463140378806,1.06474460743548
0.495436507936508,0.198500552786418,0.190616551838087,0.229353406310475,1.06487937391302
0.495535714285714,0.198482042274235,0.190619730040707,0.22924372452621,1.06501411937831
0.495634920634921,0.198463534304778,0.190622899485946,0.229134095002349,1.06514884383772
0.495734126984127,0.198445028877275,0.190626060178337,0.229024517715237,1.06528354729761
0.495833333333333,0.19842652599095,0.19062921212241,0.228914992641228,1.06541822976433
0.49593253968254,0.198408025645034,0.190632355322694,0.228805519756683,1.06555289124423
0.496031746031746,0.198389527838753,0.190635489783717,0.228696099037969,1.06568753174366
0.496130952380952,0.19837103257134,0.190638615510004,0.228586730461463,1.06582215126897
0.496230158730159,0.198352539842023,0.190641732506078,0.228477414003548,1.06595674982651
0.496329365079365,0.198334049650035,0.190644840776462,0.228368149640616,1.06609132742262
0.496428571428571,0.198315561994609,0.190647940325676,0.228258937349064,1.06622588406364
0.496527777777778,0.198297076874979,0.190651031158239,0.228149777105299,1.06636041975591
0.496626984126984,0.198278594290378,0.190654113278666,0.228040668885734,1.06649493450577
0.49672619047619,0.198260114240042,0.190657186691474,0.227931612666791,1.06662942831955
0.496825396825397,0.198241636723208,0.190660251401175,0.227822608424898,1.06676390120359
0.496924603174603,0.198223161739113,0.190663307412281,0.227713656136492,1.06689835316422
0.49702380952381,0.198204689286995,0.1906663547293,0.227604755778016,1.06703278420776
0.497123015873016,0.198186219366094,0.190669393356742,0.227495907325922,1.06716719434054
0.497222222222222,0.19816775197565,0.190672423299113,0.227387110756669,1.0673015835689
0.497321428571429,0.198149287114903,0.190675444560916,0.227278366046723,1.06743595189914
0.497420634920635,0.198130824783097,0.190678457146654,0.227169673172559,1.06757029933759
0.497519841269841,0.198112364979473,0.190681461060829,0.227061032110657,1.06770462589057
0.497619047619048,0.198093907703275,0.190684456307939,0.226952442837507,1.06783893156439
0.497718253968254,0.19807545295375,0.190687442892482,0.226843905329606,1.06797321636536
0.49781746031746,0.198057000730141,0.190690420818953,0.226735419563459,1.06810748029981
0.497916666666667,0.198038551031696,0.190693390091846,0.226626985515575,1.06824172337403
0.498015873015873,0.198020103857663,0.190696350715654,0.226518603162476,1.06837594559434
0.498115079365079,0.19800165920729,0.190699302694866,0.226410272480689,1.06851014696704
0.498214285714286,0.197983217079827,0.190702246033971,0.226301993446746,1.06864432749843
0.498313492063492,0.197964777474524,0.190705180737455,0.226193766037191,1.06877848719482
0.498412698412698,0.197946340390632,0.190708106809805,0.226085590228573,1.06891262606249
0.498511904761905,0.197927905827404,0.190711024255503,0.22597746599745,1.06904674410776
0.498611111111111,0.197909473784094,0.19071393307903,0.225869393320385,1.06918084133691
0.498710317460317,0.197891044259954,0.190716833284867,0.225761372173951,1.06931491775623
0.498809523809524,0.19787261725424,0.190719724877492,0.225653402534728,1.06944897337202
0.49890873015873,0.197854192766209,0.19072260786138,0.225545484379303,1.06958300819056
0.499007936507936,0.197835770795117,0.190725482241006,0.225437617684271,1.06971702221813
0.499107142857143,0.197817351340223,0.190728348020843,0.225329802426235,1.06985101546103
0.499206349206349,0.197798934400784,0.190731205205362,0.225222038581803,1.06998498792553
0.499305555555556,0.197780519976061,0.190734053799032,0.225114326127595,1.07011893961792
0.499404761904762,0.197762108065315,0.190736893806321,0.225006665040234,1.07025287054446
0.499503968253968,0.197743698667807,0.190739725231693,0.224899055296355,1.07038678071144
0.499603174603175,0.1977252917828,0.190742548079614,0.224791496872595,1.07052067012513
0.499702380952381,0.197706887409557,0.190745362354545,0.224683989745605,1.07065453879179
0.499801587301587,0.197688485547343,0.190748168060947,0.224576533892038,1.0707883867177
0.499900793650794,0.197670086195424,0.190750965203278,0.224469129288557,1.07092221390912
0.5,0.197651689353064,0.190753753785996,0.224361775911834,1.07105602037232
0.500099206349206,0.197633295019532,0.190756533813555,0.224254473738545,1.07118980611356
0.500198412698413,0.197614903194097,0.190759305290408,0.224147222745376,1.07132357113909
0.500297619047619,0.197596513876026,0.190762068221008,0.224040022909021,1.07145731545518
0.500396825396825,0.197578127064591,0.190764822609804,0.22393287420618,1.07159103906808
0.500496031746032,0.197559742759061,0.190767568461245,0.223825776613561,1.07172474198405
0.500595238095238,0.19754136095871,0.190770305779776,0.22371873010788,1.07185842420933
0.500694444444444,0.197522981662809,0.190773034569842,0.223611734665859,1.07199208575018
0.500793650793651,0.197504604870634,0.190775754835887,0.223504790264231,1.07212572661284
0.500892857142857,0.197486230581457,0.19077846658235,0.223397896879732,1.07225934680356
0.500992063492063,0.197467858794556,0.190781169813672,0.223291054489109,1.07239294632857
0.50109126984127,0.197449489509207,0.19078386453429,0.223184263069116,1.07252652519413
0.501190476190476,0.197431122724687,0.19078655074864,0.223077522596513,1.07266008340646
0.501289682539683,0.197412758440275,0.190789228461155,0.22297083304807,1.07279362097181
0.501388888888889,0.197394396655249,0.190791897676269,0.222864194400561,1.07292713789641
0.501488095238095,0.197376037368892,0.190794558398411,0.222757606630771,1.07306063418648
0.501587301587302,0.197357680580483,0.19079721063201,0.22265106971549,1.07319410984827
0.501686507936508,0.197339326289305,0.190799854381493,0.222544583631519,1.07332756488799
0.501785714285714,0.197320974494641,0.190802489651287,0.222438148355662,1.07346099931188
0.501884920634921,0.197302625195776,0.190805116445813,0.222331763864734,1.07359441312615
0.501984126984127,0.197284278391993,0.190807734769493,0.222225430135556,1.07372780633703
0.502083333333333,0.19726593408258,0.190810344626749,0.222119147144957,1.07386117895074
0.50218253968254,0.197247592266823,0.190812946021997,0.222012914869774,1.07399453097349
0.502281746031746,0.19722925294401,0.190815538959655,0.221906733286851,1.0741278624115
0.502380952380952,0.197210916113429,0.190818123444136,0.221800602373038,1.07426117327097
0.502480158730159,0.197192581774371,0.190820699479854,0.221694522105197,1.07439446355813
0.502579365079365,0.197174249926126,0.190823267071221,0.221588492460192,1.07452773327917
0.502678571428571,0.197155920567985,0.190825826222644,0.221482513414898,1.07466098244031
0.502777777777778,0.197137593699241,0.190828376938533,0.221376584946198,1.07479421104775
0.502876984126984,0.197119269319188,0.190830919223293,0.221270707030981,1.07492741910769
0.50297619047619,0.19710094742712,0.190833453081328,0.221164879646143,1.07506060662633
0.503075396825397,0.197082628022331,0.19083597851704,0.221059102768588,1.07519377360986
0.503174603174603,0.197064311104119,0.19083849553483,0.22095337637523,1.07532692006449
0.50327380952381,0.197045996671781,0.190841004139098,0.220847700442987,1.0754600459964
0.503373015873016,0.197027684724614,0.190843504334239,0.220742074948787,1.07559315141179
0.503472222222222,0.197009375261918,0.190845996124649,0.220636499869564,1.07572623631685
0.503571428571429,0.196991068282992,0.190848479514722,0.220530975182261,1.07585930071775
0.503670634920635,0.196972763787138,0.19085095450885,0.220425500863826,1.0759923446207
0.503769841269841,0.196954461773657,0.190853421111423,0.220320076891219,1.07612536803186
0.503869047619048,0.196936162241852,0.190855879326829,0.220214703241403,1.07625837095742
0.503968253968254,0.196917865191027,0.190858329159454,0.22010937989135,1.07639135340355
0.50406746031746,0.196899570620487,0.190860770613683,0.220004106818042,1.07652431537644
0.504166666666667,0.196881278529536,0.1908632036939,0.219898883998465,1.07665725688226
0.504265873015873,0.196862988917483,0.190865628404485,0.219793711409614,1.07679017792718
0.504365079365079,0.196844701783633,0.190868044749819,0.219688589028493,1.07692307851736
0.504464285714286,0.196826417127296,0.190870452734278,0.21958351683211,1.07705595865897
0.504563492063492,0.19680813494778,0.190872852362239,0.219478494797485,1.07718881835819
0.504662698412698,0.196789855244396,0.190875243638076,0.219373522901642,1.07732165762117
0.504761904761905,0.196771578016456,0.190877626566162,0.219268601121614,1.07745447645407
0.504861111111111,0.19675330326327,0.190880001150866,0.219163729434441,1.07758727486306
0.504960317460317,0.196735030984153,0.190882367396559,0.219058907817172,1.07772005285429
0.505059523809524,0.196716761178419,0.190884725307607,0.218954136246862,1.0778528104339
0.50515873015873,0.196698493845381,0.190887074888376,0.218849414700574,1.07798554760807
0.505257936507937,0.196680228984357,0.190889416143229,0.218744743155378,1.07811826438293
0.505357142857143,0.196661966594662,0.190891749076528,0.218640121588353,1.07825096076463
0.505456349206349,0.196643706675616,0.190894073692634,0.218535549976584,1.07838363675932
0.505555555555556,0.196625449226535,0.190896389995905,0.218431028297165,1.07851629237315
0.505654761904762,0.19660719424674,0.190898697990697,0.218326556527196,1.07864892761225
0.505753968253968,0.196588941735552,0.190900997681365,0.218222134643786,1.07878154248276
0.505853174603175,0.196570691692292,0.190903289072263,0.218117762624051,1.07891413699082
0.505952380952381,0.196552444116282,0.190905572167741,0.218013440445114,1.07904671114257
0.506051587301587,0.196534199006845,0.19090784697215,0.217909168084105,1.07917926494414
0.506150793650794,0.196515956363307,0.190910113489837,0.217804945518165,1.07931179840166
0.50625,0.196497716184991,0.190912371725149,0.217700772724438,1.07944431152125
0.506349206349206,0.196479478471225,0.190914621682429,0.217596649680078,1.07957680430905
0.506448412698413,0.196461243221335,0.19091686336602,0.217492576362247,1.07970927677118
0.506547619047619,0.196443010434649,0.190919096780263,0.217388552748113,1.07984172891376
0.506646825396825,0.196424780110497,0.190921321929497,0.217284578814853,1.0799741607429
0.506746031746032,0.196406552248207,0.190923538818059,0.217180654539651,1.08010657226474
0.506845238095238,0.196388326847112,0.190925747450285,0.217076779899697,1.08023896348538
0.506944444444444,0.196370103906542,0.190927947830508,0.216972954872191,1.08037133441094
0.507043650793651,0.196351883425831,0.190930139963061,0.21686917943434,1.08050368504753
0.507142857142857,0.196333665404312,0.190932323852274,0.216765453563357,1.08063601540125
0.507242063492063,0.196315449841319,0.190934499502475,0.216661777236464,1.08076832547822
0.50734126984127,0.196297236736188,0.190936666917991,0.21655815043089,1.08090061528454
0.507440476190476,0.196279026088256,0.190938826103147,0.216454573123872,1.08103288482631
0.507539682539683,0.196260817896859,0.190940977062267,0.216351045292654,1.08116513410963
0.507638888888889,0.196242612161337,0.19094311979967,0.216247566914488,1.08129736314061
0.507738095238095,0.196224408881028,0.190945254319678,0.216144137966634,1.08142957192533
0.507837301587302,0.196206208055272,0.190947380626609,0.216040758426357,1.0815617604699
0.507936507936508,0.196188009683411,0.190949498724777,0.215937428270934,1.08169392878039
0.508035714285714,0.196169813764786,0.190951608618499,0.215834147477645,1.08182607686291
0.508134920634921,0.196151620298742,0.190953710312086,0.215730916023781,1.08195820472355
0.508234126984127,0.19613342928462,0.190955803809849,0.215627733886638,1.08209031236838
0.508333333333333,0.196115240721767,0.190957889116098,0.215524601043521,1.08222239980349
0.50843253968254,0.196097054609528,0.190959966235139,0.215421517471743,1.08235446703496
0.508531746031746,0.196078870947249,0.19096203517128,0.215318483148622,1.08248651406887
0.508630952380952,0.196060689734279,0.190964095928822,0.215215498051488,1.08261854091129
0.508730158730159,0.196042510969966,0.190966148512069,0.215112562157673,1.08275054756831
0.508829365079365,0.19602433465366,0.190968192925321,0.215009675444522,1.08288253404599
0.508928571428571,0.19600616078471,0.190970229172876,0.214906837889383,1.08301450035041
0.509027777777778,0.195987989362469,0.190972257259031,0.214804049469614,1.08314644648763
0.509126984126984,0.195969820386288,0.190974277188081,0.214701310162581,1.08327837246372
0.50922619047619,0.195951653855521,0.19097628896432,0.214598619945655,1.08341027828475
0.509325396825397,0.195933489769522,0.190978292592039,0.214495978796218,1.08354216395676
0.509424603174603,0.195915328127646,0.190980288075528,0.214393386691657,1.08367402948584
0.509523809523809,0.19589716892925,0.190982275419075,0.214290843609367,1.08380587487802
0.509623015873016,0.195879012173689,0.190984254626966,0.214188349526751,1.08393770013937
0.509722222222222,0.195860857860323,0.190986225703485,0.21408590442122,1.08406950527595
0.509821428571429,0.195842705988509,0.190988188652916,0.213983508270191,1.08420129029379
0.509920634920635,0.195824556557608,0.19099014347954,0.21388116105109,1.08433305519895
0.510019841269841,0.195806409566981,0.190992090187635,0.21377886274135,1.08446479999749
0.510119047619048,0.195788265015989,0.190994028781479,0.213676613318411,1.08459652469543
0.510218253968254,0.195770122903994,0.190995959265348,0.213574412759722,1.08472822929883
0.51031746031746,0.195751983230361,0.190997881643516,0.213472261042739,1.08485991381372
0.510416666666667,0.195733845994453,0.190999795920255,0.213370158144924,1.08499157824615
0.510515873015873,0.195715711195636,0.191001702099835,0.213268104043748,1.08512322260214
0.510615079365079,0.195697578833277,0.191003600186525,0.21316609871669,1.08525484688774
0.510714285714286,0.195679448906742,0.191005490184593,0.213064142141236,1.08538645110897
0.510813492063492,0.1956613214154,0.191007372098302,0.212962234294879,1.08551803527186
0.510912698412698,0.19564319635862,0.191009245931917,0.212860375155121,1.08564959938245
0.511011904761905,0.195625073735773,0.191011111689699,0.212758564699469,1.08578114344675
0.511111111111111,0.195606953546228,0.191012969375909,0.212656802905439,1.08591266747079
0.511210317460318,0.195588835789358,0.191014818994803,0.212555089750556,1.0860441714606
0.511309523809524,0.195570720464536,0.191016660550639,0.212453425212351,1.08617565542218
0.51140873015873,0.195552607571135,0.191018494047672,0.212351809268363,1.08630711936156
0.511507936507937,0.195534497108531,0.191020319490153,0.212250241896137,1.08643856328474
0.511607142857143,0.195516389076099,0.191022136882335,0.212148723073227,1.08656998719775
0.511706349206349,0.195498283473216,0.191023946228465,0.212047252777196,1.0867013911066
0.511805555555556,0.195480180299259,0.191025747532793,0.211945830985612,1.08683277501728
0.511904761904762,0.195462079553607,0.191027540799564,0.211844457676051,1.08696413893581
0.512003968253968,0.195443981235639,0.191029326033022,0.211743132826098,1.08709548286819
0.512103174603175,0.195425885344735,0.191031103237408,0.211641856413344,1.08722680682042
0.512202380952381,0.195407791880277,0.191032872416965,0.211540628415388,1.0873581107985
0.512301587301587,0.195389700841647,0.19103463357593,0.211439448809838,1.08748939480844
0.512400793650794,0.195371612228228,0.19103638671854,0.211338317574307,1.08762065885621
0.5125,0.195353526039404,0.191038131849031,0.211237234686417,1.08775190294782
0.512599206349206,0.19533544227456,0.191039868971637,0.211136200123797,1.08788312708926
0.512698412698413,0.195317360933083,0.191041598090588,0.211035213864086,1.08801433128652
0.512797619047619,0.195299282014358,0.191043319210115,0.210934275884926,1.08814551554557
0.512896825396825,0.195281205517775,0.191045032334447,0.21083338616397,1.08827667987242
0.512996031746032,0.195263131442721,0.191046737467809,0.210732544678878,1.08840782427303
0.513095238095238,0.195245059788586,0.191048434614427,0.210631751407316,1.08853894875339
0.513194444444445,0.195226990554762,0.191050123778522,0.21053100632696,1.08867005331948
0.513293650793651,0.195208923740638,0.191051804964318,0.210430309415492,1.08880113797727
0.513392857142857,0.195190859345609,0.191053478176032,0.2103296606506,1.08893220273274
0.513492063492063,0.195172797369068,0.191055143417882,0.210229060009984,1.08906324759185
0.51359126984127,0.195154737810408,0.191056800694085,0.210128507471348,1.08919427256058
0.513690476190476,0.195136680669025,0.191058450008855,0.210028003012403,1.0893252776449
0.513789682539682,0.195118625944316,0.191060091366404,0.209927546610871,1.08945626285076
0.513888888888889,0.195100573635677,0.191061724770942,0.209827138244478,1.08958722818413
0.513988095238095,0.195082523742507,0.191063350226679,0.20972677789096,1.08971817365098
0.514087301587302,0.195064476264204,0.191064967737821,0.209626465528059,1.08984909925726
0.514186507936508,0.19504643120017,0.191066577308575,0.209526201133525,1.08998000500892
0.514285714285714,0.195028388549803,0.191068178943143,0.209425984685117,1.09011089091193
0.514384920634921,0.195010348312507,0.191069772645727,0.2093258161606,1.09024175697223
0.514484126984127,0.194992310487685,0.191071358420528,0.209225695537746,1.09037260319577
0.514583333333333,0.194974275074739,0.191072936271743,0.209125622794336,1.09050342958851
0.51468253968254,0.194956242073074,0.19107450620357,0.209025597908158,1.09063423615638
0.514781746031746,0.194938211482097,0.191076068220203,0.208925620857007,1.09076502290533
0.514880952380952,0.194920183301214,0.191077622325836,0.208825691618686,1.0908957898413
0.514980158730159,0.194902157529831,0.191079168524658,0.208725810171007,1.09102653697023
0.515079365079365,0.194884134167358,0.191080706820861,0.208625976491786,1.09115726429806
0.515178571428571,0.194866113213204,0.191082237218631,0.208526190558851,1.09128797183072
0.515277777777778,0.194848094666779,0.191083759722155,0.208426452350033,1.09141865957415
0.515376984126984,0.194830078527494,0.191085274335617,0.208326761843174,1.09154932753427
0.51547619047619,0.194812064794761,0.1910867810632,0.208227119016123,1.09167997571702
0.515575396825397,0.194794053467994,0.191088279909084,0.208127523846734,1.09181060412831
0.515674603174603,0.194776044546606,0.191089770877448,0.208027976312873,1.09194121277408
0.51577380952381,0.194758038030013,0.191091253972469,0.207928476392408,1.09207180166025
0.515873015873016,0.19474003391763,0.191092729198323,0.207829024063221,1.09220237079273
0.515972222222222,0.194722032208874,0.191094196559184,0.207729619303195,1.09233292017744
0.516071428571429,0.194704032903162,0.191095656059223,0.207630262090225,1.09246344982031
0.516170634920635,0.194686035999914,0.191097107702611,0.207530952402213,1.09259395972723
0.516269841269841,0.194668041498549,0.191098551493515,0.207431690217067,1.09272444990413
0.516369047619048,0.194650049398488,0.191099987436104,0.207332475512703,1.09285492035691
0.516468253968254,0.194632059699151,0.191101415534541,0.207233308267045,1.09298537109148
0.51656746031746,0.194614072399962,0.191102835792989,0.207134188458024,1.09311580211374
0.516666666666667,0.194596087500344,0.191104248215611,0.20703511606358,1.0932462134296
0.516765873015873,0.19457810499972,0.191105652806565,0.20693609106166,1.09337660504496
0.516865079365079,0.194560124897517,0.19110704957001,0.206837113430216,1.09350697696571
0.516964285714286,0.194542147193161,0.191108438510102,0.206738183147212,1.09363732919775
0.517063492063492,0.194524171886077,0.191109819630995,0.206639300190615,1.09376766174698
0.517162698412698,0.194506198975696,0.191111192936841,0.206540464538403,1.09389797461928
0.517261904761905,0.194488228461444,0.191112558431792,0.20644167616856,1.09402826782055
0.517361111111111,0.194470260342753,0.191113916119996,0.206342935059077,1.09415854135668
0.517460317460318,0.194452294619053,0.191115266005601,0.206244241187955,1.09428879523354
0.517559523809524,0.194434331289776,0.191116608092752,0.206145594533201,1.09441902945702
0.51765873015873,0.194416370354355,0.191117942385594,0.206046995072827,1.09454924403301
0.517757936507937,0.194398411812223,0.191119268888267,0.205948442784858,1.09467943896738
0.517857142857143,0.194380455662814,0.191120587604913,0.205849937647322,1.09480961426601
0.517956349206349,0.194362501905565,0.19112189853967,0.205751479638256,1.09493976993477
0.518055555555555,0.194344550539911,0.191123201696674,0.205653068735705,1.09506990597954
0.518154761904762,0.19432660156529,0.191124497080062,0.205554704917721,1.09520002240619
0.518253968253968,0.194308654981141,0.191125784693965,0.205456388162365,1.09533011922057
0.518353174603175,0.194290710786902,0.191127064542515,0.205358118447703,1.09546019642857
0.518452380952381,0.194272768982014,0.191128336629843,0.205259895751811,1.09559025403605
0.518551587301587,0.194254829565918,0.191129600960075,0.20516172005277,1.09572029204885
0.518650793650794,0.194236892538055,0.191130857537339,0.205063591328671,1.09585031047286
0.51875,0.194218957897869,0.191132106365758,0.204965509557612,1.09598030931391
0.518849206349206,0.194201025644804,0.191133347449456,0.204867474717696,1.09611028857788
0.518948412698413,0.194183095778305,0.191134580792553,0.204769486787039,1.0962402482706
0.519047619047619,0.194165168297816,0.191135806399169,0.204671545743758,1.09637018839793
0.519146825396825,0.194147243202786,0.19113702427342,0.204573651565982,1.09650010896573
0.519246031746032,0.194129320492662,0.191138234419423,0.204475804231847,1.09663000997983
0.519345238095238,0.194111400166891,0.191139436841291,0.204378003719495,1.09675989144608
0.519444444444444,0.194093482224925,0.191140631543137,0.204280250007077,1.09688975337033
0.519543650793651,0.194075566666212,0.19114181852907,0.20418254307275,1.09701959575841
0.519642857142857,0.194057653490205,0.1911429978032,0.204084882894681,1.09714941861616
0.519742063492063,0.194039742696356,0.191144169369633,0.203987269451042,1.09727922194942
0.51984126984127,0.194021834284118,0.191145333232475,0.203889702720013,1.09740900576402
0.519940476190476,0.194003928252945,0.191146489395828,0.203792182679783,1.0975387700658
0.520039682539683,0.193986024602293,0.191147637863795,0.203694709308548,1.09766851486057
0.520138888888889,0.193968123331617,0.191148778640475,0.203597282584511,1.09779824015418
0.520238095238095,0.193950224440375,0.191149911729966,0.203499902485883,1.09792794595243
0.520337301587302,0.193932327928024,0.191151037136364,0.203402568990882,1.09805763226117
0.520436507936508,0.193914433794023,0.191152154863764,0.203305282077734,1.0981872990862
0.520535714285714,0.193896542037832,0.191153264916259,0.203208041724673,1.09831694643335
0.520634920634921,0.193878652658912,0.19115436729794,0.203110847909939,1.09844657430843
0.520734126984127,0.193860765656725,0.191155462012896,0.203013700611781,1.09857618271726
0.520833333333333,0.193842881030732,0.191156549065214,0.202916599808455,1.09870577166565
0.52093253968254,0.193824998780398,0.191157628458981,0.202819545478225,1.09883534115941
0.521031746031746,0.193807118905187,0.19115870019828,0.202722537599363,1.09896489120434
0.521130952380952,0.193789241404564,0.191159764287193,0.202625576150146,1.09909442180626
0.521230158730159,0.193771366277996,0.191160820729801,0.202528661108862,1.09922393297097
0.521329365079365,0.19375349352495,0.191161869530183,0.202431792453803,1.09935342470426
0.521428571428571,0.193735623144894,0.191162910692416,0.202334970163273,1.09948289701194
0.521527777777778,0.193717755137298,0.191163944220574,0.202238194215578,1.0996123498998
0.521626984126984,0.19369988950163,0.191164970118731,0.202141464589037,1.09974178337364
0.521726190476191,0.193682026237364,0.19116598839096,0.202044781261973,1.09987119743926
0.521825396825397,0.193664165343969,0.191166999041329,0.201948144212718,1.10000059210243
0.521924603174603,0.19364630682092,0.191168002073907,0.201851553419611,1.10012996736896
0.52202380952381,0.19362845066769,0.19116899749276,0.201755008860999,1.10025932324462
0.522123015873016,0.193610596883753,0.191169985301953,0.201658510515235,1.10038865973521
0.522222222222222,0.193592745468586,0.191170965505549,0.201562058360683,1.10051797684649
0.522321428571429,0.193574896421665,0.191171938107609,0.201465652375711,1.10064727458427
0.522420634920635,0.193557049742468,0.191172903112192,0.201369292538696,1.1007765529543
0.522519841269841,0.193539205430472,0.191173860523356,0.201272978828022,1.10090581196237
0.522619047619048,0.193521363485159,0.191174810345157,0.201176711222083,1.10103505161424
0.522718253968254,0.193503523906007,0.191175752581648,0.201080489699276,1.1011642719157
0.52281746031746,0.193485686692498,0.191176687236883,0.200984314238011,1.10129347287251
0.522916666666667,0.193467851844114,0.191177614314911,0.2008881848167,1.10142265449044
0.523015873015873,0.193450019360339,0.191178533819782,0.200792101413767,1.10155181677525
0.523115079365079,0.193432189240657,0.191179445755542,0.200696064007641,1.1016809597327
0.523214285714286,0.193414361484552,0.191180350126237,0.200600072576759,1.10181008336856
0.523313492063492,0.193396536091511,0.19118124693591,0.200504127099568,1.10193918768858
0.523412698412698,0.193378713061021,0.191182136188604,0.200408227554518,1.10206827269852
0.523511904761905,0.193360892392568,0.191183017888357,0.20031237392007,1.10219733840413
0.523611111111111,0.193343074085643,0.191183892039209,0.200216566174692,1.10232638481117
0.523710317460317,0.193325258139734,0.191184758645195,0.200120804296858,1.10245541192538
0.523809523809524,0.193307444554333,0.191185617710351,0.200025088265051,1.10258441975252
0.52390873015873,0.193289633328931,0.19118646923871,0.199929418057762,1.10271340829832
0.524007936507937,0.193271824463021,0.191187313234302,0.199833793653489,1.10284237756854
0.524107142857143,0.193254017956095,0.191188149701157,0.199738215030736,1.10297132756891
0.524206349206349,0.193236213807648,0.191188978643304,0.199642682168016,1.10310025830517
0.524305555555556,0.193218412017176,0.191189800064767,0.19954719504385,1.10322916978306
0.524404761904762,0.193200612584175,0.191190613969571,0.199451753636766,1.10335806200831
0.524503968253968,0.193182815508142,0.191191420361738,0.199356357925299,1.10348693498665
0.524603174603175,0.193165020788575,0.191192219245289,0.199261007887993,1.10361578872382
0.524702380952381,0.193147228424974,0.191193010624244,0.199165703503398,1.10374462322555
0.524801587301587,0.193129438416837,0.191193794502618,0.199070444750072,1.10387343849756
0.524900793650794,0.193111650763666,0.191194570884428,0.198975231606581,1.10400223454556
0.525,0.193093865464963,0.191195339773686,0.198880064051498,1.1041310113753
0.525099206349206,0.193076082520231,0.191196101174406,0.198784942063405,1.10425976899248
0.525198412698413,0.193058301928974,0.191196855090597,0.198689865620888,1.10438850740282
0.525297619047619,0.193040523690695,0.191197601526267,0.198594834702545,1.10451722661204
0.525396825396825,0.193022747804901,0.191198340485423,0.198499849286979,1.10464592662585
0.525496031746032,0.193004974271098,0.19119907197207,0.198404909352801,1.10477460744997
0.525595238095238,0.192987203088794,0.19119979599021,0.198310014878629,1.10490326909009
0.525694444444444,0.192969434257497,0.191200512543846,0.19821516584309,1.10503191155193
0.525793650793651,0.192951667776716,0.191201221636977,0.198120362224817,1.1051605348412
0.525892857142857,0.192933903645961,0.1912019232736,0.198025604002451,1.10528913896358
0.525992063492064,0.192916141864745,0.191202617457711,0.197930891154642,1.1054177239248
0.52609126984127,0.192898382432578,0.191203304193305,0.197836223660045,1.10554628973053
0.526190476190476,0.192880625348974,0.191203983484375,0.197741601497325,1.10567483638649
0.526289682539683,0.192862870613448,0.19120465533491,0.197647024645153,1.10580336389835
0.526388888888889,0.192845118225513,0.191205319748901,0.197552493082208,1.10593187227182
0.526488095238095,0.192827368184686,0.191205976730333,0.197458006787176,1.10606036151259
0.526587301587302,0.192809620490483,0.191206626283194,0.197363565738752,1.10618883162633
0.526686507936508,0.192791875142423,0.191207268411466,0.197269169915637,1.10631728261874
0.526785714285714,0.192774132140024,0.191207903119131,0.19717481929654,1.1064457144955
0.526884920634921,0.192756391482805,0.19120853041017,0.197080513860179,1.10657412726229
0.526984126984127,0.192738653170288,0.191209150288561,0.196986253585277,1.10670252092478
0.527083333333333,0.192720917201993,0.191209762758281,0.196892038450566,1.10683089548866
0.52718253968254,0.192703183577443,0.191210367823304,0.196797868434786,1.10695925095961
0.527281746031746,0.192685452296161,0.191210965487605,0.196703743516684,1.10708758734328
0.527380952380952,0.192667723357672,0.191211555755153,0.196609663675014,1.10721590464535
0.527480158730159,0.192649996761501,0.191212138629919,0.196515628888538,1.1073442028715
0.527579365079365,0.192632272507174,0.191212714115871,0.196421639136026,1.10747248202737
0.527678571428571,0.192614550594218,0.191213282216975,0.196327694396255,1.10760074211865
0.527777777777778,0.19259683102216,0.191213842937195,0.19623379464801,1.10772898315099
0.527876984126984,0.192579113790531,0.191214396280494,0.196139939870083,1.10785720513005
0.52797619047619,0.19256139889886,0.191214942250833,0.196046130041273,1.10798540806148
0.528075396825397,0.192543686346678,0.19121548085217,0.195952365140389,1.10811359195095
0.528174603174603,0.192525976133516,0.191216012088464,0.195858645146244,1.1082417568041
0.52827380952381,0.192508268258908,0.191216535963669,0.195764970037662,1.10836990262659
0.528373015873016,0.192490562722386,0.19121705248174,0.195671339793473,1.10849802942406
0.528472222222222,0.192472859523485,0.191217561646628,0.195577754392514,1.10862613720216
0.528571428571429,0.192455158661742,0.191218063462284,0.19548421381363,1.10875422596654
0.528670634920635,0.192437460136692,0.191218557932657,0.195390718035674,1.10888229572283
0.528769841269841,0.192419763947872,0.191219045061692,0.195297267037505,1.10901034647668
0.528869047619048,0.192402070094821,0.191219524853336,0.195203860797993,1.10913837823373
0.528968253968254,0.192384378577079,0.191219997311531,0.195110499296012,1.1092663909996
0.52906746031746,0.192366689394185,0.19122046244022,0.195017182510445,1.10939438477994
0.529166666666667,0.19234900254568,0.19122092024334,0.194923910420183,1.10952235958037
0.529265873015873,0.192331318031107,0.191221370724832,0.194830683004123,1.10965031540653
0.529365079365079,0.192313635850008,0.19122181388863,0.194737500241171,1.10977825226404
0.529464285714286,0.192295956001928,0.19122224973867,0.19464436211024,1.10990617015853
0.529563492063492,0.192278278486411,0.191222678278884,0.194551268590251,1.11003406909561
0.529662698412698,0.192260603303003,0.191223099513202,0.194458219660131,1.11016194908091
0.529761904761905,0.192242930451251,0.191223513445555,0.194365215298818,1.11028981012005
0.529861111111111,0.192225259930701,0.19122392007987,0.194272255485253,1.11041765221865
0.529960317460317,0.192207591740904,0.191224319420072,0.194179340198388,1.11054547538231
0.530059523809524,0.192189925881409,0.191224711470085,0.194086469417181,1.11067327961666
0.53015873015873,0.192172262351765,0.191225096233831,0.193993643120598,1.11080106492729
0.530257936507937,0.192154601151524,0.191225473715231,0.193900861287612,1.11092883131982
0.530357142857143,0.192136942280239,0.191225843918203,0.193808123897206,1.11105657879986
0.530456349206349,0.192119285737463,0.191226206846665,0.193715430928366,1.111184307373
0.530555555555556,0.19210163152275,0.191226562504531,0.19362278236009,1.11131201704485
0.530654761904762,0.192083979635655,0.191226910895715,0.19353017817138,1.11143970782101
0.530753968253968,0.192066330075734,0.191227252024127,0.193437618341249,1.11156737970707
0.530853174603175,0.192048682842545,0.19122758589368,0.193345102848715,1.11169503270863
0.530952380952381,0.192031037935644,0.191227912508279,0.193252631672805,1.11182266683128
0.531051587301587,0.192013395354592,0.191228231871832,0.193160204792552,1.11195028208061
0.531150793650794,0.191995755098947,0.191228543988243,0.193067822186997,1.11207787846221
0.53125,0.191978117168271,0.191228848861414,0.19297548383519,1.11220545598167
0.531349206349206,0.191960481562125,0.191229146495248,0.192883189716188,1.11233301464456
0.531448412698413,0.191942848280071,0.191229436893643,0.192790939809054,1.11246055445648
0.531547619047619,0.191925217321674,0.191229720060497,0.19269873409286,1.11258807542301
0.531646825396825,0.191907588686498,0.191229995999705,0.192606572546685,1.1127155775497
0.531746031746032,0.191889962374108,0.191230264715161,0.192514455149616,1.11284306084216
0.531845238095238,0.19187233838407,0.191230526210759,0.192422381880748,1.11297052530594
0.531944444444444,0.191854716715952,0.191230780490388,0.192330352719181,1.11309797094662
0.532043650793651,0.191837097369322,0.191231027557936,0.192238367644027,1.11322539776977
0.532142857142857,0.19181948034375,0.191231267417292,0.192146426634401,1.11335280578095
0.532242063492063,0.191801865638804,0.19123150007234,0.192054529669427,1.11348019498574
0.53234126984127,0.191784253254057,0.191231725526963,0.191962676728239,1.11360756538968
0.532440476190476,0.191766643189079,0.191231943785044,0.191870867789976,1.11373491699834
0.532539682539683,0.191749035443445,0.191232154850461,0.191779102833785,1.11386224981729
0.532638888888889,0.191731430016728,0.191232358727095,0.19168738183882,1.11398956385207
0.532738095238095,0.191713826908502,0.19123255541882,0.191595704784244,1.11411685910824
0.532837301587302,0.191696226118343,0.191232744929512,0.191504071649227,1.11424413559135
0.532936507936508,0.191678627645829,0.191232927263043,0.191412482412946,1.11437139330696
0.533035714285714,0.191661031490535,0.191233102423284,0.191320937054586,1.1144986322606
0.533134920634921,0.191643437652042,0.191233270414105,0.19122943555334,1.11462585245782
0.533234126984127,0.191625846129928,0.191233431239374,0.191137977888407,1.11475305390418
0.533333333333333,0.191608256923774,0.191233584902957,0.191046564038995,1.1148802366052
0.53343253968254,0.19159067003316,0.191233731408716,0.190955193984319,1.11500740056643
0.533531746031746,0.19157308545767,0.191233870760516,0.190863867703602,1.1151345457934
0.533630952380952,0.191555503196886,0.191234002962216,0.190772585176074,1.11526167229164
0.533730158730159,0.191537923250393,0.191234128017675,0.190681346380973,1.1153887800667
0.533829365079365,0.191520345617775,0.191234245930751,0.190590151297545,1.1155158691241
0.533928571428571,0.191502770298619,0.191234356705298,0.190498999905041,1.11564293946937
0.534027777777778,0.191485197292511,0.19123446034517,0.190407892182723,1.11576999110803
0.534126984126984,0.191467626599039,0.19123455685422,0.190316828109859,1.1158970240456
0.53422619047619,0.191450058217793,0.191234646236296,0.190225807665723,1.11602403828762
0.534325396825397,0.19143249214836,0.191234728495247,0.1901348308296,1.1161510338396
0.534424603174603,0.191414928390334,0.191234803634921,0.190043897580779,1.11627801070705
0.53452380952381,0.191397366943304,0.19123487165916,0.18995300789856,1.1164049688955
0.534623015873016,0.191379807806863,0.19123493257181,0.189862161762247,1.11653190841044
0.534722222222222,0.191362250980605,0.19123498637671,0.189771359151154,1.11665882925741
0.534821428571429,0.191344696464124,0.1912350330777,0.189680600044602,1.11678573144189
0.534920634920635,0.191327144257016,0.191235072678618,0.189589884421919,1.11691261496941
0.535019841269841,0.191309594358877,0.1912351051833,0.189499212262441,1.11703947984546
0.535119047619048,0.191292046769304,0.191235130595581,0.189408583545512,1.11716632607555
0.535218253968254,0.191274501487894,0.191235148919291,0.189317998250483,1.11729315366517
0.53531746031746,0.191256958514248,0.191235160158263,0.189227456356712,1.11741996261983
0.535416666666667,0.191239417847964,0.191235164316325,0.189136957843566,1.11754675294502
0.535515873015873,0.191221879488645,0.191235161397305,0.189046502690418,1.11767352464624
0.535615079365079,0.191204343435892,0.191235151405027,0.188956090876649,1.11780027772896
0.535714285714286,0.191186809689307,0.191235134343316,0.188865722381648,1.1179270121987
0.535813492063492,0.191169278248494,0.191235110215992,0.188775397184812,1.11805372806092
0.535912698412698,0.191151749113059,0.191235079026877,0.188685115265545,1.11818042532113
0.536011904761905,0.191134222282606,0.191235040779789,0.188594876603257,1.11830710398479
0.536111111111111,0.191116697756742,0.191234995478544,0.188504681177369,1.11843376405739
0.536210317460317,0.191099175535075,0.191234943126958,0.188414528967305,1.11856040554441
0.536309523809524,0.191081655617212,0.191234883728842,0.188324419952502,1.11868702845133
0.53640873015873,0.191064138002764,0.19123481728801,0.1882343541124,1.11881363278361
0.536507936507937,0.191046622691341,0.191234743808269,0.188144331426448,1.11894021854674
0.536607142857143,0.191029109682553,0.191234663293429,0.188054351874104,1.11906678574618
0.536706349206349,0.191011598976014,0.191234575747294,0.187964415434831,1.11919333438739
0.536805555555556,0.190994090571335,0.19123448117367,0.187874522088102,1.11931986447586
0.536904761904762,0.190976584468131,0.191234379576359,0.187784671813395,1.11944637601703
0.537003968253968,0.190959080666017,0.191234270959162,0.187694864590199,1.11957286901637
0.537103174603175,0.190941579164609,0.191234155325877,0.187605100398007,1.11969934347933
0.537202380952381,0.190924079963523,0.191234032680302,0.187515379216321,1.11982579941139
0.537301587301587,0.190906583062378,0.191233903026232,0.187425701024651,1.11995223681798
0.537400793650794,0.190889088460792,0.191233766367462,0.187336065802514,1.12007865570457
0.5375,0.190871596158384,0.191233622707783,0.187246473529436,1.1202050560766
0.537599206349206,0.190854106154775,0.191233472050986,0.187156924184948,1.12033143793952
0.537698412698413,0.190836618449587,0.191233314400858,0.187067417748589,1.12045780129879
0.537797619047619,0.190819133042442,0.191233149761187,0.186977954199909,1.12058414615983
0.537896825396825,0.190801649932964,0.191232978135757,0.18688853351846,1.1207104725281
0.537996031746032,0.190784169120776,0.191232799528352,0.186799155683806,1.12083678040903
0.538095238095238,0.190766690605504,0.191232613942753,0.186709820675518,1.12096306980807
0.538194444444444,0.190749214386774,0.19123242138274,0.186620528473171,1.12108934073064
0.538293650793651,0.190731740464213,0.191232221852091,0.186531279056353,1.12121559318218
0.538392857142857,0.190714268837449,0.191232015354581,0.186442072404654,1.12134182716813
0.538492063492063,0.190696799506112,0.191231801893986,0.186352908497677,1.1214680426939
0.53859126984127,0.19067933246983,0.191231581474078,0.186263787315027,1.12159423976493
0.538690476190476,0.190661867728236,0.191231354098628,0.186174708836321,1.12172041838665
0.538789682539683,0.190644405280959,0.191231119771404,0.186085673041182,1.12184657856447
0.538888888888889,0.190626945127634,0.191230878496175,0.185996679909239,1.12197272030382
0.538988095238095,0.190609487267894,0.191230630276705,0.185907729420132,1.1220988436101
0.539087301587302,0.190592031701374,0.191230375116759,0.185818821553505,1.12222494848875
0.539186507936508,0.190574578427708,0.191230113020099,0.185729956289012,1.12235103494518
0.539285714285714,0.190557127446534,0.191229843990485,0.185641133606313,1.12247710298478
0.539384920634921,0.190539678757489,0.191229568031676,0.185552353485076,1.12260315261299
0.539484126984127,0.19052223236021,0.191229285147428,0.185463615904978,1.12272918383519
0.539583333333333,0.190504788254338,0.191228995341496,0.185374920845701,1.1228551966568
0.53968253968254,0.190487346439512,0.191228698617635,0.185286268286937,1.12298119108323
0.539781746031746,0.190469906915374,0.191228394979594,0.185197658208383,1.12310716711987
0.539880952380952,0.190452469681566,0.191228084431125,0.185109090589746,1.12323312477211
0.539980158730159,0.19043503473773,0.191227766975975,0.18502056541074,1.12335906404537
0.540079365079365,0.190417602083511,0.19122744261789,0.184932082651084,1.12348498494503
0.540178571428571,0.190400171718553,0.191227111360615,0.184843642290509,1.12361088747648
0.540277777777778,0.190382743642502,0.191226773207892,0.184755244308749,1.12373677164512
0.540376984126984,0.190365317855005,0.191226428163463,0.184666888685549,1.12386263745633
0.54047619047619,0.190347894355709,0.191226076231067,0.184578575400661,1.1239884849155
0.540575396825397,0.190330473144264,0.191225717414441,0.184490304433842,1.12411431402801
0.540674603174603,0.190313054220318,0.19122535171732,0.184402075764859,1.12424012479925
0.540773809523809,0.190295637583522,0.19122497914344,0.184313889373487,1.12436591723459
0.540873015873016,0.190278223233528,0.191224599696532,0.184225745239505,1.12449169133941
0.540972222222222,0.190260811169987,0.191224213380325,0.184137643342705,1.12461744711909
0.541071428571429,0.190243401392554,0.19122382019855,0.184049583662882,1.124743184579
0.541170634920635,0.190225993900881,0.191223420154933,0.18396156617984,1.12486890372451
0.541269841269841,0.190208588694625,0.191223013253199,0.183873590873391,1.12499460456099
0.541369047619048,0.190191185773441,0.191222599497072,0.183785657723354,1.12512028709381
0.541468253968254,0.190173785136987,0.191222178890273,0.183697766709556,1.12524595132833
0.54156746031746,0.19015638678492,0.191221751436521,0.183609917811831,1.1253715972699
0.541666666666667,0.190138990716899,0.191221317139536,0.183522111010022,1.12549722492391
0.541765873015873,0.190121596932584,0.191220876003033,0.183434346283977,1.12562283429569
0.541865079365079,0.190104205431636,0.191220428030727,0.183346623613553,1.12574842539061
0.541964285714286,0.190086816213716,0.191219973226331,0.183258942978616,1.12587399821402
0.542063492063492,0.190069429278487,0.191219511593556,0.183171304359037,1.12599955277127
0.542162698412698,0.190052044625613,0.191219043136111,0.183083707734696,1.12612508906772
0.542261904761905,0.190034662254757,0.191218567857703,0.182996153085479,1.1262506071087
0.542361111111111,0.190017282165586,0.19121808576204,0.182908640391282,1.12637610689956
0.542460317460318,0.189999904357766,0.191217596852823,0.182821169632008,1.12650158844566
0.542559523809524,0.189982528830964,0.191217101133757,0.182733740787565,1.12662705175232
0.54265873015873,0.189965155584848,0.191216598608541,0.182646353837871,1.12675249682488
0.542757936507937,0.189947784619087,0.191216089280874,0.182559008762852,1.12687792366869
0.542857142857143,0.189930415933352,0.191215573154454,0.182471705542439,1.12700333228907
0.542956349206349,0.189913049527313,0.191215050232974,0.182384444156573,1.12712872269137
0.543055555555556,0.189895685400642,0.19121452052013,0.182297224585201,1.1272540948809
0.543154761904762,0.189878323553013,0.191213984019612,0.182210046808278,1.127379448863
0.543253968253968,0.189860963984099,0.19121344073511,0.182122910805768,1.12750478464299
0.543353174603175,0.189843606693575,0.191212890670314,0.18203581655764,1.1276301022262
0.543452380952381,0.189826251681116,0.191212333828908,0.181948764043872,1.12775540161795
0.543551587301587,0.1898088989464,0.191211770214578,0.181861753244449,1.12788068282355
0.543650793650794,0.189791548489103,0.191211199831007,0.181774784139365,1.12800594584832
0.54375,0.189774200308904,0.191210622681876,0.18168785670862,1.12813119069759
0.543849206349206,0.189756854405483,0.191210038770865,0.181600970932222,1.12825641737666
0.543948412698413,0.18973951077852,0.19120944810165,0.181514126790186,1.12838162589083
0.544047619047619,0.189722169427697,0.191208850677908,0.181427324262536,1.12850681624543
0.544146825396825,0.189704830352694,0.191208246503313,0.181340563329301,1.12863198844576
0.544246031746032,0.189687493553197,0.191207635581537,0.181253843970521,1.12875714249712
0.544345238095238,0.189670159028888,0.191207017916252,0.181167166166242,1.12888227840481
0.544444444444445,0.189652826779453,0.191206393511125,0.181080529896515,1.12900739617413
0.544543650793651,0.189635496804578,0.191205762369824,0.180993935141403,1.12913249581038
0.544642857142857,0.18961816910395,0.191205124496015,0.180907381880974,1.12925757731887
0.544742063492063,0.189600843677256,0.19120447989336,0.180820870095304,1.12938264070487
0.54484126984127,0.189583520524185,0.191203828565522,0.180734399764475,1.12950768597368
0.544940476190476,0.189566199644427,0.19120317051616,0.18064797086858,1.12963271313059
0.545039682539682,0.189548881037673,0.191202505748934,0.180561583387717,1.12975772218089
0.545138888888889,0.189531564703614,0.191201834267499,0.180475237301991,1.12988271312986
0.545238095238095,0.189514250641943,0.19120115607551,0.180388932591518,1.13000768598278
0.545337301587302,0.189496938852353,0.191200471176621,0.180302669236417,1.13013264074494
0.545436507936508,0.189479629334539,0.191199779574483,0.180216447216819,1.13025757742162
0.545535714285714,0.189462322088195,0.191199081272744,0.180130266512858,1.13038249601808
0.545634920634921,0.189445017113019,0.191198376275053,0.18004412710468,1.13050739653961
0.545734126984127,0.189427714408707,0.191197664585056,0.179958028972435,1.13063227899147
0.545833333333333,0.189410413974957,0.191196946206397,0.179871972096283,1.13075714337894
0.54593253968254,0.189393115811469,0.191196221142719,0.17978595645639,1.13088198970728
0.546031746031746,0.189375819917942,0.191195489397662,0.17969998203293,1.13100681798176
0.546130952380952,0.189358526294077,0.191194750974865,0.179614048806086,1.13113162820764
0.546230158730159,0.189341234939577,0.191194005877965,0.179528156756046,1.13125642039019
0.546329365079365,0.189323945854144,0.191193254110599,0.179442305863006,1.13138119453465
0.546428571428571,0.189306659037481,0.191192495676398,0.179356496107172,1.1315059506463
0.546527777777778,0.189289374489294,0.191191730578996,0.179270727468756,1.13163068873037
0.546626984126984,0.189272092209288,0.191190958822023,0.179184999927976,1.13175540879214
0.54672619047619,0.189254812197169,0.191190180409106,0.179099313465059,1.13188011083684
0.546825396825397,0.189237534452646,0.191189395343873,0.179013668060241,1.13200479486972
0.546924603174603,0.189220258975425,0.191188603629949,0.178928063693763,1.13212946089603
0.54702380952381,0.189202985765218,0.191187805270956,0.178842500345876,1.13225410892102
0.547123015873016,0.189185714821733,0.191187000270516,0.178756977996835,1.13237873894993
0.547222222222222,0.189168446144683,0.191186188632248,0.178671496626906,1.13250335098799
0.547321428571429,0.189151179733779,0.191185370359771,0.178586056216361,1.13262794504044
0.547420634920635,0.189133915588734,0.1911845454567,0.17850065674548,1.13275252111253
0.547519841269841,0.189116653709263,0.19118371392665,0.178415298194551,1.13287707920947
0.547619047619048,0.18909939409508,0.191182875773234,0.178329980543868,1.13300161933651
0.547718253968254,0.189082136745901,0.191182031000061,0.178244703773734,1.13312614149886
0.54781746031746,0.189064881661444,0.191181179610742,0.178159467864459,1.13325064570177
0.547916666666667,0.189047628841425,0.191180321608883,0.17807427279636,1.13337513195045
0.548015873015873,0.189030378285564,0.191179456998089,0.177989118549763,1.13349960025013
0.548115079365079,0.189013129993579,0.191178585781966,0.177904005105,1.13362405060602
0.548214285714286,0.188995883965192,0.191177707964115,0.177818932442412,1.13374848302334
0.548313492063492,0.188978640200125,0.191176823548135,0.177733900542346,1.13387289750731
0.548412698412698,0.188961398698099,0.191175932537626,0.177648909385158,1.13399729406315
0.548511904761905,0.188944159458837,0.191175034936184,0.17756395895121,1.13412167269606
0.548611111111111,0.188926922482065,0.191174130747405,0.177479049220874,1.13424603341125
0.548710317460318,0.188909687767508,0.191173219974881,0.177394180174527,1.13437037621394
0.548809523809524,0.188892455314891,0.191172302622203,0.177309351792555,1.13449470110932
0.54890873015873,0.188875225123941,0.191171378692962,0.17722456405535,1.13461900810261
0.549007936507937,0.188857997194387,0.191170448190746,0.177139816943314,1.13474329719899
0.549107142857143,0.188840771525958,0.191169511119141,0.177055110436855,1.13486756840367
0.549206349206349,0.188823548118383,0.19116856748173,0.176970444516388,1.13499182172185
0.549305555555555,0.188806326971394,0.191167617282097,0.176885819162336,1.13511605715872
0.549404761904762,0.188789108084721,0.191166660523823,0.176801234355132,1.13524027471948
0.549503968253968,0.188771891458099,0.191165697210487,0.176716690075212,1.1353644744093
0.549603174603175,0.18875467709126,0.191164727345666,0.176632186303024,1.13548865623339
0.549702380952381,0.188737464983938,0.191163750932936,0.17654772301902,1.13561282019692
0.549801587301587,0.188720255135871,0.19116276797587,0.176463300203662,1.13573696630508
0.549900793650794,0.188703047546793,0.191161778478041,0.176378917837418,1.13586109456306
0.55,0.188685842216443,0.191160782443019,0.176294575900764,1.13598520497602
0.550099206349206,0.188668639144558,0.191159779874373,0.176210274374185,1.13610929754916
0.550198412698413,0.188651438330878,0.19115877077567,0.176126013238171,1.13623337228763
0.550297619047619,0.188634239775143,0.191157755150474,0.176041792473221,1.13635742919663
0.550396825396825,0.188617043477094,0.191156733002349,0.175957612059842,1.13648146828131
0.550496031746032,0.188599849436474,0.191155704334856,0.175873471978547,1.13660548954684
0.550595238095238,0.188582657653025,0.191154669151556,0.175789372209859,1.1367294929984
0.550694444444444,0.18856546812649,0.191153627456006,0.175705312734305,1.13685347864114
0.550793650793651,0.188548280856616,0.191152579251763,0.175621293532423,1.13697744648023
0.550892857142857,0.188531095843147,0.19115152454238,0.175537314584758,1.13710139652083
0.550992063492063,0.188513913085831,0.191150463331412,0.175453375871859,1.1372253287681
0.55109126984127,0.188496732584415,0.191149395622408,0.175369477374287,1.13734924322718
0.551190476190476,0.188479554338647,0.191148321418919,0.175285619072609,1.13747313990325
0.551289682539683,0.188462378348278,0.191147240724491,0.175201800947399,1.13759701880144
0.551388888888889,0.188445204613057,0.19114615354267,0.175118022979238,1.1377208799269
0.551488095238095,0.188428033132737,0.191145059877,0.175034285148717,1.13784472328479
0.551587301587302,0.188410863907069,0.191143959731024,0.174950587436432,1.13796854888025
0.551686507936508,0.188393696935806,0.191142853108282,0.174866929822987,1.13809235671841
0.551785714285714,0.188376532218703,0.191141740012313,0.174783312288996,1.13821614680443
0.551884920634921,0.188359369755515,0.191140620446652,0.174699734815077,1.13833991914344
0.551984126984127,0.188342209545999,0.191139494414837,0.174616197381857,1.13846367374057
0.552083333333333,0.18832505158991,0.1911383619204,0.174532699969972,1.13858741060096
0.55218253968254,0.188307895887007,0.191137222966872,0.174449242560064,1.13871112972975
0.552281746031746,0.188290742437049,0.191136077557784,0.174365825132782,1.13883483113205
0.552380952380952,0.188273591239795,0.191134925696663,0.174282447668785,1.13895851481301
0.552480158730159,0.188256442295007,0.191133767387037,0.174199110148736,1.13908218077774
0.552579365079365,0.188239295602446,0.19113260263243,0.174115812553309,1.13920582903137
0.552678571428571,0.188222151161875,0.191131431436364,0.174032554863183,1.13932945957902
0.552777777777778,0.188205008973057,0.19113025380236,0.173949337059046,1.13945307242581
0.552876984126984,0.188187869035756,0.191129069733939,0.173866159121594,1.13957666757685
0.552976190476191,0.188170731349738,0.191127879234617,0.173783021031529,1.13970024503727
0.553075396825397,0.18815359591477,0.191126682307911,0.173699922769561,1.13982380481217
0.553174603174603,0.188136462730619,0.191125478957334,0.173616864316408,1.13994734690666
0.55327380952381,0.188119331797052,0.191124269186399,0.173533845652795,1.14007087132585
0.553373015873016,0.18810220311384,0.191123052998616,0.173450866759456,1.14019437807485
0.553472222222222,0.188085076680751,0.191121830397494,0.173367927617131,1.14031786715876
0.553571428571429,0.188067952497558,0.19112060138654,0.173285028206567,1.14044133858269
0.553670634920635,0.188050830564032,0.19111936596926,0.173202168508521,1.14056479235173
0.553769841269841,0.188033710879946,0.191118124149156,0.173119348503755,1.14068822847098
0.553869047619048,0.188016593445073,0.191116875929732,0.173036568173041,1.14081164694554
0.553968253968254,0.187999478259189,0.191115621314485,0.172953827497156,1.1409350477805
0.55406746031746,0.18798236532207,0.191114360306916,0.172871126456886,1.14105843098095
0.554166666666667,0.187965254633491,0.191113092910519,0.172788465033025,1.14118179655198
0.554265873015873,0.187948146193231,0.191111819128791,0.172705843206373,1.14130514449868
0.554365079365079,0.187931040001068,0.191110538965224,0.172623260957739,1.14142847482612
0.554464285714286,0.187913936056781,0.191109252423309,0.172540718267938,1.1415517875394
0.554563492063492,0.187896834360151,0.191107959506535,0.172458215117795,1.1416750826436
0.554662698412698,0.187879734910958,0.191106660218391,0.172375751488141,1.14179836014379
0.554761904761905,0.187862637708986,0.191105354562362,0.172293327359814,1.14192162004504
0.554861111111111,0.187845542754018,0.191104042541932,0.172210942713659,1.14204486235244
0.554960317460317,0.187828450045837,0.191102724160583,0.172128597530532,1.14216808707105
0.555059523809524,0.187811359584229,0.191101399421797,0.172046291791293,1.14229129420595
0.55515873015873,0.187794271368979,0.191100068329053,0.171964025476811,1.14241448376219
0.555257936507937,0.187777185399874,0.191098730885826,0.171881798567963,1.14253765574486
0.555357142857143,0.187760101676703,0.191097387095594,0.171799611045632,1.142660810159
0.555456349206349,0.187743020199254,0.191096036961828,0.17171746289071,1.14278394700968
0.555555555555556,0.187725940967317,0.191094680488002,0.171635354084095,1.14290706630196
0.555654761904762,0.187708863980682,0.191093317677585,0.171553284606696,1.1430301680409
0.555753968253968,0.187691789239141,0.191091948534046,0.171471254439425,1.14315325223155
0.555853174603175,0.187674716742487,0.19109057306085,0.171389263563204,1.14327631887896
0.555952380952381,0.187657646490512,0.191089191261464,0.171307311958964,1.14339936798818
0.556051587301587,0.187640578483012,0.191087803139349,0.171225399607639,1.14352239956426
0.556150793650794,0.187623512719782,0.191086408697968,0.171143526490176,1.14364541361225
0.55625,0.187606449200618,0.19108500794078,0.171061692587525,1.1437684101372
0.556349206349206,0.187589387925316,0.191083600871242,0.170979897880646,1.14389138914413
0.556448412698413,0.187572328893676,0.19108218749281,0.170898142350506,1.14401435063809
0.556547619047619,0.187555272105496,0.19108076780894,0.17081642597808,1.14413729462413
0.556646825396825,0.187538217560577,0.191079341823082,0.17073474874435,1.14426022110726
0.556746031746032,0.187521165258718,0.191077909538689,0.170653110630305,1.14438313009254
0.556845238095238,0.187504115199723,0.191076470959209,0.170571511616943,1.14450602158498
0.556944444444444,0.187487067383394,0.191075026088089,0.170489951685268,1.14462889558962
0.557043650793651,0.187470021809534,0.191073574928774,0.170408430816293,1.14475175211148
0.557142857142857,0.187452978477948,0.191072117484709,0.170326948991038,1.14487459115559
0.557242063492064,0.187435937388442,0.191070653759335,0.170245506190529,1.14499741272697
0.55734126984127,0.187418898540823,0.191069183756093,0.170164102395803,1.14512021683064
0.557440476190476,0.187401861934897,0.191067707478421,0.170082737587901,1.14524300347162
0.557539682539683,0.187384827570474,0.191066224929755,0.170001411747874,1.14536577265491
0.557638888888889,0.187367795447362,0.191064736113531,0.169920124856779,1.14548852438555
0.557738095238095,0.187350765565372,0.191063241033181,0.169838876895681,1.14561125866854
0.557837301587302,0.187333737924316,0.191061739692137,0.169757667845653,1.14573397550888
0.557936507936508,0.187316712524004,0.191060232093829,0.169676497687776,1.14585667491159
0.558035714285714,0.187299689364251,0.191058718241685,0.169595366403136,1.14597935688166
0.558134920634921,0.18728266844487,0.19105719813913,0.169514273972831,1.14610202142411
0.558234126984127,0.187265649765676,0.191055671789589,0.169433220377961,1.14622466854394
0.558333333333333,0.187248633326485,0.191054139196484,0.169352205599639,1.14634729824613
0.55843253968254,0.187231619127115,0.191052600363237,0.169271229618981,1.1464699105357
0.558531746031746,0.187214607167381,0.191051055293266,0.169190292417114,1.14659250541762
0.558630952380952,0.187197597447105,0.191049503989989,0.169109393975171,1.1467150828969
0.558730158730159,0.187180589966104,0.191047946456822,0.169028534274292,1.14683764297853
0.558829365079365,0.1871635847242,0.191046382697177,0.168947713295626,1.14696018566749
0.558928571428571,0.187146581721214,0.191044812714468,0.168866931020328,1.14708271096877
0.559027777777778,0.187129580956968,0.191043236512104,0.168786187429561,1.14720521888734
0.559126984126984,0.187112582431286,0.191041654093494,0.168705482504497,1.1473277094282
0.55922619047619,0.187095586143992,0.191040065462044,0.168624816226315,1.14745018259633
0.559325396825397,0.187078592094912,0.19103847062116,0.168544188576199,1.14757263839669
0.559424603174603,0.187061600283871,0.191036869574245,0.168463599535344,1.14769507683427
0.55952380952381,0.187044610710697,0.191035262324701,0.16838304908495,1.14781749791403
0.559623015873016,0.187027623375217,0.191033648875927,0.168302537206226,1.14793990164095
0.559722222222222,0.18701063827726,0.19103202923132,0.16822206388039,1.14806228801999
0.559821428571429,0.186993655416658,0.191030403394278,0.168141629088663,1.14818465705613
0.559920634920635,0.186976674793239,0.191028771368195,0.168061232812278,1.14830700875432
0.560019841269841,0.186959696406837,0.191027133156463,0.167980875032473,1.14842934311953
0.560119047619048,0.186942720257283,0.191025488762474,0.167900555730495,1.14855166015672
0.560218253968254,0.186925746344412,0.191023838189616,0.167820274887597,1.14867395987085
0.56031746031746,0.186908774668058,0.191022181441277,0.167740032485042,1.14879624226686
0.560416666666667,0.186891805228056,0.191020518520842,0.167659828504098,1.14891850734972
0.560515873015873,0.186874838024243,0.191018849431696,0.167579662926041,1.14904075512438
0.560615079365079,0.186857873056456,0.191017174177221,0.167499535732157,1.14916298559578
0.560714285714286,0.186840910324534,0.191015492760796,0.167419446903737,1.14928519876887
0.560813492063492,0.186823949828316,0.191013805185801,0.167339396422079,1.1494073946486
0.560912698412698,0.186806991567642,0.191012111455613,0.167259384268491,1.1495295732399
0.561011904761905,0.186790035542354,0.191010411573606,0.167179410424287,1.14965173454773
0.561111111111111,0.186773081752292,0.191008705543154,0.16709947487079,1.14977387857701
0.561210317460317,0.1867561301973,0.191006993367628,0.167019577589327,1.14989600533268
0.561309523809524,0.186739180877223,0.191005275050399,0.166939718561238,1.15001811481969
0.56140873015873,0.186722233791905,0.191003550594834,0.166859897767865,1.15014020704295
0.561507936507937,0.186705288941191,0.191001820004299,0.166780115190561,1.1502622820074
0.561607142857143,0.186688346324929,0.19100008328216,0.166700370810687,1.15038433971797
0.561706349206349,0.186671405942966,0.190998340431779,0.166620664609608,1.15050638017958
0.561805555555556,0.18665446779515,0.190996591456516,0.1665409965687,1.15062840339716
0.561904761904762,0.186637531881332,0.190994836359732,0.166461366669346,1.15075040937562
0.562003968253968,0.186620598201362,0.190993075144784,0.166381774892934,1.15087239811988
0.562103174603175,0.18660366675509,0.190991307815027,0.166302221220863,1.15099436963487
0.562202380952381,0.18658673754237,0.190989534373815,0.166222705634537,1.1511163239255
0.562301587301587,0.186569810563055,0.190987754824501,0.166143228115369,1.15123826099667
0.562400793650794,0.186552885816999,0.190985969170436,0.166063788644779,1.1513601808533
0.5625,0.186535963304057,0.190984177414967,0.165984387204195,1.1514820835003
0.562599206349206,0.186519043024084,0.190982379561442,0.165905023775051,1.15160396894258
0.562698412698413,0.186502124976939,0.190980575613206,0.165825698338791,1.15172583718503
0.562797619047619,0.186485209162479,0.190978765573603,0.165746410876865,1.15184768823256
0.562896825396825,0.186468295580563,0.190976949445973,0.165667161370731,1.15196952209006
0.562996031746032,0.18645138423105,0.190975127233658,0.165587949801853,1.15209133876245
0.563095238095238,0.186434475113802,0.190973298939995,0.165508776151706,1.1522131382546
0.563194444444444,0.18641756822868,0.19097146456832,0.165429640401768,1.15233492057142
0.563293650793651,0.186400663575547,0.190969624121969,0.16535054253353,1.1524566857178
0.563392857142857,0.186383761154266,0.190967777604274,0.165271482528485,1.15257843369861
0.563492063492063,0.186366860964702,0.190965925018566,0.165192460368138,1.15270016451876
0.56359126984127,0.18634996300672,0.190964066368175,0.165113476033998,1.15282187818312
0.563690476190476,0.186333067280187,0.190962201656428,0.165034529507585,1.15294357469658
0.563789682539683,0.186316173784969,0.19096033088665,0.164955620770423,1.15306525406402
0.563888888888889,0.186299282520936,0.190958454062167,0.164876749804047,1.15318691629032
0.563988095238095,0.186282393487955,0.190956571186301,0.164797916589997,1.15330856138034
0.564087301587302,0.186265506685898,0.190954682262371,0.164719121109822,1.15343018933897
0.564186507936508,0.186248622114635,0.190952787293698,0.164640363345077,1.15355180017107
0.564285714285714,0.186231739774039,0.190950886283597,0.164561643277326,1.15367339388153
0.564384920634921,0.186214859663981,0.190948979235384,0.164482960888141,1.15379497047519
0.564484126984127,0.186197981784337,0.190947066152373,0.164404316159099,1.15391652995693
0.564583333333333,0.18618110613498,0.190945147037875,0.164325709071787,1.15403807233162
0.56468253968254,0.186164232715787,0.190943221895201,0.1642471396078,1.1541595976041
0.564781746031746,0.186147361526634,0.190941290727659,0.164168607748737,1.15428110577925
0.564880952380952,0.186130492567398,0.190939353538555,0.164090113476208,1.15440259686191
0.564980158730159,0.186113625837958,0.190937410331194,0.16401165677183,1.15452407085695
0.565079365079365,0.186096761338194,0.190935461108878,0.163933237617227,1.15464552776921
0.565178571428571,0.186079899067986,0.19093350587491,0.163854855994029,1.15476696760354
0.565277777777778,0.186063039027215,0.190931544632589,0.163776511883876,1.1548883903648
0.565376984126984,0.186046181215764,0.190929577385211,0.163698205268414,1.15500979605782
0.56547619047619,0.186029325633515,0.190927604136074,0.163619936129298,1.15513118468745
0.565575396825397,0.186012472280353,0.190925624888472,0.16354170444819,1.15525255625853
0.565674603174603,0.185995621156163,0.190923639645696,0.163463510206758,1.15537391077591
0.56577380952381,0.18597877226083,0.190921648411038,0.16338535338668,1.15549524824442
0.565873015873016,0.185961925594243,0.190919651187786,0.16330723396964,1.15561656866889
0.565972222222222,0.185945081156287,0.190917647979227,0.163229151937329,1.15573787205415
0.566071428571429,0.185928238946853,0.190915638788648,0.163151107271448,1.15585915840504
0.566170634920635,0.18591139896583,0.190913623619331,0.163073099953703,1.15598042772639
0.566269841269841,0.185894561213109,0.190911602474559,0.162995129965809,1.15610168002302
0.566369047619048,0.185877725688581,0.190909575357611,0.162917197289487,1.15622291529976
0.566468253968254,0.185860892392138,0.190907542271766,0.162839301906469,1.15634413356142
0.56656746031746,0.185844061323675,0.1909055032203,0.16276144379849,1.15646533481283
0.566666666666667,0.185827232483085,0.190903458206489,0.162683622947296,1.15658651905881
0.566765873015873,0.185810405870265,0.190901407233605,0.162605839334639,1.15670768630417
0.566865079365079,0.185793581485109,0.19089935030492,0.162528092942278,1.15682883655373
0.566964285714286,0.185776759327516,0.190897287423703,0.162450383751982,1.15694996981229
0.567063492063492,0.185759939397383,0.190895218593222,0.162372711745525,1.15707108608467
0.567162698412698,0.18574312169461,0.190893143816744,0.16229507690469,1.15719218537566
0.567261904761905,0.185726306219097,0.190891063097531,0.162217479211267,1.15731326769009
0.567361111111111,0.185709492970743,0.190888976438848,0.162139918647053,1.15743433303275
0.567460317460317,0.185692681949453,0.190886883843954,0.162062395193854,1.15755538140843
0.567559523809524,0.185675873155127,0.190884785316109,0.161984908833482,1.15767641282195
0.56765873015873,0.18565906658767,0.190882680858569,0.161907459547758,1.15779742727809
0.567757936507937,0.185642262246987,0.190880570474591,0.16183004731851,1.15791842478165
0.567857142857143,0.185625460132983,0.190878454167428,0.161752672127572,1.15803940533742
0.567956349206349,0.185608660245565,0.190876331940332,0.161675333956789,1.15816036895019
0.568055555555556,0.18559186258464,0.190874203796554,0.161598032788009,1.15828131562475
0.568154761904762,0.185575067150116,0.190872069739341,0.161520768603093,1.15840224536588
0.568253968253968,0.185558273941903,0.19086992977194,0.161443541383904,1.15852315817837
0.568353174603175,0.185541482959912,0.190867783897597,0.161366351112316,1.158644054067
0.568452380952381,0.185524694204053,0.190865632119554,0.16128919777021,1.15876493303655
0.568551587301587,0.185507907674238,0.190863474441053,0.161212081339474,1.15888579509179
0.568650793650794,0.185491123370381,0.190861310865334,0.161135001802005,1.1590066402375
0.56875,0.185474341292396,0.190859141395634,0.161057959139704,1.15912746847845
0.568849206349206,0.185457561440197,0.190856966035189,0.160980953334483,1.15924827981941
0.568948412698413,0.1854407838137,0.190854784787235,0.160903984368262,1.15936907426515
0.569047619047619,0.185424008412823,0.190852597655003,0.160827052222964,1.15948985182044
0.569146825396825,0.185407235237483,0.190850404641725,0.160750156880525,1.15961061249004
0.569246031746032,0.185390464287599,0.190848205750629,0.160673298322885,1.15973135627871
0.569345238095238,0.18537369556309,0.190846000984943,0.160596476531993,1.15985208319121
0.569444444444444,0.185356929063877,0.190843790347892,0.160519691489806,1.1599727932323
0.569543650793651,0.185340164789881,0.1908415738427,0.160442943178286,1.16009348640674
0.569642857142857,0.185323402741026,0.19083935147259,0.160366231579405,1.16021416271927
0.569742063492063,0.185306642917233,0.190837123240782,0.160289556675142,1.16033482217465
0.56984126984127,0.185289885318428,0.190834889150493,0.160212918447484,1.16045546477763
0.569940476190476,0.185273129944535,0.190832649204942,0.160136316878424,1.16057609053295
0.570039682539683,0.185256376795482,0.190830403407342,0.160059751949965,1.16069669944536
0.570138888888889,0.185239625871194,0.190828151760908,0.159983223644114,1.1608172915196
0.570238095238095,0.1852228771716,0.190825894268851,0.159906731942889,1.16093786676042
0.570337301587302,0.18520613069663,0.19082363093438,0.159830276828314,1.16105842517254
0.570436507936508,0.185189386446212,0.190821361760703,0.15975385828242,1.16117896676071
0.570535714285714,0.185172644420278,0.190819086751027,0.159677476287247,1.16129949152966
0.570634920634921,0.185155904618759,0.190816805908556,0.159601130824842,1.16141999948412
0.570734126984127,0.185139167041589,0.190814519236493,0.159524821877259,1.16154049062881
0.570833333333333,0.1851224316887,0.190812226738039,0.159448549426559,1.16166096496848
0.57093253968254,0.185105698560028,0.190809928416393,0.159372313454813,1.16178142250784
0.571031746031746,0.185088967655508,0.190807624274753,0.159296113944098,1.16190186325162
0.571130952380952,0.185072238975076,0.190805314316313,0.159219950876497,1.16202228720453
0.571230158730159,0.18505551251867,0.190802998544269,0.159143824234104,1.1621426943713
0.571329365079365,0.185038788286228,0.190800676961812,0.159067733999018,1.16226308475664
0.571428571428571,0.185022066277689,0.190798349572132,0.158991680153345,1.16238345836526
0.571527777777778,0.185005346492994,0.190796016378419,0.158915662679202,1.16250381520189
0.571626984126984,0.184988628932083,0.190793677383859,0.158839681558709,1.16262415527122
0.57172619047619,0.184971913594899,0.190791332591637,0.158763736773998,1.16274447857797
0.571825396825397,0.184955200481385,0.190788982004937,0.158687828307205,1.16286478512685
0.571924603174603,0.184938489591484,0.190786625626939,0.158611956140476,1.16298507492255
0.572023809523809,0.184921780925142,0.190784263460825,0.158536120255963,1.16310534796978
0.572123015873016,0.184905074482304,0.190781895509772,0.158460320635825,1.16322560427323
0.572222222222222,0.184888370262917,0.190779521776957,0.158384557262232,1.16334584383761
0.572321428571429,0.184871668266928,0.190777142265554,0.158308830117358,1.16346606666762
0.572420634920635,0.184854968494287,0.190774756978735,0.158233139183385,1.16358627276793
0.572519841269841,0.184838270944942,0.190772365919672,0.158157484442505,1.16370646214324
0.572619047619048,0.184821575618845,0.190769969091535,0.158081865876914,1.16382663479825
0.572718253968254,0.184804882515946,0.19076756649749,0.158006283468818,1.16394679073764
0.57281746031746,0.184788191636198,0.190765158140704,0.157930737200431,1.16406692996609
0.572916666666667,0.184771502979555,0.19076274402434,0.157855227053972,1.16418705248828
0.573015873015873,0.18475481654597,0.190760324151561,0.15777975301167,1.1643071583089
0.573115079365079,0.184738132335398,0.190757898525527,0.157704315055761,1.16442724743262
0.573214285714286,0.184721450347796,0.190755467149397,0.157628913168487,1.16454731986412
0.573313492063492,0.18470477058312,0.190753030026329,0.157553547332099,1.16466737560807
0.573412698412698,0.18468809304133,0.190750587159476,0.157478217528856,1.16478741466915
0.573511904761905,0.184671417722382,0.190748138551993,0.157402923741023,1.16490743705202
0.573611111111111,0.184654744626238,0.190745684207031,0.157327665950873,1.16502744276134
0.573710317460318,0.184638073752858,0.190743224127741,0.157252444140688,1.1651474318018
0.573809523809524,0.184621405102203,0.19074075831727,0.157177258292757,1.16526740417804
0.57390873015873,0.184604738674237,0.190738286778765,0.157102108389374,1.16538735989472
0.574007936507937,0.184588074468923,0.19073580951537,0.157026994412844,1.16550729895652
0.574107142857143,0.184571412486225,0.190733326530229,0.156951916345477,1.16562722136807
0.574206349206349,0.184554752726108,0.190730837826483,0.156876874169593,1.16574712713405
0.574305555555556,0.18453809518854,0.190728343407271,0.156801867867517,1.16586701625909
0.574404761904762,0.184521439873487,0.19072584327573,0.156726897421584,1.16598688874785
0.574503968253968,0.184504786780918,0.190723337434996,0.156651962814135,1.16610674460497
0.574603174603175,0.184488135910802,0.190720825888205,0.156577064027518,1.16622658383511
0.574702380952381,0.184471487263108,0.190718308638487,0.15650220104409,1.16634640644291
0.574801587301587,0.184454840837808,0.190715785688974,0.156427373846215,1.166466212433
0.574900793650794,0.184438196634874,0.190713257042794,0.156352582416264,1.16658600181003
0.575,0.184421554654279,0.190710722703074,0.156277826736617,1.16670577457863
0.575099206349206,0.184404914895997,0.19070818267294,0.15620310678966,1.16682553074343
0.575198412698413,0.184388277360002,0.190705636955516,0.156128422557788,1.16694527030908
0.575297619047619,0.184371642046269,0.190703085553923,0.156053774023401,1.1670649932802
0.575396825396825,0.184355008954777,0.190700528471281,0.15597916116891,1.16718469966142
0.575496031746032,0.184338378085502,0.190697965710708,0.155904583976732,1.16730438945736
0.575595238095238,0.184321749438422,0.190695397275321,0.155830042429289,1.16742406267265
0.575694444444445,0.184305123013518,0.190692823168235,0.155755536509016,1.16754371931191
0.575793650793651,0.184288498810769,0.190690243392563,0.15568106619835,1.16766335937977
0.575892857142857,0.184271876830157,0.190687657951415,0.155606631479739,1.16778298288083
0.575992063492063,0.184255257071664,0.190685066847903,0.155532232335638,1.16790258981972
0.57609126984127,0.184238639535274,0.190682470085132,0.155457868748509,1.16802218020104
0.576190476190476,0.184222024220969,0.190679867666209,0.155383540700821,1.16814175402941
0.576289682539682,0.184205411128737,0.190677259594239,0.155309248175051,1.16826131130944
0.576388888888889,0.184188800258561,0.190674645872323,0.155234991153686,1.16838085204573
0.576488095238095,0.18417219161043,0.190672026503563,0.155160769619216,1.16850037624289
0.576587301587302,0.184155585184331,0.190669401491057,0.155086583554142,1.16861988390553
0.576686507936508,0.184138980980253,0.190666770837903,0.155012432940971,1.16873937503823
0.576785714285714,0.184122378998186,0.190664134547196,0.154938317762218,1.1688588496456
0.576884920634921,0.18410577923812,0.19066149262203,0.154864238000406,1.16897830773224
0.576984126984127,0.184089181700047,0.190658845065496,0.154790193638065,1.16909774930274
0.577083333333333,0.18407258638396,0.190656191880684,0.154716184657732,1.16921717436169
0.57718253968254,0.184055993289851,0.190653533070684,0.154642211041952,1.16933658291369
0.577281746031746,0.184039402417716,0.190650868638581,0.15456827277328,1.16945597496331
0.577380952380952,0.184022813767549,0.190648198587461,0.154494369834274,1.16957535051514
0.577480158730159,0.184006227339348,0.190645522920407,0.154420502207502,1.16969470957377
0.577579365079365,0.183989643133108,0.190642841640499,0.154346669875541,1.16981405214378
0.577678571428571,0.183973061148828,0.190640154750818,0.154272872820972,1.16993337822975
0.577777777777778,0.183956481386508,0.190637462254441,0.154199111026387,1.17005268783625
0.577876984126984,0.183939903846147,0.190634764154445,0.154125384474384,1.17017198096785
0.57797619047619,0.183923328527746,0.190632060453904,0.154051693147567,1.17029125762914
0.578075396825397,0.183906755431307,0.190629351155889,0.153978037028551,1.17041051782468
0.578174603174603,0.183890184556834,0.190626636263473,0.153904416099956,1.17052976155904
0.57827380952381,0.183873615904328,0.190623915779724,0.15383083034441,1.17064898883678
0.578373015873016,0.183857049473796,0.190621189707709,0.15375727974455,1.17076819966247
0.578472222222222,0.183840485265243,0.190618458050494,0.153683764283017,1.17088739404067
0.578571428571429,0.183823923278676,0.190615720811142,0.153610283942464,1.17100657197594
0.578670634920635,0.183807363514101,0.190612977992716,0.153536838705549,1.17112573347283
0.578769841269841,0.183790805971528,0.190610229598276,0.153463428554938,1.17124487853591
0.578869047619048,0.183774250650965,0.190607475630881,0.153390053473304,1.17136400716972
0.578968253968254,0.183757697552423,0.190604716093586,0.153316713443329,1.17148311937882
0.57906746031746,0.183741146675914,0.190601950989447,0.153243408447701,1.17160221516776
0.579166666666667,0.183724598021448,0.190599180321517,0.153170138469116,1.17172129454107
0.579265873015873,0.18370805158904,0.190596404092848,0.153096903490279,1.17184035750331
0.579365079365079,0.183691507378704,0.19059362230649,0.1530237034939,1.17195940405902
0.579464285714286,0.183674965390454,0.190590834965489,0.152950538462699,1.17207843421273
0.579563492063492,0.183658425624306,0.190588042072893,0.152877408379402,1.17219744796899
0.579662698412698,0.183641888080277,0.190585243631745,0.152804313226742,1.17231644533233
0.579761904761905,0.183625352758385,0.190582439645089,0.152731252987462,1.17243542630729
0.579861111111111,0.183608819658649,0.190579630115965,0.15265822764431,1.1725543908984
0.579960317460318,0.183592288781087,0.190576815047412,0.152585237180044,1.17267333911018
0.580059523809524,0.183575760125722,0.190573994442469,0.152512281577427,1.17279227094716
0.58015873015873,0.183559233692574,0.190571168304169,0.15243936081923,1.17291118641387
0.580257936507937,0.183542709481665,0.190568336635548,0.152366474888234,1.17303008551483
0.580357142857143,0.183526187493019,0.190565499439637,0.152293623767226,1.17314896825456
0.580456349206349,0.183509667726661,0.190562656719466,0.152220807438999,1.17326783463759
0.580555555555555,0.183493150182615,0.190559808478065,0.152148025886355,1.17338668466842
0.580654761904762,0.183476634860908,0.19055695471846,0.152075279092104,1.17350551835157
0.580753968253968,0.183460121761567,0.190554095443676,0.152002567039064,1.17362433569156
0.580853174603175,0.183443610884619,0.190551230656736,0.151929889710058,1.17374313669288
0.580952380952381,0.183427102230095,0.190548360360662,0.151857247087918,1.17386192136006
0.581051587301587,0.183410595798023,0.190545484558474,0.151784639155486,1.1739806896976
0.581150793650794,0.183394091588434,0.190542603253189,0.151712065895606,1.17409944170999
0.58125,0.183377589601361,0.190539716447824,0.151639527291136,1.17421817740175
0.581349206349206,0.183361089836836,0.190536824145394,0.151567023324936,1.17433689677737
0.581448412698413,0.183344592294893,0.190533926348911,0.151494553979878,1.17445559984134
0.581547619047619,0.183328096975566,0.190531023061386,0.151422119238837,1.17457428659817
0.581646825396825,0.183311603878891,0.190528114285828,0.1513497190847,1.17469295705234
0.581746031746032,0.183295113004904,0.190525200025245,0.151277353500358,1.17481161120835
0.581845238095238,0.183278624353643,0.190522280282643,0.151205022468712,1.17493024907068
0.581944444444444,0.183262137925146,0.190519355061025,0.151132725972671,1.17504887064382
0.582043650793651,0.183245653719452,0.190516424363393,0.151060463995147,1.17516747593226
0.582142857142857,0.183229171736601,0.190513488192749,0.150988236519066,1.17528606494048
0.582242063492063,0.183212691976635,0.19051054655209,0.150916043527356,1.17540463767295
0.58234126984127,0.183196214439595,0.190507599444414,0.150843885002956,1.17552319413415
0.582440476190476,0.183179739125525,0.190504646872716,0.150771760928811,1.17564173432857
0.582539682539683,0.183163266034469,0.190501688839989,0.150699671287874,1.17576025826066
0.582638888888889,0.18314679516647,0.190498725349225,0.150627616063105,1.17587876593492
0.582738095238095,0.183130326521576,0.190495756403413,0.150555595237474,1.17599725735579
0.582837301587302,0.183113860099833,0.190492782005543,0.150483608793955,1.17611573252776
0.582936507936508,0.183097395901289,0.190489802158599,0.150411656715531,1.17623419145528
0.583035714285714,0.183080933925991,0.190486816865567,0.150339738985193,1.17635263414281
0.583134920634921,0.18306447417399,0.190483826129429,0.15026785558594,1.17647106059483
0.583234126984127,0.183048016645337,0.190480829953168,0.150196006500777,1.17658947081578
0.583333333333333,0.183031561340082,0.190477828339761,0.150124191712718,1.17670786481013
0.58343253968254,0.183015108258278,0.190474821292186,0.150052411204784,1.17682624258232
0.583531746031746,0.182998657399978,0.19047180881342,0.149980664960002,1.17694460413681
0.583630952380952,0.182982208765236,0.190468790906437,0.14990895296141,1.17706294947805
0.583730158730159,0.182965762354108,0.190465767574207,0.14983727519205,1.17718127861048
0.583829365079365,0.182949318166649,0.190462738819703,0.149765631634974,1.17729959153856
0.583928571428571,0.182932876202917,0.190459704645893,0.149694022273241,1.17741788826671
0.584027777777778,0.18291643646297,0.190456665055744,0.149622447089916,1.1775361687994
0.584126984126984,0.182899998946866,0.190453620052221,0.149550906068074,1.17765443314105
0.584226190476191,0.182883563654665,0.190450569638288,0.149479399190796,1.1777726812961
0.584325396825397,0.182867130586429,0.190447513816906,0.149407926441171,1.17789091326898
0.584424603174603,0.182850699742217,0.190444452591035,0.149336487802295,1.17800912906413
0.58452380952381,0.182834271122095,0.190441385963634,0.149265083257272,1.17812732868599
0.584623015873016,0.182817844726124,0.190438313937659,0.149193712789213,1.17824551213896
0.584722222222222,0.182801420554369,0.190435236516064,0.149122376381239,1.17836367942749
0.584821428571429,0.182784998606896,0.190432153701803,0.149051074016475,1.178481830556
0.584920634920635,0.182768578883772,0.190429065497827,0.148979805678055,1.17859996552891
0.585019841269841,0.182752161385062,0.190425971907085,0.148908571349122,1.17871808435063
0.585119047619048,0.182735746110837,0.190422872932525,0.148837371012825,1.17883618702559
0.585218253968254,0.182719333061164,0.190419768577093,0.14876620465232,1.1789542735582
0.58531746031746,0.182702922236114,0.190416658843732,0.148695072250773,1.17907234395287
0.585416666666667,0.182686513635758,0.190413543735386,0.148623973791354,1.17919039821402
0.585515873015873,0.182670107260168,0.190410423254994,0.148552909257243,1.17930843634605
0.585615079365079,0.182653703109416,0.190407297405497,0.148481878631628,1.17942645835336
0.585714285714286,0.182637301183578,0.19040416618983,0.148410881897703,1.17954446424038
0.585813492063492,0.182620901482726,0.190401029610929,0.148339919038671,1.17966245401149
0.585912698412698,0.182604504006938,0.190397887671728,0.14826899003774,1.1797804276711
0.586011904761905,0.182588108756289,0.190394740375159,0.148198094878128,1.1798983852236
0.586111111111111,0.182571715730858,0.190391587724151,0.148127233543061,1.18001632667339
0.586210317460317,0.182555324930723,0.190388429721633,0.148056406015769,1.18013425202487
0.586309523809524,0.182538936355963,0.190385266370532,0.147985612279494,1.18025216128243
0.58640873015873,0.182522550006658,0.190382097673772,0.147914852317483,1.18037005445045
0.586507936507937,0.182506165882891,0.190378923634276,0.14784412611299,1.18048793153332
0.586607142857143,0.182489783984742,0.190375744254966,0.147773433649279,1.18060579253543
0.586706349206349,0.182473404312296,0.190372559538761,0.147702774909619,1.18072363746116
0.586805555555556,0.182457026865637,0.190369369488579,0.147632149877289,1.1808414663149
0.586904761904762,0.182440651644849,0.190366174107335,0.147561558535572,1.18095927910101
0.587003968253968,0.182424278650018,0.190362973397945,0.147491000867763,1.18107707582388
0.587103174603175,0.182407907881232,0.19035976736332,0.147420476857161,1.18119485648789
0.587202380952381,0.182391539338578,0.190356556006371,0.147349986487074,1.18131262109739
0.587301587301587,0.182375173022146,0.190353339330008,0.147279529740818,1.18143036965677
0.587400793650794,0.182358808932024,0.190350117337137,0.147209106601716,1.18154810217039
0.5875,0.182342447068303,0.190346890030663,0.147138717053098,1.18166581864262
0.587599206349206,0.182326087431076,0.190343657413492,0.147068361078302,1.18178351907782
0.587698412698413,0.182309730020434,0.190340419488523,0.146998038660674,1.18190120348035
0.587797619047619,0.182293374836471,0.190337176258658,0.146927749783567,1.18201887185457
0.587896825396825,0.182277021879282,0.190333927726796,0.146857494430342,1.18213652420485
0.587996031746032,0.182260671148962,0.190330673895832,0.146787272584367,1.18225416053552
0.588095238095238,0.182244322645606,0.190327414768661,0.146717084229018,1.18237178085095
0.588194444444444,0.182227976369313,0.190324150348177,0.146646929347678,1.18248938515549
0.588293650793651,0.18221163232018,0.190320880637271,0.146576807923739,1.18260697345349
0.588392857142857,0.182195290498306,0.190317605638833,0.146506719940598,1.18272454574928
0.588492063492064,0.182178950903792,0.19031432535575,0.146436665381662,1.18284210204723
0.58859126984127,0.182162613536739,0.190311039790908,0.146366644230345,1.18295964235166
0.588690476190476,0.182146278397247,0.190307748947193,0.146296656470067,1.18307716666692
0.588789682539683,0.182129945485421,0.190304452827486,0.146226702084257,1.18319467499735
0.588888888888889,0.182113614801363,0.190301151434668,0.146156781056351,1.18331216734727
0.588988095238095,0.182097286345179,0.190297844771619,0.146086893369794,1.18342964372104
0.589087301587302,0.182080960116974,0.190294532841215,0.146017039008037,1.18354710412297
0.589186507936508,0.182064636116855,0.190291215646332,0.145947217954537,1.18366454855739
0.589285714285714,0.182048314344929,0.190287893189844,0.145877430192763,1.18378197702864
0.589384920634921,0.182031994801304,0.190284565474623,0.145807675706188,1.18389938954104
0.589484126984127,0.18201567748609,0.190281232503539,0.145737954478293,1.1840167860989
0.589583333333333,0.181999362399397,0.190277894279461,0.145668266492568,1.18413416670656
0.58968253968254,0.181983049541337,0.190274550805256,0.145598611732509,1.18425153136833
0.589781746031746,0.181966738912021,0.190271202083787,0.14552899018162,1.18436888008852
0.589880952380952,0.181950430511563,0.19026784811792,0.145459401823414,1.18448621287145
0.589980158730159,0.181934124340077,0.190264488910514,0.145389846641409,1.18460352972143
0.590079365079365,0.181917820397677,0.19026112446443,0.145320324619132,1.18472083064278
0.590178571428571,0.181901518684479,0.190257754782526,0.145250835740118,1.18483811563979
0.590277777777778,0.181885219200601,0.190254379867658,0.145181379987909,1.18495538471678
0.590376984126984,0.18186892194616,0.19025099972268,0.145111957346054,1.18507263787804
0.59047619047619,0.181852626921275,0.190247614350446,0.145042567798111,1.18518987512789
0.590575396825397,0.181836334126065,0.190244223753805,0.144973211327643,1.18530709647061
0.590674603174603,0.181820043560652,0.190240827935607,0.144903887918223,1.1854243019105
0.59077380952381,0.181803755225155,0.190237426898699,0.144834597553432,1.18554149145187
0.590873015873016,0.181787469119699,0.190234020645928,0.144765340216855,1.185658665099
0.590972222222222,0.181771185244406,0.190230609180137,0.144696115892088,1.18577582285618
0.591071428571429,0.1817549035994,0.190227192504168,0.144626924562733,1.1858929647277
0.591170634920635,0.181738624184807,0.190223770620861,0.1445577662124,1.18601009071785
0.591269841269841,0.181722347000754,0.190220343533055,0.144488640824707,1.18612720083091
0.591369047619048,0.181706072047366,0.190216911243587,0.144419548383279,1.18624429507116
0.591468253968254,0.181689799324772,0.190213473755292,0.144350488871748,1.18636137344289
0.59156746031746,0.181673528833102,0.190210031071003,0.144281462273754,1.18647843595036
0.591666666666667,0.181657260572485,0.190206583193552,0.144212468572946,1.18659548259786
0.591765873015873,0.181640994543051,0.190203130125768,0.144143507752977,1.18671251338966
0.591865079365079,0.181624730744934,0.190199671870481,0.144074579797512,1.18682952833003
0.591964285714286,0.181608469178264,0.190196208430515,0.14400568469022,1.18694652742323
0.592063492063492,0.181592209843177,0.190192739808695,0.143936822414779,1.18706351067354
0.592162698412698,0.181575952739806,0.190189266007845,0.143867992954875,1.18718047808522
0.592261904761905,0.181559697868287,0.190185787030785,0.1437991962942,1.18729742966254
0.592361111111111,0.181543445228757,0.190182302880335,0.143730432416456,1.18741436540974
0.592460317460317,0.181527194821353,0.190178813559311,0.14366170130535,1.1875312853311
0.592559523809524,0.181510946646213,0.19017531907053,0.143593002944597,1.18764818943086
0.59265873015873,0.181494700703477,0.190171819416806,0.143524337317922,1.18776507771328
0.592757936507937,0.181478456993285,0.19016831460095,0.143455704409055,1.18788195018262
0.592857142857143,0.181462215515777,0.190164804625774,0.143387104201734,1.18799880684311
0.592956349206349,0.181445976271096,0.190161289494086,0.143318536679705,1.18811564769902
0.593055555555556,0.181429739259385,0.190157769208693,0.143250001826721,1.18823247275458
0.593154761904762,0.181413504480789,0.1901542437724,0.143181499626544,1.18834928201403
0.593253968253968,0.18139727193545,0.19015071318801,0.143113030062941,1.18846607548163
0.593353174603175,0.181381041623517,0.190147177458326,0.143044593119689,1.1885828531616
0.593452380952381,0.181364813545134,0.190143636586147,0.142976188780572,1.18869961505818
0.593551587301587,0.181348587700451,0.19014009057427,0.14290781702938,1.18881636117561
0.593650793650794,0.181332364089615,0.190136539425494,0.142839477849913,1.18893309151813
0.59375,0.181316142712776,0.190132983142611,0.142771171225976,1.18904980608995
0.593849206349206,0.181299923570085,0.190129421728416,0.142702897141383,1.18916650489531
0.593948412698413,0.181283706661692,0.190125855185699,0.142634655579956,1.18928318793844
0.594047619047619,0.181267491987751,0.190122283517249,0.142566446525524,1.18939985522355
0.594146825396825,0.181251279548415,0.190118706725855,0.142498269961923,1.18951650675488
0.594246031746032,0.181235069343837,0.190115124814301,0.142430125872997,1.18963314253663
0.594345238095238,0.181218861374173,0.190111537785372,0.142362014242597,1.18974976257303
0.594444444444444,0.181202655639579,0.190107945641851,0.142293935054583,1.18986636686828
0.594543650793651,0.181186452140213,0.190104348386517,0.142225888292822,1.18998295542662
0.594642857142857,0.181170250876231,0.190100746022151,0.142157873941187,1.19009952825224
0.594742063492063,0.181154051847793,0.190097138551527,0.142089891983561,1.19021608534935
0.59484126984127,0.181137855055059,0.190093525977423,0.142021942403832,1.19033262672216
0.594940476190476,0.181121660498189,0.190089908302611,0.141954025185898,1.19044915237488
0.595039682539683,0.181105468177345,0.190086285529863,0.141886140313663,1.1905656623117
0.595138888888889,0.18108927809269,0.190082657661949,0.141818287771039,1.19068215653683
0.595238095238095,0.181073090213889,0.190079024713004,0.141750467546297,1.19079863506576
0.595337301587302,0.181056904475674,0.190075386710045,0.14168267963342,1.19091509792677
0.595436507936508,0.181040720875324,0.19007174365667,0.141614924018085,1.19103154512482
0.595535714285714,0.181024539412262,0.190068095555671,0.141547200685676,1.19114797666406
0.595634920634921,0.181008360085911,0.190064442409843,0.141479509621584,1.19126439254865
0.595734126984127,0.180992182895695,0.190060784221977,0.141411850811202,1.19138079278275
0.595833333333333,0.180976007841038,0.190057120994864,0.141344224239932,1.19149717737052
0.59593253968254,0.180959834921364,0.190053452731295,0.141276629893176,1.1916135463161
0.596031746031746,0.180943664136098,0.190049779434058,0.141209067756343,1.19172989962365
0.596130952380952,0.180927495484666,0.190046101105943,0.141141537814846,1.19184623729733
0.596230158730159,0.180911328966491,0.190042417749735,0.141074040054104,1.19196255934128
0.596329365079365,0.180895164581001,0.190038729368222,0.141006574459539,1.19207886575964
0.596428571428571,0.180879002327622,0.190035035964189,0.140939141016579,1.19219515655658
0.596527777777778,0.180862842205779,0.190031337540419,0.140871739710654,1.19231143173624
0.596626984126984,0.180846684214899,0.190027634099697,0.140804370527203,1.19242769130275
0.59672619047619,0.180830528354409,0.190023925644803,0.140737033451665,1.19254393526027
0.596825396825397,0.180814374623738,0.190020212178521,0.140669728469488,1.19266016361294
0.596924603174603,0.180798223022312,0.190016493703629,0.140602455566121,1.1927763763649
0.59702380952381,0.180782073549559,0.190012770222907,0.14053521472702,1.1928925735203
0.597123015873016,0.180765926204908,0.190009041739134,0.140468005937645,1.19300875508326
0.597222222222222,0.180749780987788,0.190005308255087,0.140400829183461,1.19312492105792
0.597321428571429,0.180733637897628,0.190001569773542,0.140333684449936,1.19324107144843
0.597420634920635,0.180717496933857,0.189997826297274,0.140266571722544,1.19335720625893
0.597519841269841,0.180701358095905,0.189994077829058,0.140199490986765,1.19347332549353
0.597619047619048,0.180685221383202,0.189990324371668,0.140132442228081,1.19358942915638
0.597718253968254,0.180669086795178,0.189986565927875,0.140065425431981,1.19370551725161
0.59781746031746,0.180652954331264,0.189982802500452,0.139998440583956,1.19382158978335
0.597916666666667,0.180636823990891,0.189979034092168,0.139931487669505,1.19393764675573
0.598015873015873,0.180620695773491,0.189975260705793,0.139864566674128,1.19405368817287
0.598115079365079,0.180604569678496,0.189971482344095,0.139797677583333,1.1941697140389
0.598214285714286,0.180588445705337,0.189967699009842,0.13973082038263,1.19428572435795
0.598313492063492,0.180572323853446,0.189963910705801,0.139663995057536,1.19440171913415
0.598412698412698,0.180556204122258,0.189960117434736,0.139597201593571,1.19451769837161
0.598511904761905,0.180540086511204,0.189956319199413,0.13953043997626,1.19463366207445
0.598611111111111,0.180523971019718,0.189952516002594,0.139463710191134,1.19474961024681
0.598710317460317,0.180507857647234,0.189948707847043,0.139397012223726,1.19486554289278
0.598809523809524,0.180491746393186,0.189944894735521,0.139330346059576,1.19498146001651
0.59890873015873,0.180475637257009,0.189941076670789,0.139263711684227,1.19509736162209
0.599007936507937,0.180459530238136,0.189937253655605,0.139197109083229,1.19521324771365
0.599107142857143,0.180443425336004,0.189933425692729,0.139130538242134,1.19532911829531
0.599206349206349,0.180427322550048,0.189929592784919,0.1390639991465,1.19544497337116
0.599305555555556,0.180411221879704,0.18992575493493,0.13899749178189,1.19556081294533
0.599404761904762,0.180395123324407,0.189921912145519,0.138931016133871,1.19567663702193
0.599503968253968,0.180379026883594,0.18991806441944,0.138864572188014,1.19579244560506
0.599603174603175,0.180362932556702,0.189914211759446,0.138798159929896,1.19590823869884
0.599702380952381,0.180346840343168,0.189910354168291,0.138731779345099,1.19602401630736
0.599801587301587,0.18033075024243,0.189906491648726,0.138665430419208,1.19613977843475
0.599900793650794,0.180314662253925,0.189902624203502,0.138599113137813,1.19625552508509
0.6,0.180298576377091,0.189898751835369,0.13853282748651,1.19637125626249
0.600099206349206,0.180282492611367,0.189894874547074,0.138466573450898,1.19648697197106
0.600198412698413,0.180266410956192,0.189890992341367,0.138400351016582,1.19660267221489
0.600297619047619,0.180250331411005,0.189887105220993,0.138334160169171,1.19671835699809
0.600396825396825,0.180234253975245,0.189883213188699,0.138268000894279,1.19683402632475
0.600496031746032,0.180218178648352,0.189879316247229,0.138201873177524,1.19694968019897
0.600595238095238,0.180202105429766,0.189875414399326,0.13813577700453,1.19706531862485
0.600694444444444,0.180186034318928,0.189871507647735,0.138069712360924,1.19718094160647
0.600793650793651,0.180169965315278,0.189867595995196,0.138003679232338,1.19729654914793
0.600892857142857,0.180153898418258,0.189863679444451,0.13793767760441,1.19741214125333
0.600992063492063,0.180137833627309,0.189859757998239,0.137871707462781,1.19752771792676
0.60109126984127,0.180121770941873,0.189855831659299,0.137805768793097,1.1976432791723
0.601190476190476,0.180105710361393,0.189851900430369,0.137739861581011,1.19775882499404
0.601289682539683,0.180089651885309,0.189847964314186,0.137673985812178,1.19787435539606
0.601388888888889,0.180073595513067,0.189844023313485,0.137608141472257,1.19798987038247
0.601488095238095,0.180057541244107,0.189840077431002,0.137542328546914,1.19810536995733
0.601587301587302,0.180041489077875,0.189836126669471,0.137476547021819,1.19822085412473
0.601686507936508,0.180025439013814,0.189832171031624,0.137410796882647,1.19833632288876
0.601785714285714,0.180009391051368,0.189828210520194,0.137345078115075,1.19845177625349
0.601884920634921,0.179993345189981,0.189824245137911,0.137279390704789,1.19856721422301
0.601984126984127,0.179977301429099,0.189820274887505,0.137213734637475,1.19868263680138
0.602083333333333,0.179961259768167,0.189816299771706,0.137148109898829,1.1987980439927
0.60218253968254,0.179945220206629,0.189812319793241,0.137082516474546,1.19891343580103
0.602281746031746,0.179929182743933,0.189808334954837,0.137016954350329,1.19902881223045
0.602380952380952,0.179913147379524,0.18980434525922,0.136951423511886,1.19914417328503
0.602480158730159,0.179897114112848,0.189800350709116,0.136885923944929,1.19925951896884
0.602579365079365,0.179881082943353,0.189796351307249,0.136820455635172,1.19937484928596
0.602678571428571,0.179865053870485,0.189792347056341,0.136755018568338,1.19949016424045
0.602777777777778,0.179849026893693,0.189788337959114,0.136689612730153,1.19960546383638
0.602876984126984,0.179833002012424,0.18978432401829,0.136624238106345,1.19972074807783
0.60297619047619,0.179816979226126,0.189780305236589,0.136558894682652,1.19983601696884
0.603075396825397,0.179800958534248,0.18977628161673,0.136493582444811,1.1999512705135
0.603174603174603,0.179784939936238,0.18977225316143,0.136428301378568,1.20006650871585
0.603273809523809,0.179768923431547,0.189768219873408,0.136363051469671,1.20018173157998
0.603373015873016,0.179752909019623,0.189764181755379,0.136297832703875,1.20029693910992
0.603472222222222,0.179736896699916,0.189760138810059,0.136232645066937,1.20041213130975
0.603571428571429,0.179720886471877,0.189756091040161,0.13616748854462,1.20052730818352
0.603670634920635,0.179704878334955,0.189752038448399,0.136102363122693,1.2006424697353
0.603769841269841,0.179688872288603,0.189747981037485,0.136037268786926,1.20075761596912
0.603869047619048,0.17967286833227,0.189743918810131,0.135972205523098,1.20087274688906
0.603968253968254,0.17965686646541,0.189739851769046,0.13590717331699,1.20098786249916
0.60406746031746,0.179640866687473,0.189735779916939,0.135842172154389,1.20110296280347
0.604166666666667,0.179624868997912,0.18973170325652,0.135777202021084,1.20121804780605
0.604265873015873,0.179608873396179,0.189727621790495,0.135712262902872,1.20133311751094
0.604365079365079,0.179592879881727,0.18972353552157,0.135647354785553,1.2014481719222
0.604464285714286,0.17957688845401,0.189719444452451,0.135582477654932,1.20156321104386
0.604563492063492,0.179560899112481,0.189715348585843,0.135517631496819,1.20167823487998
0.604662698412698,0.179544911856593,0.189711247924448,0.135452816297027,1.20179324343461
0.604761904761905,0.179528926685802,0.189707142470969,0.135388032041377,1.20190823671177
0.604861111111111,0.179512943599562,0.189703032228107,0.13532327871569,1.20202321471552
0.604960317460318,0.179496962597327,0.189698917198562,0.135258556305796,1.2021381774499
0.605059523809524,0.179480983678554,0.189694797385035,0.135193864797528,1.20225312491894
0.60515873015873,0.179465006842696,0.189690672790222,0.135129204176723,1.20236805712669
0.605257936507937,0.179449032089211,0.189686543416823,0.135064574429223,1.20248297407717
0.605357142857143,0.179433059417555,0.189682409267533,0.134999975540875,1.20259787577444
0.605456349206349,0.179417088827184,0.189678270345047,0.134935407497531,1.20271276222251
0.605555555555556,0.179401120317555,0.189674126652061,0.134870870285047,1.20282763342543
0.605654761904762,0.179385153888125,0.189669978191266,0.134806363889284,1.20294248938723
0.605753968253968,0.179369189538353,0.189665824965357,0.134741888296107,1.20305733011193
0.605853174603175,0.179353227267695,0.189661666977025,0.134677443491387,1.20317215560357
0.605952380952381,0.179337267075611,0.189657504228959,0.134613029460998,1.20328696586618
0.606051587301587,0.179321308961558,0.18965333672385,0.13454864619082,1.20340176090378
0.606150793650794,0.179305352924996,0.189649164464386,0.134484293666738,1.2035165407204
0.60625,0.179289398965384,0.189644987453254,0.134419971874639,1.20363130532006
0.606349206349206,0.179273447082181,0.189640805693141,0.134355680800418,1.20374605470678
0.606448412698413,0.179257497274848,0.189636619186733,0.134291420429973,1.2038607888846
0.606547619047619,0.179241549542845,0.189632427936715,0.134227190749207,1.20397550785752
0.606646825396825,0.179225603885632,0.189628231945769,0.134162991744027,1.20409021162957
0.606746031746032,0.179209660302671,0.189624031216578,0.134098823400345,1.20420490020477
0.606845238095238,0.179193718793422,0.189619825751825,0.134034685704078,1.20431957358713
0.606944444444445,0.179177779357348,0.189615615554189,0.133970578641147,1.20443423178067
0.607043650793651,0.179161841993909,0.189611400626351,0.13390650219748,1.20454887478941
0.607142857142857,0.17914590670257,0.189607180970989,0.133842456359006,1.20466350261735
0.607242063492063,0.179129973482791,0.18960295659078,0.133778441111661,1.20477811526852
0.60734126984127,0.179114042334036,0.189598727488402,0.133714456441385,1.20489271274691
0.607440476190476,0.179098113255769,0.189594493666529,0.133650502334124,1.20500729505655
0.607539682539682,0.179082186247453,0.189590255127838,0.133586578775825,1.20512186220143
0.607638888888889,0.179066261308552,0.189586011875001,0.133522685752445,1.20523641418557
0.607738095238095,0.17905033843853,0.189581763910691,0.133458823249941,1.20535095101298
0.607837301587302,0.179034417636852,0.18957751123758,0.133394991254276,1.20546547268764
0.607936507936508,0.179018498902982,0.189573253858339,0.13333118975142,1.20557997921358
0.608035714285714,0.179002582236387,0.189568991775638,0.133267418727345,1.20569447059479
0.608134920634921,0.178986667636532,0.189564724992144,0.133203678168027,1.20580894683528
0.608234126984127,0.178970755102883,0.189560453510527,0.13313996805945,1.20592340793903
0.608333333333333,0.178954844634906,0.189556177333453,0.1330762883876,1.20603785391006
0.60843253968254,0.178938936232068,0.189551896463588,0.133012639138469,1.20615228475236
0.608531746031746,0.178923029893835,0.189547610903596,0.132949020298052,1.20626670046992
0.608630952380952,0.178907125619676,0.189543320656142,0.132885431852351,1.20638110106674
0.608730158730159,0.178891223409057,0.189539025723888,0.13282187378737,1.20649548654681
0.608829365079365,0.178875323261447,0.189534726109496,0.13275834608912,1.20660985691412
0.608928571428571,0.178859425176315,0.189530421815627,0.132694848743616,1.20672421217267
0.609027777777778,0.178843529153128,0.189526112844942,0.132631381736877,1.20683855232645
0.609126984126984,0.178827635191355,0.189521799200098,0.132567945054926,1.20695287737944
0.60922619047619,0.178811743290467,0.189517480883754,0.132504538683794,1.20706718733563
0.609325396825397,0.178795853449933,0.189513157898568,0.132441162609513,1.207181482199
0.609424603174603,0.178779965669222,0.189508830247193,0.132377816818121,1.20729576197355
0.60952380952381,0.178764079947806,0.189504497932287,0.132314501295661,1.20741002666326
0.609623015873016,0.178748196285154,0.189500160956503,0.13225121602818,1.2075242762721
0.609722222222222,0.178732314680738,0.189495819322493,0.13218796100173,1.20763851080406
0.609821428571429,0.178716435134029,0.18949147303291,0.132124736202369,1.20775273026311
0.609920634920635,0.178700557644499,0.189487122090405,0.132061541616157,1.20786693465325
0.610019841269841,0.178684682211621,0.189482766497628,0.131998377229161,1.20798112397843
0.610119047619048,0.178668808834865,0.189478406257228,0.131935243027451,1.20809529824265
0.610218253968254,0.178652937513705,0.189474041371853,0.131872138997102,1.20820945744987
0.61031746031746,0.178637068247614,0.18946967184415,0.131809065124195,1.20832360160407
0.610416666666667,0.178621201036065,0.189465297676765,0.131746021394814,1.20843773070922
0.610515873015873,0.178605335878533,0.189460918872343,0.131683007795048,1.20855184476929
0.610615079365079,0.17858947277449,0.189456535433529,0.131620024310992,1.20866594378825
0.610714285714286,0.178573611723412,0.189452147362965,0.131557070928744,1.20878002777007
0.610813492063492,0.178557752724773,0.189447754663294,0.131494147634408,1.20889409671872
0.610912698412698,0.178541895778049,0.189443357337157,0.131431254414091,1.20900815063816
0.611011904761905,0.178526040882713,0.189438955387194,0.131368391253907,1.20912218953236
0.611111111111111,0.178510188038243,0.189434548816045,0.131305558139971,1.20923621340527
0.611210317460318,0.178494337244115,0.189430137626346,0.131242755058408,1.20935022226088
0.611309523809524,0.178478488499804,0.189425721820737,0.131179981995342,1.20946421610313
0.61140873015873,0.178462641804787,0.189421301401852,0.131117238936906,1.20957819493598
0.611507936507937,0.178446797158542,0.189416876372327,0.131054525869235,1.20969215876339
0.611607142857143,0.178430954560546,0.189412446734797,0.13099184277847,1.20980610758933
0.611706349206349,0.178415114010276,0.189408012491895,0.130929189650757,1.20992004141774
0.611805555555555,0.178399275507211,0.189403573646252,0.130866566472244,1.21003396025258
0.611904761904762,0.178383439050829,0.189399130200501,0.130803973229088,1.21014786409781
0.612003968253968,0.178367604640609,0.189394682157271,0.130741409907446,1.21026175295737
0.612103174603175,0.17835177227603,0.189390229519192,0.130678876493484,1.21037562683523
0.612202380952381,0.17833594195657,0.189385772288893,0.130616372973369,1.21048948573532
0.612301587301587,0.178320113681711,0.189381310468999,0.130553899333275,1.21060332966159
0.612400793650794,0.178304287450932,0.189376844062139,0.13049145555938,1.21071715861801
0.6125,0.178288463263714,0.189372373070937,0.130429041637867,1.2108309726085
0.612599206349206,0.178272641119536,0.189367897498018,0.130366657554922,1.21094477163702
0.612698412698413,0.178256821017881,0.189363417346005,0.130304303296737,1.2110585557075
0.612797619047619,0.17824100295823,0.189358932617521,0.13024197884951,1.2111723248239
0.612896825396825,0.178225186940064,0.189354443315186,0.130179684199441,1.21128607899015
0.612996031746032,0.178209372962866,0.189349949441622,0.130117419332737,1.21139981821019
0.613095238095238,0.178193561026117,0.189345450999447,0.130055184235607,1.21151354248796
0.613194444444444,0.178177751129302,0.189340947991281,0.129992978894267,1.2116272518274
0.613293650793651,0.178161943271902,0.189336440419741,0.129930803294937,1.21174094623244
0.613392857142857,0.178146137453402,0.189331928287443,0.129868657423842,1.21185462570703
0.613492063492063,0.178130333673284,0.189327411597003,0.129806541267211,1.21196829025508
0.61359126984127,0.178114531931034,0.189322890351035,0.129744454811277,1.21208193988055
0.613690476190476,0.178098732226135,0.189318364552153,0.129682398042279,1.21219557458734
0.613789682539683,0.178082934558073,0.189313834202969,0.12962037094646,1.21230919437941
0.613888888888889,0.178067138926332,0.189309299306095,0.129558373510069,1.21242279926067
0.613988095238095,0.178051345330398,0.189304759864142,0.129496405719357,1.21253638923505
0.614087301587302,0.178035553769757,0.189300215879719,0.129434467560582,1.21264996430648
0.614186507936508,0.178019764243894,0.189295667355435,0.129372559020006,1.21276352447889
0.614285714285714,0.178003976752297,0.189291114293897,0.129310680083895,1.21287706975619
0.614384920634921,0.177988191294452,0.189286556697712,0.129248830738521,1.21299060014231
0.614484126984127,0.177972407869846,0.189281994569486,0.129187010970159,1.21310411564117
0.614583333333333,0.177956626477966,0.189277427911823,0.129125220765089,1.2132176162567
0.61468253968254,0.177940847118302,0.189272856727327,0.129063460109598,1.2133311019928
0.614781746031746,0.177925069790339,0.1892682810186,0.129001728989974,1.2134445728534
0.614880952380952,0.177909294493568,0.189263700788245,0.128940027392512,1.21355802884241
0.614980158730159,0.177893521227476,0.189259116038862,0.128878355303512,1.21367146996376
0.615079365079365,0.177877749991554,0.18925452677305,0.128816712709277,1.21378489622134
0.615178571428571,0.177861980785289,0.189249932993409,0.128755099596115,1.21389830761908
0.615277777777778,0.177846213608173,0.189245334702537,0.12869351595034,1.21401170416089
0.615376984126984,0.177830448459696,0.189240731903029,0.12863196175827,1.21412508585067
0.615476190476191,0.177814685339347,0.189236124597482,0.128570437006227,1.21423845269233
0.615575396825397,0.177798924246618,0.189231512788491,0.128508941680537,1.21435180468979
0.615674603174603,0.177783165181,0.189226896478649,0.128447475767534,1.21446514184695
0.61577380952381,0.177767408141984,0.189222275670549,0.128386039253553,1.21457846416771
0.615873015873016,0.177751653129062,0.189217650366783,0.128324632124936,1.21469177165598
0.615972222222222,0.177735900141726,0.189213020569942,0.128263254368027,1.21480506431565
0.616071428571429,0.177720149179469,0.189208386282616,0.128201905969179,1.21491834215064
0.616170634920635,0.177704400241784,0.189203747507393,0.128140586914745,1.21503160516484
0.616269841269841,0.177688653328164,0.189199104246862,0.128079297191086,1.21514485336215
0.616369047619048,0.177672908438101,0.189194456503609,0.128018036784565,1.21525808674647
0.616468253968254,0.177657165571091,0.18918980428022,0.127956805681553,1.21537130532169
0.61656746031746,0.177641424726628,0.18918514757928,0.127895603868422,1.21548450909171
0.616666666666667,0.177625685904204,0.189180486403374,0.127834431331552,1.21559769806042
0.616765873015873,0.177609949103317,0.189175820755083,0.127773288057325,1.21571087223172
0.616865079365079,0.17759421432346,0.189171150636991,0.127712174032128,1.21582403160949
0.616964285714286,0.17757848156413,0.189166476051677,0.127651089242355,1.21593717619763
0.617063492063492,0.177562750824822,0.189161797001723,0.127590033674403,1.21605030600003
0.617162698412698,0.177547022105032,0.189157113489706,0.127529007314672,1.21616342102057
0.617261904761905,0.177531295404257,0.189152425518206,0.12746801014957,1.21627652126313
0.617361111111111,0.177515570721993,0.189147733089798,0.127407042165508,1.21638960673162
0.617460317460317,0.177499848057739,0.18914303620706,0.127346103348901,1.2165026774299
0.617559523809524,0.177484127410991,0.189138334872566,0.127285193686169,1.21661573336186
0.61765873015873,0.177468408781247,0.189133629088889,0.127224313163739,1.21672877453139
0.617757936507937,0.177452692168006,0.189128918858604,0.127163461768038,1.21684180094235
0.617857142857143,0.177436977570765,0.189124204184283,0.127102639485502,1.21695481259864
0.617956349206349,0.177421264989025,0.189119485068496,0.12704184630257,1.21706780950413
0.618055555555556,0.177405554422284,0.189114761513813,0.126981082205685,1.21718079166269
0.618154761904762,0.177389845870041,0.189110033522804,0.126920347181296,1.21729375907821
0.618253968253968,0.177374139331797,0.189105301098037,0.126859641215856,1.21740671175454
0.618353174603175,0.177358434807051,0.189100564242079,0.126798964295822,1.21751964969558
0.618452380952381,0.177342732295305,0.189095822957496,0.126738316407657,1.21763257290518
0.618551587301587,0.177327031796059,0.189091077246854,0.126677697537827,1.21774548138722
0.618650793650794,0.177311333308814,0.189086327112716,0.126617107672805,1.21785837514557
0.61875,0.177295636833072,0.189081572557646,0.126556546799067,1.2179712541841
0.618849206349206,0.177279942368335,0.189076813584206,0.126496014903093,1.21808411850666
0.618948412698413,0.177264249914105,0.189072050194957,0.126435511971369,1.21819696811714
0.619047619047619,0.177248559469885,0.189067282392459,0.126375037990386,1.21830980301938
0.619146825396825,0.177232871035177,0.189062510179273,0.126314592946639,1.21842262321726
0.619246031746032,0.177217184609484,0.189057733557955,0.126254176826627,1.21853542871463
0.619345238095238,0.177201500192311,0.189052952531064,0.126193789616854,1.21864821951535
0.619444444444444,0.177185817783161,0.189048167101156,0.12613343130383,1.21876099562329
0.619543650793651,0.177170137381539,0.189043377270785,0.126073101874068,1.21887375704231
0.619642857142857,0.177154458986949,0.189038583042507,0.126012801314086,1.21898650377625
0.619742063492064,0.177138782598895,0.189033784418874,0.125952529610408,1.21909923582897
0.61984126984127,0.177123108216883,0.189028981402439,0.12589228674956,1.21921195320433
0.619940476190476,0.17710743584042,0.189024173995754,0.125832072718075,1.21932465590618
0.620039682539682,0.17709176546901,0.189019362201368,0.125771887502491,1.21943734393838
0.620138888888889,0.177076097102159,0.189014546021832,0.125711731089348,1.21955001730476
0.620238095238095,0.177060430739375,0.189009725459693,0.125651603465193,1.21966267600918
0.620337301587302,0.177044766380165,0.189004900517499,0.125591504616577,1.2197753200555
0.620436507936508,0.177029104024035,0.189000071197797,0.125531434530055,1.21988794944755
0.620535714285714,0.177013443670494,0.188995237503132,0.125471393192188,1.22000056418918
0.620634920634921,0.176997785319048,0.188990399436047,0.12541138058954,1.22011316428423
0.620734126984127,0.176982128969207,0.188985556999088,0.125351396708682,1.22022574973655
0.620833333333333,0.17696647462048,0.188980710194796,0.125291441536187,1.22033832054998
0.62093253968254,0.176950822272374,0.188975859025713,0.125231515058634,1.22045087672835
0.621031746031746,0.176935171924399,0.188971003494379,0.125171617262606,1.22056341827552
0.621130952380952,0.176919523576065,0.188966143603334,0.125111748134693,1.22067594519531
0.621230158730159,0.176903877226882,0.188961279355117,0.125051907661487,1.22078845749156
0.621329365079365,0.17688823287636,0.188956410752264,0.124992095829585,1.22090095516811
0.621428571428571,0.17687259052401,0.188951537797313,0.124932312625589,1.22101343822879
0.621527777777778,0.176856950169342,0.188946660492799,0.124872558036107,1.22112590667744
0.621626984126984,0.176841311811868,0.188941778841257,0.12481283204775,1.22123836051788
0.62172619047619,0.1768256754511,0.188936892845221,0.124753134647134,1.22135079975395
0.621825396825397,0.176810041086549,0.188932002507222,0.12469346582088,1.22146322438947
0.621924603174603,0.176794408717728,0.188927107829793,0.124633825555613,1.22157563442827
0.62202380952381,0.176778778344149,0.188922208815464,0.124574213837964,1.22168802987419
0.622123015873016,0.176763149965326,0.188917305466765,0.124514630654568,1.22180041073104
0.622222222222222,0.176747523580772,0.188912397786224,0.124455075992064,1.22191277700265
0.622321428571429,0.176731899189999,0.18890748577637,0.124395549837096,1.22202512869284
0.622420634920635,0.176716276792523,0.188902569439729,0.124336052176313,1.22213746580543
0.622519841269841,0.176700656387858,0.188897648778827,0.124276582996368,1.22224978834425
0.622619047619048,0.176685037975518,0.188892723796188,0.12421714228392,1.22236209631311
0.622718253968254,0.176669421555018,0.188887794494336,0.124157730025631,1.22247438971583
0.62281746031746,0.176653807125873,0.188882860875794,0.12409834620817,1.22258666855623
0.622916666666667,0.1766381946876,0.188877922943084,0.124038990818207,1.22269893283812
0.623015873015873,0.176622584239714,0.188872980698727,0.12397966384242,1.22281118256532
0.623115079365079,0.176606975781731,0.188868034145241,0.123920365267491,1.22292341774164
0.623214285714286,0.176591369313168,0.188863083285147,0.123861095080104,1.22303563837089
0.623313492063492,0.176575764833542,0.188858128120962,0.123801853266953,1.22314784445688
0.623412698412698,0.176560162342371,0.188853168655203,0.12374263981473,1.22326003600342
0.623511904761905,0.176544561839172,0.188848204890385,0.123683454710138,1.22337221301432
0.623611111111111,0.176528963323463,0.188843236829023,0.12362429793988,1.22348437549338
0.623710317460317,0.176513366794762,0.188838264473632,0.123565169490666,1.22359652344442
0.623809523809524,0.176497772252589,0.188833287826725,0.12350606934921,1.22370865687123
0.62390873015873,0.176482179696461,0.188828306890812,0.123446997502231,1.22382077577762
0.624007936507937,0.176466589125899,0.188823321668406,0.123387953936452,1.22393288016739
0.624107142857143,0.176451000540422,0.188818332162015,0.123328938638602,1.22404497004433
0.624206349206349,0.176435413939551,0.18881333837415,0.123269951595412,1.22415704541226
0.624305555555556,0.176419829322804,0.188808340307317,0.123210992793621,1.22426910627497
0.624404761904762,0.176404246689704,0.188803337964024,0.123152062219971,1.22438115263624
0.624503968253968,0.176388666039771,0.188798331346777,0.123093159861208,1.22449318449989
0.624603174603175,0.176373087372526,0.188793320458081,0.123034285704083,1.2246052018697
0.624702380952381,0.176357510687492,0.18878830530044,0.122975439735354,1.22471720474947
0.624801587301587,0.176341935984189,0.188783285876357,0.122916621941779,1.22482919314298
0.624900793650794,0.176326363262142,0.188778262188334,0.122857832310126,1.22494116705404
0.625,0.176310792520871,0.188773234238871,0.122799070827163,1.22505312648642
0.625099206349206,0.176295223759901,0.18876820203047,0.122740337479666,1.22516507144391
0.625198412698413,0.176279656978755,0.188763165565629,0.122681632254414,1.22527700193031
0.625297619047619,0.176264092176955,0.188758124846846,0.122622955138191,1.2253889179494
0.625396825396825,0.176248529354028,0.188753079876618,0.122564306117786,1.22550081950496
0.625496031746032,0.176232968509496,0.188748030657442,0.122505685179991,1.22561270660077
0.625595238095238,0.176217409642884,0.188742977191812,0.122447092311606,1.22572457924062
0.625694444444444,0.176201852753718,0.188737919482223,0.122388527499433,1.22583643742829
0.625793650793651,0.176186297841523,0.188732857531168,0.122329990730278,1.22594828116755
0.625892857142857,0.176170744905825,0.188727791341139,0.122271481990955,1.22606011046219
0.625992063492063,0.176155193946149,0.188722720914627,0.122213001268279,1.22617192531598
0.62609126984127,0.176139644962022,0.188717646254122,0.122154548549073,1.2262837257327
0.626190476190476,0.176124097952971,0.188712567362114,0.122096123820161,1.22639551171611
0.626289682539683,0.176108552918523,0.188707484241091,0.122037727068376,1.22650728327001
0.626388888888889,0.176093009858205,0.18870239689354,0.121979358280551,1.22661904039814
0.626488095238095,0.176077468771545,0.188697305321947,0.121921017443527,1.2267307831043
0.626587301587302,0.176061929658071,0.188692209528798,0.121862704544149,1.22684251139224
0.626686507936508,0.176046392517311,0.188687109516577,0.121804419569266,1.22695422526573
0.626785714285714,0.176030857348795,0.188682005287766,0.121746162505732,1.22706592472855
0.626884920634921,0.17601532415205,0.18867689684485,0.121687933340406,1.22717760978445
0.626984126984127,0.175999792926608,0.188671784190308,0.12162973206015,1.2272892804372
0.627083333333333,0.175984263671997,0.188666667326621,0.121571558651833,1.22740093669056
0.62718253968254,0.175968736387747,0.188661546256268,0.121513413102328,1.2275125785483
0.627281746031746,0.175953211073389,0.188656420981729,0.121455295398511,1.22762420601418
0.627380952380952,0.175937687728453,0.188651291505479,0.121397205527265,1.22773581909195
0.627480158730159,0.175922166352472,0.188646157829996,0.121339143475476,1.22784741778537
0.627579365079365,0.175906646944975,0.188641019957755,0.121281109230036,1.2279590020982
0.627678571428571,0.175891129505495,0.18863587789123,0.12122310277784,1.2280705720342
0.627777777777778,0.175875614033565,0.188630731632895,0.12116512410579,1.22818212759712
0.627876984126984,0.175860100528715,0.188625581185223,0.121107173200789,1.22829366879072
0.62797619047619,0.17584458899048,0.188620426550683,0.121049250049749,1.22840519561874
0.628075396825397,0.175829079418392,0.188615267731748,0.120991354639583,1.22851670808493
0.628174603174603,0.175813571811985,0.188610104730887,0.120933486957212,1.22862820619305
0.62827380952381,0.175798066170792,0.188604937550568,0.120875646989558,1.22873968994684
0.628373015873016,0.175782562494347,0.188599766193258,0.120817834723551,1.22885115935005
0.628472222222222,0.175767060782186,0.188594590661424,0.120760050146124,1.22896261440643
0.628571428571429,0.175751561033842,0.188589410957532,0.120702293244214,1.22907405511972
0.628670634920635,0.175736063248851,0.188584227084046,0.120644564004765,1.22918548149366
0.628769841269841,0.175720567426749,0.18857903904343,0.120586862414723,1.22929689353199
0.628869047619048,0.175705073567071,0.188573846838146,0.12052918846104,1.22940829123846
0.628968253968254,0.175689581669352,0.188568650470656,0.120471542130673,1.22951967461681
0.62906746031746,0.175674091733131,0.18856344994342,0.120413923410583,1.22963104367077
0.629166666666667,0.175658603757943,0.188558245258898,0.120356332287735,1.22974239840408
0.629265873015873,0.175643117743325,0.188553036419549,0.120298768749102,1.22985373882047
0.629365079365079,0.175627633688816,0.188547823427831,0.120241232781656,1.22996506492369
0.629464285714286,0.175612151593952,0.188542606286199,0.120183724372379,1.23007637671746
0.629563492063492,0.175596671458273,0.18853738499711,0.120126243508256,1.23018767420551
0.629662698412698,0.175581193281316,0.188532159563018,0.120068790176274,1.23029895739158
0.629761904761905,0.17556571706262,0.188526929986377,0.120011364363428,1.2304102262794
0.629861111111111,0.175550242801724,0.18852169626964,0.119953966056716,1.23052148087269
0.629960317460318,0.175534770498168,0.188516458415259,0.119896595243143,1.23063272117518
0.630059523809524,0.175519300151492,0.188511216425683,0.119839251909714,1.23074394719059
0.63015873015873,0.175503831761236,0.188505970303363,0.119781936043444,1.23085515892266
0.630257936507936,0.17548836532694,0.188500720050748,0.119724647631348,1.2309663563751
0.630357142857143,0.175472900848145,0.188495465670286,0.11966738666045,1.23107753955164
0.630456349206349,0.175457438324393,0.188490207164422,0.119610153117775,1.23118870845599
0.630555555555556,0.175441977755224,0.188484944535603,0.119552946990354,1.23129986309188
0.630654761904762,0.175426519140181,0.188479677786275,0.119495768265224,1.23141100346303
0.630753968253968,0.175411062478805,0.188474406918879,0.119438616929424,1.23152212957315
0.630853174603175,0.17539560777064,0.18846913193586,0.11938149297,1.23163324142595
0.630952380952381,0.175380155015227,0.18846385283966,0.119324396374002,1.23174433902515
0.631051587301587,0.175364704212111,0.188458569632718,0.119267327128485,1.23185542237447
0.631150793650794,0.175349255360835,0.188453282317476,0.119210285220506,1.23196649147762
0.63125,0.175333808460942,0.188447990896371,0.11915327063713,1.2320775463383
0.631349206349206,0.175318363511977,0.188442695371843,0.119096283365426,1.23218858696023
0.631448412698413,0.175302920513484,0.188437395746326,0.119039323392466,1.23229961334712
0.631547619047619,0.175287479465008,0.188432092022259,0.118982390705329,1.23241062550267
0.631646825396825,0.175272040366094,0.188426784202075,0.118925485291096,1.23252162343059
0.631746031746032,0.175256603216288,0.188421472288209,0.118868607136855,1.23263260713458
0.631845238095238,0.175241168015136,0.188416156283093,0.118811756229698,1.23274357661834
0.631944444444444,0.175225734762183,0.188410836189159,0.11875493255672,1.23285453188559
0.632043650793651,0.175210303456977,0.188405512008839,0.118698136105024,1.23296547294001
0.632142857142857,0.175194874099064,0.188400183744563,0.118641366861714,1.23307639978531
0.632242063492063,0.175179446687992,0.188394851398759,0.118584624813902,1.23318731242519
0.63234126984127,0.175164021223307,0.188389514973855,0.118527909948702,1.23329821086335
0.632440476190476,0.175148597704558,0.188384174472279,0.118471222253234,1.23340909510347
0.632539682539683,0.175133176131293,0.188378829896457,0.118414561714622,1.23351996514925
0.632638888888889,0.17511775650306,0.188373481248813,0.118357928319995,1.2336308210044
0.632738095238095,0.175102338819409,0.188368128531772,0.118301322056488,1.23374166267259
0.632837301587302,0.175086923079888,0.188362771747757,0.118244742911238,1.23385249015753
0.632936507936508,0.175071509284048,0.18835741089919,0.118188190871388,1.23396330346289
0.633035714285714,0.175056097431437,0.188352045988492,0.118131665924087,1.23407410259237
0.633134920634921,0.175040687521607,0.188346677018083,0.118075168056486,1.23418488754966
0.633234126984127,0.175025279554107,0.188341303990383,0.118018697255743,1.23429565833844
0.633333333333333,0.175009873528489,0.188335926907809,0.117962253509019,1.2344064149624
0.63343253968254,0.174994469444304,0.18833054577278,0.11790583680348,1.23451715742521
0.633531746031746,0.174979067301103,0.188325160587709,0.117849447126299,1.23462788573057
0.633630952380952,0.174963667098439,0.188319771355015,0.117793084464649,1.23473859988214
0.633730158730159,0.174948268835863,0.188314378077109,0.117736748805712,1.23484929988363
0.633829365079365,0.174932872512928,0.188308980756406,0.117680440136673,1.23495998573869
0.633928571428571,0.174917478129187,0.188303579395318,0.117624158444721,1.235070657451
0.634027777777778,0.174902085684193,0.188298173996256,0.11756790371705,1.23518131502426
0.634126984126984,0.1748866951775,0.18829276456163,0.11751167594086,1.23529195846212
0.634226190476191,0.174871306608662,0.18828735109385,0.117455475103354,1.23540258776826
0.634325396825397,0.174855919977232,0.188281933595324,0.117399301191741,1.23551320294635
0.634424603174603,0.174840535282766,0.18827651206846,0.117343154193234,1.23562380400007
0.634523809523809,0.174825152524819,0.188271086515662,0.117287034095049,1.23573439093309
0.634623015873016,0.174809771702945,0.188265656939338,0.11723094088441,1.23584496374906
0.634722222222222,0.1747943928167,0.188260223341891,0.117174874548543,1.23595552245167
0.634821428571429,0.174779015865641,0.188254785725725,0.11711883507468,1.23606606704457
0.634920634920635,0.174763640849323,0.188249344093241,0.117062822450057,1.23617659753143
0.635019841269841,0.174748267767303,0.188243898446843,0.117006836661916,1.23628711391592
0.635119047619048,0.174732896619137,0.188238448788928,0.116950877697501,1.23639761620169
0.635218253968254,0.174717527404384,0.188232995121899,0.116894945544063,1.23650810439241
0.63531746031746,0.174702160122601,0.188227537448151,0.116839040188858,1.23661857849174
0.635416666666667,0.174686794773345,0.188222075770084,0.116783161619144,1.23672903850333
0.635515873015873,0.174671431356176,0.188216610090094,0.116727309822186,1.23683948443084
0.635615079365079,0.174656069870651,0.188211140410575,0.116671484785252,1.23694991627793
0.635714285714286,0.174640710316329,0.188205666733923,0.116615686495617,1.23706033404826
0.635813492063492,0.17462535269277,0.188200189062531,0.116559914940559,1.23717073774547
0.635912698412698,0.174609996999534,0.188194707398792,0.11650417010736,1.23728112737322
0.636011904761905,0.17459464323618,0.188189221745097,0.116448451983308,1.23739150293516
0.636111111111111,0.174579291402268,0.188183732103836,0.116392760555696,1.23750186443494
0.636210317460317,0.17456394149736,0.188178238477399,0.116337095811819,1.23761221187621
0.636309523809524,0.174548593521016,0.188172740868175,0.116281457738981,1.23772254526261
0.63640873015873,0.174533247472797,0.188167239278552,0.116225846324486,1.23783286459779
0.636507936507937,0.174517903352265,0.188161733710915,0.116170261555646,1.2379431698854
0.636607142857143,0.174502561158983,0.188156224167651,0.116114703419777,1.23805346112908
0.636706349206349,0.174487220892512,0.188150710651143,0.116059171904198,1.23816373833247
0.636805555555556,0.174471882552414,0.188145193163777,0.116003666996234,1.23827400149922
0.636904761904762,0.174456546138254,0.188139671707934,0.115948188683216,1.23838425063295
0.637003968253968,0.174441211649594,0.188134146285996,0.115892736952476,1.23849448573732
0.637103174603175,0.174425879085998,0.188128616900343,0.115837311791355,1.23860470681596
0.637202380952381,0.174410548447029,0.188123083553356,0.115781913187195,1.2387149138725
0.637301587301587,0.174395219732253,0.188117546247413,0.115726541127345,1.23882510691058
0.637400793650794,0.174379892941233,0.188112004984892,0.115671195599157,1.23893528593383
0.6375,0.174364568073535,0.188106459768169,0.11561587658999,1.23904545094589
0.637599206349206,0.174349245128725,0.188100910599621,0.115560584087205,1.23915560195039
0.637698412698413,0.174333924106367,0.188095357481622,0.115505318078168,1.23926573895095
0.637797619047619,0.174318605006027,0.188089800416545,0.115450078550253,1.2393758619512
0.637896825396825,0.174303287827273,0.188084239406764,0.115394865490834,1.23948597095478
0.637996031746032,0.17428797256967,0.18807867445465,0.115339678887292,1.23959606596531
0.638095238095238,0.174272659232787,0.188073105562574,0.115284518727014,1.23970614698641
0.638194444444445,0.174257347816189,0.188067532732907,0.115229384997388,1.2398162140217
0.638293650793651,0.174242038319444,0.188061955968016,0.11517427768581,1.23992626707481
0.638392857142857,0.174226730742122,0.188056375270269,0.11511919677968,1.24003630614937
0.638492063492063,0.174211425083789,0.188050790642034,0.115064142266402,1.24014633124898
0.63859126984127,0.174196121344015,0.188045202085677,0.115009114133383,1.24025634237727
0.638690476190476,0.174180819522369,0.188039609603562,0.114954112368039,1.24036633953786
0.638789682539682,0.174165519618419,0.188034013198052,0.114899136957786,1.24047632273436
0.638888888888889,0.174150221631737,0.188028412871512,0.114844187890048,1.24058629197038
0.638988095238095,0.174134925561891,0.188022808626303,0.114789265152252,1.24069624724955
0.639087301587302,0.174119631408452,0.188017200464786,0.11473436873183,1.24080618857547
0.639186507936508,0.174104339170991,0.18801158838932,0.114679498616219,1.24091611595175
0.639285714285714,0.174089048849078,0.188005972402265,0.11462465479286,1.24102602938201
0.639384920634921,0.174073760442286,0.188000352505979,0.1145698372492,1.24113592886985
0.639484126984127,0.174058473950185,0.187994728702819,0.114515045972689,1.24124581441888
0.639583333333333,0.174043189372349,0.187989100995141,0.114460280950782,1.2413556860327
0.63968253968254,0.174027906708348,0.187983469385299,0.114405542170941,1.24146554371493
0.639781746031746,0.174012625957756,0.187977833875648,0.114350829620628,1.24157538746916
0.639880952380952,0.173997347120146,0.187972194468541,0.114296143287315,1.241685217299
0.639980158730159,0.173982070195092,0.18796655116633,0.114241483158474,1.24179503320805
0.640079365079365,0.173966795182166,0.187960903971366,0.114186849221585,1.2419048351999
0.640178571428571,0.173951522080944,0.187955252885999,0.114132241464131,1.24201462327816
0.640277777777778,0.173936250890998,0.187949597912578,0.1140776598736,1.24212439744643
0.640376984126984,0.173920981611905,0.187943939053451,0.114023104437485,1.24223415770829
0.64047619047619,0.173905714243239,0.187938276310966,0.113968575143283,1.24234390406735
0.640575396825397,0.173890448784576,0.187932609687468,0.113914071978496,1.2424536365272
0.640674603174603,0.173875185235491,0.187926939185303,0.11385959493063,1.24256335509143
0.64077380952381,0.17385992359556,0.187921264806815,0.113805143987198,1.24267305976364
0.640873015873016,0.173844663864359,0.187915586554347,0.113750719135716,1.24278275054741
0.640972222222222,0.173829406041467,0.187909904430241,0.113696320363703,1.24289242744633
0.641071428571429,0.173814150126458,0.187904218436838,0.113641947658685,1.24300209046398
0.641170634920635,0.173798896118912,0.187898528576479,0.113587601008193,1.24311173960397
0.641269841269841,0.173783644018405,0.187892834851502,0.113533280399761,1.24322137486986
0.641369047619048,0.173768393824515,0.187887137264247,0.113478985820928,1.24333099626525
0.641468253968254,0.173753145536822,0.18788143581705,0.113424717259238,1.24344060379371
0.64156746031746,0.173737899154903,0.187875730512248,0.11337047470224,1.24355019745883
0.641666666666667,0.173722654678339,0.187870021352176,0.113316258137488,1.24365977726419
0.641765873015873,0.173707412106707,0.187864308339168,0.113262067552539,1.24376934321337
0.641865079365079,0.173692171439589,0.187858591475557,0.113207902934955,1.24387889530994
0.641964285714286,0.173676932676564,0.187852870763676,0.113153764272305,1.24398843355748
0.642063492063492,0.173661695817212,0.187847146205856,0.11309965155216,1.24409795795956
0.642162698412698,0.173646460861114,0.187841417804428,0.113045564762097,1.24420746851976
0.642261904761905,0.173631227807852,0.18783568556172,0.112991503889696,1.24431696524166
0.642361111111111,0.173615996657006,0.187829949480062,0.112937468922545,1.24442644812882
0.642460317460318,0.173600767408159,0.18782420956178,0.112883459848234,1.24453591718481
0.642559523809524,0.173585540060893,0.187818465809201,0.112829476654358,1.2446453724132
0.64265873015873,0.17357031461479,0.187812718224651,0.112775519328516,1.24475481381757
0.642757936507937,0.173555091069432,0.187806966810454,0.112721587858314,1.24486424140146
0.642857142857143,0.173539869424404,0.187801211568933,0.112667682231361,1.24497365516846
0.642956349206349,0.173524649679287,0.18779545250241,0.11261380243527,1.24508305512213
0.643055555555555,0.173509431833667,0.187789689613208,0.112559948457661,1.24519244126602
0.643154761904762,0.173494215887127,0.187783922903646,0.112506120286157,1.2453018136037
0.643253968253968,0.173479001839252,0.187778152376045,0.112452317908384,1.24541117213872
0.643353174603175,0.173463789689626,0.187772378032723,0.112398541311977,1.24552051687466
0.643452380952381,0.173448579437835,0.187766599875996,0.112344790484573,1.24562984781506
0.643551587301587,0.173433371083463,0.187760817908182,0.112291065413812,1.24573916496348
0.643650793650794,0.173418164626098,0.187755032131597,0.112237366087342,1.24584846832347
0.64375,0.173402960065324,0.187749242548554,0.112183692492815,1.2459577578986
0.643849206349206,0.173387757400728,0.187743449161368,0.112130044617885,1.24606703369241
0.643948412698413,0.173372556631898,0.187737651972351,0.112076422450213,1.24617629570846
0.644047619047619,0.17335735775842,0.187731850983815,0.112022825977466,1.24628554395028
0.644146825396825,0.173342160779882,0.187726046198069,0.111969255187312,1.24639477842145
0.644246031746032,0.173326965695871,0.187720237617425,0.111915710067426,1.24650399912549
0.644345238095238,0.173311772505976,0.18771442524419,0.111862190605487,1.24661320606596
0.644444444444444,0.173296581209785,0.187708609080672,0.11180869678918,1.2467223992464
0.644543650793651,0.173281391806887,0.187702789129178,0.111755228606192,1.24683157867036
0.644642857142857,0.173266204296871,0.187696965392013,0.111701786044217,1.24694074434138
0.644742063492063,0.173251018679327,0.187691137871483,0.111648369090953,1.24704989626299
0.64484126984127,0.173235834953844,0.18768530656989,0.111594977734102,1.24715903443875
0.644940476190476,0.173220653120013,0.187679471489538,0.111541611961372,1.24726815887219
0.645039682539683,0.173205473177423,0.187673632632729,0.111488271760474,1.24737726956684
0.645138888888889,0.173190295125666,0.187667790001762,0.111434957119125,1.24748636652625
0.645238095238095,0.173175118964333,0.187661943598939,0.111381668025045,1.24759544975395
0.645337301587302,0.173159944693016,0.187656093426557,0.111328404465962,1.24770451925347
0.645436507936508,0.173144772311306,0.187650239486914,0.111275166429605,1.24781357502834
0.645535714285714,0.173129601818795,0.187644381782307,0.111221953903709,1.2479226170821
0.645634920634921,0.173114433215077,0.187638520315033,0.111168766876015,1.24803164541828
0.645734126984127,0.173099266499743,0.187632655087385,0.111115605334266,1.2481406600404
0.645833333333333,0.173084101672387,0.187626786101658,0.111062469266212,1.248249660952
0.64593253968254,0.173068938732602,0.187620913360145,0.111009358659607,1.2483586481566
0.646031746031746,0.173053777679983,0.187615036865137,0.110956273502209,1.24846762165772
0.646130952380952,0.173038618514123,0.187609156618925,0.110903213781782,1.24857658145889
0.646230158730159,0.173023461234617,0.1876032726238,0.110850179486092,1.24868552756364
0.646329365079365,0.17300830584106,0.187597384882049,0.110797170602913,1.24879445997548
0.646428571428571,0.172993152333047,0.187591493395962,0.110744187120021,1.24890337869793
0.646527777777778,0.172978000710173,0.187585598167824,0.110691229025199,1.24901228373451
0.646626984126984,0.172962850972034,0.187579699199922,0.110638296306233,1.24912117508874
0.646726190476191,0.172947703118228,0.187573796494541,0.110585388950914,1.24923005276414
0.646825396825397,0.172932557148349,0.187567890053965,0.110532506947038,1.24933891676423
0.646924603174603,0.172917413061995,0.187561979880477,0.110479650282404,1.24944776709251
0.64702380952381,0.172902270858763,0.187556065976358,0.110426818944819,1.24955660375249
0.647123015873016,0.172887130538251,0.18755014834389,0.110374012922092,1.2496654267477
0.647222222222222,0.172871992100056,0.187544226985353,0.110321232202037,1.24977423608164
0.647321428571429,0.172856855543777,0.187538301903026,0.110268476772474,1.24988303175782
0.647420634920635,0.172841720869012,0.187532373099187,0.110215746621226,1.24999181377975
0.647519841269841,0.172826588075361,0.187526440576113,0.110163041736122,1.25010058215093
0.647619047619048,0.172811457162421,0.187520504336079,0.110110362104994,1.25020933687487
0.647718253968254,0.172796328129794,0.187514564381362,0.110057707715681,1.25031807795507
0.64781746031746,0.172781200977078,0.187508620714235,0.110005078556024,1.25042680539504
0.647916666666667,0.172766075703874,0.187502673336972,0.109952474613872,1.25053551919828
0.648015873015873,0.172750952309783,0.187496722251844,0.109899895877075,1.25064421936828
0.648115079365079,0.172735830794405,0.187490767461122,0.10984734233349,1.25075290590856
0.648214285714286,0.172720711157342,0.187484808967078,0.109794813970977,1.25086157882259
0.648313492063492,0.172705593398195,0.187478846771979,0.109742310777404,1.25097023811389
0.648412698412698,0.172690477516566,0.187472880878095,0.10968983274064,1.25107888378595
0.648511904761905,0.172675363512057,0.187466911287691,0.109637379848559,1.25118751584225
0.648611111111111,0.172660251384271,0.187460938003036,0.109584952089043,1.2512961342863
0.648710317460317,0.17264514113281,0.187454961026393,0.109532549449974,1.25140473912159
0.648809523809524,0.172630032757279,0.187448980360027,0.109480171919243,1.2515133303516
0.64890873015873,0.17261492625728,0.187442996006202,0.109427819484742,1.25162190797983
0.649007936507937,0.172599821632418,0.187437007967179,0.109375492134371,1.25173047200976
0.649107142857143,0.172584718882296,0.18743101624522,0.109323189856031,1.25183902244487
0.649206349206349,0.17256961800652,0.187425020842584,0.109270912637632,1.25194755928867
0.649305555555556,0.172554519004694,0.187419021761533,0.109218660467084,1.25205608254462
0.649404761904762,0.172539421876423,0.187413019004323,0.109166433332306,1.25216459221621
0.649503968253968,0.172524326621313,0.187407012573212,0.109114231221218,1.25227308830693
0.649603174603175,0.17250923323897,0.187401002470456,0.109062054121748,1.25238157082025
0.649702380952381,0.172494141729001,0.187394988698311,0.109009902021825,1.25249003975965
0.649801587301587,0.172479052091011,0.187388971259032,0.108957774909386,1.25259849512862
0.649900793650794,0.172463964324608,0.187382950154871,0.108905672772371,1.25270693693062
0.65,0.172448878429399,0.18737692538808,0.108853595598725,1.25281536516913
0.650099206349206,0.172433794404991,0.187370896960912,0.108801543376398,1.25292377984763
0.650198412698413,0.172418712250993,0.187364864875617,0.108749516093343,1.25303218096959
0.650297619047619,0.172403631967012,0.187358829134444,0.10869751373752,1.25314056853849
0.650396825396825,0.172388553552658,0.187352789739642,0.108645536296893,1.25324894255778
0.650496031746032,0.172373477007539,0.187346746693457,0.108593583759429,1.25335730303094
0.650595238095238,0.172358402331265,0.187340699998138,0.108541656113102,1.25346564996145
0.650694444444444,0.172343329523445,0.187334649655928,0.108489753345889,1.25357398335276
0.650793650793651,0.172328258583689,0.187328595669073,0.108437875445772,1.25368230320834
0.650892857142857,0.172313189511608,0.187322538039815,0.108386022400739,1.25379060953166
0.650992063492064,0.172298122306812,0.187316476770399,0.108334194198781,1.25389890232617
0.65109126984127,0.172283056968911,0.187310411863065,0.108282390827893,1.25400718159535
0.651190476190476,0.172267993497518,0.187304343320053,0.108230612276078,1.25411544734264
0.651289682539682,0.172252931892244,0.187298271143603,0.108178858531341,1.25422369957152
0.651388888888889,0.1722378721527,0.187292195335955,0.108127129581692,1.25433193828543
0.651488095238095,0.1722228142785,0.187286115899345,0.108075425415145,1.25444016348784
0.651587301587302,0.172207758269255,0.18728003283601,0.108023746019721,1.2545483751822
0.651686507936508,0.17219270412458,0.187273946148185,0.107972091383443,1.25465657337196
0.651785714285714,0.172177651844086,0.187267855838106,0.107920461494341,1.25476475806058
0.651884920634921,0.172162601427388,0.187261761908006,0.107868856340448,1.2548729292515
0.651984126984127,0.172147552874099,0.187255664360117,0.107817275909802,1.25498108694819
0.652083333333333,0.172132506183835,0.187249563196672,0.107765720190446,1.25508923115408
0.65218253968254,0.172117461356209,0.187243458419901,0.107714189170428,1.25519736187264
0.652281746031746,0.172102418390837,0.187237350032033,0.1076626828378,1.25530547910729
0.652380952380952,0.172087377287334,0.187231238035298,0.107611201180618,1.2554135828615
0.652480158730159,0.172072338045315,0.187225122431923,0.107559744186944,1.25552167313869
0.652579365079365,0.172057300664397,0.187219003224135,0.107508311844845,1.25562974994233
0.652678571428571,0.172042265144195,0.18721288041416,0.107456904142391,1.25573781327584
0.652777777777778,0.172027231484328,0.187206754004222,0.107405521067658,1.25584586314267
0.652876984126984,0.17201219968441,0.187200623996545,0.107354162608726,1.25595389954626
0.65297619047619,0.171997169744061,0.187194490393352,0.107302828753679,1.25606192249004
0.653075396825397,0.171982141662897,0.187188353196865,0.107251519490608,1.25616993197746
0.653174603174603,0.171967115440536,0.187182212409304,0.107200234807606,1.25627792801194
0.65327380952381,0.171952091076598,0.18717606803289,0.107148974692772,1.25638591059693
0.653373015873016,0.1719370685707,0.187169920069841,0.10709773913421,1.25649387973585
0.653472222222222,0.171922047922461,0.187163768522375,0.107046528120028,1.25660183543214
0.653571428571429,0.171907029131501,0.18715761339271,0.106995341638338,1.25670977768923
0.653670634920635,0.17189201219744,0.18715145468306,0.106944179677259,1.25681770651055
0.653769841269841,0.171876997119897,0.187145292395641,0.106893042224911,1.25692562189952
0.653869047619048,0.171861983898494,0.187139126532667,0.106841929269423,1.25703352385957
0.653968253968254,0.171846972532849,0.18713295709635,0.106790840798925,1.25714141239414
0.65406746031746,0.171831963022586,0.187126784088904,0.106739776801554,1.25724928750663
0.654166666666667,0.171816955367324,0.187120607512537,0.10668873726545,1.25735714920048
0.654265873015873,0.171801949566686,0.187114427369461,0.106637722178759,1.2574649974791
0.654365079365079,0.171786945620294,0.187108243661885,0.106586731529631,1.25757283234593
0.654464285714286,0.17177194352777,0.187102056392016,0.10653576530622,1.25768065380437
0.654563492063492,0.171756943288736,0.187095865562062,0.106484823496687,1.25778846185785
0.654662698412698,0.171741944902817,0.187089671174228,0.106433906089194,1.25789625650977
0.654761904761905,0.171726948369634,0.18708347323072,0.106383013071912,1.25800403776357
0.654861111111111,0.171711953688813,0.187077271733741,0.106332144433013,1.25811180562265
0.654960317460317,0.171696960859976,0.187071066685495,0.106281300160676,1.25821956009042
0.655059523809524,0.171681969882748,0.187064858088184,0.106230480243083,1.2583273011703
0.65515873015873,0.171666980756755,0.187058645944009,0.106179684668421,1.2584350288657
0.655257936507937,0.17165199348162,0.187052430255169,0.106128913424883,1.25854274318003
0.655357142857143,0.17163700805697,0.187046211023865,0.106078166500665,1.25865044411669
0.655456349206349,0.17162202448243,0.187039988252293,0.10602744388397,1.25875813167909
0.655555555555556,0.171607042757626,0.187033761942653,0.105976745563002,1.25886580587065
0.655654761904762,0.171592062882185,0.187027532097138,0.105926071525972,1.25897346669475
0.655753968253968,0.171577084855733,0.187021298717945,0.105875421761097,1.25908111415481
0.655853174603175,0.171562108677897,0.187015061807268,0.105824796256595,1.25918874825423
0.655952380952381,0.171547134348305,0.1870088213673,0.105774195000692,1.2592963689964
0.656051587301587,0.171532161866585,0.187002577400233,0.105723617981617,1.25940397638474
0.656150793650794,0.171517191232364,0.186996329908259,0.105673065187604,1.25951157042263
0.65625,0.171502222445271,0.186990078893567,0.105622536606892,1.25961915111347
0.656349206349206,0.171487255504935,0.186983824358348,0.105572032227724,1.25972671846066
0.656448412698413,0.171472290410985,0.186977566304788,0.105521552038348,1.25983427246759
0.656547619047619,0.171457327163049,0.186971304735076,0.105471096027017,1.25994181313766
0.656646825396825,0.171442365760759,0.186965039651398,0.105420664181988,1.26004934047426
0.656746031746032,0.171427406203744,0.186958771055938,0.105370256491523,1.26015685448078
0.656845238095238,0.171412448491634,0.186952498950882,0.105319872943889,1.2602643551606
0.656944444444444,0.17139749262406,0.186946223338413,0.105269513527357,1.26037184251713
0.657043650793651,0.171382538600654,0.186939944220712,0.105219178230204,1.26047931655373
0.657142857142857,0.171367586421046,0.186933661599962,0.105168867040709,1.26058677727381
0.657242063492063,0.171352636084868,0.186927375478343,0.105118579947158,1.26069422468074
0.65734126984127,0.171337687591754,0.186921085858034,0.105068316937841,1.2608016587779
0.657440476190476,0.171322740941334,0.186914792741213,0.105018078001052,1.26090907956869
0.657539682539683,0.171307796133242,0.186908496130059,0.104967863125092,1.26101648705647
0.657638888888889,0.17129285316711,0.186902196026746,0.104917672298263,1.26112388124464
0.657738095238095,0.171277912042573,0.186895892433452,0.104867505508876,1.26123126213656
0.657837301587302,0.171262972759264,0.186889585352349,0.104817362745242,1.26133862973562
0.657936507936508,0.171248035316817,0.186883274785613,0.10476724399568,1.26144598404519
0.658035714285714,0.171233099714867,0.186876960735414,0.104717149248512,1.26155332506864
0.658134920634921,0.171218165953048,0.186870643203925,0.104667078492066,1.26166065280935
0.658234126984127,0.171203234030996,0.186864322193316,0.104617031714673,1.26176796727069
0.658333333333333,0.171188303948345,0.186857997705757,0.104567008904671,1.26187526845603
0.65843253968254,0.171173375704733,0.186851669743416,0.1045170100504,1.26198255636875
0.658531746031746,0.171158449299794,0.186845338308461,0.104467035140207,1.2620898310122
0.658630952380952,0.171143524733165,0.186839003403058,0.104417084162442,1.26219709238976
0.658730158730159,0.171128602004483,0.186832665029372,0.10436715710546,1.26230434050479
0.658829365079365,0.171113681113386,0.18682632318957,0.104317253957621,1.26241157536066
0.658928571428571,0.171098762059511,0.186819977885813,0.10426737470729,1.26251879696072
0.659027777777778,0.171083844842494,0.186813629120264,0.104217519342835,1.26262600530835
0.659126984126984,0.171068929461976,0.186807276895086,0.104167687852632,1.2627332004069
0.65922619047619,0.171054015917593,0.186800921212439,0.104117880225058,1.26284038225974
0.659325396825397,0.171039104208986,0.186794562074482,0.104068096448497,1.26294755087021
0.659424603174603,0.171024194335792,0.186788199483375,0.104018336511336,1.26305470624169
0.65952380952381,0.171009286297652,0.186781833441274,0.103968600401968,1.26316184837751
0.659623015873016,0.170994380094206,0.186775463950337,0.103918888108791,1.26326897728105
0.659722222222222,0.170979475725092,0.186769091012719,0.103869199620205,1.26337609295564
0.659821428571429,0.170964573189953,0.186762714630575,0.103819534924619,1.26348319540465
0.659920634920635,0.170949672488429,0.186756334806058,0.103769894010442,1.26359028463143
0.660019841269841,0.17093477362016,0.186749951541322,0.103720276866091,1.26369736063932
0.660119047619048,0.170919876584789,0.186743564838518,0.103670683479987,1.26380442343167
0.660218253968254,0.170904981381957,0.186737174699797,0.103621113840553,1.26391147301183
0.66031746031746,0.170890088011307,0.186730781127309,0.103571567936221,1.26401850938315
0.660416666666667,0.17087519647248,0.186724384123202,0.103522045755425,1.26412553254897
0.660515873015873,0.17086030676512,0.186717983689625,0.103472547286604,1.26423254251263
0.660615079365079,0.17084541888887,0.186711579828723,0.103423072518202,1.26433953927748
0.660714285714286,0.170830532843374,0.186705172542643,0.103373621438667,1.26444652284685
0.660813492063492,0.170815648628275,0.186698761833531,0.103324194036452,1.26455349322409
0.660912698412698,0.170800766243217,0.186692347703528,0.103274790300016,1.26466045041254
0.661011904761905,0.170785885687845,0.18668593015478,0.103225410217821,1.26476739441553
0.661111111111111,0.170771006961804,0.186679509189426,0.103176053778333,1.26487432523639
0.661210317460318,0.170756130064739,0.186673084809609,0.103126720970025,1.26498124287847
0.661309523809524,0.170741254996295,0.186666657017468,0.103077411781373,1.2650881473451
0.66140873015873,0.170726381756119,0.186660225815143,0.103028126200859,1.2651950386396
0.661507936507936,0.170711510343856,0.18665379120477,0.102978864216968,1.26530191676532
0.661607142857143,0.170696640759153,0.186647353188487,0.10292962581819,1.26540878172557
0.661706349206349,0.170681773001658,0.18664091176843,0.102880410993021,1.26551563352369
0.661805555555556,0.170666907071016,0.186634466946735,0.102831219729961,1.265622472163
0.661904761904762,0.170652042966876,0.186628018725534,0.102782052017513,1.26572929764684
0.662003968253968,0.170637180688885,0.186621567106961,0.102732907844188,1.26583610997852
0.662103174603175,0.170622320236692,0.186615112093148,0.102683787198498,1.26594290916137
0.662202380952381,0.170607461609946,0.186608653686226,0.102634690068962,1.26604969519871
0.662301587301587,0.170592604808294,0.186602191888325,0.102585616444104,1.26615646809386
0.662400793650794,0.170577749831387,0.186595726701574,0.102536566312451,1.26626322785015
0.6625,0.170562896678874,0.186589258128101,0.102487539662535,1.26636997447088
0.662599206349206,0.170548045350404,0.186582786170033,0.102438536482894,1.26647670795939
0.662698412698413,0.170533195845629,0.186576310829497,0.10238955676207,1.26658342831897
0.662797619047619,0.170518348164198,0.186569832108617,0.102340600488608,1.26669013555296
0.662896825396825,0.170503502305762,0.186563350009518,0.102291667651059,1.26679682966466
0.662996031746032,0.170488658269973,0.186556864534323,0.102242758237981,1.26690351065738
0.663095238095238,0.170473816056482,0.186550375685153,0.102193872237932,1.26701017853444
0.663194444444444,0.170458975664942,0.186543883464131,0.102145009639478,1.26711683329914
0.663293650793651,0.170444137095003,0.186537387873375,0.102096170431189,1.26722347495479
0.663392857142857,0.17042930034632,0.186530888915006,0.102047354601639,1.26733010350471
0.663492063492063,0.170414465418544,0.186524386591142,0.101998562139407,1.26743671895219
0.66359126984127,0.170399632311329,0.186517880903899,0.101949793033077,1.26754332130055
0.663690476190476,0.170384801024329,0.186511371855394,0.101901047271237,1.26764991055308
0.663789682539683,0.170369971557197,0.186504859447743,0.10185232484248,1.26775648671309
0.663888888888889,0.170355143909588,0.186498343683059,0.101803625735404,1.26786304978387
0.663988095238095,0.170340318081157,0.186491824563456,0.101754949938611,1.26796959976874
0.664087301587302,0.170325494071557,0.186485302091046,0.101706297440709,1.26807613667098
0.664186507936508,0.170310671880445,0.186478776267941,0.101657668230308,1.2681826604939
0.664285714285714,0.170295851507477,0.18647224709625,0.101609062296026,1.26828917124079
0.664384920634921,0.170281032952307,0.186465714578083,0.101560479626483,1.26839566891494
0.664484126984127,0.170266216214592,0.186459178715549,0.101511920210305,1.26850215351965
0.664583333333333,0.170251401293989,0.186452639510754,0.101463384036123,1.26860862505821
0.66468253968254,0.170236588190155,0.186446096965805,0.10141487109257,1.26871508353392
0.664781746031746,0.170221776902747,0.186439551082808,0.101366381368288,1.26882152895006
0.664880952380952,0.170206967431423,0.186433001863866,0.10131791485192,1.26892796130992
0.664980158730159,0.17019215977584,0.186426449311084,0.101269471532115,1.26903438061678
0.665079365079365,0.170177353935657,0.186419893426563,0.101221051397527,1.26914078687394
0.665178571428571,0.170162549910532,0.186413334212406,0.101172654436814,1.26924718008468
0.665277777777778,0.170147747700125,0.186406771670712,0.101124280638639,1.26935356025229
0.665376984126984,0.170132947304095,0.18640020580358,0.10107592999167,1.26945992738004
0.665476190476191,0.1701181487221,0.186393636613111,0.101027602484579,1.26956628147121
0.665575396825397,0.170103351953802,0.1863870641014,0.100979298106043,1.26967262252909
0.665674603174603,0.17008855699886,0.186380488270545,0.100931016844743,1.26977895055696
0.665773809523809,0.170073763856936,0.18637390912264,0.100882758689367,1.26988526555809
0.665873015873016,0.170058972527689,0.186367326659781,0.100834523628604,1.26999156753575
0.665972222222222,0.170044183010782,0.186360740884061,0.100786311651151,1.27009785649324
0.666071428571429,0.170029395305876,0.186354151797573,0.100738122745707,1.2702041324338
0.666170634920635,0.170014609412633,0.186347559402408,0.100689956900978,1.27031039536073
0.666269841269841,0.169999825330715,0.186340963700656,0.100641814105673,1.27041664527729
0.666369047619048,0.169985043059785,0.186334364694407,0.100593694348507,1.27052288218675
0.666468253968254,0.169970262599506,0.186327762385751,0.100545597618198,1.27062910609238
0.66656746031746,0.169955483949541,0.186321156776774,0.10049752390347,1.27073531699744
0.666666666666667,0.169940707109553,0.186314547869563,0.100449473193051,1.27084151490521
0.666765873015873,0.169925932079208,0.186307935666203,0.100401445475674,1.27094769981894
0.666865079365079,0.169911158858168,0.18630132016878,0.100353440740077,1.27105387174191
0.666964285714286,0.1698963874461,0.186294701379378,0.100305458975001,1.27116003067737
0.667063492063492,0.169881617842667,0.186288079300077,0.100257500169195,1.27126617662859
0.667162698412698,0.169866850047534,0.186281453932962,0.100209564311408,1.27137230959882
0.667261904761905,0.169852084060369,0.186274825280111,0.100161651390399,1.27147842959133
0.667361111111111,0.169837319880836,0.186268193343605,0.100113761394926,1.27158453660937
0.667460317460317,0.169822557508602,0.186261558125523,0.100065894313757,1.27169063065619
0.667559523809524,0.169807796943334,0.186254919627943,0.10001805013566,1.27179671173506
0.66765873015873,0.169793038184699,0.18624827785294,0.0999702288494119,1.27190277984923
0.667757936507937,0.169778281232363,0.186241632802591,0.0999224304437909,1.27200883500194
0.667857142857143,0.169763526085995,0.186234984478971,0.0998746549075817,1.27211487719645
0.667956349206349,0.169748772745263,0.186228332884154,0.0998269022295731,1.27222090643602
0.668055555555556,0.169734021209835,0.186221678020211,0.0997791723985584,1.27232692272388
0.668154761904762,0.169719271479379,0.186215019889216,0.0997314654033361,1.27243292606329
0.668253968253968,0.169704523553565,0.186208358493239,0.0996837812327087,1.27253891645749
0.668353174603175,0.169689777432062,0.186201693834349,0.0996361198754839,1.27264489390973
0.668452380952381,0.169675033114539,0.186195025914617,0.0995884813204738,1.27275085842326
0.668551587301587,0.169660290600668,0.186188354736108,0.0995408655564953,1.2728568100013
0.668650793650794,0.169645549890117,0.186181680300891,0.0994932725723697,1.27296274864712
0.66875,0.169630810982558,0.186175002611032,0.0994457023569234,1.27306867436393
0.668849206349206,0.169616073877662,0.186168321668595,0.099398154898987,1.273174587155
0.668948412698413,0.1696013385751,0.186161637475644,0.0993506301873961,1.27328048702354
0.669047619047619,0.169586605074543,0.186154950034242,0.0993031282109907,1.2733863739728
0.669146825396825,0.169571873375665,0.186148259346451,0.0992556489586158,1.27349224800602
0.669246031746032,0.169557143478136,0.186141565414333,0.0992081924191206,1.27359810912642
0.669345238095238,0.169542415381631,0.186134868239946,0.0991607585813594,1.27370395733724
0.669444444444445,0.169527689085821,0.186128167825351,0.0991133474341911,1.27380979264171
0.669543650793651,0.169512964590381,0.186121464172604,0.0990659589664788,1.27391561504307
0.669642857142857,0.169498241894984,0.186114757283764,0.0990185931670909,1.27402142454453
0.669742063492063,0.169483520999304,0.186108047160886,0.0989712500249001,1.27412722114933
0.66984126984127,0.169468801903015,0.186101333806025,0.0989239295287837,1.2742330048607
0.669940476190476,0.169454084605792,0.186094617221235,0.0988766316676239,1.27433877568185
0.670039682539682,0.169439369107311,0.18608789740857,0.0988293564303075,1.27444453361602
0.670138888888889,0.169424655407246,0.186081174370081,0.0987821038057259,1.27455027866643
0.670238095238095,0.169409943505274,0.18607444810782,0.0987348737827752,1.27465601083629
0.670337301587302,0.169395233401069,0.186067718623836,0.0986876663503559,1.27476173012882
0.670436507936508,0.16938052509431,0.186060985920179,0.0986404814973739,1.27486743654725
0.670535714285714,0.169365818584672,0.186054249998898,0.0985933192127387,1.2749731300948
0.670634920634921,0.169351113871832,0.186047510862038,0.0985461794853655,1.27507881077468
0.670734126984127,0.169336410955469,0.186040768511646,0.0984990623041735,1.2751844785901
0.670833333333333,0.169321709835259,0.186034022949768,0.0984519676580867,1.27529013354428
0.67093253968254,0.16930701051088,0.186027274178448,0.0984048955360338,1.27539577564043
0.671031746031746,0.169292312982012,0.186020522199728,0.0983578459269485,1.27550140488176
0.671130952380952,0.169277617248333,0.186013767015652,0.0983108188197684,1.27560702127149
0.671230158730159,0.169262923309522,0.18600700862826,0.0982638142034365,1.27571262481282
0.671329365079365,0.169248231165258,0.186000247039593,0.0982168320669001,1.27581821550896
0.671428571428571,0.169233540815221,0.185993482251689,0.0981698723991112,1.27592379336311
0.671527777777778,0.169218852259092,0.185986714266588,0.0981229351890265,1.27602935837849
0.671626984126984,0.169204165496549,0.185979943086326,0.0980760204256074,1.27613491055829
0.67172619047619,0.169189480527276,0.185973168712939,0.0980291280978198,1.27624044990572
0.671825396825397,0.169174797350952,0.185966391148464,0.0979822581946345,1.27634597642398
0.671924603174603,0.169160115967258,0.185959610394934,0.0979354107050269,1.27645149011627
0.67202380952381,0.169145436375878,0.185952826454383,0.0978885856179768,1.27655699098579
0.672123015873016,0.169130758576492,0.185946039328843,0.0978417829224691,1.27666247903573
0.672222222222222,0.169116082568783,0.185939249020346,0.0977950026074929,1.2767679542693
0.672321428571429,0.169101408352434,0.185932455530921,0.0977482446620423,1.27687341668968
0.672420634920635,0.169086735927128,0.185925658862598,0.097701509075116,1.27697886630008
0.672519841269841,0.169072065292549,0.185918859017407,0.0976547958357173,1.27708430310368
0.672619047619048,0.169057396448379,0.185912055997373,0.0976081049328541,1.27718972710368
0.672718253968254,0.169042729394305,0.185905249804524,0.097561436355539,1.27729513830326
0.67281746031746,0.169028064130009,0.185898440440885,0.0975147900927896,1.27740053670562
0.672916666666667,0.169013400655176,0.18589162790848,0.0974681661336275,1.27750592231394
0.673015873015873,0.168998738969493,0.185884812209333,0.0974215644670796,1.27761129513142
0.673115079365079,0.168984079072643,0.185877993345467,0.0973749850821771,1.27771665516122
0.673214285714286,0.168969420964313,0.185871171318902,0.0973284279679559,1.27782200240655
0.673313492063492,0.16895476464419,0.18586434613166,0.0972818931134566,1.27792733687058
0.673412698412698,0.168940110111959,0.18585751778576,0.0972353805077247,1.27803265855649
0.673511904761905,0.168925457367307,0.18585068628322,0.0971888901398097,1.27813796746746
0.673611111111111,0.168910806409922,0.185843851626059,0.0971424219987667,1.27824326360668
0.673710317460318,0.16889615723949,0.185837013816292,0.0970959760736546,1.27834854697731
0.673809523809524,0.168881509855701,0.185830172855935,0.0970495523535376,1.27845381758255
0.67390873015873,0.168866864258241,0.185823328747003,0.0970031508274841,1.27855907542555
0.674007936507937,0.168852220446799,0.185816481491509,0.0969567714845674,1.2786643205095
0.674107142857143,0.168837578421065,0.185809631091467,0.0969104143138655,1.27876955283757
0.674206349206349,0.168822938180727,0.185802777548887,0.0968640793044608,1.27887477241293
0.674305555555555,0.168808299725474,0.185795920865781,0.0968177664454408,1.27897997923876
0.674404761904762,0.168793663054998,0.185789061044158,0.0967714757258971,1.27908517331821
0.674503968253968,0.168779028168986,0.185782198086026,0.0967252071349265,1.27919035465446
0.674603174603175,0.168764395067132,0.185775331993393,0.09667896066163,1.27929552325067
0.674702380952381,0.168749763749124,0.185768462768267,0.0966327362951138,1.27940067911001
0.674801587301587,0.168735134214654,0.185761590412653,0.0965865340244881,1.27950582223565
0.674900793650794,0.168720506463414,0.185754714928555,0.0965403538388685,1.27961095263074
0.675,0.168705880495095,0.185747836317977,0.0964941957273745,1.27971607029846
0.675099206349206,0.168691256309391,0.185740954582922,0.0964480596791309,1.27982117524195
0.675198412698413,0.168676633905992,0.185734069725393,0.0964019456832668,1.27992626746438
0.675297619047619,0.168662013284592,0.185727181747388,0.096355853728916,1.2800313469689
0.675396825396825,0.168647394444885,0.185720290650909,0.0963097838052171,1.28013641375867
0.675496031746032,0.168632777386563,0.185713396437955,0.0962637359013134,1.28024146783686
0.675595238095238,0.16861816210932,0.185706499110522,0.0962177100063525,1.2803465092066
0.675694444444444,0.168603548612852,0.185699598670608,0.0961717061094872,1.28045153787106
0.675793650793651,0.168588936896851,0.185692695120209,0.0961257241998744,1.28055655383339
0.675892857142857,0.168574326961014,0.185685788461319,0.096079764266676,1.28066155709673
0.675992063492063,0.168559718805035,0.185678878695933,0.0960338262990587,1.28076654766424
0.67609126984127,0.168545112428609,0.185671965826043,0.0959879102861935,1.28087152553906
0.676190476190476,0.168530507831433,0.185665049853642,0.0959420162172562,1.28097649072434
0.676289682539683,0.168515905013203,0.185658130780719,0.0958961440814274,1.28108144322322
0.676388888888889,0.168501303973616,0.185651208609266,0.0958502938678922,1.28118638303886
0.676488095238095,0.168486704712367,0.18564428334127,0.0958044655658403,1.28129131017439
0.676587301587302,0.168472107229155,0.185637354978721,0.0957586591644663,1.28139622463295
0.676686507936508,0.168457511523677,0.185630423523604,0.0957128746529693,1.28150112641769
0.676785714285714,0.16844291759563,0.185623488977907,0.0956671120205531,1.28160601553174
0.676884920634921,0.168428325444714,0.185616551343613,0.0956213712564261,1.28171089197825
0.676984126984127,0.168413735070626,0.185609610622707,0.0955756523498016,1.28181575576034
0.677083333333333,0.168399146473066,0.185602666817173,0.0955299552898973,1.28192060688116
0.67718253968254,0.168384559651732,0.185595719928991,0.0954842800659355,1.28202544534383
0.677281746031746,0.168369974606324,0.185588769960143,0.0954386266671436,1.2821302711515
0.677380952380952,0.168355391336542,0.185581816912609,0.095392995082753,1.28223508430729
0.677480158730159,0.168340809842087,0.185574860788369,0.0953473853020005,1.28233988481433
0.677579365079365,0.168326230122658,0.1855679015894,0.095301797314127,1.28244467267576
0.677678571428571,0.168311652177957,0.185560939317679,0.0952562311083783,1.28254944789469
0.677777777777778,0.168297076007686,0.185553973975183,0.0952106866740047,1.28265421047426
0.677876984126984,0.168282501611544,0.185547005563886,0.0951651640002616,1.2827589604176
0.677976190476191,0.168267928989235,0.185540034085763,0.0951196630764084,1.28286369772782
0.678075396825397,0.168253358140461,0.185533059542787,0.0950741838917098,1.28296842240805
0.678174603174603,0.168238789064923,0.18552608193693,0.0950287264354346,1.28307313446142
0.67827380952381,0.168224221762326,0.185519101270163,0.0949832906968567,1.28317783389104
0.678373015873016,0.168209656232372,0.185512117544457,0.0949378766652545,1.28328252070002
0.678472222222222,0.168195092474765,0.18550513076178,0.094892484329911,1.2833871948915
0.678571428571429,0.168180530489209,0.185498140924101,0.094847113680114,1.28349185646859
0.678670634920635,0.168165970275408,0.185491148033388,0.0948017647051558,1.28359650543439
0.678769841269841,0.168151411833067,0.185484152091606,0.0947564373943335,1.28370114179203
0.678869047619048,0.16813685516189,0.18547715310072,0.0947111317369487,1.28380576554463
0.678968253968254,0.168122300261583,0.185470151062695,0.094665847722308,1.28391037669528
0.67906746031746,0.168107747131851,0.185463145979495,0.0946205853397221,1.2840149752471
0.679166666666667,0.1680931957724,0.185456137853081,0.094575344578507,1.28411956120321
0.679265873015873,0.168078646182938,0.185449126685415,0.0945301254279829,1.2842241345667
0.679365079365079,0.168064098363169,0.185442112478457,0.0944849278774749,1.28432869534069
0.679464285714286,0.168049552312801,0.185435095234166,0.0944397519163126,1.28443324352828
0.679563492063492,0.168035008031542,0.185428074954501,0.0943945975338305,1.28453777913257
0.679662698412698,0.168020465519099,0.18542105164142,0.0943494647193673,1.28464230215668
0.679761904761905,0.168005924775179,0.185414025296878,0.094304353462267,1.28474681260369
0.679861111111111,0.167991385799492,0.185406995922831,0.0942592637518778,1.28485131047672
0.679960317460317,0.167976848591745,0.185399963521233,0.0942141955775526,1.28495579577885
0.680059523809524,0.167962313151649,0.185392928094038,0.0941691489286492,1.28506026851319
0.68015873015873,0.167947779478911,0.185385889643199,0.0941241237945299,1.28516472868284
0.680257936507937,0.167933247573242,0.185378848170666,0.0940791201645616,1.28526917629089
0.680357142857143,0.167918717434351,0.18537180367839,0.094034138028116,1.28537361134044
0.680456349206349,0.167904189061949,0.185364756168321,0.0939891773745695,1.28547803383457
0.680555555555556,0.167889662455747,0.185357705642407,0.0939442381933028,1.28558244377639
0.680654761904762,0.167875137615455,0.185350652102596,0.0938993204737018,1.28568684116897
0.680753968253968,0.167860614540785,0.185343595550834,0.0938544242051567,1.28579122601541
0.680853174603175,0.167846093231448,0.185336535989066,0.0938095493770625,1.28589559831881
0.680952380952381,0.167831573687156,0.185329473419238,0.0937646959788186,1.28599995808223
0.681051587301587,0.167817055907622,0.185322407843292,0.0937198639998296,1.28610430530878
0.681150793650794,0.167802539892559,0.185315339263172,0.0936750534295042,1.28620864000154
0.68125,0.167788025641678,0.185308267680818,0.0936302642572561,1.28631296216358
0.681349206349206,0.167773513154694,0.185301193098172,0.0935854964725036,1.28641727179799
0.681448412698413,0.16775900243132,0.185294115517174,0.0935407500646695,1.28652156890785
0.681547619047619,0.167744493471271,0.18528703493976,0.0934960250231816,1.28662585349625
0.681646825396825,0.167729986274259,0.185279951367871,0.093451321337472,1.28673012556625
0.681746031746032,0.167715480840001,0.185272864803441,0.0934066389969777,1.28683438512094
0.681845238095238,0.167700977168211,0.185265775248407,0.0933619779911401,1.28693863216338
0.681944444444444,0.167686475258604,0.185258682704703,0.0933173383094057,1.28704286669667
0.682043650793651,0.167671975110896,0.185251587174263,0.0932727199412252,1.28714708872386
0.682142857142857,0.167657476724804,0.18524448865902,0.0932281228760544,1.28725129824803
0.682242063492064,0.167642980100042,0.185237387160906,0.0931835471033532,1.28735549527226
0.68234126984127,0.167628485236329,0.18523028268185,0.0931389926125868,1.2874596797996
0.682440476190476,0.16761399213338,0.185223175223784,0.0930944593932245,1.28756385183313
0.682539682539682,0.167599500790914,0.185216064788635,0.0930499474347407,1.28766801137592
0.682638888888889,0.167585011208648,0.185208951378331,0.0930054567266142,1.28777215843103
0.682738095238095,0.167570523386301,0.1852018349948,0.0929609872583285,1.28787629300153
0.682837301587302,0.167556037323589,0.185194715639967,0.092916539019372,1.28798041509048
0.682936507936508,0.167541553020232,0.185187593315756,0.0928721119992373,1.28808452470094
0.683035714285714,0.16752707047595,0.185180468024092,0.0928277061874221,1.28818862183596
0.683134920634921,0.167512589690461,0.185173339766898,0.0927833215734285,1.28829270649863
0.683234126984127,0.167498110663485,0.185166208546095,0.0927389581467634,1.28839677869198
0.683333333333333,0.167483633394742,0.185159074363604,0.0926946158969384,1.28850083841907
0.68343253968254,0.167469157883952,0.185151937221345,0.0926502948134696,1.28860488568297
0.683531746031746,0.167454684130837,0.185144797121237,0.0926059948858777,1.28870892048673
0.683630952380952,0.167440212135116,0.185137654065198,0.0925617161036884,1.2888129428334
0.683730158730159,0.167425741896513,0.185130508055144,0.0925174584564317,1.28891695272603
0.683829365079365,0.167411273414747,0.185123359092992,0.0924732219336426,1.28902095016767
0.683928571428571,0.167396806689542,0.185116207180657,0.0924290065248605,1.28912493516137
0.684027777777778,0.167382341720619,0.185109052320052,0.0923848122196296,1.28922890771019
0.684126984126984,0.167367878507702,0.185101894513091,0.0923406390074986,1.28933286781716
0.68422619047619,0.167353417050513,0.185094733761685,0.0922964868780211,1.28943681548534
0.684325396825397,0.167338957348775,0.185087570067746,0.0922523558207551,1.28954075071776
0.684424603174603,0.167324499402213,0.185080403433183,0.0922082458252636,1.28964467351748
0.68452380952381,0.167310043210551,0.185073233859906,0.0921641568811139,1.28974858388753
0.684623015873016,0.167295588773512,0.185066061349822,0.0921200889778782,1.28985248183095
0.684722222222222,0.167281136090822,0.185058885904839,0.0920760421051332,1.28995636735079
0.684821428571429,0.167266685162206,0.185051707526863,0.0920320162524604,1.29006024045008
0.684920634920635,0.167252235987388,0.185044526217798,0.091988011409446,1.29016410113186
0.685019841269841,0.167237788566095,0.185037341979549,0.0919440275656807,1.29026794939916
0.685119047619048,0.167223342898053,0.185030154814019,0.09190006471076,1.29037178525503
0.685218253968254,0.167208898982989,0.18502296472311,0.0918561228342838,1.29047560870249
0.68531746031746,0.167194456820628,0.185015771708723,0.0918122019258571,1.29057941974457
0.685416666666667,0.167180016410698,0.185008575772758,0.0917683019750891,1.29068321838431
0.685515873015873,0.167165577752926,0.185001376917115,0.0917244229715941,1.29078700462473
0.685615079365079,0.167151140847041,0.184994175143691,0.0916805649049908,1.29089077846887
0.685714285714286,0.167136705692769,0.184986970454384,0.0916367277649025,1.29099453991974
0.685813492063492,0.167122272289841,0.18497976285109,0.0915929115409574,1.29109828898039
0.685912698412698,0.167107840637983,0.184972552335704,0.0915491162227882,1.29120202565383
0.686011904761905,0.167093410736926,0.184965338910121,0.0915053418000322,1.29130574994308
0.686111111111111,0.167078982586399,0.184958122576233,0.0914615882623316,1.29140946185117
0.686210317460317,0.167064556186131,0.184950903335933,0.0914178555993331,1.29151316138111
0.686309523809524,0.167050131535853,0.184943681191112,0.091374143800688,1.29161684853594
0.68640873015873,0.167035708635295,0.184936456143661,0.0913304528560524,1.29172052331865
0.686507936507937,0.167021287484188,0.184929228195468,0.091286782755087,1.29182418573229
0.686607142857143,0.167006868082263,0.184921997348422,0.0912431334874573,1.29192783577985
0.686706349206349,0.166992450429251,0.18491476360441,0.0911995050428331,1.29203147346435
0.686805555555556,0.166978034524884,0.184907526965319,0.0911558974108892,1.29213509878882
0.686904761904762,0.166963620368895,0.184900287433034,0.091112310581305,1.29223871175625
0.687003968253968,0.166949207961015,0.18489304500944,0.0910687445437646,1.29234231236966
0.687103174603175,0.166934797300977,0.184885799696418,0.0910251992879565,1.29244590063206
0.687202380952381,0.166920388388515,0.184878551495853,0.0909816748035741,1.29254947654646
0.687301587301587,0.166905981223362,0.184871300409626,0.0909381710803154,1.29265304011586
0.687400793650794,0.166891575805252,0.184864046439616,0.0908946881078832,1.29275659134328
0.6875,0.166877172133918,0.184856789587703,0.0908512258759847,1.29286013023171
0.687599206349206,0.166862770209096,0.184849529855766,0.090807784374332,1.29296365678416
0.687698412698413,0.16684837003052,0.184842267245683,0.0907643635926417,1.29306717100363
0.687797619047619,0.166833971597925,0.184835001759328,0.0907209635206351,1.29317067289313
0.687896825396825,0.166819574911046,0.184827733398579,0.0906775841480382,1.29327416245564
0.687996031746032,0.16680517996962,0.18482046216531,0.0906342254645816,1.29337763969418
0.688095238095238,0.166790786773383,0.184813188061393,0.0905908874600008,1.29348110461174
0.688194444444444,0.166776395322071,0.184805911088702,0.0905475701240355,1.29358455721131
0.688293650793651,0.16676200561542,0.184798631249108,0.0905042734464305,1.29368799749588
0.688392857142857,0.166747617653168,0.184791348544481,0.090460997416935,1.29379142546847
0.688492063492063,0.166733231435053,0.184784062976692,0.0904177420253032,1.29389484113204
0.68859126984127,0.166718846960812,0.184776774547608,0.0903745072612934,1.2939982444896
0.688690476190476,0.166704464230183,0.184769483259098,0.090331293114669,1.29410163554414
0.688789682539683,0.166690083242905,0.184762189113028,0.090288099575198,1.29420501429864
0.688888888888889,0.166675703998717,0.184754892111263,0.090244926632653,1.29430838075609
0.688988095238095,0.166661326497357,0.184747592255668,0.0902017742768113,1.29441173491947
0.689087301587302,0.166646950738566,0.184740289548107,0.0901586424974546,1.29451507679178
0.689186507936508,0.166632576722083,0.184732983990442,0.0901155312843697,1.294618406376
0.689285714285714,0.166618204447648,0.184725675584535,0.0900724406273479,1.2947217236751
0.689384920634921,0.166603833915002,0.184718364332247,0.0900293705161851,1.29482502869207
0.689484126984127,0.166589465123885,0.184711050235437,0.0899863209406817,1.29492832142989
0.689583333333333,0.166575098074039,0.184703733295965,0.0899432918906432,1.29503160189153
0.68968253968254,0.166560732765205,0.184696413515687,0.0899002833558792,1.29513487007998
0.689781746031746,0.166546369197125,0.184689090896461,0.0898572953262046,1.29523812599821
0.689880952380952,0.166532007369542,0.184681765440142,0.0898143277914384,1.29534136964919
0.689980158730159,0.166517647282197,0.184674437148584,0.0897713807414046,1.29544460103591
0.690079365079365,0.166503288934833,0.184667106023643,0.0897284541659317,1.29554782016132
0.690178571428571,0.166488932327195,0.18465977206717,0.0896855480548529,1.29565102702841
0.690277777777778,0.166474577459024,0.184652435281018,0.0896426623980061,1.29575422164013
0.690376984126984,0.166460224330066,0.184645095667036,0.089599797185234,1.29585740399947
0.69047619047619,0.166445872940063,0.184637753227076,0.0895569524063836,1.29596057410939
0.690575396825397,0.166431523288762,0.184630407962985,0.0895141280513068,1.29606373197285
0.690674603174603,0.166417175375906,0.184623059876612,0.0894713241098603,1.29616687759281
0.69077380952381,0.166402829201241,0.184615708969803,0.0894285405719049,1.29627001097225
0.690873015873016,0.166388484764512,0.184608355244405,0.0893857774273069,1.29637313211413
0.690972222222222,0.166374142065465,0.184600998702262,0.0893430346659366,1.2964762410214
0.691071428571429,0.166359801103847,0.184593639345218,0.0893003122776692,1.29657933769703
0.691170634920635,0.166345461879403,0.184586277175116,0.0892576102523846,1.29668242214397
0.691269841269841,0.166331124391881,0.184578912193798,0.0892149285799672,1.29678549436518
0.691369047619048,0.166316788641028,0.184571544403105,0.0891722672503063,1.29688855436362
0.691468253968254,0.166302454626592,0.184564173804877,0.0891296262532956,1.29699160214224
0.69156746031746,0.16628812234832,0.184556800400952,0.0890870055788335,1.297094637704
0.691666666666667,0.166273791805961,0.184549424193169,0.0890444052168235,1.29719766105184
0.691765873015873,0.166259462999262,0.184542045183365,0.0890018251571731,1.29730067218873
0.691865079365079,0.166245135927974,0.184534663373376,0.0889592653897949,1.29740367111761
0.691964285714286,0.166230810591844,0.184527278765036,0.0889167259046061,1.29750665784142
0.692063492063492,0.166216486990624,0.184519891360181,0.0888742066915283,1.29760963236312
0.692162698412698,0.166202165124062,0.184512501160642,0.0888317077404883,1.29771259468565
0.692261904761905,0.166187844991909,0.184505108168252,0.0887892290414168,1.29781554481196
0.692361111111111,0.166173526593915,0.184497712384842,0.0887467705842499,1.29791848274499
0.692460317460318,0.166159209929832,0.184490313812241,0.088704332358928,1.29802140848768
0.692559523809524,0.16614489499941,0.184482912452281,0.0886619143553961,1.29812432204298
0.69265873015873,0.166130581802401,0.184475508306787,0.0886195165636042,1.29822722341382
0.692757936507936,0.166116270338557,0.184468101377588,0.0885771389735066,1.29833011260314
0.692857142857143,0.16610196060763,0.184460691666509,0.0885347815750622,1.29843298961388
0.692956349206349,0.166087652609373,0.184453279175376,0.0884924443582352,1.29853585444898
0.693055555555556,0.166073346343539,0.184445863906012,0.0884501273129936,1.29863870711137
0.693154761904762,0.16605904180988,0.184438445860242,0.0884078304293107,1.29874154760399
0.693253968253968,0.166044739008151,0.184431025039887,0.0883655536971644,1.29884437592976
0.693353174603175,0.166030437938106,0.184423601446768,0.0883232971065367,1.29894719209162
0.693452380952381,0.166016138599498,0.184416175082705,0.0882810606474151,1.2990499960925
0.693551587301587,0.166001840992082,0.184408745949519,0.0882388443097911,1.29915278793533
0.693650793650794,0.165987545115614,0.184401314049026,0.0881966480836611,1.29925556762303
0.69375,0.165973250969848,0.184393879383045,0.0881544719590263,1.29935833515854
0.693849206349206,0.165958958554539,0.184386441953392,0.0881123159258924,1.29946109054477
0.693948412698413,0.165944667869445,0.184379001761881,0.0880701799742697,1.29956383378465
0.694047619047619,0.165930378914321,0.184371558810327,0.0880280640941732,1.2996665648811
0.694146825396825,0.165916091688924,0.184364113100544,0.0879859682756228,1.29976928383704
0.694246031746032,0.16590180619301,0.184356664634344,0.0879438925086427,1.2998719906554
0.694345238095238,0.165887522426337,0.184349213413538,0.087901836783262,1.2999746853391
0.694444444444444,0.165873240388663,0.184341759439936,0.0878598010895146,1.30007736789104
0.694543650793651,0.165858960079746,0.184334302715348,0.0878177854174384,1.30018003831414
0.694642857142857,0.165844681499343,0.184326843241582,0.0877757897570769,1.30028269661133
0.694742063492063,0.165830404647213,0.184319381020446,0.0877338140984774,1.30038534278552
0.69484126984127,0.165816129523116,0.184311916053746,0.0876918584316926,1.30048797683961
0.694940476190476,0.16580185612681,0.184304448343287,0.0876499227467792,1.30059059877652
0.695039682539683,0.165787584458056,0.184296977890874,0.0876080070337992,1.30069320859916
0.695138888888889,0.165773314516613,0.18428950469831,0.0875661112828186,1.30079580631044
0.695238095238095,0.165759046294905,0.184282028769857,0.0875242354866076,1.30089839191561
0.695337301587302,0.165744779776963,0.184274550112507,0.0874823796414746,1.30100096542251
0.695436507936508,0.16573051496187,0.184267068728133,0.0874405437385764,1.30110352683408
0.695535714285714,0.165716251849225,0.184259584618437,0.0873987277688891,1.30120607615308
0.695634920634921,0.165701990438629,0.184252097785116,0.0873569317233916,1.30130861338226
0.695734126984127,0.165687730729681,0.184244608229871,0.0873151555930656,1.3014111385244
0.695833333333333,0.16567347272198,0.184237115954398,0.0872733993688958,1.30151365158225
0.69593253968254,0.165659216415128,0.184229620960395,0.0872316630418698,1.30161615255858
0.696031746031746,0.165644961808723,0.18422212324956,0.087189946602978,1.30171864145614
0.696130952380952,0.165630708902367,0.184214622823588,0.0871482500432136,1.30182111827769
0.696230158730159,0.16561645769566,0.184207119684175,0.0871065733535729,1.301923583026
0.696329365079365,0.165602208188203,0.184199613833017,0.087064916525055,1.30202603570381
0.696428571428571,0.165587960379596,0.184192105271808,0.0870232795486617,1.30212847631388
0.696527777777778,0.165573714269441,0.184184594002242,0.0869816624153979,1.30223090485898
0.696626984126984,0.165559469857339,0.184177080026013,0.0869400651162713,1.30233332134186
0.69672619047619,0.16554522714289,0.184169563344812,0.0868984876422924,1.30243572576526
0.696825396825397,0.165530986125696,0.184162043960333,0.0868569299844747,1.30253811813195
0.696924603174603,0.16551674680536,0.184154521874267,0.0868153921338346,1.30264049844468
0.697023809523809,0.165502509181482,0.184146997088306,0.0867738740813912,1.30274286670619
0.697123015873016,0.165488273253664,0.184139469604139,0.0867323758181667,1.30284522291925
0.697222222222222,0.165474039021509,0.184131939423457,0.086690897335186,1.30294756708659
0.697321428571429,0.165459806484619,0.184124406547949,0.0866494386234769,1.30304989921098
0.697420634920635,0.165445575642596,0.184116870979303,0.0866079996740703,1.30315221929516
0.697519841269841,0.165431346495042,0.184109332719209,0.0865665804779996,1.30325452734188
0.697619047619048,0.165417119041561,0.184101791769352,0.0865251810263014,1.30335682335388
0.697718253968254,0.165402893281755,0.184094248131422,0.0864838013100151,1.30345910733392
0.69781746031746,0.165388669215226,0.184086701807103,0.0864424413201829,1.30356137928473
0.697916666666667,0.165374446841579,0.184079152798082,0.0864011010478499,1.30366363920907
0.698015873015873,0.165360226160416,0.184071601106043,0.0863597804840641,1.30376588710968
0.698115079365079,0.165346007171341,0.184064046732673,0.0863184796198764,1.3038681229893
0.698214285714286,0.165331789873956,0.184056489679654,0.0862771984463406,1.30397034685068
0.698313492063492,0.165317574267867,0.18404892994867,0.0862359369545132,1.30407255869655
0.698412698412698,0.165303360352677,0.184041367541404,0.0861946951354539,1.30417475852967
0.698511904761905,0.16528914812799,0.184033802459539,0.086153472980225,1.30427694635276
0.698611111111111,0.16527493759341,0.184026234704756,0.0861122704798918,1.30437912216858
0.698710317460317,0.165260728748541,0.184018664278736,0.0860710876255225,1.30448128597985
0.698809523809524,0.165246521592988,0.18401109118316,0.0860299244081879,1.30458343778933
0.69890873015873,0.165232316126355,0.184003515419708,0.0859887808189623,1.30468557759973
0.699007936507937,0.165218112348248,0.18399593699006,0.0859476568489221,1.30478770541381
0.699107142857143,0.165203910258271,0.183988355895893,0.0859065524891473,1.3048898212343
0.699206349206349,0.165189709856029,0.183980772138887,0.0858654677307202,1.30499192506394
0.699305555555556,0.165175511141127,0.18397318572072,0.0858244025647264,1.30509401690545
0.699404761904762,0.165161314113172,0.183965596643067,0.0857833569822541,1.30519609676157
0.699503968253968,0.165147118771768,0.183958004907606,0.0857423309743945,1.30529816463505
0.699603174603175,0.16513292511652,0.183950410516013,0.0857013245322417,1.30540022052859
0.699702380952381,0.165118733147036,0.183942813469962,0.0856603376468927,1.30550226444495
0.699801587301587,0.165104542862921,0.18393521377113,0.0856193703094472,1.30560429638685
0.699900793650794,0.165090354263781,0.183927611421189,0.0855784225110079,1.30570631635702
0.7,0.165076167349222,0.183920006421814,0.0855374942426806,1.3058083243582
0.700099206349206,0.165061982118851,0.183912398774677,0.0854965854955734,1.3059103203931
0.700198412698413,0.165047798572275,0.183904788481451,0.085455696260798,1.30601230446445
0.700297619047619,0.1650336167091,0.183897175543808,0.0854148265294684,1.30611427657499
0.700396825396825,0.165019436528932,0.183889559963419,0.0853739762927018,1.30621623672744
0.700496031746032,0.16500525803138,0.183881941741954,0.085333145541618,1.30631818492453
0.700595238095238,0.164991081216051,0.183874320881084,0.0852923342673401,1.30642012116898
0.700694444444445,0.164976906082551,0.183866697382479,0.0852515424609937,1.30652204546351
0.700793650793651,0.164962732630488,0.183859071247806,0.0852107701137074,1.30662395781084
0.700892857142857,0.164948560859471,0.183851442478736,0.0851700172166127,1.30672585821371
0.700992063492063,0.164934390769106,0.183843811076934,0.085129283760844,1.30682774667483
0.70109126984127,0.164920222359001,0.183836177044069,0.0850885697375386,1.30692962319693
0.701190476190476,0.164906055628766,0.183828540381807,0.0850478751378365,1.30703148778272
0.701289682539682,0.164891890578008,0.183820901091814,0.0850071999528809,1.30713334043492
0.701388888888889,0.164877727206335,0.183813259175755,0.0849665441738174,1.30723518115625
0.701488095238095,0.164863565513356,0.183805614635296,0.0849259077917951,1.30733700994943
0.701587301587302,0.164849405498681,0.183797967472101,0.0848852907979653,1.30743882681717
0.701686507936508,0.164835247161917,0.183790317687833,0.0848446931834828,1.30754063176221
0.701785714285714,0.164821090502673,0.183782665284155,0.0848041149395049,1.30764242478723
0.701884920634921,0.16480693552056,0.18377501026273,0.0847635560571919,1.30774420589498
0.701984126984127,0.164792782215186,0.183767352625219,0.0847230165277069,1.30784597508815
0.702083333333333,0.164778630586161,0.183759692373285,0.0846824963422159,1.30794773236946
0.70218253968254,0.164764480633095,0.183752029508588,0.084641995491888,1.30804947774162
0.702281746031746,0.164750332355596,0.183744364032788,0.0846015139678949,1.30815121120736
0.702380952380952,0.164736185753276,0.183736695947545,0.0845610517614113,1.30825293276936
0.702480158730159,0.164722040825745,0.183729025254517,0.0845206088636147,1.30835464243036
0.702579365079365,0.164707897572612,0.183721351955364,0.0844801852656855,1.30845634019305
0.702678571428571,0.164693755993487,0.183713676051742,0.0844397809588071,1.30855802606015
0.702777777777778,0.164679616087983,0.18370599754531,0.0843993959341657,1.30865970003436
0.702876984126984,0.164665477855708,0.183698316437724,0.0843590301829503,1.30876136211839
0.70297619047619,0.164651341296275,0.183690632730639,0.0843186836963529,1.30886301231495
0.703075396825397,0.164637206409294,0.183682946425712,0.0842783564655683,1.30896465062675
0.703174603174603,0.164623073194377,0.183675257524598,0.0842380484817943,1.30906627705648
0.70327380952381,0.164608941651133,0.183667566028951,0.0841977597362313,1.30916789160685
0.703373015873016,0.164594811779177,0.183659871940424,0.084157490220083,1.30926949428058
0.703472222222222,0.164580683578117,0.183652175260671,0.0841172399245555,1.30937108508035
0.703571428571429,0.164566557047568,0.183644475991344,0.0840770088408582,1.30947266400887
0.703670634920635,0.164552432187139,0.183636774134096,0.0840367969602031,1.30957423106884
0.703769841269841,0.164538308996445,0.183629069690577,0.0839966042738053,1.30967578626297
0.703869047619048,0.164524187475096,0.18362136266244,0.0839564307728826,1.30977732959395
0.703968253968254,0.164510067622705,0.183613653051333,0.0839162764486556,1.30987886106448
0.70406746031746,0.164495949438885,0.183605940858907,0.0838761412923482,1.30998038067726
0.704166666666667,0.164481832923248,0.18359822608681,0.0838360252951866,1.31008188843499
0.704265873015873,0.164467718075408,0.183590508736692,0.0837959284484004,1.31018338434036
0.704365079365079,0.164453604894977,0.1835827888102,0.0837558507432217,1.31028486839607
0.704464285714286,0.164439493381568,0.183575066308982,0.0837157921708858,1.31038634060482
0.704563492063492,0.164425383534795,0.183567341234684,0.0836757527226306,1.31048780096929
0.704662698412698,0.164411275354271,0.183559613588952,0.083635732389697,1.31058924949219
0.704761904761905,0.16439716883961,0.183551883373433,0.0835957311633288,1.31069068617621
0.704861111111111,0.164383063990425,0.183544150589771,0.0835557490347726,1.31079211102403
0.704960317460318,0.164368960806331,0.18353641523961,0.083515785995278,1.31089352403835
0.705059523809524,0.164354859286941,0.183528677324595,0.0834758420360973,1.31099492522186
0.70515873015873,0.164340759431869,0.183520936846368,0.0834359171484859,1.31109631457726
0.705257936507937,0.164326661240731,0.183513193806573,0.083396011323702,1.31119769210722
0.705357142857143,0.164312564713141,0.183505448206852,0.0833561245530065,1.31129905781444
0.705456349206349,0.164298469848712,0.183497700048845,0.0833162568276634,1.3114004117016
0.705555555555555,0.164284376647061,0.183489949334195,0.0832764081389395,1.3115017537714
0.705654761904762,0.164270285107802,0.18348219606454,0.0832365784781044,1.31160308402651
0.705753968253968,0.16425619523055,0.183474440241522,0.0831967678364308,1.31170440246963
0.705853174603175,0.16424210701492,0.18346668186678,0.0831569762051941,1.31180570910343
0.705952380952381,0.164228020460528,0.183458920941951,0.0831172035756726,1.31190700393061
0.706051587301587,0.16421393556699,0.183451157468674,0.0830774499391474,1.31200828695384
0.706150793650794,0.164199852333921,0.183443391448586,0.0830377152869028,1.3121095581758
0.70625,0.164185770760937,0.183435622883325,0.0829979996102255,1.31221081759919
0.706349206349206,0.164171690847654,0.183427851774526,0.0829583029004055,1.31231206522667
0.706448412698413,0.164157612593689,0.183420078123826,0.0829186251487355,1.31241330106094
0.706547619047619,0.164143535998657,0.183412301932859,0.082878966346511,1.31251452510466
0.706646825396825,0.164129461062175,0.183404523203259,0.0828393264850306,1.31261573736052
0.706746031746032,0.16411538778386,0.183396741936662,0.0827997055555956,1.31271693783119
0.706845238095238,0.164101316163329,0.1833889581347,0.0827601035495102,1.31281812651935
0.706944444444444,0.164087246200198,0.183381171799005,0.0827205204580815,1.31291930342768
0.707043650793651,0.164073177894085,0.183373382931211,0.0826809562726195,1.31302046855886
0.707142857142857,0.164059111244606,0.183365591532949,0.0826414109844371,1.31312162191555
0.707242063492063,0.164045046251381,0.183357797605849,0.08260188458485,1.31322276350043
0.70734126984127,0.164030982914025,0.183350001151543,0.0825623770651768,1.31332389331618
0.707440476190476,0.164016921232156,0.183342202171659,0.0825228884167392,1.31342501136547
0.707539682539683,0.164002861205393,0.183334400667828,0.0824834186308613,1.31352611765096
0.707638888888889,0.163988802833354,0.183326596641679,0.0824439676988705,1.31362721217533
0.707738095238095,0.163974746115656,0.183318790094838,0.082404535612097,1.31372829494126
0.707837301587302,0.163960691051919,0.183310981028934,0.0823651223618737,1.3138293659514
0.707936507936508,0.163946637641759,0.183303169445594,0.0823257279395365,1.31393042520843
0.708035714285714,0.163932585884797,0.183295355346444,0.0822863523364243,1.31403147271501
0.708134920634921,0.163918535780651,0.18328753873311,0.0822469955438786,1.31413250847382
0.708234126984127,0.16390448732894,0.183279719607217,0.0822076575532441,1.31423353248751
0.708333333333333,0.163890440529282,0.183271897970389,0.0821683383558681,1.31433454475877
0.70843253968254,0.163876395381298,0.183264073824251,0.0821290379431008,1.31443554529023
0.708531746031746,0.163862351884606,0.183256247170427,0.0820897563062956,1.31453653408459
0.708630952380952,0.163848310038826,0.183248418010538,0.0820504934368085,1.31463751114449
0.708730158730159,0.163834269843578,0.183240586346208,0.0820112493259983,1.31473847647259
0.708829365079365,0.163820231298481,0.183232752179057,0.0819720239652268,1.31483943007157
0.708928571428571,0.163806194403157,0.183224915510708,0.0819328173458589,1.31494037194408
0.709027777777778,0.163792159157223,0.183217076342781,0.0818936294592619,1.31504130209279
0.709126984126984,0.163778125560302,0.183209234676895,0.0818544602968065,1.31514222052034
0.709226190476191,0.163764093612014,0.18320139051467,0.0818153098498658,1.3152431272294
0.709325396825397,0.163750063311978,0.183193543857725,0.0817761781098162,1.31534402222264
0.709424603174603,0.163736034659817,0.183185694707678,0.0817370650680366,1.31544490550269
0.70952380952381,0.16372200765515,0.183177843066146,0.0816979707159091,1.31554577707223
0.709623015873016,0.163707982297599,0.183169988934747,0.0816588950448185,1.31564663693391
0.709722222222222,0.163693958586785,0.183162132315098,0.0816198380461524,1.31574748509038
0.709821428571429,0.16367993652233,0.183154273208813,0.0815807997113016,1.31584832154429
0.709920634920635,0.163665916103854,0.183146411617508,0.0815417800316595,1.31594914629831
0.710019841269841,0.16365189733098,0.183138547542799,0.0815027789986224,1.31604995935508
0.710119047619048,0.16363788020333,0.183130680986298,0.0814637966035895,1.31615076071725
0.710218253968254,0.163623864720525,0.183122811949621,0.0814248328379631,1.31625155038747
0.71031746031746,0.163609850882187,0.183114940434379,0.0813858876931479,1.31635232836841
0.710416666666667,0.16359583868794,0.183107066442184,0.0813469611605522,1.3164530946627
0.710515873015873,0.163581828137404,0.18309918997465,0.0813080532315863,1.31655384927299
0.710615079365079,0.163567819230204,0.183091311033387,0.0812691638976641,1.31665459220194
0.710714285714286,0.163553811965961,0.183083429620005,0.081230293150202,1.31675532345218
0.710813492063492,0.163539806344299,0.183075545736115,0.0811914409806195,1.31685604302637
0.710912698412698,0.16352580236484,0.183067659383326,0.0811526073803387,1.31695675092716
0.711011904761905,0.163511800027207,0.183059770563247,0.0811137923407849,1.31705744715718
0.711111111111111,0.163497799331025,0.183051879277486,0.081074995853386,1.31715813171908
0.711210317460317,0.163483800275917,0.183043985527652,0.081036217909573,1.31725880461551
0.711309523809524,0.163469802861505,0.18303608931535,0.0809974585007796,1.3173594658491
0.71140873015873,0.163455807087415,0.183028190642188,0.0809587176184426,1.31746011542251
0.711507936507937,0.16344181295327,0.183020289509772,0.0809199952540014,1.31756075333836
0.711607142857143,0.163427820458693,0.183012385919707,0.0808812913988984,1.31766137959931
0.711706349206349,0.16341382960331,0.183004479873598,0.0808426060445791,1.31776199420799
0.711805555555556,0.163399840386745,0.182996571373048,0.0808039391824914,1.31786259716704
0.711904761904762,0.163385852808622,0.182988660419663,0.0807652908040866,1.3179631884791
0.712003968253968,0.163371866868566,0.182980747015044,0.0807266609008184,1.3180637681468
0.712103174603175,0.163357882566202,0.182972831160794,0.0806880494641439,1.31816433617278
0.712202380952381,0.163343899901155,0.182964912858516,0.0806494564855225,1.31826489255969
0.712301587301587,0.16332991887305,0.182956992109809,0.080610881956417,1.31836543731014
0.712400793650794,0.163315939481512,0.182949068916276,0.0805723258682927,1.31846597042679
0.7125,0.163301961726168,0.182941143279516,0.0805337882126181,1.31856649191226
0.712599206349206,0.163287985606642,0.182933215201129,0.0804952689808642,1.31866700176918
0.712698412698413,0.16327401112256,0.182925284682713,0.0804567681645052,1.31876750000019
0.712797619047619,0.163260038273548,0.182917351725868,0.0804182857550181,1.31886798660791
0.712896825396825,0.163246067059233,0.182909416332191,0.0803798217438826,1.31896846159499
0.712996031746032,0.16323209747924,0.182901478503278,0.0803413761225816,1.31906892496404
0.713095238095238,0.163218129533196,0.182893538240728,0.0803029488826006,1.31916937671771
0.713194444444444,0.163204163220728,0.182885595546135,0.0802645400154281,1.3192698168586
0.713293650793651,0.163190198541462,0.182877650421096,0.0802261495125555,1.31937024538936
0.713392857142857,0.163176235495025,0.182869702867204,0.080187777365477,1.31947066231261
0.713492063492064,0.163162274081044,0.182861752886056,0.0801494235656897,1.31957106763098
0.71359126984127,0.163148314299146,0.182853800479243,0.0801110881046937,1.31967146134709
0.713690476190476,0.163134356148958,0.18284584564836,0.0800727709739917,1.31977184346357
0.713789682539682,0.163120399630109,0.182837888394999,0.0800344721650896,1.31987221398303
0.713888888888889,0.163106444742225,0.182829928720751,0.079996191669496,1.31997257290811
0.713988095238095,0.163092491484934,0.182821966627209,0.0799579294787224,1.32007292024143
0.714087301587302,0.163078539857865,0.182814002115963,0.0799196855842833,1.3201732559856
0.714186507936508,0.163064589860645,0.182806035188603,0.0798814599776957,1.32027358014325
0.714285714285714,0.163050641492903,0.18279806584672,0.0798432526504801,1.32037389271699
0.714384920634921,0.163036694754266,0.182790094091901,0.0798050635941592,1.32047419370946
0.714484126984127,0.163022749644364,0.182782119925735,0.0797668928002592,1.32057448312325
0.714583333333333,0.163008806162825,0.182774143349811,0.0797287402603087,1.32067476096101
0.71468253968254,0.162994864309277,0.182766164365716,0.0796906059658394,1.32077502722533
0.714781746031746,0.162980924083351,0.182758182975036,0.0796524899083858,1.32087528191883
0.714880952380952,0.162966985484674,0.182750199179358,0.0796143920794855,1.32097552504414
0.714980158730159,0.162953048512877,0.182742212980266,0.0795763124706786,1.32107575660387
0.715079365079365,0.162939113167589,0.182734224379347,0.0795382510735085,1.32117597660062
0.715178571428571,0.162925179448439,0.182726233378184,0.079500207879521,1.32127618503702
0.715277777777778,0.162911247355057,0.182718239978362,0.0794621828802653,1.32137638191567
0.715376984126984,0.162897316887073,0.182710244181463,0.079424176067293,1.32147656723919
0.71547619047619,0.162883388044117,0.18270224598907,0.0793861874321589,1.32157674101019
0.715575396825397,0.162869460825819,0.182694245402765,0.0793482169664206,1.32167690323128
0.715674603174603,0.16285553523181,0.18268624242413,0.0793102646616385,1.32177705390506
0.71577380952381,0.162841611261719,0.182678237054746,0.079272330509376,1.32187719303415
0.715873015873016,0.162827688915179,0.182670229296192,0.0792344145011993,1.32197732062116
0.715972222222222,0.162813768191818,0.182662219150049,0.0791965166286774,1.32207743666868
0.716071428571429,0.16279984909127,0.182654206617896,0.0791586368833824,1.32217754117934
0.716170634920635,0.162785931613163,0.182646191701311,0.079120775256889,1.32227763415572
0.716269841269841,0.162772015757131,0.182638174401873,0.0790829317407751,1.32237771560045
0.716369047619048,0.162758101522804,0.182630154721158,0.0790451063266213,1.32247778551611
0.716468253968254,0.162744188909814,0.182622132660744,0.0790072990060109,1.32257784390532
0.71656746031746,0.162730277917792,0.182614108222206,0.0789695097705305,1.32267789077068
0.716666666666667,0.16271636854637,0.182606081407121,0.0789317386117691,1.32277792611479
0.716765873015873,0.162702460795181,0.182598052217063,0.078893985521319,1.32287794994024
0.716865079365079,0.162688554663857,0.182590020653608,0.0788562504907752,1.32297796224965
0.716964285714286,0.162674650152029,0.182581986718328,0.0788185335117355,1.32307796304561
0.717063492063492,0.162660747259331,0.182573950412797,0.0787808345758008,1.32317795233071
0.717162698412698,0.162646845985395,0.182565911738588,0.0787431536745746,1.32327793010757
0.717261904761905,0.162632946329853,0.182557870697274,0.0787054907996634,1.32337789637876
0.717361111111111,0.16261904829234,0.182549827290424,0.0786678459426767,1.3234778511469
0.717460317460317,0.162605151872487,0.182541781519612,0.0786302190952268,1.32357779441457
0.717559523809524,0.162591257069928,0.182533733386406,0.0785926102489287,1.32367772618438
0.71765873015873,0.162577363884297,0.182525682892378,0.0785550193954006,1.3237776464589
0.717757936507937,0.162563472315227,0.182517630039095,0.0785174465262634,1.32387755524075
0.717857142857143,0.162549582362351,0.182509574828127,0.0784798916331408,1.32397745253251
0.717956349206349,0.162535694025304,0.182501517261042,0.0784423547076594,1.32407733833677
0.718055555555556,0.162521807303719,0.182493457339407,0.078404835741449,1.32417721265612
0.718154761904762,0.162507922197231,0.18248539506479,0.0783673347261419,1.32427707549316
0.718253968253968,0.162494038705474,0.182477330438756,0.0783298516533734,1.32437692685047
0.718353174603175,0.162480156828083,0.182469263462871,0.0782923865147816,1.32447676673065
0.718452380952381,0.162466276564692,0.1824611941387,0.0782549393020077,1.32457659513628
0.718551587301587,0.162452397914935,0.182453122467809,0.0782175100066956,1.32467641206994
0.718650793650794,0.162438520878448,0.18244504845176,0.0781800986204922,1.32477621753423
0.71875,0.162424645454866,0.182436972092118,0.0781427051350471,1.32487601153173
0.718849206349206,0.162410771643825,0.182428893390445,0.0781053295420129,1.32497579406503
0.718948412698413,0.162396899444958,0.182420812348303,0.0780679718330451,1.3250755651367
0.719047619047619,0.162383028857902,0.182412728967255,0.078030631999802,1.32517532474934
0.719146825396825,0.162369159882293,0.18240464324886,0.0779933100339448,1.32527507290553
0.719246031746032,0.162355292517767,0.18239655519468,0.0779560059271377,1.32537480960784
0.719345238095238,0.162341426763959,0.182388464806275,0.0779187196710476,1.32547453485886
0.719444444444444,0.162327562620505,0.182380372085204,0.0778814512573444,1.32557424866118
0.719543650793651,0.162313700087042,0.182372277033025,0.0778442006777008,1.32567395101736
0.719642857142857,0.162299839163206,0.182364179651297,0.0778069679237924,1.32577364192999
0.719742063492063,0.162285979848635,0.182356079941578,0.0777697529872978,1.32587332140165
0.71984126984127,0.162272122142963,0.182347977905424,0.0777325558598981,1.32597298943491
0.719940476190476,0.16225826604583,0.182339873544391,0.0776953765332779,1.32607264603235
0.720039682539683,0.162244411556871,0.182331766860036,0.0776582149991241,1.32617229119655
0.720138888888889,0.162230558675723,0.182323657853914,0.0776210712491269,1.32627192493009
0.720238095238095,0.162216707402025,0.18231554652758,0.077583945274979,1.32637154723552
0.720337301587302,0.162202857735413,0.182307432882587,0.0775468370683762,1.32647115811544
0.720436507936508,0.162189009675525,0.182299316920489,0.0775097466210172,1.32657075757241
0.720535714285714,0.162175163222,0.182291198642839,0.0774726739246035,1.32667034560901
0.720634920634921,0.162161318374474,0.18228307805119,0.0774356189708395,1.32676992222781
0.720734126984127,0.162147475132587,0.182274955147092,0.0773985817514325,1.32686948743137
0.720833333333333,0.162133633495976,0.182266829932098,0.0773615622580927,1.32696904122226
0.72093253968254,0.162119793464279,0.182258702407757,0.0773245604825331,1.32706858360307
0.721031746031746,0.162105955037136,0.182250572575621,0.0772875764164696,1.32716811457634
0.721130952380952,0.162092118214185,0.182242440437237,0.077250610051621,1.32726763414466
0.721230158730159,0.162078282995065,0.182234305994156,0.077213661379709,1.32736714231059
0.721329365079365,0.162064449379415,0.182226169247925,0.0771767303924581,1.3274666390767
0.721428571428571,0.162050617366874,0.182218030200092,0.0771398170815959,1.32756612444554
0.721527777777778,0.162036786957082,0.182209888852204,0.0771029214388526,1.32766559841969
0.721626984126984,0.162022958149677,0.182201745205807,0.0770660434559613,1.3277650610017
0.72172619047619,0.1620091309443,0.182193599262448,0.0770291831246582,1.32786451219415
0.721825396825397,0.161995305340591,0.182185451023672,0.0769923404366823,1.32796395199959
0.721924603174603,0.161981481338188,0.182177300491023,0.0769555153837752,1.32806338042059
0.72202380952381,0.161967658936734,0.182169147666046,0.0769187079576819,1.32816279745971
0.722123015873016,0.161953838135866,0.182160992550284,0.0768819181501498,1.32826220311949
0.722222222222222,0.161940018935227,0.182152835145281,0.0768451459529294,1.32836159740252
0.722321428571429,0.161926201334456,0.182144675452578,0.0768083913577741,1.32846098031134
0.722420634920635,0.161912385333195,0.182136513473718,0.07677165435644,1.3285603518485
0.722519841269841,0.161898570931084,0.182128349210242,0.0767349349406864,1.32865971201658
0.722619047619048,0.161884758127763,0.18212018266369,0.0766982331022751,1.32875906081812
0.722718253968254,0.161870946922875,0.182112013835603,0.0766615488329711,1.32885839825569
0.72281746031746,0.161857137316061,0.18210384272752,0.076624882124542,1.32895772433182
0.722916666666667,0.161843329306962,0.18209566934098,0.0765882329687586,1.32905703904909
0.723015873015873,0.161829522895219,0.182087493677521,0.0765516013573942,1.32915634241003
0.723115079365079,0.161815718080475,0.182079315738681,0.0765149872822254,1.32925563441721
0.723214285714286,0.161801914862371,0.182071135525998,0.0764783907350312,1.32935491507318
0.723313492063492,0.161788113240549,0.182062953041007,0.076441811707594,1.32945418438048
0.723412698412698,0.161774313214652,0.182054768285245,0.0764052501916986,1.32955344234167
0.723511904761905,0.161760514784322,0.182046581260248,0.076368706179133,1.32965268895929
0.723611111111111,0.161746717949202,0.18203839196755,0.0763321796616879,1.3297519242359
0.723710317460318,0.161732922708934,0.182030200408685,0.076295670631157,1.32985114817404
0.723809523809524,0.16171912906316,0.182022006585187,0.0762591790793369,1.32995036077626
0.72390873015873,0.161705337011525,0.182013810498589,0.0762227049980269,1.33004956204511
0.724007936507936,0.161691546553671,0.182005612150424,0.0761862483790294,1.33014875198313
0.724107142857143,0.161677757689241,0.181997411542223,0.0761498092141494,1.33024793059286
0.724206349206349,0.161663970417879,0.181989208675519,0.0761133874951952,1.33034709787685
0.724305555555556,0.161650184739229,0.181981003551841,0.0760769832139774,1.33044625383765
0.724404761904762,0.161636400652934,0.18197279617272,0.0760405963623101,1.33054539847779
0.724503968253968,0.161622618158638,0.181964586539685,0.0760042269320098,1.33064453179982
0.724603174603175,0.161608837255985,0.181956374654266,0.0759678749148961,1.33074365380628
0.724702380952381,0.161595057944619,0.181948160517991,0.0759315403027915,1.33084276449971
0.724801587301587,0.161581280224185,0.181939944132388,0.0758952230875213,1.33094186388265
0.724900793650794,0.161567504094327,0.181931725498983,0.0758589232609137,1.33104095195763
0.725,0.16155372955469,0.181923504619305,0.0758226408147997,1.3311400287272
0.725099206349206,0.161539956604919,0.181915281494878,0.0757863757410134,1.33123909419388
0.725198412698413,0.161526185244658,0.181907056127228,0.0757501280313914,1.33133814836023
0.725297619047619,0.161512415473553,0.18189882851788,0.0757138976777737,1.33143719122878
0.725396825396825,0.161498647291249,0.181890598668359,0.0756776846720027,1.33153622280205
0.725496031746032,0.161484880697391,0.181882366580189,0.0756414890059241,1.33163524308258
0.725595238095238,0.161471115691625,0.181874132254892,0.0756053106713859,1.33173425207291
0.725694444444444,0.161457352273597,0.181865895693991,0.0755691496602396,1.33183324977557
0.725793650793651,0.161443590442953,0.181857656899008,0.0755330059643392,1.3319322361931
0.725892857142857,0.161429830199338,0.181849415871465,0.0754968795755417,1.33203121132801
0.725992063492063,0.161416071542399,0.181841172612882,0.0754607704857071,1.33213017518285
0.72609126984127,0.161402314471781,0.18183292712478,0.0754246786866979,1.33222912776014
0.726190476190476,0.161388558987133,0.181824679408678,0.0753886041703799,1.33232806906241
0.726289682539683,0.1613748050881,0.181816429466096,0.0753525469286216,1.33242699909219
0.726388888888889,0.161361052774328,0.181808177298551,0.0753165069532943,1.332525917852
0.726488095238095,0.161347302045466,0.181799922907563,0.0752804842362724,1.33262482534438
0.726587301587302,0.16133355290116,0.181791666294647,0.0752444787694329,1.33272372157185
0.726686507936508,0.161319805341056,0.181783407461322,0.0752084905446558,1.33282260653693
0.726785714285714,0.161306059364804,0.181775146409103,0.0751725195538241,1.33292148024215
0.726884920634921,0.16129231497205,0.181766883139506,0.0751365657888236,1.33302034269003
0.726984126984127,0.161278572162441,0.181758617654046,0.0751006292415429,1.3331191938831
0.727083333333333,0.161264830935627,0.181750349954237,0.0750647099038735,1.33321803382387
0.72718253968254,0.161251091291254,0.181742080041593,0.07502880776771,1.33331686251487
0.727281746031746,0.161237353228971,0.181733807917627,0.0749929228249494,1.33341567995862
0.727380952380952,0.161223616748426,0.181725533583853,0.0749570550674921,1.33351448615764
0.727480158730159,0.161209881849268,0.181717257041782,0.074921204487241,1.33361328111444
0.727579365079365,0.161196148531146,0.181708978292925,0.0748853710761022,1.33371206483155
0.727678571428571,0.161182416793707,0.181700697338794,0.0748495548259844,1.33381083731148
0.727777777777778,0.161168686636601,0.181692414180899,0.0748137557287993,1.33390959855675
0.727876984126984,0.161154958059478,0.18168412882075,0.0747779737764614,1.33400834856987
0.72797619047619,0.161141231061985,0.181675841259856,0.0747422089608883,1.33410708735337
0.728075396825397,0.161127505643774,0.181667551499725,0.0747064612740003,1.33420581490975
0.728174603174603,0.161113781804492,0.181659259541867,0.0746707307077205,1.33430453124153
0.728273809523809,0.16110005954379,0.181650965387787,0.074635017253975,1.33440323635122
0.728373015873016,0.161086338861318,0.181642669038993,0.0745993209046928,1.33450193024133
0.728472222222222,0.161072619756726,0.181634370496991,0.0745636416518059,1.33460061291438
0.728571428571429,0.161058902229663,0.181626069763287,0.0745279794872487,1.33469928437287
0.728670634920635,0.161045186279781,0.181617766839386,0.074492334402959,1.33479794461932
0.728769841269841,0.161031471906729,0.181609461726792,0.0744567063908772,1.33489659365623
0.728869047619048,0.161017759110158,0.18160115442701,0.0744210954429468,1.33499523148612
0.728968253968254,0.161004047889719,0.181592844941543,0.0743855015511139,1.33509385811148
0.72906746031746,0.160990338245063,0.181584533271893,0.0743499247073276,1.33519247353484
0.729166666666667,0.16097663017584,0.181576219419563,0.07431436490354,1.33529107775868
0.729265873015873,0.160962923681703,0.181567903386055,0.0742788221317059,1.33538967078553
0.729365079365079,0.160949218762302,0.181559585172869,0.0742432963837831,1.33548825261787
0.729464285714286,0.160935515417289,0.181551264781505,0.0742077876517322,1.33558682325823
0.729563492063492,0.160921813646315,0.181542942213465,0.0741722959275167,1.33568538270909
0.729662698412698,0.160908113449032,0.181534617470246,0.074136821203103,1.33578393097297
0.729761904761905,0.160894414825093,0.181526290553348,0.0741013634704604,1.33588246805235
0.729861111111111,0.160880717774149,0.181517961464269,0.074065922721561,1.33598099394976
0.729960317460317,0.160867022295853,0.181509630204507,0.0740304989483798,1.33607950866767
0.730059523809524,0.160853328389857,0.181501296775557,0.0739950921428948,1.3361780122086
0.73015873015873,0.160839636055814,0.181492961178917,0.0739597022970867,1.33627650457504
0.730257936507937,0.160825945293376,0.181484623416083,0.0739243294029392,1.3363749857695
0.730357142857143,0.160812256102196,0.181476283488549,0.0738889734524389,1.33647345579445
0.730456349206349,0.160798568481928,0.181467941397811,0.0738536344375751,1.33657191465241
0.730555555555556,0.160784882432224,0.181459597145362,0.0738183123503402,1.33667036234587
0.730654761904762,0.160771197952738,0.181451250732695,0.0737830071827293,1.33676879887732
0.730753968253968,0.160757515043123,0.181442902161304,0.0737477189267405,1.33686722424926
0.730853174603175,0.160743833703033,0.181434551432681,0.0737124475743748,1.33696563846418
0.730952380952381,0.160730153932121,0.181426198548318,0.0736771931176358,1.33706404152457
0.731051587301587,0.160716475730043,0.181417843509705,0.0736419555485305,1.33716243343292
0.731150793650794,0.160702799096451,0.181409486318334,0.0736067348590682,1.33726081419173
0.73125,0.160689124030999,0.181401126975693,0.0735715310412615,1.33735918380348
0.731349206349206,0.160675450533344,0.181392765483274,0.0735363440871257,1.33745754227067
0.731448412698413,0.160661778603138,0.181384401842563,0.0735011739886791,1.33755588959578
0.731547619047619,0.160648108240037,0.18137603605505,0.0734660207379426,1.3376542257813
0.731646825396825,0.160634439443695,0.181367668122223,0.0734308843269403,1.33775255082972
0.731746031746032,0.160620772213768,0.181359298045567,0.073395764747699,1.33785086474352
0.731845238095238,0.16060710654991,0.18135092582657,0.0733606619922485,1.33794916752519
0.731944444444445,0.160593442451778,0.181342551466718,0.0733255760526213,1.33804745917721
0.732043650793651,0.160579779919025,0.181334174967495,0.0732905069208529,1.33814573970208
0.732142857142857,0.160566118951309,0.181325796330387,0.0732554545889817,1.33824400910226
0.732242063492063,0.160552459548285,0.181317415556878,0.073220419049049,1.33834226738025
0.73234126984127,0.160538801709608,0.181309032648451,0.0731854002930988,1.33844051453852
0.732440476190476,0.160525145434935,0.181300647606589,0.0731503983131782,1.33853875057956
0.732539682539682,0.160511490723922,0.181292260432774,0.073115413101337,1.33863697550585
0.732638888888889,0.160497837576225,0.181283871128489,0.073080444649628,1.33873518931986
0.732738095238095,0.160484185991502,0.181275479695214,0.0730454929501069,1.33883339202408
0.732837301587302,0.160470535969407,0.18126708613443,0.0730105579948321,1.33893158362099
0.732936507936508,0.1604568875096,0.181258690447618,0.072975639775865,1.33902976411305
0.733035714285714,0.160443240611735,0.181250292636256,0.07294073828527,1.33912793350275
0.733134920634921,0.160429595275471,0.181241892701824,0.0729058535151141,1.33922609179256
0.733234126984127,0.160415951500465,0.181233490645799,0.0728709854574674,1.33932423898496
0.733333333333333,0.160402309286375,0.18122508646966,0.0728361341044029,1.33942237508242
0.73343253968254,0.160388668632857,0.181216680174883,0.0728012994479962,1.33952050008741
0.733531746031746,0.160375029539569,0.181208271762946,0.0727664814803261,1.33961861400241
0.733630952380952,0.160361392006171,0.181199861235324,0.0727316801934741,1.33971671682989
0.733730158730159,0.160347756032318,0.181191448593492,0.0726968955795247,1.33981480857233
0.733829365079365,0.160334121617671,0.181183033838926,0.0726621276305651,1.33991288923218
0.733928571428571,0.160320488761886,0.181174616973099,0.0726273763386856,1.34001095881192
0.734027777777778,0.160306857464623,0.181166197997485,0.0725926416959791,1.34010901731402
0.734126984126984,0.160293227725541,0.181157776913558,0.0725579236945417,1.34020706474095
0.73422619047619,0.160279599544297,0.181149353722789,0.0725232223264722,1.34030510109518
0.734325396825397,0.160265972920552,0.181140928426651,0.0724885375838721,1.34040312637916
0.734424603174603,0.160252347853964,0.181132501026614,0.0724538694588463,1.34050114059537
0.73452380952381,0.160238724344192,0.18112407152415,0.072419217943502,1.34059914374628
0.734623015873016,0.160225102390896,0.181115639920729,0.0723845830299497,1.34069713583434
0.734722222222222,0.160211481993735,0.18110720621782,0.0723499647103025,1.34079511686202
0.734821428571429,0.160197863152369,0.181098770416892,0.0723153629766766,1.34089308683178
0.734920634920635,0.160184245866459,0.181090332519413,0.0722807778211909,1.34099104574609
0.735019841269841,0.160170630135663,0.181081892526852,0.0722462092359673,1.3410889936074
0.735119047619048,0.160157015959643,0.181073450440676,0.0722116572131304,1.34118693041818
0.735218253968254,0.160143403338058,0.181065006262351,0.072177121744808,1.34128485618089
0.73531746031746,0.16012979227057,0.181056559993343,0.0721426028231305,1.34138277089798
0.735416666666667,0.160116182756838,0.181048111635118,0.0721081004402313,1.34148067457191
0.735515873015873,0.160102574796523,0.18103966118914,0.0720736145882466,1.34157856720514
0.735615079365079,0.160088968389287,0.181031208656874,0.0720391452593155,1.34167644880014
0.735714285714286,0.16007536353479,0.181022754039784,0.0720046924455801,1.34177431935934
0.735813492063492,0.160061760232694,0.181014297339333,0.0719702561391852,1.34187217888521
0.735912698412698,0.16004815848266,0.181005838556983,0.0719358363322787,1.34197002738021
0.736011904761905,0.16003455828435,0.180997377694196,0.071901433017011,1.34206786484678
0.736111111111111,0.160020959637426,0.180988914752434,0.0718670461855359,1.34216569128738
0.736210317460318,0.160007362541548,0.180980449733158,0.0718326758300096,1.34226350670446
0.736309523809524,0.15999376699638,0.180971982637827,0.0717983219425914,1.34236131110048
0.73640873015873,0.159980173001583,0.180963513467901,0.0717639845154436,1.34245910447788
0.736507936507937,0.15996658055682,0.18095504222484,0.0717296635407311,1.34255688683911
0.736607142857143,0.159952989661753,0.180946568910102,0.0716953590106219,1.34265465818662
0.736706349206349,0.159939400316045,0.180938093525144,0.0716610709172867,1.34275241852287
0.736805555555555,0.159925812519358,0.180929616071425,0.0716267992528992,1.34285016785029
0.736904761904762,0.159912226271356,0.1809211365504,0.071592544009636,1.34294790617134
0.737003968253968,0.159898641571702,0.180912654963526,0.0715583051796766,1.34304563348846
0.737103174603175,0.159885058420058,0.180904171312259,0.0715240827552031,1.3431433498041
0.737202380952381,0.159871476816089,0.180895685598053,0.0714898767284009,1.34324105512069
0.737301587301587,0.159857896759457,0.180887197822363,0.0714556870914579,1.34333874944069
0.737400793650794,0.159844318249826,0.180878707986642,0.0714215138365652,1.34343643276654
0.7375,0.159830741286861,0.180870216092345,0.0713873569559165,1.34353410510068
0.737599206349206,0.159817165870225,0.180861722140922,0.0713532164417086,1.34363176644555
0.737698412698413,0.159803591999582,0.180853226133828,0.0713190922861411,1.34372941680359
0.737797619047619,0.159790019674597,0.180844728072512,0.0712849844814163,1.34382705617725
0.737896825396825,0.159776448894934,0.180836227958427,0.0712508930197397,1.34392468456895
0.737996031746032,0.159762879660258,0.180827725793022,0.0712168178933195,1.34402230198115
0.738095238095238,0.159749311970233,0.180819221577746,0.0711827590943668,1.34411990841627
0.738194444444444,0.159735745824524,0.18081071531405,0.0711487166150955,1.34421750387676
0.738293650793651,0.159722181222797,0.180802207003381,0.0711146904477225,1.34431508836505
0.738392857142857,0.159708618164716,0.180793696647188,0.0710806805844676,1.34441266188357
0.738492063492063,0.159695056649947,0.180785184246918,0.0710466870175533,1.34451022443477
0.73859126984127,0.159681496678156,0.180776669804018,0.0710127097392052,1.34460777602107
0.738690476190476,0.159667938249007,0.180768153319934,0.0709787487416517,1.34470531664491
0.738789682539683,0.159654381362168,0.180759634796112,0.0709448040171239,1.34480284630871
0.738888888888889,0.159640826017303,0.180751114233997,0.0709108755578561,1.34490036501492
0.738988095238095,0.15962727221408,0.180742591635032,0.0708769633560852,1.34499787276597
0.739087301587302,0.159613719952163,0.180734067000663,0.0708430674040511,1.34509536956427
0.739186507936508,0.15960016923122,0.180725540332333,0.0708091876939966,1.34519285541227
0.739285714285714,0.159586620050918,0.180717011631484,0.0707753242181674,1.34529033031238
0.739384920634921,0.159573072410922,0.180708480899558,0.0707414769688119,1.34538779426705
0.739484126984127,0.159559526310901,0.180699948137997,0.0707076459381816,1.34548524727869
0.739583333333333,0.15954598175052,0.180691413348241,0.0706738311185307,1.34558268934973
0.73968253968254,0.159532438729447,0.180682876531733,0.0706400325021165,1.3456801204826
0.739781746031746,0.15951889724735,0.18067433768991,0.070606250081199,1.34577754067973
0.739880952380952,0.159505357303895,0.180665796824212,0.070572483848041,1.34587494994352
0.739980158730159,0.159491818898751,0.180657253936079,0.0705387337949084,1.34597234827642
0.740079365079365,0.159478282031585,0.180648709026948,0.0705049999140699,1.34606973568084
0.740178571428571,0.159464746702066,0.180640162098256,0.070471282197797,1.3461671121592
0.740277777777778,0.159451212909861,0.180631613151441,0.0704375806383642,1.34626447771393
0.740376984126984,0.159437680654638,0.180623062187938,0.0704038952280488,1.34636183234745
0.740476190476191,0.159424149936066,0.180614509209184,0.0703702259591309,1.34645917606216
0.740575396825397,0.159410620753814,0.180605954216614,0.0703365728238937,1.3465565088605
0.740674603174603,0.159397093107551,0.180597397211662,0.0703029358146231,1.34665383074488
0.74077380952381,0.159383566996944,0.180588838195762,0.0702693149236079,1.34675114171772
0.740873015873016,0.159370042421663,0.180580277170348,0.0702357101431399,1.34684844178144
0.740972222222222,0.159356519381378,0.180571714136852,0.0702021214655136,1.34694573093844
0.741071428571429,0.159342997875757,0.180563149096707,0.0701685488830266,1.34704300919115
0.741170634920635,0.15932947790447,0.180554582051344,0.070134992387979,1.34714027654198
0.741269841269841,0.159315959467187,0.180546013002194,0.0701014519726743,1.34723753299334
0.741369047619048,0.159302442563578,0.180537441950689,0.0700679276294185,1.34733477854765
0.741468253968254,0.159288927193311,0.180528868898257,0.0700344193505205,1.34743201320731
0.74156746031746,0.159275413356058,0.180520293846328,0.0700009271282923,1.34752923697474
0.741666666666667,0.159261901051489,0.180511716796332,0.0699674509550485,1.34762644985236
0.741765873015873,0.159248390279274,0.180503137749695,0.0699339908231069,1.34772365184255
0.741865079365079,0.159234881039083,0.180494556707846,0.0699005467247879,1.34782084294775
0.741964285714286,0.159221373330588,0.180485973672211,0.0698671186524148,1.34791802317035
0.742063492063492,0.159207867153458,0.180477388644217,0.069833706598314,1.34801519251277
0.742162698412698,0.159194362507366,0.180468801625291,0.0698003105548146,1.3481123509774
0.742261904761905,0.159180859391982,0.180460212616856,0.0697669305142486,1.34820949856666
0.742361111111111,0.159167357806978,0.180451621620338,0.0697335664689508,1.34830663528295
0.742460317460317,0.159153857752024,0.180443028637161,0.0697002184112592,1.34840376112867
0.742559523809524,0.159140359226793,0.180434433668748,0.0696668863335142,1.34850087610623
0.74265873015873,0.159126862230956,0.180425836716522,0.0696335702280595,1.34859798021803
0.742757936507937,0.159113366764185,0.180417237781905,0.0696002700872415,1.34869507346647
0.742857142857143,0.159099872826153,0.18040863686632,0.0695669859034095,1.34879215585396
0.742956349206349,0.159086380416531,0.180400033971188,0.0695337176689155,1.34888922738289
0.743055555555556,0.159072889534992,0.180391429097928,0.0695004653761147,1.34898628805566
0.743154761904762,0.159059400181208,0.180382822247962,0.0694672290173651,1.34908333787468
0.743253968253968,0.159045912354852,0.180374213422707,0.0694340085850273,1.34918037684234
0.743353174603175,0.159032426055597,0.180365602623585,0.0694008040714652,1.34927740496103
0.743452380952381,0.159018941283116,0.180356989852011,0.0693676154690452,1.34937442223316
0.743551587301587,0.159005458037081,0.180348375109405,0.0693344427701368,1.34947142866113
0.743650793650794,0.158991976317167,0.180339758397183,0.0693012859671123,1.34956842424732
0.74375,0.158978496123046,0.180331139716761,0.069268145052347,1.34966540899413
0.743849206349206,0.158965017454392,0.180322519069556,0.0692350200182189,1.34976238290395
0.743948412698413,0.158951540310879,0.180313896456984,0.0692019108571089,1.34985934597918
0.744047619047619,0.158938064692181,0.180305271880457,0.0691688175614009,1.34995629822221
0.744146825396825,0.158924590597972,0.180296645341392,0.0691357401234817,1.35005323963543
0.744246031746032,0.158911118027925,0.180288016841201,0.0691026785357407,1.35015017022123
0.744345238095238,0.158897646981716,0.180279386381298,0.0690696327905706,1.35024708998201
0.744444444444444,0.158884177459019,0.180270753963095,0.0690366028803666,1.35034399892014
0.744543650793651,0.158870709459508,0.180262119588003,0.0690035887975269,1.35044089703802
0.744642857142857,0.158857242982858,0.180253483257434,0.0689705905344528,1.35053778433804
0.744742063492064,0.158843778028745,0.180244844972799,0.0689376080835481,1.35063466082258
0.74484126984127,0.158830314596843,0.180236204735508,0.0689046414372198,1.35073152649403
0.744940476190476,0.158816852686827,0.180227562546969,0.0688716905878776,1.35082838135478
0.745039682539682,0.158803392298373,0.180218918408593,0.0688387555279341,1.3509252254072
0.745138888888889,0.158789933431156,0.180210272321788,0.0688058362498048,1.35102205865368
0.745238095238095,0.158776476084853,0.18020162428796,0.0687729327459082,1.35111888109661
0.745337301587302,0.158763020259139,0.180192974308518,0.0687400450086654,1.35121569273837
0.745436507936508,0.158749565953689,0.180184322384868,0.0687071730305007,1.35131249358134
0.745535714285714,0.158736113168181,0.180175668518416,0.068674316803841,1.3514092836279
0.745634920634921,0.158722661902291,0.180167012710567,0.0686414763211163,1.35150606288043
0.745734126984127,0.158709212155694,0.180158354962727,0.0686086515747592,1.3516028313413
0.745833333333333,0.158695763928068,0.180149695276299,0.0685758425572056,1.35169958901291
0.74593253968254,0.158682317219089,0.180141033652687,0.0685430492608939,1.35179633589762
0.746031746031746,0.158668872028435,0.180132370093295,0.0685102716782656,1.35189307199781
0.746130952380952,0.158655428355782,0.180123704599524,0.0684775098017649,1.35198979731586
0.746230158730159,0.158641986200808,0.180115037172777,0.0684447636238389,1.35208651185414
0.746329365079365,0.158628545563189,0.180106367814455,0.0684120331369379,1.35218321561504
0.746428571428571,0.158615106442604,0.180097696525958,0.0683793183335147,1.35227990860091
0.746527777777778,0.15860166883873,0.180089023308688,0.0683466192060251,1.35237659081414
0.746626984126984,0.158588232751245,0.180080348164043,0.0683139357469277,1.3524732622571
0.74672619047619,0.158574798179828,0.180071671093423,0.0682812679486843,1.35256992293216
0.746825396825397,0.158561365124155,0.180062992098226,0.0682486158037592,1.35266657284169
0.746924603174603,0.158547933583906,0.180054311179849,0.0682159793046197,1.35276321198806
0.74702380952381,0.158534503558758,0.180045628339691,0.0681833584437361,1.35285984037364
0.747123015873016,0.158521075048391,0.180036943579147,0.0681507532135814,1.35295645800079
0.747222222222222,0.158507648052484,0.180028256899614,0.0681181636066317,1.3530530648719
0.747321428571429,0.158494222570714,0.180019568302488,0.0680855896153657,1.35314966098931
0.747420634920635,0.158480798602762,0.180010877789162,0.0680530312322651,1.35324624635541
0.747519841269841,0.158467376148306,0.180002185361033,0.0680204884498147,1.35334282097255
0.747619047619048,0.158453955207026,0.179993491019492,0.0679879612605018,1.3534393848431
0.747718253968254,0.158440535778601,0.179984794765935,0.0679554496568168,1.35353593796943
0.74781746031746,0.158427117862711,0.179976096601752,0.067922953631253,1.35363248035389
0.747916666666667,0.158413701459036,0.179967396528337,0.0678904731763064,1.35372901199885
0.748015873015873,0.158400286567255,0.17995869454708,0.0678580082844761,1.35382553290668
0.748115079365079,0.158386873187049,0.179949990659373,0.0678255589482639,1.35392204307972
0.748214285714286,0.158373461318099,0.179941284866605,0.0677931251601747,1.35401854252035
0.748313492063492,0.158360050960083,0.179932577170167,0.0677607069127159,1.35411503123092
0.748412698412698,0.158346642112684,0.179923867571447,0.0677283041983983,1.35421150921379
0.748511904761905,0.158333234775582,0.179915156071835,0.067695917009735,1.35430797647132
0.748611111111111,0.158319828948458,0.179906442672717,0.0676635453392424,1.35440443300587
0.748710317460317,0.158306424630992,0.179897727375481,0.0676311891794397,1.35450087881979
0.748809523809524,0.158293021822866,0.179889010181515,0.0675988485228489,1.35459731391543
0.74890873015873,0.158279620523761,0.179880291092204,0.0675665233619949,1.35469373829516
0.749007936507937,0.15826622073336,0.179871570108933,0.0675342136894054,1.35479015196133
0.749107142857143,0.158252822451342,0.179862847233089,0.0675019194976112,1.35488655491629
0.749206349206349,0.158239425677391,0.179854122466054,0.0674696407791458,1.35498294716239
0.749305555555556,0.158226030411188,0.179845395809214,0.0674373775265455,1.35507932870198
0.749404761904762,0.158212636652415,0.179836667263951,0.0674051297323498,1.35517569953742
0.749503968253968,0.158199244400754,0.179827936831649,0.0673728973891008,1.35527205967106
0.749603174603175,0.158185853655889,0.179819204513688,0.0673406804893434,1.35536840910524
0.749702380952381,0.158172464417501,0.179810470311451,0.0673084790256258,1.35546474784232
0.749801587301587,0.158159076685273,0.179801734226319,0.0672762929904987,1.35556107588464
0.749900793650794,0.158145690458888,0.179792996259672,0.0672441223765158,1.35565739323455
0.75,0.158132305738029,0.179784256412889,0.0672119671762337,1.3557536998944
0.750099206349206,0.158118922522379,0.179775514687351,0.0671798273822118,1.35584999586653
0.750198412698413,0.158105540811622,0.179766771084435,0.0671477029870124,1.35594628115329
0.750297619047619,0.15809216060544,0.179758025605519,0.0671155939832008,1.35604255575702
0.750396825396825,0.158078781903519,0.179749278251982,0.0670835003633451,1.35613881968007
0.750496031746032,0.15806540470554,0.179740529025199,0.0670514221200162,1.35623507292477
0.750595238095238,0.158052029011189,0.179731777926548,0.0670193592457881,1.35633131549347
0.750694444444444,0.158038654820149,0.179723024957403,0.0669873117332373,1.35642754738852
0.750793650793651,0.158025282132105,0.179714270119141,0.0669552795749435,1.35652376861225
0.750892857142857,0.158011910946741,0.179705513413134,0.0669232627634893,1.35661997916699
0.750992063492063,0.157998541263741,0.179696754840759,0.0668912612914599,1.3567161790551
0.75109126984127,0.157985173082791,0.179687994403386,0.0668592751514436,1.35681236827891
0.751190476190476,0.157971806403574,0.179679232102391,0.0668273043360316,1.35690854684075
0.751289682539683,0.157958441225776,0.179670467939144,0.0667953488378178,1.35700471474297
0.751388888888889,0.157945077549083,0.179661701915017,0.0667634086493991,1.3571008719879
0.751488095238095,0.157931715373179,0.179652934031382,0.0667314837633753,1.35719701857787
0.751587301587302,0.15791835469775,0.179644164289609,0.0666995741723491,1.35729315451521
0.751686507936508,0.157904995522482,0.179635392691067,0.0666676798689258,1.35738927980227
0.751785714285714,0.157891637847059,0.179626619237126,0.066635800845714,1.35748539444138
0.751884920634921,0.157878281671169,0.179617843929155,0.0666039370953249,1.35758149843486
0.751984126984127,0.157864926994497,0.179609066768521,0.0665720886103727,1.35767759178505
0.752083333333333,0.15785157381673,0.179600287756593,0.0665402553834744,1.35777367449428
0.75218253968254,0.157838222137553,0.179591506894737,0.0665084374072498,1.35786974656488
0.752281746031746,0.157824871956654,0.17958272418432,0.0664766346743219,1.35796580799917
0.752380952380952,0.157811523273718,0.179573939626706,0.0664448471773163,1.35806185879949
0.752480158730159,0.157798176088433,0.179565153223263,0.0664130749088615,1.35815789896817
0.752579365079365,0.157784830400486,0.179556364975353,0.0663813178615889,1.35825392850752
0.752678571428571,0.157771486209564,0.179547574884342,0.0663495760281328,1.35834994741988
0.752777777777778,0.157758143515354,0.179538782951592,0.0663178494011306,1.35844595570758
0.752876984126984,0.157744802317544,0.179529989178467,0.0662861379732221,1.35854195337293
0.75297619047619,0.15773146261582,0.179521193566328,0.0662544417370504,1.35863794041826
0.753075396825397,0.157718124409872,0.179512396116538,0.0662227606852612,1.35873391684589
0.753174603174603,0.157704787699386,0.179503596830458,0.0661910948105033,1.35882988265815
0.75327380952381,0.157691452484051,0.179494795709448,0.0661594441054283,1.35892583785736
0.753373015873016,0.157678118763555,0.179485992754867,0.0661278085626906,1.35902178244583
0.753472222222222,0.157664786537586,0.179477187968077,0.0660961881749476,1.35911771642589
0.753571428571429,0.157651455805833,0.179468381350434,0.0660645829348595,1.35921363979986
0.753670634920635,0.157638126567985,0.179459572903298,0.0660329928350892,1.35930955257006
0.753769841269841,0.15762479882373,0.179450762628025,0.066001417868303,1.35940545473879
0.753869047619048,0.157611472572756,0.179441950525974,0.0659698580271696,1.35950134630839
0.753968253968254,0.157598147814755,0.179433136598501,0.0659383133043607,1.35959722728116
0.75406746031746,0.157584824549413,0.17942432084696,0.0659067836925509,1.35969309765942
0.754166666666667,0.157571502776422,0.179415503272709,0.0658752691844178,1.35978895744549
0.754265873015873,0.15755818249547,0.1794066838771,0.0658437697726417,1.35988480664168
0.754365079365079,0.157544863706247,0.179397862661489,0.0658122854499058,1.35998064525031
0.754464285714286,0.157531546408444,0.17938903962723,0.0657808162088964,1.36007647327367
0.754563492063492,0.157518230601749,0.179380214775674,0.0657493620423023,1.3601722907141
0.754662698412698,0.157504916285854,0.179371388108174,0.0657179229428155,1.36026809757389
0.754761904761905,0.157491603460448,0.179362559626083,0.0656864989031308,1.36036389385537
0.754861111111111,0.157478292125223,0.179353729330751,0.0656550899159458,1.36045967956082
0.754960317460318,0.157464982279867,0.179344897223529,0.0656236959739609,1.36055545469258
0.755059523809524,0.157451673924074,0.179336063305767,0.0655923170698797,1.36065121925294
0.75515873015873,0.157438367057533,0.179327227578814,0.0655609531964084,1.36074697324421
0.755257936507936,0.157425061679935,0.17931839004402,0.0655296043462562,1.3608427166687
0.755357142857143,0.157411757790971,0.179309550702732,0.065498270512135,1.3609384495287
0.755456349206349,0.157398455390334,0.179300709556298,0.0654669516867599,1.36103417182654
0.755555555555556,0.157385154477715,0.179291866606066,0.0654356478628486,1.36112988356451
0.755654761904762,0.157371855052804,0.179283021853382,0.0654043590331217,1.36122558474491
0.755753968253968,0.157358557115295,0.179274175299592,0.065373085190303,1.36132127537005
0.755853174603175,0.157345260664879,0.179265326946041,0.0653418263271186,1.36141695544223
0.755952380952381,0.157331965701248,0.179256476794075,0.0653105824362981,1.36151262496375
0.756051587301587,0.157318672224094,0.179247624845036,0.0652793535105736,1.36160828393691
0.756150793650794,0.157305380233111,0.17923877110027,0.0652481395426801,1.36170393236401
0.75625,0.15729208972799,0.179229915561118,0.0652169405253556,1.36179957024735
0.756349206349206,0.157278800708425,0.179221058228924,0.065185756451341,1.36189519758922
0.756448412698413,0.157265513174107,0.179212199105029,0.0651545873133799,1.36199081439193
0.756547619047619,0.157252227124731,0.179203338190775,0.0651234331042189,1.36208642065777
0.756646825396825,0.15723894255999,0.179194475487502,0.0650922938166075,1.36218201638903
0.756746031746032,0.157225659479576,0.179185610996551,0.0650611694432981,1.36227760158801
0.756845238095238,0.157212377883184,0.17917674471926,0.0650300599770458,1.36237317625701
0.756944444444444,0.157199097770507,0.17916787665697,0.0649989654106088,1.36246874039832
0.757043650793651,0.157185819141238,0.179159006811017,0.064967885736748,1.36256429401423
0.757142857142857,0.157172541995073,0.179150135182741,0.0649368209482273,1.36265983710702
0.757242063492063,0.157159266331704,0.179141261773479,0.0649057710378134,1.36275536967901
0.75734126984127,0.157145992150827,0.179132386584566,0.0648747359982761,1.36285089173246
0.757440476190476,0.157132719452135,0.179123509617339,0.0648437158223877,1.36294640326968
0.757539682539683,0.157119448235323,0.179114630873134,0.0648127105029236,1.36304190429296
0.757638888888889,0.157106178500087,0.179105750353285,0.0647817200326621,1.36313739480457
0.757738095238095,0.15709291024612,0.179096868059126,0.0647507444043843,1.36323287480681
0.757837301587302,0.157079643473119,0.179087983991992,0.0647197836108743,1.36332834430197
0.757936507936508,0.157066378180777,0.179079098153216,0.0646888376449189,1.36342380329232
0.758035714285714,0.157053114368791,0.17907021054413,0.0646579064993079,1.36351925178016
0.758134920634921,0.157039852036855,0.179061321166065,0.0646269901668339,1.36361468976777
0.758234126984127,0.157026591184666,0.179052430020354,0.0645960886402926,1.36371011725743
0.758333333333333,0.15701333181192,0.179043537108327,0.0645652019124822,1.36380553425143
0.75843253968254,0.157000073918312,0.179034642431315,0.0645343299762041,1.36390094075205
0.758531746031746,0.156986817503538,0.179025745990646,0.0645034728242624,1.36399633676156
0.758630952380952,0.156973562567295,0.179016847787651,0.0644726304494642,1.36409172228226
0.758730158730159,0.156960309109278,0.179007947823657,0.0644418028446194,1.36418709731641
0.758829365079365,0.156947057129186,0.178999046099993,0.0644109900025408,1.3642824618663
0.758928571428571,0.156933806626714,0.178990142617986,0.0643801919160442,1.36437781593421
0.759027777777778,0.156920557601559,0.178981237378962,0.064349408577948,1.36447315952241
0.759126984126984,0.156907310053418,0.178972330384247,0.0643186399810736,1.36456849263318
0.75922619047619,0.156894063981989,0.178963421635168,0.0642878861182455,1.3646638152688
0.759325396825397,0.156880819386968,0.178954511133049,0.0642571469822908,1.36475912743154
0.759424603174603,0.156867576268053,0.178945598879214,0.0642264225660395,1.36485442912367
0.759523809523809,0.156854334624943,0.178936684874988,0.0641957128623248,1.36494972034748
0.759623015873016,0.156841094457333,0.178927769121693,0.0641650178639822,1.36504500110522
0.759722222222222,0.156827855764924,0.178918851620652,0.0641343375638507,1.36514027139918
0.759821428571429,0.156814618547411,0.178909932373188,0.0641036719547717,1.36523553123163
0.759920634920635,0.156801382804495,0.178901011380621,0.0640730210295898,1.36533078060483
0.760019841269841,0.156788148535873,0.178892088644273,0.0640423847811523,1.36542601952106
0.760119047619048,0.156774915741243,0.178883164165464,0.0640117632023094,1.36552124798259
0.760218253968254,0.156761684420305,0.178874237945513,0.0639811562859143,1.36561646599168
0.76031746031746,0.156748454572757,0.178865309985741,0.0639505640248229,1.3657116735506
0.760416666666667,0.156735226198298,0.178856380287464,0.0639199864118941,1.36580687066161
0.760515873015873,0.156721999296628,0.178847448852002,0.0638894234399896,1.365902057327
0.760615079365079,0.156708773867446,0.178838515680672,0.063858875101974,1.36599723354901
0.760714285714286,0.15669554991045,0.17882958077479,0.063828341390715,1.36609239932991
0.760813492063492,0.156682327425341,0.178820644135672,0.0637978222990827,1.36618755467197
0.760912698412698,0.156669106411819,0.178811705764635,0.0637673178199506,1.36628269957746
0.761011904761905,0.156655886869583,0.178802765662994,0.0637368279461947,1.36637783404862
0.761111111111111,0.156642668798334,0.178793823832062,0.0637063526706941,1.36647295808773
0.761210317460317,0.156629452197771,0.178784880273155,0.0636758919863307,1.36656807169705
0.761309523809524,0.156616237067595,0.178775934987584,0.0636454458859891,1.36666317487883
0.76140873015873,0.156603023407507,0.178766987976663,0.0636150143625572,1.36675826763533
0.761507936507937,0.156589811217207,0.178758039241704,0.0635845974089254,1.36685334996882
0.761607142857143,0.156576600496396,0.178749088784019,0.0635541950179871,1.36694842188155
0.761706349206349,0.156563391244775,0.178740136604918,0.0635238071826387,1.36704348337577
0.761805555555556,0.156550183462046,0.178731182705712,0.0634934338957793,1.36713853445375
0.761904761904762,0.156536977147908,0.178722227087711,0.0634630751503109,1.36723357511774
0.762003968253968,0.156523772302065,0.178713269752224,0.0634327309391386,1.36732860536999
0.762103174603175,0.156510568924216,0.178704310700559,0.0634024012551699,1.36742362521276
0.762202380952381,0.156497367014065,0.178695349934026,0.0633720860913158,1.3675186346483
0.762301587301587,0.156484166571313,0.17868638745393,0.0633417854404897,1.36761363367886
0.762400793650794,0.156470967595662,0.178677423261579,0.0633114992956081,1.36770862230669
0.7625,0.156457770086815,0.17866845735828,0.0632812276495904,1.36780360053406
0.762599206349206,0.156444574044472,0.178659489745338,0.0632509704953586,1.36789856836319
0.762698412698413,0.156431379468338,0.178650520424058,0.063220727825838,1.36799352579636
0.762797619047619,0.156418186358115,0.178641549395744,0.0631904996339563,1.36808847283579
0.762896825396825,0.156404994713505,0.178632576661702,0.0631602859126447,1.36818340948375
0.762996031746032,0.156391804534212,0.178623602223234,0.0631300866548365,1.36827833574247
0.763095238095238,0.156378615819938,0.178614626081643,0.0630999018534687,1.36837325161421
0.763194444444445,0.156365428570387,0.178605648238231,0.0630697315014805,1.36846815710121
0.763293650793651,0.156352242785263,0.1785966686943,0.0630395755918144,1.36856305220572
0.763392857142857,0.156339058464268,0.17858768745115,0.0630094341174156,1.36865793692997
0.763492063492063,0.156325875607107,0.178578704510084,0.0629793070712321,1.36875281127621
0.76359126984127,0.156312694213483,0.1785697198724,0.0629491944462151,1.36884767524669
0.763690476190476,0.1562995142831,0.178560733539397,0.0629190962353182,1.36894252884365
0.763789682539682,0.156286335815663,0.178551745512375,0.0628890124314985,1.36903737206933
0.763888888888889,0.156273158810876,0.178542755792631,0.0628589430277153,1.36913220492596
0.763988095238095,0.156259983268443,0.178533764381464,0.0628288880169313,1.36922702741578
0.764087301587302,0.156246809188069,0.178524771280169,0.0627988473921118,1.36932183954105
0.764186507936508,0.156233636569459,0.178515776490044,0.0627688211462252,1.36941664130399
0.764285714285714,0.156220465412318,0.178506780012385,0.0627388092722425,1.36951143270684
0.764384920634921,0.156207295716351,0.178497781848486,0.0627088117631378,1.36960621375183
0.764484126984127,0.156194127481262,0.178488781999642,0.0626788286118879,1.36970098444121
0.764583333333333,0.156180960706758,0.178479780467148,0.0626488598114727,1.36979574477721
0.76468253968254,0.156167795392544,0.178470777252296,0.0626189053548748,1.36989049476206
0.764781746031746,0.156154631538325,0.17846177235638,0.0625889652350797,1.36998523439799
0.764880952380952,0.156141469143808,0.178452765780692,0.062559039445076,1.37007996368724
0.764980158730159,0.156128308208698,0.178443757526524,0.0625291279778548,1.37017468263204
0.765079365079365,0.156115148732702,0.178434747595167,0.0624992308264104,1.37026939123463
0.765178571428571,0.156101990715526,0.178425735987912,0.0624693479837397,1.37036408949722
0.765277777777778,0.156088834156876,0.178416722706047,0.0624394794428429,1.37045877742206
0.765376984126984,0.156075679056459,0.178407707750864,0.0624096251967225,1.37055345501136
0.76547619047619,0.156062525413982,0.178398691123651,0.0623797852383845,1.37064812226736
0.765575396825397,0.156049373229151,0.178389672825695,0.0623499595608372,1.37074277919229
0.765674603174603,0.156036222501674,0.178380652858285,0.0623201481570923,1.37083742578837
0.76577380952381,0.156023073231258,0.178371631222708,0.0622903510201638,1.37093206205783
0.765873015873016,0.15600992541761,0.17836260792025,0.0622605681430693,1.37102668800289
0.765972222222222,0.155996779060438,0.178353582952197,0.0622307995188286,1.37112130362577
0.766071428571429,0.15598363415945,0.178344556319835,0.0622010451404648,1.37121590892871
0.766170634920635,0.155970490714353,0.178335528024448,0.0621713050010037,1.37131050391392
0.766269841269841,0.155957348724855,0.17832649806732,0.062141579093474,1.37140508858362
0.766369047619048,0.155944208190664,0.178317466449735,0.0621118674109074,1.37149966294004
0.766468253968254,0.155931069111489,0.178308433172976,0.0620821699463383,1.3715942269854
0.76656746031746,0.155917931487038,0.178299398238325,0.0620524866928041,1.37168878072191
0.766666666666667,0.155904795317019,0.178290361647065,0.0620228176433449,1.3717833241518
0.766765873015873,0.155891660601142,0.178281323400475,0.0619931627910041,1.37187785727728
0.766865079365079,0.155878527339116,0.178272283499838,0.0619635221288274,1.37197238010058
0.766964285714286,0.155865395530648,0.178263241946434,0.061933895649864,1.3720668926239
0.767063492063492,0.155852265175449,0.17825419874154,0.0619042833471653,1.37216139484946
0.767162698412698,0.155839136273228,0.178245153886438,0.0618746852137862,1.37225588677949
0.767261904761905,0.155826008823695,0.178236107382404,0.061845101242784,1.37235036841618
0.767361111111111,0.155812882826558,0.178227059230717,0.0618155314272193,1.37244483976177
0.767460317460318,0.155799758281528,0.178218009432654,0.0617859757601553,1.37253930081845
0.767559523809524,0.155786635188315,0.178208957989491,0.0617564342346581,1.37263375158844
0.76765873015873,0.155773513546628,0.178199904902505,0.0617269068437968,1.37272819207396
0.767757936507937,0.155760393356179,0.17819085017297,0.0616973935806432,1.37282262227721
0.767857142857143,0.155747274616677,0.178181793802162,0.0616678944382722,1.3729170422004
0.767956349206349,0.155734157327833,0.178172735791355,0.0616384094097615,1.37301145184575
0.768055555555555,0.155721041489359,0.178163676141823,0.0616089384881915,1.37310585121546
0.768154761904762,0.155707927100963,0.178154614854838,0.0615794816666457,1.37320024031174
0.768253968253968,0.155694814162359,0.178145551931673,0.0615500389382104,1.37329461913679
0.768353174603175,0.155681702673256,0.178136487373601,0.0615206102959748,1.37338898769282
0.768452380952381,0.155668592633366,0.178127421181892,0.061491195733031,1.37348334598204
0.768551587301587,0.155655484042401,0.178118353357817,0.0614617952424738,1.37357769400665
0.768650793650794,0.155642376900072,0.178109283902646,0.0614324088174012,1.37367203176886
0.76875,0.155629271206092,0.178100212817649,0.0614030364509137,1.37376635927086
0.768849206349206,0.155616166960171,0.178091140104096,0.0613736781361151,1.37386067651487
0.768948412698413,0.155603064162022,0.178082065763253,0.0613443338661116,1.37395498350307
0.769047619047619,0.155589962811358,0.17807298979639,0.0613150036340127,1.37404928023768
0.769146825396825,0.15557686290789,0.178063912204773,0.0612856874329306,1.37414356672089
0.769246031746032,0.155563764451331,0.17805483298967,0.0612563852559804,1.3742378429549
0.769345238095238,0.155550667441395,0.178045752152346,0.0612270970962801,1.37433210894191
0.769444444444444,0.155537571877793,0.178036669694066,0.0611978229469505,1.37442636468412
0.769543650793651,0.155524477760238,0.178027585616096,0.0611685628011152,1.37452061018372
0.769642857142857,0.155511385088445,0.1780184999197,0.0611393166519011,1.37461484544292
0.769742063492063,0.155498293862126,0.178009412606142,0.0611100844924375,1.3747090704639
0.76984126984127,0.155485204080994,0.178000323676685,0.0610808663158567,1.37480328524886
0.769940476190476,0.155472115744764,0.177991233132591,0.0610516621152941,1.3748974898
0.770039682539683,0.155459028853149,0.177982140975123,0.0610224718838878,1.3749916841195
0.770138888888889,0.155445943405863,0.177973047205541,0.0609932956147787,1.37508586820956
0.770238095238095,0.155432859402619,0.177963951825108,0.0609641333011108,1.37518004207238
0.770337301587302,0.155419776843133,0.177954854835082,0.0609349849360308,1.37527420571014
0.770436507936508,0.155406695727118,0.177945756236725,0.0609058505126884,1.37536835912503
0.770535714285714,0.15539361605429,0.177936656031294,0.0608767300242361,1.37546250231924
0.770634920634921,0.155380537824362,0.177927554220048,0.0608476234638291,1.37555663529497
0.770734126984127,0.15536746103705,0.177918450804246,0.060818530824626,1.37565075805439
0.770833333333333,0.155354385692068,0.177909345785144,0.0607894520997878,1.3757448705997
0.77093253968254,0.155341311789132,0.177900239164,0.0607603872824785,1.37583897293307
0.771031746031746,0.155328239327957,0.177891130942069,0.0607313363658651,1.37593306505671
0.771130952380952,0.155315168308258,0.177882021120607,0.0607022993431173,1.37602714697279
0.771230158730159,0.155302098729751,0.17787290970087,0.0606732762074079,1.3761212186835
0.771329365079365,0.155289030592152,0.177863796684111,0.0606442669519123,1.37621528019101
0.771428571428571,0.155275963895177,0.177854682071585,0.060615271569809,1.37630933149752
0.771527777777778,0.155262898638541,0.177845565864544,0.0605862900542793,1.37640337260519
0.771626984126984,0.155249834821961,0.177836448064242,0.0605573223985075,1.37649740351623
0.771726190476191,0.155236772445153,0.17782732867193,0.0605283685956805,1.3765914242328
0.771825396825397,0.155223711507834,0.17781820768886,0.0604994286389883,1.37668543475708
0.771924603174603,0.15521065200972,0.177809085116283,0.0604705025216238,1.37677943509126
0.772023809523809,0.155197593950528,0.177799960955449,0.0604415902367826,1.3768734252375
0.772123015873016,0.155184537329975,0.177790835207609,0.0604126917776633,1.376967405198
0.772222222222222,0.155171482147779,0.17778170787401,0.0603838071374674,1.37706137497492
0.772321428571429,0.155158428403656,0.177772578955903,0.0603549363093993,1.37715533457044
0.772420634920635,0.155145376097323,0.177763448454534,0.0603260792866662,1.37724928398673
0.772519841269841,0.155132325228499,0.177754316371152,0.060297236062478,1.37734322322598
0.772619047619048,0.155119275796901,0.177745182707003,0.0602684066300478,1.37743715229034
0.772718253968254,0.155106227802248,0.177736047463333,0.0602395909825916,1.377531071182
0.77281746031746,0.155093181244256,0.177726910641388,0.060210789113328,1.37762497990313
0.772916666666667,0.155080136122644,0.177717772242414,0.0601820010154786,1.3777188784559
0.773015873015873,0.155067092437131,0.177708632267654,0.0601532266822679,1.37781276684247
0.773115079365079,0.155054050187435,0.177699490718352,0.0601244661069233,1.37790664506503
0.773214285714286,0.155041009373274,0.177690347595753,0.0600957192826751,1.37800051312573
0.773313492063492,0.155027969994368,0.177681202901099,0.0600669862027564,1.37809437102674
0.773412698412698,0.155014932050435,0.177672056635631,0.0600382668604031,1.37818821877024
0.773511904761905,0.155001895541194,0.177662908800593,0.0600095612488542,1.37828205635839
0.773611111111111,0.154988860466365,0.177653759397223,0.0599808693613515,1.37837588379335
0.773710317460318,0.154975826825667,0.177644608426764,0.0599521911911395,1.37846970107729
0.773809523809524,0.15496279461882,0.177635455890455,0.0599235267314659,1.37856350821237
0.77390873015873,0.154949763845543,0.177626301789534,0.059894875975581,1.37865730520076
0.774007936507937,0.154936734505556,0.177617146125242,0.0598662389167381,1.37875109204462
0.774107142857143,0.154923706598579,0.177607988898816,0.0598376155481933,1.37884486874612
0.774206349206349,0.154910680124332,0.177598830111493,0.0598090058632058,1.3789386353074
0.774305555555556,0.154897655082536,0.17758966976451,0.0597804098550374,1.37903239173064
0.774404761904762,0.154884631472911,0.177580507859104,0.0597518275169529,1.379126138018
0.774503968253968,0.154871609295177,0.177571344396511,0.05972325884222,1.37921987417163
0.774603174603175,0.154858588549056,0.177562179377966,0.0596947038241093,1.37931360019368
0.774702380952381,0.154845569234268,0.177553012804703,0.0596661624558941,1.37940731608633
0.774801587301587,0.154832551350535,0.177543844677956,0.059637634730851,1.37950102185172
0.774900793650794,0.154819534897576,0.177534674998959,0.0596091206422588,1.37959471749201
0.775,0.154806519875115,0.177525503768945,0.0595806201833999,1.37968840300936
0.775099206349206,0.154793506282873,0.177516330989146,0.0595521333475591,1.37978207840591
0.775198412698413,0.15478049412057,0.177507156660793,0.0595236601280242,1.37987574368383
0.775297619047619,0.15476748338793,0.177497980785118,0.059495200518086,1.37996939884527
0.775396825396825,0.154754474084673,0.177488803363352,0.0594667545110381,1.38006304389238
0.775496031746032,0.154741466210522,0.177479624396724,0.0594383221001768,1.3801566788273
0.775595238095238,0.1547284597652,0.177470443886463,0.0594099032788017,1.3802503036522
0.775694444444444,0.154715454748428,0.177461261833799,0.0593814980402148,1.38034391836922
0.775793650793651,0.15470245115993,0.177452078239959,0.0593531063777213,1.38043752298051
0.775892857142857,0.154689448999428,0.177442893106172,0.0593247282846293,1.38053111748821
0.775992063492064,0.154676448266645,0.177433706433663,0.0592963637542494,1.38062470189448
0.77609126984127,0.154663448961303,0.177424518223661,0.0592680127798957,1.38071827620147
0.776190476190476,0.154650451083127,0.17741532847739,0.0592396753548844,1.38081184041131
0.776289682539682,0.15463745463184,0.177406137196076,0.0592113514725352,1.38090539452616
0.776388888888889,0.154624459607165,0.177396944380943,0.0591830411261706,1.38099893854815
0.776488095238095,0.154611466008825,0.177387750033216,0.0591547443091157,1.38109247247943
0.776587301587302,0.154598473836545,0.177378554154118,0.0591264610146987,1.38118599632216
0.776686507936508,0.154585483090048,0.177369356744872,0.0590981912362505,1.38127951007845
0.776785714285714,0.154572493769059,0.177360157806701,0.0590699349671051,1.38137301375047
0.776884920634921,0.154559505873301,0.177350957340826,0.0590416922005994,1.38146650734035
0.776984126984127,0.1545465194025,0.177341755348468,0.0590134629300728,1.38155999085022
0.777083333333333,0.15453353435638,0.177332551830849,0.0589852471488679,1.38165346428224
0.77718253968254,0.154520550734665,0.177323346789187,0.0589570448503302,1.38174692763853
0.777281746031746,0.154507568537081,0.177314140224704,0.0589288560278079,1.38184038092123
0.777380952380952,0.154494587763352,0.177304932138616,0.0589006806746523,1.38193382413249
0.777480158730159,0.154481608413203,0.177295722532144,0.0588725187842172,1.38202725727444
0.777579365079365,0.15446863048636,0.177286511406504,0.0588443703498598,1.3821206803492
0.777678571428571,0.154455653982549,0.177277298762913,0.0588162353649397,1.38221409335893
0.777777777777778,0.154442678901495,0.177268084602588,0.0587881138228198,1.38230749630575
0.777876984126984,0.154429705242924,0.177258868926746,0.0587600057168654,1.38240088919179
0.77797619047619,0.154416733006561,0.177249651736601,0.0587319110404451,1.38249427201919
0.778075396825397,0.154403762192133,0.177240433033368,0.0587038297869302,1.38258764479008
0.778174603174603,0.154390792799366,0.177231212818262,0.0586757619496949,1.38268100750659
0.77827380952381,0.154377824827987,0.177221991092495,0.0586477075221162,1.38277436017085
0.778373015873016,0.154364858277721,0.177212767857282,0.0586196664975742,1.38286770278498
0.778472222222222,0.154351893148297,0.177203543113834,0.0585916388694516,1.38296103535113
0.778571428571429,0.154338929439439,0.177194316863363,0.0585636246311342,1.38305435787141
0.778670634920635,0.154325967150877,0.177185089107082,0.0585356237760106,1.38314767034795
0.778769841269841,0.154313006282335,0.177175859846199,0.0585076362974722,1.38324097278288
0.778869047619048,0.154300046833543,0.177166629081927,0.0584796621889134,1.38333426517833
0.778968253968254,0.154287088804228,0.177157396815473,0.0584517014437315,1.38342754753641
0.77906746031746,0.154274132194116,0.177148163048047,0.0584237540553265,1.38352081985926
0.779166666666667,0.154261177002936,0.177138927780858,0.0583958200171014,1.383614082149
0.779265873015873,0.154248223230416,0.177129691015113,0.0583678993224621,1.38370733440774
0.779365079365079,0.154235270876284,0.177120452752019,0.0583399919648173,1.38380057663761
0.779464285714286,0.154222319940267,0.177111212992783,0.0583120979375787,1.38389380884074
0.779563492063492,0.154209370422095,0.177101971738611,0.0582842172341607,1.38398703101924
0.779662698412699,0.154196422321496,0.177092728990709,0.0582563498479808,1.38408024317523
0.779761904761905,0.154183475638199,0.177083484750282,0.0582284957724593,1.38417344531082
0.779861111111111,0.154170530371931,0.177074239018533,0.0582006550010191,1.38426663742815
0.779960317460317,0.154157586522424,0.177064991796666,0.0581728275270865,1.38435981952932
0.780059523809524,0.154144644089404,0.177055743085885,0.0581450133440902,1.38445299161645
0.78015873015873,0.154131703072603,0.177046492887392,0.0581172124454621,1.38454615369166
0.780257936507937,0.154118763471748,0.177037241202389,0.0580894248246368,1.38463930575707
0.780357142857143,0.154105825286571,0.177027988032078,0.0580616504750519,1.38473244781477
0.780456349206349,0.154092888516799,0.177018733377658,0.0580338893901476,1.3848255798669
0.780555555555556,0.154079953162165,0.177009477240332,0.0580061415633675,1.38491870191556
0.780654761904762,0.154067019222397,0.177000219621297,0.0579784069881576,1.38501181396287
0.780753968253968,0.154054086697225,0.176990960521753,0.057950685657967,1.38510491601092
0.780853174603175,0.154041155586381,0.176981699942899,0.0579229775662476,1.38519800806185
0.780952380952381,0.154028225889593,0.176972437885933,0.0578952827064542,1.38529109011775
0.781051587301587,0.154015297606595,0.176963174352051,0.0578676010720445,1.38538416218073
0.781150793650794,0.154002370737115,0.17695390934245,0.0578399326564791,1.38547722425291
0.78125,0.153989445280885,0.176944642858328,0.0578122774532215,1.38557027633638
0.781349206349206,0.153976521237636,0.176935374900878,0.0577846354557379,1.38566331843326
0.781448412698413,0.153963598607099,0.176926105471297,0.0577570066574975,1.38575635054565
0.781547619047619,0.153950677389006,0.176916834570778,0.0577293910519724,1.38584937267566
0.781646825396825,0.153937757583088,0.176907562200515,0.0577017886326378,1.38594238482539
0.781746031746032,0.153924839189078,0.176898288361702,0.0576741993929712,1.38603538699694
0.781845238095238,0.153911922206706,0.176889013055531,0.0576466233264535,1.38612837919242
0.781944444444444,0.153899006635705,0.176879736283195,0.0576190604265683,1.38622136141393
0.782043650793651,0.153886092475807,0.176870458045884,0.057591510686802,1.38631433366357
0.782142857142857,0.153873179726744,0.176861178344789,0.057563974100644,1.38640729594344
0.782242063492063,0.153860268388249,0.176851897181102,0.0575364506615866,1.38650024825564
0.78234126984127,0.153847358460055,0.176842614556011,0.0575089403631247,1.38659319060227
0.782440476190476,0.153834449941894,0.176833330470706,0.0574814431987567,1.38668612298543
0.782539682539683,0.153821542833499,0.176824044926375,0.057453959161983,1.38677904540722
0.782638888888889,0.153808637134604,0.176814757924207,0.0574264882463076,1.38687195786972
0.782738095238095,0.153795732844941,0.176805469465388,0.0573990304452372,1.38696486037504
0.782837301587301,0.153782829964244,0.176796179551105,0.0573715857522812,1.38705775292528
0.782936507936508,0.153769928492246,0.176786888182545,0.057344154160952,1.38715063552252
0.783035714285714,0.153757028428682,0.176777595360894,0.0573167356647648,1.38724350816886
0.783134920634921,0.153744129773284,0.176768301087336,0.0572893302572379,1.3873363708664
0.783234126984127,0.153731232525788,0.176759005363056,0.0572619379318922,1.38742922361722
0.783333333333333,0.153718336685927,0.176749708189237,0.0572345586822518,1.38752206642342
0.78343253968254,0.153705442253435,0.176740409567064,0.0572071925018431,1.38761489928709
0.783531746031746,0.153692549228047,0.176731109497718,0.0571798393841961,1.38770772221031
0.783630952380952,0.153679657609498,0.176721807982382,0.0571524993228433,1.38780053519518
0.783730158730159,0.153666767397522,0.176712505022238,0.05712517231132,1.38789333824379
0.783829365079365,0.153653878591854,0.176703200618466,0.0570978583431645,1.38798613135822
0.783928571428571,0.153640991192229,0.176693894772247,0.0570705574119182,1.38807891454056
0.784027777777778,0.153628105198383,0.176684587484761,0.0570432695111249,1.38817168779289
0.784126984126984,0.153615220610051,0.176675278757186,0.0570159946343316,1.3882644511173
0.78422619047619,0.153602337426968,0.176665968590703,0.0569887327750882,1.38835720451588
0.784325396825397,0.15358945564887,0.176656656986487,0.0569614839269474,1.38844994799071
0.784424603174603,0.153576575275494,0.176647343945718,0.0569342480834646,1.38854268154387
0.78452380952381,0.153563696306574,0.176638029469572,0.0569070252381984,1.38863540517744
0.784623015873016,0.153550818741847,0.176628713559225,0.0568798153847102,1.38872811889351
0.784722222222222,0.153537942581049,0.176619396215853,0.056852618516564,1.38882082269416
0.784821428571429,0.153525067823917,0.176610077440631,0.056825434627327,1.38891351658146
0.784920634920635,0.153512194470187,0.176600757234733,0.0567982637105692,1.3890062005575
0.785019841269841,0.153499322519597,0.176591435599335,0.0567711057598635,1.38909887462435
0.785119047619048,0.153486451971882,0.176582112535609,0.0567439607687854,1.38919153878409
0.785218253968254,0.15347358282678,0.176572788044727,0.0567168287309138,1.3892841930388
0.78531746031746,0.153460715084029,0.176563462127863,0.0566897096398299,1.38937683739056
0.785416666666667,0.153447848743365,0.176554134786187,0.0566626034891183,1.38946947184143
0.785515873015873,0.153434983804526,0.176544806020871,0.056635510272366,1.3895620963935
0.785615079365079,0.153422120267249,0.176535475833086,0.0566084299831633,1.38965471104884
0.785714285714286,0.153409258131274,0.176526144224001,0.0565813626151032,1.38974731580952
0.785813492063492,0.153396397396336,0.176516811194785,0.0565543081617816,1.38983991067762
0.785912698412698,0.153383538062176,0.176507476746608,0.0565272666167971,1.3899324956552
0.786011904761905,0.15337068012853,0.176498140880637,0.0565002379737514,1.39002507074434
0.786111111111111,0.153357823595137,0.17648880359804,0.0564732222262492,1.3901176359471
0.786210317460318,0.153344968461736,0.176479464899984,0.0564462193678976,1.39021019126556
0.786309523809524,0.153332114728066,0.176470124787635,0.0564192293923071,1.39030273670179
0.78640873015873,0.153319262393864,0.17646078326216,0.0563922522930907,1.39039527225784
0.786507936507936,0.153306411458872,0.176451440324723,0.0563652880638646,1.3904877979358
0.786607142857143,0.153293561922827,0.176442095976489,0.0563383366982475,1.39058031373772
0.786706349206349,0.153280713785469,0.176432750218622,0.0563113981898614,1.39067281966567
0.786805555555556,0.153267867046537,0.176423403052286,0.0562844725323308,1.39076531572172
0.786904761904762,0.153255021705772,0.176414054478643,0.0562575597192834,1.39085780190793
0.787003968253968,0.153242177762912,0.176404704498857,0.0562306597443494,1.39095027822636
0.787103174603175,0.153229335217698,0.176395353114088,0.0562037726011623,1.39104274467908
0.787202380952381,0.153216494069869,0.176386000325497,0.0561768982833583,1.39113520126814
0.787301587301587,0.153203654319167,0.176376646134246,0.0561500367845764,1.39122764799562
0.787400793650794,0.153190815965332,0.176367290541495,0.0561231880984585,1.39132008486356
0.7875,0.153177979008103,0.176357933548402,0.0560963522186494,1.39141251187403
0.787599206349206,0.153165143447222,0.176348575156126,0.056069529138797,1.39150492902908
0.787698412698413,0.15315230928243,0.176339215365827,0.0560427188525516,1.39159733633078
0.787797619047619,0.153139476513467,0.17632985417866,0.0560159213535669,1.39168973378119
0.787896825396825,0.153126645140075,0.176320491595785,0.0559891366354991,1.39178212138235
0.787996031746032,0.153113815161995,0.176311127618356,0.0559623646920075,1.39187449913632
0.788095238095238,0.153100986578968,0.17630176224753,0.055935605516754,1.39196686704517
0.788194444444444,0.153088159390737,0.176292395484463,0.0559088591034038,1.39205922511094
0.788293650793651,0.153075333597042,0.176283027330308,0.0558821254456247,1.39215157333568
0.788392857142857,0.153062509197626,0.176273657786221,0.0558554045370874,1.39224391172145
0.788492063492063,0.153049686192231,0.176264286853354,0.0558286963714655,1.3923362402703
0.78859126984127,0.1530368645806,0.176254914532861,0.0558020009424354,1.39242855898429
0.788690476190476,0.153024044362473,0.176245540825894,0.0557753182436767,1.39252086786546
0.788789682539682,0.153011225537595,0.176236165733606,0.0557486482688716,1.39261316691586
0.788888888888889,0.152998408105707,0.176226789257146,0.055721991011705,1.39270545613753
0.788988095238095,0.152985592066552,0.176217411397666,0.055695346465865,1.39279773553254
0.789087301587302,0.152972777419875,0.176208032156316,0.0556687146250427,1.39289000510293
0.789186507936508,0.152959964165416,0.176198651534246,0.0556420954829316,1.39298226485073
0.789285714285714,0.152947152302921,0.176189269532604,0.0556154890332285,1.39307451477801
0.789384920634921,0.152934341832132,0.176179886152538,0.0555888952696328,1.3931667548868
0.789484126984127,0.152921532752792,0.176170501395197,0.055562314185847,1.39325898517914
0.789583333333333,0.152908725064647,0.176161115261728,0.0555357457755764,1.39335120565709
0.78968253968254,0.152895918767439,0.176151727753276,0.055509190032529,1.39344341632268
0.789781746031746,0.152883113860912,0.176142338870989,0.055482646950416,1.39353561717796
0.789880952380952,0.152870310344811,0.176132948616011,0.0554561165229513,1.39362780822496
0.789980158730159,0.152857508218881,0.176123556989488,0.0554295987438515,1.39371998946573
0.790079365079365,0.152844707482865,0.176114163992564,0.0554030936068365,1.39381216090231
0.790178571428571,0.152831908136508,0.176104769626381,0.0553766011056289,1.39390432253674
0.790277777777778,0.152819110179555,0.176095373892085,0.0553501212339539,1.39399647437105
0.790376984126984,0.152806313611752,0.176085976790816,0.0553236539855399,1.39408861640728
0.790476190476191,0.152793518432842,0.176076578323717,0.0552971993541181,1.39418074864747
0.790575396825397,0.152780724642572,0.176067178491929,0.0552707573334227,1.39427287109365
0.790674603174603,0.152767932240687,0.176057777296592,0.0552443279171904,1.39436498374786
0.790773809523809,0.152755141226933,0.176048374738848,0.0552179110991612,1.39445708661214
0.790873015873016,0.152742351601054,0.176038970819836,0.0551915068730777,1.39454917968851
0.790972222222222,0.152729563362797,0.176029565540694,0.0551651152326857,1.39464126297902
0.791071428571429,0.152716776511909,0.176020158902562,0.0551387361717334,1.39473333648569
0.791170634920635,0.152703991048134,0.176010750906576,0.0551123696839723,1.39482540021055
0.791269841269841,0.152691206971221,0.176001341553874,0.0550860157631565,1.39491745415563
0.791369047619048,0.152678424280914,0.175991930845594,0.0550596744030432,1.39500949832297
0.791468253968254,0.152665642976961,0.17598251878287,0.0550333455973924,1.3951015327146
0.79156746031746,0.152652863059108,0.175973105366838,0.0550070293399668,1.39519355733253
0.791666666666667,0.152640084527103,0.175963690598634,0.0549807256245324,1.39528557217881
0.791765873015873,0.152627307380692,0.175954274479392,0.0549544344448576,1.39537757725545
0.791865079365079,0.152614531619622,0.175944857010245,0.0549281557947139,1.39546957256448
0.791964285714286,0.152601757243642,0.175935438192326,0.0549018896678757,1.39556155810793
0.792063492063492,0.152588984252499,0.175926018026769,0.0548756360581205,1.39565353388782
0.792162698412698,0.15257621264594,0.175916596514705,0.054849394959228,1.39574549990617
0.792261904761905,0.152563442423713,0.175907173657266,0.0548231663649816,1.39583745616502
0.792361111111111,0.152550673585566,0.175897749455582,0.0547969502691669,1.39592940266638
0.792460317460317,0.152537906131248,0.175888323910784,0.0547707466655728,1.39602133941226
0.792559523809524,0.152525140060506,0.175878897024001,0.054744555547991,1.39611326640471
0.79265873015873,0.15251237537309,0.175869468796363,0.054718376910216,1.39620518364572
0.792757936507937,0.152499612068747,0.175860039228997,0.054692210746045,1.39629709113733
0.792857142857143,0.152486850147227,0.175850608323033,0.0546660570492786,1.39638898888154
0.792956349206349,0.152474089608278,0.175841176079597,0.0546399158137198,1.39648087688039
0.793055555555556,0.152461330451649,0.175831742499816,0.0546137870331746,1.39657275513588
0.793154761904762,0.152448572677091,0.175822307584816,0.054587670701452,1.39666462365003
0.793253968253968,0.152435816284351,0.175812871335723,0.0545615668123639,1.39675648242486
0.793353174603175,0.15242306127318,0.175803433753661,0.0545354753597247,1.39684833146238
0.793452380952381,0.152410307643328,0.175793994839756,0.0545093963373522,1.3969401707646
0.793551587301587,0.152397555394543,0.175784554595131,0.0544833297390668,1.39703200033355
0.793650793650794,0.152384804526577,0.17577511302091,0.0544572755586917,1.39712382017122
0.79375,0.152372055039178,0.175765670118214,0.0544312337900533,1.39721563027964
0.793849206349206,0.152359306932099,0.175756225888166,0.0544052044269804,1.39730743066081
0.793948412698413,0.152346560205088,0.175746780331888,0.0543791874633052,1.39739922131674
0.794047619047619,0.152333814857897,0.175737333450501,0.0543531828928624,1.39749100224945
0.794146825396825,0.152321070890276,0.175727885245124,0.0543271907094897,1.39758277346093
0.794246031746032,0.152308328301976,0.175718435716878,0.0543012109070278,1.39767453495321
0.794345238095238,0.152295587092749,0.175708984866882,0.0542752434793201,1.39776628672828
0.794444444444445,0.152282847262345,0.175699532696255,0.0542492884202129,1.39785802878815
0.794543650793651,0.152270108810515,0.175690079206114,0.0542233457235555,1.39794976113484
0.794642857142857,0.152257371737012,0.175680624397576,0.0541974153832,1.39804148377033
0.794742063492063,0.152244636041587,0.17567116827176,0.0541714973930014,1.39813319669664
0.79484126984127,0.152231901723992,0.17566171082978,0.0541455917468174,1.39822489991577
0.794940476190476,0.152219168783979,0.175652252072754,0.054119698438509,1.39831659342972
0.795039682539682,0.152206437221299,0.175642792001794,0.0540938174619397,1.3984082772405
0.795138888888889,0.152193707035705,0.175633330618018,0.0540679488109759,1.3984999513501
0.795238095238095,0.152180978225094,0.175623867922947,0.054042092481144,1.39859161576087
0.795337301587302,0.152168250785242,0.175614403918521,0.054016248470144,1.39868327047547
0.795436507936508,0.152155524715746,0.175604938605792,0.053990416772515,1.39877491549581
0.795535714285714,0.152142800016328,0.175595471985779,0.0539645973826853,1.39886655082376
0.795634920634921,0.152130076686714,0.175586004059505,0.0539387902950849,1.39895817646122
0.795734126984127,0.152117354726628,0.175576534827989,0.0539129955041456,1.39904979241006
0.795833333333333,0.152104634135796,0.175567064292252,0.0538872130043009,1.39914139867216
0.79593253968254,0.152091914913943,0.175557592453314,0.0538614427899861,1.39923299524941
0.796031746031746,0.152079197060793,0.175548119312195,0.0538356848556383,1.39932458214368
0.796130952380952,0.152066480576071,0.175538644869912,0.0538099391956965,1.39941615935685
0.796230158730159,0.152053765459504,0.175529169127486,0.0537842058046014,1.39950772689081
0.796329365079365,0.152041051710816,0.175519692085934,0.0537584846767952,1.39959928474742
0.796428571428571,0.152028339329732,0.175510213746275,0.0537327758067223,1.39969083292858
0.796527777777778,0.152015628315978,0.175500734109527,0.0537070791888286,1.39978237143614
0.796626984126984,0.15200291866928,0.175491253176706,0.053681394817562,1.399873900272
0.79672619047619,0.151990210389363,0.17548177094883,0.0536557226873719,1.39996541943803
0.796825396825397,0.151977503475953,0.175472287426915,0.0536300627927098,1.4000569289361
0.796924603174603,0.151964797928776,0.175462802611979,0.0536044151280286,1.40014842876809
0.79702380952381,0.151952093747557,0.175453316505036,0.0535787796877834,1.40023991893588
0.797123015873016,0.151939390932023,0.175443829107102,0.0535531564664307,1.40033139944134
0.797222222222222,0.151926689481899,0.175434340419194,0.0535275454584289,1.40042287028634
0.797321428571429,0.151913989396912,0.175424850442325,0.0535019466582384,1.40051433147275
0.797420634920635,0.151901290676787,0.17541535917751,0.053476360060321,1.40060578300246
0.797519841269841,0.151888593321252,0.175405866625763,0.0534507856591406,1.40069722487733
0.797619047619048,0.151875897330032,0.175396372788098,0.0534252234491627,1.40078865709924
0.797718253968254,0.151863202702854,0.17538687766553,0.0533996734248547,1.40088007967005
0.79781746031746,0.151850509439445,0.17537738125907,0.0533741355806856,1.40097149259163
0.797916666666667,0.15183781753953,0.175367883569732,0.0533486099111262,1.40106289586587
0.798015873015873,0.151825127002837,0.175358384598528,0.0533230964106494,1.40115428949463
0.798115079365079,0.151812437829093,0.175348884346471,0.0532975950737295,1.40124567347977
0.798214285714286,0.151799750018024,0.175339382814571,0.0532721058948427,1.40133704782317
0.798313492063492,0.151787063569357,0.175329880003841,0.0532466288684669,1.4014284125267
0.798412698412698,0.151774378482819,0.175320375915292,0.0532211639890821,1.40151976759222
0.798511904761905,0.151761694758137,0.175310870549933,0.0531957112511696,1.40161111302161
0.798611111111111,0.151749012395039,0.175301363908777,0.0531702706492129,1.40170244881672
0.798710317460318,0.151736331393252,0.175291855992831,0.053144842177697,1.40179377497944
0.798809523809524,0.151723651752502,0.175282346803107,0.0531194258311088,1.40188509151161
0.79890873015873,0.151710973472518,0.175272836340614,0.0530940216039369,1.40197639841512
0.799007936507937,0.151698296553027,0.175263324606359,0.0530686294906719,1.40206769569182
0.799107142857143,0.151685620993756,0.175253811601353,0.0530432494858058,1.40215898334358
0.799206349206349,0.151672946794434,0.175244297326603,0.0530178815838328,1.40225026137226
0.799305555555555,0.151660273954787,0.175234781783117,0.0529925257792485,1.40234152977973
0.799404761904762,0.151647602474543,0.175225264971903,0.0529671820665504,1.40243278856786
0.799503968253968,0.151634932353432,0.175215746893968,0.052941850440238,1.4025240377385
0.799603174603175,0.151622263591179,0.175206227550318,0.0529165308948123,1.40261527729351
0.799702380952381,0.151609596187515,0.17519670694196,0.0528912234247761,1.40270650723477
0.799801587301587,0.151596930142165,0.175187185069901,0.0528659280246342,1.40279772756413
0.799900793650794,0.15158426545486,0.175177661935146,0.0528406446888929,1.40288893828345
0.8,0.151571602125327,0.1751681375387,0.0528153734120605,1.40298013939459
0.800099206349206,0.151558940153295,0.175158611881569,0.0527901141886469,1.40307133089942
0.800198412698413,0.151546279538491,0.175149084964757,0.0527648670131639,1.40316251279979
0.800297619047619,0.151533620280645,0.175139556789268,0.052739631880125,1.40325368509756
0.800396825396825,0.151520962379485,0.175130027356108,0.0527144087840456,1.4033448477946
0.800496031746032,0.15150830583474,0.175120496666278,0.0526891977194427,1.40343600089275
0.800595238095238,0.151495650646139,0.175110964720783,0.0526639986808353,1.40352714439388
0.800694444444444,0.15148299681341,0.175101431520626,0.0526388116627439,1.40361827829985
0.800793650793651,0.151470344336282,0.175091897066809,0.052613636659691,1.40370940261251
0.800892857142857,0.151457693214485,0.175082361360335,0.0525884736662007,1.40380051733371
0.800992063492063,0.151445043447748,0.175072824402204,0.0525633226767991,1.40389162246532
0.80109126984127,0.151432395035799,0.17506328619342,0.052538183686014,1.40398271800919
0.801190476190476,0.151419747978368,0.175053746734983,0.0525130566883748,1.40407380396718
0.801289682539683,0.151407102275185,0.175044206027894,0.0524879416784128,1.40416488034113
0.801388888888889,0.151394457925978,0.175034664073153,0.0524628386506613,1.40425594713291
0.801488095238095,0.151381814930478,0.175025120871761,0.0524377475996549,1.40434700434437
0.801587301587302,0.151369173288413,0.175015576424717,0.0524126685199304,1.40443805197735
0.801686507936508,0.151356532999514,0.175006030733021,0.0523876014060262,1.40452909003372
0.801785714285714,0.151343894063511,0.174996483797673,0.0523625462524825,1.40462011851532
0.801884920634921,0.151331256480132,0.174986935619669,0.0523375030538412,1.404711137424
0.801984126984127,0.151318620249108,0.17497738620001,0.0523124718046461,1.40480214676163
0.802083333333333,0.15130598537017,0.174967835539693,0.0522874524994429,1.40489314653004
0.80218253968254,0.151293351843046,0.174958283639716,0.0522624451327786,1.40498413673109
0.802281746031746,0.151280719667468,0.174948730501076,0.0522374496992025,1.40507511736663
0.802380952380952,0.151268088843165,0.17493917612477,0.0522124661932654,1.40516608843851
0.802480158730159,0.151255459369868,0.174929620511795,0.0521874946095199,1.40525704994857
0.802579365079365,0.151242831247307,0.174920063663147,0.0521625349425205,1.40534800189867
0.802678571428571,0.151230204475213,0.174910505579822,0.0521375871868234,1.40543894429065
0.802777777777778,0.151217579053315,0.174900946262815,0.0521126513369865,1.40552987712636
0.802876984126984,0.151204954981346,0.174891385713123,0.0520877273875695,1.40562080040765
0.802976190476191,0.151192332259036,0.174881823931738,0.0520628153331341,1.40571171413636
0.803075396825397,0.151179710886114,0.174872260919657,0.0520379151682435,1.40580261831433
0.803174603174603,0.151167090862313,0.174862696677874,0.0520130268874628,1.40589351294343
0.803273809523809,0.151154472187363,0.174853131207381,0.0519881504853588,1.40598439802548
0.803373015873016,0.151141854860996,0.174843564509173,0.0519632859565003,1.40607527356233
0.803472222222222,0.151129238882942,0.174833996584243,0.0519384332954575,1.40616613955584
0.803571428571429,0.151116624252932,0.174824427433584,0.0519135924968028,1.40625699600783
0.803670634920635,0.151104010970698,0.174814857058187,0.05188876355511,1.40634784292016
0.803769841269841,0.151091399035972,0.174805285459045,0.0518639464649549,1.40643868029467
0.803869047619048,0.151078788448484,0.17479571263715,0.0518391412209151,1.4065295081332
0.803968253968254,0.151066179207966,0.174786138593493,0.0518143478175699,1.40662032643759
0.80406746031746,0.151053571314151,0.174776563329065,0.0517895662495002,1.40671113520968
0.804166666666667,0.151040964766768,0.174766986844857,0.0517647965112891,1.40680193445131
0.804265873015873,0.151028359565551,0.174757409141858,0.051740038597521,1.40689272416433
0.804365079365079,0.151015755710231,0.17474783022106,0.0517152925027825,1.40698350435056
0.804464285714286,0.151003153200541,0.174738250083451,0.0516905582216617,1.40707427501187
0.804563492063492,0.150990552036211,0.174728668730021,0.0516658357487486,1.40716503615007
0.804662698412698,0.150977952216974,0.174719086161759,0.0516411250786349,1.40725578776701
0.804761904761905,0.150965353742563,0.174709502379653,0.0516164262059142,1.40734652986453
0.804861111111111,0.150952756612709,0.174699917384691,0.0515917391251817,1.40743726244446
0.804960317460318,0.150940160827146,0.174690331177861,0.0515670638310345,1.40752798550865
0.805059523809524,0.150927566385604,0.174680743760152,0.0515424003180716,1.40761869905892
0.80515873015873,0.150914973287818,0.174671155132549,0.0515177485808934,1.40770940309711
0.805257936507937,0.150902381533519,0.17466156529604,0.0514931086141025,1.40780009762507
0.805357142857143,0.15088979112244,0.174651974251611,0.0514684804123029,1.40789078264462
0.805456349206349,0.150877202054313,0.174642382000248,0.0514438639701008,1.4079814581576
0.805555555555556,0.150864614328873,0.174632788542937,0.0514192592821037,1.40807212416584
0.805654761904762,0.150852027945851,0.174623193880663,0.0513946663429213,1.40816278067117
0.805753968253968,0.150839442904981,0.174613598014412,0.0513700851471648,1.40825342767544
0.805853174603175,0.150826859205995,0.174604000945168,0.0513455156894473,1.40834406518047
0.805952380952381,0.150814276848627,0.174594402673915,0.0513209579643836,1.40843469318809
0.806051587301587,0.15080169583261,0.174584803201637,0.0512964119665905,1.40852531170014
0.806150793650794,0.150789116157677,0.174575202529318,0.0512718776906862,1.40861592071844
0.80625,0.150776537823562,0.174565600657942,0.051247355131291,1.40870652024484
0.806349206349206,0.150763960829998,0.17455599758849,0.0512228442830268,1.40879711028115
0.806448412698413,0.150751385176718,0.174546393321946,0.0511983451405173,1.40888769082921
0.806547619047619,0.150738810863458,0.174536787859292,0.0511738576983882,1.40897826189084
0.806646825396825,0.150726237889949,0.17452718120151,0.0511493819512667,1.40906882346788
0.806746031746032,0.150713666255925,0.174517573349581,0.0511249178937817,1.40915937556216
0.806845238095238,0.150701095961122,0.174507964304487,0.0511004655205642,1.40924991817549
0.806944444444444,0.150688527005272,0.174498354067207,0.0510760248262469,1.40934045130972
0.807043650793651,0.15067595938811,0.174488742638723,0.0510515958054641,1.40943097496666
0.807142857142857,0.15066339310937,0.174479130020016,0.051027178452852,1.40952148914814
0.807242063492064,0.150650828168786,0.174469516212063,0.0510027727630486,1.409611993856
0.80734126984127,0.150638264566092,0.174459901215846,0.0509783787306935,1.40970248909204
0.807440476190476,0.150625702301022,0.174450285032342,0.0509539963504283,1.40979297485811
0.807539682539682,0.150613141373312,0.174440667662531,0.0509296256168964,1.40988345115602
0.807638888888889,0.150600581782695,0.174431049107391,0.0509052665247427,1.40997391798759
0.807738095238095,0.150588023528907,0.1744214293679,0.0508809190686141,1.41006437535466
0.807837301587302,0.150575466611681,0.174411808445036,0.0508565832431592,1.41015482325904
0.807936507936508,0.150562911030753,0.174402186339776,0.0508322590430284,1.41024526170256
0.808035714285714,0.150550356785858,0.174392563053097,0.050807946462874,1.41033569068704
0.808134920634921,0.15053780387673,0.174382938585975,0.0507836454973498,1.41042611021429
0.808234126984127,0.150525252303104,0.174373312939386,0.0507593561411116,1.41051652028615
0.808333333333333,0.150512702064716,0.174363686114308,0.0507350783888168,1.41060692090443
0.80843253968254,0.150500153161301,0.174354058111714,0.0507108122351249,1.41069731207095
0.808531746031746,0.150487605592593,0.174344428932581,0.0506865576746968,1.41078769378754
0.808630952380952,0.150475059358329,0.174334798577883,0.0506623147021955,1.41087806605601
0.808730158730159,0.150462514458243,0.174325167048594,0.0506380833122854,1.41096842887817
0.808829365079365,0.150449970892072,0.174315534345689,0.050613863499633,1.41105878225586
0.808928571428571,0.15043742865955,0.174305900470142,0.0505896552589065,1.41114912619088
0.809027777777778,0.150424887760413,0.174296265422926,0.0505654585847758,1.41123946068506
0.809126984126984,0.150412348194398,0.174286629205013,0.0505412734719127,1.4113297857402
0.80922619047619,0.15039980996124,0.174276991817377,0.0505170999149907,1.41142010135814
0.809325396825397,0.150387273060674,0.174267353260991,0.0504929379086849,1.41151040754068
0.809424603174603,0.150374737492437,0.174257713536825,0.0504687874476726,1.41160070428963
0.80952380952381,0.150362203256265,0.174248072645852,0.0504446485266326,1.41169099160682
0.809623015873016,0.150349670351895,0.174238430589044,0.0504205211402454,1.41178126949406
0.809722222222222,0.150337138779061,0.17422878736737,0.0503964052831934,1.41187153795316
0.809821428571429,0.150324608537501,0.174219142981802,0.0503723009501609,1.41196179698593
0.809920634920635,0.15031207962695,0.174209497433309,0.0503482081358338,1.41205204659419
0.810019841269841,0.150299552047146,0.174199850722863,0.0503241268348997,1.41214228677976
0.810119047619048,0.150287025797825,0.174190202851432,0.0503000570420483,1.41223251754443
0.810218253968254,0.150274500878723,0.174180553819985,0.0502759987519707,1.41232273889004
0.81031746031746,0.150261977289578,0.174170903629492,0.0502519519593601,1.41241295081838
0.810416666666667,0.150249455030126,0.174161252280921,0.0502279166589112,1.41250315333126
0.810515873015873,0.150236934100103,0.17415159977524,0.0502038928453208,1.4125933464305
0.810615079365079,0.150224414499247,0.174141946113416,0.050179880513287,1.41268353011791
0.810714285714286,0.150211896227295,0.174132291296418,0.0501558796575103,1.4127737043953
0.810813492063492,0.150199379283984,0.174122635325212,0.0501318902726924,1.41286386926447
0.810912698412699,0.150186863669052,0.174112978200765,0.0501079123535372,1.41295402472723
0.811011904761905,0.150174349382234,0.174103319924044,0.05008394589475,1.4130441707854
0.811111111111111,0.150161836423269,0.174093660496015,0.0500599908910383,1.41313430744077
0.811210317460317,0.150149324791895,0.174083999917642,0.050036047337111,1.41322443469516
0.811309523809524,0.150136814487848,0.174074338189892,0.0500121152276789,1.41331455255037
0.81140873015873,0.150124305510867,0.17406467531373,0.0499881945574548,1.41340466100821
0.811507936507937,0.150111797860688,0.17405501129012,0.0499642853211529,1.41349476007048
0.811607142857143,0.15009929153705,0.174045346120026,0.0499403875134894,1.41358484973898
0.811706349206349,0.150086786539691,0.174035679804413,0.0499165011291824,1.41367493001553
0.811805555555556,0.150074282868348,0.174026012344243,0.0498926261629514,1.41376500090193
0.811904761904762,0.15006178052276,0.174016343740481,0.049868762609518,1.41385506239998
0.812003968253968,0.150049279502664,0.174006673994089,0.0498449104636055,1.41394511451148
0.812103174603175,0.150036779807799,0.173997003106029,0.0498210697199388,1.41403515723824
0.812202380952381,0.150024281437903,0.173987331077264,0.049797240373245,1.41412519058205
0.812301587301587,0.150011784392714,0.173977657908756,0.0497734224182525,1.41421521454473
0.812400793650794,0.149999288671971,0.173967983601466,0.0497496158496917,1.41430522912806
0.8125,0.149986794275412,0.173958308156354,0.0497258206622948,1.41439523433386
0.812599206349206,0.149974301202776,0.173948631574383,0.0497020368507958,1.41448523016391
0.812698412698413,0.149961809453801,0.173938953856512,0.0496782644099303,1.41457521662003
0.812797619047619,0.149949319028226,0.173929275003701,0.0496545033344358,1.41466519370401
0.812896825396825,0.14993682992579,0.17391959501691,0.0496307536190517,1.41475516141765
0.812996031746032,0.149924342146232,0.173909913897099,0.0496070152585189,1.41484511976275
0.813095238095238,0.14991185568929,0.173900231645226,0.0495832882475804,1.4149350687411
0.813194444444444,0.149899370554705,0.17389054826225,0.0495595725809806,1.4150250083545
0.813293650793651,0.149886886742214,0.17388086374913,0.049535868253466,1.41511493860476
0.813392857142857,0.149874404251557,0.173871178106823,0.0495121752597847,1.41520485949366
0.813492063492063,0.149861923082474,0.173861491336287,0.0494884935946867,1.415294771023
0.81359126984127,0.149849443234704,0.173851803438478,0.0494648232529236,1.41538467319458
0.813690476190476,0.149836964707986,0.173842114414355,0.0494411642292491,1.41547456601019
0.813789682539683,0.14982448750206,0.173832424264874,0.0494175165184182,1.41556444947163
0.813888888888889,0.149812011616665,0.17382273299099,0.0493938801151881,1.4156543235807
0.813988095238095,0.149799537051541,0.17381304059366,0.0493702550143177,1.41574418833917
0.814087301587301,0.149787063806428,0.173803347073839,0.0493466412105675,1.41583404374885
0.814186507936508,0.149774591881066,0.173793652432483,0.0493230386986998,1.41592388981154
0.814285714285714,0.149762121275194,0.173783956670545,0.0492994474734789,1.41601372652901
0.814384920634921,0.149749651988554,0.173774259788981,0.0492758675296706,1.41610355390307
0.814484126984127,0.149737184020884,0.173764561788744,0.0492522988620427,1.41619337193551
0.814583333333333,0.149724717371925,0.173754862670789,0.0492287414653648,1.41628318062811
0.81468253968254,0.149712252041417,0.173745162436068,0.0492051953344079,1.41637297998266
0.814781746031746,0.149699788029101,0.173735461085535,0.0491816604639452,1.41646277000097
0.814880952380952,0.149687325334717,0.173725758620142,0.0491581368487515,1.4165525506848
0.814980158730159,0.149674863958005,0.173716055040842,0.0491346244836034,1.41664232203596
0.815079365079365,0.149662403898706,0.173706350348587,0.0491111233632792,1.41673208405624
0.815178571428571,0.149649945156562,0.173696644544327,0.0490876334825592,1.41682183674741
0.815277777777778,0.149637487731311,0.173686937629016,0.0490641548362251,1.41691158011127
0.815376984126984,0.149625031622696,0.173677229603602,0.0490406874190609,1.41700131414961
0.81547619047619,0.149612576830458,0.173667520469038,0.0490172312258519,1.4170910388642
0.815575396825397,0.149600123354336,0.173657810226273,0.0489937862513854,1.41718075425684
0.815674603174603,0.149587671194073,0.173648098876257,0.0489703524904504,1.41727046032932
0.81577380952381,0.149575220349409,0.173638386419939,0.0489469299378377,1.41736015708341
0.815873015873016,0.149562770820086,0.173628672858269,0.0489235185883401,1.4174498445209
0.815972222222222,0.149550322605845,0.173618958192196,0.0489001184367517,1.41753952264358
0.816071428571429,0.149537875706428,0.173609242422668,0.0488767294778688,1.41762919145322
0.816170634920635,0.149525430121575,0.173599525550633,0.0488533517064893,1.41771885095162
0.816269841269841,0.149512985851029,0.173589807577038,0.0488299851174128,1.41780850114055
0.816369047619048,0.14950054289453,0.173580088502832,0.048806629705441,1.4178981420218
0.816468253968254,0.149488101251822,0.173570368328962,0.048783285465377,1.41798777359715
0.81656746031746,0.149475660922645,0.173560647056373,0.0487599523920258,1.41807739586838
0.816666666666667,0.149463221906742,0.173550924686012,0.0487366304801944,1.41816700883727
0.816765873015873,0.149450784203854,0.173541201218826,0.0487133197246912,1.4182566125056
0.816865079365079,0.149438347813723,0.17353147665576,0.0486900201203266,1.41834620687515
0.816964285714286,0.149425912736092,0.173521750997759,0.0486667316619129,1.41843579194769
0.817063492063492,0.149413478970703,0.173512024245768,0.0486434543442638,1.41852536772502
0.817162698412698,0.149401046517298,0.173502296400732,0.0486201881621952,1.4186149342089
0.817261904761905,0.149388615375619,0.173492567463595,0.0485969331105244,1.41870449140112
0.817361111111111,0.149376185545409,0.1734828374353,0.0485736891840708,1.41879403930345
0.817460317460318,0.149363757026411,0.173473106316793,0.0485504563776554,1.41888357791766
0.817559523809524,0.149351329818367,0.173463374109014,0.0485272346861009,1.41897310724555
0.81765873015873,0.149338903921019,0.173453640812909,0.048504024104232,1.41906262728887
0.817757936507936,0.149326479334111,0.173443906429418,0.0484808246268751,1.41915213804941
0.817857142857143,0.149314056057385,0.173434170959484,0.0484576362488582,1.41924163952894
0.817956349206349,0.149301634090585,0.173424434404048,0.0484344589650114,1.41933113172924
0.818055555555556,0.149289213433452,0.173414696764053,0.0484112927701662,1.41942061465207
0.818154761904762,0.149276794085731,0.17340495804044,0.0483881376591562,1.41951008829922
0.818253968253968,0.149264376047165,0.173395218234148,0.0483649936268166,1.41959955267246
0.818353174603175,0.149251959317496,0.173385477346119,0.0483418606679845,1.41968900777355
0.818452380952381,0.149239543896469,0.173375735377292,0.0483187387774986,1.41977845360428
0.818551587301587,0.149227129783826,0.173365992328607,0.0482956279501996,1.41986789016641
0.818650793650794,0.149214716979311,0.173356248201003,0.0482725281809298,1.41995731746171
0.81875,0.149202305482668,0.17334650299542,0.0482494394645333,1.42004673549196
0.818849206349206,0.14918989529364,0.173336756712795,0.0482263617958561,1.42013614425892
0.818948412698413,0.149177486411971,0.173327009354068,0.0482032951697459,1.42022554376436
0.819047619047619,0.149165078837404,0.173317260920175,0.0481802395810521,1.42031493401006
0.819146825396825,0.149152672569685,0.173307511412056,0.0481571950246259,1.42040431499779
0.819246031746032,0.149140267608556,0.173297760830646,0.0481341614953205,1.4204936867293
0.819345238095238,0.149127863953762,0.173288009176883,0.0481111389879905,1.42058304920637
0.819444444444444,0.149115461605047,0.173278256451703,0.0480881274974927,1.42067240243077
0.819543650793651,0.149103060562155,0.173268502656042,0.0480651270186852,1.42076174640426
0.819642857142857,0.149090660824831,0.173258747790836,0.0480421375464284,1.42085108112861
0.819742063492063,0.149078262392818,0.173248991857021,0.0480191590755841,1.42094040660558
0.81984126984127,0.149065865265862,0.173239234855531,0.0479961916010159,1.42102972283695
0.819940476190476,0.149053469443706,0.173229476787302,0.0479732351175895,1.42111902982447
0.820039682539682,0.149041074926096,0.173219717653268,0.0479502896201719,1.42120832756991
0.820138888888889,0.149028681712777,0.173209957454362,0.0479273551036322,1.42129761607504
0.820238095238095,0.149016289803492,0.173200196191519,0.0479044315628412,1.42138689534161
0.820337301587302,0.149003899197987,0.173190433865671,0.0478815189926716,1.42147616537139
0.820436507936508,0.148991509896007,0.173180670477753,0.0478586173879976,1.42156542616615
0.820535714285714,0.148979121897296,0.173170906028695,0.0478357267436954,1.42165467772764
0.820634920634921,0.148966735201601,0.173161140519432,0.0478128470546429,1.42174392005763
0.820734126984127,0.148954349808666,0.173151373950894,0.0477899783157198,1.42183315315788
0.820833333333333,0.148941965718236,0.173141606324013,0.0477671205218076,1.42192237703014
0.82093253968254,0.148929582930057,0.173131837639721,0.0477442736677894,1.42201159167619
0.821031746031746,0.148917201443874,0.173122067898947,0.0477214377485504,1.42210079709777
0.821130952380952,0.148904821259433,0.173112297102624,0.0476986127589773,1.42218999329665
0.821230158730159,0.14889244237648,0.173102525251681,0.0476757986939586,1.42227918027459
0.821329365079365,0.148880064794759,0.173092752347047,0.0476529955483848,1.42236835803335
0.821428571428571,0.148867688514017,0.173082978389652,0.047630203317148,1.42245752657467
0.821527777777778,0.148855313534,0.173073203380426,0.0476074219951421,1.42254668590033
0.821626984126984,0.148842939854453,0.173063427320297,0.0475846515772627,1.42263583601207
0.821726190476191,0.148830567475123,0.173053650210194,0.0475618920584073,1.42272497691166
0.821825396825397,0.148818196395755,0.173043872051044,0.0475391434334752,1.42281410860085
0.821924603174603,0.148805826616097,0.173034092843775,0.0475164056973674,1.42290323108139
0.822023809523809,0.148793458135893,0.173024312589315,0.0474936788449867,1.42299234435504
0.822123015873016,0.148781090954891,0.173014531288591,0.0474709628712376,1.42308144842355
0.822222222222222,0.148768725072836,0.173004748942529,0.0474482577710265,1.42317054328869
0.822321428571429,0.148756360489476,0.172994965552055,0.0474255635392615,1.42325962895219
0.822420634920635,0.148743997204557,0.172985181118096,0.0474028801708526,1.42334870541582
0.822519841269841,0.148731635217825,0.172975395641577,0.0473802076607113,1.42343777268133
0.822619047619048,0.148719274529027,0.172965609123423,0.0473575460037513,1.42352683075047
0.822718253968254,0.14870691513791,0.17295582156456,0.0473348951948876,1.42361587962499
0.82281746031746,0.148694557044222,0.172946032965911,0.0473122552290373,1.42370491930664
0.822916666666667,0.148682200247708,0.172936243328402,0.0472896261011193,1.42379394979717
0.823015873015873,0.148669844748116,0.172926452652955,0.0472670078060541,1.42388297109834
0.823115079365079,0.148657490545193,0.172916660940495,0.0472444003387639,1.42397198321189
0.823214285714286,0.148645137638687,0.172906868191943,0.047221803694173,1.42406098613957
0.823313492063492,0.148632786028344,0.172897074408225,0.0471992178672073,1.42414997988314
0.823412698412698,0.148620435713912,0.17288727959026,0.0471766428527944,1.42423896444433
0.823511904761905,0.148608086695139,0.172877483738973,0.0471540786458638,1.4243279398249
0.823611111111111,0.148595738971771,0.172867686855284,0.0471315252413466,1.42441690602659
0.823710317460317,0.148583392543557,0.172857888940115,0.0471089826341761,1.42450586305116
0.823809523809524,0.148571047410245,0.172848089994386,0.0470864508192868,1.42459481090034
0.82390873015873,0.148558703571581,0.172838290019019,0.0470639297916154,1.42468374957589
0.824007936507937,0.148546361027315,0.172828489014934,0.0470414195461002,1.42477267907954
0.824107142857143,0.148534019777194,0.172818686983051,0.0470189200776814,1.42486159941305
0.824206349206349,0.148521679820965,0.172808883924289,0.0469964313813008,1.42495051057816
0.824305555555556,0.148509341158377,0.172799079839568,0.0469739534519021,1.42503941257661
0.824404761904762,0.148497003789179,0.172789274729806,0.0469514862844308,1.42512830541014
0.824503968253968,0.148484667713118,0.172779468595923,0.0469290298738342,1.42521718908051
0.824603174603175,0.148472332929943,0.172769661438836,0.046906584215061,1.42530606358945
0.824702380952381,0.148459999439402,0.172759853259463,0.0468841493030623,1.4253949289387
0.824801587301587,0.148447667241244,0.172750044058722,0.0468617251327906,1.42548378513
0.824900793650794,0.148435336335218,0.172740233837529,0.0468393116992001,1.4255726321651
0.825,0.148423006721071,0.172730422596803,0.0468169089972471,1.42566147004574
0.825099206349206,0.148410678398554,0.172720610337458,0.0467945170218893,1.42575029877366
0.825198412698413,0.148398351367414,0.172710797060412,0.0467721357680866,1.42583911835059
0.825297619047619,0.1483860256274,0.17270098276658,0.0467497652308002,1.42592792877828
0.825396825396825,0.148373701178262,0.172691167456877,0.0467274054049936,1.42601673005847
0.825496031746032,0.148361378019749,0.172681351132219,0.0467050562856315,1.42610552219289
0.825595238095238,0.148349056151609,0.17267153379352,0.046682717867681,1.42619430518328
0.825694444444445,0.148336735573592,0.172661715441694,0.0466603901461104,1.42628307903137
0.825793650793651,0.148324416285448,0.172651896077655,0.0466380731158901,1.42637184373892
0.825892857142857,0.148312098286926,0.172642075702318,0.0466157667719923,1.42646059930764
0.825992063492063,0.148299781577774,0.172632254316595,0.0465934711093909,1.42654934573929
0.82609126984127,0.148287466157744,0.1726224319214,0.0465711861230615,1.42663808303558
0.826190476190476,0.148275152026584,0.172612608517644,0.0465489118079814,1.42672681119827
0.826289682539682,0.148262839184044,0.17260278410624,0.0465266481591302,1.42681553022907
0.826388888888889,0.148250527629874,0.172592958688101,0.0465043951714885,1.42690424012973
0.826488095238095,0.148238217363824,0.172583132264137,0.0464821528400394,1.42699294090199
0.826587301587302,0.148225908385643,0.172573304835259,0.0464599211597672,1.42708163254756
0.826686507936508,0.148213600695083,0.17256347640238,0.0464377001256584,1.4271703150682
0.826785714285714,0.148201294291892,0.172553646966408,0.0464154897327011,1.42725898846562
0.826884920634921,0.148188989175822,0.172543816528254,0.0463932899758851,1.42734765274155
0.826984126984127,0.148176685346622,0.172533985088828,0.0463711008502022,1.42743630789774
0.827083333333333,0.148164382804043,0.17252415264904,0.0463489223506457,1.42752495393591
0.82718253968254,0.148152081547836,0.172514319209798,0.0463267544722108,1.4276135908578
0.827281746031746,0.14813978157775,0.172504484772011,0.0463045972098947,1.42770221866512
0.827380952380952,0.148127482893536,0.172494649336587,0.046282450558696,1.42779083735961
0.827480158730159,0.148115185494946,0.172484812904435,0.0462603145136153,1.42787944694301
0.827579365079365,0.14810288938173,0.172474975476462,0.0462381890696549,1.42796804741703
0.827678571428571,0.148090594553638,0.172465137053576,0.046216074221819,1.4280566387834
0.827777777777778,0.148078301010422,0.172455297636683,0.0461939699651135,1.42814522104386
0.827876984126984,0.148066008751833,0.172445457226689,0.0461718762945459,1.42823379420013
0.82797619047619,0.148053717777622,0.172435615824503,0.0461497932051257,1.42832235825393
0.828075396825397,0.14804142808754,0.172425773431028,0.0461277206918642,1.428410913207
0.828174603174603,0.148029139681338,0.172415930047171,0.0461056587497744,1.42849945906105
0.82827380952381,0.148016852558767,0.172406085673837,0.0460836073738709,1.42858799581781
0.828373015873016,0.14800456671958,0.17239624031193,0.0460615665591705,1.42867652347901
0.828472222222222,0.147992282163527,0.172386393962356,0.0460395363006913,1.42876504204637
0.828571428571429,0.147979998890361,0.172376546626018,0.0460175165934536,1.42885355152162
0.828670634920635,0.147967716899832,0.172366698303821,0.045995507432479,1.42894205190647
0.828769841269841,0.147955436191692,0.172356848996667,0.0459735088127915,1.42903054320265
0.828869047619048,0.147943156765694,0.17234699870546,0.0459515207294163,1.42911902541189
0.828968253968254,0.14793087862159,0.172337147431102,0.0459295431773808,1.42920749853589
0.82906746031746,0.14791860175913,0.172327295174496,0.0459075761517138,1.4292959625764
0.829166666666667,0.147906326178068,0.172317441936544,0.0458856196474461,1.42938441753511
0.829265873015873,0.147894051878155,0.172307587718147,0.0458636736596104,1.42947286341377
0.829365079365079,0.147881778859144,0.172297732520207,0.0458417381832408,1.42956130021407
0.829464285714286,0.147869507120787,0.172287876343625,0.0458198132133737,1.42964972793775
0.829563492063492,0.147857236662837,0.172278019189302,0.0457978987450467,1.42973814658653
0.829662698412698,0.147844967485045,0.172268161058137,0.0457759947732996,1.42982655616212
0.829761904761905,0.147832699587165,0.172258301951031,0.0457541012931737,1.42991495666623
0.829861111111111,0.147820432968948,0.172248441868884,0.0457322182997124,1.43000334810059
0.829960317460318,0.147808167630149,0.172238580812593,0.0457103457879606,1.43009173046692
0.830059523809524,0.147795903570519,0.172228718783059,0.0456884837529651,1.43018010376692
0.83015873015873,0.147783640789812,0.17221885578118,0.0456666321897743,1.43026846800233
0.830257936507937,0.14777137928778,0.172208991807854,0.0456447910934386,1.43035682317484
0.830357142857143,0.147759119064176,0.172199126863979,0.0456229604590103,1.43044516928618
0.830456349206349,0.147746860118754,0.172189260950452,0.045601140281543,1.43053350633805
0.830555555555555,0.147734602451267,0.17217939406817,0.0455793305560924,1.43062183433219
0.830654761904762,0.147722346061468,0.17216952621803,0.045557531277716,1.43071015327029
0.830753968253968,0.147710090949111,0.172159657400929,0.0455357424414731,1.43079846315407
0.830853174603175,0.147697837113948,0.172149787617763,0.0455139640424245,1.43088676398525
0.830952380952381,0.147685584555734,0.172139916869427,0.045492196075633,1.43097505576553
0.831051587301587,0.147673333274221,0.172130045156817,0.0454704385361633,1.43106333849663
0.831150793650794,0.147661083269164,0.172120172480827,0.0454486914190815,1.43115161218026
0.83125,0.147648834540317,0.172110298842353,0.0454269547194558,1.43123987681812
0.831349206349206,0.147636587087433,0.172100424242288,0.0454052284323561,1.43132813241194
0.831448412698413,0.147624340910267,0.172090548681527,0.045383512552854,1.43141637896341
0.831547619047619,0.147612096008571,0.172080672160963,0.045361807076023,1.43150461647426
0.831646825396825,0.147599852382101,0.172070794681489,0.0453401119969382,1.43159284494618
0.831746031746032,0.14758761003061,0.172060916243999,0.0453184273106766,1.43168106438088
0.831845238095238,0.147575368953854,0.172051036849384,0.0452967530123171,1.43176927478008
0.831944444444444,0.147563129151585,0.172041156498537,0.0452750890969401,1.43185747614548
0.832043650793651,0.147550890623559,0.172031275192351,0.0452534355596279,1.43194566847879
0.832142857142857,0.147538653369529,0.172021392931715,0.0452317923954646,1.43203385178171
0.832242063492063,0.147526417389252,0.172011509717522,0.0452101595995362,1.43212202605595
0.83234126984127,0.14751418268248,0.172001625550662,0.0451885371669302,1.43221019130321
0.832440476190476,0.14750194924897,0.171991740432026,0.0451669250927361,1.43229834752521
0.832539682539683,0.147489717088475,0.171981854362504,0.045145323372045,1.43238649472364
0.832638888888889,0.147477486200751,0.171971967342985,0.0451237319999501,1.43247463290021
0.832738095238095,0.147465256585553,0.171962079374359,0.0451021509715459,1.43256276205662
0.832837301587302,0.147453028242635,0.171952190457515,0.0450805802819291,1.43265088219457
0.832936507936508,0.147440801171754,0.171942300593341,0.045059019926198,1.43273899331577
0.833035714285714,0.147428575372663,0.171932409782726,0.0450374698994526,1.43282709542192
0.833134920634921,0.147416350845119,0.171922518026558,0.0450159301967948,1.43291518851473
0.833234126984127,0.147404127588876,0.171912625325724,0.0449944008133283,1.43300327259588
0.833333333333333,0.147391905603691,0.171902731681112,0.0449728817441585,1.43309134766709
0.83343253968254,0.147379684889319,0.171892837093609,0.0449513729843925,1.43317941373005
0.833531746031746,0.147367465445515,0.171882941564101,0.0449298745291394,1.43326747078647
0.833630952380952,0.147355247272035,0.171873045093474,0.0449083863735099,1.43335551883803
0.833730158730159,0.147343030368635,0.171863147682614,0.0448869085126166,1.43344355788645
0.833829365079365,0.147330814735071,0.171853249332407,0.0448654409415737,1.43353158793342
0.833928571428571,0.147318600371099,0.171843350043738,0.0448439836554974,1.43361960898063
0.834027777777778,0.147306387276474,0.171833449817492,0.0448225366495054,1.43370762102979
0.834126984126984,0.147294175450954,0.171823548654553,0.0448010999187175,1.43379562408259
0.834226190476191,0.147281964894293,0.171813646555804,0.0447796734582551,1.43388361814073
0.834325396825397,0.147269755606249,0.171803743522131,0.0447582572632413,1.4339716032059
0.834424603174603,0.147257547586577,0.171793839554417,0.0447368513288011,1.4340595792798
0.834523809523809,0.147245340835035,0.171783934653543,0.0447154556500614,1.43414754636412
0.834623015873016,0.147233135351378,0.171774028820394,0.0446940702221505,1.43423550446056
0.834722222222222,0.147220931135364,0.171764122055851,0.0446726950401988,1.43432345357081
0.834821428571429,0.147208728186748,0.171754214360797,0.0446513300993384,1.43441139369657
0.834920634920635,0.147196526505289,0.171744305736113,0.0446299753947032,1.43449932483953
0.835019841269841,0.147184326090741,0.17173439618268,0.0446086309214288,1.43458724700138
0.835119047619048,0.147172126942864,0.171724485701379,0.0445872966746525,1.43467516018381
0.835218253968254,0.147159929061412,0.171714574293091,0.0445659726495137,1.43476306438852
0.83531746031746,0.147147732446145,0.171704661958697,0.0445446588411533,1.4348509596172
0.835416666666667,0.147135537096818,0.171694748699075,0.044523355244714,1.43493884587153
0.835515873015873,0.147123343013189,0.171684834515106,0.0445020618553403,1.4350267231532
0.835615079365079,0.147111150195015,0.171674919407668,0.0444807786681785,1.43511459146392
0.835714285714286,0.147098958642054,0.171665003377641,0.0444595056783768,1.43520245080536
0.835813492063492,0.147086768354063,0.171655086425903,0.044438242881085,1.43529030117921
0.835912698412698,0.1470745793308,0.171645168553332,0.0444169902714546,1.43537814258717
0.836011904761905,0.147062391572022,0.171635249760806,0.0443957478446392,1.43546597503092
0.836111111111111,0.147050205077487,0.171625330049202,0.0443745155957939,1.43555379851215
0.836210317460318,0.147038019846953,0.171615409419397,0.0443532935200757,1.43564161303254
0.836309523809524,0.147025835880179,0.171605487872269,0.0443320816126434,1.43572941859379
0.83640873015873,0.147013653176921,0.171595565408693,0.0443108798686574,1.43581721519757
0.836507936507937,0.147001471736937,0.171585642029545,0.04428968828328,1.43590500284557
0.836607142857143,0.146989291559987,0.171575717735701,0.0442685068516753,1.43599278153948
0.836706349206349,0.146977112645828,0.171565792528037,0.0442473355690093,1.43608055128098
0.836805555555556,0.146964934994219,0.171555866407427,0.0442261744304494,1.43616831207176
0.836904761904762,0.146952758604917,0.171545939374746,0.0442050234311652,1.4362560639135
0.837003968253968,0.146940583477682,0.171536011430868,0.0441838825663277,1.43634380680788
0.837103174603175,0.146928409612271,0.171526082576667,0.0441627518311101,1.43643154075659
0.837202380952381,0.146916237008444,0.171516152813017,0.0441416312206869,1.4365192657613
0.837301587301587,0.14690406566596,0.171506222140791,0.0441205207302348,1.4366069818237
0.837400793650794,0.146891895584576,0.171496290560861,0.0440994203549319,1.43669468894548
0.8375,0.146879726764052,0.171486358074101,0.0440783300899586,1.4367823871283
0.837599206349206,0.146867559204147,0.171476424681382,0.0440572499304964,1.43687007637385
0.837698412698413,0.146855392904619,0.171466490383576,0.0440361798717291,1.43695775668382
0.837797619047619,0.146843227865229,0.171456555181554,0.0440151199088421,1.43704542805987
0.837896825396825,0.146831064085735,0.171446619076188,0.0439940700370226,1.43713309050369
0.837996031746032,0.146818901565896,0.171436682068349,0.0439730302514595,1.43722074401696
0.838095238095238,0.146806740305472,0.171426744158906,0.0439520005473435,1.43730838860135
0.838194444444444,0.146794580304221,0.17141680534873,0.0439309809198672,1.43739602425855
0.838293650793651,0.146782421561905,0.17140686563869,0.0439099713642249,1.43748365099022
0.838392857142857,0.146770264078282,0.171396925029656,0.0438889718756127,1.43757126879805
0.838492063492064,0.146758107853111,0.171386983522497,0.0438679824492283,1.43765887768371
0.83859126984127,0.146745952886154,0.171377041118082,0.0438470030802715,1.43774647764888
0.838690476190476,0.146733799177169,0.171367097817278,0.0438260337639435,1.43783406869523
0.838789682539682,0.146721646725916,0.171357153620953,0.0438050744954477,1.43792165082443
0.838888888888889,0.146709495532156,0.171347208529976,0.0437841252699889,1.43800922403816
0.838988095238095,0.146697345595648,0.171337262545213,0.043763186082774,1.4380967883381
0.839087301587302,0.146685196916153,0.171327315667531,0.0437422569290113,1.43818434372591
0.839186507936508,0.14667304949343,0.171317367897797,0.0437213378039112,1.43827189020327
0.839285714285714,0.146660903327241,0.171307419236877,0.0437004287026857,1.43835942777186
0.839384920634921,0.146648758417346,0.171297469685637,0.0436795296205488,1.43844695643333
0.839484126984127,0.146636614763504,0.171287519244941,0.043658640552716,1.43853447618937
0.839583333333333,0.146624472365477,0.171277567915657,0.0436377614944047,1.43862198704164
0.83968253968254,0.146612331223026,0.171267615698647,0.0436168924408342,1.43870948899182
0.839781746031746,0.14660019133591,0.171257662594776,0.0435960333872252,1.43879698204157
0.839880952380952,0.146588052703891,0.171247708604909,0.0435751843288007,1.43888446619256
0.839980158730159,0.14657591532673,0.171237753729909,0.043554345260785,1.43897194144647
0.840079365079365,0.146563779204188,0.17122779797064,0.0435335161784046,1.43905940780496
0.840178571428571,0.146551644336025,0.171217841327965,0.0435126970768874,1.43914686526969
0.840277777777778,0.146539510722003,0.171207883802745,0.0434918879514633,1.43923431384234
0.840376984126984,0.146527378361883,0.171197925395844,0.0434710887973638,1.43932175352458
0.84047619047619,0.146515247255426,0.171187966108123,0.0434502996098226,1.43940918431806
0.840575396825397,0.146503117402394,0.171178005940445,0.0434295203840745,1.43949660622446
0.840674603174603,0.146490988802549,0.17116804489367,0.0434087511153567,1.43958401924543
0.84077380952381,0.146478861455651,0.171158082968658,0.0433879917989079,1.43967142338265
0.840873015873016,0.146466735361462,0.171148120166272,0.0433672424299685,1.43975881863779
0.840972222222222,0.146454610519744,0.17113815648737,0.0433465030037808,1.43984620501249
0.841071428571429,0.146442486930259,0.171128191932813,0.043325773515589,1.43993358250843
0.841170634920635,0.146430364592768,0.17111822650346,0.0433050539606388,1.44002095112727
0.841269841269841,0.146418243507034,0.171108260200171,0.0432843443341779,1.44010831087068
0.841369047619048,0.146406123672819,0.171098293023804,0.0432636446314556,1.4401956617403
0.841468253968254,0.146394005089884,0.171088324975217,0.0432429548477232,1.44028300373782
0.84156746031746,0.146381887757992,0.171078356055268,0.0432222749782335,1.44037033686488
0.841666666666667,0.146369771676905,0.171068386264817,0.0432016050182413,1.44045766112315
0.841765873015873,0.146357656846385,0.171058415604718,0.0431809449630032,1.44054497651429
0.841865079365079,0.146345543266196,0.171048444075831,0.0431602948077773,1.44063228303995
0.841964285714286,0.146333430936098,0.17103847167901,0.0431396545478237,1.4407195807018
0.842063492063492,0.146321319855856,0.171028498415114,0.0431190241784043,1.4408068695015
0.842162698412699,0.146309210025231,0.171018524284997,0.0430984036947827,1.4408941494407
0.842261904761905,0.146297101443987,0.171008549289515,0.0430777930922243,1.44098142052107
0.842361111111111,0.146284994111886,0.170998573429524,0.0430571923659963,1.44106868274425
0.842460317460317,0.14627288802869,0.170988596705878,0.0430366015113675,1.44115593611191
0.842559523809524,0.146260783194164,0.170978619119433,0.0430160205236087,1.4412431806257
0.84265873015873,0.14624867960807,0.170968640671041,0.0429954493979924,1.44133041628728
0.842757936507937,0.146236577270171,0.170958661361558,0.0429748881297929,1.4414176430983
0.842857142857143,0.146224476180231,0.170948681191836,0.0429543367142863,1.44150486106042
0.842956349206349,0.146212376338013,0.170938700162729,0.0429337951467504,1.4415920701753
0.843055555555556,0.146200277743279,0.170928718275089,0.0429132634224647,1.44167927044458
0.843154761904762,0.146188180395795,0.170918735529769,0.0428927415367107,1.44176646186992
0.843253968253968,0.146176084295322,0.170908751927621,0.0428722294847715,1.44185364445297
0.843353174603175,0.146163989441626,0.170898767469497,0.0428517272619321,1.44194081819539
0.843452380952381,0.146151895834469,0.170888782156249,0.0428312348634793,1.44202798309883
0.843551587301587,0.146139803473615,0.170878795988726,0.0428107522847014,1.44211513916494
0.843650793650794,0.146127712358829,0.17086880896778,0.0427902795208887,1.44220228639537
0.84375,0.146115622489874,0.170858821094262,0.0427698165673334,1.44228942479177
0.843849206349206,0.146103533866514,0.170848832369021,0.0427493634193293,1.4423765543558
0.843948412698413,0.146091446488513,0.170838842792907,0.0427289200721718,1.44246367508909
0.844047619047619,0.146079360355636,0.170828852366769,0.0427084865211585,1.4425507869933
0.844146825396825,0.146067275467647,0.170818861091456,0.0426880627615886,1.44263789007009
0.844246031746032,0.14605519182431,0.170808868967816,0.0426676487887628,1.44272498432109
0.844345238095238,0.14604310942539,0.170798875996699,0.0426472445979841,1.44281206974796
0.844444444444444,0.146031028270651,0.170788882178951,0.0426268501845567,1.44289914635234
0.844543650793651,0.146018948359857,0.170778887515421,0.0426064655437871,1.44298621413588
0.844642857142857,0.146006869692774,0.170768892006955,0.0425860906709832,1.44307327310022
0.844742063492063,0.145994792269167,0.1707588956544,0.042565725561455,1.44316032324702
0.84484126984127,0.145982716088799,0.170748898458603,0.0425453702105139,1.44324736457791
0.844940476190476,0.145970641151436,0.17073890042041,0.0425250246134734,1.44333439709455
0.845039682539683,0.145958567456844,0.170728901540667,0.0425046887656486,1.44342142079857
0.845138888888889,0.145946495004786,0.170718901820218,0.0424843626623565,1.44350843569162
0.845238095238095,0.145934423795029,0.17070890125991,0.0424640462989158,1.44359544177535
0.845337301587301,0.145922353827337,0.170698899860586,0.042443739670647,1.44368243905139
0.845436507936508,0.145910285101476,0.170688897623092,0.0424234427728722,1.44376942752139
0.845535714285714,0.145898217617212,0.170678894548271,0.0424031556009157,1.443856407187
0.845634920634921,0.145886151374309,0.170668890636967,0.0423828781501032,1.44394337804985
0.845734126984127,0.145874086372533,0.170658885890023,0.0423626104157623,1.44403034011158
0.845833333333333,0.145862022611651,0.170648880308282,0.0423423523932224,1.44411729337383
0.84593253968254,0.145849960091427,0.170638873892587,0.0423221040778146,1.44420423783826
0.846031746031746,0.145837898811627,0.170628866643779,0.0423018654648719,1.44429117350648
0.846130952380952,0.145825838772018,0.170618858562702,0.0422816365497289,1.44437810038015
0.846230158730159,0.145813779972366,0.170608849650196,0.0422614173277223,1.44446501846091
0.846329365079365,0.145801722412436,0.170598839907103,0.0422412077941902,1.44455192775038
0.846428571428571,0.145789666091994,0.170588829334263,0.0422210079444726,1.44463882825022
0.846527777777778,0.145777611010808,0.170578817932517,0.0422008177739115,1.44472571996205
0.846626984126984,0.145765557168642,0.170568805702704,0.0421806372778503,1.44481260288751
0.84672619047619,0.145753504565264,0.170558792645666,0.0421604664516345,1.44489947702824
0.846825396825397,0.14574145320044,0.170548778762242,0.0421403052906112,1.44498634238588
0.846924603174603,0.145729403073937,0.170538764053269,0.0421201537901294,1.44507319896206
0.84702380952381,0.145717354185521,0.170528748519588,0.0421000119455397,1.44516004675841
0.847123015873016,0.145705306534958,0.170518732162036,0.0420798797521946,1.44524688577657
0.847222222222222,0.145693260122017,0.170508714981451,0.0420597572054485,1.44533371601818
0.847321428571429,0.145681214946462,0.170498696978672,0.0420396443006573,1.44542053748486
0.847420634920635,0.145669171008063,0.170488678154536,0.0420195410331788,1.44550735017826
0.847519841269841,0.145657128306584,0.170478658509878,0.0419994473983727,1.4455941541
0.847619047619048,0.145645086841795,0.170468638045537,0.0419793633916003,1.44568094925171
0.847718253968254,0.145633046613461,0.170458616762349,0.0419592890082248,1.44576773563503
0.84781746031746,0.14562100762135,0.170448594661148,0.0419392242436111,1.44585451325159
0.847916666666667,0.14560896986523,0.170438571742772,0.0419191690931259,1.44594128210301
0.848015873015873,0.145596933344867,0.170428548008055,0.0418991235521376,1.44602804219094
0.848115079365079,0.14558489806003,0.170418523457831,0.0418790876160166,1.44611479351699
0.848214285714286,0.145572864010486,0.170408498092936,0.0418590612801349,1.4462015360828
0.848313492063492,0.145560831196002,0.170398471914204,0.0418390445398662,1.44628826988999
0.848412698412698,0.145548799616347,0.170388444922468,0.0418190373905862,1.4463749949402
0.848511904761905,0.145536769271289,0.170378417118562,0.0417990398276723,1.44646171123506
0.848611111111111,0.145524740160594,0.170368388503319,0.0417790518465036,1.44654841877618
0.848710317460318,0.145512712284031,0.170358359077572,0.0417590734424609,1.4466351175652
0.848809523809524,0.145500685641369,0.170348328842153,0.0417391046109271,1.44672180760374
0.84890873015873,0.145488660232375,0.170338297797894,0.0417191453472866,1.44680848889343
0.849007936507936,0.145476636056818,0.170328265945627,0.0416991956469256,1.44689516143589
0.849107142857143,0.145464613114466,0.170318233286183,0.0416792555052322,1.44698182523275
0.849206349206349,0.145452591405087,0.170308199820394,0.0416593249175962,1.44706848028564
0.849305555555556,0.14544057092845,0.170298165549089,0.0416394038794091,1.44715512659617
0.849404761904762,0.145428551684324,0.1702881304731,0.0416194923860645,1.44724176416598
0.849503968253968,0.145416533672476,0.170278094593256,0.0415995904329572,1.44732839299668
0.849603174603175,0.145404516892677,0.170268057910386,0.0415796980154844,1.44741501308989
0.849702380952381,0.145392501344694,0.170258020425321,0.0415598151290447,1.44750162444724
0.849801587301587,0.145380487028296,0.170247982138888,0.0415399417690386,1.44758822707036
0.849900793650794,0.145368473943253,0.170237943051917,0.0415200779308683,1.44767482096085
0.85,0.145356462089334,0.170227903165235,0.0415002236099378,1.44776140612034
0.850099206349206,0.145344451466307,0.170217862479671,0.0414803788016531,1.44784798255046
0.850198412698413,0.145332442073942,0.170207820996051,0.0414605435014215,1.44793455025282
0.850297619047619,0.145320433912008,0.170197778715204,0.0414407177046526,1.44802110922904
0.850396825396825,0.145308426980275,0.170187735637955,0.0414209014067574,1.44810765948074
0.850496031746032,0.145296421278512,0.170177691765131,0.0414010946031489,1.44819420100954
0.850595238095238,0.145284416806488,0.170167647097559,0.0413812972892417,1.44828073381705
0.850694444444444,0.145272413563974,0.170157601636064,0.0413615094604524,1.44836725790489
0.850793650793651,0.145260411550738,0.170147555381471,0.0413417311121992,1.44845377327469
0.850892857142857,0.145248410766551,0.170137508334605,0.0413219622399021,1.44854027992805
0.850992063492063,0.145236411211183,0.170127460496292,0.0413022028389828,1.44862677786659
0.85109126984127,0.145224412884403,0.170117411867355,0.0412824529048651,1.44871326709193
0.851190476190476,0.145212415785981,0.170107362448618,0.0412627124329742,1.44879974760569
0.851289682539682,0.145200419915688,0.170097312240905,0.0412429814187373,1.44888621940947
0.851388888888889,0.145188425273294,0.17008726124504,0.0412232598575833,1.44897268250489
0.851488095238095,0.145176431858569,0.170077209461844,0.0412035477449429,1.44905913689356
0.851587301587302,0.145164439671283,0.170067156892141,0.0411838450762486,1.4491455825771
0.851686507936508,0.145152448711207,0.170057103536753,0.0411641518469345,1.44923201955712
0.851785714285714,0.145140458978111,0.170047049396502,0.0411444680524368,1.44931844783523
0.851884920634921,0.145128470471767,0.170036994472209,0.0411247936881932,1.44940486741305
0.851984126984127,0.145116483191943,0.170026938764695,0.0411051287496434,1.44949127829218
0.852083333333333,0.145104497138412,0.170016882274781,0.0410854732322285,1.44957768047424
0.85218253968254,0.145092512310945,0.170006825003288,0.0410658271313919,1.44966407396083
0.852281746031746,0.145080528709311,0.169996766951036,0.0410461904425784,1.44975045875356
0.852380952380952,0.145068546333282,0.169986708118844,0.0410265631612347,1.44983683485405
0.852480158730159,0.14505656518263,0.169976648507532,0.0410069452828092,1.4499232022639
0.852579365079365,0.145044585257124,0.169966588117919,0.0409873368027523,1.45000956098473
0.852678571428571,0.145032606556537,0.169956526950823,0.0409677377165158,1.45009591101813
0.852777777777778,0.14502062908064,0.169946465007064,0.0409481480195537,1.45018225236572
0.852876984126984,0.145008652829205,0.169936402287458,0.0409285677073215,1.4502685850291
0.852976190476191,0.144996677802002,0.169926338792824,0.0409089967752765,1.45035490900988
0.853075396825397,0.144984703998803,0.169916274523978,0.0408894352188779,1.45044122430966
0.853174603174603,0.14497273141938,0.169906209481738,0.0408698830335866,1.45052753093006
0.853273809523809,0.144960760063505,0.169896143666921,0.0408503402148652,1.45061382887267
0.853373015873016,0.144948789930949,0.169886077080342,0.0408308067581783,1.4507001181391
0.853472222222222,0.144936821021484,0.169876009722817,0.0408112826589921,1.45078639873096
0.853571428571429,0.144924853334883,0.169865941595163,0.0407917679127745,1.45087267064984
0.853670634920635,0.144912886870917,0.169855872698193,0.0407722625149954,1.45095893389736
0.853769841269841,0.144900921629358,0.169845803032723,0.0407527664611264,1.4510451884751
0.853869047619048,0.14488895760998,0.169835732599568,0.0407332797466408,1.45113143438468
0.853968253968254,0.144876994812553,0.169825661399541,0.0407138023670137,1.4512176716277
0.85406746031746,0.14486503323685,0.169815589433457,0.040694334317722,1.45130390020576
0.854166666666667,0.144853072882644,0.169805516702128,0.0406748755942445,1.45139012012045
0.854265873015873,0.144841113749707,0.169795443206368,0.0406554261920615,1.45147633137338
0.854365079365079,0.144829155837813,0.16978536894699,0.0406359861066553,1.45156253396615
0.854464285714286,0.144817199146733,0.169775293924805,0.04061655533351,1.45164872790036
0.854563492063492,0.14480524367624,0.169765218140626,0.0405971338681113,1.4517349131776
0.854662698412698,0.144793289426107,0.169755141595264,0.0405777217059467,1.45182108979948
0.854761904761905,0.144781336396108,0.169745064289531,0.0405583188425057,1.45190725776759
0.854861111111111,0.144769384586014,0.169734986224238,0.0405389252732793,1.45199341708353
0.854960317460317,0.1447574339956,0.169724907400195,0.0405195409937606,1.45207956774889
0.855059523809524,0.144745484624639,0.169714827818213,0.040500165999444,1.45216570976528
0.85515873015873,0.144733536472903,0.169704747479101,0.0404808002858261,1.45225184313429
0.855257936507937,0.144721589540166,0.16969466638367,0.0404614438484051,1.45233796785751
0.855357142857143,0.144709643826201,0.169684584532727,0.0404420966826811,1.45242408393654
0.855456349206349,0.144697699330782,0.169674501927083,0.0404227587841558,1.45251019137297
0.855555555555556,0.144685756053683,0.169664418567545,0.0404034301483328,1.4525962901684
0.855654761904762,0.144673813994678,0.169654334454921,0.0403841107707174,1.45268238032442
0.855753968253968,0.144661873153539,0.16964424959002,0.0403648006468168,1.45276846184262
0.855853174603175,0.14464993353004,0.169634163973649,0.0403454997721398,1.4528545347246
0.855952380952381,0.144637995123957,0.169624077606615,0.0403262081421971,1.45294059897195
0.856051587301587,0.144626057935062,0.169613990489725,0.0403069257525012,1.45302665458625
0.856150793650794,0.14461412196313,0.169603902623785,0.0402876525985663,1.45311270156911
0.85625,0.144602187207934,0.169593814009601,0.0402683886759085,1.45319873992211
0.856349206349206,0.14459025366925,0.169583724647978,0.0402491339800454,1.45328476964684
0.856448412698413,0.144578321346851,0.169573634539723,0.0402298885064967,1.45337079074489
0.856547619047619,0.144566390240512,0.16956354368564,0.0402106522507836,1.45345680321786
0.856646825396825,0.144554460350007,0.169553452086533,0.0401914252084295,1.45354280706732
0.856746031746032,0.144542531675111,0.169543359743208,0.040172207374959,1.45362880229487
0.856845238095238,0.144530604215598,0.169533266656467,0.0401529987458989,1.45371478890209
0.856944444444445,0.144518677971244,0.169523172827115,0.0401337993167776,1.45380076689058
0.857043650793651,0.144506752941822,0.169513078255954,0.0401146090831254,1.45388673626192
0.857142857142857,0.144494829127108,0.169502982943788,0.0400954280404743,1.45397269701769
0.857242063492063,0.144482906526877,0.169492886891419,0.040076256184358,1.45405864915948
0.85734126984127,0.144470985140904,0.169482790099649,0.0400570935103121,1.45414459268888
0.857440476190476,0.144459064968964,0.16947269256928,0.0400379400138739,1.45423052760747
0.857539682539682,0.144447146010831,0.169462594301114,0.0400187956905827,1.45431645391684
0.857638888888889,0.144435228266283,0.169452495295951,0.0399996605359791,1.45440237161857
0.857738095238095,0.144423311735093,0.169442395554593,0.0399805345456061,1.45448828071424
0.857837301587302,0.144411396417037,0.169432295077839,0.0399614177150078,1.45457418120544
0.857936507936508,0.144399482311891,0.16942219386649,0.0399423100397306,1.45466007309375
0.858035714285714,0.14438756941943,0.169412091921345,0.0399232115153226,1.45474595638075
0.858134920634921,0.14437565773943,0.169401989243205,0.0399041221373334,1.45483183106802
0.858234126984127,0.144363747271667,0.169391885832867,0.0398850419013146,1.45491769715715
0.858333333333333,0.144351838015917,0.16938178169113,0.0398659708028196,1.45500355464971
0.85843253968254,0.144339929971955,0.169371676818793,0.0398469088374034,1.45508940354728
0.858531746031746,0.144328023139557,0.169361571216654,0.039827856000623,1.45517524385145
0.858630952380952,0.144316117518501,0.16935146488551,0.0398088122880371,1.4552610755638
0.858730158730159,0.144304213108561,0.169341357826159,0.039789777695206,1.45534689868589
0.858829365079365,0.144292309909514,0.169331250039397,0.039770752217692,1.45543271321932
0.858928571428571,0.144280407921136,0.169321141526021,0.039751735851059,1.45551851916565
0.859027777777778,0.144268507143205,0.169311032286827,0.039732728590873,1.45560431652647
0.859126984126984,0.144256607575495,0.169300922322611,0.0397137304327013,1.45569010530336
0.85922619047619,0.144244709217785,0.169290811634168,0.0396947413721134,1.45577588549788
0.859325396825397,0.14423281206985,0.169280700222294,0.0396757614046804,1.45586165711161
0.859424603174603,0.144220916131467,0.169270588087784,0.0396567905259751,1.45594742014614
0.85952380952381,0.144209021402413,0.16926047523143,0.0396378287315722,1.45603317460303
0.859623015873016,0.144197127882465,0.169250361654029,0.0396188760170481,1.45611892048386
0.859722222222222,0.144185235571401,0.169240247356373,0.0395999323779811,1.4562046577902
0.859821428571429,0.144173344468996,0.169230132339256,0.0395809978099512,1.45629038652363
0.859920634920635,0.144161454575028,0.169220016603471,0.03956207230854,1.45637610668572
0.860019841269841,0.144149565889275,0.169209900149811,0.0395431558693312,1.45646181827805
0.860119047619048,0.144137678411513,0.169199782979067,0.0395242484879102,1.45654752130217
0.860218253968254,0.144125792141521,0.169189665092033,0.039505350159864,1.45663321575967
0.86031746031746,0.144113907079074,0.169179546489498,0.0394864608807814,1.45671890165212
0.860416666666667,0.144102023223952,0.169169427172256,0.0394675806462532,1.45680457898109
0.860515873015873,0.144090140575932,0.169159307141096,0.0394487094518718,1.45689024774815
0.860615079365079,0.144078259134791,0.169149186396809,0.0394298472932314,1.45697590795486
0.860714285714286,0.144066378900307,0.169139064940185,0.039410994165928,1.4570615596028
0.860813492063492,0.144054499872258,0.169128942772015,0.0393921500655593,1.45714720269353
0.860912698412698,0.144042622050422,0.169118819893088,0.039373314987725,1.45723283722863
0.861011904761905,0.144030745434577,0.169108696304192,0.0393544889280263,1.45731846320966
0.861111111111111,0.144018870024501,0.169098572006117,0.0393356718820663,1.45740408063818
0.861210317460318,0.144006995819973,0.169088446999651,0.0393168638454499,1.45748968951578
0.861309523809524,0.14399512282077,0.169078321285582,0.0392980648137839,1.457575289844
0.86140873015873,0.143983251026671,0.169068194864698,0.0392792747826765,1.45766088162442
0.861507936507937,0.143971380437454,0.169058067737787,0.039260493747738,1.45774646485861
0.861607142857143,0.143959511052899,0.169047939905635,0.0392417217045804,1.45783203954812
0.861706349206349,0.143947642872782,0.169037811369029,0.0392229586488175,1.45791760569453
0.861805555555555,0.143935775896884,0.169027682128755,0.0392042045760649,1.45800316329939
0.861904761904762,0.143923910124983,0.1690175521856,0.0391854594819397,1.45808871236427
0.862003968253968,0.143912045556857,0.169007421540348,0.0391667233620612,1.45817425289074
0.862103174603175,0.143900182192286,0.168997290193786,0.0391479962120502,1.45825978488035
0.862202380952381,0.143888320031049,0.168987158146698,0.0391292780275294,1.45834530833466
0.862301587301587,0.143876459072925,0.168977025399869,0.0391105688041231,1.45843082325525
0.862400793650794,0.143864599317692,0.168966891954083,0.0390918685374577,1.45851632964366
0.8625,0.143852740765131,0.168956757810124,0.039073177223161,1.45860182750147
0.862599206349206,0.14384088341502,0.168946622968775,0.039054494856863,1.45868731683023
0.862698412698413,0.143829027267138,0.16893648743082,0.0390358214341949,1.45877279763149
0.862797619047619,0.143817172321267,0.168926351197041,0.0390171569507904,1.45885826990683
0.862896825396825,0.143805318577184,0.168916214268221,0.0389985014022843,1.4589437336578
0.862996031746032,0.143793466034669,0.168906076645142,0.0389798547843135,1.45902918888595
0.863095238095238,0.143781614693503,0.168895938328585,0.0389612170925169,1.45911463559284
0.863194444444444,0.143769764553465,0.168885799319333,0.0389425883225347,1.45920007378004
0.863293650793651,0.143757915614335,0.168875659618166,0.0389239684700091,1.4592855034491
0.863392857142857,0.143746067875893,0.168865519225865,0.0389053575305841,1.45937092460157
0.863492063492063,0.143734221337919,0.16885537814321,0.0388867554999056,1.45945633723901
0.86359126984127,0.143722376000193,0.168845236370981,0.038868162373621,1.45954174136298
0.863690476190476,0.143710531862496,0.168835093909958,0.0388495781473797,1.45962713697502
0.863789682539683,0.143698688924607,0.168824950760921,0.0388310028168327,1.45971252407671
0.863888888888889,0.143686847186307,0.168814806924647,0.038812436377633,1.45979790266958
0.863988095238095,0.143675006647377,0.168804662401917,0.0387938788254351,1.45988327275519
0.864087301587302,0.143663167307596,0.168794517193507,0.0387753301558955,1.45996863433511
0.864186507936508,0.143651329166746,0.168784371300196,0.0387567903646723,1.46005398741086
0.864285714285714,0.143639492224608,0.168774224722762,0.0387382594474257,1.46013933198402
0.864384920634921,0.143627656480961,0.168764077461981,0.0387197373998173,1.46022466805613
0.864484126984127,0.143615821935588,0.168753929518631,0.0387012242175106,1.46030999562875
0.864583333333333,0.143603988588268,0.168743780893488,0.038682719896171,1.46039531470342
0.86468253968254,0.143592156438784,0.168733631587328,0.0386642244314656,1.46048062528169
0.864781746031746,0.143580325486915,0.168723481600926,0.0386457378190632,1.46056592736511
0.864880952380952,0.143568495732444,0.168713330935059,0.0386272600546345,1.46065122095524
0.864980158730159,0.143556667175151,0.168703179590502,0.0386087911338519,1.46073650605362
0.865079365079365,0.143544839814817,0.168693027568028,0.0385903310523895,1.46082178266179
0.865178571428571,0.143533013651226,0.168682874868413,0.0385718798059235,1.46090705078132
0.865277777777778,0.143521188684156,0.168672721492431,0.0385534373901314,1.46099231041374
0.865376984126984,0.143509364913391,0.168662567440855,0.0385350038006929,1.4610775615606
0.865476190476191,0.143497542338713,0.168652412714458,0.0385165790332893,1.46116280422345
0.865575396825397,0.143485720959901,0.168642257314013,0.0384981630836036,1.46124803840383
0.865674603174603,0.14347390077674,0.168632101240294,0.0384797559473207,1.46133326410329
0.865773809523809,0.14346208178901,0.168621944494073,0.0384613576201273,1.46141848132337
0.865873015873016,0.143450263996493,0.16861178707612,0.0384429680977117,1.46150369006562
0.865972222222222,0.143438447398972,0.168601628987208,0.0384245873757642,1.46158889033159
0.866071428571429,0.143426631996229,0.168591470228109,0.0384062154499768,1.46167408212281
0.866170634920635,0.143414817788045,0.168581310799592,0.0383878523160432,1.46175926544082
0.866269841269841,0.143403004774204,0.168571150702429,0.0383694979696588,1.46184444028718
0.866369047619048,0.143391192954487,0.168560989937389,0.0383511524065211,1.46192960666343
0.866468253968254,0.143379382328678,0.168550828505243,0.0383328156223291,1.46201476457109
0.86656746031746,0.143367572896558,0.16854066640676,0.0383144876127836,1.46209991401173
0.866666666666667,0.143355764657911,0.168530503642708,0.0382961683735874,1.46218505498686
0.866765873015873,0.143343957612518,0.168520340213857,0.0382778579004448,1.46227018749805
0.866865079365079,0.143332151760164,0.168510176120976,0.038259556189062,1.46235531154682
0.866964285714286,0.14332034710063,0.168500011364831,0.0382412632351469,1.46244042713472
0.867063492063492,0.143308543633699,0.168489845946192,0.0382229790344095,1.46252553426328
0.867162698412698,0.143296741359156,0.168479679865824,0.038204703582561,1.46261063293404
0.867261904761905,0.143284940276782,0.168469513124496,0.0381864368753149,1.46269572314855
0.867361111111111,0.143273140386362,0.168459345722974,0.0381681789083862,1.46278080490833
0.867460317460318,0.143261341687677,0.168449177662023,0.0381499296774919,1.46286587821492
0.867559523809524,0.143249544180513,0.168439008942411,0.0381316891783504,1.46295094306987
0.86765873015873,0.143237747864651,0.168428839564902,0.0381134574066824,1.4630359994747
0.867757936507937,0.143225952739877,0.168418669530263,0.0380952343582098,1.46312104743095
0.867857142857143,0.143214158805972,0.168408498839257,0.0380770200286567,1.46320608694016
0.867956349206349,0.143202366062721,0.168398327492649,0.0380588144137489,1.46329111800386
0.868055555555556,0.143190574509909,0.168388155491204,0.0380406175092138,1.46337614062359
0.868154761904762,0.143178784147317,0.168377982835685,0.0380224293107808,1.46346115480087
0.868253968253968,0.143166994974732,0.168367809526855,0.0380042498141809,1.46354616053725
0.868353174603175,0.143155206991936,0.168357635565479,0.037986079015147,1.46363115783425
0.868452380952381,0.143143420198713,0.168347460952318,0.0379679169094138,1.4637161466934
0.868551587301587,0.143131634594848,0.168337285688136,0.0379497634927176,1.46380112711624
0.868650793650794,0.143119850180126,0.168327109773693,0.0379316187607965,1.4638860991043
0.86875,0.14310806695433,0.168316933209753,0.0379134827093907,1.46397106265911
0.868849206349206,0.143096284917244,0.168306755997075,0.0378953553342418,1.4640560177822
0.868948412698413,0.143084504068654,0.168296578136422,0.0378772366310933,1.4641409644751
0.869047619047619,0.143072724408344,0.168286399628554,0.0378591265956906,1.46422590273934
0.869146825396825,0.143060945936098,0.168276220474231,0.0378410252237807,1.46431083257644
0.869246031746032,0.143049168651702,0.168266040674213,0.0378229325111124,1.46439575398794
0.869345238095238,0.14303739255494,0.16825586022926,0.0378048484534364,1.46448066697536
0.869444444444444,0.143025617645596,0.168245679140131,0.0377867730465052,1.46456557154023
0.869543650793651,0.143013843923457,0.168235497407585,0.0377687062860727,1.46465046768408
0.869642857142857,0.143002071388307,0.168225315032381,0.0377506481678952,1.46473535540843
0.869742063492064,0.142990300039931,0.168215132015276,0.0377325986877302,1.46482023471481
0.86984126984127,0.142978529878114,0.168204948357029,0.0377145578413373,1.46490510560474
0.869940476190476,0.142966760902643,0.168194764058397,0.0376965256244778,1.46498996807976
0.870039682539682,0.142954993113301,0.168184579120137,0.0376785020329148,1.46507482214137
0.870138888888889,0.142943226509875,0.168174393543006,0.037660487062413,1.46515966779112
0.870238095238095,0.14293146109215,0.16816420732776,0.0376424807087392,1.46524450503051
0.870337301587302,0.142919696859912,0.168154020475156,0.0376244829676617,1.46532933386108
0.870436507936508,0.142907933812946,0.168143832985949,0.0376064938349507,1.46541415428435
0.870535714285714,0.142896171951039,0.168133644860895,0.0375885133063782,1.46549896630184
0.870634920634921,0.142884411273976,0.168123456100748,0.0375705413777179,1.46558376991506
0.870734126984127,0.142872651781543,0.168113266706264,0.0375525780447453,1.46566856512555
0.870833333333333,0.142860893473526,0.168103076678197,0.0375346233032377,1.46575335193482
0.87093253968254,0.142849136349711,0.1680928860173,0.0375166771489742,1.46583813034439
0.871031746031746,0.142837380409885,0.168082694724327,0.0374987395777356,1.46592290035578
0.871130952380952,0.142825625653833,0.168072502800032,0.0374808105853045,1.46600766197051
0.871230158730159,0.142813872081343,0.168062310245168,0.0374628901674654,1.46609241519011
0.871329365079365,0.1428021196922,0.168052117060487,0.0374449783200044,1.46617716001608
0.871428571428571,0.142790368486192,0.168041923246741,0.0374270750387094,1.46626189644994
0.871527777777778,0.142778618463103,0.168031728804682,0.0374091803193703,1.46634662449322
0.871626984126984,0.142766869622723,0.168021533735062,0.0373912941577785,1.46643134414743
0.87172619047619,0.142755121964836,0.168011338038632,0.0373734165497273,1.46651605541408
0.871825396825397,0.14274337548923,0.168001141716142,0.0373555474910117,1.4666007582947
0.871924603174603,0.142731630195692,0.167990944768343,0.0373376869774286,1.46668545279079
0.87202380952381,0.142719886084009,0.167980747195986,0.0373198350047767,1.46677013890388
0.872123015873016,0.142708143153968,0.16797054899982,0.0373019915688563,1.46685481663547
0.872222222222222,0.142696401405356,0.167960350180594,0.0372841566654695,1.46693948598708
0.872321428571429,0.142684660837961,0.167950150739058,0.0372663302904204,1.46702414696022
0.872420634920635,0.142672921451569,0.16793995067596,0.0372485124395147,1.46710879955642
0.872519841269841,0.142661183245968,0.167929749992048,0.0372307031085598,1.46719344377717
0.872619047619048,0.142649446220946,0.167919548688071,0.0372129022933652,1.46727807962399
0.872718253968254,0.14263771037629,0.167909346764776,0.0371951099897417,1.46736270709839
0.87281746031746,0.142625975711788,0.167899144222911,0.0371773261935023,1.46744732620189
0.872916666666667,0.142614242227227,0.167888941063222,0.0371595509004616,1.467531936936
0.873015873015873,0.142602509922396,0.167878737286456,0.0371417841064359,1.46761653930222
0.873115079365079,0.142590778797082,0.16786853289336,0.0371240258072435,1.46770113330206
0.873214285714286,0.142579048851074,0.167858327884678,0.0371062759987042,1.46778571893703
0.873313492063492,0.142567320084158,0.167848122261157,0.0370885346766399,1.46787029620865
0.873412698412699,0.142555592496124,0.167837916023543,0.037070801836874,1.46795486511842
0.873511904761905,0.14254386608676,0.167827709172578,0.0370530774752318,1.46803942566785
0.873611111111111,0.142532140855854,0.16781750170901,0.0370353615875404,1.46812397785844
0.873710317460317,0.142520416803194,0.16780729363358,0.0370176541696284,1.46820852169171
0.873809523809524,0.142508693928569,0.167797084947034,0.0369999552173268,1.46829305716915
0.87390873015873,0.142496972231767,0.167786875650114,0.0369822647264677,1.46837758429228
0.874007936507937,0.142485251712577,0.167776665743564,0.0369645826928854,1.46846210306259
0.874107142857143,0.142473532370788,0.167766455228126,0.0369469091124158,1.4685466134816
0.874206349206349,0.142461814206188,0.167756244104543,0.0369292439808965,1.46863111555081
0.874305555555556,0.142450097218566,0.167746032373557,0.0369115872941673,1.46871560927173
0.874404761904762,0.142438381407712,0.167735820035909,0.0368939390480693,1.46880009464585
0.874503968253968,0.142426666773414,0.167725607092341,0.0368762992384455,1.46888457167468
0.874603174603175,0.142414953315462,0.167715393543593,0.0368586678611407,1.46896904035972
0.874702380952381,0.142403241033644,0.167705179390407,0.0368410449120017,1.46905350070247
0.874801587301587,0.14239152992775,0.167694964633523,0.0368234303868768,1.46913795270444
0.874900793650794,0.142379819997569,0.16768474927368,0.0368058242816161,1.46922239636713
0.875,0.14236811124289,0.167674533311618,0.0367882265920716,1.46930683169203
0.875099206349206,0.142356403663504,0.167664316748077,0.0367706373140971,1.46939125868066
0.875198412698413,0.1423446972592,0.167654099583795,0.0367530564435479,1.46947567733449
0.875297619047619,0.142332992029767,0.16764388181951,0.0367354839762814,1.46956008765505
0.875396825396825,0.142321287974995,0.167633663455961,0.0367179199081566,1.46964448964382
0.875496031746032,0.142309585094675,0.167623444493886,0.0367003642350344,1.4697288833023
0.875595238095238,0.142297883388595,0.167613224934022,0.0366828169527774,1.46981326863199
0.875694444444444,0.142286182856546,0.167603004777106,0.03666527805725,1.46989764563439
0.875793650793651,0.142274483498318,0.167592784023875,0.0366477475443182,1.469982014311
0.875892857142857,0.142262785313701,0.167582562675066,0.0366302254098501,1.4700663746633
0.875992063492063,0.142251088302486,0.167572340731413,0.0366127116497154,1.47015072669281
0.87609126984127,0.142239392464462,0.167562118193654,0.0365952062597855,1.470235070401
0.876190476190476,0.142227697799421,0.167551895062523,0.0365777092359338,1.47031940578939
0.876289682539683,0.142216004307152,0.167541671338756,0.0365602205740352,1.47040373285945
0.876388888888889,0.142204311987446,0.167531447023087,0.0365427402699666,1.47048805161269
0.876488095238095,0.142192620840094,0.16752122211625,0.0365252683196067,1.4705723620506
0.876587301587301,0.142180930864887,0.167510996618979,0.0365078047188357,1.47065666417467
0.876686507936508,0.142169242061614,0.167500770532008,0.0364903494635359,1.47074095798639
0.876785714285714,0.142157554430069,0.16749054385607,0.0364729025495912,1.47082524348727
0.876884920634921,0.14214586797004,0.167480316591898,0.0364554639728873,1.47090952067878
0.876984126984127,0.14213418268132,0.167470088740225,0.0364380337293117,1.47099378956241
0.877083333333333,0.142122498563699,0.167459860301782,0.0364206118147536,1.47107805013967
0.87718253968254,0.142110815616968,0.167449631277302,0.0364031982251041,1.47116230241204
0.877281746031746,0.14209913384092,0.167439401667516,0.0363857929562561,1.47124654638101
0.877380952380952,0.142087453235344,0.167429171473155,0.036368396004104,1.47133078204806
0.877480158730159,0.142075773800034,0.167418940694949,0.0363510073645444,1.4714150094147
0.877579365079365,0.142064095534779,0.16740870933363,0.0363336270334753,1.47149922848239
0.877678571428571,0.142052418439373,0.167398477389928,0.0363162550067967,1.47158343925265
0.877777777777778,0.142040742513606,0.167388244864571,0.0362988912804103,1.47166764172694
0.877876984126984,0.14202906775727,0.16737801175829,0.0362815358502196,1.47175183590676
0.87797619047619,0.142017394170158,0.167367778071813,0.0362641887121299,1.47183602179359
0.878075396825397,0.142005721752061,0.167357543805869,0.0362468498620481,1.47192019938892
0.878174603174603,0.14199405050277,0.167347308961187,0.0362295192958831,1.47200436869424
0.87827380952381,0.141982380422079,0.167337073538494,0.0362121970095456,1.47208852971103
0.878373015873016,0.14197071150978,0.167326837538518,0.0361948829989478,1.47217268244077
0.878472222222222,0.141959043765664,0.167316600961986,0.036177577260004,1.47225682688495
0.878571428571429,0.141947377189524,0.167306363809626,0.0361602797886301,1.47234096304505
0.878670634920635,0.141935711781153,0.167296126082163,0.0361429905807436,1.47242509092255
0.878769841269841,0.141924047540343,0.167285887780324,0.0361257096322643,1.47250921051894
0.878869047619048,0.141912384466886,0.167275648904834,0.0361084369391133,1.47259332183571
0.878968253968254,0.141900722560575,0.16726540945642,0.0360911724972136,1.47267742487432
0.87906746031746,0.141889061821203,0.167255169435806,0.0360739163024901,1.47276151963626
0.879166666666667,0.141877402248563,0.167244928843718,0.0360566683508694,1.47284560612301
0.879265873015873,0.141865743842448,0.167234687680879,0.0360394286382798,1.47292968433606
0.879365079365079,0.141854086602651,0.167224445948013,0.0360221971606515,1.47301375427688
0.879464285714286,0.141842430528964,0.167214203645845,0.0360049739139164,1.47309781594695
0.879563492063492,0.141830775621181,0.167203960775098,0.0359877588940082,1.47318186934775
0.879662698412698,0.141819121879095,0.167193717336495,0.0359705520968624,1.47326591448076
0.879761904761905,0.1418074693025,0.167183473330758,0.0359533535184162,1.47334995134745
0.879861111111111,0.141795817891188,0.16717322875861,0.0359361631546088,1.4734339799493
0.879960317460318,0.141784167644954,0.167162983620773,0.0359189810013809,1.4735180002878
0.880059523809524,0.141772518563591,0.167152737917968,0.035901807054675,1.47360201236441
0.88015873015873,0.141760870646892,0.167142491650917,0.0358846413104356,1.47368601618061
0.880257936507936,0.141749223894652,0.167132244820341,0.0358674837646088,1.47377001173789
0.880357142857143,0.141737578306663,0.16712199742696,0.0358503344131426,1.4738539990377
0.880456349206349,0.141725933882721,0.167111749471494,0.0358331932519866,1.47393797808153
0.880555555555556,0.141714290622618,0.167101500954664,0.0358160602770922,1.47402194887085
0.880654761904762,0.141702648526149,0.167091251877188,0.0357989354844129,1.47410591140713
0.880753968253968,0.141691007593108,0.167081002239787,0.0357818188699036,1.47418986569185
0.880853174603175,0.14167936782329,0.167070752043178,0.035764710429521,1.47427381172648
0.880952380952381,0.141667729216488,0.167060501288081,0.0357476101592239,1.47435774951249
0.881051587301587,0.141656091772496,0.167050249975213,0.0357305180549725,1.47444167905136
0.881150793650794,0.14164445549111,0.167039998105292,0.035713434112729,1.47452560034454
0.88125,0.141632820372124,0.167029745679035,0.0356963583284573,1.47460951339353
0.881349206349206,0.141621186415333,0.167019492697161,0.0356792906981232,1.47469341819977
0.881448412698413,0.14160955362053,0.167009239160384,0.035662231217694,1.47477731476475
0.881547619047619,0.141597921987512,0.166998985069422,0.0356451798831391,1.47486120308994
0.881646825396825,0.141586291516072,0.166988730424991,0.0356281366904294,1.47494508317679
0.881746031746032,0.141574662206006,0.166978475227806,0.0356111016355379,1.47502895502679
0.881845238095238,0.141563034057109,0.166968219478583,0.035594074714439,1.4751128186414
0.881944444444444,0.141551407069175,0.166957963178037,0.0355770559231091,1.47519667402208
0.882043650793651,0.141539781242001,0.166947706326881,0.0355600452575264,1.4752805211703
0.882142857142857,0.14152815657538,0.166937448925831,0.0355430427136708,1.47536436008753
0.882242063492063,0.14151653306911,0.1669271909756,0.035526048287524,1.47544819077523
0.88234126984127,0.141504910722984,0.166916932476902,0.0355090619750694,1.47553201323488
0.882440476190476,0.141493289536798,0.16690667343045,0.0354920837722923,1.47561582746793
0.882539682539682,0.141481669510349,0.166896413836957,0.0354751136751797,1.47569963347585
0.882638888888889,0.141470050643432,0.166886153697135,0.0354581516797205,1.4757834312601
0.882738095238095,0.141458432935841,0.166875893011696,0.0354411977819051,1.47586722082214
0.882837301587302,0.141446816387375,0.166865631781353,0.0354242519777261,1.47595100216345
0.882936507936508,0.141435200997827,0.166855370006817,0.0354073142631774,1.47603477528548
0.883035714285714,0.141423586766994,0.166845107688798,0.0353903846342551,1.47611854018969
0.883134920634921,0.141411973694673,0.166834844828008,0.0353734630869568,1.47620229687754
0.883234126984127,0.141400361780659,0.166824581425156,0.035356549617282,1.47628604535051
0.883333333333333,0.141388751024749,0.166814317480954,0.0353396442212318,1.47636978561004
0.88343253968254,0.141377141426738,0.16680405299611,0.0353227468948095,1.47645351765759
0.883531746031746,0.141365532986424,0.166793787971333,0.0353058576340196,1.47653724149464
0.883630952380952,0.141353925703603,0.166783522407334,0.0352889764348689,1.47662095712262
0.883730158730159,0.14134231957807,0.16677325630482,0.0352721032933657,1.47670466454302
0.883829365079365,0.141330714609624,0.1667629896645,0.0352552382055201,1.47678836375727
0.883928571428571,0.14131911079806,0.166752722487081,0.035238381167344,1.47687205476685
0.884027777777778,0.141307508143176,0.166742454773271,0.0352215321748512,1.4769557375732
0.884126984126984,0.141295906644768,0.166732186523778,0.035204691224057,1.47703941217779
0.884226190476191,0.141284306302634,0.166721917739308,0.0351878583109787,1.47712307858207
0.884325396825397,0.141272707116569,0.166711648420568,0.0351710334316354,1.4772067367875
0.884424603174603,0.141261109086372,0.166701378568264,0.0351542165820478,1.47729038679552
0.884523809523809,0.14124951221184,0.166691108183101,0.0351374077582385,1.47737402860761
0.884623015873016,0.141237916492769,0.166680837265786,0.0351206069562319,1.4774576622252
0.884722222222222,0.141226321928958,0.166670565817023,0.0351038141720541,1.47754128764976
0.884821428571429,0.141214728520203,0.166660293837517,0.035087029401733,1.47762490488274
0.884920634920635,0.141203136266303,0.166650021327972,0.0350702526412982,1.47770851392559
0.885019841269841,0.141191545167054,0.166639748289093,0.0350534838867814,1.47779211477977
0.885119047619048,0.141179955222254,0.166629474721582,0.0350367231342156,1.47787570744672
0.885218253968254,0.141168366431702,0.166619200626145,0.0350199703796359,1.47795929192789
0.88531746031746,0.141156778795195,0.166608926003482,0.0350032256190791,1.47804286822475
0.885416666666667,0.141145192312531,0.166598650854298,0.0349864888485838,1.47812643633873
0.885515873015873,0.141133606983508,0.166588375179294,0.0349697600641904,1.4782099962713
0.885615079365079,0.141122022807924,0.166578098979173,0.0349530392619408,1.47829354802389
0.885714285714286,0.141110439785577,0.166567822254635,0.0349363264378791,1.47837709159796
0.885813492063492,0.141098857916266,0.166557545006382,0.034919621588051,1.47846062699496
0.885912698412698,0.141087277199789,0.166547267235116,0.0349029247085038,1.47854415421633
0.886011904761905,0.141075697635943,0.166536988941536,0.0348862357952869,1.47862767326353
0.886111111111111,0.141064119224529,0.166526710126343,0.0348695548444512,1.478711184138
0.886210317460317,0.141052541965344,0.166516430790236,0.0348528818520496,1.47879468684118
0.886309523809524,0.141040965858186,0.166506150933915,0.0348362168141365,1.47887818137452
0.88640873015873,0.141029390902855,0.166495870558079,0.0348195597267685,1.47896166773948
0.886507936507937,0.14101781709915,0.166485589663427,0.0348029105860034,1.47904514593748
0.886607142857143,0.141006244446869,0.166475308250658,0.0347862693879014,1.47912861596999
0.886706349206349,0.140994672945812,0.166465026320469,0.034769636128524,1.47921207783844
0.886805555555556,0.140983102595777,0.166454743873558,0.0347530108039347,1.47929553154428
0.886904761904762,0.140971533396563,0.166444460910622,0.0347363934101988,1.47937897708895
0.887003968253968,0.14095996534797,0.166434177432359,0.0347197839433832,1.47946241447389
0.887103174603175,0.140948398449797,0.166423893439465,0.0347031823995567,1.47954584370055
0.887202380952381,0.140936832701844,0.166413608932637,0.03468658877479,1.47962926477036
0.887301587301587,0.140925268103909,0.166403323912569,0.0346700030651554,1.47971267768478
0.887400793650794,0.140913704655793,0.166393038379959,0.0346534252667268,1.47979608244524
0.8875,0.140902142357295,0.166382752335501,0.0346368553755804,1.47987947905317
0.887599206349206,0.140890581208215,0.16637246577989,0.0346202933877937,1.47996286751003
0.887698412698413,0.140879021208352,0.166362178713821,0.0346037392994462,1.48004624781725
0.887797619047619,0.140867462357506,0.166351891137988,0.0345871931066191,1.48012961997627
0.887896825396825,0.140855904655478,0.166341603053084,0.0345706548053955,1.48021298398853
0.887996031746032,0.140844348102067,0.166331314459804,0.03455412439186,1.48029633985547
0.888095238095238,0.140832792697074,0.16632102535884,0.0345376018620994,1.48037968757852
0.888194444444445,0.140821238440298,0.166310735750885,0.0345210872122018,1.48046302715912
0.888293650793651,0.140809685331541,0.166300445636631,0.0345045804382575,1.48054635859872
0.888392857142857,0.140798133370601,0.166290155016772,0.0344880815363584,1.48062968189873
0.888492063492063,0.140786582557281,0.166279863891998,0.0344715905025981,1.48071299706061
0.88859126984127,0.140775032891379,0.166269572263,0.034455107333072,1.48079630408579
0.888690476190476,0.140763484372697,0.166259280130471,0.0344386320238774,1.48087960297569
0.888789682539682,0.140751937001036,0.1662489874951,0.0344221645711132,1.48096289373176
0.888888888888889,0.140740390776196,0.166238694357577,0.0344057049708804,1.48104617635544
0.888988095238095,0.140728845697978,0.166228400718594,0.0343892532192814,1.48112945084814
0.889087301587302,0.140717301766183,0.166218106578839,0.0343728093124205,1.48121271721131
0.889186507936508,0.140705758980612,0.166207811939002,0.0343563732464039,1.48129597544638
0.889285714285714,0.140694217341066,0.166197516799771,0.0343399450173395,1.48137922555477
0.889384920634921,0.140682676847346,0.166187221161835,0.0343235246213369,1.48146246753793
0.889484126984127,0.140671137499254,0.166176925025883,0.0343071120545077,1.48154570139729
0.889583333333333,0.14065959929659,0.166166628392603,0.0342907073129649,1.48162892713426
0.88968253968254,0.140648062239157,0.166156331262681,0.0342743103928236,1.48171214475029
0.889781746031746,0.140636526326755,0.166146033636805,0.0342579212902007,1.48179535424681
0.889880952380952,0.140624991559187,0.166135735515661,0.0342415400012146,1.48187855562523
0.889980158730159,0.140613457936253,0.166125436899938,0.0342251665219856,1.481961748887
0.890079365079365,0.140601925457756,0.166115137790319,0.034208800848636,1.48204493403354
0.890178571428571,0.140590394123497,0.166104838187491,0.0341924429772895,1.48212811106627
0.890277777777778,0.140578863933278,0.16609453809214,0.0341760929040718,1.48221127998662
0.890376984126984,0.140567334886902,0.166084237504951,0.0341597506251105,1.48229444079603
0.89047619047619,0.14055580698417,0.166073936426608,0.0341434161365347,1.48237759349592
0.890575396825397,0.140544280224885,0.166063634857795,0.0341270894344753,1.48246073808771
0.890674603174603,0.140532754608848,0.166053332799197,0.0341107705150653,1.48254387457282
0.89077380952381,0.140521230135862,0.166043030251498,0.0340944593744391,1.48262700295269
0.890873015873016,0.140509706805729,0.166032727215379,0.0340781560087331,1.48271012322874
0.890972222222222,0.140498184618252,0.166022423691526,0.0340618604140853,1.48279323540239
0.891071428571429,0.140486663573233,0.166012119680619,0.0340455725866357,1.48287633947506
0.891170634920635,0.140475143670475,0.166001815183342,0.0340292925225259,1.48295943544818
0.891269841269841,0.140463624909781,0.165991510200376,0.0340130202178994,1.48304252332318
0.891369047619048,0.140452107290953,0.165981204732403,0.0339967556689014,1.48312560310146
0.891468253968254,0.140440590813794,0.165970898780103,0.0339804988716789,1.48320867478446
0.89156746031746,0.140429075478107,0.165960592344159,0.0339642498223806,1.48329173837359
0.891666666666667,0.140417561283696,0.16595028542525,0.033948008517157,1.48337479387028
0.891765873015873,0.140406048230362,0.165939978024056,0.0339317749521607,1.48345784127595
0.891865079365079,0.14039453631791,0.165929670141257,0.0339155491235455,1.48354088059201
0.891964285714286,0.140383025546143,0.165919361777533,0.0338993310274675,1.48362391181988
0.892063492063492,0.140371515914864,0.165909052933563,0.0338831206600842,1.48370693496099
0.892162698412698,0.140360007423877,0.165898743610025,0.0338669180175552,1.48378995001675
0.892261904761905,0.140348500072984,0.165888433807597,0.0338507230960415,1.48387295698858
0.892361111111111,0.14033699386199,0.165878123526959,0.0338345358917063,1.48395595587789
0.892460317460318,0.140325488790698,0.165867812768787,0.0338183564007143,1.48403894668611
0.892559523809524,0.140313984858912,0.165857501533758,0.033802184619232,1.48412192941464
0.89265873015873,0.140302482066435,0.165847189822551,0.0337860205434277,1.48420490406492
0.892757936507937,0.140290980413073,0.165836877635841,0.0337698641694716,1.48428787063834
0.892857142857143,0.140279479898628,0.165826564974304,0.0337537154935356,1.48437082913633
0.892956349206349,0.140267980522905,0.165816251838617,0.0337375745117933,1.48445377956029
0.893055555555555,0.140256482285708,0.165805938229455,0.0337214412204201,1.48453672191165
0.893154761904762,0.14024498518684,0.165795624147493,0.0337053156155932,1.48461965619182
0.893253968253968,0.140233489226108,0.165785309593407,0.0336891976934916,1.48470258240221
0.893353174603175,0.140221994403314,0.16577499456787,0.0336730874502962,1.48478550054423
0.893452380952381,0.140210500718263,0.165764679071557,0.0336569848821893,1.48486841061929
0.893551587301587,0.140199008170761,0.165754363105141,0.0336408899853555,1.48495131262881
0.893650793650794,0.14018751676061,0.165744046669297,0.0336248027559807,1.4850342065742
0.89375,0.140176026487617,0.165733729764697,0.0336087231902528,1.48511709245687
0.893849206349206,0.140164537351586,0.165723412392013,0.0335926512843615,1.48519997027822
0.893948412698413,0.140153049352322,0.165713094551919,0.0335765870344982,1.48528284003967
0.894047619047619,0.14014156248963,0.165702776245086,0.0335605304368562,1.48536570174262
0.894146825396825,0.140130076763314,0.165692457472186,0.0335444814876304,1.4854485553885
0.894246031746032,0.140118592173181,0.165682138233891,0.0335284401830175,1.48553140097869
0.894345238095238,0.140107108719035,0.165671818530871,0.0335124065192162,1.48561423851462
0.894444444444444,0.140095626400681,0.165661498363797,0.0334963804924267,1.48569706799768
0.894543650793651,0.140084145217925,0.165651177733339,0.0334803620988511,1.48577988942929
0.894642857142857,0.140072665170572,0.165640856640167,0.0334643513346933,1.48586270281085
0.894742063492063,0.140061186258429,0.165630535084951,0.033448348196159,1.48594550814377
0.89484126984127,0.140049708481299,0.16562021306836,0.0334323526794555,1.48602830542945
0.894940476190476,0.14003823183899,0.165609890591063,0.0334163647807922,1.48611109466929
0.895039682539683,0.140026756331307,0.165599567653729,0.0334003844963799,1.48619387586471
0.895138888888889,0.140015281958055,0.165589244257024,0.0333844118224314,1.48627664901711
0.895238095238095,0.140003808718581,0.165578920401896,0.0333684467546892,1.48635941412819
0.895337301587302,0.139992336611711,0.165568596089567,0.0333524892885574,1.48644217119996
0.895436507936508,0.139980865637218,0.165558271320656,0.0333365394205821,1.48652492023376
0.895535714285714,0.139969395794911,0.165547946095761,0.0333205971473464,1.48660766123091
0.895634920634921,0.139957927084595,0.165537620415482,0.0333046624654344,1.48669039419274
0.895734126984127,0.139946459506078,0.165527294280417,0.0332887353714313,1.48677311912054
0.895833333333333,0.139934993059167,0.165516967691165,0.0332728158619233,1.48685583601565
0.89593253968254,0.139923527743669,0.165506640648323,0.0332569039334979,1.48693854487938
0.896031746031746,0.139912063559391,0.16549631315249,0.0332409995827432,1.48702124571304
0.896130952380952,0.139900600506141,0.165485985204262,0.0332251028062488,1.48710393851796
0.896230158730159,0.139889138583725,0.165475656804239,0.0332092136006052,1.48718662329544
0.896329365079365,0.139877677791951,0.165465327953016,0.0331933319624039,1.4872693000468
0.896428571428571,0.139866218130626,0.16545499865119,0.0331774578882376,1.48735196877336
0.896527777777778,0.139854759599557,0.16544466889936,0.0331615913747,1.48743462947643
0.896626984126984,0.139843302198553,0.165434338698121,0.0331457324183858,1.48751728215733
0.896726190476191,0.13983184592742,0.165424008048069,0.0331298810158907,1.48759992681737
0.896825396825397,0.139820390785966,0.165413676949802,0.0331140371638118,1.48768256345786
0.896924603174603,0.139808936773998,0.165403345403915,0.0330982008587469,1.48776519208012
0.897023809523809,0.139797483891325,0.165393013411003,0.033082372097295,1.48784781268547
0.897123015873016,0.139786032137753,0.165382680971663,0.0330665508760562,1.48793042527521
0.897222222222222,0.139774581513091,0.16537234808649,0.0330507371916316,1.48801302985065
0.897321428571429,0.139763132017147,0.165362014756079,0.0330349310406233,1.48809562641312
0.897420634920635,0.139751683649727,0.165351680981025,0.0330191324196348,1.48817821496392
0.897519841269841,0.139740236410641,0.165341346761923,0.0330033413252701,1.48826079550436
0.897619047619048,0.139728790299695,0.165331012099368,0.0329875577541347,1.48834336803575
0.897718253968254,0.139717345316698,0.165320676993953,0.0329717817028351,1.48842593255942
0.89781746031746,0.139705901461459,0.165310341446273,0.0329560131679787,1.48850848907666
0.897916666666667,0.139694458733784,0.165300005456921,0.0329402521461741,1.48859103758879
0.898015873015873,0.139683017133482,0.165289669026493,0.0329244986340308,1.48867357809712
0.898115079365079,0.139671576660361,0.165279332155581,0.0329087526281597,1.48875611060296
0.898214285714286,0.13966013731423,0.165268994844778,0.0328930141251724,1.48883863510762
0.898313492063492,0.139648699094896,0.165258657094678,0.0328772831216817,1.4889211516124
0.898412698412698,0.139637262002168,0.165248318905873,0.0328615596143014,1.48900366011862
0.898511904761905,0.139625826035855,0.165237980278957,0.0328458435996467,1.48908616062759
0.898611111111111,0.139614391195764,0.165227641214521,0.0328301350743332,1.48916865314062
0.898710317460318,0.139602957481704,0.165217301713159,0.0328144340349782,1.489251137659
0.898809523809524,0.139591524893483,0.165206961775462,0.0327987404781999,1.48933361418406
0.89890873015873,0.139580093430911,0.165196621402022,0.0327830544006172,1.4894160827171
0.899007936507937,0.139568663093796,0.16518628059343,0.0327673757988505,1.48949854325942
0.899107142857143,0.139557233881945,0.165175939350279,0.032751704669521,1.48958099581234
0.899206349206349,0.139545805795169,0.165165597673159,0.0327360410092513,1.48966344037716
0.899305555555556,0.139534378833275,0.165155255562662,0.0327203848146645,1.48974587695518
0.899404761904762,0.139522952996073,0.165144913019378,0.0327047360823853,1.48982830554772
0.899503968253968,0.139511528283371,0.165134570043899,0.0326890948090391,1.48991072615607
0.899603174603175,0.139500104694979,0.165124226636813,0.0326734609912527,1.48999313878155
0.899702380952381,0.139488682230704,0.165113882798713,0.0326578346256536,1.49007554342547
0.899801587301587,0.139477260890356,0.165103538530187,0.0326422157088706,1.49015794008911
0.899900793650794,0.139465840673745,0.165093193831826,0.0326266042375335,1.4902403287738
0.9,0.139454421580678,0.165082848704219,0.0326110002082731,1.49032270948083
0.900099206349206,0.139443003610966,0.165072503147956,0.0325954036177214,1.4904050822115
0.900198412698413,0.139431586764417,0.165062157163625,0.0325798144625113,1.49048744696713
0.900297619047619,0.139420171040841,0.165051810751816,0.0325642327392769,1.49056980374902
0.900396825396825,0.139408756440046,0.165041463913118,0.0325486584446533,1.49065215255847
0.900496031746032,0.139397342961843,0.165031116648119,0.0325330915752766,1.49073449339677
0.900595238095238,0.13938593060604,0.165020768957407,0.032517532127784,1.49081682626525
0.900694444444444,0.139374519372447,0.165010420841571,0.032501980098814,1.49089915116519
0.900793650793651,0.139363109260874,0.165000072301198,0.0324864354850058,1.49098146809789
0.900892857142857,0.139351700271129,0.164989723336877,0.0324708982829998,1.49106377706467
0.900992063492064,0.139340292403022,0.164979373949195,0.0324553684894375,1.49114607806683
0.90109126984127,0.139328885656363,0.16496902413874,0.0324398461009614,1.49122837110565
0.901190476190476,0.139317480030962,0.164958673906097,0.0324243311142152,1.49131065618245
0.901289682539682,0.139306075526629,0.164948323251855,0.0324088235258435,1.49139293329853
0.901388888888889,0.139294672143172,0.1649379721766,0.0323933233324919,1.49147520245518
0.901488095238095,0.139283269880402,0.164927620680918,0.0323778305308075,1.4915574636537
0.901587301587302,0.139271868738128,0.164917268765397,0.0323623451174378,1.49163971689541
0.901686507936508,0.139260468716161,0.164906916430621,0.0323468670890319,1.49172196218158
0.901785714285714,0.139249069814311,0.164896563677177,0.0323313964422398,1.49180419951353
0.901884920634921,0.139237672032386,0.164886210505651,0.0323159331737124,1.49188642889256
0.901984126984127,0.139226275370198,0.164875856916627,0.0323004772801019,1.49196865031995
0.902083333333333,0.139214879827557,0.164865502910692,0.0322850287580614,1.49205086379702
0.90218253968254,0.139203485404272,0.16485514848843,0.0322695876042451,1.49213306932505
0.902281746031746,0.139192092100154,0.164844793650426,0.0322541538153083,1.49221526690534
0.902380952380952,0.139180699915013,0.164834438397266,0.0322387273879075,1.4922974565392
0.902480158730159,0.139169308848658,0.164824082729532,0.0322233083186998,1.49237963822792
0.902579365079365,0.139157918900902,0.16481372664781,0.0322078966043439,1.49246181197279
0.902678571428571,0.139146530071553,0.164803370152684,0.0321924922414993,1.49254397777512
0.902777777777778,0.139135142360423,0.164793013244736,0.0321770952268265,1.49262613563619
0.902876984126984,0.139123755767321,0.164782655924552,0.0321617055569872,1.49270828555731
0.90297619047619,0.139112370292058,0.164772298192714,0.0321463232286441,1.49279042753977
0.903075396825397,0.139100985934445,0.164761940049806,0.032130948238461,1.49287256158487
0.903174603174603,0.139089602694293,0.16475158149641,0.0321155805831027,1.4929546876939
0.90327380952381,0.139078220571411,0.16474122253311,0.0321002202592352,1.49303680586815
0.903373015873016,0.139066839565612,0.164730863160488,0.0320848672635254,1.49311891610892
0.903472222222222,0.139055459676704,0.164720503379126,0.0320695215926413,1.4932010184175
0.903571428571429,0.1390440809045,0.164710143189606,0.0320541832432519,1.49328311279519
0.903670634920635,0.13903270324881,0.164699782592511,0.0320388522120275,1.49336519924329
0.903769841269841,0.139021326709444,0.164689421588422,0.0320235284956393,1.49344727776307
0.903869047619048,0.139009951286215,0.164679060177921,0.0320082120907595,1.49352934835585
0.903968253968254,0.138998576978932,0.164668698361589,0.0319929029940615,1.4936114110229
0.90406746031746,0.138987203787407,0.164658336140007,0.0319776012022196,1.49369346576553
0.904166666666667,0.138975831711451,0.164647973513756,0.0319623067119094,1.49377551258502
0.904265873015873,0.138964460750876,0.164637610483417,0.0319470195198073,1.49385755148266
0.904365079365079,0.138953090905491,0.164627247049571,0.0319317396225909,1.49393958245976
0.904464285714286,0.138941722175109,0.164616883212797,0.0319164670169388,1.49402160551759
0.904563492063492,0.13893035455954,0.164606518973676,0.0319012016995309,1.49410362065745
0.904662698412699,0.138918988058597,0.164596154332788,0.0318859436670477,1.49418562788062
0.904761904761905,0.13890762267209,0.164585789290712,0.0318706929161713,1.49426762718841
0.904861111111111,0.13889625839983,0.164575423848028,0.0318554494435843,1.4943496185821
0.904960317460317,0.13888489524163,0.164565058005315,0.0318402132459709,1.49443160206298
0.905059523809524,0.138873533197301,0.164554691763152,0.031824984320016,1.49451357763234
0.90515873015873,0.138862172266654,0.164544325122118,0.0318097626624058,1.49459554529146
0.905257936507937,0.1388508124495,0.164533958082792,0.0317945482698272,1.49467750504165
0.905357142857143,0.138839453745653,0.164523590645752,0.0317793411389686,1.49475945688417
0.905456349206349,0.138828096154922,0.164513222811577,0.0317641412665192,1.49484140082033
0.905555555555556,0.138816739677121,0.164502854580843,0.0317489486491693,1.49492333685141
0.905654761904762,0.13880538431206,0.16449248595413,0.0317337632836103,1.4950052649787
0.905753968253968,0.138794030059552,0.164482116932015,0.0317185851665348,1.49508718520349
0.905853174603175,0.138782676919409,0.164471747515075,0.031703414294636,1.49516909752706
0.905952380952381,0.138771324891441,0.164461377703888,0.0316882506646088,1.4952510019507
0.906051587301587,0.138759973975463,0.16445100749903,0.0316730942731486,1.49533289847569
0.906150793650794,0.138748624171285,0.164440636901078,0.0316579451169521,1.49541478710333
0.90625,0.138737275478719,0.16443026591061,0.0316428031927173,1.49549666783489
0.906349206349206,0.138725927897578,0.1644198945282,0.0316276684971427,1.49557854067167
0.906448412698413,0.138714581427674,0.164409522754426,0.0316125410269285,1.49566040561495
0.906547619047619,0.138703236068819,0.164399150589863,0.0315974207787754,1.49574226266601
0.906646825396825,0.138691891820825,0.164388778035087,0.0315823077493855,1.49582411182613
0.906746031746032,0.138680548683505,0.164378405090674,0.0315672019354618,1.49590595309662
0.906845238095238,0.138669206656671,0.164368031757199,0.0315521033337086,1.49598778647873
0.906944444444444,0.138657865740136,0.164357658035237,0.0315370119408309,1.49606961197377
0.907043650793651,0.138646525933711,0.164347283925363,0.0315219277535351,1.49615142958301
0.907142857142857,0.13863518723721,0.164336909428152,0.0315068507685284,1.49623323930774
0.907242063492063,0.138623849650444,0.164326534544178,0.0314917809825192,1.49631504114924
0.90734126984127,0.138612513173228,0.164316159274016,0.031476718392217,1.49639683510879
0.907440476190476,0.138601177805372,0.164305783618239,0.0314616629943323,1.49647862118767
0.907539682539683,0.138589843546691,0.164295407577422,0.0314466147855766,1.49656039938717
0.907638888888889,0.138578510396996,0.164285031152138,0.0314315737626626,1.49664216970857
0.907738095238095,0.138567178356101,0.164274654342962,0.031416539922304,1.49672393215315
0.907837301587302,0.138555847423818,0.164264277150465,0.0314015132612154,1.49680568672218
0.907936507936508,0.138544517599961,0.164253899575221,0.0313864937761128,1.49688743341696
0.908035714285714,0.138533188884341,0.164243521617803,0.0313714814637129,1.49696917223876
0.908134920634921,0.138521861276773,0.164233143278784,0.0313564763207338,1.49705090318887
0.908234126984127,0.138510534777069,0.164222764558736,0.0313414783438943,1.49713262626855
0.908333333333333,0.138499209385043,0.164212385458232,0.0313264875299147,1.4972143414791
0.90843253968254,0.138487885100506,0.164202005977842,0.031311503875516,1.49729604882178
0.908531746031746,0.138476561923274,0.16419162611814,0.0312965273774203,1.49737774829789
0.908630952380952,0.138465239853158,0.164181245879697,0.031281558032351,1.49745943990869
0.908730158730159,0.138453918889972,0.164170865263084,0.0312665958370323,1.49754112365547
0.908829365079365,0.13844259903353,0.164160484268872,0.0312516407881896,1.49762279953951
0.908928571428571,0.138431280283645,0.164150102897633,0.0312366928825494,1.49770446756207
0.909027777777778,0.13841996264013,0.164139721149937,0.031221752116839,1.49778612772445
0.909126984126984,0.138408646102799,0.164129339026355,0.0312068184877872,1.49786778002792
0.90922619047619,0.138397330671465,0.164118956527457,0.0311918919921235,1.49794942447374
0.909325396825397,0.138386016345942,0.164108573653813,0.0311769726265785,1.49803106106321
0.909424603174603,0.138374703126043,0.164098190405994,0.0311620603878841,1.4981126897976
0.90952380952381,0.138363391011583,0.164087806784568,0.031147155272773,1.49819431067818
0.909623015873016,0.138352080002374,0.164077422790107,0.0311322572779791,1.49827592370623
0.909722222222222,0.138340770098231,0.164067038423178,0.0311173664002373,1.49835752888302
0.909821428571429,0.138329461298967,0.164056653684352,0.0311024826362836,1.49843912620983
0.909920634920635,0.138318153604396,0.164046268574196,0.0310876059828551,1.49852071568794
0.910019841269841,0.138306847014333,0.164035883093281,0.0310727364366899,1.49860229731862
0.910119047619048,0.138295541528591,0.164025497242174,0.031057873994527,1.49868387110313
0.910218253968254,0.138284237146983,0.164015111021443,0.0310430186531069,1.49876543704277
0.91031746031746,0.138272933869325,0.164004724431657,0.0310281704091708,1.4988469951388
0.910416666666667,0.13826163169543,0.163994337473383,0.031013329259461,1.49892854539248
0.910515873015873,0.138250330625113,0.16398395014719,0.0309984952007209,1.49901008780511
0.910615079365079,0.138239030658187,0.163973562453645,0.0309836682296951,1.49909162237795
0.910714285714286,0.138227731794467,0.163963174393315,0.0309688483431292,1.49917314911227
0.910813492063492,0.138216434033767,0.163952785966767,0.0309540355377696,1.49925466800934
0.910912698412698,0.138205137375901,0.163942397174568,0.0309392298103641,1.49933617907044
0.911011904761905,0.138193841820685,0.163932008017285,0.0309244311576613,1.49941768229684
0.911111111111111,0.138182547367931,0.163921618495483,0.0309096395764112,1.4994991776898
0.911210317460318,0.138171254017455,0.16391122860973,0.0308948550633646,1.49958066525061
0.911309523809524,0.138159961769072,0.163900838360592,0.0308800776152733,1.49966214498053
0.91140873015873,0.138148670622595,0.163890447748634,0.0308653072288904,1.49974361688083
0.911507936507936,0.13813738057784,0.163880056774421,0.0308505439009699,1.49982508095278
0.911607142857143,0.138126091634621,0.16386966543852,0.0308357876282668,1.49990653719765
0.911706349206349,0.138114803792752,0.163859273741496,0.0308210384075375,1.49998798561671
0.911805555555556,0.138103517052049,0.163848881683912,0.030806296235539,1.50006942621123
0.911904761904762,0.138092231412327,0.163838489266335,0.0307915611090297,1.50015085898248
0.912003968253968,0.1380809468734,0.163828096489329,0.030776833024769,1.50023228393173
0.912103174603175,0.138069663435083,0.163817703353459,0.0307621119795172,1.50031370106025
0.912202380952381,0.138058381097191,0.163807309859287,0.0307473979700358,1.50039511036929
0.912301587301587,0.13804709985954,0.163796916007379,0.0307326909930874,1.50047651186014
0.912400793650794,0.138035819721943,0.163786521798299,0.0307179910454356,1.50055790553406
0.9125,0.138024540684217,0.163776127232608,0.030703298123845,1.50063929139231
0.912599206349206,0.138013262746176,0.163765732310872,0.0306886122250813,1.50072066943617
0.912698412698413,0.138001985907636,0.163755337033654,0.0306739333459114,1.5008020396669
0.912797619047619,0.137990710168412,0.163744941401515,0.030659261483103,1.50088340208576
0.912896825396825,0.137979435528319,0.163734545415019,0.0306445966334252,1.50096475669402
0.912996031746032,0.137968161987173,0.163724149074729,0.0306299387936478,1.50104610349296
0.913095238095238,0.137956889544788,0.163713752381206,0.0306152879605419,1.50112744248382
0.913194444444444,0.137945618200981,0.163703355335013,0.0306006441308796,1.50120877366788
0.913293650793651,0.137934347955567,0.163692957936712,0.030586007301434,1.50129009704641
0.913392857142857,0.137923078808361,0.163682560186864,0.0305713774689794,1.50137141262066
0.913492063492063,0.137911810759179,0.163672162086031,0.0305567546302911,1.5014527203919
0.91359126984127,0.137900543807836,0.163661763634775,0.0305421387821453,1.5015340203614
0.913690476190476,0.137889277954149,0.163651364833655,0.0305275299213196,1.50161531253041
0.913789682539683,0.137878013197933,0.163640965683234,0.0305129280445923,1.50169659690021
0.913888888888889,0.137866749539004,0.163630566184071,0.030498333148743,1.50177787347205
0.913988095238095,0.137855486977177,0.163620166336728,0.0304837452305523,1.5018591422472
0.914087301587302,0.137844225512268,0.163609766141764,0.0304691642868018,1.50194040322692
0.914186507936508,0.137832965144094,0.16359936559974,0.0304545903142742,1.50202165641248
0.914285714285714,0.137821705872471,0.163588964711215,0.0304400233097535,1.50210290180512
0.914384920634921,0.137810447697213,0.163578563476749,0.0304254632700242,1.50218413940613
0.914484126984127,0.137799190618138,0.163568161896902,0.0304109101918725,1.50226536921674
0.914583333333333,0.137787934635062,0.163557759972232,0.0303963640720851,1.50234659123824
0.91468253968254,0.1377766797478,0.163547357703298,0.0303818249074502,1.50242780547187
0.914781746031746,0.137765425956169,0.16353695509066,0.0303672926947569,1.50250901191891
0.914880952380952,0.137754173259985,0.163526552134876,0.0303527674307953,1.5025902105806
0.914980158730159,0.137742921659065,0.163516148836505,0.0303382491123565,1.50267140145821
0.915079365079365,0.137731671153224,0.163505745196104,0.0303237377362329,1.50275258455299
0.915178571428571,0.13772042174228,0.163495341214232,0.0303092332992178,1.50283375986622
0.915277777777778,0.137709173426048,0.163484936891445,0.0302947357981057,1.50291492739914
0.915376984126984,0.137697926204345,0.163474532228303,0.0302802452296919,1.50299608715301
0.915476190476191,0.137686680076988,0.163464127225362,0.0302657615907729,1.5030772391291
0.915575396825397,0.137675435043794,0.16345372188318,0.0302512848781465,1.50315838332866
0.915674603174603,0.137664191104578,0.163443316202312,0.0302368150886111,1.50323951975294
0.915773809523809,0.137652948259157,0.163432910183317,0.0302223522189666,1.50332064840321
0.915873015873016,0.137641706507349,0.16342250382675,0.0302078962660136,1.50340176928073
0.915972222222222,0.13763046584897,0.163412097133169,0.0301934472265541,1.50348288238674
0.916071428571429,0.137619226283837,0.163401690103128,0.0301790050973908,1.50356398772251
0.916170634920635,0.137607987811767,0.163391282737184,0.0301645698753279,1.50364508528929
0.916269841269841,0.137596750432576,0.163380875035892,0.0301501415571701,1.50372617508833
0.916369047619048,0.137585514146082,0.163370466999809,0.0301357201397238,1.50380725712091
0.916468253968254,0.137574278952102,0.163360058629489,0.0301213056197959,1.50388833138826
0.91656746031746,0.137563044850452,0.163349649925488,0.0301068979941947,1.50396939789164
0.916666666666667,0.13755181184095,0.16333924088836,0.0300924972597295,1.50405045663231
0.916765873015873,0.137540579923414,0.163328831518659,0.0300781034132105,1.50413150761153
0.916865079365079,0.137529349097659,0.163318421816942,0.0300637164514493,1.50421255083054
0.916964285714286,0.137518119363504,0.163308011783761,0.0300493363712581,1.5042935862906
0.917063492063492,0.137506890720766,0.16329760141967,0.0300349631694506,1.50437461399297
0.917162698412698,0.137495663169262,0.163287190725224,0.0300205968428412,1.5044556339389
0.917261904761905,0.13748443670881,0.163276779700977,0.0300062373882458,1.50453664612963
0.917361111111111,0.137473211339226,0.163266368347481,0.0299918848024808,1.50461765056643
0.917460317460317,0.13746198706033,0.16325595666529,0.0299775390823642,1.50469864725054
0.917559523809524,0.137450763871937,0.163245544654956,0.0299632002247146,1.50477963618322
0.91765873015873,0.137439541773866,0.163235132317034,0.0299488682263521,1.50486061736572
0.917757936507937,0.137428320765934,0.163224719652074,0.0299345430840975,1.50494159079929
0.917857142857143,0.137417100847959,0.16321430666063,0.0299202247947728,1.50502255648519
0.917956349206349,0.137405882019759,0.163203893343254,0.0299059133552012,1.50510351442465
0.918055555555556,0.137394664281151,0.163193479700498,0.0298916087622067,1.50518446461894
0.918154761904762,0.137383447631954,0.163183065732914,0.0298773110126146,1.5052654070693
0.918253968253968,0.137372232071985,0.163172651441052,0.0298630201032511,1.50534634177699
0.918353174603175,0.137361017601062,0.163162236825465,0.0298487360309435,1.50542726874324
0.918452380952381,0.137349804219004,0.163151821886703,0.0298344587925201,1.50550818796932
0.918551587301587,0.137338591925627,0.163141406625318,0.0298201883848106,1.50558909945648
0.918650793650794,0.137327380720751,0.163130991041861,0.0298059248046452,1.50567000320595
0.91875,0.137316170604193,0.163120575136881,0.0297916680488557,1.50575089921899
0.918849206349206,0.137304961575772,0.163110158910929,0.0297774181142746,1.50583178749684
0.918948412698413,0.137293753635305,0.163099742364556,0.0297631749977356,1.50591266804077
0.919047619047619,0.137282546782612,0.16308932549831,0.0297489386960734,1.505993540852
0.919146825396825,0.13727134101751,0.163078908312743,0.029734709206124,1.5060744059318
0.919246031746032,0.137260136339817,0.163068490808403,0.0297204865247241,1.5061552632814
0.919345238095238,0.137248932749353,0.16305807298584,0.0297062706487117,1.50623611290205
0.919444444444445,0.137237730245935,0.163047654845602,0.0296920615749258,1.506316954795
0.919543650793651,0.137226528829382,0.163037236388239,0.0296778593002064,1.5063977889615
0.919642857142857,0.137215328499513,0.163026817614299,0.0296636638213947,1.50647861540279
0.919742063492064,0.137204129256147,0.163016398524331,0.0296494751353329,1.50655943412012
0.91984126984127,0.137192931099101,0.163005979118882,0.0296352932388642,1.50664024511473
0.919940476190476,0.137181734028194,0.162995559398502,0.0296211181288328,1.50672104838787
0.920039682539682,0.137170538043246,0.162985139363738,0.0296069498020843,1.50680184394078
0.920138888888889,0.137159343144075,0.162974719015137,0.029592788255465,1.50688263177471
0.920238095238095,0.1371481493305,0.162964298353247,0.0295786334858224,1.5069634118909
0.920337301587302,0.13713695660234,0.162953877378615,0.029564485490005,1.50704418429059
0.920436507936508,0.137125764959414,0.162943456091789,0.0295503442648625,1.50712494897503
0.920535714285714,0.13711457440154,0.162933034493314,0.0295362098072456,1.50720570594546
0.920634920634921,0.137103384928539,0.162922612583738,0.029522082114006,1.50728645520312
0.920734126984127,0.137092196540228,0.162912190363606,0.0295079611819965,1.50736719674926
0.920833333333333,0.137081009236427,0.162901767833466,0.0294938470080709,1.50744793058511
0.92093253968254,0.137069823016956,0.162891344993863,0.0294797395890843,1.50752865671193
0.921031746031746,0.137058637881633,0.162880921845343,0.0294656389218925,1.50760937513095
0.921130952380952,0.137047453830277,0.162870498388451,0.0294515450033527,1.50769008584341
0.921230158730159,0.137036270862709,0.162860074623733,0.0294374578303229,1.50777078885056
0.921329365079365,0.137025088978747,0.162849650551734,0.0294233773996624,1.50785148415363
0.921428571428571,0.13701390817821,0.162839226172999,0.0294093037082313,1.50793217175387
0.921527777777778,0.137002728460919,0.162828801488073,0.029395236752891,1.50801285165251
0.921626984126984,0.136991549826693,0.162818376497499,0.0293811765305038,1.5080935238508
0.92172619047619,0.136980372275351,0.162807951201823,0.0293671230379332,1.50817418834998
0.921825396825397,0.136969195806714,0.162797525601589,0.0293530762720436,1.50825484515128
0.921924603174603,0.136958020420599,0.16278709969734,0.0293390362297006,1.50833549425594
0.92202380952381,0.136946846116828,0.162776673489621,0.0293250029077707,1.50841613566521
0.922123015873016,0.136935672895221,0.162766246978974,0.0293109763031218,1.50849676938031
0.922222222222222,0.136924500755596,0.162755820165943,0.0292969564126224,1.5085773954025
0.922321428571429,0.136913329697773,0.162745393051071,0.0292829432331424,1.508658013733
0.922420634920635,0.136902159721574,0.162734965634901,0.0292689367615527,1.50873862437306
0.922519841269841,0.136890990826817,0.162724537917976,0.0292549369947251,1.5088192273239
0.922619047619048,0.136879823013322,0.162714109900838,0.0292409439295327,1.50889982258678
0.922718253968254,0.13686865628091,0.162703681584029,0.0292269575628494,1.50898041016292
0.92281746031746,0.136857490629401,0.162693252968092,0.0292129778915505,1.50906099005356
0.922916666666667,0.136846326058614,0.162682824053567,0.029199004912512,1.50914156225994
0.923015873015873,0.136835162568371,0.162672394840998,0.0291850386226112,1.50922212678329
0.923115079365079,0.136824000158491,0.162661965330925,0.0291710790187264,1.50930268362486
0.923214285714286,0.136812838828794,0.162651535523889,0.0291571260977369,1.50938323278586
0.923313492063492,0.136801678579101,0.162641105420432,0.0291431798565232,1.50946377426754
0.923412698412698,0.136790519409233,0.162630675021095,0.0291292402919667,1.50954430807114
0.923511904761905,0.136779361319009,0.162620244326417,0.0291153074009499,1.50962483419788
0.923611111111111,0.13676820430825,0.16260981333694,0.0291013811803565,1.50970535264901
0.923710317460318,0.136757048376777,0.162599382053203,0.0290874616270711,1.50978586342575
0.923809523809524,0.13674589352441,0.162588950475746,0.0290735487379795,1.50986636652934
0.92390873015873,0.13673473975097,0.16257851860511,0.0290596425099684,1.50994686196101
0.924007936507937,0.136723587056277,0.162568086441834,0.0290457429399257,1.51002734972199
0.924107142857143,0.136712435440153,0.162557653986457,0.0290318500247402,1.51010782981352
0.924206349206349,0.136701284902417,0.162547221239518,0.0290179637613021,1.51018830223684
0.924305555555555,0.136690135442891,0.162536788201556,0.0290040841465022,1.51026876699316
0.924404761904762,0.136678987061396,0.162526354873111,0.0289902111772327,1.51034922408372
0.924503968253968,0.136667839757753,0.16251592125472,0.0289763448503868,1.51042967350976
0.924603174603175,0.136656693531782,0.162505487346922,0.0289624851628587,1.5105101152725
0.924702380952381,0.136645548383304,0.162495053150255,0.0289486321115436,1.51059054937318
0.924801587301587,0.136634404312141,0.162484618665257,0.0289347856933379,1.51067097581302
0.924900793650794,0.136623261318113,0.162474183892466,0.028920945905139,1.51075139459326
0.925,0.136612119401043,0.162463748832419,0.0289071127438454,1.51083180571512
0.925099206349206,0.13660097856075,0.162453313485653,0.0288932862063565,1.51091220917984
0.925198412698413,0.136589838797056,0.162442877852706,0.0288794662895731,1.51099260498865
0.925297619047619,0.136578700109783,0.162432441934114,0.0288656529903967,1.51107299314277
0.925396825396825,0.136567562498752,0.162422005730414,0.0288518463057301,1.51115337364343
0.925496031746032,0.136556425963784,0.162411569242143,0.028838046232477,1.51123374649186
0.925595238095238,0.136545290504701,0.162401132469836,0.0288242527675423,1.51131411168929
0.925694444444444,0.136534156121323,0.162390695414031,0.0288104659078318,1.51139446923694
0.925793650793651,0.136523022813474,0.162380258075262,0.0287966856502526,1.51147481913605
0.925892857142857,0.136511890580973,0.162369820454065,0.0287829119917127,1.51155516138784
0.925992063492063,0.136500759423644,0.162359382550976,0.0287691449291211,1.51163549599354
0.92609126984127,0.136489629341307,0.16234894436653,0.028755384459388,1.51171582295437
0.926190476190476,0.136478500333784,0.162338505901262,0.0287416305794246,1.51179614227156
0.926289682539683,0.136467372400897,0.162328067155707,0.0287278832861433,1.51187645394634
0.926388888888889,0.136456245542468,0.162317628130399,0.0287141425764572,1.51195675797993
0.926488095238095,0.136445119758318,0.162307188825873,0.0287004084472809,1.51203705437356
0.926587301587302,0.13643399504827,0.162296749242663,0.0286866808955297,1.51211734312845
0.926686507936508,0.136422871412146,0.162286309381303,0.0286729599181202,1.51219762424583
0.926785714285714,0.136411748849767,0.162275869242327,0.02865924551197,1.51227789772692
0.926884920634921,0.136400627360956,0.162265428826268,0.0286455376739978,1.51235816357295
0.926984126984127,0.136389506945535,0.16225498813366,0.0286318364011231,1.51243842178513
0.927083333333333,0.136378387603325,0.162244547165036,0.0286181416902669,1.5125186723647
0.92718253968254,0.13636726933415,0.162234105920928,0.0286044535383509,1.51259891531288
0.927281746031746,0.136356152137831,0.16222366440187,0.0285907719422981,1.51267915063089
0.927380952380952,0.13634503601419,0.162213222608395,0.0285770968990323,1.51275937831995
0.927480158730159,0.13633392096305,0.162202780541033,0.0285634284054786,1.51283959838128
0.927579365079365,0.136322806984234,0.162192338200318,0.028549766458563,1.51291981081611
0.927678571428571,0.136311694077563,0.162181895586782,0.0285361110552128,1.51300001562566
0.927777777777778,0.136300582242861,0.162171452700955,0.0285224621923561,1.51308021281115
0.927876984126984,0.13628947147995,0.16216100954337,0.0285088198669222,1.51316040237381
0.927976190476191,0.136278361788651,0.162150566114559,0.0284951840758414,1.51324058431484
0.928075396825397,0.136267253168789,0.162140122415051,0.0284815548160451,1.51332075863548
0.928174603174603,0.136256145620186,0.162129678445378,0.0284679320844657,1.51340092533694
0.928273809523809,0.136245039142664,0.162119234206071,0.0284543158780368,1.51348108442045
0.928373015873016,0.136233933736046,0.16210878969766,0.0284407061936929,1.51356123588722
0.928472222222222,0.136222829400155,0.162098344920675,0.0284271030283697,1.51364137973847
0.928571428571429,0.136211726134814,0.162087899875646,0.0284135063790039,1.51372151597543
0.928670634920635,0.136200623939845,0.162077454563104,0.0283999162425331,1.5138016445993
0.928769841269841,0.136189522815073,0.162067008983578,0.0283863326158963,1.51388176561132
0.928869047619048,0.136178422760319,0.162056563137597,0.0283727554960334,1.51396187901269
0.928968253968254,0.136167323775407,0.16204611702569,0.0283591848798852,1.51404198480464
0.92906746031746,0.13615622586016,0.162035670648387,0.0283456207643938,1.51412208298838
0.929166666666667,0.136145129014401,0.162025224006217,0.0283320631465023,1.51420217356513
0.929265873015873,0.136134033237954,0.162014777099707,0.0283185120231547,1.51428225653611
0.929365079365079,0.136122938530641,0.162004329929387,0.0283049673912963,1.51436233190254
0.929464285714286,0.136111844892285,0.161993882495784,0.0282914292478734,1.51444239966562
0.929563492063492,0.136100752322711,0.161983434799427,0.0282778975898332,1.51452245982658
0.929662698412698,0.136089660821742,0.161972986840843,0.0282643724141241,1.51460251238664
0.929761904761905,0.136078570389201,0.16196253862056,0.0282508537176957,1.51468255734701
0.929861111111111,0.136067481024911,0.161952090139105,0.0282373414974982,1.5147625947089
0.929960317460318,0.136056392728696,0.161941641397006,0.0282238357504834,1.51484262447353
0.930059523809524,0.13604530550038,0.161931192394789,0.028210336473604,1.51492264664211
0.93015873015873,0.136034219339786,0.161920743132981,0.0281968436638134,1.51500266121586
0.930257936507937,0.136023134246739,0.161910293612109,0.0281833573180666,1.51508266819599
0.930357142857143,0.13601205022106,0.161899843832699,0.0281698774333192,1.51516266758372
0.930456349206349,0.136000967262576,0.161889393795277,0.0281564040065283,1.51524265938026
0.930555555555556,0.135989885371109,0.161878943500369,0.0281429370346517,1.51532264358682
0.930654761904762,0.135978804546483,0.161868492948501,0.0281294765146484,1.51540262020462
0.930753968253968,0.135967724788522,0.161858042140198,0.0281160224434786,1.51548258923487
0.930853174603175,0.13595664609705,0.161847591075986,0.0281025748181032,1.51556255067878
0.930952380952381,0.135945568471891,0.161837139756389,0.0280891336354846,1.51564250453756
0.931051587301587,0.13593449191287,0.161826688181933,0.0280756988925859,1.51572245081242
0.931150793650794,0.13592341641981,0.161816236353142,0.0280622705863714,1.51580238950458
0.93125,0.135912341992535,0.16180578427054,0.0280488487138066,1.51588232061525
0.931349206349206,0.13590126863087,0.161795331934653,0.0280354332718578,1.51596224414564
0.931448412698413,0.135890196334639,0.161784879346003,0.0280220242574926,1.51604216009695
0.931547619047619,0.135879125103666,0.161774426505116,0.0280086216676795,1.51612206847041
0.931646825396826,0.135868054937776,0.161763973412514,0.0279952254993881,1.51620196926721
0.931746031746032,0.135856985836793,0.161753520068721,0.0279818357495891,1.51628186248858
0.931845238095238,0.135845917800542,0.16174306647426,0.0279684524152543,1.51636174813571
0.931944444444444,0.135834850828846,0.161732612629654,0.0279550754933564,1.51644162620981
0.932043650793651,0.135823784921531,0.161722158535426,0.0279417049808694,1.51652149671211
0.932142857142857,0.135812720078421,0.161711704192099,0.0279283408747681,1.5166013596438
0.932242063492064,0.13580165629934,0.161701249600195,0.0279149831720286,1.51668121500609
0.93234126984127,0.135790593584114,0.161690794760236,0.0279016318696278,1.51676106280019
0.932440476190476,0.135779531932568,0.161680339672744,0.0278882869645439,1.51684090302731
0.932539682539682,0.135768471344525,0.161669884338241,0.0278749484537562,1.51692073568865
0.932638888888889,0.135757411819811,0.161659428757249,0.0278616163342447,1.51700056078543
0.932738095238095,0.135746353358251,0.161648972930289,0.0278482906029909,1.51708037831885
0.932837301587302,0.13573529595967,0.161638516857882,0.027834971256977,1.51716018829011
0.932936507936508,0.135724239623892,0.161628060540548,0.0278216582931866,1.51723999070043
0.933035714285714,0.135713184350742,0.16161760397881,0.027808351708604,1.517319785551
0.933134920634921,0.135702130140047,0.161607147173187,0.0277950515002149,1.51739957284303
0.933234126984127,0.13569107699163,0.1615966901242,0.0277817576650059,1.51747935257774
0.933333333333333,0.135680024905317,0.161586232832368,0.0277684701999645,1.51755912475631
0.93343253968254,0.135668973880934,0.161575775298212,0.0277551891020796,1.51763888937997
0.933531746031746,0.135657923918305,0.161565317522252,0.027741914368341,1.5177186464499
0.933630952380952,0.135646875017255,0.161554859505006,0.0277286459957395,1.51779839596733
0.933730158730159,0.135635827177611,0.161544401246995,0.0277153839812669,1.51787813793344
0.933829365079365,0.135624780399198,0.161533942748737,0.0277021283219165,1.51795787234945
0.933928571428571,0.135613734681841,0.161523484010751,0.027688879014682,1.51803759921655
0.934027777777778,0.135602690025365,0.161513025033557,0.0276756360565587,1.51811731853595
0.934126984126984,0.135591646429596,0.161502565817671,0.0276623994445427,1.51819703030886
0.93422619047619,0.13558060389436,0.161492106363613,0.0276491691756313,1.51827673453647
0.934325396825397,0.135569562419482,0.161481646671901,0.0276359452468228,1.51835643121999
0.934424603174603,0.135558522004788,0.161471186743053,0.0276227276551164,1.51843612036061
0.93452380952381,0.135547482650105,0.161460726577585,0.0276095163975126,1.51851580195954
0.934623015873016,0.135536444355256,0.161450266176017,0.0275963114710129,1.51859547601799
0.934722222222222,0.13552540712007,0.161439805538864,0.0275831128726199,1.51867514253714
0.934821428571429,0.13551437094437,0.161429344666644,0.0275699205993371,1.51875480151821
0.934920634920635,0.135503335827984,0.161418883559874,0.0275567346481692,1.51883445296239
0.935019841269841,0.135492301770737,0.16140842221907,0.0275435550161219,1.51891409687088
0.935119047619048,0.135481268772455,0.161397960644749,0.027530381700202,1.51899373324489
0.935218253968254,0.135470236832965,0.161387498837427,0.0275172146974173,1.5190733620856
0.93531746031746,0.135459205952092,0.16137703679762,0.0275040540047768,1.51915298339422
0.935416666666667,0.135448176129663,0.161366574525843,0.0274908996192905,1.51923259717196
0.935515873015873,0.135437147365504,0.161356112022613,0.0274777515379693,1.51931220342
0.935615079365079,0.135426119659441,0.161345649288444,0.0274646097578254,1.51939180213954
0.935714285714286,0.135415093011301,0.161335186323853,0.0274514742758719,1.51947139333179
0.935813492063492,0.135404067420909,0.161324723129353,0.0274383450891231,1.51955097699794
0.935912698412699,0.135393042888093,0.161314259705459,0.0274252221945941,1.51963055313918
0.936011904761905,0.135382019412678,0.161303796052687,0.0274121055893015,1.51971012175673
0.936111111111111,0.135370996994492,0.16129333217155,0.0273989952702625,1.51978968285176
0.936210317460317,0.13535997563336,0.161282868062563,0.0273858912344957,1.51986923642548
0.936309523809524,0.13534895532911,0.161272403726239,0.0273727934790206,1.51994878247908
0.93640873015873,0.135337936081568,0.161261939163092,0.0273597020008577,1.52002832101377
0.936507936507937,0.135326917890561,0.161251474373636,0.0273466167970288,1.52010785203072
0.936607142857143,0.135315900755916,0.161241009358384,0.0273335378645565,1.52018737553115
0.936706349206349,0.135304884677459,0.161230544117849,0.0273204652004646,1.52026689151625
0.936805555555556,0.135293869655017,0.161220078652545,0.027307398801778,1.5203463999872
0.936904761904762,0.135282855688417,0.161209612962983,0.0272943386655225,1.52042590094521
0.937003968253968,0.135271842777486,0.161199147049676,0.0272812847887252,1.52050539439146
0.937103174603175,0.135260830922051,0.161188680913136,0.027268237168414,1.52058488032716
0.937202380952381,0.13524982012194,0.161178214553876,0.027255195801618,1.52066435875349
0.937301587301587,0.135238810376978,0.161167747972407,0.0272421606853674,1.52074382967165
0.937400793650794,0.135227801686994,0.161157281169241,0.0272291318166934,1.52082329308283
0.9375,0.135216794051814,0.16114681414489,0.0272161091926283,1.52090274898823
0.937599206349206,0.135205787471267,0.161136346899865,0.0272030928102054,1.52098219738903
0.937698412698413,0.135194781945178,0.161125879434676,0.0271900826664592,1.52106163828642
0.937797619047619,0.135183777473375,0.161115411749834,0.0271770787584249,1.52114107168161
0.937896825396825,0.135172774055686,0.161104943845851,0.0271640810831393,1.52122049757578
0.937996031746032,0.135161771691939,0.161094475723236,0.0271510896376398,1.52129991597012
0.938095238095238,0.13515077038196,0.1610840073825,0.0271381044189652,1.52137932686582
0.938194444444444,0.135139770125577,0.161073538824153,0.0271251254241551,1.52145873026407
0.938293650793651,0.135128770922618,0.161063070048705,0.0271121526502502,1.52153812616606
0.938392857142857,0.13511777277291,0.161052601056664,0.0270991860942925,1.52161751457299
0.938492063492063,0.135106775676281,0.161042131848541,0.0270862257533248,1.52169689548604
0.93859126984127,0.135095779632559,0.161031662424845,0.0270732716243911,1.5217762689064
0.938690476190476,0.135084784641571,0.161021192786084,0.0270603237045363,1.52185563483527
0.938789682539683,0.135073790703146,0.161010722932767,0.0270473819908067,1.52193499327382
0.938888888888889,0.135062797817111,0.161000252865404,0.0270344464802492,1.52201434422325
0.938988095238095,0.135051805983294,0.160989782584502,0.0270215171699121,1.52209368768474
0.939087301587302,0.135040815201522,0.160979312090569,0.0270085940568448,1.52217302365949
0.939186507936508,0.135029825471625,0.160968841384113,0.0269956771380974,1.52225235214867
0.939285714285714,0.13501883679343,0.160958370465643,0.0269827664107214,1.52233167315349
0.939384920634921,0.135007849166765,0.160947899335665,0.0269698618717693,1.52241098667512
0.939484126984127,0.134996862591458,0.160937427994687,0.0269569635182945,1.52249029271475
0.939583333333333,0.134985877067338,0.160926956443216,0.0269440713473516,1.52256959127357
0.93968253968254,0.134974892594233,0.160916484681759,0.0269311853559963,1.52264888235276
0.939781746031746,0.13496390917197,0.160906012710822,0.0269183055412853,1.52272816595351
0.939880952380952,0.134952926800379,0.160895540530913,0.0269054319002763,1.52280744207701
0.939980158730159,0.134941945479287,0.160885068142536,0.0268925644300282,1.52288671072443
0.940079365079365,0.134930965208524,0.160874595546199,0.0268797031276007,1.52296597189697
0.940178571428571,0.134919985987917,0.160864122742407,0.026866847990055,1.52304522559581
0.940277777777778,0.134909007817296,0.160853649731667,0.0268539990144529,1.52312447182213
0.940376984126984,0.134898030696488,0.160843176514482,0.0268411561978576,1.52320371057712
0.94047619047619,0.134887054625323,0.160832703091359,0.0268283195373332,1.52328294186196
0.940575396825397,0.134876079603628,0.160822229462803,0.0268154890299449,1.52336216567783
0.940674603174603,0.134865105631234,0.160811755629318,0.0268026646727589,1.52344138202592
0.94077380952381,0.134854132707968,0.160801281591409,0.0267898464628426,1.52352059090741
0.940873015873016,0.134843160833659,0.16079080734958,0.0267770343972643,1.52359979232349
0.940972222222222,0.134832190008136,0.160780332904336,0.0267642284730935,1.52367898627532
0.941071428571429,0.134821220231229,0.160769858256181,0.0267514286874007,1.5237581727641
0.941170634920635,0.134810251502766,0.160759383405618,0.0267386350372574,1.52383735179102
0.941269841269841,0.134799283822575,0.160748908353151,0.0267258475197363,1.52391652335724
0.941369047619048,0.134788317190487,0.160738433099284,0.026713066131911,1.52399568746394
0.941468253968254,0.13477735160633,0.160727957644519,0.0267002908708564,1.52407484411232
0.94156746031746,0.134766387069934,0.16071748198936,0.0266875217336483,1.52415399330356
0.941666666666667,0.134755423581127,0.160707006134309,0.0266747587173634,1.52423313503882
0.941765873015873,0.134744461139739,0.160696530079869,0.0266620018190798,1.52431226931929
0.941865079365079,0.134733499745599,0.160686053826542,0.0266492510358764,1.52439139614615
0.941964285714286,0.134722539398536,0.16067557737483,0.0266365063648333,1.52447051552059
0.942063492063492,0.134711580098381,0.160665100725236,0.0266237678030316,1.52454962744377
0.942162698412698,0.134700621844961,0.160654623878261,0.0266110353475536,1.52462873191687
0.942261904761905,0.134689664638108,0.160644146834406,0.0265983089954824,1.52470782894109
0.942361111111111,0.13467870847765,0.160633669594173,0.0265855887439025,1.52478691851758
0.942460317460318,0.134667753363417,0.160623192158062,0.026572874589899,1.52486600064754
0.942559523809524,0.134656799295238,0.160612714526576,0.0265601665305585,1.52494507533213
0.94265873015873,0.134645846272943,0.160602236700214,0.0265474645629685,1.52502414257254
0.942757936507936,0.134634894296363,0.160591758679477,0.0265347686842176,1.52510320236995
0.942857142857143,0.134623943365326,0.160581280464866,0.0265220788913952,1.52518225472552
0.942956349206349,0.134612993479663,0.160570802056879,0.0265093951815923,1.52526129964043
0.943055555555556,0.134602044639203,0.160560323456018,0.0264967175519003,1.52534033711587
0.943154761904762,0.134591096843776,0.160549844662782,0.0264840459994123,1.525419367153
0.943253968253968,0.134580150093213,0.16053936567767,0.026471380521222,1.52549838975301
0.943353174603175,0.134569204387343,0.160528886501181,0.0264587211144243,1.52557740491706
0.943452380952381,0.134558259725997,0.160518407133815,0.0264460677761154,1.52565641264633
0.943551587301587,0.134547316109004,0.16050792757607,0.0264334205033921,1.525735412942
0.943650793650794,0.134536373536194,0.160497447828446,0.0264207792933527,1.52581440580524
0.94375,0.134525432007399,0.16048696789144,0.0264081441430963,1.52589339123722
0.943849206349206,0.134514491522447,0.16047648776555,0.0263955150497232,1.52597236923912
0.943948412698413,0.13450355208117,0.160466007451275,0.0263828920103345,1.52605133981211
0.944047619047619,0.134492613683398,0.160455526949113,0.0263702750220328,1.52613030295736
0.944146825396825,0.134481676328961,0.16044504625956,0.0263576640819214,1.52620925867605
0.944246031746032,0.134470740017689,0.160434565383115,0.0263450591871049,1.52628820696935
0.944345238095238,0.134459804749414,0.160424084320275,0.0263324603346887,1.52636714783843
0.944444444444444,0.134448870523965,0.160413603071536,0.0263198675217795,1.52644608128447
0.944543650793651,0.134437937341174,0.160403121637395,0.026307280745485,1.52652500730862
0.944642857142857,0.13442700520087,0.160392640018349,0.0262947000029138,1.52660392591207
0.944742063492063,0.134416074102885,0.160382158214894,0.0262821252911758,1.52668283709599
0.94484126984127,0.134405144047049,0.160371676227527,0.0262695566073818,1.52676174086154
0.944940476190476,0.134394215033194,0.160361194056743,0.0262569939486439,1.52684063720991
0.945039682539683,0.134383287061149,0.160350711703038,0.0262444373120748,1.52691952614224
0.945138888888889,0.134372360130746,0.160340229166907,0.0262318866947888,1.52699840765973
0.945238095238095,0.134361434241815,0.160329746448847,0.0262193420939008,1.52707728176353
0.945337301587302,0.134350509394189,0.160319263549351,0.0262068035065271,1.52715614845481
0.945436507936508,0.134339585587697,0.160308780468915,0.0261942709297849,1.52723500773475
0.945535714285714,0.13432866282217,0.160298297208033,0.0261817443607924,1.52731385960451
0.945634920634921,0.134317741097441,0.160287813767201,0.0261692237966691,1.52739270406526
0.945734126984127,0.13430682041334,0.160277330146912,0.0261567092345354,1.52747154111818
0.945833333333333,0.134295900769698,0.16026684634766,0.0261442006715127,1.52755037076441
0.94593253968254,0.134284982166346,0.160256362369939,0.0261316981047235,1.52762919300514
0.946031746031746,0.134274064603117,0.160245878214243,0.0261192015312915,1.52770800784153
0.946130952380952,0.13426314807984,0.160235393881066,0.0261067109483414,1.52778681527475
0.946230158730159,0.134252232596348,0.1602249093709,0.0260942263529988,1.52786561530596
0.946329365079365,0.134241318152472,0.160214424684239,0.0260817477423905,1.52794440793633
0.946428571428571,0.134230404748044,0.160203939821575,0.0260692751136445,1.52802319316703
0.946527777777778,0.134219492382895,0.160193454783401,0.0260568084638895,1.52810197099922
0.946626984126984,0.134208581056857,0.16018296957021,0.0260443477902557,1.52818074143406
0.946726190476191,0.13419767076976,0.160172484182494,0.0260318930898739,1.52825950447273
0.946825396825397,0.134186761521438,0.160161998620744,0.0260194443598764,1.52833826011638
0.946924603174603,0.134175853311722,0.160151512885452,0.0260070015973962,1.52841700836618
0.947023809523809,0.134164946140443,0.160141026977111,0.0259945647995676,1.5284957492233
0.947123015873016,0.134154040007434,0.160130540896211,0.0259821339635259,1.5285744826889
0.947222222222222,0.134143134912526,0.160120054643244,0.0259697090864075,1.52865320876413
0.947321428571429,0.134132230855551,0.160109568218701,0.0259572901653496,1.52873192745018
0.947420634920635,0.134121327836341,0.160099081623071,0.0259448771974909,1.52881063874819
0.947519841269841,0.134110425854729,0.160088594856847,0.0259324701799707,1.52888934265933
0.947619047619048,0.134099524910546,0.160078107920518,0.0259200691099298,1.52896803918476
0.947718253968254,0.134088625003624,0.160067620814575,0.0259076739845098,1.52904672832565
0.94781746031746,0.134077726133796,0.160057133539507,0.0258952848008533,1.52912541008315
0.947916666666667,0.134066828300893,0.160046646095803,0.0258829015561043,1.52920408445843
0.948015873015873,0.134055931504749,0.160036158483955,0.0258705242474074,1.52928275145265
0.948115079365079,0.134045035745195,0.16002567070445,0.0258581528719087,1.52936141106697
0.948214285714286,0.134034141022064,0.160015182757779,0.025845787426755,1.52944006330256
0.948313492063492,0.134023247335188,0.160004694644429,0.0258334279090944,1.52951870816056
0.948412698412698,0.1340123546844,0.15999420636489,0.0258210743160761,1.52959734564214
0.948511904761905,0.134001463069532,0.159983717919651,0.02580872664485,1.52967597574846
0.948611111111111,0.133990572490417,0.159973229309198,0.0257963848925676,1.52975459848068
0.948710317460317,0.133979682946887,0.159962740534021,0.0257840490563809,1.52983321383996
0.948809523809524,0.133968794438775,0.159952251594607,0.0257717191334434,1.52991182182746
0.94890873015873,0.133957906965913,0.159941762491445,0.0257593951209095,1.52999042244433
0.949007936507937,0.133947020528135,0.159931273225021,0.0257470770159346,1.53006901569173
0.949107142857143,0.133936135125273,0.159920783795822,0.0257347648156753,1.53014760157083
0.949206349206349,0.13392525075716,0.159910294204337,0.0257224585172891,1.53022618008278
0.949305555555556,0.133914367423629,0.15989980445105,0.0257101581179346,1.53030475122873
0.949404761904762,0.133903485124513,0.15988931453645,0.0256978636147717,1.53038331500984
0.949503968253968,0.133892603859645,0.159878824461023,0.025685575004961,1.53046187142728
0.949603174603175,0.133881723628858,0.159868334225255,0.0256732922856644,1.53054042048219
0.949702380952381,0.133870844431985,0.159857843829631,0.0256610154540447,1.53061896217574
0.949801587301587,0.133859966268859,0.159847353274638,0.0256487445072661,1.53069749650907
0.949900793650794,0.133849089139313,0.159836862560761,0.0256364794424933,1.53077602348335
0.95,0.133838213043181,0.159826371688486,0.0256242202568926,1.53085454309972
0.950099206349206,0.133827337980295,0.159815880658298,0.0256119669476311,1.53093305535935
0.950198412698413,0.13381646395049,0.159805389470682,0.0255997195118769,1.53101156026339
0.950297619047619,0.133805590953598,0.159794898126122,0.0255874779467994,1.53109005781299
0.950396825396825,0.133794718989453,0.159784406625103,0.0255752422495689,1.5311685480093
0.950496031746032,0.133783848057888,0.159773914968109,0.0255630124173567,1.53124703085349
0.950595238095238,0.133772978158737,0.159763423155625,0.0255507884473353,1.5313255063467
0.950694444444445,0.133762109291834,0.159752931188135,0.0255385703366782,1.53140397449009
0.950793650793651,0.133751241457012,0.159742439066122,0.0255263580825601,1.5314824352848
0.950892857142857,0.133740374654104,0.15973194679007,0.0255141516821565,1.531560888732
0.950992063492064,0.133729508882945,0.159721454360462,0.0255019511326441,1.53163933483284
0.95109126984127,0.133718644143368,0.159710961777781,0.0254897564312007,1.53171777358846
0.951190476190476,0.133707780435208,0.15970046904251,0.0254775675750052,1.53179620500001
0.951289682539682,0.133696917758297,0.159689976155132,0.0254653845612374,1.53187462906866
0.951388888888889,0.133686056112469,0.15967948311613,0.0254532073870781,1.53195304579555
0.951488095238095,0.13367519549756,0.159668989925985,0.0254410360497096,1.53203145518183
0.951587301587302,0.133664335913402,0.159658496585179,0.0254288705463148,1.53210985722865
0.951686507936508,0.133653477359829,0.159648003094195,0.0254167108740779,1.53218825193716
0.951785714285714,0.133642619836677,0.159637509453515,0.025404557030184,1.53226663930851
0.951884920634921,0.133631763343778,0.159627015663619,0.0253924090118195,1.53234501934385
0.951984126984127,0.133620907880968,0.159616521724989,0.0253802668161715,1.53242339204434
0.952083333333333,0.13361005344808,0.159606027638106,0.0253681304404287,1.53250175741111
0.95218253968254,0.133599200044949,0.159595533403451,0.0253559998817802,1.53258011544532
0.952281746031746,0.133588347671408,0.159585039021504,0.0253438751374167,1.53265846614812
0.952380952380952,0.133577496327293,0.159574544492746,0.0253317562045298,1.53273680952065
0.952480158730159,0.133566646012438,0.159564049817657,0.025319643080312,1.53281514556407
0.952579365079365,0.133555796726677,0.159553554996717,0.025307535761957,1.53289347427951
0.952678571428571,0.133544948469845,0.159543060030406,0.0252954342466597,1.53297179566813
0.952777777777778,0.133534101241776,0.159532564919204,0.0252833385316158,1.53305010973107
0.952876984126984,0.133523255042306,0.159522069663589,0.0252712486140221,1.53312841646949
0.95297619047619,0.133512409871267,0.159511574264042,0.0252591644910768,1.53320671588452
0.953075396825397,0.133501565728497,0.15950107872104,0.0252470861599786,1.53328500797731
0.953174603174603,0.133490722613828,0.159490583035064,0.0252350136179277,1.53336329274902
0.95327380952381,0.133479880527096,0.15948008720659,0.0252229468621252,1.53344157020077
0.953373015873016,0.133469039468136,0.159469591236099,0.0252108858897734,1.53351984033373
0.953472222222222,0.133458199436783,0.159459095124067,0.0251988306980754,1.53359810314903
0.953571428571429,0.133447360432871,0.159448598870973,0.0251867812842355,1.53367635864781
0.953670634920635,0.133436522456236,0.159438102477295,0.0251747376454592,1.53375460683123
0.953769841269841,0.133425685506712,0.159427605943509,0.0251626997789529,1.53383284770043
0.953869047619048,0.133414849584136,0.159417109270094,0.025150667681924,1.53391108125654
0.953968253968254,0.133404014688341,0.159406612457527,0.0251386413515811,1.53398930750072
0.95406746031746,0.133393180819163,0.159396115506284,0.0251266207851339,1.53406752643411
0.954166666666667,0.133382347976438,0.159385618416842,0.025114605979793,1.53414573805784
0.954265873015873,0.133371516160001,0.159375121189677,0.0251025969327702,1.53422394237306
0.954365079365079,0.133360685369686,0.159364623825267,0.0250905936412782,1.53430213938092
0.954464285714286,0.13334985560533,0.159354126324086,0.025078596102531,1.53438032908256
0.954563492063492,0.133339026866768,0.159343628686611,0.0250666043137434,1.53445851147911
0.954662698412698,0.133328199153835,0.159333130913318,0.0250546182721315,1.53453668657172
0.954761904761905,0.133317372466366,0.159322633004682,0.0250426379749123,1.53461485436153
0.954861111111111,0.133306546804198,0.159312134961178,0.025030663419304,1.53469301484968
0.954960317460318,0.133295722167167,0.159301636783281,0.0250186946025256,1.53477116803731
0.955059523809524,0.133284898555106,0.159291138471467,0.0250067315217975,1.53484931392556
0.95515873015873,0.133274075967854,0.159280640026209,0.0249947741743409,1.53492745251557
0.955257936507936,0.133263254405244,0.159270141447982,0.0249828225573783,1.53500558380848
0.955357142857143,0.133252433867114,0.159259642737261,0.024970876668133,1.53508370780543
0.955456349206349,0.133241614353298,0.159249143894519,0.0249589365038295,1.53516182450756
0.955555555555555,0.133230795863633,0.15923864492023,0.0249470020616933,1.535239933916
0.955654761904762,0.133219978397955,0.159228145814868,0.0249350733389512,1.5353180360319
0.955753968253968,0.133209161956099,0.159217646578906,0.0249231503328307,1.53539613085639
0.955853174603175,0.133198346537903,0.159207147212818,0.0249112330405606,1.53547421839061
0.955952380952381,0.133187532143201,0.159196647717076,0.0248993214593707,1.5355522986357
0.956051587301587,0.13317671877183,0.159186148092153,0.0248874155864918,1.53563037159279
0.956150793650794,0.133165906423627,0.159175648338522,0.0248755154191559,1.53570843726303
0.95625,0.133155095098427,0.159165148456654,0.0248636209545959,1.53578649564754
0.956349206349206,0.133144284796067,0.159154648447023,0.0248517321900459,1.53586454674747
0.956448412698413,0.133133475516383,0.159144148310101,0.0248398491227411,1.53594259056395
0.956547619047619,0.133122667259211,0.159133648046358,0.0248279717499175,1.53602062709811
0.956646825396825,0.133111860024389,0.159123147656266,0.0248161000688123,1.5360986563511
0.956746031746032,0.133101053811752,0.159112647140297,0.024804234076664,1.53617667832404
0.956845238095238,0.133090248621137,0.159102146498922,0.0247923737707118,1.53625469301807
0.956944444444444,0.133079444452381,0.159091645732612,0.0247805191481962,1.53633270043433
0.957043650793651,0.133068641305319,0.159081144841837,0.0247686702063587,1.53641070057395
0.957142857142857,0.13305783917979,0.159070643827069,0.0247568269424416,1.53648869343807
0.957242063492063,0.133047038075629,0.159060142688776,0.0247449893536888,1.53656667902781
0.95734126984127,0.133036237992674,0.15904964142743,0.0247331574373449,1.53664465734431
0.957440476190476,0.133025438930761,0.1590391400435,0.0247213311906555,1.5367226283887
0.957539682539683,0.133014640889727,0.159028638537456,0.0247095106108674,1.53680059216212
0.957638888888889,0.133003843869409,0.159018136909767,0.0246976956952286,1.5368785486657
0.957738095238095,0.132993047869644,0.159007635160903,0.0246858864409879,1.53695649790057
0.957837301587302,0.132982252890269,0.158997133291333,0.0246740828453953,1.53703443986786
0.957936507936508,0.132971458931122,0.158986631301525,0.0246622849057018,1.53711237456871
0.958035714285714,0.132960665992038,0.158976129191948,0.0246504926191596,1.53719030200424
0.958134920634921,0.132949874072855,0.158965626963071,0.0246387059830217,1.53726822217558
0.958234126984127,0.132939083173412,0.158955124615361,0.0246269249945425,1.53734613508388
0.958333333333333,0.132928293293544,0.158944622149287,0.0246151496509771,1.53742404073025
0.95843253968254,0.132917504433089,0.158934119565317,0.024603379949582,1.53750193911582
0.958531746031746,0.132906716591884,0.158923616863918,0.0245916158876145,1.53757983024174
0.958630952380952,0.132895929769767,0.158913114045558,0.0245798574623331,1.53765771410912
0.958730158730159,0.132885143966576,0.158902611110703,0.0245681046709975,1.53773559071909
0.958829365079365,0.132874359182148,0.158892108059822,0.024556357510868,1.53781346007279
0.958928571428571,0.132863575416319,0.158881604893379,0.0245446159792064,1.53789132217134
0.959027777777778,0.132852792668929,0.158871101611843,0.0245328800732755,1.53796917701587
0.959126984126984,0.132842010939814,0.15886059821568,0.0245211497903389,1.53804702460751
0.959226190476191,0.132831230228813,0.158850094705355,0.0245094251276616,1.53812486494739
0.959325396825397,0.132820450535762,0.158839591081334,0.0244977060825094,1.53820269803663
0.959424603174603,0.1328096718605,0.158829087344084,0.0244859926521494,1.53828052387636
0.959523809523809,0.132798894202865,0.15881858349407,0.0244742848338494,1.53835834246771
0.959623015873016,0.132788117562695,0.158808079531757,0.0244625826248787,1.5384361538118
0.959722222222222,0.132777341939826,0.15879757545761,0.0244508860225074,1.53851395790976
0.959821428571429,0.132766567334098,0.158787071272094,0.0244391950240066,1.53859175476272
0.959920634920635,0.132755793745349,0.158776566975675,0.0244275096266487,1.5386695443718
0.960019841269841,0.132745021173416,0.158766062568815,0.0244158298277069,1.53874732673813
0.960119047619048,0.132734249618137,0.158755558051981,0.0244041556244558,1.53882510186282
0.960218253968254,0.132723479079352,0.158745053425635,0.0243924870141708,1.53890286974702
0.96031746031746,0.132712709556897,0.158734548690242,0.0243808239941283,1.53898063039183
0.960416666666667,0.132701941050611,0.158724043846265,0.024369166561606,1.53905838379839
0.960515873015873,0.132691173560333,0.158713538894168,0.0243575147138824,1.53913612996782
0.960615079365079,0.132680407085901,0.158703033834414,0.0243458684482374,1.53921386890124
0.960714285714286,0.132669641627153,0.158692528667466,0.0243342277619517,1.53929160059978
0.960813492063492,0.132658877183928,0.158682023393788,0.0243225926523071,1.53936932506455
0.960912698412698,0.132648113756065,0.15867151801384,0.0243109631165866,1.53944704229669
0.961011904761905,0.132637351343401,0.158661012528087,0.024299339152074,1.5395247522973
0.961111111111111,0.132626589945775,0.15865050693699,0.0242877207560543,1.53960245506753
0.961210317460317,0.132615829563027,0.158640001241012,0.0242761079258138,1.53968015060848
0.961309523809524,0.132605070194994,0.158629495440613,0.0242645006586395,1.53975783892127
0.96140873015873,0.132594311841516,0.158618989536256,0.0242528989518196,1.53983552000704
0.961507936507937,0.132583554502431,0.158608483528403,0.0242413028026433,1.5399131938669
0.961607142857143,0.132572798177578,0.158597977417513,0.0242297122084011,1.53999086050197
0.961706349206349,0.132562042866796,0.158587471204049,0.0242181271663843,1.54006851991337
0.961805555555556,0.132551288569924,0.158576964888471,0.0242065476738853,1.54014617210222
0.961904761904762,0.132540535286801,0.158566458471239,0.0241949737281977,1.54022381706964
0.962003968253968,0.132529783017266,0.158555951952814,0.0241834053266161,1.54030145481675
0.962103174603175,0.132519031761158,0.158545445333657,0.024171842466436,1.54037908534467
0.962202380952381,0.132508281518316,0.158534938614227,0.0241602851449542,1.54045670865452
0.962301587301587,0.132497532288579,0.158524431794983,0.0241487333594685,1.54053432474741
0.962400793650794,0.132486784071787,0.158513924876386,0.0241371871072776,1.54061193362447
0.9625,0.132476036867779,0.158503417858894,0.0241256463856814,1.54068953528681
0.962599206349206,0.132465290676394,0.158492910742968,0.024114111191981,1.54076712973555
0.962698412698413,0.132454545497471,0.158482403529065,0.0241025815234783,1.5408447169718
0.962797619047619,0.13244380133085,0.158471896217644,0.0240910573774763,1.5409222969967
0.962896825396826,0.132433058176371,0.158461388809165,0.0240795387512793,1.54099986981134
0.962996031746032,0.132422316033873,0.158450881304084,0.0240680256421924,1.54107743541685
0.963095238095238,0.132411574903195,0.158440373702861,0.0240565180475218,1.54115499381434
0.963194444444444,0.132400834784177,0.158429866005954,0.0240450159645749,1.54123254500493
0.963293650793651,0.132390095676658,0.158419358213819,0.0240335193906601,1.54131008898973
0.963392857142857,0.132379357580479,0.158408850326914,0.0240220283230868,1.54138762576987
0.963492063492064,0.132368620495479,0.158398342345697,0.0240105427591656,1.54146515534645
0.96359126984127,0.132357884421499,0.158387834270625,0.0239990626962079,1.54154267772059
0.963690476190476,0.132347149358376,0.158377326102154,0.0239875881315264,1.5416201928934
0.963789682539682,0.132336415305953,0.158366817840742,0.0239761190624348,1.541697700866
0.963888888888889,0.132325682264068,0.158356309486844,0.0239646554862479,1.5417752016395
0.963988095238095,0.132314950232562,0.158345801040916,0.0239531974002814,1.54185269521501
0.964087301587302,0.132304219211274,0.158335292503416,0.0239417448018523,1.54193018159366
0.964186507936508,0.132293489200046,0.158324783874798,0.0239302976882785,1.54200766077654
0.964285714285714,0.132282760198716,0.158314275155519,0.023918856056879,1.54208513276478
0.964384920634921,0.132272032207125,0.158303766346033,0.0239074199049738,1.54216259755948
0.964484126984127,0.132261305225113,0.158293257446796,0.0238959892298841,1.54224005516176
0.964583333333333,0.132250579252521,0.158282748458263,0.0238845640289321,1.54231750557272
0.96468253968254,0.132239854289188,0.158272239380889,0.0238731442994409,1.54239494879349
0.964781746031746,0.132229130334956,0.158261730215128,0.023861730038735,1.54247238482517
0.964880952380952,0.132218407389665,0.158251220961434,0.0238503212441397,1.54254981366887
0.964980158730159,0.132207685453155,0.158240711620262,0.0238389179129814,1.54262723532571
0.965079365079365,0.132196964525266,0.158230202192066,0.0238275200425877,1.54270464979679
0.965178571428571,0.132186244605839,0.158219692677299,0.023816127630287,1.54278205708321
0.965277777777778,0.132175525694716,0.158209183076415,0.023804740673409,1.54285945718611
0.965376984126984,0.132164807791736,0.158198673389868,0.0237933591692844,1.54293685010657
0.96547619047619,0.13215409089674,0.15818816361811,0.023781983115245,1.54301423584571
0.965575396825397,0.132143375009569,0.158177653761594,0.0237706125086234,1.54309161440465
0.965674603174603,0.132132660130063,0.158167143820773,0.0237592473467537,1.54316898578448
0.96577380952381,0.132121946258065,0.1581566337961,0.0237478876269707,1.54324634998631
0.965873015873016,0.132111233393413,0.158146123688027,0.0237365333466104,1.54332370701126
0.965972222222222,0.13210052153595,0.158135613497005,0.02372518450301,1.54340105686043
0.966071428571429,0.132089810685517,0.158125103223488,0.0237138410935074,1.54347839953493
0.966170634920635,0.132079100841954,0.158114592867926,0.0237025031154419,1.54355573503586
0.966269841269841,0.132068392005103,0.158104082430771,0.0236911705661537,1.54363306336434
0.966369047619048,0.132057684174804,0.158093571912474,0.0236798434429841,1.54371038452146
0.966468253968254,0.132046977350899,0.158083061313486,0.0236685217432755,1.54378769850833
0.96656746031746,0.13203627153323,0.158072550634259,0.0236572054643713,1.54386500532607
0.966666666666667,0.132025566721637,0.158062039875242,0.023645894603616,1.54394230497577
0.966765873015873,0.132014862915961,0.158051529036887,0.0236345891583551,1.54401959745854
0.966865079365079,0.132004160116045,0.158041018119643,0.0236232891259353,1.54409688277549
0.966964285714286,0.131993458321729,0.158030507123961,0.0236119945037043,1.54417416092771
0.967063492063492,0.131982757532855,0.15801999605029,0.0236007052890106,1.54425143191632
0.967162698412698,0.131972057749265,0.15800948489908,0.0235894214792043,1.54432869574242
0.967261904761905,0.1319613589708,0.15799897367078,0.0235781430716361,1.54440595240711
0.967361111111111,0.131950661197302,0.15798846236584,0.0235668700636578,1.54448320191149
0.967460317460317,0.131939964428612,0.157977950984708,0.0235556024526227,1.54456044425667
0.967559523809524,0.131929268664572,0.157967439527833,0.0235443402358846,1.54463767944375
0.96765873015873,0.131918573905024,0.157956927995665,0.0235330834107987,1.54471490747384
0.967757936507937,0.13190788014981,0.157946416388651,0.0235218319747211,1.54479212834803
0.967857142857143,0.131897187398771,0.157935904707239,0.0235105859250091,1.54486934206742
0.967956349206349,0.13188649565175,0.157925392951877,0.023499345259021,1.54494654863313
0.968055555555556,0.131875804908588,0.157914881123013,0.0234881099741161,1.54502374804625
0.968154761904762,0.131865115169127,0.157904369221096,0.0234768800676548,1.54510094030787
0.968253968253968,0.13185442643321,0.157893857246571,0.0234656555369987,1.54517812541911
0.968353174603175,0.131843738700679,0.157883345199886,0.0234544363795102,1.54525530338106
0.968452380952381,0.131833051971375,0.157872833081488,0.023443222592553,1.54533247419482
0.968551587301587,0.131822366245141,0.157862320891824,0.0234320141734917,1.54540963786149
0.968650793650794,0.13181168152182,0.157851808631341,0.0234208111196921,1.54548679438218
0.96875,0.131800997801252,0.157841296300483,0.0234096134285209,1.54556394375798
0.968849206349206,0.131790315083282,0.157830783899699,0.023398421097346,1.54564108598998
0.968948412698413,0.13177963336775,0.157820271429433,0.0233872341235364,1.54571822107929
0.969047619047619,0.131768952654501,0.157809758890131,0.0233760525044619,1.54579534902701
0.969146825396825,0.131758272943375,0.157799246282239,0.0233648762374936,1.54587246983424
0.969246031746032,0.131747594234216,0.157788733606202,0.0233537053200037,1.54594958350206
0.969345238095238,0.131736916526866,0.157778220862465,0.0233425397493652,1.54602669003159
0.969444444444444,0.131726239821168,0.157767708051473,0.0233313795229524,1.54610378942391
0.969543650793651,0.131715564116964,0.15775719517367,0.0233202246381406,1.54618088168013
0.969642857142857,0.131704889414098,0.157746682229501,0.0233090750923062,1.54625796680133
0.969742063492063,0.131694215712411,0.157736169219411,0.0232979308828265,1.54633504478862
0.96984126984127,0.131683543011748,0.157725656143842,0.02328679200708,1.5464121156431
0.969940476190476,0.13167287131195,0.15771514300324,0.0232756584624462,1.54648917936585
0.970039682539683,0.13166220061286,0.157704629798048,0.0232645302463058,1.54656623595798
0.970138888888889,0.131651530914322,0.157694116528708,0.0232534073560403,1.54664328542057
0.970238095238095,0.131640862216179,0.157683603195665,0.0232422897890326,1.54672032775473
0.970337301587302,0.131630194518273,0.157673089799361,0.0232311775426664,1.54679736296154
0.970436507936508,0.131619527820448,0.157662576340239,0.0232200706143265,1.54687439104211
0.970535714285714,0.131608862122547,0.157652062818742,0.0232089690013988,1.54695141199752
0.970634920634921,0.131598197424413,0.157641549235311,0.0231978727012703,1.54702842582887
0.970734126984127,0.131587533725889,0.15763103559039,0.0231867817113291,1.54710543253726
0.970833333333333,0.131576871026819,0.15762052188442,0.0231756960289642,1.54718243212377
0.97093253968254,0.131566209327045,0.157610008117843,0.0231646156515657,1.54725942458949
0.971031746031746,0.131555548626412,0.1575994942911,0.023153540576525,1.54733640993553
0.971130952380952,0.131544888924763,0.157588980404633,0.0231424708012341,1.54741338816297
0.971230158730159,0.131534230221941,0.157578466458883,0.0231314063230866,1.54749035927291
0.971329365079365,0.13152357251779,0.15756795245429,0.0231203471394768,1.54756732326643
0.971428571428571,0.131512915812153,0.157557438391297,0.0231092932478002,1.54764428014463
0.971527777777778,0.131502260104875,0.157546924270342,0.0230982446454532,1.54772122990859
0.971626984126984,0.131491605395797,0.157536410091866,0.0230872013298335,1.54779817255942
0.97172619047619,0.131480951684766,0.15752589585631,0.0230761632983397,1.54787510809819
0.971825396825397,0.131470298971623,0.157515381564114,0.0230651305483715,1.547952036526
0.971924603174603,0.131459647256214,0.157504867215716,0.0230541030773297,1.54802895784394
0.97202380952381,0.131448996538382,0.157494352811557,0.0230430808826162,1.5481058720531
0.972123015873016,0.13143834681797,0.157483838352076,0.0230320639616338,1.54818277915457
0.972222222222222,0.131427698094823,0.157473323837711,0.0230210523117864,1.54825967914943
0.972321428571429,0.131417050368785,0.157462809268902,0.0230100459304792,1.54833657203878
0.972420634920635,0.1314064036397,0.157452294646088,0.0229990448151181,1.5484134578237
0.972519841269841,0.131395757907412,0.157441779969706,0.0229880489631104,1.54849033650528
0.972619047619048,0.131385113171765,0.157431265240195,0.0229770583718641,1.54856720808461
0.972718253968254,0.131374469432603,0.157420750457993,0.0229660730387887,1.54864407256278
0.97281746031746,0.131363826689771,0.157410235623538,0.0229550929612944,1.54872092994087
0.972916666666667,0.131353184943113,0.157399720737268,0.0229441181367926,1.54879778021997
0.973015873015873,0.131342544192473,0.157389205799619,0.0229331485626958,1.54887462340116
0.973115079365079,0.131331904437696,0.15737869081103,0.0229221842364174,1.54895145948554
0.973214285714286,0.131321265678625,0.157368175771937,0.0229112251553721,1.54902828847419
0.973313492063492,0.131310627915107,0.157357660682776,0.0229002713169755,1.54910511036819
0.973412698412698,0.131299991146985,0.157347145543985,0.0228893227186444,1.54918192516863
0.973511904761905,0.131289355374103,0.157336630356,0.0228783793577963,1.54925873287659
0.973611111111111,0.131278720596307,0.157326115119257,0.0228674412318503,1.54933553349316
0.973710317460318,0.13126808681344,0.157315599834192,0.0228565083382261,1.54941232701942
0.973809523809524,0.131257454025349,0.15730508450124,0.0228455806743447,1.54948911345647
0.97390873015873,0.131246822231877,0.157294569120838,0.0228346582376281,1.54956589280537
0.974007936507936,0.13123619143287,0.15728405369342,0.0228237410254995,1.54964266506722
0.974107142857143,0.131225561628172,0.157273538219423,0.0228128290353829,1.54971943024309
0.974206349206349,0.131214932817628,0.157263022699279,0.0228019222647035,1.54979618833408
0.974305555555556,0.131204305001083,0.157252507133426,0.0227910207108876,1.54987293934126
0.974404761904762,0.131193678178383,0.157241991522296,0.0227801243713625,1.54994968326571
0.974503968253968,0.131183052349372,0.157231475866324,0.0227692332435566,1.55002642010853
0.974603174603174,0.131172427513895,0.157220960165944,0.0227583473248994,1.55010314987078
0.974702380952381,0.131161803671798,0.157210444421591,0.0227474666128213,1.55017987255355
0.974801587301587,0.131151180822926,0.157199928633698,0.0227365911047538,1.55025658815793
0.974900793650794,0.131140558967124,0.157189412802698,0.0227257207981298,1.55033329668499
0.975,0.131129938104237,0.157178896929025,0.0227148556903827,1.55040999813581
0.975099206349206,0.131119318234111,0.157168381013111,0.0227039957789475,1.55048669251148
0.975198412698413,0.131108699356591,0.15715786505539,0.0226931410612598,1.55056337981306
0.975297619047619,0.131098081471522,0.157147349056294,0.0226822915347566,1.55064006004166
0.975396825396825,0.131087464578751,0.157136833016256,0.0226714471968758,1.55071673319833
0.975496031746032,0.131076848678122,0.157126316935708,0.0226606080450564,1.55079339928417
0.975595238095238,0.131066233769482,0.157115800815082,0.0226497740767386,1.55087005830025
0.975694444444444,0.131055619852675,0.157105284654809,0.0226389452893633,1.55094671024764
0.975793650793651,0.131045006927548,0.157094768455322,0.0226281216803728,1.55102335512743
0.975892857142857,0.131034394993947,0.157084252217052,0.0226173032472104,1.5510999929407
0.975992063492063,0.131023784051716,0.157073735940429,0.0226064899873202,1.55117662368852
0.97609126984127,0.131013174100703,0.157063219625886,0.0225956818981479,1.55125324737197
0.976190476190476,0.131002565140752,0.157052703273852,0.0225848789771397,1.55132986399213
0.976289682539683,0.13099195717171,0.157042186884759,0.0225740812217431,1.55140647355007
0.976388888888889,0.130981350193423,0.157031670459037,0.0225632886294068,1.55148307604687
0.976488095238095,0.130970744205737,0.157021153997115,0.0225525011975803,1.55155967148361
0.976587301587302,0.130960139208497,0.157010637499425,0.0225417189237143,1.55163625986136
0.976686507936508,0.130949535201551,0.157000120966395,0.0225309418052606,1.5517128411812
0.976785714285714,0.130938932184743,0.156989604398455,0.022520169839672,1.55178941544419
0.976884920634921,0.130928330157921,0.156979087796035,0.0225094030244023,1.55186598265143
0.976984126984127,0.130917729120931,0.156968571159563,0.0224986413569065,1.55194254280398
0.977083333333333,0.130907129073619,0.156958054489469,0.0224878848346406,1.55201909590291
0.97718253968254,0.130896530015831,0.156947537786182,0.0224771334550615,1.55209564194931
0.977281746031746,0.130885931947414,0.156937021050129,0.0224663872156275,1.55217218094424
0.977380952380952,0.130875334868214,0.156926504281739,0.0224556461137977,1.55224871288878
0.977480158730159,0.130864738778077,0.156915987481441,0.0224449101470324,1.55232523778399
0.977579365079365,0.130854143676851,0.156905470649662,0.0224341793127929,1.55240175563097
0.977678571428571,0.130843549564382,0.15689495378683,0.0224234536085414,1.55247826643076
0.977777777777778,0.130832956440517,0.156884436893372,0.0224127330317415,1.55255477018446
0.977876984126984,0.130822364305102,0.156873919969715,0.0224020175798576,1.55263126689313
0.977976190476191,0.130811773157983,0.156863403016288,0.0223913072503554,1.55270775655784
0.978075396825397,0.130801182999009,0.156852886033515,0.0223806020407013,1.55278423917966
0.978174603174603,0.130790593828025,0.156842369021826,0.0223699019483631,1.55286071475966
0.978273809523809,0.130780005644879,0.156831851981644,0.0223592069708095,1.55293718329893
0.978373015873016,0.130769418449417,0.156821334913398,0.0223485171055103,1.55301364479851
0.978472222222222,0.130758832241487,0.156810817817512,0.0223378323499364,1.5530900992595
0.978571428571429,0.130748247020935,0.156800300694414,0.0223271527015597,1.55316654668295
0.978670634920635,0.130737662787608,0.156789783544527,0.0223164781578531,1.55324298706993
0.978769841269841,0.130727079541355,0.156779266368279,0.0223058087162908,1.55331942042152
0.978869047619048,0.130716497282021,0.156768749166093,0.0222951443743478,1.55339584673879
0.978968253968254,0.130705916009455,0.156758231938395,0.0222844851295003,1.55347226602279
0.97906746031746,0.130695335723503,0.156747714685611,0.0222738309792255,1.55354867827461
0.979166666666667,0.130684756424012,0.156737197408163,0.0222631819210018,1.5536250834953
0.979265873015873,0.130674178110831,0.156726680106477,0.0222525379523084,1.55370148168595
0.979365079365079,0.130663600783806,0.156716162780978,0.0222418990706258,1.5537778728476
0.979464285714286,0.130653024442786,0.156705645432088,0.0222312652734355,1.55385425698134
0.979563492063492,0.130642449087616,0.156695128060232,0.02222063655822,1.55393063408823
0.979662698412698,0.130631874718146,0.156684610665833,0.0222100129224629,1.55400700416933
0.979761904761905,0.130621301334223,0.156674093249314,0.022199394363649,1.55408336722571
0.979861111111111,0.130610728935694,0.1566635758111,0.0221887808792638,1.55415972325844
0.979960317460317,0.130600157522407,0.156653058351611,0.0221781724667942,1.55423607226858
0.980059523809524,0.130589587094209,0.156642540871273,0.0221675691237281,1.5543124142572
0.98015873015873,0.13057901765095,0.156632023370506,0.0221569708475544,1.55438874922537
0.980257936507937,0.130568449192476,0.156621505849733,0.022146377635763,1.55446507717414
0.980357142857143,0.130557881718635,0.156610988309377,0.022135789485845,1.55454139810459
0.980456349206349,0.130547315229275,0.156600470749859,0.0221252063952924,1.55461771201777
0.980555555555556,0.130536749724245,0.156589953171601,0.0221146283615985,1.55469401891476
0.980654761904762,0.130526185203392,0.156579435575024,0.0221040553822575,1.55477031879661
0.980753968253968,0.130515621666565,0.156568917960549,0.0220934874547646,1.55484661166439
0.980853174603175,0.130505059113611,0.156558400328599,0.0220829245766162,1.55492289751916
0.980952380952381,0.130494497544379,0.156547882679593,0.0220723667453097,1.55499917636198
0.981051587301587,0.130483936958717,0.156537365013952,0.0220618139583435,1.55507544819392
0.981150793650794,0.130473377356474,0.156526847332098,0.0220512662132173,1.55515171301604
0.98125,0.130462818737497,0.156516329634449,0.0220407235074316,1.5552279708294
0.981349206349206,0.130452261101635,0.156505811921426,0.022030185838488,1.55530422163506
0.981448412698413,0.130441704448736,0.156495294193448,0.0220196532038894,1.55538046543409
0.981547619047619,0.130431148778649,0.156484776450937,0.0220091256011393,1.55545670222754
0.981646825396825,0.130420594091223,0.15647425869431,0.0219986030277428,1.55553293201648
0.981746031746032,0.130410040386306,0.156463740923987,0.0219880854812057,1.55560915480196
0.981845238095238,0.130399487663746,0.156453223140387,0.0219775729590349,1.55568537058505
0.981944444444445,0.130388935923393,0.156442705343929,0.0219670654587386,1.5557615793668
0.982043650793651,0.130378385165095,0.156432187535032,0.0219565629778257,1.55583778114828
0.982142857142857,0.1303678353887,0.156421669714113,0.0219460655138065,1.55591397593054
0.982242063492064,0.130357286594059,0.156411151881592,0.0219355730641921,1.55599016371465
0.98234126984127,0.130346738781018,0.156400634037885,0.0219250856264949,1.55606634450166
0.982440476190476,0.130336191949428,0.156390116183412,0.0219146031982281,1.55614251829262
0.982539682539682,0.130325646099137,0.156379598318588,0.0219041257769063,1.55621868508861
0.982638888888889,0.130315101229995,0.156369080443832,0.0218936533600447,1.55629484489067
0.982738095238095,0.13030455734185,0.156358562559561,0.02188318594516,1.55637099769987
0.982837301587302,0.130294014434551,0.156348044666192,0.0218727235297697,1.55644714351726
0.982936507936508,0.130283472507948,0.156337526764141,0.0218622661113926,1.55652328234389
0.983035714285714,0.13027293156189,0.156327008853826,0.0218518136875482,1.55659941418083
0.983134920634921,0.130262391596226,0.156316490935661,0.0218413662557574,1.55667553902913
0.983234126984127,0.130251852610805,0.156305973010064,0.021830923813542,1.55675165688984
0.983333333333333,0.130241314605477,0.15629545507745,0.0218204863584249,1.55682776776403
0.98343253968254,0.130230777580091,0.156284937138236,0.02181005388793,1.55690387165274
0.983531746031746,0.130220241534496,0.156274419192836,0.0217996263995825,1.55697996855704
0.983630952380952,0.130209706468542,0.156263901241665,0.0217892038909083,1.55705605847797
0.983730158730159,0.130199172382079,0.15625338328514,0.0217787863594346,1.5571321414166
0.983829365079365,0.130188639274956,0.156242865323674,0.0217683738026896,1.55720821737397
0.983928571428571,0.130178107147023,0.156232347357682,0.0217579662182026,1.55728428635114
0.984027777777778,0.130167575998129,0.15622182938758,0.0217475636035039,1.55736034834917
0.984126984126984,0.130157045828124,0.15621131141378,0.0217371659561249,1.5574364033691
0.98422619047619,0.130146516636858,0.156200793436698,0.021726773273598,1.55751245141199
0.984325396825397,0.130135988424181,0.156190275456747,0.0217163855534568,1.55758849247889
0.984424603174603,0.130125461189943,0.15617975747434,0.0217060027932359,1.55766452657086
0.98452380952381,0.130114934933992,0.156169239489891,0.0216956249904708,1.55774055368894
0.984623015873016,0.130104409656181,0.156158721503814,0.0216852521426983,1.55781657383419
0.984722222222222,0.130093885356357,0.15614820351652,0.0216748842474562,1.55789258700767
0.984821428571429,0.130083362034373,0.156137685528424,0.0216645213022832,1.55796859321041
0.984920634920635,0.130072839690077,0.156127167539937,0.0216541633047193,1.55804459244348
0.985019841269841,0.130062318323319,0.156116649551473,0.0216438102523054,1.55812058470792
0.985119047619048,0.130051797933951,0.156106131563442,0.0216334621425835,1.55819657000478
0.985218253968254,0.130041278521822,0.156095613576258,0.0216231189730967,1.55827254833512
0.98531746031746,0.130030760086782,0.156085095590332,0.0216127807413892,1.55834851969998
0.985416666666667,0.130020242628683,0.156074577606075,0.021602447445006,1.55842448410041
0.985515873015873,0.130009726147373,0.156064059623899,0.0215921190814935,1.55850044153746
0.985615079365079,0.129999210642704,0.156053541644215,0.0215817956483991,1.55857639201219
0.985714285714286,0.129988696114527,0.156043023667434,0.021571477143271,1.55865233552563
0.985813492063492,0.129978182562691,0.156032505693967,0.0215611635636587,1.55872827207884
0.985912698412698,0.129967669987048,0.156021987724224,0.0215508549071128,1.55880420167287
0.986011904761905,0.129957158387447,0.156011469758615,0.0215405511711848,1.55888012430876
0.986111111111111,0.12994664776374,0.156000951797551,0.0215302523534273,1.55895603998756
0.986210317460318,0.129936138115778,0.155990433841442,0.021519958451394,1.55903194871031
0.986309523809524,0.12992562944341,0.155979915890697,0.0215096694626398,1.55910785047807
0.98640873015873,0.129915121746489,0.155969397945725,0.0214993853847203,1.55918374529188
0.986507936507936,0.129904615024864,0.155958880006937,0.0214891062151925,1.55925963315279
0.986607142857143,0.129894109278387,0.15594836207474,0.0214788319516143,1.55933551406184
0.986706349206349,0.129883604506909,0.155937844149545,0.0214685625915447,1.55941138802008
0.986805555555555,0.129873100710281,0.155927326231759,0.0214582981325438,1.55948725502856
0.986904761904762,0.129862597888353,0.155916808321791,0.0214480385721727,1.55956311508831
0.987003968253968,0.129852096040978,0.155906290420049,0.0214377839079936,1.55963896820039
0.987103174603175,0.129841595168005,0.155895772526942,0.0214275341375698,1.55971481436583
0.987202380952381,0.129831095269287,0.155885254642877,0.0214172892584655,1.55979065358568
0.987301587301587,0.129820596344674,0.155874736768262,0.0214070492682461,1.559866485861
0.987400793650794,0.129810098394018,0.155864218903505,0.0213968141644781,1.55994231119281
0.9875,0.129799601417171,0.155853701049011,0.021386583944729,1.56001812958216
0.987599206349206,0.129789105413983,0.155843183205189,0.0213763586065673,1.5600939410301
0.987698412698413,0.129778610384306,0.155832665372446,0.0213661381475626,1.56016974553766
0.987797619047619,0.129768116327991,0.155822147551187,0.0213559225652857,1.5602455431059
0.987896825396825,0.129757623244891,0.15581162974182,0.0213457118573082,1.56032133373585
0.987996031746032,0.129747131134856,0.15580111194475,0.021335506021203,1.56039711742855
0.988095238095238,0.129736639997739,0.155790594160383,0.021325305054544,1.56047289418505
0.988194444444444,0.129726149833391,0.155780076389126,0.021315108954906,1.56054866400639
0.988293650793651,0.129715660641663,0.155769558631383,0.0213049177198652,1.5606244268936
0.988392857142857,0.129705172422408,0.155759040887561,0.0212947313469984,1.56070018284773
0.988492063492063,0.129694685175478,0.155748523158064,0.0212845498338839,1.56077593186982
0.98859126984127,0.129684198900724,0.155738005443297,0.0212743731781009,1.56085167396091
0.988690476190476,0.129673713597997,0.155727487743665,0.0212642013772295,1.56092740912204
0.988789682539683,0.129663229267151,0.155716970059572,0.021254034428851,1.56100313735424
0.988888888888889,0.129652745908038,0.155706452391424,0.0212438723305479,1.56107885865856
0.988988095238095,0.129642263520508,0.155695934739623,0.0212337150799036,1.56115457303604
0.989087301587302,0.129631782104415,0.155685417104574,0.0212235626745025,1.56123028048771
0.989186507936508,0.12962130165961,0.15567489948668,0.0212134151119302,1.56130598101461
0.989285714285714,0.129610822185946,0.155664381886346,0.0212032723897734,1.56138167461779
0.989384920634921,0.129600343683276,0.155653864303974,0.0211931345056196,1.56145736129827
0.989484126984127,0.12958986615145,0.155643346739967,0.0211830014570577,1.56153304105709
0.989583333333333,0.129579389590322,0.155632829194728,0.0211728732416774,1.5616087138953
0.98968253968254,0.129568913999745,0.155622311668661,0.0211627498570695,1.56168437981392
0.989781746031746,0.12955843937957,0.155611794162167,0.0211526313008262,1.561760038814
0.989880952380952,0.129547965729649,0.155601276675648,0.0211425175705401,1.56183569089657
0.989980158730159,0.129537493049837,0.155590759209507,0.0211324086638056,1.56191133606267
0.990079365079365,0.129527021339985,0.155580241764146,0.0211223045782175,1.56198697431333
0.990178571428571,0.129516550599945,0.155569724339965,0.0211122053113722,1.56206260564959
0.990277777777778,0.129506080829572,0.155559206937368,0.0211021108608668,1.56213823007248
0.990376984126984,0.129495612028716,0.155548689556754,0.0210920212242997,1.56221384758304
0.990476190476191,0.129485144197232,0.155538172198525,0.0210819363992702,1.5622894581823
0.990575396825397,0.129474677334971,0.155527654863081,0.0210718563833787,1.5623650618713
0.990674603174603,0.129464211441787,0.155517137550824,0.0210617811742268,1.56244065865106
0.990773809523809,0.129453746517533,0.155506620262154,0.0210517107694168,1.56251624852263
0.990873015873016,0.129443282562062,0.15549610299747,0.0210416451665525,1.56259183148703
0.990972222222222,0.129432819575227,0.155485585757173,0.0210315843632385,1.56266740754531
0.991071428571429,0.12942235755688,0.155475068541663,0.0210215283570806,1.56274297669848
0.991170634920635,0.129411896506876,0.155464551351338,0.0210114771456855,1.56281853894759
0.991269841269841,0.129401436425066,0.155454034186599,0.0210014307266611,1.56289409429366
0.991369047619048,0.129390977311305,0.155443517047845,0.0209913890976162,1.56296964273773
0.991468253968254,0.129380519165446,0.155432999935474,0.020981352256161,1.56304518428083
0.99156746031746,0.129370061987341,0.155422482849886,0.0209713201999063,1.56312071892399
0.991666666666667,0.129359605776845,0.155411965791479,0.0209612929264644,1.56319624666824
0.991765873015873,0.129349150533811,0.15540144876065,0.0209512704334483,1.56327176751461
0.991865079365079,0.129338696258091,0.155390931757799,0.0209412527184724,1.56334728146414
0.991964285714286,0.129328242949541,0.155380414783323,0.0209312397791518,1.56342278851784
0.992063492063492,0.129317790608013,0.15536989783762,0.0209212316131029,1.56349828867675
0.992162698412698,0.12930733923336,0.155359380921088,0.0209112282179432,1.56357378194191
0.992261904761905,0.129296888825438,0.155348864034123,0.0209012295912911,1.56364926831433
0.992361111111111,0.129286439384098,0.155338347177123,0.0208912357307661,1.56372474779505
0.992460317460317,0.129275990909195,0.155327830350484,0.0208812466339889,1.5638002203851
0.992559523809524,0.129265543400584,0.155317313554604,0.0208712622985811,1.56387568608551
0.99265873015873,0.129255096858117,0.155306796789878,0.0208612827221653,1.56395114489729
0.992757936507937,0.129244651281648,0.155296280056704,0.0208513079023655,1.56402659682148
0.992857142857143,0.129234206671032,0.155285763355477,0.0208413378368064,1.56410204185912
0.992956349206349,0.129223763026122,0.155275246686592,0.020831372523114,1.56417748001121
0.993055555555556,0.129213320346773,0.155264730050447,0.0208214119589152,1.5642529112788
0.993154761904762,0.129202878632838,0.155254213447435,0.020811456141838,1.5643283356629
0.993253968253968,0.129192437884172,0.155243696877952,0.0208015050695115,1.56440375316455
0.993353174603175,0.129181998100629,0.155233180342394,0.020791558739566,1.56447916378476
0.993452380952381,0.129171559282063,0.155222663841154,0.0207816171496325,1.56455456752457
0.993551587301587,0.129161121428329,0.155212147374629,0.0207716802973434,1.564629964385
0.993650793650794,0.12915068453928,0.155201630943211,0.020761748180332,1.56470535436707
0.99375,0.129140248614772,0.155191114547296,0.0207518207962328,1.56478073747181
0.993849206349206,0.129129813654657,0.155180598187276,0.0207418981426811,1.56485611370024
0.993948412698413,0.129119379658792,0.155170081863547,0.0207319802173135,1.56493148305339
0.994047619047619,0.129108946627031,0.155159565576501,0.0207220670177676,1.56500684553229
0.994146825396826,0.129098514559227,0.155149049326532,0.020712158541682,1.56508220113794
0.994246031746032,0.129088083455236,0.155138533114034,0.0207022547866965,1.56515754987138
0.994345238095238,0.129077653314913,0.155128016939398,0.0206923557504518,1.56523289173364
0.994444444444444,0.129067224138112,0.155117500803018,0.0206824614305898,1.56530822672572
0.994543650793651,0.129056795924687,0.155106984705286,0.0206725718247533,1.56538355484866
0.994642857142857,0.129046368674494,0.155096468646595,0.0206626869305863,1.56545887610348
0.994742063492064,0.129035942387388,0.155085952627337,0.0206528067457339,1.56553419049119
0.99484126984127,0.129025517063223,0.155075436647903,0.0206429312678421,1.56560949801283
0.994940476190476,0.129015092701854,0.155064920708686,0.020633060494558,1.5656847986694
0.995039682539682,0.129004669303136,0.155054404810076,0.0206231944235299,1.56576009246194
0.995138888888889,0.128994246866925,0.155043888952466,0.020613333052407,1.56583537939146
0.995238095238095,0.128983825393076,0.155033373136246,0.0206034763788397,1.56591065945897
0.995337301587302,0.128973404881443,0.155022857361807,0.0205936244004793,1.56598593266552
0.995436507936508,0.128962985331882,0.15501234162954,0.0205837771149784,1.5660611990121
0.995535714285714,0.128952566744247,0.155001825939835,0.0205739345199903,1.56613645849974
0.995634920634921,0.128942149118396,0.154991310293082,0.0205640966131698,1.56621171112946
0.995734126984127,0.128931732454181,0.154980794689672,0.0205542633921724,1.56628695690228
0.995833333333333,0.12892131675146,0.154970279129995,0.0205444348546548,1.56636219581922
0.99593253968254,0.128910902010088,0.154959763614439,0.0205346109982749,1.56643742788129
0.996031746031746,0.128900488229919,0.154949248143395,0.0205247918206913,1.56651265308951
0.996130952380952,0.12889007541081,0.154938732717252,0.0205149773195641,1.5665878714449
0.996230158730159,0.128879663552615,0.154928217336399,0.0205051674925542,1.56666308294848
0.996329365079365,0.128869252655192,0.154917702001224,0.0204953623373235,1.56673828760126
0.996428571428571,0.128858842718395,0.154907186712116,0.0204855618515352,1.56681348540426
0.996527777777778,0.128848433742079,0.154896671469463,0.0204757660328534,1.5668886763585
0.996626984126984,0.128838025726102,0.154886156273655,0.0204659748789433,1.56696386046499
0.99672619047619,0.128827618670318,0.154875641125078,0.0204561883874711,1.56703903772475
0.996825396825397,0.128817212574584,0.154865126024121,0.0204464065561042,1.56711420813879
0.996924603174603,0.128806807438755,0.15485461097117,0.0204366293825109,1.56718937170813
0.99702380952381,0.128796403262687,0.154844095966614,0.0204268568643607,1.56726452843379
0.997123015873016,0.128786000046237,0.15483358101084,0.0204170889993242,1.56733967831677
0.997222222222222,0.12877559778926,0.154823066104234,0.0204073257850728,1.5674148213581
0.997321428571429,0.128765196491613,0.154812551247184,0.0203975672192791,1.56748995755878
0.997420634920635,0.128754796153151,0.154802036440075,0.020387813299617,1.56756508691983
0.997519841269841,0.128744396773731,0.154791521683295,0.0203780640237612,1.56764020944226
0.997619047619048,0.128733998353209,0.154781006977228,0.0203683193893874,1.56771532512709
0.997718253968254,0.128723600891442,0.154770492322262,0.0203585793941725,1.56779043397533
0.99781746031746,0.128713204388285,0.154759977718782,0.0203488440357946,1.56786553598798
0.997916666666667,0.128702808843596,0.154749463167173,0.0203391133119325,1.56794063116608
0.998015873015873,0.128692414257229,0.154738948667821,0.0203293872202664,1.56801571951061
0.998115079365079,0.128682020629043,0.154728434221111,0.0203196657584773,1.56809080102261
0.998214285714286,0.128671627958894,0.154717919827428,0.0203099489242476,1.56816587570307
0.998313492063492,0.128661236246638,0.154707405487155,0.0203002367152603,1.56824094355301
0.998412698412698,0.128650845492131,0.154696891200679,0.0202905291291999,1.56831600457344
0.998511904761905,0.128640455695231,0.154686376968382,0.0202808261637517,1.56839105876537
0.998611111111111,0.128630066855794,0.15467586279065,0.0202711278166021,1.5684661061298
0.998710317460317,0.128619678973677,0.154665348667866,0.0202614340854387,1.56854114666776
0.998809523809524,0.128609292048736,0.154654834600413,0.02025174496795,1.56861618038025
0.99890873015873,0.12859890608083,0.154644320588676,0.0202420604618255,1.56869120726828
0.999007936507937,0.128588521069813,0.154633806633036,0.0202323805647561,1.56876622733285
0.999107142857143,0.128578137015545,0.154623292733878,0.0202227052744335,1.56884124057498
0.999206349206349,0.128567753917881,0.154612778891584,0.0202130345885504,1.56891624699567
0.999305555555556,0.128557371776678,0.154602265106537,0.0202033685048007,1.56899124659593
0.999404761904762,0.128546990591794,0.154591751379119,0.0201937070208795,1.56906623937678
0.999503968253968,0.128536610363086,0.154581237709712,0.0201840501344825,1.56914122533921
0.999603174603175,0.128526231090411,0.154570724098699,0.020174397843307,1.56921620448423
0.999702380952381,0.128515852773626,0.154560210546461,0.020164750145051,1.56929117681286
0.999801587301587,0.128505475412589,0.154549697053379,0.0201551070374138,1.56936614232609
0.999900793650794,0.128495099007157,0.154539183619835,0.0201454685180954,1.56944110102494
1,0.128484723557187,0.154528670246211,0.0201358345847973,1.5695160529104
1,0.128484723557187,0.154528670246211,2.5201358345848,1.5695160529104
1.00009920634921,0.128936145150254,0.154518250150559,2.51893065787239,1.56983023870454
1.00019841269841,0.129386844945552,0.154508016309735,2.51772605748077,1.57014456558514
1.00029761904762,0.129836823983598,0.154497968353499,2.51652203320007,1.57045903319006
1.00039682539683,0.130286083340888,0.154488105911393,2.5153185847688,1.57077364115668
1.00049603174603,0.130734624066017,0.15447842861967,2.51411571187898,1.57108838913806
1.00059523809524,0.131182447179678,0.154468936121295,2.51291341417612,1.57140327680297
1.00069444444444,0.131629553696165,0.154459628054125,2.51171169136317,1.57171830379835
1.00079365079365,0.132075944654098,0.154450504048653,2.51051054322242,1.57203346975097
1.00089285714286,0.132521621088551,0.154441563742232,2.5093099694833,1.57234877431135
1.00099206349206,0.132966584033016,0.154432806772749,2.50810996987501,1.57266421713038
1.00109126984127,0.133410834519402,0.154424232778632,2.50691054412649,1.57297979785932
1.00119047619048,0.133854373578038,0.154415841398841,2.50571169196642,1.57329551614982
1.00128968253968,0.13429720223767,0.154407632272876,2.50451341312324,1.57361137165393
1.00138888888889,0.13473932152546,0.154399605040772,2.50331570732512,1.57392736402404
1.0014880952381,0.135180732466994,0.154391759343101,2.50211857430001,1.57424349291297
1.0015873015873,0.13562143608627,0.154384094820971,2.50092201377557,1.57455975797387
1.00168650793651,0.136061433405706,0.154376611116027,2.49972602547923,1.57487615886031
1.00178571428571,0.13650072544614,0.154369307870451,2.49853060913815,1.57519269522623
1.00188492063492,0.136939313226825,0.154362184726961,2.49733576447928,1.57550936672595
1.00198412698413,0.137377197765436,0.154355241328811,2.49614149122925,1.57582617301416
1.00208333333333,0.137814380078061,0.154348477319794,2.49494778911451,1.57614311374595
1.00218253968254,0.138250861179212,0.154341892344236,2.4937546578612,1.57646018857678
1.00228174603175,0.138686642081814,0.154335486047003,2.49256209719523,1.5767773971625
1.00238095238095,0.139121723797214,0.154329258073496,2.49137010684227,1.57709473915932
1.00248015873016,0.139556107335173,0.154323208069652,2.49017868652772,1.57741221422387
1.00257936507937,0.139989793703874,0.154317335681945,2.48898783597673,1.57772982201311
1.00267857142857,0.140422783909916,0.154311640557387,2.4877975549142,1.57804756218443
1.00277777777778,0.140855078958317,0.154306122343524,2.48660784306479,1.57836543439557
1.00287698412698,0.141286679852511,0.154300780688441,2.48541870015288,1.57868343830466
1.00297619047619,0.141717587594354,0.154295615240758,2.48423012590262,1.57900157357021
1.0030753968254,0.142147803184117,0.154290625649633,2.4830421200379,1.57931983985113
1.0031746031746,0.142577327676068,0.154285811544163,2.48185468228883,1.57963823679061
1.00327380952381,0.143006162119675,0.154281172555871,2.48066781238891,1.57995676403546
1.00337301587302,0.143434307505895,0.1542767083383,2.47948151006701,1.58027542125058
1.00347222222222,0.143861764824445,0.154272418545471,2.47829577505208,1.58059420810136
1.00357142857143,0.144288535063798,0.154268302831875,2.47711060707325,1.58091312425365
1.00367063492064,0.14471461921119,0.154264360852476,2.47592600585973,1.58123216937376
1.00376984126984,0.145140018252613,0.154260592262712,2.47474197114086,1.58155134312849
1.00386904761905,0.145564733172819,0.154256996718494,2.4735585026461,1.58187064518509
1.00396825396825,0.145988764955321,0.154253573876205,2.47237560010503,1.58219007521132
1.00406746031746,0.146412114582388,0.154250323392701,2.47119326324735,1.58250963287536
1.00416666666667,0.14683478303505,0.154247244925311,2.47001149180288,1.58282931784589
1.00426587301587,0.147256771293098,0.154244338131839,2.46883028550155,1.58314912979207
1.00436507936508,0.147678080335076,0.154241602670558,2.46764964407344,1.5834690683835
1.00446428571429,0.148098711138294,0.154239038200218,2.46646956724872,1.58378913329029
1.00456349206349,0.148518664678818,0.154236644380039,2.46529005475768,1.58410932418298
1.0046626984127,0.148937941931472,0.154234420869715,2.46411110633075,1.58442964073261
1.0047619047619,0.149356543869841,0.154232367329413,2.46293272169846,1.58475008261069
1.00486111111111,0.149774471466269,0.154230483419773,2.46175490059148,1.58507064948917
1.00496031746032,0.150191725691859,0.154228768801908,2.46057764274058,1.58539134104052
1.00505952380952,0.150608307516471,0.154227223137403,2.45940094787666,1.58571215693763
1.00515873015873,0.151024217908729,0.154225846088317,2.45822481573073,1.58603309685391
1.00525793650794,0.15143945783601,0.154224637317181,2.45704924603395,1.5863541604632
1.00535714285714,0.151854028264455,0.154223596487,2.45587423851756,1.58667534743983
1.00545634920635,0.152267930158961,0.154222723261252,2.45469979291295,1.5869966574586
1.00555555555556,0.152681164483187,0.154222017303886,2.4535259089516,1.58731809019479
1.00565476190476,0.153093732199549,0.154221478279327,2.45235258636514,1.58763964532413
1.00575396825397,0.153505634269223,0.15422110585247,2.45117982488531,1.58796132252283
1.00585317460317,0.153916871652143,0.154220899688684,2.45000762424396,1.58828312146758
1.00595238095238,0.154327445307003,0.154220859453811,2.44883598417307,1.58860504183553
1.00605158730159,0.154737356191258,0.154220984814167,2.44766490440474,1.58892708330431
1.00615079365079,0.155146605261117,0.15422127543654,2.44649438467118,1.58924924555201
1.00625,0.155555193471554,0.154221730988189,2.44532442470473,1.5895715282572
1.00634920634921,0.155963121776299,0.15422235113685,2.44415502423785,1.58989393109891
1.00644841269841,0.15637039112784,0.154223135550729,2.44298618300311,1.59021645375666
1.00654761904762,0.156777002477428,0.154224083898505,2.44181790073321,1.59053909591043
1.00664682539683,0.157182956775069,0.154225195849332,2.44065017716097,1.59086185724066
1.00674603174603,0.157588254969531,0.154226471072834,2.43948301201932,1.59118473742827
1.00684523809524,0.15799289800834,0.15422790923911,2.43831640504131,1.59150773615467
1.00694444444444,0.158396886837781,0.154229510018731,2.43715035596013,1.59183085310172
1.00704365079365,0.158800222402898,0.154231273082743,2.43598486450907,1.59215408795174
1.00714285714286,0.159202905647495,0.154233198102662,2.43481993042154,1.59247744038755
1.00724206349206,0.159604937514135,0.154235284750478,2.43365555343108,1.59280091009242
1.00734126984127,0.160006318944138,0.154237532698654,2.43249173327134,1.5931244967501
1.00744047619048,0.160407050877588,0.154239941620127,2.43132846967611,1.5934482000448
1.00753968253968,0.160807134253322,0.154242511188306,2.43016576237926,1.59377201966123
1.00763888888889,0.16120657000894,0.154245241077071,2.42900361111483,1.59409595528454
1.0077380952381,0.161605359080801,0.15424813096078,2.42784201561694,1.59442000660035
1.0078373015873,0.162003502404021,0.154251180514258,2.42668097561985,1.59474417329478
1.00793650793651,0.162401000912478,0.154254389412807,2.42552049085793,1.5950684550544
1.00803571428571,0.162797855538806,0.154257757332201,2.42436056106567,1.59539285156625
1.00813492063492,0.163194067214402,0.154261283948685,2.4232011859777,1.59571736251785
1.00823412698413,0.163589636869417,0.154264968938981,2.42204236532873,1.59604198759718
1.00833333333333,0.163984565432767,0.154268811980279,2.42088409885364,1.59636672649271
1.00843253968254,0.164378853832121,0.154272812750245,2.41972638628739,1.59669157889336
1.00853174603175,0.164772502993913,0.154276970927019,2.41856922736506,1.59701654448853
1.00863095238095,0.165165513843332,0.15428128618921,2.41741262182189,1.59734162296809
1.00873015873016,0.165557887304328,0.154285758215903,2.4162565693932,1.59766681402239
1.00882936507936,0.165949624299608,0.154290386686656,2.41510106981444,1.59799211734223
1.00892857142857,0.166340725750643,0.154295171281498,2.41394612282119,1.59831753261891
1.00902777777778,0.166731192577657,0.154300111680932,2.41279172814913,1.59864305954417
1.00912698412698,0.167121025699637,0.154305207565935,2.41163788553409,1.59896869781024
1.00922619047619,0.167510226034328,0.154310458617954,2.41048459471199,1.59929444710982
1.0093253968254,0.167898794498234,0.154315864518913,2.40933185541889,1.59962030713608
1.0094246031746,0.16828673200662,0.154321424951204,2.40817966739095,1.59994627758265
1.00952380952381,0.168674039473506,0.154327139597697,2.40702803036448,1.60027235814364
1.00962301587302,0.169060717811676,0.154333008141732,2.40587694407587,1.60059854851365
1.00972222222222,0.169446767932668,0.154339030267122,2.40472640826167,1.6009248483877
1.00982142857143,0.169832190746785,0.154345205658153,2.40357642265852,1.60125125746134
1.00992063492063,0.170216987163084,0.154351533999585,2.4024269870032,1.60157777543055
1.01001984126984,0.170601158089384,0.154358014976651,2.4012781010326,1.60190440199181
1.01011904761905,0.170984704432262,0.154364648275055,2.40012976448372,1.60223113684203
1.01021825396825,0.171367627097054,0.154371433580976,2.3989819770937,1.60255797967864
1.01031746031746,0.171749926987856,0.154378370581065,2.3978347385998,1.6028849301995
1.01041666666667,0.172131605007523,0.154385458962446,2.39668804873937,1.60321198810298
1.01051587301587,0.172512662057668,0.154392698412715,2.39554190724991,1.60353915308788
1.01061507936508,0.172893099038664,0.154400088619943,2.39439631386904,1.60386642485349
1.01071428571429,0.173272916849643,0.154407629272672,2.39325126833448,1.60419380309959
1.01081349206349,0.173652116388496,0.154415320059919,2.39210677038407,1.60452128752641
1.0109126984127,0.174030698551875,0.154423160671171,2.3909628197558,1.60484887783464
1.0110119047619,0.174408664235186,0.154431150796391,2.38981941618776,1.60517657372546
1.01111111111111,0.174786014332601,0.154439290126014,2.38867655941814,1.60550437490051
1.01121031746032,0.175162749737046,0.154447578350945,2.38753424918528,1.60583228106192
1.01130952380952,0.175538871340208,0.154456015162567,2.38639248522763,1.60616029191228
1.01140873015873,0.175914380032532,0.154464600252732,2.38525126728376,1.60648840715463
1.01150793650794,0.176289276703225,0.154473333313767,2.38411059509236,1.60681662649252
1.01160714285714,0.176663562240249,0.15448221403847,2.38297046839223,1.60714494962993
1.01170634920635,0.177037237530329,0.154491242120115,2.38183088692231,1.60747337627135
1.01180555555556,0.177410303458947,0.154500417252445,2.38069185042164,1.60780190612171
1.01190476190476,0.177782760910344,0.15450973912968,2.3795533586294,1.60813053888644
1.01200396825397,0.178154610767521,0.154519207446509,2.37841541128486,1.60845927427141
1.01210317460317,0.178525853912237,0.154528821898097,2.37727800812745,1.60878811198297
1.01220238095238,0.178896491225013,0.154538582180082,2.37614114889668,1.60911705172797
1.01230158730159,0.179266523585125,0.154548487988571,2.37500483333221,1.60944609321369
1.01240079365079,0.179635951870611,0.154558539020148,2.3738690611738,1.6097752361479
1.0125,0.180004776958266,0.154568734971869,2.37273383216133,1.61010448023885
1.01259920634921,0.180372999723648,0.154579075541263,2.37159914603483,1.61043382519524
1.01269841269841,0.180740621041069,0.15458956042633,2.37046500253441,1.61076327072625
1.01279761904762,0.181107641783605,0.154600189325545,2.36933140140032,1.61109281654154
1.01289682539683,0.181474062823086,0.154610961937855,2.36819834237294,1.61142246235124
1.01299603174603,0.181839885030107,0.154621877962681,2.36706582519273,1.61175220786593
1.01309523809524,0.182205109274017,0.154632937099916,2.36593384960032,1.61208205279669
1.01319444444444,0.182569736422927,0.154644139049926,2.36480241533643,1.61241199685504
1.01329365079365,0.182933767343705,0.15465548351355,2.36367152214191,1.612742039753
1.01339285714286,0.183297202901981,0.1546669701921,2.36254116975771,1.61307218120305
1.01349206349206,0.183660043962143,0.154678598787361,2.36141135792493,1.61340242091814
1.01359126984127,0.184022291387335,0.15469036900159,2.36028208638478,1.61373275861167
1.01369047619048,0.184383946039465,0.154702280537519,2.35915335487858,1.61406319399756
1.01378968253968,0.184745008779198,0.154714333098352,2.35802516314777,1.61439372679016
1.01388888888889,0.185105480465957,0.154726526387764,2.35689751093393,1.6147243567043
1.0139880952381,0.185465361957925,0.154738860109906,2.35577039797873,1.6150550834553
1.0140873015873,0.185824654112046,0.1547513339694,2.35464382402398,1.61538590675891
1.01418650793651,0.18618335778402,0.154763947671342,2.35351778881161,1.6157168263314
1.01428571428571,0.186541473828308,0.154776700921299,2.35239229208366,1.61604784188948
1.01438492063492,0.186899003098129,0.154789593425313,2.35126733358229,1.61637895315034
1.01448412698413,0.187255946445464,0.154802624889899,2.3501429130498,1.61671015983164
1.01458333333333,0.187612304721048,0.154815795022044,2.34901903022859,1.6170414616515
1.01468253968254,0.18796807877438,0.154829103529207,2.34789568486117,1.61737285832854
1.01478174603175,0.188323269453715,0.154842550119322,2.3467728766902,1.61770434958181
1.01488095238095,0.18867787760607,0.154856134500794,2.34565060545844,1.61803593513088
1.01498015873016,0.189031904077218,0.154869856382504,2.34452887090877,1.61836761469575
1.01507936507937,0.189385349711693,0.154883715473801,2.34340767278419,1.6186993879969
1.01517857142857,0.189738215352787,0.154897711484512,2.34228701082784,1.6190312547553
1.01527777777778,0.190090501842553,0.154911844124934,2.34116688478295,1.61936321469237
1.01537698412698,0.190442210021802,0.154926113105837,2.34004729439289,1.61969526753001
1.01547619047619,0.190793340730103,0.154940518138466,2.33892823940114,1.6200274129906
1.0155753968254,0.19114389916755,0.154955057211179,2.33780971944297,1.62035964906756
1.0156746031746,0.191493890449754,0.154969728345689,2.33669173415629,1.62069197378776
1.01577380952381,0.191843315288272,0.154984531303754,2.33557428328869,1.62102438692411
1.01587301587302,0.192192174394186,0.154999465847304,2.33445736658786,1.62135688824973
1.01597222222222,0.192540468478102,0.15501453173844,2.3333409838016,1.6216894775379
1.01607142857143,0.192888198250151,0.155029728739434,2.33222513467781,1.62202215456204
1.01617063492063,0.193235364419988,0.15504505661273,2.33110981896447,1.62235491909578
1.01626984126984,0.193581967696791,0.155060515120946,2.32999503640969,1.62268777091289
1.01636904761905,0.193928008789266,0.155076104026868,2.32888078676166,1.62302070978732
1.01646825396825,0.194273488405639,0.155091823093456,2.32776706976867,1.62335373549318
1.01656746031746,0.194618407253663,0.155107672083842,2.32665388517913,1.62368684780476
1.01666666666667,0.194962766040615,0.155123650761328,2.32554123274153,1.62402004649651
1.01676587301587,0.195306565473295,0.155139758889389,2.32442911220447,1.62435333134304
1.01686507936508,0.195649806258031,0.155155996231671,2.32331752331664,1.62468670211914
1.01696428571429,0.19599248910067,0.155172362551992,2.32220646582686,1.62502015859978
1.01706349206349,0.196334614706588,0.155188857614342,2.321095939484,1.62535370056007
1.0171626984127,0.196676183780682,0.155205481182882,2.31998594403709,1.62568732777531
1.0172619047619,0.197017197027376,0.155222233021945,2.31887647923521,1.62602104002095
1.01736111111111,0.197357655150617,0.155239112896035,2.31776754482757,1.62635483707263
1.01746031746032,0.197697558853877,0.15525612056983,2.31665914056347,1.62668871870614
1.01755952380952,0.198036908840151,0.155273255808177,2.31555126619232,1.62702268469745
1.01765873015873,0.19837570581196,0.155290518376097,2.3144439214636,1.62735673482269
1.01775793650794,0.198713950471348,0.155307908038779,2.31333710612693,1.62769086885816
1.01785714285714,0.199051643519885,0.155325424561589,2.31223081993202,1.62802508658033
1.01795634920635,0.199388785658664,0.15534306771006,2.31112506262865,1.62835938776585
1.01805555555556,0.199725377588302,0.155360837249899,2.31001983396675,1.62869377219151
1.01815476190476,0.200061420008943,0.155378732946985,2.30891513369631,1.62902823963429
1.01825396825397,0.200396913620251,0.155396754567366,2.30781096156744,1.62936278987133
1.01835317460317,0.200731859121418,0.155414901877266,2.30670731733035,1.62969742267995
1.01845238095238,0.201066257211159,0.155433174643077,2.30560420073534,1.63003213783762
1.01855158730159,0.201400108587715,0.155451572631364,2.30450161153281,1.63036693512199
1.01865079365079,0.201733413948847,0.155470095608864,2.30339954947328,1.63070181431088
1.01875,0.202066173991846,0.155488743342485,2.30229801430736,1.63103677518227
1.01884920634921,0.202398389413523,0.155507515599307,2.30119700578575,1.63137181751431
1.01894841269841,0.202730060910215,0.155526412146583,2.30009652365926,1.63170694108532
1.01904761904762,0.203061189177784,0.155545432751735,2.2989965676788,1.63204214567379
1.01914682539683,0.203391774911616,0.155564577182358,2.29789713759538,1.63237743105837
1.01924603174603,0.203721818806619,0.15558384520622,2.29679823316012,1.6327127970179
1.01934523809524,0.20405132155723,0.155603236591259,2.29569985412421,1.63304824333135
1.01944444444444,0.204380283857406,0.155622751105585,2.29460200023898,1.63338376977791
1.01954365079365,0.204708706400631,0.15564238851748,2.29350467125583,1.63371937613689
1.01964285714286,0.205036589879912,0.155662148595398,2.29240786692628,1.63405506218779
1.01974206349206,0.20536393498778,0.155682031107964,2.29131158700194,1.63439082771027
1.01984126984127,0.205690742416293,0.155702035823975,2.29021583123453,1.63472667248418
1.01994047619048,0.206017012857031,0.155722162512399,2.28912059937585,1.63506259628951
1.02003968253968,0.206342747001098,0.155742410942377,2.28802589117783,1.63539859890644
1.02013888888889,0.206667945539124,0.155762780883221,2.28693170639247,1.63573468011529
1.0202380952381,0.206992609161262,0.155783272104414,2.28583804477189,1.63607083969659
1.0203373015873,0.207316738557191,0.155803884375613,2.28474490606831,1.636407077431
1.02043650793651,0.207640334416112,0.155824617466644,2.28365229003405,1.63674339309937
1.02053571428571,0.207963397426753,0.155845471147505,2.28256019642152,1.63707978648271
1.02063492063492,0.208285928277364,0.155866445188368,2.28146862498323,1.63741625736219
1.02073412698413,0.208607927655721,0.155887539359575,2.28037757547181,1.63775280551917
1.02083333333333,0.208929396249124,0.155908753431639,2.27928704763998,1.63808943073517
1.02093253968254,0.209250334744396,0.155930087175246,2.27819704124054,1.63842613279186
1.02103174603175,0.209570743827887,0.155951540361253,2.27710755602643,1.6387629114711
1.02113095238095,0.209890624185468,0.15597311276069,2.27601859175067,1.63909976655491
1.02123015873016,0.210209976502538,0.155994804144756,2.27493014816636,1.63943669782548
1.02132936507937,0.210528801464017,0.156016614284824,2.27384222502674,1.63977370506516
1.02142857142857,0.210847099754352,0.156038542952439,2.27275482208512,1.64011078805648
1.02152777777778,0.211164872057513,0.156060589919315,2.27166793909493,1.64044794658214
1.02162698412698,0.211482119056994,0.15608275495734,2.27058157580968,1.640785180425
1.02172619047619,0.211798841435815,0.156105037838574,2.26949573198301,1.64112248936808
1.0218253968254,0.212115039876519,0.156127438335247,2.26841040736863,1.64145987319459
1.0219246031746,0.212430715061173,0.156149956219761,2.26732560172037,1.64179733168789
1.02202380952381,0.212745867671369,0.156172591264691,2.26624131479215,1.64213486463151
1.02212301587302,0.213060498388225,0.156195343242782,2.265157546338,1.64247247180916
1.02222222222222,0.21337460789238,0.156218211926952,2.26407429611203,1.64281015300472
1.02232142857143,0.213688196864001,0.15624119709029,2.26299156386849,1.64314790800221
1.02242063492064,0.214001265982776,0.156264298506057,2.26190934936169,1.64348573658584
1.02251984126984,0.214313815927918,0.156287515947686,2.26082765234606,1.64382363854
1.02261904761905,0.214625847378168,0.156310849188781,2.25974647257612,1.64416161364922
1.02271825396825,0.214937361011785,0.156334298003118,2.25866580980652,1.64449966169822
1.02281746031746,0.215248357506559,0.156357862164644,2.25758566379196,1.64483778247188
1.02291666666667,0.2155588375398,0.156381541447479,2.25650603428729,1.64517597575524
1.02301587301587,0.215868801788344,0.156405335625915,2.25542692104742,1.64551424133353
1.02311507936508,0.21617825092855,0.156429244474412,2.2543483238274,1.64585257899213
1.02321428571429,0.216487185636304,0.156453267767607,2.25327024238235,1.64619098851658
1.02331349206349,0.216795606587012,0.156477405280305,2.2521926764675,1.64652946969262
1.0234126984127,0.217103514455611,0.156501656787485,2.25111562583818,1.64686802230613
1.0235119047619,0.217410909916554,0.156526022064294,2.25003909024983,1.64720664614317
1.02361111111111,0.217717793643827,0.156550500886055,2.24896306945796,1.64754534098996
1.02371031746032,0.218024166310933,0.156575093028261,2.24788756321823,1.64788410663291
1.02380952380952,0.218330028590904,0.156599798266576,2.24681257128636,1.64822294285856
1.02390873015873,0.218635381156294,0.156624616376837,2.24573809341819,1.64856184945366
1.02400793650794,0.218940224679183,0.15664954713505,2.24466412936964,1.6489008262051
1.02410714285714,0.219244559831174,0.156674590317397,2.24359067889676,1.64923987289995
1.02420634920635,0.219548387283395,0.156699745700227,2.24251774175567,1.64957898932544
1.02430555555556,0.219851707706499,0.156725013060065,2.24144531770262,1.64991817526898
1.02440476190476,0.220154521770661,0.156750392173605,2.24037340649394,1.65025743051814
1.02450396825397,0.220456830145584,0.156775882817713,2.23930200788607,1.65059675486066
1.02460317460317,0.220758633500492,0.156801484769428,2.23823112163554,1.65093614808444
1.02470238095238,0.221059932504136,0.156827197805959,2.23716074749898,1.65127560997757
1.02480158730159,0.221360727824788,0.156853021704687,2.23609088523315,1.65161514032828
1.02490079365079,0.221661020130248,0.156878956243166,2.23502153459488,1.651954738925
1.025,0.221960810087838,0.156905001199121,2.2339526953411,1.65229440555629
1.02509920634921,0.222260098364406,0.156931156350448,2.23288436722886,1.65263414001091
1.02519841269841,0.222558885626322,0.156957421475215,2.23181655001529,1.65297394207779
1.02529761904762,0.222857172539484,0.156983796351663,2.23074924345764,1.65331381154599
1.02539682539683,0.223154959769311,0.157010280758202,2.22968244731325,1.65365374820478
1.02549603174603,0.223452247980747,0.157036874473417,2.22861616133955,1.65399375184358
1.02559523809524,0.223749037838262,0.157063577276062,2.2275503852941,1.65433382225198
1.02569444444444,0.224045330005848,0.157090388945063,2.22648511893452,1.65467395921974
1.02579365079365,0.224341125147024,0.15711730925952,2.22542036201858,1.65501416253678
1.02589285714286,0.224636423924832,0.157144337998702,2.2243561143041,1.65535443199319
1.02599206349206,0.224931227001837,0.157171474942051,2.22329237554903,1.65569476737925
1.02609126984127,0.225225535040131,0.15719871986918,2.22222914551143,1.65603516848539
1.02619047619048,0.225519348701329,0.157226072559874,2.22116642394942,1.65637563510219
1.02628968253968,0.225812668646569,0.157253532794091,2.22010421062126,1.65671616702043
1.02638888888889,0.226105495536517,0.157281100351959,2.2190425052853,1.65705676403105
1.0264880952381,0.226397830031359,0.157308775013778,2.21798130769997,1.65739742592515
1.0265873015873,0.226689672790809,0.157336556560019,2.21692061762383,1.65773815249401
1.02668650793651,0.226981024474103,0.157364444771327,2.21586043481553,1.65807894352905
1.02678571428571,0.227271885740003,0.157392439428517,2.2148007590338,1.65841979882189
1.02688492063492,0.227562257246794,0.157420540312575,2.21374159003751,1.65876071816432
1.02698412698413,0.227852139652286,0.157448747204661,2.2126829275856,1.65910170134826
1.02708333333333,0.228141533613813,0.157477059886104,2.21162477143711,1.65944274816585
1.02718253968254,0.228430439788234,0.157505478138407,2.2105671213512,1.65978385840935
1.02728174603175,0.228718858831933,0.157534001743243,2.20950997708712,1.66012503187122
1.02738095238095,0.229006791400815,0.157562630482457,2.20845333840422,1.66046626834407
1.02748015873016,0.229294238150314,0.157591364138068,2.20739720506195,1.6608075676207
1.02757936507936,0.229581199735385,0.157620202492263,2.20634157681986,1.66114892949405
1.02767857142857,0.229867676810509,0.157649145327403,2.2052864534376,1.66149035375725
1.02777777777778,0.23015367002969,0.15767819242602,2.20423183467493,1.66183184020359
1.02787698412698,0.230439180046458,0.157707343570819,2.2031777202917,1.66217338862653
1.02797619047619,0.230724207513865,0.157736598544674,2.20212411004787,1.66251499881969
1.0280753968254,0.231008753084491,0.157765957130632,2.20107100370348,1.66285667057688
1.0281746031746,0.231292817410437,0.157795419111913,2.2000184010187,1.66319840369205
1.02827380952381,0.23157640114333,0.157824984271908,2.19896630175377,1.66354019795934
1.02837301587302,0.23185950493432,0.157854652394178,2.19791470566906,1.66388205317304
1.02847222222222,0.232142129434083,0.157884423262458,2.19686361252502,1.66422396912763
1.02857142857143,0.23242427529282,0.157914296660653,2.1958130220822,1.66456594561774
1.02867063492063,0.232705943160252,0.157944272372841,2.19476293410127,1.66490798243818
1.02876984126984,0.23298713368563,0.15797435018327,2.19371334834298,1.66525007938392
1.02886904761905,0.233267847517726,0.158004529876362,2.19266426456819,1.6655922362501
1.02896825396825,0.233548085304836,0.158034811236709,2.19161568253786,1.66593445283202
1.02906746031746,0.233827847694783,0.158065194049074,2.19056760201304,1.66627672892518
1.02916666666667,0.234107135334912,0.158095678098395,2.1895200227549,1.6666190643252
1.02926587301587,0.234385948872093,0.158126263169778,2.1884729445247,1.66696145882791
1.02936507936508,0.234664288952721,0.158156949048502,2.1874263670838,1.6673039122293
1.02946428571429,0.234942156222715,0.158187735520018,2.18638029019366,1.6676464243255
1.02956349206349,0.235219551327517,0.15821862236995,2.18533471361583,1.66798899491284
1.0296626984127,0.235496474912096,0.158249609384091,2.18428963711199,1.6683316237878
1.0297619047619,0.235772927620944,0.158280696348407,2.1832450604439,1.66867431074705
1.02986111111111,0.236048910098077,0.158311883049036,2.18220098337341,1.66901705558739
1.02996031746032,0.236324422987034,0.158343169272286,2.18115740566249,1.66935985810583
1.03005952380952,0.236599466930883,0.158374554804641,2.18011432707321,1.66970271809953
1.03015873015873,0.236874042572211,0.15840603943275,2.17907174736773,1.6700456353658
1.03025793650794,0.237148150553132,0.158437622943441,2.17802966630832,1.67038860970216
1.03035714285714,0.237421791515286,0.158469305123707,2.17698808365734,1.67073164090626
1.03045634920635,0.237694966099833,0.158501085760718,2.17594699917725,1.67107472877593
1.03055555555556,0.237967674947461,0.158532964641813,2.17490641263063,1.67141787310917
1.03065476190476,0.238239918698382,0.158564941554502,2.17386632378014,1.67176107370416
1.03075396825397,0.23851169799233,0.158597016286469,2.17282673238855,1.67210433035924
1.03085317460317,0.238783013468566,0.158629188625568,2.17178763821872,1.6724476428729
1.03095238095238,0.239053865765873,0.158661458359825,2.17074904103363,1.67279101104381
1.03105158730159,0.239324255522561,0.158693825277439,2.16971094059635,1.67313443467084
1.03115079365079,0.239594183376462,0.158726289166779,2.16867333667003,1.67347791355297
1.03125,0.239863649964934,0.158758849816386,2.16763622901796,1.67382144748939
1.03134920634921,0.240132655924858,0.158791507014973,2.16659961740351,1.67416503627945
1.03144841269841,0.240401201892641,0.158824260551425,2.16556350159013,1.67450867972266
1.03154761904762,0.240669288504212,0.158857110214799,2.16452788134142,1.67485237761871
1.03164682539683,0.240936916395026,0.158890055794322,2.16349275642103,1.67519612976743
1.03174603174603,0.241204086200064,0.158923097079394,2.16245812659274,1.67553993596887
1.03184523809524,0.241470798553827,0.158956233859586,2.16142399162043,1.67588379602319
1.03194444444444,0.241737054090344,0.158989465924643,2.16039035126806,1.67622770973076
1.03204365079365,0.242002853443167,0.159022793064478,2.15935720529972,1.67657167689211
1.03214285714286,0.242268197245373,0.159056215069177,2.15832455347957,1.67691569730791
1.03224206349206,0.242533086129562,0.159089731729,2.15729239557189,1.67725977077904
1.03234126984127,0.24279752072786,0.159123342834377,2.15626073134105,1.67760389710652
1.03244047619048,0.243061501671916,0.159157048175908,2.15522956055154,1.67794807609155
1.03253968253968,0.243325029592905,0.159190847544366,2.15419888296793,1.67829230753549
1.03263888888889,0.243588105121524,0.159224740730698,2.15316869835489,1.67863659123988
1.0327380952381,0.243850728887997,0.15925872752602,2.1521390064772,1.67898092700641
1.0328373015873,0.24411290152207,0.159292807721619,2.15110980709974,1.67932531463697
1.03293650793651,0.244374623653014,0.159326981108956,2.15008109998749,1.67966975393358
1.03303571428571,0.244635895909626,0.159361247479663,2.14905288490553,1.68001424469845
1.03313492063492,0.244896718920226,0.159395606625543,2.14802516161903,1.68035878673395
1.03323412698413,0.245157093312658,0.159430058338571,2.14699792989328,1.68070337984263
1.03333333333333,0.24541701971429,0.159464602410895,2.14597118949366,1.6810480238272
1.03343253968254,0.245676498752017,0.159499238634831,2.14494494018565,1.68139271849054
1.03353174603175,0.245935531052255,0.159533966802872,2.14391918173482,1.68173746363569
1.03363095238095,0.246194117240947,0.159568786707677,2.14289391390686,1.68208225906587
1.03373015873016,0.246452257943559,0.159603698142082,2.14186913646756,1.68242710458446
1.03382936507937,0.246709953785081,0.159638700899091,2.1408448491828,1.68277199999502
1.03392857142857,0.246967205390029,0.159673794771882,2.13982105181855,1.68311694510126
1.03402777777778,0.247224013382441,0.159708979553802,2.1387977441409,1.68346193970707
1.03412698412698,0.247480378385881,0.159744255038372,2.13777492591605,1.68380698361651
1.03422619047619,0.247736301023438,0.159779621019285,2.13675259691026,1.68415207663381
1.0343253968254,0.247991781917725,0.159815077290403,2.13573075688993,1.68449721856335
1.0344246031746,0.248246821690876,0.159850623645762,2.13470940562155,1.68484240920969
1.03452380952381,0.248501420964554,0.15988625987957,2.13368854287169,1.68518764837757
1.03462301587302,0.248755580359945,0.159921985786205,2.13266816840705,1.68553293587189
1.03472222222222,0.249009300497757,0.159957801160217,2.13164828199441,1.6858782714977
1.03482142857143,0.249262581998226,0.159993705796329,2.13062888340067,1.68622365506024
1.03492063492064,0.24951542548111,0.160029699489434,2.1296099723928,1.68656908636492
1.03501984126984,0.249767831565691,0.160065782034599,2.1285915487379,1.6869145652173
1.03511904761905,0.250019800870777,0.160101953227059,2.12757361220315,1.68726009142313
1.03521825396825,0.2502713340147,0.160138212862225,2.12655616255586,1.6876056647883
1.03531746031746,0.250522431615315,0.160174560735676,2.1255391995634,1.6879512851189
1.03541666666667,0.250773094290003,0.160210996643165,2.12452272299327,1.68829695222117
1.03551587301587,0.25102332265567,0.160247520380616,2.12350673261305,1.68864266590151
1.03561507936508,0.251273117328742,0.160284131744125,2.12249122819045,1.68898842596651
1.03571428571429,0.251522478925175,0.160320830529959,2.12147620949325,1.68933423222292
1.03581349206349,0.251771408060446,0.160357616534556,2.12046167628934,1.68968008447764
1.0359126984127,0.252019905349556,0.160394489554529,2.11944762834672,1.69002598253778
1.0360119047619,0.252267971407033,0.160431449386658,2.11843406543349,1.69037192621057
1.03611111111111,0.252515606846927,0.160468495827899,2.11742098731783,1.69071791530343
1.03621031746032,0.252762812282814,0.160505628675376,2.11640839376803,1.69106394962397
1.03630952380952,0.253009588327793,0.160542847726388,2.11539628455251,1.69141002897993
1.03640873015873,0.253255935594488,0.160580152778404,2.11438465943975,1.69175615317923
1.03650793650794,0.253501854695047,0.160617543629065,2.11337351819834,1.69210232202998
1.03660714285714,0.253747346241143,0.160655020076182,2.11236286059699,1.69244853534043
1.03670634920635,0.253992410843973,0.160692581917741,2.11135268640449,1.69279479291902
1.03680555555556,0.254237049114258,0.160730228951897,2.11034299538974,1.69314109457433
1.03690476190476,0.254481261662244,0.160767960976978,2.10933378732173,1.69348744011514
1.03700396825397,0.254725049097701,0.160805777791483,2.10832506196957,1.69383382935039
1.03710317460317,0.254968412029923,0.160843679194084,2.10731681910246,1.69418026208917
1.03720238095238,0.25521135106773,0.160881664983622,2.10630905848968,1.69452673814075
1.03730158730159,0.255453866819464,0.160919734959113,2.10530177990065,1.69487325731458
1.03740079365079,0.255695959892993,0.160957888919742,2.10429498310487,1.69521981942026
1.0375,0.255937630895709,0.160996126664868,2.10328866787193,1.69556642426757
1.03759920634921,0.256178880434527,0.161034447994018,2.10228283397154,1.69591307166644
1.03769841269841,0.256419709115889,0.161072852706896,2.1012774811735,1.696259761427
1.03779761904762,0.256660117545759,0.161111340603374,2.1002726092477,1.69660649335952
1.03789682539683,0.256900106329627,0.161149911483495,2.09926821796417,1.69695326727445
1.03799603174603,0.257139676072506,0.161188565147477,2.09826430709299,1.69730008298241
1.03809523809524,0.257378827378935,0.161227301395707,2.09726087640437,1.69764694029418
1.03819444444444,0.257617560852975,0.161266120028745,2.09625792566862,1.69799383902071
1.03829365079365,0.257855877098213,0.161305020847322,2.09525545465613,1.69834077897313
1.03839285714286,0.258093776717761,0.161344003652341,2.09425346313743,1.69868775996273
1.03849206349206,0.258331260314254,0.161383068244877,2.09325195088311,1.69903478180095
1.03859126984127,0.258568328489851,0.161422214426176,2.09225091766388,1.69938184429944
1.03869047619048,0.258804981846238,0.161461441997657,2.09125036325054,1.69972894726998
1.03878968253968,0.259041220984622,0.161500750760908,2.09025028741401,1.70007609052453
1.03888888888889,0.259277046505735,0.161540140517691,2.08925068992528,1.70042327387523
1.0389880952381,0.259512459009837,0.16157961106994,2.08825157055548,1.70077049713437
1.0390873015873,0.259747459096706,0.16161916221976,2.08725292907581,1.70111776011442
1.03918650793651,0.259982047365652,0.161658793769426,2.08625476525757,1.70146506262801
1.03928571428571,0.260216224415502,0.161698505521387,2.08525707887218,1.70181240448795
1.03938492063492,0.260449990844612,0.161738297278263,2.08425986969115,1.70215978550722
1.03948412698413,0.26068334725086,0.161778168842845,2.08326313748609,1.70250720549894
1.03958333333333,0.260916294231652,0.161818120018097,2.08226688202871,1.70285466427643
1.03968253968254,0.261148832383912,0.161858150607153,2.08127110309082,1.70320216165316
1.03978174603175,0.261380962304095,0.161898260413321,2.08027580044434,1.70354969744278
1.03988095238095,0.261612684588177,0.161938449240078,2.07928097386127,1.7038972714591
1.03998015873016,0.261843999831657,0.161978716891075,2.07828662311374,1.70424488351611
1.04007936507936,0.262074908629562,0.162019063170133,2.07729274797395,1.70459253342794
1.04017857142857,0.262305411576441,0.162059487881245,2.07629934821422,1.70494022100891
1.04027777777778,0.262535509266368,0.162099990828578,2.07530642360696,1.70528794607352
1.04037698412698,0.26276520229294,0.162140571816467,2.07431397392469,1.70563570843642
1.04047619047619,0.262994491249282,0.162181230649421,2.07332199894002,1.70598350791242
1.0405753968254,0.263223376728038,0.16222196713212,2.07233049842568,1.70633134431652
1.0406746031746,0.263451859321382,0.162262781069416,2.07133947215447,1.70667921746388
1.04077380952381,0.263679939621007,0.162303672266332,2.07034891989933,1.70702712716981
1.04087301587302,0.263907618218136,0.162344640528065,2.06935884143325,1.70737507324983
1.04097222222222,0.264134895703511,0.16238568565998,2.06836923652936,1.70772305551958
1.04107142857143,0.264361772667402,0.162426807467616,2.06738010496088,1.7080710737949
1.04117063492063,0.264588249699601,0.162468005756684,2.06639144650114,1.70841912789179
1.04126984126984,0.264814327389427,0.162509280333065,2.06540326092354,1.70876721762642
1.04136904761905,0.26504000632572,0.162550631002813,2.06441554800161,1.70911534281512
1.04146825396825,0.265265287096848,0.162592057572155,2.06342830750897,1.7094635032744
1.04156746031746,0.2654901702907,0.162633559847485,2.06244153921934,1.70981169882092
1.04166666666667,0.265714656494691,0.162675137635374,2.06145524290655,1.71015992927154
1.04176587301587,0.265938746295762,0.162716790742562,2.06046941834451,1.71050819444325
1.04186507936508,0.266162440280374,0.162758518975961,2.05948406530724,1.71085649415324
1.04196428571429,0.266385739034517,0.162800322142654,2.05849918356888,1.71120482821884
1.04206349206349,0.266608643143702,0.162842200049898,2.05751477290365,1.71155319645757
1.0421626984127,0.266831153192967,0.162884152505119,2.05653083308586,1.71190159868712
1.0422619047619,0.267053269766871,0.162926179315917,2.05554736388994,1.71225003472533
1.04236111111111,0.267274993449502,0.162968280290061,2.05456436509042,1.71259850439023
1.04246031746032,0.267496324824467,0.163010455235495,2.05358183646193,1.71294700749998
1.04255952380952,0.267717264474902,0.163052703960331,2.05259977777919,1.71329554387296
1.04265873015873,0.267937812983465,0.163095026272856,2.05161818881702,1.71364411332768
1.04275793650794,0.268157970932339,0.163137421981528,2.05063706935036,1.71399271568284
1.04285714285714,0.26837773890323,0.163179890894974,2.04965641915423,1.71434135075728
1.04295634920635,0.268597117477372,0.163222432821997,2.04867623800376,1.71469001837005
1.04305555555556,0.268816107235518,0.163265047571567,2.04769652567418,1.71503871834033
1.04315476190476,0.269034708757949,0.16330773495283,2.04671728194081,1.71538745048749
1.04325396825397,0.269252922624471,0.163350494775101,2.04573850657909,1.71573621463106
1.04335317460317,0.269470749414412,0.163393326847867,2.04476019936455,1.71608501059073
1.04345238095238,0.269688189706626,0.163436230980789,2.04378236007282,1.71643383818639
1.04355158730159,0.269905244079489,0.163479206983695,2.04280498847962,1.71678269723806
1.04365079365079,0.270121913110904,0.16352225466659,2.0418280843608,1.71713158756594
1.04375,0.270338197378298,0.163565373839647,2.04085164749228,1.71748050899042
1.04384920634921,0.270554097458621,0.163608564313213,2.03987567765009,1.71782946133203
1.04394841269841,0.270769613928349,0.163651825897804,2.03890017461037,1.71817844441148
1.04404761904762,0.27098474736348,0.163695158404111,2.03792513814935,1.71852745804965
1.04414682539683,0.271199498339539,0.163738561642993,2.03695056804337,1.71887650206758
1.04424603174603,0.271413867431573,0.163782035425485,2.03597646406885,1.71922557628648
1.04434523809524,0.271627855214156,0.163825579562789,2.03500282600235,1.71957468052775
1.04444444444444,0.271841462261384,0.163869193866283,2.03402965362048,1.71992381461293
1.04454365079365,0.272054689146879,0.163912878147514,2.03305694669999,1.72027297836374
1.04464285714286,0.272267536443785,0.163956632218202,2.03208470501771,1.72062217160206
1.04474206349206,0.272480004724774,0.164000455890237,2.03111292835058,1.72097139414995
1.04484126984127,0.272692094562039,0.164044348975682,2.03014161647564,1.72132064582963
1.04494047619048,0.272903806527299,0.164088311286773,2.02917076917002,1.72166992646349
1.04503968253968,0.273115141191797,0.164132342635914,2.02820038621097,1.7220192358741
1.04513888888889,0.273326099126301,0.164176442835685,2.02723046737582,1.72236857388418
1.0452380952381,0.273536680901101,0.164220611698834,2.02626101244201,1.72271794031662
1.0453373015873,0.273746887086015,0.164264849038283,2.02529202118709,1.7230673349945
1.04543650793651,0.273956718250383,0.164309154667125,2.02432349338869,1.72341675774103
1.04553571428571,0.27416617496307,0.164353528398624,2.02335542882455,1.72376620837964
1.04563492063492,0.274375257792464,0.164397970046217,2.02238782727251,1.72411568673387
1.04573412698413,0.274583967306479,0.164442479423512,2.02142068851052,1.72446519262747
1.04583333333333,0.274792304072554,0.164487056344289,2.02045401231662,1.72481472588435
1.04593253968254,0.275000268657651,0.164531700622499,2.01948779846895,1.72516428632857
1.04603174603175,0.275207861628255,0.164576412072264,2.01852204674576,1.72551387378438
1.04613095238095,0.275415083550378,0.164621190507881,2.01755675692539,1.72586348807619
1.04623015873016,0.275621934989557,0.164666035743814,2.01659192878628,1.72621312902858
1.04632936507937,0.275828416510848,0.164710947594704,2.01562756210698,1.72656279646628
1.04642857142857,0.276034528678839,0.164755925875358,2.01466365666613,1.72691249021423
1.04652777777778,0.276240272057635,0.16480097040076,2.01370021224248,1.7272622100975
1.04662698412698,0.276445647210871,0.164846080986062,2.01273722861488,1.72761195594133
1.04672619047619,0.276650654701704,0.164891257446589,2.01177470556227,1.72796172757116
1.0468253968254,0.276855295092814,0.164936499597837,2.0108126428637,1.72831152481256
1.0469246031746,0.277059568946408,0.164981807255476,2.00985104029832,1.72866134749129
1.04702380952381,0.277263476824216,0.165027180235344,2.00888989764538,1.72901119543328
1.04712301587302,0.277467019287492,0.165072618353454,2.00792921468422,1.72936106846461
1.04722222222222,0.277670196897016,0.16511812142599,2.00696899119429,1.72971096641156
1.04732142857143,0.277873010213091,0.165163689269305,2.00600922695515,1.73006088910054
1.04742063492063,0.278075459795544,0.165209321699928,2.00504992174644,1.73041083635815
1.04751984126984,0.278277546203727,0.165255018534555,2.00409107534792,1.73076080801116
1.04761904761905,0.278479269996517,0.165300779590059,2.00313268753943,1.7311108038865
1.04771825396825,0.278680631732313,0.165346604683479,2.00217475810093,1.73146082381127
1.04781746031746,0.278881631969043,0.165392493632031,2.00121728681247,1.73181086761274
1.04791666666667,0.279082271264154,0.165438446253098,2.00026027345421,1.73216093511834
1.04801587301587,0.27928255017462,0.165484462364238,1.99930371780639,1.73251102615569
1.04811507936508,0.279482469256941,0.16553054178318,1.99834761964937,1.73286114055256
1.04821428571429,0.279682029067137,0.165576684327824,1.99739197876361,1.73321127813689
1.04831349206349,0.279881230160756,0.165622889816242,1.99643679492965,1.73356143873679
1.0484126984127,0.28008007309287,0.165669158066676,1.99548206792816,1.73391162218053
1.0485119047619,0.280278558418073,0.165715488897544,1.99452779753988,1.73426182829657
1.04861111111111,0.280476686690486,0.165761882127432,1.99357398354569,1.73461205691353
1.04871031746032,0.280674458463753,0.165808337575098,1.99262062572652,1.73496230786017
1.04880952380952,0.280871874291042,0.165854855059473,1.99166772386345,1.73531258096546
1.04890873015873,0.281068934725047,0.165901434399659,1.99071527773762,1.73566287605852
1.04900793650794,0.281265640317984,0.165948075414929,1.9897632871303,1.73601319296862
1.04910714285714,0.281461991621597,0.165994777924731,1.98881175182285,1.73636353152524
1.04920634920635,0.28165798918715,0.166041541748679,1.98786067159671,1.73671389155799
1.04930555555556,0.281853633565434,0.166088366706565,1.98691004623346,1.73706427289666
1.04940476190476,0.282048925306764,0.166135252618347,1.98595987551475,1.73741467537122
1.04950396825397,0.282243864960979,0.166182199304158,1.98501015922235,1.7377650988118
1.04960317460317,0.282438453077442,0.166229206584303,1.98406089713811,1.73811554304869
1.04970238095238,0.282632690205042,0.166276274279256,1.983112089044,1.73846600791235
1.04980158730159,0.28282657689219,0.166323402209665,1.98216373472208,1.73881649323342
1.04990079365079,0.283020113686823,0.166370590196349,1.9812158339545,1.73916699884271
1.05,0.283213301136403,0.166417838060299,1.98026838652355,1.73951752457118
1.05009920634921,0.283406139787913,0.166465145622678,1.97932139221157,1.73986807024997
1.05019841269841,0.283598630187865,0.166512512704818,1.97837485080103,1.74021863571039
1.05029761904762,0.283790772882291,0.166559939128227,1.97742876207449,1.74056922078391
1.05039682539683,0.283982568416751,0.16660742471458,1.97648312581463,1.74091982530217
1.05049603174603,0.284174017336327,0.166654969285729,1.97553794180421,1.74127044909699
1.05059523809524,0.284365120185626,0.166702572663693,1.97459320982609,1.74162109200034
1.05069444444444,0.284555877508779,0.166750234670665,1.97364892966324,1.74197175384438
1.05079365079365,0.284746289849443,0.166797955129009,1.97270510109872,1.74232243446141
1.05089285714286,0.284936357750797,0.166845733861261,1.97176172391571,1.74267313368393
1.05099206349206,0.285126081755546,0.166893570690129,1.97081879789747,1.74302385134457
1.05109126984127,0.285315462405919,0.166941465438492,1.96987632282737,1.74337458727618
1.05119047619048,0.285504500243669,0.1669894179294,1.96893429848888,1.74372534131172
1.05128968253968,0.285693195810073,0.167037427986078,1.96799272466557,1.74407611328436
1.05138888888889,0.285881549645934,0.167085495431918,1.96705160114111,1.74442690302743
1.0514880952381,0.286069562291577,0.167133620090487,1.96611092769927,1.74477771037441
1.0515873015873,0.286257234286854,0.167181801785523,1.96517070412392,1.74512853515898
1.05168650793651,0.28644456617114,0.167230040340935,1.96423093019903,1.74547937721495
1.05178571428571,0.286631558483333,0.167278335580805,1.96329160570868,1.74583023637632
1.05188492063492,0.286818211761858,0.167326687329384,1.96235273043703,1.74618111247727
1.05198412698413,0.287004526544662,0.167375095411098,1.96141430416836,1.74653200535212
1.05208333333333,0.287190503369219,0.167423559650543,1.96047632668704,1.74688291483538
1.05218253968254,0.287376142772524,0.167472079872487,1.95953879777755,1.74723384076172
1.05228174603175,0.2875614452911,0.167520655901868,1.95860171722446,1.74758478296598
1.05238095238095,0.287746411460991,0.167569287563799,1.95766508481244,1.74793574128316
1.05248015873016,0.287931041817766,0.167617974683563,1.95672890032628,1.74828671554844
1.05257936507937,0.288115336896522,0.167666717086613,1.95579316355084,1.74863770559717
1.05267857142857,0.288299297231876,0.167715514598577,1.95485787427111,1.74898871126484
1.05277777777778,0.288482923357971,0.167764367045252,1.95392303227216,1.74933973238716
1.05287698412698,0.288666215808474,0.167813274252609,1.95298863733917,1.74969076879995
1.05297619047619,0.288849175116578,0.167862236046787,1.95205468925741,1.75004182033925
1.0530753968254,0.289031801814997,0.167911252254101,1.95112118781226,1.75039288684122
1.0531746031746,0.289214096435973,0.167960322701036,1.95018813278921,1.75074396814224
1.05327380952381,0.28939605951127,0.168009447214247,1.94925552397383,1.75109506407881
1.05337301587302,0.289577691572177,0.168058625620563,1.9483233611518,1.75144617448763
1.05347222222222,0.289758993149508,0.168107857746984,1.94739164410891,1.75179729920554
1.05357142857143,0.289939964773601,0.168157143420682,1.94646037263102,1.75214843806959
1.05367063492063,0.290120606974317,0.168206482468998,1.94552954650414,1.75249959091696
1.05376984126984,0.290300920281043,0.16825587471945,1.94459916551432,1.75285075758502
1.05386904761905,0.29048090522269,0.168305319999722,1.94366922944777,1.75320193791129
1.05396825396825,0.290660562327694,0.168354818137674,1.94273973809075,1.75355313173347
1.05406746031746,0.290839892124013,0.168404368961334,1.94181069122967,1.75390433888944
1.05416666666667,0.291018895139132,0.168453972298906,1.94088208865099,1.75425555921722
1.05426587301587,0.29119757190006,0.168503627978763,1.9399539301413,1.75460679255501
1.05436507936508,0.291375922933328,0.168553335829448,1.93902621548729,1.75495803874119
1.05446428571429,0.291553948764994,0.16860309567968,1.93809894447574,1.75530929761431
1.05456349206349,0.291731649920639,0.168652907358346,1.93717211689354,1.75566056901305
1.0546626984127,0.291909026925369,0.168702770694507,1.93624573252767,1.75601185277631
1.0547619047619,0.292086080303813,0.168752685517395,1.93531979116523,1.75636314874313
1.05486111111111,0.292262810580128,0.168802651656412,1.93439429259339,1.75671445675271
1.05496031746032,0.29243921827799,0.168852668941135,1.93346923659945,1.75706577664444
1.05505952380952,0.292615303920605,0.16890273720131,1.9325446229708,1.75741710825787
1.05515873015873,0.292791068030697,0.168952856266855,1.93162045149491,1.75776845143271
1.05525793650794,0.292966511130521,0.169003025967862,1.93069672195939,1.75811980600885
1.05535714285714,0.293141633741852,0.169053246134591,1.92977343415192,1.75847117182634
1.05545634920635,0.293316436385991,0.169103516597476,1.9288505878603,1.75882254872541
1.05555555555556,0.293490919583762,0.169153837187124,1.9279281828724,1.75917393654644
1.05565476190476,0.293665083855515,0.16920420773431,1.92700621897623,1.75952533512999
1.05575396825397,0.293838929721124,0.169254628069984,1.92608469595988,1.75987674431679
1.05585317460317,0.294012457699986,0.169305098025266,1.92516361361153,1.76022816394774
1.05595238095238,0.294185668311024,0.169355617431448,1.92424297171948,1.76057959386388
1.05605158730159,0.294358562072685,0.169406186119994,1.92332277007213,1.76093103390646
1.05615079365079,0.29453113950294,0.169456803922539,1.92240300845796,1.76128248391688
1.05625,0.294703401119285,0.169507470670891,1.92148368666557,1.7616339437367
1.05634920634921,0.294875347438738,0.169558186197028,1.92056480448366,1.76198541320765
1.05644841269841,0.295046978977845,0.1696089503331,1.91964636170102,1.76233689217165
1.05654761904762,0.295218296252673,0.169659762911431,1.91872835810655,1.76268838047076
1.05664682539683,0.295389299778816,0.169710623764514,1.91781079348924,1.76303987794722
1.05674603174603,0.295559990071392,0.169761532725014,1.91689366763819,1.76339138444344
1.05684523809524,0.295730367645041,0.16981248962577,1.91597698034259,1.763742899802
1.05694444444444,0.295900433013929,0.169863494299789,1.91506073139175,1.76409442386564
1.05704365079365,0.296070186691747,0.169914546580253,1.91414492057506,1.76444595647728
1.05714285714286,0.29623962919171,0.169965646300513,1.91322954768202,1.76479749747999
1.05724206349206,0.296408761026556,0.170016793294095,1.91231461250223,1.76514904671703
1.05734126984127,0.29657758270855,0.170067987394694,1.91140011482539,1.76550060403181
1.05744047619048,0.296746094749478,0.170119228436177,1.91048605444129,1.76585216926792
1.05753968253968,0.296914297660653,0.170170516252583,1.90957243113985,1.76620374226911
1.05763888888889,0.297082191952911,0.170221850678123,1.90865924471105,1.7665553228793
1.0577380952381,0.297249778136613,0.17027323154718,1.90774649494501,1.76690691094259
1.0578373015873,0.297417056721645,0.170324658694307,1.90683418163192,1.76725850630324
1.05793650793651,0.297584028217415,0.170376131954232,1.90592230456209,1.76761010880566
1.05803571428571,0.297750693132859,0.170427651161851,1.90501086352592,1.76796171829447
1.05813492063492,0.297917051976433,0.170479216152233,1.90409985831391,1.76831333461441
1.05823412698413,0.298083105256121,0.17053082676062,1.90318928871666,1.76866495761042
1.05833333333333,0.298248853479429,0.170582482822424,1.90227915452489,1.76901658712759
1.05843253968254,0.298414297153389,0.17063418417323,1.90136945552939,1.76936822301121
1.05853174603175,0.298579436784557,0.170685930648793,1.90046019152108,1.7697198651067
1.05863095238095,0.298744272879013,0.170737722085042,1.89955136229095,1.77007151325967
1.05873015873016,0.298908805942361,0.170789558318075,1.89864296763011,1.77042316731589
1.05882936507936,0.299073036479729,0.170841439184164,1.89773500732978,1.7707748271213
1.05892857142857,0.299236964995771,0.170893364519751,1.89682748118126,1.77112649252201
1.05902777777778,0.299400591994665,0.170945334161452,1.89592038897595,1.7714781633643
1.05912698412698,0.299563917980112,0.170997347946052,1.89501373050536,1.7718298394946
1.05922619047619,0.299726943455338,0.171049405710509,1.89410750556111,1.77218152075955
1.0593253968254,0.299889668923095,0.171101507291952,1.8932017139349,1.77253320700591
1.0594246031746,0.300052094885656,0.171153652527684,1.89229635541855,1.77288489808064
1.05952380952381,0.300214221844821,0.171205841255176,1.89139142980395,1.77323659383086
1.05962301587302,0.300376050301914,0.171258073312074,1.89048693688313,1.77358829410385
1.05972222222222,0.300537580757783,0.171310348536193,1.8895828764482,1.77393999874706
1.05982142857143,0.3006988137128,0.171362666765522,1.88867924829136,1.77429170760813
1.05992063492063,0.300859749666862,0.171415027838221,1.88777605220493,1.77464342053483
1.06001984126984,0.30102038911939,0.17146743159262,1.88687328798133,1.77499513737513
1.06011904761905,0.301180732569328,0.171519877867223,1.88597095541306,1.77534685797717
1.06021825396825,0.301340780515148,0.171572366500705,1.88506905429274,1.77569858218922
1.06031746031746,0.301500533454843,0.171624897331911,1.88416758441308,1.77605030985976
1.06041666666667,0.301659991885931,0.171677470199861,1.8832665455669,1.77640204083742
1.06051587301587,0.301819156305456,0.171730084943744,1.88236593754712,1.776753774971
1.06061507936508,0.301978027209985,0.171782741402921,1.88146576014674,1.77710551210946
1.06071428571429,0.302136605095608,0.171835439416927,1.88056601315889,1.77745725210195
1.06081349206349,0.302294890457943,0.171888178825464,1.87966669637678,1.77780899479777
1.0609126984127,0.302452883792129,0.171940959468411,1.87876780959373,1.77816074004639
1.0610119047619,0.302610585592832,0.171993781185816,1.87786935260316,1.77851248769746
1.06111111111111,0.302767996354239,0.172046643817898,1.87697132519859,1.77886423760077
1.06121031746032,0.302925116570065,0.172099547205049,1.87607372717363,1.77921598960632
1.06130952380952,0.303081946733546,0.172152491187832,1.875176558322,1.77956774356424
1.06140873015873,0.303238487337446,0.172205475606983,1.87427981843753,1.77991949932486
1.06150793650794,0.30339473887405,0.172258500303409,1.87338350731413,1.78027125673865
1.06160714285714,0.30355070183517,0.172311565118187,1.87248762474582,1.78062301565626
1.06170634920635,0.30370637671214,0.172364669892567,1.87159217052673,1.78097477592851
1.06180555555556,0.303861763995819,0.172417814467972,1.87069714445108,1.78132653740639
1.06190476190476,0.304016864176593,0.172470998685995,1.86980254631319,1.78167829994106
1.06200396825397,0.304171677744369,0.172524222388402,1.86890837590748,1.78203006338384
1.06210317460317,0.304326205188579,0.172577485417128,1.86801463302847,1.78238182758621
1.06220238095238,0.30448044699818,0.172630787614283,1.86712131747079,1.78273359239985
1.06230158730159,0.304634403661655,0.172684128822147,1.86622842902917,1.78308535767657
1.06240079365079,0.304788075667007,0.172737508883172,1.86533596749842,1.78343712326838
1.0625,0.304941463501769,0.172790927639981,1.86444393267348,1.78378888902744
1.06259920634921,0.305094567652992,0.17284438493537,1.86355232434936,1.78414065480607
1.06269841269841,0.305247388607258,0.172897880612305,1.8626611423212,1.78449242045679
1.06279761904762,0.305399926850667,0.172951414513926,1.86177038638422,1.78484418583226
1.06289682539683,0.305552182868849,0.173004986483543,1.86088005633375,1.78519595078532
1.06299603174603,0.305704157146954,0.173058596364638,1.85999015196522,1.78554771516897
1.06309523809524,0.305855850169659,0.173112244000864,1.85910067307415,1.78589947883639
1.06319444444444,0.306007262421165,0.173165929236048,1.85821161945617,1.78625124164092
1.06329365079365,0.306158394385196,0.173219651914185,1.85732299090701,1.78660300343606
1.06339285714286,0.306309246545001,0.173273411879446,1.85643478722251,1.78695476407551
1.06349206349206,0.306459819383354,0.173327208976171,1.85554700819858,1.7873065234131
1.06359126984127,0.306610113382553,0.173381043048871,1.85465965363127,1.78765828130285
1.06369047619048,0.306760129024421,0.173434913942231,1.8537727233167,1.78801003759895
1.06378968253968,0.306909866790303,0.173488821501106,1.85288621705111,1.78836179215573
1.06388888888889,0.307059327161071,0.173542765570524,1.85200013463082,1.78871354482773
1.0639880952381,0.30720851061712,0.173596745995684,1.85111447585227,1.78906529546963
1.0640873015873,0.30735741763837,0.173650762621955,1.850229240512,1.78941704393629
1.06418650793651,0.307506048704265,0.173704815294882,1.84934442840662,1.78976879008273
1.06428571428571,0.307654404293774,0.173758903860177,1.84846003933289,1.79012053376414
1.06438492063492,0.307802484885389,0.173813028163726,1.84757607308763,1.79047227483588
1.06448412698413,0.307950290957127,0.173867188051587,1.84669252946778,1.79082401315349
1.06458333333333,0.30809782298653,0.173921383369989,1.84580940827038,1.79117574857265
1.06468253968254,0.308245081450664,0.173975613965333,1.84492670929256,1.79152748094924
1.06478174603175,0.308392066826119,0.174029879684191,1.84404443233155,1.79187921013929
1.06488095238095,0.308538779589009,0.174084180373307,1.8431625771847,1.79223093599899
1.06498015873016,0.308685220214974,0.174138515879598,1.84228114364944,1.79258265838473
1.06507936507937,0.308831389179177,0.17419288605015,1.8414001315233,1.79293437715303
1.06517857142857,0.308977286956305,0.174247290732224,1.84051954060394,1.7932860921606
1.06527777777778,0.30912291402057,0.174301729773249,1.83963937068908,1.79363780326432
1.06537698412698,0.30926827084571,0.17435620302083,1.83875962157657,1.79398951032123
1.06547619047619,0.309413357904983,0.174410710322739,1.83788029306435,1.79434121318854
1.0655753968254,0.309558175671177,0.174465251526923,1.83700138495045,1.79469291172363
1.0656746031746,0.3097027246166,0.1745198264815,1.83612289703302,1.79504460578405
1.06577380952381,0.309847005213085,0.174574435034758,1.83524482911029,1.7953962952275
1.06587301587302,0.309991017931991,0.17462907703516,1.83436718098062,1.79574797991189
1.06597222222222,0.310134763244202,0.174683752331338,1.83348995244244,1.79609965969525
1.06607142857143,0.310278241620122,0.174738460772097,1.8326131432943,1.79645133443581
1.06617063492064,0.310421453529684,0.174793202206412,1.83173675333484,1.79680300399195
1.06626984126984,0.310564399442343,0.174847976483431,1.8308607823628,1.79715466822224
1.06636904761905,0.31070707982708,0.174902783452474,1.82998523017702,1.7975063269854
1.06646825396825,0.310849495109365,0.174957622980885,1.82911009657297,1.79785798015841
1.06656746031746,0.310991644723059,0.175012495346634,1.8282353812698,1.79820962803431
1.06666666666667,0.311133528590366,0.175067400623238,1.82736108403633,1.79856127069852
1.06676587301587,0.311275147038128,0.175122338716056,1.82648720467572,1.79891290806593
1.06686507936508,0.311416500392999,0.175177309530506,1.82561374299125,1.79926454005148
1.06696428571429,0.311557588981446,0.175232312972068,1.82474069878623,1.79961616657018
1.06706349206349,0.31169841312975,0.175287348946285,1.82386807186408,1.79996778753711
1.0671626984127,0.311838973164001,0.175342417358757,1.82299586202829,1.80031940286738
1.0672619047619,0.311979269410104,0.175397518115149,1.82212406908241,1.80067101247618
1.06736111111111,0.312119302193773,0.175452651121182,1.82125269283009,1.80102261627875
1.06746031746032,0.312259071840538,0.175507816282643,1.82038173307505,1.80137421419038
1.06755952380952,0.312398578675739,0.175563013505378,1.81951118962108,1.80172580612644
1.06765873015873,0.312537823024529,0.175618242695292,1.81864106227205,1.80207739200233
1.06775793650794,0.312676805211873,0.175673503758353,1.81777135083191,1.80242897173353
1.06785714285714,0.312815525562548,0.17572879660059,1.81690205510468,1.80278054523557
1.06795634920635,0.312953984401143,0.175784121128092,1.81603317489446,1.80313211242403
1.06805555555556,0.313092182052062,0.175839477247009,1.81516471000543,1.80348367321456
1.06815476190476,0.313230118839516,0.175894864863554,1.81429666024185,1.80383522752286
1.06825396825397,0.313367795087534,0.175950283883996,1.81342902540804,1.80418677526469
1.06835317460317,0.313505211119952,0.176005734214671,1.81256180530843,1.80453831635588
1.06845238095238,0.313642367260423,0.176061215761972,1.81169499974748,1.80488985071229
1.06855158730159,0.313779263832409,0.176116728432353,1.81082860852976,1.80524137824986
1.06865079365079,0.313915901159185,0.17617227213233,1.80996263145992,1.80559289888459
1.06875,0.31405227956384,0.176227846768481,1.80909706834267,1.80594441253252
1.06884920634921,0.314188399369272,0.176283452247443,1.8082319189828,1.80629591910976
1.06894841269841,0.314324260898193,0.176339088475915,1.80736718318518,1.80664741853248
1.06904761904762,0.314459864473129,0.176394755360655,1.80650286075476,1.80699891071689
1.06914682539683,0.314595210416416,0.176450452808485,1.80563895149655,1.80735039557929
1.06924603174603,0.314730299050201,0.176506180726286,1.80477545521567,1.80770187303601
1.06934523809524,0.314865130696447,0.176561939021,1.80391237171729,1.80805334300344
1.06944444444444,0.314999705676927,0.17661772759963,1.80304970080666,1.80840480539805
1.06954365079365,0.315134024313226,0.176673546369241,1.80218744228911,1.80875626013634
1.06964285714286,0.315268086926742,0.176729395236956,1.80132559597005,1.80910770713488
1.06974206349206,0.315401893838685,0.176785274109964,1.80046416165497,1.80945914631031
1.06984126984127,0.315535445370077,0.176841182895509,1.79960313914942,1.80981057757931
1.06994047619048,0.315668741841753,0.176897121500901,1.79874252825905,1.81016200085862
1.07003968253968,0.31580178357436,0.176953089833507,1.79788232878957,1.81051341606504
1.07013888888889,0.315934570888356,0.177009087800758,1.79702254054676,1.81086482311543
1.0702380952381,0.316067104104014,0.177065115310144,1.79616316333651,1.81121622192672
1.0703373015873,0.316199383541415,0.177121172269216,1.79530419696475,1.81156761241587
1.07043650793651,0.316331409520458,0.177177258585587,1.79444564123751,1.81191899449992
1.07053571428571,0.316463182360848,0.17723337416693,1.79358749596088,1.81227036809596
1.07063492063492,0.316594702382107,0.177289518920979,1.79272976094105,1.81262173312114
1.07073412698413,0.316725969903567,0.17734569275553,1.79187243598426,1.81297308949267
1.07083333333333,0.316856985244373,0.177401895578438,1.79101552089685,1.8133244371278
1.07093253968254,0.316987748723481,0.177458127297621,1.79015901548522,1.81367577594387
1.07103174603175,0.317118260659662,0.177514387821057,1.78930291955586,1.81402710585825
1.07113095238095,0.317248521371497,0.177570677056784,1.78844723291532,1.81437842678837
1.07123015873016,0.31737853117738,0.177626994912902,1.78759195537025,1.81472973865175
1.07132936507936,0.317508290395515,0.177683341297572,1.78673708672735,1.81508104136592
1.07142857142857,0.317637799343923,0.177739716119015,1.78588262679342,1.8154323348485
1.07152777777778,0.317767058340433,0.177796119285515,1.78502857537533,1.81578361901716
1.07162698412698,0.317896067702688,0.177852550705413,1.78417493228001,1.81613489378962
1.07172619047619,0.318024827748144,0.177909010287116,1.7833216973145,1.81648615908368
1.0718253968254,0.318153338794067,0.177965497939087,1.78246887028588,1.81683741481717
1.0719246031746,0.318281601157537,0.178022013569854,1.78161645100135,1.81718866090799
1.07202380952381,0.318409615155445,0.178078557088003,1.78076443926814,1.81753989727411
1.07212301587302,0.318537381104497,0.178135128402183,1.77991283489358,1.81789112383353
1.07222222222222,0.318664899321208,0.178191727421101,1.77906163768509,1.81824234050434
1.07232142857143,0.318792170121906,0.17824835405353,1.77821084745013,1.81859354720466
1.07242063492063,0.318919193822733,0.178305008208298,1.77736046399629,1.81894474385269
1.07251984126984,0.319045970739641,0.178361689794298,1.77651048713118,1.81929593036667
1.07261904761905,0.319172501188396,0.178418398720483,1.77566091666253,1.8196471066649
1.07271825396825,0.319298785484575,0.178475134895865,1.77481175239811,1.81999827266576
1.07281746031746,0.319424823943569,0.17853189822952,1.77396299414581,1.82034942828765
1.07291666666667,0.319550616880578,0.178588688630583,1.77311464171356,1.82070057344907
1.07301587301587,0.319676164610618,0.178645506008251,1.77226669490938,1.82105170806854
1.07311507936508,0.319801467448515,0.17870235027178,1.77141915354137,1.82140283206467
1.07321428571429,0.319926525708908,0.178759221330489,1.77057201741771,1.82175394535609
1.07331349206349,0.320051339706247,0.178816119093756,1.76972528634664,1.82210504786153
1.0734126984127,0.320175909754797,0.178873043471022,1.7688789601365,1.82245613949976
1.0735119047619,0.320300236168632,0.178929994371788,1.76803303859568,1.82280722018959
1.07361111111111,0.32042431926164,0.178986971705616,1.76718752153267,1.82315828984991
1.07371031746032,0.320548159347522,0.179043975382128,1.76634240875604,1.82350934839966
1.07380952380952,0.320671756739789,0.179101005311009,1.7654977000744,1.82386039575784
1.07390873015873,0.320795111751767,0.179158061402002,1.76465339529648,1.82421143184352
1.07400793650794,0.320918224696592,0.179215143564913,1.76380949423107,1.8245624565758
1.07410714285714,0.321041095887212,0.179272251709609,1.76296599668702,1.82491346987385
1.07420634920635,0.321163725636391,0.179329385746017,1.76212290247329,1.82526447165692
1.07430555555556,0.321286114256699,0.179386545584126,1.76128021139889,1.82561546184427
1.07440476190476,0.321408262060525,0.179443731133984,1.76043792327292,1.82596644035528
1.07450396825397,0.321530169360065,0.179500942305702,1.75959603790455,1.82631740710932
1.07460317460317,0.321651836467331,0.179558179009451,1.75875455510303,1.82666836202588
1.07470238095238,0.321773263694144,0.179615441155463,1.75791347467769,1.82701930502447
1.07480158730159,0.321894451352139,0.17967272865403,1.75707279643794,1.82737023602466
1.07490079365079,0.322015399752763,0.179730041415507,1.75623252019324,1.82772115494609
1.075,0.322136109207276,0.179787379350309,1.75539264575317,1.82807206170846
1.07509920634921,0.32225658002675,0.17984474236891,1.75455317292735,1.82842295623151
1.07519841269841,0.322376812522067,0.179902130381848,1.7537141015255,1.82877383843506
1.07529761904762,0.322496807003924,0.17995954329972,1.7528754313574,1.82912470823897
1.07539682539683,0.32261656378283,0.180016981033185,1.75203716223292,1.82947556556317
1.07549603174603,0.322736083169104,0.180074443492961,1.75119929396201,1.82982641032763
1.07559523809524,0.32285536547288,0.18013193058983,1.75036182635467,1.83017724245241
1.07569444444444,0.322974411004103,0.180189442234632,1.749524759221,1.83052806185759
1.07579365079365,0.323093220072529,0.180246978338269,1.74868809237118,1.83087886846334
1.07589285714286,0.32321179298773,0.180304538811705,1.74785182561546,1.83122966218986
1.07599206349206,0.323330130059085,0.180362123565964,1.74701595876416,1.83158044295744
1.07609126984127,0.323448231595789,0.18041973251213,1.74618049162768,1.83193121068639
1.07619047619048,0.32356609790685,0.180477365561349,1.7453454240165,1.83228196529711
1.07628968253968,0.323683729301084,0.180535022624827,1.74451075574119,1.83263270671003
1.07638888888889,0.323801126087123,0.180592703613834,1.74367648661237,1.83298343484568
1.0764880952381,0.32391828857341,0.180650408439696,1.74284261644076,1.83333414962459
1.0765873015873,0.324035217068201,0.180708137013804,1.74200914503713,1.8336848509674
1.07668650793651,0.324151911879562,0.180765889247607,1.74117607221236,1.83403553879479
1.07678571428571,0.324268373315374,0.180823665052618,1.74034339777739,1.83438621302747
1.07688492063492,0.324384601683328,0.180881464340409,1.73951112154323,1.83473687358625
1.07698412698413,0.324500597290929,0.180939287022612,1.73867924332097,1.83508752039198
1.07708333333333,0.324616360445494,0.180997133010922,1.7378477629218,1.83543815336556
1.07718253968254,0.324731891454151,0.181055002217094,1.73701668015695,1.83578877242796
1.07728174603175,0.324847190623841,0.181112894552943,1.73618599483775,1.83613937750021
1.07738095238095,0.324962258261317,0.181170809930347,1.73535570677561,1.83648996850338
1.07748015873016,0.325077094673146,0.181228748261243,1.734525815782,1.83684054535861
1.07757936507937,0.325191700165705,0.18128670945763,1.73369632166848,1.83719110798711
1.07767857142857,0.325306075045183,0.181344693431567,1.73286722424667,1.83754165631012
1.07777777777778,0.325420219617584,0.181402700095176,1.7320385233283,1.83789219024896
1.07787698412698,0.325534134188722,0.181460729360637,1.73121021872514,1.838242709725
1.07797619047619,0.325647819064222,0.181518781140193,1.73038231024907,1.83859321465967
1.0780753968254,0.325761274549526,0.181576855346148,1.72955479771201,1.83894370497444
1.0781746031746,0.325874500949883,0.181634951890864,1.72872768092598,1.83929418059088
1.07827380952381,0.325987498570358,0.181693070686769,1.72790095970308,1.83964464143058
1.07837301587302,0.326100267715826,0.181751211646346,1.72707463385548,1.83999508741519
1.07847222222222,0.326212808690976,0.181809374682145,1.72624870319543,1.84034551846644
1.07857142857143,0.326325121800306,0.181867559706772,1.72542316753525,1.8406959345061
1.07867063492063,0.326437207348131,0.181925766632896,1.72459802668733,1.84104633545601
1.07876984126984,0.326549065638575,0.181983995373247,1.72377328046417,1.84139672123805
1.07886904761905,0.326660696975574,0.182042245840616,1.72294892867831,1.84174709177418
1.07896825396825,0.326772101662879,0.182100517947854,1.72212497114238,1.8420974469864
1.07906746031746,0.326883280004051,0.182158811607874,1.72130140766909,1.84244778679678
1.07916666666667,0.326994232302463,0.182217126733649,1.72047823807123,1.84279811112743
1.07926587301587,0.327104958861301,0.182275463238213,1.71965546216167,1.84314841990054
1.07936507936508,0.327215459983565,0.182333821034663,1.71883307975333,1.84349871303835
1.07946428571429,0.327325735972063,0.182392200036153,1.71801109065923,1.84384899046315
1.07956349206349,0.32743578712942,0.182450600155901,1.71718949469247,1.84419925209729
1.0796626984127,0.32754561375807,0.182509021307185,1.71636829166622,1.8445494978632
1.0797619047619,0.327655216160261,0.182567463403345,1.71554748139371,1.84489972768333
1.07986111111111,0.327764594638052,0.182625926357779,1.71472706368829,1.84524994148021
1.07996031746032,0.327873749493314,0.182684410083949,1.71390703836334,1.84560013917643
1.08005952380952,0.327982681027732,0.182742914495376,1.71308740523234,1.84595032069463
1.08015873015873,0.328091389542803,0.182801439505643,1.71226816410884,1.84630048595752
1.08025793650794,0.328199875339834,0.182859985028394,1.71144931480648,1.84665063488784
1.08035714285714,0.328308138719947,0.182918550977332,1.71063085713897,1.84700076740843
1.08045634920635,0.328416179984074,0.182977137266224,1.70981279092008,1.84735088344214
1.08055555555556,0.328523999432961,0.183035743808896,1.70899511596368,1.84770098291192
1.08065476190476,0.328631597367166,0.183094370519235,1.7081778320837,1.84805106574075
1.08075396825397,0.328738974087057,0.183153017311188,1.70736093909417,1.84840113185168
1.08085317460317,0.328846129892818,0.183211684098766,1.70654443680916,1.84875118116782
1.08095238095238,0.328953065084442,0.183270370796038,1.70572832504286,1.84910121361232
1.08105158730159,0.329059779961737,0.183329077317135,1.70491260360951,1.84945122910842
1.08115079365079,0.32916627482432,0.183387803576248,1.70409727232342,1.84980122757939
1.08125,0.329272549971623,0.183446549487632,1.703282330999,1.85015120894856
1.08134920634921,0.329378605702889,0.183505314965598,1.70246777945072,1.85050117313933
1.08144841269841,0.329484442317174,0.183564099924523,1.70165361749314,1.85085112007516
1.08154761904762,0.329590060113345,0.183622904278841,1.70083984494088,1.85120104967955
1.08164682539683,0.329695459390083,0.183681727943049,1.70002646160865,1.85155096187607
1.08174603174603,0.32980064044588,0.183740570831704,1.69921346731124,1.85190085658836
1.08184523809524,0.32990560357904,0.183799432859424,1.6984008618635,1.85225073374008
1.08194444444444,0.330010349087681,0.183858313940889,1.69758864508037,1.85260059325498
1.08204365079365,0.33011487726973,0.183917213990839,1.69677681677687,1.85295043505687
1.08214285714286,0.33021918842293,0.183976132924075,1.69596537676808,1.8533002590696
1.08224206349206,0.330323282844834,0.184035070655458,1.69515432486918,1.85365006521709
1.08234126984127,0.330427160832808,0.184094027099912,1.6943436608954,1.8539998534233
1.08244047619048,0.33053082268403,0.18415300217242,1.69353338466207,1.85434962361227
1.08253968253968,0.33063426869549,0.184211995788028,1.69272349598459,1.85469937570809
1.08263888888889,0.33073749916399,0.184271007861841,1.69191399467843,1.85504910963491
1.0827380952381,0.330840514386147,0.184330038309024,1.69110488055914,1.85539882531692
1.0828373015873,0.330943314658385,0.184389087044807,1.69029615344235,1.85574852267839
1.08293650793651,0.331045900276946,0.184448153984477,1.68948781314377,1.85609820164365
1.08303571428571,0.33114827153788,0.184507239043384,1.68867985947918,1.85644786213706
1.08313492063492,0.331250428737051,0.184566342136937,1.68787229226443,1.85679750408307
1.08323412698413,0.331352372170135,0.184625463180608,1.68706511131548,1.85714712740617
1.08333333333333,0.331454102132621,0.18468460208993,1.68625831644831,1.8574967320309
1.08343253968254,0.331555618919809,0.184743758780494,1.68545190747903,1.85784631788188
1.08353174603175,0.331656922826811,0.184802933167956,1.68464588422381,1.85819588488378
1.08363095238095,0.331758014148554,0.184862125168029,1.68384024649888,1.85854543296132
1.08373015873016,0.331858893179774,0.184921334696491,1.68303499412057,1.85889496203928
1.08382936507937,0.33195956021502,0.184980561669176,1.68223012690527,1.8592444720425
1.08392857142857,0.332060015548655,0.185039806001983,1.68142564466946,1.85959396289589
1.08402777777778,0.332160259474853,0.185099067610871,1.68062154722968,1.85994343452439
1.08412698412698,0.332260292287599,0.185158346411859,1.67981783440257,1.86029288685302
1.08422619047619,0.332360114280693,0.185217642321027,1.67901450600483,1.86064231980686
1.0843253968254,0.332459725747745,0.185276955254517,1.67821156185324,1.86099173331103
1.0844246031746,0.332559126982179,0.18533628512853,1.67740900176466,1.86134112729072
1.08452380952381,0.332658318277228,0.18539563185933,1.67660682555603,1.86169050167118
1.08462301587302,0.332757299925942,0.185454995363242,1.67580503304435,1.86203985637771
1.08472222222222,0.33285607222118,0.185514375556649,1.67500362404671,1.86238919133566
1.08482142857143,0.332954635455614,0.185573772355998,1.67420259838029,1.86273850647047
1.08492063492063,0.333052989921728,0.185633185677796,1.67340195586231,1.86308780170759
1.08501984126984,0.333151135911818,0.185692615438611,1.67260169631011,1.86343707697258
1.08511904761905,0.333249073717995,0.18575206155507,1.67180181954108,1.86378633219103
1.08521825396825,0.333346803632178,0.185811523943864,1.67100232537269,1.86413556728857
1.08531746031746,0.3334443259461,0.185871002521743,1.67020321362248,1.86448478219093
1.08541666666667,0.333541640951309,0.185930497205519,1.6694044841081,1.86483397682386
1.08551587301587,0.33363874893916,0.185990007912064,1.66860613664723,1.86518315111319
1.08561507936508,0.333735650200825,0.186049534558311,1.66780817105767,1.8655323049848
1.08571428571429,0.333832345027285,0.186109077061254,1.66701058715726,1.86588143836463
1.08581349206349,0.333928833709335,0.186168635337949,1.66621338476394,1.86623055117868
1.0859126984127,0.334025116537583,0.186228209305511,1.66541656369573,1.866579643353
1.0860119047619,0.334121193802446,0.186287798881118,1.66462012377071,1.86692871481371
1.08611111111111,0.334217065794156,0.186347403982007,1.66382406480704,1.86727776548698
1.08621031746032,0.334312732802758,0.186407024525477,1.66302838662297,1.86762679529903
1.08630952380952,0.334408195118105,0.186466660428888,1.66223308903681,1.86797580417615
1.08640873015873,0.334503453029868,0.18652631160966,1.66143817186696,1.86832479204468
1.08650793650794,0.334598506827525,0.186585977985276,1.6606436349319,1.86867375883103
1.08660714285714,0.33469335680037,0.186645659473277,1.65984947805016,1.86902270446166
1.08670634920635,0.334788003237508,0.186705355991266,1.65905570104038,1.86937162886309
1.08680555555556,0.334882446427854,0.186765067456909,1.65826230372126,1.86972053196188
1.08690476190476,0.334976686660139,0.18682479378793,1.65746928591158,1.87006941368468
1.08700396825397,0.335070724222905,0.186884534902116,1.65667664743018,1.87041827395817
1.08710317460317,0.335164559404504,0.186944290717313,1.65588438809602,1.8707671127091
1.08720238095238,0.335258192493103,0.18700406115143,1.6550925077281,1.87111592986429
1.08730158730159,0.335351623776681,0.187063846122436,1.65430100614549,1.87146472535059
1.08740079365079,0.335444853543027,0.18712364554836,1.65350988316738,1.87181349909493
1.0875,0.335537882079745,0.187183459347292,1.65271913861299,1.87216225102428
1.08759920634921,0.33563070967425,0.187243287437386,1.65192877230165,1.87251098106569
1.08769841269841,0.335723336613769,0.187303129736853,1.65113878405275,1.87285968914626
1.08779761904762,0.335815763185341,0.187362986163967,1.65034917368575,1.87320837519312
1.08789682539683,0.335907989675819,0.187422856637063,1.64955994102022,1.87355703913351
1.08799603174603,0.336000016371866,0.187482741074535,1.64877108587576,1.87390568089468
1.08809523809524,0.336091843559959,0.18754263939484,1.64798260807209,1.87425430040397
1.08819444444444,0.336183471526386,0.187602551516495,1.64719450742899,1.87460289758875
1.08829365079365,0.336274900557248,0.187662477358079,1.6464067837663,1.87495147237648
1.08839285714286,0.336366130938457,0.187722416838229,1.64561943690396,1.87530002469465
1.08849206349206,0.336457162955741,0.187782369875647,1.64483246666198,1.87564855447082
1.08859126984127,0.336547996894635,0.187842336389094,1.64404587286044,1.87599706163261
1.08869047619048,0.33663863304049,0.18790231629739,1.64325965531951,1.8763455461077
1.08878968253968,0.336729071678468,0.187962309519419,1.64247381385943,1.8766940078238
1.08888888888889,0.336819313093543,0.188022315974125,1.64168834830051,1.87704244670873
1.0889880952381,0.336909357570501,0.188082335580511,1.64090325846315,1.87739086269031
1.0890873015873,0.336999205393942,0.188142368257644,1.64011854416781,1.87773925569646
1.08918650793651,0.337088856848276,0.188202413924649,1.63933420523504,1.87808762565514
1.08928571428571,0.337178312217727,0.188262472500715,1.63855024148547,1.87843597249438
1.08938492063492,0.33726757178633,0.188322543905089,1.6377666527398,1.87878429614225
1.08948412698413,0.337356635837934,0.188382628057081,1.63698343881881,1.87913259652689
1.08958333333333,0.337445504656197,0.18844272487606,1.63620059954334,1.87948087357649
1.08968253968254,0.337534178524593,0.188502834281458,1.63541813473433,1.8798291272193
1.08978174603175,0.337622657726406,0.188562956192767,1.63463604421279,1.88017735738365
1.08988095238095,0.337710942544732,0.188623090529539,1.6338543277998,1.88052556399788
1.08998015873016,0.337799033262482,0.188683237211388,1.63307298531653,1.88087374699044
1.09007936507936,0.337886930162376,0.188743396157989,1.63229201658421,1.88122190628981
1.09017857142857,0.337974633526947,0.188803567289078,1.63151142142416,1.88157004182452
1.09027777777778,0.338062143638542,0.188863750524451,1.63073119965777,1.88191815352318
1.09037698412698,0.338149460779318,0.188923945783965,1.62995135110651,1.88226624131444
1.09047619047619,0.338236585231246,0.18898415298754,1.62917187559192,1.88261430512702
1.0905753968254,0.338323517276109,0.189044372055153,1.62839277293564,1.8829623448897
1.0906746031746,0.3384102571955,0.189104602906846,1.62761404295935,1.88331036053129
1.09077380952381,0.338496805270828,0.189164845462719,1.62683568548483,1.8836583519807
1.09087301587302,0.338583161783312,0.189225099642935,1.62605770033394,1.88400631916687
1.09097222222222,0.338669327013982,0.189285365367717,1.62528008732861,1.8843542620188
1.09107142857143,0.338755301243683,0.189345642557348,1.62450284629085,1.88470218046556
1.09117063492063,0.338841084753072,0.189405931132174,1.62372597704273,1.88505007443626
1.09126984126984,0.338926677822615,0.189466231012599,1.62294947940642,1.88539794386009
1.09136904761905,0.339012080732594,0.189526542119091,1.62217335320416,1.88574578866628
1.09146825396825,0.339097293763102,0.189586864372178,1.62139759825826,1.88609360878412
1.09156746031746,0.339182317194043,0.189647197692447,1.62062221439112,1.88644140414296
1.09166666666667,0.339267151305136,0.189707542000549,1.61984720142519,1.88678917467222
1.09176587301587,0.339351796375908,0.189767897217193,1.61907255918303,1.88713692030136
1.09186507936508,0.339436252685703,0.189828263263151,1.61829828748726,1.88748464095991
1.09196428571429,0.339520520513675,0.189888640059255,1.61752438616057,1.88783233657745
1.09206349206349,0.339604600138789,0.189949027526398,1.61675085502574,1.88818000708361
1.0921626984127,0.339688491839824,0.190009425585534,1.61597769390563,1.8885276524081
1.0922619047619,0.339772195895371,0.190069834157679,1.61520490262316,1.88887527248068
1.09236111111111,0.339855712583833,0.190130253163907,1.61443248100134,1.88922286723116
1.09246031746032,0.339939042183425,0.190190682525357,1.61366042886325,1.8895704365894
1.09255952380952,0.340022184972175,0.190251122163224,1.61288874603206,1.88991798048535
1.09265873015873,0.340105141227923,0.190311571998769,1.61211743233099,1.89026549884898
1.09275793650794,0.340187911228321,0.190372031953311,1.61134648758336,1.89061299161035
1.09285714285714,0.340270495250832,0.190432501948229,1.61057591161257,1.89096045869955
1.09295634920635,0.340352893572735,0.190492981904966,1.60980570424207,1.89130790004676
1.09305555555556,0.340435106471116,0.190553471745024,1.60903586529542,1.89165531558217
1.09315476190476,0.340517134222878,0.190613971389967,1.60826639459623,1.89200270523609
1.09325396825397,0.340598977104733,0.190674480761417,1.60749729196821,1.89235006893883
1.09335317460317,0.340680635393208,0.190734999781061,1.60672855723512,1.89269740662079
1.09345238095238,0.34076210936464,0.190795528370644,1.60596019022082,1.89304471821242
1.09355158730159,0.340843399295179,0.190856066451973,1.60519219074923,1.89339200364423
1.09365079365079,0.340924505460788,0.190916613946916,1.60442455864437,1.89373926284678
1.09375,0.34100542813724,0.190977170777402,1.6036572937303,1.89408649575071
1.09384920634921,0.341086167600123,0.191037736865421,1.6028903958312,1.89443370228668
1.09394841269841,0.341166724124836,0.191098312133023,1.6021238647713,1.89478088238545
1.09404761904762,0.341247097986591,0.191158896502319,1.6013577003749,1.8951280359778
1.09414682539683,0.341327289460409,0.191219489895483,1.60059190246641,1.8954751629946
1.09424603174603,0.341407298821129,0.191280092234747,1.59982647087028,1.89582226336675
1.09434523809524,0.341487126343396,0.191340703442405,1.59906140541106,1.89616933702522
1.09444444444444,0.341566772301673,0.191401323440814,1.59829670591336,1.89651638390105
1.09454365079365,0.341646236970231,0.191461952152388,1.59753237220189,1.89686340392532
1.09464285714286,0.341725520623155,0.191522589499606,1.59676840410142,1.89721039702918
1.09474206349206,0.341804623534342,0.191583235405005,1.5960048014368,1.89755736314383
1.09484126984127,0.341883545977502,0.191643889791184,1.59524156403296,1.89790430220052
1.09494047619048,0.341962288226156,0.191704552580802,1.59447869171489,1.89825121413058
1.09503968253968,0.342040850553638,0.191765223696581,1.59371618430769,1.89859809886538
1.09513888888889,0.342119233233094,0.191825903061302,1.59295404163651,1.89894495633635
1.0952380952381,0.342197436537482,0.191886590597808,1.59219226352657,1.89929178647499
1.0953373015873,0.342275460739573,0.191947286229002,1.59143084980321,1.89963858921284
1.09543650793651,0.342353306111949,0.192007989877849,1.5906698002918,1.89998536448152
1.09553571428571,0.342430972927007,0.192068701467373,1.5899091148178,1.90033211221268
1.09563492063492,0.342508461456952,0.192129420920662,1.58914879320677,1.90067883233805
1.09573412698413,0.342585771973804,0.192190148160862,1.58838883528432,1.90102552478942
1.09583333333333,0.342662904749396,0.192250883111181,1.58762924087614,1.9013721894986
1.09593253968254,0.342739860055371,0.192311625694889,1.58687000980801,1.90171882639752
1.09603174603175,0.342816638163186,0.192372375835316,1.58611114190578,1.90206543541811
1.09613095238095,0.342893239344109,0.192433133455852,1.58535263699537,1.90241201649239
1.09623015873016,0.342969663869221,0.192493898479948,1.58459449490279,1.90275856955243
1.09632936507937,0.343045912009415,0.192554670831119,1.58383671545412,1.90310509453036
1.09642857142857,0.343121984035397,0.192615450432937,1.58307929847551,1.90345159135836
1.09652777777778,0.343197880217683,0.192676237209036,1.5823222437932,1.90379805996868
1.09662698412698,0.343273600826604,0.192737031083113,1.5815655512335,1.90414450029361
1.09672619047619,0.343349146132302,0.192797831978924,1.58080922062279,1.90449091226552
1.0968253968254,0.343424516404731,0.192858639820286,1.58005325178754,1.90483729581682
1.0969246031746,0.343499711913658,0.192919454531077,1.5792976445543,1.90518365087999
1.09702380952381,0.343574732928661,0.192980276035237,1.57854239874967,1.90552997738755
1.09712301587302,0.343649579719131,0.193041104256764,1.57778751420036,1.90587627527211
1.09722222222222,0.343724252554273,0.193101939119722,1.57703299073313,1.9062225444663
1.09732142857143,0.3437987517031,0.19316278054823,1.57627882817483,1.90656878490283
1.09742063492064,0.343873077434442,0.193223628466473,1.5755250263524,1.90691499651447
1.09751984126984,0.343947230016938,0.193284482798694,1.57477158509283,1.90726117923403
1.09761904761905,0.344021209719041,0.193345343469198,1.57401850422319,1.90760733299441
1.09771825396825,0.344095016809015,0.193406210402349,1.57326578357066,1.90795345772852
1.09781746031746,0.344168651554936,0.193467083522575,1.57251342296245,1.90829955336938
1.09791666666667,0.344242114224695,0.193527962754364,1.57176142222588,1.90864561985003
1.09801587301587,0.344315405085991,0.193588848022262,1.57100978118834,1.90899165710358
1.09811507936508,0.34438852440634,0.193649739250881,1.57025849967728,1.9093376650632
1.09821428571429,0.344461472453066,0.193710636364889,1.56950757752026,1.90968364366211
1.09831349206349,0.344534249493307,0.193771539289019,1.56875701454488,1.91002959283361
1.0984126984127,0.344606855794015,0.193832447948061,1.56800681057884,1.91037551251104
1.0985119047619,0.344679291621951,0.19389336226687,1.5672569654499,1.91072140262778
1.09861111111111,0.34475155724369,0.193954282170358,1.56650747898593,1.91106726311731
1.09871031746032,0.34482365292562,0.194015207583501,1.56575835101484,1.91141309391313
1.09880952380952,0.34489557893394,0.194076138431335,1.56500958136463,1.91175889494882
1.09890873015873,0.34496733553466,0.194137074638955,1.56426116986339,1.91210466615801
1.09900793650794,0.345038922993606,0.19419801613152,1.56351311633926,1.91245040747439
1.09910714285714,0.345110341576413,0.194258962834249,1.56276542062048,1.91279611883171
1.09920634920635,0.345181591548529,0.194319914672419,1.56201808253535,1.91314180016377
1.09930555555556,0.345252673175215,0.194380871571373,1.56127110191227,1.91348745140443
1.09940476190476,0.345323586721544,0.19444183345651,1.56052447857969,1.91383307248761
1.09950396825397,0.3453943324524,0.194502800253293,1.55977821236616,1.9141786633473
1.09960317460317,0.345464910632482,0.194563771887246,1.55903230310029,1.91452422391752
1.09970238095238,0.345535321526298,0.194624748283952,1.55828675061077,1.91486975413238
1.09980158730159,0.345605565398171,0.194685729369056,1.55754155472637,1.91521525392602
1.09990079365079,0.345675642512235,0.194746715068265,1.55679671527594,1.91556072323265
1.1,0.345745553132435,0.194807705307344,1.5560522320884,1.91590616198654
1.10009920634921,0.34581529752253,0.194868700012121,1.55530810499276,1.91625157012202
1.10019841269841,0.345884875946092,0.194929699108486,1.55456433381808,1.91659694757346
1.10029761904762,0.345954288666503,0.194990702522387,1.55382091839353,1.91694229427531
1.10039682539683,0.346023535946959,0.195051710179835,1.55307785854834,1.91728761016207
1.10049603174603,0.346092618050466,0.195112722006902,1.5523351541118,1.9176328951683
1.10059523809524,0.346161535239846,0.195173737929719,1.55159280491332,1.9179781492286
1.10069444444444,0.346230287777729,0.19523475787448,1.55085081078234,1.91832337227765
1.10079365079365,0.346298875926561,0.195295781767439,1.55010917154841,1.91866856425018
1.10089285714286,0.346367299948597,0.195356809534911,1.54936788704114,1.91901372508098
1.10099206349206,0.346435560105908,0.195417841103273,1.54862695709022,1.91935885470489
1.10109126984127,0.346503656660373,0.19547887639896,1.54788638152543,1.91970395305682
1.10119047619048,0.346571589873686,0.195539915348471,1.5471461601766,1.92004902007173
1.10128968253968,0.346639360007352,0.195600957878364,1.54640629287367,1.92039405568464
1.10138888888889,0.34670696732269,0.19566200391526,1.54566677944662,1.92073905983062
1.1014880952381,0.346774412080829,0.195723053385838,1.54492761972554,1.92108403244481
1.1015873015873,0.346841694542712,0.195784106216841,1.54418881354058,1.9214289734624
1.10168650793651,0.346908814969094,0.19584516233507,1.54345036072197,1.92177388281864
1.10178571428571,0.34697577362054,0.195906221667389,1.54271226110001,1.92211876044884
1.10188492063492,0.34704257075743,0.195967284140722,1.54197451450509,1.92246360628837
1.10198412698413,0.347109206639956,0.196028349682055,1.54123712076767,1.92280842027265
1.10208333333333,0.347175681528121,0.196089418218433,1.54050007971829,1.92315320233717
1.10218253968254,0.347241995681741,0.196150489676964,1.53976339118756,1.92349795241745
1.10228174603175,0.347308149360444,0.196211563984815,1.53902705500617,1.92384267044911
1.10238095238095,0.34737414282367,0.196272641069215,1.53829107100489,1.92418735636779
1.10248015873016,0.347439976330671,0.196333720857454,1.53755543901457,1.9245320101092
1.10257936507937,0.347505650140513,0.196394803276884,1.53682015886612,1.92487663160913
1.10267857142857,0.347571164512073,0.196455888254914,1.53608523039054,1.92522122080339
1.10277777777778,0.34763651970404,0.196516975719018,1.53535065341892,1.92556577762788
1.10287698412698,0.347701715974915,0.19657806559673,1.53461642778239,1.92591030201853
1.10297619047619,0.347766753583012,0.196639157815644,1.5338825533122,1.92625479391136
1.1030753968254,0.347831632786458,0.196700252303415,1.53314902983964,1.92659925324242
1.1031746031746,0.34789635384319,0.196761348987759,1.5324158571961,1.92694367994782
1.10327380952381,0.34796091701096,0.196822447796454,1.53168303521304,1.92728807396376
1.10337301587302,0.348025322547329,0.196883548657337,1.53095056372199,1.92763243522644
1.10347222222222,0.348089570709674,0.196944651498307,1.53021844255457,1.92797676367218
1.10357142857143,0.348153661755181,0.197005756247325,1.52948667154247,1.92832105923732
1.10367063492063,0.34821759594085,0.197066862832411,1.52875525051745,1.92866532185827
1.10376984126984,0.348281373523493,0.197127971181648,1.52802417931136,1.92900955147148
1.10386904761905,0.348344994759733,0.197189081223177,1.52729345775612,1.92935374801349
1.10396825396825,0.348408459906008,0.197250192885202,1.52656308568373,1.92969791142088
1.10406746031746,0.348471769218565,0.197311306095988,1.52583306292625,1.93004204163027
1.10416666666667,0.348534922953466,0.19737242078386,1.52510338931585,1.93038613857838
1.10426587301587,0.348597921366583,0.197433536877204,1.52437406468475,1.93073020220195
1.10436507936508,0.348660764713602,0.197494654304469,1.52364508886525,1.93107423243779
1.10446428571429,0.348723453250021,0.197555772994162,1.52291646168973,1.93141822922278
1.10456349206349,0.348785987231148,0.197616892874851,1.52218818299066,1.93176219249385
1.1046626984127,0.348848366912108,0.197678013875168,1.52146025260057,1.93210612218797
1.1047619047619,0.348910592547832,0.197739135923803,1.52073267035208,1.93245001824219
1.10486111111111,0.348972664393069,0.197800258949508,1.52000543607786,1.93279388059362
1.10496031746032,0.349034582702377,0.197861382881096,1.51927854961069,1.9331377091794
1.10505952380952,0.349096347730126,0.19792250764744,1.51855201078341,1.93348150393677
1.10515873015873,0.349157959730501,0.197983633177475,1.51782581942894,1.93382526480298
1.10525793650794,0.349219418957497,0.198044759400198,1.51709997538027,1.93416899171539
1.10535714285714,0.349280725664922,0.198105886244663,1.51637447847048,1.93451268461137
1.10545634920635,0.349341880106395,0.198167013639989,1.51564932853272,1.93485634342837
1.10555555555556,0.34940288253535,0.198228141515354,1.51492452540022,1.9351999681039
1.10565476190476,0.349463733205029,0.198289269799997,1.51420006890628,1.93554355857553
1.10575396825397,0.349524432368492,0.198350398423218,1.51347595888428,1.93588711478087
1.10585317460317,0.349584980278606,0.198411527314379,1.51275219516767,1.9362306366576
1.10595238095238,0.349645377188053,0.198472656402901,1.51202877759,1.93657412414347
1.10605158730159,0.349705623349326,0.198533785618267,1.51130570598487,1.93691757717626
1.10615079365079,0.349765719014731,0.198594914890022,1.51058298018597,1.93726099569384
1.10625,0.349825664436386,0.19865604414777,1.50986060002708,1.9376043796341
1.10634920634921,0.349885459866222,0.198717173321176,1.50913856534201,1.93794772893502
1.10644841269841,0.349945105555981,0.198778302339967,1.50841687596471,1.93829104353463
1.10654761904762,0.350004601757218,0.198839431133932,1.50769553172916,1.93863432337101
1.10664682539683,0.3500639487213,0.198900559632917,1.50697453246943,1.9389775683823
1.10674603174603,0.350123146699407,0.198961687766833,1.50625387801968,1.93932077850671
1.10684523809524,0.350182195942529,0.19902281546565,1.50553356821412,1.93966395368248
1.10694444444444,0.35024109670147,0.199083942659399,1.50481360288707,1.94000709384794
1.10704365079365,0.350299849226848,0.199145069278172,1.5040939818729,1.94035019894145
1.10714285714286,0.350358453769089,0.199206195252123,1.50337470500608,1.94069326890146
1.10724206349206,0.350416910578435,0.199267320511465,1.50265577212112,1.94103630366645
1.10734126984127,0.350475219904939,0.199328444986473,1.50193718305265,1.94137930317496
1.10744047619048,0.350533381998465,0.199389568607483,1.50121893763534,1.9417222673656
1.10753968253968,0.35059139710869,0.199450691304891,1.50050103570398,1.94206519617704
1.10763888888889,0.350649265485106,0.199511813009156,1.49978347709338,1.94240808954799
1.1077380952381,0.350706987377012,0.199572933650796,1.49906626163848,1.94275094741724
1.1078373015873,0.350764563033523,0.19963405316039,1.49834938917426,1.94309376972361
1.10793650793651,0.350821992703566,0.199695171468579,1.49763285953581,1.943436556406
1.10803571428571,0.350879276635879,0.199756288506064,1.49691667255826,1.94377930740337
1.10813492063492,0.350936415079013,0.199817404203608,1.49620082807684,1.94412202265472
1.10823412698413,0.35099340828133,0.199878518492034,1.49548532592686,1.94446470209912
1.10833333333333,0.351050256491007,0.199939631302225,1.49477016594368,1.9448073456757
1.10843253968254,0.351106959956031,0.200000742565126,1.49405534796278,1.94514995332364
1.10853174603175,0.351163518924202,0.200061852211745,1.49334087181967,1.94549252498218
1.10863095238095,0.351219933643131,0.200122960173147,1.49262673734998,1.94583506059062
1.10873015873016,0.351276204360243,0.20018406638046,1.49191294438938,1.94617756008832
1.10882936507937,0.351332331322775,0.200245170764874,1.49119949277364,1.94652002341468
1.10892857142857,0.351388314777775,0.200306273257637,1.4904863823386,1.94686245050919
1.10902777777778,0.351444154972105,0.20036737379006,1.48977361292017,1.94720484131137
1.10912698412698,0.351499852152437,0.200428472293515,1.48906118435436,1.94754719576081
1.10922619047619,0.351555406565258,0.200489568699434,1.48834909647722,1.94788951379716
1.1093253968254,0.351610818456864,0.20055066293931,1.48763734912491,1.94823179536011
1.1094246031746,0.351666088073367,0.200611754944698,1.48692594213365,1.94857404038944
1.10952380952381,0.351721215660689,0.200672844647213,1.48621487533974,1.94891624882496
1.10962301587302,0.351776201464563,0.20073393197853,1.48550414857956,1.94925842060655
1.10972222222222,0.351831045730538,0.200795016870388,1.48479376168957,1.94960055567414
1.10982142857143,0.351885748703971,0.200856099254583,1.48408371450629,1.94994265396772
1.10992063492063,0.351940310630035,0.200917179062974,1.48337400686633,1.95028471542735
1.11001984126984,0.351994731753712,0.200978256227482,1.48266463860639,1.95062673999314
1.11011904761905,0.352049012319799,0.201039330680087,1.48195560956321,1.95096872760525
1.11021825396825,0.352103152572904,0.20110040235283,1.48124691957365,1.9513106782039
1.11031746031746,0.352157152757447,0.201161471177815,1.48053856847461,1.95165259172938
1.11041666666667,0.35221101311766,0.201222537087204,1.47983055610309,1.95199446812202
1.11051587301587,0.352264733897589,0.201283600013222,1.47912288229616,1.95233630732223
1.11061507936508,0.35231831534109,0.201344659888154,1.47841554689096,1.95267810927046
1.11071428571429,0.352371757691833,0.201405716644346,1.47770854972472,1.95301987390722
1.11081349206349,0.3524250611933,0.201466770214206,1.47700189063474,1.95336160117309
1.1109126984127,0.352478226088783,0.201527820530201,1.47629556945839,1.95370329100869
1.1110119047619,0.35253125262139,0.201588867524861,1.47558958603313,1.95404494335471
1.11111111111111,0.352584141034038,0.201649911130775,1.47488394019648,1.95438655815189
1.11121031746032,0.352636891569458,0.201710951280595,1.47417863178607,1.95472813534104
1.11130952380952,0.352689504470193,0.201771987907031,1.47347366063956,1.95506967486302
1.11140873015873,0.352741979978599,0.201833020942856,1.47276902659472,1.95541117665874
1.11150793650794,0.352794318336841,0.201894050320905,1.4720647294894,1.95575264066918
1.11160714285714,0.3528465197869,0.201955075974071,1.4713607691615,1.95609406683538
1.11170634920635,0.352898584570568,0.202016097835311,1.47065714544901,1.95643545509842
1.11180555555556,0.352950512929449,0.202077115837639,1.46995385819001,1.95677680539946
1.11190476190476,0.353002305104958,0.202138129914134,1.46925090722263,1.95711811767971
1.11200396825397,0.353053961338326,0.202199139997934,1.46854829238511,1.95745939188042
1.11210317460317,0.353105481870591,0.202260146022238,1.46784601351574,1.95780062794292
1.11220238095238,0.353156866942608,0.202321147920305,1.46714407045289,1.9581418258086
1.11230158730159,0.353208116795042,0.202382145625457,1.46644246303502,1.95848298541888
1.11240079365079,0.35325923166837,0.202443139071076,1.46574119110067,1.95882410671528
1.1125,0.353310211802883,0.202504128190604,1.46504025448843,1.95916518963933
1.11259920634921,0.353361057438682,0.202565112917545,1.46433965303698,1.95950623413266
1.11269841269841,0.353411768815681,0.202626093185463,1.4636393865851,1.95984724013693
1.11279761904762,0.353462346173607,0.202687068927985,1.46293945497161,1.96018820759387
1.11289682539683,0.353512789751999,0.202748040078796,1.46223985803543,1.96052913644527
1.11299603174603,0.353563099790209,0.202809006571645,1.46154059561554,1.96087002663297
1.11309523809524,0.353613276527398,0.202869968340339,1.46084166755103,1.96121087809887
1.11319444444444,0.353663320202544,0.202930925318747,1.46014307368103,1.96155169078493
1.11329365079365,0.353713231054433,0.2029918774408,1.45944481384476,1.96189246463317
1.11339285714286,0.353763009321666,0.203052824640488,1.45874688788153,1.96223319958566
1.11349206349206,0.353812655242655,0.203113766851865,1.4580492956307,1.96257389558453
1.11359126984127,0.353862169055624,0.203174704009041,1.45735203693172,1.96291455257198
1.11369047619048,0.353911550998611,0.203235636046193,1.45665511162414,1.96325517049025
1.11378968253968,0.353960801309465,0.203296562897553,1.45595851954754,1.96359574928166
1.11388888888889,0.354009920225847,0.203357484497418,1.45526226054162,1.96393628888855
1.1139880952381,0.354058907985229,0.203418400780145,1.45456633444614,1.96427678925337
1.1140873015873,0.354107764824899,0.20347931168015,1.45387074110092,1.96461725031857
1.11418650793651,0.354156490981955,0.203540217131913,1.45317548034589,1.96495767202671
1.11428571428571,0.354205086693306,0.203601117069972,1.45248055202103,1.96529805432038
1.11438492063492,0.354253552195675,0.203662011428928,1.4517859559664,1.96563839714223
1.11448412698413,0.354301887725597,0.203722900143442,1.45109169202216,1.96597870043497
1.11458333333333,0.354350093519419,0.203783783148237,1.45039776002852,1.96631896414137
1.11468253968254,0.354398169813301,0.203844660378094,1.44970415982578,1.96665918820425
1.11478174603175,0.354446116843213,0.203905531767859,1.44901089125432,1.96699937256651
1.11488095238095,0.35449393484494,0.203966397252436,1.44831795415457,1.96733951717108
1.11498015873016,0.354541624054078,0.204027256766791,1.44762534836708,1.96767962196097
1.11507936507937,0.354589184706036,0.20408811024595,1.44693307373245,1.96801968687922
1.11517857142857,0.354636617036032,0.204148957625001,1.44624113009135,1.96835971186897
1.11527777777778,0.354683921279102,0.204209798839093,1.44554951728455,1.96869969687337
1.11537698412698,0.354731097670089,0.204270633823435,1.44485823515288,1.96903964183567
1.11547619047619,0.354778146443651,0.204331462513298,1.44416728353726,1.96937954669915
1.1155753968254,0.354825067834257,0.204392284844013,1.44347666227866,1.96971941140716
1.1156746031746,0.35487186207619,0.204453100750971,1.44278637121816,1.9700592359031
1.11577380952381,0.354918529403542,0.204513910169627,1.44209641019691,1.97039902013044
1.11587301587302,0.354965070050222,0.204574713035495,1.44140677905611,1.97073876403269
1.11597222222222,0.355011484249947,0.204635509284148,1.44071747763706,1.97107846755344
1.11607142857143,0.355057772236248,0.204696298851224,1.44002850578115,1.97141813063633
1.11617063492063,0.355103934242468,0.204757081672419,1.43933986332981,1.97175775322504
1.11626984126984,0.355149970501763,0.204817857683491,1.43865155012458,1.97209733526332
1.11636904761905,0.355195881247099,0.204878626820258,1.43796356600705,1.972436876695
1.11646825396825,0.355241666711257,0.2049393890186,1.43727591081892,1.97277637746393
1.11656746031746,0.35528732712683,0.205000144214458,1.43658858440193,1.97311583751404
1.11666666666667,0.35533286272622,0.205060892343833,1.43590158659792,1.97345525678931
1.11676587301587,0.355378273741645,0.205121633342788,1.4352149172488,1.97379463523379
1.11686507936508,0.355423560405134,0.205182367147445,1.43452857619656,1.97413397279157
1.11696428571429,0.355468722948528,0.205243093693989,1.43384256328326,1.97447326940681
1.11706349206349,0.355513761603479,0.205303812918665,1.43315687835105,1.97481252502373
1.1171626984127,0.355558676601454,0.205364524757779,1.43247152124214,1.9751517395866
1.1172619047619,0.35560346817373,0.205425229147698,1.43178649179883,1.97549091303974
1.11736111111111,0.355648136551398,0.20548592602485,1.43110178986349,1.97583004532755
1.11746031746032,0.35569268196536,0.205546615325724,1.43041741527857,1.97616913639447
1.11755952380952,0.35573710464633,0.205607296986869,1.4297333678866,1.97650818618501
1.11765873015873,0.355781404824835,0.205667970944896,1.42904964753017,1.97684719464373
1.11775793650794,0.355825582731214,0.205728637136477,1.42836625405197,1.97718616171524
1.11785714285714,0.355869638595619,0.205789295498344,1.42768318729475,1.97752508734422
1.11795634920635,0.355913572648013,0.205849945967291,1.42700044710135,1.97786397147542
1.11805555555556,0.355957385118172,0.205910588480171,1.42631803331467,1.97820281405362
1.11815476190476,0.356001076235684,0.205971222973901,1.42563594577771,1.97854161502367
1.11825396825397,0.356044646229949,0.206031849385456,1.42495418433353,1.97888037433048
1.11835317460317,0.35608809533018,0.206092467651873,1.42427274882526,1.97921909191901
1.11845238095238,0.356131423765402,0.206153077710251,1.42359163909613,1.97955776773431
1.11855158730159,0.356174631764451,0.206213679497747,1.42291085498943,1.97989640172143
1.11865079365079,0.356217719555978,0.206274272951584,1.42223039634852,1.98023499382553
1.11875,0.356260687368443,0.20633485800904,1.42155026301687,1.9805735439918
1.11884920634921,0.356303535430121,0.206395434607458,1.42087045483799,1.9809120521655
1.11894841269841,0.356346263969097,0.20645600268424,1.42019097165548,1.98125051829194
1.11904761904762,0.35638887321327,0.206516562176849,1.41951181331303,1.98158894231649
1.11914682539683,0.35643136339035,0.206577113022811,1.41883297965438,1.98192732418458
1.11924603174603,0.356473734727861,0.206637655159711,1.41815447052338,1.9822656638417
1.11934523809524,0.356515987453138,0.206698188525195,1.41747628576392,1.98260396123339
1.11944444444444,0.356558121793326,0.20675871305697,1.41679842522,1.98294221630526
1.11954365079365,0.356600137975387,0.206819228692804,1.41612088873568,1.98328042900296
1.11964285714286,0.356642036226092,0.206879735370526,1.4154436761551,1.98361859927222
1.11974206349206,0.356683816772025,0.206940233028027,1.41476678732247,1.98395672705881
1.11984126984127,0.356725479839583,0.207000721603257,1.41409022208208,1.98429481230856
1.11994047619048,0.356767025654974,0.207061201034228,1.41341398027832,1.98463285496737
1.12003968253968,0.356808454444218,0.207121671259013,1.41273806175562,1.98497085498118
1.12013888888889,0.356849766433149,0.207182132215745,1.4120624663585,1.98530881229601
1.1202380952381,0.356890961847413,0.207242583842619,1.41138719393158,1.98564672685791
1.1203373015873,0.356932040912466,0.207303026077891,1.41071224431952,1.98598459861302
1.12043650793651,0.356973003853579,0.207363458859877,1.41003761736709,1.98632242750751
1.12053571428571,0.357013850895833,0.207423882126954,1.4093633129191,1.98666021348762
1.12063492063492,0.357054582264124,0.20748429581756,1.40868933082048,1.98699795649964
1.12073412698413,0.357095198183157,0.207544699870196,1.4080156709162,1.98733565648994
1.12083333333333,0.357135698877452,0.20760509422342,1.40734233305133,1.98767331340492
1.12093253968254,0.357176084571338,0.207665478815855,1.406669317071,1.98801092719106
1.12103174603175,0.357216355488961,0.207725853586181,1.40599662282044,1.98834849779488
1.12113095238095,0.357256511854275,0.207786218473141,1.40532425014493,1.98868602516296
1.12123015873016,0.357296553891048,0.207846573415541,1.40465219888983,1.98902350924196
1.12132936507936,0.357336481822861,0.207906918352243,1.40398046890061,1.98936094997857
1.12142857142857,0.357376295873105,0.207967253222175,1.40330906002278,1.98969834731956
1.12152777777778,0.357415996264985,0.208027577964321,1.40263797210194,1.99003570121173
1.12162698412698,0.357455583221518,0.208087892517731,1.40196720498377,1.99037301160197
1.12172619047619,0.357495056965533,0.208148196821512,1.40129675851402,1.9907102784372
1.1218253968254,0.357534417719672,0.208208490814834,1.40062663253852,1.99104750166442
1.1219246031746,0.357573665706387,0.208268774436926,1.39995682690317,1.99138468123068
1.12202380952381,0.357612801147945,0.20832904762708,1.39928734145397,1.99172181708308
1.12212301587302,0.357651824266424,0.208389310324649,1.39861817603698,1.99205890916878
1.12222222222222,0.357690735283714,0.208449562469044,1.39794933049832,1.99239595743501
1.12232142857143,0.357729534416062,0.20850980400251,1.397280804681,1.99273296183198
1.12242063492063,0.357768221661316,0.208570034975531,1.39661259831341,1.99306992242384
1.12251984126984,0.357806797055988,0.208630255411869,1.39594471118564,1.99340683924511
1.12261904761905,0.357845260728255,0.208690465287564,1.39527714314841,1.99374371227967
1.12271825396825,0.357883612806251,0.208750664578666,1.39460989405249,1.99408054151137
1.12281746031746,0.357921853418069,0.208810853261227,1.39394296374873,1.99441732692407
1.12291666666667,0.357959982691762,0.208871031311309,1.393276352088,1.99475406850164
1.12301587301587,0.357998000755336,0.208931198704979,1.39261005892125,1.99509076622797
1.12311507936508,0.358035907736761,0.208991355418311,1.39194408409948,1.99542742008691
1.12321428571429,0.35807370376396,0.209051501427385,1.39127842747375,1.99576403006236
1.12331349206349,0.358111388964816,0.209111636708288,1.39061308889517,1.99610059613821
1.1234126984127,0.358148963467171,0.209171761237113,1.3899480682149,1.99643711829833
1.1235119047619,0.358186427398823,0.209231874989961,1.38928336528417,1.99677359652662
1.12361111111111,0.35822378088753,0.209291977942937,1.38861897995426,1.99711003080698
1.12371031746032,0.358261024061005,0.209352070072154,1.3879549120765,1.99744642112332
1.12380952380952,0.358298157046922,0.209412151353732,1.38729116150228,1.99778276745953
1.12390873015873,0.358335179972912,0.209472221763796,1.38662772808305,1.99811906979952
1.12400793650794,0.358372092966564,0.209532281278479,1.38596461167031,1.99845532812721
1.12410714285714,0.358408896155424,0.209592329873919,1.38530181211562,1.99879154242652
1.12420634920635,0.358445589666997,0.209652367526262,1.3846393292706,1.99912771268137
1.12430555555556,0.358482173628746,0.209712394211659,1.38397716298691,1.99946383887567
1.12440476190476,0.358518648168091,0.20977240990627,1.38331531311628,1.99979992099337
1.12450396825397,0.358555013412412,0.209832414586258,1.38265377951049,2.00013595901839
1.12460317460317,0.358591269489045,0.209892408227795,1.38199256202138,2.00047195293468
1.12470238095238,0.358627416525285,0.209952390807059,1.38133166050085,2.00080790272617
1.12480158730159,0.358663454648384,0.210012362300234,1.38067107480083,2.0011438083768
1.12490079365079,0.358699383985553,0.210072322683511,1.38001080477335,2.00147966987054
1.125,0.358735204663961,0.210132271933087,1.37935085027045,2.00181548719132
1.12509920634921,0.358770916810735,0.210192210025166,1.37869121114426,2.00215126032312
1.12519841269841,0.358806520552958,0.210252136935958,1.37803188724695,2.00248698924988
1.12529761904762,0.358842016017674,0.210312052641681,1.37737287843074,2.00282267395559
1.12539682539683,0.358877403331883,0.210371957118557,1.37671418454792,2.00315831442419
1.12549603174603,0.358912682622544,0.210431850342816,1.37605580545084,2.00349391063968
1.12559523809524,0.358947854016573,0.210491732290695,1.37539774099188,2.00382946258602
1.12569444444444,0.358982917640845,0.210551602938436,1.37473999102351,2.0041649702472
1.12579365079365,0.359017873622192,0.210611462262289,1.37408255539822,2.0045004336072
1.12589285714286,0.359052722087404,0.210671310238509,1.37342543396858,2.00483585265002
1.12599206349206,0.359087463163231,0.210731146843359,1.37276862658722,2.00517122735965
1.12609126984127,0.359122096976379,0.210790972053107,1.3721121331068,2.00550655772008
1.12619047619048,0.359156623653512,0.210850785844029,1.37145595338006,2.00584184371531
1.12628968253968,0.359191043321252,0.210910588192407,1.37080008725979,2.00617708532936
1.12638888888889,0.35922535610618,0.210970379074529,1.37014453459883,2.00651228254623
1.1264880952381,0.359259562134835,0.21103015846669,1.36948929525007,2.00684743534994
1.1265873015873,0.359293661533712,0.21108992634519,1.36883436906648,2.0071825437245
1.12668650793651,0.359327654429266,0.211149682686339,1.36817975590106,2.00751760765393
1.12678571428571,0.359361540947909,0.211209427466449,1.36752545560688,2.00785262712227
1.12688492063492,0.359395321216012,0.211269160661842,1.36687146803706,2.00818760211353
1.12698412698413,0.359428995359903,0.211328882248846,1.36621779304478,2.00852253261177
1.12708333333333,0.359462563505869,0.211388592203794,1.36556443048328,2.008857418601
1.12718253968254,0.359496025780152,0.211448290503026,1.36491138020584,2.00919226006528
1.12728174603175,0.359529382308957,0.211507977122889,1.36425864206582,2.00952705698865
1.12738095238095,0.359562633218442,0.211567652039736,1.3636062159166,2.00986180935516
1.12748015873016,0.359595778634727,0.211627315229928,1.36295410161166,2.01019651714887
1.12757936507937,0.359628818683887,0.21168696666983,1.3623022990045,2.01053118035382
1.12767857142857,0.359661753491956,0.211746606335815,1.36165080794869,2.0108657989541
1.12777777777778,0.359694583184928,0.211806234204263,1.36099962829787,2.01120037293375
1.12787698412698,0.359727307888751,0.21186585025156,1.3603487599057,2.01153490227685
1.12797619047619,0.359759927729333,0.211925454454096,1.35969820262592,2.01186938696748
1.1280753968254,0.359792442832542,0.211985046788273,1.35904795631234,2.01220382698971
1.1281746031746,0.359824853324201,0.212044627230494,1.35839802081879,2.01253822232763
1.12827380952381,0.359857159330093,0.212104195757172,1.35774839599919,2.01287257296532
1.12837301587302,0.359889360975956,0.212163752344724,1.35709908170749,2.01320687888687
1.12847222222222,0.35992145838749,0.212223296969576,1.3564500777977,2.01354114007637
1.12857142857143,0.35995345169035,0.212282829608159,1.35580138412391,2.01387535651793
1.12867063492064,0.359985341010151,0.212342350236911,1.35515300054023,2.01420952819565
1.12876984126984,0.360017126472464,0.212401858832275,1.35450492690086,2.01454365509363
1.12886904761905,0.360048808202819,0.212461355370704,1.35385716306003,2.01487773719598
1.12896825396825,0.360080386326704,0.212520839828653,1.35320970887204,2.01521177448681
1.12906746031746,0.360111860969565,0.212580312182588,1.35256256419124,2.01554576695026
1.12916666666667,0.360143232256807,0.212639772408977,1.35191572887203,2.01587971457043
1.12926587301587,0.36017450031379,0.212699220484298,1.35126920276889,2.01621361733146
1.12936507936508,0.360205665265835,0.212758656385035,1.35062298573632,2.01654747521747
1.12946428571429,0.36023672723822,0.212818080087677,1.3499770776289,2.01688128821259
1.12956349206349,0.360267686356181,0.212877491568719,1.34933147830127,2.01721505630098
1.1296626984127,0.360298542744911,0.212936890804666,1.34868618760811,2.01754877946677
1.1297619047619,0.360329296529562,0.212996277772027,1.34804120540416,2.0178824576941
1.12986111111111,0.360359947835244,0.213055652447316,1.34739653154423,2.01821609096713
1.12996031746032,0.360390496787024,0.213115014807057,1.34675216588316,2.01854967927002
1.13005952380952,0.360420943509929,0.213174364827778,1.34610810827586,2.01888322258691
1.13015873015873,0.360451288128943,0.213233702486014,1.34546435857731,2.01921672090197
1.13025793650794,0.360481530769006,0.213293027758308,1.34482091664252,2.01955017419938
1.13035714285714,0.360511671555019,0.213352340621207,1.34417778232657,2.01988358246329
1.13045634920635,0.36054171061184,0.213411641051267,1.34353495548459,2.02021694567789
1.13055555555556,0.360571648064283,0.213470929025048,1.34289243597178,2.02055026382735
1.13065476190476,0.360601484037123,0.213530204519119,1.34225022364337,2.02088353689586
1.13075396825397,0.360631218655092,0.213589467510053,1.34160831835468,2.0212167648676
1.13085317460317,0.360660852042878,0.213648717974432,1.34096671996105,2.02154994772677
1.13095238095238,0.36069038432513,0.213707955888842,1.3403254283179,2.02188308545755
1.13105158730159,0.360719815626453,0.213767181229878,1.3396844432807,2.02221617804415
1.13115079365079,0.360749146071411,0.21382639397414,1.33904376470497,2.02254922547077
1.13125,0.360778375784525,0.213885594098234,1.3384033924463,2.02288222772162
1.13134920634921,0.360807504890274,0.213944781578775,1.33776332636031,2.0232151847809
1.13144841269841,0.360836533513097,0.214003956392381,1.33712356630271,2.02354809663284
1.13154761904762,0.360865461777389,0.214063118515678,1.33648411212923,2.02388096326165
1.13164682539683,0.360894289807503,0.214122267925301,1.33584496369569,2.02421378465155
1.13174603174603,0.360923017727751,0.214181404597887,1.33520612085794,2.02454656078678
1.13184523809524,0.360951645662402,0.214240528510084,1.3345675834719,2.02487929165155
1.13194444444444,0.360980173735684,0.214299639638542,1.33392935139353,2.02521197723012
1.13204365079365,0.361008602071781,0.214358737959921,1.33329142447888,2.02554461750671
1.13214285714286,0.361036930794838,0.214417823450886,1.33265380258401,2.02587721246557
1.13224206349206,0.361065160028956,0.214476896088109,1.33201648556507,2.02620976209094
1.13234126984127,0.361093289898194,0.214535955848268,1.33137947327826,2.02654226636709
1.13244047619048,0.361121320526569,0.214595002708048,1.33074276557982,2.02687472527825
1.13253968253968,0.361149252038057,0.21465403664414,1.33010636232606,2.0272071388087
1.13263888888889,0.361177084556592,0.214713057633243,1.32947026337334,2.02753950694269
1.1327380952381,0.361204818206063,0.214772065652059,1.32883446857809,2.0278718296645
1.1328373015873,0.361232453110322,0.2148310606773,1.32819897779677,2.02820410695838
1.13293650793651,0.361259989393174,0.214890042685684,1.32756379088591,2.02853633880863
1.13303571428571,0.361287427178386,0.214949011653934,1.32692890770211,2.02886852519951
1.13313492063492,0.361314766589679,0.21500796755878,1.326294328102,2.02920066611532
1.13323412698413,0.361342007750737,0.215066910376959,1.32566005194229,2.02953276154033
1.13333333333333,0.361369150785197,0.215125840085214,1.32502607907971,2.02986481145884
1.13343253968254,0.361396195816657,0.215184756660296,1.3243924093711,2.03019681585515
1.13353174603175,0.361423142968673,0.21524366007896,1.32375904267329,2.03052877471355
1.13363095238095,0.361449992364756,0.215302550317969,1.32312597884323,2.03086068801835
1.13373015873016,0.361476744128379,0.215361427354093,1.32249321773789,2.03119255575385
1.13382936507937,0.36150339838297,0.215420291164107,1.32186075921429,2.03152437790437
1.13392857142857,0.361529955251917,0.215479141724793,1.32122860312954,2.03185615445422
1.13402777777778,0.361556414858564,0.21553797901294,1.32059674934076,2.03218788538773
1.13412698412698,0.361582777326215,0.215596803005344,1.31996519770517,2.03251957068921
1.13422619047619,0.361609042778131,0.215655613678807,1.31933394808002,2.03285121034299
1.1343253968254,0.361635211337531,0.215714411010136,1.31870300032262,2.0331828043334
1.1344246031746,0.361661283127591,0.215773194976146,1.31807235429034,2.03351435264478
1.13452380952381,0.361687258271446,0.215831965553659,1.3174420098406,2.03384585526147
1.13462301587302,0.361713136892191,0.215890722719502,1.31681196683088,2.03417731216782
1.13472222222222,0.361738919112874,0.21594946645051,1.31618222511872,2.03450872334816
1.13482142857143,0.361764605056507,0.216008196723523,1.31555278456171,2.03484008878686
1.13492063492063,0.361790194846055,0.216066913515389,1.3149236450175,2.03517140846827
1.13501984126984,0.361815688604443,0.216125616802961,1.31429480634379,2.03550268237674
1.13511904761905,0.361841086454554,0.2161843065631,1.31366626839834,2.03583391049664
1.13521825396825,0.361866388519229,0.216242982772672,1.31303803103896,2.03616509281234
1.13531746031746,0.361891594921267,0.216301645408551,1.31241009412352,2.03649622930821
1.13541666666667,0.361916705783425,0.216360294447617,1.31178245750996,2.03682731996863
1.13551587301587,0.361941721228417,0.216418929866755,1.31115512105625,2.03715836477797
1.13561507936508,0.361966641378916,0.216477551642859,1.31052808462042,2.03748936372062
1.13571428571429,0.361991466357554,0.216536159752827,1.30990134806059,2.03782031678097
1.13581349206349,0.362016196286918,0.216594754173566,1.30927491123489,2.03815122394341
1.1359126984127,0.362040831289556,0.216653334881988,1.30864877400153,2.03848208519234
1.1360119047619,0.362065371487972,0.216711901855011,1.30802293621878,2.03881290051215
1.13611111111111,0.362089817004629,0.216770455069561,1.30739739774495,2.03914366988724
1.13621031746032,0.362114167961947,0.21682899450257,1.30677215843841,2.03947439330204
1.13630952380952,0.362138424482306,0.216887520130975,1.30614721815759,2.03980507074095
1.13640873015873,0.362162586688042,0.216946031931723,1.30552257676098,2.04013570218838
1.13650793650794,0.362186654701449,0.217004529881762,1.30489823410713,2.04046628762875
1.13660714285714,0.36221062864478,0.217063013958053,1.30427419005461,2.0407968270465
1.13670634920635,0.362234508640247,0.217121484137558,1.3036504444621,2.04112732042604
1.13680555555556,0.362258294810016,0.217179940397249,1.3030269971883,2.04145776775181
1.13690476190476,0.362281987276216,0.217238382714103,1.30240384809197,2.04178816900824
1.13700396825397,0.36230558616093,0.217296811065104,1.30178099703193,2.04211852417979
1.13710317460317,0.362329091586201,0.217355225427241,1.30115844386706,2.04244883325088
1.13720238095238,0.362352503674029,0.217413625777512,1.30053618845629,2.04277909620597
1.13730158730159,0.362375822546373,0.21747201209292,1.29991423065861,2.0431093130295
1.13740079365079,0.36239904832515,0.217530384350474,1.29929257033306,2.04343948370595
1.1375,0.362422181132234,0.217588742527192,1.29867120733875,2.04376960821976
1.13759920634921,0.362445221089457,0.217647086600095,1.29805014153482,2.0440996865554
1.13769841269841,0.36246816831861,0.217705416546213,1.29742937278049,2.04442971869735
1.13779761904762,0.362491022941441,0.217763732342582,1.29680890093503,2.04475970463006
1.13789682539683,0.362513785079657,0.217822033966243,1.29618872585776,2.04508964433802
1.13799603174603,0.362536454854921,0.217880321394246,1.29556884740806,2.04541953780571
1.13809523809524,0.362559032388857,0.217938594603647,1.29494926544536,2.04574938501761
1.13819444444444,0.362581517803045,0.217996853571505,1.29432997982915,2.04607918595821
1.13829365079365,0.362603911219022,0.218055098274891,1.29371099041898,2.04640894061201
1.13839285714286,0.362626212758286,0.218113328690879,1.29309229707446,2.04673864896349
1.13849206349206,0.36264842254229,0.218171544796549,1.29247389965524,2.04706831099717
1.13859126984127,0.362670540692447,0.21822974656899,1.29185579802103,2.04739792669754
1.13869047619048,0.362692567330127,0.218287933985296,1.29123799203161,2.04772749604911
1.13878968253968,0.362714502576659,0.218346107022568,1.2906204815468,2.0480570190364
1.13888888888889,0.362736346553328,0.218404265657913,1.29000326642648,2.04838649564392
1.1389880952381,0.362758099381378,0.218462409868444,1.2893863465306,2.04871592585619
1.1390873015873,0.362779761182012,0.218520539631282,1.28876972171913,2.04904530965774
1.13918650793651,0.362801332076391,0.218578654923554,1.28815339185214,2.0493746470331
1.13928571428571,0.362822812185632,0.218636755722393,1.28753735678973,2.04970393796679
1.13938492063492,0.36284420163081,0.218694842004939,1.28692161639206,2.05003318244336
1.13948412698413,0.362865500532962,0.218752913748337,1.28630617051934,2.05036238044735
1.13958333333333,0.362886709013078,0.218810970929741,1.28569101903186,2.0506915319633
1.13968253968254,0.362907827192108,0.21886901352631,1.28507616178993,2.05102063697575
1.13978174603175,0.362928855190961,0.21892704151521,1.28446159865394,2.05134969546927
1.13988095238095,0.362949793130503,0.218985054873613,1.28384732948433,2.05167870742841
1.13998015873016,0.362970641131558,0.219043053578697,1.2832333541416,2.05200767283773
1.14007936507937,0.362991399314907,0.219101037607648,1.28261967248631,2.05233659168179
1.14017857142857,0.363012067801291,0.219159006937658,1.28200628437905,2.05266546394517
1.14027777777778,0.363032646711407,0.219216961545925,1.28139318968049,2.05299428961243
1.14037698412698,0.363053136165913,0.219274901409653,1.28078038825136,2.05332306866815
1.14047619047619,0.36307353628542,0.219332826506054,1.28016787995242,2.05365180109692
1.1405753968254,0.363093847190503,0.219390736812346,1.27955566464451,2.05398048688332
1.1406746031746,0.36311406900169,0.219448632305753,1.27894374218852,2.05430912601194
1.14077380952381,0.363134201839468,0.219506512963505,1.27833211244538,2.05463771846737
1.14087301587302,0.363154245824286,0.21956437876284,1.27772077527611,2.0549662642342
1.14097222222222,0.363174201076545,0.219622229681002,1.27710973054174,2.05529476329705
1.14107142857143,0.363194067716608,0.21968006569524,1.2764989781034,2.0556232156405
1.14117063492063,0.363213845864794,0.219737886782813,1.27588851782225,2.05595162124918
1.14126984126984,0.363233535641382,0.219795692920982,1.27527834955952,2.0562799801077
1.14136904761905,0.363253137166608,0.219853484087017,1.27466847317647,2.05660829220067
1.14146825396825,0.363272650560664,0.219911260258195,1.27405888853445,2.05693655751272
1.14156746031746,0.363292075943703,0.219969021411799,1.27344959549484,2.05726477602846
1.14166666666667,0.363311413435834,0.220026767525118,1.27284059391909,2.05759294773254
1.14176587301587,0.363330663157126,0.220084498575447,1.2722318836687,2.05792107260957
1.14186507936508,0.363349825227603,0.220142214540088,1.27162346460524,2.05824915064421
1.14196428571429,0.36336889976725,0.220199915396352,1.27101533659031,2.05857718182108
1.14206349206349,0.363387886896009,0.220257601121552,1.27040749948557,2.05890516612485
1.1421626984127,0.363406786733778,0.22031527169301,1.26979995315277,2.05923310354014
1.1422619047619,0.363425599400415,0.220372927088055,1.26919269745368,2.05956099405163
1.14236111111111,0.363444325015737,0.220430567284022,1.26858573225013,2.05988883764396
1.14246031746032,0.363462963699516,0.220488192258251,1.26797905740402,2.06021663430179
1.14255952380952,0.363481515571485,0.220545801988091,1.26737267277729,2.0605443840098
1.14265873015873,0.363499980751332,0.220603396450895,1.26676657823196,2.06087208675265
1.14275793650794,0.363518359358706,0.220660975624024,1.26616077363008,2.06119974251502
1.14285714285714,0.363536651513212,0.220718539484847,1.26555525883376,2.06152735128158
1.14295634920635,0.363554857334413,0.220776088010735,1.26495003370519,2.06185491303701
1.14305555555556,0.36357297694183,0.22083362117907,1.26434509810658,2.06218242776601
1.14315476190476,0.363591010454944,0.220891138967239,1.26374045190023,2.06250989545325
1.14325396825397,0.363608957993192,0.220948641352633,1.26313609494846,2.06283731608343
1.14335317460317,0.363626819675969,0.221006128312655,1.26253202711369,2.06316468964126
1.14345238095238,0.363644595622629,0.221063599824708,1.26192824825835,2.06349201611143
1.14355158730159,0.363662285952483,0.221121055866207,1.26132475824495,2.06381929547864
1.14365079365079,0.3636798907848,0.221178496414571,1.26072155693606,2.06414652772761
1.14375,0.363697410238808,0.221235921447224,1.2601186441943,2.06447371284305
1.14384920634921,0.363714844433692,0.2212933309416,1.25951601988235,2.06480085080968
1.14394841269841,0.363732193488595,0.221350724875137,1.25891368386292,2.06512794161222
1.14404761904762,0.36374945752262,0.221408103225281,1.25831163599881,2.0654549852354
1.14414682539683,0.363766636654824,0.221465465969482,1.25770987615287,2.06578198166394
1.14424603174603,0.363783731004226,0.2215228130852,1.25710840418798,2.06610893088258
1.14434523809524,0.3638007406898,0.221580144549899,1.25650721996711,2.06643583287606
1.14444444444444,0.36381766583048,0.22163746034105,1.25590632335326,2.06676268762912
1.14454365079365,0.363834506545157,0.221694760436132,1.2553057142095,2.0670894951265
1.14464285714286,0.36385126295268,0.221752044812627,1.25470539239896,2.06741625535295
1.14474206349206,0.363867935171857,0.221809313448028,1.2541053577848,2.06774296829324
1.14484126984127,0.363884523321453,0.22186656631983,1.25350561023026,2.06806963393211
1.14494047619048,0.36390102752019,0.221923803405539,1.25290614959863,2.06839625225433
1.14503968253968,0.36391744788675,0.221981024682664,1.25230697575326,2.06872282324466
1.14513888888889,0.363933784539772,0.222038230128721,1.25170808855755,2.06904934688787
1.1452380952381,0.363950037597854,0.222095419721235,1.25110948787496,2.06937582316875
1.1453373015873,0.36396620717955,0.222152593437735,1.25051117356899,2.06970225207206
1.14543650793651,0.363982293403373,0.222209751255756,1.24991314550321,2.07002863358259
1.14553571428571,0.363998296387794,0.222266893152843,1.24931540354126,2.07035496768512
1.14563492063492,0.364014216251243,0.222324019106543,1.2487179475468,2.07068125436445
1.14573412698413,0.364030053112106,0.222381129094413,1.24812077738359,2.07100749360536
1.14583333333333,0.364045807088729,0.222438223094015,1.2475238929154,2.07133368539267
1.14593253968254,0.364061478299414,0.222495301082918,1.24692729400609,2.07165982971116
1.14603174603175,0.364077066862422,0.222552363038697,1.24633098051955,2.07198592654564
1.14613095238095,0.364092572895973,0.222609408938933,1.24573495231976,2.07231197588093
1.14623015873016,0.364107996518243,0.222666438761215,1.24513920927072,2.07263797770184
1.14632936507937,0.364123337847367,0.222723452483137,1.24454375123651,2.07296393199319
1.14642857142857,0.364138597001439,0.222780450082302,1.24394857808126,2.07328983873979
1.14652777777778,0.364153774098508,0.222837431536315,1.24335368966914,2.07361569792648
1.14662698412698,0.364168869256584,0.222894396822793,1.2427590858644,2.07394150953809
1.14672619047619,0.364183882593634,0.222951345919355,1.24216476653132,2.07426727355945
1.1468253968254,0.364198814227582,0.223008278803628,1.24157073153427,2.0745929899754
1.1469246031746,0.364213664276311,0.223065195453247,1.24097698073765,2.07491865877078
1.14702380952381,0.364228432857663,0.223122095845852,1.24038351400591,2.07524427993043
1.14712301587302,0.364243120089435,0.223178979959089,1.23979033120359,2.07556985343921
1.14722222222222,0.364257726089386,0.223235847770611,1.23919743219525,2.07589537928198
1.14732142857143,0.364272250975228,0.223292699258078,1.23860481684552,2.07622085744359
1.14742063492063,0.364286694864635,0.223349534399157,1.23801248501908,2.0765462879089
1.14751984126984,0.364301057875239,0.22340635317152,1.23742043658069,2.07687167066278
1.14761904761905,0.364315340124627,0.223463155552847,1.23682867139514,2.0771970056901
1.14771825396825,0.364329541730345,0.223519941520823,1.23623718932727,2.07752229297573
1.14781746031746,0.3643436628099,0.223576711053139,1.23564599024201,2.07784753250456
1.14791666666667,0.364357703480753,0.223633464127496,1.23505507400431,2.07817272426146
1.14801587301587,0.364371663860326,0.223690200721599,1.2344644404792,2.07849786823133
1.14811507936508,0.364385544065995,0.223746920813158,1.23387408953175,2.07882296439905
1.14821428571429,0.3643993442151,0.223803624379892,1.2332840210271,2.07914801274952
1.14831349206349,0.364413064424933,0.223860311399526,1.23269423483043,2.07947301326763
1.1484126984127,0.364426704812747,0.223916981849791,1.23210473080699,2.0797979659383
1.1485119047619,0.364440265495753,0.223973635708425,1.23151550882208,2.08012287074641
1.14861111111111,0.36445374659112,0.224030272953172,1.23092656874105,2.0804477276769
1.14871031746032,0.364467148215973,0.224086893561783,1.23033791042932,2.08077253671467
1.14880952380952,0.364480470487398,0.224143497512015,1.22974953375236,2.08109729784464
1.14890873015873,0.364493713522437,0.224200084781631,1.22916143857568,2.08142201105173
1.14900793650794,0.36450687743809,0.224256655348402,1.22857362476488,2.08174667632087
1.14910714285714,0.364519962351316,0.224313209190105,1.22798609218557,2.08207129363699
1.14920634920635,0.364532968379031,0.224369746284522,1.22739884070347,2.08239586298502
1.14930555555556,0.364545895638109,0.224426266609444,1.2268118701843,2.08272038434992
1.14940476190476,0.364558744245384,0.224482770142667,1.22622518049388,2.0830448577166
1.14950396825397,0.364571514317645,0.224539256861993,1.22563877149807,2.08336928307004
1.14960317460317,0.36458420597164,0.224595726745231,1.22505264306277,2.08369366039517
1.14970238095238,0.364596819324076,0.224652179770198,1.22446679505397,2.08401798967694
1.14980158730159,0.364609354491618,0.224708615914716,1.22388122733768,2.08434227090033
1.14990079365079,0.364621811590887,0.224765035156612,1.22329593977999,2.08466650405029
1.15,0.364634190738463,0.224821437473724,1.22271093224703,2.08499068911179
1.15009920634921,0.364646492050886,0.224877822843891,1.22212620460501,2.0853148260698
1.15019841269841,0.364658715644651,0.224934191244962,1.22154175672017,2.08563891490929
1.15029761904762,0.364670861636213,0.224990542654793,1.22095758845881,2.08596295561525
1.15039682539683,0.364682930141984,0.225046877051244,1.2203736996873,2.08628694817266
1.15049603174603,0.364694921278333,0.225103194412183,1.21979009027206,2.0866108925665
1.15059523809524,0.364706835161589,0.225159494715484,1.21920676007956,2.08693478878177
1.15069444444444,0.364718671908039,0.225215777939027,1.21862370897633,2.08725863680346
1.15079365079365,0.364730431633926,0.225272044060701,1.21804093682895,2.08758243661657
1.15089285714286,0.364742114455453,0.225328293058399,1.21745844350406,2.08790618820611
1.15099206349206,0.364753720488779,0.225384524910021,1.21687622886837,2.08822989155707
1.15109126984127,0.364765249850022,0.225440739593473,1.21629429278862,2.08855354665448
1.15119047619048,0.36477670265526,0.225496937086669,1.21571263513162,2.08887715348335
1.15128968253968,0.364788079020525,0.225553117367529,1.21513125576424,2.08920071202869
1.15138888888889,0.36479937906181,0.225609280413978,1.2145501545534,2.08952422227553
1.1514880952381,0.364810602895065,0.22566542620395,1.21396933136607,2.0898476842089
1.1515873015873,0.364821750636198,0.225721554715384,1.21338878606929,2.09017109781383
1.15168650793651,0.364832822401074,0.225777665926225,1.21280851853014,2.09049446307536
1.15178571428571,0.364843818305518,0.225833759814425,1.21222852861577,2.09081777997851
1.15188492063492,0.364854738465312,0.225889836357944,1.21164881619337,2.09114104850835
1.15198412698413,0.364865582996196,0.225945895534747,1.21106938113021,2.09146426864991
1.15208333333333,0.364876352013867,0.226001937322804,1.21049022329359,2.09178744038825
1.15218253968254,0.364887045633981,0.226057961700095,1.20991134255088,2.09211056370842
1.15228174603175,0.364897663972153,0.226113968644604,1.2093327387695,2.09243363859548
1.15238095238095,0.364908207143954,0.226169958134322,1.20875441181694,2.09275666503449
1.15248015873016,0.364918675264914,0.226225930147247,1.20817636156073,2.09307964301053
1.15257936507936,0.364929068450521,0.226281884661383,1.20759858786845,2.09340257250867
1.15267857142857,0.36493938681622,0.226337821654741,1.20702109060776,2.09372545351397
1.15277777777778,0.364949630477416,0.226393741105339,1.20644386964635,2.09404828601153
1.15287698412698,0.36495979954947,0.226449642991198,1.20586692485199,2.09437106998641
1.15297619047619,0.364969894147702,0.226505527290351,1.20529025609249,2.09469380542372
1.1530753968254,0.364979914387389,0.226561393980834,1.20471386323571,2.09501649230854
1.1531746031746,0.364989860383768,0.226617243040689,1.2041377461496,2.09533913062597
1.15327380952381,0.364999732252032,0.226673074447967,1.20356190470212,2.09566172036111
1.15337301587302,0.365009530107333,0.226728888180723,1.20298633876131,2.09598426149906
1.15347222222222,0.36501925406478,0.226784684217021,1.20241104819527,2.09630675402493
1.15357142857143,0.365028904239441,0.226840462534929,1.20183603287215,2.09662919792384
1.15367063492063,0.365038480746342,0.226896223112524,1.20126129266015,2.09695159318089
1.15376984126984,0.365047983700466,0.226951965927887,1.20068682742753,2.09727393978121
1.15386904761905,0.365057413216755,0.227007690959108,1.20011263704261,2.09759623770992
1.15396825396825,0.365066769410109,0.22706339818428,1.19953872137376,2.09791848695215
1.15406746031746,0.365076052395385,0.227119087581507,1.19896508028942,2.09824068749303
1.15416666666667,0.365085262287398,0.227174759128896,1.19839171365805,2.0985628393177
1.15426587301587,0.365094399200922,0.227230412804562,1.19781862134822,2.0988849424113
1.15436507936508,0.365103463250689,0.227286048586626,1.19724580322851,2.09920699675897
1.15446428571429,0.365112454551389,0.227341666453216,1.19667325916757,2.09952900234585
1.15456349206349,0.365121373217668,0.227397266382465,1.19610098903411,2.09985095915711
1.1546626984127,0.365130219364131,0.227452848352516,1.19552899269689,2.1001728671779
1.1547619047619,0.365138993105344,0.227508412341514,1.19495727002475,2.10049472639338
1.15486111111111,0.365147694555826,0.227563958327614,1.19438582088654,2.10081653678871
1.15496031746032,0.365156323830058,0.227619486288976,1.1938146451512,2.10113829834905
1.15505952380952,0.365164881042476,0.227674996203766,1.19324374268772,2.1014600110596
1.15515873015873,0.365173366307476,0.227730488050157,1.19267311336515,2.10178167490551
1.15525793650794,0.365181779739412,0.22778596180633,1.19210275705257,2.10210328987196
1.15535714285714,0.365190121452595,0.227841417450471,1.19153267361915,2.10242485594416
1.15545634920635,0.365198391561294,0.227896854960771,1.1909628629341,2.10274637310727
1.15555555555556,0.365206590179736,0.227952274315431,1.19039332486668,2.1030678413465
1.15565476190476,0.365214717422107,0.228007675492656,1.18982405928621,2.10338926064703
1.15575396825397,0.36522277340255,0.228063058470658,1.18925506606208,2.10371063099408
1.15585317460317,0.365230758235166,0.228118423227656,1.18868634506371,2.10403195237284
1.15595238095238,0.365238672034014,0.228173769741875,1.1881178961606,2.10435322476853
1.15605158730159,0.365246514913112,0.228229097991547,1.18754971922229,2.10467444816635
1.15615079365079,0.365254286986435,0.22828440795491,1.18698181411839,2.10499562255152
1.15625,0.365261988367916,0.228339699610209,1.18641418071855,2.10531674790927
1.15634920634921,0.365269619171446,0.228394972935694,1.18584681889248,2.10563782422481
1.15644841269841,0.365277179510875,0.228450227909623,1.18527972850996,2.10595885148338
1.15654761904762,0.365284669500009,0.228505464510262,1.18471290944081,2.10627982967021
1.15664682539683,0.365292089252613,0.22856068271588,1.18414636155491,2.10660075877053
1.15674603174603,0.365299438882412,0.228615882504754,1.1835800847222,2.10692163876958
1.15684523809524,0.365306718503085,0.228671063855168,1.18301407881266,2.10724246965262
1.15694444444444,0.365313928228271,0.228726226745413,1.18244834369636,2.10756325140488
1.15704365079365,0.365321068171569,0.228781371153785,1.18188287924339,2.10788398401162
1.15714285714286,0.365328138446532,0.228836497058587,1.18131768532391,2.10820466745811
1.15724206349206,0.365335139166675,0.22889160443813,1.18075276180814,2.10852530172959
1.15734126984127,0.365342070445467,0.228946693270728,1.18018810856635,2.10884588681133
1.15744047619048,0.365348932396338,0.229001763534705,1.17962372546888,2.1091664226886
1.15753968253968,0.365355725132675,0.22905681520839,1.17905961238609,2.10948690934668
1.15763888888889,0.365362448767823,0.229111848270118,1.17849576918844,2.10980734677084
1.1577380952381,0.365369103415084,0.229166862698233,1.17793219574641,2.11012773494637
1.1578373015873,0.36537568918772,0.229221858471081,1.17736889193057,2.11044807385854
1.15793650793651,0.365382206198949,0.22927683556702,1.17680585761151,2.11076836349264
1.15803571428571,0.365388654561948,0.22933179396441,1.1762430926599,2.11108860383397
1.15813492063492,0.365395034389853,0.229386733641619,1.17568059694646,2.11140879486783
1.15823412698413,0.365401345795756,0.229441654577023,1.17511837034196,2.11172893657952
1.15833333333333,0.365407588892707,0.229496556749001,1.17455641271723,2.11204902895433
1.15843253968254,0.365413763793716,0.229551440135943,1.17399472394317,2.11236907197759
1.15853174603175,0.36541987061175,0.229606304716242,1.17343330389071,2.1126890656346
1.15863095238095,0.365425909459733,0.229661150468299,1.17287215243084,2.11300900991068
1.15873015873016,0.365431880450547,0.229715977370521,1.17231126943464,2.11332890479115
1.15882936507937,0.365437783697034,0.229770785401322,1.1717506547732,2.11364875026134
1.15892857142857,0.365443619311993,0.229825574539122,1.17119030831768,2.11396854630657
1.15902777777778,0.365449387408179,0.229880344762347,1.17063022993932,2.11428829291218
1.15912698412698,0.365455088098309,0.229935096049431,1.17007041950939,2.11460799006351
1.15922619047619,0.365460721495053,0.229989828378813,1.16951087689923,2.11492763774589
1.1593253968254,0.365466287711044,0.230044541728939,1.16895160198021,2.11524723594467
1.1594246031746,0.365471786858869,0.230099236078264,1.16839259462379,2.11556678464521
1.15952380952381,0.365477219051076,0.230153911405244,1.16783385470147,2.11588628383284
1.15962301587302,0.365482584400168,0.230208567688346,1.16727538208481,2.11620573349294
1.15972222222222,0.365487883018609,0.230263204906043,1.16671717664541,2.11652513361087
1.15982142857143,0.365493115018819,0.230317823036813,1.16615923825495,2.11684448417198
1.15992063492064,0.365498280513176,0.230372422059141,1.16560156678515,2.11716378516164
1.16001984126984,0.365503379614018,0.230427001951518,1.16504416210779,2.11748303656524
1.16011904761905,0.365508412433637,0.230481562692443,1.1644870240947,2.11780223836815
1.16021825396825,0.365513379084288,0.230536104260421,1.16393015261779,2.11812139055574
1.16031746031746,0.365518279678181,0.230590626633963,1.16337354754899,2.11844049311341
1.16041666666667,0.365523114327483,0.230645129791586,1.16281720876031,2.11875954602654
1.16051587301587,0.365527883144322,0.230699613711815,1.16226113612381,2.11907854928053
1.16061507936508,0.365532586240781,0.230754078373179,1.16170532951161,2.11939750286077
1.16071428571429,0.365537223728904,0.230808523754218,1.16114978879588,2.11971640675267
1.16081349206349,0.36554179572069,0.230862949833473,1.16059451384884,2.12003526094163
1.1609126984127,0.365546302328098,0.230917356589495,1.16003950454277,2.12035406541306
1.1610119047619,0.365550743663045,0.230971744000842,1.15948476075002,2.12067282015238
1.16111111111111,0.365555119837404,0.231026112046075,1.15893028234298,2.120991525145
1.16121031746032,0.365559430963008,0.231080460703766,1.1583760691941,2.12131018037634
1.16130952380952,0.365563677151647,0.231134789952488,1.15782212117589,2.12162878583183
1.16140873015873,0.36556785851507,0.231189099770827,1.15726843816091,2.1219473414969
1.16150793650794,0.365571975164983,0.23124339013737,1.15671502002178,2.12226584735699
1.16160714285714,0.365576027213049,0.231297661030714,1.15616186663117,2.12258430339752
1.16170634920635,0.365580014770892,0.23135191242946,1.15560897786181,2.12290270960395
1.16180555555556,0.365583937950091,0.231406144312217,1.15505635358649,2.12322106596171
1.16190476190476,0.365587796862185,0.231460356657601,1.15450399367805,2.12353937245626
1.16200396825397,0.36559159161867,0.231514549444233,1.15395189800938,2.12385762907305
1.16210317460317,0.365595322331,0.23156872265074,1.15340006645345,2.12417583579754
1.16220238095238,0.365598989110586,0.231622876255759,1.15284849888325,2.12449399261519
1.16230158730159,0.3656025920688,0.23167701023793,1.15229719517186,2.12481209951146
1.16240079365079,0.36560613131697,0.2317311245759,1.1517461551924,2.12513015647184
1.1625,0.365609606966381,0.231785219248324,1.15119537881803,2.12544816348178
1.16259920634921,0.365613019128277,0.231839294233862,1.15064486592201,2.12576612052677
1.16269841269841,0.365616367913861,0.231893349511182,1.1500946163776,2.12608402759229
1.16279761904762,0.365619653434292,0.231947385058957,1.14954463005816,2.12640188466383
1.16289682539683,0.365622875800689,0.232001400855868,1.14899490683709,2.12671969172687
1.16299603174603,0.365626035124128,0.232055396880601,1.14844544658785,2.12703744876691
1.16309523809524,0.365629131515642,0.232109373111849,1.14789624918394,2.12735515576945
1.16319444444444,0.365632165086224,0.232163329528311,1.14734731449893,2.12767281271999
1.16329365079365,0.365635135946823,0.232217266108695,1.14679864240645,2.12799041960404
1.16339285714286,0.365638044208348,0.232271182831713,1.14625023278018,2.1283079764071
1.16349206349206,0.365640889981664,0.232325079676083,1.14570208549386,2.12862548311469
1.16359126984127,0.365643673377596,0.232378956620532,1.14515420042126,2.12894293971233
1.16369047619048,0.365646394506924,0.232432813643791,1.14460657743625,2.12926034618554
1.16378968253968,0.36564905348039,0.2324866507246,1.14405921641272,2.12957770251984
1.16388888888889,0.36565165040869,0.232540467841703,1.14351211722463,2.12989500870077
1.1639880952381,0.365654185402481,0.232594264973853,1.142965279746,2.13021226471387
1.1640873015873,0.365656658572377,0.232648042099806,1.1424187038509,2.13052947054466
1.16418650793651,0.365659070028949,0.232701799198329,1.14187238941345,2.13084662617869
1.16428571428571,0.365661419882726,0.232755536248191,1.14132633630784,2.13116373160151
1.16438492063492,0.365663708244198,0.232809253228171,1.14078054440831,2.13148078679867
1.16448412698413,0.365665935223809,0.232862950117053,1.14023501358914,2.13179779175572
1.16458333333333,0.365668100931964,0.232916626893628,1.13968974372469,2.13211474645822
1.16468253968254,0.365670205479023,0.232970283536692,1.13914473468937,2.13243165089173
1.16478174603175,0.365672248975307,0.233023920025049,1.13859998635764,2.13274850504182
1.16488095238095,0.365674231531094,0.23307753633751,1.138055498604,2.13306530889406
1.16498015873016,0.365676153256618,0.233131132452891,1.13751127130305,2.13338206243403
1.16507936507937,0.365678014262074,0.233184708350015,1.1369673043294,2.13369876564729
1.16517857142857,0.365679814657613,0.233238264007712,1.13642359755774,2.13401541851945
1.16527777777778,0.365681554553346,0.233291799404818,1.13588015086282,2.13433202103607
1.16537698412698,0.365683234059338,0.233345314520176,1.13533696411942,2.13464857318275
1.16547619047619,0.365684853285617,0.233398809332635,1.13479403720241,2.13496507494509
1.1655753968254,0.365686412342165,0.23345228382105,1.13425136998668,2.13528152630869
1.1656746031746,0.365687911338924,0.233505737964283,1.13370896234721,2.13559792725914
1.16577380952381,0.365689350385794,0.233559171741204,1.13316681415902,2.13591427778206
1.16587301587302,0.365690729592632,0.233612585130687,1.13262492529718,2.13623057786305
1.16597222222222,0.365692049069254,0.233665978111615,1.13208329563682,2.13654682748773
1.16607142857143,0.365693308925432,0.233719350662874,1.13154192505313,2.13686302664172
1.16617063492063,0.365694509270899,0.233772702763361,1.13100081342135,2.13717917531064
1.16626984126984,0.365695650215344,0.233826034391975,1.13045996061679,2.13749527348012
1.16636904761905,0.365696731868415,0.233879345527625,1.1299193665148,2.13781132113578
1.16646825396825,0.365697754339716,0.233932636149224,1.12937903099079,2.13812731826327
1.16656746031746,0.365698717738811,0.233985906235694,1.12883895392022,2.13844326484822
1.16666666666667,0.365699622175221,0.234039155765962,1.12829913517863,2.13875916087627
1.16676587301587,0.365700467758427,0.23409238471896,1.12775957464159,2.13907500633307
1.16686507936508,0.365701254597864,0.234145593073631,1.12722027218473,2.13939080120428
1.16696428571429,0.365701982802929,0.234198780808919,1.12668122768374,2.13970654547554
1.16706349206349,0.365702652482975,0.234251947903778,1.12614244101438,2.14002223913252
1.1671626984127,0.365703263747313,0.234305094337167,1.12560391205244,2.14033788216088
1.1672619047619,0.365703816705212,0.234358220088054,1.12506564067378,2.14065347454628
1.16736111111111,0.365704311465899,0.23441132513541,1.12452762675432,2.1409690162744
1.16746031746032,0.365704748138561,0.234464409458215,1.12398987017003,2.14128450733091
1.16755952380952,0.365705126832339,0.234517473035454,1.12345237079692,2.14159994770149
1.16765873015873,0.365705447656335,0.234570515846119,1.12291512851109,2.14191533737183
1.16775793650794,0.365705710719609,0.23462353786921,1.12237814318867,2.1422306763276
1.16785714285714,0.365705916131177,0.234676539083731,1.12184141470585,2.14254596455451
1.16795634920635,0.365706064000014,0.234729519468693,1.12130494293889,2.14286120203825
1.16805555555556,0.365706154435054,0.234782479003116,1.12076872776408,2.14317638876451
1.16815476190476,0.365706187545188,0.234835417666023,1.12023276905779,2.14349152471899
1.16825396825397,0.365706163439265,0.234888335436446,1.11969706669644,2.14380660988742
1.16835317460317,0.365706082226092,0.234941232293422,1.1191616205565,2.14412164425549
1.16845238095238,0.365705944014434,0.234994108215996,1.11862643051449,2.14443662780892
1.16855158730159,0.365705748913014,0.235046963183217,1.11809149644701,2.14475156053344
1.16865079365079,0.365705497030512,0.235099797174145,1.11755681823069,2.14506644241476
1.16875,0.365705188475569,0.235152610167841,1.11702239574222,2.14538127343861
1.16884920634921,0.365704823356781,0.235205402143376,1.11648822885836,2.14569605359073
1.16894841269841,0.365704401782703,0.235258173079826,1.11595431745593,2.14601078285685
1.16904761904762,0.365703923861847,0.235310922956276,1.11542066141177,2.1463254612227
1.16914682539683,0.365703389702686,0.235363651751814,1.11488726060281,2.14664008867403
1.16924603174603,0.365702799413647,0.235416359445536,1.11435411490603,2.1469546651966
1.16934523809524,0.365702153103118,0.235469046016546,1.11382122419845,2.14726919077614
1.16944444444444,0.365701450879443,0.235521711443952,1.11328858835717,2.14758366539842
1.16954365079365,0.365700692850926,0.23557435570687,1.11275620725933,2.1478980890492
1.16964285714286,0.365699879125827,0.235626978784422,1.11222408078212,2.14821246171423
1.16974206349206,0.365699009812365,0.235679580655736,1.11169220880281,2.14852678337929
1.16984126984127,0.365698085018716,0.235732161299949,1.11116059119869,2.14884105403014
1.16994047619048,0.365697104853017,0.235784720696201,1.11062922784715,2.14915527365257
1.17003968253968,0.365696069423358,0.23583725882364,1.11009811862559,2.14946944223236
1.17013888888889,0.365694978837792,0.235889775661422,1.1095672634115,2.14978355975528
1.1702380952381,0.365693833204327,0.235942271188707,1.10903666208242,2.15009762620712
1.1703373015873,0.365692632630929,0.235994745384663,1.10850631451592,2.15041164157368
1.17043650793651,0.365691377225524,0.236047198228464,1.10797622058967,2.15072560584074
1.17053571428571,0.365690067095993,0.236099629699291,1.10744638018135,2.15103951899412
1.17063492063492,0.365688702350178,0.236152039776331,1.10691679316873,2.15135338101962
1.17073412698413,0.365687283095878,0.236204428438777,1.10638745942962,2.15166719190303
1.17083333333333,0.365685809440848,0.23625679566583,1.10585837884189,2.15198095163018
1.17093253968254,0.365684281492804,0.236309141436696,1.10532955128347,2.15229466018688
1.17103174603175,0.365682699359418,0.236361465730588,1.10480097663233,2.15260831755895
1.17113095238095,0.365681063148321,0.236413768526726,1.10427265476651,2.15292192373222
1.17123015873016,0.365679372967101,0.236466049804337,1.10374458556411,2.1532354786925
1.17132936507937,0.365677628923304,0.236518309542652,1.10321676890326,2.15354898242564
1.17142857142857,0.365675831124437,0.236570547720911,1.10268920466219,2.15386243491746
1.17152777777778,0.36567397967796,0.236622764318359,1.10216189271915,2.15417583615381
1.17162698412698,0.365672074691294,0.236674959314249,1.10163483295245,2.15448918612054
1.17172619047619,0.365670116271818,0.236727132687839,1.10110802524046,2.15480248480349
1.1718253968254,0.365668104526868,0.236779284418395,1.10058146946162,2.15511573218851
1.1719246031746,0.36566603956374,0.236831414485187,1.10005516549441,2.15542892826145
1.17202380952381,0.365663921489684,0.236883522867494,1.09952911321736,2.15574207300819
1.17212301587302,0.365661750411912,0.236935609544601,1.09900331250907,2.15605516641458
1.17222222222222,0.365659526437591,0.236987674495799,1.0984777632482,2.15636820846649
1.17232142857143,0.36565724967385,0.237039717700386,1.09795246531345,2.15668119914979
1.17242063492063,0.36565492022777,0.237091739137665,1.09742741858358,2.15699413845036
1.17251984126984,0.365652538206396,0.237143738786947,1.09690262293742,2.15730702635408
1.17261904761905,0.365650103716727,0.237195716627549,1.09637807825383,2.15761986284683
1.17271825396825,0.365647616865722,0.237247672638795,1.09585378441175,2.1579326479145
1.17281746031746,0.365645077760296,0.237299606800015,1.09532974129016,2.15824538154298
1.17291666666667,0.365642486507325,0.237351519090546,1.09480594876811,2.15855806371818
1.17301587301587,0.36563984321364,0.23740340948973,1.0942824067247,2.15887069442598
1.17311507936508,0.365637147986032,0.237455277976918,1.09375911503907,2.1591832736523
1.17321428571429,0.365634400931249,0.237507124531465,1.09323607359044,2.15949580138304
1.17331349206349,0.365631602155996,0.237558949132735,1.09271328225807,2.15980827760412
1.1734126984127,0.365628751766939,0.237610751760095,1.0921907409213,2.16012070230144
1.1735119047619,0.3656258498707,0.237662532392923,1.09166844945948,2.16043307546094
1.17361111111111,0.365622896573858,0.237714291010599,1.09114640775206,2.16074539706853
1.17371031746032,0.365619891982951,0.237766027592513,1.09062461567852,2.16105766711015
1.17380952380952,0.365616836204477,0.237817742118059,1.09010307311842,2.16136988557172
1.17390873015873,0.365613729344888,0.23786943456664,1.08958177995135,2.16168205243918
1.17400793650794,0.365610571510598,0.237921104917663,1.08906073605696,2.16199416769848
1.17410714285714,0.365607362807975,0.237972753150543,1.08853994131498,2.16230623133556
1.17420634920635,0.365604103343348,0.238024379244702,1.08801939560517,2.16261824333636
1.17430555555556,0.365600793223004,0.238075983179565,1.08749909880734,2.16293020368684
1.17440476190476,0.365597432553185,0.238127564934569,1.0869790508014,2.16324211237295
1.17450396825397,0.365594021440095,0.238179124489153,1.08645925146726,2.16355396938066
1.17460317460317,0.365590559989893,0.238230661822765,1.08593970068492,2.16386577469594
1.17470238095238,0.365587048308696,0.238282176914858,1.08542039833444,2.16417752830473
1.17480158730159,0.365583486502582,0.238333669744892,1.08490134429591,2.16448923019304
1.17490079365079,0.365579874677584,0.238385140292334,1.08438253844949,2.16480088034681
1.175,0.365576212939693,0.238436588536657,1.0838639806754,2.16511247875205
1.17509920634921,0.36557250139486,0.23848801445734,1.08334567085391,2.16542402539473
1.17519841269841,0.365568740148993,0.23853941803387,1.08282760886534,2.16573552026085
1.17529761904762,0.365564929307957,0.23859079924574,1.08230979459008,2.16604696333639
1.17539682539683,0.365561068977576,0.238642158072448,1.08179222790858,2.16635835460735
1.17549603174603,0.365557159263632,0.238693494493499,1.08127490870131,2.16666969405973
1.17559523809524,0.365553200271865,0.238744808488407,1.08075783684884,2.16698098167954
1.17569444444444,0.365549192107973,0.23879610003669,1.08024101223177,2.16729221745278
1.17579365079365,0.365545134877611,0.238847369117872,1.07972443473076,2.16760340136548
1.17589285714286,0.365541028686393,0.238898615711486,1.07920810422653,2.16791453340364
1.17599206349206,0.365536873639891,0.23894983979707,1.07869202059986,2.16822561355328
1.17609126984127,0.365532669843635,0.239001041354167,1.07817618373157,2.16853664180044
1.17619047619048,0.365528417403111,0.23905222036233,1.07766059350255,2.16884761813114
1.17628968253968,0.365524116423767,0.239103376801116,1.07714524979374,2.16915854253141
1.17638888888889,0.365519767011006,0.239154510650088,1.07663015248614,2.1694694149873
1.1764880952381,0.365515369270188,0.239205621888819,1.0761153014608,2.16978023548483
1.1765873015873,0.365510923306635,0.239256710496883,1.07560069659883,2.17009100401006
1.17668650793651,0.365506429225623,0.239307776453866,1.0750863377814,2.17040172054904
1.17678571428571,0.365501887132388,0.239358819739358,1.07457222488973,2.17071238508781
1.17688492063492,0.365497297132124,0.239409840332954,1.07405835780509,2.17102299761244
1.17698412698413,0.365492659329982,0.239460838214258,1.07354473640882,2.17133355810899
1.17708333333333,0.365487973831071,0.23951181336288,1.0730313605823,2.17164406656352
1.17718253968254,0.36548324074046,0.239562765758436,1.07251823020698,2.1719545229621
1.17728174603175,0.365478460163174,0.239613695380548,1.07200534516436,2.1722649272908
1.17738095238095,0.365473632204196,0.239664602208846,1.071492705336,2.17257527953571
1.17748015873016,0.365468756968468,0.239715486222965,1.07098031060351,2.1728855796829
1.17757936507937,0.365463834560888,0.239766347402546,1.07046816084855,2.17319582771845
1.17767857142857,0.365458865086316,0.23981718572724,1.06995625595285,2.17350602362847
1.17777777777778,0.365453848649565,0.2398680011767,1.06944459579818,2.17381616739903
1.17787698412698,0.36544878535541,0.239918793730589,1.06893318026639,2.17412625901624
1.17797619047619,0.365443675308582,0.239969563368574,1.06842200923937,2.1744362984662
1.1780753968254,0.36543851861377,0.240020310070331,1.06791108259906,2.17474628573502
1.1781746031746,0.365433315375621,0.240071033815539,1.06740040022746,2.1750562208088
1.17827380952381,0.365428065698742,0.240121734583888,1.06688996200664,2.17536610367366
1.17837301587302,0.365422769687694,0.24017241235507,1.06637976781871,2.17567593431571
1.17847222222222,0.365417427447,0.240223067108787,1.06586981754583,2.17598571272108
1.17857142857143,0.365412039081139,0.240273698824746,1.06536011107024,2.17629543887589
1.17867063492063,0.365406604694547,0.240324307482659,1.06485064827422,2.17660511276627
1.17876984126984,0.365401124391621,0.240374893062248,1.06434142904011,2.17691473437835
1.17886904761905,0.365395598276714,0.240425455543239,1.06383245325029,2.17722430369828
1.17896825396825,0.365390026454136,0.240475994905365,1.06332372078723,2.17753382071219
1.17906746031746,0.365384409028157,0.240526511128366,1.06281523153342,2.17784328540623
1.17916666666667,0.365378746103004,0.240577004191987,1.06230698537142,2.17815269776655
1.17926587301587,0.365373037782862,0.240627474075981,1.06179898218386,2.1784620577793
1.17936507936508,0.365367284171875,0.240677920760108,1.06129122185341,2.17877136543064
1.17946428571429,0.365361485374143,0.240728344224133,1.0607837042628,2.17908062070674
1.17956349206349,0.365355641493726,0.240778744447827,1.06027642929481,2.17938982359375
1.1796626984127,0.36534975263464,0.24082912141097,1.05976939683228,2.17969897407785
1.1797619047619,0.365343818900861,0.240879475093347,1.05926260675811,2.18000807214521
1.17986111111111,0.365337840396322,0.24092980547475,1.05875605895525,2.18031711778201
1.17996031746032,0.365331817224914,0.240980112534975,1.05824975330671,2.18062611097442
1.18005952380952,0.365325749490486,0.241030396253829,1.05774368969556,2.18093505170865
1.18015873015873,0.365319637296844,0.241080656611122,1.05723786800491,2.18124393997087
1.18025793650794,0.365313480747754,0.241130893586671,1.05673228811794,2.18155277574728
1.18035714285714,0.365307279946939,0.241181107160301,1.05622694991789,2.18186155902408
1.18045634920635,0.36530103499808,0.241231297311842,1.05572185328804,2.18217028978747
1.18055555555556,0.365294746004816,0.241281464021132,1.05521699811173,2.18247896802366
1.18065476190476,0.365288413070743,0.241331607268014,1.05471238427237,2.18278759371885
1.18075396825397,0.365282036299416,0.241381727032338,1.0542080116534,2.18309616685926
1.18085317460317,0.365275615794349,0.24143182329396,1.05370388013835,2.18340468743111
1.18095238095238,0.365269151659013,0.241481896032745,1.05319998961077,2.18371315542062
1.18105158730159,0.365262643996835,0.24153194522856,1.05269633995429,2.18402157081401
1.18115079365079,0.365256092911203,0.241581970861283,1.05219293105259,2.18432993359752
1.18125,0.365249498505462,0.241631972910796,1.05168976278941,2.18463824375738
1.18134920634921,0.365242860882915,0.241681951356988,1.05118683504853,2.18494650127982
1.18144841269841,0.365236180146822,0.241731906179755,1.0506841477138,2.1852547061511
1.18154761904762,0.365229456400401,0.241781837358998,1.05018170066913,2.18556285835745
1.18164682539683,0.365222689746831,0.241831744874627,1.04967949379847,2.18587095788513
1.18174603174603,0.365215880289245,0.241881628706556,1.04917752698583,2.18617900472039
1.18184523809524,0.365209028130737,0.241931488834708,1.04867580011528,2.18648699884949
1.18194444444444,0.365202133374356,0.241981325239009,1.04817431307096,2.18679494025869
1.18204365079365,0.365195196123112,0.242031137899395,1.04767306573704,2.18710282893426
1.18214285714286,0.365188216479971,0.242080926795807,1.04717205799776,2.18741066486246
1.18224206349206,0.365181194547858,0.242130691908192,1.04667128973741,2.18771844802958
1.18234126984127,0.365174130429656,0.242180433216504,1.04617076084034,2.18802617842188
1.18244047619048,0.365167024228204,0.242230150700705,1.04567047119096,2.18833385602566
1.18253968253968,0.365159876046303,0.24227984434076,1.04517042067373,2.1886414808272
1.18263888888889,0.365152685986707,0.242329514116644,1.04467060917317,2.18894905281278
1.1827380952381,0.365145454152133,0.242379160008337,1.04417103657384,2.18925657196871
1.1828373015873,0.365138180645251,0.242428781995825,1.04367170276038,2.18956403828128
1.18293650793651,0.365130865568694,0.242478380059101,1.04317260761746,2.1898714517368
1.18303571428571,0.365123509025049,0.242527954178166,1.04267375102984,2.19017881232157
1.18313492063492,0.365116111116863,0.242577504333024,1.0421751328823,2.19048612002189
1.18323412698413,0.36510867194664,0.242627030503689,1.0416767530597,2.1907933748241
1.18333333333333,0.365101191616842,0.24267653267018,1.04117861144695,2.1911005767145
1.18343253968254,0.365093670229892,0.242726010812521,1.04068070792901,2.19140772567941
1.18353174603175,0.365086107888165,0.242775464910747,1.04018304239089,2.19171482170517
1.18363095238095,0.365078504694,0.242824894944894,1.03968561471768,2.1920218647781
1.18373015873016,0.36507086074969,0.242874300895008,1.03918842479451,2.19232885488455
1.18382936507936,0.365063176157487,0.24292368274114,1.03869147250656,2.19263579201084
1.18392857142857,0.365055451019603,0.24297304046335,1.03819475773907,2.19294267614332
1.18402777777778,0.365047685438205,0.2430223740417,1.03769828037735,2.19324950726833
1.18412698412698,0.36503987951542,0.243071683456263,1.03720204030675,2.19355628537224
1.18422619047619,0.365032033353332,0.243120968687115,1.03670603741268,2.19386301044138
1.1843253968254,0.365024147053983,0.243170229714341,1.0362102715806,2.19416968246213
1.1844246031746,0.365016220719374,0.243219466518032,1.03571474269604,2.19447630142084
1.18452380952381,0.365008254451462,0.243268679078285,1.03521945064458,2.19478286730388
1.18462301587302,0.365000248352164,0.243317867375202,1.03472439531184,2.19508938009763
1.18472222222222,0.364992202523355,0.243367031388895,1.03422957658353,2.19539583978845
1.18482142857143,0.364984117066866,0.243416171099479,1.03373499434538,2.19570224636272
1.18492063492063,0.364975992084487,0.243465286487079,1.0332406484832,2.19600859980684
1.18501984126984,0.364967827677967,0.243514377531822,1.03274653888285,2.19631490010717
1.18511904761905,0.364959623949012,0.243563444213846,1.03225266543023,2.19662114725013
1.18521825396825,0.364951380999286,0.243612486513294,1.03175902801132,2.19692734122209
1.18531746031746,0.364943098930411,0.243661504410313,1.03126562651214,2.19723348200947
1.18541666666667,0.364934777843967,0.24371049788506,1.03077246081878,2.19753956959866
1.18551587301587,0.364926417841492,0.243759466917696,1.03027953081736,2.19784560397606
1.18561507936508,0.364918019024483,0.243808411488391,1.02978683639409,2.1981515851281
1.18571428571429,0.364909581494393,0.243857331577319,1.02929437743521,2.19845751304119
1.18581349206349,0.364901105352634,0.243906227164663,1.02880215382702,2.19876338770174
1.1859126984127,0.364892590700576,0.243955098230609,1.02831016545588,2.19906920909618
1.1860119047619,0.364884037639548,0.244003944755353,1.02781841220822,2.19937497721093
1.18611111111111,0.364875446270834,0.244052766719095,1.0273268939705,2.19968069203243
1.18621031746032,0.36486681669568,0.244101564102044,1.02683561062926,2.19998635354712
1.18630952380952,0.364858149015287,0.244150336884413,1.02634456207106,2.20029196174142
1.18640873015873,0.364849443330816,0.244199085046422,1.02585374818256,2.20059751660179
1.18650793650794,0.364840699743382,0.2442478085683,1.02536316885045,2.20090301811467
1.18660714285714,0.364831918354064,0.244296507430279,1.02487282396148,2.20120846626651
1.18670634920635,0.364823099263895,0.244345181612599,1.02438271340246,2.20151386104377
1.18680555555556,0.364814242573865,0.244393831095508,1.02389283706025,2.20181920243291
1.18690476190476,0.364805348384926,0.244442455859257,1.02340319482176,2.20212449042039
1.18700396825397,0.364796416797986,0.244491055884108,1.02291378657398,2.20242972499267
1.18710317460317,0.364787447913909,0.244539631150325,1.02242461220394,2.20273490613624
1.18720238095238,0.364778441833519,0.244588181638181,1.02193567159871,2.20304003383756
1.18730158730159,0.364769398657599,0.244636707327956,1.02144696464545,2.20334510808312
1.18740079365079,0.364760318486889,0.244685208199935,1.02095849123135,2.20365012885939
1.1875,0.364751201422085,0.244733684234409,1.02047025124367,2.20395509615287
1.18759920634921,0.364742047563843,0.244782135411679,1.0199822445697,2.20426000995004
1.18769841269841,0.364732857012778,0.244830561712048,1.01949447109683,2.20456487023741
1.18779761904762,0.364723629869461,0.244878963115828,1.01900693071247,2.20486967700147
1.18789682539683,0.364714366234421,0.244927339603337,1.0185196233041,2.20517443022873
1.18799603174603,0.364705066208147,0.2449756911549,1.01803254875926,2.20547912990568
1.18809523809524,0.364695729891083,0.245024017750848,1.01754570696552,2.20578377601886
1.18819444444444,0.364686357383634,0.245072319371518,1.01705909781054,2.20608836855476
1.18829365079365,0.364676948786161,0.245120595997255,1.01657272118202,2.20639290749991
1.18839285714286,0.364667504198983,0.245168847608408,1.01608657696771,2.20669739284084
1.18849206349206,0.364658023238304,0.245217074392219,1.01560066498357,2.20700182477493
1.18859126984127,0.36464850518857,0.245265276676228,1.0151149850043,2.20730620364228
1.18869047619048,0.364638950078296,0.245313454468923,1.01462953692082,2.20761052945756
1.18878968253968,0.364629357946348,0.245361607774356,1.0141443206256,2.20791480223094
1.18888888888889,0.364619728831594,0.245409736596569,1.01365933601119,2.20821902197255
1.1889880952381,0.364610062772908,0.245457840939595,1.01317458297018,2.20852318869253
1.1890873015873,0.364600359809164,0.245505920807462,1.01269006139516,2.20882730240101
1.18918650793651,0.364590619979243,0.245553976204185,1.0122057711788,2.2091313631081
1.18928571428571,0.364580843322027,0.245602007133774,1.01172171221379,2.20943537082391
1.18938492063492,0.364571029876403,0.245650013600229,1.01123788439285,2.20973932555852
1.18948412698413,0.36456117968126,0.245697995607541,1.01075428760876,2.21004322732202
1.18958333333333,0.364551292775492,0.245745953159695,1.01027092175433,2.21034707612448
1.18968253968254,0.364541369197996,0.245793886260664,1.00978778672238,2.21065087197597
1.18978174603175,0.364531408987672,0.245841794914416,1.00930488240582,2.21095461488653
1.18988095238095,0.364521412183424,0.245889679124908,1.00882220869756,2.21125830486622
1.18998015873016,0.364511378824159,0.24593753889609,1.00833976549056,2.21156194192506
1.19007936507937,0.364501308948788,0.245985374231903,1.00785755267782,2.21186552607307
1.19017857142857,0.364491202596225,0.246033185136279,1.00737557015238,2.21216905732027
1.19027777777778,0.364481059805389,0.246080971613143,1.00689381780731,2.21247253567665
1.19037698412698,0.364470880615199,0.24612873366641,1.00641229553572,2.21277596115221
1.19047619047619,0.364460665064581,0.246176471299987,1.00593100323078,2.21307933375693
1.1905753968254,0.364450413192464,0.246224184517774,1.00544994078565,2.21338265350077
1.1906746031746,0.364440125037778,0.24627187332366,1.00496910809359,2.2136859203937
1.19077380952381,0.36442980063946,0.246319537721527,1.00448850504785,2.21398913444566
1.19087301587302,0.364419440036447,0.246367177715249,1.00400813154173,2.2142922956666
1.19097222222222,0.364409043267682,0.24641479330869,1.00352798746859,2.21459540406644
1.19107142857143,0.364398610372111,0.246462384505707,1.0030480727218,2.21489845965511
1.19117063492064,0.364388141388682,0.246509951310148,1.00256838719479,2.21520146244251
1.19126984126984,0.364377636356348,0.246557493725852,1.002088930781,2.21550441243853
1.19136904761905,0.364367095314066,0.246605011756651,1.00160970337395,2.21580730965308
1.19146825396825,0.364356518300795,0.246652505406367,1.00113070486716,2.21611015409601
1.19156746031746,0.364345905355498,0.246699974678814,1.00065193515421,2.21641294577721
1.19166666666667,0.364335256517141,0.246747419577797,1.00017339412871,2.21671568470653
1.19176587301587,0.364324571824695,0.246794840107115,0.999695081684316,2.21701837089381
1.19186507936508,0.364313851317133,0.246842236270555,0.999216997714709,2.2173210043489
1.19196428571429,0.364303095033432,0.246889608071898,0.99873914211362,2.21762358508161
1.19206349206349,0.364292303012573,0.246936955514916,0.998261514774814,2.21792611310176
1.1921626984127,0.36428147529354,0.246984278603373,0.997784115592093,2.21822858841917
1.1922619047619,0.36427061191532,0.247031577341022,0.997306944459302,2.21853101104362
1.19236111111111,0.364259712916904,0.247078851731611,0.996830001270322,2.21883338098489
1.19246031746032,0.364248778337286,0.247126101778877,0.996353285919069,2.21913569825277
1.19255952380952,0.364237808215465,0.24717332748655,0.995876798299504,2.21943796285702
1.19265873015873,0.364226802590442,0.247220528858351,0.995400538305619,2.21974017480739
1.19275793650794,0.364215761501222,0.247267705897993,0.994924505831451,2.22004233411363
1.19285714285714,0.364204684986812,0.247314858609179,0.994448700771071,2.22034444078547
1.19295634920635,0.364193573086226,0.247361986995606,0.99397312301859,2.22064649483263
1.19305555555556,0.364182425838479,0.247409091060961,0.993497772468157,2.22094849626482
1.19315476190476,0.364171243282588,0.247456170808922,0.99302264901396,2.22125044509175
1.19325396825397,0.364160025457577,0.247503226243159,0.992547752550224,2.22155234132312
1.19335317460317,0.364148772402472,0.247550257367335,0.992073082971214,2.22185418496859
1.19345238095238,0.364137484156301,0.247597264185103,0.991598640171233,2.22215597603785
1.19355158730159,0.364126160758098,0.247644246700107,0.991124424044621,2.22245771454056
1.19365079365079,0.364114802246899,0.247691204915985,0.990650434485757,2.22275940048636
1.19375,0.364103408661743,0.247738138836363,0.990176671389059,2.2230610338849
1.19384920634921,0.364091980041674,0.247785048464862,0.989703134648985,2.22336261474581
1.19394841269841,0.364080516425739,0.247831933805093,0.989229824160026,2.22366414307871
1.19404761904762,0.364069017852987,0.247878794860659,0.988756739816717,2.22396561889321
1.19414682539683,0.364057484362473,0.247925631635152,0.988283881513628,2.22426704219891
1.19424603174603,0.364045915993253,0.24797244413216,0.987811249145369,2.22456841300539
1.19434523809524,0.364034312784389,0.248019232355259,0.987338842606588,2.22486973132224
1.19444444444444,0.364022674774944,0.248065996308018,0.986866661791971,2.22517099715903
1.19454365079365,0.364011002003987,0.248112735993997,0.986394706596242,2.22547221052532
1.19464285714286,0.363999294510588,0.248159451416749,0.985922976914164,2.22577337143065
1.19474206349206,0.363987552333821,0.248206142579816,0.985451472640538,2.22607447988456
1.19484126984127,0.363975775512766,0.248252809486733,0.984980193670205,2.22637553589658
1.19494047619048,0.363963964086503,0.248299452141027,0.984509139898042,2.22667653947622
1.19503968253968,0.363952118094118,0.248346070546216,0.984038311218965,2.226977490633
1.19513888888889,0.3639402375747,0.24839266470581,0.983567707527929,2.22727838937641
1.1952380952381,0.363928322567339,0.248439234623308,0.983097328719927,2.22757923571594
1.1953373015873,0.363916373111133,0.248485780302205,0.982627174689991,2.22788002966107
1.19543650793651,0.363904389245179,0.248532301745984,0.982157245333189,2.22818077122125
1.19553571428571,0.363892371008581,0.248578798958121,0.981687540544632,2.22848146040595
1.19563492063492,0.363880318440444,0.248625271942083,0.981218060219463,2.22878209722461
1.19573412698413,0.363868231579878,0.248671720701328,0.98074880425287,2.22908268168667
1.19583333333333,0.363856110465996,0.248718145239308,0.980279772540074,2.22938321380155
1.19593253968254,0.363843955137914,0.248764545559463,0.979810964976337,2.22968369357867
1.19603174603175,0.363831765634753,0.248810921665228,0.97934238145696,2.22998412102742
1.19613095238095,0.363819541995635,0.248857273560027,0.97887402187728,2.23028449615721
1.19623015873016,0.363807284259687,0.248903601247277,0.978405886132674,2.23058481897742
1.19632936507937,0.363794992466041,0.248949904730385,0.977937974118557,2.23088508949742
1.19642857142857,0.363782666653829,0.248996184012751,0.977470285730383,2.23118530772658
1.19652777777778,0.36377030686219,0.249042439097767,0.977002820863643,2.23148547367425
1.19662698412698,0.363757913130264,0.249088669988814,0.976535579413866,2.23178558734976
1.19672619047619,0.363745485497195,0.249134876689267,0.976068561276622,2.23208564876246
1.1968253968254,0.363733024002131,0.249181059202492,0.975601766347518,2.23238565792167
1.1969246031746,0.363720528684224,0.249227217531846,0.975135194522197,2.23268561483669
1.19702380952381,0.363707999582628,0.249273351680677,0.974668845696346,2.23298551951683
1.19712301587302,0.363695436736502,0.249319461652327,0.974202719765683,2.23328537197138
1.19722222222222,0.363682840185007,0.249365547450125,0.973736816625971,2.23358517220962
1.19732142857143,0.363670209967309,0.249411609077397,0.973271136173007,2.23388492024082
1.19742063492063,0.363657546122576,0.249457646537457,0.972805678302629,2.23418461607425
1.19751984126984,0.363644848689981,0.249503659833612,0.972340442910711,2.23448425971914
1.19761904761905,0.3636321177087,0.249549648969159,0.971875429893168,2.23478385118475
1.19771825396825,0.36361935321791,0.249595613947388,0.971410639145951,2.2350833904803
1.19781746031746,0.363606555256796,0.24964155477158,0.97094607056505,2.23538287761501
1.19791666666667,0.363593723864544,0.249687471445007,0.970481724046496,2.23568231259808
1.19801587301587,0.363580859080342,0.249733363970934,0.970017599486354,2.23598169543873
1.19811507936508,0.363567960943385,0.249779232352617,0.969553696780729,2.23628102614613
1.19821428571429,0.363555029492869,0.249825076593303,0.969090015825766,2.23658030472947
1.19831349206349,0.363542064767993,0.24987089669623,0.968626556517648,2.23687953119791
1.1984126984127,0.363529066807962,0.249916692664629,0.968163318752593,2.23717870556061
1.1985119047619,0.363516035651983,0.249962464501721,0.967700302426862,2.23747782782672
1.19861111111111,0.363502971339266,0.25000821221072,0.967237507436751,2.23777689800537
1.19871031746032,0.363489873909025,0.250053935794831,0.966774933678597,2.23807591610569
1.19880952380952,0.363476743400478,0.250099635257251,0.966312581048772,2.23837488213679
1.19890873015873,0.363463579852846,0.250145310601167,0.96585044944369,2.23867379610779
1.19900793650794,0.363450383305353,0.250190961829759,0.965388538759801,2.23897265802778
1.19910714285714,0.363437153797228,0.250236588946197,0.964926848893594,2.23927146790585
1.19920634920635,0.363423891367701,0.250282191953646,0.964465379741595,2.23957022575106
1.19930555555556,0.363410596056008,0.250327770855258,0.964004131200372,2.23986893157249
1.19940476190476,0.363397267901388,0.250373325654179,0.963543103166529,2.24016758537918
1.19950396825397,0.363383906943081,0.250418856353547,0.963082295536707,2.24046618718019
1.19960317460317,0.363370513220335,0.25046436295649,0.962621708207587,2.24076473698455
1.19970238095238,0.363357086772397,0.25050984546613,0.962161341075889,2.24106323480128
1.19980158730159,0.36334362763852,0.250555303885576,0.96170119403837,2.2413616806394
1.19990079365079,0.36333013585796,0.250600738217934,0.961241266991826,2.2416600745079
1.2,0.363316611469976,0.250646148466297,0.960781559833092,2.24195841641578
1.20009920634921,0.363303054513831,0.250691534633753,0.960322072459039,2.24225670637203
1.20019841269841,0.363289465028792,0.250736896723379,0.95986280476658,2.24255494438561
1.20029761904762,0.363275843054128,0.250782234738245,0.959403756652662,2.24285313046549
1.20039682539683,0.363262188629113,0.250827548681411,0.958944928014274,2.24315126462063
1.20049603174603,0.363248501793023,0.250872838555932,0.958486318748442,2.24344934685995
1.20059523809524,0.363234782585139,0.25091810436485,0.958027928752231,2.24374737719239
1.20069444444444,0.363221031044744,0.250963346111201,0.957569757922742,2.24404535562688
1.20079365079365,0.363207247211126,0.251008563798013,0.957111806157117,2.24434328217233
1.20089285714286,0.363193431123576,0.251053757428304,0.956654073352536,2.24464115683763
1.20099206349206,0.363179582821387,0.251098927005085,0.956196559406218,2.24493897963167
1.20109126984127,0.363165702343858,0.251144072531358,0.955739264215415,2.24523675056334
1.20119047619048,0.363151789730289,0.251189194010115,0.955282187677426,2.2455344696415
1.20128968253968,0.363137845019986,0.251234291444342,0.954825329689582,2.24583213687501
1.20138888888889,0.363123868252257,0.251279364837016,0.954368690149253,2.24612975227273
1.2014880952381,0.363109859466412,0.251324414191104,0.953912268953852,2.24642731584349
1.2015873015873,0.363095818701768,0.251369439509566,0.953456066000823,2.24672482759612
1.20168650793651,0.363081745997643,0.251414440795353,0.953000081187656,2.24702228753943
1.20178571428571,0.363067641393359,0.251459418051407,0.952544314411873,2.24731969568225
1.20188492063492,0.363053504928242,0.251504371280663,0.952088765571039,2.24761705203335
1.20198412698413,0.363039336641621,0.251549300486046,0.951633434562753,2.24791435660153
1.20208333333333,0.363025136572828,0.251594205670474,0.951178321284658,2.24821160939557
1.20218253968254,0.3630109047612,0.251639086836856,0.950723425634429,2.24850881042424
1.20228174603175,0.362996641246075,0.251683943988091,0.950268747509784,2.24880595969628
1.20238095238095,0.362982346066798,0.251728777127072,0.949814286808479,2.24910305722045
1.20248015873016,0.362968019262714,0.251773586256682,0.949360043428306,2.24940010300548
1.20257936507937,0.362953660873174,0.251818371379796,0.948906017267095,2.2496970970601
1.20267857142857,0.362939270937531,0.25186313249928,0.948452208222718,2.24999403939302
1.20277777777778,0.362924849495142,0.251907869617992,0.947998616193084,2.25029093001295
1.20287698412698,0.362910396585368,0.251952582738783,0.947545241076137,2.25058776892859
1.20297619047619,0.362895912247572,0.251997271864492,0.947092082769864,2.2508845561486
1.2030753968254,0.362881396521122,0.252041936997953,0.946639141172288,2.25118129168168
1.2031746031746,0.362866849445389,0.25208657814199,0.94618641618147,2.25147797553649
1.20327380952381,0.362852271059747,0.252131195299419,0.945733907695511,2.25177460772167
1.20337301587302,0.362837661403574,0.252175788473046,0.945281615612549,2.25207118824587
1.20347222222222,0.362823020516252,0.252220357665671,0.94482953983076,2.25236771711773
1.20357142857143,0.362808348437166,0.252264902880083,0.944377680248361,2.25266419434586
1.20367063492063,0.362793645205703,0.252309424119066,0.943926036763604,2.25296061993888
1.20376984126984,0.362778910861256,0.252353921385391,0.943474609274781,2.2532569939054
1.20386904761905,0.362764145443219,0.252398394681825,0.943023397680224,2.253553316254
1.20396825396825,0.362749348990993,0.252442844011123,0.942572401878299,2.25384958699326
1.20406746031746,0.362734521543978,0.252487269376033,0.942121621767415,2.25414580613176
1.20416666666667,0.362719663141582,0.252531670779296,0.941671057246015,2.25444197367805
1.20426587301587,0.362704773823212,0.252576048223641,0.941220708212586,2.2547380896407
1.20436507936508,0.362689853628283,0.252620401711793,0.940770574565646,2.25503415402823
1.20446428571429,0.362674902596209,0.252664731246465,0.94032065620376,2.25533016684917
1.20456349206349,0.362659920766412,0.252709036830362,0.939870953025522,2.25562612811206
1.2046626984127,0.362644908178313,0.252753318466182,0.939421464929573,2.25592203782539
1.2047619047619,0.362629864871341,0.252797576156614,0.938972191814586,2.25621789599768
1.20486111111111,0.362614790884924,0.252841809904338,0.938523133579276,2.25651370263739
1.20496031746032,0.362599686258497,0.252886019712026,0.938074290122395,2.25680945775302
1.20505952380952,0.362584551031496,0.252930205582341,0.937625661342733,2.25710516135303
1.20515873015873,0.362569385243363,0.252974367517938,0.937177247139119,2.25740081344589
1.20525793650794,0.362554188933542,0.253018505521464,0.936729047410421,2.25769641404003
1.20535714285714,0.36253896214148,0.253062619595557,0.936281062055544,2.2579919631439
1.20545634920635,0.362523704906628,0.253106709742846,0.935833290973433,2.25828746076592
1.20555555555556,0.362508417268441,0.253150775965952,0.935385734063068,2.25858290691451
1.20565476190476,0.362493099266377,0.253194818267488,0.934938391223471,2.25887830159808
1.20575396825397,0.362477750939897,0.253238836650059,0.934491262353703,2.25917364482502
1.20585317460317,0.362462372328467,0.253282831116259,0.934044347352858,2.25946893660372
1.20595238095238,0.362446963471555,0.253326801668677,0.933597646120074,2.25976417694255
1.20605158730159,0.362431524408633,0.253370748309891,0.933151158554524,2.26005936584989
1.20615079365079,0.362416055179177,0.25341467104247,0.932704884555421,2.26035450333408
1.20625,0.362400555822665,0.253458569868978,0.932258824022016,2.26064958940348
1.20634920634921,0.362385026378581,0.253502444791968,0.931812976853598,2.2609446240664
1.20644841269841,0.362369466886409,0.253546295813984,0.931367342949495,2.26123960733119
1.20654761904762,0.36235387738564,0.253590122937563,0.930921922209072,2.26153453920616
1.20664682539683,0.362338257915766,0.253633926165233,0.930476714531733,2.2618294196996
1.20674603174603,0.362322608516284,0.253677705499513,0.930031719816922,2.26212424881981
1.20684523809524,0.362306929226694,0.253721460942915,0.92958693796412,2.26241902657507
1.20694444444444,0.362291220086499,0.253765192497941,0.929142368872846,2.26271375297367
1.20704365079365,0.362275481135206,0.253808900167086,0.928698012442656,2.26300842802385
1.20714285714286,0.362259712412326,0.253852583952835,0.928253868573148,2.26330305173388
1.20724206349206,0.362243913957371,0.253896243857666,0.927809937163956,2.26359762411199
1.20734126984127,0.36222808580986,0.253939879884046,0.927366218114753,2.26389214516642
1.20744047619048,0.362212228009314,0.253983492034437,0.92692271132525,2.26418661490539
1.20753968253968,0.362196340595256,0.254027080311291,0.926479416695195,2.2644810333371
1.20763888888889,0.362180423607214,0.254070644717051,0.926036334124379,2.26477540046977
1.2077380952381,0.362164477084721,0.254114185254151,0.925593463512625,2.26506971631157
1.2078373015873,0.36214850106731,0.254157701925018,0.9251508047598,2.2653639808707
1.20793650793651,0.362132495594519,0.254201194732071,0.924708357765805,2.26565819415532
1.20803571428571,0.362116460705891,0.254244663677719,0.924266122430583,2.26595235617359
1.20813492063492,0.362100396440971,0.254288108764362,0.923824098654113,2.26624646693366
1.20823412698413,0.362084302839307,0.254331529994395,0.923382286336412,2.26654052644367
1.20833333333333,0.362068179940452,0.2543749273702,0.922940685377538,2.26683453471176
1.20843253968254,0.362052027783962,0.254418300894153,0.922499295677586,2.26712849174602
1.20853174603175,0.362035846409394,0.254461650568623,0.922058117136686,2.26742239755459
1.20863095238095,0.362019635856313,0.254504976395967,0.921617149655013,2.26771625214555
1.20873015873016,0.362003396164284,0.254548278378535,0.921176393132775,2.26801005552699
1.20882936507937,0.361987127372877,0.254591556518671,0.92073584747022,2.26830380770699
1.20892857142857,0.361970829521665,0.254634810818707,0.920295512567636,2.26859750869361
1.20902777777778,0.361954502650224,0.254678041280968,0.919855388325346,2.26889115849492
1.20912698412698,0.361938146798135,0.25472124790777,0.919415474643715,2.26918475711896
1.20922619047619,0.361921762004982,0.254764430701423,0.918975771423143,2.26947830457377
1.2093253968254,0.36190534831035,0.254807589664224,0.918536278564072,2.26977180086737
1.2094246031746,0.361888905753832,0.254850724798466,0.918096995966977,2.27006524600778
1.20952380952381,0.36187243437502,0.254893836106431,0.917657923532379,2.270358640003
1.20962301587302,0.361855934213513,0.254936923590393,0.917219061160829,2.27065198286103
1.20972222222222,0.361839405308911,0.254979987252618,0.916780408752923,2.27094527458986
1.20982142857143,0.361822847700819,0.255023027095363,0.916341966209292,2.27123851519746
1.20992063492063,0.361806261428844,0.255066043120877,0.915903733430606,2.27153170469178
1.21001984126984,0.361789646532599,0.2551090353314,0.915465710317573,2.2718248430808
1.21011904761905,0.361773003051698,0.255152003729165,0.91502789677094,2.27211793037245
1.21021825396825,0.36175633102576,0.255194948316394,0.914590292691493,2.27241096657466
1.21031746031746,0.361739630494407,0.255237869095303,0.914152897980055,2.27270395169536
1.21041666666667,0.361722901497263,0.255280766068098,0.913715712537488,2.27299688574247
1.21051587301587,0.361706144073958,0.255323639236977,0.913278736264692,2.27328976872387
1.21061507936508,0.361689358264124,0.25536648860413,0.912841969062607,2.27358260064748
1.21071428571429,0.361672544107398,0.255409314171737,0.912405410832207,2.27387538152116
1.21081349206349,0.361655701643417,0.255452115941972,0.911969061474511,2.27416811135279
1.2109126984127,0.361638830911826,0.255494893916999,0.911532920890569,2.27446079015023
1.2110119047619,0.361621931952271,0.255537648098973,0.911096988981476,2.27475341792133
1.21111111111111,0.361605004804401,0.255580378490041,0.910661265648361,2.27504599467394
1.21121031746032,0.361588049507869,0.255623085092343,0.910225750792393,2.27533852041589
1.21130952380952,0.361571066102333,0.255665767908009,0.90979044431478,2.27563099515499
1.21140873015873,0.361554054627452,0.255708426939161,0.909355346116766,2.27592341889905
1.21150793650794,0.361537015122891,0.255751062187911,0.908920456099635,2.27621579165588
1.21160714285714,0.361519947628317,0.255793673656366,0.90848577416471,2.27650811343326
1.21170634920635,0.3615028521834,0.255836261346621,0.908051300213352,2.27680038423898
1.21180555555556,0.361485728827814,0.255878825260765,0.907617034146959,2.2770926040808
1.21190476190476,0.361468577601238,0.255921365400877,0.907182975866969,2.27738477296648
1.21200396825397,0.361451398543352,0.255963881769028,0.906749125274856,2.27767689090377
1.21210317460317,0.361434191693841,0.256006374367281,0.906315482272137,2.27796895790041
1.21220238095238,0.361416957092393,0.256048843197691,0.905882046760361,2.27826097396412
1.21230158730159,0.3613996947787,0.256091288262302,0.905448818641121,2.27855293910263
1.21240079365079,0.361382404792457,0.256133709563153,0.905015797816044,2.27884485332364
1.2125,0.361365087173363,0.256176107102271,0.904582984186801,2.27913671663484
1.21259920634921,0.361347741961119,0.256218480881678,0.904150377655094,2.27942852904393
1.21269841269841,0.361330369195432,0.256260830903385,0.903717978122668,2.27972029055858
1.21279761904762,0.36131296891601,0.256303157169396,0.903285785491308,2.28001200118646
1.21289682539683,0.361295541162565,0.256345459681705,0.902853799662833,2.28030366093522
1.21299603174603,0.361278085974815,0.256387738442299,0.902422020539101,2.2805952698125
1.21309523809524,0.361260603392477,0.256429993453157,0.901990448022011,2.28088682782595
1.21319444444444,0.361243093455277,0.256472224716247,0.9015590820135,2.28117833498319
1.21329365079365,0.361225556202939,0.256514432233531,0.901127922415541,2.28146979129183
1.21339285714286,0.361207991675194,0.256556616006962,0.900696969130146,2.28176119675948
1.21349206349206,0.361190399911775,0.256598776038483,0.900266222059367,2.28205255139373
1.21359126984127,0.36117278095242,0.256640912330031,0.899835681105294,2.28234385520217
1.21369047619048,0.361155134836868,0.256683024883533,0.899405346170053,2.28263510819236
1.21378968253968,0.361137461604864,0.256725113700907,0.898975217155812,2.28292631037187
1.21388888888889,0.361119761296154,0.256767178784064,0.898545293964774,2.28321746174826
1.2139880952381,0.361102033950491,0.256809220134906,0.898115576499183,2.28350856232907
1.2140873015873,0.361084279607628,0.256851237755326,0.897686064661318,2.28379961212183
1.21418650793651,0.361066498307323,0.256893231647209,0.897256758353501,2.28409061113406
1.21428571428571,0.361048690089338,0.256935201812432,0.896827657478089,2.28438155937327
1.21438492063492,0.361030854993437,0.256977148252863,0.896398761937479,2.28467245684697
1.21448412698413,0.361012993059389,0.257019070970361,0.895970071634103,2.28496330356265
1.21458333333333,0.360995104326965,0.257060969966778,0.895541586470437,2.28525409952778
1.21468253968254,0.360977188835941,0.257102845243956,0.895113306348991,2.28554484474985
1.21478174603175,0.360959246626095,0.257144696803729,0.894685231172314,2.2858355392363
1.21488095238095,0.36094127773721,0.257186524647923,0.894257360842995,2.28612618299459
1.21498015873016,0.360923282209072,0.257228328778356,0.89382969526366,2.28641677603216
1.21507936507936,0.36090526008147,0.257270109196836,0.893402234336975,2.28670731835643
1.21517857142857,0.360887211394196,0.257311865905163,0.892974977965641,2.28699780997484
1.21527777777778,0.360869136187047,0.25735359890513,0.892547926052402,2.28728825089478
1.21537698412698,0.360851034499822,0.25739530819852,0.892121078500035,2.28757864112366
1.21547619047619,0.360832906372325,0.257436993787108,0.89169443521136,2.28786898066886
1.2155753968254,0.360814751844362,0.25747865567266,0.891267996089233,2.28815926953776
1.2156746031746,0.360796570955743,0.257520293856935,0.890841761036549,2.28844950773773
1.21577380952381,0.360778363746283,0.257561908341681,0.890415729956242,2.28873969527613
1.21587301587302,0.360760130255797,0.257603499128641,0.889989902751283,2.2890298321603
1.21597222222222,0.360741870524108,0.257645066219547,0.889564279324681,2.28931991839759
1.21607142857143,0.360723584591038,0.257686609616122,0.889138859579486,2.28960995399531
1.21617063492063,0.360705272496416,0.257728129320084,0.888713643418784,2.28989993896079
1.21626984126984,0.360686934280072,0.257769625333138,0.8882886307457,2.29018987330132
1.21636904761905,0.360668569981842,0.257811097656985,0.887863821463397,2.29047975702422
1.21646825396825,0.360650179641563,0.257852546293314,0.887439215475078,2.29076959013675
1.21656746031746,0.360631763299076,0.257893971243807,0.887014812683982,2.29105937264621
1.21666666666667,0.360613320994227,0.257935372510137,0.886590612993388,2.29134910455984
1.21676587301587,0.360594852766864,0.25797675009397,0.886166616306613,2.29163878588491
1.21686507936508,0.360576358656839,0.258018103996963,0.885742822527011,2.29192841662867
1.21696428571429,0.360557838704008,0.258059434220762,0.885319231557978,2.29221799679833
1.21706349206349,0.360539292948229,0.258100740767009,0.884895843302943,2.29250752640114
1.2171626984127,0.360520721429365,0.258142023637333,0.884472657665378,2.2927970054443
1.2172619047619,0.360502124187283,0.258183282833358,0.884049674548792,2.29308643393502
1.21736111111111,0.360483501261851,0.258224518356697,0.883626893856732,2.29337581188049
1.21746031746032,0.360464852692941,0.258265730208957,0.883204315492782,2.29366513928788
1.21755952380952,0.360446178520432,0.258306918391735,0.882781939360566,2.29395441616438
1.21765873015873,0.360427478784202,0.25834808290662,0.882359765363748,2.29424364251715
1.21775793650794,0.360408753524135,0.258389223755192,0.881937793406026,2.29453281835334
1.21785714285714,0.360390002780118,0.258430340939022,0.88151602339114,2.29482194368008
1.21795634920635,0.36037122659204,0.258471434459676,0.881094455222867,2.29511101850452
1.21805555555556,0.360352424999797,0.258512504318706,0.880673088805023,2.29540004283377
1.21815476190476,0.360333598043285,0.25855355051766,0.880251924041461,2.29568901667494
1.21825396825397,0.360314745762404,0.258594573058077,0.879830960836074,2.29597794003513
1.21835317460317,0.36029586819706,0.258635571941485,0.879410199092792,2.29626681292143
1.21845238095238,0.36027696538716,0.258676547169405,0.878989638715585,2.29655563534093
1.21855158730159,0.360258037372615,0.258717498743352,0.878569279608458,2.2968444073007
1.21865079365079,0.36023908419334,0.258758426664827,0.878149121675459,2.29713312880778
1.21875,0.360220105889253,0.258799330935328,0.877729164820671,2.29742179986923
1.21884920634921,0.360201102500276,0.258840211556342,0.877309408948217,2.2977104204921
1.21894841269841,0.360182074066334,0.258881068529347,0.876889853962257,2.2979989906834
1.21904761904762,0.360163020627355,0.258921901855815,0.87647049976699,2.29828751045015
1.21914682539683,0.360143942223273,0.258962711537206,0.876051346266655,2.29857597979937
1.21924603174603,0.360124838894022,0.259003497574974,0.875632393365526,2.29886439873806
1.21934523809524,0.360105710679542,0.259044259970564,0.875213640967919,2.29915276727319
1.21944444444444,0.360086557619775,0.259084998725413,0.874795088978184,2.29944108541174
1.21954365079365,0.360067379754667,0.259125713840949,0.874376737300714,2.29972935316069
1.21964285714286,0.360048177124169,0.259166405318592,0.873958585839938,2.30001757052699
1.21974206349206,0.360028949768232,0.259207073159752,0.873540634500323,2.30030573751758
1.21984126984127,0.360009697726814,0.259247717365832,0.873122883186375,2.3005938541394
1.21994047619048,0.359990421039875,0.259288337938227,0.872705331802639,2.30088192039938
1.22003968253968,0.359971119747378,0.259328934878322,0.872287980253696,2.30116993630443
1.22013888888889,0.35995179388929,0.259369508187495,0.871870828444169,2.30145790186145
1.2202380952381,0.359932443505581,0.259410057867114,0.871453876278717,2.30174581707735
1.2203373015873,0.359913068636227,0.259450583918539,0.871037123662038,2.302033681959
1.22043650793651,0.359893669321204,0.259491086343124,0.870620570498866,2.30232149651329
1.22053571428571,0.359874245600492,0.259531565142211,0.870204216693978,2.30260926074706
1.22063492063492,0.359854797514078,0.259572020317134,0.869788062152186,2.30289697466718
1.22073412698413,0.359835325101948,0.259612451869222,0.869372106778341,2.3031846382805
1.22083333333333,0.359815828404093,0.259652859799791,0.868956350477333,2.30347225159383
1.22093253968254,0.35979630746051,0.259693244110152,0.868540793154089,2.30375981461401
1.22103174603175,0.359776762311196,0.259733604801605,0.868125434713577,2.30404732734785
1.22113095238095,0.359757192996153,0.259773941875443,0.867710275060799,2.30433478980216
1.22123015873016,0.359737599555387,0.259814255332951,0.867295314100801,2.30462220198371
1.22132936507937,0.359717982028905,0.259854545175403,0.866880551738662,2.3049095638993
1.22142857142857,0.359698340456722,0.259894811404069,0.866465987879503,2.30519687555569
1.22152777777778,0.359678674878852,0.259935054020206,0.866051622428481,2.30548413695965
1.22162698412698,0.359658985335315,0.259975273025064,0.865637455290793,2.30577134811792
1.22172619047619,0.359639271866133,0.260015468419886,0.865223486371675,2.30605850903725
1.2218253968254,0.359619534511333,0.260055640205905,0.864809715576398,2.30634561972437
1.2219246031746,0.359599773310945,0.260095788384346,0.864396142810275,2.306632680186
1.22202380952381,0.359579988305002,0.260135912956426,0.863982767978655,2.30691969042884
1.22212301587302,0.35956017953354,0.260176013923353,0.863569590986927,2.3072066504596
1.22222222222222,0.359540347036601,0.260216091286326,0.863156611740517,2.30749356028497
1.22232142857143,0.359520490854226,0.260256145046536,0.862743830144891,2.30778041991162
1.22242063492064,0.359500611026465,0.260296175205167,0.86233124610555,2.30806722934622
1.22251984126984,0.359480707593367,0.260336181763392,0.861918859528039,2.30835398859543
1.22261904761905,0.359460780594987,0.260376164722377,0.861506670317934,2.3086406976659
1.22271825396825,0.359440830071382,0.26041612408328,0.861094678380857,2.30892735656426
1.22281746031746,0.359420856062613,0.260456059847249,0.860682883622463,2.30921396529715
1.22291666666667,0.359400858608745,0.260495972015425,0.860271285948447,2.30950052387118
1.22301587301587,0.359380837749847,0.26053586058894,0.859859885264543,2.30978703229295
1.22311507936508,0.359360793525989,0.260575725568916,0.859448681476522,2.31007349056907
1.22321428571429,0.359340725977247,0.26061556695647,0.859037674490195,2.31035989870612
1.22331349206349,0.359320635143699,0.260655384752707,0.858626864211411,2.31064625671067
1.2234126984127,0.359300521065428,0.260695178958727,0.858216250546055,2.31093256458929
1.2235119047619,0.359280383782518,0.260734949575617,0.857805833400054,2.31121882234854
1.22361111111111,0.35926022333506,0.26077469660446,0.857395612679372,2.31150502999496
1.22371031746032,0.359240039763145,0.260814420046329,0.856985588290008,2.31179118753508
1.22380952380952,0.35921983310687,0.260854119902286,0.856575760138006,2.31207729497543
1.22390873015873,0.359199603406334,0.260893796173389,0.856166128129442,2.31236335232253
1.22400793650794,0.35917935070164,0.260933448860685,0.855756692170435,2.31264935958288
1.22410714285714,0.359159075032894,0.260973077965212,0.855347452167138,2.31293531676297
1.22420634920635,0.359138776440206,0.261012683488001,0.854938408025748,2.31322122386928
1.22430555555556,0.35911845496369,0.261052265430073,0.854529559652494,2.31350708090829
1.22440476190476,0.359098110643463,0.261091823792443,0.854120906953648,2.31379288788646
1.22450396825397,0.359077743519645,0.261131358576115,0.853712449835518,2.31407864481024
1.22460317460317,0.35905735363236,0.261170869782086,0.853304188204452,2.31436435168608
1.22470238095238,0.359036941021736,0.261210357411343,0.852896121966836,2.31465000852041
1.22480158730159,0.359016505727903,0.261249821464867,0.852488251029094,2.31493561531964
1.22490079365079,0.358996047790995,0.261289261943629,0.852080575297686,2.31522117209019
1.225,0.35897556725115,0.261328678848591,0.851673094679114,2.31550667883847
1.22509920634921,0.358955064148511,0.261368072180708,0.851265809079918,2.31579213557085
1.22519841269841,0.35893453852322,0.261407441940925,0.850858718406674,2.31607754229373
1.22529761904762,0.358913990415428,0.261446788130179,0.850451822565998,2.31636289901347
1.22539682539683,0.358893419865285,0.261486110749401,0.850045121464545,2.31664820573643
1.22549603174603,0.358872826912947,0.261525409799509,0.849638615009006,2.31693346246896
1.22559523809524,0.358852211598573,0.261564685281416,0.849232303106113,2.31721866921741
1.22569444444444,0.358831573962324,0.261603937196025,0.848826185662634,2.31750382598809
1.22579365079365,0.358810914044367,0.261643165544232,0.848420262585377,2.31778893278733
1.22589285714286,0.358790231884871,0.261682370326922,0.848014533781188,2.31807398962144
1.22599206349206,0.358769527524008,0.261721551544975,0.847608999156951,2.31835899649671
1.22609126984127,0.358748801001954,0.261760709199259,0.847203658619588,2.31864395341943
1.22619047619048,0.35872805235889,0.261799843290636,0.846798512076062,2.31892886039589
1.22628968253968,0.358707281634998,0.261838953819959,0.846393559433371,2.31921371743234
1.22638888888889,0.358686488870465,0.261878040788071,0.845988800598551,2.31949852453505
1.2264880952381,0.358665674105482,0.261917104195809,0.84558423547868,2.31978328171026
1.2265873015873,0.358644837380241,0.261956144043999,0.845179863980873,2.3200679889642
1.22668650793651,0.35862397873494,0.261995160333462,0.84477568601228,2.32035264630311
1.22678571428571,0.358603098209779,0.262034153065006,0.844371701480095,2.3206372537332
1.22688492063492,0.358582195844963,0.262073122239435,0.843967910291546,2.32092181126068
1.22698412698413,0.358561271680699,0.262112067857541,0.843564312353901,2.32120631889173
1.22708333333333,0.358540325757198,0.26215098992011,0.843160907574465,2.32149077663256
1.22718253968254,0.358519358114674,0.262189888427917,0.842757695860585,2.32177518448932
1.22728174603175,0.358498368793346,0.262228763381733,0.842354677119641,2.32205954246818
1.22738095238095,0.358477357833435,0.262267614782314,0.841951851259057,2.32234385057531
1.22748015873016,0.358456325275167,0.262306442630414,0.84154921818629,2.32262810881684
1.22757936507937,0.358435271158768,0.262345246926775,0.84114677780884,2.3229123171989
1.22767857142857,0.358414195524472,0.262384027672131,0.840744530034243,2.32319647572762
1.22777777777778,0.358393098412514,0.262422784867207,0.840342474770073,2.32348058440912
1.22787698412698,0.358371979863133,0.262461518512721,0.839940611923943,2.32376464324949
1.22797619047619,0.358350839916571,0.262500228609383,0.839538941403505,2.32404865225483
1.2280753968254,0.358329678613074,0.262538915157892,0.839137463116448,2.32433261143121
1.2281746031746,0.358308495992892,0.26257757815894,0.8387361769705,2.32461652078472
1.22827380952381,0.358287292096277,0.262616217613211,0.838335082873429,2.32490038032142
1.22837301587302,0.358266066963486,0.26265483352138,0.837934180733038,2.32518419004734
1.22847222222222,0.358244820634778,0.262693425884113,0.837533470457172,2.32546794996855
1.22857142857143,0.358223553150417,0.262731994702068,0.83713295195371,2.32575166009106
1.22867063492063,0.35820226455067,0.262770539975896,0.836732625130575,2.32603532042089
1.22876984126984,0.358180954875807,0.262809061706237,0.836332489895722,2.32631893096406
1.22886904761905,0.358159624166102,0.262847559893724,0.83593254615715,2.32660249172657
1.22896825396825,0.358138272461831,0.262886034538982,0.835532793822893,2.32688600271441
1.22906746031746,0.358116899803276,0.262924485642625,0.835133232801024,2.32716946393355
1.22916666666667,0.358095506230722,0.262962913205262,0.834733862999657,2.32745287538996
1.22926587301587,0.358074091784455,0.263001317227491,0.834334684326939,2.32773623708961
1.22936507936508,0.358052656504767,0.263039697709903,0.83393569669106,2.32801954903844
1.22946428571429,0.358031200431953,0.263078054653079,0.833536900000245,2.32830281124239
1.22956349206349,0.35800972360631,0.263116388057594,0.833138294162763,2.32858602370738
1.2296626984127,0.357988226068141,0.263154697924011,0.832739879086913,2.32886918643935
1.2297619047619,0.357966707857751,0.263192984252889,0.83234165468104,2.32915229944418
1.22986111111111,0.357945169015448,0.263231247044774,0.831943620853523,2.32943536272778
1.22996031746032,0.357923609581544,0.263269486300207,0.83154577751278,2.32971837629604
1.23005952380952,0.357902029596355,0.263307702019718,0.831148124567269,2.33000134015484
1.23015873015873,0.357880429100201,0.263345894203831,0.830750661925485,2.33028425431003
1.23025793650794,0.357858808133403,0.263384062853059,0.830353389495961,2.33056711876747
1.23035714285714,0.357837166736288,0.263422207967909,0.82995630718727,2.33084993353302
1.23045634920635,0.357815504949185,0.263460329548877,0.829559414908021,2.3311326986125
1.23055555555556,0.357793822812428,0.263498427596453,0.829162712566864,2.33141541401174
1.23065476190476,0.357772120366352,0.263536502111118,0.828766200072486,2.33169807973656
1.23075396825397,0.357750397651299,0.263574553093342,0.828369877333612,2.33198069579275
1.23085317460317,0.35772865470761,0.263612580543589,0.827973744259005,2.33226326218612
1.23095238095238,0.357706891575634,0.263650584462316,0.827577800757468,2.33254577892245
1.23105158730159,0.357685108295722,0.263688564849967,0.827182046737842,2.33282824600751
1.23115079365079,0.357663304908225,0.263726521706982,0.826786482109004,2.33311066344706
1.23125,0.357641481453503,0.263764455033789,0.826391106779874,2.33339303124686
1.23134920634921,0.357619637971917,0.26380236483081,0.825995920659406,2.33367534941265
1.23144841269841,0.35759777450383,0.263840251098459,0.825600923656593,2.33395761795016
1.23154761904762,0.35757589108961,0.263878113837138,0.825206115680469,2.33423983686512
1.23164682539683,0.357553987769629,0.263915953047244,0.824811496640104,2.33452200616324
1.23174603174603,0.357532064584262,0.263953768729164,0.824417066444607,2.33480412585021
1.23184523809524,0.357510121573888,0.263991560883278,0.824022825003125,2.33508619593173
1.23194444444444,0.357488158778887,0.264029329509954,0.823628772224844,2.33536821641348
1.23204365079365,0.357466176239645,0.264067074609557,0.823234908018988,2.33565018730114
1.23214285714286,0.357444173996552,0.264104796182438,0.822841232294821,2.33593210860035
1.23224206349206,0.357422152089999,0.264142494228943,0.822447744961642,2.33621398031678
1.23234126984127,0.357400110560382,0.264180168749409,0.82205444592879,2.33649580245606
1.23244047619048,0.3573780494481,0.264217819744163,0.821661335105642,2.33677757502382
1.23253968253968,0.357355968793557,0.264255447213526,0.821268412401617,2.33705929802568
1.23263888888889,0.357333868637158,0.264293051157808,0.820875677726166,2.33734097146725
1.2327380952381,0.357311749019314,0.264330631577312,0.820483130988784,2.33762259535412
1.2328373015873,0.357289609980437,0.264368188472333,0.820090772099,2.3379041696919
1.23293650793651,0.357267451560944,0.264405721843157,0.819698600966384,2.33818569448615
1.23303571428571,0.357245273801255,0.26444323169006,0.819306617500544,2.33846716974244
1.23313492063492,0.357223076741795,0.264480718013311,0.818914821611126,2.33874859546633
1.23323412698413,0.357200860422989,0.264518180813171,0.818523213207814,2.33902997166337
1.23333333333333,0.357178624885269,0.264555620089893,0.818131792200331,2.33931129833909
1.23343253968254,0.35715637016907,0.264593035843719,0.817740558498438,2.33959257549903
1.23353174603175,0.357134096314827,0.264630428074884,0.817349512011934,2.33987380314869
1.23363095238095,0.357111803362984,0.264667796783615,0.816958652650658,2.34015498129359
1.23373015873016,0.357089491353984,0.264705141970131,0.816567980324486,2.34043610993921
1.23382936507937,0.357067160328275,0.26474246363464,0.816177494943331,2.34071718909105
1.23392857142857,0.357044810326308,0.264779761777345,0.815787196417148,2.34099821875459
1.23402777777778,0.35702244138854,0.264817036398437,0.815397084655927,2.34127919893527
1.23412698412698,0.357000053555429,0.264854287498101,0.815007159569697,2.34156012963857
1.23422619047619,0.356977646867435,0.264891515076513,0.814617421068528,2.34184101086992
1.2343253968254,0.356955221365026,0.26492871913384,0.814227869062525,2.34212184263477
1.2344246031746,0.35693277708867,0.264965899670241,0.813838503461833,2.34240262493852
1.23452380952381,0.356910314078839,0.265003056685867,0.813449324176634,2.3426833577866
1.23462301587302,0.35688783237601,0.26504019018086,0.813060331117151,2.34296404118441
1.23472222222222,0.356865332020661,0.265077300155352,0.812671524193643,2.34324467513734
1.23482142857143,0.356842813053277,0.265114386609469,0.812282903316409,2.34352525965078
1.23492063492063,0.356820275514342,0.265151449543328,0.811894468395783,2.3438057947301
1.23501984126984,0.356797719444348,0.265188488957037,0.811506219342143,2.34408628038065
1.23511904761905,0.356775144883787,0.265225504850695,0.811118156065901,2.3443667166078
1.23521825396825,0.356752551873157,0.265262497224394,0.810730278477508,2.34464710341688
1.23531746031746,0.356729940452957,0.265299466078216,0.810342586487454,2.34492744081322
1.23541666666667,0.356707310663692,0.265336411412236,0.809955080006267,2.34520772880215
1.23551587301587,0.35668466254587,0.265373333226519,0.809567758944516,2.34548796738898
1.23561507936508,0.356661996139999,0.265410231521123,0.809180623212802,2.34576815657901
1.23571428571429,0.356639311486596,0.265447106296096,0.808793672721773,2.34604829637752
1.23581349206349,0.356616608626178,0.26548395755148,0.808406907382106,2.3463283867898
1.2359126984127,0.356593887599266,0.265520785287306,0.808020327104525,2.34660842782111
1.2360119047619,0.356571148446385,0.265557589503598,0.807633931799786,2.34688841947672
1.23611111111111,0.356548391208063,0.26559437020037,0.807247721378687,2.34716836176187
1.23621031746032,0.356525615924832,0.265631127377629,0.806861695752062,2.34744825468181
1.23630952380952,0.356502822637228,0.265667861035374,0.806475854830787,2.34772809824176
1.23640873015873,0.356480011385788,0.265704571173594,0.80609019852577,2.34800789244694
1.23650793650794,0.356457182211055,0.26574125779227,0.805704726747964,2.34828763730256
1.23660714285714,0.356434335153575,0.265777920891375,0.805319439408358,2.34856733281382
1.23670634920635,0.356411470253897,0.265814560470873,0.804934336417977,2.34884697898589
1.23680555555556,0.356388587552573,0.265851176530721,0.804549417687887,2.34912657582397
1.23690476190476,0.356365687090161,0.265887769070865,0.804164683129192,2.34940612333321
1.23700396825397,0.356342768907218,0.265924338091244,0.803780132653034,2.34968562151878
1.23710317460317,0.356319833044309,0.265960883591789,0.803395766170594,2.34996507038581
1.23720238095238,0.356296879542,0.265997405572422,0.803011583593089,2.35024446993945
1.23730158730159,0.356273908440861,0.266033904033056,0.802627584831777,2.35052382018482
1.23740079365079,0.356250919781466,0.266070378973596,0.802243769797955,2.35080312112704
1.2375,0.356227913604392,0.26610683039394,0.801860138402954,2.35108237277121
1.23759920634921,0.356204889950219,0.266143258293974,0.801476690558148,2.35136157512242
1.23769841269841,0.356181848859531,0.266179662673579,0.801093426174946,2.35164072818576
1.23779761904762,0.356158790372916,0.266216043532626,0.800710345164799,2.35191983196631
1.23789682539683,0.356135714530965,0.266252400870978,0.800327447439193,2.35219888646912
1.23799603174603,0.356112621374272,0.266288734688489,0.799944732909654,2.35247789169926
1.23809523809524,0.356089510943436,0.266325044985005,0.799562201487745,2.35275684766176
1.23819444444444,0.356066383279057,0.266361331760363,0.79917985308507,2.35303575436166
1.23829365079365,0.356043238421741,0.266397595014392,0.798797687613269,2.35331461180398
1.23839285714286,0.356020076412096,0.266433834746912,0.79841570498402,2.35359341999374
1.23849206349206,0.355996897290734,0.266470050957736,0.798033905109041,2.35387217893593
1.23859126984127,0.355973701098271,0.266506243646667,0.797652287900088,2.35415088863554
1.23869047619048,0.355950487875325,0.2665424128135,0.797270853268957,2.35442954909757
1.23878968253968,0.355927257662518,0.266578558458022,0.796889601127476,2.35470816032698
1.23888888888889,0.355904010500478,0.26661468058001,0.79650853138752,2.35498672232872
1.2389880952381,0.355880746429832,0.266650779179235,0.796127643960996,2.35526523510776
1.2390873015873,0.355857465491214,0.266686854255458,0.795746938759853,2.35554369866903
1.23918650793651,0.355834167725259,0.266722905808431,0.795366415696075,2.35582211301746
1.23928571428571,0.355810853172609,0.266758933837899,0.794986074681688,2.35610047815798
1.23938492063492,0.355787521873906,0.266794938343598,0.794605915628753,2.35637879409549
1.23948412698413,0.355764173869797,0.266830919325254,0.794225938449373,2.35665706083489
1.23958333333333,0.355740809200932,0.266866876782588,0.793846143055686,2.35693527838106
1.23968253968254,0.355717427907965,0.266902810715309,0.79346652935987,2.3572134467389
1.23978174603175,0.355694030031553,0.266938721123119,0.793087097274141,2.35749156591327
1.23988095238095,0.355670615612357,0.266974608005711,0.792707846710753,2.35776963590902
1.23998015873016,0.355647184691041,0.267010471362772,0.792328777582,2.358047656731
1.24007936507937,0.355623737308273,0.267046311193977,0.791949889800212,2.35832562838406
1.24017857142857,0.355600273504724,0.267082127498995,0.791571183277759,2.35860355087301
1.24027777777778,0.355576793321068,0.267117920277485,0.791192657927049,2.35888142420268
1.24037698412698,0.355553296797984,0.267153689529099,0.790814313660528,2.35915924837787
1.24047619047619,0.355529783976153,0.267189435253479,0.79043615039068,2.35943702340338
1.2405753968254,0.355506254896261,0.267225157450259,0.790058168030029,2.359714749284
1.2406746031746,0.355482709598997,0.267260856119066,0.789680366491135,2.35999242602449
1.24077380952381,0.355459148125051,0.267296531259517,0.7893027456866,2.36027005362963
1.24087301587302,0.35543557051512,0.267332182871221,0.788925305529059,2.36054763210417
1.24097222222222,0.355411976809903,0.267367810953777,0.78854804593119,2.36082516145286
1.24107142857143,0.355388367050102,0.267403415506779,0.788170966805708,2.36110264168043
1.24117063492063,0.355364741276424,0.267438996529809,0.787794068065365,2.36138007279161
1.24126984126984,0.355341099529578,0.267474554022444,0.787417349622953,2.36165745479111
1.24136904761905,0.355317441850276,0.267510087984248,0.787040811391302,2.36193478768362
1.24146825396825,0.355293768279236,0.267545598414781,0.786664453283281,2.36221207147386
1.24156746031746,0.355270078857178,0.267581085313593,0.786288275211794,2.3624893061665
1.24166666666667,0.355246373624824,0.267616548680223,0.785912277089789,2.36276649176621
1.24176587301587,0.355222652622903,0.267651988514206,0.785536458830246,2.36304362827766
1.24186507936508,0.355198915892143,0.267687404815065,0.78516082034619,2.36332071570549
1.24196428571429,0.35517516347328,0.267722797582317,0.784785361550677,2.36359775405436
1.24206349206349,0.35515139540705,0.267758166815468,0.78441008235681,2.36387474332889
1.2421626984127,0.355127611734195,0.267793512514018,0.784034982677721,2.36415168353371
1.2422619047619,0.355103812495459,0.267828834677457,0.783660062426589,2.36442857467342
1.24236111111111,0.355079997731589,0.267864133305267,0.783285321516624,2.36470541675262
1.24246031746032,0.355056167483338,0.267899408396922,0.78291075986108,2.36498220977592
1.24255952380952,0.355032321791459,0.267934659951886,0.782536377373246,2.36525895374788
1.24265873015873,0.355008460696712,0.267969887969617,0.782162173966452,2.36553564867308
1.24275793650794,0.354984584239858,0.268005092449562,0.781788149554063,2.36581229455608
1.24285714285714,0.354960692461662,0.268040273391161,0.781414304049484,2.36608889140143
1.24295634920635,0.354936785402894,0.268075430793846,0.781040637366161,2.36636543921366
1.24305555555556,0.354912863104325,0.268110564657038,0.780667149417574,2.36664193799731
1.24315476190476,0.354888925606731,0.268145674980153,0.780293840117243,2.36691838775689
1.24325396825397,0.354864972950891,0.268180761762597,0.779920709378727,2.36719478849692
1.24335317460317,0.354841005177588,0.268215825003766,0.779547757115624,2.36747114022189
1.24345238095238,0.354817022327609,0.268250864703049,0.779174983241569,2.36774744293629
1.24355158730159,0.354793024441743,0.268285880859828,0.778802387670234,2.36802369664459
1.24365079365079,0.354769011560783,0.268320873473473,0.778429970315333,2.36829990135127
1.24375,0.354744983725526,0.268355842543349,0.778057731090615,2.36857605706078
1.24384920634921,0.354720940976772,0.268390788068811,0.77768566990987,2.36885216377757
1.24394841269841,0.354696883355325,0.268425710049205,0.777313786686924,2.36912822150607
1.24404761904762,0.354672810901992,0.26846060848387,0.776942081335644,2.36940423025071
1.24414682539683,0.354648723657583,0.268495483372134,0.776570553769932,2.36968019001591
1.24424603174603,0.354624621662912,0.268530334713321,0.776199203903731,2.36995610080607
1.24434523809524,0.354600504958798,0.268565162506741,0.775828031651022,2.37023196262559
1.24444444444444,0.354576373586061,0.268599966751699,0.775457036925824,2.37050777547885
1.24454365079365,0.354552227585525,0.268634747447492,0.775086219642193,2.37078353937023
1.24464285714286,0.35452806699802,0.268669504593406,0.774715579714227,2.37105925430409
1.24474206349206,0.354503891864375,0.268704238188722,0.774345117056057,2.37133492028478
1.24484126984127,0.354479702225427,0.268738948232708,0.773974831581857,2.37161053731666
1.24494047619048,0.354455498122014,0.268773634724627,0.773604723205838,2.37188610540405
1.24503968253968,0.354431279594978,0.268808297663733,0.773234791842249,2.37216162455127
1.24513888888889,0.354407046685164,0.26884293704927,0.772865037405376,2.37243709476264
1.2452380952381,0.354382799433421,0.268877552880476,0.772495459809547,2.37271251604247
1.2453373015873,0.354358537880602,0.268912145156578,0.772126058969124,2.37298788839504
1.24543650793651,0.354334262067562,0.268946713876797,0.77175683479851,2.37326321182464
1.24553571428571,0.354309972035162,0.268981259040343,0.771387787212148,2.37353848633553
1.24563492063492,0.354285667824263,0.269015780646419,0.771018916124514,2.37381371193199
1.24573412698413,0.354261349475733,0.269050278694219,0.770650221450128,2.37408888861826
1.24583333333333,0.354237017030441,0.26908475318293,0.770281703103545,2.37436401639858
1.24593253968254,0.35421267052926,0.269119204111729,0.76991336099936,2.37463909527718
1.24603174603175,0.354188310013068,0.269153631479784,0.769545195052204,2.37491412525829
1.24613095238095,0.354163935522745,0.269188035286257,0.76917720517675,2.37518910634611
1.24623015873016,0.354139547099174,0.269222415530298,0.768809391287705,2.37546403854485
1.24632936507936,0.354115144783243,0.269256772211053,0.76844175329982,2.37573892185869
1.24642857142857,0.354090728615843,0.269291105327655,0.768074291127878,2.37601375629181
1.24652777777778,0.354066298637867,0.269325414879231,0.767707004686706,2.37628854184839
1.24662698412698,0.354041854890214,0.269359700864901,0.767339893891164,2.37656327853257
1.24672619047619,0.354017397413785,0.269393963283772,0.766972958656156,2.37683796634852
1.2468253968254,0.353992926249485,0.269428202134947,0.766606198896619,2.37711260530036
1.2469246031746,0.353968441438222,0.269462417417518,0.766239614527533,2.37738719539222
1.24702380952381,0.353943943020907,0.26949660913057,0.765873205463913,2.37766173662823
1.24712301587302,0.353919431038456,0.269530777273178,0.765506971620814,2.37793622901249
1.24722222222222,0.353894905531788,0.269564921844411,0.765140912913329,2.3782106725491
1.24732142857143,0.353870366541824,0.269599042843326,0.764775029256589,2.37848506724214
1.24742063492063,0.35384581410949,0.269633140268974,0.764409320565764,2.37875941309569
1.24751984126984,0.353821248275716,0.269667214120398,0.764043786756062,2.37903371011382
1.24761904761905,0.353796669081433,0.26970126439663,0.76367842774273,2.37930795830058
1.24771825396825,0.353772076567579,0.269735291096697,0.763313243441051,2.37958215766002
1.24781746031746,0.353747470775093,0.269769294219614,0.762948233766351,2.37985630819617
1.24791666666667,0.353722851744917,0.26980327376439,0.762583398633988,2.38013040991306
1.24801587301587,0.353698219517999,0.269837229730024,0.762218737959364,2.3804044628147
1.24811507936508,0.353673574135288,0.269871162115508,0.761854251657917,2.3806784669051
1.24821428571429,0.353648915637738,0.269905070919825,0.761489939645123,2.38095242218826
1.24831349206349,0.353624244066306,0.269938956141948,0.761125801836497,2.38122632866814
1.2484126984127,0.353599559461952,0.269972817780844,0.760761838147592,2.38150018634874
1.2485119047619,0.353574861865641,0.27000665583547,0.760398048494001,2.38177399523401
1.24861111111111,0.35355015131834,0.270040470304775,0.760034432791353,2.38204775532791
1.24871031746032,0.353525427861019,0.2700742611877,0.759670990955316,2.38232146663437
1.24880952380952,0.353500691534655,0.270108028483176,0.759307722901597,2.38259512915733
1.24890873015873,0.353475942380223,0.270141772190127,0.758944628545941,2.38286874290072
1.24900793650794,0.353451180438706,0.270175492307468,0.758581707804132,2.38314230786844
1.24910714285714,0.353426405751089,0.270209188834107,0.758218960591991,2.3834158240644
1.24920634920635,0.353401618358359,0.27024286176894,0.757856386825379,2.38368929149249
1.24930555555556,0.35337681830151,0.270276511110858,0.757493986420193,2.38396271015658
1.24940476190476,0.353352005621536,0.270310136858741,0.757131759292371,2.38423608006056
1.24950396825397,0.353327180359436,0.270343739011464,0.756769705357889,2.38450940120827
1.24960317460317,0.353302342556212,0.270377317567889,0.756407824532759,2.38478267360358
1.24970238095238,0.353277492252871,0.270410872526874,0.756046116733034,2.38505589725031
1.24980158730159,0.353252629490421,0.270444403887265,0.755684581874803,2.38532907215231
1.24990079365079,0.353227754309875,0.270477911647901,0.755323219874195,2.38560219831338
1.25,0.353202866752251,0.270511395807613,0.754962030647379,2.38587527573735
1.25009920634921,0.353177966858567,0.270544856365223,0.754601014110558,2.386148304428
1.25019841269841,0.353153054669846,0.270578293319544,0.754240170179976,2.38642128438912
1.25029761904762,0.353128130227116,0.270611706669381,0.753879498771916,2.3866942156245
1.25039682539683,0.353103193571406,0.270645096413532,0.753518999802699,2.3869670981379
1.25049603174603,0.353078244743751,0.270678462550784,0.753158673188682,2.38723993193308
1.25059523809524,0.353053283785188,0.270711805079916,0.752798518846263,2.38751271701378
1.25069444444444,0.353028310736756,0.270745123999702,0.752438536691878,2.38778545338375
1.25079365079365,0.353003325639501,0.270778419308902,0.752078726642,2.38805814104671
1.25089285714286,0.352978328534471,0.270811691006271,0.751719088613141,2.38833078000637
1.25099206349206,0.352953319462715,0.270844939090556,0.751359622521853,2.38860337026645
1.25109126984127,0.352928298465289,0.270878163560493,0.751000328284724,2.38887591183064
1.25119047619048,0.352903265583251,0.270911364414812,0.750641205818382,2.38914840470262
1.25128968253968,0.352878220857663,0.270944541652234,0.750282255039491,2.38942084888607
1.25138888888889,0.352853164329589,0.270977695271469,0.749923475864757,2.38969324438465
1.2514880952381,0.352828096040099,0.271010825271222,0.749564868210921,2.38996559120203
1.2515873015873,0.352803016030264,0.271043931650187,0.749206431994765,2.39023788934184
1.25168650793651,0.35277792434116,0.271077014407052,0.748848167133107,2.39051013880771
1.25178571428571,0.352752821013865,0.271110073540495,0.748490073542804,2.39078233960328
1.25188492063492,0.352727706089463,0.271143109049185,0.748132151140754,2.39105449173215
1.25198412698413,0.352702579609039,0.271176120931784,0.747774399843889,2.39132659519794
1.25208333333333,0.352677441613683,0.271209109186944,0.747416819569183,2.39159865000422
1.25218253968254,0.352652292144488,0.27124207381331,0.747059410233646,2.39187065615459
1.25228174603175,0.35262713124255,0.271275014809517,0.746702171754327,2.39214261365262
1.25238095238095,0.35260195894897,0.271307932174194,0.746345104048314,2.39241452250186
1.25248015873016,0.35257677530485,0.271340825905958,0.745988207032735,2.39268638270588
1.25257936507937,0.352551580351297,0.271373696003421,0.74563148062475,2.39295819426821
1.25267857142857,0.352526374129423,0.271406542465185,0.745274924741566,2.39322995719238
1.25277777777778,0.35250115668034,0.271439365289842,0.744918539300421,2.39350167148192
1.25287698412698,0.352475928045167,0.271472164475979,0.744562324218596,2.39377333714034
1.25297619047619,0.352450688265023,0.271504940022172,0.744206279413408,2.39404495417113
1.2530753968254,0.352425437381034,0.271537691926988,0.743850404802214,2.39431652257779
1.2531746031746,0.352400175434328,0.271570420188989,0.743494700302407,2.39458804236379
1.25327380952381,0.352374902466035,0.271603124806724,0.743139165831421,2.39485951353261
1.25337301587302,0.35234961851729,0.271635805778737,0.742783801306728,2.39513093608771
1.25347222222222,0.352324323629232,0.271668463103563,0.742428606645836,2.39540231003253
1.25357142857143,0.352299017843003,0.271701096779726,0.742073581766294,2.39567363537051
1.25367063492064,0.352273701199747,0.271733706805745,0.741718726585686,2.39594491210509
1.25376984126984,0.352248373740614,0.271766293180128,0.74136404102164,2.39621614023967
1.25386904761905,0.352223035506755,0.271798855901377,0.741009524991816,2.39648731977768
1.25396825396825,0.352197686539327,0.271831394967982,0.740655178413918,2.3967584507225
1.25406746031746,0.352172326879488,0.271863910378428,0.740301001205683,2.39702953307752
1.25416666666667,0.352146956568402,0.271896402131189,0.739946993284892,2.39730056684612
1.25426587301587,0.352121575647234,0.271928870224733,0.739593154569359,2.39757155203167
1.25436507936508,0.352096184157154,0.271961314657517,0.739239484976939,2.39784248863752
1.25446428571429,0.352070782139336,0.271993735427991,0.738885984425527,2.39811337666702
1.25456349206349,0.352045369634956,0.272026132534597,0.738532652833053,2.39838421612351
1.2546626984127,0.352019946685193,0.272058505975767,0.738179490117487,2.3986550070103
1.2547619047619,0.351994513331232,0.272090855749926,0.737826496196837,2.39892574933073
1.25486111111111,0.35196906961426,0.27212318185549,0.73747367098915,2.39919644308808
1.25496031746032,0.351943615575468,0.272155484290865,0.737121014412511,2.39946708828566
1.25505952380952,0.351918151256049,0.272187763054451,0.736768526385044,2.39973768492675
1.25515873015873,0.3518926766972,0.272220018144639,0.736416206824909,2.40000823301462
1.25525793650794,0.351867191940124,0.27225224955981,0.736064055650308,2.40027873255255
1.25535714285714,0.351841697026024,0.272284457298339,0.735712072779477,2.40054918354377
1.25545634920635,0.351816191996109,0.272316641358589,0.735360258130694,2.40081958599154
1.25555555555556,0.35179067689159,0.272348801738918,0.735008611622274,2.40108993989909
1.25565476190476,0.351765151753681,0.272380938437675,0.734657133172572,2.40136024526964
1.25575396825397,0.351739616623602,0.272413051453198,0.734305822699977,2.40163050210641
1.25585317460317,0.351714071542575,0.272445140783819,0.73395468012292,2.40190071041259
1.25595238095238,0.351688516551824,0.272477206427861,0.733603705359871,2.40217087019137
1.25605158730159,0.35166295169258,0.272509248383638,0.733252898329335,2.40244098144595
1.25615079365079,0.351637377006073,0.272541266649456,0.732902258949859,2.40271104417949
1.25625,0.35161179253354,0.272573261223613,0.732551787140025,2.40298105839515
1.25634920634921,0.351586198316221,0.272605232104397,0.732201482818456,2.40325102409608
1.25644841269841,0.351560594395358,0.272637179290089,0.731851345903811,2.40352094128543
1.25654761904762,0.351534980812198,0.272669102778962,0.731501376314791,2.40379080996631
1.25664682539683,0.351509357607991,0.272701002569278,0.731151573970131,2.40406063014187
1.25674603174603,0.351483724823989,0.272732878659292,0.730801938788608,2.40433040181519
1.25684523809524,0.35145808250145,0.272764731047252,0.730452470689034,2.40460012498939
1.25694444444444,0.351432430681633,0.272796559731396,0.730103169590262,2.40486979966754
1.25704365079365,0.351406769405804,0.272828364709953,0.729754035411182,2.40513942585274
1.25714285714286,0.351381098715228,0.272860145981145,0.729405068070724,2.40540900354805
1.25724206349206,0.351355418651178,0.272891903543184,0.729056267487854,2.40567853275652
1.25734126984127,0.351329729254926,0.272923637394275,0.728707633581577,2.40594801348121
1.25744047619048,0.351304030567751,0.272955347532613,0.72835916627094,2.40621744572515
1.25753968253968,0.351278322630934,0.272987033956387,0.728010865475022,2.40648682949137
1.25763888888889,0.351252605485759,0.273018696663775,0.727662731112944,2.40675616478288
1.2577380952381,0.351226879173516,0.273050335652947,0.727314763103866,2.4070254516027
1.2578373015873,0.351201143735494,0.273081950922067,0.726966961366986,2.40729468995382
1.25793650793651,0.351175399212991,0.273113542469286,0.726619325821538,2.40756387983922
1.25803571428571,0.351149645647304,0.273145110292751,0.726271856386797,2.40783302126189
1.25813492063492,0.351123883079735,0.273176654390598,0.725924552982075,2.40810211422478
1.25823412698413,0.35109811155159,0.273208174760955,0.725577415526724,2.40837115873086
1.25833333333333,0.351072331104178,0.273239671401942,0.725230443940131,2.40864015478306
1.25843253968254,0.351046541778812,0.27327114431167,0.724883638141725,2.40890910238433
1.25853174603175,0.351020743616808,0.273302593488243,0.724536998050971,2.40917800153759
1.25863095238095,0.350994936659485,0.273334018929754,0.724190523587374,2.40944685224574
1.25873015873016,0.350969120948167,0.273365420634289,0.723844214670476,2.4097156545117
1.25882936507937,0.350943296524179,0.273396798599926,0.723498071219858,2.40998440833836
1.25892857142857,0.350917463428853,0.273428152824734,0.72315209315514,2.4102531137286
1.25902777777778,0.35089162170352,0.273459483306774,0.722806280395979,2.4105217706853
1.25912698412698,0.35086577138952,0.273490790044096,0.722460632862071,2.41079037921132
1.25922619047619,0.350839912528191,0.273522073034746,0.72211515047315,2.4110589393095
1.2593253968254,0.350814045160878,0.273553332276758,0.72176983314899,2.4113274509827
1.2594246031746,0.350788169328928,0.273584567768158,0.7214246808094,2.41159591423374
1.25952380952381,0.350762285073692,0.273615779506966,0.721079693374232,2.41186432906545
1.25962301587302,0.350736392436525,0.27364696749119,0.720734870763371,2.41213269548064
1.25972222222222,0.350710491458785,0.273678131718832,0.720390212896745,2.4124010134821
1.25982142857143,0.350684582181833,0.273709272187885,0.720045719694318,2.41266928307264
1.25992063492063,0.350658664647033,0.273740388896333,0.719701391076094,2.41293750425502
1.26001984126984,0.350632738895755,0.273771481842152,0.719357226962112,2.41320567703203
1.26011904761905,0.350606804969369,0.27380255102331,0.719013227272454,2.41347380140641
1.26021825396825,0.350580862909252,0.273833596437765,0.718669391927236,2.41374187738093
1.26031746031746,0.350554912756782,0.273864618083469,0.718325720846615,2.41400990495831
1.26041666666667,0.350528954553342,0.273895615958362,0.717982213950785,2.41427788414129
1.26051587301587,0.350502988340317,0.27392659006038,0.717638871159981,2.41454581493259
1.26061507936508,0.350477014159096,0.273957540387446,0.717295692394472,2.41481369733491
1.26071428571429,0.350451032051072,0.273988466937477,0.716952677574569,2.41508153135096
1.26081349206349,0.350425042057643,0.274019369708383,0.716609826620621,2.41534931698342
1.2609126984127,0.350399044220206,0.274050248698061,0.716267139453012,2.41561705423497
1.2610119047619,0.350373038580166,0.274081103904405,0.715924615992169,2.41588474310827
1.26111111111111,0.350347025178929,0.274111935325296,0.715582256158554,2.41615238360599
1.26121031746032,0.350321004057906,0.274142742958609,0.715240059872669,2.41641997573076
1.26130952380952,0.35029497525851,0.27417352680221,0.714898027055054,2.41668751948524
1.26140873015873,0.350268938822157,0.274204286853957,0.714556157626286,2.41695501487203
1.26150793650794,0.35024289479027,0.274235023111698,0.714214451506983,2.41722246189377
1.26160714285714,0.350216843204272,0.274265735573273,0.713872908617801,2.41748986055305
1.26170634920635,0.35019078410559,0.274296424236516,0.713531528879431,2.41775721085247
1.26180555555556,0.350164717535657,0.274327089099249,0.713190312212605,2.41802451279462
1.26190476190476,0.350138643535905,0.274357730159288,0.712849258538094,2.41829176638206
1.26200396825397,0.350112562147774,0.274388347414439,0.712508367776707,2.41855897161737
1.26210317460317,0.350086473412705,0.2744189408625,0.712167639849288,2.4188261285031
1.26220238095238,0.350060377372143,0.274449510501262,0.711827074676725,2.41909323704179
1.26230158730159,0.350034274067537,0.274480056328506,0.71148667217994,2.41936029723597
1.26240079365079,0.350008163540338,0.274510578342004,0.711146432279895,2.41962730908817
1.2625,0.349982045832002,0.274541076539521,0.710806354897592,2.41989427260091
1.26259920634921,0.349955920983988,0.274571550918812,0.710466439954066,2.42016118777668
1.26269841269841,0.349929789037759,0.274602001477626,0.710126687370397,2.42042805461798
1.26279761904762,0.349903650034781,0.274632428213701,0.709787097067698,2.42069487312729
1.26289682539683,0.349877504016522,0.274662831124768,0.709447668967126,2.42096164330708
1.26299603174603,0.349851351024457,0.274693210208548,0.709108402989869,2.42122836515981
1.26309523809524,0.349825191100061,0.274723565462756,0.70876929905716,2.42149503868794
1.26319444444444,0.349799024284814,0.274753896885097,0.708430357090266,2.42176166389391
1.26329365079365,0.3497728506202,0.274784204473266,0.708091577010495,2.42202824078014
1.26339285714286,0.349746670147705,0.274814488224954,0.707752958739192,2.42229476934905
1.26349206349206,0.34972048290882,0.274844748137838,0.707414502197742,2.42256124960307
1.26359126984127,0.349694288945039,0.274874984209591,0.707076207307566,2.42282768154458
1.26369047619048,0.349668088297859,0.274905196437875,0.706738073990124,2.42309406517598
1.26378968253968,0.349641881008781,0.274935384820345,0.706400102166916,2.42336040049964
1.26388888888889,0.34961566711931,0.274965549354646,0.706062291759479,2.42362668751794
1.2639880952381,0.349589446670952,0.274995690038417,0.705724642689388,2.42389292623324
1.2640873015873,0.34956321970522,0.275025806869286,0.705387154878258,2.42415911664787
1.26418650793651,0.349536986263628,0.275055899844873,0.70504982824774,2.42442525876419
1.26428571428571,0.349510746387694,0.275085968962792,0.704712662719524,2.42469135258451
1.26438492063492,0.34948450011894,0.275116014220644,0.704375658215342,2.42495739811116
1.26448412698413,0.349458247498892,0.275146035616026,0.704038814656959,2.42522339534645
1.26458333333333,0.349431988569077,0.275176033146524,0.703702131966181,2.42548934429266
1.26468253968254,0.349405723371029,0.275206006809717,0.703365610064853,2.4257552449521
1.26478174603175,0.349379451946283,0.275235956603174,0.703029248874856,2.42602109732702
1.26488095238095,0.349353174336378,0.275265882524456,0.702693048318113,2.42628690141971
1.26498015873016,0.349326890582857,0.275295784571116,0.702357008316581,2.42655265723241
1.26507936507937,0.349300600727265,0.275325662740699,0.702021128792258,2.42681836476738
1.26517857142857,0.349274304811153,0.275355517030741,0.70168540966718,2.42708402402684
1.26527777777778,0.349248002876074,0.275385347438769,0.701349850863422,2.42734963501302
1.26537698412698,0.349221694963584,0.275415153962302,0.701014452303096,2.42761519772814
1.26547619047619,0.349195380935595,0.275444936677001,0.700679213874075,2.42788071225469
1.2655753968254,0.349169059929981,0.275474695972632,0.70034413533076,2.42814617899767
1.2656746031746,0.349142731833061,0.275504431912159,0.700009216576952,2.42841159802605
1.26577380952381,0.349116396650664,0.27553414450648,0.699674457539667,2.42867696935529
1.26587301587302,0.349090054388631,0.275563833766486,0.699339858145949,2.42894229300085
1.26597222222222,0.349063705052813,0.275593499703055,0.699005418322862,2.42920756897816
1.26607142857143,0.349037348649076,0.27562314232706,0.698671137997498,2.42947279730265
1.26617063492063,0.349010985183292,0.275652761649362,0.69833701709697,2.42973797798976
1.26626984126984,0.348984614661351,0.275682357680815,0.698003055548419,2.43000311105488
1.26636904761905,0.34895823708915,0.275711930432263,0.697669253279006,2.43026819651343
1.26646825396825,0.3489318524726,0.275741479914539,0.69733561021592,2.43053323438078
1.26656746031746,0.348905460817622,0.27577100613847,0.697002126286371,2.43079822467232
1.26666666666667,0.34887906213015,0.275800509114873,0.696668801417595,2.43106316740342
1.26676587301587,0.34885265641613,0.275829988854555,0.696335635536854,2.43132806258944
1.26686507936508,0.348826243681517,0.275859445368313,0.696002628571431,2.43159291024573
1.26696428571429,0.34879982393228,0.275888878666938,0.695669780448635,2.43185771038762
1.26706349206349,0.348773397174399,0.275918288761209,0.695337091095799,2.43212246303044
1.2671626984127,0.348746963413866,0.275947675661898,0.69500456044028,2.43238716818952
1.2672619047619,0.348720522656684,0.275977039379766,0.694672188409459,2.43265182588016
1.26736111111111,0.348694074908868,0.276006379925566,0.694339974930743,2.43291643611765
1.26746031746032,0.348667620176444,0.276035697310042,0.69400791993156,2.43318099891729
1.26755952380952,0.34864115846545,0.276064991543928,0.693676023339366,2.43344551429435
1.26765873015873,0.348614689781937,0.276094262637949,0.693344285081637,2.43370998226409
1.26775793650794,0.348588214131965,0.276123510602823,0.693012705085879,2.43397440284178
1.26785714285714,0.348561731521607,0.276152735449256,0.692681283279617,2.43423877604266
1.26795634920635,0.348535241956949,0.276181937187946,0.692350019590402,2.43450310188197
1.26805555555556,0.348508745444086,0.276211115829582,0.69201891394581,2.43476738037492
1.26815476190476,0.348482241989126,0.276240271384844,0.69168796627344,2.43503161153674
1.26825396825397,0.348455731598189,0.276269403864404,0.691357176500918,2.43529579538263
1.26835317460317,0.348429214277406,0.276298513278921,0.69102654455589,2.43555993192779
1.26845238095238,0.348402690032919,0.27632759963905,0.69069607036603,2.43582402118739
1.26855158730159,0.348376158870884,0.276356662955433,0.690365753859033,2.43608806317661
1.26865079365079,0.348349620797465,0.276385703238705,0.690035594962622,2.43635205791062
1.26875,0.348323075818841,0.276414720499491,0.689705593604541,2.43661600540457
1.26884920634921,0.348296523941201,0.276443714748407,0.68937574971256,2.4368799056736
1.26894841269841,0.348269965170745,0.27647268599606,0.689046063214472,2.43714375873284
1.26904761904762,0.348243399513687,0.276501634253048,0.688716534038096,2.43740756459742
1.26914682539683,0.34821682697625,0.27653055952996,0.688387162111273,2.43767132328245
1.26924603174603,0.34819024756467,0.276559461837375,0.688057947361871,2.43793503480302
1.26934523809524,0.348163661285194,0.276588341185863,0.687728889717781,2.43819869917424
1.26944444444444,0.348137068144082,0.276617197585987,0.687399989106917,2.43846231641118
1.26954365079365,0.348110468147604,0.276646031048298,0.687071245457218,2.43872588652891
1.26964285714286,0.348083861302042,0.27667484158334,0.686742658696648,2.43898940954249
1.26974206349206,0.348057247613691,0.276703629201647,0.686414228753195,2.43925288546698
1.26984126984127,0.348030627088856,0.276732393913743,0.68608595555487,2.4395163143174
1.26994047619048,0.348003999733853,0.276761135730145,0.685757839029712,2.4397796961088
1.27003968253968,0.347977365555012,0.276789854661359,0.685429879105778,2.44004303085619
1.27013888888889,0.347950724558673,0.276818550717884,0.685102075711156,2.44030631857458
1.2702380952381,0.347924076751188,0.276847223910206,0.684774428773953,2.44056955927897
1.2703373015873,0.347897422138921,0.276875874248807,0.684446938222304,2.44083275298434
1.27043650793651,0.347870760728247,0.276904501744156,0.684119603984364,2.44109589970568
1.27053571428571,0.347844092525553,0.276933106406714,0.683792425988318,2.44135899945795
1.27063492063492,0.347817417537237,0.276961688246934,0.683465404162369,2.4416220522561
1.27073412698413,0.34779073576971,0.276990247275257,0.68313853843475,2.4418850581151
1.27083333333333,0.347764047229393,0.27701878350212,0.682811828733715,2.44214801704987
1.27093253968254,0.34773735192272,0.277047296937945,0.682485274987542,2.44241092907533
1.27103174603175,0.347710649856135,0.277075787593148,0.682158877124534,2.44267379420641
1.27113095238095,0.347683941036096,0.277104255478137,0.681832635073019,2.44293661245801
1.27123015873016,0.347657225469071,0.277132700603309,0.681506548761349,2.44319938384503
1.27132936507937,0.347630503161539,0.277161122979051,0.681180618117899,2.44346210838234
1.27142857142857,0.347603774119992,0.277189522615743,0.680854843071071,2.44372478608484
1.27152777777778,0.347577038350934,0.277217899523755,0.680529223549286,2.44398741696737
1.27162698412698,0.347550295860879,0.277246253713448,0.680203759480996,2.4442500010448
1.27172619047619,0.347523546656353,0.277274585195174,0.679878450794672,2.44451253833197
1.2718253968254,0.347496790743894,0.277302893979275,0.679553297418813,2.44477502884371
1.2719246031746,0.347470028130053,0.277331180076085,0.679228299281938,2.44503747259484
1.27202380952381,0.34744325882139,0.27735944349593,0.678903456312594,2.44529986960018
1.27212301587302,0.347416482824479,0.277387684249123,0.678578768439351,2.44556221987454
1.27222222222222,0.347389700145903,0.277415902345971,0.678254235590802,2.44582452343269
1.27232142857143,0.34736291079226,0.277444097796772,0.677929857695568,2.44608678028943
1.27242063492063,0.347336114770156,0.277472270611814,0.67760563468229,2.44634899045953
1.27251984126984,0.347309312086212,0.277500420801375,0.677281566479634,2.44661115395775
1.27261904761905,0.347282502747058,0.277528548375725,0.676957653016292,2.44687327079884
1.27271825396825,0.347255686759337,0.277556653345126,0.676633894220981,2.44713534099753
1.27281746031746,0.347228864129703,0.277584735719828,0.676310290022439,2.44739736456857
1.27291666666667,0.347202034864822,0.277612795510074,0.675986840349431,2.44765934152667
1.27301587301587,0.347175198971373,0.277640832726098,0.675663545130744,2.44792127188654
1.27311507936508,0.347148356456043,0.277668847378124,0.675340404295192,2.44818315566288
1.27321428571429,0.347121507325533,0.277696839476367,0.67501741777161,2.44844499287038
1.27331349206349,0.347094651586557,0.277724809031032,0.674694585488861,2.44870678352372
1.2734126984127,0.347067789245839,0.277752756052318,0.674371907375828,2.44896852763756
1.2735119047619,0.347040920310113,0.277780680550411,0.674049383361423,2.44923022522657
1.27361111111111,0.347014044786127,0.277808582535491,0.673727013374578,2.4494918763054
1.27371031746032,0.34698716268064,0.277836462017727,0.673404797344251,2.44975348088868
1.27380952380952,0.346960274000423,0.27786431900728,0.673082735199425,2.45001503899103
1.27390873015873,0.346933378752258,0.277892153514301,0.672760826869107,2.45027655062708
1.27400793650794,0.346906476942939,0.277919965548932,0.672439072282326,2.45053801581144
1.27410714285714,0.34687956857927,0.277947755121306,0.672117471368139,2.45079943455869
1.27420634920635,0.34685265366807,0.277975522241548,0.671796024055625,2.45106080688343
1.27430555555556,0.346825732216167,0.278003266919772,0.671474730273886,2.45132213280023
1.27440476190476,0.346798804230401,0.278030989166084,0.671153589952051,2.45158341232366
1.27450396825397,0.346771869717624,0.278058688990581,0.670832603019272,2.45184464546826
1.27460317460317,0.3467449286847,0.278086366403351,0.670511769404726,2.4521058322486
1.27470238095238,0.346717981138503,0.278114021414472,0.670191089037612,2.4523669726792
1.27480158730159,0.346691027085921,0.278141654034013,0.669870561847156,2.45262806677458
1.27490079365079,0.346664066533853,0.278169264272034,0.669550187762606,2.45288911454927
1.275,0.346637099489207,0.278196852138588,0.669229966713237,2.45315011601776
1.27509920634921,0.346610125958907,0.278224417643715,0.668909898628345,2.45341107119454
1.27519841269841,0.346583145949884,0.278251960797449,0.668589983437253,2.45367198009411
1.27529761904762,0.346556159469085,0.278279481609813,0.668270221069307,2.45393284273093
1.27539682539683,0.346529166523466,0.278306980090823,0.667950611453877,2.45419365911946
1.27549603174603,0.346502167119994,0.278334456250483,0.667631154520357,2.45445442927417
1.27559523809524,0.34647516126565,0.278361910098791,0.667311850198166,2.45471515320948
1.27569444444444,0.346448148967426,0.278389341645734,0.666992698416749,2.45497583093984
1.27579365079365,0.346421130232324,0.278416750901289,0.666673699105571,2.45523646247965
1.27589285714286,0.346394105067359,0.278444137875427,0.666354852194126,2.45549704784334
1.27599206349206,0.346367073479557,0.278471502578106,0.666036157611927,2.45575758704531
1.27609126984127,0.346340035475956,0.278498845019279,0.665717615288517,2.45601808009994
1.27619047619048,0.346312991063607,0.278526165208886,0.665399225153459,2.45627852702161
1.27628968253968,0.346285940249569,0.278553463156861,0.665080987136341,2.4565389278247
1.27638888888889,0.346258883040917,0.278580738873127,0.664762901166777,2.45679928252357
1.2764880952381,0.346231819444734,0.278607992367598,0.664444967174405,2.45705959113255
1.2765873015873,0.346204749468116,0.278635223650181,0.664127185088884,2.457319853666
1.27668650793651,0.346177673118172,0.278662432730771,0.663809554839902,2.45758007013824
1.27678571428571,0.34615059040202,0.278689619619254,0.663492076357168,2.45784024056359
1.27688492063492,0.346123501326791,0.278716784325511,0.663174749570416,2.45810036495635
1.27698412698413,0.346096405899629,0.278743926859408,0.662857574409404,2.45836044333083
1.27708333333333,0.346069304127687,0.278771047230807,0.662540550803916,2.45862047570131
1.27718253968254,0.346042196018131,0.278798145449557,0.662223678683758,2.45888046208206
1.27728174603175,0.346015081578139,0.2788252215255,0.661906957978762,2.45914040248737
1.27738095238095,0.3459879608149,0.27885227546847,0.661590388618783,2.45940029693147
1.27748015873016,0.345960833735614,0.278879307288288,0.6612739705337,2.45966014542862
1.27757936507936,0.345933700347494,0.27890631699477,0.660957703653419,2.45991994799305
1.27767857142857,0.345906560657764,0.27893330459772,0.660641587907866,2.460179704639
1.27777777777778,0.345879414673659,0.278960270106934,0.660325623226995,2.46043941538066
1.27787698412698,0.345852262402427,0.278987213532201,0.660009809540782,2.46069908023226
1.27797619047619,0.345825103851326,0.279014134883296,0.659694146779229,2.46095869920798
1.2780753968254,0.345797939027627,0.279041034169989,0.659378634872359,2.461218272322
1.2781746031746,0.345770767938612,0.279067911402039,0.659063273750224,2.46147779958851
1.27827380952381,0.345743590591575,0.279094766589198,0.658748063342897,2.46173728102166
1.27837301587302,0.345716406993822,0.279121599741206,0.658433003580476,2.46199671663561
1.27847222222222,0.345689217152668,0.279148410867795,0.658118094393083,2.46225610644449
1.27857142857143,0.345662021075443,0.279175199978689,0.657803335710864,2.46251545046246
1.27867063492063,0.345634818769487,0.279201967083601,0.657488727463991,2.46277474870362
1.27876984126984,0.345607610242152,0.279228712192237,0.657174269582659,2.46303400118208
1.27886904761905,0.345580395500802,0.279255435314292,0.656859961997087,2.46329320791196
1.27896825396825,0.34555317455281,0.279282136459453,0.656545804637517,2.46355236890734
1.27906746031746,0.345525947405565,0.279308815637397,0.65623179743422,2.4638114841823
1.27916666666667,0.345498714066465,0.279335472857794,0.655917940317485,2.46407055375091
1.27926587301587,0.345471474542919,0.279362108130302,0.65560423321763,2.46432957762724
1.27936507936508,0.34544422884235,0.279388721464571,0.655290676064995,2.46458855582533
1.27946428571429,0.34541697697219,0.279415312870243,0.654977268789946,2.46484748835922
1.27956349206349,0.345389718939884,0.27944188235695,0.654664011322871,2.46510637524295
1.2796626984127,0.345362454752889,0.279468429934314,0.654350903594183,2.46536521649053
1.2797619047619,0.345335184418673,0.27949495561195,0.65403794553432,2.46562401211597
1.27986111111111,0.345307907944715,0.279521459399461,0.653725137073745,2.46588276213328
1.27996031746032,0.345280625338508,0.279547941306444,0.653412478142942,2.46614146655643
1.28005952380952,0.345253336607554,0.279574401342486,0.653099968672423,2.46640012539941
1.28015873015873,0.345226041759367,0.279600839517162,0.652787608592723,2.46665873867618
1.28025793650794,0.345198740801474,0.279627255840042,0.652475397834399,2.4669173064007
1.28035714285714,0.345171433741414,0.279653650320684,0.652163336328035,2.46717582858693
1.28045634920635,0.345144120586734,0.279680022968639,0.651851424004239,2.46743430524878
1.28055555555556,0.345116801344997,0.279706373793448,0.651539660793643,2.46769273640021
1.28065476190476,0.345089476023776,0.279732702804642,0.651228046626901,2.46795112205511
1.28075396825397,0.345062144630654,0.279759010011744,0.650916581434695,2.46820946222739
1.28085317460317,0.345034807173227,0.279785295424267,0.650605265147728,2.46846775693096
1.28095238095238,0.345007463659104,0.279811559051717,0.65029409769673,2.46872600617969
1.28105158730159,0.344980114095904,0.279837800903588,0.649983079012453,2.46898420998746
1.28115079365079,0.344952758491256,0.279864020989366,0.649672209025675,2.46924236836813
1.28125,0.344925396852805,0.279890219318528,0.649361487667196,2.46950048133557
1.28134920634921,0.344898029188204,0.279916395900543,0.649050914867844,2.4697585489036
1.28144841269841,0.344870655505119,0.27994255074487,0.648740490558467,2.47001657108608
1.28154761904762,0.344843275811227,0.279968683860958,0.648430214669939,2.47027454789682
1.28164682539683,0.344815890114217,0.279994795258248,0.648120087133161,2.47053247934963
1.28174603174603,0.344788498421791,0.280020884946171,0.647810107879052,2.47079036545831
1.28184523809524,0.344761100741659,0.28004695293415,0.647500276838563,2.47104820623667
1.28194444444444,0.344733697081547,0.280072999231598,0.647190593942662,2.47130600169848
1.28204365079365,0.344706287449189,0.280099023847919,0.646881059122346,2.47156375185751
1.28214285714286,0.344678871852333,0.280125026792509,0.646571672308634,2.47182145672752
1.28224206349206,0.344651450298738,0.280151008074754,0.646262433432572,2.47207911632227
1.28234126984127,0.344624022796173,0.280176967704029,0.645953342425225,2.4723367306555
1.28244047619048,0.344596589352422,0.280202905689704,0.645644399217688,2.47259429974094
1.28253968253968,0.344569149975277,0.280228822041136,0.645335603741076,2.4728518235923
1.28263888888889,0.344541704672544,0.280254716767676,0.645026955926532,2.47310930222331
1.2827380952381,0.34451425345204,0.280280589878663,0.64471845570522,2.47336673564765
1.2828373015873,0.344486796321594,0.280306441383429,0.64441010300833,2.47362412387901
1.28293650793651,0.344459333289045,0.280332271291297,0.644101897767075,2.47388146693109
1.28303571428571,0.344431864362245,0.280358079611578,0.643793839912694,2.47413876481754
1.28313492063492,0.344404389549058,0.280383866353578,0.643485929376449,2.47439601755202
1.28323412698413,0.344376908857359,0.280409631526591,0.643178166089627,2.47465322514819
1.28333333333333,0.344349422295034,0.280435375139903,0.642870549983537,2.47491038761968
1.28343253968254,0.344321929869983,0.28046109720279,0.642563080989516,2.47516750498011
1.28353174603175,0.344294431590113,0.28048679772452,0.642255759038923,2.47542457724311
1.28363095238095,0.344266927463348,0.280512476714352,0.641948584063141,2.47568160442228
1.28373015873016,0.344239417497621,0.280538134181535,0.641641555993578,2.47593858653122
1.28382936507937,0.344211901700875,0.280563770135308,0.641334674761666,2.47619552358352
1.28392857142857,0.344184380081068,0.280589384584903,0.641027940298862,2.47645241559274
1.28402777777778,0.344156852646168,0.280614977539543,0.640721352536645,2.47670926257247
1.28412698412698,0.344129319404154,0.280640549008439,0.640414911406522,2.47696606453624
1.28422619047619,0.344101780363018,0.280666099000796,0.640108616840021,2.47722282149762
1.2843253968254,0.344074235530762,0.280691627525808,0.639802468768695,2.47747953347012
1.2844246031746,0.344046684915402,0.28071713459266,0.639496467124122,2.47773620046728
1.28452380952381,0.344019128524962,0.28074262021053,0.639190611837904,2.47799282250262
1.28462301587302,0.343991566367482,0.280768084388585,0.638884902841667,2.47824939958963
1.28472222222222,0.343963998451011,0.280793527135981,0.638579340067062,2.4785059317418
1.28482142857143,0.343936424783609,0.28081894846187,0.638273923445762,2.47876241897263
1.28492063492064,0.343908845373349,0.28084434837539,0.637968652909468,2.47901886129559
1.28501984126984,0.343881260228315,0.280869726885673,0.637663528389902,2.47927525872413
1.28511904761905,0.343853669356605,0.28089508400184,0.637358549818811,2.47953161127171
1.28521825396825,0.343826072766324,0.280920419733004,0.637053717127967,2.47978791895177
1.28531746031746,0.343798470465593,0.280945734088268,0.636749030249166,2.48004418177775
1.28541666666667,0.343770862462542,0.280971027076727,0.636444489114229,2.48030039976306
1.28551587301587,0.343743248765313,0.280996298707466,0.636140093655,2.48055657292112
1.28561507936508,0.343715629382061,0.281021548989561,0.635835843803346,2.48081270126533
1.28571428571429,0.343688004320951,0.28104677793208,0.635531739491162,2.48106878480907
1.28581349206349,0.343660373590161,0.28107198554408,0.635227780650365,2.48132482356573
1.2859126984127,0.343632737197879,0.28109717183461,0.634923967212896,2.48158081754868
1.2860119047619,0.343605095152306,0.28112233681271,0.63462029911072,2.48183676677128
1.28611111111111,0.343577447461655,0.28114748048741,0.634316776275828,2.48209267124687
1.28621031746032,0.343549794134149,0.281172602867733,0.634013398640234,2.4823485309888
1.28630952380952,0.343522135178024,0.281197703962689,0.633710166135976,2.4826043460104
1.28640873015873,0.343494470601526,0.281222783781284,0.633407078695117,2.48286011632497
1.28650793650794,0.343466800412914,0.28124784233251,0.633104136249744,2.48311584194584
1.28660714285714,0.34343912462046,0.281272879625353,0.632801338731969,2.4833715228863
1.28670634920635,0.343411443232443,0.281297895668789,0.632498686073926,2.48362715915963
1.28680555555556,0.34338375625716,0.281322890471785,0.632196178207776,2.48388275077912
1.28690476190476,0.343356063702913,0.281347864043298,0.631893815065703,2.48413829775803
1.28700396825397,0.343328365578021,0.281372816392277,0.631591596579913,2.48439380010961
1.28710317460317,0.343300661890812,0.281397747527661,0.631289522682642,2.48464925784712
1.28720238095238,0.343272952649625,0.281422657458381,0.630987593306145,2.48490467098378
1.28730158730159,0.343245237862813,0.281447546193359,0.630685808382702,2.48516003953283
1.28740079365079,0.343217517538739,0.281472413741506,0.63038416784462,2.48541536350748
1.2875,0.343189791685778,0.281497260111725,0.630082671624228,2.48567064292094
1.28759920634921,0.343162060312316,0.281522085312911,0.62978131965388,2.48592587778639
1.28769841269841,0.343134323426752,0.281546889353948,0.629480111865954,2.48618106811703
1.28779761904762,0.343106581037495,0.281571672243711,0.629179048192851,2.48643621392603
1.28789682539683,0.343078833152967,0.281596433991069,0.628878128567,2.48669131522655
1.28799603174603,0.343051079781601,0.281621174604877,0.62857735292085,2.48694637203174
1.28809523809524,0.343023320931842,0.281645894093984,0.628276721186876,2.48720138435475
1.28819444444444,0.342995556612147,0.28167059246723,0.627976233297578,2.48745635220871
1.28829365079365,0.342967786830982,0.281695269733445,0.627675889185479,2.48771127560675
1.28839285714286,0.342940011596828,0.28171992590145,0.627375688783129,2.48796615456197
1.28849206349206,0.342912230918176,0.281744560980057,0.627075632023097,2.48822098908748
1.28859126984127,0.342884444803528,0.281769174978068,0.62677571883798,2.48847577919638
1.28869047619048,0.3428566532614,0.281793767904277,0.626475949160401,2.48873052490173
1.28878968253968,0.342828856300317,0.281818339767469,0.626176322923003,2.48898522621661
1.28888888888889,0.342801053928817,0.28184289057642,0.625876840058455,2.48923988315409
1.2889880952381,0.34277324615545,0.281867420339896,0.62557750049945,2.4894944957272
1.2890873015873,0.342745432988776,0.281891929066653,0.625278304178707,2.48974906394901
1.28918650793651,0.342717614437368,0.281916416765441,0.624979251028967,2.49000358783252
1.28928571428571,0.342689790509811,0.281940883444998,0.624680340982997,2.49025806739077
1.28938492063492,0.342661961214699,0.281965329114054,0.624381573973586,2.49051250263676
1.28948412698413,0.342634126560641,0.28198975378133,0.624082949933549,2.49076689358348
1.28958333333333,0.342606286556256,0.282014157455538,0.623784468795726,2.49102124024394
1.28968253968254,0.342578441210175,0.28203854014538,0.62348613049298,2.49127554263111
1.28978174603175,0.342550590531039,0.282062901859549,0.623187934958197,2.49152980075795
1.28988095238095,0.342522734527503,0.282087242606731,0.622889882124289,2.49178401463742
1.28998015873016,0.342494873208232,0.2821115623956,0.622591971924193,2.49203818428247
1.29007936507937,0.342467006581904,0.282135861234823,0.622294204290869,2.49229230970604
1.29017857142857,0.342439134657207,0.282160139133056,0.621996579157301,2.49254639092105
1.29027777777778,0.342411257442843,0.282184396098948,0.621699096456498,2.49280042794043
1.29037698412698,0.342383374947523,0.282208632141137,0.621401756121492,2.49305442077707
1.29047619047619,0.34235548717997,0.282232847268253,0.621104558085341,2.49330836944387
1.2905753968254,0.342327594148921,0.282257041488916,0.620807502281127,2.49356227395372
1.2906746031746,0.342299695863122,0.282281214811739,0.620510588641955,2.49381613431949
1.29077380952381,0.342271792331333,0.282305367245323,0.620213817100955,2.49406995055405
1.29087301587302,0.342243883562322,0.282329498798261,0.619917187591281,2.49432372267025
1.29097222222222,0.342215969564872,0.282353609479138,0.619620700046112,2.49457745068093
1.29107142857143,0.342188050347777,0.28237769929653,0.61932435439865,2.49483113459894
1.29117063492063,0.342160125919842,0.282401768259,0.619028150582123,2.49508477443709
1.29126984126984,0.342132196289882,0.282425816375108,0.618732088529782,2.4953383702082
1.29136904761905,0.342104261466728,0.282449843653399,0.618436168174902,2.49559192192507
1.29146825396825,0.342076321459219,0.282473850102414,0.618140389450783,2.49584542960049
1.29156746031746,0.342048376276206,0.28249783573068,0.617844752290749,2.49609889324725
1.29166666666667,0.342020425926553,0.282521800546719,0.617549256628148,2.49635231287811
1.29176587301587,0.341992470419134,0.282545744559043,0.617253902396354,2.49660568850584
1.29186507936508,0.341964509762836,0.282569667776152,0.616958689528761,2.4968590201432
1.29196428571429,0.341936543966558,0.28259357020654,0.616663617958793,2.49711230780291
1.29206349206349,0.341908573039209,0.282617451858691,0.616368687619893,2.49736555149772
1.2921626984127,0.34188059698971,0.282641312741079,0.616073898445532,2.49761875124034
1.2922619047619,0.341852615826995,0.282665152862171,0.615779250369203,2.49787190704349
1.29236111111111,0.341824629560007,0.282688972230423,0.615484743324425,2.49812501891985
1.29246031746032,0.341796638197704,0.282712770854283,0.615190377244739,2.49837808688213
1.29255952380952,0.341768641749054,0.282736548742188,0.614896152063713,2.49863111094301
1.29265873015873,0.341740640223035,0.282760305902568,0.614602067714936,2.49888409111514
1.29275793650794,0.341712633628639,0.282784042343844,0.614308124132025,2.4991370274112
1.29285714285714,0.341684621974868,0.282807758074425,0.614014321248618,2.49938991984382
1.29295634920635,0.341656605270738,0.282831453102715,0.613720658998379,2.49964276842565
1.29305555555556,0.341628583525274,0.282855127437105,0.613427137314996,2.49989557316931
1.29315476190476,0.341600556747514,0.28287878108598,0.613133756132182,2.50014833408743
1.29325396825397,0.341572524946506,0.282902414057714,0.612840515383671,2.5004010511926
1.29335317460317,0.341544488131313,0.282926026360672,0.612547415003226,2.50065372449743
1.29345238095238,0.341516446311006,0.282949618003212,0.61225445492463,2.50090635401451
1.29355158730159,0.34148839949467,0.282973188993679,0.611961635081694,2.5011589397564
1.29365079365079,0.3414603476914,0.282996739340413,0.611668955408249,2.50141148173568
1.29375,0.341432290910304,0.283020269051742,0.611376415838155,2.50166397996489
1.29384920634921,0.341404229160501,0.283043778135986,0.611084016305293,2.50191643445659
1.29394841269841,0.341376162451122,0.283067266601456,0.610791756743569,2.50216884522332
1.29404761904762,0.341348090791308,0.283090734456453,0.610499637086913,2.50242121227759
1.29414682539683,0.341320014190214,0.283114181709271,0.610207657269281,2.50267353563191
1.29424603174603,0.341291932657006,0.283137608368192,0.60991581722465,2.5029258152988
1.29434523809524,0.34126384620086,0.283161014441491,0.609624116887025,2.50317805129075
1.29444444444444,0.341235754830965,0.283184399937433,0.609332556190432,2.50343024362024
1.29454365079365,0.341207658556521,0.283207764864275,0.609041135068923,2.50368239229975
1.29464285714286,0.341179557386742,0.283231109230262,0.608749853456575,2.50393449734173
1.29474206349206,0.34115145133085,0.283254433043634,0.608458711287487,2.50418655875864
1.29484126984127,0.34112334039808,0.283277736312619,0.608167708495784,2.50443857656293
1.29494047619048,0.34109522459768,0.283301019045436,0.607876845015614,2.50469055076701
1.29503968253968,0.341067103938909,0.283324281250296,0.607586120781152,2.50494248138333
1.29513888888889,0.341038978431035,0.283347522935401,0.607295535726592,2.50519436842428
1.2952380952381,0.341010848083342,0.283370744108943,0.607005089786159,2.50544621190226
1.2953373015873,0.340982712905122,0.283393944779105,0.606714782894096,2.50569801182968
1.29543650793651,0.340954572905681,0.283417124954061,0.606424614984674,2.5059497682189
1.29553571428571,0.340926428094336,0.283440284641977,0.606134585992187,2.50620148108231
1.29563492063492,0.340898278480414,0.283463423851007,0.605844695850953,2.50645315043225
1.29573412698413,0.340870124073255,0.283486542589299,0.605554944495316,2.50670477628108
1.29583333333333,0.340841964882211,0.283509640864991,0.605265331859643,2.50695635864114
1.29593253968254,0.340813800916646,0.283532718686211,0.604975857878324,2.50720789752476
1.29603174603175,0.340785632185934,0.283555776061078,0.604686522485775,2.50745939294425
1.29613095238095,0.340757458699462,0.283578812997703,0.604397325616436,2.50771084491192
1.29623015873016,0.340729280466627,0.283601829504187,0.604108267204772,2.50796225344008
1.29632936507937,0.340701097496839,0.283624825588622,0.603819347185269,2.508213618541
1.29642857142857,0.34067290979952,0.283647801259091,0.603530565492441,2.50846494022698
1.29652777777778,0.340644717384102,0.283670756523669,0.603241922060825,2.50871621851026
1.29662698412698,0.340616520260031,0.283693691390419,0.602953416824981,2.50896745340311
1.29672619047619,0.340588318436762,0.283716605867397,0.602665049719496,2.50921864491778
1.2968253968254,0.340560111923763,0.28373949996265,0.602376820678977,2.50946979306651
1.2969246031746,0.340531900730513,0.283762373684216,0.60208872963806,2.50972089786151
1.29702380952381,0.340503684866504,0.283785227040122,0.601800776531402,2.509971959315
1.29712301587302,0.340475464341239,0.283808060038388,0.601512961293686,2.5102229774392
1.29722222222222,0.340447239164231,0.283830872687024,0.601225283859618,2.51047395224628
1.29732142857143,0.340419009345007,0.283853664994031,0.60093774416393,2.51072488374845
1.29742063492063,0.340390774893104,0.283876436967401,0.600650342141375,2.51097577195787
1.29751984126984,0.340362535818071,0.283899188615116,0.600363077726734,2.5112266168867
1.29761904761905,0.34033429212947,0.28392191994515,0.60007595085481,2.51147741854711
1.29771825396825,0.340306043836872,0.283944630965468,0.599788961460431,2.51172817695123
1.29781746031746,0.340277790949862,0.283967321684026,0.599502109478449,2.51197889211119
1.29791666666667,0.340249533478036,0.283989992108769,0.599215394843741,2.51222956403913
1.29801587301587,0.340221271431,0.284012642247634,0.598928817491206,2.51248019274715
1.29811507936508,0.340193004818375,0.28403527210855,0.598642377355771,2.51273077824735
1.29821428571429,0.340164733649789,0.284057881699436,0.598356074372383,2.51298132055182
1.29831349206349,0.340136457934886,0.284080471028201,0.598069908476017,2.51323181967266
1.2984126984127,0.34010817768332,0.284103040102747,0.597783879601671,2.51348227562192
1.2985119047619,0.340079892904755,0.284125588930965,0.597497987684365,2.51373268841167
1.29861111111111,0.340051603608869,0.284148117520737,0.597212232659146,2.51398305805396
1.29871031746032,0.340023309805351,0.284170625879937,0.596926614461085,2.51423338456084
1.29880952380952,0.339995011503902,0.284193114016429,0.596641133025277,2.51448366794432
1.29890873015873,0.339966708714232,0.284215581938068,0.596355788286839,2.51473390821643
1.29900793650794,0.339938401446065,0.284238029652701,0.596070580180915,2.51498410538918
1.29910714285714,0.339910089709138,0.284260457168165,0.595785508642674,2.51523425947457
1.29920634920635,0.339881773513196,0.284282864492286,0.595500573607306,2.51548437048458
1.29930555555556,0.339853452867998,0.284305251632885,0.595215775010028,2.51573443843121
1.29940476190476,0.339825127783314,0.28432761859777,0.594931112786078,2.5159844633264
1.29950396825397,0.339796798268927,0.284349965394742,0.594646586870724,2.51623444518213
1.29960317460317,0.339768464334628,0.284372292031593,0.594362197199251,2.51648438401033
1.29970238095238,0.339740125990224,0.284394598516105,0.594077943706975,2.51673427982295
1.29980158730159,0.339711783245531,0.284416884856051,0.593793826329231,2.51698413263191
1.29990079365079,0.339683436110377,0.284439151059195,0.593509845001383,2.51723394244913
1.3,0.339655084594602,0.284461397133292,0.593225999658814,2.51748370928652
1.30009920634921,0.339626728708058,0.284483623086088,0.592942290236935,2.51773343315597
1.30019841269841,0.339598368460607,0.284505828925319,0.592658716671181,2.51798311406937
1.30029761904762,0.339570003862124,0.284528014658714,0.59237527889701,2.51823275203859
1.30039682539683,0.339541634922496,0.284550180293991,0.592091976849904,2.51848234707549
1.30049603174603,0.339513261651621,0.284572325838859,0.591808810465371,2.51873189919194
1.30059523809524,0.339484884059408,0.284594451301018,0.591525779678942,2.51898140839978
1.30069444444444,0.339456502155778,0.28461655668816,0.591242884426172,2.51923087471084
1.30079365079365,0.339428115950665,0.284638642007966,0.590960124642642,2.51948029813694
1.30089285714286,0.339399725454013,0.28466070726811,0.590677500263955,2.5197296786899
1.30099206349206,0.339371330675777,0.284682752476256,0.590395011225739,2.51997901638152
1.30109126984127,0.339342931625927,0.284704777640058,0.590112657463648,2.5202283112236
1.30119047619048,0.33931452831444,0.284726782767162,0.589830438913357,2.52047756322791
1.30128968253968,0.339286120751309,0.284748767865204,0.589548355510569,2.52072677240623
1.30138888888889,0.339257708946535,0.284770732941811,0.589266407191008,2.52097593877032
1.3014880952381,0.339229292910133,0.284792678004603,0.588984593890423,2.52122506233194
1.3015873015873,0.339200872652129,0.284814603061188,0.588702915544589,2.52147414310282
1.30168650793651,0.339172448182561,0.284836508119166,0.588421372089304,2.52172318109469
1.30178571428571,0.339144019511477,0.284858393186129,0.58813996346039,2.52197217631928
1.30188492063492,0.339115586648938,0.284880258269657,0.587858689593694,2.5222211287883
1.30198412698413,0.339087149605016,0.284902103377324,0.587577550425086,2.52247003851344
1.30208333333333,0.339058708389797,0.284923928516694,0.587296545890462,2.5227189055064
1.30218253968254,0.339030263013374,0.28494573369532,0.58701567592574,2.52296772977886
1.30228174603175,0.339001813485856,0.284967518920749,0.586734940466865,2.52321651134248
1.30238095238095,0.338973359817362,0.284989284200516,0.586454339449805,2.52346525020893
1.30248015873016,0.338944902018021,0.285011029542148,0.586173872810551,2.52371394638984
1.30257936507937,0.338916440097977,0.285032754953165,0.58589354048512,2.52396259989687
1.30267857142857,0.338887974067382,0.285054460441074,0.585613342409553,2.52421121074164
1.30277777777778,0.338859503936402,0.285076146013375,0.585333278519914,2.52445977893576
1.30287698412698,0.338831029715215,0.28509781167756,0.585053348752293,2.52470830449085
1.30297619047619,0.338802551414008,0.28511945744111,0.584773553042802,2.52495678741849
1.3030753968254,0.338774069042982,0.285141083311496,0.58449389132758,2.52520522773029
1.3031746031746,0.33874558261235,0.285162689296184,0.584214363542789,2.52545362543781
1.30327380952381,0.338717092132334,0.285184275402626,0.583934969624615,2.52570198055262
1.30337301587302,0.338688597613169,0.285205841638268,0.583655709509267,2.52595029308627
1.30347222222222,0.338660099065103,0.285227388010547,0.583376583132981,2.52619856305032
1.30357142857143,0.338631596498394,0.285248914526889,0.583097590432016,2.52644679045629
1.30367063492063,0.338603089923312,0.285270421194711,0.582818731342656,2.52669497531572
1.30376984126984,0.338574579350138,0.285291908021423,0.582540005801206,2.52694311764011
1.30386904761905,0.338546064789166,0.285313375014424,0.582261413743999,2.52719121744097
1.30396825396825,0.338517546250701,0.285334822181105,0.581982955107392,2.5274392747298
1.30406746031746,0.338489023745059,0.285356249528847,0.581704629827763,2.52768728951807
1.30416666666667,0.338460497282568,0.285377657065022,0.581426437841518,2.52793526181726
1.30426587301587,0.338431966873568,0.285399044796994,0.581148379085086,2.52818319163884
1.30436507936508,0.338403432528411,0.285420412732116,0.580870453494919,2.52843107899426
1.30446428571429,0.33837489425746,0.285441760877734,0.580592661007495,2.52867892389496
1.30456349206349,0.338346352071088,0.285463089241182,0.580315001559315,2.52892672635237
1.3046626984127,0.338317805979684,0.285484397829789,0.580037475086904,2.52917448637791
1.3047619047619,0.338289255993643,0.285505686650871,0.579760081526814,2.52942220398299
1.30486111111111,0.338260702123377,0.285526955711737,0.579482820815617,2.52966987917903
1.30496031746032,0.338232144379306,0.285548205019687,0.579205692889913,2.5299175119774
1.30505952380952,0.338203582771863,0.28556943458201,0.578928697686324,2.53016510238949
1.30515873015873,0.338175017311492,0.285590644405987,0.578651835141498,2.53041265042666
1.30525793650794,0.338146448008649,0.285611834498892,0.578375105192106,2.53066015610029
1.30535714285714,0.338117874873803,0.285633004867986,0.578098507774842,2.53090761942171
1.30545634920635,0.338089297917432,0.285654155520524,0.577822042826428,2.53115504040227
1.30555555555556,0.338060717150027,0.28567528646375,0.577545710283606,2.53140241905329
1.30565476190476,0.338032132582091,0.285696397704899,0.577269510083146,2.5316497553861
1.30575396825397,0.338003544224138,0.285717489251199,0.57699344216184,2.53189704941201
1.30585317460317,0.337974952086693,0.285738561109867,0.576717506456504,2.5321443011423
1.30595238095238,0.337946356180295,0.28575961328811,0.57644170290398,2.53239151058828
1.30605158730159,0.337917756515492,0.285780645793128,0.576166031441133,2.53263867776121
1.30615079365079,0.337889153102845,0.285801658632112,0.575890492004853,2.53288580267237
1.30625,0.337860545952927,0.285822651812241,0.575615084532053,2.533132885333
1.30634920634921,0.33783193507632,0.285843625340688,0.575339808959672,2.53337992575437
1.30644841269841,0.337803320483621,0.285864579224615,0.575064665224671,2.53362692394769
1.30654761904762,0.337774702185438,0.285885513471176,0.574789653264038,2.53387387992421
1.30664682539683,0.337746080192387,0.285906428087516,0.574514773014784,2.53412079369513
1.30674603174603,0.337717454515101,0.28592732308077,0.574240024413943,2.53436766527167
1.30684523809524,0.337688825164222,0.285948198458063,0.573965407398574,2.53461449466501
1.30694444444444,0.337660192150402,0.285969054226514,0.573690921905762,2.53486128188634
1.30704365079365,0.337631555484307,0.28598989039323,0.573416567872614,2.53510802694684
1.30714285714286,0.337602915176615,0.286010706965309,0.573142345236263,2.53535472985766
1.30724206349206,0.337574271238013,0.286031503949843,0.572868253933864,2.53560139062997
1.30734126984127,0.337545623679202,0.286052281353911,0.572594293902599,2.5358480092749
1.30744047619048,0.337516972510893,0.286073039184586,0.572320465079672,2.5360945858036
1.30753968253968,0.337488317743811,0.286093777448929,0.572046767402313,2.53634112022718
1.30763888888889,0.33745965938869,0.286114496153994,0.571773200807774,2.53658761255675
1.3077380952381,0.337430997456278,0.286135195306825,0.571499765233335,2.53683406280342
1.3078373015873,0.337402331957331,0.286155874914457,0.571226460616295,2.53708047097828
1.30793650793651,0.33737366290262,0.286176534983917,0.570953286893982,2.53732683709241
1.30803571428571,0.337344990302928,0.28619717552222,0.570680244003747,2.53757316115688
1.30813492063492,0.337316314169046,0.286217796536376,0.570407331882963,2.53781944318276
1.30823412698413,0.33728763451178,0.286238398033382,0.570134550469029,2.53806568318109
1.30833333333333,0.337258951341946,0.286258980020229,0.56986189969937,2.53831188116292
1.30843253968254,0.337230264670373,0.286279542503896,0.569589379511432,2.53855803713927
1.30853174603175,0.337201574507899,0.286300085491355,0.569316989842686,2.53880415112117
1.30863095238095,0.337172880865377,0.286320608989568,0.569044730630631,2.53905022311962
1.30873015873016,0.33714418375367,0.286341113005489,0.568772601812784,2.53929625314563
1.30882936507936,0.337115483183651,0.286361597546061,0.568500603326691,2.53954224121018
1.30892857142857,0.337086779166207,0.286382062618219,0.56822873510992,2.53978818732425
1.30902777777778,0.337058071712236,0.286402508228889,0.567956997100065,2.54003409149881
1.30912698412698,0.337029360832648,0.286422934384988,0.567685389234742,2.54027995374481
1.30922619047619,0.337000646538363,0.286443341093423,0.567413911451593,2.54052577407321
1.3093253968254,0.336971928840314,0.286463728361093,0.567142563688285,2.54077155249495
1.3094246031746,0.336943207749446,0.286484096194886,0.566871345882506,2.54101728902094
1.30952380952381,0.336914483276714,0.286504444601684,0.566600257971971,2.54126298366211
1.30962301587302,0.336885755433087,0.286524773588357,0.56632929989442,2.54150863642936
1.30972222222222,0.336857024229543,0.286545083161768,0.566058471587613,2.5417542473336
1.30982142857143,0.336828289677073,0.286565373328769,0.565787772989339,2.54199981638569
1.30992063492063,0.336799551786679,0.286585644096203,0.565517204037409,2.54224534359653
1.31001984126984,0.336770810569376,0.286605895470907,0.565246764669658,2.54249082897697
1.31011904761905,0.33674206603619,0.286626127459704,0.564976454823946,2.54273627253787
1.31021825396825,0.336713318198158,0.286646340069412,0.564706274438157,2.54298167429008
1.31031746031746,0.336684567066328,0.286666533306838,0.5644362234502,2.54322703424443
1.31041666666667,0.336655812651761,0.28668670717878,0.564166301798007,2.54347235241174
1.31051587301587,0.336627054965531,0.286706861692027,0.563896509419534,2.54371762880283
1.31061507936508,0.336598294018719,0.28672699685336,0.563626846252763,2.5439628634285
1.31071428571429,0.336569529822423,0.286747112669549,0.5633573122357,2.54420805629954
1.31081349206349,0.336540762387749,0.286767209147355,0.563087907306374,2.54445320742674
1.3109126984127,0.336511991725815,0.286787286293532,0.562818631402837,2.54469831682086
1.3110119047619,0.336483217847753,0.286807344114824,0.562549484463171,2.54494338449268
1.31111111111111,0.336454440764703,0.286827382617963,0.562280466425475,2.54518841045294
1.31121031746032,0.336425660487821,0.286847401809677,0.562011577227876,2.54543339471239
1.31130952380952,0.33639687702827,0.28686740169668,0.561742816808526,2.54567833728175
1.31140873015873,0.336368090397228,0.286887382285681,0.5614741851056,2.54592323817175
1.31150793650794,0.336339300605884,0.286907343583377,0.561205682057297,2.54616809739309
1.31160714285714,0.336310507665436,0.286927285596456,0.560937307601841,2.54641291495648
1.31170634920635,0.336281711587099,0.2869472083316,0.560669061677478,2.54665769087261
1.31180555555556,0.336252912382093,0.286967111795477,0.560400944222483,2.54690242515215
1.31190476190476,0.336224110061655,0.286986995994751,0.560132955175151,2.54714711780579
1.31200396825397,0.336195304637031,0.287006860936073,0.559865094473803,2.54739176884416
1.31210317460317,0.33616649611948,0.287026706626087,0.559597362056783,2.54763637827794
1.31220238095238,0.336137684520271,0.287046533071426,0.559329757862461,2.54788094611774
1.31230158730159,0.336108869850685,0.287066340278717,0.55906228182923,2.54812547237421
1.31240079365079,0.336080052122017,0.287086128254574,0.558794933895508,2.54836995705795
1.3125,0.33605123134557,0.287105897005605,0.558527713999737,2.54861440017958
1.31259920634921,0.336022407532661,0.287125646538408,0.558260622080383,2.54885880174969
1.31269841269841,0.335993580694618,0.28714537685957,0.557993658075936,2.54910316177888
1.31279761904762,0.335964750842781,0.287165087975673,0.557726821924911,2.54934748027771
1.31289682539683,0.335935917988501,0.287184779893285,0.557460113565848,2.54959175725676
1.31299603174603,0.33590708214314,0.287204452618969,0.557193532937308,2.54983599272657
1.31309523809524,0.335878243318074,0.287224106159277,0.556927079977881,2.5500801866977
1.31319444444444,0.335849401524688,0.287243740520751,0.556660754626177,2.55032433918068
1.31329365079365,0.33582055677438,0.287263355709926,0.556394556820832,2.55056845018603
1.31339285714286,0.33579170907856,0.287282951733326,0.556128486500507,2.55081251972428
1.31349206349206,0.335762858448648,0.287302528597468,0.555862543603886,2.55105654780592
1.31359126984127,0.335734004896078,0.287322086308857,0.555596728069678,2.55130053444145
1.31369047619048,0.335705148432293,0.287341624873992,0.555331039836616,2.55154447964135
1.31378968253968,0.335676289068749,0.28736114429936,0.555065478843456,2.5517883834161
1.31388888888889,0.335647426816914,0.287380644591442,0.554800045028982,2.55203224577616
1.3139880952381,0.335618561688267,0.287400125756707,0.554534738331998,2.55227606673198
1.3140873015873,0.335589693694299,0.287419587801617,0.554269558691334,2.552519846294
1.31418650793651,0.335560822846512,0.287439030732622,0.554004506045845,2.55276358447266
1.31428571428571,0.335531949156421,0.287458454556167,0.553739580334409,2.55300728127839
1.31438492063492,0.33550307263555,0.287477859278685,0.553474781495929,2.55325093672158
1.31448412698413,0.335474193295437,0.2874972449066,0.553210109469331,2.55349455081264
1.31458333333333,0.335445311147631,0.287516611446329,0.552945564193569,2.55373812356197
1.31468253968254,0.335416426203693,0.287535958904277,0.552681145607615,2.55398165497995
1.31478174603175,0.335387538475195,0.287555287286841,0.552416853650472,2.55422514507694
1.31488095238095,0.33535864797372,0.287574596600411,0.552152688261163,2.5544685938633
1.31498015873016,0.335329754710863,0.287593886851364,0.551888649378735,2.55471200134939
1.31507936507937,0.335300858698233,0.287613158046072,0.551624736942262,2.55495536754554
1.31517857142857,0.335271959947447,0.287632410190894,0.55136095089084,2.55519869246209
1.31527777777778,0.335243058470136,0.287651643292183,0.551097291163591,2.55544197610935
1.31537698412698,0.335214154277942,0.28767085735628,0.550833757699659,2.55568521849763
1.31547619047619,0.335185247382518,0.287690052389521,0.550570350438215,2.55592841963723
1.3155753968254,0.33515633779553,0.287709228398228,0.550307069318453,2.55617157953843
1.3156746031746,0.335127425528653,0.287728385388718,0.550043914279589,2.55641469821153
1.31577380952381,0.335098510593578,0.287747523367297,0.549780885260867,2.55665777566677
1.31587301587302,0.335069593002003,0.287766642340261,0.549517982201554,2.55690081191442
1.31597222222222,0.33504067276564,0.287785742313898,0.54925520504094,2.55714380696474
1.31607142857143,0.335011749896213,0.287804823294488,0.54899255371834,2.55738676082794
1.31617063492064,0.334982824405456,0.2878238852883,0.548730028173094,2.55762967351426
1.31626984126984,0.334953896305117,0.287842928301594,0.548467628344565,2.55787254503392
1.31636904761905,0.334924965606953,0.287861952340623,0.548205354172141,2.55811537539712
1.31646825396825,0.334896032322733,0.287880957411628,0.547943205595235,2.55835816461405
1.31656746031746,0.334867096464241,0.287899943520843,0.547681182553283,2.55860091269491
1.31666666666667,0.334838158043267,0.287918910674492,0.547419284985745,2.55884361964986
1.31676587301587,0.334809217071618,0.28793785887879,0.547157512832106,2.55908628548907
1.31686507936508,0.33478027356111,0.287956788139943,0.546895866031875,2.55932891022269
1.31696428571429,0.33475132752357,0.287975698464148,0.546634344524587,2.55957149386088
1.31706349206349,0.334722378970838,0.287994589857593,0.546372948249799,2.55981403641375
1.3171626984127,0.334693427914764,0.288013462326456,0.546111677147092,2.56005653789143
1.3172619047619,0.334664474367213,0.288032315876906,0.545850531156072,2.56029899830405
1.31736111111111,0.334635518340059,0.288051150515104,0.545589510216371,2.56054141766169
1.31746031746032,0.334606559845186,0.288069966247202,0.545328614267643,2.56078379597445
1.31755952380952,0.334577598894494,0.288088763079341,0.545067843249566,2.56102613325242
1.31765873015873,0.334548635499891,0.288107541017655,0.544807197101845,2.56126842950566
1.31775793650794,0.334519669673299,0.288126300068267,0.544546675764206,2.56151068474424
1.31785714285714,0.334490701426649,0.288145040237292,0.544286279176401,2.5617528989782
1.31795634920635,0.334461730771887,0.288163761530836,0.544026007278207,2.56199507221759
1.31805555555556,0.334432757720967,0.288182463954996,0.543765860009423,2.56223720447244
1.31815476190476,0.334403782285858,0.288201147515859,0.543505837309874,2.56247929575277
1.31825396825397,0.334374804478538,0.288219812219503,0.543245939119409,2.56272134606858
1.31835317460317,0.334345824310999,0.288238458071998,0.5429861653779,2.56296335542988
1.31845238095238,0.334316841795242,0.288257085079404,0.542726516025246,2.56320532384666
1.31855158730159,0.334287856943281,0.288275693247772,0.542466991001367,2.56344725132889
1.31865079365079,0.334258869767142,0.288294282583143,0.542207590246209,2.56368913788655
1.31875,0.334229880278862,0.288312853091551,0.541948313699742,2.56393098352959
1.31884920634921,0.33420088849049,0.28833140477902,0.541689161301961,2.56417278826796
1.31894841269841,0.334171894414087,0.288349937651563,0.541430132992884,2.56441455211159
1.31904761904762,0.334142898061724,0.288368451715187,0.541171228712554,2.56465627507042
1.31914682539683,0.334113899445485,0.288386946975888,0.540912448401037,2.56489795715436
1.31924603174603,0.334084898577466,0.288405423439652,0.540653791998426,2.56513959837331
1.31934523809524,0.334055895469773,0.288423881112459,0.540395259444836,2.56538119873719
1.31944444444444,0.334026890134526,0.288442320000277,0.540136850680406,2.56562275825586
1.31954365079365,0.333997882583853,0.288460740109066,0.539878565645301,2.5658642769392
1.31964285714286,0.333968872829898,0.288479141444777,0.539620404279709,2.56610575479709
1.31974206349206,0.333939860884813,0.288497524013352,0.539362366523843,2.56634719183938
1.31984126984127,0.333910846760764,0.288515887820723,0.539104452317938,2.5665885880759
1.31994047619048,0.333881830469927,0.288534232872814,0.538846661602258,2.56682994351651
1.32003968253968,0.333852812024491,0.288552559175538,0.538588994317086,2.56707125817101
1.32013888888889,0.333823791436655,0.288570866734802,0.538331450402732,2.56731253204922
1.3202380952381,0.333794768718632,0.288589155556502,0.538074029799531,2.56755376516096
1.3203373015873,0.333765743882644,0.288607425646524,0.53781673244784,2.567794957516
1.32043650793651,0.333736716940926,0.288625677010746,0.537559558288042,2.56803610912414
1.32053571428571,0.333707687905725,0.288643909655037,0.537302507260543,2.56827721999514
1.32063492063492,0.333678656789299,0.288662123585258,0.537045579305774,2.56851829013877
1.32073412698413,0.333649623603917,0.288680318807258,0.536788774364192,2.56875931956478
1.32083333333333,0.333620588361862,0.288698495326878,0.536532092376273,2.56900030828291
1.32093253968254,0.333591551075425,0.288716653149952,0.536275533282523,2.5692412563029
1.32103174603175,0.333562511756911,0.288734792282303,0.53601909702347,2.56948216363446
1.32113095238095,0.333533470418638,0.288752912729744,0.535762783539664,2.56972303028731
1.32123015873016,0.333504427072932,0.288771014498081,0.535506592771684,2.56996385627114
1.32132936507937,0.333475381732132,0.288789097593109,0.535250524660129,2.57020464159565
1.32142857142857,0.333446334408591,0.288807162020616,0.534994579145625,2.57044538627052
1.32152777777778,0.333417285114671,0.288825207786379,0.53473875616882,2.57068609030541
1.32162698412698,0.333388233862746,0.288843234896166,0.534483055670389,2.57092675370999
1.32172619047619,0.333359180665202,0.288861243355737,0.534227477591028,2.5711673764939
1.3218253968254,0.333330125534437,0.288879233170843,0.53397202187146,2.57140795866678
1.3219246031746,0.33330106848286,0.288897204347225,0.53371668845243,2.57164850023826
1.32202380952381,0.333272009522892,0.288915156890614,0.533461477274711,2.57188900121796
1.32212301587302,0.333242948666965,0.288933090806735,0.533206388279095,2.57212946161549
1.32222222222222,0.333213885927524,0.2889510061013,0.532951421406402,2.57236988144045
1.32232142857143,0.333184821317024,0.288968902780014,0.532696576597476,2.57261026070241
1.32242063492063,0.333155754847932,0.288986780848573,0.532441853793183,2.57285059941096
1.32251984126984,0.333126686532728,0.289004640312665,0.532187252934416,2.57309089757567
1.32261904761905,0.333097616383902,0.289022481177965,0.53193277396209,2.57333115520608
1.32271825396825,0.333068544413957,0.289040303450143,0.531678416817146,2.57357137231176
1.32281746031746,0.333039470635406,0.289058107134858,0.531424181440548,2.57381154890222
1.32291666666667,0.333010395060774,0.28907589223776,0.531170067773285,2.574051684987
1.32301587301587,0.3329813177026,0.289093658764489,0.53091607575637,2.57429178057562
1.32311507936508,0.332952238573431,0.289111406720679,0.53066220533084,2.57453183567757
1.32321428571429,0.332923157685828,0.289129136111951,0.530408456437757,2.57477185030235
1.32331349206349,0.332894075052363,0.289146846943919,0.530154829018206,2.57501182445945
1.3234126984127,0.33286499068562,0.289164539222188,0.529901323013298,2.57525175815834
1.3235119047619,0.332835904598194,0.289182212952353,0.529647938364167,2.57549165140847
1.32361111111111,0.332806816802691,0.28919986814,0.529394675011971,2.57573150421932
1.32371031746032,0.332777727311731,0.289217504790708,0.529141532897894,2.57597131660031
1.32380952380952,0.332748636137943,0.289235122910043,0.528888511963142,2.57621108856089
1.32390873015873,0.332719543293969,0.289252722503565,0.528635612148946,2.57645082011046
1.32400793650794,0.332690448792463,0.289270303576825,0.528382833396562,2.57669051125845
1.32410714285714,0.332661352646089,0.289287866135361,0.528130175647271,2.57693016201426
1.32420634920635,0.332632254867525,0.289305410184707,0.527877638842375,2.57716977238728
1.32430555555556,0.332603155469457,0.289322935730385,0.527625222923203,2.57740934238688
1.32440476190476,0.332574054464588,0.289340442777907,0.527372927831109,2.57764887202244
1.32450396825397,0.332544951865627,0.28935793133278,0.527120753507468,2.57788836130333
1.32460317460317,0.332515847685298,0.289375401400497,0.526868699893682,2.57812781023888
1.32470238095238,0.332486741936335,0.289392852986545,0.526616766931177,2.57836721883844
1.32480158730159,0.332457634631486,0.289410286096401,0.526364954561401,2.57860658711134
1.32490079365079,0.332428525783508,0.289427700735532,0.526113262725829,2.5788459150669
1.325,0.332399415405171,0.289445096909399,0.525861691365959,2.57908520271443
1.32509920634921,0.332370303509256,0.289462474623449,0.525610240423313,2.57932445006322
1.32519841269841,0.332341190108555,0.289479833883124,0.525358909839437,2.57956365712257
1.32529761904762,0.332312075215874,0.289497174693855,0.525107699555904,2.57980282390174
1.32539682539683,0.332282958844029,0.289514497061064,0.524856609514307,2.58004195041002
1.32549603174603,0.332253841005847,0.289531800990166,0.524605639656267,2.58028103665665
1.32559523809524,0.332224721714168,0.289549086486563,0.524354789923426,2.58052008265088
1.32569444444444,0.332195600981843,0.28956635355565,0.524104060257453,2.58075908840196
1.32579365079365,0.332166478821734,0.289583602202815,0.52385345060004,2.5809980539191
1.32589285714286,0.332137355246716,0.289600832433432,0.523602960892904,2.58123697921152
1.32599206349206,0.332108230269675,0.289618044252871,0.523352591077785,2.58147586428843
1.32609126984127,0.332079103903508,0.28963523766649,0.523102341096447,2.58171470915902
1.32619047619048,0.332049976161124,0.289652412679637,0.522852210890681,2.58195351383249
1.32628968253968,0.332020847055444,0.289669569297653,0.5226022004023,2.58219227831799
1.32638888888889,0.331991716599401,0.289686707525871,0.52235230957314,2.58243100262471
1.3264880952381,0.331962584805938,0.28970382736961,0.522102538345066,2.58266968676178
1.3265873015873,0.331933451688011,0.289720928834186,0.521852886659961,2.58290833073836
1.32668650793651,0.331904317258588,0.289738011924901,0.521603354459738,2.58314693456358
1.32678571428571,0.331875181530648,0.28975507664705,0.52135394168633,2.58338549824657
1.32688492063492,0.33184604451718,0.289772123005918,0.521104648281697,2.58362402179643
1.32698412698413,0.331816906231187,0.289789151006784,0.520855474187821,2.58386250522227
1.32708333333333,0.331787766685684,0.289806160654913,0.520606419346711,2.58410094853317
1.32718253968254,0.331758625893694,0.289823151955564,0.520357483700398,2.58433935173824
1.32728174603175,0.331729483868256,0.289840124913986,0.520108667190938,2.58457771484652
1.32738095238095,0.331700340622419,0.28985707953542,0.519859969760412,2.58481603786709
1.32748015873016,0.331671196169241,0.289874015825096,0.519611391350924,2.585054320809
1.32757936507937,0.331642050521796,0.289890933788236,0.519362931904601,2.58529256368129
1.32767857142857,0.331612903693166,0.289907833430054,0.519114591363599,2.58553076649298
1.32777777777778,0.331583755696448,0.289924714755752,0.518866369670094,2.58576892925311
1.32787698412698,0.331554606544747,0.289941577770525,0.518618266766286,2.58600705197067
1.32797619047619,0.331525456251182,0.289958422479558,0.518370282594404,2.58624513465467
1.3280753968254,0.331496304828884,0.289975248888029,0.518122417096695,2.5864831773141
1.3281746031746,0.331467152290993,0.289992057001103,0.517874670215435,2.58672117995793
1.32827380952381,0.331437998650664,0.29000884682394,0.517627041892922,2.58695914259514
1.32837301587302,0.331408843921061,0.290025618361687,0.517379532071479,2.58719706523468
1.32847222222222,0.331379688115361,0.290042371619486,0.517132140693453,2.58743494788551
1.32857142857143,0.331350531246752,0.290059106602466,0.516884867701216,2.58767279055655
1.32867063492063,0.331321373328433,0.290075823315749,0.516637713037162,2.58791059325674
1.32876984126984,0.331292214373617,0.290092521764449,0.516390676643711,2.588148355995
1.32886904761905,0.331263054395526,0.290109201953667,0.516143758463309,2.58838607878022
1.32896825396825,0.331233893407394,0.290125863888499,0.515896958438423,2.58862376162131
1.32906746031746,0.331204731422469,0.29014250757403,0.515650276511545,2.58886140452715
1.32916666666667,0.331175568454008,0.290159133015335,0.515403712625193,2.58909900750663
1.32926587301587,0.331146404515281,0.290175740217482,0.515157266721908,2.5893365705686
1.32936507936508,0.331117239619569,0.290192329185529,0.514910938744255,2.58957409372191
1.32946428571429,0.331088073780164,0.290208899924524,0.514664728634823,2.58981157697543
1.32956349206349,0.331058907010372,0.290225452439507,0.514418636336227,2.59004902033797
1.3296626984127,0.331029739323508,0.290241986735508,0.514172661791105,2.59028642381837
1.3297619047619,0.331000570732899,0.29025850281755,0.513926804942118,2.59052378742543
1.32986111111111,0.330971401251887,0.290275000690643,0.513681065731955,2.59076111116797
1.32996031746032,0.33094223089382,0.290291480359792,0.513435444103325,2.59099839505477
1.33005952380952,0.330913059672062,0.29030794182999,0.513189939998963,2.59123563909462
1.33015873015873,0.330883887599987,0.290324385106222,0.51294455336163,2.59147284329629
1.33025793650794,0.330854714690981,0.290340810193464,0.512699284134108,2.59171000766855
1.33035714285714,0.330825540958441,0.290357217096683,0.512454132259207,2.59194713222014
1.33045634920635,0.330796366415777,0.290373605820837,0.512209097679757,2.59218421695981
1.33055555555556,0.330767191076409,0.290389976370874,0.511964180338616,2.59242126189628
1.33065476190476,0.330738014953769,0.290406328751733,0.511719380178663,2.59265826703829
1.33075396825397,0.330708838061301,0.290422662968345,0.511474697142804,2.59289523239454
1.33085317460317,0.330679660412462,0.29043897902563,0.511230131173969,2.59313215797374
1.33095238095238,0.330650482020717,0.290455276928502,0.51098568221511,2.59336904378456
1.33105158730159,0.330621302899547,0.290471556681862,0.510741350209205,2.5936058898357
1.33115079365079,0.330592123062441,0.290487818290605,0.510497135099257,2.59384269613582
1.33125,0.330562942522901,0.290504061759616,0.510253036828291,2.59407946269359
1.33134920634921,0.330533761294442,0.290520287093769,0.510009055339358,2.59431618951764
1.33144841269841,0.330504579390588,0.290536494297932,0.509765190575533,2.59455287661663
1.33154761904762,0.330475396824877,0.290552683376962,0.509521442479914,2.59478952399917
1.33164682539683,0.330446213610857,0.290568854335707,0.509277810995625,2.59502613167389
1.33174603174603,0.330417029762089,0.290585007179006,0.509034296065814,2.59526269964939
1.33184523809524,0.330387845292143,0.29060114191169,0.508790897633652,2.59549922793428
1.33194444444444,0.330358660214605,0.290617258538578,0.508547615642335,2.59573571653713
1.33204365079365,0.330329474543068,0.290633357064484,0.508304450035083,2.59597216546654
1.33214285714286,0.33030028829114,0.29064943749421,0.508061400755141,2.59620857473105
1.33224206349206,0.330271101472438,0.29066549983255,0.507818467745778,2.59644494433924
1.33234126984127,0.330241914100594,0.290681544084287,0.507575650950286,2.59668127429964
1.33244047619048,0.330212726189248,0.290697570254197,0.507332950311984,2.59691756462079
1.33253968253968,0.330183537752053,0.290713578347047,0.507090365774212,2.59715381531122
1.33263888888889,0.330154348802675,0.290729568367594,0.506847897280337,2.59739002637944
1.3327380952381,0.33012515935479,0.290745540320586,0.506605544773747,2.59762619783396
1.3328373015873,0.330095969422087,0.290761494210761,0.506363308197859,2.59786232968326
1.33293650793651,0.330066779018264,0.29077743004285,0.50612118749611,2.59809842193585
1.33303571428571,0.330037588157033,0.290793347821573,0.505879182611962,2.59833447460018
1.33313492063492,0.330008396852117,0.290809247551642,0.505637293488904,2.59857048768473
1.33323412698413,0.329979205117252,0.290825129237759,0.505395520070446,2.59880646119794
1.33333333333333,0.329950012966182,0.290840992884618,0.505153862300125,2.59904239514826
1.33343253968254,0.329920820412666,0.290856838496903,0.504912320121499,2.59927828954413
1.33353174603175,0.329891627470474,0.290872666079289,0.504670893478153,2.59951414439395
1.33363095238095,0.329862434153386,0.290888475636442,0.504429582313696,2.59974995970616
1.33373015873016,0.329833240475195,0.290904267173019,0.504188386571759,2.59998573548914
1.33382936507937,0.329804046449707,0.290920040693668,0.503947306196,2.60022147175129
1.33392857142857,0.329774852090735,0.290935796203028,0.503706341130101,2.600457168501
1.33402777777778,0.329745657412109,0.290951533705727,0.503465491317765,2.60069282574662
1.33412698412698,0.329716462427668,0.290967253206388,0.503224756702723,2.60092844349653
1.33422619047619,0.329687267151261,0.29098295470962,0.502984137228729,2.60116402175907
1.3343253968254,0.329658071596753,0.290998638220026,0.502743632839561,2.60139956054258
1.3344246031746,0.329628875778017,0.2910143037422,0.502503243479021,2.60163505985539
1.33452380952381,0.329599679708938,0.291029951280726,0.502262969090937,2.60187051970583
1.33462301587302,0.329570483403414,0.291045580840177,0.502022809619158,2.60210594010219
1.33472222222222,0.329541286875355,0.291061192425121,0.50178276500756,2.60234132105278
1.33482142857143,0.32951209013868,0.291076786040114,0.501542835200043,2.60257666256589
1.33492063492063,0.329482893207323,0.291092361689703,0.501303020140529,2.6028119646498
1.33501984126984,0.329453696095226,0.291107919378427,0.501063319772968,2.60304722731277
1.33511904761905,0.329424498816346,0.291123459110815,0.50082373404133,2.60328245056306
1.33521825396825,0.329395301384649,0.291138980891388,0.500584262889614,2.60351763440891
1.33531746031746,0.329366103814114,0.291154484724656,0.500344906261839,2.60375277885858
1.33541666666667,0.329336906118732,0.291169970615122,0.50010566410205,2.60398788392027
1.33551587301587,0.329307708312505,0.291185438567279,0.499866536354317,2.60422294960221
1.33561507936508,0.329278510409446,0.29120088858561,0.499627522962732,2.6044579759126
1.33571428571429,0.329249312423581,0.29121632067459,0.499388623871414,2.60469296285964
1.33581349206349,0.329220114368946,0.291231734838684,0.499149839024505,2.60492791045152
1.3359126984127,0.329190916259591,0.29124713108235,0.498911168366171,2.6051628186964
1.3360119047619,0.329161718109574,0.291262509410034,0.498672611840602,2.60539768760246
1.33611111111111,0.329132519932968,0.291277869826175,0.498434169392013,2.60563251717784
1.33621031746032,0.329103321743857,0.291293212335201,0.498195840964643,2.6058673074307
1.33630952380952,0.329074123556335,0.291308536941534,0.497957626502756,2.60610205836917
1.33640873015873,0.329044925384509,0.291323843649583,0.497719525950638,2.60633677000136
1.33650793650794,0.329015727242497,0.29133913246375,0.497481539252602,2.6065714423354
1.33660714285714,0.328986529144429,0.291354403388429,0.497243666352983,2.60680607537938
1.33670634920635,0.328957331104447,0.291369656428002,0.497005907196143,2.6070406691414
1.33680555555556,0.328928133136704,0.291384891586845,0.496768261726464,2.60727522362954
1.33690476190476,0.328898935255365,0.291400108869323,0.496530729888357,2.60750973885187
1.33700396825397,0.328869737474605,0.291415308279791,0.496293311626254,2.60774421481646
1.33710317460317,0.328840539808614,0.291430489822597,0.496056006884613,2.60797865153135
1.33720238095238,0.32881134227159,0.291445653502079,0.495818815607914,2.60821304900458
1.33730158730159,0.328782144877745,0.291460799322565,0.495581737740665,2.6084474072442
1.33740079365079,0.328752947641302,0.291475927288377,0.495344773227394,2.60868172625821
1.3375,0.328723750576496,0.291491037403823,0.495107922012657,2.60891600605462
1.33759920634921,0.328694553697572,0.291506129673207,0.494871184041031,2.60915024664145
1.33769841269841,0.328665357018788,0.29152120410082,0.49463455925712,2.60938444802667
1.33779761904762,0.328636160554415,0.291536260690945,0.49439804760555,2.60961861021827
1.33789682539683,0.328606964318732,0.291551299447857,0.494161649030974,2.60985273322421
1.33799603174603,0.328577768326033,0.291566320375822,0.493925363478066,2.61008681705245
1.33809523809524,0.328548572590621,0.291581323479094,0.493689190891527,2.61032086171095
1.33819444444444,0.328519377126813,0.291596308761921,0.49345313121608,2.61055486720763
1.33829365079365,0.328490181948937,0.291611276228541,0.493217184396474,2.61078883355043
1.33839285714286,0.328460987071331,0.291626225883182,0.492981350377482,2.61102276074727
1.33849206349206,0.328431792508346,0.291641157730063,0.4927456291039,2.61125664880604
1.33859126984127,0.328402598274344,0.291656071773397,0.49251002052055,2.61149049773465
1.33869047619048,0.328373404383701,0.291670968017382,0.492274524572276,2.61172430754099
1.33878968253968,0.328344210850801,0.291685846466213,0.492039141203949,2.61195807823293
1.33888888888889,0.328315017690041,0.291700707124072,0.491803870360462,2.61219180981833
1.3389880952381,0.328285824915831,0.291715549995132,0.491568711986735,2.61242550230506
1.3390873015873,0.328256632542592,0.29173037508356,0.491333666027708,2.61265915570095
1.33918650793651,0.328227440584754,0.29174518239351,0.491098732428348,2.61289277001384
1.33928571428571,0.328198249056763,0.291759971929129,0.490863911133648,2.61312634525156
1.33938492063492,0.328169057973073,0.291774743694555,0.490629202088621,2.61335988142192
1.33948412698413,0.328139867348152,0.291789497693916,0.490394605238307,2.61359337853273
1.33958333333333,0.328110677196478,0.291804233931332,0.490160120527769,2.61382683659177
1.33968253968254,0.328081487532542,0.291818952410913,0.489925747902097,2.61406025560683
1.33978174603175,0.328052298370846,0.29183365313676,0.489691487306401,2.61429363558569
1.33988095238095,0.328023109725902,0.291848336112964,0.489457338685819,2.6145269765361
1.33998015873016,0.327993921612237,0.291863001343609,0.489223301985511,2.61476027846582
1.34007936507936,0.327964734044387,0.291877648832769,0.488989377150663,2.6149935413826
1.34017857142857,0.327935547036901,0.291892278584508,0.488755564126482,2.61522676529415
1.34027777777778,0.327906360604338,0.291906890602882,0.488521862858203,2.61545995020821
1.34037698412698,0.32787717476127,0.291921484891937,0.488288273291083,2.61569309613249
1.34047619047619,0.327847989522281,0.29193606145571,0.488054795370405,2.61592620307468
1.3405753968254,0.327818804901966,0.29195062029823,0.487821429041475,2.61615927104248
1.3406746031746,0.327789620914931,0.291965161423516,0.487588174249622,2.61639230004357
1.34077380952381,0.327760437575794,0.291979684835577,0.487355030940203,2.61662529008562
1.34087301587302,0.327731254899186,0.291994190538415,0.487121999058596,2.61685824117628
1.34097222222222,0.327702072899747,0.292008678536021,0.486889078550203,2.61709115332321
1.34107142857143,0.327672891592131,0.292023148832379,0.486656269360453,2.61732402653404
1.34117063492063,0.327643710991002,0.292037601431461,0.486423571434798,2.61755686081641
1.34126984126984,0.327614531111037,0.292052036337232,0.486190984718713,2.61778965617793
1.34136904761905,0.327585351966924,0.292066453553647,0.485958509157699,2.61802241262621
1.34146825396825,0.327556173573362,0.292080853084653,0.48572614469728,2.61825513016885
1.34156746031746,0.327526995945062,0.292095234934186,0.485493891283006,2.61848780881343
1.34166666666667,0.327497819096748,0.292109599106175,0.485261748860448,2.61872044856754
1.34176587301587,0.327468643043154,0.292123945604538,0.485029717375205,2.61895304943873
1.34186507936508,0.327439467799025,0.292138274433186,0.484797796772897,2.61918561143457
1.34196428571429,0.32741029337912,0.292152585596018,0.484565986999172,2.61941813456261
1.34206349206349,0.327381119798208,0.292166879096927,0.484334287999698,2.61965061883037
1.3421626984127,0.32735194707107,0.292181154939794,0.48410269972017,2.61988306424539
1.3422619047619,0.327322775212498,0.292195413128493,0.483871222106307,2.62011547081518
1.34236111111111,0.327293604237297,0.292209653666889,0.483639855103852,2.62034783854724
1.34246031746032,0.327264434160282,0.292223876558836,0.483408598658571,2.62058016744907
1.34255952380952,0.327235264996282,0.29223808180818,0.483177452716257,2.62081245752815
1.34265873015873,0.327206096760134,0.292252269418758,0.482946417222724,2.62104470879196
1.34275793650794,0.327176929466691,0.292266439394398,0.482715492123812,2.62127692124797
1.34285714285714,0.327147763130813,0.292280591738919,0.482484677365386,2.62150909490361
1.34295634920635,0.327118597767376,0.29229472645613,0.482253972893334,2.62174122976635
1.34305555555556,0.327089433391264,0.292308843549831,0.482023378653568,2.6219733258436
1.34315476190476,0.327060270017376,0.292322943023814,0.481792894592026,2.6222053831428
1.34325396825397,0.327031107660619,0.292337024881861,0.481562520654669,2.62243740167136
1.34335317460317,0.327001946335914,0.292351089127745,0.481332256787481,2.62266938143667
1.34345238095238,0.326972786058194,0.29236513576523,0.481102102936473,2.62290132244613
1.34355158730159,0.326943626842402,0.29237916479807,0.480872059047678,2.62313322470713
1.34365079365079,0.326914468703493,0.292393176230013,0.480642125067155,2.62336508822702
1.34375,0.326885311656435,0.292407170064793,0.480412300940986,2.62359691301318
1.34384920634921,0.326856155716206,0.292421146306139,0.480182586615278,2.62382869907295
1.34394841269841,0.326827000897796,0.292435104957769,0.479952982036162,2.62406044641367
1.34404761904762,0.326797847216207,0.292449046023393,0.479723487149792,2.62429215504267
1.34414682539683,0.326768694686453,0.29246296950671,0.479494101902348,2.62452382496728
1.34424603174603,0.326739543323559,0.292476875411412,0.479264826240035,2.6247554561948
1.34434523809524,0.326710393142561,0.29249076374118,0.479035660109079,2.62498704873253
1.34444444444444,0.326681244158509,0.292504634499688,0.478806603455734,2.62521860258775
1.34454365079365,0.32665209638646,0.292518487690599,0.478577656226275,2.62545011776776
1.34464285714286,0.326622949841489,0.292532323317568,0.478348818367003,2.62568159427981
1.34474206349206,0.326593804538677,0.29254614138424,0.478120089824244,2.62591303213116
1.34484126984127,0.32656466049312,0.292559941894252,0.477891470544345,2.62614443132906
1.34494047619048,0.326535517719923,0.292573724851231,0.477662960473682,2.62637579188075
1.34503968253968,0.326506376234206,0.292587490258794,0.477434559558651,2.62660711379345
1.34513888888889,0.326477236051098,0.292601238120552,0.477206267745675,2.62683839707438
1.3452380952381,0.32644809718574,0.292614968440105,0.4769780849812,2.62706964173075
1.3453373015873,0.326418959653286,0.292628681221042,0.476750011211697,2.62730084776975
1.34543650793651,0.326389823468899,0.292642376466946,0.476522046383659,2.62753201519856
1.34553571428571,0.326360688647757,0.292656054181389,0.476294190443606,2.62776314402437
1.34563492063492,0.326331555205047,0.292669714367935,0.476066443338082,2.62799423425434
1.34573412698413,0.326302423155968,0.292683357030138,0.475838805013654,2.62822528589562
1.34583333333333,0.326273292515732,0.292696982171544,0.475611275416914,2.62845629895535
1.34593253968254,0.326244163299562,0.292710589795688,0.475383854494477,2.62868727344068
1.34603174603175,0.326215035522691,0.292724179906098,0.475156542192984,2.62891820935872
1.34613095238095,0.326185909200366,0.292737752506292,0.4749293384591,2.62914910671658
1.34623015873016,0.326156784347845,0.292751307599778,0.474702243239513,2.62937996552138
1.34632936507937,0.326127660980396,0.292764845190056,0.474475256480936,2.6296107857802
1.34642857142857,0.326098539113301,0.292778365280617,0.474248378130108,2.62984156750012
1.34652777777778,0.326069418761852,0.292791867874943,0.474021608133788,2.63007231068822
1.34662698412698,0.326040299941354,0.292805352976505,0.473794946438764,2.63030301535156
1.34672619047619,0.326011182667122,0.292818820588767,0.473568392991845,2.6305336814972
1.3468253968254,0.325982066954483,0.292832270715183,0.473341947739865,2.63076430913216
1.3469246031746,0.325952952818776,0.292845703359198,0.473115610629683,2.63099489826349
1.34702380952381,0.325923840275353,0.292859118524249,0.472889381608183,2.6312254488982
1.34712301587302,0.325894729339575,0.292872516213761,0.47266326062227,2.6314559610433
1.34722222222222,0.325865620026816,0.292885896431153,0.472437247618877,2.6316864347058
1.34732142857143,0.325836512352462,0.292899259179833,0.472211342544958,2.63191686989268
1.34742063492064,0.32580740633191,0.292912604463201,0.471985545347495,2.63214726661092
1.34751984126984,0.325778301980569,0.292925932284646,0.471759855973491,2.63237762486749
1.34761904761905,0.325749199313859,0.292939242647552,0.471534274369973,2.63260794466936
1.34771825396825,0.325720098347212,0.292952535555288,0.471308800483996,2.63283822602346
1.34781746031746,0.325690999096072,0.292965811011219,0.471083434262636,2.63306846893674
1.34791666666667,0.325661901575894,0.292979069018699,0.470858175652994,2.63329867341612
1.34801587301587,0.325632805802145,0.292992309581072,0.470633024602195,2.63352883946853
1.34811507936508,0.325603711790303,0.293005532701674,0.470407981057389,2.63375896710087
1.34821428571429,0.325574619555859,0.293018738383831,0.47018304496575,2.63398905632003
1.34831349206349,0.325545529114315,0.293031926630862,0.469958216274477,2.6342191071329
1.3484126984127,0.325516440481183,0.293045097446074,0.46973349493079,2.63444911954637
1.3485119047619,0.32548735367199,0.293058250832766,0.469508880881938,2.63467909356728
1.34861111111111,0.325458268702271,0.29307138679423,0.469284374075191,2.63490902920251
1.34871031746032,0.325429185587575,0.293084505333745,0.469059974457845,2.6351389264589
1.34880952380952,0.325400104343461,0.293097606454584,0.468835681977218,2.63536878534327
1.34890873015873,0.325371024985502,0.29311069016001,0.468611496580654,2.63559860586247
1.34900793650794,0.325341947529281,0.293123756453275,0.468387418215523,2.63582838802329
1.34910714285714,0.325312871990392,0.293136805337626,0.468163446829215,2.63605813183254
1.34920634920635,0.325283798384441,0.293149836816297,0.467939582369147,2.63628783729703
1.34930555555556,0.325254726727047,0.293162850892515,0.467715824782759,2.63651750442352
1.34940476190476,0.32522565703384,0.293175847569497,0.467492174017518,2.6367471332188
1.34950396825397,0.32519658932046,0.29318882685045,0.467268630020911,2.63697672368963
1.34960317460317,0.325167523602561,0.293201788738575,0.467045192740453,2.63720627584276
1.34970238095238,0.325138459895807,0.293214733237061,0.466821862123681,2.63743578968493
1.34980158730159,0.325109398215875,0.293227660349089,0.466598638118158,2.63766526522288
1.34990079365079,0.325080338578452,0.29324057007783,0.466375520671469,2.63789470246332
1.35,0.325051280999237,0.293253462426447,0.466152509731224,2.63812410141297
1.35009920634921,0.325022225493942,0.293266337398094,0.465929605245061,2.63835346207852
1.35019841269841,0.324993172078289,0.293279194995915,0.465706807160635,2.63858278446668
1.35029761904762,0.324964120768013,0.293292035223045,0.465484115425632,2.63881206858411
1.35039682539683,0.324935071578859,0.29330485808261,0.465261529987757,2.6390413144375
1.35049603174603,0.324906024526586,0.293317663577728,0.465039050794745,2.63927052203349
1.35059523809524,0.324876979626962,0.293330451711505,0.46481667779435,2.63949969137875
1.35069444444444,0.324847936895768,0.293343222487042,0.464594410934353,2.6397288224799
1.35079365079365,0.324818896348797,0.293355975907428,0.464372250162557,2.63995791534358
1.35089285714286,0.324789858001852,0.293368711975742,0.464150195426793,2.6401869699764
1.35099206349206,0.324760821870749,0.293381430695058,0.463928246674913,2.64041598638498
1.35109126984127,0.324731787971317,0.293394132068436,0.463706403854794,2.64064496457591
1.35119047619048,0.324702756319392,0.293406816098931,0.463484666914339,2.64087390455578
1.35128968253968,0.324673726930827,0.293419482789586,0.463263035801472,2.64110280633117
1.35138888888889,0.324644699821483,0.293432132143437,0.463041510464144,2.64133166990864
1.3514880952381,0.324615675007235,0.293444764163509,0.462820090850329,2.64156049529476
1.3515873015873,0.324586652503967,0.293457378852819,0.462598776908027,2.64178928249605
1.35168650793651,0.324557632327577,0.293469976214375,0.462377568585259,2.64201803151908
1.35178571428571,0.324528614493973,0.293482556251175,0.462156465830073,2.64224674237035
1.35188492063492,0.324499599019075,0.29349511896621,0.46193546859054,2.64247541505638
1.35198412698413,0.324470585918817,0.293507664362458,0.461714576814756,2.64270404958369
1.35208333333333,0.32444157520914,0.293520192442892,0.46149379045084,2.64293264595876
1.35218253968254,0.324412566906001,0.293532703210473,0.461273109446937,2.64316120418808
1.35228174603175,0.324383561025367,0.293545196668155,0.461052533751216,2.64338972427812
1.35238095238095,0.324354557583215,0.293557672818881,0.460832063311868,2.64361820623535
1.35248015873016,0.324325556595536,0.293570131665586,0.460611698077111,2.64384665006623
1.35257936507937,0.324296558078331,0.293582573211197,0.460391437995185,2.64407505577718
1.35267857142857,0.324267562047614,0.293594997458628,0.460171283014358,2.64430342337466
1.35277777777778,0.32423856851941,0.293607404410789,0.459951233082917,2.64453175286507
1.35287698412698,0.324209577509756,0.293619794070576,0.459731288149177,2.64476004425484
1.35297619047619,0.324180589034698,0.293632166440881,0.459511448161475,2.64498829755036
1.3530753968254,0.324151603110299,0.293644521524581,0.459291713068176,2.64521651275803
1.3531746031746,0.324122619752628,0.293656859324549,0.459072082817664,2.64544468988422
1.35327380952381,0.32409363897777,0.293669179843647,0.458852557358352,2.64567282893532
1.35337301587302,0.324064660801818,0.293681483084727,0.458633136638673,2.64590092991768
1.35347222222222,0.324035685240879,0.293693769050633,0.458413820607089,2.64612899283764
1.35357142857143,0.324006712311071,0.293706037744199,0.458194609212081,2.64635701770156
1.35367063492063,0.323977742028523,0.293718289168251,0.45797550240216,2.64658500451576
1.35376984126984,0.323948774409378,0.293730523325605,0.457756500125855,2.64681295328656
1.35386904761905,0.323919809469787,0.293742740219069,0.457537602331725,2.64704086402027
1.35396825396825,0.323890847225915,0.29375493985144,0.45731880896835,2.64726873672319
1.35406746031746,0.323861887693939,0.293767122225507,0.457100119984334,2.64749657140161
1.35416666666667,0.323832930890046,0.293779287344051,0.456881535328308,2.6477243680618
1.35426587301587,0.323803976830435,0.293791435209842,0.456663054948924,2.64795212671004
1.35436507936508,0.323775025531317,0.293803565825642,0.45644467879486,2.64817984735258
1.35446428571429,0.323746077008915,0.293815679194203,0.456226406814818,2.64840752999567
1.35456349206349,0.323717131279464,0.293827775318269,0.456008238957525,2.64863517464554
1.3546626984127,0.323688188359208,0.293839854200574,0.455790175171731,2.64886278130843
1.3547619047619,0.323659248264406,0.293851915843843,0.455572215406211,2.64909034999056
1.35486111111111,0.323630311011326,0.293863960250793,0.455354359609763,2.64931788069811
1.35496031746032,0.32360137661625,0.29387598742413,0.455136607731212,2.64954537343731
1.35505952380952,0.323572445095469,0.293887997366553,0.454918959719404,2.64977282821431
1.35515873015873,0.323543516465289,0.293899990080749,0.454701415523213,2.65000024503532
1.35525793650794,0.323514590742023,0.293911965569399,0.454483975091531,2.65022762390648
1.35535714285714,0.323485667942,0.293923923835173,0.454266638373283,2.65045496483396
1.35545634920635,0.323456748081558,0.293935864880733,0.45404940531741,2.65068226782389
1.35555555555556,0.323427831177049,0.293947788708731,0.453832275872883,2.65090953288242
1.35565476190476,0.323398917244833,0.29395969532181,0.453615249988694,2.65113676001566
1.35575396825397,0.323370006301285,0.293971584722604,0.45339832761386,2.65136394922973
1.35585317460317,0.32334109836279,0.293983456913739,0.453181508697424,2.65159110053073
1.35595238095238,0.323312193445745,0.293995311897829,0.45296479318845,2.65181821392476
1.35605158730159,0.323283291566559,0.294007149677483,0.45274818103603,2.6520452894179
1.35615079365079,0.323254392741652,0.294018970255297,0.452531672189277,2.65227232701622
1.35625,0.323225496987456,0.29403077363386,0.45231526659733,2.65249932672578
1.35634920634921,0.323196604320415,0.294042559815751,0.452098964209352,2.65272628855263
1.35644841269841,0.323167714756982,0.294054328803541,0.45188276497453,2.65295321250283
1.35654761904762,0.323138828313626,0.294066080599791,0.451666668842075,2.65318009858238
1.35664682539683,0.323109945006825,0.294077815207053,0.451450675761224,2.65340694679733
1.35674603174603,0.323081064853068,0.29408953262787,0.451234785681235,2.65363375715367
1.35684523809524,0.323052187868858,0.294101232864776,0.451018998551394,2.65386052965741
1.35694444444444,0.323023314070707,0.294112915920295,0.450803314321007,2.65408726431454
1.35704365079365,0.32299444347514,0.294124581796944,0.450587732939409,2.65431396113103
1.35714285714286,0.322965576098695,0.294136230497228,0.450372254355956,2.65454062011286
1.35724206349206,0.322936711957918,0.294147862023646,0.450156878520029,2.65476724126599
1.35734126984127,0.32290785106937,0.294159476378685,0.449941605381033,2.65499382459636
1.35744047619048,0.322878993432902,0.294171073571678,0.449726434887476,2.65522037011685
1.35753968253968,0.322850138124264,0.294182653990526,0.449511366938062,2.65544687822315
1.35763888888889,0.322821284604793,0.294194217864459,0.44929640145613,2.65567334915036
1.3577380952381,0.322792432873943,0.294205765202024,0.449081538395317,2.65589978291033
1.3578373015873,0.322763582931173,0.294217296011763,0.448866777709276,2.6561261795149
1.35793650793651,0.322734734775946,0.294228810302212,0.448652119351673,2.65635253897593
1.35803571428571,0.322705888407733,0.294240308081904,0.448437563276192,2.65657886130525
1.35813492063492,0.322677043826007,0.294251789359367,0.448223109436528,2.65680514651469
1.35823412698413,0.322648201030247,0.294263254143122,0.448008757786393,2.65703139461609
1.35833333333333,0.322619360019939,0.294274702441689,0.447794508279514,2.65725760562126
1.35843253968254,0.322590520794572,0.294286134263581,0.447580360869631,2.65748377954202
1.35853174603175,0.322561683353641,0.294297549617305,0.4473663155105,2.65770991639019
1.35863095238095,0.322532847696644,0.294308948511366,0.447152372155893,2.65793601617756
1.35873015873016,0.322504013823088,0.294320330954262,0.446938530759594,2.65816207891594
1.35882936507937,0.322475181732483,0.294331696954488,0.446724791275404,2.65838810461713
1.35892857142857,0.322446351424342,0.294343046520534,0.446511153657137,2.65861409329291
1.35902777777778,0.322417522898187,0.294354379660883,0.446297617858624,2.65884004495506
1.35912698412698,0.322388696153542,0.294365696384016,0.44608418383371,2.65906595961537
1.35922619047619,0.322359871189939,0.294376996698409,0.445870851536253,2.6592918372856
1.3593253968254,0.322331048006912,0.294388280612531,0.445657620920127,2.65951767797753
1.3594246031746,0.322302226604003,0.294399548134849,0.445444491939223,2.65974348170291
1.35952380952381,0.322273406980756,0.294410799273822,0.445231464547443,2.65996924847351
1.35962301587302,0.322244589136722,0.294422034037908,0.445018538698706,2.66019497830106
1.35972222222222,0.322215773071458,0.294433252435558,0.444805714346945,2.66042067119733
1.35982142857143,0.322186958784524,0.294444454475218,0.444592991446109,2.66064632717404
1.35992063492063,0.322158146275486,0.294455640165331,0.44438036995016,2.66087194624293
1.36001984126984,0.322129335543916,0.294466809514334,0.444167849813076,2.66109752841573
1.36011904761905,0.32210052658939,0.294477962530658,0.44395543098885,2.66132307370416
1.36021825396825,0.322071719411488,0.294489099222732,0.443743113431488,2.66154858211995
1.36031746031746,0.322042914009798,0.294500219598979,0.443530897095013,2.66177405367479
1.36041666666667,0.32201411038391,0.294511323667816,0.443318781933462,2.6619994883804
1.36051587301587,0.321985308533422,0.294522411437658,0.443106767900886,2.66222488624848
1.36061507936508,0.321956508457936,0.294533482916912,0.442894854951352,2.66245024729073
1.36071428571429,0.321927710157057,0.294544538113983,0.442683043038941,2.66267557151883
1.36081349206349,0.321898913630398,0.294555577037269,0.442471332117749,2.66290085894447
1.3609126984127,0.321870118877576,0.294566599695166,0.442259722141886,2.66312610957933
1.3610119047619,0.321841325898213,0.294577606096062,0.442048213065478,2.66335132343508
1.36111111111111,0.321812534691936,0.294588596248343,0.441836804842666,2.66357650052339
1.36121031746032,0.321783745258378,0.294599570160389,0.441625497427605,2.66380164085592
1.36130952380952,0.321754957597175,0.294610527840575,0.441414290774464,2.66402674444433
1.36140873015873,0.321726171707971,0.294621469297272,0.441203184837428,2.66425181130027
1.36150793650794,0.321697387590412,0.294632394538845,0.440992179570697,2.66447684143539
1.36160714285714,0.321668605244152,0.294643303573655,0.440781274928486,2.66470183486132
1.36170634920635,0.321639824668849,0.29465419641006,0.440570470865022,2.6649267915897
1.36180555555556,0.321611045864164,0.29466507305641,0.44035976733455,2.66515171163217
1.36190476190476,0.321582268829766,0.294675933521053,0.440149164291329,2.66537659500034
1.36200396825397,0.321553493565329,0.29468677781233,0.439938661689632,2.66560144170583
1.36210317460317,0.321524720070529,0.294697605938579,0.439728259483747,2.66582625176025
1.36220238095238,0.321495948345051,0.294708417908132,0.439517957627978,2.66605102517522
1.36230158730159,0.321467178388583,0.294719213729317,0.439307756076641,2.66627576196233
1.36240079365079,0.321438410200819,0.294729993410457,0.43909765478407,2.66650046213319
1.3625,0.321409643781455,0.294740756959871,0.438887653704612,2.66672512569937
1.36259920634921,0.321380879130198,0.294751504385872,0.438677752792629,2.66694975267248
1.36269841269841,0.321352116246754,0.294762235696769,0.438467952002498,2.66717434306407
1.36279761904762,0.321323355130838,0.294772950900865,0.438258251288611,2.66739889688574
1.36289682539683,0.321294595782169,0.294783650006461,0.438048650605374,2.66762341414905
1.36299603174603,0.321265838200471,0.29479433302185,0.437839149907209,2.66784789486556
1.36309523809524,0.321237082385473,0.294804999955323,0.437629749148551,2.66807233904684
1.36319444444444,0.321208328336908,0.294815650815164,0.437420448283852,2.66829674670442
1.36329365079365,0.321179576054518,0.294826285609654,0.437211247267577,2.66852111784986
1.36339285714286,0.321150825538045,0.294836904347069,0.437002146054207,2.66874545249471
1.36349206349206,0.321122076787239,0.294847507035678,0.436793144598236,2.66896975065049
1.36359126984127,0.321093329801855,0.294858093683748,0.436584242854175,2.66919401232873
1.36369047619048,0.321064584581652,0.29486866429954,0.436375440776549,2.66941823754097
1.36378968253968,0.321035841126396,0.294879218891312,0.436166738319897,2.66964242629871
1.36388888888889,0.321007099435856,0.294889757467313,0.435958135438774,2.66986657861348
1.3639880952381,0.320978359509807,0.294900280035792,0.435749632087749,2.67009069449678
1.3640873015873,0.320949621348029,0.294910786604991,0.435541228221405,2.67031477396012
1.36418650793651,0.320920884950307,0.294921277183147,0.435332923794342,2.67053881701498
1.36428571428571,0.320892150316432,0.294931751778492,0.435124718761173,2.67076282367287
1.36438492063492,0.320863417446199,0.294942210399256,0.434916613076526,2.67098679394527
1.36448412698413,0.320834686339408,0.29495265305366,0.434708606695044,2.67121072784366
1.36458333333333,0.320805956995865,0.294963079749924,0.434500699571386,2.67143462537951
1.36468253968254,0.320777229415381,0.294973490496261,0.434292891660224,2.67165848656429
1.36478174603175,0.320748503597771,0.294983885300881,0.434085182916245,2.67188231140947
1.36488095238095,0.320719779542855,0.294994264171986,0.433877573294152,2.67210609992651
1.36498015873016,0.320691057250461,0.295004627117778,0.433670062748662,2.67232985212686
1.36507936507937,0.320662336720419,0.295014974146449,0.433462651234506,2.67255356802196
1.36517857142857,0.320633617952565,0.295025305266191,0.433255338706432,2.67277724762327
1.36527777777778,0.32060490094674,0.295035620485189,0.433048125119199,2.67300089094221
1.36537698412698,0.32057618570279,0.295045919811622,0.432841010427586,2.67322449799021
1.36547619047619,0.320547472220568,0.295056203253668,0.432633994586382,2.67344806877871
1.3655753968254,0.320518760499929,0.295066470819495,0.432427077550394,2.67367160331911
1.3656746031746,0.320490050540735,0.295076722517272,0.432220259274442,2.67389510162285
1.36577380952381,0.320461342342853,0.295086958355158,0.432013539713361,2.67411856370131
1.36587301587302,0.320432635906155,0.295097178341311,0.431806918822001,2.67434198956592
1.36597222222222,0.320403931230517,0.295107382483883,0.431600396555228,2.67456537922806
1.36607142857143,0.320375228315821,0.29511757079102,0.431393972867921,2.67478873269913
1.36617063492063,0.320346527161955,0.295127743270865,0.431187647714974,2.67501204999051
1.36626984126984,0.32031782776881,0.295137899931557,0.430981421051297,2.67523533111359
1.36636904761905,0.320289130136284,0.295148040781227,0.430775292831814,2.67545857607975
1.36646825396825,0.32026043426428,0.295158165828003,0.430569263011464,2.67568178490034
1.36656746031746,0.320231740152704,0.29516827508001,0.4303633315452,2.67590495758675
1.36666666666667,0.32020304780147,0.295178368545365,0.430157498387991,2.67612809415032
1.36676587301587,0.320174357210494,0.295188446232183,0.429951763494819,2.67635119460241
1.36686507936508,0.3201456683797,0.295198508148572,0.429746126820683,2.67657425895436
1.36696428571429,0.320116981309015,0.295208554302638,0.429540588320596,2.67679728721754
1.36706349206349,0.320088295998373,0.295218584702479,0.429335147949586,2.67702027940325
1.3671626984127,0.320059612447711,0.29522859935619,0.429129805662693,2.67724323552285
1.3672619047619,0.320030930656972,0.295238598271862,0.428924561414977,2.67746615558766
1.36736111111111,0.320002250626106,0.29524858145758,0.428719415161508,2.67768903960899
1.36746031746032,0.319973572355064,0.295258548921424,0.428514366857374,2.67791188759817
1.36755952380952,0.319944895843806,0.29526850067147,0.428309416457675,2.67813469956649
1.36765873015873,0.319916221092295,0.295278436715789,0.428104563917529,2.67835747552528
1.36775793650794,0.319887548100499,0.295288357062448,0.427899809192065,2.67858021548582
1.36785714285714,0.319858876868393,0.295298261719508,0.427695152236431,2.67880291945941
1.36795634920635,0.319830207395955,0.295308150695026,0.427490593005786,2.67902558745733
1.36805555555556,0.319801539683168,0.295318023997054,0.427286131455306,2.67924821949087
1.36815476190476,0.319772873730023,0.29532788163364,0.427081767540182,2.6794708155713
1.36825396825397,0.319744209536513,0.295337723612825,0.426877501215618,2.67969337570991
1.36835317460317,0.319715547102636,0.295347549942647,0.426673332436834,2.67991589991794
1.36845238095238,0.319686886428399,0.29535736063114,0.426469261159065,2.68013838820666
1.36855158730159,0.319658227513809,0.295367155686332,0.42626528733756,2.68036084058733
1.36865079365079,0.319629570358881,0.295376935116246,0.426061410927583,2.6805832570712
1.36875,0.319600914963635,0.295386698928902,0.425857631884414,2.6808056376695
1.36884920634921,0.319572261328096,0.295396447132312,0.425653950163345,2.68102798239348
1.36894841269841,0.319543609452293,0.295406179734487,0.425450365719685,2.68125029125437
1.36904761904762,0.319514959336261,0.295415896743431,0.425246878508759,2.68147256426339
1.36914682539683,0.31948631098004,0.295425598167143,0.425043488485903,2.68169480143178
1.36924603174603,0.319457664383676,0.295435284013619,0.42484019560647,2.68191700277073
1.36934523809524,0.319429019547217,0.295444954290848,0.424636999825829,2.68213916829147
1.36944444444444,0.31940037647072,0.295454609006818,0.424433901099362,2.6823612980052
1.36954365079365,0.319371735154245,0.295464248169507,0.424230899382466,2.68258339192312
1.36964285714286,0.319343095597857,0.295473871786892,0.424027994630552,2.68280545005642
1.36974206349206,0.319314457801626,0.295483479866944,0.423825186799049,2.68302747241629
1.36984126984127,0.319285821765629,0.29549307241763,0.423622475843397,2.68324945901392
1.36994047619048,0.319257187489946,0.295502649446911,0.423419861719053,2.68347140986047
1.37003968253968,0.319228554974663,0.295512210962745,0.423217344381487,2.68369332496713
1.37013888888889,0.31919992421987,0.295521756973083,0.423014923786187,2.68391520434506
1.3702380952381,0.319171295225665,0.295531287485873,0.422812599888652,2.68413704800542
1.3703373015873,0.319142667992147,0.295540802509057,0.422610372644399,2.68435885595937
1.37043650793651,0.319114042519423,0.295550302050575,0.422408242008957,2.68458062821805
1.37053571428571,0.319085418807604,0.295559786118358,0.422206207937871,2.68480236479261
1.37063492063492,0.319056796856807,0.295569254720335,0.422004270386703,2.68502406569419
1.37073412698413,0.319028176667153,0.29557870786443,0.421802429311025,2.68524573093392
1.37083333333333,0.318999558238769,0.295588145558562,0.421600684666428,2.68546736052294
1.37093253968254,0.318970941571787,0.295597567810644,0.421399036408516,2.68568895447235
1.37103174603175,0.318942326666342,0.295606974628587,0.421197484492907,2.68591051279329
1.37113095238095,0.318913713522578,0.295616366020295,0.420996028875237,2.68613203549685
1.37123015873016,0.31888510214064,0.295625741993668,0.420794669511153,2.68635352259415
1.37132936507936,0.318856492520681,0.295635102556601,0.420593406356319,2.68657497409629
1.37142857142857,0.318827884662859,0.295644447716984,0.420392239366412,2.68679639001436
1.37152777777778,0.318799278567335,0.295653777482703,0.420191168497127,2.68701777035945
1.37162698412698,0.318770674234277,0.295663091861639,0.41999019370417,2.68723911514264
1.37172619047619,0.318742071663857,0.295672390861669,0.419789314943265,2.68746042437501
1.3718253968254,0.318713470856252,0.295681674490662,0.419588532170148,2.68768169806764
1.3719246031746,0.318684871811646,0.295690942756487,0.419387845340571,2.6879029362316
1.37202380952381,0.318656274530226,0.295700195667004,0.419187254410303,2.68812413887793
1.37212301587302,0.318627679012185,0.295709433230071,0.418986759335124,2.68834530601771
1.37222222222222,0.318599085257721,0.295718655453541,0.41878636007083,2.68856643766198
1.37232142857143,0.318570493267036,0.29572786234526,0.418586056573234,2.68878753382178
1.37242063492063,0.31854190304034,0.295737053913073,0.418385848798161,2.68900859450816
1.37251984126984,0.318513314577844,0.295746230164816,0.418185736701451,2.68922961973215
1.37261904761905,0.318484727879768,0.295755391108323,0.417985720238962,2.68945060950478
1.37271825396825,0.318456142946335,0.295764536751423,0.417785799366562,2.68967156383707
1.37281746031746,0.318427559777773,0.295773667101939,0.417585974040137,2.68989248274003
1.37291666666667,0.318398978374315,0.295782782167691,0.417386244215588,2.69011336622469
1.37301587301587,0.318370398736202,0.295791881956493,0.417186609848829,2.69033421430205
1.37311507936508,0.318341820863675,0.295800966476155,0.416987070895789,2.6905550269831
1.37321428571429,0.318313244756985,0.295810035734481,0.416787627312413,2.69077580427885
1.37331349206349,0.318284670416385,0.295819089739271,0.41658827905466,2.69099654620029
1.3734126984127,0.318256097842134,0.295828128498321,0.416389026078504,2.69121725275839
1.3735119047619,0.318227527034496,0.295837152019421,0.416189868339933,2.69143792396414
1.37361111111111,0.318198957993741,0.295846160310356,0.415990805794953,2.69165855982851
1.37371031746032,0.318170390720143,0.295855153378909,0.415791838399579,2.69187916036247
1.37380952380952,0.318141825213982,0.295864131232855,0.415592966109845,2.69209972557699
1.37390873015873,0.318113261475541,0.295873093879966,0.415394188881801,2.69232025548301
1.37400793650794,0.318084699505111,0.295882041328009,0.415195506671507,2.69254075009149
1.37410714285714,0.318056139302986,0.295890973584745,0.414996919435042,2.69276120941338
1.37420634920635,0.318027580869467,0.295899890657931,0.414798427128497,2.69298163345961
1.37430555555556,0.317999024204857,0.295908792555322,0.41460002970798,2.69320202224113
1.37440476190476,0.317970469309468,0.295917679284663,0.414401727129613,2.69342237576886
1.37450396825397,0.317941916183614,0.295926550853698,0.414203519349532,2.69364269405372
1.37460317460317,0.317913364827615,0.295935407270165,0.414005406323888,2.69386297710664
1.37470238095238,0.317884815241797,0.295944248541799,0.413807388008848,2.69408322493852
1.37480158730159,0.31785626742649,0.295953074676326,0.413609464360592,2.69430343756027
1.37490079365079,0.317827721382029,0.295961885681473,0.413411635335316,2.69452361498281
1.375,0.317799177108756,0.295970681564957,0.413213900889232,2.69474375721701
1.37509920634921,0.317770634607016,0.295979462334493,0.413016260978564,2.69496386427377
1.37519841269841,0.31774209387716,0.295988227997791,0.412818715559551,2.69518393616399
1.37529761904762,0.317713554919543,0.295996978562555,0.41262126458845,2.69540397289853
1.37539682539683,0.317685017734527,0.296005714036487,0.41242390802153,2.69562397448827
1.37549603174603,0.317656482322477,0.296014434427281,0.412226645815074,2.69584394094409
1.37559523809524,0.317627948683765,0.296023139742629,0.412029477925383,2.69606387227683
1.37569444444444,0.317599416818767,0.296031829990215,0.411832404308771,2.69628376849737
1.37579365079365,0.317570886727865,0.296040505177722,0.411635424921566,2.69650362961656
1.37589285714286,0.317542358411445,0.296049165312826,0.411438539720111,2.69672345564523
1.37599206349206,0.317513831869898,0.296057810403198,0.411241748660766,2.69694324659424
1.37609126984127,0.317485307103621,0.296066440456505,0.411045051699904,2.69716300247442
1.37619047619048,0.317456784113016,0.29607505548041,0.410848448793912,2.69738272329659
1.37628968253968,0.31742826289849,0.296083655482569,0.410651939899192,2.69760240907158
1.37638888888889,0.317399743460454,0.296092240470636,0.410455524972164,2.69782205981022
1.3764880952381,0.317371225799326,0.296100810452259,0.410259203969258,2.69804167552332
1.3765873015873,0.317342709915527,0.29610936543508,0.410062976846923,2.69826125622167
1.37668650793651,0.317314195809486,0.296117905426738,0.40986684356162,2.6984808019161
1.37678571428571,0.317285683481634,0.296126430434867,0.409670804069825,2.69870031261738
1.37688492063492,0.317257172932409,0.296134940467095,0.40947485832803,2.69891978833633
1.37698412698413,0.317228664162253,0.296143435531047,0.409279006292742,2.69913922908371
1.37708333333333,0.317200157171614,0.296151915634342,0.409083247920482,2.69935863487032
1.37718253968254,0.317171651960944,0.296160380784594,0.408887583167784,2.69957800570692
1.37728174603175,0.317143148530702,0.296168830989414,0.408692011991201,2.69979734160429
1.37738095238095,0.31711464688135,0.296177266256406,0.408496534347296,2.70001664257319
1.37748015873016,0.317086147013356,0.296185686593172,0.408301150192652,2.70023590862438
1.37757936507937,0.317057648927194,0.296194092007306,0.408105859483861,2.70045513976861
1.37767857142857,0.317029152623341,0.296202482506399,0.407910662177535,2.70067433601663
1.37777777777778,0.317000658102281,0.296210858098038,0.407715558230298,2.70089349737919
1.37787698412698,0.316972165364502,0.296219218789803,0.407520547598789,2.70111262386701
1.37797619047619,0.316943674410498,0.296227564589272,0.407325630239662,2.70133171549083
1.3780753968254,0.316915185240767,0.296235895504017,0.407130806109586,2.70155077226138
1.3781746031746,0.316886697855813,0.296244211541603,0.406936075165245,2.70176979418937
1.37827380952381,0.316858212256144,0.296252512709594,0.406741437363338,2.70198878128552
1.37837301587302,0.316829728442275,0.296260799015547,0.406546892660577,2.70220773356054
1.37847222222222,0.316801246414724,0.296269070467016,0.40635244101369,2.70242665102514
1.37857142857143,0.316772766174016,0.296277327071547,0.406158082379422,2.70264553369
1.37867063492064,0.316744287720679,0.296285568836685,0.405963816714528,2.70286438156582
1.37876984126984,0.316715811055249,0.296293795769967,0.405769643975782,2.70308319466329
1.37886904761905,0.316687336178263,0.296302007878928,0.405575564119971,2.7033019729931
1.37896825396825,0.316658863090267,0.296310205171097,0.405381577103897,2.70352071656591
1.37906746031746,0.31663039179181,0.296318387653998,0.405187682884376,2.7037394253924
1.37916666666667,0.316601922283447,0.29632655533515,0.404993881418241,2.70395809948323
1.37926587301587,0.316573454565737,0.296334708222069,0.404800172662336,2.70417673884906
1.37936507936508,0.316544988639246,0.296342846322264,0.404606556573525,2.70439534350054
1.37946428571429,0.316516524504543,0.29635096964324,0.404413033108682,2.70461391344833
1.37956349206349,0.316488062162203,0.296359078192499,0.404219602224698,2.70483244870306
1.3796626984127,0.316459601612806,0.296367171977535,0.404026263878479,2.70505094927538
1.3797619047619,0.316431142856937,0.29637525100584,0.403833018026946,2.70526941517592
1.37986111111111,0.316402685895188,0.2963833152849,0.403639864627032,2.70548784641529
1.37996031746032,0.316374230728152,0.296391364822197,0.403446803635688,2.70570624300413
1.38005952380952,0.316345777356432,0.296399399625207,0.40325383500988,2.70592460495305
1.38015873015873,0.316317325780631,0.296407419701402,0.403060958706585,2.70614293227265
1.38025793650794,0.316288876001361,0.29641542505825,0.402868174682799,2.70636122497354
1.38035714285714,0.316260428019238,0.296423415703213,0.402675482895529,2.70657948306633
1.38045634920635,0.316231981834883,0.296431391643748,0.402482883301802,2.7067977065616
1.38055555555556,0.316203537448921,0.296439352887309,0.402290375858653,2.70701589546994
1.38065476190476,0.316175094861983,0.296447299441344,0.402097960523139,2.70723404980193
1.38075396825397,0.316146654074706,0.296455231313296,0.401905637252325,2.70745216956816
1.38085317460317,0.316118215087731,0.296463148510605,0.401713406003295,2.70767025477918
1.38095238095238,0.316089777901705,0.296471051040703,0.401521266733148,2.70788830544557
1.38105158730159,0.316061342517278,0.29647893891102,0.401329219398995,2.70810632157789
1.38115079365079,0.316032908935107,0.296486812128981,0.401137263957964,2.7083243031867
1.38125,0.316004477155854,0.296494670702005,0.400945400367196,2.70854225028253
1.38134920634921,0.315976047180186,0.296502514637507,0.40075362858385,2.70876016287594
1.38144841269841,0.315947619008774,0.296510343942898,0.400561948565096,2.70897804097746
1.38154761904762,0.315919192642296,0.296518158625582,0.40037036026812,2.70919588459763
1.38164682539683,0.315890768081432,0.296525958692961,0.400178863650125,2.70941369374697
1.38174603174603,0.315862345326872,0.29653374415243,0.399987458668326,2.709631468436
1.38184523809524,0.315833924379306,0.29654151501138,0.399796145279954,2.70984920867524
1.38194444444444,0.315805505239432,0.296549271277198,0.399604923442255,2.71006691447521
1.38204365079365,0.315777087907952,0.296557012957266,0.399413793112489,2.7102845858464
1.38214285714286,0.315748672385575,0.296564740058961,0.399222754247931,2.71050222279931
1.38224206349206,0.315720258673011,0.296572452589653,0.399031806805871,2.71071982534445
1.38234126984127,0.31569184677098,0.296580150556712,0.398840950743613,2.71093739349229
1.38244047619048,0.315663436680204,0.296587833967499,0.398650186018479,2.71115492725333
1.38253968253968,0.315635028401411,0.296595502829373,0.398459512587801,2.71137242663803
1.38263888888889,0.315606621935333,0.296603157149686,0.398268930408929,2.71158989165688
1.3827380952381,0.315578217282709,0.296610796935787,0.398078439439226,2.71180732232033
1.3828373015873,0.315549814444282,0.296618422195019,0.397888039636073,2.71202471863884
1.38293650793651,0.315521413420801,0.296626032934722,0.397697730956861,2.71224208062289
1.38303571428571,0.315493014213018,0.29663362916223,0.397507513358999,2.7124594082829
1.38313492063492,0.315464616821692,0.29664121088487,0.39731738679991,2.71267670162934
1.38323412698413,0.315436221247587,0.29664877810997,0.397127351237033,2.71289396067262
1.38333333333333,0.315407827491471,0.296656330844847,0.396937406627819,2.71311118542321
1.38343253968254,0.315379435554118,0.296663869096818,0.396747552929736,2.7133283758915
1.38353174603175,0.315351045436307,0.296671392873193,0.396557790100267,2.71354553208794
1.38363095238095,0.315322657138822,0.296678902181276,0.396368118096908,2.71376265402294
1.38373015873016,0.315294270662451,0.29668639702837,0.396178536877171,2.7139797417069
1.38382936507937,0.31526588600799,0.296693877421769,0.395989046398582,2.71419679515024
1.38392857142857,0.315237503176236,0.296701343368766,0.395799646618684,2.71441381436335
1.38402777777778,0.315209122167995,0.296708794876647,0.395610337495032,2.71463079935664
1.38412698412698,0.315180742984076,0.296716231952694,0.395421118985196,2.71484775014048
1.38422619047619,0.315152365625294,0.296723654604183,0.395231991046763,2.71506466672527
1.3843253968254,0.315123990092467,0.296731062838387,0.395042953637334,2.71528154912137
1.3844246031746,0.315095616386421,0.296738456662574,0.394854006714523,2.71549839733917
1.38452380952381,0.315067244507985,0.296745836084006,0.39466515023596,2.71571521138903
1.38462301587302,0.315038874457995,0.296753201109941,0.394476384159291,2.71593199128132
1.38472222222222,0.31501050623729,0.296760551747633,0.394287708442175,2.71614873702638
1.38482142857143,0.314982139846715,0.29676788800433,0.394099123042287,2.71636544863457
1.38492063492064,0.314953775287121,0.296775209887276,0.393910627917314,2.71658212611624
1.38501984126984,0.314925412559363,0.29678251740371,0.393722223024963,2.71679876948173
1.38511904761905,0.314897051664301,0.296789810560866,0.393533908322952,2.71701537874136
1.38521825396825,0.314868692602801,0.296797089365974,0.393345683769013,2.71723195390547
1.38531746031746,0.314840335375733,0.296804353826258,0.393157549320895,2.71744849498438
1.38541666666667,0.314811979983973,0.296811603948939,0.392969504936363,2.71766500198841
1.38551587301587,0.314783626428402,0.296818839741231,0.392781550573192,2.71788147492787
1.38561507936508,0.314755274709905,0.296826061210345,0.392593686189177,2.71809791381307
1.38571428571429,0.314726924829374,0.296833268363487,0.392405911742124,2.71831431865431
1.38581349206349,0.314698576787704,0.296840461207857,0.392218227189857,2.71853068946188
1.3859126984127,0.314670230585796,0.296847639750653,0.392030632490212,2.71874702624607
1.3860119047619,0.314641886224558,0.296854803999065,0.39184312760104,2.71896332901718
1.38611111111111,0.3146135437049,0.29686195396028,0.391655712480209,2.71917959778547
1.38621031746032,0.314585203027738,0.29686908964148,0.391468387085601,2.71939583256122
1.38630952380952,0.314556864193994,0.296876211049843,0.39128115137511,2.71961203335471
1.38640873015873,0.314528527204596,0.29688331819254,0.391094005306649,2.71982820017618
1.38650793650794,0.314500192060473,0.296890411076739,0.390906948838143,2.72004433303591
1.38660714285714,0.314471858762564,0.296897489709604,0.390719981927533,2.72026043194413
1.38670634920635,0.31444352731181,0.296904554098293,0.390533104532773,2.72047649691111
1.38680555555556,0.314415197709158,0.296911604249958,0.390346316611835,2.72069252794707
1.38690476190476,0.314386869955561,0.296918640171749,0.390159618122703,2.72090852506225
1.38700396825397,0.314358544051975,0.296925661870809,0.389973009023378,2.72112448826689
1.38710317460317,0.314330219999362,0.296932669354278,0.389786489271872,2.7213404175712
1.38720238095238,0.314301897798691,0.296939662629291,0.389600058826216,2.7215563129854
1.38730158730159,0.314273577450933,0.296946641702975,0.389413717644455,2.72177217451972
1.38740079365079,0.314245258957066,0.296953606582458,0.389227465684646,2.72198800218434
1.3875,0.314216942318073,0.296960557274858,0.389041302904863,2.72220379598949
1.38759920634921,0.314188627534942,0.296967493787291,0.388855229263195,2.72241955594534
1.38769841269841,0.314160314608665,0.296974416126869,0.388669244717746,2.72263528206211
1.38779761904762,0.314132003540241,0.296981324300695,0.388483349226632,2.72285097434996
1.38789682539683,0.314103694330671,0.296988218315873,0.388297542747988,2.72306663281908
1.38799603174603,0.314075386980966,0.296995098179497,0.38811182523996,2.72328225747964
1.38809523809524,0.314047081492137,0.297001963898661,0.387926196660712,2.72349784834182
1.38819444444444,0.314018777865204,0.29700881548045,0.387740656968419,2.72371340541577
1.38829365079365,0.313990476101189,0.297015652931946,0.387555206121275,2.72392892871166
1.38839285714286,0.313962176201121,0.297022476260228,0.387369844077486,2.72414441823963
1.38849206349206,0.313933878166034,0.297029285472367,0.387184570795273,2.72435987400984
1.38859126984127,0.313905581996966,0.297036080575432,0.386999386232872,2.72457529603242
1.38869047619048,0.313877287694962,0.297042861576485,0.386814290348536,2.72479068431751
1.38878968253968,0.31384899526107,0.297049628482585,0.38662928310053,2.72500603887524
1.38888888888889,0.313820704696344,0.297056381300786,0.386444364447134,2.72522135971573
1.3889880952381,0.313792416001843,0.297063120038136,0.386259534346644,2.72543664684912
1.3890873015873,0.313764129178632,0.297069844701679,0.38607479275737,2.72565190028549
1.38918650793651,0.31373584422778,0.297076555298455,0.385890139637638,2.72586712003498
1.38928571428571,0.313707561150361,0.297083251835498,0.385705574945787,2.72608230610768
1.38938492063492,0.313679279947454,0.297089934319838,0.385521098640171,2.72629745851368
1.38948412698413,0.313651000620145,0.2970966027585,0.385336710679161,2.72651257726308
1.38958333333333,0.313622723169523,0.297103257158505,0.38515241102114,2.72672766236596
1.38968253968254,0.313594447596682,0.297109897526867,0.384968199624508,2.72694271383241
1.38978174603175,0.313566173902724,0.297116523870598,0.384784076447677,2.7271577316725
1.38988095238095,0.313537902088751,0.297123136196704,0.384600041449078,2.7273727158963
1.38998015873016,0.313509632155876,0.297129734512186,0.384416094587152,2.72758766651387
1.39007936507937,0.313481364105212,0.29713631882404,0.384232235820359,2.72780258353528
1.39017857142857,0.31345309793788,0.297142889139259,0.38404846510717,2.72801746697057
1.39027777777778,0.313424833655005,0.297149445464828,0.383864782406075,2.7282323168298
1.39037698412698,0.313396571257719,0.297155987807732,0.383681187675575,2.728447133123
1.39047619047619,0.313368310747155,0.297162516174946,0.383497680874188,2.72866191586021
1.3905753968254,0.313340052124456,0.297169030573444,0.383314261960445,2.72887666505147
1.3906746031746,0.313311795390766,0.297175531010194,0.383130930892894,2.72909138070679
1.39077380952381,0.313283540547238,0.297182017492159,0.382947687630095,2.72930606283621
1.39087301587302,0.313255287595025,0.297188490026297,0.382764532130627,2.72952071144973
1.39097222222222,0.31322703653529,0.297194948619562,0.382581464353079,2.72973532655736
1.39107142857143,0.313198787369199,0.297201393278904,0.382398484256059,2.72994990816911
1.39117063492063,0.313170540097922,0.297207824011266,0.382215591798185,2.73016445629497
1.39126984126984,0.313142294722637,0.297214240823588,0.382032786938095,2.73037897094494
1.39136904761905,0.313114051244524,0.297220643722804,0.381850069634439,2.730593452129
1.39146825396825,0.313085809664771,0.297227032715845,0.381667439845881,2.73080789985714
1.39156746031746,0.313057569984568,0.297233407809636,0.381484897531102,2.73102231413932
1.39166666666667,0.313029332205112,0.297239769011097,0.381302442648796,2.73123669498553
1.39176587301587,0.313001096327606,0.297246116327144,0.381120075157674,2.73145104240573
1.39186507936508,0.312972862353255,0.297252449764687,0.380937795016458,2.73166535640987
1.39196428571429,0.312944630283272,0.297258769330634,0.380755602183889,2.73187963700792
1.39206349206349,0.312916400118875,0.297265075031885,0.38057349661872,2.73209388420981
1.3921626984127,0.312888171861285,0.297271366875337,0.38039147827972,2.73230809802549
1.3922619047619,0.312859945511729,0.297277644867882,0.380209547125671,2.7325222784649
1.39236111111111,0.31283172107144,0.297283909016407,0.380027703115374,2.73273642553798
1.39246031746032,0.312803498541656,0.297290159327795,0.37984594620764,2.73295053925464
1.39255952380952,0.312775277923618,0.297296395808923,0.379664276361298,2.7331646196248
1.39265873015873,0.312747059218575,0.297302618466664,0.379482693535189,2.73337866665839
1.39275793650794,0.312718842427779,0.297308827307886,0.379301197688171,2.73359268036532
1.39285714285714,0.312690627552489,0.297315022339453,0.379119788779118,2.73380666075548
1.39295634920635,0.312662414593966,0.297321203568223,0.378938466766914,2.73402060783878
1.39305555555556,0.312634203553479,0.297327371001051,0.378757231610463,2.7342345216251
1.39315476190476,0.312605994432302,0.297333524644784,0.37857608326868,2.73444840212435
1.39325396825397,0.312577787231712,0.297339664506269,0.378395021700498,2.73466224934639
1.39335317460317,0.312549581952993,0.297345790592344,0.378214046864862,2.73487606330111
1.39345238095238,0.312521378597433,0.297351902909843,0.378033158720733,2.73508984399838
1.39355158730159,0.312493177166326,0.297358001465598,0.377852357227086,2.73530359144806
1.39365079365079,0.31246497766097,0.297364086266434,0.377671642342913,2.73551730566002
1.39375,0.312436780082669,0.297370157319171,0.377491014027218,2.7357309866441
1.39384920634921,0.312408584432732,0.297376214630625,0.377310472239021,2.73594463441016
1.39394841269841,0.312380390712472,0.297382258207607,0.377130016937358,2.73615824896805
1.39404761904762,0.312352198923209,0.297388288056924,0.376949648081278,2.73637183032759
1.39414682539683,0.312324009066267,0.297394304185376,0.376769365629845,2.73658537849863
1.39424603174603,0.312295821142975,0.297400306599762,0.376589169542138,2.73679889349098
1.39434523809524,0.312267635154668,0.297406295306872,0.376409059777253,2.73701237531448
1.39444444444444,0.312239451102683,0.297412270313495,0.376229036294296,2.73722582397893
1.39454365079365,0.312211268988367,0.297418231626413,0.376049099052392,2.73743923949415
1.39464285714286,0.312183088813069,0.297424179252403,0.375869248010679,2.73765262186995
1.39474206349206,0.312154910578142,0.297430113198239,0.375689483128311,2.73786597111611
1.39484126984127,0.312126734284948,0.297436033470689,0.375509804364455,2.73807928724245
1.39494047619048,0.312098559934851,0.297441940076516,0.375330211678293,2.73829257025874
1.39503968253968,0.312070387529221,0.29744783302248,0.375150705029024,2.73850582017477
1.39513888888889,0.312042217069432,0.297453712315334,0.374971284375859,2.73871903700031
1.3952380952381,0.312014048556866,0.297459577961828,0.374791949678026,2.73893222074514
1.3953373015873,0.311985881992907,0.297465429968706,0.374612700894767,2.73914537141903
1.39543650793651,0.311957717378945,0.297471268342708,0.374433537985338,2.73935848903173
1.39553571428571,0.311929554716377,0.297477093090568,0.37425446090901,2.73957157359301
1.39563492063492,0.311901394006602,0.297482904219018,0.37407546962507,2.73978462511261
1.39573412698413,0.311873235251026,0.297488701734783,0.373896564092819,2.73999764360027
1.39583333333333,0.31184507845106,0.297494485644583,0.373717744271572,2.74021062906573
1.39593253968254,0.31181692360812,0.297500255955135,0.373539010120661,2.74042358151874
1.39603174603175,0.311788770723627,0.297506012673149,0.37336036159943,2.74063650096901
1.39613095238095,0.311760619799006,0.297511755805333,0.373181798667239,2.74084938742627
1.39623015873016,0.311732470835689,0.297517485358387,0.373003321283464,2.74106224090024
1.39632936507936,0.311704323835111,0.29752320133901,0.372824929407495,2.74127506140062
1.39642857142857,0.311676178798716,0.297528903753892,0.372646622998735,2.74148784893713
1.39652777777778,0.311648035727947,0.297534592609722,0.372468402016604,2.74170060351946
1.39662698412698,0.311619894624258,0.297540267913183,0.372290266420536,2.74191332515731
1.39672619047619,0.311591755489104,0.297545929670951,0.37211221616998,2.74212601386036
1.3968253968254,0.311563618323948,0.297551577889701,0.3719342512244,2.74233866963831
1.3969246031746,0.311535483130255,0.297557212576102,0.371756371543274,2.74255129250083
1.39702380952381,0.311507349909499,0.297562833736815,0.371578577086095,2.74276388245759
1.39712301587302,0.311479218663156,0.297568441378502,0.371400867812371,2.74297643951827
1.39722222222222,0.311451089392707,0.297574035507815,0.371223243681625,2.74318896369251
1.39732142857143,0.311422962099641,0.297579616131404,0.371045704653395,2.74340145498998
1.39742063492063,0.311394836785449,0.297585183255914,0.370868250687234,2.74361391342034
1.39751984126984,0.311366713451629,0.297590736887985,0.370690881742707,2.74382633899321
1.39761904761905,0.311338592099683,0.297596277034252,0.370513597779397,2.74403873171826
1.39771825396825,0.311310472731119,0.297601803701345,0.370336398756902,2.7442510916051
1.39781746031746,0.311282355347449,0.29760731689589,0.370159284634831,2.74446341866337
1.39791666666667,0.311254239950191,0.297612816624509,0.369982255372813,2.74467571290268
1.39801587301587,0.311226126540868,0.297618302893816,0.369805310930487,2.74488797433267
1.39811507936508,0.311198015121008,0.297623775710424,0.36962845126751,2.74510020296294
1.39821428571429,0.311169905692144,0.297629235080939,0.369451676343551,2.7453123988031
1.39831349206349,0.311141798255813,0.297634681011963,0.369274986118298,2.74552456186274
1.3984126984127,0.31111369281356,0.297640113510093,0.36909838055145,2.74573669215147
1.3985119047619,0.311085589366932,0.297645532581921,0.368921859602722,2.74594878967888
1.39861111111111,0.311057487917483,0.297650938234036,0.368745423231844,2.74616085445454
1.39871031746032,0.311029388466771,0.29765633047302,0.36856907139856,2.74637288648805
1.39880952380952,0.31100129101636,0.297661709305451,0.36839280406263,2.74658488578896
1.39890873015873,0.310973195567819,0.297667074737902,0.368216621183829,2.74679685236686
1.39900793650794,0.310945102122721,0.297672426776943,0.368040522721944,2.74700878623129
1.39910714285714,0.310917010682646,0.297677765429136,0.367864508636779,2.74722068739183
1.39920634920635,0.310888921249176,0.297683090701042,0.367688578888155,2.74743255585802
1.39930555555556,0.310860833823903,0.297688402599213,0.367512733435902,2.74764439163941
1.39940476190476,0.310832748408418,0.297693701130201,0.367336972239871,2.74785619474554
1.39950396825397,0.310804665004322,0.29769898630055,0.367161295259923,2.74806796518594
1.39960317460317,0.310776583613219,0.297704258116799,0.366985702455936,2.74827970297014
1.39970238095238,0.310748504236719,0.297709516585485,0.366810193787803,2.74849140810768
1.39980158730159,0.310720426876436,0.297714761713138,0.366634769215431,2.74870308060805
1.39990079365079,0.31069235153399,0.297719993506283,0.366459428698742,2.74891472048079
1.4,0.310664278211005,0.297725211971441,0.366284172197673,2.74912632773539
1.40009920634921,0.310636206909111,0.29773041711513,0.366108999672175,2.74933790238136
1.40019841269841,0.310608137629944,0.29773560894386,0.365933911082216,2.7495494444282
1.40029761904762,0.310580070375143,0.297740787464138,0.365758906387775,2.74976095388539
1.40039682539683,0.310552005146353,0.297745952682467,0.36558398554885,2.74997243076243
1.40049603174603,0.310523941945225,0.297751104605343,0.36540914852545,2.75018387506878
1.40059523809524,0.310495880773414,0.29775624323926,0.365234395277602,2.75039528681393
1.40069444444444,0.31046782163258,0.297761368590704,0.365059725765346,2.75060666600735
1.40079365079365,0.310439764524389,0.297766480666159,0.364885139948736,2.75081801265849
1.40089285714286,0.310411709450512,0.297771579472104,0.364710637787843,2.75102932677682
1.40099206349206,0.310383656412623,0.297776665015011,0.364536219242752,2.75124060837179
1.40109126984127,0.310355605412405,0.29778173730135,0.364361884273562,2.75145185745285
1.40119047619048,0.310327556451542,0.297786796337584,0.364187632840386,2.75166307402943
1.40128968253968,0.310299509531726,0.297791842130173,0.364013464903356,2.75187425811097
1.40138888888889,0.310271464654653,0.297796874685571,0.363839380422613,2.75208540970691
1.4014880952381,0.310243421822024,0.297801894010228,0.363665379358317,2.75229652882666
1.4015873015873,0.310215381035546,0.297806900110589,0.363491461670642,2.75250761547966
1.40168650793651,0.310187342296929,0.297811892993094,0.363317627319774,2.7527186696753
1.40178571428571,0.31015930560789,0.297816872664179,0.363143876265919,2.75292969142301
1.40188492063492,0.310131270970151,0.297821839130274,0.362970208469292,2.75314068073217
1.40198412698413,0.310103238385438,0.297826792397805,0.362796623890127,2.7533516376122
1.40208333333333,0.310075207855484,0.297831732473194,0.362623122488671,2.75356256207248
1.40218253968254,0.310047179382024,0.297836659362857,0.362449704225187,2.75377345412239
1.40228174603175,0.310019152966802,0.297841573073206,0.362276369059951,2.75398431377133
1.40238095238095,0.309991128611563,0.297846473610647,0.362103116953255,2.75419514102866
1.40248015873016,0.30996310631806,0.297851360981584,0.361929947865405,2.75440593590375
1.40257936507936,0.309935086088051,0.297856235192412,0.361756861756723,2.75461669840597
1.40267857142857,0.309907067923298,0.297861096249526,0.361583858587545,2.75482742854468
1.40277777777778,0.309879051825567,0.297865944159312,0.361410938318221,2.75503812632922
1.40287698412698,0.309851037796632,0.297870778928154,0.361238100909118,2.75524879176896
1.40297619047619,0.30982302583827,0.297875600562431,0.361065346320615,2.75545942487322
1.4030753968254,0.309795015952265,0.297880409068516,0.360892674513109,2.75567002565135
1.4031746031746,0.309767008140403,0.297885204452779,0.360720085447008,2.75588059411268
1.40327380952381,0.309739002404477,0.297889986721582,0.360547579082738,2.75609113026653
1.40337301587302,0.309710998746286,0.297894755881286,0.360375155380739,2.75630163412222
1.40347222222222,0.309682997167633,0.297899511938245,0.360202814301465,2.75651210568908
1.40357142857143,0.309654997670326,0.29790425489881,0.360030555805384,2.7567225449764
1.40367063492063,0.309627000256178,0.297908984769324,0.359858379852981,2.75693295199349
1.40376984126984,0.309599004927008,0.29791370155613,0.359686286404755,2.75714332674965
1.40386904761905,0.309571011684638,0.297918405265562,0.359514275421219,2.75735366925417
1.40396825396825,0.309543020530898,0.297923095903951,0.359342346862902,2.75756397951634
1.40406746031746,0.309515031467622,0.297927773477623,0.359170500690346,2.75777425754544
1.40416666666667,0.309487044496647,0.2979324379929,0.358998736864109,2.75798450335074
1.40426587301587,0.309459059619819,0.297937089456098,0.358827055344765,2.75819471694153
1.40436507936508,0.309431076838985,0.297941727873529,0.3586554560929,2.75840489832705
1.40446428571429,0.309403096156,0.297946353251501,0.358483939069117,2.75861504751658
1.40456349206349,0.309375117572724,0.297950965596315,0.358312504234033,2.75882516451936
1.4046626984127,0.309347141091019,0.297955564914269,0.358141151548279,2.75903524934465
1.4047619047619,0.309319166712757,0.297960151211657,0.357969880972503,2.75924530200168
1.40486111111111,0.30929119443981,0.297964724494765,0.357798692467366,2.75945532249969
1.40496031746032,0.309263224274059,0.297969284769878,0.357627585993543,2.75966531084793
1.40505952380952,0.309235256217388,0.297973832043274,0.357456561511726,2.7598752670556
1.40515873015873,0.309207290271687,0.297978366321227,0.35728561898262,2.76008519113195
1.40525793650794,0.309179326438851,0.297982887610005,0.357114758366947,2.76029508308616
1.40535714285714,0.309151364720779,0.297987395915874,0.356943979625441,2.76050494292747
1.40545634920635,0.309123405119378,0.297991891245093,0.356773282718853,2.76071477066508
1.40555555555556,0.309095447636556,0.297996373603916,0.356602667607947,2.76092456630817
1.40565476190476,0.309067492274229,0.298000842998593,0.356432134253503,2.76113432986595
1.40575396825397,0.309039539034317,0.298005299435371,0.356261682616315,2.76134406134761
1.40585317460317,0.309011587918746,0.298009742920489,0.356091312657194,2.76155376076232
1.40595238095238,0.308983638929446,0.298014173460183,0.355921024336963,2.76176342811926
1.40605158730159,0.308955692068353,0.298018591060684,0.35575081761646,2.76197306342761
1.40615079365079,0.308927747337407,0.298022995728219,0.35558069245654,2.76218266669653
1.40625,0.308899804738555,0.298027387469009,0.35541064881807,2.76239223793517
1.40634920634921,0.308871864273747,0.298031766289271,0.355240686661935,2.76260177715271
1.40644841269841,0.308843925944938,0.298036132195216,0.355070805949031,2.76281128435828
1.40654761904762,0.308815989754091,0.298040485193053,0.354901006640272,2.76302075956102
1.40664682539683,0.308788055703171,0.298044825288983,0.354731288696586,2.76323020277009
1.40674603174603,0.30876012379415,0.298049152489204,0.354561652078914,2.7634396139946
1.40684523809524,0.308732194029004,0.29805346679991,0.354392096748214,2.76364899324369
1.40694444444444,0.308704266409713,0.298057768227288,0.354222622665457,2.76385834052648
1.40704365079365,0.308676340938266,0.298062056777522,0.354053229791631,2.76406765585208
1.40714285714286,0.308648417616653,0.298066332456791,0.353883918087737,2.76427693922961
1.40724206349206,0.308620496446872,0.298070595271269,0.353714687514791,2.76448619066817
1.40734126984127,0.308592577430923,0.298074845227124,0.353545538033824,2.76469541017686
1.40744047619048,0.308564660570815,0.298079082330522,0.353376469605883,2.76490459776478
1.40753968253968,0.308536745868558,0.298083306587622,0.353207482192027,2.76511375344101
1.40763888888889,0.308508833326171,0.298087518004579,0.353038575753332,2.76532287721463
1.4077380952381,0.308480922945675,0.298091716587543,0.352869750250888,2.76553196909473
1.4078373015873,0.308453014729098,0.29809590234266,0.352701005645801,2.76574102909038
1.40793650793651,0.308425108678471,0.29810007527607,0.35253234189919,2.76595005721064
1.40803571428571,0.308397204795834,0.29810423539391,0.35236375897219,2.76615905346457
1.40813492063492,0.308369303083227,0.29810838270231,0.35219525682595,2.76636801786123
1.40823412698413,0.308341403542699,0.298112517207397,0.352026835421635,2.76657695040967
1.40833333333333,0.308313506176303,0.298116638915293,0.351858494720422,2.76678585111894
1.40843253968254,0.308285610986097,0.298120747832114,0.351690234683506,2.76699471999807
1.40853174603175,0.308257717974143,0.298124843963972,0.351522055272096,2.7672035570561
1.40863095238095,0.308229827142509,0.298128927316976,0.351353956447414,2.76741236230205
1.40873015873016,0.308201938493269,0.298132997897228,0.351185938170699,2.76762113574495
1.40882936507937,0.308174052028502,0.298137055710825,0.351018000403204,2.76782987739381
1.40892857142857,0.308146167750289,0.298141100763861,0.350850143106196,2.76803858725765
1.40902777777778,0.308118285660721,0.298145133062424,0.350682366240958,2.76824726534548
1.40912698412698,0.30809040576189,0.298149152612598,0.350514669768787,2.76845591166628
1.40922619047619,0.308062528055894,0.298153159420461,0.350347053650995,2.76866452622906
1.4093253968254,0.308034652544839,0.298157153492089,0.350179517848909,2.76887310904281
1.4094246031746,0.308006779230832,0.298161134833549,0.35001206232387,2.76908166011652
1.40952380952381,0.307978908115988,0.298165103450907,0.349844687037235,2.76929017945915
1.40962301587302,0.307951039202426,0.298169059350223,0.349677391950375,2.76949866707968
1.40972222222222,0.307923172492269,0.298173002537552,0.349510177024676,2.76970712298709
1.40982142857143,0.307895307987647,0.298176933018943,0.349343042221539,2.76991554719032
1.40992063492064,0.307867445690694,0.298180850800444,0.349175987502378,2.77012393969835
1.41001984126984,0.30783958560355,0.298184755888094,0.349009012828626,2.77033230052011
1.41011904761905,0.307811727728359,0.298188648287929,0.348842118161725,2.77054062966456
1.41021825396825,0.307783872067271,0.298192528005982,0.348675303463138,2.77074892714064
1.41031746031746,0.307756018622441,0.298196395048278,0.348508568694337,2.77095719295727
1.41041666666667,0.307728167396028,0.29820024942084,0.348341913816814,2.77116542712339
1.41051587301587,0.307700318390197,0.298204091129683,0.348175338792071,2.77137362964792
1.41061507936508,0.307672471607118,0.298207920180822,0.348008843581627,2.77158180053978
1.41071428571429,0.307644627048967,0.298211736580263,0.347842428147018,2.77178993980788
1.41081349206349,0.307616784717922,0.298215540334009,0.347676092449791,2.77199804746113
1.4109126984127,0.307588944616171,0.298219331448058,0.34750983645151,2.77220612350843
1.4110119047619,0.307561106745903,0.298223109928404,0.347343660113753,2.77241416795868
1.41111111111111,0.307533271109313,0.298226875781035,0.347177563398113,2.77262218082076
1.41121031746032,0.307505437708603,0.298230629011934,0.347011546266197,2.77283016210356
1.41130952380952,0.307477606545977,0.298234369627082,0.346845608679628,2.77303811181596
1.41140873015873,0.307449777623647,0.298238097632451,0.346679750600044,2.77324602996683
1.41150793650794,0.307421950943829,0.298241813034012,0.346513971989097,2.77345391656505
1.41160714285714,0.307394126508742,0.29824551583773,0.346348272808453,2.77366177161947
1.41170634920635,0.307366304320615,0.298249206049564,0.346182653019795,2.77386959513895
1.41180555555556,0.307338484381676,0.298252883675469,0.346017112584818,2.77407738713234
1.41190476190476,0.307310666694164,0.298256548721397,0.345851651465234,2.77428514760849
1.41200396825397,0.307282851260319,0.298260201193293,0.34568626962277,2.77449287657625
1.41210317460317,0.307255038082387,0.298263841097097,0.345520967019165,2.77470057404444
1.41220238095238,0.30722722716262,0.298267468438747,0.345355743616176,2.77490824002189
1.41230158730159,0.307199418503275,0.298271083224173,0.345190599375573,2.77511587451743
1.41240079365079,0.307171612106613,0.298274685459303,0.34502553425914,2.77532347753988
1.4125,0.307143807974902,0.298278275150058,0.344860548228679,2.77553104909806
1.41259920634921,0.307116006110413,0.298281852302356,0.344695641246004,2.77573858920076
1.41269841269841,0.307088206515423,0.298285416922109,0.344530813272945,2.77594609785679
1.41279761904762,0.307060409192214,0.298288969015225,0.344366064271345,2.77615357507494
1.41289682539683,0.307032614143074,0.298292508587606,0.344201394203064,2.77636102086402
1.41299603174603,0.307004821370294,0.298296035645151,0.344036803029976,2.7765684352328
1.41309523809524,0.306977030876172,0.298299550193754,0.343872290713969,2.77677581819006
1.41319444444444,0.306949242663011,0.298303052239302,0.343707857216948,2.77698316974459
1.41329365079365,0.306921456733119,0.298306541787681,0.34354350250083,2.77719048990514
1.41339285714286,0.306893673088807,0.298310018844769,0.343379226527548,2.77739777868048
1.41349206349206,0.306865891732393,0.298313483416441,0.343215029259051,2.77760503607937
1.41359126984127,0.306838112666202,0.298316935508566,0.343050910657301,2.77781226211056
1.41369047619048,0.306810335892559,0.298320375127009,0.342886870684275,2.7780194567828
1.41378968253968,0.306782561413799,0.29832380227763,0.342722909301966,2.77822662010482
1.41388888888889,0.30675478923226,0.298327216966286,0.34255902647238,2.77843375208538
1.4139880952381,0.306727019350285,0.298330619198825,0.34239522215754,2.77864085273319
1.4140873015873,0.306699251770222,0.298334008981096,0.342231496319481,2.77884792205699
1.41418650793651,0.306671486494424,0.298337386318937,0.342067848920256,2.77905496006548
1.41428571428571,0.306643723525251,0.298340751218187,0.341904279921931,2.77926196676739
1.41438492063492,0.306615962865066,0.298344103684676,0.341740789286586,2.77946894217142
1.41448412698413,0.306588204516237,0.298347443724232,0.341577376976317,2.77967588628628
1.41458333333333,0.306560448481139,0.298350771342676,0.341414042953235,2.77988279912066
1.41468253968254,0.30653269476215,0.298354086545827,0.341250787179464,2.78008968068326
1.41478174603175,0.306504943361654,0.298357389339495,0.341087609617146,2.78029653098275
1.41488095238095,0.306477194282041,0.298360679729491,0.340924510228435,2.78050335002783
1.41498015873016,0.306449447525704,0.298363957721616,0.340761488975501,2.78071013782717
1.41507936507937,0.306421703095044,0.298367223321668,0.340598545820527,2.78091689438944
1.41517857142857,0.306393960992463,0.298370476535443,0.340435680725714,2.7811236197233
1.41527777777778,0.306366221220373,0.298373717368727,0.340272893653275,2.78133031383741
1.41537698412698,0.306338483781187,0.298376945827306,0.340110184565439,2.78153697674042
1.41547619047619,0.306310748677325,0.298380161916959,0.33994755342445,2.78174360844099
1.4155753968254,0.306283015911212,0.29838336564346,0.339785000192566,2.78195020894775
1.4156746031746,0.306255285485278,0.29838655701258,0.339622524832061,2.78215677826934
1.41577380952381,0.306227557401958,0.298389736030083,0.339460127305221,2.78236331641439
1.41587301587302,0.306199831663692,0.298392902701729,0.33929780757435,2.78256982339153
1.41597222222222,0.306172108272924,0.298396057033275,0.339135565601767,2.78277629920938
1.41607142857143,0.306144387232106,0.29839919903047,0.338973401349801,2.78298274387655
1.41617063492064,0.306116668543692,0.298402328699062,0.338811314780802,2.78318915740165
1.41626984126984,0.306088952210144,0.298405446044791,0.338649305857131,2.7833955397933
1.41636904761905,0.306061238233926,0.298408551073394,0.338487374541164,2.78360189106007
1.41646825396825,0.306033526617509,0.298411643790602,0.338325520795294,2.78380821121057
1.41656746031746,0.30600581736337,0.298414724202144,0.338163744581925,2.78401450025338
1.41666666666667,0.305978110473988,0.29841779231374,0.33800204586348,2.7842207581971
1.41676587301587,0.30595040595185,0.298420848131109,0.337840424602394,2.78442698505028
1.41686507936508,0.305922703799447,0.298423891659963,0.337678880761117,2.7846331808215
1.41696428571429,0.305895004019274,0.298426922906011,0.337517414302116,2.78483934551933
1.41706349206349,0.305867306613834,0.298429941874955,0.33735602518787,2.78504547915233
1.4171626984127,0.305839611585632,0.298432948572494,0.337194713380874,2.78525158172905
1.4172619047619,0.305811918937181,0.298435943004322,0.337033478843638,2.78545765325804
1.41736111111111,0.305784228670995,0.298438925176128,0.336872321538687,2.78566369374785
1.41746031746032,0.305756540789598,0.298441895093597,0.33671124142856,2.785869703207
1.41755952380952,0.305728855295515,0.298444852762406,0.336550238475811,2.78607568164404
1.41765873015873,0.305701172191278,0.298447798188232,0.336389312643009,2.78628162906748
1.41775793650794,0.305673491479425,0.298450731376745,0.336228463892738,2.78648754548586
1.41785714285714,0.305645813162498,0.298453652333609,0.336067692187595,2.78669343090768
1.41795634920635,0.305618137243042,0.298456561064485,0.335906997490195,2.78689928534145
1.41805555555556,0.305590463723612,0.298459457575029,0.335746379763166,2.78710510879569
1.41815476190476,0.305562792606763,0.298462341870891,0.33558583896915,2.78731090127888
1.41825396825397,0.305535123895058,0.298465213957719,0.335425375070805,2.78751666279953
1.41835317460317,0.305507457591065,0.298468073841153,0.335264988030803,2.78772239336612
1.41845238095238,0.305479793697357,0.29847092152683,0.335104677811832,2.78792809298713
1.41855158730159,0.30545213221651,0.298473757020382,0.334944444376594,2.78813376167104
1.41865079365079,0.305424473151108,0.298476580327436,0.334784287687805,2.78833939942633
1.41875,0.305396816503739,0.298479391453615,0.334624207708197,2.78854500626145
1.41884920634921,0.305369162276995,0.298482190404536,0.334464204400515,2.78875058218487
1.41894841269841,0.305341510473474,0.298484977185813,0.334304277727523,2.78895612720504
1.41904761904762,0.30531386109578,0.298487751803053,0.334144427651995,2.78916164133041
1.41914682539683,0.305286214146521,0.29849051426186,0.333984654136722,2.78936712456943
1.41924603174603,0.305258569628311,0.298493264567832,0.333824957144509,2.78957257693053
1.41934523809524,0.305230927543766,0.298496002726564,0.333665336638178,2.78977799842215
1.41944444444444,0.305203287895512,0.298498728743645,0.333505792580562,2.78998338905271
1.41954365079365,0.305175650686177,0.298501442624658,0.333346324934512,2.79018874883064
1.41964285714286,0.305148015918394,0.298504144375184,0.333186933662893,2.79039407776436
1.41974206349206,0.305120383594803,0.298506834000798,0.333027618728583,2.79059937586226
1.41984126984127,0.305092753718046,0.29850951150707,0.332868380094478,2.79080464313277
1.41994047619048,0.305065126290774,0.298512176899564,0.332709217723485,2.79100987958427
1.42003968253968,0.30503750131564,0.298514830183842,0.33255013157853,2.79121508522517
1.42013888888889,0.305009878795304,0.29851747136546,0.33239112162255,2.79142026006385
1.4202380952381,0.304982258732429,0.298520100449968,0.332232187818499,2.79162540410869
1.4203373015873,0.304954641129685,0.298522717442913,0.332073330129345,2.79183051736808
1.42043650793651,0.304927025989747,0.298525322349838,0.331914548518071,2.79203559985038
1.42053571428571,0.304899413315294,0.298527915176277,0.331755842947674,2.79224065156396
1.42063492063492,0.304871803109011,0.298530495927764,0.331597213381168,2.79244567251718
1.42073412698413,0.304844195373588,0.298533064609826,0.33143865978158,2.79265066271841
1.42083333333333,0.304816590111719,0.298535621227986,0.331280182111951,2.79285562217598
1.42093253968254,0.304788987326104,0.298538165787761,0.331121780335338,2.79306055089824
1.42103174603175,0.304761387019449,0.298540698294665,0.330963454414814,2.79326544889354
1.42113095238095,0.304733789194463,0.298543218754205,0.330805204313464,2.79347031617021
1.42123015873016,0.304706193853863,0.298545727171885,0.330647029994391,2.79367515273656
1.42132936507937,0.304678601000367,0.298548223553205,0.330488931420709,2.79387995860094
1.42142857142857,0.304651010636702,0.298550707903658,0.330330908555549,2.79408473377165
1.42152777777778,0.304623422765599,0.298553180228734,0.330172961362059,2.794289478257
1.42162698412698,0.304595837389792,0.298555640533917,0.330015089803397,2.79449419206531
1.42172619047619,0.304568254512022,0.298558088824686,0.329857293842738,2.79469887520486
1.4218253968254,0.304540674135036,0.298560525106518,0.329699573443274,2.79490352768397
1.4219246031746,0.304513096261584,0.298562949384882,0.329541928568208,2.79510814951091
1.42202380952381,0.304485520894423,0.298565361665243,0.32938435918076,2.79531274069398
1.42212301587302,0.304457948036312,0.298567761953063,0.329226865244165,2.79551730124144
1.42222222222222,0.30443037769002,0.298570150253798,0.329069446721672,2.79572183116158
1.42232142857143,0.304402809858316,0.298572526572898,0.328912103576544,2.79592633046265
1.42242063492063,0.304375244543977,0.298574890915811,0.328754835772059,2.79613079915293
1.42251984126984,0.304347681749785,0.298577243287978,0.328597643271513,2.79633523724067
1.42261904761905,0.304320121478527,0.298579583694836,0.328440526038212,2.79653964473411
1.42271825396825,0.304292563732993,0.298581912141818,0.328283484035481,2.79674402164151
1.42281746031746,0.304265008515981,0.29858422863435,0.328126517226656,2.79694836797111
1.42291666666667,0.304237455830293,0.298586533177856,0.327969625575091,2.79715268373114
1.42301587301587,0.304209905678736,0.298588825777754,0.327812809044152,2.79735696892982
1.42311507936508,0.304182358064121,0.298591106439457,0.327656067597222,2.79756122357539
1.42321428571429,0.304154812989266,0.298593375168372,0.327499401197699,2.79776544767605
1.42331349206349,0.304127270456993,0.298595631969905,0.327342809808992,2.79796964124003
1.4234126984127,0.304099730470129,0.298597876849454,0.327186293394531,2.79817380427553
1.4235119047619,0.304072193031508,0.298600109812414,0.327029851917755,2.79837793679075
1.42361111111111,0.304044658143966,0.298602330864172,0.32687348534212,2.79858203879388
1.42371031746032,0.304017125810346,0.298604540010116,0.326717193631099,2.79878611029312
1.42380952380952,0.303989596033495,0.298606737255623,0.326560976748175,2.79899015129665
1.42390873015873,0.303962068816267,0.298608922606071,0.326404834656851,2.79919416181266
1.42400793650794,0.30393454416152,0.298611096066828,0.32624876732064,2.79939814184931
1.42410714285714,0.303907022072117,0.298613257643261,0.326092774703075,2.79960209141477
1.42420634920635,0.303879502550925,0.29861540734073,0.325936856767697,2.7998060105172
1.42430555555556,0.303851985600818,0.298617545164593,0.325781013478069,2.80000989916478
1.42440476190476,0.303824471224674,0.298619671120199,0.325625244797764,2.80021375736563
1.42450396825397,0.303796959425377,0.298621785212897,0.325469550690371,2.80041758512792
1.42460317460317,0.303769450205815,0.298623887448027,0.325313931119494,2.80062138245978
1.42470238095238,0.303741943568882,0.298625977830928,0.325158386048753,2.80082514936934
1.42480158730159,0.303714439517476,0.29862805636693,0.32500291544178,2.80102888586474
1.42490079365079,0.303686938054501,0.298630123061363,0.324847519262224,2.80123259195411
1.425,0.303659439182867,0.298632177919549,0.324692197473748,2.80143626764555
1.42509920634921,0.303631942905486,0.298634220946806,0.32453695004003,2.80163991294719
1.42519841269841,0.303604449225279,0.298636252148447,0.324381776924764,2.80184352786713
1.42529761904762,0.303576958145169,0.298638271529781,0.324226678091656,2.80204711241347
1.42539682539683,0.303549469668085,0.298640279096113,0.324071653504428,2.80225066659431
1.42549603174603,0.303521983796963,0.29864227485274,0.323916703126817,2.80245419041774
1.42559523809524,0.303494500534741,0.298644258804958,0.323761826922577,2.80265768389185
1.42569444444444,0.303467019884364,0.298646230958056,0.323607024855473,2.80286114702471
1.42579365079365,0.303439541848781,0.298648191317319,0.323452296889286,2.80306457982441
1.42589285714286,0.303412066430948,0.298650139888027,0.323297642987814,2.80326798229901
1.42599206349206,0.303384593633824,0.298652076675455,0.323143063114866,2.80347135445657
1.42609126984127,0.303357123460374,0.298654001684875,0.322988557234269,2.80367469630515
1.42619047619048,0.303329655913568,0.298655914921551,0.322834125309863,2.80387800785281
1.42628968253968,0.303302190996382,0.298657816390745,0.322679767305504,2.80408128910759
1.42638888888889,0.303274728711795,0.298659706097714,0.322525483185062,2.80428454007753
1.4264880952381,0.303247269062793,0.298661584047708,0.322371272912422,2.80448776077067
1.4265873015873,0.303219812052366,0.298663450245975,0.322217136451483,2.80469095119504
1.42668650793651,0.30319235768351,0.298665304697756,0.32206307376616,2.80489411135867
1.42678571428571,0.303164905959225,0.29866714740829,0.321909084820383,2.80509724126957
1.42688492063492,0.303137456882517,0.298668978382808,0.321755169578095,2.80530034093576
1.42698412698413,0.303110010456398,0.298670797626539,0.321601328003255,2.80550341036525
1.42708333333333,0.303082566683882,0.298672605144705,0.321447560059838,2.80570644956604
1.42718253968254,0.303055125567991,0.298674400942525,0.321293865711831,2.80590945854612
1.42728174603175,0.30302768711175,0.298676185025213,0.321140244923237,2.80611243731349
1.42738095238095,0.303000251318192,0.298677957397976,0.320986697658076,2.80631538587614
1.42748015873016,0.302972818190352,0.298679718066019,0.320833223880379,2.80651830424205
1.42757936507936,0.302945387731272,0.298681467034542,0.320679823554194,2.80672119241919
1.42767857142857,0.302917959943998,0.298683204308739,0.320526496643584,2.80692405041553
1.42777777777778,0.302890534831581,0.298684929893799,0.320373243112625,2.80712687823904
1.42787698412698,0.302863112397079,0.298686643794908,0.320220062925411,2.80732967589767
1.42797619047619,0.302835692643553,0.298688346017247,0.320066956046047,2.80753244339938
1.4280753968254,0.302808275574071,0.298690036565989,0.319913922438654,2.80773518075212
1.4281746031746,0.302780861191703,0.298691715446307,0.319760962067371,2.80793788796383
1.42827380952381,0.302753449499527,0.298693382663366,0.319608074896346,2.80814056504244
1.42837301587302,0.302726040500625,0.298695038222327,0.319455260889747,2.80834321199589
1.42847222222222,0.302698634198085,0.298696682128348,0.319302520011754,2.80854582883211
1.42857142857143,0.302671230594998,0.298698314386579,0.319149852226563,2.808748415559
1.42867063492063,0.302643829694463,0.298699935002167,0.318997257498384,2.8089509721845
1.42876984126984,0.302616431499581,0.298701543980256,0.318844735791441,2.8091534987165
1.42886904761905,0.30258903601346,0.298703141325982,0.318692287069975,2.80935599516292
1.42896825396825,0.302561643239214,0.298704727044477,0.31853991129824,2.80955846153164
1.42906746031746,0.302534253179959,0.298706301140871,0.318387608440507,2.80976089783057
1.42916666666667,0.302506865838819,0.298707863620286,0.318235378461057,2.80996330406758
1.42926587301587,0.302479481218922,0.298709414487841,0.318083221324192,2.81016568025057
1.42936507936508,0.3024520993234,0.298710953748649,0.317931136994225,2.8103680263874
1.42946428571429,0.302424720155393,0.29871248140782,0.317779125435484,2.81057034248596
1.42956349206349,0.302397343718043,0.298713997470456,0.317627186612312,2.81077262855409
1.4296626984127,0.302369970014498,0.298715501941659,0.317475320489068,2.81097488459967
1.4297619047619,0.302342599047913,0.298716994826522,0.317323527030125,2.81117711063055
1.42986111111111,0.302315230821446,0.298718476130136,0.31717180619987,2.81137930665457
1.42996031746032,0.30228786533826,0.298719945857586,0.317020157962706,2.81158147267959
1.43005952380952,0.302260502601524,0.298721404013951,0.31686858228305,2.81178360871343
1.43015873015873,0.302233142614412,0.298722850604309,0.316717079125334,2.81198571476392
1.43025793650794,0.302205785380103,0.298724285633728,0.316565648454006,2.81218779083891
1.43035714285714,0.302178430901782,0.298725709107277,0.316414290233526,2.8123898369462
1.43045634920635,0.302151079182636,0.298727121030016,0.316263004428371,2.81259185309361
1.43055555555556,0.302123730225861,0.298728521407002,0.316111791003033,2.81279383928896
1.43065476190476,0.302096384034656,0.298729910243286,0.315960649922016,2.81299579554004
1.43075396825397,0.302069040612226,0.298731287543916,0.315809581149843,2.81319772185466
1.43085317460317,0.302041699961779,0.298732653313935,0.315658584651049,2.8133996182406
1.43095238095238,0.30201436208653,0.298734007558379,0.315507660390184,2.81360148470567
1.43105158730159,0.3019870269897,0.298735350282282,0.315356808331812,2.81380332125764
1.43115079365079,0.301959694674512,0.298736681490672,0.315206028440515,2.81400512790428
1.43125,0.301932365144198,0.298738001188572,0.315055320680888,2.81420690465337
1.43134920634921,0.301905038401992,0.298739309381001,0.314904685017538,2.81440865151268
1.43144841269841,0.301877714451133,0.298740606072972,0.314754121415091,2.81461036848996
1.43154761904762,0.301850393294868,0.298741891269495,0.314603629838186,2.81481205559297
1.43164682539683,0.301823074936446,0.298743164975574,0.314453210251476,2.81501371282946
1.43174603174603,0.301795759379124,0.298744427196209,0.314302862619631,2.81521534020718
1.43184523809524,0.30176844662616,0.298745677936394,0.314152586907333,2.81541693773386
1.43194444444444,0.301741136680822,0.29874691720112,0.314002383079282,2.81561850541723
1.43204365079365,0.30171382954638,0.298748144995371,0.31385225110019,2.81582004326503
1.43214285714286,0.301686525226109,0.298749361324129,0.313702190934784,2.81602155128497
1.43224206349206,0.30165922372329,0.298750566192369,0.313552202547807,2.81622302948477
1.43234126984127,0.30163192504121,0.298751759605063,0.313402285904018,2.81642447787214
1.43244047619048,0.301604629183159,0.298752941567176,0.313252440968187,2.81662589645479
1.43253968253968,0.301577336152434,0.29875411208367,0.313102667705102,2.81682728524041
1.43263888888889,0.301550045952336,0.298755271159502,0.312952966079565,2.81702864423671
1.4327380952381,0.301522758586171,0.298756418799624,0.312803336056393,2.81722997345137
1.4328373015873,0.301495474057251,0.298757555008983,0.312653777600415,2.81743127289207
1.43293650793651,0.301468192368891,0.298758679792523,0.31250429067648,2.81763254256649
1.43303571428571,0.301440913524415,0.298759793155179,0.312354875249446,2.81783378248231
1.43313492063492,0.301413637527148,0.298760895101886,0.312205531284191,2.81803499264719
1.43323412698413,0.301386364380423,0.298761985637572,0.312056258745605,2.81823617306879
1.43333333333333,0.301359094087576,0.298763064767161,0.311907057598592,2.81843732375476
1.43343253968254,0.30133182665195,0.29876413249557,0.311757927808074,2.81863844471277
1.43353174603175,0.301304562076891,0.298765188827715,0.311608869338984,2.81883953595044
1.43363095238095,0.301277300365751,0.298766233768504,0.311459882156272,2.81904059747543
1.43373015873016,0.301250041521889,0.298767267322841,0.311310966224903,2.81924162929536
1.43382936507936,0.301222785548667,0.298768289495628,0.311162121509856,2.81944263141787
1.43392857142857,0.301195532449451,0.298769300291758,0.311013347976125,2.81964360385058
1.43402777777778,0.301168282227615,0.298770299716121,0.310864645588719,2.81984454660109
1.43412698412698,0.301141034886536,0.298771287773604,0.310716014312661,2.82004545967704
1.43422619047619,0.301113790429597,0.298772264469087,0.310567454112989,2.82024634308601
1.4343253968254,0.301086548860186,0.298773229807446,0.310418964954757,2.82044719683562
1.4344246031746,0.301059310181696,0.298774183793552,0.310270546803033,2.82064802093345
1.43452380952381,0.301032074397525,0.298775126432271,0.310122199622899,2.8208488153871
1.43462301587302,0.301004841511077,0.298776057728466,0.309973923379453,2.82104958020416
1.43472222222222,0.300977611525759,0.298776977686993,0.309825718037807,2.82125031539219
1.43482142857143,0.300950384444984,0.298777886312705,0.309677583563087,2.82145102095877
1.43492063492063,0.300923160272172,0.298778783610448,0.309529519920437,2.82165169691148
1.43501984126984,0.300895939010746,0.298779669585066,0.309381527075012,2.82185234325787
1.43511904761905,0.300868720664134,0.298780544241397,0.309233604991984,2.8220529600055
1.43521825396825,0.300841505235771,0.298781407584273,0.30908575363654,2.82225354716191
1.43531746031746,0.300814292729095,0.298782259618523,0.308937972973879,2.82245410473467
1.43541666666667,0.30078708314755,0.298783100348971,0.308790262969219,2.8226546327313
1.43551587301587,0.300759876494585,0.298783929780435,0.308642623587788,2.82285513115934
1.43561507936508,0.300732672773654,0.298784747917731,0.308495054794834,2.82305560002632
1.43571428571429,0.300705471988217,0.298785554765666,0.308347556555616,2.82325603933976
1.43581349206349,0.300678274141737,0.298786350329047,0.308200128835409,2.82345644910718
1.4359126984127,0.300651079237685,0.298787134612672,0.308052771599502,2.8236568293361
1.4360119047619,0.300623887279534,0.298787907621337,0.3079054848132,2.82385718003402
1.43611111111111,0.300596698270765,0.298788669359832,0.307758268441823,2.82405750120843
1.43621031746032,0.300569512214862,0.298789419832943,0.307611122450704,2.82425779286685
1.43630952380952,0.300542329115315,0.298790159045451,0.307464046805193,2.82445805501676
1.43640873015873,0.300515148975619,0.298790887002132,0.307317041470652,2.82465828766563
1.43650793650794,0.300487971799273,0.298791603707757,0.307170106412461,2.82485849082097
1.43660714285714,0.300460797589783,0.298792309167093,0.307023241596013,2.82505866449022
1.43670634920635,0.30043362635066,0.298793003384901,0.306876446986715,2.82525880868087
1.43680555555556,0.300406458085417,0.29879368636594,0.306729722549991,2.82545892340039
1.43690476190476,0.300379292797577,0.29879435811496,0.306583068251277,2.82565900865621
1.43700396825397,0.300352130490663,0.29879501863671,0.306436484056027,2.8258590644558
1.43710317460317,0.300324971168208,0.298795667935933,0.306289969929708,2.82605909080661
1.43720238095238,0.300297814833746,0.298796306017366,0.306143525837801,2.82625908771607
1.43730158730159,0.300270661490818,0.298796932885743,0.305997151745803,2.82645905519162
1.43740079365079,0.30024351114297,0.298797548545793,0.305850847619226,2.82665899324069
1.4375,0.300216363793753,0.298798153002239,0.305704613423596,2.8268589018707
1.43759920634921,0.300189219446723,0.298798746259801,0.305558449124455,2.82705878108908
1.43769841269841,0.300162078105442,0.298799328323192,0.305412354687357,2.82725863090323
1.43779761904762,0.300134939773475,0.298799899197123,0.305266330077873,2.82745845132057
1.43789682539683,0.300107804454394,0.298800458886297,0.30512037526159,2.82765824234849
1.43799603174603,0.300080672151775,0.298801007395416,0.304974490204108,2.82785800399439
1.43809523809524,0.300053542869199,0.298801544729174,0.30482867487104,2.82805773626567
1.43819444444444,0.300026416610255,0.298802070892262,0.304682929228018,2.82825743916971
1.43829365079365,0.299999293378532,0.298802585889366,0.304537253240685,2.82845711271388
1.43839285714286,0.299972173177628,0.298803089725167,0.304391646874702,2.82865675690557
1.43849206349206,0.299945056011145,0.29880358240434,0.304246110095742,2.82885637175215
1.43859126984127,0.29991794188269,0.298804063931558,0.304100642869495,2.82905595726097
1.43869047619048,0.299890830795875,0.298804534311488,0.303955245161663,2.8292555134394
1.43878968253968,0.299863722754317,0.29880499354879,0.303809916937966,2.82945504029479
1.43888888888889,0.299836617761639,0.298805441648124,0.303664658164137,2.82965453783448
1.4389880952381,0.299809515821468,0.29880587861414,0.303519468805924,2.82985400606582
1.4390873015873,0.299782416937436,0.298806304451487,0.30337434882909,2.83005344499614
1.43918650793651,0.29975532111318,0.298806719164808,0.303229298199412,2.83025285463278
1.43928571428571,0.299728228352345,0.29880712275874,0.303084316882683,2.83045223498306
1.43938492063492,0.299701138658577,0.298807515237919,0.302939404844711,2.83065158605429
1.43948412698413,0.299674052035529,0.298807896606971,0.302794562051317,2.8308509078538
1.43958333333333,0.299646968486859,0.298808266870522,0.302649788468339,2.83105020038889
1.43968253968254,0.299619888016231,0.29880862603319,0.302505084061627,2.83124946366686
1.43978174603175,0.299592810627312,0.29880897409959,0.302360448797048,2.83144869769501
1.43988095238095,0.299565736323776,0.298809311074332,0.302215882640484,2.83164790248064
1.43998015873016,0.2995386651093,0.29880963696202,0.302071385557829,2.83184707803103
1.44007936507937,0.29951159698757,0.298809951767254,0.301926957514997,2.83204622435346
1.44017857142857,0.299484531962272,0.298810255494631,0.301782598477911,2.83224534145521
1.44027777777778,0.299457470037101,0.298810548148741,0.301638308412511,2.83244442934354
1.44037698412698,0.299430411215756,0.298810829734169,0.301494087284754,2.83264348802573
1.44047619047619,0.29940335550194,0.298811100255498,0.301349935060609,2.83284251750903
1.4405753968254,0.299376302899362,0.298811359717303,0.301205851706061,2.83304151780069
1.4406746031746,0.299349253411736,0.298811608124155,0.301061837187109,2.83324048890796
1.44077380952381,0.299322207042782,0.298811845480623,0.300917891469768,2.83343943083808
1.44087301587302,0.299295163796223,0.298812071791268,0.300774014520066,2.8336383435983
1.44097222222222,0.299268123675789,0.298812287060648,0.300630206304047,2.83383722719584
1.44107142857143,0.299241086685214,0.298812491293314,0.300486466787771,2.83403608163793
1.44117063492064,0.299214052828238,0.298812684493816,0.30034279593731,2.83423490693179
1.44126984126984,0.299187022108606,0.298812866666696,0.300199193718753,2.83443370308463
1.44136904761905,0.299159994530066,0.298813037816492,0.300055660098202,2.83463247010367
1.44146825396825,0.299132970096374,0.298813197947739,0.299912195041775,2.8348312079961
1.44156746031746,0.29910594881129,0.298813347064965,0.299768798515606,2.83502991676913
1.44166666666667,0.299078930678579,0.298813485172694,0.299625470485842,2.83522859642994
1.44176587301587,0.29905191570201,0.298813612275446,0.299482210918643,2.83542724698573
1.44186507936508,0.29902490388536,0.298813728377734,0.299339019780188,2.83562586844368
1.44196428571429,0.298997895232407,0.29881383348407,0.299195897036669,2.83582446081097
1.44206349206349,0.298970889746938,0.298813927598959,0.299052842654291,2.83602302409475
1.4421626984127,0.298943887432744,0.298814010726899,0.298909856599276,2.83622155830221
1.4422619047619,0.298916888293619,0.298814082872388,0.29876693883786,2.8364200634405
1.44236111111111,0.298889892333364,0.298814144039916,0.298624089336294,2.83661853951677
1.44246031746032,0.298862899555785,0.298814194233968,0.298481308060843,2.83681698653817
1.44255952380952,0.298835909964693,0.298814233459028,0.298338594977789,2.83701540451185
1.44265873015873,0.298808923563903,0.29881426171957,0.298195950053425,2.83721379344494
1.44275793650794,0.298781940357238,0.298814279020067,0.298053373254063,2.83741215334458
1.44285714285714,0.298754960348522,0.298814285364985,0.297910864546027,2.83761048421789
1.44295634920635,0.298727983541587,0.298814280758788,0.297768423895656,2.837808786072
1.44305555555556,0.298701009940271,0.298814265205933,0.297626051269306,2.83800705891401
1.44315476190476,0.298674039548412,0.298814238710872,0.297483746633345,2.83820530275105
1.44325396825397,0.29864707236986,0.298814201278054,0.297341509954156,2.83840351759021
1.44335317460317,0.298620108408464,0.298814152911921,0.29719934119814,2.83860170343859
1.44345238095238,0.298593147668082,0.298814093616913,0.297057240331709,2.83879986030329
1.44355158730159,0.298566190152576,0.298814023397463,0.296915207321291,2.83899798819139
1.44365079365079,0.298539235865812,0.298813942258001,0.29677324213333,2.83919608710998
1.44375,0.298512284811662,0.298813850202949,0.296631344734284,2.83939415706614
1.44384920634921,0.298485336994004,0.298813747236729,0.296489515090626,2.83959219806693
1.44394841269841,0.29845839241672,0.298813633363755,0.296347753168842,2.83979021011943
1.44404761904762,0.298431451083696,0.298813508588436,0.296206058935434,2.83998819323069
1.44414682539683,0.298404512998826,0.298813372915179,0.296064432356921,2.84018614740777
1.44424603174603,0.298377578166007,0.298813226348383,0.295922873399834,2.84038407265771
1.44434523809524,0.298350646589141,0.298813068892444,0.295781382030719,2.84058196898757
1.44444444444444,0.298323718272136,0.298812900551754,0.295639958216138,2.84077983640438
1.44454365079365,0.298296793218905,0.298812721330698,0.295498601922667,2.84097767491517
1.44464285714286,0.298269871433366,0.298812531233658,0.295357313116898,2.84117548452697
1.44474206349206,0.298242952919441,0.298812330265011,0.295216091765434,2.84137326524681
1.44484126984127,0.298216037681059,0.298812118429129,0.295074937834898,2.84157101708169
1.44494047619048,0.298189125722153,0.298811895730379,0.294933851291925,2.84176874003863
1.44503968253968,0.298162217046661,0.298811662173123,0.294792832103165,2.84196643412464
1.44513888888889,0.298135311658526,0.298811417761719,0.294651880235281,2.84216409934672
1.4452380952381,0.298108409561696,0.29881116250052,0.294510995654955,2.84236173571186
1.4453373015873,0.298081510760127,0.298810896393875,0.294370178328882,2.84255934322704
1.44543650793651,0.298054615257775,0.298810619446126,0.294229428223769,2.84275692189926
1.44553571428571,0.298027723058604,0.298810331661613,0.294088745306341,2.84295447173549
1.44563492063492,0.298000834166585,0.298810033044669,0.293948129543336,2.8431519927427
1.44573412698413,0.297973948585689,0.298809723599624,0.29380758090151,2.84334948492787
1.44583333333333,0.297947066319897,0.298809403330801,0.293667099347629,2.84354694829794
1.44593253968254,0.297920187373193,0.298809072242522,0.293526684848478,2.84374438285988
1.44603174603175,0.297893311749565,0.298808730339099,0.293386337370853,2.84394178862064
1.44613095238095,0.297866439453008,0.298808377624845,0.293246056881569,2.84413916558715
1.44623015873016,0.297839570487521,0.298808014104064,0.293105843347452,2.84433651376638
1.44632936507937,0.29781270485711,0.298807639781056,0.292965696735344,2.84453383316523
1.44642857142857,0.297785842565782,0.298807254660119,0.292825617012104,2.84473112379065
1.44652777777778,0.297758983617554,0.298806858745542,0.292685604144603,2.84492838564956
1.44662698412698,0.297732128016445,0.298806452041612,0.292545658099726,2.84512561874887
1.44672619047619,0.297705275766479,0.298806034552612,0.292405778844377,2.84532282309549
1.4468253968254,0.297678426871687,0.298805606282817,0.292265966345471,2.84551999869634
1.4469246031746,0.297651581336104,0.298805167236499,0.29212622056994,2.84571714555831
1.44702380952381,0.29762473916377,0.298804717417928,0.291986541484729,2.8459142636883
1.44712301587302,0.29759790035873,0.298804256831364,0.291846929056798,2.84611135309319
1.44722222222222,0.297571064925034,0.298803785481066,0.291707383253124,2.84630841377988
1.44732142857143,0.297544232866739,0.298803303371286,0.291567904040696,2.84650544575524
1.44742063492064,0.297517404187903,0.298802810506274,0.29142849138652,2.84670244902614
1.44751984126984,0.297490578892594,0.298802306890273,0.291289145257615,2.84689942359945
1.44761904761905,0.297463756984882,0.298801792527522,0.291149865621016,2.84709636948204
1.44771825396825,0.297436938468843,0.298801267422254,0.291010652443772,2.84729328668075
1.44781746031746,0.297410123348557,0.298800731578699,0.290871505692948,2.84749017520245
1.44791666666667,0.29738331162811,0.298800185001082,0.290732425335621,2.84768703505398
1.44801587301587,0.297356503311595,0.298799627693623,0.290593411338887,2.84788386624217
1.44811507936508,0.297329698403106,0.298799059660536,0.290454463669853,2.84808066877386
1.44821428571429,0.297302896906745,0.298798480906032,0.290315582295643,2.84827744265588
1.44831349206349,0.297276098826619,0.298797891434316,0.290176767183395,2.84847418789506
1.4484126984127,0.297249304166839,0.29879729124959,0.290038018300262,2.84867090449821
1.4485119047619,0.297222512931522,0.298796680356049,0.289899335613411,2.84886759247215
1.44861111111111,0.29719572512479,0.298796058757885,0.289760719090025,2.84906425182368
1.44871031746032,0.297168940750768,0.298795426459284,0.289622168697301,2.8492608825596
1.44880952380952,0.29714215981359,0.298794783464427,0.289483684402451,2.84945748468671
1.44890873015873,0.297115382317391,0.298794129777493,0.289345266172702,2.8496540582118
1.44900793650794,0.297088608266315,0.298793465402653,0.289206913975295,2.84985060314166
1.44910714285714,0.297061837664508,0.298792790344075,0.289068627777488,2.85004711948306
1.44920634920635,0.297035070516122,0.298792104605922,0.28893040754655,2.85024360724278
1.44930555555556,0.297008306825315,0.298791408192351,0.288792253249768,2.85044006642759
1.44940476190476,0.29698154659625,0.298790701107516,0.288654164854444,2.85063649704424
1.44950396825397,0.296954789833094,0.298789983355565,0.288516142327891,2.85083289909951
1.44960317460317,0.296928036540019,0.298789254940643,0.288378185637441,2.85102927260013
1.44970238095238,0.296901286721203,0.298788515866888,0.288240294750438,2.85122561755286
1.44980158730159,0.29687454038083,0.298787766138434,0.288102469634243,2.85142193396444
1.44990079365079,0.296847797523086,0.29878700575941,0.287964710256231,2.8516182218416
1.45,0.296821058152166,0.298786234733943,0.287827016583789,2.85181448119107
1.45009920634921,0.296794322272267,0.298785453066151,0.287689388584324,2.85201071201958
1.45019841269841,0.296767589887592,0.29878466076015,0.287551826225254,2.85220691433385
1.45029761904762,0.29674086100235,0.29878385782005,0.287414329474013,2.85240308814058
1.45039682539683,0.296714135620754,0.298783044249957,0.287276898298049,2.85259923344649
1.45049603174603,0.296687413747022,0.298782220053972,0.287139532664826,2.85279535025828
1.45059523809524,0.296660695385379,0.298781385236192,0.287002232541821,2.85299143858265
1.45069444444444,0.296633980540053,0.298780539800707,0.286864997896529,2.85318749842628
1.45079365079365,0.296607269215278,0.298779683751604,0.286727828696456,2.85338352979587
1.45089285714286,0.296580561415292,0.298778817092965,0.286590724909126,2.85357953269809
1.45099206349206,0.29655385714434,0.298777939828868,0.286453686502075,2.85377550713961
1.45109126984127,0.296527156406671,0.298777051963385,0.286316713442856,2.85397145312712
1.45119047619048,0.296500459206538,0.298776153500584,0.286179805699035,2.85416737066727
1.45128968253968,0.296473765548202,0.298775244444527,0.286042963238195,2.85436325976671
1.45138888888889,0.296447075435926,0.298774324799272,0.285906186027932,2.85455912043211
1.4514880952381,0.29642038887398,0.298773394568874,0.285769474035856,2.85475495267011
1.4515873015873,0.296393705866639,0.29877245375738,0.285632827229594,2.85495075648735
1.45168650793651,0.296367026418182,0.298771502368835,0.285496245576788,2.85514653189046
1.45178571428571,0.296340350532894,0.298770540407278,0.285359729045091,2.85534227888609
1.45188492063492,0.296313678215065,0.298769567876744,0.285223277602176,2.85553799748085
1.45198412698413,0.296287009468989,0.298768584781261,0.285086891215727,2.85573368768136
1.45208333333333,0.296260344298967,0.298767591124854,0.284950569853445,2.85592934949424
1.45218253968254,0.296233682709305,0.298766586911545,0.284814313483043,2.85612498292609
1.45228174603175,0.296207024704311,0.298765572145348,0.284678122072251,2.85632058798353
1.45238095238095,0.296180370288302,0.298764546830273,0.284541995588814,2.85651616467314
1.45248015873016,0.296153719465597,0.298763510970328,0.284405934000492,2.85671171300152
1.45257936507937,0.296127072240524,0.298762464569512,0.284269937275057,2.85690723297525
1.45267857142857,0.296100428617411,0.298761407631823,0.284134005380298,2.85710272460092
1.45277777777778,0.296073788600595,0.298760340161251,0.28399813828402,2.8572981878851
1.45287698412698,0.296047152194416,0.298759262161784,0.28386233595404,2.85749362283437
1.45297619047619,0.296020519403221,0.298758173637404,0.283726598358192,2.85768902945528
1.4530753968254,0.295993890231361,0.298757074592088,0.283590925464322,2.8578844077544
1.4531746031746,0.295967264683191,0.298755965029809,0.283455317240295,2.85807975773828
1.45327380952381,0.295940642763073,0.298754844954534,0.283319773653987,2.85827507941346
1.45337301587302,0.295914024475373,0.298753714370227,0.283184294673291,2.8584703727865
1.45347222222222,0.295887409824462,0.298752573280846,0.283048880266113,2.85866563786392
1.45357142857143,0.295860798814717,0.298751421690344,0.282913530400375,2.85886087465226
1.45367063492063,0.29583419145052,0.298750259602671,0.282778245044015,2.85905608315804
1.45376984126984,0.295807587736256,0.29874908702177,0.282643024164983,2.85925126338779
1.45386904761905,0.295780987676319,0.298747903951581,0.282507867731245,2.85944641534802
1.45396825396825,0.295754391275104,0.298746710396038,0.282372775710783,2.85964153904524
1.45406746031746,0.295727798537014,0.298745506359071,0.282237748071591,2.85983663448595
1.45416666666667,0.295701209466456,0.298744291844605,0.282102784781681,2.86003170167665
1.45426587301587,0.295674624067842,0.298743066856561,0.281967885809079,2.86022674062384
1.45436507936508,0.295648042345589,0.298741831398853,0.281833051121823,2.860421751334
1.45446428571429,0.29562146430412,0.298740585475394,0.281698280687969,2.86061673381362
1.45456349206349,0.295594889947861,0.298739329090087,0.281563574475587,2.86081168806916
1.4546626984127,0.295568319281246,0.298738062246836,0.28142893245276,2.86100661410711
1.4547619047619,0.295541752308712,0.298736784949537,0.281294354587589,2.86120151193392
1.45486111111111,0.295515189034702,0.29873549720208,0.281159840848187,2.86139638155606
1.45496031746032,0.295488629463663,0.298734199008354,0.281025391202684,2.86159122297998
1.45505952380952,0.295462073600049,0.298732890372241,0.280891005619222,2.86178603621213
1.45515873015873,0.295435521448318,0.298731571297617,0.28075668406596,2.86198082125895
1.45525793650794,0.295408973012932,0.298730241788357,0.28062242651107,2.86217557812689
1.45535714285714,0.29538242829836,0.298728901848327,0.280488232922743,2.86237030682236
1.45545634920635,0.295355887309075,0.298727551481391,0.280354103269179,2.86256500735181
1.45555555555556,0.295329350049556,0.298726190691407,0.280220037518597,2.86275967972165
1.45565476190476,0.295302816524286,0.29872481948223,0.280086035639228,2.86295432393829
1.45575396825397,0.295276286737753,0.298723437857707,0.27995209759932,2.86314894000815
1.45585317460317,0.295249760694452,0.298722045821684,0.279818223367135,2.86334352793764
1.45595238095238,0.295223238398881,0.298720643378,0.279684412910949,2.86353808773314
1.45605158730159,0.295196719855544,0.29871923053049,0.279550666199054,2.86373261940106
1.45615079365079,0.29517020506895,0.298717807282983,0.279416983199757,2.86392712294778
1.45625,0.295143694043613,0.298716373639304,0.279283363881377,2.86412159837969
1.45634920634921,0.295117186784052,0.298714929603275,0.279149808212252,2.86431604570317
1.45644841269841,0.295090683294791,0.29871347517871,0.279016316160731,2.86451046492457
1.45654761904762,0.29506418358036,0.298712010369422,0.27888288769518,2.86470485605028
1.45664682539683,0.295037687645294,0.298710535179215,0.27874952278398,2.86489921908665
1.45674603174603,0.295011195494131,0.298709049611891,0.278616221395524,2.86509355404003
1.45684523809524,0.294984707131416,0.298707553671248,0.278482983498224,2.86528786091679
1.45694444444444,0.2949582225617,0.298706047361076,0.278349809060503,2.86548213972325
1.45704365079365,0.294931741789537,0.298704530685163,0.278216698050801,2.86567639046576
1.45714285714286,0.294905264819486,0.298703003647292,0.278083650437571,2.86587061315065
1.45724206349206,0.294878791656114,0.29870146625124,0.277950666189284,2.86606480778426
1.45734126984127,0.294852322303989,0.29869991850078,0.277817745274422,2.86625897437289
1.45744047619048,0.294825856760056,0.298698360402678,0.277684887661783,2.86645311292587
1.45753968253968,0.294799394599999,0.298696792129032,0.277552093337256,2.86664722361797
1.45763888888889,0.29477293557705,0.298695213781892,0.277419362281521,2.86684130655377
1.4577380952381,0.294746479690334,0.298693625366676,0.277286694465951,2.86703536174111
1.4578373015873,0.294720026938976,0.298692026888797,0.277154089861928,2.86722938918785
1.45793650793651,0.294693577322105,0.29869041835367,0.277021548440844,2.86742338890182
1.45803571428571,0.294667130838849,0.298688799766704,0.276889070174102,2.86761736089086
1.45813492063492,0.294640687488339,0.298687171133309,0.27675665503311,2.86781130516281
1.45823412698413,0.294614247269707,0.29868553245889,0.276624302989288,2.86800522172551
1.45833333333333,0.294587810182087,0.298683883748852,0.276492014014065,2.86819911058679
1.45843253968254,0.294561376224613,0.298682225008595,0.276359788078879,2.86839297175447
1.45853174603175,0.294534945396421,0.29868055624352,0.276227625155175,2.86858680523639
1.45863095238095,0.29450851769665,0.298678877459023,0.27609552521441,2.86878061104036
1.45873015873016,0.29448209312444,0.2986771886605,0.275963488228049,2.86897438917422
1.45882936507936,0.29445567167893,0.298675489853342,0.275831514167565,2.86916813964577
1.45892857142857,0.294429253359263,0.298673781042941,0.275699603004443,2.86936186246283
1.45902777777778,0.294402838164582,0.298672062234685,0.275567754710175,2.86955555763322
1.45912698412698,0.294376426094034,0.298670333433958,0.275435969256261,2.86974922516474
1.45922619047619,0.294350017146764,0.298668594646145,0.275304246614213,2.86994286506521
1.4593253968254,0.294323611321921,0.298666845876628,0.275172586755551,2.87013647734242
1.4594246031746,0.294297208618654,0.298665087130784,0.275040989651803,2.87033006200417
1.45952380952381,0.294270809036115,0.298663318413992,0.274909455274507,2.87052361905828
1.45962301587302,0.294244412573455,0.298661539731625,0.274777983595211,2.87071714851253
1.45972222222222,0.294218019229829,0.298659751089056,0.27464657458547,2.87091065037471
1.45982142857143,0.294191629004393,0.298657952491654,0.274515228216851,2.87110412465263
1.45992063492063,0.294165241896302,0.298656143944789,0.274383944460928,2.87129757135405
1.46001984126984,0.294138857904717,0.298654325453824,0.274252723289283,2.87149099048678
1.46011904761905,0.294112477028795,0.298652497024124,0.274121564673511,2.87168438205859
1.46021825396825,0.2940860992677,0.298650658661049,0.273990468585213,2.87187774607727
1.46031746031746,0.294059724620593,0.298648810369958,0.273859434996001,2.87207108255058
1.46041666666667,0.294033353086639,0.298646952156208,0.273728463877494,2.87226439148631
1.46051587301587,0.294006984665003,0.298645084025153,0.273597555201321,2.87245767289222
1.46061507936508,0.293980619354853,0.298643205982144,0.273466708939122,2.87265092677609
1.46071428571429,0.293954257155357,0.298641318032532,0.273335925062543,2.87284415314568
1.46081349206349,0.293927898065686,0.298639420181664,0.273205203543241,2.87303735200875
1.4609126984127,0.29390154208501,0.298637512434885,0.273074544352883,2.87323052337306
1.4610119047619,0.293875189212504,0.298635594797538,0.272943947463144,2.87342366724638
1.46111111111111,0.293848839447341,0.298633667274964,0.272813412845706,2.87361678363645
1.46121031746032,0.293822492788697,0.298631729872501,0.272682940472264,2.87380987255103
1.46130952380952,0.293796149235751,0.298629782595486,0.27255253031452,2.87400293399787
1.46140873015873,0.29376980878768,0.298627825449251,0.272422182344185,2.87419596798471
1.46150793650794,0.293743471443665,0.298625858439129,0.272291896532981,2.8743889745193
1.46160714285714,0.293717137202888,0.29862388157045,0.272161672852635,2.87458195360938
1.46170634920635,0.293690806064533,0.29862189484854,0.272031511274889,2.87477490526269
1.46180555555556,0.293664478027783,0.298619898278725,0.27190141177149,2.87496782948696
1.46190476190476,0.293638153091826,0.298617891866326,0.271771374314194,2.87516072628993
1.46200396825397,0.293611831255849,0.298615875616664,0.271641398874767,2.87535359567933
1.46210317460317,0.29358551251904,0.298613849535058,0.271511485424987,2.87554643766288
1.46220238095238,0.293559196880592,0.298611813626823,0.271381633936636,2.87573925224832
1.46230158730159,0.293532884339695,0.298609767897273,0.271251844381509,2.87593203944335
1.46240079365079,0.293506574895544,0.298607712351719,0.271122116731408,2.8761247992557
1.4625,0.293480268547333,0.298605646995469,0.270992450958146,2.87631753169309
1.46259920634921,0.293453965294258,0.298603571833832,0.270862847033543,2.87651023676323
1.46269841269841,0.293427665135519,0.298601486872112,0.270733304929429,2.87670291447384
1.46279761904762,0.293401368070313,0.29859939211561,0.270603824617644,2.87689556483261
1.46289682539683,0.293375074097843,0.298597287569627,0.270474406070037,2.87708818784726
1.46299603174603,0.29334878321731,0.298595173239461,0.270345049258464,2.87728078352549
1.46309523809524,0.293322495427919,0.298593049130406,0.270215754154792,2.87747335187499
1.46319444444444,0.293296210728874,0.298590915247758,0.270086520730898,2.87766589290347
1.46329365079365,0.293269929119382,0.298588771596805,0.269957348958666,2.87785840661862
1.46339285714286,0.293243650598651,0.298586618182838,0.26982823880999,2.87805089302813
1.46349206349206,0.293217375165892,0.298584455011142,0.269699190256774,2.87824335213969
1.46359126984127,0.293191102820315,0.298582282087003,0.26957020327093,2.87843578396099
1.46369047619048,0.293164833561132,0.298580099415701,0.269441277824378,2.87862818849971
1.46378968253968,0.293138567387559,0.298577907002516,0.269312413889051,2.87882056576353
1.46388888888889,0.29311230429881,0.298575704852727,0.269183611436888,2.87901291576013
1.4639880952381,0.293086044294102,0.298573492971608,0.269054870439837,2.87920523849718
1.4640873015873,0.293059787372655,0.298571271364432,0.268926190869856,2.87939753398236
1.46418650793651,0.293033533533687,0.29856904003647,0.268797572698913,2.87958980222333
1.46428571428571,0.29300728277642,0.29856679899299,0.268669015898984,2.87978204322777
1.46438492063492,0.292981035100077,0.298564548239258,0.268540520442054,2.87997425700334
1.46448412698413,0.292954790503883,0.298562287780539,0.268412086300117,2.88016644355769
1.46458333333333,0.292928548987063,0.298560017622094,0.268283713445178,2.88035860289849
1.46468253968254,0.292902310548844,0.298557737769182,0.268155401849249,2.8805507350334
1.46478174603175,0.292876075188456,0.298555448227061,0.268027151484352,2.88074283997006
1.46488095238095,0.292849842905128,0.298553149000985,0.267898962322518,2.88093491771613
1.46498015873016,0.292823613698091,0.298550840096208,0.267770834335788,2.88112696827925
1.46507936507936,0.29279738756658,0.298548521517978,0.267642767496209,2.88131899166708
1.46517857142857,0.292771164509829,0.298546193271545,0.267514761775842,2.88151098788725
1.46527777777778,0.292744944527073,0.298543855362155,0.267386817146752,2.88170295694739
1.46537698412698,0.292718727617551,0.29854150779505,0.267258933581018,2.88189489885516
1.46547619047619,0.292692513780501,0.298539150575473,0.267131111050725,2.88208681361818
1.4655753968254,0.292666303015163,0.298536783708662,0.267003349527968,2.88227870124408
1.4656746031746,0.29264009532078,0.298534407199854,0.26687564898485,2.8824705617405
1.46577380952381,0.292613890696595,0.298532021054284,0.266748009393486,2.88266239511505
1.46587301587302,0.292587689141852,0.298529625277184,0.266620430725997,2.88285420137536
1.46597222222222,0.292561490655799,0.298527219873784,0.266492912954514,2.88304598052906
1.46607142857143,0.292535295237683,0.298524804849311,0.266365456051179,2.88323773258375
1.46617063492063,0.292509102886752,0.298522380208993,0.266238059988141,2.88342945754706
1.46626984126984,0.292482913602259,0.29851994595805,0.266110724737559,2.88362115542659
1.46636904761905,0.292456727383454,0.298517502101706,0.265983450271601,2.88381282622996
1.46646825396825,0.292430544229592,0.298515048645178,0.265856236562443,2.88400446996476
1.46656746031746,0.292404364139928,0.298512585593682,0.265729083582274,2.88419608663862
1.46666666666667,0.292378187113718,0.298510112952434,0.265601991303286,2.88438767625911
1.46676587301587,0.29235201315022,0.298507630726645,0.265474959697686,2.88457923883385
1.46686507936508,0.292325842248694,0.298505138921525,0.265347988737686,2.88477077437043
1.46696428571429,0.292299674408401,0.298502637542281,0.26522107839551,2.88496228287645
1.46706349206349,0.292273509628602,0.298500126594119,0.265094228643389,2.88515376435948
1.4671626984127,0.292247347908563,0.298497606082241,0.264967439453564,2.88534521882713
1.4672619047619,0.292221189247548,0.298495076011848,0.264840710798285,2.88553664628696
1.46736111111111,0.292195033644825,0.298492536388139,0.264714042649813,2.88572804674658
1.46746031746032,0.292168881099661,0.298489987216309,0.264587434980414,2.88591942021354
1.46755952380952,0.292142731611326,0.298487428501554,0.264460887762367,2.88611076669544
1.46765873015873,0.292116585179091,0.298484860249063,0.264334400967958,2.88630208619985
1.46775793650794,0.29209044180223,0.298482282464027,0.264207974569484,2.88649337873432
1.46785714285714,0.292064301480016,0.298479695151634,0.264081608539248,2.88668464430644
1.46795634920635,0.292038164211725,0.298477098317067,0.263955302849565,2.88687588292377
1.46805555555556,0.292012029996634,0.298474491965509,0.263829057472758,2.88706709459387
1.46815476190476,0.291985898834021,0.298471876102141,0.26370287238116,2.8872582793243
1.46825396825397,0.291959770723167,0.298469250732141,0.263576747547111,2.88744943712262
1.46835317460317,0.291933645663353,0.298466615860685,0.263450682942963,2.88764056799638
1.46845238095238,0.291907523653862,0.298463971492946,0.263324678541075,2.88783167195313
1.46855158730159,0.291881404693978,0.298461317634095,0.263198734313816,2.88802274900042
1.46865079365079,0.291855288782987,0.298458654289303,0.263072850233564,2.88821379914581
1.46875,0.291829175920177,0.298455981463735,0.262947026272706,2.88840482239682
1.46884920634921,0.291803066104836,0.298453299162556,0.262821262403638,2.888595818761
1.46894841269841,0.291776959336255,0.298450607390928,0.262695558598765,2.8887867882459
1.46904761904762,0.291750855613725,0.298447906154012,0.262569914830503,2.88897773085903
1.46914682539683,0.29172475493654,0.298445195456966,0.262444331071274,2.88916864660795
1.46924603174603,0.291698657303994,0.298442475304944,0.262318807293511,2.88935953550017
1.46934523809524,0.291672562715383,0.2984397457031,0.262193343469657,2.88955039754322
1.46944444444444,0.291646471170005,0.298437006656585,0.262067939572161,2.88974123274463
1.46954365079365,0.29162038266716,0.298434258170549,0.261942595573485,2.88993204111192
1.46964285714286,0.291594297206146,0.298431500250136,0.261817311446098,2.8901228226526
1.46974206349206,0.291568214786267,0.298428732900492,0.261692087162477,2.8903135773742
1.46984126984127,0.291542135406827,0.298425956126759,0.26156692269511,2.89050430528422
1.46994047619048,0.291516059067129,0.298423169934076,0.261441818016495,2.89069500639018
1.47003968253968,0.29148998576648,0.298420374327581,0.261316773099136,2.89088568069958
1.47013888888889,0.291463915504188,0.298417569312409,0.261191787915549,2.89107632821993
1.4702380952381,0.291437848279563,0.298414754893693,0.261066862438258,2.89126694895872
1.4703373015873,0.291411784091915,0.298411931076564,0.260941996639795,2.89145754292347
1.47043650793651,0.291385722940557,0.298409097866149,0.260817190492704,2.89164811012166
1.47053571428571,0.291359664824801,0.298406255267576,0.260692443969535,2.89183865056079
1.47063492063492,0.291333609743964,0.298403403285969,0.260567757042849,2.89202916424836
1.47073412698413,0.291307557697362,0.298400541926448,0.260443129685216,2.89221965119183
1.47083333333333,0.291281508684313,0.298397671194133,0.260318561869214,2.89241011139872
1.47093253968254,0.291255462704137,0.298394791094142,0.260194053567432,2.89260054487649
1.47103174603175,0.291229419756154,0.298391901631589,0.260069604752467,2.89279095163263
1.47113095238095,0.291203379839688,0.298389002811587,0.259945215396924,2.89298133167461
1.47123015873016,0.291177342954062,0.298386094639247,0.259820885473419,2.89317168500991
1.47132936507937,0.291151309098601,0.298383177119676,0.259696614954576,2.893362011646
1.47142857142857,0.291125278272633,0.29838025025798,0.25957240381303,2.89355231159035
1.47152777777778,0.291099250475486,0.298377314059263,0.259448252021422,2.89374258485042
1.47162698412698,0.291073225706489,0.298374368528627,0.259324159552405,2.89393283143368
1.47172619047619,0.291047203964975,0.29837141367117,0.25920012637864,2.8941230513476
1.4718253968254,0.291021185250275,0.298368449491989,0.259076152472796,2.89431324459962
1.4719246031746,0.290995169561725,0.298365475996179,0.258952237807553,2.8945034111972
1.47202380952381,0.290969156898659,0.298362493188832,0.258828382355599,2.8946935511478
1.47212301587302,0.290943147260414,0.298359501075038,0.258704586089632,2.89488366445886
1.47222222222222,0.290917140646331,0.298356499659885,0.258580848982358,2.89507375113784
1.47232142857143,0.290891137055748,0.298353488948458,0.258457171006494,2.89526381119217
1.47242063492064,0.290865136488007,0.298350468945841,0.258333552134763,2.8954538446293
1.47251984126984,0.290839138942451,0.298347439657115,0.2582099923399,2.89564385145667
1.47261904761905,0.290813144418425,0.298344401087359,0.258086491594648,2.89583383168171
1.47271825396825,0.290787152915274,0.298341353241649,0.25796304987176,2.89602378531186
1.47281746031746,0.290761164432347,0.298338296125058,0.257839667143997,2.89621371235454
1.47291666666667,0.290735178968991,0.298335229742661,0.257716343384128,2.89640361281718
1.47301587301587,0.290709196524558,0.298332154099525,0.257593078564935,2.89659348670722
1.47311507936508,0.290683217098398,0.298329069200719,0.257469872659205,2.89678333403207
1.47321428571429,0.290657240689866,0.298325975051307,0.257346725639737,2.89697315479915
1.47331349206349,0.290631267298316,0.298322871656354,0.257223637479338,2.89716294901587
1.4734126984127,0.290605296923105,0.298319759020918,0.257100608150823,2.89735271668966
1.4735119047619,0.290579329563589,0.29831663715006,0.256977637627019,2.89754245782792
1.47361111111111,0.290553365219128,0.298313506048835,0.256854725880759,2.89773217243806
1.47371031746032,0.290527403889083,0.298310365722296,0.256731872884887,2.89792186052749
1.47380952380952,0.290501445572816,0.298307216175496,0.256609078612256,2.89811152210361
1.47390873015873,0.29047549026969,0.298304057413485,0.256486343035727,2.89830115717382
1.47400793650794,0.29044953797907,0.298300889441308,0.256363666128172,2.89849076574552
1.47410714285714,0.290423588700324,0.298297712264012,0.256241047862471,2.8986803478261
1.47420634920635,0.290397642432817,0.298294525886638,0.256118488211513,2.89886990342296
1.47430555555556,0.290371699175921,0.298291330314228,0.255995987148195,2.89905943254348
1.47440476190476,0.290345758929006,0.298288125551819,0.255873544645427,2.89924893519505
1.47450396825397,0.290319821691445,0.298284911604447,0.255751160676124,2.89943841138505
1.47460317460317,0.29029388746261,0.298281688477145,0.255628835213211,2.89962786112087
1.47470238095238,0.290267956241878,0.298278456174946,0.255506568229625,2.89981728440989
1.47480158730159,0.290242028028624,0.298275214702878,0.255384359698308,2.90000668125947
1.47490079365079,0.290216102822228,0.298271964065968,0.255262209592214,2.900196051677
1.475,0.290190180622069,0.298268704269241,0.255140117884305,2.90038539566983
1.47509920634921,0.290164261427528,0.298265435317719,0.255018084547553,2.90057471324535
1.47519841269841,0.290138345237988,0.298262157216421,0.254896109554938,2.90076400441091
1.47529761904762,0.290112432052832,0.298258869970367,0.25477419287945,2.90095326917387
1.47539682539683,0.290086521871446,0.298255573584571,0.254652334494087,2.9011425075416
1.47549603174603,0.290060614693218,0.298252268064046,0.254530534371857,2.90133171952145
1.47559523809524,0.290034710517535,0.298248953413804,0.254408792485778,2.90152090512078
1.47569444444444,0.290008809343788,0.298245629638854,0.254287108808875,2.90171006434693
1.47579365079365,0.289982911171367,0.298242296744201,0.254165483314184,2.90189919720725
1.47589285714286,0.289957015999667,0.298238954734851,0.25404391597475,2.90208830370909
1.47599206349206,0.28993112382808,0.298235603615805,0.253922406763624,2.90227738385979
1.47609126984127,0.289905234656004,0.298232243392063,0.253800955653872,2.9024664376667
1.47619047619048,0.289879348482834,0.298228874068623,0.253679562618563,2.90265546513714
1.47628968253968,0.28985346530797,0.298225495650479,0.25355822763078,2.90284446627845
1.47638888888889,0.289827585130813,0.298222108142625,0.253436950663612,2.90303344109796
1.4764880952381,0.289801707950762,0.298218711550051,0.253315731690158,2.90322238960301
1.4765873015873,0.289775833767223,0.298215305877746,0.253194570683527,2.90341131180092
1.47668650793651,0.289749962579599,0.298211891130696,0.253073467616837,2.903600207699
1.47678571428571,0.289724094387296,0.298208467313885,0.252952422463212,2.90378907730459
1.47688492063492,0.289698229189721,0.298205034432294,0.252831435195791,2.903977920625
1.47698412698413,0.289672366986285,0.298201592490904,0.252710505787716,2.90416673766754
1.47708333333333,0.289646507776397,0.298198141494691,0.252589634212143,2.90435552843954
1.47718253968254,0.289620651559469,0.29819468144863,0.252468820442234,2.90454429294828
1.47728174603175,0.289594798334914,0.298191212357694,0.252348064451162,2.90473303120109
1.47738095238095,0.289568948102148,0.298187734226853,0.252227366212108,2.90492174320527
1.47748015873016,0.289543100860586,0.298184247061075,0.252106725698262,2.90511042896812
1.47757936507937,0.289517256609646,0.298180750865326,0.251986142882824,2.90529908849693
1.47767857142857,0.289491415348748,0.29817724564457,0.251865617739003,2.90548772179901
1.47777777777778,0.289465577077313,0.298173731403769,0.251745150240016,2.90567632888164
1.47787698412698,0.289439741794761,0.29817020814788,0.251624740359091,2.90586490975212
1.47797619047619,0.289413909500518,0.298166675881862,0.251504388069464,2.90605346441773
1.4780753968254,0.289388080194007,0.298163134610669,0.25138409334438,2.90624199288576
1.4781746031746,0.289362253874657,0.298159584339252,0.251263856157094,2.90643049516349
1.47827380952381,0.289336430541894,0.298156025072563,0.251143676480868,2.9066189712582
1.47837301587302,0.289310610195148,0.298152456815548,0.251023554288976,2.90680742117717
1.47847222222222,0.28928479283385,0.298148879573154,0.250903489554699,2.90699584492767
1.47857142857143,0.289258978457432,0.298145293350323,0.250783482251329,2.90718424251697
1.47867063492064,0.289233167065329,0.298141698151998,0.250663532352164,2.90737261395234
1.47876984126984,0.289207358656976,0.298138093983116,0.250543639830516,2.90756095924104
1.47886904761905,0.289181553231809,0.298134480848614,0.250423804659701,2.90774927839034
1.47896825396825,0.289155750789267,0.298130858753426,0.250304026813048,2.9079375714075
1.47906746031746,0.289129951328789,0.298127227702485,0.250184306263892,2.90812583829977
1.47916666666667,0.289104154849817,0.29812358770072,0.25006464298558,2.90831407907442
1.47926587301587,0.289078361351794,0.298119938753058,0.249945036951466,2.90850229373868
1.47936507936508,0.289052570834163,0.298116280864426,0.249825488134914,2.90869048229982
1.47946428571429,0.28902678329637,0.298112614039745,0.249705996509298,2.90887864476507
1.47956349206349,0.289000998737862,0.298108938283937,0.249586562047999,2.90906678114168
1.4796626984127,0.288975217158088,0.298105253601919,0.249467184724409,2.90925489143689
1.4797619047619,0.288949438556498,0.298101559998609,0.249347864511928,2.90944297565795
1.47986111111111,0.288923662932542,0.29809785747892,0.249228601383967,2.90963103381207
1.47996031746032,0.288897890285675,0.298094146047764,0.249109395313943,2.90981906590651
1.48005952380952,0.288872120615351,0.29809042571005,0.248990246275284,2.91000707194848
1.48015873015873,0.288846353921024,0.298086696470686,0.248871154241428,2.91019505194521
1.48025793650794,0.288820590202153,0.298082958334576,0.248752119185821,2.91038300590393
1.48035714285714,0.288794829458197,0.298079211306623,0.248633141081917,2.91057093383186
1.48045634920635,0.288769071688616,0.298075455391727,0.248514219903182,2.91075883573622
1.48055555555556,0.28874331689287,0.298071690594787,0.248395355623088,2.91094671162423
1.48065476190476,0.288717565070425,0.298067916920698,0.248276548215119,2.91113456150309
1.48075396825397,0.288691816220743,0.298064134374355,0.248157797652766,2.91132238538001
1.48085317460317,0.288666070343292,0.298060342960647,0.24803910390953,2.91151018326222
1.48095238095238,0.288640327437539,0.298056542684466,0.247920466958921,2.91169795515691
1.48105158730159,0.288614587502953,0.298052733550696,0.247801886774458,2.91188570107128
1.48115079365079,0.288588850539005,0.298048915564224,0.24768336332967,2.91207342101253
1.48125,0.288563116545166,0.298045088729931,0.247564896598094,2.91226111498786
1.48134920634921,0.288537385520909,0.298041253052697,0.247446486553276,2.91244878300446
1.48144841269841,0.288511657465711,0.298037408537401,0.247328133168772,2.91263642506953
1.48154761904762,0.288485932379047,0.298033555188917,0.247209836418147,2.91282404119026
1.48164682539683,0.288460210260394,0.298029693012119,0.247091596274975,2.91301163137382
1.48174603174603,0.288434491109233,0.298025822011879,0.246973412712839,2.9131991956274
1.48184523809524,0.288408774925045,0.298021942193064,0.24685528570533,2.91338673395819
1.48194444444444,0.28838306170731,0.298018053560542,0.246737215226052,2.91357424637336
1.48204365079365,0.288357351455514,0.298014156119176,0.246619201248613,2.91376173288008
1.48214285714286,0.28833164416914,0.29801024987383,0.246501243746633,2.91394919348553
1.48224206349206,0.288305939847677,0.298006334829361,0.246383342693742,2.91413662819688
1.48234126984127,0.288280238490611,0.298002410990629,0.246265498063577,2.91432403702128
1.48244047619048,0.288254540097433,0.297998478362488,0.246147709829784,2.91451141996592
1.48253968253968,0.288228844667634,0.297994536949791,0.246029977966021,2.91469877703794
1.48263888888889,0.288203152200705,0.297990586757389,0.245912302445952,2.91488610824451
1.4827380952381,0.288177462696141,0.29798662779013,0.245794683243251,2.91507341359278
1.4828373015873,0.288151776153438,0.297982660052861,0.245677120331603,2.9152606930899
1.48293650793651,0.288126092572092,0.297978683550426,0.245559613684699,2.91544794674303
1.48303571428571,0.288100411951602,0.297974698287665,0.245442163276242,2.91563517455931
1.48313492063492,0.288074734291467,0.29797070426942,0.245324769079942,2.91582237654588
1.48323412698413,0.288049059591188,0.297966701500526,0.24520743106952,2.9160095527099
1.48333333333333,0.288023387850269,0.297962689985819,0.245090149218704,2.91619670305849
1.48343253968254,0.287997719068214,0.297958669730132,0.244972923501232,2.91638382759879
1.48353174603175,0.287972053244528,0.297954640738294,0.244855753890853,2.91657092633794
1.48363095238095,0.287946390378719,0.297950603015135,0.244738640361323,2.91675799928307
1.48373015873016,0.287920730470295,0.297946556565479,0.244621582886407,2.9169450464413
1.48382936507937,0.287895073518766,0.297942501394151,0.244504581439879,2.91713206781977
1.48392857142857,0.287869419523644,0.297938437505972,0.244387635995525,2.91731906342559
1.48402777777778,0.287843768484441,0.29793436490576,0.244270746527137,2.91750603326588
1.48412698412698,0.287818120400673,0.297930283598334,0.244153913008517,2.91769297734776
1.48422619047619,0.287792475271855,0.297926193588507,0.244037135413477,2.91787989567834
1.4843253968254,0.287766833097504,0.297922094881092,0.243920413715836,2.91806678826475
1.4844246031746,0.28774119387714,0.297917987480898,0.243803747889425,2.91825365511407
1.48452380952381,0.287715557610282,0.297913871392735,0.243687137908083,2.91844049623343
1.48462301587302,0.287689924296453,0.297909746621407,0.243570583745656,2.91862731162992
1.48472222222222,0.287664293935176,0.297905613171717,0.243454085376002,2.91881410131065
1.48482142857143,0.287638666525976,0.297901471048467,0.243337642772987,2.91900086528271
1.48492063492063,0.287613042068378,0.297897320256455,0.243221255910487,2.9191876035532
1.48501984126984,0.28758742056191,0.297893160800479,0.243104924762385,2.91937431612921
1.48511904761905,0.287561802006102,0.297888992685332,0.242988649302575,2.91956100301782
1.48521825396825,0.287536186400485,0.297884815915806,0.24287242950496,2.91974766422614
1.48531746031746,0.287510573744589,0.297880630496691,0.242756265343451,2.91993429976123
1.48541666666667,0.287484964037949,0.297876436432774,0.242640156791969,2.92012090963019
1.48551587301587,0.2874593572801,0.297872233728841,0.242524103824445,2.92030749384009
1.48561507936508,0.287433753470578,0.297868022389676,0.242408106414816,2.920494052398
1.48571428571429,0.287408152608921,0.297863802420057,0.242292164537033,2.920680585311
1.48581349206349,0.287382554694668,0.297859573824765,0.242176278165051,2.92086709258616
1.4859126984127,0.287356959727361,0.297855336608575,0.242060447272838,2.92105357423055
1.4860119047619,0.287331367706541,0.297851090776261,0.241944671834369,2.92124003025123
1.48611111111111,0.287305778631753,0.297846836332595,0.241828951823628,2.92142646065526
1.48621031746032,0.287280192502542,0.297842573282346,0.241713287214611,2.92161286544971
1.48630952380952,0.287254609318453,0.297838301630282,0.241597677981319,2.92179924464163
1.48640873015873,0.287229029079036,0.297834021381167,0.241482124097765,2.92198559823807
1.48650793650794,0.287203451783841,0.297829732539765,0.241366625537971,2.92217192624608
1.48660714285714,0.287177877432418,0.297825435110834,0.241251182275966,2.92235822867272
1.48670634920635,0.287152306024319,0.297821129099135,0.24113579428579,2.92254450552502
1.48680555555556,0.287126737559099,0.297816814509422,0.241020461541492,2.92273075681004
1.48690476190476,0.287101172036314,0.297812491346449,0.240905184017129,2.92291698253481
1.48700396825397,0.28707560945552,0.297808159614968,0.240789961686769,2.92310318270637
1.48710317460317,0.287050049816276,0.297803819319728,0.240674794524488,2.92328935733175
1.48720238095238,0.287024493118142,0.297799470465475,0.24055968250437,2.92347550641798
1.48730158730159,0.286998939360679,0.297795113056954,0.240444625600511,2.9236616299721
1.48740079365079,0.286973388543449,0.297790747098908,0.240329623787013,2.92384772800113
1.4875,0.286947840666018,0.297786372596077,0.240214677037989,2.9240338005121
1.48759920634921,0.286922295727951,0.297781989553197,0.240099785327561,2.92421984751202
1.48769841269841,0.286896753728814,0.297777597975006,0.23998494862986,2.92440586900791
1.48779761904762,0.286871214668178,0.297773197866237,0.239870166919026,2.92459186500679
1.48789682539683,0.286845678545612,0.297768789231619,0.239755440169207,2.92477783551567
1.48799603174603,0.286820145360687,0.297764372075883,0.239640768354562,2.92496378054156
1.48809523809524,0.286794615112977,0.297759946403755,0.239526151449258,2.92514970009147
1.48819444444444,0.286769087802057,0.297755512219959,0.239411589427473,2.9253355941724
1.48829365079365,0.286743563427501,0.297751069529216,0.23929708226339,2.92552146279136
1.48839285714286,0.286718041988889,0.297746618336248,0.239182629931206,2.92570730595533
1.48849206349206,0.286692523485798,0.297742158645771,0.239068232405124,2.92589312367133
1.48859126984127,0.286667007917809,0.297737690462501,0.238953889659357,2.92607891594633
1.48869047619048,0.286641495284505,0.29773321379115,0.238839601668128,2.92626468278734
1.48878968253968,0.286615985585468,0.297728728636429,0.238725368405666,2.92645042420134
1.48888888888889,0.286590478820283,0.297724235003048,0.238611189846214,2.92663614019532
1.4889880952381,0.286564974988536,0.297719732895711,0.23849706596402,2.92682183077625
1.4890873015873,0.286539474089816,0.297715222319123,0.238382996733342,2.92700749595112
1.48918650793651,0.286513976123711,0.297710703277986,0.23826898212845,2.9271931357269
1.48928571428571,0.286488481089812,0.297706175777,0.23815502212362,2.92737875011057
1.48938492063492,0.286462988987711,0.29770163982086,0.238041116693137,2.9275643391091
1.48948412698413,0.286437499817003,0.297697095414263,0.237927265811297,2.92774990272946
1.48958333333333,0.286412013577281,0.297692542561901,0.237813469452404,2.92793544097861
1.48968253968254,0.286386530268142,0.297687981268465,0.237699727590772,2.92812095386351
1.48978174603175,0.286361049889185,0.297683411538642,0.237586040200723,2.92830644139114
1.48988095238095,0.286335572440009,0.297678833377118,0.237472407256589,2.92849190356844
1.48998015873016,0.286310097920215,0.297674246788577,0.237358828732711,2.92867734040237
1.49007936507936,0.286284626329405,0.297669651777701,0.237245304603439,2.92886275189988
1.49017857142857,0.286259157667183,0.297665048349169,0.237131834843131,2.92904813806792
1.49027777777778,0.286233691933154,0.297660436507657,0.237018419426156,2.92923349891344
1.49037698412698,0.286208229126926,0.29765581625784,0.236905058326892,2.92941883444338
1.49047619047619,0.286182769248106,0.297651187604391,0.236791751519724,2.92960414466468
1.4905753968254,0.286157312296305,0.297646550551979,0.236678498979048,2.92978942958428
1.4906746031746,0.286131858271133,0.297641905105272,0.23656530067927,2.92997468920912
1.49077380952381,0.286106407172202,0.297637251268937,0.236452156594803,2.93015992354613
1.49087301587302,0.286080958999128,0.297632589047636,0.236339066700069,2.93034513260223
1.49097222222222,0.286055513751526,0.29762791844603,0.236226030969502,2.93053031638437
1.49107142857143,0.286030071429012,0.297623239468778,0.236113049377542,2.93071547489945
1.49117063492063,0.286004632031206,0.297618552120538,0.23600012189864,2.93090060815441
1.49126984126984,0.285979195557727,0.297613856405962,0.235887248507254,2.93108571615616
1.49136904761905,0.285953762008197,0.297609152329703,0.235774429177855,2.93127079891161
1.49146825396825,0.285928331382239,0.297604439896411,0.235661663884919,2.93145585642769
1.49156746031746,0.285902903679476,0.297599719110734,0.235548952602933,2.9316408887113
1.49166666666667,0.285877478899536,0.297594989977316,0.235436295306394,2.93182589576935
1.49176587301587,0.285852057042044,0.297590252500801,0.235323691969807,2.93201087760875
1.49186507936508,0.285826638106631,0.297585506685829,0.235211142567686,2.9321958342364
1.49196428571429,0.285801222092925,0.297580752537039,0.235098647074553,2.93238076565919
1.49206349206349,0.28577580900056,0.297575990059067,0.234986205464943,2.93256567188404
1.4921626984127,0.285750398829167,0.297571219256547,0.234873817713396,2.93275055291782
1.4922619047619,0.285724991578383,0.297566440134111,0.234761483794464,2.93293540876743
1.49236111111111,0.285699587247842,0.297561652696388,0.234649203682706,2.93312023943976
1.49246031746032,0.285674185837182,0.297556856948005,0.234536977352691,2.9333050449417
1.49255952380952,0.285648787346043,0.297552052893588,0.234424804778998,2.93348982528013
1.49265873015873,0.285623391774065,0.29754724053776,0.234312685936214,2.93367458046192
1.49275793650794,0.28559799912089,0.297542419885139,0.234200620798934,2.93385931049397
1.49285714285714,0.285572609386161,0.297537590940345,0.234088609341766,2.93404401538314
1.49295634920635,0.285547222569523,0.297532753707994,0.233976651539323,2.93422869513631
1.49305555555556,0.285521838670623,0.297527908192699,0.23386474736623,2.93441334976034
1.49315476190476,0.285496457689108,0.297523054399072,0.233752896797119,2.9345979792621
1.49325396825397,0.285471079624627,0.297518192331721,0.233641099806633,2.93478258364846
1.49335317460317,0.285445704476832,0.297513321995254,0.233529356369422,2.93496716292627
1.49345238095238,0.285420332245375,0.297508443394275,0.233417666460147,2.9351517171024
1.49355158730159,0.285394962929909,0.297503556533387,0.233306030053478,2.93533624618371
1.49365079365079,0.285369596530089,0.29749866141719,0.233194447124093,2.93552075017703
1.49375,0.285344233045573,0.297493758050281,0.23308291764668,2.93570522908924
1.49384920634921,0.285318872476018,0.297488846437256,0.232971441595936,2.93588968292716
1.49394841269841,0.285293514821083,0.297483926582709,0.232860018946566,2.93607411169766
1.49404761904762,0.28526816008043,0.29747899849123,0.232748649673287,2.93625851540756
1.49414682539683,0.285242808253721,0.297474062167409,0.232637333750821,2.93644289406371
1.49424603174603,0.285217459340621,0.297469117615831,0.232526071153903,2.93662724767295
1.49434523809524,0.285192113340794,0.297464164841082,0.232414861857276,2.93681157624211
1.49444444444444,0.285166770253907,0.297459203847743,0.23230370583569,2.93699587977802
1.49454365079365,0.285141430079629,0.297454234640395,0.232192603063906,2.9371801582875
1.49464285714286,0.28511609281763,0.297449257223613,0.232081553516695,2.93736441177739
1.49474206349206,0.285090758467581,0.297444271601975,0.231970557168835,2.93754864025451
1.49484126984127,0.285065427029154,0.297439277780053,0.231859613995116,2.93773284372568
1.49494047619048,0.285040098502024,0.297434275762417,0.231748723970333,2.93791702219771
1.49503968253968,0.285014772885866,0.297429265553636,0.231637887069293,2.93810117567742
1.49513888888889,0.284989450180358,0.297424247158277,0.231527103266812,2.93828530417162
1.4952380952381,0.284964130385178,0.297419220580903,0.231416372537715,2.93846940768712
1.4953373015873,0.284938813500006,0.297414185826076,0.231305694856836,2.93865348623073
1.49543650793651,0.284913499524524,0.297409142898355,0.231195070199017,2.93883753980925
1.49553571428571,0.284888188458415,0.297404091802299,0.23108449853911,2.93902156842948
1.49563492063492,0.284862880301363,0.297399032542461,0.230973979851977,2.93920557209822
1.49573412698413,0.284837575053054,0.297393965123394,0.230863514112488,2.93938955082226
1.49583333333333,0.284812272713176,0.297388889549649,0.230753101295523,2.9395735046084
1.49593253968254,0.284786973281417,0.297383805825774,0.230642741375969,2.93975743346343
1.49603174603175,0.284761676757468,0.297378713956315,0.230532434328726,2.93994133739413
1.49613095238095,0.28473638314102,0.297373613945816,0.230422180128699,2.94012521640729
1.49623015873016,0.284711092431767,0.297368505798817,0.230311978750805,2.94030907050969
1.49632936507936,0.284685804629403,0.297363389519859,0.230201830169968,2.94049289970811
1.49642857142857,0.284660519733625,0.297358265113478,0.230091734361124,2.94067670400932
1.49652777777778,0.28463523774413,0.297353132584208,0.229981691299215,2.94086048342011
1.49662698412698,0.284609958660618,0.297347991936582,0.229871700959194,2.94104423794723
1.49672619047619,0.284584682482789,0.29734284317513,0.229761763316022,2.94122796759745
1.4968253968254,0.284559409210345,0.29733768630438,0.229651878344671,2.94141167237755
1.4969246031746,0.284534138842989,0.297332521328858,0.22954204602012,2.94159535229429
1.49702380952381,0.284508871380426,0.297327348253087,0.229432266317358,2.94177900735441
1.49712301587302,0.284483606822364,0.297322167081587,0.229322539211383,2.94196263756469
1.49722222222222,0.28445834516851,0.297316977818879,0.229212864677203,2.94214624293188
1.49732142857143,0.284433086418572,0.297311780469478,0.229103242689834,2.94232982346271
1.49742063492063,0.284407830572263,0.297306575037898,0.228993673224302,2.94251337916396
1.49751984126984,0.284382577629294,0.297301361528652,0.228884156255642,2.94269691004235
1.49761904761905,0.284357327589379,0.29729613994625,0.228774691758896,2.94288041610464
1.49771825396825,0.284332080452234,0.297290910295198,0.228665279709118,2.94306389735756
1.49781746031746,0.284306836217575,0.297285672580003,0.22855592008137,2.94324735380785
1.49791666666667,0.28428159488512,0.297280426805168,0.228446612850723,2.94343078546225
1.49801587301587,0.284256356454588,0.297275172975192,0.228337357992258,2.94361419232749
1.49811507936508,0.284231120925702,0.297269911094575,0.228228155481064,2.9437975744103
1.49821428571429,0.284205888298183,0.297264641167813,0.22811900529224,2.9439809317174
1.49831349206349,0.284180658571756,0.297259363199399,0.228009907400893,2.94416426425552
1.4984126984127,0.284155431746145,0.297254077193827,0.22790086178214,2.94434757203138
1.4985119047619,0.284130207821079,0.297248783155584,0.227791868411107,2.94453085505169
1.49861111111111,0.284104986796285,0.297243481089158,0.22768292726293,2.94471411332318
1.49871031746032,0.284079768671493,0.297238170999035,0.227574038312752,2.94489734685256
1.49880952380952,0.284054553446435,0.297232852889696,0.227465201535726,2.94508055564653
1.49890873015873,0.284029341120843,0.297227526765623,0.227356416907016,2.94526373971181
1.49900793650794,0.284004131694452,0.297222192631294,0.227247684401793,2.94544689905509
1.49910714285714,0.283978925166998,0.297216850491183,0.227139003995238,2.94563003368308
1.49920634920635,0.283953721538217,0.297211500349766,0.227030375662539,2.94581314360249
1.49930555555556,0.283928520807849,0.297206142211514,0.226921799378898,2.94599622882
1.49940476190476,0.283903322975633,0.297200776080895,0.226813275119521,2.94617928934231
1.49950396825397,0.283878128041311,0.297195401962376,0.226704802859626,2.94636232517611
1.49960317460317,0.283852936004626,0.297190019860423,0.22659638257444,2.94654533632808
1.49970238095238,0.283827746865323,0.297184629779497,0.226488014239197,2.94672832280492
1.49980158730159,0.283802560623148,0.297179231724059,0.226379697829143,2.94691128461331
1.49990079365079,0.283777377277848,0.297173825698567,0.226271433319531,2.94709422175992
1.5,0.283752196829172,0.297168411707476,0.226163220685624,2.94727713425144
1.50009920634921,0.283727019276871,0.297162989755239,0.226055059902694,2.94746002209453
1.50019841269841,0.283701844620696,0.297157559846308,0.225946950946023,2.94764288529588
1.50029761904762,0.283676672860401,0.297152121985131,0.2258388937909,2.94782572386214
1.50039682539683,0.283651503995741,0.297146676176155,0.225730888412626,2.94800853779998
1.50049603174603,0.283626338026471,0.297141222423825,0.225622934786509,2.94819132711608
1.50059523809524,0.28360117495235,0.297135760732581,0.225515032887865,2.94837409181708
1.50069444444444,0.283576014773136,0.297130291106865,0.225407182692023,2.94855683190964
1.50079365079365,0.283550857488591,0.297124813551114,0.225299384174318,2.94873954740043
1.50089285714286,0.283525703098476,0.297119328069763,0.225191637310095,2.94892223829609
1.50099206349206,0.283500551602556,0.297113834667244,0.225083942074709,2.94910490460328
1.50109126984127,0.283475403000594,0.29710833334799,0.224976298443522,2.94928754632863
1.50119047619048,0.283450257292359,0.297102824116427,0.224868706391908,2.9494701634788
1.50128968253968,0.283425114477617,0.297097306976984,0.224761165895248,2.94965275606043
1.50138888888889,0.283399974556138,0.297091781934082,0.224653676928932,2.94983532408014
1.5014880952381,0.283374837527693,0.297086248992145,0.22454623946836,2.95001786754459
1.5015873015873,0.283349703392055,0.297080708155592,0.224438853488942,2.9502003864604
1.50168650793651,0.283324572148997,0.29707515942884,0.224331518966095,2.95038288083421
1.50178571428571,0.283299443798294,0.297069602816303,0.224224235875248,2.95056535067263
1.50188492063492,0.283274318339724,0.297064038322396,0.224117004191835,2.9507477959823
1.50198412698413,0.283249195773064,0.297058465951527,0.224009823891303,2.95093021676984
1.50208333333333,0.283224076098095,0.297052885708106,0.223902694949106,2.95111261304187
1.50218253968254,0.283198959314597,0.297047297596537,0.223795617340708,2.951294984805
1.50228174603175,0.283173845422353,0.297041701621226,0.223688591041583,2.95147733206585
1.50238095238095,0.283148734421148,0.297036097786573,0.223581616027211,2.95165965483103
1.50248015873016,0.283123626310766,0.297030486096977,0.223474692273084,2.95184195310714
1.50257936507937,0.283098521090996,0.297024866556836,0.223367819754703,2.9520242269008
1.50267857142857,0.283073418761624,0.297019239170543,0.223260998447577,2.9522064762186
1.50277777777778,0.283048319322442,0.297013603942492,0.223154228327223,2.95238870106716
1.50287698412698,0.283023222773241,0.297007960877073,0.223047509369171,2.95257090145305
1.50297619047619,0.282998129113813,0.297002309978673,0.222940841548957,2.95275307738288
1.5030753968254,0.282973038343953,0.296996651251678,0.222834224842127,2.95293522886324
1.5031746031746,0.282947950463457,0.296990984700471,0.222727659224235,2.95311735590072
1.50327380952381,0.282922865472123,0.296985310329433,0.222621144670846,2.95329945850191
1.50337301587302,0.282897783369748,0.296979628142944,0.222514681157534,2.95348153667338
1.50347222222222,0.282872704156133,0.29697393814538,0.22240826865988,2.95366359042172
1.50357142857143,0.28284762783108,0.296968240341114,0.222301907153477,2.95384561975352
1.50367063492064,0.282822554394392,0.29696253473452,0.222195596613924,2.95402762467533
1.50376984126984,0.282797483845874,0.296956821329967,0.222089337016833,2.95420960519374
1.50386904761905,0.282772416185331,0.296951100131823,0.221983128337822,2.95439156131532
1.50396825396825,0.282747351412572,0.296945371144452,0.221876970552518,2.95457349304663
1.50406746031746,0.282722289527404,0.296939634372218,0.22177086363656,2.95475540039424
1.50416666666667,0.28269723052964,0.296933889819482,0.221664807565593,2.9549372833647
1.50426587301587,0.28267217441909,0.296928137490603,0.221558802315273,2.95511914196459
1.50436507936508,0.282647121195568,0.296922377389935,0.221452847861265,2.95530097620045
1.50446428571429,0.28262207085889,0.296916609521834,0.221346944179243,2.95548278607883
1.50456349206349,0.28259702340887,0.296910833890651,0.221241091244888,2.9556645716063
1.5046626984127,0.282571978845328,0.296905050500736,0.221135289033894,2.95584633278939
1.5047619047619,0.282546937168082,0.296899259356436,0.221029537521961,2.95602806963465
1.50486111111111,0.282521898376953,0.296893460462096,0.2209238366848,2.95620978214862
1.50496031746032,0.282496862471764,0.296887653822058,0.22081818649813,2.95639147033785
1.50505952380952,0.282471829452338,0.296881839440663,0.22071258693768,2.95657313420887
1.50515873015873,0.282446799318499,0.296876017322249,0.220607037979187,2.95675477376821
1.50525793650794,0.282421772070076,0.296870187471153,0.220501539598397,2.9569363890224
1.50535714285714,0.282396747706895,0.296864349891707,0.220396091771068,2.95711797997798
1.50545634920635,0.282371726228787,0.296858504588244,0.220290694472964,2.95729954664147
1.50555555555556,0.282346707635582,0.296852651565092,0.220185347679859,2.9574810890194
1.50565476190476,0.282321691927113,0.296846790826579,0.220080051367536,2.95766260711827
1.50575396825397,0.282296679103214,0.296840922377028,0.219974805511788,2.95784410094462
1.50585317460317,0.282271669163719,0.296835046220763,0.219869610088417,2.95802557050496
1.50595238095238,0.282246662108467,0.296829162362103,0.219764465073233,2.95820701580579
1.50605158730159,0.282221657937295,0.296823270805367,0.219659370442056,2.95838843685363
1.50615079365079,0.282196656650044,0.29681737155487,0.219554326170714,2.95856983365498
1.50625,0.282171658246553,0.296811464614925,0.219449332235047,2.95875120621635
1.50634920634921,0.282146662726667,0.296805549989843,0.219344388610901,2.95893255454424
1.50644841269841,0.282121670090229,0.296799627683934,0.219239495274132,2.95911387864515
1.50654761904762,0.282096680337085,0.296793697701504,0.219134652200607,2.95929517852557
1.50664682539683,0.282071693467082,0.296787760046857,0.219029859366199,2.959476454192
1.50674603174603,0.282046709480069,0.296781814724295,0.218925116746792,2.95965770565093
1.50684523809524,0.282021728375895,0.296775861738118,0.218820424318279,2.95983893290883
1.50694444444444,0.281996750154413,0.296769901092624,0.218715782056563,2.96002013597221
1.50704365079365,0.281971774815475,0.296763932792108,0.218611189937554,2.96020131484753
1.50714285714286,0.281946802358935,0.296757956840863,0.218506647937172,2.96038246954129
1.50724206349206,0.28192183278465,0.29675197324318,0.218402156031348,2.96056360005995
1.50734126984127,0.281896866092477,0.296745982003347,0.218297714196018,2.96074470640999
1.50744047619048,0.281871902282275,0.29673998312565,0.218193322407132,2.96092578859788
1.50753968253968,0.281846941353904,0.296733976614374,0.218088980640646,2.96110684663009
1.50763888888889,0.281821983307226,0.296727962473801,0.217984688872525,2.96128788051308
1.5077380952381,0.281797028142103,0.296721940708209,0.217880447078745,2.96146889025332
1.5078373015873,0.281772075858402,0.296715911321876,0.21777625523529,2.96164987585726
1.50793650793651,0.281747126455987,0.296709874319078,0.217672113318153,2.96183083733137
1.50803571428571,0.281722179934727,0.296703829704086,0.217568021303336,2.9620117746821
1.50813492063492,0.281697236294491,0.296697777481171,0.217463979166852,2.96219268791589
1.50823412698413,0.281672295535149,0.296691717654601,0.217359986884721,2.96237357703921
1.50833333333333,0.281647357656573,0.296685650228643,0.217256044432972,2.96255444205848
1.50843253968254,0.281622422658637,0.29667957520756,0.217152151787644,2.96273528298017
1.50853174603175,0.281597490541216,0.296673492595614,0.217048308924786,2.9629160998107
1.50863095238095,0.281572561304186,0.296667402397063,0.216944515820455,2.96309689255652
1.50873015873016,0.281547634947425,0.296661304616165,0.216840772450717,2.96327766122407
1.50882936507937,0.281522711470812,0.296655199257174,0.216737078791648,2.96345840581976
1.50892857142857,0.281497790874229,0.296649086324342,0.216633434819331,2.96363912635004
1.50902777777778,0.281472873157557,0.29664296582192,0.216529840509862,2.96381982282133
1.50912698412698,0.281447958320681,0.296636837754156,0.216426295839342,2.96400049524006
1.50922619047619,0.281423046363484,0.296630702125295,0.216322800783884,2.96418114361264
1.5093253968254,0.281398137285856,0.296624558939581,0.216219355319608,2.96436176794549
1.5094246031746,0.281373231087682,0.296618408201254,0.216115959422646,2.96454236824504
1.50952380952381,0.281348327768853,0.296612249914554,0.216012613069135,2.96472294451769
1.50962301587302,0.281323427329261,0.296606084083718,0.215909316235226,2.96490349676985
1.50972222222222,0.281298529768797,0.296599910712978,0.215806068897075,2.96508402500794
1.50982142857143,0.281273635087355,0.296593729806568,0.215702871030849,2.96526452923835
1.50992063492064,0.281248743284832,0.296587541368718,0.215599722612724,2.96544500946749
1.51001984126984,0.281223854361124,0.296581345403655,0.215496623618885,2.96562546570176
1.51011904761905,0.281198968316129,0.296575141915604,0.215393574025527,2.96580589794755
1.51021825396825,0.281174085149747,0.296568930908788,0.215290573808851,2.96598630621127
1.51031746031746,0.28114920486188,0.296562712387428,0.215187622945072,2.96616669049929
1.51041666666667,0.28112432745243,0.296556486355743,0.21508472141041,2.96634705081801
1.51051587301587,0.281099452921302,0.296550252817949,0.214981869181096,2.96652738717382
1.51061507936508,0.281074581268402,0.29654401177826,0.21487906623337,2.96670769957309
1.51071428571429,0.281049712493636,0.296537763240887,0.21477631254348,2.96688798802221
1.51081349206349,0.281024846596913,0.29653150721004,0.214673608087686,2.96706825252755
1.5109126984127,0.280999983578144,0.296525243689927,0.214570952842253,2.96724849309549
1.5110119047619,0.28097512343724,0.296518972684753,0.214468346783458,2.96742870973241
1.51111111111111,0.280950266174114,0.296512694198719,0.214365789887587,2.96760890244466
1.51121031746032,0.28092541178868,0.296506408236027,0.214263282130934,2.96778907123862
1.51130952380952,0.280900560280855,0.296500114800875,0.214160823489803,2.96796921612065
1.51140873015873,0.280875711650556,0.296493813897459,0.214058413940507,2.96814933709711
1.51150793650794,0.280850865897702,0.296487505529972,0.213956053459368,2.96832943417436
1.51160714285714,0.280826023022214,0.296481189702606,0.213853742022716,2.96850950735876
1.51170634920635,0.280801183024012,0.29647486641955,0.213751479606892,2.96868955665665
1.51180555555556,0.280776345903022,0.296468535684991,0.213649266188246,2.96886958207439
1.51190476190476,0.280751511659166,0.296462197503114,0.213547101743135,2.96904958361832
1.51200396825397,0.280726680292372,0.2964558518781,0.213444986247928,2.9692295612948
1.51210317460317,0.280701851802568,0.296449498814131,0.213342919679,2.96940951511015
1.51220238095238,0.280677026189681,0.296443138315384,0.213240902012739,2.96958944507072
1.51230158730159,0.280652203453644,0.296436770386035,0.213138933225539,2.96976935118285
1.51240079365079,0.280627383594389,0.296430395030256,0.213037013293804,2.96994923345287
1.5125,0.280602566611848,0.29642401225222,0.212935142193946,2.97012909188711
1.51259920634921,0.280577752505956,0.296417622056095,0.21283331990239,2.97030892649189
1.51269841269841,0.280552941276652,0.296411224446048,0.212731546395566,2.97048873727355
1.51279761904762,0.280528132923871,0.296404819426243,0.212629821649914,2.9706685242384
1.51289682539683,0.280503327447554,0.296398407000841,0.212528145641885,2.97084828739277
1.51299603174603,0.280478524847642,0.296391987174004,0.212426518347938,2.97102802674297
1.51309523809524,0.280453725124077,0.296385559949888,0.212324939744541,2.97120774229531
1.51319444444444,0.280428928276803,0.296379125332649,0.212223409808169,2.97138743405611
1.51329365079365,0.280404134305765,0.29637268332644,0.212121928515311,2.97156710203168
1.51339285714286,0.28037934321091,0.296366233935411,0.212020495842461,2.97174674622832
1.51349206349206,0.280354554992186,0.296359777163712,0.211919111766124,2.97192636665234
1.51359126984127,0.280329769649543,0.296353313015488,0.211817776262814,2.97210596331003
1.51369047619048,0.280304987182932,0.296346841494884,0.211716489309052,2.97228553620769
1.51378968253968,0.280280207592306,0.29634036260604,0.211615250881373,2.97246508535162
1.51388888888889,0.280255430877618,0.296333876353098,0.211514060956315,2.97264461074811
1.5139880952381,0.280230657038825,0.296327382740193,0.21141291951043,2.97282411240345
1.5140873015873,0.280205886075883,0.296320881771462,0.211311826520277,2.97300359032393
1.51418650793651,0.280181117988751,0.296314373451036,0.211210781962424,2.97318304451582
1.51428571428571,0.280156352777388,0.296307857783047,0.211109785813449,2.97336247498542
1.51438492063492,0.280131590441757,0.296301334771621,0.211008838049939,2.973541881739
1.51448412698413,0.28010683098182,0.296294804420887,0.210907938648489,2.97372126478284
1.51458333333333,0.280082074397541,0.296288266734966,0.210807087585705,2.9739006241232
1.51468253968254,0.280057320688887,0.296281721717981,0.2107062848382,2.97407995976636
1.51478174603175,0.280032569855824,0.29627516937405,0.210605530382598,2.97425927171858
1.51488095238095,0.280007821898321,0.296268609707291,0.210504824195531,2.97443855998614
1.51498015873016,0.279983076816349,0.296262042721818,0.21040416625364,2.97461782457529
1.51507936507937,0.279958334609879,0.296255468421745,0.210303556533577,2.97479706549229
1.51517857142857,0.279933595278884,0.296248886811179,0.210202995012,2.9749762827434
1.51527777777778,0.279908858823339,0.296242297894231,0.21010248166558,2.97515547633487
1.51537698412698,0.27988412524322,0.296235701675005,0.210002016470993,2.97533464627295
1.51547619047619,0.279859394538505,0.296229098157605,0.209901599404927,2.9755137925639
1.5155753968254,0.279834666709172,0.296222487346132,0.209801230444078,2.97569291521395
1.5156746031746,0.279809941755202,0.296215869244684,0.209700909565152,2.97587201422935
1.51577380952381,0.279785219676577,0.296209243857359,0.209600636744863,2.97605108961633
1.51587301587302,0.27976050047328,0.296202611188251,0.209500411959935,2.97623014138115
1.51597222222222,0.279735784145297,0.296195971241451,0.209400235187101,2.97640916953002
1.51607142857143,0.279711070692613,0.29618932402105,0.209300106403102,2.97658817406919
1.51617063492063,0.279686360115217,0.296182669531136,0.209200025584689,2.97676715500488
1.51626984126984,0.279661652413097,0.296176007775792,0.209099992708623,2.97694611234331
1.51636904761905,0.279636947586244,0.296169338759104,0.209000007751674,2.97712504609072
1.51646825396825,0.279612245634651,0.296162662485151,0.208900070690618,2.97730395625332
1.51656746031746,0.279587546558311,0.296155978958011,0.208800181502245,2.97748284283732
1.51666666666667,0.279562850357219,0.296149288181762,0.20870034016335,2.97766170584895
1.51676587301587,0.279538157031372,0.296142590160477,0.20860054665074,2.97784054529442
1.51686507936508,0.279513466580768,0.296135884898229,0.208500800941229,2.97801936117994
1.51696428571429,0.279488779005407,0.296129172399085,0.208401103011642,2.9781981535117
1.51706349206349,0.279464094305289,0.296122452667115,0.208301452838811,2.97837692229593
1.5171626984127,0.279439412480417,0.296115725706382,0.20820185039958,2.97855566753881
1.5172619047619,0.279414733530794,0.29610899152095,0.208102295670799,2.97873438924656
1.51736111111111,0.279390057456427,0.296102250114879,0.208002788629329,2.97891308742535
1.51746031746032,0.279365384257322,0.296095501492227,0.207903329252041,2.9790917620814
1.51755952380952,0.279340713933487,0.296088745657051,0.207803917515812,2.97927041322088
1.51765873015873,0.279316046484932,0.296081982613403,0.20770455339753,2.97944904084998
1.51775793650794,0.279291381911669,0.296075212365336,0.207605236874094,2.9796276449749
1.51785714285714,0.27926672021371,0.296068434916898,0.207505967922408,2.9798062256018
1.51795634920635,0.279242061391069,0.296061650272136,0.207406746519389,2.97998478273688
1.51805555555556,0.279217405443762,0.296054858435096,0.207307572641961,2.98016331638631
1.51815476190476,0.279192752371806,0.296048059409819,0.207208446267057,2.98034182655626
1.51825396825397,0.279168102175219,0.296041253200347,0.207109367371622,2.9805203132529
1.51835317460317,0.279143454854022,0.296034439810715,0.207010335932605,2.9806987764824
1.51845238095238,0.279118810408236,0.296027619244961,0.206911351926968,2.98087721625094
1.51855158730159,0.279094168837884,0.296020791507118,0.206812415331682,2.98105563256466
1.51865079365079,0.279069530142991,0.296013956601217,0.206713526123726,2.98123402542973
1.51875,0.279044894323582,0.296007114531286,0.206614684280087,2.98141239485231
1.51884920634921,0.279020261379685,0.296000265301352,0.206515889777764,2.98159074083855
1.51894841269841,0.278995631311328,0.295993408915441,0.206417142593764,2.98176906339461
1.51904761904762,0.278971004118543,0.295986545377572,0.206318442705102,2.98194736252663
1.51914682539683,0.27894637980136,0.295979674691768,0.206219790088803,2.98212563824077
1.51924603174603,0.278921758359812,0.295972796862045,0.206121184721901,2.98230389054315
1.51934523809524,0.278897139793936,0.295965911892418,0.20602262658144,2.98248211943993
1.51944444444444,0.278872524103766,0.2959590197869,0.205924115644471,2.98266032493725
1.51954365079365,0.27884791128934,0.295952120549503,0.205825651888056,2.98283850704123
1.51964285714286,0.278823301350698,0.295945214184235,0.205727235289266,2.98301666575801
1.51974206349206,0.278798694287879,0.295938300695103,0.20562886582518,2.98319480109373
1.51984126984127,0.278774090100927,0.295931380086109,0.205530543472887,2.9833729130545
1.51994047619048,0.278749488789884,0.295924452361257,0.205432268209486,2.98355100164645
1.52003968253968,0.278724890354796,0.295917517524545,0.205334040012083,2.98372906687571
1.52013888888889,0.278700294795708,0.29591057557997,0.205235858857794,2.9839071087484
1.5202380952381,0.278675702112669,0.295903626531529,0.205137724723746,2.98408512727062
1.5203373015873,0.278651112305728,0.295896670383213,0.205039637587071,2.9842631224485
1.52043650793651,0.278626525374936,0.295889707139013,0.204941597424915,2.98444109428813
1.52053571428571,0.278601941320345,0.295882736802918,0.20484360421443,2.98461904279565
1.52063492063492,0.278577360142009,0.295875759378913,0.204745657932776,2.98479696797713
1.52073412698413,0.278552781839983,0.295868774870982,0.204647758557127,2.9849748698387
1.52083333333333,0.278528206414324,0.295861783283106,0.204549906064661,2.98515274838645
1.52093253968254,0.27850363386509,0.295854784619264,0.204452100432569,2.98533060362647
1.52103174603175,0.27847906419234,0.295847778883435,0.204354341638048,2.98550843556486
1.52113095238095,0.278454497396135,0.295840766079591,0.204256629658305,2.98568624420772
1.52123015873016,0.278429933476539,0.295833746211707,0.204158964470559,2.98586402956112
1.52132936507936,0.278405372433615,0.295826719283751,0.204061346052033,2.98604179163116
1.52142857142857,0.278380814267428,0.295819685299691,0.203963774379964,2.98621953042392
1.52152777777778,0.278356258978046,0.295812644263495,0.203866249431595,2.98639724594548
1.52162698412698,0.278331706565536,0.295805596179124,0.20376877118418,2.98657493820192
1.52172619047619,0.27830715702997,0.29579854105054,0.203671339614981,2.98675260719931
1.5218253968254,0.278282610371417,0.295791478881701,0.203573954701268,2.98693025294372
1.5219246031746,0.278258066589951,0.295784409676566,0.203476616420324,2.98710787544123
1.52202380952381,0.278233525685646,0.295777333439087,0.203379324749437,2.9872854746979
1.52212301587302,0.278208987658578,0.295770250173217,0.203282079665906,2.98746305071979
1.52222222222222,0.278184452508825,0.295763159882905,0.20318488114704,2.98764060351297
1.52232142857143,0.278159920236463,0.2957560625721,0.203087729170155,2.9878181330835
1.52242063492063,0.278135390841575,0.295748958244747,0.202990623712577,2.98799563943742
1.52251984126984,0.278110864324241,0.295741846904788,0.202893564751642,2.9881731225808
1.52261904761905,0.278086340684544,0.295734728556165,0.202796552264695,2.98835058251968
1.52271825396825,0.278061819922569,0.295727603202816,0.202699586229089,2.98852801926011
1.52281746031746,0.278037302038402,0.295720470848678,0.202602666622186,2.98870543280814
1.52291666666667,0.27801278703213,0.295713331497684,0.202505793421359,2.9888828231698
1.52301587301587,0.277988274903843,0.295706185153766,0.202408966603988,2.98906019035114
1.52311507936508,0.27796376565363,0.295699031820854,0.202312186147464,2.98923753435819
1.52321428571429,0.277939259281583,0.295691871502875,0.202215452029186,2.989414855197
1.52331349206349,0.277914755787797,0.295684704203754,0.202118764226562,2.98959215287357
1.5234126984127,0.277890255172365,0.295677529927413,0.202022122717009,2.98976942739396
1.5235119047619,0.277865757435383,0.295670348677774,0.201925527477956,2.98994667876417
1.52361111111111,0.27784126257695,0.295663160458755,0.201828978486836,2.99012390699024
1.52371031746032,0.277816770597165,0.295655965274271,0.201732475721095,2.99030111207819
1.52380952380952,0.277792281496128,0.295648763128237,0.201636019158188,2.99047829403402
1.52390873015873,0.277767795273942,0.295641554024563,0.201539608775577,2.99065545286376
1.52400793650794,0.277743311930709,0.295634337967159,0.201443244550734,2.99083258857342
1.52410714285714,0.277718831466535,0.295627114959932,0.201346926461141,2.991009701169
1.52420634920635,0.277694353881527,0.295619885006786,0.201250654484289,2.99118679065652
1.52430555555556,0.277669879175792,0.295612648111624,0.201154428597677,2.99136385704197
1.52440476190476,0.27764540734944,0.295605404278347,0.201058248778813,2.99154090033136
1.52450396825397,0.277620938402581,0.295598153510851,0.200962115005217,2.99171792053068
1.52460317460317,0.277596472335329,0.295590895813034,0.200866027254415,2.99189491764594
1.52470238095238,0.277572009147797,0.295583631188787,0.200769985503942,2.99207189168311
1.52480158730159,0.2775475488401,0.295576359642003,0.200673989731345,2.9922488426482
1.52490079365079,0.277523091412354,0.29556908117657,0.200578039914178,2.99242577054719
1.525,0.277498636864679,0.295561795796374,0.200482136030005,2.99260267538606
1.52509920634921,0.277474185197194,0.295554503505301,0.200386278056397,2.99277955717079
1.52519841269841,0.27744973641002,0.295547204307232,0.200290465970938,2.99295641590737
1.52529761904762,0.277425290503279,0.295539898206047,0.200194699751218,2.99313325160177
1.52539682539683,0.277400847477096,0.295532585205624,0.200098979374837,2.99331006425996
1.52549603174603,0.277376407331596,0.295525265309838,0.200003304819404,2.99348685388791
1.52559523809524,0.277351970066907,0.295517938522562,0.199907676062538,2.99366362049159
1.52569444444444,0.277327535683156,0.295510604847668,0.199812093081866,2.99384036407697
1.52579365079365,0.277303104180474,0.295503264289022,0.199716555855025,2.99401708465001
1.52589285714286,0.277278675558992,0.295495916850493,0.19962106435966,2.99419378221666
1.52599206349206,0.277254249818842,0.295488562535943,0.199525618573426,2.99437045678289
1.52609126984127,0.27722982696016,0.295481201349235,0.199430218473989,2.99454710835465
1.52619047619048,0.277205406983082,0.295473833294228,0.199334864039019,2.99472373693788
1.52628968253968,0.277180989887743,0.29546645837478,0.199239555246201,2.99490034253855
1.52638888888889,0.277156575674283,0.295459076594745,0.199144292073224,2.99507692516258
1.5264880952381,0.277132164342843,0.295451687957976,0.199049074497791,2.99525348481593
1.5265873015873,0.277107755893564,0.295444292468324,0.198953902497609,2.99543002150455
1.52668650793651,0.277083350326589,0.295436890129638,0.1988587760504,2.99560653523435
1.52678571428571,0.277058947642062,0.295429480945762,0.198763695133889,2.99578302601128
1.52688492063492,0.27703454784013,0.295422064920541,0.198668659725814,2.99595949384127
1.52698412698413,0.277010150920941,0.295414642057816,0.198573669803921,2.99613593873026
1.52708333333333,0.276985756884642,0.295407212361426,0.198478725345966,2.99631236068416
1.52718253968254,0.276961365731385,0.295399775835209,0.198383826329714,2.9964887597089
1.52728174603175,0.276936977461322,0.295392332482999,0.198288972732936,2.9966651358104
1.52738095238095,0.276912592074606,0.295384882308628,0.198194164533417,2.99684148899458
1.52748015873016,0.276888209571392,0.295377425315928,0.198099401708948,2.99701781926735
1.52757936507936,0.276863829951836,0.295369961508724,0.198004684237331,2.99719412663463
1.52767857142857,0.276839453216096,0.295362490890844,0.197910012096374,2.99737041110233
1.52777777777778,0.27681507936433,0.295355013466111,0.197815385263897,2.99754667267636
1.52787698412698,0.276790708396701,0.295347529238345,0.19772080371773,2.99772291136261
1.52797619047619,0.27676634031337,0.295340038211367,0.197626267435708,2.997899127167
1.5280753968254,0.276741975114501,0.295332540388991,0.197531776395679,2.99807532009541
1.5281746031746,0.276717612800259,0.295325035775033,0.197437330575499,2.99825149015375
1.52827380952381,0.27669325337081,0.295317524373306,0.197342929953032,2.99842763734791
1.52837301587302,0.276668896826322,0.295310006187617,0.197248574506153,2.99860376168378
1.52847222222222,0.276644543166966,0.295302481221777,0.197154264212743,2.99877986316725
1.52857142857143,0.276620192392911,0.295294949479588,0.197059999050697,2.9989559418042
1.52867063492063,0.276595844504331,0.295287410964856,0.196965778997914,2.99913199760052
1.52876984126984,0.276571499501398,0.29527986568138,0.196871604032307,2.99930803056208
1.52886904761905,0.27654715738429,0.295272313632959,0.196777474131793,2.99948404069477
1.52896825396825,0.276522818153182,0.29526475482339,0.196683389274302,2.99966002800445
1.52906746031746,0.276498481808253,0.295257189256466,0.196589349437772,2.99983599249701
1.52916666666667,0.276474148349682,0.29524961693598,0.19649535460015,3.00001193417829
1.52926587301587,0.276449817777652,0.29524203786572,0.196401404739392,3.00018785305419
1.52936507936508,0.276425490092343,0.295234452049475,0.196307499833464,3.00036374913054
1.52946428571429,0.276401165293942,0.295226859491029,0.196213639860339,3.00053962241323
1.52956349206349,0.276376843382632,0.295219260194165,0.196119824798001,3.0007154729081
1.5296626984127,0.276352524358602,0.295211654162663,0.196026054624444,3.00089130062101
1.5297619047619,0.27632820822204,0.295204041400301,0.195932329317668,3.00106710555781
1.52986111111111,0.276303894973135,0.295196421910857,0.195838648855685,3.00124288772435
1.52996031746032,0.27627958461208,0.295188795698103,0.195745013216515,3.00141864712648
1.53005952380952,0.276255277139068,0.295181162765811,0.195651422378186,3.00159438377004
1.53015873015873,0.276230972554292,0.29517352311775,0.195557876318738,3.00177009766087
1.53025793650794,0.276206670857949,0.295165876757687,0.195464375016217,3.00194578880482
1.53035714285714,0.276182372050236,0.295158223689387,0.195370918448681,3.00212145720771
1.53045634920635,0.276158076131351,0.295150563916612,0.195277506594195,3.00229710287539
1.53055555555556,0.276133783101496,0.295142897443122,0.195184139430834,3.00247272581367
1.53065476190476,0.276109492960872,0.295135224272676,0.195090816936681,3.00264832602839
1.53075396825397,0.276085205709682,0.295127544409029,0.19499753908983,3.00282390352538
1.53085317460317,0.27606092134813,0.295119857855934,0.194904305868384,3.00299945831045
1.53095238095238,0.276036639876423,0.295112164617143,0.194811117250453,3.00317499038942
1.53105158730159,0.276012361294769,0.295104464696405,0.194717973214158,3.00335049976812
1.53115079365079,0.275988085603377,0.295096758097465,0.194624873737629,3.00352598645234
1.53125,0.275963812802456,0.295089044824069,0.194531818799004,3.00370145044792
1.53134920634921,0.27593954289222,0.295081324879959,0.194438808376431,3.00387689176064
1.53144841269841,0.275915275872881,0.295073598268874,0.194345842448067,3.00405231039633
1.53154761904762,0.275891011744654,0.295065864994553,0.194252920992079,3.00422770636078
1.53164682539683,0.275866750507757,0.29505812506073,0.194160043986641,3.00440307965978
1.53174603174603,0.275842492162406,0.295050378471138,0.194067211409939,3.00457843029915
1.53184523809524,0.275818236708821,0.295042625229509,0.193974423240165,3.00475375828467
1.53194444444444,0.275793984147224,0.295034865339571,0.193881679455522,3.00492906362214
1.53204365079365,0.275769734477835,0.29502709880505,0.193788980034222,3.00510434631734
1.53214285714286,0.275745487700879,0.29501932562967,0.193696324954486,3.00527960637606
1.53224206349206,0.275721243816582,0.295011545817154,0.193603714194544,3.00545484380408
1.53234126984127,0.275697002825169,0.295003759371221,0.193511147732635,3.00563005860719
1.53244047619048,0.275672764726869,0.294995966295587,0.193418625547008,3.00580525079116
1.53253968253968,0.275648529521911,0.294988166593968,0.193326147615919,3.00598042036177
1.53263888888889,0.275624297210527,0.294980360270078,0.193233713917636,3.00615556732479
1.5327380952381,0.275600067792949,0.294972547327626,0.193141324430434,3.00633069168599
1.5328373015873,0.275575841269411,0.29496472777032,0.193048979132598,3.00650579345114
1.53293650793651,0.275551617640148,0.294956901601867,0.192956678002422,3.00668087262599
1.53303571428571,0.275527396905397,0.29494906882597,0.192864421018208,3.00685592921632
1.53313492063492,0.275503179065398,0.294941229446331,0.19277220815827,3.00703096322788
1.53323412698413,0.275478964120389,0.294933383466649,0.192680039400929,3.00720597466643
1.53333333333333,0.275454752070611,0.294925530890621,0.192587914724514,3.00738096353772
1.53343253968254,0.275430542916309,0.294917671721942,0.192495834107366,3.0075559298475
1.53353174603175,0.275406336657725,0.294909805964304,0.192403797527833,3.00773087360152
1.53363095238095,0.275382133295106,0.294901933621397,0.192311804964274,3.00790579480553
1.53373015873016,0.275357932828699,0.29489405469691,0.192219856395054,3.00808069346526
1.53382936507937,0.275333735258752,0.294886169194528,0.192127951798551,3.00825556958645
1.53392857142857,0.275309540585516,0.294878277117934,0.192036091153149,3.00843042317485
1.53402777777778,0.275285348809242,0.29487037847081,0.191944274437243,3.00860525423618
1.53412698412698,0.275261159930183,0.294862473256834,0.191852501629237,3.00878006277618
1.53422619047619,0.275236973948593,0.294854561479683,0.191760772707542,3.00895484880058
1.5343253968254,0.27521279086473,0.294846643143032,0.191669087650582,3.0091296123151
1.5344246031746,0.275188610678849,0.294838718250553,0.191577446436786,3.00930435332546
1.53452380952381,0.27516443339121,0.294830786805915,0.191485849044595,3.00947907183739
1.53462301587302,0.275140259002073,0.294822848812786,0.191394295452457,3.0096537678566
1.53472222222222,0.275116087511701,0.294814904274832,0.191302785638832,3.00982844138881
1.53482142857143,0.275091918920356,0.294806953195715,0.191211319582186,3.01000309243973
1.53492063492064,0.275067753228303,0.294798995579097,0.191119897260997,3.01017772101507
1.53501984126984,0.275043590435808,0.294791031428636,0.191028518653749,3.01035232712053
1.53511904761905,0.27501943054314,0.294783060747989,0.190937183738938,3.01052691076182
1.53521825396825,0.274995273550567,0.294775083540808,0.190845892495067,3.01070147194464
1.53531746031746,0.274971119458359,0.294767099810747,0.190754644900651,3.01087601067469
1.53541666666667,0.27494696826679,0.294759109561455,0.190663440934209,3.01105052695766
1.53551587301587,0.274922819976132,0.294751112796579,0.190572280574275,3.01122502079925
1.53561507936508,0.27489867458666,0.294743109519764,0.190481163799388,3.01139949220515
1.53571428571429,0.274874532098652,0.294735099734653,0.190390090588099,3.01157394118104
1.53581349206349,0.274850392512384,0.294727083444887,0.190299060918965,3.0117483677326
1.5359126984127,0.274826255828137,0.294719060654103,0.190208074770555,3.01192277186553
1.5360119047619,0.274802122046191,0.294711031365938,0.190117132121446,3.0120971535855
1.53611111111111,0.274777991166828,0.294702995584025,0.190026232950223,3.01227151289818
1.53621031746032,0.274753863190333,0.294694953311996,0.189935377235483,3.01244584980925
1.53630952380952,0.274729738116991,0.294686904553481,0.189844564955828,3.01262016432437
1.53640873015873,0.274705615947087,0.294678849312106,0.189753796089874,3.01279445644923
1.53650793650794,0.274681496680912,0.294670787591495,0.189663070616242,3.01296872618948
1.53660714285714,0.274657380318753,0.294662719395272,0.189572388513564,3.01314297355078
1.53670634920635,0.274633266860903,0.294654644727057,0.189481749760481,3.0133171985388
1.53680555555556,0.274609156307654,0.294646563590467,0.189391154335643,3.01349140115919
1.53690476190476,0.2745850486593,0.294638475989118,0.189300602217709,3.01366558141761
1.53700396825397,0.274560943916137,0.294630381926624,0.189210093385348,3.0138397393197
1.53710317460317,0.274536842078461,0.294622281406595,0.189119627817237,3.01401387487112
1.53720238095238,0.274512743146571,0.294614174432642,0.189029205492062,3.01418798807752
1.53730158730159,0.274488647120768,0.294606061008369,0.188938826388519,3.01436207894452
1.53740079365079,0.274464554001351,0.294597941137383,0.188848490485313,3.01453614747779
1.5375,0.274440463788625,0.294589814823284,0.188758197761158,3.01471019368295
1.53759920634921,0.274416376482893,0.294581682069673,0.188667948194776,3.01488421756563
1.53769841269841,0.274392292084462,0.294573542880148,0.188577741764901,3.01505821913148
1.53779761904762,0.274368210593638,0.294565397258303,0.188487578450272,3.01523219838612
1.53789682539683,0.27434413201073,0.294557245207732,0.188397458229642,3.01540615533518
1.53799603174603,0.274320056336049,0.294549086732026,0.188307381081768,3.01558008998428
1.53809523809524,0.274295983569906,0.294540921834773,0.188217346985421,3.01575400233904
1.53819444444444,0.274271913712614,0.29453275051956,0.188127355919377,3.01592789240508
1.53829365079365,0.274247846764488,0.294524572789971,0.188037407862424,3.01610176018802
1.53839285714286,0.274223782725844,0.294516388649587,0.187947502793358,3.01627560569347
1.53849206349206,0.274199721596999,0.294508198101988,0.187857640690983,3.01644942892704
1.53859126984127,0.274175663378273,0.294500001150752,0.187767821534116,3.01662322989434
1.53869047619048,0.274151608069986,0.294491797799453,0.187678045301578,3.01679700860097
1.53878968253968,0.274127555672459,0.294483588051664,0.187588311972202,3.01697076505253
1.53888888888889,0.274103506186016,0.294475371910956,0.187498621524831,3.01714449925463
1.5389880952381,0.274079459610982,0.294467149380897,0.187408973938314,3.01731821121286
1.5390873015873,0.274055415947684,0.294458920465054,0.187319369191512,3.01749190093281
1.53918650793651,0.274031375196448,0.294450685166989,0.187229807263295,3.01766556842008
1.53928571428571,0.274007337357605,0.294442443490264,0.18714028813254,3.01783921368025
1.53938492063492,0.273983302431484,0.294434195438439,0.187050811778134,3.01801283671891
1.53948412698413,0.273959270418419,0.294425941015071,0.186961378178975,3.01818643754164
1.53958333333333,0.273935241318742,0.294417680223714,0.186871987313968,3.01836001615403
1.53968253968254,0.273911215132789,0.29440941306792,0.186782639162027,3.01853357256164
1.53978174603175,0.273887191860897,0.294401139551241,0.186693333702077,3.01870710677006
1.53988095238095,0.273863171503403,0.294392859677223,0.186604070913051,3.01888061878485
1.53998015873016,0.273839154060647,0.294384573449413,0.18651485077389,3.01905410861158
1.54007936507937,0.27381513953297,0.294376280871354,0.186425673263546,3.01922757625583
1.54017857142857,0.273791127920714,0.294367981946587,0.18633653836098,3.01940102172315
1.54027777777778,0.273767119224223,0.294359676678652,0.18624744604516,3.01957444501911
1.54037698412698,0.273743113443843,0.294351365071084,0.186158396295066,3.01974784614925
1.54047619047619,0.27371911057992,0.294343047127418,0.186069389089686,3.01992122511915
1.5405753968254,0.273695110632803,0.294334722851187,0.185980424408016,3.02009458193435
1.5406746031746,0.273671113602841,0.29432639224592,0.185891502229062,3.02026791660039
1.54077380952381,0.273647119490386,0.294318055315144,0.18580262253184,3.02044122912284
1.54087301587302,0.27362312829579,0.294309712062386,0.185713785295374,3.02061451950722
1.54097222222222,0.273599140019407,0.294301362491169,0.185624990498697,3.02078778775909
1.54107142857143,0.273575154661594,0.294293006605012,0.185536238120852,3.02096103388398
1.54117063492064,0.273551172222706,0.294284644407436,0.185447528140891,3.02113425788743
1.54126984126984,0.273527192703103,0.294276275901955,0.185358860537874,3.02130745977497
1.54136904761905,0.273503216103145,0.294267901092085,0.185270235290872,3.02148063955214
1.54146825396825,0.273479242423193,0.294259519981337,0.185181652378963,3.02165379722445
1.54156746031746,0.27345527166361,0.29425113257322,0.185093111781237,3.02182693279744
1.54166666666667,0.273431303824761,0.294242738871242,0.185004613476789,3.02200004627662
1.54176587301587,0.273407338907011,0.294234338878909,0.184916157444727,3.02217313766752
1.54186507936508,0.273383376910728,0.294225932599722,0.184827743664167,3.02234620697565
1.54196428571429,0.27335941783628,0.294217520037182,0.184739372114232,3.02251925420653
1.54206349206349,0.273335461684038,0.294209101194788,0.184651042774057,3.02269227936567
1.5421626984127,0.273311508454374,0.294200676076036,0.184562755622785,3.02286528245858
1.5422619047619,0.27328755814766,0.294192244684419,0.184474510639568,3.02303826349076
1.54236111111111,0.273263610764271,0.294183807023429,0.184386307803568,3.02321122246771
1.54246031746032,0.273239666304584,0.294175363096555,0.184298147093954,3.02338415939494
1.54255952380952,0.273215724768976,0.294166912907285,0.184210028489907,3.02355707427794
1.54265873015873,0.273191786157826,0.294158456459102,0.184121951970614,3.02372996712222
1.54275793650794,0.273167850471515,0.294149993755489,0.184033917515274,3.02390283793325
1.54285714285714,0.273143917710425,0.294141524799927,0.183945925103094,3.02407568671653
1.54295634920635,0.273119987874938,0.294133049595894,0.183857974713288,3.02424851347755
1.54305555555556,0.273096060965441,0.294124568146864,0.183770066325085,3.02442131822179
1.54315476190476,0.273072136982319,0.294116080456313,0.183682199917716,3.02459410095473
1.54325396825397,0.27304821592596,0.29410758652771,0.183594375470425,3.02476686168185
1.54335317460317,0.273024297796754,0.294099086364525,0.183506592962466,3.02493960040862
1.54345238095238,0.273000382595091,0.294090579970224,0.183418852373099,3.02511231714053
1.54355158730159,0.272976470321364,0.294082067348273,0.183331153681597,3.02528501188303
1.54365079365079,0.272952560975966,0.294073548502132,0.183243496867237,3.02545768464159
1.54375,0.272928654559293,0.294065023435262,0.18315588190931,3.02563033542168
1.54384920634921,0.27290475107174,0.294056492151121,0.183068308787115,3.02580296422877
1.54394841269841,0.272880850513707,0.294047954653164,0.182980777479957,3.0259755710683
1.54404761904762,0.272856952885593,0.294039410944843,0.182893287967154,3.02614815594575
1.54414682539683,0.272833058187799,0.294030861029611,0.182805840228031,3.02632071886655
1.54424603174603,0.272809166420727,0.294022304910915,0.182718434241923,3.02649325983616
1.54434523809524,0.272785277584781,0.294013742592202,0.182631069988174,3.02666577886003
1.54444444444444,0.272761391680367,0.294005174076916,0.182543747446137,3.02683827594361
1.54454365079365,0.272737508707892,0.293996599368498,0.182456466595174,3.02701075109233
1.54464285714286,0.272713628667764,0.293988018470389,0.182369227414656,3.02718320431164
1.54474206349206,0.272689751560393,0.293979431386026,0.182282029883964,3.02735563560698
1.54484126984127,0.27266587738619,0.293970838118844,0.182194873982487,3.02752804498377
1.54494047619048,0.272642006145567,0.293962238672275,0.182107759689623,3.02770043244745
1.54503968253968,0.27261813783894,0.29395363304975,0.182020686984781,3.02787279800345
1.54513888888889,0.272594272466724,0.293945021254697,0.181933655847377,3.02804514165719
1.5452380952381,0.272570410029336,0.293936403290543,0.181846666256837,3.0282174634141
1.5453373015873,0.272546550527194,0.293927779160711,0.181759718192598,3.0283897632796
1.54543650793651,0.272522693960719,0.293919148868623,0.181672811634102,3.0285620412591
1.54553571428571,0.272498840330333,0.293910512417697,0.181585946560803,3.02873429735803
1.54563492063492,0.272474989636458,0.293901869811352,0.181499122952164,3.02890653158179
1.54573412698413,0.272451141879518,0.293893221053001,0.181412340787657,3.02907874393579
1.54583333333333,0.27242729705994,0.293884566146057,0.181325600046762,3.02925093442544
1.54593253968254,0.272403455178152,0.293875905093931,0.181238900708969,3.02942310305614
1.54603174603175,0.272379616234581,0.29386723790003,0.181152242753777,3.0295952498333
1.54613095238095,0.272355780229659,0.29385856456776,0.181065626160695,3.02976737476231
1.54623015873016,0.272331947163817,0.293849885100525,0.18097905090924,3.02993947784857
1.54632936507936,0.272308117037489,0.293841199501725,0.180892516978938,3.03011155909748
1.54642857142857,0.272284289851108,0.29383250777476,0.180806024349324,3.03028361851442
1.54652777777778,0.272260465605113,0.293823809923027,0.180719572999944,3.03045565610477
1.54662698412698,0.272236644299939,0.293815105949918,0.180633162910352,3.03062767187393
1.54672619047619,0.272212825936026,0.293806395858828,0.180546794060109,3.03079966582728
1.5468253968254,0.272189010513816,0.293797679653146,0.18046046642879,3.0309716379702
1.5469246031746,0.272165198033749,0.293788957336259,0.180374179995974,3.03114358830805
1.54702380952381,0.27214138849627,0.293780228911553,0.180287934741252,3.03131551684623
1.54712301587302,0.272117581901823,0.293771494382411,0.180201730644223,3.03148742359009
1.54722222222222,0.272093778250855,0.293762753752213,0.180115567684497,3.03165930854501
1.54732142857143,0.272069977543814,0.293754007024339,0.180029445841691,3.03183117171634
1.54742063492064,0.272046179781149,0.293745254202165,0.17994336509543,3.03200301310947
1.54751984126984,0.272022384963312,0.293736495289065,0.179857325425353,3.03217483272973
1.54761904761905,0.271998593090753,0.29372773028841,0.179771326811104,3.0323466305825
1.54771825396825,0.271974804163928,0.293718959203571,0.179685369232338,3.03251840667313
1.54781746031746,0.271951018183292,0.293710182037915,0.179599452668716,3.03269016100696
1.54791666666667,0.271927235149301,0.293701398794806,0.179513577099913,3.03286189358935
1.54801587301587,0.271903455062413,0.293692609477607,0.179427742505609,3.03303360442564
1.54811507936508,0.271879677923088,0.29368381408968,0.179341948865496,3.03320529352118
1.54821428571429,0.271855903731788,0.293675012634382,0.179256196159274,3.03337696088131
1.54831349206349,0.271832132488974,0.293666205115069,0.179170484366651,3.03354860651136
1.5484126984127,0.271808364195111,0.293657391535096,0.179084813467345,3.03372023041668
1.5485119047619,0.271784598850664,0.293648571897813,0.178999183441085,3.03389183260259
1.54861111111111,0.271760836456101,0.29363974620657,0.178913594267605,3.03406341307442
1.54871031746032,0.271737077011889,0.293630914464714,0.178828045926653,3.0342349718375
1.54880952380952,0.2717133205185,0.29362207667559,0.178742538397983,3.03440650889715
1.54890873015873,0.271689566976403,0.29361323284254,0.178657071661358,3.03457802425871
1.54900793650794,0.271665816386072,0.293604382968905,0.178571645696551,3.03474951792747
1.54910714285714,0.271642068747981,0.293595527058021,0.178486260483345,3.03492098990877
1.54920634920635,0.271618324062607,0.293586665113226,0.178400916001531,3.03509244020791
1.54930555555556,0.271594582330425,0.293577797137853,0.178315612230908,3.03526386883021
1.54940476190476,0.271570843551916,0.293568923135232,0.178230349151287,3.03543527578097
1.54950396825397,0.271547107727559,0.293560043108693,0.178145126742487,3.0356066610655
1.54960317460317,0.271523374857835,0.293551157061562,0.178059944984334,3.0357780246891
1.54970238095238,0.271499644943228,0.293542264997164,0.177974803856665,3.03594936665707
1.54980158730159,0.271475917984223,0.293533366918821,0.177889703339328,3.0361206869747
1.54990079365079,0.271452193981305,0.293524462829853,0.177804643412176,3.0362919856473
1.55,0.271428472934962,0.293515552733577,0.177719624055075,3.03646326268014
1.55009920634921,0.271404754845683,0.29350663663331,0.177634645247896,3.03663451807853
1.55019841269841,0.271381039713959,0.293497714532363,0.177549706970524,3.03680575184775
1.55029761904762,0.27135732754028,0.293488786434049,0.17746480920285,3.03697696399307
1.55039682539683,0.271333618325142,0.293479852341675,0.177379951924773,3.03714815451978
1.55049603174603,0.271309912069037,0.293470912258548,0.177295135116205,3.03731932343316
1.55059523809524,0.271286208772464,0.293461966187971,0.177210358757064,3.03749047073848
1.55069444444444,0.271262508435918,0.293453014133248,0.177125622827279,3.03766159644102
1.55079365079365,0.271238811059901,0.293444056097678,0.177040927306786,3.03783270054604
1.55089285714286,0.271215116644912,0.293435092084557,0.176956272175532,3.03800378305881
1.55099206349206,0.271191425191453,0.29342612209718,0.176871657413474,3.03817484398459
1.55109126984127,0.271167736700029,0.293417146138842,0.176787083000574,3.03834588332864
1.55119047619048,0.271144051171144,0.293408164212832,0.176702548916807,3.03851690109623
1.55128968253968,0.271120368605304,0.293399176322438,0.176618055142157,3.03868789729261
1.55138888888889,0.271096689003019,0.293390182470947,0.176533601656615,3.03885887192303
1.5514880952381,0.271073012364796,0.293381182661643,0.176449188440182,3.03902982499275
1.5515873015873,0.271049338691148,0.293372176897806,0.176364815472869,3.039200756507
1.55168650793651,0.271025667982587,0.293363165182716,0.176280482734695,3.03937166647103
1.55178571428571,0.271002000239626,0.293354147519651,0.176196190205688,3.03954255489009
1.55188492063492,0.270978335462781,0.293345123911885,0.176111937865887,3.03971342176941
1.55198412698413,0.270954673652568,0.29333609436269,0.176027725695338,3.03988426711424
1.55208333333333,0.270931014809507,0.293327058875336,0.175943553674098,3.04005509092979
1.55218253968254,0.270907358934116,0.293318017453093,0.17585942178223,3.04022589322132
1.55228174603175,0.270883706026917,0.293308970099224,0.175775329999811,3.04039667399403
1.55238095238095,0.270860056088432,0.293299916816995,0.175691278306921,3.04056743325317
1.55248015873016,0.270836409119186,0.293290857609665,0.175607266683656,3.04073817100394
1.55257936507936,0.270812765119705,0.293281792480495,0.175523295110116,3.04090888725158
1.55267857142857,0.270789124090514,0.29327272143274,0.175439363566411,3.04107958200129
1.55277777777778,0.270765486032144,0.293263644469655,0.175355472032661,3.0412502552583
1.55287698412698,0.270741850945124,0.293254561594493,0.175271620488997,3.04142090702781
1.55297619047619,0.270718218829984,0.293245472810503,0.175187808915555,3.04159153731503
1.5530753968254,0.270694589687259,0.293236378120932,0.175104037292483,3.04176214612517
1.5531746031746,0.270670963517483,0.293227277529027,0.175020305599938,3.04193273346343
1.55327380952381,0.270647340321191,0.29321817103803,0.174936613818085,3.04210329933502
1.55337301587302,0.270623720098921,0.293209058651183,0.174852961927098,3.04227384374513
1.55347222222222,0.270600102851211,0.293199940371723,0.174769349907161,3.04244436669895
1.55357142857143,0.270576488578603,0.293190816202888,0.174685777738468,3.04261486820167
1.55367063492063,0.270552877281637,0.293181686147911,0.174602245401221,3.0427853482585
1.55376984126984,0.270529268960856,0.293172550210025,0.17451875287563,3.04295580687461
1.55386904761905,0.270505663616806,0.293163408392458,0.174435300141915,3.04312624405519
1.55396825396825,0.270482061250033,0.293154260698438,0.174351887180307,3.04329665980541
1.55406746031746,0.270458461861084,0.293145107131191,0.174268513971044,3.04346705413047
1.55416666666667,0.270434865450507,0.293135947693939,0.174185180494373,3.04363742703553
1.55426587301587,0.270411272018855,0.293126782389902,0.174101886730552,3.04380777852577
1.55436507936508,0.270387681566678,0.293117611222299,0.174018632659846,3.04397810860635
1.55446428571429,0.27036409409453,0.293108434194347,0.17393541826253,3.04414841728245
1.55456349206349,0.270340509602966,0.293099251309258,0.173852243518888,3.04431870455923
1.5546626984127,0.270316928092543,0.293090062570244,0.173769108409215,3.04448897044184
1.5547619047619,0.270293349563817,0.293080867980516,0.173686012913812,3.04465921493547
1.55486111111111,0.270269774017349,0.293071667543278,0.173602957012991,3.04482943804524
1.55496031746032,0.2702462014537,0.293062461261737,0.173519940687073,3.04499963977633
1.55505952380952,0.27022263187343,0.293053249139095,0.173436963916388,3.04516982013389
1.55515873015873,0.270199065277105,0.293044031178553,0.173354026681274,3.04533997912305
1.55525793650794,0.27017550166529,0.293034807383307,0.17327112896208,3.04551011674897
1.55535714285714,0.27015194103855,0.293025577756554,0.173188270739162,3.04568023301679
1.55545634920635,0.270128383397454,0.293016342301487,0.173105451992888,3.04585032793164
1.55555555555556,0.270104828742573,0.293007101021298,0.173022672703633,3.04602040149868
1.55565476190476,0.270081277074475,0.292997853919176,0.172939932851781,3.04619045372303
1.55575396825397,0.270057728393735,0.292988600998306,0.172857232417726,3.04636048460982
1.55585317460317,0.270034182700926,0.292979342261875,0.172774571381872,3.04653049416418
1.55595238095238,0.270010639996623,0.292970077713063,0.172691949724629,3.04670048239124
1.55605158730159,0.269987100281404,0.292960807355051,0.17260936742642,3.04687044929612
1.55615079365079,0.269963563555847,0.292951531191016,0.172526824467675,3.04704039488394
1.55625,0.269940029820531,0.292942249224134,0.172444320828832,3.04721031915983
1.55634920634921,0.269916499076038,0.292932961457578,0.172361856490341,3.04738022212889
1.55644841269841,0.269892971322951,0.292923667894518,0.17227943143266,3.04755010379624
1.55654761904762,0.269869446561854,0.292914368538125,0.172197045636254,3.04771996416699
1.55664682539683,0.269845924793332,0.292905063391563,0.1721146990816,3.04788980324625
1.55674603174603,0.269822406017972,0.292895752457997,0.172032391749184,3.04805962103911
1.55684523809524,0.269798890236364,0.292886435740589,0.171950123619498,3.04822941755069
1.55694444444444,0.269775377449098,0.292877113242498,0.171867894673047,3.04839919278608
1.55704365079365,0.269751867656764,0.292867784966882,0.171785704890343,3.04856894675037
1.55714285714286,0.269728360859956,0.292858450916896,0.171703554251908,3.04873867944867
1.55724206349206,0.269704857059269,0.292849111095693,0.171621442738271,3.04890839088605
1.55734126984127,0.269681356255298,0.292839765506423,0.171539370329975,3.04907808106762
1.55744047619048,0.269657858446766,0.29283041415295,0.171457337007751,3.04924774999916
1.55753968253968,0.269634363528957,0.29282105707858,0.171375342762956,3.04941739772555
1.55763888888889,0.26961087144078,0.292811694309754,0.171293387583697,3.04958702427492
1.5577380952381,0.269587382181534,0.292802325849812,0.171211471452299,3.04975662965246
1.5578373015873,0.269563895750519,0.292792951702093,0.171129594351091,3.04992621386337
1.55793650793651,0.269540412147034,0.292783571869935,0.171047756262411,3.05009577691285
1.55803571428571,0.269516931370379,0.292774186356674,0.170965957168598,3.05026531880609
1.55813492063492,0.269493453419855,0.292764795165644,0.170884197052001,3.05043483954829
1.55823412698413,0.269469978294764,0.29275539830018,0.170802475894971,3.05060433914463
1.55833333333333,0.269446505994406,0.292745995763614,0.170720793679866,3.0507738176003
1.55843253968254,0.269423036518086,0.292736587559277,0.170639150389052,3.0509432749205
1.55853174603175,0.269399569865104,0.2927271736905,0.170557546004897,3.05111271111041
1.55863095238095,0.269376106034764,0.292717754160611,0.170475980509777,3.05128212617522
1.55873015873016,0.269352645026371,0.292708328972938,0.170394453886072,3.0514515201201
1.55882936507936,0.269329186839228,0.292698898130808,0.170312966116169,3.05162089295025
1.55892857142857,0.269305731472639,0.292689461637545,0.17023151718246,3.05179024467084
1.55902777777778,0.269282278925911,0.292680019496475,0.170150107067343,3.05195957528705
1.55912698412698,0.269258829198348,0.292670571710918,0.170068735753221,3.05212888480407
1.55922619047619,0.269235382289258,0.292661118284198,0.169987403222503,3.05229817322705
1.5593253968254,0.269211938197946,0.292651659219634,0.169906109457604,3.05246744056119
1.5594246031746,0.269188496923719,0.292642194520546,0.169824854440944,3.05263668681164
1.55952380952381,0.269165058465887,0.292632724190251,0.16974363815495,3.05280591198359
1.55962301587302,0.269141622823755,0.292623248232067,0.169662460582052,3.05297511608221
1.55972222222222,0.269118189996634,0.292613766649307,0.169581321704687,3.05314429911265
1.55982142857143,0.269094759983832,0.292604279445288,0.169500221505299,3.05331346108009
1.55992063492063,0.269071332784659,0.292594786623321,0.169419159966337,3.0534826019897
1.56001984126984,0.269047908398424,0.292585288186719,0.169338137070254,3.05365172184663
1.56011904761905,0.26902448682444,0.292575784138791,0.16925715279951,3.05382082065605
1.56021825396825,0.269001068062015,0.292566274482848,0.16917620713657,3.05398989842312
1.56031746031746,0.268977652110464,0.292556759222198,0.169095300063906,3.054158955153
1.56041666666667,0.268954238969096,0.292547238360146,0.169014431563994,3.05432799085084
1.56051587301587,0.268930828637225,0.2925377119,0.168933601619316,3.0544970055218
1.56061507936508,0.268907421114164,0.292528179845063,0.168852810212361,3.05466599917103
1.56071428571429,0.268884016399226,0.292518642198639,0.168772057325621,3.0548349718037
1.56081349206349,0.268860614491725,0.292509098964029,0.168691342941597,3.05500392342494
1.5609126984127,0.268837215390977,0.292499550144535,0.168610667042793,3.05517285403991
1.5610119047619,0.268813819096295,0.292489995743455,0.16853002961172,3.05534176365375
1.56111111111111,0.268790425606996,0.292480435764089,0.168449430630893,3.05551065227162
1.56121031746032,0.268767034922396,0.292470870209733,0.168368870082834,3.05567951989866
1.56130952380952,0.26874364704181,0.292461299083684,0.168288347950072,3.05584836654
1.56140873015873,0.268720261964556,0.292451722389235,0.168207864215138,3.0560171922008
1.56150793650794,0.268696879689951,0.29244214012968,0.168127418860572,3.05618599688619
1.56160714285714,0.268673500217314,0.292432552308312,0.168047011868917,3.05635478060131
1.56170634920635,0.268650123545962,0.292422958928421,0.167966643222725,3.0565235433513
1.56180555555556,0.268626749675215,0.292413359993298,0.16788631290455,3.05669228514129
1.56190476190476,0.268603378604392,0.29240375550623,0.167806020896954,3.05686100597643
1.56200396825397,0.268580010332813,0.292394145470505,0.167725767182503,3.05702970586183
1.56210317460317,0.268556644859799,0.29238452988941,0.16764555174377,3.05719838480263
1.56220238095238,0.26853328218467,0.292374908766228,0.167565374563334,3.05736704280396
1.56230158730159,0.268509922306747,0.292365282104244,0.167485235623777,3.05753567987095
1.56240079365079,0.268486565225354,0.29235564990674,0.16740513490769,3.05770429600872
1.5625,0.268463210939811,0.292346012176998,0.167325072397667,3.05787289122241
1.56259920634921,0.268439859449442,0.292336368918296,0.167245048076309,3.05804146551712
1.56269841269841,0.268416510753571,0.292326720133915,0.167165061926223,3.05821001889799
1.56279761904762,0.26839316485152,0.292317065827131,0.16708511393002,3.05837855137013
1.56289682539683,0.268369821742615,0.29230740600122,0.167005204070318,3.05854706293867
1.56299603174603,0.268346481426181,0.292297740659459,0.16692533232974,3.05871555360871
1.56309523809524,0.268323143901541,0.292288069805121,0.166845498690916,3.05888402338538
1.56319444444444,0.268299809168024,0.292278393441477,0.166765703136479,3.05905247227378
1.56329365079365,0.268276477224954,0.292268711571801,0.16668594564907,3.05922090027904
1.56339285714286,0.268253148071658,0.292259024199361,0.166606226211334,3.05938930740626
1.56349206349206,0.268229821707465,0.292249331327428,0.166526544805924,3.05955769366054
1.56359126984127,0.268206498131701,0.292239632959268,0.166446901415495,3.05972605904701
1.56369047619048,0.268183177343695,0.292229929098148,0.166367296022712,3.05989440357076
1.56378968253968,0.268159859342775,0.292220219747334,0.166287728610241,3.06006272723689
1.56388888888889,0.268136544128272,0.29221050491009,0.166208199160758,3.06023103005052
1.5639880952381,0.268113231699514,0.292200784589678,0.166128707656941,3.06039931201674
1.5640873015873,0.268089922055832,0.292191058789359,0.166049254081476,3.06056757314065
1.56418650793651,0.268066615196556,0.292181327512396,0.165969838417054,3.06073581342736
1.56428571428571,0.268043311121019,0.292171590762046,0.165890460646372,3.06090403288195
1.56438492063492,0.268020009828551,0.292161848541567,0.165811120752131,3.06107223150952
1.56448412698413,0.267996711318485,0.292152100854217,0.165731818717039,3.06124040931517
1.56458333333333,0.267973415590153,0.292142347703251,0.16565255452381,3.06140856630398
1.56468253968254,0.267950122642889,0.292132589091923,0.165573328155163,3.06157670248106
1.56478174603175,0.267926832476026,0.292122825023486,0.165494139593823,3.06174481785148
1.56488095238095,0.267903545088899,0.292113055501192,0.165414988822519,3.06191291242033
1.56498015873016,0.267880260480842,0.292103280528292,0.165335875823988,3.06208098619271
1.56507936507937,0.26785697865119,0.292093500108035,0.165256800580972,3.06224903917369
1.56517857142857,0.26783369959928,0.292083714243669,0.165177763076218,3.06241707136836
1.56527777777778,0.267810423324446,0.292073922938442,0.165098763292478,3.0625850827818
1.56537698412698,0.267787149826026,0.292064126195598,0.165019801212512,3.06275307341909
1.56547619047619,0.267763879103357,0.292054324018383,0.164940876819083,3.0629210432853
1.5655753968254,0.267740611155777,0.292044516410039,0.164861990094961,3.06308899238552
1.5656746031746,0.267717345982623,0.29203470337381,0.164783141022922,3.06325692072481
1.56577380952381,0.267694083583234,0.292024884912934,0.164704329585746,3.06342482830825
1.56587301587302,0.267670823956949,0.292015061030654,0.164625555766221,3.06359271514092
1.56597222222222,0.267647567103109,0.292005231730205,0.164546819547139,3.06376058122788
1.56607142857143,0.267624313021052,0.291995397014827,0.164468120911298,3.06392842657421
1.56617063492064,0.267601061710119,0.291985556887754,0.164389459841501,3.06409625118496
1.56626984126984,0.267577813169652,0.291975711352222,0.164310836320558,3.06426405506521
1.56636904761905,0.267554567398993,0.291965860411464,0.164232250331283,3.06443183822001
1.56646825396825,0.267531324397482,0.291956004068712,0.164153701856498,3.06459960065444
1.56656746031746,0.267508084164463,0.291946142327197,0.164075190879028,3.06476734237355
1.56666666666667,0.267484846699278,0.291936275190149,0.163996717381705,3.0649350633824
1.56676587301587,0.267461612001272,0.291926402660797,0.163918281347367,3.06510276368606
1.56686507936508,0.267438380069787,0.291916524742368,0.163839882758857,3.06527044328957
1.56696428571429,0.26741515090417,0.291906641438089,0.163761521599023,3.06543810219799
1.56706349206349,0.267391924503763,0.291896752751184,0.16368319785072,3.06560574041637
1.5671626984127,0.267368700867914,0.291886858684876,0.163604911496808,3.06577335794977
1.5672619047619,0.267345479995968,0.291876959242389,0.163526662520152,3.06594095480323
1.56736111111111,0.267322261887272,0.291867054426944,0.163448450903624,3.06610853098181
1.56746031746032,0.267299046541171,0.291857144241761,0.163370276630101,3.06627608649055
1.56755952380952,0.267275833957015,0.291847228690058,0.163292139682465,3.0664436213345
1.56765873015873,0.267252624134151,0.291837307775053,0.163214040043605,3.0666111355187
1.56775793650794,0.267229417071926,0.291827381499963,0.163135977696414,3.06677862904819
1.56785714285714,0.267206212769691,0.291817449868003,0.163057952623792,3.06694610192801
1.56795634920635,0.267183011226794,0.291807512882386,0.162979964808643,3.06711355416321
1.56805555555556,0.267159812442586,0.291797570546326,0.16290201423388,3.06728098575882
1.56815476190476,0.267136616416417,0.291787622863033,0.162824100882417,3.06744839671987
1.56825396825397,0.267113423147637,0.291777669835719,0.162746224737177,3.06761578705141
1.56835317460317,0.267090232635598,0.291767711467591,0.162668385781088,3.06778315675846
1.56845238095238,0.267067044879652,0.291757747761859,0.162590583997083,3.06795050584605
1.56855158730159,0.267043859879152,0.291747778721728,0.162512819368101,3.06811783431922
1.56865079365079,0.26702067763345,0.291737804350405,0.162435091877087,3.068285142183
1.56875,0.266997498141898,0.291727824651092,0.162357401506989,3.06845242944241
1.56884920634921,0.266974321403853,0.291717839626993,0.162279748240766,3.06861969610247
1.56894841269841,0.266951147418667,0.29170784928131,0.162202132061378,3.06878694216821
1.56904761904762,0.266927976185695,0.291697853617243,0.162124552951791,3.06895416764465
1.56914682539683,0.266904807704293,0.291687852637992,0.16204701089498,3.06912137253682
1.56924603174603,0.266881641973816,0.291677846346754,0.161969505873922,3.06928855684973
1.56934523809524,0.266858478993621,0.291667834746726,0.161892037871601,3.06945572058839
1.56944444444444,0.266835318763065,0.291657817841105,0.161814606871007,3.06962286375784
1.56954365079365,0.266812161281504,0.291647795633083,0.161737212855136,3.06978998636307
1.56964285714286,0.266789006548297,0.291637768125855,0.161659855806987,3.0699570884091
1.56974206349206,0.266765854562802,0.291627735322612,0.161582535709569,3.07012416990095
1.56984126984127,0.266742705324377,0.291617697226546,0.161505252545892,3.07029123084361
1.56994047619048,0.266719558832382,0.291607653840844,0.161428006298976,3.07045827124211
1.57003968253968,0.266696415086177,0.291597605168697,0.161350796951843,3.07062529110145
1.57013888888889,0.266673274085121,0.29158755121329,0.161273624487522,3.07079229042663
1.5702380952381,0.266650135828575,0.29157749197781,0.161196488889049,3.07095926922266
1.5703373015873,0.266627000315902,0.291567427465441,0.161119390139463,3.07112622749453
1.57043650793651,0.266603867546461,0.291557357679366,0.161042328221811,3.07129316524726
1.57053571428571,0.266580737519616,0.291547282622768,0.160965303119144,3.07146008248583
1.57063492063492,0.266557610234729,0.291537202298828,0.16088831481452,3.07162697921524
1.57073412698413,0.266534485691163,0.291527116710725,0.160811363291002,3.0717938554405
1.57083333333333,0.266511363888283,0.291517025861638,0.160734448531658,3.07196071116659
1.57093253968254,0.266488244825451,0.291506929754743,0.160657570519562,3.07212754639851
1.57103174603175,0.266465128502033,0.291496828393218,0.160580729237795,3.07229436114124
1.57113095238095,0.266442014917394,0.291486721780236,0.160503924669442,3.07246115539979
1.57123015873016,0.266418904070899,0.291476609918972,0.160427156797593,3.07262792917913
1.57132936507937,0.266395795961915,0.291466492812597,0.160350425605347,3.07279468248425
1.57142857142857,0.266372690589808,0.291456370464284,0.160273731075804,3.07296141532014
1.57152777777778,0.266349587953945,0.291446242877201,0.160197073192074,3.07312812769178
1.57162698412698,0.266326488053695,0.291436110054517,0.16012045193727,3.07329481960415
1.57172619047619,0.266303390888424,0.291425971999401,0.160043867294511,3.07346149106223
1.5718253968254,0.266280296457501,0.291415828715017,0.159967319246922,3.07362814207101
1.5719246031746,0.266257204760296,0.291405680204532,0.159890807777634,3.07379477263545
1.57202380952381,0.266234115796178,0.291395526471108,0.159814332869783,3.07396138276053
1.57212301587302,0.266211029564517,0.291385367517909,0.159737894506511,3.07412797245124
1.57222222222222,0.266187946064684,0.291375203348096,0.159661492670965,3.07429454171253
1.57232142857143,0.26616486529605,0.291365033964829,0.159585127346299,3.07446109054938
1.57242063492064,0.266141787257986,0.291354859371267,0.159508798515672,3.07462761896677
1.57251984126984,0.266118711949864,0.291344679570567,0.159432506162247,3.07479412696965
1.57261904761905,0.266095639371056,0.291334494565886,0.159356250269195,3.07496061456299
1.57271825396825,0.266072569520936,0.29132430436038,0.159280030819691,3.07512708175177
1.57281746031746,0.266049502398878,0.291314108957201,0.159203847796918,3.07529352854093
1.57291666666667,0.266026438004254,0.291303908359504,0.159127701184062,3.07545995493545
1.57301587301587,0.26600337633644,0.291293702570439,0.159051590964315,3.07562636094028
1.57311507936508,0.265980317394811,0.291283491593158,0.158975517120875,3.07579274656039
1.57321428571429,0.265957261178742,0.291273275430808,0.158899479636948,3.07595911180072
1.57331349206349,0.265934207687608,0.291263054086538,0.158823478495741,3.07612545666624
1.5734126984127,0.265911156920787,0.291252827563495,0.158747513680471,3.07629178116189
1.5735119047619,0.265888108877655,0.291242595864824,0.158671585174358,3.07645808529263
1.57361111111111,0.26586506355759,0.291232358993669,0.158595692960628,3.07662436906342
1.57371031746032,0.265842020959969,0.291222116953174,0.158519837022514,3.07679063247919
1.57380952380952,0.265818981084171,0.291211869746479,0.158444017343254,3.07695687554491
1.57390873015873,0.265795943929575,0.291201617376726,0.15836823390609,3.0771230982655
1.57400793650794,0.265772909495561,0.291191359847054,0.158292486694272,3.07728930064592
1.57410714285714,0.265749877781507,0.291181097160601,0.158216775691054,3.07745548269112
1.57420634920635,0.265726848786795,0.291170829320504,0.158141100879696,3.07762164440602
1.57430555555556,0.265703822510805,0.291160556329899,0.158065462243465,3.07778778579558
1.57440476190476,0.265680798952919,0.29115027819192,0.157989859765633,3.07795390686473
1.57450396825397,0.265657778112518,0.2911399949097,0.157914293429475,3.0781200076184
1.57460317460317,0.265634759988985,0.291129706486371,0.157838763218275,3.07828608806154
1.57470238095238,0.265611744581702,0.291119412925064,0.157763269115322,3.07845214819907
1.57480158730159,0.265588731890054,0.291109114228909,0.157687811103909,3.07861818803593
1.57490079365079,0.265565721913423,0.291098810401034,0.157612389167336,3.07878420757705
1.575,0.265542714651194,0.291088501444566,0.157537003288909,3.07895020682735
1.57509920634921,0.265519710102752,0.29107818736263,0.157461653451939,3.07911618579177
1.57519841269841,0.265496708267481,0.291067868158353,0.157386339639742,3.07928214447523
1.57529761904762,0.265473709144769,0.291057543834856,0.15731106183564,3.07944808288265
1.57539682539683,0.265450712734001,0.291047214395262,0.157235820022961,3.07961400101896
1.57549603174603,0.265427719034563,0.291036879842693,0.15716061418504,3.07977989888908
1.57559523809524,0.265404728045844,0.291026540180267,0.157085444305215,3.07994577649793
1.57569444444444,0.26538173976723,0.291016195411104,0.15701031036683,3.08011163385042
1.57579365079365,0.26535875419811,0.291005845538321,0.156935212353238,3.08027747095148
1.57589285714286,0.265335771337873,0.290995490565034,0.156860150247792,3.08044328780601
1.57599206349206,0.265312791185908,0.290985130494357,0.156785124033856,3.08060908441893
1.57609126984127,0.265289813741604,0.290974765329405,0.156710133694797,3.08077486079516
1.57619047619048,0.265266839004352,0.29096439507329,0.156635179213986,3.0809406169396
1.57628968253968,0.265243866973542,0.290954019729123,0.156560260574805,3.08110635285716
1.57638888888889,0.265220897648566,0.290943639300014,0.156485377760636,3.08127206855275
1.5764880952381,0.265197931028816,0.290933253789071,0.156410530754869,3.08143776403127
1.5765873015873,0.265174967113682,0.290922863199403,0.1563357195409,3.08160343929763
1.57668650793651,0.265152005902559,0.290912467534116,0.156260944102131,3.08176909435673
1.57678571428571,0.265129047394839,0.290902066796314,0.156186204421967,3.08193472921348
1.57688492063492,0.265106091589916,0.290891660989102,0.156111500483822,3.08210034387276
1.57698412698413,0.265083138487184,0.290881250115583,0.156036832271114,3.08226593833949
1.57708333333333,0.265060188086037,0.290870834178857,0.155962199767266,3.08243151261855
1.57718253968254,0.26503724038587,0.290860413182024,0.155887602955707,3.08259706671484
1.57728174603175,0.26501429538608,0.290849987128185,0.155813041819874,3.08276260063325
1.57738095238095,0.264991353086063,0.290839556020436,0.155738516343206,3.08292811437868
1.57748015873016,0.264968413485214,0.290829119861875,0.15566402650915,3.08309360795602
1.57757936507936,0.264945476582931,0.290818678655595,0.155589572301157,3.08325908137015
1.57767857142857,0.264922542378611,0.290808232404693,0.155515153702685,3.08342453462596
1.57777777777778,0.264899610871653,0.290797781112259,0.155440770697198,3.08358996772833
1.57787698412698,0.264876682061455,0.290787324781387,0.155366423268164,3.08375538068216
1.57797619047619,0.264853755947416,0.290776863415166,0.155292111399058,3.08392077349231
1.5780753968254,0.264830832528936,0.290766397016686,0.15521783507336,3.08408614616369
1.5781746031746,0.264807911805415,0.290755925589034,0.155143594274555,3.08425149870115
1.57827380952381,0.264784993776252,0.290745449135298,0.155069388986136,3.08441683110958
1.57837301587302,0.264762078440849,0.290734967658562,0.154995219191598,3.08458214339386
1.57847222222222,0.264739165798609,0.290724481161912,0.154921084874445,3.08474743555886
1.57857142857143,0.264716255848931,0.29071398964843,0.154846986018185,3.08491270760945
1.57867063492064,0.26469334859122,0.290703493121198,0.154772922606332,3.08507795955051
1.57876984126984,0.264670444024878,0.290692991583296,0.154698894622405,3.0852431913869
1.57886904761905,0.264647542149308,0.290682485037805,0.15462490204993,3.0854084031235
1.57896825396825,0.264624642963914,0.290671973487802,0.154550944872438,3.08557359476517
1.57906746031746,0.264601746468102,0.290661456936365,0.154477023073465,3.08573876631677
1.57916666666667,0.264578852661275,0.290650935386568,0.154403136636553,3.08590391778317
1.57926587301587,0.264555961542839,0.290640408841487,0.15432928554525,3.08606904916923
1.57936507936508,0.2645330731122,0.290629877304195,0.15425546978311,3.08623416047982
1.57946428571429,0.264510187368765,0.290619340777763,0.15418168933369,3.08639925171978
1.57956349206349,0.26448730431194,0.290608799265264,0.154107944180557,3.08656432289398
1.5796626984127,0.264464423941133,0.290598252769765,0.15403423430728,3.08672937400728
1.5797619047619,0.264441546255751,0.290587701294337,0.153960559697436,3.08689440506453
1.57986111111111,0.264418671255204,0.290577144842045,0.153886920334605,3.08705941607057
1.57996031746032,0.264395798938899,0.290566583415957,0.153813316202376,3.08722440703027
1.58005952380952,0.264372929306246,0.290556017019136,0.153739747284341,3.08738937794847
1.58015873015873,0.264350062356656,0.290545445654646,0.153666213564098,3.08755432883002
1.58025793650794,0.264327198089537,0.290534869325549,0.153592715025252,3.08771925967977
1.58035714285714,0.264304336504302,0.290524288034907,0.153519251651413,3.08788417050256
1.58045634920635,0.264281477600361,0.290513701785779,0.153445823426195,3.08804906130324
1.58055555555556,0.264258621377127,0.290503110581225,0.15337243033322,3.08821393208664
1.58065476190476,0.264235767834011,0.2904925144243,0.153299072356115,3.08837878285761
1.58075396825397,0.264212916970427,0.290481913318062,0.153225749478512,3.08854361362099
1.58085317460317,0.264190068785787,0.290471307265566,0.153152461684048,3.08870842438161
1.58095238095238,0.264167223279505,0.290460696269864,0.153079208956368,3.08887321514431
1.58105158730159,0.264144380450996,0.290450080334011,0.153005991279121,3.08903798591393
1.58115079365079,0.264121540299675,0.290439459461056,0.152932808635961,3.08920273669529
1.58125,0.264098702824956,0.290428833654051,0.15285966101055,3.08936746749323
1.58134920634921,0.264075868026255,0.290418202916043,0.152786548386553,3.08953217831257
1.58144841269841,0.264053035902989,0.290407567250081,0.152713470747641,3.08969686915815
1.58154761904762,0.264030206454575,0.29039692665921,0.152640428077494,3.0898615400348
1.58164682539683,0.264007379680429,0.290386281146477,0.152567420359792,3.09002619094732
1.58174603174603,0.263984555579969,0.290375630714924,0.152494447578227,3.09019082190056
1.58184523809524,0.263961734152613,0.290364975367595,0.15242150971649,3.09035543289933
1.58194444444444,0.263938915397781,0.290354315107532,0.152348606758283,3.09052002394845
1.58204365079365,0.263916099314891,0.290343649937774,0.152275738687312,3.09068459505274
1.58214285714286,0.263893285903363,0.29033297986136,0.152202905487286,3.09084914621702
1.58224206349206,0.263870475162617,0.290322304881329,0.152130107141924,3.09101367744609
1.58234126984127,0.263847667092073,0.290311625000716,0.152057343634948,3.09117818874479
1.58244047619048,0.263824861691154,0.290300940222558,0.151984614950086,3.09134268011791
1.58253968253968,0.26380205895928,0.290290250549889,0.151911921071071,3.09150715157028
1.58263888888889,0.263779258895873,0.290279555985741,0.151839261981644,3.09167160310669
1.5827380952381,0.263756461500357,0.290268856533145,0.151766637665549,3.09183603473196
1.5828373015873,0.263733666772154,0.290258152195134,0.151694048106537,3.0920004464509
1.58293650793651,0.263710874710688,0.290247442974735,0.151621493288365,3.0921648382683
1.58303571428571,0.263688085315383,0.290236728874978,0.151548973194793,3.09232921018897
1.58313492063492,0.263665298585664,0.290226009898888,0.151476487809591,3.09249356221771
1.58323412698413,0.263642514520955,0.290215286049491,0.151404037116531,3.09265789435933
1.58333333333333,0.263619733120683,0.290204557329812,0.151331621099391,3.09282220661862
1.58343253968254,0.263596954384273,0.290193823742874,0.151259239741958,3.09298649900037
1.58353174603175,0.263574178311151,0.290183085291699,0.15118689302802,3.09315077150939
1.58363095238095,0.263551404900746,0.290172341979307,0.151114580941374,3.09331502415046
1.58373015873016,0.263528634152484,0.290161593808719,0.151042303465821,3.09347925692839
1.58382936507936,0.263505866065793,0.290150840782951,0.150970060585168,3.09364346984795
1.58392857142857,0.263483100640102,0.290140082905022,0.150897852283228,3.09380766291394
1.58402777777778,0.26346033787484,0.290129320177947,0.150825678543819,3.09397183613115
1.58412698412698,0.263437577769436,0.29011855260474,0.150753539350766,3.09413598950436
1.58422619047619,0.263414820323321,0.290107780188416,0.150681434687897,3.09430012303836
1.5843253968254,0.263392065535925,0.290097002931986,0.150609364539048,3.09446423673792
1.5844246031746,0.263369313406678,0.290086220838461,0.150537328888061,3.09462833060784
1.58452380952381,0.263346563935013,0.290075433910851,0.150465327718781,3.09479240465289
1.58462301587302,0.263323817120361,0.290064642152164,0.15039336101506,3.09495645887785
1.58472222222222,0.263301072962154,0.290053845565407,0.150321428760757,3.09512049328749
1.58482142857143,0.263278331459827,0.290043044153587,0.150249530939736,3.09528450788659
1.58492063492063,0.263255592612811,0.290032237919709,0.150177667535864,3.09544850267993
1.58501984126984,0.263232856420541,0.290021426866775,0.150105838533017,3.09561247767228
1.58511904761905,0.263210122882451,0.290010610997789,0.150034043915075,3.0957764328684
1.58521825396825,0.263187391997977,0.289999790315752,0.149962283665925,3.09594036827307
1.58531746031746,0.263164663766553,0.289988964823662,0.149890557769458,3.09610428389105
1.58541666666667,0.263141938187615,0.28997813452452,0.14981886620957,3.09626817972711
1.58551587301587,0.263119215260601,0.289967299421322,0.149747208970166,3.09643205578601
1.58561507936508,0.263096494984946,0.289956459517066,0.149675586035153,3.09659591207252
1.58571428571429,0.263073777360089,0.289945614814745,0.149603997388446,3.09675974859139
1.58581349206349,0.263051062385466,0.289934765317353,0.149532443013965,3.0969235653474
1.5859126984127,0.263028350060516,0.289923911027884,0.149460922895635,3.09708736234528
1.5860119047619,0.263005640384679,0.289913051949328,0.149389437017387,3.09725113958981
1.58611111111111,0.262982933357392,0.289902188084676,0.149317985363158,3.09741489708574
1.58621031746032,0.262960228978098,0.289891319436917,0.14924656791689,3.09757863483781
1.58630952380952,0.262937527246234,0.289880446009038,0.149175184662532,3.09774235285079
1.58640873015873,0.262914828161243,0.289869567804025,0.149103835584037,3.09790605112942
1.58650793650794,0.262892131722565,0.289858684824865,0.149032520665364,3.09806972967844
1.58660714285714,0.262869437929643,0.289847797074541,0.148961239890478,3.09823338850262
1.58670634920635,0.262846746781918,0.289836904556035,0.14888999324335,3.09839702760669
1.58680555555556,0.262824058278834,0.28982600727233,0.148818780707956,3.09856064699539
1.58690476190476,0.262801372419833,0.289815105226405,0.148747602268278,3.09872424667348
1.58700396825397,0.26277868920436,0.289804198421241,0.148676457908303,3.09888782664569
1.58710317460317,0.262756008631858,0.289793286859814,0.148605347612025,3.09905138691675
1.58720238095238,0.262733330701773,0.289782370545101,0.148534271363442,3.09921492749142
1.58730158730159,0.262710655413549,0.289771449480079,0.148463229146558,3.09937844837442
1.58740079365079,0.262687982766632,0.28976052366772,0.148392220945384,3.09954194957048
1.5875,0.262665312760469,0.289749593110999,0.148321246743935,3.09970543108435
1.58759920634921,0.262642645394506,0.289738657812886,0.148250306526233,3.09986889292076
1.58769841269841,0.26261998066819,0.289727717776353,0.148179400276304,3.10003233508442
1.58779761904762,0.262597318580969,0.289716773004369,0.148108527978182,3.10019575758008
1.58789682539683,0.262574659132291,0.289705823499902,0.148037689615903,3.10035916041246
1.58799603174603,0.262552002321605,0.289694869265919,0.147966885173513,3.10052254358629
1.58809523809524,0.26252934814836,0.289683910305385,0.147896114635061,3.10068590710628
1.58819444444444,0.262506696612005,0.289672946621265,0.147825377984601,3.10084925097716
1.58829365079365,0.262484047711991,0.289661978216522,0.147754675206195,3.10101257520366
1.58839285714286,0.262461401447769,0.289651005094118,0.147684006283908,3.10117587979049
1.58849206349206,0.262438757818789,0.289640027257015,0.147613371201814,3.10133916474236
1.58859126984127,0.262416116824502,0.289629044708171,0.147542769943989,3.101502430064
1.58869047619048,0.262393478464362,0.289618057450544,0.147472202494518,3.10166567576012
1.58878968253968,0.262370842737821,0.289607065487093,0.147401668837488,3.10182890183543
1.58888888888889,0.262348209644331,0.289596068820773,0.147331168956994,3.10199210829465
1.5889880952381,0.262325579183347,0.289585067454538,0.147260702837138,3.10215529514248
1.5890873015873,0.262302951354322,0.289574061391342,0.147190270462024,3.10231846238363
1.58918650793651,0.262280326156711,0.289563050634137,0.147119871815764,3.10248161002281
1.58928571428571,0.262257703589969,0.289552035185875,0.147049506882475,3.10264473806472
1.58938492063492,0.262235083653551,0.289541015049504,0.14697917564628,3.10280784651407
1.58948412698413,0.262212466346914,0.289529990227974,0.146908878091308,3.10297093537556
1.58958333333333,0.262189851669514,0.289518960724232,0.146838614201692,3.10313400465389
1.58968253968254,0.262167239620808,0.289507926541223,0.146768383961573,3.10329705435376
1.58978174603175,0.262144630200254,0.289496887681894,0.146698187355094,3.10346008447987
1.58988095238095,0.262122023407309,0.289485844149187,0.146628024366408,3.10362309503691
1.58998015873016,0.262099419241432,0.289474795946045,0.146557894979672,3.10378608602957
1.59007936507936,0.262076817702082,0.289463743075409,0.146487799179046,3.10394905746256
1.59017857142857,0.262054218788719,0.289452685540219,0.1464177369487,3.10411200934056
1.59027777777778,0.262031622500802,0.289441623343415,0.146347708272806,3.10427494166826
1.59037698412698,0.262009028837791,0.289430556487932,0.146277713135544,3.10443785445034
1.59047619047619,0.261986437799149,0.289419484976708,0.146207751521099,3.10460074769151
1.5905753968254,0.261963849384336,0.289408408812679,0.14613782341366,3.10476362139643
1.5906746031746,0.261941263592814,0.289397327998777,0.146067928797425,3.1049264755698
1.59077380952381,0.261918680424045,0.289386242537935,0.145998067656594,3.10508931021629
1.59087301587302,0.261896099877493,0.289375152433085,0.145928239975376,3.10525212534059
1.59097222222222,0.261873521952621,0.289364057687157,0.145858445737983,3.10541492094737
1.59107142857143,0.261850946648892,0.289352958303081,0.145788684928633,3.10557769704132
1.59117063492063,0.261828373965772,0.289341854283783,0.145718957531551,3.1057404536271
1.59126984126984,0.261805803902724,0.28933074563219,0.145649263530967,3.1059031907094
1.59136904761905,0.261783236459215,0.289319632351228,0.145579602911116,3.10606590829288
1.59146825396825,0.26176067163471,0.289308514443821,0.14550997565624,3.10622860638222
1.59156746031746,0.261738109428675,0.289297391912891,0.145440381750585,3.10639128498208
1.59166666666667,0.261715549840578,0.28928626476136,0.145370821178404,3.10655394409714
1.59176587301587,0.261692992869885,0.28927513299215,0.145301293923954,3.10671658373205
1.59186507936508,0.261670438516065,0.289263996608178,0.145231799971501,3.10687920389149
1.59196428571429,0.261647886778586,0.289252855612362,0.145162339305312,3.10704180458012
1.59206349206349,0.261625337656916,0.289241710007621,0.145092911909662,3.1072043858026
1.5921626984127,0.261602791150526,0.289230559796868,0.145023517768833,3.10736694756359
1.5922619047619,0.261580247258884,0.289219404983019,0.144954156867111,3.10752948986774
1.59236111111111,0.26155770598146,0.289208245568987,0.144884829188788,3.10769201271972
1.59246031746032,0.261535167317727,0.289197081557683,0.144815534718161,3.10785451612418
1.59255952380952,0.261512631267154,0.289185912952018,0.144746273439533,3.10801700008578
1.59265873015873,0.261490097829214,0.289174739754901,0.144677045337213,3.10817946460917
1.59275793650794,0.261467567003379,0.289163561969241,0.144607850395515,3.10834190969899
1.59285714285714,0.261445038789122,0.289152379597945,0.14453868859876,3.1085043353599
1.59295634920635,0.261422513185915,0.289141192643918,0.144469559931274,3.10866674159654
1.59305555555556,0.261399990193233,0.289130001110065,0.144400464377387,3.10882912841357
1.59315476190476,0.26137746981055,0.289118804999289,0.144331401921437,3.10899149581562
1.59325396825397,0.261354952037341,0.289107604314492,0.144262372547766,3.10915384380734
1.59335317460317,0.26133243687308,0.289096399058575,0.144193376240723,3.10931617239337
1.59345238095238,0.261309924317243,0.289085189234439,0.144124412984662,3.10947848157836
1.59355158730159,0.261287414369307,0.28907397484498,0.144055482763941,3.10964077136693
1.59365079365079,0.261264907028748,0.289062755893097,0.143986585562927,3.10980304176373
1.59375,0.261242402295044,0.289051532381685,0.14391772136599,3.10996529277339
1.59384920634921,0.261219900167671,0.289040304313639,0.143848890157506,3.11012752440054
1.59394841269841,0.261197400646108,0.289029071691852,0.143780091921858,3.11028973664982
1.59404761904762,0.261174903729834,0.289017834519218,0.143711326643433,3.11045192952586
1.59414682539683,0.261152409418328,0.289006592798626,0.143642594306625,3.11061410303329
1.59424603174603,0.26112991771107,0.288995346532967,0.143573894895832,3.11077625717673
1.59434523809524,0.261107428607539,0.28898409572513,0.14350522839546,3.11093839196081
1.59444444444444,0.261084942107216,0.288972840378001,0.143436594789919,3.11110050739015
1.59454365079365,0.261062458209582,0.288961580494468,0.143367994063624,3.11126260346939
1.59464285714286,0.26103997691412,0.288950316077414,0.143299426200997,3.11142468020313
1.59474206349206,0.261017498220309,0.288939047129724,0.143230891186465,3.111586737596
1.59484126984127,0.260995022127635,0.28892777365428,0.143162389004462,3.11174877565262
1.59494047619048,0.260972548635579,0.288916495653964,0.143093919639425,3.11191079437761
1.59503968253968,0.260950077743624,0.288905213131655,0.143025483075799,3.11207279377557
1.59513888888889,0.260927609451256,0.288893926090233,0.142957079298033,3.11223477385112
1.5952380952381,0.260905143757959,0.288882634532575,0.142888708290583,3.11239673460888
1.5953373015873,0.260882680663217,0.288871338461557,0.14282037003791,3.11255867605346
1.59543650793651,0.260860220166516,0.288860037880055,0.14275206452448,3.11272059818946
1.59553571428571,0.260837762267342,0.288848732790942,0.142683791734766,3.11288250102149
1.59563492063492,0.260815306965181,0.288837423197092,0.142615551653246,3.11304438455415
1.59573412698413,0.260792854259521,0.288826109101375,0.142547344264403,3.11320624879206
1.59583333333333,0.260770404149849,0.288814790506662,0.142479169552726,3.11336809373982
1.59593253968254,0.260747956635653,0.288803467415823,0.142411027502711,3.11352991940201
1.59603174603175,0.260725511716422,0.288792139831725,0.142342918098857,3.11369172578326
1.59613095238095,0.260703069391643,0.288780807757234,0.142274841325671,3.11385351288814
1.59623015873016,0.260680629660808,0.288769471195216,0.142206797167665,3.11401528072127
1.59632936507937,0.260658192523405,0.288758130148535,0.142138785609356,3.11417702928723
1.59642857142857,0.260635757978925,0.288746784620054,0.142070806635267,3.11433875859061
1.59652777777778,0.260613326026859,0.288735434612635,0.142002860229927,3.11450046863602
1.59662698412698,0.260590896666699,0.288724080129138,0.141934946377869,3.11466215942804
1.59672619047619,0.260568469897936,0.288712721172423,0.141867065063635,3.11482383097125
1.5968253968254,0.260546045720063,0.288701357745348,0.141799216271769,3.11498548327025
1.5969246031746,0.260523624132572,0.288689989850768,0.141731399986823,3.11514711632962
1.59702380952381,0.260501205134958,0.288678617491541,0.141663616193354,3.11530873015395
1.59712301587302,0.260478788726713,0.288667240670521,0.141595864875923,3.11547032474782
1.59722222222222,0.260456374907332,0.28865585939056,0.1415281460191,3.1156319001158
1.59732142857143,0.26043396367631,0.28864447365451,0.141460459607458,3.11579345626248
1.59742063492064,0.260411555033142,0.288633083465223,0.141392805625576,3.11595499319244
1.59751984126984,0.260389148977325,0.288621688825548,0.141325184058039,3.11611651091025
1.59761904761905,0.260366745508354,0.288610289738332,0.141257594889439,3.11627800942049
1.59771825396825,0.260344344625726,0.288598886206424,0.141190038104371,3.11643948872772
1.59781746031746,0.260321946328939,0.288587478232669,0.141122513687437,3.11660094883653
1.59791666666667,0.26029955061749,0.288576065819911,0.141055021623245,3.11676238975148
1.59801587301587,0.260277157490877,0.288564648970993,0.140987561896409,3.11692381147714
1.59811507936508,0.2602547669486,0.288553227688759,0.140920134491546,3.11708521401808
1.59821428571429,0.260232378990158,0.288541801976049,0.140852739393282,3.11724659737886
1.59831349206349,0.26020999361505,0.288530371835703,0.140785376586246,3.11740796156405
1.5984126984127,0.260187610822777,0.288518937270558,0.140718046055075,3.11756930657821
1.5985119047619,0.260165230612839,0.288507498283453,0.14065074778441,3.1177306324259
1.59861111111111,0.260142852984737,0.288496054877224,0.140583481758897,3.11789193911167
1.59871031746032,0.260120477937974,0.288484607054705,0.140516247963191,3.1180532266401
1.59880952380952,0.260098105472052,0.288473154818729,0.140449046381947,3.11821449501572
1.59890873015873,0.260075735586472,0.28846169817213,0.140381876999832,3.1183757442431
1.59900793650794,0.260053368280739,0.288450237117738,0.140314739801515,3.1185369743268
1.59910714285714,0.260031003554356,0.288438771658384,0.14024763477167,3.11869818527135
1.59920634920635,0.260008641406828,0.288427301796895,0.140180561894978,3.11885937708132
1.59930555555556,0.259986281837658,0.2884158275361,0.140113521156127,3.11902054976124
1.59940476190476,0.259963924846353,0.288404348878825,0.140046512539807,3.11918170331567
1.59950396825397,0.259941570432417,0.288392865827894,0.139979536030718,3.11934283774916
1.59960317460317,0.259919218595357,0.288381378386132,0.139912591613562,3.11950395306624
1.59970238095238,0.259896869334679,0.288369886556361,0.139845679273049,3.11966504927145
1.59980158730159,0.259874522649891,0.288358390341403,0.139778798993892,3.11982612636935
1.59990079365079,0.259852178540501,0.288346889744078,0.139711950760814,3.11998718436446
1.6,0.259829837006015,0.288335384767203,0.139645134558538,3.12014822326133
1.60009920634921,0.259807498045944,0.288323875413599,0.139578350371798,3.12030924306448
1.60019841269841,0.259785161659796,0.28831236168608,0.13951159818533,3.12047024377847
1.60029761904762,0.25976282784708,0.288300843587462,0.139444877983877,3.12063122540781
1.60039682539683,0.259740496607307,0.288289321120559,0.139378189752188,3.12079218795704
1.60049603174603,0.259718167939987,0.288277794288184,0.139311533475017,3.12095313143068
1.60059523809524,0.259695841844632,0.288266263093148,0.139244909137123,3.12111405583328
1.60069444444444,0.259673518320752,0.288254727538262,0.139178316723273,3.12127496116935
1.60079365079365,0.25965119736786,0.288243187626335,0.139111756218236,3.12143584744341
1.60089285714286,0.259628878985469,0.288231643360175,0.139045227606791,3.12159671466
1.60099206349206,0.25960656317309,0.288220094742588,0.138978730873719,3.12175756282363
1.60109126984127,0.259584249930239,0.28820854177638,0.138912266003808,3.12191839193882
1.60119047619048,0.259561939256429,0.288196984464356,0.138845832981852,3.1220792020101
1.60128968253968,0.259539631151174,0.288185422809318,0.13877943179265,3.12223999304198
1.60138888888889,0.25951732561399,0.288173856814067,0.138713062421007,3.12240076503897
1.6014880952381,0.259495022644392,0.288162286481406,0.138646724851733,3.1225615180056
1.6015873015873,0.259472722241895,0.288150711814132,0.138580419069645,3.12272225194636
1.60168650793651,0.259450424406017,0.288139132815044,0.138514145059564,3.12288296686578
1.60178571428571,0.259428129136273,0.28812754948694,0.138447902806319,3.12304366276837
1.60188492063492,0.259405836432183,0.288115961832614,0.138381692294741,3.12320433965862
1.60198412698413,0.259383546293263,0.288104369854861,0.13831551350967,3.12336499754105
1.60208333333333,0.259361258719033,0.288092773556474,0.138249366435951,3.12352563642017
1.60218253968254,0.25933897370901,0.288081172940246,0.138183251058432,3.12368625630047
1.60228174603175,0.259316691262714,0.288069568008967,0.13811716736197,3.12384685718645
1.60238095238095,0.259294411379666,0.288057958765427,0.138051115331426,3.12400743908263
1.60248015873016,0.259272134059386,0.288046345212414,0.137985094951666,3.12416800199349
1.60257936507937,0.259249859301394,0.288034727352715,0.137919106207564,3.12432854592353
1.60267857142857,0.259227587105211,0.288023105189116,0.137853149083998,3.12448907087725
1.60277777777778,0.259205317470361,0.288011478724402,0.137787223565851,3.12464957685915
1.60287698412698,0.259183050396365,0.287999847961356,0.137721329638014,3.12481006387371
1.60297619047619,0.259160785882746,0.287988212902761,0.137655467285379,3.12497053192542
1.6030753968254,0.259138523929027,0.287976573551397,0.13758963649285,3.12513098101878
1.6031746031746,0.259116264534732,0.287964929910044,0.137523837245332,3.12529141115828
1.60327380952381,0.259094007699385,0.287953281981482,0.137458069527736,3.12545182234839
1.60337301587302,0.259071753422512,0.287941629768486,0.137392333324982,3.1256122145936
1.60347222222222,0.259049501703638,0.287929973273833,0.137326628621991,3.12577258789841
1.60357142857143,0.259027252542287,0.287918312500299,0.137260955403693,3.12593294226728
1.60367063492064,0.259005005937988,0.287906647450657,0.137195313655023,3.1260932777047
1.60376984126984,0.258982761890266,0.287894978127678,0.13712970336092,3.12625359421514
1.60386904761905,0.258960520398648,0.287883304534136,0.137064124506331,3.12641389180309
1.60396825396825,0.258938281462663,0.287871626672798,0.136998577076206,3.12657417047302
1.60406746031746,0.258916045081838,0.287859944546435,0.136933061055504,3.1267344302294
1.60416666666667,0.258893811255703,0.287848258157814,0.136867576429186,3.1268946710767
1.60426587301587,0.258871579983787,0.287836567509701,0.136802123182222,3.12705489301941
1.60436507936508,0.258849351265619,0.287824872604862,0.136736701299584,3.12721509606197
1.60446428571429,0.25882712510073,0.287813173446059,0.136671310766254,3.12737528020887
1.60456349206349,0.25880490148865,0.287801470036056,0.136605951567215,3.12753544546456
1.6046626984127,0.25878268042891,0.287789762377614,0.13654062368746,3.12769559183352
1.6047619047619,0.258760461921043,0.287778050473494,0.136475327111983,3.12785571932021
1.60486111111111,0.25873824596458,0.287766334326455,0.136410061825789,3.12801582792908
1.60496031746032,0.258716032559054,0.287754613939253,0.136344827813885,3.12817591766459
1.60505952380952,0.258693821703998,0.287742889314647,0.136279625061283,3.12833598853121
1.60515873015873,0.258671613398946,0.28773116045539,0.136214453553004,3.1284960405334
1.60525793650794,0.258649407643432,0.287719427364238,0.136149313274071,3.1286560736756
1.60535714285714,0.258627204436991,0.287707690043942,0.136084204209517,3.12881608796227
1.60545634920635,0.258605003779157,0.287695948497256,0.136019126344375,3.12897608339786
1.60555555555556,0.258582805669467,0.287684202726929,0.135954079663688,3.12913605998682
1.60565476190476,0.258560610107456,0.28767245273571,0.135889064152504,3.12929601773361
1.60575396825397,0.258538417092662,0.287660698526347,0.135824079795875,3.12945595664266
1.60585317460317,0.25851622662462,0.287648940101587,0.135759126578859,3.12961587671843
1.60595238095238,0.25849403870287,0.287637177464176,0.135694204486522,3.12977577796536
1.60605158730159,0.258471853326948,0.287625410616859,0.135629313503933,3.12993566038789
1.60615079365079,0.258449670496394,0.287613639562377,0.135564453616167,3.13009552399046
1.60625,0.258427490210746,0.287601864303473,0.135499624808305,3.13025536877752
1.60634920634921,0.258405312469544,0.287590084842888,0.135434827065435,3.13041519475349
1.60644841269841,0.258383137272329,0.28757830118336,0.135370060372648,3.13057500192283
1.60654761904762,0.258360964618639,0.287566513327629,0.135305324715044,3.13073479028995
1.60664682539683,0.258338794508018,0.287554721278432,0.135240620077724,3.1308945598593
1.60674603174603,0.258316626940006,0.287542925038503,0.135175946445799,3.1310543106353
1.60684523809524,0.258294461914145,0.287531124610577,0.135111303804384,3.1312140426224
1.60694444444444,0.258272299429977,0.287519319997389,0.135046692138599,3.131373755825
1.60704365079365,0.258250139487046,0.287507511201669,0.13498211143357,3.13153345024756
1.60714285714286,0.258227982084895,0.287495698226149,0.13491756167443,3.13169312589448
1.60724206349206,0.258205827223069,0.287483881073559,0.134853042846315,3.13185278277019
1.60734126984127,0.258183674901111,0.287472059746626,0.13478855493437,3.13201242087912
1.60744047619048,0.258161525118566,0.287460234248079,0.134724097923742,3.13217204022568
1.60753968253968,0.258139377874981,0.287448404580642,0.134659671799586,3.1323316408143
1.60763888888889,0.2581172331699,0.287436570747041,0.134595276547063,3.13249122264939
1.6077380952381,0.25809509100287,0.28742473275,0.134530912151337,3.13265078573538
1.6078373015873,0.258072951373439,0.28741289059224,0.13446657859758,3.13281033007666
1.60793650793651,0.258050814281154,0.287401044276482,0.134402275870969,3.13296985567767
1.60803571428571,0.258028679725562,0.287389193805447,0.134338003956688,3.1331293625428
1.60813492063492,0.258006547706212,0.287377339181854,0.134273762839922,3.13328885067647
1.60823412698413,0.257984418222653,0.287365480408419,0.134209552505868,3.1334483200831
1.60833333333333,0.257962291274434,0.287353617487858,0.134145372939725,3.13360777076707
1.60843253968254,0.257940166861105,0.287341750422888,0.134081224126696,3.13376720273281
1.60853174603175,0.257918044982217,0.28732987921622,0.134017106051994,3.13392661598471
1.60863095238095,0.25789592563732,0.287318003870569,0.133953018700835,3.13408601052717
1.60873015873016,0.257873808825966,0.287306124388645,0.13388896205844,3.1342453863646
1.60882936507936,0.257851694547706,0.287294240773159,0.133824936110038,3.1344047435014
1.60892857142857,0.257829582802093,0.287282353026818,0.133760940840861,3.13456408194196
1.60902777777778,0.257807473588679,0.287270461152332,0.133696976236149,3.13472340169069
1.60912698412698,0.257785366907019,0.287258565152406,0.133633042281147,3.13488270275196
1.60922619047619,0.257763262756665,0.287246665029745,0.133569138961104,3.13504198513019
1.6093253968254,0.257741161137172,0.287234760787054,0.133505266261276,3.13520124882975
1.6094246031746,0.257719062048095,0.287222852427034,0.133441424166926,3.13536049385504
1.60952380952381,0.257696965488989,0.287210939952389,0.133377612663319,3.13551972021045
1.60962301587302,0.25767487145941,0.287199023365817,0.13331383173573,3.13567892790037
1.60972222222222,0.257652779958914,0.287187102670018,0.133250081369436,3.13583811692917
1.60982142857143,0.257630690987058,0.28717517786769,0.133186361549721,3.13599728730124
1.60992063492064,0.257608604543399,0.28716324896153,0.133122672261875,3.13615643902097
1.61001984126984,0.257586520627495,0.287151315954232,0.133059013491194,3.13631557209274
1.61011904761905,0.257564439238904,0.287139378848492,0.132995385222978,3.13647468652091
1.61021825396825,0.257542360377184,0.287127437647002,0.132931787442535,3.13663378230988
1.61031746031746,0.257520284041896,0.287115492352453,0.132868220135175,3.13679285946402
1.61041666666667,0.257498210232598,0.287103542967536,0.132804683286218,3.1369519179877
1.61051587301587,0.257476138948851,0.287091589494941,0.132741176880987,3.1371109578853
1.61061507936508,0.257454070190215,0.287079631937356,0.13267770090481,3.13726997916118
1.61071428571429,0.257432003956252,0.287067670297467,0.132614255343023,3.13742898181972
1.61081349206349,0.257409940246524,0.28705570457796,0.132550840180967,3.13758796586528
1.6109126984127,0.257387879060592,0.28704373478152,0.132487455403986,3.13774693130223
1.6110119047619,0.257365820398019,0.287031760910829,0.132424100997434,3.13790587813493
1.61111111111111,0.257343764258368,0.287019782968569,0.132360776946667,3.13806480636776
1.61121031746032,0.257321710641204,0.287007800957422,0.132297483237048,3.13822371600507
1.61130952380952,0.257299659546089,0.286995814880067,0.132234219853946,3.13838260705121
1.61140873015873,0.257277610972589,0.286983824739182,0.132170986782735,3.13854147951056
1.61150793650794,0.257255564920268,0.286971830537444,0.132107784008795,3.13870033338747
1.61160714285714,0.257233521388693,0.286959832277529,0.132044611517512,3.13885916868628
1.61170634920635,0.25721148037743,0.286947829962111,0.131981469294277,3.13901798541137
1.61180555555556,0.257189441886044,0.286935823593864,0.131918357324486,3.13917678356707
1.61190476190476,0.257167405914103,0.286923813175461,0.131855275593542,3.13933556315775
1.61200396825397,0.257145372461175,0.286911798709571,0.131792224086854,3.13949432418774
1.61210317460317,0.257123341526828,0.286899780198866,0.131729202789834,3.1396530666614
1.61220238095238,0.25710131311063,0.286887757646012,0.131666211687903,3.13981179058308
1.61230158730159,0.25707928721215,0.286875731053678,0.131603250766485,3.13997049595712
1.61240079365079,0.257057263830957,0.28686370042453,0.131540320011011,3.14012918278786
1.6125,0.257035242966623,0.286851665761232,0.131477419406917,3.14028785107964
1.61259920634921,0.257013224618716,0.286839627066448,0.131414548939645,3.14044650083681
1.61269841269841,0.256991208786809,0.28682758434284,0.131351708594642,3.1406051320637
1.61279761904762,0.256969195470473,0.28681553759307,0.131288898357363,3.14076374476465
1.61289682539683,0.256947184669279,0.286803486819797,0.131226118213265,3.140922338944
1.61299603174603,0.256925176382801,0.286791432025681,0.131163368147813,3.14108091460607
1.61309523809524,0.25690317061061,0.286779373213378,0.131100648146477,3.14123947175521
1.61319444444444,0.256881167352282,0.286767310385545,0.131037958194734,3.14139801039574
1.61329365079365,0.256859166607389,0.286755243544838,0.130975298278064,3.14155653053199
1.61339285714286,0.256837168375505,0.286743172693908,0.130912668381953,3.1417150321683
1.61349206349206,0.256815172656207,0.286731097835411,0.130850068491897,3.14187351530897
1.61359126984127,0.256793179449069,0.286719018971996,0.130787498593391,3.14203197995835
1.61369047619048,0.256771188753667,0.286706936106314,0.13072495867194,3.14219042612076
1.61378968253968,0.256749200569578,0.286694849241014,0.130662448713054,3.1423488538005
1.61388888888889,0.256727214896379,0.286682758378743,0.130599968702249,3.14250726300192
1.6139880952381,0.256705231733646,0.286670663522149,0.130537518625044,3.14266565372931
1.6140873015873,0.256683251080958,0.286658564673875,0.130475098466966,3.14282402598701
1.61418650793651,0.256661272937893,0.286646461836568,0.130412708213547,3.14298237977932
1.61428571428571,0.25663929730403,0.286634355012868,0.130350347850326,3.14314071511057
1.61438492063492,0.256617324178949,0.286622244205418,0.130288017362845,3.14329903198505
1.61448412698413,0.256595353562229,0.286610129416858,0.130225716736654,3.14345733040709
1.61458333333333,0.25657338545345,0.286598010649827,0.130163445957307,3.14361561038098
1.61468253968254,0.256551419852194,0.286585887906963,0.130101205010365,3.14377387191105
1.61478174603175,0.256529456758041,0.286573761190904,0.130038993881392,3.14393211500159
1.61488095238095,0.256507496170574,0.286561630504283,0.129976812555962,3.14409033965691
1.61498015873016,0.256485538089374,0.286549495849736,0.129914661019651,3.14424854588132
1.61507936507936,0.256463582514025,0.286537357229896,0.129852539258042,3.1444067336791
1.61517857142857,0.25644162944411,0.286525214647394,0.129790447256724,3.14456490305457
1.61527777777778,0.256419678879213,0.286513068104862,0.12972838500129,3.14472305401203
1.61537698412698,0.256397730818917,0.286500917604927,0.129666352477341,3.14488118655576
1.61547619047619,0.256375785262808,0.286488763150219,0.129604349670482,3.14503930069006
1.6155753968254,0.256353842210471,0.286476604743365,0.129542376566323,3.14519739641923
1.6156746031746,0.256331901661492,0.286464442386989,0.129480433150482,3.14535547374756
1.61577380952381,0.256309963615456,0.286452276083718,0.129418519408581,3.14551353267934
1.61587301587302,0.256288028071951,0.286440105836172,0.129356635326247,3.14567157321885
1.61597222222222,0.256266095030563,0.286427931646976,0.129294780889115,3.1458295953704
1.61607142857143,0.256244164490881,0.28641575351875,0.129232956082824,3.14598759913825
1.61617063492063,0.256222236452493,0.286403571454112,0.129171160893018,3.1461455845267
1.61626984126984,0.256200310914987,0.286391385455683,0.129109395305348,3.14630355154003
1.61636904761905,0.256178387877953,0.286379195526077,0.12904765930547,3.14646150018251
1.61646825396825,0.256156467340979,0.286367001667913,0.128985952879045,3.14661943045844
1.61656746031746,0.256134549303657,0.286354803883804,0.128924276011743,3.14677734237208
1.61666666666667,0.256112633765577,0.286342602176363,0.128862628689234,3.14693523592772
1.61676587301587,0.256090720726331,0.286330396548204,0.128801010897198,3.14709311112963
1.61686507936508,0.256068810185509,0.286318187001936,0.12873942262132,3.14725096798207
1.61696428571429,0.256046902142703,0.286305973540171,0.128677863847289,3.14740880648933
1.61706349206349,0.256024996597508,0.286293756165515,0.1286163345608,3.14756662665568
1.6171626984127,0.256003093549515,0.286281534880578,0.128554834747556,3.14772442848537
1.6172619047619,0.255981192998318,0.286269309687964,0.128493364393263,3.14788221198269
1.61736111111111,0.255959294943511,0.286257080590279,0.128431923483633,3.14803997715189
1.61746031746032,0.255937399384689,0.286244847590126,0.128370512004385,3.14819772399724
1.61755952380952,0.255915506321448,0.286232610690109,0.128309129941242,3.14835545252301
1.61765873015873,0.255893615753381,0.286220369892827,0.128247777279934,3.14851316273344
1.61775793650794,0.255871727680087,0.286208125200882,0.128186454006196,3.14867085463281
1.61785714285714,0.25584984210116,0.286195876616871,0.128125160105768,3.14882852822537
1.61795634920635,0.255827959016198,0.286183624143393,0.128063895564397,3.14898618351537
1.61805555555556,0.2558060784248,0.286171367783043,0.128002660367835,3.14914382050708
1.61815476190476,0.255784200326561,0.286159107538418,0.127941454501839,3.14930143920474
1.61825396825397,0.255762324721083,0.28614684341211,0.127880277952174,3.1494590396126
1.61835317460317,0.255740451607962,0.286134575406713,0.127819130704606,3.14961662173492
1.61845238095238,0.255718580986799,0.286122303524818,0.127758012744912,3.14977418557595
1.61855158730159,0.255696712857193,0.286110027769015,0.127696924058871,3.14993173113993
1.61865079365079,0.255674847218746,0.286097748141893,0.127635864632269,3.1500892584311
1.61875,0.255652984071058,0.28608546464604,0.127574834450898,3.15024676745371
1.61884920634921,0.255631123413731,0.286073177284043,0.127513833500554,3.15040425821201
1.61894841269841,0.255609265246366,0.286060886058486,0.12745286176704,3.15056173071023
1.61904761904762,0.255587409568566,0.286048590971954,0.127391919236165,3.15071918495261
1.61914682539683,0.255565556379934,0.28603629202703,0.127331005893743,3.1508766209434
1.61924603174603,0.255543705680073,0.286023989226296,0.127270121725592,3.15103403868682
1.61934523809524,0.255521857468588,0.286011682572332,0.127209266717539,3.15119143818711
1.61944444444444,0.255500011745082,0.285999372067716,0.127148440855414,3.1513488194485
1.61954365079365,0.25547816850916,0.285987057715028,0.127087644125055,3.15150618247523
1.61964285714286,0.255456327760429,0.285974739516844,0.127026876512302,3.15166352727153
1.61974206349206,0.255434489498494,0.285962417475739,0.126966138003004,3.15182085384162
1.61984126984127,0.25541265372296,0.285950091594288,0.126905428583014,3.15197816218972
1.61994047619048,0.255390820433436,0.285937761875064,0.126844748238191,3.15213545232008
1.62003968253968,0.255368989629528,0.285925428320639,0.126784096954401,3.1522927242369
1.62013888888889,0.255347161310845,0.285913090933583,0.126723474717513,3.15244997794442
1.6202380952381,0.255325335476994,0.285900749716466,0.126662881513403,3.15260721344684
1.6203373015873,0.255303512127584,0.285888404671856,0.126602317327953,3.1527644307484
1.62043650793651,0.255281691262225,0.28587605580232,0.126541782147051,3.15292162985331
1.62053571428571,0.255259872880527,0.285863703110424,0.126481275956589,3.15307881076578
1.62063492063492,0.2552380569821,0.285851346598733,0.126420798742465,3.15323597349003
1.62073412698413,0.255216243566554,0.285838986269809,0.126360350490585,3.15339311803027
1.62083333333333,0.255194432633501,0.285826622126215,0.126299931186857,3.15355024439071
1.62093253968254,0.255172624182553,0.285814254170511,0.126239540817197,3.15370735257556
1.62103174603175,0.255150818213322,0.285801882405258,0.126179179367527,3.15386444258904
1.62113095238095,0.255129014725421,0.285789506833014,0.126118846823772,3.15402151443534
1.62123015873016,0.255107213718463,0.285777127456336,0.126058543171866,3.15417856811867
1.62132936507936,0.255085415192061,0.285764744277779,0.125998268397746,3.15433560364324
1.62142857142857,0.255063619145831,0.2857523572999,0.125938022487356,3.15449262101325
1.62152777777778,0.255041825579386,0.28573996652525,0.125877805426645,3.15464962023289
1.62162698412698,0.255020034492342,0.285727571956383,0.125817617201568,3.15480660130637
1.62172619047619,0.254998245884315,0.28571517359585,0.125757457798087,3.15496356423788
1.6218253968254,0.25497645975492,0.2857027714462,0.125697327202165,3.15512050903163
1.6219246031746,0.254954676103775,0.285690365509983,0.125637225399777,3.15527743569179
1.62202380952381,0.254932894930497,0.285677955789745,0.125577152376899,3.15543434422257
1.62212301587302,0.254911116234703,0.285665542288033,0.125517108119514,3.15559123462816
1.62222222222222,0.254889340016012,0.285653125007391,0.125457092613612,3.15574810691275
1.62232142857143,0.254867566274042,0.285640703950364,0.125397105845185,3.15590496108052
1.62242063492063,0.254845795008412,0.285628279119494,0.125337147800235,3.15606179713566
1.62251984126984,0.254824026218742,0.285615850517323,0.125277218464767,3.15621861508235
1.62261904761905,0.254802259904652,0.28560341814639,0.125217317824792,3.15637541492479
1.62271825396825,0.254780496065763,0.285590982009234,0.125157445866328,3.15653219666714
1.62281746031746,0.254758734701696,0.285578542108393,0.125097602575396,3.1566889603136
1.62291666666667,0.254736975812072,0.285566098446403,0.125037787938026,3.15684570586834
1.62301587301587,0.254715219396514,0.2855536510258,0.12497800194025,3.15700243333553
1.62311507936508,0.254693465454644,0.285541199849118,0.124918244568108,3.15715914271935
1.62321428571429,0.254671713986085,0.285528744918889,0.124858515807646,3.15731583402398
1.62331349206349,0.254649964990461,0.285516286237644,0.124798815644914,3.15747250725359
1.6234126984127,0.254628218467396,0.285503823807915,0.124739144065969,3.15762916241235
1.6235119047619,0.254606474416514,0.28549135763223,0.124679501056872,3.15778579950442
1.62361111111111,0.25458473283744,0.285478887713116,0.124619886603692,3.15794241853398
1.62371031746032,0.254562993729801,0.285466414053102,0.124560300692501,3.15809901950519
1.62380952380952,0.254541257093222,0.285453936654711,0.124500743309378,3.15825560242222
1.62390873015873,0.254519522927329,0.285441455520469,0.124441214440409,3.15841216728923
1.62400793650794,0.254497791231749,0.285428970652898,0.124381714071682,3.15856871411039
1.62410714285714,0.254476062006111,0.28541648205452,0.124322242189295,3.15872524288984
1.62420634920635,0.254454335250041,0.285403989727855,0.124262798779349,3.15888175363175
1.62430555555556,0.254432610963169,0.285391493675423,0.12420338382795,3.15903824634028
1.62440476190476,0.254410889145124,0.285378993899742,0.124143997321211,3.15919472101958
1.62450396825397,0.254389169795534,0.285366490403328,0.124084639245252,3.15935117767381
1.62460317460317,0.254367452914031,0.285353983188698,0.124025309586195,3.15950761630711
1.62470238095238,0.254345738500243,0.285341472258366,0.123966008330171,3.15966403692365
1.62480158730159,0.254324026553803,0.285328957614844,0.123906735463314,3.15982043952756
1.62490079365079,0.254302317074342,0.285316439260645,0.123847490971767,3.15997682412299
1.625,0.254280610061491,0.28530391719828,0.123788274841675,3.1601331907141
1.62509920634921,0.254258905514884,0.285291391430258,0.123729087059191,3.16028953930502
1.62519841269841,0.254237203434152,0.285278861959087,0.123669927610472,3.1604458698999
1.62529761904762,0.254215503818929,0.285266328787275,0.123610796481681,3.16060218250288
1.62539682539683,0.25419380666885,0.285253791917327,0.123551693658989,3.1607584771181
1.62549603174603,0.254172111983549,0.285241251351748,0.12349261912857,3.1609147537497
1.62559523809524,0.25415041976266,0.285228707093041,0.123433572876604,3.16107101240181
1.62569444444444,0.254128730005818,0.285216159143708,0.123374554889278,3.16122725307857
1.62579365079365,0.254107042712661,0.285203607506251,0.123315565152782,3.16138347578412
1.62589285714286,0.254085357882823,0.285191052183169,0.123256603653315,3.16153968052258
1.62599206349206,0.254063675515943,0.285178493176961,0.123197670377079,3.16169586729808
1.62609126984127,0.254041995611656,0.285165930490124,0.123138765310283,3.16185203611476
1.62619047619048,0.254020318169602,0.285153364125153,0.123079888439141,3.16200818697674
1.62628968253968,0.253998643189418,0.285140794084545,0.123021039749872,3.16216431988815
1.62638888888889,0.253976970670743,0.285128220370791,0.122962219228704,3.16232043485311
1.6264880952381,0.253955300613216,0.285115642986386,0.122903426861866,3.16247653187575
1.6265873015873,0.253933633016478,0.28510306193382,0.122844662635595,3.16263261096018
1.62668650793651,0.253911967880168,0.285090477215582,0.122785926536134,3.16278867211052
1.62678571428571,0.253890305203927,0.285077888834162,0.122727218549731,3.1629447153309
1.62688492063492,0.253868644987397,0.285065296792048,0.122668538662639,3.16310074062543
1.62698412698413,0.253846987230219,0.285052701091724,0.122609886861119,3.16325674799822
1.62708333333333,0.253825331932036,0.285040101735677,0.122551263131434,3.16341273745339
1.62718253968254,0.253803679092489,0.285027498726391,0.122492667459855,3.16356870899505
1.62728174603175,0.253782028711224,0.285014892066347,0.122434099832659,3.16372466262731
1.62738095238095,0.253760380787882,0.285002281758028,0.122375560236128,3.16388059835427
1.62748015873016,0.253738735322109,0.284989667803913,0.122317048656549,3.16403651618006
1.62757936507937,0.253717092313548,0.284977050206481,0.122258565080215,3.16419241610876
1.62767857142857,0.253695451761846,0.284964428968211,0.122200109493425,3.16434829814449
1.62777777777778,0.253673813666648,0.284951804091578,0.122141681882484,3.16450416229135
1.62787698412698,0.2536521780276,0.284939175579058,0.122083282233701,3.16466000855344
1.62797619047619,0.253630544844349,0.284926543433125,0.122024910533392,3.16481583693485
1.6280753968254,0.253608914116542,0.284913907656251,0.121966566767879,3.16497164743969
1.6281746031746,0.253587285843826,0.284901268250909,0.121908250923488,3.16512744007206
1.62827380952381,0.25356566002585,0.284888625219568,0.121849962986553,3.16528321483604
1.62837301587302,0.253544036662262,0.284875978564699,0.121791702943411,3.16543897173572
1.62847222222222,0.253522415752712,0.284863328288768,0.121733470780406,3.16559471077522
1.62857142857143,0.253500797296849,0.284850674394242,0.121675266483888,3.1657504319586
1.62867063492064,0.253479181294323,0.284838016883588,0.121617090040212,3.16590613528996
1.62876984126984,0.253457567744785,0.284825355759269,0.121558941435738,3.16606182077339
1.62886904761905,0.253435956647885,0.284812691023748,0.121500820656834,3.16621748841298
1.62896825396825,0.253414348003276,0.284800022679487,0.121442727689871,3.1663731382128
1.62906746031746,0.253392741810609,0.284787350728946,0.121384662521228,3.16652877017693
1.62916666666667,0.253371138069538,0.284774675174586,0.121326625137286,3.16668438430947
1.62926587301587,0.253349536779714,0.284761996018864,0.121268615524436,3.16683998061449
1.62936507936508,0.253327937940792,0.284749313264237,0.121210633669072,3.16699555909606
1.62946428571429,0.253306341552426,0.284736626913161,0.121152679557594,3.16715111975827
1.62956349206349,0.25328474761427,0.28472393696809,0.121094753176408,3.16730666260518
1.6296626984127,0.253263156125979,0.284711243431478,0.121036854511926,3.16746218764087
1.6297619047619,0.253241567087209,0.284698546305776,0.120978983550565,3.16761769486941
1.62986111111111,0.253219980497615,0.284685845593435,0.120921140278747,3.16777318429487
1.62996031746032,0.253198396356855,0.284673141296906,0.120863324682902,3.16792865592133
1.63005952380952,0.253176814664584,0.284660433418636,0.120805536749462,3.16808410975284
1.63015873015873,0.253155235420462,0.284647721961072,0.120747776464869,3.16823954579347
1.63025793650794,0.253133658624145,0.284635006926661,0.120690043815567,3.16839496404728
1.63035714285714,0.253112084275292,0.284622288317847,0.120632338788007,3.16855036451834
1.63045634920635,0.253090512373562,0.284609566137073,0.120574661368645,3.16870574721071
1.63055555555556,0.253068942918615,0.284596840386782,0.120517011543946,3.16886111212845
1.63065476190476,0.25304737591011,0.284584111069415,0.120459389300375,3.16901645927561
1.63075396825397,0.253025811347707,0.284571378187411,0.120401794624407,3.16917178865625
1.63085317460317,0.253004249231068,0.28455864174321,0.12034422750252,3.16932710027443
1.63095238095238,0.252982689559855,0.284545901739248,0.120286687921201,3.16948239413419
1.63105158730159,0.252961132333728,0.284533158177962,0.120229175866938,3.16963767023959
1.63115079365079,0.252939577552351,0.284520411061787,0.120171691326229,3.16979292859468
1.63125,0.252918025215386,0.284507660393155,0.120114234285574,3.1699481692035
1.63134920634921,0.252896475322497,0.284494906174501,0.120056804731482,3.17010339207011
1.63144841269841,0.252874927873347,0.284482148408254,0.119999402650466,3.17025859719854
1.63154761904762,0.252853382867601,0.284469387096846,0.119942028029043,3.17041378459284
1.63164682539683,0.252831840304923,0.284456622242704,0.119884680853738,3.17056895425706
1.63174603174603,0.25281030018498,0.284443853848257,0.119827361111082,3.17072410619523
1.63184523809524,0.252788762507436,0.28443108191593,0.119770068787609,3.1708792404114
1.63194444444444,0.252767227271959,0.284418306448149,0.119712803869861,3.17103435690959
1.63204365079365,0.252745694478214,0.284405527447338,0.119655566344385,3.17118945569384
1.63214285714286,0.25272416412587,0.28439274491592,0.119598356197734,3.1713445367682
1.63224206349206,0.252702636214594,0.284379958856315,0.119541173416464,3.17149960013669
1.63234126984127,0.252681110744054,0.284367169270945,0.119484017987141,3.17165464580334
1.63244047619048,0.252659587713919,0.284354376162227,0.119426889896333,3.17180967377218
1.63253968253968,0.252638067123859,0.284341579532581,0.119369789130616,3.17196468404724
1.63263888888889,0.252616548973542,0.284328779384422,0.11931271567657,3.17211967663255
1.6327380952381,0.25259503326264,0.284315975720165,0.119255669520781,3.17227465153213
1.6328373015873,0.252573519990823,0.284303168542226,0.119198650649841,3.17242960875001
1.63293650793651,0.252552009157763,0.284290357853017,0.119141659050349,3.1725845482902
1.63303571428571,0.25253050076313,0.284277543654949,0.119084694708906,3.17273947015673
1.63313492063492,0.252508994806598,0.284264725950433,0.119027757612123,3.17289437435361
1.63323412698413,0.252487491287838,0.284251904741878,0.118970847746613,3.17304926088486
1.63333333333333,0.252465990206525,0.284239080031692,0.118913965098997,3.1732041297545
1.63343253968254,0.252444491562332,0.284226251822283,0.1188571096559,3.17335898096655
1.63353174603175,0.252422995354932,0.284213420116055,0.118800281403954,3.173513814525
1.63363095238095,0.252401501584002,0.284200584915413,0.118743480329796,3.17366863043388
1.63373015873016,0.252380010249215,0.284187746222759,0.118686706420068,3.1738234286972
1.63382936507937,0.252358521350247,0.284174904040497,0.118629959661418,3.17397820931895
1.63392857142857,0.252337034886776,0.284162058371026,0.118573240040502,3.17413297230316
1.63402777777778,0.252315550858476,0.284149209216747,0.118516547543978,3.17428771765381
1.63412698412698,0.252294069265026,0.284136356580056,0.118459882158511,3.17444244537493
1.63422619047619,0.252272590106103,0.284123500463352,0.118403243870773,3.1745971554705
1.6343253968254,0.252251113381385,0.28411064086903,0.118346632667439,3.17475184794452
1.6344246031746,0.252229639090551,0.284097777799484,0.118290048535193,3.174906522801
1.63452380952381,0.252208167233279,0.284084911257108,0.118233491460721,3.17506118004394
1.63462301587302,0.25218669780925,0.284072041244294,0.118176961430717,3.17521581967732
1.63472222222222,0.252165230818144,0.284059167763433,0.118120458431881,3.17537044170514
1.63482142857143,0.25214376625964,0.284046290816914,0.118063982450916,3.17552504613139
1.63492063492064,0.25212230413342,0.284033410407127,0.118007533474533,3.17567963296007
1.63501984126984,0.252100844439166,0.284020526536457,0.117951111489449,3.17583420219516
1.63511904761905,0.25207938717656,0.284007639207292,0.117894716482384,3.17598875384066
1.63521825396825,0.252057932345284,0.283994748422016,0.117838348440067,3.17614328790054
1.63531746031746,0.252036479945021,0.283981854183012,0.117782007349229,3.17629780437879
1.63541666666667,0.252015029975455,0.283968956492663,0.117725693196609,3.17645230327939
1.63551587301587,0.25199358243627,0.28395605535335,0.117669405968952,3.17660678460633
1.63561507936508,0.25197213732715,0.283943150767452,0.117613145653007,3.17676124836358
1.63571428571429,0.25195069464778,0.28393024273735,0.11755691223553,3.17691569455513
1.63581349206349,0.251929254397846,0.283917331265418,0.117500705703282,3.17707012318495
1.6359126984127,0.251907816577033,0.283904416354035,0.117444526043029,3.17722453425701
1.6360119047619,0.251886381185028,0.283891498005576,0.117388373241543,3.17737892777529
1.63611111111111,0.251864948221519,0.283878576222412,0.117332247285604,3.17753330374376
1.63621031746032,0.251843517686192,0.283865651006919,0.117276148161993,3.17768766216639
1.63630952380952,0.251822089578736,0.283852722361466,0.117220075857502,3.17784200304715
1.63640873015873,0.251800663898838,0.283839790288423,0.117164030358923,3.17799632639001
1.63650793650794,0.251779240646189,0.283826854790161,0.117108011653058,3.17815063219893
1.63660714285714,0.251757819820476,0.283813915869045,0.117052019726714,3.17830492047788
1.63670634920635,0.25173640142139,0.283800973527443,0.116996054566701,3.17845919123082
1.63680555555556,0.251714985448622,0.283788027767721,0.116940116159838,3.17861344446171
1.63690476190476,0.251693571901863,0.283775078592241,0.116884204492947,3.17876768017451
1.63700396825397,0.251672160780803,0.283762126003367,0.116828319552858,3.17892189837317
1.63710317460317,0.251650752085135,0.28374917000346,0.116772461326403,3.17907609906166
1.63720238095238,0.251629345814551,0.28373621059488,0.116716629800424,3.17923028224394
1.63730158730159,0.251607941968743,0.283723247779987,0.116660824961766,3.17938444792394
1.63740079365079,0.251586540547406,0.283710281561138,0.11660504679728,3.17953859610563
1.6375,0.251565141550232,0.283697311940691,0.116549295293823,3.17969272679296
1.63759920634921,0.251543744976918,0.283684338921,0.116493570438258,3.17984683998987
1.63769841269841,0.251522350827156,0.28367136250442,0.116437872217453,3.18000093570031
1.63779761904762,0.251500959100642,0.283658382693303,0.116382200618281,3.18015501392822
1.63789682539683,0.251479569797073,0.283645399490002,0.116326555627622,3.18030907467756
1.63799603174603,0.251458182916144,0.283632412896866,0.116270937232362,3.18046311795226
1.63809523809524,0.251436798457553,0.283619422916246,0.11621534541939,3.18061714375626
1.63819444444444,0.251415416420996,0.28360642955049,0.116159780175603,3.18077115209351
1.63829365079365,0.251394036806171,0.283593432801943,0.116104241487904,3.18092514296794
1.63839285714286,0.251372659612777,0.283580432672952,0.116048729343199,3.18107911638349
1.63849206349206,0.251351284840513,0.283567429165862,0.115993243728403,3.18123307234408
1.63859126984127,0.251329912489077,0.283554422283015,0.115937784630433,3.18138701085367
1.63869047619048,0.251308542558169,0.283541412026753,0.115882352036215,3.18154093191617
1.63878968253968,0.251287175047489,0.283528398399418,0.115826945932679,3.18169483553551
1.63888888888889,0.251265809956739,0.283515381403348,0.11577156630676,3.18184872171564
1.6389880952381,0.25124444728562,0.283502361040882,0.115716213145399,3.18200259046046
1.6390873015873,0.251223087033832,0.283489337314357,0.115660886435545,3.18215644177391
1.63918650793651,0.251201729201079,0.283476310226108,0.11560558616415,3.18231027565992
1.63928571428571,0.251180373787062,0.283463279778472,0.115550312318172,3.1824640921224
1.63938492063492,0.251159020791486,0.28345024597378,0.115495064884575,3.18261789116527
1.63948412698413,0.251137670214053,0.283437208814365,0.115439843850328,3.18277167279246
1.63958333333333,0.251116322054469,0.283424168302559,0.115384649202408,3.18292543700787
1.63968253968254,0.251094976312437,0.28341112444069,0.115329480927794,3.18307918381544
1.63978174603175,0.251073632987662,0.283398077231087,0.115274339013474,3.18323291321907
1.63988095238095,0.251052292079852,0.283385026676078,0.115219223446439,3.18338662522267
1.63998015873016,0.25103095358871,0.283371972777989,0.115164134213688,3.18354031983016
1.64007936507936,0.251009617513945,0.283358915539144,0.115109071302224,3.18369399704544
1.64017857142857,0.250988283855262,0.283345854961867,0.115054034699056,3.18384765687243
1.64027777777778,0.25096695261237,0.28333279104848,0.114999024391198,3.18400129931503
1.64037698412698,0.250945623784978,0.283319723801306,0.114944040365672,3.18415492437715
1.64047619047619,0.250924297372792,0.283306653222663,0.114889082609503,3.18430853206269
1.6405753968254,0.250902973375523,0.28329357931487,0.114834151109722,3.18446212237554
1.6406746031746,0.25088165179288,0.283280502080245,0.114779245853368,3.18461569531963
1.64077380952381,0.250860332624573,0.283267421521105,0.114724366827482,3.18476925089883
1.64087301587302,0.250839015870313,0.283254337639763,0.114669514019114,3.18492278911705
1.64097222222222,0.25081770152981,0.283241250438535,0.114614687415318,3.18507630997819
1.64107142857143,0.250796389602776,0.283228159919732,0.114559887003153,3.18522981348614
1.64117063492064,0.250775080088923,0.283215066085666,0.114505112769685,3.18538329964478
1.64126984126984,0.250753772987964,0.283201968938648,0.114450364701986,3.18553676845803
1.64136904761905,0.250732468299612,0.283188868480985,0.114395642787131,3.18569021992975
1.64146825396825,0.25071116602358,0.283175764714987,0.114340947012204,3.18584365406385
1.64156746031746,0.250689866159582,0.283162657642959,0.114286277364292,3.1859970708642
1.64166666666667,0.250668568707332,0.283149547267206,0.114231633830488,3.1861504703347
1.64176587301587,0.250647273666546,0.283136433590034,0.114177016397893,3.18630385247922
1.64186507936508,0.250625981036939,0.283123316613744,0.114122425053611,3.18645721730165
1.64196428571429,0.250604690818227,0.283110196340638,0.114067859784753,3.18661056480586
1.64206349206349,0.250583403010126,0.283097072773016,0.114013320578435,3.18676389499575
1.6421626984127,0.250562117612353,0.283083945913178,0.113958807421778,3.18691720787518
1.6422619047619,0.250540834624626,0.283070815763422,0.113904320301911,3.18707050344803
1.64236111111111,0.250519554046662,0.283057682326045,0.113849859205966,3.18722378171817
1.64246031746032,0.250498275878181,0.283044545603341,0.113795424121082,3.18737704268948
1.64255952380952,0.2504770001189,0.283031405597605,0.113741015034404,3.18753028636583
1.64265873015873,0.25045572676854,0.28301826231113,0.113686631933081,3.18768351275108
1.64275793650794,0.25043445582682,0.283005115746209,0.11363227480427,3.18783672184911
1.64285714285714,0.25041318729346,0.28299196590513,0.113577943635131,3.18798991366378
1.64295634920635,0.250391921168182,0.282978812790185,0.113523638412831,3.18814308819896
1.64305555555556,0.250370657450706,0.282965656403661,0.113469359124544,3.1882962454585
1.64315476190476,0.250349396140754,0.282952496747846,0.113415105757446,3.18844938544628
1.64325396825397,0.25032813723805,0.282939333825023,0.113360878298723,3.18860250816615
1.64335317460317,0.250306880742315,0.28292616763748,0.113306676735563,3.18875561362197
1.64345238095238,0.250285626653273,0.282912998187497,0.113252501055162,3.18890870181759
1.64355158730159,0.250264374970648,0.282899825477358,0.113198351244721,3.18906177275688
1.64365079365079,0.250243125694164,0.282886649509344,0.113144227291445,3.18921482644368
1.64375,0.250221878823546,0.282873470285733,0.113090129182548,3.18936786288185
1.64384920634921,0.250200634358519,0.282860287808805,0.113036056905246,3.18952088207525
1.64394841269841,0.250179392298809,0.282847102080837,0.112982010446763,3.18967388402771
1.64404761904762,0.250158152644142,0.282833913104103,0.112927989794327,3.18982686874308
1.64414682539683,0.250136915394245,0.28282072088088,0.112873994935175,3.18997983622522
1.64424603174603,0.250115680548845,0.282807525413441,0.112820025856545,3.19013278647797
1.64434523809524,0.25009444810767,0.282794326704057,0.112766082545683,3.19028571950516
1.64444444444444,0.250073218070448,0.282781124755,0.112712164989842,3.19043863531065
1.64454365079365,0.250051990436908,0.28276791956854,0.112658273176278,3.19059153389827
1.64464285714286,0.250030765206779,0.282754711146945,0.112604407092253,3.19074441527186
1.64474206349206,0.25000954237979,0.282741499492483,0.112550566725037,3.19089727943526
1.64484126984127,0.249988321955673,0.28272828460742,0.112496752061904,3.1910501263923
1.64494047619048,0.249967103934157,0.28271506649402,0.112442963090132,3.19120295614682
1.64503968253968,0.249945888314974,0.282701845154548,0.112389199797009,3.19135576870264
1.64513888888889,0.249924675097855,0.282688620591265,0.112335462169823,3.1915085640636
1.6452380952381,0.249903464282533,0.282675392806434,0.112281750195873,3.19166134223353
1.6453373015873,0.24988225586874,0.282662161802314,0.112228063862459,3.19181410321626
1.64543650793651,0.249861049856209,0.282648927581164,0.112174403156891,3.1919668470156
1.64553571428571,0.249839846244675,0.282635690145241,0.112120768066482,3.19211957363539
1.64563492063492,0.24981864503387,0.282622449496803,0.11206715857855,3.19227228307945
1.64573412698413,0.24979744622353,0.282609205638103,0.112013574680421,3.19242497535161
1.64583333333333,0.249776249813391,0.282595958571396,0.111960016359425,3.19257765045567
1.64593253968254,0.249755055803186,0.282582708298935,0.111906483602898,3.19273030839545
1.64603174603175,0.249733864192653,0.282569454822971,0.111852976398182,3.19288294917479
1.64613095238095,0.249712674981528,0.282556198145755,0.111799494732624,3.19303557279748
1.64623015873016,0.249691488169549,0.282542938269535,0.111746038593577,3.19318817926734
1.64632936507936,0.249670303756451,0.282529675196559,0.1116926079684,3.19334076858819
1.64642857142857,0.249649121741975,0.282516408929073,0.111639202844456,3.19349334076384
1.64652777777778,0.249627942125858,0.282503139469324,0.111585823209117,3.19364589579809
1.64662698412698,0.24960676490784,0.282489866819555,0.111532469049757,3.19379843369475
1.64672619047619,0.249585590087659,0.282476590982009,0.111479140353757,3.19395095445763
1.6468253968254,0.249564417665056,0.282463311958928,0.111425837108504,3.19410345809053
1.6469246031746,0.249543247639771,0.282450029752552,0.111372559301392,3.19425594459726
1.64702380952381,0.249522080011546,0.282436744365121,0.111319306919817,3.19440841398161
1.64712301587302,0.249500914780122,0.282423455798872,0.111266079951183,3.19456086624738
1.64722222222222,0.249479751945241,0.282410164056043,0.111212878382901,3.19471330139838
1.64732142857143,0.249458591506645,0.282396869138868,0.111159702202384,3.1948657194384
1.64742063492063,0.249437433464077,0.282383571049583,0.111106551397054,3.19501812037123
1.64751984126984,0.249416277817281,0.28237026979042,0.111053425954337,3.19517050420067
1.64761904761905,0.249395124566001,0.282356965363611,0.111000325861664,3.19532287093051
1.64771825396825,0.249373973709981,0.282343657771387,0.110947251106474,3.19547522056454
1.64781746031746,0.249352825248965,0.282330347015978,0.110894201676208,3.19562755310655
1.64791666666667,0.249331679182701,0.282317033099611,0.110841177558317,3.19577986856033
1.64801587301587,0.249310535510933,0.282303716024514,0.110788178740255,3.19593216692965
1.64811507936508,0.249289394233407,0.282290395792912,0.110735205209481,3.19608444821831
1.64821428571429,0.249268255349872,0.28227707240703,0.110682256953461,3.19623671243009
1.64831349206349,0.249247118860073,0.282263745869092,0.110629333959668,3.19638895956876
1.6484126984127,0.249225984763759,0.282250416181319,0.110576436215577,3.19654118963812
1.6485119047619,0.249204853060679,0.282237083345932,0.110523563708671,3.19669340264193
1.64861111111111,0.249183723750581,0.282223747365151,0.110470716426439,3.19684559858397
1.64871031746032,0.249162596833214,0.282210408241194,0.110417894356375,3.19699777746802
1.64880952380952,0.249141472308329,0.28219706597628,0.110365097485978,3.19714993929785
1.64890873015873,0.249120350175676,0.282183720572622,0.110312325802753,3.19730208407723
1.64900793650794,0.249099230435005,0.282170372032438,0.110259579294211,3.19745421180993
1.64910714285714,0.249078113086068,0.282157020357939,0.110206857947869,3.19760632249972
1.64920634920635,0.249056998128616,0.282143665551339,0.110154161751249,3.19775841615037
1.64930555555556,0.249035885562403,0.282130307614848,0.110101490691878,3.19791049276563
1.64940476190476,0.24901477538718,0.282116946550676,0.110048844757289,3.19806255234929
1.64950396825397,0.248993667602701,0.282103582361032,0.109996223935022,3.1982145949051
1.64960317460317,0.248972562208721,0.282090215048124,0.109943628212622,3.19836662043681
1.64970238095238,0.248951459204992,0.282076844614157,0.109891057577639,3.19851862894819
1.64980158730159,0.24893035859127,0.282063471061337,0.109838512017628,3.198670620443
1.64990079365079,0.24890926036731,0.282050094391868,0.109785991520151,3.19882259492499
1.65,0.248888164532868,0.282036714607951,0.109733496072776,3.19897455239791
1.65009920634921,0.2488670710877,0.282023331711789,0.109681025663075,3.19912649286553
1.65019841269841,0.248845980031563,0.28200994570558,0.109628580278626,3.19927841633158
1.65029761904762,0.248824891364214,0.281996556591526,0.109576159907015,3.19943032279983
1.65039682539683,0.248803805085411,0.281983164371822,0.10952376453583,3.19958221227401
1.65049603174603,0.248782721194911,0.281969769048665,0.109471394152666,3.19973408475789
1.65059523809524,0.248761639692474,0.281956370624251,0.109419048745126,3.19988594025519
1.65069444444444,0.248740560577859,0.281942969100774,0.109366728300815,3.20003777876966
1.65079365079365,0.248719483850825,0.281929564480426,0.109314432807346,3.20018960030506
1.65089285714286,0.248698409511133,0.281916156765398,0.109262162252337,3.20034140486511
1.65099206349206,0.248677337558543,0.281902745957882,0.109209916623411,3.20049319245355
1.65109126984127,0.248656267992817,0.281889332060066,0.109157695908198,3.20064496307413
1.65119047619048,0.248635200813715,0.281875915074138,0.109105500094332,3.20079671673058
1.65128968253968,0.248614136021001,0.281862495002285,0.109053329169454,3.20094845342663
1.65138888888889,0.248593073614436,0.281849071846693,0.10900118312121,3.20110017316602
1.6514880952381,0.248572013593784,0.281835645609544,0.108949061937252,3.20125187595247
1.6515873015873,0.248550955958809,0.281822216293023,0.108896965605237,3.20140356178973
1.65168650793651,0.248529900709274,0.281808783899311,0.108844894112828,3.20155523068151
1.65178571428571,0.248508847844945,0.281795348430589,0.108792847447694,3.20170688263154
1.65188492063492,0.248487797365586,0.281781909889036,0.108740825597509,3.20185851764354
1.65198412698413,0.248466749270962,0.28176846827683,0.108688828549953,3.20201013572125
1.65208333333333,0.24844570356084,0.281755023596148,0.108636856292711,3.20216173686838
1.65218253968254,0.248424660234987,0.281741575849166,0.108584908813476,3.20231332108865
1.65228174603175,0.248403619293169,0.281728125038057,0.108532986099943,3.20246488838579
1.65238095238095,0.248382580735154,0.281714671164996,0.108481088139816,3.2026164387635
1.65248015873016,0.24836154456071,0.281701214232154,0.108429214920802,3.2027679722255
1.65257936507936,0.248340510769606,0.281687754241702,0.108377366430615,3.20291948877552
1.65267857142857,0.24831947936161,0.281674291195809,0.108325542656974,3.20307098841725
1.65277777777778,0.248298450336492,0.281660825096644,0.108273743587605,3.20322247115442
1.65287698412698,0.248277423694022,0.281647355946374,0.108221969210239,3.20337393699073
1.65297619047619,0.248256399433971,0.281633883747165,0.10817021951261,3.20352538592988
1.6530753968254,0.248235377556109,0.281620408501181,0.108118494482463,3.2036768179756
1.6531746031746,0.248214358060208,0.281606930210586,0.108066794107543,3.20382823313157
1.65327380952381,0.24819334094604,0.281593448877542,0.108015118375605,3.20397963140151
1.65337301587302,0.248172326213377,0.281579964504209,0.107963467274406,3.20413101278911
1.65347222222222,0.248151313861992,0.281566477092749,0.107911840791713,3.20428237729808
1.65357142857143,0.248130303891659,0.281552986645318,0.107860238915294,3.20443372493211
1.65367063492063,0.248109296302152,0.281539493164075,0.107808661632926,3.2045850556949
1.65376984126984,0.248088291093244,0.281525996651176,0.10775710893239,3.20473636959015
1.65386904761905,0.248067288264712,0.281512497108775,0.107705580801472,3.20488766662155
1.65396825396825,0.248046287816329,0.281498994539026,0.107654077227967,3.20503894679279
1.65406746031746,0.248025289747873,0.281485488944082,0.107602598199672,3.20519021010757
1.65416666666667,0.24800429405912,0.281471980326093,0.10755114370439,3.20534145656957
1.65426587301587,0.247983300749846,0.28145846868721,0.107499713729932,3.20549268618248
1.65436507936508,0.247962309819829,0.281444954029581,0.107448308264113,3.20564389894998
1.65446428571429,0.247941321268846,0.281431436355354,0.107396927294754,3.20579509487577
1.65456349206349,0.247920335096676,0.281417915666675,0.107345570809681,3.20594627396352
1.6546626984127,0.247899351303098,0.281404391965689,0.107294238796727,3.20609743621692
1.6547619047619,0.247878369887891,0.281390865254541,0.107242931243728,3.20624858163964
1.65486111111111,0.247857390850835,0.281377335535372,0.107191648138529,3.20639971023537
1.65496031746032,0.247836414191711,0.281363802810324,0.107140389468979,3.20655082200778
1.65505952380952,0.247815439910298,0.281350267081538,0.107089155222932,3.20670191696054
1.65515873015873,0.247794468006379,0.281336728351151,0.107037945388249,3.20685299509734
1.65525793650794,0.247773498479735,0.281323186621303,0.106986759952795,3.20700405642184
1.65535714285714,0.247752531330148,0.281309641894129,0.106935598904443,3.20715510093771
1.65545634920635,0.247731566557401,0.281296094171765,0.106884462231069,3.20730612864862
1.65555555555556,0.247710604161278,0.281282543456345,0.106833349920557,3.20745713955824
1.65565476190476,0.247689644141562,0.281268989750001,0.106782261960795,3.20760813367024
1.65575396825397,0.247668686498037,0.281255433054866,0.106731198339676,3.20775911098827
1.65585317460317,0.247647731230488,0.281241873373069,0.106680159045102,3.20791007151601
1.65595238095238,0.247626778338701,0.28122831070674,0.106629144064976,3.20806101525711
1.65605158730159,0.24760582782246,0.281214745058007,0.106578153387211,3.20821194221524
1.65615079365079,0.247584879681553,0.281201176428996,0.106527186999724,3.20836285239405
1.65625,0.247563933915766,0.281187604821834,0.106476244890435,3.2085137457972
1.65634920634921,0.247542990524886,0.281174030238643,0.106425327047274,3.20866462242834
1.65644841269841,0.247522049508701,0.281160452681548,0.106374433458175,3.20881548229112
1.65654761904762,0.247501110866998,0.28114687215267,0.106323564111075,3.20896632538921
1.65664682539683,0.247480174599568,0.28113328865413,0.106272718993921,3.20911715172624
1.65674603174603,0.247459240706198,0.281119702188048,0.106221898094662,3.20926796130588
1.65684523809524,0.247438309186678,0.28110611275654,0.106171101401255,3.20941875413176
1.65694444444444,0.247417380040799,0.281092520361725,0.106120328901662,3.20956953020753
1.65704365079365,0.247396453268351,0.281078925005718,0.10606958058385,3.20972028953684
1.65714285714286,0.247375528869126,0.281065326690633,0.106018856435793,3.20987103212332
1.65724206349206,0.247354606842914,0.281051725418584,0.105968156445468,3.21002175797063
1.65734126984127,0.247333687189509,0.281038121191683,0.10591748060086,3.21017246708239
1.65744047619048,0.247312769908242,0.281024514012203,0.105866828890075,3.21032315946241
1.65753968253968,0.247291854973114,0.281010903891344,0.105816201307764,3.21047383512319
1.65763888888889,0.247270942368827,0.280997290836395,0.105765597846579,3.21062449407338
1.6577380952381,0.247250032094882,0.280983674849378,0.105715018495608,3.21077513631648
1.6578373015873,0.247229124150778,0.280970055932318,0.105664463243939,3.210925761856
1.65793650793651,0.247208218536016,0.28095643408724,0.105613932080666,3.21107637069544
1.65803571428571,0.247187315250097,0.280942809316164,0.105563424994884,3.2112269628383
1.65813492063492,0.247166414292523,0.280929181621113,0.105512941975696,3.21137753828808
1.65823412698413,0.247145515662793,0.280915551004109,0.105462483012203,3.21152809704828
1.65833333333333,0.247124619360411,0.280901917467171,0.105412048093513,3.21167863912239
1.65843253968254,0.247103725384876,0.28088828101232,0.105361637208736,3.21182916451392
1.65853174603175,0.247082833735691,0.280874641641575,0.105311250346986,3.21197967322636
1.65863095238095,0.247061944412358,0.280860999356954,0.105260887497382,3.21213016526321
1.65873015873016,0.24704105741438,0.280847354160475,0.105210548649043,3.21228064062795
1.65882936507937,0.247020172741257,0.280833706054154,0.105160233791095,3.21243109932409
1.65892857142857,0.246999290392494,0.280820055040008,0.105109942912664,3.21258154135512
1.65902777777778,0.246978410367593,0.280806401120052,0.105059676002883,3.21273196672452
1.65912698412698,0.246957532666057,0.280792744296302,0.105009433050887,3.21288237543579
1.65922619047619,0.246936657287388,0.280779084570771,0.104959214045813,3.21303276749243
1.6593253968254,0.246915784231091,0.280765421945473,0.104909018976804,3.2131831428979
1.6594246031746,0.24689491349667,0.280751756422421,0.104858847833005,3.21333350165572
1.65952380952381,0.246874045083626,0.280738088003626,0.104808700603564,3.21348384376935
1.65962301587302,0.246853178991466,0.2807244166911,0.104758577277635,3.2136341692423
1.65972222222222,0.246832315219693,0.280710742486853,0.104708477844372,3.21378447807804
1.65982142857143,0.246811453767811,0.280697065392895,0.104658402292936,3.21393477028005
1.65992063492064,0.246790594635326,0.280683385411236,0.104608350612488,3.21408504585183
1.66001984126984,0.246769737821741,0.280669702543884,0.104558322792195,3.21423530479684
1.66011904761905,0.246748883326562,0.280656016792846,0.104508318821227,3.21438554711858
1.66021825396825,0.246728031149294,0.28064232816013,0.104458338688756,3.21453577282053
1.66031746031746,0.246707181289442,0.280628636647741,0.10440838238396,3.21468598190616
1.66041666666667,0.246686333746513,0.280614942257687,0.104358449896019,3.21483617437895
1.66051587301587,0.246665488520011,0.28060124499197,0.104308541214115,3.21498635024238
1.66061507936508,0.246644645609444,0.280587544852597,0.104258656327437,3.21513650949993
1.66071428571429,0.246623805014316,0.280573841841569,0.104208795225175,3.21528665215507
1.66081349206349,0.246602966734135,0.280560135960891,0.104158957896523,3.21543677821127
1.6609126984127,0.246582130768407,0.280546427212563,0.104109144330678,3.21558688767202
1.6610119047619,0.246561297116639,0.280532715598587,0.104059354516842,3.21573698054078
1.66111111111111,0.246540465778338,0.280519001120965,0.104009588444218,3.21588705682103
1.66121031746032,0.246519636753012,0.280505283781696,0.103959846102016,3.21603711651623
1.66130952380952,0.246498810040167,0.280491563582778,0.103910127479446,3.21618715962986
1.66140873015873,0.246477985639311,0.280477840526212,0.103860432565723,3.21633718616538
1.66150793650794,0.246457163549952,0.280464114613993,0.103810761350066,3.21648719612626
1.66160714285714,0.246436343771599,0.280450385848121,0.103761113821697,3.21663718951598
1.66170634920635,0.246415526303758,0.28043665423059,0.10371148996984,3.21678716633799
1.66180555555556,0.24639471114594,0.280422919763397,0.103661889783726,3.21693712659577
1.66190476190476,0.246373898297652,0.280409182448537,0.103612313252586,3.21708707029277
1.66200396825397,0.246353087758403,0.280395442288004,0.103562760365655,3.21723699743247
1.66210317460317,0.246332279527703,0.280381699283791,0.103513231112175,3.21738690801831
1.66220238095238,0.24631147360506,0.280367953437891,0.103463725481386,3.21753680205377
1.66230158730159,0.246290669989984,0.280354204752297,0.103414243462536,3.2176866795423
1.66240079365079,0.246269868681984,0.280340453229,0.103364785044874,3.21783654048737
1.6625,0.246249069680571,0.280326698869991,0.103315350217653,3.21798638489243
1.66259920634921,0.246228272985255,0.280312941677259,0.10326593897013,3.21813621276095
1.66269841269841,0.246207478595545,0.280299181652794,0.103216551291566,3.21828602409637
1.66279761904762,0.246186686510952,0.280285418798585,0.103167187171223,3.21843581890215
1.66289682539683,0.246165896730988,0.280271653116619,0.10311784659837,3.21858559718176
1.66299603174603,0.246145109255162,0.280257884608884,0.103068529562277,3.21873535893863
1.66309523809524,0.246124324082985,0.280244113277366,0.103019236052217,3.21888510417624
1.66319444444444,0.24610354121397,0.28023033912405,0.102969966057469,3.21903483289802
1.66329365079365,0.246082760647627,0.280216562150923,0.102920719567313,3.21918454510743
1.66339285714286,0.246061982383468,0.280202782359968,0.102871496571035,3.21933424080792
1.66349206349206,0.246041206421005,0.280188999753169,0.102822297057921,3.21948392000294
1.66359126984127,0.24602043275975,0.280175214332509,0.102773121017264,3.21963358269594
1.66369047619048,0.245999661399216,0.28016142609997,0.102723968438359,3.21978322889036
1.66378968253968,0.245978892338914,0.280147635057533,0.102674839310504,3.21993285858965
1.66388888888889,0.245958125578358,0.28013384120718,0.102625733623001,3.22008247179727
1.6639880952381,0.24593736111706,0.28012004455089,0.102576651365156,3.22023206851664
1.6640873015873,0.245916598954533,0.280106245090643,0.102527592526277,3.22038164875122
1.66418650793651,0.245895839090291,0.280092442828417,0.102478557095677,3.22053121250445
1.66428571428571,0.245875081523846,0.280078637766191,0.102429545062672,3.22068075977977
1.66438492063492,0.245854326254714,0.280064829905942,0.10238055641658,3.22083029058062
1.66448412698413,0.245833573282407,0.280051019249646,0.102331591146726,3.22097980491044
1.66458333333333,0.24581282260644,0.280037205799279,0.102282649242435,3.22112930277267
1.66468253968254,0.245792074226327,0.280023389556816,0.102233730693037,3.22127878417075
1.66478174603175,0.245771328141582,0.280009570524232,0.102184835487866,3.22142824910812
1.66488095238095,0.245750584351721,0.279995748703501,0.102135963616258,3.2215776975882
1.66498015873016,0.245729842856257,0.279981924096594,0.102087115067553,3.22172712961445
1.66507936507937,0.245709103654707,0.279968096705486,0.102038289831095,3.22187654519029
1.66517857142857,0.245688366746585,0.279954266532147,0.101989487896232,3.22202594431915
1.66527777777778,0.245667632131407,0.279940433578547,0.101940709252313,3.22217532700447
1.66537698412698,0.245646899808688,0.279926597846659,0.101891953888694,3.22232469324967
1.66547619047619,0.245626169777945,0.279912759338449,0.101843221794732,3.2224740430582
1.6655753968254,0.245605442038693,0.279898918055889,0.101794512959788,3.22262337643348
1.6656746031746,0.245584716590449,0.279885074000945,0.101745827373226,3.22277269337893
1.66577380952381,0.245563993432729,0.279871227175585,0.101697165024415,3.22292199389799
1.66587301587302,0.245543272565051,0.279857377581775,0.101648525902727,3.22307127799409
1.66597222222222,0.24552255398693,0.279843525221482,0.101599909997536,3.22322054567064
1.66607142857143,0.245501837697884,0.27982967009667,0.101551317298221,3.22336979693107
1.66617063492064,0.245481123697431,0.279815812209305,0.101502747794163,3.22351903177881
1.66626984126984,0.245460411985087,0.279801951561349,0.10145420147475,3.22366825021729
1.66636904761905,0.245439702560371,0.279788088154766,0.101405678329368,3.22381745224991
1.66646825396825,0.245418995422801,0.279774221991519,0.101357178347412,3.22396663788011
1.66656746031746,0.245398290571893,0.279760353073569,0.101308701518276,3.2241158071113
1.66666666666667,0.245377588007168,0.279746481402877,0.101260247831361,3.22426495994691
1.66676587301587,0.245356887728143,0.279732606981403,0.101211817276069,3.22441409639035
1.66686507936508,0.245336189734337,0.279718729811106,0.101163409841806,3.22456321644504
1.66696428571429,0.245315494025269,0.279704849893946,0.101115025517983,3.22471232011439
1.66706349206349,0.245294800600458,0.279690967231881,0.101066664294013,3.22486140740183
1.6671626984127,0.245274109459423,0.279677081826868,0.101018326159312,3.22501047831076
1.6672619047619,0.245253420601684,0.279663193680864,0.100970011103302,3.2251595328446
1.66736111111111,0.245232734026761,0.279649302795825,0.100921719115405,3.22530857100676
1.66746031746032,0.245212049734174,0.279635409173705,0.100873450185049,3.22545759280066
1.66755952380952,0.245191367723442,0.279621512816461,0.100825204301665,3.2256065982297
1.66765873015873,0.245170687994086,0.279607613726044,0.100776981454687,3.2257555872973
1.66775793650794,0.245150010545626,0.27959371190441,0.100728781633552,3.22590456000686
1.66785714285714,0.245129335377584,0.279579807353509,0.100680604827703,3.2260535163618
1.66795634920635,0.24510866248948,0.279565900075294,0.100632451026583,3.22620245636551
1.66805555555556,0.245087991880835,0.279551990071716,0.100584320219641,3.22635138002141
1.66815476190476,0.24506732355117,0.279538077344726,0.100536212396328,3.2265002873329
1.66825396825397,0.245046657500008,0.279524161896272,0.1004881275461,3.22664917830339
1.66835317460317,0.24502599372687,0.279510243728303,0.100440065658415,3.22679805293627
1.66845238095238,0.245005332231277,0.279496322842769,0.100392026722735,3.22694691123496
1.66855158730159,0.244984673012753,0.279482399241616,0.100344010728526,3.22709575320284
1.66865079365079,0.244964016070819,0.279468472926791,0.100296017665257,3.22724457884333
1.66875,0.244943361404997,0.27945454390024,0.1002480475224,3.22739338815983
1.66884920634921,0.244922709014811,0.279440612163909,0.100200100289432,3.22754218115572
1.66894841269841,0.244902058899784,0.279426677719742,0.100152175955831,3.22769095783441
1.66904761904762,0.244881411059438,0.279412740569683,0.100104274511082,3.2278397181993
1.66914682539683,0.244860765493297,0.279398800715675,0.100056395944669,3.22798846225378
1.66924603174603,0.244840122200885,0.279384858159661,0.100008540246084,3.22813719000125
1.66934523809524,0.244819481181725,0.279370912903583,0.0999607074048195,3.2282859014451
1.66944444444444,0.244798842435341,0.279356964949382,0.0999128974103723,3.22843459658872
1.66954365079365,0.244778205961258,0.279343014298998,0.0998651102522432,3.22858327543551
1.66964285714286,0.244757571758999,0.27932906095437,0.0998173459199359,3.22873193798885
1.66974206349206,0.24473693982809,0.279315104917439,0.0997696044029576,3.22888058425214
1.66984126984127,0.244716310168054,0.279301146190142,0.0997218856908192,3.22902921422877
1.66994047619048,0.244695682778418,0.279287184774416,0.0996741897730349,3.22917782792212
1.67003968253968,0.244675057658706,0.279273220672199,0.0996265166391227,3.22932642533559
1.67013888888889,0.244654434808443,0.279259253885426,0.0995788662786038,3.22947500647255
1.6702380952381,0.244633814227155,0.279245284416034,0.0995312386810027,3.2296235713364
1.6703373015873,0.244613195914369,0.279231312265956,0.0994836338358479,3.22977211993051
1.67043650793651,0.244592579869609,0.279217337437127,0.0994360517326711,3.22992065225828
1.67053571428571,0.244571966092402,0.279203359931481,0.0993884923610074,3.23006916832309
1.67063492063492,0.244551354582274,0.279189379750948,0.0993409557103953,3.23021766812831
1.67073412698413,0.244530745338752,0.279175396897463,0.0992934417703772,3.23036615167733
1.67083333333333,0.244510138361363,0.279161411372955,0.0992459505304987,3.23051461897352
1.67093253968254,0.244489533649634,0.279147423179356,0.0991984819803087,3.23066307002027
1.67103174603175,0.244468931203092,0.279133432318594,0.0991510361093601,3.23081150482096
1.67113095238095,0.244448331021263,0.2791194387926,0.0991036129072088,3.23095992337896
1.67123015873016,0.244427733103677,0.279105442603301,0.0990562123634143,3.23110832569765
1.67132936507936,0.24440713744986,0.279091443752625,0.0990088344675397,3.2312567117804
1.67142857142857,0.24438654405934,0.279077442242499,0.0989614792091514,3.23140508163059
1.67152777777778,0.244365952931647,0.279063438074849,0.0989141465778196,3.23155343525158
1.67162698412698,0.244345364066307,0.279049431251601,0.0988668365631177,3.23170177264677
1.67172619047619,0.24432477746285,0.279035421774679,0.0988195491546224,3.2318500938195
1.6718253968254,0.244304193120805,0.279021409646007,0.0987722843419146,3.23199839877316
1.6719246031746,0.2442836110397,0.27900739486751,0.0987250421145779,3.23214668751112
1.67202380952381,0.244263031219064,0.278993377441109,0.0986778224621998,3.23229496003674
1.67212301587302,0.244242453658428,0.278979357368727,0.098630625374371,3.23244321635339
1.67222222222222,0.24422187835732,0.278965334652285,0.0985834508406862,3.23259145646444
1.67232142857143,0.244201305315271,0.278951309293703,0.098536298850743,3.23273968037325
1.67242063492064,0.24418073453181,0.278937281294901,0.0984891693941427,3.23288788808319
1.67251984126984,0.244160166006468,0.278923250657798,0.0984420624604903,3.23303607959762
1.67261904761905,0.244139599738775,0.278909217384314,0.0983949780393939,3.23318425491991
1.67271825396825,0.244119035728262,0.278895181476364,0.0983479161204654,3.23333241405341
1.67281746031746,0.244098473974459,0.278881142935867,0.09830087669332,3.23348055700149
1.67291666666667,0.244077914476897,0.278867101764739,0.0982538597475762,3.23362868376752
1.67301587301587,0.244057357235108,0.278853057964895,0.0982068652728565,3.23377679435484
1.67311507936508,0.244036802248623,0.278839011538251,0.0981598932587866,3.23392488876681
1.67321428571429,0.244016249516974,0.278824962486719,0.0981129436949954,3.2340729670068
1.67331349206349,0.243995699039692,0.278810910812215,0.0980660165711158,3.23422102907816
1.6734126984127,0.24397515081631,0.278796856516649,0.0980191118767839,3.23436907498425
1.6735119047619,0.243954604846359,0.278782799601936,0.0979722296016393,3.23451710472842
1.67361111111111,0.243934061129372,0.278768740069985,0.0979253697353248,3.23466511831402
1.67371031746032,0.243913519664882,0.278754677922708,0.0978785322674875,3.2348131157444
1.67380952380952,0.243892980452422,0.278740613162015,0.0978317171877771,3.23496109702293
1.67390873015873,0.243872443491524,0.278726545789814,0.0977849244858471,3.23510906215294
1.67400793650794,0.243851908781722,0.278712475808014,0.0977381541513548,3.2352570111378
1.67410714285714,0.243831376322549,0.278698403218523,0.0976914061739605,3.23540494398084
1.67420634920635,0.243810846113539,0.278684328023248,0.0976446805433282,3.23555286068541
1.67430555555556,0.243790318154226,0.278670250224095,0.0975979772491254,3.23570076125487
1.67440476190476,0.243769792444143,0.278656169822971,0.0975512962810229,3.23584864569256
1.67450396825397,0.243749268982825,0.278642086821779,0.0975046376286953,3.23599651400182
1.67460317460317,0.243728747769807,0.278628001222425,0.0974580012818205,3.236144366186
1.67470238095238,0.243708228804622,0.278613913026811,0.0974113872300796,3.23629220224845
1.67480158730159,0.243687712086806,0.278599822236841,0.0973647954631579,3.23644002219249
1.67490079365079,0.243667197615894,0.278585728854416,0.0973182259707435,3.23658782602148
1.675,0.243646685391422,0.278571632881439,0.0972716787425283,3.23673561373876
1.67509920634921,0.243626175412923,0.278557534319809,0.0972251537682074,3.23688338534766
1.67519841269841,0.243605667679935,0.278543433171427,0.0971786510374799,3.23703114085153
1.67529761904762,0.243585162191992,0.278529329438192,0.0971321705400479,3.2371788802537
1.67539682539683,0.243564658948632,0.278515223122002,0.097085712265617,3.23732660355751
1.67549603174603,0.24354415794939,0.278501114224756,0.0970392762038968,3.23747431076629
1.67559523809524,0.243523659193803,0.278487002748351,0.0969928623445998,3.23762200188338
1.67569444444444,0.243503162681407,0.278472888694682,0.0969464706774422,3.23776967691211
1.67579365079365,0.243482668411739,0.278458772065647,0.0969001011921436,3.23791733585582
1.67589285714286,0.243462176384336,0.278444652863139,0.0968537538784272,3.23806497871783
1.67599206349206,0.243441686598736,0.278430531089053,0.0968074287260198,3.23821260550149
1.67609126984127,0.243421199054476,0.278416406745283,0.0967611257246513,3.23836021621011
1.67619047619048,0.243400713751093,0.278402279833721,0.0967148448640553,3.23850781084704
1.67628968253968,0.243380230688126,0.278388150356261,0.0966685861339691,3.23865538941559
1.67638888888889,0.243359749865113,0.278374018314792,0.0966223495241331,3.23880295191909
1.6764880952381,0.243339271281591,0.278359883711207,0.0965761350242914,3.23895049836087
1.6765873015873,0.243318794937099,0.278345746547394,0.0965299426241914,3.23909802874426
1.67668650793651,0.243298320831176,0.278331606825244,0.0964837723135842,3.23924554307258
1.67678571428571,0.243277848963361,0.278317464546645,0.0964376240822243,3.23939304134916
1.67688492063492,0.243257379333193,0.278303319713485,0.0963914979198695,3.23954052357731
1.67698412698413,0.243236911940211,0.278289172327652,0.0963453938162816,3.23968798976036
1.67708333333333,0.243216446783955,0.278275022391031,0.0962993117612252,3.23983543990162
1.67718253968254,0.243195983863963,0.278260869905509,0.0962532517444688,3.23998287400443
1.67728174603175,0.243175523179777,0.27824671487297,0.0962072137557844,3.24013029207209
1.67738095238095,0.243155064730936,0.278232557295299,0.096161197784947,3.24027769410793
1.67748015873016,0.24313460851698,0.278218397174381,0.0961152038217359,3.24042508011527
1.67757936507936,0.243114154537451,0.278204234512096,0.0960692318559333,3.24057245009741
1.67767857142857,0.243093702791888,0.278190069310329,0.0960232818773248,3.24071980405767
1.67777777777778,0.243073253279832,0.27817590157096,0.0959773538756999,3.24086714199937
1.67787698412698,0.243052806000825,0.278161731295871,0.0959314478408514,3.24101446392583
1.67797619047619,0.243032360954408,0.278147558486941,0.0958855637625755,3.24116176984034
1.6780753968254,0.243011918140122,0.27813338314605,0.0958397016306717,3.24130905974624
1.6781746031746,0.242991477557509,0.278119205275077,0.0957938614349436,3.24145633364681
1.67827380952381,0.24297103920611,0.278105024875899,0.0957480431651977,3.24160359154538
1.67837301587302,0.242950603085469,0.278090841950394,0.0957022468112441,3.24175083344526
1.67847222222222,0.242930169195127,0.278076656500439,0.0956564723628967,3.24189805934975
1.67857142857143,0.242909737534627,0.278062468527909,0.0956107198099725,3.24204526926215
1.67867063492063,0.242889308103512,0.27804827803468,0.0955649891422921,3.24219246318578
1.67876984126984,0.242868880901323,0.278034085022626,0.0955192803496796,3.24233964112393
1.67886904761905,0.242848455927605,0.27801988949362,0.0954735934219625,3.24248680307992
1.67896825396825,0.242828033181901,0.278005691449537,0.0954279283489721,3.24263394905705
1.67906746031746,0.242807612663754,0.277991490892248,0.0953822851205428,3.24278107905861
1.67916666666667,0.242787194372708,0.277977287823624,0.0953366637265125,3.2429281930879
1.67926587301587,0.242766778308307,0.277963082245537,0.095291064156723,3.24307529114824
1.67936507936508,0.242746364470094,0.277948874159858,0.0952454864010191,3.24322237324291
1.67946428571429,0.242725952857615,0.277934663568454,0.0951999304492493,3.24336943937522
1.67956349206349,0.242705543470414,0.277920450473196,0.0951543962912655,3.24351648954846
1.6796626984127,0.242685136308035,0.277906234875951,0.0951088839169232,3.24366352376594
1.6797619047619,0.242664731370023,0.277892016778587,0.0950633933160814,3.24381054203093
1.67986111111111,0.242644328655924,0.277877796182971,0.0950179244786021,3.24395754434675
1.67996031746032,0.242623928165283,0.277863573090967,0.0949724773943517,3.24410453071667
1.68005952380952,0.242603529897645,0.277849347504442,0.0949270520531993,3.244251501144
1.68015873015873,0.242583133852556,0.277835119425261,0.0948816484450177,3.24439845563203
1.68025793650794,0.242562740029562,0.277820888855286,0.0948362665596833,3.24454539418405
1.68035714285714,0.242542348428209,0.277806655796381,0.0947909063870757,3.24469231680335
1.68045634920635,0.242521959048043,0.277792420250409,0.0947455679170785,3.24483922349321
1.68055555555556,0.242501571888611,0.277778182219231,0.0947002511395783,3.24498611425692
1.68065476190476,0.24248118694946,0.277763941704708,0.0946549560444651,3.24513298909778
1.68075396825397,0.242460804230136,0.277749698708701,0.0946096826216331,3.24527984801906
1.68085317460317,0.242440423730187,0.277735453233068,0.0945644308609792,3.24542669102405
1.68095238095238,0.24242004544916,0.27772120527967,0.0945192007524041,3.24557351811604
1.68105158730159,0.242399669386602,0.277706954850364,0.0944739922858119,3.24572032929831
1.68115079365079,0.242379295542062,0.277692701947007,0.0944288054511104,3.24586712457415
1.68125,0.242358923915087,0.277678446571456,0.0943836402382108,3.24601390394682
1.68134920634921,0.242338554505225,0.277664188725568,0.0943384966370273,3.24616066741962
1.68144841269841,0.242318187312024,0.277649928411197,0.0942933746374785,3.24630741499582
1.68154761904762,0.242297822335034,0.277635665630199,0.0942482742294857,3.2464541466787
1.68164682539683,0.242277459573803,0.277621400384426,0.094203195402974,3.24660086247155
1.68174603174603,0.24225709902788,0.277607132675733,0.0941581381478718,3.24674756237762
1.68184523809524,0.242236740696813,0.277592862505972,0.0941131024541112,3.24689424640021
1.68194444444444,0.242216384580153,0.277578589876995,0.0940680883116277,3.24704091454259
1.68204365079365,0.242196030677449,0.277564314790652,0.0940230957103604,3.24718756680802
1.68214285714286,0.242175678988251,0.277550037248794,0.0939781246402515,3.24733420319979
1.68224206349206,0.242155329512108,0.277535757253271,0.0939331750912471,3.24748082372117
1.68234126984127,0.242134982248571,0.277521474805931,0.0938882470532967,3.24762742837541
1.68244047619048,0.242114637197189,0.277507189908623,0.093843340516353,3.24777401716581
1.68253968253968,0.242094294357515,0.277492902563195,0.0937984554703723,3.24792059009562
1.68263888888889,0.242073953729098,0.277478612771493,0.0937535919053148,3.24806714716811
1.6827380952381,0.242053615311489,0.277464320535363,0.0937087498111436,3.24821368838655
1.6828373015873,0.24203327910424,0.277450025856651,0.0936639291778255,3.24836021375421
1.68293650793651,0.242012945106901,0.277435728737201,0.093619129995331,3.24850672327436
1.68303571428571,0.241992613319025,0.277421429178858,0.0935743522536337,3.24865321695024
1.68313492063492,0.241972283740163,0.277407127183464,0.093529595942711,3.24879969478514
1.68323412698413,0.241951956369867,0.277392822752863,0.0934848610525435,3.24894615678231
1.68333333333333,0.24193163120769,0.277378515888895,0.0934401475731153,3.24909260294502
1.68343253968254,0.241911308253183,0.277364206593403,0.0933954554944145,3.24923903327652
1.68353174603175,0.241890987505899,0.277349894868227,0.0933507848064321,3.24938544778007
1.68363095238095,0.241870668965392,0.277335580715205,0.0933061354991625,3.24953184645894
1.68373015873016,0.241850352631213,0.277321264136179,0.0932615075626043,3.24967822931638
1.68382936507936,0.241830038502916,0.277306945132985,0.0932169009867589,3.24982459635565
1.68392857142857,0.241809726580055,0.277292623707461,0.0931723157616314,3.24997094758
1.68402777777778,0.241789416862183,0.277278299861444,0.0931277518772303,3.25011728299269
1.68412698412698,0.241769109348854,0.277263973596771,0.093083209323568,3.25026360259697
1.68422619047619,0.241748804039622,0.277249644915277,0.0930386880906598,3.2504099063961
1.6843253968254,0.241728500934041,0.277235313818796,0.0929941881685246,3.25055619439333
1.6844246031746,0.241708200031665,0.277220980309163,0.0929497095471853,3.25070246659191
1.68452380952381,0.241687901332049,0.277206644388211,0.0929052522166676,3.25084872299509
1.68462301587302,0.241667604834748,0.277192306057773,0.0928608161670012,3.25099496360612
1.68472222222222,0.241647310539316,0.27717796531968,0.0928164013882188,3.25114118842825
1.68482142857143,0.24162701844531,0.277163622175764,0.0927720078703569,3.25128739746472
1.68492063492063,0.241606728552284,0.277149276627855,0.0927276356034556,3.25143359071879
1.68501984126984,0.241586440859794,0.277134928677784,0.0926832845775582,3.25157976819369
1.68511904761905,0.241566155367395,0.277120578327379,0.0926389547827113,3.25172592989268
1.68521825396825,0.241545872074644,0.277106225578468,0.0925946462089658,3.25187207581899
1.68531746031746,0.241525590981097,0.27709187043288,0.0925503588463752,3.25201820597587
1.68541666666667,0.241505312086311,0.277077512892441,0.092506092684997,3.25216432036657
1.68551587301587,0.241485035389841,0.277063152958977,0.0924618477148916,3.25231041899431
1.68561507936508,0.241464760891245,0.277048790634314,0.0924176239261238,3.25245650186235
1.68571428571429,0.241444488590079,0.277034425920278,0.0923734213087612,3.25260256897392
1.68581349206349,0.241424218485902,0.277020058818691,0.0923292398528748,3.25274862033226
1.6859126984127,0.24140395057827,0.277005689331378,0.0922850795485397,3.2528946559406
1.6860119047619,0.24138368486674,0.276991317460161,0.0922409403858339,3.25304067580219
1.68611111111111,0.241363421350872,0.276976943206862,0.0921968223548391,3.25318667992026
1.68621031746032,0.241343160030222,0.276962566573303,0.0921527254456406,3.25333266829804
1.68630952380952,0.241322900904349,0.276948187561303,0.0921086496483267,3.25347864093876
1.68640873015873,0.241302643972811,0.276933806172684,0.09206459495299,3.25362459784567
1.68650793650794,0.241282389235167,0.276919422409264,0.0920205613497259,3.25377053902198
1.68660714285714,0.241262136690976,0.276905036272861,0.0919765488286333,3.25391646447093
1.68670634920635,0.241241886339797,0.276890647765293,0.0919325573798151,3.25406237419576
1.68680555555556,0.241221638181189,0.276876256888378,0.0918885869933773,3.25420826819968
1.68690476190476,0.241201392214711,0.276861863643932,0.0918446376594293,3.25435414648594
1.68700396825397,0.241181148439923,0.27684746803377,0.091800709368084,3.25450000905774
1.68710317460317,0.241160906856385,0.276833070059707,0.0917568021094583,3.25464585591833
1.68720238095238,0.241140667463657,0.276818669723557,0.091712915873672,3.25479168707092
1.68730158730159,0.241120430261299,0.276804267027135,0.0916690506508483,3.25493750251874
1.68740079365079,0.241100195248872,0.276789861972252,0.0916252064311146,3.25508330226501
1.6875,0.241079962425936,0.276775454560721,0.091581383204601,3.25522908631296
1.68759920634921,0.241059731792052,0.276761044794353,0.0915375809614416,3.2553748546658
1.68769841269841,0.24103950334678,0.276746632674959,0.0914937996917736,3.25552060732676
1.68779761904762,0.241019277089683,0.276732218204349,0.0914500393857378,3.25566634429905
1.68789682539683,0.240999053020322,0.276717801384332,0.0914063000334789,3.2558120655859
1.68799603174603,0.240978831138258,0.276703382216716,0.0913625816251445,3.25595777119051
1.68809523809524,0.240958611443053,0.27668896070331,0.0913188841508857,3.25610346111612
1.68819444444444,0.24093839393427,0.27667453684592,0.0912752076008578,3.25624913536593
1.68829365079365,0.24091817861147,0.276660110646353,0.0912315519652187,3.25639479394315
1.68839285714286,0.240897965474215,0.276645682106415,0.0911879172341303,3.25654043685101
1.68849206349206,0.240877754522069,0.276631251227911,0.0911443033977576,3.25668606409271
1.68859126984127,0.240857545754595,0.276616818012644,0.0911007104462697,3.25683167567147
1.68869047619048,0.240837339171355,0.276602382462419,0.0910571383698385,3.2569772715905
1.68878968253968,0.240817134771913,0.276587944579038,0.0910135871586397,3.257122851853
1.68888888888889,0.240796932555832,0.276573504364303,0.0909700568028526,3.2572684164622
1.6889880952381,0.240776732522675,0.276559061820017,0.0909265472926598,3.25741396542128
1.6890873015873,0.240756534672007,0.276544616947979,0.0908830586182474,3.25755949873347
1.68918650793651,0.240736339003392,0.27653016974999,0.0908395907698049,3.25770501640196
1.68928571428571,0.240716145516394,0.276515720227849,0.0907961437375254,3.25785051842997
1.68938492063492,0.240695954210577,0.276501268383354,0.0907527175116056,3.25799600482069
1.68948412698413,0.240675765085506,0.276486814218304,0.0907093120822454,3.25814147557734
1.68958333333333,0.240655578140746,0.276472357734496,0.0906659274396483,3.25828693070311
1.68968253968254,0.240635393375862,0.276457898933726,0.0906225635740216,3.2584323702012
1.68978174603175,0.24061521079042,0.27644343781779,0.0905792204755755,3.25857779407482
1.68988095238095,0.240595030383984,0.276428974388483,0.090535898134524,3.25872320232717
1.68998015873016,0.24057485215612,0.276414508647599,0.0904925965410845,3.25886859496143
1.69007936507937,0.240554676106395,0.276400040596933,0.0904493156854782,3.25901397198082
1.69017857142857,0.240534502234374,0.276385570238276,0.0904060555579292,3.25915933338853
1.69027777777778,0.240514330539623,0.276371097573422,0.0903628161486655,3.25930467918776
1.69037698412698,0.24049416102171,0.276356622604161,0.0903195974479185,3.25945000938169
1.69047619047619,0.2404739936802,0.276342145332285,0.0902763994459231,3.25959532397352
1.6905753968254,0.240453828514661,0.276327665759584,0.0902332221329176,3.25974062296646
1.6906746031746,0.240433665524659,0.276313183887846,0.0901900654991437,3.25988590636368
1.69077380952381,0.240413504709762,0.276298699718862,0.0901469295348467,3.26003117416838
1.69087301587302,0.240393346069538,0.276284213254418,0.0901038142302755,3.26017642638375
1.69097222222222,0.240373189603554,0.276269724496302,0.0900607195756824,3.26032166301298
1.69107142857143,0.240353035311378,0.276255233446301,0.0900176455613228,3.26046688405926
1.69117063492064,0.240332883192578,0.2762407401062,0.0899745921774564,3.26061208952577
1.69126984126984,0.240312733246723,0.276226244477784,0.0899315594143456,3.26075727941571
1.69136904761905,0.24029258547338,0.276211746562839,0.0898885472622567,3.26090245373225
1.69146825396825,0.240272439872119,0.276197246363147,0.0898455557114591,3.26104761247858
1.69156746031746,0.240252296442508,0.276182743880492,0.0898025847522263,3.26119275565789
1.69166666666667,0.240232155184117,0.276168239116656,0.0897596343748347,3.26133788327336
1.69176587301587,0.240212016096514,0.27615373207342,0.0897167045695644,3.26148299532817
1.69186507936508,0.24019187917927,0.276139222752566,0.0896737953266992,3.2616280918255
1.69196428571429,0.240171744431954,0.276124711155874,0.089630906636526,3.26177317276853
1.69206349206349,0.240151611854136,0.276110197285123,0.0895880384893354,3.26191823816044
1.6921626984127,0.240131481445386,0.276095681142092,0.0895451908754213,3.26206328800441
1.6922619047619,0.240111353205274,0.276081162728558,0.0895023637850812,3.26220832230361
1.69236111111111,0.240091227133371,0.2760666420463,0.0894595572086164,3.26235334106123
1.69246031746032,0.240071103229247,0.276052119097094,0.0894167711363311,3.26249834428043
1.69255952380952,0.240050981492474,0.276037593882716,0.0893740055585331,3.2626433319644
1.69265873015873,0.240030861922623,0.276023066404941,0.0893312604655343,3.26278830411629
1.69275793650794,0.240010744519264,0.276008536665543,0.0892885358476493,3.2629332607393
1.69285714285714,0.23999062928197,0.275994004666297,0.0892458316951966,3.26307820183658
1.69295634920635,0.239970516210311,0.275979470408976,0.0892031479984978,3.26322312741131
1.69305555555556,0.239950405303861,0.275964933895351,0.0891604847478786,3.26336803746666
1.69315476190476,0.239930296562191,0.275950395127195,0.0891178419336678,3.2635129320058
1.69325396825397,0.239910189984873,0.275935854106278,0.0890752195461975,3.26365781103189
1.69335317460317,0.23989008557148,0.275921310834371,0.0890326175758037,3.26380267454811
1.69345238095238,0.239869983321585,0.275906765313243,0.0889900360128257,3.26394752255761
1.69355158730159,0.23984988323476,0.275892217544663,0.0889474748476061,3.26409235506356
1.69365079365079,0.239829785310579,0.2758776675304,0.0889049340704913,3.26423717206913
1.69375,0.239809689548615,0.27586311527222,0.0888624136718307,3.26438197357748
1.69384920634921,0.239789595948442,0.275848560771891,0.0888199136419779,3.26452675959177
1.69394841269841,0.239769504509633,0.275834004031178,0.0887774339712894,3.26467153011517
1.69404761904762,0.239749415231762,0.275819445051847,0.0887349746501253,3.26481628515082
1.69414682539683,0.239729328114403,0.275804883835662,0.0886925356688495,3.2649610247019
1.69424603174603,0.239709243157131,0.275790320384387,0.0886501170178289,3.26510574877156
1.69434523809524,0.239689160359521,0.275775754699785,0.0886077186874342,3.26525045736296
1.69444444444444,0.239669079721146,0.275761186783619,0.0885653406680393,3.26539515047925
1.69454365079365,0.239649001241582,0.275746616637651,0.0885229829500221,3.26553982812359
1.69464285714286,0.239628924920404,0.275732044263641,0.0884806455237634,3.26568449029914
1.69474206349206,0.239608850757188,0.27571746966335,0.0884383283796477,3.26582913700905
1.69484126984127,0.239588778751508,0.275702892838538,0.0883960315080633,3.26597376825646
1.69494047619048,0.239568708902941,0.275688313790963,0.0883537548994015,3.26611838404454
1.69503968253968,0.239548641211063,0.275673732522383,0.0883114985440573,3.26626298437643
1.69513888888889,0.239528575675449,0.275659149034557,0.0882692624324292,3.26640756925529
1.6952380952381,0.239508512295676,0.27564456332924,0.0882270465549189,3.26655213868426
1.6953373015873,0.239488451071321,0.27562997540819,0.0881848509019321,3.26669669266649
1.69543650793651,0.239468392001961,0.275615385273161,0.0881426754638776,3.26684123120513
1.69553571428571,0.239448335087172,0.275600792925908,0.0881005202311676,3.26698575430332
1.69563492063492,0.239428280326531,0.275586198368184,0.0880583851942184,3.26713026196421
1.69573412698413,0.239408227719616,0.275571601601744,0.088016270343449,3.26727475419094
1.69583333333333,0.239388177266004,0.27555700262834,0.0879741756692823,3.26741923098666
1.69593253968254,0.239368128965274,0.275542401449723,0.0879321011621444,3.26756369235451
1.69603174603175,0.239348082817003,0.275527798067645,0.0878900468124655,3.26770813829762
1.69613095238095,0.239328038820769,0.275513192483856,0.0878480126106786,3.26785256881915
1.69623015873016,0.23930799697615,0.275498584700105,0.0878059985472204,3.26799698392223
1.69632936507937,0.239287957282726,0.275483974718142,0.0877640046125314,3.26814138361
1.69642857142857,0.239267919740075,0.275469362539716,0.0877220307970551,3.2682857678856
1.69652777777778,0.239247884347775,0.275454748166573,0.0876800770912387,3.26843013675216
1.69662698412698,0.239227851105407,0.27544013160046,0.0876381434855329,3.26857449021281
1.69672619047619,0.23920782001255,0.275425512843124,0.0875962299703917,3.26871882827071
1.6968253968254,0.239187791068782,0.27541089189631,0.087554336536273,3.26886315092897
1.6969246031746,0.239167764273684,0.275396268761762,0.0875124631736378,3.26900745819073
1.69702380952381,0.239147739626836,0.275381643441226,0.0874706098729505,3.26915175005913
1.69712301587302,0.239127717127818,0.275367015936444,0.0874287766246794,3.26929602653729
1.69722222222222,0.23910769677621,0.275352386249158,0.0873869634192962,3.26944028762834
1.69732142857143,0.239087678571593,0.275337754381111,0.0873451702472756,3.26958453333542
1.69742063492064,0.239067662513548,0.275323120334043,0.0873033970990961,3.26972876366165
1.69751984126984,0.239047648601656,0.275308484109696,0.0872616439652401,3.26987297861016
1.69761904761905,0.239027636835497,0.275293845709809,0.0872199108361928,3.27001717818407
1.69771825396825,0.239007627214654,0.275279205136121,0.087178197702443,3.27016136238652
1.69781746031746,0.238987619738708,0.275264562390371,0.0871365045544835,3.27030553122062
1.69791666666667,0.23896761440724,0.275249917474296,0.08709483138281,3.27044968468951
1.69801587301587,0.238947611219833,0.275235270389633,0.087053178177922,3.27059382279629
1.69811507936508,0.238927610176069,0.275220621138118,0.0870115449303224,3.2707379455441
1.69821428571429,0.238907611275529,0.275205969721486,0.0869699316305173,3.27088205293605
1.69831349206349,0.238887614517798,0.275191316141474,0.0869283382690169,3.27102614497527
1.6984126984127,0.238867619902457,0.275176660399814,0.0868867648363343,3.27117022166487
1.6985119047619,0.23884762742909,0.27516200249824,0.0868452113229863,3.27131428300798
1.69861111111111,0.23882763709728,0.275147342438485,0.0868036777194934,3.2714583290077
1.69871031746032,0.23880764890661,0.275132680222281,0.0867621640163793,3.27160235966715
1.69880952380952,0.238787662856664,0.275118015851358,0.0867206702041711,3.27174637498946
1.69890873015873,0.238767678947025,0.275103349327448,0.0866791962733996,3.27189037497773
1.69900793650794,0.238747697177278,0.275088680652281,0.0866377422145991,3.27203435963508
1.69910714285714,0.238727717547007,0.275074009827585,0.0865963080183072,3.27217832896462
1.69920634920635,0.238707740055796,0.275059336855089,0.0865548936750649,3.27232228296946
1.69930555555556,0.23868776470323,0.275044661736521,0.0865134991754173,3.27246622165271
1.69940476190476,0.238667791488893,0.275029984473608,0.0864721245099122,3.27261014501748
1.69950396825397,0.238647820412372,0.275015305068075,0.0864307696691013,3.27275405306688
1.69960317460317,0.23862785147325,0.27500062352165,0.0863894346435398,3.27289794580402
1.69970238095238,0.238607884671113,0.274985939836055,0.086348119423786,3.273041823232
1.69980158730159,0.238587920005547,0.274971254013017,0.0863068240004022,3.27318568535393
1.69990079365079,0.238567957476138,0.274956566054257,0.0862655483639539,3.27332953217292
1.7,0.238547997082472,0.274941875961499,0.08622429250501,3.27347336369206
1.70009920634921,0.238528038824135,0.274927183736465,0.0861830564141432,3.27361717991447
1.70019841269841,0.238508082700713,0.274912489380877,0.0861418400819294,3.27376098084324
1.70029761904762,0.238488128711794,0.274897792896454,0.0861006434989481,3.27390476648148
1.70039682539683,0.238468176856963,0.274883094284918,0.086059466655782,3.27404853683228
1.70049603174603,0.238448227135808,0.274868393547986,0.0860183095430178,3.27419229189874
1.70059523809524,0.238428279547916,0.274853690687378,0.0859771721512454,3.27433603168397
1.70069444444444,0.238408334092874,0.274838985704811,0.085936054471058,3.27447975619106
1.70079365079365,0.238388390770271,0.274824278602002,0.0858949564930526,3.2746234654231
1.70089285714286,0.238368449579694,0.274809569380669,0.0858538782078296,3.27476715938319
1.70099206349206,0.238348510520731,0.274794858042525,0.0858128196059928,3.27491083807443
1.70109126984127,0.23832857359297,0.274780144589288,0.0857717806781494,3.27505450149991
1.70119047619048,0.238308638796,0.274765429022669,0.0857307614149101,3.27519814966272
1.70128968253968,0.238288706129409,0.274750711344385,0.0856897618068895,3.27534178256596
1.70138888888889,0.238268775592787,0.274735991556146,0.0856487818447052,3.27548540021271
1.7014880952381,0.238248847185722,0.274721269659665,0.0856078215189783,3.27562900260606
1.7015873015873,0.238228920907803,0.274706545656654,0.0855668808203338,3.27577258974911
1.70168650793651,0.23820899675862,0.274691819548823,0.0855259597393997,3.27591616164494
1.70178571428571,0.238189074737763,0.274677091337882,0.0854850582668077,3.27605971829664
1.70188492063492,0.238169154844822,0.274662361025541,0.0854441763931928,3.27620325970729
1.70198412698413,0.238149237079385,0.274647628613509,0.085403314109194,3.27634678587998
1.70208333333333,0.238129321441045,0.274632894103492,0.0853624714054532,3.2764902968178
1.70218253968254,0.238109407929391,0.274618157497198,0.085321648272616,3.27663379252382
1.70228174603175,0.238089496544013,0.274603418796334,0.0852808447013316,3.27677727300113
1.70238095238095,0.238069587284504,0.274588678002606,0.0852400606822524,3.27692073825281
1.70248015873016,0.238049680150453,0.274573935117717,0.0851992962060346,3.27706418828194
1.70257936507936,0.238029775141452,0.274559190143374,0.0851585512633376,3.2772076230916
1.70267857142857,0.238009872257093,0.274544443081279,0.0851178258448244,3.27735104268488
1.70277777777778,0.237989971496967,0.274529693933135,0.0850771199411616,3.27749444706484
1.70287698412698,0.237970072860666,0.274514942700645,0.0850364335430191,3.27763783623456
1.70297619047619,0.237950176347782,0.274500189385509,0.0849957666410703,3.27778121019712
1.7030753968254,0.237930281957907,0.27448543398943,0.0849551192259923,3.27792456895559
1.7031746031746,0.237910389690634,0.274470676514106,0.0849144912884654,3.27806791251306
1.70327380952381,0.237890499545556,0.274455916961237,0.0848738828191734,3.27821124087258
1.70337301587302,0.237870611522265,0.274441155332522,0.0848332938088037,3.27835455403724
1.70347222222222,0.237850725620355,0.274426391629659,0.0847927242480474,3.2784978520101
1.70357142857143,0.237830841839418,0.274411625854345,0.0847521741275986,3.27864113479423
1.70367063492064,0.237810960179049,0.274396858008277,0.084711643438155,3.2787844023927
1.70376984126984,0.23779108063884,0.274382088093149,0.0846711321704183,3.27892765480859
1.70386904761905,0.237771203218387,0.274367316110659,0.0846306403150929,3.27907089204496
1.70396825396825,0.237751327917282,0.274352542062499,0.0845901678628873,3.27921411410487
1.70406746031746,0.23773145473512,0.274337765950363,0.0845497148045131,3.27935732099139
1.70416666666667,0.237711583671496,0.274322987775946,0.0845092811306855,3.27950051270759
1.70426587301587,0.237691714726004,0.274308207540938,0.0844688668321233,3.27964368925652
1.70436507936508,0.237671847898239,0.274293425247031,0.0844284718995487,3.27978685064125
1.70446428571429,0.237651983187797,0.274278640895917,0.0843880963236871,3.27992999686485
1.70456349206349,0.237632120594272,0.274263854489285,0.0843477400952681,3.28007312793037
1.7046626984127,0.237612260117261,0.274249066028824,0.084307403205024,3.28021624384087
1.7047619047619,0.237592401756358,0.274234275516225,0.0842670856436909,3.28035934459942
1.70486111111111,0.23757254551116,0.274219482953174,0.0842267874020084,3.28050243020906
1.70496031746032,0.237552691381262,0.274204688341358,0.0841865084707198,3.28064550067287
1.70505952380952,0.237532839366262,0.274189891682466,0.0841462488405715,3.28078855599388
1.70515873015873,0.237512989465755,0.274175092978181,0.0841060085023133,3.28093159617516
1.70525793650794,0.237493141679338,0.274160292230191,0.0840657874466991,3.28107462121976
1.70535714285714,0.237473296006609,0.274145489440178,0.0840255856644857,3.28121763113074
1.70545634920635,0.237453452447164,0.274130684609827,0.0839854031464336,3.28136062591115
1.70555555555556,0.2374336110006,0.274115877740821,0.0839452398833067,3.28150360556403
1.70565476190476,0.237413771666516,0.274101068834842,0.0839050958658723,3.28164657009245
1.70575396825397,0.237393934444508,0.274086257893572,0.0838649710849017,3.28178951949944
1.70585317460317,0.237374099334175,0.274071444918692,0.0838248655311691,3.28193245378806
1.70595238095238,0.237354266335115,0.274056629911882,0.0837847791954522,3.28207537296135
1.70605158730159,0.237334435446926,0.274041812874821,0.0837447120685326,3.28221827702237
1.70615079365079,0.237314606669207,0.274026993809189,0.0837046641411951,3.28236116597415
1.70625,0.237294780001556,0.274012172716663,0.083664635404228,3.28250403981975
1.70634920634921,0.237274955443573,0.273997349598921,0.0836246258484229,3.2826468985622
1.70644841269841,0.237255132994855,0.273982524457639,0.0835846354645754,3.28278974220454
1.70654761904762,0.237235312655004,0.273967697294494,0.0835446642434841,3.28293257074983
1.70664682539683,0.237215494423618,0.27395286811116,0.0835047121759512,3.2830753842011
1.70674603174603,0.237195678300297,0.273938036909313,0.0834647792527825,3.28321818256139
1.70684523809524,0.23717586428464,0.273923203690626,0.0834248654647873,3.28336096583374
1.70694444444444,0.237156052376249,0.273908368456772,0.0833849708027781,3.28350373402119
1.70704365079365,0.237136242574723,0.273893531209424,0.0833450952575712,3.28364648712678
1.70714285714286,0.237116434879663,0.273878691950253,0.0833052388199861,3.28378922515354
1.70724206349206,0.23709662929067,0.273863850680931,0.083265401480846,3.2839319481045
1.70734126984127,0.237076825807344,0.273849007403127,0.0832255832309777,3.28407465598271
1.70744047619048,0.237057024429287,0.273834162118511,0.0831857840612109,3.2842173487912
1.70753968253968,0.2370372251561,0.273819314828753,0.0831460039623796,3.28436002653299
1.70763888888889,0.237017427987384,0.27380446553552,0.0831062429253206,3.28450268921112
1.7077380952381,0.236997632922742,0.27378961424048,0.0830665009408745,3.28464533682862
1.7078373015873,0.236977839961775,0.273774760945299,0.0830267779998851,3.28478796938852
1.70793650793651,0.236958049104086,0.273759905651644,0.0829870740932003,3.28493058689385
1.70803571428571,0.236938260349276,0.27374504836118,0.0829473892116708,3.28507318934764
1.70813492063492,0.236918473696948,0.273730189075572,0.0829077233461511,3.28521577675291
1.70823412698413,0.236898689146706,0.273715327796482,0.0828680764874992,3.2853583491127
1.70833333333333,0.236878906698152,0.273700464525576,0.0828284486265765,3.28550090643001
1.70843253968254,0.236859126350888,0.273685599264515,0.0827888397542479,3.28564344870789
1.70853174603175,0.23683934810452,0.27367073201496,0.0827492498613818,3.28578597594934
1.70863095238095,0.236819571958649,0.273655862778574,0.0827096789388498,3.2859284881574
1.70873015873016,0.23679979791288,0.273640991557016,0.0826701269775277,3.28607098533509
1.70882936507936,0.236780025966817,0.273626118351947,0.082630593968294,3.28621346748542
1.70892857142857,0.236760256120064,0.273611243165024,0.082591079902031,3.28635593461142
1.70902777777778,0.236740488372225,0.273596365997906,0.0825515847696248,3.2864983867161
1.70912698412698,0.236720722722905,0.273581486852252,0.0825121085619643,3.28664082380248
1.70922619047619,0.236700959171708,0.273566605729717,0.0824726512699425,3.28678324587358
1.7093253968254,0.23668119771824,0.273551722631958,0.0824332128844554,3.28692565293242
1.7094246031746,0.236661438362106,0.27353683756063,0.0823937933964029,3.287068044982
1.70952380952381,0.236641681102911,0.273521950517388,0.0823543927966882,3.28721042202535
1.70962301587302,0.236621925940261,0.273507061503885,0.0823150110762177,3.28735278406546
1.70972222222222,0.236602172873761,0.273492170521776,0.0822756482259019,3.28749513110537
1.70982142857143,0.236582421903018,0.273477277572713,0.0822363042366543,3.28763746314807
1.70992063492063,0.236562673027637,0.273462382658347,0.082196979099392,3.28777978019659
1.71001984126984,0.236542926247225,0.27344748578033,0.0821576728050356,3.28792208225391
1.71011904761905,0.236523181561388,0.273432586940313,0.082118385344509,3.28806436932307
1.71021825396825,0.236503438969734,0.273417686139944,0.0820791167087401,3.28820664140705
1.71031746031746,0.23648369847187,0.273402783380873,0.0820398668886597,3.28834889850887
1.71041666666667,0.236463960067401,0.273387878664748,0.0820006358752023,3.28849114063154
1.71051587301587,0.236444223755937,0.273372971993218,0.0819614236593061,3.28863336777806
1.71061507936508,0.236424489537084,0.273358063367928,0.0819222302319125,3.28877557995142
1.71071428571429,0.236404757410451,0.273343152790525,0.0818830555839664,3.28891777715465
1.71081349206349,0.236385027375644,0.273328240262655,0.0818438997064161,3.28905995939072
1.7109126984127,0.236365299432273,0.273313325785962,0.0818047625902138,3.28920212666266
1.7110119047619,0.236345573579946,0.27329840936209,0.0817656442263149,3.28934427897345
1.71111111111111,0.236325849818271,0.273283490992683,0.081726544605678,3.28948641632609
1.71121031746032,0.236306128146858,0.273268570679384,0.0816874637192657,3.28962853872359
1.71130952380952,0.236286408565314,0.273253648423833,0.0816484015580439,3.28977064616893
1.71140873015873,0.23626669107325,0.273238724227674,0.0816093581129817,3.28991273866512
1.71150793650794,0.236246975670275,0.273223798092545,0.0815703333750522,3.29005481621515
1.71160714285714,0.236227262355998,0.273208870020087,0.0815313273352312,3.29019687882202
1.71170634920635,0.23620755113003,0.273193940011939,0.081492339984499,3.29033892648871
1.71180555555556,0.236187841991979,0.27317900806974,0.0814533713138387,3.29048095921823
1.71190476190476,0.236168134941457,0.273164074195126,0.0814144213142368,3.29062297701355
1.71200396825397,0.236148429978074,0.273149138389736,0.0813754899766838,3.29076497987768
1.71210317460317,0.23612872710144,0.273134200655204,0.0813365772921733,3.29090696781359
1.71220238095238,0.236109026311167,0.273119260993168,0.0812976832517025,3.29104894082429
1.71230158730159,0.236089327606864,0.273104319405262,0.0812588078462718,3.29119089891275
1.71240079365079,0.236069630988145,0.273089375893119,0.0812199510668857,3.29133284208197
1.7125,0.236049936454619,0.273074430458374,0.0811811129045517,3.29147477033492
1.71259920634921,0.236030244005898,0.273059483102658,0.0811422933502808,3.2916166836746
1.71269841269841,0.236010553641595,0.273044533827605,0.0811034923950877,3.29175858210398
1.71279761904762,0.235990865361321,0.273029582634845,0.0810647100299904,3.29190046562606
1.71289682539683,0.235971179164688,0.273014629526009,0.0810259462460105,3.29204233424381
1.71299603174603,0.23595149505131,0.272999674502727,0.080987201034173,3.2921841879602
1.71309523809524,0.235931813020798,0.272984717566627,0.0809484743855061,3.29232602677824
1.71319444444444,0.235912133072766,0.27296975871934,0.0809097662910424,3.29246785070088
1.71329365079365,0.235892455206826,0.272954797962491,0.0808710767418169,3.29260965973111
1.71339285714286,0.235872779422591,0.272939835297709,0.0808324057288686,3.29275145387192
1.71349206349206,0.235853105719676,0.272924870726619,0.0807937532432401,3.29289323312626
1.71359126984127,0.235833434097693,0.272909904250848,0.0807551192759772,3.29303499749712
1.71369047619048,0.235813764556257,0.27289493587202,0.0807165038181294,3.29317674698748
1.71378968253968,0.235794097094982,0.27287996559176,0.0806779068607492,3.2933184816003
1.71388888888889,0.235774431713481,0.27286499341169,0.0806393283948934,3.29346020133856
1.7139880952381,0.23575476841137,0.272850019333434,0.0806007684116218,3.29360190620523
1.7140873015873,0.235735107188262,0.272835043358614,0.0805622269019973,3.29374359620328
1.71418650793651,0.235715448043774,0.272820065488851,0.0805237038570871,3.29388527133568
1.71428571428571,0.235695790977519,0.272805085725766,0.0804851992679614,3.29402693160541
1.71438492063492,0.235676135989113,0.272790104070979,0.0804467131256938,3.29416857701541
1.71448412698413,0.235656483078171,0.272775120526109,0.0804082454213617,3.29431020756868
1.71458333333333,0.23563683224431,0.272760135092775,0.0803697961460456,3.29445182326816
1.71468253968254,0.235617183487144,0.272745147772594,0.08033136529083,3.29459342411683
1.71478174603175,0.235597536806291,0.272730158567184,0.0802929528468025,3.29473501011764
1.71488095238095,0.235577892201366,0.272715167478161,0.0802545588050539,3.29487658127357
1.71498015873016,0.235558249671985,0.27270017450714,0.0802161831566794,3.29501813758757
1.71507936507936,0.235538609217766,0.272685179655738,0.0801778258927768,3.29515967906261
1.71517857142857,0.235518970838325,0.272670182925567,0.0801394870044478,3.29530120570164
1.71527777777778,0.23549933453328,0.272655184318242,0.0801011664827972,3.29544271750763
1.71537698412698,0.235479700302247,0.272640183835376,0.080062864318934,3.29558421448353
1.71547619047619,0.235460068144844,0.27262518147858,0.0800245805039701,3.2957256966323
1.7155753968254,0.235440438060688,0.272610177249467,0.0799863150290208,3.29586716395689
1.7156746031746,0.235420810049398,0.272595171149646,0.0799480678852054,3.29600861646028
1.71577380952381,0.235401184110592,0.272580163180728,0.0799098390636463,3.29615005414539
1.71587301587302,0.235381560243887,0.272565153344323,0.0798716285554695,3.2962914770152
1.71597222222222,0.235361938448903,0.272550141642038,0.0798334363518044,3.29643288507265
1.71607142857143,0.235342318725258,0.272535128075483,0.0797952624437837,3.2965742783207
1.71617063492063,0.235322701072571,0.272520112646263,0.0797571068225442,3.2967156567623
1.71626984126984,0.23530308549046,0.272505095355986,0.0797189694792257,3.29685702040039
1.71636904761905,0.235283471978546,0.272490076206257,0.0796808504049713,3.29699836923793
1.71646825396825,0.235263860536447,0.272475055198681,0.0796427495909283,3.29713970327786
1.71656746031746,0.235244251163784,0.272460032334863,0.0796046670282468,3.29728102252313
1.71666666666667,0.235224643860176,0.272445007616407,0.0795666027080806,3.29742232697668
1.71676587301587,0.235205038625244,0.272429981044915,0.0795285566215868,3.29756361664147
1.71686507936508,0.235185435458606,0.272414952621989,0.0794905287599266,3.29770489152044
1.71696428571429,0.235165834359885,0.272399922349232,0.0794525191142641,3.29784615161652
1.71706349206349,0.235146235328701,0.272384890228243,0.0794145276757668,3.29798739693267
1.7171626984127,0.235126638364675,0.272369856260624,0.0793765544356063,3.29812862747182
1.7172619047619,0.235107043467427,0.272354820447973,0.0793385993849571,3.29826984323692
1.71736111111111,0.235087450636579,0.272339782791889,0.0793006625149974,3.2984110442309
1.71746031746032,0.235067859871753,0.272324743293971,0.0792627438169089,3.2985522304567
1.71755952380952,0.235048271172569,0.272309701955815,0.0792248432818766,3.29869340191726
1.71765873015873,0.235028684538651,0.272294658779017,0.0791869609010893,3.29883455861552
1.71775793650794,0.23500909996962,0.272279613765175,0.0791490966657391,3.29897570055441
1.71785714285714,0.234989517465099,0.272264566915883,0.0791112505670215,3.29911682773687
1.71795634920635,0.23496993702471,0.272249518232735,0.0790734225961356,3.29925794016583
1.71805555555556,0.234950358648075,0.272234467717326,0.0790356127442841,3.29939903784423
1.71815476190476,0.234930782334818,0.272219415371247,0.0789978210026728,3.29954012077499
1.71825396825397,0.234911208084561,0.272204361196093,0.0789600473625112,3.29968118896105
1.71835317460317,0.234891635896929,0.272189305193453,0.0789222918150125,3.29982224240534
1.71845238095238,0.234872065771544,0.272174247364919,0.0788845543513932,3.29996328111079
1.71855158730159,0.23485249770803,0.272159187712082,0.0788468349628729,3.30010430508032
1.71865079365079,0.234832931706012,0.272144126236531,0.0788091336406754,3.30024531431687
1.71875,0.234813367765112,0.272129062939854,0.0787714503760275,3.30038630882335
1.71884920634921,0.234793805884956,0.272113997823639,0.0787337851601596,3.30052728860271
1.71894841269841,0.234774246065169,0.272098930889474,0.0786961379843055,3.30066825365785
1.71904761904762,0.234754688305373,0.272083862138946,0.0786585088397025,3.3008092039917
1.71914682539683,0.234735132605196,0.272068791573641,0.0786208977175917,3.30095013960719
1.71924603174603,0.234715578964262,0.272053719195143,0.0785833046092173,3.30109106050724
1.71934523809524,0.234696027382195,0.272038645005038,0.078545729505827,3.30123196669477
1.71944444444444,0.234676477858622,0.272023569004908,0.0785081723986722,3.3013728581727
1.71954365079365,0.234656930393169,0.272008491196338,0.0784706332790077,3.30151373494394
1.71964285714286,0.234637384985461,0.271993411580909,0.0784331121380917,3.30165459701142
1.71974206349206,0.234617841635124,0.271978330160204,0.0783956089671858,3.30179544437805
1.71984126984127,0.234598300341785,0.271963246935803,0.0783581237575553,3.30193627704676
1.71994047619048,0.23457876110507,0.271948161909286,0.078320656500469,3.30207709502044
1.72003968253968,0.234559223924606,0.271933075082233,0.0782832071871988,3.30221789830203
1.72013888888889,0.234539688800021,0.271917986456223,0.0782457758090207,3.30235868689442
1.7202380952381,0.23452015573094,0.271902896032835,0.0782083623572136,3.30249946080054
1.7203373015873,0.234500624716991,0.271887803813644,0.0781709668230602,3.3026402200233
1.72043650793651,0.234481095757803,0.271872709800229,0.0781335891978466,3.3027809645656
1.72053571428571,0.234461568853002,0.271857613994165,0.0780962294728621,3.30292169443036
1.72063492063492,0.234442044002217,0.271842516397028,0.0780588876394002,3.30306240962048
1.72073412698413,0.234422521205076,0.271827417010391,0.0780215636887571,3.30320311013888
1.72083333333333,0.234403000461206,0.27181231583583,0.0779842576122329,3.30334379598845
1.72093253968254,0.234383481770238,0.271797212874917,0.0779469694011312,3.30348446717211
1.72103174603175,0.234363965131798,0.271782108129224,0.077909699046759,3.30362512369276
1.72113095238095,0.234344450545518,0.271767001600324,0.0778724465404266,3.3037657655533
1.72123015873016,0.234324938011024,0.271751893289787,0.0778352118734479,3.30390639275663
1.72132936507937,0.234305427527947,0.271736783199184,0.0777979950371406,3.30404700530567
1.72142857142857,0.234285919095917,0.271721671330085,0.0777607960228254,3.30418760320331
1.72152777777778,0.234266412714563,0.271706557684057,0.0777236148218266,3.30432818645244
1.72162698412698,0.234246908383515,0.271691442262671,0.0776864514254723,3.30446875505597
1.72172619047619,0.234227406102403,0.271676325067492,0.0776493058250938,3.30460930901681
1.7218253968254,0.234207905870858,0.271661206100088,0.0776121780120257,3.30474984833783
1.7219246031746,0.23418840768851,0.271646085362026,0.0775750679776066,3.30489037302195
1.72202380952381,0.23416891155499,0.271630962854869,0.0775379757131779,3.30503088307205
1.72212301587302,0.234149417469929,0.271615838580183,0.0775009012100853,3.30517137849104
1.72222222222222,0.234129925432958,0.271600712539533,0.0774638444596774,3.3053118592818
1.72232142857143,0.234110435443708,0.27158558473448,0.0774268054533063,3.30545232544723
1.72242063492064,0.234090947501811,0.271570455166589,0.0773897841823278,3.30559277699021
1.72251984126984,0.234071461606899,0.27155532383742,0.0773527806381012,3.30573321391365
1.72261904761905,0.234051977758604,0.271540190748534,0.0773157948119891,3.30587363622043
1.72271825396825,0.234032495956557,0.271525055901493,0.0772788266953574,3.30601404391343
1.72281746031746,0.234013016200392,0.271509919297856,0.0772418762795762,3.30615443699555
1.72291666666667,0.233993538489741,0.271494780939181,0.0772049435560183,3.30629481546968
1.72301587301587,0.233974062824236,0.271479640827028,0.0771680285160603,3.30643517933869
1.72311507936508,0.233954589203511,0.271464498962953,0.0771311311510824,3.30657552860548
1.72321428571429,0.233935117627199,0.271449355348514,0.0770942514524682,3.30671586327293
1.72331349206349,0.233915648094933,0.271434209985266,0.0770573894116046,3.30685618334393
1.7234126984127,0.233896180606346,0.271419062874766,0.0770205450198822,3.30699648882134
1.7235119047619,0.233876715161074,0.271403914018568,0.0769837182686949,3.30713677970807
1.72361111111111,0.233857251758748,0.271388763418226,0.0769469091494403,3.30727705600698
1.72371031746032,0.233837790399005,0.271373611075293,0.0769101176535193,3.30741731772096
1.72380952380952,0.233818331081477,0.271358456991321,0.0768733437723363,3.30755756485288
1.72390873015873,0.2337988738058,0.271343301167864,0.0768365874972994,3.30769779740562
1.72400793650794,0.233779418571608,0.271328143606472,0.07679984881982,3.30783801538206
1.72410714285714,0.233759965378537,0.271312984308695,0.0767631277313128,3.30797821878508
1.72420634920635,0.233740514226222,0.271297823276084,0.0767264242231961,3.30811840761755
1.72430555555556,0.233721065114298,0.271282660510187,0.076689738286892,3.30825858188234
1.72440476190476,0.2337016180424,0.271267496012552,0.0766530699138258,3.30839874158233
1.72450396825397,0.233682173010165,0.271252329784728,0.0766164190954261,3.30853888672039
1.72460317460317,0.233662730017228,0.271237161828262,0.0765797858231255,3.30867901729939
1.72470238095238,0.233643289063226,0.271221992144699,0.0765431700883595,3.3088191333222
1.72480158730159,0.233623850147795,0.271206820735585,0.0765065718825676,3.30895923479168
1.72490079365079,0.233604413270571,0.271191647602465,0.0764699911971923,3.30909932171072
1.725,0.233584978431192,0.271176472746883,0.0764334280236798,3.30923939408217
1.72509920634921,0.233565545629295,0.271161296170383,0.0763968823534801,3.3093794519089
1.72519841269841,0.233546114864516,0.271146117874506,0.0763603541780461,3.30951949519377
1.72529761904762,0.233526686136493,0.271130937860796,0.0763238434888345,3.30965952393966
1.72539682539683,0.233507259444864,0.271115756130793,0.0762873502773056,3.30979953814942
1.72549603174603,0.233487834789267,0.271100572686039,0.0762508745349229,3.30993953782592
1.72559523809524,0.233468412169339,0.271085387528072,0.0762144162531535,3.31007952297202
1.72569444444444,0.233448991584718,0.271070200658432,0.0761779754234678,3.31021949359058
1.72579365079365,0.233429573035044,0.271055012078657,0.0761415520373402,3.31035944968446
1.72589285714286,0.233410156519955,0.271039821790286,0.0761051460862482,3.31049939125652
1.72599206349206,0.233390742039089,0.271024629794854,0.0760687575616725,3.31063931830961
1.72609126984127,0.233371329592086,0.2710094360939,0.076032386455098,3.3107792308466
1.72619047619048,0.233351919178585,0.270994240688957,0.0759960327580125,3.31091912887033
1.72628968253968,0.233332510798225,0.270979043581561,0.0759596964619075,3.31105901238367
1.72638888888889,0.233313104450646,0.270963844773247,0.0759233775582779,3.31119888138947
1.7264880952381,0.233293700135488,0.270948644265547,0.075887076038622,3.31133873589058
1.7265873015873,0.233274297852391,0.270933442059994,0.0758507918944421,3.31147857588986
1.72668650793651,0.233254897600994,0.270918238158122,0.0758145251172433,3.31161840139015
1.72678571428571,0.233235499380939,0.270903032561459,0.0757782756985344,3.31175821239431
1.72688492063492,0.233216103191866,0.270887825271539,0.075742043629828,3.31189800890518
1.72698412698413,0.233196709033416,0.27087261628989,0.0757058289026399,3.31203779092562
1.72708333333333,0.23317731690523,0.270857405618041,0.0756696315084892,3.31217755845847
1.72718253968254,0.233157926806949,0.270842193257522,0.0756334514388989,3.31231731150657
1.72728174603175,0.233138538738215,0.270826979209859,0.0755972886853952,3.31245705007279
1.72738095238095,0.233119152698669,0.270811763476581,0.0755611432395079,3.31259677415995
1.72748015873016,0.233099768687954,0.270796546059213,0.0755250150927701,3.3127364837709
1.72757936507937,0.23308038670571,0.270781326959281,0.0754889042367187,3.31287617890849
1.72767857142857,0.233061006751581,0.27076610617831,0.0754528106628939,3.31301585957556
1.72777777777778,0.233041628825208,0.270750883717825,0.0754167343628393,3.31315552577494
1.72787698412698,0.233022252926236,0.270735659579348,0.075380675328102,3.31329517750949
1.72797619047619,0.233002879054305,0.270720433764404,0.0753446335502327,3.31343481478203
1.7280753968254,0.23298350720906,0.270705206274513,0.0753086090207856,3.31357443759541
1.7281746031746,0.232964137390144,0.270689977111197,0.0752726017313183,3.31371404595246
1.72827380952381,0.2329447695972,0.270674746275978,0.0752366116733916,3.31385363985602
1.72837301587302,0.232925403829871,0.270659513770374,0.0752006388385705,3.31399321930893
1.72847222222222,0.232906040087803,0.270644279595906,0.0751646832184229,3.31413278431402
1.72857142857143,0.232886678370638,0.270629043754092,0.0751287448045202,3.31427233487412
1.72867063492064,0.232867318678021,0.27061380624645,0.0750928235884374,3.31441187099206
1.72876984126984,0.232847961009596,0.270598567074496,0.0750569195617532,3.31455139267069
1.72886904761905,0.232828605365009,0.270583326239749,0.0750210327160495,3.31469089991282
1.72896825396825,0.232809251743903,0.270568083743722,0.0749851630429115,3.31483039272129
1.72906746031746,0.232789900145925,0.270552839587931,0.0749493105339285,3.31496987109893
1.72916666666667,0.232770550570719,0.270537593773892,0.0749134751806928,3.31510933504856
1.72926587301587,0.232751203017931,0.270522346303116,0.0748776569748002,3.31524878457301
1.72936507936508,0.232731857487206,0.270507097177118,0.0748418559078501,3.31538821967511
1.72946428571429,0.23271251397819,0.270491846397408,0.0748060719714453,3.31552764035769
1.72956349206349,0.23269317249053,0.2704765939655,0.0747703051571923,3.31566704662356
1.7296626984127,0.232673833023872,0.270461339882904,0.0747345554567009,3.31580643847555
1.7297619047619,0.232654495577862,0.270446084151129,0.0746988228615842,3.31594581591648
1.72986111111111,0.232635160152147,0.270430826771685,0.0746631073634592,3.31608517894918
1.72996031746032,0.232615826746373,0.270415567746081,0.0746274089539462,3.31622452757646
1.73005952380952,0.232596495360189,0.270400307075825,0.0745917276246687,3.31636386180115
1.73015873015873,0.23257716599324,0.270385044762423,0.074556063367254,3.31650318162605
1.73025793650794,0.232557838645175,0.270369780807384,0.074520416173333,3.316642487054
1.73035714285714,0.232538513315641,0.270354515212211,0.0744847860345397,3.3167817780878
1.73045634920635,0.232519190004287,0.270339247978411,0.0744491729425117,3.31692105473028
1.73055555555556,0.23249986871076,0.270323979107488,0.0744135768888904,3.31706031698424
1.73065476190476,0.232480549434708,0.270308708600946,0.0743779978653203,3.3171995648525
1.73075396825397,0.232461232175781,0.270293436460287,0.0743424358634495,3.31733879833788
1.73085317460317,0.232441916933626,0.270278162687014,0.0743068908749295,3.31747801744318
1.73095238095238,0.232422603707893,0.270262887282628,0.0742713628914154,3.31761722217122
1.73105158730159,0.232403292498231,0.270247610248631,0.074235851904566,3.3177564125248
1.73115079365079,0.232383983304288,0.270232331586522,0.074200357906043,3.31789558850674
1.73125,0.232364676125716,0.270217051297801,0.0741648808875121,3.31803475011984
1.73134920634921,0.232345370962162,0.270201769383967,0.0741294208406423,3.31817389736692
1.73144841269841,0.232326067813278,0.270186485846517,0.074093977757106,3.31831303025077
1.73154761904762,0.232306766678713,0.27017120068695,0.0740585516285792,3.3184521487742
1.73164682539683,0.232287467558118,0.270155913906761,0.0740231424467412,3.31859125294002
1.73174603174603,0.232268170451143,0.270140625507447,0.0739877502032753,3.31873034275103
1.73184523809524,0.232248875357438,0.270125335490502,0.0739523748898675,3.31886941821004
1.73194444444444,0.232229582276656,0.270110043857422,0.0739170164982077,3.31900847931984
1.73204365079365,0.232210291208446,0.2700947506097,0.0738816750199896,3.31914752608323
1.73214285714286,0.23219100215246,0.270079455748828,0.0738463504469098,3.31928655850302
1.73224206349206,0.23217171510835,0.270064159276301,0.0738110427706686,3.31942557658201
1.73234126984127,0.232152430075768,0.270048861193608,0.0737757519829699,3.31956458032298
1.73244047619048,0.232133147054365,0.270033561502241,0.0737404780755209,3.31970356972875
1.73253968253968,0.232113866043793,0.270018260203691,0.0737052210400324,3.3198425448021
1.73263888888889,0.232094587043705,0.270002957299446,0.0736699808682187,3.31998150554582
1.7327380952381,0.232075310053753,0.269987652790996,0.0736347575517974,3.32012045196273
1.7328373015873,0.232056035073591,0.269972346679829,0.07359955108249,3.3202593840556
1.73293650793651,0.23203676210287,0.269957038967431,0.0735643614520209,3.32039830182723
1.73303571428571,0.232017491141244,0.269941729655291,0.0735291886521183,3.3205372052804
1.73313492063492,0.231998222188367,0.269926418744893,0.0734940326745138,3.32067609441792
1.73323412698413,0.231978955243892,0.269911106237724,0.0734588935109429,3.32081496924258
1.73333333333333,0.231959690307472,0.269895792135267,0.0734237711531438,3.32095382975714
1.73343253968254,0.231940427378763,0.269880476439006,0.0733886655928588,3.32109267596442
1.73353174603175,0.231921166457416,0.269865159150426,0.0733535768218334,3.32123150786719
1.73363095238095,0.231901907543088,0.269849840271007,0.0733185048318168,3.32137032546823
1.73373015873016,0.231882650635433,0.269834519802232,0.0732834496145613,3.32150912877034
1.73382936507936,0.231863395734105,0.269819197745582,0.0732484111618231,3.3216479177763
1.73392857142857,0.231844142838759,0.269803874102537,0.0732133894653615,3.32178669248889
1.73402777777778,0.231824891949051,0.269788548874576,0.0731783845169398,3.32192545291089
1.73412698412698,0.231805643064636,0.26977322206318,0.0731433963083243,3.32206419904508
1.73422619047619,0.231786396185169,0.269757893669825,0.0731084248312847,3.32220293089424
1.7343253968254,0.231767151310306,0.269742563695989,0.0730734700775948,3.32234164846115
1.7344246031746,0.231747908439704,0.269727232143149,0.0730385320390314,3.3224803517486
1.73452380952381,0.231728667573017,0.269711899012782,0.0730036107073748,3.32261904075935
1.73462301587302,0.231709428709903,0.269696564306362,0.0729687060744088,3.32275771549619
1.73472222222222,0.231690191850018,0.269681228025364,0.072933818131921,3.32289637596188
1.73482142857143,0.23167095699302,0.269665890171262,0.072898946871702,3.32303502215921
1.73492063492064,0.231651724138564,0.269650550745529,0.0728640922855462,3.32317365409094
1.73501984126984,0.231632493286308,0.269635209749638,0.0728292543652514,3.32331227175986
1.73511904761905,0.231613264435909,0.26961986718506,0.0727944331026188,3.32345087516872
1.73521825396825,0.231594037587026,0.269604523053267,0.0727596284894533,3.3235894643203
1.73531746031746,0.231574812739315,0.269589177355729,0.072724840517563,3.32372803921738
1.73541666666667,0.231555589892434,0.269573830093916,0.0726900691787596,3.32386659986272
1.73551587301587,0.231536369046043,0.269558481269296,0.0726553144648583,3.32400514625908
1.73561507936508,0.231517150199799,0.269543130883339,0.0726205763676779,3.32414367840924
1.73571428571429,0.231497933353361,0.269527778937511,0.0725858548790404,3.32428219631595
1.73581349206349,0.231478718506387,0.269512425433279,0.0725511499907716,3.324420699982
1.7359126984127,0.231459505658537,0.269497070372109,0.0725164616947005,3.32455918941013
1.7360119047619,0.231440294809469,0.269481713755468,0.0724817899826597,3.32469766460311
1.73611111111111,0.231421085958844,0.269466355584819,0.0724471348464852,3.32483612556371
1.73621031746032,0.23140187910632,0.269450995861626,0.0724124962780168,3.32497457229469
1.73630952380952,0.231382674251558,0.269435634587354,0.0723778742690975,3.3251130047988
1.73640873015873,0.231363471394217,0.269420271763464,0.0723432688115735,3.32525142307881
1.73650793650794,0.231344270533958,0.269404907391418,0.0723086798972952,3.32538982713747
1.73660714285714,0.231325071670441,0.269389541472678,0.0722741075181159,3.32552821697754
1.73670634920635,0.231305874803327,0.269374174008704,0.0722395516658926,3.32566659260178
1.73680555555556,0.231286679932275,0.269358805000955,0.0722050123324857,3.32580495401294
1.73690476190476,0.231267487056949,0.269343434450891,0.0721704895097591,3.32594330121379
1.73700396825397,0.231248296177007,0.269328062359971,0.0721359831895804,3.32608163420706
1.73710317460317,0.231229107292113,0.269312688729651,0.0721014933638203,3.32621995299552
1.73720238095238,0.231209920401928,0.269297313561388,0.0720670200243531,3.32635825758192
1.73730158730159,0.231190735506112,0.26928193685664,0.072032563163057,3.326496547969
1.73740079365079,0.231171552604329,0.269266558616861,0.071998122771813,3.32663482415952
1.7375,0.231152371696241,0.269251178843506,0.0719636988425061,3.32677308615623
1.73759920634921,0.23113319278151,0.269235797538029,0.0719292913670243,3.32691133396187
1.73769841269841,0.231114015859798,0.269220414701884,0.0718949003372598,3.3270495675792
1.73779761904762,0.231094840930768,0.269205030336523,0.0718605257451076,3.32718778701095
1.73789682539683,0.231075667994084,0.269189644443398,0.0718261675824664,3.32732599225988
1.73799603174603,0.231056497049409,0.269174257023961,0.0717918258412386,3.32746418332872
1.73809523809524,0.231037328096405,0.269158868079662,0.0717575005133299,3.32760236022023
1.73819444444444,0.231018161134737,0.26914347761195,0.0717231915906493,3.32774052293713
1.73829365079365,0.230998996164069,0.269128085622276,0.0716888990651095,3.32787867148219
1.73839285714286,0.230979833184064,0.269112692112087,0.0716546229286266,3.32801680585813
1.73849206349206,0.230960672194386,0.26909729708283,0.0716203631731205,3.32815492606769
1.73859126984127,0.230941513194701,0.269081900535954,0.071586119790514,3.32829303211362
1.73869047619048,0.230922356184672,0.269066502472904,0.0715518927727338,3.32843112399865
1.73878968253968,0.230903201163965,0.269051102895126,0.07151768211171,3.32856920172552
1.73888888888889,0.230884048132244,0.269035701804065,0.0714834877993761,3.32870726529697
1.7389880952381,0.230864897089175,0.269020299201165,0.0714493098276691,3.32884531471572
1.7390873015873,0.230845748034423,0.269004895087869,0.0714151481885295,3.32898334998452
1.73918650793651,0.230826600967654,0.26898948946562,0.0713810028739014,3.32912137110609
1.73928571428571,0.230807455888534,0.26897408233586,0.0713468738757322,3.32925937808318
1.73938492063492,0.230788312796728,0.268958673700031,0.0713127611859728,3.3293973709185
1.73948412698413,0.230769171691903,0.268943263559572,0.0712786647965778,3.32953534961479
1.73958333333333,0.230750032573725,0.268927851915925,0.0712445846995049,3.32967331417479
1.73968253968254,0.230730895441862,0.268912438770528,0.0712105208867156,3.32981126460121
1.73978174603175,0.230711760295979,0.268897024124819,0.0711764733501748,3.32994920089678
1.73988095238095,0.230692627135744,0.268881607980237,0.0711424420818507,3.33008712306424
1.73998015873016,0.230673495960824,0.268866190338218,0.0711084270737154,3.33022503110631
1.74007936507936,0.230654366770886,0.268850771200199,0.071074428317744,3.33036292502571
1.74017857142857,0.230635239565599,0.268835350567616,0.0710404458059153,3.33050080482516
1.74027777777778,0.230616114344629,0.268819928441903,0.0710064795302117,3.33063867050739
1.74037698412698,0.230596991107646,0.268804504824494,0.070972529482619,3.33077652207513
1.74047619047619,0.230577869854316,0.268789079716824,0.0709385956551264,3.33091435953108
1.7405753968254,0.23055875058431,0.268773653120325,0.0709046780397263,3.33105218287798
1.7406746031746,0.230539633297295,0.268758225036428,0.0708707766284154,3.33118999211853
1.74077380952381,0.23052051799294,0.268742795466567,0.0708368914131931,3.33132778725546
1.74087301587302,0.230501404670914,0.26872736441217,0.0708030223860625,3.33146556829149
1.74097222222222,0.230482293330887,0.268711931874669,0.0707691695390306,3.33160333522933
1.74107142857143,0.230463183972528,0.268696497855491,0.0707353328641072,3.3317410880717
1.74117063492063,0.230444076595506,0.268681062356067,0.070701512353306,3.33187882682131
1.74126984126984,0.230424971199492,0.268665625377824,0.0706677079986441,3.33201655148087
1.74136904761905,0.230405867784155,0.268650186922189,0.070633919792142,3.33215426205311
1.74146825396825,0.230386766349167,0.268634746990588,0.0706001477258239,3.33229195854071
1.74156746031746,0.230367666894196,0.268619305584447,0.0705663917917172,3.33242964094641
1.74166666666667,0.230348569418914,0.268603862705191,0.0705326519818529,3.33256730927291
1.74176587301587,0.230329473922993,0.268588418354245,0.0704989282882656,3.33270496352291
1.74186507936508,0.230310380406102,0.268572972533032,0.0704652207029933,3.33284260369913
1.74196428571429,0.230291288867913,0.268557525242974,0.0704315292180773,3.33298022980427
1.74206349206349,0.230272199308098,0.268542076485495,0.0703978538255625,3.33311784184104
1.7421626984127,0.230253111726328,0.268526626262016,0.0703641945174976,3.33325543981214
1.7422619047619,0.230234026122275,0.268511174573956,0.0703305512859343,3.33339302372027
1.74236111111111,0.230214942495611,0.268495721422737,0.0702969241229279,3.33353059356815
1.74246031746032,0.230195860846009,0.268480266809778,0.0702633130205375,3.33366814935847
1.74255952380952,0.230176781173141,0.268464810736497,0.0702297179708253,3.33380569109393
1.74265873015873,0.230157703476679,0.268449353204313,0.0701961389658571,3.33394321877723
1.74275793650794,0.230138627756297,0.268433894214641,0.0701625759977022,3.33408073241108
1.74285714285714,0.230119554011668,0.2684184337689,0.0701290290584334,3.33421823199817
1.74295634920635,0.230100482242464,0.268402971868505,0.070095498140127,3.33435571754119
1.74305555555556,0.23008141244836,0.268387508514871,0.0700619832348628,3.33449318904285
1.74315476190476,0.230062344629029,0.268372043709411,0.0700284843347238,3.33463064650584
1.74325396825397,0.230043278784145,0.268356577453541,0.069995001431797,3.33476808993285
1.74335317460317,0.230024214913382,0.268341109748673,0.0699615345181724,3.33490551932659
1.74345238095238,0.230005153016414,0.268325640596219,0.0699280835859437,3.33504293468973
1.74355158730159,0.229986093092916,0.268310169997591,0.069894648627208,3.33518033602498
1.74365079365079,0.229967035142563,0.268294697954199,0.0698612296340661,3.33531772333502
1.74375,0.229947979165029,0.268279224467454,0.069827826598622,3.33545509662254
1.74384920634921,0.22992892515999,0.268263749538765,0.0697944395129832,3.33559245589024
1.74394841269841,0.22990987312712,0.26824827316954,0.069761068369261,3.33572980114079
1.74404761904762,0.229890823066096,0.268232795361189,0.0697277131595698,3.3358671323769
1.74414682539683,0.229871774976592,0.268217316115118,0.0696943738760276,3.33600444960123
1.74424603174603,0.229852728858286,0.268201835432733,0.0696610505107561,3.33614175281649
1.74434523809524,0.229833684710853,0.268186353315441,0.06962774305588,3.33627904202535
1.74444444444444,0.229814642533969,0.268170869764646,0.0695944515035281,3.3364163172305
1.74454365079365,0.22979560232731,0.268155384781754,0.0695611758458321,3.33655357843461
1.74464285714286,0.229776564090555,0.268139898368168,0.0695279160749276,3.33669082564038
1.74474206349206,0.229757527823379,0.268124410525291,0.0694946721829535,3.33682805885047
1.74484126984127,0.229738493525459,0.268108921254525,0.0694614441620522,3.33696527806758
1.74494047619048,0.229719461196473,0.268093430557272,0.0694282320043695,3.33710248329438
1.74503968253968,0.229700430836099,0.268077938434932,0.0693950357020548,3.33723967453354
1.74513888888889,0.229681402444014,0.268062444888907,0.0693618552472611,3.33737685178775
1.7452380952381,0.229662376019896,0.268046949920595,0.0693286906321445,3.33751401505967
1.7453373015873,0.229643351563423,0.268031453531396,0.0692955418488649,3.33765116435199
1.74543650793651,0.229624329074273,0.268015955722707,0.0692624088895856,3.33778829966738
1.74553571428571,0.229605308552126,0.268000456495926,0.0692292917464734,3.33792542100851
1.74563492063492,0.229586289996659,0.267984955852449,0.0691961904116985,3.33806252837805
1.74573412698413,0.229567273407552,0.267969453793672,0.0691631048774346,3.33819962177868
1.74583333333333,0.229548258784484,0.267953950320991,0.0691300351358589,3.33833670121306
1.74593253968254,0.229529246127134,0.2679384454358,0.0690969811791523,3.33847376668386
1.74603174603175,0.229510235435181,0.267922939139494,0.0690639429994987,3.33861081819376
1.74613095238095,0.229491226708306,0.267907431433464,0.0690309205890858,3.33874785574541
1.74623015873016,0.229472219946188,0.267891922319103,0.0689979139401049,3.3388848793415
1.74632936507936,0.229453215148508,0.267876411797804,0.0689649230447505,3.33902188898467
1.74642857142857,0.229434212314945,0.267860899870957,0.0689319478952208,3.3391588846776
1.74652777777778,0.229415211445181,0.267845386539953,0.0688989884837171,3.33929586642295
1.74662698412698,0.229396212538896,0.26782987180618,0.0688660448024448,3.33943283422338
1.74672619047619,0.229377215595771,0.267814355671029,0.0688331168436123,3.33956978808155
1.7468253968254,0.229358220615486,0.267798838135886,0.0688002045994315,3.33970672800013
1.7469246031746,0.229339227597725,0.26778331920214,0.0687673080621181,3.33984365398177
1.74702380952381,0.229320236542168,0.267767798871177,0.0687344272238911,3.33998056602914
1.74712301587302,0.229301247448496,0.267752277144383,0.0687015620769728,3.34011746414489
1.74722222222222,0.229282260316392,0.267736754023144,0.0686687126135891,3.34025434833167
1.74732142857143,0.229263275145538,0.267721229508843,0.0686358788259696,3.34039121859216
1.74742063492063,0.229244291935616,0.267705703602866,0.0686030607063471,3.34052807492899
1.74751984126984,0.229225310686309,0.267690176306596,0.0685702582469581,3.34066491734482
1.74761904761905,0.2292063313973,0.267674647621413,0.0685374714400422,3.34080174584231
1.74771825396825,0.229187354068271,0.267659117548702,0.0685047002778431,3.34093856042412
1.74781746031746,0.229168378698905,0.267643586089842,0.0684719447526075,3.34107536109288
1.74791666666667,0.229149405288887,0.267628053246213,0.0684392048565857,3.34121214785125
1.74801587301587,0.2291304338379,0.267612519019196,0.0684064805820313,3.34134892070189
1.74811507936508,0.229111464345626,0.26759698341017,0.0683737719212019,3.34148567964743
1.74821428571429,0.229092496811751,0.267581446420513,0.0683410788663581,3.34162242469053
1.74831349206349,0.229073531235959,0.267565908051601,0.068308401409764,3.34175915583384
1.7484126984127,0.229054567617933,0.267550368304813,0.0682757395436876,3.34189587307999
1.7485119047619,0.229035605957359,0.267534827181524,0.0682430932603999,3.34203257643164
1.74861111111111,0.229016646253921,0.267519284683109,0.0682104625521756,3.34216926589143
1.74871031746032,0.228997688507304,0.267503740810944,0.0681778474112929,3.342305941462
1.74880952380952,0.228978732717194,0.267488195566401,0.0681452478300334,3.342442603146
1.74890873015873,0.228959778883275,0.267472648950855,0.0681126638006823,3.34257925094605
1.74900793650794,0.228940827005234,0.267457100965679,0.0680800953155281,3.34271588486481
1.74910714285714,0.228921877082755,0.267441551612243,0.0680475423668629,3.34285250490492
1.74920634920635,0.228902929115526,0.267426000891918,0.0680150049469823,3.34298911106901
1.74930555555556,0.228883983103232,0.267410448806077,0.0679824830481854,3.34312570335972
1.74940476190476,0.22886503904556,0.267394895356087,0.0679499766627746,3.34326228177968
1.74950396825397,0.228846096942195,0.267379340543319,0.0679174857830559,3.34339884633153
1.74960317460317,0.228827156792826,0.26736378436914,0.0678850104013389,3.34353539701791
1.74970238095238,0.228808218597139,0.267348226834918,0.0678525505099366,3.34367193384145
1.74980158730159,0.228789282354821,0.26733266794202,0.0678201061011652,3.34380845680478
1.74990079365079,0.228770348065559,0.267317107691812,0.0677876771673449,3.34394496591054
1.75,0.228751415729042,0.26730154608566,0.0677552637007991,3.34408146116135
1.75009920634921,0.228732485344956,0.267285983124928,0.0677228656938545,3.34421794255984
1.75019841269841,0.228713556912991,0.26727041881098,0.0676904831388416,3.34435441010865
1.75029761904762,0.228694630432834,0.26725485314518,0.0676581160280941,3.34449086381039
1.75039682539683,0.228675705904173,0.26723928612889,0.0676257643539496,3.34462730366771
1.75049603174603,0.228656783326697,0.267223717763473,0.0675934281087487,3.34476372968322
1.75059523809524,0.228637862700095,0.267208148050289,0.0675611072848357,3.34490014185955
1.75069444444444,0.228618944024057,0.267192576990699,0.0675288018745586,3.34503654019932
1.75079365079365,0.22860002729827,0.267177004586062,0.0674965118702685,3.34517292470516
1.75089285714286,0.228581112522425,0.267161430837739,0.0674642372643201,3.34530929537968
1.75099206349206,0.228562199696211,0.267145855747087,0.0674319780490715,3.34544565222552
1.75109126984127,0.228543288819318,0.267130279315464,0.0673997342168848,3.34558199524529
1.75119047619048,0.228524379891436,0.267114701544226,0.0673675057601248,3.34571832444161
1.75128968253968,0.228505472912255,0.267099122434731,0.0673352926711603,3.3458546398171
1.75138888888889,0.228486567881466,0.267083541988333,0.0673030949423635,3.34599094137437
1.7514880952381,0.228467664798759,0.267067960206388,0.06727091256611,3.34612722911605
1.7515873015873,0.228448763663825,0.26705237709025,0.0672387455347789,3.34626350304474
1.75168650793651,0.228429864476355,0.267036792641271,0.0672065938407528,3.34639976316307
1.75178571428571,0.228410967236041,0.267021206860805,0.0671744574764175,3.34653600947365
1.75188492063492,0.228392071942573,0.267005619750204,0.067142336434163,3.34667224197908
1.75198412698413,0.228373178595643,0.266990031310819,0.0671102307063821,3.34680846068199
1.75208333333333,0.228354287194944,0.266974441544,0.0670781402854712,3.34694466558498
1.75218253968254,0.228335397740167,0.266958850451098,0.0670460651638305,3.34708085669067
1.75228174603175,0.228316510231004,0.266943258033462,0.0670140053338633,3.34721703400166
1.75238095238095,0.228297624667148,0.26692766429244,0.0669819607879768,3.34735319752056
1.75248015873016,0.228278741048291,0.266912069229379,0.0669499315185811,3.34748934724997
1.75257936507937,0.228259859374127,0.266896472845627,0.0669179175180904,3.34762548319251
1.75267857142857,0.228240979644348,0.266880875142531,0.0668859187789219,3.34776160535078
1.75277777777778,0.228222101858648,0.266865276121435,0.0668539352934965,3.34789771372739
1.75287698412698,0.228203226016719,0.266849675783685,0.0668219670542387,3.34803380832493
1.75297619047619,0.228184352118257,0.266834074130625,0.0667900140535763,3.34816988914602
1.7530753968254,0.228165480162953,0.266818471163598,0.0667580762839406,3.34830595619324
1.7531746031746,0.228146610150504,0.266802866883947,0.0667261537377663,3.34844200946921
1.75327380952381,0.228127742080602,0.266787261293015,0.0666942464074917,3.34857804897652
1.75337301587302,0.228108875952942,0.266771654392142,0.0666623542855587,3.34871407471777
1.75347222222222,0.228090011767219,0.26675604618267,0.0666304773644125,3.34885008669556
1.75357142857143,0.228071149523128,0.266740436665938,0.0665986156365016,3.34898608491249
1.75367063492064,0.228052289220363,0.266724825843285,0.0665667690942785,3.34912206937115
1.75376984126984,0.228033430858621,0.26670921371605,0.0665349377301988,3.34925804007414
1.75386904761905,0.228014574437596,0.266693600285571,0.0665031215367216,3.34939399702405
1.75396825396825,0.227995719956984,0.266677985553185,0.0664713205063095,3.34952994022347
1.75406746031746,0.227976867416481,0.266662369520228,0.0664395346314289,3.349665869675
1.75416666666667,0.227958016815783,0.266646752188036,0.0664077639045492,3.34980178538123
1.75426587301587,0.227939168154587,0.266631133557944,0.0663760083181433,3.34993768734475
1.75436507936508,0.227920321432588,0.266615513631287,0.0663442678646882,3.35007357556814
1.75446428571429,0.227901476649483,0.266599892409397,0.0663125425366637,3.35020945005401
1.75456349206349,0.22788263380497,0.266584269893608,0.0662808323265534,3.35034531080492
1.7546626984127,0.227863792898745,0.266568646085251,0.0662491372268443,3.35048115782348
1.7547619047619,0.227844953930506,0.266553020985659,0.0662174572300267,3.35061699111226
1.75486111111111,0.227826116899949,0.266537394596162,0.0661857923285949,3.35075281067386
1.75496031746032,0.227807281806774,0.26652176691809,0.0661541425150462,3.35088861651084
1.75505952380952,0.227788448650677,0.266506137952772,0.0661225077818815,3.35102440862581
1.75515873015873,0.227769617431357,0.266490507701537,0.0660908881216054,3.35116018702134
1.75525793650794,0.227750788148511,0.266474876165713,0.0660592835267256,3.35129595170001
1.75535714285714,0.227731960801839,0.266459243346627,0.0660276939897536,3.3514317026644
1.75545634920635,0.22771313539104,0.266443609245606,0.0659961195032041,3.35156743991709
1.75555555555556,0.227694311915811,0.266427973863974,0.0659645600595956,3.35170316346065
1.75565476190476,0.227675490375852,0.266412337203058,0.06593301565145,3.35183887329767
1.75575396825397,0.227656670770862,0.266396699264182,0.0659014862712922,3.35197456943073
1.75585317460317,0.227637853100542,0.266381060048669,0.0658699719116516,3.35211025186239
1.75595238095238,0.22761903736459,0.266365419557842,0.06583847256506,3.35224592059523
1.75605158730159,0.227600223562706,0.266349777793024,0.0658069882240533,3.35238157563183
1.75615079365079,0.227581411694591,0.266334134755535,0.0657755188811707,3.35251721697476
1.75625,0.227562601759944,0.266318490446698,0.0657440645289548,3.35265284462658
1.75634920634921,0.227543793758467,0.266302844867831,0.0657126251599521,3.35278845858988
1.75644841269841,0.227524987689859,0.266287198020254,0.0656812007667121,3.35292405886721
1.75654761904762,0.227506183553823,0.266271549905287,0.0656497913417877,3.35305964546115
1.75664682539683,0.227487381350058,0.266255900524246,0.0656183968777359,3.35319521837427
1.75674603174603,0.227468581078267,0.266240249878449,0.0655870173671168,3.35333077760913
1.75684523809524,0.22744978273815,0.266224597969213,0.0655556528024938,3.3534663231683
1.75694444444444,0.22743098632941,0.266208944797854,0.0655243031764339,3.35360185505435
1.75704365079365,0.227412191851748,0.266193290365686,0.065492968481508,3.35373737326983
1.75714285714286,0.227393399304867,0.266177634674025,0.0654616487102899,3.35387287781732
1.75724206349206,0.227374608688468,0.266161977724183,0.065430343855357,3.35400836869937
1.75734126984127,0.227355820002255,0.266146319517474,0.0653990539092907,3.35414384591854
1.75744047619048,0.227337033245823,0.266130660055239,0.0653677788647457,3.35427930947743
1.75753968253968,0.227318248412888,0.26611499934036,0.0653365187184113,3.35441475938019
1.75763888888889,0.227299465499662,0.266099337374976,0.0653052734657452,3.35455019563021
1.7577380952381,0.227280684505791,0.266083674160297,0.0652740431000084,3.35468561822992
1.7578373015873,0.227261905430924,0.26606800969753,0.0652428276144645,3.35482102718174
1.75793650793651,0.227243128274707,0.266052343987885,0.0652116270023789,3.3549564224881
1.75803571428571,0.22722435303679,0.266036677032568,0.065180441257019,3.35509180415143
1.75813492063492,0.22720557971682,0.266021008832786,0.0651492703716548,3.35522717217414
1.75823412698413,0.227186808314446,0.266005339389746,0.065118114339558,3.35536252655867
1.75833333333333,0.227168038829314,0.265989668704654,0.0650869731540029,3.35549786730743
1.75843253968254,0.227149271261075,0.265973996778717,0.0650558468082654,3.35563319442285
1.75853174603175,0.227130505609376,0.265958323613139,0.0650247352956241,3.35576850790735
1.75863095238095,0.227111741873866,0.265942649209125,0.0649936386093594,3.35590380776335
1.75873015873016,0.227092980054193,0.26592697356788,0.0649625567427539,3.35603909399328
1.75882936507937,0.227074220150007,0.265911296690608,0.0649314896890925,3.35617436659956
1.75892857142857,0.227055462160956,0.265895618578512,0.0649004374416622,3.3563096255846
1.75902777777778,0.227036706086689,0.265879939232797,0.064869399993752,3.35644487095082
1.75912698412698,0.227017951926855,0.265864258654664,0.0648383773386531,3.35658010270064
1.75922619047619,0.226999199681104,0.265848576845316,0.064807369469659,3.35671532083649
1.7593253968254,0.226980449349084,0.265832893805955,0.0647763763800652,3.35685052536077
1.7594246031746,0.226961700930445,0.265817209537783,0.0647453980631695,3.35698571627591
1.75952380952381,0.226942954424837,0.265801524042001,0.0647144345122715,3.35712089358433
1.75962301587302,0.226924209831908,0.265785837319809,0.0646834857206735,3.35725605728843
1.75972222222222,0.22690546715131,0.265770149372408,0.0646525516816795,3.35739120739063
1.75982142857143,0.226886726382691,0.265754460200997,0.0646216323885958,3.35752634389335
1.75992063492064,0.226867987525702,0.265738769806776,0.0645907278347307,3.357661466799
1.76001984126984,0.226849250579992,0.265723078190945,0.0645598380133951,3.35779657611
1.76011904761905,0.226830515545211,0.2657073853547,0.0645289629179016,3.35793167182876
1.76021825396825,0.226811782421011,0.265691691299242,0.0644981025415649,3.35806675395769
1.76031746031746,0.22679305120704,0.265675996025767,0.0644672568777024,3.35820182249919
1.76041666666667,0.22677432190295,0.265660299535472,0.0644364259196331,3.3583368774557
1.76051587301587,0.226755594508391,0.265644601829555,0.0644056096606783,3.3584719188296
1.76061507936508,0.226736869023013,0.265628902909212,0.0643748080941616,3.35860694662332
1.76071428571429,0.226718145446468,0.26561320277564,0.0643440212134085,3.35874196083926
1.76081349206349,0.226699423778406,0.265597501430032,0.064313249011747,3.35887696147984
1.7609126984127,0.226680704018478,0.265581798873586,0.0642824914825068,3.35901194854745
1.7610119047619,0.226661986166335,0.265566095107495,0.0642517486190201,3.35914692204451
1.76111111111111,0.226643270221628,0.265550390132954,0.0642210204146212,3.35928188197343
1.76121031746032,0.226624556184009,0.265534683951157,0.0641903068626465,3.35941682833661
1.76130952380952,0.226605844053128,0.265518976563297,0.0641596079564344,3.35955176113645
1.76140873015873,0.226587133828638,0.265503267970567,0.0641289236893255,3.35968668037537
1.76150793650794,0.226568425510189,0.265487558174161,0.064098254054663,3.35982158605576
1.76160714285714,0.226549719097434,0.265471847175269,0.0640675990457916,3.35995647818003
1.76170634920635,0.226531014590024,0.265456134975084,0.0640369586560584,3.36009135675059
1.76180555555556,0.226512311987611,0.265440421574798,0.0640063328788129,3.36022622176983
1.76190476190476,0.226493611289847,0.2654247069756,0.0639757217074065,3.36036107324017
1.76200396825397,0.226474912496385,0.265408991178682,0.0639451251351926,3.36049591116399
1.76210317460317,0.226456215606875,0.265393274185234,0.0639145431555271,3.36063073554371
1.76220238095238,0.226437520620971,0.265377555996446,0.0638839757617677,3.36076554638172
1.76230158730159,0.226418827538324,0.265361836613506,0.0638534229472747,3.36090034368042
1.76240079365079,0.226400136358588,0.265346116037603,0.0638228847054101,3.36103512744221
1.7625,0.226381447081415,0.265330394269926,0.0637923610295381,3.36116989766949
1.76259920634921,0.226362759706457,0.265314671311662,0.0637618519130255,3.36130465436467
1.76269841269841,0.226344074233368,0.265298947164,0.0637313573492408,3.36143939753012
1.76279761904762,0.2263253906618,0.265283221828127,0.0637008773315547,3.36157412716826
1.76289682539683,0.226306708991406,0.265267495305228,0.06367041185334,3.36170884328149
1.76299603174603,0.226288029221839,0.26525176759649,0.0636399609079722,3.36184354587218
1.76309523809524,0.226269351352753,0.2652360387031,0.0636095244888281,3.36197823494275
1.76319444444444,0.226250675383801,0.265220308626241,0.0635791025892873,3.36211291049558
1.76329365079365,0.226232001314635,0.265204577367101,0.0635486952027313,3.36224757253307
1.76339285714286,0.226213329144911,0.265188844926862,0.0635183023225438,3.36238222105761
1.76349206349206,0.226194658874281,0.265173111306709,0.0634879239421105,3.3625168560716
1.76359126984127,0.226175990502398,0.265157376507827,0.0634575600548195,3.36265147757743
1.76369047619048,0.226157324028918,0.265141640531397,0.0634272106540608,3.36278608557748
1.76378968253968,0.226138659453493,0.265125903378603,0.0633968757332268,3.36292068007416
1.76388888888889,0.226119996775778,0.265110165050627,0.0633665552857118,3.36305526106985
1.7639880952381,0.226101335995427,0.265094425548652,0.0633362493049124,3.36318982856693
1.7640873015873,0.226082677112094,0.265078684873859,0.0633059577842274,3.36332438256781
1.76418650793651,0.226064020125433,0.265062943027428,0.0632756807170577,3.36345892307487
1.76428571428571,0.226045365035099,0.265047200010542,0.0632454180968062,3.36359345009049
1.76438492063492,0.226026711840747,0.265031455824379,0.063215169916878,3.36372796361707
1.76448412698413,0.22600806054203,0.265015710470121,0.0631849361706806,3.36386246365699
1.76458333333333,0.225989411138605,0.264999963948945,0.0631547168516234,3.36399695021264
1.76468253968254,0.225970763630124,0.264984216262032,0.063124511953118,3.3641314232864
1.76478174603175,0.225952118016245,0.264968467410561,0.0630943214685782,3.36426588288066
1.76488095238095,0.225933474296621,0.264952717395708,0.0630641453914199,3.3644003289978
1.76498015873016,0.225914832470907,0.264936966218652,0.0630339837150611,3.36453476164021
1.76507936507936,0.22589619253876,0.26492121388057,0.0630038364329221,3.36466918081027
1.76517857142857,0.225877554499834,0.26490546038264,0.0629737035384252,3.36480358651036
1.76527777777778,0.225858918353785,0.264889705726037,0.0629435850249949,3.36493797874287
1.76537698412698,0.225840284100268,0.264873949911938,0.062913480886058,3.36507235751018
1.76547619047619,0.225821651738939,0.264858192941518,0.0628833911150432,3.36520672281467
1.7655753968254,0.225803021269454,0.264842434815952,0.0628533157053814,3.36534107465871
1.7656746031746,0.225784392691469,0.264826675536416,0.0628232546505059,3.36547541304469
1.76577380952381,0.225765766004639,0.264810915104084,0.0627932079438518,3.36560973797499
1.76587301587302,0.225747141208621,0.264795153520128,0.0627631755788565,3.36574404945199
1.76597222222222,0.225728518303071,0.264779390785724,0.0627331575489597,3.36587834747807
1.76607142857143,0.225709897287645,0.264763626902044,0.0627031538476031,3.36601263205559
1.76617063492064,0.225691278162,0.264747861870261,0.0626731644682303,3.36614690318695
1.76626984126984,0.225672660925791,0.264732095691546,0.0626431894042876,3.36628116087451
1.76636904761905,0.225654045578677,0.264716328367072,0.062613228649223,3.36641540512065
1.76646825396825,0.225635432120313,0.264700559898011,0.0625832821964869,3.36654963592775
1.76656746031746,0.225616820550356,0.264684790285532,0.0625533500395317,3.36668385329818
1.76666666666667,0.225598210868463,0.264669019530807,0.0625234321718119,3.36681805723431
1.76676587301587,0.225579603074291,0.264653247635006,0.0624935285867845,3.36695224773853
1.76686507936508,0.225560997167497,0.264637474599298,0.0624636392779082,3.36708642481319
1.76696428571429,0.225542393147739,0.264621700424852,0.0624337642386441,3.36722058846068
1.76706349206349,0.225523791014673,0.264605925112838,0.0624039034624554,3.36735473868336
1.7671626984127,0.225505190767958,0.264590148664424,0.0623740569428076,3.36748887548361
1.7672619047619,0.22548659240725,0.264574371080777,0.062344224673168,3.3676229988638
1.76736111111111,0.225467995932207,0.264558592363066,0.0623144066470062,3.36775710882629
1.76746031746032,0.225449401342488,0.264542812512457,0.0622846028577943,3.36789120537346
1.76755952380952,0.225430808637749,0.264527031530118,0.062254813299006,3.36802528850767
1.76765873015873,0.225412217817649,0.264511249417214,0.0622250379641175,3.36815935823129
1.76775793650794,0.225393628881846,0.264495466174911,0.062195276846607,3.3682934145467
1.76785714285714,0.225375041829998,0.264479681804375,0.0621655299399549,3.36842745745625
1.76795634920635,0.225356456661763,0.26446389630677,0.0621357972376438,3.36856148696232
1.76805555555556,0.2253378733768,0.264448109683262,0.0621060787331584,3.36869550306726
1.76815476190476,0.225319291974767,0.264432321935014,0.0620763744199854,3.36882950577345
1.76825396825397,0.225300712455322,0.26441653306319,0.0620466842916139,3.36896349508325
1.76835317460317,0.225282134818124,0.264400743068954,0.0620170083415351,3.36909747099902
1.76845238095238,0.225263559062832,0.264384951953467,0.0619873465632422,3.36923143352312
1.76855158730159,0.225244985189106,0.264369159717894,0.0619576989502307,3.36936538265793
1.76865079365079,0.225226413196603,0.264353366363395,0.0619280654959982,3.36949931840579
1.76875,0.225207843084983,0.264337571891133,0.0618984461940444,3.36963324076908
1.76884920634921,0.225189274853904,0.264321776302268,0.0618688410378711,3.36976714975015
1.76894841269841,0.225170708503028,0.264305979597962,0.0618392500209826,3.36990104535137
1.76904761904762,0.225152144032012,0.264290181779374,0.0618096731368849,3.37003492757509
1.76914682539683,0.225133581440516,0.264274382847664,0.0617801103790862,3.37016879642367
1.76924603174603,0.225115020728199,0.264258582803993,0.0617505617410974,3.37030265189947
1.76934523809524,0.225096461894723,0.264242781649518,0.0617210272164308,3.37043649400486
1.76944444444444,0.225077904939745,0.264226979385399,0.0616915067986013,3.37057032274218
1.76954365079365,0.225059349862927,0.264211176012794,0.0616620004811259,3.37070413811379
1.76964285714286,0.225040796663927,0.264195371532861,0.0616325082575234,3.37083794012206
1.76974206349206,0.225022245342407,0.264179565946756,0.0616030301213154,3.37097172876933
1.76984126984127,0.225003695898027,0.264163759255638,0.0615735660660252,3.37110550405796
1.76994047619048,0.224985148330446,0.264147951460661,0.0615441160851781,3.37123926599031
1.77003968253968,0.224966602639325,0.264132142562983,0.061514680172302,3.37137301456873
1.77013888888889,0.224948058824325,0.264116332563759,0.0614852583209268,3.37150674979557
1.7702380952381,0.224929516885106,0.264100521464145,0.0614558505245843,3.37164047167319
1.7703373015873,0.224910976821329,0.264084709265294,0.0614264567768086,3.37177418020394
1.77043650793651,0.224892438632655,0.264068895968362,0.0613970770711362,3.37190787539016
1.77053571428571,0.224873902318745,0.264053081574503,0.0613677114011054,3.37204155723422
1.77063492063492,0.224855367879259,0.264037266084869,0.0613383597602567,3.37217522573845
1.77073412698413,0.224836835313859,0.264021449500614,0.0613090221421331,3.37230888090522
1.77083333333333,0.224818304622207,0.264005631822891,0.0612796985402792,3.37244252273687
1.77093253968254,0.224799775803963,0.263989813052852,0.0612503889482421,3.37257615123575
1.77103174603175,0.224781248858788,0.263973993191649,0.0612210933595711,3.3727097664042
1.77113095238095,0.224762723786346,0.263958172240433,0.0611918117678173,3.37284336824458
1.77123015873016,0.224744200586296,0.263942350200355,0.0611625441665344,3.37297695675923
1.77132936507936,0.224725679258301,0.263926527072566,0.061133290549278,3.37311053195049
1.77142857142857,0.224707159802023,0.263910702858215,0.0611040509096057,3.37324409382072
1.77152777777778,0.224688642217123,0.263894877558453,0.0610748252410776,3.37337764237226
1.77162698412698,0.224670126503264,0.263879051174429,0.0610456135372557,3.37351117760745
1.77172619047619,0.224651612660108,0.263863223707292,0.0610164157917043,3.37364469952863
1.7718253968254,0.224633100687317,0.263847395158189,0.0609872319979896,3.37377820813816
1.7719246031746,0.224614590584554,0.26383156552827,0.0609580621496803,3.37391170343837
1.77202380952381,0.224596082351481,0.263815734818681,0.060928906240347,3.3740451854316
1.77212301587302,0.22457757598776,0.263799903030569,0.0608997642635625,3.3741786541202
1.77222222222222,0.224559071493054,0.263784070165083,0.0608706362129018,3.37431210950651
1.77232142857143,0.224540568867026,0.263768236223367,0.0608415220819421,3.37444555159287
1.77242063492063,0.22452206810934,0.263752401206568,0.0608124218642625,3.37457898038161
1.77251984126984,0.224503569219657,0.26373656511583,0.0607833355534446,3.37471239587508
1.77261904761905,0.224485072197641,0.2637207279523,0.0607542631430717,3.37484579807561
1.77271825396825,0.224466577042955,0.263704889717122,0.0607252046267299,3.37497918698555
1.77281746031746,0.224448083755263,0.263689050411439,0.0606961599980068,3.37511256260723
1.77291666666667,0.224429592334227,0.263673210036397,0.0606671292504923,3.37524592494299
1.77301587301587,0.224411102779512,0.263657368593137,0.060638112377779,3.37537927399516
1.77311507936508,0.22439261509078,0.263641526082803,0.0606091093734608,3.37551260976608
1.77321428571429,0.224374129267697,0.263625682506537,0.0605801202311344,3.37564593225808
1.77331349206349,0.224355645309925,0.263609837865481,0.0605511449443983,3.3757792414735
1.7734126984127,0.224337163217128,0.263593992160778,0.0605221835068533,3.37591253741468
1.7735119047619,0.224318682988971,0.263578145393568,0.0604932359121024,3.37604582008394
1.77361111111111,0.224300204625117,0.263562297564991,0.0604643021537504,3.37617908948363
1.77371031746032,0.22428172812523,0.263546448676189,0.0604353822254048,3.37631234561606
1.77380952380952,0.224263253488976,0.263530598728302,0.0604064761206749,3.37644558848358
1.77390873015873,0.224244780716019,0.263514747722467,0.0603775838331722,3.37657881808851
1.77400793650794,0.224226309806022,0.263498895659826,0.0603487053565102,3.37671203443318
1.77410714285714,0.224207840758651,0.263483042541516,0.0603198406843048,3.37684523751993
1.77420634920635,0.224189373573571,0.263467188368676,0.0602909898101741,3.37697842735108
1.77430555555556,0.224170908250446,0.263451333142443,0.060262152727738,3.37711160392896
1.77440476190476,0.224152444788941,0.263435476863955,0.0602333294306189,3.3772447672559
1.77450396825397,0.224133983188721,0.263419619534349,0.0602045199124412,3.37737791733423
1.77460317460317,0.224115523449451,0.263403761154761,0.0601757241668314,3.37751105416628
1.77470238095238,0.224097065570798,0.263387901726328,0.0601469421874182,3.37764417775436
1.77480158730159,0.224078609552425,0.263372041250184,0.0601181739678325,3.37777728810081
1.77490079365079,0.224060155393998,0.263356179727466,0.0600894195017073,3.37791038520795
1.775,0.224041703095184,0.263340317159308,0.0600606787826777,3.3780434690781
1.77509920634921,0.224023252655647,0.263324453546845,0.060031951804381,3.3781765397136
1.77519841269841,0.224004804075054,0.26330858889121,0.0600032385604568,3.37830959711676
1.77529761904762,0.22398635735307,0.263292723193537,0.0599745390445465,3.3784426412899
1.77539682539683,0.223967912489362,0.263276856454959,0.0599458532502941,3.37857567223535
1.77549603174603,0.223949469483595,0.263260988676609,0.0599171811713452,3.37870868995542
1.77559523809524,0.223931028335435,0.26324511985962,0.059888522801348,3.37884169445245
1.77569444444444,0.223912589044549,0.263229250005122,0.0598598781339528,3.37897468572875
1.77579365079365,0.223894151610604,0.263213379114247,0.0598312471628118,3.37910766378664
1.77589285714286,0.223875716033265,0.263197507188127,0.0598026298815795,3.37924062862844
1.77599206349206,0.2238572823122,0.263181634227892,0.0597740262839127,3.37937358025646
1.77609126984127,0.223838850447074,0.263165760234672,0.0597454363634701,3.37950651867303
1.77619047619048,0.223820420437556,0.263149885209597,0.0597168601139126,3.37963944388046
1.77628968253968,0.223801992283311,0.263134009153796,0.0596882975289032,3.37977235588108
1.77638888888889,0.223783565984007,0.263118132068398,0.0596597486021074,3.37990525467718
1.7764880952381,0.22376514153931,0.263102253954532,0.0596312133271926,3.3800381402711
1.7765873015873,0.223746718948889,0.263086374813325,0.059602691697828,3.38017101266515
1.77668650793651,0.22372829821241,0.263070494645905,0.0595741837076856,3.38030387186164
1.77678571428571,0.223709879329541,0.263054613453399,0.0595456893504392,3.38043671786288
1.77688492063492,0.223691462299949,0.263038731236935,0.0595172086197648,3.38056955067119
1.77698412698413,0.223673047123302,0.263022847997637,0.0594887415093404,3.38070237028889
1.77708333333333,0.223654633799268,0.263006963736633,0.0594602880128464,3.38083517671827
1.77718253968254,0.223636222327515,0.262991078455047,0.0594318481239653,3.38096796996166
1.77728174603175,0.223617812707709,0.262975192154006,0.0594034218363815,3.38110075002137
1.77738095238095,0.223599404939521,0.262959304834632,0.0593750091437819,3.3812335168997
1.77748015873016,0.223580999022616,0.262943416498051,0.0593466100398554,3.38136627059896
1.77757936507936,0.223562594956665,0.262927527145387,0.0593182245182929,3.38149901112148
1.77767857142857,0.223544192741335,0.262911636777762,0.0592898525727878,3.38163173846954
1.77777777777778,0.223525792376295,0.2628957453963,0.0592614941970351,3.38176445264547
1.77787698412698,0.223507393861212,0.262879853002122,0.0592331493847327,3.38189715365156
1.77797619047619,0.223488997195757,0.262863959596352,0.05920481812958,3.38202984149013
1.7780753968254,0.223470602379597,0.262848065180111,0.0591765004252787,3.38216251616348
1.7781746031746,0.223452209412402,0.26283216975452,0.0591481962655329,3.38229517767392
1.77827380952381,0.22343381829384,0.262816273320699,0.0591199056440487,3.38242782602375
1.77837301587302,0.223415429023581,0.26280037587977,0.0590916285545343,3.38256046121528
1.77847222222222,0.223397041601293,0.262784477432852,0.0590633649907,3.3826930832508
1.77857142857143,0.223378656026646,0.262768577981064,0.0590351149462583,3.38282569213264
1.77867063492063,0.22336027229931,0.262752677525526,0.0590068784149241,3.38295828786307
1.77876984126984,0.223341890418954,0.262736776067357,0.058978655390414,3.38309087044442
1.77886904761905,0.223323510385246,0.262720873607674,0.0589504458664471,3.38322343987898
1.77896825396825,0.223305132197858,0.262704970147596,0.0589222498367445,3.38335599616904
1.77906746031746,0.223286755856459,0.26268906568824,0.0588940672950296,3.38348853931692
1.77916666666667,0.223268381360719,0.262673160230723,0.0588658982350276,3.38362106932491
1.77926587301587,0.223250008710307,0.262657253776161,0.0588377426504662,3.38375358619531
1.77936507936508,0.223231637904895,0.26264134632567,0.0588096005350752,3.38388608993041
1.77946428571429,0.223213268944151,0.262625437880367,0.0587814718825864,3.38401858053253
1.77956349206349,0.223194901827747,0.262609528441366,0.0587533566867337,3.38415105800395
1.7796626984127,0.223176536555352,0.262593618009783,0.0587252549412535,3.38428352234696
1.7797619047619,0.223158173126638,0.262577706586731,0.0586971666398841,3.38441597356388
1.77986111111111,0.223139811541275,0.262561794173325,0.0586690917763659,3.38454841165699
1.77996031746032,0.223121451798933,0.262545880770679,0.0586410303444414,3.38468083662858
1.78005952380952,0.223103093899284,0.262529966379905,0.0586129823378555,3.38481324848096
1.78015873015873,0.223084737841998,0.262514051002116,0.0585849477503552,3.38494564721641
1.78025793650794,0.223066383626747,0.262498134638425,0.0585569265756896,3.38507803283723
1.78035714285714,0.223048031253201,0.262482217289943,0.0585289188076096,3.38521040534571
1.78045634920635,0.223029680721032,0.262466298957781,0.0585009244398689,3.38534276474415
1.78055555555556,0.223011332029911,0.262450379643052,0.0584729434662229,3.38547511103483
1.78065476190476,0.222992985179509,0.262434459346865,0.0584449758804293,3.38560744422004
1.78075396825397,0.222974640169499,0.262418538070331,0.0584170216762479,3.38573976430208
1.78085317460317,0.222956296999551,0.262402615814559,0.0583890808474406,3.38587207128324
1.78095238095238,0.222937955669338,0.262386692580659,0.0583611533877717,3.38600436516581
1.78105158730159,0.222919616178531,0.262370768369739,0.0583332392910072,3.38613664595206
1.78115079365079,0.222901278526803,0.262354843182909,0.0583053385509158,3.3862689136443
1.78125,0.222882942713825,0.262338917021275,0.0582774511612679,3.38640116824481
1.78134920634921,0.222864608739269,0.262322989885946,0.0582495771158363,3.38653340975587
1.78144841269841,0.222846276602808,0.262307061778029,0.0582217164083958,3.38666563817977
1.78154761904762,0.222827946304114,0.262291132698631,0.0581938690327234,3.3867978535188
1.78164682539683,0.22280961784286,0.262275202648858,0.0581660349825983,3.38693005577525
1.78174603174603,0.222791291218718,0.262259271629816,0.0581382142518018,3.38706224495139
1.78184523809524,0.222772966431361,0.26224333964261,0.0581104068341173,3.38719442104951
1.78194444444444,0.222754643480462,0.262227406688346,0.0580826127233307,3.38732658407189
1.78204365079365,0.222736322365693,0.262211472768128,0.0580548319132294,3.38745873402082
1.78214285714286,0.222718003086727,0.26219553788306,0.0580270643976035,3.38759087089858
1.78224206349206,0.222699685643238,0.262179602034246,0.0579993101702449,3.38772299470745
1.78234126984127,0.222681370034899,0.26216366522279,0.0579715692249481,3.3878551054497
1.78244047619048,0.222663056261383,0.262147727449795,0.0579438415555092,3.38798720312763
1.78253968253968,0.222644744322364,0.262131788716363,0.0579161271557267,3.38811928774351
1.78263888888889,0.222626434217514,0.262115849023595,0.0578884260194015,3.38825135929962
1.7827380952381,0.222608125946508,0.262099908372595,0.0578607381403363,3.38838341779824
1.7828373015873,0.22258981950902,0.262083966764462,0.0578330635123359,3.38851546324164
1.78293650793651,0.222571514904722,0.262068024200299,0.0578054021292076,3.38864749563211
1.78303571428571,0.22255321213329,0.262052080681204,0.0577777539847605,3.38877951497191
1.78313492063492,0.222534911194396,0.262036136208279,0.0577501190728061,3.38891152126334
1.78323412698413,0.222516612087716,0.262020190782623,0.057722497387158,3.38904351450865
1.78333333333333,0.222498314812923,0.262004244405334,0.0576948889216317,3.38917549471013
1.78343253968254,0.222480019369692,0.261988297077513,0.0576672936700454,3.38930746187005
1.78353174603175,0.222461725757697,0.261972348800256,0.0576397116262188,3.38943941599069
1.78363095238095,0.222443433976613,0.261956399574661,0.0576121427839741,3.38957135707431
1.78373015873016,0.222425144026113,0.261940449401827,0.0575845871371357,3.3897032851232
1.78382936507937,0.222406855905874,0.26192449828285,0.05755704467953,3.38983520013962
1.78392857142857,0.22238856961557,0.261908546218827,0.0575295154049856,3.38996710212584
1.78402777777778,0.222370285154876,0.261892593210854,0.0575019993073332,3.39009899108413
1.78412698412698,0.222352002523467,0.261876639260026,0.0574744963804058,3.39023086701678
1.78422619047619,0.222333721721017,0.261860684367439,0.0574470066180384,3.39036272992603
1.7843253968254,0.222315442747203,0.261844728534188,0.0574195300140683,3.39049457981417
1.7844246031746,0.222297165601699,0.261828771761367,0.0573920665623346,3.39062641668347
1.78452380952381,0.222278890284182,0.26181281405007,0.0573646162566789,3.39075824053618
1.78462301587302,0.222260616794326,0.261796855401391,0.057337179090945,3.39089005137458
1.78472222222222,0.222242345131808,0.261780895816423,0.0573097550589786,3.39102184920093
1.78482142857143,0.222224075296303,0.261764935296258,0.0572823441546275,3.39115363401751
1.78492063492064,0.222205807287486,0.26174897384199,0.057254946371742,3.39128540582657
1.78501984126984,0.222187541105035,0.26173301145471,0.0572275617041743,3.39141716463038
1.78511904761905,0.222169276748624,0.261717048135509,0.0572001901457787,3.39154891043121
1.78521825396825,0.222151014217931,0.261701083885478,0.0571728316904118,3.39168064323131
1.78531746031746,0.222132753512632,0.261685118705709,0.0571454863319323,3.39181236303296
1.78541666666667,0.222114494632402,0.261669152597291,0.0571181540642011,3.39194406983841
1.78551587301587,0.222096237576918,0.261653185561314,0.057090834881081,3.39207576364993
1.78561507936508,0.222077982345858,0.261637217598867,0.0570635287764373,3.39220744446978
1.78571428571429,0.222059728938897,0.26162124871104,0.0570362357441373,3.39233911230022
1.78581349206349,0.222041477355713,0.26160527889892,0.0570089557780504,3.3924707671435
1.7859126984127,0.222023227595982,0.261589308163597,0.0569816888720482,3.3926024090019
1.7860119047619,0.222004979659381,0.261573336506157,0.0569544350200043,3.39273403787766
1.78611111111111,0.221986733545588,0.261557363927688,0.0569271942157948,3.39286565377305
1.78621031746032,0.22196848925428,0.261541390429276,0.0568999664532976,3.39299725669032
1.78630952380952,0.221950246785133,0.261525416012008,0.0568727517263929,3.39312884663173
1.78640873015873,0.221932006137826,0.26150944067697,0.0568455500289631,3.39326042359954
1.78650793650794,0.221913767312036,0.261493464425248,0.0568183613548927,3.39339198759601
1.78660714285714,0.221895530307441,0.261477487257926,0.0567911856980682,3.39352353862338
1.78670634920635,0.221877295123717,0.261461509176089,0.0567640230523784,3.39365507668392
1.78680555555556,0.221859061760544,0.261445530180821,0.0567368734117144,3.39378660177988
1.78690476190476,0.221840830217599,0.261429550273207,0.0567097367699692,3.39391811391352
1.78700396825397,0.221822600494561,0.261413569454329,0.0566826131210379,3.39404961308707
1.78710317460317,0.221804372591106,0.261397587725272,0.0566555024588181,3.39418109930281
1.78720238095238,0.221786146506914,0.261381605087116,0.0566284047772092,3.39431257256298
1.78730158730159,0.221767922241663,0.261365621540944,0.0566013200701129,3.39444403286982
1.78740079365079,0.221749699795031,0.261349637087839,0.056574248331433,3.3945754802256
1.7875,0.221731479166696,0.26133365172888,0.0565471895550755,3.39470691463257
1.78759920634921,0.221713260356339,0.26131766546515,0.0565201437349486,3.39483833609296
1.78769841269841,0.221695043363636,0.261301678297728,0.0564931108649624,3.39496974460904
1.78779761904762,0.221676828188268,0.261285690227695,0.0564660909390295,3.39510114018305
1.78789682539683,0.221658614829913,0.26126970125613,0.0564390839510644,3.39523252281723
1.78799603174603,0.22164040328825,0.261253711384112,0.0564120898949839,3.39536389251384
1.78809523809524,0.221622193562958,0.26123772061272,0.0563851087647068,3.39549524927512
1.78819444444444,0.221603985653717,0.261221728943032,0.0563581405541541,3.39562659310332
1.78829365079365,0.221585779560206,0.261205736376127,0.0563311852572491,3.39575792400069
1.78839285714286,0.221567575282104,0.261189742913081,0.056304242867917,3.39588924196946
1.78849206349206,0.221549372819091,0.261173748554971,0.0562773133800852,3.39602054701188
1.78859126984127,0.221531172170848,0.261157753302875,0.0562503967876836,3.3961518391302
1.78869047619048,0.221512973337052,0.261141757157868,0.0562234930846437,3.39628311832666
1.78878968253968,0.221494776317385,0.261125760121026,0.0561966022648996,3.3964143846035
1.78888888888889,0.221476581111526,0.261109762193425,0.0561697243223873,3.39654563796296
1.7889880952381,0.221458387719156,0.261093763376139,0.0561428592510449,3.39667687840729
1.7890873015873,0.221440196139955,0.261077763670242,0.056116007044813,3.39680810593872
1.78918650793651,0.221422006373603,0.26106176307681,0.0560891676976339,3.3969393205595
1.78928571428571,0.22140381841978,0.261045761596915,0.0560623412034524,3.39707052227187
1.78938492063492,0.221385632278167,0.261029759231631,0.0560355275562154,3.39720171107806
1.78948412698413,0.221367447948444,0.26101375598203,0.0560087267498716,3.39733288698032
1.78958333333333,0.221349265430293,0.260997751849185,0.0559819387783724,3.39746404998087
1.78968253968254,0.221331084723394,0.260981746834167,0.0559551636356708,3.39759520008196
1.78978174603175,0.221312905827428,0.260965740938049,0.0559284013157225,3.39772633728583
1.78988095238095,0.221294728742075,0.260949734161901,0.0559016518124848,3.39785746159471
1.78998015873016,0.221276553467018,0.260933726506794,0.0558749151199176,3.39798857301084
1.79007936507937,0.221258380001938,0.260917717973798,0.0558481912319826,3.39811967153644
1.79017857142857,0.221240208346515,0.260901708563983,0.055821480142644,3.39825075717377
1.79027777777778,0.221222038500432,0.260885698278418,0.0557947818458679,3.39838182992504
1.79037698412698,0.221203870463369,0.260869687118173,0.0557680963356225,3.39851288979249
1.79047619047619,0.221185704235008,0.260853675084315,0.0557414236058783,3.39864393677836
1.7905753968254,0.221167539815032,0.260837662177913,0.055714763650608,3.39877497088488
1.7906746031746,0.221149377203121,0.260821648400035,0.0556881164637864,3.39890599211427
1.79077380952381,0.221131216398959,0.260805633751748,0.0556614820393901,3.39903700046877
1.79087301587302,0.221113057402226,0.260789618234118,0.0556348603713985,3.39916799595061
1.79097222222222,0.221094900212606,0.260773601848212,0.0556082514537927,3.39929897856202
1.79107142857143,0.22107674482978,0.260757584595096,0.0555816552805561,3.39942994830523
1.79117063492064,0.22105859125343,0.260741566475836,0.055555071845674,3.39956090518246
1.79126984126984,0.22104043948324,0.260725547491496,0.0555285011431343,3.39969184919595
1.79136904761905,0.221022289518892,0.260709527643142,0.0555019431669267,3.39982278034792
1.79146825396825,0.221004141360068,0.260693506931837,0.055475397911043,3.3999536986406
1.79156746031746,0.220985995006452,0.260677485358646,0.0554488653694776,3.40008460407621
1.79166666666667,0.220967850457726,0.260661462924632,0.0554223455362267,3.40021549665698
1.79176587301587,0.220949707713572,0.260645439630857,0.0553958384052885,3.40034637638513
1.79186507936508,0.220931566773675,0.260629415478385,0.0553693439706638,3.40047724326289
1.79196428571429,0.220913427637718,0.260613390468278,0.055342862226355,3.40060809729248
1.79206349206349,0.220895290305383,0.260597364601597,0.0553163931663672,3.40073893847613
1.7921626984127,0.220877154776354,0.260581337879403,0.0552899367847074,3.40086976681606
1.7922619047619,0.220859021050315,0.260565310302758,0.0552634930753845,3.40100058231449
1.79236111111111,0.220840889126949,0.260549281872722,0.0552370620324102,3.40113138497363
1.79246031746032,0.22082275900594,0.260533252590355,0.0552106436497976,3.40126217479572
1.79255952380952,0.220804630686972,0.260517222456717,0.0551842379215625,3.40139295178297
1.79265873015873,0.220786504169729,0.260501191472866,0.0551578448417224,3.4015237159376
1.79275793650794,0.220768379453894,0.260485159639862,0.0551314644042975,3.40165446726183
1.79285714285714,0.220750256539152,0.260469126958762,0.0551050966033097,3.40178520575788
1.79295634920635,0.220732135425186,0.260453093430625,0.0550787414327831,3.40191593142797
1.79305555555556,0.220714016111683,0.260437059056509,0.0550523988867443,3.40204664427431
1.79315476190476,0.220695898598325,0.260421023837469,0.0550260689592216,3.40217734429912
1.79325396825397,0.220677782884797,0.260404987774564,0.0549997516442458,3.40230803150461
1.79335317460317,0.220659668970784,0.260388950868848,0.0549734469358495,3.40243870589301
1.79345238095238,0.220641556855971,0.260372913121379,0.0549471548280676,3.40256936746653
1.79355158730159,0.220623446540042,0.26035687453321,0.0549208753149374,3.40270001622737
1.79365079365079,0.220605338022683,0.260340835105398,0.0548946083904982,3.40283065217776
1.79375,0.220587231303579,0.260324794838996,0.054868354048791,3.40296127531991
1.79384920634921,0.220569126382414,0.260308753735058,0.0548421122838598,3.40309188565602
1.79394841269841,0.220551023258873,0.260292711794639,0.05481588308975,3.40322248318832
1.79404761904762,0.220532921932644,0.260276669018792,0.0547896664605096,3.40335306791902
1.79414682539683,0.220514822403409,0.260260625408569,0.0547634623901884,3.40348363985031
1.79424603174603,0.220496724670857,0.260244580965022,0.0547372708728387,3.40361419898442
1.79434523809524,0.220478628734671,0.260228535689205,0.0547110919025147,3.40374474532355
1.79444444444444,0.220460534594538,0.260212489582167,0.0546849254732728,3.40387527886992
1.79454365079365,0.220442442250143,0.26019644264496,0.0546587715791718,3.40400579962573
1.79464285714286,0.220424351701173,0.260180394878636,0.0546326302142723,3.40413630759318
1.79474206349206,0.220406262947314,0.260164346284244,0.0546065013726371,3.40426680277449
1.79484126984127,0.220388175988251,0.260148296862833,0.0545803850483314,3.40439728517187
1.79494047619048,0.220370090823672,0.260132246615454,0.0545542812354222,3.40452775478751
1.79503968253968,0.220352007453262,0.260116195543156,0.054528189927979,3.40465821162363
1.79513888888889,0.220333925876708,0.260100143646986,0.0545021111200732,3.40478865568242
1.7952380952381,0.220315846093697,0.260084090927993,0.0544760448057783,3.4049190869661
1.7953373015873,0.220297768103914,0.260068037387225,0.0544499909791704,3.40504950547686
1.79543650793651,0.220279691907049,0.260051983025729,0.0544239496343272,3.40517991121691
1.79553571428571,0.220261617502786,0.260035927844552,0.0543979207653289,3.40531030418846
1.79563492063492,0.220243544890813,0.260019871844741,0.0543719043662575,3.4054406843937
1.79573412698413,0.220225474070817,0.26000381502734,0.0543459004311977,3.40557105183483
1.79583333333333,0.220207405042485,0.259987757393396,0.0543199089542358,3.40570140651406
1.79593253968254,0.220189337805505,0.259971698943954,0.0542939299294605,3.40583174843359
1.79603174603175,0.220171272359564,0.259955639680059,0.0542679633509628,3.40596207759561
1.79613095238095,0.22015320870435,0.259939579602755,0.0542420092128355,3.40609239400233
1.79623015873016,0.22013514683955,0.259923518713086,0.0542160675091738,3.40622269765594
1.79632936507936,0.220117086764852,0.259907457012095,0.0541901382340749,3.40635298855863
1.79642857142857,0.220099028479943,0.259891394500826,0.0541642213816383,3.40648326671262
1.79652777777778,0.220080971984512,0.25987533118032,0.0541383169459656,3.40661353212009
1.79662698412698,0.220062917278247,0.259859267051621,0.0541124249211604,3.40674378478324
1.79672619047619,0.220044864360836,0.259843202115769,0.0540865453013286,3.40687402470427
1.7968253968254,0.220026813231967,0.259827136373807,0.0540606780805784,3.40700425188537
1.7969246031746,0.220008763891329,0.259811069826775,0.0540348232530199,3.40713446632873
1.79702380952381,0.219990716338609,0.259795002475713,0.0540089808127652,3.40726466803655
1.79712301587302,0.219972670573497,0.259778934321662,0.053983150753929,3.40739485701102
1.79722222222222,0.21995462659568,0.259762865365661,0.0539573330706278,3.40752503325434
1.79732142857143,0.219936584404849,0.259746795608749,0.0539315277569805,3.40765519676869
1.79742063492064,0.219918544000692,0.259730725051966,0.0539057348071079,3.40778534755627
1.79751984126984,0.219900505382897,0.259714653696349,0.0538799542151332,3.40791548561926
1.79761904761905,0.219882468551154,0.259698581542937,0.0538541859751814,3.40804561095986
1.79771825396825,0.219864433505152,0.259682508592766,0.0538284300813801,3.40817572358026
1.79781746031746,0.21984640024458,0.259666434846875,0.0538026865278587,3.40830582348265
1.79791666666667,0.219828368769127,0.259650360306299,0.0537769553087488,3.40843591066921
1.79801587301587,0.219810339078484,0.259634284972076,0.0537512364181844,3.40856598514213
1.79811507936508,0.21979231117234,0.25961820884524,0.0537255298503013,3.4086960469036
1.79821428571429,0.219774285050383,0.259602131926826,0.0536998355992376,3.40882609595581
1.79831349206349,0.219756260712305,0.259586054217871,0.0536741536591337,3.40895613230094
1.7984126984127,0.219738238157795,0.259569975719409,0.053648484024132,3.40908615594118
1.7985119047619,0.219720217386543,0.259553896432473,0.053622826688377,3.4092161668787
1.79861111111111,0.219702198398239,0.259537816358098,0.0535971816460153,3.40934616511571
1.79871031746032,0.219684181192574,0.259521735497316,0.053571548891196,3.40947615065437
1.79880952380952,0.219666165769237,0.25950565385116,0.05354592841807,3.40960612349688
1.79890873015873,0.219648152127919,0.259489571420663,0.0535203202207903,3.40973608364541
1.79900793650794,0.21963014026831,0.259473488206857,0.0534947242935125,3.40986603110215
1.79910714285714,0.219612130190102,0.259457404210773,0.0534691406303939,3.40999596586927
1.79920634920635,0.219594121892985,0.259441319433443,0.0534435692255941,3.41012588794897
1.79930555555556,0.219576115376649,0.259425233875897,0.0534180100732749,3.41025579734341
1.79940476190476,0.219558110640786,0.259409147539165,0.0533924631676002,3.41038569405478
1.79950396825397,0.219540107685086,0.259393060424277,0.053366928502736,3.41051557808526
1.79960317460317,0.219522106509242,0.259376972532263,0.0533414060728506,3.41064544943703
1.79970238095238,0.219504107112943,0.259360883864152,0.0533158958721143,3.41077530811226
1.79980158730159,0.219486109495882,0.259344794420971,0.0532903978946996,3.41090515411313
1.79990079365079,0.219468113657749,0.259328704203751,0.0532649121347812,3.41103498744181
1.8,0.219450119598237,0.259312613213517,0.0532394385865358,3.41116480810049
1.80009920634921,0.219432127317037,0.259296521451298,0.0532139772441424,3.41129461609134
1.80019841269841,0.219414136813841,0.25928042891812,0.0531885281017822,3.41142441141653
1.80029761904762,0.21939614808834,0.259264335615009,0.0531630911536384,3.41155419407823
1.80039682539683,0.219378161140226,0.259248241542993,0.0531376663938963,3.41168396407863
1.80049603174603,0.219360175969193,0.259232146703095,0.0531122538167436,3.41181372141989
1.80059523809524,0.219342192574931,0.259216051096343,0.0530868534163699,3.41194346610419
1.80069444444444,0.219324210957133,0.259199954723759,0.0530614651869671,3.41207319813369
1.80079365079365,0.219306231115491,0.259183857586369,0.0530360891227291,3.41220291751058
1.80089285714286,0.219288253049698,0.259167759685196,0.0530107252178521,3.41233262423701
1.80099206349206,0.219270276759447,0.259151661021265,0.0529853734665345,3.41246231831517
1.80109126984127,0.21925230224443,0.259135561595597,0.0529600338629766,3.41259199974721
1.80119047619048,0.219234329504339,0.259119461409216,0.0529347064013811,3.41272166853531
1.80128968253968,0.219216358538869,0.259103360463144,0.0529093910759527,3.41285132468164
1.80138888888889,0.219198389347711,0.259087258758402,0.0528840878808983,3.41298096818836
1.8014880952381,0.219180421930559,0.259071156296013,0.052858796810427,3.41311059905765
1.8015873015873,0.219162456287106,0.259055053076996,0.0528335178587498,3.41324021729166
1.80168650793651,0.219144492417045,0.259038949102372,0.0528082510200803,3.41336982289256
1.80178571428571,0.21912653032007,0.259022844373162,0.0527829962886338,3.41349941586253
1.80188492063492,0.219108569995874,0.259006738890385,0.052757753658628,3.41362899620371
1.80198412698413,0.219090611444152,0.25899063265506,0.0527325231242828,3.41375856391829
1.80208333333333,0.219072654664595,0.258974525668207,0.05270730467982,3.41388811900842
1.80218253968254,0.219054699656899,0.258958417930843,0.0526820983194637,3.41401766147626
1.80228174603175,0.219036746420757,0.258942309443986,0.0526569040374402,3.41414719132397
1.80238095238095,0.219018794955864,0.258926200208654,0.0526317218279779,3.41427670855373
1.80248015873016,0.219000845261913,0.258910090225864,0.0526065516853072,3.41440621316769
1.80257936507936,0.218982897338598,0.258893979496633,0.052581393603661,3.414535705168
1.80267857142857,0.218964951185615,0.258877868021976,0.052556247577274,3.41466518455684
1.80277777777778,0.218947006802657,0.258861755802911,0.0525311136003832,3.41479465133636
1.80287698412698,0.218929064189418,0.258845642840452,0.0525059916672278,3.41492410550872
1.80297619047619,0.218911123345595,0.258829529135613,0.052480881772049,3.41505354707607
1.8030753968254,0.21889318427088,0.258813414689411,0.0524557839090902,3.41518297604058
1.8031746031746,0.21887524696497,0.258797299502858,0.0524306980725971,3.4153123924044
1.80327380952381,0.218857311427559,0.258781183576969,0.0524056242568174,3.41544179616968
1.80337301587302,0.218839377658341,0.258765066912756,0.0523805624560009,3.4155711873386
1.80347222222222,0.218821445657013,0.258748949511234,0.0523555126643998,3.41570056591329
1.80357142857143,0.21880351542327,0.258732831373413,0.0523304748762681,3.41582993189591
1.80367063492063,0.218785586956806,0.258716712500306,0.0523054490858623,3.41595928528863
1.80376984126984,0.218767660257318,0.258700592892925,0.0522804352874408,3.41608862609358
1.80386904761905,0.218749735324501,0.25868447255228,0.0522554334752641,3.41621795431293
1.80396825396825,0.21873181215805,0.258668351479383,0.0522304436435952,3.41634726994883
1.80406746031746,0.218713890757662,0.258652229675244,0.0522054657866989,3.41647657300343
1.80416666666667,0.218695971123032,0.258636107140873,0.0521804998988423,3.41660586347887
1.80426587301587,0.218678053253855,0.258619983877278,0.0521555459742946,3.41673514137732
1.80436507936508,0.21866013714983,0.25860385988547,0.0521306040073273,3.41686440670092
1.80446428571429,0.21864222281065,0.258587735166456,0.0521056739922138,3.41699365945182
1.80456349206349,0.218624310236014,0.258571609721245,0.0520807559232298,3.41712289963216
1.8046626984127,0.218606399425616,0.258555483550845,0.0520558497946532,3.41725212724411
1.8047619047619,0.218588490379154,0.258539356656263,0.0520309556007639,3.4173813422898
1.80486111111111,0.218570583096324,0.258523229038506,0.0520060733358439,3.41751054477138
1.80496031746032,0.218552677576823,0.25850710069858,0.0519812029941777,3.417639734691
1.80505952380952,0.218534773820348,0.258490971637491,0.0519563445700517,3.4177689120508
1.80515873015873,0.218516871826596,0.258474841856246,0.0519314980577544,3.41789807685293
1.80525793650794,0.218498971595263,0.258458711355848,0.0519066634515765,3.41802722909954
1.80535714285714,0.218481073126046,0.258442580137304,0.0518818407458108,3.41815636879277
1.80545634920635,0.218463176418644,0.258426448201617,0.0518570299347526,3.41828549593476
1.80555555555556,0.218445281472753,0.258410315549791,0.0518322310126988,3.41841461052765
1.80565476190476,0.21842738828807,0.25839418218283,0.0518074439739487,3.41854371257359
1.80575396825397,0.218409496864294,0.258378048101736,0.051782668812804,3.41867280207472
1.80585317460317,0.218391607201121,0.258361913307513,0.0517579055235682,3.41880187903318
1.80595238095238,0.21837371929825,0.258345777801163,0.051733154100547,3.41893094345111
1.80605158730159,0.218355833155379,0.258329641583687,0.0517084145380484,3.41905999533065
1.80615079365079,0.218337948772204,0.258313504656087,0.0516836868303824,3.41918903467394
1.80625,0.218320066148425,0.258297367019364,0.0516589709718613,3.41931806148312
1.80634920634921,0.21830218528374,0.258281228674518,0.0516342669567994,3.41944707576032
1.80644841269841,0.218284306177846,0.25826508962255,0.0516095747795133,3.41957607750769
1.80654761904762,0.218266428830442,0.258248949864459,0.0515848944343216,3.41970506672737
1.80664682539683,0.218248553241227,0.258232809401244,0.0515602259155451,3.41983404342148
1.80674603174603,0.218230679409899,0.258216668233904,0.0515355692175067,3.41996300759216
1.80684523809524,0.218212807336156,0.258200526363437,0.0515109243345316,3.42009195924156
1.80694444444444,0.218194937019698,0.258184383790843,0.0514862912609471,3.4202208983718
1.80704365079365,0.218177068460223,0.258168240517117,0.0514616699910826,3.42034982498501
1.80714285714286,0.218159201657431,0.258152096543257,0.0514370605192695,3.42047873908334
1.80724206349206,0.21814133661102,0.258135951870261,0.0514124628398417,3.42060764066892
1.80734126984127,0.218123473320689,0.258119806499123,0.051387876947135,3.42073652974386
1.80744047619048,0.218105611786139,0.258103660430841,0.0513633028354874,3.42086540631032
1.80753968253968,0.218087752007067,0.258087513666408,0.051338740499239,3.42099427037042
1.80763888888889,0.218069893983174,0.258071366206822,0.0513141899327322,3.42112312192629
1.8077380952381,0.21805203771416,0.258055218053075,0.0512896511303114,3.42125196098006
1.8078373015873,0.218034183199723,0.258039069206163,0.0512651240863232,3.42138078753386
1.80793650793651,0.218016330439564,0.258022919667078,0.0512406087951164,3.42150960158981
1.80803571428571,0.217998479433383,0.258006769436814,0.0512161052510419,3.42163840315006
1.80813492063492,0.217980630180879,0.257990618516365,0.0511916134484527,3.42176719221671
1.80823412698413,0.217962782681753,0.257974466906722,0.0511671333817041,3.42189596879191
1.80833333333333,0.217944936935705,0.257958314608878,0.0511426650451533,3.42202473287778
1.80843253968254,0.217927092942435,0.257942161623823,0.05111820843316,3.42215348447644
1.80853174603175,0.217909250701644,0.25792600795255,0.0510937635400857,3.42228222359002
1.80863095238095,0.217891410213032,0.257909853596049,0.0510693303602942,3.42241095022064
1.80873015873016,0.2178735714763,0.25789369855531,0.0510449088881516,3.42253966437043
1.80882936507936,0.217855734491148,0.257877542831324,0.0510204991180258,3.42266836604151
1.80892857142857,0.217837899257278,0.257861386425079,0.0509961010442872,3.42279705523601
1.80902777777778,0.217820065774389,0.257845229337565,0.0509717146613081,3.42292573195604
1.80912698412698,0.217802234042184,0.257829071569771,0.0509473399634632,3.42305439620373
1.80922619047619,0.217784404060364,0.257812913122684,0.050922976945129,3.42318304798119
1.8093253968254,0.217766575828629,0.257796753997292,0.0508986256006844,3.42331168729056
1.8094246031746,0.21774874934668,0.257780594194583,0.0508742859245105,3.42344031413395
1.80952380952381,0.217730924614221,0.257764433715544,0.0508499579109904,3.42356892851347
1.80962301587302,0.217713101630951,0.25774827256116,0.0508256415545094,3.42369753043126
1.80972222222222,0.217695280396573,0.257732110732419,0.0508013368494548,3.42382611988942
1.80982142857143,0.217677460910788,0.257715948230306,0.0507770437902164,3.42395469689007
1.80992063492063,0.217659643173298,0.257699785055806,0.0507527623711858,3.42408326143533
1.81001984126984,0.217641827183805,0.257683621209904,0.050728492586757,3.42421181352732
1.81011904761905,0.217624012942012,0.257667456693584,0.0507042344313259,3.42434035316816
1.81021825396825,0.21760620044762,0.25765129150783,0.0506799878992909,3.42446888035995
1.81031746031746,0.217588389700331,0.257635125653626,0.0506557529850522,3.42459739510481
1.81041666666667,0.217570580699849,0.257618959131954,0.0506315296830123,3.42472589740486
1.81051587301587,0.217552773445875,0.257602791943798,0.0506073179875758,3.42485438726221
1.81061507936508,0.217534967938112,0.25758662409014,0.0505831178931496,3.42498286467897
1.81071428571429,0.217517164176262,0.257570455571962,0.0505589293941426,3.42511132965726
1.81081349206349,0.21749936216003,0.257554286390244,0.0505347524849657,3.42523978219919
1.8109126984127,0.217481561889116,0.257538116545968,0.0505105871600325,3.42536822230686
1.8110119047619,0.217463763363225,0.257521946040115,0.0504864334137581,3.42549664998239
1.81111111111111,0.217445966582059,0.257505774873664,0.0504622912405602,3.42562506522789
1.81121031746032,0.217428171545322,0.257489603047596,0.0504381606348583,3.42575346804547
1.81130952380952,0.217410378252717,0.257473430562889,0.0504140415910745,3.42588185843723
1.81140873015873,0.217392586703947,0.257457257420522,0.0503899341036325,3.42601023640529
1.81150793650794,0.217374796898716,0.257441083621475,0.0503658381669587,3.42613860195175
1.81160714285714,0.217357008836727,0.257424909166724,0.0503417537754811,3.42626695507872
1.81170634920635,0.217339222517684,0.257408734057247,0.0503176809236303,3.42639529578831
1.81180555555556,0.217321437941292,0.257392558294022,0.050293619605839,3.42652362408262
1.81190476190476,0.217303655107253,0.257376381878026,0.0502695698165417,3.42665193996375
1.81200396825397,0.217285874015272,0.257360204810234,0.0502455315501753,3.42678024343382
1.81210317460317,0.217268094665053,0.257344027091622,0.050221504801179,3.42690853449492
1.81220238095238,0.2172503170563,0.257327848723166,0.0501974895639939,3.42703681314916
1.81230158730159,0.217232541188718,0.257311669705841,0.0501734858330632,3.42716507939864
1.81240079365079,0.217214767062011,0.257295490040622,0.0501494936028326,3.42729333324546
1.8125,0.217196994675883,0.257279309728482,0.0501255128677497,3.42742157469173
1.81259920634921,0.21717922403004,0.257263128770396,0.0501015436222641,3.42754980373955
1.81269841269841,0.217161455124185,0.257246947167336,0.0500775858608277,3.42767802039102
1.81279761904762,0.217143687958024,0.257230764920276,0.0500536395778948,3.42780622464823
1.81289682539683,0.217125922531261,0.257214582030188,0.0500297047679216,3.42793441651329
1.81299603174603,0.217108158843603,0.257198398498045,0.0500057814253664,3.42806259598829
1.81309523809524,0.217090396894753,0.257182214324817,0.0499818695446896,3.42819076307534
1.81319444444444,0.217072636684417,0.257166029511476,0.049957969120354,3.42831891777652
1.81329365079365,0.217054878212301,0.257149844058993,0.0499340801468245,3.42844706009395
1.81339285714286,0.217037121478109,0.257133657968338,0.049910202618568,3.42857519002971
1.81349206349206,0.217019366481548,0.257117471240481,0.0498863365300535,3.42870330758589
1.81359126984127,0.217001613222324,0.257101283876391,0.0498624818757525,3.42883141276461
1.81369047619048,0.216983861700141,0.257085095877038,0.0498386386501383,3.42895950556794
1.81378968253968,0.216966111914706,0.25706890724339,0.0498148068476864,3.42908758599799
1.81388888888889,0.216948363865725,0.257052717976416,0.0497909864628746,3.42921565405684
1.8139880952381,0.216930617552903,0.257036528077083,0.0497671774901829,3.4293437097466
1.8140873015873,0.216912872975948,0.257020337546359,0.0497433799240931,3.42947175306934
1.81418650793651,0.216895130134565,0.25700414638521,0.0497195937590893,3.42959978402717
1.81428571428571,0.21687738902846,0.256987954594603,0.0496958189896581,3.42972780262218
1.81438492063492,0.216859649657341,0.256971762175505,0.0496720556102879,3.42985580885645
1.81448412698413,0.216841912020913,0.25695556912888,0.0496483036154692,3.42998380273208
1.81458333333333,0.216824176118884,0.256939375455695,0.0496245629996947,3.43011178425115
1.81468253968254,0.216806441950961,0.256923181156913,0.0496008337574595,3.43023975341575
1.81478174603175,0.216788709516849,0.2569069862335,0.0495771158832607,3.43036771022798
1.81488095238095,0.216770978816257,0.256890790686419,0.0495534093715973,3.43049565468991
1.81498015873016,0.216753249848891,0.256874594516634,0.0495297142169707,3.43062358680364
1.81507936507937,0.216735522614458,0.256858397725108,0.0495060304138845,3.43075150657125
1.81517857142857,0.216717797112666,0.256842200312803,0.0494823579568444,3.43087941399483
1.81527777777778,0.216700073343223,0.256826002280683,0.0494586968403581,3.43100730907647
1.81537698412698,0.216682351305835,0.256809803629708,0.0494350470589357,3.43113519181824
1.81547619047619,0.216664631000211,0.256793604360841,0.0494114086070892,3.43126306222223
1.8155753968254,0.216646912426057,0.256777404475041,0.0493877814793328,3.43139092029053
1.8156746031746,0.216629195583083,0.256761203973271,0.049364165670183,3.43151876602522
1.81577380952381,0.216611480470995,0.256745002856489,0.0493405611741584,3.43164659942837
1.81587301587302,0.216593767089503,0.256728801125656,0.0493169679857797,3.43177442050208
1.81597222222222,0.216576055438313,0.256712598781732,0.0492933860995696,3.43190222924842
1.81607142857143,0.216558345517135,0.256696395825673,0.0492698155100532,3.43203002566948
1.81617063492064,0.216540637325677,0.256680192258441,0.0492462562117578,3.43215780976732
1.81626984126984,0.216522930863646,0.256663988080991,0.0492227081992125,3.43228558154404
1.81636904761905,0.216505226130752,0.256647783294283,0.0491991714669489,3.43241334100172
1.81646825396825,0.216487523126704,0.256631577899272,0.0491756460095004,3.43254108814242
1.81656746031746,0.216469821851209,0.256615371896916,0.049152131821403,3.43266882296822
1.81666666666667,0.216452122303978,0.256599165288172,0.0491286288971944,3.43279654548122
1.81676587301587,0.216434424484718,0.256582958073994,0.0491051372314148,3.43292425568347
1.81686507936508,0.216416728393139,0.256566750255339,0.0490816568186063,3.43305195357705
1.81696428571429,0.216399034028951,0.256550541833162,0.0490581876533134,3.43317963916405
1.81706349206349,0.216381341391861,0.256534332808416,0.0490347297300824,3.43330731244653
1.8171626984127,0.216363650481581,0.256518123182057,0.049011283043462,3.43343497342658
1.8172619047619,0.216345961297819,0.256501912955038,0.0489878475880031,3.43356262210625
1.81736111111111,0.216328273840284,0.256485702128313,0.0489644233582586,3.43369025848763
1.81746031746032,0.216310588108688,0.256469490702834,0.0489410103487836,3.43381788257279
1.81755952380952,0.216292904102738,0.256453278679554,0.0489176085541353,3.4339454943638
1.81765873015873,0.216275221822146,0.256437066059425,0.0488942179688732,3.43407309386273
1.81775793650794,0.216257541266621,0.256420852843399,0.0488708385875587,3.43420068107165
1.81785714285714,0.216239862435873,0.256404639032426,0.0488474704047557,3.43432825599263
1.81795634920635,0.216222185329612,0.256388424627459,0.0488241134150297,3.43445581862774
1.81805555555556,0.21620450994755,0.256372209629446,0.0488007676129491,3.43458336897905
1.81815476190476,0.216186836289396,0.256355994039338,0.0487774329930838,3.43471090704863
1.81825396825397,0.21616916435486,0.256339777858084,0.0487541095500061,3.43483843283854
1.81835317460317,0.216151494143654,0.256323561086635,0.0487307972782905,3.43496594635085
1.81845238095238,0.216133825655487,0.256307343725937,0.0487074961725136,3.43509344758763
1.81855158730159,0.216116158890072,0.25629112577694,0.0486842062272542,3.43522093655094
1.81865079365079,0.216098493847118,0.256274907240592,0.048660927437093,3.43534841324286
1.81875,0.216080830526338,0.256258688117839,0.0486376597966132,3.43547587766543
1.81884920634921,0.216063168927441,0.256242468409629,0.0486144033004,3.43560332982073
1.81894841269841,0.216045509050139,0.256226248116908,0.0485911579430406,3.43573076971082
1.81904761904762,0.216027850894144,0.256210027240622,0.0485679237191246,3.43585819733777
1.81914682539683,0.216010194459167,0.256193805781718,0.0485447006232436,3.43598561270362
1.81924603174603,0.21599253974492,0.256177583741139,0.0485214886499914,3.43611301581046
1.81934523809524,0.215974886751113,0.256161361119833,0.0484982877939639,3.43624040666033
1.81944444444444,0.21595723547746,0.256145137918741,0.0484750980497592,3.43636778525531
1.81954365079365,0.215939585923671,0.25612891413881,0.0484519194119777,3.43649515159744
1.81964285714286,0.215921938089459,0.256112689780981,0.0484287518752215,3.43662250568878
1.81974206349206,0.215904291974536,0.256096464846199,0.0484055954340953,3.43674984753141
1.81984126984127,0.215886647578613,0.256080239335406,0.0483824500832057,3.43687717712736
1.81994047619048,0.215869004901404,0.256064013249544,0.0483593158171617,3.43700449447871
1.82003968253968,0.21585136394262,0.256047786589555,0.0483361926305741,3.43713179958751
1.82013888888889,0.215833724701974,0.256031559356381,0.0483130805180561,3.43725909245581
1.8202380952381,0.215816087179179,0.256015331550963,0.048289979474223,3.43738637308567
1.8203373015873,0.215798451373948,0.255999103174241,0.0482668894936922,3.43751364147915
1.82043650793651,0.215780817285992,0.255982874227156,0.0482438105710833,3.43764089763829
1.82053571428571,0.215763184915025,0.255966644710647,0.048220742701018,3.43776814156517
1.82063492063492,0.21574555426076,0.255950414625653,0.0481976858781202,3.43789537326181
1.82073412698413,0.21572792532291,0.255934183973114,0.048174640097016,3.43802259273029
1.82083333333333,0.215710298101189,0.255917952753968,0.0481516053523334,3.43814979997265
1.82093253968254,0.215692672595308,0.255901720969152,0.0481285816387028,3.43827699499095
1.82103174603175,0.215675048804983,0.255885488619606,0.0481055689507568,3.43840417778722
1.82113095238095,0.215657426729926,0.255869255706265,0.04808256728313,3.43853134836354
1.82123015873016,0.215639806369851,0.255853022230066,0.0480595766304589,3.43865850672194
1.82132936507937,0.215622187724472,0.255836788191947,0.0480365969873828,3.43878565286447
1.82142857142857,0.215604570793502,0.255820553592842,0.0480136283485426,3.43891278679319
1.82152777777778,0.215586955576656,0.255804318433687,0.0479906707085815,3.43903990851013
1.82162698412698,0.215569342073647,0.255788082715418,0.0479677240621448,3.43916701801736
1.82172619047619,0.215551730284189,0.255771846438969,0.0479447884038802,3.43929411531691
1.8218253968254,0.215534120207998,0.255755609605275,0.0479218637284374,3.43942120041083
1.8219246031746,0.215516511844786,0.255739372215268,0.047898950030468,3.43954827330117
1.82202380952381,0.21549890519427,0.255723134269883,0.047876047304626,3.43967533398997
1.82212301587302,0.215481300256162,0.255706895770052,0.0478531555455678,3.43980238247927
1.82222222222222,0.215463697030178,0.255690656716708,0.0478302747479514,3.43992941877113
1.82232142857143,0.215446095516032,0.255674417110783,0.0478074049064372,3.44005644286758
1.82242063492064,0.215428495713439,0.255658176953209,0.0477845460156879,3.44018345477067
1.82251984126984,0.215410897622115,0.255641936244916,0.0477616980703682,3.44031045448244
1.82261904761905,0.215393301241774,0.255625694986837,0.047738861065145,3.44043744200492
1.82271825396825,0.215375706572132,0.2556094531799,0.0477160349946872,3.44056441734017
1.82281746031746,0.215358113612903,0.255593210825037,0.047693219853666,3.44069138049022
1.82291666666667,0.215340522363803,0.255576967923176,0.0476704156367548,3.44081833145712
1.82301587301587,0.215322932824548,0.255560724475247,0.047647622338629,3.44094527024289
1.82311507936508,0.215305344994852,0.255544480482179,0.0476248399539661,3.44107219684958
1.82321428571429,0.215287758874433,0.255528235944899,0.0476020684774461,3.44119911127923
1.82331349206349,0.215270174463005,0.255511990864336,0.0475793079037508,3.44132601353387
1.8234126984127,0.215252591760284,0.255495745241417,0.0475565582275642,3.44145290361555
1.8235119047619,0.215235010765986,0.255479499077069,0.0475338194435726,3.44157978152629
1.82361111111111,0.215217431479828,0.255463252372218,0.0475110915464643,3.44170664726814
1.82371031746032,0.215199853901526,0.255447005127791,0.0474883745309299,3.44183350084312
1.82380952380952,0.215182278030795,0.255430757344714,0.0474656683916619,3.44196034225328
1.82390873015873,0.215164703867353,0.255414509023911,0.0474429731233552,3.44208717150065
1.82400793650794,0.215147131410916,0.255398260166309,0.0474202887207068,3.44221398858725
1.82410714285714,0.215129560661199,0.25538201077283,0.0473976151784158,3.44234079351513
1.82420634920635,0.215111991617921,0.255365760844399,0.0473749524911834,3.44246758628632
1.82430555555556,0.215094424280798,0.25534951038194,0.047352300653713,3.44259436690284
1.82440476190476,0.215076858649546,0.255333259386376,0.0473296596607103,3.44272113536672
1.82450396825397,0.215059294723884,0.255317007858629,0.0473070295068828,3.44284789168001
1.82460317460317,0.215041732503527,0.255300755799623,0.0472844101869404,3.44297463584472
1.82470238095238,0.215024171988193,0.255284503210278,0.0472618016955953,3.44310136786289
1.82480158730159,0.215006613177599,0.255268250091516,0.0472392040275614,3.44322808773655
1.82490079365079,0.214989056071464,0.255251996444259,0.0472166171775552,3.44335479546772
1.825,0.214971500669503,0.255235742269427,0.0471940411402949,3.44348149105843
1.82509920634921,0.214953946971436,0.25521948756794,0.0471714759105014,3.44360817451071
1.82519841269841,0.214936394976979,0.255203232340718,0.0471489214828973,3.44373484582658
1.82529761904762,0.214918844685851,0.255186976588681,0.0471263778522075,3.44386150500807
1.82539682539683,0.214901296097769,0.255170720312746,0.047103845013159,3.44398815205721
1.82549603174603,0.214883749212452,0.255154463513834,0.0470813229604811,3.44411478697601
1.82559523809524,0.214866204029617,0.255138206192861,0.0470588116889051,3.44424140976651
1.82569444444444,0.214848660548983,0.255121948350745,0.0470363111931645,3.44436802043072
1.82579365079365,0.214831118770268,0.255105689988404,0.047013821467995,3.44449461897068
1.82589285714286,0.214813578693191,0.255089431106755,0.0469913425081344,3.44462120538839
1.82599206349206,0.214796040317471,0.255073171706714,0.0469688743083226,3.44474777968589
1.82609126984127,0.214778503642825,0.255056911789196,0.0469464168633015,3.44487434186519
1.82619047619048,0.214760968668972,0.255040651355117,0.0469239701678158,3.44500089192831
1.82628968253968,0.214743435395633,0.255024390405393,0.0469015342166115,3.44512742987728
1.82638888888889,0.214725903822524,0.255008128940938,0.0468791090044373,3.44525395571411
1.8264880952381,0.214708373949366,0.254991866962667,0.0468566945260438,3.44538046944082
1.8265873015873,0.214690845775878,0.254975604471492,0.046834290776184,3.44550697105943
1.82668650793651,0.214673319301779,0.254959341468328,0.0468118977496128,3.44563346057196
1.82678571428571,0.214655794526788,0.254943077954088,0.0467895154410873,3.44575993798042
1.82688492063492,0.214638271450625,0.254926813929684,0.0467671438453669,3.44588640328683
1.82698412698413,0.214620750073009,0.254910549396027,0.0467447829572129,3.44601285649321
1.82708333333333,0.214603230393661,0.254894284354031,0.0467224327713891,3.44613929760157
1.82718253968254,0.214585712412299,0.254878018804606,0.0467000932826609,3.44626572661392
1.82728174603175,0.214568196128644,0.254861752748663,0.0466777644857966,3.44639214353228
1.82738095238095,0.214550681542416,0.254845486187112,0.0466554463755659,3.44651854835866
1.82748015873016,0.214533168653335,0.254829219120864,0.0466331389467412,3.44664494109508
1.82757936507937,0.21451565746112,0.254812951550828,0.0466108421940967,3.44677132174354
1.82767857142857,0.214498147965493,0.254796683477913,0.046588556112409,3.44689769030606
1.82777777777778,0.214480640166174,0.254780414903027,0.0465662806964567,3.44702404678465
1.82787698412698,0.214463134062884,0.25476414582708,0.0465440159410205,3.44715039118132
1.82797619047619,0.214445629655342,0.254747876250979,0.0465217618408834,3.44727672349808
1.8280753968254,0.214428126943269,0.254731606175632,0.0464995183908305,3.44740304373694
1.8281746031746,0.214410625926387,0.254715335601945,0.046477285585649,3.44752935189991
1.82827380952381,0.214393126604417,0.254699064530825,0.0464550634201283,3.44765564798898
1.82837301587302,0.214375628977079,0.254682792963178,0.0464328518890599,3.44778193200619
1.82847222222222,0.214358133044094,0.25466652089991,0.0464106509872376,3.44790820395352
1.82857142857143,0.214340638805184,0.254650248341927,0.0463884607094571,3.44803446383298
1.82867063492064,0.21432314626007,0.254633975290133,0.0463662810505163,3.44816071164659
1.82876984126984,0.214305655408474,0.254617701745433,0.0463441120052156,3.44828694739634
1.82886904761905,0.214288166250117,0.25460142770873,0.0463219535683571,3.44841317108424
1.82896825396825,0.21427067878472,0.254585153180929,0.0462998057347452,3.4485393827123
1.82906746031746,0.214253193012006,0.254568878162932,0.0462776684991866,3.44866558228251
1.82916666666667,0.214235708931697,0.254552602655643,0.0462555418564899,3.44879176979688
1.82926587301587,0.214218226543513,0.254536326659964,0.0462334258014661,3.44891794525742
1.82936507936508,0.214200745847178,0.254520050176796,0.0462113203289282,3.44904410866612
1.82946428571429,0.214183266842413,0.254503773207041,0.0461892254336912,3.44917026002498
1.82956349206349,0.214165789528941,0.254487495751601,0.0461671411105727,3.44929639933601
1.8296626984127,0.214148313906484,0.254471217811375,0.0461450673543919,3.4494225266012
1.8297619047619,0.214130839974765,0.254454939387264,0.0461230041599707,3.44954864182256
1.82986111111111,0.214113367733506,0.254438660480168,0.0461009515221326,3.44967474500207
1.82996031746032,0.21409589718243,0.254422381090987,0.0460789094357038,3.44980083614175
1.83005952380952,0.214078428321259,0.254406101220619,0.0460568778955121,3.44992691524358
1.83015873015873,0.214060961149717,0.254389820869962,0.0460348568963879,3.45005298230957
1.83025793650794,0.214043495667526,0.254373540039915,0.0460128464331635,3.45017903734171
1.83035714285714,0.21402603187441,0.254357258731376,0.0459908465006735,3.450305080342
1.83045634920635,0.214008569770092,0.254340976945241,0.0459688570937545,3.45043111131242
1.83055555555556,0.213991109354294,0.254324694682408,0.0459468782072452,3.45055713025498
1.83065476190476,0.213973650626741,0.254308411943773,0.0459249098359868,3.45068313717167
1.83075396825397,0.213956193587156,0.254292128730232,0.0459029519748224,3.45080913206448
1.83085317460317,0.213938738235263,0.254275845042681,0.0458810046185971,3.45093511493541
1.83095238095238,0.213921284570785,0.254259560882014,0.0458590677621583,3.45106108578645
1.83105158730159,0.213903832593446,0.254243276249126,0.0458371414003558,3.45118704461958
1.83115079365079,0.213886382302969,0.254226991144912,0.0458152255280411,3.4513129914368
1.83125,0.21386893369908,0.254210705570265,0.0457933201400681,3.4514389262401
1.83134920634921,0.213851486781502,0.254194419526079,0.0457714252312929,3.45156484903147
1.83144841269841,0.21383404154996,0.254178133013247,0.0457495407965736,3.4516907598129
1.83154761904762,0.213816598004177,0.254161846032661,0.0457276668307706,3.45181665858637
1.83164682539683,0.213799156143878,0.254145558585214,0.0457058033287462,3.45194254535388
1.83174603174603,0.213781715968787,0.254129270671797,0.0456839502853652,3.45206842011742
1.83184523809524,0.21376427747863,0.254112982293302,0.0456621076954942,3.45219428287896
1.83194444444444,0.213746840673131,0.254096693450619,0.0456402755540022,3.45232013364049
1.83204365079365,0.213729405552015,0.254080404144639,0.0456184538557602,3.45244597240401
1.83214285714286,0.213711972115006,0.254064114376252,0.0455966425956415,3.45257179917149
1.83224206349206,0.213694540361831,0.254047824146347,0.0455748417685214,3.45269761394492
1.83234126984127,0.213677110292213,0.254031533455815,0.0455530513692774,3.45282341672629
1.83244047619048,0.213659681905879,0.254015242305542,0.0455312713927891,3.45294920751757
1.83253968253968,0.213642255202553,0.253998950696419,0.0455095018339384,3.45307498632075
1.83263888888889,0.213624830181961,0.253982658629332,0.0454877426876093,3.45320075313782
1.8327380952381,0.213607406843829,0.253966366105169,0.0454659939486878,3.45332650797074
1.8328373015873,0.213589985187882,0.253950073124817,0.0454442556120622,3.45345225082151
1.83293650793651,0.213572565213846,0.253933779689163,0.0454225276726228,3.45357798169211
1.83303571428571,0.213555146921447,0.253917485799094,0.0454008101252624,3.45370370058451
1.83313492063492,0.21353773031041,0.253901191455493,0.0453791029648754,3.45382940750069
1.83323412698413,0.213520315380463,0.253884896659248,0.0453574061863589,3.45395510244263
1.83333333333333,0.213502902131331,0.253868601411244,0.0453357197846118,3.45408078541231
1.83343253968254,0.213485490562741,0.253852305712363,0.0453140437545352,3.45420645641171
1.83353174603175,0.213468080674418,0.253836009563491,0.0452923780910325,3.4543321154428
1.83363095238095,0.213450672466089,0.253819712965512,0.0452707227890091,3.45445776250756
1.83373015873016,0.213433265937482,0.253803415919308,0.0452490778433726,3.45458339760797
1.83382936507936,0.213415861088322,0.253787118425762,0.0452274432490328,3.45470902074599
1.83392857142857,0.213398457918336,0.253770820485757,0.0452058190009015,3.45483463192361
1.83402777777778,0.213381056427252,0.253754522100175,0.0451842050938928,3.4549602311428
1.83412698412698,0.213363656614796,0.253738223269896,0.045162601522923,3.45508581840553
1.83422619047619,0.213346258480695,0.253721923995803,0.0451410082829102,3.45521139371377
1.8343253968254,0.213328862024677,0.253705624278776,0.0451194253687751,3.4553369570695
1.8344246031746,0.213311467246469,0.253689324119695,0.0450978527754403,3.45546250847469
1.83452380952381,0.213294074145798,0.25367302351944,0.0450762904978306,3.4555880479313
1.83462301587302,0.213276682722392,0.25365672247889,0.0450547385308728,3.45571357544131
1.83472222222222,0.213259292975979,0.253640420998925,0.0450331968694963,3.45583909100669
1.83482142857143,0.213241904906286,0.253624119080422,0.0450116655086321,3.45596459462941
1.83492063492063,0.213224518513041,0.253607816724261,0.0449901444432136,3.45609008631143
1.83501984126984,0.213207133795972,0.253591513931318,0.0449686336681764,3.45621556605473
1.83511904761905,0.213189750754807,0.253575210702471,0.0449471331784582,3.45634103386126
1.83521825396825,0.213172369389274,0.253558907038597,0.0449256429689989,3.45646648973301
1.83531746031746,0.213154989699101,0.253542602940572,0.0449041630347404,3.45659193367193
1.83541666666667,0.213137611684018,0.253526298409273,0.0448826933706267,3.45671736567998
1.83551587301587,0.213120235343751,0.253509993445574,0.0448612339716044,3.45684278575914
1.83561507936508,0.21310286067803,0.253493688050352,0.0448397848326218,3.45696819391137
1.83571428571429,0.213085487686584,0.25347738222448,0.0448183459486294,3.45709359013863
1.83581349206349,0.213068116369141,0.253461075968833,0.04479691731458,3.45721897444289
1.8359126984127,0.21305074672543,0.253444769284284,0.0447754989254285,3.4573443468261
1.8360119047619,0.21303337875518,0.253428462171709,0.0447540907761319,3.45746970729023
1.83611111111111,0.213016012458119,0.253412154631978,0.0447326928616494,3.45759505583725
1.83621031746032,0.212998647833979,0.253395846665966,0.0447113051769425,3.45772039246911
1.83630952380952,0.212981284882486,0.253379538274543,0.0446899277169744,3.45784571718776
1.83640873015873,0.212963923603372,0.253363229458583,0.0446685604767109,3.45797102999519
1.83650793650794,0.212946563996365,0.253346920218955,0.0446472034511197,3.45809633089333
1.83660714285714,0.212929206061194,0.253330610556532,0.0446258566351709,3.45822161988415
1.83670634920635,0.212911849797591,0.253314300472183,0.0446045200238364,3.4583468969696
1.83680555555556,0.212894495205284,0.253297989966779,0.0445831936120905,3.45847216215166
1.83690476190476,0.212877142284003,0.253281679041189,0.0445618773949095,3.45859741543226
1.83700396825397,0.212859791033478,0.253265367696282,0.0445405713672721,3.45872265681337
1.83710317460317,0.21284244145344,0.253249055932928,0.0445192755241589,3.45884788629694
1.83720238095238,0.212825093543619,0.253232743751994,0.0444979898605527,3.45897310388494
1.83730158730159,0.212807747303744,0.253216431154348,0.0444767143714384,3.4590983095793
1.83740079365079,0.212790402733547,0.253200118140859,0.0444554490518032,3.45922350338199
1.8375,0.212773059832757,0.253183804712393,0.0444341938966365,3.45934868529495
1.83759920634921,0.212755718601106,0.253167490869816,0.0444129489009295,3.45947385532015
1.83769841269841,0.212738379038324,0.253151176613995,0.044391714059676,3.45959901345954
1.83779761904762,0.212721041144143,0.253134861945796,0.0443704893678716,3.45972415971505
1.83789682539683,0.212703704918292,0.253118546866084,0.0443492748205142,3.45984929408865
1.83799603174603,0.212686370360503,0.253102231375724,0.0443280704126038,3.45997441658229
1.83809523809524,0.212669037470507,0.25308591547558,0.0443068761391426,3.46009952719792
1.83819444444444,0.212651706248035,0.253069599166517,0.0442856919951349,3.46022462593747
1.83829365079365,0.212634376692819,0.253053282449399,0.0442645179755872,3.46034971280291
1.83839285714286,0.21261704880459,0.253036965325088,0.0442433540755081,3.46047478779619
1.83849206349206,0.212599722583079,0.253020647794447,0.0442222002899083,3.46059985091923
1.83859126984127,0.212582398028019,0.253004329858339,0.0442010566138009,3.46072490217401
1.83869047619048,0.212565075139141,0.252988011517626,0.0441799230422009,3.46084994156245
1.83878968253968,0.212547753916177,0.252971692773169,0.0441587995701253,3.46097496908651
1.83888888888889,0.212530434358858,0.25295537362583,0.0441376861925938,3.46109998474813
1.8389880952381,0.212513116466918,0.252939054076469,0.0441165829046278,3.46122498854926
1.8390873015873,0.212495800240087,0.252922734125946,0.0440954897012508,3.46134998049184
1.83918650793651,0.212478485678099,0.252906413775121,0.0440744065774889,3.4614749605778
1.83928571428571,0.212461172780685,0.252890093024855,0.0440533335283699,3.46159992880911
1.83938492063492,0.212443861547578,0.252873771876004,0.0440322705489239,3.46172488518768
1.83948412698413,0.212426551978511,0.252857450329429,0.0440112176341832,3.46184982971548
1.83958333333333,0.212409244073217,0.252841128385988,0.0439901747791822,3.46197476239444
1.83968253968254,0.212391937831427,0.252824806046537,0.0439691419789575,3.46209968322649
1.83978174603175,0.212374633252876,0.252808483311935,0.0439481192285478,3.46222459221358
1.83988095238095,0.212357330337296,0.252792160183038,0.0439271065229939,3.46234948935766
1.83998015873016,0.21234002908442,0.252775836660703,0.0439061038573389,3.46247437466064
1.84007936507936,0.212322729493981,0.252759512745786,0.043885111226628,3.46259924812448
1.84017857142857,0.212305431565712,0.252743188439142,0.0438641286259083,3.46272410975111
1.84027777777778,0.212288135299348,0.252726863741626,0.0438431560502294,3.46284895954247
1.84037698412698,0.212270840694621,0.252710538654094,0.043822193494643,3.4629737975005
1.84047619047619,0.212253547751265,0.252694213177399,0.0438012409542028,3.46309862362712
1.8405753968254,0.212236256469014,0.252677887312396,0.0437802984239645,3.46322343792427
1.8406746031746,0.212218966847602,0.252661561059938,0.0437593658989865,3.4633482403939
1.84077380952381,0.212201678886762,0.252645234420878,0.0437384433743288,3.46347303103792
1.84087301587302,0.212184392586228,0.252628907396068,0.0437175308450538,3.46359780985828
1.84097222222222,0.212167107945736,0.252612579986362,0.0436966283062259,3.46372257685691
1.84107142857143,0.212149824965018,0.25259625219261,0.0436757357529119,3.46384733203574
1.84117063492063,0.212132543643809,0.252579924015664,0.0436548531801807,3.4639720753967
1.84126984126984,0.212115263981844,0.252563595456374,0.043633980583103,3.46409680694172
1.84136904761905,0.212097985978857,0.252547266515592,0.0436131179567519,3.46422152667273
1.84146825396825,0.212080709634583,0.252530937194168,0.0435922652962029,3.46434623459167
1.84156746031746,0.212063434948757,0.252514607492951,0.0435714225965333,3.46447093070045
1.84166666666667,0.212046161921112,0.25249827741279,0.0435505898528226,3.46459561500101
1.84176587301587,0.212028890551385,0.252481946954534,0.0435297670601525,3.46472028749528
1.84186507936508,0.212011620839311,0.252465616119031,0.0435089542136069,3.46484494818519
1.84196428571429,0.211994352784624,0.25244928490713,0.0434881513082718,3.46496959707265
1.84206349206349,0.21197708638706,0.252432953319678,0.0434673583392352,3.4650942341596
1.8421626984127,0.211959821646354,0.252416621357522,0.0434465753015876,3.46521885944796
1.8422619047619,0.211942558562241,0.252400289021509,0.0434258021904214,3.46534347293966
1.84236111111111,0.211925297134458,0.252383956312485,0.0434050390008312,3.46546807463662
1.84246031746032,0.211908037362739,0.252367623231296,0.0433842857279136,3.46559266454077
1.84255952380952,0.211890779246821,0.252351289778786,0.0433635423667677,3.46571724265402
1.84265873015873,0.211873522786439,0.252334955955802,0.0433428089124944,3.4658418089783
1.84275793650794,0.21185626798133,0.252318621763188,0.043322085360197,3.46596636351553
1.84285714285714,0.211839014831229,0.252302287201788,0.0433013717049807,3.46609090626764
1.84295634920635,0.211821763335873,0.252285952272445,0.0432806679419532,3.46621543723654
1.84305555555556,0.211804513494998,0.252269616976002,0.043259974066224,3.46633995642416
1.84315476190476,0.211787265308341,0.252253281313304,0.0432392900729049,3.46646446383241
1.84325396825397,0.211770018775637,0.252236945285192,0.0432186159571099,3.46658895946321
1.84335317460317,0.211752773896623,0.252220608892507,0.043197951713955,3.46671344331849
1.84345238095238,0.211735530671037,0.252204272136093,0.0431772973385586,3.46683791540015
1.84355158730159,0.211718289098614,0.252187935016789,0.0431566528260409,3.46696237571012
1.84365079365079,0.211701049179093,0.252171597535437,0.0431360181715245,3.46708682425031
1.84375,0.211683810912209,0.252155259692876,0.0431153933701342,3.46721126102264
1.84384920634921,0.2116665742977,0.252138921489947,0.0430947784169968,3.46733568602903
1.84394841269841,0.211649339335304,0.25212258292749,0.0430741733072411,3.46746009927138
1.84404761904762,0.211632106024756,0.252106244006342,0.0430535780359985,3.46758450075162
1.84414682539683,0.211614874365796,0.252089904727344,0.0430329925984021,3.46770889047165
1.84424603174603,0.21159764435816,0.252073565091332,0.0430124169895875,3.4678332684334
1.84434523809524,0.211580416001586,0.252057225099145,0.042991851204692,3.46795763463876
1.84444444444444,0.211563189295812,0.25204088475162,0.0429712952388557,3.46808198908967
1.84454365079365,0.211545964240576,0.252024544049594,0.0429507490872203,3.46820633178801
1.84464285714286,0.211528740835615,0.252008202993903,0.0429302127449298,3.46833066273572
1.84474206349206,0.211511519080667,0.251991861585384,0.0429096862071303,3.46845498193469
1.84484126984127,0.211494298975472,0.251975519824871,0.0428891694689704,3.46857928938683
1.84494047619048,0.211477080519766,0.251959177713202,0.0428686625256005,3.46870358509406
1.84503968253968,0.211459863713288,0.251942835251209,0.042848165372173,3.46882786905829
1.84513888888889,0.211442648555777,0.251926492439727,0.0428276780038429,3.46895214128141
1.8452380952381,0.211425435046972,0.251910149279591,0.0428072004157672,3.46907640176534
1.8453373015873,0.21140822318661,0.251893805771633,0.0427867326031047,3.46920065051199
1.84543650793651,0.211391012974431,0.251877461916688,0.0427662745610168,3.46932488752326
1.84553571428571,0.211373804410174,0.251861117715586,0.042745826284667,3.46944911280106
1.84563492063492,0.211356597493577,0.251844773169162,0.0427253877692206,3.46957332634728
1.84573412698413,0.21133939222438,0.251828428278246,0.0427049590098454,3.46969752816385
1.84583333333333,0.211322188602322,0.25181208304367,0.0426845400017112,3.46982171825265
1.84593253968254,0.211304986627141,0.251795737466265,0.04266413073999,3.46994589661559
1.84603174603175,0.211287786298578,0.251779391546862,0.0426437312198558,3.47007006325458
1.84613095238095,0.211270587616372,0.25176304528629,0.0426233414364851,3.47019421817151
1.84623015873016,0.211253390580262,0.251746698685378,0.0426029613850561,3.47031836136829
1.84632936507937,0.211236195189989,0.251730351744958,0.0425825910607495,3.47044249284682
1.84642857142857,0.211219001445291,0.251714004465856,0.042562230458748,3.470566612609
1.84652777777778,0.21120180934591,0.251697656848903,0.0425418795742364,3.47069072065672
1.84662698412698,0.211184618891584,0.251681308894924,0.0425215384024019,3.47081481699189
1.84672619047619,0.211167430082054,0.251664960604749,0.0425012069384335,3.47093890161641
1.8468253968254,0.21115024291706,0.251648611979205,0.0424808851775226,3.47106297453217
1.8469246031746,0.211133057396343,0.251632263019117,0.0424605731148626,3.47118703574107
1.84702380952381,0.211115873519642,0.251615913725312,0.0424402707456492,3.47131108524501
1.84712301587302,0.211098691286699,0.251599564098617,0.0424199780650802,3.47143512304588
1.84722222222222,0.211081510697254,0.251583214139856,0.0423996950683554,3.47155914914558
1.84732142857143,0.211064331751047,0.251566863849854,0.0423794217506768,3.471683163546
1.84742063492064,0.21104715444782,0.251550513229437,0.0423591581072489,3.47180716624903
1.84751984126984,0.211029978787314,0.251534162279428,0.0423389041332779,3.47193115725658
1.84761904761905,0.211012804769268,0.251517811000651,0.0423186598239723,3.47205513657053
1.84771825396825,0.210995632393426,0.251501459393929,0.0422984251745427,3.47217910419278
1.84781746031746,0.210978461659527,0.251485107460085,0.042278200180202,3.47230306012521
1.84791666666667,0.210961292567314,0.251468755199942,0.0422579848361653,3.47242700436973
1.84801587301587,0.210944125116526,0.251452402614321,0.0422377791376495,3.47255093692821
1.84811507936508,0.210926959306908,0.251436049704045,0.0422175830798739,3.47267485780256
1.84821428571429,0.210909795138199,0.251419696469934,0.04219739665806,3.47279876699465
1.84831349206349,0.210892632610141,0.251403342912809,0.0421772198674314,3.47292266450638
1.8484126984127,0.210875471722477,0.25138698903349,0.0421570527032135,3.47304655033964
1.8485119047619,0.210858312474948,0.251370634832798,0.0421368951606346,3.47317042449631
1.84861111111111,0.210841154867296,0.251354280311551,0.0421167472349244,3.47329428697828
1.84871031746032,0.210823998899264,0.25133792547057,0.0420966089213152,3.47341813778745
1.84880952380952,0.210806844570594,0.251321570310672,0.0420764802150411,3.47354197692568
1.84890873015873,0.210789691881028,0.251305214832676,0.0420563611113389,3.47366580439488
1.84900793650794,0.210772540830309,0.251288859037399,0.042036251605447,3.47378962019691
1.84910714285714,0.210755391418179,0.251272502925659,0.0420161516926062,3.47391342433368
1.84920634920635,0.210738243644381,0.251256146498272,0.0419960613680592,3.47403721680706
1.84930555555556,0.210721097508657,0.251239789756056,0.0419759806270514,3.47416099761893
1.84940476190476,0.210703953010751,0.251223432699826,0.0419559094648299,3.47428476677119
1.84950396825397,0.210686810150405,0.251207075330398,0.0419358478766438,3.4744085242657
1.84960317460317,0.210669668927364,0.251190717648587,0.041915795857745,3.47453227010435
1.84970238095238,0.210652529341369,0.251174359655209,0.0418957534033869,3.47465600428902
1.84980158730159,0.210635391392164,0.251158001351076,0.0418757205088254,3.47477972682159
1.84990079365079,0.210618255079492,0.251141642737004,0.0418556971693183,3.47490343770394
1.85,0.210601120403098,0.251125283813806,0.0418356833801259,3.47502713693796
1.85009920634921,0.210583987362724,0.251108924582294,0.0418156791365104,3.47515082452551
1.85019841269841,0.210566855958114,0.251092565043282,0.0417956844337361,3.47527450046847
1.85029761904762,0.210549726189013,0.251076205197582,0.0417756992670696,3.47539816476873
1.85039682539683,0.210532598055164,0.251059845046006,0.0417557236317797,3.47552181742816
1.85049603174603,0.21051547155631,0.251043484589364,0.0417357575231371,3.47564545844863
1.85059523809524,0.210498346692197,0.251027123828469,0.0417158009364149,3.47576908783202
1.85069444444444,0.210481223462568,0.25101076276413,0.0416958538668881,3.47589270558021
1.85079365079365,0.210464101867168,0.250994401397158,0.0416759163098343,3.47601631169507
1.85089285714286,0.210446981905742,0.250978039728363,0.0416559882605326,3.47613990617847
1.85099206349206,0.210429863578032,0.250961677758553,0.0416360697142647,3.47626348903228
1.85109126984127,0.210412746883785,0.250945315488537,0.0416161606663145,3.47638706025839
1.85119047619048,0.210395631822746,0.250928952919125,0.0415962611119678,3.47651061985865
1.85128968253968,0.210378518394658,0.250912590051123,0.0415763710465126,3.47663416783494
1.85138888888889,0.210361406599266,0.25089622688534,0.041556490465239,3.47675770418914
1.8514880952381,0.210344296436317,0.250879863422582,0.0415366193634396,3.47688122892311
1.8515873015873,0.210327187905555,0.250863499663657,0.0415167577364087,3.47700474203872
1.85168650793651,0.210310081006725,0.250847135609371,0.0414969055794431,3.47712824353784
1.85178571428571,0.210292975739573,0.250830771260529,0.0414770628878413,3.47725173342234
1.85188492063492,0.210275872103843,0.250814406617937,0.0414572296569045,3.47737521169408
1.85198412698413,0.210258770099283,0.2507980416824,0.0414374058819358,3.47749867835494
1.85208333333333,0.210241669725637,0.250781676454723,0.0414175915582403,3.47762213340678
1.85218253968254,0.21022457098265,0.25076531093571,0.0413977866811254,3.47774557685146
1.85228174603175,0.21020747387007,0.250748945126164,0.0413779912459007,3.47786900869086
1.85238095238095,0.210190378387642,0.250732579026889,0.0413582052478779,3.47799242892683
1.85248015873016,0.210173284535112,0.250716212638688,0.0413384286823707,3.47811583756124
1.85257936507937,0.210156192312225,0.250699845962363,0.0413186615446953,3.47823923459595
1.85267857142857,0.21013910171873,0.250683478998716,0.0412989038301697,3.47836262003283
1.85277777777778,0.210122012754371,0.250667111748549,0.0412791555341142,3.47848599387374
1.85287698412698,0.210104925418896,0.250650744212663,0.0412594166518511,3.47860935612054
1.85297619047619,0.21008783971205,0.25063437639186,0.0412396871787053,3.47873270677509
1.8530753968254,0.210070755633581,0.250618008286938,0.0412199671100033,3.47885604583925
1.8531746031746,0.210053673183236,0.250601639898699,0.0412002564410741,3.47897937331489
1.85327380952381,0.210036592360761,0.250585271227941,0.0411805551672486,3.47910268920385
1.85337301587302,0.210019513165903,0.250568902275464,0.04116086328386,3.47922599350801
1.85347222222222,0.21000243559841,0.250552533042066,0.0411411807862438,3.47934928622922
1.85357142857143,0.209985359658029,0.250536163528546,0.0411215076697373,3.47947256736933
1.85367063492064,0.209968285344506,0.250519793735701,0.0411018439296802,3.47959583693021
1.85376984126984,0.20995121265759,0.250503423664329,0.0410821895614143,3.47971909491371
1.85386904761905,0.209934141597028,0.250487053315227,0.0410625445602835,3.47984234132168
1.85396825396825,0.209917072162567,0.250470682689191,0.0410429089216337,3.47996557615599
1.85406746031746,0.209900004353955,0.250454311787017,0.0410232826408135,3.48008879941848
1.85416666666667,0.209882938170941,0.250437940609502,0.041003665713173,3.48021201111101
1.85426587301587,0.209865873613272,0.25042156915744,0.0409840581340648,3.48033521123543
1.85436507936508,0.209848810680696,0.250405197431625,0.0409644598988436,3.4804583997936
1.85446428571429,0.20983174937296,0.250388825432853,0.0409448710028662,3.48058157678737
1.85456349206349,0.209814689689815,0.250372453161918,0.0409252914414916,3.48070474221859
1.8546626984127,0.209797631631007,0.250356080619613,0.0409057212100809,3.48082789608912
1.8547619047619,0.209780575196286,0.25033970780673,0.0408861603039973,3.48095103840079
1.85486111111111,0.209763520385399,0.250323334724064,0.0408666087186063,3.48107416915547
1.85496031746032,0.209746467198096,0.250306961372406,0.0408470664492755,3.481197288355
1.85505952380952,0.209729415634124,0.250290587752547,0.0408275334913746,3.48132039600123
1.85515873015873,0.209712365693234,0.25027421386528,0.0408080098402754,3.48144349209601
1.85525793650794,0.209695317375174,0.250257839711396,0.040788495491352,3.48156657664119
1.85535714285714,0.209678270679694,0.250241465291684,0.0407689904399806,3.48168964963861
1.85545634920635,0.209661225606541,0.250225090606935,0.0407494946815393,3.48181271109012
1.85555555555556,0.209644182155466,0.250208715657939,0.0407300082114088,3.48193576099757
1.85565476190476,0.209627140326218,0.250192340445486,0.0407105310249718,3.48205879936279
1.85575396825397,0.209610100118546,0.250175964970363,0.0406910631176128,3.48218182618765
1.85585317460317,0.2095930615322,0.25015958923336,0.0406716044847187,3.48230484147397
1.85595238095238,0.20957602456693,0.250143213235264,0.0406521551216789,3.48242784522361
1.85605158730159,0.209558989222485,0.250126836976863,0.0406327150238843,3.4825508374384
1.85615079365079,0.209541955498616,0.250110460458945,0.0406132841867284,3.4826738181202
1.85625,0.209524923395072,0.250094083682295,0.0405938626056066,3.48279678727083
1.85634920634921,0.209507892911604,0.250077706647701,0.0405744502759167,3.48291974489215
1.85644841269841,0.209490864047961,0.250061329355948,0.0405550471930586,3.48304269098598
1.85654761904762,0.209473836803894,0.250044951807821,0.040535653352434,3.48316562555418
1.85664682539683,0.209456811179153,0.250028574004106,0.0405162687494471,3.48328854859859
1.85674603174603,0.20943978717349,0.250012195945588,0.0404968933795042,3.48341146012103
1.85684523809524,0.209422764786653,0.24999581763305,0.0404775272380138,3.48353436012335
1.85694444444444,0.209405744018395,0.249979439067277,0.0404581703203862,3.48365724860739
1.85704365079365,0.209388724868466,0.249963060249051,0.0404388226220344,3.48378012557498
1.85714285714286,0.209371707336617,0.249946681179155,0.0404194841383732,3.48390299102796
1.85724206349206,0.209354691422599,0.249930301858373,0.0404001548648194,3.48402584496817
1.85734126984127,0.209337677126163,0.249913922287486,0.0403808347967923,3.48414868739744
1.85744047619048,0.209320664447037,0.249897542467277,0.0403615239297567,3.4842715183176
1.85753968253968,0.209303653383701,0.249881162398541,0.0403422222616638,3.4843943377306
1.85763888888889,0.209286643935168,0.249864782082012,0.0403229297897062,3.48451714563823
1.8577380952381,0.209269636101185,0.249848401518397,0.040303646509723,3.48463994204224
1.8578373015873,0.209252629881499,0.2498320207084,0.0402843724175549,3.48476272694438
1.85793650793651,0.209235625275858,0.249815639652729,0.0402651075090434,3.48488550034638
1.85803571428571,0.209218622284009,0.249799258352087,0.0402458517800317,3.48500826224998
1.85813492063492,0.209201620905699,0.249782876807179,0.0402266052263641,3.48513101265692
1.85823412698413,0.209184621140676,0.249766495018712,0.0402073678438865,3.48525375156893
1.85833333333333,0.209167622988688,0.249750112987388,0.0401881396284459,3.48537647898776
1.85843253968254,0.20915062644948,0.249733730713912,0.0401689205758906,3.48549919491514
1.85853174603175,0.209133631522802,0.249717348198989,0.0401497106820705,3.48562189935281
1.85863095238095,0.209116638208401,0.249700965443321,0.0401305099428366,3.4857445923025
1.85873015873016,0.209099646506024,0.249684582447612,0.0401113183540412,3.48586727376596
1.85882936507937,0.20908265641542,0.249668199212566,0.040092135911538,3.48598994374491
1.85892857142857,0.209065667936336,0.249651815738885,0.0400729626111822,3.48611260224109
1.85902777777778,0.209048681068519,0.249635432027273,0.0400537984488299,3.48623524925625
1.85912698412698,0.209031695811719,0.24961904807843,0.040034643420339,3.4863578847921
1.85922619047619,0.209014712165683,0.24960266389306,0.0400154975215684,3.48648050885039
1.8593253968254,0.208997730130158,0.249586279471865,0.0399963607483785,3.48660312143285
1.8594246031746,0.208980749704894,0.249569894815546,0.039977233096631,3.48672572254122
1.85952380952381,0.208963770889639,0.249553509924804,0.0399581145621888,3.48684831217722
1.85962301587302,0.208946793684139,0.249537124800341,0.0399390051409162,3.48697089034259
1.85972222222222,0.208929818088145,0.249520739442857,0.039919904828679,3.48709345703907
1.85982142857143,0.208912844101404,0.249504353853053,0.0399008136213441,3.48721601226837
1.85992063492064,0.208895871723665,0.249487968031629,0.0398817315147797,3.48733855603225
1.86001984126984,0.208878900954675,0.249471581979286,0.0398626585048556,3.48746108833242
1.86011904761905,0.208861931794185,0.249455195696724,0.0398435945874426,3.48758360917062
1.86021825396825,0.208844964241942,0.249438809184641,0.0398245397584131,3.48770611854858
1.86031746031746,0.208827998297695,0.249422422443737,0.0398054940136406,3.48782861646803
1.86041666666667,0.208811033961192,0.249406035474712,0.0397864573490002,3.48795110293069
1.86051587301587,0.208794071232183,0.249389648278264,0.0397674297603681,3.4880735779383
1.86061507936508,0.208777110110417,0.249373260855091,0.0397484112436219,3.48819604149259
1.86071428571429,0.208760150595642,0.249356873205892,0.0397294017946403,3.48831849359529
1.86081349206349,0.208743192687607,0.249340485331365,0.0397104014093039,3.48844093424812
1.8609126984127,0.208726236386061,0.249324097232208,0.0396914100834941,3.4885633634528
1.8610119047619,0.208709281690754,0.249307708909118,0.0396724278130938,3.48868578121108
1.86111111111111,0.208692328601434,0.249291320362793,0.0396534545939871,3.48880818752468
1.86121031746032,0.208675377117851,0.249274931593929,0.0396344904220598,3.48893058239531
1.86130952380952,0.208658427239754,0.249258542603223,0.0396155352931987,3.48905296582472
1.86140873015873,0.208641478966893,0.249242153391372,0.039596589203292,3.48917533781462
1.86150793650794,0.208624532299016,0.249225763959072,0.0395776521482292,3.48929769836674
1.86160714285714,0.208607587235874,0.249209374307019,0.0395587241239011,3.48942004748281
1.86170634920635,0.208590643777215,0.249192984435908,0.0395398051262001,3.48954238516454
1.86180555555556,0.20857370192279,0.249176594346436,0.0395208951510195,3.48966471141368
1.86190476190476,0.208556761672348,0.249160204039297,0.0395019941942543,3.48978702623193
1.86200396825397,0.208539823025638,0.249143813515186,0.0394831022518006,3.48990932962102
1.86210317460317,0.208522885982411,0.249127422774798,0.0394642193195559,3.49003162158268
1.86220238095238,0.208505950542416,0.249111031818827,0.039445345393419,3.49015390211863
1.86230158730159,0.208489016705404,0.249094640647968,0.0394264804692902,3.49027617123059
1.86240079365079,0.208472084471124,0.249078249262914,0.0394076245430708,3.49039842892028
1.8625,0.208455153839325,0.249061857664359,0.0393887776106637,3.49052067518943
1.86259920634921,0.208438224809759,0.249045465852997,0.0393699396679729,3.49064291003975
1.86269841269841,0.208421297382175,0.24902907382952,0.0393511107109041,3.49076513347297
1.86279761904762,0.208404371556324,0.249012681594622,0.039332290735364,3.49088734549081
1.86289682539683,0.208387447331956,0.248996289148995,0.0393134797372606,3.49100954609499
1.86299603174603,0.20837052470882,0.248979896493331,0.0392946777125034,3.49113173528723
1.86309523809524,0.208353603686668,0.248963503628323,0.0392758846570033,3.49125391306925
1.86319444444444,0.20833668426525,0.248947110554663,0.0392571005666722,3.49137607944276
1.86329365079365,0.208319766444316,0.248930717273041,0.0392383254374236,3.49149823440949
1.86339285714286,0.208302850223618,0.24891432378415,0.0392195592651723,3.49162037797115
1.86349206349206,0.208285935602905,0.248897930088681,0.0392008020458344,3.49174251012946
1.86359126984127,0.208269022581928,0.248881536187323,0.0391820537753272,3.49186463088615
1.86369047619048,0.208252111160438,0.248865142080769,0.0391633144495694,3.49198674024292
1.86378968253968,0.208235201338185,0.248848747769708,0.0391445840644813,3.49210883820149
1.86388888888889,0.208218293114922,0.248832353254829,0.0391258626159841,3.49223092476359
1.8639880952381,0.208201386490398,0.248815958536824,0.0391071501000005,3.49235299993092
1.8640873015873,0.208184481464364,0.248799563616382,0.0390884465124545,3.4924750637052
1.86418650793651,0.208167578036572,0.248783168494191,0.0390697518492717,3.49259711608815
1.86428571428571,0.208150676206773,0.248766773170941,0.0390510661063786,3.49271915708149
1.86438492063492,0.208133775974717,0.248750377647321,0.0390323892797032,3.49284118668692
1.86448412698413,0.208116877340156,0.248733981924019,0.039013721365175,3.49296320490616
1.86458333333333,0.208099980302842,0.248717586001723,0.0389950623587247,3.49308521174093
1.86468253968254,0.208083084862526,0.248701189881122,0.0389764122562841,3.49320720719293
1.86478174603175,0.208066191018958,0.248684793562903,0.0389577710537866,3.49332919126389
1.86488095238095,0.208049298771891,0.248668397047753,0.0389391387471669,3.49345116395551
1.86498015873016,0.208032408121076,0.24865200033636,0.038920515332361,3.4935731252695
1.86507936507936,0.208015519066265,0.248635603429411,0.0389019008053062,3.49369507520759
1.86517857142857,0.207998631607209,0.248619206327592,0.0388832951619411,3.49381701377147
1.86527777777778,0.20798174574366,0.24860280903159,0.0388646983982057,3.49393894096287
1.86537698412698,0.20796486147537,0.248586411542092,0.0388461105100414,3.49406085678349
1.86547619047619,0.20794797880209,0.248570013859782,0.0388275314933906,3.49418276123504
1.8655753968254,0.207931097723573,0.248553615985347,0.0388089613441973,3.49430465431923
1.8656746031746,0.20791421823957,0.248537217919473,0.038790400058407,3.49442653603777
1.86577380952381,0.207897340349834,0.248520819662843,0.038771847631966,3.49454840639238
1.86587301587302,0.207880464054116,0.248504421216144,0.0387533040608224,3.49467026538475
1.86597222222222,0.207863589352169,0.24848802258006,0.0387347693409254,3.49479211301661
1.86607142857143,0.207846716243745,0.248471623755275,0.0387162434682257,3.49491394928965
1.86617063492063,0.207829844728595,0.248455224742473,0.0386977264386751,3.49503577420558
1.86626984126984,0.207812974806474,0.248438825542338,0.0386792182482267,3.49515758776612
1.86636904761905,0.207796106477132,0.248422426155555,0.0386607188928354,3.49527938997296
1.86646825396825,0.207779239740322,0.248406026582805,0.0386422283684568,3.49540118082782
1.86656746031746,0.207762374595797,0.248389626824773,0.0386237466710483,3.49552296033241
1.86666666666667,0.207745511043309,0.248373226882141,0.0386052737965683,3.49564472848842
1.86676587301587,0.207728649082611,0.248356826755592,0.0385868097409768,3.49576648529756
1.86686507936508,0.207711788713456,0.248340426445808,0.0385683545002349,3.49588823076154
1.86696428571429,0.207694929935596,0.248324025953471,0.0385499080703053,3.49600996488206
1.86706349206349,0.207678072748784,0.248307625279263,0.0385314704471515,3.49613168766083
1.8671626984127,0.207661217152773,0.248291224423866,0.0385130416267391,3.49625339909956
1.8672619047619,0.207644363147316,0.24827482338796,0.0384946216050344,3.49637509919993
1.86736111111111,0.207627510732166,0.248258422172227,0.0384762103780052,3.49649678796367
1.86746031746032,0.207610659907076,0.248242020777348,0.0384578079416207,3.49661846539246
1.86755952380952,0.207593810671798,0.248225619204003,0.0384394142918515,3.49674013148802
1.86765873015873,0.207576963026087,0.248209217452873,0.0384210294246692,3.49686178625204
1.86775793650794,0.207560116969696,0.248192815524637,0.0384026533360471,3.49698342968623
1.86785714285714,0.207543272502377,0.248176413419975,0.0383842860219597,3.49710506179229
1.86795634920635,0.207526429623884,0.248160011139567,0.0383659274783828,3.49722668257192
1.86805555555556,0.207509588333971,0.248143608684092,0.0383475777012934,3.49734829202681
1.86815476190476,0.20749274863239,0.248127206054229,0.0383292366866699,3.49746989015868
1.86825396825397,0.207475910518897,0.248110803250657,0.0383109044304923,3.49759147696921
1.86835317460317,0.207459073993243,0.248094400274054,0.0382925809287416,3.49771305246012
1.86845238095238,0.207442239055182,0.248077997125098,0.0382742661774003,3.49783461663309
1.86855158730159,0.20742540570447,0.248061593804468,0.038255960172452,3.49795616948983
1.86865079365079,0.207408573940858,0.24804519031284,0.0382376629098819,3.49807771103204
1.86875,0.207391743764101,0.248028786650893,0.0382193743856764,3.4981992412614
1.86884920634921,0.207374915173954,0.248012382819304,0.0382010945958232,3.49832076017963
1.86894841269841,0.207358088170169,0.247995978818749,0.0381828235363115,3.49844226778841
1.86904761904762,0.207341262752501,0.247979574649905,0.0381645612031316,3.49856376408945
1.86914682539683,0.207324438920704,0.247963170313449,0.0381463075922753,3.49868524908444
1.86924603174603,0.207307616674532,0.247946765810057,0.0381280626997354,3.49880672277508
1.86934523809524,0.207290796013739,0.247930361140405,0.0381098265215066,3.49892818516306
1.86944444444444,0.20727397693808,0.247913956305168,0.0380915990535844,3.49904963625007
1.86954365079365,0.207257159447309,0.247897551305021,0.038073380291966,3.49917107603782
1.86964285714286,0.20724034354118,0.247881146140641,0.0380551702326495,3.499292504528
1.86974206349206,0.207223529219448,0.247864740812701,0.0380369688716349,3.49941392172229
1.86984126984127,0.207206716481867,0.247848335321876,0.038018776204923,3.4995353276224
1.86994047619048,0.207189905328192,0.247831929668842,0.0380005922285162,3.49965672223002
1.87003968253968,0.207173095758177,0.24781552385427,0.0379824169384181,3.49977810554684
1.87013888888889,0.207156287771577,0.247799117878837,0.0379642503306338,3.49989947757455
1.8702380952381,0.207139481368147,0.247782711743214,0.0379460924011696,3.50002083831485
1.8703373015873,0.207122676547641,0.247766305448076,0.0379279431460331,3.50014218776943
1.87043650793651,0.207105873309815,0.247749898994096,0.0379098025612333,3.50026352593997
1.87053571428571,0.207089071654424,0.247733492381946,0.0378916706427806,3.50038485282818
1.87063492063492,0.207072271581221,0.247717085612299,0.0378735473866865,3.50050616843573
1.87073412698413,0.207055473089964,0.247700678685827,0.0378554327889639,3.50062747276433
1.87083333333333,0.207038676180405,0.247684271603203,0.0378373268456273,3.50074876581566
1.87093253968254,0.207021880852302,0.247667864365097,0.0378192295526921,3.50087004759141
1.87103174603175,0.207005087105408,0.247651456972182,0.0378011409061754,3.50099131809326
1.87113095238095,0.20698829493948,0.247635049425129,0.0377830609020953,3.50111257732292
1.87123015873016,0.206971504354272,0.247618641724608,0.0377649895364716,3.50123382528206
1.87132936507936,0.20695471534954,0.247602233871291,0.0377469268053251,3.50135506197238
1.87142857142857,0.20693792792504,0.247585825865848,0.0377288727046781,3.50147628739556
1.87152777777778,0.206921142080526,0.24756941770895,0.037710827230554,3.50159750155329
1.87162698412698,0.206904357815756,0.247553009401265,0.0376927903789779,3.50171870444726
1.87172619047619,0.206887575130483,0.247536600943465,0.037674762145976,3.50183989607915
1.8718253968254,0.206870794024465,0.247520192336218,0.0376567425275757,3.50196107645065
1.8719246031746,0.206854014497456,0.247503783580194,0.0376387315198061,3.50208224556345
1.87202380952381,0.206837236549212,0.247487374676061,0.0376207291186973,3.50220340341922
1.87212301587302,0.206820460179491,0.247470965624488,0.0376027353202809,3.50232455001966
1.87222222222222,0.206803685388046,0.247454556426145,0.0375847501205895,3.50244568536646
1.87232142857143,0.206786912174635,0.247438147081698,0.0375667735156577,3.50256680946128
1.87242063492063,0.206770140539014,0.247421737591816,0.0375488055015208,3.50268792230583
1.87251984126984,0.206753370480938,0.247405327957166,0.0375308460742156,3.50280902390177
1.87261904761905,0.206736602000164,0.247388918178416,0.0375128952297803,3.5029301142508
1.87271825396825,0.206719835096449,0.247372508256233,0.0374949529642545,3.5030511933546
1.87281746031746,0.206703069769548,0.247356098191284,0.037477019273679,3.50317226121485
1.87291666666667,0.206686306019217,0.247339687984236,0.0374590941540959,3.50329331783323
1.87301587301587,0.206669543845214,0.247323277635754,0.0374411776015486,3.50341436321143
1.87311507936508,0.206652783247295,0.247306867146506,0.0374232696120821,3.50353539735111
1.87321428571429,0.206636024225216,0.247290456517156,0.0374053701817424,3.50365642025398
1.87331349206349,0.206619266778734,0.247274045748371,0.037387479306577,3.5037774319217
1.8734126984127,0.206602510907605,0.247257634840815,0.0373695969826347,3.50389843235596
1.8735119047619,0.206585756611587,0.247241223795155,0.0373517232059656,3.50401942155843
1.87361111111111,0.206569003890437,0.247224812612054,0.0373338579726211,3.5041403995308
1.87371031746032,0.20655225274391,0.247208401292177,0.0373160012786541,3.50426136627474
1.87380952380952,0.206535503171765,0.247191989836189,0.0372981531201186,3.50438232179193
1.87390873015873,0.206518755173757,0.247175578244754,0.03728031349307,3.50450326608406
1.87400793650794,0.206502008749645,0.247159166518535,0.0372624823935651,3.50462419915279
1.87410714285714,0.206485263899184,0.247142754658196,0.037244659817662,3.50474512099981
1.87420634920635,0.206468520622133,0.2471263426644,0.0372268457614201,3.50486603162679
1.87430555555556,0.206451778918249,0.247109930537811,0.0372090402209001,3.50498693103542
1.87440476190476,0.206435038787288,0.247093518279091,0.037191243192164,3.50510781922735
1.87450396825397,0.206418300229009,0.247077105888902,0.0371734546712753,3.50522869620429
1.87460317460317,0.206401563243168,0.247060693367907,0.0371556746542987,3.50534956196788
1.87470238095238,0.206384827829524,0.247044280716768,0.0371379031373002,3.50547041651982
1.87480158730159,0.206368093987833,0.247027867936147,0.0371201401163472,3.50559125986178
1.87490079365079,0.206351361717854,0.247011455026704,0.0371023855875083,3.50571209199543
1.875,0.206334631019343,0.246995041989102,0.0370846395468537,3.50583291292245
1.87509920634921,0.206317901892059,0.246978628824001,0.0370669019904547,3.5059537226445
1.87519841269841,0.206301174335759,0.246962215532063,0.0370491729143838,3.50607452116327
1.87529761904762,0.206284448350202,0.246945802113946,0.0370314523147151,3.50619530848042
1.87539682539683,0.206267723935145,0.246929388570312,0.0370137401875241,3.50631608459763
1.87549603174603,0.206251001090346,0.246912974901821,0.0369960365288873,3.50643684951657
1.87559523809524,0.206234279815563,0.246896561109132,0.0369783413348826,3.50655760323892
1.87569444444444,0.206217560110554,0.246880147192904,0.0369606546015895,3.50667834576633
1.87579365079365,0.206200841975078,0.246863733153797,0.0369429763250886,3.50679907710049
1.87589285714286,0.206184125408892,0.24684731899247,0.0369253065014618,3.50691979724307
1.87599206349206,0.206167410411756,0.246830904709582,0.0369076451267923,3.50704050619573
1.87609126984127,0.206150696983426,0.24681449030579,0.036889992197165,3.50716120396014
1.87619047619048,0.206133985123662,0.246798075781753,0.0368723477086656,3.50728189053798
1.87628968253968,0.206117274832222,0.246781661138128,0.0368547116573814,3.50740256593091
1.87638888888889,0.206100566108864,0.246765246375575,0.0368370840394012,3.50752323014061
1.8764880952381,0.206083858953348,0.246748831494749,0.0368194648508148,3.50764388316873
1.8765873015873,0.206067153365431,0.246732416496307,0.0368018540877134,3.50776452501695
1.87668650793651,0.206050449344873,0.246716001380908,0.0367842517461896,3.50788515568694
1.87678571428571,0.206033746891431,0.246699586149207,0.0367666578223374,3.50800577518037
1.87688492063492,0.206017046004866,0.24668317080186,0.036749072312252,3.50812638349889
1.87698412698413,0.206000346684936,0.246666755339524,0.0367314952120299,3.50824698064418
1.87708333333333,0.205983648931399,0.246650339762855,0.036713926517769,3.5083675666179
1.87718253968254,0.205966952744015,0.246633924072508,0.0366963662255687,3.50848814142172
1.87728174603175,0.205950258122544,0.246617508269138,0.0366788143315293,3.5086087050573
1.87738095238095,0.205933565066743,0.246601092353401,0.0366612708317528,3.50872925752631
1.87748015873016,0.205916873576372,0.24658467632595,0.0366437357223424,3.50884979883041
1.87757936507937,0.20590018365119,0.246568260187442,0.0366262089994026,3.50897032897127
1.87767857142857,0.205883495290957,0.24655184393853,0.0366086906590393,3.50909084795055
1.87777777777778,0.205866808495432,0.246535427579867,0.0365911806973595,3.50921135576992
1.87787698412698,0.205850123264375,0.246519011112109,0.036573679110472,3.50933185243103
1.87797619047619,0.205833439597545,0.246502594535908,0.0365561858944865,3.50945233793555
1.8780753968254,0.205816757494701,0.246486177851917,0.0365387010455141,3.50957281228514
1.8781746031746,0.205800076955603,0.24646976106079,0.0365212245596673,3.50969327548147
1.87827380952381,0.20578339798001,0.24645334416318,0.03650375643306,3.50981372752619
1.87837301587302,0.205766720567684,0.246436927159738,0.0364862966618073,3.50993416842097
1.87847222222222,0.205750044718382,0.246420510051117,0.0364688452420257,3.51005459816747
1.87857142857143,0.205733370431866,0.246404092837969,0.0364514021698329,3.51017501676734
1.87867063492064,0.205716697707894,0.246387675520945,0.0364339674413481,3.51029542422226
1.87876984126984,0.205700026546228,0.246371258100698,0.0364165410526919,3.51041582053386
1.87886904761905,0.205683356946626,0.246354840577878,0.0363991229999858,3.51053620570383
1.87896825396825,0.20566668890885,0.246338422953136,0.036381713279353,3.51065657973381
1.87906746031746,0.205650022432659,0.246322005227123,0.0363643118869181,3.51077694262546
1.87916666666667,0.205633357517813,0.246305587400489,0.0363469188188067,3.51089729438045
1.87926587301587,0.205616694164073,0.246289169473885,0.0363295340711458,3.51101763500043
1.87936507936508,0.205600032371199,0.24627275144796,0.0363121576400641,3.51113796448705
1.87946428571429,0.205583372138951,0.246256333323364,0.0362947895216911,3.51125828284198
1.87956349206349,0.20556671346709,0.246239915100747,0.036277429712158,3.51137859006686
1.8796626984127,0.205550056355377,0.246223496780757,0.036260078207597,3.51149888616337
1.8797619047619,0.205533400803571,0.246207078364043,0.0362427350041421,3.51161917113314
1.87986111111111,0.205516746811434,0.246190659851254,0.0362254000979283,3.51173944497784
1.87996031746032,0.205500094378727,0.246174241243039,0.0362080734850918,3.51185970769913
1.88005952380952,0.205483443505209,0.246157822540045,0.0361907551617703,3.51197995929865
1.88015873015873,0.205466794190642,0.24614140374292,0.0361734451241031,3.51210019977807
1.88025793650794,0.205450146434788,0.246124984852312,0.0361561433682303,3.51222042913903
1.88035714285714,0.205433500237405,0.246108565868869,0.0361388498902938,3.51234064738319
1.88045634920635,0.205416855598257,0.246092146793236,0.0361215646864363,3.51246085451221
1.88055555555556,0.205400212517103,0.246075727626062,0.0361042877528025,3.51258105052772
1.88065476190476,0.205383570993705,0.246059308367992,0.0360870190855379,3.5127012354314
1.88075396825397,0.205366931027824,0.246042889019673,0.0360697586807894,3.51282140922488
1.88085317460317,0.205350292619221,0.246026469581751,0.0360525065347055,3.51294157190983
1.88095238095238,0.205333655767658,0.246010050054872,0.0360352626434357,3.51306172348789
1.88105158730159,0.205317020472896,0.245993630439681,0.0360180270031311,3.51318186396071
1.88115079365079,0.205300386734696,0.245977210736824,0.0360007996099439,3.51330199332995
1.88125,0.20528375455282,0.245960790946945,0.0359835804600279,3.51342211159725
1.88134920634921,0.205267123927029,0.245944371070689,0.0359663695495379,3.51354221876427
1.88144841269841,0.205250494857086,0.245927951108701,0.0359491668746301,3.51366231483264
1.88154761904762,0.205233867342751,0.245911531061626,0.0359319724314623,3.51378239980403
1.88164682539683,0.205217241383786,0.245895110930106,0.0359147862161934,3.51390247368008
1.88174603174603,0.205200616979954,0.245878690714786,0.0358976082249836,3.51402253646244
1.88184523809524,0.205183994131016,0.245862270416309,0.0358804384539946,3.51414258815276
1.88194444444444,0.205167372836733,0.245845850035318,0.0358632768993892,3.51426262875268
1.88204365079365,0.205150753096869,0.245829429572457,0.0358461235573317,3.51438265826385
1.88214285714286,0.205134134911184,0.245813009028368,0.0358289784239877,3.51450267668793
1.88224206349206,0.205117518279442,0.245796588403693,0.035811841495524,3.51462268402654
1.88234126984127,0.205100903201404,0.245780167699075,0.035794712768109,3.51474268028135
1.88244047619048,0.205084289676832,0.245763746915155,0.0357775922379121,3.51486266545399
1.88253968253968,0.205067677705488,0.245747326052576,0.0357604799011042,3.51498263954611
1.88263888888889,0.205051067287136,0.245730905111978,0.0357433757538576,3.51510260255936
1.8827380952381,0.205034458421537,0.245714484094003,0.0357262797923458,3.51522255449538
1.8828373015873,0.205017851108454,0.245698062999292,0.0357091920127437,3.51534249535581
1.88293650793651,0.20500124534765,0.245681641828485,0.0356921124112274,3.5154624251423
1.88303571428571,0.204984641138886,0.245665220582222,0.0356750409839744,3.5155823438565
1.88313492063492,0.204968038481926,0.245648799261145,0.0356579777271636,3.51570225150003
1.88323412698413,0.204951437376533,0.245632377865892,0.0356409226369753,3.51582214807456
1.88333333333333,0.204934837822468,0.245615956397103,0.0356238757095908,3.51594203358171
1.88343253968254,0.204918239819495,0.245599534855418,0.035606836941193,3.51606190802314
1.88353174603175,0.204901643367377,0.245583113241476,0.035589806327966,3.51618177140047
1.88363095238095,0.204885048465877,0.245566691555915,0.0355727838660955,3.51630162371537
1.88373015873016,0.204868455114757,0.245550269799375,0.035555769551768,3.51642146496945
1.88382936507937,0.204851863313781,0.245533847972492,0.0355387633811719,3.51654129516437
1.88392857142857,0.204835273062712,0.245517426075907,0.0355217653504965,3.51666111430176
1.88402777777778,0.204818684361313,0.245501004110255,0.0355047754559326,3.51678092238327
1.88412698412698,0.204802097209348,0.245484582076175,0.0354877936936723,3.51690071941053
1.88422619047619,0.204785511606579,0.245468159974305,0.0354708200599092,3.51702050538518
1.8843253968254,0.20476892755277,0.24545173780528,0.035453854550838,3.51714028030886
1.8844246031746,0.204752345047684,0.245435315569739,0.0354368971626547,3.51726004418321
1.88452380952381,0.204735764091085,0.245418893268317,0.0354199478915567,3.51737979700986
1.88462301587302,0.204719184682737,0.24540247090165,0.0354030067337429,3.51749953879046
1.88472222222222,0.204702606822403,0.245386048470376,0.0353860736854134,3.51761926952664
1.88482142857143,0.204686030509846,0.245369625975128,0.0353691487427695,3.51773898922003
1.88492063492064,0.204669455744831,0.245353203416544,0.0353522319020139,3.51785869787228
1.88501984126984,0.204652882527122,0.245336780795258,0.0353353231593507,3.51797839548501
1.88511904761905,0.204636310856481,0.245320358111905,0.0353184225109854,3.51809808205987
1.88521825396825,0.204619740732674,0.24530393536712,0.0353015299531245,3.51821775759848
1.88531746031746,0.204603172155463,0.245287512561537,0.0352846454819762,3.51833742210249
1.88541666666667,0.204586605124614,0.24527108969579,0.0352677690937499,3.51845707557352
1.88551587301587,0.204570039639889,0.245254666770514,0.0352509007846562,3.51857671801322
1.88561507936508,0.204553475701054,0.245238243786342,0.0352340405509071,3.51869634942321
1.88571428571429,0.204536913307872,0.245221820743908,0.035217188388716,3.51881596980513
1.88581349206349,0.204520352460109,0.245205397643844,0.0352003442942977,3.5189355791606
1.8859126984127,0.204503793157527,0.245188974486784,0.035183508263868,3.51905517749127
1.8860119047619,0.204487235399892,0.24517255127336,0.0351666802936442,3.51917476479877
1.88611111111111,0.204470679186968,0.245156128004205,0.0351498603798452,3.51929434108472
1.88621031746032,0.204454124518519,0.245139704679951,0.0351330485186909,3.51941390635075
1.88630952380952,0.20443757139431,0.245123281301229,0.0351162447064025,3.51953346059851
1.88640873015873,0.204421019814106,0.245106857868672,0.0350994489392026,3.51965300382961
1.88650793650794,0.204404469777672,0.24509043438291,0.0350826612133154,3.51977253604569
1.88660714285714,0.204387921284772,0.245074010844575,0.0350658815249661,3.51989205724838
1.88670634920635,0.20437137433517,0.245057587254298,0.0350491098703812,3.52001156743931
1.88680555555556,0.204354828928633,0.245041163612709,0.0350323462457888,3.5201310666201
1.88690476190476,0.204338285064925,0.245024739920439,0.0350155906474181,3.52025055479239
1.88700396825397,0.20432174274381,0.245008316178117,0.0349988430714997,3.5203700319578
1.88710317460317,0.204305201965054,0.244991892386374,0.0349821035142656,3.52048949811796
1.88720238095238,0.204288662728422,0.244975468545839,0.0349653719719489,3.52060895327449
1.88730158730159,0.20427212503368,0.244959044657141,0.0349486484407844,3.52072839742904
1.88740079365079,0.204255588880592,0.24494262072091,0.0349319329170079,3.52084783058321
1.8875,0.204239054268924,0.244926196737773,0.0349152253968565,3.52096725273864
1.88759920634921,0.204222521198441,0.244909772708361,0.034898525876569,3.52108666389696
1.88769841269841,0.204205989668909,0.244893348633301,0.0348818343523852,3.52120606405978
1.88779761904762,0.204189459680092,0.24487692451322,0.0348651508205463,3.52132545322874
1.88789682539683,0.204172931231758,0.244860500348748,0.0348484752772948,3.52144483140546
1.88799603174603,0.20415640432367,0.244844076140511,0.0348318077188747,3.52156419859156
1.88809523809524,0.204139878955596,0.244827651889136,0.0348151481415311,3.52168355478867
1.88819444444444,0.2041233551273,0.244811227595251,0.0347984965415105,3.52180289999841
1.88829365079365,0.204106832838549,0.244794803259482,0.0347818529150609,3.5219222342224
1.88839285714286,0.204090312089108,0.244778378882456,0.0347652172584314,3.52204155746227
1.88849206349206,0.204073792878743,0.244761954464799,0.0347485895678725,3.52216086971964
1.88859126984127,0.204057275207221,0.244745530007137,0.034731969839636,3.52228017099614
1.88869047619048,0.204040759074307,0.244729105510095,0.0347153580699752,3.52239946129337
1.88878968253968,0.204024244479767,0.2447126809743,0.0346987542551444,3.52251874061297
1.88888888888889,0.204007731423367,0.244696256400376,0.0346821583913996,3.52263800895655
1.8889880952381,0.203991219904875,0.244679831788948,0.0346655704749977,3.52275726632574
1.8890873015873,0.203974709924055,0.244663407140641,0.0346489905021975,3.52287651272216
1.88918650793651,0.203958201480675,0.244646982456079,0.0346324184692585,3.52299574814742
1.88928571428571,0.203941694574501,0.244630557735887,0.0346158543724421,3.52311497260315
1.88938492063492,0.203925189205298,0.244614132980688,0.0345992982080104,3.52323418609096
1.88948412698413,0.203908685372835,0.244597708191107,0.0345827499722275,3.52335338861247
1.88958333333333,0.203892183076877,0.244581283367765,0.0345662096613585,3.52347258016931
1.88968253968254,0.203875682317191,0.244564858511287,0.0345496772716695,3.52359176076308
1.88978174603175,0.203859183093543,0.244548433622296,0.0345331527994287,3.52371093039541
1.88988095238095,0.203842685405701,0.244532008701414,0.0345166362409049,3.52383008906792
1.88998015873016,0.203826189253432,0.244515583749263,0.0345001275923686,3.52394923678222
1.89007936507937,0.203809694636501,0.244499158766465,0.0344836268500914,3.52406837353992
1.89017857142857,0.203793201554677,0.244482733753643,0.0344671340103467,3.52418749934265
1.89027777777778,0.203776710007725,0.244466308711418,0.0344506490694086,3.52430661419201
1.89037698412698,0.203760219995414,0.244449883640411,0.034434172023553,3.52442571808963
1.89047619047619,0.203743731517511,0.244433458541244,0.0344177028690568,3.52454481103712
1.8905753968254,0.203727244573782,0.244417033414536,0.0344012416021985,3.52466389303609
1.8906746031746,0.203710759163994,0.24440060826091,0.0343847882192578,3.52478296408816
1.89077380952381,0.203694275287916,0.244384183080984,0.0343683427165156,3.52490202419493
1.89087301587302,0.203677792945314,0.244367757875379,0.0343519050902544,3.52502107335804
1.89097222222222,0.203661312135957,0.244351332644715,0.0343354753367578,3.52514011157908
1.89107142857143,0.20364483285961,0.244334907389612,0.0343190534523109,3.52525913885967
1.89117063492064,0.203628355116043,0.244318482110688,0.0343026394331999,3.52537815520142
1.89126984126984,0.203611878905022,0.244302056808563,0.0342862332757127,3.52549716060595
1.89136904761905,0.203595404226315,0.244285631483855,0.0342698349761381,3.52561615507486
1.89146825396825,0.203578931079691,0.244269206137183,0.0342534445307665,3.52573513860977
1.89156746031746,0.203562459464916,0.244252780769165,0.0342370619358895,3.52585411121229
1.89166666666667,0.203545989381759,0.24423635538042,0.0342206871878001,3.52597307288403
1.89176587301587,0.203529520829988,0.244219929971564,0.0342043202827926,3.52609202362659
1.89186507936508,0.20351305380937,0.244203504543216,0.0341879612171627,3.52621096344159
1.89196428571429,0.203496588319673,0.244187079095992,0.0341716099872072,3.52632989233063
1.89206349206349,0.203480124360667,0.244170653630509,0.0341552665892246,3.52644881029533
1.8921626984127,0.203463661932118,0.244154228147385,0.0341389310195143,3.5265677173373
1.8922619047619,0.203447201033795,0.244137802647235,0.0341226032743774,3.52668661345813
1.89236111111111,0.203430741665467,0.244121377130676,0.034106283350116,3.52680549865945
1.89246031746032,0.203414283826902,0.244104951598324,0.0340899712430339,3.52692437294285
1.89255952380952,0.203397827517867,0.244088526050794,0.0340736669494359,3.52704323630995
1.89265873015873,0.203381372738133,0.244072100488702,0.0340573704656282,3.52716208876234
1.89275793650794,0.203364919487466,0.244055674912663,0.0340410817879184,3.52728093030164
1.89285714285714,0.203348467765636,0.244039249323292,0.0340248009126155,3.52739976092946
1.89295634920635,0.203332017572412,0.244022823721204,0.0340085278360297,3.52751858064739
1.89305555555556,0.203315568907562,0.244006398107012,0.0339922625544724,3.52763738945704
1.89315476190476,0.203299121770854,0.243989972481331,0.0339760050642567,3.52775618736002
1.89325396825397,0.203282676162058,0.243973546844775,0.0339597553616967,3.52787497435793
1.89335317460317,0.203266232080943,0.243957121197957,0.033943513443108,3.52799375045238
1.89345238095238,0.203249789527278,0.243940695541492,0.0339272793048073,3.52811251564496
1.89355158730159,0.203233348500831,0.243924269875991,0.033911052943113,3.52823126993729
1.89365079365079,0.203216909001371,0.243907844202068,0.0338948343543445,3.52835001333096
1.89375,0.203200471028669,0.243891418520335,0.0338786235348226,3.52846874582758
1.89384920634921,0.203184034582492,0.243874992831405,0.0338624204808696,3.52858746742874
1.89394841269841,0.20316759966261,0.24385856713589,0.0338462251888089,3.52870617813606
1.89404761904762,0.203151166268794,0.243842141434401,0.0338300376549654,3.52882487795113
1.89414682539683,0.203134734400811,0.24382571572755,0.0338138578756652,3.52894356687555
1.89424603174603,0.203118304058431,0.243809290015948,0.0337976858472359,3.52906224491092
1.89434523809524,0.203101875241424,0.243792864300207,0.0337815215660061,3.52918091205885
1.89444444444444,0.20308544794956,0.243776438580937,0.0337653650283061,3.52929956832093
1.89454365079365,0.203069022182608,0.243760012858749,0.0337492162304673,3.52941821369876
1.89464285714286,0.203052597940337,0.243743587134253,0.0337330751688225,3.52953684819394
1.89474206349206,0.203036175222518,0.243727161408058,0.0337169418397058,3.52965547180808
1.89484126984127,0.20301975402892,0.243710735680776,0.0337008162394527,3.52977408454276
1.89494047619048,0.203003334359314,0.243694309953014,0.0336846983643998,3.52989268639958
1.89503968253968,0.202986916213468,0.243677884225383,0.0336685882108855,3.53001127738015
1.89513888888889,0.202970499591154,0.243661458498491,0.033652485775249,3.53012985748606
1.8952380952381,0.20295408449214,0.243645032772948,0.0336363910538311,3.5302484267189
1.8953373015873,0.202937670916198,0.243628607049361,0.0336203040429738,3.53036698508028
1.89543650793651,0.202921258863097,0.243612181328338,0.0336042247390207,3.53048553257179
1.89553571428571,0.202904848332608,0.243595755610489,0.0335881531383163,3.53060406919502
1.89563492063492,0.2028884393245,0.24357932989642,0.0335720892372069,3.53072259495157
1.89573412698413,0.202872031838545,0.243562904186738,0.0335560330320397,3.53084110984304
1.89583333333333,0.202855625874513,0.243546478482052,0.0335399845191635,3.53095961387101
1.89593253968254,0.202839221432174,0.243530052782968,0.0335239436949284,3.53107810703709
1.89603174603175,0.202822818511298,0.243513627090092,0.0335079105556856,3.53119658934287
1.89613095238095,0.202806417111657,0.243497201404031,0.033491885097788,3.53131506078993
1.89623015873016,0.20279001723302,0.243480775725391,0.0334758673175894,3.53143352137988
1.89632936507936,0.20277361887516,0.243464350054779,0.0334598572114454,3.5315519711143
1.89642857142857,0.202757222037845,0.243447924392799,0.0334438547757124,3.53167040999479
1.89652777777778,0.202740826720848,0.243431498740057,0.0334278600067486,3.53178883802293
1.89662698412698,0.202724432923939,0.243415073097158,0.0334118729009133,3.53190725520033
1.89672619047619,0.202708040646889,0.243398647464707,0.0333958934545672,3.53202566152857
1.8968253968254,0.202691649889469,0.243382221843308,0.0333799216640721,3.53214405700924
1.8969246031746,0.20267526065145,0.243365796233567,0.0333639575257915,3.53226244164394
1.89702380952381,0.202658872932604,0.243349370636087,0.03334800103609,3.53238081543424
1.89712301587302,0.202642486732701,0.243332945051471,0.0333320521913335,3.53249917838175
1.89722222222222,0.202626102051513,0.243316519480324,0.0333161109878893,3.53261753048805
1.89732142857143,0.202609718888811,0.243300093923248,0.0333001774221262,3.53273587175472
1.89742063492063,0.202593337244367,0.243283668380848,0.0332842514904139,3.53285420218337
1.89751984126984,0.202576957117952,0.243267242853725,0.0332683331891238,3.53297252177557
1.89761904761905,0.202560578509337,0.243250817342482,0.0332524225146285,3.53309083053291
1.89771825396825,0.202544201418294,0.243234391847721,0.0332365194633019,3.53320912845698
1.89781746031746,0.202527825844594,0.243217966370045,0.0332206240315193,3.53332741554937
1.89791666666667,0.20251145178801,0.243201540910055,0.0332047362156572,3.53344569181167
1.89801587301587,0.202495079248313,0.243185115468353,0.0331888560120936,3.53356395724545
1.89811507936508,0.202478708225275,0.243168690045539,0.0331729834172078,3.53368221185231
1.89821428571429,0.202462338718668,0.243152264642216,0.0331571184273802,3.53380045563383
1.89831349206349,0.202445970728263,0.243135839258983,0.0331412610389927,3.5339186885916
1.8984126984127,0.202429604253833,0.243119413896442,0.0331254112484286,3.53403691072719
1.8985119047619,0.20241323929515,0.243102988555191,0.0331095690520725,3.5341551220422
1.89861111111111,0.202396875851986,0.243086563235833,0.0330937344463101,3.53427332253821
1.89871031746032,0.202380513924112,0.243070137938965,0.0330779074275288,3.5343915122168
1.89880952380952,0.202364153511302,0.243053712665188,0.033062087992117,3.53450969107955
1.89890873015873,0.202347794613328,0.2430372874151,0.0330462761364646,3.53462785912805
1.89900793650794,0.202331437229961,0.243020862189301,0.0330304718569627,3.53474601636389
1.89910714285714,0.202315081360974,0.24300443698839,0.033014675150004,3.53486416278863
1.89920634920635,0.202298727006141,0.242988011812964,0.0329988860119821,3.53498229840386
1.89930555555556,0.202282374165232,0.242971586663622,0.0329831044392924,3.53510042321117
1.89940476190476,0.202266022838022,0.242955161540962,0.0329673304283311,3.53521853721213
1.89950396825397,0.202249673024282,0.242938736445582,0.0329515639754963,3.53533664040833
1.89960317460317,0.202233324723785,0.242922311378078,0.032935805077187,3.53545473280135
1.89970238095238,0.202216977936305,0.242905886339048,0.0329200537298038,3.53557281439275
1.89980158730159,0.202200632661613,0.242889461329089,0.0329043099297482,3.53569088518414
1.89990079365079,0.202184288899484,0.242873036348798,0.0328885736734237,3.53580894517707
1.9,0.202167946649689,0.242856611398771,0.0328728449572345,3.53592699437314
1.90009920634921,0.202151605912001,0.242840186479603,0.0328571237775865,3.53604503277391
1.90019841269841,0.202135266686195,0.242823761591892,0.0328414101308867,3.53616306038097
1.90029761904762,0.202118928972043,0.242807336736231,0.0328257040135437,3.5362810771959
1.90039682539683,0.202102592769317,0.242790911913218,0.0328100054219671,3.53639908322027
1.90049603174603,0.202086258077793,0.242774487123446,0.0327943143525681,3.53651707845566
1.90059523809524,0.202069924897242,0.242758062367511,0.032778630801759,3.53663506290364
1.90069444444444,0.202053593227438,0.242741637646007,0.0327629547659537,3.53675303656579
1.90079365079365,0.202037263068156,0.242725212959529,0.0327472862415671,3.53687099944368
1.90089285714286,0.202020934419167,0.24270878830867,0.0327316252250157,3.5369889515389
1.90099206349206,0.202004607280246,0.242692363694024,0.0327159717127172,3.53710689285301
1.90109126984127,0.201988281651166,0.242675939116186,0.0327003257010907,3.53722482338759
1.90119047619048,0.201971957531701,0.242659514575747,0.0326846871865565,3.53734274314421
1.90128968253968,0.201955634921625,0.242643090073302,0.0326690561655363,3.53746065212446
1.90138888888889,0.201939313820712,0.242626665609443,0.0326534326344532,3.53757855032989
1.9014880952381,0.201922994228735,0.242610241184762,0.0326378165897315,3.53769643776208
1.9015873015873,0.201906676145469,0.242593816799851,0.032622208027797,3.53781431442261
1.90168650793651,0.201890359570687,0.242577392455303,0.0326066069450765,3.53793218031305
1.90178571428571,0.201874044504164,0.24256096815171,0.0325910133379986,3.53805003543496
1.90188492063492,0.201857730945673,0.242544543889663,0.0325754272029928,3.53816787978993
1.90198412698413,0.201841418894989,0.242528119669752,0.0325598485364901,3.53828571337952
1.90208333333333,0.201825108351886,0.24251169549257,0.0325442773349229,3.5384035362053
1.90218253968254,0.201808799316138,0.242495271358706,0.0325287135947248,3.53852134826884
1.90228174603175,0.20179249178752,0.242478847268752,0.0325131573123308,3.53863914957171
1.90238095238095,0.201776185765806,0.242462423223297,0.0324976084841771,3.53875694011548
1.90248015873016,0.20175988125077,0.242445999222931,0.0324820671067015,3.53887471990172
1.90257936507936,0.201743578242188,0.242429575268244,0.0324665331763428,3.53899248893201
1.90267857142857,0.201727276739833,0.242413151359826,0.0324510066895415,3.5391102472079
1.90277777777778,0.201710976743481,0.242396727498265,0.0324354876427389,3.53922799473096
1.90287698412698,0.201694678252905,0.24238030368415,0.0324199760323782,3.53934573150276
1.90297619047619,0.201678381267882,0.242363879918071,0.0324044718549036,3.53946345752488
1.9030753968254,0.201662085788185,0.242347456200615,0.0323889751067606,3.53958117279887
1.9031746031746,0.20164579181359,0.24233103253237,0.0323734857843963,3.5396988773263
1.90327380952381,0.201629499343872,0.242314608913925,0.0323580038842587,3.53981657110874
1.90337301587302,0.201613208378805,0.242298185345867,0.0323425294027976,3.53993425414776
1.90347222222222,0.201596918918164,0.242281761828784,0.0323270623364638,3.54005192644492
1.90357142857143,0.201580630961726,0.242265338363262,0.0323116026817096,3.54016958800177
1.90367063492063,0.201564344509265,0.242248914949888,0.0322961504349884,3.5402872388199
1.90376984126984,0.201548059560556,0.242232491589249,0.0322807055927553,3.54040487890086
1.90386904761905,0.201531776115374,0.242216068281932,0.0322652681514662,3.54052250824622
1.90396825396825,0.201515494173496,0.242199645028522,0.032249838107579,3.54064012685753
1.90406746031746,0.201499213734696,0.242183221829605,0.0322344154575524,3.54075773473637
1.90416666666667,0.20148293479875,0.242166798685766,0.0322190001978465,3.54087533188429
1.90426587301587,0.201466657365434,0.242150375597592,0.0322035923249229,3.54099291830286
1.90436507936508,0.201450381434523,0.242133952565666,0.0321881918352445,3.54111049399364
1.90446428571429,0.201434107005793,0.242117529590575,0.0321727987252755,3.54122805895819
1.90456349206349,0.201417834079019,0.242101106672902,0.0321574129914812,3.54134561319807
1.9046626984127,0.201401562653978,0.242084683813231,0.0321420346303286,3.54146315671484
1.9047619047619,0.201385292730446,0.242068261012147,0.0321266636382858,3.54158068951006
1.90486111111111,0.201369024308197,0.242051838270233,0.0321113000118223,3.5416982115853
1.90496031746032,0.201352757387009,0.242035415588073,0.0320959437474088,3.54181572294211
1.90505952380952,0.201336491966658,0.242018992966251,0.0320805948415176,3.54193322358205
1.90515873015873,0.201320228046918,0.242002570405348,0.0320652532906221,3.54205071350668
1.90525793650794,0.201303965627568,0.241986147905948,0.0320499190911971,3.54216819271755
1.90535714285714,0.201287704708382,0.241969725468633,0.0320345922397186,3.54228566121624
1.90545634920635,0.201271445289138,0.241953303093986,0.0320192727326643,3.54240311900428
1.90555555555556,0.201255187369611,0.241936880782588,0.0320039605665127,3.54252056608325
1.90565476190476,0.201238930949578,0.241920458535021,0.0319886557377441,3.5426380024547
1.90575396825397,0.201222676028815,0.241904036351867,0.0319733582428397,3.54275542812018
1.90585317460317,0.2012064226071,0.241887614233707,0.0319580680782825,3.54287284308125
1.90595238095238,0.201190170684208,0.241871192181121,0.0319427852405565,3.54299024733946
1.90605158730159,0.201173920259916,0.24185477019469,0.031927509726147,3.54310764089638
1.90615079365079,0.201157671334001,0.241838348274995,0.0319122415315408,3.54322502375356
1.90625,0.201141423906241,0.241821926422616,0.031896980653226,3.54334239591254
1.90634920634921,0.20112517797641,0.241805504638133,0.031881727087692,3.54345975737489
1.90644841269841,0.201108933544288,0.241789082922125,0.0318664808314293,3.54357710814216
1.90654761904762,0.20109269060965,0.241772661275171,0.0318512418809303,3.5436944482159
1.90664682539683,0.201076449172273,0.241756239697852,0.0318360102326881,3.54381177759767
1.90674603174603,0.201060209231935,0.241739818190745,0.0318207858831975,3.54392909628902
1.90684523809524,0.201043970788413,0.24172339675443,0.0318055688289545,3.54404640429149
1.90694444444444,0.201027733841484,0.241706975389484,0.0317903590664565,3.54416370160665
1.90704365079365,0.201011498390925,0.241690554096486,0.0317751565922021,3.54428098823605
1.90714285714286,0.200995264436514,0.241674132876014,0.0317599614026913,3.54439826418123
1.90724206349206,0.200979031978028,0.241657711728644,0.0317447734944255,3.54451552944374
1.90734126984127,0.200962801015244,0.241641290654956,0.0317295928639073,3.54463278402514
1.90744047619048,0.20094657154794,0.241624869655524,0.0317144195076407,3.54475002792698
1.90753968253968,0.200930343575894,0.241608448730927,0.0316992534221311,3.54486726115081
1.90763888888889,0.200914117098883,0.241592027881741,0.031684094603885,3.54498448369817
1.9077380952381,0.200897892116685,0.241575607108542,0.0316689430494105,3.54510169557061
1.9078373015873,0.200881668629077,0.241559186411907,0.0316537987552167,3.54521889676969
1.90793650793651,0.200865446635838,0.24154276579241,0.0316386617178144,3.54533608729695
1.90803571428571,0.200849226136745,0.241526345250628,0.0316235319337156,3.54545326715393
1.90813492063492,0.200833007131577,0.241509924787135,0.0316084093994334,3.5455704363422
1.90823412698413,0.200816789620111,0.241493504402508,0.0315932941114825,3.54568759486329
1.90833333333333,0.200800573602125,0.241477084097319,0.0315781860663787,3.54580474271874
1.90843253968254,0.200784359077398,0.241460663872145,0.0315630852606394,3.54592187991012
1.90853174603175,0.200768146045708,0.241444243727559,0.0315479916907832,3.54603900643895
1.90863095238095,0.200751934506832,0.241427823664135,0.03153290535333,3.54615612230679
1.90873015873016,0.200735724460549,0.241411403682447,0.0315178262448009,3.54627322751519
1.90882936507937,0.200719515906639,0.241394983783068,0.0315027543617186,3.54639032206568
1.90892857142857,0.200703308844878,0.241378563966572,0.031487689700607,3.54650740595982
1.90902777777778,0.200687103275045,0.241362144233531,0.0314726322579912,3.54662447919914
1.90912698412698,0.20067089919692,0.241345724584518,0.0314575820303978,3.54674154178519
1.90922619047619,0.200654696610281,0.241329305020106,0.0314425390143548,3.54685859371951
1.9093253968254,0.200638495514905,0.241312885540867,0.0314275032063912,3.54697563500365
1.9094246031746,0.200622295910573,0.241296466147372,0.0314124746030377,3.54709266563915
1.90952380952381,0.200606097797063,0.241280046840194,0.031397453200826,3.54720968562754
1.90962301587302,0.200589901174153,0.241263627619903,0.0313824389962894,3.54732669497038
1.90972222222222,0.200573706041623,0.241247208487072,0.0313674319859624,3.5474436936692
1.90982142857143,0.200557512399251,0.24123078944227,0.0313524321663807,3.54756068172555
1.90992063492064,0.200541320246818,0.241214370486068,0.0313374395340817,3.54767765914095
1.91001984126984,0.2005251295841,0.241197951619037,0.0313224540856037,3.54779462591697
1.91011904761905,0.200508940410879,0.241181532841747,0.0313074758174866,3.54791158205513
1.91021825396825,0.200492752726933,0.241165114154767,0.0312925047262715,3.54802852755697
1.91031746031746,0.200476566532041,0.241148695558668,0.0312775408085009,3.54814546242403
1.91041666666667,0.200460381825983,0.241132277054019,0.0312625840607186,3.54826238665786
1.91051587301587,0.200444198608538,0.241115858641388,0.0312476344794697,3.54837930025999
1.91061507936508,0.200428016879486,0.241099440321345,0.0312326920613007,3.54849620323195
1.91071428571429,0.200411836638605,0.241083022094457,0.0312177568027593,3.54861309557529
1.91081349206349,0.200395657885677,0.241066603961295,0.0312028287003948,3.54872997729155
1.9109126984127,0.200379480620479,0.241050185922424,0.0311879077507573,3.54884684838225
1.9110119047619,0.200363304842793,0.241033767978414,0.0311729939503989,3.54896370884894
1.91111111111111,0.200347130552398,0.241017350129831,0.0311580872958725,3.54908055869315
1.91121031746032,0.200330957749073,0.241000932377244,0.0311431877837326,3.54919739791641
1.91130952380952,0.200314786432598,0.240984514721219,0.0311282954105348,3.54931422652027
1.91140873015873,0.200298616602754,0.240968097162322,0.0311134101728364,3.54943104450626
1.91150793650794,0.200282448259321,0.240951679701121,0.0310985320671956,3.54954785187591
1.91160714285714,0.200266281402077,0.240935262338182,0.0310836610901723,3.54966464863076
1.91170634920635,0.200250116030805,0.24091884507407,0.0310687972383273,3.54978143477233
1.91180555555556,0.200233952145283,0.240902427909351,0.0310539405082232,3.54989821030217
1.91190476190476,0.200217789745293,0.240886010844591,0.0310390908964237,3.5500149752218
1.91200396825397,0.200201628830613,0.240869593880355,0.0310242483994937,3.55013172953277
1.91210317460317,0.200185469401026,0.240853177017208,0.0310094130139995,3.55024847323659
1.91220238095238,0.200169311456311,0.240836760255715,0.0309945847365091,3.55036520633481
1.91230158730159,0.200153154996248,0.24082034359644,0.0309797635635913,3.55048192882895
1.91240079365079,0.200137000020619,0.240803927039947,0.0309649494918164,3.55059864072055
1.9125,0.200120846529203,0.240787510586801,0.0309501425177561,3.55071534201114
1.91259920634921,0.200104694521782,0.240771094237564,0.0309353426379835,3.55083203270224
1.91269841269841,0.200088543998136,0.240754677992801,0.0309205498490729,3.55094871279538
1.91279761904762,0.200072394958046,0.240738261853074,0.0309057641475998,3.55106538229211
1.91289682539683,0.200056247401294,0.240721845818947,0.0308909855301414,3.55118204119394
1.91299603174603,0.200040101327659,0.240705429890981,0.0308762139932758,3.5512986895024
1.91309523809524,0.200023956736922,0.24068901406974,0.0308614495335828,3.55141532721902
1.91319444444444,0.200007813628866,0.240672598355786,0.0308466921476431,3.55153195434534
1.91329365079365,0.19999167200327,0.24065618274968,0.0308319418320393,3.55164857088287
1.91339285714286,0.199975531859917,0.240639767251984,0.0308171985833549,3.55176517683315
1.91349206349206,0.199959393198587,0.24062335186326,0.0308024623981747,3.55188177219771
1.91359126984127,0.199943256019061,0.240606936584068,0.0307877332730851,3.55199835697806
1.91369047619048,0.199927120321122,0.240590521414969,0.0307730112046737,3.55211493117573
1.91378968253968,0.199910986104549,0.240574106356524,0.0307582961895294,3.55223149479226
1.91388888888889,0.199894853369126,0.240557691409294,0.0307435882242424,3.55234804782916
1.9139880952381,0.199878722114633,0.240541276573838,0.0307288873054044,3.55246459028797
1.9140873015873,0.199862592340852,0.240524861850716,0.0307141934296081,3.5525811221702
1.91418650793651,0.199846464047564,0.240508447240488,0.0306995065934479,3.55269764347738
1.91428571428571,0.199830337234552,0.240492032743713,0.0306848267935193,3.55281415421104
1.91438492063492,0.199814211901596,0.24047561836095,0.0306701540264192,3.55293065437269
1.91448412698413,0.19979808804848,0.240459204092757,0.0306554882887457,3.55304714396386
1.91458333333333,0.199781965674984,0.240442789939694,0.0306408295770986,3.55316362298608
1.91468253968254,0.199765844780891,0.240426375902319,0.0306261778880784,3.55328009144087
1.91478174603175,0.199749725365983,0.240409961981189,0.0306115332182876,3.55339654932974
1.91488095238095,0.199733607430041,0.240393548176863,0.0305968955643296,3.55351299665422
1.91498015873016,0.199717490972848,0.240377134489898,0.0305822649228093,3.55362943341583
1.91507936507937,0.199701375994187,0.240360720920851,0.0305676412903327,3.55374585961609
1.91517857142857,0.199685262493839,0.240344307470278,0.0305530246635075,3.55386227525653
1.91527777777778,0.199669150471586,0.240327894138738,0.0305384150389425,3.55397868033866
1.91537698412698,0.199653039927211,0.240311480926786,0.0305238124132477,3.554095074864
1.91547619047619,0.199636930860497,0.240295067834979,0.0305092167830348,3.55421145883407
1.9155753968254,0.199620823271226,0.240278654863872,0.0304946281449164,3.55432783225039
1.9156746031746,0.199604717159181,0.240262242014021,0.0304800464955068,3.55444419511448
1.91577380952381,0.199588612524143,0.240245829285982,0.0304654718314214,3.55456054742786
1.91587301587302,0.199572509365897,0.24022941668031,0.0304509041492769,3.55467688919204
1.91597222222222,0.199556407684224,0.240213004197559,0.0304363434456916,3.55479322040854
1.91607142857143,0.199540307478907,0.240196591838285,0.0304217897172848,3.55490954107889
1.91617063492064,0.19952420874973,0.240180179603041,0.0304072429606773,3.55502585120459
1.91626984126984,0.199508111496474,0.240163767492383,0.0303927031724912,3.55514215078716
1.91636904761905,0.199492015718924,0.240147355506863,0.03037817034935,3.55525843982812
1.91646825396825,0.199475921416862,0.240130943647036,0.0303636444878784,3.55537471832898
1.91656746031746,0.199459828590071,0.240114531913454,0.0303491255847024,3.55549098629127
1.91666666666667,0.199443737238335,0.240098120306672,0.0303346136364495,3.55560724371648
1.91676587301587,0.199427647361437,0.240081708827241,0.0303201086397485,3.55572349060615
1.91686507936508,0.199411558959159,0.240065297475715,0.0303056105912293,3.55583972696178
1.91696428571429,0.199395472031285,0.240048886252646,0.0302911194875233,3.55595595278488
1.91706349206349,0.1993793865776,0.240032475158586,0.0302766353252634,3.55607216807697
1.9171626984127,0.199363302597885,0.240016064194086,0.0302621581010835,3.55618837283956
1.9172619047619,0.199347220091925,0.239999653359698,0.0302476878116189,3.55630456707417
1.91736111111111,0.199331139059504,0.239983242655975,0.0302332244535065,3.55642075078231
1.91746031746032,0.199315059500404,0.239966832083466,0.0302187680233841,3.55653692396548
1.91755952380952,0.19929898141441,0.239950421642722,0.0302043185178912,3.55665308662521
1.91765873015873,0.199282904801306,0.239934011334294,0.0301898759336685,3.55676923876299
1.91775793650794,0.199266829660874,0.239917601158733,0.0301754402673578,3.55688538038035
1.91785714285714,0.1992507559929,0.239901191116588,0.0301610115156027,3.55700151147878
1.91795634920635,0.199234683797167,0.23988478120841,0.0301465896750477,3.55711763205981
1.91805555555556,0.199218613073459,0.239868371434746,0.0301321747423388,3.55723374212494
1.91815476190476,0.19920254382156,0.239851961796148,0.0301177667141234,3.55734984167568
1.91825396825397,0.199186476041255,0.239835552293164,0.03010336558705,3.55746593071354
1.91835317460317,0.199170409732327,0.239819142926343,0.0300889713577686,3.55758200924003
1.91845238095238,0.19915434489456,0.239802733696232,0.0300745840229306,3.55769807725665
1.91855158730159,0.19913828152774,0.239786324603381,0.0300602035791886,3.55781413476492
1.91865079365079,0.199122219631651,0.239769915648338,0.0300458300231965,3.55793018176633
1.91875,0.199106159206076,0.239753506831649,0.0300314633516095,3.5580462182624
1.91884920634921,0.199090100250801,0.239737098153863,0.0300171035610843,3.55816224425463
1.91894841269841,0.199074042765609,0.239720689615527,0.0300027506482788,3.55827825974454
1.91904761904762,0.199057986750286,0.239704281217187,0.0299884046098523,3.55839426473362
1.91914682539683,0.199041932204617,0.239687872959391,0.0299740654424654,3.55851025922338
1.91924603174603,0.199025879128385,0.239671464842684,0.0299597331427799,3.55862624321532
1.91934523809524,0.199009827521377,0.239655056867614,0.0299454077074591,3.55874221671095
1.91944444444444,0.198993777383376,0.239638649034725,0.0299310891331677,3.55885817971178
1.91954365079365,0.198977728714167,0.239622241344564,0.0299167774165713,3.55897413221931
1.91964285714286,0.198961681513536,0.239605833797676,0.0299024725543374,3.55909007423503
1.91974206349206,0.198945635781268,0.239589426394606,0.0298881745431344,3.55920600576046
1.91984126984127,0.198929591517148,0.239573019135899,0.0298738833796321,3.5593219267971
1.91994047619048,0.19891354872096,0.2395566120221,0.0298595990605019,3.55943783734645
1.92003968253968,0.198897507392491,0.239540205053753,0.0298453215824162,3.55955373741
1.92013888888889,0.198881467531525,0.239523798231401,0.029831050942049,3.55966962698927
1.9202380952381,0.198865429137847,0.23950739155559,0.0298167871360752,3.55978550608576
1.9203373015873,0.198849392211244,0.239490985026862,0.0298025301611716,3.55990137470096
1.92043650793651,0.198833356751501,0.239474578645761,0.0297882800140159,3.56001723283637
1.92053571428571,0.198817322758403,0.23945817241283,0.0297740366912872,3.5601330804935
1.92063492063492,0.198801290231735,0.239441766328612,0.0297598001896662,3.56024891767384
1.92073412698413,0.198785259171284,0.239425360393649,0.0297455705058345,3.5603647443789
1.92083333333333,0.198769229576836,0.239408954608484,0.0297313476364754,3.56048056061017
1.92093253968254,0.198753201448175,0.239392548973659,0.0297171315782732,3.56059636636915
1.92103174603175,0.198737174785088,0.239376143489715,0.0297029223279139,3.56071216165734
1.92113095238095,0.19872114958736,0.239359738157194,0.0296887198820845,3.56082794647623
1.92123015873016,0.198705125854778,0.239343332976638,0.0296745242374735,3.56094372082733
1.92132936507937,0.198689103587128,0.239326927948587,0.0296603353907706,3.56105948471213
1.92142857142857,0.198673082784196,0.239310523073582,0.0296461533386671,3.56117523813213
1.92152777777778,0.198657063445767,0.239294118352163,0.0296319780778552,3.56129098108883
1.92162698412698,0.198641045571629,0.239277713784872,0.0296178096050289,3.56140671358371
1.92172619047619,0.198625029161566,0.239261309372247,0.029603647916883,3.56152243561828
1.9218253968254,0.198609014215367,0.23924490511483,0.0295894930101142,3.56163814719403
1.9219246031746,0.198593000732816,0.239228501013158,0.02957534488142,3.56175384831245
1.92202380952381,0.198576988713701,0.239212097067772,0.0295612035274997,3.56186953897505
1.92212301587302,0.198560978157808,0.23919569327921,0.0295470689450535,3.5619852191833
1.92222222222222,0.198544969064923,0.239179289648011,0.0295329411307833,3.56210088893872
1.92232142857143,0.198528961434834,0.239162886174713,0.0295188200813921,3.56221654824278
1.92242063492063,0.198512955267326,0.239146482859855,0.0295047057935841,3.56233219709699
1.92251984126984,0.198496950562187,0.239130079703975,0.0294905982640652,3.56244783550283
1.92261904761905,0.198480947319204,0.23911367670761,0.0294764974895424,3.5625634634618
1.92271825396825,0.198464945538162,0.239097273871297,0.0294624034667241,3.56267908097539
1.92281746031746,0.19844894521885,0.239080871195575,0.0294483161923198,3.56279468804509
1.92291666666667,0.198432946361054,0.239064468680979,0.0294342356630407,3.56291028467239
1.92301587301587,0.198416948964561,0.239048066328047,0.0294201618755991,3.56302587085878
1.92311507936508,0.198400953029159,0.239031664137314,0.0294060948267087,3.56314144660575
1.92321428571429,0.198384958554634,0.239015262109318,0.0293920345130844,3.5632570119148
1.92331349206349,0.198368965540774,0.238998860244593,0.0293779809314425,3.56337256678741
1.9234126984127,0.198352973987366,0.238982458543676,0.0293639340785008,3.56348811122506
1.9235119047619,0.198336983894197,0.238966057007101,0.0293498939509782,3.56360364522926
1.92361111111111,0.198320995261055,0.238949655635405,0.029335860545595,3.56371916880148
1.92371031746032,0.198305008087727,0.238933254429121,0.0293218338590728,3.56383468194322
1.92380952380952,0.198289022374002,0.238916853388784,0.0293078138881346,3.56395018465596
1.92390873015873,0.198273038119665,0.23890045251493,0.0292938006295047,3.56406567694119
1.92400793650794,0.198257055324506,0.238884051808091,0.0292797940799086,3.56418115880039
1.92410714285714,0.198241073988312,0.238867651268801,0.0292657942360735,3.56429663023506
1.92420634920635,0.19822509411087,0.238851250897595,0.0292518010947274,3.56441209124667
1.92430555555556,0.198209115691968,0.238834850695005,0.0292378146525999,3.56452754183672
1.92440476190476,0.198193138731395,0.238818450661564,0.0292238349064221,3.56464298200669
1.92450396825397,0.198177163228938,0.238802050797806,0.0292098618529262,3.56475841175807
1.92460317460317,0.198161189184386,0.238785651104263,0.0291958954888457,3.56487383109233
1.92470238095238,0.198145216597525,0.238769251581467,0.0291819358109154,3.56498924001097
1.92480158730159,0.198129245468146,0.238752852229949,0.0291679828158718,3.56510463851546
1.92490079365079,0.198113275796035,0.238736453050243,0.0291540365004523,3.56522002660729
1.925,0.198097307580981,0.238720054042879,0.0291400968613958,3.56533540428794
1.92509920634921,0.198081340822772,0.238703655208389,0.0291261638954425,3.5654507715589
1.92519841269841,0.198065375521197,0.238687256547303,0.029112237599334,3.56556612842165
1.92529761904762,0.198049411676044,0.238670858060152,0.0290983179698131,3.56568147487766
1.92539682539683,0.198033449287102,0.238654459747467,0.029084405003624,3.56579681092843
1.92549603174603,0.198017488354159,0.238638061609779,0.0290704986975122,3.56591213657543
1.92559523809524,0.198001528877004,0.238621663647616,0.0290565990482246,3.56602745182014
1.92569444444444,0.197985570855426,0.238605265861509,0.0290427060525093,3.56614275666404
1.92579365079365,0.197969614289213,0.238588868251987,0.0290288197071159,3.56625805110862
1.92589285714286,0.197953659178154,0.238572470819579,0.0290149400087951,3.56637333515535
1.92599206349206,0.197937705522037,0.238556073564814,0.0290010669542992,3.56648860880571
1.92609126984127,0.197921753320653,0.238539676488222,0.0289872005403816,3.56660387206118
1.92619047619048,0.19790580257379,0.238523279590329,0.0289733407637971,3.56671912492323
1.92628968253968,0.197889853281237,0.238506882871665,0.0289594876213019,3.56683436739336
1.92638888888889,0.197873905442783,0.238490486332758,0.0289456411096534,3.56694959947303
1.9264880952381,0.197857959058217,0.238474089974134,0.0289318012256104,3.56706482116372
1.9265873015873,0.197842014127328,0.238457693796322,0.028917967965933,3.5671800324669
1.92668650793651,0.197826070649906,0.238441297799848,0.0289041413273827,3.56729523338407
1.92678571428571,0.197810128625741,0.23842490198524,0.0288903213067222,3.56741042391668
1.92688492063492,0.197794188054621,0.238408506353023,0.0288765079007157,3.56752560406622
1.92698412698413,0.197778248936336,0.238392110903725,0.0288627011061285,3.56764077383416
1.92708333333333,0.197762311270676,0.238375715637872,0.0288489009197274,3.56775593322198
1.92718253968254,0.19774637505743,0.238359320555988,0.0288351073382806,3.56787108223115
1.92728174603175,0.197730440296387,0.238342925658601,0.0288213203585573,3.56798622086315
1.92738095238095,0.197714506987339,0.238326530946234,0.0288075399773284,3.56810134911945
1.92748015873016,0.197698575130073,0.238310136419414,0.0287937661913659,3.56821646700152
1.92757936507936,0.197682644724381,0.238293742078665,0.0287799989974432,3.56833157451083
1.92767857142857,0.197666715770052,0.238277347924512,0.0287662383923349,3.56844667164887
1.92777777777778,0.197650788266876,0.238260953957478,0.0287524843728172,3.56856175841709
1.92787698412698,0.197634862214643,0.238244560178088,0.0287387369356675,3.56867683481698
1.92797619047619,0.197618937613143,0.238228166586866,0.0287249960776643,3.56879190085
1.9280753968254,0.197603014462167,0.238211773184336,0.0287112617955877,3.56890695651763
1.9281746031746,0.197587092761504,0.238195379971019,0.0286975340862192,3.56902200182134
1.92827380952381,0.197571172510945,0.238178986947441,0.0286838129463413,3.56913703676259
1.92837301587302,0.19755525371028,0.238162594114122,0.0286700983727381,3.56925206134287
1.92847222222222,0.1975393363593,0.238146201471586,0.0286563903621949,3.56936707556362
1.92857142857143,0.197523420457794,0.238129809020356,0.0286426889114983,3.56948207942634
1.92867063492063,0.197507506005554,0.238113416760952,0.0286289940174364,3.56959707293248
1.92876984126984,0.19749159300237,0.238097024693897,0.0286153056767984,3.56971205608351
1.92886904761905,0.197475681448033,0.238080632819712,0.0286016238863751,3.5698270288809
1.92896825396825,0.197459771342333,0.238064241138918,0.0285879486429583,3.56994199132613
1.92906746031746,0.197443862685062,0.238047849652037,0.0285742799433414,3.57005694342065
1.92916666666667,0.197427955476009,0.238031458359588,0.0285606177843189,3.57017188516594
1.92926587301587,0.197412049714966,0.238015067262093,0.0285469621626869,3.57028681656345
1.92936507936508,0.197396145401724,0.237998676360072,0.0285333130752427,3.57040173761467
1.92946428571429,0.197380242536074,0.237982285654044,0.0285196705187847,3.57051664832104
1.92956349206349,0.197364341117806,0.23796589514453,0.0285060344901129,3.57063154868405
1.9296626984127,0.197348441146713,0.237949504832048,0.0284924049860286,3.57074643870514
1.9297619047619,0.197332542622584,0.237933114717118,0.0284787820033345,3.5708613183858
1.92986111111111,0.197316645545212,0.237916724800258,0.0284651655388343,3.57097618772748
1.92996031746032,0.197300749914388,0.237900335081987,0.0284515555893334,3.57109104673164
1.93005952380952,0.197284855729902,0.237883945562825,0.0284379521516383,3.57120589539976
1.93015873015873,0.197268962991547,0.237867556243288,0.0284243552225568,3.57132073373329
1.93025793650794,0.197253071699114,0.237851167123894,0.0284107647988983,3.57143556173369
1.93035714285714,0.197237181852395,0.237834778205162,0.0283971808774732,3.57155037940244
1.93045634920635,0.19722129345118,0.237818389487608,0.0283836034550935,3.57166518674098
1.93055555555556,0.197205406495263,0.23780200097175,0.0283700325285723,3.57177998375079
1.93065476190476,0.197189520984434,0.237785612658105,0.0283564680947241,3.57189477043332
1.93075396825397,0.197173636918485,0.237769224547188,0.0283429101503649,3.57200954679004
1.93085317460317,0.197157754297208,0.237752836639517,0.0283293586923118,3.5721243128224
1.93095238095238,0.197141873120395,0.237736448935607,0.0283158137173833,3.57223906853187
1.93105158730159,0.197125993387838,0.237720061435975,0.0283022752223992,3.5723538139199
1.93115079365079,0.197110115099329,0.237703674141135,0.0282887432041808,3.57246854898796
1.93125,0.197094238254661,0.237687287051604,0.0282752176595504,3.5725832737375
1.93134920634921,0.197078362853624,0.237670900167895,0.028261698585332,3.57269798816998
1.93144841269841,0.197062488896012,0.237654513490524,0.0282481859783506,3.57281269228687
1.93154761904762,0.197046616381617,0.237638127020006,0.0282346798354328,3.57292738608961
1.93164682539683,0.197030745310231,0.237621740756854,0.0282211801534064,3.57304206957967
1.93174603174603,0.197014875681646,0.237605354701583,0.0282076869291003,3.57315674275851
1.93184523809524,0.196999007495656,0.237588968854706,0.0281942001593452,3.57327140562757
1.93194444444444,0.196983140752051,0.237572583216737,0.0281807198409729,3.57338605818833
1.93204365079365,0.196967275450626,0.237556197788189,0.0281672459708163,3.57350070044222
1.93214285714286,0.196951411591172,0.237539812569575,0.0281537785457099,3.57361533239071
1.93224206349206,0.196935549173483,0.237523427561408,0.0281403175624896,3.57372995403526
1.93234126984127,0.196919688197351,0.237507042764201,0.0281268630179923,3.57384456537731
1.93244047619048,0.196903828662569,0.237490658178464,0.0281134149090566,3.57395916641833
1.93253968253968,0.196887970568929,0.237474273804711,0.0280999732325221,3.57407375715977
1.93263888888889,0.196872113916226,0.237457889643453,0.0280865379852299,3.57418833760308
1.9327380952381,0.196856258704251,0.237441505695201,0.0280731091640225,3.57430290774971
1.9328373015873,0.196840404932798,0.237425121960467,0.0280596867657435,3.57441746760111
1.93293650793651,0.19682455260166,0.237408738439762,0.028046270787238,3.57453201715875
1.93303571428571,0.19680870171063,0.237392355133595,0.0280328612253524,3.57464655642407
1.93313492063492,0.196792852259501,0.237375972042479,0.0280194580769344,3.57476108539853
1.93323412698413,0.196777004248067,0.237359589166922,0.0280060613388329,3.57487560408357
1.93333333333333,0.196761157676121,0.237343206507434,0.0279926710078985,3.57499011248065
1.93343253968254,0.196745312543457,0.237326824064526,0.0279792870809827,3.57510461059121
1.93353174603175,0.196729468849867,0.237310441838707,0.0279659095549386,3.57521909841671
1.93363095238095,0.196713626595146,0.237294059830485,0.0279525384266205,3.5753335759586
1.93373015873016,0.196697785779087,0.23727767804037,0.0279391736928841,3.57544804321833
1.93382936507936,0.196681946401484,0.237261296468869,0.0279258153505864,3.57556250019735
1.93392857142857,0.196666108462131,0.237244915116493,0.0279124633965857,3.5756769468971
1.93402777777778,0.196650271960821,0.237228533983748,0.0278991178277416,3.57579138331903
1.93412698412698,0.196634436897347,0.237212153071142,0.0278857786409152,3.57590580946459
1.93422619047619,0.196618603271505,0.237195772379183,0.0278724458329687,3.57602022533524
1.9343253968254,0.196602771083088,0.237179391908379,0.0278591194007658,3.57613463093241
1.9344246031746,0.19658694033189,0.237163011659235,0.0278457993411714,3.57624902625756
1.93452380952381,0.196571111017706,0.23714663163226,0.0278324856510519,3.57636341131212
1.93462301587302,0.196555283140328,0.23713025182796,0.0278191783272747,3.57647778609755
1.93472222222222,0.196539456699552,0.23711387224684,0.0278058773667089,3.5765921506153
1.93482142857143,0.196523631695172,0.237097492889408,0.0277925827662248,3.5767065048668
1.93492063492063,0.196507808126982,0.237081113756168,0.0277792945226939,3.57682084885351
1.93501984126984,0.196491985994777,0.237064734847626,0.0277660126329891,3.57693518257686
1.93511904761905,0.196476165298351,0.237048356164288,0.0277527370939847,3.5770495060383
1.93521825396825,0.196460346037498,0.237031977706658,0.0277394679025563,3.57716381923928
1.93531746031746,0.196444528212013,0.237015599475241,0.0277262050555808,3.57727812218124
1.93541666666667,0.196428711821691,0.236999221470542,0.0277129485499364,3.57739241486562
1.93551587301587,0.196412896866327,0.236982843693065,0.0276996983825026,3.57750669729387
1.93561507936508,0.196397083345714,0.236966466143313,0.0276864545501603,3.57762096946742
1.93571428571429,0.196381271259649,0.236950088821791,0.0276732170497919,3.57773523138773
1.93581349206349,0.196365460607926,0.236933711729003,0.0276599858782807,3.57784948305622
1.9359126984127,0.196349651390339,0.23691733486545,0.0276467610325116,3.57796372447435
1.9360119047619,0.196333843606685,0.236900958231636,0.0276335425093709,3.57807795564355
1.93611111111111,0.196318037256757,0.236884581828064,0.0276203303057461,3.57819217656526
1.93621031746032,0.196302232340351,0.236868205655237,0.027607124418526,3.57830638724093
1.93630952380952,0.196286428857263,0.236851829713655,0.0275939248446008,3.57842058767199
1.93640873015873,0.196270626807287,0.236835454003822,0.027580731580862,3.57853477785988
1.93650793650794,0.196254826190219,0.236819078526239,0.0275675446242024,3.57864895780604
1.93660714285714,0.196239027005855,0.236802703281407,0.0275543639715161,3.57876312751192
1.93670634920635,0.196223229253988,0.236786328269828,0.0275411896196987,3.57887728697894
1.93680555555556,0.196207432934416,0.236769953492002,0.027528021565647,3.57899143620855
1.93690476190476,0.196191638046934,0.236753578948429,0.027514859806259,3.57910557520219
1.93700396825397,0.196175844591337,0.236737204639611,0.0275017043384343,3.57921970396128
1.93710317460317,0.196160052567421,0.236720830566048,0.0274885551590737,3.57933382248728
1.93720238095238,0.196144261974981,0.236704456728238,0.0274754122650792,3.5794479307816
1.93730158730159,0.196128472813814,0.236688083126683,0.0274622756533544,3.5795620288457
1.93740079365079,0.196112685083715,0.23667170976188,0.0274491453208039,3.579676116681
1.9375,0.196096898784481,0.23665533663433,0.0274360212643339,3.57979019428894
1.93759920634921,0.196081113915907,0.23663896374453,0.0274229034808518,3.57990426167096
1.93769841269841,0.196065330477789,0.23662259109298,0.0274097919672663,3.58001831882849
1.93779761904762,0.196049548469923,0.236606218680178,0.0273966867204877,3.58013236576296
1.93789682539683,0.196033767892106,0.236589846506622,0.0273835877374272,3.58024640247581
1.93799603174603,0.196017988744133,0.23657347457281,0.0273704950149975,3.58036042896847
1.93809523809524,0.196002211025802,0.236557102879238,0.0273574085501127,3.58047444524238
1.93819444444444,0.195986434736908,0.236540731426406,0.0273443283396884,3.58058845129896
1.93829365079365,0.195970659877248,0.236524360214808,0.027331254380641,3.58070244713965
1.93839285714286,0.195954886446618,0.236507989244943,0.0273181866698888,3.58081643276588
1.93849206349206,0.195939114444815,0.236491618517307,0.027305125204351,3.58093040817908
1.93859126984127,0.195923343871635,0.236475248032396,0.0272920699809483,3.58104437338068
1.93869047619048,0.195907574726875,0.236458877790705,0.0272790209966029,3.58115832837212
1.93878968253968,0.195891807010332,0.236442507792731,0.0272659782482379,3.58127227315482
1.93888888888889,0.195876040721802,0.23642613803897,0.0272529417327782,3.58138620773021
1.9389880952381,0.195860275861082,0.236409768529916,0.0272399114471497,3.58150013209973
1.9390873015873,0.19584451242797,0.236393399266064,0.0272268873882797,3.58161404626479
1.93918650793651,0.195828750422262,0.236377030247909,0.0272138695530969,3.58172795022684
1.93928571428571,0.195812989843755,0.236360661475945,0.0272008579385314,3.5818418439873
1.93938492063492,0.195797230692246,0.236344292950668,0.0271878525415143,3.58195572754759
1.93948412698413,0.195781472967532,0.236327924672569,0.0271748533589784,3.58206960090915
1.93958333333333,0.195765716669411,0.236311556642144,0.0271618603878576,3.58218346407341
1.93968253968254,0.19574996179768,0.236295188859886,0.0271488736250872,3.58229731704178
1.93978174603175,0.195734208352136,0.236278821326287,0.0271358930676038,3.58241115981569
1.93988095238095,0.195718456332576,0.236262454041841,0.0271229187123454,3.58252499239658
1.93998015873016,0.195702705738798,0.23624608700704,0.0271099505562512,3.58263881478586
1.94007936507937,0.1956869565706,0.236229720222377,0.027096988596262,3.58275262698496
1.94017857142857,0.195671208827778,0.236213353688344,0.0270840328293195,3.58286642899532
1.94027777777778,0.195655462510131,0.236196987405432,0.027071083252367,3.58298022081834
1.94037698412698,0.195639717617457,0.236180621374134,0.0270581398623492,3.58309400245546
1.94047619047619,0.195623974149552,0.23616425559494,0.0270452026562119,3.5832077739081
1.9405753968254,0.195608232106215,0.236147890068342,0.0270322716309025,3.58332153517769
1.9406746031746,0.195592491487244,0.236131524794831,0.0270193467833693,3.58343528626563
1.94077380952381,0.195576752292436,0.236115159774897,0.0270064281105624,3.58354902717337
1.94087301587302,0.19556101452159,0.23609879500903,0.026993515609433,3.58366275790232
1.94097222222222,0.195545278174503,0.23608243049772,0.0269806092769336,3.5837764784539
1.94107142857143,0.195529543250974,0.236066066241458,0.026967709110018,3.58389018882954
1.94117063492064,0.195513809750801,0.236049702240733,0.0269548151056415,3.58400388903065
1.94126984126984,0.195498077673782,0.236033338496034,0.0269419272607607,3.58411757905866
1.94136904761905,0.195482347019715,0.23601697500785,0.0269290455723333,3.58423125891499
1.94146825396825,0.195466617788399,0.23600061177667,0.0269161700373186,3.58434492860105
1.94156746031746,0.195450889979632,0.235984248802983,0.026903300652677,3.58445858811827
1.94166666666667,0.195435163593213,0.235967886087276,0.0268904374153704,3.58457223746807
1.94176587301587,0.19541943862894,0.235951523630038,0.026877580322362,3.58468587665186
1.94186507936508,0.195403715086611,0.235935161431757,0.0268647293706163,3.58479950567106
1.94196428571429,0.195387992966026,0.235918799492919,0.026851884557099,3.5849131245271
1.94206349206349,0.195372272266983,0.235902437814013,0.0268390458787773,3.58502673322138
1.9421626984127,0.195356552989281,0.235886076395524,0.0268262133326197,3.58514033175533
1.9422619047619,0.195340835132718,0.235869715237941,0.026813386915596,3.58525392013037
1.94236111111111,0.195325118697094,0.235853354341749,0.0268005666246774,3.5853674983479
1.94246031746032,0.195309403682207,0.235836993707435,0.0267877524568362,3.58548106640935
1.94255952380952,0.195293690087857,0.235820633335484,0.0267749444090462,3.58559462431613
1.94265873015873,0.195277977913843,0.235804273226382,0.0267621424782826,3.58570817206966
1.94275793650794,0.195262267159963,0.235787913380615,0.0267493466615219,3.58582170967136
1.94285714285714,0.195246557826017,0.235771553798668,0.0267365569557416,3.58593523712263
1.94295634920635,0.195230849911804,0.235755194481025,0.026723773357921,3.58604875442489
1.94305555555556,0.195215143417124,0.235738835428172,0.0267109958650405,3.58616226157955
1.94315476190476,0.195199438341776,0.235722476640593,0.0266982244740818,3.58627575858804
1.94325396825397,0.195183734685559,0.235706118118771,0.0266854591820279,3.58638924545176
1.94335317460317,0.195168032448272,0.235689759863191,0.0266726999858633,3.58650272217212
1.94345238095238,0.195152331629717,0.235673401874337,0.0266599468825738,3.58661618875055
1.94355158730159,0.195136632229691,0.235657044152691,0.0266471998691463,3.58672964518844
1.94365079365079,0.195120934247994,0.235640686698737,0.0266344589425691,3.58684309148721
1.94375,0.195105237684428,0.235624329512958,0.0266217240998322,3.58695652764828
1.94384920634921,0.19508954253879,0.235607972595837,0.0266089953379264,3.58706995367304
1.94394841269841,0.195073848810881,0.235591615947855,0.0265962726538441,3.58718336956293
1.94404761904762,0.195058156500502,0.235575259569494,0.0265835560445791,3.58729677531934
1.94414682539683,0.195042465607451,0.235558903461238,0.0265708455071263,3.58741017094368
1.94424603174603,0.19502677613153,0.235542547623566,0.0265581410384821,3.58752355643736
1.94434523809524,0.195011088072537,0.235526192056961,0.0265454426356441,3.5876369318018
1.94444444444444,0.194995401430274,0.235509836761904,0.0265327502956113,3.5877502970384
1.94454365079365,0.194979716204541,0.235493481738875,0.0265200640153841,3.58786365214857
1.94464285714286,0.194964032395137,0.235477126988354,0.0265073837919642,3.58797699713371
1.94474206349206,0.194948350001863,0.235460772510823,0.0264947096223544,3.58809033199524
1.94484126984127,0.19493266902452,0.235444418306761,0.0264820415035591,3.58820365673456
1.94494047619048,0.194916989462908,0.235428064376648,0.0264693794325839,3.58831697135308
1.94503968253968,0.194901311316828,0.235411710720964,0.0264567234064358,3.58843027585221
1.94513888888889,0.19488563458608,0.235395357340187,0.0264440734221231,3.58854357023335
1.9452380952381,0.194869959270464,0.235379004234796,0.0264314294766554,3.5886568544979
1.9453373015873,0.194854285369783,0.235362651405272,0.0264187915670436,3.58877012864727
1.94543650793651,0.194838612883835,0.235346298852091,0.0264061596902999,3.58888339268288
1.94553571428571,0.194822941812423,0.235329946575732,0.0263935338434381,3.58899664660611
1.94563492063492,0.194807272155346,0.235313594576673,0.026380914023473,3.58910989041838
1.94573412698413,0.194791603912407,0.235297242855393,0.0263683002274208,3.58922312412109
1.94583333333333,0.194775937083406,0.235280891412367,0.0263556924522991,3.58933634771563
1.94593253968254,0.194760271668144,0.235264540248074,0.0263430906951269,3.58944956120343
1.94603174603175,0.194744607666422,0.23524818936299,0.0263304949529243,3.58956276458587
1.94613095238095,0.194728945078041,0.235231838757592,0.026317905222713,3.58967595786437
1.94623015873016,0.194713283902803,0.235215488432357,0.0263053215015158,3.58978914104031
1.94632936507937,0.19469762414051,0.23519913838776,0.0262927437863568,3.58990231411511
1.94642857142857,0.194681965790961,0.235182788624278,0.0262801720742617,3.59001547709016
1.94652777777778,0.19466630885396,0.235166439142387,0.0262676063622573,3.59012862996687
1.94662698412698,0.194650653329306,0.23515008994256,0.0262550466473718,3.59024177274663
1.94672619047619,0.194634999216803,0.235133741025275,0.0262424929266348,3.59035490543085
1.9468253968254,0.194619346516251,0.235117392391005,0.0262299451970771,3.59046802802092
1.9469246031746,0.194603695227453,0.235101044040225,0.0262174034557307,3.59058114051825
1.94702380952381,0.194588045350209,0.23508469597341,0.0262048676996293,3.59069424292423
1.94712301587302,0.194572396884323,0.235068348191033,0.0261923379258077,3.59080733524026
1.94722222222222,0.194556749829594,0.235052000693569,0.0261798141313021,3.59092041746774
1.94732142857143,0.194541104185827,0.235035653481492,0.0261672963131498,3.59103348960807
1.94742063492064,0.194525459952822,0.235019306555273,0.0261547844683898,3.59114655166264
1.94751984126984,0.194509817130382,0.235002959915387,0.0261422785940621,3.59125960363285
1.94761904761905,0.194494175718308,0.234986613562307,0.0261297786872083,3.5913726455201
1.94771825396825,0.194478535716403,0.234970267496504,0.026117284744871,3.59148567732578
1.94781746031746,0.194462897124469,0.234953921718452,0.0261047967640944,3.59159869905129
1.94791666666667,0.194447259942309,0.234937576228622,0.0260923147419241,3.59171171069803
1.94801587301587,0.194431624169725,0.234921231027486,0.0260798386754067,3.59182471226739
1.94811507936508,0.194415989806518,0.234904886115515,0.0260673685615903,3.59193770376076
1.94821428571429,0.194400356852493,0.234888541493181,0.0260549043975244,3.59205068517954
1.94831349206349,0.19438472530745,0.234872197160956,0.0260424461802598,3.59216365652512
1.9484126984127,0.194369095171194,0.234855853119308,0.0260299939068484,3.5922766177989
1.9485119047619,0.194353466443526,0.23483950936871,0.0260175475743437,3.59238956900227
1.94861111111111,0.194337839124249,0.234823165909631,0.0260051071798005,3.59250251013662
1.94871031746032,0.194322213213165,0.234806822742542,0.0259926727202748,3.59261544120334
1.94880952380952,0.194306588710079,0.234790479867912,0.025980244192824,3.59272836220383
1.94890873015873,0.194290965614793,0.23477413728621,0.0259678215945067,3.59284127313948
1.94900793650794,0.194275343927109,0.234757794997906,0.0259554049223832,3.59295417401168
1.94910714285714,0.19425972364683,0.234741453003468,0.0259429941735147,3.59306706482181
1.94920634920635,0.194244104773761,0.234725111303367,0.0259305893449638,3.59317994557128
1.94930555555556,0.194228487307703,0.234708769898068,0.0259181904337947,3.59329281626147
1.94940476190476,0.194212871248461,0.234692428788043,0.0259057974370727,3.59340567689376
1.94950396825397,0.194197256595836,0.234676087973756,0.0258934103518645,3.59351852746956
1.94960317460317,0.194181643349634,0.234659747455678,0.0258810291752381,3.59363136799024
1.94970238095238,0.194166031509656,0.234643407234275,0.0258686539042628,3.5937441984572
1.94980158730159,0.194150421075707,0.234627067310014,0.0258562845360092,3.59385701887183
1.94990079365079,0.19413481204759,0.234610727683361,0.0258439210675494,3.59396982923551
1.95,0.194119204425109,0.234594388354785,0.0258315634959566,3.59408262954962
1.95009920634921,0.194103598208067,0.234578049324751,0.0258192118183056,3.59419541981557
1.95019841269841,0.194087993396268,0.234561710593725,0.0258068660316723,3.59430820003473
1.95029761904762,0.194072389989515,0.234545372162173,0.025794526133134,3.59442097020849
1.95039682539683,0.194056787987613,0.234529034030561,0.0257821921197691,3.59453373033823
1.95049603174603,0.194041187390366,0.234512696199354,0.0257698639886579,3.59464648042535
1.95059523809524,0.194025588197576,0.234496358669017,0.0257575417368815,3.59475922047122
1.95069444444444,0.194009990409049,0.234480021440015,0.0257452253615226,3.59487195047724
1.95079365079365,0.193994394024588,0.234463684512813,0.0257329148596649,3.59498467044478
1.95089285714286,0.193978799043998,0.234447347887875,0.0257206102283939,3.59509738037523
1.95099206349206,0.193963205467082,0.234431011565664,0.0257083114647961,3.59521008026997
1.95109126984127,0.193947613293645,0.234414675546646,0.0256960185659594,3.59532277013039
1.95119047619048,0.193932022523491,0.234398339831283,0.025683731528973,3.59543544995787
1.95128968253968,0.193916433156425,0.234382004420038,0.0256714503509276,3.59554811975379
1.95138888888889,0.19390084519225,0.234365669313375,0.025659175028915,3.59566077951954
1.9514880952381,0.193885258630772,0.234349334511757,0.0256469055600283,3.59577342925649
1.9515873015873,0.193869673471795,0.234333000015645,0.0256346419413623,3.59588606896603
1.95168650793651,0.193854089715124,0.234316665825503,0.0256223841700128,3.59599869864953
1.95178571428571,0.193838507360563,0.234300331941792,0.0256101322430769,3.59611131830839
1.95188492063492,0.193822926407916,0.234283998364974,0.0255978861576531,3.59622392794397
1.95198412698413,0.193807346856989,0.234267665095511,0.0255856459108414,3.59633652755766
1.95208333333333,0.193791768707587,0.234251332133863,0.0255734114997429,3.59644911715084
1.95218253968254,0.193776191959515,0.234234999480492,0.0255611829214602,3.59656169672489
1.95228174603175,0.193760616612576,0.234218667135858,0.025548960173097,3.59667426628119
1.95238095238095,0.193745042666578,0.234202335100422,0.0255367432517585,3.5967868258211
1.95248015873016,0.193729470121323,0.234186003374645,0.0255245321545513,3.59689937534602
1.95257936507937,0.193713898976619,0.234169671958985,0.0255123268785831,3.59701191485733
1.95267857142857,0.193698329232269,0.234153340853903,0.0255001274209631,3.59712444435638
1.95277777777778,0.193682760888079,0.234137010059858,0.0254879337788018,3.59723696384457
1.95287698412698,0.193667193943855,0.23412067957731,0.0254757459492109,3.59734947332327
1.95297619047619,0.193651628399402,0.234104349406717,0.0254635639293036,3.59746197279386
1.9530753968254,0.193636064254525,0.234088019548538,0.0254513877161944,3.59757446225771
1.9531746031746,0.19362050150903,0.234071690003231,0.025439217306999,3.5976869417162
1.95327380952381,0.193604940162722,0.234055360771254,0.0254270526988345,3.5977994111707
1.95337301587302,0.193589380215407,0.234039031853066,0.0254148938888193,3.59791187062258
1.95347222222222,0.193573821666892,0.234022703249124,0.0254027408740733,3.59802432007323
1.95357142857143,0.19355826451698,0.234006374959885,0.0253905936517175,3.59813675952401
1.95367063492063,0.193542708765479,0.233990046985807,0.0253784522188744,3.59824918897629
1.95376984126984,0.193527154412194,0.233973719327346,0.0253663165726676,3.59836160843146
1.95386904761905,0.193511601456931,0.233957391984959,0.0253541867102223,3.59847401789089
1.95396825396825,0.193496049899496,0.233941064959102,0.0253420626286648,3.59858641735593
1.95406746031746,0.193480499739696,0.233924738250232,0.0253299443251229,3.59869880682798
1.95416666666667,0.193464950977335,0.233908411858804,0.0253178317967256,3.59881118630839
1.95426587301587,0.193449403612222,0.233892085785274,0.0253057250406033,3.59892355579855
1.95436507936508,0.19343385764416,0.233875760030096,0.0252936240538878,3.59903591529982
1.95446428571429,0.193418313072958,0.233859434593727,0.0252815288337119,3.59914826481356
1.95456349206349,0.193402769898422,0.233843109476621,0.0252694393772102,3.59926060434116
1.9546626984127,0.193387228120357,0.233826784679232,0.0252573556815183,3.59937293388398
1.9547619047619,0.19337168773857,0.233810460202015,0.0252452777437732,3.59948525344339
1.95486111111111,0.193356148752868,0.233794136045424,0.0252332055611132,3.59959756302076
1.95496031746032,0.193340611163057,0.233777812209912,0.025221139130678,3.59970986261746
1.95505952380952,0.193325074968945,0.233761488695934,0.0252090784496087,3.59982215223485
1.95515873015873,0.193309540170337,0.233745165503942,0.0251970235150475,3.5999344318743
1.95525793650794,0.193294006767041,0.233728842634389,0.0251849743241381,3.60004670153719
1.95535714285714,0.193278474758864,0.233712520087728,0.0251729308740254,3.60015896122487
1.95545634920635,0.193262944145612,0.233696197864412,0.0251608931618558,3.60027121093871
1.95555555555556,0.193247414927092,0.233679875964893,0.0251488611847769,3.60038345068009
1.95565476190476,0.193231887103111,0.233663554389622,0.0251368349399377,3.60049568045036
1.95575396825397,0.193216360673477,0.233647233139052,0.0251248144244884,3.6006079002509
1.95585317460317,0.193200835637997,0.233630912213634,0.0251127996355807,3.60072011008306
1.95595238095238,0.193185311996477,0.233614591613819,0.0251007905703674,3.60083230994821
1.95605158730159,0.193169789748725,0.233598271340058,0.025088787226003,3.60094449984772
1.95615079365079,0.193154268894549,0.233581951392801,0.0250767895996429,3.60105667978294
1.95625,0.193138749433755,0.2335656317725,0.0250647976884441,3.60116884975525
1.95634920634921,0.193123231366152,0.233549312479604,0.0250528114895647,3.60128100976601
1.95644841269841,0.193107714691547,0.233532993514564,0.0250408310001646,3.60139315981657
1.95654761904762,0.193092199409747,0.233516674877828,0.0250288562174044,3.60150529990831
1.95664682539683,0.19307668552056,0.233500356569847,0.0250168871384465,3.60161743004258
1.95674603174603,0.193061173023793,0.233484038591069,0.0250049237604543,3.60172955022074
1.95684523809524,0.193045661919255,0.233467720941943,0.0249929660805928,3.60184166044416
1.95694444444444,0.193030152206754,0.233451403622918,0.0249810140960283,3.6019537607142
1.95704365079365,0.193014643886096,0.233435086634443,0.0249690678039281,3.60206585103221
1.95714285714286,0.19299913695709,0.233418769976965,0.0249571272014612,3.60217793139956
1.95724206349206,0.192983631419545,0.233402453650932,0.0249451922857979,3.60229000181761
1.95734126984127,0.192968127273268,0.233386137656792,0.0249332630541095,3.60240206228771
1.95744047619048,0.192952624518069,0.233369821994947,0.0249213395038193,3.60251411281118
1.95753968253968,0.192937123153879,0.233353506663259,0.0249094216461583,3.60262615338623
1.95763888888889,0.192921623180577,0.233337191660671,0.0248975094864972,3.6027381840124
1.9577380952381,0.192906124597968,0.233320876987605,0.0248856030221349,3.602850204691
1.9578373015873,0.19289062740586,0.233304562644486,0.0248737022503713,3.60296221542338
1.95793650793651,0.192875131604059,0.233288248631737,0.0248618071685077,3.60307421621085
1.95803571428571,0.192859637192371,0.233271934949782,0.0248499177738461,3.60318620705474
1.95813492063492,0.192844144170604,0.233255621599042,0.0248380340636899,3.60329818795637
1.95823412698413,0.192828652538564,0.233239308579941,0.0248261560353436,3.60341015891708
1.95833333333333,0.192813162296058,0.233222995892902,0.0248142836861128,3.60352211993819
1.95843253968254,0.192797673442894,0.233206683538346,0.024802417013304,3.60363407102102
1.95853174603175,0.192782185978878,0.233190371516697,0.0247905560142251,3.60374601216689
1.95863095238095,0.192766699903818,0.233174059828375,0.024778700686185,3.60385794337714
1.95873015873016,0.19275121521752,0.233157748473803,0.0247668510264937,3.60396986465308
1.95882936507936,0.192735731919792,0.233141437453402,0.0247550070324622,3.60408177599603
1.95892857142857,0.192720250010442,0.233125126767593,0.0247431687014029,3.60419367740733
1.95902777777778,0.192704769489275,0.233108816416798,0.024731336030629,3.6043055688883
1.95912698412698,0.192689290356101,0.233092506401437,0.0247195090174551,3.60441745044025
1.95922619047619,0.192673812610726,0.233076196721931,0.0247076876591966,3.60452932206451
1.9593253968254,0.192658336252958,0.2330598873787,0.0246958719531703,3.6046411837624
1.9594246031746,0.192642861282604,0.233043578372164,0.0246840618966939,3.60475303553524
1.95952380952381,0.192627387699473,0.233027269702745,0.0246722574870864,3.60486487738436
1.95962301587302,0.192611915503371,0.23301096137086,0.0246604587216678,3.60497670931108
1.95972222222222,0.192596444694107,0.23299465337693,0.0246486655977591,3.60508853131671
1.95982142857143,0.192580975271488,0.232978345721374,0.0246368781126827,3.60520034340258
1.95992063492063,0.192565507235323,0.232962038404611,0.0246250962637619,3.60531214557
1.96001984126984,0.192550040585419,0.232945731427061,0.0246133200483211,3.60542393782031
1.96011904761905,0.192534575321584,0.232929424789141,0.024601549463686,3.6055357201548
1.96021825396825,0.192519111443626,0.232913118491271,0.0245897845071833,3.60564749257482
1.96031746031746,0.192503648951354,0.232896812533868,0.0245780251761406,3.60575925508167
1.96041666666667,0.192488187844576,0.232880506917351,0.0245662714678869,3.60587100767667
1.96051587301587,0.1924727281231,0.232864201642138,0.0245545233797524,3.60598275036115
1.96061507936508,0.192457269786733,0.232847896708645,0.024542780909068,3.60609448313641
1.96071428571429,0.192441812835286,0.232831592117291,0.0245310440531661,3.60620620600378
1.96081349206349,0.192426357268565,0.232815287868493,0.02451931280938,3.60631791896458
1.9609126984127,0.19241090308638,0.232798983962667,0.0245075871750443,3.60642962202012
1.9610119047619,0.192395450288539,0.232782680400231,0.0244958671474944,3.60654131517171
1.96111111111111,0.192379998874851,0.2327663771816,0.024484152724067,3.60665299842069
1.96121031746032,0.192364548845124,0.232750074307192,0.0244724439021001,3.60676467176835
1.96130952380952,0.192349100199167,0.232733771777422,0.0244607406789325,3.60687633521602
1.96140873015873,0.192333652936789,0.232717469592707,0.0244490430519043,3.60698798876501
1.96150793650794,0.192318207057799,0.232701167753461,0.0244373510183565,3.60709963241664
1.96160714285714,0.192302762562005,0.232684866260101,0.0244256645756315,3.60721126617222
1.96170634920635,0.192287319449218,0.232668565113041,0.0244139837210727,3.60732289003307
1.96180555555556,0.192271877719244,0.232652264312697,0.0244023084520245,3.6074345040005
1.96190476190476,0.192256437371895,0.232635963859484,0.0243906387658325,3.60754610807582
1.96200396825397,0.192240998406978,0.232619663753816,0.0243789746598435,3.60765770226036
1.96210317460317,0.192225560824303,0.232603363996107,0.0243673161314052,3.60776928655541
1.96220238095238,0.19221012462368,0.232587064586772,0.0243556631778667,3.6078808609623
1.96230158730159,0.192194689804918,0.232570765526225,0.0243440157965778,3.60799242548234
1.96240079365079,0.192179256367826,0.232554466814879,0.0243323739848899,3.60810398011684
1.9625,0.192163824312213,0.232538168453148,0.0243207377401552,3.60821552486711
1.96259920634921,0.192148393637889,0.232521870441445,0.024309107059727,3.60832705973447
1.96269841269841,0.192132964344664,0.232505572780184,0.0242974819409598,3.60843858472022
1.96279761904762,0.192117536432347,0.232489275469777,0.0242858623812094,3.60855009982568
1.96289682539683,0.192102109900749,0.232472978510637,0.0242742483778324,3.60866160505215
1.96299603174603,0.192086684749678,0.232456681903176,0.0242626399281865,3.60877310040096
1.96309523809524,0.192071260978944,0.232440385647806,0.0242510370296309,3.6088845858734
1.96319444444444,0.192055838588358,0.232424089744941,0.0242394396795254,3.60899606147079
1.96329365079365,0.19204041757773,0.232407794194991,0.0242278478752314,3.60910752719444
1.96339285714286,0.192024997946868,0.232391498998367,0.0242162616141111,3.60921898304565
1.96349206349206,0.192009579695585,0.232375204155483,0.0242046808935278,3.60933042902575
1.96359126984127,0.191994162823688,0.232358909666748,0.0241931057108462,3.60944186513602
1.96369047619048,0.19197874733099,0.232342615532573,0.0241815360634317,3.60955329137779
1.96378968253968,0.191963333217299,0.23232632175337,0.0241699719486512,3.60966470775236
1.96388888888889,0.191947920482427,0.232310028329548,0.0241584133638724,3.60977611426104
1.9639880952381,0.191932509126183,0.232293735261519,0.0241468603064645,3.60988751090513
1.9640873015873,0.191917099148379,0.232277442549692,0.0241353127737973,3.60999889768595
1.96418650793651,0.191901690548823,0.232261150194476,0.0241237707632421,3.6101102746048
1.96428571428571,0.191886283327328,0.232244858196283,0.0241122342721712,3.61022164166298
1.96438492063492,0.191870877483704,0.232228566555521,0.024100703297958,3.61033299886181
1.96448412698413,0.191855473017761,0.232212275272599,0.024089177837977,3.61044434620259
1.96458333333333,0.191840069929309,0.232195984347926,0.0240776578896039,3.61055568368662
1.96468253968254,0.191824668218161,0.232179693781912,0.0240661434502153,3.61066701131521
1.96478174603175,0.191809267884126,0.232163403574965,0.0240546345171892,3.61077832908966
1.96488095238095,0.191793868927016,0.232147113727493,0.0240431310879045,3.61088963701128
1.96498015873016,0.191778471346641,0.232130824239904,0.0240316331597413,3.61100093508138
1.96507936507936,0.191763075142813,0.232114535112606,0.0240201407300808,3.61111222330125
1.96517857142857,0.191747680315343,0.232098246346007,0.0240086537963052,3.61122350167221
1.96527777777778,0.191732286864041,0.232081957940515,0.0239971723557981,3.61133477019555
1.96537698412698,0.191716894788719,0.232065669896537,0.0239856964059439,3.61144602887257
1.96547619047619,0.191701504089188,0.23204938221448,0.0239742259441283,3.61155727770459
1.9655753968254,0.19168611476526,0.23203309489475,0.023962760967738,3.6116685166929
1.9656746031746,0.191670726816746,0.232016807937755,0.0239513014741609,3.6117797458388
1.96577380952381,0.191655340243457,0.2320005213439,0.023939847460786,3.6118909651436
1.96587301587302,0.191639955045205,0.231984235113593,0.0239283989250033,3.61200217460859
1.96597222222222,0.191624571221801,0.231967949247238,0.0239169558642041,3.61211337423509
1.96607142857143,0.191609188773058,0.231951663745243,0.0239055182757807,3.61222456402439
1.96617063492063,0.191593807698786,0.231935378608012,0.0238940861571266,3.61233574397778
1.96626984126984,0.191578427998797,0.23191909383595,0.0238826595056361,3.61244691409658
1.96636904761905,0.191563049672904,0.231902809429464,0.0238712383187051,3.61255807438208
1.96646825396825,0.191547672720918,0.231886525388957,0.0238598225937302,3.61266922483558
1.96656746031746,0.191532297142651,0.231870241714836,0.0238484123281094,3.61278036545838
1.96666666666667,0.191516922937915,0.231853958407503,0.0238370075192417,3.61289149625177
1.96676587301587,0.191501550106522,0.231837675467363,0.023825608164527,3.61300261721707
1.96686507936508,0.191486178648284,0.231821392894821,0.0238142142613667,3.61311372835556
1.96696428571429,0.191470808563014,0.23180511069028,0.0238028258071631,3.61322482966854
1.96706349206349,0.191455439850523,0.231788828854144,0.0237914427993197,3.61333592115732
1.9671626984127,0.191440072510624,0.231772547386817,0.0237800652352408,3.61344700282318
1.9672619047619,0.191424706543129,0.231756266288701,0.0237686931123323,3.61355807466744
1.96736111111111,0.191409341947851,0.231739985560199,0.023757326428001,3.61366913669137
1.96746031746032,0.191393978724602,0.231723705201715,0.0237459651796545,3.61378018889628
1.96755952380952,0.191378616873194,0.231707425213651,0.0237346093647021,3.61389123128347
1.96765873015873,0.191363256393441,0.231691145596409,0.0237232589805539,3.61400226385424
1.96775793650794,0.191347897285154,0.231674866350392,0.0237119140246209,3.61411328660986
1.96785714285714,0.191332539548147,0.231658587476,0.0237005744943156,3.61422429955166
1.96795634920635,0.191317183182232,0.231642308973637,0.0236892403870514,3.61433530268091
1.96805555555556,0.191301828187222,0.231626030843703,0.0236779117002429,3.61444629599891
1.96815476190476,0.191286474562931,0.2316097530866,0.0236665884313058,3.61455727950695
1.96825396825397,0.19127112230917,0.231593475702729,0.0236552705776568,3.61466825320634
1.96835317460317,0.191255771425753,0.23157719869249,0.0236439581367138,3.61477921709837
1.96845238095238,0.191240421912493,0.231560922056285,0.0236326511058959,3.61489017118432
1.96855158730159,0.191225073769204,0.231544645794514,0.0236213494826232,3.61500111546549
1.96865079365079,0.191209726995697,0.231528369907576,0.0236100532643168,3.61511204994317
1.96875,0.191194381591788,0.231512094395872,0.0235987624483992,3.61522297461866
1.96884920634921,0.191179037557288,0.231495819259802,0.0235874770322939,3.61533388949325
1.96894841269841,0.191163694892011,0.231479544499765,0.0235761970134252,3.61544479456823
1.96904761904762,0.191148353595771,0.231463270116161,0.0235649223892191,3.61555568984489
1.96914682539683,0.191133013668381,0.231446996109389,0.0235536531571023,3.61566657532453
1.96924603174603,0.191117675109655,0.231430722479847,0.0235423893145026,3.61577745100842
1.96934523809524,0.191102337919407,0.231414449227934,0.0235311308588491,3.61588831689788
1.96944444444444,0.191087002097449,0.231398176354049,0.023519877787572,3.61599917299417
1.96954365079365,0.191071667643596,0.23138190385859,0.0235086300981025,3.6161100192986
1.96964285714286,0.191056334557662,0.231365631741955,0.0234973877878728,3.61622085581246
1.96974206349206,0.191041002839459,0.231349360004542,0.0234861508543166,3.61633168253703
1.96984126984127,0.191025672488804,0.231333088646749,0.0234749192948684,3.6164424994736
1.96994047619048,0.191010343505508,0.231316817668973,0.0234636931069639,3.61655330662347
1.97003968253968,0.190995015889387,0.23130054707161,0.0234524722880398,3.61666410398791
1.97013888888889,0.190979689640254,0.231284276855059,0.0234412568355342,3.61677489156822
1.9702380952381,0.190964364757923,0.231268007019716,0.023430046746886,3.61688566936569
1.9703373015873,0.19094904124221,0.231251737565977,0.0234188420195354,3.6169964373816
1.97043650793651,0.190933719092927,0.231235468494239,0.0234076426509237,3.61710719561724
1.97053571428571,0.190918398309889,0.231219199804897,0.0233964486384932,3.6172179440739
1.97063492063492,0.190903078892912,0.231202931498349,0.0233852599796873,3.61732868275287
1.97073412698413,0.190887760841808,0.231186663574988,0.0233740766719508,3.61743941165542
1.97083333333333,0.190872444156394,0.231170396035212,0.0233628987127293,3.61755013078285
1.97093253968254,0.190857128836482,0.231154128879415,0.0233517260994696,3.61766084013644
1.97103174603175,0.190841814881888,0.231137862107992,0.0233405588296196,3.61777153971748
1.97113095238095,0.190826502292427,0.231121595721338,0.0233293969006284,3.61788222952725
1.97123015873016,0.190811191067913,0.231105329719848,0.0233182403099462,3.61799290956704
1.97132936507937,0.190795881208162,0.231089064103915,0.0233070890550242,3.61810357983813
1.97142857142857,0.190780572712987,0.231072798873935,0.0232959431333148,3.61821424034181
1.97152777777778,0.190765265582205,0.231056534030301,0.0232848025422714,3.61832489107935
1.97162698412698,0.190749959815629,0.231040269573407,0.0232736672793488,3.61843553205205
1.97172619047619,0.190734655413075,0.231024005503646,0.0232625373420025,3.61854616326118
1.9718253968254,0.190719352374359,0.231007741821412,0.0232514127276896,3.61865678470803
1.9719246031746,0.190704050699294,0.230991478527098,0.0232402934338677,3.61876739639388
1.97202380952381,0.190688750387698,0.230975215621097,0.0232291794579961,3.61887799832002
1.97212301587302,0.190673451439384,0.230958953103801,0.0232180707975349,3.61898859048772
1.97222222222222,0.190658153854168,0.230942690975603,0.0232069674499454,3.61909917289827
1.97232142857143,0.190642857631866,0.230926429236895,0.02319586941269,3.61920974555294
1.97242063492064,0.190627562772292,0.230910167888069,0.0231847766832321,3.61932030845303
1.97251984126984,0.190612269275264,0.230893906929518,0.0231736892590364,3.6194308615998
1.97261904761905,0.190596977140595,0.230877646361631,0.0231626071375687,3.61954140499454
1.97271825396825,0.190581686368103,0.230861386184802,0.0231515303162956,3.61965193863854
1.97281746031746,0.190566396957602,0.230845126399421,0.0231404587926853,3.61976246253306
1.97291666666667,0.190551108908908,0.230828867005879,0.0231293925642067,3.61987297667939
1.97301587301587,0.190535822221838,0.230812608004566,0.0231183316283302,3.61998348107881
1.97311507936508,0.190520536896206,0.230796349395874,0.0231072759825268,3.6200939757326
1.97321428571429,0.19050525293183,0.230780091180193,0.023096225624269,3.62020446064204
1.97331349206349,0.190489970328525,0.230763833357912,0.0230851805510305,3.62031493580839
1.9734126984127,0.190474689086106,0.230747575929422,0.0230741407602856,3.62042540123295
1.9735119047619,0.190459409204392,0.230731318895112,0.0230631062495103,3.62053585691699
1.97361111111111,0.190444130683196,0.230715062255372,0.0230520770161814,3.62064630286179
1.97371031746032,0.190428853522336,0.230698806010591,0.0230410530577769,3.62075673906861
1.97380952380952,0.190413577721629,0.230682550161158,0.0230300343717756,3.62086716553875
1.97390873015873,0.190398303280889,0.230666294707461,0.023019020955658,3.62097758227348
1.97400793650794,0.190383030199935,0.23065003964989,0.0230080128069053,3.62108798927406
1.97410714285714,0.190367758478582,0.230633784988833,0.0229970099229999,3.62119838654178
1.97420634920635,0.190352488116646,0.230617530724677,0.0229860123014253,3.62130877407792
1.97430555555556,0.190337219113946,0.230601276857812,0.0229750199396662,3.62141915188375
1.97440476190476,0.190321951470296,0.230585023388624,0.0229640328352084,3.62152951996053
1.97450396825397,0.190306685185514,0.230568770317501,0.0229530509855385,3.62163987830956
1.97460317460317,0.190291420259418,0.23055251764483,0.0229420743881447,3.6217502269321
1.97470238095238,0.190276156691822,0.230536265370999,0.0229311030405161,3.62186056582942
1.97480158730159,0.190260894482546,0.230520013496394,0.0229201369401428,3.6219708950028
1.97490079365079,0.190245633631404,0.230503762021402,0.0229091760845161,3.62208121445351
1.975,0.190230374138216,0.230487510946409,0.0228982204711285,3.62219152418283
1.97509920634921,0.190215116002797,0.230471260271802,0.0228872700974736,3.62230182419203
1.97519841269841,0.190199859224964,0.230455009997967,0.0228763249610458,3.62241211448237
1.97529761904762,0.190184603804536,0.230438760125289,0.0228653850593411,3.62252239505514
1.97539682539683,0.190169349741329,0.230422510654154,0.0228544503898562,3.6226326659116
1.97549603174603,0.190154097035161,0.230406261584947,0.0228435209500892,3.62274292705302
1.97559523809524,0.190138845685849,0.230390012918054,0.0228325967375392,3.62285317848068
1.97569444444444,0.19012359569321,0.23037376465386,0.0228216777497064,3.62296342019585
1.97579365079365,0.190108347057062,0.230357516792748,0.022810763984092,3.62307365219979
1.97589285714286,0.190093099777223,0.230341269335104,0.0227998554381986,3.62318387449378
1.97599206349206,0.190077853853511,0.230325022281313,0.0227889521095296,3.62329408707909
1.97609126984127,0.190062609285742,0.230308775631757,0.0227780539955898,3.62340428995698
1.97619047619048,0.190047366073735,0.230292529386821,0.0227671610938848,3.62351448312873
1.97628968253968,0.190032124217307,0.230276283546888,0.0227562734019217,3.6236246665956
1.97638888888889,0.190016883716277,0.230260038112343,0.0227453909172083,3.62373484035887
1.9764880952381,0.190001644570462,0.230243793083567,0.0227345136372539,3.62384500441979
1.9765873015873,0.189986406779681,0.230227548460945,0.0227236415595685,3.62395515877965
1.97668650793651,0.189971170343751,0.230211304244859,0.0227127746816636,3.62406530343969
1.97678571428571,0.18995593526249,0.230195060435691,0.0227019130010515,3.62417543840121
1.97688492063492,0.189940701535717,0.230178817033824,0.0226910565152459,3.62428556366545
1.97698412698413,0.189925469163251,0.23016257403964,0.0226802052217614,3.62439567923369
1.97708333333333,0.189910238144908,0.230146331453521,0.0226693591181138,3.62450578510719
1.97718253968254,0.189895008480509,0.230130089275849,0.0226585182018199,3.62461588128723
1.97728174603175,0.18987978016987,0.230113847507004,0.0226476824703979,3.62472596777506
1.97738095238095,0.189864553212811,0.230097606147369,0.0226368519213668,3.62483604457194
1.97748015873016,0.18984932760915,0.230081365197325,0.0226260265522468,3.62494611167916
1.97757936507937,0.189834103358706,0.230065124657252,0.0226152063605593,3.62505616909796
1.97767857142857,0.189818880461297,0.23004888452753,0.0226043913438267,3.62516621682962
1.97777777777778,0.189803658916742,0.230032644808541,0.0225935814995727,3.6252762548754
1.97787698412698,0.18978843872486,0.230016405500665,0.0225827768253217,3.62538628323657
1.97797619047619,0.18977321988547,0.230000166604281,0.0225719773185998,3.62549630191437
1.9780753968254,0.189758002398391,0.22998392811977,0.0225611829769338,3.62560631091009
1.9781746031746,0.189742786263441,0.22996769004751,0.0225503937978517,3.62571631022498
1.97827380952381,0.18972757148044,0.229951452387881,0.0225396097788826,3.62582629986031
1.97837301587302,0.189712358049206,0.229935215141263,0.0225288309175567,3.62593627981733
1.97847222222222,0.18969714596956,0.229918978308034,0.0225180572114055,3.62604625009731
1.97857142857143,0.189681935241319,0.229902741888573,0.0225072886579614,3.62615621070152
1.97867063492064,0.189666725864304,0.229886505883258,0.0224965252547579,3.6262661616312
1.97876984126984,0.189651517838334,0.229870270292468,0.0224857669993298,3.62637610288763
1.97886904761905,0.189636311163228,0.229854035116581,0.0224750138892128,3.62648603447207
1.97896825396825,0.189621105838805,0.229837800355974,0.022464265921944,3.62659595638577
1.97906746031746,0.189605901864885,0.229821566011026,0.0224535230950611,3.62670586862999
1.97916666666667,0.189590699241288,0.229805332082113,0.0224427854061036,3.626815771206
1.97926587301587,0.189575497967833,0.229789098569613,0.0224320528526116,3.62692566411505
1.97936507936508,0.18956029804434,0.229772865473902,0.0224213254321263,3.62703554735841
1.97946428571429,0.189545099470628,0.229756632795358,0.0224106031421905,3.62714542093733
1.97956349206349,0.189529902246519,0.229740400534357,0.0223998859803475,3.62725528485307
1.9796626984127,0.18951470637183,0.229724168691276,0.0223891739441422,3.62736513910688
1.9797619047619,0.189499511846383,0.22970793726649,0.0223784670311203,3.62747498370004
1.97986111111111,0.189484318669997,0.229691706260375,0.0223677652388288,3.62758481863379
1.97996031746032,0.189469126842492,0.229675475673308,0.0223570685648157,3.62769464390939
1.98005952380952,0.189453936363689,0.229659245505663,0.0223463770066301,3.6278044595281
1.98015873015873,0.189438747233407,0.229643015757816,0.0223356905618224,3.62791426549118
1.98025793650794,0.189423559451467,0.229626786430142,0.0223250092279438,3.62802406179988
1.98035714285714,0.18940837301769,0.229610557523015,0.0223143330025469,3.62813384845545
1.98045634920635,0.189393187931894,0.229594329036811,0.0223036618831853,3.62824362545916
1.98055555555556,0.189378004193902,0.229578100971904,0.0222929958674136,3.62835339281226
1.98065476190476,0.189362821803533,0.229561873328667,0.0222823349527878,3.62846315051601
1.98075396825397,0.189347640760608,0.229545646107475,0.0222716791368648,3.62857289857165
1.98085317460317,0.189332461064947,0.229529419308702,0.0222610284172025,3.62868263698045
1.98095238095238,0.189317282716372,0.229513192932721,0.0222503827913602,3.62879236574365
1.98105158730159,0.189302105714702,0.229496966979905,0.0222397422568981,3.62890208486252
1.98115079365079,0.189286930059759,0.229480741450628,0.0222291068113776,3.6290117943383
1.98125,0.189271755751364,0.229464516345262,0.0222184764523613,3.62912149417225
1.98134920634921,0.189256582789337,0.229448291664181,0.0222078511774127,3.62923118436563
1.98144841269841,0.189241411173499,0.229432067407756,0.0221972309840965,3.62934086491967
1.98154761904762,0.189226240903671,0.229415843576359,0.0221866158699786,3.62945053583565
1.98164682539683,0.189211071979675,0.229399620170364,0.0221760058326259,3.6295601971148
1.98174603174603,0.189195904401331,0.229383397190141,0.0221654008696066,3.62966984875838
1.98184523809524,0.189180738168461,0.229367174636063,0.0221548009784897,3.62977949076765
1.98194444444444,0.189165573280886,0.2293509525085,0.0221442061568455,3.62988912314384
1.98204365079365,0.189150409738428,0.229334730807824,0.0221336164022455,3.62999874588823
1.98214285714286,0.189135247540907,0.229318509534406,0.0221230317122621,3.63010835900204
1.98224206349206,0.189120086688145,0.229302288688616,0.0221124520844691,3.63021796248654
1.98234126984127,0.189104927179963,0.229286068270826,0.0221018775164409,3.63032755634298
1.98244047619048,0.189089769016184,0.229269848281405,0.0220913080057537,3.63043714057259
1.98253968253968,0.189074612196629,0.229253628720723,0.0220807435499843,3.63054671517665
1.98263888888889,0.189059456721119,0.22923740958915,0.0220701841467108,3.63065628015638
1.9827380952381,0.189044302589476,0.229221190887057,0.0220596297935123,3.63076583551304
1.9828373015873,0.189029149801522,0.229204972614812,0.0220490804879692,3.63087538124788
1.98293650793651,0.189013998357079,0.229188754772784,0.0220385362276628,3.63098491736215
1.98303571428571,0.188998848255969,0.229172537361343,0.0220279970101758,3.6310944438571
1.98313492063492,0.188983699498014,0.229156320380858,0.0220174628330916,3.63120396073396
1.98323412698413,0.188968552083035,0.229140103831697,0.0220069336939951,3.631313467994
1.98333333333333,0.188953406010855,0.229123887714228,0.0219964095904722,3.63142296563844
1.98343253968254,0.188938261281296,0.22910767202882,0.0219858905201097,3.63153245366856
1.98353174603175,0.188923117894181,0.229091456775841,0.0219753764804958,3.63164193208558
1.98363095238095,0.188907975849331,0.229075241955658,0.0219648674692196,3.63175140089075
1.98373015873016,0.188892835146568,0.229059027568638,0.0219543634838716,3.63186086008532
1.98382936507937,0.188877695785716,0.22904281361515,0.0219438645220429,3.63197030967054
1.98392857142857,0.188862557766597,0.22902660009556,0.0219333705813264,3.63207974964765
1.98402777777778,0.188847421089033,0.229010387010235,0.0219228816593154,3.63218918001789
1.98412698412698,0.188832285752847,0.228994174359541,0.0219123977536049,3.63229860078251
1.98422619047619,0.188817151757861,0.228977962143846,0.0219019188617907,3.63240801194275
1.9843253968254,0.188802019103898,0.228961750363515,0.0218914449814697,3.63251741349986
1.9844246031746,0.188786887790782,0.228945539018915,0.0218809761102401,3.63262680545508
1.98452380952381,0.188771757818333,0.228929328110411,0.0218705122457011,3.63273618780964
1.98462301587302,0.188756629186377,0.228913117638368,0.0218600533854528,3.63284556056481
1.98472222222222,0.188741501894735,0.228896907603153,0.021849599527097,3.63295492372181
1.98482142857143,0.188726375943231,0.22888069800513,0.0218391506682359,3.63306427728189
1.98492063492063,0.188711251331687,0.228864488844664,0.0218287068064734,3.63317362124629
1.98501984126984,0.188696128059927,0.22884828012212,0.0218182679394141,3.63328295561626
1.98511904761905,0.188681006127774,0.228832071837863,0.0218078340646639,3.63339228039302
1.98521825396825,0.188665885535051,0.228815863992256,0.0217974051798299,3.63350159557784
1.98531746031746,0.188650766281582,0.228799656585664,0.0217869812825201,3.63361090117193
1.98541666666667,0.188635648367189,0.22878344961845,0.0217765623703437,3.63372019717656
1.98551587301587,0.188620531791697,0.228767243090979,0.0217661484409112,3.63382948359294
1.98561507936508,0.188605416554928,0.228751037003614,0.0217557394918338,3.63393876042234
1.98571428571429,0.188590302656707,0.228734831356718,0.0217453355207242,3.63404802766597
1.98581349206349,0.188575190096856,0.228718626150653,0.0217349365251961,3.63415728532509
1.9859126984127,0.1885600788752,0.228702421385784,0.0217245425028641,3.63426653340093
1.9860119047619,0.188544968991562,0.228686217062471,0.0217141534513443,3.63437577189473
1.98611111111111,0.188529860445767,0.228670013181078,0.0217037693682535,3.63448500080773
1.98621031746032,0.188514753237637,0.228653809741967,0.0216933902512099,3.63459422014117
1.98630952380952,0.188499647366997,0.2286376067455,0.0216830160978328,3.63470342989628
1.98640873015873,0.18848454283367,0.228621404192038,0.0216726469057424,3.63481263007429
1.98650793650794,0.188469439637482,0.228605202081943,0.0216622826725603,3.63492182067646
1.98660714285714,0.188454337778255,0.228589000415576,0.021651923395909,3.63503100170401
1.98670634920635,0.188439237255814,0.228572799193299,0.0216415690734121,3.63514017315817
1.98680555555556,0.188424138069984,0.228556598415471,0.0216312197026944,3.6352493350402
1.98690476190476,0.188409040220588,0.228540398082454,0.0216208752813819,3.63535848735131
1.98700396825397,0.188393943707451,0.228524198194609,0.0216105358071016,3.63546763009275
1.98710317460317,0.188378848530397,0.228507998752295,0.0216002012774816,3.63557676326575
1.98720238095238,0.18836375468925,0.228491799755872,0.021589871690151,3.63568588687155
1.98730158730159,0.188348662183836,0.2284756012057,0.0215795470427403,3.63579500091138
1.98740079365079,0.188333571013978,0.228459403102139,0.021569227332881,3.63590410538647
1.9875,0.188318481179502,0.228443205445548,0.0215589125582056,3.63601320029806
1.98759920634921,0.188303392680232,0.228427008236286,0.0215486027163477,3.63612228564737
1.98769841269841,0.188288305515992,0.228410811474712,0.0215382978049423,3.63623136143566
1.98779761904762,0.188273219686608,0.228394615161185,0.0215279978216251,3.63634042766414
1.98789682539683,0.188258135191905,0.228378419296063,0.0215177027640333,3.63644948433405
1.98799603174603,0.188243052031707,0.228362223879705,0.0215074126298048,3.63655853144662
1.98809523809524,0.188227970205839,0.228346028912468,0.0214971274165791,3.63666756900308
1.98819444444444,0.188212889714126,0.22832983439471,0.0214868471219965,3.63677659700467
1.98829365079365,0.188197810556394,0.22831364032679,0.0214765717436984,3.63688561545262
1.98839285714286,0.188182732732468,0.228297446709064,0.0214663012793274,3.63699462434815
1.98849206349206,0.188167656242173,0.22828125354189,0.0214560357265272,3.6371036236925
1.98859126984127,0.188152581085334,0.228265060825624,0.0214457750829427,3.63721261348689
1.98869047619048,0.188137507261776,0.228248868560624,0.0214355193462196,3.63732159373257
1.98878968253968,0.188122434771325,0.228232676747245,0.0214252685140052,3.63743056443075
1.98888888888889,0.188107363613807,0.228216485385845,0.0214150225839475,3.63753952558266
1.9889880952381,0.188092293789047,0.228200294476779,0.0214047815536957,3.63764847718955
1.9890873015873,0.18807722529687,0.228184104020403,0.0213945454209003,3.63775741925262
1.98918650793651,0.188062158137102,0.228167914017074,0.0213843141832127,3.63786635177312
1.98928571428571,0.188047092309569,0.228151724467145,0.0213740878382856,3.63797527475227
1.98938492063492,0.188032027814097,0.228135535370974,0.0213638663837726,3.6380841881913
1.98948412698413,0.188016964650512,0.228119346728914,0.0213536498173285,3.63819309209143
1.98958333333333,0.188001902818638,0.228103158541321,0.0213434381366093,3.6383019864539
1.98968253968254,0.187986842318303,0.228086970808549,0.0213332313392721,3.63841087127992
1.98978174603175,0.187971783149333,0.228070783530952,0.0213230294229749,3.63851974657073
1.98988095238095,0.187956725311553,0.228054596708885,0.021312832385377,3.63862861232756
1.98998015873016,0.187941668804789,0.228038410342702,0.021302640224139,3.63873746855162
1.99007936507936,0.187926613628868,0.228022224432756,0.0212924529369221,3.63884631524415
1.99017857142857,0.187911559783616,0.228006038979402,0.021282270521389,3.63895515240636
1.99027777777778,0.18789650726886,0.227989853982991,0.0212720929752036,3.63906398003949
1.99037698412698,0.187881456084425,0.227973669443879,0.0212619202960305,3.63917279814476
1.99047619047619,0.187866406230138,0.227957485362416,0.0212517524815357,3.63928160672339
1.9905753968254,0.187851357705826,0.227941301738956,0.0212415895293863,3.63939040577661
1.9906746031746,0.187836310511315,0.227925118573852,0.0212314314372504,3.63949919530564
1.99077380952381,0.187821264646431,0.227908935867456,0.0212212782027974,3.6396079753117
1.99087301587302,0.187806220111002,0.227892753620119,0.0212111298236976,3.63971674579602
1.99097222222222,0.187791176904855,0.227876571832194,0.0212009862976224,3.63982550675983
1.99107142857143,0.187776135027815,0.227860390504032,0.0211908476222447,3.63993425820433
1.99117063492063,0.18776109447971,0.227844209635985,0.021180713795238,3.64004300013076
1.99126984126984,0.187746055260367,0.227828029228403,0.0211705848142771,3.64015173254033
1.99136904761905,0.187731017369612,0.227811849281638,0.0211604606770382,3.64026045543428
1.99146825396825,0.187715980807274,0.22779566979604,0.0211503413811982,3.64036916881381
1.99156746031746,0.187700945573178,0.227779490771961,0.0211402269244353,3.64047787268015
1.99166666666667,0.187685911667152,0.227763312209749,0.0211301173044287,3.64058656703452
1.99176587301587,0.187670879089023,0.227747134109756,0.021120012518859,3.64069525187815
1.99186507936508,0.187655847838619,0.227730956472331,0.0211099125654075,3.64080392721224
1.99196428571429,0.187640817915766,0.227714779297825,0.021099817441757,3.64091259303803
1.99206349206349,0.187625789320293,0.227698602586585,0.0210897271455912,3.64102124935673
1.9921626984127,0.187610762052026,0.227682426338962,0.0210796416745949,3.64112989616955
1.9922619047619,0.187595736110794,0.227666250555305,0.0210695610264541,3.64123853347773
1.99236111111111,0.187580711496423,0.227650075235962,0.0210594851988558,3.64134716128246
1.99246031746032,0.187565688208742,0.227633900381282,0.0210494141894883,3.64145577958499
1.99255952380952,0.187550666247578,0.227617725991613,0.0210393479960409,3.64156438838652
1.99265873015873,0.187535645612758,0.227601552067304,0.0210292866162039,3.64167298768826
1.99275793650794,0.187520626304112,0.227585378608703,0.0210192300476689,3.64178157749145
1.99285714285714,0.187505608321465,0.227569205616156,0.0210091782881286,3.64189015779728
1.99295634920635,0.187490591664648,0.227553033090013,0.0209991313352766,3.64199872860699
1.99305555555556,0.187475576333487,0.227536861030619,0.0209890891868079,3.64210728992178
1.99315476190476,0.18746056232781,0.227520689438323,0.0209790518404184,3.64221584174288
1.99325396825397,0.187445549647446,0.227504518313471,0.0209690192938052,3.64232438407149
1.99335317460317,0.187430538292223,0.227488347656409,0.0209589915446665,3.64243291690884
1.99345238095238,0.187415528261969,0.227472177467484,0.0209489685907016,3.64254144025614
1.99355158730159,0.187400519556512,0.227456007747043,0.0209389504296109,3.6426499541146
1.99365079365079,0.187385512175681,0.227439838495431,0.0209289370590961,3.64275845848544
1.99375,0.187370506119304,0.227423669712994,0.0209189284768597,3.64286695336987
1.99384920634921,0.18735550138721,0.227407501400078,0.0209089246806054,3.6429754387691
1.99394841269841,0.187340497979227,0.227391333557028,0.0208989256680382,3.64308391468435
1.99404761904762,0.187325495895183,0.227375166184189,0.020888931436864,3.64319238111684
1.99414682539683,0.187310495134908,0.227358999281907,0.02087894198479,3.64330083806777
1.99424603174603,0.187295495698231,0.227342832850525,0.0208689573095243,3.64340928553835
1.99434523809524,0.187280497584979,0.227326666890389,0.0208589774087763,3.64351772352981
1.99444444444444,0.187265500794982,0.227310501401842,0.0208490022802565,3.64362615204335
1.99454365079365,0.187250505328068,0.227294336385229,0.0208390319216763,3.64373457108018
1.99464285714286,0.187235511184067,0.227278171840894,0.0208290663307483,3.64384298064151
1.99474206349206,0.187220518362808,0.22726200776918,0.0208191055051865,3.64395138072857
1.99484126984127,0.18720552686412,0.227245844170431,0.0208091494427056,3.64405977134254
1.99494047619048,0.187190536687831,0.227229681044989,0.0207991981410218,3.64416815248465
1.99503968253968,0.187175547833772,0.227213518393199,0.0207892515978519,3.64427652415611
1.99513888888889,0.187160560301771,0.227197356215402,0.0207793098109144,3.64438488635813
1.9952380952381,0.187145574091657,0.227181194511941,0.0207693727779285,3.64449323909191
1.9953373015873,0.187130589203261,0.22716503328316,0.0207594404966147,3.64460158235866
1.99543650793651,0.18711560563641,0.227148872529398,0.0207495129646945,3.6447099161596
1.99553571428571,0.187100623390936,0.227132712251,0.0207395901798906,3.64481824049593
1.99563492063492,0.187085642466668,0.227116552448306,0.0207296721399268,3.64492655536885
1.99573412698413,0.187070662863435,0.227100393121658,0.0207197588425279,3.64503486077959
1.99583333333333,0.187055684581066,0.227084234271397,0.0207098502854201,3.64514315672934
1.99593253968254,0.187040707619392,0.227068075897864,0.0206999464663303,3.64525144321931
1.99603174603175,0.187025731978243,0.227051918001401,0.0206900473829869,3.64535972025072
1.99613095238095,0.187010757657448,0.227035760582347,0.0206801530331192,3.64546798782476
1.99623015873016,0.186995784656837,0.227019603641043,0.0206702634144576,3.64557624594264
1.99632936507936,0.18698081297624,0.22700344717783,0.0206603785247337,3.64568449460557
1.99642857142857,0.186965842615487,0.226987291193047,0.0206504983616802,3.64579273381475
1.99652777777778,0.186950873574409,0.226971135687034,0.0206406229230308,3.64590096357139
1.99662698412698,0.186935905852835,0.226954980660131,0.0206307522065206,3.6460091838767
1.99672619047619,0.186920939450596,0.226938826112677,0.0206208862098854,3.64611739473187
1.9968253968254,0.186905974367522,0.226922672045011,0.0206110249308625,3.64622559613812
1.9969246031746,0.186891010603443,0.226906518457472,0.02060116836719,3.64633378809665
1.99702380952381,0.18687604815819,0.226890365350398,0.0205913165166074,3.64644197060866
1.99712301587302,0.186861087031593,0.22687421272413,0.0205814693768551,3.64655014367535
1.99722222222222,0.186846127223483,0.226858060579003,0.0205716269456746,3.64665830729793
1.99732142857143,0.18683116873369,0.226841908915357,0.0205617892208087,3.6467664614776
1.99742063492063,0.186816211562045,0.22682575773353,0.0205519562000012,3.64687460621556
1.99751984126984,0.186801255708379,0.226809607033859,0.020542127880997,3.64698274151303
1.99761904761905,0.186786301172523,0.226793456816681,0.020532304261542,3.64709086737118
1.99771825396825,0.186771347954306,0.226777307082334,0.0205224853393835,3.64719898379124
1.99781746031746,0.186756396053561,0.226761157831154,0.0205126711122698,3.6473070907744
1.99791666666667,0.186741445470118,0.226745009063479,0.0205028615779501,3.64741518832186
1.99801587301587,0.186726496203808,0.226728860779645,0.0204930567341749,3.64752327643482
1.99811507936508,0.186711548254462,0.226712712979988,0.0204832565786959,3.64763135511448
1.99821428571429,0.186696601621912,0.226696565664844,0.0204734611092657,3.64773942436205
1.99831349206349,0.186681656305987,0.22668041883455,0.0204636703236382,3.64784748417872
1.9984126984127,0.186666712306521,0.226664272489441,0.0204538842195682,3.64795553456569
1.9985119047619,0.186651769623344,0.226648126629852,0.0204441027948119,3.64806357552416
1.99861111111111,0.186636828256287,0.226631981256119,0.0204343260471264,3.64817160705533
1.99871031746032,0.186621888205182,0.226615836368577,0.0204245539742698,3.6482796291604
1.99880952380952,0.186606949469861,0.22659969196756,0.0204147865740017,3.64838764184056
1.99890873015873,0.186592012050154,0.226583548053404,0.0204050238440825,3.64849564509703
1.99900793650794,0.186577075945894,0.226567404626442,0.0203952657822738,3.64860363893098
1.99910714285714,0.186562141156912,0.226551261687009,0.0203855123863383,3.64871162334362
1.99920634920635,0.18654720768304,0.226535119235438,0.0203757636540399,3.64881959833615
1.99930555555556,0.186532275524109,0.226518977272065,0.0203660195831434,3.64892756390976
1.99940476190476,0.186517344679952,0.226502835797221,0.020356280171415,3.64903552006565
1.99950396825397,0.186502415150401,0.226486694811241,0.0203465454166217,3.64914346680501
1.99960317460317,0.186487486935287,0.226470554314457,0.0203368153165319,3.64925140412905
1.99970238095238,0.186472560034443,0.226454414307203,0.020327089868915,3.64935933203895
1.99980158730159,0.1864576344477,0.226438274789811,0.0203173690715414,3.64946725053591
1.99990079365079,0.18644271017489,0.226422135762613,0.0203076529221827,3.64957515962113
2,0.186427787215847,0.226405997225942,0.0202979414186118,3.6496830592958
2,0.186427787215847,0.226405997225942,2.52029794141861,3.6496830592958
2.00009920634921,0.186874661696028,0.226389952410079,2.51909268724889,3.65003019028075
2.00019841269841,0.187320814767152,0.2263740942769,2.51788800939516,3.65037745973048
2.00029761904762,0.187766247462935,0.226358422462453,2.51668390765349,3.6507248673104
2.00039682539683,0.188210960818541,0.226342936603009,2.51548038173161,3.65107241269937
2.00049603174603,0.188654955862069,0.226327636334335,2.51427743134313,3.65142009554908
2.00059523809524,0.189098233614551,0.226312521291693,2.51307505620762,3.65176791548398
2.00069444444444,0.189540795121402,0.226297591109494,2.51187325606288,3.65211587213053
2.00079365079365,0.18998264143988,0.226282845423583,2.51067203064803,3.6524639651454
2.00089285714286,0.190423773602431,0.226268283871393,2.50947137968904,3.65281219417834
2.00099206349206,0.190864192640111,0.226253906090882,2.50827130291179,3.65316055887956
2.00109126984127,0.191303899582581,0.226239711720531,2.50707180004215,3.65350905889982
2.00119047619048,0.191742895458112,0.226225700399346,2.5058728708059,3.65385769389034
2.00128968253968,0.192181181293584,0.226211871766857,2.5046745149288,3.65420646350284
2.00138888888889,0.192618758114486,0.22619822546312,2.50347673213652,3.65455536738955
2.0014880952381,0.193055626944911,0.226184761128713,2.5022795221547,3.65490440520317
2.0015873015873,0.193491788807566,0.22617147840474,2.50108288470894,3.65525357659694
2.00168650793651,0.193927244723764,0.226158376932828,2.49988681952474,3.65560288122455
2.00178571428571,0.194361995713424,0.22614545635513,2.4986913263276,3.65595231874021
2.00188492063492,0.194796042795075,0.226132716314322,2.49749640484293,3.65630188879862
2.00198412698413,0.195229386985856,0.226120156453606,2.49630205479609,3.65665159105497
2.00208333333333,0.195662029301514,0.226107776416706,2.49510827591241,3.65700142516497
2.00218253968254,0.196093970756401,0.226095575847872,2.49391506791714,3.65735139078479
2.00228174603175,0.196525212363479,0.226083554391879,2.49272243053549,3.65770148757112
2.00238095238095,0.196955755134321,0.226071711694024,2.49153036349263,3.65805171518114
2.00248015873016,0.197385600079106,0.226060047400131,2.49033886651363,3.65840207327252
2.00257936507937,0.19781474820662,0.226048561156546,2.48914793932357,3.65875256150345
2.00267857142857,0.198243200524258,0.226037252610142,2.48795758164742,3.65910317953257
2.00277777777778,0.198670958038026,0.226026121408313,2.48676779321013,3.65945392701907
2.00287698412698,0.199098021752538,0.226015167198981,2.48557857373659,3.6598048036226
2.00297619047619,0.19952439267101,0.22600438963059,2.48438992295162,3.6601558090033
2.0030753968254,0.199950071795274,0.225993788352108,2.48320184058002,3.66050694282184
2.0031746031746,0.200375060179361,0.225983362992964,2.48201432636042,3.66085820471728
2.00327380952381,0.200799358871422,0.225973113185107,2.48082738003385,3.66120959433124
2.00337301587302,0.201222968862498,0.22596303858204,2.47964100132869,3.66156111132898
2.00347222222222,0.201645891142384,0.225953138837741,2.47845518997347,3.66191275537618
2.00357142857143,0.202068126699633,0.225943413606659,2.47726994569683,3.66226452613904
2.00367063492063,0.202489676521551,0.225933862543717,2.47608526822757,3.66261642328419
2.00376984126984,0.202910541594204,0.22592448530431,2.47490115729459,3.66296844647875
2.00386904761905,0.203330722902414,0.225915281544308,2.47371761262692,3.66332059539029
2.00396825396825,0.203750221429762,0.225906250920053,2.47253463395373,3.66367286968687
2.00406746031746,0.204169038158579,0.225897393088361,2.47135222100431,3.664025269037
2.00416666666667,0.204587174069959,0.22588870770652,2.47017037350809,3.66437779310968
2.00426587301587,0.20500463014375,0.225880194432292,2.46898909119462,3.66473044157435
2.00436507936508,0.205421407358558,0.225871852923913,2.46780837379356,3.66508321410093
2.00446428571429,0.205837506691744,0.22586368284009,2.46662822103475,3.66543611035983
2.00456349206349,0.206252929119425,0.225855683840005,2.46544863264809,3.6657891300219
2.0046626984127,0.20666767561648,0.225847855583312,2.46426960836367,3.66614227275847
2.0047619047619,0.207081747156536,0.22584019773014,2.46309114791168,3.66649553824134
2.00486111111111,0.207495144711984,0.225832709941088,2.46191325102243,3.66684892614277
2.00496031746032,0.207907869253969,0.225825391877231,2.46073591742637,3.66720243613551
2.00505952380952,0.208319921752394,0.225818243200117,2.45955914685409,3.66755606789274
2.00515873015873,0.208731303175913,0.225811263571766,2.45838293903629,3.66790982108815
2.00525793650794,0.209142014491945,0.225804452654671,2.4572072937038,3.66826369539588
2.00535714285714,0.209552056666659,0.225797810111799,2.45603221058759,3.66861769049053
2.00545634920635,0.209961430664987,0.22579133560659,2.45485768941875,3.66897180604718
2.00555555555556,0.210370137450609,0.225785028802957,2.4536837299285,3.66932604174138
2.00565476190476,0.21077817798597,0.225778889365287,2.45251033184819,3.66968039724914
2.00575396825397,0.211185553232267,0.225772916958439,2.45133749490929,3.67003487224695
2.00585317460317,0.211592264149456,0.225767111247745,2.45016521884341,3.67038946641176
2.00595238095238,0.211998311696247,0.225761471899012,2.44899350338229,3.67074417942098
2.00605158730159,0.212403696830109,0.225755998578518,2.44782234825779,3.67109901095251
2.00615079365079,0.212808420507268,0.225750690953016,2.44665175320189,3.67145396068471
2.00625,0.213212483682703,0.225745548689732,2.44548171794672,3.67180902829639
2.00634920634921,0.213615887310154,0.225740571456362,2.44431224222453,3.67216421346686
2.00644841269841,0.214018632342115,0.22573575892108,2.44314332576768,3.67251951587587
2.00654761904762,0.214420719729839,0.22573111075253,2.44197496830869,3.67287493520367
2.00664682539683,0.214822150423332,0.22572662661983,2.4408071695802,3.67323047113095
2.00674603174603,0.215222925371359,0.225722306192571,2.43963992931495,3.67358612333887
2.00684523809524,0.215623045521443,0.225718149140818,2.43847324724585,3.67394189150908
2.00694444444444,0.216022511819862,0.225714155135108,2.43730712310589,3.67429777532368
2.00704365079365,0.216421325211648,0.225710323846453,2.43614155662825,3.67465377446524
2.00714285714286,0.216819486640595,0.225706654946335,2.43497654754619,3.67500988861682
2.00724206349206,0.21721699704925,0.225703148106713,2.43381209559312,3.67536611746191
2.00734126984127,0.21761385737892,0.225699803000015,2.43264820050256,3.6757224606845
2.00744047619048,0.218010068569663,0.225696619299147,2.43148486200818,3.67607891796904
2.00753968253968,0.218405631560298,0.225693596677484,2.43032207984376,3.67643548900045
2.00763888888889,0.218800547288401,0.225690734808877,2.42915985374323,3.67679217346411
2.0077380952381,0.219194816690302,0.225688033367647,2.42799818344063,3.67714897104587
2.0078373015873,0.219588440701089,0.225685492028592,2.42683706867014,3.67750588143206
2.00793650793651,0.219981420254606,0.22568311046698,2.42567650916605,3.67786290430947
2.00803571428571,0.220373756283457,0.225680888358555,2.4245165046628,3.67822003936536
2.00813492063492,0.220765449718997,0.225678825379531,2.42335705489495,3.67857728628746
2.00823412698413,0.221156501491342,0.225676921206598,2.42219815959718,3.67893464476396
2.00833333333333,0.221546912529362,0.225675175516918,2.42103981850432,3.67929211448353
2.00843253968254,0.221936683760687,0.225673587988125,2.41988203135131,3.6796496951353
2.00853174603175,0.2223258161117,0.225672158298329,2.41872479787322,3.68000738640889
2.00863095238095,0.222714310507541,0.225670886126111,2.41756811780525,3.68036518799434
2.00873015873016,0.22310216787211,0.225669771150525,2.41641199088274,3.68072309958222
2.00882936507937,0.223489389128063,0.225668813051099,2.41525641684113,3.68108112086352
2.00892857142857,0.223875975196806,0.225668011507835,2.41410139541603,3.68143925152973
2.00902777777778,0.22426192699851,0.225667366201206,2.41294692634315,3.68179749127278
2.00912698412698,0.224647245452101,0.225666876812161,2.41179300935832,3.68215583978509
2.00922619047619,0.225031931475257,0.225666543022119,2.41063964419753,3.68251429675955
2.0093253968254,0.225415985984416,0.225666364512975,2.40948683059688,3.6828728618895
2.0094246031746,0.225799409894774,0.225666340967095,2.40833456829258,3.68323153486876
2.00952380952381,0.226182204120283,0.22566647206732,2.40718285702101,3.68359031539163
2.00962301587302,0.226564369573647,0.225666757496962,2.40603169651865,3.68394920315286
2.00972222222222,0.226945907166333,0.225667196939809,2.4048810865221,3.68430819784767
2.00982142857143,0.227326817808561,0.225667790080119,2.40373102676813,3.68466729917176
2.00992063492063,0.227707102409311,0.225668536602626,2.40258151699359,3.68502650682129
2.01001984126984,0.228086761876314,0.225669436192536,2.40143255693549,3.68538582049289
2.01011904761905,0.228465797116062,0.225670488535528,2.40028414633095,3.68574523988366
2.01021825396825,0.228844209033803,0.225671693317754,2.39913628491724,3.68610476469117
2.01031746031746,0.229221998533543,0.225673050225839,2.39798897243173,3.68646439461345
2.01041666666667,0.22959916651804,0.225674558946883,2.39684220861195,3.68682412934901
2.01051587301587,0.229975713888812,0.225676219168457,2.39569599319554,3.68718396859683
2.01061507936508,0.230351641546136,0.225678030578607,2.39455032592026,3.68754391205634
2.01071428571429,0.23072695038904,0.22567999286585,2.39340520652401,3.68790395942746
2.01081349206349,0.231101641315312,0.225682105719178,2.39226063474483,3.68826411041056
2.0109126984127,0.231475715221497,0.225684368828055,2.39111661032087,3.68862436470649
2.0110119047619,0.231849173002896,0.225686781882419,2.38997313299041,3.68898472201658
2.01111111111111,0.232222015553566,0.225689344572682,2.38883020249187,3.6893451820426
2.01121031746032,0.23259424376632,0.225692056589726,2.38768781856379,3.6897057444868
2.01130952380952,0.23296585853273,0.22569491762491,2.38654598094483,3.69006640905192
2.01140873015873,0.233336860743125,0.225697927370064,2.3854046893738,3.69042717544113
2.01150793650794,0.233707251286587,0.225701085517491,2.38426394358962,3.69078804335811
2.01160714285714,0.234077031050956,0.225704391759969,2.38312374333136,3.69114901250697
2.01170634920635,0.234446200922831,0.225707845790747,2.38198408833818,3.69151008259231
2.01180555555556,0.234814761787568,0.225711447303548,2.38084497834941,3.6918712533192
2.01190476190476,0.235182714529273,0.225715195992568,2.37970641310448,3.69223252439317
2.01200396825397,0.235550060030816,0.225719091552478,2.37856839234297,3.69259389552022
2.01210317460317,0.235916799173823,0.22572313367842,2.37743091580457,3.69295536640683
2.01220238095238,0.23628293283867,0.225727322066009,2.37629398322911,3.69331693675992
2.01230158730159,0.236648461904498,0.225731656411334,2.37515759435654,3.69367860628692
2.01240079365079,0.237013387249199,0.225736136410959,2.37402174892694,3.69404037469569
2.0125,0.237377709749426,0.225740761761917,2.37288644668053,3.69440224169458
2.01259920634921,0.237741430280584,0.225745532161719,2.37175168735765,3.6947642069924
2.01269841269841,0.238104549716837,0.225750447308344,2.37061747069876,3.69512627029843
2.01279761904762,0.238467068931107,0.225755506900249,2.36948379644446,3.69548843132243
2.01289682539683,0.238828988795071,0.225760710636361,2.36835066433547,3.69585068977462
2.01299603174603,0.239190310179162,0.225766058216082,2.36721807411265,3.69621304536567
2.01309523809524,0.239551033952571,0.225771549339285,2.36608602551699,3.69657549780675
2.01319444444444,0.239911160983245,0.225777183706319,2.36495451828958,3.69693804680948
2.01329365079365,0.240270692137889,0.225782961018005,2.36382355217168,3.69730069208595
2.01339285714286,0.240629628281961,0.225788880975635,2.36269312690464,3.69766343334873
2.01349206349206,0.240987970279681,0.225794943280978,2.36156324222997,3.69802627031084
2.01359126984127,0.241345718994022,0.225801147636273,2.36043389788927,3.69838920268579
2.01369047619048,0.241702875286712,0.225807493744234,2.35930509362433,3.69875223018753
2.01378968253968,0.242059440018241,0.225813981308048,2.358176829177,3.69911535253051
2.01388888888889,0.242415414047852,0.225820610031375,2.3570491042893,3.69947856942964
2.0139880952381,0.242770798233547,0.225827379618346,2.35592191870337,3.69984188060027
2.0140873015873,0.243125593432079,0.22583428977357,2.35479527216147,3.70020528575826
2.01418650793651,0.243479800498965,0.225841340202124,2.35366916440601,3.70056878461992
2.01428571428571,0.243833420288475,0.225848530609561,2.3525435951795,3.70093237690201
2.01438492063492,0.244186453653636,0.225855860701908,2.35141856422458,3.7012960623218
2.01448412698413,0.24453890144623,0.225863330185662,2.35029407128406,3.70165984059699
2.01458333333333,0.244890764516799,0.225870938767797,2.34917011610082,3.70202371144577
2.01468253968254,0.245242043714639,0.225878686155756,2.34804669841792,3.70238767458679
2.01478174603175,0.245592739887806,0.225886572057459,2.34692381797851,3.70275172973918
2.01488095238095,0.245942853883107,0.225894596181297,2.34580147452589,3.70311587662251
2.01498015873016,0.246292386546111,0.225902758236135,2.34467966780348,3.70348011495686
2.01507936507937,0.246641338721142,0.22591105793131,2.34355839755483,3.70384444446275
2.01517857142857,0.246989711251278,0.225919494976634,2.34243766352363,3.70420886486117
2.01527777777778,0.247337504978358,0.225928069082391,2.34131746545368,3.70457337587358
2.01537698412698,0.247684720742974,0.225936779959339,2.34019780308891,3.70493797722192
2.01547619047619,0.248031359384479,0.225945627318707,2.33907867617338,3.7053026686286
2.0155753968254,0.248377427003787,0.225954608793256,2.33796008431283,3.7056674477333
2.0156746031746,0.248722929606123,0.225963722053572,2.33684202711545,3.70603231221371
2.01577380952381,0.249067867886048,0.225972966868095,2.33572450432924,3.70639726184971
2.01587301587302,0.249412242537694,0.225982343005418,2.33460751570228,3.70676229642132
2.01597222222222,0.249756054254765,0.225991850234286,2.33349106098279,3.7071274157087
2.01607142857143,0.250099303730541,0.226001488323597,2.33237513991902,3.70749261949217
2.01617063492063,0.250441991657876,0.226011257042399,2.33125975225939,3.7078579075522
2.01626984126984,0.250784118729196,0.226021156159895,2.33014489775237,3.7082232796694
2.01636904761905,0.251125685636499,0.226031185445438,2.32903057614655,3.70858873562452
2.01646825396825,0.251466693071359,0.226041344668536,2.32791678719062,3.70895427519849
2.01656746031746,0.251807141724923,0.226051633598846,2.32680353063336,3.70931989817236
2.01666666666667,0.25214703228791,0.226062052006181,2.32569080622365,3.70968560432735
2.01676587301587,0.252486365450613,0.226072599660502,2.32457861371049,3.71005139344479
2.01686507936508,0.2528251419029,0.226083276331925,2.32346695284295,3.71041726530622
2.01696428571429,0.253163362334211,0.226094081790719,2.3223558233702,3.71078321969327
2.01706349206349,0.253501027433558,0.226105015807304,2.32124522504155,3.71114925638776
2.0171626984127,0.25383813788953,0.226116078152252,2.32013515760636,3.71151537517163
2.0172619047619,0.254174694390286,0.226127268596287,2.31902562081412,3.71188157582699
2.01736111111111,0.254510697623562,0.226138586910287,2.3179166144144,3.71224785813608
2.01746031746032,0.254846148276663,0.226150032865281,2.31680813815688,3.71261422188131
2.01755952380952,0.25518104703647,0.22616160623245,2.31570019179134,3.71298066684522
2.01765873015873,0.255515394589439,0.226173306783129,2.31459277506766,3.71334719281051
2.01775793650794,0.255849191621597,0.226185134288803,2.3134858877358,3.71371379956003
2.01785714285714,0.256182438818544,0.226197088521111,2.31237952954586,3.71408048687677
2.01795634920635,0.256515136865455,0.226209169251844,2.31127370024799,3.71444725454386
2.01805555555556,0.256847286447079,0.226221376252945,2.31016839959247,3.71481410234461
2.01815476190476,0.257178888247735,0.226233709296508,2.30906362732968,3.71518103006245
2.01825396825397,0.25750994295132,0.226246168154783,2.30795938321009,3.71554803748096
2.01835317460317,0.257840451241301,0.226258752600168,2.30685566698426,3.7159151243839
2.01845238095238,0.258170413800722,0.226271462405215,2.30575247840287,3.71628229055514
2.01855158730159,0.258499831312194,0.22628429734263,2.30464981721669,3.71664953577873
2.01865079365079,0.258828704457909,0.226297257185268,2.30354768317659,3.71701685983883
2.01875,0.259157033919627,0.22631034170614,2.30244607603353,3.71738426251979
2.01884920634921,0.259484820378686,0.226323550678406,2.30134499553857,3.71775174360609
2.01894841269841,0.259812064515991,0.22633688387538,2.3002444414429,3.71811930288236
2.01904761904762,0.260138767012027,0.226350341070527,2.29914441349777,3.71848694013337
2.01914682539683,0.260464928546849,0.226363922037467,2.29804491145454,3.71885465514406
2.01924603174603,0.260790549800087,0.226377626549969,2.29694593506468,3.71922244769949
2.01934523809524,0.261115631450941,0.226391454381956,2.29584748407976,3.71959031758491
2.01944444444444,0.261440174178189,0.226405405307504,2.29474955825144,3.71995826458567
2.01954365079365,0.261764178660181,0.22641947910084,2.29365215733146,3.72032628848731
2.01964285714286,0.262087645574838,0.226433675536342,2.29255528107171,3.72069438907549
2.01974206349206,0.262410575599658,0.226447994388544,2.29145892922414,3.72106256613603
2.01984126984127,0.262732969411709,0.22646243543213,2.2903631015408,3.7214308194549
2.01994047619048,0.263054827687636,0.226476998441936,2.28926779777386,3.72179914881823
2.02003968253968,0.263376151103654,0.22649168319295,2.28817301767557,3.72216755401227
2.02013888888889,0.263696940335554,0.226506489460314,2.28707876099829,3.72253603482345
2.0202380952381,0.264017196058699,0.226521417019322,2.28598502749447,3.72290459103832
2.0203373015873,0.264336918948026,0.226536465645419,2.28489181691667,3.7232732224436
2.02043650793651,0.264656109678046,0.226551635114202,2.28379912901755,3.72364192882615
2.02053571428571,0.264974768922841,0.226566925201423,2.28270696354986,3.72401070997299
2.02063492063492,0.265292897356069,0.226582335682983,2.28161532026645,3.72437956567126
2.02073412698413,0.265610495650962,0.226597866334938,2.28052419892027,3.72474849570828
2.02083333333333,0.265927564480323,0.226613516933494,2.27943359926438,3.7251174998715
2.02093253968254,0.266244104516528,0.226629287255012,2.27834352105192,3.72548657794854
2.02103174603175,0.266560116431531,0.226645177076002,2.27725396403614,3.72585572972713
2.02113095238095,0.266875600896853,0.226661186173129,2.2761649279704,3.7262249549952
2.02123015873016,0.267190558583594,0.226677314323209,2.27507641260814,3.72659425354078
2.02132936507937,0.267504990162425,0.22669356130321,2.27398841770291,3.72696362515208
2.02142857142857,0.26781889630359,0.226709926890254,2.27290094300836,3.72733306961744
2.02152777777778,0.268132277676907,0.226726410861614,2.27181398827822,3.72770258672537
2.02162698412698,0.268445134951768,0.226743012994714,2.27072755326636,3.72807217626452
2.02172619047619,0.268757468797138,0.226759733067133,2.2696416377267,3.72844183802367
2.0218253968254,0.269069279881555,0.2267765708566,2.26855624141329,3.72881157179177
2.0219246031746,0.269380568873131,0.226793526140999,2.26747136408029,3.72918137735791
2.02202380952381,0.26969133643955,0.226810598698363,2.26638700548192,3.72955125451134
2.02212301587302,0.270001583248073,0.226827788306879,2.26530316537253,3.72992120304145
2.02222222222222,0.270311309965531,0.226845094744887,2.26421984350656,3.73029122273777
2.02232142857143,0.270620517258329,0.226862517790878,2.26313703963855,3.73066131339
2.02242063492063,0.270929205792446,0.226880057223496,2.26205475352313,3.73103147478796
2.02251984126984,0.271237376233436,0.226897712821536,2.26097298491505,3.73140170672165
2.02261904761905,0.271545029246423,0.226915484363948,2.25989173356914,3.7317720089812
2.02271825396825,0.271852165496106,0.226933371629831,2.25881099924035,3.7321423813569
2.02281746031746,0.272158785646759,0.226951374398438,2.25773078168369,3.73251282363916
2.02291666666667,0.272464890362229,0.226969492449176,2.25665108065432,3.73288333561858
2.02301587301587,0.272770480305933,0.226987725561601,2.25557189590746,3.73325391708589
2.02311507936508,0.273075556140865,0.227006073515422,2.25449322719844,3.73362456783195
2.02321428571429,0.273380118529591,0.227024536090503,2.25341507428271,3.73399528764781
2.02331349206349,0.273684168134253,0.227043113066857,2.25233743691578,3.73436607632463
2.0234126984127,0.273987705616562,0.227061804224652,2.25126031485329,3.73473693365373
2.0235119047619,0.274290731637805,0.227080609344205,2.25018370785098,3.7351078594266
2.02361111111111,0.274593246858843,0.227099528205988,2.24910761566467,3.73547885343485
2.02371031746032,0.274895251940111,0.227118560590625,2.24803203805028,3.73584991547026
2.02380952380952,0.275196747541612,0.227137706278891,2.24695697476385,3.73622104532473
2.02390873015873,0.275497734322929,0.227156965051715,2.24588242556151,3.73659224279035
2.02400793650794,0.275798212943216,0.227176336690176,2.24480839019947,3.73696350765933
2.02410714285714,0.2760981840612,0.227195820975508,2.24373486843407,3.73733483972403
2.02420634920635,0.276397648335181,0.227215417689095,2.24266186002173,3.73770623877696
2.02430555555556,0.276696606423033,0.227235126612475,2.24158936471897,3.7380777046108
2.02440476190476,0.276995058982206,0.227254947527338,2.24051738228242,3.73844923701835
2.02450396825397,0.277293006669719,0.227274880215524,2.23944591246879,3.73882083579257
2.02460317460317,0.277590450142166,0.227294924459028,2.23837495503492,3.73919250072658
2.02470238095238,0.277887390055716,0.227315080039997,2.23730450973771,3.73956423161362
2.02480158730159,0.278183827066111,0.227335346740729,2.2362345763342,3.73993602824712
2.02490079365079,0.278479761828665,0.227355724343675,2.23516515458149,3.74030789042061
2.025,0.278775194998265,0.227376212631438,2.23409624423682,3.74067981792782
2.02509920634921,0.279070127229373,0.227396811386774,2.23302784505748,3.74105181056258
2.02519841269841,0.279364559176027,0.227417520392591,2.23195995680091,3.74142386811891
2.02529761904762,0.279658491491832,0.227438339431949,2.23089257922462,3.74179599039095
2.02539682539683,0.279951924829971,0.22745926828806,2.22982571208622,3.742168177173
2.02549603174603,0.2802448598432,0.227480306744289,2.22875935514342,3.74254042825951
2.02559523809524,0.280537297183847,0.227501454584153,2.22769350815404,3.74291274344508
2.02569444444444,0.280829237503815,0.227522711591321,2.226628170876,3.74328512252446
2.02579365079365,0.281120681454578,0.227544077549614,2.22556334306731,3.74365756529253
2.02589285714286,0.281411629687188,0.227565552243008,2.22449902448607,3.74403007154434
2.02599206349206,0.281702082852265,0.227587135455627,2.22343521489049,3.74440264107509
2.02609126984127,0.281992041600006,0.22760882697175,2.2223719140389,3.74477527368011
2.02619047619048,0.28228150658018,0.227630626575809,2.22130912168969,3.74514796915489
2.02628968253968,0.282570478442131,0.227652534052385,2.22024683760136,3.74552072729507
2.02638888888889,0.282858957834773,0.227674549186214,2.21918506153255,3.74589354789645
2.0264880952381,0.283146945406597,0.227696671762184,2.21812379324194,3.74626643075494
2.0265873015873,0.283434441805666,0.227718901565335,2.21706303248834,3.74663937566665
2.02668650793651,0.283721447679617,0.227741238380859,2.21600277903065,3.7470123824278
2.02678571428571,0.28400796367566,0.2277636819941,2.2149430326279,3.74738545083477
2.02688492063492,0.284293990440577,0.227786232190555,2.21388379303916,3.74775858068409
2.02698412698413,0.284579528620727,0.227808888755873,2.21282506002365,3.74813177177246
2.02708333333333,0.284864578862038,0.227831651475855,2.21176683334067,3.74850502389668
2.02718253968254,0.285149141810015,0.227854520136456,2.21070911274963,3.74887833685374
2.02728174603175,0.285433218109735,0.22787749452378,2.20965189801001,3.74925171044077
2.02738095238095,0.285716808405849,0.227900574424087,2.20859518888142,3.74962514445504
2.02748015873016,0.28599991334258,0.227923759623786,2.20753898512356,3.74999863869398
2.02757936507937,0.286282533563726,0.22794704990944,2.20648328649623,3.75037219295515
2.02767857142857,0.286564669712658,0.227970445067765,2.20542809275932,3.75074580703627
2.02777777777778,0.286846322432321,0.227993944885627,2.20437340367283,3.75111948073522
2.02787698412698,0.287127492365231,0.228017549150047,2.20331921899685,3.75149321385002
2.02797619047619,0.28740818015348,0.228041257648196,2.20226553849159,3.75186700617883
2.0280753968254,0.287688386438733,0.228065070167399,2.20121236191733,3.75224085751996
2.0281746031746,0.287968111862228,0.228088986495131,2.20015968903446,3.75261476767189
2.02827380952381,0.288247357064776,0.228113006419023,2.19910751960348,3.75298873643323
2.02837301587302,0.288526122686761,0.228137129726854,2.19805585338499,3.75336276360273
2.02847222222222,0.288804409368144,0.228161356206558,2.19700469013966,3.75373684897931
2.02857142857143,0.289082217748454,0.228185685646222,2.1959540296283,3.75411099236203
2.02867063492063,0.289359548466798,0.228210117834082,2.19490387161179,3.75448519355009
2.02876984126984,0.289636402161853,0.228234652558529,2.19385421585112,3.75485945234286
2.02886904761905,0.289912779471874,0.228259289608106,2.19280506210737,3.75523376853984
2.02896825396825,0.290188681034683,0.228284028771507,2.19175641014173,3.75560814194069
2.02906746031746,0.29046410748768,0.22830886983758,2.1907082597155,3.7559825723452
2.02916666666667,0.290739059467839,0.228333812595323,2.18966061059005,3.75635705955333
2.02926587301587,0.291013537611704,0.22835885683389,2.18861346252687,3.75673160336519
2.02936507936508,0.291287542555395,0.228384002342582,2.18756681528754,3.75710620358102
2.02946428571429,0.291561074934604,0.228409248910858,2.18652066863375,3.75748086000121
2.02956349206349,0.291834135384598,0.228434596328325,2.18547502232728,3.75785557242633
2.0296626984127,0.292106724540217,0.228460044384744,2.18442987613001,3.75823034065705
2.0297619047619,0.292378843035871,0.228485592870028,2.18338522980391,3.75860516449424
2.02986111111111,0.292650491505549,0.228511241574243,2.18234108311108,3.75898004373888
2.02996031746032,0.292921670582812,0.228536990287607,2.18129743581368,3.75935497819211
2.03005952380952,0.293192380900789,0.228562838800488,2.180254287674,3.75972996765522
2.03015873015873,0.29346262309219,0.228588786903411,2.17921163845442,3.76010501192966
2.03025793650794,0.293732397789295,0.228614834387049,2.1781694879174,3.76048011081701
2.03035714285714,0.294001705623956,0.228640981042229,2.17712783582553,3.76085526411902
2.03045634920635,0.294270547227601,0.22866722665993,2.17608668194149,3.76123047163756
2.03055555555556,0.29453892323123,0.228693571031284,2.17504602602804,3.76160573317467
2.03065476190476,0.294806834265417,0.228720013947574,2.17400586784806,3.76198104853254
2.03075396825397,0.29507428096031,0.228746555200237,2.17296620716452,3.76235641751349
2.03085317460317,0.295341263945628,0.228773194580861,2.1719270437405,3.76273183992002
2.03095238095238,0.295607783850667,0.228799931881186,2.17088837733916,3.76310731555474
2.03105158730159,0.295873841304293,0.228826766893105,2.16985020772377,3.76348284422044
2.03115079365079,0.296139436934948,0.228853699408663,2.16881253465771,3.76385842572004
2.03125,0.296404571370646,0.228880729220059,2.16777535790445,3.76423405985663
2.03134920634921,0.296669245238975,0.228907856119641,2.16673867722755,3.76460974643342
2.03144841269841,0.296933459167097,0.228935079899912,2.16570249239067,3.76498548525379
2.03154761904762,0.297197213781745,0.228962400353525,2.16466680315759,3.76536127612126
2.03164682539683,0.297460509709229,0.228989817273288,2.16363160929218,3.76573711883951
2.03174603174603,0.297723347575429,0.22901733045216,2.16259691055839,3.76611301321234
2.03184523809524,0.297985728005802,0.229044939683251,2.16156270672028,3.76648895904375
2.03194444444444,0.298247651625374,0.229072644759826,2.16052899754204,3.76686495613782
2.03204365079365,0.298509119058748,0.229100445475299,2.1594957827879,3.76724100429885
2.03214285714286,0.2987701309301,0.22912834162324,2.15846306222225,3.76761710333123
2.03224206349206,0.299030687863179,0.229156332997368,2.15743083560953,3.76799325303954
2.03234126984127,0.299290790481306,0.229184419391555,2.15639910271431,3.76836945322849
2.03244047619048,0.299550439407376,0.229212600599828,2.15536786330125,3.76874570370293
2.03253968253968,0.29980963526386,0.229240876416363,2.15433711713511,3.76912200426789
2.03263888888889,0.3000683786728,0.229269246635489,2.15330686398074,3.76949835472851
2.0327380952381,0.300326670255811,0.229297711051689,2.1522771036031,3.7698747548901
2.0328373015873,0.300584510634083,0.229326269459597,2.15124783576725,3.77025120455812
2.03293650793651,0.300841900428379,0.229354921653998,2.15021906023834,3.77062770353819
2.03303571428571,0.301098840259034,0.229383667429832,2.14919077678163,3.77100425163604
2.03313492063492,0.301355330745959,0.229412506582189,2.14816298516247,3.77138084865758
2.03323412698413,0.301611372508636,0.229441438906313,2.14713568514632,3.77175749440886
2.03333333333333,0.301866966166124,0.2294704641976,2.14610887649871,3.77213418869609
2.03343253968254,0.302122112337049,0.229499582251596,2.14508255898533,3.77251093132561
2.03353174603175,0.302376811639617,0.229528792864003,2.14405673237189,3.77288772210392
2.03363095238095,0.302631064691604,0.229558095830672,2.14303139642427,3.77326456083767
2.03373015873016,0.302884872110361,0.229587490947609,2.1420065509084,3.77364144733365
2.03382936507937,0.303138234512811,0.22961697801097,2.14098219559034,3.77401838139881
2.03392857142857,0.303391152515451,0.229646556817064,2.13995833023624,3.77439536284023
2.03402777777778,0.303643626734352,0.229676227162354,2.13893495461234,3.77477239146516
2.03412698412698,0.303895657785158,0.229705988843452,2.13791206848498,3.775149467081
2.03422619047619,0.304147246283086,0.229735841657125,2.13688967162061,3.77552658949527
2.0343253968254,0.304398392842927,0.229765785400292,2.13586776378578,3.77590375851566
2.0344246031746,0.304649098079045,0.229795819870023,2.13484634474713,3.77628097395002
2.03452380952381,0.304899362605378,0.229825944863541,2.1338254142714,3.77665823560633
2.03462301587302,0.305149187035437,0.229856160178222,2.13280497212544,3.77703554329272
2.03472222222222,0.305398571982307,0.229886465611593,2.13178501807618,3.77741289681747
2.03482142857143,0.305647518058646,0.229916860961333,2.13076555189067,3.77779029598902
2.03492063492063,0.305896025876685,0.229947346025276,2.12974657333604,3.77816774061595
2.03501984126984,0.306144096048228,0.229977920601405,2.12872808217954,3.77854523050698
2.03511904761905,0.306391729184655,0.230008584487857,2.12771007818851,3.778922765471
2.03521825396825,0.306638925896917,0.230039337482922,2.12669256113037,3.77930034531702
2.03531746031746,0.306885686795539,0.23007017938504,2.12567553077267,3.77967796985423
2.03541666666667,0.307132012490619,0.230101109992806,2.12465898688305,3.78005563889195
2.03551587301587,0.30737790359183,0.230132129104964,2.12364292922923,3.78043335223964
2.03561507936508,0.307623360708419,0.230163236520414,2.12262735757905,3.78081110970695
2.03571428571429,0.307868384449201,0.230194432038205,2.12161227170045,3.78118891110362
2.03581349206349,0.308112975422571,0.23022571545754,2.12059767136146,3.78156675623959
2.0359126984127,0.308357134236495,0.230257086577776,2.11958355633021,3.78194464492492
2.0360119047619,0.30860086149851,0.230288545198418,2.11856992637493,3.78232257696983
2.03611111111111,0.30884415781573,0.230320091119126,2.11755678126395,3.78270055218467
2.03621031746032,0.309087023794842,0.230351724139713,2.1165441207657,3.78307857037998
2.03630952380952,0.309329460042104,0.230383444060142,2.11553194464871,3.7834566313664
2.03640873015873,0.309571467163349,0.23041525068053,2.11452025268161,3.78383473495475
2.03650793650794,0.309813045763984,0.230447143801147,2.11350904463313,3.784212880956
2.03660714285714,0.310054196448988,0.230479123222412,2.11249832027208,3.78459106918124
2.03670634920635,0.310294919822916,0.230511188744899,2.1114880793674,3.78496929944175
2.03680555555556,0.310535216489893,0.230543340169334,2.11047832168811,3.78534757154891
2.03690476190476,0.310775087053619,0.230575577296595,2.10946904700334,3.7857258853143
2.03700396825397,0.311014532117368,0.230607899927712,2.10846025508231,3.78610424054961
2.03710317460317,0.311253552283987,0.230640307863868,2.10745194569434,3.7864826370667
2.03720238095238,0.311492148155896,0.230672800906397,2.10644411860885,3.78686107467757
2.03730158730159,0.311730320335089,0.230705378856786,2.10543677359536,3.78723955319437
2.03740079365079,0.311968069423135,0.230738041516675,2.1044299104235,3.7876180724294
2.0375,0.312205396021171,0.230770788687856,2.10342352886298,3.7879966321951
2.03759920634921,0.312442300729913,0.230803620172272,2.10241762868362,3.78837523230407
2.03769841269841,0.312678784149649,0.23083653577202,2.10141220965535,3.78875387256907
2.03779761904762,0.312914846880241,0.230869535289348,2.10040727154816,3.78913255280298
2.03789682539683,0.31315048952112,0.230902618526657,2.09940281413219,3.78951127281884
2.03799603174603,0.313385712671297,0.230935785286501,2.09839883717765,3.78989003242985
2.03809523809524,0.313620516929351,0.230969035371583,2.09739534045485,3.79026883144935
2.03819444444444,0.313854902893439,0.231002368584764,2.0963923237342,3.79064766969083
2.03829365079365,0.314088871161287,0.231035784729051,2.09538978678623,3.79102654696792
2.03839285714286,0.314322422330198,0.231069283607608,2.09438772938153,3.79140546309441
2.03849206349206,0.314555556997045,0.231102865023749,2.09338615129083,3.79178441788424
2.03859126984127,0.31478827575828,0.231136528780941,2.09238505228493,3.7921634111515
2.03869047619048,0.315020579209921,0.231170274682803,2.09138443213475,3.7925424427104
2.03878968253968,0.315252467947566,0.231204102533106,2.09038429061129,3.79292151237535
2.03888888888889,0.315483942566383,0.231238012135775,2.08938462748565,3.79330061996086
2.0389880952381,0.315715003661113,0.231272003294884,2.08838544252906,3.79367976528162
2.0390873015873,0.315945651826072,0.231306075814664,2.08738673551281,3.79405894815245
2.03918650793651,0.31617588765515,0.231340229499493,2.08638850620831,3.79443816838834
2.03928571428571,0.31640571174181,0.231374464153905,2.08539075438706,3.7948174258044
2.03938492063492,0.316635124679086,0.231408779582586,2.08439347982068,3.79519672021592
2.03948412698413,0.316864127059588,0.231443175590372,2.08339668228086,3.79557605143831
2.03958333333333,0.317092719475498,0.231477651982253,2.08240036153941,3.79595541928714
2.03968253968254,0.317320902518575,0.231512208563372,2.08140451736822,3.79633482357814
2.03978174603175,0.317548676780145,0.231546845139022,2.08040914953931,3.79671426412718
2.03988095238095,0.317776042851113,0.23158156151465,2.07941425782476,3.79709374075028
2.03998015873016,0.318003001321955,0.231616357495856,2.07841984199679,3.79747325326359
2.04007936507937,0.318229552782723,0.231651232888389,2.07742590182768,3.79785280148345
2.04017857142857,0.318455697823036,0.231686187498155,2.07643243708984,3.7982323852263
2.04027777777778,0.318681437032094,0.231721221131208,2.07543944755577,3.79861200430877
2.04037698412698,0.318906770998667,0.231756333593757,2.07444693299805,3.79899165854762
2.04047619047619,0.319131700311098,0.231791524692162,2.0734548931894,3.79937134775975
2.0405753968254,0.319356225557303,0.231826794232935,2.07246332790259,3.79975107176224
2.0406746031746,0.319580347324774,0.231862142022742,2.07147223691053,3.80013083037227
2.04077380952381,0.319804066200576,0.231897567868399,2.0704816199862,3.80051062340722
2.04087301587302,0.320027382771343,0.231933071576877,2.06949147690271,3.80089045068459
2.04097222222222,0.320250297623289,0.231968652955296,2.06850180743325,3.80127031202203
2.04107142857143,0.320472811342196,0.232004311810932,2.06751261135109,3.80165020723734
2.04117063492063,0.320694924513423,0.23204004795121,2.06652388842964,3.80203013614849
2.04126984126984,0.320916637721901,0.232075861183709,2.06553563844239,3.80241009857356
2.04136904761905,0.321137951552134,0.23211175131616,2.06454786116291,3.80279009433081
2.04146825396825,0.321358866588199,0.232147718156446,2.06356055636491,3.80317012323863
2.04156746031746,0.321579383413751,0.232183761512603,2.06257372382216,3.80355018511558
2.04166666666667,0.321799502612011,0.232219881192819,2.06158736330856,3.80393027978035
2.04176587301587,0.322019224765778,0.232256077005433,2.06060147459809,3.80431040705178
2.04186507936508,0.322238550457426,0.232292348758938,2.05961605746483,3.80469056674887
2.04196428571429,0.322457480268897,0.232328696261979,2.05863111168297,3.80507075869076
2.04206349206349,0.322676014781711,0.232365119323352,2.05764663702679,3.80545098269674
2.0421626984127,0.322894154576961,0.232401617752008,2.05666263327068,3.80583123858625
2.0422619047619,0.323111900235311,0.232438191357047,2.0556791001891,3.80621152617888
2.04236111111111,0.323329252337001,0.232474839947723,2.05469603755666,3.80659184529436
2.04246031746032,0.323546211461841,0.232511563333442,2.05371344514802,3.80697219575258
2.04255952380952,0.323762778189219,0.232548361323764,2.05273132273797,3.80735257737358
2.04265873015873,0.323978953098094,0.232585233728398,2.05174967010138,3.80773298997753
2.04275793650794,0.324194736766998,0.232622180357207,2.05076848701323,3.80811343338478
2.04285714285714,0.324410129774036,0.232659201020207,2.0497877732486,3.8084939074158
2.04295634920635,0.324625132696889,0.232696295527566,2.04880752858266,3.80887441189122
2.04305555555556,0.32483974611281,0.232733463689602,2.04782775279069,3.80925494663182
2.04315476190476,0.325053970598624,0.232770705316789,2.04684844564807,3.80963551145853
2.04325396825397,0.325267806730731,0.232808020219751,2.04586960693026,3.81001610619242
2.04335317460317,0.325481255085105,0.232845408209264,2.04489123641285,3.81039673065472
2.04345238095238,0.325694316237292,0.232882869096258,2.0439133338715,3.8107773846668
2.04355158730159,0.325906990762412,0.232920402691814,2.04293589908198,3.81115806805018
2.04365079365079,0.326119279235159,0.232958008807165,2.04195893182017,3.81153878062654
2.04375,0.326331182229801,0.232995687253697,2.04098243186202,3.8119195222177
2.04384920634921,0.326542700320175,0.233033437842948,2.04000639898363,3.81230029264561
2.04394841269841,0.326753834079697,0.23307126038661,2.03903083296115,3.81268109173241
2.04404761904762,0.326964584081354,0.233109154696524,2.03805573357085,3.81306191930035
2.04414682539683,0.327174950897707,0.233147120584686,2.03708110058909,3.81344277517185
2.04424603174603,0.327384935100889,0.233185157863242,2.03610693379234,3.81382365916948
2.04434523809524,0.327594537262608,0.233223266344494,2.03513323295717,3.81420457111594
2.04444444444444,0.327803757954145,0.233261445840891,2.03415999786024,3.8145855108341
2.04454365079365,0.328012597746355,0.23329969616504,2.03318722827832,3.81496647814697
2.04464285714286,0.328221057209665,0.233338017129695,2.03221492398826,3.81534747287771
2.04474206349206,0.328429136914076,0.233376408547767,2.03124308476704,3.81572849484961
2.04484126984127,0.328636837429164,0.233414870232315,2.0302717103917,3.81610954388615
2.04494047619048,0.328844159324075,0.233453401996554,2.02930080063942,3.81649061981092
2.04503968253968,0.329051103167532,0.233492003653849,2.02833035528744,3.81687172244768
2.04513888888889,0.329257669527829,0.233530675017717,2.02736037411314,3.81725285162033
2.0452380952381,0.329463858972836,0.23356941590183,2.02639085689396,3.81763400715292
2.0453373015873,0.329669672069994,0.233608226120009,2.02542180340747,3.81801518886965
2.04543650793651,0.329875109386317,0.23364710548623,2.02445321343132,3.81839639659487
2.04553571428571,0.330080171488395,0.233686053814619,2.02348508674326,3.81877763015308
2.04563492063492,0.330284858942391,0.233725070919456,2.02251742312116,3.81915888936892
2.04573412698413,0.330489172314038,0.233764156615172,2.02155022234296,3.81954017406719
2.04583333333333,0.330693112168647,0.233803310716352,2.02058348418673,3.81992148407283
2.04593253968254,0.330896679071099,0.233842533037732,2.0196172084306,3.82030281921093
2.04603174603175,0.331099873585852,0.233881823394199,2.01865139485283,3.82068417930674
2.04613095238095,0.331302696276934,0.233921181600796,2.01768604323179,3.82106556418565
2.04623015873016,0.331505147707946,0.233960607472715,2.0167211533459,3.82144697367319
2.04632936507937,0.331707228442068,0.234000100825301,2.01575672497373,3.82182840759505
2.04642857142857,0.331908939042046,0.234039661474053,2.01479275789392,3.82220986577707
2.04652777777778,0.332110280070204,0.234079289234619,2.01382925188523,3.82259134804523
2.04662698412698,0.332311252088439,0.234118983922803,2.01286620672649,3.82297285422566
2.04672619047619,0.332511855658222,0.234158745354559,2.01190362219665,3.82335438414466
2.0468253968254,0.332712091340594,0.234198573345994,2.01094149807476,3.82373593762865
2.0469246031746,0.332911959696173,0.234238467713366,2.00997983413997,3.8241175145042
2.04702380952381,0.333111461285148,0.234278428273088,2.00901863017151,3.82449911459806
2.04712301587302,0.333310596667285,0.234318454841723,2.00805788594873,3.82488073773709
2.04722222222222,0.333509366401918,0.234358547235987,2.00709760125108,3.82526238374832
2.04732142857143,0.33370777104796,0.234398705272748,2.00613777585809,3.82564405245893
2.04742063492063,0.333905811163893,0.234438928769027,2.00517840954941,3.82602574369625
2.04751984126984,0.334103487307776,0.234479217541997,2.00421950210477,3.82640745728774
2.04761904761905,0.334300800037239,0.234519571408983,2.00326105330401,3.82678919306102
2.04771825396825,0.334497749909486,0.234559990187462,2.00230306292708,3.82717095084386
2.04781746031746,0.334694337481295,0.234600473695064,2.00134553075401,3.8275527304642
2.04791666666667,0.334890563309017,0.234641021749571,2.00038845656493,3.82793453175008
2.04801587301587,0.335086427948575,0.234681634168918,1.99943184014009,3.82831635452973
2.04811507936508,0.335281931955469,0.23472231077119,1.99847568125982,3.82869819863152
2.04821428571429,0.335477075884771,0.234763051374627,1.99751997970455,3.82908006388395
2.04831349206349,0.335671860291123,0.234803855797621,1.99656473525482,3.82946195011569
2.0484126984127,0.335866285728745,0.234844723858713,1.99560994769126,3.82984385715555
2.0485119047619,0.336060352751428,0.234885655376601,1.99465561679459,3.83022578483249
2.04861111111111,0.336254061912538,0.234926650170132,1.99370174234566,3.83060773297563
2.04871031746032,0.336447413765012,0.234967708058307,1.9927483241254,3.83098970141421
2.04880952380952,0.336640408861364,0.235008828860278,1.99179536191483,3.83137168997764
2.04890873015873,0.336833047753677,0.23505001239535,1.99084285549508,3.83175369849549
2.04900793650794,0.337025330993612,0.235091258482981,1.98989080464737,3.83213572679745
2.04910714285714,0.3372172591324,0.235132566942779,1.98893920915305,3.83251777471337
2.04920634920635,0.337408832720847,0.235173937594506,1.98798806879353,3.83289984207326
2.04930555555556,0.337600052309332,0.235215370258078,1.98703738335034,3.83328192870727
2.04940476190476,0.337790918447808,0.235256864753559,1.98608715260511,3.8336640344457
2.04950396825397,0.3379814316858,0.235298420901169,1.98513737633956,3.83404615911899
2.04960317460317,0.338171592572408,0.235340038521278,1.98418805433551,3.83442830255774
2.04970238095238,0.338361401656306,0.235381717434411,1.98323918637488,3.83481046459269
2.04980158730159,0.338550859485738,0.235423457461241,1.9822907722397,3.83519264505475
2.04990079365079,0.338739966608525,0.235465258422598,1.9813428117121,3.83557484377495
2.05,0.338928723572059,0.23550712013946,1.98039530457428,3.83595706058448
2.05009920634921,0.33911713092331,0.235549042432962,1.97944825060856,3.83633929531469
2.05019841269841,0.339305189208814,0.235591025124386,1.97850164959738,3.83672154779706
2.05029761904762,0.339492898974685,0.23563306803517,1.97755550132324,3.83710381786323
2.05039682539683,0.339680260766612,0.235675170986904,1.97660980556876,3.83748610534499
2.05049603174603,0.339867275129855,0.235717333801329,1.97566456211666,3.83786841007427
2.05059523809524,0.340053942609246,0.235759556300338,1.97471977074976,3.83825073188316
2.05069444444444,0.340240263749192,0.235801838305979,1.97377543125096,3.83863307060389
2.05079365079365,0.340426239093677,0.235844179640448,1.97283154340329,3.83901542606884
2.05089285714286,0.340611869186251,0.235886580126098,1.97188810698985,3.83939779811055
2.05099206349206,0.340797154570043,0.23592903958543,1.97094512179387,3.83978018656168
2.05109126984127,0.340982095787754,0.235971557841101,1.97000258759864,3.84016259125508
2.05119047619048,0.341166693381659,0.236014134715917,1.96906050418758,3.84054501202371
2.05128968253968,0.341350947893605,0.236056770032839,1.96811887134421,3.8409274487007
2.05138888888889,0.341534859865013,0.236099463614978,1.96717768885213,3.84130990111932
2.0514880952381,0.341718429836878,0.236142215285599,1.96623695649505,3.841692369113
2.0515873015873,0.341901658349768,0.23618502486812,1.96529667405677,3.84207485251531
2.05168650793651,0.342084545943825,0.236227892186108,1.96435684132121,3.84245735115998
2.05178571428571,0.342267093158762,0.236270817063285,1.96341745807237,3.84283986488086
2.05188492063492,0.34244930053387,0.236313799323525,1.96247852409435,3.84322239351197
2.05198412698413,0.342631168608009,0.236356838790853,1.96154003917136,3.8436049368875
2.05208333333333,0.342812697919614,0.236399935289448,1.96060200308771,3.84398749484174
2.05218253968254,0.342993889006695,0.236443088643641,1.9596644156278,3.84437006720916
2.05228174603175,0.343174742406834,0.236486298677913,1.95872727657612,3.84475265382438
2.05238095238095,0.343355258657186,0.2365295652169,1.95779058571729,3.84513525452216
2.05248015873016,0.343535438294479,0.236572888085389,1.956854342836,3.84551786913741
2.05257936507937,0.343715281855016,0.23661626710832,1.95591854771705,3.84590049750518
2.05267857142857,0.343894789874675,0.236659702110784,1.95498320014534,3.84628313946069
2.05277777777778,0.344073962888902,0.236703192918027,1.95404829990587,3.84666579483929
2.05287698412698,0.34425280143272,0.236746739355444,1.95311384678373,3.84704846347649
2.05297619047619,0.344431306040728,0.236790341248584,1.95217984056413,3.84743114520795
2.0530753968254,0.344609477247093,0.236833998423148,1.95124628103236,3.84781383986945
2.0531746031746,0.344787315585558,0.236877710704989,1.95031316797381,3.84819654729697
2.05327380952381,0.34496482158944,0.236921477920114,1.94938050117398,3.84857926732659
2.05337301587302,0.34514199579163,0.236965299894679,1.94844828041847,3.84896199979457
2.05347222222222,0.345318838724589,0.237009176454996,1.94751650549296,3.8493447445373
2.05357142857143,0.345495350920355,0.237053107427527,1.94658517618324,3.84972750139134
2.05367063492063,0.345671532910539,0.237097092638885,1.94565429227522,3.85011027019337
2.05376984126984,0.345847385226323,0.23714113191584,1.94472385355487,3.85049305078024
2.05386904761905,0.346022908398464,0.237185225085309,1.9437938598083,3.85087584298895
2.05396825396825,0.346198102957293,0.237229371974365,1.94286431082168,3.85125864665664
2.05406746031746,0.346372969432714,0.237273572410231,1.9419352063813,3.85164146162059
2.05416666666667,0.346547508354204,0.237317826220285,1.94100654627356,3.85202428771825
2.05426587301587,0.346721720250814,0.237362133232053,1.94007833028494,3.8524071247872
2.05436507936508,0.346895605651168,0.237406493273217,1.93915055820203,3.85278997266519
2.05446428571429,0.347069165083463,0.23745090617161,1.9382232298115,3.85317283119009
2.05456349206349,0.347242399075472,0.237495371755218,1.93729634490015,3.85355570019994
2.0546626984127,0.347415308154537,0.237539889852178,1.93636990325486,3.85393857953293
2.0547619047619,0.347587892847577,0.23758446029078,1.93544390466261,3.85432146902739
2.05486111111111,0.347760153681083,0.237629082899467,1.93451834891048,3.85470436852179
2.05496031746032,0.347932091181121,0.237673757506832,1.93359323578565,3.85508727785477
2.05505952380952,0.348103705873327,0.237718483941623,1.93266856507541,3.8554701968651
2.05515873015873,0.348274998282914,0.237763262032739,1.93174433656713,3.85585312539171
2.05525793650794,0.348445968934668,0.237808091609231,1.93082055004829,3.85623606327369
2.05535714285714,0.348616618352945,0.237852972500303,1.92989720530648,3.85661901035024
2.05545634920635,0.348786947061679,0.237897904535311,1.92897430212936,3.85700196646075
2.05555555555556,0.348956955584374,0.237942887543763,1.92805184030471,3.85738493144474
2.05565476190476,0.349126644444111,0.23798792135532,1.92712981962041,3.85776790514188
2.05575396825397,0.349296014163539,0.238033005799794,1.92620823986444,3.85815088739198
2.05585317460317,0.349465065264885,0.238078140707151,1.92528710082486,3.85853387803502
2.05595238095238,0.349633798269949,0.238123325907508,1.92436640228986,3.85891687691111
2.05605158730159,0.349802213700104,0.238168561231135,1.92344614404769,3.85929988386052
2.05615079365079,0.349970312076293,0.238213846508454,1.92252632588675,3.85968289872366
2.05625,0.350138093919037,0.238259181570039,1.92160694759548,3.8600659213411
2.05634920634921,0.35030555974843,0.238304566246617,1.92068800896248,3.86044895155355
2.05644841269841,0.350472710084137,0.238350000369067,1.9197695097764,3.86083198920186
2.05654761904762,0.350639545445398,0.238395483768419,1.91885144982601,3.86121503412706
2.05664682539683,0.350806066351025,0.238441016275857,1.91793382890018,3.86159808617029
2.05674603174603,0.350972273319407,0.238486597722718,1.91701664678788,3.86198114517287
2.05684523809524,0.351138166868501,0.238532227940488,1.91609990327818,3.86236421097624
2.05694444444444,0.351303747515842,0.238577906760809,1.91518359816023,3.86274728342202
2.05704365079365,0.351469015778537,0.238623634015472,1.91426773122331,3.86313036235196
2.05714285714286,0.351633972173266,0.238669409536424,1.91335230225678,3.86351344760796
2.05724206349206,0.351798617216283,0.23871523315576,1.9124373110501,3.86389653903207
2.05734126984127,0.351962951423414,0.238761104705731,1.91152275739283,3.86427963646649
2.05744047619048,0.35212697531006,0.238807024018738,1.91060864107464,3.86466273975357
2.05753968253968,0.352290689391197,0.238852990927335,1.90969496188528,3.86504584873581
2.05763888888889,0.352454094181369,0.238899005264229,1.90878171961461,3.86542896325584
2.0577380952381,0.352617190194699,0.238945066862278,1.9078689140526,3.86581208315648
2.0578373015873,0.352779977944881,0.238991175554493,1.90695654498931,3.86619520828065
2.05793650793651,0.352942457945183,0.239037331174038,1.90604461221488,3.86657833847146
2.05803571428571,0.353104630708445,0.239083533554228,1.90513311551957,3.86696147357214
2.05813492063492,0.353266496747083,0.23912978252853,1.90422205469376,3.86734461342608
2.05823412698413,0.353428056573085,0.239176077930565,1.90331142952787,3.86772775787682
2.05833333333333,0.35358931069801,0.239222419594105,1.90240123981248,3.86811090676806
2.05843253968254,0.353750259632996,0.239268807353074,1.90149148533824,3.86849405994361
2.05853174603175,0.353910903888749,0.239315241041551,1.90058216589589,3.86887721724748
2.05863095238095,0.354071243975553,0.239361720493763,1.8996732812763,3.86926037852379
2.05873015873016,0.354231280403261,0.239408245544093,1.8987648312704,3.86964354361682
2.05882936507937,0.354391013681303,0.239454816027073,1.89785681566926,3.87002671237101
2.05892857142857,0.35455044431868,0.239501431777391,1.89694923426402,3.87040988463094
2.05902777777778,0.354709572823969,0.239548092629885,1.89604208684593,3.87079306024133
2.05912698412698,0.354868399705317,0.239594798419546,1.89513537320633,3.87117623904706
2.05922619047619,0.355026925470448,0.239641548981515,1.89422909313669,3.87155942089316
2.0593253968254,0.355185150626657,0.239688344151089,1.89332324642853,3.8719426056248
2.0594246031746,0.355343075680813,0.239735183763716,1.89241783287351,3.87232579308731
2.05952380952381,0.355500701139359,0.239782067654994,1.89151285226338,3.87270898312616
2.05962301587302,0.355658027508311,0.239828995660677,1.89060830438997,3.87309217558696
2.05972222222222,0.355815055293259,0.239875967616668,1.88970418904523,3.8734753703155
2.05982142857143,0.355971784999365,0.239922983359024,1.88880050602121,3.87385856715768
2.05992063492063,0.356128217131365,0.239970042723954,1.88789725511004,3.87424176595958
2.06001984126984,0.35628435219357,0.24001714554782,1.88699443610397,3.87462496656741
2.06011904761905,0.356440190689864,0.240064291667135,1.88609204879532,3.87500816882754
2.06021825396825,0.356595733123701,0.240111480918564,1.88519009297656,3.87539137258648
2.06031746031746,0.356750979998113,0.240158713138927,1.88428856844021,3.87577457769088
2.06041666666667,0.356905931815704,0.240205988165193,1.88338747497892,3.87615778398757
2.06051587301587,0.357060589078649,0.240253305834486,1.88248681238541,3.87654099132351
2.06061507936508,0.3572149522887,0.240300665984079,1.88158658045252,3.8769241995458
2.06071428571429,0.35736902194718,0.240348068451401,1.8806867789732,3.87730740850169
2.06081349206349,0.357522798554987,0.240395513074031,1.87978740774047,3.8776906180386
2.0609126984127,0.357676282612591,0.240442999689701,1.87888846654747,3.87807382800409
2.0610119047619,0.357829474620036,0.240490528136295,1.87798995518743,3.87845703824584
2.06111111111111,0.35798237507694,0.24053809825185,1.87709187345369,3.87884024861172
2.06121031746032,0.358134984482495,0.240585709874554,1.87619422113967,3.87922345894974
2.06130952380952,0.358287303335463,0.240633362842748,1.87529699803891,3.87960666910802
2.06140873015873,0.358439332134184,0.240681056994926,1.87440020394504,3.87998987893489
2.06150793650794,0.358591071376568,0.240728792169734,1.87350383865179,3.88037308827878
2.06160714285714,0.3587425215601,0.240776568205968,1.87260790195297,3.88075629698829
2.06170634920635,0.358893683181839,0.24082438494258,1.87171239364253,3.88113950491216
2.06180555555556,0.359044556738415,0.240872242218672,1.87081731351449,3.8815227118993
2.06190476190476,0.359195142726034,0.240920139873498,1.86992266136298,3.88190591779873
2.06200396825397,0.359345441640475,0.240968077746466,1.86902843698221,3.88228912245966
2.06210317460317,0.359495453977089,0.241016055677135,1.86813464016653,3.88267232573142
2.06220238095238,0.359645180230801,0.241064073505217,1.86724127071033,3.8830555274635
2.06230158730159,0.359794620896111,0.241112131070575,1.86634832840817,3.88343872750554
2.06240079365079,0.359943776467091,0.241160228213227,1.86545581305464,3.88382192570733
2.0625,0.360092647437385,0.241208364773339,1.86456372444448,3.8842051219188
2.06259920634921,0.360241234300213,0.241256540591233,1.86367206237251,3.88458831599003
2.06269841269841,0.360389537548369,0.241304755507383,1.86278082663363,3.88497150777126
2.06279761904762,0.360537557674216,0.241353009362413,1.86189001702289,3.88535469711287
2.06289682539683,0.360685295169695,0.241401301997101,1.86099963333539,3.88573788386538
2.06299603174603,0.360832750526319,0.241449633252378,1.86010967536635,3.88612106787949
2.06309523809524,0.360979924235174,0.241498002969325,1.85922014291108,3.88650424900601
2.06319444444444,0.361126816786919,0.241546410989177,1.85833103576501,3.88688742709591
2.06329365079365,0.361273428671787,0.24159485715332,1.85744235372364,3.88727060200034
2.06339285714286,0.361419760379586,0.241643341303294,1.8565540965826,3.88765377357056
2.06349206349206,0.361565812399695,0.241691863280791,1.85566626413759,3.88803694165799
2.06359126984127,0.361711585221066,0.241740422927653,1.85477885618443,3.8884201061142
2.06369047619048,0.361857079332228,0.241789020085877,1.85389187251903,3.88880326679092
2.06378968253968,0.36200229522128,0.241837654597612,1.8530053129374,3.88918642354001
2.06388888888889,0.362147233375896,0.241886326305157,1.85211917723566,3.88956957621349
2.0639880952381,0.362291894283323,0.241935035050965,1.85123346521,3.88995272466353
2.0640873015873,0.362436278430382,0.241983780677642,1.85034817665675,3.89033586874245
2.06418650793651,0.362580386303466,0.242032563027946,1.8494633113723,3.8907190083027
2.06428571428571,0.362724218388543,0.242081381944785,1.84857886915317,3.8911021431969
2.06438492063492,0.362867775171154,0.242130237271221,1.84769484979596,3.89148527327781
2.06448412698413,0.363011057136412,0.24217912885047,1.84681125309737,3.89186839839834
2.06458333333333,0.363154064769007,0.242228056525897,1.84592807885422,3.89225151841156
2.06468253968254,0.363296798553198,0.242277020141022,1.8450453268634,3.89263463317066
2.06478174603175,0.363439258972821,0.242326019539515,1.84416299692193,3.893017742529
2.06488095238095,0.363581446511282,0.2423750545652,1.8432810888269,3.8934008463401
2.06498015873016,0.363723361651565,0.242424125062054,1.84239960237551,3.8937839444576
2.06507936507937,0.363865004876223,0.242473230874202,1.84151853736506,3.8941670367353
2.06517857142857,0.364006376667385,0.242522371845927,1.84063789359296,3.89455012302717
2.06527777777778,0.364147477506753,0.242571547821661,1.83975767085671,3.89493320318729
2.06537698412698,0.364288307875601,0.242620758645988,1.83887786895389,3.89531627706992
2.06547619047619,0.364428868254779,0.242670004163646,1.83799848768222,3.89569934452945
2.0655753968254,0.364569159124707,0.242719284219524,1.83711952683948,3.89608240542044
2.0656746031746,0.364709180965383,0.242768598658664,1.83624098622358,3.89646545959758
2.06577380952381,0.364848934256374,0.24281794732626,1.83536286563251,3.8968485069157
2.06587301587302,0.364988419476823,0.242867330067659,1.83448516486436,3.89723154722981
2.06597222222222,0.365127637105446,0.242916746728358,1.83360788371733,3.89761458039505
2.06607142857143,0.365266587620531,0.242966197154009,1.83273102198971,3.8979976062667
2.06617063492063,0.365405271499942,0.243015681190415,1.83185457947989,3.89838062470021
2.06626984126984,0.365543689221114,0.243065198683532,1.83097855598637,3.89876363555116
2.06636904761905,0.365681841261058,0.243114749479467,1.83010295130774,3.89914663867529
2.06646825396825,0.365819728096355,0.243164333424481,1.82922776524267,3.89952963392849
2.06656746031746,0.365957350203162,0.243213950364985,1.82835299758998,3.89991262116678
2.06666666666667,0.366094708057209,0.243263600147544,1.82747864814853,3.90029560024636
2.06676587301587,0.366231802133799,0.243313282618875,1.82660471671733,3.90067857102355
2.06686507936508,0.366368632907809,0.243362997625849,1.82573120309545,3.90106153335484
2.06696428571429,0.366505200853689,0.243412745015485,1.82485810708209,3.90144448709685
2.06706349206349,0.366641506445462,0.243462524634958,1.82398542847652,3.90182743210636
2.0671626984127,0.366777550156725,0.243512336331594,1.82311316707814,3.90221036824031
2.0672619047619,0.366913332460649,0.243562179952871,1.82224132268642,3.90259329535575
2.06736111111111,0.367048853829977,0.24361205534642,1.82136989510096,3.90297621330992
2.06746031746032,0.367184114737026,0.243661962360024,1.82049888412143,3.9033591219602
2.06755952380952,0.367319115653688,0.243711900841618,1.8196282895476,3.90374202116409
2.06765873015873,0.367453857051427,0.243761870639289,1.81875811117937,3.90412491077928
2.06775793650794,0.367588339401278,0.243811871601278,1.81788834881672,3.90450779066359
2.06785714285714,0.367722563173855,0.243861903575977,1.81701900225972,3.90489066067497
2.06795634920635,0.367856528839341,0.24391196641193,1.81615007130854,3.90527352067155
2.06805555555556,0.367990236867494,0.243962059957833,1.81528155576347,3.9056563705116
2.06815476190476,0.368123687727645,0.244012184062536,1.81441345542489,3.90603921005352
2.06825396825397,0.368256881888699,0.24406233857504,1.81354577009327,3.90642203915588
2.06835317460317,0.368389819819134,0.244112523344498,1.81267849956918,3.90680485767739
2.06845238095238,0.368522501987002,0.244162738220217,1.8118116436533,3.90718766547692
2.06855158730159,0.368654928859927,0.244212983051654,1.81094520214641,3.90757046241347
2.06865079365079,0.368787100905108,0.24426325768842,1.81007917484937,3.9079532483462
2.06875,0.368919018589317,0.244313561980277,1.80921356156315,3.90833602313442
2.06884920634921,0.369050682378898,0.244363895777141,1.80834836208884,3.90871878663757
2.06894841269841,0.369182092739772,0.244414258929079,1.80748357622759,3.90910153871528
2.06904761904762,0.36931325013743,0.24446465128631,1.80661920378068,3.90948427922729
2.06914682539683,0.369444155036936,0.244515072699206,1.80575524454948,3.90986700803349
2.06924603174603,0.369574807902932,0.244565523018292,1.80489169833545,3.91024972499395
2.06934523809524,0.369705208660996,0.244616002313784,1.80402856491776,3.9106324301905
2.06944444444444,0.369835355666075,0.244666511295179,1.803165844015,3.91101512435015
2.06954365079365,0.369965249032511,0.244717049953787,1.80230353542491,3.91139780747466
2.06964285714286,0.370094889068269,0.244767618201939,1.80144163895357,3.91178047948601
2.06974206349206,0.370224276081146,0.244818215952017,1.80058015440716,3.91216314030625
2.06984126984127,0.370353410378775,0.244868843116457,1.79971908159192,3.91254578985748
2.06994047619048,0.370482292268623,0.244919499607744,1.79885842031418,3.91292842806185
2.07003968253968,0.370610922057993,0.244970185338419,1.79799817038033,3.91331105484154
2.07013888888889,0.370739300054022,0.245020900221073,1.79713833159686,3.91369367011881
2.0702380952381,0.370867426563681,0.245071644168351,1.7962789037703,3.91407627381594
2.0703373015873,0.370995301893778,0.245122417092947,1.79541988670729,3.91445886585528
2.07043650793651,0.371122926350953,0.24517321890761,1.79456128021453,3.91484144615921
2.07053571428571,0.371250300241683,0.245224049525141,1.79370308409877,3.91522401465018
2.07063492063492,0.371377423872279,0.245274908858391,1.79284529816689,3.91560657125067
2.07073412698413,0.371504297548886,0.245325796820267,1.7919879222258,3.91598911588322
2.07083333333333,0.371630921577486,0.245376713323724,1.79113095608251,3.91637164847043
2.07093253968254,0.371757296263893,0.245427658281772,1.79027439954407,3.91675416893492
2.07103174603175,0.371883421913759,0.245478631607473,1.78941825241766,3.91713667719938
2.07113095238095,0.372009298832567,0.24552963321394,1.78856251451049,3.91751917318655
2.07123015873016,0.372134927325637,0.245580663014339,1.78770718562986,3.9179016568192
2.07132936507937,0.372260307698125,0.245631720921887,1.78685226558315,3.91828412802019
2.07142857142857,0.372385440255019,0.245682806849856,1.78599775417782,3.91866658671237
2.07152777777778,0.372510325301144,0.245733920711568,1.78514365122138,3.91904903281869
2.07162698412698,0.372634963141158,0.245785062420397,1.78428995652143,3.91943146626213
2.07172619047619,0.372759354079555,0.24583623188977,1.78343666988566,3.91981388696571
2.0718253968254,0.372883498420664,0.245887429033167,1.78258379112182,3.92019629485251
2.0719246031746,0.373007396468648,0.245938653764118,1.78173132003773,3.92057868984567
2.07202380952381,0.373131048527505,0.245989905996207,1.78087925644129,3.92096107186835
2.07212301587302,0.373254454901068,0.24604118564307,1.78002760014049,3.92134344084379
2.07222222222222,0.373377615893004,0.246092492618394,1.77917635094337,3.92172579669526
2.07232142857143,0.373500531806817,0.246143826835921,1.77832550865806,3.92210813934608
2.07242063492063,0.373623202945842,0.246195188209442,1.77747507309276,3.92249046871962
2.07251984126984,0.373745629613253,0.246246576652801,1.77662504405576,3.92287278473932
2.07261904761905,0.373867812112056,0.246297992079895,1.7757754213554,3.92325508732863
2.07271825396825,0.373989750745092,0.246349434404674,1.77492620480011,3.92363737641109
2.07281746031746,0.374111445815039,0.246400903541139,1.7740773941984,3.92401965191026
2.07291666666667,0.374232897624407,0.246452399403343,1.77322898935884,3.92440191374976
2.07301587301587,0.374354106475542,0.24650392190539,1.77238099009009,3.92478416185325
2.07311507936508,0.374475072670625,0.246555470961441,1.77153339620088,3.92516639614446
2.07321428571429,0.374595796511671,0.246607046485703,1.77068620750001,3.92554861654716
2.07331349206349,0.374716278300532,0.24665864839244,1.76983942379635,3.92593082298515
2.0734126984127,0.374836518338891,0.246710276595966,1.76899304489888,3.9263130153823
2.0735119047619,0.37495651692827,0.246761931010647,1.7681470706166,3.92669519366253
2.07361111111111,0.375076274370022,0.246813611550903,1.76730150075863,3.92707735774979
2.07371031746032,0.375195790965337,0.246865318131204,1.76645633513415,3.92745950756811
2.07380952380952,0.375315067015239,0.246917050666073,1.76561157355241,3.92784164304154
2.07390873015873,0.375434102820589,0.246968809070087,1.76476721582274,3.92822376409419
2.07400793650794,0.375552898682078,0.247020593257872,1.76392326175456,3.92860587065023
2.07410714285714,0.375671454900237,0.247072403144108,1.76307971115733,3.92898796263385
2.07420634920635,0.375789771775428,0.247124238643528,1.76223656384061,3.92937003996932
2.07430555555556,0.37590784960785,0.247176099670917,1.76139381961403,3.92975210258095
2.07440476190476,0.376025688697536,0.247227986141109,1.76055147828731,3.93013415039309
2.07450396825397,0.376143289344353,0.247279897968995,1.75970953967022,3.93051618333014
2.07460317460317,0.376260651848005,0.247331835069514,1.75886800357261,3.93089820131657
2.07470238095238,0.376377776508028,0.247383797357661,1.75802686980442,3.93128020427686
2.07480158730159,0.376494663623796,0.247435784748479,1.75718613817566,3.93166219213559
2.07490079365079,0.376611313494514,0.247487797157068,1.75634580849641,3.93204416481734
2.075,0.376727726419225,0.247539834498577,1.75550588057681,3.93242612224677
2.07509920634921,0.376843902696805,0.247591896688206,1.75466635422712,3.93280806434858
2.07519841269841,0.376959842625965,0.247643983641212,1.75382722925763,3.93318999104752
2.07529761904762,0.377075546505252,0.2476960952729,1.75298850547872,3.93357190226839
2.07539682539683,0.377191014633047,0.247748231498628,1.75215018270085,3.93395379793603
2.07549603174603,0.377306247307566,0.247800392233808,1.75131226073456,3.93433567797533
2.07559523809524,0.377421244826858,0.247852577393902,1.75047473939045,3.93471754231126
2.07569444444444,0.377536007488809,0.247904786894426,1.74963761847921,3.93509939086879
2.07579365079365,0.37765053559114,0.247957020650947,1.74880089781159,3.93548122357298
2.07589285714286,0.377764829431405,0.248009278579084,1.74796457719843,3.93586304034892
2.07599206349206,0.377878889306993,0.248061560594509,1.74712865645063,3.93624484112174
2.07609126984127,0.377992715515131,0.248113866612948,1.74629313537918,3.93662662581665
2.07619047619048,0.378106308352875,0.248166196550174,1.74545801379515,3.93700839435888
2.07628968253968,0.378219668117121,0.248218550322018,1.74462329150965,3.93739014667371
2.07638888888889,0.378332795104598,0.248270927844359,1.74378896833391,3.9377718826865
2.0764880952381,0.378445689611869,0.248323329033131,1.7429550440792,3.93815360232263
2.0765873015873,0.378558351935333,0.248375753804319,1.74212151855688,3.93853530550753
2.07668650793651,0.378670782371222,0.248428202073959,1.7412883915784,3.93891699216669
2.07678571428571,0.378782981215604,0.248480673758142,1.74045566295526,3.93929866222565
2.07688492063492,0.378894948764384,0.248533168773008,1.73962333249903,3.93968031560998
2.07698412698413,0.379006685313298,0.248585687034753,1.7387914000214,3.94006195224533
2.07708333333333,0.379118191157918,0.248638228459622,1.73795986533408,3.94044357205738
2.07718253968254,0.379229466593651,0.248690792963913,1.7371287282489,3.94082517497185
2.07728174603175,0.379340511915741,0.248743380463976,1.73629798857772,3.94120676091454
2.07738095238095,0.379451327419262,0.248795990876216,1.73546764613253,3.94158832981126
2.07748015873016,0.379561913399127,0.248848624117085,1.73463770072535,3.9419698815879
2.07757936507937,0.379672270150083,0.248901280103093,1.73380815216829,3.94235141617039
2.07767857142857,0.37978239796671,0.248953958750797,1.73297900027354,3.94273293348471
2.07777777777778,0.379892297143424,0.24900665997681,1.73215024485336,3.94311443345687
2.07787698412698,0.380001967974476,0.249059383697795,1.73132188572009,3.94349591601296
2.07797619047619,0.380111410753951,0.249112129830468,1.73049392268614,3.9438773810791
2.0780753968254,0.38022062577577,0.249164898291598,1.729666355564,3.94425882858147
2.0781746031746,0.380329613333687,0.249217688998004,1.72883918416622,3.94464025844629
2.07827380952381,0.380438373721294,0.24927050186656,1.72801240830545,3.94502167059982
2.07837301587302,0.380546907232013,0.24932333681419,1.7271860277944,3.9454030649684
2.07847222222222,0.380655214159105,0.249376193757871,1.72636004244585,3.94578444147839
2.07857142857143,0.380763294795664,0.249429072614633,1.72553445207268,3.94616580005622
2.07867063492063,0.380871149434618,0.249481973301556,1.7247092564878,3.94654714062834
2.07876984126984,0.380978778368733,0.249534895735775,1.72388445550425,3.94692846312129
2.07886904761905,0.381086181890605,0.249587839834475,1.7230600489351,3.94730976746162
2.07896825396825,0.381193360292669,0.249640805514894,1.72223603659353,3.94769105357596
2.07906746031746,0.381300313867193,0.249693792694324,1.72141241829276,3.94807232139096
2.07916666666667,0.38140704290628,0.249746801290104,1.72058919384612,3.94845357083335
2.07926587301587,0.381513547701867,0.249799831219632,1.71976636306699,3.94883480182988
2.07936507936508,0.381619828545727,0.249852882400353,1.71894392576883,3.94921601430737
2.07946428571429,0.381725885729467,0.249905954749767,1.71812188176519,3.94959720819268
2.07956349206349,0.38183171954453,0.249959048185425,1.71730023086968,3.94997838341272
2.0796626984127,0.381937330282193,0.25001216262493,1.71647897289598,3.95035953989446
2.0797619047619,0.382042718233566,0.250065297985939,1.71565810765788,3.95074067756489
2.07986111111111,0.382147883689598,0.250118454186158,1.71483763496919,3.95112179635109
2.07996031746032,0.382252826941068,0.250171631143349,1.71401755464384,3.95150289618016
2.08005952380952,0.382357548278593,0.250224828775323,1.71319786649582,3.95188397697924
2.08015873015873,0.382462047992623,0.250278046999945,1.7123785703392,3.95226503867556
2.08025793650794,0.382566326373446,0.250331285735133,1.7115596659881,3.95264608119637
2.08035714285714,0.38267038371118,0.250384544898853,1.71074115325676,3.95302710446896
2.08045634920635,0.382774220295782,0.250437824409129,1.70992303195946,3.95340810842069
2.08055555555556,0.38287783641704,0.250491124184033,1.70910530191057,3.95378909297897
2.08065476190476,0.382981232364581,0.250544444141691,1.70828796292452,3.95417005807125
2.08075396825397,0.383084408427863,0.250597784200281,1.70747101481584,3.95455100362502
2.08085317460317,0.383187364896181,0.250651144278032,1.70665445739912,3.95493192956784
2.08095238095238,0.383290102058665,0.250704524293227,1.70583829048901,3.95531283582731
2.08105158730159,0.383392620204277,0.250757924164201,1.70502251390027,3.95569372233107
2.08115079365079,0.383494919621817,0.250811343809339,1.70420712744771,3.95607458900682
2.08125,0.383597000599919,0.250864783147081,1.70339213094623,3.9564554357823
2.08134920634921,0.383698863427051,0.250918242095918,1.70257752421078,3.95683626258533
2.08144841269841,0.383800508391516,0.250971720574392,1.70176330705642,3.95721706934372
2.08154761904762,0.383901935781451,0.2510252185011,1.70094947929826,3.95759785598539
2.08164682539683,0.38400314588483,0.251078735794689,1.70013604075149,3.95797862243828
2.08174603174603,0.38410413898946,0.25113227237386,1.69932299123138,3.95835936863037
2.08184523809524,0.384204915382984,0.251185828157363,1.69851033055327,3.9587400944897
2.08194444444444,0.384305475352878,0.251239403064003,1.69769805853259,3.95912079994438
2.08204365079365,0.384405819186454,0.251292997012638,1.69688617498483,3.95950148492253
2.08214285714286,0.38450594717086,0.251346609922174,1.69607467972555,3.95988214935235
2.08224206349206,0.384605859593075,0.251400241711574,1.6952635725704,3.96026279316207
2.08234126984127,0.384705556739918,0.251453892299851,1.69445285333509,3.96064341627998
2.08244047619048,0.384805038898038,0.25150756160607,1.69364252183543,3.96102401863441
2.08253968253968,0.384904306353922,0.251561249549347,1.69283257788727,3.96140460015376
2.08263888888889,0.38500335939389,0.251614956048854,1.69202302130658,3.96178516076645
2.0827380952381,0.385102198304097,0.251668681023812,1.69121385190935,3.96216570040097
2.0828373015873,0.385200823370535,0.251722424393495,1.6904050695117,3.96254621898586
2.08293650793651,0.385299234879027,0.25177618607723,1.68959667392978,3.96292671644968
2.08303571428571,0.385397433115234,0.251829965994394,1.68878866497985,3.96330719272108
2.08313492063492,0.385495418364649,0.25188376406442,1.68798104247822,3.96368764772873
2.08323412698413,0.385593190912604,0.251937580206789,1.68717380624129,3.96406808140137
2.08333333333333,0.385690751044261,0.251991414341038,1.68636695608554,3.96444849366777
2.08343253968254,0.385788099044619,0.252045266386752,1.6855604918275,3.96482888445675
2.08353174603175,0.385885235198513,0.252099136263573,1.68475441328379,3.9652092536972
2.08363095238095,0.385982159790611,0.252153023891192,1.68394872027112,3.96558960131804
2.08373015873016,0.386078873105415,0.252206929189353,1.68314341260626,3.96596992724824
2.08382936507937,0.386175375427265,0.252260852077851,1.68233849010604,3.96635023141683
2.08392857142857,0.386271667040333,0.252314792476537,1.68153395258739,3.96673051375289
2.08402777777778,0.386367748228627,0.252368750305309,1.68072979986732,3.96711077418553
2.08412698412698,0.386463619275989,0.252422725484121,1.67992603176288,3.96749101264392
2.08422619047619,0.386559280466096,0.252476717932979,1.67912264809124,3.96787122905729
2.0843253968254,0.386654732082461,0.252530727571939,1.6783196486696,3.9682514233549
2.0844246031746,0.38674997440843,0.25258475432111,1.67751703331527,3.96863159546608
2.08452380952381,0.386845007727186,0.252638798100656,1.67671480184562,3.96901174532019
2.08462301587302,0.386939832321743,0.252692858830788,1.6759129540781,3.96939187284665
2.08472222222222,0.387034448474955,0.252746936431774,1.67511148983022,3.96977197797492
2.08482142857143,0.387128856469506,0.252801030823932,1.6743104089196,3.97015206063452
2.08492063492063,0.387223056587917,0.252855141927633,1.67350971116389,3.97053212075502
2.08501984126984,0.387317049112545,0.252909269663298,1.67270939638086,3.97091215826602
2.08511904761905,0.387410834325579,0.252963413951403,1.67190946438832,3.97129217309719
2.08521825396825,0.387504412509044,0.253017574712476,1.67110991500417,3.97167216517825
2.08531746031746,0.387597783944801,0.253071751867094,1.67031074804638,3.97205213443895
2.08541666666667,0.387690948914544,0.253125945335892,1.66951196333301,3.9724320808091
2.08551587301587,0.387783907699802,0.25318015503955,1.66871356068218,3.97281200421856
2.08561507936508,0.387876660581941,0.253234380898806,1.66791553991209,3.97319190459725
2.08571428571429,0.387969207842159,0.253288622834449,1.66711790084101,3.97357178187511
2.08581349206349,0.38806154976149,0.253342880767317,1.66632064328729,3.97395163598216
2.0859126984127,0.388153686620803,0.253397154618305,1.66552376706936,3.97433146684844
2.0860119047619,0.388245618700801,0.253451444308356,1.66472727200572,3.97471127440407
2.08611111111111,0.388337346282022,0.253505749758468,1.66393115791493,3.9750910585792
2.08621031746032,0.38842886964484,0.25356007088969,1.66313542461566,3.97547081930403
2.08630952380952,0.388520189069463,0.253614407623123,1.66234007192663,3.97585055650882
2.08640873015873,0.388611304835932,0.253668759879921,1.66154509966664,3.97623027012386
2.08650793650794,0.388702217224126,0.253723127581291,1.66075050765455,3.97660996007951
2.08660714285714,0.388792926513757,0.253777510648488,1.65995629570934,3.97698962630616
2.08670634920635,0.388883432984371,0.253831909002825,1.65916246365001,3.97736926873426
2.08680555555556,0.388973736915351,0.253886322565664,1.65836901129568,3.97774888729432
2.08690476190476,0.389063838585913,0.253940751258419,1.65757593846552,3.97812848191688
2.08700396825397,0.389153738275109,0.253995195002557,1.65678324497878,3.97850805253254
2.08710317460317,0.389243436261824,0.254049653719597,1.65599093065478,3.97888759907193
2.08720238095238,0.38933293282478,0.254104127331111,1.65519899531294,3.97926712146576
2.08730158730159,0.389422228242532,0.254158615758722,1.65440743877271,3.97964661964477
2.08740079365079,0.389511322793471,0.254213118924105,1.65361626085367,3.98002609353976
2.0875,0.389600216755822,0.254267636748989,1.65282546137544,3.98040554308155
2.08759920634921,0.389688910407646,0.254322169155154,1.65203504015771,3.98078496820105
2.08769841269841,0.389777404026837,0.254376716064432,1.65124499702026,3.98116436882919
2.08779761904762,0.389865697891125,0.254431277398708,1.65045533178296,3.98154374489697
2.08789682539683,0.389953792278074,0.254485853079918,1.64966604426573,3.98192309633542
2.08799603174603,0.390041687465084,0.254540443030051,1.64887713428856,3.98230242307563
2.08809523809524,0.390129383729389,0.254595047171149,1.64808860167154,3.98268172504874
2.08819444444444,0.390216881348057,0.254649665425305,1.64730044623483,3.98306100218593
2.08829365079365,0.390304180597993,0.254704297714664,1.64651266779864,3.98344025441844
2.08839285714286,0.390391281755935,0.254758943961425,1.64572526618329,3.98381948167754
2.08849206349206,0.390478185098456,0.254813604087836,1.64493824120916,3.98419868389459
2.08859126984127,0.390564890901963,0.254868278016202,1.64415159269669,3.98457786100095
2.08869047619048,0.390651399442701,0.254922965668875,1.64336532046642,3.98495701292805
2.08878968253968,0.390737710996746,0.254977666968262,1.64257942433895,3.98533613960739
2.08888888888889,0.390823825840011,0.255032381836823,1.64179390413496,3.98571524097049
2.0889880952381,0.390909744248242,0.255087110197068,1.64100875967521,3.98609431694892
2.0890873015873,0.390995466497023,0.255141851971561,1.64022399078053,3.98647336747432
2.08918650793651,0.39108099286177,0.255196607082917,1.63943959727181,3.98685239247836
2.08928571428571,0.391166323617734,0.255251375453804,1.63865557897005,3.98723139189277
2.08938492063492,0.391251459040001,0.255306157006941,1.6378719356963,3.98761036564933
2.08948412698413,0.391336399403493,0.255360951665101,1.63708866727168,3.98798931367986
2.08958333333333,0.391421144982966,0.255415759351108,1.63630577351741,3.98836823591622
2.08968253968254,0.391505696053011,0.255470579987838,1.63552325425477,3.98874713229036
2.08978174603175,0.391590052888052,0.25552541349822,1.6347411093051,3.98912600273423
2.08988095238095,0.391674215762351,0.255580259805236,1.63395933848985,3.98950484717986
2.08998015873016,0.391758184950001,0.255635118831917,1.63317794163052,3.98988366555932
2.09007936507937,0.391841960724934,0.25568999050135,1.63239691854868,3.99026245780473
2.09017857142857,0.391925543360914,0.255744874736672,1.63161626906601,3.99064122384825
2.09027777777778,0.39200893313154,0.255799771461072,1.63083599300422,3.99101996362211
2.09037698412698,0.392092130310247,0.255854680597794,1.63005609018513,3.99139867705857
2.09047619047619,0.392175135170303,0.25590960207013,1.62927656043062,3.99177736408995
2.0905753968254,0.392257947984812,0.255964535801427,1.62849740356265,3.99215602464861
2.0906746031746,0.392340569026714,0.256019481715084,1.62771861940324,3.99253465866697
2.09077380952381,0.392422998568781,0.256074439734552,1.62694020777451,3.99291326607748
2.09087301587302,0.392505236883622,0.256129409783333,1.62616216849864,3.99329184681267
2.09097222222222,0.392587284243679,0.256184391784983,1.62538450139789,3.9936704008051
2.09107142857143,0.392669140921231,0.256239385663108,1.62460720629459,3.99404892798736
2.09117063492063,0.392750807188389,0.25629439134137,1.62383028301115,3.99442742829214
2.09126984126984,0.392832283317102,0.256349408743479,1.62305373137005,3.99480590165212
2.09136904761905,0.392913569579151,0.2564044377932,1.62227755119385,3.99518434800008
2.09146825396825,0.392994666246154,0.256459478414348,1.62150174230519,3.99556276726881
2.09156746031746,0.393075573589561,0.256514530530793,1.62072630452678,3.99594115939119
2.09166666666667,0.393156291880661,0.256569594066454,1.61995123768139,3.9963195243001
2.09176587301587,0.393236821390573,0.256624668945306,1.61917654159189,3.99669786192851
2.09186507936508,0.393317162390254,0.256679755091372,1.61840221608122,3.99707617220941
2.09196428571429,0.393397315150495,0.25673485242873,1.61762826097238,3.99745445507587
2.09206349206349,0.393477279941922,0.256789960881509,1.61685467608845,3.99783271046099
2.0921626984127,0.393557057034995,0.256845080373892,1.6160814612526,3.99821093829791
2.0922619047619,0.393636646700009,0.256900210830112,1.61530861628807,3.99858913851983
2.09236111111111,0.393716049207094,0.256955352174455,1.61453614101816,3.99896731106001
2.09246031746032,0.393795264826216,0.25701050433126,1.61376403526626,3.99934545585175
2.09255952380952,0.393874293827173,0.257065667224916,1.61299229885583,3.99972357282838
2.09265873015873,0.3939531364796,0.257120840779868,1.61222093161041,4.00010166192332
2.09275793650794,0.394031793052967,0.257176024920609,1.6114499333536,4.00047972307
2.09285714285714,0.394110263816578,0.257231219571687,1.6106793039091,4.00085775620192
2.09295634920635,0.39418854903957,0.257286424657701,1.60990904310066,4.00123576125262
2.09305555555556,0.394266648990919,0.257341640103303,1.60913915075212,4.00161373815571
2.09315476190476,0.394344563939431,0.257396865833196,1.60836962668739,4.00199168684481
2.09325396825397,0.394422294153751,0.257452101772137,1.60760047073046,4.00236960725362
2.09335317460317,0.394499839902356,0.257507347844933,1.6068316827054,4.00274749931589
2.09345238095238,0.394577201453559,0.257562603976446,1.60606326243633,4.0031253629654
2.09355158730159,0.394654379075508,0.257617870091587,1.60529520974748,4.00350319813599
2.09365079365079,0.394731373036184,0.257673146115321,1.60452752446312,4.00388100476155
2.09375,0.394808183603406,0.257728431972666,1.60376020640762,4.00425878277602
2.09384920634921,0.394884811044824,0.257783727588691,1.60299325540543,4.00463653211338
2.09394841269841,0.394961255627926,0.257839032888517,1.60222667128104,4.00501425270767
2.09404761904762,0.395037517620033,0.257894347797317,1.60146045385906,4.00539194449298
2.09414682539683,0.395113597288301,0.257949672240318,1.60069460296414,4.00576960740344
2.09424603174603,0.395189494899721,0.258005006142798,1.59992911842102,4.00614724137322
2.09434523809524,0.39526521072112,0.258060349430087,1.59916400005452,4.00652484633657
2.09444444444444,0.395340745019157,0.258115702027567,1.59839924768953,4.00690242222777
2.09454365079365,0.395416098060329,0.258171063860672,1.597634861151,4.00727996898114
2.09464285714286,0.395491270110965,0.258226434854891,1.59687084026398,4.00765748653106
2.09474206349206,0.395566261437231,0.258281814935762,1.59610718485358,4.00803497481197
2.09484126984127,0.395641072305126,0.258337204028876,1.59534389474499,4.00841243375834
2.09494047619048,0.395715702980485,0.258392602059877,1.59458096976349,4.0087898633047
2.09503968253968,0.395790153728977,0.25844800895446,1.59381840973439,4.00916726338563
2.09513888888889,0.395864424816106,0.258503424638374,1.59305621448313,4.00954463393574
2.0952380952381,0.395938516507212,0.258558849037418,1.59229438383519,4.00992197488972
2.0953373015873,0.396012429067468,0.258614282077446,1.59153291761614,4.01029928618228
2.09543650793651,0.396086162761883,0.25866972368436,1.59077181565161,4.01067656774821
2.09553571428571,0.3961597178553,0.258725173784119,1.59001107776732,4.01105381952232
2.09563492063492,0.396233094612396,0.258780632302731,1.58925070378907,4.01143104143948
2.09573412698413,0.396306293297686,0.258836099166257,1.58849069354272,4.01180823343462
2.09583333333333,0.396379314175517,0.258891574300812,1.58773104685421,4.0121853954427
2.09593253968254,0.396452157510071,0.258947057632559,1.58697176354956,4.01256252739874
2.09603174603175,0.396524823565365,0.259002549087717,1.58621284345485,4.01293962923781
2.09613095238095,0.396597312605252,0.259058048592556,1.58545428639626,4.01331670089502
2.09623015873016,0.396669624893418,0.259113556073399,1.58469609220003,4.01369374230555
2.09632936507937,0.396741760693386,0.259169071456619,1.58393826069247,4.0140707534046
2.09642857142857,0.39681372026851,0.259224594668644,1.58318079169997,4.01444773412744
2.09652777777778,0.396885503881984,0.259280125635951,1.58242368504901,4.01482468440938
2.09662698412698,0.396957111796833,0.259335664285073,1.58166694056612,4.01520160418579
2.09672619047619,0.397028544275917,0.259391210542593,1.58091055807793,4.01557849339207
2.0968253968254,0.397099801581932,0.259446764335145,1.58015453741112,4.0159553519637
2.0969246031746,0.397170883977409,0.259502325589417,1.57939887839247,4.01633217983617
2.09702380952381,0.397241791724712,0.25955789423215,1.57864358084881,4.01670897694504
2.09712301587302,0.397312525086043,0.259613470190136,1.57788864460707,4.01708574322593
2.09722222222222,0.397383084323434,0.259669053390218,1.57713406949424,4.01746247861449
2.09732142857143,0.397453469698757,0.259724643759294,1.57637985533738,4.01783918304643
2.09742063492063,0.397523681473715,0.259780241224311,1.57562600196364,4.0182158564575
2.09751984126984,0.397593719909848,0.259835845712272,1.57487250920025,4.01859249878351
2.09761904761905,0.397663585268529,0.259891457150228,1.57411937687448,4.01896910996031
2.09771825396825,0.397733277810968,0.259947075465286,1.57336660481372,4.0193456899238
2.09781746031746,0.397802797798207,0.260002700584602,1.57261419284541,4.01972223860994
2.09791666666667,0.397872145491125,0.260058332435387,1.57186214079707,4.02009875595472
2.09801587301587,0.397941321150435,0.260113970944903,1.57111044849628,4.0204752418942
2.09811507936508,0.398010325036685,0.260169616040463,1.57035911577073,4.02085169636448
2.09821428571429,0.398079157410257,0.260225267649434,1.56960814244815,4.0212281193017
2.09831349206349,0.398147818531369,0.260280925699235,1.56885752835637,4.02160451064206
2.0984126984127,0.398216308660074,0.260336590117336,1.56810727332328,4.02198087032182
2.0985119047619,0.398284628056258,0.260392260831261,1.56735737717686,4.02235719827725
2.09861111111111,0.398352776979643,0.260447937768584,1.56660783974514,4.02273349444472
2.09871031746032,0.398420755689786,0.260503620856933,1.56585866085625,4.02310975876061
2.09880952380952,0.398488564446078,0.260559310023988,1.56510984033839,4.02348599116137
2.09890873015873,0.398556203507746,0.26061500519748,1.56436137801982,4.02386219158349
2.09900793650794,0.398623673133849,0.260670706305194,1.5636132737289,4.02423835996351
2.09910714285714,0.398690973583285,0.260726413274965,1.56286552729404,4.02461449623802
2.09920634920635,0.398758105114784,0.260782126034682,1.56211813854374,4.02499060034366
2.09930555555556,0.39882506798691,0.260837844512286,1.56137110730657,4.02536667221712
2.09940476190476,0.398891862458065,0.26089356863577,1.56062443341118,4.02574271179514
2.09950396825397,0.398958488786482,0.260949298333178,1.5598781166863,4.02611871901451
2.09960317460317,0.399024947230233,0.261005033532608,1.55913215696071,4.02649469381206
2.09970238095238,0.399091238047221,0.26106077416221,1.5583865540633,4.02687063612468
2.09980158730159,0.399157361495185,0.261116520150185,1.557641307823,4.0272465458893
2.09990079365079,0.3992233178317,0.261172271424786,1.55689641806885,4.02762242304291
2.1,0.399289107314175,0.261228027914321,1.55615188462993,4.02799826752253
2.10009920634921,0.399354730199853,0.261283789547148,1.55540770733543,4.02837407926526
2.10019841269841,0.399420186745813,0.261339556251676,1.55466388601459,4.02874985820822
2.10029761904762,0.399485477208968,0.261395327956369,1.55392042049674,4.02912560428859
2.10039682539683,0.399550601846065,0.261451104589741,1.55317731061127,4.0295013174436
2.10049603174603,0.399615560913689,0.26150688608036,1.55243455618765,4.02987699761054
2.10059523809524,0.399680354668256,0.261562672356846,1.55169215705545,4.03025264472672
2.10069444444444,0.399744983366019,0.261618463347869,1.55095011304427,4.03062825872953
2.10079365079365,0.399809447263066,0.261674258982153,1.55020842398382,4.03100383955639
2.10089285714286,0.399873746615317,0.261730059188475,1.54946708970388,4.03137938714477
2.10099206349206,0.39993788167853,0.261785863895662,1.54872611003429,4.03175490143221
2.10109126984127,0.400001852708297,0.261841673032596,1.54798548480498,4.03213038235627
2.10119047619048,0.400065659960044,0.261897486528208,1.54724521384595,4.03250582985457
2.10128968253968,0.400129303689031,0.261953304311483,1.54650529698727,4.03288124386479
2.10138888888889,0.400192784150356,0.262009126311459,1.5457657340591,4.03325662432466
2.1014880952381,0.400256101598948,0.262064952457224,1.54502652489165,4.03363197117193
2.1015873015873,0.400319256289574,0.26212078267792,1.54428766931523,4.03400728434443
2.10168650793651,0.400382248476833,0.262176616902741,1.54354916716022,4.03438256378002
2.10178571428571,0.400445078415161,0.262232455060933,1.54281101825707,4.03475780941663
2.10188492063492,0.400507746358827,0.262288297081793,1.5420732224363,4.03513302119222
2.10198412698413,0.400570252561936,0.262344142894672,1.54133577952851,4.03550819904481
2.10208333333333,0.400632597278428,0.262399992428972,1.54059868936439,4.03588334291245
2.10218253968254,0.400694780762078,0.262455845614148,1.53986195177467,4.03625845273327
2.10228174603175,0.400756803266493,0.262511702379707,1.53912556659019,4.03663352844543
2.10238095238095,0.400818665045118,0.262567562655208,1.53838953364186,4.03700856998713
2.10248015873016,0.400880366351231,0.262623426370262,1.53765385276064,4.03738357729665
2.10257936507937,0.400941907437947,0.262679293454533,1.53691852377759,4.03775855031228
2.10267857142857,0.401003288558213,0.262735163837737,1.53618354652383,4.0381334889724
2.10277777777778,0.401064509964811,0.262791037449641,1.53544892083058,4.03850839321541
2.10287698412698,0.401125571910361,0.262846914220065,1.53471464652911,4.03888326297976
2.10297619047619,0.401186474647315,0.262902794078882,1.53398072345076,4.03925809820397
2.1030753968254,0.401247218427959,0.262958676956017,1.53324715142697,4.03963289882658
2.1031746031746,0.401307803504416,0.263014562781446,1.53251393028925,4.04000766478621
2.10327380952381,0.401368230128644,0.263070451485198,1.53178105986916,4.04038239602152
2.10337301587302,0.401428498552433,0.263126342997354,1.53104853999837,4.04075709247119
2.10347222222222,0.40148860902741,0.263182237248048,1.5303163705086,4.04113175407399
2.10357142857143,0.401548561805038,0.263238134167465,1.52958455123166,4.04150638076872
2.10367063492063,0.401608357136611,0.263294033685843,1.52885308199942,4.04188097249423
2.10376984126984,0.40166799527326,0.263349935733472,1.52812196264384,4.04225552918941
2.10386904761905,0.401727476465952,0.263405840240695,1.52739119299694,4.04263005079323
2.10396825396825,0.401786800965487,0.263461747137905,1.52666077289084,4.04300453724467
2.10406746031746,0.401845969022501,0.26351765635555,1.52593070215772,4.04337898848278
2.10416666666667,0.401904980887462,0.263573567824127,1.52520098062982,4.04375340444666
2.10426587301587,0.401963836810677,0.263629481474189,1.52447160813948,4.04412778507546
2.10436507936508,0.402022537042284,0.263685397236338,1.5237425845191,4.04450213030837
2.10446428571429,0.402081081832258,0.263741315041231,1.52301390960116,4.04487644008463
2.10456349206349,0.402139471430409,0.263797234819573,1.52228558321822,4.04525071434354
2.1046626984127,0.40219770608638,0.263853156502126,1.52155760520291,4.04562495302444
2.1047619047619,0.402255786049651,0.263909080019702,1.52082997538794,4.04599915606673
2.10486111111111,0.402313711569534,0.263965005303164,1.52010269360608,4.04637332340983
2.10496031746032,0.402371482895179,0.26402093228343,1.51937575969019,4.04674745499325
2.10505952380952,0.402429100275568,0.264076860891468,1.51864917347321,4.04712155075651
2.10515873015873,0.402486563959519,0.264132791058298,1.51792293478814,4.04749561063922
2.10525793650794,0.402543874195686,0.264188722714995,1.51719704346805,4.047869634581
2.10535714285714,0.402601031232555,0.264244655792683,1.51647149934612,4.04824362252154
2.10545634920635,0.402658035318449,0.264300590222539,1.51574630225557,4.04861757440057
2.10555555555556,0.402714886701526,0.264356525935795,1.5150214520297,4.04899149015789
2.10565476190476,0.402771585629776,0.264412462863731,1.5142969485019,4.04936536973333
2.10575396825397,0.402828132351028,0.264468400937681,1.51357279150563,4.04973921306676
2.10585317460317,0.402884527112941,0.264524340089033,1.51284898087442,4.05011302009812
2.10595238095238,0.402940770163014,0.264580280249225,1.51212551644188,4.05048679076739
2.10605158730159,0.402996861748576,0.264636221349747,1.51140239804168,4.0508605250146
2.10615079365079,0.403052802116793,0.264692163322142,1.5106796255076,4.05123422277984
2.10625,0.403108591514667,0.264748106098006,1.50995719867346,4.05160788400322
2.10634920634921,0.403164230189032,0.264804049608986,1.50923511737316,4.05198150862493
2.10644841269841,0.403219718386559,0.264859993786781,1.5085133814407,4.05235509658518
2.10654761904762,0.403275056353753,0.264915938563144,1.50779199071014,4.05272864782427
2.10664682539683,0.403330244336955,0.264971883869879,1.5070709450156,4.05310216228251
2.10674603174603,0.403385282582337,0.265027829638841,1.50635024419129,4.05347563990028
2.10684523809524,0.40344017133591,0.26508377580194,1.5056298880715,4.053849080618
2.10694444444444,0.403494910843518,0.265139722291135,1.5049098764906,4.05422248437614
2.10704365079365,0.40354950135084,0.26519566903844,1.504190209283,4.05459585111523
2.10714285714286,0.40360394310339,0.26525161597592,1.50347088628323,4.05496918077584
2.10724206349206,0.403658236346515,0.265307563035692,1.50275190732587,4.05534247329857
2.10734126984127,0.403712381325401,0.265363510149925,1.50203327224558,4.05571572862412
2.10744047619048,0.403766378285065,0.265419457250841,1.50131498087709,4.05608894669318
2.10753968253968,0.403820227470359,0.265475404270715,1.50059703305521,4.05646212744653
2.10763888888889,0.403873929125971,0.265531351141872,1.49987942861484,4.05683527082499
2.1077380952381,0.403927483496425,0.26558729779669,1.49916216739092,4.05720837676942
2.1078373015873,0.403980890826076,0.265643244167601,1.4984452492185,4.05758144522073
2.10793650793651,0.404034151359118,0.265699190187086,1.49772867393269,4.0579544761199
2.10803571428571,0.404087265339578,0.26575513578768,1.49701244136867,4.05832746940792
2.10813492063492,0.404140233011316,0.265811080901972,1.4962965513617,4.05870042502588
2.10823412698413,0.404193054618029,0.2658670254626,1.49558100374712,4.05907334291486
2.10833333333333,0.40424573040325,0.265922969402256,1.49486579836035,4.05944622301604
2.10843253968254,0.404298260610342,0.265978912653683,1.49415093503687,4.05981906527063
2.10853174603175,0.404350645482509,0.266034855149678,1.49343641361224,4.06019186961988
2.10863095238095,0.404402885262784,0.266090796823088,1.4927222339221,4.0605646360051
2.10873015873016,0.404454980194039,0.266146737606815,1.49200839580216,4.06093736436764
2.10882936507937,0.404506930518979,0.26620267743381,1.49129489908821,4.06131005464893
2.10892857142857,0.404558736480143,0.266258616237079,1.49058174361611,4.0616827067904
2.10902777777778,0.404610398319907,0.266314553949678,1.4898689292218,4.06205532073356
2.10912698412698,0.40466191628048,0.266370490504717,1.48915645574129,4.06242789641997
2.10922619047619,0.404713290603907,0.266426425835357,1.48844432301067,4.06280043379123
2.1093253968254,0.404764521532066,0.266482359874812,1.4877325308661,4.06317293278899
2.1094246031746,0.404815609306672,0.266538292556348,1.48702107914383,4.06354539335495
2.10952380952381,0.404866554169273,0.266594223813282,1.48630996768016,4.06391781543086
2.10962301587302,0.404917356361252,0.266650153578986,1.48559919631149,4.06429019895852
2.10972222222222,0.404968016123829,0.266706081786881,1.48488876487428,4.06466254387978
2.10982142857143,0.405018533698057,0.266762008370441,1.48417867320506,4.06503485013654
2.10992063492063,0.405068909324822,0.266817933263195,1.48346892114046,4.06540711767074
2.11001984126984,0.405119143244848,0.266873856398722,1.48275950851716,4.06577934642437
2.11011904761905,0.405169235698692,0.266929777710651,1.48205043517192,4.06615153633949
2.11021825396825,0.405219186926747,0.266985697132667,1.48134170094159,4.06652368735818
2.11031746031746,0.40526899716924,0.267041614598506,1.48063330566308,4.0668957994226
2.11041666666667,0.405318666666232,0.267097530041956,1.47992524917338,4.06726787247492
2.11051587301587,0.40536819565762,0.267153443396856,1.47921753130956,4.0676399064574
2.11061507936508,0.405417584383136,0.2672093545971,1.47851015190876,4.06801190131232
2.11071428571429,0.405466833082346,0.267265263576631,1.47780311080818,4.06838385698202
2.11081349206349,0.40551594199465,0.267321170269446,1.47709640784513,4.06875577340889
2.1109126984127,0.405564911359284,0.267377074609595,1.47639004285697,4.06912765053537
2.1110119047619,0.40561374141532,0.267432976531178,1.47568401568114,4.06949948830395
2.11111111111111,0.405662432401663,0.267488875968349,1.47497832615516,4.06987128665715
2.11121031746032,0.405710984557052,0.267544772855313,1.47427297411661,4.07024304553758
2.11130952380952,0.405759398120063,0.267600667126329,1.47356795940317,4.07061476488786
2.11140873015873,0.405807673329105,0.267656558715706,1.47286328185258,4.07098644465067
2.11150793650794,0.405855810422423,0.267712447557806,1.47215894130264,4.07135808476874
2.11160714285714,0.405903809638096,0.267768333587044,1.47145493759127,4.07172968518487
2.11170634920635,0.405951671214039,0.267824216737887,1.47075127055641,4.07210124584188
2.11180555555556,0.405999395387999,0.267880096944853,1.47004794003612,4.07247276668264
2.11190476190476,0.406046982397562,0.267935974142514,1.46934494586851,4.0728442476501
2.11200396825397,0.406094432480146,0.267991848265492,1.46864228789178,4.07321568868722
2.11210317460317,0.406141745873003,0.268047719248463,1.46793996594419,4.07358708973703
2.11220238095238,0.406188922813222,0.268103587026155,1.46723797986409,4.07395845074262
2.11230158730159,0.406235963537725,0.268159451533348,1.46653632948989,4.07432977164711
2.11240079365079,0.406282868283271,0.268215312704873,1.46583501466009,4.07470105239366
2.1125,0.406329637286452,0.268271170475615,1.46513403521325,4.07507229292551
2.11259920634921,0.406376270783694,0.268327024780511,1.46443339098803,4.07544349318593
2.11269841269841,0.406422769011261,0.268382875554549,1.46373308182313,4.07581465311824
2.11279761904762,0.406469132205248,0.268438722732771,1.46303310755736,4.07618577266582
2.11289682539683,0.406515360601588,0.268494566250268,1.46233346802958,4.07655685177207
2.11299603174603,0.406561454436047,0.268550406042187,1.46163416307873,4.07692789038048
2.11309523809524,0.406607413944225,0.268606242043725,1.46093519254384,4.07729888843456
2.11319444444444,0.40665323936156,0.268662074190132,1.460236556264,4.07766984587787
2.11329365079365,0.406698930923321,0.26871790241671,1.45953825407838,4.07804076265405
2.11339285714286,0.406744488864615,0.268773726658813,1.45884028582623,4.07841163870674
2.11349206349206,0.406789913420381,0.268829546851847,1.45814265134686,4.07878247397967
2.11359126984127,0.406835204825394,0.268885362931271,1.45744535047968,4.07915326841661
2.11369047619048,0.406880363314266,0.268941174832596,1.45674838306414,4.07952402196136
2.11378968253968,0.40692538912144,0.268996982491385,1.45605174893981,4.07989473455778
2.11388888888889,0.406970282481195,0.269052785843252,1.45535544794629,4.0802654061498
2.1139880952381,0.407015043627647,0.269108584823866,1.45465947992328,4.08063603668137
2.1140873015873,0.407059672794744,0.269164379368945,1.45396384471056,4.0810066260965
2.11418650793651,0.40710417021627,0.269220169414263,1.45326854214797,4.08137717433924
2.11428571428571,0.407148536125844,0.269275954895642,1.45257357207544,4.08174768135372
2.11438492063492,0.407192770756919,0.269331735748959,1.45187893433295,4.08211814708408
2.11448412698413,0.407236874342784,0.269387511910142,1.45118462876059,4.08248857147454
2.11458333333333,0.407280847116561,0.269443283315173,1.45049065519849,4.08285895446934
2.11468253968254,0.407324689311208,0.269499049900083,1.44979701348688,4.0832292960128
2.11478174603175,0.407368401159518,0.269554811600959,1.44910370346607,4.08359959604927
2.11488095238095,0.407411982894119,0.269610568353937,1.44841072497641,4.08396985452314
2.11498015873016,0.407455434747472,0.269666320095207,1.44771807785836,4.08434007137888
2.11507936507937,0.407498756951874,0.26972206676101,1.44702576195244,4.08471024656098
2.11517857142857,0.407541949739458,0.269777808287641,1.44633377709925,4.085080380014
2.11527777777778,0.407585013342189,0.269833544611445,1.44564212313946,4.08545047168253
2.11537698412698,0.40762794799187,0.269889275668821,1.44495079991383,4.08582052151123
2.11547619047619,0.407670753920136,0.269945001396219,1.44425980726316,4.08619052944478
2.1155753968254,0.407713431358458,0.270000721730143,1.44356914502837,4.08656049542795
2.1156746031746,0.407755980538143,0.270056436607146,1.44287881305042,4.08693041940552
2.11577380952381,0.407798401690329,0.270112145963837,1.44218881117037,4.08730030132234
2.11587301587302,0.407840695045994,0.270167849736874,1.44149913922934,4.08767014112331
2.11597222222222,0.407882860835946,0.27022354786297,1.44080979706852,4.08803993875336
2.11607142857143,0.407924899290831,0.270279240278887,1.4401207845292,4.0884096941575
2.11617063492063,0.407966810641129,0.270334926921441,1.43943210145272,4.08877940728076
2.11626984126984,0.408008595117153,0.270390607727502,1.43874374768051,4.08914907806823
2.11636904761905,0.408050252949054,0.27044628263399,1.43805572305406,4.08951870646506
2.11646825396825,0.408091784366814,0.270501951577876,1.43736802741496,4.08988829241643
2.11656746031746,0.408133189600254,0.270557614496187,1.43668066060485,4.09025783586758
2.11666666666667,0.408174468879027,0.270613271325998,1.43599362246545,4.09062733676381
2.11676587301587,0.40821562243262,0.270668922004439,1.43530691283858,4.09099679505044
2.11686507936508,0.408256650490358,0.270724566468692,1.4346205315661,4.09136621067286
2.11696428571429,0.408297553281397,0.270780204655989,1.43393447848996,4.09173558357651
2.11706349206349,0.408338331034733,0.270835836503618,1.43324875345219,4.09210491370688
2.1171626984127,0.40837898397919,0.270891461948916,1.4325633562949,4.09247420100948
2.1172619047619,0.408419512343433,0.270947080929274,1.43187828686026,4.09284344542992
2.11736111111111,0.408459916355957,0.271002693382133,1.43119354499051,4.09321264691381
2.11746031746032,0.408500196245096,0.271058299244988,1.43050913052799,4.09358180540685
2.11755952380952,0.408540352239016,0.271113898455387,1.4298250433151,4.09395092085475
2.11765873015873,0.408580384565717,0.271169490950929,1.42914128319432,4.0943199932033
2.11775793650794,0.408620293453038,0.271225076669264,1.42845785000819,4.09468902239833
2.11785714285714,0.408660079128648,0.271280655548096,1.42777474359935,4.09505800838572
2.11795634920635,0.408699741820054,0.271336227525182,1.42709196381049,4.09542695111138
2.11805555555556,0.408739281754596,0.271391792538328,1.42640951048441,4.0957958505213
2.11815476190476,0.40877869915945,0.271447350525396,1.42572738346394,4.0961647065615
2.11825396825397,0.408817994261626,0.271502901424297,1.42504558259201,4.09653351917806
2.11835317460317,0.408857167287969,0.271558445172996,1.42436410771164,4.09690228831709
2.11845238095238,0.408896218465159,0.271613981709509,1.42368295866589,4.09727101392477
2.11855158730159,0.408935148019711,0.271669510971907,1.42300213529793,4.09763969594732
2.11865079365079,0.408973956177974,0.271725032898309,1.42232163745097,4.09800833433101
2.11875,0.409012643166132,0.271780547426889,1.42164146496833,4.09837692902216
2.11884920634921,0.409051209210204,0.271836054495873,1.42096161769338,4.09874547996714
2.11894841269841,0.409089654536045,0.271891554043539,1.42028209546958,4.09911398711237
2.11904761904762,0.409127979369341,0.271947046008217,1.41960289814046,4.09948245040431
2.11914682539683,0.409166183935618,0.272002530328288,1.41892402554961,4.09985086978948
2.11924603174603,0.409204268460233,0.272058006942188,1.41824547754073,4.10021924521445
2.11934523809524,0.40924223316838,0.272113475788403,1.41756725395756,4.10058757662582
2.11944444444444,0.409280078285085,0.272168936805471,1.41688935464394,4.10095586397027
2.11954365079365,0.409317804035211,0.272224389931984,1.41621177944376,4.1013241071945
2.11964285714286,0.409355410643456,0.272279835106586,1.41553452820102,4.10169230624528
2.11974206349206,0.409392898334352,0.27233527226797,1.41485760075976,4.10206046106941
2.11984126984127,0.409430267332266,0.272390701354886,1.41418099696412,4.10242857161376
2.11994047619048,0.4094675178614,0.272446122306133,1.41350471665831,4.10279663782524
2.12003968253968,0.409504650145789,0.272501535060564,1.41282875968659,4.1031646596508
2.12013888888889,0.409541664409305,0.272556939557081,1.41215312589334,4.10353263703745
2.1202380952381,0.409578560875655,0.272612335734643,1.41147781512298,4.10390056993226
2.1203373015873,0.409615339768379,0.272667723532257,1.41080282722001,4.10426845828231
2.12043650793651,0.409652001310852,0.272723102888985,1.41012816202902,4.10463630203478
2.12053571428571,0.409688545726286,0.272778473743939,1.40945381939467,4.10500410113686
2.12063492063492,0.409724973237725,0.272833836036285,1.40877979916169,4.1053718555358
2.12073412698413,0.40976128406805,0.272889189705241,1.40810610117488,4.10573956517891
2.12083333333333,0.409797478439975,0.272944534690077,1.40743272527913,4.10610723001354
2.12093253968254,0.40983355657605,0.272999870930113,1.40675967131939,4.10647484998709
2.12103174603175,0.409869518698659,0.273055198364725,1.4060869391407,4.10684242504701
2.12113095238095,0.409905365030022,0.273110516933339,1.40541452858817,4.1072099551408
2.12123015873016,0.409941095792192,0.273165826575433,1.40474243950697,4.107577440216
2.12132936507937,0.409976711207058,0.273221127230538,1.40407067174237,4.10794488022021
2.12142857142857,0.410012211496344,0.273276418838238,1.4033992251397,4.10831227510108
2.12152777777778,0.410047596881608,0.273331701338167,1.40272809954436,4.10867962480631
2.12162698412698,0.410082867584243,0.273386974670012,1.40205729480184,4.10904692928364
2.12172619047619,0.410118023825478,0.273442238773514,1.40138681075771,4.10941418848086
2.1218253968254,0.410153065826374,0.273497493588464,1.40071664725759,4.10978140234581
2.1219246031746,0.410187993807829,0.273552739054707,1.40004680414719,4.11014857082639
2.12202380952381,0.410222807990576,0.273607975112138,1.3993772812723,4.11051569387053
2.12212301587302,0.410257508595182,0.273663201700706,1.39870807847877,4.11088277142623
2.12222222222222,0.410292095842048,0.273718418760411,1.39803919561255,4.11124980344153
2.12232142857143,0.410326569951411,0.273773626231307,1.39737063251963,4.11161678986452
2.12242063492063,0.410360931143343,0.273828824053498,1.39670238904612,4.11198373064332
2.12251984126984,0.41039517963775,0.273884012167142,1.39603446503815,4.11235062572614
2.12261904761905,0.410429315654373,0.273939190512449,1.39536686034198,4.1127174750612
2.12271825396825,0.410463339412788,0.273994359029679,1.39469957480391,4.11308427859679
2.12281746031746,0.410497251132405,0.274049517659148,1.39403260827032,4.11345103628124
2.12291666666667,0.410531051032469,0.27410466634122,1.39336596058769,4.11381774806294
2.12301587301587,0.410564739332062,0.274159805016315,1.39269963160253,4.11418441389032
2.12311507936508,0.410598316250098,0.274214933624902,1.39203362116147,4.11455103371185
2.12321428571429,0.410631782005326,0.274270052107505,1.39136792911119,4.11491760747608
2.12331349206349,0.410665136816332,0.274325160404699,1.39070255529845,4.11528413513158
2.1234126984127,0.410698380901534,0.274380258457111,1.39003749957009,4.11565061662698
2.1235119047619,0.410731514479187,0.274435346205419,1.38937276177302,4.11601705191096
2.12361111111111,0.410764537767379,0.274490423590356,1.38870834175423,4.11638344093224
2.12371031746032,0.410797450984035,0.274545490552705,1.38804423936077,4.1167497836396
2.12380952380952,0.410830254346913,0.274600547033303,1.38738045443979,4.11711607998186
2.12390873015873,0.410862948073606,0.274655592973037,1.3867169868385,4.11748232990791
2.12400793650794,0.410895532381542,0.274710628312848,1.38605383640418,4.11784853336666
2.12410714285714,0.410928007487985,0.274765652993729,1.3853910029842,4.11821469030709
2.12420634920635,0.410960373610032,0.274820666956725,1.384728486426,4.11858080067821
2.12430555555556,0.410992630964614,0.274875670142931,1.38406628657709,4.11894686442911
2.12440476190476,0.4110247797685,0.274930662493498,1.38340440328506,4.1193128815089
2.12450396825397,0.411056820238292,0.274985643949627,1.38274283639756,4.11967885186674
2.12460317460317,0.411088752590427,0.275040614452572,1.38208158576234,4.12004477545186
2.12470238095238,0.411120577041175,0.275095573943639,1.38142065122722,4.12041065221353
2.12480158730159,0.411152293806644,0.275150522364185,1.38076003264008,4.12077648210106
2.12490079365079,0.411183903102775,0.275205459655621,1.38009972984888,4.12114226506382
2.125,0.411215405145343,0.275260385759409,1.37943974270167,4.12150800105122
2.12509920634921,0.41124680014996,0.275315300617065,1.37878007104655,4.12187369001273
2.12519841269841,0.41127808833207,0.275370204170154,1.37812071473173,4.12223933189785
2.12529761904762,0.411309269906955,0.275425096360296,1.37746167360545,4.12260492665616
2.12539682539683,0.41134034508973,0.275479977129163,1.37680294751607,4.12297047423727
2.12549603174603,0.411371314095344,0.275534846418477,1.376144536312,4.12333597459082
2.12559523809524,0.411402177138583,0.275589704170016,1.37548643984172,4.12370142766655
2.12569444444444,0.411432934434065,0.275644550325605,1.37482865795381,4.12406683341419
2.12579365079365,0.411463586196245,0.275699384827126,1.3741711904969,4.12443219178357
2.12589285714286,0.411494132639412,0.275754207616512,1.37351403731971,4.12479750272453
2.12599206349206,0.41152457397769,0.275809018635746,1.37285719827103,4.125162766187
2.12609126984127,0.411554910425038,0.275863817826865,1.37220067319972,4.12552798212091
2.12619047619048,0.41158514219525,0.275918605131958,1.37154446195473,4.12589315047627
2.12628968253968,0.411615269501952,0.275973380493167,1.37088856438508,4.12625827120315
2.12638888888889,0.41164529255861,0.276028143852685,1.37023298033985,4.12662334425163
2.1264880952381,0.411675211578519,0.276082895152757,1.36957770966821,4.12698836957188
2.1265873015873,0.411705026774814,0.276137634335681,1.3689227522194,4.1273533471141
2.12668650793651,0.411734738360461,0.276192361343808,1.36826810784274,4.12771827682852
2.12678571428571,0.411764346548263,0.276247076119539,1.36761377638762,4.12808315866547
2.12688492063492,0.411793851550856,0.276301778605329,1.36695975770351,4.12844799257528
2.12698412698413,0.411823253540077,0.276356468762949,1.36630605162354,4.12881277852836
2.12708333333333,0.411852552332983,0.276411146719701,1.36565265785206,4.12917751666668
2.12718253968254,0.411881747964669,0.276465812494594,1.36499957620827,4.12954220701875
2.12728174603175,0.411910840550639,0.276520466068038,1.36434680654647,4.12990684957286
2.12738095238095,0.411939830206368,0.276575107420442,1.36369434872102,4.13027144431735
2.12748015873016,0.411968717047299,0.276629736532219,1.36304220258632,4.13063599124052
2.12757936507937,0.411997501188846,0.276684353383783,1.36239036799683,4.13100049033067
2.12767857142857,0.412026182746395,0.276738957955549,1.36173884480708,4.13136494157613
2.12777777777778,0.412054761835299,0.276793550227937,1.36108763287163,4.13172934496518
2.12787698412698,0.412083238570883,0.276848130181366,1.3604367320451,4.13209370048616
2.12797619047619,0.412111613068443,0.276902697796259,1.35978614218218,4.13245800812736
2.1280753968254,0.412139885443242,0.276957253053039,1.35913586313759,4.13282226787709
2.1281746031746,0.412168055810517,0.277011795932133,1.35848589476613,4.13318647972365
2.12827380952381,0.412196124285472,0.277066326413969,1.35783623692262,4.13355064365537
2.12837301587302,0.412224090983282,0.277120844478977,1.35718688946197,4.13391475966053
2.12847222222222,0.412251956019093,0.277175350107589,1.35653785223912,4.13427882772745
2.12857142857143,0.41227971950802,0.277229843280239,1.35588912510907,4.13464284784444
2.12867063492063,0.41230738156515,0.277284323977364,1.35524070792689,4.13500681999979
2.12876984126984,0.412334942305537,0.277338792179402,1.35459260054768,4.13537074418181
2.12886904761905,0.412362401844208,0.277393247866792,1.35394480282659,4.13573462037881
2.12896825396825,0.412389760296159,0.277447691019977,1.35329731461886,4.13609844857909
2.12906746031746,0.412417017776355,0.277502121619401,1.35265013577976,4.13646222877095
2.12916666666667,0.412444174399734,0.27755653964551,1.3520032661646,4.13682596094269
2.12926587301587,0.412471230281201,0.277610945078752,1.35135670562876,4.13718964508263
2.12936507936508,0.412498185535633,0.277665337899578,1.35071045402769,4.13755328117905
2.12946428571429,0.412525040277877,0.277719718088438,1.35006451121687,4.13791686922025
2.12956349206349,0.412551794622748,0.277774085625788,1.34941887705184,4.13828040919455
2.1296626984127,0.412578448685036,0.277828440492084,1.34877355138819,4.13864390109024
2.1297619047619,0.412605002579495,0.277882782667783,1.34812853408158,4.13900734489562
2.12986111111111,0.412631456420854,0.277937112133346,1.34748382498771,4.13937074059899
2.12996031746032,0.412657810323809,0.277991428869234,1.34683942396233,4.13973408818865
2.13005952380952,0.412684064403028,0.278045732855913,1.34619533086126,4.14009738765289
2.13015873015873,0.412710218773148,0.278100024073847,1.34555154554036,4.14046063898002
2.13025793650794,0.412736273548778,0.278154302503505,1.34490806785556,4.14082384215832
2.13035714285714,0.412762228844494,0.278208568125356,1.34426489766282,4.14118699717611
2.13045634920635,0.412788084774845,0.278262820919874,1.34362203481817,4.14155010402167
2.13055555555556,0.412813841454348,0.278317060867532,1.34297947917769,4.1419131626833
2.13065476190476,0.412839498997492,0.278371287948806,1.34233723059753,4.1422761731493
2.13075396825397,0.412865057518734,0.278425502144174,1.34169528893386,4.14263913540796
2.13085317460317,0.412890517132504,0.278479703434116,1.34105365404293,4.14300204944758
2.13095238095238,0.412915877953199,0.278533891799114,1.34041232578104,4.14336491525645
2.13105158730159,0.412941140095189,0.278588067219653,1.33977130400454,4.14372773282286
2.13115079365079,0.412966303672811,0.278642229676217,1.33913058856983,4.1440905021351
2.13125,0.412991368800376,0.278696379149296,1.33849017933337,4.14445322318148
2.13134920634921,0.41301633559216,0.278750515619378,1.33785007615168,4.14481589595028
2.13144841269841,0.413041204162415,0.278804639066957,1.33721027888133,4.14517852042979
2.13154761904762,0.413065974625358,0.278858749472527,1.33657078737892,4.14554109660831
2.13164682539683,0.41309064709518,0.278912846816582,1.33593160150114,4.14590362447412
2.13174603174603,0.413115221686039,0.278966931079621,1.33529272110473,4.14626610401552
2.13184523809524,0.413139698512066,0.279021002242145,1.33465414604645,4.1466285352208
2.13194444444444,0.413164077687359,0.279075060284654,1.33401587618314,4.14699091807824
2.13204365079365,0.413188359325989,0.279129105187654,1.33337791137171,4.14735325257614
2.13214285714286,0.413212543541996,0.279183136931649,1.33274025146908,4.14771553870278
2.13224206349206,0.413236630449389,0.279237155497149,1.33210289633227,4.14807777644645
2.13234126984127,0.413260620162149,0.279291160864663,1.33146584581832,4.14843996579544
2.13244047619048,0.413284512794227,0.279345153014702,1.33082909978434,4.14880210673804
2.13253968253968,0.413308308459541,0.279399131927781,1.33019265808749,4.14916419926253
2.13263888888889,0.413332007271984,0.279453097584416,1.32955652058499,4.14952624335719
2.1327380952381,0.413355609345416,0.279507049965125,1.3289206871341,4.14988823901033
2.1328373015873,0.413379114793667,0.279560989050427,1.32828515759215,4.15025018621021
2.13293650793651,0.413402523730539,0.279614914820845,1.32764993181651,4.15061208494513
2.13303571428571,0.413425836269802,0.279668827256903,1.32701500966461,4.15097393520336
2.13313492063492,0.413449052525197,0.279722726339126,1.32638039099393,4.1513357369732
2.13323412698413,0.413472172610437,0.279776612048042,1.32574607566203,4.15169749024293
2.13333333333333,0.413495196639201,0.279830484364182,1.32511206352648,4.15205919500082
2.13343253968254,0.413518124725143,0.279884343268076,1.32447835444494,4.15242085123517
2.13353174603175,0.413540956981882,0.27993818874026,1.3238449482751,4.15278245893425
2.13363095238095,0.413563693523012,0.279992020761269,1.32321184487472,4.15314401808634
2.13373015873016,0.413586334462094,0.28004583931164,1.32257904410161,4.15350552867973
2.13382936507937,0.41360887991266,0.280099644371914,1.32194654581363,4.1538669907027
2.13392857142857,0.413631329988212,0.280153435922633,1.32131434986869,4.15422840414352
2.13402777777778,0.413653684802223,0.28020721394434,1.32068245612477,4.15458976899048
2.13412698412698,0.413675944468134,0.280260978417582,1.32005086443989,4.15495108523186
2.13422619047619,0.413698109099359,0.280314729322906,1.31941957467212,4.15531235285593
2.1343253968254,0.413720178809279,0.280368466640862,1.31878858667961,4.15567357185098
2.1344246031746,0.413742153711248,0.280422190352002,1.31815790032053,4.15603474220527
2.13452380952381,0.413764033918588,0.28047590043688,1.31752751545313,4.15639586390709
2.13462301587302,0.413785819544593,0.280529596876051,1.3168974319357,4.15675693694472
2.13472222222222,0.413807510702525,0.280583279650074,1.31626764962658,4.15711796130643
2.13482142857143,0.413829107505618,0.280636948739508,1.31563816838419,4.15747893698049
2.13492063492063,0.413850610067076,0.280690604124916,1.31500898806697,4.15783986395519
2.13501984126984,0.413872018500071,0.28074424578686,1.31438010853344,4.1582007422188
2.13511904761905,0.413893332917747,0.280797873705907,1.31375152964215,4.15856157175959
2.13521825396825,0.413914553433217,0.280851487862625,1.31312325125173,4.15892235256583
2.13531746031746,0.413935680159567,0.280905088237584,1.31249527322085,4.1592830846258
2.13541666666667,0.413956713209849,0.280958674811355,1.31186759540824,4.15964376792778
2.13551587301587,0.413977652697088,0.281012247564511,1.31124021767267,4.16000440246003
2.13561507936508,0.413998498734278,0.28106580647763,1.31061313987298,4.16036498821083
2.13571428571429,0.414019251434384,0.281119351531289,1.30998636186805,4.16072552516845
2.13581349206349,0.414039910910338,0.281172882706067,1.30935988351683,4.16108601332116
2.1359126984127,0.414060477275048,0.281226399982546,1.30873370467832,4.16144645265723
2.1360119047619,0.414080950641386,0.28127990334131,1.30810782521155,4.16180684316494
2.13611111111111,0.414101331122198,0.281333392762945,1.30748224497564,4.16216718483254
2.13621031746032,0.414121618830299,0.281386868228039,1.30685696382975,4.16252747764832
2.13630952380952,0.414141813878473,0.281440329717181,1.30623198163308,4.16288772160053
2.13640873015873,0.414161916379477,0.281493777210964,1.30560729824489,4.16324791667746
2.13650793650794,0.414181926446035,0.28154721068998,1.30498291352452,4.16360806286736
2.13660714285714,0.414201844190842,0.281600630134826,1.30435882733134,4.1639681601585
2.13670634920635,0.414221669726565,0.2816540355261,1.30373503952476,4.16432820853916
2.13680555555556,0.414241403165839,0.2817074268444,1.30311154996427,4.16468820799759
2.13690476190476,0.414261044621269,0.28176080407033,1.30248835850941,4.16504815852207
2.13700396825397,0.414280594205432,0.281814167184492,1.30186546501977,4.16540806010086
2.13710317460317,0.414300052030874,0.281867516167493,1.30124286935498,4.16576791272222
2.13720238095238,0.41431941821011,0.28192085099994,1.30062057137475,4.16612771637442
2.13730158730159,0.414338692855628,0.281974171662443,1.29999857093883,4.16648747104573
2.13740079365079,0.414357876079883,0.282027478135613,1.29937686790703,4.1668471767244
2.1375,0.414376967995302,0.282080770400065,1.29875546213919,4.1672068333987
2.13759920634921,0.414395968714282,0.282134048436413,1.29813435349524,4.1675664410569
2.13769841269841,0.414414878349189,0.282187312225277,1.29751354183514,4.16792599968725
2.13779761904762,0.414433697012361,0.282240561747274,1.29689302701892,4.16828550927803
2.13789682539683,0.414452424816104,0.282293796983028,1.29627280890664,4.16864496981748
2.13799603174603,0.414471061872695,0.282347017913162,1.29565288735844,4.16900438129387
2.13809523809524,0.414489608294382,0.282400224518301,1.2950332622345,4.16936374369546
2.13819444444444,0.414508064193382,0.282453416779074,1.29441393339505,4.16972305701051
2.13829365079365,0.414526429681883,0.282506594676109,1.29379490070039,4.17008232122729
2.13839285714286,0.414544704872042,0.282559758190039,1.29317616401087,4.17044153633404
2.13849206349206,0.414562889875987,0.282612907301497,1.29255772318688,4.17080070231904
2.13859126984127,0.414580984805816,0.282666041991119,1.29193957808887,4.17115981917053
2.13869047619048,0.414598989773597,0.282719162239543,1.29132172857735,4.17151888687677
2.13878968253968,0.414616904891368,0.282772268027407,1.29070417451288,4.17187790542603
2.13888888888889,0.414634730271137,0.282825359335355,1.29008691575608,4.17223687480655
2.1389880952381,0.414652466024883,0.282878436144029,1.28946995216761,4.1725957950066
2.1390873015873,0.414670112264553,0.282931498434075,1.28885328360821,4.17295466601443
2.13918650793651,0.414687669102068,0.282984546186141,1.28823690993863,4.1733134878183
2.13928571428571,0.414705136649314,0.283037579380876,1.28762083101972,4.17367226040645
2.13938492063492,0.414722515018152,0.283090597998933,1.28700504671236,4.17403098376716
2.13948412698413,0.41473980432041,0.283143602020964,1.28638955687749,4.17438965788866
2.13958333333333,0.414757004667888,0.283196591427625,1.2857743613761,4.17474828275922
2.13968253968254,0.414774116172353,0.283249566199574,1.28515946006923,4.17510685836708
2.13978174603175,0.414791138945547,0.283302526317471,1.28454485281799,4.1754653847005
2.13988095238095,0.414808073099178,0.283355471761977,1.28393053948354,4.17582386174773
2.13998015873016,0.414824918744926,0.283408402513755,1.28331651992707,4.17618228949702
2.14007936507937,0.41484167599444,0.283461318553472,1.28270279400985,4.17654066793663
2.14017857142857,0.414858344959341,0.283514219861795,1.28208936159321,4.17689899705481
2.14027777777778,0.414874925751218,0.283567106419393,1.2814762225385,4.17725727683979
2.14037698412698,0.414891418481632,0.283619978206938,1.28086337670715,4.17761550727985
2.14047619047619,0.414907823262112,0.283672835205104,1.28025082396065,4.17797368836321
2.1405753968254,0.41492414020416,0.283725677394567,1.27963856416052,4.17833182007814
2.1406746031746,0.414940369419244,0.283778504756002,1.27902659716835,4.17868990241288
2.14077380952381,0.414956511018806,0.283831317270092,1.27841492284578,4.17904793535568
2.14087301587302,0.414972565114258,0.283884114917516,1.2778035410545,4.17940591889479
2.14097222222222,0.414988531816978,0.283936897678959,1.27719245165626,4.17976385301845
2.14107142857143,0.415004411238319,0.283989665535105,1.27658165451287,4.18012173771491
2.14117063492063,0.415020203489601,0.284042418466643,1.27597114948618,4.18047957297241
2.14126984126984,0.415035908682116,0.284095156454263,1.2753609364381,4.18083735877921
2.14136904761905,0.415051526927124,0.284147879478655,1.27475101523059,4.18119509512355
2.14146825396825,0.415067058335858,0.284200587520513,1.27414138572567,4.18155278199366
2.14156746031746,0.415082503019519,0.284253280560533,1.27353204778542,4.18191041937781
2.14166666666667,0.415097861089278,0.284305958579412,1.27292300127195,4.18226800726422
2.14176587301587,0.415113132656277,0.284358621557849,1.27231424604746,4.18262554564115
2.14186507936508,0.415128317831629,0.284411269476547,1.27170578197417,4.18298303449683
2.14196428571429,0.415143416726414,0.284463902316209,1.27109760891437,4.18334047381951
2.14206349206349,0.415158429451686,0.28451652005754,1.2704897267304,4.18369786359743
2.1421626984127,0.415173356118467,0.284569122681248,1.26988213528466,4.18405520381883
2.1422619047619,0.415188196837748,0.284621710168042,1.2692748344396,4.18441249447195
2.14236111111111,0.415202951720493,0.284674282498634,1.26866782405772,4.18476973554504
2.14246031746032,0.415217620877635,0.284726839653737,1.26806110400158,4.18512692702633
2.14255952380952,0.415232204420075,0.284779381614066,1.26745467413379,4.18548406890406
2.14265873015873,0.415246702458687,0.28483190836034,1.26684853431702,4.18584116116647
2.14275793650794,0.415261115104313,0.284884419873278,1.26624268441398,4.18619820380181
2.14285714285714,0.415275442467768,0.284936916133601,1.26563712428745,4.1865551967983
2.14295634920635,0.415289684659833,0.284989397122032,1.26503185380026,4.18691214014419
2.14305555555556,0.415303841791263,0.285041862819297,1.26442687281529,4.18726903382771
2.14315476190476,0.415317913972782,0.285094313206124,1.26382218119547,4.1876258778371
2.14325396825397,0.415331901315081,0.285146748263241,1.2632177788038,4.18798267216059
2.14335317460317,0.415345803928827,0.285199167971381,1.26261366550331,4.18833941678643
2.14345238095238,0.415359621924651,0.285251572311277,1.2620098411571,4.18869611170285
2.14355158730159,0.415373355413159,0.285303961263665,1.26140630562833,4.18905275689808
2.14365079365079,0.415387004504924,0.28535633480928,1.2608030587802,4.18940935236035
2.14375,0.41540056931049,0.285408692928864,1.26020010047598,4.18976589807791
2.14384920634921,0.415414049940373,0.285461035603158,1.25959743057896,4.19012239403898
2.14394841269841,0.415427446505055,0.285513362812904,1.25899504895252,4.19047884023179
2.14404761904762,0.415440759114993,0.285565674538849,1.25839295546009,4.19083523664459
2.14414682539683,0.41545398788061,0.28561797076174,1.25779114996513,4.19119158326559
2.14424603174603,0.415467132912302,0.285670251462325,1.25718963233118,4.19154788008305
2.14434523809524,0.415480194320433,0.285722516621358,1.25658840242181,4.19190412708517
2.14444444444444,0.415493172215339,0.28577476621959,1.25598746010067,4.1922603242602
2.14454365079365,0.415506066707325,0.285827000237777,1.25538680523145,4.19261647159637
2.14464285714286,0.415518877906666,0.285879218656678,1.25478643767789,4.1929725690819
2.14474206349206,0.415531605923607,0.28593142145705,1.25418635730379,4.19332861670502
2.14484126984127,0.415544250868364,0.285983608619656,1.253586563973,4.19368461445397
2.14494047619048,0.415556812851123,0.286035780125259,1.25298705754943,4.19404056231697
2.14503968253968,0.41556929198204,0.286087935954624,1.25238783789705,4.19439646028225
2.14513888888889,0.41558168837124,0.286140076088518,1.25178890487986,4.19475230833804
2.1452380952381,0.41559400212882,0.286192200507712,1.25119025836194,4.19510810647256
2.1453373015873,0.415606233364846,0.286244309192975,1.2505918982074,4.19546385467404
2.14543650793651,0.415618382189354,0.286296402125083,1.24999382428042,4.1958195529307
2.14553571428571,0.41563044871235,0.286348479284809,1.24939603644525,4.19617520123078
2.14563492063492,0.415642433043811,0.286400540652932,1.24879853456615,4.1965307995625
2.14573412698413,0.415654335293685,0.28645258621023,1.24820131850747,4.19688634791407
2.14583333333333,0.415666155571886,0.286504615937485,1.2476043881336,4.19724184627374
2.14593253968254,0.415677893988303,0.286556629815481,1.24700774330899,4.19759729462971
2.14603174603175,0.415689550652793,0.286608627825002,1.24641138389814,4.19795269297021
2.14613095238095,0.415701125675182,0.286660609946836,1.24581530976559,4.19830804128347
2.14623015873016,0.415712619165268,0.286712576161772,1.24521952077597,4.19866333955771
2.14632936507937,0.415724031232819,0.286764526450602,1.24462401679394,4.19901858778115
2.14642857142857,0.415735361987571,0.286816460794119,1.2440287976842,4.199373785942
2.14652777777778,0.415746611539233,0.286868379173118,1.24343386331154,4.1997289340285
2.14662698412698,0.415757779997482,0.286920281568396,1.24283921354077,4.20008403202887
2.14672619047619,0.415768867471966,0.286972167960753,1.24224484823677,4.20043907993131
2.1468253968254,0.415779874072304,0.28702403833099,1.24165076726447,4.20079407772405
2.1469246031746,0.415790799908083,0.28707589265991,1.24105697048887,4.20114902539532
2.14702380952381,0.415801645088861,0.287127730928319,1.24046345777501,4.20150392293332
2.14712301587302,0.415812409724168,0.287179553117024,1.23987022898797,4.20185877032629
2.14722222222222,0.415823093923501,0.287231359206833,1.2392772839929,4.20221356756242
2.14732142857143,0.415833697796329,0.287283149178559,1.23868462265501,4.20256831462995
2.14742063492063,0.41584422145209,0.287334923013015,1.23809224483955,4.20292301151709
2.14751984126984,0.415854665000195,0.287386680691015,1.23750015041183,4.20327765821205
2.14761904761905,0.415865028550021,0.287438422193378,1.23690833923722,4.20363225470305
2.14771825396825,0.415875312210919,0.287490147500922,1.23631681118114,4.20398680097831
2.14781746031746,0.415885516092206,0.287541856594468,1.23572556610906,4.20434129702604
2.14791666666667,0.415895640303173,0.28759354945484,1.23513460388649,4.20469574283446
2.14801587301587,0.415905684953078,0.287645226062864,1.23454392437903,4.20505013839177
2.14811507936508,0.415915650151152,0.287696886399365,1.23395352745231,4.2054044836862
2.14821428571429,0.415925536006595,0.287748530445174,1.23336341297201,4.20575877870595
2.14831349206349,0.415935342628575,0.287800158181122,1.23277358080388,4.20611302343924
2.1484126984127,0.415945070126234,0.287851769588041,1.23218403081371,4.20646721787428
2.1485119047619,0.415954718608681,0.287903364646767,1.23159476286736,4.20682136199928
2.14861111111111,0.415964288184996,0.287954943338138,1.23100577683072,4.20717545580245
2.14871031746032,0.41597377896423,0.288006505642992,1.23041707256975,4.20752949927201
2.14880952380952,0.415983191055403,0.288058051542171,1.22982864995047,4.20788349239616
2.14890873015873,0.415992524567506,0.288109581016518,1.22924050883894,4.20823743516311
2.14900793650794,0.416001779609499,0.288161094046878,1.22865264910129,4.20859132756108
2.14910714285714,0.416010956290313,0.288212590614098,1.22806507060367,4.20894516957826
2.14920634920635,0.41602005471885,0.288264070699027,1.22747777321233,4.20929896120288
2.14930555555556,0.416029075003981,0.288315534282517,1.22689075679355,4.20965270242313
2.14940476190476,0.416038017254545,0.288366981345421,1.22630402121365,4.21000639322723
2.14950396825397,0.416046881579356,0.288418411868593,1.22571756633903,4.21036003360338
2.14960317460317,0.416055668087194,0.288469825832891,1.22513139203614,4.21071362353978
2.14970238095238,0.41606437688681,0.288521223219175,1.22454549817147,4.21106716302465
2.14980158730159,0.416073008086927,0.288572604008305,1.22395988461156,4.21142065204619
2.14990079365079,0.416081561796237,0.288623968181144,1.22337455122303,4.2117740905926
2.15,0.416090038123401,0.288675315718558,1.22278949787254,4.2121274786521
2.15009920634921,0.416098437177051,0.288726646601414,1.2222047244268,4.21248081621287
2.15019841269841,0.416106759065789,0.28877796081058,1.22162023075258,4.21283410326313
2.15029761904762,0.416115003898189,0.288829258326929,1.22103601671669,4.21318733979108
2.15039682539683,0.416123171782791,0.288880539131332,1.22045208218602,4.21354052578493
2.15049603174603,0.41613126282811,0.288931803204666,1.21986842702749,4.21389366123287
2.15059523809524,0.416139277142626,0.288983050527807,1.21928505110809,4.2142467461231
2.15069444444444,0.416147214834794,0.289034281081634,1.21870195429485,4.21459978044383
2.15079365079365,0.416155076013036,0.289085494847028,1.21811913645486,4.21495276418326
2.15089285714286,0.416162860785745,0.289136691804874,1.21753659745527,4.21530569732959
2.15099206349206,0.416170569261284,0.289187871936055,1.21695433716329,4.21565857987102
2.15109126984127,0.416178201547987,0.289239035221458,1.21637235544615,4.21601141179575
2.15119047619048,0.416185757754157,0.289290181641974,1.21579065217117,4.21636419309197
2.15128968253968,0.416193237988067,0.289341311178492,1.21520922720571,4.21671692374789
2.15138888888889,0.416200642357961,0.289392423811907,1.21462808041719,4.21706960375171
2.1514880952381,0.416207970972053,0.289443519523112,1.21404721167307,4.21742223309161
2.1515873015873,0.416215223938527,0.289494598293005,1.21346662084087,4.2177748117558
2.15168650793651,0.416222401365537,0.289545660102486,1.21288630778818,4.21812733973248
2.15178571428571,0.416229503361206,0.289596704932455,1.21230627238262,4.21847981700984
2.15188492063492,0.41623653003363,0.289647732763815,1.21172651449188,4.21883224357608
2.15198412698413,0.416243481490872,0.289698743577471,1.2111470339837,4.21918461941938
2.15208333333333,0.416250357840967,0.289749737354331,1.21056783072587,4.21953694452796
2.15218253968254,0.41625715919192,0.289800714075303,1.20998890458623,4.21988921889
2.15228174603175,0.416263885651705,0.289851673721298,1.2094102554327,4.22024144249369
2.15238095238095,0.416270537328267,0.28990261627323,1.20883188313321,4.22059361532723
2.15248015873016,0.416277114329521,0.289953541712013,1.20825378755579,4.22094573737881
2.15257936507937,0.416283616763353,0.290004450018564,1.20767596856849,4.22129780863662
2.15267857142857,0.416290044737617,0.290055341173803,1.20709842603943,4.22164982908886
2.15277777777778,0.416296398360139,0.290106215158651,1.20652115983678,4.22200179872372
2.15287698412698,0.416302677738714,0.29015707195403,1.20594416982877,4.22235371752938
2.15297619047619,0.416308882981109,0.290207911540865,1.20536745588367,4.22270558549404
2.1530753968254,0.416315014195058,0.290258733900084,1.20479101786982,4.2230574026059
2.1531746031746,0.416321071488267,0.290309539012615,1.2042148556556,4.22340916885313
2.15327380952381,0.416327054968413,0.29036032685939,1.20363896910945,4.22376088422393
2.15337301587302,0.416332964743142,0.29041109742134,1.20306335809987,4.22411254870648
2.15347222222222,0.416338800920069,0.290461850679403,1.20248802249541,4.22446416228898
2.15357142857143,0.416344563606781,0.290512586614513,1.20191296216466,4.22481572495961
2.15367063492063,0.416350252910835,0.290563305207611,1.20133817697629,4.22516723670656
2.15376984126984,0.416355868939757,0.290614006439637,1.20076366679901,4.22551869751802
2.15386904761905,0.416361411801044,0.290664690291535,1.20018943150157,4.22587010738217
2.15396825396825,0.416366881602162,0.290715356744248,1.1996154709528,4.2262214662872
2.15406746031746,0.416372278450549,0.290766005778724,1.19904178502157,4.22657277422129
2.15416666666667,0.416377602453612,0.290816637375913,1.1984683735768,4.22692403117263
2.15426587301587,0.416382853718727,0.290867251516765,1.19789523648748,4.22727523712941
2.15436507936508,0.416388032353243,0.290917848182232,1.19732237362264,4.2276263920798
2.15446428571429,0.416393138464476,0.29096842735327,1.19674978485137,4.227977496012
2.15456349206349,0.416398172159714,0.291018989010836,1.1961774700428,4.22832854891418
2.1546626984127,0.416403133546215,0.291069533135888,1.19560542906614,4.22867955077452
2.1547619047619,0.416408022731206,0.291120059709388,1.19503366179064,4.22903050158122
2.15486111111111,0.416412839821886,0.291170568712299,1.1944621680856,4.22938140132244
2.15496031746032,0.416417584925423,0.291221060125585,1.19389094782038,4.22973224998638
2.15505952380952,0.416422258148954,0.291271533930213,1.19332000086438,4.23008304756121
2.15515873015873,0.416426859599588,0.291321990107153,1.19274932708708,4.23043379403512
2.15525793650794,0.416431389384404,0.291372428637374,1.19217892635799,4.23078448939627
2.15535714285714,0.416435847610449,0.29142284950185,1.1916087985467,4.23113513363286
2.15545634920635,0.416440234384743,0.291473252681556,1.19103894352282,4.23148572673307
2.15555555555556,0.416444549814274,0.291523638157469,1.19046936115603,4.23183626868505
2.15565476190476,0.416448794006002,0.291574005910568,1.18990005131609,4.23218675947701
2.15575396825397,0.416452967066855,0.291624355921833,1.18933101387276,4.23253719909712
2.15585317460317,0.416457069103732,0.291674688172247,1.1887622486959,4.23288758753354
2.15595238095238,0.416461100223503,0.291725002642795,1.18819375565541,4.23323792477446
2.15605158730159,0.416465060533007,0.291775299314464,1.18762553462123,4.23358821080806
2.15615079365079,0.416468950139053,0.291825578168243,1.18705758546338,4.23393844562251
2.15625,0.416472769148422,0.291875839185123,1.18648990805191,4.23428862920599
2.15634920634921,0.416476517667862,0.291926082346096,1.18592250225693,4.23463876154666
2.15644841269841,0.416480195804094,0.291976307632158,1.18535536794861,4.23498884263271
2.15654761904762,0.416483803663808,0.292026515024305,1.18478850499718,4.23533887245231
2.15664682539683,0.416487341353664,0.292076704503536,1.18422191327291,4.23568885099363
2.15674603174603,0.416490808980293,0.292126876050852,1.18365559264612,4.23603877824485
2.15684523809524,0.416494206650293,0.292177029647255,1.18308954298721,4.23638865419413
2.15694444444444,0.416497534470237,0.292227165273751,1.18252376416661,4.23673847882965
2.15704365079365,0.416500792546664,0.292277282911346,1.1819582560548,4.23708825213958
2.15714285714286,0.416503980986086,0.292327382541049,1.18139301852235,4.23743797411209
2.15724206349206,0.416507099894983,0.292377464143871,1.18082805143983,4.23778764473536
2.15734126984127,0.416510149379806,0.292427527700825,1.18026335467792,4.23813726399754
2.15744047619048,0.416513129546976,0.292477573192925,1.17969892810731,4.23848683188682
2.15753968253968,0.416516040502884,0.292527600601188,1.17913477159877,4.23883634839135
2.15763888888889,0.416518882353893,0.292577609906633,1.17857088502311,4.23918581349932
2.1577380952381,0.416521655206333,0.292627601090281,1.1780072682512,4.23953522719888
2.1578373015873,0.416524359166506,0.292677574133155,1.17744392115396,4.23988458947821
2.15793650793651,0.416526994340683,0.292727529016279,1.17688084360238,4.24023390032547
2.15803571428571,0.416529560835107,0.29277746572068,1.17631803546747,4.24058315972883
2.15813492063492,0.416532058755989,0.292827384227386,1.17575549662034,4.24093236767646
2.15823412698413,0.416534488209511,0.29287728451743,1.1751932269321,4.24128152415652
2.15833333333333,0.416536849301826,0.292927166571843,1.17463122627397,4.24163062915717
2.15843253968254,0.416539142139056,0.292977030371659,1.17406949451718,4.24197968266658
2.15853174603175,0.416541366827294,0.293026875897917,1.17350803153304,4.24232868467292
2.15863095238095,0.416543523472601,0.293076703131654,1.1729468371929,4.24267763516435
2.15873015873016,0.416545612181011,0.293126512053911,1.17238591136817,4.24302653412904
2.15882936507937,0.416547633058527,0.293176302645731,1.17182525393031,4.24337538155514
2.15892857142857,0.41654958621112,0.293226074888159,1.17126486475084,4.24372417743082
2.15902777777778,0.416551471744736,0.293275828762242,1.17070474370133,4.24407292174423
2.15912698412698,0.416553289765286,0.293325564249027,1.1701448906534,4.24442161448356
2.15922619047619,0.416555040378653,0.293375281329566,1.16958530547874,4.24477025563695
2.1593253968254,0.416556723690693,0.293424979984912,1.16902598804907,4.24511884519256
2.1594246031746,0.416558339807227,0.293474660196119,1.16846693823619,4.24546738313855
2.15952380952381,0.416559888834049,0.293524321944244,1.16790815591193,4.24581586946309
2.15962301587302,0.416561370876924,0.293573965210346,1.16734964094818,4.24616430415434
2.15972222222222,0.416562786041585,0.293623589975484,1.16679139321691,4.24651268720045
2.15982142857143,0.416564134433736,0.293673196220723,1.1662334125901,4.24686101858958
2.15992063492063,0.416565416159052,0.293722783927126,1.16567569893981,4.24720929830988
2.16001984126984,0.416566631323177,0.293772353075761,1.16511825213816,4.24755752634953
2.16011904761905,0.416567780031724,0.293821903647695,1.16456107205731,4.24790570269667
2.16021825396825,0.416568862390279,0.293871435624001,1.16400415856948,4.24825382733945
2.16031746031746,0.416569878504397,0.293920948985749,1.16344751154693,4.24860190026605
2.16041666666667,0.416570828479601,0.293970443714015,1.16289113086201,4.2489499214646
2.16051587301587,0.416571712421387,0.294019919789876,1.16233501638708,4.24929789092328
2.16061507936508,0.41657253043522,0.29406937719441,1.16177916799458,4.24964580863022
2.16071428571429,0.416573282626535,0.294118815908698,1.161223585557,4.24999367457359
2.16081349206349,0.416573969100738,0.294168235913822,1.16066826894688,4.25034148874154
2.1609126984127,0.416574589963203,0.294217637190868,1.16011321803682,4.25068925112222
2.1610119047619,0.416575145319276,0.294267019720921,1.15955843269946,4.25103696170379
2.16111111111111,0.416575635274273,0.29431638348507,1.15900391280752,4.25138462047439
2.16121031746032,0.41657605993348,0.294365728464407,1.15844965823375,4.25173222742219
2.16130952380952,0.416576419402152,0.294415054640023,1.15789566885096,4.25207978253532
2.16140873015873,0.416576713785515,0.294464361993013,1.15734194453201,4.25242728580195
2.16150793650794,0.416576943188766,0.294513650504473,1.15678848514983,4.25277473721022
2.16160714285714,0.41657710771707,0.294562920155503,1.1562352905774,4.25312213674828
2.16170634920635,0.416577207475565,0.294612170927204,1.15568236068773,4.25346948440428
2.16180555555556,0.416577242569356,0.294661402800676,1.15512969535392,4.25381678016638
2.16190476190476,0.41657721310352,0.294710615757026,1.15457729444909,4.25416402402271
2.16200396825397,0.416577119183104,0.294759809777359,1.15402515784644,4.25451121596143
2.16210317460317,0.416576960913125,0.294808984842784,1.15347328541921,4.25485835597069
2.16220238095238,0.416576738398569,0.294858140934412,1.15292167704069,4.25520544403863
2.16230158730159,0.416576451744394,0.294907278033356,1.15237033258425,4.2555524801534
2.16240079365079,0.416576101055527,0.294956396120729,1.15181925192328,4.25589946430314
2.1625,0.416575686436866,0.29500549517765,1.15126843493125,4.256246396476
2.16259920634921,0.416575207993277,0.295054575185234,1.15071788148167,4.25659327666013
2.16269841269841,0.416574665829598,0.295103636124605,1.1501675914481,4.25694010484368
2.16279761904762,0.416574060050638,0.295152677976884,1.14961756470417,4.25728688101477
2.16289682539683,0.416573390761173,0.295201700723195,1.14906780112356,4.25763360516157
2.16299603174603,0.416572658065952,0.295250704344665,1.14851830057999,4.25798027727221
2.16309523809524,0.416571862069693,0.295299688822423,1.14796906294724,4.25832689733484
2.16319444444444,0.416571002877084,0.295348654137599,1.14742008809916,4.25867346533759
2.16329365079365,0.416570080592783,0.295397600271326,1.14687137590963,4.25901998126862
2.16339285714286,0.416569095321419,0.295446527204738,1.14632292625261,4.25936644511605
2.16349206349206,0.416568047167591,0.295495434918972,1.14577473900209,4.25971285686804
2.16359126984127,0.416566936235866,0.295544323395166,1.14522681403211,4.26005921651273
2.16369047619048,0.416565762630784,0.295593192614461,1.1446791512168,4.26040552403825
2.16378968253968,0.416564526456854,0.295642042557999,1.14413175043032,4.26075177943274
2.16388888888889,0.416563227818555,0.295690873206924,1.14358461154687,4.26109798268435
2.1639880952381,0.416561866820335,0.295739684542384,1.14303773444072,4.2614441337812
2.1640873015873,0.416560443566615,0.295788476545527,1.14249111898621,4.26179023271145
2.16418650793651,0.416558958161783,0.295837249197502,1.1419447650577,4.26213627946323
2.16428571428571,0.4165574107102,0.295886002479464,1.14139867252963,4.26248227402467
2.16438492063492,0.416555801316194,0.295934736372565,1.14085284127648,4.26282821638391
2.16448412698413,0.416554130084066,0.295983450857963,1.1403072711728,4.2631741065291
2.16458333333333,0.416552397118086,0.296032145916815,1.13976196209317,4.26351994444835
2.16468253968254,0.416550602522492,0.296080821530284,1.13921691391224,4.26386573012982
2.16478174603175,0.416548746401497,0.29612947767953,1.13867212650471,4.26421146356164
2.16488095238095,0.416546828859279,0.296178114345718,1.13812759974535,4.26455714473193
2.16498015873016,0.41654484999999,0.296226731510015,1.13758333350895,4.26490277362884
2.16507936507937,0.41654280992775,0.296275329153589,1.13703932767038,4.26524835024049
2.16517857142857,0.416540708746649,0.296323907257611,1.13649558210456,4.26559387455503
2.16527777777778,0.416538546560748,0.296372465803253,1.13595209668645,4.26593934656058
2.16537698412698,0.416536323474078,0.296421004771689,1.13540887129109,4.26628476624527
2.16547619047619,0.416534039590641,0.296469524144096,1.13486590579355,4.26663013359725
2.1655753968254,0.416531695014406,0.296518023901653,1.13432320006896,4.26697544860463
2.1656746031746,0.416529289849316,0.296566504025539,1.13378075399251,4.26732071125555
2.16577380952381,0.416526824199282,0.296614964496937,1.13323856743944,4.26766592153815
2.16587301587302,0.416524298168185,0.296663405297032,1.13269664028505,4.26801107944054
2.16597222222222,0.416521711859877,0.296711826407009,1.13215497240469,4.26835618495086
2.16607142857143,0.416519065378179,0.296760227808058,1.13161356367375,4.26870123805724
2.16617063492063,0.416516358826884,0.296808609481368,1.1310724139677,4.26904623874781
2.16626984126984,0.416513592309754,0.296856971408132,1.13053152316203,4.26939118701069
2.16636904761905,0.41651076593052,0.296905313569545,1.12999089113233,4.26973608283402
2.16646825396825,0.416507879792884,0.296953635946802,1.12945051775421,4.27008092620592
2.16656746031746,0.41650493400052,0.297001938521103,1.12891040290333,4.27042571711451
2.16666666666667,0.41650192865707,0.297050221273647,1.12837054645543,4.27077045554793
2.16676587301587,0.416498863866145,0.297098484185637,1.12783094828629,4.27111514149429
2.16686507936508,0.41649573973133,0.297146727238276,1.12729160827174,4.27145977494173
2.16696428571429,0.416492556356176,0.297194950412773,1.12675252628766,4.27180435587837
2.16706349206349,0.416489313844207,0.297243153690334,1.12621370221001,4.27214888429233
2.1671626984127,0.416486012298916,0.29729133705217,1.12567513591478,4.27249336017173
2.1672619047619,0.416482651823765,0.297339500479494,1.12513682727801,4.27283778350471
2.16736111111111,0.416479232522189,0.29738764395352,1.12459877617582,4.27318215427938
2.16746031746032,0.416475754497591,0.297435767455464,1.12406098248435,4.27352647248387
2.16755952380952,0.416472217853344,0.297483870966544,1.12352344607983,4.27387073810629
2.16765873015873,0.416468622692792,0.297531954467981,1.12298616683852,4.27421495113477
2.16775793650794,0.416464969119248,0.297580017940997,1.12244914463673,4.27455911155744
2.16785714285714,0.416461257235998,0.297628061366816,1.12191237935085,4.2749032193624
2.16795634920635,0.416457487146294,0.297676084726665,1.1213758708573,4.27524727453778
2.16805555555556,0.416453658953361,0.297724088001773,1.12083961903256,4.27559127707171
2.16815476190476,0.416449772760393,0.297772071173368,1.12030362375317,4.27593522695229
2.16825396825397,0.416445828670555,0.297820034222684,1.11976788489572,4.27627912416766
2.16835317460317,0.416441826786981,0.297867977130954,1.11923240233685,4.27662296870592
2.16845238095238,0.416437767212776,0.297915899879416,1.11869717595326,4.27696676055519
2.16855158730159,0.416433650051015,0.297963802449307,1.11816220562171,4.2773104997036
2.16865079365079,0.416429475404742,0.298011684821868,1.11762749121899,4.27765418613925
2.16875,0.416425243376973,0.298059546978341,1.11709303262197,4.27799781985027
2.16884920634921,0.416420954070692,0.29810738889997,1.11655882970756,4.27834140082477
2.16894841269841,0.416416607588856,0.298155210568001,1.11602488235273,4.27868492905087
2.16904761904762,0.416412204034389,0.298203011963683,1.1154911904345,4.27902840451668
2.16914682539683,0.416407743510187,0.298250793068265,1.11495775382994,4.27937182721031
2.16924603174603,0.416403226119115,0.298298553863001,1.1144245724162,4.27971519711989
2.16934523809524,0.41639865196401,0.298346294329144,1.11389164607044,4.28005851423352
2.16944444444444,0.416394021147678,0.298394014447951,1.11335897466991,4.28040177853931
2.16954365079365,0.416389333772893,0.29844171420068,1.1128265580919,4.28074499002539
2.16964285714286,0.416384589942403,0.29848939356859,1.11229439621376,4.28108814867986
2.16974206349206,0.416379789758923,0.298537052532945,1.11176248891288,4.28143125449083
2.16984126984127,0.416374933325141,0.298584691075008,1.11123083606672,4.28177430744641
2.16994047619048,0.416370020743712,0.298632309176046,1.11069943755278,4.28211730753472
2.17003968253968,0.416365052117263,0.298679906817327,1.11016829324862,4.28246025474387
2.17013888888889,0.416360027548391,0.298727483980121,1.10963740303187,4.28280314906196
2.1702380952381,0.416354947139663,0.2987750406457,1.10910676678019,4.28314599047711
2.1703373015873,0.416349810993616,0.298822576795338,1.10857638437131,4.28348877897742
2.17043650793651,0.416344619212756,0.298870092410312,1.108046255683,4.283831514551
2.17053571428571,0.416339371899562,0.2989175874719,1.10751638059309,4.28417419718597
2.17063492063492,0.41633406915648,0.298965061961382,1.10698675897946,4.28451682687042
2.17073412698413,0.416328711085928,0.299012515860039,1.10645739072007,4.28485940359247
2.17083333333333,0.416323297790293,0.299059949149158,1.1059282756929,4.28520192734022
2.17093253968254,0.416317829371934,0.299107361810022,1.10539941377599,4.28554439810177
2.17103174603175,0.416312305933178,0.299154753823921,1.10487080484745,4.28588681586524
2.17113095238095,0.416306727576323,0.299202125172145,1.10434244878544,4.28622918061873
2.17123015873016,0.416301094403637,0.299249475835986,1.10381434546816,4.28657149235034
2.17132936507937,0.416295406517358,0.299296805796738,1.10328649477387,4.28691375104818
2.17142857142857,0.416289664019695,0.299344115035697,1.1027588965809,4.28725595670036
2.17152777777778,0.416283867012826,0.299391403534161,1.10223155076761,4.28759810929496
2.17162698412698,0.4162780155989,0.299438671273431,1.10170445721244,4.28794020882011
2.17172619047619,0.416272109880036,0.299485918234808,1.10117761579384,4.28828225526389
2.1718253968254,0.416266149958321,0.299533144399597,1.10065102639037,4.28862424861442
2.1719246031746,0.416260135935816,0.299580349749104,1.10012468888061,4.28896618885979
2.17202380952381,0.416254067914549,0.299627534264637,1.0995986031432,4.2893080759881
2.17212301587302,0.41624794599652,0.299674697927505,1.09907276905682,4.28964990998746
2.17222222222222,0.416241770283697,0.299721840719022,1.09854718650024,4.28999169084597
2.17232142857143,0.416235540878021,0.299768962620501,1.09802185535226,4.29033341855172
2.17242063492063,0.4162292578814,0.299816063613258,1.09749677549173,4.29067509309281
2.17251984126984,0.416222921395714,0.299863143678611,1.09697194679755,4.29101671445735
2.17261904761905,0.416216531522814,0.299910202797881,1.09644736914871,4.29135828263342
2.17271825396825,0.416210088364519,0.299957240952389,1.09592304242421,4.29169979760914
2.17281746031746,0.41620359202262,0.30000425812346,1.09539896650312,4.29204125937259
2.17291666666667,0.416197042598875,0.30005125429242,1.09487514126458,4.29238266791187
2.17301587301587,0.416190440195017,0.300098229440596,1.09435156658777,4.29272402321508
2.17311507936508,0.416183784912744,0.300145183549319,1.09382824235192,4.29306532527032
2.17321428571429,0.416177076853728,0.300192116599921,1.09330516843631,4.29340657406568
2.17331349206349,0.416170316119609,0.300239028573736,1.09278234472029,4.29374776958925
2.1734126984127,0.416163502811998,0.3002859194521,1.09225977108326,4.29408891182913
2.1735119047619,0.416156637032476,0.30033278921635,1.09173744740467,4.29443000077342
2.17361111111111,0.416149718882595,0.300379637847828,1.09121537356402,4.2947710364102
2.17371031746032,0.416142748463874,0.300426465327875,1.09069354944087,4.29511201872757
2.17380952380952,0.416135725877805,0.300473271637834,1.09017197491483,4.29545294771363
2.17390873015873,0.416128651225851,0.300520056759053,1.08965064986557,4.29579382335646
2.17400793650794,0.416121524609441,0.300566820672879,1.0891295741728,4.29613464564416
2.17410714285714,0.416114346129979,0.300613563360661,1.08860874771631,4.29647541456481
2.17420634920635,0.416107115888835,0.300660284803753,1.08808817037592,4.29681613010652
2.17430555555556,0.416099833987352,0.300706984983508,1.08756784203151,4.29715679225736
2.17440476190476,0.416092500526841,0.300753663881282,1.08704776256303,4.29749740100543
2.17450396825397,0.416085115608585,0.300800321478433,1.08652793185045,4.29783795633882
2.17460317460317,0.416077679333836,0.300846957756322,1.08600834977382,4.29817845824561
2.17470238095238,0.416070191803816,0.300893572696309,1.08548901621324,4.29851890671391
2.17480158730159,0.416062653119718,0.300940166279759,1.08496993104887,4.29885930173178
2.17490079365079,0.416055063382704,0.300986738488038,1.08445109416091,4.29919964328733
2.175,0.416047422693907,0.301033289302515,1.08393250542962,4.29953993136863
2.17509920634921,0.416039731154431,0.301079818704558,1.0834141647353,4.29988016596378
2.17519841269841,0.416031988865347,0.30112632667554,1.08289607195834,4.30022034706085
2.17529761904762,0.416024195927699,0.301172813196835,1.08237822697916,4.30056047464795
2.17539682539683,0.416016352442501,0.301219278249818,1.08186062967822,4.30090054871314
2.17549603174603,0.416008458510735,0.301265721815869,1.08134327993605,4.30124056924452
2.17559523809524,0.416000514233356,0.301312143876366,1.08082617763326,4.30158053623017
2.17569444444444,0.415992519711286,0.301358544412692,1.08030932265046,4.30192044965818
2.17579365079365,0.415984475045419,0.30140492340623,1.07979271486835,4.30226030951662
2.17589285714286,0.41597638033662,0.301451280838367,1.07927635416768,4.30260011579358
2.17599206349206,0.415968235685721,0.30149761669049,1.07876024042924,4.30293986847714
2.17609126984127,0.415960041193528,0.301543930943989,1.0782443735339,4.30327956755539
2.17619047619048,0.415951796960815,0.301590223580257,1.07772875336255,4.3036192130164
2.17628968253968,0.415943503088325,0.301636494580687,1.07721337979616,4.30395880484826
2.17638888888889,0.415935159676774,0.301682743926675,1.07669825271575,4.30429834303905
2.1764880952381,0.415926766826845,0.301728971599619,1.07618337200238,4.30463782757684
2.1765873015873,0.415918324639194,0.301775177580919,1.07566873753718,4.30497725844972
2.17668650793651,0.415909833214445,0.301821361851976,1.07515434920133,4.30531663564576
2.17678571428571,0.415901292653193,0.301867524394195,1.07464020687605,4.30565595915305
2.17688492063492,0.415892703056004,0.301913665188982,1.07412631044263,4.30599522895966
2.17698412698413,0.415884064523412,0.301959784217744,1.07361265978242,4.30633444505367
2.17708333333333,0.415875377155923,0.302005881461891,1.07309925477679,4.30667360742316
2.17718253968254,0.415866641054012,0.302051956902835,1.07258609530722,4.3070127160562
2.17728174603175,0.415857856318125,0.30209801052199,1.07207318125518,4.30735177094087
2.17738095238095,0.415849023048677,0.302144042300773,1.07156051250224,4.30769077206525
2.17748015873016,0.415840141346055,0.302190052220599,1.07104808893001,4.30802971941741
2.17757936507937,0.415831211310613,0.302236040262891,1.07053591042016,4.30836861298542
2.17767857142857,0.415822233042679,0.302282006409069,1.07002397685438,4.30870745275737
2.17777777777778,0.415813206642548,0.302327950640557,1.06951228811447,4.30904623872132
2.17787698412698,0.415804132210486,0.302373872938781,1.06900084408224,4.30938497086535
2.17797619047619,0.415795009846731,0.302419773285169,1.06848964463958,4.30972364917753
2.1780753968254,0.415785839651488,0.30246565166115,1.06797868966841,4.31006227364593
2.1781746031746,0.415776621724934,0.302511508048157,1.06746797905072,4.31040084425863
2.17827380952381,0.415767356167216,0.302557342427624,1.06695751266856,4.3107393610037
2.17837301587302,0.415758043078451,0.302603154780986,1.06644729040402,4.3110778238692
2.17847222222222,0.415748682558726,0.30264894508968,1.06593731213924,4.31141623284322
2.17857142857143,0.415739274708098,0.302694713335148,1.06542757775644,4.31175458791381
2.17867063492063,0.415729819626594,0.30274045949883,1.06491808713786,4.31209288906905
2.17876984126984,0.415720317414212,0.30278618356217,1.06440884016582,4.31243113629701
2.17886904761905,0.415710768170918,0.302831885506615,1.06389983672269,4.31276932958576
2.17896825396825,0.415701171996652,0.302877565313611,1.06339107669087,4.31310746892337
2.17906746031746,0.41569152899132,0.302923222964609,1.06288255995286,4.31344555429789
2.17916666666667,0.4156818392548,0.302968858441061,1.06237428639116,4.31378358569741
2.17926587301587,0.415672102886941,0.30301447172442,1.06186625588836,4.31412156310999
2.17936507936508,0.41566231998756,0.303060062796142,1.0613584683271,4.31445948652369
2.17946428571429,0.415652490656445,0.303105631637685,1.06085092359007,4.31479735592658
2.17956349206349,0.415642614993356,0.303151178230508,1.06034362156,4.31513517130673
2.1796626984127,0.41563269309802,0.303196702556074,1.0598365621197,4.31547293265219
2.1797619047619,0.415622725070137,0.303242204595846,1.05932974515201,4.31581063995104
2.17986111111111,0.415612711009374,0.303287684331289,1.05882317053984,4.31614829319135
2.17996031746032,0.415602651015371,0.303333141743872,1.05831683816615,4.31648589236116
2.18005952380952,0.415592545187737,0.303378576815065,1.05781074791395,4.31682343744856
2.18015873015873,0.41558239362605,0.303423989526338,1.05730489966631,4.31716092844159
2.18025793650794,0.41557219642986,0.303469379859166,1.05679929330634,4.31749836532832
2.18035714285714,0.415561953698687,0.303514747795024,1.05629392871722,4.31783574809682
2.18045634920635,0.415551665532019,0.303560093315391,1.05578880578218,4.31817307673514
2.18055555555556,0.415541332029317,0.303605416401745,1.05528392438451,4.31851035123135
2.18065476190476,0.41553095329001,0.30365071703557,1.05477928440753,4.3188475715735
2.18075396825397,0.415520529413498,0.303695995198347,1.05427488573464,4.31918473774966
2.18085317460317,0.41551006049915,0.303741250871563,1.05377072824929,4.31952184974789
2.18095238095238,0.415499546646308,0.303786484036706,1.05326681183496,4.31985890755624
2.18105158730159,0.41548898795428,0.303831694675265,1.05276313637522,4.32019591116277
2.18115079365079,0.415478384522348,0.303876882768732,1.05225970175366,4.32053286055555
2.18125,0.415467736449761,0.303922048298601,1.05175650785396,4.32086975572262
2.18134920634921,0.415457043835741,0.303967191246368,1.05125355455982,4.32120659665205
2.18144841269841,0.415446306779478,0.304012311593529,1.050750841755,4.32154338333189
2.18154761904762,0.415435525380133,0.304057409321585,1.05024836932334,4.3218801157502
2.18164682539683,0.415424699736837,0.304102484412038,1.04974613714871,4.32221679389504
2.18174603174603,0.415413829948691,0.30414753684639,1.04924414511504,4.32255341775446
2.18184523809524,0.415402916114765,0.304192566606149,1.04874239310631,4.32288998731651
2.18194444444444,0.415391958334102,0.30423757367282,1.04824088100656,4.32322650256925
2.18204365079365,0.415380956705713,0.304282558027914,1.04773960869989,4.32356296350073
2.18214285714286,0.415369911328579,0.304327519652944,1.04723857607043,4.32389937009901
2.18224206349206,0.415358822301652,0.304372458529421,1.04673778300239,4.32423572235214
2.18234126984127,0.415347689723853,0.304417374638862,1.04623722938002,4.32457202024817
2.18244047619048,0.415336513694075,0.304462267962785,1.04573691508763,4.32490826377515
2.18253968253968,0.41532529431118,0.304507138482708,1.04523684000958,4.32524445292114
2.18263888888889,0.415314031673999,0.304551986180155,1.04473700403029,4.32558058767419
2.1827380952381,0.415302725881336,0.304596811036648,1.04423740703422,4.32591666802234
2.1828373015873,0.415291377031962,0.304641613033712,1.04373804890591,4.32625269395365
2.18293650793651,0.415279985224619,0.304686392152877,1.04323892952992,4.32658866545617
2.18303571428571,0.415268550558022,0.30473114837567,1.04274004879089,4.32692458251795
2.18313492063492,0.415257073130852,0.304775881683624,1.04224140657351,4.32726044512703
2.18323412698413,0.415245553041762,0.304820592058272,1.0417430027625,4.32759625327146
2.18333333333333,0.415233990389375,0.30486527948115,1.04124483724268,4.3279320069393
2.18343253968254,0.415222385272284,0.304909943933796,1.04074690989888,4.32826770611858
2.18353174603175,0.415210737789053,0.304954585397749,1.04024922061601,4.32860335079736
2.18363095238095,0.415199048038215,0.30499920385455,1.03975176927902,4.32893894096368
2.18373015873016,0.415187316118274,0.305043799285743,1.03925455577292,4.32927447660559
2.18382936507937,0.415175542127702,0.305088371672874,1.03875757998277,4.32960995771113
2.18392857142857,0.415163726164945,0.305132920997491,1.0382608417937,4.32994538426835
2.18402777777778,0.415151868328415,0.305177447241142,1.03776434109086,4.33028075626529
2.18412698412698,0.415139968716497,0.30522195038538,1.0372680777595,4.33061607369
2.18422619047619,0.415128027427544,0.305266430411757,1.03677205168488,4.33095133653052
2.1843253968254,0.415116044559882,0.30531088730183,1.03627626275234,4.33128654477489
2.1844246031746,0.415104020211803,0.305355321037156,1.03578071084727,4.33162169841116
2.18452380952381,0.415091954481574,0.305399731599294,1.03528539585511,4.33195679742737
2.18462301587302,0.415079847467428,0.305444118969806,1.03479031766135,4.33229184181156
2.18472222222222,0.41506769926757,0.305488483130256,1.03429547615155,4.33262683155177
2.18482142857143,0.415055509980175,0.305532824062209,1.0338008712113,4.33296176663605
2.18492063492063,0.415043279703388,0.305577141747232,1.03330650272626,4.33329664705242
2.18501984126984,0.415031008535323,0.305621436166896,1.03281237058215,4.33363147278894
2.18511904761905,0.415018696574067,0.305665707302771,1.03231847466472,4.33396624383365
2.18521825396825,0.415006343917675,0.305709955136431,1.0318248148598,4.33430096017457
2.18531746031746,0.414993950664171,0.305754179649451,1.03133139105326,4.33463562179975
2.18541666666667,0.414981516911552,0.30579838082341,1.03083820313103,4.33497022869723
2.18551587301587,0.414969042757783,0.305842558639886,1.03034525097908,4.33530478085505
2.18561507936508,0.414956528300801,0.305886713080461,1.02985253448346,4.33563927826123
2.18571428571429,0.41494397363851,0.305930844126718,1.02936005353025,4.33597372090383
2.18581349206349,0.414931378868787,0.305974951760244,1.0288678080056,4.33630810877087
2.1859126984127,0.414918744089479,0.306019035962624,1.02837579779569,4.3366424418504
2.1860119047619,0.4149060693984,0.30606309671545,1.02788402278678,4.33697672013044
2.18611111111111,0.414893354893339,0.306107134000311,1.02739248286518,4.33731094359903
2.18621031746032,0.414880600672052,0.306151147798803,1.02690117791725,4.3376451122442
2.18630952380952,0.414867806832264,0.30619513809252,1.02641010782939,4.337979226054
2.18640873015873,0.414854973471674,0.306239104863059,1.02591927248808,4.33831328501645
2.18650793650794,0.414842100687947,0.30628304809202,1.02542867177983,4.33864728911958
2.18660714285714,0.414829188578721,0.306326967761005,1.02493830559121,4.33898123835143
2.18670634920635,0.414816237241603,0.306370863851616,1.02444817380887,4.33931513270003
2.18680555555556,0.414803246774171,0.30641473634546,1.02395827631947,4.33964897215341
2.18690476190476,0.414790217273972,0.306458585224143,1.02346861300976,4.3399827566996
2.18700396825397,0.414777148838522,0.306502410469276,1.02297918376653,4.34031648632664
2.18710317460317,0.414764041565311,0.306546212062469,1.02248998847661,4.34065016102255
2.18720238095238,0.414750895551795,0.306589989985336,1.02200102702692,4.34098378077536
2.18730158730159,0.414737710895403,0.306633744219493,1.02151229930439,4.3413173455731
2.18740079365079,0.414724487693532,0.306677474746556,1.02102380519605,4.34165085540381
2.1875,0.414711226043551,0.306721181548145,1.02053554458894,4.3419843102555
2.18759920634921,0.414697926042799,0.306764864605882,1.02004751737018,4.34231771011621
2.18769841269841,0.414684587788582,0.306808523901389,1.01955972342694,4.34265105497396
2.18779761904762,0.414671211378181,0.306852159416293,1.01907216264644,4.34298434481678
2.18789682539683,0.414657796908843,0.306895771132221,1.01858483491596,4.3433175796327
2.18799603174603,0.414644344477787,0.306939359030801,1.01809774012283,4.34365075940974
2.18809523809524,0.414630854182202,0.306982923093666,1.01761087815443,4.34398388413593
2.18819444444444,0.414617326119248,0.307026463302448,1.0171242488982,4.3443169537993
2.18829365079365,0.414603760386052,0.307069979638783,1.01663785224164,4.34464996838786
2.18839285714286,0.414590157079715,0.307113472084309,1.01615168807228,4.34498292788964
2.18849206349206,0.414576516297306,0.307156940620665,1.01566575627772,4.34531583229267
2.18859126984127,0.414562838135865,0.307200385229491,1.01518005674563,4.34564868158497
2.18869047619048,0.4145491226924,0.307243805892432,1.01469458936371,4.34598147575456
2.18878968253968,0.414535370063892,0.307287202591133,1.01420935401972,4.34631421478946
2.18888888888889,0.41452158034729,0.30733057530724,1.01372435060148,4.34664689867769
2.1889880952381,0.414507753639515,0.307373924022404,1.01323957899685,4.34697952740729
2.1890873015873,0.414493890037457,0.307417248718276,1.01275503909377,4.34731210096625
2.18918650793651,0.414479989637975,0.307460549376508,1.0122707307802,4.34764461934262
2.18928571428571,0.4144660525379,0.307503825978757,1.01178665394418,4.3479770825244
2.18938492063492,0.414452078834033,0.30754707850668,1.0113028084738,4.34830949049962
2.18948412698413,0.414438068623144,0.307590306941935,1.0108191942572,4.3486418432563
2.18958333333333,0.414424022001974,0.307633511266184,1.01033581118256,4.34897414078245
2.18968253968254,0.414409939067234,0.307676691461091,1.00985265913814,4.34930638306609
2.18978174603175,0.414395819915604,0.307719847508321,1.00936973801223,4.34963857009524
2.18988095238095,0.414381664643736,0.30776297938954,1.0088870476932,4.34997070185792
2.18998015873016,0.414367473348251,0.307806087086419,1.00840458806945,4.35030277834214
2.19007936507937,0.41435324612574,0.307849170580629,1.00792235902945,4.35063479953591
2.19017857142857,0.414338983072764,0.307892229853842,1.00744036046172,4.35096676542727
2.19027777777778,0.414324684285856,0.307935264887734,1.00695859225481,4.35129867600421
2.19037698412698,0.414310349861517,0.307978275663983,1.00647705429737,4.35163053125476
2.19047619047619,0.414295979896219,0.308021262164267,1.00599574647807,4.35196233116692
2.1905753968254,0.414281574486403,0.308064224370268,1.00551466868564,4.35229407572872
2.1906746031746,0.414267133728482,0.308107162263669,1.00503382080887,4.35262576492816
2.19077380952381,0.414252657718838,0.308150075826155,1.0045532027366,4.35295739875327
2.19087301587302,0.414238146553823,0.308192965039414,1.00407281435773,4.35328897719204
2.19097222222222,0.414223600329759,0.308235829885134,1.0035926555612,4.3536205002325
2.19107142857143,0.41420901914294,0.308278670345007,1.00311272623603,4.35395196786265
2.19117063492063,0.414194403089627,0.308321486400727,1.00263302627126,4.3542833800705
2.19126984126984,0.414179752266054,0.308364278033988,1.002153555556,4.35461473684408
2.19136904761905,0.414165066768423,0.308407045226487,1.00167431397943,4.35494603817137
2.19146825396825,0.414150346692908,0.308449787959924,1.00119530143076,4.35527728404041
2.19156746031746,0.414135592135651,0.308492506216001,1.00071651779927,4.35560847443919
2.19166666666667,0.414120803192767,0.308535199976419,1.00023796297427,4.35593960935572
2.19176587301587,0.414105979960337,0.308577869222885,0.999759636845158,4.35627068877801
2.19186507936508,0.414091122534417,0.308620513937105,0.999281539301363,4.35660171269407
2.19196428571429,0.414076231011028,0.308663134100789,0.998803670232373,4.35693268109191
2.19206349206349,0.414061305486167,0.308705729695648,0.998326029527732,4.35726359395953
2.1921626984127,0.414046346055795,0.308748300703395,0.997848617077037,4.35759445128494
2.1922619047619,0.414031352815847,0.308790847105745,0.997371432769937,4.35792525305615
2.19236111111111,0.414016325862227,0.308833368884416,0.996894476496139,4.35825599926116
2.19246031746032,0.41400126529081,0.308875866021126,0.996417748145401,4.35858668988797
2.19255952380952,0.41398617119744,0.308918338497597,0.995941247607533,4.35891732492459
2.19265873015873,0.413971043677931,0.308960786295551,0.995464974772407,4.35924790435903
2.19275793650794,0.413955882828069,0.309003209396715,0.99498892952994,4.35957842817928
2.19285714285714,0.413940688743606,0.309045607782815,0.994513111770108,4.35990889637335
2.19295634920635,0.41392546152027,0.30908798143558,0.994037521382937,4.36023930892925
2.19305555555556,0.413910201253754,0.309130330336741,0.993562158258513,4.36056966583497
2.19315476190476,0.413894908039723,0.309172654468032,0.99308702228697,4.36089996707852
2.19325396825397,0.413879581973814,0.309214953811188,0.9926121133585,4.3612302126479
2.19335317460317,0.41386422315163,0.309257228347945,0.992137431363347,4.36156040253111
2.19345238095238,0.413848831668749,0.309299478060043,0.99166297619181,4.36189053671614
2.19355158730159,0.413833407620714,0.309341702929223,0.99118874773424,4.36222061519101
2.19365079365079,0.413817951103043,0.309383902937228,0.990714745881045,4.3625506379437
2.19375,0.413802462211221,0.309426078065803,0.990240970522683,4.36288060496222
2.19384920634921,0.413786941040703,0.309468228296696,0.989767421549671,4.36321051623456
2.19394841269841,0.413771387686916,0.309510353611655,0.989294098852577,4.36354037174873
2.19404761904762,0.413755802245256,0.309552453992431,0.988821002322019,4.36387017149272
2.19414682539683,0.41374018481109,0.309594529420778,0.98834813184868,4.36419991545452
2.19424603174603,0.413724535479754,0.30963657987845,0.987875487323285,4.36452960362215
2.19434523809524,0.413708854346554,0.309678605347205,0.987403068636622,4.36485923598357
2.19444444444444,0.413693141506767,0.309720605808802,0.986930875679523,4.36518881252681
2.19454365079365,0.41367739705564,0.309762581245001,0.986458908342888,4.36551833323985
2.19464285714286,0.41366162108839,0.309804531637566,0.985987166517658,4.36584779811068
2.19474206349206,0.413645813700204,0.309846456968262,0.985515650094833,4.36617720712731
2.19484126984127,0.41362997498624,0.309888357218856,0.98504435896547,4.36650656027771
2.19494047619048,0.413614105041623,0.309930232371117,0.984573293020675,4.36683585754989
2.19503968253968,0.413598203961453,0.309972082406815,0.98410245215161,4.36716509893184
2.19513888888889,0.413582271840796,0.310013907307725,0.983631836249492,4.36749428441156
2.1952380952381,0.41356630877469,0.310055707055621,0.983161445205587,4.36782341397703
2.1953373015873,0.413550314858143,0.31009748163228,0.982691278911225,4.36815248761624
2.19543650793651,0.413534289753109,0.310139231203427,0.982221337199836,4.368481505505
2.19553571428571,0.413518232496124,0.310180956199192,0.98175161982802,4.36881046808877
2.19563492063492,0.413502143076593,0.310222656643762,0.981282126686182,4.36913937539826
2.19573412698413,0.41348602152691,0.310264332543034,0.980812857670638,4.36946822744552
2.19583333333333,0.41346986787948,0.310305983902893,0.980343812677741,4.36979702424256
2.19593253968254,0.413453682166713,0.310347610729216,0.979874991603881,4.3701257658014
2.19603174603175,0.413437464421031,0.310389213027868,0.979406394345488,4.37045445213403
2.19613095238095,0.413421214674859,0.310430790804706,0.978938020799024,4.37078308325245
2.19623015873016,0.413404932960635,0.310472344065575,0.978469870860988,4.37111165916863
2.19632936507937,0.413388619310801,0.310513872816311,0.978001944427919,4.37144017989453
2.19642857142857,0.41337227375781,0.310555377062741,0.977534241396389,4.37176864544211
2.19652777777778,0.413355896334122,0.310596856810681,0.977066761663007,4.37209705582331
2.19662698412698,0.413339487072205,0.310638312065937,0.976599505124421,4.37242541105006
2.19672619047619,0.413323046004534,0.310679742834305,0.97613247167731,4.37275371113428
2.1968253968254,0.413306573163593,0.310721149121572,0.975665661218398,4.37308195608787
2.1969246031746,0.413290068581876,0.310762530933514,0.975199073644439,4.37341014592273
2.19702380952381,0.413273532291883,0.310803888275898,0.974732708852223,4.37373828065073
2.19712301587302,0.41325696432612,0.310845221154479,0.974266566738583,4.37406636028376
2.19722222222222,0.413240364717106,0.310886529575005,0.973800647200382,4.37439438483367
2.19732142857143,0.413223733497364,0.310927813543213,0.973334950134522,4.37472235431231
2.19742063492063,0.413207070699427,0.310969073064828,0.97286947543794,4.37505026873151
2.19751984126984,0.413190376355835,0.311010308145567,0.972404223007614,4.3753781281031
2.19761904761905,0.413173650499138,0.311051518791137,0.971939192740554,4.37570593243889
2.19771825396825,0.413156893161891,0.311092705007236,0.971474384533806,4.37603368175068
2.19781746031746,0.413140104376659,0.311133866799549,0.971009798284458,4.37636137605026
2.19791666666667,0.413123284176016,0.311175004173753,0.970545433889629,4.37668901534941
2.19801587301587,0.413106432592542,0.311216117135516,0.970081291246477,4.3770165996599
2.19811507936508,0.413089549658826,0.311257205690495,0.969617370252197,4.37734412899347
2.19821428571429,0.413072635407465,0.311298269844336,0.969153670804016,4.37767160336187
2.19831349206349,0.413055689871064,0.311339309602676,0.968690192799205,4.37799902277683
2.1984126984127,0.413038713082237,0.311380324971143,0.968226936135067,4.37832638725008
2.1985119047619,0.413021705073603,0.311421315955354,0.96776390070894,4.37865369679331
2.19861111111111,0.413004665877794,0.311462282560916,0.967301086418203,4.37898095141822
2.19871031746032,0.412987595527445,0.311503224793426,0.966838493160268,4.37930815113649
2.19880952380952,0.412970494055203,0.311544142658471,0.966376120832586,4.37963529595981
2.19890873015873,0.41295336149372,0.311585036161629,0.96591396933264,4.37996238589982
2.19900793650794,0.412936197875659,0.311625905308468,0.965452038557956,4.38028942096818
2.19910714285714,0.412919003233689,0.311666750104543,0.964990328406093,4.38061640117652
2.19920634920635,0.412901777600486,0.311707570555405,0.964528838774645,4.38094332653648
2.19930555555556,0.412884521008738,0.311748366666588,0.964067569561246,4.38127019705965
2.19940476190476,0.412867233491138,0.311789138443622,0.963606520663565,4.38159701275765
2.19950396825397,0.412849915080387,0.311829885892024,0.963145691979306,4.38192377364207
2.19960317460317,0.412832565809196,0.311870609017301,0.962685083406212,4.38225047972448
2.19970238095238,0.412815185710282,0.311911307824952,0.962224694842059,4.38257713101645
2.19980158730159,0.412797774816372,0.311951982320463,0.961764526184665,4.38290372752953
2.19990079365079,0.412780333160199,0.311992632509313,0.961304577331881,4.38323026927527
2.2,0.412762860774505,0.31203325839697,0.960844848181593,4.38355675626521
2.20009920634921,0.412745357692041,0.312073859988892,0.960385338631727,4.38388318851085
2.20019841269841,0.412727823945566,0.312114437290526,0.959926048580245,4.38420956602371
2.20029761904762,0.412710259567844,0.31215499030731,0.959466977925143,4.38453588881528
2.20039682539683,0.412692664591651,0.312195519044674,0.959008126564454,4.38486215689706
2.20049603174603,0.412675039049769,0.312236023508033,0.958549494396251,4.38518837028051
2.20059523809524,0.412657382974988,0.312276503702798,0.958091081318641,4.38551452897709
2.20069444444444,0.412639696400107,0.312316959634366,0.957632887229764,4.38584063299825
2.20079365079365,0.412621979357933,0.312357391308125,0.957174912027805,4.38616668235544
2.20089285714286,0.412604231881281,0.312397798729454,0.956717155610979,4.38649267706007
2.20099206349206,0.412586454002972,0.31243818190372,0.956259617877538,4.38681861712357
2.20109126984127,0.412568645755838,0.312478540836283,0.955802298725773,4.38714450255733
2.20119047619048,0.412550807172718,0.312518875532491,0.955345198054009,4.38747033337275
2.20128968253968,0.412532938286458,0.312559185997682,0.95488831576061,4.38779610958121
2.20138888888889,0.412515039129914,0.312599472237184,0.954431651743975,4.38812183119407
2.2014880952381,0.412497109735949,0.312639734256317,0.953975205902538,4.38844749822269
2.2015873015873,0.412479150137433,0.312679972060389,0.953518978134775,4.38877311067842
2.20168650793651,0.412461160367246,0.312720185654698,0.953062968339192,4.38909866857258
2.20178571428571,0.412443140458275,0.312760375044534,0.952607176414336,4.3894241719165
2.20188492063492,0.412425090443416,0.312800540235175,0.952151602258786,4.38974962072148
2.20198412698413,0.412407010355571,0.31284068123189,0.951696245771164,4.39007501499884
2.20208333333333,0.412388900227653,0.312880798039937,0.951241106850123,4.39040035475984
2.20218253968254,0.41237076009258,0.312920890664567,0.950786185394354,4.39072564001577
2.20228174603175,0.41235258998328,0.312960959111017,0.950331481302588,4.39105087077788
2.20238095238095,0.412334389932689,0.313001003384516,0.949876994473587,4.39137604705744
2.20248015873016,0.41231615997375,0.313041023490284,0.949422724806152,4.39170116886567
2.20257936507937,0.412297900139416,0.313081019433531,0.948968672199121,4.3920262362138
2.20267857142857,0.412279610462645,0.313120991219454,0.948514836551367,4.39235124911306
2.20277777777778,0.412261290976407,0.313160938853243,0.948061217761803,4.39267620757464
2.20287698412698,0.412242941713675,0.313200862340078,0.947607815729375,4.39300111160973
2.20297619047619,0.412224562707436,0.313240761685127,0.947154630353064,4.39332596122953
2.2030753968254,0.41220615399068,0.31328063689355,0.946701661531895,4.39365075644519
2.2031746031746,0.412187715596408,0.313320487970497,0.946248909164922,4.39397549726787
2.20327380952381,0.412169247557628,0.313360314921107,0.945796373151239,4.39430018370872
2.20337301587302,0.412150749907356,0.313400117750509,0.945344053389973,4.39462481577887
2.20347222222222,0.412132222678617,0.313439896463823,0.944891949780294,4.39494939348945
2.20357142857143,0.412113665904442,0.313479651066158,0.944440062221404,4.39527391685156
2.20367063492063,0.412095079617872,0.313519381562615,0.943988390612539,4.3955983858763
2.20376984126984,0.412076463851956,0.313559087958282,0.94353693485298,4.39592280057477
2.20386904761905,0.412057818639751,0.313598770258239,0.943085694842036,4.39624716095802
2.20396825396825,0.41203914401432,0.313638428467557,0.942634670479056,4.39657146703714
2.20406746031746,0.412020440008736,0.313678062591295,0.942183861663427,4.39689571882317
2.20416666666667,0.412001706656081,0.313717672634503,0.941733268294568,4.39721991632715
2.20426587301587,0.411982943989442,0.31375725860222,0.941282890271941,4.3975440595601
2.20436507936508,0.411964152041918,0.313796820499478,0.940832727495039,4.39786814853306
2.20446428571429,0.411945330846611,0.313836358331295,0.940382779863392,4.39819218325701
2.20456349206349,0.411926480436637,0.313875872102682,0.939933047276571,4.39851616374296
2.2046626984127,0.411907600845115,0.313915361818639,0.93948352963418,4.39884009000188
2.2047619047619,0.411888692105175,0.313954827484156,0.939034226835859,4.39916396204475
2.20486111111111,0.411869754249954,0.313994269104213,0.938585138781284,4.39948777988252
2.20496031746032,0.411850787312597,0.314033686683781,0.938136265370173,4.39981154352614
2.20505952380952,0.411831791326257,0.314073080227819,0.937687606502275,4.40013525298655
2.20515873015873,0.411812766324096,0.314112449741279,0.937239162077374,4.40045890827466
2.20525793650794,0.411793712339283,0.314151795229101,0.936790931995298,4.4007825094014
2.20535714285714,0.411774629404995,0.314191116696214,0.936342916155906,4.40110605637765
2.20545634920635,0.411755517554419,0.31423041414754,0.935895114459094,4.40142954921431
2.20555555555556,0.411736376820748,0.314269687587988,0.935447526804795,4.40175298792225
2.20565476190476,0.411717207237182,0.314308937022461,0.935000153092978,4.40207637251234
2.20575396825397,0.411698008836933,0.314348162455847,0.934552993223652,4.40239970299543
2.20585317460317,0.411678781653217,0.314387363893029,0.934106047096858,4.40272297938236
2.20595238095238,0.411659525719262,0.314426541338876,0.933659314612674,4.40304620168396
2.20605158730159,0.411640241068299,0.314465694798249,0.933212795671219,4.40336936991105
2.20615079365079,0.411620927733572,0.314504824276,0.932766490172644,4.40369248407444
2.20625,0.411601585748331,0.314543929776968,0.932320398017137,4.40401554418491
2.20634920634921,0.411582215145833,0.314583011305986,0.931874519104922,4.40433855025326
2.20644841269841,0.411562815959345,0.314622068867873,0.931428853336265,4.40466150229025
2.20654761904762,0.411543388222141,0.314661102467442,0.930983400611463,4.40498440030664
2.20664682539683,0.411523931967503,0.314700112109492,0.930538160830848,4.40530724431318
2.20674603174603,0.411504447228721,0.314739097798816,0.930093133894795,4.4056300343206
2.20684523809524,0.411484934039095,0.314778059540193,0.929648319703711,4.40595277033964
2.20694444444444,0.41146539243193,0.314816997338396,0.92920371815804,4.40627545238099
2.20704365079365,0.41144582244054,0.314855911198186,0.928759329158263,4.40659808045537
2.20714285714286,0.411426224098249,0.314894801124314,0.928315152604897,4.40692065457346
2.20724206349206,0.411406597438388,0.31493366712152,0.927871188398499,4.40724317474594
2.20734126984127,0.411386942494294,0.314972509194538,0.927427436439657,4.40756564098348
2.20744047619048,0.411367259299314,0.315011327348088,0.926983896628997,4.40788805329672
2.20753968253968,0.411347547886804,0.315050121586881,0.926540568867186,4.40821041169631
2.20763888888889,0.411327808290127,0.31508889191562,0.926097453054923,4.40853271619288
2.2077380952381,0.411308040542652,0.315127638338995,0.925654549092944,4.40885496679705
2.2078373015873,0.41128824467776,0.315166360861688,0.925211856882021,4.40917716351943
2.20793650793651,0.411268420728837,0.315205059488372,0.924769376322967,4.40949930637061
2.20803571428571,0.411248568729279,0.315243734223707,0.924327107316626,4.40982139536118
2.20813492063492,0.411228688712488,0.315282385072346,0.92388504976388,4.4101434305017
2.20823412698413,0.411208780711876,0.31532101203893,0.923443203565652,4.41046541180274
2.20833333333333,0.411188844760862,0.315359615128091,0.923001568622894,4.41078733927485
2.20843253968254,0.411168880892874,0.315398194344452,0.922560144836601,4.41110921292856
2.20853174603175,0.411148889141347,0.315436749692623,0.9221189321078,4.4114310327744
2.20863095238095,0.411128869539724,0.315475281177207,0.921677930337556,4.41175279882289
2.20873015873016,0.411108822121458,0.315513788802797,0.921237139426974,4.41207451108451
2.20882936507937,0.411088746920008,0.315552272573974,0.92079655927719,4.41239616956977
2.20892857142857,0.41106864396884,0.31559073249531,0.920356189789378,4.41271777428914
2.20902777777778,0.411048513301433,0.315629168571367,0.919916030864752,4.41303932525309
2.20912698412698,0.411028354951268,0.315667580806699,0.91947608240456,4.41336082247208
2.20922619047619,0.411008168951838,0.315705969205846,0.919036344310085,4.41368226595654
2.2093253968254,0.410987955336643,0.315744333773342,0.918596816482647,4.41400365571691
2.2094246031746,0.41096771413919,0.315782674513709,0.918157498823606,4.4143249917636
2.20952380952381,0.410947445392997,0.315820991431459,0.917718391234356,4.41464627410704
2.20962301587302,0.410927149131587,0.315859284531095,0.917279493616325,4.4149675027576
2.20972222222222,0.410906825388492,0.315897553817109,0.916840805870984,4.41528867772569
2.20982142857143,0.410886474197253,0.315935799293984,0.916402327899835,4.41560979902166
2.20992063492063,0.410866095591417,0.315974020966193,0.915964059604417,4.41593086665589
2.21001984126984,0.410845689604542,0.316012218838197,0.915526000886308,4.41625188063871
2.21011904761905,0.410825256270191,0.316050392914451,0.915088151647119,4.41657284098048
2.21021825396825,0.410804795621937,0.316088543199396,0.914650511788504,4.41689374769151
2.21031746031746,0.410784307693361,0.316126669697465,0.914213081212146,4.41721460078212
2.21041666666667,0.410763792518052,0.316164772413082,0.913775859819767,4.41753540026262
2.21051587301587,0.410743250129605,0.316202851350659,0.91333884751313,4.41785614614329
2.21061507936508,0.410722680561626,0.3162409065146,0.912902044194029,4.41817683843441
2.21071428571429,0.410702083847728,0.316278937909296,0.912465449764296,4.41849747714625
2.21081349206349,0.410681460021531,0.316316945539132,0.912029064125799,4.41881806228907
2.2109126984127,0.410660809116665,0.31635492940848,0.911592887180445,4.41913859387312
2.2110119047619,0.410640131166766,0.316392889521703,0.911156918830176,4.41945907190861
2.21111111111111,0.410619426205479,0.316430825883156,0.910721158976969,4.41977949640578
2.21121031746032,0.410598694266458,0.31646873849718,0.910285607522841,4.42009986737483
2.21130952380952,0.410577935383364,0.31650662736811,0.909850264369842,4.42042018482597
2.21140873015873,0.410557149589866,0.316544492500268,0.909415129420061,4.42074044876937
2.21150793650794,0.410536336919641,0.316582333897968,0.908980202575621,4.42106065921521
2.21160714285714,0.410515497406374,0.316620151565513,0.908545483738683,4.42138081617366
2.21170634920635,0.41049463108376,0.316657945507198,0.908110972811447,4.42170091965486
2.21180555555556,0.4104737379855,0.316695715727304,0.907676669696146,4.42202096966895
2.21190476190476,0.410452818145302,0.316733462230107,0.907242574295049,4.42234096622606
2.21200396825397,0.410431871596886,0.31677118501987,0.906808686510466,4.42266090933631
2.21210317460317,0.410410898373976,0.316808884100845,0.906375006244739,4.4229807990098
2.21220238095238,0.410389898510306,0.316846559477278,0.905941533400248,4.42330063525662
2.21230158730159,0.410368872039618,0.316884211153402,0.905508267879409,4.42362041808685
2.21240079365079,0.410347818995661,0.31692183913344,0.905075209584678,4.42394014751057
2.2125,0.410326739412195,0.316959443421606,0.904642358418543,4.42425982353782
2.21259920634921,0.410305633322985,0.316997024022106,0.904209714283529,4.42457944617865
2.21269841269841,0.410284500761804,0.317034580939131,0.903777277082201,4.4248990154431
2.21279761904762,0.410263341762435,0.317072114176867,0.903345046717158,4.42521853134119
2.21289682539683,0.410242156358669,0.317109623739487,0.902913023091036,4.42553799388293
2.21299603174603,0.410220944584303,0.317147109631155,0.902481206106506,4.42585740307832
2.21309523809524,0.410199706473143,0.317184571856027,0.902049595666276,4.42617675893734
2.21319444444444,0.410178442059005,0.317222010418245,0.901618191673095,4.42649606146997
2.21329365079365,0.41015715137571,0.317259425321944,0.901186994029744,4.42681531068617
2.21339285714286,0.410135834457088,0.317296816571249,0.900756002639038,4.4271345065959
2.21349206349206,0.41011449133698,0.317334184170273,0.900325217403836,4.42745364920909
2.21359126984127,0.41009312204923,0.317371528123122,0.899894638227028,4.42777273853567
2.21369047619048,0.410071726627695,0.317408848433889,0.899464265011542,4.42809177458557
2.21378968253968,0.410050305106236,0.317446145106659,0.899034097660341,4.42841075736868
2.21388888888889,0.410028857518724,0.317483418145507,0.89860413607643,4.42872968689489
2.2139880952381,0.410007383899038,0.317520667554497,0.898174380162843,4.42904856317409
2.2140873015873,0.409985884281066,0.317557893337683,0.897744829822655,4.42936738621616
2.21418650793651,0.409964358698701,0.317595095499112,0.897315484958978,4.42968615603094
2.21428571428571,0.409942807185848,0.317632274042816,0.896886345474958,4.43000487262828
2.21438492063492,0.409921229776417,0.317669428972821,0.89645741127378,4.43032353601802
2.21448412698413,0.409899626504327,0.317706560293142,0.896028682258662,4.43064214620998
2.21458333333333,0.409877997403506,0.317743668007784,0.895600158332861,4.43096070321397
2.21468253968254,0.409856342507889,0.317780752120741,0.895171839399672,4.4312792070398
2.21478174603175,0.409834661851419,0.317817812635999,0.894743725362424,4.43159765769724
2.21488095238095,0.409812955468048,0.317854849557532,0.894315816124481,4.43191605519608
2.21498015873016,0.409791223391735,0.317891862889306,0.893888111589251,4.43223439954608
2.21507936507937,0.409769465656448,0.317928852635276,0.893460611660169,4.43255269075699
2.21517857142857,0.409747682296162,0.317965818799386,0.893033316240713,4.43287092883856
2.21527777777778,0.409725873344861,0.318002761385572,0.892606225234392,4.43318911380051
2.21537698412698,0.409704038836537,0.31803968039776,0.89217933854476,4.43350724565255
2.21547619047619,0.40968217880519,0.318076575839864,0.8917526560754,4.43382532440441
2.2155753968254,0.409660293284827,0.31811344771579,0.891326177729932,4.43414335006577
2.2156746031746,0.409638382309464,0.318150296029434,0.890899903412017,4.4344613226463
2.21577380952381,0.409616445913125,0.31818712078468,0.89047383302535,4.4347792421557
2.21587301587302,0.409594484129843,0.318223921985404,0.890047966473662,4.43509710860361
2.21597222222222,0.409572496993657,0.318260699635472,0.889622303660721,4.43541492199967
2.21607142857143,0.409550484538615,0.31829745373874,0.88919684449033,4.43573268235354
2.21617063492063,0.409528446798775,0.318334184299052,0.888771588866332,4.43605038967482
2.21626984126984,0.409506383808199,0.318370891320245,0.888346536692605,4.43636804397314
2.21636904761905,0.409484295600961,0.318407574806145,0.887921687873061,4.43668564525809
2.21646825396825,0.409462182211141,0.318444234760566,0.887497042311653,4.43700319353926
2.21656746031746,0.409440043672827,0.318480871187315,0.887072599912367,4.43732068882623
2.21666666666667,0.409417880020116,0.318517484090189,0.886648360579227,4.43763813112857
2.21676587301587,0.409395691287113,0.318554073472972,0.886224324216291,4.43795552045582
2.21686507936508,0.409373477507929,0.31859063933944,0.88580049072766,4.43827285681754
2.21696428571429,0.409351238716687,0.318627181693361,0.885376860017464,4.43859014022324
2.21706349206349,0.409328974947514,0.318663700538489,0.884953431989873,4.43890737068246
2.2171626984127,0.409306686234547,0.318700195878571,0.884530206549096,4.43922454820469
2.2172619047619,0.409284372611932,0.318736667717342,0.884107183599373,4.43954167279944
2.21736111111111,0.409262034113821,0.31877311605853,0.883684363044985,4.43985874447618
2.21746031746032,0.409239670774376,0.318809540905851,0.883261744790247,4.44017576324438
2.21755952380952,0.409217282627765,0.31884594226301,0.882839328739509,4.44049272911352
2.21765873015873,0.409194869708165,0.318882320133705,0.882417114797165,4.44080964209303
2.21775793650794,0.409172432049763,0.31891867452162,0.881995102867638,4.44112650219235
2.21785714285714,0.40914996968675,0.318955005430434,0.881573292855388,4.44144330942092
2.21795634920635,0.409127482653329,0.318991312863812,0.881151684664917,4.44176006378813
2.21805555555556,0.409104970983709,0.319027596825411,0.880730278200758,4.44207676530339
2.21815476190476,0.409082434712107,0.319063857318878,0.880309073367483,4.4423934139761
2.21825396825397,0.409059873872749,0.319100094347849,0.879888070069699,4.44271000981563
2.21835317460317,0.409037288499869,0.31913630791595,0.879467268212052,4.44302655283135
2.21845238095238,0.409014678627708,0.319172498026799,0.879046667699223,4.44334304303261
2.21855158730159,0.408992044290515,0.319208664684002,0.878626268435928,4.44365948042875
2.21865079365079,0.408969385522549,0.319244807891157,0.878206070326924,4.44397586502911
2.21875,0.408946702358076,0.319280927651849,0.877786073276999,4.44429219684301
2.21884920634921,0.408923994831368,0.319317023969656,0.877366277190982,4.44460847587975
2.21894841269841,0.408901262976709,0.319353096848145,0.876946681973736,4.44492470214863
2.21904761904762,0.408878506828389,0.319389146290874,0.876527287530159,4.44524087565894
2.21914682539683,0.408855726420705,0.319425172301387,0.876108093765192,4.44555699641995
2.21924603174603,0.408832921787963,0.319461174883224,0.875689100583806,4.44587306444091
2.21934523809524,0.408810092964478,0.319497154039912,0.875270307891009,4.44618907973109
2.21944444444444,0.408787239984572,0.319533109774966,0.874851715591851,4.44650504229971
2.21954365079365,0.408764362882576,0.319569042091895,0.874433323591413,4.44682095215601
2.21964285714286,0.408741461692827,0.319604950994196,0.874015131794814,4.44713680930919
2.21974206349206,0.408718536449673,0.319640836485356,0.873597140107209,4.44745261376846
2.21984126984127,0.408695587187467,0.319676698568853,0.873179348433794,4.44776836554301
2.21994047619048,0.408672613940573,0.319712537248154,0.872761756679795,4.44808406464203
2.22003968253968,0.408649616743361,0.319748352526717,0.872344364750477,4.44839971107467
2.22013888888889,0.408626595630209,0.319784144407989,0.871927172551144,4.44871530485009
2.2202380952381,0.408603550635505,0.319819912895407,0.871510179987134,4.44903084597745
2.2203373015873,0.408580481793643,0.3198556579924,0.871093386963821,4.44934633446586
2.22043650793651,0.408557389139027,0.319891379702384,0.870676793386618,4.44966177032445
2.22053571428571,0.408534272706066,0.319927078028769,0.87026039916097,4.44997715356234
2.22063492063492,0.408511132529181,0.319962752974951,0.869844204192365,4.45029248418861
2.22073412698413,0.408487968642797,0.319998404544318,0.869428208386324,4.45060776221236
2.22083333333333,0.408464781081352,0.320034032740248,0.869012411648401,4.45092298764265
2.22093253968254,0.408441569879286,0.32006963756611,0.868596813884194,4.45123816048855
2.22103174603175,0.408418335071053,0.32010521902526,0.868181414999333,4.45155328075911
2.22113095238095,0.408395076691111,0.320140777121047,0.867766214899484,4.45186834846337
2.22123015873016,0.408371794773928,0.32017631185681,0.867351213490349,4.45218336361036
2.22132936507937,0.408348489353978,0.320211823235876,0.866936410677673,4.45249832620909
2.22142857142857,0.408325160465746,0.320247311261563,0.86652180636723,4.45281323626856
2.22152777777778,0.408301808143723,0.32028277593718,0.866107400464832,4.45312809379777
2.22162698412698,0.408278432422409,0.320318217266024,0.865693192876332,4.4534428988057
2.22172619047619,0.408255033336311,0.320353635251385,0.865279183507614,4.45375765130131
2.2218253968254,0.408231610919946,0.32038902989654,0.864865372264601,4.45407235129357
2.2219246031746,0.408208165207837,0.320424401204758,0.864451759053254,4.45438699879141
2.22202380952381,0.408184696234515,0.320459749179297,0.864038343779565,4.45470159380378
2.22212301587302,0.408161204034522,0.320495073823406,0.863625126349571,4.45501613633959
2.22222222222222,0.408137688642404,0.320530375140323,0.86321210666934,4.45533062640775
2.22232142857143,0.408114150092718,0.320565653133277,0.862799284644974,4.45564506401717
2.22242063492063,0.408090588420029,0.320600907805487,0.862386660182619,4.45595944917672
2.22251984126984,0.408067003658907,0.320636139160161,0.861974233188452,4.45627378189529
2.22261904761905,0.408043395843934,0.320671347200497,0.861562003568688,4.45658806218173
2.22271825396825,0.408019765009698,0.320706531929686,0.861149971229578,4.4569022900449
2.22281746031746,0.407996111190796,0.320741693350905,0.860738136077411,4.45721646549365
2.22291666666667,0.407972434421831,0.320776831467323,0.860326498018511,4.45753058853678
2.22301587301587,0.407948734737416,0.320811946282099,0.859915056959239,4.45784465918313
2.22311507936508,0.407925012172172,0.320847037798383,0.859503812805994,4.4581586774415
2.22321428571429,0.407901266760728,0.320882106019313,0.859092765465208,4.45847264332068
2.22331349206349,0.407877498537719,0.320917150948018,0.858681914843354,4.45878655682945
2.2234126984127,0.407853707537792,0.320952172587618,0.858271260846938,4.45910041797659
2.2235119047619,0.407829893795598,0.320987170941221,0.857860803382501,4.45941422677084
2.22361111111111,0.407806057345799,0.321022146011927,0.857450542356629,4.45972798322096
2.22371031746032,0.407782198223063,0.321057097802825,0.857040477675934,4.46004168733568
2.22380952380952,0.407758316462067,0.321092026316994,0.856630609247071,4.46035533912373
2.22390873015873,0.407734412097498,0.321126931557504,0.856220936976731,4.46066893859381
2.22400793650794,0.407710485164047,0.321161813527414,0.855811460771638,4.46098248575462
2.22410714285714,0.407686535696416,0.321196672229773,0.855402180538557,4.46129598061485
2.22420634920635,0.407662563729314,0.321231507667622,0.854993096184285,4.46160942318319
2.22430555555556,0.407638569297458,0.321266319843988,0.854584207615661,4.46192281346828
2.22440476190476,0.407614552435574,0.321301108761893,0.854175514739555,4.46223615147879
2.22450396825397,0.407590513178396,0.321335874424346,0.853767017462875,4.46254943722336
2.22460317460317,0.407566451560664,0.321370616834346,0.85335871569257,4.46286267071061
2.22470238095238,0.407542367617129,0.321405335994883,0.85295060933562,4.46317585194916
2.22480158730159,0.407518261382548,0.321440031908937,0.852542698299044,4.46348898094762
2.22490079365079,0.407494132891686,0.321474704579478,0.852134982489896,4.46380205771459
2.225,0.407469982179318,0.321509354009465,0.851727461815267,4.46411508225864
2.22509920634921,0.407445809280225,0.321543980201848,0.851320136182287,4.46442805458834
2.22519841269841,0.407421614229196,0.321578583159568,0.850913005498121,4.46474097471226
2.22529761904762,0.407397397061031,0.321613162885555,0.850506069669967,4.46505384263895
2.22539682539683,0.407373157810535,0.321647719382728,0.850099328605066,4.46536665837692
2.22549603174603,0.407348896512522,0.321682252653998,0.849692782210691,4.46567942193472
2.22559523809524,0.407324613201815,0.321716762702264,0.849286430394152,4.46599213332086
2.22569444444444,0.407300307913242,0.321751249530417,0.848880273062796,4.46630479254383
2.22579365079365,0.407275980681644,0.321785713141338,0.848474310124008,4.46661739961212
2.22589285714286,0.407251631541865,0.321820153537896,0.848068541485208,4.46692995453421
2.22599206349206,0.40722726052876,0.321854570722952,0.847662967053851,4.46724245731857
2.22609126984127,0.407202867677192,0.321888964699356,0.847257586737433,4.46755490797364
2.22619047619048,0.407178453022032,0.321923335469949,0.846852400443483,4.46786730650788
2.22628968253968,0.407154016598157,0.321957683037561,0.846447408079567,4.46817965292971
2.22638888888889,0.407129558440455,0.321992007405012,0.846042609553287,4.46849194724754
2.2264880952381,0.407105078583819,0.322026308575114,0.845638004772282,4.4688041894698
2.2265873015873,0.407080577063154,0.322060586550667,0.845233593644231,4.46911637960486
2.22668650793651,0.407056053913369,0.322094841334461,0.844829376076844,4.46942851766113
2.22678571428571,0.407031509169384,0.322129072929278,0.844425351977869,4.46974060364696
2.22688492063492,0.407006942866125,0.322163281337888,0.844021521255095,4.47005263757071
2.22698412698413,0.406982355038527,0.322197466563051,0.843617883816341,4.47036461944074
2.22708333333333,0.406957745721534,0.32223162860752,0.843214439569467,4.47067654926538
2.22718253968254,0.406933114950096,0.322265767474034,0.842811188422365,4.47098842705297
2.22728174603175,0.406908462759174,0.322299883165325,0.842408130282972,4.4713002528118
2.22738095238095,0.406883789183733,0.322333975684113,0.842005265059252,4.47161202655018
2.22748015873016,0.406859094258749,0.32236804503311,0.84160259265921,4.4719237482764
2.22757936507937,0.406834378019206,0.322402091215017,0.841200112990889,4.47223541799875
2.22767857142857,0.406809640500096,0.322436114232525,0.840797825962365,4.47254703572548
2.22777777777778,0.406784881736416,0.322470114088315,0.840395731481753,4.47285860146485
2.22787698412698,0.406760101763176,0.322504090785058,0.839993829457203,4.4731701152251
2.22797619047619,0.406735300615391,0.322538044325417,0.839592119796902,4.47348157701447
2.2280753968254,0.406710478328084,0.322571974712041,0.839190602409075,4.47379298684118
2.2281746031746,0.406685634936287,0.322605881947573,0.838789277201982,4.47410434471343
2.22827380952381,0.40666077047504,0.322639766034643,0.838388144083918,4.47441565063941
2.22837301587302,0.406635884979391,0.322673626975874,0.837987202963219,4.47472690462732
2.22847222222222,0.406610978484395,0.322707464773877,0.837586453748253,4.47503810668533
2.22857142857143,0.406586051025117,0.322741279431253,0.837185896347427,4.47534925682159
2.22867063492063,0.406561102636629,0.322775070950595,0.836785530669183,4.47566035504427
2.22876984126984,0.406536133354011,0.322808839334483,0.836385356622002,4.47597140136148
2.22886904761905,0.406511143212351,0.322842584585489,0.835985374114399,4.47628239578137
2.22896825396825,0.406486132246745,0.322876306706177,0.835585583054926,4.47659333831204
2.22906746031746,0.406461100492297,0.322910005699096,0.835185983352173,4.4769042289616
2.22916666666667,0.406436047984121,0.322943681566789,0.834786574914764,4.47721506773813
2.22926587301587,0.406410974757335,0.322977334311788,0.834387357651363,4.47752585464972
2.22936507936508,0.40638588084707,0.323010963936614,0.833988331470668,4.47783658970444
2.22946428571429,0.406360766288461,0.323044570443781,0.833589496281411,4.47814727291034
2.22956349206349,0.406335631116652,0.32307815383579,0.833190851992368,4.47845790427546
2.2296626984127,0.406310475366798,0.323111714115132,0.832792398512345,4.47876848380784
2.2297619047619,0.406285299074057,0.323145251284291,0.832394135750185,4.4790790115155
2.22986111111111,0.4062601022736,0.323178765345739,0.831996063614773,4.47938948740645
2.22996031746032,0.406234885000603,0.323212256301936,0.831598182015024,4.47969991148868
2.23005952380952,0.40620964729025,0.323245724155337,0.831200490859893,4.48001028377017
2.23015873015873,0.406184389177736,0.323279168908383,0.83080299005837,4.48032060425891
2.23025793650794,0.40615911069826,0.323312590563507,0.830405679519483,4.48063087296286
2.23035714285714,0.406133811887033,0.323345989123131,0.830008559152295,4.48094108988996
2.23045634920635,0.40610849277927,0.323379364589667,0.829611628865906,4.48125125504816
2.23055555555556,0.406083153410198,0.323412716965519,0.829214888569455,4.48156136844538
2.23065476190476,0.40605779381505,0.323446046253078,0.828818338172114,4.48187143008953
2.23075396825397,0.406032414029066,0.323479352454727,0.828421977583092,4.48218143998853
2.23085317460317,0.406007014087497,0.32351263557284,0.828025806711636,4.48249139815026
2.23095238095238,0.4059815940256,0.323545895609778,0.827629825467028,4.4828013045826
2.23105158730159,0.405956153878641,0.323579132567895,0.82723403375859,4.48311115929342
2.23115079365079,0.405930693681892,0.323612346449533,0.826838431495675,4.48342096229058
2.23125,0.405905213470636,0.323645537257026,0.826443018587677,4.48373071358192
2.23134920634921,0.405879713280162,0.323678704992695,0.826047794944024,4.48404041317528
2.23144841269841,0.405854193145769,0.323711849658855,0.825652760474184,4.48435006107848
2.23154761904762,0.405828653102762,0.323744971257807,0.825257915087656,4.48465965729933
2.23164682539683,0.405803093186454,0.323778069791846,0.824863258693978,4.48496920184562
2.23174603174603,0.405777513432169,0.323811145263254,0.824468791202729,4.48527869472515
2.23184523809524,0.405751913875235,0.323844197674304,0.824074512523518,4.48558813594568
2.23194444444444,0.405726294550992,0.32387722702726,0.823680422565992,4.48589752551498
2.23204365079365,0.405700655494785,0.323910233324375,0.823286521239839,4.48620686344081
2.23214285714286,0.405674996741968,0.323943216567892,0.822892808454777,4.4865161497309
2.23224206349206,0.405649318327904,0.323976176760045,0.822499284120566,4.48682538439298
2.23234126984127,0.405623620287963,0.324009113903056,0.822105948146998,4.48713456743477
2.23244047619048,0.405597902657523,0.32404202799914,0.821712800443904,4.48744369886397
2.23253968253968,0.405572165471971,0.3240749190505,0.821319840921154,4.48775277868827
2.23263888888889,0.405546408766702,0.324107787059329,0.820927069488649,4.48806180691536
2.2327380952381,0.405520632577117,0.32414063202781,0.820534486056329,4.4883707835529
2.2328373015873,0.405494836938628,0.324173453958119,0.820142090534172,4.48867970860856
2.23293650793651,0.405469021886654,0.324206252852417,0.819749882832193,4.48898858208998
2.23303571428571,0.405443187456621,0.32423902871286,0.819357862860439,4.48929740400479
2.23313492063492,0.405417333683964,0.32427178154159,0.818966030528996,4.48960617436062
2.23323412698413,0.405391460604125,0.324304511340742,0.818574385747989,4.48991489316507
2.23333333333333,0.405365568252557,0.32433721811244,0.818182928427578,4.49022356042575
2.23343253968254,0.405339656664717,0.324369901858796,0.817791658477956,4.49053217615025
2.23353174603175,0.405313725876074,0.324402562581916,0.817400575809358,4.49084074034613
2.23363095238095,0.405287775922101,0.324435200283894,0.817009680332052,4.49114925302097
2.23373015873016,0.405261806838283,0.324467814966812,0.816618971956343,4.49145771418232
2.23382936507937,0.405235818660111,0.324500406632746,0.816228450592575,4.49176612383772
2.23392857142857,0.405209811423083,0.32453297528376,0.815838116151123,4.49207448199469
2.23402777777778,0.405183785162708,0.324565520921908,0.815447968542405,4.49238278866076
2.23412698412698,0.4051577399145,0.324598043549234,0.815058007676872,4.49269104384343
2.23422619047619,0.405131675713984,0.324630543167772,0.814668233465011,4.49299924755019
2.2343253968254,0.405105592596691,0.324663019779547,0.814278645817349,4.49330739978853
2.2344246031746,0.40507949059816,0.324695473386573,0.813889244644445,4.49361550056591
2.23452380952381,0.40505336975394,0.324727903990854,0.813500029856898,4.49392354988981
2.23462301587302,0.405027230099585,0.324760311594386,0.81311100136534,4.49423154776765
2.23472222222222,0.405001071670661,0.324792696199152,0.812722159080444,4.49453949420689
2.23482142857143,0.404974894502738,0.324825057807127,0.812333502912917,4.49484738921493
2.23492063492063,0.404948698631396,0.324857396420276,0.811945032773501,4.49515523279921
2.23501984126984,0.404922484092225,0.324889712040554,0.811556748572979,4.4954630249671
2.23511904761905,0.404896250920819,0.324922004669905,0.811168650222166,4.49577076572601
2.23521825396825,0.404869999152783,0.324954274310264,0.810780737631916,4.49607845508331
2.23531746031746,0.40484372882373,0.324986520963555,0.810393010713119,4.49638609304637
2.23541666666667,0.404817439969279,0.325018744631694,0.810005469376699,4.49669367962254
2.23551587301587,0.404791132625058,0.325050945316586,0.809618113533622,4.49700121481915
2.23561507936508,0.404764806826705,0.325083123020126,0.809230943094887,4.49730869864355
2.23571428571429,0.404738462609863,0.325115277744198,0.808843957971527,4.49761613110305
2.23581349206349,0.404712100010185,0.325147409490677,0.808457158074618,4.49792351220496
2.2359126984127,0.404685719063332,0.325179518261429,0.808070543315268,4.49823084195657
2.2360119047619,0.404659319804972,0.325211604058309,0.807684113604622,4.49853812036516
2.23611111111111,0.404632902270782,0.325243666883163,0.807297868853862,4.49884534743801
2.23621031746032,0.404606466496447,0.325275706737824,0.806911808974207,4.49915252318238
2.23630952380952,0.40458001251766,0.325307723624119,0.806525933876912,4.49945964760551
2.23640873015873,0.404553540370121,0.325339717543864,0.806140243473267,4.49976672071464
2.23650793650794,0.404527050089539,0.325371688498862,0.805754737674603,4.500073742517
2.23660714285714,0.404500541711632,0.32540363649091,0.805369416392283,4.5003807130198
2.23670634920635,0.404474015272124,0.325435561521794,0.804984279537708,4.50068763223024
2.23680555555556,0.404447470806749,0.325467463593288,0.804599327022317,4.50099450015551
2.23690476190476,0.404420908351248,0.325499342707159,0.804214558757581,4.50130131680279
2.23700396825397,0.40439432794137,0.325531198865162,0.803829974655015,4.50160808217924
2.23710317460317,0.404367729612872,0.325563032069043,0.803445574626164,4.50191479629203
2.23720238095238,0.40434111340152,0.325594842320537,0.80306135858261,4.50222145914829
2.23730158730159,0.404314479343087,0.32562662962137,0.802677326435977,4.50252807075515
2.23740079365079,0.404287827473355,0.325658393973258,0.802293478097921,4.50283463111973
2.2375,0.404261157828114,0.325690135377907,0.801909813480133,4.50314114024914
2.23759920634921,0.40423447044316,0.325721853837014,0.801526332494344,4.50344759815049
2.23769841269841,0.4042077653543,0.325753549352262,0.801143035052322,4.50375400483084
2.23779761904762,0.404181042597347,0.32578522192533,0.800759921065869,4.50406036029728
2.23789682539683,0.404154302208124,0.325816871557883,0.800376990446822,4.50436666455686
2.23799603174603,0.404127544222459,0.325848498251576,0.79999424310706,4.50467291761664
2.23809523809524,0.404100768676192,0.325880102008057,0.799611678958495,4.50497911948365
2.23819444444444,0.404073975605167,0.32591168282896,0.799229297913076,4.50528527016491
2.23829365079365,0.40404716504524,0.325943240715914,0.798847099882787,4.50559136966745
2.23839285714286,0.404020337032272,0.325974775670533,0.79846508477965,4.50589741799827
2.23849206349206,0.403993491602133,0.326006287694425,0.798083252515726,4.50620341516435
2.23859126984127,0.403966628790702,0.326037776789185,0.797701603003109,4.50650936117267
2.23869047619048,0.403939748633865,0.3260692429564,0.797320136153928,4.50681525603021
2.23878968253968,0.403912851167517,0.326100686197647,0.796938851880356,4.50712109974391
2.23888888888889,0.403885936427559,0.326132106514492,0.796557750094594,4.50742689232072
2.2389880952381,0.403859004449902,0.326163503908491,0.796176830708884,4.50773263376758
2.2390873015873,0.403832055270465,0.326194878381192,0.795796093635504,4.50803832409141
2.23918650793651,0.403805088925175,0.326226229934131,0.795415538786768,4.5083439632991
2.23928571428571,0.403778105449966,0.326257558568834,0.795035166075028,4.50864955139757
2.23938492063492,0.403751104880781,0.32628886428682,0.794654975412668,4.50895508839369
2.23948412698413,0.40372408725357,0.326320147089593,0.794274966712116,4.50926057429434
2.23958333333333,0.403697052604294,0.326351406978651,0.79389513988583,4.50956600910638
2.23968253968254,0.403670000968917,0.326382643955482,0.793515494846307,4.50987139283666
2.23978174603175,0.403642932383416,0.326413858021561,0.79313603150608,4.51017672549203
2.23988095238095,0.403615846883774,0.326445049178357,0.792756749777719,4.5104820070793
2.23998015873016,0.403588744505981,0.326476217427325,0.792377649573831,4.51078723760529
2.24007936507937,0.403561625286038,0.326507362769914,0.791998730807059,4.51109241707681
2.24017857142857,0.40353448925995,0.326538485207561,0.79161999339008,4.51139754550065
2.24027777777778,0.403507336463734,0.326569584741692,0.791241437235614,4.51170262288359
2.24037698412698,0.403480166933413,0.326600661373724,0.790863062256412,4.51200764923239
2.24047619047619,0.403452980705017,0.326631715105066,0.790484868365262,4.51231262455382
2.2405753968254,0.403425777814588,0.326662745937114,0.790106855474988,4.51261754885461
2.2406746031746,0.403398558298172,0.326693753871257,0.789729023498456,4.5129224221415
2.24077380952381,0.403371322191825,0.32672473890887,0.789351372348563,4.51322724442122
2.24087301587302,0.40334406953161,0.326755701051322,0.788973901938242,4.51353201570047
2.24097222222222,0.4033168003536,0.326786640299971,0.788596612180467,4.51383673598596
2.24107142857143,0.403289514693873,0.326817556656163,0.788219502988247,4.51414140528435
2.24117063492063,0.403262212588519,0.326848450121238,0.787842574274624,4.51444602360235
2.24126984126984,0.403234894073633,0.326879320696521,0.78746582595268,4.51475059094659
2.24136904761905,0.403207559185318,0.326910168383331,0.787089257935533,4.51505510732375
2.24146825396825,0.403180207959688,0.326940993182976,0.786712870136338,4.51535957274045
2.24156746031746,0.403152840432862,0.326971795096754,0.786336662468284,4.51566398720332
2.24166666666667,0.403125456640967,0.327002574125952,0.785960634844599,4.51596835071899
2.24176587301587,0.403098056620142,0.327033330271848,0.785584787178548,4.51627266329405
2.24186507936508,0.403070640406529,0.327064063535711,0.785209119383431,4.51657692493509
2.24196428571429,0.403043208036281,0.327094773918798,0.784833631372584,4.51688113564871
2.24206349206349,0.403015759545559,0.327125461422357,0.784458323059378,4.51718529544147
2.2421626984127,0.40298829497053,0.327156126047627,0.784083194357228,4.51748940431992
2.2422619047619,0.402960814347373,0.327186767795835,0.783708245179578,4.51779346229062
2.24236111111111,0.40293331771227,0.3272173866682,0.783333475439909,4.51809746936009
2.24246031746032,0.402905805101416,0.327247982665931,0.782958885051743,4.51840142553486
2.24255952380952,0.40287827655101,0.327278555790225,0.782584473928636,4.51870533082144
2.24265873015873,0.402850732097262,0.32730910604227,0.78221024198418,4.51900918522633
2.24275793650794,0.402823171776387,0.327339633423246,0.781836189132003,4.51931298875602
2.24285714285714,0.402795595624612,0.32737013793432,0.78146231528577,4.51961674141699
2.24295634920635,0.402768003678169,0.327400619576651,0.781088620359186,4.51992044321568
2.24305555555556,0.4027403959733,0.327431078351388,0.780715104265987,4.52022409415857
2.24315476190476,0.402712772546252,0.327461514259669,0.780341766919949,4.52052769425209
2.24325396825397,0.402685133433284,0.327491927302623,0.779968608234884,4.52083124350267
2.24335317460317,0.402657478670661,0.327522317481369,0.77959562812464,4.52113474191672
2.24345238095238,0.402629808294656,0.327552684797014,0.779222826503101,4.52143818950066
2.24355158730159,0.40260212234155,0.327583029250659,0.778850203284188,4.52174158626087
2.24365079365079,0.402574420847633,0.327613350843391,0.77847775838186,4.52204493220374
2.24375,0.402546703849203,0.32764364957629,0.77810549171011,4.52234822733564
2.24384920634921,0.402518971382563,0.327673925450425,0.777733403182969,4.52265147166293
2.24394841269841,0.40249122348403,0.327704178466854,0.777361492714506,4.52295466519195
2.24404761904762,0.402463460189924,0.327734408626627,0.776989760218823,4.52325780792904
2.24414682539683,0.402435681536574,0.327764615930783,0.776618205610061,4.52356089988053
2.24424603174603,0.402407887560319,0.32779480038035,0.776246828802396,4.52386394105272
2.24434523809524,0.402380078297504,0.327824961976348,0.775875629710041,4.52416693145192
2.24444444444444,0.402352253784484,0.327855100719786,0.775504608247248,4.52446987108441
2.24454365079365,0.40232441405762,0.327885216611664,0.775133764328303,4.52477275995647
2.24464285714286,0.402296559153282,0.32791530965297,0.774763097867526,4.52507559807437
2.24474206349206,0.402268689107849,0.327945379844685,0.77439260877928,4.52537838544436
2.24484126984127,0.402240803957706,0.327975427187776,0.77402229697796,4.52568112207269
2.24494047619048,0.402212903739249,0.328005451683205,0.773652162377997,4.52598380796557
2.24503968253968,0.402184988488878,0.32803545333192,0.773282204893861,4.52628644312923
2.24513888888889,0.402157058243005,0.328065432134861,0.772912424440059,4.52658902756988
2.2452380952381,0.402129113038048,0.328095388092957,0.772542820931131,4.52689156129372
2.2453373015873,0.402101152910433,0.328125321207128,0.772173394281655,4.52719404430692
2.24543650793651,0.402073177896595,0.328155231478284,0.771804144406249,4.52749647661565
2.24553571428571,0.402045188032976,0.328185118907325,0.771435071219563,4.52779885822608
2.24563492063492,0.402017183356028,0.32821498349514,0.771066174636286,4.52810118914435
2.24573412698413,0.401989163902209,0.328244825242609,0.770697454571141,4.52840346937661
2.24583333333333,0.401961129707985,0.328274644150602,0.770328910938889,4.52870569892897
2.24593253968254,0.401933080809831,0.328304440219979,0.76996054365433,4.52900787780755
2.24603174603175,0.401905017244231,0.328334213451589,0.769592352632297,4.52931000601845
2.24613095238095,0.401876939047676,0.328363963846274,0.76922433778766,4.52961208356777
2.24623015873016,0.401848846256664,0.328393691404862,0.768856499035328,4.52991411046156
2.24632936507937,0.401820738907702,0.328423396128175,0.768488836290244,4.53021608670591
2.24642857142857,0.401792617037306,0.328453078017021,0.768121349467389,4.53051801230688
2.24652777777778,0.401764480681999,0.328482737072203,0.767754038481777,4.53081988727049
2.24662698412698,0.401736329878312,0.328512373294508,0.767386903248465,4.53112171160278
2.24672619047619,0.401708164662784,0.328541986684719,0.767019943682541,4.53142348530978
2.2468253968254,0.401679985071963,0.328571577243605,0.766653159699131,4.53172520839748
2.2469246031746,0.401651791142405,0.328601144971926,0.7662865512134,4.53202688087189
2.24702380952381,0.401623582910673,0.328630689870434,0.765920118140546,4.53232850273899
2.24712301587302,0.401595360413338,0.328660211939869,0.765553860395805,4.53263007400475
2.24722222222222,0.40156712368698,0.32868971118096,0.76518777789445,4.53293159467514
2.24732142857143,0.401538872768187,0.328719187594429,0.764821870551789,4.53323306475609
2.24742063492063,0.401510607693554,0.328748641180987,0.764456138283169,4.53353448425356
2.24751984126984,0.401482328499686,0.328778071941334,0.764090581003971,4.53383585317346
2.24761904761905,0.401454035223195,0.32880747987616,0.763725198629614,4.53413717152172
2.24771825396825,0.401425727900699,0.328836864986147,0.763359991075553,4.53443843930422
2.24781746031746,0.401397406568828,0.328866227271966,0.76299495825728,4.53473965652687
2.24791666666667,0.401369071264218,0.328895566734276,0.762630100090324,4.53504082319553
2.24801587301587,0.401340722023511,0.32892488337373,0.762265416490246,4.53534193931609
2.24811507936508,0.401312358883362,0.328954177190968,0.761900907372651,4.53564300489439
2.24821428571429,0.40128398188043,0.328983448186621,0.761536572653176,4.53594401993628
2.24831349206349,0.401255591051383,0.32901269636131,0.761172412247494,4.53624498444759
2.2484126984127,0.401227186432898,0.329041921715647,0.760808426071317,4.53654589843414
2.2485119047619,0.401198768061659,0.329071124250232,0.760444614040393,4.53684676190174
2.24861111111111,0.401170335974359,0.329100303965657,0.760080976070503,4.53714757485619
2.24871031746032,0.401141890207698,0.329129460862502,0.75971751207747,4.53744833730327
2.24880952380952,0.401113430798385,0.32915859494134,0.759354221977149,4.53774904924875
2.24890873015873,0.401084957783137,0.329187706202732,0.758991105685435,4.53804971069841
2.24900793650794,0.401056471198678,0.329216794647228,0.758628163118257,4.53835032165798
2.24910714285714,0.401027971081741,0.329245860275371,0.75826539419158,4.5386508821332
2.24920634920635,0.400999457469068,0.329274903087692,0.757902798821411,4.53895139212981
2.24930555555556,0.400970930397407,0.329303923084712,0.757540376923786,4.53925185165352
2.24940476190476,0.400942389903515,0.329332920266943,0.757178128414782,4.53955226071003
2.24950396825397,0.400913836024157,0.329361894634887,0.756816053210511,4.53985261930503
2.24960317460317,0.400885268796106,0.329390846189036,0.756454151227123,4.5401529274442
2.24970238095238,0.400856688256144,0.32941977492987,0.756092422380804,4.54045318513322
2.24980158730159,0.40082809444106,0.329448680857862,0.755730866587773,4.54075339237774
2.24990079365079,0.400799487387651,0.329477563973474,0.755369483764293,4.54105354918339
2.25,0.400770867132723,0.329506424277157,0.755008273826656,4.54135365555583
2.25009920634921,0.400742233713088,0.329535261769354,0.754647236691196,4.54165371150066
2.25019841269841,0.400713587165569,0.329564076450496,0.754286372274278,4.5419537170235
2.25029761904762,0.400684927526996,0.329592868321006,0.753925680492309,4.54225367212994
2.25039682539683,0.400656254834204,0.329621637381295,0.75356516126173,4.54255357682558
2.25049603174603,0.400627569124042,0.329650383631766,0.753204814499018,4.54285343111598
2.25059523809524,0.400598870433361,0.329679107072811,0.752844640120687,4.54315323500672
2.25069444444444,0.400570158799024,0.329707807704811,0.75248463804329,4.54345298850333
2.25079365079365,0.400541434257902,0.32973648552814,0.752124808183412,4.54375269161137
2.25089285714286,0.400512696846871,0.329765140543159,0.751765150457678,4.54405234433635
2.25099206349206,0.400483946602818,0.329793772750221,0.751405664782747,4.5443519466838
2.25109126984127,0.400455183562637,0.329822382149669,0.751046351075318,4.54465149865922
2.25119047619048,0.40042640776323,0.329850968741834,0.750687209252123,4.5449510002681
2.25128968253968,0.400397619241507,0.329879532527039,0.750328239229931,4.54525045151592
2.25138888888889,0.400368818034386,0.329908073505597,0.749969440925551,4.54554985240815
2.2514880952381,0.400340004178795,0.32993659167781,0.749610814255824,4.54584920295025
2.2515873015873,0.400311177711667,0.329965087043972,0.74925235913763,4.54614850314767
2.25168650793651,0.400282338669944,0.329993559604364,0.748894075487886,4.54644775300584
2.25178571428571,0.400253487090577,0.330022009359259,0.748535963223541,4.54674695253018
2.25188492063492,0.400224623010525,0.330050436308921,0.748178022261589,4.54704610172611
2.25198412698413,0.400195746466755,0.330078840453601,0.747820252519052,4.54734520059901
2.25208333333333,0.40016685749624,0.330107221793543,0.747462653912993,4.54764424915429
2.25218253968254,0.400137956135965,0.33013558032898,0.747105226360512,4.54794324739731
2.25228174603175,0.400109042422919,0.330163916060135,0.746747969778743,4.54824219533344
2.25238095238095,0.400080116394101,0.33019222898722,0.746390884084857,4.54854109296804
2.25248015873016,0.400051178086519,0.33022051911044,0.746033969196063,4.54883994030643
2.25257936507937,0.400022227537187,0.330248786429986,0.745677225029605,4.54913873735396
2.25267857142857,0.399993264783129,0.330277030946042,0.745320651502766,4.54943748411594
2.25277777777778,0.399964289861376,0.330305252658782,0.744964248532861,4.54973618059767
2.25287698412698,0.399935302808966,0.330333451568368,0.744608016037247,4.55003482680445
2.25297619047619,0.399906303662947,0.330361627674954,0.744251953933314,4.55033342274155
2.2530753968254,0.399877292460375,0.330389780978683,0.743896062138488,4.55063196841426
2.2531746031746,0.399848269238312,0.330417911479688,0.743540340570235,4.55093046382783
2.25327380952381,0.399819234033831,0.330446019178094,0.743184789146052,4.5512289089875
2.25337301587302,0.39979018688401,0.330474104074013,0.74282940778348,4.55152730389852
2.25347222222222,0.399761127825937,0.330502166167549,0.742474196400089,4.5518256485661
2.25357142857143,0.399732056896709,0.330530205458796,0.74211915491349,4.55212394299545
2.25367063492063,0.399702974133428,0.330558221947837,0.741764283241331,4.55242218719179
2.25376984126984,0.399673879573206,0.330586215634746,0.741409581301294,4.55272038116029
2.25386904761905,0.399644773253163,0.330614186519587,0.741055049011098,4.55301852490613
2.25396825396825,0.399615655210427,0.330642134602413,0.740700686288498,4.55331661843448
2.25406746031746,0.399586525482135,0.330670059883268,0.740346493051288,4.55361466175049
2.25416666666667,0.399557384105429,0.330697962362187,0.739992469217298,4.5539126548593
2.25426587301587,0.399528231117462,0.330725842039193,0.739638614704391,4.55421059776604
2.25436507936508,0.399499066555394,0.330753698914299,0.739284929430471,4.55450849047584
2.25446428571429,0.399469890456393,0.330781532987511,0.738931413313477,4.55480633299379
2.25456349206349,0.399440702857636,0.330809344258822,0.738578066271383,4.55510412532499
2.2546626984127,0.399411503796307,0.330837132728216,0.738224888222201,4.55540186747453
2.2547619047619,0.399382293309598,0.330864898395667,0.737871879083978,4.55569955944747
2.25486111111111,0.399353071434709,0.33089264126114,0.737519038774801,4.55599720124888
2.25496031746032,0.39932383820885,0.330920361324589,0.737166367212791,4.55629479288381
2.25505952380952,0.399294593669236,0.330948058585958,0.736813864316102,4.55659233435728
2.25515873015873,0.399265337853093,0.330975733045181,0.736461530002933,4.55688982567433
2.25525793650794,0.399236070797653,0.331003384702183,0.736109364191513,4.55718726683997
2.25535714285714,0.399206792540156,0.331031013556879,0.73575736680011,4.5574846578592
2.25545634920635,0.399177503117851,0.331058619609172,0.735405537747024,4.557781998737
2.25555555555556,0.399148202567996,0.331086202858958,0.735053876950601,4.55807928947837
2.25565476190476,0.399118890927856,0.331113763306121,0.734702384329216,4.55837653008825
2.25575396825397,0.399089568234702,0.331141300950535,0.734351059801279,4.55867372057161
2.25585317460317,0.399060234525817,0.331168815792066,0.733999903285245,4.5589708609334
2.25595238095238,0.39903088983849,0.331196307830567,0.733648914699598,4.55926795117853
2.25605158730159,0.399001534210017,0.331223777065884,0.733298093962861,4.55956499131193
2.25615079365079,0.398972167677704,0.331251223497852,0.732947440993593,4.55986198133851
2.25625,0.398942790278864,0.331278647126296,0.73259695571039,4.56015892126317
2.25634920634921,0.398913402050818,0.331306047951029,0.732246638031887,4.56045581109078
2.25644841269841,0.398884003030897,0.331333425971858,0.73189648787675,4.56075265082622
2.25654761904762,0.398854593256436,0.331360781188578,0.731546505163686,4.56104944047436
2.25664682539683,0.398825172764783,0.331388113600972,0.731196689811437,4.56134618004003
2.25674603174603,0.398795741593291,0.331415423208818,0.730847041738782,4.56164286952808
2.25684523809524,0.39876629977932,0.331442710011879,0.730497560864536,4.56193950894333
2.25694444444444,0.398736847360242,0.331469974009911,0.73014824710755,4.56223609829061
2.25704365079365,0.398707384373433,0.331497215202659,0.729799100386712,4.5625326375747
2.25714285714286,0.39867791085628,0.331524433589858,0.729450120620949,4.5628291268004
2.25724206349206,0.398648426846177,0.331551629171235,0.729101307729218,4.56312556597249
2.25734126984127,0.398618932380525,0.331578801946503,0.728752661630522,4.56342195509573
2.25744047619048,0.398589427496734,0.331605951915369,0.728404182243891,4.56371829417489
2.25753968253968,0.398559912232224,0.331633079077529,0.728055869488399,4.5640145832147
2.25763888888889,0.398530386624419,0.331660183432667,0.727707723283151,4.56431082221989
2.2577380952381,0.398500850710754,0.331687264980459,0.727359743547291,4.5646070111952
2.2578373015873,0.398471304528672,0.331714323720571,0.7270119302,4.56490315014532
2.25793650793651,0.398441748115622,0.331741359652659,0.726664283160496,4.56519923907496
2.25803571428571,0.398412181509063,0.331768372776368,0.72631680234803,4.56549527798879
2.25813492063492,0.398382604746462,0.331795363091334,0.725969487681894,4.5657912668915
2.25823412698413,0.398353017865294,0.331822330597183,0.725622339081414,4.56608720578773
2.25833333333333,0.39832342090304,0.33184927529353,0.725275356465954,4.56638309468216
2.25843253968254,0.398293813897191,0.331876197179983,0.724928539754909,4.5666789335794
2.25853174603175,0.398264196885247,0.331903096256136,0.724581888867721,4.56697472248409
2.25863095238095,0.398234569904713,0.331929972521576,0.724235403723859,4.56727046140085
2.25873015873016,0.398204932993105,0.331956825975878,0.723889084242832,4.56756615033428
2.25882936507937,0.398175286187946,0.33198365661861,0.723542930344187,4.56786178928896
2.25892857142857,0.398145629526767,0.332010464449326,0.723196941947507,4.56815737826948
2.25902777777778,0.398115963047106,0.332037249467574,0.722851118972408,4.56845291728041
2.25912698412698,0.398086286786511,0.332064011672889,0.722505461338547,4.5687484063263
2.25922619047619,0.398056600782537,0.332090751064798,0.722159968965614,4.5690438454117
2.2593253968254,0.398026905072748,0.332117467642817,0.721814641773339,4.56933923454114
2.2594246031746,0.397997199694713,0.332144161406452,0.721469479681487,4.56963457371914
2.25952380952381,0.397967484686014,0.332170832355201,0.721124482609856,4.56992986295022
2.25962301587302,0.397937760084237,0.332197480488549,0.720779650478288,4.57022510223886
2.25972222222222,0.397908025926977,0.332224105805972,0.720434983206656,4.57052029158957
2.25982142857143,0.397878282251839,0.332250708306939,0.720090480714869,4.5708154310068
2.25992063492063,0.397848529096434,0.332277287990905,0.719746142922875,4.57111052049503
2.26001984126984,0.397818766498381,0.332303844857316,0.719401969750659,4.5714055600587
2.26011904761905,0.397788994495308,0.332330378905611,0.719057961118241,4.57170054970226
2.26021825396825,0.397759213124851,0.332356890135214,0.718714116945677,4.57199548943013
2.26031746031746,0.397729422424654,0.332383378545544,0.718370437153062,4.57229037924673
2.26041666666667,0.397699622432369,0.332409844136007,0.718026921660525,4.57258521915646
2.26051587301587,0.397669813185656,0.332436286906,0.717683570388232,4.57288000916371
2.26061507936508,0.397639994722182,0.33246270685491,0.717340383256387,4.57317474927287
2.26071428571429,0.397610167079624,0.332489103982114,0.716997360185228,4.57346943948831
2.26081349206349,0.397580330295666,0.332515478286979,0.716654501095033,4.57376407981438
2.2609126984127,0.397550484408,0.332541829768863,0.716311805906114,4.57405867025543
2.2610119047619,0.397520629454327,0.332568158427111,0.715969274538819,4.5743532108158
2.26111111111111,0.397490765472354,0.332594464261063,0.715626906913535,4.57464770149979
2.26121031746032,0.397460892499799,0.332620747270044,0.715284702950683,4.57494214231174
2.26130952380952,0.397431010574386,0.332647007453372,0.714942662570723,4.57523653325593
2.26140873015873,0.397401119733846,0.332673244810354,0.714600785694148,4.57553087433665
2.26150793650794,0.397371220015922,0.332699459340289,0.714259072241492,4.57582516555818
2.26160714285714,0.39734131145836,0.332725651042462,0.713917522133322,4.57611940692478
2.26170634920635,0.397311394098919,0.332751819916153,0.713576135290242,4.57641359844071
2.26180555555556,0.397281467975363,0.332777965960628,0.713234911632895,4.5767077401102
2.26190476190476,0.397251533125465,0.332804089175145,0.712893851081958,4.57700183193749
2.26200396825397,0.397221589587005,0.332830189558951,0.712552953558146,4.57729587392678
2.26210317460317,0.397191637397773,0.332856267111284,0.712212218982209,4.57758986608229
2.26220238095238,0.397161676595566,0.332882321831373,0.711871647274933,4.57788380840822
2.26230158730159,0.397131707218188,0.332908353718434,0.711531238357144,4.57817770090873
2.26240079365079,0.397101729303453,0.332934362771676,0.711190992149703,4.578471543588
2.2625,0.397071742889183,0.332960348990296,0.710850908573504,4.5787653364502
2.26259920634921,0.397041748013205,0.332986312373483,0.710510987549483,4.57905907949946
2.26269841269841,0.397011744713359,0.333012252920414,0.710171228998609,4.57935277273993
2.26279761904762,0.396981733027488,0.333038170630257,0.709831632841889,4.57964641617572
2.26289682539683,0.396951712993447,0.333064065502171,0.709492199000364,4.57994000981095
2.26299603174603,0.396921684649097,0.333089937535303,0.709152927395116,4.58023355364972
2.26309523809524,0.396891648032308,0.333115786728792,0.708813817947261,4.58052704769611
2.26319444444444,0.396861603180956,0.333141613081766,0.708474870577948,4.58082049195421
2.26329365079365,0.396831550132929,0.333167416593343,0.708136085208371,4.58111388642808
2.26339285714286,0.39680148892612,0.333193197262631,0.707797461759754,4.58140723112176
2.26349206349206,0.39677141959843,0.333218955088729,0.707459000153358,4.58170052603931
2.26359126984127,0.39674134218777,0.333244690070726,0.707120700310482,4.58199377118475
2.26369047619048,0.396711256732057,0.333270402207699,0.70678256215246,4.58228696656211
2.26378968253968,0.396681163269218,0.333296091498717,0.706444585600667,4.58258011217538
2.26388888888889,0.396651061837186,0.333321757942839,0.706106770576509,4.58287320802856
2.2639880952381,0.396620952473904,0.333347401539113,0.70576911700143,4.58316625412564
2.2640873015873,0.396590835217321,0.333373022286578,0.705431624796913,4.58345925047058
2.26418650793651,0.396560710105397,0.333398620184263,0.705094293884475,4.58375219706735
2.26428571428571,0.396530577176097,0.333424195231185,0.704757124185671,4.58404509391989
2.26438492063492,0.396500436467396,0.333449747426356,0.70442011562209,4.58433794103214
2.26448412698413,0.396470288017277,0.333475276768771,0.704083268115362,4.58463073840803
2.26458333333333,0.396440131863729,0.333500783257422,0.703746581587149,4.58492348605146
2.26468253968254,0.396409968044751,0.333526266891286,0.703410055959151,4.58521618396635
2.26478174603175,0.396379796598351,0.333551727669334,0.703073691153107,4.58550883215657
2.26488095238095,0.396349617562542,0.333577165590522,0.70273748709079,4.585801430626
2.26498015873016,0.396319430975348,0.333602580653802,0.702401443694008,4.58609397937852
2.26507936507937,0.396289236874799,0.333627972858111,0.702065560884609,4.58638647841797
2.26517857142857,0.396259035298934,0.33365334220238,0.701729838584475,4.58667892774821
2.26527777777778,0.396228826285801,0.333678688685526,0.701394276715528,4.58697132737305
2.26537698412698,0.396198609873453,0.33370401230646,0.701058875199722,4.58726367729632
2.26547619047619,0.396168386099955,0.333729313064081,0.700723633959048,4.58755597752182
2.2655753968254,0.396138155003377,0.333754590957278,0.700388552915539,4.58784822805336
2.2656746031746,0.396107916621798,0.333779845984931,0.700053631991258,4.58814042889471
2.26577380952381,0.396077670993307,0.333805078145909,0.699718871108308,4.58843258004966
2.26587301587302,0.396047418155997,0.333830287439071,0.699384270188827,4.58872468152195
2.26597222222222,0.396017158147973,0.333855473863267,0.699049829154991,4.58901673331534
2.26607142857143,0.395986891007346,0.333880637417336,0.698715547929012,4.58930873543356
2.26617063492063,0.395956616772235,0.33390577810011,0.698381426433136,4.58960068788034
2.26626984126984,0.395926335480768,0.333930895910405,0.698047464589651,4.5898925906594
2.26636904761905,0.395896047171081,0.333955990847034,0.697713662320876,4.59018444377444
2.26646825396825,0.395865751881318,0.333981062908795,0.69738001954917,4.59047624722914
2.26656746031746,0.395835449649629,0.334006112094478,0.697046536196926,4.59076800102719
2.26666666666667,0.395805140514175,0.334031138402864,0.696713212186575,4.59105970517225
2.26676587301587,0.395774824513124,0.334056141832721,0.696380047440587,4.59135135966798
2.26686507936508,0.395744501684652,0.33408112238281,0.696047041881463,4.59164296451803
2.26696428571429,0.395714172066942,0.334106080051882,0.695714195431743,4.59193451972601
2.26706349206349,0.395683835698187,0.334131014838676,0.695381508014006,4.59222602529556
2.2671626984127,0.395653492616587,0.334155926741921,0.695048979550866,4.59251748123028
2.2672619047619,0.395623142860351,0.33418081576034,0.694716609964971,4.59280888753378
2.26736111111111,0.395592786467693,0.334205681892641,0.694384399179006,4.59310024420962
2.26746031746032,0.395562423476839,0.334230525137524,0.694052347115699,4.5933915512614
2.26755952380952,0.395532053926021,0.334255345493681,0.693720453697805,4.59368280869266
2.26765873015873,0.39550167785348,0.334280142959791,0.693388718848122,4.59397401650697
2.26775793650794,0.395471295297464,0.334304917534526,0.693057142489483,4.59426517470785
2.26785714285714,0.395440906296229,0.334329669216544,0.692725724544757,4.59455628329884
2.26795634920635,0.39541051088804,0.334354398004498,0.692394464936849,4.59484734228344
2.26805555555556,0.39538010911117,0.334379103897026,0.6920633635887,4.59513835166517
2.26815476190476,0.3953497010039,0.334403786892761,0.69173242042329,4.59542931144752
2.26825396825397,0.395319286604518,0.334428446990323,0.691401635363635,4.59572022163395
2.26835317460317,0.395288865951321,0.334453084188321,0.691071008332786,4.59601108222795
2.26845238095238,0.395258439082614,0.334477698485358,0.69074053925383,4.59630189323297
2.26855158730159,0.395228006036711,0.334502289880023,0.690410228049894,4.59659265465245
2.26865079365079,0.395197566851932,0.334526858370898,0.690080074644138,4.59688336648983
2.26875,0.395167121566606,0.334551403956554,0.68975007895976,4.59717402874852
2.26884920634921,0.395136670219071,0.334575926635551,0.689420240919994,4.59746464143195
2.26894841269841,0.395106212847671,0.33460042640644,0.689090560448111,4.59775520454349
2.26904761904762,0.395075749490761,0.334624903267763,0.688761037467419,4.59804571808655
2.26914682539683,0.395045280186701,0.33464935721805,0.688431671901261,4.59833618206449
2.26924603174603,0.395014804973861,0.334673788255823,0.688102463673018,4.59862659648068
2.26934523809524,0.394984323890618,0.334698196379593,0.687773412706107,4.59891696133848
2.26944444444444,0.394953836975358,0.33472258158786,0.687444518923982,4.5992072766412
2.26954365079365,0.394923344266475,0.334746943879117,0.687115782250131,4.5994975423922
2.26964285714286,0.39489284580237,0.334771283251844,0.686787202608082,4.59978775859478
2.26974206349206,0.394862341621453,0.334795599704514,0.686458779921398,4.60007792525224
2.26984126984127,0.394831831762141,0.334819893235586,0.686130514113678,4.60036804236789
2.26994047619048,0.394801316262862,0.334844163843513,0.685802405108558,4.60065810994499
2.27003968253968,0.394770795162047,0.334868411526736,0.685474452829713,4.60094812798682
2.27013888888889,0.394740268498141,0.334892636283687,0.685146657200848,4.60123809649664
2.2702380952381,0.394709736309592,0.334916838112788,0.684819018145713,4.60152801547769
2.2703373015873,0.394679198634858,0.334941017012449,0.684491535588086,4.60181788493321
2.27043650793651,0.394648655512407,0.334965172981073,0.684164209451788,4.60210770486642
2.27053571428571,0.394618106980711,0.334989306017051,0.683837039660674,4.60239747528052
2.27063492063492,0.394587553078254,0.335013416118766,0.683510026138635,4.60268719617872
2.27073412698413,0.394556993843526,0.335037503284589,0.683183168809601,4.60297686756421
2.27083333333333,0.394526429315025,0.335061567512881,0.682856467597535,4.60326648944016
2.27093253968254,0.394495859531257,0.335085608801995,0.68252992242644,4.60355606180974
2.27103174603175,0.394465284530738,0.335109627150273,0.682203533220352,4.60384558467609
2.27113095238095,0.39443470435199,0.335133622556047,0.681877299903344,4.60413505804235
2.27123015873016,0.394404119033543,0.335157595017638,0.681551222399531,4.60442448191167
2.27132936507937,0.394373528613936,0.33518154453336,0.681225300633059,4.60471385628714
2.27142857142857,0.394342933131716,0.335205471101513,0.680899534528109,4.60500318117189
2.27152777777778,0.394312332625438,0.335229374720391,0.680573924008905,4.60529245656899
2.27162698412698,0.394281727133665,0.335253255388276,0.680248468999702,4.60558168248154
2.27172619047619,0.394251116694968,0.335277113103439,0.679923169424795,4.6058708589126
2.2718253968254,0.394220501347926,0.335300947864144,0.679598025208512,4.60615998586524
2.2719246031746,0.394189881131125,0.335324759668642,0.679273036275221,4.60644906334249
2.27202380952381,0.394159256083162,0.335348548515177,0.678948202549325,4.6067380913474
2.27212301587302,0.394128626242638,0.33537231440198,0.678623523955262,4.60702706988299
2.27222222222222,0.394097991648167,0.335396057327274,0.678299000417511,4.60731599895226
2.27232142857143,0.394067352338366,0.335419777289271,0.677974631860582,4.60760487855823
2.27242063492063,0.394036708351864,0.335443474286175,0.677650418209025,4.60789370870387
2.27251984126984,0.394006059727296,0.335467148316178,0.677326359387426,4.60818248939216
2.27261904761905,0.393975406503305,0.335490799377463,0.677002455320406,4.60847122062607
2.27271825396825,0.393944748718543,0.335514427468203,0.676678705932625,4.60875990240856
2.27281746031746,0.393914086411669,0.33553803258656,0.676355111148778,4.60904853474256
2.27291666666667,0.393883419621352,0.335561614730687,0.676031670893595,4.609337117631
2.27301587301587,0.393852748386268,0.335585173898727,0.675708385091847,4.6096256510768
2.27311507936508,0.393822072745099,0.335608710088813,0.675385253668338,4.60991413508287
2.27321428571429,0.393791392736538,0.335632223299068,0.675062276547909,4.6102025696521
2.27331349206349,0.393760708399285,0.335655713527606,0.674739453655435,4.61049095478738
2.2734126984127,0.393730019772048,0.335679180772529,0.674416784915836,4.61077929049157
2.2735119047619,0.393699326893543,0.335702625031931,0.674094270254059,4.61106757676754
2.27361111111111,0.393668629802494,0.335726046303894,0.673771909595091,4.61135581361813
2.27371031746032,0.393637928537634,0.335749444586492,0.673449702863958,4.61164400104618
2.27380952380952,0.393607223137702,0.335772819877788,0.67312764998572,4.61193213905452
2.27390873015873,0.393576513641448,0.335796172175836,0.672805750885473,4.61222022764595
2.27400793650794,0.393545800087627,0.335819501478679,0.672484005488353,4.61250826682328
2.27410714285714,0.393515082515003,0.335842807784351,0.672162413719525,4.6127962565893
2.27420634920635,0.39348436096235,0.335866091090874,0.6718409755042,4.61308419694678
2.27430555555556,0.393453635468449,0.335889351396263,0.67151969076762,4.61337208789849
2.27440476190476,0.393422906072087,0.335912588698521,0.671198559435063,4.61365992944718
2.27450396825397,0.393392172812061,0.335935802995642,0.670877581431848,4.61394772159561
2.27460317460317,0.393361435727177,0.335958994285609,0.670556756683325,4.61423546434649
2.27470238095238,0.393330694856246,0.335982162566396,0.670236085114884,4.61452315770255
2.27480158730159,0.393299950238091,0.336005307835968,0.669915566651951,4.61481080166649
2.27490079365079,0.393269201911539,0.336028430092277,0.669595201219987,4.61509839624101
2.275,0.393238449915429,0.336051529333267,0.669274988744493,4.6153859414288
2.27509920634921,0.393207694288604,0.336074605556873,0.668954929151002,4.61567343723252
2.27519841269841,0.393176935069919,0.336097658761019,0.668635022365086,4.61596088365484
2.27529761904762,0.393146171735829,0.336120689188002,0.668315268207399,4.61624828094881
2.27539682539683,0.393115403549949,0.336143697171269,0.667995666466113,4.61653562946056
2.27549603174603,0.393084630511642,0.336166682723723,0.667676217071202,4.61682292920765
2.27559523809524,0.393053852624137,0.336189645856582,0.667356919953391,4.61711018020586
2.27569444444444,0.393023069890676,0.336212586581055,0.667037775043433,4.61739738247099
2.27579365079365,0.392992282314512,0.336235504908343,0.666718782272098,4.61768453601884
2.27589285714286,0.392961489898912,0.336258400849636,0.66639994157018,4.61797164086518
2.27599206349206,0.392930692647155,0.336281274416117,0.666081252868499,4.61825869702576
2.27609126984127,0.392899890562532,0.336304125618957,0.665762716097891,4.61854570451635
2.27619047619048,0.39286908364835,0.336326954469319,0.665444331189221,4.61883266335269
2.27628968253968,0.392838271907924,0.336349760978359,0.665126098073372,4.61911957355051
2.27638888888889,0.392807455344586,0.33637254515722,0.664808016681253,4.61940643512553
2.2764880952381,0.392776633961678,0.336395307017037,0.664490086943793,4.61969324809347
2.2765873015873,0.392745807762554,0.336418046568938,0.664172308791944,4.61998001247003
2.27668650793651,0.392714976750585,0.336440763824039,0.663854682156683,4.62026672827089
2.27678571428571,0.39268414092915,0.336463458793448,0.663537206969006,4.62055339551175
2.27688492063492,0.392653300301643,0.336486131488263,0.663219883159935,4.62084001420828
2.27698412698413,0.392622454871471,0.336508781919574,0.662902710660511,4.62112658437612
2.27708333333333,0.392591604642052,0.336531410098461,0.662585689401799,4.62141310603094
2.27718253968254,0.392560749616818,0.336554016035995,0.66226881931489,4.62169957918838
2.27728174603175,0.392529889799215,0.336576599743237,0.661952100330892,4.62198600386406
2.27738095238095,0.392499025192698,0.336599161231239,0.661635532380937,4.6222723800736
2.27748015873016,0.392468155800738,0.336621700511046,0.661319115396184,4.62255870783261
2.27757936507937,0.392437281626817,0.33664421759369,0.66100284930781,4.62284498715669
2.27767857142857,0.392406402674432,0.336666712490197,0.660686734047015,4.62313121806143
2.27777777777778,0.392375518947089,0.336689185211582,0.660370769545022,4.6234174005624
2.27787698412698,0.392344630448309,0.336711635768851,0.660054955733078,4.62370353467518
2.27797619047619,0.392313737181627,0.336734064173001,0.659739292542452,4.62398962041532
2.2780753968254,0.392282839150587,0.336756470435021,0.659423779904434,4.62427565779836
2.2781746031746,0.39225193635875,0.336778854565887,0.659108417750338,4.62456164683985
2.27827380952381,0.392221028809686,0.33680121657657,0.6587932060115,4.6248475875553
2.27837301587302,0.39219011650698,0.33682355647803,0.65847814461928,4.62513347996024
2.27847222222222,0.392159199454229,0.336845874281218,0.658163233505058,4.62541932407017
2.27857142857143,0.392128277655042,0.336868169997075,0.657848472600237,4.62570511990058
2.27867063492063,0.392097351113043,0.336890443636534,0.657533861836246,4.62599086746696
2.27876984126984,0.392066419831865,0.336912695210517,0.657219401144533,4.62627656678478
2.27886904761905,0.392035483815158,0.336934924729939,0.656905090456568,4.6265622178695
2.27896825396825,0.39200454306658,0.336957132205704,0.656590929703849,4.62684782073659
2.27906746031746,0.391973597589807,0.336979317648707,0.656276918817889,4.62713337540147
2.27916666666667,0.391942647388523,0.337001481069836,0.65596305773023,4.62741888187959
2.27926587301587,0.391911692466428,0.337023622479967,0.655649346372431,4.62770434018637
2.27936507936508,0.391880732827232,0.337045741889967,0.655335784676079,4.62798975033721
2.27946428571429,0.39184976847466,0.337067839310695,0.655022372572781,4.62827511234752
2.27956349206349,0.391818799412449,0.337089914753,0.654709109994164,4.62856042623269
2.2796626984127,0.391787825644347,0.337111968227723,0.654395996871884,4.6288456920081
2.2797619047619,0.391756847174119,0.337133999745694,0.654083033137613,4.62913090968913
2.27986111111111,0.391725864005537,0.337156009317735,0.65377021872305,4.62941607929112
2.27996031746032,0.391694876142391,0.337177996954657,0.653457553559913,4.62970120082943
2.28005952380952,0.39166388358848,0.337199962667265,0.653145037579945,4.62998627431941
2.28015873015873,0.391632886347617,0.337221906466352,0.652832670714912,4.63027129977637
2.28025793650794,0.391601884423628,0.337243828362703,0.652520452896602,4.63055627721564
2.28035714285714,0.391570877820352,0.337265728367093,0.652208384056823,4.63084120665252
2.28045634920635,0.39153986654164,0.337287606490288,0.651896464127409,4.63112608810231
2.28055555555556,0.391508850591356,0.337309462743045,0.651584693040216,4.6314109215803
2.28065476190476,0.391477829973376,0.337331297136112,0.651273070727122,4.63169570710177
2.28075396825397,0.391446804691589,0.337353109680227,0.650961597120025,4.63198044468198
2.28085317460317,0.391415774749899,0.33737490038612,0.65065027215085,4.63226513433619
2.28095238095238,0.391384740152219,0.337396669264511,0.650339095751543,4.63254977607965
2.28105158730159,0.391353700902477,0.33741841632611,0.65002806785407,4.63283436992758
2.28115079365079,0.391322657004613,0.337440141581619,0.649717188390423,4.63311891589522
2.28125,0.391291608462579,0.33746184504173,0.649406457292617,4.63340341399778
2.28134920634921,0.391260555280343,0.337483526717126,0.649095874492685,4.63368786425046
2.28144841269841,0.391229497461881,0.337505186618482,0.648785439922687,4.63397226666846
2.28154761904762,0.391198435011186,0.337526824756461,0.648475153514703,4.63425662126696
2.28164682539683,0.391167367932259,0.337548441141719,0.648165015200838,4.63454092806114
2.28174603174603,0.391136296229119,0.337570035784903,0.647855024913217,4.63482518706615
2.28184523809524,0.391105219905794,0.337591608696649,0.647545182583988,4.63510939829715
2.28194444444444,0.391074138966326,0.337613159887585,0.647235488145324,4.63539356176929
2.28204365079365,0.39104305341477,0.337634689368329,0.646925941529419,4.63567767749768
2.28214285714286,0.391011963255193,0.33765619714949,0.646616542668487,4.63596174549746
2.28224206349206,0.390980868491674,0.337677683241669,0.646307291494769,4.63624576578374
2.28234126984127,0.390949769128307,0.337699147655456,0.645998187940526,4.63652973837161
2.28244047619048,0.390918665169196,0.337720590401433,0.645689231938042,4.63681366327617
2.28253968253968,0.390887556618461,0.337742011490172,0.645380423419623,4.63709754051249
2.28263888888889,0.390856443480232,0.337763410932236,0.6450717623176,4.63738137009565
2.2827380952381,0.390825325758652,0.337784788738179,0.644763248564324,4.6376651520407
2.2828373015873,0.390794203457878,0.337806144918545,0.644454882092169,4.6379488863627
2.28293650793651,0.390763076582078,0.33782747948387,0.644146662833532,4.63823257307668
2.28303571428571,0.390731945135434,0.33784879244468,0.643838590720832,4.63851621219766
2.28313492063492,0.390700809122141,0.337870083811492,0.643530665686512,4.63879980374067
2.28323412698413,0.390669668546406,0.337891353594814,0.643222887663037,4.63908334772072
2.28333333333333,0.390638523412448,0.337912601805143,0.642915256582893,4.6393668441528
2.28343253968254,0.3906073737245,0.337933828452969,0.642607772378591,4.63965029305189
2.28353174603175,0.390576219486807,0.337955033548773,0.642300434982662,4.63993369443298
2.28363095238095,0.390545060703628,0.337976217103024,0.641993244327663,4.64021704831103
2.28373015873016,0.390513897379232,0.337997379126184,0.641686200346169,4.64050035470099
2.28382936507937,0.390482729517903,0.338018519628706,0.641379302970781,4.64078361361781
2.28392857142857,0.390451557123938,0.338039638621032,0.641072552134123,4.64106682507642
2.28402777777778,0.390420380201644,0.338060736113597,0.640765947768838,4.64134998909175
2.28412698412698,0.390389198755344,0.338081812116824,0.640459489807596,4.64163310567872
2.28422619047619,0.390358012789371,0.33810286664113,0.640153178183086,4.64191617485221
2.2843253968254,0.390326822308073,0.33812389969692,0.639847012828022,4.64219919662714
2.2844246031746,0.390295627315809,0.33814491129459,0.639540993675138,4.64248217101838
2.28452380952381,0.390264427816951,0.33816590144453,0.639235120657191,4.6427650980408
2.28462301587302,0.390233223815884,0.338186870157117,0.638929393706965,4.64304797770927
2.28472222222222,0.390202015317007,0.33820781744272,0.638623812757261,4.64333081003863
2.28482142857143,0.390170802324729,0.338228743311699,0.638318377740905,4.64361359504373
2.28492063492063,0.390139584843474,0.338249647774406,0.638013088590746,4.6438963327394
2.28501984126984,0.390108362877677,0.33827053084118,0.637707945239655,4.64417902314046
2.28511904761905,0.390077136431788,0.338291392522355,0.637402947620524,4.64446166626172
2.28521825396825,0.390045905510267,0.338312232828254,0.63709809566627,4.64474426211798
2.28531746031746,0.390014670117589,0.33833305176919,0.636793389309832,4.64502681072402
2.28541666666667,0.389983430258239,0.338353849355468,0.636488828484171,4.64530931209464
2.28551587301587,0.389952185936718,0.338374625597383,0.636184413122269,4.64559176624459
2.28561507936508,0.389920937157538,0.338395380505222,0.635880143157135,4.64587417318864
2.28571428571429,0.389889683925224,0.33841611408926,0.635576018521797,4.64615653294152
2.28581349206349,0.389858426244312,0.338436826359766,0.635272039149305,4.64643884551799
2.2859126984127,0.389827164119354,0.338457517326998,0.634968204972735,4.64672111093276
2.2860119047619,0.389795897554912,0.338478187001205,0.634664515925182,4.64700332920056
2.28611111111111,0.389764626555562,0.338498835392628,0.634360971939766,4.64728550033609
2.28621031746032,0.389733351125893,0.338519462511496,0.634057572949629,4.64756762435404
2.28630952380952,0.389702071270504,0.338540068368031,0.633754318887933,4.64784970126911
2.28640873015873,0.389670786994011,0.338560652972446,0.633451209687869,4.64813173109596
2.28650793650794,0.38963949830104,0.338581216334942,0.633148245282643,4.64841371384926
2.28660714285714,0.38960820519623,0.338601758465715,0.632845425605489,4.64869564954367
2.28670634920635,0.389576907684233,0.338622279374949,0.632542750589659,4.64897753819383
2.28680555555556,0.389545605769713,0.338642779072818,0.632240220168433,4.64925937981438
2.28690476190476,0.389514299457349,0.338663257569489,0.631937834275109,4.64954117441993
2.28700396825397,0.389482988751829,0.338683714875119,0.631635592843009,4.6498229220251
2.28710317460317,0.389451673657857,0.338704150999855,0.63133349580548,4.6501046226445
2.28720238095238,0.389420354180148,0.338724565953836,0.631031543095887,4.65038627629271
2.28730158730159,0.389389030323431,0.33874495974719,0.630729734647622,4.65066788298432
2.28740079365079,0.389357702092446,0.338765332390038,0.630428070394096,4.6509494427339
2.2875,0.389326369491947,0.33878568389249,0.630126550268744,4.65123095555601
2.28759920634921,0.389295032526701,0.338806014264648,0.629825174205025,4.6515124214652
2.28769841269841,0.389263691201485,0.338826323516603,0.629523942136418,4.65179384047601
2.28779761904762,0.389232345521093,0.338846611658439,0.629222853996426,4.65207521260297
2.28789682539683,0.389200995490329,0.33886687870023,0.628921909718576,4.6523565378606
2.28799603174603,0.389169641114009,0.33888712465204,0.628621109236414,4.65263781626341
2.28809523809524,0.389138282396964,0.338907349523923,0.628320452483512,4.65291904782591
2.28819444444444,0.389106919344036,0.338927553325927,0.62801993939346,4.65320023256257
2.28829365079365,0.38907555196008,0.338947736068088,0.627719569899878,4.65348137048787
2.28839285714286,0.389044180249965,0.338967897760433,0.627419343936402,4.65376246161629
2.28849206349206,0.389012804218571,0.338988038412981,0.627119261436692,4.65404350596228
2.28859126984127,0.388981423870792,0.339008158035741,0.626819322334433,4.65432450354029
2.28869047619048,0.388950039211534,0.339028256638712,0.626519526563331,4.65460545436476
2.28878968253968,0.388918650245716,0.339048334231886,0.626219874057113,4.6548863584501
2.28888888888889,0.388887256978268,0.339068390825243,0.625920364749531,4.65516721581074
2.2889880952381,0.388855859414136,0.339088426428757,0.625620998574358,4.65544802646109
2.2890873015873,0.388824457558277,0.339108441052389,0.625321775465391,4.65572879041553
2.28918650793651,0.388793051415659,0.339128434706093,0.625022695356449,4.65600950768846
2.28928571428571,0.388761640991266,0.339148407399815,0.624723758181372,4.65629017829424
2.28938492063492,0.388730226290093,0.339168359143488,0.624424963874025,4.65657080224725
2.28948412698413,0.388698807317148,0.33918828994704,0.624126312368295,4.65685137956182
2.28958333333333,0.38866738407745,0.339208199820386,0.62382780359809,4.65713191025232
2.28968253968254,0.388635956576033,0.339228088773435,0.623529437497341,4.65741239433307
2.28978174603175,0.388604524817944,0.339247956816085,0.623231214000004,4.65769283181839
2.28988095238095,0.388573088808241,0.339267803958224,0.622933133040055,4.6579732227226
2.28998015873016,0.388541648551995,0.339287630209733,0.622635194551492,4.65825356706
2.29007936507937,0.38851020405429,0.339307435580481,0.622337398468339,4.65853386484487
2.29017857142857,0.388478755320223,0.339327220080332,0.622039744724639,4.65881411609151
2.29027777777778,0.388447302354904,0.339346983719135,0.621742233254461,4.65909432081418
2.29037698412698,0.388415845163455,0.339366726506736,0.621444863991892,4.65937447902714
2.29047619047619,0.388384383751011,0.339386448452966,0.621147636871045,4.65965459074464
2.2905753968254,0.388352918122718,0.339406149567651,0.620850551826056,4.65993465598092
2.2906746031746,0.388321448283739,0.339425829860605,0.620553608791081,4.66021467475021
2.29077380952381,0.388289974239245,0.339445489341636,0.620256807700299,4.66049464706673
2.29087301587302,0.388258495994423,0.339465128020538,0.619960148487915,4.66077457294469
2.29097222222222,0.388227013554471,0.339484745907101,0.619663631088153,4.66105445239829
2.29107142857143,0.388195526924601,0.339504343011102,0.61936725543526,4.6613342854417
2.29117063492063,0.388164036110035,0.33952391934231,0.619071021463506,4.66161407208912
2.29126984126984,0.388132541116011,0.339543474910485,0.618774929107185,4.66189381235471
2.29136904761905,0.388101041947778,0.339563009725377,0.618478978300611,4.66217350625262
2.29146825396825,0.388069538610598,0.339582523796728,0.618183168978122,4.662453153797
2.29156746031746,0.388038031109746,0.339602017134271,0.61788750107408,4.66273275500199
2.29166666666667,0.388006519450509,0.339621489747726,0.617591974522866,4.66301230988171
2.29176587301587,0.387975003638187,0.33964094164681,0.617296589258886,4.66329181845028
2.29186507936508,0.387943483678094,0.339660372841225,0.617001345216569,4.6635712807218
2.29196428571429,0.387911959575554,0.339679783340668,0.616706242330364,4.66385069671037
2.29206349206349,0.387880431335907,0.339699173154823,0.616411280534747,4.66413006643006
2.2921626984127,0.387848898964502,0.339718542293368,0.616116459764212,4.66440938989496
2.2922619047619,0.387817362466705,0.33973789076597,0.615821779953276,4.66468866711913
2.29236111111111,0.38778582184789,0.339757218582287,0.615527241036483,4.66496789811662
2.29246031746032,0.387754277113448,0.339776525751968,0.615232842948396,4.66524708290147
2.29255952380952,0.38772272826878,0.339795812284654,0.614938585623599,4.66552622148772
2.29265873015873,0.387691175319301,0.339815078189974,0.614644468996702,4.66580531388938
2.29275793650794,0.387659618270438,0.33983432347755,0.614350493002337,4.66608436012047
2.29285714285714,0.387628057127631,0.339853548156995,0.614056657575156,4.66636336019499
2.29295634920635,0.387596491896332,0.33987275223791,0.613762962649837,4.66664231412693
2.29305555555556,0.387564922582007,0.339891935729889,0.613469408161079,4.66692122193027
2.29315476190476,0.387533349190135,0.339911098642517,0.613175994043602,4.66720008361898
2.29325396825397,0.387501771726205,0.339930240985369,0.612882720232152,4.66747889920702
2.29335317460317,0.387470190195722,0.339949362768011,0.612589586661494,4.66775766870834
2.29345238095238,0.387438604604202,0.339968464,0.612296593266417,4.66803639213687
2.29355158730159,0.387407014957173,0.339987544690882,0.612003739981735,4.66831506950656
2.29365079365079,0.387375421260177,0.340006604850196,0.611711026742281,4.6685937008313
2.29375,0.387343823518769,0.340025644487472,0.611418453482912,4.66887228612502
2.29384920634921,0.387312221738515,0.340044663612228,0.611126020138507,4.6691508254016
2.29394841269841,0.387280615924996,0.340063662233976,0.610833726643969,4.66942931867495
2.29404761904762,0.387249006083804,0.340082640362217,0.610541572934223,4.66970776595892
2.29414682539683,0.387217392220544,0.340101598006442,0.610249558944214,4.66998616726739
2.29424603174603,0.387185774340835,0.340120535176134,0.609957684608914,4.67026452261422
2.29434523809524,0.387154152450305,0.340139451880768,0.609665949863315,4.67054283201325
2.29444444444444,0.3871225265546,0.340158348129807,0.60937435464243,4.67082109547831
2.29454365079365,0.387090896659375,0.340177223932706,0.609082898881299,4.67109931302323
2.29464285714286,0.387059262770298,0.340196079298912,0.608791582514981,4.67137748466183
2.29474206349206,0.387027624893052,0.340214914237861,0.608500405478559,4.6716556104079
2.29484126984127,0.38699598303333,0.340233728758981,0.608209367707138,4.67193369027524
2.29494047619048,0.38696433719684,0.340252522871689,0.607918469135845,4.67221172427764
2.29503968253968,0.3869326873893,0.340271296585394,0.607627709699831,4.67248971242887
2.29513888888889,0.386901033616444,0.340290049909497,0.607337089334269,4.67276765474269
2.2952380952381,0.386869375884015,0.340308782853387,0.607046607974354,4.67304555123285
2.2953373015873,0.386837714197773,0.340327495426447,0.606756265555305,4.67332340191309
2.29543650793651,0.386806048563487,0.340346187638048,0.606466062012362,4.67360120679715
2.29553571428571,0.38677437898694,0.340364859497552,0.606175997280788,4.67387896589874
2.29563492063492,0.386742705473929,0.340383511014314,0.605886071295868,4.67415667923158
2.29573412698413,0.386711028030261,0.340402142197677,0.605596283992912,4.67443434680937
2.29583333333333,0.386679346661759,0.340420753056977,0.60530663530725,4.67471196864579
2.29593253968254,0.386647661374256,0.34043934360154,0.605017125174235,4.67498954475453
2.29603174603175,0.386615972173599,0.340457913840681,0.604727753529245,4.67526707514926
2.29613095238095,0.386584279065647,0.34047646378371,0.604438520307676,4.67554455984363
2.29623015873016,0.386552582056272,0.340494993439923,0.604149425444951,4.67582199885129
2.29632936507937,0.38652088115136,0.34051350281861,0.603860468876513,4.67609939218588
2.29642857142857,0.386489176356807,0.34053199192905,0.603571650537827,4.67637673986104
2.29652777777778,0.386457467678524,0.340550460780514,0.603282970364384,4.67665404189036
2.29662698412698,0.386425755122434,0.340568909382263,0.602994428291695,4.67693129828747
2.29672619047619,0.386394038694472,0.340587337743549,0.602706024255292,4.67720850906596
2.2968253968254,0.386362318400588,0.340605745873615,0.602417758190735,4.67748567423941
2.2969246031746,0.386330594246741,0.340624133781694,0.602129630033601,4.6777627938214
2.29702380952381,0.386298866238906,0.34064250147701,0.601841639719491,4.6780398678255
2.29712301587302,0.38626713438307,0.340660848968779,0.601553787184031,4.67831689626526
2.29722222222222,0.386235398685231,0.340679176266207,0.601266072362867,4.67859387915422
2.29732142857143,0.386203659151402,0.34069748337849,0.600978495191669,4.67887081650593
2.29742063492063,0.386171915787606,0.340715770314815,0.600691055606127,4.6791477083339
2.29751984126984,0.386140168599882,0.340734037084361,0.600403753541958,4.67942455465164
2.29761904761905,0.38610841759428,0.340752283696296,0.600116588934899,4.67970135547267
2.29771825396825,0.386076662776861,0.34077051015978,0.599829561720708,4.67997811081046
2.29781746031746,0.386044904153703,0.340788716483963,0.599542671835169,4.68025482067852
2.29791666666667,0.386013141730892,0.340806902677987,0.599255919214084,4.6805314850903
2.29801587301587,0.38598137551453,0.340825068750984,0.598969303793284,4.68080810405927
2.29811507936508,0.385949605510731,0.340843214712077,0.598682825508617,4.68108467759888
2.29821428571429,0.38591783172562,0.340861340570378,0.598396484295954,4.68136120572258
2.29831349206349,0.385886054165337,0.340879446334992,0.598110280091194,4.68163768844378
2.2984126984127,0.385854272836033,0.340897532015015,0.597824212830253,4.68191412577592
2.2985119047619,0.385822487743873,0.340915597619531,0.59753828244907,4.6821905177324
2.29861111111111,0.385790698895035,0.340933643157618,0.597252488883607,4.68246686432662
2.29871031746032,0.385758906295707,0.340951668638343,0.596966832069853,4.68274316557197
2.29880952380952,0.385727109952093,0.340969674070764,0.596681311943814,4.68301942148183
2.29890873015873,0.385695309870408,0.340987659463929,0.596395928441519,4.68329563206956
2.29900793650794,0.385663506056879,0.341005624826879,0.596110681499023,4.68357179734853
2.29910714285714,0.385631698517748,0.341023570168644,0.595825571052402,4.68384791733209
2.29920634920635,0.385599887259268,0.341041495498245,0.595540597037753,4.68412399203356
2.29930555555556,0.385568072287705,0.341059400824694,0.595255759391198,4.68440002146628
2.29940476190476,0.385536253609337,0.341077286156994,0.594971058048877,4.68467600564357
2.29950396825397,0.385504431230457,0.341095151504137,0.594686492946961,4.68495194457872
2.29960317460317,0.385472605157369,0.341112996875109,0.594402064021635,4.68522783828504
2.29970238095238,0.38544077539639,0.341130822278884,0.59411777120911,4.68550368677581
2.29980158730159,0.385408941953849,0.341148627724429,0.593833614445622,4.6857794900643
2.29990079365079,0.385377104836088,0.341166413220699,0.593549593667425,4.68605524816379
2.3,0.385345264049463,0.341184178776642,0.593265708810799,4.68633096108752
2.30009920634921,0.385313419600342,0.341201924401196,0.592981959812044,4.68660662884873
2.30019841269841,0.385281571495105,0.34121965010329,0.592698346607486,4.68688225146067
2.30029761904762,0.385249719740146,0.341237355891844,0.592414869133471,4.68715782893655
2.30039682539683,0.38521786434187,0.341255041775767,0.592131527326365,4.68743336128959
2.30049603174603,0.385186005306695,0.341272707763962,0.591848321122563,4.68770884853299
2.30059523809524,0.385154142641054,0.341290353865319,0.591565250458479,4.68798429067993
2.30069444444444,0.385122276351391,0.341307980088722,0.591282315270548,4.68825968774362
2.30079365079365,0.385090406444161,0.341325586443044,0.590999515495231,4.6885350397372
2.30089285714286,0.385058532925835,0.341343172937149,0.590716851069008,4.68881034667385
2.30099206349206,0.385026655802895,0.341360739579892,0.590434321928385,4.68908560856672
2.30109126984127,0.384994775081836,0.34137828638012,0.590151928009888,4.68936082542894
2.30119047619048,0.384962890769165,0.341395813346667,0.589869669250067,4.68963599727365
2.30128968253968,0.384931002871403,0.341413320488363,0.589587545585495,4.68991112411396
2.30138888888889,0.384899111395083,0.341430807814024,0.589305556952766,4.69018620596299
2.3014880952381,0.38486721634675,0.34144827533246,0.589023703288498,4.69046124283383
2.3015873015873,0.384835317732963,0.34146572305247,0.588741984529328,4.69073623473956
2.30168650793651,0.384803415560293,0.341483150982845,0.588460400611922,4.69101118169328
2.30178571428571,0.384771509835324,0.341500559132365,0.588178951472964,4.69128608370804
2.30188492063492,0.384739600564653,0.341517947509803,0.58789763704916,4.69156094079691
2.30198412698413,0.384707687754889,0.34153531612392,0.587616457277242,4.69183575297293
2.30208333333333,0.384675771412653,0.341552664983472,0.587335412093962,4.69211052024913
2.30218253968254,0.384643851544581,0.341569994097201,0.587054501436096,4.69238524263854
2.30228174603175,0.384611928157321,0.341587303473843,0.58677372524044,4.69265992015418
2.30238095238095,0.384580001257531,0.341604593122123,0.586493083443815,4.69293455280905
2.30248015873016,0.384548070851885,0.341621863050759,0.586212575983066,4.69320914061616
2.30257936507937,0.38451613694707,0.341639113268456,0.585932202795057,4.69348368358847
2.30267857142857,0.384484199549781,0.341656343783914,0.585651963816675,4.69375818173897
2.30277777777778,0.384452258666732,0.34167355460582,0.585371858984833,4.69403263508062
2.30287698412698,0.384420314304646,0.341690745742855,0.585091888236463,4.69430704362638
2.30297619047619,0.384388366470258,0.341707917203689,0.584812051508521,4.69458140738918
2.3030753968254,0.384356415170318,0.341725068996983,0.584532348737984,4.69485572638196
2.3031746031746,0.384324460411589,0.341742201131389,0.584252779861856,4.69513000061764
2.30327380952381,0.384292502200843,0.341759313615549,0.583973344817159,4.69540423010914
2.30337301587302,0.38426054054487,0.341776406458097,0.583694043540937,4.69567841486935
2.30347222222222,0.384228575450468,0.341793479667656,0.583414875970262,4.69595255491116
2.30357142857143,0.38419660692445,0.341810533252843,0.583135842042224,4.69622665024747
2.30367063492063,0.384164634973642,0.341827567222262,0.582856941693937,4.69650070089113
2.30376984126984,0.384132659604882,0.34184458158451,0.582578174862537,4.69677470685501
2.30386904761905,0.38410068082502,0.341861576348175,0.582299541485182,4.69704866815195
2.30396825396825,0.38406869864092,0.341878551521833,0.582021041499055,4.6973225847948
2.30406746031746,0.384036713059459,0.341895507114055,0.58174267484136,4.69759645679639
2.30416666666667,0.384004724087525,0.341912443133399,0.581464441449322,4.69787028416953
2.30426587301587,0.383972731732019,0.341929359588416,0.581186341260193,4.69814406692703
2.30436507936508,0.383940735999857,0.341946256487647,0.580908374211243,4.6984178050817
2.30446428571429,0.383908736897965,0.341963133839624,0.580630540239766,4.6986914986463
2.30456349206349,0.383876734433282,0.341979991652869,0.580352839283079,4.69896514763364
2.3046626984127,0.383844728612763,0.341996829935895,0.580075271278523,4.69923875205646
2.3047619047619,0.383812719443371,0.342013648697207,0.579797836163459,4.69951231192754
2.30486111111111,0.383780706932084,0.3420304479453,0.579520533875271,4.6997858272596
2.30496031746032,0.383748691085894,0.342047227688659,0.579243364351368,4.7000592980654
2.30505952380952,0.383716671911803,0.342063987935762,0.578966327529179,4.70033272435764
2.30515873015873,0.383684649416827,0.342080728695073,0.578689423346155,4.70060610614906
2.30525793650794,0.383652623607996,0.342097449975053,0.578412651739772,4.70087944345235
2.30535714285714,0.38362059449235,0.34211415178415,0.578136012647527,4.70115273628021
2.30545634920635,0.383588562076945,0.342130834130803,0.577859506006942,4.70142598464532
2.30555555555556,0.383556526368846,0.342147497023442,0.577583131755557,4.70169918856035
2.30565476190476,0.383524487375133,0.342164140470489,0.577306889830938,4.70197234803797
2.30575396825397,0.383492445102898,0.342180764480355,0.577030780170673,4.70224546309083
2.30585317460317,0.383460399559248,0.342197369061442,0.576754802712373,4.70251853373157
2.30595238095238,0.383428350751298,0.342213954222145,0.57647895739367,4.70279155997283
2.30605158730159,0.38339629868618,0.342230519970848,0.576203244152219,4.70306454182722
2.30615079365079,0.383364243371037,0.342247066315924,0.5759276629257,4.70333747930735
2.30625,0.383332184813025,0.34226359326574,0.575652213651811,4.70361037242584
2.30634920634921,0.383300123019311,0.342280100828652,0.575376896268276,4.70388322119526
2.30644841269841,0.383268057997078,0.342296589013008,0.575101710712843,4.7041560256282
2.30654761904762,0.38323598975352,0.342313057827145,0.574826656923278,4.70442878573723
2.30664682539683,0.383203918295843,0.342329507279392,0.574551734837372,4.7047015015349
2.30674603174603,0.383171843631266,0.342345937378068,0.574276944392938,4.70497417303377
2.30684523809524,0.383139765767021,0.342362348131484,0.574002285527813,4.70524680024637
2.30694444444444,0.383107684710355,0.342378739547941,0.573727758179856,4.70551938318524
2.30704365079365,0.383075600468522,0.34239511163573,0.573453362286948,4.70579192186288
2.30714285714286,0.383043513048795,0.342411464403135,0.57317909778699,4.70606441629181
2.30724206349206,0.383011422458457,0.342427797858427,0.572904964617912,4.70633686648452
2.30734126984127,0.382979328704801,0.342444112009872,0.572630962717662,4.70660927245351
2.30744047619048,0.382947231795138,0.342460406865725,0.57235709202421,4.70688163421124
2.30753968253968,0.382915131736788,0.34247668243423,0.57208335247555,4.70715395177018
2.30763888888889,0.382883028537085,0.342492938723624,0.5718097440097,4.7074262251428
2.3077380952381,0.382850922203376,0.342509175742135,0.571536266564699,4.70769845434152
2.3078373015873,0.382818812743018,0.34252539349798,0.571262920078607,4.7079706393788
2.30793650793651,0.382786700163386,0.342541591999368,0.57098970448951,4.70824278026704
2.30803571428571,0.382754584471863,0.342557771254499,0.570716619735514,4.70851487701867
2.30813492063492,0.382722465675846,0.342573931271562,0.570443665754749,4.7087869296461
2.30823412698413,0.382690343782745,0.342590072058739,0.570170842485366,4.7090589381617
2.30833333333333,0.382658218799984,0.342606193624201,0.56989814986554,4.70933090257787
2.30843253968254,0.382626090734998,0.342622295976111,0.569625587833469,4.70960282290698
2.30853174603175,0.382593959595234,0.342638379122622,0.569353156327371,4.7098746991614
2.30863095238095,0.382561825388154,0.342654443071879,0.569080855285489,4.71014653135346
2.30873015873016,0.382529688121232,0.342670487832015,0.568808684646089,4.71041831949552
2.30882936507937,0.382497547801953,0.342686513411157,0.568536644347457,4.7106900635999
2.30892857142857,0.382465404437817,0.342702519817421,0.568264734327903,4.71096176367893
2.30902777777778,0.382433258036335,0.342718507058914,0.567992954525759,4.71123341974492
2.30912698412698,0.382401108605032,0.342734475143734,0.567721304879381,4.71150503181016
2.30922619047619,0.382368956151445,0.34275042407997,0.567449785327148,4.71177659988694
2.3093253968254,0.382336800683124,0.342766353875701,0.567178395807457,4.71204812398756
2.3094246031746,0.382304642207632,0.342782264538997,0.566907136258733,4.71231960412426
2.30952380952381,0.382272480732542,0.342798156077919,0.566636006619421,4.71259104030932
2.30962301587302,0.382240316265445,0.342814028500519,0.56636500682799,4.71286243255497
2.30972222222222,0.38220814881394,0.342829881814839,0.566094136822928,4.71313378087347
2.30982142857143,0.382175978385641,0.342845716028913,0.565823396542749,4.71340508527703
2.30992063492063,0.382143804988173,0.342861531150765,0.56555278592599,4.71367634577787
2.31001984126984,0.382111628629176,0.342877327188409,0.565282304911208,4.7139475623882
2.31011904761905,0.382079449316302,0.342893104149851,0.565011953436983,4.71421873512021
2.31021825396825,0.382047267057214,0.342908862043088,0.56474173144192,4.7144898639861
2.31031746031746,0.382015081859589,0.342924600876105,0.564471638864645,4.71476094899803
2.31041666666667,0.381982893731117,0.342940320656883,0.564201675643805,4.71503199016817
2.31051587301587,0.381950702679501,0.342956021393388,0.563931841718071,4.71530298750867
2.31061507936508,0.381918508712455,0.34297170309358,0.563662137026138,4.71557394103169
2.31071428571429,0.381886311837708,0.34298736576541,0.563392561506722,4.71584485074935
2.31081349206349,0.381854112062999,0.343003009416818,0.56312311509856,4.71611571667378
2.3109126984127,0.381821909396082,0.343018634055736,0.562853797740416,4.71638653881709
2.3110119047619,0.381789703844724,0.343034239690087,0.562584609371073,4.71665731719138
2.31111111111111,0.381757495416702,0.343049826327784,0.562315549929336,4.71692805180875
2.31121031746032,0.381725284119808,0.34306539397673,0.562046619354035,4.71719874268127
2.31130952380952,0.381693069961846,0.343080942644821,0.561777817584021,4.71746938982103
2.31140873015873,0.381660852950632,0.343096472339942,0.56150914455817,4.71773999324008
2.31150793650794,0.381628633093997,0.343111983069969,0.561240600215377,4.71801055295047
2.31160714285714,0.381596410399782,0.34312747484277,0.560972184494561,4.71828106896424
2.31170634920635,0.381564184875843,0.343142947666202,0.560703897334665,4.71855154129342
2.31180555555556,0.381531956530047,0.343158401548114,0.560435738674654,4.71882196995004
2.31190476190476,0.381499725370274,0.343173836496345,0.560167708453514,4.7190923549461
2.31200396825397,0.381467491404417,0.343189252518726,0.559899806610254,4.7193626962936
2.31210317460317,0.381435254640382,0.343204649623076,0.559632033083907,4.71963299400453
2.31220238095238,0.381403015086087,0.343220027817209,0.559364387813528,4.71990324809087
2.31230158730159,0.381370772749464,0.343235387108926,0.559096870738192,4.72017345856458
2.31240079365079,0.381338527638457,0.34325072750602,0.558829481797003,4.72044362543763
2.3125,0.381306279761022,0.343266049016276,0.55856222092908,4.72071374872196
2.31259920634921,0.381274029125128,0.343281351647469,0.55829508807357,4.72098382842951
2.31269841269841,0.381241775738757,0.343296635407363,0.558028083169639,4.72125386457221
2.31279761904762,0.381209519609904,0.343311900303715,0.557761206156477,4.72152385716196
2.31289682539683,0.381177260746577,0.343327146344272,0.557494456973299,4.72179380621068
2.31299603174603,0.381144999156796,0.343342373536772,0.557227835559338,4.72206371173026
2.31309523809524,0.381112734848592,0.343357581888943,0.556961341853852,4.72233357373259
2.31319444444444,0.381080467830013,0.343372771408506,0.556694975796123,4.72260339222955
2.31329365079365,0.381048198109116,0.343387942103169,0.556428737325453,4.72287316723298
2.31339285714286,0.381015925693973,0.343403093980634,0.556162626381167,4.72314289875476
2.31349206349206,0.380983650592666,0.343418227048592,0.555896642902613,4.72341258680672
2.31359126984127,0.380951372813292,0.343433341314726,0.555630786829163,4.72368223140069
2.31369047619048,0.380919092363961,0.343448436786709,0.555365058100209,4.72395183254851
2.31378968253968,0.380886809252794,0.343463513472206,0.555099456655167,4.72422139026197
2.31388888888889,0.380854523487926,0.343478571378869,0.554833982433477,4.72449090455289
2.3139880952381,0.380822235077503,0.343493610514346,0.554568635374598,4.72476037543306
2.3140873015873,0.380789944029687,0.343508630886272,0.554303415418014,4.72502980291425
2.31418650793651,0.380757650352649,0.343523632502275,0.554038322503232,4.72529918700824
2.31428571428571,0.380725354054574,0.343538615369972,0.553773356569779,4.72556852772679
2.31438492063492,0.380693055143662,0.343553579496971,0.553508517557208,4.72583782508164
2.31448412698413,0.380660753628123,0.343568524890873,0.553243805405091,4.72610707908454
2.31458333333333,0.380628449516179,0.343583451559266,0.552979220053025,4.72637628974722
2.31468253968254,0.380596142816068,0.343598359509733,0.552714761440631,4.7266454570814
2.31478174603175,0.380563833536039,0.343613248749844,0.552450429507548,4.72691458109878
2.31488095238095,0.380531521684352,0.343628119287162,0.55218622419344,4.72718366181106
2.31498015873016,0.380499207269283,0.34364297112924,0.551922145437995,4.72745269922994
2.31507936507937,0.380466890299118,0.343657804283622,0.551658193180921,4.72772169336708
2.31517857142857,0.380434570782157,0.343672618757843,0.551394367361952,4.72799064423416
2.31527777777778,0.380402248726713,0.343687414559428,0.551130667920839,4.72825955184284
2.31537698412698,0.38036992414111,0.343702191695893,0.550867094797362,4.72852841620475
2.31547619047619,0.380337597033687,0.343716950174746,0.550603647931319,4.72879723733153
2.3155753968254,0.380305267412794,0.343731690003484,0.550340327262532,4.72906601523482
2.3156746031746,0.380272935286795,0.343746411189595,0.550077132730846,4.72933474992622
2.31577380952381,0.380240600664065,0.343761113740559,0.549814064276127,4.72960344141735
2.31587301587302,0.380208263552993,0.343775797663846,0.549551121838266,4.72987208971979
2.31597222222222,0.380175923961981,0.343790462966917,0.549288305357176,4.73014069484513
2.31607142857143,0.380143581899442,0.343805109657224,0.54902561477279,4.73040925680495
2.31617063492063,0.380111237373805,0.343819737742208,0.548763050025067,4.7306777756108
2.31626984126984,0.380078890393507,0.343834347229303,0.548500611053987,4.73094625127424
2.31636904761905,0.380046540967002,0.343848938125932,0.548238297799552,4.73121468380682
2.31646825396825,0.380014189102755,0.343863510439511,0.547976110201786,4.73148307322006
2.31656746031746,0.379981834809242,0.343878064177445,0.547714048200739,4.73175141952548
2.31666666666667,0.379949478094955,0.34389259934713,0.547452111736481,4.73201972273461
2.31676587301587,0.379917118968397,0.343907115955952,0.547190300749102,4.73228798285894
2.31686507936508,0.379884757438084,0.343921614011291,0.546928615178721,4.73255619990995
2.31696428571429,0.379852393512543,0.343936093520513,0.546667054965475,4.73282437389914
2.31706349206349,0.379820027200317,0.343950554490979,0.546405620049524,4.73309250483797
2.3171626984127,0.379787658509959,0.343964996930039,0.546144310371052,4.7333605927379
2.3172619047619,0.379755287450035,0.343979420845032,0.545883125870262,4.73362863761039
2.31736111111111,0.379722914029126,0.343993826243292,0.545622066487386,4.73389663946686
2.31746031746032,0.379690538255824,0.344008213132139,0.545361132162673,4.73416459831875
2.31755952380952,0.379658160138732,0.344022581518888,0.545100322836396,4.73443251417747
2.31765873015873,0.379625779686469,0.344036931410842,0.544839638448852,4.73470038705444
2.31775793650794,0.379593396907666,0.344051262815296,0.544579078940359,4.73496821696106
2.31785714285714,0.379561011810963,0.344065575739535,0.544318644251259,4.7352360039087
2.31795634920635,0.379528624405019,0.344079870190835,0.544058334321914,4.73550374790874
2.31805555555556,0.3794962346985,0.344094146176463,0.543798149092712,4.73577144897256
2.31815476190476,0.379463842700088,0.344108403703677,0.543538088504061,4.73603910711151
2.31825396825397,0.379431448418476,0.344122642779726,0.543278152496392,4.73630672233693
2.31835317460317,0.379399051862371,0.344136863411848,0.54301834101016,4.73657429466016
2.31845238095238,0.379366653040493,0.344151065607274,0.542758653985841,4.73684182409252
2.31855158730159,0.379334251961573,0.344165249373224,0.542499091363935,4.73710931064533
2.31865079365079,0.379301848634356,0.34417941471691,0.542239653084962,4.73737675432989
2.31875,0.379269443067599,0.344193561645534,0.541980339089466,4.73764415515751
2.31884920634921,0.379237035270072,0.34420769016629,0.541721149318017,4.73791151313944
2.31894841269841,0.379204625250558,0.344221800286361,0.541462083711201,4.73817882828699
2.31904761904762,0.379172213017851,0.344235892012921,0.541203142209631,4.73844610061139
2.31914682539683,0.379139798580762,0.344249965353137,0.540944324753942,4.73871333012392
2.31924603174603,0.37910738194811,0.344264020314164,0.540685631284792,4.7389805168358
2.31934523809524,0.379074963128729,0.344278056903148,0.540427061742858,4.73924766075827
2.31944444444444,0.379042542131464,0.344292075127229,0.540168616068844,4.73951476190256
2.31954365079365,0.379010118965176,0.344306074993534,0.539910294203475,4.73978182027987
2.31964285714286,0.378977693638736,0.344320056509183,0.539652096087498,4.7400488359014
2.31974206349206,0.378945266161029,0.344334019681285,0.539394021661682,4.74031580877835
2.31984126984127,0.37891283654095,0.344347964516941,0.539136070866821,4.74058273892189
2.31994047619048,0.378880404787411,0.344361891023242,0.53887824364373,4.74084962634319
2.32003968253968,0.378847970909334,0.344375799207272,0.538620539933246,4.74111647105341
2.32013888888889,0.378815534915654,0.344389689076103,0.538362959676228,4.7413832730637
2.3202380952381,0.378783096815319,0.344403560636798,0.538105502813561,4.7416500323852
2.3203373015873,0.378750656617289,0.344417413896413,0.537848169286149,4.74191674902904
2.32043650793651,0.378718214330539,0.344431248861993,0.537590959034921,4.74218342300633
2.32053571428571,0.378685769964054,0.344445065540573,0.537333872000825,4.74245005432818
2.32063492063492,0.378653323526833,0.344458863939181,0.537076908124837,4.74271664300568
2.32073412698413,0.378620875027888,0.344472644064835,0.536820067347952,4.74298318904993
2.32083333333333,0.378588424476242,0.344486405924542,0.536563349611188,4.743249692472
2.32093253968254,0.378555971880933,0.344500149525302,0.536306754855584,4.74351615328295
2.32103174603175,0.37852351725101,0.344513874874105,0.536050283022205,4.74378257149384
2.32113095238095,0.378491060595537,0.344527581977932,0.535793934052137,4.74404894711572
2.32123015873016,0.378458601923586,0.344541270843754,0.535537707886488,4.74431528015962
2.32132936507937,0.378426141244248,0.344554941478533,0.535281604466389,4.74458157063656
2.32142857142857,0.378393678566622,0.344568593889222,0.535025623732994,4.74484781855755
2.32152777777778,0.37836121389982,0.344582228082766,0.534769765627479,4.74511402393361
2.32162698412698,0.378328747252971,0.344595844066098,0.534514030091043,4.74538018677572
2.32172619047619,0.37829627863521,0.344609441846144,0.534258417064906,4.74564630709486
2.3218253968254,0.378263808055691,0.344623021429821,0.534002926490314,4.74591238490202
2.3219246031746,0.378231335523578,0.344636582824034,0.533747558308531,4.74617842020814
2.32202380952381,0.378198861048046,0.344650126035682,0.533492312460848,4.74644441302418
2.32212301587302,0.378166384638285,0.344663651071653,0.533237188888576,4.74671036336109
2.32222222222222,0.378133906303498,0.344677157938826,0.532982187533049,4.74697627122979
2.32232142857143,0.3781014260529,0.344690646644071,0.532727308335624,4.7472421366412
2.32242063492063,0.378068943895717,0.344704117194248,0.532472551237679,4.74750795960624
2.32251984126984,0.378036459841191,0.34471756959621,0.532217916180618,4.7477737401358
2.32261904761905,0.378003973898574,0.344731003856798,0.531963403105864,4.74803947824077
2.32271825396825,0.377971486077133,0.344744419982846,0.531709011954863,4.74830517393203
2.32281746031746,0.377938996386144,0.344757817981177,0.531454742669088,4.74857082722046
2.32291666666667,0.377906504834901,0.344771197858605,0.531200595190028,4.74883643811689
2.32301587301587,0.377874011432706,0.344784559621936,0.530946569459199,4.7491020066322
2.32311507936508,0.377841516188876,0.344797903277967,0.530692665418138,4.74936753277721
2.32321428571429,0.377809019112741,0.344811228833483,0.530438883008404,4.74963301656275
2.32331349206349,0.377776520213641,0.344824536295262,0.530185222171581,4.74989845799963
2.3234126984127,0.377744019500933,0.344837825670073,0.529931682849274,4.75016385709867
2.3235119047619,0.377711516983983,0.344851096964676,0.529678264983108,4.75042921387065
2.32361111111111,0.377679012672172,0.344864350185819,0.529424968514736,4.75069452832637
2.32371031746032,0.377646506574892,0.344877585340243,0.52917179338583,4.7509598004766
2.32380952380952,0.377613998701549,0.34489080243468,0.528918739538084,4.7512250303321
2.32390873015873,0.377581489061561,0.344904001475853,0.528665806913216,4.75149021790363
2.32400793650794,0.37754897766436,0.344917182470473,0.528412995452968,4.75175536320194
2.32410714285714,0.377516464519388,0.344930345425245,0.528160305099103,4.75202046623775
2.32420634920635,0.377483949636102,0.344943490346864,0.527907735793403,4.75228552702178
2.32430555555556,0.377451433023971,0.344956617242014,0.527655287477681,4.75255054556476
2.32440476190476,0.377418914692478,0.344969726117371,0.527402960093764,4.75281552187739
2.32450396825397,0.377386394651116,0.344982816979603,0.527150753583507,4.75308045597035
2.32460317460317,0.377353872909392,0.344995889835367,0.526898667888785,4.75334534785433
2.32470238095238,0.377321349476828,0.345008944691311,0.526646702951496,4.75361019754
2.32480158730159,0.377288824362954,0.345021981554074,0.526394858713563,4.75387500503802
2.32490079365079,0.377256297577318,0.345035000430287,0.526143135116927,4.75413977035904
2.325,0.377223769129476,0.34504800132657,0.525891532103556,4.75440449351371
2.32509920634921,0.377191239028999,0.345060984249533,0.525640049615437,4.75466917451264
2.32519841269841,0.377158707285472,0.34507394920578,0.525388687594583,4.75493381336647
2.32529761904762,0.37712617390849,0.345086896201904,0.525137445983026,4.7551984100858
2.32539682539683,0.377093638907661,0.345099825244488,0.524886324722823,4.75546296468123
2.32549603174603,0.377061102292608,0.345112736340106,0.524635323756054,4.75572747716334
2.32559523809524,0.377028564072966,0.345125629495324,0.52438444302482,4.75599194754272
2.32569444444444,0.37699602425838,0.345138504716697,0.524133682471243,4.75625637582994
2.32579365079365,0.376963482858511,0.345151362010774,0.523883042037472,4.75652076203554
2.32589285714286,0.376930939883031,0.34516420138409,0.523632521665676,4.75678510617008
2.32599206349206,0.376898395341626,0.345177022843175,0.523382121298046,4.7570494082441
2.32609126984127,0.376865849243993,0.345189826394547,0.523131840876797,4.75731366826812
2.32619047619048,0.376833301599842,0.345202612044716,0.522881680344164,4.75757788625265
2.32628968253968,0.376800752418898,0.345215379800183,0.522631639642409,4.75784206220821
2.32638888888889,0.376768201710895,0.34522812966744,0.522381718713813,4.75810619614528
2.3264880952381,0.376735649485584,0.345240861652968,0.522131917500679,4.75837028807435
2.3265873015873,0.376703095752724,0.345253575763241,0.521882235945338,4.7586343380059
2.32668650793651,0.376670540522091,0.345266272004721,0.521632673990136,4.75889834595039
2.32678571428571,0.376637983803471,0.345278950383864,0.521383231577448,4.75916231191828
2.32688492063492,0.376605425606664,0.345291610907114,0.521133908649666,4.75942623592
2.32698412698413,0.376572865941482,0.345304253580909,0.52088470514921,4.75969011796598
2.32708333333333,0.37654030481775,0.345316878411673,0.52063562101852,4.75995395806666
2.32718253968254,0.376507742245305,0.345329485405826,0.520386656200057,4.76021775623245
2.32728174603175,0.376475178233999,0.345342074569774,0.520137810636307,4.76048151247374
2.32738095238095,0.376442612793693,0.345354645909918,0.519889084269777,4.76074522680092
2.32748015873016,0.376410045934265,0.345367199432647,0.519640477042999,4.76100889922439
2.32757936507937,0.376377477665602,0.345379735144342,0.519391988898524,4.7612725297545
2.32767857142857,0.376344907997605,0.345392253051373,0.519143619778928,4.76153611840162
2.32777777777778,0.376312336940189,0.345404753160104,0.51889536962681,4.7617996651761
2.32787698412698,0.376279764503281,0.345417235476886,0.51864723838479,4.76206317008828
2.32797619047619,0.376247190696819,0.345429700008064,0.518399225995509,4.76232663314848
2.3280753968254,0.376214615530756,0.345442146759973,0.518151332401636,4.76259005436703
2.3281746031746,0.376182039015056,0.345454575738936,0.517903557545858,4.76285343375424
2.32827380952381,0.376149461159697,0.34546698695127,0.517655901370886,4.7631167713204
2.32837301587302,0.37611688197467,0.345479380403283,0.517408363819452,4.76338006707579
2.32847222222222,0.376084301469976,0.345491756101271,0.517160944834314,4.76364332103071
2.32857142857143,0.376051719655632,0.345504114051522,0.516913644358249,4.76390653319541
2.32867063492063,0.376019136541667,0.345516454260316,0.516666462334059,4.76416970358015
2.32876984126984,0.37598655213812,0.345528776733923,0.516419398704568,4.76443283219517
2.32886904761905,0.375953966455046,0.345541081478602,0.516172453412622,4.76469591905072
2.32896825396825,0.375921379502512,0.345553368500606,0.515925626401089,4.76495896415701
2.32906746031746,0.375888791290596,0.345565637806176,0.515678917612861,4.76522196752427
2.32916666666667,0.37585620182939,0.345577889401546,0.515432326990851,4.7654849291627
2.32926587301587,0.375823611128999,0.345590123292938,0.515185854477997,4.76574784908248
2.32936507936508,0.375791019199541,0.345602339486568,0.514939500017258,4.76601072729382
2.32946428571429,0.375758426051145,0.34561453798864,0.514693263551614,4.76627356380687
2.32956349206349,0.375725831693954,0.34562671880535,0.514447145024072,4.7665363586318
2.3296626984127,0.375693236138123,0.345638881942885,0.514201144377657,4.76679911177877
2.3297619047619,0.375660639393821,0.345651027407423,0.513955261555418,4.76706182325791
2.32986111111111,0.375628041471228,0.345663155205132,0.513709496500427,4.76732449307937
2.32996031746032,0.375595442380538,0.34567526534217,0.51346384915578,4.76758712125326
2.33005952380952,0.375562842131958,0.345687357824688,0.513218319464593,4.76784970778968
2.33015873015873,0.375530240735705,0.345699432658825,0.512972907370005,4.76811225269875
2.33025793650794,0.375497638202013,0.345711489850714,0.51272761281518,4.76837475599056
2.33035714285714,0.375465034541125,0.345723529406477,0.512482435743302,4.76863721767518
2.33045634920635,0.375432429763299,0.345735551332225,0.512237376097578,4.76889963776268
2.33055555555556,0.375399823878803,0.345747555634064,0.511992433821238,4.76916201626312
2.33065476190476,0.375367216897922,0.345759542318086,0.511747608857533,4.76942435318656
2.33075396825397,0.37533460883095,0.345771511390378,0.511502901149741,4.76968664854303
2.33085317460317,0.375301999688194,0.345783462857015,0.511258310641159,4.76994890234256
2.33095238095238,0.375269389479977,0.345795396724064,0.511013837275105,4.77021111459516
2.33105158730159,0.37523677821663,0.345807312997582,0.510769480994923,4.77047328531085
2.33115079365079,0.375204165908501,0.345819211683617,0.51052524174398,4.77073541449962
2.33125,0.375171552565947,0.345831092788209,0.510281119465662,4.77099750217146
2.33134920634921,0.375138938199341,0.345842956317388,0.510037114103379,4.77125954833634
2.33144841269841,0.375106322819067,0.345854802277172,0.509793225600566,4.77152155300424
2.33154761904762,0.375073706435521,0.345866630673575,0.509549453900677,4.7717835161851
2.33164682539683,0.375041089059114,0.345878441512598,0.509305798947191,4.77204543788887
2.33174603174603,0.375008470700267,0.345890234800233,0.509062260683608,4.77230731812549
2.33184523809524,0.374975851369416,0.345902010542465,0.508818839053452,4.77256915690489
2.33194444444444,0.374943231077008,0.345913768745268,0.508575534000269,4.77283095423696
2.33204365079365,0.374910609833504,0.345925509414606,0.508332345467628,4.77309271013163
2.33214285714286,0.374877987649377,0.345937232556436,0.508089273399117,4.77335442459878
2.33224206349206,0.374845364535113,0.345948938176704,0.507846317738353,4.7736160976483
2.33234126984127,0.374812740501211,0.345960626281348,0.507603478428972,4.77387772929005
2.33244047619048,0.374780115558181,0.345972296876296,0.507360755414629,4.77413931953391
2.33253968253968,0.374747489716549,0.345983949967466,0.50711814863901,4.77440086838972
2.33263888888889,0.37471486298685,0.34599558556077,0.506875658045816,4.77466237586732
2.3327380952381,0.374682235379635,0.346007203662106,0.506633283578775,4.77492384197655
2.3328373015873,0.374649606905464,0.346018804277366,0.506391025181634,4.77518526672723
2.33293650793651,0.374616977574914,0.346030387412433,0.506148882798167,4.77544665012916
2.33303571428571,0.374584347398571,0.346041953073178,0.505906856372166,4.77570799219215
2.33313492063492,0.374551716387036,0.346053501265467,0.505664945847449,4.77596929292599
2.33323412698413,0.374519084550923,0.346065031995152,0.505423151167855,4.77623055234045
2.33333333333333,0.374486451900856,0.346076545268079,0.505181472277246,4.77649177044531
2.33343253968254,0.374453818447474,0.346088041090083,0.504939909119506,4.77675294725032
2.33353174603175,0.374421184201429,0.346099519466993,0.504698461638543,4.77701408276524
2.33363095238095,0.374388549173384,0.346110980404624,0.504457129778284,4.7772751769998
2.33373015873016,0.374355913374015,0.346122423908785,0.504215913482684,4.77753622996372
2.33382936507937,0.374323276814012,0.346133849985274,0.503974812695717,4.77779724166673
2.33392857142857,0.374290639504077,0.346145258639883,0.503733827361378,4.77805821211853
2.33402777777778,0.374258001454925,0.34615664987839,0.50349295742369,4.77831914132881
2.33412698412698,0.374225362677283,0.346168023706567,0.503252202826694,4.77858002930727
2.33422619047619,0.374192723181891,0.346179380130177,0.503011563514455,4.77884087606358
2.3343253968254,0.374160082979501,0.346190719154972,0.50277103943106,4.77910168160741
2.3344246031746,0.37412744208088,0.346202040786695,0.50253063052062,4.7793624459484
2.33452380952381,0.374094800496806,0.34621334503108,0.502290336727267,4.77962316909621
2.33462301587302,0.374062158238069,0.346224631893854,0.502050157995156,4.77988385106047
2.33472222222222,0.374029515315473,0.346235901380731,0.501810094268466,4.7801444918508
2.33482142857143,0.373996871739835,0.346247153497418,0.501570145491397,4.78040509147681
2.33492063492063,0.373964227521984,0.346258388249613,0.501330311608172,4.78066564994811
2.33501984126984,0.373931582672761,0.346269605643003,0.501090592563035,4.78092616727429
2.33511904761905,0.373898937203021,0.346280805683268,0.500850988300256,4.78118664346494
2.33521825396825,0.373866291123631,0.346291988376077,0.500611498764125,4.78144707852962
2.33531746031746,0.373833644445472,0.346303153727091,0.500372123898955,4.7817074724779
2.33541666666667,0.373800997179434,0.34631430174196,0.500132863649081,4.78196782531933
2.33551587301587,0.373768349336425,0.346325432426328,0.499893717958863,4.78222813706344
2.33561507936508,0.373735700927362,0.346336545785825,0.499654686772681,4.78248840771977
2.33571428571429,0.373703051963176,0.346347641826077,0.499415770034939,4.78274863729784
2.33581349206349,0.37367040245481,0.346358720552697,0.499176967690062,4.78300882580717
2.3359126984127,0.37363775241322,0.34636978197129,0.498938279682501,4.78326897325724
2.3360119047619,0.373605101849376,0.346380826087452,0.498699705956724,4.78352907965754
2.33611111111111,0.373572450774258,0.34639185290677,0.498461246457227,4.78378914501756
2.33621031746032,0.373539799198862,0.34640286243482,0.498222901128525,4.78404916934677
2.33630952380952,0.373507147134194,0.346413854677172,0.497984669915159,4.78430915265461
2.33640873015873,0.373474494591274,0.346424829639383,0.497746552761688,4.78456909495055
2.33650793650794,0.373441841581135,0.346435787327004,0.497508549612698,4.78482899624401
2.33660714285714,0.373409188114821,0.346446727745575,0.497270660412794,4.78508885654442
2.33670634920635,0.37337653420339,0.346457650900627,0.497032885106606,4.78534867586121
2.33680555555556,0.373343879857913,0.346468556797682,0.496795223638786,4.78560845420376
2.33690476190476,0.373311225089474,0.346479445442253,0.496557675954007,4.78586819158149
2.33700396825397,0.373278569909168,0.346490316839843,0.496320241996968,4.78612788800378
2.33710317460317,0.373245914328103,0.346501170995946,0.496082921712387,4.78638754347999
2.33720238095238,0.373213258357402,0.346512007916047,0.495845715045006,4.7866471580195
2.33730158730159,0.373180602008199,0.346522827605623,0.495608621939589,4.78690673163166
2.33740079365079,0.373147945291639,0.346533630070139,0.495371642340926,4.78716626432581
2.3375,0.373115288218884,0.346544415315053,0.495134776193824,4.78742575611128
2.33759920634921,0.373082630801104,0.346555183345813,0.494898023443116,4.78768520699741
2.33769841269841,0.373049973049486,0.346565934167859,0.494661384033657,4.78794461699349
2.33779761904762,0.373017314975226,0.346576667786618,0.494424857910325,4.78820398610885
2.33789682539683,0.372984656589535,0.346587384207512,0.49418844501802,4.78846331435275
2.33799603174603,0.372951997903636,0.346598083435953,0.493952145301663,4.78872260173449
2.33809523809524,0.372919338928765,0.346608765477341,0.4937159587062,4.78898184826335
2.33819444444444,0.372886679676171,0.34661943033707,0.493479885176599,4.78924105394857
2.33829365079365,0.372854020157114,0.346630078020522,0.49324392465785,4.7895002187994
2.33839285714286,0.372821360382869,0.346640708533073,0.493008077094966,4.7897593428251
2.33849206349206,0.372788700364722,0.346651321880087,0.492772342432983,4.79001842603489
2.33859126984127,0.372756040113973,0.34666191806692,0.492536720616958,4.79027746843798
2.33869047619048,0.372723379641933,0.346672497098918,0.492301211591973,4.79053647004359
2.33878968253968,0.372690718959928,0.346683058981419,0.492065815303128,4.79079543086092
2.33888888888889,0.372658058079294,0.346693603719751,0.491830531695552,4.79105435089915
2.3389880952381,0.372625397011383,0.346704131319232,0.491595360714392,4.79131323016746
2.3390873015873,0.372592735767556,0.346714641785172,0.491360302304819,4.79157206867502
2.33918650793651,0.37256007435919,0.346725135122872,0.491125356412026,4.79183086643099
2.33928571428571,0.372527412797673,0.346735611337622,0.49089052298123,4.79208962344451
2.33938492063492,0.372494751094406,0.346746070434705,0.490655801957668,4.79234833972471
2.33948412698413,0.372462089260803,0.346756512419392,0.490421193286602,4.79260701528073
2.33958333333333,0.372429427308289,0.346766937296949,0.490186696913315,4.79286565012168
2.33968253968254,0.372396765248305,0.346777345072627,0.489952312783115,4.79312424425667
2.33978174603175,0.372364103092302,0.346787735751673,0.489718040841329,4.79338279769478
2.33988095238095,0.372331440851745,0.346798109339323,0.489483881033308,4.79364131044511
2.33998015873016,0.372298778538111,0.346808465840802,0.489249833304428,4.79389978251672
2.34007936507937,0.372266116162889,0.346818805261329,0.489015897600085,4.79415821391869
2.34017857142857,0.372233453737584,0.34682912760611,0.488782073865697,4.79441660466007
2.34027777777778,0.372200791273709,0.346839432880345,0.488548362046705,4.79467495474989
2.34037698412698,0.372168128782794,0.346849721089224,0.488314762088576,4.79493326419719
2.34047619047619,0.372135466276379,0.346859992237926,0.488081273936795,4.79519153301099
2.3405753968254,0.372102803766017,0.346870246331623,0.48784789753687,4.79544976120031
2.3406746031746,0.372070141263276,0.346880483375476,0.487614632834336,4.79570794877414
2.34077380952381,0.372037478779733,0.346890703374639,0.487381479774746,4.79596609574148
2.34087301587302,0.372004816326981,0.346900906334255,0.487148438303677,4.79622420211131
2.34097222222222,0.371972153916624,0.346911092259457,0.486915508366729,4.79648226789259
2.34107142857143,0.371939491560279,0.34692126115537,0.486682689909522,4.7967402930943
2.34117063492063,0.371906829269576,0.346931413027111,0.486449982877704,4.79699827772537
2.34126984126984,0.371874167056157,0.346941547879786,0.486217387216942,4.79725622179474
2.34136904761905,0.371841504931678,0.346951665718492,0.485984902872923,4.79751412531135
2.34146825396825,0.371808842907806,0.346961766548317,0.485752529791363,4.79777198828412
2.34156746031746,0.371776180996223,0.34697185037434,0.485520267917995,4.79802981072194
2.34166666666667,0.371743519208621,0.34698191720163,0.485288117198577,4.79828759263373
2.34176587301587,0.371710857556706,0.346991967035247,0.485056077578888,4.79854533402836
2.34186507936508,0.371678196052199,0.347001999880243,0.484824149004733,4.79880303491471
2.34196428571429,0.371645534706829,0.34701201574166,0.484592331421937,4.79906069530166
2.34206349206349,0.371612873532341,0.34702201462453,0.484360624776346,4.79931831519805
2.3421626984127,0.371580212540492,0.347031996533876,0.484129029013832,4.79957589461273
2.3422619047619,0.371547551743052,0.347041961474712,0.483897544080288,4.79983343355454
2.34236111111111,0.371514891151803,0.347051909452044,0.48366616992163,4.8000909320323
2.34246031746032,0.371482230778541,0.347061840470867,0.483434906483795,4.80034839005483
2.34255952380952,0.371449570635071,0.347071754536167,0.483203753712743,4.80060580763093
2.34265873015873,0.371416910733216,0.347081651652922,0.48297271155446,4.8008631847694
2.34275793650794,0.371384251084809,0.3470915318261,0.482741779954949,4.80112052147902
2.34285714285714,0.371351591701695,0.347101395060659,0.482510958860241,4.80137781776855
2.34295634920635,0.371318932595733,0.347111241361549,0.482280248216385,4.80163507364678
2.34305555555556,0.371286273778794,0.347121070733711,0.482049647969456,4.80189228912244
2.34315476190476,0.371253615262762,0.347130883182074,0.48181915806555,4.80214946420428
2.34325396825397,0.371220957059534,0.347140678711561,0.481588778450784,4.80240659890103
2.34335317460317,0.37118829918102,0.347150457327085,0.481358509071301,4.80266369322141
2.34345238095238,0.371155641639141,0.347160219033548,0.481128349873265,4.80292074717414
2.34355158730159,0.371122984445833,0.347169963835846,0.48089830080286,4.80317776076791
2.34365079365079,0.371090327613042,0.347179691738862,0.480668361806299,4.80343473401142
2.34375,0.37105767115273,0.347189402747473,0.48043853282981,4.80369166691334
2.34384920634921,0.371025015076869,0.347199096866544,0.48020881381965,4.80394855948234
2.34394841269841,0.370992359397445,0.347208774100934,0.479979204722093,4.80420541172709
2.34404761904762,0.370959704126456,0.347218434455489,0.479749705483439,4.80446222365623
2.34414682539683,0.370927049275914,0.347228077935049,0.479520316050011,4.80471899527839
2.34424603174603,0.370894394857842,0.347237704544443,0.479291036368153,4.80497572660222
2.34434523809524,0.370861740884276,0.347247314288492,0.47906186638423,4.80523241763632
2.34444444444444,0.370829087367267,0.347256907172006,0.478832806044635,4.80548906838931
2.34454365079365,0.370796434318876,0.347266483199786,0.478603855295778,4.80574567886977
2.34464285714286,0.370763781751178,0.347276042376627,0.478375014084094,4.8060022490863
2.34474206349206,0.370731129676259,0.34728558470731,0.478146282356039,4.80625877904747
2.34484126984127,0.370698478106221,0.347295110196611,0.477917660058095,4.80651526876185
2.34494047619048,0.370665827053176,0.347304618849293,0.477689147136764,4.806771718238
2.34503968253968,0.370633176529249,0.347314110670113,0.477460743538569,4.80702812748445
2.34513888888889,0.370600526546579,0.347323585663817,0.47723244921006,4.80728449650974
2.3452380952381,0.370567877117316,0.347333043835141,0.477004264097806,4.8075408253224
2.3453373015873,0.370535228253625,0.347342485188814,0.4767761881484,4.80779711393095
2.34543650793651,0.370502579967681,0.347351909729555,0.476548221308456,4.80805336234388
2.34553571428571,0.370469932271674,0.347361317462073,0.476320363524612,4.80830957056968
2.34563492063492,0.370437285177805,0.347370708391069,0.47609261474353,4.80856573861685
2.34573412698413,0.370404638698289,0.347380082521232,0.475864974911892,4.80882186649385
2.34583333333333,0.370371992845353,0.347389439857245,0.475637443976403,4.80907795420914
2.34593253968254,0.370339347631238,0.347398780403781,0.475410021883792,4.80933400177118
2.34603174603175,0.370306703068194,0.347408104165502,0.475182708580809,4.80959000918841
2.34613095238095,0.370274059168489,0.347417411147063,0.474955504014227,4.80984597646926
2.34623015873016,0.3702414159444,0.347426701353108,0.474728408130842,4.81010190362215
2.34632936507937,0.370208773408217,0.347435974788274,0.474501420877474,4.81035779065548
2.34642857142857,0.370176131572245,0.347445231457186,0.474274542200961,4.81061363757767
2.34652777777778,0.370143490448798,0.347454471364462,0.474047772048168,4.81086944439709
2.34662698412698,0.370110850050207,0.347463694514709,0.473821110365981,4.81112521112214
2.34672619047619,0.370078210388813,0.347472900912527,0.473594557101309,4.81138093776116
2.3468253968254,0.37004557147697,0.347482090562503,0.473368112201083,4.81163662432254
2.3469246031746,0.370012933327044,0.34749126346922,0.473141775612256,4.8118922708146
2.34702380952381,0.369980295951417,0.347500419637247,0.472915547281804,4.8121478772457
2.34712301587302,0.369947659362479,0.347509559071147,0.472689427156728,4.81240344362415
2.34722222222222,0.369915023572637,0.347518681775471,0.472463415184048,4.81265896995828
2.34732142857143,0.369882388594308,0.347527787754763,0.472237511310807,4.81291445625639
2.34742063492063,0.369849754439923,0.347536877013558,0.472011715484074,4.81316990252677
2.34751984126984,0.369817121121925,0.34754594955638,0.471786027650937,4.81342530877772
2.34761904761905,0.369784488652769,0.347555005387743,0.471560447758508,4.81368067501751
2.34771825396825,0.369751857044926,0.347564044512156,0.47133497575392,4.81393600125439
2.34781746031746,0.369719226310875,0.347573066934115,0.471109611584332,4.81419128749664
2.34791666666667,0.369686596463111,0.347582072658107,0.470884355196922,4.81444653375248
2.34801587301587,0.369653967514141,0.347591061688612,0.470659206538891,4.81470174003017
2.34811507936508,0.369621339476485,0.347600034030098,0.470434165557467,4.81495690633791
2.34821428571429,0.369588712362674,0.347608989687026,0.470209232199894,4.81521203268392
2.34831349206349,0.369556086185254,0.347617928663847,0.469984406413443,4.8154671190764
2.3484126984127,0.369523460956782,0.347626850965003,0.469759688145406,4.81572216552355
2.3485119047619,0.369490836689829,0.347635756594925,0.469535077343098,4.81597717203356
2.34861111111111,0.369458213396978,0.347644645558038,0.469310573953856,4.81623213861458
2.34871031746032,0.369425591090824,0.347653517858754,0.469086177925041,4.81648706527478
2.34880952380952,0.369392969783976,0.34766237350148,0.468861889204034,4.81674195202232
2.34890873015873,0.369360349489055,0.34767121249061,0.468637707738242,4.81699679886533
2.34900793650794,0.369327730218695,0.347680034830531,0.468413633475092,4.81725160581194
2.34910714285714,0.369295111985543,0.347688840525619,0.468189666362034,4.81750637287027
2.34920634920635,0.369262494802258,0.347697629580244,0.46796580634654,4.81776110004844
2.34930555555556,0.369229878681512,0.347706401998762,0.467742053376107,4.81801578735453
2.34940476190476,0.36919726363599,0.347715157785524,0.467518407398252,4.81827043479665
2.34950396825397,0.369164649678389,0.34772389694487,0.467294868360515,4.81852504238287
2.34960317460317,0.36913203682142,0.34773261948113,0.467071436210461,4.81877961012125
2.34970238095238,0.369099425077805,0.347741325398626,0.466848110895674,4.81903413801985
2.34980158730159,0.369066814460281,0.347750014701671,0.466624892363763,4.81928862608672
2.34990079365079,0.369034204981594,0.347758687394568,0.466401780562359,4.8195430743299
2.35,0.369001596654506,0.347767343481611,0.466178775439114,4.81979748275742
2.35009920634921,0.368968989491792,0.347775982967085,0.465955876941706,4.82005185137728
2.35019841269841,0.368936383506237,0.347784605855264,0.465733085017832,4.8203061801975
2.35029761904762,0.368903778710641,0.347793212150416,0.465510399615214,4.82056046922607
2.35039682539683,0.368871175117815,0.347801801856797,0.465287820681595,4.82081471847097
2.35049603174603,0.368838572740585,0.347810374978656,0.465065348164742,4.82106892794018
2.35059523809524,0.368805971591786,0.34781893152023,0.464842982012443,4.82132309764167
2.35069444444444,0.36877337168427,0.347827471485749,0.464620722172509,4.82157722758338
2.35079365079365,0.368740773030899,0.347835994879433,0.464398568592775,4.82183131777327
2.35089285714286,0.368708175644548,0.347844501705494,0.464176521221098,4.82208536821926
2.35099206349206,0.368675579538106,0.347852991968132,0.463954580005354,4.82233937892928
2.35109126984127,0.368642984724473,0.34786146567154,0.463732744893449,4.82259334991123
2.35119047619048,0.368610391216563,0.347869922819901,0.463511015833304,4.82284728117303
2.35128968253968,0.368577799027302,0.34787836341739,0.463289392772867,4.82310117272255
2.35138888888889,0.368545208169629,0.34788678746817,0.463067875660108,4.8233550245677
2.3514880952381,0.368512618656496,0.347895194976398,0.462846464443016,4.82360883671632
2.3515873015873,0.368480030500867,0.34790358594622,0.462625159069609,4.82386260917629
2.35168650793651,0.368447443715719,0.347911960381771,0.462403959487923,4.82411634195546
2.35178571428571,0.368414858314042,0.347920318287182,0.462182865646016,4.82437003506166
2.35188492063492,0.368382274308839,0.347928659666569,0.461961877491972,4.82462368850272
2.35198412698413,0.368349691713125,0.347936984524043,0.461740994973895,4.82487730228647
2.35208333333333,0.368317110539927,0.347945292863702,0.461520218039913,4.8251308764207
2.35218253968254,0.368284530802286,0.347953584689639,0.461299546638175,4.82538441091323
2.35228174603175,0.368251952513256,0.347961860005935,0.461078980716854,4.82563790577183
2.35238095238095,0.368219375685903,0.347970118816662,0.460858520224145,4.82589136100429
2.35248015873016,0.368186800333306,0.347978361125883,0.460638165108265,4.82614477661837
2.35257936507937,0.368154226468555,0.347986586937652,0.460417915317455,4.82639815262182
2.35267857142857,0.368121654104756,0.347994796256014,0.460197770799978,4.8266514890224
2.35277777777778,0.368089083255024,0.348002989085005,0.459977731504118,4.82690478582785
2.35287698412698,0.36805651393249,0.34801116542865,0.459757797378184,4.82715804304587
2.35297619047619,0.368023946150296,0.348019325290966,0.459537968370505,4.8274112606842
2.3530753968254,0.367991379921597,0.348027468675962,0.459318244429436,4.82766443875054
2.3531746031746,0.367958815259561,0.348035595587635,0.459098625503352,4.82791757725257
2.35327380952381,0.367926252177369,0.348043706029976,0.45887911154065,4.828170676198
2.35337301587302,0.367893690688212,0.348051800006963,0.458659702489752,4.82842373559447
2.35347222222222,0.367861130805298,0.348059877522569,0.458440398299101,4.82867675544967
2.35357142857143,0.367828572541844,0.348067938580754,0.458221198917163,4.82892973577125
2.35367063492063,0.367796015911083,0.34807598318547,0.458002104292425,4.82918267656684
2.35376984126984,0.367763460926258,0.348084011340662,0.4577831143734,4.82943557784408
2.35386904761905,0.367730907600625,0.348092023050263,0.45756422910862,4.82968843961059
2.35396825396825,0.367698355947455,0.348100018318197,0.457345448446642,4.82994126187399
2.35406746031746,0.36766580598003,0.348107997148379,0.457126772336044,4.83019404464187
2.35416666666667,0.367633257711643,0.348115959544717,0.456908200725429,4.83044678792182
2.35426587301587,0.367600711155603,0.348123905511107,0.456689733563419,4.83069949172143
2.35436507936508,0.367568166325231,0.348131835051437,0.456471370798661,4.83095215604826
2.35446428571429,0.367535623233858,0.348139748169585,0.456253112379824,4.83120478090987
2.35456349206349,0.367503081894831,0.348147644869421,0.4560349582556,4.83145736631382
2.3546626984127,0.367470542321508,0.348155525154804,0.455816908374702,4.83170991226765
2.3547619047619,0.36743800452726,0.348163389029585,0.455598962685867,4.83196241877887
2.35486111111111,0.367405468525471,0.348171236497606,0.455381121137856,4.83221488585501
2.35496031746032,0.367372934329538,0.3481790675627,0.455163383679448,4.83246731350358
2.35505952380952,0.36734040195287,0.348186882228688,0.45494575025945,4.83271970173207
2.35515873015873,0.367307871408888,0.348194680499386,0.454728220826687,4.83297205054798
2.35525793650794,0.367275342711027,0.348202462378597,0.454510795330009,4.83322435995877
2.35535714285714,0.367242815872736,0.348210227870118,0.454293473718289,4.83347662997192
2.35545634920635,0.367210290907473,0.348217976977734,0.454076255940421,4.83372886059487
2.35555555555556,0.367177767828712,0.348225709705222,0.453859141945322,4.83398105183508
2.35565476190476,0.367145246649937,0.34823342605635,0.453642131681932,4.83423320369998
2.35575396825397,0.367112727384648,0.348241126034877,0.453425225099214,4.834485316197
2.35585317460317,0.367080210046356,0.348248809644551,0.453208422146153,4.83473738933355
2.35595238095238,0.367047694648583,0.348256476889113,0.452991722771754,4.83498942311703
2.35605158730159,0.367015181204866,0.348264127772293,0.45277512692505,4.83524141755483
2.35615079365079,0.366982669728754,0.348271762297813,0.452558634555093,4.83549337265435
2.35625,0.366950160233809,0.348279380469385,0.452342245610957,4.83574528842295
2.35634920634921,0.366917652733606,0.348286982290713,0.452125960041741,4.835997164868
2.35644841269841,0.366885147241732,0.348294567765489,0.451909777796566,4.83624900199684
2.35654761904762,0.366852643771785,0.3483021368974,0.451693698824573,4.83650079981683
2.35664682539683,0.36682014233738,0.348309689690119,0.451477723074927,4.83675255833529
2.35674603174603,0.366787642952142,0.348317226147313,0.451261850496819,4.83700427755953
2.35684523809524,0.366755145629707,0.34832474627264,0.451046081039459,4.83725595749688
2.35694444444444,0.366722650383728,0.348332250069746,0.450830414652077,4.83750759815464
2.35704365079365,0.366690157227867,0.348339737542271,0.450614851283933,4.83775919954009
2.35714285714286,0.366657666175801,0.348347208693843,0.450399390884302,4.83801076166051
2.35724206349206,0.366625177241219,0.348354663528082,0.450184033402487,4.83826228452317
2.35734126984127,0.366592690437822,0.348362102048599,0.449968778787811,4.83851376813533
2.35744047619048,0.366560205779324,0.348369524258996,0.449753626989618,4.83876521250424
2.35753968253968,0.366527723279453,0.348376930162865,0.44953857795728,4.83901661763714
2.35763888888889,0.366495242951947,0.348384319763788,0.449323631640187,4.83926798354125
2.3577380952381,0.36646276481056,0.348391693065341,0.44910878798775,4.8395193102238
2.3578373015873,0.366430288869057,0.348399050071087,0.448894046949409,4.83977059769198
2.35793650793651,0.366397815141215,0.348406390784581,0.448679408474622,4.840021845953
2.35803571428571,0.366365343640826,0.34841371520937,0.44846487251287,4.84027305501404
2.35813492063492,0.366332874381691,0.34842102334899,0.448250439013656,4.84052422488228
2.35823412698413,0.366300407377628,0.34842831520697,0.448036107926507,4.84077535556488
2.35833333333333,0.366267942642464,0.348435590786827,0.447821879200974,4.841026447069
2.35843253968254,0.366235480190042,0.348442850092072,0.447607752786627,4.84127749940179
2.35853174603175,0.366203020034215,0.348450093126203,0.447393728633061,4.84152851257037
2.35863095238095,0.36617056218885,0.348457319892711,0.447179806689892,4.84177948658187
2.35873015873016,0.366138106667827,0.348464530395078,0.446965986906761,4.8420304214434
2.35882936507937,0.366105653485038,0.348471724636777,0.446752269233328,4.84228131716208
2.35892857142857,0.366073202654387,0.34847890262127,0.446538653619279,4.84253217374498
2.35902777777778,0.366040754189793,0.34848606435201,0.44632514001432,4.8427829911992
2.35912698412698,0.366008308105186,0.348493209832444,0.446111728368183,4.8430337695318
2.35922619047619,0.365975864414508,0.348500339066005,0.445898418630617,4.84328450874985
2.3593253968254,0.365943423131716,0.34850745205612,0.445685210751399,4.84353520886039
2.3594246031746,0.365910984270779,0.348514548806205,0.445472104680327,4.84378586987048
2.35952380952381,0.365878547845676,0.348521629319669,0.445259100367219,4.84403649178713
2.35962301587302,0.365846113870403,0.34852869359991,0.445046197761918,4.84428707461738
2.35972222222222,0.365813682358965,0.348535741650317,0.44483339681429,4.84453761836822
2.35982142857143,0.365781253325383,0.348542773474269,0.444620697474223,4.84478812304667
2.35992063492063,0.365748826783688,0.348549789075138,0.444408099691625,4.8450385886597
2.36001984126984,0.365716402747924,0.348556788456285,0.444195603416432,4.8452890152143
2.36011904761905,0.36568398123215,0.348563771621062,0.443983208598597,4.84553940271744
2.36021825396825,0.365651562250436,0.348570738572812,0.443770915188099,4.84578975117607
2.36031746031746,0.365619145816863,0.348577689314869,0.443558723134938,4.84604006059714
2.36041666666667,0.365586731945529,0.348584623850558,0.443346632389137,4.84629033098758
2.36051587301587,0.365554320650541,0.348591542183193,0.443134642900743,4.84654056235434
2.36061507936508,0.36552191194602,0.348598444316081,0.442922754619823,4.84679075470431
2.36071428571429,0.3654895058461,0.348605330252518,0.442710967496467,4.84704090804442
2.36081349206349,0.365457102364928,0.348612199995793,0.442499281480791,4.84729102238154
2.3609126984127,0.365424701516662,0.348619053549183,0.442287696522928,4.84754109772258
2.3610119047619,0.365392303315475,0.348625890915958,0.442076212573039,4.8477911340744
2.36111111111111,0.36535990777555,0.348632712099377,0.441864829581303,4.84804113144386
2.36121031746032,0.365327514911085,0.348639517102691,0.441653547497925,4.84829108983784
2.36130952380952,0.365295124736291,0.348646305929142,0.44144236627313,4.84854100926315
2.36140873015873,0.365262737265389,0.348653078581962,0.441231285857168,4.84879088972665
2.36150793650794,0.365230352512616,0.348659835064373,0.441020306200311,4.84904073123515
2.36160714285714,0.365197970492219,0.34866657537959,0.440809427252851,4.84929053379547
2.36170634920635,0.365165591218459,0.348673299530817,0.440598648965106,4.8495402974144
2.36180555555556,0.36513321470561,0.348680007521249,0.440387971287414,4.84979002209875
2.36190476190476,0.365100840967958,0.348686699354072,0.440177394170137,4.85003970785529
2.36200396825397,0.365068470019801,0.348693375032464,0.439966917563659,4.85028935469079
2.36210317460317,0.365036101875452,0.348700034559591,0.439756541418388,4.85053896261201
2.36220238095238,0.365003736549235,0.348706677938611,0.439546265684751,4.85078853162571
2.36230158730159,0.364971374055487,0.348713305172675,0.439336090313203,4.85103806173863
2.36240079365079,0.364939014408558,0.348719916264922,0.439126015254216,4.85128755295749
2.3625,0.364906657622809,0.348726511218482,0.438916040458287,4.85153700528901
2.36259920634921,0.364874303712618,0.348733090036477,0.438706165875937,4.85178641873991
2.36269841269841,0.36484195269237,0.348739652722019,0.438496391457708,4.85203579331688
2.36279761904762,0.364809604576468,0.348746199278211,0.438286717154164,4.85228512902661
2.36289682539683,0.364777259379323,0.348752729708147,0.438077142915892,4.85253442587578
2.36299603174603,0.364744917115364,0.348759244014911,0.437867668693503,4.85278368387106
2.36309523809524,0.364712577799027,0.348765742201578,0.437658294437629,4.85303290301909
2.36319444444444,0.364680241444765,0.348772224271215,0.437449020098925,4.85328208332654
2.36329365079365,0.364647908067041,0.348778690226878,0.437239845628069,4.85353122480003
2.36339285714286,0.364615577680333,0.348785140071614,0.43703077097576,4.8537803274462
2.36349206349206,0.364583250299131,0.348791573808463,0.436821796092722,4.85402939127165
2.36359126984127,0.364550925937936,0.348797991440452,0.436612920929699,4.85427841628299
2.36369047619048,0.364518604611263,0.348804392970603,0.43640414543746,4.85452740248683
2.36378968253968,0.364486286333641,0.348810778401925,0.436195469566796,4.85477634988974
2.36388888888889,0.364453971119609,0.34881714773742,0.435986893268518,4.85502525849829
2.3639880952381,0.364421658983722,0.348823500980079,0.435778416493463,4.85527412831905
2.3640873015873,0.364389349940544,0.348829838132887,0.435570039192489,4.85552295935858
2.36418650793651,0.364357044004654,0.348836159198816,0.435361761316476,4.85577175162342
2.36428571428571,0.364324741190644,0.348842464180831,0.435153582816328,4.85602050512009
2.36438492063492,0.364292441513117,0.348848753081888,0.434945503642971,4.85626921985513
2.36448412698413,0.364260144986691,0.348855025904931,0.434737523747353,4.85651789583504
2.36458333333333,0.364227851625995,0.348861282652899,0.434529643080444,4.85676653306633
2.36468253968254,0.36419556144567,0.348867523328717,0.43432186159324,4.85701513155549
2.36478174603175,0.364163274460371,0.348873747935306,0.434114179236755,4.85726369130899
2.36488095238095,0.364130990684767,0.348879956475573,0.433906595962028,4.85751221233331
2.36498015873016,0.364098710133538,0.348886148952419,0.433699111720121,4.85776069463491
2.36507936507937,0.364066432821375,0.348892325368734,0.433491726462118,4.85800913822024
2.36517857142857,0.364034158762986,0.3488984857274,0.433284440139124,4.85825754309573
2.36527777777778,0.364001887973088,0.348904630031288,0.433077252702269,4.85850590926782
2.36537698412698,0.363969620466413,0.348910758283261,0.432870164102705,4.85875423674293
2.36547619047619,0.363937356257703,0.348916870486174,0.432663174291605,4.85900252552746
2.3655753968254,0.363905095361717,0.34892296664287,0.432456283220166,4.85925077562781
2.3656746031746,0.363872837793223,0.348929046756185,0.432249490839607,4.85949898705037
2.36577380952381,0.363840583567002,0.348935110828944,0.432042797101171,4.85974715980152
2.36587301587302,0.363808332697851,0.348941158863965,0.431836201956121,4.85999529388762
2.36597222222222,0.363776085200575,0.348947190864054,0.431629705355745,4.86024338931502
2.36607142857143,0.363743841089995,0.348953206832011,0.431423307251352,4.86049144609008
2.36617063492063,0.363711600380944,0.348959206770624,0.431217007594274,4.86073946421914
2.36626984126984,0.363679363088267,0.348965190682672,0.431010806335866,4.8609874437085
2.36636904761905,0.363647129226823,0.348971158570927,0.430804703427504,4.8612353845645
2.36646825396825,0.363614898811482,0.34897711043815,0.43059869882059,4.86148328679344
2.36656746031746,0.363582671857128,0.348983046287092,0.430392792466545,4.8617311504016
2.36666666666667,0.363550448378657,0.348988966120498,0.430186984316813,4.86197897539528
2.36676587301587,0.363518228390978,0.348994869941099,0.429981274322863,4.86222676178074
2.36686507936508,0.363486011909014,0.349000757751621,0.429775662436185,4.86247450956425
2.36696428571429,0.363453798947698,0.349006629554779,0.429570148608291,4.86272221875207
2.36706349206349,0.363421589521978,0.349012485353279,0.429364732790716,4.86296988935042
2.3671626984127,0.363389383646813,0.349018325149817,0.429159414935019,4.86321752136556
2.3672619047619,0.363357181337177,0.349024148947081,0.428954194992779,4.86346511480369
2.36736111111111,0.363324982608054,0.349029956747749,0.428749072915599,4.86371266967103
2.36746031746032,0.363292787474442,0.34903574855449,0.428544048655106,4.86396018597378
2.36755952380952,0.363260595951352,0.349041524369964,0.428339122162947,4.86420766371814
2.36765873015873,0.363228408053808,0.349047284196822,0.428134293390792,4.86445510291027
2.36775793650794,0.363196223796846,0.349053028037704,0.427929562290335,4.86470250355635
2.36785714285714,0.363164043195514,0.349058755895242,0.427724928813291,4.86494986566254
2.36795634920635,0.363131866264875,0.349064467772061,0.4275203929114,4.86519718923499
2.36805555555556,0.363099693020001,0.349070163670772,0.427315954536421,4.86544447427983
2.36815476190476,0.363067523475981,0.349075843593981,0.427111613640138,4.8656917208032
2.36825396825397,0.363035357647914,0.349081507544282,0.426907370174357,4.86593892881121
2.36835317460317,0.363003195550913,0.349087155524262,0.426703224090908,4.86618609830998
2.36845238095238,0.362971037200101,0.349092787536498,0.42649917534164,4.86643322930558
2.36855158730159,0.362938882610619,0.349098403583555,0.426295223878427,4.86668032180413
2.36865079365079,0.362906731797615,0.349104003667994,0.426091369653168,4.86692737581168
2.36875,0.362874584776253,0.349109587792362,0.425887612617778,4.86717439133431
2.36884920634921,0.362842441561709,0.3491151559592,0.425683952724201,4.86742136837807
2.36894841269841,0.362810302169172,0.349120708171037,0.4254803899244,4.86766830694901
2.36904761904762,0.362778166613843,0.349126244430396,0.425276924170363,4.86791520705316
2.36914682539683,0.362746034910936,0.349131764739788,0.425073555414097,4.86816206869654
2.36924603174603,0.362713907075678,0.349137269101716,0.424870283607636,4.86840889188517
2.36934523809524,0.362681783123308,0.349142757518674,0.424667108703031,4.86865567662506
2.36944444444444,0.362649663069079,0.349148229993146,0.424464030652362,4.8689024229222
2.36954365079365,0.362617546928256,0.349153686527607,0.424261049407728,4.86914913078256
2.36964285714286,0.362585434716115,0.349159127124523,0.424058164921249,4.86939580021213
2.36974206349206,0.362553326447948,0.34916455178635,0.423855377145071,4.86964243121686
2.36984126984127,0.362521222139058,0.349169960515536,0.423652686031362,4.86988902380271
2.36994047619048,0.36248912180476,0.349175353314519,0.42345009153231,4.87013557797562
2.37003968253968,0.362457025460383,0.349180730185729,0.423247593600128,4.87038209374151
2.37013888888889,0.362424933121268,0.349186091131584,0.42304519218705,4.87062857110632
2.3702380952381,0.362392844802768,0.349191436154495,0.422842887245335,4.87087501007594
2.3703373015873,0.362360760520251,0.349196765256864,0.422640678727262,4.87112141065629
2.37043650793651,0.362328680289096,0.349202078441082,0.422438566585133,4.87136777285325
2.37053571428571,0.362296604124694,0.349207375709533,0.422236550771275,4.87161409667269
2.37063492063492,0.362264532042451,0.349212657064589,0.422034631238034,4.8718603821205
2.37073412698413,0.362232464057784,0.349217922508615,0.421832807937781,4.87210662920251
2.37083333333333,0.362200400186123,0.349223172043966,0.421631080822907,4.8723528379246
2.37093253968254,0.36216834044291,0.349228405672989,0.42142944984583,4.87259900829258
2.37103174603175,0.362136284843603,0.349233623398019,0.421227914958986,4.8728451403123
2.37113095238095,0.362104233403668,0.349238825221384,0.421026476114837,4.87309123398956
2.37123015873016,0.362072185889161,0.349244011245737,0.42082513326263,4.87333728943124
2.37132936507937,0.362040141026127,0.349249181991775,0.42062388633984,4.87358330716517
2.37142857142857,0.362008098632634,0.349254337540457,0.420422735300564,4.87382928727621
2.37152777777778,0.361976058707997,0.349259477899804,0.420221680101415,4.8740752297757
2.37162698412698,0.361944021251536,0.349264603077833,0.420020720699022,4.87432113467501
2.37172619047619,0.361911986262574,0.349269713082555,0.419819857050027,4.87456700198549
2.3718253968254,0.361879953740439,0.349274807921978,0.419619089111084,4.87481283171849
2.3719246031746,0.361847923684463,0.349279887604105,0.419418416838863,4.87505862388535
2.37202380952381,0.361815896093984,0.349284952136936,0.419217840190047,4.87530437849741
2.37212301587302,0.36178387096834,0.349290001528465,0.419017359121333,4.875550095566
2.37222222222222,0.361751848306879,0.349295035786684,0.418816973589432,4.87579577510244
2.37232142857143,0.361719828108948,0.349300054919579,0.418616683551067,4.87604141711807
2.37242063492063,0.361687810373902,0.349305058935132,0.418416488962978,4.87628702162419
2.37251984126984,0.361655795101098,0.34931004784132,0.418216389781918,4.87653258863213
2.37261904761905,0.361623782289899,0.349315021646118,0.418016385964651,4.87677811815319
2.37271825396825,0.36159177193967,0.349319980357496,0.417816477467959,4.87702361019866
2.37281746031746,0.361559764049783,0.349324923983417,0.417616664248635,4.87726906477986
2.37291666666667,0.361527758619613,0.349329852531844,0.417416946263487,4.87751448190807
2.37301587301587,0.361495755648539,0.349334766010733,0.417217323469335,4.87775986159458
2.37311507936508,0.361463755135943,0.349339664428037,0.417017795823016,4.87800520385067
2.37321428571429,0.361431757081215,0.349344547791703,0.416818363281378,4.87825050868762
2.37331349206349,0.361399761483746,0.349349416109675,0.416619025801285,4.87849577611671
2.3734126984127,0.361367768342933,0.349354269389894,0.416419783339614,4.87874100614919
2.3735119047619,0.361335777658176,0.349359107640295,0.416220635853254,4.87898619879634
2.37361111111111,0.36130378942888,0.349363930868809,0.416021583299112,4.87923135406942
2.37371031746032,0.361271803654454,0.349368739083362,0.415822625634105,4.87947647197967
2.37380952380952,0.361239820334312,0.349373532291878,0.415623762815164,4.87972155253834
2.37390873015873,0.361207839467871,0.349378310502276,0.415424994799237,4.87996659575668
2.37400793650794,0.361175861054554,0.349383073722469,0.415226321543283,4.88021160164592
2.37410714285714,0.361143885093786,0.349387821960366,0.415027743004276,4.8804565702173
2.37420634920635,0.361111911584999,0.349392555223875,0.414829259139204,4.88070150148205
2.37430555555556,0.361079940527627,0.349397273520897,0.414630869905068,4.88094639545138
2.37440476190476,0.361047971921109,0.349401976859328,0.414432575258883,4.88119125213652
2.37450396825397,0.361016005764889,0.349406665247061,0.414234375157678,4.88143607154868
2.37460317460317,0.360984042058414,0.349411338691986,0.414036269558497,4.88168085369907
2.37470238095238,0.360952080801136,0.349415997201986,0.413838258418395,4.88192559859889
2.37480158730159,0.360920121992511,0.349420640784943,0.413640341694444,4.88217030625934
2.37490079365079,0.360888165632001,0.349425269448731,0.413442519343729,4.88241497669161
2.375,0.36085621171907,0.349429883201223,0.413244791323347,4.88265960990689
2.37509920634921,0.360824260253186,0.349434482050286,0.41304715759041,4.88290420591637
2.37519841269841,0.360792311233823,0.349439066003784,0.412849618102045,4.88314876473122
2.37529761904762,0.360760364660459,0.349443635069574,0.412652172815391,4.88339328636261
2.37539682539683,0.360728420532575,0.349448189255512,0.412454821687602,4.88363777082172
2.37549603174603,0.360696478849659,0.349452728569449,0.412257564675846,4.88388221811971
2.37559523809524,0.360664539611199,0.34945725301923,0.412060401737303,4.88412662826773
2.37569444444444,0.360632602816692,0.349461762612698,0.411863332829169,4.88437100127694
2.37579365079365,0.360600668465635,0.34946625735769,0.411666357908654,4.88461533715849
2.37589285714286,0.360568736557532,0.34947073726204,0.411469476932979,4.88485963592352
2.37599206349206,0.360536807091891,0.349475202333576,0.411272689859382,4.88510389758317
2.37609126984127,0.360504880068224,0.349479652580125,0.411075996645113,4.88534812214857
2.37619047619048,0.360472955486046,0.349484088009505,0.410879397247437,4.88559230963085
2.37628968253968,0.360441033344878,0.349488508629535,0.410682891623631,4.88583646004114
2.37638888888889,0.360409113644244,0.349492914448026,0.410486479730989,4.88608057339055
2.3764880952381,0.360377196383674,0.349497305472786,0.410290161526815,4.8863246496902
2.3765873015873,0.360345281562701,0.349501681711619,0.410093936968429,4.88656868895119
2.37668650793651,0.360313369180862,0.349506043172324,0.409897806013166,4.88681269118463
2.37678571428571,0.360281459237699,0.349510389862697,0.409701768618371,4.88705665640163
2.37688492063492,0.360249551732758,0.349514721790527,0.409505824741408,4.88730058461326
2.37698412698413,0.360217646665589,0.349519038963603,0.409309974339651,4.88754447583062
2.37708333333333,0.360185744035747,0.349523341389707,0.409114217370487,4.8877883300648
2.37718253968254,0.36015384384279,0.349527629076616,0.408918553791322,4.88803214732687
2.37728174603175,0.360121946086283,0.349531902032105,0.408722983559571,4.88827592762791
2.37738095238095,0.360090050765791,0.349536160263944,0.408527506632665,4.88851967097898
2.37748015873016,0.360058157880888,0.349540403779897,0.408332122968047,4.88876337739115
2.37757936507937,0.360026267431148,0.349544632587726,0.408136832523177,4.88900704687547
2.37767857142857,0.359994379416153,0.349548846695188,0.407941635255526,4.88925067944301
2.37777777777778,0.359962493835486,0.349553046110036,0.407746531122579,4.88949427510481
2.37787698412698,0.359930610688737,0.349557230840018,0.407551520081837,4.88973783387192
2.37797619047619,0.359898729975498,0.349561400892878,0.407356602090814,4.88998135575537
2.3780753968254,0.359866851695367,0.349565556276357,0.407161777107035,4.89022484076619
2.3781746031746,0.359834975847945,0.349569696998189,0.406967045088044,4.89046828891542
2.37827380952381,0.359803102432839,0.349573823066107,0.406772405991393,4.89071170021408
2.37837301587302,0.359771231449658,0.349577934487838,0.406577859774654,4.89095507467319
2.37847222222222,0.359739362898018,0.349582031271103,0.406383406395408,4.89119841230376
2.37857142857143,0.359707496777535,0.349586113423624,0.406189045811251,4.89144171311681
2.37867063492063,0.359675633087835,0.349590180953113,0.405994777979794,4.89168497712333
2.37876984126984,0.359643771828544,0.34959423386728,0.405800602858662,4.89192820433432
2.37886904761905,0.359611912999293,0.349598272173833,0.405606520405493,4.89217139476079
2.37896825396825,0.359580056599719,0.349602295880472,0.405412530577937,4.89241454841371
2.37906746031746,0.359548202629461,0.349606304994894,0.405218633333662,4.89265766530408
2.37916666666667,0.359516351088164,0.349610299524794,0.405024828630347,4.89290074544287
2.37926587301587,0.359484501975476,0.349614279477861,0.404831116425684,4.89314378884105
2.37936507936508,0.359452655291051,0.349618244861777,0.404637496677382,4.8933867955096
2.37946428571429,0.359420811034546,0.349622195684225,0.404443969343162,4.89362976545948
2.37956349206349,0.359388969205622,0.349626131952881,0.404250534380758,4.89387269870164
2.3796626984127,0.359357129803944,0.349630053675416,0.404057191747919,4.89411559524705
2.3797619047619,0.359325292829184,0.349633960859497,0.403863941402408,4.89435845510665
2.37986111111111,0.359293458281015,0.349637853512789,0.403670783302001,4.89460127829139
2.37996031746032,0.359261626159116,0.349641731642951,0.403477717404489,4.8948440648122
2.38005952380952,0.35922979646317,0.349645595257638,0.403284743667676,4.89508681468002
2.38015873015873,0.359197969192864,0.349649444364499,0.40309186204938,4.89532952790579
2.38025793650794,0.359166144347889,0.349653278971183,0.402899072507432,4.89557220450041
2.38035714285714,0.359134321927941,0.34965709908533,0.402706374999679,4.89581484447482
2.38045634920635,0.35910250193272,0.349660904714579,0.402513769483979,4.89605744783993
2.38055555555556,0.359070684361931,0.349664695866564,0.402321255918206,4.89630001460664
2.38065476190476,0.359038869215281,0.349668472548914,0.402128834260249,4.89654254478586
2.38075396825397,0.359007056492484,0.349672234769253,0.401936504468005,4.8967850383885
2.38085317460317,0.358975246193257,0.349675982535204,0.401744266499393,4.89702749542544
2.38095238095238,0.358943438317321,0.349679715854383,0.40155212031234,4.89726991590758
2.38105158730159,0.358911632864401,0.349683434734402,0.401360065864788,4.89751229984579
2.38115079365079,0.358879829834229,0.349687139182869,0.401168103114694,4.89775464725097
2.38125,0.358848029226537,0.349690829207389,0.400976232020028,4.89799695813398
2.38134920634921,0.358816231041064,0.34969450481556,0.400784452538775,4.89823923250569
2.38144841269841,0.358784435277554,0.349698166014979,0.400592764628931,4.89848147037697
2.38154761904762,0.358752641935752,0.349701812813237,0.400401168248509,4.89872367175868
2.38164682539683,0.358720851015411,0.34970544521792,0.400209663355536,4.89896583666167
2.38174603174603,0.358689062516286,0.349709063236612,0.400018249908049,4.89920796509679
2.38184523809524,0.358657276438137,0.34971266687689,0.399826927864102,4.89945005707489
2.38194444444444,0.358625492780728,0.349716256146329,0.399635697181762,4.89969211260681
2.38204365079365,0.358593711543827,0.349719831052499,0.399444557819111,4.89993413170338
2.38214285714286,0.358561932727207,0.349723391602965,0.399253509734243,4.90017611437543
2.38224206349206,0.358530156330645,0.34972693780529,0.399062552885266,4.90041806063379
2.38234126984127,0.358498382353922,0.349730469667029,0.398871687230304,4.90065997048927
2.38244047619048,0.358466610796824,0.349733987195736,0.398680912727493,4.90090184395269
2.38253968253968,0.35843484165914,0.349737490398961,0.398490229334982,4.90114368103486
2.38263888888889,0.358403074940666,0.349740979284246,0.398299637010936,4.90138548174659
2.3827380952381,0.358371310641197,0.349744453859133,0.398109135713532,4.90162724609868
2.3828373015873,0.358339548760539,0.349747914131157,0.397918725400962,4.90186897410191
2.38293650793651,0.358307789298497,0.349751360107849,0.397728406031433,4.90211066576709
2.38303571428571,0.358276032254882,0.349754791796739,0.397538177563161,4.90235232110499
2.38313492063492,0.358244277629511,0.349758209205348,0.397348039954383,4.90259394012639
2.38323412698413,0.358212525422202,0.349761612341195,0.397157993163344,4.90283552284208
2.38333333333333,0.35818077563278,0.349765001211795,0.396968037148305,4.90307706926282
2.38343253968254,0.358149028261073,0.34976837582466,0.396778171867541,4.90331857939937
2.38353174603175,0.358117283306914,0.349771736187294,0.39658839727934,4.9035600532625
2.38363095238095,0.358085540770139,0.349775082307199,0.396398713342006,4.90380149086296
2.38373015873016,0.35805380065059,0.349778414191874,0.396209120013853,4.9040428922115
2.38382936507937,0.358022062948111,0.349781731848812,0.396019617253212,4.90428425731887
2.38392857142857,0.357990327662554,0.349785035285502,0.395830205018428,4.9045255861958
2.38402777777778,0.35795859479377,0.349788324509429,0.395640883267858,4.90476687885304
2.38412698412698,0.357926864341619,0.349791599528073,0.395451651959874,4.9050081353013
2.38422619047619,0.357895136305964,0.349794860348911,0.395262511052859,4.90524935555133
2.3843253968254,0.35786341068667,0.349798106979416,0.395073460505216,4.90549053961383
2.3844246031746,0.35783168748361,0.349801339427055,0.394884500275355,4.90573168749953
2.38452380952381,0.357799966696657,0.349804557699291,0.394695630321705,4.90597279921912
2.38462301587302,0.357768248325693,0.349807761803585,0.394506850602706,4.90621387478333
2.38472222222222,0.357736532370601,0.349810951747392,0.394318161076813,4.90645491420284
2.38482142857143,0.357704818831268,0.349814127538161,0.394129561702494,4.90669591748836
2.38492063492063,0.357673107707588,0.349817289183341,0.393941052438231,4.90693688465057
2.38501984126984,0.357641398999456,0.349820436690373,0.393752633242521,4.90717781570017
2.38511904761905,0.357609692706775,0.349823570066696,0.393564304073875,4.90741871064782
2.38521825396825,0.357577988829449,0.349826689319743,0.393376064890814,4.90765956950421
2.38531746031746,0.357546287367388,0.349829794456944,0.393187915651878,4.90790039228001
2.38541666666667,0.357514588320505,0.349832885485725,0.392999856315617,4.90814117898587
2.38551587301587,0.35748289168872,0.349835962413507,0.392811886840598,4.90838192963248
2.38561507936508,0.357451197471953,0.349839025247707,0.3926240071854,4.90862264423046
2.38571428571429,0.357419505670132,0.349842073995737,0.392436217308614,4.90886332279049
2.38581349206349,0.357387816283187,0.349845108665006,0.392248517168849,4.9091039653232
2.3859126984127,0.357356129311054,0.349848129262918,0.392060906724725,4.90934457183924
2.3860119047619,0.357324444753673,0.349851135796873,0.391873385934875,4.90958514234923
2.38611111111111,0.357292762610986,0.349854128274267,0.391685954757951,4.90982567686382
2.38621031746032,0.357261082882943,0.34985710670249,0.391498613152613,4.91006617539362
2.38630952380952,0.357229405569495,0.349860071088931,0.391311361077537,4.91030663794927
2.38640873015873,0.357197730670598,0.349863021440972,0.391124198491413,4.91054706454136
2.38650793650794,0.357166058186214,0.349865957765992,0.390937125352945,4.91078745518052
2.38660714285714,0.357134388116309,0.349868880071365,0.390750141620851,4.91102780987735
2.38670634920635,0.35710272046085,0.349871788364461,0.390563247253862,4.91126812864245
2.38680555555556,0.357071055219812,0.349874682652647,0.390376442210723,4.91150841148641
2.38690476190476,0.357039392393174,0.349877562943283,0.390189726450194,4.91174865841984
2.38700396825397,0.357007731980916,0.349880429243728,0.390003099931047,4.9119888694533
2.38710317460317,0.356976073983026,0.349883281561335,0.38981656261207,4.91222904459739
2.38720238095238,0.356944418399494,0.349886119903452,0.389630114452062,4.91246918386268
2.38730158730159,0.356912765230316,0.349888944277425,0.389443755409839,4.91270928725974
2.38740079365079,0.35688111447549,0.349891754690592,0.389257485444229,4.91294935479914
2.3875,0.356849466135021,0.349894551150292,0.389071304514073,4.91318938649144
2.38759920634921,0.356817820208916,0.349897333663856,0.388885212578229,4.91342938234719
2.38769841269841,0.356786176697188,0.34990010223861,0.388699209595566,4.91366934237694
2.38779761904762,0.356754535599852,0.34990285688188,0.388513295524966,4.91390926659124
2.38789682539683,0.35672289691693,0.349905597600983,0.388327470325329,4.91414915500064
2.38799603174603,0.356691260648447,0.349908324403235,0.388141733955565,4.91438900761567
2.38809523809524,0.356659626794432,0.349911037295947,0.3879560863746,4.91462882444685
2.38819444444444,0.356627995354918,0.349913736286425,0.387770527541372,4.91486860550472
2.38829365079365,0.356596366329943,0.34991642138197,0.387585057414835,4.91510835079979
2.38839285714286,0.356564739719549,0.349919092589882,0.387399675953956,4.91534806034259
2.38849206349206,0.356533115523784,0.349921749917454,0.387214383117714,4.91558773414362
2.38859126984127,0.356501493742696,0.349924393371974,0.387029178865105,4.91582737221339
2.38869047619048,0.356469874376342,0.349927022960729,0.386844063155135,4.9160669745624
2.38878968253968,0.35643825742478,0.349929638690999,0.386659035946829,4.91630654120115
2.38888888888889,0.356406642888075,0.349932240570061,0.386474097199221,4.91654607214013
2.3889880952381,0.356375030766293,0.349934828605187,0.386289246871361,4.91678556738982
2.3890873015873,0.356343421059507,0.349937402803646,0.386104484922313,4.91702502696071
2.38918650793651,0.356311813767793,0.3499399631727,0.385919811311155,4.91726445086327
2.38928571428571,0.356280208891232,0.349942509719611,0.385735225996978,4.91750383910798
2.38938492063492,0.356248606429908,0.349945042451634,0.385550728938886,4.91774319170529
2.38948412698413,0.356217006383911,0.349947561376019,0.385366320095999,4.91798250866568
2.38958333333333,0.356185408753334,0.349950066500013,0.38518199942745,4.9182217899996
2.38968253968254,0.356153813538274,0.34995255783086,0.384997766892384,4.91846103571749
2.38978174603175,0.356122220738835,0.349955035375797,0.384813622449964,4.91870024582981
2.38988095238095,0.356090630355122,0.349957499142058,0.384629566059363,4.918939420347
2.38998015873016,0.356059042387245,0.349959949136875,0.384445597679769,4.91917855927949
2.39007936507937,0.356027456835319,0.349962385367472,0.384261717270385,4.91941766263772
2.39017857142857,0.355995873699464,0.34996480784107,0.384077924790425,4.91965673043211
2.39027777777778,0.355964292979803,0.349967216564888,0.383894220199121,4.91989576267309
2.39037698412698,0.355932714676463,0.349969611546137,0.383710603455715,4.92013475937106
2.39047619047619,0.355901138789576,0.349971992792027,0.383527074519464,4.92037372053645
2.3905753968254,0.355869565319279,0.349974360309761,0.383343633349641,4.92061264617965
2.3906746031746,0.355837994265712,0.349976714106541,0.38316027990553,4.92085153631108
2.39077380952381,0.35580642562902,0.349979054189561,0.38297701414643,4.92109039094112
2.39087301587302,0.355774859409351,0.349981380566014,0.382793836031653,4.92132921008017
2.39097222222222,0.355743295606859,0.349983693243087,0.382610745520526,4.92156799373862
2.39107142857143,0.355711734221702,0.349985992227964,0.382427742572391,4.92180674192684
2.39117063492063,0.355680175254041,0.349988277527822,0.3822448271466,4.92204545465522
2.39126984126984,0.355648618704043,0.349990549149837,0.382061999202522,4.92228413193412
2.39136904761905,0.355617064571877,0.349992807101179,0.38187925869954,4.92252277377391
2.39146825396825,0.35558551285772,0.349995051389015,0.381696605597048,4.92276138018496
2.39156746031746,0.355553963561748,0.349997282020505,0.381514039854457,4.92299995117762
2.39166666666667,0.355522416684147,0.349999499002809,0.381331561431189,4.92323848676225
2.39176587301587,0.355490872225103,0.350001702343079,0.381149170286683,4.92347698694918
2.39186507936508,0.355459330184807,0.350003892048464,0.380966866380389,4.92371545174877
2.39196428571429,0.355427790563457,0.35000606812611,0.380784649671772,4.92395388117134
2.39206349206349,0.355396253361252,0.350008230583156,0.380602520120312,4.92419227522724
2.3921626984127,0.355364718578398,0.35001037942674,0.3804204776855,4.92443063392678
2.3922619047619,0.355333186215102,0.350012514663994,0.380238522326844,4.92466895728029
2.39236111111111,0.355301656271578,0.350014636302045,0.380056654003862,4.92490724529809
2.39246031746032,0.355270128748044,0.350016744348017,0.379874872676091,4.92514549799049
2.39255952380952,0.355238603644721,0.35001883880903,0.379693178303078,4.92538371536779
2.39265873015873,0.355207080961835,0.350020919692198,0.379511570844384,4.92562189744031
2.39275793650794,0.355175560699617,0.350022987004633,0.379330050259587,4.92586004421832
2.39285714285714,0.355144042858301,0.350025040753441,0.379148616508274,4.92609815571214
2.39295634920635,0.355112527438125,0.350027080945725,0.378967269550049,4.92633623193204
2.39305555555556,0.355081014439334,0.350029107588583,0.37878600934453,4.9265742728883
2.39315476190476,0.355049503862174,0.350031120689108,0.378604835851347,4.92681227859121
2.39325396825397,0.355017995706897,0.350033120254391,0.378423749030146,4.92705024905104
2.39335317460317,0.354986489973758,0.350035106291516,0.378242748840586,4.92728818427805
2.39345238095238,0.354954986663019,0.350037078807566,0.378061835242337,4.9275260842825
2.39355158730159,0.354923485774943,0.350039037809616,0.377881008195089,4.92776394907466
2.39365079365079,0.3548919873098,0.350040983304739,0.37770026765854,4.92800177866477
2.39375,0.354860491267862,0.350042915300005,0.377519613592405,4.92823957306309
2.39384920634921,0.354828997649406,0.350044833802476,0.377339045956411,4.92847733227985
2.39394841269841,0.354797506454715,0.350046738819214,0.377158564710301,4.92871505632529
2.39404761904762,0.354766017684074,0.350048630357273,0.37697816981383,4.92895274520964
2.39414682539683,0.354734531337773,0.350050508423705,0.376797861226767,4.92919039894314
2.39424603174603,0.354703047416107,0.350052373025557,0.376617638908896,4.92942801753601
2.39434523809524,0.354671565919374,0.350054224169872,0.376437502820014,4.92966560099845
2.39444444444444,0.354640086847878,0.350056061863689,0.376257452919932,4.92990314934069
2.39454365079365,0.354608610201925,0.350057886114042,0.376077489168475,4.93014066257293
2.39464285714286,0.354577135981827,0.350059696927961,0.375897611525481,4.93037814070538
2.39474206349206,0.3545456641879,0.350061494312472,0.375717819950804,4.93061558374823
2.39484126984127,0.354514194820464,0.350063278274597,0.375538114404309,4.93085299171167
2.39494047619048,0.354482727879843,0.350065048821354,0.375358494845875,4.9310903646059
2.39503968253968,0.354451263366366,0.350066805959754,0.375178961235399,4.93132770244109
2.39513888888889,0.354419801280366,0.350068549696808,0.374999513532787,4.93156500522742
2.3952380952381,0.35438834162218,0.350070280039519,0.374820151697962,4.93180227297507
2.3953373015873,0.354356884392149,0.350071996994889,0.374640875690857,4.9320395056942
2.39543650793651,0.354325429590619,0.350073700569914,0.374461685471424,4.93227670339497
2.39553571428571,0.354293977217941,0.350075390771584,0.374282580999626,4.93251386608755
2.39563492063492,0.354262527274468,0.350077067606889,0.374103562235438,4.93275099378209
2.39573412698413,0.354231079760559,0.350078731082811,0.373924629138853,4.93298808648873
2.39583333333333,0.354199634676577,0.350080381206329,0.373745781669875,4.93322514421761
2.39593253968254,0.354168192022889,0.350082017984419,0.373567019788523,4.93346216697888
2.39603174603175,0.354136751799867,0.350083641424051,0.373388343454829,4.93369915478267
2.39613095238095,0.354105314007885,0.350085251532191,0.373209752628838,4.9339361076391
2.39623015873016,0.354073878647324,0.350086848315802,0.373031247270613,4.9341730255583
2.39632936507937,0.354042445718569,0.350088431781842,0.372852827340226,4.93440990855038
2.39642857142857,0.354011015222007,0.350090001937263,0.372674492797765,4.93464675662547
2.39652777777778,0.353979587158032,0.350091558789016,0.372496243603332,4.93488356979366
2.39662698412698,0.35394816152704,0.350093102344046,0.372318079717042,4.93512034806506
2.39672619047619,0.353916738329434,0.350094632609293,0.372140001099025,4.93535709144977
2.3968253968254,0.353885317565617,0.350096149591694,0.371962007709424,4.93559379995787
2.3969246031746,0.353853899236001,0.350097653298183,0.371784099508395,4.93583047359947
2.39702380952381,0.353822483340999,0.350099143735685,0.37160627645611,4.93606711238464
2.39712301587302,0.353791069881031,0.350100620911127,0.371428538512753,4.93630371632346
2.39722222222222,0.353759658856518,0.350102084831427,0.371250885638524,4.936540285426
2.39732142857143,0.353728250267887,0.3501035355035,0.371073317793633,4.93677681970233
2.39742063492063,0.353696844115571,0.350104972934258,0.370895834938308,4.93701331916252
2.39751984126984,0.353665440400004,0.350106397130608,0.370718437032789,4.93724978381662
2.39761904761905,0.353634039121626,0.350107808099452,0.370541124037328,4.93748621367468
2.39771825396825,0.353602640280881,0.350109205847689,0.370363895912194,4.93772260874676
2.39781746031746,0.353571243878218,0.350110590382213,0.370186752617669,4.93795896904289
2.39791666666667,0.353539849914089,0.350111961709914,0.370009694114048,4.93819529457312
2.39801587301587,0.353508458388952,0.350113319837677,0.36983272036164,4.93843158534748
2.39811507936508,0.353477069303267,0.350114664772384,0.369655831320769,4.93866784137599
2.39821428571429,0.3534456826575,0.350115996520911,0.36947902695177,4.93890406266869
2.39831349206349,0.353414298452121,0.350117315090133,0.369302307214996,4.93914024923558
2.3984126984127,0.353382916687603,0.350118620486917,0.36912567207081,4.93937640108668
2.3985119047619,0.353351537364425,0.350119912718128,0.368949121479591,4.93961251823201
2.39861111111111,0.35332016048307,0.350121191790626,0.368772655401731,4.93984860068156
2.39871031746032,0.353288786044024,0.350122457711267,0.368596273797637,4.94008464844533
2.39880952380952,0.353257414047779,0.350123710486902,0.368419976627729,4.94032066153331
2.39890873015873,0.35322604449483,0.350124950124379,0.368243763852439,4.9405566399555
2.39900793650794,0.353194677385677,0.350126176630542,0.368067635432216,4.94079258372187
2.39910714285714,0.353163312720823,0.350127390012228,0.367891591327521,4.94102849284241
2.39920634920635,0.353131950500777,0.350128590276273,0.367715631498831,4.94126436732709
2.39930555555556,0.353100590726051,0.350129777429507,0.367539755906633,4.94150020718588
2.39940476190476,0.353069233397163,0.350130951478756,0.36736396451143,4.94173601242874
2.39950396825397,0.353037878514633,0.350132112430842,0.36718825727374,4.94197178306563
2.39960317460317,0.353006526078986,0.350133260292582,0.367012634154094,4.9422075191065
2.39970238095238,0.352975176090753,0.350134395070791,0.366837095113035,4.94244322056131
2.39980158730159,0.352943828550466,0.350135516772276,0.366661640111122,4.94267888743999
2.39990079365079,0.352912483458665,0.350136625403844,0.366486269108928,4.94291451975248
2.4,0.352881140815892,0.350137720972294,0.366310982067039,4.94315011750872
2.40009920634921,0.352849800622693,0.350138803484424,0.366135778946053,4.94338568071864
2.40019841269841,0.352818462879619,0.350139872947024,0.365960659706586,4.94362120939216
2.40029761904762,0.352787127587226,0.350140929366884,0.365785624309264,4.9438567035392
2.40039682539683,0.352755794746074,0.350141972750787,0.36561067271473,4.94409216316968
2.40049603174603,0.352724464356726,0.350143003105511,0.365435804883638,4.94432758829349
2.40059523809524,0.352693136419749,0.350144020437833,0.365261020776656,4.94456297892055
2.40069444444444,0.352661810935718,0.350145024754523,0.365086320354469,4.94479833506076
2.40079365079365,0.352630487905208,0.350146016062347,0.364911703577774,4.945033656724
2.40089285714286,0.3525991673288,0.350146994368069,0.364737170407279,4.94526894392017
2.40099206349206,0.352567849207079,0.350147959678446,0.364562720803711,4.94550419665915
2.40109126984127,0.352536533540635,0.350148912000232,0.364388354727808,4.94573941495083
2.40119047619048,0.352505220330062,0.350149851340177,0.364214072140321,4.94597459880506
2.40128968253968,0.352473909575958,0.350150777705026,0.364039873002016,4.94620974823173
2.40138888888889,0.352442601278925,0.35015169110152,0.363865757273673,4.9464448632407
2.4014880952381,0.352411295439569,0.350152591536396,0.363691724916087,4.94667994384182
2.4015873015873,0.352379992058502,0.350153479016388,0.363517775890063,4.94691499004496
2.40168650793651,0.352348691136339,0.350154353548222,0.363343910156425,4.94715000185995
2.40178571428571,0.352317392673699,0.350155215138624,0.363170127676007,4.94738497929665
2.40188492063492,0.352286096671205,0.350156063794313,0.362996428409658,4.94761992236488
2.40198412698413,0.352254803129487,0.350156899522005,0.36282281231824,4.9478548310745
2.40208333333333,0.352223512049175,0.350157722328411,0.36264927936263,4.94808970543532
2.40218253968254,0.352192223430907,0.350158532220238,0.36247582950372,4.94832454545717
2.40228174603175,0.352160937275324,0.350159329204189,0.362302462702413,4.94855935114987
2.40238095238095,0.352129653583069,0.350160113286964,0.362129178919628,4.94879412252323
2.40248015873016,0.352098372354794,0.350160884475255,0.361955978116296,4.94902885958707
2.40257936507937,0.352067093591151,0.350161642775754,0.361782860253364,4.94926356235118
2.40267857142857,0.352035817292799,0.350162388195146,0.361609825291791,4.94949823082537
2.40277777777778,0.352004543460399,0.350163120740113,0.36143687319255,4.94973286501943
2.40287698412698,0.351973272094618,0.350163840417332,0.361264003916631,4.94996746494315
2.40297619047619,0.351942003196127,0.350164547233477,0.361091217425032,4.95020203060631
2.4030753968254,0.351910736765601,0.350165241195215,0.36091851367877,4.9504365620187
2.4031746031746,0.351879472803719,0.350165922309213,0.360745892638874,4.95067105919009
2.40327380952381,0.351848211311165,0.35016659058213,0.360573354266386,4.95090552213024
2.40337301587302,0.351816952288626,0.350167246020622,0.360400898522363,4.95113995084892
2.40347222222222,0.351785695736795,0.350167888631342,0.360228525367875,4.95137434535589
2.40357142857143,0.351754441656368,0.350168518420936,0.360056234764006,4.95160870566092
2.40367063492063,0.351723190048045,0.350169135396048,0.359884026671856,4.95184303177373
2.40376984126984,0.351691940912533,0.350169739563318,0.359711901052536,4.95207732370409
2.40386904761905,0.351660694250539,0.35017033092938,0.35953985786717,4.95231158146172
2.40396825396825,0.351629450062778,0.350170909500865,0.3593678970769,4.95254580505637
2.40406746031746,0.351598208349967,0.3501714752844,0.359196018642879,4.95277999449776
2.40416666666667,0.351566969112829,0.350172028286605,0.359024222526274,4.95301414979562
2.40426587301587,0.351535732352088,0.3501725685141,0.358852508688266,4.95324827095967
2.40436507936508,0.351504498068478,0.350173095973498,0.35868087709005,4.95348235799961
2.40446428571429,0.351473266262731,0.350173610671408,0.358509327692836,4.95371641092517
2.40456349206349,0.351442036935588,0.350174112614435,0.358337860457844,4.95395042974605
2.4046626984127,0.351410810087792,0.35017460180918,0.358166475346314,4.95418441447195
2.4047619047619,0.35137958572009,0.350175078262241,0.357995172319494,4.95441836511255
2.40486111111111,0.351348363833234,0.350175541980208,0.357823951338649,4.95465228167756
2.40496031746032,0.351317144427982,0.350175992969671,0.357652812365058,4.95488616417665
2.40505952380952,0.351285927505092,0.350176431237213,0.35748175536001,4.9551200126195
2.40515873015873,0.351254713065331,0.350176856789414,0.357310780284814,4.9553538270158
2.40525793650794,0.351223501109467,0.350177269632849,0.357139887100788,4.95558760737521
2.40535714285714,0.351192291638274,0.35017766977409,0.356969075769265,4.95582135370739
2.40545634920635,0.351161084652529,0.350178057219702,0.356798346251593,4.956055066022
2.40555555555556,0.351129880153014,0.35017843197625,0.356627698509133,4.95628874432871
2.40565476190476,0.351098678140516,0.350178794050291,0.35645713250326,4.95652238863716
2.40575396825397,0.351067478615824,0.350179143448379,0.356286648195363,4.95675599895699
2.40585317460317,0.351036281579734,0.350179480177064,0.356116245546844,4.95698957529784
2.40595238095238,0.351005087033045,0.350179804242892,0.35594592451912,4.95722311766936
2.40605158730159,0.35097389497656,0.350180115652404,0.35577568507362,4.95745662608116
2.40615079365079,0.350942705411087,0.350180414412137,0.355605527171791,4.95769010054288
2.40625,0.350911518337437,0.350180700528625,0.355435450775088,4.95792354106413
2.40634920634921,0.350880333756427,0.350180974008395,0.355265455844984,4.95815694765453
2.40644841269841,0.350849151668877,0.350181234857973,0.355095542342965,4.95839032032369
2.40654761904762,0.350817972075612,0.350181483083878,0.35492571023053,4.95862365908122
2.40664682539683,0.35078679497746,0.350181718692625,0.354755959469193,4.95885696393671
2.40674603174603,0.350755620375256,0.350181941690728,0.35458629002048,4.95909023489977
2.40684523809524,0.350724448269836,0.350182152084693,0.354416701845933,4.95932347197997
2.40694444444444,0.350693278662042,0.350182349881023,0.354247194907106,4.95955667518691
2.40704365079365,0.350662111552721,0.350182535086217,0.354077769165569,4.95978984453016
2.40714285714286,0.350630946942722,0.35018270770677,0.353908424582904,4.96002298001931
2.40724206349206,0.350599784832901,0.350182867749171,0.353739161120707,4.96025608166392
2.40734126984127,0.350568625224117,0.350183015219908,0.353569978740588,4.96048914947355
2.40744047619048,0.350537468117231,0.350183150125462,0.353400877404172,4.96072218345777
2.40753968253968,0.350506313513113,0.350183272472311,0.353231857073096,4.96095518362613
2.40763888888889,0.350475161412634,0.350183382266928,0.353062917709012,4.96118814998819
2.4077380952381,0.350444011816669,0.350183479515782,0.352894059273586,4.96142108255348
2.4078373015873,0.350412864726099,0.350183564225338,0.352725281728498,4.96165398133156
2.40793650793651,0.350381720141809,0.350183636402056,0.352556585035439,4.96188684633194
2.40803571428571,0.350350578064687,0.350183696052394,0.352387969156118,4.96211967756417
2.40813492063492,0.350319438495627,0.350183743182803,0.352219434052256,4.96235247503778
2.40823412698413,0.350288301435526,0.35018377779973,0.352050979685587,4.96258523876227
2.40833333333333,0.350257166885285,0.35018379990962,0.351882606017859,4.96281796874717
2.40843253968254,0.350226034845811,0.350183809518912,0.351714313010836,4.96305066500198
2.40853174603175,0.350194905318014,0.350183806634042,0.351546100626294,4.96328332753621
2.40863095238095,0.350163778302808,0.350183791261439,0.351377968826023,4.96351595635937
2.40873015873016,0.350132653801113,0.35018376340753,0.351209917571825,4.96374855148095
2.40882936507937,0.35010153181385,0.350183723078739,0.351041946825521,4.96398111291043
2.40892857142857,0.350070412341948,0.350183670281482,0.350874056548942,4.96421364065731
2.40902777777778,0.350039295386338,0.350183605022175,0.350706246703931,4.96444613473107
2.40912698412698,0.350008180947956,0.350183527307226,0.35053851725235,4.96467859514117
2.40922619047619,0.349977069027743,0.35018343714304,0.350370868156072,4.9649110218971
2.4093253968254,0.349945959626642,0.35018333453602,0.350203299376983,4.96514341500831
2.4094246031746,0.349914852745602,0.350183219492561,0.350035810876984,4.96537577448427
2.40952380952381,0.349883748385577,0.350183092019057,0.349868402617989,4.96560810033444
2.40962301587302,0.349852646547523,0.350182952121896,0.349701074561929,4.96584039256826
2.40972222222222,0.349821547232402,0.350182799807461,0.349533826670744,4.96607265119518
2.40982142857143,0.34979045044118,0.350182635082134,0.349366658906391,4.96630487622464
2.40992063492063,0.349759356174828,0.350182457952288,0.349199571230841,4.96653706766608
2.41001984126984,0.349728264434318,0.350182268424297,0.349032563606077,4.96676922552893
2.41011904761905,0.349697175220631,0.350182066504526,0.348865635994096,4.96700134982261
2.41021825396825,0.349666088534749,0.350181852199339,0.348698788356911,4.96723344055655
2.41031746031746,0.349635004377659,0.350181625515094,0.348532020656546,4.96746549774015
2.41041666666667,0.349603922750353,0.350181386458145,0.348365332855042,4.96769752138284
2.41051587301587,0.349572843653826,0.350181135034844,0.348198724914451,4.96792951149401
2.41061507936508,0.349541767089079,0.350180871251535,0.34803219679684,4.96816146808308
2.41071428571429,0.349510693057116,0.35018059511456,0.347865748464291,4.96839339115943
2.41081349206349,0.349479621558945,0.350180306630257,0.347699379878897,4.96862528073245
2.4109126984127,0.349448552595579,0.350180005804958,0.347533091002767,4.96885713681154
2.4110119047619,0.349417486168036,0.350179692644993,0.347366881798023,4.96908895940607
2.41111111111111,0.349386422277337,0.350179367156687,0.347200752226802,4.96932074852541
2.41121031746032,0.349355360924507,0.350179029346358,0.347034702251253,4.96955250417895
2.41130952380952,0.349324302110576,0.350178679220324,0.346868731833541,4.96978422637605
2.41140873015873,0.34929324583658,0.350178316784897,0.346702840935843,4.97001591512606
2.41150793650794,0.349262192103555,0.350177942046384,0.34653702952035,4.97024757043835
2.41160714285714,0.349231140912546,0.350177555011088,0.346371297549269,4.97047919232226
2.41170634920635,0.349200092264599,0.350177155685308,0.346205644984817,4.97071078078714
2.41180555555556,0.349169046160765,0.35017674407534,0.346040071789228,4.97094233584233
2.41190476190476,0.3491380026021,0.350176320187474,0.34587457792475,4.97117385749718
2.41200396825397,0.349106961589665,0.350175884027997,0.345709163353642,4.971405345761
2.41210317460317,0.349075923124523,0.350175435603189,0.34554382803818,4.97163680064313
2.41220238095238,0.349044887207742,0.35017497491933,0.345378571940651,4.97186822215289
2.41230158730159,0.349013853840396,0.350174501982693,0.345213395023359,4.97209961029959
2.41240079365079,0.348982823023561,0.350174016799547,0.345048297248618,4.97233096509255
2.4125,0.348951794758319,0.350173519376158,0.344883278578759,4.97256228654107
2.41259920634921,0.348920769045755,0.350173009718785,0.344718338976126,4.97279357465445
2.41269841269841,0.34888974588696,0.350172487833686,0.344553478403077,4.97302482944199
2.41279761904762,0.348858725283026,0.350171953727114,0.344388696821981,4.97325605091299
2.41289682539683,0.348827707235054,0.350171407405316,0.344223994195226,4.97348723907672
2.41299603174603,0.348796691744144,0.350170848874535,0.344059370485211,4.97371839394247
2.41309523809524,0.348765678811405,0.350170278141013,0.343894825654347,4.97394951551952
2.41319444444444,0.348734668437947,0.350169695210983,0.343730359665061,4.97418060381713
2.41329365079365,0.348703660624887,0.350169100090678,0.343565972479796,4.97441165884458
2.41339285714286,0.348672655373343,0.350168492786324,0.343401664061005,4.97464268061113
2.41349206349206,0.348641652684439,0.350167873304143,0.343237434371155,4.97487366912602
2.41359126984127,0.348610652559305,0.350167241650354,0.343073283372731,4.97510462439853
2.41369047619048,0.348579654999073,0.350166597831171,0.342909211028226,4.97533554643788
2.41378968253968,0.34854866000488,0.350165941852804,0.342745217300153,4.97556643525332
2.41388888888889,0.348517667577866,0.350165273721458,0.342581302151033,4.9757972908541
2.4139880952381,0.348486677719177,0.350164593443336,0.342417465543404,4.97602811324943
2.4140873015873,0.348455690429964,0.350163901024633,0.342253707439819,4.97625890244855
2.41418650793651,0.348424705711379,0.350163196471543,0.342090027802841,4.97648965846068
2.41428571428571,0.348393723564581,0.350162479790254,0.341926426595051,4.97672038129504
2.41438492063492,0.348362743990734,0.350161750986951,0.34176290377904,4.97695107096084
2.41448412698413,0.348331766991002,0.350161010067814,0.341599459317417,4.97718172746728
2.41458333333333,0.348300792566559,0.350160257039019,0.341436093172801,4.97741235082357
2.41468253968254,0.348269820718578,0.350159491906736,0.341272805307826,4.9776429410389
2.41478174603175,0.348238851448241,0.350158714677135,0.341109595685141,4.97787349812247
2.41488095238095,0.348207884756729,0.350157925356377,0.340946464267409,4.97810402208346
2.41498015873016,0.348176920645233,0.350157123950621,0.340783411017304,4.97833451293105
2.41507936507937,0.348145959114944,0.350156310466023,0.340620435897517,4.97856497067443
2.41517857142857,0.348115000167059,0.350155484908732,0.340457538870751,4.97879539532276
2.41527777777778,0.348084043802779,0.350154647284895,0.340294719899724,4.97902578688521
2.41537698412698,0.348053090023309,0.350153797600653,0.340131978947167,4.97925614537094
2.41547619047619,0.348022138829859,0.350152935862144,0.339969315975825,4.97948647078911
2.4155753968254,0.347991190223644,0.350152062075501,0.339806730948458,4.97971676314888
2.4156746031746,0.34796024420588,0.350151176246854,0.339644223827837,4.97994702245938
2.41577380952381,0.34792930077779,0.350150278382327,0.33948179457675,4.98017724872977
2.41587301587302,0.347898359940602,0.350149368488041,0.339319443157997,4.98040744196917
2.41597222222222,0.347867421695545,0.350148446570112,0.339157169534392,4.98063760218672
2.41607142857143,0.347836486043856,0.350147512634653,0.338994973668764,4.98086772939155
2.41617063492063,0.347805552986774,0.350146566687771,0.338832855523954,4.98109782359279
2.41626984126984,0.347774622525542,0.350145608735569,0.338670815062819,4.98132788479953
2.41636904761905,0.347743694661409,0.350144638784148,0.338508852248228,4.98155791302091
2.41646825396825,0.347712769395626,0.350143656839601,0.338346967043064,4.98178790826602
2.41656746031746,0.347681846729452,0.350142662908021,0.338185159410226,4.98201787054398
2.41666666666667,0.347650926664146,0.350141656995493,0.338023429312624,4.98224779986386
2.41676587301587,0.347620009200974,0.3501406391081,0.337861776713183,4.98247769623478
2.41686507936508,0.347589094341205,0.350139609251921,0.337700201574842,4.98270755966581
2.41696428571429,0.347558182086112,0.350138567433028,0.337538703860554,4.98293739016605
2.41706349206349,0.347527272436975,0.350137513657491,0.337377283533286,4.98316718774455
2.4171626984127,0.347496365395075,0.350136447931377,0.337215940556017,4.98339695241041
2.4172619047619,0.347465460961699,0.350135370260745,0.337054674891742,4.98362668417268
2.41736111111111,0.347434559138137,0.350134280651653,0.33689348650347,4.98385638304043
2.41746031746032,0.347403659925685,0.350133179110153,0.336732375354222,4.98408604902272
2.41755952380952,0.347372763325642,0.350132065642294,0.336571341407033,4.98431568212859
2.41765873015873,0.347341869339311,0.35013094025412,0.336410384624954,4.9845452823671
2.41775793650794,0.347310977968002,0.35012980295167,0.336249504971048,4.98477484974729
2.41785714285714,0.347280089213025,0.350128653740981,0.336088702408393,4.98500438427819
2.41795634920635,0.347249203075698,0.350127492628083,0.335927976900078,4.98523388596884
2.41805555555556,0.347218319557341,0.350126319619003,0.33576732840921,4.98546335482827
2.41815476190476,0.347187438659279,0.350125134719765,0.335606756898907,4.9856927908655
2.41825396825397,0.347156560382842,0.350123937936387,0.335446262332302,4.98592219408954
2.41835317460317,0.347125684729363,0.350122729274883,0.335285844672542,4.98615156450941
2.41845238095238,0.34709481170018,0.350121508741264,0.335125503882785,4.98638090213413
2.41855158730159,0.347063941296636,0.350120276341535,0.334965239926208,4.98661020697267
2.41865079365079,0.347033073520075,0.350119032081698,0.334805052765997,4.98683947903406
2.41875,0.347002208371851,0.35011777596775,0.334644942365355,4.98706871832728
2.41884920634921,0.346971345853316,0.350116508005685,0.334484908687498,4.98729792486131
2.41894841269841,0.346940485965831,0.35011522820149,0.334324951695654,4.98752709864515
2.41904761904762,0.34690962871076,0.350113936561151,0.334165071353068,4.98775623968776
2.41914682539683,0.346878774089469,0.350112633090648,0.334005267622996,4.98798534799813
2.41924603174603,0.346847922103331,0.350111317795957,0.33384554046871,4.98821442358522
2.41934523809524,0.346817072753723,0.350109990683051,0.333685889853494,4.98844346645798
2.41944444444444,0.346786226042024,0.350108651757895,0.333526315740647,4.98867247662539
2.41954365079365,0.346755381969621,0.350107301026455,0.333366818093482,4.98890145409639
2.41964285714286,0.346724540537902,0.350105938494688,0.333207396875326,4.98913039887994
2.41974206349206,0.34669370174826,0.350104564168551,0.333048052049517,4.98935931098496
2.41984126984127,0.346662865602094,0.350103178053992,0.332888783579412,4.98958819042041
2.41994047619048,0.346632032100805,0.35010178015696,0.332729591428376,4.98981703719522
2.42003968253968,0.3466012012458,0.350100370483395,0.332570475559793,4.99004585131831
2.42013888888889,0.34657037303849,0.350098949039235,0.332411435937058,4.9902746327986
2.4202380952381,0.346539547480288,0.350097515830415,0.332252472523579,4.99050338164502
2.4203373015873,0.346508724572615,0.350096070862864,0.332093585282782,4.99073209786648
2.42043650793651,0.346477904316893,0.350094614142505,0.331934774178103,4.99096078147188
2.42053571428571,0.346447086714551,0.350093145675262,0.331776039172992,4.99118943247013
2.42063492063492,0.34641627176702,0.350091665467049,0.331617380230914,4.99141805087013
2.42073412698413,0.346385459475736,0.35009017352378,0.331458797315349,4.99164663668077
2.42083333333333,0.346354649842141,0.350088669851362,0.331300290389788,4.99187518991094
2.42093253968254,0.346323842867679,0.350087154455699,0.331141859417739,4.99210371056952
2.42103174603175,0.346293038553798,0.350085627342691,0.330983504362721,4.99233219866539
2.42113095238095,0.346262236901953,0.350084088518234,0.330825225188268,4.99256065420742
2.42123015873016,0.346231437913601,0.350082537988217,0.330667021857928,4.99278907720448
2.42132936507937,0.346200641590204,0.350080975758529,0.330508894335263,4.99301746766545
2.42142857142857,0.346169847933227,0.350079401835051,0.330350842583848,4.99324582559916
2.42152777777778,0.346139056944142,0.350077816223662,0.330192866567273,4.99347415101448
2.42162698412698,0.346108268624423,0.350076218930236,0.330034966249141,4.99370244392026
2.42172619047619,0.34607748297555,0.350074609960643,0.329877141593068,4.99393070432533
2.4218253968254,0.346046699999004,0.350072989320748,0.329719392562687,4.99415893223855
2.4219246031746,0.346015919696275,0.350071357016413,0.329561719121642,4.99438712766873
2.42202380952381,0.345985142068854,0.350069713053495,0.32940412123359,4.99461529062471
2.42212301587302,0.345954367118236,0.350068057437847,0.329246598862205,4.99484342111532
2.42222222222222,0.345923594845923,0.350066390175317,0.329089151971173,4.99507151914937
2.42232142857143,0.345892825253419,0.350064711271749,0.328931780524195,4.99529958473567
2.42242063492063,0.345862058342233,0.350063020732984,0.328774484484982,4.99552761788303
2.42251984126984,0.345831294113878,0.350061318564858,0.328617263817265,4.99575561860027
2.42261904761905,0.345800532569871,0.350059604773202,0.328460118484785,4.99598358689616
2.42271825396825,0.345769773711735,0.350057879363842,0.328303048451296,4.99621152277952
2.42281746031746,0.345739017540996,0.350056142342604,0.328146053680568,4.99643942625913
2.42291666666667,0.345708264059183,0.350054393715304,0.327989134136384,4.99666729734376
2.42301587301587,0.345677513267832,0.350052633487759,0.327832289782542,4.99689513604221
2.42311507936508,0.34564676516848,0.350050861665777,0.327675520582852,4.99712294236324
2.42321428571429,0.345616019762673,0.350049078255166,0.327518826501138,4.99735071631563
2.42331349206349,0.345585277051956,0.350047283261727,0.32736220750124,4.99757845790813
2.4234126984127,0.345554537037881,0.350045476691257,0.32720566354701,4.99780616714951
2.4235119047619,0.345523799722005,0.350043658549551,0.327049194602313,4.99803384404851
2.42361111111111,0.345493065105888,0.350041828842396,0.32689280063103,4.9982614886139
2.42371031746032,0.345462333191094,0.350039987575579,0.326736481597055,4.9984891008544
2.42380952380952,0.345431603979192,0.350038134754878,0.326580237464295,4.99871668077877
2.42390873015873,0.345400877471756,0.350036270386071,0.326424068196672,4.99894422839573
2.42400793650794,0.345370153670362,0.350034394474931,0.326267973758121,4.99917174371402
2.42410714285714,0.345339432576592,0.350032507027223,0.326111954112592,4.99939922674235
2.42420634920635,0.345308714192032,0.350030608048713,0.325956009224048,4.99962667748945
2.42430555555556,0.345277998518273,0.35002869754516,0.325800139056465,4.99985409596403
2.42440476190476,0.345247285556908,0.350026775522318,0.325644343573834,5.0000814821748
2.42450396825397,0.345216575309537,0.350024841985938,0.32548862274016,5.00030883613047
2.42460317460317,0.345185867777762,0.350022896941768,0.325332976519462,5.00053615783973
2.42470238095238,0.345155162963192,0.350020940395548,0.32517740487577,5.00076344731127
2.42480158730159,0.345124460867436,0.350018972353018,0.325021907773133,5.00099070455379
2.42490079365079,0.345093761492112,0.350016992819911,0.32486648517561,5.00121792957597
2.425,0.345063064838839,0.350015001801957,0.324711137047273,5.00144512238649
2.42509920634921,0.345032370909242,0.350012999304881,0.324555863352212,5.00167228299402
2.42519841269841,0.34500167970495,0.350010985334404,0.324400664054527,5.00189941140724
2.42529761904762,0.344970991227595,0.350008959896243,0.324245539118334,5.0021265076348
2.42539682539683,0.344940305478814,0.350006922996111,0.324090488507762,5.00235357168537
2.42549603174603,0.34490962246025,0.350004874639715,0.323935512186954,5.0025806035676
2.42559523809524,0.344878942173548,0.35000281483276,0.323780610120067,5.00280760329014
2.42569444444444,0.344848264620358,0.350000743580946,0.323625782271272,5.00303457086163
2.42579365079365,0.344817589802334,0.349998660889969,0.323471028604752,5.00326150629072
2.42589285714286,0.344786917721135,0.349996566765518,0.323316349084706,5.00348840958603
2.42599206349206,0.344756248378424,0.349994461213283,0.323161743675348,5.0037152807562
2.42609126984127,0.344725581775868,0.349992344238945,0.323007212340901,5.00394211980985
2.42619047619048,0.344694917915139,0.349990215848182,0.322852755045607,5.00416892675561
2.42628968253968,0.344664256797911,0.349988076046671,0.322698371753719,5.00439570160208
2.42638888888889,0.344633598425866,0.349985924840079,0.322544062429506,5.00462244435787
2.4264880952381,0.344602942800688,0.349983762234074,0.322389827037247,5.00484915503159
2.4265873015873,0.344572289924064,0.349981588234317,0.322235665541238,5.00507583363184
2.42668650793651,0.344541639797688,0.349979402846465,0.322081577905789,5.00530248016721
2.42678571428571,0.344510992423258,0.34997720607617,0.321927564095222,5.0055290946463
2.42688492063492,0.344480347802473,0.349974997929083,0.321773624073874,5.00575567707768
2.42698412698413,0.344449705937041,0.349972778410848,0.321619757806095,5.00598222746994
2.42708333333333,0.34441906682867,0.349970547527104,0.321465965256252,5.00620874583165
2.42718253968254,0.344388430479076,0.349968305283488,0.32131224638872,5.00643523217138
2.42728174603175,0.344357796889977,0.349966051685632,0.321158601167893,5.0066616864977
2.42738095238095,0.344327166063094,0.349963786739163,0.321005029558176,5.00688810881917
2.42748015873016,0.344296538000156,0.349961510449705,0.320851531523989,5.00711449914433
2.42757936507937,0.344265912702894,0.349959222822876,0.320698107029767,5.00734085748174
2.42767857142857,0.344235290173044,0.349956923864292,0.320544756039955,5.00756718383995
2.42777777777778,0.344204670412344,0.349954613579563,0.320391478519017,5.00779347822749
2.42787698412698,0.34417405342254,0.349952291974295,0.320238274431426,5.0080197406529
2.42797619047619,0.34414343920538,0.349949959054091,0.320085143741672,5.00824597112471
2.4280753968254,0.344112827762616,0.349947614824548,0.319932086414258,5.00847216965145
2.4281746031746,0.344082219096006,0.349945259291259,0.3197791024137,5.00869833624162
2.42827380952381,0.34405161320731,0.349942892459815,0.319626191704529,5.00892447090376
2.42837301587302,0.344021010098294,0.3499405143358,0.319473354251289,5.00915057364636
2.42847222222222,0.343990409770729,0.349938124924795,0.319320590018538,5.00937664447794
2.42857142857143,0.343959812226388,0.349935724232376,0.31916789897085,5.00960268340698
2.42867063492063,0.343929217467049,0.349933312264116,0.319015281072808,5.009828690442
2.42876984126984,0.343898625494495,0.349930889025583,0.318862736289014,5.01005466559148
2.42886904761905,0.343868036310514,0.34992845452234,0.318710264584079,5.01028060886389
2.42896825396825,0.343837449916895,0.349926008759948,0.318557865922634,5.01050652026774
2.42906746031746,0.343806866315436,0.349923551743962,0.318405540269317,5.01073239981147
2.42916666666667,0.343776285507934,0.349921083479932,0.318253287588784,5.01095824750358
2.42926587301587,0.343745707496195,0.349918603973405,0.318101107845705,5.01118406335252
2.42936507936508,0.343715132282027,0.349916113229924,0.317949001004763,5.01140984736675
2.42946428571429,0.343684559867243,0.349913611255028,0.317796967030652,5.01163559955474
2.42956349206349,0.343653990253658,0.349911098054249,0.317645005888085,5.01186131992492
2.4296626984127,0.343623423443095,0.349908573633119,0.317493117541785,5.01208700848574
2.4297619047619,0.343592859437378,0.349906037997163,0.317341301956491,5.01231266524565
2.42986111111111,0.343562298238338,0.349903491151902,0.317189559096953,5.01253829021307
2.42996031746032,0.343531739847808,0.349900933102852,0.31703788892794,5.01276388339645
2.43005952380952,0.343501184267626,0.349898363855528,0.316886291414229,5.0129894448042
2.43015873015873,0.343470631499636,0.349895783415437,0.316734766520614,5.01321497444474
2.43025793650794,0.343440081545683,0.349893191788083,0.316583314211904,5.0134404723265
2.43035714285714,0.343409534407619,0.349890588978968,0.316431934452917,5.01366593845788
2.43045634920635,0.3433789900873,0.349887974993586,0.316280627208491,5.01389137284728
2.43055555555556,0.343348448586584,0.349885349837429,0.316129392443474,5.0141167755031
2.43065476190476,0.343317909907336,0.349882713515984,0.315978230122728,5.01434214643375
2.43075396825397,0.343287374051424,0.349880066034735,0.31582714021113,5.01456748564762
2.43085317460317,0.34325684102072,0.34987740739916,0.31567612267357,5.01479279315307
2.43095238095238,0.343226310817101,0.349874737614734,0.315525177474953,5.01501806895851
2.43105158730159,0.343195783442448,0.349872056686927,0.315374304580196,5.0152433130723
2.43115079365079,0.343165258898647,0.349869364621205,0.315223503954231,5.01546852550281
2.43125,0.343134737187586,0.34986666142303,0.315072775562005,5.01569370625841
2.43134920634921,0.34310421831116,0.34986394709786,0.314922119368476,5.01591885534747
2.43144841269841,0.343073702271267,0.349861221651148,0.314771535338619,5.01614397277832
2.43154761904762,0.343043189069809,0.349858485088342,0.31462102343742,5.01636905855934
2.43164682539683,0.343012678708693,0.349855737414888,0.314470583629881,5.01659411269885
2.43174603174603,0.34298217118983,0.349852978636226,0.314320215881016,5.01681913520521
2.43184523809524,0.342951666515134,0.349850208757793,0.314169920155853,5.01704412608674
2.43194444444444,0.342921164686526,0.349847427785021,0.314019696419437,5.01726908535178
2.43204365079365,0.342890665705929,0.349844635723336,0.313869544636823,5.01749401300866
2.43214285714286,0.342860169575271,0.349841832578164,0.313719464773081,5.01771890906569
2.43224206349206,0.342829676296485,0.349839018354923,0.313569456793296,5.0179437735312
2.43234126984127,0.342799185871507,0.349836193059028,0.313419520662566,5.01816860641348
2.43244047619048,0.342768698302278,0.34983335669589,0.313269656346002,5.01839340772085
2.43253968253968,0.342738213590743,0.349830509270916,0.31311986380873,5.01861817746161
2.43263888888889,0.342707731738851,0.349827650789508,0.31297014301589,5.01884291564405
2.4327380952381,0.342677252748557,0.349824781257063,0.312820493932635,5.01906762227647
2.4328373015873,0.342646776621818,0.349821900678977,0.312670916524131,5.01929229736714
2.43293650793651,0.342616303360596,0.349819009060637,0.31252141075556,5.01951694092436
2.43303571428571,0.342585832966859,0.349816106407431,0.312371976592118,5.0197415529564
2.43313492063492,0.342555365442576,0.349813192724737,0.312222613999012,5.01996613347152
2.43323412698413,0.342524900789723,0.349810268017935,0.312073322941466,5.020190682478
2.43333333333333,0.342494439010279,0.349807332292395,0.311924103384714,5.02041519998409
2.43343253968254,0.342463980106228,0.349804385553487,0.311774955294009,5.02063968599805
2.43353174603175,0.342433524079558,0.349801427806574,0.311625878634613,5.02086414052814
2.43363095238095,0.342403070932261,0.349798459057016,0.311476873371804,5.02108856358259
2.43373015873016,0.342372620666333,0.349795479310168,0.311327939470876,5.02131295516965
2.43382936507937,0.342342173283775,0.349792488571383,0.311179076897132,5.02153731529756
2.43392857142857,0.342311728786593,0.349789486846007,0.311030285615893,5.02176164397454
2.43402777777778,0.342281287176794,0.349786474139382,0.310881565592491,5.02198594120883
2.43412698412698,0.342250848456394,0.349783450456848,0.310732916792274,5.02221020700864
2.43422619047619,0.34222041262741,0.349780415803738,0.310584339180603,5.02243444138219
2.4343253968254,0.342189979691863,0.349777370185383,0.310435832722852,5.02265864433769
2.4344246031746,0.342159549651781,0.349774313607108,0.31028739738441,5.02288281588334
2.43452380952381,0.342129122509194,0.349771246074236,0.310139033130679,5.02310695602736
2.43462301587302,0.342098698266137,0.349768167592083,0.309990739927077,5.02333106477793
2.43472222222222,0.342068276924649,0.349765078165962,0.309842517739033,5.02355514214324
2.43482142857143,0.342037858486774,0.349761977801182,0.309694366531989,5.02377918813149
2.43492063492063,0.342007442954559,0.349758866503048,0.309546286271407,5.02400320275085
2.43501984126984,0.341977030330057,0.34975574427686,0.309398276922755,5.0242271860095
2.43511904761905,0.341946620615323,0.349752611127914,0.30925033845152,5.02445113791561
2.43521825396825,0.341916213812419,0.349749467061501,0.309102470823202,5.02467505847735
2.43531746031746,0.34188580992341,0.34974631208291,0.308954674003313,5.02489894770288
2.43541666666667,0.341855408950363,0.349743146197424,0.30880694795738,5.02512280560035
2.43551587301587,0.341825010895354,0.349739969410321,0.308659292650944,5.02534663217792
2.43561507936508,0.341794615760459,0.349736781726877,0.308511708049561,5.02557042744373
2.43571428571429,0.341764223547762,0.349733583152361,0.308364194118798,5.02579419140593
2.43581349206349,0.341733834259347,0.349730373692041,0.308216750824238,5.02601792407264
2.4359126984127,0.341703447897305,0.349727153351178,0.308069378131477,5.02624162545202
2.4360119047619,0.341673064463732,0.349723922135031,0.307922076006125,5.02646529555216
2.43611111111111,0.341642683960726,0.349720680048852,0.307774844413806,5.02668893438122
2.43621031746032,0.34161230639039,0.34971742709789,0.307627683320159,5.02691254194728
2.43630952380952,0.341581931754834,0.349714163287392,0.307480592690833,5.02713611825848
2.43640873015873,0.341551560056167,0.349710888622598,0.307333572491495,5.02735966332291
2.43650793650794,0.341521191296507,0.349707603108744,0.307186622687825,5.02758317714868
2.43660714285714,0.341490825477974,0.349704306751062,0.307039743245514,5.02780665974389
2.43670634920635,0.341460462602693,0.349700999554781,0.30689293413027,5.02803011111662
2.43680555555556,0.341430102672792,0.349697681525125,0.306746195307815,5.02825353127496
2.43690476190476,0.341399745690406,0.349694352667312,0.306599526743882,5.02847692022699
2.43700396825397,0.341369391657671,0.349691012986559,0.30645292840422,5.0287002779808
2.43710317460317,0.341339040576729,0.349687662488076,0.306306400254591,5.02892360454445
2.43720238095238,0.341308692449728,0.34968430117707,0.306159942260772,5.02914689992601
2.43730158730159,0.341278347278816,0.349680929058743,0.306013554388551,5.02937016413354
2.43740079365079,0.341248005066149,0.349677546138294,0.305867236603735,5.0295933971751
2.4375,0.341217665813886,0.349674152420918,0.305720988872139,5.02981659905873
2.43759920634921,0.34118732952419,0.349670747911802,0.305574811159595,5.0300397697925
2.43769841269841,0.341156996199229,0.349667332616135,0.30542870343195,5.03026290938443
2.43779761904762,0.341126665841173,0.349663906539095,0.30528266565506,5.03048601784257
2.43789682539683,0.3410963384522,0.349660469685861,0.305136697794802,5.03070909517495
2.43799603174603,0.34106601403449,0.349657022061606,0.30499079981706,5.03093214138959
2.43809523809524,0.341035692590227,0.349653563671497,0.304844971687735,5.03115515649452
2.43819444444444,0.3410053741216,0.349650094520699,0.304699213372742,5.03137814049776
2.43829365079365,0.340975058630803,0.349646614614373,0.30455352483801,5.0316010934073
2.43839285714286,0.340944746120032,0.349643123957673,0.304407906049481,5.03182401523117
2.43849206349206,0.340914436591491,0.349639622555752,0.304262356973109,5.03204690597737
2.43859126984127,0.340884130047383,0.349636110413757,0.304116877574867,5.03226976565389
2.43869047619048,0.340853826489921,0.34963258753683,0.303971467820738,5.03249259426872
2.43878968253968,0.340823525921318,0.349629053930111,0.303826127676717,5.03271539182986
2.43888888888889,0.340793228343793,0.349625509598734,0.303680857108819,5.03293815834528
2.4389880952381,0.34076293375957,0.34962195454783,0.303535656083067,5.03316089382295
2.4390873015873,0.340732642170876,0.349618388782524,0.303390524565502,5.03338359827086
2.43918650793651,0.340702353579942,0.349614812307938,0.303245462522174,5.03360627169697
2.43928571428571,0.340672067989004,0.349611225129189,0.303100469919152,5.03382891410925
2.43938492063492,0.340641785400303,0.349607627251392,0.302955546722517,5.03405152551564
2.43948412698413,0.340611505816083,0.349604018679655,0.302810692898361,5.03427410592411
2.43958333333333,0.340581229238593,0.349600399419082,0.302665908412795,5.03449665534259
2.43968253968254,0.340550955670086,0.349596769474775,0.30252119323194,5.03471917377904
2.43978174603175,0.34052068511282,0.34959312885183,0.302376547321932,5.03494166124139
2.43988095238095,0.340490417569055,0.349589477555338,0.302231970648921,5.03516411773756
2.43998015873016,0.340460153041057,0.349585815590387,0.30208746317907,5.0353865432755
2.44007936507937,0.340429891531098,0.349582142962062,0.301943024878557,5.03560893786312
2.44017857142857,0.340399633041451,0.34957845967544,0.301798655713574,5.03583130150833
2.44027777777778,0.340369377574395,0.349574765735598,0.301654355650325,5.03605363421906
2.44037698412698,0.340339125132214,0.349571061147606,0.30151012465503,5.03627593600321
2.44047619047619,0.340308875717193,0.34956734591653,0.301365962693921,5.03649820686868
2.4405753968254,0.340278629331625,0.349563620047434,0.301221869733246,5.03672044682336
2.4406746031746,0.340248385977806,0.349559883545374,0.301077845739265,5.03694265587516
2.44077380952381,0.340218145658036,0.349556136415404,0.300933890678251,5.03716483403196
2.44087301587302,0.340187908374618,0.349552378662575,0.300790004516494,5.03738698130164
2.44097222222222,0.340157674129863,0.349548610291931,0.300646187220295,5.03760909769207
2.44107142857143,0.340127442926082,0.349544831308514,0.30050243875597,5.03783118321114
2.44117063492063,0.340097214765593,0.34954104171736,0.30035875908985,5.03805323786671
2.44126984126984,0.340066989650717,0.349537241523501,0.300215148188278,5.03827526166665
2.44136904761905,0.340036767583781,0.349533430731967,0.300071606017611,5.0384972546188
2.44146825396825,0.340006548567113,0.349529609347781,0.299928132544219,5.03871921673102
2.44156746031746,0.339976332603049,0.349525777375962,0.29978472773449,5.03894114801117
2.44166666666667,0.339946119693927,0.349521934821527,0.299641391554821,5.03916304846707
2.44176587301587,0.33991590984209,0.349518081689486,0.299498123971625,5.03938491810658
2.44186507936508,0.339885703049884,0.349514217984847,0.299354924951329,5.03960675693753
2.44196428571429,0.339855499319663,0.349510343712613,0.299211794460374,5.03982856496773
2.44206349206349,0.33982529865378,0.349506458877781,0.299068732465213,5.04005034220502
2.4421626984127,0.339795101054596,0.349502563485346,0.298925738932316,5.04027208865721
2.4422619047619,0.339764906524475,0.349498657540299,0.298782813828162,5.04049380433212
2.44236111111111,0.339734715065787,0.349494741047625,0.29863995711925,5.04071548923755
2.44246031746032,0.339704526680902,0.349490814012305,0.298497168772088,5.04093714338131
2.44255952380952,0.3396743413722,0.349486876439317,0.2983544487532,5.04115876677119
2.44265873015873,0.33964415914206,0.349482928333634,0.298211797029123,5.04138035941499
2.44275793650794,0.339613979992869,0.349478969700224,0.298069213566408,5.04160192132049
2.44285714285714,0.339583803927017,0.349475000544053,0.297926698331622,5.04182345249548
2.44295634920635,0.339553630946897,0.349471020870079,0.29778425129134,5.04204495294774
2.44305555555556,0.339523461054908,0.34946703068326,0.297641872412159,5.04226642268504
2.44315476190476,0.339493294253454,0.349463029988548,0.297499561660683,5.04248786171515
2.44325396825397,0.33946313054494,0.349459018790889,0.297357319003533,5.04270927004582
2.44335317460317,0.339432969931778,0.349454997095226,0.297215144407343,5.04293064768483
2.44345238095238,0.339402812416384,0.3494509649065,0.297073037838762,5.04315199463992
2.44355158730159,0.339372658001177,0.349446922229645,0.296930999264451,5.04337331091883
2.44365079365079,0.339342506688582,0.349442869069591,0.296789028651086,5.04359459652932
2.44375,0.339312358481027,0.349438805431264,0.296647125965356,5.04381585147913
2.44384920634921,0.339282213380945,0.349434731319587,0.296505291173966,5.04403707577597
2.44394841269841,0.339252071390773,0.349430646739477,0.296363524243632,5.04425826942759
2.44404761904762,0.339221932512951,0.349426551695847,0.296221825141085,5.04447943244171
2.44414682539683,0.339191796749925,0.349422446193608,0.29608019383307,5.04470056482604
2.44424603174603,0.339161664104146,0.349418330237664,0.295938630286347,5.0449216665883
2.44434523809524,0.339131534578067,0.349414203832916,0.295797134467688,5.0451427377362
2.44444444444444,0.339101408174146,0.34941006698426,0.295655706343879,5.04536377827744
2.44454365079365,0.339071284894846,0.349405919696589,0.295514345881721,5.04558478821971
2.44464285714286,0.339041164742635,0.349401761974791,0.295373053048028,5.04580576757072
2.44474206349206,0.339011047719982,0.349397593823748,0.295231827809627,5.04602671633815
2.44484126984127,0.338980933829364,0.349393415248342,0.295090670133361,5.04624763452968
2.44494047619048,0.33895082307326,0.349389226253447,0.294949579986085,5.04646852215299
2.44503968253968,0.338920715454154,0.349385026843934,0.29480855733467,5.04668937921576
2.44513888888889,0.338890610974535,0.34938081702467,0.294667602145997,5.04691020572566
2.4452380952381,0.338860509636895,0.349376596800518,0.294526714386965,5.04713100169034
2.4453373015873,0.33883041144373,0.349372366176335,0.294385894024484,5.04735176711746
2.44543650793651,0.338800316397542,0.349368125156976,0.29424514102548,5.04757250201469
2.44553571428571,0.338770224500837,0.349363873747291,0.294104455356891,5.04779320638967
2.44563492063492,0.338740135756124,0.349359611952124,0.293963836985669,5.04801388025004
2.44573412698413,0.338710050165916,0.349355339776318,0.293823285878782,5.04823452360344
2.44583333333333,0.338679967732732,0.349351057224709,0.293682802003209,5.0484551364575
2.44593253968254,0.338649888459095,0.349346764302131,0.293542385325944,5.04867571881986
2.44603174603175,0.338619812347531,0.349342461013411,0.293402035813995,5.04889627069813
2.44613095238095,0.338589739400571,0.349338147363373,0.293261753434385,5.04911679209994
2.44623015873016,0.338559669620751,0.349333823356839,0.293121538154148,5.04933728303291
2.44632936507937,0.338529603010609,0.349329488998623,0.292981389940334,5.04955774350462
2.44642857142857,0.338499539572691,0.349325144293537,0.292841308760007,5.0497781735227
2.44652777777778,0.338469479309544,0.349320789246388,0.292701294580244,5.04999857309475
2.44662698412698,0.33843942222372,0.34931642386198,0.292561347368134,5.05021894222834
2.44672619047619,0.338409368317777,0.349312048145111,0.292421467090784,5.05043928093108
2.4468253968254,0.338379317594274,0.349307662100576,0.292281653715312,5.05065958921055
2.4469246031746,0.338349270055778,0.349303265733165,0.292141907208851,5.05087986707433
2.44702380952381,0.338319225704858,0.349298859047663,0.292002227538546,5.05110011452998
2.44712301587302,0.338289184544088,0.349294442048854,0.291862614671558,5.05132033158509
2.44722222222222,0.338259146576045,0.349290014741513,0.291723068575062,5.05154051824721
2.44732142857143,0.338229111803312,0.349285577130415,0.291583589216244,5.0517606745239
2.44742063492063,0.338199080228476,0.349281129220328,0.291444176562306,5.05198080042272
2.44751984126984,0.338169051854127,0.349276671016018,0.291304830580465,5.05220089595121
2.44761904761905,0.338139026682861,0.349272202522244,0.291165551237949,5.05242096111693
2.44771825396825,0.338109004717278,0.349267723743763,0.291026338502001,5.0526409959274
2.44781746031746,0.33807898595998,0.349263234685327,0.290887192339879,5.05286100039017
2.44791666666667,0.338048970413576,0.349258735351684,0.290748112718854,5.05308097451275
2.44801587301587,0.338018958080678,0.349254225747577,0.29060909960621,5.05330091830269
2.44811507936508,0.337988948963903,0.349249705877746,0.290470152969246,5.05352083176749
2.44821428571429,0.337958943065872,0.349245175746925,0.290331272775273,5.05374071491467
2.44831349206349,0.337928940389209,0.349240635359845,0.29019245899162,5.05396056775174
2.4484126984127,0.337898940936544,0.349236084721233,0.290053711585625,5.0541803902862
2.4485119047619,0.337868944710511,0.349231523835811,0.289915030524642,5.05440018252555
2.44861111111111,0.337838951713748,0.349226952708297,0.28977641577604,5.0546199444773
2.44871031746032,0.337808961948896,0.349222371343405,0.2896378673072,5.05483967614891
2.44880952380952,0.337778975418603,0.349217779745844,0.289499385085518,5.05505937754789
2.44890873015873,0.337748992125519,0.34921317792032,0.289360969078401,5.05527904868171
2.44900793650794,0.337719012072299,0.349208565871533,0.289222619253275,5.05549868955784
2.44910714285714,0.337689035261602,0.349203943604181,0.289084335577576,5.05571830018375
2.44920634920635,0.337659061696093,0.349199311122955,0.288946118018753,5.05593788056692
2.44930555555556,0.337629091378438,0.349194668432544,0.288807966544274,5.05615743071479
2.44940476190476,0.33759912431131,0.349190015537632,0.288669881121615,5.05637695063482
2.44950396825397,0.337569160497386,0.3491853524429,0.288531861718269,5.05659644033447
2.44960317460317,0.337539199939346,0.349180679153021,0.288393908301742,5.05681589982117
2.44970238095238,0.337509242639875,0.349175995672668,0.288256020839554,5.05703532910236
2.44980158730159,0.337479288601663,0.349171302006507,0.28811819929924,5.05725472818549
2.44990079365079,0.337449337827402,0.349166598159202,0.287980443648346,5.05747409707797
2.45,0.337419390319792,0.349161884135411,0.287842753854435,5.05769343578724
2.45009920634921,0.337389446081533,0.349157159939787,0.287705129885081,5.05791274432072
2.45019841269841,0.337359505115332,0.349152425576982,0.287567571707875,5.05813202268581
2.45029761904762,0.3373295674239,0.34914768105164,0.287430079290418,5.05835127088993
2.45039682539683,0.337299633009952,0.349142926368404,0.287292652600328,5.05857048894048
2.45049603174603,0.337269701876206,0.34913816153191,0.287155291605236,5.05878967684487
2.45059523809524,0.337239774025387,0.349133386546792,0.287017996272786,5.05900883461048
2.45069444444444,0.337209849460223,0.349128601417678,0.286880766570636,5.05922796224471
2.45079365079365,0.337179928183444,0.349123806149193,0.28674360246646,5.05944705975494
2.45089285714286,0.337150010197788,0.349119000745957,0.286606503927943,5.05966612714855
2.45099206349206,0.337120095505994,0.349114185212586,0.286469470922784,5.05988516443292
2.45109126984127,0.337090184110809,0.349109359553692,0.286332503418698,5.06010417161542
2.45119047619048,0.33706027601498,0.349104523773882,0.286195601383412,5.06032314870341
2.45128968253968,0.337030371221262,0.349099677877759,0.286058764784669,5.06054209570424
2.45138888888889,0.337000469732412,0.349094821869923,0.285921993590222,5.06076101262529
2.4514880952381,0.336970571551192,0.349089955754968,0.285785287767841,5.06097989947389
2.4515873015873,0.336940676680368,0.349085079537486,0.28564864728531,5.06119875625739
2.45168650793651,0.336910785122711,0.349080193222061,0.285512072110424,5.06141758298313
2.45178571428571,0.336880896880995,0.349075296813276,0.285375562210996,5.06163637965844
2.45188492063492,0.336851011958,0.349070390315709,0.285239117554848,5.06185514629067
2.45198412698413,0.336821130356509,0.349065473733933,0.28510273810982,5.06207388288712
2.45208333333333,0.336791252079309,0.349060547072517,0.284966423843764,5.06229258945512
2.45218253968254,0.336761377129192,0.349055610336027,0.284830174724545,5.062511266002
2.45228174603175,0.336731505508956,0.349050663529023,0.284693990720044,5.06272991253504
2.45238095238095,0.336701637221399,0.349045706656062,0.284557871798154,5.06294852906157
2.45248015873016,0.336671772269327,0.349040739721696,0.284421817926783,5.06316711558888
2.45257936507937,0.336641910655549,0.349035762730473,0.284285829073852,5.06338567212426
2.45267857142857,0.336612052382877,0.349030775686937,0.284149905207297,5.06360419867501
2.45277777777778,0.33658219745413,0.349025778595627,0.284014046295066,5.06382269524841
2.45287698412698,0.33655234587213,0.349020771461078,0.283878252305122,5.06404116185175
2.45297619047619,0.336522497639702,0.349015754287821,0.283742523205443,5.06425959849229
2.4530753968254,0.336492652759677,0.349010727080384,0.283606858964018,5.06447800517731
2.4531746031746,0.336462811234889,0.349005689843289,0.283471259548852,5.06469638191408
2.45327380952381,0.336432973068178,0.349000642581053,0.283335724927964,5.06491472870984
2.45337301587302,0.336403138262386,0.348995585298191,0.283200255069386,5.06513304557186
2.45347222222222,0.336373306820361,0.348990517999213,0.283064849941162,5.0653513325074
2.45357142857143,0.336343478744956,0.348985440688624,0.282929509511355,5.06556958952368
2.45367063492063,0.336313654039025,0.348980353370926,0.282794233748035,5.06578781662797
2.45376984126984,0.336283832705429,0.348975256050615,0.282659022619293,5.06600601382748
2.45386904761905,0.336254014747034,0.348970148732183,0.282523876093228,5.06622418112945
2.45396825396825,0.336224200166706,0.348965031420121,0.282388794137955,5.06644231854111
2.45406746031746,0.336194388967321,0.348959904118911,0.282253776721605,5.06666042606968
2.45416666666667,0.336164581151755,0.348954766833034,0.282118823812319,5.06687850372236
2.45426587301587,0.33613477672289,0.348949619566966,0.281983935378254,5.06709655150638
2.45436507936508,0.336104975683611,0.348944462325178,0.281849111387581,5.06731456942894
2.45446428571429,0.33607517803681,0.348939295112137,0.281714351808484,5.06753255749723
2.45456349206349,0.336045383785381,0.348934117932306,0.281579656609162,5.06775051571846
2.4546626984127,0.336015592932221,0.348928930790144,0.281445025757825,5.06796844409982
2.4547619047619,0.335985805480236,0.348923733690106,0.281310459222702,5.06818634264848
2.45486111111111,0.335956021432331,0.348918526636641,0.281175956972029,5.06840421137164
2.45496031746032,0.335926240791419,0.348913309634196,0.281041518974063,5.06862205027647
2.45505952380952,0.335896463560415,0.348908082687213,0.280907145197069,5.06883985937012
2.45515873015873,0.33586668974224,0.348902845800129,0.280772835609329,5.06905763865979
2.45525793650794,0.335836919339818,0.348897598977376,0.280638590179139,5.06927538815262
2.45535714285714,0.335807152356078,0.348892342223385,0.280504408874806,5.06949310785576
2.45545634920635,0.335777388793952,0.34888707554258,0.280370291664655,5.06971079777638
2.45555555555556,0.335747628656379,0.348881798939381,0.280236238517021,5.06992845792162
2.45565476190476,0.335717871946299,0.348876512418205,0.280102249400254,5.07014608829861
2.45575396825397,0.335688118666659,0.348871215983464,0.27996832428272,5.07036368891449
2.45585317460317,0.335658368820409,0.348865909639564,0.279834463132795,5.0705812597764
2.45595238095238,0.335628622410502,0.348860593390911,0.279700665918873,5.07079880089146
2.45605158730159,0.335598879439898,0.348855267241903,0.279566932609359,5.07101631226679
2.45615079365079,0.33556913991156,0.348849931196934,0.279433263172673,5.07123379390951
2.45625,0.335539403828455,0.348844585260397,0.279299657577248,5.07145124582672
2.45634920634921,0.335509671193554,0.348839229436676,0.27916611579153,5.07166866802554
2.45644841269841,0.335479942009833,0.348833863730156,0.279032637783983,5.07188606051306
2.45654761904762,0.335450216280272,0.348828488145212,0.27889922352308,5.07210342329638
2.45664682539683,0.335420494007856,0.34882310268622,0.27876587297731,5.07232075638259
2.45674603174603,0.335390775195573,0.348817707357549,0.278632586115176,5.07253805977879
2.45684523809524,0.335361059846416,0.348812302163563,0.278499362905196,5.07275533349203
2.45694444444444,0.335331347963382,0.348806887108625,0.278366203315897,5.07297257752942
2.45704365079365,0.335301639549473,0.34880146219709,0.278233107315827,5.07318979189801
2.45714285714286,0.335271934607694,0.348796027433311,0.27810007487354,5.07340697660488
2.45724206349206,0.335242233141056,0.348790582821636,0.277967105957611,5.07362413165707
2.45734126984127,0.335212535152572,0.34878512836641,0.277834200536625,5.07384125706166
2.45744047619048,0.335182840645261,0.348779664071972,0.277701358579181,5.07405835282569
2.45753968253968,0.335153149622146,0.348774189942657,0.277568580053893,5.0742754189562
2.45763888888889,0.335123462086254,0.348768705982797,0.277435864929387,5.07449245546024
2.4577380952381,0.335093778040617,0.348763212196719,0.277303213174306,5.07470946234485
2.4578373015873,0.335064097488269,0.348757708588746,0.277170624757303,5.07492643961706
2.45793650793651,0.335034420432252,0.348752195163195,0.277038099647048,5.07514338728388
2.45803571428571,0.335004746875609,0.348746671924382,0.276905637812223,5.07536030535235
2.45813492063492,0.334975076821388,0.348741138876615,0.276773239221525,5.07557719382948
2.45823412698413,0.334945410272643,0.348735596024202,0.276640903843664,5.07579405272228
2.45833333333333,0.33491574723243,0.348730043371443,0.276508631647364,5.07601088203776
2.45843253968254,0.334886087703811,0.348724480922635,0.276376422601364,5.07622768178292
2.45853174603175,0.334856431689852,0.348718908682072,0.276244276674413,5.07644445196475
2.45863095238095,0.334826779193621,0.348713326654043,0.27611219383528,5.07666119259025
2.45873015873016,0.334797130218194,0.348707734842831,0.275980174052742,5.07687790366641
2.45882936507937,0.334767484766649,0.348702133252717,0.275848217295594,5.0770945852002
2.45892857142857,0.334737842842068,0.348696521887977,0.275716323532641,5.0773112371986
2.45902777777778,0.334708204447538,0.348690900752883,0.275584492732707,5.07752785966858
2.45912698412698,0.334678569586151,0.348685269851702,0.275452724864625,5.07774445261712
2.45922619047619,0.334648938261003,0.348679629188697,0.275321019897243,5.07796101605117
2.4593253968254,0.334619310475192,0.348673978768128,0.275189377799425,5.07817754997768
2.4594246031746,0.334589686231823,0.348668318594249,0.275057798540047,5.07839405440362
2.45952380952381,0.334560065534005,0.34866264867131,0.274926282087999,5.07861052933592
2.45962301587302,0.33453044838485,0.348656969003559,0.274794828412185,5.07882697478153
2.45972222222222,0.334500834787474,0.348651279595236,0.274663437481523,5.07904339074738
2.45982142857143,0.334471224745,0.348645580450579,0.274532109264945,5.07925977724041
2.45992063492063,0.334441618260552,0.348639871573823,0.274400843731396,5.07947613426754
2.46001984126984,0.334412015337261,0.348634152969196,0.274269640849836,5.0796924618357
2.46011904761905,0.334382415978259,0.348628424640923,0.274138500589237,5.07990875995181
2.46021825396825,0.334352820186687,0.348622686593224,0.274007422918587,5.08012502862276
2.46031746031746,0.334323227965685,0.348616938830317,0.273876407806887,5.08034126785548
2.46041666666667,0.334293639318401,0.348611181356414,0.273745455223152,5.08055747765686
2.46051587301587,0.334264054247987,0.348605414175723,0.27361456513641,5.08077365803379
2.46061507936508,0.334234472757597,0.348599637292446,0.273483737515704,5.08098980899318
2.46071428571429,0.334204894850391,0.348593850710784,0.27335297233009,5.08120593054191
2.46081349206349,0.334175320529533,0.348588054434933,0.273222269548638,5.08142202268686
2.4609126984127,0.334145749798191,0.348582248469082,0.273091629140432,5.0816380854349
2.4610119047619,0.334116182659539,0.348576432817419,0.27296105107457,5.08185411879292
2.46111111111111,0.334086619116751,0.348570607484126,0.272830535320163,5.08207012276777
2.46121031746032,0.334057059173011,0.348564772473381,0.272700081846337,5.08228609736632
2.46130952380952,0.334027502831502,0.348558927789359,0.272569690622232,5.08250204259542
2.46140873015873,0.333997950095415,0.348553073436229,0.272439361617001,5.08271795846193
2.46150793650794,0.333968400967943,0.348547209418156,0.272309094799809,5.0829338449727
2.46160714285714,0.333938855452285,0.348541335739302,0.272178890139839,5.08314970213456
2.46170634920635,0.333909313551643,0.348535452403824,0.272048747606286,5.08336552995436
2.46180555555556,0.333879775269224,0.348529559415874,0.271918667168356,5.08358132843892
2.46190476190476,0.333850240608238,0.348523656779601,0.271788648795273,5.08379709759508
2.46200396825397,0.333820709571901,0.348517744499149,0.271658692456274,5.08401283742965
2.46210317460317,0.333791182163433,0.348511822578659,0.271528798120608,5.08422854794946
2.46220238095238,0.333761658386057,0.348505891022265,0.271398965757539,5.08444422916131
2.46230158730159,0.333732138243001,0.348499949834099,0.271269195336345,5.08465988107201
2.46240079365079,0.333702621737499,0.348493999018289,0.271139486826317,5.08487550368837
2.4625,0.333673108872785,0.348488038578957,0.271009840196761,5.08509109701717
2.46259920634921,0.333643599652102,0.348482068520222,0.270880255416996,5.08530666106523
2.46269841269841,0.333614094078695,0.348476088846199,0.270750732456355,5.08552219583931
2.46279761904762,0.333584592155812,0.348470099560998,0.270621271284185,5.08573770134621
2.46289682539683,0.333555093886709,0.348464100668725,0.270491871869847,5.0859531775927
2.46299603174603,0.333525599274642,0.348458092173481,0.270362534182716,5.08616862458555
2.46309523809524,0.333496108322874,0.348452074079364,0.270233258192179,5.08638404233153
2.46319444444444,0.333466621034671,0.348446046390468,0.270104043867639,5.08659943083741
2.46329365079365,0.333437137413306,0.34844000911088,0.269974891178513,5.08681479010994
2.46339285714286,0.333407657462052,0.348433962244686,0.26984580009423,5.08703012015587
2.46349206349206,0.333378181184189,0.348427905795967,0.269716770584234,5.08724542098196
2.46359126984127,0.333348708583,0.348421839768798,0.269587802617983,5.08746069259494
2.46369047619048,0.333319239661775,0.348415764167252,0.269458896164948,5.08767593500155
2.46378968253968,0.333289774423804,0.348409678995396,0.269330051194614,5.08789114820852
2.46388888888889,0.333260312872385,0.348403584257294,0.269201267676482,5.08810633222259
2.4639880952381,0.333230855010818,0.348397479957005,0.269072545580063,5.08832148705047
2.4640873015873,0.333201400842408,0.348391366098583,0.268943884874884,5.08853661269888
2.46418650793651,0.333171950370465,0.34838524268608,0.268815285530487,5.08875170917453
2.46428571428571,0.333142503598303,0.348379109723543,0.268686747516426,5.08896677648414
2.46438492063492,0.333113060529238,0.348372967215012,0.268558270802269,5.08918181463441
2.46448412698413,0.333083621166594,0.348366815164527,0.268429855357598,5.08939682363202
2.46458333333333,0.333054185513696,0.34836065357612,0.26830150115201,5.08961180348369
2.46468253968254,0.333024753573877,0.348354482453822,0.268173208155114,5.08982675419608
2.46478174603175,0.332995325350469,0.348348301801658,0.268044976336534,5.0900416757759
2.46488095238095,0.332965900846814,0.348342111623648,0.267916805665908,5.0902565682298
2.46498015873016,0.332936480066254,0.348335911923809,0.267788696112887,5.09047143156448
2.46507936507937,0.332907063012137,0.348329702706154,0.267660647647136,5.09068626578658
2.46517857142857,0.332877649687815,0.348323483974691,0.267532660238335,5.09090107090279
2.46527777777778,0.332848240096645,0.348317255733424,0.267404733856176,5.09111584691975
2.46537698412698,0.332818834241987,0.348311017986353,0.267276868470367,5.09133059384412
2.46547619047619,0.332789432127207,0.348304770737473,0.267149064050627,5.09154531168255
2.4655753968254,0.332760033755673,0.348298513990775,0.267021320566691,5.09176000044168
2.4656746031746,0.33273063913076,0.348292247750246,0.266893637988307,5.09197466012814
2.46577380952381,0.332701248255844,0.348285972019869,0.266766016285239,5.09218929074858
2.46587301587302,0.332671861134307,0.348279686803622,0.266638455427261,5.09240389230961
2.46597222222222,0.332642477769537,0.34827339210548,0.266510955384164,5.09261846481787
2.46607142857143,0.332613098164924,0.348267087929413,0.26638351612575,5.09283300827997
2.46617063492063,0.332583722323862,0.348260774279386,0.266256137621838,5.09304752270252
2.46626984126984,0.332554350249751,0.348254451159361,0.266128819842259,5.09326200809213
2.46636904761905,0.332524981945994,0.348248118573294,0.266001562756858,5.0934764644554
2.46646825396825,0.332495617415999,0.34824177652514,0.265874366335495,5.09369089179894
2.46656746031746,0.332466256663178,0.348235425018846,0.265747230548041,5.09390529012933
2.46666666666667,0.332436899690947,0.348229064058357,0.265620155364385,5.09411965945317
2.46676587301587,0.332407546502727,0.348222693647613,0.265493140754425,5.09433399977704
2.46686507936508,0.332378197101942,0.348216313790551,0.265366186688077,5.09454831110751
2.46696428571429,0.332348851492022,0.348209924491101,0.265239293135269,5.09476259345116
2.46706349206349,0.332319509676399,0.348203525753192,0.265112460065942,5.09497684681455
2.4671626984127,0.332290171658512,0.348197117580747,0.264985687450053,5.09519107120426
2.4672619047619,0.332260837441803,0.348190699977684,0.264858975257573,5.09540526662684
2.46736111111111,0.332231507029717,0.348184272947918,0.264732323458483,5.09561943308884
2.46746031746032,0.332202180425706,0.34817783649536,0.264605732022782,5.09583357059681
2.46755952380952,0.332172857633223,0.348171390623915,0.26447920092048,5.09604767915729
2.46765873015873,0.332143538655728,0.348164935337487,0.264352730121604,5.09626175877682
2.46775793650794,0.332114223496684,0.348158470639972,0.264226319596191,5.09647580946195
2.46785714285714,0.332084912159559,0.348151996535264,0.264099969314295,5.09668983121918
2.46795634920635,0.332055604647825,0.348145513027252,0.263973679245982,5.09690382405506
2.46805555555556,0.332026300964958,0.348139020119822,0.263847449361333,5.09711778797609
2.46815476190476,0.331997001114437,0.348132517816853,0.263721279630442,5.09733172298879
2.46825396825397,0.331967705099749,0.348126006122223,0.263595170023417,5.09754562909967
2.46835317460317,0.331938412924381,0.348119485039803,0.26346912051038,5.09775950631523
2.46845238095238,0.331909124591827,0.348112954573462,0.263343131061467,5.09797335464198
2.46855158730159,0.331879840105585,0.348106414727062,0.263217201646828,5.0981871740864
2.46865079365079,0.331850559469156,0.348099865504464,0.263091332236626,5.09840096465498
2.46875,0.331821282686047,0.348093306909524,0.262965522801039,5.0986147263542
2.46884920634921,0.331792009759767,0.34808673894609,0.262839773310257,5.09882845919056
2.46894841269841,0.331762740693831,0.348080161618012,0.262714083734486,5.09904216317051
2.46904761904762,0.331733475491759,0.34807357492913,0.262588454043944,5.09925583830053
2.46914682539683,0.331704214157073,0.348066978883283,0.262462884208865,5.09946948458709
2.46924603174603,0.331674956693301,0.348060373484306,0.262337374199495,5.09968310203663
2.46934523809524,0.331645703103975,0.348053758736027,0.262211923986093,5.09989669065562
2.46944444444444,0.33161645339263,0.348047134642272,0.262086533538936,5.1001102504505
2.46954365079365,0.331587207562807,0.348040501206863,0.261961202828309,5.10032378142772
2.46964285714286,0.33155796561805,0.348033858433616,0.261835931824517,5.10053728359372
2.46974206349206,0.331528727561908,0.348027206326344,0.261710720497873,5.10075075695493
2.46984126984127,0.331499493397935,0.348020544888855,0.261585568818708,5.10096420151777
2.46994047619048,0.331470263129688,0.348013874124954,0.261460476757365,5.10117761728868
2.47003968253968,0.331441036760728,0.348007194038441,0.261335444284201,5.10139100427407
2.47013888888889,0.331411814294621,0.348000504633111,0.261210471369589,5.10160436248035
2.4702380952381,0.331382595734938,0.347993805912756,0.261085557983912,5.10181769191394
2.4703373015873,0.331353381085252,0.347987097881163,0.260960704097569,5.10203099258124
2.47043650793651,0.331324170349144,0.347980380542115,0.260835909680973,5.10224426448865
2.47053571428571,0.331294963530195,0.34797365389939,0.26071117470455,5.10245750764256
2.47063492063492,0.331265760631993,0.347966917956763,0.260586499138741,5.10267072204936
2.47073412698413,0.33123656165813,0.347960172718005,0.260461882954,5.10288390771543
2.47083333333333,0.331207366612202,0.347953418186881,0.260337326120795,5.10309706464716
2.47093253968254,0.331178175497808,0.347946654367152,0.260212828609607,5.10331019285092
2.47103174603175,0.331148988318554,0.347939881262577,0.260088390390933,5.10352329233308
2.47113095238095,0.331119805078047,0.347933098876909,0.259964011435281,5.1037363631
2.47123015873016,0.331090625697815,0.347926307246082,0.259839691716853,5.10394940519029
2.47132936507937,0.331061449757445,0.347919506539927,0.25971543122615,5.1041624187767
2.47142857142857,0.331032277196381,0.347912696786911,0.259591229938961,5.10437540389025
2.47152777777778,0.331003108013744,0.347905877992082,0.259467087828497,5.10458836053848
2.47162698412698,0.330973942208657,0.347899050160488,0.259343004867979,5.10480128872895
2.47172619047619,0.330944779780244,0.347892213297175,0.259218981030635,5.10501418846921
2.4718253968254,0.330915620727629,0.347885367407184,0.259095016289702,5.10522705976678
2.4719246031746,0.330886465049938,0.347878512495558,0.258971110618425,5.10543990262922
2.47202380952381,0.3308573127463,0.347871648567336,0.25884726399006,5.10565271706406
2.47212301587302,0.330828163815843,0.347864775627554,0.258723476377868,5.10586550307884
2.47222222222222,0.330799018257697,0.347857893681247,0.25859974775512,5.10607826068109
2.47232142857143,0.330769876070994,0.347851002733448,0.258476078095097,5.10629098987834
2.47242063492063,0.330740737254865,0.347844102789188,0.258352467371087,5.10650369067811
2.47251984126984,0.330711601808445,0.347837193853496,0.258228915556387,5.10671636308794
2.47261904761905,0.330682469730868,0.347830275931397,0.258105422624302,5.10692900711534
2.47271825396825,0.330653341021271,0.347823349027918,0.257981988548146,5.10714162276784
2.47281746031746,0.330624215678792,0.34781641314808,0.257858613301241,5.10735421005295
2.47291666666667,0.330595093702569,0.347809468296903,0.257735296856919,5.10756676897818
2.47301587301587,0.330565975091741,0.347802514479407,0.25761203918852,5.10777929955106
2.47311507936508,0.330536859845451,0.347795551700607,0.257488840269391,5.10799180177909
2.47321428571429,0.330507747962841,0.347788579965519,0.257365700072889,5.10820427566977
2.47331349206349,0.330478639443054,0.347781599279153,0.257242618572379,5.10841672123061
2.4734126984127,0.330449534285236,0.347774609646521,0.257119595741236,5.10862913846912
2.4735119047619,0.330420432488532,0.34776761107263,0.25699663155284,5.10884152739279
2.47361111111111,0.330391334052091,0.347760603562486,0.256873725980584,5.10905388800912
2.47371031746032,0.33036223897506,0.347753587121094,0.256750878997867,5.1092662203256
2.47380952380952,0.33033314725659,0.347746561753456,0.256628090578096,5.10947852434974
2.47390873015873,0.330304058895833,0.34773952746457,0.256505360694689,5.10969080008901
2.47400793650794,0.33027497389194,0.347732484259436,0.25638268932107,5.1099030475509
2.47410714285714,0.330245892244065,0.347725432143049,0.256260076430673,5.1101152667429
2.47420634920635,0.330216813951363,0.347718371120402,0.256137521996939,5.11032745767249
2.47430555555556,0.33018773901299,0.347711301196488,0.25601502599332,5.11053962034715
2.47440476190476,0.330158667428104,0.347704222376295,0.255892588393275,5.11075175477436
2.47450396825397,0.330129599195864,0.347697134664812,0.255770209170272,5.11096386096158
2.47460317460317,0.330100534315429,0.347690038067023,0.255647888297787,5.1111759389163
2.47470238095238,0.330071472785961,0.347682932587913,0.255525625749304,5.11138798864598
2.47480158730159,0.330042414606622,0.347675818232463,0.255403421498318,5.11160001015809
2.47490079365079,0.330013359776575,0.347668695005651,0.25528127551833,5.11181200346009
2.475,0.329984308294986,0.347661562912455,0.25515918778285,5.11202396855944
2.47509920634921,0.329955260161021,0.347654421957851,0.255037158265398,5.11223590546361
2.47519841269841,0.329926215373847,0.347647272146812,0.254915186939502,5.11244781418004
2.47529761904762,0.329897173932633,0.347640113484307,0.254793273778697,5.1126596947162
2.47539682539683,0.329868135836549,0.347632945975308,0.254671418756528,5.11287154707953
2.47549603174603,0.329839101084765,0.347625769624779,0.254549621846548,5.11308337127749
2.47559523809524,0.329810069676455,0.347618584437687,0.25442788302232,5.11329516731752
2.47569444444444,0.329781041610792,0.347611390418995,0.254306202257412,5.11350693520706
2.47579365079365,0.329752016886951,0.347604187573662,0.254184579525406,5.11371867495355
2.47589285714286,0.329722995504108,0.347596975906648,0.254063014799887,5.11393038656445
2.47599206349206,0.32969397746144,0.347589755422909,0.253941508054451,5.11414207004717
2.47609126984127,0.329664962758127,0.347582526127399,0.253820059262703,5.11435372540915
2.47619047619048,0.329635951393347,0.347575288025073,0.253698668398257,5.11456535265783
2.47628968253968,0.329606943366283,0.347568041120879,0.253577335434734,5.11477695180063
2.47638888888889,0.329577938676116,0.347560785419766,0.253456060345763,5.11498852284498
2.4764880952381,0.32954893732203,0.347553520926681,0.253334843104984,5.11520006579831
2.4765873015873,0.32951993930321,0.347546247646568,0.253213683686043,5.11541158066803
2.47668650793651,0.329490944618842,0.347538965584369,0.253092582062598,5.11562306746156
2.47678571428571,0.329461953268113,0.347531674745025,0.25297153820831,5.11583452618633
2.47688492063492,0.329432965250213,0.347524375133473,0.252850552096855,5.11604595684973
2.47698412698413,0.32940398056433,0.347517066754649,0.252729623701913,5.11625735945919
2.47708333333333,0.329374999209657,0.347509749613488,0.252608752997174,5.1164687340221
2.47718253968254,0.329346021185385,0.347502423714921,0.252487939956336,5.11668008054589
2.47728174603175,0.329317046490708,0.347495089063879,0.252367184553107,5.11689139903795
2.47738095238095,0.32928807512482,0.347487745665289,0.252246486761202,5.11710268950567
2.47748015873016,0.329259107086919,0.347480393524077,0.252125846554345,5.11731395195647
2.47757936507937,0.329230142376201,0.347473032645166,0.252005263906269,5.11752518639773
2.47767857142857,0.329201180991864,0.347465663033478,0.251884738790715,5.11773639283684
2.47777777777778,0.32917222293311,0.347458284693934,0.251764271181433,5.11794757128121
2.47787698412698,0.329143268199138,0.34745089763145,0.251643861052182,5.11815872173821
2.47797619047619,0.329114316789151,0.347443501850941,0.251523508376727,5.11836984421524
2.4780753968254,0.329085368702353,0.347436097357322,0.251403213128845,5.11858093871967
2.4781746031746,0.329056423937949,0.347428684155504,0.251282975282319,5.11879200525888
2.47827380952381,0.329027482495144,0.347421262250395,0.251162794810941,5.11900304384026
2.47837301587302,0.328998544373146,0.347413831646904,0.251042671688514,5.11921405447118
2.47847222222222,0.328969609571163,0.347406392349934,0.250922605888847,5.119425037159
2.47857142857143,0.328940678088405,0.347398944364391,0.250802597385757,5.11963599191111
2.47867063492063,0.328911749924084,0.347391487695173,0.250682646153071,5.11984691873487
2.47876984126984,0.328882825077412,0.347384022347181,0.250562752164624,5.12005781763764
2.47886904761905,0.328853903547601,0.347376548325312,0.250442915394261,5.12026868862679
2.47896825396825,0.328824985333868,0.34736906563446,0.250323135815833,5.12047953170968
2.47906746031746,0.328796070435427,0.347361574279518,0.250203413403202,5.12069034689366
2.47916666666667,0.328767158851497,0.347354074265376,0.250083748130236,5.12090113418609
2.47926587301587,0.328738250581296,0.347346565596925,0.249964139970814,5.12111189359433
2.47936507936508,0.328709345624043,0.347339048279049,0.249844588898823,5.12132262512571
2.47946428571429,0.32868044397896,0.347331522316635,0.249725094888156,5.1215333287876
2.47956349206349,0.328651545645269,0.347323987714563,0.249605657912718,5.12174400458733
2.4796626984127,0.328622650622193,0.347316444477716,0.249486277946421,5.12195465253224
2.4797619047619,0.328593758908957,0.34730889261097,0.249366954963185,5.12216527262968
2.47986111111111,0.328564870504788,0.347301332119203,0.24924768893694,5.12237586488699
2.47996031746032,0.328535985408912,0.347293763007289,0.249128479841624,5.1225864293115
2.48005952380952,0.328507103620558,0.3472861852801,0.249009327651182,5.12279696591053
2.48015873015873,0.328478225138956,0.347278598942507,0.24889023233957,5.12300747469143
2.48025793650794,0.328449349963336,0.347271003999376,0.248771193880751,5.12321795566151
2.48035714285714,0.328420478092932,0.347263400455575,0.248652212248697,5.12342840882811
2.48045634920635,0.328391609526976,0.347255788315967,0.248533287417388,5.12363883419854
2.48055555555556,0.328362744264703,0.347248167585415,0.248414419360813,5.12384923178012
2.48065476190476,0.32833388230535,0.347240538268778,0.248295608052971,5.12405960158018
2.48075396825397,0.328305023648153,0.347232900370914,0.248176853467867,5.12426994360602
2.48085317460317,0.328276168292351,0.347225253896678,0.248058155579515,5.12448025786495
2.48095238095238,0.328247316237184,0.347217598850926,0.247939514361939,5.1246905443643
2.48105158730159,0.328218467481893,0.347209935238507,0.247820929789171,5.12490080311135
2.48115079365079,0.328189622025719,0.347202263064272,0.247702401835251,5.12511103411343
2.48125,0.328160779867907,0.347194582333068,0.247583930474227,5.12532123737782
2.48134920634921,0.328131941007701,0.347186893049741,0.247465515680158,5.12553141291183
2.48144841269841,0.328103105444347,0.347179195219133,0.247347157427109,5.12574156072276
2.48154761904762,0.328074273177092,0.347171488846088,0.247228855689155,5.12595168081789
2.48164682539683,0.328045444205185,0.347163773935443,0.247110610440378,5.12616177320453
2.48174603174603,0.328016618527875,0.347156050492036,0.24699242165487,5.12637183788996
2.48184523809524,0.327987796144414,0.347148318520702,0.246874289306731,5.12658187488146
2.48194444444444,0.327958977054053,0.347140578026274,0.246756213370071,5.12679188418632
2.48204365079365,0.327930161256047,0.347132829013584,0.246638193819005,5.12700186581183
2.48214285714286,0.327901348749649,0.34712507148746,0.24652023062766,5.12721181976525
2.48224206349206,0.327872539534116,0.347117305452729,0.246402323770171,5.12742174605387
2.48234126984127,0.327843733608705,0.347109530914216,0.246284473220679,5.12763164468497
2.48244047619048,0.327814930972674,0.347101747876744,0.246166678953336,5.1278415156658
2.48253968253968,0.327786131625283,0.347093956345134,0.246048940942303,5.12805135900365
2.48263888888889,0.327757335565793,0.347086156324204,0.245931259161748,5.12826117470577
2.4827380952381,0.327728542793466,0.347078347818771,0.245813633585847,5.12847096277943
2.4828373015873,0.327699753307565,0.347070530833649,0.245696064188786,5.1286807232319
2.48293650793651,0.327670967107356,0.347062705373652,0.24557855094476,5.12889045607043
2.48303571428571,0.327642184192104,0.347054871443589,0.245461093827971,5.12910016130227
2.48313492063492,0.327613404561076,0.347047029048269,0.245343692812629,5.12930983893468
2.48323412698413,0.327584628213541,0.347039178192499,0.245226347872956,5.12951948897492
2.48333333333333,0.327555855148768,0.347031318881082,0.24510905898318,5.12972911143022
2.48343253968254,0.327527085366029,0.34702345111882,0.244991826117535,5.12993870630784
2.48353174603175,0.327498318864594,0.347015574910515,0.24487464925027,5.13014827361502
2.48363095238095,0.327469555643739,0.347007690260964,0.244757528355637,5.130357813359
2.48373015873016,0.327440795702737,0.346999797174963,0.244640463407899,5.13056732554701
2.48382936507937,0.327412039040864,0.346991895657306,0.244523454381326,5.1307768101863
2.48392857142857,0.327383285657398,0.346983985712785,0.244406501250198,5.1309862672841
2.48402777777778,0.327354535551617,0.34697606734619,0.244289603988804,5.13119569684763
2.48412698412698,0.3273257887228,0.346968140562309,0.244172762571441,5.13140509888413
2.48422619047619,0.327297045170228,0.346960205365927,0.244055976972412,5.13161447340082
2.4843253968254,0.327268304893184,0.346952261761828,0.243939247166032,5.13182382040493
2.4844246031746,0.327239567890951,0.346944309754795,0.243822573126624,5.13203313990367
2.48452380952381,0.327210834162813,0.346936349349605,0.243705954828517,5.13224243190427
2.48462301587302,0.327182103708057,0.346928380551038,0.243589392246052,5.13245169641393
2.48472222222222,0.327153376525969,0.346920403363868,0.243472885353577,5.13266093343988
2.48482142857143,0.327124652615837,0.346912417792868,0.243356434125447,5.13287014298931
2.48492063492063,0.327095931976952,0.346904423842811,0.243240038536027,5.13307932506945
2.48501984126984,0.327067214608605,0.346896421518465,0.243123698559693,5.13328847968749
2.48511904761905,0.327038500510087,0.346888410824598,0.243007414170825,5.13349760685064
2.48521825396825,0.327009789680691,0.346880391765975,0.242891185343813,5.1337067065661
2.48531746031746,0.326981082119713,0.346872364347358,0.242775012053059,5.13391577884106
2.48541666666667,0.326952377826448,0.346864328573509,0.242658894272967,5.13412482368272
2.48551587301587,0.326923676800193,0.346856284449188,0.242542831977956,5.13433384109828
2.48561507936508,0.326894979040247,0.34684823197915,0.242426825142451,5.13454283109492
2.48571428571429,0.326866284545908,0.346840171168151,0.242310873740883,5.13475179367984
2.48581349206349,0.326837593316479,0.346832102020943,0.242194977747696,5.13496072886021
2.4859126984127,0.326808905351261,0.346824024542278,0.24207913713734,5.13516963664321
2.4860119047619,0.326780220649557,0.346815938736903,0.241963351884273,5.13537851703604
2.48611111111111,0.326751539210672,0.346807844609566,0.241847621962964,5.13558737004586
2.48621031746032,0.326722861033912,0.346799742165012,0.241731947347888,5.13579619567986
2.48630952380952,0.326694186118583,0.346791631407982,0.24161632801353,5.13600499394519
2.48640873015873,0.326665514463995,0.346783512343217,0.241500763934383,5.13621376484904
2.48650793650794,0.326636846069456,0.346775384975456,0.241385255084949,5.13642250839857
2.48660714285714,0.326608180934278,0.346767249309435,0.241269801439739,5.13663122460095
2.48670634920635,0.326579519057772,0.346759105349888,0.24115440297327,5.13683991346333
2.48680555555556,0.326550860439253,0.346750953101547,0.241039059660071,5.13704857499288
2.48690476190476,0.326522205078033,0.346742792569143,0.240923771474677,5.13725720919675
2.48700396825397,0.32649355297343,0.346734623757403,0.240808538391632,5.13746581608211
2.48710317460317,0.326464904124759,0.346726446671054,0.240693360385491,5.13767439565609
2.48720238095238,0.32643625853134,0.34671826131482,0.240578237430813,5.13788294792585
2.48730158730159,0.326407616192493,0.346710067693423,0.240463169502169,5.13809147289854
2.48740079365079,0.326378977107537,0.346701865811582,0.240348156574139,5.1382999705813
2.4875,0.326350341275794,0.346693655674015,0.240233198621309,5.13850844098128
2.48759920634921,0.326321708696589,0.346685437285438,0.240118295618274,5.13871688410561
2.48769841269841,0.326293079369245,0.346677210650565,0.24000344753964,5.13892529996142
2.48779761904762,0.326264453293089,0.346668975774107,0.239888654360018,5.13913368855586
2.48789682539683,0.326235830467447,0.346660732660775,0.23977391605403,5.13934204989606
2.48799603174603,0.326207210891647,0.346652481315275,0.239659232596307,5.13955038398914
2.48809523809524,0.32617859456502,0.346644221742312,0.239544603961486,5.13975869084223
2.48819444444444,0.326149981486896,0.346635953946591,0.239430030124215,5.13996697046246
2.48829365079365,0.326121371656606,0.346627677932813,0.239315511059149,5.14017522285694
2.48839285714286,0.326092765073484,0.346619393705676,0.239201046740951,5.14038344803281
2.48849206349206,0.326064161736866,0.346611101269879,0.239086637144296,5.14059164599716
2.48859126984127,0.326035561646085,0.346602800630116,0.238972282243864,5.14079981675712
2.48869047619048,0.326006964800479,0.34659449179108,0.238857982014344,5.1410079603198
2.48878968253968,0.325978371199388,0.346586174757463,0.238743736430435,5.1412160766923
2.48888888888889,0.325949780842149,0.346577849533953,0.238629545466844,5.14142416588174
2.4889880952381,0.325921193728104,0.346569516125238,0.238515409098285,5.14163222789521
2.4890873015873,0.325892609856595,0.346561174536001,0.238401327299484,5.14184026273983
2.48918650793651,0.325864029226964,0.346552824770927,0.238287300045172,5.14204827042268
2.48928571428571,0.325835451838557,0.346544466834695,0.23817332731009,5.14225625095086
2.48938492063492,0.325806877690719,0.346536100731985,0.238059409068988,5.14246420433147
2.48948412698413,0.325778306782797,0.346527726467473,0.237945545296624,5.1426721305716
2.48958333333333,0.32574973911414,0.346519344045834,0.237831735967765,5.14288002967834
2.48968253968254,0.325721174684096,0.34651095347174,0.237717981057185,5.14308790165876
2.48978174603175,0.325692613492017,0.346502554749861,0.237604280539669,5.14329574651997
2.48988095238095,0.325664055537254,0.346494147884867,0.237490634390008,5.14350356426903
2.48998015873016,0.32563550081916,0.346485732881422,0.237377042583004,5.14371135491303
2.49007936507937,0.325606949337091,0.346477309744193,0.237263505093465,5.14391911845903
2.49017857142857,0.325578401090401,0.34646887847784,0.23715002189621,5.14412685491413
2.49027777777778,0.325549856078448,0.346460439087024,0.237036592966066,5.14433456428538
2.49037698412698,0.325521314300589,0.346451991576403,0.236923218277866,5.14454224657985
2.49047619047619,0.325492775756185,0.346443535950634,0.236809897806455,5.14474990180461
2.4905753968254,0.325464240444596,0.346435072214369,0.236696631526685,5.14495752996673
2.4906746031746,0.325435708365184,0.346426600372262,0.236583419413416,5.14516513107326
2.49077380952381,0.325407179517311,0.346418120428961,0.236470261441517,5.14537270513126
2.49087301587302,0.325378653900343,0.346409632389115,0.236357157585867,5.14558025214779
2.49097222222222,0.325350131513646,0.34640113625737,0.23624410782135,5.1457877721299
2.49107142857143,0.325321612356585,0.346392632038369,0.236131112122864,5.14599526508464
2.49117063492063,0.325293096428529,0.346384119736753,0.236018170465309,5.14620273101906
2.49126984126984,0.325264583728848,0.346375599357163,0.235905282823599,5.14641016994021
2.49136904761905,0.325236074256912,0.346367070904236,0.235792449172654,5.14661758185512
2.49146825396825,0.325207568012093,0.346358534382607,0.235679669487402,5.14682496677084
2.49156746031746,0.325179064993764,0.346349989796909,0.235566943742782,5.14703232469441
2.49166666666667,0.3251505652013,0.346341437151775,0.235454271913739,5.14723965563285
2.49176587301587,0.325122068634076,0.346332876451833,0.235341653975228,5.14744695959321
2.49186507936508,0.325093575291469,0.34632430770171,0.235229089902212,5.14765423658252
2.49196428571429,0.325065085172858,0.346315730906032,0.235116579669663,5.14786148660779
2.49206349206349,0.325036598277621,0.346307146069422,0.235004123252561,5.14806870967607
2.4921626984127,0.32500811460514,0.3462985531965,0.234891720625895,5.14827590579436
2.4922619047619,0.324979634154795,0.346289952291887,0.234779371764662,5.14848307496969
2.49236111111111,0.324951156925971,0.346281343360197,0.234667076643868,5.14869021720908
2.49246031746032,0.324922682918052,0.346272726406048,0.234554835238527,5.14889733251954
2.49255952380952,0.324894212130422,0.346264101434051,0.234442647523663,5.14910442090809
2.49265873015873,0.32486574456247,0.346255468448817,0.234330513474307,5.14931148238173
2.49275793650794,0.324837280213583,0.346246827454954,0.234218433065499,5.14951851694747
2.49285714285714,0.324808819083151,0.346238178457071,0.234106406272287,5.14972552461232
2.49295634920635,0.324780361170563,0.34622952145977,0.233994433069729,5.14993250538327
2.49305555555556,0.324751906475213,0.346220856467654,0.233882513432891,5.15013945926734
2.49315476190476,0.324723454996493,0.346212183485325,0.233770647336846,5.15034638627151
2.49325396825397,0.324695006733797,0.346203502517379,0.233658834756678,5.15055328640279
2.49335317460317,0.324666561686521,0.346194813568415,0.233547075667477,5.15076015966815
2.49345238095238,0.324638119854062,0.346186116643025,0.233435370044344,5.1509670060746
2.49355158730159,0.324609681235818,0.346177411745803,0.233323717862387,5.15117382562912
2.49365079365079,0.324581245831188,0.346168698881337,0.233212119096723,5.15138061833869
2.49375,0.324552813639573,0.346159978054217,0.233100573722478,5.1515873842103
2.49384920634921,0.324524384660375,0.346151249269029,0.232989081714785,5.15179412325093
2.49394841269841,0.324495958892996,0.346142512530356,0.232877643048787,5.15200083546755
2.49404761904762,0.324467536336841,0.34613376784278,0.232766257699636,5.15220752086713
2.49414682539683,0.324439116991316,0.346125015210881,0.232654925642491,5.15241417945665
2.49424603174603,0.324410700855827,0.346116254639237,0.23254364685252,5.15262081124308
2.49434523809524,0.324382287929783,0.346107486132424,0.232432421304899,5.15282741623339
2.49444444444444,0.324353878212592,0.346098709695015,0.232321248974815,5.15303399443454
2.49454365079365,0.324325471703666,0.346089925331583,0.232210129837462,5.15324054585348
2.49464285714286,0.324297068402416,0.346081133046696,0.23209906386804,5.15344707049719
2.49474206349206,0.324268668308254,0.346072332844921,0.231988051041763,5.15365356837262
2.49484126984127,0.324240271420597,0.346063524730826,0.231877091333849,5.15386003948671
2.49494047619048,0.324211877738858,0.346054708708972,0.231766184719525,5.15406648384643
2.49503968253968,0.324183487262455,0.346045884783922,0.231655331174029,5.15427290145872
2.49513888888889,0.324155099990805,0.346037052960234,0.231544530672607,5.15447929233053
2.4952380952381,0.324126715923329,0.346028213242466,0.23143378319051,5.1546856564688
2.4953373015873,0.324098335059446,0.346019365635172,0.231323088703002,5.15489199388047
2.49543650793651,0.324069957398579,0.346010510142907,0.231212447185354,5.15509830457248
2.49553571428571,0.324041582940149,0.34600164677022,0.231101858612845,5.15530458855178
2.49563492063492,0.324013211683583,0.345992775521662,0.230991322960762,5.15551084582528
2.49573412698413,0.323984843628304,0.345983896401778,0.230880840204403,5.15571707639993
2.49583333333333,0.323956478773741,0.345975009415114,0.230770410319071,5.15592328028266
2.49593253968254,0.32392811711932,0.345966114566213,0.230660033280081,5.15612945748038
2.49603174603175,0.323899758664471,0.345957211859614,0.230549709062755,5.15633560800002
2.49613095238095,0.323871403408625,0.345948301299858,0.230439437642422,5.15654173184851
2.49623015873016,0.323843051351213,0.345939382891481,0.230329218994423,5.15674782903276
2.49632936507937,0.323814702491669,0.345930456639016,0.230219053094105,5.15695389955969
2.49642857142857,0.323786356829426,0.345921522546997,0.230108939916824,5.15715994343621
2.49652777777778,0.32375801436392,0.345912580619954,0.229998879437945,5.15736596066923
2.49662698412698,0.323729675094588,0.345903630862416,0.229888871632842,5.15757195126566
2.49672619047619,0.323701339020868,0.345894673278908,0.229778916476895,5.15777791523241
2.4968253968254,0.323673006142199,0.345885707873956,0.229669013945496,5.15798385257638
2.4969246031746,0.323644676458021,0.34587673465208,0.229559164014043,5.15818976330447
2.49702380952381,0.323616349967776,0.345867753617802,0.229449366657945,5.15839564742358
2.49712301587302,0.323588026670908,0.34585876477564,0.229339621852616,5.15860150494061
2.49722222222222,0.32355970656686,0.345849768130109,0.229229929573482,5.15880733586244
2.49732142857143,0.323531389655077,0.345840763685724,0.229120289795976,5.15901314019597
2.49742063492063,0.323503075935007,0.345831751446996,0.229010702495539,5.15921891794809
2.49751984126984,0.323474765406098,0.345822731418435,0.228901167647621,5.15942466912568
2.49761904761905,0.323446458067798,0.345813703604549,0.228791685227682,5.15963039373563
2.49771825396825,0.323418153919559,0.345804668009844,0.228682255211189,5.15983609178482
2.49781746031746,0.323389852960831,0.345795624638824,0.228572877573617,5.16004176328012
2.49791666666667,0.323361555191068,0.345786573495989,0.228463552290451,5.1602474082284
2.49801587301587,0.323333260609724,0.345777514585841,0.228354279337183,5.16045302663655
2.49811507936508,0.323304969216254,0.345768447912875,0.228245058689317,5.16065861851144
2.49821428571429,0.323276681010115,0.345759373481588,0.22813589032236,5.16086418385992
2.49831349206349,0.323248395990765,0.345750291296473,0.228026774211832,5.16106972268887
2.4984126984127,0.323220114157664,0.345741201362021,0.227917710333261,5.16127523500515
2.4985119047619,0.323191835510271,0.345732103682722,0.227808698662181,5.16148072081562
2.49861111111111,0.323163560048048,0.345722998263063,0.227699739174137,5.16168618012714
2.49871031746032,0.323135287770458,0.345713885107528,0.227590831844682,5.16189161294656
2.49880952380952,0.323107018676966,0.345704764220602,0.227481976649377,5.16209701928073
2.49890873015873,0.323078752767036,0.345695635606764,0.227373173563792,5.1623023991365
2.49900793650794,0.323050490040136,0.345686499270495,0.227264422563505,5.16250775252073
2.49910714285714,0.323022230495733,0.34567735521627,0.227155723624102,5.16271307944026
2.49920634920635,0.322993974133296,0.345668203448565,0.227047076721181,5.16291837990193
2.49930555555556,0.322965720952296,0.345659043971853,0.226938481830345,5.16312365391257
2.49940476190476,0.322937470952205,0.345649876790604,0.226829938927205,5.16332890147903
2.49950396825397,0.322909224132495,0.345640701909287,0.226721447987384,5.16353412260815
2.49960317460317,0.32288098049264,0.345631519332368,0.226613008986511,5.16373931730674
2.49970238095238,0.322852740032116,0.345622329064313,0.226504621900225,5.16394448558165
2.49980158730159,0.3228245027504,0.345613131109583,0.226396286704171,5.16414962743971
2.49990079365079,0.322796268646969,0.345603925472639,0.226288003374005,5.16435474288773
2.5,0.322768037721302,0.34559471215794,0.226179771885392,5.16455983193253
2.50009920634921,0.322739809972881,0.345585491169942,0.226071592214003,5.16476489458095
2.50019841269841,0.322711585401186,0.345576262513098,0.22596346433552,5.16496993083978
2.50029761904762,0.3226833640057,0.345567026191862,0.225855388225631,5.16517494071586
2.50039682539683,0.322655145785907,0.345557782210683,0.225747363860035,5.16537992421599
2.50049603174603,0.322626930741294,0.34554853057401,0.225639391214439,5.16558488134698
2.50059523809524,0.322598718871346,0.345539271286288,0.225531470264558,5.16578981211564
2.50069444444444,0.322570510175551,0.345530004351961,0.225423600986115,5.16599471652876
2.50079365079365,0.322542304653398,0.345520729775472,0.225315783354842,5.16619959459317
2.50089285714286,0.322514102304378,0.34551144756126,0.22520801734648,5.16640444631564
2.50099206349206,0.322485903127982,0.345502157713763,0.225100302936779,5.16660927170299
2.50109126984127,0.322457707123704,0.345492860237417,0.224992640101497,5.166814070762
2.50119047619048,0.322429514291037,0.345483555136656,0.224885028816399,5.16701884349946
2.50128968253968,0.322401324629476,0.34547424241591,0.22477746905726,5.16722358992217
2.50138888888889,0.322373138138518,0.34546492207961,0.224669960799865,5.16742831003692
2.5014880952381,0.322344954817661,0.345455594132183,0.224562504020005,5.16763300385047
2.5015873015873,0.322316774666405,0.345446258578054,0.224455098693481,5.16783767136963
2.50168650793651,0.322288597684248,0.345436915421647,0.224347744796102,5.16804231260116
2.50178571428571,0.322260423870694,0.345427564667384,0.224240442303684,5.16824692755185
2.50188492063492,0.322232253225244,0.345418206319683,0.224133191192056,5.16845151622846
2.50198412698413,0.322204085747403,0.345408840382961,0.224025991437051,5.16865607863777
2.50208333333333,0.322175921436676,0.345399466861635,0.223918843014513,5.16886061478654
2.50218253968254,0.322147760292569,0.345390085760116,0.223811745900293,5.16906512468155
2.50228174603175,0.322119602314591,0.345380697082816,0.223704700070252,5.16926960832956
2.50238095238095,0.322091447502251,0.345371300834145,0.223597705500259,5.16947406573732
2.50248015873016,0.322063295855058,0.345361897018507,0.223490762166191,5.16967849691161
2.50257936507937,0.322035147372524,0.34535248564031,0.223383870043935,5.16988290185916
2.50267857142857,0.322007002054163,0.345343066703955,0.223277029109384,5.17008728058675
2.50277777777778,0.321978859899487,0.345333640213843,0.223170239338442,5.17029163310111
2.50287698412698,0.321950720908014,0.345324206174373,0.223063500707021,5.17049595940899
2.50297619047619,0.321922585079258,0.345314764589941,0.222956813191041,5.17070025951715
2.5030753968254,0.321894452412737,0.345305315464943,0.222850176766431,5.17090453343233
2.5031746031746,0.321866322907972,0.345295858803769,0.222743591409127,5.17110878116126
2.50327380952381,0.321838196564481,0.345286394610812,0.222637057095075,5.17131300271069
2.50337301587302,0.321810073381787,0.345276922890459,0.222530573800231,5.17151719808736
2.50347222222222,0.321781953359412,0.345267443647097,0.222424141500557,5.17172136729798
2.50357142857143,0.321753836496881,0.345257956885109,0.222317760172024,5.1719255103493
2.50367063492063,0.321725722793718,0.345248462608879,0.222211429790612,5.17212962724805
2.50376984126984,0.32169761224945,0.345238960822785,0.222105150332311,5.17233371800094
2.50386904761905,0.321669504863604,0.345229451531207,0.221998921773116,5.17253778261471
2.50396825396825,0.321641400635711,0.34521993473852,0.221892744089034,5.17274182109607
2.50406746031746,0.321613299565299,0.345210410449099,0.22178661725608,5.17294583345174
2.50416666666667,0.321585201651901,0.345200878667315,0.221680541250274,5.17314981968844
2.50426587301587,0.32155710689505,0.345191339397537,0.22157451604765,5.17335377981288
2.50436507936508,0.321529015294278,0.345181792644135,0.221468541624246,5.17355771383177
2.50446428571429,0.321500926849122,0.345172238411473,0.221362617956111,5.17376162175182
2.50456349206349,0.321472841559118,0.345162676703915,0.221256745019303,5.17396550357974
2.5046626984127,0.321444759423803,0.345153107525823,0.221150922789886,5.17416935932222
2.5047619047619,0.321416680442717,0.345143530881556,0.221045151243934,5.17437318898596
2.50486111111111,0.3213886046154,0.345133946775473,0.22093943035753,5.17457699257768
2.50496031746032,0.321360531941394,0.345124355211927,0.220833760106765,5.17478077010405
2.50505952380952,0.32133246242024,0.345114756195273,0.220728140467739,5.17498452157178
2.50515873015873,0.321304396051483,0.345105149729862,0.22062257141656,5.17518824698755
2.50525793650794,0.321276332834668,0.345095535820044,0.220517052929345,5.17539194635805
2.50535714285714,0.321248272769342,0.345085914470164,0.220411584982218,5.17559561968997
2.50545634920635,0.321220215855053,0.34507628568457,0.220306167551314,5.17579926698998
2.50555555555556,0.321192162091348,0.345066649467603,0.220200800612776,5.17600288826478
2.50565476190476,0.321164111477779,0.345057005823604,0.220095484142753,5.17620648352103
2.50575396825397,0.321136064013897,0.345047354756913,0.219990218117405,5.17641005276541
2.50585317460317,0.321108019699254,0.345037696271867,0.219885002512902,5.1766135960046
2.50595238095238,0.321079978533405,0.3450280303728,0.219779837305418,5.17681711324526
2.50605158730159,0.321051940515905,0.345018357064045,0.219674722471139,5.17702060449407
2.50615079365079,0.32102390564631,0.345008676349933,0.219569657986259,5.17722406975767
2.50625,0.320995873924177,0.344998988234793,0.21946464382698,5.17742750904275
2.50634920634921,0.320967845349067,0.34498929272295,0.219359679969512,5.17763092235595
2.50644841269841,0.320939819920538,0.344979589818731,0.219254766390076,5.17783430970394
2.50654761904762,0.320911797638152,0.344969879526456,0.219149903064898,5.17803767109337
2.50664682539683,0.320883778501472,0.344960161850447,0.219045089970215,5.17824100653089
2.50674603174603,0.320855762510063,0.344950436795022,0.218940327082272,5.17844431602316
2.50684523809524,0.320827749663488,0.344940704364498,0.218835614377322,5.17864759957681
2.50694444444444,0.320799739961314,0.344930964563188,0.218730951831628,5.1788508571985
2.50704365079365,0.32077173340311,0.344921217395404,0.218626339421459,5.17905408889486
2.50714285714286,0.320743729988443,0.344911462865458,0.218521777123096,5.17925729467253
2.50724206349206,0.320715729716885,0.344901700977656,0.218417264912825,5.17946047453816
2.50734126984127,0.320687732588006,0.344891931736306,0.218312802766943,5.17966362849837
2.50744047619048,0.320659738601379,0.34488215514571,0.218208390661755,5.1798667565598
2.50753968253968,0.320631747756578,0.344872371210171,0.218104028573574,5.18006985872908
2.50763888888889,0.320603760053179,0.344862579933989,0.217999716478721,5.18027293501283
2.5077380952381,0.320575775490756,0.344852781321461,0.217895454353527,5.18047598541768
2.5078373015873,0.320547794068889,0.344842975376883,0.21779124217433,5.18067900995025
2.50793650793651,0.320519815787156,0.34483316210455,0.21768707991748,5.18088200861716
2.50803571428571,0.320491840645137,0.344823341508751,0.21758296755933,5.18108498142503
2.50813492063492,0.320463868642413,0.344813513593778,0.217478905076246,5.18128792838046
2.50823412698413,0.320435899778568,0.344803678363917,0.217374892444601,5.18149084949008
2.50833333333333,0.320407934053184,0.344793835823454,0.217270929640777,5.18169374476049
2.50843253968254,0.320379971465847,0.344783985976672,0.217167016641163,5.18189661419829
2.50853174603175,0.320352012016144,0.344774128827853,0.217063153422159,5.18209945781009
2.50863095238095,0.320324055703662,0.344764264381275,0.216959339960171,5.1823022756025
2.50873015873016,0.320296102527989,0.344754392641217,0.216855576231615,5.18250506758211
2.50882936507937,0.320268152488717,0.344744513611953,0.216751862212917,5.18270783375551
2.50892857142857,0.320240205585435,0.344734627297756,0.216648197880508,5.18291057412931
2.50902777777778,0.320212261817738,0.344724733702897,0.216544583210831,5.18311328871009
2.50912698412698,0.320184321185218,0.344714832831645,0.216441018180334,5.18331597750444
2.50922619047619,0.32015638368747,0.344704924688268,0.216337502765477,5.18351864051894
2.5093253968254,0.320128449324092,0.344695009277029,0.216234036942727,5.18372127776019
2.5094246031746,0.320100518094681,0.344685086602192,0.216130620688559,5.18392388923476
2.50952380952381,0.320072589998834,0.344675156668018,0.216027253979458,5.18412647494923
2.50962301587302,0.320044665036154,0.344665219478764,0.215923936791915,5.18432903491017
2.50972222222222,0.32001674320624,0.344655275038689,0.215820669102434,5.18453156912417
2.50982142857143,0.319988824508695,0.344645323352045,0.215717450887522,5.18473407759779
2.50992063492063,0.319960908943124,0.344635364423086,0.215614282123699,5.1849365603376
2.51001984126984,0.319932996509131,0.344625398256063,0.215511162787492,5.18513901735016
2.51011904761905,0.319905087206322,0.344615424855223,0.215408092855435,5.18534144864204
2.51021825396825,0.319877181034306,0.344605444224812,0.215305072304074,5.1855438542198
2.51031746031746,0.31984927799269,0.344595456369076,0.21520210110996,5.18574623409
2.51041666666667,0.319821378081085,0.344585461292256,0.215099179249654,5.18594858825919
2.51051587301587,0.319793481299103,0.344575458998592,0.214996306699726,5.18615091673392
2.51061507936508,0.319765587646355,0.344565449492323,0.214893483436755,5.18635321952076
2.51071428571429,0.319737697122455,0.344555432777684,0.214790709437326,5.18655549662624
2.51081349206349,0.319709809727019,0.34454540885891,0.214687984678036,5.18675774805691
2.5109126984127,0.319681925459663,0.344535377740232,0.214585309135488,5.18695997381931
2.5110119047619,0.319654044320004,0.34452533942588,0.214482682786294,5.18716217391999
2.51111111111111,0.319626166307662,0.344515293920082,0.214380105607076,5.18736434836549
2.51121031746032,0.319598291422255,0.344505241227064,0.214277577574462,5.18756649716232
2.51130952380952,0.319570419663406,0.344495181351049,0.21417509866509,5.18776862031704
2.51140873015873,0.319542551030736,0.344485114296259,0.214072668855608,5.18797071783618
2.51150793650794,0.31951468552387,0.344475040066913,0.21397028812267,5.18817278972625
2.51160714285714,0.319486823142433,0.34446495866723,0.21386795644294,5.18837483599378
2.51170634920635,0.319458963886051,0.344454870101423,0.213765673793089,5.1885768566453
2.51180555555556,0.319431107754351,0.344444774373708,0.2136634401498,5.18877885168733
2.51190476190476,0.319403254746962,0.344434671488294,0.21356125548976,5.18898082112638
2.51200396825397,0.319375404863514,0.344424561449392,0.213459119789668,5.18918276496898
2.51210317460317,0.319347558103638,0.344414444261208,0.21335703302623,5.18938468322162
2.51220238095238,0.319319714466968,0.344404319927947,0.213254995176161,5.18958657589083
2.51230158730159,0.319291873953135,0.344394188453814,0.213153006216184,5.18978844298311
2.51240079365079,0.319264036561777,0.344384049843008,0.213051066123032,5.18999028450496
2.5125,0.319236202292528,0.344373904099728,0.212949174873444,5.19019210046289
2.51259920634921,0.319208371145026,0.344363751228172,0.21284733244417,5.19039389086339
2.51269841269841,0.31918054311891,0.344353591232535,0.212745538811968,5.19059565571298
2.51279761904762,0.31915271821382,0.344343424117008,0.212643793953603,5.19079739501813
2.51289682539683,0.319124896429397,0.344333249885784,0.212542097845851,5.19099910878534
2.51299603174603,0.319097077765283,0.34432306854305,0.212440450465494,5.19120079702111
2.51309523809524,0.319069262221123,0.344312880092993,0.212338851789325,5.19140245973191
2.51319444444444,0.319041449796561,0.344302684539797,0.212237301794142,5.19160409692424
2.51329365079365,0.319013640491243,0.344292481887646,0.212135800456757,5.19180570860457
2.51339285714286,0.318985834304818,0.344282272140719,0.212034347753986,5.19200729477938
2.51349206349206,0.318958031236932,0.344272055303195,0.211932943662655,5.19220885545516
2.51359126984127,0.318930231287238,0.34426183137925,0.211831588159598,5.19241039063838
2.51369047619048,0.318902434455384,0.344251600373059,0.211730281221658,5.1926119003355
2.51378968253968,0.318874640741025,0.344241362288793,0.211629022825688,5.19281338455301
2.51388888888889,0.318846850143814,0.344231117130623,0.211527812948546,5.19301484329735
2.5139880952381,0.318819062663405,0.344220864902717,0.211426651567103,5.19321627657501
2.5140873015873,0.318791278299455,0.344210605609241,0.211325538658235,5.19341768439244
2.51418650793651,0.318763497051621,0.344200339254358,0.211224474198828,5.1936190667561
2.51428571428571,0.318735718919563,0.344190065842231,0.211123458165776,5.19382042367245
2.51438492063492,0.318707943902939,0.34417978537702,0.211022490535981,5.19402175514793
2.51448412698413,0.318680172001411,0.344169497862882,0.210921571286357,5.19422306118902
2.51458333333333,0.318652403214641,0.344159203303973,0.210820700393822,5.19442434180214
2.51468253968254,0.318624637542294,0.344148901704446,0.210719877835305,5.19462559699375
2.51478174603175,0.318596874984033,0.344138593068454,0.210619103587743,5.1948268267703
2.51488095238095,0.318569115539526,0.344128277400145,0.210518377628082,5.19502803113822
2.51498015873016,0.318541359208439,0.344117954703668,0.210417699933276,5.19522921010395
2.51507936507937,0.318513605990441,0.344107624983167,0.210317070480287,5.19543036367393
2.51517857142857,0.318485855885202,0.344097288242787,0.210216489246086,5.1956314918546
2.51527777777778,0.318458108892394,0.344086944486667,0.210115956207655,5.19583259465239
2.51537698412698,0.318430365011688,0.344076593718948,0.21001547134198,5.19603367207371
2.51547619047619,0.318402624242758,0.344066235943767,0.209915034626058,5.19623472412501
2.5155753968254,0.318374886585279,0.344055871165259,0.209814646036896,5.1964357508127
2.5156746031746,0.318347152038927,0.344045499387557,0.209714305551506,5.19663675214321
2.51577380952381,0.31831942060338,0.344035120614792,0.209614013146913,5.19683772812295
2.51587301587302,0.318291692278315,0.344024734851092,0.209513768800145,5.19703867875834
2.51597222222222,0.318263967063414,0.344014342100586,0.209413572488244,5.1972396040558
2.51607142857143,0.318236244958357,0.344003942367397,0.209313424188257,5.19744050402173
2.51617063492063,0.318208525962826,0.343993535655648,0.209213323877241,5.19764137866255
2.51626984126984,0.318180810076506,0.34398312196946,0.209113271532261,5.19784222798465
2.51636904761905,0.31815309729908,0.343972701312952,0.209013267130391,5.19804305199445
2.51646825396825,0.318125387630235,0.343962273690241,0.208913310648713,5.19824385069834
2.51656746031746,0.318097681069659,0.34395183910544,0.208813402064319,5.19844462410272
2.51666666666667,0.318069977617039,0.343941397562663,0.208713541354307,5.198645372214
2.51676587301587,0.318042277272067,0.343930949066019,0.208613728495785,5.19884609503855
2.51686507936508,0.318014580034432,0.343920493619618,0.208513963465871,5.19904679258278
2.51696428571429,0.317986885903827,0.343910031227565,0.208414246241688,5.19924746485306
2.51706349206349,0.317959194879946,0.343899561893964,0.208314576800371,5.1994481118558
2.5171626984127,0.317931506962484,0.343889085622919,0.208214955119062,5.19964873359736
2.5172619047619,0.317903822151136,0.343878602418528,0.208115381174911,5.19984933008413
2.51736111111111,0.3178761404456,0.343868112284891,0.208015854945077,5.2000499013225
2.51746031746032,0.317848461845575,0.343857615226102,0.207916376406729,5.20025044731882
2.51755952380952,0.31782078635076,0.343847111246256,0.207816945537043,5.20045096807948
2.51765873015873,0.317793113960856,0.343836600349446,0.207717562313203,5.20065146361085
2.51775793650794,0.317765444675566,0.343826082539759,0.207618226712403,5.2008519339193
2.51785714285714,0.317737778494594,0.343815557821286,0.207518938711846,5.20105237901118
2.51795634920635,0.317710115417643,0.34380502619811,0.20741969828874,5.20125279889287
2.51805555555556,0.317682455444421,0.343794487674316,0.207320505420306,5.20145319357073
2.51815476190476,0.317654798574633,0.343783942253986,0.20722136008377,5.2016535630511
2.51825396825397,0.31762714480799,0.343773389941199,0.20712226225637,5.20185390734035
2.51835317460317,0.317599494144201,0.343762830740032,0.20702321191535,5.20205422644483
2.51845238095238,0.317571846582976,0.34375226465456,0.206924209037962,5.2022545203709
2.51855158730159,0.317544202124028,0.343741691688858,0.20682525360147,5.20245478912488
2.51865079365079,0.31751656076707,0.343731111846997,0.206726345583142,5.20265503271315
2.51875,0.317488922511818,0.343720525133045,0.206627484960259,5.20285525114202
2.51884920634921,0.317461287357988,0.34370993155107,0.206528671710106,5.20305544441786
2.51894841269841,0.317433655305295,0.343699331105137,0.206429905809981,5.20325561254698
2.51904761904762,0.31740602635346,0.343688723799309,0.206331187237188,5.20345575553573
2.51914682539683,0.317378400502202,0.343678109637647,0.206232515969039,5.20365587339045
2.51924603174603,0.317350777751242,0.34366748862421,0.206133891982856,5.20385596611745
2.51934523809524,0.317323158100301,0.343656860763055,0.20603531525597,5.20405603372307
2.51944444444444,0.317295541549105,0.343646226058237,0.20593678576572,5.20425607621363
2.51954365079365,0.317267928097376,0.343635584513808,0.205838303489451,5.20445609359546
2.51964285714286,0.317240317744842,0.34362493613382,0.20573986840452,5.20465608587487
2.51974206349206,0.31721271049123,0.34361428092232,0.205641480488292,5.20485605305818
2.51984126984127,0.317185106336268,0.343603618883356,0.205543139718139,5.20505599515171
2.51994047619048,0.317157505279685,0.343592950020971,0.205444846071443,5.20525591216177
2.52003968253968,0.317129907321214,0.343582274339209,0.205346599525593,5.20545580409466
2.52013888888889,0.317102312460585,0.34357159184211,0.205248400057988,5.2056556709567
2.5202380952381,0.317074720697533,0.343560902533712,0.205150247646036,5.20585551275419
2.5203373015873,0.317047132031792,0.343550206418051,0.20505214226715,5.20605532949343
2.52043650793651,0.317019546463098,0.343539503499163,0.204954083898757,5.20625512118072
2.52053571428571,0.316991963991189,0.343528793781078,0.204856072518288,5.20645488782236
2.52063492063492,0.316964384615802,0.343518077267827,0.204758108103184,5.20665462942464
2.52073412698413,0.316936808336678,0.343507353963438,0.204660190630896,5.20685434599385
2.52083333333333,0.316909235153557,0.343496623871937,0.204562320078882,5.20705403753629
2.52093253968254,0.316881665066183,0.343485886997348,0.204464496424608,5.20725370405824
2.52103174603175,0.316854098074297,0.343475143343694,0.204366719645549,5.20745334556598
2.52113095238095,0.316826534177645,0.343464392914992,0.204268989719191,5.2076529620658
2.52123015873016,0.316798973375973,0.343453635715263,0.204171306623025,5.20785255356397
2.52132936507937,0.316771415669028,0.34344287174852,0.204073670334552,5.20805212006677
2.52142857142857,0.316743861056559,0.343432101018778,0.203976080831281,5.20825166158048
2.52152777777778,0.316716309538314,0.343421323530049,0.203878538090732,5.20845117811137
2.52162698412698,0.316688761114046,0.343410539286342,0.203781042090431,5.2086506696657
2.52172619047619,0.316661215783506,0.343399748291664,0.203683592807912,5.20885013624974
2.5218253968254,0.316633673546447,0.343388950550021,0.20358619022072,5.20904957786977
2.5219246031746,0.316606134402625,0.343378146065416,0.203488834306407,5.20924899453203
2.52202380952381,0.316578598351795,0.34336733484185,0.203391525042533,5.20944838624278
2.52212301587302,0.316551065393715,0.343356516883323,0.203294262406668,5.20964775300829
2.52222222222222,0.316523535528142,0.343345692193832,0.203197046376391,5.2098470948348
2.52232142857143,0.316496008754837,0.343334860777372,0.203099876929286,5.21004641172858
2.52242063492063,0.31646848507356,0.343324022637936,0.203002754042951,5.21024570369586
2.52251984126984,0.316440964484073,0.343313177779515,0.202905677694987,5.21044497074289
2.52261904761905,0.316413446986141,0.343302326206098,0.202808647863007,5.21064421287592
2.52271825396825,0.316385932579527,0.343291467921672,0.202711664524632,5.21084343010119
2.52281746031746,0.316358421263997,0.343280602930222,0.202614727657492,5.21104262242493
2.52291666666667,0.316330913039319,0.34326973123573,0.202517837239222,5.21124178985338
2.52301587301587,0.316303407905261,0.343258852842177,0.202420993247471,5.21144093239278
2.52311507936508,0.316275905861593,0.343247967753542,0.202324195659893,5.21164005004936
2.52321428571429,0.316248406908085,0.343237075973801,0.202227444454151,5.21183914282934
2.52331349206349,0.31622091104451,0.343226177506929,0.202130739607917,5.21203821073895
2.5234126984127,0.316193418270641,0.343215272356898,0.202034081098871,5.21223725378441
2.5235119047619,0.316165928586252,0.34320436052768,0.201937468904703,5.21243627197195
2.52361111111111,0.31613844199112,0.343193442023241,0.20184090300311,5.21263526530779
2.52371031746032,0.316110958485021,0.343182516847549,0.201744383371799,5.21283423379813
2.52380952380952,0.316083478067734,0.343171585004567,0.201647909988484,5.21303317744919
2.52390873015873,0.316056000739039,0.343160646498258,0.201551482830887,5.21323209626719
2.52400793650794,0.316028526498716,0.343149701332582,0.201455101876742,5.21343099025832
2.52410714285714,0.316001055346548,0.343138749511497,0.201358767103787,5.21362985942881
2.52420634920635,0.315973587282318,0.343127791038959,0.201262478489772,5.21382870378484
2.52430555555556,0.31594612230581,0.343116825918922,0.201166236012455,5.21402752333262
2.52440476190476,0.31591866041681,0.343105854155338,0.2010700396496,5.21422631807835
2.52450396825397,0.315891201615106,0.343094875752156,0.200973889378984,5.21442508802822
2.52460317460317,0.315863745900485,0.343083890713324,0.200877785178388,5.21462383318843
2.52470238095238,0.315836293272738,0.343072899042789,0.200781727025605,5.21482255356516
2.52480158730159,0.315808843731654,0.343061900744493,0.200685714898433,5.21502124916461
2.52490079365079,0.315781397277027,0.343050895822379,0.200589748774683,5.21521991999295
2.525,0.31575395390865,0.343039884280385,0.200493828632171,5.21541856605638
2.52509920634921,0.315726513626316,0.34302886612245,0.200397954448722,5.21561718736107
2.52519841269841,0.315699076429823,0.343017841352508,0.200302126202172,5.2158157839132
2.52529761904762,0.315671642318966,0.343006809974493,0.200206343870363,5.21601435571894
2.52539682539683,0.315644211293545,0.342995771992337,0.200110607431146,5.21621290278448
2.52549603174603,0.315616783353358,0.342984727409968,0.200014916862382,5.21641142511596
2.52559523809524,0.315589358498207,0.342973676231313,0.199919272141937,5.21660992271958
2.52569444444444,0.315561936727894,0.342962618460299,0.199823673247691,5.21680839560148
2.52579365079365,0.315534518042222,0.342951554100847,0.199728120157528,5.21700684376784
2.52589285714286,0.315507102440995,0.34294048315688,0.199632612849342,5.2172052672248
2.52599206349206,0.315479689924019,0.342929405632315,0.199537151301037,5.21740366597854
2.52609126984127,0.315452280491102,0.34291832153107,0.199441735490522,5.2176020400352
2.52619047619048,0.315424874142051,0.342907230857059,0.199346365395719,5.21780038940094
2.52628968253968,0.315397470876677,0.342896133614195,0.199251040994554,5.2179987140819
2.52638888888889,0.315370070694789,0.342885029806389,0.199155762264965,5.21819701408424
2.5264880952381,0.315342673596201,0.34287391943755,0.199060529184898,5.2183952894141
2.5265873015873,0.315315279580724,0.342862802511584,0.198965341732306,5.21859354007761
2.52668650793651,0.315287888648175,0.342851679032396,0.198870199885152,5.21879176608093
2.52678571428571,0.315260500798368,0.342840549003888,0.198775103621406,5.21898996743018
2.52688492063492,0.31523311603112,0.34282941242996,0.198680052919049,5.2191881441315
2.52698412698413,0.31520573434625,0.342818269314511,0.198585047756068,5.21938629619103
2.52708333333333,0.315178355743578,0.342807119661438,0.198490088110459,5.21958442361488
2.52718253968254,0.315150980222923,0.342795963474633,0.198395173960229,5.2197825264092
2.52728174603175,0.315123607784109,0.342784800757991,0.198300305283391,5.2199806045801
2.52738095238095,0.315096238426957,0.3427736315154,0.198205482057966,5.22017865813371
2.52748015873016,0.315068872151294,0.342762455750748,0.198110704261987,5.22037668707615
2.52757936507937,0.315041508956944,0.342751273467923,0.198015971873492,5.22057469141352
2.52767857142857,0.315014148843734,0.342740084670807,0.197921284870529,5.22077267115195
2.52777777777778,0.314986791811494,0.342728889363282,0.197826643231154,5.22097062629755
2.52787698412698,0.314959437860051,0.342717687549229,0.197732046933434,5.22116855685642
2.52797619047619,0.314932086989237,0.342706479232525,0.19763749595544,5.22136646283468
2.5280753968254,0.314904739198885,0.342695264417045,0.197542990275255,5.22156434423842
2.5281746031746,0.314877394488826,0.342684043106665,0.197448529870971,5.22176220107376
2.52827380952381,0.314850052858896,0.342672815305254,0.197354114720685,5.22196003334678
2.52837301587302,0.31482271430893,0.342661581016682,0.197259744802507,5.22215784106358
2.52847222222222,0.314795378838766,0.342650340244817,0.197165420094551,5.22235562423027
2.52857142857143,0.31476804644824,0.342639092993525,0.197071140574942,5.22255338285292
2.52867063492063,0.314740717137194,0.342627839266669,0.196976906221815,5.22275111693763
2.52876984126984,0.314713390905468,0.342616579068109,0.196882717013311,5.22294882649049
2.52886904761905,0.314686067752903,0.342605312401706,0.196788572927581,5.22314651151757
2.52896825396825,0.314658747679342,0.342594039271316,0.196694473942783,5.22334417202497
2.52906746031746,0.314631430684631,0.342582759680795,0.196600420037085,5.22354180801875
2.52916666666667,0.314604116768615,0.342571473633995,0.196506411188663,5.223739419505
2.52926587301587,0.314576805931141,0.342560181134767,0.196412447375701,5.22393700648978
2.52936507936508,0.314549498172057,0.342548882186961,0.196318528576394,5.22413456897918
2.52946428571429,0.314522193491212,0.342537576794423,0.196224654768942,5.22433210697925
2.52956349206349,0.314494891888457,0.342526264960999,0.196130825931556,5.22452962049606
2.5296626984127,0.314467593363644,0.34251494669053,0.196037042042454,5.22472710953569
2.5297619047619,0.314440297916627,0.342503621986858,0.195943303079865,5.22492457410417
2.52986111111111,0.314413005547259,0.342492290853821,0.195849609022023,5.22512201420759
2.52996031746032,0.314385716255396,0.342480953295256,0.195755959847174,5.22531942985199
2.53005952380952,0.314358430040896,0.342469609314997,0.19566235553357,5.22551682104342
2.53015873015873,0.314331146903616,0.342458258916877,0.195568796059472,5.22571418778794
2.53025793650794,0.314303866843415,0.342446902104726,0.195475281403152,5.2259115300916
2.53035714285714,0.314276589860155,0.342435538882372,0.195381811542887,5.22610884796043
2.53045634920635,0.314249315953698,0.342424169253643,0.195288386456964,5.22630614140049
2.53055555555556,0.314222045123905,0.342412793222361,0.195195006123681,5.22650341041781
2.53065476190476,0.314194777370643,0.342401410792349,0.195101670521339,5.22670065501844
2.53075396825397,0.314167512693776,0.342390021967428,0.195008379628253,5.2268978752084
2.53085317460317,0.314140251093171,0.342378626751415,0.194915133422744,5.22709507099373
2.53095238095238,0.314112992568697,0.342367225148126,0.194821931883141,5.22729224238046
2.53105158730159,0.314085737120223,0.342355817161376,0.194728774987783,5.22748938937462
2.53115079365079,0.314058484747619,0.342344402794975,0.194635662715018,5.22768651198224
2.53125,0.314031235450758,0.342332982052735,0.1945425950432,5.22788361020933
2.53134920634921,0.314003989229512,0.342321554938462,0.194449571950694,5.22808068406192
2.53144841269841,0.313976746083756,0.342310121455962,0.194356593415872,5.22827773354603
2.53154761904762,0.313949506013365,0.342298681609039,0.194263659417114,5.22847475866766
2.53164682539683,0.313922269018216,0.342287235401495,0.194170769932813,5.22867175943284
2.53174603174603,0.313895035098188,0.342275782837129,0.194077924941364,5.22886873584757
2.53184523809524,0.31386780425316,0.342264323919738,0.193985124421176,5.22906568791787
2.53194444444444,0.313840576483012,0.342252858653119,0.193892368350663,5.22926261564973
2.53204365079365,0.313813351787627,0.342241387041063,0.19379965670825,5.22945951904916
2.53214285714286,0.313786130166886,0.342229909087363,0.193706989472368,5.22965639812215
2.53224206349206,0.313758911620676,0.342218424795808,0.193614366621459,5.22985325287472
2.53234126984127,0.31373169614888,0.342206934170185,0.193521788133972,5.23005008331284
2.53244047619048,0.313704483751387,0.342195437214279,0.193429253988366,5.23024688944252
2.53253968253968,0.313677274428083,0.342183933931872,0.193336764163106,5.23044367126974
2.53263888888889,0.31365006817886,0.342172424326747,0.193244318636669,5.23064042880049
2.5327380952381,0.313622865003606,0.342160908402682,0.193151917387537,5.23083716204075
2.5328373015873,0.313595664902214,0.342149386163453,0.193059560394204,5.23103387099652
2.53293650793651,0.313568467874577,0.342137857612836,0.192967247635169,5.23123055567376
2.53303571428571,0.313541273920589,0.342126322754604,0.192874979088942,5.23142721607846
2.53313492063492,0.313514083040146,0.342114781592526,0.192782754734041,5.23162385221658
2.53323412698413,0.313486895233145,0.342103234130372,0.192690574548993,5.23182046409411
2.53333333333333,0.313459710499483,0.342091680371909,0.192598438512332,5.232017051717
2.53343253968254,0.31343252883906,0.3420801203209,0.192506346602602,5.23221361509124
2.53353174603175,0.313405350251777,0.342068553981108,0.192414298798355,5.23241015422278
2.53363095238095,0.313378174737535,0.342056981356294,0.192322295078151,5.23260666911758
2.53373015873016,0.313351002296238,0.342045402450216,0.19223033542056,5.2328031597816
2.53382936507937,0.313323832927789,0.342033817266631,0.19213841980416,5.23299962622081
2.53392857142857,0.313296666632094,0.342022225809291,0.192046548207536,5.23319606844115
2.53402777777778,0.31326950340906,0.34201062808195,0.191954720609283,5.23339248644858
2.53412698412698,0.313242343258595,0.341999024088358,0.191862936988006,5.23358888024904
2.53422619047619,0.313215186180609,0.341987413832263,0.191771197322315,5.23378524984849
2.5343253968254,0.313188032175011,0.34197579731741,0.191679501590831,5.23398159525286
2.5344246031746,0.313160881241714,0.341964174547544,0.191587849772183,5.2341779164681
2.53452380952381,0.31313373338063,0.341952545526407,0.191496241845008,5.23437421350016
2.53462301587302,0.313106588591675,0.341940910257738,0.191404677787953,5.23457048635495
2.53472222222222,0.313079446874762,0.341929268745275,0.191313157579672,5.23476673503842
2.53482142857143,0.31305230822981,0.341917620992753,0.191221681198828,5.2349629595565
2.53492063492063,0.313025172656735,0.341905967003907,0.191130248624094,5.23515915991512
2.53501984126984,0.312998040155459,0.341894306782468,0.191038859834149,5.23535533612021
2.53511904761905,0.3129709107259,0.341882640332165,0.190947514807681,5.23555148817769
2.53521825396825,0.31294378436798,0.341870967656727,0.190856213523389,5.23574761609347
2.53531746031746,0.312916661081623,0.341859288759877,0.190764955959978,5.23594371987349
2.53541666666667,0.312889540866753,0.34184760364534,0.190673742096162,5.23613979952365
2.53551587301587,0.312862423723295,0.341835912316837,0.190582571910665,5.23633585504987
2.53561507936508,0.312835309651177,0.341824214778087,0.190491445382219,5.23653188645806
2.53571428571429,0.312808198650325,0.341812511032808,0.190400362489562,5.23672789375412
2.53581349206349,0.31278109072067,0.341800801084714,0.190309323211444,5.23692387694398
2.5359126984127,0.312753985862141,0.341789084937518,0.190218327526622,5.23711983603352
2.5360119047619,0.312726884074671,0.341777362594931,0.19012737541386,5.23731577102866
2.53611111111111,0.312699785358192,0.341765634060663,0.190036466851936,5.23751168193528
2.53621031746032,0.312672689712639,0.34175389933842,0.189945601819629,5.23770756875928
2.53630952380952,0.312645597137946,0.341742158431907,0.189854780295732,5.23790343150657
2.53640873015873,0.312618507634052,0.341730411344827,0.189764002259045,5.23809927018302
2.53650793650794,0.312591421200893,0.34171865808088,0.189673267688376,5.23829508479453
2.53660714285714,0.312564337838409,0.341706898643765,0.189582576562542,5.23849087534698
2.53670634920635,0.312537257546541,0.341695133037178,0.189491928860368,5.23868664184626
2.53680555555556,0.31251018032523,0.341683361264815,0.189401324560689,5.23888238429825
2.53690476190476,0.312483106174418,0.341671583330367,0.189310763642348,5.23907810270882
2.53700396825397,0.312456035094051,0.341659799237525,0.189220246084194,5.23927379708385
2.53710317460317,0.312428967084074,0.341648008989978,0.189129771865088,5.23946946742921
2.53720238095238,0.312401902144433,0.341636212591411,0.189039340963899,5.23966511375078
2.53730158730159,0.312374840275076,0.341624410045508,0.188948953359503,5.23986073605443
2.53740079365079,0.312347781475952,0.341612601355953,0.188858609030785,5.24005633434601
2.5375,0.312320725747013,0.341600786526424,0.188768307956638,5.24025190863139
2.53759920634921,0.312293673088208,0.341588965560601,0.188678050115967,5.24044745891644
2.53769841269841,0.312266623499493,0.341577138462159,0.188587835487681,5.240642985207
2.53779761904762,0.312239576980819,0.341565305234771,0.1884976640507,5.24083848750894
2.53789682539683,0.312212533532144,0.34155346588211,0.188407535783951,5.2410339658281
2.53799603174603,0.312185493153424,0.341541620407846,0.188317450666373,5.24122942017035
2.53809523809524,0.312158455844616,0.341529768815646,0.188227408676909,5.24142485054152
2.53819444444444,0.312131421605679,0.341517911109176,0.188137409794513,5.24162025694746
2.53829365079365,0.312104390436575,0.3415060472921,0.188047453998149,5.24181563939401
2.53839285714286,0.312077362337265,0.341494177368079,0.187957541266785,5.24201099788702
2.53849206349206,0.312050337307711,0.341482301340773,0.187867671579402,5.24220633243232
2.53859126984127,0.312023315347877,0.341470419213838,0.187777844914988,5.24240164303575
2.53869047619048,0.311996296457731,0.341458530990932,0.187688061252539,5.24259692970313
2.53878968253968,0.311969280637236,0.341446636675706,0.187598320571059,5.24279219244031
2.53888888888889,0.311942267886363,0.341434736271812,0.187508622849563,5.2429874312531
2.5389880952381,0.311915258205079,0.341422829782899,0.187418968067072,5.24318264614734
2.5390873015873,0.311888251593355,0.341410917212615,0.187329356202617,5.24337783712883
2.53918650793651,0.311861248051163,0.341398998564605,0.187239787235237,5.24357300420341
2.53928571428571,0.311834247578476,0.341387073842511,0.18715026114398,5.2437681473769
2.53938492063492,0.311807250175267,0.341375143049975,0.187060777907902,5.24396326665509
2.53948412698413,0.311780255841513,0.341363206190635,0.186971337506067,5.24415836204382
2.53958333333333,0.311753264577189,0.341351263268129,0.18688193991755,5.24435343354888
2.53968253968254,0.311726276382274,0.341339314286091,0.186792585121431,5.24454848117609
2.53978174603175,0.311699291256746,0.341327359248153,0.186703273096802,5.24474350493125
2.53988095238095,0.311672309200587,0.341315398157948,0.18661400382276,5.24493850482016
2.53998015873016,0.311645330213776,0.341303431019102,0.186524777278415,5.24513348084862
2.54007936507937,0.311618354296299,0.341291457835243,0.186435593442881,5.24532843302243
2.54017857142857,0.311591381448138,0.341279478609996,0.186346452295283,5.24552336134738
2.54027777777778,0.311564411669278,0.341267493346982,0.186257353814755,5.24571826582927
2.54037698412698,0.311537444959707,0.341255502049822,0.186168297980438,5.24591314647388
2.54047619047619,0.311510481319413,0.341243504722134,0.186079284771482,5.246108003287
2.5405753968254,0.311483520748383,0.341231501367536,0.185990314167046,5.24630283627442
2.5406746031746,0.31145656324661,0.34121949198964,0.185901386146298,5.24649764544191
2.54077380952381,0.311429608814083,0.341207476592059,0.185812500688412,5.24669243079527
2.54087301587302,0.311402657450797,0.341195455178403,0.185723657772574,5.24688719234025
2.54097222222222,0.311375709156744,0.341183427752281,0.185634857377977,5.24708193008264
2.54107142857143,0.311348763931921,0.341171394317297,0.185546099483822,5.24727664402821
2.54117063492063,0.311321821776324,0.341159354877057,0.185457384069318,5.24747133418273
2.54126984126984,0.31129488268995,0.341147309435162,0.185368711113685,5.24766600055196
2.54136904761905,0.3112679466728,0.341135257995211,0.18528008059615,5.24786064314167
2.54146825396825,0.311241013724872,0.341123200560802,0.185191492495947,5.24805526195762
2.54156746031746,0.311214083846169,0.341111137135532,0.185102946792323,5.24824985700557
2.54166666666667,0.311187157036694,0.341099067722993,0.185014443464529,5.24844442829127
2.54176587301587,0.31116023329645,0.341086992326778,0.184925982491826,5.24863897582049
2.54186507936508,0.311133312625442,0.341074910950476,0.184837563853485,5.24883349959896
2.54196428571429,0.311106395023678,0.341062823597673,0.184749187528783,5.24902799963245
2.54206349206349,0.311079480491165,0.341050730271957,0.184660853497008,5.24922247592669
2.5421626984127,0.311052569027912,0.341038630976909,0.184572561737455,5.24941692848743
2.5422619047619,0.311025660633929,0.341026525716111,0.184484312229428,5.24961135732041
2.54236111111111,0.310998755309228,0.341014414493143,0.184396104952241,5.24980576243137
2.54246031746032,0.310971853053821,0.341002297311581,0.184307939885213,5.25000014382604
2.54255952380952,0.310944953867723,0.340990174175001,0.184219817007674,5.25019450151016
2.54265873015873,0.310918057750949,0.340978045086976,0.184131736298963,5.25038883548947
2.54275793650794,0.310891164703516,0.340965910051076,0.184043697738427,5.25058314576968
2.54285714285714,0.31086427472544,0.340953769070871,0.18395570130542,5.25077743235653
2.54295634920635,0.310837387816742,0.340941622149927,0.183867746979307,5.25097169525573
2.54305555555556,0.310810503977441,0.34092946929181,0.18377983473946,5.25116593447301
2.54315476190476,0.310783623207558,0.340917310500081,0.18369196456526,5.2513601500141
2.54325396825397,0.310756745507118,0.340905145778302,0.183604136436096,5.25155434188469
2.54335317460317,0.310729870876142,0.340892975130031,0.183516350331367,5.25174851009051
2.54345238095238,0.310702999314658,0.340880798558825,0.183428606230478,5.25194265463726
2.54355158730159,0.310676130822691,0.340868616068238,0.183340904112845,5.25213677553067
2.54365079365079,0.310649265400269,0.340856427661823,0.183253243957892,5.25233087277642
2.54375,0.31062240304742,0.34084423334313,0.183165625745051,5.25252494638023
2.54384920634921,0.310595543764176,0.340832033115707,0.183078049453762,5.25271899634779
2.54394841269841,0.310568687550568,0.340819826983101,0.182990515063475,5.2529130226848
2.54404761904762,0.310541834406628,0.340807614948856,0.182903022553649,5.25310702539696
2.54414682539683,0.31051498433239,0.340795397016514,0.182815571903747,5.25330100448996
2.54424603174603,0.31048813732789,0.340783173189615,0.182728163093247,5.2534949599695
2.54434523809524,0.310461293393164,0.340770943471697,0.182640796101632,5.25368889184125
2.54444444444444,0.310434452528249,0.340758707866296,0.182553470908393,5.25388280011091
2.54454365079365,0.310407614733185,0.340746466376946,0.182466187493031,5.25407668478416
2.54464285714286,0.310380780008012,0.340734219007179,0.182378945835055,5.25427054586667
2.54474206349206,0.310353948352771,0.340721965760525,0.182291745913983,5.25446438336413
2.54484126984127,0.310327119767505,0.340709706640511,0.18220458770934,5.25465819728221
2.54494047619048,0.310300294252257,0.340697441650663,0.182117471200662,5.25485198762659
2.54503968253968,0.310273471807074,0.340685170794505,0.182030396367493,5.25504575440292
2.54513888888889,0.310246652432002,0.340672894075558,0.181943363189383,5.25523949761689
2.5452380952381,0.310219836127087,0.340660611497342,0.181856371645893,5.25543321727416
2.5453373015873,0.310193022892379,0.340648323063374,0.181769421716592,5.25562691338038
2.54543650793651,0.310166212727929,0.340636028777169,0.181682513381058,5.25582058594123
2.54553571428571,0.310139405633787,0.340623728642241,0.181595646618877,5.25601423496235
2.54563492063492,0.310112601610007,0.340611422662102,0.181508821409642,5.2562078604494
2.54573412698413,0.310085800656642,0.340599110840259,0.181422037732957,5.25640146240803
2.54583333333333,0.310059002773747,0.340586793180222,0.181335295568435,5.2565950408439
2.54593253968254,0.310032207961379,0.340574469685493,0.181248594895694,5.25678859576265
2.54603174603175,0.310005416219595,0.340562140359577,0.181161935694364,5.25698212716993
2.54613095238095,0.309978627548455,0.340549805205975,0.181075317944082,5.25717563507137
2.54623015873016,0.309951841948018,0.340537464228185,0.180988741624494,5.25736911947262
2.54632936507937,0.309925059418345,0.340525117429705,0.180902206715253,5.25756258037931
2.54642857142857,0.309898279959501,0.340512764814028,0.180815713196024,5.25775601779709
2.54652777777778,0.309871503571547,0.340500406384649,0.180729261046478,5.25794943173157
2.54662698412698,0.309844730254551,0.340488042145057,0.180642850246294,5.2581428221884
2.54672619047619,0.309817960008576,0.34047567209874,0.180556480775161,5.25833618917319
2.5468253968254,0.309791192833693,0.340463296249187,0.180470152612776,5.25852953269158
2.5469246031746,0.309764428729969,0.340450914599881,0.180383865738845,5.25872285274918
2.54702380952381,0.309737667697474,0.340438527154304,0.180297620133082,5.25891614935161
2.54712301587302,0.30971090973628,0.340426133915937,0.180211415775209,5.2591094225045
2.54722222222222,0.30968415484646,0.340413734888258,0.180125252644959,5.25930267221345
2.54732142857143,0.309657403028086,0.340401330074744,0.18003913072207,5.25949589848407
2.54742063492063,0.309630654281235,0.340388919478869,0.179953049986291,5.25968910132199
2.54751984126984,0.309603908605983,0.340376503104104,0.17986701041738,5.25988228073279
2.54761904761905,0.309577166002408,0.340364080953921,0.179781011995101,5.26007543672209
2.54771825396825,0.309550426470587,0.340351653031786,0.179695054699228,5.26026856929549
2.54781746031746,0.309523690010602,0.340339219341166,0.179609138509545,5.26046167845859
2.54791666666667,0.309496956622533,0.340326779885525,0.179523263405841,5.26065476421698
2.54801587301587,0.309470226306463,0.340314334668325,0.179437429367917,5.26084782657626
2.54811507936508,0.309443499062477,0.340301883693025,0.179351636375581,5.26104086554202
2.54821428571429,0.309416774890658,0.340289426963084,0.17926588440865,5.26123388111984
2.54831349206349,0.309390053791095,0.340276964481956,0.179180173446949,5.26142687331533
2.5484126984127,0.309363335763873,0.340264496253096,0.179094503470311,5.26161984213405
2.5485119047619,0.309336620809081,0.340252022279954,0.179008874458579,5.26181278758159
2.54861111111111,0.309309908926811,0.340239542565981,0.178923286391604,5.26200570966353
2.54871031746032,0.309283200117153,0.340227057114625,0.178837739249246,5.26219860838544
2.54880952380952,0.3092564943802,0.340214565929329,0.178752233011372,5.26239148375291
2.54890873015873,0.309229791716045,0.340202069013538,0.178666767657858,5.26258433577149
2.54900793650794,0.309203092124783,0.340189566370693,0.178581343168591,5.26277716444676
2.54910714285714,0.309176395606512,0.340177058004233,0.178495959523464,5.26296996978429
2.54920634920635,0.309149702161328,0.340164543917595,0.178410616702378,5.26316275178963
2.54930555555556,0.309123011789331,0.340152024114215,0.178325314685244,5.26335551046836
2.54940476190476,0.309096324490619,0.340139498597524,0.178240053451983,5.26354824582602
2.54950396825397,0.309069640265296,0.340126967370956,0.178154832982521,5.26374095786818
2.54960317460317,0.309042959113462,0.340114430437937,0.178069653256794,5.26393364660038
2.54970238095238,0.309016281035222,0.340101887801895,0.177984514254749,5.26412631202818
2.54980158730159,0.308989606030681,0.340089339466255,0.177899415956338,5.26431895415713
2.54990079365079,0.308962934099946,0.34007678543444,0.177814358341523,5.26451157299277
2.55,0.308936265243123,0.340064225709869,0.177729341390275,5.26470416854064
2.55009920634921,0.308909599460321,0.340051660295963,0.177644365082572,5.26489674080629
2.55019841269841,0.308882936751651,0.340039089196137,0.177559429398403,5.26508928979526
2.55029761904762,0.308856277117224,0.340026512413806,0.177474534317763,5.26528181551308
2.55039682539683,0.308829620557152,0.340013929952381,0.177389679820658,5.26547431796528
2.55049603174603,0.308802967071549,0.340001341815275,0.177304865887101,5.26566679715739
2.55059523809524,0.30877631666053,0.339988748005895,0.177220092497112,5.26585925309494
2.55069444444444,0.308749669324211,0.339976148527647,0.177135359630724,5.26605168578347
2.55079365079365,0.30872302506271,0.339963543383935,0.177050667267974,5.26624409522848
2.55089285714286,0.308696383876146,0.339950932578161,0.17696601538891,5.2664364814355
2.55099206349206,0.308669745764638,0.339938316113727,0.176881403973588,5.26662884441005
2.55109126984127,0.308643110728307,0.339925693994029,0.176796833002073,5.26682118415765
2.55119047619048,0.308616478767277,0.339913066222463,0.176712302454436,5.2670135006838
2.55128968253968,0.308589849881671,0.339900432802424,0.176627812310762,5.26720579399402
2.55138888888889,0.308563224071614,0.339887793737303,0.176543362551139,5.26739806409381
2.5514880952381,0.308536601337232,0.339875149030491,0.176458953155666,5.26759031098869
2.5515873015873,0.308509981678652,0.339862498685374,0.176374584104449,5.26778253468414
2.55168650793651,0.308483365096004,0.339849842705339,0.176290255377607,5.26797473518568
2.55178571428571,0.308456751589417,0.339837181093769,0.176205966955261,5.2681669124988
2.55188492063492,0.308430141159023,0.339824513854045,0.176121718817546,5.268359066629
2.55198412698413,0.308403533804953,0.339811840989548,0.176037510944603,5.26855119758176
2.55208333333333,0.308376929527342,0.339799162503654,0.175953343316581,5.26874330536258
2.55218253968254,0.308350328326325,0.339786478399739,0.17586921591364,5.26893538997695
2.55228174603175,0.308323730202038,0.339773788681176,0.175785128715946,5.26912745143035
2.55238095238095,0.308297135154618,0.339761093351337,0.175701081703675,5.26931948972826
2.55248015873016,0.308270543184203,0.339748392413591,0.175617074857011,5.26951150487616
2.55257936507937,0.308243954290935,0.339735685871304,0.175533108156147,5.26970349687953
2.55267857142857,0.308217368474954,0.339722973727842,0.175449181581284,5.26989546574385
2.55277777777778,0.308190785736402,0.339710255986568,0.175365295112631,5.27008741147458
2.55287698412698,0.308164206075423,0.339697532650843,0.175281448730408,5.2702793340772
2.55297619047619,0.308137629492163,0.339684803724026,0.175197642414841,5.27047123355717
2.5530753968254,0.308111055986767,0.339672069209473,0.175113876146165,5.27066310991996
2.5531746031746,0.308084485559382,0.33965932911054,0.175030149904625,5.27085496317103
2.55327380952381,0.308057918210158,0.339646583430579,0.174946463670472,5.27104679331585
2.55337301587302,0.308031353939244,0.33963383217294,0.174862817423969,5.27123860035985
2.55347222222222,0.308004792746791,0.339621075340973,0.174779211145384,5.27143038430851
2.55357142857143,0.307978234632952,0.339608312938024,0.174695644814996,5.27162214516727
2.55367063492063,0.307951679597881,0.339595544967437,0.174612118413092,5.27181388294159
2.55376984126984,0.307925127641732,0.339582771432555,0.174528631919966,5.2720055976369
2.55386904761905,0.307898578764662,0.339569992336718,0.174445185315922,5.27219728925866
2.55396825396825,0.307872032966828,0.339557207683265,0.174361778581273,5.2723889578123
2.55406746031746,0.307845490248388,0.339544417475531,0.17427841169634,5.27258060330327
2.55416666666667,0.307818950609502,0.339531621716852,0.174195084641452,5.272772225737
2.55426587301587,0.307792414050333,0.339518820410558,0.174111797396947,5.27296382511893
2.55436507936508,0.307765880571041,0.339506013559981,0.174028549943172,5.27315540145448
2.55446428571429,0.30773935017179,0.339493201168447,0.173945342260481,5.27334695474909
2.55456349206349,0.307712822852747,0.339480383239284,0.173862174329238,5.27353848500818
2.5546626984127,0.307686298614075,0.339467559775815,0.173779046129816,5.27372999223717
2.5547619047619,0.307659777455944,0.339454730781361,0.173695957642595,5.2739214764415
2.55486111111111,0.307633259378521,0.339441896259243,0.173612908847964,5.27411293762657
2.55496031746032,0.307606744381977,0.339429056212779,0.173529899726321,5.27430437579781
2.55505952380952,0.307580232466483,0.339416210645283,0.173446930258073,5.27449579096062
2.55515873015873,0.30755372363221,0.33940335956007,0.173364000423634,5.27468718312042
2.55525793650794,0.307527217879332,0.339390502960452,0.173281110203427,5.27487855228262
2.55535714285714,0.307500715208025,0.339377640849736,0.173198259577885,5.27506989845263
2.55545634920635,0.307474215618465,0.339364773231232,0.173115448527448,5.27526122163584
2.55555555555556,0.307447719110828,0.339351900108244,0.173032677032566,5.27545252183766
2.55565476190476,0.307421225685294,0.339339021484076,0.172949945073695,5.27564379906349
2.55575396825397,0.307394735342042,0.339326137362029,0.172867252631302,5.27583505331872
2.55585317460317,0.307368248081253,0.339313247745402,0.172784599685862,5.27602628460874
2.55595238095238,0.307341763903109,0.339300352637492,0.172701986217857,5.27621749293896
2.55605158730159,0.307315282807795,0.339287452041595,0.17261941220778,5.27640867831475
2.55615079365079,0.307288804795495,0.339274545961003,0.172536877636131,5.2765998407415
2.55625,0.307262329866395,0.339261634399007,0.172454382483419,5.2767909802246
2.55634920634921,0.307235858020683,0.339248717358897,0.172371926730161,5.27698209676943
2.55644841269841,0.307209389258546,0.339235794843958,0.172289510356883,5.27717319038136
2.55654761904762,0.307182923580176,0.339222866857476,0.17220713334412,5.27736426106577
2.55664682539683,0.307156460985762,0.339209933402734,0.172124795672414,5.27755530882804
2.55674603174603,0.307130001475497,0.339196994483012,0.172042497322318,5.27774633367353
2.55684523809524,0.307103545049575,0.339184050101589,0.171960238274391,5.27793733560761
2.55694444444444,0.30707709170819,0.339171100261741,0.171878018509203,5.27812831463565
2.55704365079365,0.307050641451539,0.339158144966742,0.171795838007329,5.27831927076302
2.55714285714286,0.307024194279819,0.339145184219866,0.171713696749357,5.27851020399506
2.55724206349206,0.306997750193228,0.339132218024383,0.17163159471588,5.27870111433715
2.55734126984127,0.306971309191966,0.339119246383561,0.171549531887501,5.27889200179463
2.55744047619048,0.306944871276235,0.339106269300665,0.171467508244832,5.27908286637286
2.55753968253968,0.306918436446236,0.339093286778961,0.171385523768493,5.27927370807719
2.55763888888889,0.306892004702173,0.33908029882171,0.171303578439111,5.27946452691297
2.5577380952381,0.306865576044251,0.339067305432173,0.171221672237325,5.27965532288553
2.5578373015873,0.306839150472675,0.339054306613607,0.17113980514378,5.27984609600024
2.55793650793651,0.306812727987654,0.339041302369269,0.171057977139129,5.28003684626242
2.55803571428571,0.306786308589395,0.339028292702412,0.170976188204036,5.28022757367741
2.55813492063492,0.306759892278108,0.339015277616288,0.170894438319172,5.28041827825055
2.55823412698413,0.306733479054005,0.339002257114148,0.170812727465217,5.28060895998717
2.55833333333333,0.306707068917298,0.338989231199238,0.170731055622858,5.2807996188926
2.55843253968254,0.306680661868199,0.338976199874804,0.170649422772793,5.28099025497218
2.55853174603175,0.306654257906924,0.33896316314409,0.170567828895727,5.28118086823121
2.55863095238095,0.30662785703369,0.338950121010338,0.170486273972373,5.28137145867503
2.55873015873016,0.306601459248712,0.338937073476786,0.170404757983456,5.28156202630896
2.55882936507937,0.30657506455221,0.338924020546673,0.170323280909705,5.28175257113831
2.55892857142857,0.306548672944403,0.338910962223234,0.17024184273186,5.2819430931684
2.55902777777778,0.306522284425512,0.338897898509701,0.170160443430669,5.28213359240454
2.55912698412698,0.30649589899576,0.338884829409307,0.17007908298689,5.28232406885204
2.55922619047619,0.30646951665537,0.33887175492528,0.169997761381287,5.28251452251621
2.5593253968254,0.306443137404566,0.338858675060848,0.169916478594633,5.28270495340235
2.5594246031746,0.306416761243575,0.338845589819236,0.169835234607712,5.28289536151577
2.55952380952381,0.306390388172624,0.338832499203666,0.169754029401313,5.28308574686176
2.55962301587302,0.306364018191942,0.338819403217359,0.169672862956238,5.28327610944562
2.55972222222222,0.306337651301757,0.338806301863535,0.169591735253292,5.28346644927265
2.55982142857143,0.306311287502302,0.338793195145411,0.169510646273293,5.28365676634814
2.55992063492063,0.306284926793807,0.3387800830662,0.169429595997067,5.28384706067738
2.56001984126984,0.306258569176508,0.338766965629117,0.169348584405446,5.28403733226565
2.56011904761905,0.306232214650637,0.33875384283737,0.169267611479272,5.28422758111824
2.56021825396825,0.306205863216433,0.33874071469417,0.169186677199397,5.28441780724043
2.56031746031746,0.30617951487413,0.338727581202722,0.169105781546679,5.2846080106375
2.56041666666667,0.306153169623968,0.338714442366232,0.169024924501987,5.28479819131473
2.56051587301587,0.306126827466187,0.338701298187901,0.168944106046195,5.28498834927739
2.56061507936508,0.306100488401028,0.338688148670929,0.168863326160191,5.28517848453075
2.56071428571429,0.306074152428732,0.338674993818516,0.168782584824866,5.28536859708009
2.56081349206349,0.306047819549544,0.338661833633857,0.168701882021123,5.28555868693067
2.5609126984127,0.306021489763707,0.338648668120146,0.168621217729872,5.28574875408775
2.5610119047619,0.305995163071468,0.338635497280577,0.168540591932032,5.28593879855659
2.56111111111111,0.305968839473074,0.338622321118338,0.168460004608531,5.28612882034246
2.56121031746032,0.305942518968773,0.338609139636617,0.168379455740305,5.28631881945061
2.56130952380952,0.305916201558815,0.338595952838602,0.168298945308299,5.2865087958863
2.56140873015873,0.305889887243451,0.338582760727475,0.168218473293465,5.28669874965477
2.56150793650794,0.305863576022933,0.338569563306418,0.168138039676766,5.28688868076127
2.56160714285714,0.305837267897515,0.338556360578611,0.168057644439171,5.28707858921106
2.56170634920635,0.30581096286745,0.338543152547232,0.167977287561661,5.28726847500937
2.56180555555556,0.305784660932996,0.338529939215457,0.167896969025221,5.28745833816145
2.56190476190476,0.305758362094409,0.338516720586459,0.167816688810848,5.28764817867254
2.56200396825397,0.305732066351947,0.33850349666341,0.167736446899547,5.28783799654786
2.56210317460317,0.30570577370587,0.338490267449478,0.16765624327233,5.28802779179266
2.56220238095238,0.305679484156439,0.338477032947832,0.16757607791022,5.28821756441217
2.56230158730159,0.305653197703916,0.338463793161637,0.167495950794245,5.28840731441162
2.56240079365079,0.305626914348565,0.338450548094056,0.167415861905445,5.28859704179622
2.5625,0.30560063409065,0.338437297748251,0.167335811224867,5.28878674657121
2.56259920634921,0.305574356930437,0.33842404212738,0.167255798733567,5.2889764287418
2.56269841269841,0.305548082868193,0.338410781234601,0.167175824412609,5.28916608831322
2.56279761904762,0.305521811904187,0.338397515073069,0.167095888243065,5.28935572529068
2.56289682539683,0.305495544038687,0.338384243645936,0.167015990206019,5.28954533967939
2.56299603174603,0.305469279271966,0.338370966956354,0.166936130282558,5.28973493148457
2.56309523809524,0.305443017604294,0.338357685007472,0.166856308453781,5.28992450071142
2.56319444444444,0.305416759035946,0.338344397802436,0.166776524700797,5.29011404736515
2.56329365079365,0.305390503567196,0.338331105344391,0.16669677900472,5.29030357145096
2.56339285714286,0.30536425119832,0.33831780763648,0.166617071346674,5.29049307297405
2.56349206349206,0.305338001929594,0.338304504681844,0.166537401707792,5.29068255193962
2.56359126984127,0.305311755761298,0.338291196483621,0.166457770069215,5.29087200835287
2.56369047619048,0.305285512693711,0.338277883044947,0.166378176412093,5.29106144221899
2.56378968253968,0.305259272727113,0.338264564368958,0.166298620717584,5.29125085354317
2.56388888888889,0.305233035861787,0.338251240458785,0.166219102966855,5.2914402423306
2.5639880952381,0.305206802098016,0.338237911317559,0.166139623141082,5.29162960858646
2.5640873015873,0.305180571436085,0.338224576948408,0.166060181221448,5.29181895231593
2.56418650793651,0.305154343876279,0.338211237354459,0.165980777189146,5.2920082735242
2.56428571428571,0.305128119418885,0.338197892538835,0.165901411025376,5.29219757221645
2.56438492063492,0.305101898064192,0.338184542504659,0.165822082711349,5.29238684839785
2.56448412698413,0.30507567981249,0.338171187255051,0.165742792228283,5.29257610207357
2.56458333333333,0.305049464664069,0.338157826793129,0.165663539557403,5.29276533324878
2.56468253968254,0.305023252619221,0.338144461122008,0.165584324679946,5.29295454192866
2.56478174603175,0.304997043678239,0.338131090244803,0.165505147577155,5.29314372811836
2.56488095238095,0.304970837841419,0.338117714164625,0.165426008230282,5.29333289182304
2.56498015873016,0.304944635109055,0.338104332884584,0.165346906620588,5.29352203304788
2.56507936507937,0.304918435481446,0.338090946407789,0.165267842729343,5.29371115179802
2.56517857142857,0.304892238958888,0.338077554737344,0.165188816537824,5.29390024807863
2.56527777777778,0.304866045541682,0.338064157876353,0.165109828027318,5.29408932189485
2.56537698412698,0.304839855230129,0.338050755827917,0.16503087717912,5.29427837325183
2.56547619047619,0.30481366802453,0.338037348595137,0.164951963974533,5.29446740215472
2.5655753968254,0.304787483925189,0.338023936181109,0.16487308839487,5.29465640860867
2.5656746031746,0.30476130293241,0.33801051858893,0.164794250421451,5.29484539261882
2.56577380952381,0.304735125046499,0.337997095821691,0.164715450035606,5.2950343541903
2.56587301587302,0.304708950267764,0.337983667882485,0.164636687218671,5.29522329332826
2.56597222222222,0.304682778596511,0.3379702347744,0.164557961951994,5.29541221003783
2.56607142857143,0.304656610033052,0.337956796500524,0.164479274216929,5.29560110432415
2.56617063492063,0.304630444577696,0.337943353063942,0.16440062399484,5.29578997619233
2.56626984126984,0.304604282230755,0.337929904467736,0.164322011267098,5.29597882564751
2.56636904761905,0.304578122992543,0.337916450714989,0.164243436015084,5.29616765269482
2.56646825396825,0.304551966863375,0.337902991808777,0.164164898220187,5.29635645733938
2.56656746031746,0.304525813843566,0.33788952775218,0.164086397863804,5.2965452395863
2.56666666666667,0.304499663933433,0.33787605854827,0.164007934927342,5.2967339994407
2.56676587301587,0.304473517133294,0.337862584200121,0.163929509392215,5.2969227369077
2.56686507936508,0.304447373443469,0.337849104710804,0.163851121239846,5.2971114519924
2.56696428571429,0.304421232864278,0.337835620083387,0.163772770451668,5.29730014469993
2.56706349206349,0.304395095396044,0.337822130320936,0.16369445700912,5.29748881503537
2.5671626984127,0.304368961039089,0.337808635426516,0.163616180893651,5.29767746300385
2.5672619047619,0.304342829793739,0.33779513540319,0.163537942086719,5.29786608861046
2.56736111111111,0.304316701660318,0.337781630254018,0.163459740569789,5.2980546918603
2.56746031746032,0.304290576639155,0.337768119982058,0.163381576324336,5.29824327275847
2.56755952380952,0.304264454730576,0.337754604590366,0.163303449331843,5.29843183131005
2.56765873015873,0.304238335934912,0.337741084081997,0.163225359573802,5.29862036752015
2.56775793650794,0.304212220252493,0.337727558460002,0.163147307031712,5.29880888139385
2.56785714285714,0.304186107683651,0.337714027727432,0.163069291687082,5.29899737293624
2.56795634920635,0.30415999822872,0.337700491887335,0.162991313521429,5.2991858421524
2.56805555555556,0.304133891888033,0.337686950942756,0.16291337251628,5.29937428904741
2.56815476190476,0.304107788661927,0.33767340489674,0.162835468653167,5.29956271362636
2.56825396825397,0.304081688550738,0.337659853752328,0.162757601913635,5.29975111589431
2.56835317460317,0.304055591554804,0.33764629751256,0.162679772279234,5.29993949585635
2.56845238095238,0.304029497674466,0.337632736180474,0.162601979731525,5.30012785351754
2.56855158730159,0.304003406910063,0.337619169759106,0.162524224252076,5.30031618888295
2.56865079365079,0.303977319261938,0.337605598251488,0.162446505822464,5.30050450195765
2.56875,0.303951234730434,0.337592021660653,0.162368824424273,5.30069279274671
2.56884920634921,0.303925153315895,0.33757843998963,0.1622911800391,5.30088106125518
2.56894841269841,0.303899075018667,0.337564853241446,0.162213572648545,5.30106930748812
2.56904761904762,0.303872999839097,0.337551261419127,0.162136002234221,5.30125753145059
2.56914682539683,0.303846927777532,0.337537664525696,0.162058468777746,5.30144573314764
2.56924603174603,0.303820858834323,0.337524062564174,0.16198097226075,5.30163391258432
2.56934523809524,0.30379479300982,0.337510455537581,0.161903512664869,5.30182206976568
2.56944444444444,0.303768730304374,0.337496843448933,0.161826089971748,5.30201020469677
2.56954365079365,0.30374267071834,0.337483226301246,0.161748704163041,5.30219831738264
2.56964285714286,0.303716614252071,0.337469604097532,0.161671355220412,5.30238640782831
2.56974206349206,0.303690560905924,0.337455976840803,0.161594043125529,5.30257447603883
2.56984126984127,0.303664510680254,0.337442344534068,0.161516767860075,5.30276252201924
2.56994047619048,0.30363846357542,0.337428707180332,0.161439529405735,5.30295054577457
2.57003968253968,0.303612419591782,0.337415064782602,0.161362327744207,5.30313854730984
2.57013888888889,0.303586378729699,0.337401417343879,0.161285162857197,5.3033265266301
2.5702380952381,0.303560340989535,0.337387764867164,0.161208034726417,5.30351448374036
2.5703373015873,0.303534306371652,0.337374107355456,0.16113094333359,5.30370241864564
2.57043650793651,0.303508274876414,0.337360444811752,0.161053888660448,5.30389033135097
2.57053571428571,0.303482246504187,0.337346777239045,0.160976870688728,5.30407822186137
2.57063492063492,0.303456221255338,0.337333104640329,0.16089988940018,5.30426609018184
2.57073412698413,0.303430199130236,0.337319427018594,0.160822944776559,5.30445393631741
2.57083333333333,0.303404180129248,0.337305744376827,0.16074603679963,5.30464176027308
2.57093253968254,0.303378164252746,0.337292056718015,0.160669165451168,5.30482956205387
2.57103174603175,0.303352151501103,0.337278364045143,0.160592330712954,5.30501734166477
2.57113095238095,0.30332614187469,0.337264666361192,0.160515532566778,5.30520509911079
2.57123015873016,0.303300135353758,0.337250963676748,0.160438770996727,5.30539283440448
2.57132936507937,0.303274131834741,0.337237256033959,0.160362045997021,5.30558054758971
2.57142857142857,0.303248131302319,0.337223543441464,0.160285357552721,5.30576823867703
2.57152777777778,0.303222133755805,0.337209825902362,0.160208705647288,5.30595590767148
2.57162698412698,0.303196139194513,0.337196103419748,0.160132090264185,5.30614355457811
2.57172619047619,0.303170147617756,0.337182375996719,0.160055511386883,5.30633117940197
2.5718253968254,0.303144159024847,0.337168643636369,0.159978968998856,5.3065187821481
2.5719246031746,0.303118173415102,0.337154906341791,0.159902463083584,5.30670636282153
2.57202380952381,0.303092190787835,0.337141164116079,0.159825993624553,5.30689392142731
2.57212301587302,0.303066211142361,0.337127416962324,0.159749560605254,5.30708145797048
2.57222222222222,0.303040234477997,0.337113664883614,0.159673164009183,5.30726897245608
2.57232142857143,0.303014260794057,0.337099907883041,0.159596803819841,5.30745646488913
2.57242063492063,0.30298829008986,0.33708614596369,0.159520480020735,5.30764393527467
2.57251984126984,0.302962322364721,0.33707237912865,0.159444192595377,5.30783138361774
2.57261904761905,0.302936357617959,0.337058607381005,0.159367941527284,5.30801880992336
2.57271825396825,0.30291039584889,0.33704483072384,0.159291726799978,5.30820621419657
2.57281746031746,0.302884437056835,0.337031049160238,0.159215548396988,5.30839359644239
2.57291666666667,0.30285848124111,0.337017262693283,0.159139406301845,5.30858095666585
2.57301587301587,0.302832528401035,0.337003471326054,0.159063300498089,5.30876829487197
2.57311507936508,0.30280657853593,0.336989675061631,0.158987230969263,5.30895561106579
2.57321428571429,0.302780631645115,0.336975873903094,0.158911197698916,5.30914290525231
2.57331349206349,0.30275468772791,0.33696206785352,0.158835200670602,5.30933017743657
2.5734126984127,0.302728746783637,0.336948256915986,0.15875923986788,5.30951742762357
2.5735119047619,0.302702808811615,0.336934441093566,0.158683315274315,5.30970465581835
2.57361111111111,0.302676873811167,0.336920620389336,0.158607426873477,5.3098918620259
2.57371031746032,0.302650941781616,0.336906794806369,0.158531574648941,5.31007904625126
2.57380952380952,0.302625012722283,0.336892964347736,0.158455758584289,5.31026620849943
2.57390873015873,0.302599086632492,0.336879129016509,0.158379978663104,5.31045334877543
2.57400793650794,0.302573163511566,0.336865288815757,0.158304234868979,5.31064046708426
2.57410714285714,0.302547243358828,0.336851443748549,0.15822852718551,5.31082756343094
2.57420634920635,0.302521326173604,0.336837593817952,0.158152855596298,5.31101463782047
2.57430555555556,0.302495411955218,0.336823739027033,0.158077220084951,5.31120169025785
2.57440476190476,0.302469500702995,0.336809879378858,0.15800162063508,5.3113887207481
2.57450396825397,0.30244359241626,0.336796014876489,0.157926057230303,5.31157572929622
2.57460317460317,0.30241768709434,0.336782145522991,0.157850529854243,5.31176271590721
2.57470238095238,0.30239178473656,0.336768271321424,0.157775038490527,5.31194968058606
2.57480158730159,0.302365885342249,0.336754392274851,0.157699583122789,5.31213662333778
2.57490079365079,0.302339988910732,0.33674050838633,0.157624163734668,5.31232354416737
2.575,0.302314095441338,0.336726619658919,0.157548780309807,5.31251044307982
2.57509920634921,0.302288204933395,0.336712726095677,0.157473432831855,5.31269732008012
2.57519841269841,0.302262317386231,0.33669882769966,0.157398121284467,5.31288417517327
2.57529761904762,0.302236432799175,0.336684924473922,0.157322845651303,5.31307100836426
2.57539682539683,0.302210551171557,0.336671016421518,0.157247605916026,5.31325781965808
2.57549603174603,0.302184672502706,0.3366571035455,0.157172402062309,5.31344460905972
2.57559523809524,0.302158796791954,0.33664318584892,0.157097234073825,5.31363137657417
2.57569444444444,0.302132924038629,0.336629263334828,0.157022101934255,5.31381812220641
2.57579365079365,0.302107054242064,0.336615336006275,0.156947005627287,5.31400484596143
2.57589285714286,0.302081187401591,0.336601403866308,0.156871945136611,5.3141915478442
2.57599206349206,0.30205532351654,0.336587466917975,0.156796920445923,5.31437822785972
2.57609126984127,0.302029462586245,0.336573525164322,0.156721931538926,5.31456488601296
2.57619047619048,0.302003604610037,0.336559578608393,0.156646978399326,5.31475152230889
2.57628968253968,0.301977749587252,0.336545627253232,0.156572061010837,5.31493813675251
2.57638888888889,0.301951897517222,0.336531671101883,0.156497179357175,5.31512472934877
2.5764880952381,0.30192604839928,0.336517710157386,0.156422333422064,5.31531130010266
2.5765873015873,0.301900202232763,0.336503744422782,0.156347523189231,5.31549784901915
2.57668650793651,0.301874359017004,0.33648977390111,0.156272748642412,5.31568437610321
2.57678571428571,0.30184851875134,0.336475798595409,0.156198009765343,5.31587088135981
2.57688492063492,0.301822681435105,0.336461818508715,0.15612330654177,5.31605736479392
2.57698412698413,0.301796847067637,0.336447833644064,0.156048638955441,5.31624382641051
2.57708333333333,0.301771015648271,0.336433844004492,0.155974006990112,5.31643026621453
2.57718253968254,0.301745187176345,0.336419849593031,0.155899410629542,5.31661668421096
2.57728174603175,0.301719361651197,0.336405850412715,0.155824849857496,5.31680308040476
2.57738095238095,0.301693539072164,0.336391846466574,0.155750324657746,5.31698945480088
2.57748015873016,0.301667719438585,0.336377837757639,0.155675835014065,5.31717580740429
2.57757936507937,0.301641902749799,0.336363824288939,0.155601380910237,5.31736213821995
2.57767857142857,0.301616089005144,0.336349806063502,0.155526962330046,5.31754844725281
2.57777777777778,0.301590278203961,0.336335783084355,0.155452579257284,5.31773473450783
2.57787698412698,0.301564470345589,0.336321755354523,0.155378231675749,5.31792099998996
2.57797619047619,0.30153866542937,0.336307722877032,0.155303919569242,5.31810724370415
2.5780753968254,0.301512863454643,0.336293685654904,0.155229642921571,5.31829346565536
2.5781746031746,0.301487064420751,0.336279643691162,0.155155401716548,5.31847966584853
2.57827380952381,0.301461268327035,0.336265596988827,0.155081195937992,5.31866584428862
2.57837301587302,0.301435475172838,0.336251545550919,0.155007025569725,5.31885200098056
2.57847222222222,0.301409684957501,0.336237489380458,0.154932890595576,5.31903813592931
2.57857142857143,0.301383897680369,0.336223428480461,0.154858790999379,5.3192242491398
2.57867063492063,0.301358113340784,0.336209362853944,0.154784726764972,5.31941034061699
2.57876984126984,0.301332331938091,0.336195292503923,0.154710697876202,5.3195964103658
2.57886904761905,0.301306553471634,0.336181217433414,0.154636704316915,5.31978245839119
2.57896825396825,0.301280777940758,0.336167137645428,0.154562746070969,5.31996848469808
2.57906746031746,0.301255005344807,0.336153053142978,0.154488823122222,5.32015448929141
2.57916666666667,0.301229235683129,0.336138963929075,0.154414935454541,5.32034047217613
2.57926587301587,0.301203468955067,0.33612487000673,0.154341083051796,5.32052643335715
2.57936507936508,0.301177705159971,0.336110771378951,0.154267265897862,5.32071237283942
2.57946428571429,0.301151944297185,0.336096668048745,0.154193483976622,5.32089829062787
2.57956349206349,0.301126186366057,0.336082560019119,0.154119737271961,5.32108418672741
2.5796626984127,0.301100431365936,0.336068447293078,0.154046025767772,5.32127006114299
2.5797619047619,0.30107467929617,0.336054329873628,0.153972349447952,5.32145591387952
2.57986111111111,0.301048930156106,0.33604020776377,0.153898708296403,5.32164174494194
2.57996031746032,0.301023183945095,0.336026080966507,0.153825102297032,5.32182755433516
2.58005952380952,0.300997440662486,0.33601194948484,0.153751531433753,5.32201334206411
2.58015873015873,0.300971700307628,0.335997813321768,0.153677995690484,5.32219910813371
2.58025793650794,0.300945962879872,0.33598367248029,0.153604495051148,5.32238485254887
2.58035714285714,0.300920228378569,0.335969526963405,0.153531029499674,5.32257057531451
2.58045634920635,0.300894496803069,0.335955376774107,0.153457599019996,5.32275627643555
2.58055555555556,0.300868768152726,0.335941221915392,0.153384203596053,5.32294195591691
2.58065476190476,0.300843042426889,0.335927062390254,0.15331084321179,5.32312761376349
2.58075396825397,0.300817319624913,0.335912898201687,0.153237517851157,5.32331324998022
2.58085317460317,0.300791599746151,0.335898729352682,0.153164227498109,5.32349886457199
2.58095238095238,0.300765882789954,0.33588455584623,0.153090972136606,5.32368445754372
2.58105158730159,0.300740168755678,0.33587037768532,0.153017751750614,5.32387002890031
2.58115079365079,0.300714457642676,0.335856194872941,0.152944566324104,5.32405557864667
2.58125,0.300688749450303,0.33584200741208,0.152871415841052,5.32424110678771
2.58134920634921,0.300663044177914,0.335827815305724,0.15279830028544,5.32442661332832
2.58144841269841,0.300637341824865,0.335813618556857,0.152725219641254,5.32461209827342
2.58154761904762,0.300611642390511,0.335799417168463,0.152652173892487,5.32479756162789
2.58164682539683,0.300585945874208,0.335785211143526,0.152579163023135,5.32498300339664
2.58174603174603,0.300560252275315,0.335771000485026,0.152506187017203,5.32516842358456
2.58184523809524,0.300534561593187,0.335756785195945,0.152433245858696,5.32535382219655
2.58194444444444,0.300508873827183,0.335742565279262,0.152360339531629,5.32553919923751
2.58204365079365,0.30048318897666,0.335728340737955,0.152287468020021,5.32572455471232
2.58214285714286,0.300457507040976,0.335714111575001,0.152214631307893,5.32590988862588
2.58224206349206,0.300431828019492,0.335699877793376,0.152141829379277,5.32609520098308
2.58234126984127,0.300406151911566,0.335685639396056,0.152069062218206,5.3262804917888
2.58244047619048,0.300380478716557,0.335671396386013,0.151996329808719,5.32646576104794
2.58253968253968,0.300354808433827,0.335657148766221,0.151923632134862,5.32665100876537
2.58263888888889,0.300329141062736,0.335642896539652,0.151850969180684,5.32683623494599
2.5827380952381,0.300303476602644,0.335628639709274,0.151778340930241,5.32702143959467
2.5828373015873,0.300277815052913,0.335614378278059,0.151705747367593,5.32720662271629
2.58293650793651,0.300252156412906,0.335600112248973,0.151633188476808,5.32739178431574
2.58303571428571,0.300226500681984,0.335585841624985,0.151560664241954,5.3275769243979
2.58313492063492,0.30020084785951,0.335571566409059,0.15148817464711,5.32776204296763
2.58323412698413,0.300175197944847,0.33555728660416,0.151415719676357,5.32794714002982
2.58333333333333,0.30014955093736,0.335543002213253,0.151343299313782,5.32813221558934
2.58343253968254,0.300123906836411,0.335528713239299,0.151270913543478,5.32831726965105
2.58353174603175,0.300098265641366,0.33551441968526,0.151198562349541,5.32850230221984
2.58363095238095,0.30007262735159,0.335500121554096,0.151126245716075,5.32868731330057
2.58373015873016,0.300046991966447,0.335485818848766,0.151053963627188,5.32887230289811
2.58382936507937,0.300021359485303,0.335471511572229,0.150981716066993,5.32905727101733
2.58392857142857,0.299995729907525,0.33545719972744,0.15090950301961,5.32924221766308
2.58402777777778,0.29997010323248,0.335442883317356,0.150837324469161,5.32942714284024
2.58412698412698,0.299944479459533,0.335428562344931,0.150765180399777,5.32961204655367
2.58422619047619,0.299918858588054,0.335414236813119,0.150693070795592,5.32979692880822
2.5843253968254,0.299893240617408,0.335399906724872,0.150620995640745,5.32998178960876
2.5844246031746,0.299867625546966,0.335385572083142,0.150548954919382,5.33016662896014
2.58452380952381,0.299842013376096,0.335371232890877,0.150476948615653,5.33035144686723
2.58462301587302,0.299816404104166,0.335356889151028,0.150404976713714,5.33053624333487
2.58472222222222,0.299790797730547,0.335342540866541,0.150333039197726,5.33072101836791
2.58482142857143,0.299765194254608,0.335328188040364,0.150261136051854,5.33090577197122
2.58492063492063,0.29973959367572,0.335313830675442,0.150189267260271,5.33109050414963
2.58501984126984,0.299713995993254,0.33529946877472,0.150117432807152,5.33127521490801
2.58511904761905,0.29968840120658,0.335285102341141,0.150045632676681,5.33145990425119
2.58521825396825,0.299662809315072,0.335270731377646,0.149973866853044,5.33164457218403
2.58531746031746,0.299637220318101,0.335256355887178,0.149902135320434,5.33182921871136
2.58541666666667,0.299611634215039,0.335241975872675,0.149830438063049,5.33201384383804
2.58551587301587,0.29958605100526,0.335227591337077,0.149758775065092,5.3321984475689
2.58561507936508,0.299560470688136,0.335213202283321,0.149687146310771,5.33238302990878
2.58571428571429,0.299534893263043,0.335198808714344,0.1496155517843,5.33256759086252
2.58581349206349,0.299509318729354,0.335184410633081,0.149543991469898,5.33275213043496
2.5859126984127,0.299483747086444,0.335170008042466,0.149472465351789,5.33293664863094
2.5860119047619,0.299458178333688,0.335155600945433,0.149400973414203,5.33312114545529
2.58611111111111,0.299432612470461,0.335141189344913,0.149329515641374,5.33330562091284
2.58621031746032,0.299407049496141,0.335126773243838,0.149258092017543,5.33349007500842
2.58630952380952,0.299381489410102,0.335112352645136,0.149186702526955,5.33367450774687
2.58640873015873,0.299355932211723,0.335097927551738,0.149115347153861,5.33385891913301
2.58650793650794,0.299330377900379,0.335083497966569,0.149044025882515,5.33404330917167
2.58660714285714,0.29930482647545,0.335069063892556,0.14897273869718,5.33422767786768
2.58670634920635,0.299279277936313,0.335054625332625,0.148901485582123,5.33441202522585
2.58680555555556,0.299253732282346,0.3350401822897,0.148830266521614,5.33459635125102
2.58690476190476,0.29922818951293,0.335025734766703,0.14875908149993,5.33478065594801
2.58700396825397,0.299202649627442,0.335011282766557,0.148687930501355,5.33496493932162
2.58710317460317,0.299177112625264,0.334996826292182,0.148616813510175,5.33514920137669
2.58720238095238,0.299151578505775,0.334982365346497,0.148545730510684,5.33533344211803
2.58730158730159,0.299126047268355,0.334967899932421,0.148474681487179,5.33551766155045
2.58740079365079,0.299100518912388,0.334953430052872,0.148403666423964,5.33570185967878
2.5875,0.299074993437252,0.334938955710766,0.148332685305347,5.33588603650781
2.58759920634921,0.299049470842332,0.334924476909017,0.148261738115643,5.33607019204237
2.58769841269841,0.299023951127009,0.334909993650539,0.14819082483917,5.33625432628726
2.58779761904762,0.298998434290666,0.334895505938246,0.148119945460254,5.33643843924729
2.58789682539683,0.298972920332686,0.334881013775048,0.148049099963223,5.33662253092727
2.58799603174603,0.298947409252453,0.334866517163857,0.147978288332414,5.336806601332
2.58809523809524,0.298921901049351,0.334852016107582,0.147907510552165,5.33699065046629
2.58819444444444,0.298896395722765,0.334837510609131,0.147836766606824,5.33717467833493
2.58829365079365,0.29887089327208,0.334823000671411,0.14776605648074,5.33735868494274
2.58839285714286,0.298845393696681,0.334808486297328,0.14769538015827,5.33754267029451
2.58849206349206,0.298819896995953,0.334793967489787,0.147624737623775,5.33772663439503
2.58859126984127,0.298794403169285,0.334779444251692,0.147554128861623,5.33791057724911
2.58869047619048,0.298768912216061,0.334764916585946,0.147483553856184,5.33809449886154
2.58878968253968,0.298743424135669,0.334750384495449,0.147413012591836,5.33827839923711
2.58888888888889,0.298717938927497,0.334735847983103,0.147342505052962,5.33846227838062
2.5889880952381,0.298692456590932,0.334721307051806,0.14727203122395,5.33864613629686
2.5890873015873,0.298666977125364,0.334706761704457,0.147201591089192,5.33882997299061
2.58918650793651,0.29864150053018,0.334692211943952,0.147131184633087,5.33901378846666
2.58928571428571,0.298616026804771,0.334677657773188,0.147060811840039,5.3391975827298
2.58938492063492,0.298590555948525,0.334663099195058,0.146990472694457,5.33938135578482
2.58948412698413,0.298565087960834,0.334648536212458,0.146920167180754,5.33956510763649
2.58958333333333,0.298539622841086,0.334633968828278,0.14684989528335,5.33974883828961
2.58968253968254,0.298514160588675,0.334619397045411,0.14677965698667,5.33993254774895
2.58978174603175,0.29848870120299,0.334604820866746,0.146709452275144,5.34011623601929
2.58988095238095,0.298463244683425,0.334590240295174,0.146639281133207,5.3402999031054
2.58998015873016,0.29843779102937,0.33457565533358,0.1465691435453,5.34048354901207
2.59007936507937,0.298412340240219,0.334561065984853,0.146499039495869,5.34066717374407
2.59017857142857,0.298386892315365,0.334546472251879,0.146428968969364,5.34085077730617
2.59027777777778,0.298361447254201,0.33453187413754,0.146358931950242,5.34103435970315
2.59037698412698,0.298336005056121,0.334517271644722,0.146288928422966,5.34121792093977
2.59047619047619,0.29831056572052,0.334502664776306,0.146218958372001,5.3414014610208
2.5905753968254,0.298285129246793,0.334488053535174,0.14614902178182,5.34158497995101
2.5906746031746,0.298259695634335,0.334473437924205,0.1460791186369,5.34176847773518
2.59077380952381,0.298234264882541,0.334458817946278,0.146009248921725,5.34195195437805
2.59087301587302,0.298208836990808,0.334444193604271,0.145939412620782,5.34213540988439
2.59097222222222,0.298183411958532,0.334429564901062,0.145869609718565,5.34231884425898
2.59107142857143,0.29815798978511,0.334414931839524,0.145799840199572,5.34250225750656
2.59117063492063,0.29813257046994,0.334400294422533,0.145730104048307,5.3426856496319
2.59126984126984,0.298107154012419,0.334385652652962,0.14566040124928,5.34286902063974
2.59136904761905,0.298081740411946,0.334371006533683,0.145590731787004,5.34305237053486
2.59146825396825,0.298056329667919,0.334356356067567,0.145521095646,5.343235699322
2.59156746031746,0.298030921779737,0.334341701257484,0.145451492810792,5.34341900700592
2.59166666666667,0.2980055167468,0.334327042106302,0.145381923265911,5.34360229359136
2.59176587301587,0.297980114568509,0.33431237861689,0.145312386995892,5.34378555908308
2.59186507936508,0.297954715244262,0.334297710792113,0.145242883985276,5.34396880348583
2.59196428571429,0.297929318773462,0.334283038634837,0.14517341421861,5.34415202680435
2.59206349206349,0.297903925155509,0.334268362147926,0.145103977680444,5.34433522904339
2.5921626984127,0.297878534389805,0.334253681334244,0.145034574355336,5.34451841020769
2.5922619047619,0.297853146475752,0.334238996196652,0.144965204227846,5.344701570302
2.59236111111111,0.297827761412752,0.334224306738011,0.144895867282543,5.34488470933105
2.59246031746032,0.29780237920021,0.33420961296118,0.144826563503999,5.3450678272996
2.59255952380952,0.297776999837527,0.334194914869019,0.144757292876791,5.34525092421236
2.59265873015873,0.297751623324108,0.334180212464384,0.144688055385503,5.34543400007409
2.59275793650794,0.297726249659357,0.334165505750133,0.144618851014723,5.34561705488952
2.59285714285714,0.297700878842679,0.33415079472912,0.144549679749045,5.34580008866338
2.59295634920635,0.297675510873478,0.334136079404199,0.144480541573067,5.3459831014004
2.59305555555556,0.297650145751161,0.334121359778223,0.144411436471393,5.34616609310532
2.59315476190476,0.297624783475133,0.334106635854044,0.144342364428634,5.34634906378287
2.59325396825397,0.297599424044801,0.334091907634513,0.144273325429402,5.34653201343777
2.59335317460317,0.297574067459571,0.334077175122478,0.14420431945832,5.34671494207474
2.59345238095238,0.297548713718851,0.33406243832079,0.144135346500012,5.34689784969853
2.59355158730159,0.297523362822048,0.334047697232294,0.144066406539107,5.34708073631384
2.59365079365079,0.29749801476857,0.334032951859837,0.143997499560244,5.34726360192541
2.59375,0.297472669557827,0.334018202206264,0.143928625548061,5.34744644653794
2.59384920634921,0.297447327189226,0.334003448274418,0.143859784487206,5.34762927015617
2.59394841269841,0.297421987662178,0.333988690067144,0.14379097636233,5.34781207278481
2.59404761904762,0.297396650976091,0.333973927587281,0.143722201158091,5.34799485442858
2.59414682539683,0.297371317130377,0.333959160837671,0.143653458859149,5.34817761509219
2.59424603174603,0.297345986124446,0.333944389821153,0.143584749450174,5.34836035478035
2.59434523809524,0.297320657957709,0.333929614540566,0.143516072915837,5.34854307349778
2.59444444444444,0.297295332629577,0.333914834998746,0.143447429240817,5.34872577124919
2.59454365079365,0.297270010139463,0.333900051198529,0.143378818409796,5.34890844803929
2.59464285714286,0.297244690486778,0.33388526314275,0.143310240407464,5.34909110387278
2.59474206349206,0.297219373670936,0.333870470834243,0.143241695218514,5.34927373875438
2.59484126984127,0.29719405969135,0.333855674275841,0.143173182827645,5.34945635268878
2.59494047619048,0.297168748547433,0.333840873470374,0.143104703219562,5.34963894568069
2.59503968253968,0.2971434402386,0.333826068420674,0.143036256378975,5.34982151773482
2.59513888888889,0.297118134764265,0.333811259129569,0.142967842290598,5.35000406885585
2.5952380952381,0.297092832123843,0.333796445599888,0.142899460939151,5.3501865990485
2.5953373015873,0.297067532316749,0.333781627834457,0.142831112309361,5.35036910831746
2.59543650793651,0.297042235342399,0.333766805836103,0.142762796385957,5.35055159666742
2.59553571428571,0.29701694120021,0.333751979607649,0.142694513153676,5.35073406410309
2.59563492063492,0.296991649889597,0.33373714915192,0.14262626259726,5.35091651062915
2.59573412698413,0.296966361409979,0.333722314471738,0.142558044701454,5.35109893625029
2.59583333333333,0.296941075760772,0.333707475569924,0.142489859451011,5.35128134097121
2.59593253968254,0.296915792941395,0.333692632449298,0.142421706830688,5.3514637247966
2.59603174603175,0.296890512951265,0.33367778511268,0.142353586825247,5.35164608773114
2.59613095238095,0.296865235789802,0.333662933562887,0.142285499419457,5.35182842977951
2.59623015873016,0.296839961456424,0.333648077802736,0.142217444598089,5.35201075094641
2.59632936507937,0.296814689950552,0.333633217835042,0.142149422345922,5.35219305123652
2.59642857142857,0.296789421271606,0.333618353662621,0.142081432647741,5.35237533065451
2.59652777777778,0.296764155419005,0.333603485288286,0.142013475488333,5.35255758920507
2.59662698412698,0.296738892392172,0.333588612714848,0.141945550852493,5.35273982689288
2.59672619047619,0.296713632190526,0.333573735945119,0.14187765872502,5.35292204372261
2.5968253968254,0.296688374813491,0.333558854981909,0.141809799090718,5.35310423969894
2.5969246031746,0.296663120260488,0.333543969828027,0.141741971934399,5.35328641482654
2.59702380952381,0.296637868530939,0.333529080486281,0.141674177240876,5.3534685691101
2.59712301587302,0.296612619624268,0.333514186959477,0.14160641499497,5.35365070255427
2.59722222222222,0.296587373539899,0.33349928925042,0.141538685181508,5.35383281516372
2.59732142857143,0.296562130277255,0.333484387361915,0.14147098778532,5.35401490694314
2.59742063492063,0.296536889835761,0.333469481296766,0.141403322791242,5.35419697789718
2.59751984126984,0.296511652214841,0.333454571057774,0.141335690184116,5.35437902803051
2.59761904761905,0.296486417413921,0.33343965664774,0.141268089948789,5.35456105734779
2.59771825396825,0.296461185432425,0.333424738069464,0.141200522070113,5.35474306585369
2.59781746031746,0.296435956269781,0.333409815325745,0.141132986532946,5.35492505355287
2.59791666666667,0.296410729925415,0.33339488841938,0.14106548332215,5.35510702044998
2.59801587301587,0.296385506398753,0.333379957353166,0.140998012422592,5.35528896654969
2.59811507936508,0.296360285689224,0.333365022129898,0.140930573819148,5.35547089185666
2.59821428571429,0.296335067796254,0.33335008275237,0.140863167496694,5.35565279637553
2.59831349206349,0.296309852719272,0.333335139223376,0.140795793440114,5.35583468011096
2.5984126984127,0.296284640457706,0.333320191545707,0.140728451634299,5.35601654306761
2.5985119047619,0.296259431010986,0.333305239722154,0.140661142064141,5.35619838525013
2.59861111111111,0.296234224378541,0.333290283755506,0.140593864714541,5.35638020666316
2.59871031746032,0.296209020559801,0.333275323648553,0.140526619570403,5.35656200731135
2.59880952380952,0.296183819554196,0.333260359404082,0.140459406616639,5.35674378719936
2.59890873015873,0.296158621361157,0.333245391024878,0.140392225838162,5.35692554633182
2.59900793650794,0.296133425980116,0.333230418513728,0.140325077219895,5.35710728471338
2.59910714285714,0.296108233410503,0.333215441873414,0.140257960746762,5.35728900234868
2.59920634920635,0.296083043651751,0.333200461106721,0.140190876403696,5.35747069924236
2.59930555555556,0.296057856703292,0.333185476216429,0.140123824175632,5.35765237539907
2.59940476190476,0.296032672564559,0.333170487205319,0.140056804047514,5.35783403082343
2.59950396825397,0.296007491234986,0.333155494076172,0.139989816004286,5.3580156655201
2.59960317460317,0.295982312714006,0.333140496831764,0.139922860030903,5.35819727949369
2.59970238095238,0.295957137001054,0.333125495474874,0.139855936112322,5.35837887274885
2.59980158730159,0.295931964095563,0.333110490008278,0.139789044233506,5.35856044529021
2.59990079365079,0.29590679399697,0.33309548043475,0.139722184379422,5.35874199712239
2.6,0.295881626704709,0.333080466757065,0.139655356535045,5.35892352825003
2.60009920634921,0.295856462218217,0.333065448977994,0.139588560685353,5.35910503867776
2.60019841269841,0.295831300536929,0.333050427100311,0.139521796815331,5.3592865284102
2.60029761904762,0.295806141660283,0.333035401126784,0.139455064909966,5.35946799745198
2.60039682539683,0.295780985587715,0.333020371060184,0.139388364954256,5.35964944580771
2.60049603174603,0.295755832318663,0.333005336903279,0.139321696933198,5.35983087348203
2.60059523809524,0.295730681852566,0.332990298658835,0.139255060831799,5.36001228047955
2.60069444444444,0.295705534188862,0.332975256329619,0.139188456635068,5.36019366680489
2.60079365079365,0.295680389326989,0.332960209918396,0.139121884328021,5.36037503246267
2.60089285714286,0.295655247266386,0.332945159427929,0.13905534389568,5.3605563774575
2.60099206349206,0.295630108006495,0.332930104860981,0.13898883532307,5.36073770179401
2.60109126984127,0.295604971546754,0.332915046220312,0.138922358595224,5.3609190054768
2.60119047619048,0.295579837886605,0.332899983508685,0.138855913697178,5.36110028851048
2.60128968253968,0.295554707025488,0.332884916728857,0.138789500613973,5.36128155089966
2.60138888888889,0.295529578962845,0.332869845883587,0.138723119330658,5.36146279264897
2.6014880952381,0.295504453698117,0.332854770975631,0.138656769832285,5.36164401376299
2.6015873015873,0.295479331230747,0.332839692007745,0.138590452103912,5.36182521424634
2.60168650793651,0.295454211560179,0.332824608982685,0.138524166130603,5.36200639410362
2.60178571428571,0.295429094685854,0.332809521903203,0.138457911897424,5.36218755333944
2.60188492063492,0.295403980607216,0.332794430772053,0.138391689389452,5.36236869195839
2.60198412698413,0.29537886932371,0.332779335591984,0.138325498591763,5.36254980996508
2.60208333333333,0.29535376083478,0.332764236365748,0.138259339489444,5.36273090736411
2.60218253968254,0.295328655139871,0.332749133096093,0.138193212067582,5.36291198416007
2.60228174603175,0.295303552238427,0.332734025785767,0.138127116311274,5.36309304035755
2.60238095238095,0.295278452129896,0.332718914437517,0.138061052205619,5.36327407596116
2.60248015873016,0.295253354813722,0.332703799054089,0.137995019735723,5.36345509097549
2.60257936507937,0.295228260289353,0.332688679638227,0.137929018886696,5.36363608540512
2.60267857142857,0.295203168556236,0.332673556192674,0.137863049643655,5.36381705925465
2.60277777777778,0.295178079613817,0.332658428720172,0.13779711199172,5.36399801252866
2.60287698412698,0.295152993461546,0.332643297223464,0.137731205916018,5.36417894523175
2.60297619047619,0.295127910098869,0.332628161705288,0.137665331401681,5.36435985736849
2.6030753968254,0.295102829525236,0.332613022168384,0.137599488433846,5.36454074894348
2.6031746031746,0.295077751740096,0.332597878615489,0.137533676997655,5.36472161996129
2.60327380952381,0.295052676742899,0.332582731049339,0.137467897078256,5.36490247042651
2.60337301587302,0.295027604533094,0.332567579472671,0.137402148660802,5.36508330034371
2.60347222222222,0.295002535110132,0.332552423888219,0.137336431730451,5.36526410971748
2.60357142857143,0.294977468473464,0.332537264298715,0.137270746272366,5.36544489855238
2.60367063492063,0.294952404622541,0.332522100706892,0.137205092271717,5.36562566685301
2.60376984126984,0.294927343556815,0.332506933115481,0.137139469713676,5.36580641462392
2.60386904761905,0.294902285275738,0.332491761527212,0.137073878583424,5.3659871418697
2.60396825396825,0.294877229778762,0.332476585944812,0.137008318866145,5.36616784859491
2.60406746031746,0.294852177065341,0.332461406371011,0.136942790547029,5.36634853480413
2.60416666666667,0.294827127134927,0.332446222808533,0.136877293611271,5.36652920050191
2.60426587301587,0.294802079986976,0.332431035260105,0.136811828044071,5.36670984569284
2.60436507936508,0.29477703562094,0.332415843728451,0.136746393830635,5.36689047038147
2.60446428571429,0.294751994036275,0.332400648216293,0.136680990956174,5.36707107457236
2.60456349206349,0.294726955232436,0.332385448726354,0.136615619405904,5.36725165827009
2.6046626984127,0.294701919208879,0.332370245261354,0.136550279165047,5.3674322214792
2.6047619047619,0.294676885965059,0.332355037824012,0.136484970218829,5.36761276420427
2.60486111111111,0.294651855500432,0.332339826417049,0.136419692552482,5.36779328644984
2.60496031746032,0.294626827814457,0.33232461104318,0.136354446151244,5.36797378822047
2.60505952380952,0.294601802906589,0.332309391705122,0.136289231000358,5.36815426952073
2.60515873015873,0.294576780776287,0.33229416840559,0.13622404708507,5.36833473035516
2.60525793650794,0.294551761423009,0.332278941147299,0.136158894390635,5.36851517072831
2.60535714285714,0.294526744846212,0.33226370993296,0.136093772902311,5.36869559064474
2.60545634920635,0.294501731045358,0.332248474765287,0.136028682605362,5.36887599010899
2.60555555555556,0.294476720019904,0.332233235646988,0.135963623485055,5.36905636912562
2.60565476190476,0.29445171176931,0.332217992580775,0.135898595526667,5.36923672769916
2.60575396825397,0.294426706293037,0.332202745569354,0.135833598715476,5.36941706583417
2.60585317460317,0.294401703590546,0.332187494615434,0.135768633036767,5.36959738353518
2.60595238095238,0.294376703661297,0.33217223972172,0.135703698475829,5.36977768080675
2.60605158730159,0.294351706504753,0.332156980890918,0.13563879501796,5.3699579576534
2.60615079365079,0.294326712120374,0.332141718125731,0.135573922648459,5.37013821407968
2.60625,0.294301720507624,0.332126451428862,0.135509081352631,5.37031845009013
2.60634920634921,0.294276731665966,0.332111180803012,0.135444271115789,5.37049866568928
2.60644841269841,0.294251745594862,0.332095906250882,0.135379491923249,5.37067886088166
2.60654761904762,0.294226762293776,0.332080627775171,0.135314743760332,5.37085903567182
2.60664682539683,0.294201781762172,0.332065345378578,0.135250026612366,5.37103919006427
2.60674603174603,0.294176803999516,0.332050059063799,0.135185340464682,5.37121932406356
2.60684523809524,0.294151829005271,0.332034768833531,0.135120685302619,5.37139943767421
2.60694444444444,0.294126856778904,0.332019474690467,0.135056061111518,5.37157953090075
2.60704365079365,0.29410188731988,0.332004176637303,0.13499146787673,5.3717596037477
2.60714285714286,0.294076920627665,0.33198887467673,0.134926905583606,5.37193965621959
2.60724206349206,0.294051956701726,0.331973568811439,0.134862374217505,5.37211968832094
2.60734126984127,0.294026995541531,0.331958259044121,0.134797873763792,5.37229970005627
2.60744047619048,0.294002037146546,0.331942945377466,0.134733404207835,5.37247969143011
2.60753968253968,0.29397708151624,0.33192762781416,0.13466896553501,5.37265966244697
2.60763888888889,0.29395212865008,0.331912306356892,0.134604557730695,5.37283961311137
2.6077380952381,0.293927178547537,0.331896981008346,0.134540180780276,5.37301954342782
2.6078373015873,0.293902231208078,0.331881651771208,0.134475834669144,5.37319945340084
2.60793650793651,0.293877286631175,0.331866318648161,0.134411519382694,5.37337934303495
2.60803571428571,0.293852344816296,0.331850981641887,0.134347234906326,5.37355921233464
2.60813492063492,0.293827405762913,0.331835640755067,0.134282981225447,5.37373906130444
2.60823412698413,0.293802469470496,0.331820295990382,0.134218758325469,5.37391888994885
2.60833333333333,0.293777535938516,0.33180494735051,0.134154566191808,5.37409869827238
2.60843253968254,0.293752605166447,0.33178959483813,0.134090404809886,5.37427848627953
2.60853174603175,0.293727677153759,0.331774238455917,0.13402627416513,5.37445825397482
2.60863095238095,0.293702751899925,0.331758878206549,0.133962174242973,5.37463800136273
2.60873015873016,0.293677829404419,0.331743514092698,0.133898105028853,5.37481772844777
2.60882936507937,0.293652909666714,0.33172814611704,0.133834066508214,5.37499743523445
2.60892857142857,0.293627992686284,0.331712774282244,0.133770058666502,5.37517712172725
2.60902777777778,0.293603078462603,0.331697398590984,0.133706081489172,5.37535678793068
2.60912698412698,0.293578166995146,0.331682019045928,0.133642134961683,5.37553643384924
2.60922619047619,0.293553258283389,0.331666635649745,0.133578219069499,5.37571605948741
2.6093253968254,0.293528352326807,0.331651248405104,0.13351433379809,5.37589566484968
2.6094246031746,0.293503449124876,0.33163585731467,0.13345047913293,5.37607524994056
2.60952380952381,0.293478548677073,0.33162046238111,0.133386655059499,5.37625481476453
2.60962301587302,0.293453650982874,0.331605063607087,0.133322861563283,5.37643435932607
2.60972222222222,0.293428756041757,0.331589660995264,0.133259098629772,5.37661388362968
2.60982142857143,0.2934038638532,0.331574254548304,0.133195366244463,5.37679338767983
2.60992063492063,0.293378974416681,0.331558844268868,0.133131664392855,5.37697287148102
2.61001984126984,0.293354087731679,0.331543430159614,0.133067993060456,5.37715233503773
2.61011904761905,0.293329203797672,0.331528012223203,0.133004352232778,5.37733177835442
2.61021825396825,0.293304322614141,0.331512590462291,0.132940741895337,5.3775112014356
2.61031746031746,0.293279444180565,0.331497164879535,0.132877162033656,5.37769060428572
2.61041666666667,0.293254568496424,0.33148173547759,0.132813612633262,5.37786998690928
2.61051587301587,0.293229695561199,0.33146630225911,0.132750093679688,5.37804934931074
2.61061507936508,0.293204825374372,0.331450865226748,0.132686605158472,5.37822869149457
2.61071428571429,0.293179957935425,0.331435424383157,0.132623147055157,5.37840801346526
2.61081349206349,0.293155093243838,0.331419979730986,0.132559719355292,5.37858731522727
2.6109126984127,0.293130231299095,0.331404531272885,0.132496322044431,5.37876659678507
2.6110119047619,0.293105372100679,0.331389079011504,0.132432955108134,5.37894585814312
2.61111111111111,0.293080515648073,0.331373622949488,0.132369618531963,5.3791250993059
2.61121031746032,0.293055661940761,0.331358163089485,0.132306312301491,5.37930432027786
2.61130952380952,0.293030810978227,0.33134269943414,0.13224303640229,5.37948352106348
2.61140873015873,0.293005962759955,0.331327231986095,0.132179790819942,5.37966270166721
2.61150793650794,0.292981117285431,0.331311760747996,0.132116575540032,5.37984186209352
2.61160714285714,0.292956274554141,0.331296285722482,0.132053390548152,5.38002100234685
2.61170634920635,0.292931434565569,0.331280806912195,0.131990235829897,5.38020012243168
2.61180555555556,0.292906597319203,0.331265324319774,0.131927111370868,5.38037922235246
2.61190476190476,0.29288176281453,0.331249837947857,0.131864017156672,5.38055830211363
2.61200396825397,0.292856931051036,0.331234347799082,0.131800953172921,5.38073736171966
2.61210317460317,0.292832102028209,0.331218853876084,0.131737919405233,5.380916401175
2.61220238095238,0.292807275745537,0.331203356181498,0.13167491583923,5.38109542048409
2.61230158730159,0.292782452202509,0.331187854717959,0.13161194246054,5.38127441965139
2.61240079365079,0.292757631398613,0.331172349488099,0.131548999254795,5.38145339868134
2.6125,0.292732813333339,0.33115684049455,0.131486086207635,5.38163235757838
2.61259920634921,0.292707998006177,0.331141327739941,0.131423203304702,5.38181129634698
2.61269841269841,0.292683185416617,0.331125811226902,0.131360350531645,5.38199021499155
2.61279761904762,0.29265837556415,0.331110290958062,0.13129752787412,5.38216911351655
2.61289682539683,0.292633568448266,0.331094766936047,0.131234735317784,5.38234799192642
2.61299603174603,0.292608764068457,0.331079239163483,0.131171972848304,5.3825268502256
2.61309523809524,0.292583962424215,0.331063707642996,0.131109240451349,5.38270568841852
2.61319444444444,0.292559163515032,0.331048172377208,0.131046538112593,5.38288450650961
2.61329365079365,0.292534367340402,0.331032633368741,0.130983865817719,5.38306330450332
2.61339285714286,0.292509573899816,0.331017090620219,0.13092122355241,5.38324208240408
2.61349206349206,0.29248478319277,0.33100154413426,0.13085861130236,5.38342084021631
2.61359126984127,0.292459995218756,0.330985993913484,0.130796029053264,5.38359957794445
2.61369047619048,0.29243520997727,0.330970439960508,0.130733476790823,5.38377829559292
2.61378968253968,0.292410427467806,0.330954882277951,0.130670954500745,5.38395699316616
2.61388888888889,0.29238564768986,0.330939320868426,0.130608462168741,5.38413567066858
2.6139880952381,0.292360870642928,0.33092375573455,0.13054599978053,5.38431432810462
2.6140873015873,0.292336096326504,0.330908186878935,0.130483567321834,5.38449296547868
2.61418650793651,0.292311324740088,0.330892614304194,0.130421164778381,5.38467158279521
2.61428571428571,0.292286555883174,0.330877038012937,0.130358792135904,5.38485018005861
2.61438492063492,0.292261789755261,0.330861458007776,0.130296449380143,5.3850287572733
2.61448412698413,0.292237026355847,0.330845874291319,0.13023413649684,5.3852073144437
2.61458333333333,0.292212265684429,0.330830286866173,0.130171853471745,5.38538585157423
2.61468253968254,0.292187507740507,0.330814695734946,0.130109600290613,5.3855643686693
2.61478174603175,0.292162752523581,0.330799100900243,0.130047376939202,5.38574286573332
2.61488095238095,0.292138000033148,0.330783502364669,0.129985183403279,5.3859213427707
2.61498015873016,0.29211325026871,0.330767900130826,0.129923019668613,5.38609979978585
2.61507936507937,0.292088503229767,0.330752294201317,0.12986088572098,5.38627823678318
2.61517857142857,0.29206375891582,0.330736684578743,0.12979878154616,5.3864566537671
2.61527777777778,0.29203901732637,0.330721071265704,0.12973670712994,5.38663505074202
2.61537698412698,0.29201427846092,0.330705454264799,0.129674662458112,5.38681342771232
2.61547619047619,0.29198954231897,0.330689833578625,0.129612647516471,5.38699178468243
2.6155753968254,0.291964808900024,0.330674209209779,0.129550662290819,5.38717012165673
2.6156746031746,0.291940078203584,0.330658581160856,0.129488706766964,5.38734843863963
2.61577380952381,0.291915350229155,0.33064294943445,0.129426780930719,5.38752673563553
2.61587301587302,0.29189062497624,0.330627314033155,0.1293648847679,5.38770501264881
2.61597222222222,0.291865902444343,0.330611674959563,0.129303018264332,5.38788326968389
2.61607142857143,0.29184118263297,0.330596032216264,0.129241181405841,5.38806150674514
2.61617063492063,0.291816465541624,0.330580385805848,0.129179374178263,5.38823972383697
2.61626984126984,0.291791751169813,0.330564735730905,0.129117596567435,5.38841792096376
2.61636904761905,0.291767039517041,0.33054908199402,0.129055848559202,5.3885960981299
2.61646825396825,0.291742330582816,0.330533424597781,0.128994130139413,5.38877425533978
2.61656746031746,0.291717624366645,0.330517763544773,0.128932441293923,5.38895239259779
2.61666666666667,0.291692920868033,0.330502098837581,0.128870782008592,5.38913050990831
2.61676587301587,0.29166822008649,0.330486430478786,0.128809152269284,5.38930860727572
2.61686507936508,0.291643522021523,0.33047075847097,0.128747552061872,5.38948668470441
2.61696428571429,0.291618826672642,0.330455082816716,0.12868598137223,5.38966474219876
2.61706349206349,0.291594134039354,0.330439403518601,0.128624440186238,5.38984277976314
2.6171626984127,0.29156944412117,0.330423720579205,0.128562928489785,5.39002079740193
2.6172619047619,0.2915447569176,0.330408034001105,0.128501446268761,5.39019879511951
2.61736111111111,0.291520072428152,0.330392343786877,0.128439993509063,5.39037677292025
2.61746031746032,0.29149539065234,0.330376649939096,0.128378570196593,5.39055473080853
2.61755952380952,0.291470711589673,0.330360952460336,0.12831717631726,5.39073266878872
2.61765873015873,0.291446035239663,0.33034525135317,0.128255811856974,5.39091058686519
2.61775793650794,0.291421361601822,0.33032954662017,0.128194476801655,5.3910884850423
2.61785714285714,0.291396690675663,0.330313838263905,0.128133171137226,5.39126636332443
2.61795634920635,0.291372022460698,0.330298126286946,0.128071894849615,5.39144422171593
2.61805555555556,0.291347356956441,0.33028241069186,0.128010647924756,5.39162206022118
2.61815476190476,0.291322694162405,0.330266691481216,0.127949430348588,5.39179987884454
2.61825396825397,0.291298034078105,0.330250968657579,0.127888242107056,5.39197767759037
2.61835317460317,0.291273376703055,0.330235242223513,0.12782708318611,5.39215545646302
2.61845238095238,0.291248722036771,0.330219512181583,0.127765953571703,5.39233321546687
2.61855158730159,0.291224070078767,0.330203778534351,0.127704853249796,5.39251095460626
2.61865079365079,0.291199420828559,0.330188041284379,0.127643782206356,5.39268867388554
2.61875,0.291174774285664,0.330172300434227,0.127582740427351,5.39286637330908
2.61884920634921,0.291150130449599,0.330156555986454,0.12752172789876,5.39304405288123
2.61894841269841,0.29112548931988,0.330140807943619,0.127460744606562,5.39322171260634
2.61904761904762,0.291100850896026,0.330125056308278,0.127399790536745,5.39339935248875
2.61914682539683,0.291076215177553,0.330109301082988,0.1273388656753,5.39357697253283
2.61924603174603,0.291051582163982,0.330093542270302,0.127277970008225,5.3937545727429
2.61934523809524,0.291026951854829,0.330077779872775,0.127217103521521,5.39393215312332
2.61944444444444,0.291002324249616,0.33006201389296,0.127156266201197,5.39410971367844
2.61954365079365,0.290977699347861,0.330046244333407,0.127095458033266,5.39428725441259
2.61964285714286,0.290953077149084,0.330030471196666,0.127034679003745,5.39446477533012
2.61974206349206,0.290928457652807,0.330014694485287,0.126973929098659,5.39464227643536
2.61984126984127,0.290903840858549,0.329998914201818,0.126913208304035,5.39481975773266
2.61994047619048,0.290879226765834,0.329983130348806,0.126852516605909,5.39499721922635
2.62003968253968,0.290854615374182,0.329967342928795,0.12679185399032,5.39517466092076
2.62013888888889,0.290830006683115,0.329951551944332,0.126731220443311,5.39535208282024
2.6202380952381,0.290805400692157,0.329935757397959,0.126670615950934,5.3955294849291
2.6203373015873,0.29078079740083,0.329919959292218,0.126610040499242,5.39570686725169
2.62043650793651,0.290756196808658,0.329904157629651,0.126549494074298,5.39588422979234
2.62053571428571,0.290731598915166,0.329888352412797,0.126488976662166,5.39606157255536
2.62063492063492,0.290707003719877,0.329872543644197,0.126428488248917,5.39623889554509
2.62073412698413,0.290682411222316,0.329856731326386,0.126368028820628,5.39641619876585
2.62083333333333,0.290657821422009,0.329840915461903,0.12630759836338,5.39659348222197
2.62093253968254,0.290633234318481,0.329825096053283,0.12624719686326,5.39677074591777
2.62103174603175,0.290608649911258,0.329809273103059,0.126186824306361,5.39694798985757
2.62113095238095,0.290584068199868,0.329793446613766,0.126126480678778,5.39712521404568
2.62123015873016,0.290559489183836,0.329777616587935,0.126066165966617,5.39730241848643
2.62132936507937,0.290534912862691,0.329761783028098,0.126005880155983,5.39747960318413
2.62142857142857,0.29051033923596,0.329745945936784,0.125945623232991,5.3976567681431
2.62152777777778,0.290485768303171,0.329730105316522,0.125885395183759,5.39783391336765
2.62162698412698,0.290461200063853,0.32971426116984,0.12582519599441,5.3980110388621
2.62172619047619,0.290436634517536,0.329698413499264,0.125765025651074,5.39818814463074
2.6218253968254,0.290412071663748,0.32968256230732,0.125704884139885,5.3983652306779
2.6219246031746,0.29038751150202,0.329666707596531,0.125644771446983,5.39854229700788
2.62202380952381,0.290362954031882,0.329650849369422,0.125584687558512,5.39871934362498
2.62212301587302,0.290338399252866,0.329634987628513,0.125524632460623,5.39889637053351
2.62222222222222,0.290313847164501,0.329619122376326,0.125464606139472,5.39907337773778
2.62232142857143,0.29028929776632,0.32960325361538,0.125404608581217,5.39925036524208
2.62242063492063,0.290264751057856,0.329587381348194,0.125344639772027,5.39942733305072
2.62251984126984,0.29024020703864,0.329571505577286,0.125284699698072,5.399604281168
2.62261904761905,0.290215665708205,0.329555626305172,0.125224788345528,5.3997812095982
2.62271825396825,0.290191127066085,0.329539743534366,0.125164905700578,5.39995811834564
2.62281746031746,0.290166591111815,0.329523857267384,0.125105051749409,5.40013500741459
2.62291666666667,0.290142057844927,0.329507967506738,0.125045226478212,5.40031187680937
2.62301587301587,0.290117527264956,0.329492074254939,0.124985429873185,5.40048872653425
2.62311507936508,0.290092999371439,0.329476177514499,0.124925661920533,5.40066555659353
2.62321428571429,0.29006847416391,0.329460277287927,0.124865922606461,5.40084236699149
2.62331349206349,0.290043951641905,0.329444373577731,0.124806211917185,5.40101915773243
2.6234126984127,0.290019431804961,0.32942846638642,0.124746529838923,5.40119592882063
2.6235119047619,0.289994914652614,0.329412555716498,0.124686876357899,5.40137268026037
2.62361111111111,0.289970400184402,0.329396641570471,0.124627251460341,5.40154941205594
2.62371031746032,0.289945888399862,0.329380723950843,0.124567655132486,5.40172612421161
2.62380952380952,0.289921379298533,0.329364802860116,0.124508087360572,5.40190281673168
2.62390873015873,0.289896872879953,0.329348878300793,0.124448548130845,5.40207948962041
2.62400793650794,0.289872369143661,0.329332950275374,0.124389037429555,5.40225614288208
2.62410714285714,0.289847868089196,0.329317018786357,0.124329555242958,5.40243277652097
2.62420634920635,0.289823369716098,0.329301083836243,0.124270101557314,5.40260939054136
2.62430555555556,0.289798874023907,0.329285145427526,0.124210676358891,5.40278598494751
2.62440476190476,0.289774381012165,0.329269203562705,0.124151279633959,5.4029625597437
2.62450396825397,0.289749890680412,0.329253258244272,0.124091911368796,5.40313911493419
2.62460317460317,0.289725403028189,0.329237309474723,0.124032571549683,5.40331565052327
2.62470238095238,0.289700918055039,0.329221357256549,0.123973260162907,5.40349216651518
2.62480158730159,0.289676435760504,0.329205401592243,0.123913977194762,5.4036686629142
2.62490079365079,0.289651956144127,0.329189442484294,0.123854722631546,5.40384513972459
2.625,0.289627479205451,0.329173479935193,0.12379549645956,5.40402159695062
2.62509920634921,0.289603004944019,0.329157513947426,0.123736298665115,5.40419803459654
2.62519841269841,0.289578533359377,0.32914154452348,0.123677129234523,5.40437445266662
2.62529761904762,0.289554064451067,0.329125571665843,0.123617988154104,5.4045508511651
2.62539682539683,0.289529598218636,0.329109595376998,0.123558875410182,5.40472723009626
2.62549603174603,0.289505134661628,0.329093615659429,0.123499790989086,5.40490358946434
2.62559523809524,0.28948067377959,0.329077632515618,0.123440734877151,5.40507992927361
2.62569444444444,0.289456215572067,0.329061645948047,0.123381707060718,5.4052562495283
2.62579365079365,0.289431760038606,0.329045655959196,0.123322707526132,5.40543255023267
2.62589285714286,0.289407307178755,0.329029662551543,0.123263736259743,5.40560883139097
2.62599206349206,0.289382856992061,0.329013665727568,0.123204793247907,5.40578509300746
2.62609126984127,0.289358409478071,0.328997665489746,0.123145878476986,5.40596133508637
2.62619047619048,0.289333964636335,0.328981661840554,0.123086991933346,5.40613755763195
2.62628968253968,0.2893095224664,0.328965654782465,0.123028133603359,5.40631376064844
2.62638888888889,0.289285082967817,0.328949644317954,0.122969303473402,5.40648994414009
2.6264880952381,0.289260646140134,0.328933630449492,0.122910501529857,5.40666610811114
2.6265873015873,0.289236211982902,0.328917613179551,0.122851727759112,5.40684225256582
2.62668650793651,0.289211780495672,0.328901592510601,0.122792982147559,5.40701837750837
2.62678571428571,0.289187351677993,0.32888556844511,0.122734264681597,5.40719448294304
2.62688492063492,0.289162925529419,0.328869540985547,0.12267557534763,5.40737056887405
2.62698412698413,0.2891385020495,0.328853510134377,0.122616914132065,5.40754663530564
2.62708333333333,0.289114081237788,0.328837475894067,0.122558281021318,5.40772268224204
2.62718253968254,0.289089663093837,0.328821438267081,0.122499676001806,5.40789870968748
2.62728174603175,0.289065247617199,0.328805397255882,0.122441099059956,5.40807471764619
2.62738095238095,0.289040834807428,0.328789352862932,0.122382550182196,5.4082507061224
2.62748015873016,0.289016424664078,0.328773305090693,0.122324029354961,5.40842667512033
2.62757936507937,0.288992017186702,0.328757253941623,0.122265536564692,5.40860262464421
2.62767857142857,0.288967612374857,0.328741199418182,0.122207071797836,5.40877855469826
2.62777777777778,0.288943210228097,0.328725141522828,0.122148635040841,5.40895446528671
2.62787698412698,0.288918810745977,0.328709080258016,0.122090226280165,5.40913035641376
2.62797619047619,0.288894413928054,0.328693015626203,0.12203184550227,5.40930622808365
2.6280753968254,0.288870019773885,0.328676947629841,0.121973492693621,5.40948208030059
2.6281746031746,0.288845628283025,0.328660876271386,0.121915167840692,5.4096579130688
2.62827380952381,0.288821239455033,0.328644801553287,0.121856870929958,5.40983372639248
2.62837301587302,0.288796853289467,0.328628723477997,0.121798601947904,5.41000952027586
2.62847222222222,0.288772469785884,0.328612642047965,0.121740360881016,5.41018529472314
2.62857142857143,0.288748088943843,0.328596557265639,0.121682147715788,5.41036104973854
2.62867063492063,0.288723710762903,0.328580469133467,0.121623962438718,5.41053678532626
2.62876984126984,0.288699335242624,0.328564377653895,0.12156580503631,5.41071250149051
2.62886904761905,0.288674962382565,0.328548282829369,0.121507675495073,5.4108881982355
2.62896825396825,0.288650592182287,0.328532184662332,0.121449573801521,5.41106387556543
2.62906746031746,0.288626224641351,0.328516083155227,0.121391499942173,5.4112395334845
2.62916666666667,0.288601859759318,0.328499978310496,0.121333453903555,5.41141517199692
2.62926587301587,0.288577497535749,0.32848387013058,0.121275435672196,5.41159079110688
2.62936507936508,0.288553137970207,0.328467758617918,0.121217445234632,5.41176639081858
2.62946428571429,0.288528781062254,0.328451643774949,0.121159482577404,5.41194197113623
2.62956349206349,0.288504426811452,0.32843552560411,0.121101547687057,5.41211753206401
2.6296626984127,0.288480075217366,0.328419404107837,0.121043640550142,5.41229307360612
2.6297619047619,0.288455726279559,0.328403279288564,0.120985761153216,5.41246859576675
2.62986111111111,0.288431379997595,0.328387151148727,0.120927909482841,5.4126440985501
2.62996031746032,0.288407036371039,0.328371019690757,0.120870085525583,5.41281958196035
2.63005952380952,0.288382695399456,0.328354884917087,0.120812289268015,5.41299504600169
2.63015873015873,0.288358357082411,0.328338746830146,0.120754520696715,5.41317049067831
2.63025793650794,0.28833402141947,0.328322605432365,0.120696779798264,5.41334591599439
2.63035714285714,0.288309688410199,0.32830646072617,0.120639066559253,5.41352132195413
2.63045634920635,0.288285358054166,0.32829031271399,0.120581380966273,5.41369670856169
2.63055555555556,0.288261030350937,0.328274161398251,0.120523723005923,5.41387207582126
2.63065476190476,0.288236705300081,0.328258006781377,0.120466092664808,5.41404742373703
2.63075396825397,0.288212382901164,0.328241848865791,0.120408489929536,5.41422275231316
2.63085317460317,0.288188063153756,0.328225687653918,0.120350914786722,5.41439806155384
2.63095238095238,0.288163746057426,0.328209523148177,0.120293367222986,5.41457335146324
2.63105158730159,0.288139431611742,0.328193355350989,0.120235847224953,5.41474862204553
2.63115079365079,0.288115119816275,0.328177184264774,0.120178354779253,5.41492387330489
2.63125,0.288090810670594,0.32816100989195,0.120120889872522,5.41509910524549
2.63134920634921,0.288066504174271,0.328144832234933,0.1200634524914,5.4152743178715
2.63144841269841,0.288042200326875,0.328128651296139,0.120006042622535,5.41544951118708
2.63154761904762,0.28801789912798,0.328112467077983,0.119948660252576,5.4156246851964
2.63164682539683,0.287993600577156,0.328096279582879,0.119891305368181,5.41579983990363
2.63174603174603,0.287969304673977,0.328080088813239,0.119833977956012,5.41597497531292
2.63184523809524,0.287945011418014,0.328063894771474,0.119776678002736,5.41615009142845
2.63194444444444,0.287920720808841,0.328047697459994,0.119719405495026,5.41632518825438
2.63204365079365,0.287896432846031,0.328031496881208,0.119662160419559,5.41650026579485
2.63214285714286,0.287872147529159,0.328015293037525,0.119604942763019,5.41667532405403
2.63224206349206,0.287847864857798,0.327999085931351,0.119547752512093,5.41685036303608
2.63234126984127,0.287823584831525,0.327982875565091,0.119490589653476,5.41702538274515
2.63244047619048,0.287799307449913,0.327966661941151,0.119433454173867,5.41720038318539
2.63253968253968,0.28777503271254,0.327950445061933,0.119376346059969,5.41737536436096
2.63263888888889,0.28775076061898,0.32793422492984,0.119319265298492,5.417550326276
2.6327380952381,0.287726491168811,0.327918001547273,0.119262211876151,5.41772526893467
2.6328373015873,0.28770222436161,0.327901774916632,0.119205185779666,5.41790019234111
2.63293650793651,0.287677960196953,0.327885545040315,0.119148186995762,5.41807509649948
2.63303571428571,0.28765369867442,0.327869311920721,0.119091215511169,5.4182499814139
2.63313492063492,0.287629439793588,0.327853075560247,0.119034271312624,5.41842484708853
2.63323412698413,0.287605183554035,0.327836835961286,0.118977354386868,5.41859969352751
2.63333333333333,0.287580929955342,0.327820593126235,0.118920464720647,5.41877452073498
2.63343253968254,0.287556678997088,0.327804347057486,0.118863602300712,5.41894932871507
2.63353174603175,0.287532430678852,0.327788097757431,0.118806767113821,5.41912411747193
2.63363095238095,0.287508185000215,0.327771845228461,0.118749959146737,5.41929888700969
2.63373015873016,0.287483941960759,0.327755589472966,0.118693178386225,5.41947363733248
2.63382936507937,0.287459701560063,0.327739330493335,0.11863642481906,5.41964836844445
2.63392857142857,0.287435463797711,0.327723068291955,0.118579698432019,5.41982308034971
2.63402777777778,0.287411228673284,0.327706802871213,0.118522999211885,5.4199977730524
2.63412698412698,0.287386996186364,0.327690534233494,0.118466327145448,5.42017244655665
2.63422619047619,0.287362766336535,0.327674262381181,0.1184096822195,5.42034710086658
2.6343253968254,0.287338539123381,0.32765798731666,0.118353064420843,5.42052173598633
2.6344246031746,0.287314314546484,0.32764170904231,0.118296473736278,5.42069635192001
2.63452380952381,0.287290092605429,0.327625427560513,0.118239910152617,5.42087094867175
2.63462301587302,0.287265873299802,0.327609142873649,0.118183373656675,5.42104552624567
2.63472222222222,0.287241656629187,0.327592854984096,0.118126864235271,5.42122008464588
2.63482142857143,0.28721744259317,0.327576563894231,0.118070381875231,5.42139462387652
2.63492063492063,0.287193231191336,0.327560269606431,0.118013926563387,5.42156914394169
2.63501984126984,0.287169022423272,0.327543972123071,0.117957498286573,5.42174364484551
2.63511904761905,0.287144816288566,0.327527671446525,0.117901097031632,5.42191812659209
2.63521825396825,0.287120612786804,0.327511367579166,0.11784472278541,5.42209258918555
2.63531746031746,0.287096411917573,0.327495060523365,0.117788375534759,5.42226703263
2.63541666666667,0.287072213680463,0.327478750281494,0.117732055266537,5.42244145692954
2.63551587301587,0.287048018075062,0.327462436855921,0.117675761967605,5.42261586208829
2.63561507936508,0.287023825100958,0.327446120249015,0.117619495624832,5.42279024811036
2.63571428571429,0.286999634757741,0.327429800463144,0.11756325622509,5.42296461499984
2.63581349206349,0.286975447045001,0.327413477500672,0.117507043755259,5.42313896276084
2.6359126984127,0.286951261962329,0.327397151363967,0.117450858202221,5.42331329139747
2.6360119047619,0.286927079509314,0.32738082205539,0.117394699552864,5.42348760091383
2.63611111111111,0.286902899685549,0.327364489577305,0.117338567794085,5.423661891314
2.63621031746032,0.286878722490624,0.327348153932074,0.117282462912782,5.4238361626021
2.63630952380952,0.286854547924131,0.327331815122057,0.117226384895859,5.42401041478222
2.63640873015873,0.286830375985664,0.327315473149613,0.117170333730226,5.42418464785846
2.63650793650794,0.286806206674814,0.327299128017101,0.117114309402799,5.4243588618349
2.63660714285714,0.286782039991176,0.327282779726877,0.117058311900499,5.42453305671564
2.63670634920635,0.286757875934342,0.327266428281297,0.117002341210251,5.42470723250477
2.63680555555556,0.286733714503907,0.327250073682717,0.116946397318986,5.42488138920639
2.63690476190476,0.286709555699466,0.32723371593349,0.11689048021364,5.42505552682457
2.63700396825397,0.286685399520613,0.327217355035968,0.116834589881156,5.42522964536341
2.63710317460317,0.286661245966944,0.327200990992504,0.11677872630848,5.42540374482698
2.63720238095238,0.286637095038055,0.327184623805446,0.116722889482564,5.42557782521938
2.63730158730159,0.286612946733541,0.327168253477146,0.116667079390366,5.42575188654469
2.63740079365079,0.286588801053001,0.327151880009949,0.116611296018848,5.42592592880698
2.6375,0.28656465799603,0.327135503406204,0.116555539354979,5.42609995201033
2.63759920634921,0.286540517562226,0.327119123668256,0.116499809385731,5.42627395615883
2.63769841269841,0.286516379751188,0.327102740798449,0.116444106098084,5.42644794125655
2.63779761904762,0.286492244562513,0.327086354799128,0.116388429479021,5.42662190730756
2.63789682539683,0.286468111995801,0.327069965672635,0.116332779515531,5.42679585431593
2.63799603174603,0.28644398205065,0.327053573421311,0.116277156194609,5.42696978228575
2.63809523809524,0.286419854726661,0.327037178047495,0.116221559503254,5.42714369122107
2.63819444444444,0.286395730023433,0.327020779553528,0.116165989428472,5.42731758112598
2.63829365079365,0.286371607940568,0.327004377941746,0.116110445957272,5.42749145200452
2.63839285714286,0.286347488477666,0.326987973214488,0.11605492907667,5.42766530386078
2.63849206349206,0.286323371634328,0.326971565374087,0.115999438773687,5.42783913669882
2.63859126984127,0.286299257410156,0.326955154422879,0.115943975035349,5.42801295052269
2.63869047619048,0.286275145804752,0.326938740363197,0.115888537848686,5.42818674533647
2.63878968253968,0.28625103681772,0.326922323197374,0.115833127200737,5.4283605211442
2.63888888888889,0.286226930448663,0.32690590292774,0.115777743078542,5.42853427794996
2.6389880952381,0.286202826697183,0.326889479556625,0.115722385469149,5.4287080157578
2.6390873015873,0.286178725562884,0.326873053086359,0.115667054359611,5.42888173457176
2.63918650793651,0.286154627045372,0.326856623519268,0.115611749736984,5.42905543439592
2.63928571428571,0.286130531144251,0.32684019085768,0.115556471588333,5.42922911523431
2.63938492063492,0.286106437859127,0.32682375510392,0.115501219900724,5.429402777091
2.63948412698413,0.286082347189604,0.326807316260312,0.115445994661233,5.42957641997002
2.63958333333333,0.286058259135289,0.326790874329179,0.115390795856937,5.42975004387544
2.63968253968254,0.286034173695788,0.326774429312844,0.11533562347492,5.4299236488113
2.63978174603175,0.286010090870709,0.326757981213627,0.115280477502273,5.43009723478164
2.63988095238095,0.285986010659659,0.326741530033849,0.115225357926089,5.4302708017905
2.63998015873016,0.285961933062245,0.326725075775827,0.115170264733469,5.43044434984194
2.64007936507937,0.285937858078077,0.32670861844188,0.115115197911518,5.43061787893999
2.64017857142857,0.285913785706762,0.326692158034323,0.115060157447346,5.43079138908869
2.64027777777778,0.285889715947909,0.326675694555473,0.115005143328069,5.43096488029208
2.64037698412698,0.285865648801129,0.326659228007642,0.114950155540809,5.43113835255419
2.64047619047619,0.285841584266031,0.326642758393145,0.11489519407269,5.43131180587907
2.6405753968254,0.285817522342225,0.326626285714293,0.114840258910846,5.43148524027074
2.6406746031746,0.285793463029322,0.326609809973397,0.114785350042412,5.43165865573324
2.64077380952381,0.285769406326934,0.326593331172767,0.114730467454532,5.4318320522706
2.64087301587302,0.285745352234673,0.32657684931471,0.114675611134351,5.43200542988685
2.64097222222222,0.285721300752149,0.326560364401535,0.114620781069024,5.43217878858602
2.64107142857143,0.285697251878976,0.326543876435548,0.114565977245708,5.43235212837213
2.64117063492063,0.285673205614767,0.326527385419053,0.114511199651566,5.43252544924921
2.64126984126984,0.285649161959135,0.326510891354355,0.114456448273767,5.43269875122129
2.64136904761905,0.285625120911694,0.326494394243756,0.114401723099485,5.43287203429238
2.64146825396825,0.285601082472058,0.326477894089559,0.114347024115898,5.43304529846651
2.64156746031746,0.285577046639842,0.326461390894064,0.114292351310192,5.43321854374769
2.64166666666667,0.28555301341466,0.32644488465957,0.114237704669554,5.43339177013995
2.64176587301587,0.285528982796129,0.326428375388376,0.114183084181182,5.43356497764729
2.64186507936508,0.285504954783864,0.326411863082779,0.114128489832274,5.43373816627375
2.64196428571429,0.285480929377481,0.326395347745074,0.114073921610036,5.43391133602332
2.64206349206349,0.285456906576599,0.326378829377558,0.11401937950168,5.43408448690002
2.6421626984127,0.285432886380832,0.326362307982523,0.11396486349442,5.43425761890787
2.6422619047619,0.2854088687898,0.326345783562263,0.113910373575478,5.43443073205087
2.64236111111111,0.28538485380312,0.326329256119068,0.113855909732081,5.43460382633303
2.64246031746032,0.285360841420411,0.326312725655231,0.113801471951461,5.43477690175835
2.64255952380952,0.285336831641292,0.326296192173038,0.113747060220854,5.43494995833084
2.64265873015873,0.285312824465382,0.32627965567478,0.113692674527504,5.43512299605451
2.64275793650794,0.285288819892301,0.326263116162743,0.113638314858657,5.43529601493336
2.64285714285714,0.285264817921669,0.326246573639212,0.113583981201567,5.43546901497137
2.64295634920635,0.285240818553107,0.326230028106473,0.113529673543492,5.43564199617257
2.64305555555556,0.285216821786235,0.32621347956681,0.113475391871695,5.43581495854094
2.64315476190476,0.285192827620676,0.326196928022504,0.113421136173445,5.43598790208048
2.64325396825397,0.285168836056051,0.326180373475837,0.113366906436017,5.43616082679518
2.64335317460317,0.285144847091983,0.32616381592909,0.113312702646689,5.43633373268904
2.64345238095238,0.285120860728094,0.326147255384541,0.113258524792747,5.43650661976605
2.64355158730159,0.285096876964007,0.326130691844469,0.113204372861479,5.4366794880302
2.64365079365079,0.285072895799347,0.326114125311151,0.113150246840182,5.43685233748548
2.64375,0.285048917233737,0.326097555786862,0.113096146716155,5.43702516813587
2.64384920634921,0.285024941266802,0.326080983273876,0.113042072476704,5.43719797998537
2.64394841269841,0.285000967898166,0.326064407774468,0.112988024109141,5.43737077303795
2.64404761904762,0.284976997127456,0.326047829290909,0.112934001600782,5.4375435472976
2.64414682539683,0.284953028954296,0.326031247825471,0.112880004938947,5.4377163027683
2.64424603174603,0.284929063378313,0.326014663380425,0.112826034110965,5.43788903945404
2.64434523809524,0.284905100399133,0.325998075958038,0.112772089104166,5.43806175735878
2.64444444444444,0.284881140016385,0.325981485560579,0.112718169905889,5.43823445648651
2.64454365079365,0.284857182229694,0.325964892190315,0.112664276503476,5.43840713684121
2.64464285714286,0.28483322703869,0.32594829584951,0.112610408884275,5.43857979842684
2.64474206349206,0.284809274442999,0.325931696540431,0.112556567035639,5.43875244124738
2.64484126984127,0.284785324442252,0.325915094265339,0.112502750944927,5.43892506530681
2.64494047619048,0.284761377036077,0.325898489026497,0.112448960599502,5.43909767060908
2.64503968253968,0.284737432224105,0.325881880826166,0.112395195986733,5.43927025715818
2.64513888888889,0.284713490005964,0.325865269666606,0.112341457093995,5.43944282495806
2.6452380952381,0.284689550381285,0.325848655550077,0.112287743908668,5.4396153740127
2.6453373015873,0.2846656133497,0.325832038478834,0.112234056418135,5.43978790432605
2.64543650793651,0.28464167891084,0.325815418455136,0.112180394609788,5.43996041590208
2.64553571428571,0.284617747064336,0.325798795481237,0.112126758471022,5.44013290874476
2.64563492063492,0.284593817809821,0.325782169559392,0.112073147989236,5.44030538285803
2.64573412698413,0.284569891146927,0.325765540691854,0.112019563151838,5.44047783824587
2.64583333333333,0.284545967075287,0.325748908880875,0.111966003946239,5.44065027491222
2.64593253968254,0.284522045594535,0.325732274128706,0.111912470359855,5.44082269286104
2.64603174603175,0.284498126704305,0.325715636437596,0.111858962380107,5.44099509209629
2.64613095238095,0.28447421040423,0.325698995809795,0.111805479994424,5.44116747262191
2.64623015873016,0.284450296693946,0.325682352247549,0.111752023190236,5.44133983444187
2.64632936507937,0.284426385573089,0.325665705753105,0.111698591954983,5.4415121775601
2.64642857142857,0.284402477041292,0.325649056328709,0.111645186276106,5.44168450198056
2.64652777777778,0.284378571098194,0.325632403976605,0.111591806141055,5.44185680770719
2.64662698412698,0.284354667743429,0.325615748699035,0.111538451537282,5.44202909474394
2.64672619047619,0.284330766976635,0.325599090498241,0.111485122452245,5.44220136309475
2.6468253968254,0.284306868797449,0.325582429376464,0.11143181887341,5.44237361276357
2.6469246031746,0.28428297320551,0.325565765335944,0.111378540788246,5.44254584375434
2.64702380952381,0.284259080200454,0.32554909837892,0.111325288184226,5.44271805607099
2.64712301587302,0.284235189781921,0.325532428507627,0.111272061048831,5.44289024971746
2.64722222222222,0.28421130194955,0.325515755724304,0.111218859369547,5.44306242469769
2.64732142857143,0.28418741670298,0.325499080031184,0.111165683133862,5.44323458101562
2.64742063492063,0.284163534041851,0.325482401430502,0.111112532329273,5.44340671867517
2.64751984126984,0.284139653965804,0.325465719924491,0.111059406943282,5.44357883768029
2.64761904761905,0.284115776474478,0.325449035515381,0.111006306963393,5.44375093803489
2.64771825396825,0.284091901567517,0.325432348205405,0.110953232377119,5.44392301974292
2.64781746031746,0.284068029244559,0.325415657996791,0.110900183171976,5.44409508280829
2.64791666666667,0.284044159505249,0.325398964891768,0.110847159335487,5.44426712723494
2.64801587301587,0.284020292349228,0.325382268892562,0.110794160855178,5.44443915302679
2.64811507936508,0.28399642777614,0.3253655700014,0.110741187718583,5.44461116018776
2.64821428571429,0.283972565785627,0.325348868220507,0.110688239913239,5.44478314872177
2.64831349206349,0.283948706377333,0.325332163552107,0.110635317426689,5.44495511863275
2.6484126984127,0.283924849550903,0.325315455998421,0.110582420246482,5.44512706992462
2.6485119047619,0.283900995305981,0.325298745561673,0.110529548360172,5.44529900260128
2.64861111111111,0.283877143642211,0.325282032244081,0.110476701755317,5.44547091666667
2.64871031746032,0.283853294559241,0.325265316047866,0.110423880419482,5.44564281212468
2.64880952380952,0.283829448056714,0.325248596975245,0.110371084340236,5.44581468897924
2.64890873015873,0.283805604134279,0.325231875028436,0.110318313505154,5.44598654723426
2.64900793650794,0.28378176279158,0.325215150209655,0.110265567901816,5.44615838689365
2.64910714285714,0.283757924028266,0.325198422521115,0.110212847517808,5.44633020796131
2.64920634920635,0.283734087843985,0.325181691965031,0.11016015234072,5.44650201044116
2.64930555555556,0.283710254238383,0.325164958543616,0.110107482358147,5.4466737943371
2.64940476190476,0.28368642321111,0.32514822225908,0.110054837557692,5.44684555965303
2.64950396825397,0.283662594761814,0.325131483113635,0.110002217926961,5.44701730639286
2.64960317460317,0.283638768890145,0.325114741109488,0.109949623453566,5.44718903456049
2.64970238095238,0.283614945595753,0.325097996248848,0.109897054125123,5.44736074415981
2.64980158730159,0.283591124878287,0.325081248533922,0.109844509929254,5.44753243519474
2.64990079365079,0.283567306737398,0.325064497966915,0.109791990853588,5.44770410766916
2.65,0.283543491172738,0.325047744550033,0.109739496885757,5.44787576158697
2.65009920634921,0.283519678183957,0.325030988285478,0.1096870280134,5.44804739695207
2.65019841269841,0.283495867770707,0.325014229175453,0.109634584224159,5.44821901376834
2.65029761904762,0.283472059932641,0.324997467222159,0.109582165505683,5.44839061203968
2.65039682539683,0.283448254669412,0.324980702427797,0.109529771845628,5.44856219176999
2.65049603174603,0.283424451980672,0.324963934794564,0.10947740323165,5.44873375296314
2.65059523809524,0.283400651866076,0.32494716432466,0.109425059651416,5.44890529562302
2.65069444444444,0.283376854325276,0.32493039102028,0.109372741092594,5.44907681975353
2.65079365079365,0.283353059357928,0.32491361488362,0.109320447542861,5.44924832535854
2.65089285714286,0.283329266963687,0.324896835916875,0.109268178989896,5.44941981244193
2.65099206349206,0.283305477142207,0.324880054122238,0.109215935421385,5.4495912810076
2.65109126984127,0.283281689893144,0.324863269501901,0.109163716825018,5.44976273105941
2.65119047619048,0.283257905216156,0.324846482058054,0.109111523188493,5.44993416260125
2.65128968253968,0.283234123110897,0.324829691792889,0.10905935449951,5.45010557563699
2.65138888888889,0.283210343577025,0.324812898708594,0.109007210745776,5.45027697017052
2.6514880952381,0.283186566614198,0.324796102807356,0.108955091915003,5.45044834620569
2.6515873015873,0.283162792222073,0.324779304091362,0.108902997994909,5.45061970374639
2.65168650793651,0.283139020400309,0.324762502562797,0.108850928973216,5.45079104279648
2.65178571428571,0.283115251148564,0.324745698223846,0.108798884837651,5.45096236335984
2.65188492063492,0.283091484466498,0.324728891076691,0.108746865575949,5.45113366544034
2.65198412698413,0.28306772035377,0.324712081123516,0.108694871175846,5.45130494904183
2.65208333333333,0.283043958810039,0.324695268366499,0.108642901625088,5.45147621416819
2.65218253968254,0.283020199834967,0.324678452807822,0.108590956911422,5.45164746082328
2.65228174603175,0.282996443428215,0.324661634449663,0.108539037022604,5.45181868901096
2.65238095238095,0.282972689589442,0.3246448132942,0.108487141946392,5.45198989873509
2.65248015873016,0.282948938318312,0.324627989343608,0.108435271670551,5.45216108999954
2.65257936507937,0.282925189614487,0.324611162600063,0.108383426182852,5.45233226280815
2.65267857142857,0.282901443477628,0.324594333065739,0.10833160547107,5.45250341716479
2.65277777777778,0.282877699907399,0.324577500742809,0.108279809522984,5.45267455307331
2.65287698412698,0.282853958903463,0.324560665633445,0.108228038326382,5.45284567053757
2.65297619047619,0.282830220465485,0.324543827739817,0.108176291869054,5.45301676956141
2.6530753968254,0.282806484593128,0.324526987064096,0.108124570138797,5.45318785014869
2.6531746031746,0.282782751286056,0.324510143608449,0.108072873123413,5.45335891230326
2.65327380952381,0.282759020543936,0.324493297375044,0.108021200810707,5.45352995602896
2.65337301587302,0.282735292366433,0.324476448366047,0.107969553188494,5.45370098132964
2.65347222222222,0.282711566753212,0.324459596583623,0.107917930244589,5.45387198820915
2.65357142857143,0.282687843703941,0.324442742029936,0.107866331966817,5.45404297667132
2.65367063492063,0.282664123218285,0.32442588470715,0.107814758343004,5.45421394672001
2.65376984126984,0.282640405295913,0.324409024617424,0.107763209360985,5.45438489835904
2.65386904761905,0.282616689936491,0.324392161762921,0.107711685008598,5.45455583159227
2.65396825396825,0.282592977139688,0.324375296145799,0.107660185273687,5.45472674642352
2.65406746031746,0.282569266905173,0.324358427768217,0.107608710144101,5.45489764285664
2.65416666666667,0.282545559232614,0.324341556632332,0.107557259607695,5.45506852089546
2.65426587301587,0.282521854121681,0.324324682740299,0.107505833652328,5.45523938054381
2.65436507936508,0.282498151572043,0.324307806094275,0.107454432265865,5.45541022180552
2.65446428571429,0.282474451583372,0.324290926696412,0.107403055436177,5.45558104468442
2.65456349206349,0.282450754155337,0.324274044548863,0.10735170315114,5.45575184918435
2.6546626984127,0.28242705928761,0.32425715965378,0.107300375398633,5.45592263530913
2.6547619047619,0.282403366979862,0.324240272013313,0.107249072166544,5.45609340306258
2.65486111111111,0.282379677231765,0.324223381629611,0.107197793442763,5.45626415244853
2.65496031746032,0.282355990042992,0.324206488504822,0.107146539215187,5.45643488347081
2.65505952380952,0.282332305413214,0.324189592641094,0.107095309471719,5.45660559613323
2.65515873015873,0.282308623342107,0.324172694040573,0.107044104200265,5.45677629043961
2.65525793650794,0.282284943829343,0.324155792705402,0.106992923388738,5.45694696639378
2.65535714285714,0.282261266874596,0.324138888637726,0.106941767025055,5.45711762399955
2.65545634920635,0.282237592477541,0.324121981839687,0.106890635097141,5.45728826326073
2.65555555555556,0.282213920637853,0.324105072313426,0.106839527592923,5.45745888418115
2.65565476190476,0.282190251355208,0.324088160061084,0.106788444500334,5.45762948676461
2.65575396825397,0.28216658462928,0.324071245084799,0.106737385807314,5.45780007101492
2.65585317460317,0.282142920459747,0.32405432738671,0.106686351501807,5.4579706369359
2.65595238095238,0.282119258846284,0.324037406968954,0.106635341571762,5.45814118453134
2.65605158730159,0.282095599788569,0.324020483833665,0.106584356005134,5.45831171380507
2.65615079365079,0.282071943286281,0.32400355798298,0.106533394789883,5.45848222476089
2.65625,0.282048289339095,0.32398662941903,0.106482457913974,5.45865271740259
2.65634920634921,0.282024637946691,0.323969698143949,0.106431545365378,5.45882319173399
2.65644841269841,0.282000989108748,0.323952764159868,0.10638065713207,5.45899364775888
2.65654761904762,0.281977342824945,0.323935827468916,0.106329793202032,5.45916408548106
2.65664682539683,0.281953699094962,0.323918888073222,0.10627895356325,5.45933450490433
2.65674603174603,0.281930057918478,0.323901945974915,0.106228138203716,5.4595049060325
2.65684523809524,0.281906419295174,0.323885001176121,0.106177347111427,5.45967528886934
2.65694444444444,0.281882783224731,0.323868053678965,0.106126580274384,5.45984565341866
2.65704365079365,0.281859149706831,0.323851103485572,0.106075837680596,5.46001599968425
2.65714285714286,0.281835518741155,0.323834150598066,0.106025119318075,5.4601863276699
2.65724206349206,0.281811890327385,0.323817195018567,0.105974425174839,5.46035663737941
2.65734126984127,0.281788264465205,0.323800236749198,0.105923755238911,5.46052692881655
2.65744047619048,0.281764641154297,0.323783275792078,0.10587310949832,5.46069720198511
2.65753968253968,0.281741020394344,0.323766312149326,0.1058224879411,5.46086745688889
2.65763888888889,0.281717402185031,0.32374934582306,0.105771890555291,5.46103769353165
2.6577380952381,0.281693786526042,0.323732376815395,0.105721317328935,5.4612079119172
2.6578373015873,0.281670173417062,0.323715405128448,0.105670768250084,5.4613781120493
2.65793650793651,0.281646562857776,0.323698430764333,0.105620243306792,5.46154829393173
2.65803571428571,0.281622954847869,0.323681453725162,0.105569742487119,5.46171845756828
2.65813492063492,0.281599349387028,0.323664474013048,0.105519265779131,5.46188860296272
2.65823412698413,0.28157574647494,0.323647491630101,0.105468813170899,5.46205873011883
2.65833333333333,0.28155214611129,0.323630506578432,0.105418384650498,5.46222883904037
2.65843253968254,0.281528548295767,0.323613518860148,0.105367980206011,5.46239892973113
2.65853174603175,0.281504953028058,0.323596528477358,0.105317599825524,5.46256900219486
2.65863095238095,0.281481360307852,0.323579535432167,0.105267243497128,5.46273905643535
2.65873015873016,0.281457770134836,0.323562539726681,0.10521691120892,5.46290909245636
2.65882936507937,0.281434182508701,0.323545541363004,0.105166602949004,5.46307911026164
2.65892857142857,0.281410597429136,0.323528540343239,0.105116318705488,5.46324910985498
2.65902777777778,0.28138701489583,0.323511536669487,0.105066058466483,5.46341909124013
2.65912698412698,0.281363434908474,0.323494530343849,0.105015822220108,5.46358905442086
2.65922619047619,0.281339857466759,0.323477521368425,0.104965609954487,5.46375899940092
2.6593253968254,0.281316282570376,0.323460509745314,0.10491542165775,5.46392892618407
2.6594246031746,0.281292710219016,0.323443495476612,0.104865257318029,5.46409883477408
2.65952380952381,0.281269140412372,0.323426478564415,0.104815116923463,5.46426872517469
2.65962301587302,0.281245573150136,0.32340945901082,0.1047650004622,5.46443859738966
2.65972222222222,0.281222008432001,0.323392436817918,0.104714907922386,5.46460845142275
2.65982142857143,0.28119844625766,0.323375411987805,0.104664839292179,5.46477828727771
2.65992063492063,0.281174886626808,0.32335838452257,0.104614794559739,5.46494810495828
2.66001984126984,0.281151329539138,0.323341354424304,0.104564773713231,5.46511790446822
2.66011904761905,0.281127774994344,0.323324321695098,0.104514776740826,5.46528768581127
2.66021825396825,0.281104222992123,0.323307286337038,0.104464803630701,5.46545744899118
2.66031746031746,0.281080673532169,0.323290248352213,0.104414854371037,5.46562719401169
2.66041666666667,0.281057126614179,0.323273207742708,0.104364928950022,5.46579692087655
2.66051587301587,0.281033582237848,0.323256164510609,0.104315027355847,5.46596662958949
2.66061507936508,0.281010040402874,0.323239118657998,0.10426514957671,5.46613632015427
2.66071428571429,0.280986501108953,0.323222070186958,0.104215295600813,5.46630599257461
2.66081349206349,0.280962964355784,0.323205019099571,0.104165465416365,5.46647564685425
2.6609126984127,0.280939430143064,0.323187965397918,0.104115659011578,5.46664528299693
2.6610119047619,0.280915898470491,0.323170909084077,0.104065876374672,5.46681490100639
2.66111111111111,0.280892369337766,0.323153850160127,0.10401611749387,5.46698450088635
2.66121031746032,0.280868842744586,0.323136788628144,0.103966382357402,5.46715408264055
2.66130952380952,0.280845318690653,0.323119724490204,0.103916670953501,5.46732364627272
2.66140873015873,0.280821797175665,0.323102657748383,0.103866983270407,5.46749319178658
2.66150793650794,0.280798278199324,0.323085588404753,0.103817319296365,5.46766271918586
2.66160714285714,0.28077476176133,0.323068516461387,0.103767679019626,5.46783222847429
2.66170634920635,0.280751247861386,0.323051441920356,0.103718062428445,5.4680017196556
2.66180555555556,0.280727736499193,0.323034364783731,0.103668469511082,5.4681711927335
2.66190476190476,0.280704227674452,0.323017285053581,0.103618900255804,5.46834064771171
2.66200396825397,0.280680721386868,0.323000202731973,0.103569354650882,5.46851008459396
2.66210317460317,0.280657217636143,0.322983117820974,0.103519832684592,5.46867950338396
2.66220238095238,0.280633716421981,0.32296603032265,0.103470334345217,5.46884890408544
2.66230158730159,0.280610217744086,0.322948940239066,0.103420859621043,5.4690182867021
2.66240079365079,0.280586721602163,0.322931847572285,0.103371408500363,5.46918765123766
2.6625,0.280563227995915,0.322914752324368,0.103321980971475,5.46935699769583
2.66259920634921,0.280539736925049,0.322897654497378,0.103272577022682,5.46952632608032
2.66269841269841,0.28051624838927,0.322880554093374,0.103223196642291,5.46969563639484
2.66279761904762,0.280492762388285,0.322863451114416,0.103173839818617,5.46986492864311
2.66289682539683,0.2804692789218,0.32284634556256,0.103124506539978,5.47003420282882
2.66299603174603,0.280445797989522,0.322829237439864,0.103075196794698,5.47020345895568
2.66309523809524,0.280422319591158,0.322812126748383,0.103025910571107,5.4703726970274
2.66319444444444,0.280398843726417,0.322795013490172,0.102976647857538,5.47054191704768
2.66329365079365,0.280375370395006,0.322777897667283,0.102927408642333,5.47071111902022
2.66339285714286,0.280351899596635,0.322760779281768,0.102878192913837,5.47088030294871
2.66349206349206,0.280328431331013,0.32274365833568,0.102829000660399,5.47104946883686
2.66359126984127,0.280304965597849,0.322726534831067,0.102779831870375,5.47121861668836
2.66369047619048,0.280281502396853,0.322709408769979,0.102730686532127,5.47138774650691
2.66378968253968,0.280258041727736,0.322692280154462,0.102681564634021,5.47155685829619
2.66388888888889,0.280234583590208,0.322675148986564,0.102632466164428,5.47172595205991
2.6639880952381,0.280211127983981,0.322658015268329,0.102583391111725,5.47189502780176
2.6640873015873,0.280187674908767,0.322640879001802,0.102534339464295,5.47206408552541
2.66418650793651,0.280164224364278,0.322623740189027,0.102485311210524,5.47223312523457
2.66428571428571,0.280140776350226,0.322606598832044,0.102436306338805,5.47240214693291
2.66438492063492,0.280117330866324,0.322589454932895,0.102387324837537,5.47257115062412
2.66448412698413,0.280093887912286,0.322572308493619,0.102338366695122,5.47274013631188
2.66458333333333,0.280070447487826,0.322555159516255,0.102289431899969,5.47290910399988
2.66468253968254,0.280047009592657,0.32253800800284,0.102240520440492,5.4730780536918
2.66478174603175,0.280023574226496,0.322520853955412,0.10219163230511,5.47324698539131
2.66488095238095,0.280000141389056,0.322503697376004,0.102142767482247,5.4734158991021
2.66498015873016,0.279976711080054,0.32248653826665,0.102093925960332,5.47358479482783
2.66507936507937,0.279953283299205,0.322469376629385,0.102045107727802,5.47375367257218
2.66517857142857,0.279929858046226,0.322452212466239,0.101996312773095,5.47392253233883
2.66527777777778,0.279906435320834,0.322435045779244,0.101947541084657,5.47409137413145
2.66537698412698,0.279883015122746,0.322417876570428,0.101898792650939,5.47426019795371
2.66547619047619,0.279859597451679,0.32240070484182,0.101850067460397,5.47442900380927
2.6655753968254,0.279836182307353,0.322383530595447,0.101801365501492,5.47459779170181
2.6656746031746,0.279812769689485,0.322366353833336,0.101752686762691,5.47476656163499
2.66577380952381,0.279789359597794,0.322349174557512,0.101704031232465,5.47493531361247
2.66587301587302,0.279765952032,0.322331992769998,0.101655398899292,5.47510404763791
2.66597222222222,0.279742546991823,0.322314808472817,0.101606789751654,5.47527276371499
2.66607142857143,0.279719144476983,0.32229762166799,0.101558203778038,5.47544146184735
2.66617063492063,0.279695744487201,0.322280432357539,0.101509640966938,5.47561014203866
2.66626984126984,0.279672347022198,0.322263240543482,0.101461101306852,5.47577880429258
2.66636904761905,0.279648952081695,0.322246046227838,0.101412584786283,5.47594744861275
2.66646825396825,0.279625559665415,0.322228849412624,0.10136409139374,5.47611607500284
2.66656746031746,0.279602169773079,0.322211650099856,0.101315621117737,5.47628468346649
2.66666666666667,0.279578782404411,0.322194448291548,0.101267173946793,5.47645327400736
2.66676587301587,0.279555397559135,0.322177243989715,0.101218749869433,5.4766218466291
2.66686507936508,0.279532015236973,0.322160037196369,0.101170348874186,5.47679040133536
2.66696428571429,0.279508635437649,0.322142827913521,0.101121970949589,5.47695893812978
2.66706349206349,0.27948525816089,0.322125616143181,0.10107361608418,5.477127457016
2.6671626984127,0.279461883406418,0.32210840188736,0.101025284266507,5.47729595799768
2.6672619047619,0.279438511173961,0.322091185148064,0.10097697548512,5.47746444107845
2.66736111111111,0.279415141463243,0.322073965927301,0.100928689728574,5.47763290626196
2.66746031746032,0.279391774273991,0.322056744227077,0.100880426985433,5.47780135355185
2.66755952380952,0.279368409605931,0.322039520049397,0.100832187244261,5.47796978295174
2.66765873015873,0.279345047458792,0.322022293396263,0.100783970493632,5.47813819446529
2.66775793650794,0.279321687832299,0.322005064269678,0.100735776722124,5.47830658809612
2.66785714285714,0.279298330726182,0.321987832671644,0.100687605918317,5.47847496384788
2.66795634920635,0.279274976140169,0.321970598604161,0.100639458070801,5.47864332172418
2.66805555555556,0.279251624073988,0.321953362069227,0.100591333168168,5.47881166172867
2.66815476190476,0.279228274527369,0.321936123068841,0.100543231199018,5.47897998386496
2.66825396825397,0.279204927500042,0.321918881604999,0.100495152151953,5.4791482881367
2.66835317460317,0.279181582991736,0.321901637679698,0.100447096015583,5.47931657454751
2.66845238095238,0.279158241002182,0.32188439129493,0.100399062778521,5.479484843101
2.66855158730159,0.279134901531111,0.321867142452691,0.100351052429389,5.47965309380081
2.66865079365079,0.279111564578255,0.321849891154972,0.10030306495681,5.47982132665056
2.66875,0.279088230143346,0.321832637403764,0.100255100349414,5.47998954165387
2.66884920634921,0.279064898226115,0.321815381201057,0.100207158595837,5.48015773881435
2.66894841269841,0.279041568826295,0.32179812254884,0.10015923968472,5.48032591813563
2.66904761904762,0.27901824194362,0.321780861449102,0.100111343604708,5.48049407962132
2.66914682539683,0.278994917577823,0.321763597903827,0.100063470344452,5.48066222327504
2.66924603174603,0.278971595728637,0.321746331915002,0.10001561989261,5.48083034910039
2.66934523809524,0.278948276395798,0.321729063484612,0.0999677922378434,5.480998457101
2.66944444444444,0.278924959579041,0.321711792614639,0.0999199873688182,5.48116654728047
2.66954365079365,0.278901645278099,0.321694519307065,0.0998722052742075,5.48133461964241
2.66964285714286,0.27887833349271,0.321677243563872,0.0998244459426887,5.48150267419043
2.66974206349206,0.278855024222609,0.32165996538704,0.0997767093629447,5.48167071092813
2.66984126984127,0.278831717467533,0.321642684778546,0.0997289955236636,5.48183872985912
2.66994047619048,0.278808413227218,0.321625401740368,0.0996813044135386,5.48200673098701
2.67003968253968,0.278785111501403,0.321608116274484,0.099633636021269,5.48217471431539
2.67013888888889,0.278761812289825,0.321590828382868,0.0995859903355583,5.48234267984786
2.6702380952381,0.278738515592221,0.321573538067494,0.0995383673451159,5.48251062758803
2.6703373015873,0.278715221408332,0.321556245330336,0.0994907670386564,5.48267855753949
2.67043650793651,0.278691929737895,0.321538950173365,0.0994431894048996,5.48284646970584
2.67053571428571,0.278668640580651,0.321521652598552,0.0993956344325704,5.48301436409067
2.67063492063492,0.27864535393634,0.321504352607867,0.0993481021103992,5.48318224069757
2.67073412698413,0.278622069804701,0.321487050203278,0.0993005924271219,5.48335009953014
2.67083333333333,0.278598788185476,0.321469745386753,0.0992531053714793,5.48351794059197
2.67093253968254,0.278575509078405,0.321452438160258,0.0992056409322173,5.48368576388664
2.67103174603175,0.278552232483232,0.321435128525758,0.0991581990980878,5.48385356941774
2.67113095238095,0.278528958399697,0.321417816485217,0.0991107798578472,5.48402135718886
2.67123015873016,0.278505686822738,0.321400502042263,0.0990633832016655,5.48418912720521
2.67132936507937,0.278482417727287,0.321383185207379,0.0990160091259501,5.4843568794787
2.67142857142857,0.278459151109353,0.321365865983651,0.0989686576214748,5.48452461401396
2.67152777777778,0.278435886968442,0.321348544372949,0.0989213286780268,5.48469233081445
2.67162698412698,0.278412625304056,0.321331220377142,0.0988740222853959,5.48486002988359
2.67172619047619,0.278389366115702,0.321313893998095,0.0988267384333752,5.48502771122485
2.6718253968254,0.278366109402882,0.321296565237678,0.0987794771117619,5.48519537484166
2.6719246031746,0.278342855165103,0.321279234097756,0.0987322383103554,5.48536302073746
2.67202380952381,0.278319603401869,0.321261900580195,0.0986850220189589,5.4855306489157
2.67212301587302,0.278296354112686,0.32124456468686,0.0986378282273787,5.48569825937981
2.67222222222222,0.278273107297058,0.321227226419615,0.0985906569254247,5.48586585213324
2.67232142857143,0.278249862954493,0.321209885780324,0.0985435081029095,5.48603342717942
2.67242063492063,0.278226621084495,0.321192542770851,0.0984963817496493,5.48620098452179
2.67251984126984,0.27820338168657,0.321175197393057,0.0984492778554636,5.48636852416379
2.67261904761905,0.278180144760226,0.321157849648804,0.098402196410175,5.48653604610885
2.67271825396825,0.278156910304967,0.321140499539954,0.0983551374036095,5.4867035503604
2.67281746031746,0.278133678320302,0.321123147068367,0.0983081008255961,5.48687103692189
2.67291666666667,0.278110448805736,0.321105792235903,0.0982610866659672,5.48703850579675
2.67301587301587,0.278087221760776,0.32108843504442,0.0982140949145587,5.4872059569884
2.67311507936508,0.278063997184931,0.321071075495778,0.0981671255612095,5.48737339050028
2.67321428571429,0.278040775077706,0.321053713591833,0.0981201785957615,5.48754080633582
2.67331349206349,0.27801755543861,0.321036349334444,0.0980732540080607,5.48770820449845
2.6734126984127,0.277994338267151,0.321018982725467,0.0980263517879555,5.48787558499159
2.6735119047619,0.277971123562835,0.321001613766756,0.0979794719252979,5.48804294781868
2.67361111111111,0.277947911325173,0.320984242460169,0.0979326144099429,5.48821029298314
2.67371031746032,0.277924701553671,0.320966868807558,0.0978857792317495,5.4883776204884
2.67380952380952,0.277901494247838,0.320949492810779,0.0978389663805792,5.48854493033788
2.67390873015873,0.277878289407183,0.320932114471683,0.0977921758462968,5.48871222253501
2.67400793650794,0.277855087031216,0.320914733792124,0.097745407618771,5.48887949708321
2.67410714285714,0.277831887119444,0.320897350773953,0.097698661687873,5.4890467539859
2.67420634920635,0.277808689671377,0.320879965419022,0.0976519380434778,5.48921399324651
2.67430555555556,0.277785494686525,0.32086257772918,0.0976052366754632,5.48938121486845
2.67440476190476,0.277762302164397,0.320845187706279,0.0975585575737106,5.48954841885514
2.67450396825397,0.277739112104503,0.320827795352166,0.0975119007281046,5.48971560521001
2.67460317460317,0.277715924506354,0.320810400668692,0.0974652661285331,5.48988277393647
2.67470238095238,0.277692739369458,0.320793003657702,0.0974186537648869,5.49004992503794
2.67480158730159,0.277669556693328,0.320775604321045,0.0973720636270607,5.49021705851784
2.67490079365079,0.277646376477473,0.320758202660568,0.0973254957049518,5.49038417437957
2.675,0.277623198721404,0.320740798678115,0.0972789499884612,5.49055127262656
2.67509920634921,0.277600023424632,0.320723392375533,0.0972324264674928,5.49071835326221
2.67519841269841,0.277576850586668,0.320705983754665,0.0971859251319543,5.49088541628995
2.67529761904762,0.277553680207024,0.320688572817356,0.0971394459717561,5.49105246171318
2.67539682539683,0.277530512285211,0.320671159565449,0.097092988976812,5.49121948953531
2.67549603174603,0.277507346820741,0.320653744000786,0.0970465541370393,5.49138649975976
2.67559523809524,0.277484183813126,0.32063632612521,0.0970001414423584,5.49155349238993
2.67569444444444,0.277461023261878,0.320618905940562,0.096953750882693,5.49172046742922
2.67579365079365,0.277437865166509,0.320601483448681,0.0969073824479698,5.49188742488106
2.67589285714286,0.277414709526532,0.320584058651409,0.0968610361281189,5.49205436474884
2.67599206349206,0.277391556341459,0.320566631550584,0.0968147119130742,5.49222128703597
2.67609126984127,0.277368405610803,0.320549202148045,0.096768409792772,5.49238819174585
2.67619047619048,0.277345257334078,0.32053177044563,0.0967221297571522,5.49255507888189
2.67628968253968,0.277322111510796,0.320514336445176,0.0966758717961583,5.49272194844749
2.67638888888889,0.277298968140471,0.32049690014852,0.0966296358997366,5.49288880044606
2.6764880952381,0.277275827222617,0.320479461557497,0.0965834220578368,5.49305563488098
2.6765873015873,0.277252688756748,0.320462020673944,0.0965372302604118,5.49322245175567
2.67668650793651,0.277229552742377,0.320444577499694,0.096491060497418,5.49338925107353
2.67678571428571,0.277206419179018,0.320427132036582,0.0964449127588149,5.49355603283794
2.67688492063492,0.277183288066187,0.32040968428644,0.0963987870345649,5.49372279705232
2.67698412698413,0.277160159403397,0.320392234251103,0.0963526833146345,5.49388954372005
2.67708333333333,0.277137033190164,0.3203747819324,0.0963066015889928,5.49405627284453
2.67718253968254,0.277113909426003,0.320357327332165,0.0962605418476122,5.49422298442915
2.67728174603175,0.277090788110428,0.320339870452226,0.0962145040804685,5.49438967847732
2.67738095238095,0.277067669242954,0.320322411294416,0.0961684882775407,5.49455635499242
2.67748015873016,0.277044552823099,0.320304949860562,0.0961224944288113,5.49472301397784
2.67757936507937,0.277021438850376,0.320287486152493,0.0960765225242657,5.49488965543698
2.67767857142857,0.276998327324303,0.320270020172038,0.0960305725538926,5.49505627937323
2.67777777777778,0.276975218244394,0.320252551921024,0.0959846445076844,5.49522288578997
2.67787698412698,0.276952111610167,0.320235081401277,0.0959387383756363,5.4953894746906
2.67797619047619,0.276929007421139,0.320217608614624,0.0958928541477468,5.4955560460785
2.6780753968254,0.276905905676824,0.320200133562889,0.0958469918140176,5.49572259995705
2.6781746031746,0.276882806376742,0.320182656247898,0.0958011513644541,5.49588913632966
2.67827380952381,0.276859709520408,0.320165176671475,0.0957553327890646,5.49605565519969
2.67837301587302,0.276836615107339,0.320147694835442,0.0957095360778605,5.49622215657054
2.67847222222222,0.276813523137054,0.320130210741623,0.095663761220857,5.49638864044558
2.67857142857143,0.27679043360907,0.32011272439184,0.095618008208072,5.4965551068282
2.67867063492063,0.276767346522905,0.320095235787914,0.095572277029527,5.49672155572179
2.67876984126984,0.276744261878076,0.320077744931665,0.0955265676752467,5.49688798712971
2.67886904761905,0.276721179674102,0.320060251824915,0.0954808801352587,5.49705440105536
2.67896825396825,0.276698099910501,0.320042756469482,0.0954352143995945,5.49722079750211
2.67906746031746,0.276675022586792,0.320025258867184,0.0953895704582885,5.49738717647333
2.67916666666667,0.276651947702494,0.320007759019841,0.0953439483013781,5.49755353797241
2.67926587301587,0.276628875257125,0.319990256929269,0.0952983479189046,5.49771988200272
2.67936507936508,0.276605805250205,0.319972752597286,0.095252769300912,5.49788620856764
2.67946428571429,0.276582737681253,0.319955246025707,0.0952072124374478,5.49805251767053
2.67956349206349,0.276559672549789,0.319937737216347,0.0951616773185626,5.49821880931478
2.6796626984127,0.276536609855332,0.319920226171023,0.0951161639343106,5.49838508350376
2.6797619047619,0.276513549597402,0.319902712891546,0.0950706722747489,5.49855134024083
2.67986111111111,0.276490491775519,0.319885197379732,0.0950252023299378,5.49871757952938
2.67996031746032,0.276467436389204,0.319867679637393,0.0949797540899415,5.49888380137276
2.68005952380952,0.276444383437977,0.31985015966634,0.0949343275448267,5.49905000577435
2.68015873015873,0.276421332921358,0.319832637468386,0.0948889226846637,5.49921619273751
2.68025793650794,0.27639828483887,0.319815113045341,0.094843539499526,5.49938236226562
2.68035714285714,0.276375239190031,0.319797586399016,0.0947981779794903,5.49954851436203
2.68045634920635,0.276352195974365,0.319780057531219,0.0947528381146369,5.49971464903012
2.68055555555556,0.276329155191392,0.31976252644376,0.0947075198950489,5.49988076627325
2.68065476190476,0.276306116840633,0.319744993138447,0.0946622233108128,5.50004686609479
2.68075396825397,0.276283080921612,0.319727457617087,0.0946169483520186,5.50021294849808
2.68085317460317,0.276260047433849,0.319709919881488,0.0945716950087592,5.50037901348651
2.68095238095238,0.276237016376867,0.319692379933454,0.0945264632711311,5.50054506106342
2.68105158730159,0.276213987750188,0.319674837774792,0.0944812531292336,5.50071109123218
2.68115079365079,0.276190961553335,0.319657293407307,0.0944360645731699,5.50087710399615
2.68125,0.27616793778583,0.319639746832802,0.0943908975930458,5.50104309935868
2.68134920634921,0.276144916447197,0.319622198053082,0.0943457521789707,5.50120907732314
2.68144841269841,0.276121897536959,0.319604647069949,0.0943006283210575,5.50137503789287
2.68154761904762,0.276098881054639,0.319587093885205,0.0942555260094218,5.50154098107124
2.68164682539683,0.27607586699976,0.319569538500652,0.0942104452341828,5.5017069068616
2.68174603174603,0.276052855371846,0.319551980918091,0.0941653859854629,5.5018728152673
2.68184523809524,0.276029846170421,0.319534421139322,0.0941203482533875,5.5020387062917
2.68194444444444,0.27600683939501,0.319516859166144,0.094075332028086,5.50220457993815
2.68204365079365,0.275983835045136,0.319499295000357,0.0940303372996902,5.50237043621
2.68214285714286,0.275960833120324,0.319481728643758,0.0939853640583355,5.5025362751106
2.68224206349206,0.275937833620098,0.319464160098145,0.0939404122941609,5.5027020966433
2.68234126984127,0.275914836543984,0.319446589365315,0.0938954819973081,5.50286790081144
2.68244047619048,0.275891841891506,0.319429016447065,0.0938505731579224,5.50303368761838
2.68253968253968,0.27586884966219,0.319411441345189,0.093805685766152,5.50319945706746
2.68263888888889,0.275845859855561,0.319393864061483,0.0937608198121489,5.50336520916203
2.6827380952381,0.275822872471145,0.319376284597742,0.093715975286068,5.50353094390543
2.6828373015873,0.275799887508467,0.319358702955757,0.0936711521780674,5.50369666130101
2.68293650793651,0.275776904967054,0.319341119137323,0.0936263504783088,5.50386236135211
2.68303571428571,0.275753924846431,0.319323533144232,0.0935815701769568,5.50402804406207
2.68313492063492,0.275730947146126,0.319305944978276,0.0935368112641794,5.50419370943424
2.68323412698413,0.275707971865664,0.319288354641244,0.0934920737301479,5.50435935747194
2.68333333333333,0.275684999004572,0.319270762134929,0.0934473575650367,5.50452498817854
2.68343253968254,0.275662028562377,0.319253167461118,0.0934026627590237,5.50469060155735
2.68353174603175,0.275639060538607,0.319235570621602,0.09335798930229,5.50485619761172
2.68363095238095,0.275616094932789,0.319217971618168,0.0933133371850197,5.50502177634499
2.68373015873016,0.27559313174445,0.319200370452604,0.0932687063974005,5.50518733776049
2.68382936507937,0.275570170973118,0.319182767126697,0.0932240969296232,5.50535288186156
2.68392857142857,0.27554721261832,0.319165161642233,0.0931795087718818,5.50551840865154
2.68402777777778,0.275524256679585,0.319147554000999,0.0931349419143735,5.50568391813374
2.68412698412698,0.275501303156442,0.319129944204778,0.0930903963472992,5.50584941031152
2.68422619047619,0.275478352048418,0.319112332255356,0.0930458720608626,5.50601488518819
2.6843253968254,0.275455403355042,0.319094718154516,0.0930013690452705,5.5061803427671
2.6844246031746,0.275432457075844,0.31907710190404,0.0929568872907337,5.50634578305156
2.68452380952381,0.275409513210351,0.319059483505712,0.0929124267874656,5.50651120604491
2.68462301587302,0.275386571758094,0.319041862961313,0.0928679875256832,5.50667661175048
2.68472222222222,0.275363632718602,0.319024240272624,0.0928235694956064,5.50684200017159
2.68482142857143,0.275340696091404,0.319006615441426,0.0927791726874586,5.50700737131158
2.68492063492063,0.27531776187603,0.318988988469497,0.0927347970914668,5.50717272517376
2.68501984126984,0.27529483007201,0.318971359358617,0.0926904426978605,5.50733806176145
2.68511904761905,0.275271900678874,0.318953728110565,0.092646109496873,5.50750338107799
2.68521825396825,0.275248973696153,0.318936094727118,0.0926017974787408,5.5076686831267
2.68531746031746,0.275226049123377,0.318918459210053,0.0925575066337035,5.50783396791089
2.68541666666667,0.275203126960077,0.318900821561146,0.0925132369520041,5.50799923543389
2.68551587301587,0.275180207205784,0.318883181782174,0.0924689884238886,5.50816448569902
2.68561507936508,0.275157289860029,0.318865539874911,0.0924247610396067,5.5083297187096
2.68571428571429,0.275134374922343,0.318847895841131,0.092380554789411,5.50849493446894
2.68581349206349,0.275111462392257,0.31883024968261,0.0923363696635573,5.50866013298037
2.6859126984127,0.275088552269305,0.318812601401118,0.0922922056523052,5.50882531424719
2.6860119047619,0.275065644553016,0.31879495099843,0.0922480627459169,5.50899047827273
2.68611111111111,0.275042739242924,0.318777298476316,0.0922039409346582,5.5091556250603
2.68621031746032,0.275019836338561,0.318759643836548,0.0921598402087982,5.50932075461321
2.68630952380952,0.274996935839458,0.318741987080896,0.0921157605586088,5.50948586693478
2.68640873015873,0.27497403774515,0.31872432821113,0.092071701974366,5.50965096202832
2.68650793650794,0.274951142055168,0.318706667229019,0.0920276644463483,5.50981603989713
2.68660714285714,0.274928248769045,0.318689004136331,0.0919836479648377,5.50998110054453
2.68670634920635,0.274905357886315,0.318671338934835,0.0919396525201197,5.51014614397383
2.68680555555556,0.274882469406512,0.318653671626297,0.0918956781024826,5.51031117018834
2.68690476190476,0.274859583329168,0.318636002212483,0.0918517247022184,5.51047617919136
2.68700396825397,0.274836699653818,0.318618330695161,0.091807792309622,5.51064117098621
2.68710317460317,0.274813818379995,0.318600657076094,0.0917638809149918,5.51080614557618
2.68720238095238,0.274790939507234,0.318582981357047,0.0917199905086295,5.51097110296458
2.68730158730159,0.274768063035069,0.318565303539784,0.0916761210808396,5.51113604315471
2.68740079365079,0.274745188963034,0.318547623626068,0.0916322726219305,5.51130096614988
2.6875,0.274722317290665,0.318529941617662,0.0915884451222135,5.5114658719534
2.68759920634921,0.274699448017496,0.318512257516327,0.0915446385720032,5.51163076056855
2.68769841269841,0.274676581143062,0.318494571323825,0.0915008529616174,5.51179563199865
2.68779761904762,0.274653716666899,0.318476883041915,0.0914570882813771,5.51196048624699
2.68789682539683,0.274630854588542,0.318459192672359,0.091413344521607,5.51212532331687
2.68799603174603,0.274607994907527,0.318441500216915,0.0913696216726346,5.51229014321158
2.68809523809524,0.274585137623389,0.318423805677341,0.0913259197247906,5.51245494593443
2.68819444444444,0.274562282735665,0.318406109055396,0.0912822386684095,5.51261973148871
2.68829365079365,0.274539430243891,0.318388410352836,0.0912385784938286,5.51278449987772
2.68839285714286,0.274516580147604,0.318370709571419,0.0911949391913885,5.51294925110474
2.68849206349206,0.274493732446339,0.318353006712899,0.091151320751433,5.51311398517308
2.68859126984127,0.274470887139635,0.318335301779033,0.0911077231643095,5.51327870208603
2.68869047619048,0.274448044227027,0.318317594771574,0.0910641464203685,5.51344340184686
2.68878968253968,0.274425203708053,0.318299885692277,0.0910205905099634,5.51360808445889
2.68888888888889,0.274402365582251,0.318282174542894,0.0909770554234516,5.5137727499254
2.6889880952381,0.274379529849157,0.318264461325179,0.090933541151193,5.51393739824966
2.6890873015873,0.274356696508311,0.318246746040884,0.0908900476835512,5.51410202943498
2.68918650793651,0.274333865559249,0.318229028691758,0.0908465750108929,5.51426664348465
2.68928571428571,0.27431103700151,0.318211309279554,0.0908031231235879,5.51443124040194
2.68938492063492,0.274288210834632,0.318193587806021,0.0907596920120098,5.51459582019014
2.68948412698413,0.274265387058154,0.318175864272908,0.090716281666535,5.51476038285253
2.68958333333333,0.274242565671615,0.318158138681963,0.0906728920775431,5.51492492839241
2.68968253968254,0.274219746674553,0.318140411034936,0.0906295232354173,5.51508945681304
2.68978174603175,0.274196930066507,0.318122681333572,0.0905861751305439,5.51525396811773
2.68988095238095,0.274174115847018,0.318104949579619,0.0905428477533124,5.51541846230973
2.68998015873016,0.274151304015623,0.318087215774822,0.0904995410941154,5.51558293939234
2.69007936507937,0.274128494571863,0.318069479920927,0.0904562551433493,5.51574739936883
2.69017857142857,0.274105687515279,0.318051742019679,0.0904129898914132,5.51591184224249
2.69027777777778,0.274082882845409,0.31803400207282,0.0903697453287097,5.51607626801658
2.69037698412698,0.274060080561794,0.318016260082096,0.0903265214456447,5.51624067669439
2.69047619047619,0.274037280663974,0.317998516049247,0.0902833182326273,5.51640506827918
2.6905753968254,0.274014483151491,0.317980769976017,0.0902401356800698,5.51656944277424
2.6906746031746,0.273991688023885,0.317963021864146,0.0901969737783878,5.51673380018284
2.69077380952381,0.273968895280697,0.317945271715375,0.090153832518,5.51689814050826
2.69087301587302,0.273946104921467,0.317927519531444,0.0901107118893289,5.51706246375375
2.69097222222222,0.273923316945739,0.317909765314093,0.0900676118827996,5.5172267699226
2.69107142857143,0.273900531353052,0.31789200906506,0.0900245324888408,5.51739105901807
2.69117063492063,0.273877748142949,0.317874250786082,0.0899814736978844,5.51755533104343
2.69126984126984,0.273854967314972,0.317856490478899,0.0899384355003657,5.51771958600196
2.69136904761905,0.273832188868663,0.317838728145245,0.0898954178867229,5.51788382389691
2.69146825396825,0.273809412803564,0.317820963786857,0.0898524208473976,5.51804804473156
2.69156746031746,0.273786639119218,0.317803197405471,0.089809444372835,5.51821224850917
2.69166666666667,0.273763867815167,0.31778542900282,0.0897664884534832,5.51837643523301
2.69176587301587,0.273741098890955,0.31776765858064,0.0897235530797934,5.51854060490633
2.69186507936508,0.273718332346125,0.317749886140663,0.0896806382422207,5.51870475753241
2.69196428571429,0.273695568180219,0.317732111684622,0.0896377439312229,5.5188688931145
2.69206349206349,0.273672806392781,0.31771433521425,0.0895948701372611,5.51903301165587
2.6921626984127,0.273650046983355,0.317696556731277,0.0895520168507999,5.51919711315977
2.6922619047619,0.273627289951485,0.317678776237434,0.0895091840623069,5.51936119762947
2.69236111111111,0.273604535296715,0.317660993734452,0.0894663717622533,5.51952526506822
2.69246031746032,0.273581783018588,0.317643209224059,0.0894235799411132,5.51968931547928
2.69255952380952,0.273559033116651,0.317625422707985,0.089380808589364,5.51985334886592
2.69265873015873,0.273536285590446,0.317607634187957,0.0893380576974868,5.52001736523137
2.69275793650794,0.273513540439519,0.317589843665703,0.0892953272559654,5.5201813645789
2.69285714285714,0.273490797663415,0.31757205114295,0.0892526172552871,5.52034534691177
2.69295634920635,0.273468057261679,0.317554256621423,0.0892099276859423,5.52050931223322
2.69305555555556,0.273445319233856,0.317536460102848,0.0891672585384251,5.52067326054651
2.69315476190476,0.273422583579492,0.317518661588951,0.0891246098032325,5.52083719185489
2.69325396825397,0.273399850298133,0.317500861081454,0.0890819814708645,5.52100110616161
2.69335317460317,0.273377119389325,0.317483058582082,0.089039373531825,5.52116500346992
2.69345238095238,0.273354390852613,0.317465254092557,0.0889967859766208,5.52132888378306
2.69355158730159,0.273331664687544,0.317447447614601,0.0889542187957618,5.52149274710429
2.69365079365079,0.273308940893666,0.317429639149935,0.0889116719797615,5.52165659343686
2.69375,0.273286219470523,0.317411828700282,0.0888691455191364,5.521820422784
2.69384920634921,0.273263500417663,0.31739401626736,0.0888266394044065,5.52198423514897
2.69394841269841,0.273240783734634,0.317376201852888,0.0887841536260948,5.52214803053501
2.69404761904762,0.273218069420983,0.317358385458587,0.0887416881747276,5.52231180894535
2.69414682539683,0.273195357476256,0.317340567086174,0.0886992430408348,5.52247557038325
2.69424603174603,0.273172647900002,0.317322746737366,0.0886568182149491,5.52263931485195
2.69434523809524,0.273149940691769,0.317304924413881,0.0886144136876067,5.52280304235468
2.69444444444444,0.273127235851104,0.317287100117434,0.0885720294493469,5.52296675289469
2.69454365079365,0.273104533377556,0.317269273849741,0.0885296654907126,5.52313044647521
2.69464285714286,0.273081833270673,0.317251445612516,0.0884873218022496,5.52329412309949
2.69474206349206,0.273059135530004,0.317233615407475,0.088444998374507,5.52345778277075
2.69484126984127,0.273036440155097,0.31721578323633,0.0884026951980373,5.52362142549225
2.69494047619048,0.273013747145502,0.317197949100794,0.0883604122633964,5.5237850512672
2.69503968253968,0.272991056500768,0.317180113002579,0.0883181495611429,5.52394866009885
2.69513888888889,0.272968368220444,0.317162274943398,0.0882759070818393,5.52411225199042
2.6952380952381,0.272945682304079,0.31714443492496,0.0882336848160508,5.52427582694517
2.6953373015873,0.272922998751224,0.317126592948977,0.0881914827543464,5.5244393849663
2.69543650793651,0.272900317561428,0.317108749017157,0.088149300887298,5.52460292605706
2.69553571428571,0.272877638734241,0.317090903131209,0.0881071392054807,5.52476645022067
2.69563492063492,0.272854962269214,0.317073055292842,0.0880649976994733,5.52492995746037
2.69573412698413,0.272832288165898,0.317055205503763,0.0880228763598574,5.52509344777937
2.69583333333333,0.272809616423842,0.317037353765679,0.087980775177218,5.52525692118092
2.69593253968254,0.272786947042599,0.317019500080296,0.0879386941421432,5.52542037766823
2.69603174603175,0.272764280021718,0.31700164444932,0.0878966332452249,5.52558381724454
2.69613095238095,0.272741615360751,0.316983786874456,0.0878545924770577,5.52574723991306
2.69623015873016,0.27271895305925,0.316965927357407,0.0878125718282396,5.52591064567701
2.69632936507937,0.272696293116766,0.316948065899879,0.0877705712893721,5.52607403453964
2.69642857142857,0.272673635532851,0.316930202503572,0.0877285908510597,5.52623740650414
2.69652777777778,0.272650980307058,0.316912337170191,0.0876866305039101,5.52640076157375
2.69662698412698,0.272628327438937,0.316894469901435,0.0876446902385345,5.52656409975168
2.69672619047619,0.272605676928043,0.316876600699007,0.0876027700455471,5.52672742104117
2.6968253968254,0.272583028773926,0.316858729564606,0.0875608699155657,5.52689072544541
2.6969246031746,0.272560382976141,0.316840856499932,0.0875189898392111,5.52705401296763
2.69702380952381,0.27253773953424,0.316822981506685,0.0874771298071072,5.52721728361105
2.69712301587302,0.272515098447776,0.316805104586561,0.0874352898098818,5.52738053737889
2.69722222222222,0.272492459716303,0.31678722574126,0.0873934698381652,5.52754377427435
2.69732142857143,0.272469823339374,0.316769344972477,0.0873516698825914,5.52770699430065
2.69742063492063,0.272447189316542,0.316751462281909,0.0873098899337974,5.52787019746101
2.69751984126984,0.272424557647363,0.316733577671253,0.0872681299824239,5.52803338375863
2.69761904761905,0.272401928331389,0.316715691142202,0.0872263900191144,5.52819655319673
2.69771825396825,0.272379301368176,0.316697802696451,0.0871846700345156,5.52835970577853
2.69781746031746,0.272356676757277,0.316679912335693,0.0871429700192781,5.52852284150721
2.69791666666667,0.272334054498248,0.316662020061623,0.0871012899640551,5.52868596038601
2.69801587301587,0.272311434590642,0.316644125875931,0.0870596298595034,5.52884906241812
2.69811507936508,0.272288817034017,0.31662622978031,0.0870179896962829,5.52901214760675
2.69821428571429,0.272266201827925,0.316608331776451,0.0869763694650566,5.52917521595511
2.69831349206349,0.272243588971924,0.316590431866044,0.0869347691564913,5.52933826746639
2.6984126984127,0.272220978465569,0.316572530050778,0.0868931887612566,5.52950130214382
2.6985119047619,0.272198370308414,0.316554626332343,0.0868516282700254,5.52966431999058
2.69861111111111,0.272175764500018,0.316536720712427,0.0868100876734741,5.52982732100989
2.69871031746032,0.272153161039935,0.316518813192718,0.0867685669622822,5.52999030520494
2.69880952380952,0.272130559927722,0.316500903774903,0.0867270661271323,5.53015327257893
2.69890873015873,0.272107961162936,0.316482992460668,0.0866855851587104,5.53031622313507
2.69900793650794,0.272085364745133,0.316465079251698,0.086644124047706,5.53047915687655
2.69910714285714,0.272062770673871,0.31644716414968,0.0866026827848116,5.53064207380656
2.69920634920635,0.272040178948706,0.316429247156297,0.0865612613607227,5.53080497392832
2.69930555555556,0.272017589569196,0.316411328273232,0.0865198597661387,5.53096785724501
2.69940476190476,0.271995002534898,0.31639340750217,0.0864784779917618,5.53113072375982
2.69950396825397,0.271972417845371,0.316375484844792,0.0864371160282974,5.53129357347596
2.69960317460317,0.271949835500172,0.316357560302781,0.0863957738664546,5.53145640639662
2.69970238095238,0.271927255498859,0.316339633877816,0.0863544514969451,5.53161922252498
2.69980158730159,0.27190467784099,0.316321705571579,0.0863131489104847,5.53178202186425
2.69990079365079,0.271882102526124,0.31630377538575,0.0862718660977917,5.5319448044176
2.7,0.27185952955382,0.316285843322007,0.0862306030495879,5.53210757018824
2.70009920634921,0.271836958923637,0.316267909382029,0.0861893597565987,5.53227031917935
2.70019841269841,0.271814390635133,0.316249973567493,0.0861481362095522,5.53243305139411
2.70029761904762,0.271791824687868,0.316232035880077,0.0861069323991803,5.53259576683572
2.70039682539683,0.271769261081401,0.316214096321458,0.0860657483162175,5.53275846550736
2.70049603174603,0.271746699815292,0.31619615489331,0.0860245839514023,5.53292114741222
2.70059523809524,0.2717241408891,0.31617821159731,0.0859834392954759,5.53308381255348
2.70069444444444,0.271701584302386,0.316160266435131,0.085942314339183,5.53324646093432
2.70079365079365,0.271679030054711,0.316142319408447,0.0859012090732717,5.53340909255794
2.70089285714286,0.271656478145633,0.316124370518932,0.085860123488493,5.5335717074275
2.70099206349206,0.271633928574714,0.316106419768258,0.0858190575756013,5.53373430554619
2.70109126984127,0.271611381341515,0.316088467158096,0.0857780113253544,5.53389688691719
2.70119047619048,0.271588836445596,0.316070512690118,0.0857369847285131,5.53405945154369
2.70128968253968,0.271566293886519,0.316052556365995,0.0856959777758418,5.53422199942885
2.70138888888889,0.271543753663845,0.316034598187396,0.0856549904581079,5.53438453057586
2.7014880952381,0.271521215777136,0.31601663815599,0.085614022766082,5.53454704498789
2.7015873015873,0.271498680225952,0.315998676273446,0.0855730746905383,5.53470954266812
2.70168650793651,0.271476147009857,0.315980712541432,0.085532146222254,5.53487202361972
2.70178571428571,0.271453616128413,0.315962746961614,0.0854912373520094,5.53503448784586
2.70188492063492,0.27143108758118,0.31594477953566,0.0854503480705883,5.53519693534973
2.70198412698413,0.271408561367723,0.315926810265235,0.085409478368778,5.53535936613448
2.70208333333333,0.271386037487604,0.315908839152004,0.0853686282373685,5.5355217802033
2.70218253968254,0.271363515940385,0.315890866197632,0.0853277976671533,5.53568417755936
2.70228174603175,0.271340996725629,0.315872891403783,0.0852869866489294,5.53584655820581
2.70238095238095,0.271318479842901,0.31585491477212,0.0852461951734967,5.53600892214584
2.70248015873016,0.271295965291763,0.315836936304305,0.0852054232316586,5.5361712693826
2.70257936507937,0.271273453071778,0.315818956002001,0.0851646708142216,5.53633359991927
2.70267857142857,0.271250943182511,0.315800973866868,0.0851239379119954,5.53649591375901
2.70277777777778,0.271228435623526,0.315782989900568,0.0850832245157933,5.53665821090498
2.70287698412698,0.271205930394387,0.315765004104759,0.0850425306164315,5.53682049136035
2.70297619047619,0.271183427494658,0.315747016481102,0.0850018562047296,5.53698275512829
2.7030753968254,0.271160926923904,0.315729027031255,0.0849612012715105,5.53714500221195
2.7031746031746,0.271138428681689,0.315711035756875,0.0849205658076004,5.5373072326145
2.70327380952381,0.271115932767579,0.31569304265962,0.0848799498038285,5.5374694463391
2.70337301587302,0.271093439181139,0.315675047741147,0.0848393532510273,5.5376316433889
2.70347222222222,0.271070947921933,0.315657051003111,0.0847987761400331,5.53779382376707
2.70357142857143,0.271048458989528,0.315639052447168,0.0847582184616848,5.53795598747676
2.70367063492063,0.271025972383489,0.315621052074973,0.0847176802068247,5.53811813452113
2.70376984126984,0.271003488103382,0.315603049888178,0.0846771613662986,5.53828026490334
2.70386904761905,0.270981006148774,0.315585045888439,0.0846366619309555,5.53844237862654
2.70396825396825,0.270958526519229,0.315567040077406,0.0845961818916474,5.53860447569388
2.70406746031746,0.270936049214316,0.315549032456732,0.0845557212392298,5.53876655610852
2.70416666666667,0.2709135742336,0.315531023028069,0.0845152799645613,5.53892861987361
2.70426587301587,0.270891101576649,0.315513011793067,0.084474858058504,5.53909066699231
2.70436507936508,0.270868631243029,0.315494998753376,0.084434455511923,5.53925269746776
2.70446428571429,0.270846163232308,0.315476983910645,0.0843940723156867,5.53941471130311
2.70456349206349,0.270823697544053,0.315458967266523,0.0843537084606671,5.53957670850152
2.7046626984127,0.270801234177831,0.315440948822658,0.084313363937739,5.53973868906612
2.7047619047619,0.270778773133211,0.315422928580697,0.0842730387377806,5.53990065300007
2.70486111111111,0.270756314409761,0.315404906542287,0.0842327328516733,5.54006260030652
2.70496031746032,0.270733858007048,0.315386882709074,0.0841924462703021,5.5402245309886
2.70505952380952,0.270711403924641,0.315368857082703,0.0841521789845549,5.54038644504947
2.70515873015873,0.270688952162109,0.315350829664818,0.0841119309853229,5.54054834249226
2.70525793650794,0.27066650271902,0.315332800457065,0.0840717022635007,5.54071022332012
2.70535714285714,0.270644055594943,0.315314769461086,0.0840314928099862,5.5408720875362
2.70545634920635,0.270621610789448,0.315296736678524,0.0839913026156803,5.54103393514362
2.70555555555556,0.270599168302104,0.31527870211102,0.0839511316714873,5.54119576614554
2.70565476190476,0.270576728132479,0.315260665760217,0.0839109799683146,5.54135758054509
2.70575396825397,0.270554290280145,0.315242627627755,0.0838708474970734,5.5415193783454
2.70585317460317,0.27053185474467,0.315224587715274,0.0838307342486776,5.54168115954963
2.70595238095238,0.270509421525625,0.315206546024414,0.0837906402140443,5.5418429241609
2.70605158730159,0.270486990622581,0.315188502556812,0.0837505653840945,5.54200467218234
2.70615079365079,0.270464562035107,0.315170457314108,0.0837105097497518,5.5421664036171
2.70625,0.270442135762774,0.315152410297938,0.0836704733019434,5.54232811846831
2.70634920634921,0.270419711805153,0.315134361509939,0.0836304560315994,5.54248981673909
2.70644841269841,0.270397290161815,0.315116310951748,0.0835904579296538,5.54265149843259
2.70654761904762,0.270374870832332,0.315098258624999,0.0835504789870434,5.54281316355193
2.70664682539683,0.270352453816275,0.315080204531328,0.0835105191947081,5.54297481210024
2.70674603174603,0.270330039113214,0.315062148672368,0.0834705785435915,5.54313644408066
2.70684523809524,0.270307626722723,0.315044091049753,0.0834306570246403,5.5432980594963
2.70694444444444,0.270285216644373,0.315026031665116,0.0833907546288044,5.54345965835031
2.70704365079365,0.270262808877737,0.315007970520089,0.0833508713470368,5.54362124064579
2.70714285714286,0.270240403422386,0.314989907616303,0.0833110071702939,5.54378280638589
2.70724206349206,0.270218000277893,0.314971842955389,0.0832711620895356,5.54394435557373
2.70734126984127,0.270195599443831,0.314953776538978,0.0832313360957248,5.54410588821242
2.70744047619048,0.270173200919772,0.314935708368697,0.0831915291798275,5.5442674043051
2.70753968253968,0.270150804705291,0.314917638446177,0.0831517413328135,5.54442890385488
2.70763888888889,0.27012841079996,0.314899566773046,0.0831119725456553,5.54459038686488
2.7077380952381,0.270106019203353,0.31488149335093,0.083072222809329,5.54475185333823
2.7078373015873,0.270083629915043,0.314863418181458,0.0830324921148135,5.54491330327805
2.70793650793651,0.270061242934605,0.314845341266254,0.0829927804530917,5.54507473668745
2.70803571428571,0.270038858261612,0.314827262606944,0.0829530878151493,5.54523615356955
2.70813492063492,0.270016475895638,0.314809182205153,0.0829134141919749,5.54539755392748
2.70823412698413,0.269994095836259,0.314791100062506,0.0828737595745613,5.54555893776433
2.70833333333333,0.269971718083048,0.314773016180626,0.0828341239539038,5.54572030508324
2.70843253968254,0.269949342635581,0.314754930561135,0.0827945073210012,5.54588165588731
2.70853174603175,0.269926969493433,0.314736843205656,0.0827549096668554,5.54604299017966
2.70863095238095,0.269904598656178,0.31471875411581,0.0827153309824717,5.54620430796339
2.70873015873016,0.269882230123393,0.314700663293219,0.082675771258859,5.54636560924163
2.70882936507937,0.269859863894652,0.314682570739501,0.0826362304870288,5.54652689401748
2.70892857142857,0.269837499969532,0.314664476456278,0.0825967086579961,5.54668816229405
2.70902777777778,0.269815138347609,0.314646380445167,0.0825572057627796,5.54684941407445
2.70912698412698,0.269792779028458,0.314628282707787,0.0825177217924006,5.54701064936179
2.70922619047619,0.269770422011656,0.314610183245756,0.0824782567378841,5.54717186815917
2.7093253968254,0.269748067296779,0.314592082060689,0.0824388105902579,5.5473330704697
2.7094246031746,0.269725714883406,0.314573979154205,0.0823993833405537,5.54749425629649
2.70952380952381,0.269703364771111,0.314555874527917,0.0823599749798061,5.54765542564264
2.70962301587302,0.269681016959472,0.314537768183441,0.0823205854990527,5.54781657851125
2.70972222222222,0.269658671448067,0.314519660122391,0.0822812148893349,5.54797771490543
2.70982142857143,0.269636328236474,0.314501550346381,0.0822418631416971,5.54813883482828
2.70992063492063,0.269613987324269,0.314483438857024,0.0822025302471868,5.5482999382829
2.71001984126984,0.269591648711031,0.314465325655931,0.082163216196855,5.54846102527239
2.71011904761905,0.269569312396337,0.314447210744715,0.0821239209817557,5.54862209579984
2.71021825396825,0.269546978379767,0.314429094124986,0.0820846445929466,5.54878314986836
2.71031746031746,0.269524646660898,0.314410975798355,0.0820453870214882,5.54894418748105
2.71041666666667,0.269502317239308,0.314392855766431,0.0820061482584444,5.54910520864099
2.71051587301587,0.269479990114578,0.314374734030823,0.0819669282948826,5.54926621335129
2.71061507936508,0.269457665286286,0.31435661059314,0.0819277271218732,5.54942720161503
2.71071428571429,0.269435342754011,0.314338485454988,0.0818885447304898,5.54958817343532
2.71081349206349,0.269413022517332,0.314320358617975,0.0818493811118093,5.54974912881525
2.7109126984127,0.269390704575829,0.314302230083708,0.0818102362569122,5.54991006775791
2.7110119047619,0.269368388929082,0.314284099853791,0.0817711101568819,5.55007099026638
2.71111111111111,0.269346075576671,0.31426596792983,0.0817320028028049,5.55023189634376
2.71121031746032,0.269323764518176,0.314247834313429,0.0816929141857716,5.55039278599314
2.71130952380952,0.269301455753177,0.314229699006192,0.0816538442968751,5.55055365921761
2.71140873015873,0.269279149281254,0.314211562009721,0.0816147931272118,5.55071451602025
2.71150793650794,0.26925684510199,0.314193423325619,0.0815757606678816,5.55087535640415
2.71160714285714,0.269234543214963,0.314175282955488,0.0815367469099874,5.55103618037239
2.71170634920635,0.269212243619756,0.314157140900929,0.0814977518446358,5.55119698792807
2.71180555555556,0.269189946315951,0.314138997163542,0.0814587754629361,5.55135777907426
2.71190476190476,0.269167651303127,0.314120851744926,0.081419817756001,5.55151855381405
2.71200396825397,0.269145358580867,0.31410270464668,0.0813808787149469,5.55167931215052
2.71210317460317,0.269123068148753,0.314084555870404,0.0813419583308929,5.55184005408674
2.71220238095238,0.269100780006367,0.314066405417694,0.0813030565949617,5.55200077962581
2.71230158730159,0.269078494153291,0.314048253290148,0.081264173498279,5.5521614887708
2.71240079365079,0.269056210589108,0.314030099489362,0.0812253090319741,5.55232218152479
2.7125,0.269033929313399,0.314011944016932,0.0811864631871792,5.55248285789086
2.71259920634921,0.269011650325749,0.313993786874452,0.0811476359550299,5.55264351787207
2.71269841269841,0.26898937362574,0.313975628063517,0.0811088273266652,5.55280416147152
2.71279761904762,0.268967099212954,0.313957467585721,0.0810700372932273,5.55296478869227
2.71289682539683,0.268944827086977,0.313939305442657,0.0810312658458613,5.5531253995374
2.71299603174603,0.26892255724739,0.313921141635917,0.0809925129757161,5.55328599400998
2.71309523809524,0.268900289693779,0.313902976167093,0.0809537786739434,5.55344657211309
2.71319444444444,0.268878024425726,0.313884809037776,0.0809150629316986,5.55360713384978
2.71329365079365,0.268855761442816,0.313866640249557,0.08087636574014,5.55376767922315
2.71339285714286,0.268833500744633,0.313848469804024,0.0808376870904292,5.55392820823625
2.71349206349206,0.268811242330762,0.313830297702768,0.0807990269737313,5.55408872089215
2.71359126984127,0.268788986200788,0.313812123947376,0.0807603853812145,5.55424921719392
2.71369047619048,0.268766732354295,0.313793948539436,0.0807217623040501,5.55440969714463
2.71378968253968,0.268744480790869,0.313775771480536,0.0806831577334128,5.55457016074735
2.71388888888889,0.268722231510094,0.313757592772262,0.0806445716604808,5.55473060800514
2.7139880952381,0.268699984511557,0.313739412416199,0.0806060040764351,5.55489103892106
2.7140873015873,0.268677739794843,0.313721230413933,0.0805674549724602,5.55505145349817
2.71418650793651,0.268655497359537,0.313703046767049,0.0805289243397441,5.55521185173955
2.71428571428571,0.268633257205226,0.313684861477129,0.0804904121694775,5.55537223364824
2.71438492063492,0.268611019331497,0.313666674545757,0.0804519184528549,5.55553259922732
2.71448412698413,0.268588783737934,0.313648485974516,0.0804134431810737,5.55569294847984
2.71458333333333,0.268566550424126,0.313630295764987,0.0803749863453344,5.55585328140886
2.71468253968254,0.268544319389659,0.313612103918751,0.0803365479368416,5.55601359801744
2.71478174603175,0.26852209063412,0.31359391043739,0.0802981279468022,5.55617389830864
2.71488095238095,0.268499864157095,0.313575715322481,0.0802597263664268,5.5563341822855
2.71498015873016,0.268477639958173,0.313557518575606,0.0802213431869293,5.5564944499511
2.71507936507937,0.268455418036941,0.313539320198342,0.0801829783995268,5.55665470130847
2.71517857142857,0.268433198392987,0.313521120192268,0.0801446319954395,5.55681493636068
2.71527777777778,0.268410981025899,0.313502918558959,0.0801063039658909,5.55697515511078
2.71537698412698,0.268388765935264,0.313484715299994,0.0800679943021081,5.55713535756182
2.71547619047619,0.268366553120671,0.313466510416947,0.0800297029953211,5.55729554371685
2.7155753968254,0.268344342581709,0.313448303911393,0.0799914300367631,5.55745571357892
2.7156746031746,0.268322134317967,0.313430095784909,0.0799531754176709,5.55761586715108
2.71577380952381,0.268299928329033,0.313411886039066,0.0799149391292844,5.55777600443637
2.71587301587302,0.268277724614496,0.313393674675439,0.0798767211628466,5.55793612543785
2.71597222222222,0.268255523173945,0.313375461695599,0.0798385215096039,5.55809623015857
2.71607142857143,0.268233324006971,0.313357247101119,0.0798003401608058,5.55825631860156
2.71617063492063,0.268211127113162,0.313339030893571,0.0797621771077056,5.55841639076987
2.71626984126984,0.268188932492109,0.313320813074523,0.0797240323415592,5.55857644666655
2.71636904761905,0.268166740143401,0.313302593645547,0.0796859058536259,5.55873648629463
2.71646825396825,0.26814455006663,0.313284372608212,0.0796477976351687,5.55889650965717
2.71656746031746,0.268122362261384,0.313266149964086,0.0796097076774533,5.5590565167572
2.71666666666667,0.268100176727256,0.313247925714737,0.079571635971749,5.55921650759775
2.71676587301587,0.268077993463834,0.313229699861732,0.0795335825093281,5.55937648218188
2.71686507936508,0.268055812470712,0.313211472406638,0.0794955472814666,5.55953644051262
2.71696428571429,0.268033633747479,0.31319324335102,0.0794575302794432,5.55969638259301
2.71706349206349,0.268011457293728,0.313175012696445,0.0794195314945401,5.55985630842608
2.7171626984127,0.267989283109049,0.313156780444476,0.0793815509180431,5.56001621801487
2.7172619047619,0.267967111193034,0.313138546596678,0.0793435885412407,5.56017611136241
2.71736111111111,0.267944941545276,0.313120311154613,0.0793056443554249,5.56033598847174
2.71746031746032,0.267922774165366,0.313102074119845,0.079267718351891,5.56049584934589
2.71755952380952,0.267900609052897,0.313083835493935,0.0792298105219374,5.5606556939879
2.71765873015873,0.267878446207462,0.313065595278444,0.0791919208568661,5.56081552240078
2.71775793650794,0.267856285628652,0.313047353474934,0.079154049347982,5.56097533458759
2.71785714285714,0.267834127316061,0.313029110084964,0.0791161959865933,5.56113513055134
2.71795634920635,0.267811971269283,0.313010865110093,0.0790783607640118,5.56129491029506
2.71805555555556,0.267789817487909,0.312992618551881,0.0790405436715521,5.56145467382178
2.71815476190476,0.267767665971534,0.312974370411884,0.0790027447005324,5.56161442113453
2.71825396825397,0.267745516719751,0.31295612069166,0.0789649638422737,5.56177415223633
2.71835317460317,0.267723369732155,0.312937869392767,0.078927201088101,5.56193386713021
2.71845238095238,0.267701225008339,0.312919616516759,0.078889456429342,5.5620935658192
2.71855158730159,0.267679082547897,0.312901362065193,0.0788517298573276,5.56225324830631
2.71865079365079,0.267656942350423,0.312883106039623,0.0788140213633924,5.56241291459457
2.71875,0.267634804415514,0.312864848441602,0.0787763309388739,5.56257256468699
2.71884920634921,0.267612668742762,0.312846589272685,0.078738658575113,5.56273219858661
2.71894841269841,0.267590535331763,0.312828328534424,0.0787010042634537,5.56289181629644
2.71904761904762,0.267568404182113,0.31281006622837,0.0786633679952435,5.5630514178195
2.71914682539683,0.267546275293406,0.312791802356076,0.0786257497618331,5.5632110031588
2.71924603174603,0.267524148665239,0.312773536919091,0.0785881495545764,5.56337057231737
2.71934523809524,0.267502024297206,0.312755269918967,0.0785505673648303,5.56353012529822
2.71944444444444,0.267479902188904,0.312737001357252,0.0785130031839555,5.56368966210436
2.71954365079365,0.26745778233993,0.312718731235495,0.0784754570033157,5.56384918273881
2.71964285714286,0.267435664749878,0.312700459555244,0.0784379288142776,5.56400868720459
2.71974206349206,0.267413549418346,0.312682186318046,0.0784004186082115,5.5641681755047
2.71984126984127,0.267391436344931,0.312663911525449,0.0783629263764909,5.56432764764216
2.71994047619048,0.267369325529229,0.312645635178998,0.0783254521104924,5.56448710361997
2.72003968253968,0.267347216970837,0.312627357280238,0.078287995801596,5.56464654344116
2.72013888888889,0.267325110669353,0.312609077830715,0.078250557441185,5.56480596710872
2.7202380952381,0.267303006624374,0.312590796831972,0.0782131370206459,5.56496537462566
2.7203373015873,0.267280904835498,0.312572514285552,0.0781757345313683,5.565124765995
2.72043650793651,0.267258805302322,0.312554230193,0.0781383499647453,5.56528414121974
2.72053571428571,0.267236708024445,0.312535944555855,0.078100983312173,5.56544350030288
2.72063492063492,0.267214613001464,0.312517657375661,0.0780636345650511,5.56560284324743
2.72073412698413,0.267192520232979,0.312499368653958,0.0780263037147823,5.56576217005639
2.72083333333333,0.267170429718587,0.312481078392286,0.0779889907527725,5.56592148073277
2.72093253968254,0.267148341457888,0.312462786592184,0.0779516956704313,5.56608077527956
2.72103174603175,0.267126255450481,0.31244449325519,0.077914418459171,5.56624005369977
2.72113095238095,0.267104171695964,0.312426198382845,0.0778771591104074,5.5663993159964
2.72123015873016,0.267082090193936,0.312407901976683,0.0778399176155596,5.56655856217245
2.72132936507937,0.267060010943999,0.312389604038243,0.07780269396605,5.56671779223091
2.72142857142857,0.267037933945751,0.312371304569061,0.0777654881533041,5.56687700617479
2.72152777777778,0.267015859198791,0.312353003570672,0.0777283001687506,5.56703620400707
2.72162698412698,0.266993786702721,0.31233470104461,0.0776911300038219,5.56719538573076
2.72172619047619,0.266971716457141,0.312316396992411,0.0776539776499532,5.56735455134885
2.7218253968254,0.26694964846165,0.312298091415607,0.077616843098583,5.56751370086433
2.7219246031746,0.26692758271585,0.312279784315731,0.0775797263411533,5.5676728342802
2.72202380952381,0.266905519219342,0.312261475694315,0.0775426273691091,5.56783195159945
2.72212301587302,0.266883457971727,0.312243165552891,0.0775055461738989,5.56799105282507
2.72222222222222,0.266861398972605,0.312224853892991,0.0774684827469744,5.56815013796005
2.72232142857143,0.266839342221578,0.312206540716142,0.0774314370797902,5.56830920700738
2.72242063492063,0.266817287718249,0.312188226023877,0.0773944091638048,5.56846825997004
2.72251984126984,0.266795235462218,0.312169909817722,0.0773573989904795,5.56862729685104
2.72261904761905,0.266773185453088,0.312151592099207,0.0773204065512789,5.56878631765334
2.72271825396825,0.266751137690461,0.312133272869859,0.0772834318376708,5.56894532237995
2.72281746031746,0.266729092173939,0.312114952131204,0.0772464748411267,5.56910431103383
2.72291666666667,0.266707048903125,0.31209662988477,0.077209535553121,5.56926328361799
2.72301587301587,0.266685007877621,0.312078306132081,0.077172613965131,5.56942224013539
2.72311507936508,0.266662969097032,0.312059980874662,0.0771357100686382,5.56958118058903
2.72321428571429,0.266640932560959,0.312041654114038,0.0770988238551266,5.56974010498188
2.72331349206349,0.266618898269006,0.312023325851733,0.0770619553160836,5.56989901331692
2.7234126984127,0.266596866220777,0.312004996089268,0.077025104443,5.57005790559714
2.7235119047619,0.266574836415875,0.311986664828166,0.0769882712273697,5.57021678182552
2.72361111111111,0.266552808853904,0.311968332069949,0.0769514556606901,5.57037564200502
2.72371031746032,0.266530783534469,0.311949997816138,0.0769146577344617,5.57053448613863
2.72380952380952,0.266508760457173,0.311931662068253,0.0768778774401881,5.57069331422933
2.72390873015873,0.266486739621621,0.311913324827813,0.0768411147693765,5.57085212628008
2.72400793650794,0.266464721027418,0.311894986096338,0.0768043697135372,5.57101092229387
2.72410714285714,0.266442704674169,0.311876645875346,0.0767676422641836,5.57116970227367
2.72420634920635,0.266420690561478,0.311858304166354,0.0767309324128325,5.57132846622244
2.72430555555556,0.266398678688952,0.311839960970879,0.0766942401510041,5.57148721414316
2.72440476190476,0.266376669056194,0.311821616290437,0.0766575654702216,5.57164594603881
2.72450396825397,0.266354661662812,0.311803270126545,0.0766209083620115,5.57180466191235
2.72460317460317,0.26633265650841,0.311784922480716,0.0765842688179038,5.57196336176674
2.72470238095238,0.266310653592595,0.311766573354466,0.0765476468294316,5.57212204560497
2.72480158730159,0.266288652914973,0.311748222749308,0.0765110423881312,5.57228071342999
2.72490079365079,0.26626665447515,0.311729870666755,0.0764744554855421,5.57243936524477
2.725,0.266244658272733,0.311711517108319,0.0764378861132071,5.57259800105228
2.72509920634921,0.266222664307329,0.311693162075512,0.0764013342626726,5.57275662085548
2.72519841269841,0.266200672578545,0.311674805569844,0.0763647999254879,5.57291522465733
2.72529761904762,0.266178683085987,0.311656447592827,0.0763282830932054,5.5730738124608
2.72539682539683,0.266156695829263,0.311638088145969,0.0762917837573813,5.57323238426885
2.72549603174603,0.26613471080798,0.311619727230781,0.0762553019095746,5.57339094008444
2.72559523809524,0.266112728021747,0.311601364848769,0.0762188375413477,5.57354947991053
2.72569444444444,0.266090747470171,0.311583001001442,0.0761823906442662,5.57370800375008
2.72579365079365,0.26606876915286,0.311564635690307,0.0761459612098993,5.57386651160605
2.72589285714286,0.266046793069423,0.31154626891687,0.0761095492298189,5.57402500348139
2.72599206349206,0.266024819219468,0.311527900682636,0.0760731546956005,5.57418347937907
2.72609126984127,0.266002847602603,0.311509530989111,0.076036777598823,5.57434193930203
2.72619047619048,0.265980878218438,0.3114911598378,0.0760004179310681,5.57450038325323
2.72628968253968,0.265958911066581,0.311472787230205,0.0759640756839212,5.57465881123563
2.72638888888889,0.265936946146643,0.31145441316783,0.0759277508489707,5.57481722325217
2.7264880952381,0.265914983458231,0.311436037652178,0.0758914434178082,5.57497561930582
2.7265873015873,0.265893023000956,0.311417660684749,0.0758551533820289,5.57513399939952
2.72668650793651,0.265871064774427,0.311399282267045,0.075818880733231,5.57529236353621
2.72678571428571,0.265849108778256,0.311380902400567,0.0757826254630158,5.57545071171886
2.72688492063492,0.265827155012051,0.311362521086813,0.0757463875629884,5.57560904395041
2.72698412698413,0.265805203475423,0.311344138327284,0.0757101670247567,5.57576736023381
2.72708333333333,0.265783254167982,0.311325754123478,0.0756739638399319,5.57592566057199
2.72718253968254,0.26576130708934,0.311307368476891,0.0756377780001284,5.57608394496792
2.72728174603175,0.265739362239108,0.311288981389022,0.0756016094969643,5.57624221342453
2.72738095238095,0.265717419616896,0.311270592861367,0.0755654583220606,5.57640046594477
2.72748015873016,0.265695479222315,0.311252202895421,0.0755293244670413,5.57655870253158
2.72757936507937,0.265673541054978,0.31123381149268,0.0754932079235344,5.5767169231879
2.72767857142857,0.265651605114496,0.311215418654638,0.0754571086831706,5.57687512791668
2.72777777777778,0.265629671400481,0.311197024382788,0.0754210267375838,5.57703331672085
2.72787698412698,0.265607739912545,0.311178628678625,0.0753849620784115,5.57719148960336
2.72797619047619,0.2655858106503,0.31116023154364,0.0753489146972942,5.57734964656713
2.7280753968254,0.265563883613358,0.311141832979324,0.0753128845858758,5.57750778761512
2.7281746031746,0.265541958801333,0.311123432987171,0.0752768717358036,5.57766591275026
2.72827380952381,0.265520036213838,0.311105031568668,0.0752408761387276,5.57782402197548
2.72837301587302,0.265498115850484,0.311086628725308,0.0752048977863018,5.57798211529372
2.72847222222222,0.265476197710886,0.311068224458578,0.0751689366701829,5.57814019270791
2.72857142857143,0.265454281794656,0.311049818769967,0.0751329927820311,5.57829825422099
2.72867063492063,0.265432368101409,0.311031411660962,0.0750970661135097,5.57845629983589
2.72876984126984,0.265410456630759,0.311013003133052,0.0750611566562855,5.57861432955553
2.72886904761905,0.265388547382318,0.310994593187723,0.0750252644020285,5.57877234338286
2.72896825396825,0.265366640355702,0.310976181826459,0.0749893893424116,5.57893034132079
2.72906746031746,0.265344735550524,0.310957769050747,0.0749535314691115,5.57908832337227
2.72916666666667,0.2653228329664,0.310939354862072,0.0749176907738078,5.57924628954021
2.72926587301587,0.265300932602944,0.310920939261916,0.0748818672481835,5.57940423982754
2.72936507936508,0.26527903445977,0.310902522251763,0.0748460608839247,5.5795621742372
2.72946428571429,0.265257138536495,0.310884103833095,0.0748102716727209,5.5797200927721
2.72956349206349,0.265235244832733,0.310865684007395,0.0747744996062649,5.57987799543517
2.7296626984127,0.2652133533481,0.310847262776144,0.0747387446762527,5.58003588222934
2.7297619047619,0.265191464082211,0.310828840140821,0.0747030068743834,5.58019375315752
2.72986111111111,0.265169577034683,0.310810416102908,0.0746672861923597,5.58035160822263
2.72996031746032,0.265147692205131,0.310791990663882,0.0746315826218872,5.58050944742761
2.73005952380952,0.265125809593172,0.310773563825224,0.074595896154675,5.58066727077536
2.73015873015873,0.265103929198423,0.31075513558841,0.0745602267824353,5.58082507826881
2.73025793650794,0.265082051020499,0.310736705954917,0.0745245744968838,5.58098286991088
2.73035714285714,0.265060175059017,0.310718274926223,0.0744889392897392,5.58114064570447
2.73045634920635,0.265038301313596,0.310699842503804,0.0744533211527234,5.58129840565252
2.73055555555556,0.265016429783851,0.310681408689133,0.0744177200775619,5.58145614975793
2.73065476190476,0.264994560469401,0.310662973483687,0.0743821360559833,5.58161387802362
2.73075396825397,0.264972693369862,0.310644536888939,0.0743465690797193,5.5817715904525
2.73085317460317,0.264950828484853,0.310626098906362,0.074311019140505,5.58192928704749
2.73095238095238,0.264928965813992,0.310607659537429,0.0742754862300786,5.5820869678115
2.73105158730159,0.264907105356896,0.310589218783611,0.074239970340182,5.58224463274743
2.73115079365079,0.264885247113185,0.310570776646381,0.07420447146256,5.5824022818582
2.73125,0.264863391082476,0.310552333127208,0.0741689895889604,5.58255991514672
2.73134920634921,0.264841537264389,0.310533888227562,0.074133524711135,5.58271753261589
2.73144841269841,0.264819685658542,0.310515441948914,0.0740980768208381,5.58287513426863
2.73154761904762,0.264797836264554,0.310496994292731,0.0740626459098278,5.58303272010784
2.73164682539683,0.264775989082045,0.310478545260481,0.0740272319698651,5.58319029013642
2.73174603174603,0.264754144110635,0.310460094853631,0.0739918349927145,5.58334784435729
2.73184523809524,0.264732301349942,0.310441643073649,0.0739564549701437,5.58350538277333
2.73194444444444,0.264710460799587,0.310423189922001,0.0739210918939233,5.58366290538747
2.73204365079365,0.26468862245919,0.31040473540015,0.073885745755828,5.58382041220259
2.73214285714286,0.264666786328371,0.310386279509563,0.0738504165476349,5.5839779032216
2.73224206349206,0.26464495240675,0.310367822251704,0.0738151042611247,5.58413537844741
2.73234126984127,0.264623120693949,0.310349363628034,0.0737798088880815,5.5842928378829
2.73244047619048,0.264601291189587,0.310330903640018,0.0737445304202922,5.58445028153099
2.73253968253968,0.264579463893287,0.310312442289117,0.0737092688495477,5.58460770939456
2.73263888888889,0.264557638804668,0.310293979576792,0.0736740241676415,5.58476512147651
2.7327380952381,0.264535815923353,0.310275515504505,0.0736387963663704,5.58492251777974
2.7328373015873,0.264513995248964,0.310257050073714,0.073603585437535,5.58507989830715
2.73293650793651,0.264492176781121,0.310238583285881,0.0735683913729386,5.58523726306162
2.73303571428571,0.264470360519447,0.310220115142462,0.0735332141643881,5.58539461204605
2.73313492063492,0.264448546463564,0.310201645644916,0.0734980538036932,5.58555194526334
2.73323412698413,0.264426734613095,0.310183174794702,0.0734629102826675,5.58570926271637
2.73333333333333,0.264404924967661,0.310164702593274,0.0734277835931274,5.58586656440804
2.73343253968254,0.264383117526886,0.31014622904209,0.0733926737268927,5.58602385034123
2.73353174603175,0.264361312290392,0.310127754142604,0.0733575806757865,5.58618112051884
2.73363095238095,0.264339509257804,0.310109277896272,0.073322504431635,5.58633837494374
2.73373015873016,0.264317708428743,0.310090800304547,0.0732874449862679,5.58649561361884
2.73382936507937,0.264295909802833,0.310072321368883,0.0732524023315179,5.58665283654701
2.73392857142857,0.264274113379698,0.310053841090733,0.073217376459221,5.58681004373114
2.73402777777778,0.264252319158963,0.310035359471548,0.0731823673612168,5.58696723517411
2.73412698412698,0.26423052714025,0.310016876512781,0.0731473750293477,5.58712441087881
2.73422619047619,0.264208737323185,0.309998392215881,0.0731123994554595,5.58728157084812
2.7343253968254,0.264186949707391,0.309979906582299,0.0730774406314016,5.58743871508492
2.7344246031746,0.264165164292493,0.309961419613484,0.0730424985490262,5.5875958435921
2.73452380952381,0.264143381078117,0.309942931310886,0.0730075732001888,5.58775295637252
2.73462301587302,0.264121600063887,0.309924441675951,0.0729726645767484,5.58791005342908
2.73472222222222,0.264099821249427,0.309905950710129,0.0729377726705672,5.58806713476464
2.73482142857143,0.264078044634365,0.309887458414864,0.0729028974735105,5.58822420038209
2.73492063492063,0.264056270218325,0.309868964791604,0.0728680389774469,5.58838125028431
2.73501984126984,0.264034498000932,0.309850469841794,0.0728331971742486,5.58853828447416
2.73511904761905,0.264012727981814,0.309831973566879,0.0727983720557906,5.58869530295452
2.73521825396825,0.263990960160596,0.309813475968302,0.0727635636139512,5.58885230572827
2.73531746031746,0.263969194536904,0.309794977047508,0.0727287718406123,5.58900929279827
2.73541666666667,0.263947431110365,0.309776476805939,0.0726939967276587,5.58916626416741
2.73551587301587,0.263925669880606,0.309757975245037,0.0726592382669787,5.58932321983854
2.73561507936508,0.263903910847253,0.309739472366243,0.0726244964504638,5.58948015981455
2.73571428571429,0.263882154009934,0.309720968171,0.0725897712700085,5.5896370840983
2.73581349206349,0.263860399368275,0.309702462660746,0.0725550627175111,5.58979399269266
2.7359126984127,0.263838646921905,0.309683955836921,0.0725203707848726,5.58995088560049
2.7360119047619,0.263816896670451,0.309665447700964,0.0724856954639977,5.59010776282466
2.73611111111111,0.263795148613541,0.309646938254313,0.0724510367467938,5.59026462436804
2.73621031746032,0.263773402750803,0.309628427498406,0.0724163946251723,5.5904214702335
2.73630952380952,0.263751659081866,0.30960991543468,0.0723817690910473,5.59057830042389
2.73640873015873,0.263729917606356,0.30959140206457,0.0723471601363363,5.59073511494208
2.73650793650794,0.263708178323904,0.309572887389513,0.0723125677529602,5.59089191379093
2.73660714285714,0.263686441234138,0.309554371410942,0.0722779919328429,5.5910486969733
2.73670634920635,0.263664706336687,0.309535854130293,0.0722434326679119,5.59120546449205
2.73680555555556,0.26364297363118,0.309517335548999,0.0722088899500975,5.59136221635005
2.73690476190476,0.263621243117246,0.309498815668492,0.0721743637713336,5.59151895255015
2.73700396825397,0.263599514794516,0.309480294490205,0.0721398541235575,5.5916756730952
2.73710317460317,0.263577788662619,0.30946177201557,0.0721053609987093,5.59183237798807
2.73720238095238,0.263556064721184,0.309443248246017,0.0720708843887325,5.59198906723161
2.73730158730159,0.263534342969842,0.309424723182977,0.0720364242855743,5.59214574082867
2.73740079365079,0.263512623408224,0.309406196827879,0.0720019806811846,5.59230239878211
2.7375,0.263490906035959,0.309387669182151,0.0719675535675168,5.59245904109478
2.73759920634921,0.263469190852679,0.309369140247223,0.0719331429365273,5.59261566776954
2.73769841269841,0.263447477858014,0.309350610024522,0.0718987487801764,5.59277227880924
2.73779761904762,0.263425767051595,0.309332078515475,0.071864371090427,5.59292887421671
2.73789682539683,0.263404058433054,0.309313545721508,0.0718300098592453,5.59308545399483
2.73799603174603,0.263382352002023,0.309295011644046,0.0717956650786014,5.59324201814643
2.73809523809524,0.263360647758132,0.309276476284515,0.071761336740468,5.59339856667436
2.73819444444444,0.263338945701014,0.309257939644339,0.0717270248368213,5.59355509958147
2.73829365079365,0.263317245830301,0.309239401724941,0.0716927293596406,5.5937116168706
2.73839285714286,0.263295548145624,0.309220862527744,0.0716584503009086,5.5938681185446
2.73849206349206,0.263273852646617,0.309202322054172,0.0716241876526114,5.59402460460632
2.73859126984127,0.263252159332912,0.309183780305644,0.0715899414067382,5.59418107505859
2.73869047619048,0.263230468204141,0.309165237283583,0.0715557115552813,5.59433752990427
2.73878968253968,0.263208779259938,0.309146692989408,0.0715214980902366,5.59449396914618
2.73888888888889,0.263187092499937,0.309128147424539,0.071487301003603,5.59465039278718
2.7389880952381,0.263165407923769,0.309109600590396,0.0714531202873827,5.59480680083009
2.7390873015873,0.263143725531069,0.309091052488396,0.0714189559335811,5.59496319327777
2.73918650793651,0.263122045321471,0.309072503119957,0.0713848079342072,5.59511957013305
2.73928571428571,0.263100367294608,0.309053952486496,0.0713506762812728,5.59527593139875
2.73938492063492,0.263078691450115,0.30903540058943,0.0713165609667933,5.59543227707774
2.73948412698413,0.263057017787625,0.309016847430174,0.0712824619827871,5.59558860717282
2.73958333333333,0.263035346306775,0.308998293010143,0.0712483793212762,5.59574492168685
2.73968253968254,0.263013677007197,0.308979737330751,0.0712143129742855,5.59590122062266
2.73978174603175,0.262992009888527,0.308961180393412,0.0711802629338432,5.59605750398307
2.73988095238095,0.2629703449504,0.30894262219954,0.0711462291919809,5.59621377177092
2.73998015873016,0.262948682192452,0.308924062750546,0.0711122117407336,5.59637002398903
2.74007936507937,0.262927021614317,0.308905502047842,0.0710782105721392,5.59652626064025
2.74017857142857,0.262905363215632,0.30888694009284,0.071044225678239,5.5966824817274
2.74027777777778,0.262883706996032,0.308868376886949,0.0710102570510777,5.5968386872533
2.74037698412698,0.262862052955153,0.308849812431579,0.0709763046827032,5.59699487722079
2.74047619047619,0.262840401092632,0.30883124672814,0.0709423685651665,5.59715105163268
2.7405753968254,0.262818751408105,0.308812679778039,0.0709084486905218,5.59730721049182
2.7406746031746,0.262797103901208,0.308794111582685,0.0708745450508271,5.59746335380101
2.74077380952381,0.262775458571579,0.308775542143484,0.070840657638143,5.59761948156309
2.74087301587302,0.262753815418853,0.308756971461843,0.0708067864445336,5.59777559378087
2.74097222222222,0.26273217444267,0.308738399539168,0.0707729314620666,5.59793169045718
2.74107142857143,0.262710535642665,0.308719826376864,0.0707390926828124,5.59808777159484
2.74117063492063,0.262688899018476,0.308701251976335,0.070705270098845,5.59824383719667
2.74126984126984,0.262667264569741,0.308682676338984,0.0706714637022415,5.59839988726549
2.74136904761905,0.262645632296098,0.308664099466216,0.0706376734850823,5.59855592180412
2.74146825396825,0.262624002197186,0.308645521359432,0.0706038994394513,5.59871194081537
2.74156746031746,0.262602374272641,0.308626942020034,0.0705701415574352,5.59886794430206
2.74166666666667,0.262580748522104,0.308608361449424,0.0705363998311243,5.59902393226702
2.74176587301587,0.262559124945212,0.308589779649001,0.070502674252612,5.59917990471304
2.74186507936508,0.262537503541605,0.308571196620166,0.0704689648139952,5.59933586164294
2.74196428571429,0.262515884310921,0.308552612364317,0.0704352715073737,5.59949180305955
2.74206349206349,0.2624942672528,0.308534026882854,0.0704015943248507,5.59964772896567
2.7421626984127,0.262472652366881,0.308515440177173,0.0703679332585329,5.59980363936411
2.7422619047619,0.262451039652803,0.308496852248672,0.0703342883005299,5.59995953425768
2.74236111111111,0.262429429110208,0.308478263098748,0.0703006594429546,5.60011541364919
2.74246031746032,0.262407820738734,0.308459672728796,0.0702670466779235,5.60027127754145
2.74255952380952,0.262386214538022,0.308441081140212,0.070233449997556,5.60042712593727
2.74265873015873,0.262364610507713,0.308422488334389,0.0701998693939749,5.60058295883946
2.74275793650794,0.262343008647446,0.308403894312722,0.0701663048593062,5.60073877625081
2.74285714285714,0.262321408956863,0.308385299076604,0.0701327563856791,5.60089457817414
2.74295634920635,0.262299811435604,0.308366702627428,0.0700992239652264,5.60105036461225
2.74305555555556,0.262278216083311,0.308348104966584,0.0700657075900839,5.60120613556795
2.74315476190476,0.262256622899625,0.308329506095466,0.0700322072523903,5.60136189104403
2.74325396825397,0.262235031884188,0.308310906015462,0.0699987229442884,5.60151763104329
2.74335317460317,0.262213443036642,0.308292304727963,0.0699652546579236,5.60167335556854
2.74345238095238,0.262191856356627,0.308273702234357,0.0699318023854446,5.60182906462258
2.74355158730159,0.262170271843787,0.308255098536035,0.0698983661190036,5.6019847582082
2.74365079365079,0.262148689497764,0.308236493634382,0.069864945850756,5.60214043632821
2.74375,0.262127109318199,0.308217887530788,0.0698315415728605,5.6022960989854
2.74384920634921,0.262105531304737,0.308199280226637,0.0697981532774787,5.60245174618256
2.74394841269841,0.262083955457019,0.308180671723317,0.0697647809567761,5.60260737792249
2.74404761904762,0.262062381774689,0.308162062022211,0.0697314246029208,5.60276299420799
2.74414682539683,0.26204081025739,0.308143451124706,0.0696980842080846,5.60291859504185
2.74424603174603,0.262019240904765,0.308124839032184,0.0696647597644424,5.60307418042686
2.74434523809524,0.261997673716459,0.308106225746029,0.0696314512641721,5.60322975036581
2.74444444444444,0.261976108692114,0.308087611267623,0.0695981586994555,5.6033853048615
2.74454365079365,0.261954545831375,0.308068995598349,0.0695648820624772,5.60354084391671
2.74464285714286,0.261932985133887,0.308050378739588,0.0695316213454249,5.60369636753423
2.74474206349206,0.261911426599292,0.308031760692719,0.06949837654049,5.60385187571686
2.74484126984127,0.261889870227237,0.308013141459124,0.0694651476398671,5.60400736846737
2.74494047619048,0.261868316017366,0.307994521040182,0.0694319346357536,5.60416284578855
2.74503968253968,0.261846763969323,0.30797589943727,0.0693987375203505,5.6043183076832
2.74513888888889,0.261825214082754,0.307957276651767,0.0693655562858623,5.60447375415409
2.7452380952381,0.261803666357305,0.307938652685051,0.0693323909244963,5.604629185204
2.7453373015873,0.26178212079262,0.307920027538497,0.0692992414284632,5.60478460083573
2.74543650793651,0.261760577388346,0.307901401213483,0.0692661077899771,5.60494000105204
2.74553571428571,0.261739036144128,0.307882773711382,0.0692329900012553,5.60509538585574
2.74563492063492,0.261717497059612,0.30786414503357,0.0691998880545182,5.60525075524958
2.74573412698413,0.261695960134445,0.307845515181421,0.0691668019419897,5.60540610923636
2.74583333333333,0.261674425368274,0.307826884156307,0.0691337316558966,5.60556144781884
2.74593253968254,0.261652892760744,0.307808251959603,0.0691006771884694,5.60571677099982
2.74603174603175,0.261631362311504,0.307789618592679,0.0690676385319417,5.60587207878205
2.74613095238095,0.261609834020198,0.307770984056907,0.0690346156785501,5.60602737116833
2.74623015873016,0.261588307886477,0.307752348353657,0.0690016086205349,5.60618264816142
2.74632936507937,0.261566783909985,0.3077337114843,0.0689686173501393,5.6063379097641
2.74642857142857,0.261545262090372,0.307715073450205,0.0689356418596098,5.60649315597914
2.74652777777778,0.261523742427284,0.307696434252741,0.0689026821411963,5.60664838680932
2.74662698412698,0.26150222492037,0.307677793893275,0.0688697381871521,5.60680360225739
2.74672619047619,0.261480709569279,0.307659152373176,0.0688368099897333,5.60695880232615
2.7468253968254,0.261459196373658,0.307640509693809,0.0688038975411995,5.60711398701834
2.7469246031746,0.261437685333156,0.30762186585654,0.0687710008338138,5.60726915633675
2.74702380952381,0.261416176447421,0.307603220862736,0.0687381198598423,5.60742431028414
2.74712301587302,0.261394669716104,0.30758457471376,0.0687052546115542,5.60757944886327
2.74722222222222,0.261373165138852,0.307565927410978,0.0686724050812222,5.60773457207692
2.74732142857143,0.261351662715315,0.307547278955751,0.0686395712611222,5.60788967992784
2.74742063492063,0.261330162445144,0.307528629349443,0.0686067531435336,5.60804477241881
2.74751984126984,0.261308664327986,0.307509978593417,0.0685739507207385,5.60819984955258
2.74761904761905,0.261287168363493,0.307491326689032,0.0685411639850226,5.60835491133191
2.74771825396825,0.261265674551314,0.307472673637651,0.0685083929286751,5.60850995775957
2.74781746031746,0.2612441828911,0.307454019440633,0.068475637543988,5.60866498883832
2.74791666666667,0.261222693382501,0.307435364099337,0.0684428978232569,5.60882000457092
2.74801587301587,0.261201206025168,0.307416707615123,0.0684101737587802,5.60897500496012
2.74811507936508,0.261179720818751,0.307398049989348,0.0683774653428602,5.60912999000869
2.74821428571429,0.261158237762903,0.307379391223369,0.068344772567802,5.60928495971938
2.74831349206349,0.261136756857273,0.307360731318545,0.0683120954259139,5.60943991409495
2.7484126984127,0.261115278101513,0.30734207027623,0.0682794339095081,5.60959485313814
2.7485119047619,0.261093801495275,0.30732340809778,0.0682467880108992,5.60974977685173
2.74861111111111,0.261072327038211,0.30730474478455,0.0682141577224055,5.60990468523845
2.74871031746032,0.261050854729973,0.307286080337894,0.0681815430363487,5.61005957830106
2.74880952380952,0.261029384570213,0.307267414759165,0.0681489439450534,5.61021445604232
2.74890873015873,0.261007916558582,0.307248748049716,0.0681163604408478,5.61036931846497
2.74900793650794,0.260986450694735,0.3072300802109,0.0680837925160631,5.61052416557177
2.74910714285714,0.260964986978323,0.307211411244068,0.0680512401630337,5.61067899736546
2.74920634920635,0.260943525409,0.30719274115057,0.0680187033740976,5.61083381384879
2.74930555555556,0.260922065986418,0.307174069931757,0.0679861821415959,5.6109886150245
2.74940476190476,0.260900608710232,0.307155397588978,0.0679536764578728,5.61114340089535
2.74950396825397,0.260879153580093,0.307136724123583,0.0679211863152758,5.61129817146408
2.74960317460317,0.260857700595657,0.307118049536918,0.067888711706156,5.61145292673343
2.74970238095238,0.260836249756577,0.307099373830332,0.0678562526228673,5.61160766670615
2.74980158730159,0.260814801062507,0.307080697005172,0.067823809057767,5.61176239138497
2.74990079365079,0.260793354513102,0.307062019062783,0.0677913810032159,5.61191710077265
2.75,0.260771910108015,0.307043340004512,0.0677589684515778,5.61207179487192
2.75009920634921,0.260750467846902,0.307024659831703,0.0677265713952198,5.61222647368553
2.75019841269841,0.260729027729417,0.3070059785457,0.0676941898265123,5.6123811372162
2.75029761904762,0.260707589755215,0.306987296147846,0.0676618237378289,5.61253578546668
2.75039682539683,0.260686153923952,0.306968612639485,0.0676294731215466,5.61269041843971
2.75049603174603,0.260664720235283,0.30694992802196,0.0675971379700455,5.61284503613802
2.75059523809524,0.260643288688864,0.30693124229661,0.0675648182757089,5.61299963856435
2.75069444444444,0.26062185928435,0.306912555464778,0.0675325140309237,5.61315422572143
2.75079365079365,0.260600432021397,0.306893867527803,0.0675002252280797,5.613308797612
2.75089285714286,0.260579006899662,0.306875178487025,0.0674679518595701,5.61346335423879
2.75099206349206,0.260557583918801,0.306856488343783,0.0674356939177913,5.61361789560453
2.75109126984127,0.26053616307847,0.306837797099415,0.0674034513951432,5.61377242171195
2.75119047619048,0.260514744378326,0.306819104755259,0.0673712242840287,5.61392693256378
2.75128968253968,0.260493327818026,0.306800411312651,0.0673390125768537,5.61408142816275
2.75138888888889,0.260471913397228,0.306781716772928,0.0673068162660282,5.6142359085116
2.7514880952381,0.260450501115588,0.306763021137426,0.0672746353439646,5.61439037361304
2.7515873015873,0.260429090972764,0.306744324407478,0.067242469803079,5.61454482346981
2.75168650793651,0.260407682968414,0.306725626584421,0.0672103196357906,5.61469925808462
2.75178571428571,0.260386277102195,0.306706927669587,0.0671781848345219,5.61485367746021
2.75188492063492,0.260364873373766,0.306688227664308,0.0671460653916988,5.6150080815993
2.75198412698413,0.260343471782785,0.306669526569918,0.0671139612997502,5.61516247050461
2.75208333333333,0.26032207232891,0.306650824387748,0.0670818725511084,5.61531684417886
2.75218253968254,0.2603006750118,0.306632121119129,0.0670497991382091,5.61547120262478
2.75228174603175,0.260279279831114,0.306613416765392,0.0670177410534909,5.61562554584508
2.75238095238095,0.260257886786511,0.306594711327865,0.066985698289396,5.61577987384249
2.75248015873016,0.26023649587765,0.306576004807878,0.0669536708383696,5.61593418661972
2.75257936507937,0.260215107104191,0.306557297206759,0.0669216586928604,5.61608848417948
2.75267857142857,0.260193720465792,0.306538588525835,0.0668896618453201,5.61624276652451
2.75277777777778,0.260172335962114,0.306519878766435,0.0668576802882039,5.61639703365751
2.75287698412698,0.260150953592818,0.306501167929883,0.0668257140139701,5.6165512855812
2.75297619047619,0.260129573357562,0.306482456017506,0.0667937630150804,5.61670552229829
2.7530753968254,0.260108195256007,0.306463743030629,0.0667618272839995,5.6168597438115
2.7531746031746,0.260086819287814,0.306445028970576,0.0667299068131957,5.61701395012353
2.75327380952381,0.260065445452644,0.306426313838671,0.0666980015951402,5.6171681412371
2.75337301587302,0.260044073750157,0.306407597636236,0.0666661116223078,5.61732231715493
2.75347222222222,0.260022704180015,0.306388880364594,0.0666342368871764,5.61747647787971
2.75357142857143,0.260001336741878,0.306370162025067,0.066602377382227,5.61763062341416
2.75367063492063,0.25997997143541,0.306351442618975,0.0665705330999442,5.61778475376098
2.75376984126984,0.25995860826027,0.30633272214764,0.0665387040328155,5.61793886892289
2.75386904761905,0.259937247216121,0.306314000612381,0.066506890173332,5.61809296890259
2.75396825396825,0.259915888302625,0.306295278014516,0.0664750915139876,5.61824705370278
2.75406746031746,0.259894531519444,0.306276554355364,0.0664433080472801,5.61840112332617
2.75416666666667,0.259873176866241,0.306257829636244,0.0664115397657101,5.61855517777547
2.75426587301587,0.259851824342679,0.306239103858471,0.0663797866617814,5.61870921705336
2.75436507936508,0.259830473948419,0.306220377023362,0.0663480487280014,5.61886324116257
2.75446428571429,0.259809125683126,0.306201649132234,0.0663163259568805,5.61901725010578
2.75456349206349,0.259787779546462,0.306182920186401,0.0662846183409325,5.61917124388569
2.7546626984127,0.25976643553809,0.306164190187177,0.0662529258726744,5.61932522250501
2.7547619047619,0.259745093657675,0.306145459135876,0.0662212485446261,5.61947918596644
2.75486111111111,0.25972375390488,0.306126727033812,0.0661895863493116,5.61963313427266
2.75496031746032,0.25970241627937,0.306107993882297,0.0661579392792575,5.61978706742639
2.75505952380952,0.259681080780807,0.306089259682642,0.0661263073269937,5.6199409854303
2.75515873015873,0.259659747408857,0.306070524436158,0.0660946904850536,5.62009488828711
2.75525793650794,0.259638416163184,0.306051788144157,0.0660630887459739,5.62024877599949
2.75535714285714,0.259617087043452,0.306033050807947,0.066031502102294,5.62040264857014
2.75545634920635,0.259595760049328,0.306014312428839,0.0659999305465572,5.62055650600176
2.75555555555556,0.259574435180475,0.305995573008139,0.0659683740713099,5.62071034829704
2.75565476190476,0.259553112436559,0.305976832547157,0.0659368326691016,5.62086417545866
2.75575396825397,0.259531791817246,0.305958091047199,0.0659053063324849,5.62101798748932
2.75585317460317,0.259510473322201,0.305939348509572,0.0658737950540163,5.6211717843917
2.75595238095238,0.25948915695109,0.305920604935581,0.0658422988262549,5.62132556616849
2.75605158730159,0.25946784270358,0.305901860326532,0.0658108176417633,5.62147933282238
2.75615079365079,0.259446530579336,0.305883114683728,0.0657793514931075,5.62163308435605
2.75625,0.259425220578024,0.305864368008475,0.0657479003728563,5.62178682077219
2.75634920634921,0.259403912699312,0.305845620302075,0.0657164642735825,5.62194054207349
2.75644841269841,0.259382606942866,0.30582687156583,0.0656850431878616,5.62209424826261
2.75654761904762,0.259361303308354,0.305808121801043,0.0656536371082723,5.62224793934225
2.75664682539683,0.259340001795442,0.305789371009014,0.0656222460273969,5.62240161531509
2.75674603174603,0.259318702403798,0.305770619191045,0.0655908699378209,5.6225552761838
2.75684523809524,0.259297405133089,0.305751866348434,0.0655595088321328,5.62270892195108
2.75694444444444,0.259276109982983,0.305733112482481,0.0655281627029246,5.62286255261959
2.75704365079365,0.259254816953149,0.305714357594485,0.0654968315427916,5.62301616819201
2.75714285714286,0.259233526043253,0.305695601685743,0.065465515344332,5.62316976867102
2.75724206349206,0.259212237252966,0.305676844757553,0.0654342141001476,5.62332335405929
2.75734126984127,0.259190950581954,0.305658086811211,0.0654029278028435,5.62347692435951
2.75744047619048,0.259169666029887,0.305639327848013,0.0653716564450278,5.62363047957434
2.75753968253968,0.259148383596434,0.305620567869254,0.065340400019312,5.62378401970646
2.75763888888889,0.259127103281264,0.305601806876229,0.0653091585183108,5.62393754475853
2.7577380952381,0.259105825084046,0.305583044870232,0.0652779319346422,5.62409105473324
2.7578373015873,0.259084549004449,0.305564281852556,0.0652467202609275,5.62424454963325
2.75793650793651,0.259063275042144,0.305545517824492,0.0652155234897911,5.62439802946123
2.75803571428571,0.2590420031968,0.305526752787335,0.0651843416138608,5.62455149421985
2.75813492063492,0.259020733468086,0.305507986742374,0.0651531746257677,5.62470494391178
2.75823412698413,0.258999465855675,0.3054892196909,0.0651220225181461,5.62485837853968
2.75833333333333,0.258978200359235,0.305470451634203,0.0650908852836334,5.62501179810622
2.75843253968254,0.258956936978437,0.305451682573572,0.0650597629148704,5.62516520261407
2.75853174603175,0.258935675712952,0.305432912510296,0.0650286554045013,5.62531859206589
2.75863095238095,0.258914416562452,0.305414141445663,0.0649975627451734,5.62547196646433
2.75873015873016,0.258893159526607,0.30539536938096,0.064966484929537,5.62562532581208
2.75882936507937,0.258871904605089,0.305376596317474,0.0649354219502463,5.62577867011178
2.75892857142857,0.258850651797569,0.30535782225649,0.0649043737999582,5.6259319993661
2.75902777777778,0.258829401103719,0.305339047199295,0.0648733404713331,5.62608531357769
2.75912698412698,0.258808152523211,0.305320271147172,0.0648423219570345,5.62623861274922
2.75922619047619,0.258786906055717,0.305301494101405,0.0648113182497294,5.62639189688335
2.7593253968254,0.25876566170091,0.305282716063278,0.0647803293420878,5.62654516598272
2.7594246031746,0.258744419458462,0.305263937034073,0.0647493552267832,5.62669842005001
2.75952380952381,0.258723179328045,0.305245157015073,0.0647183958964919,5.62685165908785
2.75962301587302,0.258701941309333,0.305226376007559,0.0646874513438943,5.62700488309891
2.75972222222222,0.258680705401998,0.305207594012811,0.0646565215616733,5.62715809208585
2.75982142857143,0.258659471605715,0.305188811032109,0.0646256065425152,5.6273112860513
2.75992063492063,0.258638239920155,0.305170027066732,0.0645947062791098,5.62746446499793
2.76001984126984,0.258617010344994,0.30515124211796,0.0645638207641501,5.62761762892839
2.76011904761905,0.258595782879905,0.305132456187071,0.0645329499903321,5.62777077784532
2.76021825396825,0.258574557524561,0.305113669275341,0.0645020939503552,5.62792391175137
2.76031746031746,0.258553334278638,0.305094881384047,0.0644712526369224,5.6280770306492
2.76041666666667,0.258532113141809,0.305076092514465,0.0644404260427394,5.62823013454145
2.76051587301587,0.25851089411375,0.305057302667872,0.0644096141605156,5.62838322343076
2.76061507936508,0.258489677194134,0.30503851184554,0.0643788169829633,5.62853629731979
2.76071428571429,0.258468462382637,0.305019720048745,0.0643480345027981,5.62868935621117
2.76081349206349,0.258447249678934,0.30500092727876,0.0643172667127394,5.62884240010755
2.7609126984127,0.258426039082701,0.304982133536857,0.0642865136055092,5.62899542901158
2.7610119047619,0.258404830593612,0.304963338824309,0.0642557751738329,5.62914844292589
2.76111111111111,0.258383624211345,0.304944543142386,0.0642250514104395,5.62930144185312
2.76121031746032,0.258362419935574,0.30492574649236,0.0641943423080609,5.62945442579592
2.76130952380952,0.258341217765976,0.304906948875501,0.0641636478594325,5.62960739475693
2.76140873015873,0.258320017702227,0.304888150293078,0.0641329680572925,5.62976034873878
2.76150793650794,0.258298819744003,0.304869350746359,0.064102302894383,5.62991328774411
2.76160714285714,0.258277623890982,0.304850550236614,0.0640716523634491,5.63006621177556
2.76170634920635,0.25825643014284,0.304831748765108,0.0640410164572388,5.63021912083576
2.76180555555556,0.258235238499255,0.30481294633311,0.0640103951685039,5.63037201492735
2.76190476190476,0.258214048959903,0.304794142941885,0.0639797884899992,5.63052489405297
2.76200396825397,0.258192861524462,0.304775338592698,0.0639491964144829,5.63067775821523
2.76210317460317,0.258171676192609,0.304756533286814,0.063918618934716,5.63083060741679
2.76220238095238,0.258150492964023,0.304737727025498,0.0638880560434633,5.63098344166026
2.76230158730159,0.258129311838381,0.304718919810013,0.0638575077334927,5.63113626094828
2.76240079365079,0.258108132815363,0.304700111641621,0.0638269739975753,5.63128906528348
2.7625,0.258086955894645,0.304681302521585,0.0637964548284853,5.63144185466849
2.76259920634921,0.258065781075907,0.304662492451166,0.0637659502190007,5.63159462910593
2.76269841269841,0.258044608358827,0.304643681431625,0.063735460161902,5.63174738859843
2.76279761904762,0.258023437743085,0.304624869464222,0.0637049846499736,5.63190013314862
2.76289682539683,0.25800226922836,0.304606056550216,0.0636745236760027,5.63205286275912
2.76299603174603,0.25798110281433,0.304587242690867,0.0636440772327802,5.63220557743256
2.76309523809524,0.257959938500676,0.304568427887433,0.0636136453130998,5.63235827717156
2.76319444444444,0.257938776287077,0.30454961214117,0.0635832279097588,5.63251096197874
2.76329365079365,0.257917616173214,0.304530795453336,0.0635528250155577,5.63266363185672
2.76339285714286,0.257896458158765,0.304511977825187,0.0635224366233001,5.63281628680812
2.76349206349206,0.257875302243413,0.304493159257979,0.0634920627257929,5.63296892683557
2.76359126984127,0.257854148426836,0.304474339752966,0.0634617033158464,5.63312155194168
2.76369047619048,0.257832996708716,0.304455519311402,0.063431358386274,5.63327416212907
2.76378968253968,0.257811847088734,0.304436697934541,0.0634010279298926,5.63342675740036
2.76388888888889,0.25779069956657,0.304417875623636,0.0633707119395219,5.63357933775816
2.7639880952381,0.257769554141907,0.304399052379939,0.0633404104079854,5.63373190320509
2.7640873015873,0.257748410814425,0.304380228204701,0.0633101233281094,5.63388445374376
2.76418650793651,0.257727269583806,0.304361403099174,0.0632798506927238,5.63403698937679
2.76428571428571,0.257706130449731,0.304342577064607,0.0632495924946617,5.63418951010678
2.76438492063492,0.257684993411884,0.30432375010225,0.0632193487267591,5.63434201593636
2.76448412698413,0.257663858469946,0.304304922213353,0.0631891193818557,5.63449450686812
2.76458333333333,0.257642725623599,0.304286093399163,0.0631589044527944,5.63464698290469
2.76468253968254,0.257621594872526,0.304267263660927,0.0631287039324209,5.63479944404867
2.76478174603175,0.25760046621641,0.304248432999893,0.0630985178135848,5.63495189030266
2.76488095238095,0.257579339654934,0.304229601417307,0.0630683460891387,5.63510432166928
2.76498015873016,0.257558215187781,0.304210768914414,0.0630381887519383,5.63525673815113
2.76507936507937,0.257537092814635,0.30419193549246,0.0630080457948427,5.63540913975082
2.76517857142857,0.257515972535178,0.304173101152688,0.0629779172107141,5.63556152647094
2.76527777777778,0.257494854349094,0.304154265896342,0.0629478029924183,5.63571389831412
2.76537698412698,0.257473738256068,0.304135429724666,0.0629177031328241,5.63586625528294
2.76547619047619,0.257452624255784,0.3041165926389,0.0628876176248036,5.63601859738
2.7655753968254,0.257431512347926,0.304097754640288,0.0628575464612321,5.63617092460792
2.7656746031746,0.257410402532178,0.30407891573007,0.0628274896349884,5.63632323696929
2.76577380952381,0.257389294808225,0.304060075909485,0.0627974471389543,5.63647553446671
2.76587301587302,0.257368189175751,0.304041235179775,0.0627674189660148,5.63662781710278
2.76597222222222,0.257347085634443,0.304022393542177,0.0627374051090585,5.63678008488009
2.76607142857143,0.257325984183985,0.30400355099793,0.062707405560977,5.63693233780124
2.76617063492063,0.257304884824063,0.303984707548272,0.0626774203146651,5.63708457586883
2.76626984126984,0.257283787554362,0.30396586319444,0.0626474493630212,5.63723679908545
2.76636904761905,0.257262692374568,0.303947017937669,0.0626174926989466,5.6373890074537
2.76646825396825,0.257241599284367,0.303928171779196,0.062587550315346,5.63754120097616
2.76656746031746,0.257220508283446,0.303909324720255,0.0625576222051273,5.63769337965544
2.76666666666667,0.25719941937149,0.303890476762081,0.0625277083612018,5.63784554349411
2.76676587301587,0.257178332548186,0.303871627905908,0.0624978087764839,5.63799769249478
2.76686507936508,0.257157247813222,0.303852778152968,0.0624679234438914,5.63814982666003
2.76696428571429,0.257136165166283,0.303833927504494,0.0624380523563452,5.63830194599245
2.76706349206349,0.257115084607057,0.303815075961717,0.0624081955067696,5.63845405049463
2.7671626984127,0.257094006135232,0.303796223525869,0.0623783528880921,5.63860614016915
2.7672619047619,0.257072929750495,0.303777370198179,0.0623485244932434,5.6387582150186
2.76736111111111,0.257051855452534,0.303758515979878,0.0623187103151575,5.63891027504557
2.76746031746032,0.257030783241036,0.303739660872195,0.0622889103467718,5.63906232025263
2.76755952380952,0.25700971311569,0.303720804876357,0.0622591245810267,5.63921435064238
2.76765873015873,0.256988645076184,0.303701947993593,0.062229353010866,5.63936636621739
2.76775793650794,0.256967579122206,0.30368309022513,0.0621995956292368,5.63951836698024
2.76785714285714,0.256946515253446,0.303664231572194,0.0621698524290894,5.63967035293352
2.76795634920635,0.256925453469591,0.30364537203601,0.0621401234033774,5.63982232407981
2.76805555555556,0.256904393770332,0.303626511617804,0.0621104085450575,5.63997428042168
2.76815476190476,0.256883336155356,0.3036076503188,0.0620807078470898,5.64012622196171
2.76825396825397,0.256862280624355,0.303588788140222,0.0620510213024377,5.64027814870248
2.76835317460317,0.256841227177017,0.303569925083293,0.0620213489040678,5.64043006064657
2.76845238095238,0.256820175813031,0.303551061149236,0.0619916906449498,5.64058195779654
2.76855158730159,0.256799126532089,0.303532196339271,0.061962046518057,5.64073384015498
2.76865079365079,0.256778079333881,0.30351333065462,0.0619324165163658,5.64088570772446
2.76875,0.256757034218096,0.303494464096505,0.0619028006328557,5.64103756050754
2.76884920634921,0.256735991184425,0.303475596666143,0.0618731988605094,5.64118939850681
2.76894841269841,0.256714950232559,0.303456728364755,0.0618436111923134,5.64134122172483
2.76904761904762,0.256693911362189,0.303437859193558,0.061814037621257,5.64149303016417
2.76914682539683,0.256672874573006,0.303418989153771,0.0617844781403326,5.6416448238274
2.76924603174603,0.256651839864702,0.303400118246611,0.0617549327425365,5.64179660271709
2.76934523809524,0.256630807236968,0.303381246473294,0.0617254014208676,5.6419483668358
2.76944444444444,0.256609776689495,0.303362373835036,0.0616958841683285,5.64210011618611
2.76954365079365,0.256588748221976,0.303343500333053,0.0616663809779248,5.64225185077057
2.76964285714286,0.256567721834102,0.303324625968557,0.0616368918426653,5.64240357059176
2.76974206349206,0.256546697525566,0.303305750742764,0.0616074167555625,5.64255527565223
2.76984126984127,0.256525675296061,0.303286874656886,0.0615779557096318,5.64270696595455
2.76994047619048,0.256504655145278,0.303267997712137,0.0615485086978916,5.64285864150128
2.77003968253968,0.256483637072912,0.303249119909727,0.0615190757133643,5.64301030229497
2.77013888888889,0.256462621078654,0.303230241250868,0.0614896567490749,5.6431619483382
2.7702380952381,0.256441607162199,0.30321136173677,0.061460251798052,5.64331357963352
2.7703373015873,0.256420595323239,0.303192481368644,0.0614308608533272,5.64346519618348
2.77043650793651,0.256399585561468,0.303173600147698,0.0614014839079357,5.64361679799065
2.77053571428571,0.25637857787658,0.30315471807514,0.0613721209549157,5.64376838505758
2.77063492063492,0.256357572268269,0.30313583515218,0.0613427719873086,5.64391995738683
2.77073412698413,0.25633656873623,0.303116951380023,0.0613134369981594,5.64407151498094
2.77083333333333,0.256315567280155,0.303098066759877,0.061284115980516,5.64422305784248
2.77093253968254,0.256294567899741,0.303079181292947,0.0612548089274298,5.644374585974
2.77103174603175,0.256273570594682,0.303060294980439,0.0612255158319553,5.64452609937805
2.77113095238095,0.256252575364672,0.303041407823557,0.0611962366871502,5.64467759805718
2.77123015873016,0.25623158220818,0.303022519823831,0.0611669714869428,5.64482908201428
2.77132936507937,0.256210591118567,0.303003630984113,0.0611377202291049,5.64498055125354
2.77142857142857,0.256189602094587,0.302984741305749,0.0611084829079382,5.64513200577764
2.77152777777778,0.25616861513589,0.302965850789847,0.0610792595171365,5.64528344558901
2.77162698412698,0.256147630242121,0.302946959437511,0.0610500500503958,5.64543487069007
2.77172619047619,0.25612664741293,0.302928067249847,0.0610208545014139,5.64558628108323
2.7718253968254,0.256105666647964,0.302909174227959,0.0609916728638906,5.64573767677093
2.7719246031746,0.256084687946871,0.302890280372951,0.060962505131528,5.64588905775557
2.77202380952381,0.256063711309299,0.302871385685929,0.0609333512980299,5.64604042403959
2.77212301587302,0.256042736734897,0.302852490167995,0.0609042113571021,5.64619177562539
2.77222222222222,0.256021764223313,0.302833593820252,0.0608750853024528,5.64634311251541
2.77232142857143,0.256000793774196,0.302814696643803,0.0608459731277919,5.64649443471206
2.77242063492063,0.255979825387194,0.302795798639751,0.0608168748268311,5.64664574221775
2.77251984126984,0.255958859061955,0.302776899809198,0.0607877903932847,5.64679703503491
2.77261904761905,0.255937894798129,0.302758000153245,0.0607587198208683,5.64694831316595
2.77271825396825,0.255916932595365,0.302739099672993,0.0607296631033003,5.64709957661329
2.77281746031746,0.255895972453311,0.302720198369543,0.0607006202343005,5.64725082537934
2.77291666666667,0.255875014371616,0.302701296243995,0.0606715912075908,5.64740205946653
2.77301587301587,0.25585405834993,0.302682393297451,0.0606425760168955,5.64755327887725
2.77311507936508,0.255833104387902,0.302663489531008,0.0606135746559406,5.64770448361393
2.77321428571429,0.255812152485181,0.302644584945766,0.060584587118454,5.64785567367899
2.77331349206349,0.255791202641417,0.302625679542825,0.0605556133981657,5.64800684907483
2.7734126984127,0.255770254856259,0.302606773323282,0.060526653488808,5.64815800980386
2.7735119047619,0.255749309129357,0.302587866288235,0.0604977073841149,5.64830915586851
2.77361111111111,0.255728365460361,0.302568958438783,0.0604687750778223,5.64846028727117
2.77371031746032,0.25570742384892,0.302550049776022,0.0604398565636687,5.64861140401427
2.77380952380952,0.255686484294685,0.302531140301049,0.060410951835394,5.64876250610021
2.77390873015873,0.255665546797305,0.30251223001496,0.0603820608867404,5.6489135935314
2.77400793650794,0.255644611356431,0.302493318918852,0.0603531837114519,5.64906466631025
2.77410714285714,0.255623677971714,0.302474407013821,0.0603243203032747,5.64921572443917
2.77420634920635,0.255602746642802,0.302455494300961,0.0602954706559571,5.64936676792056
2.77430555555556,0.255581817369347,0.302436580781367,0.0602666347632492,5.64951779675684
2.77440476190476,0.255560890151,0.302417666456133,0.0602378126189032,5.64966881095041
2.77450396825397,0.255539964987411,0.302398751326355,0.0602090042166733,5.64981981050367
2.77460317460317,0.25551904187823,0.302379835393125,0.0601802095503157,5.64997079541904
2.77470238095238,0.255498120823109,0.302360918657536,0.0601514286135886,5.65012176569892
2.77480158730159,0.255477201821699,0.302342001120682,0.0601226614002522,5.65027272134571
2.77490079365079,0.25545628487365,0.302323082783655,0.060093907904069,5.65042366236182
2.775,0.255435369978614,0.302304163647547,0.060065168118803,5.65057458874965
2.77509920634921,0.255414457136242,0.30228524371345,0.0600364420382205,5.6507255005116
2.77519841269841,0.255393546346185,0.302266322982454,0.0600077296560899,5.65087639765007
2.77529761904762,0.255372637608095,0.302247401455651,0.0599790309661815,5.65102728016748
2.77539682539683,0.255351730921623,0.302228479134132,0.0599503459622675,5.65117814806621
2.77549603174603,0.255330826286421,0.302209556018986,0.0599216746381222,5.65132900134867
2.77559523809524,0.255309923702141,0.302190632111303,0.059893016987522,5.65147984001726
2.77569444444444,0.255289023168435,0.302171707412172,0.0598643730042453,5.65163066407438
2.77579365079365,0.255268124684954,0.302152781922682,0.0598357426820724,5.65178147352242
2.77589285714286,0.25524722825135,0.302133855643922,0.0598071260147855,5.6519322683638
2.77599206349206,0.255226333867276,0.30211492857698,0.0597785229961693,5.65208304860089
2.77609126984127,0.255205441532384,0.302096000722943,0.05974993362001,5.65223381423611
2.77619047619048,0.255184551246326,0.302077072082899,0.059721357880096,5.65238456527185
2.77628968253968,0.255163663008755,0.302058142657935,0.0596927957702177,5.6525353017105
2.77638888888889,0.255142776819323,0.302039212449136,0.0596642472841676,5.65268602355446
2.7764880952381,0.255121892677683,0.30202028145759,0.0596357124157401,5.65283673080612
2.7765873015873,0.255101010583487,0.302001349684382,0.0596071911587316,5.65298742346789
2.77668650793651,0.255080130536389,0.301982417130597,0.0595786835069406,5.65313810154215
2.77678571428571,0.255059252536041,0.301963483797321,0.0595501894541677,5.65328876503129
2.77688492063492,0.255038376582096,0.301944549685637,0.0595217089942151,5.65343941393772
2.77698412698413,0.255017502674208,0.30192561479663,0.0594932421208876,5.65359004826382
2.77708333333333,0.254996630812029,0.301906679131383,0.0594647888279913,5.65374066801198
2.77718253968254,0.254975760995213,0.301887742690981,0.0594363491093352,5.65389127318459
2.77728174603175,0.254954893223414,0.301868805476505,0.0594079229587295,5.65404186378405
2.77738095238095,0.254934027496284,0.301849867489039,0.0593795103699868,5.65419243981275
2.77748015873016,0.254913163813478,0.301830928729664,0.0593511113369218,5.65434300127307
2.77757936507937,0.254892302174649,0.301811989199462,0.0593227258533509,5.6544935481674
2.77767857142857,0.254871442579452,0.301793048899515,0.0592943539130928,5.65464408049814
2.77777777777778,0.254850585027539,0.301774107830903,0.0592659955099678,5.65479459826766
2.77787698412698,0.254829729518565,0.301755165994708,0.0592376506377989,5.65494510147836
2.77797619047619,0.254808876052185,0.301736223392009,0.0592093192904105,5.65509559013263
2.7780753968254,0.254788024628051,0.301717280023886,0.0591810014616291,5.65524606423285
2.7781746031746,0.254767175245819,0.301698335891418,0.0591526971452836,5.6553965237814
2.77827380952381,0.254746327905144,0.301679390995684,0.0591244063352046,5.65554696878066
2.77837301587302,0.254725482605679,0.301660445337764,0.0590961290252246,5.65569739923304
2.77847222222222,0.254704639347079,0.301641498918735,0.0590678652091784,5.6558478151409
2.77857142857143,0.254683798128998,0.301622551739674,0.0590396148809024,5.65599821650664
2.77867063492063,0.254662958951093,0.30160360380166,0.0590113780342357,5.65614860333262
2.77876984126984,0.254642121813017,0.301584655105768,0.0589831546630189,5.65629897562125
2.77886904761905,0.254621286714425,0.301565705653077,0.0589549447610944,5.65644933337489
2.77896825396825,0.254600453654973,0.301546755444662,0.0589267483223073,5.65659967659593
2.77906746031746,0.254579622634316,0.301527804481598,0.0588985653405042,5.65675000528675
2.77916666666667,0.25455879365211,0.301508852764962,0.0588703958095339,5.65690031944973
2.77926587301587,0.254537966708008,0.301489900295828,0.0588422397232469,5.65705061908724
2.77936507936508,0.254517141801668,0.30147094707527,0.0588140970754964,5.65720090420168
2.77946428571429,0.254496318932745,0.301451993104364,0.0587859678601369,5.65735117479541
2.77956349206349,0.254475498100893,0.301433038384182,0.0587578520710251,5.65750143087081
2.7796626984127,0.25445467930577,0.301414082915799,0.0587297497020202,5.65765167243027
2.7797619047619,0.254433862547031,0.301395126700287,0.0587016607469827,5.65780189947615
2.77986111111111,0.254413047824332,0.301376169738719,0.0586735851997755,5.65795211201083
2.77996031746032,0.254392235137329,0.301357212032167,0.0586455230542635,5.65810231003669
2.78005952380952,0.254371424485678,0.301338253581702,0.0586174743043134,5.6582524935561
2.78015873015873,0.254350615869036,0.301319294388397,0.0585894389437943,5.65840266257144
2.78025793650794,0.254329809287059,0.301300334453323,0.0585614169665769,5.65855281708508
2.78035714285714,0.254309004739403,0.301281373777549,0.0585334083665341,5.6587029570994
2.78045634920635,0.254288202225726,0.301262412362147,0.058505413137541,5.65885308261676
2.78055555555556,0.254267401745683,0.301243450208186,0.0584774312734742,5.65900319363954
2.78065476190476,0.254246603298932,0.301224487316735,0.0584494627682129,5.65915329017011
2.78075396825397,0.254225806885128,0.301205523688864,0.0584215076156378,5.65930337221084
2.78085317460317,0.254205012503931,0.301186559325641,0.058393565809632,5.6594534397641
2.78095238095238,0.254184220154996,0.301167594228134,0.0583656373440805,5.65960349283227
2.78105158730159,0.25416342983798,0.301148628397412,0.0583377222128701,5.6597535314177
2.78115079365079,0.254142641552541,0.301129661834542,0.0583098204098899,5.65990355552277
2.78125,0.254121855298337,0.301110694540591,0.0582819319290309,5.66005356514985
2.78134920634921,0.254101071075024,0.301091726516625,0.0582540567641861,5.66020356030131
2.78144841269841,0.254080288882261,0.301072757763711,0.0582261949092504,5.6603535409795
2.78154761904762,0.254059508719704,0.301053788282914,0.0581983463581209,5.66050350718681
2.78164682539683,0.254038730587012,0.301034818075301,0.0581705111046967,5.66065345892558
2.78174603174603,0.254017954483843,0.301015847141936,0.0581426891428789,5.6608033961982
2.78184523809524,0.253997180409855,0.300996875483884,0.0581148804665703,5.66095331900702
2.78194444444444,0.253976408364705,0.30097790310221,0.0580870850696763,5.66110322735441
2.78204365079365,0.253955638348052,0.300958929997976,0.0580593029461038,5.66125312124273
2.78214285714286,0.253934870359554,0.300939956172247,0.0580315340897619,5.66140300067434
2.78224206349206,0.25391410439887,0.300920981626085,0.0580037784945616,5.66155286565161
2.78234126984127,0.253893340465658,0.300902006360555,0.0579760361544164,5.6617027161769
2.78244047619048,0.253872578559576,0.300883030376716,0.0579483070632411,5.66185255225257
2.78253968253968,0.253851818680283,0.300864053675633,0.0579205912149528,5.66200237388098
2.78263888888889,0.253831060827438,0.300845076258365,0.057892888603471,5.66215218106449
2.7827380952381,0.2538103050007,0.300826098125975,0.0578651992227166,5.66230197380547
2.7828373015873,0.253789551199727,0.300807119279523,0.0578375230666129,5.66245175210626
2.78293650793651,0.25376879942418,0.300788139720069,0.057809860129085,5.66260151596923
2.78303571428571,0.253748049673716,0.300769159448673,0.05778221040406,5.66275126539674
2.78313492063492,0.253727301947996,0.300750178466395,0.0577545738854674,5.66290100039114
2.78323412698413,0.253706556246678,0.300731196774294,0.0577269505672382,5.66305072095479
2.78333333333333,0.253685812569422,0.300712214373429,0.0576993404433057,5.66320042709005
2.78343253968254,0.253665070915887,0.300693231264857,0.0576717435076052,5.66335011879928
2.78353174603175,0.253644331285734,0.300674247449638,0.057644159754074,5.66349979608482
2.78363095238095,0.253623593678622,0.300655262928828,0.0576165891766512,5.66364945894903
2.78373015873016,0.25360285809421,0.300636277703484,0.0575890317692782,5.66379910739427
2.78382936507937,0.25358212453216,0.300617291774664,0.0575614875258983,5.66394874142289
2.78392857142857,0.25356139299213,0.300598305143424,0.0575339564404568,5.66409836103724
2.78402777777778,0.253540663473781,0.300579317810819,0.0575064385069009,5.66424796623968
2.78412698412698,0.253519935976773,0.300560329777905,0.0574789337191801,5.66439755703256
2.78422619047619,0.253499210500766,0.300541341045738,0.0574514420712457,5.66454713341822
2.7843253968254,0.253478487045422,0.300522351615372,0.057423963557051,5.66469669539903
2.7844246031746,0.2534577656104,0.300503361487861,0.0573964981705515,5.66484624297732
2.78452380952381,0.253437046195362,0.30048437066426,0.0573690459057042,5.66499577615545
2.78462301587302,0.253416328799967,0.300465379145622,0.057341606756469,5.66514529493577
2.78472222222222,0.253395613423877,0.300446386933,0.057314180716807,5.66529479932063
2.78482142857143,0.253374900066752,0.300427394027447,0.0572867677806816,5.66544428931237
2.78492063492063,0.253354188728254,0.300408400430016,0.0572593679420584,5.66559376491334
2.78501984126984,0.253333479408044,0.300389406141758,0.0572319811949047,5.66574322612588
2.78511904761905,0.253312772105783,0.300370411163725,0.05720460753319,5.66589267295236
2.78521825396825,0.253292066821133,0.300351415496969,0.0571772469508856,5.6660421053951
2.78531746031746,0.253271363553754,0.300332419142539,0.0571498994419652,5.66619152345646
2.78541666666667,0.253250662303309,0.300313422101487,0.0571225650004042,5.66634092713878
2.78551587301587,0.253229963069458,0.300294424374862,0.05709524362018,5.6664903164444
2.78561507936508,0.253209265851864,0.300275425963714,0.0570679352952723,5.66663969137567
2.78571428571429,0.253188570650189,0.300256426869093,0.0570406400196625,5.66678905193492
2.78581349206349,0.253167877464094,0.300237427092047,0.0570133577873341,5.66693839812451
2.7859126984127,0.253147186293242,0.300218426633624,0.0569860885922727,5.66708772994677
2.7860119047619,0.253126497137294,0.300199425494872,0.0569588324284657,5.66723704740405
2.78611111111111,0.253105809995913,0.30018042367684,0.0569315892899029,5.66738635049868
2.78621031746032,0.253085124868761,0.300161421180574,0.0569043591705757,5.66753563923301
2.78630952380952,0.253064441755501,0.300142418007121,0.0568771420644777,5.66768491360938
2.78640873015873,0.253043760655795,0.300123414157528,0.0568499379656047,5.66783417363011
2.78650793650794,0.253023081569305,0.300104409632841,0.056822746867954,5.66798341929756
2.78660714285714,0.253002404495695,0.300085404434105,0.0567955687655255,5.66813265061406
2.78670634920635,0.252981729434627,0.300066398562366,0.0567684036523206,5.66828186758194
2.78680555555556,0.252961056385764,0.300047392018668,0.0567412515223431,5.66843107020355
2.78690476190476,0.252940385348769,0.300028384804055,0.0567141123695986,5.66858025848121
2.78700396825397,0.252919716323306,0.300009376919573,0.0566869861880947,5.66872943241728
2.78710317460317,0.252899049309037,0.299990368366265,0.0566598729718413,5.66887859201407
2.78720238095238,0.252878384305626,0.299971359145173,0.0566327727148499,5.66902773727392
2.78730158730159,0.252857721312736,0.299952349257341,0.0566056854111342,5.66917686819918
2.78740079365079,0.25283706033003,0.299933338703811,0.05657861105471,5.66932598479216
2.7875,0.252816401357173,0.299914327485626,0.0565515496395949,5.66947508705521
2.78759920634921,0.252795744393828,0.299895315603826,0.0565245011598088,5.66962417499066
2.78769841269841,0.252775089439659,0.299876303059454,0.0564974656093734,5.66977324860083
2.78779761904762,0.252754436494329,0.29985728985355,0.0564704429823123,5.66992230788807
2.78789682539683,0.252733785557503,0.299838275987154,0.0564434332726515,5.67007135285469
2.78799603174603,0.252713136628845,0.299819261461308,0.0564164364744188,5.67022038350303
2.78809523809524,0.252692489708019,0.299800246277049,0.0563894525816438,5.67036939983542
2.78819444444444,0.252671844794689,0.299781230435418,0.0563624815883583,5.67051840185419
2.78829365079365,0.25265120188852,0.299762213937454,0.0563355234885963,5.67066738956166
2.78839285714286,0.252630560989176,0.299743196784195,0.0563085782763935,5.67081636296016
2.78849206349206,0.252609922096321,0.299724178976679,0.0562816459457877,5.67096532205203
2.78859126984127,0.252589285209622,0.299705160515944,0.056254726490819,5.67111426683958
2.78869047619048,0.252568650328741,0.299686141403028,0.0562278199055291,5.67126319732515
2.78878968253968,0.252548017453345,0.299667121638966,0.0562009261839618,5.67141211351105
2.78888888888889,0.252527386583097,0.299648101224796,0.0561740453201631,5.67156101539962
2.7889880952381,0.252506757717664,0.299629080161554,0.0561471773081808,5.67170990299317
2.7890873015873,0.252486130856711,0.299610058450276,0.056120322142065,5.67185877629403
2.78918650793651,0.252465505999902,0.299591036091996,0.0560934798158674,5.67200763530453
2.78928571428571,0.252444883146903,0.29957201308775,0.056066650323642,5.67215648002698
2.78938492063492,0.25242426229738,0.299552989438572,0.0560398336594449,5.67230531046372
2.78948412698413,0.252403643450998,0.299533965145497,0.0560130298173339,5.67245412661705
2.78958333333333,0.252383026607423,0.299514940209558,0.0559862387913691,5.6726029284893
2.78968253968254,0.25236241176632,0.299495914631789,0.0559594605756122,5.6727517160828
2.78978174603175,0.252341798927356,0.299476888413222,0.0559326951641276,5.67290048939986
2.78988095238095,0.252321188090197,0.29945786155489,0.055905942550981,5.67304924844279
2.78998015873016,0.252300579254507,0.299438834057825,0.0558792027302404,5.67319799321393
2.79007936507937,0.252279972419955,0.29941980592306,0.0558524756959761,5.67334672371558
2.79017857142857,0.252259367586206,0.299400777151624,0.0558257614422599,5.67349543995007
2.79027777777778,0.252238764752926,0.29938174774455,0.0557990599631659,5.67364414191971
2.79037698412698,0.252218163919782,0.299362717702868,0.0557723712527703,5.67379282962681
2.79047619047619,0.25219756508644,0.299343687027608,0.0557456953051509,5.6739415030737
2.7905753968254,0.252176968252568,0.2993246557198,0.0557190321143881,5.67409016226269
2.7906746031746,0.252156373417831,0.299305623780472,0.0556923816745638,5.6742388071961
2.79077380952381,0.252135780581897,0.299286591210655,0.0556657439797621,5.67438743787623
2.79087301587302,0.252115189744433,0.299267558011377,0.0556391190240692,5.6745360543054
2.79097222222222,0.252094600905105,0.299248524183666,0.0556125068015733,5.67468465648593
2.79107142857143,0.252074014063582,0.29922948972855,0.0555859073063644,5.67483324442012
2.79117063492063,0.25205342921953,0.299210454647055,0.0555593205325346,5.6749818181103
2.79126984126984,0.252032846372616,0.29919141894021,0.0555327464741783,5.67513037755876
2.79136904761905,0.252012265522508,0.299172382609041,0.0555061851253916,5.67527892276783
2.79146825396825,0.251991686668874,0.299153345654573,0.0554796364802725,5.6754274537398
2.79156746031746,0.251971109811381,0.299134308077834,0.0554531005329215,5.675575970477
2.79166666666667,0.251950534949697,0.299115269879847,0.0554265772774406,5.67572447298173
2.79176587301587,0.25192996208349,0.299096231061639,0.0554000667079341,5.6758729612563
2.79186507936508,0.251909391212428,0.299077191624234,0.0553735688185082,5.67602143530301
2.79196428571429,0.251888822336179,0.299058151568655,0.0553470836032712,5.67616989512418
2.79206349206349,0.25186825545441,0.299039110895927,0.0553206110563333,5.6763183407221
2.7921626984127,0.251847690566791,0.299020069607074,0.0552941511718069,5.6764667720991
2.7922619047619,0.25182712767299,0.299001027703118,0.055267703943806,5.67661518925747
2.79236111111111,0.251806566772675,0.298981985185082,0.0552412693664473,5.67676359219951
2.79246031746032,0.251786007865514,0.298962942053989,0.0552148474338488,5.67691198092754
2.79255952380952,0.251765450951177,0.298943898310859,0.055188438140131,5.67706035544386
2.79265873015873,0.251744896029331,0.298924853956715,0.055162041479416,5.67720871575076
2.79275793650794,0.251724343099647,0.298905808992577,0.0551356574458284,5.67735706185056
2.79285714285714,0.251703792161792,0.298886763419466,0.0551092860334944,5.67750539374556
2.79295634920635,0.251683243215437,0.298867717238403,0.0550829272365423,5.67765371143805
2.79305555555556,0.251662696260249,0.298848670450408,0.0550565810491027,5.67780201493034
2.79315476190476,0.251642151295898,0.298829623056499,0.0550302474653079,5.67795030422473
2.79325396825397,0.251621608322054,0.298810575057696,0.0550039264792922,5.67809857932352
2.79335317460317,0.251601067338387,0.298791526455017,0.0549776180851922,5.67824684022901
2.79345238095238,0.251580528344564,0.298772477249481,0.054951322277146,5.67839508694349
2.79355158730159,0.251559991340257,0.298753427442106,0.0549250390492943,5.67854331946927
2.79365079365079,0.251539456325135,0.298734377033909,0.0548987683957796,5.67869153780865
2.79375,0.251518923298868,0.298715326025907,0.0548725103107461,5.67883974196392
2.79384920634921,0.251498392261125,0.298696274419118,0.0548462647883405,5.67898793193737
2.79394841269841,0.251477863211577,0.298677222214556,0.0548200318227112,5.67913610773131
2.79404761904762,0.251457336149894,0.298658169413238,0.0547938114080087,5.67928426934804
2.79414682539683,0.251436811075746,0.29863911601618,0.0547676035383854,5.67943241678983
2.79424603174603,0.251416287988804,0.298620062024397,0.0547414082079959,5.679580550059
2.79434523809524,0.251395766888737,0.298601007438903,0.0547152254109969,5.67972866915783
2.79444444444444,0.251375247775217,0.298581952260713,0.0546890551415466,5.67987677408861
2.79454365079365,0.251354730647914,0.29856289649084,0.0546628973938058,5.68002486485365
2.79464285714286,0.251334215506498,0.298543840130299,0.054636752161937,5.68017294145522
2.79474206349206,0.251313702350642,0.298524783180101,0.0546106194401048,5.68032100389564
2.79484126984127,0.251293191180014,0.298505725641261,0.0545844992224757,5.68046905217717
2.79494047619048,0.251272681994287,0.29848666751479,0.0545583915032183,5.68061708630212
2.79503968253968,0.251252174793132,0.2984676088017,0.0545322962765033,5.68076510627278
2.79513888888889,0.25123166957622,0.298448549503003,0.0545062135365033,5.68091311209143
2.7952380952381,0.251211166343222,0.29842948961971,0.0544801432773928,5.68106110376037
2.7953373015873,0.251190665093809,0.298410429152831,0.0544540854933487,5.68120908128188
2.79543650793651,0.251170165827654,0.298391368103377,0.0544280401785494,5.68135704465824
2.79553571428571,0.251149668544427,0.298372306472358,0.0544020073271758,5.68150499389176
2.79563492063492,0.251129173243801,0.298353244260784,0.0543759869334103,5.6816529289847
2.79573412698413,0.251108679925447,0.298334181469663,0.0543499789914378,5.68180084993937
2.79583333333333,0.251088188589037,0.298315118100004,0.054323983495445,5.68194875675804
2.79593253968254,0.251067699234243,0.298296054152816,0.0542980004396205,5.68209664944301
2.79603174603175,0.251047211860738,0.298276989629107,0.0542720298181551,5.68224452799654
2.79613095238095,0.251026726468193,0.298257924529884,0.0542460716252416,5.68239239242094
2.79623015873016,0.251006243056281,0.298238858856154,0.0542201258550746,5.68254024271848
2.79632936507937,0.250985761624674,0.298219792608925,0.054194192501851,5.68268807889144
2.79642857142857,0.250965282173045,0.298200725789202,0.0541682715597694,5.68283590094211
2.79652777777778,0.250944804701066,0.298181658397991,0.0541423630230307,5.68298370887276
2.79662698412698,0.250924329208411,0.298162590436298,0.0541164668858378,5.68313150268569
2.79672619047619,0.250903855694751,0.298143521905129,0.0540905831423952,5.68327928238316
2.7968253968254,0.250883384159759,0.298124452805488,0.0540647117869101,5.68342704796746
2.7969246031746,0.25086291460311,0.298105383138379,0.0540388528135911,5.68357479944088
2.79702380952381,0.250842447024475,0.298086312904806,0.054013006216649,5.68372253680568
2.79712301587302,0.250821981423529,0.298067242105774,0.0539871719902967,5.68387026006414
2.79722222222222,0.250801517799943,0.298048170742285,0.0539613501287492,5.68401796921855
2.79732142857143,0.250781056153393,0.298029098815341,0.0539355406262233,5.68416566427118
2.79742063492063,0.25076059648355,0.298010026325946,0.0539097434769377,5.68431334522431
2.79751984126984,0.25074013879009,0.297990953275102,0.0538839586751136,5.68446101208021
2.79761904761905,0.250719683072684,0.297971879663809,0.0538581862149738,5.68460866484115
2.79771825396825,0.250699229331009,0.29795280549307,0.0538324260907432,5.68475630350942
2.79781746031746,0.250678777564736,0.297933730763885,0.0538066782966487,5.68490392808729
2.79791666666667,0.250658327773541,0.297914655477254,0.0537809428269192,5.68505153857703
2.79801587301587,0.250637879957096,0.297895579634178,0.0537552196757858,5.68519913498091
2.79811507936508,0.250617434115078,0.297876503235656,0.0537295088374814,5.68534671730121
2.79821428571429,0.250596990247158,0.297857426282687,0.0537038103062409,5.6854942855402
2.79831349206349,0.250576548353013,0.297838348776271,0.0536781240763015,5.68564183970015
2.7984126984127,0.250556108432317,0.297819270717405,0.0536524501419021,5.68578937978333
2.7985119047619,0.250535670484744,0.297800192107088,0.0536267884972837,5.68593690579201
2.79861111111111,0.250515234509969,0.297781112946317,0.0536011391366892,5.68608441772846
2.79871031746032,0.250494800507666,0.29776203323609,0.0535755020543639,5.68623191559496
2.79880952380952,0.250474368477511,0.297742952977403,0.0535498772445546,5.68637939939376
2.79890873015873,0.250453938419178,0.297723872171253,0.0535242647015105,5.68652686912714
2.79900793650794,0.250433510332343,0.297704790818635,0.0534986644194827,5.68667432479737
2.79910714285714,0.25041308421668,0.297685708920547,0.0534730763927243,5.6868217664067
2.79920634920635,0.250392660071866,0.297666626477982,0.0534475006154903,5.68696919395742
2.79930555555556,0.250372237897575,0.297647543491937,0.0534219370820379,5.68711660745178
2.79940476190476,0.250351817693483,0.297628459963404,0.053396385786626,5.68726400689205
2.79950396825397,0.250331399459265,0.297609375893378,0.053370846723516,5.68741139228049
2.79960317460317,0.250310983194598,0.297590291282854,0.053345319886971,5.68755876361937
2.79970238095238,0.250290568899156,0.297571206132824,0.0533198052712559,5.68770612091095
2.79980158730159,0.250270156572616,0.29755212044428,0.0532943028706383,5.6878534641575
2.79990079365079,0.250249746214654,0.297533034218217,0.053268812679387,5.68800079336127
2.8,0.250229337824945,0.297513947455625,0.0532433346917734,5.68814810852454
2.80009920634921,0.250208931403166,0.297494860157497,0.0532178689020706,5.68829540964955
2.80019841269841,0.250188526948994,0.297475772324823,0.0531924153045539,5.68844269673858
2.80029761904762,0.250168124462104,0.297456683958595,0.0531669738935005,5.68858996979387
2.80039682539683,0.250147723942173,0.297437595059802,0.0531415446631894,5.6887372288177
2.80049603174603,0.250127325388878,0.297418505629437,0.0531161276079023,5.68888447381232
2.80059523809524,0.250106928801895,0.297399415668487,0.0530907227219222,5.68903170477999
2.80069444444444,0.250086534180901,0.297380325177942,0.0530653299995343,5.68917892172297
2.80079365079365,0.250066141525573,0.297361234158791,0.0530399494350261,5.6893261246435
2.80089285714286,0.250045750835588,0.297342142612023,0.0530145810226866,5.68947331354387
2.80099206349206,0.250025362110622,0.297323050538626,0.0529892247568074,5.6896204884263
2.80109126984127,0.250004975350354,0.297303957939587,0.0529638806316817,5.68976764929308
2.80119047619048,0.249984590554459,0.297284864815894,0.0529385486416047,5.68991479614644
2.80128968253968,0.249964207722617,0.297265771168534,0.052913228780874,5.69006192898864
2.80138888888889,0.249943826854503,0.297246676998494,0.0528879210437888,5.69020904782194
2.8014880952381,0.249923447949796,0.297227582306758,0.0528626254246505,5.69035615264859
2.8015873015873,0.249903071008174,0.297208487094314,0.0528373419177624,5.69050324347084
2.80168650793651,0.249882696029313,0.297189391362147,0.05281207051743,5.69065032029095
2.80178571428571,0.249862323012892,0.297170295111241,0.0527868112179606,5.69079738311117
2.80188492063492,0.249841951958589,0.297151198342581,0.0527615640136637,5.69094443193375
2.80198412698413,0.249821582866082,0.297132101057151,0.0527363288988507,5.69109146676093
2.80208333333333,0.249801215735049,0.297113003255935,0.052711105867835,5.69123848759498
2.80218253968254,0.249780850565168,0.297093904939917,0.0526858949149321,5.69138549443813
2.80228174603175,0.249760487356118,0.297074806110078,0.0526606960344594,5.69153248729264
2.80238095238095,0.249740126107576,0.297055706767403,0.0526355092207363,5.69167946616076
2.80248015873016,0.249719766819223,0.297036606912873,0.0526103344680845,5.69182643104474
2.80257936507937,0.249699409490735,0.297017506547469,0.0525851717708273,5.69197338194682
2.80267857142857,0.249679054121792,0.296998405672174,0.0525600211232903,5.69212031886924
2.80277777777778,0.249658700712073,0.296979304287968,0.052534882519801,5.69226724181426
2.80287698412698,0.249638349261257,0.296960202395832,0.0525097559546889,5.69241415078412
2.80297619047619,0.249617999769022,0.296941099996746,0.0524846414222855,5.69256104578106
2.8030753968254,0.249597652235048,0.296921997091689,0.0524595389169244,5.69270792680734
2.8031746031746,0.249577306659015,0.296902893681641,0.0524344484329413,5.69285479386519
2.80327380952381,0.2495569630406,0.296883789767582,0.0524093699646735,5.69300164695685
2.80337301587302,0.249536621379485,0.29686468535049,0.0523843035064607,5.69314848608458
2.80347222222222,0.249516281675348,0.296845580431342,0.0523592490526447,5.69329531125061
2.80357142857143,0.249495943927869,0.296826475011117,0.0523342065975688,5.69344212245718
2.80367063492063,0.249475608136727,0.296807369090793,0.0523091761355788,5.69358891970654
2.80376984126984,0.249455274301604,0.296788262671345,0.0522841576610223,5.69373570300092
2.80386904761905,0.249434942422177,0.296769155753752,0.0522591511682488,5.69388247234257
2.80396825396825,0.249414612498128,0.296750048338988,0.0522341566516103,5.69402922773373
2.80406746031746,0.249394284529137,0.296730940428031,0.0522091741054601,5.69417596917663
2.80416666666667,0.249373958514883,0.296711832021854,0.052184203524154,5.69432269667351
2.80426587301587,0.249353634455048,0.296692723121434,0.0521592449020498,5.69446941022661
2.80436507936508,0.249333312349311,0.296673613727745,0.0521342982335071,5.69461610983817
2.80446428571429,0.249312992197353,0.296654503841761,0.0521093635128877,5.69476279551042
2.80456349206349,0.249292673998855,0.296635393464457,0.0520844407345551,5.6949094672456
2.8046626984127,0.249272357753497,0.296616282596804,0.0520595298928753,5.69505612504595
2.8047619047619,0.24925204346096,0.296597171239778,0.052034630982216,5.6952027689137
2.80486111111111,0.249231731120926,0.296578059394349,0.0520097439969468,5.69534939885108
2.80496031746032,0.249211420733075,0.296558947061491,0.0519848689314396,5.69549601486034
2.80505952380952,0.249191112297087,0.296539834242175,0.0519600057800682,5.69564261694369
2.80515873015873,0.249170805812646,0.296520720937373,0.0519351545372083,5.69578920510338
2.80525793650794,0.249150501279431,0.296501607148056,0.0519103151972379,5.69593577934163
2.80535714285714,0.249130198697124,0.296482492875195,0.0518854877545365,5.69608233966069
2.80545634920635,0.249109898065407,0.296463378119759,0.0518606722034862,5.69622888606277
2.80555555555556,0.249089599383961,0.296444262882719,0.0518358685384707,5.69637541855011
2.80565476190476,0.249069302652468,0.296425147165044,0.0518110767538759,5.69652193712495
2.80575396825397,0.24904900787061,0.296406030967703,0.0517862968440897,5.6966684417895
2.80585317460317,0.249028715038068,0.296386914291665,0.051761528803502,5.696814932546
2.80595238095238,0.249008424154525,0.296367797137899,0.0517367726265046,5.69696140939667
2.80605158730159,0.248988135219663,0.296348679507371,0.0517120283074913,5.69710787234375
2.80615079365079,0.248967848233164,0.29632956140105,0.0516872958408583,5.69725432138946
2.80625,0.24894756319471,0.296310442819903,0.0516625752210033,5.69740075653603
2.80634920634921,0.248927280103983,0.296291323764896,0.0516378664423263,5.69754717778568
2.80644841269841,0.248906998960667,0.296272204236996,0.0516131694992292,5.69769358514064
2.80654761904762,0.248886719764444,0.296253084237169,0.0515884843861161,5.69783997860314
2.80664682539683,0.248866442514996,0.296233963766379,0.0515638110973929,5.69798635817539
2.80674603174603,0.248846167212006,0.296214842825593,0.0515391496274675,5.69813272385962
2.80684523809524,0.248825893855157,0.296195721415775,0.0515144999707498,5.69827907565806
2.80694444444444,0.248805622444132,0.296176599537889,0.0514898621216522,5.69842541357292
2.80704365079365,0.248785352978615,0.2961574771929,0.0514652360745883,5.69857173760643
2.80714285714286,0.248765085458288,0.29613835438177,0.0514406218239743,5.69871804776082
2.80724206349206,0.248744819882834,0.296119231105463,0.0514160193642283,5.6988643440383
2.80734126984127,0.248724556251938,0.296100107364941,0.0513914286897703,5.69901062644108
2.80744047619048,0.248704294565282,0.296080983161168,0.0513668497950223,5.6991568949714
2.80753968253968,0.24868403482255,0.296061858495104,0.0513422826744083,5.69930314963147
2.80763888888889,0.248663777023426,0.296042733367712,0.0513177273223547,5.69944939042351
2.8077380952381,0.248643521167593,0.296023607779952,0.0512931837332893,5.69959561734974
2.8078373015873,0.248623267254736,0.296004481732786,0.0512686519016423,5.69974183041238
2.80793650793651,0.248603015284538,0.295985355227173,0.0512441318218458,5.69988802961363
2.80803571428571,0.248582765256683,0.295966228264075,0.0512196234883341,5.70003421495572
2.80813492063492,0.248562517170857,0.295947100844449,0.0511951268955431,5.70018038644087
2.80823412698413,0.248542271026742,0.295927972969256,0.0511706420379111,5.70032654407129
2.80833333333333,0.248522026824023,0.295908844639453,0.0511461689098782,5.7004726878492
2.80843253968254,0.248501784562386,0.295889715856001,0.0511217075058866,5.7006188177768
2.80853174603175,0.248481544241513,0.295870586619856,0.0510972578203806,5.70076493385631
2.80863095238095,0.248461305861091,0.295851456931976,0.0510728198478061,5.70091103608995
2.80873015873016,0.248441069420803,0.295832326793318,0.0510483935826116,5.70105712447993
2.80882936507937,0.248420834920335,0.295813196204839,0.0510239790192473,5.70120319902845
2.80892857142857,0.248400602359371,0.295794065167496,0.0509995761521654,5.70134925973774
2.80902777777778,0.248380371737598,0.295774933682244,0.05097518497582,5.70149530661
2.80912698412698,0.248360143054699,0.295755801750039,0.0509508054846675,5.70164133964744
2.80922619047619,0.24833991631036,0.295736669371836,0.0509264376731662,5.70178735885228
2.8093253968254,0.248319691504266,0.295717536548591,0.0509020815357763,5.70193336422671
2.8094246031746,0.248299468636104,0.295698403281256,0.0508777370669601,5.70207935577296
2.80952380952381,0.248279247705558,0.295679269570788,0.050853404261182,5.70222533349322
2.80962301587302,0.248259028712314,0.295660135418138,0.0508290831129083,5.7023712973897
2.80972222222222,0.248238811656058,0.29564100082426,0.0508047736166072,5.70251724746462
2.80982142857143,0.248218596536475,0.295621865790108,0.0507804757667491,5.70266318372018
2.80992063492063,0.248198383353253,0.295602730316633,0.0507561895578065,5.70280910615858
2.81001984126984,0.248178172106076,0.295583594404788,0.0507319149842535,5.70295501478202
2.81011904761905,0.24815796279463,0.295564458055523,0.0507076520405667,5.70310090959273
2.81021825396825,0.248137755418604,0.295545321269792,0.0506834007212244,5.70324679059289
2.81031746031746,0.248117549977681,0.295526184048543,0.050659161020707,5.70339265778471
2.81041666666667,0.24809734647155,0.295507046392728,0.0506349329334969,5.70353851117039
2.81051587301587,0.248077144899896,0.295487908303297,0.0506107164540785,5.70368435075214
2.81061507936508,0.248056945262406,0.295468769781199,0.0505865115769383,5.70383017653216
2.81071428571429,0.248036747558767,0.295449630827384,0.0505623182965648,5.70397598851265
2.81081349206349,0.248016551788666,0.2954304914428,0.0505381366074482,5.70412178669581
2.8109126984127,0.247996357951789,0.295411351628396,0.0505139665040813,5.70426757108384
2.8110119047619,0.247976166047824,0.29539221138512,0.0504898079809584,5.70441334167893
2.81111111111111,0.247955976076458,0.295373070713919,0.050465661032576,5.7045590984833
2.81121031746032,0.247935788037378,0.295353929615742,0.0504415256534326,5.70470484149914
2.81130952380952,0.247915601930272,0.295334788091534,0.0504174018380288,5.70485057072864
2.81140873015873,0.247895417754826,0.295315646142243,0.050393289580867,5.704996286174
2.81150793650794,0.247875235510729,0.295296503768814,0.0503691888764519,5.70514198783742
2.81160714285714,0.247855055197667,0.295277360972192,0.0503450997192898,5.70528767572109
2.81170634920635,0.24783487681533,0.295258217753324,0.0503210221038895,5.70543334982722
2.81180555555556,0.247814700363404,0.295239074113154,0.0502969560247615,5.70557901015799
2.81190476190476,0.247794525841578,0.295219930052627,0.0502729014764184,5.70572465671561
2.81200396825397,0.247774353249539,0.295200785572687,0.0502488584533747,5.70587028950226
2.81210317460317,0.247754182586976,0.295181640674277,0.0502248269501471,5.70601590852013
2.81220238095238,0.247734013853577,0.29516249535834,0.0502008069612542,5.70616151377143
2.81230158730159,0.24771384704903,0.295143349625821,0.0501767984812166,5.70630710525834
2.81240079365079,0.247693682173024,0.29512420347766,0.0501528015045571,5.70645268298305
2.8125,0.247673519225247,0.295105056914801,0.0501288160258001,5.70659824694776
2.81259920634921,0.247653358205388,0.295085909938184,0.0501048420394725,5.70674379715465
2.81269841269841,0.247633199113135,0.295066762548752,0.0500808795401028,5.70688933360593
2.81279761904762,0.247613041948178,0.295047614747445,0.0500569285222218,5.70703485630376
2.81289682539683,0.247592886710205,0.295028466535204,0.0500329889803622,5.70718036525036
2.81299603174603,0.247572733398905,0.295009317912969,0.0500090609090586,5.70732586044789
2.81309523809524,0.247552582013968,0.294990168881679,0.0499851443028478,5.70747134189856
2.81319444444444,0.247532432555083,0.294971019442274,0.0499612391562686,5.70761680960454
2.81329365079365,0.247512285021938,0.294951869595692,0.0499373454638617,5.70776226356803
2.81339285714286,0.247492139414224,0.294932719342874,0.0499134632201699,5.70790770379121
2.81349206349206,0.247471995731629,0.294913568684755,0.0498895924197377,5.70805313027626
2.81359126984127,0.247451853973845,0.294894417622275,0.0498657330571123,5.70819854302538
2.81369047619048,0.247431714140559,0.29487526615637,0.0498418851268423,5.70834394204074
2.81378968253968,0.247411576231462,0.294856114287978,0.0498180486234784,5.70848932732453
2.81388888888889,0.247391440246245,0.294836962018035,0.0497942235415736,5.70863469887893
2.8139880952381,0.247371306184596,0.294817809347478,0.0497704098756826,5.70878005670613
2.8140873015873,0.247351174046206,0.294798656277241,0.0497466076203623,5.70892540080831
2.81418650793651,0.247331043830766,0.294779502808261,0.0497228167701715,5.70907073118764
2.81428571428571,0.247310915537965,0.294760348941472,0.0496990373196712,5.70921604784631
2.81438492063492,0.247290789167494,0.294741194677809,0.0496752692634242,5.70936135078651
2.81448412698413,0.247270664719044,0.294722040018206,0.0496515125959953,5.70950664001041
2.81458333333333,0.247250542192305,0.294702884963597,0.0496277673119515,5.70965191552018
2.81468253968254,0.247230421586967,0.294683729514915,0.0496040334058617,5.70979717731801
2.81478174603175,0.247210302902722,0.294664573673093,0.0495803108722968,5.70994242540608
2.81488095238095,0.247190186139261,0.294645417439064,0.0495565997058297,5.71008765978657
2.81498015873016,0.247170071296274,0.29462626081376,0.0495328999010354,5.71023288046164
2.81507936507937,0.247149958373452,0.294607103798113,0.0495092114524909,5.71037808743349
2.81517857142857,0.247129847370488,0.294587946393055,0.049485534354775,5.71052328070428
2.81527777777778,0.247109738287071,0.294568788599515,0.0494618686024688,5.71066846027618
2.81537698412698,0.247089631122894,0.294549630418425,0.0494382141901554,5.71081362615138
2.81547619047619,0.247069525877648,0.294530471850715,0.0494145711124196,5.71095877833205
2.8155753968254,0.247049422551024,0.294511312897315,0.0493909393638486,5.71110391682036
2.8156746031746,0.247029321142715,0.294492153559154,0.0493673189390312,5.71124904161849
2.81577380952381,0.247009221652411,0.294472993837162,0.0493437098325586,5.71139415272861
2.81587301587302,0.246989124079806,0.294453833732266,0.0493201120390239,5.71153925015288
2.81597222222222,0.24696902842459,0.294434673245396,0.049296525553022,5.71168433389348
2.81607142857143,0.246948934686456,0.294415512377478,0.0492729503691501,5.71182940395259
2.81617063492063,0.246928842865097,0.294396351129441,0.0492493864820072,5.71197446033237
2.81626984126984,0.246908752960204,0.294377189502211,0.0492258338861945,5.712119503035
2.81636904761905,0.24688866497147,0.294358027496715,0.049202292576315,5.71226453206263
2.81646825396825,0.246868578898587,0.294338865113879,0.0491787625469738,5.71240954741745
2.81656746031746,0.246848494741247,0.294319702354629,0.0491552437927782,5.71255454910161
2.81666666666667,0.246828412499145,0.294300539219891,0.0491317363083372,5.71269953711729
2.81676587301587,0.246808332171972,0.29428137571059,0.0491082400882619,5.71284451146665
2.81686507936508,0.246788253759421,0.29426221182765,0.0490847551271657,5.71298947215186
2.81696428571429,0.246768177261185,0.294243047571995,0.0490612814196636,5.71313441917509
2.81706349206349,0.246748102676957,0.29422388294455,0.0490378189603728,5.71327935253849
2.8171626984127,0.246728030006431,0.294204717946237,0.0490143677439125,5.71342427224425
2.8172619047619,0.2467079592493,0.294185552577981,0.0489909277649041,5.71356917829451
2.81736111111111,0.246687890405257,0.294166386840703,0.0489674990179705,5.71371407069144
2.81746031746032,0.246667823473995,0.294147220735326,0.0489440814977372,5.71385894943721
2.81755952380952,0.246647758455208,0.294128054262771,0.0489206751988313,5.71400381453398
2.81765873015873,0.24662769534859,0.294108887423961,0.0488972801158821,5.71414866598391
2.81775793650794,0.246607634153835,0.294089720219816,0.0488738962435209,5.71429350378916
2.81785714285714,0.246587574870636,0.294070552651257,0.048850523576381,5.71443832795189
2.81795634920635,0.246567517498687,0.294051384719205,0.0488271621090976,5.71458313847427
2.81805555555556,0.246547462037683,0.294032216424578,0.0488038118363081,5.71472793535845
2.81815476190476,0.246527408487318,0.294013047768297,0.0487804727526518,5.71487271860659
2.81825396825397,0.246507356847285,0.293993878751281,0.04875714485277,5.71501748822085
2.81835317460317,0.24648730711728,0.293974709374448,0.048733828131306,5.71516224420338
2.81845238095238,0.246467259296996,0.293955539638717,0.0487105225829053,5.71530698655636
2.81855158730159,0.246447213386129,0.293936369545006,0.0486872282022152,5.71545171528192
2.81865079365079,0.246427169384372,0.293917199094232,0.0486639449838849,5.71559643038224
2.81875,0.246407127291421,0.293898028287312,0.048640672922566,5.71574113185946
2.81884920634921,0.24638708710697,0.293878857125163,0.0486174120129118,5.71588581971573
2.81894841269841,0.246367048830716,0.293859685608702,0.0485941622495778,5.71603049395322
2.81904761904762,0.246347012462351,0.293840513738844,0.0485709236272213,5.71617515457409
2.81914682539683,0.246326978001572,0.293821341516504,0.0485476961405019,5.71631980158047
2.81924603174603,0.246306945448074,0.293802168942599,0.0485244797840809,5.71646443497453
2.81934523809524,0.246286914801553,0.293782996018042,0.0485012745526218,5.71660905475841
2.81944444444444,0.246266886061703,0.293763822743748,0.04847808044079,5.71675366093427
2.81954365079365,0.24624685922822,0.293744649120632,0.0484548974432531,5.71689825350427
2.81964285714286,0.2462268343008,0.293725475149605,0.0484317255546806,5.71704283247054
2.81974206349206,0.246206811279139,0.293706300831582,0.0484085647697438,5.71718739783524
2.81984126984127,0.246186790162932,0.293687126167476,0.0483854150831165,5.71733194960053
2.81994047619048,0.246166770951876,0.293667951158199,0.048362276489474,5.71747648776854
2.82003968253968,0.246146753645666,0.293648775804662,0.048339148983494,5.71762101234143
2.82013888888889,0.246126738243999,0.293629600107777,0.0483160325598559,5.71776552332135
2.8202380952381,0.246106724746571,0.293610424068456,0.0482929272132414,5.71791002071044
2.8203373015873,0.246086713153078,0.293591247687609,0.048269832938334,5.71805450451085
2.82043650793651,0.246066703463216,0.293572070966147,0.0482467497298194,5.71819897472473
2.82053571428571,0.246046695676683,0.293552893904979,0.0482236775823849,5.71834343135422
2.82063492063492,0.246026689793174,0.293533716505015,0.0482006164907204,5.71848787440146
2.82073412698413,0.246006685812387,0.293514538767165,0.0481775664495174,5.71863230386861
2.82083333333333,0.245986683734018,0.293495360692337,0.0481545274534696,5.7187767197578
2.82093253968254,0.245966683557765,0.293476182281439,0.0481314994972725,5.71892112207118
2.82103174603175,0.245946685283324,0.29345700353538,0.0481084825756239,5.71906551081089
2.82113095238095,0.245926688910392,0.293437824455067,0.0480854766832235,5.71920988597908
2.82123015873016,0.245906694438667,0.293418645041407,0.0480624818147727,5.71935424757788
2.82132936507937,0.245886701867846,0.293399465295307,0.0480394979649756,5.71949859560944
2.82142857142857,0.245866711197626,0.293380285217674,0.0480165251285376,5.71964293007589
2.82152777777778,0.245846722427705,0.293361104809413,0.0479935633001665,5.71978725097938
2.82162698412698,0.245826735557781,0.29334192407143,0.0479706124745719,5.71993155832205
2.82172619047619,0.245806750587551,0.293322743004631,0.0479476726464658,5.72007585210603
2.8218253968254,0.245786767516714,0.29330356160992,0.0479247438105618,5.72022013233346
2.8219246031746,0.245766786344966,0.293284379888201,0.0479018259615757,5.72036439900649
2.82202380952381,0.245746807072006,0.293265197840379,0.0478789190942251,5.72050865212725
2.82212301587302,0.245726829697533,0.293246015467357,0.0478560232032301,5.72065289169787
2.82222222222222,0.245706854221244,0.293226832770039,0.0478331382833122,5.72079711772049
2.82232142857143,0.245686880642837,0.293207649749327,0.0478102643291953,5.72094133019725
2.82242063492063,0.245666908962012,0.293188466406123,0.0477874013356053,5.72108552913028
2.82251984126984,0.245646939178466,0.29316928274133,0.0477645492972699,5.72122971452172
2.82261904761905,0.245626971291899,0.29315009875585,0.0477417082089191,5.7213738863737
2.82271825396825,0.245607005302008,0.293130914450584,0.0477188780652845,5.72151804468835
2.82281746031746,0.245587041208494,0.293111729826432,0.0476960588611003,5.7216621894678
2.82291666666667,0.245567079011054,0.293092544884295,0.0476732505911021,5.7218063207142
2.82301587301587,0.245547118709387,0.293073359625073,0.047650453250028,5.72195043842966
2.82311507936508,0.245527160303194,0.293054174049665,0.0476276668326176,5.72209454261633
2.82321428571429,0.245507203792172,0.293034988158972,0.0476048913336131,5.72223863327632
2.82331349206349,0.245487249176022,0.293015801953891,0.0475821267477584,5.72238271041178
2.8234126984127,0.245467296454442,0.292996615435322,0.0475593730697993,5.72252677402483
2.8235119047619,0.245447345627132,0.292977428604162,0.0475366302944837,5.7226708241176
2.82361111111111,0.245427396693793,0.292958241461309,0.0475138984165617,5.72281486069221
2.82371031746032,0.245407449654123,0.292939054007661,0.0474911774307853,5.7229588837508
2.82380952380952,0.245387504507822,0.292919866244114,0.0474684673319083,5.72310289329549
2.82390873015873,0.24536756125459,0.292900678171564,0.0474457681146868,5.72324688932841
2.82400793650794,0.245347619894127,0.292881489790908,0.0474230797738789,5.72339087185169
2.82410714285714,0.245327680426134,0.292862301103042,0.0474004023042444,5.72353484086744
2.82420634920635,0.24530774285031,0.29284311210886,0.0473777357005455,5.7236787963778
2.82430555555556,0.245287807166356,0.292823922809259,0.0473550799575461,5.72382273838489
2.82440476190476,0.245267873373972,0.292804733205131,0.0473324350700125,5.72396666689083
2.82450396825397,0.245247941472859,0.292785543297372,0.0473098010327125,5.72411058189775
2.82460317460317,0.245228011462717,0.292766353086874,0.0472871778404161,5.72425448340777
2.82470238095238,0.245208083343247,0.292747162574532,0.0472645654878958,5.724398371423
2.82480158730159,0.24518815711415,0.292727971761239,0.0472419639699253,5.72454224594558
2.82490079365079,0.245168232775126,0.292708780647886,0.0472193732812809,5.72468610697763
2.825,0.245148310325877,0.292689589235366,0.0471967934167406,5.72482995452125
2.82509920634921,0.245128389766103,0.29267039752457,0.0471742243710847,5.72497378857858
2.82519841269841,0.245108471095506,0.292651205516391,0.0471516661390952,5.72511760915173
2.82529761904762,0.245088554313788,0.292632013211718,0.0471291187155564,5.72526141624282
2.82539682539683,0.245068639420649,0.292612820611443,0.0471065820952542,5.72540520985398
2.82549603174603,0.245048726415791,0.292593627716455,0.047084056272977,5.7255489899873
2.82559523809524,0.245028815298915,0.292574434527645,0.047061541243515,5.72569275664493
2.82569444444444,0.245008906069724,0.292555241045901,0.0470390370016602,5.72583650982896
2.82579365079365,0.244988998727919,0.292536047272113,0.0470165435422071,5.72598024954152
2.82589285714286,0.244969093273202,0.29251685320717,0.0469940608599517,5.72612397578471
2.82599206349206,0.244949189705274,0.292497658851958,0.0469715889496923,5.72626768856067
2.82609126984127,0.244929288023839,0.292478464207367,0.0469491278062292,5.7264113878715
2.82619047619048,0.244909388228598,0.292459269274283,0.0469266774243646,5.7265550737193
2.82628968253968,0.244889490319253,0.292440074053593,0.0469042377989028,5.72669874610621
2.82638888888889,0.244869594295506,0.292420878546185,0.04688180892465,5.72684240503432
2.8264880952381,0.244849700157061,0.292401682752943,0.0468593907964146,5.72698605050576
2.8265873015873,0.24482980790362,0.292382486674755,0.0468369834090068,5.72712968252263
2.82668650793651,0.244809917534886,0.292363290312505,0.0468145867572391,5.72727330108704
2.82678571428571,0.24479002905056,0.292344093667078,0.0467922008359257,5.72741690620111
2.82688492063492,0.244770142450347,0.292324896739359,0.0467698256398829,5.72756049786694
2.82698412698413,0.244750257733948,0.292305699530232,0.0467474611639291,5.72770407608664
2.82708333333333,0.244730374901068,0.292286502040581,0.0467251074028847,5.72784764086232
2.82718253968254,0.244710493951409,0.292267304271289,0.046702764351572,5.72799119219609
2.82728174603175,0.244690614884675,0.29224810622324,0.0466804320048155,5.72813473009006
2.82738095238095,0.244670737700568,0.292228907897315,0.0466581103574416,5.72827825454633
2.82748015873016,0.244650862398793,0.292209709294398,0.0466357994042785,5.72842176556701
2.82757936507937,0.244630988979053,0.292190510415369,0.0466134991401568,5.72856526315421
2.82767857142857,0.244611117441051,0.292171311261111,0.0465912095599089,5.72870874731002
2.82777777777778,0.244591247784492,0.292152111832504,0.0465689306583693,5.72885221803656
2.82787698412698,0.244571380009078,0.292132912130429,0.0465466624303744,5.72899567533593
2.82797619047619,0.244551514114515,0.292113712155766,0.0465244048707626,5.72913911921023
2.8280753968254,0.244531650100506,0.292094511909396,0.0465021579743744,5.72928254966157
2.8281746031746,0.244511787966756,0.292075311392196,0.0464799217360525,5.72942596669205
2.82827380952381,0.244491927712968,0.292056110605047,0.0464576961506411,5.72956937030376
2.82837301587302,0.244472069338846,0.292036909548828,0.0464354812129869,5.72971276049882
2.82847222222222,0.244452212844097,0.292017708224415,0.0464132769179384,5.72985613727932
2.82857142857143,0.244432358228423,0.291998506632688,0.0463910832603461,5.72999950064736
2.82867063492063,0.244412505491529,0.291979304774523,0.0463689002350626,5.73014285060504
2.82876984126984,0.244392654633121,0.291960102650798,0.0463467278369424,5.73028618715446
2.82886904761905,0.244372805652904,0.29194090026239,0.0463245660608422,5.73042951029772
2.82896825396825,0.244352958550581,0.291921697610174,0.0463024149016204,5.73057282003692
2.82906746031746,0.244333113325858,0.291902494695026,0.0462802743541377,5.73071611637415
2.82916666666667,0.244313269978441,0.291883291517823,0.0462581444132567,5.73085939931151
2.82926587301587,0.244293428508034,0.291864088079438,0.046236025073842,5.7310026688511
2.82936507936508,0.244273588914343,0.291844884380747,0.0462139163307603,5.73114592499501
2.82946428571429,0.244253751197073,0.291825680422624,0.0461918181788801,5.73128916774534
2.82956349206349,0.24423391535593,0.291806476205943,0.0461697306130722,5.73143239710418
2.8296626984127,0.244214081390619,0.291787271731577,0.0461476536282093,5.73157561307362
2.8297619047619,0.244194249300846,0.2917680670004,0.0461255872191659,5.73171881565577
2.82986111111111,0.244174419086318,0.291748862013283,0.0461035313808187,5.73186200485271
2.82996031746032,0.244154590746739,0.2917296567711,0.0460814861080466,5.73200518066653
2.83005952380952,0.244134764281817,0.291710451274722,0.0460594513957301,5.73214834309933
2.83015873015873,0.244114939691256,0.291691245525021,0.046037427238752,5.73229149215319
2.83025793650794,0.244095116974764,0.291672039522868,0.0460154136319971,5.73243462783022
2.83035714285714,0.244075296132046,0.291652833269133,0.0459934105703522,5.73257775013249
2.83045634920635,0.24405547716281,0.291633626764687,0.0459714180487058,5.7327208590621
2.83055555555556,0.244035660066761,0.2916144200104,0.0459494360619489,5.73286395462114
2.83065476190476,0.244015844843606,0.291595213007141,0.0459274646049742,5.73300703681168
2.83075396825397,0.243996031493052,0.29157600575578,0.0459055036726765,5.73315010563584
2.83085317460317,0.243976220014806,0.291556798257184,0.0458835532599526,5.73329316109568
2.83095238095238,0.243956410408575,0.291537590512223,0.0458616133617013,5.7334362031933
2.83105158730159,0.243936602674065,0.291518382521765,0.0458396839728235,5.73357923193078
2.83115079365079,0.243916796810984,0.291499174286676,0.045817765088222,5.7337222473102
2.83125,0.243896992819039,0.291479965807825,0.0457958567028016,5.73386524933366
2.83134920634921,0.243877190697937,0.291460757086077,0.0457739588114692,5.73400823800324
2.83144841269841,0.243857390447386,0.291441548122299,0.0457520714091338,5.73415121332102
2.83154761904762,0.243837592067093,0.291422338917357,0.0457301944907061,5.73429417528908
2.83164682539683,0.243817795556767,0.291403129472117,0.045708328051099,5.73443712390951
2.83174603174603,0.243798000916113,0.291383919787444,0.0456864720852275,5.73458005918439
2.83184523809524,0.243778208144841,0.291364709864202,0.0456646265880086,5.7347229811158
2.83194444444444,0.243758417242659,0.291345499703256,0.0456427915543611,5.73486588970582
2.83204365079365,0.243738628209273,0.291326289305469,0.0456209669792059,5.73500878495654
2.83214285714286,0.243718841044393,0.291307078671707,0.0455991528574662,5.73515166687002
2.83224206349206,0.243699055747727,0.29128786780283,0.0455773491840667,5.73529453544836
2.83234126984127,0.243679272318983,0.291268656699703,0.0455555559539345,5.73543739069363
2.83244047619048,0.243659490757868,0.291249445363188,0.0455337731619985,5.7355802326079
2.83253968253968,0.243639711064093,0.291230233794146,0.0455120008031899,5.73572306119326
2.83263888888889,0.243619933237365,0.29121102199344,0.0454902388724416,5.73586587645179
2.8327380952381,0.243600157277393,0.29119180996193,0.0454684873646886,5.73600867838555
2.8328373015873,0.243580383183886,0.291172597700477,0.0454467462748678,5.73615146699663
2.83293650793651,0.243560610956553,0.291153385209942,0.0454250155979186,5.7362942422871
2.83303571428571,0.243540840595103,0.291134172491184,0.0454032953287818,5.73643700425904
2.83313492063492,0.243521072099244,0.291114959545064,0.0453815854624006,5.73657975291451
2.83323412698413,0.243501305468686,0.291095746372439,0.04535988599372,5.73672248825561
2.83333333333333,0.243481540703139,0.291076532974171,0.0453381969176871,5.73686521028438
2.83343253968254,0.243461777802312,0.291057319351115,0.045316518229251,5.73700791900292
2.83353174603175,0.243442016765914,0.291038105504132,0.0452948499233629,5.73715061441329
2.83363095238095,0.243422257593655,0.291018891434077,0.0452731919949759,5.73729329651756
2.83373015873016,0.243402500285244,0.290999677141809,0.0452515444390451,5.73743596531781
2.83382936507937,0.243382744840391,0.290980462628184,0.0452299072505277,5.7375786208161
2.83392857142857,0.243362991258807,0.290961247894059,0.0452082804243828,5.7377212630145
2.83402777777778,0.243343239540201,0.29094203294029,0.0451866639555717,5.73786389191509
2.83412698412698,0.243323489684283,0.290922817767731,0.0451650578390575,5.73800650751993
2.83422619047619,0.243303741690764,0.29090360237724,0.0451434620698054,5.73814910983109
2.8343253968254,0.243283995559353,0.29088438676967,0.0451218766427825,5.73829169885064
2.8344246031746,0.243264251289762,0.290865170945875,0.0451003015529583,5.73843427458064
2.83452380952381,0.2432445088817,0.290845954906711,0.0450787367953038,5.73857683702316
2.83462301587302,0.243224768334878,0.29082673865303,0.0450571823647924,5.73871938618027
2.83472222222222,0.243205029649007,0.290807522185686,0.0450356382563992,5.73886192205403
2.83482142857143,0.243185292823797,0.290788305505531,0.0450141044651017,5.73900444464651
2.83492063492063,0.24316555785896,0.290769088613419,0.0449925809858789,5.73914695395977
2.83501984126984,0.243145824754207,0.290749871510201,0.0449710678137123,5.73928944999588
2.83511904761905,0.243126093509248,0.290730654196728,0.0449495649435851,5.73943193275689
2.83521825396825,0.243106364123795,0.290711436673853,0.0449280723704828,5.73957440224488
2.83531746031746,0.243086636597558,0.290692218942425,0.0449065900893925,5.73971685846189
2.83541666666667,0.24306691093025,0.290673001003296,0.0448851180953035,5.73985930141
2.83551587301587,0.243047187121582,0.290653782857315,0.0448636563832075,5.74000173109126
2.83561507936508,0.243027465171265,0.290634564505333,0.0448422049480975,5.74014414750774
2.83571428571429,0.243007745079012,0.290615345948198,0.0448207637849691,5.74028655066149
2.83581349206349,0.242988026844533,0.290596127186759,0.0447993328888195,5.74042894055458
2.8359126984127,0.24296831046754,0.290576908221865,0.0447779122546483,5.74057131718906
2.8360119047619,0.242948595947747,0.290557689054364,0.0447565018774568,5.74071368056699
2.83611111111111,0.242928883284864,0.290538469685104,0.0447351017522484,5.74085603069042
2.83621031746032,0.242909172478604,0.290519250114931,0.0447137118740286,5.74099836756142
2.83630952380952,0.242889463528678,0.290500030344694,0.0446923322378048,5.74114069118204
2.83640873015873,0.242869756434801,0.290480810375237,0.0446709628385865,5.74128300155434
2.83650793650794,0.242850051196683,0.290461590207408,0.0446496036713851,5.74142529868036
2.83660714285714,0.242830347814038,0.290442369842053,0.0446282547312141,5.74156758256218
2.83670634920635,0.242810646286578,0.290423149280015,0.0446069160130891,5.74170985320183
2.83680555555556,0.242790946614016,0.290403928522141,0.0445855875120274,5.74185211060138
2.83690476190476,0.242771248796064,0.290384707569275,0.0445642692230487,5.74199435476287
2.83700396825397,0.242751552832436,0.290365486422261,0.0445429611411744,5.74213658568836
2.83710317460317,0.242731858722845,0.290346265081943,0.0445216632614282,5.74227880337991
2.83720238095238,0.242712166467004,0.290327043549163,0.0445003755788354,5.74242100783955
2.83730158730159,0.242692476064626,0.290307821824766,0.0444790980884238,5.74256319906935
2.83740079365079,0.242672787515424,0.290288599909593,0.0444578307852228,5.74270537707135
2.8375,0.242653100819112,0.290269377804487,0.0444365736642641,5.7428475418476
2.83759920634921,0.242633415975404,0.29025015551029,0.0444153267205812,5.74298969340016
2.83769841269841,0.242613732984013,0.290230933027842,0.0443940899492099,5.74313183173106
2.83779761904762,0.242594051844652,0.290211710357985,0.0443728633451876,5.74327395684237
2.83789682539683,0.242574372557037,0.290192487501559,0.044351646903554,5.74341606873611
2.83799603174603,0.24255469512088,0.290173264459405,0.0443304406193507,5.74355816741435
2.83809523809524,0.242535019535895,0.290154041232361,0.0443092444876215,5.74370025287913
2.83819444444444,0.242515345801798,0.290134817821269,0.044288058503412,5.74384232513249
2.83829365079365,0.242495673918301,0.290115594226966,0.0442668826617698,5.74398438417648
2.83839285714286,0.24247600388512,0.290096370450291,0.0442457169577446,5.74412643001314
2.83849206349206,0.242456335701968,0.290077146492082,0.0442245613863882,5.74426846264452
2.83859126984127,0.242436669368561,0.290057922353177,0.0442034159427542,5.74441048207266
2.83869047619048,0.242417004884613,0.290038698034414,0.0441822806218984,5.7445524882996
2.83878968253968,0.242397342249839,0.290019473536629,0.0441611554188785,5.74469448132739
2.83888888888889,0.242377681463953,0.29000024886066,0.0441400403287543,5.74483646115807
2.8389880952381,0.242358022526671,0.289981024007341,0.0441189353465875,5.74497842779367
2.8390873015873,0.242338365437707,0.28996179897751,0.0440978404674419,5.74512038123624
2.83918650793651,0.242318710196776,0.289942573772,0.0440767556863833,5.74526232148783
2.83928571428571,0.242299056803595,0.289923348391649,0.0440556809984794,5.74540424855046
2.83938492063492,0.242279405257877,0.289904122837289,0.0440346163988001,5.74554616242617
2.83948412698413,0.24225975555934,0.289884897109756,0.0440135618824171,5.74568806311702
2.83958333333333,0.242240107707697,0.289865671209882,0.0439925174444045,5.74582995062503
2.83968253968254,0.242220461702665,0.289846445138502,0.0439714830798378,5.74597182495223
2.83978174603175,0.242200817543959,0.289827218896448,0.0439504587837951,5.74611368610068
2.83988095238095,0.242181175231296,0.289807992484554,0.0439294445513561,5.7462555340724
2.83998015873016,0.242161534764391,0.289788765903651,0.0439084403776028,5.74639736886942
2.84007936507937,0.24214189614296,0.289769539154571,0.043887446257619,5.74653919049379
2.84017857142857,0.24212225936672,0.289750312238145,0.0438664621864907,5.74668099894754
2.84027777777778,0.242102624435385,0.289731085155205,0.0438454881593056,5.7468227942327
2.84037698412698,0.242082991348674,0.289711857906581,0.0438245241711538,5.74696457635131
2.84047619047619,0.242063360106302,0.289692630493104,0.0438035702171273,5.7471063453054
2.8405753968254,0.242043730707986,0.289673402915603,0.0437826262923198,5.74724810109699
2.8406746031746,0.242024103153442,0.289654175174908,0.0437616923918275,5.74738984372813
2.84077380952381,0.242004477442387,0.289634947271848,0.0437407685107482,5.74753157320084
2.84087301587302,0.241984853574538,0.289615719207251,0.043719854644182,5.74767328951715
2.84097222222222,0.241965231549612,0.289596490981946,0.0436989507872308,5.7478149926791
2.84107142857143,0.241945611367326,0.28957726259676,0.0436780569349987,5.7479566826887
2.84117063492063,0.241925993027396,0.289558034052522,0.0436571730825916,5.748098359548
2.84126984126984,0.241906376529541,0.289538805350057,0.0436362992251176,5.74824002325902
2.84136904761905,0.241886761873477,0.289519576490194,0.0436154353576866,5.74838167382379
2.84146825396825,0.241867149058922,0.289500347473757,0.0435945814754109,5.74852331124433
2.84156746031746,0.241847538085593,0.289481118301574,0.0435737375734044,5.74866493552267
2.84166666666667,0.241827928953208,0.289461888974469,0.0435529036467831,5.74880654666084
2.84176587301587,0.241808321661485,0.289442659493267,0.0435320796906652,5.74894814466086
2.84186507936508,0.241788716210141,0.289423429858793,0.0435112657001709,5.74908972952475
2.84196428571429,0.241769112598894,0.289404200071873,0.0434904616704221,5.74923130125455
2.84206349206349,0.241749510827463,0.289384970133328,0.043469667596543,5.74937285985228
2.8421626984127,0.241729910895565,0.289365740043983,0.0434488834736598,5.74951440531995
2.8422619047619,0.241710312802918,0.289346509804661,0.0434281092969005,5.74965593765959
2.84236111111111,0.241690716549242,0.289327279416185,0.0434073450613954,5.74979745687323
2.84246031746032,0.241671122134253,0.289308048879377,0.0433865907622765,5.74993896296288
2.84255952380952,0.241651529557672,0.289288818195059,0.0433658463946782,5.75008045593056
2.84265873015873,0.241631938819215,0.289269587364052,0.0433451119537365,5.7502219357783
2.84275793650794,0.241612349918603,0.289250356387178,0.0433243874345897,5.75036340250812
2.84285714285714,0.241592762855553,0.289231125265257,0.0433036728323779,5.75050485612203
2.84295634920635,0.241573177629786,0.28921189399911,0.0432829681422434,5.75064629662205
2.84305555555556,0.241553594241018,0.289192662589556,0.0432622733593305,5.7507877240102
2.84315476190476,0.241534012688971,0.289173431037415,0.0432415884787854,5.75092913828851
2.84325396825397,0.241514432973362,0.289154199343506,0.0432209134957562,5.75107053945898
2.84335317460317,0.241494855093912,0.289134967508648,0.0432002484053935,5.75121192752363
2.84345238095238,0.241475279050339,0.289115735533659,0.0431795932028493,5.75135330248448
2.84355158730159,0.241455704842364,0.289096503419358,0.0431589478832779,5.75149466434354
2.84365079365079,0.241436132469705,0.289077271166561,0.0431383124418358,5.75163601310283
2.84375,0.241416561932082,0.289058038776087,0.0431176868736812,5.75177734876437
2.84384920634921,0.241396993229215,0.28903880624875,0.0430970711739744,5.75191867133015
2.84394841269841,0.241377426360824,0.289019573585369,0.0430764653378777,5.75205998080221
2.84404761904762,0.24135786132663,0.289000340786759,0.0430558693605557,5.75220127718255
2.84414682539683,0.241338298126351,0.288981107853735,0.0430352832371745,5.75234256047319
2.84424603174603,0.241318736759708,0.288961874787113,0.0430147069629026,5.75248383067612
2.84434523809524,0.241299177226422,0.288942641587707,0.0429941405329102,5.75262508779338
2.84444444444444,0.241279619526212,0.288923408256333,0.04297358394237,5.75276633182696
2.84454365079365,0.2412600636588,0.288904174793803,0.0429530371864563,5.75290756277887
2.84464285714286,0.241240509623906,0.288884941200931,0.0429325002603454,5.75304878065113
2.84474206349206,0.24122095742125,0.288865707478531,0.0429119731592157,5.75318998544574
2.84484126984127,0.241201407050554,0.288846473627415,0.0428914558782479,5.75333117716472
2.84494047619048,0.241181858511537,0.288827239648396,0.0428709484126243,5.75347235581006
2.84503968253968,0.241162311803922,0.288808005542286,0.0428504507575294,5.75361352138378
2.84513888888889,0.241142766927428,0.288788771309896,0.0428299629081496,5.75375467388788
2.8452380952381,0.241123223881778,0.288769536952038,0.0428094848596735,5.75389581332436
2.8453373015873,0.241103682666693,0.288750302469522,0.0427890166072915,5.75403693969524
2.84543650793651,0.241084143281894,0.288731067863158,0.0427685581461962,5.75417805300252
2.84553571428571,0.241064605727101,0.288711833133758,0.0427481094715821,5.7543191532482
2.84563492063492,0.241045070002038,0.288692598282129,0.0427276705786458,5.75446024043428
2.84573412698413,0.241025536106426,0.288673363309083,0.0427072414625857,5.75460131456277
2.84583333333333,0.241006004039985,0.288654128215426,0.0426868221186024,5.75474237563567
2.84593253968254,0.240986473802439,0.288634893001969,0.0426664125418986,5.75488342365499
2.84603174603175,0.240966945393509,0.288615657669518,0.0426460127276788,5.75502445862271
2.84613095238095,0.240947418812917,0.288596422218882,0.0426256226711496,5.75516548054085
2.84623015873016,0.240927894060386,0.288577186650868,0.0426052423675195,5.75530648941141
2.84632936507937,0.240908371135637,0.288557950966282,0.0425848718119993,5.75544748523637
2.84642857142857,0.240888850038393,0.288538715165931,0.0425645109998015,5.75558846801776
2.84652777777778,0.240869330768376,0.288519479250621,0.0425441599261408,5.75572943775755
2.84662698412698,0.240849813325309,0.288500243221158,0.0425238185862339,5.75587039445775
2.84672619047619,0.240830297708915,0.288481007078347,0.0425034869752994,5.75601133812035
2.8468253968254,0.240810783918916,0.288461770822992,0.042483165088558,5.75615226874736
2.8469246031746,0.240791271955035,0.288442534455899,0.0424628529212323,5.75629318634077
2.84702380952381,0.240771761816995,0.288423297977871,0.0424425504685472,5.75643409090258
2.84712301587302,0.24075225350452,0.288404061389712,0.0424222577257292,5.75657498243477
2.84722222222222,0.240732747017331,0.288384824692225,0.0424019746880072,5.75671586093935
2.84732142857143,0.240713242355153,0.288365587886213,0.0423817013506117,5.7568567264183
2.84742063492063,0.240693739517709,0.288346350972479,0.0423614377087757,5.75699757887363
2.84751984126984,0.240674238504722,0.288327113951824,0.0423411837577338,5.75713841830732
2.84761904761905,0.240654739315916,0.288307876825051,0.0423209394927229,5.75727924472137
2.84771825396825,0.240635241951014,0.28828863959296,0.0423007049089816,5.75742005811777
2.84781746031746,0.24061574640974,0.288269402256353,0.0422804800017509,5.75756085849851
2.84791666666667,0.240596252691818,0.28825016481603,0.0422602647662735,5.75770164586558
2.84801587301587,0.240576760796972,0.288230927272791,0.0422400591977941,5.75784242022096
2.84811507936508,0.240557270724926,0.288211689627435,0.0422198632915598,5.75798318156666
2.84821428571429,0.240537782475405,0.288192451880763,0.0421996770428192,5.75812392990466
2.84831349206349,0.240518296048131,0.288173214033573,0.0421795004468233,5.75826466523694
2.8484126984127,0.24049881144283,0.288153976086663,0.0421593334988248,5.7584053875655
2.8485119047619,0.240479328659225,0.288134738040831,0.0421391761940788,5.75854609689232
2.84861111111111,0.240459847697043,0.288115499896876,0.042119028527842,5.75868679321939
2.84871031746032,0.240440368556006,0.288096261655595,0.0420988904953734,5.75882747654869
2.84880952380952,0.240420891235841,0.288077023317784,0.0420787620919338,5.75896814688222
2.84890873015873,0.240401415736271,0.28805778488424,0.0420586433127862,5.75910880422194
2.84900793650794,0.240381942057021,0.288038546355759,0.0420385341531956,5.75924944856986
2.84910714285714,0.240362470197818,0.288019307733137,0.0420184346084288,5.75939007992795
2.84920634920635,0.240343000158385,0.28800006901717,0.0419983446737548,5.7595306982982
2.84930555555556,0.240323531938447,0.287980830208651,0.0419782643444447,5.75967130368259
2.84940476190476,0.240304065537732,0.287961591308377,0.0419581936157713,5.7598118960831
2.84950396825397,0.240284600955962,0.28794235231714,0.0419381324830096,5.75995247550171
2.84960317460317,0.240265138192865,0.287923113235734,0.0419180809414368,5.76009304194041
2.84970238095238,0.240245677248166,0.287903874064954,0.0418980389863317,5.76023359540117
2.84980158730159,0.24022621812159,0.287884634805591,0.0418780066129755,5.76037413588597
2.84990079365079,0.240206760812863,0.287865395458439,0.041857983816651,5.7605146633968
2.85,0.240187305321712,0.28784615602429,0.0418379705926435,5.76065517793563
2.85009920634921,0.240167851647862,0.287826916503935,0.0418179669362399,5.76079567950444
2.85019841269841,0.240148399791039,0.287807676898165,0.0417979728427293,5.76093616810521
2.85029761904762,0.24012894975097,0.287788437207773,0.0417779883074028,5.76107664373992
2.85039682539683,0.24010950152738,0.287769197433547,0.0417580133255536,5.76121710641054
2.85049603174603,0.240090055119997,0.287749957576279,0.0417380478924767,5.76135755611905
2.85059523809524,0.240070610528546,0.287730717636759,0.0417180920034692,5.76149799286742
2.85069444444444,0.240051167752754,0.287711477615774,0.0416981456538302,5.76163841665762
2.85079365079365,0.240031726792349,0.287692237514116,0.0416782088388609,5.76177882749165
2.85089285714286,0.240012287647056,0.287672997332572,0.0416582815538646,5.76191922537145
2.85099206349206,0.239992850316603,0.287653757071929,0.0416383637941461,5.76205961029902
2.85109126984127,0.239973414800717,0.287634516732978,0.041618455555013,5.76219998227632
2.85119047619048,0.239953981099125,0.287615276316503,0.0415985568317742,5.76234034130532
2.85128968253968,0.239934549211553,0.287596035823294,0.041578667619741,5.762480687388
2.85138888888889,0.23991511913773,0.287576795254135,0.0415587879142266,5.76262102052633
2.8514880952381,0.239895690877382,0.287557554609814,0.0415389177105462,5.76276134072227
2.8515873015873,0.239876264430237,0.287538313891116,0.0415190570040171,5.7629016479778
2.85168650793651,0.239856839796023,0.287519073098827,0.0414992057899585,5.76304194229488
2.85178571428571,0.239837416974468,0.287499832233731,0.0414793640636916,5.76318222367549
2.85188492063492,0.239817995965298,0.287480591296613,0.0414595318205397,5.76332249212159
2.85198412698413,0.239798576768243,0.287461350288258,0.0414397090558282,5.76346274763515
2.85208333333333,0.23977915938303,0.28744210920945,0.0414198957648843,5.76360299021814
2.85218253968254,0.239759743809386,0.287422868060971,0.0414000919430373,5.76374321987253
2.85228174603175,0.239740330047042,0.287403626843604,0.0413802975856185,5.76388343660027
2.85238095238095,0.239720918095723,0.287384385558134,0.0413605126879613,5.76402364040334
2.85248015873016,0.23970150795516,0.28736514420534,0.0413407372454009,5.76416383128369
2.85257936507937,0.23968209962508,0.287345902786007,0.0413209712532749,5.7643040092433
2.85267857142857,0.239662693105212,0.287326661300914,0.0413012147069224,5.76444417428413
2.85277777777778,0.239643288395285,0.287307419750843,0.0412814676016849,5.76458432640814
2.85287698412698,0.239623885495027,0.287288178136575,0.0412617299329057,5.76472446561729
2.85297619047619,0.239604484404167,0.287268936458889,0.0412420016959304,5.76486459191355
2.8530753968254,0.239585085122435,0.287249694718567,0.0412222828861063,5.76500470529887
2.8531746031746,0.239565687649559,0.287230452916387,0.0412025734987827,5.76514480577522
2.85327380952381,0.239546291985269,0.287211211053128,0.0411828735293111,5.76528489334455
2.85337301587302,0.239526898129293,0.287191969129569,0.041163182973045,5.76542496800883
2.85347222222222,0.239507506081362,0.287172727146488,0.0411435018253399,5.76556502977002
2.85357142857143,0.239488115841204,0.287153485104663,0.0411238300815531,5.76570507863008
2.85367063492063,0.23946872740855,0.287134243004872,0.0411041677370442,5.76584511459095
2.85376984126984,0.239449340783128,0.287115000847891,0.0410845147871747,5.76598513765461
2.85386904761905,0.239429955964669,0.287095758634498,0.0410648712273081,5.766125147823
2.85396825396825,0.239410572952902,0.287076516365469,0.0410452370528098,5.76626514509809
2.85406746031746,0.239391191747558,0.287057274041579,0.0410256122590474,5.76640512948182
2.85416666666667,0.239371812348366,0.287038031663604,0.0410059968413906,5.76654510097616
2.85426587301587,0.239352434755057,0.28701878923232,0.0409863907952107,5.76668505958306
2.85436507936508,0.239333058967361,0.2869995467485,0.0409667941158813,5.76682500530447
2.85446428571429,0.239313684985008,0.286980304212919,0.040947206798778,5.76696493814234
2.85456349206349,0.239294312807729,0.286961061626351,0.0409276288392786,5.76710485809864
2.8546626984127,0.239274942435254,0.28694181898957,0.0409080602327624,5.76724476517531
2.8547619047619,0.239255573867314,0.286922576303349,0.040888500974611,5.7673846593743
2.85486111111111,0.239236207103639,0.28690333356846,0.0408689510602083,5.76752454069756
2.85496031746032,0.239216842143961,0.286884090785676,0.0408494104849397,5.76766440914705
2.85505952380952,0.239197478988011,0.286864847955769,0.0408298792441929,5.76780426472472
2.85515873015873,0.239178117635519,0.286845605079509,0.0408103573333575,5.76794410743251
2.85525793650794,0.239158758086217,0.286826362157669,0.0407908447478253,5.76808393727238
2.85535714285714,0.239139400339835,0.28680711919102,0.0407713414829899,5.76822375424626
2.85545634920635,0.239120044396106,0.28678787618033,0.0407518475342469,5.76836355835612
2.85555555555556,0.239100690254761,0.286768633126371,0.0407323628969942,5.7685033496039
2.85565476190476,0.239081337915531,0.286749390029912,0.0407128875666314,5.76864312799154
2.85575396825397,0.239061987378147,0.286730146891722,0.0406934215385602,5.76878289352099
2.85585317460317,0.239042638642343,0.286710903712569,0.0406739648081843,5.76892264619419
2.85595238095238,0.239023291707848,0.286691660493223,0.0406545173709095,5.7690623860131
2.85605158730159,0.239003946574397,0.286672417234451,0.0406350792221436,5.76920211297966
2.85615079365079,0.238984603241719,0.286653173937021,0.0406156503572964,5.7693418270958
2.85625,0.238965261709548,0.286633930601699,0.0405962307717795,5.76948152836348
2.85634920634921,0.238945921977616,0.286614687229254,0.0405768204610068,5.76962121678463
2.85644841269841,0.238926584045655,0.28659544382045,0.0405574194203942,5.7697608923612
2.85654761904762,0.238907247913398,0.286576200376054,0.0405380276453594,5.76990055509513
2.85664682539683,0.238887913580576,0.286556956896832,0.0405186451313222,5.77004020498837
2.85674603174603,0.238868581046924,0.286537713383548,0.0404992718737046,5.77017984204284
2.85684523809524,0.238849250312172,0.286518469836968,0.0404799078679303,5.7703194662605
2.85694444444444,0.238829921376055,0.286499226257856,0.0404605531094251,5.77045907764327
2.85704365079365,0.238810594238306,0.286479982646976,0.0404412075936171,5.77059867619311
2.85714285714286,0.238791268898656,0.286460739005091,0.040421871315936,5.77073826191195
2.85724206349206,0.23877194535684,0.286441495332965,0.0404025442718138,5.77087783480172
2.85734126984127,0.23875262361259,0.286422251631361,0.0403832264566844,5.77101739486436
2.85744047619048,0.23873330366564,0.28640300790104,0.0403639178659837,5.77115694210182
2.85753968253968,0.238713985515724,0.286383764142765,0.0403446184951496,5.77129647651602
2.85763888888889,0.238694669162574,0.286364520357298,0.0403253283396221,5.7714359981089
2.8577380952381,0.238675354605925,0.2863452765454,0.040306047394843,5.7715755068824
2.8578373015873,0.23865604184551,0.286326032707831,0.0402867756562565,5.77171500283845
2.85793650793651,0.238636730881063,0.286306788845352,0.0402675131193085,5.77185448597899
2.85803571428571,0.238617421712318,0.286287544958724,0.0402482597794469,5.77199395630594
2.85813492063492,0.238598114339009,0.286268301048705,0.0402290156321218,5.77213341382125
2.85823412698413,0.23857880876087,0.286249057116055,0.0402097806727852,5.77227285852683
2.85833333333333,0.238559504977635,0.286229813161532,0.0401905548968911,5.77241229042464
2.85843253968254,0.238540202989038,0.286210569185896,0.0401713382998955,5.77255170951658
2.85853174603175,0.238520902794815,0.286191325189904,0.0401521308772565,5.77269111580461
2.85863095238095,0.238501604394699,0.286172081174314,0.0401329326244342,5.77283050929064
2.85873015873016,0.238482307788425,0.286152837139883,0.0401137435368906,5.7729698899766
2.85882936507937,0.238463012975727,0.286133593087367,0.0400945636100897,5.77310925786443
2.85892857142857,0.238443719956342,0.286114349017525,0.0400753928394979,5.77324861295605
2.85902777777778,0.238424428730003,0.28609510493111,0.040056231220583,5.77338795525339
2.85912698412698,0.238405139296445,0.28607586082888,0.0400370787488152,5.77352728475838
2.85922619047619,0.238385851655404,0.28605661671159,0.0400179354196667,5.77366660147294
2.8593253968254,0.238366565806615,0.286037372579993,0.0399988012286116,5.77380590539901
2.8594246031746,0.238347281749812,0.286018128434846,0.0399796761711261,5.77394519653849
2.85952380952381,0.238327999484733,0.285998884276901,0.0399605602426882,5.77408447489333
2.85962301587302,0.238308719011111,0.285979640106912,0.0399414534387783,5.77422374046544
2.85972222222222,0.238289440328683,0.285960395925634,0.0399223557548784,5.77436299325675
2.85982142857143,0.238270163437184,0.285941151733818,0.0399032671864728,5.77450223326918
2.85992063492063,0.23825088833635,0.285921907532217,0.0398841877290477,5.77464146050465
2.86001984126984,0.238231615025917,0.285902663321584,0.0398651173780914,5.77478067496509
2.86011904761905,0.238212343505621,0.285883419102669,0.039846056129094,5.77491987665242
2.86021825396825,0.238193073775198,0.285864174876225,0.0398270039775478,5.77505906556855
2.86031746031746,0.238173805834384,0.285844930643002,0.0398079609189469,5.77519824171541
2.86041666666667,0.238154539682916,0.28582568640375,0.0397889269487879,5.77533740509492
2.86051587301587,0.23813527532053,0.28580644215922,0.0397699020625689,5.775476555709
2.86061507936508,0.238116012746962,0.285787197910162,0.0397508862557902,5.77561569355956
2.86071428571429,0.238096751961949,0.285767953657325,0.039731879523954,5.77575481864853
2.86081349206349,0.238077492965228,0.285748709401457,0.0397128818625648,5.77589393097782
2.8609126984127,0.238058235756535,0.285729465143308,0.0396938932671289,5.77603303054935
2.8610119047619,0.238038980335607,0.285710220883624,0.0396749137331545,5.77617211736504
2.86111111111111,0.238019726702182,0.285690976623155,0.039655943256152,5.77631119142679
2.86121031746032,0.238000474855996,0.285671732362648,0.0396369818316339,5.77645025273653
2.86130952380952,0.237981224796787,0.285652488102849,0.0396180294551144,5.77658930129617
2.86140873015873,0.237961976524291,0.285633243844504,0.03959908612211,5.77672833710763
2.86150793650794,0.237942730038247,0.285613999588361,0.039580151828139,5.77686736017282
2.86160714285714,0.237923485338392,0.285594755335164,0.039561226568722,5.77700637049365
2.86170634920635,0.237904242424462,0.28557551108566,0.0395423103393812,5.77714536807203
2.86180555555556,0.237885001296197,0.285556266840593,0.0395234031356411,5.77728435290988
2.86190476190476,0.237865761953333,0.285537022600707,0.0395045049530282,5.77742332500911
2.86200396825397,0.237846524395609,0.285517778366747,0.0394856157870709,5.77756228437162
2.86210317460317,0.237827288622763,0.285498534139457,0.0394667356332997,5.77770123099934
2.86220238095238,0.237808054634532,0.285479289919579,0.039447864487247,5.77784016489416
2.86230158730159,0.237788822430655,0.285460045707858,0.0394290023444474,5.777979086058
2.86240079365079,0.23776959201087,0.285440801505035,0.0394101492004374,5.77811799449277
2.8625,0.237750363374915,0.285421557311853,0.0393913050507555,5.77825689020037
2.86259920634921,0.237731136522529,0.285402313129053,0.039372469890942,5.77839577318271
2.86269841269841,0.237711911453451,0.285383068957376,0.0393536437165398,5.7785346434417
2.86279761904762,0.237692688167418,0.285363824797565,0.0393348265230932,5.77867350097924
2.86289682539683,0.237673466664171,0.285344580650359,0.0393160183061489,5.77881234579725
2.86299603174603,0.237654246943447,0.285325336516499,0.0392972190612554,5.77895117789762
2.86309523809524,0.237635029004986,0.285306092396724,0.0392784287839633,5.77908999728226
2.86319444444444,0.237615812848527,0.285286848291773,0.0392596474698252,5.77922880395308
2.86329365079365,0.237596598473808,0.285267604202387,0.0392408751143956,5.77936759791197
2.86339285714286,0.23757738588057,0.285248360129303,0.0392221117132314,5.77950637916085
2.86349206349206,0.237558175068551,0.285229116073259,0.0392033572618909,5.7796451477016
2.86359126984127,0.237538966037491,0.285209872034994,0.039184611755935,5.77978390353615
2.86369047619048,0.23751975878713,0.285190628015245,0.0391658751909261,5.77992264666638
2.86378968253968,0.237500553317207,0.285171384014748,0.0391471475624291,5.78006137709419
2.86388888888889,0.237481349627461,0.285152140034241,0.0391284288660105,5.78020009482149
2.8639880952381,0.237462147717634,0.28513289607446,0.0391097190972392,5.78033879985018
2.8640873015873,0.237442947587464,0.28511365213614,0.0390910182516857,5.78047749218216
2.86418650793651,0.237423749236692,0.285094408220017,0.0390723263249227,5.78061617181932
2.86428571428571,0.237404552665058,0.285075164326826,0.0390536433125252,5.78075483876356
2.86438492063492,0.237385357872302,0.285055920457302,0.0390349692100695,5.78089349301678
2.86448412698413,0.237366164858164,0.285036676612178,0.0390163040131348,5.78103213458088
2.86458333333333,0.237346973622385,0.285017432792189,0.0389976477173015,5.78117076345775
2.86468253968254,0.237327784164706,0.284998188998069,0.0389790003181526,5.78130937964928
2.86478174603175,0.237308596484867,0.284978945230549,0.0389603618112727,5.78144798315738
2.86488095238095,0.237289410582608,0.284959701490363,0.0389417321922488,5.78158657398394
2.86498015873016,0.237270226457672,0.284940457778244,0.0389231114566695,5.78172515213085
2.86507936507937,0.237251044109798,0.284921214094922,0.0389044996001257,5.7818637176
2.86517857142857,0.237231863538727,0.28490197044113,0.0388858966182103,5.78200227039329
2.86527777777778,0.237212684744201,0.284882726817598,0.038867302506518,5.78214081051261
2.86537698412698,0.237193507725962,0.284863483225058,0.0388487172606458,5.78227933795986
2.86547619047619,0.237174332483749,0.284844239664239,0.0388301408761925,5.78241785273691
2.8655753968254,0.237155159017306,0.284824996135871,0.0388115733487588,5.78255635484567
2.8656746031746,0.237135987326373,0.284805752640684,0.0387930146739479,5.78269484428802
2.86577380952381,0.237116817410691,0.284786509179407,0.0387744648473645,5.78283332106586
2.86587301587302,0.237097649270003,0.284767265752769,0.0387559238646155,5.78297178518106
2.86597222222222,0.237078482904051,0.284748022361497,0.0387373917213099,5.78311023663553
2.86607142857143,0.237059318312576,0.28472877900632,0.0387188684130587,5.78324867543115
2.86617063492063,0.237040155495321,0.284709535687966,0.0387003539354746,5.7833871015698
2.86626984126984,0.237020994452027,0.28469029240716,0.0386818482841727,5.78352551505337
2.86636904761905,0.237001835182437,0.284671049164631,0.0386633514547701,5.78366391588375
2.86646825396825,0.236982677686293,0.284651805961105,0.0386448634428856,5.78380230406282
2.86656746031746,0.236963521963338,0.284632562797306,0.0386263842441402,5.78394067959247
2.86666666666667,0.236944368013313,0.284613319673961,0.0386079138541569,5.78407904247458
2.86676587301587,0.236925215835962,0.284594076591796,0.0385894522685609,5.78421739271104
2.86686507936508,0.236906065431028,0.284574833551533,0.038570999482979,5.78435573030373
2.86696428571429,0.236886916798253,0.284555590553899,0.0385525554930403,5.78449405525453
2.86706349206349,0.236867769937379,0.284536347599617,0.0385341202943758,5.78463236756533
2.8671626984127,0.236848624848151,0.28451710468941,0.0385156938826187,5.78477066723801
2.8672619047619,0.236829481530311,0.284497861824002,0.0384972762534041,5.78490895427444
2.86736111111111,0.236810339983603,0.284478619004115,0.0384788674023688,5.7850472286765
2.86746031746032,0.236791200207769,0.284459376230471,0.0384604673251522,5.78518549044609
2.86755952380952,0.236772062202554,0.284440133503793,0.0384420760173952,5.78532373958507
2.86765873015873,0.2367529259677,0.284420890824803,0.038423693474741,5.78546197609533
2.86775793650794,0.236733791502951,0.28440164819422,0.0384053196928348,5.78560019997874
2.86785714285714,0.236714658808051,0.284382405612767,0.0383869546673236,5.78573841123719
2.86795634920635,0.236695527882744,0.284363163081163,0.0383685983938566,5.78587660987254
2.86805555555556,0.236676398726774,0.284343920600128,0.0383502508680851,5.78601479588668
2.86815476190476,0.236657271339884,0.284324678170383,0.038331912085662,5.78615296928148
2.86825396825397,0.236638145721819,0.284305435792645,0.0383135820422428,5.78629113005882
2.86835317460317,0.236619021872324,0.284286193467634,0.0382952607334845,5.78642927822056
2.86845238095238,0.236599899791141,0.284266951196069,0.0382769481550464,5.7865674137686
2.86855158730159,0.236580779478016,0.284247708978666,0.0382586443025895,5.78670553670479
2.86865079365079,0.236561660932693,0.284228466816144,0.0382403491717774,5.78684364703102
2.86875,0.236542544154917,0.284209224709221,0.0382220627582752,5.78698174474915
2.86884920634921,0.236523429144432,0.284189982658612,0.03820378505775,5.78711982986106
2.86894841269841,0.236504315900984,0.284170740665034,0.0381855160658712,5.78725790236861
2.86904761904762,0.236485204424317,0.284151498729204,0.0381672557783101,5.78739596227369
2.86914682539683,0.236466094714175,0.284132256851836,0.03814900419074,5.78753400957816
2.86924603174603,0.236446986770305,0.284113015033646,0.0381307612988361,5.78767204428389
2.86934523809524,0.236427880592452,0.284093773275348,0.0381125270982759,5.78781006639274
2.86944444444444,0.23640877618036,0.284074531577658,0.0380943015847385,5.7879480759066
2.86954365079365,0.236389673533775,0.284055289941289,0.0380760847539054,5.78808607282732
2.86964285714286,0.236370572652443,0.284036048366955,0.0380578766014599,5.78822405715677
2.86974206349206,0.236351473536109,0.284016806855369,0.0380396771230873,5.78836202889683
2.86984126984127,0.236332376184518,0.283997565407244,0.0380214863144752,5.78849998804935
2.86994047619048,0.236313280597418,0.283978324023292,0.0380033041713127,5.7886379346162
2.87003968253968,0.236294186774552,0.283959082704225,0.0379851306892913,5.78877586859925
2.87013888888889,0.236275094715669,0.283939841450755,0.0379669658641044,5.78891379000037
2.8702380952381,0.236256004420512,0.283920600263593,0.0379488096914476,5.78905169882141
2.8703373015873,0.23623691588883,0.28390135914345,0.037930662167018,5.78918959506424
2.87043650793651,0.236217829120367,0.283882118091036,0.0379125232865154,5.78932747873073
2.87053571428571,0.236198744114871,0.283862877107062,0.037894393045641,5.78946534982273
2.87063492063492,0.236179660872088,0.283843636192237,0.0378762714400983,5.78960320834211
2.87073412698413,0.236160579391764,0.28382439534727,0.0378581584655928,5.78974105429073
2.87083333333333,0.236141499673646,0.283805154572871,0.0378400541178321,5.78987888767045
2.87093253968254,0.236122421717481,0.283785913869747,0.0378219583925257,5.79001670848313
2.87103174603175,0.236103345523016,0.283766673238607,0.0378038712853849,5.79015451673063
2.87113095238095,0.236084271089997,0.283747432680158,0.0377857927921233,5.79029231241481
2.87123015873016,0.236065198417876,0.283728192195136,0.0377677229089925,5.79043009553754
2.87132936507937,0.236046127504873,0.283708951784363,0.0377496616346191,5.79056786610069
2.87142857142857,0.236027058350516,0.283689711448498,0.0377316089654852,5.79070562410603
2.87152777777778,0.236007990954548,0.283670471188178,0.0377135648976968,5.79084336955534
2.87162698412698,0.235988925316713,0.283651231004041,0.0376955294273617,5.79098110245038
2.87172619047619,0.235969861436754,0.283631990896721,0.0376775025505885,5.79111882279293
2.8718253968254,0.235950799314417,0.283612750866854,0.0376594842634872,5.79125653058474
2.8719246031746,0.235931738949443,0.283593510915077,0.0376414745621691,5.79139422582759
2.87202380952381,0.235912680341578,0.283574271042025,0.0376234734427466,5.79153190852324
2.87212301587302,0.235893623490564,0.283555031248333,0.0376054809013334,5.79166957867345
2.87222222222222,0.235874568396147,0.283535791534636,0.0375874969340444,5.79180723628
2.87232142857143,0.23585551505807,0.283516551901569,0.037569521536996,5.79194488134465
2.87242063492063,0.235836463476077,0.283497312349766,0.0375515547063055,5.79208251386917
2.87251984126984,0.235817413649912,0.283478072879861,0.0375335964380916,5.79222013385531
2.87261904761905,0.23579836557932,0.283458833492489,0.0375156467284742,5.79235774130484
2.87271825396825,0.235779319264046,0.283439594188283,0.0374977055735745,5.79249533621954
2.87281746031746,0.235760274703832,0.283420354967876,0.037479772969515,5.79263291860115
2.87291666666667,0.235741231898424,0.283401115831903,0.0374618489124192,5.79277048845144
2.87301587301587,0.235722190847566,0.283381876780995,0.0374439333984119,5.79290804577219
2.87311507936508,0.235703151551003,0.283362637815787,0.0374260264236195,5.79304559056514
2.87321428571429,0.235684114008479,0.28334339893691,0.0374081279841693,5.79318312283206
2.87331349206349,0.235665078219739,0.283324160144997,0.0373902380761897,5.79332064257471
2.8734126984127,0.235646044184527,0.283304921440679,0.0373723566958109,5.79345814979486
2.8735119047619,0.235627011902589,0.28328568282459,0.0373544838391638,5.79359564449427
2.87361111111111,0.235607981373669,0.283266444297359,0.0373366195023807,5.79373312667469
2.87371031746032,0.235588952597512,0.28324720585962,0.0373187636815953,5.79387059633788
2.87380952380952,0.235569925573863,0.283227967512002,0.0373009163729424,5.79400805348562
2.87390873015873,0.235550900302467,0.283208729255137,0.0372830775725581,5.79414549811964
2.87400793650794,0.235531876783069,0.283189491089655,0.0372652472765796,5.79428293024173
2.87410714285714,0.235512855015415,0.283170253016188,0.0372474254811456,5.79442034985362
2.87420634920635,0.235493834999248,0.283151015035364,0.0372296121823958,5.79455775695709
2.87430555555556,0.235474816734315,0.283131777147814,0.0372118073764713,5.79469515155389
2.87440476190476,0.235455800220361,0.283112539354168,0.0371940110595143,5.79483253364577
2.87450396825397,0.235436785457131,0.283093301655055,0.0371762232276683,5.79496990323451
2.87460317460317,0.23541777244437,0.283074064051104,0.0371584438770782,5.79510726032184
2.87470238095238,0.235398761181824,0.283054826542945,0.03714067300389,5.79524460490953
2.87480158730159,0.235379751669239,0.283035589131206,0.0371229106042508,5.79538193699934
2.87490079365079,0.23536074390636,0.283016351816515,0.0371051566743092,5.79551925659302
2.875,0.235341737892933,0.282997114599502,0.0370874112102149,5.79565656369232
2.87509920634921,0.235322733628704,0.282977877480793,0.037069674208119,5.79579385829901
2.87519841269841,0.235303731113417,0.282958640461017,0.0370519456641734,5.79593114041483
2.87529761904762,0.23528473034682,0.282939403540801,0.0370342255745319,5.79606841004154
2.87539682539683,0.235265731328657,0.282920166720773,0.0370165139353491,5.7962056671809
2.87549603174603,0.235246734058675,0.28290093000156,0.0369988107427809,5.79634291183466
2.87559523809524,0.23522773853662,0.282881693383788,0.0369811159929844,5.79648014400457
2.87569444444444,0.235208744762238,0.282862456868084,0.0369634296821181,5.79661736369239
2.87579365079365,0.235189752735275,0.282843220455075,0.0369457518063418,5.79675457089986
2.87589285714286,0.235170762455477,0.282823984145386,0.0369280823618163,5.79689176562874
2.87599206349206,0.23515177392259,0.282804747939643,0.0369104213447036,5.79702894788079
2.87609126984127,0.235132787136361,0.282785511838473,0.0368927687511674,5.79716611765775
2.87619047619048,0.235113802096536,0.282766275842501,0.0368751245773722,5.79730327496137
2.87628968253968,0.235094818802861,0.282747039952351,0.0368574888194838,5.79744041979341
2.87638888888889,0.235075837255083,0.282727804168648,0.0368398614736694,5.79757755215562
2.8764880952381,0.235056857452949,0.282708568492018,0.0368222425360974,5.79771467204974
2.8765873015873,0.235037879396204,0.282689332923085,0.0368046320029373,5.79785177947752
2.87668650793651,0.235018903084596,0.282670097462473,0.03678702987036,5.79798887444072
2.87678571428571,0.234999928517872,0.282650862110806,0.0367694361345376,5.79812595694109
2.87688492063492,0.234980955695777,0.282631626868707,0.0367518507916435,5.79826302698037
2.87698412698413,0.234961984618059,0.282612391736801,0.0367342738378522,5.79840008456031
2.87708333333333,0.234943015284465,0.28259315671571,0.0367167052693394,5.79853712968266
2.87718253968254,0.234924047694741,0.282573921806058,0.0366991450822824,5.79867416234916
2.87728174603175,0.234905081848635,0.282554687008467,0.0366815932728593,5.79881118256157
2.87738095238095,0.234886117745894,0.282535452323559,0.0366640498372498,5.79894819032163
2.87748015873016,0.234867155386264,0.282516217751958,0.0366465147716345,5.79908518563108
2.87757936507937,0.234848194769494,0.282496983294285,0.0366289880721956,5.79922216849168
2.87767857142857,0.23482923589533,0.282477748951162,0.0366114697351163,5.79935913890516
2.87777777777778,0.234810278763519,0.28245851472321,0.036593959756581,5.79949609687328
2.87787698412698,0.234791323373808,0.282439280611052,0.0365764581327757,5.79963304239778
2.87797619047619,0.234772369725946,0.282420046615307,0.0365589648598872,5.7997699754804
2.8780753968254,0.23475341781968,0.282400812736598,0.0365414799341039,5.79990689612289
2.8781746031746,0.234734467654757,0.282381578975543,0.036524003351615,5.80004380432699
2.87827380952381,0.234715519230924,0.282362345332765,0.0365065351086115,5.80018070009445
2.87837301587302,0.23469657254793,0.282343111808883,0.0364890752012852,5.800317583427
2.87847222222222,0.234677627605522,0.282323878404517,0.0364716236258294,5.8004544543264
2.87857142857143,0.234658684403447,0.282304645120287,0.0364541803784385,5.80059131279438
2.87867063492063,0.234639742941455,0.282285411956811,0.0364367454553082,5.80072815883268
2.87876984126984,0.234620803219291,0.28226617891471,0.0364193188526354,5.80086499244305
2.87886904761905,0.234601865236706,0.282246945994603,0.0364019005666183,5.80100181362723
2.87896825396825,0.234582928993445,0.282227713197107,0.0363844905934563,5.80113862238696
2.87906746031746,0.234563994489258,0.282208480522842,0.0363670889293501,5.80127541872398
2.87916666666667,0.234545061723893,0.282189247972425,0.0363496955705016,5.80141220264003
2.87926587301587,0.234526130697097,0.282170015546475,0.0363323105131138,5.80154897413685
2.87936507936508,0.234507201408619,0.28215078324561,0.0363149337533913,5.80168573321618
2.87946428571429,0.234488273858207,0.282131551070447,0.0362975652875396,5.80182247987976
2.87956349206349,0.23446934804561,0.282112319021603,0.0362802051117656,5.80195921412932
2.8796626984127,0.234450423970576,0.282093087099695,0.0362628532222774,5.80209593596661
2.8797619047619,0.234431501632853,0.282073855305341,0.0362455096152843,5.80223264539337
2.87986111111111,0.23441258103219,0.282054623639156,0.036228174286997,5.80236934241133
2.87996031746032,0.234393662168336,0.282035392101757,0.0362108472336273,5.80250602702222
2.88005952380952,0.234374745041038,0.282016160693761,0.0361935284513882,5.8026426992278
2.88015873015873,0.234355829650046,0.281996929415782,0.0361762179364941,5.80277935902978
2.88025793650794,0.234336915995109,0.281977698268437,0.0361589156851605,5.80291600642992
2.88035714285714,0.234318004075976,0.281958467252342,0.0361416216936043,5.80305264142993
2.88045634920635,0.234299093892394,0.28193923636811,0.0361243359580434,5.80318926403157
2.88055555555556,0.234280185444114,0.281920005616357,0.0361070584746972,5.80332587423656
2.88065476190476,0.234261278730884,0.281900774997698,0.0360897892397863,5.80346247204665
2.88075396825397,0.234242373752452,0.281881544512747,0.0360725282495322,5.80359905746356
2.88085317460317,0.23422347050857,0.281862314162119,0.0360552755001582,5.80373563048902
2.88095238095238,0.234204568998984,0.281843083946427,0.0360380309878885,5.80387219112478
2.88105158730159,0.234185669223445,0.281823853866285,0.0360207947089485,5.80400873937257
2.88115079365079,0.234166771181703,0.281804623922306,0.036003566659565,5.80414527523411
2.88125,0.234147874873505,0.281785394115104,0.0359863468359659,5.80428179871114
2.88134920634921,0.234128980298602,0.281766164445291,0.0359691352343806,5.8044183098054
2.88144841269841,0.234110087456743,0.281746934913481,0.0359519318510394,5.80455480851861
2.88154761904762,0.234091196347678,0.281727705520286,0.035934736682174,5.80469129485251
2.88164682539683,0.234072306971156,0.281708476266318,0.0359175497240175,5.80482776880883
2.88174603174603,0.234053419326927,0.28168924715219,0.035900370972804,5.80496423038929
2.88184523809524,0.23403453341474,0.281670018178512,0.035883200424769,5.80510067959563
2.88194444444444,0.234015649234345,0.281650789345897,0.035866038076149,5.80523711642959
2.88204365079365,0.233996766785493,0.281631560654956,0.0358488839231821,5.80537354089288
2.88214285714286,0.233977886067932,0.2816123321063,0.0358317379621074,5.80550995298724
2.88224206349206,0.233959007081413,0.281593103700539,0.0358146001891652,5.80564635271439
2.88234126984127,0.233940129825686,0.281573875438285,0.0357974706005974,5.80578274007607
2.88244047619048,0.233921254300501,0.281554647320148,0.0357803491926467,5.80591911507401
2.88253968253968,0.233902380505608,0.281535419346738,0.0357632359615573,5.80605547770992
2.88263888888889,0.233883508440757,0.281516191518665,0.0357461309035744,5.80619182798555
2.8827380952381,0.233864638105698,0.281496963836538,0.0357290340149449,5.80632816590261
2.8828373015873,0.233845769500182,0.281477736300967,0.0357119452919164,5.80646449146283
2.88293650793651,0.233826902623959,0.281458508912561,0.0356948647307382,5.80660080466794
2.88303571428571,0.233808037476779,0.281439281671928,0.0356777923276604,5.80673710551967
2.88313492063492,0.233789174058393,0.281420054579679,0.0356607280789348,5.80687339401974
2.88323412698413,0.233770312368551,0.281400827636421,0.0356436719808142,5.80700967016987
2.88333333333333,0.233751452407004,0.281381600842762,0.0356266240295525,5.8071459339718
2.88343253968254,0.233732594173503,0.28136237419931,0.0356095842214052,5.80728218542724
2.88353174603175,0.233713737667797,0.281343147706673,0.0355925525526287,5.80741842453792
2.88363095238095,0.233694882889639,0.281323921365459,0.0355755290194809,5.80755465130556
2.88373015873016,0.233676029838778,0.281304695176274,0.0355585136182208,5.80769086573189
2.88382936507937,0.233657178514966,0.281285469139727,0.0355415063451086,5.80782706781864
2.88392857142857,0.233638328917953,0.281266243256423,0.035524507196406,5.80796325756751
2.88402777777778,0.233619481047491,0.281247017526969,0.0355075161683756,5.80809943498024
2.88412698412698,0.23360063490333,0.281227791951972,0.0354905332572814,5.80823560005855
2.88422619047619,0.233581790485222,0.281208566532037,0.0354735584593887,5.80837175280415
2.8843253968254,0.233562947792918,0.28118934126777,0.035456591770964,5.80850789321878
2.8844246031746,0.233544106826168,0.281170116159777,0.035439633188275,5.80864402130414
2.88452380952381,0.233525267584725,0.281150891208664,0.0354226827075907,5.80878013706197
2.88462301587302,0.23350643006834,0.281131666415035,0.0354057403251812,5.80891624049398
2.88472222222222,0.233487594276763,0.281112441779495,0.0353888060373182,5.80905233160189
2.88482142857143,0.233468760209747,0.281093217302649,0.0353718798402741,5.80918841038743
2.88492063492063,0.233449927867042,0.281073992985101,0.035354961730323,5.8093244768523
2.88501984126984,0.233431097248402,0.281054768827456,0.0353380517037401,5.80946053099823
2.88511904761905,0.233412268353576,0.281035544830317,0.0353211497568017,5.80959657282694
2.88521825396825,0.233393441182317,0.281016320994288,0.0353042558857856,5.80973260234015
2.88531746031746,0.233374615734376,0.280997097319972,0.0352873700869706,5.80986861953957
2.88541666666667,0.233355792009506,0.280977873807974,0.035270492356637,5.81000462442691
2.88551587301587,0.233336970007458,0.280958650458894,0.035253622691066,5.81014061700391
2.88561507936508,0.233318149727985,0.280939427273337,0.0352367610865403,5.81027659727227
2.88571428571429,0.233299331170837,0.280920204251905,0.0352199075393438,5.81041256523371
2.88581349206349,0.233280514335767,0.2809009813952,0.0352030620457617,5.81054852088994
2.8859126984127,0.233261699222528,0.280881758703824,0.0351862246020802,5.81068446424269
2.8860119047619,0.233242885830871,0.280862536178379,0.035169395204587,5.81082039529366
2.88611111111111,0.233224074160548,0.280843313819466,0.0351525738495709,5.81095631404457
2.88621031746032,0.233205264211313,0.280824091627687,0.035135760533322,5.81109222049714
2.88630952380952,0.233186455982916,0.280804869603643,0.0351189552521316,5.81122811465308
2.88640873015873,0.233167649475111,0.280785647747934,0.0351021580022923,5.8113639965141
2.88650793650794,0.233148844687651,0.280766426061161,0.0350853687800979,5.81149986608191
2.88660714285714,0.233130041620286,0.280747204543925,0.0350685875818435,5.81163572335824
2.88670634920635,0.233111240272771,0.280727983196825,0.0350518144038253,5.81177156834478
2.88680555555556,0.233092440644857,0.280708762020462,0.0350350492423409,5.81190740104326
2.88690476190476,0.233073642736298,0.280689541015434,0.0350182920936891,5.81204322145539
2.88700396825397,0.233054846546846,0.280670320182342,0.0350015429541699,5.81217902958287
2.88710317460317,0.233036052076254,0.280651099521784,0.0349848018200845,5.81231482542742
2.88720238095238,0.233017259324274,0.28063187903436,0.0349680686877356,5.81245060899075
2.88730158730159,0.23299846829066,0.280612658720668,0.0349513435534267,5.81258638027457
2.88740079365079,0.232979678975165,0.280593438581306,0.0349346264134629,5.81272213928059
2.8875,0.232960891377542,0.280574218616873,0.0349179172641504,5.81285788601052
2.88759920634921,0.232942105497543,0.280554998827967,0.0349012161017967,5.81299362046606
2.88769841269841,0.232923321334922,0.280535779215185,0.0348845229227106,5.81312934264894
2.88779761904762,0.232904538889433,0.280516559779125,0.0348678377232019,5.81326505256084
2.88789682539683,0.232885758160828,0.280497340520383,0.0348511604995819,5.81340075020349
2.88799603174603,0.23286697914886,0.280478121439558,0.034834491248163,5.8135364355786
2.88809523809524,0.232848201853284,0.280458902537246,0.034817829965259,5.81367210868786
2.88819444444444,0.232829426273852,0.280439683814043,0.0348011766471846,5.81380776953298
2.88829365079365,0.232810652410318,0.280420465270545,0.0347845312902561,5.81394341811568
2.88839285714286,0.232791880262436,0.280401246907349,0.034767893890791,5.81407905443766
2.88849206349206,0.23277310982996,0.280382028725051,0.0347512644451078,5.81421467850062
2.88859126984127,0.232754341112642,0.280362810724245,0.0347346429495264,5.81435029030628
2.88869047619048,0.232735574110236,0.280343592905528,0.034718029400368,5.81448588985632
2.88878968253968,0.232716808822498,0.280324375269494,0.0347014237939551,5.81462147715247
2.88888888888889,0.232698045249179,0.280305157816738,0.0346848261266111,5.81475705219643
2.8889880952381,0.232679283390035,0.280285940547855,0.0346682363946609,5.81489261498989
2.8890873015873,0.232660523244819,0.280266723463439,0.0346516545944307,5.81502816553457
2.88918650793651,0.232641764813285,0.280247506564085,0.0346350807222478,5.81516370383216
2.88928571428571,0.232623008095187,0.280228289850386,0.0346185147744408,5.81529922988438
2.88938492063492,0.23260425309028,0.280209073322935,0.0346019567473394,5.81543474369291
2.88948412698413,0.232585499798318,0.280189856982327,0.0345854066372749,5.81557024525947
2.88958333333333,0.232566748219054,0.280170640829154,0.0345688644405795,5.81570573458576
2.88968253968254,0.232547998352244,0.280151424864009,0.0345523301535867,5.81584121167347
2.88978174603175,0.232529250197642,0.280132209087486,0.0345358037726315,5.81597667652431
2.88988095238095,0.232510503755001,0.280112993500176,0.0345192852940497,5.81611212913999
2.88998015873016,0.232491759024077,0.280093778102671,0.0345027747141787,5.81624756952219
2.89007936507937,0.232473016004625,0.280074562895564,0.034486272029357,5.81638299767263
2.89017857142857,0.232454274696398,0.280055347879447,0.0344697772359244,5.81651841359299
2.89027777777778,0.232435535099151,0.280036133054911,0.0344532903302219,5.81665381728499
2.89037698412698,0.23241679721264,0.280016918422547,0.0344368113085917,5.81678920875031
2.89047619047619,0.232398061036618,0.279997703982945,0.0344203401673773,5.81692458799066
2.8905753968254,0.232379326570841,0.279978489736698,0.0344038769029235,5.81705995500774
2.8906746031746,0.232360593815065,0.279959275684396,0.0343874215115763,5.81719530980324
2.89077380952381,0.232341862769042,0.279940061826628,0.0343709739896828,5.81733065237887
2.89087301587302,0.23232313343253,0.279920848163985,0.0343545343335915,5.81746598273631
2.89097222222222,0.232304405805282,0.279901634697057,0.0343381025396521,5.81760130087727
2.89107142857143,0.232285679887054,0.279882421426433,0.0343216786042157,5.81773660680344
2.89117063492063,0.232266955677602,0.279863208352703,0.0343052625236342,5.81787190051652
2.89126984126984,0.23224823317668,0.279843995476455,0.0342888542942613,5.8180071820182
2.89136904761905,0.232229512384043,0.27982478279828,0.0342724539124515,5.81814245131018
2.89146825396825,0.232210793299448,0.279805570318764,0.0342560613745609,5.81827770839416
2.89156746031746,0.232192075922649,0.279786358038497,0.0342396766769464,5.81841295327183
2.89166666666667,0.232173360253403,0.279767145958067,0.0342232998159665,5.81854818594488
2.89176587301587,0.232154646291464,0.279747934078062,0.034206930787981,5.818683406415
2.89186507936508,0.232135934036588,0.279728722399069,0.0341905695893506,5.8188186146839
2.89196428571429,0.232117223488531,0.279709510921675,0.0341742162164374,5.81895381075326
2.89206349206349,0.232098514647049,0.279690299646469,0.0341578706656049,5.81908899462478
2.8921626984127,0.232079807511897,0.279671088574037,0.0341415329332176,5.81922416630015
2.8922619047619,0.232061102082831,0.279651877704966,0.0341252030156415,5.81935932578106
2.89236111111111,0.232042398359608,0.279632667039842,0.0341088809092435,5.81949447306921
2.89246031746032,0.232023696341983,0.279613456579251,0.034092566610392,5.81962960816627
2.89255952380952,0.232004996029712,0.27959424632378,0.0340762601154567,5.81976473107396
2.89265873015873,0.231986297422551,0.279575036274014,0.0340599614208082,5.81989984179395
2.89275793650794,0.231967600520256,0.279555826430539,0.0340436705228187,5.82003494032794
2.89285714285714,0.231948905322585,0.279536616793939,0.0340273874178616,5.82017002667761
2.89295634920635,0.231930211829292,0.279517407364801,0.0340111121023112,5.82030510084466
2.89305555555556,0.231911520040134,0.279498198143709,0.0339948445725434,5.82044016283078
2.89315476190476,0.231892829954868,0.279478989131248,0.0339785848249354,5.82057521263765
2.89325396825397,0.23187414157325,0.279459780328001,0.0339623328558652,5.82071025026696
2.89335317460317,0.231855454895036,0.279440571734553,0.0339460886617124,5.82084527572041
2.89345238095238,0.231836769919983,0.279421363351488,0.0339298522388578,5.82098028899967
2.89355158730159,0.231818086647848,0.279402155179389,0.0339136235836834,5.82111529010644
2.89365079365079,0.231799405078388,0.27938294721884,0.0338974026925724,5.8212502790424
2.89375,0.231780725211358,0.279363739470424,0.0338811895619093,5.82138525580924
2.89384920634921,0.231762047046517,0.279344531934724,0.0338649841880797,5.82152022040865
2.89394841269841,0.23174337058362,0.279325324612322,0.0338487865674708,5.82165517284231
2.89404761904762,0.231724695822424,0.279306117503801,0.0338325966964707,5.82179011311191
2.89414682539683,0.231706022762688,0.279286910609743,0.0338164145714688,5.82192504121913
2.89424603174603,0.231687351404166,0.27926770393073,0.0338002401888558,5.82205995716566
2.89434523809524,0.231668681746618,0.279248497467344,0.0337840735450238,5.82219486095318
2.89444444444444,0.231650013789799,0.279229291220167,0.0337679146363657,5.82232975258337
2.89454365079365,0.231631347533468,0.279210085189778,0.0337517634592761,5.82246463205793
2.89464285714286,0.23161268297738,0.27919087937676,0.0337356200101506,5.82259949937853
2.89474206349206,0.231594020121294,0.279171673781694,0.0337194842853861,5.82273435454685
2.89484126984127,0.231575358964968,0.279152468405159,0.0337033562813808,5.82286919756459
2.89494047619048,0.231556699508157,0.279133263247735,0.033687235994534,5.82300402843341
2.89503968253968,0.231538041750621,0.279114058310004,0.0336711234212464,5.82313884715501
2.89513888888889,0.231519385692116,0.279094853592545,0.0336550185579199,5.82327365373106
2.8952380952381,0.2315007313324,0.279075649095937,0.0336389214009575,5.82340844816325
2.8953373015873,0.23148207867123,0.27905644482076,0.0336228319467635,5.82354323045326
2.89543650793651,0.231463427708366,0.279037240767593,0.0336067501917437,5.82367800060276
2.89553571428571,0.231444778443563,0.279018036937014,0.0335906761323049,5.82381275861344
2.89563492063492,0.231426130876581,0.278998833329603,0.033574609764855,5.82394750448698
2.89573412698413,0.231407485007176,0.278979629945937,0.0335585510858035,5.82408223822505
2.89583333333333,0.231388840835108,0.278960426786594,0.0335425000915609,5.82421695982934
2.89593253968254,0.231370198360133,0.278941223852154,0.0335264567785391,5.82435166930152
2.89603174603175,0.231351557582011,0.278922021143192,0.0335104211431509,5.82448636664327
2.89613095238095,0.231332918500498,0.278902818660287,0.0334943931818109,5.82462105185628
2.89623015873016,0.231314281115355,0.278883616404017,0.0334783728909344,5.82475572494221
2.89632936507937,0.231295645426337,0.278864414374956,0.0334623602669383,5.82489038590274
2.89642857142857,0.231277011433205,0.278845212573684,0.0334463553062405,5.82502503473956
2.89652777777778,0.231258379135716,0.278826011000775,0.0334303580052603,5.82515967145434
2.89662698412698,0.231239748533629,0.278806809656806,0.0334143683604183,5.82529429604875
2.89672619047619,0.231221119626702,0.278787608542354,0.0333983863681362,5.82542890852447
2.8968253968254,0.231202492414694,0.278768407657993,0.0333824120248369,5.82556350888317
2.8969246031746,0.231183866897363,0.278749207004299,0.0333664453269448,5.82569809712654
2.89702380952381,0.231165243074469,0.278730006581848,0.0333504862708851,5.82583267325624
2.89712301587302,0.231146620945769,0.278710806391215,0.0333345348530847,5.82596723727395
2.89722222222222,0.231128000511023,0.278691606432974,0.0333185910699716,5.82610178918134
2.89732142857143,0.231109381769989,0.278672406707701,0.0333026549179749,5.82623632898009
2.89742063492063,0.231090764722427,0.278653207215968,0.033286726393525,5.82637085667186
2.89751984126984,0.231072149368095,0.278634007958351,0.0332708054930536,5.82650537225835
2.89761904761905,0.231053535706752,0.278614808935423,0.0332548922129937,5.8266398757412
2.89771825396825,0.231034923738158,0.278595610147757,0.0332389865497794,5.8267743671221
2.89781746031746,0.231016313462071,0.278576411595928,0.0332230884998461,5.82690884640272
2.89791666666667,0.230997704878251,0.278557213280508,0.0332071980596304,5.82704331358474
2.89801587301587,0.230979097986457,0.278538015202069,0.0331913152255704,5.82717776866981
2.89811507936508,0.230960492786448,0.278518817361186,0.033175439994105,5.82731221165961
2.89821428571429,0.230941889277984,0.27849961975843,0.0331595723616747,5.82744664255582
2.89831349206349,0.230923287460824,0.278480422394373,0.033143712324721,5.8275810613601
2.8984126984127,0.230904687334727,0.278461225269587,0.0331278598796868,5.82771546807411
2.8985119047619,0.230886088899454,0.278442028384644,0.0331120150230163,5.82784986269954
2.89861111111111,0.230867492154763,0.278422831740115,0.0330961777511548,5.82798424523805
2.89871031746032,0.230848897100415,0.278403635336572,0.0330803480605488,5.82811861569131
2.89880952380952,0.230830303736169,0.278384439174585,0.0330645259476462,5.82825297406098
2.89890873015873,0.230811712061785,0.278365243254726,0.033048711408896,5.82838732034873
2.89900793650794,0.230793122077022,0.278346047577564,0.0330329044407486,5.82852165455624
2.89910714285714,0.230774533781642,0.27832685214367,0.0330171050396555,5.82865597668516
2.89920634920635,0.230755947175402,0.278307656953614,0.0330013132020695,5.82879028673717
2.89930555555556,0.230737362258065,0.278288462007965,0.0329855289244446,5.82892458471393
2.89940476190476,0.230718779029389,0.278269267307294,0.0329697522032362,5.82905887061711
2.89950396825397,0.230700197489135,0.278250072852169,0.0329539830349006,5.82919314444836
2.89960317460317,0.230681617637063,0.27823087864316,0.0329382214158958,5.82932740620937
2.89970238095238,0.230663039472933,0.278211684680835,0.0329224673426807,5.82946165590178
2.89980158730159,0.230644462996506,0.278192490965764,0.0329067208117155,5.82959589352728
2.89990079365079,0.230625888207542,0.278173297498513,0.0328909818194618,5.82973011908751
2.9,0.230607315105801,0.278154104279652,0.0328752503623822,5.82986433258414
2.90009920634921,0.230588743691045,0.278134911309748,0.0328595264369407,5.82999853401885
2.90019841269841,0.230570173963032,0.278115718589369,0.0328438100396027,5.83013272339328
2.90029761904762,0.230551605921525,0.278096526119082,0.0328281011668344,5.83026690070911
2.90039682539683,0.230533039566283,0.278077333899454,0.0328123998151036,5.83040106596799
2.90049603174603,0.230514474897067,0.278058141931053,0.0327967059808793,5.83053521917159
2.90059523809524,0.230495911913639,0.278038950214445,0.0327810196606316,5.83066936032157
2.90069444444444,0.230477350615759,0.278019758750196,0.0327653408508319,5.83080348941959
2.90079365079365,0.230458791003188,0.278000567538873,0.032749669547953,5.83093760646731
2.90089285714286,0.230440233075686,0.277981376581041,0.0327340057484687,5.83107171146639
2.90099206349206,0.230421676833016,0.277962185877266,0.0327183494488541,5.83120580441849
2.90109126984127,0.230403122274937,0.277942995428114,0.0327027006455858,5.83133988532527
2.90119047619048,0.230384569401212,0.27792380523415,0.0326870593351413,5.83147395418839
2.90128968253968,0.230366018211601,0.277904615295939,0.0326714255139994,5.83160801100951
2.90138888888889,0.230347468705865,0.277885425614045,0.0326557991786403,5.83174205579028
2.9014880952381,0.230328920883766,0.277866236189034,0.0326401803255454,5.83187608853237
2.9015873015873,0.230310374745066,0.277847047021469,0.0326245689511972,5.83201010923744
2.90168650793651,0.230291830289525,0.277827858111914,0.0326089650520797,5.83214411790714
2.90178571428571,0.230273287516905,0.277808669460934,0.0325933686246779,5.83227811454312
2.90188492063492,0.230254746426968,0.277789481069092,0.0325777796654781,5.83241209914705
2.90198412698413,0.230236207019475,0.277770292936951,0.0325621981709679,5.83254607172058
2.90208333333333,0.230217669294188,0.277751105065074,0.0325466241376361,5.83268003226537
2.90218253968254,0.230199133250869,0.277731917454024,0.0325310575619728,5.83281398078307
2.90228174603175,0.230180598889279,0.277712730104364,0.0325154984404692,5.83294791727534
2.90238095238095,0.23016206620918,0.277693543016656,0.0324999467696179,5.83308184174383
2.90248015873016,0.230143535210334,0.277674356191462,0.0324844025459128,5.83321575419021
2.90257936507937,0.230125005892504,0.277655169629344,0.0324688657658487,5.83334965461611
2.90267857142857,0.230106478255451,0.277635983330864,0.032453336425922,5.8334835430232
2.90277777777778,0.230087952298936,0.277616797296583,0.0324378145226302,5.83361741941313
2.90287698412698,0.230069428022724,0.277597611527063,0.032422300052472,5.83375128378755
2.90297619047619,0.230050905426574,0.277578426022863,0.0324067930119475,5.83388513614811
2.9030753968254,0.230032384510251,0.277559240784546,0.0323912933975577,5.83401897649648
2.9031746031746,0.230013865273515,0.277540055812671,0.0323758012058054,5.83415280483429
2.90327380952381,0.22999534771613,0.277520871107798,0.0323603164331941,5.8342866211632
2.90337301587302,0.229976831837858,0.277501686670488,0.0323448390762287,5.83442042548487
2.90347222222222,0.229958317638461,0.277482502501301,0.0323293691314156,5.83455421780094
2.90357142857143,0.229939805117702,0.277463318600795,0.0323139065952622,5.83468799811307
2.90367063492063,0.229921294275343,0.27744413496953,0.0322984514642771,5.83482176642289
2.90376984126984,0.229902785111148,0.277424951608066,0.0322830037349703,5.83495552273208
2.90386904761905,0.229884277624878,0.27740576851696,0.0322675634038528,5.83508926704226
2.90396825396825,0.229865771816297,0.277386585696772,0.0322521304674373,5.8352229993551
2.90406746031746,0.229847267685167,0.277367403148059,0.0322367049222373,5.83535671967224
2.90416666666667,0.229828765231252,0.277348220871381,0.0322212867647677,5.83549042799534
2.90426587301587,0.229810264454314,0.277329038867293,0.0322058759915445,5.83562412432603
2.90436507936508,0.229791765354116,0.277309857136356,0.0321904725990854,5.83575780866596
2.90446428571429,0.229773267930422,0.277290675679124,0.0321750765839088,5.83589148101679
2.90456349206349,0.229754772182994,0.277271494496157,0.0321596879425345,5.83602514138015
2.9046626984127,0.229736278111596,0.27725231358801,0.0321443066714838,5.83615878975771
2.9047619047619,0.229717785715991,0.27723313295524,0.032128932767279,5.83629242615109
2.90486111111111,0.229699294995942,0.277213952598404,0.0321135662264436,5.83642605056196
2.90496031746032,0.229680805951212,0.277194772518057,0.0320982070455025,5.83655966299194
2.90505952380952,0.229662318581566,0.277175592714756,0.0320828552209818,5.8366932634427
2.90515873015873,0.229643832886766,0.277156413189057,0.0320675107494087,5.83682685191587
2.90525793650794,0.229625348866576,0.277137233941514,0.0320521736273119,5.8369604284131
2.90535714285714,0.22960686652076,0.277118054972683,0.0320368438512211,5.83709399293603
2.90545634920635,0.229588385849081,0.27709887628312,0.0320215214176674,5.83722754548631
2.90555555555556,0.229569906851303,0.277079697873378,0.0320062063231831,5.83736108606557
2.90565476190476,0.22955142952719,0.277060519744012,0.0319908985643017,5.83749461467547
2.90575396825397,0.229532953876505,0.277041341895576,0.0319755981375578,5.83762813131764
2.90585317460317,0.229514479899013,0.277022164328625,0.0319603050394878,5.83776163599373
2.90595238095238,0.229496007594478,0.277002987043712,0.0319450192666286,5.83789512870537
2.90605158730159,0.229477536962663,0.276983810041391,0.0319297408155189,5.83802860945422
2.90615079365079,0.229459068003332,0.276964633322215,0.0319144696826982,5.8381620782419
2.90625,0.22944060071625,0.276945456886737,0.0318992058647078,5.83829553507007
2.90634920634921,0.229422135101181,0.276926280735509,0.0318839493580897,5.83842897994036
2.90644841269841,0.229403671157888,0.276907104869086,0.0318687001593874,5.83856241285442
2.90654761904762,0.229385208886138,0.276887929288018,0.0318534582651457,5.83869583381387
2.90664682539683,0.229366748285692,0.276868753992857,0.0318382236719105,5.83882924282036
2.90674603174603,0.229348289356318,0.276849578984157,0.0318229963762289,5.83896263987554
2.90684523809524,0.229329832097777,0.276830404262468,0.0318077763746494,5.83909602498103
2.90694444444444,0.229311376509836,0.276811229828342,0.0317925636637216,5.83922939813848
2.90704365079365,0.229292922592259,0.276792055682329,0.0317773582399966,5.83936275934953
2.90714285714286,0.22927447034481,0.276772881824982,0.0317621601000265,5.8394961086158
2.90724206349206,0.229256019767254,0.27675370825685,0.0317469692403645,5.83962944593895
2.90734126984127,0.229237570859356,0.276734534978483,0.0317317856575655,5.8397627713206
2.90744047619048,0.22921912362088,0.276715361990433,0.0317166093481852,5.83989608476239
2.90753968253968,0.229200678051593,0.276696189293249,0.0317014403087808,5.84002938626596
2.90763888888889,0.229182234151258,0.27667701688748,0.0316862785359107,5.84016267583294
2.9077380952381,0.22916379191964,0.276657844773677,0.0316711240261345,5.84029595346498
2.9078373015873,0.229145351356505,0.276638672952388,0.031655976776013,5.84042921916369
2.90793650793651,0.229126912461618,0.276619501424163,0.0316408367821083,5.84056247293073
2.90803571428571,0.229108475234744,0.276600330189549,0.0316257040409838,5.84069571476771
2.90813492063492,0.229090039675648,0.276581159249097,0.031610578549204,5.84082894467629
2.90823412698413,0.229071605784095,0.276561988603353,0.0315954603033348,5.84096216265808
2.90833333333333,0.229053173559851,0.276542818252867,0.0315803492999431,5.84109536871473
2.90843253968254,0.229034743002681,0.276523648198185,0.0315652455355975,5.84122856284786
2.90853174603175,0.229016314112352,0.276504478439855,0.0315501490068673,5.8413617450591
2.90863095238095,0.228997886888627,0.276485308978426,0.0315350597103234,5.8414949153501
2.90873015873016,0.228979461331273,0.276466139814443,0.0315199776425377,5.84162807372248
2.90882936507937,0.228961037440056,0.276446970948453,0.0315049028000836,5.84176122017788
2.90892857142857,0.228942615214741,0.276427802381004,0.0314898351795356,5.84189435471791
2.90902777777778,0.228924194655094,0.276408634112642,0.0314747747774695,5.84202747734422
2.90912698412698,0.22890577576088,0.276389466143912,0.0314597215904621,5.84216058805843
2.90922619047619,0.228887358531867,0.27637029847536,0.0314446756150919,5.84229368686218
2.9093253968254,0.228868942967818,0.276351131107534,0.0314296368479382,5.84242677375709
2.9094246031746,0.228850529068502,0.276331964040976,0.0314146052855817,5.8425598487448
2.90952380952381,0.228832116833683,0.276312797276234,0.0313995809246046,5.84269291182692
2.90962301587302,0.228813706263128,0.276293630813851,0.0313845637615899,5.8428259630051
2.90972222222222,0.228795297356603,0.276274464654373,0.0313695537931221,5.84295900228095
2.90982142857143,0.228776890113875,0.276255298798343,0.0313545510157869,5.8430920296561
2.90992063492063,0.228758484534708,0.276236133246307,0.0313395554261712,5.84322504513219
2.91001984126984,0.228740080618871,0.276216967998808,0.0313245670208633,5.84335804871084
2.91011904761905,0.228721678366129,0.27619780305639,0.0313095857964526,5.84349104039367
2.91021825396825,0.228703277776249,0.276178638419596,0.0312946117495295,5.84362402018232
2.91031746031746,0.228684878848997,0.27615947408897,0.0312796448766863,5.8437569880784
2.91041666666667,0.22866648158414,0.276140310065054,0.0312646851745158,5.84388994408355
2.91051587301587,0.228648085981444,0.276121146348392,0.0312497326396126,5.84402288819938
2.91061507936508,0.228629692040677,0.276101982939526,0.0312347872685723,5.84415582042753
2.91071428571429,0.228611299761605,0.276082819838998,0.0312198490579917,5.84428874076961
2.91081349206349,0.228592909143994,0.27606365704735,0.0312049180044689,5.84442164922726
2.9109126984127,0.228574520187612,0.276044494565125,0.0311899941046034,5.84455454580209
2.9110119047619,0.228556132892226,0.276025332392863,0.0311750773549956,5.84468743049573
2.91111111111111,0.228537747257603,0.276006170531106,0.0311601677522476,5.84482030330979
2.91121031746032,0.228519363283509,0.275987008980396,0.0311452652929622,5.84495316424592
2.91130952380952,0.228500980969712,0.275967847741273,0.0311303699737438,5.84508601330571
2.91140873015873,0.228482600315979,0.275948686814277,0.0311154817911982,5.84521885049081
2.91150793650794,0.228464221322078,0.27592952619995,0.0311006007419319,5.84535167580282
2.91160714285714,0.228445843987775,0.275910365898831,0.0310857268225531,5.84548448924337
2.91170634920635,0.228427468312838,0.27589120591146,0.031070860029671,5.84561729081408
2.91180555555556,0.228409094297034,0.275872046238377,0.0310560003598963,5.84575008051658
2.91190476190476,0.228390721940131,0.275852886880122,0.0310411478098407,5.84588285835247
2.91200396825397,0.228372351241896,0.275833727837233,0.0310263023761172,5.84601562432338
2.91210317460317,0.228353982202097,0.275814569110249,0.0310114640553399,5.84614837843094
2.91220238095238,0.228335614820501,0.27579541069971,0.0309966328441246,5.84628112067675
2.91230158730159,0.228317249096877,0.275776252606153,0.0309818087390879,5.84641385106243
2.91240079365079,0.228298885030992,0.275757094830118,0.0309669917368477,5.84654656958962
2.9125,0.228280522622614,0.275737937372141,0.0309521818340234,5.84667927625991
2.91259920634921,0.22826216187151,0.275718780232761,0.0309373790272354,5.84681197107494
2.91269841269841,0.228243802777449,0.275699623412515,0.0309225833131054,5.84694465403631
2.91279761904762,0.228225445340199,0.275680466911941,0.0309077946882563,5.84707732514564
2.91289682539683,0.228207089559528,0.275661310731576,0.0308930131493124,5.84720998440456
2.91299603174603,0.228188735435203,0.275642154871956,0.030878238692899,5.84734263181467
2.91309523809524,0.228170382966993,0.275622999333618,0.030863471315643,5.84747526737759
2.91319444444444,0.228152032154667,0.275603844117098,0.0308487110141721,5.84760789109494
2.91329365079365,0.228133682997992,0.275584689222933,0.0308339577851157,5.84774050296833
2.91339285714286,0.228115335496737,0.275565534651658,0.030819211625104,5.84787310299938
2.91349206349206,0.22809698965067,0.275546380403809,0.0308044725307687,5.8480056911897
2.91359126984127,0.22807864545956,0.275527226479921,0.0307897404987427,5.8481382675409
2.91369047619048,0.228060302923175,0.27550807288053,0.0307750155256601,5.8482708320546
2.91378968253968,0.228041962041284,0.27548891960617,0.0307602976081564,5.84840338473241
2.91388888888889,0.228023622813656,0.275469766657376,0.0307455867428681,5.84853592557594
2.9139880952381,0.228005285240058,0.275450614034683,0.0307308829264331,5.84866845458681
2.9140873015873,0.227986949320261,0.275431461738624,0.0307161861554906,5.84880097176662
2.91418650793651,0.227968615054033,0.275412309769734,0.0307014964266807,5.84893347711699
2.91428571428571,0.227950282441142,0.275393158128546,0.0306868137366452,5.84906597063954
2.91438492063492,0.227931951481358,0.275374006815593,0.0306721380820268,5.84919845233586
2.91448412698413,0.227913622174449,0.27535485583141,0.0306574694594697,5.84933092220757
2.91458333333333,0.227895294520185,0.275335705176529,0.0306428078656191,5.84946338025629
2.91468253968254,0.227876968518335,0.275316554851483,0.0306281532971216,5.84959582648362
2.91478174603175,0.227858644168668,0.275297404856803,0.0306135057506249,5.84972826089117
2.91488095238095,0.227840321470953,0.275278255193024,0.0305988652227783,5.84986068348054
2.91498015873016,0.227822000424959,0.275259105860676,0.0305842317102318,5.84999309425336
2.91507936507937,0.227803681030457,0.275239956860291,0.030569605209637,5.85012549321122
2.91517857142857,0.227785363287214,0.275220808192401,0.0305549857176467,5.85025788035574
2.91527777777778,0.227767047195001,0.275201659857538,0.0305403732309149,5.85039025568852
2.91537698412698,0.227748732753588,0.275182511856232,0.0305257677460968,5.85052261921116
2.91547619047619,0.227730419962743,0.275163364189014,0.0305111692598491,5.85065497092529
2.9155753968254,0.227712108822237,0.275144216856415,0.0304965777688292,5.85078731083249
2.9156746031746,0.227693799331838,0.275125069858965,0.0304819932696963,5.85091963893439
2.91577380952381,0.227675491491318,0.275105923197194,0.0304674157591106,5.85105195523258
2.91587301587302,0.227657185300445,0.275086776871633,0.0304528452337335,5.85118425972866
2.91597222222222,0.22763888075899,0.27506763088281,0.0304382816902277,5.85131655242426
2.91607142857143,0.227620577866723,0.275048485231255,0.0304237251252571,5.85144883332096
2.91617063492063,0.227602276623413,0.275029339917498,0.030409175535487,5.85158110242037
2.91626984126984,0.22758397702883,0.275010194942068,0.0303946329175838,5.85171335972411
2.91636904761905,0.227565679082746,0.274991050305492,0.0303800972682151,5.85184560523376
2.91646825396825,0.227547382784929,0.2749719060083,0.0303655685840499,5.85197783895094
2.91656746031746,0.22752908813515,0.27495276205102,0.0303510468617582,5.85211006087724
2.91666666666667,0.22751079513318,0.274933618434179,0.0303365320980116,5.85224227101428
2.91676587301587,0.227492503778788,0.274914475158306,0.0303220242894826,5.85237446936364
2.91686507936508,0.227474214071745,0.274895332223927,0.0303075234328451,5.85250665592694
2.91696428571429,0.227455926011822,0.274876189631571,0.0302930295247742,5.85263883070578
2.91706349206349,0.227437639598789,0.274857047381765,0.0302785425619464,5.85277099370175
2.9171626984127,0.227419354832417,0.274837905475034,0.0302640625410392,5.85290314491645
2.9172619047619,0.227401071712476,0.274818763911905,0.0302495894587313,5.85303528435149
2.91736111111111,0.227382790238737,0.274799622692906,0.0302351233117031,5.85316741200847
2.91746031746032,0.227364510410971,0.274780481818562,0.0302206640966357,5.85329952788899
2.91755952380952,0.227346232228949,0.274761341289398,0.0302062118102118,5.85343163199464
2.91765873015873,0.227327955692441,0.274742201105941,0.030191766449115,5.85356372432702
2.91775793650794,0.227309680801218,0.274723061268715,0.0301773280100307,5.85369580488774
2.91785714285714,0.227291407555052,0.274703921778246,0.030162896489645,5.85382787367838
2.91795634920635,0.227273135953713,0.274684782635059,0.0301484718846454,5.85395993070056
2.91805555555556,0.227254865996973,0.274665643839678,0.0301340541917207,5.85409197595586
2.91815476190476,0.227236597684603,0.274646505392628,0.030119643407561,5.85422400944588
2.91825396825397,0.227218331016373,0.274627367294433,0.0301052395288576,5.85435603117222
2.91835317460317,0.227200065992056,0.274608229545617,0.0300908425523028,5.85448804113648
2.91845238095238,0.227181802611422,0.274589092146703,0.0300764524745907,5.85462003934025
2.91855158730159,0.227163540874243,0.274569955098215,0.030062069292416,5.85475202578512
2.91865079365079,0.227145280780291,0.274550818400677,0.030047693002475,5.8548840004727
2.91875,0.227127022329337,0.27453168205461,0.0300333236014652,5.85501596340457
2.91884920634921,0.227108765521152,0.274512546060538,0.0300189610860853,5.85514791458234
2.91894841269841,0.227090510355508,0.274493410418984,0.0300046054530354,5.85527985400759
2.91904761904762,0.227072256832178,0.274474275130469,0.0299902566990165,5.85541178168192
2.91914682539683,0.227054004950932,0.274455140195516,0.0299759148207311,5.85554369760692
2.91924603174603,0.227035754711542,0.274436005614646,0.029961579814883,5.85567560178419
2.91934523809524,0.227017506113781,0.274416871388381,0.0299472516781771,5.85580749421531
2.91944444444444,0.226999259157419,0.274397737517242,0.0299329304073194,5.85593937490188
2.91954365079365,0.226981013842231,0.27437860400175,0.0299186159990175,5.8560712438455
2.91964285714286,0.226962770167986,0.274359470842427,0.02990430844998,5.85620310104775
2.91974206349206,0.226944528134458,0.274340338039792,0.0298900077569169,5.85633494651023
2.91984126984127,0.226926287741418,0.274321205594365,0.0298757139165391,5.85646678023452
2.91994047619048,0.226908048988639,0.274302073506669,0.0298614269255592,5.85659860222222
2.92003968253968,0.226889811875893,0.27428294177722,0.0298471467806907,5.85673041247491
2.92013888888889,0.226871576402953,0.274263810406541,0.0298328734786485,5.85686221099419
2.9202380952381,0.22685334256959,0.274244679395149,0.0298186070161487,5.85699399778164
2.9203373015873,0.226835110375578,0.274225548743565,0.0298043473899088,5.85712577283886
2.92043650793651,0.226816879820689,0.274206418452306,0.0297900945966472,5.85725753616743
2.92053571428571,0.226798650904694,0.274187288521892,0.0297758486330837,5.85738928776894
2.92063492063492,0.226780423627368,0.274168158952841,0.0297616094959396,5.85752102764498
2.92073412698413,0.226762197988483,0.274149029745672,0.029747377181937,5.85765275579713
2.92083333333333,0.226743973987811,0.274129900900901,0.0297331516877997,5.85778447222699
2.92093253968254,0.226725751625125,0.274110772419048,0.0297189330102522,5.85791617693614
2.92103174603175,0.226707530900198,0.274091644300629,0.0297047211460208,5.85804786992616
2.92113095238095,0.226689311812803,0.274072516546161,0.0296905160918327,5.85817955119865
2.92123015873016,0.226671094362714,0.274053389156162,0.0296763178444164,5.85831122075519
2.92132936507937,0.226652878549702,0.274034262131149,0.0296621264005016,5.85844287859736
2.92142857142857,0.226634664373542,0.274015135471637,0.0296479417568195,5.85857452472675
2.92152777777778,0.226616451834006,0.273996009178144,0.0296337639101023,5.85870615914494
2.92162698412698,0.226598240930867,0.273976883251184,0.0296195928570834,5.85883778185352
2.92172619047619,0.2265800316639,0.273957757691275,0.0296054285944976,5.85896939285407
2.9218253968254,0.226561824032876,0.273938632498931,0.0295912711190809,5.85910099214817
2.9219246031746,0.22654361803757,0.273919507674669,0.0295771204275705,5.85923257973741
2.92202380952381,0.226525413677756,0.273900383219002,0.0295629765167048,5.85936415562338
2.92212301587302,0.226507210953205,0.273881259132446,0.0295488393832236,5.85949571980764
2.92222222222222,0.226489009863693,0.273862135415515,0.0295347090238679,5.8596272722918
2.92232142857143,0.226470810408993,0.273843012068724,0.0295205854353798,5.85975881307741
2.92242063492063,0.226452612588878,0.273823889092587,0.0295064686145028,5.85989034216608
2.92251984126984,0.226434416403122,0.273804766487618,0.0294923585579814,5.86002185955938
2.92261904761905,0.2264162218515,0.273785644254331,0.0294782552625617,5.86015336525888
2.92271825396825,0.226398028933784,0.273766522393238,0.0294641587249908,5.86028485926617
2.92281746031746,0.226379837649749,0.273747400904853,0.0294500689420171,5.86041634158284
2.92291666666667,0.226361647999169,0.27372827978969,0.0294359859103903,5.86054781221045
2.92301587301587,0.226343459981817,0.27370915904826,0.0294219096268613,5.86067927115059
2.92311507936508,0.226325273597469,0.273690038681076,0.0294078400881821,5.86081071840484
2.92321428571429,0.226307088845898,0.273670918688651,0.0293937772911061,5.86094215397478
2.92331349206349,0.226288905726878,0.273651799071496,0.029379721232388,5.86107357786198
2.9234126984127,0.226270724240183,0.273632679830123,0.0293656719087835,5.86120499006801
2.9235119047619,0.226252544385589,0.273613560965043,0.0293516293170499,5.86133639059447
2.92361111111111,0.226234366162869,0.273594442476768,0.0293375934539454,5.86146777944292
2.92371031746032,0.226216189571797,0.27357532436581,0.0293235643162297,5.86159915661495
2.92380952380952,0.226198014612149,0.273556206632678,0.0293095419006635,5.86173052211212
2.92390873015873,0.226179841283699,0.273537089277883,0.0292955262040089,5.86186187593602
2.92400793650794,0.226161669586221,0.273517972301936,0.0292815172230292,5.86199321808822
2.92410714285714,0.226143499519491,0.273498855705346,0.029267514954489,5.86212454857029
2.92420634920635,0.226125331083282,0.273479739488623,0.029253519395154,5.86225586738381
2.92430555555556,0.226107164277371,0.273460623652278,0.0292395305417913,5.86238717453035
2.92440476190476,0.22608899910153,0.273441508196819,0.0292255483911692,5.86251847001149
2.92450396825397,0.226070835555537,0.273422393122756,0.0292115729400571,5.86264975382881
2.92460317460317,0.226052673639165,0.273403278430597,0.0291976041852259,5.86278102598386
2.92470238095238,0.226034513352189,0.27338416412085,0.0291836421234475,5.86291228647824
2.92480158730159,0.226016354694385,0.273365050194026,0.0291696867514953,5.86304353531351
2.92490079365079,0.225998197665528,0.273345936650631,0.0291557380661436,5.86317477249123
2.925,0.225980042265393,0.273326823491173,0.0291417960641682,5.863305998013
2.92509920634921,0.225961888493755,0.27330771071616,0.029127860742346,5.86343721188037
2.92519841269841,0.22594373635039,0.2732885983261,0.0291139320974553,5.86356841409491
2.92529761904762,0.225925585835073,0.2732694863215,0.0291000101262756,5.8636996046582
2.92539682539683,0.225907436947579,0.273250374702867,0.0290860948255874,5.86383078357181
2.92549603174603,0.225889289687685,0.273231263470707,0.0290721861921729,5.86396195083731
2.92559523809524,0.225871144055165,0.273212152625527,0.029058284222815,5.86409310645627
2.92569444444444,0.225853000049795,0.273193042167833,0.0290443889142984,5.86422425043025
2.92579365079365,0.225834857671351,0.273173932098132,0.0290305002634085,5.86435538276083
2.92589285714286,0.225816716919609,0.273154822416928,0.0290166182669324,5.86448650344957
2.92599206349206,0.225798577794344,0.273135713124728,0.0290027429216582,5.86461761249805
2.92609126984127,0.225780440295332,0.273116604222037,0.0289888742243753,5.86474870990783
2.92619047619048,0.22576230442235,0.27309749570936,0.0289750121718742,5.86487979568047
2.92628968253968,0.225744170175172,0.273078387587201,0.0289611567609469,5.86501086981755
2.92638888888889,0.225726037553576,0.273059279856066,0.0289473079883866,5.86514193232063
2.9264880952381,0.225707906557338,0.273040172516459,0.0289334658509875,5.86527298319128
2.9265873015873,0.225689777186233,0.273021065568883,0.0289196303455451,5.86540402243106
2.92668650793651,0.225671649440037,0.273001959013842,0.0289058014688566,5.86553505004154
2.92678571428571,0.225653523318528,0.272982852851841,0.0288919792177198,5.86566606602429
2.92688492063492,0.225635398821481,0.272963747083383,0.0288781635889341,5.86579707038087
2.92698412698413,0.225617275948672,0.27294464170897,0.0288643545793,5.86592806311284
2.92708333333333,0.225599154699879,0.272925536729106,0.0288505521856195,5.86605904422177
2.92718253968254,0.225581035074877,0.272906432144293,0.0288367564046955,5.86619001370922
2.92728174603175,0.225562917073444,0.272887327955034,0.0288229672333322,5.86632097157676
2.92738095238095,0.225544800695355,0.272868224161831,0.0288091846683354,5.86645191782595
2.92748015873016,0.225526685940388,0.272849120765186,0.0287954087065118,5.86658285245835
2.92757936507937,0.22550857280832,0.2728300177656,0.0287816393446693,5.86671377547552
2.92767857142857,0.225490461298926,0.272810915163575,0.0287678765796171,5.86684468687903
2.92777777777778,0.225472351411984,0.272791812959613,0.028754120408166,5.86697558667044
2.92787698412698,0.225454243147272,0.272772711154214,0.0287403708271275,5.8671064748513
2.92797619047619,0.225436136504565,0.272753609747879,0.0287266278333147,5.86723735142319
2.9280753968254,0.22541803148364,0.272734508741108,0.0287128914235418,5.86736821638766
2.9281746031746,0.225399928084276,0.272715408134403,0.0286991615946242,5.86749906974626
2.92827380952381,0.225381826306249,0.272696307928262,0.0286854383433788,5.86762991150057
2.92837301587302,0.225363726149337,0.272677208123186,0.0286717216666234,5.86776074165213
2.92847222222222,0.225345627613316,0.272658108719674,0.0286580115611772,5.86789156020252
2.92857142857143,0.225327530697963,0.272639009718226,0.0286443080238607,5.86802236715328
2.92867063492063,0.225309435403058,0.27261991111934,0.0286306110514956,5.86815316250598
2.92876984126984,0.225291341728376,0.272600812923516,0.0286169206409047,5.86828394626218
2.92886904761905,0.225273249673695,0.272581715131252,0.0286032367889123,5.86841471842342
2.92896825396825,0.225255159238793,0.272562617743047,0.0285895594923439,5.86854547899127
2.92906746031746,0.225237070423448,0.272543520759398,0.0285758887480259,5.86867622796729
2.92916666666667,0.225218983227436,0.272524424180804,0.0285622245527863,5.86880696535303
2.92926587301587,0.225200897650537,0.272505328007762,0.0285485669034543,5.86893769115005
2.92936507936508,0.225182813692527,0.272486232240769,0.0285349157968602,5.86906840535991
2.92946428571429,0.225164731353185,0.272467136880323,0.0285212712298356,5.86919910798415
2.92956349206349,0.225146650632289,0.272448041926921,0.0285076331992135,5.86932979902434
2.9296626984127,0.225128571529616,0.272428947381059,0.0284940017018279,5.86946047848202
2.9297619047619,0.225110494044944,0.272409853243234,0.0284803767345141,5.86959114635876
2.92986111111111,0.225092418178052,0.272390759513942,0.0284667582941088,5.86972180265611
2.92996031746032,0.225074343928717,0.272371666193679,0.0284531463774497,5.86985244737562
2.93005952380952,0.225056271296719,0.272352573282941,0.028439540981376,5.86998308051885
2.93015873015873,0.225038200281835,0.272333480782223,0.028425942102728,5.87011370208734
2.93025793650794,0.225020130883843,0.272314388692021,0.0284123497383471,5.87024431208265
2.93035714285714,0.225002063102522,0.272295297012829,0.0283987638850763,5.87037491050633
2.93045634920635,0.224983996937651,0.272276205745143,0.0283851845397595,5.87050549735994
2.93055555555556,0.224965932389007,0.272257114889457,0.0283716116992421,5.87063607264502
2.93065476190476,0.22494786945637,0.272238024446264,0.0283580453603705,5.87076663636313
2.93075396825397,0.224929808139518,0.27221893441606,0.0283444855199926,5.87089718851582
2.93085317460317,0.22491174843823,0.272199844799339,0.0283309321749573,5.87102772910463
2.93095238095238,0.224893690352284,0.272180755596592,0.0283173853221149,5.87115825813112
2.93105158730159,0.224875633881459,0.272161666808315,0.0283038449583169,5.87128877559684
2.93115079365079,0.224857579025535,0.272142578435,0.0282903110804159,5.87141928150333
2.93125,0.224839525784289,0.272123490477141,0.0282767836852661,5.87154977585215
2.93134920634921,0.224821474157502,0.272104402935228,0.0282632627697226,5.87168025864485
2.93144841269841,0.224803424144951,0.272085315809756,0.0282497483306418,5.87181072988296
2.93154761904762,0.224785375746417,0.272066229101217,0.0282362403648816,5.87194118956804
2.93164682539683,0.224767328961678,0.272047142810101,0.0282227388693007,5.87207163770164
2.93174603174603,0.224749283790514,0.272028056936901,0.0282092438407594,5.87220207428531
2.93184523809524,0.224731240232703,0.272008971482109,0.0281957552761192,5.87233249932058
2.93194444444444,0.224713198288025,0.271989886446215,0.0281822731722427,5.87246291280902
2.93204365079365,0.22469515795626,0.27197080182971,0.0281687975259938,5.87259331475215
2.93214285714286,0.224677119237187,0.271951717633086,0.0281553283342376,5.87272370515153
2.93224206349206,0.224659082130585,0.271932633856832,0.0281418655938407,5.87285408400871
2.93234126984127,0.224641046636234,0.27191355050144,0.0281284093016705,5.87298445132523
2.93244047619048,0.224623012753914,0.271894467567398,0.0281149594545961,5.87311480710262
2.93253968253968,0.224604980483404,0.271875385055197,0.0281015160494874,5.87324515134245
2.93263888888889,0.224586949824484,0.271856302965326,0.0280880790832159,5.87337548404625
2.9327380952381,0.224568920776934,0.271837221298275,0.0280746485526542,5.87350580521556
2.9328373015873,0.224550893340533,0.271818140054533,0.0280612244546762,5.87363611485193
2.93293650793651,0.224532867515062,0.271799059234587,0.0280478067861568,5.8737664129569
2.93303571428571,0.224514843300301,0.271779978838928,0.0280343955439725,5.87389669953201
2.93313492063492,0.224496820696029,0.271760898868043,0.0280209907250009,5.8740269745788
2.93323412698413,0.224478799702027,0.271741819322421,0.0280075923261207,5.87415723809883
2.93333333333333,0.224460780318075,0.271722740202549,0.027994200344212,5.87428749009361
2.93343253968254,0.224442762543952,0.271703661508915,0.0279808147761561,5.87441773056471
2.93353174603175,0.22442474637944,0.271684583242006,0.0279674356188356,5.87454795951365
2.93363095238095,0.224406731824319,0.27166550540231,0.0279540628691342,5.87467817694199
2.93373015873016,0.224388718878368,0.271646427990313,0.027940696523937,5.87480838285125
2.93382936507937,0.224370707541369,0.271627351006502,0.0279273365801303,5.87493857724298
2.93392857142857,0.224352697813102,0.271608274451363,0.0279139830346015,5.87506876011872
2.93402777777778,0.224334689693347,0.271589198325383,0.0279006358842394,5.87519893148
2.93412698412698,0.224316683181886,0.271570122629048,0.027887295125934,5.87532909132837
2.93422619047619,0.224298678278498,0.271551047362843,0.0278739607565765,5.87545923966535
2.9343253968254,0.224280674982965,0.271531972527254,0.0278606327730595,5.8755893764925
2.9344246031746,0.224262673295066,0.271512898122766,0.0278473111722766,5.87571950181134
2.93452380952381,0.224244673214585,0.271493824149863,0.0278339959511228,5.87584961562342
2.93462301587302,0.2242266747413,0.271474750609032,0.0278206871064943,5.87597971793027
2.93472222222222,0.224208677874993,0.271455677500756,0.0278073846352886,5.87610980873342
2.93482142857143,0.224190682615445,0.271436604825519,0.0277940885344044,5.87623988803441
2.93492063492063,0.224172688962438,0.271417532583807,0.0277807988007415,5.87636995583478
2.93501984126984,0.224154696915752,0.271398460776101,0.0277675154312012,5.87650001213607
2.93511904761905,0.224136706475168,0.271379389402887,0.0277542384226858,5.8766300569398
2.93521825396825,0.224118717640468,0.271360318464646,0.0277409677720991,5.87676009024751
2.93531746031746,0.224100730411433,0.271341247961864,0.027727703476346,5.87689011206073
2.93541666666667,0.224082744787844,0.271322177895021,0.0277144455323325,5.87702012238101
2.93551587301587,0.224064760769484,0.271303108264601,0.0277011939369661,5.87715012120986
2.93561507936508,0.224046778356132,0.271284039071087,0.0276879486871553,5.87728010854883
2.93571428571429,0.224028797547572,0.27126497031496,0.0276747097798102,5.87741008439945
2.93581349206349,0.224010818343585,0.271245901996702,0.0276614772118417,5.87754004876325
2.9359126984127,0.223992840743951,0.271226834116795,0.0276482509801622,5.87767000164176
2.9360119047619,0.223974864748454,0.27120776667572,0.0276350310816853,5.87779994303651
2.93611111111111,0.223956890356874,0.271188699673959,0.0276218175133259,5.87792987294903
2.93621031746032,0.223938917568994,0.271169633111992,0.027608610272,5.87805979138086
2.93630952380952,0.223920946384595,0.271150566990301,0.027595409354625,5.87818969833352
2.93640873015873,0.22390297680346,0.271131501309364,0.0275822147581194,5.87831959380854
2.93650793650794,0.22388500882537,0.271112436069664,0.027569026479403,5.87844947780746
2.93660714285714,0.223867042450108,0.27109337127168,0.0275558445153969,5.8785793503318
2.93670634920635,0.223849077677456,0.271074306915891,0.0275426688630233,5.8787092113831
2.93680555555556,0.223831114507195,0.271055243002777,0.0275294995192059,5.87883906096287
2.93690476190476,0.223813152939109,0.271036179532817,0.0275163364808693,5.87896889907265
2.93700396825397,0.22379519297298,0.271017116506491,0.0275031797449396,5.87909872571397
2.93710317460317,0.223777234608589,0.270998053924276,0.027490029308344,5.87922854088835
2.93720238095238,0.223759277845719,0.270978991786653,0.0274768851680111,5.87935834459732
2.93730158730159,0.223741322684154,0.270959930094098,0.0274637473208706,5.87948813684241
2.93740079365079,0.223723369123674,0.270940868847091,0.0274506157638533,5.87961791762514
2.9375,0.223705417164064,0.270921808046108,0.0274374904938918,5.87974768694704
2.93759920634921,0.223687466805105,0.270902747691628,0.0274243715079192,5.87987744480963
2.93769841269841,0.223669518046581,0.270883687784127,0.0274112588028704,5.88000719121445
2.93779761904762,0.223651570888274,0.270864628324084,0.0273981523756814,5.88013692616301
2.93789682539683,0.223633625329967,0.270845569311974,0.0273850522232893,5.88026664965684
2.93799603174603,0.223615681371443,0.270826510748275,0.0273719583426325,5.88039636169746
2.93809523809524,0.223597739012485,0.270807452633462,0.0273588707306507,5.8805260622864
2.93819444444444,0.223579798252875,0.270788394968013,0.0273457893842849,5.88065575142518
2.93829365079365,0.223561859092398,0.270769337752403,0.0273327143004772,5.88078542911532
2.93839285714286,0.223543921530836,0.270750280987107,0.027319645476171,5.88091509535835
2.93849206349206,0.223525985567972,0.270731224672601,0.0273065829083109,5.88104475015578
2.93859126984127,0.22350805120359,0.27071216880936,0.027293526593843,5.88117439350915
2.93869047619048,0.223490118437472,0.27069311339786,0.0272804765297142,5.88130402541997
2.93878968253968,0.223472187269403,0.270674058438575,0.027267432712873,5.88143364588976
2.93888888888889,0.223454257699166,0.270655003931979,0.0272543951402689,5.88156325492004
2.9389880952381,0.223436329726544,0.270635949878547,0.0272413638088528,5.88169285251234
2.9390873015873,0.22341840335132,0.270616896278752,0.0272283387155769,5.88182243866818
2.93918650793651,0.223400478573279,0.270597843133069,0.0272153198573944,5.88195201338906
2.93928571428571,0.223382555392204,0.270578790441971,0.02720230723126,5.88208157667652
2.93938492063492,0.223364633807879,0.270559738205932,0.0271893008341294,5.88221112853207
2.93948412698413,0.223346713820088,0.270540686425424,0.0271763006629598,5.88234066895723
2.93958333333333,0.223328795428613,0.270521635100919,0.0271633067147094,5.88247019795353
2.93968253968254,0.22331087863324,0.270502584232892,0.0271503189863379,5.88259971552246
2.93978174603175,0.223292963433753,0.270483533821814,0.0271373374748059,5.88272922166557
2.93988095238095,0.223275049829934,0.270464483868157,0.0271243621770756,5.88285871638435
2.93998015873016,0.223257137821569,0.270445434372393,0.0271113930901101,5.88298819968033
2.94007936507937,0.223239227408442,0.270426385334994,0.027098430210874,5.88311767155503
2.94017857142857,0.223221318590336,0.270407336756431,0.0270854735363332,5.88324713200996
2.94027777777778,0.223203411367036,0.270388288637175,0.0270725230634546,5.88337658104663
2.94037698412698,0.223185505738326,0.270369240977697,0.0270595787892063,5.88350601866657
2.94047619047619,0.223167601703991,0.270350193778468,0.027046640710558,5.88363544487128
2.9405753968254,0.223149699263815,0.270331147039958,0.0270337088244803,5.88376485966229
2.9406746031746,0.223131798417583,0.270312100762638,0.0270207831279453,5.8838942630411
2.94077380952381,0.223113899165079,0.270293054946977,0.0270078636179261,5.88402365500923
2.94087301587302,0.223096001506087,0.270274009593445,0.0269949502913972,5.88415303556819
2.94097222222222,0.223078105440393,0.270254964702512,0.0269820431453342,5.8842824047195
2.94107142857143,0.223060210967781,0.270235920274647,0.0269691421767142,5.88441176246467
2.94117063492063,0.223042318088036,0.270216876310318,0.0269562473825153,5.88454110880521
2.94126984126984,0.223024426800943,0.270197832809995,0.026943358759717,5.88467044374264
2.94136904761905,0.223006537106286,0.270178789774146,0.0269304763052998,5.88479976727845
2.94146825396825,0.222988649003851,0.270159747203239,0.0269176000162457,5.88492907941418
2.94156746031746,0.222970762493422,0.270140705097743,0.0269047298895379,5.88505838015132
2.94166666666667,0.222952877574786,0.270121663458125,0.0268918659221608,5.88518766949139
2.94176587301587,0.222934994247726,0.270102622284853,0.0268790081110999,5.8853169474359
2.94186507936508,0.222917112512028,0.270083581578393,0.0268661564533422,5.88544621398636
2.94196428571429,0.222899232367477,0.270064541339214,0.0268533109458757,5.88557546914428
2.94206349206349,0.222881353813859,0.270045501567782,0.02684047158569,5.88570471291116
2.9421626984127,0.222863476850959,0.270026462264564,0.0268276383697754,5.88583394528852
2.9422619047619,0.222845601478562,0.270007423430026,0.0268148112951239,5.88596316627786
2.94236111111111,0.222827727696454,0.269988385064634,0.0268019903587286,5.88609237588069
2.94246031746032,0.22280985550442,0.269969347168853,0.0267891755575838,5.88622157409853
2.94255952380952,0.222791984902247,0.269950309743151,0.026776366888685,5.88635076093287
2.94265873015873,0.222774115889719,0.269931272787991,0.0267635643490292,5.88647993638522
2.94275793650794,0.222756248466623,0.26991223630384,0.0267507679356142,5.8866091004571
2.94285714285714,0.222738382632744,0.269893200291162,0.0267379776454396,5.88673825315
2.94295634920635,0.222720518387868,0.269874164750422,0.0267251934755056,5.88686739446544
2.94305555555556,0.22270265573178,0.269855129682085,0.0267124154228142,5.88699652440491
2.94315476190476,0.222684794664268,0.269836095086614,0.0266996434843685,5.88712564296993
2.94325396825397,0.222666935185117,0.269817060964473,0.0266868776571725,5.88725475016199
2.94335317460317,0.222649077294112,0.269798027316127,0.0266741179382319,5.88738384598261
2.94345238095238,0.222631220991041,0.269778994142039,0.0266613643245534,5.88751293043329
2.94355158730159,0.222613366275689,0.269759961442672,0.0266486168131449,5.88764200351552
2.94365079365079,0.222595513147843,0.269740929218489,0.0266358754010158,5.88777106523082
2.94375,0.222577661607288,0.269721897469952,0.0266231400851765,5.88790011558068
2.94384920634921,0.222559811653812,0.269702866197526,0.0266104108626387,5.88802915456662
2.94394841269841,0.2225419632872,0.269683835401671,0.0265976877304154,5.88815818219012
2.94404761904762,0.22252411650724,0.26966480508285,0.0265849706855207,5.8882871984527
2.94414682539683,0.222506271313717,0.269645775241524,0.0265722597249702,5.88841620335585
2.94424603174603,0.222488427706419,0.269626745878156,0.0265595548457804,5.88854519690108
2.94434523809524,0.222470585685131,0.269607716993207,0.0265468560449694,5.88867417908989
2.94444444444444,0.222452745249641,0.269588688587137,0.0265341633195563,5.88880314992377
2.94454365079365,0.222434906399736,0.269569660660408,0.0265214766665615,5.88893210940423
2.94464285714286,0.222417069135202,0.26955063321348,0.0265087960830066,5.88906105753276
2.94474206349206,0.222399233455826,0.269531606246813,0.0264961215659147,5.88918999431087
2.94484126984127,0.222381399361395,0.269512579760869,0.0264834531123096,5.88931891974006
2.94494047619048,0.222363566851697,0.269493553756106,0.026470790719217,5.88944783382182
2.94503968253968,0.222345735926517,0.269474528232985,0.0264581343836634,5.88957673655765
2.94513888888889,0.222327906585644,0.269455503191964,0.0264454841026767,5.88970562794905
2.9452380952381,0.222310078828865,0.269436478633504,0.0264328398732859,5.88983450799752
2.9453373015873,0.222292252655966,0.269417454558063,0.0264202016925214,5.88996337670455
2.94543650793651,0.222274428066736,0.269398430966099,0.0264075695574149,5.89009223407164
2.94553571428571,0.222256605060961,0.269379407858072,0.026394943464999,5.89022108010029
2.94563492063492,0.222238783638429,0.269360385234439,0.026382323412308,5.890349914792
2.94573412698413,0.222220963798927,0.269341363095659,0.0263697093963771,5.89047873814825
2.94583333333333,0.222203145542243,0.269322341442189,0.0263571014142429,5.89060755017054
2.94593253968254,0.222185328868165,0.269303320274487,0.0263444994629432,5.89073635086038
2.94603174603175,0.22216751377648,0.26928429959301,0.026331903539517,5.89086514021925
2.94613095238095,0.222149700266976,0.269265279398216,0.0263193136410046,5.89099391824864
2.94623015873016,0.22213188833944,0.26924625969056,0.0263067297644476,5.89112268495006
2.94632936507937,0.222114077993661,0.2692272404705,0.0262941519068887,5.891251440325
2.94642857142857,0.222096269229427,0.269208221738492,0.0262815800653719,5.89138018437494
2.94652777777778,0.222078462046524,0.269189203494991,0.0262690142369425,5.89150891710138
2.94662698412698,0.222060656444743,0.269170185740455,0.0262564544186469,5.89163763850581
2.94672619047619,0.222042852423869,0.269151168475338,0.0262439006075329,5.89176634858974
2.9468253968254,0.222025049983692,0.269132151700097,0.0262313528006495,5.89189504735463
2.9469246031746,0.222007249124,0.269113135415185,0.026218810995047,5.892023734802
2.94702380952381,0.221989449844581,0.269094119621058,0.0262062751877766,5.89215241093332
2.94712301587302,0.221971652145224,0.269075104318171,0.0261937453758913,5.8922810757501
2.94722222222222,0.221953856025716,0.269056089506978,0.0261812215564448,5.89240972925382
2.94732142857143,0.221936061485846,0.269037075187933,0.0261687037264925,5.89253837144596
2.94742063492063,0.221918268525402,0.26901806136149,0.0261561918830907,5.89266700232802
2.94751984126984,0.221900477144174,0.268999048028103,0.0261436860232971,5.8927956219015
2.94761904761905,0.22188268734195,0.268980035188226,0.0261311861441707,5.89292423016787
2.94771825396825,0.221864899118518,0.268961022842311,0.0261186922427715,5.89305282712862
2.94781746031746,0.221847112473667,0.268942010990812,0.026106204316161,5.89318141278525
2.94791666666667,0.221829327407186,0.268922999634182,0.0260937223614018,5.89330998713924
2.94801587301587,0.221811543918863,0.268903988772872,0.0260812463755579,5.89343855019208
2.94811507936508,0.221793762008488,0.268884978407335,0.0260687763556942,5.89356710194525
2.94821428571429,0.22177598167585,0.268865968538024,0.0260563122988773,5.89369564240024
2.94831349206349,0.221758202920737,0.26884695916539,0.0260438542021747,5.89382417155855
2.9484126984127,0.221740425742939,0.268827950289884,0.0260314020626552,5.89395268942164
2.9485119047619,0.221722650142245,0.268808941911958,0.026018955877389,5.89408119599102
2.94861111111111,0.221704876118443,0.268789934032064,0.0260065156434474,5.89420969126816
2.94871031746032,0.221687103671324,0.268770926650651,0.025994081357903,5.89433817525455
2.94880952380952,0.221669332800676,0.26875191976817,0.0259816530178295,5.89446664795167
2.94890873015873,0.221651563506289,0.268732913385073,0.025969230620302,5.89459510936101
2.94900793650794,0.221633795787953,0.268713907501808,0.025956814162397,5.89472355948405
2.94910714285714,0.221616029645456,0.268694902118827,0.0259444036411918,5.89485199832227
2.94920634920635,0.221598265078588,0.268675897236577,0.0259319990537654,5.89498042587716
2.94930555555556,0.221580502087139,0.26865689285551,0.0259196003971976,5.89510884215021
2.94940476190476,0.221562740670899,0.268637888976074,0.0259072076685698,5.89523724714288
2.94950396825397,0.221544980829657,0.268618885598718,0.0258948208649646,5.89536564085666
2.94960317460317,0.221527222563203,0.268599882723891,0.0258824399834655,5.89549402329305
2.94970238095238,0.221509465871327,0.268580880352041,0.0258700650211578,5.8956223944535
2.94980158730159,0.221491710753818,0.268561878483616,0.0258576959751275,5.89575075433952
2.94990079365079,0.221473957210468,0.268542877119065,0.0258453328424623,5.89587910295257
2.95,0.221456205241065,0.268523876258835,0.0258329756202507,5.89600744029414
2.95009920634921,0.221438454845399,0.268504875903374,0.0258206243055828,5.89613576636571
2.95019841269841,0.221420706023262,0.268485876053128,0.0258082788955497,5.89626408116875
2.95029761904762,0.221402958774443,0.268466876708546,0.0257959393872441,5.89639238470475
2.95039682539683,0.221385213098732,0.268447877870073,0.0257836057777594,5.89652067697518
2.95049603174603,0.221367468995919,0.268428879538157,0.0257712780641907,5.89664895798152
2.95059523809524,0.221349726465796,0.268409881713243,0.0257589562436341,5.89677722772525
2.95069444444444,0.221331985508152,0.268390884395778,0.0257466403131871,5.89690548620785
2.95079365079365,0.221314246122778,0.268371887586208,0.0257343302699482,5.89703373343079
2.95089285714286,0.221296508309464,0.268352891284977,0.0257220261110176,5.89716196939555
2.95099206349206,0.221278772068001,0.268333895492532,0.0257097278334961,5.89729019410361
2.95109126984127,0.22126103739818,0.268314900209318,0.0256974354344863,5.89741840755644
2.95119047619048,0.221243304299791,0.268295905435779,0.0256851489110918,5.89754660975553
2.95128968253968,0.221225572772626,0.268276911172361,0.0256728682604174,5.89767480070233
2.95138888888889,0.221207842816474,0.268257917419506,0.0256605934795694,5.89780298039833
2.9514880952381,0.221190114431127,0.268238924177661,0.0256483245656549,5.89793114884501
2.9515873015873,0.221172387616376,0.268219931447268,0.0256360615157826,5.89805930604383
2.95168650793651,0.221154662372011,0.268200939228772,0.0256238043270624,5.89818745199628
2.95178571428571,0.221136938697825,0.268181947522615,0.0256115529966053,5.89831558670382
2.95188492063492,0.221119216593608,0.268162956329241,0.0255993075215237,5.89844371016793
2.95198412698413,0.22110149605915,0.268143965649093,0.0255870678989311,5.89857182239007
2.95208333333333,0.221083777094244,0.268124975482613,0.0255748341259423,5.89869992337173
2.95218253968254,0.221066059698681,0.268105985830245,0.0255626061996734,5.89882801311438
2.95228174603175,0.221048343872252,0.26808699669243,0.0255503841172417,5.89895609161948
2.95238095238095,0.221030629614748,0.268068008069611,0.0255381678757657,5.89908415888851
2.95248015873016,0.221012916925962,0.268049019962229,0.0255259574723652,5.89921221492293
2.95257936507937,0.220995205805683,0.268030032370725,0.0255137529041611,5.89934025972423
2.95267857142857,0.220977496253705,0.268011045295542,0.0255015541682758,5.89946829329386
2.95277777777778,0.220959788269818,0.267992058737119,0.0254893612618328,5.89959631563331
2.95287698412698,0.220942081853815,0.267973072695899,0.0254771741819568,5.89972432674403
2.95297619047619,0.220924377005488,0.26795408717232,0.0254649929257738,5.89985232662749
2.9530753968254,0.220906673724627,0.267935102166825,0.025452817490411,5.89998031528518
2.9531746031746,0.220888972011025,0.267916117679853,0.0254406478729969,5.90010829271854
2.95327380952381,0.220871271864474,0.267897133711843,0.0254284840706612,5.90023625892906
2.95337301587302,0.220853573284765,0.267878150263236,0.0254163260805348,5.9003642139182
2.95347222222222,0.220835876271692,0.26785916733447,0.02540417389975,5.90049215768743
2.95357142857143,0.220818180825046,0.267840184925986,0.0253920275254402,5.90062009023821
2.95367063492063,0.220800486944619,0.267821203038221,0.0253798869547401,5.90074801157201
2.95376984126984,0.220782794630203,0.267802221671615,0.0253677521847855,5.9008759216903
2.95386904761905,0.220765103881591,0.267783240826606,0.0253556232127138,5.90100382059453
2.95396825396825,0.220747414698575,0.267764260503632,0.0253435000356631,5.90113170828619
2.95406746031746,0.220729727080948,0.267745280703131,0.0253313826507733,5.90125958476673
2.95416666666667,0.220712041028502,0.267726301425541,0.0253192710551852,5.90138745003762
2.95426587301587,0.220694356541029,0.267707322671299,0.0253071652460409,5.90151530410031
2.95436507936508,0.220676673618322,0.267688344440842,0.0252950652204839,5.90164314695629
2.95446428571429,0.220658992260174,0.267669366734608,0.0252829709756586,5.901770978607
2.95456349206349,0.220641312466378,0.267650389553034,0.025270882508711,5.90189879905391
2.9546626984127,0.220623634236725,0.267631412896555,0.0252587998167883,5.90202660829849
2.9547619047619,0.22060595757101,0.267612436765608,0.0252467228970387,5.9021544063422
2.95486111111111,0.220588282469025,0.26759346116063,0.0252346517466117,5.9022821931865
2.95496031746032,0.220570608930563,0.267574486082055,0.0252225863626583,5.90240996883285
2.95505952380952,0.220552936955416,0.26755551153032,0.0252105267423305,5.90253773328271
2.95515873015873,0.220535266543378,0.26753653750586,0.0251984728827817,5.90266548653754
2.95525793650794,0.220517597694243,0.267517564009109,0.0251864247811663,5.90279322859881
2.95535714285714,0.220499930407803,0.267498591040504,0.0251743824346402,5.90292095946798
2.95545634920635,0.220482264683851,0.267479618600477,0.0251623458403604,5.9030486791465
2.95555555555556,0.220464600522181,0.267460646689465,0.0251503149954852,5.90317638763583
2.95565476190476,0.220446937922586,0.2674416753079,0.0251382898971741,5.90330408493744
2.95575396825397,0.220429276884859,0.267422704456217,0.0251262705425878,5.90343177105278
2.95585317460317,0.220411617408795,0.26740373413485,0.0251142569288885,5.90355944598331
2.95595238095238,0.220393959494186,0.267384764344231,0.0251022490532392,5.90368710973049
2.95605158730159,0.220376303140826,0.267365795084795,0.0250902469128046,5.90381476229577
2.95615079365079,0.220358648348509,0.267346826356973,0.0250782505047503,5.90394240368062
2.95625,0.220340995117028,0.267327858161199,0.0250662598262434,5.90407003388649
2.95634920634921,0.220323343446177,0.267308890497905,0.0250542748744519,5.90419765291484
2.95644841269841,0.220305693335751,0.267289923367524,0.0250422956465455,5.90432526076713
2.95654761904762,0.220288044785543,0.267270956770486,0.0250303221396948,5.9044528574448
2.95664682539683,0.220270397795346,0.267251990707225,0.0250183543510717,5.90458044294932
2.95674603174603,0.220252752364955,0.267233025178172,0.0250063922778493,5.90470801728214
2.95684523809524,0.220235108494164,0.267214060183757,0.0249944359172023,5.90483558044472
2.95694444444444,0.220217466182767,0.267195095724412,0.0249824852663062,5.9049631324385
2.95704365079365,0.220199825430559,0.267176131800568,0.0249705403223379,5.90509067326495
2.95714285714286,0.220182186237333,0.267157168412655,0.0249586010824755,5.90521820292552
2.95724206349206,0.220164548602883,0.267138205561104,0.0249466675438986,5.90534572142166
2.95734126984127,0.220146912527005,0.267119243246344,0.0249347397037876,5.90547322875482
2.95744047619048,0.220129278009492,0.267100281468806,0.0249228175593245,5.90560072492646
2.95753968253968,0.220111645050139,0.267081320228918,0.0249109011076925,5.90572820993803
2.95763888888889,0.22009401364874,0.267062359527111,0.0248989903460757,5.90585568379098
2.9577380952381,0.220076383805091,0.267043399363814,0.02488708527166,5.90598314648676
2.9578373015873,0.220058755518985,0.267024439739455,0.0248751858816321,5.90611059802683
2.95793650793651,0.220041128790218,0.267005480654463,0.0248632921731801,5.90623803841263
2.95803571428571,0.220023503618584,0.266986522109267,0.0248514041434933,5.90636546764562
2.95813492063492,0.220005880003878,0.266967564104294,0.0248395217897623,5.90649288572724
2.95823412698413,0.219988257945894,0.266948606639972,0.024827645109179,5.90662029265895
2.95833333333333,0.219970637444429,0.26692964971673,0.0248157740989363,5.90674768844219
2.95843253968254,0.219953018499276,0.266910693334994,0.0248039087562286,5.90687507307841
2.95853174603175,0.219935401110231,0.266891737495193,0.0247920490782514,5.90700244656907
2.95863095238095,0.219917785277089,0.266872782197752,0.0247801950622016,5.90712980891561
2.95873015873016,0.219900170999646,0.266853827443098,0.0247683467052771,5.90725716011947
2.95882936507937,0.219882558277695,0.266834873231659,0.0247565040046771,5.90738450018211
2.95892857142857,0.219864947111034,0.26681591956386,0.0247446669576023,5.90751182910498
2.95902777777778,0.219847337499456,0.266796966440128,0.0247328355612543,5.90763914688951
2.95912698412698,0.219829729442758,0.266778013860887,0.0247210098128362,5.90776645353716
2.95922619047619,0.219812122940734,0.266759061826564,0.0247091897095521,5.90789374904937
2.9593253968254,0.219794517993181,0.266740110337584,0.0246973752486076,5.90802103342759
2.9594246031746,0.219776914599894,0.266721159394372,0.0246855664272094,5.90814830667326
2.95952380952381,0.219759312760669,0.266702208997353,0.0246737632425655,5.90827556878783
2.95962301587302,0.219741712475301,0.266683259146951,0.024661965691885,5.90840281977274
2.95972222222222,0.219724113743586,0.266664309843591,0.0246501737723783,5.90853005962945
2.95982142857143,0.21970651656532,0.266645361087697,0.0246383874812573,5.90865728835938
2.95992063492063,0.219688920940298,0.266626412879693,0.0246266068157348,5.90878450596398
2.96001984126984,0.219671326868318,0.266607465220001,0.0246148317730249,5.90891171244471
2.96011904761905,0.219653734349174,0.266588518109047,0.0246030623503431,5.90903890780299
2.96021825396825,0.219636143382663,0.266569571547252,0.0245912985449061,5.90916609204028
2.96031746031746,0.21961855396858,0.26655062553504,0.0245795403539317,5.90929326515801
2.96041666666667,0.219600966106723,0.266531680072834,0.0245677877746391,5.90942042715763
2.96051587301587,0.219583379796887,0.266512735161056,0.0245560408042487,5.90954757804058
2.96061507936508,0.219565795038869,0.266493790800127,0.0245442994399821,5.90967471780829
2.96071428571429,0.219548211832464,0.266474846990471,0.0245325636790622,5.90980184646222
2.96081349206349,0.21953063017747,0.266455903732508,0.024520833518713,5.9099289640038
2.9609126984127,0.219513050073683,0.266436961026661,0.0245091089561599,5.91005607043446
2.9610119047619,0.219495471520898,0.26641801887335,0.0244973899886295,5.91018316575566
2.96111111111111,0.219477894518914,0.266399077272996,0.0244856766133497,5.91031024996882
2.96121031746032,0.219460319067526,0.266380136226021,0.0244739688275495,5.91043732307539
2.96130952380952,0.219442745166532,0.266361195732844,0.0244622666284592,5.91056438507681
2.96140873015873,0.219425172815727,0.266342255793887,0.0244505700133104,5.91069143597451
2.96150793650794,0.219407602014909,0.266323316409568,0.024438878979336,5.91081847576993
2.96160714285714,0.219390032763875,0.266304377580309,0.0244271935237699,5.91094550446451
2.96170634920635,0.219372465062422,0.266285439306528,0.0244155136438474,5.91107252205969
2.96180555555556,0.219354898910346,0.266266501588644,0.0244038393368051,5.9111995285569
2.96190476190476,0.219337334307444,0.266247564427078,0.0243921705998806,5.91132652395757
2.96200396825397,0.219319771253514,0.266228627822247,0.0243805074303132,5.91145350826315
2.96210317460317,0.219302209748354,0.26620969177457,0.0243688498253429,5.91158048147508
2.96220238095238,0.219284649791759,0.266190756284466,0.0243571977822114,5.91170744359477
2.96230158730159,0.219267091383528,0.266171821352353,0.0243455512981613,5.91183439462368
2.96240079365079,0.219249534523457,0.266152886978649,0.0243339103704365,5.91196133456323
2.9625,0.219231979211345,0.266133953163771,0.0243222749962825,5.91208826341486
2.96259920634921,0.219214425446988,0.266115019908137,0.0243106451729455,5.91221518118
2.96269841269841,0.219196873230184,0.266096087212164,0.0242990208976734,5.91234208786009
2.96279761904762,0.219179322560731,0.266077155076269,0.024287402167715,5.91246898345656
2.96289682539683,0.219161773438427,0.266058223500868,0.0242757889803205,5.91259586797083
2.96299603174603,0.219144225863068,0.266039292486378,0.0242641813327414,5.91272274140435
2.96309523809524,0.219126679834454,0.266020362033216,0.0242525792222305,5.91284960375855
2.96319444444444,0.21910913535238,0.266001432141797,0.0242409826460414,5.91297645503485
2.96329365079365,0.219091592416647,0.265982502812537,0.0242293916014296,5.91310329523469
2.96339285714286,0.219074051027051,0.265963574045852,0.0242178060856512,5.9132301243595
2.96349206349206,0.21905651118339,0.265944645842156,0.024206226095964,5.9133569424107
2.96359126984127,0.219038972885462,0.265925718201866,0.0241946516296269,5.91348374938974
2.96369047619048,0.219021436133066,0.265906791125394,0.0241830826839,5.91361054529803
2.96378968253968,0.219003900926,0.265887864613157,0.0241715192560447,5.91373733013701
2.96388888888889,0.218986367264062,0.265868938665569,0.0241599613433235,5.91386410390811
2.9639880952381,0.21896883514705,0.265850013283043,0.0241484089430004,5.91399086661276
2.9640873015873,0.218951304574763,0.265831088465994,0.0241368620523404,5.91411761825238
2.96418650793651,0.218933775546998,0.265812164214834,0.0241253206686098,5.9142443588284
2.96428571428571,0.218916248063555,0.265793240529978,0.0241137847890763,5.91437108834224
2.96438492063492,0.218898722124232,0.265774317411838,0.0241022544110087,5.91449780679535
2.96448412698413,0.218881197728828,0.265755394860828,0.0240907295316769,5.91462451418914
2.96458333333333,0.21886367487714,0.26573647287736,0.0240792101483525,5.91475121052503
2.96468253968254,0.218846153568969,0.265717551461846,0.0240676962583078,5.91487789580447
2.96478174603175,0.218828633804112,0.265698630614698,0.0240561878588167,5.91500457002886
2.96488095238095,0.218811115582368,0.26567971033633,0.0240446849471541,5.91513123319964
2.96498015873016,0.218793598903537,0.265660790627151,0.0240331875205965,5.91525788531823
2.96507936507937,0.218776083767417,0.265641871487574,0.0240216955764213,5.91538452638606
2.96517857142857,0.218758570173807,0.26562295291801,0.0240102091119072,5.91551115640455
2.96527777777778,0.218741058122506,0.265604034918869,0.0239987281243342,5.91563777537512
2.96537698412698,0.218723547613314,0.265585117490563,0.0239872526109837,5.9157643832992
2.96547619047619,0.218706038646029,0.265566200633503,0.0239757825691381,5.91589098017821
2.9655753968254,0.218688531220451,0.265547284348097,0.0239643179960811,5.91601756601357
2.9656746031746,0.218671025336379,0.265528368634757,0.0239528588890976,5.91614414080671
2.96577380952381,0.218653520993612,0.265509453493891,0.0239414052454739,5.91627070455904
2.96587301587302,0.21863601819195,0.265490538925911,0.0239299570624975,5.916397257272
2.96597222222222,0.218618516931192,0.265471624931224,0.0239185143374569,5.91652379894699
2.96607142857143,0.218601017211138,0.26545271151024,0.0239070770676423,5.91665032958545
2.96617063492063,0.218583519031587,0.265433798663368,0.0238956452503448,5.91677684918879
2.96626984126984,0.21856602239234,0.265414886391017,0.0238842188828567,5.91690335775843
2.96636904761905,0.218548527293194,0.265395974693594,0.0238727979624717,5.9170298552958
2.96646825396825,0.218531033733951,0.265377063571508,0.0238613824864847,5.9171563418023
2.96656746031746,0.21851354171441,0.265358153025167,0.023849972452192,5.91728281727937
2.96666666666667,0.218496051234372,0.265339243054978,0.0238385678568909,5.91740928172842
2.96676587301587,0.218478562293635,0.265320333661348,0.0238271686978799,5.91753573515086
2.96686507936508,0.218461074892,0.265301424844686,0.023815774972459,5.91766217754812
2.96696428571429,0.218443589029267,0.265282516605397,0.0238043866779293,5.91778860892161
2.96706349206349,0.218426104705236,0.265263608943889,0.0237930038115932,5.91791502927276
2.9671626984127,0.218408621919708,0.265244701860567,0.0237816263707542,5.91804143860297
2.9672619047619,0.218391140672481,0.265225795355839,0.0237702543527173,5.91816783691367
2.96736111111111,0.218373660963358,0.265206889430109,0.0237588877547884,5.91829422420626
2.96746031746032,0.218356182792138,0.265187984083785,0.0237475265742748,5.91842060048218
2.96755952380952,0.218338706158621,0.26516907931727,0.0237361708084853,5.91854696574282
2.96765873015873,0.218321231062608,0.265150175130971,0.0237248204547296,5.91867331998962
2.96775793650794,0.2183037575039,0.265131271525293,0.0237134755103187,5.91879966322397
2.96785714285714,0.218286285482296,0.265112368500639,0.0237021359725649,5.9189259954473
2.96795634920635,0.218268814997598,0.265093466057416,0.0236908018387818,5.91905231666102
2.96805555555556,0.218251346049607,0.265074564196026,0.0236794731062841,5.91917862686654
2.96815476190476,0.218233878638122,0.265055662916875,0.0236681497723879,5.91930492606528
2.96825396825397,0.218216412762946,0.265036762220365,0.0236568318344103,5.91943121425865
2.96835317460317,0.218198948423878,0.265017862106901,0.0236455192896701,5.91955749144807
2.96845238095238,0.21818148562072,0.264998962576885,0.0236342121354868,5.91968375763493
2.96855158730159,0.218164024353272,0.264980063630722,0.0236229103691815,5.91981001282067
2.96865079365079,0.218146564621337,0.264961165268813,0.0236116139880763,5.91993625700668
2.96875,0.218129106424714,0.264942267491561,0.0236003229894948,5.92006249019438
2.96884920634921,0.218111649763205,0.264923370299369,0.0235890373707617,5.92018871238518
2.96894841269841,0.218094194636611,0.264904473692639,0.0235777571292029,5.92031492358049
2.96904761904762,0.218076741044733,0.264885577671773,0.0235664822621457,5.92044112378172
2.96914682539683,0.218059288987373,0.264866682237172,0.0235552127669184,5.92056731299028
2.96924603174603,0.218041838464333,0.264847787389238,0.0235439486408508,5.92069349120758
2.96934523809524,0.218024389475413,0.264828893128372,0.0235326898812737,5.92081965843503
2.96944444444444,0.218006942020415,0.264809999454974,0.0235214364855195,5.92094581467403
2.96954365079365,0.217989496099141,0.264791106369447,0.0235101884509214,5.921071959926
2.96964285714286,0.217972051711393,0.264772213872189,0.023498945774814,5.92119809419234
2.96974206349206,0.217954608856971,0.264753321963602,0.0234877084545334,5.92132421747446
2.96984126984127,0.217937167535678,0.264734430644085,0.0234764764874166,5.92145032977377
2.96994047619048,0.217919727747315,0.264715539914038,0.023465249870802,5.92157643109167
2.97003968253968,0.217902289491685,0.26469664977386,0.0234540286020293,5.92170252142957
2.97013888888889,0.21788485276859,0.264677760223952,0.0234428126784392,5.92182860078888
2.9702380952381,0.21786741757783,0.264658871264711,0.0234316020973739,5.921954669171
2.9703373015873,0.217849983919209,0.264639982896537,0.0234203968561768,5.92208072657733
2.97043650793651,0.217832551792529,0.264621095119828,0.0234091969521923,5.92220677300929
2.97053571428571,0.217815121197591,0.264602207934983,0.0233980023827665,5.92233280846827
2.97063492063492,0.217797692134198,0.264583321342399,0.0233868131452463,5.92245883295569
2.97073412698413,0.217780264602152,0.264564435342474,0.02337562923698,5.92258484647293
2.97083333333333,0.217762838601255,0.264545549935607,0.0233644506553172,5.92271084902142
2.97093253968254,0.217745414131311,0.264526665122194,0.0233532773976087,5.92283684060255
2.97103174603175,0.21772799119212,0.264507780902632,0.0233421094612065,5.92296282121772
2.97113095238095,0.217710569783487,0.264488897277319,0.0233309468434639,5.92308879086833
2.97123015873016,0.217693149905168,0.264470014246059,0.0233197895449146,5.92321474955507
2.97132936507937,0.217675731556744,0.264451131806198,0.0233086375793082,5.9233406972756
2.97142857142857,0.217658314737995,0.264432249957676,0.023297490946417,5.92346663403076
2.97152777777778,0.217640899448732,0.264413368700869,0.0232863496437007,5.92359255982193
2.97162698412698,0.217623485688769,0.264394488036148,0.0232752136686201,5.92371847465049
2.97172619047619,0.217606073457917,0.264375607963886,0.0232640830186372,5.92384437851781
2.9718253968254,0.217588662755989,0.264356728484457,0.0232529576912151,5.92397027142526
2.9719246031746,0.217571253582796,0.264337849598232,0.0232418376838177,5.92409615337422
2.97202380952381,0.217553845938152,0.264318971305583,0.0232307229939103,5.92422202436606
2.97212301587302,0.217536439821868,0.264300093606883,0.0232196136189593,5.92434788440215
2.97222222222222,0.217519035233756,0.264281216502503,0.0232085095564321,5.92447373348387
2.97232142857143,0.217501632173629,0.264262339992816,0.023197410803797,5.9245995716126
2.97242063492063,0.217484230641299,0.264243464078192,0.023186317358524,5.92472539878969
2.97251984126984,0.217466830636577,0.264224588759002,0.0231752292180835,5.92485121501653
2.97261904761905,0.217449432159276,0.264205714035619,0.0231641463799474,5.92497702029448
2.97271825396825,0.217432035209209,0.264186839908413,0.0231530688415887,5.92510281462492
2.97281746031746,0.217414639786186,0.264167966377755,0.0231419966004813,5.92522859800922
2.97291666666667,0.21739724589002,0.264149093444015,0.0231309296541005,5.92535437044875
2.97301587301587,0.217379853520523,0.264130221107565,0.0231198679999223,5.92548013194488
2.97311507936508,0.217362462677506,0.264111349368773,0.0231088116354241,5.92560588249897
2.97321428571429,0.217345073360783,0.26409247822801,0.0230977605580844,5.92573162211241
2.97331349206349,0.217327685570164,0.264073607685647,0.0230867147653826,5.92585735078655
2.9734126984127,0.217310299305462,0.264054737742053,0.0230756742547994,5.92598306852277
2.9735119047619,0.217292914566487,0.264035868397597,0.0230646390238166,5.92610877532243
2.97361111111111,0.217275531353053,0.264016999652649,0.0230536090699168,5.92623447118691
2.97371031746032,0.217258149664971,0.263998131507578,0.0230425843905841,5.92636015611757
2.97380952380952,0.217240769502053,0.263979263962753,0.0230315649833034,5.92648583011579
2.97390873015873,0.21722339086411,0.263960397018543,0.0230205508455609,5.92661149318292
2.97400793650794,0.217206013750954,0.263941530675317,0.0230095419748438,5.92673714532033
2.97410714285714,0.217188638162398,0.263922664933443,0.0229985383686404,5.9268627865294
2.97420634920635,0.217171264098251,0.26390379979329,0.0229875400244401,5.92698841681148
2.97430555555556,0.217153891558327,0.263884935255225,0.0229765469397336,5.92711403616795
2.97440476190476,0.217136520542437,0.263866071319617,0.0229655591120123,5.92723964460017
2.97450396825397,0.217119151050392,0.263847207986834,0.022954576538769,5.92736524210951
2.97460317460317,0.217101783082004,0.263828345257242,0.0229435992174975,5.92749082869732
2.97470238095238,0.217084416637084,0.26380948313121,0.0229326271456929,5.92761640436499
2.97480158730159,0.217067051715445,0.263790621609105,0.0229216603208509,5.92774196911386
2.97490079365079,0.217049688316897,0.263771760691294,0.0229106987404689,5.92786752294531
2.975,0.217032326441252,0.263752900378143,0.022899742402045,5.9279930658607
2.97509920634921,0.217014966088321,0.263734040670021,0.0228887913030785,5.92811859786139
2.97519841269841,0.216997607257917,0.263715181567292,0.0228778454410699,5.92824411894874
2.97529761904762,0.216980249949849,0.263696323070324,0.0228669048135207,5.92836962912413
2.97539682539683,0.21696289416393,0.263677465179483,0.0228559694179335,5.92849512838891
2.97549603174603,0.216945539899972,0.263658607895135,0.022845039251812,5.92862061674444
2.97559523809524,0.216928187157784,0.263639751217645,0.0228341143126611,5.92874609419209
2.97569444444444,0.216910835937179,0.26362089514738,0.0228231945979867,5.92887156073321
2.97579365079365,0.216893486237968,0.263602039684705,0.0228122801052958,5.92899701636918
2.97589285714286,0.216876138059963,0.263583184829985,0.0228013708320965,5.92912246110135
2.97599206349206,0.216858791402973,0.263564330583586,0.0227904667758981,5.92924789493107
2.97609126984127,0.216841446266811,0.263545476945872,0.0227795679342108,5.92937331785973
2.97619047619048,0.216824102651288,0.263526623917209,0.0227686743045462,5.92949872988866
2.97628968253968,0.216806760556215,0.26350777149796,0.0227577858844167,5.92962413101923
2.97638888888889,0.216789419981402,0.263488919688491,0.022746902671336,5.92974952125281
2.9764880952381,0.216772080926662,0.263470068489165,0.0227360246628188,5.92987490059075
2.9765873015873,0.216754743391806,0.263451217900347,0.0227251518563808,5.9300002690344
2.97668650793651,0.216737407376643,0.263432367922401,0.0227142842495392,5.93012562658514
2.97678571428571,0.216720072880985,0.26341351855569,0.0227034218398117,5.93025097324431
2.97688492063492,0.216702739904644,0.263394669800579,0.0226925646247177,5.93037630901328
2.97698412698413,0.216685408447431,0.26337582165743,0.0226817126017773,5.9305016338934
2.97708333333333,0.216668078509155,0.263356974126606,0.0226708657685119,5.93062694788603
2.97718253968254,0.216650750089629,0.263338127208472,0.0226600241224438,5.93075225099253
2.97728174603175,0.216633423188662,0.263319280903389,0.0226491876610966,5.93087754321424
2.97738095238095,0.216616097806067,0.26330043521172,0.022638356381995,5.93100282455254
2.97748015873016,0.216598773941653,0.263281590133828,0.0226275302826646,5.93112809500878
2.97757936507937,0.216581451595232,0.263262745670076,0.0226167093606323,5.9312533545843
2.97767857142857,0.216564130766615,0.263243901820825,0.0226058936134261,5.93137860328048
2.97777777777778,0.216546811455611,0.263225058586437,0.0225950830385748,5.93150384109865
2.97787698412698,0.216529493662033,0.263206215967275,0.0225842776336088,5.93162906804019
2.97797619047619,0.21651217738569,0.2631873739637,0.0225734773960591,5.93175428410643
2.9780753968254,0.216494862626394,0.263168532576073,0.0225626823234582,5.93187948929874
2.9781746031746,0.216477549383955,0.263149691804755,0.0225518924133395,5.93200468361847
2.97827380952381,0.216460237658183,0.263130851650109,0.0225411076632374,5.93212986706697
2.97837301587302,0.21644292744889,0.263112012112494,0.0225303280706876,5.9322550396456
2.97847222222222,0.216425618755886,0.263093173192272,0.022519553633227,5.93238020135571
2.97857142857143,0.216408311578982,0.263074334889803,0.0225087843483932,5.93250535219864
2.97867063492063,0.216391005917987,0.263055497205447,0.0224980202137252,5.93263049217577
2.97876984126984,0.216373701772714,0.263036660139565,0.022487261226763,5.93275562128842
2.97886904761905,0.216356399142971,0.263017823692517,0.0224765073850478,5.93288073953797
2.97896825396825,0.216339098028571,0.262998987864663,0.0224657586861219,5.93300584692575
2.97906746031746,0.216321798429322,0.262980152656362,0.0224550151275284,5.93313094345313
2.97916666666667,0.216304500345036,0.262961318067974,0.022444276706812,5.93325602912144
2.97926587301587,0.216287203775523,0.262942484099859,0.022433543421518,5.93338110393205
2.97936507936508,0.216269908720593,0.262923650752375,0.0224228152691932,5.93350616788629
2.97946428571429,0.216252615180057,0.262904818025882,0.0224120922473852,5.93363122098553
2.97956349206349,0.216235323153726,0.262885985920738,0.022401374353643,5.93375626323111
2.9796626984127,0.216218032641408,0.262867154437302,0.0223906615855163,5.93388129462437
2.9797619047619,0.216200743642915,0.262848323575933,0.0223799539405563,5.93400631516667
2.97986111111111,0.216183456158058,0.262829493336989,0.0223692514163152,5.93413132485936
2.97996031746032,0.216166170186645,0.262810663720827,0.0223585540103461,5.93425632370379
2.98005952380952,0.216148885728488,0.262791834727807,0.0223478617202033,5.93438131170129
2.98015873015873,0.216131602783396,0.262773006358285,0.0223371745434423,5.93450628885323
2.98025793650794,0.21611432135118,0.26275417861262,0.0223264924776196,5.93463125516094
2.98035714285714,0.216097041431651,0.262735351491168,0.022315815520293,5.93475621062578
2.98045634920635,0.216079763024617,0.262716524994287,0.022305143669021,5.93488115524908
2.98055555555556,0.216062486129889,0.262697699122335,0.0222944769213635,5.9350060890322
2.98065476190476,0.216045210747277,0.262678873875668,0.0222838152748815,5.93513101197649
2.98075396825397,0.216027936876592,0.262660049254642,0.022273158727137,5.93525592408328
2.98085317460317,0.216010664517643,0.262641225259614,0.0222625072756932,5.93538082535393
2.98095238095238,0.21599339367024,0.262622401890941,0.0222518609181142,5.93550571578977
2.98105158730159,0.215976124334193,0.26260357914898,0.0222412196519655,5.93563059539216
2.98115079365079,0.215958856509313,0.262584757034085,0.0222305834748134,5.93575546416243
2.98125,0.215941590195408,0.262565935546612,0.0222199523842254,5.93588032210194
2.98134920634921,0.21592432539229,0.262547114686918,0.0222093263777703,5.93600516921202
2.98144841269841,0.215907062099767,0.262528294455358,0.0221987054530177,5.93613000549402
2.98154761904762,0.21588980031765,0.262509474852287,0.0221880896075386,5.93625483094928
2.98164682539683,0.215872540045748,0.262490655878061,0.0221774788389047,5.93637964557914
2.98174603174603,0.215855281283872,0.262471837533034,0.0221668731446892,5.93650444938495
2.98184523809524,0.215838024031831,0.262453019817561,0.0221562725224663,5.93662924236805
2.98194444444444,0.215820768289435,0.262434202731996,0.022145676969811,5.93675402452978
2.98204365079365,0.215803514056493,0.262415386276695,0.0221350864842998,5.93687879587148
2.98214285714286,0.215786261332815,0.262396570452011,0.0221245010635102,5.9370035563945
2.98224206349206,0.215769010118212,0.262377755258299,0.0221139207050206,5.93712830610016
2.98234126984127,0.215751760412492,0.262358940695912,0.0221033454064107,5.93725304498983
2.98244047619048,0.215734512215465,0.262340126765205,0.0220927751652612,5.93737777306482
2.98253968253968,0.215717265526941,0.26232131346653,0.022082209979154,5.9375024903265
2.98263888888889,0.215700020346729,0.262302500800241,0.022071649845672,5.93762719677618
2.9827380952381,0.215682776674639,0.262283688766692,0.0220610947623992,5.93775189241522
2.9828373015873,0.215665534510481,0.262264877366235,0.0220505447269209,5.93787657724495
2.98293650793651,0.215648293854063,0.262246066599223,0.0220399997368231,5.93800125126671
2.98303571428571,0.215631054705196,0.262227256466009,0.0220294597896934,5.93812591448184
2.98313492063492,0.215613817063689,0.262208446966945,0.02201892488312,5.93825056689168
2.98323412698413,0.215596580929351,0.262189638102384,0.0220083950146925,5.93837520849756
2.98333333333333,0.215579346301992,0.262170829872679,0.0219978701820017,5.93849983930083
2.98343253968254,0.215562113181421,0.26215202227818,0.0219873503826392,5.93862445930281
2.98353174603175,0.215544881567447,0.262133215319239,0.0219768356141978,5.93874906850485
2.98363095238095,0.21552765145988,0.262114408996209,0.0219663258742716,5.93887366690828
2.98373015873016,0.215510422858529,0.262095603309441,0.0219558211604555,5.93899825451444
2.98382936507937,0.215493195763204,0.262076798259285,0.0219453214703456,5.93912283132467
2.98392857142857,0.215475970173713,0.262057993846094,0.0219348268015393,5.93924739734029
2.98402777777778,0.215458746089865,0.262039190070218,0.0219243371516349,5.93937195256265
2.98412698412698,0.215441523511471,0.262020386932007,0.0219138525182319,5.93949649699308
2.98422619047619,0.215424302438339,0.262001584431813,0.0219033728989306,5.93962103063291
2.9843253968254,0.215407082870279,0.261982782569986,0.0218928982913329,5.93974555348348
2.9844246031746,0.215389864807099,0.261963981346875,0.0218824286930414,5.93987006554613
2.98452380952381,0.215372648248608,0.261945180762832,0.02187196410166,5.93999456682217
2.98462301587302,0.215355433194616,0.261926380818205,0.0218615045147936,5.94011905731296
2.98472222222222,0.215338219644932,0.261907581513345,0.0218510499300483,5.94024353701982
2.98482142857143,0.215321007599365,0.261888782848601,0.0218406003450312,5.94036800594408
2.98492063492063,0.215303797057723,0.261869984824323,0.0218301557573505,5.94049246408708
2.98501984126984,0.215286588019816,0.261851187440859,0.0218197161646157,5.94061691145015
2.98511904761905,0.215269380485453,0.261832390698559,0.0218092815644371,5.94074134803462
2.98521825396825,0.215252174454443,0.261813594597771,0.0217988519544263,5.94086577384182
2.98531746031746,0.215234969926594,0.261794799138844,0.0217884273321959,5.94099018887308
2.98541666666667,0.215217766901716,0.261776004322126,0.0217780076953597,5.94111459312973
2.98551587301587,0.215200565379616,0.261757210147967,0.0217675930415325,5.94123898661311
2.98561507936508,0.215183365360105,0.261738416616713,0.0217571833683304,5.94136336932454
2.98571428571429,0.215166166842991,0.261719623728713,0.0217467786733701,5.94148774126536
2.98581349206349,0.215148969828083,0.261700831484314,0.0217363789542701,5.94161210243689
2.9859126984127,0.215131774315189,0.261682039883865,0.0217259842086495,5.94173645284046
2.9860119047619,0.215114580304119,0.261663248927712,0.0217155944341287,5.9418607924774
2.98611111111111,0.21509738779468,0.261644458616203,0.021705209628329,5.94198512134904
2.98621031746032,0.215080196786682,0.261625668949685,0.0216948297888731,5.9421094394567
2.98630952380952,0.215063007279934,0.261606879928505,0.0216844549133845,5.94223374680173
2.98640873015873,0.215045819274243,0.261588091553009,0.0216740849994882,5.94235804338543
2.98650793650794,0.215028632769419,0.261569303823543,0.0216637200448097,5.94248232920914
2.98660714285714,0.21501144776527,0.261550516740456,0.0216533600469762,5.9426066042742
2.98670634920635,0.214994264261604,0.261531730304091,0.0216430050036157,5.94273086858191
2.98680555555556,0.214977082258231,0.261512944514796,0.0216326549123573,5.94285512213361
2.98690476190476,0.214959901754959,0.261494159372916,0.0216223097708314,5.94297936493063
2.98700396825397,0.214942722751596,0.261475374878798,0.0216119695766691,5.94310359697429
2.98710317460317,0.21492554524795,0.261456591032785,0.021601634327503,5.94322781826592
2.98720238095238,0.214908369243831,0.261437807835225,0.0215913040209666,5.94335202880684
2.98730158730159,0.214891194739046,0.261419025286461,0.0215809786546946,5.94347622859837
2.98740079365079,0.214874021733405,0.261400243386838,0.0215706582263227,5.94360041764184
2.9875,0.214856850226714,0.261381462136703,0.0215603427334877,5.94372459593858
2.98759920634921,0.214839680218784,0.261362681536398,0.0215500321738277,5.94384876348991
2.98769841269841,0.214822511709421,0.261343901586269,0.0215397265449816,5.94397292029714
2.98779761904762,0.214805344698434,0.26132512228666,0.0215294258445897,5.94409706636162
2.98789682539683,0.214788179185633,0.261306343637914,0.0215191300702931,5.94422120168465
2.98799603174603,0.214771015170824,0.261287565640377,0.0215088392197342,5.94434532626756
2.98809523809524,0.214753852653815,0.26126878829439,0.0214985532905565,5.94446944011167
2.98819444444444,0.214736691634417,0.261250011600299,0.0214882722804045,5.9445935432183
2.98829365079365,0.214719532112435,0.261231235558446,0.0214779961869239,5.94471763558878
2.98839285714286,0.214702374087679,0.261212460169174,0.0214677250077614,5.94484171722443
2.98849206349206,0.214685217559957,0.261193685432827,0.0214574587405648,5.94496578812656
2.98859126984127,0.214668062529076,0.261174911349747,0.0214471973829832,5.9450898482965
2.98869047619048,0.214650908994846,0.261156137920277,0.0214369409326665,5.94521389773557
2.98878968253968,0.214633756957073,0.26113736514476,0.021426689387266,5.94533793644508
2.98888888888889,0.214616606415566,0.261118593023537,0.0214164427444338,5.94546196442637
2.9889880952381,0.214599457370133,0.261099821556951,0.0214062010018234,5.94558598168074
2.9890873015873,0.214582309820582,0.261081050745344,0.0213959641570891,5.94570998820951
2.98918650793651,0.21456516376672,0.261062280589058,0.0213857322078866,5.94583398401401
2.98928571428571,0.214548019208356,0.261043511088434,0.0213755051518725,5.94595796909555
2.98938492063492,0.214530876145298,0.261024742243814,0.0213652829867045,5.94608194345546
2.98948412698413,0.214513734577354,0.261005974055538,0.0213550657100414,5.94620590709504
2.98958333333333,0.214496594504331,0.260987206523949,0.0213448533195433,5.94632986001561
2.98968253968254,0.214479455926036,0.260968439649386,0.0213346458128713,5.9464538022185
2.98978174603175,0.214462318842279,0.260949673432191,0.0213244431876873,5.94657773370502
2.98988095238095,0.214445183252867,0.260930907872704,0.0213142454416548,5.94670165447649
2.98998015873016,0.214428049157607,0.260912142971266,0.021304052572438,5.94682556453421
2.99007936507937,0.214410916556308,0.260893378728216,0.0212938645777025,5.94694946387952
2.99017857142857,0.214393785448776,0.260874615143895,0.0212836814551146,5.94707335251371
2.99027777777778,0.21437665583482,0.260855852218643,0.0212735032023423,5.94719723043812
2.99037698412698,0.214359527714247,0.260837089952799,0.0212633298170541,5.94732109765405
2.99047619047619,0.214342401086865,0.260818328346702,0.0212531612969199,5.94744495416281
2.9905753968254,0.214325275952482,0.260799567400693,0.0212429976396107,5.94756879996573
2.9906746031746,0.214308152310904,0.26078080711511,0.0212328388427986,5.94769263506411
2.99077380952381,0.214291030161941,0.260762047490291,0.0212226849041567,5.94781645945927
2.99087301587302,0.214273909505398,0.260743288526577,0.0212125358213592,5.94794027315253
2.99097222222222,0.214256790341084,0.260724530224305,0.0212023915920815,5.94806407614519
2.99107142857143,0.214239672668806,0.260705772583815,0.0211922522140001,5.94818786843857
2.99117063492063,0.214222556488372,0.260687015605443,0.0211821176847926,5.94831165003397
2.99126984126984,0.214205441799589,0.260668259289529,0.0211719880021375,5.94843542093273
2.99136904761905,0.214188328602264,0.26064950363641,0.0211618631637146,5.94855918113613
2.99146825396825,0.214171216896205,0.260630748646424,0.0211517431672049,5.9486829306455
2.99156746031746,0.214154106681219,0.260611994319908,0.0211416280102902,5.94880666946215
2.99166666666667,0.214136997957114,0.2605932406572,0.0211315176906535,5.94893039758738
2.99176587301587,0.214119890723697,0.260574487658638,0.0211214122059792,5.94905411502251
2.99186507936508,0.214102784980774,0.260555735324557,0.0211113115539524,5.94917782176885
2.99196428571429,0.214085680728154,0.260536983655296,0.0211012157322595,5.9493015178277
2.99206349206349,0.214068577965644,0.26051823265119,0.0210911247385879,5.94942520320038
2.9921626984127,0.21405147669305,0.260499482312576,0.0210810385706263,5.9495488778882
2.9922619047619,0.214034376910181,0.26048073263979,0.0210709572260642,5.94967254189246
2.99236111111111,0.214017278616842,0.26046198363317,0.0210608807025924,5.94979619521447
2.99246031746032,0.214000181812842,0.260443235293049,0.0210508089979028,5.94991983785555
2.99255952380952,0.213983086497987,0.260424487619766,0.0210407421096883,5.95004346981699
2.99265873015873,0.213965992672084,0.260405740613654,0.0210306800356431,5.95016709110012
2.99275793650794,0.213948900334941,0.260386994275049,0.0210206227734621,5.95029070170622
2.99285714285714,0.213931809486365,0.260368248604288,0.0210105703208419,5.95041430163662
2.99295634920635,0.213914720126162,0.260349503601704,0.0210005226754796,5.95053789089261
2.99305555555556,0.21389763225414,0.260330759267633,0.0209904798350737,5.9506614694755
2.99315476190476,0.213880545870106,0.260312015602409,0.0209804417973238,5.95078503738661
2.99325396825397,0.213863460973865,0.260293272606367,0.0209704085599306,5.95090859462723
2.99335317460317,0.213846377565227,0.260274530279842,0.0209603801205959,5.95103214119867
2.99345238095238,0.213829295643996,0.260255788623167,0.0209503564770224,5.95115567710224
2.99355158730159,0.21381221520998,0.260237047636677,0.0209403376269141,5.95127920233923
2.99365079365079,0.213795136262987,0.260218307320706,0.0209303235679762,5.95140271691096
2.99375,0.213778058802822,0.260199567675587,0.0209203142979147,5.95152622081873
2.99384920634921,0.213760982829293,0.260180828701653,0.020910309814437,5.95164971406384
2.99394841269841,0.213743908342206,0.260162090399239,0.0209003101152513,5.9517731966476
2.99404761904762,0.213726835341369,0.260143352768676,0.0208903151980673,5.95189666857131
2.99414682539683,0.213709763826587,0.260124615810299,0.0208803250605953,5.95202012983626
2.99424603174603,0.213692693797667,0.26010587952444,0.0208703397005471,5.95214358044377
2.99434523809524,0.213675625254417,0.260087143911432,0.0208603591156355,5.95226702039514
2.99444444444444,0.213658558196643,0.260068408971606,0.0208503833035743,5.95239044969166
2.99454365079365,0.213641492624151,0.260049674705296,0.0208404122620785,5.95251386833465
2.99464285714286,0.213624428536747,0.260030941112834,0.0208304459888641,5.95263727632539
2.99474206349206,0.21360736593424,0.260012208194551,0.0208204844816483,5.9527606736652
2.99484126984127,0.213590304816435,0.259993475950779,0.0208105277381493,5.95288406035537
2.99494047619048,0.213573245183138,0.259974744381849,0.0208005757560867,5.9530074363972
2.99503968253968,0.213556187034156,0.259956013488094,0.0207906285331806,5.95313080179199
2.99513888888889,0.213539130369296,0.259937283269844,0.0207806860671529,5.95325415654104
2.9952380952381,0.213522075188364,0.259918553727431,0.0207707483557261,5.95337750064566
2.9953373015873,0.213505021491167,0.259899824861185,0.020760815396624,5.95350083410713
2.99543650793651,0.21348796927751,0.259881096671437,0.0207508871875714,5.95362415692676
2.99553571428571,0.213470918547201,0.259862369158517,0.0207409637262944,5.95374746910586
2.99563492063492,0.213453869300045,0.259843642322756,0.0207310450105199,5.9538707706457
2.99573412698413,0.213436821535849,0.259824916164484,0.0207211310379762,5.9539940615476
2.99583333333333,0.213419775254419,0.259806190684031,0.0207112218063926,5.95411734181285
2.99593253968254,0.213402730455562,0.259787465881727,0.0207013173134993,5.95424061144274
2.99603174603175,0.213385687139083,0.259768741757902,0.0206914175570279,5.95436387043858
2.99613095238095,0.21336864530479,0.259750018312884,0.0206815225347108,5.95448711880166
2.99623015873016,0.213351604952487,0.259731295547003,0.0206716322442819,5.95461035653327
2.99632936507937,0.213334566081982,0.259712573460589,0.0206617466834759,5.95473358363472
2.99642857142857,0.213317528693081,0.25969385205397,0.0206518658500285,5.9548568001073
2.99652777777778,0.213300492785588,0.259675131327475,0.0206419897416769,5.95498000595229
2.99662698412698,0.213283458359312,0.259656411281432,0.020632118356159,5.95510320117101
2.99672619047619,0.213266425414057,0.259637691916171,0.0206222516912141,5.95522638576474
2.9968253968254,0.213249393949631,0.259618973232019,0.0206123897445823,5.95534955973477
2.9969246031746,0.213232363965837,0.259600255229304,0.0206025325140051,5.9554727230824
2.99702380952381,0.213215335462484,0.259581537908354,0.020592679997225,5.95559587580893
2.99712301587302,0.213198308439377,0.259562821269497,0.0205828321919854,5.95571901791565
2.99722222222222,0.213181282896321,0.259544105313061,0.0205729890960311,5.95584214940384
2.99732142857143,0.213164258833124,0.259525390039372,0.0205631507071079,5.95596527027481
2.99742063492063,0.213147236249589,0.259506675448758,0.0205533170229626,5.95608838052984
2.99751984126984,0.213130215145524,0.259487961541547,0.0205434880413432,5.95621148017023
2.99761904761905,0.213113195520735,0.259469248318064,0.0205336637599987,5.95633456919727
2.99771825396825,0.213096177375027,0.259450535778636,0.0205238441766793,5.95645764761225
2.99781746031746,0.213079160708205,0.25943182392359,0.0205140292891364,5.95658071541646
2.99791666666667,0.213062145520077,0.259413112753253,0.0205042190951222,5.95670377261119
2.99801587301587,0.213045131810447,0.259394402267949,0.0204944135923902,5.95682681919774
2.99811507936508,0.213028119579121,0.259375692468006,0.020484612778695,5.95694985517738
2.99821428571429,0.213011108825905,0.259356983353749,0.0204748166517924,5.95707288055142
2.99831349206349,0.212994099550604,0.259338274925504,0.0204650252094389,5.95719589532114
2.9984126984127,0.212977091753025,0.259319567183596,0.0204552384493926,5.95731889948783
2.9985119047619,0.212960085432973,0.25930086012835,0.0204454563694124,5.95744189305278
2.99861111111111,0.212943080590254,0.259282153760091,0.0204356789672584,5.95756487601727
2.99871031746032,0.212926077224672,0.259263448079145,0.0204259062406916,5.95768784838261
2.99880952380952,0.212909075336034,0.259244743085836,0.0204161381874745,5.95781081015006
2.99890873015873,0.212892074924145,0.259226038780488,0.0204063748053704,5.95793376132093
2.99900793650794,0.212875075988811,0.259207335163426,0.0203966160921438,5.9580567018965
2.99910714285714,0.212858078529837,0.259188632234974,0.0203868620455601,5.95817963187805
2.99920634920635,0.212841082547029,0.259169929995456,0.0203771126633862,5.95830255126687
2.99930555555556,0.212824088040192,0.259151228445196,0.0203673679433898,5.95842546006426
2.99940476190476,0.212807095009132,0.259132527584517,0.0203576278833397,5.95854835827149
2.99950396825397,0.212790103453653,0.259113827413744,0.0203478924810059,5.95867124588984
2.99960317460317,0.212773113373561,0.259095127933199,0.0203381617341595,5.95879412292062
2.99970238095238,0.212756124768662,0.259076429143205,0.0203284356405727,5.95891698936509
2.99980158730159,0.212739137638761,0.259057731044086,0.0203187141980188,5.95903984522455
2.99990079365079,0.212722151983663,0.259039033636164,0.020308997404272,5.95916269050028
3,0.212705167803173,0.259020336919763,0.020299285257108,5.95928552519356
3,0.212705167803173,0.259020336919763,2.52029928525711,5.95928552519356
3.00009920634921,0.213149981156143,0.259001734123974,2.51909403041072,5.95964759001479
3.00019841269841,0.213594073300096,0.258983318205304,2.51788935189714,5.96000979215833
3.00029761904762,0.214037445229835,0.258965088808012,2.51668524950951,5.96037213126576
3.00039682539683,0.214480097967667,0.258947045570238,2.51548172302599,5.96073460698747
3.00049603174603,0.214922032548181,0.258929188125706,2.514278772141,5.96109721897329
3.00059523809524,0.215363250018247,0.258911516103727,2.5130763964652,5.96145996687256
3.00069444444444,0.215803751416193,0.258894029140286,2.51187459569958,5.96182285032719
3.00079365079365,0.216243537769055,0.258876726877875,2.51067336966385,5.96218586898008
3.00089285714286,0.216682610114561,0.258859608952733,2.50947271808397,5.96254902248193
3.00099206349206,0.217120969488552,0.258842675001734,2.50827264068584,5.96291231048383
3.00109126984127,0.217558616924982,0.258825924662393,2.50707313719532,5.96327573263722
3.00119047619048,0.217995553455923,0.258809357572862,2.50587420733819,5.96363928859391
3.00128968253968,0.218431780111562,0.258792973371934,2.5046758508402,5.96400297800609
3.00138888888889,0.218867297920203,0.258776771699038,2.50347806742704,5.96436680052633
3.0014880952381,0.219302107908258,0.258760752194243,2.50228085682435,5.96473075580756
3.0015873015873,0.219736211100261,0.258744914498256,2.5010842187577,5.96509484350307
3.00168650793651,0.220169608518861,0.258729258252425,2.49988815295262,5.96545906326654
3.00178571428571,0.220602301184817,0.258713783098732,2.4986926591346,5.96582341475203
3.00188492063492,0.221034290117007,0.258698488679803,2.49749773702904,5.96618789761394
3.00198412698413,0.221465576332424,0.258683374638898,2.49630338636133,5.96655251150706
3.00208333333333,0.221896160846176,0.258668440619919,2.49510960685676,5.96691725608656
3.00218253968254,0.222326044671484,0.258653686267405,2.49391639824061,5.96728213100797
3.00228174603175,0.222755228819686,0.258639111226534,2.49272376023808,5.96764713592718
3.00238095238095,0.223183714300236,0.258624715143122,2.49153169257433,5.96801227050049
3.00248015873016,0.223611502120703,0.258610497663626,2.49034019497446,5.96837753438452
3.00257936507937,0.224038593286767,0.258596458435138,2.48914926716351,5.9687429272363
3.00267857142857,0.224464988802227,0.258582597105391,2.48795890886648,5.96910844871322
3.00277777777778,0.224890689668998,0.258568913322757,2.48676911980831,5.96947409847304
3.00287698412698,0.225315696887109,0.258555406736245,2.48557989971388,5.96983987617389
3.00297619047619,0.2257400114547,0.258542076995504,2.48439124830804,5.97020578147427
3.0030753968254,0.226163634368033,0.258528923750821,2.48320316531556,5.97057181403307
3.0031746031746,0.226586566691112,0.258515946628509,2.48201565046975,5.97093797349639
3.00327380952381,0.22700880948593,0.258503145256492,2.48082870350674,5.97130425951409
3.00337301587302,0.22743036374339,0.258490519288305,2.47964232415559,5.97167067175124
3.00347222222222,0.227851230453153,0.258478068377956,2.47845651214545,5.9720372098734
3.00357142857143,0.22827141060364,0.258465792179926,2.4772712672056,5.97240387354661
3.00367063492063,0.228690905182026,0.258453690349166,2.47608658906545,5.97277066243736
3.00376984126984,0.22910971517425,0.258441762541103,2.47490247745451,5.97313757621263
3.00386904761905,0.229527841565007,0.258430008411634,2.47371893210241,5.97350461453987
3.00396825396825,0.229945285337754,0.258418427617129,2.47253595273889,5.97387177708701
3.00406746031746,0.230362047474701,0.25840701981443,2.47135353909382,5.97423906352243
3.00416666666667,0.230778128956822,0.258395784660853,2.47017169089719,5.97460647351501
3.00426587301587,0.231193530763847,0.258384721814183,2.46899040787908,5.97497400673408
3.00436507936508,0.231608253874267,0.258373830932682,2.4678096897697,5.97534166284945
3.00446428571429,0.232022299265328,0.25836311167508,2.4666295362994,5.97570944153142
3.00456349206349,0.232435667913039,0.258352563700582,2.46544994719861,5.97607734245075
3.0046626984127,0.232848360792168,0.258342186668866,2.4642709221979,5.97644536527865
3.0047619047619,0.233260378876235,0.25833198024008,2.46309246102795,5.97681350968685
3.00486111111111,0.233671723137526,0.258321944074846,2.46191456341955,5.97718177534751
3.00496031746032,0.234082394547084,0.258312077834257,2.46073722910361,5.97755016193328
3.00505952380952,0.23449239407471,0.258302381179881,2.45956045781117,5.97791866911729
3.00515873015873,0.234901722688962,0.258292853773756,2.45838424927336,5.97828729657314
3.00525793650794,0.23531038135716,0.258283495278393,2.45720860322146,5.97865604397489
3.00535714285714,0.235718371045381,0.258274305356777,2.45603351938684,5.97902491099709
3.00545634920635,0.236125692718462,0.258265283672362,2.45485899750098,5.97939389731474
3.00555555555556,0.236532347339997,0.258256429889078,2.45368503729552,5.97976300260334
3.00565476190476,0.236938335872339,0.258247743671325,2.45251163850216,5.98013222653885
3.00575396825397,0.237343659276602,0.258239224683976,2.45133880085276,5.9805015687977
3.00585317460317,0.237748318512658,0.258230872592378,2.45016652407928,5.98087102905679
3.00595238095238,0.238152314539134,0.258222687062348,2.44899480791379,5.98124060699351
3.00605158730159,0.238555648313421,0.258214667760176,2.44782365208849,5.98161030228571
3.00615079365079,0.238958320791667,0.258206814352626,2.44665305633569,5.9819801146117
3.00625,0.239360332928776,0.258199126506933,2.44548302038781,5.98235004365029
3.00634920634921,0.239761685678415,0.258191603890804,2.44431354397741,5.98272008908075
3.00644841269841,0.240162379993007,0.258184246172419,2.44314462683713,5.98309025058282
3.00654761904762,0.240562416823736,0.258177053020432,2.44197626869975,5.98346052783672
3.00664682539683,0.240961797120542,0.258170024103966,2.44080846929817,5.98383092052314
3.00674603174603,0.241360521832125,0.258163159092619,2.4396412283654,5.98420142832323
3.00684523809524,0.241758591905945,0.258156457656461,2.43847454563456,5.98457205091863
3.00694444444444,0.24215600828822,0.258149919466033,2.43730842083889,5.98494278799145
3.00704365079365,0.242552771923925,0.258143544192351,2.43614285371176,5.98531363922427
3.00714285714286,0.242948883756797,0.258137331506902,2.43497784398663,5.98568460430014
3.00724206349206,0.243344344729329,0.258131281081643,2.43381339139711,5.98605568290259
3.00734126984127,0.243739155782775,0.258125392589008,2.43264949567689,5.98642687471561
3.00744047619048,0.244133317857144,0.2581196657019,2.43148615655981,5.98679817942369
3.00753968253968,0.244526831891209,0.258114100093695,2.4303233737798,5.98716959671175
3.00763888888889,0.244919698822499,0.258108695438244,2.42916114707092,5.98754112626523
3.0077380952381,0.2453119195873,0.258103451409866,2.42799947616735,5.98791276777001
3.0078373015873,0.24570349512066,0.258098367683356,2.42683836080338,5.98828452091245
3.00793650793651,0.246094426356384,0.258093443933979,2.42567780071342,5.98865638537938
3.00803571428571,0.246484714227039,0.258088679837475,2.42451779563198,5.98902836085813
3.00813492063492,0.246874359663943,0.258084075070054,2.42335834529371,5.98940044703646
3.00823412698413,0.247263363597181,0.258079629308399,2.42219944943337,5.98977264360264
3.00833333333333,0.247651726955593,0.258075342229667,2.42104110778582,5.99014495024539
3.00843253968254,0.24803945066678,0.258071213511485,2.41988332008606,5.99051736665391
3.00853174603175,0.248426535657097,0.258067242831954,2.41872608606921,5.99088989251787
3.00863095238095,0.248812982851662,0.258063429869646,2.41756940547047,5.99126252752742
3.00873015873016,0.249198793174351,0.258059774303608,2.41641327802519,5.99163527137318
3.00882936507937,0.249583967547799,0.258056275813357,2.41525770346881,5.99200812374624
3.00892857142857,0.249968506893398,0.258052934078882,2.41410268153693,5.99238108433816
3.00902777777778,0.250352412131301,0.258049748780647,2.41294821196523,5.99275415284099
3.00912698412698,0.250735684180419,0.258046719599587,2.4117942944895,5.99312732894723
3.00922619047619,0.25111832395842,0.258043846217108,2.41064092884567,5.99350061234986
3.0093253968254,0.251500332381733,0.258041128315092,2.40948811476979,5.99387400274234
3.0094246031746,0.251881710365545,0.258038565575888,2.408335851998,5.9942474998186
3.00952380952381,0.252262458823803,0.258036157682323,2.40718414026657,5.99462110327304
3.00962301587302,0.25264257866921,0.258033904317694,2.40603297931191,5.99499481280054
3.00972222222222,0.253022070813229,0.258031805165769,2.4048823688705,5.99536862809643
3.00982142857143,0.253400936166084,0.25802985991079,2.40373230867898,5.99574254885655
3.00992063492063,0.253779175636757,0.258028068237472,2.40258279847407,5.99611657477719
3.01001984126984,0.254156790132983,0.258026429831001,2.40143383799263,5.9964907055551
3.01011904761905,0.254533780561264,0.258024944377037,2.40028542697164,5.99686494088754
3.01021825396825,0.254910147826857,0.25802361156171,2.39913756514817,5.9972392804722
3.01031746031746,0.255285892833778,0.258022431071624,2.39799025225944,5.99761372400728
3.01041666666667,0.2556610164848,0.258021402593856,2.39684348804276,5.99798827119144
3.01051587301587,0.256035519681458,0.258020525815953,2.39569727223557,5.99836292172379
3.01061507936508,0.256409403324046,0.258019800425938,2.39455160457541,5.99873767530396
3.01071428571429,0.256782668311612,0.258019226112303,2.39340648479998,5.999112531632
3.01081349206349,0.257155315541967,0.258018802564015,2.39226191264704,5.99948749040847
3.0109126984127,0.25752734591168,0.258018529470511,2.3911178878545,5.9998625513344
3.0110119047619,0.257898760316079,0.258018406521703,2.38997441016038,6.00023771411127
3.01111111111111,0.258269559649248,0.258018433407972,2.38883147930281,6.00061297844105
3.01121031746032,0.258639744804034,0.258018609820175,2.38768909502006,6.00098834402619
3.01130952380952,0.25900931667204,0.258018935449639,2.38654725705047,6.00136381056959
3.01140873015873,0.259378276143631,0.258019409988165,2.38540596513255,6.00173937777465
3.01150793650794,0.259746624107923,0.258020033128025,2.38426521900489,6.00211504534521
3.01160714285714,0.2601143614528,0.258020804561964,2.38312501840621,6.00249081298562
3.01170634920635,0.2604814890649,0.2580217239832,2.38198536307534,6.00286668040067
3.01180555555556,0.260848007829621,0.258022791085423,2.38084625275124,6.00324264729565
3.01190476190476,0.261213918631119,0.258024005562794,2.37970768717297,6.0036187133763
3.01200396825397,0.261579222352308,0.258025367109948,2.37856966607972,6.00399487834884
3.01210317460317,0.261943919874864,0.258026875421993,2.37743218921079,6.00437114191998
3.01220238095238,0.262308012079218,0.258028530194508,2.37629525630559,6.00474750379688
3.01230158730159,0.262671499844562,0.258030331123545,2.37515886710366,6.00512396368718
3.01240079365079,0.263034384048846,0.258032277905627,2.37402302134465,6.005500521299
3.0125,0.26339666556878,0.258034370237752,2.37288771876832,6.00587717634092
3.01259920634921,0.263758345279831,0.258036607817389,2.37175295911456,6.006253928522
3.01269841269841,0.264119424056226,0.258038990342479,2.37061874212337,6.00663077755178
3.01279761904762,0.264479902770949,0.258041517511436,2.36948506753487,6.00700772314026
3.01289682539683,0.264839782295747,0.258044189023146,2.36835193508927,6.00738476499793
3.01299603174603,0.265199063501119,0.258047004576969,2.36721934452695,6.00776190283572
3.01309523809524,0.26555774725633,0.258049963872734,2.36608729558836,6.00813913636508
3.01319444444444,0.265915834429398,0.258053066610746,2.36495578801408,6.00851646529788
3.01329365079365,0.266273325887105,0.25805631249178,2.36382482154481,6.00889388934651
3.01339285714286,0.266630222494986,0.258059701217085,2.36269439592137,6.00927140822381
3.01349206349206,0.266986525117339,0.258063232488382,2.36156451088469,6.00964902164309
3.01359126984127,0.267342234617221,0.258066906007862,2.36043516617582,6.01002672931814
3.01369047619048,0.267697351856443,0.258070721478193,2.35930636153591,6.01040453096322
3.01378968253968,0.26805187769558,0.258074678602512,2.35817809670627,6.01078242629307
3.01388888888889,0.268405812993964,0.258078777084429,2.35705037142827,6.01116041502289
3.0139880952381,0.268759158609687,0.258083016628026,2.35592318544343,6.01153849686837
3.0140873015873,0.269111915399595,0.25808739693786,2.35479653849339,6.01191667154565
3.01418650793651,0.269464084219297,0.258091917718957,2.3536704303199,6.01229493877137
3.01428571428571,0.269815665923162,0.258096578676818,2.35254486066481,6.01267329826261
3.01438492063492,0.270166661364315,0.258101379517415,2.3514198292701,6.01305174973696
3.01448412698413,0.270517071394639,0.258106319947191,2.35029533587789,6.01343029291246
3.01458333333333,0.270866896864778,0.258111399673066,2.34917138023036,6.01380892750762
3.01468253968254,0.271216138624134,0.258116618402427,2.34804796206987,6.01418765324143
3.01478174603175,0.271564797520869,0.258121975843138,2.34692508113884,6.01456646983336
3.01488095238095,0.271912874401901,0.258127471703532,2.34580273717985,6.01494537700334
3.01498015873016,0.272260370112908,0.258133105692416,2.34468092993558,6.01532437447178
3.01507936507937,0.27260728549833,0.25813887751907,2.34355965914881,6.01570346195957
3.01517857142857,0.272953621401359,0.258144786893244,2.34243892456247,6.01608263918805
3.01527777777778,0.273299378663952,0.258150833525163,2.34131872591958,6.01646190587905
3.01537698412698,0.273644558126821,0.258157017125523,2.34019906296329,6.01684126175488
3.01547619047619,0.273989160629441,0.258163337405493,2.33907993543685,6.0172207065383
3.0155753968254,0.274333192615579,0.258169791861915,2.33796134294686,6.01760023772922
3.0156746031746,0.274676660429026,0.25817637803115,2.33684328510306,6.01797985286701
3.01577380952381,0.275019564758052,0.258183095684109,2.33572576165361,6.01835955173414
3.01587301587302,0.275361906290513,0.258189944591847,2.33460877234676,6.01873933411318
3.01597222222222,0.275703685713858,0.258196924525566,2.33349231693088,6.01911919978688
3.01607142857143,0.276044903715126,0.258204035256613,2.33237639515441,6.01949914853811
3.01617063492063,0.276385560980949,0.258211276556478,2.33126100676591,6.0198791801499
3.01626984126984,0.276725658197549,0.258218648196801,2.33014615151403,6.0202592944054
3.01636904761905,0.277065196050737,0.258226149949363,2.32903182914752,6.02063949108793
3.01646825396825,0.277404175225916,0.258233781586092,2.32791803941523,6.02101976998091
3.01656746031746,0.277742596408083,0.258241542879062,2.32680478206611,6.02140013086796
3.01666666666667,0.27808046028182,0.258249433600493,2.32569205684921,6.02178057353278
3.01676587301587,0.278417767531305,0.258257453522747,2.32457986351367,6.02216109775925
3.01686507936508,0.278754518840304,0.258265602418335,2.32346820180873,6.02254170333138
3.01696428571429,0.279090714892177,0.258273880059912,2.32235707148374,6.02292239003334
3.01706349206349,0.27942635636987,0.258282286220278,2.32124647228814,6.0233031576494
3.0171626984127,0.279761443955924,0.258290820672379,2.32013640397146,6.02368400596402
3.0172619047619,0.28009597833247,0.258299483189307,2.31902686628336,6.02406493476177
3.01736111111111,0.28042996018123,0.258308273544296,2.31791785897356,6.02444594382738
3.01746031746032,0.280763390183515,0.25831719151073,2.3168093817919,6.0248270329457
3.01755952380952,0.28109626902023,0.258326236862136,2.31570143448832,6.02520820190174
3.01765873015873,0.281428597371868,0.258335409372186,2.31459401681286,6.02558945048065
3.01775793650794,0.281760375918516,0.258344708814699,2.31348712851563,6.02597077846772
3.01785714285714,0.282091605339849,0.258354134963637,2.31238076934687,6.02635218564838
3.01795634920635,0.282422286315133,0.25836368759311,2.31127493905693,6.02673367180819
3.01805555555556,0.282752419523228,0.258373366477372,2.31016963739621,6.02711523673289
3.01815476190476,0.283082005642582,0.258383171390822,2.30906486411525,6.02749688020831
3.01825396825397,0.283411045351234,0.258393102108004,2.30796061896468,6.02787860202047
3.01835317460317,0.283739539326815,0.258403158403611,2.30685690169522,6.02826040195549
3.01845238095238,0.284067488246549,0.258413340052476,2.30575371205768,6.02864227979966
3.01855158730159,0.284394892787245,0.258423646829582,2.30465104980301,6.02902423533941
3.01865079365079,0.284721753625309,0.258434078510054,2.30354891468221,6.0294062683613
3.01875,0.285048071436733,0.258444634869164,2.30244730644641,6.02978837865203
3.01884920634921,0.285373846897106,0.25845531568233,2.30134622484681,6.03017056599846
3.01894841269841,0.2856990806816,0.258466120725114,2.30024566963475,6.03055283018757
3.01904761904762,0.286023773464984,0.258477049773223,2.29914564056163,6.03093517100651
3.01914682539683,0.286347925921617,0.258488102602512,2.29804613737898,6.03131758824253
3.01924603174603,0.286671538725447,0.258499278988979,2.29694715983839,6.03170008168307
3.01934523809524,0.286994612550013,0.258510578708768,2.29584870769159,6.03208265111567
3.01944444444444,0.287317148068446,0.258522001538169,2.29475078069038,6.03246529632804
3.01954365079365,0.287639145953469,0.258533547253615,2.29365337858667,6.03284801710801
3.01964285714286,0.287960606877393,0.258545215631688,2.29255650113247,6.03323081324358
3.01974206349206,0.288281531512122,0.258557006449113,2.2914601480799,6.03361368452287
3.01984126984127,0.288601920529151,0.258568919482761,2.29036431918114,6.03399663073414
3.01994047619048,0.288921774599566,0.258580954509648,2.28926901418851,6.0343796516658
3.02003968253968,0.28924109439404,0.258593111306936,2.2881742328544,6.03476274710641
3.02013888888889,0.289559880582843,0.258605389651932,2.28707997493133,6.03514591684465
3.0202380952381,0.289878133835831,0.258617789322088,2.28598624017188,6.03552916066937
3.0203373015873,0.290195854822456,0.258630310095002,2.28489302832876,6.03591247836953
3.02043650793651,0.290513044211755,0.258642951748418,2.28380033915477,6.03629586973426
3.02053571428571,0.29082970267236,0.258655714060224,2.2827081724028,6.03667933455281
3.02063492063492,0.291145830872492,0.258668596808454,2.28161652782584,6.03706287261458
3.02073412698413,0.291461429479965,0.258681599771288,2.28052540517699,6.03744648370913
3.02083333333333,0.29177649916218,0.258694722727049,2.27943480420944,6.03783016762614
3.02093253968254,0.292091040586134,0.258707965454209,2.27834472467648,6.03821392415542
3.02103174603175,0.292405054418412,0.258721327731382,2.2772551663315,6.03859775308696
3.02113095238095,0.292718541325188,0.258734809337329,2.27616612892799,6.03898165421086
3.02123015873016,0.293031501972231,0.258748410050958,2.27507761221954,6.03936562731737
3.02132936507937,0.293343937024898,0.258762129651318,2.27398961595983,6.0397496721969
3.02142857142857,0.29365584714814,0.258775967917608,2.27290213990264,6.04013378863997
3.02152777777778,0.293967233006495,0.258789924629169,2.27181518380186,6.04051797643726
3.02162698412698,0.294278095264094,0.258803999565489,2.27072874741147,6.04090223537959
3.02172619047619,0.294588434584659,0.258818192506202,2.26964283048555,6.04128656525793
3.0218253968254,0.294898251631504,0.258832503231086,2.26855743277828,6.04167096586338
3.0219246031746,0.29520754706753,0.258846931520065,2.26747255404393,6.04205543698719
3.02202380952381,0.295516321555233,0.258861477153207,2.2663881940369,6.04243997842073
3.02212301587302,0.295824575756698,0.258876139910728,2.26530435251163,6.04282458995555
3.02222222222222,0.296132310333602,0.258890919572988,2.26422102922272,6.0432092713833
3.02232142857143,0.296439525947211,0.258905815920491,2.26313822392483,6.04359402249581
3.02242063492063,0.296746223258383,0.25892082873389,2.26205593637274,6.04397884308503
3.02251984126984,0.297052402927568,0.258935957793979,2.26097416632132,6.04436373294305
3.02261904761905,0.297358065614805,0.2589512028817,2.25989291352553,6.04474869186211
3.02271825396825,0.297663211979726,0.258966563778141,2.25881217774044,6.0451337196346
3.02281746031746,0.297967842681551,0.258982040264533,2.25773195872122,6.04551881605303
3.02291666666667,0.298271958379095,0.258997632122254,2.25665225622312,6.04590398091007
3.02301587301587,0.298575559730759,0.259013339132827,2.25557307000153,6.04628921399852
3.02311507936508,0.298878647394539,0.259029161077921,2.25449439981189,6.04667451511133
3.02321428571429,0.29918122202802,0.259045097739349,2.25341624540977,6.04705988404158
3.02331349206349,0.29948328428838,0.25906114889907,2.25233860655083,6.04744532058252
3.0234126984127,0.299784834832383,0.259077314339189,2.25126148299083,6.04783082452751
3.0235119047619,0.300085874316389,0.259093593841956,2.25018487448561,6.04821639567007
3.02361111111111,0.300386403396346,0.259109987189766,2.24910878079115,6.04860203380385
3.02371031746032,0.300686422727797,0.25912649416516,2.24803320166349,6.04898773872266
3.02380952380952,0.300985932965868,0.259143114550823,2.24695813685878,6.04937351022042
3.02390873015873,0.301284934765285,0.259159848129588,2.24588358613328,6.04975934809123
3.02400793650794,0.301583428780359,0.25917669468443,2.24480954924334,6.05014525212931
3.02410714285714,0.301881415664992,0.259193653998472,2.24373602594541,6.05053122212901
3.02420634920635,0.302178896072681,0.259210725854982,2.24266301599603,6.05091725788486
3.02430555555556,0.302475870656511,0.259227910037373,2.24159051915185,6.0513033591915
3.02440476190476,0.302772340069158,0.259245206329202,2.24051853516962,6.05168952584371
3.02450396825397,0.303068304962888,0.259262614514174,2.23944706380617,6.05207575763644
3.02460317460317,0.30336376598956,0.259280134376137,2.23837610481846,6.05246205436475
3.02470238095238,0.303658723800624,0.259297765699086,2.23730565796353,6.05284841582386
3.02480158730159,0.30395317904712,0.259315508267161,2.2362357229985,6.05323484180914
3.02490079365079,0.304247132379677,0.259333361864647,2.23516629968063,6.05362133211608
3.025,0.304540584448518,0.259351326275974,2.23409738776725,6.05400788654032
3.02509920634921,0.304833535903456,0.259369401285719,2.2330289870158,6.05439450487764
3.02519841269841,0.305125987393894,0.259387586678602,2.2319610971838,6.05478118692398
3.02529761904762,0.305417939568827,0.25940588223949,2.2308937180289,6.0551679324754
3.02539682539683,0.30570939307684,0.259424287753396,2.22982684930883,6.05555474132811
3.02549603174603,0.30600034856611,0.259442803005477,2.22876049078141,6.05594161327845
3.02559523809524,0.306290806684404,0.259461427781035,2.22769464220458,6.05632854812293
3.02569444444444,0.306580768079079,0.25948016186552,2.22662930333637,6.05671554565817
3.02579365079365,0.306870233397086,0.259499005044523,2.22556447393489,6.05710260568096
3.02589285714286,0.307159203284964,0.259517957103785,2.22450015375839,6.0574897279882
3.02599206349206,0.307447678388844,0.25953701782919,2.22343634256517,6.05787691237697
3.02609126984127,0.307735659354447,0.259556187006767,2.22237304011367,6.05826415864446
3.02619047619048,0.308023146827087,0.259575464422691,2.22131024616241,6.05865146658802
3.02628968253968,0.308310141451669,0.259594849863284,2.22024796047,6.05903883600513
3.02638888888889,0.308596643872684,0.25961434311501,2.21918618279517,6.05942626669342
3.0264880952381,0.308882654734219,0.259633943964481,2.21812491289673,6.05981375845065
3.0265873015873,0.309168174679951,0.259653652198453,2.21706415053361,6.06020131107475
3.02668650793651,0.309453204353148,0.25967346760383,2.2160038954648,6.06058892436375
3.02678571428571,0.309737744396666,0.259693389967656,2.21494414744944,6.06097659811587
3.02688492063492,0.310021795452956,0.259713419077127,2.21388490624673,6.06136433212942
3.02698412698413,0.310305358164057,0.259733554719579,2.21282617161598,6.0617521262029
3.02708333333333,0.3105884331716,0.259753796682496,2.21176794331661,6.06213998013492
3.02718253968254,0.310871021116807,0.259774144753507,2.21071022110812,6.06252789372424
3.02728174603175,0.311153122640491,0.259794598720386,2.20965300475012,6.06291586676977
3.02738095238095,0.311434738383057,0.259815158371053,2.20859629400232,6.06330389907055
3.02748015873016,0.311715868984497,0.259835823493573,2.20754008862451,6.06369199042577
3.02757936507937,0.311996515084397,0.259856593876156,2.20648438837661,6.06408014063476
3.02767857142857,0.312276677321934,0.259877469307158,2.20542919301862,6.06446834949699
3.02777777777778,0.312556356335877,0.25989844957508,2.20437450231063,6.06485661681207
3.02787698412698,0.312835552764581,0.259919534468568,2.20332031601285,6.06524494237976
3.02797619047619,0.313114267245998,0.259940723776414,2.20226663388557,6.06563332599995
3.0280753968254,0.313392500417666,0.259962017287556,2.2012134556892,6.06602176747269
3.0281746031746,0.313670252916717,0.259983414791076,2.20016078118422,6.06641026659814
3.02827380952381,0.313947525379873,0.260004916076202,2.19910861013124,6.06679882317664
3.02837301587302,0.314224318443446,0.260026520932308,2.19805694229094,6.06718743700865
3.02847222222222,0.314500632743341,0.260048229148912,2.19700577742412,6.06757610789477
3.02857142857143,0.314776468915051,0.260070040515679,2.19595511529167,6.06796483563575
3.02867063492063,0.315051827593662,0.260091954822417,2.19490495565457,6.06835362003248
3.02876984126984,0.315326709413851,0.260113971859082,2.19385529827392,6.06874246088599
3.02886904761905,0.315601115009886,0.260136091415775,2.1928061429109,6.06913135799746
3.02896825396825,0.315875045015624,0.26015831328274,2.1917574893268,6.06952031116819
3.02906746031746,0.316148500064514,0.260180637250368,2.19070933728299,6.06990932019964
3.02916666666667,0.316421480789597,0.260203063109197,2.18966168654097,6.07029838489342
3.02926587301587,0.316693987823504,0.260225590649907,2.18861453686232,6.07068750505127
3.02936507936508,0.316966021798456,0.260248219663327,2.18756788800871,6.07107668047505
3.02946428571429,0.317237583346266,0.260270949940428,2.18652173974192,6.07146591096681
3.02956349206349,0.317508673098339,0.260293781272329,2.18547609182383,6.0718551963287
3.0296626984127,0.317779291685669,0.260316713450292,2.18443094401642,6.07224453636303
3.0297619047619,0.318049439738841,0.260339746265726,2.18338629608177,6.07263393087225
3.02986111111111,0.318319117888032,0.260362879510186,2.18234214778204,6.07302337965895
3.02996031746032,0.318588326763009,0.260386112975371,2.1812984988795,6.07341288252587
3.03005952380952,0.31885706699313,0.260409446453125,2.18025534913654,6.07380243927588
3.03015873015873,0.319125339207345,0.260432879735439,2.17921269831561,6.07419204971199
3.03025793650794,0.319393144034194,0.260456412614448,2.17817054617929,6.07458171363737
3.03035714285714,0.319660482101809,0.260480044882434,2.17712889249024,6.07497143085531
3.03045634920635,0.319927354037909,0.260503776331822,2.17608773701124,6.07536120116926
3.03055555555556,0.320193760469809,0.260527606755184,2.17504707950514,6.0757510243828
3.03065476190476,0.320459702024412,0.260551535945237,2.17400691973491,6.07614090029965
3.03075396825397,0.320725179328215,0.260575563694844,2.1729672574636,6.07653082872369
3.03085317460317,0.3209901930073,0.260599689797012,2.17192809245439,6.07692080945892
3.03095238095238,0.321254743687345,0.260623914044895,2.17088942447052,6.07731084230949
3.03105158730159,0.321518831993618,0.260648236231791,2.16985125327536,6.0777009270797
3.03115079365079,0.321782458550978,0.260672656151144,2.16881357863237,6.07809106357398
3.03125,0.322045623983872,0.260697173596544,2.16777640030509,6.0784812515969
3.03134920634921,0.322308328916341,0.260721788361725,2.16673971805719,6.07887149095319
3.03144841269841,0.322570573972018,0.260746500240566,2.16570353165241,6.07926178144771
3.03154761904762,0.322832359774122,0.260771309027095,2.16466784085461,6.07965212288546
3.03164682539683,0.323093686945467,0.26079621451548,2.16363264542774,6.08004251507158
3.03174603174603,0.323354556108457,0.26082121650004,2.16259794513585,6.08043295781135
3.03184523809524,0.323614967885088,0.260846314775234,2.16156373974307,6.08082345091021
3.03194444444444,0.323874922896944,0.260871509135671,2.16053002901367,6.08121399417373
3.03204365079365,0.324134421765201,0.260896799376102,2.15949681271199,6.08160458740761
3.03214285714286,0.324393465110627,0.260922185291425,2.15846409060246,6.08199523041771
3.03224206349206,0.324652053553582,0.260947666676684,2.15743186244963,6.08238592301002
3.03234126984127,0.324910187714013,0.260973243327066,2.15640012801815,6.08277666499068
3.03244047619048,0.325167868211461,0.260998915037905,2.15536888707274,6.08316745616597
3.03253968253968,0.325425095665058,0.261024681604682,2.15433813937826,6.0835582963423
3.03263888888889,0.325681870693525,0.26105054282302,2.15330788469963,6.08394918532625
3.0327380952381,0.325938193915174,0.261076498488689,2.1522781228019,6.08434012292451
3.0328373015873,0.326194065947911,0.261102548397604,2.1512488534502,6.08473110894393
3.03293650793651,0.32644948740923,0.261128692345827,2.15022007640975,6.0851221431915
3.03303571428571,0.326704458916216,0.261154930129564,2.14919179144591,6.08551322547435
3.03313492063492,0.326958981085545,0.261181261545165,2.14816399832408,6.08590435559974
3.03323412698413,0.327213054533485,0.261207686389128,2.14713669680981,6.08629553337509
3.03333333333333,0.327466679875897,0.261234204458096,2.14610988666871,6.08668675860796
3.03343253968254,0.327719857728226,0.261260815548854,2.14508356766653,6.08707803110604
3.03353174603175,0.327972588705515,0.261287519458338,2.14405773956908,6.08746935067717
3.03363095238095,0.328224873422394,0.261314315983624,2.14303240214228,6.08786071712933
3.03373015873016,0.328476712493086,0.261341204921937,2.14200755515217,6.08825213027064
3.03382936507937,0.328728106531402,0.261368186070646,2.14098319836486,6.08864358990937
3.03392857142857,0.328979056150748,0.261395259227265,2.13995933154657,6.08903509585392
3.03402777777778,0.329229561964118,0.261422424189455,2.13893595446362,6.08942664791284
3.03412698412698,0.329479624584098,0.26144968075502,2.13791306688242,6.08981824589482
3.03422619047619,0.329729244622864,0.261477028721911,2.1368906685695,6.09020988960869
3.0343253968254,0.329978422692183,0.261504467888223,2.13586875929148,6.09060157886343
3.0344246031746,0.330227159403415,0.2615319980522,2.13484733881505,6.09099331346814
3.03452380952381,0.330475455367508,0.261559619012226,2.13382640690704,6.09138509323209
3.03462301587302,0.330723311195002,0.261587330566835,2.13280596333436,6.09177691796467
3.03472222222222,0.330970727496029,0.261615132514704,2.13178600786402,6.09216878747542
3.03482142857143,0.331217704880312,0.261643024654655,2.13076654026311,6.09256070157403
3.03492063492063,0.331464243957162,0.261671006785658,2.12974756029887,6.09295266007032
3.03501984126984,0.331710345335484,0.261699078706825,2.12872906773858,6.09334466277425
3.03511904761905,0.331956009623772,0.261727240217415,2.12771106234965,6.09373670949594
3.03521825396825,0.332201237430113,0.261755491116834,2.12669354389959,6.09412880004563
3.03531746031746,0.332446029362182,0.261783831204631,2.125676512156,6.09452093423371
3.03541666666667,0.332690386027248,0.2618122602805,2.12465996688658,6.09491311187071
3.03551587301587,0.332934308032168,0.261840778144283,2.12364390785912,6.09530533276732
3.03561507936508,0.333177795983393,0.261869384595965,2.12262833484153,6.09569759673435
3.03571428571429,0.333420850486962,0.261898079435678,2.12161324760181,6.09608990358275
3.03581349206349,0.333663472148507,0.261926862463698,2.12059864590804,6.09648225312363
3.0359126984127,0.33390566157325,0.261955733480448,2.11958452952842,6.09687464516823
3.0360119047619,0.334147419366003,0.261984692286494,2.11857089823126,6.09726707952793
3.03611111111111,0.33438874613117,0.26201373868255,2.11755775178493,6.09765955601426
3.03621031746032,0.334629642472747,0.262042872469474,2.11654508995792,6.09805207443889
3.03630952380952,0.33487010899432,0.262072093448269,2.11553291251883,6.09844463461362
3.03640873015873,0.335110146299064,0.262101401420084,2.11452121923635,6.09883723635041
3.03650793650794,0.335349754989747,0.262130796186214,2.11351000987926,6.09922987946134
3.03660714285714,0.335588935668728,0.262160277548097,2.11249928421645,6.09962256375866
3.03670634920635,0.335827688937957,0.26218984530732,2.11148904201689,6.10001528905475
3.03680555555556,0.336066015398973,0.262219499265613,2.11047928304967,6.10040805516211
3.03690476190476,0.336303915652908,0.262249239224851,2.10947000708398,6.10080086189341
3.03700396825397,0.336541390300483,0.262279064987056,2.10846121388909,6.10119370906146
3.03710317460317,0.336778439942013,0.262308976354394,2.10745290323438,6.10158659647919
3.03720238095238,0.3370150651774,0.262338973129177,2.10644507488934,6.1019795239597
3.03730158730159,0.33725126660614,0.262369055113862,2.10543772862352,6.1023724913162
3.03740079365079,0.337487044827319,0.262399222111053,2.10443086420662,6.10276549836207
3.0375,0.337722400439612,0.262429473923496,2.1034244814084,6.10315854491083
3.03759920634921,0.337957334041288,0.262459810354087,2.10241857999873,6.10355163077611
3.03769841269841,0.338191846230205,0.262490231205863,2.10141315974759,6.10394475577173
3.03779761904762,0.338425937603813,0.262520736282008,2.10040822042504,6.10433791971161
3.03789682539683,0.338659608759152,0.262551325385853,2.09940376180126,6.10473112240983
3.03799603174603,0.338892860292852,0.262581998320872,2.09839978364651,6.10512436368062
3.03809523809524,0.339125692801137,0.262612754890686,2.09739628573115,6.10551764333833
3.03819444444444,0.33935810687982,0.26264359489906,2.09639326782565,6.10591096119748
3.03829365079365,0.339590103124304,0.262674518149905,2.09539072970058,6.1063043170727
3.03839285714286,0.339821682129584,0.262705524447278,2.09438867112659,6.10669771077878
3.03849206349206,0.340052844490246,0.26273661359538,2.09338709187445,6.10709114213066
3.03859126984127,0.340283590800467,0.26276778539856,2.09238599171501,6.1074846109434
3.03869047619048,0.340513921654014,0.262799039661309,2.09138537041923,6.10787811703222
3.03878968253968,0.340743837644246,0.262830376188265,2.09038522775817,6.10827166021248
3.03888888888889,0.340973339364112,0.262861794784212,2.08938556350298,6.10866524029966
3.0389880952381,0.341202427406153,0.262893295254079,2.08838637742492,6.10905885710941
3.0390873015873,0.3414311023625,0.262924877402939,2.08738766929534,6.10945251045751
3.03918650793651,0.341659364824874,0.262956541036012,2.08638943888569,6.10984620015988
3.03928571428571,0.341887215384591,0.262988285958664,2.08539168596752,6.11023992603258
3.03938492063492,0.342114654632552,0.263020111976403,2.08439441031249,6.11063368789182
3.03948412698413,0.342341683159253,0.263052018894886,2.08339761169232,6.11102748555396
3.03958333333333,0.34256830155478,0.263084006519914,2.08240128987889,6.11142131883547
3.03968253968254,0.34279451040881,0.263116074657433,2.08140544464411,6.11181518755299
3.03978174603175,0.34302031031061,0.263148223113535,2.08041007576005,6.11220909152329
3.03988095238095,0.343245701849039,0.263180451694457,2.07941518299885,6.11260303056328
3.03998015873016,0.343470685612546,0.263212760206582,2.07842076613273,6.11299700449004
3.04007936507937,0.343695262189172,0.263245148456437,2.07742682493405,6.11339101312074
3.04017857142857,0.343919432166548,0.263277616250695,2.07643335917524,6.11378505627274
3.04027777777778,0.344143196131896,0.263310163396176,2.07544036862884,6.11417913376351
3.04037698412698,0.34436655467203,0.263342789699843,2.07444785306749,6.11457324541068
3.04047619047619,0.344589508373352,0.263375494968806,2.07345581226391,6.11496739103202
3.0405753968254,0.344812057821859,0.263408279010319,2.07246424599095,6.11536157044543
3.0406746031746,0.345034203603136,0.263441141631783,2.07147315402153,6.11575578346897
3.04077380952381,0.34525594630236,0.263474082640742,2.07048253612867,6.11615002992081
3.04087301587302,0.345477286504299,0.263507101844889,2.06949239208553,6.11654430961931
3.04097222222222,0.34569822479331,0.263540199052059,2.06850272166532,6.11693862238292
3.04107142857143,0.345918761753344,0.263573374070233,2.06751352464136,6.11733296803028
3.04117063492063,0.346138897967942,0.26360662670754,2.06652480078708,6.11772734638013
3.04126984126984,0.346358634020234,0.263639956772251,2.06553654987602,6.11812175725138
3.04136904761905,0.346577970492942,0.263673364072784,2.06454877168178,6.11851620046307
3.04146825396825,0.34679690796838,0.263706848417702,2.06356146597809,6.11891067583439
3.04156746031746,0.347015447028453,0.263740409615714,2.06257463253877,6.11930518318465
3.04166666666667,0.347233588254653,0.263774047475674,2.06158827113774,6.11969972233334
3.04176587301587,0.347451332228068,0.26380776180658,2.06060238154901,6.12009429310005
3.04186507936508,0.347668679529376,0.263841552417579,2.05961696354671,6.12048889530454
3.04196428571429,0.347885630738842,0.263875419117958,2.05863201690505,6.1208835287667
3.04206349206349,0.348102186436325,0.263909361717155,2.05764754139833,6.12127819330657
3.0421626984127,0.348318347201276,0.26394338002475,2.05666353680098,6.12167288874433
3.0422619047619,0.348534113612736,0.263977473850469,2.05568000288751,6.12206761490028
3.04236111111111,0.348749486249333,0.264011643004183,2.05469693943251,6.1224623715949
3.04246031746032,0.348964465689293,0.26404588729591,2.05371434621071,6.12285715864879
3.04255952380952,0.349179052510426,0.264080206535812,2.05273222299691,6.12325197588269
3.04265873015873,0.349393247290139,0.264114600534196,2.05175056956601,6.12364682311748
3.04275793650794,0.349607050605425,0.264149069101516,2.05076938569302,6.12404170017419
3.04285714285714,0.349820463032871,0.264183612048369,2.04978867115304,6.124436606874
3.04295634920635,0.350033485148653,0.264218229185501,2.04880842572128,6.12483154303822
3.04305555555556,0.350246117528539,0.264252920323799,2.04782864917303,6.12522650848829
3.04315476190476,0.350458360747888,0.2642876852743,2.04684934128369,6.12562150304581
3.04325396825397,0.350670215381649,0.264322523848181,2.04587050182877,6.12601652653253
3.04335317460317,0.350881682004363,0.264357435856769,2.04489213058384,6.12641157877031
3.04345238095238,0.351092761190161,0.264392421111535,2.04391422732463,6.12680665958118
3.04355158730159,0.351303453512765,0.264427479424095,2.04293679182691,6.12720176878731
3.04365079365079,0.351513759545489,0.264462610606209,2.04195982386659,6.12759690621098
3.04375,0.351723679861238,0.264497814469786,2.04098332321964,6.12799207167467
3.04384920634921,0.351933215032504,0.264533090826876,2.04000728966216,6.12838726500094
3.04394841269841,0.352142365631375,0.264568439489678,2.03903172297034,6.12878248601252
3.04404761904762,0.352351132229528,0.264603860270535,2.03805662292048,6.1291777345323
3.04414682539683,0.352559515398231,0.264639352981934,2.03708198928894,6.12957301038329
3.04424603174603,0.352767515708341,0.264674917436511,2.03610782185222,6.12996831338863
3.04434523809524,0.352975133730309,0.264710553447043,2.03513412038691,6.13036364337163
3.04444444444444,0.353182370034175,0.264746260826455,2.03416088466968,6.13075900015572
3.04454365079365,0.353389225189571,0.264782039387817,2.03318811447731,6.13115438356449
3.04464285714286,0.353595699765718,0.264817888944345,2.03221580958669,6.13154979342166
3.04474206349206,0.35380179433143,0.264853809309399,2.03124396977479,6.13194522955109
3.04484126984127,0.354007509455112,0.264889800296484,2.03027259481869,6.13234069177678
3.04494047619048,0.354212845704758,0.264925861719253,2.02930168449557,6.13273617992289
3.04503968253968,0.354417803647953,0.264961993391501,2.0283312385827,6.13313169381371
3.04513888888889,0.354622383851877,0.264998195127172,2.02736125685746,6.13352723327366
3.0452380952381,0.354826586883295,0.265034466740352,2.0263917390973,6.13392279812733
3.0453373015873,0.355030413308567,0.265070808045275,2.02542268507982,6.13431838819942
3.04543650793651,0.355233863693641,0.265107218856318,2.02445409458267,6.13471400331479
3.04553571428571,0.35543693860406,0.265143698988005,2.02348596738362,6.13510964329844
3.04563492063492,0.355639638604954,0.265180248255006,2.02251830326054,6.13550530797552
3.04573412698413,0.355841964261045,0.265216866472135,2.0215511019914,6.1359009971713
3.04583333333333,0.356043916136647,0.265253553454351,2.02058436335426,6.1362967107112
3.04593253968254,0.356245494795664,0.265290309016759,2.01961808712728,6.1366924484208
3.04603174603175,0.356446700801592,0.26532713297461,2.01865227308872,6.13708821012581
3.04613095238095,0.356647534717515,0.265364025143301,2.01768692101694,6.13748399565206
3.04623015873016,0.356847997106111,0.265400985338371,2.01672203069041,6.13787980482556
3.04632936507937,0.357048088529649,0.265438013375508,2.01575760188768,6.13827563747244
3.04642857142857,0.357247809549985,0.265475109070544,2.0147936343874,6.13867149341897
3.04652777777778,0.357447160728571,0.265512272239456,2.01383012796834,6.13906737249156
3.04662698412698,0.357646142626446,0.265549502698367,2.01286708240934,6.13946327451679
3.04672619047619,0.357844755804243,0.265586800263546,2.01190449748935,6.13985919932134
3.0468253968254,0.358043000822183,0.265624164751404,2.01094237298744,6.14025514673207
3.0469246031746,0.35824087824008,0.265661595978503,2.00998070868274,6.14065111657594
3.04702380952381,0.358438388617338,0.265699093761545,2.00901950435451,6.14104710868011
3.04712301587302,0.358635532512953,0.26573665791738,2.00805875978209,6.14144312287182
3.04722222222222,0.358832310485509,0.265774288263004,2.00709847474493,6.14183915897849
3.04732142857143,0.359028723093184,0.265811984615557,2.00613864902258,6.14223521682767
3.04742063492063,0.359224770893747,0.265849746792325,2.00517928239467,6.14263129624705
3.04751984126984,0.359420454444556,0.265887574610738,2.00422037464095,6.14302739706447
3.04761904761905,0.35961577430256,0.265925467888374,2.00326192554126,6.14342351910791
3.04771825396825,0.359810731024299,0.265963426442953,2.00230393487554,6.14381966220548
3.04781746031746,0.360005325165906,0.266001450092345,2.00134640242382,6.14421582618545
3.04791666666667,0.360199557283104,0.26603953865456,2.00038932796625,6.14461201087622
3.04801587301587,0.360393427931205,0.266077691947759,1.99943271128306,6.14500821610634
3.04811507936508,0.360586937665113,0.266115909790242,1.99847655215458,6.14540444170447
3.04821428571429,0.360780087039324,0.26615419200046,1.99752085036124,6.14580068749947
3.04831349206349,0.360972876607923,0.266192538397007,1.99656560568359,6.14619695332029
3.0484126984127,0.361165306924588,0.266230948798622,1.99561081790224,6.14659323899605
3.0485119047619,0.361357378542586,0.26626942302419,1.99465648679793,6.146989544356
3.04861111111111,0.361549092014777,0.266307960892742,1.99370261215148,6.14738586922954
3.04871031746032,0.36174044789361,0.266346562223453,1.99274919374382,6.1477822134462
3.04880952380952,0.361931446731126,0.266385226835644,1.99179623135597,6.14817857683567
3.04890873015873,0.362122089078956,0.266423954548781,1.99084372476907,6.14857495922775
3.04900793650794,0.362312375488322,0.266462745182477,1.98989167376433,6.14897136045243
3.04910714285714,0.362502306510038,0.266501598556489,1.98894007812307,6.14936778033979
3.04920634920635,0.362691882694508,0.266540514490719,1.98798893762671,6.14976421872009
3.04930555555556,0.362881104591728,0.266579492805215,1.98703825205678,6.15016067542371
3.04940476190476,0.363069972751283,0.266618533320171,1.98608802119488,6.15055715028119
3.04950396825397,0.363258487722352,0.266657635855925,1.98513824482273,6.1509536431232
3.04960317460317,0.3634466500537,0.266696800232961,1.98418892272215,6.15135015378054
3.04970238095238,0.363634460293687,0.266736026271909,1.98324005467505,6.15174668208417
3.04980158730159,0.363821918990264,0.266775313793543,1.98229164046345,6.1521432278652
3.04990079365079,0.364009026690969,0.266814662618784,1.98134367986946,6.15253979095486
3.05,0.364195783942936,0.266854072568698,1.98039617267527,6.15293637118453
3.05009920634921,0.364382191292887,0.266893543464495,1.97944911866321,6.15333296838573
3.05019841269841,0.364568249287134,0.266933075127531,1.97850251761568,6.15372958239014
3.05029761904762,0.364753958471584,0.266972667379309,1.97755636931517,6.15412621302954
3.05039682539683,0.364939319391729,0.267012320041476,1.97661067354431,6.1545228601359
3.05049603174603,0.365124332592657,0.267052032935823,1.97566543008579,6.1549195235413
3.05059523809524,0.365308998619044,0.267091805884289,1.97472063872241,6.15531620307798
3.05069444444444,0.365493318015159,0.267131638708958,1.97377629923708,6.1557128985783
3.05079365079365,0.365677291324861,0.267171531232057,1.97283241141279,6.15610960987478
3.05089285714286,0.365860919091598,0.26721148327596,1.97188897503264,6.15650633680009
3.05099206349206,0.366044201858414,0.267251494663188,1.97094598987981,6.15690307918701
3.05109126984127,0.366227140167937,0.267291565216404,1.97000345573763,6.15729983686849
3.05119047619048,0.36640973456239,0.267331694758419,1.96906137238947,6.15769660967762
3.05128968253968,0.366591985583588,0.267371883112189,1.96811973961882,6.15809339744761
3.05138888888889,0.366773893772935,0.267412130100814,1.96717855720929,6.15849020001183
3.0514880952381,0.366955459671426,0.26745243554754,1.96623782494455,6.15888701720379
3.0515873015873,0.367136683819646,0.267492799275759,1.9652975426084,6.15928384885715
3.05168650793651,0.367317566757774,0.267533221109008,1.96435770998472,6.15968069480568
3.05178571428571,0.367498109025578,0.26757370087097,1.9634183268575,6.16007755488334
3.05188492063492,0.367678311162415,0.267614238385472,1.96247939301083,6.16047442892418
3.05198412698413,0.367858173707235,0.267654833476487,1.96154090822888,6.16087131676243
3.05208333333333,0.36803769719858,0.267695485968134,1.96060287229595,6.16126821823245
3.05218253968254,0.368216882174581,0.267736195684677,1.9596652849964,6.16166513316874
3.05228174603175,0.36839572917296,0.267776962450525,1.95872814611473,6.16206206140594
3.05238095238095,0.368574238731031,0.267817786090232,1.95779145543551,6.16245900277883
3.05248015873016,0.3687524113857,0.2678586664285,1.9568552127434,6.16285595712235
3.05257936507937,0.36893024767346,0.267899603290172,1.9559194178232,6.16325292427155
3.05267857142857,0.369107748130397,0.26794059650024,1.95498407045978,6.16364990406165
3.05277777777778,0.369284913292189,0.26798164588384,1.9540491704381,6.16404689632801
3.05287698412698,0.369461743694104,0.268022751266253,1.95311471754324,6.16444390090611
3.05297619047619,0.369638239871,0.268063912472907,1.95218071156038,6.16484091763159
3.0530753968254,0.369814402357328,0.268105129329373,1.95124715227477,6.16523794634022
3.0531746031746,0.369990231687129,0.26814640166137,1.95031403947179,6.16563498686793
3.05327380952381,0.370165728394035,0.26818772929476,1.94938137293689,6.16603203905079
3.05337301587302,0.370340893011266,0.268229112055552,1.94844915245566,6.16642910272498
3.05347222222222,0.370515726071637,0.268270549769899,1.94751737781376,6.16682617772685
3.05357142857143,0.370690228107552,0.268312042264102,1.94658604879693,6.16722326389289
3.05367063492063,0.370864399651007,0.268353589364603,1.94565516519106,6.16762036105974
3.05376984126984,0.371038241233588,0.268395190897993,1.94472472678208,6.16801746906415
3.05386904761905,0.371211753386472,0.268436846691008,1.94379473335608,6.16841458774304
3.05396825396825,0.371384936640428,0.268478556570529,1.94286518469918,6.16881171693347
3.05406746031746,0.371557791525813,0.26852032036358,1.94193608059768,6.16920885647262
3.05416666666667,0.371730318572578,0.268562137897334,1.9410074208379,6.16960600619784
3.05426587301587,0.371902518310263,0.268604008999108,1.94007920520631,6.17000316594661
3.05436507936508,0.372074391268,0.268645933496363,1.93915143348946,6.17040033555654
3.05446428571429,0.372245937974512,0.268687911216707,1.93822410547399,6.1707975148654
3.05456349206349,0.372417158958113,0.268729941987893,1.93729722094667,6.1711947037111
3.0546626984127,0.372588054746706,0.26877202563782,1.93637077969433,6.17159190193167
3.05476190476191,0.372758625867788,0.268814161994531,1.93544478150392,6.17198910936532
3.05486111111111,0.372928872848444,0.268856350886215,1.93451922616249,6.17238632585036
3.05496031746032,0.373098796215351,0.268898592141206,1.93359411345719,6.17278355122527
3.05505952380952,0.373268396494777,0.268940885587985,1.93266944317525,6.17318078532867
3.05515873015873,0.373437674212582,0.268983231055177,1.93174521510402,6.1735780279993
3.05525793650794,0.373606629894215,0.269025628371552,1.93082142903094,6.17397527907607
3.05535714285714,0.373775264064717,0.269068077366026,1.92989808474355,6.17437253839802
3.05545634920635,0.373943577248721,0.269110577867661,1.92897518202947,6.17476980580432
3.05555555555556,0.374111569970448,0.269153129705663,1.92805272067647,6.1751670811343
3.05565476190476,0.374279242753711,0.269195732709384,1.92713070047236,6.17556436422743
3.05575396825397,0.374446596121916,0.269238386708322,1.92620912120508,6.1759616549233
3.05585317460317,0.374613630598057,0.269281091532119,1.92528798266267,6.17635895306167
3.05595238095238,0.374780346704722,0.269323847010565,1.92436728463325,6.17675625848243
3.05605158730159,0.374946744964086,0.269366652973591,1.92344702690505,6.17715357102561
3.05615079365079,0.375112825897919,0.269409509251278,1.92252720926641,6.17755089053139
3.05625,0.37527859002758,0.26945241567385,1.92160783150574,6.17794821684007
3.05634920634921,0.375444037874017,0.269495372071677,1.92068889341159,6.17834554979212
3.05644841269841,0.375609169957772,0.269538378275272,1.91977039477256,6.17874288922813
3.05654761904762,0.375773986798977,0.269581434115298,1.9188523353774,6.17914023498885
3.05664682539683,0.375938488917354,0.26962453942256,1.9179347150149,6.17953758691516
3.05674603174603,0.376102676832217,0.269667694028009,1.91701753347401,6.17993494484808
3.05684523809524,0.376266551062471,0.269710897762741,1.91610079054374,6.18033230862879
3.05694444444444,0.376430112126611,0.269754150458,1.91518448601319,6.18072967809858
3.05704365079365,0.376593360542722,0.269797451945171,1.91426861967161,6.18112705309891
3.05714285714286,0.376756296828482,0.269840802055788,1.91335319130829,6.18152443347137
3.05724206349206,0.37691892150116,0.26988420062153,1.91243820071266,6.18192181905769
3.05734126984127,0.377081235077614,0.269927647474218,1.91152364767422,6.18231920969975
3.05744047619048,0.377243238074294,0.269971142445823,1.91060953198259,6.18271660523957
3.05753968253968,0.377404931007242,0.270014685368459,1.90969585342748,6.1831140055193
3.05763888888889,0.377566314392088,0.270058276074384,1.90878261179869,6.18351141038125
3.0577380952381,0.377727388744057,0.270101914396005,1.90786980688614,6.18390881966787
3.0578373015873,0.377888154577961,0.270145600165872,1.90695743847983,6.18430623322172
3.05793650793651,0.378048612408203,0.270189333216679,1.90604550636987,6.18470365088555
3.05803571428571,0.378208762748781,0.27023311338127,1.90513401034647,6.18510107250221
3.05813492063492,0.378368606113281,0.270276940492629,1.90422295019991,6.18549849791472
3.05823412698413,0.378528143014878,0.270320814383889,1.90331232572061,6.18589592696624
3.05833333333333,0.378687373966343,0.270364734888327,1.90240213669907,6.18629335950004
3.05843253968254,0.378846299480035,0.270408701839366,1.90149238292587,6.18669079535958
3.05853174603175,0.379004920067901,0.270452715070574,1.90058306419173,6.18708823438843
3.05863095238095,0.379163236241484,0.270496774415664,1.89967418028744,6.1874856764303
3.05873015873016,0.379321248511915,0.270540879708495,1.8987657310039,6.18788312132906
3.05882936507937,0.379478957389918,0.270585030783071,1.89785771613208,6.18828056892871
3.05892857142857,0.379636363385805,0.270629227473542,1.8969501354631,6.18867801907339
3.05902777777778,0.379793467009482,0.270673469614203,1.89604298878813,6.1890754716074
3.05912698412698,0.379950268770443,0.270717757039493,1.89513627589848,6.18947292637515
3.05922619047619,0.380106769177776,0.270762089583999,1.89422999658551,6.18987038322123
3.0593253968254,0.380262968740157,0.270806467082451,1.89332415064074,6.19026784199034
3.0594246031746,0.380418867965854,0.270850889369727,1.89241873785573,6.19066530252733
3.05952380952381,0.380574467362727,0.270895356280847,1.89151375802218,6.19106276467721
3.05962301587302,0.380729767438225,0.270939867650979,1.89060921093187,6.1914602282851
3.05972222222222,0.38088476869939,0.270984423315435,1.88970509637668,6.19185769319629
3.05982142857143,0.381039471652853,0.271029023109674,1.88880141414858,6.1922551592562
3.05992063492064,0.381193876804838,0.271073666869299,1.88789816403966,6.19265262631039
3.06001984126984,0.381347984661157,0.271118354430058,1.8869953458421,6.19305009420457
3.06011904761905,0.381501795727215,0.271163085627845,1.88609295934818,6.19344756278457
3.06021825396825,0.381655310508008,0.271207860298701,1.88519100435027,6.1938450318964
3.06031746031746,0.381808529508122,0.271252678278809,1.88428948064083,6.19424250138619
3.06041666666667,0.381961453231734,0.2712975394045,1.88338838801246,6.19463997110019
3.06051587301587,0.382114082182613,0.271342443512249,1.88248772625781,6.19503744088483
3.06061507936508,0.382266416864117,0.271387390438678,1.88158749516966,6.19543491058666
3.06071428571429,0.382418457779199,0.271432380020552,1.88068769454087,6.19583238005239
3.06081349206349,0.382570205430396,0.271477412094784,1.87978832416441,6.19622984912884
3.0609126984127,0.382721660319841,0.27152248649843,1.87888938383336,6.19662731766301
3.0610119047619,0.382872822949257,0.271567603068694,1.87799087334088,6.197024785502
3.06111111111111,0.383023693819959,0.271612761642922,1.87709279248022,6.1974222524931
3.06121031746032,0.38317427343285,0.271657962058607,1.87619514104475,6.19781971848369
3.06130952380952,0.383324562288426,0.27170320415339,1.87529791882793,6.19821718332135
3.06140873015873,0.383474560886774,0.271748487765053,1.87440112562332,6.19861464685374
3.06150793650794,0.38362426972757,0.271793812731526,1.87350476122459,6.19901210892871
3.06160714285714,0.383773689310083,0.271839178890883,1.87260882542548,6.19940956939423
3.06170634920635,0.383922820133172,0.271884586081345,1.87171331801985,6.19980702809841
3.06180555555556,0.384071662695288,0.271930034141277,1.87081823880166,6.20020448488951
3.06190476190476,0.38422021749447,0.27197552290919,1.86992358756497,6.20060193961594
3.06200396825397,0.384368485028352,0.27202105222374,1.86902936410391,6.20099939212623
3.06210317460317,0.384516465794155,0.272066621923729,1.86813556821275,6.20139684226906
3.06220238095238,0.384664160288694,0.272112231848104,1.86724219968582,6.20179428989326
3.06230158730159,0.384811569008373,0.272157881835957,1.86634925831759,6.2021917348478
3.06240079365079,0.384958692449187,0.272203571726525,1.8654567439026,6.20258917698178
3.0625,0.385105531106724,0.272249301359193,1.86456465623549,6.20298661614446
3.06259920634921,0.38525208547616,0.272295070573488,1.863672995111,6.20338405218522
3.06269841269841,0.385398356052263,0.272340879209084,1.86278176032399,6.20378148495361
3.06279761904762,0.385544343329393,0.2723867271058,1.86189095166938,6.20417891429929
3.06289682539683,0.385690047801502,0.272432614103602,1.86100056894222,6.20457634007209
3.06299603174603,0.385835469962127,0.272478540042599,1.86011061193766,6.20497376212196
3.06309523809524,0.385980610304402,0.272524504763047,1.85922108045092,6.205371180299
3.06319444444444,0.386125469321049,0.272570508105345,1.85833197427735,6.20576859445346
3.06329365079365,0.386270047504383,0.272616549910041,1.85744329321237,6.20616600443573
3.06339285714286,0.386414345346308,0.272662630017826,1.85655503705153,6.20656341009632
3.06349206349206,0.386558363338319,0.272708748269537,1.85566720559045,6.20696081128591
3.06359126984127,0.386702101971504,0.272754904506155,1.85477979862487,6.2073582078553
3.06369047619048,0.38684556173654,0.27280109856881,1.85389281595061,6.20775559965546
3.06378968253968,0.386988743123693,0.272847330298773,1.8530062573636,6.20815298653747
3.06388888888889,0.387131646622825,0.272893599537463,1.85212012265988,6.20855036835257
3.0639880952381,0.387274272723384,0.272939906126443,1.85123441163557,6.20894774495213
3.0640873015873,0.387416621914413,0.272986249907424,1.85034912408689,6.20934511618768
3.06418650793651,0.387558694684542,0.273032630722259,1.84946425981016,6.20974248191088
3.06428571428571,0.387700491521995,0.273079048412948,1.84857981860181,6.21013984197353
3.06438492063492,0.387842012914587,0.273125502821637,1.84769580025835,6.21053719622757
3.06448412698413,0.38798325934972,0.273171993790617,1.84681220457641,6.2109345445251
3.06458333333333,0.388124231314391,0.273218521162322,1.84592903135271,6.21133188671833
3.06468253968254,0.388264929295186,0.273265084779335,1.84504628038406,6.21172922265965
3.06478174603175,0.388405353778283,0.273311684484383,1.84416395146738,6.21212655220155
3.06488095238095,0.38854550524945,0.273358320120338,1.84328204439967,6.2125238751967
3.06498015873016,0.388685384194046,0.273404991530216,1.84240055897807,6.2129211914979
3.06507936507936,0.388824991097022,0.273451698557182,1.84151949499976,6.21331850095807
3.06517857142857,0.388964326442919,0.273498441044543,1.84063885226207,6.21371580343031
3.06527777777778,0.389103390715867,0.273545218835753,1.83975863056241,6.21411309876782
3.06537698412698,0.389242184399591,0.273592031774411,1.83887882969828,6.21451038682397
3.06547619047619,0.389380707977404,0.273638879704262,1.83799944946729,6.21490766745228
3.0655753968254,0.389518961932211,0.273685762469195,1.83712048966715,6.21530494050638
3.0656746031746,0.389656946746507,0.273732679913245,1.83624195009565,6.21570220584006
3.06577380952381,0.389794662902379,0.273779631880594,1.8353638305507,6.21609946330725
3.06587301587302,0.389932110881505,0.273826618215566,1.8344861308303,6.21649671276203
3.06597222222222,0.390069291165152,0.273873638762634,1.83360885073255,6.21689395405861
3.06607142857143,0.39020620423418,0.273920693366414,1.83273199005566,6.21729118705135
3.06617063492063,0.390342850569039,0.273967781871667,1.83185554859791,6.21768841159474
3.06626984126984,0.39047923064977,0.274014904123302,1.8309795261577,6.21808562754341
3.06636904761905,0.390615344956006,0.274062059966372,1.83010392253353,6.21848283475217
3.06646825396825,0.390751193966969,0.274109249246073,1.829228737524,6.21888003307592
3.06656746031746,0.390886778161472,0.274156471807751,1.82835397092778,6.21927722236973
3.06666666666667,0.391022098017923,0.274203727496894,1.82747962254367,6.21967440248881
3.06676587301587,0.391157154014313,0.274251016159137,1.82660569217058,6.2200715732885
3.06686507936508,0.391291946628231,0.274298337640258,1.82573217960747,6.2204687346243
3.06696428571429,0.391426476336855,0.274345691786183,1.82485908465344,6.22086588635185
3.06706349206349,0.391560743616953,0.274393078442983,1.82398640710767,6.2212630283269
3.0671626984127,0.391694748944883,0.274440497456873,1.82311414676946,6.22166016040538
3.0672619047619,0.391828492796597,0.274487948674214,1.82224230343817,6.22205728244335
3.06736111111111,0.391961975647636,0.274535431941515,1.82137087691329,6.22245439429701
3.06746031746032,0.39209519797313,0.274582947105425,1.8204998669944,6.22285149582269
3.06755952380952,0.392228160247803,0.274630494012742,1.81962927348119,6.22324858687688
3.06765873015873,0.39236086294597,0.27467807251041,1.81875909617343,6.22364566731621
3.06775793650794,0.392493306541534,0.274725682445515,1.817889334871,6.22404273699744
3.06785714285714,0.392625491507992,0.274773323665293,1.81701998937386,6.22443979577748
3.06795634920635,0.39275741831843,0.274820996017121,1.8161510594821,6.22483684351338
3.06805555555556,0.392889087445526,0.274868699348524,1.81528254499589,6.22523388006233
3.06815476190476,0.393020499361549,0.274916433507172,1.81441444571548,6.22563090528167
3.06825396825397,0.393151654538356,0.274964198340879,1.81354676144128,6.22602791902888
3.06835317460317,0.393282553447398,0.275011993697606,1.81267949197373,6.22642492116156
3.06845238095238,0.393413196559718,0.275059819425458,1.8118126371134,6.22682191153748
3.06855158730159,0.393543584345946,0.275107675372687,1.81094619666097,6.22721889001455
3.06865079365079,0.393673717276305,0.275155561387689,1.81008017041718,6.22761585645079
3.06875,0.393803595820611,0.275203477319006,1.80921455818292,6.22801281070441
3.06884920634921,0.393933220448267,0.275251423015325,1.80834935975913,6.22840975263373
3.06894841269841,0.394062591628269,0.275299398325479,1.80748457494689,6.22880668209721
3.06904761904762,0.394191709829204,0.275347403098446,1.80662020354735,6.22920359895346
3.06914682539683,0.394320575519248,0.275395437183349,1.80575624536177,6.22960050306124
3.06924603174603,0.394449189166171,0.275443500429457,1.80489270019151,6.22999739427944
3.06934523809524,0.394577551237333,0.275491592686184,1.80402956783801,6.2303942724671
3.06944444444444,0.394705662199683,0.27553971380309,1.80316684810284,6.2307911374834
3.06954365079365,0.394833522519761,0.275587863629879,1.80230454078765,6.23118798918764
3.06964285714286,0.394961132663703,0.275636042016402,1.80144264569419,6.23158482743931
3.06974206349206,0.395088493097228,0.275684248812654,1.80058116262431,6.23198165209799
3.06984126984127,0.395215604285651,0.275732483868777,1.79972009137996,6.23237846302344
3.06994047619048,0.395342466693878,0.275780747035057,1.79885943176319,6.23277526007553
3.07003968253968,0.395469080786403,0.275829038161925,1.79799918357614,6.23317204311431
3.07013888888889,0.395595447027314,0.275877357099958,1.79713934662106,6.23356881199994
3.07023809523809,0.395721565880289,0.27592570369988,1.79627992070029,6.23396556659272
3.0703373015873,0.395847437222498,0.275974078050805,1.79542090559591,6.23436230699362
3.07043650793651,0.395973059038792,0.276022481010249,1.79456230102859,6.23475903407899
3.07053571428571,0.396098431374416,0.276070912597149,1.79370410679622,6.2351557478785
3.07063492063492,0.396223554530568,0.276119372726333,1.79284632270591,6.23555244831673
3.07073412698413,0.396348428808287,0.276167861312678,1.79198894856485,6.23594913531826
3.07083333333333,0.39647305450846,0.27621637827111,1.7911319841803,6.23634580880776
3.07093253968254,0.396597431931812,0.276264923516604,1.79027542935961,6.23674246870993
3.07103174603175,0.396721561378915,0.276313496964184,1.78941928391018,6.23713911494951
3.07113095238095,0.396845443150183,0.276362098528922,1.78856354763951,6.23753574745129
3.07123015873016,0.396969077545872,0.276410728125939,1.78770822035517,6.2379323661401
3.07132936507937,0.397092464866084,0.276459385670407,1.78685330186479,6.23832897094084
3.07142857142857,0.397215605410763,0.276508071077544,1.78599879197609,6.23872556177842
3.07152777777778,0.397338499479695,0.27655678426262,1.78514469049685,6.23912213857783
3.07162698412698,0.397461147372511,0.276605525140951,1.78429099723493,6.23951870126407
3.07172619047619,0.397583549388685,0.276654293627903,1.78343771199827,6.23991524976223
3.0718253968254,0.397705705827536,0.276703089638892,1.78258483459488,6.2403117839974
3.0719246031746,0.39782761698822,0.276751913089382,1.78173236483285,6.24070830389475
3.07202380952381,0.397949283169744,0.276800763894885,1.78088030252034,6.24110480937948
3.07212301587302,0.398070704670953,0.276849641970964,1.78002864746557,6.24150130037684
3.07222222222222,0.398191881790539,0.276898547233229,1.77917739947687,6.24189777681213
3.07232142857143,0.398312814827035,0.276947479597341,1.77832655836262,6.24229423861068
3.07242063492063,0.398433504078817,0.276996438979007,1.77747612393127,6.24269068569788
3.07251984126984,0.398553949844105,0.277045425293986,1.77662609599135,6.24308711799917
3.07261904761905,0.398674152420965,0.277094438458084,1.77577647435148,6.24348353544003
3.07271825396825,0.3987941121073,0.277143478387156,1.77492725882033,6.24387993794597
3.07281746031746,0.398913829200863,0.277192544997107,1.77407844920667,6.24427632544257
3.07291666666667,0.399033303999245,0.27724163820389,1.77323004531931,6.24467269785545
3.07301587301587,0.399152536799884,0.277290757923507,1.77238204696718,6.24506905511026
3.07311507936508,0.399271527900059,0.27733990407201,1.77153445395925,6.24546539713272
3.07321428571429,0.399390277596895,0.277389076565498,1.77068726610457,6.24586172384858
3.07331349206349,0.399508786187357,0.277438275320122,1.76984048321226,6.24625803518364
3.0734126984127,0.399627053968254,0.277487500252077,1.76899410509155,6.24665433106374
3.0735119047619,0.399745081236239,0.277536751277613,1.7681481315517,6.24705061141478
3.07361111111111,0.399862868287811,0.277586028313023,1.76730256240207,6.24744687616269
3.07371031746032,0.399980415419306,0.277635331274653,1.76645739745208,6.24784312523345
3.07380952380952,0.40009772292691,0.277684660078896,1.76561263651124,6.24823935855311
3.07390873015873,0.400214791106648,0.277734014642196,1.76476827938913,6.24863557604772
3.07400793650794,0.400331620254389,0.277783394881043,1.76392432589538,6.24903177764341
3.07410714285714,0.400448210665847,0.277832800711978,1.76308077583973,6.24942796326636
3.07420634920635,0.400564562636576,0.277882232051591,1.76223762903199,6.24982413284276
3.07430555555556,0.400680676461977,0.277931688816519,1.76139488528202,6.25022028629888
3.07440476190476,0.400796552437293,0.277981170923449,1.76055254439977,6.25061642356102
3.07450396825397,0.400912190857609,0.278030678289119,1.75971060619527,6.25101254455554
3.07460317460317,0.401027592017854,0.278080210830312,1.75886907047861,6.25140864920882
3.07470238095238,0.401142756212802,0.278129768463863,1.75802793705998,6.25180473744732
3.07480158730159,0.401257683737068,0.278179351106655,1.7571872057496,6.25220080919751
3.07490079365079,0.40137237488511,0.27822895867562,1.75634687635781,6.25259686438594
3.075,0.401486829951232,0.278278591087737,1.75550694869501,6.25299290293918
3.07509920634921,0.401601049229579,0.278328248260038,1.75466742257166,6.25338892478385
3.07519841269841,0.40171503301414,0.2783779301096,1.75382829779831,6.25378492984663
3.07529761904762,0.401828781598748,0.278427636553551,1.75298957418558,6.25418091805424
3.07539682539683,0.401942295277078,0.278477367509067,1.75215125154416,6.25457688933344
3.07549603174603,0.402055574342648,0.278527122893374,1.75131332968483,6.25497284361103
3.07559523809524,0.402168619088823,0.278576902623747,1.75047580841842,6.25536878081388
3.07569444444444,0.402281429808805,0.278626706617508,1.74963868755586,6.25576470086887
3.07579365079365,0.402394006795645,0.278676534792029,1.74880196690814,6.25616060370297
3.07589285714286,0.402506350342234,0.278726387064731,1.74796564628632,6.25655648924315
3.07599206349206,0.402618460741308,0.278776263353085,1.74712972550155,6.25695235741647
3.07609126984127,0.402730338285445,0.27882616357461,1.74629420436504,6.25734820814999
3.07619047619048,0.402841983267067,0.278876087646872,1.74545908268808,6.25774404137086
3.07628968253968,0.402953395978441,0.27892603548749,1.74462436028204,6.25813985700625
3.07638888888889,0.403064576711672,0.278976007014128,1.74379003695836,6.25853565498338
3.0764880952381,0.403175525758715,0.279026002144502,1.74295611252856,6.25893143522951
3.0765873015873,0.403286243411363,0.279076020796374,1.74212258680422,6.25932719767197
3.07668650793651,0.403396729961256,0.279126062887558,1.74128945959701,6.2597229422381
3.07678571428571,0.403506985699875,0.279176128335914,1.74045673071866,6.26011866885532
3.07688492063492,0.403617010918544,0.279226217059354,1.73962439998098,6.26051437745108
3.07698412698413,0.403726805908433,0.279276328975835,1.73879246719587,6.26091006795286
3.07708333333333,0.403836370960553,0.279326464003367,1.73796093217529,6.26130574028823
3.07718253968254,0.403945706365758,0.279376622060007,1.73712979473126,6.26170139438476
3.07728174603175,0.404054812414747,0.27942680306386,1.73629905467592,6.26209703017008
3.07738095238095,0.40416368939806,0.279477006933081,1.73546871182143,6.26249264757189
3.07748015873016,0.404272337606084,0.279527233585875,1.73463876598005,6.2628882465179
3.07757936507937,0.404380757329045,0.279577482940493,1.73380921696414,6.26328382693588
3.07767857142857,0.404488948857016,0.279627754915239,1.73298006458608,6.26367938875366
3.07777777777778,0.404596912479911,0.279678049428462,1.73215130865836,6.2640749318991
3.07787698412698,0.404704648487487,0.279728366398562,1.73132294899355,6.26447045630011
3.07797619047619,0.404812157169346,0.279778705743987,1.73049498540428,6.26486596188464
3.0780753968254,0.404919438814932,0.279829067383235,1.72966741770325,6.26526144858069
3.0781746031746,0.405026493713533,0.279879451234853,1.72884024570324,6.26565691631632
3.07827380952381,0.405133322154281,0.279929857217435,1.72801346921711,6.2660523650196
3.07837301587302,0.405239924426148,0.279980285249625,1.7271870880578,6.2664477946187
3.07847222222222,0.405346300817954,0.280030735250118,1.7263611020383,6.26684320504178
3.07857142857143,0.40545245161836,0.280081207137654,1.72553551097169,6.26723859621709
3.07867063492063,0.405558377115868,0.280131700831026,1.72471031467114,6.26763396807288
3.07876984126984,0.405664077598827,0.280182216249071,1.72388551294987,6.2680293205375
3.07886904761905,0.405769553355428,0.280232753310681,1.72306110562119,6.2684246535393
3.07896825396825,0.405874804673705,0.280283311934791,1.72223709249846,6.26881996700671
3.07906746031746,0.405979831841534,0.28033389204039,1.72141347339515,6.26921526086817
3.07916666666667,0.406084635146637,0.280384493546512,1.72059024812478,6.2696105350522
3.07926587301587,0.406189214876579,0.280435116372242,1.71976741650094,6.27000578948735
3.07936507936508,0.406293571318765,0.280485760436714,1.71894497833733,6.27040102410222
3.07946428571429,0.406397704760447,0.280536425659109,1.71812293344769,6.27079623882544
3.07956349206349,0.406501615488718,0.28058711195866,1.71730128164585,6.27119143358571
3.0796626984127,0.406605303790516,0.280637819254646,1.71648002274569,6.27158660831177
3.0797619047619,0.406708769952621,0.280688547466396,1.71565915656121,6.27198176293239
3.07986111111111,0.406812014261657,0.280739296513289,1.71483868290645,6.27237689737641
3.07996031746032,0.40691503700409,0.280790066314752,1.71401860159552,6.27277201157268
3.08005952380952,0.407017838466233,0.28084085679026,1.71319891244263,6.27316710545015
3.08015873015873,0.407120418934236,0.280891667859338,1.71237961526205,6.27356217893776
3.08025793650794,0.407222778694098,0.280942499441561,1.71156070986814,6.27395723196453
3.08035714285714,0.407324918031659,0.28099335145655,1.7107421960753,6.27435226445951
3.08045634920635,0.407426837232602,0.281044223823978,1.70992407369804,6.27474727635181
3.08055555555556,0.407528536582454,0.281095116463564,1.70910634255093,6.27514226757058
3.08065476190476,0.407630016366585,0.281146029295079,1.70828900244861,6.275537238045
3.08075396825397,0.40773127687021,0.281196962238341,1.70747205320579,6.27593218770432
3.08085317460317,0.407832318378383,0.281247915213217,1.70665549463729,6.27632711647783
3.08095238095238,0.407933141176005,0.281298888139624,1.70583932655796,6.27672202429485
3.08105158730159,0.40803374554782,0.281349880937525,1.70502354878275,6.27711691108477
3.08115079365079,0.408134131778413,0.281400893526937,1.70420816112667,6.277511776777
3.08125,0.408234300152215,0.281451925827921,1.70339316340482,6.27790662130101
3.08134920634921,0.408334250953499,0.28150297776059,1.70257855543237,6.27830144458633
3.08144841269841,0.408433984466382,0.281554049245104,1.70176433702456,6.27869624656251
3.08154761904762,0.408533500974822,0.281605140201674,1.70095050799669,6.27909102715916
3.08164682539683,0.408632800762624,0.281656250550557,1.70013706816417,6.27948578630592
3.08174603174603,0.408731884113432,0.281707380212062,1.69932401734246,6.27988052393251
3.08184523809524,0.408830751310737,0.281758529106546,1.69851135534709,6.28027523996865
3.08194444444444,0.408929402637872,0.281809697154413,1.69769908199369,6.28066993434415
3.08204365079365,0.409027838378012,0.281860884276118,1.69688719709795,6.28106460698884
3.08214285714286,0.409126058814178,0.281912090392164,1.69607570047561,6.2814592578326
3.08224206349206,0.409224064229232,0.281963315423105,1.69526459194252,6.28185388680537
3.08234126984127,0.40932185490588,0.282014559289541,1.69445387131461,6.2822484938371
3.08244047619048,0.409419431126671,0.282065821912121,1.69364353840784,6.28264307885782
3.08253968253968,0.409516793173999,0.282117103211545,1.69283359303829,6.2830376417976
3.08263888888889,0.409613941330098,0.282168403108562,1.69202403502208,6.28343218258655
3.0827380952381,0.409710875877048,0.282219721523968,1.69121486417544,6.28382670115483
3.0828373015873,0.409807597096771,0.282271058378608,1.69040608031464,6.28422119743263
3.08293650793651,0.409904105271035,0.282322413593378,1.68959768325604,6.28461567135022
3.08303571428571,0.410000400681447,0.282373787089222,1.68878967281608,6.28501012283787
3.08313492063492,0.410096483609459,0.282425178787131,1.68798204881127,6.28540455182594
3.08323412698413,0.410192354336368,0.282476588608147,1.68717481105819,6.28579895824481
3.08333333333333,0.410288013143313,0.282528016473361,1.6863679593735,6.2861933420249
3.08343253968254,0.410383460311275,0.282579462303912,1.68556149357393,6.28658770309671
3.08353174603175,0.41047869612108,0.282630926020989,1.68475541347628,6.28698204139075
3.08363095238095,0.410573720853398,0.282682407545829,1.68394971889745,6.2873763568376
3.08373015873016,0.41066853478874,0.282733906799718,1.68314440965437,6.28777064936786
3.08382936507937,0.410763138207461,0.28278542370399,1.6823394855641,6.28816491891221
3.08392857142857,0.410857531389761,0.28283695818003,1.68153494644372,6.28855916540134
3.08402777777778,0.410951714615681,0.282888510149271,1.68073079211043,6.28895338876602
3.08412698412698,0.411045688165106,0.282940079533195,1.67992702238147,6.28934758893703
3.08422619047619,0.411139452317766,0.282991666253332,1.67912363707417,6.28974176584524
3.0843253968254,0.411233007353232,0.283043270231263,1.67832063600593,6.29013591942152
3.0844246031746,0.411326353550919,0.283094891388615,1.67751801899424,6.29053004959681
3.08452380952381,0.411419491190087,0.283146529647067,1.67671578585664,6.2909241563021
3.08462301587302,0.411512420549835,0.283198184928344,1.67591393641077,6.29131823946842
3.08472222222222,0.41160514190911,0.283249857154223,1.67511247047432,6.29171229902684
3.08482142857143,0.4116976555467,0.283301546246527,1.67431138786507,6.29210633490847
3.08492063492063,0.411789961741236,0.28335325212713,1.67351068840087,6.29250034704449
3.08501984126984,0.411882060771194,0.283404974717955,1.67271037189965,6.29289433536611
3.08511904761905,0.411973952914891,0.283456713940971,1.6719104381794,6.29328829980459
3.08521825396825,0.412065638450491,0.283508469718199,1.67111088705819,6.29368224029123
3.08531746031746,0.412157117655995,0.283560241971709,1.67031171835419,6.29407615675738
3.08541666666667,0.412248390809254,0.283612030623617,1.6695129318856,6.29447004913443
3.08551587301587,0.412339458187958,0.283663835596091,1.66871452747074,6.29486391735383
3.08561507936508,0.412430320069642,0.283715656811347,1.66791650492796,6.29525776134706
3.08571428571429,0.412520976731684,0.283767494191648,1.66711886407572,6.29565158104566
3.08581349206349,0.412611428451305,0.28381934765931,1.66632160473254,6.29604537638121
3.0859126984127,0.412701675505571,0.283871217136693,1.66552472671702,6.29643914728532
3.08601190476191,0.412791718171388,0.283923102546211,1.66472822984781,6.29683289368968
3.08611111111111,0.412881556725508,0.283975003810322,1.66393211394368,6.297226615526
3.08621031746032,0.412971191444525,0.284026920851537,1.66313637882343,6.29762031272603
3.08630952380952,0.413060622604878,0.284078853592413,1.66234102430597,6.2980139852216
3.08640873015873,0.413149850482846,0.284130801955557,1.66154605021026,6.29840763294455
3.08650793650794,0.413238875354554,0.284182765863627,1.66075145635535,6.29880125582678
3.08660714285714,0.413327697495971,0.284234745239326,1.65995724256035,6.29919485380024
3.08670634920635,0.413416317182907,0.284286740005408,1.65916340864444,6.29958842679692
3.08680555555556,0.413504734691015,0.284338750084677,1.65836995442691,6.29998197474886
3.08690476190476,0.413592950295794,0.284390775399984,1.6575768797271,6.30037549758814
3.08700396825397,0.413680964272584,0.28444281587423,1.65678418436441,6.30076899524689
3.08710317460317,0.413768776896569,0.284494871430364,1.65599186815834,6.30116246765729
3.08720238095238,0.413856388442777,0.284546941991386,1.65519993092845,6.30155591475156
3.08730158730159,0.413943799186079,0.284599027480341,1.65440837249439,6.30194933646196
3.08740079365079,0.414031009401187,0.284651127820328,1.65361719267586,6.30234273272081
3.0875,0.414118019362661,0.284703242934491,1.65282639129265,6.30273610346047
3.08759920634921,0.414204829344899,0.284755372746024,1.65203596816463,6.30312944861334
3.08769841269841,0.414291439622146,0.28480751717817,1.65124592311174,6.30352276811187
3.08779761904762,0.414377850468488,0.284859676154222,1.65045625595399,6.30391606188855
3.08789682539683,0.414464062157857,0.28491184959752,1.64966696651146,6.30430932987594
3.08799603174603,0.414550074964026,0.284964037431455,1.64887805460432,6.30470257200662
3.08809523809524,0.414635889160612,0.285016239579466,1.6480895200528,6.30509578821321
3.08819444444444,0.414721505021075,0.28506845596504,1.6473013626772,6.30548897842841
3.08829365079365,0.414806922818719,0.285120686511713,1.64651358229793,6.30588214258494
3.08839285714286,0.414892142826691,0.285172931143072,1.64572617873543,6.30627528061556
3.08849206349206,0.41497716531798,0.285225189782751,1.64493915181024,6.3066683924531
3.08859126984127,0.41506199056542,0.285277462354434,1.64415250134297,6.30706147803042
3.08869047619048,0.415146618841689,0.285329748781852,1.6433662271543,6.30745453728043
3.08878968253968,0.415231050419305,0.285382048988788,1.64258032906499,6.30784757013609
3.08888888888889,0.415315285570633,0.285434362899071,1.64179480689587,6.30824057653038
3.0889880952381,0.415399324567879,0.285486690436581,1.64100966046784,6.30863355639638
3.0890873015873,0.415483167683093,0.285539031525246,1.64022488960189,6.30902650966715
3.08918650793651,0.415566815188167,0.285591386089043,1.63944049411908,6.30941943627584
3.08928571428571,0.415650267354839,0.285643754051998,1.63865647384053,6.30981233615565
3.08938492063492,0.415733524454689,0.285696135338185,1.63787282858745,6.31020520923979
3.08948412698413,0.415816586759138,0.285748529871729,1.63708955818111,6.31059805546154
3.08958333333333,0.415899454539454,0.285800937576802,1.63630666244288,6.31099087475423
3.08968253968254,0.415982128066748,0.285853358377626,1.63552414119418,6.31138366705122
3.08978174603175,0.416064607611969,0.285905792198471,1.63474199425651,6.31177643228593
3.08988095238095,0.416146893445917,0.285958238963658,1.63396022145146,6.31216917039181
3.08998015873016,0.416228985839229,0.286010698597554,1.63317882260066,6.31256188130237
3.09007936507937,0.41631088506239,0.286063171024576,1.63239779752586,6.31295456495117
3.09017857142857,0.416392591385724,0.286115656169192,1.63161714604884,6.3133472212718
3.09027777777778,0.416474105079402,0.286168153955916,1.63083686799149,6.3137398501979
3.09037698412698,0.416555426413436,0.286220664309313,1.63005696317576,6.31413245166316
3.09047619047619,0.416636555657683,0.286273187153995,1.62927743142366,6.31452502560132
3.0905753968254,0.41671749308184,0.286325722414625,1.62849827255731,6.31491757194616
3.0906746031746,0.416798238955451,0.286378270015913,1.62771948639887,6.3153100906315
3.09077380952381,0.416878793547903,0.286430829882619,1.62694107277059,6.31570258159121
3.09087301587302,0.416959157128423,0.286483401939552,1.6261630314948,6.31609504475922
3.09097222222222,0.417039329966084,0.28653598611157,1.62538536239389,6.31648748006949
3.09107142857143,0.417119312329803,0.286588582323579,1.62460806529034,6.31687988745603
3.09117063492064,0.417199104488339,0.286641190500536,1.62383114000668,6.31727226685289
3.09126984126984,0.417278706710292,0.286693810567443,1.62305458636554,6.31766461819418
3.09136904761905,0.41735811926411,0.286746442449355,1.62227840418963,6.31805694141404
3.09146825396825,0.417437342418081,0.286799086071374,1.6215025933017,6.31844923644666
3.09156746031746,0.417516376440337,0.286851741358652,1.6207271535246,6.31884150322629
3.09166666666667,0.417595221598854,0.286904408236387,1.61995208468126,6.31923374168722
3.09176587301587,0.41767387816145,0.286957086629831,1.61917738659466,6.31962595176376
3.09186507936508,0.417752346395788,0.287009776464279,1.61840305908787,6.32001813339031
3.09196428571429,0.417830626569374,0.287062477665081,1.61762910198403,6.32041028650128
3.09206349206349,0.417908718949555,0.287115190157631,1.61685551510638,6.32080241103113
3.0921626984127,0.417986623803523,0.287167913867373,1.61608229827818,6.3211945069144
3.0922619047619,0.418064341398314,0.287220648719803,1.61530945132282,6.32158657408562
3.09236111111111,0.418141872000807,0.287273394640462,1.61453697406373,6.32197861247942
3.09246031746032,0.418219215877723,0.287326151554942,1.61376486632443,6.32237062203045
3.09255952380952,0.418296373295628,0.287378919388883,1.61299312792851,6.32276260267339
3.09265873015873,0.418373344520929,0.287431698067976,1.61222175869963,6.323154554343
3.09275793650794,0.418450129819879,0.287484487517958,1.61145075846153,6.32354647697407
3.09285714285714,0.418526729458572,0.287537287664616,1.61068012703803,6.32393837050142
3.09295634920635,0.418603143702947,0.287590098433787,1.60990986425301,6.32433023485995
3.09305555555556,0.418679372818786,0.287642919751356,1.60913996993044,6.32472206998458
3.09315476190476,0.418755417071713,0.287695751543257,1.60837044389435,6.32511387581028
3.09325396825397,0.418831276727196,0.287748593735473,1.60760128596886,6.32550565227207
3.09335317460317,0.418906952050547,0.287801446254035,1.60683249597815,6.32589739930502
3.09345238095238,0.418982443306921,0.287854309025025,1.60606407374648,6.32628911684424
3.09355158730159,0.419057750761316,0.287907181974573,1.60529601909819,6.32668080482488
3.09365079365079,0.419132874678572,0.287960065028856,1.60452833185769,6.32707246318214
3.09375,0.419207815323375,0.288012958114103,1.60376101184946,6.32746409185128
3.09384920634921,0.419282572960253,0.28806586115659,1.60299405889807,6.32785569076759
3.09394841269841,0.419357147853577,0.288118774082642,1.60222747282814,6.32824725986641
3.09404761904762,0.419431540267561,0.288171696818635,1.60146125346438,6.32863879908313
3.09414682539683,0.419505750466264,0.288224629290991,1.60069540063158,6.32903030835317
3.09424603174603,0.419579778713585,0.288277571426182,1.59992991415459,6.32942178761202
3.09434523809524,0.41965362527327,0.288330523150729,1.59916479385835,6.32981323679519
3.09444444444444,0.419727290408906,0.288383484391203,1.59840003956786,6.33020465583826
3.09454365079365,0.419800774383925,0.288436455074223,1.59763565110821,6.33059604467685
3.09464285714286,0.4198740774616,0.288489435126457,1.59687162830454,6.33098740324661
3.09474206349206,0.419947199905049,0.28854242447462,1.59610797098209,6.33137873148325
3.09484126984127,0.420020141977233,0.28859542304548,1.59534467896616,6.33177002932252
3.09494047619048,0.420092903940956,0.288648430765851,1.59458175208213,6.33216129670023
3.09503968253968,0.420165486058866,0.288701447562597,1.59381919015546,6.33255253355222
3.09513888888889,0.420237888593453,0.288754473362629,1.59305699301167,6.33294373981437
3.0952380952381,0.420310111807051,0.28880750809291,1.59229516047637,6.33333491542263
3.0953373015873,0.420382155961837,0.288860551680449,1.59153369237523,6.33372606031297
3.09543650793651,0.420454021319833,0.288913604052307,1.59077258853401,6.33411717442143
3.09553571428571,0.420525708142901,0.288966665135591,1.59001184877853,6.33450825768408
3.09563492063492,0.42059721669275,0.28901973485746,1.58925147293468,6.33489931003704
3.09573412698413,0.42066854723093,0.289072813145117,1.58849146082846,6.33529033141647
3.09583333333333,0.420739700018834,0.28912589992582,1.5877318122859,6.33568132175859
3.09593253968254,0.420810675317699,0.289178995126871,1.58697252713314,6.33607228099965
3.09603174603175,0.420881473388606,0.289232098675623,1.58621360519636,6.33646320907595
3.09613095238095,0.420952094492479,0.289285210499479,1.58545504630185,6.33685410592386
3.09623015873016,0.421022538890084,0.28933833052589,1.58469685027595,6.33724497147975
3.09632936507936,0.421092806842032,0.289391458682353,1.58393901694509,6.33763580568007
3.09642857142857,0.421162898608776,0.28944459489642,1.58318154613575,6.33802660846132
3.09652777777778,0.421232814450613,0.289497739095686,1.58242443767452,6.33841737976002
3.09662698412698,0.421302554627683,0.289550891207798,1.58166769138804,6.33880811951274
3.09672619047619,0.421372119399969,0.289604051160452,1.58091130710303,6.33919882765612
3.0968253968254,0.421441509027299,0.289657218881391,1.58015528464629,6.33958950412683
3.0969246031746,0.421510723769342,0.28971039429841,1.57939962384468,6.33998014886157
3.09702380952381,0.421579763885611,0.289763577339349,1.57864432452515,6.34037076179712
3.09712301587302,0.421648629635463,0.289816767932102,1.57788938651472,6.34076134287028
3.09722222222222,0.421717321278098,0.289869966004606,1.57713480964048,6.3411518920179
3.09732142857143,0.421785839072559,0.289923171484851,1.57638059372961,6.34154240917689
3.09742063492063,0.421854183277732,0.289976384300875,1.57562673860933,6.34193289428418
3.09751984126984,0.421922354152348,0.290029604380765,1.57487324410698,6.34232334727678
3.09761904761905,0.421990351954978,0.290082831652656,1.57412011004994,6.34271376809171
3.09771825396825,0.42205817694404,0.290136066044733,1.57336733626567,6.34310415666607
3.09781746031746,0.422125829377794,0.29018930748523,1.57261492258172,6.34349451293697
3.09791666666667,0.422193309514341,0.290242555902428,1.57186286882571,6.3438848368416
3.09801587301587,0.422260617611629,0.29029581122466,1.57111117482532,6.34427512831718
3.09811507936508,0.422327753927446,0.290349073380305,1.57035984040831,6.34466538730096
3.09821428571429,0.422394718719425,0.290402342297793,1.56960886540254,6.34505561373027
3.09831349206349,0.422461512245044,0.290455617905602,1.5688582496359,6.34544580754246
3.0984126984127,0.42252813476162,0.29050890013226,1.5681079929364,6.34583596867494
3.0985119047619,0.422594586526316,0.290562188906341,1.56735809513208,6.34622609706516
3.09861111111111,0.42266086779614,0.290615484156471,1.56660855605108,6.34661619265061
3.09871031746032,0.422726978827938,0.290668785811324,1.56585937552163,6.34700625536883
3.09880952380952,0.422792919878405,0.290722093799623,1.56511055337201,6.34739628515741
3.09890873015873,0.422858691204076,0.290775408050138,1.56436208943057,6.34778628195399
3.09900793650794,0.422924293061331,0.290828728491692,1.56361398352575,6.34817624569625
3.09910714285714,0.42298972570639,0.290882055053153,1.56286623548606,6.3485661763219
3.09920634920635,0.423054989395322,0.290935387663441,1.56211884514008,6.34895607376872
3.09930555555556,0.423120084384033,0.290988726251521,1.56137181231648,6.34934593797453
3.09940476190476,0.423185010928278,0.291042070746412,1.56062513684398,6.3497357688772
3.09950396825397,0.42324976928365,0.291095421077177,1.55987881855141,6.35012556641462
3.09960317460317,0.423314359705589,0.291148777172931,1.55913285726763,6.35051533052476
3.09970238095238,0.423378782449377,0.291202138962838,1.5583872528216,6.35090506114561
3.09980158730159,0.423443037770141,0.291255506376108,1.55764200504236,6.35129475821522
3.09990079365079,0.423507125922847,0.291308879342004,1.55689711375901,6.35168442167168
3.1,0.423571047162309,0.291362257789835,1.55615257880073,6.35207405145313
3.10009920634921,0.423634801743182,0.291415641648961,1.55540839999678,6.35246364749776
3.10019841269841,0.423698389919964,0.291469030848787,1.55466457717649,6.3528532097438
3.10029761904762,0.423761811946997,0.291522425318772,1.55392111016926,6.35324273812951
3.10039682539683,0.423825068078466,0.291575824988421,1.55317799880457,6.35363223259322
3.10049603174603,0.423888158568401,0.291629229787288,1.55243524291197,6.3540216930733
3.10059523809524,0.423951083670672,0.291682639644976,1.5516928423211,6.35441111950817
3.10069444444444,0.424013843638996,0.291736054491139,1.55095079686164,6.35480051183627
3.10079365079365,0.424076438726929,0.291789474255478,1.55020910636339,6.35518986999612
3.10089285714286,0.424138869187875,0.291842898867742,1.54946777065619,6.35557919392627
3.10099206349206,0.424201135275077,0.291896328257731,1.54872678956997,6.35596848356531
3.10109126984127,0.424263237241624,0.291949762355292,1.54798616293473,6.35635773885189
3.10119047619048,0.424325175340448,0.292003201090324,1.54724589058054,6.35674695972469
3.10128968253968,0.424386949824323,0.292056644392771,1.54650597233756,6.35713614612245
3.10138888888889,0.424448560945868,0.292110092192628,1.545766408036,6.35752529798395
3.10148809523809,0.424510008957544,0.29216354441994,1.54502719750617,6.35791441524802
3.1015873015873,0.424571294111656,0.292217001004799,1.54428834057843,6.35830349785352
3.10168650793651,0.424632416660352,0.292270461877347,1.54354983708325,6.35869254573938
3.10178571428571,0.424693376855622,0.292323926967773,1.54281168685113,6.35908155884455
3.10188492063492,0.424754174949302,0.292377396206318,1.54207388971268,6.35947053710805
3.10198412698413,0.424814811193069,0.29243086952327,1.54133644549857,6.35985948046894
3.10208333333333,0.424875285838445,0.292484346848966,1.54059935403955,6.3602483888663
3.10218253968254,0.424935599136795,0.292537828113793,1.53986261516642,6.3606372622393
3.10228174603175,0.424995751339325,0.292591313248186,1.5391262287101,6.36102610052713
3.10238095238095,0.425055742697087,0.292644802182628,1.53839019450154,6.36141490366902
3.10248015873016,0.425115573460975,0.292698294847653,1.5376545123718,6.36180367160425
3.10257936507937,0.425175243881727,0.292751791173843,1.53691918215199,6.36219240427216
3.10267857142857,0.425234754209924,0.292805291091828,1.5361842036733,6.36258110161213
3.10277777777778,0.42529410469599,0.292858794532288,1.53544957676701,6.36296976356358
3.10287698412698,0.425353295590193,0.292912301425953,1.53471530126445,6.36335839006597
3.10297619047619,0.425412327142642,0.292965811703599,1.53398137699705,6.36374698105882
3.1030753968254,0.425471199603294,0.293019325296053,1.53324780379628,6.36413553648169
3.1031746031746,0.425529913221944,0.293072842134191,1.53251458149372,6.36452405627418
3.10327380952381,0.425588468248234,0.293126362148938,1.53178170992102,6.36491254037595
3.10337301587302,0.425646864931647,0.293179885271265,1.53104918890988,6.3653009887267
3.10347222222222,0.42570510352151,0.293233411432196,1.53031701829209,6.36568940126616
3.10357142857143,0.425763184266995,0.293286940562803,1.52958519789952,6.36607777793413
3.10367063492063,0.425821107417115,0.293340472594204,1.52885372756411,6.36646611867044
3.10376984126984,0.425878873220728,0.293394007457569,1.52812260711786,6.36685442341497
3.10386904761905,0.425936481926533,0.293447545084117,1.52739183639287,6.36724269210765
3.10396825396825,0.425993933783074,0.293501085405113,1.5266614152213,6.36763092468846
3.10406746031746,0.426051229038739,0.293554628351874,1.52593134343539,6.3680191210974
3.10416666666667,0.426108367941758,0.293608173855764,1.52520162086745,6.36840728127455
3.10426587301587,0.426165350740204,0.293661721848197,1.52447224734986,6.36879540516002
3.10436507936508,0.426222177681994,0.293715272260636,1.52374322271508,6.36918349269396
3.10446428571429,0.426278849014888,0.293768825024592,1.52301454679565,6.36957154381657
3.10456349206349,0.426335364986491,0.293822380071627,1.52228621942418,6.36995955846811
3.1046626984127,0.426391725844248,0.293875937333348,1.52155824043335,6.37034753658885
3.1047619047619,0.426447931835449,0.293929496741414,1.52083060965592,6.37073547811916
3.10486111111111,0.426503983207229,0.293983058227532,1.52010332692473,6.3711233829994
3.10496031746032,0.426559880206563,0.29403662172346,1.51937639207267,6.37151125117002
3.10505952380952,0.426615623080272,0.294090187161001,1.51864980493274,6.37189908257148
3.10515873015873,0.426671212075019,0.294143754472009,1.51792356533799,6.37228687714432
3.10525793650794,0.42672664743731,0.294197323588389,1.51719767312156,6.3726746348291
3.10535714285714,0.426781929413496,0.294250894442091,1.51647212811663,6.37306235556644
3.10545634920635,0.426837058249768,0.294304466965116,1.51574693015651,6.37345003929699
3.10555555555556,0.426892034192165,0.294358041089513,1.51502207907454,6.37383768596147
3.10565476190476,0.426946857486564,0.294411616747383,1.51429757470415,6.37422529550062
3.10575396825397,0.42700152837869,0.294465193870871,1.51357341687884,6.37461286785525
3.10585317460317,0.427056047114109,0.294518772392175,1.5128496054322,6.37500040296619
3.10595238095238,0.42711041393823,0.29457235224354,1.51212614019788,6.37538790077434
3.10605158730159,0.427164629096306,0.29462593335726,1.5114030210096,6.37577536122064
3.10615079365079,0.427218692833433,0.294679515665678,1.51068024770117,6.37616278424607
3.10625,0.427272605394551,0.294733099101187,1.50995782010646,6.37655016979165
3.10634920634921,0.427326367024441,0.294786683596228,1.50923573805943,6.37693751779845
3.10644841269841,0.427379977967732,0.294840269083291,1.50851400139409,6.3773248282076
3.10654761904762,0.427433438468891,0.294893855494914,1.50779260994456,6.37771210096026
3.10664682539683,0.427486748772231,0.294947442763685,1.50707156354501,6.37809933599765
3.10674603174603,0.427539909121909,0.295001030822242,1.50635086202967,6.37848653326102
3.10684523809524,0.427592919761923,0.295054619603271,1.50563050523289,6.37887369269167
3.10694444444444,0.427645780936116,0.295108209039504,1.50491049298905,6.37926081423095
3.10704365079365,0.427698492888173,0.295161799063727,1.50419082513263,6.37964789782026
3.10714285714286,0.427751055861625,0.295215389608772,1.50347150149819,6.38003494340103
3.10724206349206,0.427803470099842,0.29526898060752,1.50275252192033,6.38042195091476
3.10734126984127,0.427855735846041,0.295322571992901,1.50203388623376,6.38080892030297
3.10744047619048,0.427907853343281,0.295376163697895,1.50131559427324,6.38119585150725
3.10753968253968,0.427959822834464,0.295429755655531,1.50059764587363,6.38158274446921
3.10763888888889,0.428011644562335,0.295483347798884,1.49988004086984,6.38196959913053
3.1077380952381,0.428063318769484,0.295536940061081,1.49916277909687,6.38235641543292
3.1078373015873,0.428114845698341,0.295590532375298,1.49844586038978,6.38274319331815
3.10793650793651,0.428166225591184,0.295644124674757,1.49772928458373,6.38312993272802
3.10803571428571,0.42821745869013,0.295697716892732,1.49701305151393,6.38351663360438
3.10813492063492,0.428268545237142,0.295751308962545,1.49629716101567,6.38390329588914
3.10823412698413,0.428319485474024,0.295804900817566,1.49558161292432,6.38428991952423
3.10833333333333,0.428370279642427,0.295858492391215,1.49486640707532,6.38467650445166
3.10843253968254,0.42842092798384,0.29591208361696,1.49415154330419,6.38506305061345
3.10853174603175,0.428471430739599,0.295965674428318,1.49343702144652,6.38544955795169
3.10863095238095,0.428521788150883,0.296019264758857,1.49272284133797,6.38583602640851
3.10873015873016,0.428572000458714,0.296072854542192,1.4920090028143,6.38622245592608
3.10882936507937,0.428622067903957,0.296126443711986,1.4912955057113,6.38660884644663
3.10892857142857,0.428671990727319,0.296180032201952,1.49058234986487,6.38699519791241
3.10902777777778,0.428721769169353,0.296233619945854,1.48986953511096,6.38738151026574
3.10912698412698,0.428771403470454,0.296287206877502,1.48915706128564,6.38776778344898
3.10922619047619,0.428820893870859,0.296340792930755,1.488444928225,6.38815401740453
3.1093253968254,0.42887024061065,0.296394378039523,1.48773313576523,6.38854021207484
3.1094246031746,0.428919443929753,0.296447962137764,1.48702168374259,6.38892636740241
3.10952380952381,0.428968504067934,0.296501545159483,1.48631057199343,6.38931248332978
3.10962301587302,0.429017421264806,0.296555127038737,1.48559980035414,6.38969855979953
3.10972222222222,0.429066195759823,0.29660870770963,1.48488936866122,6.3900845967543
3.10982142857143,0.429114827792283,0.296662287106317,1.48417927675123,6.39047059413677
3.10992063492063,0.429163317601327,0.296715865162998,1.4834695244608,6.39085655188966
3.11001984126984,0.42921166542594,0.296769441813926,1.48276011162664,6.39124246995574
3.11011904761905,0.42925987150495,0.2968230169934,1.48205103808553,6.39162834827783
3.11021825396825,0.429307936077027,0.296876590635771,1.48134230367434,6.39201418679879
3.11031746031746,0.429355859380687,0.296930162675435,1.48063390822999,6.39239998546152
3.11041666666667,0.429403641654287,0.29698373304684,1.4799258515895,6.392785744209
3.11051587301587,0.429451283136028,0.297037301684483,1.47921813358993,6.39317146298421
3.11061507936508,0.429498784063953,0.297090868522907,1.47851075406846,6.39355714173019
3.11071428571429,0.429546144675952,0.297144433496706,1.47780371286232,6.39394278039005
3.11081349206349,0.429593365209754,0.297197996540524,1.4770970098088,6.39432837890691
3.1109126984127,0.429640445902934,0.297251557589052,1.47639064474529,6.39471393722397
3.1110119047619,0.42968738699291,0.297305116577031,1.47568461750924,6.39509945528444
3.11111111111111,0.429734188716941,0.297358673439249,1.47497892793818,6.39548493303162
3.11121031746032,0.429780851312133,0.297412228110547,1.47427357586972,6.39587037040881
3.11130952380952,0.429827375015433,0.29746578052581,1.47356856114152,6.39625576735938
3.11140873015873,0.42987376006363,0.297519330619975,1.47286388359136,6.39664112382675
3.11150793650794,0.429920006693359,0.297572878328027,1.47215954305705,6.39702643975438
3.11160714285714,0.429966115141098,0.297626423585001,1.47145553937649,6.39741171508577
3.11170634920635,0.430012085643166,0.297679966325979,1.47075187238767,6.39779694976446
3.11180555555556,0.430057918435727,0.297733506486094,1.47004854192863,6.39818214373407
3.11190476190476,0.43010361375479,0.297787044000526,1.46934554783749,6.39856729693822
3.11200396825397,0.430149171836204,0.297840578804505,1.46864288995246,6.39895240932061
3.11210317460317,0.430194592915662,0.29789411083331,1.46794056811182,6.39933748082497
3.11220238095238,0.430239877228702,0.297947640022269,1.46723858215391,6.39972251139508
3.11230158730159,0.430285025010703,0.298001166306758,1.46653693191715,6.40010750097476
3.11240079365079,0.430330036496891,0.298054689622203,1.46583561724005,6.40049244950789
3.1125,0.43037491192233,0.298108209904078,1.46513463796117,6.40087735693839
3.11259920634921,0.430419651521932,0.298161727087906,1.46443399391917,6.40126222321021
3.11269841269841,0.43046425553045,0.29821524110926,1.46373368495276,6.40164704826737
3.11279761904762,0.430508724182481,0.298268751903762,1.46303371090073,6.40203183205392
3.11289682539683,0.430553057712464,0.298322259407081,1.46233407160198,6.40241657451396
3.11299603174603,0.430597256354683,0.298375763554936,1.46163476689543,6.40280127559165
3.11309523809524,0.430641320343265,0.298429264283095,1.46093579662011,6.40318593523116
3.11319444444444,0.430685249912179,0.298482761527375,1.46023716061511,6.40357055337674
3.11329365079365,0.430729045295238,0.298536255223643,1.4595388587196,6.40395512997268
3.11339285714286,0.4307727067261,0.298589745307813,1.45884089077283,6.4043396649633
3.11349206349206,0.430816234438264,0.298643231715848,1.45814325661411,6.40472415829298
3.11359126984127,0.430859628665072,0.298696714383761,1.45744595608283,6.40510860990615
3.11369047619048,0.430902889639712,0.298750193247614,1.45674898901847,6.40549301974726
3.11378968253968,0.430946017595213,0.298803668243518,1.45605235526056,6.40587738776083
3.11388888888889,0.430989012764447,0.298857139307631,1.45535605464872,6.40626171389143
3.1139880952381,0.431031875380131,0.298910606376162,1.45466008702265,6.40664599808365
3.1140873015873,0.431074605674826,0.298964069385368,1.4539644522221,6.40703024028216
3.11418650793651,0.431117203880932,0.299017528271556,1.45326915008692,6.40741444043164
3.11428571428571,0.431159670230697,0.29907098297108,1.45257418045701,6.40779859847684
3.11438492063492,0.43120200495621,0.299124433420345,1.45187954317238,6.40818271436255
3.11448412698413,0.431244208289404,0.299177879555803,1.45118523807308,6.40856678803359
3.11458333333333,0.431286280462054,0.299231321313956,1.45049126499925,6.40895081943487
3.11468253968254,0.431328221705779,0.299284758631356,1.44979762379111,6.40933480851129
3.11478174603175,0.431370032252044,0.299338191444602,1.44910431428894,6.40971875520783
3.11488095238095,0.431411712332152,0.299391619690342,1.4484113363331,6.41010265946951
3.11498015873016,0.431453262177254,0.299445043305275,1.44771868976403,6.4104865212414
3.11507936507937,0.431494682018342,0.299498462226146,1.44702637442224,6.4108703404686
3.11517857142857,0.431535972086251,0.299551876389751,1.44633439014831,6.41125411709626
3.11527777777778,0.431577132611661,0.299605285732935,1.44564273678292,6.4116378510696
3.11537698412698,0.431618163825094,0.29965869019259,1.44495141416678,6.41202154233386
3.11547619047619,0.431659065956915,0.299712089705659,1.44426042214071,6.41240519083433
3.1155753968254,0.431699839237334,0.299765484209134,1.44356976054559,6.41278879651634
3.1156746031746,0.431740483896402,0.299818873640053,1.44287942922238,6.4131723593253
3.11577380952381,0.431781000164016,0.299872257935507,1.44218942801211,6.41355587920662
3.11587301587302,0.431821388269913,0.299925637032633,1.44149975675589,6.41393935610578
3.11597222222222,0.431861648443677,0.299979010868617,1.4408104152949,6.41432278996831
3.11607142857143,0.431901780914731,0.300032379380696,1.4401214034704,6.41470618073978
3.11617063492063,0.431941785912346,0.300085742506154,1.43943272112372,6.41508952836579
3.11626984126984,0.431981663665632,0.300139100182326,1.43874436809627,6.41547283279201
3.11636904761905,0.432021414403546,0.300192452346592,1.43805634422951,6.41585609396415
3.11646825396825,0.432061038354886,0.300245798936386,1.43736864936501,6.41623931182795
3.11656746031746,0.432100535748293,0.300299139889187,1.4366812833444,6.41662248632922
3.11666666666667,0.432139906812252,0.300352475142525,1.43599424600938,6.4170056174138
3.11676587301587,0.432179151775093,0.300405804633977,1.43530753720172,6.41738870502758
3.11686507936508,0.432218270864986,0.300459128301171,1.43462115676329,6.41777174911649
3.11696428571429,0.432257264309947,0.300512446081783,1.433935104536,6.41815474962651
3.11706349206349,0.432296132337834,0.300565757913539,1.43324938036186,6.41853770650368
3.1171626984127,0.432334875176348,0.300619063734211,1.43256398408295,6.41892061969406
3.11726190476191,0.432373493053036,0.300672363481624,1.4318789155414,6.41930348914378
3.11736111111111,0.432411986195283,0.300725657093647,1.43119417457947,6.419686314799
3.11746031746032,0.432450354830323,0.300778944508204,1.43050976103943,6.42006909660592
3.11755952380952,0.432488599185229,0.300832225663262,1.42982567476367,6.42045183451081
3.11765873015873,0.432526719486921,0.300885500496841,1.42914191559463,6.42083452845998
3.11775793650794,0.432564715962158,0.300938768947007,1.42845848337483,6.42121717839975
3.11785714285714,0.432602588837546,0.300992030951879,1.42777537794688,6.42159978427654
3.11795634920635,0.432640338339533,0.30104528644962,1.42709259915345,6.42198234603678
3.11805555555556,0.43267796469441,0.301098535378445,1.42641014683728,6.42236486362696
3.11815476190476,0.432715468128312,0.301151777676618,1.4257280208412,6.4227473369936
3.11825396825397,0.432752848867215,0.301205013282449,1.4250462210081,6.4231297660833
3.11835317460317,0.432790107136942,0.301258242134301,1.42436474718095,6.42351215084266
3.11845238095238,0.432827243163156,0.301311464170584,1.4236835992028,6.42389449121836
3.11855158730159,0.432864257171366,0.301364679329755,1.42300277691676,6.42427678715711
3.11865079365079,0.432901149386922,0.301417887550324,1.42232228016604,6.42465903860568
3.11875,0.432937920035019,0.301471088770847,1.42164210879389,6.42504124551087
3.11884920634921,0.432974569340693,0.301524282929929,1.42096226264368,6.42542340781954
3.11894841269841,0.433011097528826,0.301577469966225,1.4202827415588,6.42580552547858
3.11904761904762,0.433047504824143,0.301630649818439,1.41960354538275,6.42618759843494
3.11914682539683,0.43308379145121,0.301683822425322,1.41892467395911,6.42656962663561
3.11924603174603,0.433119957634438,0.301736987725677,1.4182461271315,6.42695161002762
3.11934523809524,0.433156003598081,0.301790145658353,1.41756790474366,6.42733354855805
3.11944444444444,0.433191929566237,0.301843296162251,1.41689000663936,6.42771544217405
3.11954365079365,0.433227735762846,0.301896439176318,1.41621243266247,6.42809729082277
3.11964285714286,0.433263422411691,0.30194957463955,1.41553518265694,6.42847909445145
3.11974206349206,0.433298989736401,0.302002702490994,1.41485825646678,6.42886085300733
3.11984126984127,0.433334437960445,0.302055822669746,1.41418165393607,6.42924256643774
3.11994047619048,0.433369767307138,0.302108935114948,1.41350537490899,6.42962423469004
3.12003968253968,0.433404977999636,0.302162039765794,1.41282941922976,6.43000585771162
3.12013888888889,0.433440070260939,0.302215136561525,1.41215378674269,6.43038743544993
3.1202380952381,0.433475044313892,0.302268225441432,1.41147847729218,6.43076896785248
3.1203373015873,0.433509900381182,0.302321306344855,1.4108034907227,6.4311504548668
3.12043650793651,0.433544638685337,0.302374379211181,1.41012882687876,6.43153189644047
3.12053571428571,0.433579259448733,0.302427443979848,1.40945448560499,6.43191329252114
3.12063492063492,0.433613762893585,0.302480500590344,1.40878046674607,6.43229464305647
3.12073412698413,0.433648149241954,0.302533548982201,1.40810677014676,6.4326759479942
3.12083333333333,0.433682418715744,0.302586589095006,1.40743339565189,6.43305720728209
3.12093253968254,0.4337165715367,0.302639620868392,1.40676034310637,6.43343842086796
3.12103174603175,0.433750607926414,0.302692644242039,1.40608761235518,6.43381958869967
3.12113095238095,0.433784528106317,0.302745659155679,1.40541520324339,6.43420071072513
3.12123015873016,0.433818332297687,0.302798665549092,1.40474311561612,6.43458178689229
3.12132936507937,0.433852020721644,0.302851663362107,1.40407134931859,6.43496281714915
3.12142857142857,0.43388559359915,0.302904652534601,1.40339990419607,6.43534380144376
3.12152777777778,0.433919051151013,0.302957633006501,1.40272878009391,6.43572473972421
3.12162698412698,0.433952393597881,0.303010604717783,1.40205797685756,6.43610563193863
3.12172619047619,0.433985621160249,0.303063567608471,1.4013874943325,6.43648647803522
3.1218253968254,0.434018734058451,0.303116521618639,1.40071733236433,6.43686727796219
3.1219246031746,0.434051732512668,0.303169466688408,1.4000474907987,6.43724803166782
3.12202380952381,0.434084616742923,0.303222402757951,1.39937796948134,6.43762873910043
3.12212301587302,0.434117386969082,0.303275329767487,1.39870876825804,6.43800940020839
3.12222222222222,0.434150043410854,0.303328247657285,1.39803988697469,6.43839001494012
3.12232142857143,0.434182586287792,0.303381156367664,1.39737132547725,6.43877058324406
3.12242063492064,0.434215015819292,0.303434055838991,1.39670308361172,6.43915110506873
3.12251984126984,0.434247332224594,0.303486946011681,1.39603516122422,6.43953158036267
3.12261904761905,0.43427953572278,0.303539826826199,1.39536755816093,6.43991200907448
3.12271825396825,0.434311626532775,0.303592698223058,1.39470027426809,6.4402923911528
3.12281746031746,0.434343604873351,0.303645560142823,1.39403330939203,6.44067272654632
3.12291666666667,0.434375470963118,0.303698412526104,1.39336666337915,6.44105301520377
3.12301587301587,0.434407225020532,0.303751255313561,1.39270033607592,6.44143325707393
3.12311507936508,0.434438867263893,0.303804088445905,1.39203432732889,6.44181345210562
3.12321428571429,0.434470397911344,0.303856911863893,1.39136863698468,6.44219360024773
3.12331349206349,0.434501817180869,0.303909725508333,1.39070326488999,6.44257370144916
3.1234126984127,0.434533125290298,0.303962529320081,1.3900382108916,6.44295375565887
3.1235119047619,0.434564322457303,0.304015323240042,1.38937347483635,6.44333376282588
3.12361111111111,0.4345954088994,0.304068107209171,1.38870905657116,6.44371372289923
3.12371031746032,0.434626384833947,0.304120881168469,1.38804495594302,6.44409363582804
3.12380952380952,0.434657250478147,0.30417364505899,1.38738117279902,6.44447350156144
3.12390873015873,0.434688006049045,0.304226398821835,1.38671770698628,6.44485332004863
3.12400793650794,0.43471865176353,0.304279142398152,1.38605455835203,6.44523309123885
3.12410714285714,0.434749187838333,0.30433187572914,1.38539172674358,6.44561281508138
3.12420634920635,0.434779614490031,0.304384598756047,1.38472921200827,6.44599249152554
3.12430555555556,0.434809931935041,0.30443731142017,1.38406701399357,6.44637212052072
3.12440476190476,0.434840140389626,0.304490013662855,1.38340513254697,6.44675170201633
3.12450396825397,0.434870240069891,0.304542705425495,1.38274356751609,6.44713123596185
3.12460317460317,0.434900231191785,0.304595386649533,1.38208231874858,6.44751072230679
3.12470238095238,0.434930113971098,0.304648057276463,1.38142138609218,6.4478901610007
3.12480158730159,0.434959888623467,0.304700717247826,1.38076076939471,6.44826955199319
3.12490079365079,0.434989555364369,0.30475336650521,1.38010046850406,6.44864889523391
3.125,0.435019114409126,0.304806004990256,1.3794404832682,6.44902819067256
3.12509920634921,0.435048565972904,0.304858632644651,1.37878081353517,6.44940743825888
3.12519841269841,0.43507791027071,0.304911249410133,1.37812145915307,6.44978663794265
3.12529761904762,0.435107147517396,0.304963855228486,1.3774624199701,6.45016578967372
3.12539682539683,0.435136277927656,0.305016450041547,1.37680369583451,6.45054489340197
3.12549603174603,0.43516530171603,0.305069033791198,1.37614528659466,6.45092394907731
3.12559523809524,0.435194219096897,0.305121606419372,1.37548719209895,6.45130295664971
3.12569444444444,0.435223030284484,0.30517416786805,1.37482941219586,6.45168191606921
3.12579365079365,0.435251735492858,0.305226718079263,1.37417194673396,6.45206082728586
3.12589285714286,0.435280334935929,0.30527925699509,1.37351479556189,6.45243969024977
3.12599206349206,0.435308828827454,0.30533178455766,1.37285795852834,6.45281850491109
3.12609126984127,0.435337217381029,0.30538430070915,1.37220143548212,6.45319727122003
3.12619047619048,0.435365500810097,0.305436805391786,1.37154522627207,6.45357598912684
3.12628968253968,0.43539367932794,0.305489298547842,1.37088933074713,6.4539546585818
3.12638888888889,0.435421753147688,0.305541780119644,1.37023374875631,6.45433327953526
3.1264880952381,0.43544972248231,0.305594250049563,1.3695784801487,6.4547118519376
3.1265873015873,0.435477587544622,0.305646708280022,1.36892352477344,6.45509037573925
3.12668650793651,0.435505348547281,0.305699154753491,1.36826888247978,6.45546885089068
3.12678571428571,0.435533005702788,0.30575158941249,1.36761455311701,6.45584727734243
3.12688492063492,0.435560559223488,0.305804012199588,1.36696053653452,6.45622565504505
3.12698412698413,0.435588009321566,0.305856423057403,1.36630683258177,6.45660398394916
3.12708333333333,0.435615356209056,0.305908821928599,1.36565344110829,6.45698226400543
3.12718253968254,0.435642600097829,0.305961208755894,1.36500036196368,6.45736049516455
3.12728174603175,0.435669741199605,0.306013583482051,1.36434759499761,6.45773867737727
3.12738095238095,0.435696779725943,0.306065946049884,1.36369514005985,6.45811681059441
3.12748015873016,0.435723715888248,0.306118296402254,1.36304299700022,6.45849489476679
3.12757936507936,0.435750549897766,0.306170634482073,1.36239116566862,6.45887292984531
3.12767857142857,0.435777281965589,0.306222960232301,1.36173964591503,6.4592509157809
3.12777777777778,0.43580391230265,0.306275273595947,1.36108843758951,6.45962885252455
3.12787698412698,0.435830441119726,0.306327574516068,1.36043754054218,6.46000674002727
3.12797619047619,0.435856868627438,0.306379862935771,1.35978695462324,6.46038457824015
3.1280753968254,0.435883195036249,0.306432138798213,1.35913667968297,6.4607623671143
3.1281746031746,0.435909420556466,0.306484402046597,1.35848671557171,6.46114010660089
3.12827380952381,0.435935545398241,0.306536652624177,1.3578370621399,6.46151779665112
3.12837301587302,0.435961569771565,0.306588890474257,1.35718771923802,6.46189543721625
3.12847222222222,0.435987493886277,0.306641115540186,1.35653868671666,6.46227302824759
3.12857142857143,0.436013317952056,0.306693327765365,1.35588996442646,6.46265056969648
3.12867063492063,0.436039042178426,0.306745527093245,1.35524155221815,6.46302806151431
3.12876984126984,0.436064666488686,0.306797713599896,1.35459344984481,6.46340550378968
3.12886904761905,0.436090190722056,0.306849887395675,1.35394565705599,6.46378289664578
3.12896825396825,0.43611561498934,0.306902048462615,1.35329817370726,6.46416024007258
3.12906746031746,0.436140939401397,0.306954196782711,1.35265099965425,6.46453753406004
3.12916666666667,0.436166164069058,0.307006332337959,1.35200413475267,6.46491477859809
3.12926587301587,0.43619128910313,0.307058455110355,1.35135757885826,6.46529197367667
3.12936507936508,0.436216314614395,0.307110565081896,1.35071133182682,6.46566911928572
3.12946428571429,0.436241240713609,0.30716266223458,1.3500653935142,6.46604621541517
3.12956349206349,0.436266067511503,0.307214746550404,1.34941976377633,6.46642326205495
3.1296626984127,0.436290795118782,0.307266818011365,1.34877444246915,6.466800259195
3.1297619047619,0.436315423646127,0.307318876599462,1.34812942944868,6.46717720682525
3.12986111111111,0.436339953204192,0.307370922296693,1.34748472457099,6.46755410493561
3.12996031746032,0.436364383903606,0.307422955085057,1.3468403276922,6.46793095351602
3.13005952380952,0.436388715854973,0.307474974946552,1.34619623866849,6.46830775255639
3.13015873015873,0.436412949168873,0.307526981863179,1.34555245735609,6.46868450204665
3.13025793650794,0.436437083955858,0.307578975816938,1.34490898361127,6.46906120197671
3.13035714285714,0.436461120326456,0.307630956789827,1.34426581729038,6.46943785233649
3.13045634920635,0.43648505839117,0.307682924763848,1.34362295824979,6.4698144531159
3.13055555555556,0.436508898260476,0.307734879721002,1.34298040634595,6.47019100430485
3.13065476190476,0.436532640044827,0.307786821643289,1.34233816143536,6.47056750589326
3.13075396825397,0.436556283854649,0.307838750512712,1.34169622337456,6.47094395787103
3.13085317460317,0.436579829800343,0.30789066631127,1.34105459202015,6.47132036022805
3.13095238095238,0.436603277992284,0.307942569020968,1.3404132672288,6.47169671295425
3.13105158730159,0.436626628540824,0.307994458623807,1.3397722488572,6.47207301603951
3.13115079365079,0.436649881556286,0.30804633510179,1.33913153676211,6.47244926947374
3.13125,0.43667303714897,0.30809819843692,1.33849113080036,6.47282547324683
3.13134920634921,0.436696095429152,0.308150048611201,1.3378510308288,6.47320162734868
3.13144841269841,0.436719056507078,0.308201885606636,1.33721123670437,6.47357773176918
3.13154761904762,0.436741920492973,0.308253709405229,1.33657174828403,6.47395378649822
3.13164682539683,0.436764687497035,0.308305519988985,1.33593256542481,6.47432979152568
3.13174603174603,0.436787357629437,0.308357317339908,1.33529368798379,6.47470574684146
3.13184523809524,0.436809931000325,0.308409101440004,1.33465511581811,6.47508165243544
3.13194444444444,0.436832407719823,0.308460872271279,1.33401684878496,6.47545750829749
3.13204365079365,0.436854787898026,0.308512629815737,1.33337888674156,6.47583331441751
3.13214285714286,0.436877071645006,0.308564374055385,1.33274122954523,6.47620907078536
3.13224206349206,0.436899259070808,0.308616104972229,1.3321038770533,6.47658477739092
3.13234126984127,0.436921350285454,0.308667822548276,1.33146682912317,6.47696043422406
3.13244047619048,0.436943345398938,0.308719526765534,1.33083008561231,6.47733604127467
3.13253968253968,0.43696524452123,0.308771217606009,1.33019364637821,6.47771159853259
3.13263888888889,0.436987047762274,0.308822895051709,1.32955751127844,6.47808710598771
3.13273809523809,0.43700875523199,0.308874559084642,1.32892168017062,6.47846256362989
3.1328373015873,0.437030367040271,0.308926209686818,1.32828615291239,6.47883797144898
3.13293650793651,0.437051883296985,0.308977846840244,1.3276509293615,6.47921332943486
3.13303571428571,0.437073304111976,0.30902947052693,1.32701600937571,6.47958863757737
3.13313492063492,0.43709462959506,0.309081080728885,1.32638139281284,6.47996389586638
3.13323412698413,0.437115859856031,0.309132677428118,1.32574707953079,6.48033910429174
3.13333333333333,0.437136995004654,0.30918426060664,1.32511306938748,6.4807142628433
3.13343253968254,0.437158035150672,0.309235830246462,1.32447936224089,6.48108937151091
3.13353174603175,0.437178980403801,0.309287386329594,1.32384595794907,6.48146443028442
3.13363095238095,0.43719983087373,0.309338928838047,1.32321285637012,6.48183943915367
3.13373015873016,0.437220586670126,0.309390457753832,1.32258005736217,6.48221439810852
3.13382936507937,0.437241247902628,0.309441973058961,1.32194756078343,6.48258930713879
3.13392857142857,0.437261814680852,0.309493474735447,1.32131536649216,6.48296416623433
3.13402777777778,0.437282287114386,0.309544962765302,1.32068347434665,6.48333897538499
3.13412698412698,0.437302665312794,0.309596437130538,1.32005188420527,6.48371373458058
3.13422619047619,0.437322949385615,0.309647897813168,1.31942059592643,6.48408844381095
3.1343253968254,0.437343139442361,0.309699344795207,1.31878960936859,6.48446310306593
3.1344246031746,0.437363235592521,0.309750778058667,1.31815892439028,6.48483771233534
3.13452380952381,0.437383237945558,0.309802197585563,1.31752854085008,6.48521227160901
3.13462301587302,0.437403146610907,0.309853603357909,1.3168984586066,6.48558678087677
3.13472222222222,0.437422961697981,0.30990499535772,1.31626867751852,6.48596124012844
3.13482142857143,0.437442683316166,0.309956373567011,1.31563919744458,6.48633564935384
3.13492063492063,0.437462311574823,0.310007737967798,1.31501001824356,6.48671000854279
3.13501984126984,0.437481846583287,0.310059088542095,1.31438113977431,6.48708431768511
3.13511904761905,0.437501288450869,0.31011042527192,1.31375256189571,6.4874585767706
3.13521825396825,0.437520637286854,0.310161748139289,1.31312428446672,6.48783278578908
3.13531746031746,0.4375398932005,0.310213057126217,1.31249630734633,6.48820694473037
3.13541666666667,0.437559056301043,0.310264352214723,1.31186863039359,6.48858105358426
3.13551587301587,0.43757812669769,0.310315633386824,1.3112412534676,6.48895511234057
3.13561507936508,0.437597104499625,0.310366900624537,1.31061417642754,6.4893291209891
3.13571428571429,0.437615989816007,0.310418153909881,1.30998739913261,6.48970307951964
3.13581349206349,0.437634782755967,0.310469393224874,1.30936092144207,6.49007698792201
3.1359126984127,0.437653483428613,0.310520618551534,1.30873474321525,6.49045084618599
3.1360119047619,0.437672091943027,0.310571829871881,1.30810886431152,6.49082465430138
3.13611111111111,0.437690608408266,0.310623027167935,1.3074832845903,6.49119841225797
3.13621031746032,0.437709032933359,0.310674210421714,1.30685800391108,6.49157212004556
3.13630952380952,0.437727365627314,0.310725379615239,1.30623302213337,6.49194577765394
3.13640873015873,0.437745606599111,0.31077653473053,1.30560833911678,6.49231938507288
3.13650793650794,0.437763755957705,0.310827675749609,1.30498395472094,6.49269294229218
3.13660714285714,0.437781813812024,0.310878802654496,1.30435986880553,6.49306644930162
3.13670634920635,0.437799780270975,0.310929915427212,1.30373608123031,6.49343990609098
3.13680555555556,0.437817655443435,0.310981014049779,1.30311259185507,6.49381331265003
3.13690476190476,0.437835439438258,0.31103209850422,1.30248940053967,6.49418666896855
3.13700396825397,0.437853132364272,0.311083168772556,1.30186650714402,6.49455997503633
3.13710317460317,0.437870734330281,0.311134224836811,1.30124391152806,6.49493323084311
3.13720238095238,0.437888245445061,0.311185266679007,1.30062161355181,6.49530643637869
3.13730158730159,0.437905665817365,0.311236294281169,1.29999961307534,6.49567959163283
3.13740079365079,0.437922995555919,0.311287307625318,1.29937790995876,6.49605269659528
3.1375,0.437940234769425,0.31133830669348,1.29875650406225,6.49642575125582
3.13759920634921,0.437957383566559,0.311389291467679,1.29813539524603,6.4967987556042
3.13769841269841,0.437974442055972,0.31144026192994,1.29751458337038,6.49717170963019
3.13779761904762,0.437991410346287,0.311491218062288,1.29689406829564,6.49754461332354
3.13789682539683,0.438008288546107,0.311542159846748,1.29627384988217,6.49791746667401
3.13799603174603,0.438025076764004,0.311593087265345,1.29565392799043,6.49829026967135
3.13809523809524,0.438041775108529,0.311644000300107,1.29503430248091,6.49866302230532
3.13819444444444,0.438058383688205,0.311694898933059,1.29441497321414,6.49903572456565
3.13829365079365,0.438074902611529,0.311745783146228,1.29379594005074,6.4994083764421
3.13839285714286,0.438091331986977,0.311796652921641,1.29317720285134,6.4997809779244
3.13849206349206,0.438107671922994,0.311847508241325,1.29255876147665,6.50015352900232
3.13859126984127,0.438123922528004,0.311898349087309,1.29194061578744,6.50052602966557
3.13869047619048,0.438140083910403,0.311949175441619,1.29132276564451,6.50089847990391
3.13878968253968,0.438156156178563,0.311999987286286,1.29070521090872,6.50127087970706
3.13888888888889,0.43817213944083,0.312050784603336,1.290087951441,6.50164322906477
3.1389880952381,0.438188033805524,0.3121015673748,1.28947098710231,6.50201552796676
3.1390873015873,0.438203839380942,0.312152335582707,1.28885431775369,6.50238777640276
3.13918650793651,0.438219556275354,0.312203089209086,1.2882379432562,6.5027599743625
3.13928571428571,0.438235184597004,0.312253828235967,1.28762186347098,6.50313212183571
3.13938492063492,0.438250724454111,0.312304552645381,1.28700607825921,6.5035042188121
3.13948412698413,0.43826617595487,0.312355262419359,1.28639058748213,6.50387626528141
3.13958333333333,0.438281539207449,0.312405957539932,1.28577539100103,6.50424826123335
3.13968253968254,0.438296814319991,0.31245663798913,1.28516048867726,6.50462020665764
3.13978174603175,0.438312001400614,0.312507303748986,1.2845458803722,6.50499210154398
3.13988095238095,0.438327100557412,0.312557954801532,1.28393156594732,6.5053639458821
3.13998015873016,0.43834211189845,0.3126085911288,1.28331754526412,6.5057357396617
3.14007936507937,0.438357035531771,0.312659212712822,1.28270381818414,6.5061074828725
3.14017857142857,0.438371871565391,0.312709819535632,1.28209038456901,6.5064791755042
3.14027777777778,0.438386620107301,0.312760411579264,1.28147724428039,6.5068508175465
3.14037698412698,0.438401281265467,0.31281098882575,1.28086439717999,6.50722240898911
3.14047619047619,0.438415855147829,0.312861551257126,1.28025184312959,6.50759394982172
3.1405753968254,0.438430341862302,0.312912098855424,1.27963958199101,6.50796544003404
3.1406746031746,0.438444741516776,0.312962631602681,1.27902761362612,6.50833687961576
3.14077380952381,0.438459054219115,0.31301314948093,1.27841593789685,6.50870826855657
3.14087301587302,0.438473280077157,0.313063652472208,1.2778045546652,6.50907960684617
3.14097222222222,0.438487419198716,0.31311414055855,1.27719346379319,6.50945089447425
3.14107142857143,0.438501471691581,0.313164613721992,1.27658266514291,6.50982213143049
3.14117063492063,0.438515437663514,0.313215071944571,1.27597215857652,6.51019331770457
3.14126984126984,0.438529317222252,0.313265515208322,1.2753619439562,6.51056445328619
3.14136904761905,0.438543110475507,0.313315943495284,1.2747520211442,6.51093553816502
3.14146825396825,0.438556817530966,0.313366356787494,1.27414239000284,6.51130657233074
3.14156746031746,0.43857043849629,0.313416755066988,1.27353305039446,6.51167755577303
3.14166666666667,0.438583973479116,0.313467138315806,1.27292400218148,6.51204848848156
3.14176587301587,0.438597422587053,0.313517506515986,1.27231524522635,6.51241937044601
3.14186507936508,0.438610785927686,0.313567859649566,1.2717067793916,6.51279020165604
3.14196428571429,0.438624063608577,0.313618197698585,1.27109860453979,6.51316098210133
3.14206349206349,0.438637255737258,0.313668520645083,1.27049072053355,6.51353171177154
3.1421626984127,0.438650362421239,0.313718828471099,1.26988312723556,6.51390239065634
3.1422619047619,0.438663383768004,0.313769121158674,1.26927582450853,6.51427301874538
3.14236111111111,0.43867631988501,0.313819398689847,1.26866881221527,6.51464359602833
3.14246031746032,0.438689170879692,0.31386966104666,1.26806209021859,6.51501412249484
3.14255952380952,0.438701936859456,0.313919908211154,1.2674556583814,6.51538459813458
3.14265873015873,0.438714617931685,0.31397014016537,1.26684951656663,6.51575502293719
3.14275793650794,0.438727214203735,0.314020356891348,1.26624366463728,6.51612539689232
3.14285714285714,0.438739725782938,0.314070558371133,1.2656381024564,6.51649571998963
3.14295634920635,0.4387521527766,0.314120744586765,1.2650328298871,6.51686599221877
3.14305555555556,0.438764495292003,0.314170915520288,1.26442784679252,6.51723621356937
3.14315476190476,0.4387767534364,0.314221071153744,1.26382315303588,6.51760638403108
3.14325396825397,0.438788927317022,0.314271211469178,1.26321874848043,6.51797650359355
3.14335317460317,0.438801017041075,0.314321336448632,1.2626146329895,6.51834657224641
3.14345238095238,0.438813022715736,0.314371446074151,1.26201080642646,6.51871658997929
3.14355158730159,0.43882494444816,0.314421540327778,1.26140726865473,6.51908655678184
3.14365079365079,0.438836782345476,0.31447161919156,1.26080401953778,6.51945647264368
3.14375,0.438848536514786,0.31452168264754,1.26020105893914,6.51982633755444
3.14384920634921,0.438860207063168,0.314571730677764,1.25959838672239,6.52019615150376
3.14394841269841,0.438871794097676,0.314621763264278,1.25899600275117,6.52056591448126
3.14404761904762,0.438883297725335,0.314671780389128,1.25839390688916,6.52093562647657
3.14414682539683,0.438894718053148,0.31472178203436,1.25779209900012,6.5213052874793
3.14424603174603,0.438906055188091,0.31477176818202,1.25719057894784,6.52167489747907
3.14434523809524,0.438917309237114,0.314821738814156,1.25658934659616,6.52204445646551
3.14444444444444,0.438928480307144,0.314871693912815,1.25598840180898,6.52241396442823
3.14454365079365,0.43893956850508,0.314921633460046,1.25538774445027,6.52278342135684
3.14464285714286,0.438950573937798,0.314971557437894,1.25478737438402,6.52315282724095
3.14474206349206,0.438961496712147,0.315021465828411,1.2541872914743,6.52352218207018
3.14484126984127,0.438972336934951,0.315071358613643,1.25358749558524,6.52389148583413
3.14494047619048,0.438983094713008,0.315121235775639,1.25298798658099,6.5242607385224
3.14503968253968,0.438993770153092,0.31517109729645,1.25238876432577,6.5246299401246
3.14513888888889,0.439004363361952,0.315220943158125,1.25178982868387,6.52499909063034
3.1452380952381,0.439014874446309,0.315270773342713,1.2511911795196,6.52536819002919
3.1453373015873,0.439025303512861,0.315320587832266,1.25059281669736,6.52573723831078
3.14543650793651,0.43903565066828,0.315370386608834,1.24999474008157,6.52610623546468
3.14553571428571,0.439045916019213,0.315420169654467,1.24939694953673,6.5264751814805
3.14563492063492,0.43905609967228,0.315469936951218,1.24879944492737,6.52684407634782
3.14573412698413,0.439066201734077,0.315519688481137,1.2482022261181,6.52721292005622
3.14583333333333,0.439076222311175,0.315569424226278,1.24760529297355,6.52758171259531
3.14593253968254,0.439086161510119,0.315619144168691,1.24700864535843,6.52795045395465
3.14603174603175,0.439096019437428,0.31566884829043,1.2464122831375,6.52831914412383
3.14613095238095,0.439105796199597,0.315718536573548,1.24581620617556,6.52868778309244
3.14623015873016,0.439115491903095,0.315768209000099,1.24522041433747,6.52905637085005
3.14632936507937,0.439125106654366,0.315817865552135,1.24462490748815,6.52942490738623
3.14642857142857,0.439134640559826,0.315867506211711,1.24402968549257,6.52979339269056
3.14652777777778,0.43914409372587,0.315917130960882,1.24343474821574,6.53016182675261
3.14662698412698,0.439153466258865,0.315966739781701,1.24284009552275,6.53053020956195
3.14672619047619,0.439162758265153,0.316016332656224,1.24224572727871,6.53089854110814
3.1468253968254,0.439171969851051,0.316065909566506,1.24165164334882,6.53126682138076
3.1469246031746,0.439181101122849,0.316115470494603,1.2410578435983,6.53163505036935
3.14702380952381,0.439190152186815,0.316165015422571,1.24046432789243,6.5320032280635
3.14712301587302,0.439199123149188,0.316214544332466,1.23987109609657,6.53237135445274
3.14722222222222,0.439208014116185,0.316264057206344,1.23927814807611,6.53273942952665
3.14732142857143,0.439216825193994,0.316313554026264,1.23868548369649,6.53310745327477
3.14742063492063,0.43922555648878,0.316363034774282,1.23809310282322,6.53347542568665
3.14751984126984,0.439234208106683,0.316412499432455,1.23750100532184,6.53384334675185
3.14761904761905,0.439242780153817,0.316461947982842,1.23690919105797,6.53421121645992
3.14771825396825,0.439251272736269,0.316511380407502,1.23631765989726,6.5345790348004
3.14781746031746,0.439259685960103,0.316560796688492,1.23572641170544,6.53494680176283
3.14791666666667,0.439268019931356,0.316610196807872,1.23513544634826,6.53531451733675
3.14801587301587,0.439276274756042,0.316659580747701,1.23454476369155,6.53568218151171
3.14811507936508,0.439284450540146,0.316708948490038,1.23395436360118,6.53604979427725
3.14821428571429,0.43929254738963,0.316758300016944,1.23336424594308,6.53641735562289
3.14831349206349,0.439300565410431,0.31680763531048,1.23277441058323,6.53678486553817
3.1484126984127,0.439308504708459,0.316856954352705,1.23218485738766,6.53715232401263
3.14851190476191,0.4393163653896,0.316906257125681,1.23159558622245,6.53751973103579
3.14861111111111,0.439324147559714,0.316955543611468,1.23100659695376,6.53788708659718
3.14871031746032,0.439331851324636,0.31700481379213,1.23041788944777,6.53825439068632
3.14880952380952,0.439339476790175,0.317054067649727,1.22982946357073,6.53862164329274
3.14890873015873,0.439347024062115,0.317103305166321,1.22924131918894,6.53898884440595
3.14900793650794,0.439354493246215,0.317152526323977,1.22865345616875,6.53935599401548
3.14910714285714,0.439361884448207,0.317201731104756,1.22806587437657,6.53972309211084
3.14920634920635,0.439369197773801,0.317250919490722,1.22747857367885,6.54009013868155
3.14930555555556,0.439376433328678,0.317300091463938,1.22689155394212,6.54045713371712
3.14940476190476,0.439383591218496,0.317349247006469,1.22630481503294,6.54082407720705
3.14950396825397,0.439390671548886,0.317398386100379,1.22571835681793,6.54119096914086
3.14960317460317,0.439397674425454,0.317447508727732,1.22513217916376,6.54155780950806
3.14970238095238,0.439404599953783,0.317496614870593,1.22454628193715,6.54192459829814
3.14980158730159,0.439411448239427,0.317545704511028,1.2239606650049,6.5422913355006
3.14990079365079,0.439418219387917,0.317594777631103,1.22337532823382,6.54265802110495
3.15,0.439424913504758,0.317643834212883,1.22279027149081,6.54302465510069
3.15009920634921,0.43943153069543,0.317692874238435,1.2222054946428,6.54339123747731
3.15019841269841,0.439438071065386,0.317741897689825,1.2216209975568,6.5437577682243
3.15029761904762,0.439444534720055,0.31779090454912,1.22103678009984,6.54412424733115
3.15039682539683,0.439450921764841,0.317839894798388,1.22045284213902,6.54449067478736
3.15049603174603,0.439457232305123,0.317888868419696,1.21986918354151,6.5448570505824
3.15059523809524,0.439463466446252,0.317937825395113,1.21928580417449,6.54522337470577
3.15069444444444,0.439469624293557,0.317986765706706,1.21870270390523,6.54558964714695
3.15079365079365,0.439475705952338,0.318035689336544,1.21811988260105,6.54595586789541
3.15089285714286,0.439481711527874,0.318084596266696,1.21753734012932,6.54632203694064
3.15099206349206,0.439487641125414,0.318133486479231,1.21695507635744,6.54668815427211
3.15109126984127,0.439493494850186,0.31818235995622,1.21637309115289,6.5470542198793
3.15119047619048,0.439499272807389,0.318231216679731,1.2157913843832,6.54742023375167
3.15128968253968,0.439504975102199,0.318280056631836,1.21520995591595,6.5477861958787
3.15138888888889,0.439510601839765,0.318328879794605,1.21462880561877,6.54815210624986
3.1514880952381,0.439516153125212,0.318377686150109,1.21404793335934,6.54851796485461
3.1515873015873,0.43952162906364,0.318426475680419,1.2134673390054,6.54888377168242
3.15168650793651,0.43952702976012,0.318475248367607,1.21288702242475,6.54924952672274
3.15178571428571,0.439532355319703,0.318524004193745,1.21230698348523,6.54961522996503
3.15188492063492,0.439537605847411,0.318572743140905,1.21172722205475,6.54998088139876
3.15198412698413,0.439542781448241,0.318621465191159,1.21114773800124,6.55034648101338
3.15208333333333,0.439547882227167,0.318670170326581,1.21056853119272,6.55071202879834
3.15218253968254,0.439552908289134,0.318718858529245,1.20998960149724,6.5510775247431
3.15228174603175,0.439557859739063,0.318767529781223,1.20941094878293,6.55144296883709
3.15238095238095,0.439562736681852,0.318816184064589,1.20883257291793,6.55180836106977
3.15248015873016,0.439567539222372,0.318864821361419,1.20825447377048,6.55217370143058
3.15257936507937,0.439572267465466,0.318913441653786,1.20767665120884,6.55253898990897
3.15267857142857,0.439576921515956,0.318962044923765,1.20709910510134,6.55290422649437
3.15277777777778,0.439581501478635,0.319010631153432,1.20652183531636,6.55326941117623
3.15287698412698,0.439586007458274,0.319059200324863,1.20594484172232,6.55363454394398
3.15297619047619,0.439590439559617,0.319107752420133,1.20536812418772,6.55399962478705
3.1530753968254,0.43959479788738,0.319156287421318,1.20479168258109,6.55436465369487
3.1531746031746,0.439599082546259,0.319204805310496,1.20421551677102,6.55472963065688
3.15327380952381,0.439603293640921,0.319253306069743,1.20363962662616,6.55509455566251
3.15337301587302,0.439607431276007,0.319301789681137,1.2030640120152,6.55545942870117
3.15347222222222,0.439611495556136,0.319350256126754,1.2024886728069,6.55582424976229
3.15357142857143,0.439615486585898,0.319398705388674,1.20191360887007,6.5561890188353
3.15367063492064,0.439619404469861,0.319447137448974,1.20133882007355,6.55655373590961
3.15376984126984,0.439623249312565,0.319495552289733,1.20076430628626,6.55691840097464
3.15386904761905,0.439627021218526,0.31954394989303,1.20019006737717,6.5572830140198
3.15396825396825,0.439630720292233,0.319592330240945,1.19961610321529,6.55764757503451
3.15406746031746,0.439634346638153,0.319640693315556,1.1990424136697,6.55801208400818
3.15416666666667,0.439637900360724,0.319689039098944,1.19846899860952,6.55837654093022
3.15426587301587,0.43964138156436,0.319737367573188,1.19789585790392,6.55874094579003
3.15436507936508,0.43964479035345,0.319785678720371,1.19732299142214,6.55910529857702
3.15446428571429,0.439648126832358,0.319833972522573,1.19675039903346,6.55946959928059
3.15456349206349,0.439651391105422,0.319882248961874,1.19617808060722,6.55983384789014
3.1546626984127,0.439654583276953,0.319930508020357,1.19560603601282,6.56019804439507
3.1547619047619,0.43965770345124,0.319978749680103,1.19503426511968,6.56056218878478
3.15486111111111,0.439660751732545,0.320026973923195,1.19446276779732,6.56092628104865
3.15496031746032,0.439663728225103,0.320075180731715,1.19389154391529,6.56129032117608
3.15505952380952,0.439666633033127,0.320123370087747,1.19332059334317,6.56165430915647
3.15515873015873,0.439669466260802,0.320171541973373,1.19274991595064,6.56201824497919
3.15525793650794,0.439672228012288,0.320219696370678,1.19217951160741,6.56238212863363
3.15535714285714,0.43967491839172,0.320267833261744,1.19160938018324,6.56274596010919
3.15545634920635,0.439677537503208,0.320315952628657,1.19103952154794,6.56310973939522
3.15555555555556,0.439680085450837,0.320364054453501,1.19046993557139,6.56347346648113
3.15565476190476,0.439682562338665,0.320412138718361,1.18990062212351,6.56383714135628
3.15575396825397,0.439684968270727,0.320460205405322,1.18933158107427,6.56420076401005
3.15585317460317,0.439687303351029,0.32050825449647,1.18876281229371,6.56456433443181
3.15595238095238,0.439689567683556,0.320556285973891,1.18819431565192,6.56492785261093
3.15605158730159,0.439691761372264,0.320604299819671,1.18762609101902,6.56529131853679
3.15615079365079,0.439693884521086,0.320652296015897,1.18705813826521,6.56565473219874
3.15625,0.439695937233928,0.320700274544655,1.18649045726073,6.56601809358615
3.15634920634921,0.439697919614672,0.320748235388033,1.18592304787588,6.56638140268839
3.15644841269841,0.439699831767174,0.320796178528119,1.18535590998101,6.56674465949481
3.15654761904762,0.439701673795264,0.320844103946999,1.18478904344652,6.56710786399477
3.15664682539683,0.439703445802749,0.320892011626764,1.18422244814287,6.56747101617763
3.15674603174603,0.439705147893406,0.320939901549501,1.18365612394057,6.56783411603274
3.15684523809524,0.439706780170993,0.320987773697299,1.18309007071018,6.56819716354946
3.15694444444444,0.439708342739236,0.321035628052248,1.18252428832232,6.56856015871713
3.15704365079365,0.439709835701841,0.321083464596436,1.18195877664766,6.5689231015251
3.15714285714286,0.439711259162485,0.321131283311955,1.18139353555692,6.56928599196271
3.15724206349206,0.439712613224822,0.321179084180894,1.18082856492088,6.56964883001931
3.15734126984127,0.43971389799248,0.321226867185344,1.18026386461036,6.57001161568424
3.15744047619048,0.43971511356906,0.321274632307396,1.17969943449625,6.57037434894685
3.15753968253968,0.43971626005814,0.32132237952914,1.1791352744495,6.57073702979646
3.15763888888889,0.439717337563271,0.32137010883267,1.17857138434108,6.5710996582224
3.1577380952381,0.43971834618798,0.321417820200076,1.17800776404204,6.57146223421403
3.1578373015873,0.439719286035768,0.32146551361345,1.17744441342347,6.57182475776065
3.15793650793651,0.439720157210109,0.321513189054886,1.17688133235653,6.57218722885161
3.15803571428571,0.439720959814454,0.321560846506477,1.17631852071242,6.57254964747622
3.15813492063492,0.439721693952228,0.321608485950315,1.17575597836239,6.57291201362383
3.15823412698413,0.43972235972683,0.321656107368495,1.17519370517775,6.57327432728373
3.15833333333333,0.439722957241634,0.321703710743109,1.17463170102987,6.57363658844526
3.15843253968254,0.439723486599989,0.321751296056253,1.17406996579016,6.57399879709773
3.15853174603175,0.439723947905219,0.321798863290021,1.1735084993301,6.57436095323046
3.15863095238095,0.43972434126062,0.321846412426508,1.1729473015212,6.57472305683276
3.15873015873016,0.439724666769466,0.321893943447809,1.17238637223503,6.57508510789395
3.15882936507936,0.439724924535004,0.32194145633602,1.17182571134324,6.57544710640333
3.15892857142857,0.439725114660455,0.321988951073236,1.17126531871749,6.57580905235021
3.15902777777778,0.439725237249016,0.322036427641555,1.17070519422953,6.57617094572389
3.15912698412698,0.439725292403858,0.322083886023072,1.17014533775115,6.57653278651369
3.15922619047619,0.439725280228127,0.322131326199884,1.16958574915418,6.57689457470889
3.1593253968254,0.439725200824944,0.322178748154089,1.16902642831053,6.5772563102988
3.1594246031746,0.439725054297402,0.322226151867784,1.16846737509214,6.57761799327272
3.15952380952381,0.439724840748572,0.322273537323067,1.16790858937101,6.57797962361994
3.15962301587302,0.439724560281498,0.322320904502038,1.1673500710192,6.57834120132975
3.15972222222222,0.439724212999199,0.322368253386792,1.16679181990882,6.57870272639144
3.15982142857143,0.439723799004668,0.322415583959431,1.16623383591203,6.57906419879431
3.15992063492063,0.439723318400873,0.322462896202053,1.16567611890104,6.57942561852763
3.16001984126984,0.439722771290758,0.322510190096758,1.16511866874813,6.57978698558069
3.16011904761905,0.439722157777239,0.322557465625645,1.16456148532562,6.58014829994278
3.16021825396825,0.439721477963209,0.322604722770816,1.16400456850587,6.58050956160317
3.16031746031746,0.439720731951533,0.32265196151437,1.16344791816133,6.58087077055114
3.16041666666667,0.439719919845055,0.322699181838408,1.16289153416446,6.58123192677597
3.16051587301587,0.439719041746589,0.322746383725032,1.16233541638781,6.58159303026693
3.16061507936508,0.439718097758926,0.322793567156343,1.16177956470397,6.58195408101329
3.16071428571429,0.439717087984831,0.322840732114444,1.16122397898557,6.58231507900432
3.16081349206349,0.439716012527044,0.322887878581435,1.16066865910531,6.58267602422929
3.1609126984127,0.43971487148828,0.322935006539421,1.16011360493594,6.58303691667747
3.1610119047619,0.439713664971227,0.322982115970503,1.15955881635027,6.5833977563381
3.16111111111111,0.439712393078549,0.323029206856786,1.15900429322113,6.58375854320047
3.16121031746032,0.439711055912885,0.323076279180373,1.15845003542145,6.58411927725383
3.16130952380952,0.439709653576847,0.323123332923366,1.15789604282419,6.58447995848742
3.16140873015873,0.439708186173023,0.323170368067872,1.15734231530235,6.58484058689051
3.16150793650794,0.439706653803976,0.323217384595994,1.15678885272901,6.58520116245236
3.16160714285714,0.439705056572242,0.323264382489838,1.15623565497729,6.5855616851622
3.16170634920635,0.439703394580333,0.323311361731508,1.15568272192036,6.58592215500929
3.16180555555556,0.439701667930735,0.32335832230311,1.15513005343146,6.58628257198287
3.16190476190476,0.439699876725908,0.32340526418675,1.15457764938385,6.5866429360722
3.16200396825397,0.439698021068288,0.323452187364534,1.15402550965088,6.5870032472665
3.16210317460317,0.439696101060286,0.32349909181857,1.15347363410593,6.58736350555502
3.16220238095238,0.439694116804285,0.323545977530962,1.15292202262245,6.587723710927
3.16230158730159,0.439692068402645,0.32359284448382,1.15237067507393,6.58808386337167
3.16240079365079,0.4396899559577,0.32363969265925,1.15181959133391,6.58844396287827
3.1625,0.439687779571758,0.323686522039361,1.151268771276,6.58880400943602
3.16259920634921,0.439685539347103,0.323733332606261,1.15071821477385,6.58916400303417
3.16269841269841,0.439683235385993,0.323780124342057,1.15016792170117,6.58952394366192
3.16279761904762,0.439680867790659,0.32382689722886,1.14961789193173,6.58988383130852
3.16289682539683,0.439678436663309,0.323873651248778,1.14906812533932,6.59024366596317
3.16299603174603,0.439675942106126,0.323920386383921,1.14851862179783,6.59060344761511
3.16309523809524,0.439673384221264,0.323967102616399,1.14796938118116,6.59096317625355
3.16319444444444,0.439670763110855,0.324013799928322,1.1474204033633,6.59132285186771
3.16329365079365,0.439668078877005,0.3240604783018,1.14687168821828,6.5916824744468
3.16339285714286,0.439665331621793,0.324107137718945,1.14632323562016,6.59204204398003
3.16349206349206,0.439662521447276,0.324153778161868,1.14577504544309,6.59240156045662
3.16359126984127,0.439659648455481,0.324200399612679,1.14522711756126,6.59276102386577
3.16369047619048,0.439656712748414,0.324247002053492,1.1446794518489,6.59312043419668
3.16378968253968,0.439653714428054,0.324293585466418,1.14413204818031,6.59347979143857
3.16388888888889,0.439650653596352,0.324340149833571,1.14358490642983,6.59383909558064
3.16398809523809,0.439647530355239,0.324386695137062,1.14303802647186,6.59419834661207
3.1640873015873,0.439644344806615,0.324433221359005,1.14249140818086,6.59455754452208
3.16418650793651,0.439641097052359,0.324479728481514,1.14194505143134,6.59491668929986
3.16428571428571,0.439637787194322,0.324526216486702,1.14139895609786,6.59527578093459
3.16438492063492,0.439634415334332,0.324572685356684,1.14085312205502,6.59563481941548
3.16448412698413,0.439630981574189,0.324619135073574,1.14030754917749,6.5959938047317
3.16458333333333,0.439627486015668,0.324665565619487,1.13976223734,6.59635273687246
3.16468253968254,0.439623928760521,0.324711976976539,1.13921718641732,6.59671161582692
3.16478174603175,0.439620309910473,0.324758369126844,1.13867239628428,6.59707044158428
3.16488095238095,0.439616629567223,0.32480474205252,1.13812786681574,6.59742921413371
3.16498015873016,0.439612887832445,0.324851095735681,1.13758359788665,6.5977879334644
3.16507936507937,0.439609084807789,0.324897430158445,1.137039589372,6.59814659956552
3.16517857142857,0.439605220594878,0.324943745302929,1.13649584114682,6.59850521242624
3.16527777777778,0.439601295295311,0.324990041151249,1.13595235308621,6.59886377203573
3.16537698412698,0.43959730901066,0.325036317685523,1.13540912506531,6.59922227838318
3.16547619047619,0.439593261842473,0.325082574887869,1.13486615695932,6.59958073145774
3.1655753968254,0.439589153892271,0.325128812740406,1.13432344864349,6.59993913124858
3.1656746031746,0.439584985261553,0.325175031225252,1.13378099999314,6.60029747774486
3.16577380952381,0.439580756051788,0.325221230324525,1.13323881088362,6.60065577093575
3.16587301587302,0.439576466364424,0.325267410020345,1.13269688119034,6.6010140108104
3.16597222222222,0.43957211630088,0.325313570294832,1.13215521078877,6.60137219735797
3.16607142857143,0.439567705962553,0.325359711130105,1.13161379955443,6.60173033056763
3.16617063492063,0.439563235450812,0.325405832508284,1.13107264736289,6.60208841042851
3.16626984126984,0.439558704867001,0.325451934411491,1.13053175408977,6.60244643692978
3.16636904761905,0.43955411431244,0.325498016821846,1.12999111961076,6.60280441006058
3.16646825396825,0.439549463888422,0.32554407972147,1.12945074380159,6.60316232981005
3.16656746031746,0.439544753696217,0.325590123092485,1.12891062653805,6.60352019616735
3.16666666666667,0.439539983837067,0.325636146917012,1.12837076769596,6.60387800912161
3.16676587301587,0.439535154412189,0.325682151177174,1.12783116715124,6.60423576866198
3.16686507936508,0.439530265522777,0.325728135855093,1.12729182477981,6.60459347477759
3.16696428571429,0.439525317269997,0.325774100932893,1.12675274045769,6.60495112745758
3.16706349206349,0.439520309754991,0.325820046392696,1.12621391406091,6.60530872669109
3.1671626984127,0.439515243078875,0.325865972216626,1.12567534546559,6.60566627246724
3.1672619047619,0.43951011734274,0.325911878386807,1.12513703454789,6.60602376477516
3.16736111111111,0.439504932647651,0.325957764885363,1.12459898118402,6.606381203604
3.16746031746032,0.439499689094649,0.326003631694418,1.12406118525024,6.60673858894286
3.16755952380952,0.439494386784748,0.326049478796098,1.12352364662288,6.60709592078087
3.16765873015873,0.439489025818938,0.326095306172528,1.1229863651783,6.60745319910716
3.16775793650794,0.439483606298182,0.326141113805833,1.12244934079292,6.60781042391085
3.16785714285714,0.43947812832342,0.326186901678139,1.12191257334324,6.60816759518104
3.16795634920635,0.439472591995565,0.326232669771572,1.12137606270577,6.60852471290687
3.16805555555556,0.439466997415505,0.326278418068258,1.12083980875712,6.60888177707743
3.16815476190476,0.439461344684102,0.326324146550326,1.1203038113739,6.60923878768184
3.16825396825397,0.439455633902193,0.326369855199901,1.11976807043282,6.60959574470921
3.16835317460317,0.43944986517059,0.326415543999111,1.11923258581062,6.60995264814865
3.16845238095238,0.43944403859008,0.326461212930085,1.1186973573841,6.61030949798926
3.16855158730159,0.439438154261424,0.326506861974951,1.1181623850301,6.61066629422014
3.16865079365079,0.439432212285358,0.326552491115836,1.11762766862555,6.6110230368304
3.16875,0.439426212762591,0.32659810033487,1.11709320804738,6.61137972580913
3.16884920634921,0.43942015579381,0.326643689614182,1.11655900317262,6.61173636114542
3.16894841269841,0.439414041479672,0.326689258935901,1.11602505387833,6.61209294282838
3.16904761904762,0.439407869920814,0.326734808282158,1.11549136004162,6.61244947084709
3.16914682539683,0.439401641217843,0.326780337635082,1.11495792153968,6.61280594519065
3.16924603174603,0.439395355471343,0.326825846976805,1.11442473824971,6.61316236584813
3.16934523809524,0.439389012781873,0.326871336289457,1.11389181004901,6.61351873280864
3.16944444444444,0.439382613249964,0.326916805555168,1.1133591368149,6.61387504606124
3.16954365079365,0.439376156976125,0.326962254756071,1.11282671842476,6.61423130559503
3.16964285714286,0.439369644060838,0.327007683874298,1.11229455475604,6.61458751139907
3.16974206349206,0.439363074604558,0.327053092891981,1.11176264568622,6.61494366346246
3.16984126984127,0.439356448707718,0.327098481791251,1.11123099109286,6.61529976177425
3.16994047619048,0.439349766470724,0.327143850554243,1.11069959085354,6.61565580632354
3.17003968253968,0.439343027993955,0.327189199163089,1.11016844484591,6.61601179709938
3.17013888888889,0.439336233377768,0.327234527599923,1.10963755294769,6.61636773409085
3.1702380952381,0.439329382722491,0.327279835846879,1.10910691503663,6.61672361728701
3.1703373015873,0.43932247612843,0.32732512388609,1.10857653099054,6.61707944667692
3.17043650793651,0.439315513695863,0.327370391699692,1.10804640068728,6.61743522224966
3.17053571428571,0.439308495525045,0.327415639269818,1.10751652400478,6.61779094399427
3.17063492063492,0.439301421716204,0.327460866578605,1.106986900821,6.61814661189982
3.17073412698413,0.439294292369541,0.327506073608188,1.10645753101396,6.61850222595537
3.17083333333333,0.439287107585237,0.327551260340704,1.10592841446175,6.61885778614996
3.17093253968254,0.439279867463441,0.327596426758286,1.10539955104249,6.61921329247265
3.17103174603175,0.439272572104282,0.327641572843073,1.10487094063437,6.61956874491249
3.17113095238095,0.439265221607861,0.327686698577202,1.10434258311562,6.61992414345853
3.17123015873016,0.439257816074254,0.327731803942808,1.10381447836454,6.62027948809981
3.17132936507937,0.439250355603512,0.327776888922031,1.10328662625947,6.62063477882537
3.17142857142857,0.43924284029566,0.327821953497008,1.10275902667881,6.62099001562426
3.17152777777778,0.439235270250698,0.327866997649876,1.10223167950099,6.62134519848552
3.17162698412698,0.439227645568601,0.327912021362775,1.10170458460455,6.62170032739817
3.17172619047619,0.439219966349318,0.327957024617844,1.10117774186801,6.62205540235127
3.1718253968254,0.439212232692773,0.32800200739722,1.10065115117001,6.62241042333384
3.1719246031746,0.439204444698865,0.328046969683045,1.10012481238919,6.6227653903349
3.17202380952381,0.439196602467468,0.328091911457458,1.09959872540428,6.6231203033435
3.17212301587302,0.439188706098427,0.328136832702599,1.09907289009405,6.62347516234865
3.17222222222222,0.439180755691567,0.328181733400608,1.09854730633732,6.62382996733938
3.17232142857143,0.439172751346685,0.328226613533627,1.09802197401296,6.62418471830472
3.17242063492063,0.439164693163551,0.328271473083796,1.09749689299991,6.62453941523368
3.17251984126984,0.439156581241913,0.328316312033257,1.09697206317716,6.62489405811528
3.17261904761905,0.439148415681491,0.328361130364152,1.09644748442372,6.62524864693853
3.17271825396825,0.439140196581981,0.328405928058623,1.09592315661871,6.62560318169246
3.17281746031746,0.439131924043054,0.328450705098812,1.09539907964125,6.62595766236606
3.17291666666667,0.439123598164353,0.328495461466863,1.09487525337055,6.62631208894836
3.17301587301587,0.4391152190455,0.328540197144919,1.09435167768585,6.62666646142836
3.17311507936508,0.439106786786087,0.328584912115123,1.09382835246646,6.62702077979506
3.17321428571429,0.439098301485684,0.328629606359618,1.09330527759174,6.62737504403747
3.17331349206349,0.439089763243833,0.32867427986055,1.09278245294109,6.62772925414459
3.1734126984127,0.439081172160054,0.328718932600062,1.09225987839397,6.62808341010542
3.1735119047619,0.439072528333839,0.328763564560299,1.09173755382991,6.62843751190895
3.17361111111111,0.439063831864654,0.328808175723407,1.09121547912847,6.62879155954418
3.17371031746032,0.439055082851943,0.328852766071531,1.09069365416928,6.6291455530001
3.17380952380952,0.439046281395121,0.328897335586817,1.090172078832,6.62949949226571
3.17390873015873,0.43903742759358,0.328941884251411,1.08965075299637,6.62985337732998
3.17400793650794,0.439028521546685,0.328986412047459,1.08912967654218,6.63020720818192
3.17410714285714,0.439019563353778,0.329030918957109,1.08860884934925,6.63056098481049
3.17420634920635,0.439010553114173,0.329075404962507,1.08808827129749,6.63091470720469
3.17430555555556,0.439001490927159,0.329119870045802,1.08756794226682,6.63126837535349
3.17440476190476,0.438992376892002,0.32916431418914,1.08704786213724,6.63162198924588
3.17450396825397,0.43898321110794,0.32920873737467,1.08652803078881,6.63197554887082
3.17460317460317,0.438973993674187,0.329253139584541,1.08600844810163,6.63232905421729
3.17470238095238,0.438964724689932,0.3292975208009,1.08548911395585,6.63268250527427
3.17480158730159,0.438955404254336,0.329341881005899,1.08497002823168,6.63303590203071
3.17490079365079,0.438946032466538,0.329386220181685,1.08445119080938,6.6333892444756
3.175,0.438936609425649,0.329430538310409,1.08393260156927,6.63374253259789
3.17509920634921,0.438927135230757,0.329474835374221,1.08341426039172,6.63409576638655
3.17519841269841,0.438917609980923,0.329519111355271,1.08289616715715,6.63444894583054
3.17529761904762,0.438908033775182,0.329563366235711,1.08237832174603,6.63480207091881
3.17539682539683,0.438898406712547,0.329607599997691,1.08186072403889,6.63515514164033
3.17549603174603,0.438888728892001,0.329651812623363,1.08134337391632,6.63550815798405
3.17559523809524,0.438879000412505,0.329696004094878,1.08082627125895,6.63586111993892
3.17569444444444,0.438869221372994,0.329740174394389,1.08030941594747,6.63621402749389
3.17579365079365,0.438859391872376,0.329784323504049,1.07979280786262,6.63656688063791
3.17589285714286,0.438849512009536,0.32982845140601,1.07927644688519,6.63691967935993
3.17599206349206,0.438839581883331,0.329872558082425,1.07876033289604,6.63727242364889
3.17609126984127,0.438829601592596,0.329916643515448,1.07824446577606,6.63762511349373
3.17619047619048,0.438819571236138,0.329960707687232,1.07772884540621,6.63797774888339
3.17628968253968,0.438809490912739,0.330004750579932,1.07721347166751,6.63833032980682
3.17638888888889,0.438799360721156,0.330048772175703,1.076698344441,6.63868285625294
3.1764880952381,0.43878918076012,0.330092772456698,1.0761834636078,6.63903532821068
3.1765873015873,0.438778951128339,0.330136751405073,1.07566882904909,6.63938774566899
3.17668650793651,0.438768671924493,0.330180709002985,1.07515444064609,6.63974010861679
3.17678571428571,0.438758343247237,0.330224645232587,1.07464029828006,6.64009241704301
3.17688492063492,0.438747965195202,0.330268560076038,1.07412640183233,6.64044467093657
3.17698412698413,0.438737537866992,0.330312453515492,1.0736127511843,6.64079687028639
3.17708333333333,0.438727061361187,0.330356325533107,1.07309934621739,6.64114901508141
3.17718253968254,0.438716535776341,0.33040017611104,1.07258618681309,6.64150110531052
3.17728174603175,0.438705961210983,0.330444005231449,1.07207327285294,6.64185314096266
3.17738095238095,0.438695337763615,0.330487812876491,1.07156060421854,6.64220512202673
3.17748015873016,0.438684665532716,0.330531599028324,1.07104818079153,6.64255704849166
3.17757936507937,0.438673944616739,0.330575363669108,1.07053600245361,6.64290892034634
3.17767857142857,0.43866317511411,0.330619106781,1.07002406908655,6.64326073757969
3.17777777777778,0.438652357123232,0.33066282834616,1.06951238057214,6.64361250018061
3.17787698412698,0.438641490742481,0.330706528346747,1.06900093679224,6.64396420813801
3.17797619047619,0.438630576070207,0.330750206764921,1.06848973762878,6.64431586144078
3.1780753968254,0.438619613204738,0.330793863582843,1.06797878296372,6.64466746007784
3.1781746031746,0.438608602244372,0.330837498782672,1.06746807267908,6.64501900403807
3.17827380952381,0.438597543287386,0.33088111234657,1.06695760665693,6.64537049331038
3.17837301587302,0.438586436432029,0.330924704256698,1.0664473847794,6.64572192788365
3.17847222222222,0.438575281776524,0.330968274495216,1.06593740692867,6.64607330774677
3.17857142857143,0.438564079419072,0.331011823044288,1.06542767298698,6.64642463288865
3.17867063492063,0.438552829457845,0.331055349886075,1.06491818283661,6.64677590329815
3.17876984126984,0.438541531990991,0.331098855002739,1.06440893635991,6.64712711896417
3.17886904761905,0.438530187116634,0.331142338376444,1.06389993343926,6.6474782798756
3.17896825396825,0.438518794932871,0.331185799989352,1.06339117395711,6.64782938602131
3.17906746031746,0.438507355537773,0.331229239823627,1.06288265779597,6.64818043739017
3.17916666666667,0.438495869029389,0.331272657861433,1.06237438483838,6.64853143397107
3.17926587301587,0.438484335505738,0.331316054084933,1.06186635496697,6.64888237575289
3.17936507936508,0.438472755064817,0.331359428476293,1.06135856806437,6.64923326272448
3.17946428571429,0.438461127804596,0.331402781017677,1.06085102401332,6.64958409487473
3.17956349206349,0.438449453823021,0.33144611169125,1.06034372269657,6.6499348721925
3.1796626984127,0.438437733218012,0.331489420479178,1.05983666399694,6.65028559466666
3.17976190476191,0.438425966087462,0.331532707363627,1.05932984779731,6.65063626228608
3.17986111111111,0.438414152529242,0.331575972326762,1.05882327398061,6.6509868750396
3.17996031746032,0.438402292641194,0.33161921535075,1.05831694242982,6.6513374329161
3.18005952380952,0.438390386521137,0.331662436417758,1.05781085302796,6.65168793590442
3.18015873015873,0.438378434266865,0.331705635509953,1.05730500565813,6.65203838399343
3.18025793650794,0.438366435976145,0.331748812609502,1.05679940020346,6.65238877717199
3.18035714285714,0.438354391746718,0.331791967698574,1.05629403654715,6.65273911542893
3.18045634920635,0.438342301676303,0.331835100759336,1.05578891457245,6.65308939875311
3.18055555555556,0.43833016586259,0.331878211773957,1.05528403416265,6.65343962713338
3.18065476190476,0.438317984403245,0.331921300724605,1.0547793952011,6.65378980055857
3.18075396825397,0.438305757395911,0.33196436759345,1.05427499757122,6.65413991901755
3.18085317460317,0.438293484938201,0.332007412362662,1.05377084115647,6.65448998249913
3.18095238095238,0.438281167127706,0.332050435014409,1.05326692584035,6.65483999099217
3.18105158730159,0.43826880406199,0.332093435530862,1.05276325150643,6.6551899444855
3.18115079365079,0.438256395838594,0.332136413894192,1.05225981803833,6.65553984296795
3.18125,0.43824394255503,0.332179370086569,1.05175662531972,6.65588968642836
3.18134920634921,0.438231444308788,0.332222304090165,1.05125367323434,6.65623947485555
3.18144841269841,0.438218901197331,0.33226521588715,1.05075096166596,6.65658920823836
3.18154761904762,0.438206313318096,0.332308105459697,1.0502484904984,6.65693888656561
3.18164682539683,0.438193680768497,0.332350972789978,1.04974625961557,6.65728850982612
3.18174603174603,0.438181003645919,0.332393817860165,1.04924426890139,6.65763807800871
3.18184523809524,0.438168282047726,0.332436640652431,1.04874251823987,6.65798759110221
3.18194444444444,0.438155516071252,0.332479441148949,1.04824100751503,6.65833704909544
3.18204365079365,0.43814270581381,0.332522219331893,1.047739736611,6.65868645197719
3.18214285714286,0.438129851372685,0.332564975183436,1.04723870541191,6.6590357997363
3.18224206349206,0.438116952845137,0.332607708685752,1.04673791380197,6.65938509236157
3.18234126984127,0.438104010328401,0.332650419821017,1.04623736166544,6.65973432984181
3.18244047619048,0.438091023919686,0.332693108571403,1.04573704888664,6.66008351216583
3.18253968253968,0.438077993716178,0.332735774919088,1.04523697534993,6.66043263932243
3.18263888888889,0.438064919815034,0.332778418846246,1.04473714093972,6.66078171130041
3.1827380952381,0.438051802313388,0.332821040335053,1.04423754554049,6.66113072808858
3.1828373015873,0.438038641308348,0.332863639367685,1.04373818903677,6.66147968967574
3.18293650793651,0.438025436896997,0.332906215926319,1.04323907131314,6.66182859605067
3.18303571428571,0.438012189176392,0.33294876999313,1.04274019225422,6.66217744720217
3.18313492063492,0.437998898243565,0.332991301550298,1.0422415517447,6.66252624311904
3.18323412698413,0.437985564195522,0.333033810579998,1.04174314966932,6.66287498379007
3.18333333333333,0.437972187129246,0.333076297064408,1.04124498591287,6.66322366920404
3.18343253968254,0.437958767141691,0.333118760985708,1.0407470603602,6.66357229934974
3.18353174603175,0.437945304329788,0.333161202326074,1.04024937289621,6.66392087421595
3.18363095238095,0.437931798790443,0.333203621067687,1.03975192340584,6.66426939379146
3.18373015873016,0.437918250620535,0.333246017192724,1.0392547117741,6.66461785806504
3.18382936507937,0.437904659916918,0.333288390683366,1.03875773788606,6.66496626702547
3.18392857142857,0.437891026776421,0.333330741521792,1.03826100162681,6.66531462066153
3.18402777777778,0.437877351295849,0.333373069690182,1.03776450288153,6.66566291896199
3.18412698412698,0.437863633571979,0.333415375170718,1.03726824153544,6.66601116191562
3.18422619047619,0.437849873701564,0.333457657945579,1.0367722174738,6.66635934951118
3.1843253968254,0.437836071781332,0.333499917996946,1.03627643058195,6.66670748173746
3.1844246031746,0.437822227907985,0.333542155307001,1.03578088074525,6.6670555585832
3.18452380952381,0.437808342178199,0.333584369857926,1.03528556784914,6.66740358003717
3.18462301587302,0.437794414688627,0.333626561631903,1.03479049177911,6.66775154608814
3.18472222222222,0.437780445535894,0.333668730611115,1.03429565242069,6.66809945672486
3.18482142857143,0.437766434816601,0.333710876777743,1.03380104965948,6.66844731193609
3.18492063492064,0.437752382627324,0.333753000113972,1.03330668338111,6.66879511171058
3.18501984126984,0.437738289064611,0.333795100601984,1.03281255347129,6.66914285603708
3.18511904761905,0.437724154224989,0.333837178223964,1.03231865981577,6.66949054490435
3.18521825396825,0.437709978204955,0.333879232962095,1.03182500230035,6.66983817830112
3.18531746031746,0.437695761100984,0.333921264798562,1.03133158081089,6.67018575621616
3.18541666666667,0.437681503009525,0.33396327371555,1.03083839523329,6.67053327863819
3.18551587301587,0.437667204027,0.334005259695243,1.03034544545354,6.67088074555597
3.18561507936508,0.437652864249808,0.334047222719828,1.02985273135763,6.67122815695822
3.18571428571429,0.43763848377432,0.334089162771489,1.02936025283165,6.6715755128337
3.18581349206349,0.437624062696883,0.334131079832414,1.02886800976171,6.67192281317112
3.1859126984127,0.43760960111382,0.334172973884788,1.028376002034,6.67227005795924
3.1860119047619,0.437595099121427,0.334214844910798,1.02788422953475,6.67261724718677
3.18611111111111,0.437580556815974,0.334256692892631,1.02739269215023,6.67296438084244
3.18621031746032,0.437565974293707,0.334298517812475,1.02690138976679,6.67331145891499
3.18630952380952,0.437551351650846,0.334340319652517,1.02641032227082,6.67365848139313
3.18640873015873,0.437536688983586,0.334382098394947,1.02591948954875,6.67400544826559
3.18650793650794,0.437521986388097,0.334423854021951,1.0254288914871,6.67435235952109
3.18660714285714,0.437507243960522,0.334465586515718,1.0249385279724,6.67469921514835
3.18670634920635,0.437492461796981,0.334507295858439,1.02444839889127,6.67504601513608
3.18680555555556,0.437477639993565,0.334548982032301,1.02395850413035,6.675392759473
3.18690476190476,0.437462778646345,0.334590645019496,1.02346884357637,6.67573944814782
3.18700396825397,0.437447877851361,0.334632284802212,1.02297941711607,6.67608608114924
3.18710317460317,0.437432937704632,0.334673901362641,1.02249022463629,6.67643265846598
3.18720238095238,0.437417958302149,0.334715494682974,1.02200126602388,6.67677918008675
3.18730158730159,0.437402939739878,0.3347570647454,1.02151254116578,6.67712564600024
3.18740079365079,0.437387882113762,0.334798611532112,1.02102404994896,6.67747205619515
3.1875,0.437372785519714,0.334840135025301,1.02053579226045,6.67781841066019
3.18759920634921,0.437357650053627,0.33488163520716,1.02004776798733,6.67816470938405
3.18769841269841,0.437342475811365,0.334923112059881,1.01955997701674,6.67851095235543
3.18779761904762,0.437327262888767,0.334964565565657,1.01907241923587,6.67885713956302
3.18789682539683,0.437312011381648,0.33500599570668,1.01858509453196,6.67920327099552
3.18799603174603,0.437296721385797,0.335047402465145,1.01809800279232,6.6795493466416
3.18809523809524,0.437281392996977,0.335088785823244,1.01761114390428,6.67989536648995
3.18819444444444,0.437266026310926,0.335130145763172,1.01712451775526,6.68024133052927
3.18829365079365,0.437250621423358,0.335171482267124,1.0166381242327,6.68058723874823
3.18839285714286,0.43723517842996,0.335212795317293,1.01615196322413,6.68093309113551
3.18849206349206,0.437219697426393,0.335254084895876,1.01566603461709,6.68127888767979
3.18859126984127,0.437204178508295,0.335295350985067,1.01518033829922,6.68162462836975
3.18869047619048,0.437188621771277,0.335336593567063,1.01469487415816,6.68197031319406
3.18878968253968,0.437173027310924,0.335377812624059,1.01420964208166,6.68231594214139
3.18888888888889,0.437157395222798,0.335419008138252,1.01372464195749,6.68266151520041
3.1889880952381,0.437141725602434,0.335460180091838,1.01323987367347,6.68300703235979
3.1890873015873,0.437126018545341,0.335501328467015,1.01275533711749,6.6833524936082
3.18918650793651,0.437110274147004,0.33554245324598,1.01227103217748,6.68369789893429
3.18928571428571,0.437094492502882,0.335583554410931,1.01178695874144,6.68404324832673
3.18938492063492,0.437078673708409,0.335624631944065,1.0113031166974,6.68438854177418
3.18948412698413,0.437062817858993,0.335665685827582,1.01081950593346,6.68473377926529
3.18958333333333,0.437046925050017,0.335706716043679,1.01033612633778,6.68507896078873
3.18968253968254,0.437030995376839,0.335747722574557,1.00985297779855,6.68542408633313
3.18978174603175,0.437015028934792,0.335788705402414,1.00937006020403,6.68576915588716
3.18988095238095,0.436999025819182,0.335829664509449,1.00888737344252,6.68611416943946
3.18998015873016,0.43698298612529,0.335870599877865,1.0084049174024,6.68645912697867
3.19007936507936,0.436966909948373,0.335911511489859,1.00792269197207,6.68680402849345
3.19017857142857,0.436950797383662,0.335952399327634,1.00744069704,6.68714887397244
3.19027777777778,0.436934648526361,0.335993263373391,1.00695893249473,6.68749366340426
3.19037698412698,0.436918463471652,0.33603410360933,1.00647739822482,6.68783839677757
3.19047619047619,0.436902242314689,0.336074920017653,1.00599609411889,6.68818307408099
3.1905753968254,0.436885985150601,0.336115712580563,1.00551502006564,6.68852769530317
3.1906746031746,0.436869692074492,0.336156481280262,1.0050341759538,6.68887226043273
3.19077380952381,0.436853363181441,0.336197226098953,1.00455356167216,6.68921676945829
3.19087301587302,0.436836998566501,0.336237947018838,1.00407317710956,6.6895612223685
3.19097222222222,0.4368205983247,0.336278644022122,1.00359302215488,6.68990561915198
3.19107142857143,0.43680416255104,0.336319317091007,1.0031130966971,6.69024995979734
3.19117063492063,0.436787691340499,0.336359966207698,1.0026334006252,6.69059424429321
3.19126984126984,0.436771184788028,0.3364005913544,1.00215393382823,6.69093847262821
3.19136904761905,0.436754642988553,0.336441192513316,1.00167469619532,6.69128264479095
3.19146825396825,0.436738066036976,0.336481769666652,1.00119568761561,6.69162676077006
3.19156746031746,0.436721454028173,0.336522322796614,1.00071690797833,6.69197082055413
3.19166666666667,0.436704807056993,0.336562851885408,1.00023835717274,6.69231482413179
3.19176587301587,0.436688125218261,0.336603356915238,0.999760035088171,6.69265877149163
3.19186507936508,0.436671408606778,0.336643837868311,0.999281941613988,6.69300266262227
3.19196428571429,0.436654657317317,0.336684294726836,0.998804076639622,6.69334649751232
3.19206349206349,0.436637871444627,0.336724727473017,0.998326440054556,6.69369027615036
3.1921626984127,0.436621051083431,0.336765136089063,0.997849031748322,6.69403399852501
3.1922619047619,0.436604196328428,0.336805520557182,0.997371851610509,6.69437766462486
3.19236111111111,0.436587307274291,0.336845880859581,0.99689489953076,6.6947212744385
3.19246031746032,0.436570384015666,0.336886216978469,0.996418175398764,6.69506482795454
3.19255952380952,0.436553426647175,0.336926528896054,0.995941679104277,6.69540832516156
3.19265873015873,0.436536435263416,0.336966816594546,0.995465410537096,6.69575176604814
3.19275793650794,0.436519409958959,0.337007080056155,0.994989369587076,6.69609515060288
3.19285714285714,0.43650235082835,0.337047319263088,0.994513556144125,6.69643847881437
3.19295634920635,0.436485257966111,0.337087534197558,0.994037970098202,6.69678175067118
3.19305555555556,0.436468131466735,0.337127724841774,0.993562611339324,6.6971249661619
3.19315476190476,0.436450971424693,0.337167891177947,0.993087479757554,6.6974681252751
3.19325396825397,0.436433777934429,0.337208033188287,0.992612575243018,6.69781122799937
3.19335317460317,0.436416551090362,0.337248150855007,0.99213789768589,6.69815427432327
3.19345238095238,0.436399290986886,0.337288244160318,0.991663446976395,6.69849726423538
3.19355158730159,0.436381997718369,0.337328313086432,0.991189223004816,6.69884019772427
3.19365079365079,0.436364671379153,0.337368357615561,0.990715225661484,6.69918307477851
3.19375,0.436347312063558,0.337408377729918,0.990241454836789,6.69952589538666
3.19384920634921,0.436329919865874,0.337448373411717,0.98976791042117,6.69986865953728
3.19394841269841,0.436312494880368,0.33748834464317,0.98929459230512,6.70021136721895
3.19404761904762,0.436295037201283,0.337528291406491,0.988821500379189,6.70055401842022
3.19414682539683,0.436277546922834,0.337568213683895,0.988348634533978,6.70089661312964
3.19424603174603,0.436260024139211,0.337608111457595,0.987875994660138,6.70123915133578
3.19434523809524,0.436242468944581,0.337647984709806,0.987403580648377,6.70158163302718
3.19444444444444,0.436224881433083,0.337687833422744,0.986931392389456,6.7019240581924
3.19454365079365,0.436207261698831,0.337727657578623,0.986459429774188,6.70226642681998
3.19464285714286,0.436189609835915,0.337767457159661,0.985987692693438,6.70260873889848
3.19474206349206,0.436171925938399,0.337807232148071,0.98551618103813,6.70295099441643
3.19484126984127,0.436154210100322,0.337846982526071,0.985044894699237,6.70329319336239
3.19494047619048,0.436136462415696,0.337886708275878,0.984573833567784,6.70363533572489
3.19503968253968,0.436118682978509,0.337926409379708,0.984102997534853,6.70397742149247
3.19513888888889,0.436100871882723,0.337966085819779,0.983632386491575,6.70431945065366
3.19523809523809,0.436083029222277,0.338005737578309,0.983162000329139,6.70466142319701
3.1953373015873,0.43606515509108,0.338045364637516,0.982691838938784,6.70500333911104
3.19543650793651,0.43604724958302,0.338084966979617,0.9822219022118,6.70534519838429
3.19553571428571,0.436029312791958,0.338124544586833,0.981752190039539,6.70568700100528
3.19563492063492,0.436011344811728,0.338164097441381,0.981282702313399,6.70602874696253
3.19573412698413,0.435993345736142,0.338203625525481,0.980813438924833,6.70637043624458
3.19583333333333,0.435975315658984,0.338243128821353,0.980344399765348,6.70671206883994
3.19593253968254,0.435957254674014,0.338282607311216,0.979875584726503,6.70705364473713
3.19603174603175,0.435939162874965,0.338322060977292,0.97940699369991,6.70739516392468
3.19613095238095,0.435921040355547,0.338361489801801,0.978938626577234,6.70773662639109
3.19623015873016,0.435902887209442,0.338400893766964,0.978470483250199,6.70807803212488
3.19632936507937,0.435884703530308,0.338440272855002,0.978002563610577,6.70841938111456
3.19642857142857,0.435866489411779,0.338479627048136,0.977534867550193,6.70876067334864
3.19652777777778,0.435848244947462,0.33851895632859,0.977067394960926,6.70910190881563
3.19662698412698,0.435829970230938,0.338558260678585,0.97660014573471,6.70944308750403
3.19672619047619,0.435811665355764,0.338597540080344,0.976133119763529,6.70978420940234
3.1968253968254,0.43579333041547,0.33863679451609,0.975666316939425,6.71012527449907
3.1969246031746,0.435774965503564,0.338676023968047,0.975199737154485,6.71046628278271
3.19702380952381,0.435756570713524,0.338715228418438,0.974733380300863,6.71080723424177
3.19712301587302,0.435738146138807,0.338754407849486,0.974267246270755,6.71114812886472
3.19722222222222,0.435719691872842,0.338793562243418,0.973801334956412,6.71148896664007
3.19732142857143,0.435701208009033,0.338832691582456,0.973335646250142,6.71182974755631
3.19742063492063,0.435682694640759,0.338871795848826,0.972870180044302,6.71217047160192
3.19751984126984,0.435664151861374,0.338910875024754,0.972404936231305,6.7125111387654
3.19761904761905,0.435645579764205,0.338949929092465,0.971939914703614,6.71285174903522
3.19771825396825,0.435626978442556,0.338988958034185,0.971475115353754,6.71319230239986
3.19781746031746,0.435608347989705,0.339027961832141,0.971010538074293,6.71353279884781
3.19791666666667,0.435589688498902,0.339066940468559,0.970546182757859,6.71387323836754
3.19801587301587,0.435571000063376,0.339105893925666,0.97008204929713,6.71421362094752
3.19811507936508,0.435552282051031,0.339144822492907,0.969618137490834,6.71455394688966
3.19821428571429,0.435533533639559,0.339183726538759,0.969154447121415,6.71489421657611
3.19831349206349,0.435514754857113,0.339222606070582,0.968690978086355,6.71523443002042
3.1984126984127,0.435495945733722,0.339261461094931,0.968227730283415,6.71557458723533
3.1985119047619,0.435477106299426,0.339300291618351,0.967764703610405,6.71591468823353
3.19861111111111,0.435458236584275,0.339339097647378,0.967301897965158,6.71625473302774
3.19871031746032,0.435439336618327,0.339377879188536,0.966839313245548,6.71659472163065
3.19880952380952,0.435420406431652,0.339416636248339,0.966376949349483,6.71693465405493
3.19890873015873,0.435401446054329,0.33945536883329,0.965914806174909,6.71727453031326
3.19900793650794,0.435382455516445,0.339494076949882,0.965452883619805,6.71761435041828
3.19910714285714,0.435363434848099,0.339532760604598,0.964991181582186,6.71795411438264
3.19920634920635,0.4353443840794,0.33957141980391,0.96452969996011,6.71829382221896
3.19930555555556,0.435325303240464,0.33961005455428,0.964068438651662,6.71863347393987
3.19940476190476,0.43530619236142,0.339648664862157,0.963607397554966,6.71897306955796
3.19950396825397,0.435287051472403,0.339687250733984,0.963146576568181,6.71931260908583
3.19960317460317,0.435267880603563,0.339725812176189,0.962685975589504,6.71965209253607
3.19970238095238,0.435248679785055,0.339764349195192,0.962225594517165,6.71999151992124
3.19980158730159,0.435229449047045,0.339802861797402,0.961765433249432,6.72033089125389
3.19990079365079,0.435210188419711,0.339841349989219,0.961305491684605,6.72067020654657
3.2,0.435190897933237,0.339879813777029,0.960845769721028,6.72100946581181
3.20009920634921,0.435171577617821,0.339918253167211,0.960386267257074,6.72134866906213
3.20019841269841,0.435152227503667,0.339956668166131,0.959926984191153,6.72168781631004
3.20029761904762,0.43513284762099,0.339995058780145,0.959467920421712,6.72202690756803
3.20039682539683,0.435113438000016,0.340033425015601,0.959009075847231,6.72236594284858
3.20049603174603,0.43509399867098,0.340071766878833,0.95855045036623,6.72270492216417
3.20059523809524,0.435074529664125,0.340110084376167,0.958092043877259,6.72304384552726
3.20069444444444,0.435055031009707,0.340148377513917,0.957633856278914,6.72338271295028
3.20079365079365,0.43503550273799,0.340186646298387,0.957175887469816,6.72372152444567
3.20089285714286,0.435015944879246,0.34022489073587,0.956718137348628,6.72406028002586
3.20099206349206,0.43499635746376,0.340263110832651,0.956260605814047,6.72439897970325
3.20109126984127,0.434976740521826,0.340301306595,0.955803292764805,6.72473762349024
3.20119047619048,0.434957094083745,0.340339478029182,0.95534619809967,6.72507621139922
3.20128968253968,0.434937418179832,0.340377625141446,0.954889321717449,6.72541474344255
3.20138888888889,0.434917712840407,0.340415747938035,0.954432663516977,6.72575321963261
3.2014880952381,0.434897978095805,0.340453846425178,0.953976223397137,6.72609163998172
3.2015873015873,0.434878213976367,0.340491920609096,0.953520001256838,6.72643000450224
3.20168650793651,0.434858420512445,0.340529970495998,0.953063996995027,6.72676831320649
3.20178571428571,0.4348385977344,0.340567996092084,0.952608210510689,6.72710656610677
3.20188492063492,0.434818745672603,0.340605997403542,0.952152641702843,6.72744476321539
3.20198412698413,0.434798864357437,0.340643974436551,0.951697290470544,6.72778290454462
3.20208333333333,0.434778953819292,0.340681927197277,0.95124215671288,6.72812099010676
3.20218253968254,0.434759014088567,0.340719855691879,0.950787240328984,6.72845901991406
3.20228174603175,0.434739045195675,0.340757759926502,0.950332541218016,6.72879699397877
3.20238095238095,0.434719047171034,0.340795639907283,0.949878059279174,6.72913491231312
3.20248015873016,0.434699020045076,0.340833495640347,0.949423794411692,6.72947277492935
3.20257936507937,0.434678963848238,0.340871327131811,0.948969746514842,6.72981058183966
3.20267857142857,0.434658878610972,0.340909134387777,0.948515915487928,6.73014833305627
3.20277777777778,0.434638764363735,0.340946917414341,0.948062301230293,6.73048602859135
3.20287698412698,0.434618621136997,0.340984676217586,0.94760890364131,6.73082366845709
3.20297619047619,0.434598448961237,0.341022410803586,0.947155722620401,6.73116125266564
3.2030753968254,0.434578247866943,0.341060121178403,0.94670275806701,6.73149878122917
3.2031746031746,0.434558017884613,0.341097807348088,0.946250009880624,6.73183625415981
3.20327380952381,0.434537759044755,0.341135469318685,0.945797477960762,6.73217367146968
3.20337301587302,0.434517471377886,0.341173107096224,0.945345162206982,6.73251103317091
3.20347222222222,0.434497154914535,0.341210720686725,0.944893062518877,6.73284833927561
3.20357142857143,0.434476809685237,0.3412483100962,0.94444117879607,6.73318558979585
3.20367063492063,0.434456435720542,0.341285875330647,0.943989510938234,6.73352278474372
3.20376984126984,0.434436033051004,0.341323416396057,0.943538058845064,6.73385992413128
3.20386904761905,0.43441560170719,0.341360933298407,0.943086822416297,6.73419700797059
3.20396825396825,0.434395141719677,0.341398426043666,0.942635801551704,6.7345340362737
3.20406746031746,0.434374653119051,0.341435894637791,0.942184996151093,6.73487100905263
3.20416666666667,0.434354135935907,0.341473339086731,0.941734406114307,6.7352079263194
3.20426587301587,0.43433359020085,0.341510759396421,0.941284031341225,6.73554478808601
3.20436507936508,0.434313015944497,0.341548155572788,0.940833871731759,6.73588159436447
3.20446428571429,0.434292413197472,0.341585527621748,0.940383927185866,6.73621834516674
3.20456349206349,0.434271781990409,0.341622875549205,0.939934197603529,6.7365550405048
3.2046626984127,0.434251122353953,0.341660199361055,0.939484682884771,6.73689168039061
3.2047619047619,0.434230434318759,0.341697499063183,0.939035382929649,6.73722826483611
3.20486111111111,0.43420971791549,0.341734774661461,0.938586297638259,6.73756479385323
3.20496031746032,0.43418897317482,0.341772026161752,0.93813742691073,6.73790126745389
3.20505952380952,0.434168200127433,0.341809253569911,0.937688770647224,6.73823768565
3.20515873015873,0.434147398804022,0.341846456891779,0.937240328747948,6.73857404845346
3.20525793650794,0.43412656923529,0.341883636133188,0.936792101113139,6.73891035587615
3.20535714285714,0.43410571145195,0.341920791299959,0.936344087643067,6.73924660792993
3.20545634920635,0.434084825484723,0.341957922397903,0.935896288238043,6.73958280462668
3.20555555555556,0.434063911364344,0.34199502943282,0.935448702798411,6.73991894597823
3.20565476190476,0.434042969121552,0.3420321124105,0.935001331224552,6.74025503199642
3.20575396825397,0.434021998787102,0.342069171336723,0.934554173416881,6.74059106269307
3.20585317460317,0.434001000391752,0.342106206217258,0.934107229275849,6.74092703808
3.20595238095238,0.433979973966277,0.342143217057861,0.933660498701949,6.74126295816899
3.20605158730159,0.433958919541455,0.342180203864283,0.933213981595703,6.74159882297184
3.20615079365079,0.433937837148078,0.342217166642259,0.932767677857669,6.74193463250031
3.20625,0.433916726816947,0.342254105397517,0.932321587388444,6.74227038676618
3.20634920634921,0.433895588578872,0.342291020135772,0.931875710088658,6.74260608578118
3.20644841269841,0.433874422464673,0.342327910862732,0.931430045858979,6.74294172955705
3.20654761904762,0.43385322850518,0.342364777584091,0.930984594600107,6.74327731810553
3.20664682539683,0.433832006731232,0.342401620305535,0.930539356212787,6.74361285143831
3.20674603174603,0.433810757173679,0.342438439032736,0.93009433059779,6.74394832956711
3.20684523809524,0.43378947986338,0.34247523377136,0.929649517655926,6.7442837525036
3.20694444444444,0.433768174831203,0.34251200452706,0.929204917288042,6.74461912025947
3.20704365079365,0.433746842108027,0.342548751305479,0.92876052939502,6.74495443284637
3.20714285714286,0.433725481724742,0.342585474112248,0.928316353877778,6.74528969027596
3.20724206349206,0.433704093712243,0.342622172952991,0.92787239063727,6.74562489255987
3.20734126984127,0.433682678101441,0.342658847833318,0.927428639574481,6.74596003970974
3.20744047619048,0.433661234923252,0.34269549875883,0.926985100590443,6.74629513173717
3.20753968253968,0.433639764208603,0.342732125735118,0.926541773586215,6.74663016865378
3.20763888888889,0.433618265988432,0.342768728767762,0.926098658462894,6.74696515047114
3.2077380952381,0.433596740293685,0.342805307862331,0.925655755121612,6.74730007720083
3.2078373015873,0.43357518715532,0.342841863024384,0.925213063463538,6.74763494885443
3.20793650793651,0.433553606604302,0.342878394259469,0.924770583389876,6.74796976544348
3.20803571428571,0.433531998671608,0.342914901573125,0.924328314801863,6.74830452697953
3.20813492063492,0.433510363388224,0.342951384970879,0.923886257600782,6.7486392334741
3.20823412698413,0.433488700785145,0.342987844458247,0.923444411687942,6.7489738849387
3.20833333333333,0.433467010893377,0.343024280040737,0.92300277696469,6.74930848138486
3.20843253968254,0.433445293743935,0.343060691723844,0.92256135333241,6.74964302282404
3.20853174603175,0.433423549367844,0.343097079513054,0.922120140692521,6.74997750926775
3.20863095238095,0.433401777796138,0.343133443413841,0.921679138946478,6.75031194072743
3.20873015873016,0.433379979059862,0.343169783431671,0.921238347995773,6.75064631721456
3.20882936507937,0.43335815319007,0.343206099571997,0.920797767741928,6.75098063874056
3.20892857142857,0.433336300217826,0.343242391840262,0.920357398086514,6.75131490531688
3.20902777777778,0.433314420174204,0.343278660241901,0.919917238931124,6.75164911695493
3.20912698412698,0.433292513090287,0.343314904782334,0.919477290177394,6.75198327366611
3.20922619047619,0.433270578997168,0.343351125466975,0.919037551726994,6.75231737546182
3.2093253968254,0.433248617925951,0.343387322301224,0.918598023481629,6.75265142235345
3.2094246031746,0.433226629907747,0.343423495290473,0.918158705343042,6.75298541435235
3.20952380952381,0.433204614973681,0.343459644440103,0.917719597213006,6.7533193514699
3.20962301587302,0.433182573154883,0.343495769755482,0.917280698993341,6.75365323371743
3.20972222222222,0.433160504482495,0.343531871241972,0.916842010585894,6.75398706110628
3.20982142857143,0.433138408987671,0.34356794890492,0.916403531892549,6.75432083364776
3.20992063492063,0.43311628670157,0.343604002749666,0.915965262815227,6.7546545513532
3.21001984126984,0.433094137655364,0.343640032781537,0.915527203255885,6.75498821423387
3.21011904761905,0.433071961880235,0.343676039005851,0.915089353116516,6.75532182230107
3.21021825396825,0.433049759407372,0.343712021427915,0.914651712299146,6.75565537556607
3.21031746031746,0.433027530267977,0.343747980053027,0.914214280705839,6.75598887404013
3.21041666666667,0.433005274493259,0.34378391488647,0.913777058238699,6.75632231773449
3.21051587301587,0.432982992114439,0.343819825933522,0.91334004479986,6.75665570666039
3.21061507936508,0.432960683162747,0.343855713199448,0.912903240291493,6.75698904082905
3.21071428571429,0.432938347669421,0.343891576689501,0.912466644615804,6.75732232025169
3.21081349206349,0.432915985665712,0.343927416408927,0.912030257675039,6.7576555449395
3.2109126984127,0.432893597182878,0.343963232362958,0.911594079371475,6.75798871490366
3.21101190476191,0.432871182252189,0.343999024556818,0.911158109607424,6.75832183015536
3.21111111111111,0.432848740904921,0.344034792995719,0.910722348285244,6.75865489070575
3.21121031746032,0.432826273172365,0.344070537684864,0.910286795307317,6.75898789656599
3.21130952380952,0.432803779085818,0.344106258629444,0.909851450576066,6.7593208477472
3.21140873015873,0.432781258676587,0.344141955834641,0.909416313993949,6.75965374426052
3.21150793650794,0.432758711975991,0.344177629305624,0.90898138546346,6.75998658611705
3.21160714285714,0.432736139015357,0.344213279047554,0.908546664887129,6.7603193733279
3.21170634920635,0.432713539826021,0.344248905065581,0.908112152167521,6.76065210590416
3.21180555555556,0.43269091443933,0.344284507364844,0.907677847207235,6.76098478385691
3.21190476190476,0.432668262886642,0.344320085950471,0.907243749908913,6.7613174071972
3.21200396825397,0.432645585199322,0.344355640827581,0.906809860175227,6.76164997593608
3.21210317460317,0.432622881408747,0.344391172001281,0.906376177908884,6.7619824900846
3.21220238095238,0.432600151546302,0.344426679476668,0.90594270301263,6.76231494965379
3.21230158730159,0.432577395643383,0.34446216325883,0.905509435389245,6.76264735465465
3.21240079365079,0.432554613731396,0.344497623352842,0.905076374941546,6.7629797050982
3.2125,0.432531805841755,0.344533059763771,0.904643521572381,6.76331200099542
3.21259920634921,0.432508972005885,0.34456847249667,0.904210875184644,6.76364424235729
3.21269841269841,0.432486112255221,0.344603861556585,0.903778435681257,6.76397642919478
3.21279761904762,0.432463226621208,0.34463922694855,0.903346202965179,6.76430856151883
3.21289682539683,0.432440315135298,0.344674568677589,0.902914176939404,6.7646406393404
3.21299603174603,0.432417377828958,0.344709886748715,0.902482357506966,6.7649726626704
3.21309523809524,0.432394414733659,0.344745181166931,0.90205074457093,6.76530463151977
3.21319444444444,0.432371425880885,0.344780451937229,0.901619338034399,6.76563654589939
3.21329365079365,0.43234841130213,0.34481569906459,0.90118813780051,6.76596840582018
3.21339285714286,0.432325371028896,0.344850922553987,0.900757143772442,6.76630021129299
3.21349206349206,0.432302305092696,0.344886122410379,0.900326355853403,6.76663196232871
3.21359126984127,0.432279213525052,0.344921298638716,0.89989577394664,6.76696365893819
3.21369047619048,0.432256096357498,0.34495645124394,0.899465397955433,6.76729530113228
3.21378968253968,0.432232953621573,0.344991580230978,0.899035227783102,6.76762688892179
3.21388888888889,0.432209785348831,0.34502668560475,0.898605263332999,6.76795842231756
3.2139880952381,0.432186591570833,0.345061767370164,0.898175504508512,6.7682899013304
3.2140873015873,0.432163372319149,0.345096825532118,0.89774595121307,6.76862132597108
3.21418650793651,0.432140127625361,0.345131860095498,0.897316603350133,6.76895269625041
3.21428571428571,0.432116857521059,0.345166871065183,0.896887460823197,6.76928401217914
3.21438492063492,0.432093562037844,0.345201858446037,0.896458523535795,6.76961527376803
3.21448412698413,0.432070241207326,0.345236822242917,0.896029791391496,6.76994648102784
3.21458333333333,0.432046895061126,0.345271762460668,0.895601264293904,6.7702776339693
3.21468253968254,0.432023523630872,0.345306679104125,0.895172942146658,6.77060873260312
3.21478174603175,0.432000126948204,0.345341572178113,0.894744824853433,6.77093977694001
3.21488095238095,0.431976705044771,0.345376441687444,0.894316912317946,6.77127076699068
3.21498015873016,0.431953257952233,0.345411287636923,0.893889204443941,6.77160170276581
3.21507936507937,0.431929785702258,0.345446110031341,0.893461701135202,6.77193258427607
3.21517857142857,0.431906288326525,0.345480908875483,0.893034402295548,6.77226341153211
3.21527777777778,0.431882765856721,0.345515684174118,0.892607307828835,6.77259418454459
3.21537698412698,0.431859218324546,0.345550435932009,0.892180417638953,6.77292490332415
3.21547619047619,0.431835645761705,0.345585164153907,0.891753731629826,6.7732555678814
3.2155753968254,0.431812048199918,0.345619868844552,0.891327249705423,6.77358617822697
3.2156746031746,0.431788425670911,0.345654550008673,0.890900971769738,6.77391673437143
3.21577380952381,0.431764778206422,0.345689207650991,0.890474897726807,6.7742472363254
3.21587301587302,0.431741105838197,0.345723841776213,0.890049027480698,6.77457768409943
3.21597222222222,0.431717408597992,0.345758452389039,0.889623360935519,6.77490807770409
3.21607142857143,0.431693686517574,0.345793039494155,0.88919789799541,6.77523841714993
3.21617063492063,0.431669939628719,0.345827603096241,0.88877263856455,6.77556870244749
3.21626984126984,0.431646167963213,0.345862143199962,0.888347582547148,6.7758989336073
3.21636904761905,0.431622371552851,0.345896659809974,0.887922729847459,6.77622911063987
3.21646825396825,0.431598550429438,0.345931152930924,0.887498080369766,6.77655923355569
3.21656746031746,0.43157470462479,0.345965622567448,0.887073634018388,6.77688930236526
3.21666666666667,0.431550834170732,0.346000068724169,0.886649390697684,6.77721931707905
3.21676587301587,0.431526939099098,0.346034491405703,0.886225350312045,6.77754927770754
3.21686507936508,0.431503019441731,0.346068890616653,0.885801512765899,6.77787918426116
3.21696428571429,0.431479075230487,0.346103266361613,0.885377877963708,6.77820903675037
3.21706349206349,0.431455106497229,0.346137618645166,0.884954445809977,6.77853883518559
3.2171626984127,0.431431113273831,0.346171947471884,0.884531216209238,6.77886857957723
3.2172619047619,0.431407095592176,0.346206252846329,0.884108189066065,6.7791982699357
3.21736111111111,0.431383053484158,0.346240534773052,0.883685364285063,6.77952790627139
3.21746031746032,0.431358986981678,0.346274793256595,0.883262741770875,6.77985748859467
3.21755952380952,0.43133489611665,0.346309028301488,0.882840321428182,6.78018701691592
3.21765873015873,0.431310780920995,0.346343239912251,0.882418103161697,6.78051649124549
3.21775793650794,0.431286641426647,0.346377428093393,0.881996086876168,6.78084591159372
3.21785714285714,0.431262477665546,0.346411592849413,0.881574272476388,6.78117527797095
3.21795634920635,0.431238289669646,0.346445734184801,0.881152659867176,6.78150459038748
3.21805555555556,0.431214077470905,0.346479852104032,0.88073124895339,6.78183384885362
3.21815476190476,0.431189841101297,0.346513946611577,0.880310039639923,6.78216305337967
3.21825396825397,0.431165580592802,0.34654801771189,0.879889031831705,6.78249220397591
3.21835317460317,0.431141295977411,0.346582065409419,0.879468225433703,6.78282130065261
3.21845238095238,0.431116987287123,0.3466160897086,0.879047620350914,6.78315034342003
3.21855158730159,0.431092654553949,0.346650090613858,0.878627216488381,6.7834793322884
3.21865079365079,0.431068297809909,0.346684068129609,0.878207013751175,6.78380826726796
3.21875,0.431043917087033,0.346718022260256,0.877787012044403,6.78413714836893
3.21884920634921,0.43101951241736,0.346751953010194,0.877367211273212,6.78446597560151
3.21894841269841,0.430995083832939,0.346785860383806,0.87694761134278,6.78479474897592
3.21904761904762,0.430970631365829,0.346819744385466,0.876528212158325,6.78512346850231
3.21914682539682,0.430946155048099,0.346853605019536,0.876109013625099,6.78545213419088
3.21924603174603,0.430921654911827,0.346887442290367,0.875690015648386,6.78578074605177
3.21934523809524,0.430897130989101,0.346921256202302,0.875271218133516,6.78610930409513
3.21944444444444,0.43087258331202,0.346955046759672,0.874852620985845,6.7864378083311
3.21954365079365,0.43084801191269,0.346988813966797,0.87443422411077,6.7867662587698
3.21964285714286,0.43082341682323,0.347022557827986,0.87401602741372,6.78709465542134
3.21974206349206,0.430798798075767,0.347056278347541,0.873598030800164,6.78742299829581
3.21984126984127,0.430774155702437,0.347089975529749,0.873180234175604,6.7877512874033
3.21994047619048,0.430749489735387,0.34712364937889,0.872762637445575,6.7880795227539
3.22003968253968,0.430724800206774,0.347157299899232,0.872345240515658,6.78840770435764
3.22013888888889,0.430700087148764,0.347190927095031,0.87192804329146,6.78873583222459
3.2202380952381,0.430675350593533,0.347224530970536,0.871511045678628,6.78906390636477
3.2203373015873,0.430650590573267,0.347258111529982,0.871094247582843,6.78939192678823
3.22043650793651,0.430625807120161,0.347291668777596,0.870677648909823,6.78971989350495
3.22053571428571,0.43060100026642,0.347325202717594,0.870261249565321,6.79004780652496
3.22063492063492,0.430576170044259,0.34735871335418,0.869845049455127,6.79037566585823
3.22073412698413,0.430551316485904,0.34739220069155,0.869429048485063,6.79070347151473
3.22083333333333,0.430526439623588,0.347425664733887,0.869013246560996,6.79103122350444
3.22093253968254,0.430501539489556,0.347459105485364,0.86859764358882,6.7913589218373
3.22103174603175,0.430476616116062,0.347492522950146,0.868182239474468,6.79168656652325
3.22113095238095,0.43045166953537,0.347525917132385,0.867767034123907,6.79201415757222
3.22123015873016,0.430426699779752,0.347559288036223,0.867352027443142,6.79234169499412
3.22132936507936,0.430401706881493,0.347592635665791,0.866937219338214,6.79266917879886
3.22142857142857,0.430376690872886,0.347625960025211,0.866522609715196,6.79299660899632
3.22152777777778,0.430351651786232,0.347659261118594,0.866108198480204,6.79332398559637
3.22162698412698,0.430326589653846,0.347692538950039,0.865693985539383,6.79365130860889
3.22172619047619,0.430301504508048,0.347725793523636,0.865279970798918,6.79397857804373
3.2218253968254,0.430276396381172,0.347759024843465,0.864866154165027,6.79430579391073
3.2219246031746,0.430251265305559,0.347792232913593,0.864452535543964,6.79463295621972
3.22202380952381,0.43022611131356,0.34782541773808,0.864039114842022,6.79496006498051
3.22212301587302,0.430200934437536,0.347858579320974,0.863625891965527,6.79528712020291
3.22222222222222,0.43017573470986,0.34789171766631,0.863212866820837,6.79561412189671
3.22232142857143,0.430150512162911,0.347924832778116,0.862800039314358,6.79594107007169
3.22242063492063,0.430125266829081,0.347957924660409,0.86238740935252,6.79626796473761
3.22251984126984,0.430099998740769,0.347990993317193,0.861974976841794,6.79659480590424
3.22261904761905,0.430074707930385,0.348024038752464,0.861562741688685,6.79692159358131
3.22271825396825,0.430049394430351,0.348057060970207,0.861150703799735,6.79724832777855
3.22281746031746,0.430024058273094,0.348090059974396,0.860738863081521,6.79757500850569
3.22291666666667,0.429998699491054,0.348123035768995,0.860327219440654,6.79790163577242
3.22301587301587,0.429973318116681,0.348155988357957,0.859915772783788,6.79822820958845
3.22311507936508,0.429947914182434,0.348188917745224,0.859504523017605,6.79855472996346
3.22321428571429,0.429922487720781,0.34822182393473,0.859093470048826,6.79888119690711
3.22331349206349,0.429897038764199,0.348254706930395,0.858682613784207,6.79920761042906
3.2234126984127,0.429871567345179,0.348287566736132,0.858271954130542,6.79953397053896
3.2235119047619,0.429846073496217,0.34832040335584,0.857861490994657,6.79986027724644
3.22361111111111,0.42982055724982,0.34835321679341,0.857451224283417,6.80018653056111
3.22371031746032,0.429795018638507,0.348386007052723,0.857041153903719,6.8005127304926
3.22380952380952,0.429769457694805,0.348418774137646,0.856631279762504,6.80083887705049
3.22390873015873,0.42974387445125,0.348451518052039,0.85622160176674,6.80116497024437
3.22400793650794,0.429718268940389,0.348484238799751,0.855812119823436,6.80149101008381
3.22410714285714,0.429692641194778,0.348516936384618,0.855402833839633,6.80181699657837
3.22420634920635,0.429666991246984,0.348549610810469,0.854993743722411,6.80214292973759
3.22430555555556,0.429641319129583,0.34858226208112,0.854584849378885,6.80246880957101
3.22440476190476,0.42961562487516,0.348614890200378,0.854176150716201,6.80279463608816
3.22450396825397,0.42958990851631,0.348647495172038,0.853767647641553,6.80312040929855
3.22460317460317,0.429564170085639,0.348680076999885,0.85335934006216,6.80344612921166
3.22470238095238,0.429538409615762,0.348712635687695,0.852951227885279,6.803771795837
3.22480158730159,0.429512627139304,0.348745171239232,0.852543311018204,6.80409740918403
3.22490079365079,0.429486822688898,0.34877768365825,0.852135589368264,6.80442296926221
3.225,0.429460996297189,0.348810172948491,0.851728062842827,6.80474847608099
3.22509920634921,0.429435147996831,0.348842639113689,0.851320731349291,6.80507392964982
3.22519841269841,0.429409277820488,0.348875082157567,0.850913594795093,6.80539932997811
3.22529761904762,0.429383385800833,0.348907502083836,0.850506653087709,6.80572467707528
3.22539682539683,0.42935747197055,0.348939898896197,0.850099906134647,6.80604997095072
3.22549603174603,0.429331536362331,0.348972272598341,0.849693353843451,6.80637521161383
3.22559523809524,0.429305579008879,0.349004623193949,0.849286996121701,6.80670039907399
3.22569444444444,0.429279599942906,0.349036950686691,0.848880832877012,6.80702553334055
3.22579365079365,0.429253599197136,0.349069255080225,0.848474864017039,6.80735061442287
3.22589285714286,0.429227576804299,0.349101536378202,0.848069089449464,6.80767564233028
3.22599206349206,0.429201532797137,0.349133794584259,0.847663509082018,6.80800061707212
3.22609126984127,0.429175467208403,0.349166029702024,0.847258122822457,6.80832553865769
3.22619047619048,0.429149380070857,0.349198241735114,0.846852930578576,6.80865040709631
3.22628968253968,0.42912327141727,0.349230430687138,0.846447932258207,6.80897522239726
3.22638888888889,0.429097141280423,0.34926259656169,0.846043127769216,6.80929998456982
3.22648809523809,0.429070989693107,0.349294739362357,0.845638517019506,6.80962469362325
3.2265873015873,0.429044816688121,0.349326859092714,0.845234099917015,6.80994934956681
3.22668650793651,0.429018622298277,0.349358955756327,0.844829876369717,6.81027395240974
3.22678571428571,0.428992406556393,0.349391029356749,0.844425846285624,6.81059850216127
3.22688492063492,0.428966169495299,0.349423079897525,0.844022009572782,6.81092299883062
3.22698412698413,0.428939911147834,0.349455107382188,0.843618366139273,6.81124744242698
3.22708333333333,0.428913631546849,0.349487111814261,0.843214915893212,6.81157183295956
3.22718253968254,0.4288873307252,0.349519093197256,0.842811658742755,6.81189617043753
3.22728174603175,0.428861008715757,0.349551051534677,0.84240859459609,6.81222045487007
3.22738095238095,0.428834665551399,0.349582986830013,0.84200572336144,6.81254468626632
3.22748015873016,0.428808301265012,0.349614899086746,0.841603044947071,6.81286886463543
3.22757936507937,0.428781915889496,0.349646788308346,0.841200559261278,6.81319298998654
3.22767857142857,0.428755509457757,0.349678654498274,0.840798266212392,6.81351706232875
3.22777777777778,0.428729082002713,0.349710497659979,0.840396165708782,6.81384108167119
3.22787698412698,0.428702633557292,0.3497423177969,0.839994257658852,6.81416504802293
3.22797619047619,0.428676164154429,0.349774114912465,0.839592541971043,6.81448896139307
3.2280753968254,0.428649673827071,0.349805889010093,0.83919101855383,6.81481282179068
3.2281746031746,0.428623162608176,0.349837640093191,0.838789687315722,6.81513662922481
3.22827380952381,0.428596630530708,0.349869368165155,0.838388548165272,6.8154603837045
3.22837301587302,0.428570077627644,0.349901073229373,0.837987601011061,6.8157840852388
3.22847222222222,0.428543503931969,0.349932755289221,0.837586845761707,6.81610773383672
3.22857142857143,0.428516909476679,0.349964414348064,0.837186282325866,6.81643132950728
3.22867063492063,0.428490294294779,0.349996050409257,0.836785910612229,6.81675487225946
3.22876984126984,0.428463658419284,0.350027663476145,0.836385730529521,6.81707836210226
3.22886904761905,0.428437001883217,0.350059253552061,0.835985741986504,6.81740179904464
3.22896825396825,0.428410324719615,0.35009082064033,0.835585944891979,6.81772518309557
3.22906746031746,0.428383626961521,0.350122364744264,0.835186339154779,6.81804851426399
3.22916666666667,0.428356908641988,0.350153885867167,0.834786924683774,6.81837179255884
3.22926587301587,0.428330169794081,0.350185384012329,0.834387701387869,6.81869501798904
3.22936507936508,0.428303410450872,0.350216859183032,0.833988669176005,6.81901819056351
3.22946428571429,0.428276630645445,0.350248311382549,0.833589827957161,6.81934131029114
3.22956349206349,0.428249830410894,0.350279740614139,0.833191177640349,6.81966437718082
3.2296626984127,0.428223009780319,0.350311146881052,0.832792718134615,6.81998739124143
3.2297619047619,0.428196168786835,0.350342530186528,0.83239444934905,6.82031035248181
3.22986111111111,0.428169307463563,0.350373890533796,0.831996371192771,6.82063326091084
3.22996031746032,0.428142425843635,0.350405227926075,0.831598483574935,6.82095611653734
3.23005952380952,0.428115523960193,0.350436542366573,0.831200786404734,6.82127891937013
3.23015873015873,0.428088601846388,0.350467833858487,0.830803279591397,6.82160166941804
3.23025793650794,0.428061659535381,0.350499102405005,0.830405963044186,6.82192436668987
3.23035714285714,0.428034697060344,0.350530348009303,0.8300088366724,6.8222470111944
3.23045634920635,0.428007714454456,0.350561570674548,0.829611900385378,6.8225696029404
3.23055555555556,0.427980711750909,0.350592770403894,0.829215154092491,6.82289214193665
3.23065476190476,0.427953688982903,0.350623947200488,0.828818597703143,6.82321462819189
3.23075396825397,0.427926646183648,0.350655101067463,0.82842223112678,6.82353706171487
3.23085317460317,0.427899583386363,0.350686232007944,0.828026054272879,6.82385944251431
3.23095238095238,0.427872500624277,0.350717340025045,0.827630067050956,6.82418177059893
3.23105158730159,0.427845397930631,0.350748425121869,0.827234269370559,6.82450404597743
3.23115079365079,0.427818275338673,0.350779487301509,0.826838661141274,6.82482626865851
3.23125,0.427791132881662,0.350810526567046,0.826443242272728,6.82514843865084
3.23134920634921,0.427763970592866,0.350841542921552,0.826048012674575,6.82547055596308
3.23144841269841,0.427736788505563,0.350872536368089,0.82565297225651,6.8257926206039
3.23154761904762,0.427709586653043,0.350903506909707,0.825258120928262,6.82611463258193
3.23164682539683,0.427682365068601,0.350934454549446,0.824863458599596,6.8264365919058
3.23174603174603,0.427655123785547,0.350965379290337,0.824468985180314,6.82675849858414
3.23184523809524,0.427627862837196,0.350996281135399,0.82407470058025,6.82708035262554
3.23194444444444,0.427600582256877,0.351027160087639,0.823680604709282,6.82740215403861
3.23204365079365,0.427573282077925,0.351058016150056,0.823286697477315,6.82772390283191
3.23214285714286,0.427545962333688,0.351088849325639,0.822892978794295,6.82804559901402
3.23224206349206,0.427518623057522,0.351119659617364,0.822499448570202,6.8283672425935
3.23234126984127,0.427491264282792,0.351150447028198,0.822106106715052,6.82868883357889
3.23244047619048,0.427463886042875,0.351181211561097,0.821712953138896,6.82901037197873
3.23253968253968,0.427436488371157,0.351211953219007,0.821319987751823,6.82933185780152
3.23263888888889,0.427409071301031,0.351242672004863,0.820927210463953,6.82965329105579
3.2327380952381,0.427381634865904,0.351273367921591,0.820534621185451,6.82997467175002
3.2328373015873,0.427354179099191,0.351304040972104,0.82014221982651,6.83029599989269
3.23293650793651,0.427326704034315,0.351334691159306,0.81975000629736,6.83061727549229
3.23303571428571,0.427299209704712,0.35136531848609,0.819357980508268,6.83093849855726
3.23313492063492,0.427271696143824,0.351395922955339,0.818966142369538,6.83125966909606
3.23323412698413,0.427244163385107,0.351426504569926,0.818574491791507,6.83158078711711
3.23333333333333,0.427216611462024,0.351457063332712,0.818183028684547,6.83190185262885
3.23343253968254,0.427189040408047,0.351487599246549,0.817791752959074,6.83222286563967
3.23353174603175,0.427161450256661,0.351518112314276,0.81740066452553,6.83254382615798
3.23363095238095,0.427133841041358,0.351548602538726,0.817009763294398,6.83286473419216
3.23373015873016,0.42710621279564,0.351579069922717,0.816619049176195,6.83318558975059
3.23382936507937,0.427078565553021,0.351609514469058,0.816228522081475,6.83350639284162
3.23392857142857,0.427050899347021,0.35163993618055,0.815838181920826,6.83382714347361
3.23402777777778,0.427023214211174,0.351670335059979,0.815448028604874,6.83414784165489
3.23412698412698,0.42699551017902,0.351700711110124,0.815058062044277,6.83446848739378
3.23422619047619,0.426967787284111,0.351731064333752,0.814668282149737,6.8347890806986
3.2343253968254,0.426940045560008,0.35176139473362,0.814278688831984,6.83510962157764
3.2344246031746,0.426912285040282,0.351791702312474,0.813889282001785,6.8354301100392
3.23452380952381,0.426884505758513,0.35182198707305,0.813500061569946,6.83575054609154
3.23462301587302,0.426856707748293,0.351852249018074,0.813111027447306,6.83607092974294
3.23472222222222,0.426828891043221,0.35188248815026,0.81272217954474,6.83639126100164
3.23482142857143,0.426801055676907,0.351912704472313,0.812333517773159,6.83671153987588
3.23492063492063,0.426773201682971,0.351942897986927,0.811945042043514,6.83703176637388
3.23501984126984,0.426745329095042,0.351973068696785,0.811556752266786,6.83735194050387
3.23511904761905,0.426717437946759,0.352003216604559,0.811168648353994,6.83767206227404
3.23521825396825,0.426689528271771,0.352033341712913,0.810780730216193,6.83799213169258
3.23531746031746,0.426661600103738,0.352063444024498,0.810392997764474,6.83831214876767
3.23541666666667,0.426633653476327,0.352093523541955,0.810005450909962,6.83863211350747
3.23551587301587,0.426605688423217,0.352123580267916,0.809618089563822,6.83895202592014
3.23561507936508,0.426577704978094,0.352153614205002,0.809230913637247,6.83927188601382
3.23571428571429,0.426549703174659,0.35218362535582,0.808843923041477,6.83959169379663
3.23581349206349,0.426521683046617,0.352213613722972,0.80845711768778,6.83991144927669
3.2359126984127,0.426493644627686,0.352243579309047,0.808070497487461,6.84023115246211
3.2360119047619,0.426465587951592,0.352273522116622,0.807684062351861,6.84055080336098
3.23611111111111,0.426437513052074,0.352303442148265,0.807297812192358,6.84087040198138
3.23621031746032,0.426409419962876,0.352333339406534,0.806911746920364,6.84118994833136
3.23630952380952,0.426381308717756,0.352363213893977,0.806525866447327,6.841509442419
3.23640873015873,0.426353179350479,0.352393065613129,0.806140170684735,6.84182888425233
3.23650793650794,0.426325031894821,0.352422894566516,0.805754659544107,6.84214827383939
3.23660714285714,0.426296866384567,0.352452700756654,0.805369332936999,6.84246761118818
3.23670634920635,0.426268682853513,0.352482484186048,0.804984190775003,6.84278689630672
3.23680555555556,0.426240481335464,0.352512244857192,0.804599232969747,6.843106129203
3.23690476190476,0.426212261864235,0.35254198277257,0.804214459432896,6.843425309885
3.23700396825397,0.426184024473649,0.352571697934657,0.803829870076148,6.84374443836069
3.23710317460317,0.426155769197542,0.352601390345914,0.803445464811237,6.84406351463803
3.23720238095238,0.426127496069757,0.352631060008794,0.803061243549938,6.84438253872497
3.23730158730159,0.426099205124149,0.352660706925739,0.802677206204057,6.84470151062942
3.23740079365079,0.426070896394579,0.352690331099182,0.802293352685436,6.84502043035933
3.2375,0.426042569914923,0.352719932531542,0.801909682905955,6.84533929792259
3.23759920634921,0.426014225719063,0.35274951122523,0.801526196777526,6.8456581133271
3.23769841269841,0.425985863840891,0.352779067182647,0.801142894212102,6.84597687658075
3.23779761904762,0.425957484314311,0.352808600406182,0.800759775121665,6.8462955876914
3.23789682539683,0.425929087173234,0.352838110898213,0.800376839418243,6.84661424666692
3.23799603174603,0.425900672451583,0.35286759866111,0.799994087013891,6.84693285351515
3.23809523809524,0.42587224018329,0.35289706369723,0.799611517820702,6.84725140824392
3.23819444444444,0.425843790402295,0.352926506008922,0.799229131750806,6.84756991086106
3.23829365079365,0.425815323142551,0.352955925598521,0.798846928716369,6.84788836137439
3.23839285714286,0.425786838438018,0.352985322468355,0.798464908629591,6.84820675979169
3.23849206349206,0.425758336322668,0.35301469662074,0.798083071402709,6.84852510612076
3.23859126984127,0.42572981683048,0.353044048057982,0.797701416947993,6.84884340036936
3.23869047619048,0.425701279995445,0.353073376782374,0.797319945177758,6.84916164254526
3.23878968253968,0.425672725851564,0.353102682796203,0.796938656004344,6.84947983265621
3.23888888888889,0.425644154432846,0.353131966101741,0.796557549340133,6.84979797070995
3.2389880952381,0.425615565773311,0.353161226701254,0.79617662509754,6.85011605671419
3.2390873015873,0.425586959906988,0.353190464596993,0.795795883189016,6.85043409067666
3.23918650793651,0.425558336867916,0.353219679791201,0.79541532352705,6.85075207260505
3.23928571428571,0.425529696690144,0.353248872286111,0.795034946024163,6.85107000250705
3.23938492063492,0.42550103940773,0.353278042083944,0.794654750592919,6.85138788039033
3.23948412698413,0.425472365054744,0.353307189186911,0.79427473714591,6.85170570626257
3.23958333333333,0.425443673665264,0.353336313597213,0.793894905595767,6.8520234801314
3.23968253968254,0.425414965273376,0.353365415317039,0.793515255855158,6.85234120200448
3.23978174603175,0.425386239913179,0.353394494348571,0.793135787836784,6.85265887188942
3.23988095238095,0.42535749761878,0.353423550693976,0.792756501453385,6.85297648979385
3.23998015873016,0.425328738424296,0.353452584355413,0.792377396617734,6.85329405572536
3.24007936507937,0.425299962363855,0.353481595335032,0.791998473242638,6.85361156969154
3.24017857142857,0.425271169471592,0.353510583634968,0.791619731240949,6.85392903169998
3.24027777777778,0.425242359781655,0.353539549257349,0.791241170525546,6.85424644175823
3.24037698412698,0.425213533328199,0.353568492204293,0.790862791009347,6.85456379987386
3.24047619047619,0.425184690145391,0.353597412477905,0.790484592605304,6.8548811060544
3.2405753968254,0.425155830267406,0.35362631008028,0.790106575226407,6.85519836030738
3.2406746031746,0.425126953728429,0.353655185013505,0.78972873878568,6.85551556264032
3.24077380952381,0.425098060562656,0.353684037279653,0.789351083196183,6.85583271306072
3.24087301587302,0.425069150804291,0.35371286688079,0.788973608371016,6.85614981157608
3.24097222222222,0.42504022448755,0.353741673818968,0.788596314223309,6.85646685819387
3.24107142857143,0.425011281646657,0.35377045809623,0.788219200666232,6.85678385292157
3.24117063492063,0.424982322315846,0.353799219714611,0.787842267612987,6.85710079576663
3.24126984126984,0.42495334652936,0.353827958676131,0.787465514976814,6.85741768673648
3.24136904761905,0.424924354321454,0.353856674982802,0.78708894267099,6.85773452583858
3.24146825396825,0.424895345726392,0.353885368636626,0.786712550608826,6.85805131308032
3.24156746031746,0.424866320778445,0.353914039639594,0.786336338703666,6.85836804846913
3.24166666666667,0.424837279511899,0.353942687993686,0.785960306868899,6.85868473201238
3.24176587301587,0.424808221961044,0.35397131370087,0.785584455017941,6.85900136371748
3.24186507936508,0.424779148160184,0.353999916763108,0.785208783064248,6.85931794359178
3.24196428571429,0.42475005814363,0.354028497182347,0.784833290921308,6.85963447164264
3.24206349206349,0.424720951945706,0.354057054960525,0.78445797850265,6.85995094787741
3.2421626984127,0.424691829600742,0.354085590099571,0.784082845721836,6.86026737230343
3.24226190476191,0.42466269114308,0.354114102601402,0.78370789249246,6.86058374492801
3.24236111111111,0.424633536607071,0.354142592467924,0.783333118728161,6.86090006575847
3.24246031746032,0.424604366027077,0.354171059701034,0.782958524342608,6.86121633480209
3.24255952380952,0.424575179437468,0.354199504302617,0.782584109249505,6.86153255206616
3.24265873015873,0.424545976872625,0.35422792627455,0.782209873362594,6.86184871755797
3.24275793650794,0.424516758366937,0.354256325618695,0.781835816595652,6.86216483128475
3.24285714285714,0.424487523954806,0.354284702336909,0.781461938862492,6.86248089325378
3.24295634920635,0.42445827367064,0.354313056431035,0.781088240076962,6.86279690347227
3.24305555555556,0.42442900754886,0.354341387902905,0.780714720152946,6.86311286194745
3.24315476190476,0.424399725623894,0.354369696754344,0.780341379004367,6.86342876868654
3.24325396825397,0.424370427930182,0.354397982987162,0.779968216545181,6.86374462369673
3.24335317460317,0.424341114502173,0.354426246603163,0.779595232689378,6.86406042698521
3.24345238095238,0.424311785374325,0.354454487604137,0.779222427350988,6.86437617855915
3.24355158730159,0.424282440581106,0.354482705991865,0.778849800444074,6.86469187842571
3.24365079365079,0.424253080156994,0.354510901768117,0.778477351882735,6.86500752659205
3.24375,0.424223704136478,0.354539074934654,0.778105081581103,6.86532312306531
3.24384920634921,0.424194312554054,0.354567225493225,0.777732989453357,6.8656386678526
3.24394841269841,0.424164905444231,0.354595353445568,0.777361075413699,6.86595416096104
3.24404761904762,0.424135482841526,0.354623458793412,0.776989339376372,6.86626960239774
3.24414682539683,0.424106044780464,0.354651541538475,0.776617781255657,6.86658499216978
3.24424603174603,0.424076591295583,0.354679601682464,0.776246400965865,6.86690033028423
3.24434523809524,0.424047122421429,0.354707639227076,0.775875198421349,6.86721561674816
3.24444444444444,0.424017638192559,0.354735654173998,0.775504173536494,6.86753085156863
3.24454365079365,0.423988138643537,0.354763646524905,0.775133326225719,6.86784603475268
3.24464285714286,0.423958623808941,0.354791616281463,0.774762656403487,6.86816116630732
3.24474206349206,0.423929093723354,0.354819563445326,0.77439216398429,6.86847624623958
3.24484126984127,0.423899548421373,0.354847488018139,0.774021848882656,6.86879127455646
3.24494047619048,0.423869987937601,0.354875390001536,0.773651711013152,6.86910625126495
3.24503968253968,0.423840412306655,0.354903269397141,0.773281750290377,6.86942117637203
3.24513888888889,0.423810821563158,0.354931126206566,0.772911966628969,6.86973604988466
3.2452380952381,0.423781215741743,0.354958960431413,0.772542359943598,6.8700508718098
3.2453373015873,0.423751594877057,0.354986772073275,0.772172930148977,6.8703656421544
3.24543650793651,0.423721959003751,0.355014561133733,0.771803677159848,6.87068036092537
3.24553571428571,0.423692308156489,0.355042327614359,0.771434600890992,6.87099502812965
3.24563492063492,0.423662642369945,0.355070071516711,0.771065701257223,6.87130964377412
3.24573412698413,0.423632961678801,0.355097792842341,0.770696978173395,6.8716242078657
3.24583333333333,0.42360326611775,0.355125491592788,0.770328431554394,6.87193872041125
3.24593253968254,0.423573555721495,0.355153167769581,0.769960061315144,6.87225318141765
3.24603174603175,0.423543830524747,0.355180821374238,0.769591867370602,6.87256759089175
3.24613095238095,0.423514090562229,0.355208452408267,0.769223849635767,6.8728819488404
3.24623015873016,0.423484335868672,0.355236060873167,0.768856008025668,6.87319625527042
3.24632936507937,0.423454566478818,0.355263646770422,0.768488342455372,6.87351051018865
3.24642857142857,0.423424782427418,0.355291210101511,0.768120852839981,6.87382471360188
3.24652777777778,0.423394983749233,0.3553187508679,0.767753539094634,6.87413886551691
3.24662698412698,0.423365170479034,0.355346269071043,0.767386401134504,6.87445296594052
3.24672619047619,0.4233353426516,0.355373764712385,0.767019438874799,6.87476701487949
3.2468253968254,0.423305500301723,0.355401237793362,0.76665265223077,6.87508101234057
3.2469246031746,0.423275643464202,0.355428688315397,0.766286041117696,6.87539495833051
3.24702380952381,0.423245772173848,0.355456116279904,0.765919605450894,6.87570885285604
3.24712301587302,0.423215886465479,0.355483521688286,0.765553345145718,6.87602269592389
3.24722222222222,0.423185986373924,0.355510904541935,0.765187260117556,6.87633648754076
3.24732142857143,0.423156071934024,0.355538264842234,0.764821350281834,6.87665022771336
3.24742063492063,0.423126143180626,0.355565602590553,0.764455615554012,6.87696391644835
3.24751984126984,0.423096200148589,0.355592917788255,0.764090055849584,6.87727755375244
3.24761904761905,0.423066242872781,0.355620210436688,0.763724671084087,6.87759113963226
3.24771825396825,0.423036271388081,0.355647480537195,0.763359461173088,6.87790467409446
3.24781746031746,0.423006285729376,0.355674728091103,0.76299442603219,6.8782181571457
3.24791666666667,0.422976285931563,0.355701953099733,0.762629565577032,6.87853158879258
3.24801587301587,0.42294627202955,0.355729155564392,0.762264879723291,6.87884496904172
3.24811507936508,0.422916244058254,0.35575633548638,0.761900368386678,6.87915829789972
3.24821428571429,0.422886202052602,0.355783492866983,0.761536031482938,6.87947157537317
3.24831349206349,0.42285614604753,0.355810627707478,0.761171868927858,6.87978480146864
3.2484126984127,0.422826076077985,0.355837740009133,0.760807880637256,6.8800979761927
3.2485119047619,0.422795992178922,0.355864829773202,0.760444066526985,6.88041109955189
3.24861111111111,0.422765894385308,0.355891897000933,0.760080426512937,6.88072417155276
3.24871031746032,0.422735782732118,0.355918941693559,0.759716960511037,6.88103719220182
3.24880952380952,0.422705657254337,0.355945963852306,0.759353668437248,6.8813501615056
3.24890873015873,0.422675517986961,0.355972963478388,0.758990550207568,6.88166307947059
3.24900793650794,0.422645364964993,0.355999940573008,0.758627605738028,6.88197594610329
3.24910714285714,0.42261519822345,0.35602689513736,0.758264834944703,6.88228876141017
3.24920634920635,0.422585017797354,0.356053827172625,0.757902237743696,6.8826015253977
3.24930555555556,0.422554823721741,0.356080736679977,0.757539814051147,6.88291423807233
3.24940476190476,0.422524616031654,0.356107623660577,0.757177563783235,6.88322689944049
3.24950396825397,0.422494394762147,0.356134488115575,0.756815486856171,6.88353950950863
3.24960317460317,0.422464159948282,0.356161330046114,0.756453583186205,6.88385206828314
3.24970238095238,0.422433911625134,0.356188149453322,0.756091852689619,6.88416457577045
3.24980158730159,0.422403649827785,0.35621494633832,0.755730295282738,6.88447703197694
3.24990079365079,0.422373374591327,0.356241720702216,0.755368910881916,6.88478943690898
3.25,0.422343085950864,0.35626847254611,0.755007699403544,6.88510179057295
3.25009920634921,0.422312783941506,0.356295201871089,0.754646660764051,6.8854140929752
3.25019841269841,0.422282468598377,0.356321908678232,0.7542857948799,6.88572634412208
3.25029761904762,0.422252139956607,0.356348592968605,0.753925101667591,6.88603854401991
3.25039682539682,0.422221798051338,0.356375254743265,0.753564581043659,6.88635069267501
3.25049603174603,0.422191442917721,0.356401894003259,0.753204232924672,6.88666279009369
3.25059523809524,0.422161074590918,0.356428510749621,0.752844057227243,6.88697483628223
3.25069444444444,0.422130693106098,0.356455104983378,0.752484053868012,6.88728683124694
3.25079365079365,0.422100298498442,0.356481676705544,0.752124222763656,6.88759877499406
3.25089285714286,0.422069890803141,0.356508225917123,0.751764563830892,6.88791066752986
3.25099206349206,0.422039470055394,0.356534752619109,0.751405076986468,6.88822250886059
3.25109126984127,0.422009036290411,0.356561256812485,0.751045762147171,6.88853429899247
3.25119047619048,0.421978589543411,0.356587738498224,0.75068661922982,6.88884603793174
3.25128968253968,0.421948129849624,0.356614197677289,0.750327648151278,6.88915772568458
3.25138888888889,0.421917657244288,0.35664063435063,0.749968848828436,6.88946936225721
3.2514880952381,0.421887171762652,0.356667048519189,0.749610221178224,6.8897809476558
3.2515873015873,0.421856673439975,0.356693440183898,0.749251765117605,6.89009248188652
3.25168650793651,0.421826162311525,0.356719809345675,0.748893480563581,6.89040396495554
3.25178571428571,0.42179563841258,0.356746156005432,0.74853536743319,6.89071539686901
3.25188492063492,0.421765101778427,0.356772480164067,0.748177425643503,6.89102677763305
3.25198412698413,0.421734552444364,0.356798781822469,0.747819655111626,6.89133810725379
3.25208333333333,0.421703990445698,0.356825060981517,0.747462055754709,6.89164938573733
3.25218253968254,0.421673415817747,0.356851317642077,0.747104627489929,6.89196061308979
3.25228174603175,0.421642828595836,0.356877551805008,0.746747370234502,6.89227178931723
3.25238095238095,0.421612228815303,0.356903763471156,0.74639028390568,6.89258291442575
3.25248015873016,0.421581616511493,0.356929952641358,0.74603336842075,6.89289398842139
3.25257936507936,0.421550991719763,0.356956119316439,0.745676623697035,6.8932050113102
3.25267857142857,0.421520354475478,0.356982263497215,0.745320049651893,6.89351598309824
3.25277777777778,0.421489704814015,0.357008385184491,0.744963646202722,6.89382690379151
3.25287698412698,0.421459042770757,0.35703448437906,0.744607413266952,6.89413777339603
3.25297619047619,0.4214283683811,0.357060561081707,0.744251350762049,6.8944485919178
3.2530753968254,0.42139768168045,0.357086615293206,0.743895458605516,6.89475935936281
3.2531746031746,0.42136698270422,0.357112647014318,0.743539736714889,6.89507007573703
3.25327380952381,0.421336271487834,0.357138656245796,0.743184185007745,6.89538074104643
3.25337301587302,0.421305548066728,0.357164642988382,0.742828803401692,6.89569135529696
3.25347222222222,0.421274812476343,0.357190607242808,0.742473591814374,6.89600191849456
3.25357142857143,0.421244064752135,0.357216549009795,0.742118550163476,6.89631243064516
3.25367063492063,0.421213304929567,0.357242468290052,0.741763678366715,6.89662289175466
3.25376984126984,0.421182533044111,0.357268365084279,0.741408976341844,6.89693330182897
3.25386904761905,0.42115174913125,0.357294239393167,0.74105444400665,6.89724366087399
3.25396825396825,0.421120953226476,0.357320091217393,0.740700081278959,6.89755396889559
3.25406746031746,0.421090145365293,0.357345920557627,0.740345888076632,6.89786422589963
3.25416666666667,0.421059325583212,0.357371727414526,0.739991864317562,6.89817443189197
3.25426587301587,0.421028493915755,0.357397511788738,0.739638009919687,6.89848458687845
3.25436507936508,0.420997650398454,0.357423273680899,0.739284324800973,6.89879469086489
3.25446428571429,0.42096679506685,0.357449013091636,0.738930808879422,6.89910474385713
3.25456349206349,0.420935927956494,0.357474730021564,0.738577462073075,6.89941474586095
3.2546626984127,0.420905049102946,0.35750042447129,0.738224284300008,6.89972469688215
3.2547619047619,0.420874158541778,0.357526096441409,0.737871275478332,6.90003459692652
3.25486111111111,0.42084325630857,0.357551745932504,0.737518435526193,6.90034444599982
3.25496031746032,0.420812342438912,0.357577372945149,0.737165764361773,6.9006542441078
3.25505952380952,0.420781416968403,0.357602977479909,0.736813261903296,6.90096399125621
3.25515873015873,0.420750479932654,0.357628559537335,0.736460928069012,6.90127368745078
3.25525793650794,0.420719531367284,0.357654119117971,0.736108762777214,6.90158333269722
3.25535714285714,0.420688571307922,0.357679656222349,0.735756765946226,6.90189292700126
3.25545634920635,0.420657599790206,0.357705170850989,0.735404937494412,6.90220247036857
3.25555555555556,0.420626616849786,0.357730663004403,0.735053277340168,6.90251196280484
3.25565476190476,0.420595622522319,0.357756132683091,0.734701785401928,6.90282140431575
3.25575396825397,0.420564616843475,0.357781579887544,0.734350461598164,6.90313079490694
3.25585317460317,0.420533599848931,0.357807004618241,0.733999305847379,6.90344013458407
3.25595238095238,0.420502571574374,0.35783240687565,0.733648318068115,6.90374942335276
3.25605158730159,0.420471532055502,0.357857786660231,0.73329749817895,6.90405866121865
3.25615079365079,0.420440481328022,0.357883143972431,0.732946846098495,6.90436784818733
3.25625,0.420409419427651,0.357908478812688,0.732596361745399,6.90467698426441
3.25634920634921,0.420378346390115,0.357933791181428,0.732246045038347,6.90498606945546
3.25644841269841,0.420347262251152,0.35795908107907,0.731895895896057,6.90529510376607
3.25654761904762,0.420316167046507,0.357984348506017,0.731545914237289,6.90560408720178
3.25664682539683,0.420285060811936,0.358009593462666,0.731196099980834,6.90591301976816
3.25674603174603,0.420253943583206,0.358034815949403,0.730846453045519,6.90622190147072
3.25684523809524,0.42022281539609,0.358060015966601,0.730496973350206,6.906530732315
3.25694444444444,0.420191676286375,0.358085193514624,0.730147660813797,6.90683951230651
3.25704365079365,0.420160526289856,0.358110348593827,0.729798515355226,6.90714824145075
3.25714285714286,0.420129365442337,0.358135481204552,0.729449536893461,6.9074569197532
3.25724206349206,0.420098193779632,0.358160591347131,0.729100725347515,6.90776554721933
3.25734126984127,0.420067011337567,0.358185679021887,0.728752080636427,6.90807412385461
3.25744047619048,0.420035818151974,0.358210744229132,0.728403602679276,6.90838264966449
3.25753968253968,0.420004614258699,0.358235786969166,0.728055291395177,6.90869112465441
3.25763888888889,0.419973399693593,0.35826080724228,0.727707146703279,6.90899954882979
3.25773809523809,0.41994217449252,0.358285805048755,0.727359168522768,6.90930792219604
3.2578373015873,0.419910938691354,0.358310780388859,0.727011356772867,6.90961624475857
3.25793650793651,0.419879692325977,0.358335733262852,0.726663711372829,6.90992451652276
3.25803571428571,0.419848435432282,0.358360663670983,0.726316232241955,6.91023273749399
3.25813492063492,0.41981716804617,0.358385571613488,0.725968919299569,6.91054090767762
3.25823412698413,0.419785890203554,0.358410457090598,0.725621772465038,6.91084902707901
3.25833333333333,0.419754601940356,0.358435320102527,0.725274791657762,6.9111570957035
3.25843253968254,0.419723303292507,0.358460160649483,0.724927976797178,6.91146511355641
3.25853174603175,0.419691994295949,0.358484978731663,0.724581327802759,6.91177308064305
3.25863095238095,0.419660674986632,0.358509774349251,0.72423484459401,6.91208099696874
3.25873015873016,0.419629345400517,0.358534547502423,0.72388852709048,6.91238886253876
3.25882936507937,0.419598005573575,0.358559298191344,0.723542375211747,6.91269667735839
3.25892857142857,0.419566655541786,0.358584026416167,0.723196388877426,6.9130044414329
3.25902777777778,0.41953529534114,0.358608732177036,0.72285056800717,6.91331215476754
3.25912698412698,0.419503925007638,0.358633415474086,0.722504912520665,6.91361981736755
3.25922619047619,0.419472544577287,0.358658076307437,0.722159422337635,6.91392742923816
3.2593253968254,0.419441154086109,0.358682714677202,0.721814097377839,6.9142349903846
3.2594246031746,0.419409753570131,0.358707330583484,0.721468937561069,6.91454250081206
3.25952380952381,0.419378343065393,0.358731924026372,0.721123942807162,6.91484996052573
3.25962301587302,0.419346922607943,0.358756495005949,0.72077911303598,6.9151573695308
3.25972222222222,0.41931549223384,0.358781043522284,0.720434448167427,6.91546472783244
3.25982142857143,0.419284051979152,0.358805569575436,0.720089948121439,6.91577203543581
3.25992063492063,0.419252601879956,0.358830073165455,0.719745612817992,6.91607929234604
3.26001984126984,0.419221141972341,0.358854554292381,0.719401442177096,6.91638649856827
3.26011904761905,0.419189672292402,0.35887901295624,0.719057436118793,6.91669365410761
3.26021825396825,0.419158192876249,0.35890344915705,0.71871359456317,6.91700075896919
3.26031746031746,0.419126703759997,0.35892786289482,0.718369917430341,6.91730781315808
3.26041666666667,0.419095204979773,0.358952254169545,0.71802640464046,6.91761481667938
3.26051587301587,0.419063696571713,0.358976622981212,0.717683056113715,6.91792176953815
3.26061507936508,0.419032178571964,0.359000969329797,0.717339871770332,6.91822867173945
3.26071428571429,0.419000651016681,0.359025293215264,0.71699685153057,6.91853552328833
3.26081349206349,0.418969113942031,0.359049594637569,0.716653995314726,6.91884232418982
3.2609126984127,0.418937567384188,0.359073873596656,0.71631130304313,6.91914907444895
3.2610119047619,0.418906011379337,0.359098130092459,0.715968774636155,6.91945577407072
3.26111111111111,0.418874445963675,0.3591223641249,0.715626410014202,6.91976242306013
3.26121031746032,0.418842871173404,0.359146575693894,0.71528420909771,6.92006902142217
3.26130952380952,0.41881128704474,0.359170764799341,0.714942171807156,6.9203755691618
3.26140873015873,0.418779693613906,0.359194931441133,0.71460029806305,6.920682066284
3.26150793650794,0.418748090917137,0.359219075619153,0.714258587785939,6.9209885127937
3.26160714285714,0.418716478990677,0.359243197333271,0.713917040896405,6.92129490869584
3.26170634920635,0.418684857870778,0.359267296583347,0.71357565731507,6.92160125399536
3.26180555555556,0.418653227593704,0.359291373369231,0.713234436962587,6.92190754869714
3.26190476190476,0.418621588195728,0.359315427690762,0.712893379759645,6.92221379280611
3.26200396825397,0.418589939713133,0.359339459547769,0.712552485626972,6.92251998632714
3.26210317460317,0.418558282182211,0.35936346894007,0.712211754485329,6.92282612926512
3.26220238095238,0.418526615639264,0.359387455867474,0.711871186255515,6.92313222162489
3.26230158730159,0.418494940120604,0.359411420329777,0.711530780858362,6.92343826341132
3.26240079365079,0.418463255662552,0.359435362326767,0.711190538214737,6.92374425462924
3.2625,0.418431562301442,0.359459281858219,0.710850458245552,6.92405019528348
3.26259920634921,0.418399860073612,0.3594831789239,0.710510540871744,6.92435608537884
3.26269841269841,0.418368149015416,0.359507053523565,0.710170786014291,6.92466192492014
3.26279761904762,0.418336429163212,0.359530905656959,0.709831193594205,6.92496771391216
3.26289682539683,0.418304700553372,0.359554735323816,0.709491763532535,6.92527345235968
3.26299603174603,0.418272963222276,0.35957854252386,0.709152495750365,6.92557914026747
3.26309523809524,0.418241217206314,0.359602327256804,0.708813390168813,6.92588477764027
3.26319444444444,0.418209462541886,0.359626089522352,0.708474446709039,6.92619036448282
3.26329365079365,0.418177699265401,0.359649829320195,0.708135665292234,6.92649590079986
3.26339285714286,0.418145927413279,0.359673546650016,0.707797045839625,6.92680138659611
3.26349206349206,0.418114147021948,0.359697241511486,0.707458588272475,6.92710682187625
3.26359126984127,0.418082358127847,0.359720913904266,0.707120292512085,6.92741220664499
3.26369047619048,0.418050560767425,0.359744563828006,0.706782158479787,6.92771754090701
3.26378968253968,0.41801875497714,0.359768191282346,0.706444186096955,6.92802282466696
3.26388888888889,0.41798694079346,0.359791796266916,0.706106375284992,6.92832805792952
3.2639880952381,0.417955118252863,0.359815378781335,0.705768725965345,6.92863324069931
3.2640873015873,0.417923287391836,0.35983893882521,0.705431238059491,6.92893837298097
3.26418650793651,0.417891448246877,0.35986247639814,0.705093911488943,6.92924345477912
3.26428571428571,0.417859600854493,0.359885991499713,0.704756746175253,6.92954848609836
3.26438492063492,0.4178277452512,0.359909484129505,0.704419742040005,6.92985346694329
3.26448412698413,0.417795881473525,0.359932954287083,0.704082899004821,6.93015839731849
3.26458333333333,0.417764009558004,0.359956401972002,0.703746216991357,6.93046327722853
3.26468253968254,0.417732129541184,0.359979827183809,0.70340969592131,6.93076810667795
3.26478174603175,0.417700241459621,0.360003229922038,0.703073335716408,6.93107288567132
3.26488095238095,0.417668345349879,0.360026610186213,0.702737136298414,6.93137761421316
3.26498015873016,0.417636441248534,0.360049967975849,0.702401097589131,6.93168229230799
3.26507936507937,0.417604529192172,0.360073303290449,0.702065219510395,6.93198691996031
3.26517857142857,0.417572609217387,0.360096616129506,0.701729501984077,6.93229149717464
3.26527777777778,0.417540681360783,0.360119906492502,0.701393944932088,6.93259602395544
3.26537698412698,0.417508745658976,0.36014317437891,0.701058548276366,6.93290050030719
3.26547619047619,0.417476802148589,0.360166419788191,0.700723311938899,6.93320492623435
3.2655753968254,0.417444850866255,0.360189642719797,0.700388235841698,6.93350930174137
3.2656746031746,0.41741289184862,0.360212843173166,0.700053319906816,6.93381362683267
3.26577380952381,0.417380925132335,0.360236021147731,0.699718564056339,6.93411790151269
3.26587301587302,0.417348950754064,0.360259176642909,0.699383968212392,6.93442212578583
3.26597222222222,0.417316968750481,0.36028230965811,0.699049532297132,6.93472629965649
3.26607142857143,0.417284979158267,0.360305420192734,0.698715256232753,6.93503042312906
3.26617063492063,0.417252982014115,0.360328508246167,0.698381139941489,6.93533449620791
3.26626984126984,0.417220977354727,0.360351573817787,0.698047183345605,6.9356385188974
3.26636904761905,0.417188965216815,0.360374616906961,0.697713386367403,6.93594249120187
3.26646825396825,0.417156945637101,0.360397637513046,0.697379748929222,6.93624641312568
3.26656746031746,0.417124918652316,0.360420635635389,0.697046270953434,6.93655028467313
3.26666666666667,0.417092884299202,0.360443611273323,0.69671295236245,6.93685410584855
3.26676587301587,0.417060842614508,0.360466564426176,0.696379793078715,6.93715787665623
3.26686507936508,0.417028793634996,0.36048949509326,0.696046793024709,6.93746159710046
3.26696428571429,0.416996737397437,0.360512403273881,0.695713952122952,6.93776526718552
3.26706349206349,0.41696467393861,0.360535288967331,0.695381270295996,6.93806888691567
3.2671626984127,0.416932603295306,0.360558152172894,0.69504874746643,6.93837245629516
3.2672619047619,0.416900525504323,0.360580992889843,0.694716383556878,6.93867597532823
3.26736111111111,0.416868440602472,0.36060381111744,0.694384178490001,6.9389794440191
3.26746031746032,0.416836348626572,0.360626606854935,0.694052132188494,6.939282862372
3.26755952380952,0.416804249613452,0.360649380101571,0.693720244575089,6.93958623039112
3.26765873015873,0.416772143599949,0.360672130856578,0.693388515572556,6.93988954808066
3.26775793650794,0.416740030622914,0.360694859119176,0.693056945103698,6.94019281544478
3.26785714285714,0.416707910719204,0.360717564888575,0.692725533091355,6.94049603248766
3.26795634920635,0.416675783925687,0.360740248163973,0.692394279458401,6.94079919921345
3.26805555555556,0.41664365027924,0.36076290894456,0.692063184127748,6.94110231562629
3.26815476190476,0.416611509816752,0.360785547229514,0.691732247022342,6.94140538173031
3.26825396825397,0.416579362575119,0.360808163018001,0.691401468065167,6.94170839752963
3.26835317460317,0.416547208591248,0.360830756309181,0.69107084717924,6.94201136302834
3.26845238095238,0.416515047902057,0.360853327102198,0.690740384287618,6.94231427823055
3.26855158730159,0.416482880544472,0.36087587539619,0.69041007931339,6.94261714314033
3.26865079365079,0.416450706555428,0.360898401190281,0.690079932179682,6.94291995776175
3.26875,0.416418525971873,0.360920904483588,0.689749942809657,6.94322272209887
3.26884920634921,0.416386338830761,0.360943385275214,0.689420111126511,6.94352543615572
3.26894841269841,0.416354145169058,0.360965843564254,0.689090437053478,6.94382809993635
3.26904761904762,0.41632194502374,0.360988279349793,0.688760920513826,6.94413071344476
3.26914682539683,0.416289738431791,0.361010692630901,0.688431561430865,6.94443327668497
3.26924603174603,0.416257525430207,0.361033083406644,0.688102359727932,6.94473578966096
3.26934523809524,0.416225306055992,0.361055451676072,0.687773315328405,6.94503825237673
3.26944444444444,0.416193080346159,0.361077797438228,0.687444428155697,6.94534066483624
3.26954365079365,0.416160848337734,0.361100120692142,0.687115698133256,6.94564302704344
3.26964285714286,0.41612861006775,0.361122421436836,0.686787125184566,6.94594533900229
3.26974206349206,0.416096365573251,0.361144699671319,0.686458709233147,6.94624760071672
3.26984126984127,0.416064114891289,0.361166955394592,0.686130450202554,6.94654981219064
3.26994047619048,0.416031858058928,0.361189188605644,0.685802348016382,6.94685197342798
3.27003968253968,0.415999595113241,0.361211399303453,0.685474402598257,6.94715408443261
3.27013888888889,0.41596732609131,0.361233587486987,0.685146613871842,6.94745614520843
3.2702380952381,0.415935051030228,0.361255753155205,0.684818981760836,6.94775815575931
3.2703373015873,0.415902769967097,0.361277896307054,0.684491506188974,6.9480601160891
3.27043650793651,0.415870482939028,0.36130001694147,0.684164187080028,6.94836202620166
3.27053571428571,0.415838189983143,0.36132211505738,0.683837024357802,6.94866388610083
3.27063492063492,0.415805891136574,0.361344190653699,0.683510017946142,6.94896569579042
3.27073412698413,0.415773586436461,0.361366243729333,0.683183167768926,6.94926745527424
3.27083333333333,0.415741275919956,0.361388274283176,0.682856473750065,6.9495691645561
3.27093253968254,0.415708959624219,0.361410282314114,0.682529935813512,6.94987082363978
3.27103174603175,0.415676637586421,0.361432267821019,0.682203553883252,6.95017243252905
3.27113095238095,0.415644309843741,0.361454230802754,0.681877327883306,6.95047399122767
3.27123015873016,0.415611976433369,0.361476171258174,0.681551257737732,6.95077549973941
3.27132936507937,0.415579637392505,0.36149808918612,0.68122534337062,6.95107695806798
3.27142857142857,0.415547292758359,0.361519984585423,0.680899584706104,6.95137836621713
3.27152777777778,0.415514942568149,0.361541857454906,0.680573981668348,6.95167972419055
3.27162698412698,0.415482586859105,0.361563707793379,0.680248534181551,6.95198103199196
3.27172619047619,0.415450225668465,0.361585535599642,0.67992324216995,6.95228228962503
3.2718253968254,0.415417859033478,0.361607340872485,0.679598105557817,6.95258349709346
3.2719246031746,0.415385486991401,0.361629123610688,0.679273124269462,6.95288465440089
3.27202380952381,0.415353109579503,0.36165088381302,0.678948298229224,6.95318576155099
3.27212301587302,0.415320726835061,0.361672621478238,0.67862362736149,6.95348681854739
3.27222222222222,0.415288338795363,0.361694336605091,0.678299111590671,6.95378782539371
3.27232142857143,0.415255945497706,0.361716029192315,0.677974750841219,6.95408878209359
3.27242063492063,0.415223546979396,0.361737699238639,0.677650545037622,6.9543896886506
3.27251984126984,0.415191143277751,0.361759346742778,0.677326494104404,6.95469054506836
3.27261904761905,0.415158734430097,0.361780971703438,0.677002597966122,6.95499135135043
3.27271825396825,0.41512632047377,0.361802574119314,0.676678856547371,6.95529210750039
3.27281746031746,0.415093901446116,0.361824153989092,0.676355269772779,6.95559281352178
3.27291666666667,0.41506147738449,0.361845711311446,0.676031837567019,6.95589346941815
3.27301587301587,0.415029048326259,0.361867246085039,0.675708559854789,6.95619407519303
3.27311507936508,0.414996614308798,0.361888758308526,0.675385436560827,6.95649463084993
3.27321428571429,0.414964175369491,0.361910247980548,0.675062467609908,6.95679513639236
3.27331349206349,0.414931731545733,0.36193171509974,0.67473965292684,6.95709559182381
3.2734126984127,0.414899282874928,0.361953159664721,0.674416992436471,6.95739599714777
3.27351190476191,0.414866829394492,0.361974581674104,0.674094486063677,6.9576963523677
3.27361111111111,0.414834371141847,0.36199598112649,0.673772133733381,6.95799665748705
3.27371031746032,0.414801908154428,0.362017358020469,0.673449935370534,6.95829691250928
3.27380952380952,0.414769440469678,0.362038712354622,0.673127890900125,6.95859711743781
3.27390873015873,0.41473696812505,0.362060044127517,0.672806000247177,6.95889727227606
3.27400793650794,0.414704491158008,0.362081353337713,0.672484263336752,6.95919737702745
3.27410714285714,0.414672009606023,0.36210263998376,0.672162680093945,6.95949743169535
3.27420634920635,0.41463952350658,0.362123904064194,0.671841250443889,6.95979743628317
3.27430555555556,0.414607032897169,0.362145145577544,0.671519974311749,6.96009739079426
3.27440476190476,0.414574537815293,0.362166364522326,0.671198851622734,6.96039729523199
3.27450396825397,0.414542038298463,0.362187560897048,0.670877882302079,6.9606971495997
3.27460317460317,0.414509534384202,0.362208734700204,0.670557066275061,6.96099695390072
3.27470238095238,0.414477026110041,0.36222988593028,0.670236403466992,6.96129670813838
3.27480158730159,0.41444451351352,0.362251014585752,0.669915893803217,6.96159641231599
3.27490079365079,0.41441199663219,0.362272120665084,0.66959553720912,6.96189606643684
3.275,0.414379475503612,0.36229320416673,0.669275333610116,6.96219567050423
3.27509920634921,0.414346950165357,0.362314265089133,0.668955282931667,6.96249522452141
3.27519841269841,0.414314420655003,0.362335303430726,0.668635385099257,6.96279472849165
3.27529761904762,0.414281887010142,0.362356319189933,0.668315640038413,6.9630941824182
3.27539682539683,0.414249349268372,0.362377312365164,0.667996047674699,6.9633935863043
3.27549603174603,0.414216807467304,0.362398282954822,0.667676607933711,6.96369294015317
3.27559523809524,0.414184261644555,0.362419230957298,0.667357320741083,6.96399224396802
3.27569444444444,0.414151711837756,0.362440156370972,0.667038186022484,6.96429149775205
3.27579365079365,0.414119158084543,0.362461059194214,0.666719203703617,6.96459070150845
3.27589285714286,0.414086600422567,0.362481939425383,0.666400373710228,6.96488985524038
3.27599206349206,0.414054038889484,0.36250279706283,0.66608169596809,6.96518895895103
3.27609126984127,0.414021473522964,0.362523632104892,0.665763170403017,6.96548801264352
3.27619047619048,0.413988904360683,0.362544444549897,0.665444796940857,6.96578701632101
3.27628968253968,0.413956331440328,0.362565234396163,0.665126575507494,6.96608596998662
3.27638888888889,0.413923754799598,0.362586001641998,0.664808506028848,6.96638487364346
3.2764880952381,0.413891174476197,0.362606746285697,0.664490588430873,6.96668372729464
3.2765873015873,0.413858590507845,0.362627468325547,0.664172822639566,6.96698253094323
3.27668650793651,0.413826002932266,0.362648167759823,0.66385520858095,6.96728128459233
3.27678571428571,0.413793411787197,0.36266884458679,0.663537746181091,6.96757998824499
3.27688492063492,0.413760817110384,0.362689498804704,0.663220435366085,6.96787864190427
3.27698412698413,0.413728218939583,0.362710130411808,0.66290327606207,6.96817724557321
3.27708333333333,0.413695617312558,0.362730739406336,0.662586268195215,6.96847579925483
3.27718253968254,0.413663012267085,0.362751325786511,0.662269411691727,6.96877430295215
3.27728174603175,0.413630403840949,0.362771889550545,0.661952706477847,6.96907275666817
3.27738095238095,0.413597792071945,0.362792430696641,0.661636152479857,6.9693711604059
3.27748015873016,0.413565176997876,0.362812949222991,0.661319749624068,6.96966951416829
3.27757936507937,0.413532558656558,0.362833445127775,0.661003497836832,6.96996781795833
3.27767857142857,0.413499937085814,0.362853918409164,0.660687397044533,6.97026607177896
3.27777777777778,0.413467312323478,0.362874369065318,0.660371447173593,6.97056427563314
3.27787698412698,0.413434684407392,0.362894797094388,0.660055648150468,6.97086242952378
3.27797619047619,0.413402053375411,0.362915202494511,0.659739999901652,6.97116053345381
3.2780753968254,0.413369419265398,0.362935585263818,0.659424502353676,6.97145858742613
3.2781746031746,0.413336782115225,0.362955945400425,0.659109155433103,6.97175659144364
3.27827380952381,0.413304141962774,0.362976282902441,0.658793959066534,6.97205454550921
3.27837301587302,0.413271498845938,0.362996597767963,0.658478913180606,6.97235244962572
3.27847222222222,0.413238852802618,0.363016889995078,0.65816401770199,6.97265030379603
3.27857142857143,0.413206203870727,0.363037159581861,0.657849272557395,6.97294810802297
3.27867063492063,0.413173552088186,0.363057406526379,0.657534677673564,6.97324586230938
3.27876984126984,0.413140897492926,0.363077630826686,0.657220232977276,6.97354356665808
3.27886904761905,0.413108240122888,0.363097832480828,0.656905938395349,6.97384122107188
3.27896825396825,0.413075580016023,0.363118011486839,0.656591793854635,6.97413882555357
3.27906746031746,0.413042917153718,0.363138167867304,0.656277799271465,6.97443638013112
3.27916666666667,0.413010250598208,0.363158302043272,0.655963954394032,6.97473388524084
3.27926587301587,0.412977580006765,0.363178414176049,0.655650259089086,6.97503134105248
3.27936507936508,0.412944905381681,0.363198504276953,0.655336713288751,6.97532874758196
3.27946428571429,0.412912226725262,0.363218572357295,0.65502331692517,6.97562610484519
3.27956349206349,0.412879544039826,0.363238618428377,0.654710069930517,6.97592341285809
3.2796626984127,0.412846857327705,0.36325864250149,0.654396972236979,6.97622067163655
3.2797619047619,0.412814166591244,0.363278644587917,0.654084023776767,6.97651788119645
3.27986111111111,0.4127814718328,0.363298624698932,0.653771224482116,6.97681504155369
3.27996031746032,0.412748773054744,0.363318582845797,0.653458574285282,6.97711215272411
3.28005952380952,0.41271607025946,0.363338519039769,0.653146073118541,6.97740921472358
3.28015873015873,0.412683363449346,0.363358433292092,0.652833720914194,6.97770622756794
3.28025793650794,0.41265065262681,0.363378325614004,0.652521517604559,6.97800319127304
3.28035714285714,0.412617937794277,0.36339819601673,0.652209463121986,6.97830010585468
3.28045634920635,0.412585218954182,0.36341804451149,0.651897557398835,6.97859697132869
3.28055555555556,0.412552496108975,0.363437871109491,0.651585800367496,6.97889378771087
3.28065476190476,0.412519769261118,0.363457675821933,0.651274191960377,6.97919055501702
3.28075396825397,0.412487038413087,0.363477458660005,0.650962732109909,6.97948727326291
3.28085317460317,0.412454303567369,0.363497219634889,0.650651420748546,6.97978394246433
3.28095238095238,0.412421564726467,0.363516958757756,0.650340257808759,6.98008056263702
3.28105158730159,0.412388821892895,0.363536676039769,0.650029243223051,6.98037713379676
3.28115079365079,0.412356075069181,0.363556371492079,0.649718376923938,6.98067365595927
3.28125,0.412323324257865,0.363576045125832,0.64940765884396,6.98097012914028
3.28134920634921,0.412290569461502,0.363595696952161,0.649097088915681,6.98126655335553
3.28144841269841,0.412257810682658,0.363615326982192,0.648786667071684,6.98156292862071
3.28154761904762,0.412225047923914,0.363634935227041,0.648476393244577,6.98185925495154
3.28164682539682,0.412192281187861,0.363654521697814,0.648166267366987,6.9821555323637
3.28174603174603,0.412159510477107,0.363674086405608,0.647856289371564,6.98245176087286
3.28184523809524,0.412126735794271,0.363693629361513,0.647546459190984,6.9827479404947
3.28194444444444,0.412093957141985,0.363713150576607,0.647236776757937,6.98304407124488
3.28204365079365,0.412061174522893,0.363732650061959,0.646927242005142,6.98334015313905
3.28214285714286,0.412028387939656,0.363752127828631,0.646617854865336,6.98363618619284
3.28224206349206,0.411995597394943,0.363771583887672,0.646308615271278,6.98393217042188
3.28234126984127,0.41196280289144,0.363791018250125,0.645999523155751,6.98422810584178
3.28244047619048,0.411930004431844,0.363810430927024,0.645690578451557,6.98452399246817
3.28253968253968,0.411897202018866,0.36382982192939,0.645381781091525,6.98481983031662
3.28263888888889,0.411864395655229,0.363849191268238,0.645073131008501,6.98511561940273
3.2827380952381,0.411831585343672,0.363868538954573,0.644764628135355,6.98541135974208
3.2828373015873,0.411798771086942,0.363887864999391,0.644456272404978,6.98570705135022
3.28293650793651,0.411765952887803,0.363907169413678,0.644148063750283,6.98600269424271
3.28303571428571,0.411733130749032,0.363926452208411,0.643840002104207,6.98629828843511
3.28313492063492,0.411700304673418,0.363945713394558,0.643532087399706,6.98659383394294
3.28323412698413,0.411667474663762,0.363964952983077,0.643224319569757,6.98688933078172
3.28333333333333,0.411634640722879,0.363984170984918,0.642916698547366,6.98718477896697
3.28343253968254,0.411601802853599,0.36400336741102,0.642609224265554,6.9874801785142
3.28353174603175,0.411568961058763,0.364022542272315,0.642301896657366,6.98777552943889
3.28363095238095,0.411536115341224,0.364041695579724,0.641994715655868,6.98807083175652
3.28373015873016,0.411503265703851,0.36406082734416,0.64168768119415,6.98836608548258
3.28382936507936,0.411470412149524,0.364079937576525,0.641380793205322,6.98866129063252
3.28392857142857,0.411437554681137,0.364099026287713,0.641074051622516,6.98895644722179
3.28402777777778,0.411404693301596,0.364118093488608,0.640767456378889,6.98925155526584
3.28412698412698,0.411371828013822,0.364137139190087,0.640461007407616,6.98954661478009
3.28422619047619,0.411338958820746,0.364156163403014,0.640154704641896,6.98984162577996
3.2843253968254,0.411306085725316,0.364175166138246,0.63984854801495,6.99013658828086
3.2844246031746,0.411273208730491,0.364194147406632,0.639542537460019,6.9904315022982
3.28452380952381,0.411240327839241,0.364213107219009,0.639236672910368,6.99072636784736
3.28462301587302,0.411207443054553,0.364232045586206,0.638930954299282,6.99102118494372
3.28472222222222,0.411174554379424,0.364250962519043,0.638625381560069,6.99131595360265
3.28482142857143,0.411141661816867,0.36426985802833,0.638319954626062,6.9916106738395
3.28492063492063,0.411108765369904,0.364288732124868,0.638014673430611,6.99190534566963
3.28501984126984,0.411075865041575,0.36430758481945,0.637709537907089,6.99219996910837
3.28511904761905,0.411042960834929,0.364326416122857,0.637404547988894,6.99249454417105
3.28521825396825,0.411010052753029,0.364345226045864,0.637099703609442,6.99278907087298
3.28531746031746,0.410977140798953,0.364364014599234,0.636795004702174,6.99308354922947
3.28541666666667,0.410944224975791,0.364382781793723,0.636490451200547,6.99337797925582
3.28551587301587,0.410911305286644,0.364401527640076,0.636186043038052,6.99367236096731
3.28561507936508,0.41087838173463,0.364420252149029,0.63588178014819,6.99396669437921
3.28571428571429,0.410845454322876,0.36443895533131,0.635577662464489,6.99426097950679
3.28581349206349,0.410812523054525,0.364457637197635,0.635273689920498,6.99455521636531
3.2859126984127,0.410779587932732,0.364476297758715,0.634969862449789,6.99484940497
3.2860119047619,0.410746648960665,0.364494937025248,0.634666179985955,6.9951435453361
3.28611111111111,0.410713706141506,0.364513555007923,0.634362642462611,6.99543763747884
3.28621031746032,0.410680759478448,0.364532151717424,0.634059249813391,6.99573168141343
3.28630952380952,0.410647808974699,0.364550727164419,0.633756001971959,6.99602567715506
3.28640873015873,0.41061485463348,0.364569281359573,0.633452898871993,6.99631962471894
3.28650793650794,0.410581896458023,0.364587814313537,0.633149940447197,6.99661352412023
3.28660714285714,0.410548934451576,0.364606326036956,0.632847126631295,6.99690737537412
3.28670634920635,0.410515968617398,0.364624816540464,0.632544457358033,6.99720117849576
3.28680555555556,0.410482998958762,0.364643285834686,0.632241932561181,6.99749493350031
3.28690476190476,0.410450025478953,0.364661733930239,0.631939552174525,6.9977886404029
3.28700396825397,0.410417048181271,0.36468016083773,0.631637316131884,6.99808229921867
3.28710317460317,0.410384067069028,0.364698566567754,0.63133522436709,6.99837590996272
3.28720238095238,0.410351082145547,0.364716951130902,0.631033276813997,6.99866947265018
3.28730158730159,0.410318093414169,0.364735314537751,0.630731473406486,6.99896298729614
3.28740079365079,0.410285100878243,0.364753656798872,0.630429814078455,6.99925645391569
3.2875,0.410252104541133,0.364771977924825,0.630128298763827,6.9995498725239
3.28759920634921,0.410219104406218,0.364790277926161,0.629826927396546,6.99984324313584
3.28769841269841,0.410186100476888,0.364808556813423,0.629525699910575,7.00013656576658
3.28779761904762,0.410153092756545,0.364826814597141,0.629224616239907,7.00042984043115
3.28789682539683,0.410120081248606,0.364845051287841,0.628923676318549,7.0007230671446
3.28799603174603,0.410087065956502,0.364863266896037,0.628622880080533,7.00101624592194
3.28809523809524,0.410054046883674,0.364881461432232,0.628322227459912,7.0013093767782
3.28819444444444,0.410021024033579,0.364899634906923,0.628021718390761,7.00160245972837
3.28829365079365,0.409987997409684,0.364917787330597,0.627721352807179,7.00189549478746
3.28839285714286,0.409954967015472,0.36493591871373,0.627421130643283,7.00218848197045
3.28849206349206,0.409921932854439,0.36495402906679,0.627121051833217,7.00248142129231
3.28859126984127,0.409888894930091,0.364972118400236,0.626821116311144,7.002774312768
3.28869047619048,0.409855853245949,0.364990186724517,0.626521324011247,7.00306715641249
3.28878968253968,0.409822807805549,0.365008234050073,0.626221674867735,7.0033599522407
3.28888888888889,0.409789758612437,0.365026260387335,0.625922168814836,7.00365270026758
3.28898809523809,0.409756705670174,0.365044265746724,0.625622805786801,7.00394540050805
3.2890873015873,0.409723648982332,0.365062250138654,0.625323585717903,7.00423805297701
3.28918650793651,0.409690588552499,0.365080213573526,0.625024508542434,7.00453065768937
3.28928571428571,0.409657524384273,0.365098156061736,0.624725574194716,7.00482321466002
3.28938492063492,0.409624456481268,0.365116077613666,0.624426782609084,7.00511572390385
3.28948412698413,0.409591384847108,0.365133978239693,0.6241281337199,7.00540818543571
3.28958333333333,0.409558309485433,0.365151857950183,0.623829627461546,7.00570059927047
3.28968253968254,0.409525230399894,0.365169716755492,0.623531263768426,7.00599296542299
3.28978174603175,0.409492147594157,0.365187554665967,0.623233042574966,7.00628528390809
3.28988095238095,0.409459061071898,0.365205371691948,0.622934963815614,7.00657755474061
3.28998015873016,0.40942597083681,0.365223167843763,0.622637027424842,7.00686977793536
3.29007936507937,0.409392876892596,0.365240943131731,0.622339233337141,7.00716195350716
3.29017857142857,0.409359779242972,0.365258697566163,0.622041581487024,7.0074540814708
3.29027777777778,0.409326677891671,0.365276431157361,0.621744071809029,7.00774616184107
3.29037698412698,0.409293572842434,0.365294143915617,0.621446704237713,7.00803819463275
3.29047619047619,0.409260464099018,0.365311835851212,0.621149478707654,7.00833017986059
3.2905753968254,0.409227351665192,0.365329506974421,0.620852395153456,7.00862211753937
3.2906746031746,0.409194235544739,0.365347157295507,0.62055545350974,7.00891400768382
3.29077380952381,0.409161115741455,0.365364786824726,0.620258653711155,7.00920585030868
3.29087301587302,0.409127992259147,0.365382395572323,0.619961995692367,7.00949764542867
3.29097222222222,0.409094865101639,0.365399983548535,0.619665479388065,7.00978939305851
3.29107142857143,0.409061734272764,0.365417550763588,0.61936910473296,7.0100810932129
3.29117063492063,0.40902859977637,0.365435097227701,0.619072871661787,7.01037274590653
3.29126984126984,0.408995461616318,0.365452622951082,0.618776780109299,7.0106643511541
3.29136904761905,0.408962319796482,0.365470127943931,0.618480830010272,7.01095590897027
3.29146825396825,0.40892917432075,0.365487612216438,0.618185021299509,7.01124741936971
3.29156746031746,0.408896025193021,0.365505075778783,0.617889353911829,7.01153888236706
3.29166666666667,0.408862872417208,0.365522518641138,0.617593827782075,7.01183029797697
3.29176587301587,0.408829715997238,0.365539940813665,0.617298442845112,7.01212166621408
3.29186507936508,0.40879655593705,0.365557342306518,0.617003199035826,7.01241298709299
3.29196428571429,0.408763392240596,0.36557472312984,0.616708096289126,7.01270426062833
3.29206349206349,0.408730224911843,0.365592083293766,0.616413134539943,7.0129954868347
3.2921626984127,0.408697053954767,0.365609422808421,0.616118313723227,7.01328666572668
3.2922619047619,0.408663879373362,0.365626741683921,0.615823633773956,7.01357779731885
3.29236111111111,0.408630701171632,0.365644039930374,0.615529094627125,7.01386888162578
3.29246031746032,0.408597519353593,0.365661317557875,0.615234696217752,7.01415991866203
3.29255952380952,0.408564333923279,0.365678574576514,0.614940438480878,7.01445090844216
3.29265873015873,0.408531144884731,0.36569581099637,0.614646321351564,7.01474185098069
3.29275793650794,0.408497952242007,0.365713026827513,0.614352344764894,7.01503274629216
3.29285714285714,0.408464755999177,0.365730222080002,0.614058508655973,7.01532359439108
3.29295634920635,0.408431556160325,0.36574739676389,0.613764812959932,7.01561439529196
3.29305555555556,0.408398352729546,0.365764550889218,0.61347125761192,7.0159051490093
3.29315476190476,0.408365145710949,0.365781684466018,0.613177842547107,7.01619585555758
3.29325396825397,0.408331935108658,0.365798797504315,0.612884567700688,7.01648651495128
3.29335317460317,0.408298720926806,0.365815890014122,0.612591433007879,7.01677712720487
3.29345238095238,0.408265503169544,0.365832962005444,0.612298438403916,7.0170676923328
3.29355158730159,0.408232281841032,0.365850013488278,0.612005583824059,7.01735821034951
3.29365079365079,0.408199056945444,0.365867044472609,0.611712869203587,7.01764868126944
3.29375,0.408165828486969,0.365884054968414,0.611420294477809,7.01793910510702
3.29384920634921,0.408132596469807,0.365901044985662,0.611127859582047,7.01822948187665
3.29394841269841,0.408099360898173,0.365918014534311,0.610835564451648,7.01851981159274
3.29404761904762,0.408066121776292,0.365934963624311,0.610543409021981,7.01881009426968
3.29414682539683,0.408032879108405,0.365951892265601,0.610251393228437,7.01910032992186
3.29424603174603,0.407999632898765,0.365968800468113,0.60995951700643,7.01939051856365
3.29434523809524,0.407966383151638,0.365985688241768,0.609667780291392,7.01968066020941
3.29444444444444,0.407933129871303,0.366002555596479,0.609376183018783,7.01997075487349
3.29454365079365,0.407899873062052,0.366019402542147,0.609084725124082,7.02026080257023
3.29464285714286,0.407866612728191,0.366036229088669,0.608793406542787,7.02055080331396
3.29474206349206,0.407833348874038,0.366053035245927,0.608502227210422,7.02084075711901
3.29484126984127,0.407800081503924,0.366069821023797,0.608211187062532,7.02113066399967
3.29494047619048,0.407766810622195,0.366086586432146,0.607920286034682,7.02142052397027
3.29503968253968,0.407733536233207,0.366103331480829,0.607629524062461,7.02171033704507
3.29513888888889,0.407700258341331,0.366120056179696,0.607338901081477,7.02200010323836
3.2952380952381,0.40766697695095,0.366136760538583,0.607048417027366,7.02228982256441
3.2953373015873,0.407633692066463,0.36615344456732,0.606758071835781,7.02257949503748
3.29543650793651,0.407600403692278,0.366170108275726,0.606467865442398,7.02286912067182
3.29553571428571,0.407567111832819,0.366186751673613,0.606177797782913,7.02315869948165
3.29563492063492,0.407533816492521,0.366203374770781,0.605887868793049,7.02344823148121
3.29573412698413,0.407500517675834,0.366219977577023,0.605598078408545,7.02373771668472
3.29583333333333,0.407467215387219,0.36623656010212,0.605308426565164,7.02402715510638
3.29593253968254,0.407433909631153,0.366253122355847,0.605018913198696,7.02431654676039
3.29603174603175,0.407400600412122,0.366269664347968,0.604729538244946,7.02460589166093
3.29613095238095,0.407367287734629,0.366286186088238,0.604440301639743,7.02489518982218
3.29623015873016,0.407333971603188,0.366302687586402,0.604151203318939,7.0251844412583
3.29632936507937,0.407300652022327,0.366319168852197,0.603862243218408,7.02547364598344
3.29642857142857,0.407267328996586,0.366335629895349,0.603573421274045,7.02576280401176
3.29652777777778,0.407234002530518,0.366352070725578,0.603284737421766,7.02605191535738
3.29662698412698,0.407200672628691,0.366368491352591,0.602996191597509,7.02634098003443
3.29672619047619,0.407167339295683,0.366384891786088,0.602707783737239,7.02662999805701
3.2968253968254,0.407134002536089,0.36640127203576,0.602419513776938,7.02691896943924
3.2969246031746,0.407100662354514,0.366417632111286,0.602131381652609,7.02720789419521
3.29702380952381,0.407067318755577,0.366433972022339,0.60184338730028,7.02749677233898
3.29712301587302,0.40703397174391,0.366450291778581,0.601555530655999,7.02778560388465
3.29722222222222,0.407000621324158,0.366466591389664,0.601267811655838,7.02807438884627
3.29732142857143,0.406967267500979,0.366482870865234,0.600980230235886,7.02836312723788
3.29742063492063,0.406933910279045,0.366499130214924,0.600692786332263,7.02865181907353
3.29751984126984,0.40690054966304,0.36651536944836,0.600405479881103,7.02894046436725
3.29761904761905,0.406867185657662,0.366531588575158,0.600118310818563,7.02922906313306
3.29771825396825,0.40683381826762,0.366547787604925,0.599831279080826,7.02951761538496
3.29781746031746,0.406800447497639,0.366563966547258,0.599544384604091,7.02980612113696
3.29791666666667,0.406767073352454,0.366580125411745,0.599257627324585,7.03009458040305
3.29801587301587,0.406733695836817,0.366596264207966,0.598971007178553,7.03038299319719
3.29811507936508,0.406700314955489,0.36661238294549,0.59868452410226,7.03067135953337
3.29821428571429,0.406666930713246,0.366628481633879,0.598398178032001,7.03095967942553
3.29831349206349,0.406633543114878,0.366644560282682,0.598111968904086,7.03124795288762
3.2984126984127,0.406600152165186,0.366660618901442,0.597825896654849,7.03153617993359
3.2985119047619,0.406566757868985,0.366676657499692,0.597539961220645,7.03182436057735
3.29861111111111,0.406533360231104,0.366692676086956,0.597254162537851,7.03211249483282
3.29871031746032,0.406499959256383,0.366708674672747,0.596968500542868,7.03240058271391
3.29880952380952,0.406466554949677,0.366724653266571,0.596682975172115,7.03268862423451
3.29890873015873,0.406433147315853,0.366740611877923,0.59639758636204,7.0329766194085
3.29900793650794,0.406399736359793,0.366756550516289,0.596112334049104,7.03326456824976
3.29910714285714,0.406366322086388,0.366772469191148,0.595827218169797,7.03355247077216
3.29920634920635,0.406332904500546,0.366788367911966,0.595542238660627,7.03384032698955
3.29930555555556,0.406299483607186,0.366804246688203,0.595257395458124,7.03412813691576
3.29940476190476,0.406266059411241,0.366820105529308,0.594972688498844,7.03441590056464
3.29950396825397,0.406232631917656,0.36683594444472,0.594688117719359,7.03470361795
3.29960317460317,0.406199201131392,0.366851763443872,0.594403683056265,7.03499128908566
3.29970238095238,0.406165767057418,0.366867562536184,0.594119384446185,7.03527891398542
3.29980158730159,0.406132329700722,0.366883341731069,0.593835221825758,7.03556649266307
3.29990079365079,0.406098889066299,0.366899101037931,0.593551195131646,7.03585402513239
3.3,0.406065445159162,0.366914840466162,0.593267304300533,7.03614151140715
3.30009920634921,0.406031997984335,0.366930560025148,0.592983549269127,7.03642895150111
3.30019841269841,0.405998547546855,0.366946259724263,0.592699929974156,7.03671634542802
3.30029761904762,0.405965093851772,0.366961939572875,0.592416446352368,7.03700369320162
3.30039682539683,0.40593163690415,0.36697759958034,0.592133098340539,7.03729099483564
3.30049603174603,0.405898176709066,0.366993239756005,0.591849885875462,7.03757825034379
3.30059523809524,0.405864713271608,0.367008860109208,0.591566808893953,7.03786545973979
3.30069444444444,0.405831246596879,0.36702446064928,0.591283867332849,7.03815262303734
3.30079365079365,0.405797776689995,0.367040041385538,0.591001061129012,7.03843974025011
3.30089285714286,0.405764303556085,0.367055602327295,0.590718390219322,7.03872681139179
3.30099206349206,0.405730827200291,0.367071143483852,0.590435854540683,7.03901383647605
3.30109126984127,0.405697347627767,0.367086664864499,0.59015345403002,7.03930081551654
3.30119047619048,0.405663864843681,0.367102166478521,0.589871188624284,7.0395877485269
3.30128968253968,0.405630378853215,0.367117648335191,0.589589058260442,7.03987463552077
3.30138888888889,0.405596889661563,0.367133110443772,0.589307062875487,7.04016147651178
3.3014880952381,0.405563397273931,0.36714855281352,0.589025202406431,7.04044827151354
3.3015873015873,0.40552990169554,0.367163975453681,0.58874347679031,7.04073502053966
3.30168650793651,0.405496402931623,0.367179378373491,0.588461885964181,7.04102172360372
3.30178571428571,0.405462900987427,0.367194761582177,0.588180429865122,7.04130838071933
3.30188492063492,0.405429395868212,0.367210125088957,0.587899108430238,7.04159499190003
3.30198412698413,0.405395887579248,0.36722546890304,0.587617921596649,7.04188155715941
3.30208333333333,0.405362376125824,0.367240793033626,0.587336869301501,7.04216807651101
3.30218253968254,0.405328861513236,0.367256097489904,0.587055951481961,7.04245454996837
3.30228174603175,0.405295343746796,0.367271382281055,0.586775168075218,7.04274097754503
3.30238095238095,0.40526182283183,0.367286647416252,0.586494519018481,7.04302735925451
3.30248015873016,0.405228298773676,0.367301892904656,0.586214004248985,7.04331369511031
3.30257936507937,0.405194771577683,0.367317118755421,0.585933623703982,7.04359998512595
3.30267857142857,0.405161241249217,0.36733232497769,0.585653377320752,7.0438862293149
3.30277777777778,0.405127707793655,0.367347511580598,0.585373265036591,7.04417242769065
3.30287698412698,0.405094171216386,0.367362678573271,0.585093286788821,7.04445858026667
3.30297619047619,0.405060631522813,0.367377825964824,0.584813442514784,7.04474468705642
3.3030753968254,0.405027088718354,0.367392953764365,0.584533732151843,7.04503074807334
3.3031746031746,0.404993542808437,0.367408061980991,0.584254155637385,7.04531676333088
3.30327380952381,0.404959993798505,0.36742315062379,0.583974712908816,7.04560273284247
3.30337301587302,0.404926441694014,0.367438219701842,0.583695403903571,7.04588865662151
3.30347222222222,0.404892886500431,0.367453269224216,0.583416228559098,7.04617453468142
3.30357142857143,0.404859328223239,0.367468299199972,0.583137186812872,7.0464603670356
3.30367063492063,0.404825766867933,0.367483309638163,0.582858278602389,7.04674615369742
3.30376984126984,0.404792202440019,0.36749830054783,0.582579503865167,7.04703189468028
3.30386904761905,0.40475863494502,0.367513271938005,0.582300862538745,7.04731758999752
3.30396825396825,0.404725064388469,0.367528223817714,0.582022354560685,7.04760323966252
3.30406746031746,0.404691490775912,0.367543156195969,0.581743979868568,7.04788884368861
3.30416666666667,0.404657914112911,0.367558069081775,0.581465738400003,7.04817440208912
3.30426587301587,0.404624334405038,0.367572962484129,0.581187630092617,7.04845991487739
3.30436507936508,0.404590751657879,0.367587836412017,0.580909654884059,7.04874538206673
3.30446428571429,0.404557165877034,0.367602690874416,0.580631812711998,7.04903080367043
3.30456349206349,0.404523577068115,0.367617525880294,0.58035410351413,7.04931617970179
3.3046626984127,0.404489985236748,0.36763234143861,0.580076527228168,7.04960151017411
3.30476190476191,0.40445639038857,0.367647137558313,0.579799083791849,7.04988679510064
3.30486111111111,0.404422792529235,0.367661914248344,0.579521773142933,7.05017203449465
3.30496031746032,0.404389191664405,0.367676671517633,0.579244595219202,7.05045722836939
3.30505952380952,0.40435558779976,0.367691409375102,0.578967549958457,7.0507423767381
3.30515873015873,0.404321980940989,0.367706127829664,0.578690637298522,7.05102747961402
3.30525793650794,0.404288371093797,0.367720826890221,0.578413857177246,7.05131253701036
3.30535714285714,0.4042547582639,0.367735506565668,0.578137209532495,7.05159754894033
3.30545634920635,0.404221142457029,0.367750166864889,0.577860694302162,7.05188251541714
3.30555555555556,0.404187523678926,0.36776480779676,0.577584311424155,7.05216743645397
3.30565476190476,0.404153901935348,0.367779429370146,0.577308060836414,7.05245231206401
3.30575396825397,0.404120277232064,0.367794031593905,0.577031942476892,7.05273714226041
3.30585317460317,0.404086649574856,0.367808614476884,0.576755956283568,7.05302192705634
3.30595238095238,0.40405301896952,0.367823178027922,0.576480102194442,7.05330666646495
3.30605158730159,0.404019385421863,0.367837722255847,0.576204380147535,7.05359136049938
3.30615079365079,0.403985748937709,0.36785224716948,0.575928790080893,7.05387600917274
3.30625,0.40395210952289,0.36786675277763,0.575653331932578,7.05416061249817
3.30634920634921,0.403918467183255,0.3678812390891,0.575378005640683,7.05444517048876
3.30644841269841,0.403884821924664,0.367895706112681,0.575102811143315,7.05472968315761
3.30654761904762,0.403851173752991,0.367910153857157,0.574827748378606,7.0550141505178
3.30664682539683,0.403817522674124,0.3679245823313,0.574552817284709,7.05529857258242
3.30674603174603,0.403783868693961,0.367938991543875,0.5742780177998,7.05558294936452
3.30684523809524,0.403750211818416,0.367953381503637,0.574003349862076,7.05586728087716
3.30694444444444,0.403716552053415,0.367967752219332,0.573728813409757,7.05615156713339
3.30704365079365,0.403682889404897,0.367982103699697,0.573454408381082,7.05643580814624
3.30714285714286,0.403649223878815,0.367996435953458,0.573180134714318,7.05672000392873
3.30724206349206,0.403615555481133,0.368010748989333,0.572905992347748,7.05700415449387
3.30734126984127,0.40358188421783,0.368025042816031,0.57263198121968,7.05728825985467
3.30744047619048,0.403548210094897,0.368039317442252,0.572358101268442,7.05757232002412
3.30753968253968,0.403514533118339,0.368053572876687,0.572084352432385,7.0578563350152
3.30763888888889,0.403480853294173,0.368067809128015,0.571810734649882,7.05814030484089
3.3077380952381,0.40344717062843,0.368082026204908,0.571537247859325,7.05842422951414
3.3078373015873,0.403413485127154,0.36809622411603,0.571263891999136,7.0587081090479
3.30793650793651,0.403379796796402,0.368110402870033,0.570990667007751,7.05899194345512
3.30803571428571,0.403346105642242,0.36812456247556,0.570717572823631,7.05927573274873
3.30813492063492,0.403312411670759,0.368138702941248,0.570444609385257,7.05955947694164
3.30823412698413,0.403278714888048,0.368152824275721,0.570171776631135,7.05984317604676
3.30833333333333,0.403245015300218,0.368166926487595,0.56989907449979,7.060126830077
3.30843253968254,0.403211312913391,0.368181009585477,0.569626502929772,7.06041043904523
3.30853174603175,0.403177607733702,0.368195073577965,0.569354061859647,7.06069400296435
3.30863095238095,0.403143899767301,0.368209118473647,0.569081751228012,7.06097752184721
3.30873015873016,0.403110189020347,0.368223144281103,0.56880957097348,7.06126099570668
3.30882936507937,0.403076475499016,0.368237151008901,0.568537521034685,7.0615444245556
3.30892857142857,0.403042759209495,0.368251138665603,0.568265601350286,7.06182780840681
3.30902777777778,0.403009040157984,0.368265107259761,0.567993811858962,7.06211114727313
3.30912698412698,0.402975318350698,0.368279056799915,0.567722152499416,7.06239444116738
3.30922619047619,0.402941593793862,0.3682929872946,0.56745062321037,7.06267769010237
3.3093253968254,0.402907866493716,0.368306898752338,0.567179223930571,7.06296089409089
3.3094246031746,0.402874136456514,0.368320791181643,0.566907954598786,7.06324405314573
3.30952380952381,0.402840403688522,0.368334664591022,0.566636815153805,7.06352716727965
3.30962301587302,0.402806668196017,0.368348518988969,0.566365805534438,7.06381023650543
3.30972222222222,0.402772929985293,0.368362354383971,0.566094925679519,7.06409326083581
3.30982142857143,0.402739189062654,0.368376170784506,0.565824175527903,7.06437624028355
3.30992063492063,0.402705445434418,0.368389968199041,0.565553555018467,7.06465917486137
3.31001984126984,0.402671699106917,0.368403746636035,0.565283064090109,7.06494206458199
3.31011904761905,0.402637950086496,0.368417506103938,0.565012702681753,7.06522490945814
3.31021825396825,0.402604198379511,0.36843124661119,0.564742470732339,7.0655077095025
3.31031746031746,0.402570443992332,0.368444968166222,0.564472368180834,7.06579046472777
3.31041666666667,0.402536686931344,0.368458670777455,0.564202394966223,7.06607317514664
3.31051587301587,0.402502927202944,0.368472354453302,0.563932551027515,7.06635584077176
3.31061507936508,0.40246916481354,0.368486019202166,0.563662836303741,7.06663846161581
3.31071428571429,0.402435399769555,0.368499665032442,0.563393250733952,7.06692103769144
3.31081349206349,0.402401632077425,0.368513291952513,0.563123794257224,7.06720356901127
3.3109126984127,0.4023678617436,0.368526899970756,0.562854466812654,7.06748605558795
3.3110119047619,0.402334088774541,0.368540489095535,0.56258526833936,7.06776849743409
3.31111111111111,0.402300313176723,0.36855405933521,0.56231619877648,7.06805089456229
3.31121031746032,0.402266534956635,0.368567610698126,0.562047258063179,7.06833324698516
3.31130952380952,0.402232754120776,0.368581143192622,0.561778446138639,7.06861555471528
3.31140873015873,0.402198970675663,0.368594656827028,0.561509762942066,7.06889781776524
3.31150793650794,0.402165184627821,0.368608151609663,0.561241208412688,7.0691800361476
3.31160714285714,0.402131395983791,0.368621627548839,0.560972782489757,7.0694622098749
3.31170634920635,0.402097604750128,0.368635084652855,0.560704485112542,7.06974433895971
3.31180555555556,0.402063810933396,0.368648522930005,0.560436316220339,7.07002642341455
3.31190476190476,0.402030014540177,0.368661942388571,0.560168275752462,7.07030846325196
3.31200396825397,0.401996215577062,0.368675343036827,0.559900363648249,7.07059045848444
3.31210317460317,0.401962414050657,0.368688724883036,0.559632579847059,7.0708724091245
3.31220238095238,0.401928609967581,0.368702087935456,0.559364924288272,7.07115431518464
3.31230158730159,0.401894803334467,0.36871543220233,0.559097396911296,7.07143617667734
3.31240079365079,0.401860994157958,0.368728757691895,0.558829997655552,7.07171799361507
3.3125,0.401827182444713,0.368742064412379,0.558562726460489,7.07199976601029
3.31259920634921,0.401793368201403,0.368755352372,0.558295583265575,7.07228149387547
3.31269841269841,0.401759551434712,0.368768621578967,0.558028568010302,7.07256317722303
3.31279761904762,0.401725732151338,0.368781872041478,0.557761680634183,7.07284481606542
3.31289682539682,0.40169191035799,0.368795103767725,0.557494921076751,7.07312641041505
3.31299603174603,0.401658086061392,0.368808316765889,0.557228289277563,7.07340796028433
3.31309523809524,0.40162425926828,0.36882151104414,0.556961785176201,7.07368946568567
3.31319444444444,0.401590429985405,0.368834686610642,0.556695408712263,7.07397092663146
3.31329365079365,0.401556598219528,0.368847843473547,0.556429159825372,7.07425234313408
3.31339285714286,0.401522763977426,0.368860981641001,0.556163038455172,7.07453371520589
3.31349206349206,0.401488927265886,0.368874101121136,0.55589704454133,7.07481504285926
3.31359126984127,0.401455088091711,0.36888720192208,0.555631178023535,7.07509632610653
3.31369047619048,0.401421246461715,0.368900284051947,0.555365438841494,7.07537756496004
3.31378968253968,0.401387402382727,0.368913347518845,0.555099826934943,7.07565875943213
3.31388888888889,0.401353555861588,0.368926392330872,0.554834342243635,7.07593990953511
3.3139880952381,0.401319706905151,0.368939418496116,0.554568984707346,7.07622101528128
3.3140873015873,0.401285855520284,0.368952426022656,0.554303754265874,7.07650207668294
3.31418650793651,0.401252001713866,0.368965414918562,0.554038650859038,7.07678309375239
3.31428571428571,0.401218145492792,0.368978385191895,0.55377367442668,7.07706406650189
3.31438492063492,0.401184286863968,0.368991336850705,0.553508824908665,7.07734499494372
3.31448412698413,0.401150425834312,0.369004269903036,0.553244102244876,7.07762587909013
3.31458333333333,0.401116562410758,0.36901718435692,0.552979506375223,7.07790671895335
3.31468253968254,0.401082696600251,0.36903008022038,0.552715037239636,7.07818751454564
3.31478174603175,0.40104882840975,0.369042957501431,0.552450694778065,7.07846826587921
3.31488095238095,0.401014957846226,0.369055816208078,0.552186478930483,7.07874897296627
3.31498015873016,0.400981084916664,0.369068656348317,0.551922389636887,7.07902963581904
3.31507936507936,0.400947209628062,0.369081477930134,0.551658426837292,7.0793102544497
3.31517857142857,0.400913331987432,0.369094280961507,0.551394590471737,7.07959082887044
3.31527777777778,0.400879452001796,0.369107065450404,0.551130880480287,7.07987135909343
3.31537698412698,0.400845569678192,0.369119831404783,0.550867296803021,7.08015184513082
3.31547619047619,0.40081168502367,0.369132578832594,0.550603839380046,7.08043228699479
3.3155753968254,0.400777798045294,0.369145307741777,0.550340508151487,7.08071268469745
3.3156746031746,0.400743908750139,0.369158018140263,0.550077303057495,7.08099303825096
3.31577380952381,0.400710017145296,0.369170710035975,0.549814224038238,7.08127334766741
3.31587301587302,0.400676123237865,0.369183383436824,0.549551271033911,7.08155361295894
3.31597222222222,0.400642227034964,0.369196038350714,0.549288443984726,7.08183383413764
3.31607142857143,0.40060832854372,0.369208674785538,0.549025742830923,7.08211401121558
3.31617063492063,0.400574427771275,0.369221292749182,0.548763167512758,7.08239414420487
3.31626984126984,0.400540524724783,0.369233892249521,0.548500717970512,7.08267423311756
3.31636904761905,0.400506619411414,0.369246473294421,0.548238394144486,7.08295427796571
3.31646825396825,0.400472711838346,0.369259035891739,0.547976195975006,7.08323427876137
3.31656746031746,0.400438802012775,0.369271580049322,0.547714123402417,7.08351423551659
3.31666666666667,0.400404889941907,0.36928410577501,0.547452176367086,7.08379414824338
3.31676587301587,0.400370975632962,0.369296613076631,0.547190354809406,7.08407401695376
3.31686507936508,0.400337059093174,0.369309101962005,0.546928658669786,7.08435384165974
3.31696428571429,0.400303140329789,0.369321572438943,0.546667087888661,7.08463362237331
3.31706349206349,0.400269219350065,0.369334024515247,0.546405642406487,7.08491335910647
3.3171626984127,0.400235296161275,0.369346458198707,0.546144322163742,7.08519305187118
3.3172619047619,0.400201370770705,0.369358873497108,0.545883127100923,7.08547270067942
3.31736111111111,0.400167443185654,0.369371270418223,0.545622057158554,7.08575230554313
3.31746031746032,0.400133513413431,0.369383648969816,0.545361112277176,7.08603186647427
3.31755952380952,0.400099581461363,0.369396009159642,0.545100292397357,7.08631138348476
3.31765873015873,0.400065647336787,0.369408350995447,0.544839597459684,7.08659085658652
3.31775793650794,0.400031711047054,0.369420674484968,0.544579027404765,7.08687028579148
3.31785714285714,0.399997772599527,0.369432979635932,0.544318582173232,7.08714967111154
3.31795634920635,0.399963832001583,0.369445266456057,0.544058261705737,7.08742901255858
3.31805555555556,0.399929889260613,0.369457534953052,0.543798065942955,7.08770831014449
3.31815476190476,0.399895944384019,0.369469785134616,0.543537994825583,7.08798756388114
3.31825396825397,0.399861997379218,0.36948201700844,0.543278048294341,7.08826677378039
3.31835317460317,0.399828048253639,0.369494230582205,0.543018226289969,7.08854593985409
3.31845238095238,0.399794097014724,0.369506425863582,0.542758528753229,7.08882506211409
3.31855158730159,0.399760143669928,0.369518602860235,0.542498955624907,7.08910414057221
3.31865079365079,0.399726188226719,0.369530761579815,0.542239506845809,7.08938317524028
3.31875,0.39969223069258,0.369542902029968,0.541980182356762,7.0896621661301
3.31884920634921,0.399658271075004,0.369555024218328,0.541720982098618,7.08994111325347
3.31894841269841,0.3996243093815,0.36956712815252,0.541461906012247,7.09022001662218
3.31904761904762,0.399590345619587,0.369579213840161,0.541202954038547,7.09049887624801
3.31914682539683,0.399556379796801,0.369591281288857,0.540944126118432,7.09077769214272
3.31924603174603,0.399522411920687,0.369603330506207,0.54068542219284,7.09105646431808
3.31934523809524,0.399488441998805,0.369615361499799,0.540426842202731,7.09133519278584
3.31944444444444,0.399454470038728,0.369627374277211,0.540168386089087,7.09161387755772
3.31954365079365,0.399420496048044,0.369639368846015,0.539910053792912,7.09189251864545
3.31964285714286,0.399386520034349,0.36965134521377,0.539651845255231,7.09217111606076
3.31974206349206,0.399352542005257,0.369663303388027,0.539393760417093,7.09244966981534
3.31984126984127,0.399318561968393,0.36967524337633,0.539135799219567,7.09272817992089
3.31994047619048,0.399284579931396,0.369687165186211,0.538877961603745,7.0930066463891
3.32003968253968,0.399250595901916,0.369699068825194,0.538620247510739,7.09328506923165
3.32013888888889,0.399216609887618,0.369710954300792,0.538362656881686,7.09356344846018
3.32023809523809,0.399182621896179,0.369722821620512,0.538105189657743,7.09384178408637
3.3203373015873,0.399148631935291,0.369734670791849,0.537847845780088,7.09412007612185
3.32043650793651,0.399114640012657,0.369746501822289,0.537590625189922,7.09439832457826
3.32053571428571,0.399080646135993,0.36975831471931,0.537333527828471,7.09467652946721
3.32063492063492,0.399046650313029,0.36977010949038,0.537076553636978,7.09495469080033
3.32073412698413,0.399012652551509,0.369781886142957,0.53681970255671,7.0952328085892
3.32083333333333,0.398978652859188,0.369793644684492,0.536562974528956,7.09551088284543
3.32093253968254,0.398944651243836,0.369805385122425,0.536306369495027,7.0957889135806
3.32103174603175,0.398910647713233,0.369817107464187,0.536049887396255,7.09606690080627
3.32113095238095,0.398876642275176,0.369828811717198,0.535793528173994,7.09634484453401
3.32123015873016,0.398842634937473,0.369840497888873,0.535537291769623,7.09662274477537
3.32132936507937,0.398808625707945,0.369852165986614,0.535281178124539,7.09690060154188
3.32142857142857,0.398774614594426,0.369863816017816,0.535025187180163,7.09717841484508
3.32152777777778,0.398740601604764,0.369875447989862,0.534769318877937,7.09745618469648
3.32162698412698,0.398706586746819,0.369887061910129,0.534513573159325,7.09773391110759
3.32172619047619,0.398672570028466,0.369898657785983,0.534257949965813,7.09801159408992
3.3218253968254,0.398638551457589,0.36991023562478,0.53400244923891,7.09828923365495
3.3219246031746,0.39860453104209,0.369921795433869,0.533747070920144,7.09856682981415
3.32202380952381,0.398570508789881,0.369933337220588,0.53349181495107,7.09884438257899
3.32212301587302,0.398536484708889,0.369944860992266,0.53323668127326,7.09912189196094
3.32222222222222,0.398502458807051,0.369956366756223,0.53298166982831,7.09939935797143
3.32232142857143,0.39846843109232,0.36996785451977,0.532726780557839,7.0996767806219
3.32242063492063,0.398434401572661,0.369979324290208,0.532472013403485,7.09995415992378
3.32251984126984,0.398400370256052,0.369990776074829,0.53221736830691,7.10023149588849
3.32261904761905,0.398366337150484,0.370002209880916,0.531962845209797,7.10050878852742
3.32271825396825,0.398332302263962,0.370013625715744,0.531708444053853,7.10078603785198
3.32281746031746,0.398298265604503,0.370025023586575,0.531454164780805,7.10106324387354
3.32291666666667,0.398264227180137,0.370036403500666,0.531200007332401,7.10134040660348
3.32301587301587,0.398230186998909,0.370047765465262,0.530945971650414,7.10161752605316
3.32311507936508,0.398196145068874,0.3700591094876,0.530692057676636,7.10189460223394
3.32321428571429,0.398162101398102,0.370070435574908,0.530438265352882,7.10217163515716
3.32331349206349,0.398128055994675,0.370081743734402,0.530184594620989,7.10244862483415
3.3234126984127,0.398094008866691,0.370093033973293,0.529931045422815,7.10272557127623
3.3235119047619,0.398059960022257,0.37010430629878,0.529677617700244,7.10300247449472
3.32361111111111,0.398025909469495,0.370115560718053,0.529424311395176,7.10327933450091
3.32371031746032,0.397991857216541,0.370126797238293,0.529171126449537,7.1035561513061
3.32380952380952,0.397957803271542,0.370138015866671,0.528918062805273,7.10383292492156
3.32390873015873,0.39792374764266,0.370149216610352,0.528665120404352,7.10410965535857
3.32400793650794,0.397889690338069,0.370160399476487,0.528412299188766,7.10438634262838
3.32410714285714,0.397855631365956,0.370171564472221,0.528159599100524,7.10466298674225
3.32420634920635,0.397821570734521,0.370182711604688,0.527907020081665,7.10493958771141
3.32430555555556,0.397787508451979,0.370193840881015,0.527654562074243,7.1052161455471
3.32440476190476,0.397753444526554,0.370204952308317,0.527402225020337,7.10549266026052
3.32450396825397,0.397719378966488,0.370216045893701,0.527150008862045,7.10576913186289
3.32460317460317,0.397685311780032,0.370227121644265,0.526897913541491,7.10604556036541
3.32470238095238,0.397651242975452,0.370238179567098,0.526645939000818,7.10632194577925
3.32480158730159,0.397617172561028,0.370249219669279,0.526394085182193,7.10659828811561
3.32490079365079,0.39758310054505,0.370260241957877,0.5261423520278,7.10687458738564
3.325,0.397549026935824,0.370271246439954,0.525890739479854,7.1071508436005
3.32509920634921,0.397514951741668,0.37028223312256,0.525639247480585,7.10742705677134
3.32519841269841,0.397480874970912,0.370293202012739,0.525387875972245,7.10770322690928
3.32529761904762,0.397446796631902,0.370304153117523,0.525136624897111,7.10797935402546
3.32539682539683,0.397412716732994,0.370315086443935,0.524885494197479,7.10825543813099
3.32549603174603,0.397378635282558,0.370326001998991,0.52463448381567,7.10853147923698
3.32559523809524,0.397344552288978,0.370336899789694,0.524383593694022,7.10880747735451
3.32569444444444,0.39731046776065,0.370347779823042,0.524132823774903,7.10908343249467
3.32579365079365,0.397276381705984,0.37035864210602,0.523882174000695,7.10935934466853
3.32589285714286,0.397242294133402,0.370369486645607,0.523631644313806,7.10963521388716
3.32599206349206,0.39720820505134,0.37038031344877,0.523381234656665,7.10991104016161
3.32609126984127,0.397174114468247,0.370391122522467,0.523130944971723,7.11018682350291
3.32619047619048,0.397140022392583,0.37040191387365,0.522880775201452,7.11046256392211
3.32628968253968,0.397105928832825,0.370412687509257,0.522630725288347,7.11073826143021
3.32638888888889,0.39707183379746,0.370423443436221,0.522380795174924,7.11101391603824
3.3264880952381,0.397037737294989,0.370434181661463,0.522130984803723,7.11128952775719
3.3265873015873,0.397003639333926,0.370444902191895,0.521881294117305,7.11156509659805
3.32668650793651,0.396969539922798,0.37045560503442,0.521631723058251,7.1118406225718
3.32678571428571,0.396935439070145,0.370466290195934,0.521382271569166,7.11211610568942
3.32688492063492,0.396901336784521,0.37047695768332,0.521132939592676,7.11239154596185
3.32698412698413,0.396867233074492,0.370487607503455,0.52088372707143,7.11266694340004
3.32708333333333,0.396833127948637,0.370498239663204,0.520634633948095,7.11294229801495
3.32718253968254,0.396799021415549,0.370508854169424,0.520385660165368,7.11321760981748
3.32728174603175,0.396764913483834,0.370519451028963,0.52013680566596,7.11349287881856
3.32738095238095,0.396730804162109,0.37053003024866,0.519888070392608,7.1137681050291
3.32748015873016,0.396696693459007,0.370540591835344,0.519639454288069,7.11404328846
3.32757936507937,0.396662581383172,0.370551135795835,0.519390957295123,7.11431842912213
3.32767857142857,0.396628467943263,0.370561662136944,0.519142579356572,7.11459352702637
3.32777777777778,0.396594353147949,0.370572170865472,0.51889432041524,7.1148685821836
3.32787698412698,0.396560237005916,0.370582661988211,0.51864618041397,7.11514359460466
3.32797619047619,0.39652611952586,0.370593135511944,0.518398159295633,7.11541856430039
3.3280753968254,0.396492000716491,0.370603591443445,0.518150257003116,7.11569349128164
3.3281746031746,0.396457880586532,0.370614029789478,0.517902473479332,7.11596837555923
3.32827380952381,0.39642375914472,0.370624450556799,0.517654808667214,7.11624321714397
3.32837301587302,0.396389636399804,0.370634853752154,0.517407262509716,7.11651801604666
3.32847222222222,0.396355512360546,0.370645239382278,0.517159834949816,7.1167927722781
3.32857142857143,0.396321387035722,0.3706556074539,0.516912525930511,7.11706748584906
3.32867063492063,0.39628726043412,0.370665957973738,0.516665335394825,7.11734215677033
3.32876984126984,0.396253132564542,0.3706762909485,0.5164182632858,7.11761678505265
3.32886904761905,0.396219003435803,0.370686606384886,0.5161713095465,7.11789137070679
3.32896825396825,0.39618487305673,0.370696904289586,0.515924474120013,7.11816591374348
3.32906746031746,0.396150741436164,0.370707184669282,0.515677756949446,7.11844041417346
3.32916666666667,0.396116608582959,0.370717447530646,0.51543115797793,7.11871487200744
3.32926587301587,0.396082474505983,0.370727692880339,0.515184677148619,7.11898928725613
3.32936507936508,0.396048339214114,0.370737920725016,0.514938314404684,7.11926365993024
3.32946428571429,0.396014202716246,0.37074813107132,0.514692069689325,7.11953799004045
3.32956349206349,0.395980065021285,0.370758323925886,0.514445942945759,7.11981227759743
3.3296626984127,0.395945926138151,0.37076849929534,0.514199934117226,7.12008652261187
3.3297619047619,0.395911786075776,0.370778657186298,0.513954043146989,7.12036072509441
3.32986111111111,0.395877644843105,0.370788797605367,0.51370826997833,7.12063488505571
3.32996031746032,0.395843502449096,0.370798920559145,0.513462614554557,7.12090900250639
3.33005952380952,0.395809358902722,0.37080902605422,0.513217076818996,7.1211830774571
3.33015873015873,0.395775214212966,0.370819114097171,0.512971656714999,7.12145710991843
3.33025793650794,0.395741068388827,0.37082918469457,0.512726354185936,7.12173109990101
3.33035714285714,0.395706921439315,0.370839237852975,0.512481169175203,7.12200504741541
3.33045634920635,0.395672773373453,0.37084927357894,0.512236101626213,7.12227895247224
3.33055555555556,0.39563862420028,0.370859291879005,0.511991151482405,7.12255281508207
3.33065476190476,0.395604473928844,0.370869292759704,0.511746318687237,7.12282663525545
3.33075396825397,0.395570322568209,0.370879276227561,0.511501603184192,7.12310041300294
3.33085317460317,0.395536170127451,0.37088924228909,0.511257004916772,7.1233741483351
3.33095238095238,0.395502016615658,0.370899190950797,0.511012523828503,7.12364784126244
3.33105158730159,0.395467862041934,0.370909122219177,0.510768159862933,7.12392149179549
3.33115079365079,0.395433706415393,0.370919036100716,0.51052391296363,7.12419509994477
3.33125,0.395399549745165,0.370928932601893,0.510279783074185,7.12446866572078
3.33134920634921,0.395365392040389,0.370938811729175,0.510035770138211,7.12474218913401
3.33144841269841,0.395331233310221,0.370948673489022,0.509791874099343,7.12501567019493
3.33154761904762,0.395297073563829,0.370958517887883,0.509548094901237,7.12528910891403
3.33164682539683,0.395262912810392,0.370968344932198,0.509304432487573,7.12556250530176
3.33174603174603,0.395228751059106,0.370978154628399,0.509060886802051,7.12583585936857
3.33184523809524,0.395194588319176,0.370987946982907,0.508817457788394,7.12610917112491
3.33194444444444,0.395160424599822,0.370997722002135,0.508574145390346,7.12638244058119
3.33204365079365,0.395126259910278,0.371007479692486,0.508330949551673,7.12665566774785
3.33214285714286,0.395092094259789,0.371017220060354,0.508087870216164,7.12692885263529
3.33224206349206,0.395057927657614,0.371026943112125,0.50784490732763,7.1272019952539
3.33234126984127,0.395023760113026,0.371036648854174,0.5076020608299,7.12747509561408
3.33244047619048,0.394989591635309,0.371046337292867,0.507359330666831,7.12774815372621
3.33253968253968,0.394955422233763,0.37105600843456,0.5071167167823,7.12802116960064
3.33263888888889,0.394921251917698,0.371065662285603,0.506874219120203,7.12829414324774
3.3327380952381,0.394887080696438,0.371075298852333,0.506631837624459,7.12856707467786
3.3328373015873,0.394852908579323,0.37108491814108,0.506389572239012,7.12883996390132
3.33293650793651,0.394818735575701,0.371094520158164,0.506147422907825,7.12911281092847
3.33303571428571,0.394784561694936,0.371104104909895,0.505905389574882,7.1293856157696
3.33313492063492,0.394750386946405,0.371113672402575,0.505663472184193,7.12965837843503
3.33323412698413,0.394716211339499,0.371123222642496,0.505421670679786,7.12993109893505
3.33333333333333,0.39468203488362,0.371132755635942,0.505179985005714,7.13020377727995
3.33343253968254,0.394647857588183,0.371142271389185,0.504938415106049,7.13047641347999
3.33353174603175,0.394613679462618,0.371151769908491,0.504696960924886,7.13074900754545
3.33363095238095,0.394579500516367,0.371161251200115,0.504455622406344,7.13102155948658
3.33373015873016,0.394545320758884,0.371170715270302,0.50421439949456,7.13129406931361
3.33382936507937,0.394511140199639,0.371180162125289,0.503973292133694,7.13156653703678
3.33392857142857,0.394476958848112,0.371189591771304,0.503732300267933,7.13183896266632
3.33402777777778,0.394442776713798,0.371199004214565,0.503491423841481,7.13211134621243
3.33412698412698,0.394408593806205,0.371208399461281,0.503250662798562,7.13238368768531
3.33422619047619,0.394374410134852,0.371217777517651,0.503010017083428,7.13265598709517
3.3343253968254,0.394340225709273,0.371227138389866,0.502769486640347,7.13292824445217
3.3344246031746,0.394306040539015,0.371236482084106,0.502529071413613,7.13320045976648
3.33452380952381,0.394271854633637,0.371245808606545,0.502288771347539,7.13347263304828
3.33462301587302,0.394237668002713,0.371255117963344,0.502048586386464,7.1337447643077
3.33472222222222,0.394203480655828,0.371264410160657,0.501808516474745,7.13401685355488
3.33482142857143,0.394169292602581,0.371273685204627,0.501568561556763,7.13428890079996
3.33492063492063,0.394135103852584,0.371282943101391,0.50132872157692,7.13456090605305
3.33501984126984,0.394100914415462,0.371292183857073,0.501088996479639,7.13483286932426
3.33511904761905,0.394066724300853,0.371301407477789,0.500849386209367,7.13510479062369
3.33521825396825,0.394032533518409,0.371310613969647,0.500609890710572,7.13537666996142
3.33531746031746,0.393998342077793,0.371319803338745,0.500370509927743,7.13564850734754
3.33541666666667,0.393964149988683,0.371328975591171,0.500131243805394,7.1359203027921
3.33551587301587,0.39392995726077,0.371338130733004,0.499892092288057,7.13619205630516
3.33561507936508,0.393895763903757,0.371347268770314,0.499653055320289,7.13646376789678
3.33571428571429,0.39386156992736,0.371356389709163,0.499414132846666,7.13673543757698
3.33581349206349,0.393827375341309,0.371365493555601,0.499175324811789,7.13700706535578
3.3359126984127,0.393793180155346,0.371374580315672,0.498936631160279,7.13727865124322
3.33601190476191,0.393758984379228,0.371383649995407,0.498698051836777,7.13755019524928
3.33611111111111,0.393724788022724,0.371392702600831,0.498459586785953,7.13782169738396
3.33621031746032,0.393690591095615,0.371401738137959,0.498221235952492,7.13809315765725
3.33630952380952,0.393656393607695,0.371410756612794,0.497982999281103,7.13836457607911
3.33640873015873,0.393622195568774,0.371419758031334,0.497744876716517,7.13863595265951
3.33650793650794,0.393587996988673,0.371428742399565,0.497506868203487,7.13890728740841
3.33660714285714,0.393553797877225,0.371437709723465,0.497268973686788,7.13917858033574
3.33670634920635,0.393519598244277,0.371446660009001,0.497031193111218,7.13944983145144
3.33680555555556,0.393485398099691,0.371455593262133,0.496793526421593,7.13972104076543
3.33690476190476,0.393451197453339,0.37146450948881,0.496555973562757,7.13999220828761
3.33700396825397,0.393416996315108,0.371473408694973,0.496318534479572,7.14026333402789
3.33710317460317,0.393382794694897,0.371482290886553,0.496081209116921,7.14053441799616
3.33720238095238,0.39334859260262,0.371491156069472,0.495843997419712,7.1408054602023
3.33730158730159,0.393314390048201,0.371500004249642,0.495606899332873,7.14107646065618
3.33740079365079,0.39328018704158,0.371508835432967,0.495369914801354,7.14134741936765
3.3375,0.393245983592707,0.37151764962534,0.495133043770126,7.14161833634656
3.33759920634921,0.39321177971155,0.371526446832648,0.494896286184186,7.14188921160276
3.33769841269841,0.393177575408084,0.371535227060765,0.494659641988549,7.14216004514607
3.33779761904762,0.393143370692301,0.371543990315558,0.494423111128253,7.14243083698631
3.33789682539683,0.393109165574206,0.371552736602883,0.494186693548358,7.14270158713328
3.33799603174603,0.393074960063815,0.371561465928589,0.493950389193946,7.14297229559678
3.33809523809524,0.393040754171159,0.371570178298514,0.493714198010121,7.1432429623866
3.33819444444444,0.393006547906281,0.371578873718488,0.493478119942008,7.14351358751251
3.33829365079365,0.392972341279237,0.371587552194331,0.493242154934753,7.14378417098428
3.33839285714286,0.392938134300097,0.371596213731853,0.49300630293353,7.14405471281166
3.33849206349206,0.392903926978943,0.371604858336855,0.492770563883528,7.14432521300441
3.33859126984127,0.392869719325871,0.371613486015131,0.492534937729961,7.14459567157224
3.33869047619048,0.39283551135099,0.371622096772463,0.492299424418064,7.1448660885249
3.33878968253968,0.392801303064421,0.371630690614625,0.492064023893094,7.14513646387208
3.33888888888889,0.3927670944763,0.371639267547382,0.491828736100331,7.1454067976235
3.3389880952381,0.392732885596773,0.371647827576488,0.491593560985075,7.14567708978884
3.3390873015873,0.392698676436002,0.37165637070769,0.491358498492651,7.14594734037779
3.33918650793651,0.392664467004161,0.371664896946724,0.491123548568403,7.14621754940003
3.33928571428571,0.392630257311438,0.371673406299318,0.490888711157697,7.1464877168652
3.33938492063492,0.392596047368031,0.37168189877119,0.490653986205924,7.14675784278297
3.33948412698413,0.392561837184155,0.371690374368049,0.490419373658493,7.14702792716298
3.33958333333333,0.392527626770036,0.371698833095595,0.490184873460838,7.14729797001485
3.33968253968254,0.392493416135913,0.371707274959518,0.489950485558412,7.14756797134821
3.33978174603175,0.392459205292038,0.3717156999655,0.489716209896691,7.14783793117266
3.33988095238095,0.392424994248677,0.371724108119211,0.489482046421177,7.14810784949781
3.33998015873016,0.39239078301611,0.371732499426316,0.489247995077388,7.14837772633324
3.34007936507937,0.392356571604626,0.371740873892467,0.489014055810867,7.14864756168854
3.34017857142857,0.392322360024532,0.371749231523308,0.488780228567178,7.14891735557327
3.34027777777778,0.392288148286144,0.371757572324475,0.488546513291908,7.14918710799698
3.34037698412698,0.392253936399794,0.371765896301592,0.488312909930663,7.14945681896923
3.34047619047619,0.392219724375825,0.371774203460277,0.488079418429073,7.14972648849956
3.3405753968254,0.392185512224595,0.371782493806136,0.487846038732794,7.14999611659749
3.3406746031746,0.392151299956474,0.371790767344768,0.487612770787496,7.15026570327254
3.34077380952381,0.392117087581845,0.37179902408176,0.487379614538877,7.1505352485342
3.34087301587302,0.392082875111104,0.371807264022692,0.487146569932653,7.15080475239199
3.34097222222222,0.39204866255466,0.371815487173135,0.486913636914565,7.15107421485538
3.34107142857143,0.392014449922936,0.371823693538649,0.486680815430374,7.15134363593386
3.34117063492063,0.391980237226367,0.371831883124785,0.486448105425863,7.15161301563687
3.34126984126984,0.391946024475402,0.371840055937086,0.486215506846837,7.15188235397389
3.34136904761905,0.391911811680502,0.371848211981085,0.485983019639126,7.15215165095435
3.34146825396825,0.391877598852142,0.371856351262306,0.485750643748577,7.15242090658768
3.34156746031746,0.391843386000809,0.371864473786263,0.485518379121063,7.15269012088331
3.34166666666667,0.391809173137005,0.371872579558462,0.485286225702475,7.15295929385065
3.34176587301587,0.391774960271243,0.371880668584398,0.485054183438729,7.15322842549911
3.34186507936508,0.39174074741405,0.371888740869558,0.484822252275763,7.15349751583807
3.34196428571429,0.391706534575966,0.37189679641942,0.484590432159533,7.15376656487692
3.34206349206349,0.391672321767545,0.371904835239452,0.484358723036024,7.15403557262503
3.3421626984127,0.391638108999352,0.371912857335113,0.484127124851236,7.15430453909175
3.3422619047619,0.391603896281966,0.371920862711852,0.483895637551194,7.15457346428645
3.34236111111111,0.39156968362598,0.371928851375111,0.483664261081946,7.15484234821846
3.34246031746032,0.391535471041999,0.37193682333032,0.483432995389559,7.1551111908971
3.34255952380952,0.391501258540642,0.371944778582901,0.483201840420124,7.15537999233171
3.34265873015873,0.391467046132541,0.371952717138266,0.482970796119753,7.15564875253158
3.34275793650794,0.391432833828338,0.371960639001821,0.48273986243458,7.15591747150602
3.34285714285714,0.391398621638693,0.371968544178957,0.482509039310762,7.15618614926431
3.34295634920635,0.391364409574276,0.371976432675061,0.482278326694479,7.15645478581574
3.34305555555556,0.39133019764577,0.371984304495508,0.482047724531928,7.15672338116956
3.34315476190476,0.391295985863874,0.371992159645664,0.481817232769332,7.15699193533504
3.34325396825397,0.391261774239296,0.371999998130887,0.481586851352936,7.15726044832143
3.34335317460317,0.391227562782759,0.372007819956524,0.481356580229005,7.15752892013796
3.34345238095238,0.391193351504999,0.372015625127914,0.481126419343825,7.15779735079385
3.34355158730159,0.391159140416767,0.372023413650386,0.480896368643709,7.15806574029832
3.34365079365079,0.391124929528823,0.372031185529261,0.480666428074987,7.15833408866058
3.34375,0.391090718851944,0.372038940769849,0.480436597584013,7.15860239588983
3.34384920634921,0.391056508396916,0.372046679377452,0.480206877117163,7.15887066199523
3.34394841269841,0.391022298174543,0.372054401357362,0.479977266620833,7.15913888698598
3.34404761904762,0.390988088195638,0.372062106714862,0.479747766041443,7.15940707087123
3.34414682539682,0.390953878471029,0.372069795455226,0.479518375325435,7.15967521366014
3.34424603174603,0.390919669011557,0.372077467583718,0.479289094419269,7.15994331536185
3.34434523809524,0.390885459828075,0.372085123105595,0.479059923269435,7.16021137598549
3.34444444444444,0.390851250931449,0.372092762026101,0.478830861822437,7.16047939554019
3.34454365079365,0.390817042332561,0.372100384350473,0.478601910024805,7.16074737403505
3.34464285714286,0.390782834042302,0.37210799008394,0.47837306782309,7.16101531147918
3.34474206349206,0.390748626071579,0.372115579231719,0.478144335163864,7.16128320788167
3.34484126984127,0.390714418431311,0.372123151799019,0.477915711993722,7.1615510632516
3.34494047619048,0.390680211132429,0.37213070779104,0.47768719825928,7.16181887759804
3.34503968253968,0.39064600418588,0.372138247212973,0.477458793907178,7.16208665093005
3.34513888888889,0.390611797602621,0.372145770069999,0.477230498884077,7.16235438325668
3.3452380952381,0.390577591393623,0.372153276367289,0.477002313136658,7.16262207458697
3.3453373015873,0.390543385569872,0.372160766110006,0.476774236611625,7.16288972492994
3.34543650793651,0.390509180142363,0.372168239303304,0.476546269255706,7.16315733429462
3.34553571428571,0.390474975122109,0.372175695952328,0.476318411015648,7.16342490269002
3.34563492063492,0.390440770520133,0.372183136062211,0.476090661838221,7.16369243012513
3.34573412698413,0.390406566347471,0.372190559638079,0.475863021670216,7.16395991660893
3.34583333333333,0.390372362615173,0.37219796668505,0.475635490458451,7.16422736215042
3.34593253968254,0.390338159334301,0.372205357208229,0.475408068149759,7.16449476675854
3.34603174603175,0.390303956515933,0.372212731212716,0.475180754690998,7.16476213044227
3.34613095238095,0.390269754171156,0.372220088703598,0.474953550029048,7.16502945321054
3.34623015873016,0.390235552311073,0.372227429685955,0.474726454110811,7.16529673507228
3.34632936507936,0.390201350946799,0.372234754164857,0.474499466883211,7.16556397603644
3.34642857142857,0.390167150089462,0.372242062145365,0.474272588293191,7.16583117611191
3.34652777777778,0.390132949750203,0.37224935363253,0.474045818287722,7.16609833530761
3.34662698412698,0.390098749940177,0.372256628631396,0.473819156813791,7.16636545363243
3.34672619047619,0.390064550670551,0.372263887146994,0.473592603818411,7.16663253109525
3.3468253968254,0.390030351952505,0.372271129184349,0.473366159248614,7.16689956770494
3.3469246031746,0.389996153797234,0.372278354748475,0.473139823051456,7.16716656347037
3.34702380952381,0.389961956215943,0.372285563844377,0.472913595174014,7.16743351840039
3.34712301587302,0.389927759219852,0.372292756477053,0.472687475563386,7.16770043250384
3.34722222222222,0.389893562820193,0.372299932651487,0.472461464166692,7.16796730578956
3.34732142857143,0.389859367028214,0.372307092372659,0.472235560931079,7.16823413826636
3.34742063492063,0.389825171855173,0.372314235645536,0.472009765803709,7.16850092994306
3.34751984126984,0.389790977312341,0.372321362475077,0.471784078731769,7.16876768082845
3.34761904761905,0.389756783411004,0.372328472866231,0.471558499662467,7.16903439093133
3.34771825396825,0.389722590162459,0.372335566823941,0.471333028543035,7.16930106026048
3.34781746031746,0.389688397578019,0.372342644353135,0.471107665320725,7.16956768882466
3.34791666666667,0.389654205669006,0.372349705458738,0.47088240994281,7.16983427663264
3.34801587301587,0.389620014446759,0.372356750145661,0.470657262356588,7.17010082369317
3.34811507936508,0.389585823922628,0.372363778418807,0.470432222509378,7.17036733001497
3.34821428571429,0.389551634107976,0.372370790283072,0.470207290348519,7.17063379560678
3.34831349206349,0.38951744501418,0.372377785743339,0.469982465821372,7.17090022047733
3.3484126984127,0.389483256652629,0.372384764804485,0.469757748875324,7.1711666046353
3.3485119047619,0.389449069034726,0.372391727471376,0.469533139457778,7.17143294808941
3.34861111111111,0.389414882171887,0.372398673748869,0.469308637516163,7.17169925084834
3.34871031746032,0.38938069607554,0.372405603641812,0.469084242997928,7.17196551292076
3.34880952380952,0.389346510757128,0.372412517155044,0.468859955850547,7.17223173431534
3.34890873015873,0.389312326228106,0.372419414293394,0.468635776021513,7.17249791504073
3.34900793650794,0.38927814249994,0.372426295061682,0.468411703458341,7.17276405510559
3.34910714285714,0.389243959584113,0.372433159464719,0.468187738108568,7.17303015451854
3.34920634920635,0.389209777492119,0.372440007507307,0.467963879919755,7.17329621328821
3.34930555555556,0.389175596235465,0.372446839194237,0.467740128839481,7.17356223142321
3.34940476190476,0.38914141582567,0.372453654530294,0.46751648481535,7.17382820893214
3.34950396825397,0.389107236274269,0.372460453520251,0.467292947794989,7.17409414582361
3.34960317460317,0.389073057592808,0.372467236168873,0.467069517726045,7.17436004210619
3.34970238095238,0.389038879792847,0.372474002480914,0.466846194556185,7.17462589778845
3.34980158730159,0.389004702885957,0.372480752461121,0.466622978233102,7.17489171287895
3.34990079365079,0.388970526883725,0.372487486114231,0.466399868704508,7.17515748738626
3.35,0.38893635179775,0.372494203444971,0.466176865918138,7.1754232213189
3.35009920634921,0.388902177639643,0.37250090445806,0.465953969821748,7.17568891468541
3.35019841269841,0.388868004421028,0.372507589158206,0.465731180363116,7.17595456749431
3.35029761904762,0.388833832153545,0.37251425755011,0.465508497490047,7.17622017975411
3.35039682539683,0.388799660848843,0.372520909638461,0.465285921150359,7.17648575147331
3.35049603174603,0.388765490518588,0.372527545427941,0.465063451291899,7.1767512826604
3.35059523809524,0.388731321174456,0.372534164923223,0.464841087862532,7.17701677332386
3.35069444444444,0.388697152828137,0.372540768128968,0.464618830810148,7.17728222347215
3.35079365079365,0.388662985491334,0.37254735504983,0.464396680082655,7.17754763311374
3.35089285714286,0.388628819175765,0.372553925690454,0.464174635627985,7.17781300225707
3.35099206349206,0.388594653893158,0.372560480055474,0.463952697394095,7.17807833091058
3.35109126984127,0.388560489655256,0.372567018149517,0.46373086532896,7.1783436190827
3.35119047619048,0.388526326473815,0.372573539977198,0.463509139380577,7.17860886678184
3.35128968253968,0.388492164360603,0.372580045543124,0.463287519496966,7.17887407401641
3.35138888888889,0.388458003327401,0.372586534851895,0.463066005626169,7.1791392407948
3.35148809523809,0.388423843386005,0.372593007908097,0.46284459771625,7.17940436712541
3.3515873015873,0.388389684548223,0.372599464716312,0.462623295715295,7.1796694530166
3.35168650793651,0.388355526825875,0.372605905281108,0.462402099571409,7.17993449847674
3.35178571428571,0.388321370230795,0.372612329607047,0.462181009232725,7.18019950351419
3.35188492063492,0.388287214774831,0.37261873769868,0.461960024647394,7.18046446813729
3.35198412698413,0.388253060469842,0.37262512956055,0.461739145763587,7.18072939235437
3.35208333333333,0.388218907327702,0.37263150519719,0.461518372529502,7.18099427617376
3.35218253968254,0.388184755360297,0.372637864613123,0.461297704893354,7.18125911960376
3.35228174603175,0.388150604579527,0.372644207812865,0.461077142803383,7.18152392265269
3.35238095238095,0.388116454997303,0.372650534800921,0.460856686207849,7.18178868532884
3.35248015873016,0.388082306625551,0.372656845581786,0.460636335055037,7.18205340764047
3.35257936507937,0.388048159476211,0.372663140159948,0.460416089293252,7.18231808959588
3.35267857142857,0.388014013561233,0.372669418539883,0.460195948870819,7.18258273120331
3.35277777777778,0.387979868892582,0.372675680726062,0.459975913736088,7.18284733247103
3.35287698412698,0.387945725482235,0.372681926722941,0.459755983837429,7.18311189340726
3.35297619047619,0.387911583342185,0.372688156534972,0.459536159123234,7.18337641402024
3.3530753968254,0.387877442484434,0.372694370166594,0.459316439541919,7.18364089431819
3.3531746031746,0.387843302921,0.37270056762224,0.459096825041919,7.18390533430932
3.35327380952381,0.387809164663913,0.37270674890633,0.458877315571694,7.18416973400182
3.35337301587302,0.387775027725215,0.372712914023278,0.458657911079724,7.18443409340389
3.35347222222222,0.387740892116963,0.372719062977488,0.458438611514511,7.1846984125237
3.35357142857143,0.387706757851227,0.372725195773353,0.458219416824579,7.18496269136943
3.35367063492063,0.387672624940088,0.372731312415258,0.458000326958473,7.18522692994922
3.35376984126984,0.387638493395642,0.372737412907579,0.457781341864763,7.18549112827122
3.35386904761905,0.387604363229998,0.372743497254683,0.457562461492036,7.18575528634358
3.35396825396825,0.387570234455276,0.372749565460927,0.457343685788908,7.18601940417442
3.35406746031746,0.387536107083613,0.372755617530659,0.45712501470401,7.18628348177184
3.35416666666667,0.387501981127154,0.372761653468217,0.456906448185999,7.18654751914397
3.35426587301587,0.387467856598062,0.372767673277931,0.456687986183551,7.18681151629889
3.35436507936508,0.387433733508509,0.37277367696412,0.456469628645367,7.18707547324469
3.35446428571429,0.387399611870684,0.372779664531097,0.456251375520169,7.18733938998944
3.35456349206349,0.387365491696785,0.372785635983162,0.456033226756698,7.18760326654121
3.3546626984127,0.387331372999025,0.372791591324609,0.45581518230372,7.18786710290805
3.3547619047619,0.387297255789632,0.372797530559719,0.455597242110025,7.188130899098
3.35486111111111,0.387263140080844,0.372803453692767,0.455379406124419,7.1883946551191
3.35496031746032,0.387229025884913,0.372809360728018,0.455161674295736,7.18865837097936
3.35505952380952,0.387194913214104,0.372815251669727,0.454944046572826,7.18892204668681
3.35515873015873,0.387160802080697,0.372821126522139,0.454726522904566,7.18918568224944
3.35525793650794,0.387126692496983,0.372826985289493,0.454509103239852,7.18944927767524
3.35535714285714,0.387092584475265,0.372832827976015,0.454291787527602,7.1897128329722
3.35545634920635,0.387058478027861,0.372838654585923,0.454074575716759,7.18997634814828
3.35555555555556,0.387024373167104,0.372844465123428,0.453857467756284,7.19023982321145
3.35565476190476,0.386990269905335,0.372850259592728,0.453640463595163,7.19050325816965
3.35575396825397,0.386956168254912,0.372856037998014,0.453423563182401,7.19076665303082
3.35585317460317,0.386922068228205,0.372861800343467,0.453206766467027,7.1910300078029
3.35595238095238,0.386887969837597,0.37286754663326,0.452990073398092,7.1912933224938
3.35605158730159,0.386853873095483,0.372873276871555,0.452773483924667,7.19155659711143
3.35615079365079,0.386819778014273,0.372878991062506,0.452556997995846,7.19181983166369
3.35625,0.386785684606389,0.372884689210257,0.452340615560747,7.19208302615846
3.35634920634921,0.386751592884266,0.372890371318943,0.452124336568507,7.19234618060363
3.35644841269841,0.386717502860353,0.372896037392689,0.451908160968287,7.19260929500705
3.35654761904762,0.386683414547111,0.372901687435613,0.451692088709267,7.1928723693766
3.35664682539683,0.386649327957015,0.372907321451821,0.451476119740652,7.1931354037201
3.35674603174603,0.386615243102551,0.372912939445411,0.451260254011668,7.1933983980454
3.35684523809524,0.38658115999622,0.372918541420473,0.451044491471561,7.19366135236032
3.35694444444444,0.386547078650537,0.372924127381085,0.450828832069603,7.19392426667269
3.35704365079365,0.386512999078028,0.372929697331317,0.450613275755085,7.19418714099029
3.35714285714286,0.386478921291232,0.372935251275231,0.450397822477319,7.19444997532093
3.35724206349206,0.386444845302703,0.372940789216878,0.450182472185642,7.19471276967239
3.35734126984127,0.386410771125006,0.372946311160301,0.449967224829411,7.19497552405244
3.35744047619048,0.386376698770721,0.372951817109533,0.449752080358004,7.19523823846885
3.35753968253968,0.38634262825244,0.372957307068597,0.449537038720824,7.19550091292937
3.35763888888889,0.386308559582767,0.372962781041509,0.449322099867291,7.19576354744174
3.3577380952381,0.386274492774322,0.372968239032273,0.449107263746853,7.19602614201369
3.3578373015873,0.386240427839734,0.372973681044886,0.448892530308977,7.19628869665295
3.35793650793651,0.38620636479165,0.372979107083335,0.448677899503151,7.19655121136722
3.35803571428571,0.386172303642725,0.372984517151597,0.448463371278886,7.19681368616421
3.35813492063492,0.386138244405631,0.372989911253641,0.448248945585714,7.19707612105161
3.35823412698413,0.386104187093052,0.372995289393425,0.44803462237319,7.1973385160371
3.35833333333333,0.386070131717683,0.3730006515749,0.44782040159089,7.19760087112834
3.35843253968254,0.386036078292234,0.373005997802005,0.447606283188414,7.197863186333
3.35853174603175,0.386002026829429,0.373011328078673,0.447392267115382,7.19812546165872
3.35863095238095,0.385967977342004,0.373016642408826,0.447178353321436,7.19838769711314
3.35873015873016,0.385933929842706,0.373021940796375,0.44696454175624,7.1986498927039
3.35882936507937,0.385899884344299,0.373027223245226,0.44675083236948,7.19891204843861
3.35892857142857,0.385865840859557,0.373032489759271,0.446537225110866,7.19917416432487
3.35902777777778,0.385831799401268,0.373037740342396,0.446323719930125,7.19943624037029
3.35912698412698,0.385797759982234,0.373042974998477,0.446110316777009,7.19969827658244
3.35922619047619,0.385763722615269,0.37304819373138,0.445897015601296,7.19996027296892
3.3593253968254,0.3857296873132,0.373053396544963,0.445683816352779,7.20022222953727
3.3594246031746,0.385695654088868,0.373058583443072,0.445470718981276,7.20048414629507
3.35952380952381,0.385661622955125,0.373063754429549,0.445257723436627,7.20074602324984
3.35962301587302,0.38562759392484,0.37306890950822,0.445044829668693,7.20100786040914
3.35972222222222,0.385593567010891,0.373074048682908,0.444832037627357,7.20126965778047
3.35982142857143,0.385559542226171,0.373079171957422,0.444619347262525,7.20153141537137
3.35992063492063,0.385525519583586,0.373084279335565,0.444406758524126,7.20179313318932
3.36001984126984,0.385491499096055,0.373089370821128,0.444194271362107,7.20205481124183
3.36011904761905,0.38545748077651,0.373094446417895,0.443981885726441,7.20231644953637
3.36021825396825,0.385423464637895,0.373099506129641,0.44376960156712,7.20257804808042
3.36031746031746,0.385389450693169,0.373104549960129,0.443557418834159,7.20283960688144
3.36041666666667,0.385355438955303,0.373109577913115,0.443345337477596,7.20310112594688
3.36051587301587,0.385321429437281,0.373114589992345,0.443133357447489,7.20336260528419
3.36061507936508,0.3852874221521,0.373119586201555,0.442921478693918,7.20362404490079
3.36071428571429,0.385253417112771,0.373124566544475,0.442709701166988,7.20388544480411
3.36081349206349,0.385219414332317,0.373129531024821,0.442498024816823,7.20414680500155
3.3609126984127,0.385185413823774,0.373134479646304,0.442286449593569,7.20440812550052
3.3610119047619,0.385151415600193,0.373139412412622,0.442074975447394,7.2046694063084
3.36111111111111,0.385117419674636,0.373144329327467,0.44186360232849,7.20493064743258
3.36121031746032,0.385083426060178,0.373149230394519,0.441652330187069,7.20519184888042
3.36130952380952,0.385049434769908,0.373154115617451,0.441441158973363,7.20545301065928
3.36140873015873,0.385015445816928,0.373158984999926,0.441230088637632,7.20571413277651
3.36150793650794,0.384981459214354,0.373163838545597,0.441019119130152,7.20597521523945
3.36160714285714,0.384947474975312,0.373168676258109,0.440808250401224,7.20623625805542
3.36170634920635,0.384913493112945,0.373173498141096,0.440597482401169,7.20649726123174
3.36180555555556,0.384879513640405,0.373178304198184,0.440386815080332,7.20675822477572
3.36190476190476,0.384845536570861,0.37318309443299,0.440176248389078,7.20701914869465
3.36200396825397,0.384811561917493,0.373187868849121,0.439965782277795,7.20728003299582
3.36210317460317,0.384777589693494,0.373192627450175,0.439755416696891,7.20754087768651
3.36220238095238,0.38474361991207,0.37319737023974,0.439545151596802,7.20780168277398
3.36230158730159,0.384709652586441,0.373202097221397,0.439334986927978,7.20806244826548
3.36240079365079,0.384675687729839,0.373206808398715,0.439124922640897,7.20832317416826
3.3625,0.38464172535551,0.373211503775256,0.438914958686054,7.20858386048955
3.36259920634921,0.384607765476713,0.373216183354571,0.438705095013969,7.20884450723658
3.36269841269841,0.38457380810672,0.373220847140202,0.438495331575185,7.20910511441655
3.36279761904762,0.384539853258814,0.373225495135683,0.438285668320261,7.20936568203668
3.36289682539683,0.384505900946296,0.373230127344538,0.438076105199787,7.20962621010416
3.36299603174603,0.384471951182474,0.373234743770281,0.437866642164368,7.20988669862616
3.36309523809524,0.384438003980673,0.373239344416418,0.437657279164633,7.21014714760985
3.36319444444444,0.384404059354231,0.373243929286444,0.437448016151233,7.21040755706241
3.36329365079365,0.384370117316497,0.373248498383848,0.437238853074841,7.21066792699097
3.36339285714286,0.384336177880836,0.373253051712105,0.437029789886151,7.21092825740269
3.36349206349206,0.384302241060622,0.373257589274686,0.43682082653588,7.21118854830468
3.36359126984127,0.384268306869245,0.373262111075048,0.436611962974766,7.21144879970408
3.36369047619048,0.384234375320109,0.373266617116642,0.436403199153571,7.21170901160799
3.36378968253968,0.384200446426628,0.373271107402909,0.436194535023077,7.2119691840235
3.36388888888889,0.384166520202232,0.373275581937279,0.435985970534088,7.21222931695771
3.3639880952381,0.384132596660361,0.373280040723175,0.435777505637431,7.2124894104177
3.3640873015873,0.38409867581447,0.373284483764009,0.435569140283954,7.21274946441053
3.36418650793651,0.384064757678028,0.373288911063186,0.435360874424525,7.21300947894326
3.36428571428571,0.384030842264515,0.373293322624099,0.435152708010038,7.21326945402294
3.36438492063492,0.383996929587426,0.373297718450133,0.434944640991408,7.2135293896566
3.36448412698413,0.383963019660267,0.373302098544665,0.434736673319569,7.21378928585128
3.36458333333333,0.383929112496558,0.37330646291106,0.43452880494548,7.21404914261398
3.36468253968254,0.383895208109832,0.373310811552677,0.434321035820121,7.21430895995171
3.36478174603175,0.383861306513637,0.373315144472863,0.434113365894493,7.21456873787147
3.36488095238095,0.38382740772153,0.373319461674956,0.433905795119619,7.21482847638025
3.36498015873016,0.383793511747085,0.373323763162287,0.433698323446546,7.21508817548501
3.36507936507937,0.383759618603887,0.373328048938176,0.433490950826339,7.21534783519272
3.36517857142857,0.383725728305534,0.373332319005933,0.433283677210091,7.21560745551034
3.36527777777778,0.383691840865638,0.37333657336886,0.433076502548911,7.2158670364448
3.36537698412698,0.383657956297824,0.37334081203025,0.432869426793933,7.21612657800305
3.36547619047619,0.38362407461573,0.373345034993386,0.432662449896313,7.216386080192
3.3655753968254,0.383590195833006,0.373349242261541,0.432455571807226,7.21664554301857
3.3656746031746,0.383556319963316,0.373353433837982,0.432248792477872,7.21690496648965
3.36577380952381,0.383522447020336,0.373357609725962,0.432042111859471,7.21716435061215
3.36587301587302,0.383488577017758,0.373361769928729,0.431835529903268,7.21742369539293
3.36597222222222,0.383454709969285,0.373365914449518,0.431629046560527,7.21768300083888
3.36607142857143,0.383420845888631,0.373370043291558,0.431422661782535,7.21794226695685
3.36617063492063,0.383386984789528,0.373374156458068,0.431216375520599,7.21820149375369
3.36626984126984,0.383353126685716,0.373378253952255,0.431010187726051,7.21846068123624
3.36636904761905,0.383319271590951,0.373382335777321,0.430804098350244,7.21871982941133
3.36646825396825,0.383285419519002,0.373386401936455,0.430598107344551,7.21897893828578
3.36656746031746,0.383251570483651,0.37339045243284,0.430392214660368,7.2192380078664
3.36666666666667,0.383217724498691,0.373394487269646,0.430186420249115,7.21949703815998
3.36676587301587,0.383183881577931,0.373398506450038,0.429980724062232,7.21975602917332
3.36686507936508,0.383150041735191,0.373402509977168,0.429775126051181,7.22001498091319
3.36696428571429,0.383116204984304,0.373406497854182,0.429569626167445,7.22027389338635
3.36706349206349,0.383082371339119,0.373410470084213,0.429364224362531,7.22053276659957
3.3671626984127,0.383048540813495,0.373414426670388,0.429158920587966,7.22079160055959
3.36726190476191,0.383014713421304,0.373418367615823,0.428953714795299,7.22105039527315
3.36736111111111,0.382980889176433,0.373422292923626,0.428748606936105,7.22130915074697
3.36746031746032,0.382947068092782,0.373426202596895,0.428543596961976,7.22156786698777
3.36755952380952,0.382913250184262,0.373430096638718,0.428338684824527,7.22182654400225
3.36765873015873,0.382879435464798,0.373433975052175,0.428133870475396,7.22208518179711
3.36775793650794,0.382845623948329,0.373437837840336,0.427929153866243,7.22234378037902
3.36785714285714,0.382811815648807,0.373441685006263,0.427724534948749,7.22260233975467
3.36795634920635,0.382778010580195,0.373445516553006,0.427520013674616,7.22286085993072
3.36805555555556,0.382744208756472,0.373449332483609,0.427315589995569,7.22311934091382
3.36815476190476,0.382710410191628,0.373453132801104,0.427111263863359,7.2233777827106
3.36825396825397,0.382676614899666,0.373456917508516,0.426907035229752,7.22363618532772
3.36835317460317,0.382642822894605,0.37346068660886,0.42670290404654,7.22389454877178
3.36845238095238,0.382609034190473,0.37346444010514,0.426498870265535,7.22415287304939
3.36855158730159,0.382575248801313,0.373468178000353,0.426294933838572,7.22441115816717
3.36865079365079,0.382541466741182,0.373471900297485,0.426091094717509,7.22466940413169
3.36875,0.382507688024147,0.373475606999516,0.425887352854222,7.22492761094955
3.36884920634921,0.382473912664293,0.373479298109412,0.425683708200615,7.2251857786273
3.36894841269841,0.382440140675714,0.373482973630134,0.42548016070861,7.22544390717151
3.36904761904762,0.382406372072517,0.37348663356463,0.425276710330149,7.22570199658873
3.36914682539683,0.382372606868825,0.373490277915842,0.425073357017201,7.22596004688549
3.36924603174603,0.382338845078772,0.373493906686701,0.424870100721753,7.22621805806833
3.36934523809524,0.382305086716505,0.373497519880129,0.424666941395816,7.22647603014376
3.36944444444444,0.382271331796185,0.373501117499039,0.424463878991422,7.2267339631183
3.36954365079365,0.382237580331986,0.373504699546335,0.424260913460623,7.22699185699843
3.36964285714286,0.382203832338094,0.373508266024911,0.424058044755498,7.22724971179064
3.36974206349206,0.382170087828709,0.373511816937651,0.423855272828144,7.22750752750142
3.36984126984127,0.382136346818044,0.373515352287433,0.423652597630681,7.22776530413722
3.36994047619048,0.382102609320324,0.373518872077121,0.42345001911525,7.22802304170451
3.37003968253968,0.38206887534979,0.373522376309575,0.423247537234016,7.22828074020972
3.37013888888889,0.382035144920692,0.373525864987641,0.423045151939164,7.22853839965929
3.3702380952381,0.382001418047296,0.373529338114159,0.4228428631829,7.22879602005966
3.3703373015873,0.381967694743881,0.373532795691958,0.422640670917456,7.22905360141722
3.37043650793651,0.381933975024737,0.373536237723858,0.422438575095083,7.22931114373839
3.37053571428571,0.381900258904168,0.37353966421267,0.422236575668054,7.22956864702956
3.37063492063492,0.381866546396493,0.373543075161197,0.422034672588663,7.22982611129711
3.37073412698413,0.381832837516042,0.37354647057223,0.421832865809229,7.23008353654742
3.37083333333333,0.381799132277158,0.373549850448553,0.421631155282091,7.23034092278684
3.37093253968254,0.381765430694197,0.37355321479294,0.421429540959609,7.23059827002173
3.37103174603175,0.38173173278153,0.373556563608156,0.421228022794166,7.23085557825844
3.37113095238095,0.38169803855354,0.373559896896955,0.421026600738168,7.23111284750328
3.37123015873016,0.381664348024622,0.373563214662085,0.420825274744042,7.23137007776259
3.37132936507937,0.381630661209185,0.373566516906281,0.420624044764235,7.23162726904267
3.37142857142857,0.381596978121651,0.373569803632273,0.42042291075122,7.23188442134982
3.37152777777778,0.381563298776454,0.373573074842778,0.420221872657487,7.23214153469034
3.37162698412698,0.381529623188045,0.373576330540505,0.420020930435553,7.2323986090705
3.37172619047619,0.381495951370882,0.373579570728155,0.419820084037952,7.23265564449657
3.3718253968254,0.381462283339441,0.373582795408418,0.419619333417244,7.23291264097481
3.3719246031746,0.381428619108209,0.373586004583975,0.41941867852601,7.23316959851146
3.37202380952381,0.381394958691687,0.373589198257499,0.419218119316851,7.23342651711278
3.37212301587302,0.381361302104388,0.373592376431652,0.419017655742392,7.23368339678497
3.37222222222222,0.381327649360837,0.373595539109088,0.418817287755278,7.23394023753427
3.37232142857143,0.381294000475576,0.373598686292451,0.418617015308178,7.23419703936687
3.37242063492063,0.381260355463157,0.373601817984377,0.418416838353781,7.23445380228898
3.37251984126984,0.381226714338145,0.373604934187492,0.418216756844798,7.23471052630678
3.37261904761905,0.381193077115119,0.373608034904411,0.418016770733966,7.23496721142644
3.37271825396825,0.381159443808672,0.373611120137743,0.417816879974039,7.23522385765413
3.37281746031746,0.381125814433407,0.373614189890085,0.417617084517794,7.23548046499601
3.37291666666667,0.381092189003944,0.373617244164026,0.417417384318031,7.23573703345821
3.37301587301587,0.381058567534913,0.373620282962145,0.417217779327572,7.23599356304688
3.37311507936508,0.381024950040959,0.373623306287014,0.41701826949926,7.23625005376814
3.37321428571429,0.380991336536738,0.373626314141192,0.416818854785959,7.2365065056281
3.37331349206349,0.380957727036921,0.373629306527233,0.416619535140559,7.23676291863286
3.3734126984127,0.380924121556192,0.373632283447678,0.416420310515967,7.23701929278851
3.3735119047619,0.380890520109247,0.37363524490506,0.416221180865116,7.23727562810115
3.37361111111111,0.380856922710795,0.373638190901904,0.416022146140957,7.23753192457683
3.37371031746032,0.380823329375559,0.373641121440724,0.415823206296467,7.23778818222163
3.37380952380952,0.380789740118274,0.373644036524025,0.415624361284641,7.23804440104158
3.37390873015873,0.380756154953691,0.373646936154305,0.415425611058499,7.23830058104275
3.37400793650794,0.380722573896569,0.37364982033405,0.41522695557108,7.23855672223114
3.37410714285714,0.380688996961684,0.373652689065738,0.415028394775449,7.23881282461279
3.37420634920635,0.380655424163825,0.373655542351836,0.41482992862469,7.2390688881937
3.37430555555556,0.380621855517792,0.373658380194805,0.414631557071909,7.23932491297987
3.37440476190476,0.380588291038399,0.373661202597094,0.414433280070234,7.2395808989773
3.37450396825397,0.380554730740473,0.373664009561144,0.414235097572817,7.23983684619195
3.37460317460317,0.380521174638855,0.373666801089386,0.414037009532829,7.2400927546298
3.37470238095238,0.380487622748398,0.373669577184243,0.413839015903463,7.24034862429681
3.37480158730159,0.380454075083968,0.373672337848127,0.413641116637938,7.24060445519892
3.37490079365079,0.380420531660445,0.373675083083442,0.41344331168949,7.24086024734207
3.375,0.380386992492722,0.373677812892583,0.413245601011381,7.24111600073218
3.37509920634921,0.380353457595703,0.373680527277934,0.413047984556891,7.24137171537518
3.37519841269841,0.380319926984307,0.373683226241871,0.412850462279324,7.24162739127697
3.37529761904762,0.380286400673467,0.373685909786761,0.412653034132006,7.24188302844343
3.37539682539682,0.380252878678127,0.373688577914962,0.412455700068286,7.24213862688047
3.37549603174603,0.380219361013245,0.373691230628821,0.41225846004153,7.24239418659395
3.37559523809524,0.380185847693792,0.373693867930677,0.412061314005134,7.24264970758974
3.37569444444444,0.380152338734751,0.37369648982286,0.41186426191251,7.24290518987369
3.37579365079365,0.380118834151121,0.37369909630769,0.411667303717092,7.24316063345164
3.37589285714286,0.380085333957911,0.373701687387478,0.411470439372339,7.24341603832944
3.37599206349206,0.380051838170144,0.373704263064526,0.411273668831729,7.24367140451289
3.37609126984127,0.380018346802857,0.373706823341127,0.411076992048764,7.24392673200782
3.37619047619048,0.379984859871099,0.373709368219563,0.410880408976965,7.24418202082002
3.37628968253968,0.379951377389932,0.37371189770211,0.41068391956988,7.24443727095529
3.37638888888889,0.379917899374432,0.37371441179103,0.410487523781076,7.24469248241941
3.3764880952381,0.379884425839688,0.373716910488581,0.410291221564139,7.24494765521815
3.3765873015873,0.379850956800801,0.373719393797008,0.410095012872682,7.24520278935727
3.37668650793651,0.379817492041398,0.3737218618111,0.409898897660607,7.24545788493561
3.37678571428571,0.379784030222173,0.373724315074314,0.409702875884676,7.24571294250324
3.37688492063492,0.379750571124917,0.373726753681451,0.409506947502705,7.24596796215884
3.37698412698413,0.379717114748899,0.373729177640324,0.409311112472434,7.24622294391359
3.37708333333333,0.379683661093393,0.373731586958747,0.409115370751619,7.24647788777867
3.37718253968254,0.379650210157675,0.373733981644524,0.408919722298027,7.24673279376524
3.37728174603175,0.379616761941028,0.373736361705461,0.408724167069438,7.24698766188447
3.37738095238095,0.379583316442736,0.373738727149356,0.408528705023646,7.24724249214752
3.37748015873016,0.379549873662088,0.373741077984003,0.40833333611846,7.24749728456555
3.37757936507936,0.379516433598378,0.373743414217195,0.408138060311701,7.2477520391497
3.37767857142857,0.379482996250904,0.373745735856717,0.407942877561201,7.24800675591113
3.37777777777778,0.379449561618965,0.373748042910354,0.407747787824813,7.24826143486097
3.37787698412698,0.379416129701869,0.373750335385883,0.407552791060396,7.24851607601037
3.37797619047619,0.379382700498923,0.373752613291079,0.407357887225826,7.24877067937045
3.3780753968254,0.379349274009442,0.373754876633713,0.407163076278992,7.24902524495234
3.3781746031746,0.379315850232742,0.373757125421552,0.406968358177794,7.24927977276716
3.37827380952381,0.379282429168145,0.373759359662358,0.406773732880151,7.24953426282603
3.37837301587302,0.379249010814975,0.373761579363889,0.406579200343989,7.24978871514007
3.37847222222222,0.379215595172562,0.3737637845339,0.406384760527252,7.25004312972038
3.37857142857143,0.37918218224024,0.373765975180141,0.406190413387897,7.25029750657806
3.37867063492063,0.379148772017345,0.373768151310359,0.405996158883892,7.25055184572421
3.37876984126984,0.379115364503218,0.373770312932296,0.405801996973222,7.25080614716994
3.37886904761905,0.379081959697205,0.373772460053689,0.405607927613882,7.25106041092631
3.37896825396825,0.379048557598655,0.373774592682272,0.405413950763882,7.25131463700443
3.37906746031746,0.37901515820692,0.373776710825777,0.405220066381246,7.25156882541537
3.37916666666667,0.378981761521359,0.373778814491929,0.40502627442401,7.2518229761702
3.37926587301587,0.378948367541332,0.373780903688448,0.404832574850227,7.25207708927999
3.37936507936508,0.378914976266204,0.373782978423055,0.404638967617959,7.25233116475581
3.37946428571429,0.378881587695345,0.373785038703461,0.404445452685284,7.25258520260872
3.37956349206349,0.378848201828127,0.373787084537377,0.404252030010293,7.25283920284977
3.3796626984127,0.378814818663928,0.373789115932508,0.40405869955109,7.25309316549002
3.3797619047619,0.378781438202128,0.373791132896556,0.403865461265792,7.2533470905405
3.37986111111111,0.378748060442113,0.373793135437219,0.403672315112533,7.25360097801227
3.37996031746032,0.378714685383271,0.373795123562189,0.403479261049454,7.25385482791636
3.38005952380952,0.378681313024997,0.373797097279156,0.403286299034718,7.25410864026379
3.38015873015873,0.378647943366686,0.373799056595805,0.403093429026493,7.2543624150656
3.38025793650794,0.37861457640774,0.373801001519818,0.402900650982967,7.25461615233281
3.38035714285714,0.378581212147563,0.373802932058871,0.402707964862337,7.25486985207643
3.38045634920635,0.378547850585566,0.373804848220637,0.402515370622815,7.25512351430748
3.38055555555556,0.37851449172116,0.373806750012787,0.402322868222629,7.25537713903697
3.38065476190476,0.378481135553763,0.373808637442984,0.402130457620014,7.25563072627589
3.38075396825397,0.378447782082796,0.373810510518889,0.401938138773227,7.25588427603525
3.38085317460317,0.378414431307683,0.373812369248159,0.401745911640533,7.25613778832603
3.38095238095238,0.378381083227855,0.373814213638447,0.401553776180211,7.25639126315924
3.38105158730159,0.378347737842742,0.373816043697402,0.401361732350555,7.25664470054584
3.38115079365079,0.378314395151784,0.373817859432667,0.40116978010987,7.25689810049683
3.38125,0.378281055154419,0.373819660851885,0.400977919416478,7.25715146302317
3.38134920634921,0.378247717850094,0.37382144796269,0.400786150228711,7.25740478813583
3.38144841269841,0.378214383238258,0.373823220772716,0.400594472504916,7.25765807584578
3.38154761904762,0.378181051318362,0.37382497928959,0.400402886203455,7.25791132616398
3.38164682539683,0.378147722089865,0.373826723520938,0.400211391282702,7.25816453910139
3.38174603174603,0.378114395552226,0.373828453474379,0.400019987701043,7.25841771466894
3.38184523809524,0.378081071704911,0.373830169157529,0.39982867541688,7.2586708528776
3.38194444444444,0.378047750547389,0.373831870578,0.399637454388628,7.25892395373829
3.38204365079365,0.378014432079132,0.373833557743401,0.399446324574712,7.25917701726196
3.38214285714286,0.377981116299618,0.373835230661336,0.399255285933578,7.25943004345953
3.38224206349206,0.377947803208326,0.373836889339403,0.399064338423678,7.25968303234194
3.38234126984127,0.377914492804743,0.373838533785199,0.398873482003481,7.2599359839201
3.38244047619048,0.377881185088356,0.373840164006316,0.398682716631469,7.26018889820494
3.38253968253968,0.377847880058659,0.373841780010342,0.398492042266137,7.26044177520735
3.38263888888889,0.377814577715148,0.373843381804859,0.398301458865994,7.26069461493826
3.38273809523809,0.377781278057325,0.373844969397448,0.398110966389563,7.26094741740856
3.3828373015873,0.377747981084693,0.373846542795683,0.397920564795378,7.26120018262915
3.38293650793651,0.377714686796761,0.373848102007137,0.397730254041989,7.26145291061092
3.38303571428571,0.377681395193044,0.373849647039377,0.39754003408796,7.26170560136477
3.38313492063492,0.377648106273056,0.373851177899965,0.397349904891867,7.26195825490157
3.38323412698413,0.377614820036319,0.373852694596461,0.397159866412299,7.2622108712322
3.38333333333333,0.377581536482358,0.373854197136421,0.39696991860786,7.26246345036754
3.38343253968254,0.3775482556107,0.373855685527395,0.396780061437165,7.26271599231845
3.38353174603175,0.37751497742088,0.37385715977693,0.396590294858844,7.26296849709581
3.38363095238095,0.377481701912434,0.373858619892569,0.396400618831544,7.26322096471047
3.38373015873016,0.377448429084902,0.373860065881851,0.39621103331392,7.26347339517328
3.38382936507937,0.377415158937828,0.373861497752311,0.396021538264642,7.26372578849509
3.38392857142857,0.377381891470763,0.37386291551148,0.395832133642395,7.26397814468675
3.38402777777778,0.377348626683258,0.373864319166884,0.395642819405876,7.26423046375911
3.38412698412698,0.377315364574869,0.373865708726045,0.395453595513797,7.26448274572299
3.38422619047619,0.377282105145159,0.373867084196483,0.395264461924881,7.26473499058922
3.3843253968254,0.37724884839369,0.373868445585711,0.395075418597868,7.26498719836863
3.3844246031746,0.377215594320032,0.373869792901241,0.394886465491506,7.26523936907205
3.38452380952381,0.377182342923758,0.373871126150578,0.394697602564564,7.26549150271029
3.38462301587302,0.377149094204444,0.373872445341225,0.394508829775819,7.26574359929416
3.38472222222222,0.37711584816167,0.37387375048068,0.394320147084063,7.26599565883447
3.38482142857143,0.377082604795021,0.373875041576437,0.394131554448101,7.26624768134202
3.38492063492063,0.377049364104087,0.373876318635986,0.393943051826752,7.2664996668276
3.38501984126984,0.377016126088458,0.373877581666813,0.393754639178847,7.26675161530201
3.38511904761905,0.376982890747732,0.3738788306764,0.393566316463235,7.26700352677605
3.38521825396825,0.37694965808151,0.373880065672225,0.393378083638774,7.26725540126048
3.38531746031746,0.376916428089395,0.373881286661761,0.393189940664336,7.26750723876609
3.38541666666667,0.376883200770997,0.373882493652479,0.393001887498808,7.26775903930365
3.38551587301587,0.376849976125928,0.373883686651844,0.392813924101089,7.26801080288393
3.38561507936508,0.376816754153804,0.373884865667318,0.392626050430094,7.2682625295177
3.38571428571429,0.376783534854246,0.373886030706358,0.392438266444748,7.26851421921571
3.38581349206349,0.376750318226878,0.373887181776417,0.392250572103992,7.26876587198872
3.3859126984127,0.376717104271329,0.373888318884946,0.392062967366778,7.26901748784747
3.3860119047619,0.376683892987232,0.373889442039389,0.391875452192076,7.26926906680272
3.38611111111111,0.376650684374222,0.373890551247188,0.391688026538866,7.2695206088652
3.38621031746032,0.37661747843194,0.373891646515779,0.391500690366141,7.26977211404564
3.38630952380952,0.376584275160031,0.373892727852596,0.39131344363291,7.27002358235479
3.38640873015873,0.376551074558143,0.373893795265069,0.391126286298193,7.27027501380335
3.38650793650794,0.376517876625928,0.373894848760621,0.390939218321023,7.27052640840206
3.38660714285714,0.376484681363043,0.373895888346674,0.390752239660452,7.27077776616163
3.38670634920635,0.376451488769148,0.373896914030645,0.39056535027554,7.27102908709277
3.38680555555556,0.376418298843908,0.373897925819947,0.390378550125361,7.27128037120619
3.38690476190476,0.376385111586991,0.373898923721988,0.390191839169004,7.27153161851259
3.38700396825397,0.376351926998069,0.373899907744173,0.390005217365572,7.27178282902266
3.38710317460317,0.376318745076818,0.373900877893902,0.389818684674179,7.2720340027471
3.38720238095238,0.37628556582292,0.373901834178573,0.389632241053955,7.2722851396966
3.38730158730159,0.376252389236058,0.373902776605577,0.389445886464042,7.27253623988183
3.38740079365079,0.37621921531592,0.373903705182303,0.389259620863594,7.27278730331348
3.3875,0.3761860440622,0.373904619916135,0.389073444211784,7.27303833000222
3.38759920634921,0.376152875474593,0.373905520814454,0.388887356467794,7.27328931995872
3.38769841269841,0.376119709552799,0.373906407884636,0.388701357590819,7.27354027319364
3.38779761904762,0.376086546296523,0.373907281134052,0.38851544754007,7.27379118971763
3.38789682539683,0.376053385705474,0.373908140570072,0.38832962627477,7.27404206954136
3.38799603174603,0.376020227779362,0.373908986200058,0.388143893754154,7.27429291267547
3.38809523809524,0.375987072517905,0.373909818031371,0.387958249937475,7.27454371913061
3.38819444444444,0.375953919920823,0.373910636071367,0.387772694783996,7.27479448891741
3.38829365079365,0.37592076998784,0.373911440327397,0.387587228252995,7.27504522204652
3.38839285714286,0.375887622718685,0.37391223080681,0.38740185030376,7.27529591852856
3.38849206349206,0.375854478113089,0.373913007516949,0.387216560895598,7.27554657837415
3.38859126984127,0.375821336170788,0.373913770465153,0.387031359987826,7.27579720159391
3.38869047619048,0.375788196891524,0.373914519658758,0.386846247539774,7.27604778819847
3.38878968253968,0.37575506027504,0.373915255105095,0.386661223510788,7.27629833819844
3.38888888888889,0.375721926321083,0.373915976811493,0.386476287860224,7.27654885160441
3.3889880952381,0.375688795029408,0.373916684785274,0.386291440547457,7.27679932842699
3.3890873015873,0.375655666399769,0.373917379033757,0.38610668153187,7.27704976867678
3.38918650793651,0.375622540431927,0.373918059564258,0.385922010772863,7.27730017236437
3.38928571428571,0.375589417125645,0.373918726384087,0.385737428229846,7.27755053950034
3.38938492063492,0.375556296480693,0.373919379500553,0.385552933862246,7.27780087009528
3.38948412698413,0.375523178496841,0.373920018920957,0.3853685276295,7.27805116415977
3.38958333333333,0.375490063173867,0.3739206446526,0.385184209491064,7.27830142170438
3.38968253968254,0.375456950511551,0.373921256702775,0.384999979406402,7.27855164273967
3.38978174603175,0.375423840509675,0.373921855078773,0.384815837334993,7.2788018272762
3.38988095238095,0.37539073316803,0.373922439787882,0.384631783236332,7.27905197532455
3.38998015873016,0.375357628486405,0.373923010837383,0.384447817069923,7.27930208689525
3.39007936507937,0.375324526464599,0.373923568234556,0.384263938795287,7.27955216199887
3.39017857142857,0.37529142710241,0.373924111986675,0.384080148371957,7.27980220064594
3.39027777777778,0.375258330399643,0.373924642101011,0.383896445759481,7.280052202847
3.39037698412698,0.375225236356105,0.373925158584829,0.383712830917416,7.28030216861259
3.39047619047619,0.375192144971609,0.373925661445392,0.383529303805341,7.28055209795323
3.3905753968254,0.375159056245971,0.373926150689959,0.38334586438284,7.28080199087946
3.3906746031746,0.375125970179011,0.373926626325784,0.383162512609515,7.28105184740178
3.39077380952381,0.375092886770553,0.373927088360116,0.38297924844498,7.28130166753072
3.39087301587302,0.375059806020424,0.373927536800203,0.382796071848862,7.28155145127679
3.39097222222222,0.375026727928457,0.373927971653285,0.382612982780802,7.2818011986505
3.39107142857143,0.374993652494487,0.373928392926601,0.382429981200457,7.28205090966233
3.39117063492063,0.374960579718356,0.373928800627385,0.382247067067493,7.2823005843228
3.39126984126984,0.374927509599906,0.373929194762866,0.382064240341593,7.28255022264239
3.39136904761905,0.374894442138985,0.37392957534027,0.381881500982452,7.28279982463158
3.39146825396825,0.374861377335446,0.373929942366819,0.381698848949777,7.28304939030086
3.39156746031746,0.374828315189144,0.373930295849731,0.381516284203293,7.28329891966071
3.39166666666667,0.374795255699939,0.373930635796218,0.381333806702733,7.2835484127216
3.39176587301587,0.374762198867696,0.373930962213491,0.381151416407847,7.283797869494
3.39186507936508,0.374729144692281,0.373931275108755,0.380969113278397,7.28404728998836
3.39196428571429,0.374696093173568,0.373931574489211,0.380786897274161,7.28429667421515
3.39206349206349,0.374663044311431,0.373931860362057,0.380604768354928,7.28454602218483
3.3921626984127,0.374629998105751,0.373932132734485,0.380422726480499,7.28479533390782
3.3922619047619,0.374596954556411,0.373932391613685,0.380240771610693,7.2850446093946
3.39236111111111,0.374563913663299,0.373932637006842,0.380058903705338,7.28529384865558
3.39246031746032,0.374530875426308,0.373932868921137,0.379877122724277,7.28554305170121
3.39255952380952,0.374497839845333,0.373933087363747,0.37969542862737,7.28579221854191
3.39265873015873,0.374464806920273,0.373933292341844,0.379513821374486,7.28604134918811
3.39275793650794,0.374431776651033,0.373933483862598,0.379332300925508,7.28629044365022
3.39285714285714,0.37439874903752,0.373933661933173,0.379150867240334,7.28653950193867
3.39295634920635,0.374365724079646,0.37393382656073,0.378969520278874,7.28678852406386
3.39305555555556,0.374332701777328,0.373933977752425,0.378788260001054,7.28703751003621
3.39315476190476,0.374299682130483,0.373934115515412,0.378607086366811,7.2872864598661
3.39325396825397,0.374266665139038,0.373934239856838,0.378425999336096,7.28753537356393
3.39335317460317,0.374233650802918,0.373934350783847,0.378244998868874,7.2877842511401
3.39345238095238,0.374200639122056,0.373934448303581,0.378064084925123,7.28803309260499
3.39355158730159,0.374167630096388,0.373934532423176,0.377883257464836,7.28828189796899
3.39365079365079,0.374134623725853,0.373934603149763,0.377702516448017,7.28853066724246
3.39375,0.374101620010395,0.373934660490471,0.377521861834686,7.28877940043579
3.39384920634921,0.374068618949961,0.373934704452424,0.377341293584873,7.28902809755934
3.39394841269841,0.374035620544504,0.373934735042742,0.377160811658625,7.28927675862347
3.39404761904762,0.374002624793979,0.373934752268541,0.376980416016001,7.28952538363853
3.39414682539683,0.373969631698346,0.373934756136932,0.376800106617075,7.28977397261489
3.39424603174603,0.373936641257568,0.373934746655024,0.376619883421931,7.29002252556289
3.39434523809524,0.373903653471613,0.373934723829921,0.37643974639067,7.29027104249286
3.39444444444444,0.373870668340452,0.373934687668721,0.376259695483404,7.29051952341517
3.39454365079365,0.373837685864062,0.373934638178521,0.376079730660261,7.29076796834012
3.39464285714286,0.373804706042422,0.373934575366411,0.37589985188138,7.29101637727806
3.39474206349206,0.373771728875515,0.373934499239481,0.375720059106914,7.2912647502393
3.39484126984127,0.373738754363329,0.373934409804812,0.37554035229703,7.29151308723418
3.39494047619048,0.373705782505856,0.373934307069485,0.37536073141191,7.29176138827299
3.39503968253968,0.373672813303091,0.373934191040574,0.375181196411748,7.29200965336606
3.39513888888889,0.373639846755033,0.373934061725151,0.37500174725675,7.29225788252368
3.3952380952381,0.373606882861688,0.373933919130283,0.374822383907138,7.29250607575616
3.3953373015873,0.37357392162306,0.373933763263032,0.374643106323146,7.29275423307379
3.39543650793651,0.373540963039164,0.373933594130459,0.37446391446502,7.29300235448686
3.39553571428571,0.373508007110013,0.373933411739618,0.374284808293025,7.29325044000566
3.39563492063492,0.373475053835627,0.373933216097559,0.374105787767434,7.29349848964047
3.39573412698413,0.373442103216031,0.37393300721133,0.373926852848536,7.29374650340156
3.39583333333333,0.373409155251251,0.373932785087974,0.373748003496632,7.29399448129921
3.39593253968254,0.373376209941319,0.373932549734528,0.373569239672037,7.29424242334369
3.39603174603175,0.37334326728627,0.373932301158028,0.373390561335081,7.29449032954525
3.39613095238095,0.373310327286145,0.373932039365505,0.373211968446105,7.29473819991415
3.39623015873016,0.373277389940985,0.373931764363983,0.373033460965466,7.29498603446064
3.39632936507937,0.373244455250839,0.373931476160487,0.372855038853531,7.29523383319499
3.39642857142857,0.373211523215759,0.373931174762035,0.372676702070686,7.29548159612741
3.39652777777778,0.373178593835799,0.373930860175639,0.372498450577325,7.29572932326816
3.39662698412698,0.373145667111019,0.373930532408312,0.372320284333858,7.29597701462747
3.39672619047619,0.373112743041483,0.373930191467059,0.372142203300708,7.29622467021556
3.3968253968254,0.373079821627258,0.373929837358882,0.371964207438313,7.29647229004265
3.3969246031746,0.373046902868414,0.373929470090779,0.37178629670712,7.29671987411898
3.39702380952381,0.373013986765029,0.373929089669744,0.371608471067596,7.29696742245475
3.39712301587302,0.37298107331718,0.373928696102766,0.371430730480217,7.29721493506017
3.39722222222222,0.372948162524952,0.373928289396833,0.371253074905474,7.29746241194545
3.39732142857143,0.372915254388432,0.373927869558925,0.371075504303869,7.29770985312078
3.39742063492063,0.37288234890771,0.37392743659602,0.370898018635921,7.29795725859636
3.39751984126984,0.372849446082883,0.373926990515092,0.370720617862161,7.29820462838238
3.39761904761905,0.37281654591405,0.37392653132311,0.370543301943134,7.29845196248903
3.39771825396825,0.372783648401314,0.37392605902704,0.370366070839396,7.29869926092649
3.39781746031746,0.372750753544782,0.373925573633842,0.37018892451152,7.29894652370493
3.39791666666667,0.372717861344566,0.373925075150476,0.370011862920091,7.29919375083452
3.39801587301587,0.37268497180078,0.373924563583893,0.369834886025707,7.29944094232543
3.39811507936508,0.372652084913545,0.373924038941043,0.369657993788979,7.29968809818783
3.39821428571429,0.372619200682983,0.373923501228872,0.369481186170535,7.29993521843186
3.39831349206349,0.372586319109222,0.373922950454319,0.369304463131011,7.30018230306768
3.3984126984127,0.372553440192393,0.373922386624323,0.369127824631059,7.30042935210545
3.39851190476191,0.372520563932631,0.373921809745815,0.368951270631348,7.30067636555529
3.39861111111111,0.372487690330076,0.373921219825726,0.368774801092556,7.30092334342735
3.39871031746032,0.37245481938487,0.37392061687098,0.368598415975375,7.30117028573176
3.39880952380952,0.372421951097161,0.373920000888497,0.368422115240511,7.30141719247865
3.39890873015873,0.3723890854671,0.373919371885195,0.368245898848685,7.30166406367814
3.39900793650794,0.372356222494842,0.373918729867985,0.368069766760629,7.30191089934035
3.39910714285714,0.372323362180547,0.373918074843777,0.367893718937091,7.30215769947539
3.39920634920635,0.372290504524377,0.373917406819474,0.36771775533883,7.30240446409338
3.39930555555556,0.372257649526499,0.373916725801978,0.367541875926618,7.30265119320442
3.39940476190476,0.372224797187086,0.373916031798185,0.367366080661246,7.3028978868186
3.39950396825397,0.372191947506312,0.373915324814986,0.367190369503513,7.30314454494603
3.39960317460317,0.372159100484356,0.373914604859271,0.367014742414233,7.30339116759678
3.39970238095238,0.372126256121401,0.373913871937923,0.366839199354233,7.30363775478096
3.39980158730159,0.372093414417634,0.373913126057822,0.366663740284355,7.30388430650863
3.39990079365079,0.372060575373247,0.373912367225844,0.366488365165452,7.30413082278987
3.4,0.372027738988434,0.373911595448862,0.366313073958394,7.30437730363476
3.40009920634921,0.371994905263395,0.373910810733743,0.366137866624061,7.30462374905335
3.40019841269841,0.371962074198333,0.373910013087351,0.36596274312335,7.30487015905571
3.40029761904762,0.371929245793454,0.373909202516546,0.365787703417167,7.30511653365191
3.40039682539683,0.371896420048971,0.373908379028183,0.365612747466435,7.30536287285197
3.40049603174603,0.371863596965097,0.373907542629114,0.36543787523209,7.30560917666597
3.40059523809524,0.371830776542052,0.373906693326187,0.36526308667508,7.30585544510393
3.40069444444444,0.371797958780059,0.373905831126244,0.365088381756368,7.30610167817589
3.40079365079365,0.371765143679344,0.373904956036126,0.364913760436928,7.3063478758919
3.40089285714286,0.37173233124014,0.373904068062668,0.364739222677753,7.30659403826196
3.40099206349206,0.37169952146268,0.373903167212702,0.364564768439843,7.30684016529612
3.40109126984127,0.371666714347205,0.373902253493053,0.364390397684216,7.30708625700438
3.40119047619048,0.371633909893956,0.373901326910546,0.3642161103719,7.30733231339675
3.40128968253968,0.371601108103181,0.373900387471999,0.36404190646394,7.30757833448326
3.40138888888889,0.371568308975131,0.373899435184228,0.36386778592139,7.3078243202739
3.4014880952381,0.37153551251006,0.373898470054043,0.363693748705324,7.30807027077867
3.4015873015873,0.371502718708229,0.373897492088252,0.363519794776823,7.30831618600756
3.40168650793651,0.371469927569899,0.373896501293657,0.363345924096986,7.30856206597056
3.40178571428571,0.371437139095337,0.373895497677056,0.363172136626923,7.30880791067767
3.40188492063492,0.371404353284815,0.373894481245246,0.362998432327758,7.30905372013885
3.40198412698413,0.371371570138607,0.373893452005015,0.362824811160628,7.30929949436409
3.40208333333333,0.371338789656992,0.373892409963152,0.362651273086685,7.30954523336335
3.40218253968254,0.371306011840253,0.373891355126437,0.362477818067093,7.3097909371466
3.40228174603175,0.371273236688677,0.37389028750165,0.36230444606303,7.3100366057238
3.40238095238095,0.371240464202555,0.373889207095566,0.362131157035689,7.31028223910491
3.40248015873016,0.371207694382181,0.373888113914953,0.361957950946274,7.31052783729988
3.40257936507937,0.371174927227855,0.373887007966579,0.361784827756003,7.31077340031865
3.40267857142857,0.37114216273988,0.373885889257206,0.36161178742611,7.31101892817116
3.40277777777778,0.371109400918561,0.373884757793591,0.361438829917838,7.31126442086736
3.40287698412698,0.37107664176421,0.373883613582489,0.361265955192446,7.31150987841718
3.40297619047619,0.371043885277142,0.37388245663065,0.361093163211209,7.31175530083053
3.4030753968254,0.371011131457676,0.373881286944819,0.360920453935412,7.31200068811735
3.4031746031746,0.370978380306134,0.373880104531739,0.360747827326353,7.31224604028756
3.40327380952381,0.370945631822843,0.373878909398147,0.360575283345346,7.31249135735105
3.40337301587302,0.370912886008133,0.373877701550776,0.360402821953717,7.31273663931776
3.40347222222222,0.37088014286234,0.373876480996358,0.360230443112807,7.31298188619756
3.40357142857143,0.370847402385803,0.373875247741616,0.360058146783967,7.31322709800038
3.40367063492063,0.370814664578864,0.373874001793272,0.359885932928566,7.31347227473609
3.40376984126984,0.370781929441869,0.373872743158045,0.359713801507983,7.3137174164146
3.40386904761905,0.370749196975169,0.373871471842646,0.359541752483613,7.31396252304578
3.40396825396825,0.37071646717912,0.373870187853786,0.359369785816862,7.3142075946395
3.40406746031746,0.37068374005408,0.37386889119817,0.359197901469152,7.31445263120566
3.40416666666667,0.370651015600412,0.373867581882499,0.359026099401916,7.31469763275411
3.40426587301587,0.370618293818481,0.37386625991347,0.358854379576602,7.31494259929473
3.40436507936508,0.370585574708659,0.373864925297775,0.358682741954671,7.31518753083737
3.40446428571429,0.370552858271321,0.373863578042105,0.358511186497599,7.31543242739189
3.40456349206349,0.370520144506845,0.373862218153143,0.358339713166874,7.31567728896814
3.4046626984127,0.370487433415614,0.373860845637571,0.358168321923996,7.31592211557596
3.4047619047619,0.370454724998015,0.373859460502066,0.357997012730481,7.3161669072252
3.40486111111111,0.370422019254437,0.373858062753299,0.357825785547858,7.31641166392569
3.40496031746032,0.370389316185276,0.37385665239794,0.357654640337669,7.31665638568727
3.40505952380952,0.370356615790931,0.373855229442654,0.357483577061469,7.31690107251976
3.40515873015873,0.370323918071803,0.3738537938941,0.357312595680827,7.31714572443298
3.40525793650794,0.370291223028299,0.373852345758935,0.357141696157325,7.31739034143676
3.40535714285714,0.370258530660831,0.373850885043812,0.356970878452561,7.3176349235409
3.40545634920635,0.370225840969812,0.373849411755378,0.356800142528143,7.31787947075521
3.40555555555556,0.370193153955661,0.373847925900278,0.356629488345694,7.31812398308949
3.40565476190476,0.370160469618801,0.373846427485153,0.356458915866852,7.31836846055355
3.40575396825397,0.370127787959657,0.373844916516638,0.356288425053265,7.31861290315718
3.40585317460318,0.370095108978662,0.373843393001365,0.356118015866595,7.31885731091016
3.40595238095238,0.370062432676248,0.373841856945962,0.355947688268523,7.31910168382228
3.40605158730159,0.370029759052856,0.373840308357053,0.355777442220737,7.31934602190332
3.40615079365079,0.369997088108926,0.373838747241258,0.355607277684942,7.31959032516306
3.40625,0.369964419844907,0.373837173605193,0.355437194622853,7.31983459361125
3.40634920634921,0.369931754261247,0.373835587455469,0.355267192996204,7.32007882725767
3.40644841269841,0.369899091358402,0.373833988798694,0.355097272766736,7.32032302611208
3.40654761904762,0.369866431136829,0.373832377641472,0.354927433896209,7.32056719018424
3.40664682539682,0.369833773596993,0.373830753990401,0.354757676346394,7.32081131948388
3.40674603174603,0.369801118739358,0.373829117852078,0.354588000079074,7.32105541402077
3.40684523809524,0.369768466564395,0.373827469233094,0.35441840505605,7.32129947380463
3.40694444444444,0.369735817072579,0.373825808140036,0.354248891239132,7.32154349884521
3.40704365079365,0.369703170264388,0.373824134579487,0.354079458590145,7.32178748915224
3.40714285714286,0.369670526140305,0.373822448558026,0.353910107070929,7.32203144473544
3.40724206349206,0.369637884700816,0.373820750082229,0.353740836643335,7.32227536560453
3.40734126984127,0.36960524594641,0.373819039158667,0.353571647269227,7.32251925176924
3.40744047619048,0.369572609877584,0.373817315793906,0.353402538910488,7.32276310323928
3.40753968253968,0.369539976494834,0.373815579994509,0.353233511529008,7.32300692002434
3.40763888888889,0.369507345798664,0.373813831767036,0.353064565086694,7.32325070213414
3.4077380952381,0.36947471778958,0.37381207111804,0.352895699545466,7.32349444957838
3.4078373015873,0.369442092468091,0.373810298054073,0.352726914867255,7.32373816236673
3.40793650793651,0.369409469834713,0.373808512581681,0.352558211014009,7.32398184050891
3.40803571428571,0.369376849889963,0.373806714707408,0.352389587947688,7.32422548401458
3.40813492063492,0.369344232634364,0.37380490443779,0.352221045630265,7.32446909289343
3.40823412698413,0.369311618068442,0.373803081779363,0.352052584023727,7.32471266715513
3.40833333333333,0.369279006192728,0.373801246738657,0.351884203090074,7.32495620680934
3.40843253968254,0.369246397007756,0.373799399322199,0.351715902791322,7.32519971186575
3.40853174603175,0.369213790514063,0.37379753953651,0.351547683089496,7.32544318233399
3.40863095238095,0.369181186712193,0.373795667388109,0.351379543946638,7.32568661822374
3.40873015873016,0.369148585602691,0.37379378288351,0.351211485324802,7.32593001954463
3.40882936507937,0.369115987186108,0.373791886029222,0.351043507186055,7.32617338630632
3.40892857142857,0.369083391462997,0.373789976831753,0.350875609492481,7.32641671851844
3.40902777777778,0.369050798433918,0.373788055297603,0.350707792206173,7.32666001619063
3.40912698412698,0.369018208099432,0.37378612143327,0.350540055289239,7.32690327933253
3.40922619047619,0.368985620460106,0.373784175245249,0.350372398703801,7.32714650795375
3.4093253968254,0.368953035516509,0.373782216740029,0.350204822411994,7.32738970206392
3.4094246031746,0.368920453269216,0.373780245924095,0.350037326375968,7.32763286167265
3.40952380952381,0.368887873718805,0.37377826280393,0.349869910557884,7.32787598678957
3.40962301587302,0.368855296865858,0.37377626738601,0.349702574919918,7.32811907742426
3.40972222222222,0.368822722710962,0.373774259676809,0.349535319424258,7.32836213358635
3.40982142857143,0.368790151254706,0.373772239682797,0.349368144033109,7.32860515528542
3.40992063492063,0.368757582497684,0.373770207410438,0.349201048708686,7.32884814253107
3.41001984126984,0.368725016440495,0.373768162866195,0.349034033413218,7.32909109533288
3.41011904761905,0.368692453083741,0.373766106056523,0.34886709810895,7.32933401370044
3.41021825396825,0.368659892428028,0.373764036987876,0.348700242758136,7.32957689764332
3.41031746031746,0.368627334473965,0.373761955666704,0.348533467323047,7.32981974717111
3.41041666666667,0.368594779222167,0.373759862099451,0.348366771765967,7.33006256229336
3.41051587301587,0.368562226673253,0.373757756292558,0.348200156049194,7.33030534301965
3.41061507936508,0.368529676827844,0.373755638252461,0.348033620135037,7.33054808935953
3.41071428571429,0.368497129686566,0.373753507985595,0.34786716398582,7.33079080132256
3.41081349206349,0.368464585250049,0.373751365498386,0.347700787563881,7.33103347891828
3.4109126984127,0.368432043518927,0.373749210797261,0.347534490831571,7.33127612215625
3.4110119047619,0.368399504493838,0.373747043888639,0.347368273751254,7.33151873104599
3.41111111111111,0.368366968175425,0.373744864778937,0.347202136285307,7.33176130559706
3.41121031746032,0.368334434564332,0.373742673474568,0.347036078396123,7.33200384581897
3.41130952380952,0.368301903661211,0.373740469981939,0.346870100046106,7.33224635172126
3.41140873015873,0.368269375466716,0.373738254307455,0.346704201197676,7.33248882331343
3.41150793650794,0.368236849981503,0.373736026457517,0.346538381813263,7.33273126060502
3.41160714285714,0.368204327206235,0.37373378643852,0.346372641855312,7.33297366360554
3.41170634920635,0.368171807141579,0.373731534256857,0.346206981286284,7.33321603232448
3.41180555555556,0.368139289788203,0.373729269918915,0.346041400068648,7.33345836677135
3.41190476190476,0.368106775146782,0.373726993431079,0.345875898164892,7.33370066695565
3.41200396825397,0.368074263217995,0.373724704799728,0.345710475537516,7.33394293288687
3.41210317460317,0.368041754002521,0.373722404031238,0.345545132149031,7.3341851645745
3.41220238095238,0.368009247501049,0.373720091131982,0.345379867961964,7.33442736202801
3.41230158730159,0.367976743714267,0.373717766108326,0.345214682938854,7.3346695252569
3.41240079365079,0.367944242642869,0.373715428966634,0.345049577042255,7.33491165427063
3.4125,0.367911744287554,0.373713079713266,0.344884550234734,7.33515374907867
3.41259920634921,0.367879248649023,0.373710718354578,0.344719602478869,7.33539580969048
3.41269841269841,0.367846755727981,0.373708344896921,0.344554733737255,7.33563783611553
3.41279761904762,0.36781426552514,0.373705959346641,0.344389943972499,7.33587982836326
3.41289682539683,0.367781778041212,0.373703561710083,0.344225233147222,7.33612178644313
3.41299603174603,0.367749293276915,0.373701151993586,0.344060601224058,7.33636371036458
3.41309523809524,0.367716811232972,0.373698730203485,0.343896048165654,7.33660560013705
3.41319444444444,0.367684331910108,0.373696296346111,0.343731573934671,7.33684745576998
3.41329365079365,0.367651855309052,0.37369385042779,0.343567178493783,7.33708927727279
3.41339285714286,0.36761938143054,0.373691392454847,0.343402861805679,7.33733106465491
3.41349206349206,0.367586910275307,0.373688922433599,0.343238623833061,7.33757281792577
3.41359126984127,0.367554441844097,0.373686440370362,0.343074464538642,7.33781453709477
3.41369047619048,0.367521976137655,0.373683946271446,0.342910383885152,7.33805622217133
3.41378968253968,0.367489513156731,0.373681440143159,0.342746381835333,7.33829787316486
3.41388888888889,0.367457052902077,0.373678921991802,0.342582458351939,7.33853949008475
3.41398809523809,0.367424595374453,0.373676391823675,0.342418613397739,7.33878107294041
3.4140873015873,0.36739214057462,0.373673849645071,0.342254846935517,7.33902262174122
3.41418650793651,0.367359688503343,0.373671295462282,0.342091158928066,7.33926413649658
3.41428571428571,0.367327239161393,0.373668729281593,0.341927549338198,7.33950561721586
3.41438492063492,0.367294792549542,0.373666151109287,0.341764018128735,7.33974706390844
3.41448412698413,0.367262348668569,0.373663560951642,0.341600565262513,7.3399884765837
3.41458333333333,0.367229907519255,0.373660958814932,0.341437190702382,7.340229855251
3.41468253968254,0.367197469102387,0.373658344705428,0.341273894411205,7.34047119991971
3.41478174603175,0.367165033418752,0.373655718629395,0.341110676351857,7.34071251059919
3.41488095238095,0.367132600469146,0.373653080593096,0.340947536487231,7.34095378729878
3.41498015873016,0.367100170254366,0.373650430602788,0.34078447478023,7.34119503002784
3.41507936507937,0.367067742775213,0.373647768664725,0.340621491193771,7.34143623879572
3.41517857142857,0.367035318032493,0.373645094785157,0.340458585690784,7.34167741361174
3.41527777777778,0.367002896027016,0.373642408970329,0.340295758234213,7.34191855448525
3.41537698412698,0.366970476759595,0.373639711226483,0.340133008787017,7.34215966142558
3.41547619047619,0.366938060231047,0.373637001559858,0.339970337312165,7.34240073444205
3.4155753968254,0.366905646442195,0.373634279976685,0.339807743772644,7.34264177354398
3.4156746031746,0.366873235393864,0.373631546483195,0.339645228131449,7.34288277874069
3.41577380952381,0.366840827086884,0.373628801085614,0.339482790351594,7.34312375004149
3.41587301587302,0.366808421522087,0.373626043790161,0.339320430396103,7.34336468745568
3.41597222222222,0.366776018700312,0.373623274603055,0.339158148228015,7.34360559099256
3.41607142857143,0.3667436186224,0.373620493530509,0.338995943810382,7.34384646066143
3.41617063492063,0.366711221289197,0.373617700578732,0.338833817106268,7.34408729647159
3.41626984126984,0.366678826701551,0.373614895753928,0.338671768078753,7.34432809843232
3.41636904761905,0.366646434860317,0.3736120790623,0.33850979669093,7.3445688665529
3.41646825396825,0.366614045766353,0.373609250510043,0.338347902905905,7.34480960084261
3.41656746031746,0.366581659420518,0.37360641010335,0.338186086686796,7.34505030131071
3.41666666666667,0.36654927582368,0.373603557848411,0.338024347996736,7.34529096796649
3.41676587301587,0.366516894976707,0.37360069375141,0.337862686798872,7.3455316008192
3.41686507936508,0.366484516880473,0.373597817818528,0.337701103056364,7.3457721998781
3.41696428571429,0.366452141535855,0.373594930055941,0.337539596732385,7.34601276515244
3.41706349206349,0.366419768943735,0.373592030469822,0.337378167790122,7.34625329665148
3.4171626984127,0.366387399104998,0.373589119066338,0.337216816192773,7.34649379438445
3.4172619047619,0.366355032020534,0.373586195851655,0.337055541903555,7.3467342583606
3.41736111111111,0.366322667691235,0.373583260831934,0.336894344885694,7.34697468858915
3.41746031746032,0.366290306118,0.373580314013329,0.336733225102431,7.34721508507934
3.41755952380952,0.36625794730173,0.373577355401993,0.336572182517019,7.3474554478404
3.41765873015873,0.366225591243329,0.373574385004075,0.336411217092726,7.34769577688154
3.41775793650794,0.366193237943708,0.373571402825718,0.336250328792834,7.34793607221198
3.41785714285714,0.366160887403779,0.373568408873062,0.336089517580637,7.34817633384092
3.41795634920635,0.366128539624461,0.373565403152243,0.335928783419443,7.34841656177758
3.41805555555556,0.366096194606674,0.373562385669394,0.335768126272575,7.34865675603116
3.41815476190476,0.366063852351344,0.373559356430641,0.335607546103366,7.34889691661084
3.41825396825397,0.3660315128594,0.373556315442109,0.335447042875165,7.34913704352583
3.41835317460317,0.365999176131775,0.373553262709917,0.335286616551335,7.34937713678531
3.41845238095238,0.365966842169407,0.373550198240181,0.335126267095251,7.34961719639845
3.41855158730159,0.365934510973236,0.373547122039012,0.334965994470302,7.34985722237444
3.41865079365079,0.365902182544209,0.373544034112518,0.334805798639889,7.35009721472246
3.41875,0.365869856883274,0.373540934466801,0.334645679567431,7.35033717345166
3.41884920634921,0.365837533991385,0.373537823107962,0.334485637216355,7.3505770985712
3.41894841269841,0.365805213869498,0.373534700042096,0.334325671550105,7.35081699009026
3.41904761904762,0.365772896518576,0.373531565275293,0.334165782532137,7.35105684801797
3.41914682539683,0.365740581939583,0.373528418813641,0.334005970125921,7.35129667236349
3.41924603174603,0.365708270133489,0.373525260663223,0.33384623429494,7.35153646313597
3.41934523809524,0.365675961101266,0.373522090830118,0.333686575002691,7.35177622034453
3.41944444444444,0.365643654843893,0.3735189093204,0.333526992212685,7.35201594399831
3.41954365079365,0.365611351362349,0.373515716140141,0.333367485888445,7.35225563410645
3.41964285714286,0.365579050657621,0.373512511295408,0.333208055993508,7.35249529067807
3.41974206349206,0.365546752730697,0.373509294792262,0.333048702491426,7.35273491372228
3.41984126984127,0.365514457582571,0.373506066636763,0.332889425345762,7.3529745032482
3.41994047619048,0.36548216521424,0.373502826834966,0.332730224520095,7.35321405926495
3.42003968253968,0.365449875626704,0.37349957539292,0.332571099978015,7.35345358178162
3.42013888888889,0.365417588820969,0.373496312316672,0.332412051683126,7.35369307080732
3.4202380952381,0.365385304798045,0.373493037612265,0.332253079599048,7.35393252635114
3.4203373015873,0.365353023558943,0.373489751285737,0.332094183689412,7.35417194842218
3.42043650793651,0.365320745104682,0.373486453343122,0.331935363917863,7.35441133702951
3.42053571428571,0.365288469436283,0.37348314379045,0.33177662024806,7.35465069218222
3.42063492063492,0.36525619655477,0.373479822633747,0.331617952643675,7.35489001388939
3.42073412698413,0.365223926461172,0.373476489879036,0.331459361068392,7.3551293021601
3.42083333333333,0.365191659156523,0.373473145532334,0.331300845485912,7.35536855700339
3.42093253968254,0.365159394641859,0.373469789599656,0.331142405859947,7.35560777842835
3.42103174603175,0.365127132918222,0.37346642208701,0.330984042154223,7.35584696644402
3.42113095238095,0.365094873986657,0.373463043000404,0.330825754332479,7.35608612105945
3.42123015873016,0.365062617848213,0.373459652345838,0.330667542358469,7.35632524228371
3.42132936507937,0.365030364503942,0.37345625012931,0.330509406195958,7.35656433012582
3.42142857142857,0.364998113954902,0.373452836356814,0.330351345808727,7.35680338459483
3.42152777777778,0.364965866202154,0.37344941103434,0.330193361160569,7.35704240569977
3.42162698412698,0.364933621246762,0.373445974167872,0.330035452215291,7.35728139344967
3.42172619047619,0.364901379089795,0.373442525763392,0.329877618936713,7.35752034785355
3.4218253968254,0.364869139732328,0.373439065826878,0.32971986128867,7.35775926892043
3.4219246031746,0.364836903175436,0.373435594364302,0.329562179235009,7.35799815665933
3.42202380952381,0.3648046694202,0.373432111381635,0.32940457273959,7.35823701107926
3.42212301587302,0.364772438467706,0.37342861688484,0.329247041766288,7.35847583218921
3.42222222222222,0.364740210319042,0.373425110879879,0.329089586278989,7.3587146199982
3.42232142857143,0.364707984975301,0.373421593372709,0.328932206241597,7.35895337451522
3.42242063492063,0.364675762437581,0.373418064369283,0.328774901618026,7.35919209574925
3.42251984126984,0.364643542706981,0.37341452387555,0.328617672372203,7.35943078370928
3.42261904761905,0.364611325784608,0.373410971897454,0.328460518468071,7.3596694384043
3.42271825396825,0.364579111671569,0.373407408440936,0.328303439869585,7.35990805984328
3.42281746031746,0.364546900368978,0.373403833511933,0.328146436540713,7.36014664803518
3.42291666666667,0.364514691877951,0.373400247116377,0.327989508445437,7.36038520298899
3.42301587301587,0.364482486199609,0.373396649260198,0.327832655547753,7.36062372471365
3.42311507936508,0.364450283335078,0.373393039949318,0.32767587781167,7.36086221321813
3.42321428571429,0.364418083285485,0.37338941918966,0.327519175201212,7.36110066851138
3.42331349206349,0.364385886051965,0.373385786987138,0.327362547680413,7.36133909060234
3.4234126984127,0.364353691635652,0.373382143347666,0.327205995213324,7.36157747949996
3.4235119047619,0.36432150003769,0.373378488277151,0.327049517764007,7.36181583521318
3.42361111111111,0.364289311259221,0.373374821781498,0.32689311529654,7.36205415775093
3.42371031746032,0.364257125301395,0.373371143866606,0.32673678777501,7.36229244712213
3.42380952380952,0.364224942165365,0.373367454538371,0.326580535163524,7.36253070333572
3.42390873015873,0.364192761852288,0.373363753802687,0.326424357426197,7.3627689264006
3.42400793650794,0.364160584363323,0.373360041665439,0.326268254527161,7.3630071163257
3.42410714285714,0.364128409699637,0.373356318132513,0.326112226430558,7.36324527311993
3.42420634920635,0.364096237862397,0.373352583209787,0.325956273100546,7.36348339679218
3.42430555555556,0.364064068852777,0.373348836903138,0.325800394501297,7.36372148735135
3.42440476190476,0.364031902671952,0.373345079218437,0.325644590596993,7.36395954480635
3.42450396825397,0.363999739321105,0.373341310161551,0.325488861351835,7.36419756916606
3.42460317460317,0.363967578801418,0.373337529738344,0.325333206730031,7.36443556043937
3.42470238095238,0.363935421114082,0.373333737954676,0.325177626695808,7.36467351863516
3.42480158730159,0.363903266260289,0.373329934816401,0.325022121213404,7.3649114437623
3.42490079365079,0.363871114241235,0.373326120329371,0.324866690247071,7.36514933582966
3.425,0.363838965058121,0.373322294499433,0.324711333761073,7.36538719484612
3.42509920634921,0.363806818712152,0.37331845733243,0.32455605171969,7.36562502082052
3.42519841269841,0.363774675204536,0.373314608834201,0.324400844087213,7.36586281376174
3.42529761904762,0.363742534536486,0.373310749010582,0.324245710827949,7.36610057367862
3.42539682539683,0.363710396709219,0.373306877867403,0.324090651906216,7.36633830058
3.42549603174603,0.363678261723955,0.37330299541049,0.323935667286348,7.36657599447474
3.42559523809524,0.363646129581919,0.373299101645668,0.323780756932691,7.36681365537166
3.42569444444444,0.363614000284339,0.373295196578754,0.323625920809603,7.3670512832796
3.42579365079365,0.363581873832448,0.373291280215562,0.323471158881459,7.36728887820739
3.42589285714286,0.363549750227482,0.373287352561905,0.323316471112644,7.36752644016385
3.42599206349206,0.363517629470683,0.373283413623587,0.323161857467559,7.3677639691578
3.42609126984127,0.363485511563293,0.373279463406413,0.323007317910617,7.36800146519805
3.42619047619048,0.363453396506563,0.373275501916179,0.322852852406245,7.36823892829342
3.42628968253968,0.363421284301745,0.37327152915868,0.322698460918885,7.3684763584527
3.42638888888889,0.363389174950095,0.373267545139707,0.322544143412989,7.3687137556847
3.4264880952381,0.363357068452873,0.373263549865046,0.322389899853026,7.3689511199982
3.4265873015873,0.363324964811345,0.373259543340478,0.322235730203476,7.36918845140201
3.42668650793651,0.363292864026778,0.373255525571783,0.322081634428833,7.3694257499049
3.42678571428571,0.363260766100445,0.373251496564733,0.321927612493606,7.36966301551566
3.42688492063492,0.363228671033623,0.373247456325099,0.321773664362316,7.36990024824305
3.42698412698413,0.363196578827592,0.373243404858646,0.321619789999499,7.37013744809586
3.42708333333333,0.363164489483636,0.373239342171137,0.321465989369701,7.37037461508284
3.42718253968254,0.363132403003044,0.373235268268329,0.321312262437486,7.37061174921276
3.42728174603175,0.363100319387108,0.373231183155976,0.321158609167428,7.37084885049437
3.42738095238095,0.363068238637125,0.373227086839827,0.321005029524116,7.37108591893642
3.42748015873016,0.363036160754395,0.373222979325627,0.320851523472152,7.37132295454767
3.42757936507937,0.363004085740223,0.37321886061912,0.320698090976152,7.37155995733686
3.42767857142857,0.362972013595916,0.37321473072604,0.320544732000746,7.37179692731271
3.42777777777778,0.362939944322788,0.373210589652123,0.320391446510577,7.37203386448397
3.42787698412698,0.362907877922154,0.373206437403097,0.3202382344703,7.37227076885935
3.42797619047619,0.362875814395336,0.373202273984687,0.320085095844585,7.37250764044759
3.4280753968254,0.362843753743656,0.373198099402615,0.319932030598115,7.3727444792574
3.4281746031746,0.362811695968445,0.373193913662597,0.319779038695586,7.3729812852975
3.42827380952381,0.362779641071033,0.373189716770347,0.31962612010171,7.37321805857659
3.42837301587302,0.362747589052758,0.373185508731573,0.31947327478121,7.37345479910337
3.42847222222222,0.362715539914959,0.37318128955198,0.319320502698823,7.37369150688655
3.42857142857143,0.362683493658981,0.37317705923727,0.319167803819299,7.37392818193482
3.42867063492063,0.362651450286172,0.373172817793138,0.319015178107402,7.37416482425687
3.42876984126984,0.362619409797885,0.373168565225278,0.31886262552791,7.37440143386138
3.42886904761905,0.362587372195476,0.373164301539378,0.318710146045614,7.37463801075704
3.42896825396825,0.362555337480304,0.373160026741122,0.318557739625318,7.37487455495251
3.42906746031746,0.362523305653735,0.373155740836191,0.31840540623184,7.37511106645648
3.42916666666667,0.362491276717136,0.373151443830262,0.318253145830013,7.37534754527759
3.42926587301587,0.362459250671881,0.373147135729006,0.31810095838468,7.37558399142452
3.42936507936508,0.362427227519344,0.373142816538092,0.317948843860701,7.37582040490592
3.42946428571429,0.362395207260906,0.373138486263184,0.317796802222947,7.37605678573045
3.42956349206349,0.362363189897951,0.373134144909943,0.317644833436303,7.37629313390673
3.4296626984127,0.362331175431868,0.373129792484023,0.317492937465667,7.37652944944344
3.42976190476191,0.362299163864049,0.373125428991078,0.317341114275955,7.37676573234918
3.42986111111111,0.36226715519589,0.373121054436755,0.317189363832089,7.3770019826326
3.42996031746032,0.362235149428791,0.373116668826698,0.317037686099011,7.37723820030233
3.43005952380952,0.362203146564156,0.373112272166547,0.316886081041672,7.37747438536698
3.43015873015873,0.362171146603393,0.373107864461937,0.316734548625039,7.37771053783518
3.43025793650794,0.362139149547915,0.373103445718501,0.316583088814092,7.37794665771554
3.43035714285714,0.362107155399138,0.373099015941865,0.316431701573824,7.37818274501667
3.43045634920635,0.362075164158481,0.373094575137653,0.316280386869241,7.37841879974716
3.43055555555556,0.362043175827369,0.373090123311485,0.316129144665363,7.37865482191562
3.43065476190476,0.36201119040723,0.373085660468977,0.315977974927225,7.37889081153064
3.43075396825397,0.361979207899496,0.373081186615738,0.315826877619874,7.37912676860082
3.43085317460317,0.361947228305603,0.373076701757377,0.31567585270837,7.37936269313472
3.43095238095238,0.361915251626991,0.373072205899497,0.315524900157788,7.37959858514094
3.43105158730159,0.361883277865105,0.373067699047697,0.315374019933214,7.37983444462805
3.43115079365079,0.361851307021391,0.373063181207572,0.31522321199975,7.38007027160462
3.43125,0.361819339097303,0.373058652384713,0.315072476322511,7.38030606607921
3.43134920634921,0.361787374094297,0.373054112584707,0.314921812866625,7.38054182806039
3.43144841269841,0.361755412013831,0.373049561813136,0.314771221597233,7.3807775575567
3.43154761904762,0.361723452857371,0.37304500007558,0.31462070247949,7.38101325457671
3.43164682539683,0.361691496626385,0.373040427377614,0.314470255478565,7.38124891912894
3.43174603174603,0.361659543322343,0.373035843724807,0.314319880559639,7.38148455122196
3.43184523809524,0.361627592946723,0.373031249122726,0.314169577687908,7.38172015086429
3.43194444444444,0.361595645501005,0.373026643576935,0.314019346828582,7.38195571806446
3.43204365079365,0.361563700986671,0.373022027092991,0.313869187946881,7.38219125283101
3.43214285714286,0.361531759405211,0.373017399676449,0.313719101008043,7.38242675517245
3.43224206349206,0.361499820758115,0.373012761332859,0.313569085977316,7.3826622250973
3.43234126984127,0.361467885046881,0.373008112067768,0.313419142819965,7.38289766261407
3.43244047619048,0.361435952273008,0.373003451886717,0.313269271501264,7.38313306773128
3.43253968253968,0.361404022438,0.372998780795244,0.313119471986504,7.38336844045742
3.43263888888889,0.361372095543364,0.372994098798885,0.312969744240986,7.38360378080099
3.4327380952381,0.361340171590613,0.372989405903168,0.312820088230031,7.38383908877049
3.4328373015873,0.361308250581263,0.37298470211362,0.312670503918966,7.38407436437439
3.43293650793651,0.361276332516833,0.372979987435762,0.312520991273136,7.3843096076212
3.43303571428571,0.361244417398848,0.372975261875113,0.312371550257899,7.38454481851938
3.43313492063492,0.361212505228834,0.372970525437186,0.312222180838623,7.38477999707742
3.43323412698413,0.361180596008325,0.37296577812749,0.312072882980695,7.38501514330377
3.43333333333333,0.361148689738855,0.372961019951532,0.311923656649511,7.38525025720691
3.43343253968254,0.361116786421965,0.372956250914812,0.311774501810483,7.3854853387953
3.43353174603175,0.361084886059199,0.372951471022829,0.311625418429034,7.38572038807739
3.43363095238095,0.361052988652103,0.372946680281075,0.311476406470604,7.38595540506162
3.43373015873016,0.361021094202231,0.37294187869504,0.311327465900645,7.38619038975645
3.43382936507937,0.360989202711138,0.37293706627021,0.31117859668462,7.38642534217032
3.43392857142857,0.360957314180383,0.372932243012065,0.311029798788009,7.38666026231166
3.43402777777778,0.36092542861153,0.372927408926082,0.310881072176304,7.3868951501889
3.43412698412698,0.360893546006148,0.372922564017735,0.310732416815008,7.38713000581048
3.43422619047619,0.360861666365808,0.372917708292492,0.310583832669644,7.3873648291848
3.4343253968254,0.360829789692085,0.372912841755819,0.310435319705743,7.3875996203203
3.4344246031746,0.360797915986559,0.372907964413176,0.31028687788885,7.38783437922537
3.43452380952381,0.360766045250815,0.37290307627002,0.310138507184525,7.38806910590843
3.43462301587302,0.360734177486439,0.372898177331804,0.309990207558341,7.38830380037789
3.43472222222222,0.360702312695024,0.372893267603977,0.309841978975884,7.38853846264213
3.43482142857143,0.360670450878165,0.372888347091982,0.309693821402754,7.38877309270955
3.43492063492063,0.360638592037462,0.372883415801261,0.309545734804565,7.38900769058854
3.43501984126984,0.360606736174518,0.37287847373725,0.309397719146942,7.38924225628749
3.43511904761905,0.360574883290941,0.372873520905382,0.309249774395528,7.38947678981477
3.43521825396825,0.360543033388343,0.372868557311084,0.309101900515975,7.38971129117875
3.43531746031746,0.36051118646834,0.372863582959782,0.308954097473952,7.38994576038781
3.43541666666667,0.36047934253255,0.372858597856894,0.308806365235137,7.3901801974503
3.43551587301587,0.360447501582599,0.372853602007838,0.308658703765227,7.39041460237459
3.43561507936508,0.360415663620112,0.372848595418025,0.308511113029927,7.39064897516904
3.43571428571429,0.360383828646723,0.372843578092864,0.308363592994961,7.39088331584199
3.43581349206349,0.360351996664066,0.372838550037758,0.308216143626062,7.39111762440179
3.4359126984127,0.360320167673781,0.372833511258107,0.308068764888979,7.39135190085677
3.4360119047619,0.360288341677511,0.372828461759307,0.307921456749473,7.39158614521528
3.43611111111111,0.360256518676905,0.372823401546749,0.307774219173319,7.39182035748564
3.43621031746032,0.360224698673614,0.372818330625822,0.307627052126307,7.39205453767619
3.43630952380952,0.360192881669293,0.372813249001909,0.307479955574237,7.39228868579523
3.43640873015873,0.360161067665602,0.372808156680389,0.307332929482927,7.3925228018511
3.43650793650794,0.360129256664203,0.372803053666638,0.307185973818203,7.39275688585209
3.43660714285714,0.360097448666766,0.372797939966028,0.30703908854591,7.39299093780653
3.43670634920635,0.360065643674962,0.372792815583925,0.306892273631903,7.3932249577227
3.43680555555556,0.360033841690465,0.372787680525692,0.306745529042053,7.3934589456089
3.43690476190476,0.360002042714955,0.37278253479669,0.306598854742241,7.39369290147344
3.43700396825397,0.359970246750117,0.372777378402273,0.306452250698364,7.39392682532459
3.43710317460318,0.359938453797636,0.372772211347792,0.306305716876331,7.39416071717065
3.43720238095238,0.359906663859205,0.372767033638595,0.306159253242068,7.39439457701988
3.43730158730159,0.35987487693652,0.372761845280024,0.306012859761511,7.39462840488057
3.43740079365079,0.359843093031279,0.372756646277417,0.305866536400609,7.39486220076097
3.4375,0.359811312145186,0.37275143663611,0.305720283125328,7.39509596466936
3.43759920634921,0.359779534279948,0.372746216361434,0.305574099901643,7.39532969661399
3.43769841269841,0.359747759437278,0.372740985458715,0.305427986695546,7.39556339660312
3.43779761904762,0.359715987618889,0.372735743933276,0.305281943473042,7.395797064645
3.43789682539682,0.359684218826503,0.372730491790435,0.305135970200147,7.39603070074787
3.43799603174603,0.359652453061841,0.372725229035507,0.304990066842893,7.39626430491997
3.43809523809524,0.359620690326631,0.372719955673802,0.304844233367326,7.39649787716954
3.43819444444444,0.359588930622606,0.372714671710626,0.304698469739503,7.3967314175048
3.43829365079365,0.359557173951499,0.372709377151283,0.304552775925496,7.39696492593399
3.43839285714286,0.359525420315051,0.372704072001069,0.304407151891391,7.39719840246533
3.43849206349206,0.359493669715005,0.372698756265279,0.304261597603285,7.39743184710702
3.43859126984127,0.359461922153107,0.372693429949203,0.304116113027291,7.39766525986729
3.43869047619048,0.359430177631111,0.372688093058127,0.303970698129535,7.39789864075433
3.43878968253968,0.359398436150769,0.372682745597334,0.303825352876156,7.39813198977636
3.43888888888889,0.359366697713843,0.3726773875721,0.303680077233306,7.39836530694156
3.4389880952381,0.359334962322095,0.3726720189877,0.303534871167152,7.39859859225813
3.4390873015873,0.359303229977293,0.372666639849403,0.303389734643873,7.39883184573425
3.43918650793651,0.359271500681207,0.372661250162475,0.303244667629662,7.39906506737812
3.43928571428571,0.359239774435614,0.372655849932178,0.303099670090725,7.3992982571979
3.43938492063492,0.359208051242291,0.372650439163769,0.302954741993284,7.39953141520177
3.43948412698413,0.359176331103023,0.372645017862502,0.302809883303569,7.39976454139791
3.43958333333333,0.359144614019597,0.372639586033626,0.302665093987831,7.39999763579446
3.43968253968254,0.359112899993804,0.372634143682386,0.302520374012328,7.4002306983996
3.43978174603175,0.359081189027439,0.372628690814024,0.302375723343335,7.40046372922147
3.43988095238095,0.359049481122302,0.372623227433777,0.302231141947138,7.40069672826822
3.43998015873016,0.359017776280194,0.372617753546877,0.30208662979004,7.400929695548
3.44007936507937,0.358986074502925,0.372612269158555,0.301942186838352,7.40116263106895
3.44017857142857,0.358954375792304,0.372606774274034,0.301797813058406,7.4013955348392
3.44027777777778,0.358922680150148,0.372601268898537,0.301653508416541,7.40162840686689
3.44037698412698,0.358890987578274,0.372595753037279,0.301509272879112,7.40186124716013
3.44047619047619,0.358859298078507,0.372590226695474,0.301365106412488,7.40209405572705
3.4405753968254,0.358827611652673,0.37258468987833,0.30122100898305,7.40232683257577
3.4406746031746,0.358795928302604,0.372579142591053,0.301076980557193,7.40255957771438
3.44077380952381,0.358764248030135,0.372573584838841,0.300933021101327,7.40279229115102
3.44087301587302,0.358732570837104,0.372568016626893,0.300789130581873,7.40302497289376
3.44097222222222,0.358700896725355,0.3725624379604,0.300645308965267,7.40325762295072
3.44107142857143,0.358669225696735,0.372556848844552,0.300501556217959,7.40349024132997
3.44117063492063,0.358637557753095,0.372551249284532,0.300357872306411,7.40372282803962
3.44126984126984,0.35860589289629,0.37254563928552,0.300214257197099,7.40395538308773
3.44136904761905,0.358574231128179,0.372540018852693,0.300070710856513,7.40418790648239
3.44146825396825,0.358542572450625,0.372534387991223,0.299927233251156,7.40442039823167
3.44156746031746,0.358510916865495,0.372528746706277,0.299783824347543,7.40465285834365
3.44166666666667,0.35847926437466,0.372523095003021,0.299640484112208,7.40488528682637
3.44176587301587,0.358447614979996,0.372517432886614,0.299497212511691,7.4051176836879
3.44186507936508,0.35841596868338,0.372511760362211,0.29935400951255,7.4053500489363
3.44196428571429,0.358384325486697,0.372506077434965,0.299210875081357,7.40558238257961
3.44206349206349,0.358352685391833,0.372500384110023,0.299067809184694,7.40581468462587
3.4421626984127,0.358321048400679,0.372494680392529,0.298924811789159,7.40604695508314
3.4422619047619,0.35828941451513,0.372488966287622,0.298781882861363,7.40627919395943
3.44236111111111,0.358257783737086,0.372483241800439,0.298639022367931,7.40651140126278
3.44246031746032,0.358226156068448,0.37247750693611,0.2984962302755,7.40674357700122
3.44255952380952,0.358194531511124,0.372471761699763,0.298353506550722,7.40697572118276
3.44265873015873,0.358162910067024,0.372466006096521,0.298210851160262,7.40720783381542
3.44275793650794,0.358131291738065,0.372460240131504,0.298068264070799,7.40743991490721
3.44285714285714,0.358099676526164,0.372454463809827,0.297925745249023,7.40767196446614
3.44295634920635,0.358068064433245,0.3724486771366,0.297783294661641,7.4079039825002
3.44305555555556,0.358036455461234,0.372442880116931,0.29764091227537,7.4081359690174
3.44315476190476,0.358004849612062,0.372437072755923,0.297498598056944,7.40836792402573
3.44325396825397,0.357973246887664,0.372431255058675,0.297356351973109,7.40859984753317
3.44335317460317,0.35794164728998,0.372425427030282,0.297214173990623,7.4088317395477
3.44345238095238,0.357910050820951,0.372419588675834,0.297072064076259,7.4090636000773
3.44355158730159,0.357878457482525,0.372413740000418,0.296930022196803,7.40929542912994
3.44365079365079,0.357846867276652,0.372407881009118,0.296788048319056,7.4095272267136
3.44375,0.357815280205288,0.37240201170701,0.29664614240983,7.40975899283623
3.44384920634921,0.357783696270391,0.372396132099171,0.296504304435952,7.40999072750579
3.44394841269841,0.357752115473923,0.37239024219067,0.296362534364261,7.41022243073023
3.44404761904762,0.357720537817853,0.372384341986574,0.296220832161613,7.41045410251751
3.44414682539683,0.35768896330415,0.372378431491946,0.296079197794873,7.41068574287557
3.44424603174603,0.357657391934789,0.372372510711843,0.295937631230923,7.41091735181234
3.44434523809524,0.357625823711749,0.372366579651319,0.295796132436657,7.41114892933576
3.44444444444444,0.357594258637013,0.372360638315426,0.295654701378981,7.41138047545376
3.44454365079365,0.357562696712567,0.372354686709208,0.295513338024816,7.41161199017426
3.44464285714286,0.357531137940403,0.372348724837708,0.295372042341099,7.41184347350519
3.44474206349206,0.357499582322514,0.372342752705964,0.295230814294776,7.41207492545445
3.44484126984127,0.3574680298609,0.37233677031901,0.295089653852809,7.41230634602996
3.44494047619048,0.357436480557563,0.372330777681875,0.294948560982173,7.41253773523963
3.44503968253968,0.357404934414511,0.372324774799586,0.294807535649857,7.41276909309135
3.44513888888889,0.357373391433753,0.372318761677163,0.294666577822862,7.41300041959302
3.44523809523809,0.357341851617304,0.372312738319625,0.294525687468203,7.41323171475253
3.4453373015873,0.357310314967184,0.372306704731985,0.29438486455291,7.41346297857777
3.44543650793651,0.357278781485414,0.372300660919252,0.294244109044024,7.41369421107662
3.44553571428571,0.357247251174021,0.372294606886432,0.294103420908602,7.41392541225695
3.44563492063492,0.357215724035037,0.372288542638527,0.293962800113713,7.41415658212665
3.44573412698413,0.357184200070495,0.372282468180533,0.293822246626441,7.41438772069356
3.44583333333333,0.357152679282434,0.372276383517443,0.29368176041388,7.41461882796557
3.44593253968254,0.357121161672897,0.372270288654248,0.293541341443141,7.41484990395052
3.44603174603175,0.35708964724393,0.372264183595931,0.293400989681346,7.41508094865626
3.44613095238095,0.357058135997584,0.372258068347475,0.293260705095635,7.41531196209066
3.44623015873016,0.357026627935914,0.372251942913855,0.293120487653155,7.41554294426154
3.44632936507937,0.356995123060978,0.372245807300045,0.29298033732107,7.41577389517675
3.44642857142857,0.356963621374838,0.372239661511014,0.292840254066559,7.41600481484412
3.44652777777778,0.356932122879562,0.372233505551725,0.292700237856811,7.41623570327148
3.44662698412698,0.35690062757722,0.372227339427141,0.292560288659031,7.41646656046665
3.44672619047619,0.356869135469885,0.372221163142217,0.292420406440436,7.41669738643746
3.4468253968254,0.356837646559638,0.372214976701906,0.292280591168257,7.41692818119172
3.4469246031746,0.356806160848559,0.372208780111157,0.292140842809738,7.41715894473723
3.44702380952381,0.356774678338737,0.372202573374914,0.292001161332139,7.41738967708181
3.44712301587302,0.35674319903226,0.372196356498117,0.291861546702731,7.41762037823325
3.44722222222222,0.356711722931225,0.372190129485702,0.291721998888798,7.41785104819935
3.44732142857143,0.356680250037728,0.372183892342603,0.291582517857639,7.4180816869879
3.44742063492063,0.356648780353874,0.372177645073746,0.291443103576566,7.41831229460668
3.44751984126984,0.356617313881767,0.372171387684056,0.291303756012904,7.41854287106349
3.44761904761905,0.356585850623519,0.372165120178453,0.291164475133992,7.41877341636608
3.44771825396825,0.356554390581243,0.372158842561853,0.291025260907184,7.41900393052224
3.44781746031746,0.35652293375706,0.372152554839168,0.290886113299844,7.41923441353972
3.44791666666667,0.35649148015309,0.372146257015305,0.290747032279353,7.41946486542631
3.44801587301587,0.35646002977146,0.372139949095169,0.290608017813102,7.41969528618974
3.44811507936508,0.3564285826143,0.372133631083658,0.290469069868498,7.41992567583777
3.44821428571429,0.356397138683746,0.372127302985669,0.290330188412962,7.42015603437816
3.44831349206349,0.356365697981935,0.372120964806094,0.290191373413926,7.42038636181864
3.4484126984127,0.356334260511009,0.372114616549819,0.290052624838836,7.42061665816695
3.4485119047619,0.356302826273116,0.372108258221728,0.289913942655154,7.42084692343082
3.44861111111111,0.356271395270405,0.3721018898267,0.289775326830354,7.42107715761799
3.44871031746032,0.356239967505031,0.372095511369611,0.289636777331922,7.42130736073618
3.44880952380952,0.356208542979151,0.372089122855332,0.289498294127359,7.4215375327931
3.44890873015873,0.356177121694929,0.372082724288729,0.289359877184179,7.42176767379647
3.44900793650794,0.356145703654531,0.372076315674667,0.28922152646991,7.421997783754
3.44910714285714,0.356114288860126,0.372069897018004,0.289083241952093,7.4222278626734
3.44920634920635,0.35608287731389,0.372063468323594,0.288945023598284,7.42245791056236
3.44930555555556,0.356051469018,0.37205702959629,0.288806871376049,7.42268792742857
3.44940476190476,0.356020063974639,0.372050580840937,0.288668785252971,7.42291791327974
3.44950396825397,0.355988662185993,0.372044122062379,0.288530765196644,7.42314786812355
3.44960317460317,0.355957263654252,0.372037653265454,0.288392811174677,7.42337779196767
3.44970238095238,0.355925868381611,0.372031174454996,0.288254923154693,7.42360768481978
3.44980158730159,0.355894476370267,0.372024685635837,0.288117101104326,7.42383754668755
3.44990079365079,0.355863087622423,0.372018186812802,0.287979344991225,7.42406737757865
3.45,0.355831702140286,0.372011677990714,0.287841654783054,7.42429717750075
3.45009920634921,0.355800319926064,0.372005159174392,0.287704030447488,7.42452694646149
3.45019841269841,0.355768940981973,0.371998630368649,0.287566471952217,7.42475668446853
3.45029761904762,0.355737565310231,0.371992091578297,0.287428979264943,7.42498639152952
3.45039682539683,0.35570619291306,0.37198554280814,0.287291552353383,7.4252160676521
3.45049603174603,0.355674823792685,0.371978984062982,0.287154191185266,7.42544571284391
3.45059523809524,0.355643457951338,0.37197241534762,0.287016895728337,7.42567532711257
3.45069444444444,0.355612095391252,0.371965836666848,0.286879665950352,7.42590491046573
3.45079365079365,0.355580736114665,0.371959248025455,0.286742501819081,7.42613446291099
3.45089285714286,0.35554938012382,0.371952649428229,0.286605403302309,7.42636398445599
3.45099206349206,0.355518027420962,0.37194604087995,0.286468370367832,7.42659347510833
3.45109126984127,0.355486678008342,0.371939422385396,0.286331402983461,7.42682293487563
3.45119047619048,0.355455331888214,0.371932793949341,0.286194501117021,7.42705236376548
3.45128968253968,0.355423989062836,0.371926155576555,0.286057664736349,7.42728176178549
3.45138888888889,0.35539264953447,0.371919507271802,0.285920893809295,7.42751112894325
3.4514880952381,0.355361313305381,0.371912849039844,0.285784188303726,7.42774046524635
3.4515873015873,0.355329980377841,0.371906180885439,0.28564754818752,7.42796977070238
3.45168650793651,0.355298650754123,0.37189950281334,0.285510973428567,7.42819904531892
3.45178571428571,0.355267324436505,0.371892814828296,0.285374463994774,7.42842828910354
3.45188492063492,0.355236001427269,0.371886116935052,0.285238019854059,7.42865750206381
3.45198412698413,0.355204681728702,0.371879409138349,0.285101640974352,7.42888668420731
3.45208333333333,0.355173365343092,0.371872691442925,0.284965327323602,7.42911583554158
3.45218253968254,0.355142052272735,0.371865963853512,0.284829078869766,7.42934495607419
3.45228174603175,0.355110742519927,0.371859226374838,0.284692895580817,7.42957404581269
3.45238095238095,0.355079436086972,0.37185247901163,0.284556777424742,7.42980310476463
3.45248015873016,0.355048132976175,0.371845721768608,0.284420724369538,7.43003213293754
3.45257936507937,0.355016833189846,0.371838954650487,0.284284736383221,7.43026113033897
3.45267857142857,0.354985536730299,0.371832177661982,0.284148813433815,7.43049009697645
3.45277777777778,0.354954243599852,0.3718253908078,0.284012955489362,7.4307190328575
3.45287698412698,0.354922953800826,0.371818594092646,0.283877162517912,7.43094793798965
3.45297619047619,0.354891667335548,0.371811787521221,0.283741434487537,7.43117681238042
3.4530753968254,0.354860384206348,0.37180497109822,0.283605771366314,7.43140565603732
3.4531746031746,0.35482910441556,0.371798144828336,0.283470173122337,7.43163446896786
3.45327380952381,0.354797827965521,0.371791308716257,0.283334639723715,7.43186325117954
3.45337301587302,0.354766554858573,0.371784462766668,0.283199171138567,7.43209200267986
3.45347222222222,0.354735285097062,0.371777606984248,0.283063767335027,7.43232072347632
3.45357142857143,0.354704018683338,0.371770741373674,0.282928428281245,7.43254941357641
3.45367063492063,0.354672755619755,0.371763865939617,0.282793153945382,7.43277807298761
3.45376984126984,0.354641495908671,0.371756980686745,0.282657944295611,7.43300670171739
3.45386904761905,0.354610239552447,0.371750085619722,0.282522799300122,7.43323529977325
3.45396825396825,0.35457898655345,0.371743180743208,0.282387718927116,7.43346386716263
3.45406746031746,0.354547736914049,0.371736266061859,0.282252703144807,7.43369240389302
3.45416666666667,0.354516490636617,0.371729341580326,0.282117751921426,7.43392090997188
3.45426587301587,0.354485247723534,0.371722407303256,0.281982865225213,7.43414938540665
3.45436507936508,0.35445400817718,0.371715463235293,0.281848043024425,7.43437783020479
3.45446428571429,0.354422771999941,0.371708509381077,0.281713285287331,7.43460624437375
3.45456349206349,0.354391539194207,0.371701545745243,0.281578591982213,7.43483462792097
3.4546626984127,0.354360309762372,0.371694572332422,0.281443963077368,7.43506298085388
3.4547619047619,0.354329083706834,0.371687589147242,0.281309398541105,7.43529130317993
3.45486111111111,0.354297861029993,0.371680596194325,0.281174898341747,7.43551959490652
3.45496031746032,0.354266641734257,0.37167359347829,0.281040462447629,7.4357478560411
3.45505952380952,0.354235425822034,0.371666581003753,0.280906090827105,7.43597608659106
3.45515873015873,0.354204213295739,0.371659558775325,0.280771783448535,7.43620428656384
3.45525793650794,0.354173004157789,0.371652526797612,0.280637540280298,7.43643245596683
3.45535714285714,0.354141798410605,0.371645485075218,0.280503361290783,7.43666059480745
3.45545634920635,0.354110596056614,0.37163843361274,0.280369246448395,7.43688870309308
3.45555555555556,0.354079397098245,0.371631372414775,0.28023519572155,7.43711678083113
3.45565476190476,0.354048201537932,0.371624301485911,0.280101209078681,7.43734482802898
3.45575396825397,0.354017009378112,0.371617220830736,0.279967286488231,7.43757284469401
3.45585317460317,0.353985820621227,0.371610130453833,0.279833427918657,7.43780083083361
3.45595238095238,0.353954635269722,0.371603030359779,0.279699633338432,7.43802878645516
3.45605158730159,0.353923453326048,0.37159592055315,0.279565902716041,7.43825671156601
3.45615079365079,0.353892274792658,0.371588801038515,0.279432236019981,7.43848460617354
3.45625,0.353861099672009,0.37158167182044,0.279298633218765,7.4387124702851
3.45634920634921,0.353829927966564,0.371574532903488,0.279165094280917,7.43894030390806
3.45644841269841,0.353798759678786,0.371567384292217,0.279031619174976,7.43916810704977
3.45654761904762,0.353767594811147,0.371560225991181,0.278898207869495,7.43939587971756
3.45664682539683,0.35373643336612,0.37155305800493,0.27876486033304,7.43962362191878
3.45674603174603,0.353705275346182,0.371545880338009,0.278631576534189,7.43985133366077
3.45684523809524,0.353674120753815,0.371538692994961,0.278498356441536,7.44007901495086
3.45694444444444,0.353642969591504,0.371531495980323,0.278365200023686,7.44030666579637
3.45704365079365,0.353611821861739,0.371524289298629,0.278232107249259,7.44053428620464
3.45714285714286,0.353580677567013,0.371517072954409,0.278099078086888,7.44076187618297
3.45724206349206,0.353549536709824,0.371509846952187,0.27796611250522,7.44098943573867
3.45734126984127,0.353518399292673,0.371502611296486,0.277833210472913,7.44121696487907
3.45744047619048,0.353487265318066,0.371495365991823,0.277700371958644,7.44144446361145
3.45753968253968,0.353456134788513,0.371488111042712,0.277567596931099,7.44167193194313
3.45763888888889,0.353425007706526,0.371480846453661,0.277434885358977,7.44189936988138
3.4577380952381,0.353393884074623,0.371473572229176,0.277302237210994,7.44212677743351
3.4578373015873,0.353362763895326,0.371466288373757,0.277169652455875,7.44235415460679
3.45793650793651,0.35333164717116,0.371458994891903,0.277037131062363,7.4425815014085
3.45803571428571,0.353300533904654,0.371451691788106,0.276904672999212,7.44280881784592
3.45813492063492,0.353269424098343,0.371444379066855,0.27677227823519,7.44303610392632
3.45823412698413,0.353238317754762,0.371437056732635,0.276639946739078,7.44326335965696
3.45833333333333,0.353207214876455,0.371429724789927,0.276507678479671,7.4434905850451
3.45843253968254,0.353176115465965,0.371422383243207,0.276375473425778,7.44371778009801
3.45853174603175,0.353145019525843,0.371415032096948,0.27624333154622,7.44394494482292
3.45863095238095,0.353113927058641,0.37140767135562,0.276111252809833,7.44417207922708
3.45873015873016,0.353082838066918,0.371400301023685,0.275979237185465,7.44439918331774
3.45882936507937,0.353051752553233,0.371392921105605,0.275847284641978,7.44462625710213
3.45892857142857,0.353020670520154,0.371385531605837,0.275715395148249,7.44485330058749
3.45902777777778,0.352989591970249,0.371378132528832,0.275583568673168,7.44508031378103
3.45912698412698,0.352958516906092,0.371370723879039,0.275451805185636,7.44530729668999
3.45922619047619,0.352927445330259,0.371363305660902,0.275320104654569,7.44553424932157
3.4593253968254,0.352896377245332,0.371355877878861,0.275188467048899,7.445761171683
3.4594246031746,0.352865312653896,0.371348440537353,0.275056892337566,7.44598806378147
3.45952380952381,0.352834251558541,0.371340993640809,0.274925380489529,7.4462149256242
3.45962301587302,0.35280319396186,0.371333537193657,0.274793931473757,7.44644175721837
3.45972222222222,0.35277213986645,0.371326071200322,0.274662545259235,7.44666855857119
3.45982142857143,0.352741089274913,0.371318595665222,0.274531221814959,7.44689532968983
3.45992063492063,0.352710042189853,0.371311110592774,0.27439996110994,7.44712207058149
3.46001984126984,0.352678998613879,0.37130361598739,0.274268763113201,7.44734878125335
3.46011904761905,0.352647958549606,0.371296111853477,0.274137627793781,7.44757546171257
3.46021825396825,0.35261692199965,0.371288598195438,0.274006555120731,7.44780211196633
3.46031746031746,0.352585888966632,0.371281075017674,0.273875545063113,7.44802873202179
3.46041666666667,0.352554859453178,0.371273542324579,0.273744597590009,7.44825532188611
3.46051587301587,0.352523833461917,0.371266000120545,0.273613712670508,7.44848188156644
3.46061507936508,0.352492810995482,0.371258448409959,0.273482890273715,7.44870841106995
3.46071428571429,0.35246179205651,0.371250887197204,0.273352130368749,7.44893491040376
3.46081349206349,0.352430776647642,0.37124331648666,0.273221432924742,7.44916137957502
3.4609126984127,0.352399764771523,0.371235736282702,0.273090797910838,7.44938781859087
3.46101190476191,0.352368756430804,0.3712281465897,0.272960225296198,7.44961422745845
3.46111111111111,0.352337751628135,0.371220547412022,0.272829715049994,7.44984060618486
3.46121031746032,0.352306750366176,0.371212938754031,0.27269926714141,7.45006695477724
3.46130952380952,0.352275752647586,0.371205320620084,0.272568881539647,7.45029327324271
3.46140873015873,0.352244758475031,0.371197693014538,0.272438558213918,7.45051956158837
3.46150793650794,0.352213767851181,0.371190055941743,0.272308297133448,7.45074581982133
3.46160714285714,0.352182780778707,0.371182409406045,0.272178098267478,7.4509720479487
3.46170634920635,0.352151797260288,0.371174753411786,0.27204796158526,7.45119824597757
3.46180555555556,0.352120817298603,0.371167087963307,0.271917887056061,7.45142441391503
3.46190476190476,0.352089840896339,0.37115941306494,0.271787874649163,7.45165055176818
3.46200396825397,0.352058868056185,0.371151728721016,0.271657924333857,7.4518766595441
3.46210317460317,0.352027898780832,0.371144034935862,0.271528036079452,7.45210273724985
3.46220238095238,0.351996933072979,0.3711363317138,0.271398209855269,7.45232878489253
3.46230158730159,0.351965970935326,0.371128619059147,0.27126844563064,7.45255480247919
3.46240079365079,0.351935012370579,0.371120896976218,0.271138743374914,7.45278079001691
3.4625,0.351904057381445,0.371113165469324,0.271009103057452,7.45300674751274
3.46259920634921,0.35187310597064,0.371105424542769,0.270879524647629,7.45323267497373
3.46269841269841,0.351842158140878,0.371097674200856,0.270750008114833,7.45345857240694
3.46279761904762,0.351811213894881,0.371089914447883,0.270620553428464,7.4536844398194
3.46289682539683,0.351780273235375,0.371082145288143,0.270491160557939,7.45391027721817
3.46299603174603,0.351749336165088,0.371074366725926,0.270361829472686,7.45413608461027
3.46309523809524,0.351718402686752,0.371066578765518,0.270232560142146,7.45436186200274
3.46319444444444,0.351687472803106,0.3710587814112,0.270103352535775,7.45458760940261
3.46329365079365,0.351656546516889,0.37105097466725,0.269974206623042,7.45481332681688
3.46339285714286,0.351625623830847,0.371043158537941,0.26984512237343,7.45503901425259
3.46349206349206,0.351594704747729,0.371035333027543,0.269716099756434,7.45526467171673
3.46359126984127,0.351563789270287,0.371027498140321,0.269587138741565,7.45549029921633
3.46369047619048,0.351532877401278,0.371019653880535,0.269458239298343,7.45571589675837
3.46378968253968,0.351501969143464,0.371011800252444,0.269329401396307,7.45594146434987
3.46388888888889,0.351471064499609,0.3710039372603,0.269200625005005,7.4561670019978
3.4639880952381,0.351440163472481,0.370996064908353,0.269071910094002,7.45639250970916
3.4640873015873,0.351409266064854,0.370988183200847,0.268943256632874,7.45661798749093
3.46418650793651,0.351378372279505,0.370980292142023,0.268814664591211,7.45684343535009
3.46428571428571,0.351347482119214,0.370972391736118,0.268686133938616,7.45706885329361
3.46438492063492,0.351316595586766,0.370964481987364,0.268557664644709,7.45729424132846
3.46448412698413,0.351285712684951,0.370956562899992,0.268429256679118,7.4575195994616
3.46458333333333,0.351254833416559,0.370948634478224,0.268300910011488,7.45774492769999
3.46468253968254,0.35122395778439,0.370940696726282,0.268172624611477,7.4579702260506
3.46478174603175,0.351193085791242,0.370932749648382,0.268044400448756,7.45819549452036
3.46488095238095,0.351162217439922,0.370924793248737,0.26791623749301,7.45842073311622
3.46498015873016,0.351131352733237,0.370916827531554,0.267788135713936,7.45864594184512
3.46507936507937,0.351100491674,0.370908852501039,0.267660095081247,7.458871120714
3.46517857142857,0.351069634265029,0.370900868161391,0.267532115564667,7.45909626972978
3.46527777777778,0.351038780509144,0.370892874516807,0.267404197133935,7.4593213888994
3.46537698412698,0.351007930409169,0.370884871571478,0.267276339758803,7.45954647822977
3.46547619047619,0.350977083967934,0.370876859329594,0.267148543409037,7.45977153772781
3.4655753968254,0.35094624118827,0.370868837795336,0.267020808054415,7.45999656740042
3.4656746031746,0.350915402073015,0.370860806972887,0.266893133664731,7.46022156725453
3.46577380952381,0.35088456662501,0.370852766866421,0.26676552020979,7.46044653729702
3.46587301587302,0.350853734847098,0.37084471748011,0.266637967659411,7.46067147753479
3.46597222222222,0.350822906742129,0.370836658818122,0.266510475983428,7.46089638797474
3.46607142857143,0.350792082312955,0.37082859088462,0.266383045151686,7.46112126862376
3.46617063492063,0.350761261562433,0.370820513683765,0.266255675134046,7.46134611948872
3.46626984126984,0.350730444493424,0.37081242721971,0.266128365900381,7.46157094057651
3.46636904761905,0.350699631108791,0.370804331496609,0.266001117420578,7.46179573189399
3.46646825396825,0.350668821411405,0.370796226518609,0.265873929664538,7.46202049344803
3.46656746031746,0.350638015404136,0.370788112289851,0.265746802602174,7.46224522524551
3.46666666666667,0.350607213089862,0.370779988814477,0.265619736203413,7.46246992729327
3.46676587301587,0.350576414471464,0.370771856096621,0.265492730438197,7.46269459959818
3.46686507936508,0.350545619551826,0.370763714140414,0.265365785276478,7.46291924216707
3.46696428571429,0.350514828333836,0.370755562949982,0.265238900688226,7.4631438550068
3.46706349206349,0.350484040820387,0.37074740252945,0.265112076643422,7.4633684381242
3.4671626984127,0.350453257014376,0.370739232882937,0.26498531311206,7.46359299152611
3.4672619047619,0.350422476918702,0.370731054014555,0.264858610064149,7.46381751521935
3.46736111111111,0.350391700536272,0.370722865928418,0.264731967469709,7.46404200921076
3.46746031746032,0.350360927869992,0.37071466862863,0.264605385298777,7.46426647350716
3.46755952380952,0.350330158922776,0.370706462119296,0.2644788635214,7.46449090811535
3.46765873015873,0.350299393697541,0.370698246404513,0.264352402107641,7.46471531304215
3.46775793650794,0.350268632197205,0.370690021488376,0.264226001027575,7.46493968829437
3.46785714285714,0.350237874424695,0.370681787374975,0.264099660251293,7.46516403387881
3.46795634920635,0.350207120382938,0.370673544068398,0.263973379748895,7.46538834980226
3.46805555555556,0.350176370074867,0.370665291572725,0.263847159490499,7.46561263607151
3.46815476190476,0.350145623503418,0.370657029892035,0.263720999446234,7.46583689269336
3.46825396825397,0.350114880671532,0.370648759030403,0.263594899586242,7.46606111967458
3.46835317460318,0.350084141582153,0.370640478991899,0.26346885988068,7.46628531702196
3.46845238095238,0.350053406238229,0.370632189780588,0.263342880299718,7.46650948474225
3.46855158730159,0.350022674642714,0.370623891400532,0.263216960813541,7.46673362284224
3.46865079365079,0.349991946798562,0.37061558385579,0.263091101392343,7.46695773132869
3.46875,0.349961222708736,0.370607267150415,0.262965302006337,7.46718181020834
3.46884920634921,0.349930502376198,0.370598941288458,0.262839562625745,7.46740585948797
3.46894841269841,0.349899785803918,0.370590606273963,0.262713883220806,7.46762987917431
3.46904761904762,0.349869072994868,0.370582262110972,0.26258826376177,7.4678538692741
3.46914682539682,0.349838363952024,0.370573908803523,0.262462704218901,7.4680778297941
3.46924603174603,0.349807658678366,0.37056554635565,0.262337204562476,7.46830176074103
3.46934523809524,0.349776957176879,0.370557174771381,0.262211764762789,7.46852566212162
3.46944444444444,0.34974625945055,0.370548794054743,0.262086384790142,7.4687495339426
3.46954365079365,0.349715565502374,0.370540404209756,0.261961064614856,7.46897337621068
3.46964285714286,0.349684875335344,0.370532005240438,0.26183580420726,7.46919718893259
3.46974206349206,0.349654188952463,0.370523597150802,0.261710603537701,7.46942097211503
3.46984126984127,0.349623506356734,0.370515179944857,0.261585462576537,7.4696447257647
3.46994047619048,0.349592827551165,0.370506753626608,0.26146038129414,7.46986844988832
3.47003968253968,0.349562152538769,0.370498318200056,0.261335359660896,7.47009214449257
3.47013888888889,0.349531481322561,0.370489873669198,0.261210397647205,7.47031580958415
3.4702380952381,0.349500813905563,0.370481420038027,0.261085495223478,7.47053944516973
3.4703373015873,0.349470150290798,0.370472957310531,0.260960652360142,7.47076305125602
3.47043650793651,0.349439490481295,0.370464485490695,0.260835869027636,7.47098662784967
3.47053571428571,0.349408834480085,0.3704560045825,0.260711145196414,7.47121017495737
3.47063492063492,0.349378182290205,0.370447514589923,0.260586480836942,7.47143369258578
3.47073412698413,0.349347533914696,0.370439015516935,0.260461875919699,7.47165718074156
3.47083333333333,0.3493168893566,0.370430507367506,0.26033733041518,7.47188063943137
3.47093253968254,0.349286248618967,0.370421990145599,0.260212844293892,7.47210406866187
3.47103174603175,0.349255611704849,0.370413463855176,0.260088417526355,7.4723274684397
3.47113095238095,0.349224978617301,0.370404928500191,0.259964050083103,7.47255083877151
3.47123015873016,0.349194349359384,0.370396384084598,0.259839741934683,7.47277417966393
3.47132936507937,0.349163723934162,0.370387830612345,0.259715493051656,7.4729974911236
3.47142857142857,0.349133102344704,0.370379268087375,0.259591303404597,7.47322077315715
3.47152777777778,0.34910248459408,0.370370696513628,0.259467172964094,7.4734440257712
3.47162698412698,0.349071870685367,0.370362115895041,0.259343101700747,7.47366724897237
3.47172619047619,0.349041260621646,0.370353526235546,0.259219089585173,7.47389044276728
3.4718253968254,0.349010654406001,0.370344927539069,0.259095136587999,7.47411360716253
3.4719246031746,0.348980052041519,0.370336319809535,0.258971242679866,7.47433674216474
3.47202380952381,0.348949453531292,0.370327703050863,0.25884740783143,7.4745598477805
3.47212301587302,0.348918858878417,0.370319077266969,0.258723632013361,7.47478292401641
3.47222222222222,0.348888268085993,0.370310442461765,0.258599915196338,7.47500597087906
3.47232142857143,0.348857681157126,0.370301798639157,0.258476257351061,7.47522898837503
3.47242063492063,0.348827098094921,0.37029314580305,0.258352658448236,7.47545197651091
3.47251984126984,0.348796518902493,0.370284483957342,0.258229118458588,7.47567493529327
3.47261904761905,0.348765943582956,0.370275813105929,0.258105637352851,7.47589786472868
3.47271825396825,0.348735372139431,0.370267133252702,0.257982215101775,7.47612076482372
3.47281746031746,0.348704804575041,0.370258444401548,0.257858851676124,7.47634363558494
3.47291666666667,0.348674240892915,0.37024974655635,0.257735547046675,7.47656647701891
3.47301587301587,0.348643681096184,0.370241039720987,0.257612301184217,7.47678928913217
3.47311507936508,0.348613125187985,0.370232323899333,0.257489114059554,7.47701207193126
3.47321428571429,0.348582573171457,0.370223599095261,0.257365985643503,7.47723482542275
3.47331349206349,0.348552025049745,0.370214865312636,0.257242915906895,7.47745754961316
3.4734126984127,0.348521480825996,0.370206122555322,0.257119904820573,7.47768024450902
3.4735119047619,0.348490940503362,0.370197370827176,0.256996952355396,7.47790291011687
3.47361111111111,0.348460404084999,0.370188610132054,0.256874058482233,7.47812554644324
3.47371031746032,0.348429871574067,0.370179840473805,0.256751223171969,7.47834815349463
3.47380952380952,0.34839934297373,0.370171061856277,0.256628446395503,7.47857073127756
3.47390873015873,0.348368818287155,0.370162274283312,0.256505728123746,7.47879327979855
3.47400793650794,0.348338297517515,0.370153477758748,0.256383068327623,7.47901579906409
3.47410714285714,0.348307780667986,0.370144672286419,0.256260466978072,7.47923828908069
3.47420634920635,0.348277267741746,0.370135857870156,0.256137924046045,7.47946074985485
3.47430555555556,0.348246758741981,0.370127034513784,0.256015439502507,7.47968318139305
3.47440476190476,0.348216253671878,0.370118202221126,0.255893013318437,7.47990558370178
3.47450396825397,0.348185752534628,0.370109360995999,0.255770645464828,7.48012795678752
3.47460317460317,0.348155255333428,0.370100510842218,0.255648335912686,7.48035030065675
3.47470238095238,0.348124762071477,0.370091651763592,0.255526084633029,7.48057261531593
3.47480158730159,0.348094272751979,0.370082783763927,0.25540389159689,7.48079490077154
3.47490079365079,0.348063787378142,0.370073906847025,0.255281756775315,7.48101715703004
3.475,0.348033305953178,0.370065021016684,0.255159680139365,7.48123938409788
3.47509920634921,0.348002828480302,0.370056126276696,0.255037661660113,7.48146158198151
3.47519841269841,0.347972354962734,0.370047222630852,0.254915701308643,7.4816837506874
3.47529761904762,0.347941885403698,0.370038310082937,0.254793799056059,7.48190589022196
3.47539682539683,0.347911419806421,0.370029388636733,0.254671954873472,7.48212800059165
3.47549603174603,0.347880958174136,0.370020458296015,0.254550168732011,7.4823500818029
3.47559523809524,0.347850500510077,0.370011519064559,0.254428440602815,7.48257213386213
3.47569444444444,0.347820046817486,0.370002570946133,0.254306770457039,7.48279415677578
3.47579365079365,0.347789597099604,0.369993613944502,0.254185158265849,7.48301615055025
3.47589285714286,0.347759151359681,0.369984648063427,0.254063604000428,7.48323811519196
3.47599206349206,0.347728709600967,0.369975673306665,0.25394210763197,7.48346005070733
3.47609126984127,0.347698271826719,0.36996668967797,0.253820669131683,7.48368195710275
3.47619047619048,0.347667838040196,0.369957697181089,0.253699288470788,7.48390383438462
3.47628968253968,0.347637408244661,0.369948695819768,0.253577965620521,7.48412568255935
3.47638888888889,0.347606982443382,0.369939685597748,0.253456700552129,7.48434750163332
3.47648809523809,0.347576560639632,0.369930666518764,0.253335493236874,7.48456929161291
3.4765873015873,0.347546142836685,0.36992163858655,0.253214343646033,7.48479105250451
3.47668650793651,0.347515728970459,0.369912601831181,0.253093251754049,7.48501278434085
3.47678571428571,0.347485318650282,0.369903556410299,0.252972217551587,7.4852344872822
3.47688492063492,0.347454911811972,0.369894502353592,0.252851241015415,7.48545616136079
3.47698412698413,0.34742450845465,0.369885439665967,0.25273032211944,7.48567780658408
3.47708333333333,0.347394108577439,0.369876368352332,0.252609460837578,7.4858994229595
3.47718253968254,0.347363712179464,0.369867288417589,0.252488657143751,7.48612101049451
3.47728174603175,0.347333319259849,0.369858199866642,0.252367911011892,7.48634256919653
3.47738095238095,0.347302929817721,0.36984910270439,0.252247222415943,7.48656409907301
3.47748015873016,0.347272543852207,0.369839996935731,0.252126591329851,7.48678560013138
3.47757936507937,0.347242161362437,0.369830882565563,0.252006017727575,7.48700707237907
3.47767857142857,0.347211782347539,0.369821759598779,0.251885501583078,7.48722851582352
3.47777777777778,0.347181406806645,0.369812628040271,0.251765042870335,7.48744993047214
3.47787698412698,0.347151034738887,0.36980348789493,0.251644641563328,7.48767131633236
3.47797619047619,0.347120666143399,0.369794339167644,0.251524297636048,7.48789267341162
3.4780753968254,0.347090301019314,0.369785181863299,0.251404011062493,7.48811400171731
3.4781746031746,0.347059939365769,0.36977601598678,0.25128378181667,7.48833530125687
3.47827380952381,0.3470295811819,0.369766841542969,0.251163609872595,7.48855657203771
3.47837301587302,0.346999226466846,0.369757658536746,0.251043495204291,7.48877781406723
3.47847222222222,0.346968875219746,0.369748466972989,0.250923437785791,7.48899902735286
3.47857142857143,0.346938527439739,0.369739266856576,0.250803437591134,7.48922021190199
3.47867063492063,0.346908183125968,0.36973005819238,0.25068349459437,7.48944136772203
3.47876984126984,0.346877842277575,0.369720840985274,0.250563608769555,7.48966249482039
3.47886904761905,0.346847504893704,0.369711615240129,0.250443780090755,7.48988359320446
3.47896825396825,0.346817170973501,0.369702380961811,0.250324008532043,7.49010466288164
3.47906746031746,0.34678684051611,0.369693138155189,0.250204294067502,7.49032570385933
3.47916666666667,0.34675651352068,0.369683886825127,0.250084636671221,7.49054671614491
3.47926587301587,0.34672618998636,0.369674626976486,0.2499650363173,7.49076769974579
3.47936507936508,0.346695869912298,0.369665358614128,0.249845492979845,7.49098865466934
3.47946428571429,0.346665553297646,0.369656081742911,0.249726006632971,7.49120958092296
3.47956349206349,0.346635240141555,0.369646796367691,0.249606577250802,7.49143047851402
3.4796626984127,0.34660493044318,0.369637502493324,0.24948720480747,7.4916513474499
3.4797619047619,0.346574624201673,0.369628200124661,0.249367889277115,7.49187218773799
3.47986111111111,0.346544321416192,0.369618889266553,0.249248630633886,7.49209299938566
3.47996031746032,0.346514022085892,0.369609569923848,0.24912942885194,7.49231378240027
3.48005952380952,0.346483726209931,0.369600242101394,0.249010283905441,7.49253453678921
3.48015873015873,0.346453433787469,0.369590905804034,0.248891195768564,7.49275526255984
3.48025793650794,0.346423144817665,0.369581561036612,0.248772164415489,7.49297595971953
3.48035714285714,0.346392859299682,0.369572207803968,0.248653189820408,7.49319662827563
3.48045634920635,0.346362577232681,0.36956284611094,0.248534271957519,7.49341726823551
3.48055555555556,0.346332298615826,0.369553475962366,0.248415410801029,7.49363787960653
3.48065476190476,0.346302023448282,0.36954409736308,0.248296606325152,7.49385846239604
3.48075396825397,0.346271751729215,0.369534710317914,0.248177858504113,7.49407901661139
3.48085317460317,0.346241483457793,0.369525314831699,0.248059167312142,7.49429954225995
3.48095238095238,0.346211218633183,0.369515910909264,0.247940532723481,7.49452003934904
3.48105158730159,0.346180957254556,0.369506498555436,0.247821954712377,7.49474050788603
3.48115079365079,0.346150699321081,0.369497077775039,0.247703433253086,7.49496094787826
3.48125,0.346120444831931,0.369487648572896,0.247584968319876,7.49518135933305
3.48134920634921,0.346090193786279,0.369478210953828,0.247466559887018,7.49540174225777
3.48144841269841,0.3460599461833,0.369468764922654,0.247348207928795,7.49562209665973
3.48154761904762,0.346029702022167,0.36945931048419,0.247229912419496,7.49584242254627
3.48164682539683,0.345999461302059,0.369449847643251,0.24711167333342,7.49606271992473
3.48174603174603,0.345969224022152,0.36944037640465,0.246993490644872,7.49628298880243
3.48184523809524,0.345938990181626,0.369430896773197,0.24687536432817,7.4965032291867
3.48194444444444,0.345908759779661,0.369421408753702,0.246757294357636,7.49672344108486
3.48204365079365,0.345878532815438,0.369411912350972,0.246639280707601,7.49694362450424
3.48214285714286,0.345848309288138,0.369402407569811,0.246521323352406,7.49716377945215
3.48224206349206,0.345818089196947,0.369392894415021,0.246403422266399,7.49738390593591
3.48234126984127,0.345787872541048,0.369383372891405,0.246285577423936,7.49760400396283
3.48244047619048,0.345757659319628,0.369373843003761,0.246167788799382,7.49782407354022
3.48253968253968,0.345727449531873,0.369364304756885,0.246050056367111,7.4980441146754
3.48263888888889,0.345697243176971,0.369354758155573,0.245932380101503,7.49826412737567
3.4827380952381,0.345667040254113,0.369345203204618,0.24581475997695,7.49848411164833
3.4828373015873,0.345636840762488,0.36933563990881,0.24569719596785,7.49870406750068
3.48293650793651,0.345606644701289,0.369326068272938,0.245579688048608,7.49892399494003
3.48303571428571,0.345576452069708,0.36931648830179,0.245462236193641,7.49914389397367
3.48313492063492,0.345546262866939,0.369306900000151,0.24534484037737,7.4993637646089
3.48323412698413,0.345516077092178,0.369297303372802,0.245227500574227,7.499583606853
3.48333333333333,0.34548589474462,0.369287698424527,0.245110216758653,7.49980342071327
3.48343253968254,0.345455715823465,0.369278085160102,0.244992988905096,7.50002320619699
3.48353174603175,0.345425540327909,0.369268463584306,0.244875816988011,7.50024296331144
3.48363095238095,0.345395368257154,0.369258833701914,0.244758700981865,7.50046269206392
3.48373015873016,0.345365199610399,0.369249195517698,0.24464164086113,7.50068239246169
3.48382936507937,0.345335034386848,0.36923954903643,0.244524636600287,7.50090206451204
3.48392857142857,0.345304872585704,0.369229894262879,0.244407688173826,7.50112170822224
3.48402777777778,0.345274714206172,0.369220231201811,0.244290795556246,7.50134132359956
3.48412698412698,0.345244559247456,0.369210559857993,0.244173958722052,7.50156091065127
3.48422619047619,0.345214407708764,0.369200880236186,0.24405717764576,7.50178046938464
3.4843253968254,0.345184259589305,0.369191192341153,0.243940452301893,7.50199999980693
3.4844246031746,0.345154114888287,0.369181496177652,0.243823782664982,7.50221950192541
3.48452380952381,0.345123973604921,0.369171791750441,0.243707168709566,7.50243897574733
3.48462301587302,0.345093835738418,0.369162079064274,0.243590610410195,7.50265842127995
3.48472222222222,0.34506370128799,0.369152358123905,0.243474107741423,7.50287783853054
3.48482142857143,0.345033570252853,0.369142628934086,0.243357660677816,7.50309722750632
3.48492063492063,0.345003442632221,0.369132891499564,0.243241269193948,7.50331658821457
3.48501984126984,0.344973318425311,0.369123145825089,0.243124933264399,7.50353592066253
3.48511904761905,0.344943197631339,0.369113391915404,0.243008652863758,7.50375522485743
3.48521825396825,0.344913080249524,0.369103629775253,0.242892427966625,7.50397450080653
3.48531746031746,0.344882966279086,0.369093859409377,0.242776258547605,7.50419374851707
3.48541666666667,0.344852855719246,0.369084080822516,0.242660144581313,7.50441296799627
3.48551587301587,0.344822748569227,0.369074294019407,0.242544086042371,7.50463215925138
3.48561507936508,0.34479264482825,0.369064499004786,0.242428082905411,7.50485132228963
3.48571428571429,0.344762544495541,0.369054695783384,0.242312135145073,7.50507045711825
3.48581349206349,0.344732447570325,0.369044884359935,0.242196242736005,7.50528956374447
3.4859126984127,0.34470235405183,0.369035064739167,0.242080405652862,7.5055086421755
3.4860119047619,0.344672263939282,0.369025236925808,0.241964623870311,7.50572769241859
3.48611111111111,0.344642177231912,0.369015400924582,0.241848897363022,7.50594671448093
3.48621031746032,0.344612093928948,0.369005556740214,0.241733226105677,7.50616570836977
3.48630952380952,0.344582014029623,0.368995704377425,0.241617610072967,7.5063846740923
3.48640873015873,0.34455193753317,0.368985843840934,0.241502049239589,7.50660361165574
3.48650793650794,0.344521864438822,0.368975975135458,0.241386543580249,7.5068225210673
3.48660714285714,0.344491794745813,0.368966098265714,0.241271093069662,7.50704140233419
3.48670634920635,0.344461728453381,0.368956213236414,0.24115569768255,7.50726025546362
3.48680555555556,0.344431665560762,0.36894632005227,0.241040357393645,7.50747908046279
3.48690476190476,0.344401606067195,0.368936418717992,0.240925072177686,7.5076978773389
3.48700396825397,0.344371549971919,0.368926509238286,0.24080984200942,7.50791664609914
3.48710317460317,0.344341497274175,0.368916591617859,0.240694666863604,7.50813538675072
3.48720238095238,0.344311447973205,0.368906665861414,0.240579546715004,7.50835409930082
3.48730158730159,0.344281402068253,0.368896731973653,0.24046448153839,7.50857278375664
3.48740079365079,0.344251359558562,0.368886789959275,0.240349471308545,7.50879144012537
3.4875,0.344221320443377,0.368876839822977,0.240234516000257,7.50901006841419
3.48759920634921,0.344191284721946,0.368866881569456,0.240119615588325,7.50922866863028
3.48769841269841,0.344161252393516,0.368856915203404,0.240004770047553,7.50944724078083
3.48779761904762,0.344131223457337,0.368846940729514,0.239889979352759,7.50966578487301
3.48789682539683,0.344101197912658,0.368836958152475,0.239775243478763,7.50988430091401
3.48799603174603,0.34407117575873,0.368826967476975,0.239660562400396,7.51010278891098
3.48809523809524,0.344041156994806,0.368816968707699,0.239545936092499,7.51032124887112
3.48819444444444,0.344011141620139,0.368806961849331,0.239431364529918,7.51053968080157
3.48829365079365,0.343981129633985,0.368796946906552,0.239316847687509,7.51075808470952
3.48839285714286,0.3439511210356,0.368786923884043,0.239202385540138,7.51097646060212
3.48849206349206,0.343921115824239,0.368776892786481,0.239087978062676,7.51119480848653
3.48859126984127,0.343891113999162,0.368766853618542,0.238973625230005,7.51141312836992
3.48869047619048,0.343861115559629,0.368756806384899,0.238859327017013,7.51163142025944
3.48878968253968,0.343831120504899,0.368746751090224,0.2387450833986,7.51184968416224
3.48888888888889,0.343801128834235,0.368736687739187,0.238630894349669,7.51206792008548
3.4889880952381,0.343771140546899,0.368726616336456,0.238516759845137,7.5122861280363
3.4890873015873,0.343741155642155,0.368716536886696,0.238402679859924,7.51250430802185
3.48918650793651,0.343711174119269,0.368706449394572,0.238288654368962,7.51272246004928
3.48928571428571,0.343681195977508,0.368696353864744,0.238174683347191,7.51294058412572
3.48938492063492,0.343651221216139,0.368686250301874,0.238060766769558,7.51315868025832
3.48948412698413,0.34362124983443,0.368676138710618,0.237946904611019,7.51337674845421
3.48958333333333,0.343591281831652,0.368666019095633,0.237833096846538,7.51359478872053
3.48968253968254,0.343561317207075,0.368655891461572,0.237719343451087,7.51381280106441
3.48978174603175,0.343531355959973,0.368645755813087,0.237605644399648,7.51403078549297
3.48988095238095,0.343501398089618,0.368635612154829,0.237491999667209,7.51424874201335
3.48998015873016,0.343471443595285,0.368625460491445,0.237378409228768,7.51446667063266
3.49007936507937,0.34344149247625,0.36861530082758,0.23726487305933,7.51468457135804
3.49017857142857,0.34341154473179,0.368605133167879,0.237151391133911,7.5149024441966
3.49027777777778,0.343381600361183,0.368594957516985,0.237037963427532,7.51512028915545
3.49037698412698,0.343351659363709,0.368584773879535,0.236924589915224,7.51533810624171
3.49047619047619,0.343321721738647,0.36857458226017,0.236811270572027,7.5155558954625
3.4905753968254,0.343291787485279,0.368564382663524,0.236698005372987,7.51577365682492
3.4906746031746,0.343261856602888,0.368554175094232,0.23658479429316,7.51599139033608
3.49077380952381,0.343231929090759,0.368543959556926,0.236471637307612,7.51620909600309
3.49087301587302,0.343202004948176,0.368533736056235,0.236358534391413,7.51642677383304
3.49097222222222,0.343172084174426,0.368523504596788,0.236245485519645,7.51664442383304
3.49107142857143,0.343142166768795,0.368513265183211,0.236132490667396,7.51686204601018
3.49117063492063,0.343112252730573,0.368503017820127,0.236019549809764,7.51707964037157
3.49126984126984,0.34308234205905,0.36849276251216,0.235906662921856,7.51729720692428
3.49136904761905,0.343052434753516,0.368482499263928,0.235793829978783,7.51751474567541
3.49146825396825,0.343022530813263,0.36847222808005,0.23568105095567,7.51773225663206
3.49156746031746,0.342992630237586,0.368461948965143,0.235568325827646,7.51794973980129
3.49166666666667,0.342962733025777,0.368451661923819,0.235455654569851,7.51816719519021
3.49176587301587,0.342932839177134,0.368441366960693,0.235343037157432,7.51838462280587
3.49186507936508,0.342902948690952,0.368431064080372,0.235230473565545,7.51860202265538
3.49196428571429,0.342873061566531,0.368420753287466,0.235117963769353,7.51881939474579
3.49206349206349,0.342843177803168,0.368410434586582,0.235005507744029,7.51903673908418
3.4921626984127,0.342813297400164,0.368400107982322,0.234893105464753,7.51925405567762
3.49226190476191,0.342783420356821,0.368389773479289,0.234780756906714,7.51947134453319
3.49236111111111,0.342753546672441,0.368379431082084,0.23466846204511,7.51968860565794
3.49246031746032,0.342723676346329,0.368369080795305,0.234556220855147,7.51990583905893
3.49255952380952,0.342693809377788,0.368358722623547,0.234444033312037,7.52012304474323
3.49265873015873,0.342663945766126,0.368348356571406,0.234331899391003,7.5203402227179
3.49275793650794,0.342634085510649,0.368337982643473,0.234219819067276,7.52055737298999
3.49285714285714,0.342604228610667,0.368327600844339,0.234107792316095,7.52077449556656
3.49295634920635,0.342574375065488,0.368317211178592,0.233995819112706,7.52099159045465
3.49305555555556,0.342544524874423,0.368306813650818,0.233883899432365,7.52120865766131
3.49315476190476,0.342514678036785,0.368296408265602,0.233772033250336,7.52142569719359
3.49325396825397,0.342484834551887,0.368285995027525,0.233660220541892,7.52164270905853
3.49335317460317,0.342454994419042,0.368275573941169,0.233548461282312,7.52185969326318
3.49345238095238,0.342425157637568,0.368265145011112,0.233436755446886,7.52207664981456
3.49355158730159,0.342395324206779,0.36825470824193,0.23332510301091,7.52229357871972
3.49365079365079,0.342365494125994,0.368244263638197,0.23321350394969,7.5225104799857
3.49375,0.342335667394532,0.368233811204486,0.23310195823854,7.52272735361951
3.49384920634921,0.342305844011713,0.368223350945367,0.232990465852782,7.52294419962819
3.49394841269841,0.342276023976859,0.368212882865409,0.232879026767745,7.52316101801876
3.49404761904762,0.342246207289291,0.368202406969177,0.23276764095877,7.52337780879826
3.49414682539683,0.342216393948334,0.368191923261238,0.232656308401203,7.52359457197369
3.49424603174603,0.342186583953313,0.368181431746152,0.232545029070399,7.52381130755208
3.49434523809524,0.342156777303552,0.368170932428481,0.232433802941723,7.52402801554044
3.49444444444444,0.342126973998381,0.368160425312783,0.232322629990545,7.52424469594579
3.49454365079365,0.342097174037126,0.368149910403614,0.232211510192246,7.52446134877514
3.49464285714286,0.342067377419117,0.368139387705529,0.232100443522216,7.52467797403549
3.49474206349206,0.342037584143686,0.368128857223081,0.23198942995585,7.52489457173386
3.49484126984127,0.342007794210163,0.368118318960819,0.231878469468555,7.52511114187725
3.49494047619048,0.341978007617883,0.368107772923294,0.231767562035744,7.52532768447265
3.49503968253968,0.341948224366178,0.36809721911505,0.231656707632839,7.52554419952708
3.49513888888889,0.341918444454385,0.368086657540633,0.23154590623527,7.52576068704751
3.4952380952381,0.341888667881839,0.368076088204586,0.231435157818476,7.52597714704096
3.4953373015873,0.341858894647879,0.368065511111449,0.231324462357904,7.5261935795144
3.49543650793651,0.341829124751844,0.36805492626576,0.231213819829008,7.52640998447483
3.49553571428571,0.341799358193073,0.368044333672056,0.231103230207254,7.52662636192924
3.49563492063492,0.341769594970907,0.368033733334872,0.230992693468111,7.5268427118846
3.49573412698413,0.34173983508469,0.368023125258741,0.230882209587062,7.5270590343479
3.49583333333333,0.341710078533763,0.368012509448193,0.230771778539593,7.52727532932613
3.49593253968254,0.341680325317473,0.368001885907757,0.230661400301203,7.52749159682624
3.49603174603175,0.341650575435165,0.367991254641959,0.230551074847395,7.52770783685524
3.49613095238095,0.341620828886186,0.367980615655325,0.230440802153684,7.52792404942007
3.49623015873016,0.341591085669883,0.367969968952376,0.230330582195592,7.52814023452771
3.49632936507937,0.341561345785608,0.367959314537635,0.230220414948649,7.52835639218513
3.49642857142857,0.341531609232709,0.367948652415619,0.230110300388393,7.5285725223993
3.49652777777778,0.341501876010539,0.367937982590845,0.230000238490371,7.52878862517717
3.49662698412698,0.34147214611845,0.367927305067828,0.229890229230138,7.5290047005257
3.49672619047619,0.341442419555797,0.367916619851082,0.229780272583257,7.52922074845186
3.4968253968254,0.341412696321935,0.367905926945115,0.229670368525301,7.52943676896259
3.4969246031746,0.34138297641622,0.367895226354439,0.229560517031849,7.52965276206484
3.49702380952381,0.341353259838009,0.367884518083559,0.229450718078491,7.52986872776558
3.49712301587302,0.341323546586662,0.367873802136979,0.229340971640821,7.53008466607174
3.49722222222222,0.341293836661538,0.367863078519204,0.229231277694447,7.53030057699027
3.49732142857143,0.341264130061998,0.367852347234734,0.22912163621498,7.53051646052811
3.49742063492063,0.341234426787404,0.367841608288068,0.229012047178043,7.5307323166922
3.49751984126984,0.34120472683712,0.367830861683702,0.228902510559265,7.53094814548948
3.49761904761905,0.34117503021051,0.367820107426132,0.228793026334286,7.53116394692688
3.49771825396825,0.34114533690694,0.36780934551985,0.228683594478751,7.53137972101134
3.49781746031746,0.341115646925777,0.367798575969348,0.228574214968316,7.53159546774979
3.49791666666667,0.341085960266389,0.367787798779114,0.228464887778645,7.53181118714914
3.49801587301587,0.341056276928144,0.367777013953636,0.228355612885408,7.53202687921634
3.49811507936508,0.341026596910414,0.367766221497398,0.228246390264284,7.5322425439583
3.49821428571429,0.34099692021257,0.367755421414884,0.228137219890965,7.53245818138194
3.49831349206349,0.340967246833984,0.367744613710573,0.228028101741145,7.53267379149418
3.4984126984127,0.340937576774031,0.367733798388947,0.22791903579053,7.53288937430193
3.4985119047619,0.340907910032086,0.36772297545448,0.227810022014832,7.5331049298121
3.49861111111111,0.340878246607524,0.367712144911649,0.227701060389774,7.53332045803162
3.49871031746032,0.340848586499723,0.367701306764927,0.227592150891085,7.53353595896737
3.49880952380952,0.340818929708062,0.367690461018784,0.227483293494503,7.53375143262628
3.49890873015873,0.34078927623192,0.36767960767769,0.227374488175775,7.53396687901524
3.49900793650794,0.340759626070678,0.367668746746111,0.227265734910656,7.53418229814116
3.49910714285714,0.340729979223718,0.367657878228514,0.227157033674909,7.53439769001092
3.49920634920635,0.340700335690424,0.367647002129361,0.227048384444305,7.53461305463143
3.49930555555556,0.34067069547018,0.367636118453112,0.226939787194626,7.53482839200958
3.49940476190476,0.34064105856237,0.367625227204228,0.226831241901657,7.53504370215226
3.49950396825397,0.340611424966383,0.367614328387166,0.226722748541197,7.53525898506636
3.49960317460318,0.340581794681606,0.36760342200638,0.226614307089049,7.53547424075876
3.49970238095238,0.340552167707428,0.367592508066324,0.226505917521028,7.53568946923635
3.49980158730159,0.340522544043239,0.367581586571449,0.226397579812954,7.53590467050601
3.49990079365079,0.34049292368843,0.367570657526204,0.226289293940657,7.53611984457461
3.5,0.340463306642395,0.367559720935037,0.226181059879975,7.53633499144904
3.50009920634921,0.340433692904526,0.367548776802392,0.226072877606756,7.53655011113616
3.50019841269841,0.340404082474219,0.367537825132713,0.225964747096853,7.53676520364284
3.50029761904762,0.34037447535087,0.367526865930442,0.225856668326129,7.53698026897597
3.50039682539682,0.340344871533876,0.367515899200017,0.225748641270456,7.53719530714239
3.50049603174603,0.340315271022635,0.367504924945876,0.225640665905713,7.53741031814897
3.50059523809524,0.340285673816547,0.367493943172455,0.22553274220779,7.53762530200258
3.50069444444444,0.340256079915012,0.367482953884185,0.225424870152582,7.53784025871007
3.50079365079365,0.340226489317433,0.3674719570855,0.225317049715993,7.53805518827831
3.50089285714286,0.340196902023213,0.367460952780828,0.225209280873937,7.53827009071413
3.50099206349206,0.340167318031755,0.367449940974596,0.225101563602335,7.5384849660244
3.50109126984127,0.340137737342465,0.36743892167123,0.224993897877116,7.53869981421597
3.50119047619048,0.34010815995475,0.367427894875153,0.22488628367422,7.53891463529567
3.50128968253968,0.340078585868018,0.367416860590787,0.224778720969592,7.53912942927035
3.50138888888889,0.340049015081677,0.367405818822552,0.224671209739186,7.53934419614686
3.5014880952381,0.340019447595137,0.367394769574863,0.224563749958965,7.53955893593204
3.5015873015873,0.33998988340781,0.367383712852138,0.224456341604902,7.53977364863271
3.50168650793651,0.339960322519108,0.367372648658789,0.224348984652975,7.53998833425572
3.50178571428571,0.339930764928445,0.367361576999228,0.224241679079172,7.54020299280789
3.50188492063492,0.339901210635235,0.367350497877865,0.22413442485949,7.54041762429606
3.50198412698413,0.339871659638894,0.367339411299106,0.224027221969932,7.54063222872704
3.50208333333333,0.339842111938839,0.367328317267358,0.223920070386513,7.54084680610768
3.50218253968254,0.339812567534489,0.367317215787023,0.223812970085253,7.54106135644478
3.50228174603175,0.339783026425263,0.367306106862504,0.223705921042181,7.54127587974516
3.50238095238095,0.339753488610581,0.367294990498201,0.223598923233337,7.54149037601565
3.50248015873016,0.339723954089865,0.367283866698509,0.223491976634765,7.54170484526305
3.50257936507937,0.339694422862539,0.367272735467826,0.223385081222519,7.54191928749419
3.50267857142857,0.339664894928025,0.367261596810544,0.223278236972664,7.54213370271586
3.50277777777778,0.339635370285751,0.367250450731056,0.223171443861271,7.54234809093488
3.50287698412698,0.33960584893514,0.367239297233751,0.223064701864418,7.54256245215804
3.50297619047619,0.339576330875623,0.367228136323016,0.222958010958193,7.54277678639216
3.5030753968254,0.339546816106626,0.367216968003238,0.222851371118693,7.54299109364402
3.5031746031746,0.339517304627581,0.367205792278799,0.222744782322022,7.54320537392044
3.50327380952381,0.339487796437917,0.367194609154082,0.222638244544293,7.5434196272282
3.50337301587302,0.339458291537069,0.367183418633466,0.222531757761626,7.54363385357409
3.50347222222222,0.339428789924467,0.367172220721329,0.222425321950151,7.54384805296491
3.50357142857143,0.339399291599548,0.367161015422047,0.222318937086007,7.54406222540744
3.50367063492063,0.339369796561748,0.367149802739993,0.222212603145339,7.54427637090846
3.50376984126984,0.339340304810502,0.367138582679539,0.2221063201043,7.54449048947476
3.50386904761905,0.339310816345249,0.367127355245055,0.222000087939055,7.54470458111312
3.50396825396825,0.339281331165429,0.367116120440908,0.221893906625774,7.54491864583032
3.50406746031746,0.339251849270481,0.367104878271465,0.221787776140636,7.54513268363313
3.50416666666667,0.339222370659848,0.367093628741089,0.221681696459829,7.54534669452832
3.50426587301587,0.339192895332972,0.367082371854142,0.22157566755955,7.54556067852266
3.50436507936508,0.339163423289297,0.367071107614983,0.221469689416001,7.54577463562293
3.50446428571429,0.339133954528268,0.367059836027971,0.221363762005397,7.54598856583588
3.50456349206349,0.339104489049332,0.367048557097462,0.221257885303958,7.54620246916827
3.5046626984127,0.339075026851935,0.367037270827809,0.221152059287913,7.54641634562688
3.5047619047619,0.339045567935526,0.367025977223364,0.221046283933499,7.54663019521845
3.50486111111111,0.339016112299556,0.367014676288477,0.220940559216963,7.54684401794974
3.50496031746032,0.338986659943475,0.367003368027496,0.220834885114559,7.54705781382751
3.50505952380952,0.338957210866735,0.366992052444766,0.22072926160255,7.5472715828585
3.50515873015873,0.338927765068789,0.366980729544633,0.220623688657206,7.54748532504946
3.50525793650794,0.338898322549092,0.366969399331437,0.220518166254807,7.54769904040714
3.50535714285714,0.3388688833071,0.366958061809519,0.220412694371639,7.54791272893828
3.50545634920635,0.338839447342269,0.366946716983216,0.220307272984,7.54812639064962
3.50555555555556,0.338810014654056,0.366935364856864,0.220201902068193,7.54834002554791
3.50565476190476,0.338780585241923,0.366924005434799,0.220096581600531,7.54855363363986
3.50575396825397,0.338751159105327,0.366912638721351,0.219991311557334,7.54876721493222
3.50585317460317,0.338721736243732,0.36690126472085,0.219886091914932,7.54898076943172
3.50595238095238,0.338692316656599,0.366889883437625,0.219780922649662,7.54919429714508
3.50605158730159,0.338662900343392,0.366878494876001,0.21967580373787,7.54940779807904
3.50615079365079,0.338633487303577,0.366867099040304,0.21957073515591,7.54962127224031
3.50625,0.338604077536619,0.366855695934853,0.219465716880145,7.54983471963562
3.50634920634921,0.338574671041985,0.366844285563971,0.219360748886945,7.55004814027168
3.50644841269841,0.338545267819145,0.366832867931975,0.219255831152688,7.55026153415521
3.50654761904762,0.338515867867567,0.36682144304318,0.219150963653764,7.55047490129293
3.50664682539683,0.338486471186722,0.366810010901902,0.219046146366568,7.55068824169154
3.50674603174603,0.338457077776083,0.366798571512452,0.218941379267503,7.55090155535775
3.50684523809524,0.338427687635123,0.36678712487914,0.218836662332982,7.55111484229827
3.50694444444444,0.338398300763315,0.366775671006275,0.218731995539426,7.5513281025198
3.50704365079365,0.338368917160135,0.366764209898162,0.218627378863262,7.55154133602904
3.50714285714286,0.33833953682506,0.366752741559106,0.218522812280931,7.5517545428327
3.50724206349206,0.338310159757568,0.36674126599341,0.218418295768876,7.55196772293746
3.50734126984127,0.338280785957137,0.366729783205373,0.218313829303551,7.55218087635003
3.50744047619048,0.338251415423248,0.366718293199293,0.21820941286142,7.55239400307709
3.50753968253968,0.338222048155382,0.366706795979467,0.218105046418952,7.55260710312533
3.50763888888889,0.338192684153021,0.366695291550189,0.218000729952627,7.55282017650144
3.50773809523809,0.338163323415649,0.366683779915751,0.217896463438932,7.55303322321209
3.5078373015873,0.338133965942751,0.366672261080444,0.217792246854362,7.55324624326399
3.50793650793651,0.338104611733813,0.366660735048556,0.217688080175421,7.55345923666379
3.50803571428571,0.338075260788321,0.366649201824373,0.217583963378622,7.55367220341819
3.50813492063492,0.338045913105765,0.366637661412179,0.217479896440486,7.55388514353384
3.50823412698413,0.338016568685633,0.366626113816257,0.21737587933754,7.55409805701743
3.50833333333333,0.337987227527417,0.366614559040887,0.217271912046323,7.55431094387562
3.50843253968254,0.337957889630607,0.366602997090348,0.21716799454338,7.55452380411509
3.50853174603175,0.337928554994697,0.366591427968916,0.217064126805264,7.55473663774248
3.50863095238095,0.337899223619182,0.366579851680864,0.216960308808539,7.55494944476448
3.50873015873016,0.337869895503555,0.366568268230467,0.216856540529774,7.55516222518772
3.50882936507937,0.337840570647315,0.366556677621993,0.216752821945548,7.55537497901888
3.50892857142857,0.337811249049958,0.366545079859712,0.216649153032449,7.55558770626461
3.50902777777778,0.337781930710984,0.36653347494789,0.216545533767072,7.55580040693155
3.50912698412698,0.337752615629891,0.366521862890791,0.216441964126021,7.55601308102636
3.50922619047619,0.337723303806182,0.366510243692678,0.216338444085907,7.55622572855568
3.5093253968254,0.337693995239359,0.366498617357811,0.216234973623352,7.55643834952616
3.5094246031746,0.337664689928924,0.366486983890449,0.216131552714984,7.55665094394444
3.50952380952381,0.337635387874383,0.366475343294849,0.21602818133744,7.55686351181717
3.50962301587302,0.337606089075242,0.366463695575264,0.215924859467366,7.55707605315096
3.50972222222222,0.337576793531008,0.366452040735947,0.215821587081415,7.55728856795248
3.50982142857143,0.337547501241188,0.366440378781149,0.21571836415625,7.55750105622833
3.50992063492063,0.337518212205292,0.366428709715119,0.21561519066854,7.55771351798516
3.51001984126984,0.33748892642283,0.366417033542103,0.215512066594965,7.55792595322959
3.51011904761905,0.337459643893315,0.366405350266345,0.215408991912211,7.55813836196824
3.51021825396825,0.337430364616258,0.366393659892088,0.215305966596975,7.55835074420775
3.51031746031746,0.337401088591174,0.366381962423573,0.215202990625959,7.55856309995472
3.51041666666667,0.337371815817578,0.366370257865039,0.215100063975876,7.55877542921577
3.51051587301587,0.337342546294987,0.366358546220721,0.214997186623446,7.55898773199753
3.51061507936508,0.337313280022917,0.366346827494856,0.214894358545397,7.5592000083066
3.51071428571429,0.337284017000888,0.366335101691674,0.214791579718467,7.55941225814959
3.51081349206349,0.337254757228419,0.366323368815408,0.214688850119401,7.55962448153311
3.5109126984127,0.33722550070503,0.366311628870285,0.214586169724952,7.55983667846377
3.5110119047619,0.337196247430246,0.366299881860532,0.214483538511882,7.56004884894816
3.51111111111111,0.337166997403588,0.366288127790375,0.214380956456963,7.5602609929929
3.51121031746032,0.337137750624581,0.366276366664036,0.214278423536972,7.56047311060457
3.51130952380952,0.337108507092751,0.366264598485735,0.214175939728696,7.56068520178976
3.51140873015873,0.337079266807625,0.366252823259691,0.21407350500893,7.56089726655509
3.51150793650794,0.337050029768729,0.366241040990121,0.213971119354477,7.56110930490713
3.51160714285714,0.337020795975595,0.366229251681241,0.213868782742151,7.56132131685247
3.51170634920635,0.336991565427752,0.366217455337262,0.213766495148772,7.56153330239769
3.51180555555556,0.336962338124732,0.366205651962395,0.213664256551166,7.56174526154939
3.51190476190476,0.336933114066067,0.36619384156085,0.213562066926173,7.56195719431414
3.51200396825397,0.33690389325129,0.366182024136833,0.213459926250635,7.56216910069852
3.51210317460317,0.336874675679938,0.366170199694549,0.213357834501408,7.5623809807091
3.51220238095238,0.336845461351546,0.3661583682382,0.213255791655353,7.56259283435246
3.51230158730159,0.336816250265651,0.366146529771989,0.21315379768934,7.56280466163517
3.51240079365079,0.336787042421793,0.366134684300112,0.213051852580246,7.56301646256379
3.5125,0.33675783781951,0.366122831826769,0.212949956304961,7.5632282371449
3.51259920634921,0.336728636458343,0.366110972356153,0.212848108840378,7.56343998538505
3.51269841269841,0.336699438337835,0.366099105892457,0.2127463101634,7.56365170729081
3.51279761904762,0.336670243457529,0.366087232439872,0.212644560250941,7.56386340286873
3.51289682539683,0.336641051816968,0.366075352002588,0.212542859079919,7.56407507212537
3.51299603174603,0.336611863415699,0.36606346458479,0.212441206627262,7.56428671506729
3.51309523809524,0.336582678253268,0.366051570190665,0.212339602869909,7.56449833170103
3.51319444444444,0.336553496329224,0.366039668824395,0.212238047784804,7.56470992203314
3.51329365079365,0.336524317643114,0.366027760490161,0.212136541348899,7.56492148607017
3.51339285714286,0.336495142194489,0.366015845192142,0.212035083539158,7.56513302381867
3.51349206349206,0.336465969982901,0.366003922934516,0.21193367433255,7.56534453528517
3.51359126984127,0.336436801007901,0.365991993721456,0.211832313706052,7.56555602047621
3.51369047619048,0.336407635269045,0.365980057557137,0.211731001636653,7.56576747939833
3.51378968253968,0.336378472765885,0.36596811444573,0.211629738101346,7.56597891205807
3.51388888888889,0.336349313497979,0.365956164391403,0.211528523077135,7.56619031846195
3.5139880952381,0.336320157464884,0.365944207398323,0.211427356541033,7.5664016986165
3.5140873015873,0.336291004666158,0.365932243470656,0.211326238470058,7.56661305252824
3.51418650793651,0.336261855101361,0.365920272612565,0.211225168841239,7.56682438020372
3.51428571428571,0.336232708770052,0.36590829482821,0.211124147631613,7.56703568164943
3.51438492063492,0.336203565671795,0.365896310121752,0.211023174818225,7.56724695687191
3.51448412698413,0.336174425806151,0.365884318497347,0.210922250378126,7.56745820587767
3.51458333333333,0.336145289172686,0.36587231995915,0.21082137428838,7.56766942867322
3.51468253968254,0.336116155770965,0.365860314511315,0.210720546526057,7.56788062526508
3.51478174603175,0.336087025600553,0.365848302157993,0.210619767068234,7.56809179565975
3.51488095238095,0.33605789866102,0.365836282903333,0.210519035891999,7.56830293986374
3.51498015873016,0.336028774951933,0.365824256751482,0.210418352974445,7.56851405788356
3.51507936507937,0.335999654472862,0.365812223706586,0.210317718292675,7.5687251497257
3.51517857142857,0.335970537223379,0.365800183772787,0.210217131823803,7.56893621539668
3.51527777777778,0.335941423203057,0.365788136954227,0.210116593544947,7.56914725490297
3.51537698412698,0.335912312411468,0.365776083255046,0.210016103433234,7.56935826825108
3.51547619047619,0.335883204848187,0.36576402267938,0.209915661465804,7.5695692554475
3.5155753968254,0.335854100512791,0.365751955231365,0.209815267619799,7.56978021649872
3.5156746031746,0.335824999404856,0.365739880915134,0.209714921872373,7.56999115141123
3.51577380952381,0.335795901523961,0.365727799734819,0.209614624200687,7.5702020601915
3.51587301587302,0.335766806869684,0.365715711694549,0.209514374581911,7.57041294284603
3.51597222222222,0.335737715441606,0.365703616798451,0.209414172993223,7.57062379938129
3.51607142857143,0.33570862723931,0.36569151505065,0.20931401941181,7.57083462980376
3.51617063492063,0.335679542262377,0.365679406455271,0.209213913814866,7.57104543411991
3.51626984126984,0.335650460510392,0.365667291016434,0.209113856179595,7.57125621233622
3.51636904761905,0.335621381982941,0.365655168738259,0.209013846483207,7.57146696445915
3.51646825396825,0.335592306679609,0.365643039624863,0.208913884702923,7.57167769049517
3.51656746031746,0.335563234599984,0.365630903680362,0.20881397081597,7.57188839045076
3.51666666666667,0.335534165743654,0.365618760908869,0.208714104799585,7.57209906433236
3.51676587301587,0.33550510011021,0.365606611314496,0.208614286631013,7.57230971214644
3.51686507936508,0.335476037699243,0.365594454901352,0.208514516287505,7.57252033389946
3.51696428571429,0.335446978510344,0.365582291673545,0.208414793746325,7.57273092959788
3.51706349206349,0.335417922543108,0.365570121635179,0.208315118984741,7.57294149924813
3.5171626984127,0.335388869797128,0.365557944790359,0.208215491980032,7.57315204285669
3.5172619047619,0.335359820272001,0.365545761143187,0.208115912709483,7.57336256042998
3.51736111111111,0.335330773967323,0.365533570697761,0.208016381150389,7.57357305197446
3.51746031746032,0.335301730882692,0.365521373458179,0.207916897280053,7.57378351749658
3.51755952380952,0.335272691017707,0.365509169428538,0.207817461075787,7.57399395700276
3.51765873015873,0.33524365437197,0.36549695861293,0.207718072514911,7.57420437049945
3.51775793650794,0.335214620945081,0.365484741015446,0.207618731574751,7.57441475799309
3.51785714285714,0.335185590736643,0.365472516640178,0.207519438232644,7.5746251194901
3.51795634920635,0.33515656374626,0.365460285491212,0.207420192465935,7.57483545499691
3.51805555555556,0.335127539973538,0.365448047572633,0.207320994251976,7.57504576451997
3.51815476190476,0.335098519418081,0.365435802888527,0.207221843568129,7.57525604806568
3.51825396825397,0.335069502079498,0.365423551442973,0.207122740391764,7.57546630564047
3.51835317460317,0.335040487957397,0.365411293240053,0.207023684700257,7.57567653725077
3.51845238095238,0.335011477051388,0.365399028283843,0.206924676470995,7.57588674290299
3.51855158730159,0.334982469361082,0.365386756578419,0.206825715681374,7.57609692260355
3.51865079365079,0.334953464886091,0.365374478127856,0.206726802308795,7.57630707635886
3.51875,0.334924463626028,0.365362192936224,0.206627936330669,7.57651720417533
3.51884920634921,0.334895465580507,0.365349901007594,0.206529117724417,7.57672730605937
3.51894841269841,0.334866470749144,0.365337602346033,0.206430346467465,7.57693738201738
3.51904761904762,0.334837479131556,0.365325296955607,0.206331622537251,7.57714743205577
3.51914682539683,0.334808490727361,0.36531298484038,0.206232945911218,7.57735745618094
3.51924603174603,0.334779505536177,0.365300666004413,0.206134316566819,7.57756745439929
3.51934523809524,0.334750523557625,0.365288340451767,0.206035734481515,7.57777742671721
3.51944444444444,0.334721544791326,0.365276008186499,0.205937199632776,7.5779873731411
3.51954365079365,0.334692569236903,0.365263669212666,0.205838711998079,7.57819729367734
3.51964285714286,0.33466359689398,0.36525132353432,0.205740271554911,7.57840718833234
3.51974206349206,0.334634627762181,0.365238971155515,0.205641878280765,7.57861705711246
3.51984126984127,0.334605661841132,0.365226612080298,0.205543532153144,7.5788269000241
3.51994047619048,0.334576699130462,0.36521424631272,0.20544523314956,7.57903671707364
3.52003968253968,0.334547739629797,0.365201873856825,0.205346981247532,7.57924650826745
3.52013888888889,0.334518783338768,0.365189494716657,0.205248776424587,7.57945627361192
3.5202380952381,0.334489830257006,0.365177108896259,0.205150618658261,7.57966601311341
3.5203373015873,0.334460880384141,0.36516471639967,0.205052507926099,7.5798757267783
3.52043650793651,0.334431933719808,0.365152317230929,0.204954444205652,7.58008541461296
3.52053571428571,0.334402990263641,0.36513991139407,0.204856427474484,7.58029507662374
3.52063492063492,0.334374050015275,0.365127498893129,0.204758457710161,7.58050471281703
3.52073412698413,0.334345112974346,0.365115079732137,0.204660534890263,7.58071432319917
3.52083333333333,0.334316179140493,0.365102653915124,0.204562658992375,7.58092390777652
3.52093253968254,0.334287248513354,0.365090221446119,0.20446482999409,7.58113346655546
3.52103174603175,0.334258321092569,0.365077782329147,0.204367047873013,7.58134299954231
3.52113095238095,0.33422939687778,0.365065336568232,0.204269312606753,7.58155250674345
3.52123015873016,0.334200475868628,0.365052884167396,0.20417162417293,7.58176198816522
3.52132936507937,0.334171558064758,0.36504042513066,0.20407398254917,7.58197144381396
3.52142857142857,0.334142643465814,0.365027959462042,0.203976387713112,7.58218087369602
3.52152777777778,0.334113732071443,0.365015487165557,0.203878839642397,7.58239027781774
3.52162698412698,0.33408482388129,0.36500300824522,0.203781338314679,7.58259965618546
3.52172619047619,0.334055918895006,0.364990522705043,0.203683883707619,7.58280900880552
3.5218253968254,0.334027017112238,0.364978030549036,0.203586475798886,7.58301833568424
3.5219246031746,0.333998118532637,0.364965531781207,0.203489114566156,7.58322763682798
3.52202380952381,0.333969223155856,0.364953026405562,0.203391799987117,7.58343691224304
3.52212301587302,0.333940330981546,0.364940514426107,0.203294532039462,7.58364616193577
3.52222222222222,0.333911442009363,0.364927995846841,0.203197310700894,7.58385538591248
3.52232142857143,0.333882556238962,0.364915470671767,0.203100135949123,7.58406458417949
3.52242063492063,0.333853673669998,0.364902938904882,0.203003007761868,7.58427375674313
3.52251984126984,0.33382479430213,0.364890400550183,0.202905926116857,7.58448290360972
3.52261904761905,0.333795918135016,0.364877855611663,0.202808890991825,7.58469202478556
3.52271825396825,0.333767045168316,0.364865304093315,0.202711902364517,7.58490112027697
3.52281746031746,0.333738175401691,0.364852745999129,0.202614960212685,7.58511019009027
3.52291666666667,0.333709308834804,0.364840181333094,0.202518064514089,7.58531923423175
3.52301587301587,0.333680445467318,0.364827610099196,0.202421215246499,7.58552825270772
3.52311507936508,0.333651585298897,0.364815032301418,0.202324412387692,7.58573724552448
3.52321428571429,0.333622728329207,0.364802447943745,0.202227655915453,7.58594621268835
3.52331349206349,0.333593874557916,0.364789857030154,0.202130945807577,7.5861551542056
3.5234126984127,0.33356502398469,0.364777259564626,0.202034282041866,7.58636407008254
3.52351190476191,0.333536176609201,0.364764655551137,0.20193766459613,7.58657296032546
3.52361111111111,0.333507332431117,0.364752044993661,0.201841093448189,7.58678182494065
3.52371031746032,0.333478491450111,0.364739427896169,0.201744568575869,7.58699066393439
3.52380952380952,0.333449653665855,0.364726804262634,0.201648089957007,7.58719947731298
3.52390873015873,0.333420819078023,0.364714174097023,0.201551657569446,7.58740826508269
3.52400793650794,0.333391987686291,0.364701537403302,0.201455271391038,7.58761702724981
3.52410714285714,0.333363159490334,0.364688894185436,0.201358931399645,7.58782576382061
3.52420634920635,0.33333433448983,0.364676244447387,0.201262637573134,7.58803447480137
3.52430555555556,0.333305512684458,0.364663588193117,0.201166389889383,7.58824316019836
3.52440476190476,0.333276694073897,0.364650925426583,0.201070188326278,7.58845182001786
3.52450396825397,0.333247878657829,0.364638256151742,0.200974032861713,7.58866045426612
3.52460317460317,0.333219066435935,0.364625580372548,0.200877923473589,7.58886906294942
3.52470238095238,0.333190257407899,0.364612898092954,0.200781860139818,7.58907764607401
3.52480158730159,0.333161451573404,0.364600209316911,0.200685842838317,7.58928620364617
3.52490079365079,0.333132648932138,0.364587514048367,0.200589871547015,7.58949473567214
3.525,0.333103849483786,0.364574812291268,0.200493946243846,7.58970324215818
3.52509920634921,0.333075053228037,0.36456210404956,0.200398066906755,7.58991172311055
3.52519841269841,0.333046260164579,0.364549389327184,0.200302233513693,7.5901201785355
3.52529761904762,0.333017470293103,0.364536668128082,0.200206446042621,7.59032860843927
3.52539682539683,0.3329886836133,0.364523940456192,0.200110704471508,7.59053701282811
3.52549603174603,0.332959900124863,0.364511206315451,0.200015008778331,7.59074539170826
3.52559523809524,0.332931119827486,0.364498465709792,0.199919358941075,7.59095374508597
3.52569444444444,0.332902342720864,0.36448571864315,0.199823754937734,7.59116207296747
3.52579365079365,0.332873568804692,0.364472965119455,0.199728196746309,7.591370375359
3.52589285714286,0.332844798078668,0.364460205142634,0.199632684344813,7.59157865226679
3.52599206349206,0.332816030542491,0.364447438716616,0.199537217711262,7.59178690369708
3.52609126984127,0.33278726619586,0.364434665845325,0.199441796823685,7.59199512965609
3.52619047619048,0.332758505038476,0.364421886532682,0.199346421660116,7.59220333015004
3.52628968253968,0.33272974707004,0.364409100782611,0.199251092198599,7.59241150518517
3.52638888888889,0.332700992290256,0.364396308599028,0.199155808417185,7.5926196547677
3.5264880952381,0.332672240698829,0.36438350998585,0.199060570293937,7.59282777890383
3.5265873015873,0.332643492295464,0.364370704946994,0.198965377806922,7.59303587759979
3.52668650793651,0.332614747079866,0.36435789348637,0.198870230934216,7.59324395086179
3.52678571428571,0.332586005051745,0.364345075607891,0.198775129653906,7.59345199869605
3.52688492063492,0.332557266210809,0.364332251315464,0.198680073944085,7.59366002110876
3.52698412698413,0.332528530556768,0.364319420612997,0.198585063782855,7.59386801810615
3.52708333333333,0.332499798089334,0.364306583504395,0.198490099148326,7.59407598969441
3.52718253968254,0.332471068808218,0.364293739993561,0.198395180018616,7.59428393587974
3.52728174603175,0.332442342713135,0.364280890084394,0.198300306371852,7.59449185666835
3.52738095238095,0.332413619803799,0.364268033780795,0.198205478186171,7.59469975206642
3.52748015873016,0.332384900079927,0.36425517108666,0.198110695439715,7.59490762208016
3.52757936507937,0.332356183541235,0.364242302005884,0.198015958110637,7.59511546671575
3.52767857142857,0.332327470187442,0.364229426542359,0.197921266177095,7.59532328597939
3.52777777777778,0.332298760018267,0.364216544699978,0.19782661961726,7.59553107987726
3.52787698412698,0.332270053033431,0.364203656482628,0.197732018409306,7.59573884841554
3.52797619047619,0.332241349232656,0.364190761894198,0.197637462531421,7.59594659160043
3.5280753968254,0.332212648615664,0.36417786093857,0.197542951961798,7.59615430943808
3.5281746031746,0.33218395118218,0.36416495361963,0.197448486678637,7.59636200193469
3.52827380952381,0.332155256931929,0.364152039941258,0.19735406666015,7.59656966909643
3.52837301587302,0.332126565864638,0.364139119907332,0.197259691884555,7.59677731092947
3.52847222222222,0.332097877980033,0.36412619352173,0.197165362330078,7.59698492743998
3.52857142857143,0.332069193277845,0.364113260788327,0.197071077974954,7.59719251863413
3.52867063492063,0.332040511757803,0.364100321710995,0.196976838797428,7.59740008451807
3.52876984126984,0.332011833419637,0.364087376293607,0.19688264477575,7.59760762509798
3.52886904761905,0.331983158263081,0.364074424540031,0.196788495888181,7.59781514038001
3.52896825396825,0.331954486287868,0.364061466454134,0.196694392112989,7.59802263037033
3.52906746031746,0.331925817493733,0.364048502039781,0.196600333428452,7.59823009507507
3.52916666666667,0.331897151880411,0.364035531300835,0.196506319812853,7.5984375345004
3.52926587301587,0.331868489447639,0.364022554241158,0.196412351244486,7.59864494865247
3.52936507936508,0.331839830195155,0.364009570864609,0.196318427701653,7.59885233753743
3.52946428571429,0.3318111741227,0.363996581175044,0.196224549162665,7.59905970116141
3.52956349206349,0.331782521230012,0.36398358517632,0.196130715605838,7.59926703953057
3.5296626984127,0.331753871516835,0.363970582872289,0.196036927009501,7.59947435265103
3.5297619047619,0.33172522498291,0.363957574266802,0.195943183351987,7.59968164052895
3.52986111111111,0.331696581627982,0.363944559363708,0.195849484611641,7.59988890317045
3.52996031746032,0.331667941451795,0.363931538166856,0.195755830766814,7.60009614058166
3.53005952380952,0.331639304454097,0.363918510680089,0.195662221795865,7.60030335276873
3.53015873015873,0.331610670634635,0.363905476907252,0.195568657677163,7.60051053973776
3.53025793650794,0.331582039993157,0.363892436852185,0.195475138389085,7.6007177014949
3.53035714285714,0.331553412529413,0.363879390518729,0.195381663910015,7.60092483804626
3.53045634920635,0.331524788243154,0.363866337910719,0.195288234218347,7.60113194939796
3.53055555555556,0.331496167134132,0.363853279031992,0.195194849292483,7.60133903555612
3.53065476190476,0.331467549202101,0.363840213886381,0.195101509110831,7.60154609652686
3.53075396825397,0.331438934446815,0.363827142477717,0.195008213651811,7.60175313231629
3.53085317460318,0.33141032286803,0.363814064809829,0.194914962893848,7.60196014293052
3.53095238095238,0.331381714465503,0.363800980886546,0.194821756815379,7.60216712837565
3.53105158730159,0.331353109238991,0.363787890711691,0.194728595394845,7.60237408865779
3.53115079365079,0.331324507188253,0.363774794289089,0.194635478610699,7.60258102378306
3.53125,0.331295908313051,0.363761691622561,0.1945424064414,7.60278793375753
3.53134920634921,0.331267312613146,0.363748582715927,0.194449378865416,7.60299481858733
3.53144841269841,0.331238720088299,0.363735467573003,0.194356395861224,7.60320167827853
3.53154761904762,0.331210130738276,0.363722346197606,0.194263457407309,7.60340851283723
3.53164682539682,0.331181544562841,0.363709218593548,0.194170563482163,7.60361532226953
3.53174603174603,0.33115296156176,0.363696084764641,0.194077714064288,7.60382210658152
3.53184523809524,0.3311243817348,0.363682944714696,0.193984909132194,7.60402886577927
3.53194444444444,0.331095805081731,0.363669798447518,0.193892148664399,7.60423559986887
3.53204365079365,0.331067231602322,0.363656645966914,0.19379943263943,7.60444230885641
3.53214285714286,0.331038661296343,0.363643487276687,0.19370676103582,7.60464899274795
3.53224206349206,0.331010094163566,0.36363032238064,0.193614133832114,7.60485565154958
3.53234126984127,0.330981530203766,0.36361715128257,0.193521551006861,7.60506228526738
3.53244047619048,0.330952969416715,0.363603973986276,0.193429012538623,7.6052688939074
3.53253968253968,0.33092441180219,0.363590790495554,0.193336518405967,7.60547547747573
3.53263888888889,0.330895857359968,0.363577600814196,0.19324406858747,7.60568203597842
3.5327380952381,0.330867306089825,0.363564404945995,0.193151663061716,7.60588856942154
3.5328373015873,0.330838757991542,0.363551202894741,0.193059301807298,7.60609507781115
3.53293650793651,0.330810213064898,0.36353799466422,0.192966984802817,7.60630156115332
3.53303571428571,0.330781671309675,0.363524780258219,0.192874712026883,7.60650801945408
3.53313492063492,0.330753132725654,0.363511559680521,0.192782483458114,7.60671445271951
3.53323412698413,0.330724597312621,0.363498332934907,0.192690299075136,7.60692086095565
3.53333333333333,0.33069606507036,0.363485100025158,0.192598158856585,7.60712724416856
3.53343253968254,0.330667535998656,0.363471860955051,0.192506062781102,7.60733360236426
3.53353174603175,0.330639010097297,0.363458615728363,0.192414010827339,7.60753993554882
3.53363095238095,0.330610487366071,0.363445364348865,0.192322002973956,7.60774624372827
3.53373015873016,0.330581967804769,0.363432106820331,0.19223003919962,7.60795252690866
3.53382936507937,0.330553451413179,0.363418843146531,0.192138119483007,7.60815878509601
3.53392857142857,0.330524938191095,0.36340557333123,0.192046243802803,7.60836501829636
3.53402777777778,0.330496428138309,0.363392297378197,0.1919544121377,7.60857122651575
3.53412698412698,0.330467921254616,0.363379015291194,0.191862624466399,7.6087774097602
3.53422619047619,0.330439417539811,0.363365727073983,0.19177088076761,7.60898356803574
3.5343253968254,0.33041091699369,0.363352432730324,0.19167918102005,7.60918970134839
3.5344246031746,0.330382419616052,0.363339132263975,0.191587525202447,7.60939580970418
3.53452380952381,0.330353925406694,0.363325825678692,0.191495913293533,7.60960189310913
3.53462301587302,0.330325434365418,0.363312512978228,0.191404345272052,7.60980795156925
3.53472222222222,0.330296946492023,0.363299194166335,0.191312821116755,7.61001398509055
3.53482142857143,0.330268461786313,0.363285869246764,0.191221340806401,7.61021999367906
3.53492063492063,0.330239980248091,0.363272538223261,0.191129904319759,7.61042597734077
3.53501984126984,0.330211501877162,0.363259201099574,0.191038511635605,7.6106319360817
3.53511904761905,0.330183026673332,0.363245857879446,0.190947162732722,7.61083786990785
3.53521825396825,0.330154554636407,0.363232508566619,0.190855857589903,7.61104377882522
3.53531746031746,0.330126085766196,0.363219153164832,0.19076459618595,7.61124966283981
3.53541666666667,0.330097620062509,0.363205791677824,0.190673378499671,7.61145552195762
3.53551587301587,0.330069157525155,0.363192424109331,0.190582204509886,7.61166135618465
3.53561507936508,0.330040698153947,0.363179050463087,0.190491074195419,7.61186716552688
3.53571428571429,0.330012241948697,0.363165670742823,0.190399987535105,7.61207294999031
3.53581349206349,0.32998378890922,0.363152284952271,0.190308944507787,7.61227870958092
3.5359126984127,0.32995533903533,0.363138893095157,0.190217945092315,7.6124844443047
3.5360119047619,0.329926892326845,0.363125495175207,0.190126989267549,7.61269015416763
3.53611111111111,0.32989844878358,0.363112091196147,0.190036077012357,7.61289583917569
3.53621031746032,0.329870008405356,0.363098681161698,0.189945208305614,7.61310149933487
3.53630952380952,0.329841571191992,0.363085265075579,0.189854383126205,7.61330713465112
3.53640873015873,0.32981313714331,0.36307184294151,0.189763601453022,7.61351274513043
3.53650793650794,0.32978470625913,0.363058414763205,0.189672863264967,7.61371833077877
3.53660714285714,0.329756278539278,0.36304498054438,0.189582168540948,7.6139238916021
3.53670634920635,0.329727853983576,0.363031540288747,0.189491517259883,7.61412942760639
3.53680555555556,0.329699432591852,0.363018094000015,0.189400909400698,7.61433493879761
3.53690476190476,0.329671014363931,0.363004641681893,0.189310344942328,7.6145404251817
3.53700396825397,0.329642599299643,0.362991183338086,0.189219823863715,7.61474588676464
3.53710317460317,0.329614187398816,0.3629777189723,0.189129346143809,7.61495132355237
3.53720238095238,0.32958577866128,0.362964248588236,0.18903891176157,7.61515673555085
3.53730158730159,0.329557373086867,0.362950772189594,0.188948520695965,7.61536212276603
3.53740079365079,0.32952897067541,0.362937289780074,0.188858172925971,7.61556748520386
3.5375,0.329500571426743,0.36292380136337,0.188767868430571,7.61577282287028
3.53759920634921,0.329472175340701,0.362910306943177,0.188677607188757,7.61597813577123
3.53769841269841,0.329443782417119,0.362896806523187,0.188587389179531,7.61618342391266
3.53779761904762,0.329415392655836,0.362883300107092,0.188497214381902,7.61638868730051
3.53789682539683,0.32938700605669,0.362869787698578,0.188407082774887,7.61659392594071
3.53799603174603,0.329358622619521,0.362856269301333,0.188316994337513,7.61679913983919
3.53809523809524,0.329330242344169,0.36284274491904,0.188226949048812,7.61700432900188
3.53819444444444,0.329301865230477,0.362829214555382,0.188136946887828,7.61720949343472
3.53829365079365,0.329273491278287,0.36281567821404,0.18804698783361,7.61741463314363
3.53839285714286,0.329245120487445,0.362802135898691,0.187957071865219,7.61761974813453
3.53849206349206,0.329216752857795,0.362788587613012,0.187867198961722,7.61782483841334
3.53859126984127,0.329188388389186,0.362775033360678,0.187777369102194,7.61802990398598
3.53869047619048,0.329160027081463,0.36276147314536,0.18768758226572,7.61823494485837
3.53878968253968,0.329131668934477,0.362747906970729,0.187597838431391,7.61843996103643
3.53888888888889,0.329103313948078,0.362734334840455,0.187508137578309,7.61864495252605
3.53898809523809,0.329074962122117,0.362720756758202,0.187418479685582,7.61884991933315
3.5390873015873,0.329046613456446,0.362707172727635,0.187328864732328,7.61905486146365
3.53918650793651,0.32901826795092,0.362693582752418,0.187239292697672,7.61925977892343
3.53928571428571,0.328989925605393,0.36267998683621,0.187149763560749,7.6194646717184
3.53938492063492,0.328961586419722,0.362666384982669,0.1870602773007,7.61966953985447
3.53948412698413,0.328933250393763,0.362652777195454,0.186970833896676,7.61987438333752
3.53958333333333,0.328904917527375,0.362639163478217,0.186881433327837,7.62007920217346
3.53968253968254,0.328876587820418,0.362625543834611,0.186792075573349,7.62028399636816
3.53978174603175,0.328848261272753,0.362611918268288,0.186702760612388,7.62048876592753
3.53988095238095,0.32881993788424,0.362598286782895,0.186613488424138,7.62069351085745
3.53998015873016,0.328791617654744,0.362584649382079,0.186524258987791,7.62089823116379
3.54007936507937,0.328763300584129,0.362571006069485,0.186435072282548,7.62110292685245
3.54017857142857,0.328734986672259,0.362557356848755,0.186345928287618,7.62130759792931
3.54027777777778,0.328706675919002,0.36254370172353,0.186256826982218,7.62151224440023
3.54037698412698,0.328678368324226,0.362530040697448,0.186167768345572,7.6217168662711
3.54047619047619,0.328650063887798,0.362516373774147,0.186078752356916,7.62192146354778
3.5405753968254,0.32862176260959,0.36250270095726,0.185989778995491,7.62212603623614
3.5406746031746,0.328593464489473,0.362489022250421,0.185900848240548,7.62233058434206
3.54077380952381,0.328565169527318,0.36247533765726,0.185811960071345,7.62253510787139
3.54087301587302,0.328536877723,0.362461647181406,0.185723114467151,7.62273960683001
3.54097222222222,0.328508589076394,0.362447950826485,0.185634311407239,7.62294408122375
3.54107142857143,0.328480303587374,0.362434248596122,0.185545550870895,7.62314853105849
3.54117063492063,0.328452021255819,0.36242054049394,0.185456832837409,7.62335295634008
3.54126984126984,0.328423742081607,0.36240682652356,0.185368157286083,7.62355735707437
3.54136904761905,0.328395466064616,0.3623931066886,0.185279524196225,7.62376173326721
3.54146825396825,0.328367193204728,0.362379380992678,0.185190933547153,7.62396608492445
3.54156746031746,0.328338923501825,0.362365649439407,0.185102385318191,7.62417041205193
3.54166666666667,0.328310656955789,0.362351912032401,0.185013879488674,7.62437471465549
3.54176587301587,0.328282393566504,0.362338168775271,0.184925416037943,7.62457899274098
3.54186507936508,0.328254133333856,0.362324419671625,0.184836994945349,7.62478324631423
3.54196428571429,0.32822587625773,0.36231066472507,0.184748616190251,7.62498747538107
3.54206349206349,0.328197622338016,0.362296903939211,0.184660279752015,7.62519167994734
3.5421626984127,0.328169371574601,0.362283137317651,0.184571985610017,7.62539586001887
3.5422619047619,0.328141123967375,0.362269364863991,0.18448373374364,7.62560001560149
3.54236111111111,0.32811287951623,0.362255586581829,0.184395524132277,7.62580414670101
3.54246031746032,0.328084638221057,0.362241802474763,0.184307356755328,7.62600825332327
3.54255952380952,0.328056400081751,0.362228012546388,0.184219231592202,7.62621233547408
3.54265873015873,0.328028165098205,0.362214216800295,0.184131148622314,7.62641639315927
3.54275793650794,0.327999933270316,0.362200415240077,0.184043107825091,7.62662042638464
3.54285714285714,0.32797170459798,0.362186607869323,0.183955109179967,7.626824435156
3.54295634920635,0.327943479081096,0.362172794691618,0.183867152666382,7.62702841947918
3.54305555555556,0.327915256719562,0.362158975710549,0.183779238263788,7.62723237935997
3.54315476190476,0.32788703751328,0.362145150929698,0.183691365951644,7.62743631480418
3.54325396825397,0.327858821462151,0.362131320352646,0.183603535709414,7.62764022581762
3.54335317460317,0.327830608566077,0.362117483982972,0.183515747516576,7.62784411240608
3.54345238095238,0.327802398824963,0.362103641824254,0.183428001352613,7.62804797457537
3.54355158730159,0.327774192238714,0.362089793880065,0.183340297197016,7.62825181233127
3.54365079365079,0.327745988807236,0.36207594015398,0.183252635029284,7.62845562567959
3.54375,0.327717788530436,0.36206208064957,0.183165014828929,7.62865941462611
3.54384920634921,0.327689591408223,0.362048215370403,0.183077436575466,7.62886317917661
3.54394841269841,0.327661397440507,0.362034344320046,0.182989900248419,7.62906691933689
3.54404761904762,0.327633206627198,0.362020467502066,0.182902405827323,7.62927063511273
3.54414682539683,0.32760501896821,0.362006584920023,0.182814953291719,7.62947432650991
3.54424603174603,0.327576834463454,0.361992696577481,0.182727542621158,7.62967799353421
3.54434523809524,0.327548653112846,0.361978802477998,0.182640173795197,7.6298816361914
3.54444444444444,0.327520474916302,0.361964902625132,0.182552846793404,7.63008525448726
3.54454365079365,0.327492299873737,0.361950997022436,0.182465561595354,7.63028884842755
3.54464285714286,0.327464127985071,0.361937085673465,0.18237831818063,7.63049241801805
3.54474206349206,0.327435959250221,0.36192316858177,0.182291116528824,7.63069596326452
3.54484126984127,0.327407793669109,0.3619092457509,0.182203956619536,7.63089948417273
3.54494047619048,0.327379631241656,0.361895317184403,0.182116838432374,7.63110298074843
3.54503968253968,0.327351471967784,0.361881382885823,0.182029761946955,7.63130645299739
3.54513888888889,0.327323315847417,0.361867442858703,0.181942727142903,7.63150990092536
3.5452380952381,0.32729516288048,0.361853497106586,0.181855733999853,7.63171332453809
3.5453373015873,0.3272670130669,0.361839545633009,0.181768782497446,7.63191672384133
3.54543650793651,0.327238866406603,0.361825588441512,0.181681872615333,7.63212009884084
3.54553571428571,0.327210722899519,0.361811625535628,0.18159500433317,7.63232344954236
3.54563492063492,0.327182582545576,0.361797656918892,0.181508177630625,7.63252677595164
3.54573412698413,0.327154445344705,0.361783682594833,0.181421392487373,7.63273007807441
3.54583333333333,0.327126311296839,0.361769702566983,0.181334648883097,7.63293335591641
3.54593253968254,0.327098180401911,0.361755716838869,0.181247946797489,7.63313660948339
3.54603174603175,0.327070052659854,0.361741725414014,0.181161286210249,7.63333983878107
3.54613095238095,0.327041928070605,0.361727728295944,0.181074667101084,7.63354304381518
3.54623015873016,0.3270138066341,0.361713725488179,0.180988089449712,7.63374622459146
3.54632936507937,0.326985688350276,0.361699716994239,0.180901553235858,7.63394938111563
3.54642857142857,0.326957573219073,0.361685702817642,0.180815058439254,7.63415251339342
3.54652777777778,0.326929461240432,0.361671682961901,0.180728605039642,7.63435562143054
3.54662698412698,0.326901352414292,0.361657657430532,0.180642193016771,7.63455870523273
3.54672619047619,0.326873246740597,0.361643626227046,0.180555822350402,7.63476176480568
3.5468253968254,0.32684514421929,0.361629589354952,0.180469493020299,7.63496480015512
3.5469246031746,0.326817044850316,0.361615546817757,0.180383205006237,7.63516781128676
3.54702380952381,0.326788948633622,0.361601498618968,0.180296958288,7.63537079820631
3.54712301587302,0.326760855569153,0.361587444762086,0.18021075284538,7.63557376091947
3.54722222222222,0.326732765656859,0.361573385250615,0.180124588658174,7.63577669943195
3.54732142857143,0.326704678896689,0.361559320088054,0.180038465706194,7.63597961374946
3.54742063492063,0.326676595288594,0.3615452492779,0.179952383969254,7.63618250387768
3.54751984126984,0.326648514832525,0.361531172823649,0.179866343427179,7.63638536982232
3.54761904761905,0.326620437528436,0.361517090728794,0.179780344059802,7.63658821158908
3.54771825396825,0.32659236337628,0.361503002996827,0.179694385846966,7.63679102918363
3.54781746031746,0.326564292376013,0.361488909631238,0.179608468768518,7.63699382261169
3.54791666666667,0.326536224527592,0.361474810635514,0.179522592804319,7.63719659187892
3.54801587301587,0.326508159830973,0.361460706013141,0.179436757934233,7.63739933699102
3.54811507936508,0.326480098286116,0.361446595767602,0.179350964138136,7.63760205795367
3.54821428571429,0.326452039892981,0.36143247990238,0.17926521139591,7.63780475477255
3.54831349206349,0.32642398465153,0.361418358420953,0.179179499687448,7.63800742745333
3.5484126984127,0.326395932561723,0.3614042313268,0.179093828992649,7.63821007600169
3.5485119047619,0.326367883623525,0.361390098623396,0.17900819929142,7.63841270042331
3.54861111111111,0.326339837836901,0.361375960314215,0.178922610563678,7.63861530072385
3.54871031746032,0.326311795201816,0.361361816402729,0.178837062789347,7.63881787690897
3.54880952380952,0.326283755718237,0.361347666892407,0.178751555948362,7.63902042898436
3.54890873015873,0.326255719386132,0.361333511786718,0.178666090020662,7.63922295695566
3.54900793650794,0.326227686205471,0.361319351089126,0.178580664986199,7.63942546082853
3.54910714285714,0.326199656176225,0.361305184803096,0.178495280824928,7.63962794060865
3.54920634920635,0.326171629298364,0.36129101293209,0.178409937516817,7.63983039630165
3.54930555555556,0.326143605571862,0.361276835479567,0.178324635041841,7.64003282791319
3.54940476190476,0.326115584996693,0.361262652448985,0.178239373379982,7.64023523544893
3.54950396825397,0.326087567572832,0.361248463843801,0.178154152511231,7.64043761891451
3.54960317460317,0.326059553300254,0.361234269667467,0.178068972415588,7.64063997831558
3.54970238095238,0.326031542178939,0.361220069923435,0.177983833073061,7.64084231365778
3.54980158730159,0.326003534208864,0.361205864615157,0.177898734463666,7.64104462494674
3.54990079365079,0.325975529390009,0.361191653746079,0.177813676567428,7.64124691218812
3.55,0.325947527722355,0.361177437319647,0.17772865936438,7.64144917538753
3.55009920634921,0.325919529205885,0.361163215339306,0.177643682834561,7.64165141455063
3.55019841269841,0.325891533840581,0.361148987808496,0.177558746958023,7.64185362968303
3.55029761904762,0.325863541626429,0.361134754730659,0.177473851714823,7.64205582079036
3.55039682539683,0.325835552563413,0.361120516109233,0.177388997085026,7.64225798787826
3.55049603174603,0.325807566651521,0.361106271947652,0.177304183048709,7.64246013095234
3.55059523809524,0.325779583890741,0.361092022249351,0.177219409585952,7.64266225001822
3.55069444444444,0.325751604281062,0.361077767017763,0.177134676676848,7.64286434508152
3.55079365079365,0.325723627822474,0.361063506256316,0.177049984301496,7.64306641614787
3.55089285714286,0.325695654514969,0.36104923996844,0.176965332440003,7.64326846322286
3.55099206349206,0.325667684358539,0.361034968157559,0.176880721072486,7.64347048631212
3.55109126984127,0.325639717353178,0.361020690827099,0.176796150179068,7.64367248542125
3.55119047619048,0.325611753498882,0.361006407980482,0.176711619739884,7.64387446055586
3.55128968253968,0.325583792795646,0.360992119621126,0.176627129735073,7.64407641172155
3.55138888888889,0.325555835243468,0.360977825752451,0.176542680144786,7.64427833892391
3.5514880952381,0.325527880842346,0.360963526377872,0.176458270949179,7.64448024216856
3.5515873015873,0.32549992959228,0.360949221500805,0.176373902128419,7.64468212146109
3.55168650793651,0.325471981493271,0.360934911124659,0.176289573662679,7.64488397680708
3.55178571428571,0.325444036545321,0.360920595252847,0.176205285532144,7.64508580821214
3.55188492063492,0.325416094748433,0.360906273888776,0.176121037717004,7.64528761568184
3.55198412698413,0.325388156102612,0.360891947035852,0.176036830197457,7.64548939922178
3.55208333333333,0.325360220607862,0.360877614697479,0.175952662953713,7.64569115883754
3.55218253968254,0.325332288264191,0.36086327687706,0.175868535965986,7.6458928945347
3.55228174603175,0.325304359071606,0.360848933577995,0.1757844492145,7.64609460631884
3.55238095238095,0.325276433030117,0.360834584803682,0.17570040267949,7.64629629419554
3.55248015873016,0.325248510139734,0.360820230557517,0.175616396341194,7.64649795817037
3.55257936507937,0.325220590400467,0.360805870842895,0.175532430179863,7.6466995982489
3.55267857142857,0.325192673812331,0.360791505663207,0.175448504175755,7.6469012144367
3.55277777777778,0.325164760375337,0.360777135021844,0.175364618309134,7.64710280673934
3.55287698412698,0.325136850089501,0.360762758922195,0.175280772560276,7.64730437516238
3.55297619047619,0.32510894295484,0.360748377367646,0.175196966909463,7.64750591971138
3.5530753968254,0.32508103897137,0.36073399036158,0.175113201336985,7.64770744039191
3.5531746031746,0.32505313813911,0.36071959790738,0.175029475823142,7.64790893720951
3.55327380952381,0.325025240458078,0.360705200008427,0.174945790348241,7.64811041016975
3.55337301587302,0.324997345928297,0.3606907966681,0.174862144892599,7.64831185927817
3.55347222222222,0.324969454549788,0.360676387889773,0.174778539436538,7.64851328454033
3.55357142857143,0.324941566322573,0.360661973676822,0.174694973960393,7.64871468596177
3.55367063492063,0.324913681246678,0.360647554032619,0.174611448444503,7.64891606354804
3.55376984126984,0.324885799322127,0.360633128960535,0.174527962869218,7.64911741730467
3.55386904761905,0.324857920548946,0.360618698463938,0.174444517214895,7.64931874723721
3.55396825396825,0.324830044927165,0.360604262546193,0.174361111461899,7.64952005335119
3.55406746031746,0.324802172456811,0.360589821210667,0.174277745590606,7.64972133565216
3.55416666666667,0.324774303137914,0.360575374460721,0.174194419581396,7.64992259414563
3.55426587301587,0.324746436970506,0.360560922299716,0.174111133414662,7.65012382883715
3.55436507936508,0.32471857395462,0.36054646473101,0.174027887070802,7.65032503973223
3.55446428571429,0.324690714090287,0.360532001757959,0.173944680530224,7.6505262268364
3.55456349206349,0.324662857377545,0.360517533383919,0.173861513773343,7.6507273901552
3.5546626984127,0.324635003816427,0.360503059612242,0.173778386780582,7.65092852969412
3.55476190476191,0.324607153406972,0.360488580446277,0.173695299532375,7.6511296454587
3.55486111111111,0.324579306149217,0.360474095889375,0.173612252009163,7.65133073745444
3.55496031746032,0.324551462043203,0.360459605944881,0.173529244191394,7.65153180568687
3.55505952380952,0.324523621088968,0.36044511061614,0.173446276059525,7.65173285016148
3.55515873015873,0.324495783286556,0.360430609906495,0.173363347594022,7.65193387088379
3.55525793650794,0.324467948636009,0.360416103819286,0.173280458775359,7.6521348678593
3.55535714285714,0.324440117137371,0.360401592357851,0.173197609584019,7.65233584109352
3.55545634920635,0.324412288790687,0.360387075525528,0.173114800000492,7.65253679059194
3.55555555555556,0.324384463596004,0.360372553325651,0.173032030005276,7.65273771636006
3.55565476190476,0.324356641553369,0.360358025761553,0.172949299578879,7.65293861840338
3.55575396825397,0.324328822662831,0.360343492836564,0.172866608701817,7.6531394967274
3.55585317460317,0.32430100692444,0.360328954554013,0.172783957354614,7.65334035133759
3.55595238095238,0.324273194338247,0.360314410917227,0.172701345517802,7.65354118223945
3.55605158730159,0.324245384904304,0.36029986192953,0.172618773171921,7.65374198943846
3.55615079365079,0.324217578622664,0.360285307594246,0.172536240297519,7.65394277294011
3.55625,0.324189775493382,0.360270747914694,0.172453746875156,7.65414353274988
3.55634920634921,0.324161975516515,0.360256182894195,0.172371292885395,7.65434426887324
3.55644841269841,0.324134178692118,0.360241612536063,0.172288878308811,7.65454498131568
3.55654761904762,0.324106385020249,0.360227036843615,0.172206503125986,7.65474567008265
3.55664682539683,0.324078594500969,0.360212455820163,0.17212416731751,7.65494633517965
3.55674603174603,0.324050807134337,0.360197869469018,0.172041870863983,7.65514697661212
3.55684523809524,0.324023022920415,0.360183277793488,0.17195961374601,7.65534759438554
3.55694444444444,0.323995241859265,0.360168680796881,0.171877395944208,7.65554818850537
3.55704365079365,0.323967463950952,0.360154078482501,0.1717952174392,7.65574875897708
3.55714285714286,0.323939689195541,0.360139470853651,0.17171307821162,7.65594930580612
3.55724206349206,0.323911917593098,0.360124857913633,0.171630978242106,7.65614982899794
3.55734126984127,0.323884149143689,0.360110239665744,0.171548917511308,7.656350328558
3.55744047619048,0.323856383847385,0.360095616113282,0.171466895999882,7.65655080449175
3.55753968253968,0.323828621704254,0.360080987259542,0.171384913688495,7.65675125680464
3.55763888888889,0.323800862714368,0.360066353107816,0.171302970557819,7.65695168550211
3.5577380952381,0.323773106877798,0.360051713661396,0.171221066588538,7.65715209058962
3.5578373015873,0.323745354194618,0.36003706892357,0.171139201761341,7.65735247207259
3.55793650793651,0.323717604664902,0.360022418897626,0.171057376056926,7.65755282995647
3.55803571428571,0.323689858288726,0.360007763586849,0.170975589456002,7.6577531642467
3.55813492063492,0.323662115066166,0.359993102994521,0.170893841939282,7.6579534749487
3.55823412698413,0.323634374997301,0.359978437123923,0.170812133487492,7.65815376206791
3.55833333333333,0.323606638082209,0.359963765978335,0.170730464081362,7.65835402560976
3.55843253968254,0.323578904320971,0.359949089561033,0.170648833701633,7.65855426557968
3.55853174603175,0.323551173713668,0.359934407875292,0.170567242329054,7.65875448198308
3.55863095238095,0.323523446260383,0.359919720924387,0.170485689944382,7.65895467482539
3.55873015873016,0.323495721961199,0.359905028711587,0.170404176528381,7.65915484411203
3.55882936507937,0.323468000816202,0.359890331240161,0.170322702061826,7.65935498984842
3.55892857142857,0.323440282825477,0.359875628513378,0.170241266525499,7.65955511203996
3.55902777777778,0.323412567989112,0.359860920534501,0.170159869900189,7.65975521069207
3.55912698412698,0.323384856307194,0.359846207306795,0.170078512166695,7.65995528581017
3.55922619047619,0.323357147779815,0.359831488833519,0.169997193305824,7.66015533739964
3.5593253968254,0.323329442407064,0.359816765117934,0.169915913298391,7.66035536546591
3.5594246031746,0.323301740189033,0.359802036163297,0.16983467212522,7.66055537001437
3.55952380952381,0.323274041125816,0.359787301972862,0.169753469767143,7.66075535105043
3.55962301587302,0.323246345217507,0.359772562549883,0.169672306205,7.66095530857946
3.55972222222222,0.323218652464201,0.359757817897611,0.169591181419638,7.66115524260689
3.55982142857143,0.323190962865994,0.359743068019295,0.169510095391916,7.66135515313808
3.55992063492063,0.323163276422985,0.359728312918183,0.169429048102698,7.66155504017844
3.56001984126984,0.323135593135272,0.35971355259752,0.169348039532857,7.66175490373335
3.56011904761905,0.323107913002956,0.359698787060548,0.169267069663275,7.66195474380819
3.56021825396825,0.323080236026138,0.35968401631051,0.169186138474844,7.66215456040835
3.56031746031746,0.32305256220492,0.359669240350644,0.16910524594846,7.66235435353921
3.56041666666667,0.323024891539405,0.359654459184188,0.169024392065031,7.66255412320614
3.56051587301587,0.322997224029699,0.359639672814377,0.168943576805471,7.66275386941452
3.56061507936508,0.322969559675908,0.359624881244445,0.168862800150704,7.66295359216972
3.56071428571429,0.322941898478138,0.359610084477622,0.168782062081663,7.66315329147711
3.56081349206349,0.322914240436498,0.359595282517139,0.168701362579286,7.66335296734205
3.5609126984127,0.322886585551097,0.359580475366222,0.168620701624523,7.66355261976992
3.5610119047619,0.322858933822047,0.359565663028097,0.168540079198329,7.66375224876607
3.56111111111111,0.322831285249457,0.359550845505987,0.168459495281671,7.66395185433586
3.56121031746032,0.322803639833443,0.359536022803114,0.16837894985552,7.66415143648466
3.56130952380952,0.322775997574117,0.359521194922696,0.16829844290086,7.66435099521781
3.56140873015873,0.322748358471595,0.359506361867953,0.168217974398679,7.66455053054067
3.56150793650794,0.322720722525993,0.359491523642098,0.168137544329976,7.6647500424586
3.56160714285714,0.32269308973743,0.359476680248345,0.168057152675758,7.66494953097692
3.56170634920635,0.322665460106023,0.359461831689907,0.16797679941704,7.665148996101
3.56180555555556,0.322637833631893,0.359446977969991,0.167896484534845,7.66534843783617
3.56190476190476,0.322610210315161,0.359432119091807,0.167816208010205,7.66554785618778
3.56200396825397,0.322582590155949,0.359417255058558,0.167735969824159,7.66574725116116
3.56210317460318,0.32255497315438,0.35940238587345,0.167655769957755,7.66594662276164
3.56220238095238,0.32252735931058,0.359387511539683,0.167575608392051,7.66614597099457
3.56230158730159,0.322499748624673,0.359372632060457,0.167495485108111,7.66634529586526
3.56240079365079,0.322472141096788,0.359357747438969,0.167415400087009,7.66654459737906
3.5625,0.322444536727051,0.359342857678415,0.167335353309825,7.66674387554127
3.56259920634921,0.322416935515593,0.359327962781989,0.167255344757651,7.66694313035724
3.56269841269841,0.322389337462543,0.359313062752882,0.167175374411583,7.66714236183227
3.56279761904762,0.322361742568034,0.359298157594284,0.167095442252728,7.66734156997168
3.56289682539682,0.322334150832198,0.359283247309382,0.167015548262202,7.6675407547808
3.56299603174603,0.322306562255169,0.359268331901362,0.166935692421127,7.66773991626493
3.56309523809524,0.322278976837082,0.359253411373408,0.166855874710634,7.66793905442939
3.56319444444444,0.322251394578074,0.359238485728702,0.166776095111865,7.66813816927947
3.56329365079365,0.322223815478282,0.359223554970422,0.166696353605966,7.6683372608205
3.56339285714286,0.322196239537844,0.359208619101748,0.166616650174095,7.66853632905776
3.56349206349206,0.3221686667569,0.359193678125853,0.166536984797415,7.66873537399657
3.56359126984127,0.322141097135592,0.359178732045913,0.1664573574571,7.66893439564222
3.56369047619048,0.322113530674061,0.359163780865099,0.166377768134332,7.66913339400001
3.56378968253968,0.322085967372451,0.35914882458658,0.166298216810299,7.66933236907522
3.56388888888889,0.322058407230907,0.359133863213525,0.166218703466201,7.66953132087316
3.5639880952381,0.322030850249573,0.359118896749099,0.166139228083244,7.6697302493991
3.5640873015873,0.322003296428596,0.359103925196466,0.166059790642642,7.66992915465834
3.56418650793651,0.321975745768126,0.359088948558787,0.165980391125618,7.67012803665616
3.56428571428571,0.32194819826831,0.359073966839224,0.165901029513403,7.67032689539784
3.56438492063492,0.321920653929299,0.359058980040932,0.165821705787238,7.67052573088866
3.56448412698413,0.321893112751244,0.359043988167069,0.165742419928369,7.67072454313389
3.56458333333333,0.321865574734299,0.359028991220788,0.165663171918055,7.67092333213881
3.56468253968254,0.321838039878616,0.35901398920524,0.165583961737559,7.67112209790869
3.56478174603175,0.321810508184351,0.358998982123577,0.165504789368154,7.6713208404488
3.56488095238095,0.321782979651661,0.358983969978945,0.165425654791121,7.6715195597644
3.56498015873016,0.321755454280701,0.358968952774491,0.16534655798775,7.67171825586077
3.56507936507937,0.321727932071632,0.358953930513358,0.165267498939339,7.67191692874315
3.56517857142857,0.321700413024612,0.358938903198688,0.165188477627194,7.67211557841681
3.56527777777778,0.321672897139802,0.358923870833622,0.16510949403263,7.67231420488701
3.56537698412698,0.321645384417364,0.358908833421298,0.165030548136969,7.672512808159
3.56547619047619,0.321617874857462,0.35889379096485,0.164951639921544,7.67271138823803
3.5655753968254,0.321590368460259,0.358878743467414,0.164872769367693,7.67290994512934
3.5656746031746,0.321562865225921,0.358863690932121,0.164793936456764,7.6731084788382
3.56577380952381,0.321535365154616,0.358848633362102,0.164715141170113,7.67330698936984
3.56587301587302,0.32150786824651,0.358833570760484,0.164636383489105,7.6735054767295
3.56597222222222,0.321480374501772,0.358818503130392,0.164557663395113,7.67370394092242
3.56607142857143,0.321452883920573,0.358803430474953,0.164478980869518,7.67390238195384
3.56617063492063,0.321425396503084,0.358788352797287,0.164400335893709,7.67410079982899
3.56626984126984,0.321397912249478,0.358773270100514,0.164321728449085,7.67429919455311
3.56636904761905,0.321370431159927,0.358758182387753,0.16424315851705,7.67449756613143
3.56646825396825,0.321342953234608,0.358743089662119,0.164164626079021,7.67469591456916
3.56656746031746,0.321315478473696,0.358727991926728,0.164086131116418,7.67489423987154
3.56666666666667,0.321288006877367,0.35871288918469,0.164007673610675,7.67509254204379
3.56676587301587,0.321260538445802,0.358697781439116,0.163929253543229,7.67529082109113
3.56686507936508,0.321233073179178,0.358682668693115,0.163850870895529,7.67548907701877
3.56696428571429,0.321205611077677,0.358667550949792,0.163772525649031,7.67568730983194
3.56706349206349,0.32117815214148,0.358652428212252,0.163694217785199,7.67588551953583
3.5671626984127,0.32115069637077,0.358637300483596,0.163615947285506,7.67608370613566
3.5672619047619,0.321123243765733,0.358622167766925,0.163537714131433,7.67628186963665
3.56736111111111,0.321095794326551,0.358607030065338,0.163459518304469,7.67648001004398
3.56746031746032,0.321068348053414,0.358591887381929,0.163381359786112,7.67667812736288
3.56755952380952,0.321040904946507,0.358576739719795,0.163303238557868,7.67687622159853
3.56765873015873,0.32101346500602,0.358561587082026,0.163225154601251,7.67707429275613
3.56775793650794,0.320986028232143,0.358546429471714,0.163147107897784,7.67727234084088
3.56785714285714,0.320958594625067,0.358531266891946,0.163069098428997,7.67747036585797
3.56795634920635,0.320931164184985,0.358516099345809,0.162991126176431,7.67766836781259
3.56805555555556,0.320903736912089,0.358500926836387,0.162913191121632,7.67786634670993
3.56815476190476,0.320876312806574,0.358485749366762,0.162835293246157,7.67806430255517
3.56825396825397,0.320848891868638,0.358470566940015,0.162757432531571,7.6782622353535
3.56835317460317,0.320821474098475,0.358455379559224,0.162679608959444,7.6784601451101
3.56845238095238,0.320794059496285,0.358440187227466,0.162601822511359,7.67865803183013
3.56855158730159,0.320766648062267,0.358424989947815,0.162524073168905,7.67885589551879
3.56865079365079,0.320739239796621,0.358409787723342,0.162446360913678,7.67905373618124
3.56875,0.320711834699549,0.35839458055712,0.162368685727286,7.67925155382266
3.56884920634921,0.320684432771254,0.358379368452215,0.162291047591342,7.6794493484482
3.56894841269841,0.320657034011939,0.358364151411695,0.162213446487468,7.67964712006304
3.56904761904762,0.320629638421811,0.358348929438624,0.162135882397296,7.67984486867234
3.56914682539683,0.320602246001075,0.358333702536064,0.162058355302465,7.68004259428126
3.56924603174603,0.32057485674994,0.358318470707076,0.161980865184622,7.68024029689495
3.56934523809524,0.320547470668612,0.358303233954719,0.161903412025423,7.68043797651858
3.56944444444444,0.320520087757303,0.358287992282048,0.161825995806532,7.68063563315729
3.56954365079365,0.320492708016224,0.358272745692119,0.161748616509621,7.68083326681625
3.56964285714286,0.320465331445586,0.358257494187983,0.161671274116373,7.68103087750058
3.56974206349206,0.320437958045603,0.358242237772692,0.161593968608474,7.68122846521545
3.56984126984127,0.320410587816489,0.358226976449294,0.161516699967624,7.68142602996599
3.56994047619048,0.320383220758461,0.358211710220835,0.161439468175527,7.68162357175734
3.57003968253968,0.320355856871735,0.358196439090361,0.161362273213898,7.68182109059465
3.57013888888889,0.320328496156528,0.358181163060913,0.161285115064458,7.68201858648305
3.57023809523809,0.320301138613061,0.358165882135533,0.16120799370894,7.68221605942767
3.5703373015873,0.320273784241553,0.358150596317258,0.161130909129082,7.68241350943364
3.57043650793651,0.320246433042227,0.358135305609126,0.16105386130663,7.6826109365061
3.57053571428571,0.320219085015304,0.358120010014171,0.160976850223341,7.68280834065017
3.57063492063492,0.320191740161008,0.358104709535426,0.16089987586098,7.68300572187096
3.57073412698413,0.320164398479566,0.358089404175921,0.160822938201317,7.68320308017361
3.57083333333333,0.320137059971202,0.358074093938686,0.160746037226135,7.68340041556323
3.57093253968254,0.320109724636145,0.358058778826747,0.160669172917221,7.68359772804494
3.57103174603175,0.320082392474621,0.358043458843128,0.160592345256373,7.68379501762385
3.57113095238095,0.320055063486863,0.358028133990852,0.160515554225397,7.68399228430507
3.57123015873016,0.3200277376731,0.358012804272941,0.160438799806107,7.68418952809372
3.57132936507937,0.320000415033564,0.357997469692412,0.160362081980325,7.68438674899489
3.57142857142857,0.319973095568488,0.357982130252283,0.160285400729881,7.68458394701369
3.57152777777778,0.319945779278107,0.357966785955568,0.160208756036615,7.68478112215523
3.57162698412698,0.319918466162657,0.35795143680528,0.160132147882373,7.6849782744246
3.57172619047619,0.319891156222374,0.35793608280443,0.160055576249012,7.6851754038269
3.5718253968254,0.319863849457496,0.357920723956027,0.159979041118395,7.68537251036722
3.5719246031746,0.319836545868261,0.357905360263078,0.159902542472393,7.68556959405066
3.57202380952381,0.319809245454911,0.357889991728587,0.159826080292889,7.6857666548823
3.57212301587302,0.319781948217686,0.357874618355557,0.15974965456177,7.68596369286723
3.57222222222222,0.31975465415683,0.357859240146989,0.159673265260935,7.68616070801054
3.57232142857143,0.319727363272585,0.357843857105883,0.159596912372288,7.6863577003173
3.57242063492063,0.319700075565197,0.357828469235234,0.159520595877743,7.6865546697926
3.57251984126984,0.319672791034911,0.357813076538038,0.159444315759221,7.68675161644151
3.57261904761905,0.319645509681976,0.357797679017288,0.159368071998655,7.68694854026911
3.57271825396825,0.319618231506638,0.357782276675974,0.159291864577983,7.68714544128047
3.57281746031746,0.319590956509149,0.357766869517086,0.159215693479151,7.68734231948065
3.57291666666667,0.319563684689758,0.357751457543611,0.159139558684115,7.68753917487473
3.57301587301587,0.319536416048717,0.357736040758533,0.159063460174839,7.68773600746777
3.57311507936508,0.31950915058628,0.357720619164836,0.158987397933295,7.68793281726484
3.57321428571429,0.3194818883027,0.3577051927655,0.158911371941464,7.68812960427098
3.57331349206349,0.319454629198234,0.357689761563505,0.158835382181333,7.68832636849127
3.5734126984127,0.319427373273137,0.357674325561827,0.1587594286349,7.68852310993074
3.5735119047619,0.319400120527667,0.357658884763442,0.158683511284171,7.68871982859446
3.57361111111111,0.319372870962084,0.357643439171323,0.158607630111159,7.68891652448748
3.57371031746032,0.319345624576647,0.35762798878844,0.158531785097886,7.68911319761484
3.57380952380952,0.319318381371617,0.357612533617764,0.158455976226383,7.68930984798159
3.57390873015873,0.319291141347257,0.35759707366226,0.158380203478688,7.68950647559277
3.57400793650794,0.31926390450383,0.357581608924894,0.158304466836847,7.68970308045342
3.57410714285714,0.319236670841601,0.357566139408629,0.158228766282918,7.68989966256858
3.57420634920635,0.319209440360837,0.357550665116427,0.158153101798962,7.69009622194327
3.57430555555556,0.319182213061803,0.357535186051245,0.158077473367053,7.69029275858255
3.57440476190476,0.319154988944769,0.357519702216043,0.15800188096927,7.69048927249143
3.57450396825397,0.319127768010004,0.357504213613774,0.157926324587701,7.69068576367494
3.57460317460317,0.319100550257777,0.357488720247392,0.157850804204445,7.69088223213811
3.57470238095238,0.319073335688362,0.357473222119849,0.157775319801606,7.69107867788596
3.57480158730159,0.31904612430203,0.357457719234092,0.157699871361297,7.69127510092351
3.57490079365079,0.319018916099056,0.357442211593071,0.15762445886564,7.69147150125578
3.575,0.318991711079715,0.357426699199729,0.157549082296767,7.69166787888778
3.57509920634921,0.318964509244284,0.35741118205701,0.157473741636814,7.69186423382453
3.57519841269841,0.31893731059304,0.357395660167855,0.15739843686793,7.69206056607104
3.57529761904762,0.318910115126262,0.357380133535204,0.157323167972269,7.69225687563231
3.57539682539683,0.318882922844229,0.357364602161994,0.157247934931995,7.69245316251335
3.57549603174603,0.318855733747223,0.35734906605116,0.157172737729279,7.69264942671917
3.57559523809524,0.318828547835526,0.357333525205635,0.157097576346303,7.69284566825476
3.57569444444444,0.318801365109422,0.357317979628352,0.157022450765253,7.69304188712512
3.57579365079365,0.318774185569195,0.357302429322238,0.156947360968328,7.69323808333526
3.57589285714286,0.31874700921513,0.357286874290222,0.156872306937732,7.69343425689015
3.57599206349206,0.318719836047515,0.357271314535229,0.156797288655678,7.69363040779479
3.57609126984127,0.318692666066637,0.357255750060183,0.156722306104389,7.69382653605418
3.57619047619048,0.318665499272787,0.357240180868004,0.156647359266094,7.69402264167329
3.57628968253968,0.318638335666253,0.357224606961612,0.156572448123032,7.6942187246571
3.57638888888889,0.318611175247329,0.357209028343924,0.156497572657449,7.69441478501061
3.5764880952381,0.318584018016306,0.357193445017857,0.156422732851601,7.69461082273879
3.5765873015873,0.318556863973479,0.357177856986323,0.156347928687752,7.69480683784661
3.57668650793651,0.318529713102794,0.357162264258409,0.156273160150135,7.69500283034522
3.57678571428571,0.318502565308947,0.357146666873027,0.156198427233072,7.69519880027553
3.57688492063492,0.318475420575885,0.357131064839001,0.156123729922233,7.69539474764834
3.57698412698413,0.318448278902923,0.357115458159335,0.156049068201504,7.69559067246866
3.57708333333333,0.318421140289375,0.357099846837036,0.155974442054782,7.69578657474149
3.57718253968254,0.318394004734553,0.357084230875106,0.155899851465966,7.69598245447181
3.57728174603175,0.318366872237774,0.35706861027655,0.155825296418958,7.69617831166463
3.57738095238095,0.318339742798352,0.357052985044368,0.155750776897669,7.69637414632493
3.57748015873016,0.318312616415602,0.357037355181562,0.155676292886013,7.69656995845772
3.57757936507937,0.318285493088841,0.357021720691131,0.155601844367911,7.69676574806796
3.57767857142857,0.318258372817384,0.357006081576075,0.155527431327286,7.69696151516067
3.57777777777778,0.318231255600548,0.356990437839389,0.155453053748068,7.69715725974082
3.57787698412698,0.31820414143765,0.356974789484071,0.155378711614194,7.6973529818134
3.57797619047619,0.318177030328008,0.356959136513116,0.155304404909602,7.69754868138339
3.5780753968254,0.31814992227094,0.356943478929518,0.15523013361824,7.69774435845578
3.5781746031746,0.318122817265764,0.356927816736271,0.155155897724056,7.69794001303555
3.57827380952381,0.318095715311798,0.356912149936365,0.155081697211007,7.69813564512767
3.57837301587302,0.318068616408362,0.356896478532793,0.155007532063054,7.69833125473713
3.57847222222222,0.318041520554776,0.356880802528543,0.154933402264161,7.6985268418689
3.57857142857143,0.318014427750359,0.356865121926605,0.154859307798302,7.69872240652796
3.57867063492063,0.317987337994431,0.356849436729966,0.154785248649451,7.69891794871929
3.57876984126984,0.317960251286314,0.356833746941613,0.15471122480159,7.69911346844785
3.57886904761905,0.317933167625329,0.35681805256453,0.154637236238706,7.69930896571862
3.57896825396825,0.317906087010797,0.356802353601703,0.154563282944791,7.69950444053657
3.57906746031746,0.31787900944204,0.356786650056114,0.15448936490384,7.69969989290666
3.57916666666667,0.317851934918381,0.356770941930746,0.154415482099856,7.69989532283387
3.57926587301587,0.317824863439142,0.356755229228579,0.154341634516847,7.70009073032315
3.57936507936508,0.317797795003647,0.356739511952594,0.154267822138823,7.70028611537949
3.57946428571429,0.31777072961122,0.356723790105769,0.154194044949803,7.70048147800782
3.57956349206349,0.317743667261185,0.356708063691082,0.15412030293381,7.70067681821313
3.5796626984127,0.317716607952865,0.356692332711509,0.15404659607487,7.70087213600036
3.5797619047619,0.317689551685587,0.356676597170027,0.153972924357016,7.70106743137448
3.57986111111111,0.317662498458675,0.356660857069609,0.153899287764287,7.70126270434045
3.57996031746032,0.317635448271454,0.356645112413229,0.153825686280724,7.70145795490322
3.58005952380952,0.317608401123252,0.356629363203859,0.153752119890378,7.70165318306774
3.58015873015873,0.317581357013395,0.35661360944447,0.1536785885773,7.70184838883897
3.58025793650794,0.31755431594121,0.356597851138032,0.15360509232555,7.70204357222185
3.58035714285714,0.317527277906024,0.356582088287515,0.153531631119191,7.70223873322135
3.58045634920635,0.317500242907165,0.356566320895885,0.153458204942291,7.70243387184241
3.58055555555556,0.317473210943961,0.35655054896611,0.153384813778925,7.70262898808997
3.58065476190476,0.31744618201574,0.356534772501155,0.153311457613171,7.70282408196898
3.58075396825397,0.317419156121833,0.356518991503986,0.153238136429114,7.70301915348439
3.58085317460317,0.317392133261568,0.356503205977564,0.153164850210842,7.70321420264113
3.58095238095238,0.317365113434275,0.356487415924853,0.153091598942451,7.70340922944416
3.58105158730159,0.317338096639284,0.356471621348814,0.15301838260804,7.70360423389841
3.58115079365079,0.317311082875926,0.356455822252407,0.152945201191714,7.70379921600881
3.58125,0.317284072143533,0.356440018638591,0.152872054677582,7.70399417578032
3.58134920634921,0.317257064441436,0.356424210510324,0.15279894304976,7.70418911321786
3.58144841269841,0.317230059768965,0.356408397870563,0.152725866292366,7.70438402832636
3.58154761904762,0.317203058125455,0.356392580722264,0.152652824389528,7.70457892111077
3.58164682539683,0.317176059510238,0.356376759068381,0.152579817325375,7.704773791576
3.58174603174603,0.317149063922647,0.356360932911868,0.152506845084043,7.704968639727
3.58184523809524,0.317122071362015,0.356345102255677,0.152433907649673,7.70516346556869
3.58194444444444,0.317095081827677,0.35632926710276,0.152361005006409,7.705358269106
3.58204365079365,0.317068095318966,0.356313427456067,0.152288137138404,7.70555305034385
3.58214285714286,0.317041111835219,0.356297583318547,0.152215304029813,7.70574780928718
3.58224206349206,0.317014131375769,0.356281734693148,0.152142505664798,7.70594254594089
3.58234126984127,0.316987153939952,0.356265881582817,0.152069742027524,7.70613726030992
3.58244047619048,0.316960179527106,0.356250023990501,0.151997013102164,7.70633195239919
3.58253968253968,0.316933208136565,0.356234161919143,0.151924318872894,7.7065266222136
3.58263888888889,0.316906239767668,0.356218295371688,0.151851659323896,7.70672126975809
3.5827380952381,0.31687927441975,0.356202424351078,0.151779034439356,7.70691589503757
3.5828373015873,0.316852312092151,0.356186548860255,0.151706444203468,7.70711049805694
3.58293650793651,0.316825352784208,0.356170668902159,0.151633888600427,7.70730507882113
3.58303571428571,0.316798396495259,0.356154784479729,0.151561367614437,7.70749963733505
3.58313492063492,0.316771443224644,0.356138895595903,0.151488881229705,7.70769417360361
3.58323412698413,0.316744492971702,0.35612300225362,0.151416429430443,7.70788868763171
3.58333333333333,0.316717545735772,0.356107104455814,0.15134401220087,7.70808317942426
3.58343253968254,0.316690601516196,0.35609120220542,0.151271629525207,7.70827764898617
3.58353174603175,0.316663660312313,0.356075295505373,0.151199281387684,7.70847209632235
3.58363095238095,0.316636722123464,0.356059384358605,0.151126967772534,7.70866652143769
3.58373015873016,0.316609786948991,0.356043468768047,0.151054688663994,7.70886092433711
3.58382936507937,0.316582854788236,0.356027548736631,0.150982444046308,7.70905530502549
3.58392857142857,0.316555925640541,0.356011624267285,0.150910233903725,7.70924966350774
3.58402777777778,0.316528999505248,0.355995695362938,0.150838058220499,7.70944399978876
3.58412698412698,0.316502076381701,0.355979762026517,0.150765916980888,7.70963831387344
3.58422619047619,0.316475156269244,0.355963824260949,0.150693810169157,7.70983260576668
3.5843253968254,0.316448239167219,0.355947882069158,0.150621737769574,7.71002687547337
3.5844246031746,0.316421325074972,0.355931935454068,0.150549699766413,7.7102211229984
3.58452380952381,0.316394413991846,0.355915984418602,0.150477696143955,7.71041534834666
3.58462301587302,0.316367505917189,0.355900028965683,0.150405726886484,7.71060955152305
3.58472222222222,0.316340600850343,0.355884069098229,0.15033379197829,7.71080373253244
3.58482142857143,0.316313698790657,0.355868104819162,0.150261891403667,7.71099789137973
3.58492063492063,0.316286799737476,0.355852136131399,0.150190025146916,7.7111920280698
3.58501984126984,0.316259903690146,0.355836163037857,0.150118193192341,7.71138614260754
3.58511904761905,0.316233010648016,0.355820185541454,0.150046395524253,7.71158023499782
3.58521825396825,0.316206120610432,0.355804203645104,0.149974632126967,7.71177430524552
3.58531746031746,0.316179233576743,0.355788217351721,0.149902902984804,7.71196835335554
3.58541666666667,0.316152349546297,0.355772226664219,0.149831208082089,7.71216237933273
3.58551587301587,0.316125468518444,0.355756231585508,0.149759547403154,7.71235638318199
3.58561507936508,0.316098590492531,0.3557402321185,0.149687920932334,7.71255036490817
3.58571428571429,0.316071715467909,0.355724228266105,0.14961632865397,7.71274432451617
3.58581349206349,0.316044843443929,0.355708220031231,0.149544770552409,7.71293826201085
3.5859126984127,0.31601797441994,0.355692207416785,0.149473246612001,7.71313217739707
3.58601190476191,0.315991108395293,0.355676190425675,0.149401756817105,7.71332607067972
3.58611111111111,0.31596424536934,0.355660169060804,0.14933030115208,7.71351994186365
3.58621031746032,0.315937385341433,0.355644143325078,0.149258879601295,7.71371379095374
3.58630952380952,0.315910528310923,0.355628113221399,0.14918749214912,7.71390761795484
3.58640873015873,0.315883674277163,0.35561207875267,0.149116138779933,7.71410142287183
3.58650793650794,0.315856823239507,0.355596039921791,0.149044819478117,7.71429520570956
3.58660714285714,0.315829975197307,0.355579996731662,0.148973534228058,7.71448896647289
3.58670634920635,0.315803130149917,0.355563949185181,0.148902283014149,7.71468270516669
3.58680555555556,0.315776288096692,0.355547897285247,0.148831065820787,7.71487642179581
3.58690476190476,0.315749449036986,0.355531841034756,0.148759882632376,7.7150701163651
3.58700396825397,0.315722612970155,0.355515780436604,0.148688733433324,7.71526378887943
3.58710317460317,0.315695779895553,0.355499715493684,0.148617618208043,7.71545743934365
3.58720238095238,0.315668949812537,0.355483646208889,0.148546536940951,7.7156510677626
3.58730158730159,0.315642122720462,0.355467572585113,0.148475489616473,7.71584467414115
3.58740079365079,0.315615298618686,0.355451494625245,0.148404476219035,7.71603825848413
3.5875,0.315588477506566,0.355435412332176,0.148333496733073,7.7162318207964
3.58759920634921,0.315561659383458,0.355419325708795,0.148262551143024,7.7164253610828
3.58769841269841,0.315534844248722,0.355403234757989,0.148191639433333,7.71661887934817
3.58779761904762,0.315508032101715,0.355387139482645,0.148120761588449,7.71681237559737
3.58789682539683,0.315481222941797,0.355371039885648,0.148049917592826,7.71700584983523
3.58799603174603,0.315454416768325,0.355354935969884,0.147979107430922,7.7171993020666
3.58809523809524,0.315427613580661,0.355338827738234,0.147908331087204,7.71739273229631
3.58819444444444,0.315400813378163,0.355322715193582,0.147837588546139,7.7175861405292
3.58829365079365,0.315374016160193,0.355306598338808,0.147766879792203,7.71777952677011
3.58839285714286,0.31534722192611,0.355290477176794,0.147696204809876,7.71797289102387
3.58849206349206,0.315320430675277,0.355274351710416,0.147625563583642,7.71816623329532
3.58859126984127,0.315293642407055,0.355258221942554,0.147554956097993,7.71835955358928
3.58869047619048,0.315266857120806,0.355242087876084,0.147484382337423,7.7185528519106
3.58878968253968,0.315240074815893,0.355225949513882,0.147413842286432,7.71874612826409
3.58888888888889,0.315213295491677,0.355209806858822,0.147343335929526,7.7189393826546
3.5889880952381,0.315186519147524,0.355193659913778,0.147272863251216,7.71913261508693
3.5890873015873,0.315159745782796,0.355177508681622,0.147202424236017,7.71932582556592
3.58918650793651,0.315132975396857,0.355161353165226,0.147132018868452,7.7195190140964
3.58928571428571,0.315106207989072,0.355145193367458,0.147061647133045,7.71971218068317
3.58938492063492,0.315079443558806,0.35512902929119,0.146991309014328,7.71990532533108
3.58948412698413,0.315052682105425,0.355112860939288,0.146921004496837,7.72009844804492
3.58958333333333,0.315025923628293,0.355096688314619,0.146850733565114,7.72029154882954
3.58968253968254,0.314999168126778,0.35508051142005,0.146780496203706,7.72048462768972
3.58978174603175,0.314972415600245,0.355064330258444,0.146710292397163,7.72067768463031
3.58988095238095,0.314945666048063,0.355048144832666,0.146640122130045,7.7208707196561
3.58998015873016,0.314918919469598,0.355031955145577,0.146569985386912,7.72106373277191
3.59007936507937,0.314892175864217,0.35501576120004,0.146499882152331,7.72125672398256
3.59017857142857,0.31486543523129,0.354999562998915,0.146429812410875,7.72144969329284
3.59027777777778,0.314838697570186,0.35498336054506,0.146359776147122,7.72164264070757
3.59037698412698,0.314811962880271,0.354967153841334,0.146289773345653,7.72183556623156
3.59047619047619,0.314785231160918,0.354950942890593,0.146219803991058,7.72202846986961
3.5905753968254,0.314758502411495,0.354934727695695,0.146149868067929,7.72222135162652
3.5906746031746,0.314731776631373,0.354918508259493,0.146079965560863,7.7224142115071
3.59077380952381,0.314705053819922,0.35490228458484,0.146010096454465,7.72260704951614
3.59087301587302,0.314678333976514,0.354886056674591,0.145940260733342,7.72279986565846
3.59097222222222,0.31465161710052,0.354869824531596,0.145870458382107,7.72299265993884
3.59107142857143,0.314624903191312,0.354853588158706,0.145800689385381,7.72318543236208
3.59117063492063,0.314598192248263,0.354837347558769,0.145730953727785,7.72337818293297
3.59126984126984,0.314571484270744,0.354821102734635,0.145661251393949,7.72357091165633
3.59136904761905,0.314544779258131,0.35480485368915,0.145591582368508,7.72376361853692
3.59146825396825,0.314518077209795,0.35478860042516,0.1455219466361,7.72395630357954
3.59156746031746,0.314491378125111,0.354772342945511,0.14545234418137,7.72414896678899
3.59166666666667,0.314464682003454,0.354756081253045,0.145382774988967,7.72434160817006
3.59176587301587,0.314437988844198,0.354739815350607,0.145313239043546,7.72453422772752
3.59186507936508,0.314411298646719,0.354723545241036,0.145243736329766,7.72472682546616
3.59196428571429,0.314384611410392,0.354707270927175,0.145174266832292,7.72491940139078
3.59206349206349,0.314357927134593,0.354690992411861,0.145104830535795,7.72511195550614
3.5921626984127,0.314331245818699,0.354674709697935,0.145035427424949,7.72530448781704
3.5922619047619,0.314304567462087,0.354658422788232,0.144966057484435,7.72549699832824
3.59236111111111,0.314277892064135,0.354642131685589,0.144896720698938,7.72568948704454
3.59246031746032,0.314251219624219,0.354625836392842,0.144827417053148,7.7258819539707
3.59255952380952,0.314224550141717,0.354609536912823,0.144758146531762,7.7260743991115
3.59265873015873,0.31419788361601,0.354593233248366,0.144688909119481,7.72626682247172
3.59275793650794,0.314171220046475,0.354576925402303,0.144619704801009,7.72645922405613
3.59285714285714,0.314144559432491,0.354560613377464,0.144550533561059,7.7266516038695
3.59295634920635,0.31411790177344,0.354544297176679,0.144481395384347,7.72684396191659
3.59305555555556,0.3140912470687,0.354527976802775,0.144412290255593,7.72703629820219
3.59315476190476,0.314064595317653,0.354511652258582,0.144343218159526,7.72722861273104
3.59325396825397,0.31403794651968,0.354495323546924,0.144274179080875,7.72742090550793
3.59335317460318,0.314011300674161,0.354478990670628,0.144205173004378,7.72761317653761
3.59345238095238,0.31398465778048,0.354462653632516,0.144136199914777,7.72780542582484
3.59355158730159,0.313958017838017,0.354446312435412,0.14406725979682,7.72799765337439
3.59365079365079,0.313931380846157,0.354429967082139,0.143998352635258,7.72818985919102
3.59375,0.313904746804281,0.354413617575516,0.143929478414848,7.72838204327948
3.59384920634921,0.313878115711774,0.354397263918363,0.143860637120354,7.72857420564454
3.59394841269841,0.313851487568019,0.354380906113499,0.143791828736543,7.72876634629094
3.59404761904762,0.3138248623724,0.354364544163742,0.143723053248187,7.72895846522344
3.59414682539682,0.313798240124304,0.354348178071907,0.143654310640065,7.7291505624468
3.59424603174603,0.313771620823113,0.35433180784081,0.143585600896959,7.72934263796576
3.59434523809524,0.313745004468216,0.354315433473266,0.143516924003658,7.72953469178508
3.59444444444444,0.313718391058996,0.354299054972087,0.143448279944956,7.7297267239095
3.59454365079365,0.313691780594841,0.354282672340085,0.14337966870565,7.72991873434377
3.59464285714286,0.313665173075137,0.354266285580071,0.143311090270545,7.73011072309264
3.59474206349206,0.313638568499272,0.354249894694856,0.143242544624448,7.73030269016085
3.59484126984127,0.313611966866633,0.354233499687247,0.143174031752174,7.73049463555314
3.59494047619048,0.313585368176608,0.354217100560052,0.143105551638543,7.73068655927425
3.59503968253968,0.313558772428587,0.354200697316078,0.143037104268378,7.73087846132893
3.59513888888889,0.313532179621957,0.354184289958131,0.142968689626508,7.73107034172191
3.5952380952381,0.313505589756107,0.354167878489014,0.142900307697768,7.73126220045793
3.5953373015873,0.313479002830429,0.35415146291153,0.142831958466998,7.73145403754172
3.59543650793651,0.313452418844311,0.354135043228483,0.142763641919042,7.73164585297803
3.59553571428571,0.313425837797145,0.354118619442672,0.14269535803875,7.73183764677157
3.59563492063492,0.313399259688321,0.354102191556898,0.142627106810977,7.73202941892709
3.59573412698413,0.31337268451723,0.35408575957396,0.142558888220584,7.73222116944931
3.59583333333333,0.313346112283265,0.354069323496655,0.142490702252435,7.73241289834296
3.59593253968254,0.313319542985817,0.35405288332778,0.142422548891402,7.73260460561277
3.59603174603175,0.31329297662428,0.35403643907013,0.142354428122359,7.73279629126346
3.59613095238095,0.313266413198045,0.3540199907265,0.142286339930187,7.73298795529976
3.59623015873016,0.313239852706507,0.354003538299684,0.142218284299773,7.7331795977264
3.59632936507937,0.31321329514906,0.353987081792473,0.142150261216006,7.73337121854808
3.59642857142857,0.313186740525097,0.353970621207659,0.142082270663784,7.73356281776954
3.59652777777778,0.313160188834013,0.353954156548031,0.142014312628008,7.73375439539548
3.59662698412698,0.313133640075204,0.353937687816379,0.141946387093584,7.73394595143064
3.59672619047619,0.313107094248065,0.35392121501549,0.141878494045423,7.73413748587972
3.5968253968254,0.313080551351991,0.353904738148152,0.141810633468442,7.73432899874743
3.5969246031746,0.313054011386379,0.353888257217149,0.141742805347564,7.7345204900385
3.59702380952381,0.313027474350626,0.353871772225267,0.141675009667714,7.73471195975763
3.59712301587302,0.313000940244129,0.353855283175288,0.141607246413826,7.73490340790953
3.59722222222222,0.312974409066285,0.353838790069996,0.141539515570836,7.73509483449891
3.59732142857143,0.312947880816493,0.353822292912171,0.141471817123686,7.73528623953048
3.59742063492063,0.312921355494151,0.353805791704594,0.141404151057325,7.73547762300894
3.59751984126984,0.312894833098657,0.353789286450044,0.141336517356705,7.735668984939
3.59761904761905,0.31286831362941,0.353772777151298,0.141268916006784,7.73586032532536
3.59771825396825,0.312841797085811,0.353756263811134,0.141201346992524,7.73605164417273
3.59781746031746,0.31281528346726,0.353739746432327,0.141133810298893,7.73624294148579
3.59791666666667,0.312788772773156,0.353723225017652,0.141066305910866,7.73643421726926
3.59801587301587,0.3127622650029,0.353706699569883,0.14099883381342,7.73662547152782
3.59811507936508,0.312735760155895,0.353690170091791,0.140931393991539,7.73681670426618
3.59821428571429,0.312709258231541,0.35367363658615,0.140863986430211,7.73700791548902
3.59831349206349,0.312682759229241,0.353657099055727,0.140796611114431,7.73719910520105
3.5984126984127,0.312656263148397,0.353640557503294,0.140729268029196,7.73739027340695
3.5985119047619,0.312629769988412,0.353624011931618,0.140661957159512,7.73758142011141
3.59861111111111,0.312603279748689,0.353607462343466,0.140594678490387,7.73777254531912
3.59871031746032,0.312576792428633,0.353590908741603,0.140527432006835,7.73796364903477
3.59880952380952,0.312550308027646,0.353574351128796,0.140460217693877,7.73815473126305
3.59890873015873,0.312523826545135,0.353557789507807,0.140393035536536,7.73834579200863
3.59900793650794,0.312497347980503,0.353541223881398,0.140325885519843,7.73853683127621
3.59910714285714,0.312470872333156,0.353524654252333,0.140258767628832,7.73872784907046
3.59920634920635,0.312444399602501,0.35350808062337,0.140191681848544,7.73891884539606
3.59930555555556,0.312417929787942,0.353491502997269,0.140124628164023,7.7391098202577
3.59940476190476,0.312391462888887,0.353474921376789,0.14005760656032,7.73930077366004
3.59950396825397,0.312364998904744,0.353458335764687,0.13999061702249,7.73949170560777
3.59960317460317,0.312338537834918,0.353441746163718,0.139923659535595,7.73968261610556
3.59970238095238,0.312312079678818,0.353425152576637,0.139856734084698,7.73987350515809
3.59980158730159,0.312285624435853,0.353408555006199,0.139789840654873,7.74006437277002
3.59990079365079,0.312259172105431,0.353391953455156,0.139722979231193,7.74025521894602
3.6,0.312232722686962,0.35337534792626,0.139656149798741,7.74044604369076
3.60009920634921,0.312206276179853,0.353358738422261,0.139589352342603,7.74063684700892
3.60019841269841,0.312179832583517,0.353342124945908,0.13952258684787,7.74082762890515
3.60029761904762,0.312153391897362,0.35332550749995,0.139455853299639,7.74101838938413
3.60039682539683,0.3121269541208,0.353308886087135,0.139389151683012,7.74120912845051
3.60049603174603,0.312100519253242,0.353292260710208,0.139322481983095,7.74139984610895
3.60059523809524,0.3120740872941,0.353275631371915,0.139255844185,7.74159054236413
3.60069444444444,0.312047658242785,0.353258998074999,0.139189238273845,7.74178121722068
3.60079365079365,0.312021232098709,0.353242360822203,0.139122664234751,7.74197187068328
3.60089285714286,0.311994808861287,0.353225719616269,0.139056122052847,7.74216250275658
3.60099206349206,0.31196838852993,0.353209074459937,0.138989611713264,7.74235311344523
3.60109126984127,0.311941971104053,0.353192425355948,0.13892313320114,7.74254370275389
3.60119047619048,0.311915556583069,0.35317577230704,0.138856686501618,7.74273427068721
3.60128968253968,0.311889144966393,0.353159115315949,0.138790271599846,7.74292481724983
3.60138888888889,0.311862736253441,0.353142454385413,0.138723888480978,7.74311534244641
3.60148809523809,0.311836330443626,0.353125789518166,0.138657537130171,7.7433058462816
3.6015873015873,0.311809927536365,0.353109120716943,0.138591217532588,7.74349632876003
3.60168650793651,0.311783527531075,0.353092447984476,0.138524929673398,7.74368678988637
3.60178571428571,0.31175713042717,0.353075771323497,0.138458673537776,7.74387722966524
3.60188492063492,0.31173073622407,0.353059090736738,0.138392449110899,7.74406764810129
3.60198412698413,0.31170434492119,0.353042406226928,0.138326256377951,7.74425804519916
3.60208333333333,0.311677956517949,0.353025717796795,0.138260095324122,7.74444842096349
3.60218253968254,0.311651571013764,0.353009025449066,0.138193965934606,7.74463877539892
3.60228174603175,0.311625188408055,0.352992329186469,0.138127868194601,7.74482910851008
3.60238095238095,0.31159880870024,0.352975629011729,0.138061802089314,7.74501942030161
3.60248015873016,0.311572431889739,0.352958924927569,0.137995767603952,7.74520971077814
3.60257936507937,0.311546057975972,0.352942216936714,0.137929764723732,7.7453999799443
3.60267857142857,0.311519686958358,0.352925505041884,0.137863793433873,7.74559022780473
3.60277777777778,0.311493318836319,0.3529087892458,0.137797853719599,7.74578045436405
3.60287698412698,0.311466953609275,0.352892069551184,0.137731945566141,7.74597065962689
3.60297619047619,0.311440591276649,0.352875345960752,0.137666068958735,7.74616084359787
3.6030753968254,0.311414231837861,0.352858618477224,0.13760022388262,7.74635100628163
3.6031746031746,0.311387875292335,0.352841887103315,0.137534410323043,7.74654114768278
3.60327380952381,0.311361521639492,0.35282515184174,0.137468628265254,7.74673126780595
3.60337301587302,0.311335170878757,0.352808412695215,0.137402877694509,7.74692136665575
3.60347222222222,0.311308823009553,0.352791669666452,0.137337158596069,7.74711144423681
3.60357142857143,0.311282478031303,0.352774922758164,0.1372714709552,7.74730150055374
3.60367063492063,0.311256135943431,0.352758171973061,0.137205814757173,7.74749153561116
3.60376984126984,0.311229796745364,0.352741417313853,0.137140189987265,7.74768154941368
3.60386904761905,0.311203460436525,0.35272465878325,0.137074596630758,7.74787154196592
3.60396825396825,0.311177127016342,0.352707896383958,0.137009034672938,7.7480615132725
3.60406746031746,0.311150796484238,0.352691130118686,0.136943504099096,7.74825146333801
3.60416666666667,0.311124468839642,0.352674359990137,0.136878004894531,7.74844139216707
3.60426587301587,0.311098144081979,0.352657586001017,0.136812537044544,7.74863129976428
3.60436507936508,0.311071822210678,0.352640808154029,0.136747100534442,7.74882118613426
3.60446428571429,0.311045503225165,0.352624026451875,0.136681695349537,7.74901105128161
3.60456349206349,0.311019187124869,0.352607240897256,0.136616321475148,7.74920089521093
3.6046626984127,0.310992873909218,0.352590451492872,0.136550978896597,7.74939071792682
3.6047619047619,0.310966563577642,0.352573658241423,0.136485667599211,7.74958051943389
3.60486111111111,0.310940256129569,0.352556861145606,0.136420387568324,7.74977029973672
3.60496031746032,0.31091395156443,0.352540060208118,0.136355138789274,7.74996005883993
3.60505952380952,0.310887649881654,0.352523255431655,0.136289921247404,7.75014979674811
3.60515873015873,0.310861351080672,0.35250644681891,0.136224734928062,7.75033951346585
3.60525793650794,0.310835055160914,0.352489634372579,0.136159579816602,7.75052920899774
3.60535714285714,0.310808762121814,0.352472818095352,0.136094455898383,7.75071888334838
3.60545634920635,0.310782471962801,0.352455997989921,0.136029363158768,7.75090853652236
3.60555555555556,0.310756184683309,0.352439174058977,0.135964301583126,7.75109816852426
3.60565476190476,0.310729900282769,0.352422346305208,0.135899271156831,7.75128777935868
3.60575396825397,0.310703618760616,0.352405514731303,0.135834271865263,7.7514773690302
3.60585317460317,0.310677340116282,0.352388679339948,0.135769303693806,7.75166693754341
3.60595238095238,0.310651064349202,0.352371840133829,0.13570436662785,7.75185648490288
3.60605158730159,0.310624791458809,0.352354997115631,0.135639460652788,7.75204601111321
3.60615079365079,0.310598521444538,0.352338150288038,0.13557458575402,7.75223551617897
3.60625,0.310572254305825,0.352321299653731,0.135509741916953,7.75242500010475
3.60634920634921,0.310545990042104,0.352304445215393,0.135444929126995,7.75261446289511
3.60644841269841,0.310519728652813,0.352287586975703,0.135380147369562,7.75280390455463
3.60654761904762,0.310493470137386,0.352270724937341,0.135315396630074,7.7529933250879
3.60664682539683,0.310467214495261,0.352253859102984,0.135250676893956,7.75318272449949
3.60674603174603,0.310440961725876,0.352236989475311,0.13518598814664,7.75337210279396
3.60684523809524,0.310414711828667,0.352220116056996,0.135121330373561,7.75356145997588
3.60694444444444,0.310388464803072,0.352203238850715,0.13505670356016,7.75375079604984
3.60704365079365,0.310362220648531,0.352186357859141,0.134992107691882,7.75394011102038
3.60714285714286,0.310335979364481,0.352169473084947,0.13492754275418,7.75412940489209
3.60724206349206,0.310309740950363,0.352152584530805,0.134863008732508,7.75431867766953
3.60734126984127,0.310283505405615,0.352135692199384,0.13479850561233,7.75450792935725
3.60744047619048,0.310257272729678,0.352118796093355,0.134734033379111,7.75469715995983
3.60753968253968,0.310231042921992,0.352101896215385,0.134669592018322,7.75488636948182
3.60763888888889,0.310204815981998,0.352084992568141,0.134605181515441,7.75507555792778
3.6077380952381,0.310178591909138,0.35206808515429,0.134540801855951,7.75526472530227
3.6078373015873,0.310152370702852,0.352051173976496,0.134476453025337,7.75545387160984
3.60793650793651,0.310126152362584,0.352034259037424,0.134412135009093,7.75564299685506
3.60803571428571,0.310099936887775,0.352017340339735,0.134347847792715,7.75583210104248
3.60813492063492,0.310073724277869,0.352000417886092,0.134283591361706,7.75602118417664
3.60823412698413,0.310047514532309,0.351983491679156,0.134219365701574,7.7562102462621
3.60833333333333,0.310021307650539,0.351966561721585,0.134155170797832,7.7563992873034
3.60843253968254,0.309995103632003,0.351949628016038,0.134091006635997,7.7565883073051
3.60853174603175,0.309968902476145,0.351932690565172,0.134026873201594,7.75677730627175
3.60863095238095,0.30994270418241,0.351915749371644,0.133962770480149,7.75696628420788
3.60873015873016,0.309916508750245,0.351898804438108,0.133898698457196,7.75715524111804
3.60882936507937,0.309890316179094,0.351881855767219,0.133834657118275,7.75734417700678
3.60892857142857,0.309864126468405,0.351864903361629,0.133770646448928,7.75753309187863
3.60902777777778,0.309837939617623,0.351847947223989,0.133706666434704,7.75772198573813
3.60912698412698,0.309811755626195,0.351830987356952,0.133642717061157,7.75791085858983
3.60922619047619,0.30978557449357,0.351814023763166,0.133578798313847,7.75809971043825
3.6093253968254,0.309759396219195,0.351797056445279,0.133514910178337,7.75828854128794
3.6094246031746,0.309733220802519,0.35178008540594,0.133451052640198,7.75847735114342
3.60952380952381,0.309707048242989,0.351763110647793,0.133387225685002,7.75866614000924
3.60962301587302,0.309680878540056,0.351746132173486,0.133323429298331,7.75885490788991
3.60972222222222,0.309654711693168,0.351729149985661,0.133259663465768,7.75904365478998
3.60982142857143,0.309628547701776,0.351712164086961,0.133195928172904,7.75923238071396
3.60992063492063,0.30960238656533,0.351695174480029,0.133132223405334,7.75942108566639
3.61001984126984,0.309576228283282,0.351678181167506,0.133068549148658,7.75960976965178
3.61011904761905,0.309550072855081,0.35166118415203,0.133004905388481,7.75979843267467
3.61021825396825,0.30952392028018,0.351644183436241,0.132941292110414,7.75998707473958
3.61031746031746,0.30949777055803,0.351627179022776,0.132877709300072,7.76017569585103
3.61041666666667,0.309471623688085,0.351610170914271,0.132814156943077,7.76036429601353
3.61051587301587,0.309445479669796,0.351593159113362,0.132750635025053,7.76055287523161
3.61061507936508,0.309419338502618,0.351576143622683,0.132687143531632,7.76074143350978
3.61071428571429,0.309393200186004,0.351559124444866,0.13262368244845,7.76092997085255
3.61081349206349,0.309367064719408,0.351542101582545,0.132560251761149,7.76111848726445
3.6109126984127,0.309340932102284,0.35152507503835,0.132496851455374,7.76130698274998
3.6110119047619,0.309314802334087,0.351508044814911,0.132433481516778,7.76149545731365
3.61111111111111,0.309288675414273,0.351491010914856,0.132370141931018,7.76168391095998
3.61121031746032,0.309262551342298,0.351473973340813,0.132306832683754,7.76187234369347
3.61130952380952,0.309236430117617,0.351456932095409,0.132243553760654,7.76206075551863
3.61140873015873,0.309210311739687,0.351439887181269,0.132180305147391,7.76224914643996
3.61150793650794,0.309184196207965,0.351422838601017,0.13211708682964,7.76243751646197
3.61160714285714,0.309158083521909,0.351405786357277,0.132053898793086,7.76262586558917
3.61170634920635,0.309131973680976,0.35138873045267,0.131990741023416,7.76281419382604
3.61180555555556,0.309105866684625,0.351371670889818,0.131927613506321,7.7630025011771
3.61190476190476,0.309079762532313,0.351354607671341,0.1318645162275,7.76319078764683
3.61200396825397,0.309053661223501,0.351337540799858,0.131801449172656,7.76337905323975
3.61210317460317,0.309027562757647,0.351320470277985,0.131738412327497,7.76356729796033
3.61220238095238,0.309001467134212,0.35130339610834,0.131675405677736,7.76375552181308
3.61230158730159,0.308975374352655,0.351286318293539,0.131612429209092,7.76394372480249
3.61240079365079,0.308949284412438,0.351269236836196,0.131549482907289,7.76413190693305
3.6125,0.308923197313021,0.351252151738924,0.131486566758054,7.76432006820925
3.61259920634921,0.308897113053866,0.351235063004336,0.131423680747121,7.76450820863557
3.61269841269841,0.308871031634435,0.351217970635042,0.13136082486023,7.76469632821651
3.61279761904762,0.30884495305419,0.351200874633652,0.131297999083125,7.76488442695655
3.61289682539683,0.308818877312595,0.351183775002777,0.131235203401555,7.76507250486017
3.61299603174603,0.308792804409111,0.351166671745023,0.131172437801274,7.76526056193187
3.61309523809524,0.308766734343203,0.351149564862997,0.131109702268042,7.7654485981761
3.61319444444444,0.308740667114335,0.351132454359305,0.131046996787623,7.76563661359737
3.61329365079365,0.308714602721971,0.351115340236552,0.130984321345787,7.76582460820014
3.61339285714286,0.308688541165576,0.351098222497341,0.13092167592831,7.7660125819889
3.61349206349206,0.308662482444615,0.351081101144274,0.13085906052097,7.76620053496811
3.61359126984127,0.308636426558554,0.351063976179952,0.130796475109554,7.76638846714226
3.61369047619048,0.308610373506859,0.351046847606977,0.130733919679851,7.76657637851581
3.61378968253968,0.308584323288996,0.351029715427946,0.130671394217658,7.76676426909324
3.61388888888889,0.308558275904432,0.351012579645458,0.130608898708774,7.76695213887901
3.6139880952381,0.308532231352634,0.35099544026211,0.130546433139006,7.7671399878776
3.6140873015873,0.308506189633071,0.350978297280498,0.130483997494165,7.76732781609347
3.61418650793651,0.30848015074521,0.350961150703216,0.130421591760065,7.76751562353108
3.61428571428571,0.308454114688519,0.350944000532857,0.130359215922529,7.76770341019491
3.61438492063492,0.308428081462469,0.350926846772015,0.130296869967384,7.76789117608942
3.61448412698413,0.308402051066527,0.350909689423281,0.130234553880459,7.76807892121905
3.61458333333333,0.308376023500164,0.350892528489245,0.130172267647593,7.76826664558829
3.61468253968254,0.308349998762851,0.350875363972496,0.130110011254626,7.76845434920157
3.61478174603175,0.308323976854057,0.350858195875622,0.130047784687406,7.76864203206337
3.61488095238095,0.308297957773253,0.350841024201211,0.129985587931784,7.76882969417813
3.61498015873016,0.308271941519911,0.350823848951848,0.129923420973618,7.76901733555032
3.61507936507937,0.308245928093504,0.350806670130118,0.12986128379877,7.76920495618438
3.61517857142857,0.308219917493502,0.350789487738605,0.129799176393107,7.76939255608476
3.61527777777778,0.308193909719379,0.350772301779891,0.129737098742503,7.76958013525591
3.61537698412698,0.308167904770608,0.350755112256559,0.129675050832834,7.76976769370229
3.61547619047619,0.308141902646662,0.350737919171188,0.129613032649983,7.76995523142834
3.6155753968254,0.308115903347015,0.350720722526357,0.129551044179839,7.77014274843851
3.6156746031746,0.308089906871142,0.350703522324645,0.129489085408294,7.77033024473723
3.61577380952381,0.308063913218517,0.35068631856863,0.129427156321247,7.77051772032896
3.61587301587302,0.308037922388615,0.350669111260886,0.129365256904602,7.77070517521814
3.61597222222222,0.308011934380912,0.35065190040399,0.129303387144266,7.77089260940919
3.61607142857143,0.307985949194884,0.350634686000514,0.129241547026154,7.77108002290657
3.61617063492063,0.307959966830007,0.350617468053032,0.129179736536184,7.77126741571471
3.61626984126984,0.307933987285758,0.350600246564116,0.12911795566028,7.77145478783805
3.61636904761905,0.307908010561614,0.350583021536335,0.129056204384372,7.77164213928101
3.61646825396825,0.307882036657053,0.350565792972259,0.128994482694393,7.77182947004804
3.61656746031746,0.307856065571552,0.350548560874457,0.128932790576282,7.77201678014356
3.61666666666667,0.307830097304591,0.350531325245496,0.128871128015986,7.77220406957201
3.61676587301587,0.307804131855647,0.350514086087942,0.128809494999452,7.77239133833781
3.61686507936508,0.307778169224201,0.35049684340436,0.128747891512636,7.77257858644539
3.61696428571429,0.307752209409732,0.350479597197315,0.128686317541498,7.77276581389917
3.61706349206349,0.30772625241172,0.350462347469368,0.128624773072003,7.77295302070359
3.6171626984127,0.307700298229645,0.350445094223081,0.128563258090121,7.77314020686306
3.61726190476191,0.307674346862989,0.350427837461017,0.128501772581827,7.773327372382
3.61736111111111,0.307648398311233,0.350410577185733,0.128440316533102,7.77351451726484
3.61746031746032,0.307622452573858,0.350393313399788,0.128378889929931,7.77370164151599
3.61755952380952,0.307596509650346,0.350376046105741,0.128317492758306,7.77388874513988
3.61765873015873,0.307570569540181,0.350358775306146,0.128256125004222,7.77407582814091
3.61775793650794,0.307544632242845,0.35034150100356,0.12819478665368,7.7742628905235
3.61785714285714,0.307518697757821,0.350324223200536,0.128133477692687,7.77444993229206
3.61795634920635,0.307492766084594,0.350306941899627,0.128072198107253,7.77463695345101
3.61805555555556,0.307466837222647,0.350289657103385,0.128010947883395,7.77482395400475
3.61815476190476,0.307440911171466,0.350272368814362,0.127949727007135,7.7750109339577
3.61825396825397,0.307414987930534,0.350255077035106,0.127888535464499,7.77519789331426
3.61835317460317,0.307389067499338,0.350237781768167,0.12782737324152,7.77538483207884
3.61845238095238,0.307363149877364,0.350220483016091,0.127766240324234,7.77557175025584
3.61855158730159,0.307337235064097,0.350203180781426,0.127705136698684,7.77575864784967
3.61865079365079,0.307311323059025,0.350185875066716,0.127644062350916,7.77594552486472
3.61875,0.307285413861634,0.350168565874506,0.127583017266984,7.7761323813054
3.61884920634921,0.307259507471412,0.350151253207339,0.127522001432944,7.7763192171761
3.61894841269841,0.307233603887847,0.350133937067756,0.12746101483486,7.77650603248123
3.61904761904762,0.307207703110428,0.3501166174583,0.1274000574588,7.77669282722517
3.61914682539683,0.307181805138642,0.350099294381509,0.127339129290835,7.77687960141233
3.61924603174603,0.30715590997198,0.350081967839922,0.127278230317045,7.7770663550471
3.61934523809524,0.30713001760993,0.350064637836077,0.127217360523513,7.77725308813386
3.61944444444444,0.307104128051983,0.350047304372511,0.127156519896327,7.77743980067701
3.61954365079365,0.307078241297629,0.350029967451759,0.12709570842158,7.77762649268094
3.61964285714286,0.30705235734636,0.350012627076354,0.127034926085372,7.77781316415003
3.61974206349206,0.307026476197665,0.349995283248832,0.126974172873806,7.77799981508868
3.61984126984127,0.307000597851037,0.349977935971723,0.126913448772991,7.77818644550125
3.61994047619048,0.306974722305968,0.349960585247558,0.126852753769042,7.77837305539215
3.62003968253968,0.30694884956195,0.349943231078868,0.126792087848077,7.77855964476575
3.62013888888889,0.306922979618477,0.349925873468182,0.12673145099622,7.77874621362642
3.6202380952381,0.306897112475041,0.349908512418027,0.126670843199602,7.77893276197856
3.6203373015873,0.306871248131136,0.349891147930929,0.126610264444357,7.77911928982653
3.62043650793651,0.306845386586256,0.349873780009415,0.126549714716625,7.77930579717471
3.62053571428571,0.306819527839896,0.349856408656009,0.126489194002551,7.77949228402749
3.62063492063492,0.306793671891551,0.349839033873234,0.126428702288285,7.77967875038922
3.62073412698413,0.306767818740716,0.349821655663612,0.126368239559981,7.77986519626428
3.62083333333333,0.306741968386887,0.349804274029665,0.126307805803801,7.78005162165705
3.62093253968254,0.306716120829559,0.349786888973913,0.12624740100591,7.78023802657189
3.62103174603175,0.306690276068231,0.349769500498874,0.126187025152478,7.78042441101316
3.62113095238095,0.306664434102397,0.349752108607067,0.126126678229682,7.78061077498524
3.62123015873016,0.306638594931557,0.349734713301008,0.126066360223702,7.7807971184925
3.62132936507937,0.306612758555208,0.349717314583213,0.126006071120724,7.78098344153928
3.62142857142857,0.306586924972848,0.349699912456197,0.125945810906939,7.78116974412996
3.62152777777778,0.306561094183976,0.349682506922472,0.125885579568544,7.78135602626889
3.62162698412698,0.30653526618809,0.349665097984552,0.12582537709174,7.78154228796044
3.62172619047619,0.306509440984691,0.349647685644948,0.125765203462734,7.78172852920896
3.6218253968254,0.306483618573277,0.349630269906169,0.125705058667738,7.78191475001881
3.6219246031746,0.306457798953351,0.349612850770726,0.125644942692968,7.78210095039434
3.62202380952381,0.306431982124411,0.349595428241125,0.125584855524647,7.7822871303399
3.62212301587302,0.30640616808596,0.349578002319875,0.125524797149001,7.78247328985985
3.62222222222222,0.306380356837498,0.34956057300948,0.125464767552263,7.78265942895854
3.62232142857143,0.306354548378529,0.349543140312445,0.125404766720671,7.78284554764032
3.62242063492064,0.306328742708553,0.349525704231274,0.125344794640466,7.78303164590954
3.62251984126984,0.306302939827074,0.34950826476847,0.125284851297897,7.78321772377053
3.62261904761905,0.306277139733596,0.349490821926533,0.125224936679217,7.78340378122765
3.62271825396825,0.306251342427621,0.349473375707965,0.125165050770683,7.78358981828524
3.62281746031746,0.306225547908654,0.349455926115264,0.125105193558559,7.78377583494763
3.62291666666667,0.306199756176199,0.349438473150929,0.125045365029112,7.78396183121918
3.62301587301587,0.306173967229761,0.349421016817456,0.124985565168617,7.78414780710423
3.62311507936508,0.306148181068846,0.349403557117341,0.124925793963352,7.7843337626071
3.62321428571429,0.306122397692958,0.34938609405308,0.1248660513996,7.78451969773213
3.62331349206349,0.306096617101604,0.349368627627166,0.124806337463651,7.78470561248366
3.6234126984127,0.306070839294291,0.349351157842091,0.124746652141798,7.78489150686603
3.6235119047619,0.306045064270525,0.349333684700348,0.124686995420341,7.78507738088356
3.62361111111111,0.306019292029814,0.349316208204426,0.124627367285583,7.78526323454058
3.62371031746032,0.305993522571665,0.349298728356815,0.124567767723834,7.78544906784143
3.62380952380952,0.305967755895587,0.349281245160003,0.124508196721409,7.78563488079043
3.62390873015873,0.305941992001088,0.349263758616478,0.124448654264627,7.78582067339191
3.62400793650794,0.305916230887677,0.349246268728725,0.124389140339814,7.7860064456502
3.62410714285714,0.305890472554864,0.349228775499229,0.124329654933298,7.7861921975696
3.62420634920635,0.305864717002157,0.349211278930474,0.124270198031416,7.78637792915446
3.62430555555556,0.305838964229069,0.349193779024943,0.124210769620507,7.78656364040909
3.62440476190476,0.305813214235108,0.349176275785118,0.124151369686916,7.7867493313378
3.62450396825397,0.305787467019787,0.349158769213478,0.124091998216995,7.78693500194493
3.62460317460318,0.305761722582616,0.349141259312505,0.124032655197098,7.78712065223477
3.62470238095238,0.305735980923107,0.349123746084675,0.123973340613587,7.78730628221165
3.62480158730159,0.305710242040774,0.349106229532466,0.123914054452828,7.78749189187989
3.62490079365079,0.305684505935127,0.349088709658355,0.123854796701191,7.78767748124378
3.625,0.305658772605681,0.349071186464816,0.123795567345053,7.78786305030765
3.62509920634921,0.305633042051949,0.349053659954323,0.123736366370796,7.7880485990758
3.62519841269841,0.305607314273445,0.34903613012935,0.123677193764804,7.78823412755255
3.62529761904762,0.305581589269684,0.349018596992368,0.123618049513471,7.78841963574219
3.62539682539683,0.305555867040179,0.349001060545847,0.123558933603193,7.78860512364903
3.62549603174603,0.305530147584446,0.348983520792258,0.123499846020372,7.78879059127738
3.62559523809524,0.305504430902001,0.348965977734068,0.123440786751414,7.78897603863153
3.62569444444444,0.30547871699236,0.348948431373746,0.123381755782733,7.7891614657158
3.62579365079365,0.305453005855038,0.348930881713757,0.123322753100745,7.78934687253447
3.62589285714286,0.305427297489554,0.348913328756567,0.123263778691873,7.78953225909185
3.62599206349206,0.305401591895424,0.348895772504639,0.123204832542544,7.78971762539223
3.62609126984127,0.305375889072165,0.348878212960438,0.123145914639191,7.78990297143991
3.62619047619048,0.305350189019297,0.348860650126423,0.123087024968252,7.79008829723917
3.62628968253968,0.305324491736336,0.348843084005058,0.12302816351617,7.79027360279432
3.62638888888889,0.305298797222803,0.3488255145988,0.122969330269394,7.79045888810965
3.6264880952381,0.305273105478216,0.348807941910109,0.122910525214375,7.79064415318944
3.6265873015873,0.305247416502095,0.348790365941443,0.122851748337574,7.79082939803798
3.62668650793651,0.30522173029396,0.348772786695257,0.122792999625453,7.79101462265955
3.62678571428571,0.305196046853333,0.348755204174007,0.12273427906448,7.79119982705845
3.62688492063492,0.305170366179732,0.348737618380147,0.122675586641131,7.79138501123896
3.62698412698413,0.305144688272681,0.34872002931613,0.122616922341884,7.79157017520535
3.62708333333333,0.305119013131701,0.348702436984409,0.122558286153222,7.79175531896191
3.62718253968254,0.305093340756313,0.348684841387434,0.122499678061636,7.79194044251292
3.62728174603175,0.305067671146041,0.348667242527655,0.12244109805362,7.79212554586266
3.62738095238095,0.305042004300408,0.348649640407521,0.122382546115673,7.7923106290154
3.62748015873016,0.305016340218936,0.34863203502948,0.122324022234299,7.79249569197542
3.62757936507937,0.304990678901151,0.348614426395977,0.122265526396009,7.79268073474699
3.62767857142857,0.304965020346575,0.348596814509459,0.122207058587318,7.79286575733439
3.62777777777778,0.304939364554734,0.34857919937237,0.122148618794746,7.79305075974188
3.62787698412698,0.304913711525152,0.348561580987152,0.122090207004817,7.79323574197373
3.62797619047619,0.304888061257356,0.348543959356249,0.122031823204063,7.79342070403422
3.6280753968254,0.304862413750871,0.348526334482101,0.121973467379019,7.79360564592761
3.6281746031746,0.304836769005224,0.348508706367148,0.121915139516225,7.79379056765816
3.62827380952381,0.30481112701994,0.348491075013829,0.121856839602228,7.79397546923014
3.62837301587302,0.304785487794548,0.348473440424582,0.121798567623577,7.79416035064781
3.62847222222222,0.304759851328574,0.348455802601843,0.12174032356683,7.79434521191544
3.62857142857143,0.304734217621547,0.348438161548048,0.121682107418547,7.79453005303727
3.62867063492063,0.304708586672995,0.348420517265632,0.121623919165295,7.79471487401757
3.62876984126984,0.304682958482447,0.348402869757027,0.121565758793645,7.7948996748606
3.62886904761905,0.304657333049432,0.348385219024667,0.121507626290174,7.79508445557061
3.62896825396825,0.30463171037348,0.348367565070981,0.121449521641464,7.79526921615185
3.62906746031746,0.30460609045412,0.348349907898401,0.121391444834101,7.79545395660858
3.62916666666667,0.304580473290883,0.348332247509355,0.121333395854678,7.79563867694505
3.62926587301587,0.304554858883301,0.348314583906272,0.121275374689792,7.79582337716551
3.62936507936508,0.304529247230903,0.348296917091577,0.121217381326044,7.7960080572742
3.62946428571429,0.304503638333222,0.348279247067697,0.121159415750044,7.79619271727537
3.62956349206349,0.30447803218979,0.348261573837056,0.121101477948402,7.79637735717328
3.6296626984127,0.30445242880014,0.348243897402078,0.121043567907737,7.79656197697215
3.6297619047619,0.304426828163804,0.348226217765185,0.120985685614672,7.79674657667624
3.62986111111111,0.304401230280315,0.348208534928798,0.120927831055834,7.79693115628978
3.62996031746032,0.304375635149208,0.348190848895338,0.120870004217858,7.79711571581702
3.63005952380952,0.304350042770016,0.348173159667224,0.120812205087381,7.79730025526219
3.63015873015873,0.304324453142275,0.348155467246873,0.120754433651046,7.79748477462953
3.63025793650794,0.304298866265518,0.348137771636702,0.120696689895502,7.79766927392328
3.63035714285714,0.304273282139282,0.348120072839129,0.120638973807404,7.79785375314766
3.63045634920635,0.304247700763102,0.348102370856566,0.120581285373409,7.79803821230692
3.63055555555556,0.304222122136514,0.348084665691428,0.120523624580181,7.79822265140528
3.63065476190476,0.304196546259055,0.348066957346127,0.120465991414391,7.79840707044697
3.63075396825397,0.304170973130262,0.348049245823074,0.120408385862712,7.79859146943622
3.63085317460317,0.304145402749673,0.348031531124681,0.120350807911823,7.79877584837726
3.63095238095238,0.304119835116825,0.348013813253356,0.120293257548409,7.79896020727431
3.63105158730159,0.304094270231257,0.347996092211507,0.12023573475916,7.7991445461316
3.63115079365079,0.304068708092507,0.347978368001541,0.120178239530771,7.79932886495335
3.63125,0.304043148700114,0.347960640625865,0.120120771849941,7.79951316374377
3.63134920634921,0.304017592053618,0.347942910086883,0.120063331703375,7.7996974425071
3.63144841269841,0.303992038152559,0.347925176386998,0.120005919077785,7.79988170124755
3.63154761904762,0.303966486996477,0.347907439528614,0.119948533959884,7.80006593996933
3.63164682539683,0.303940938584913,0.347889699514132,0.119891176336395,7.80025015867666
3.63174603174603,0.303915392917408,0.347871956345952,0.119833846194042,7.80043435737376
3.63184523809524,0.303889849993503,0.347854210026475,0.119776543519556,7.80061853606483
3.63194444444444,0.303864309812741,0.347836460558097,0.119719268299673,7.80080269475409
3.63204365079365,0.303838772374664,0.347818707943216,0.119662020521134,7.80098683344575
3.63214285714286,0.303813237678815,0.347800952184228,0.119604800170685,7.80117095214402
3.63224206349206,0.303787705724737,0.347783193283529,0.119547607235079,7.8013550508531
3.63234126984127,0.303762176511973,0.347765431243512,0.11949044170107,7.80153912957719
3.63244047619048,0.303736650040069,0.347747666066569,0.119433303555422,7.80172318832052
3.63253968253968,0.303711126308567,0.347729897755093,0.1193761927849,7.80190722708726
3.63263888888889,0.303685605317013,0.347712126311474,0.119319109376277,7.80209124588164
3.63273809523809,0.303660087064952,0.347694351738101,0.119262053316329,7.80227524470784
3.6328373015873,0.303634571551931,0.347676574037363,0.119205024591839,7.80245922357006
3.63293650793651,0.303609058777494,0.347658793211647,0.119148023189594,7.80264318247251
3.63303571428571,0.303583548741189,0.34764100926334,0.119091049096387,7.80282712141938
3.63313492063492,0.303558041442563,0.347623222194826,0.119034102299015,7.80301104041485
3.63323412698413,0.303532536881162,0.347605432008489,0.11897718278428,7.80319493946314
3.63333333333333,0.303507035056536,0.347587638706712,0.118920290538992,7.80337881856841
3.63343253968254,0.303481535968231,0.347569842291878,0.118863425549962,7.80356267773487
3.63353174603175,0.303456039615796,0.347552042766366,0.118806587804009,7.80374651696671
3.63363095238095,0.303430545998781,0.347534240132556,0.118749777287957,7.80393033626811
3.63373015873016,0.303405055116734,0.347516434392827,0.118692993988633,7.80411413564326
3.63382936507937,0.303379566969207,0.347498625549557,0.118636237892872,7.80429791509633
3.63392857142857,0.303354081555748,0.347480813605121,0.118579508987511,7.80448167463152
3.63402777777778,0.303328598875908,0.347462998561894,0.118522807259396,7.804665414253
3.63412698412698,0.303303118929239,0.347445180422251,0.118466132695374,7.80484913396496
3.63422619047619,0.303277641715293,0.347427359188565,0.1184094852823,7.80503283377157
3.6343253968254,0.30325216723362,0.347409534863208,0.118352865007033,7.80521651367702
3.6344246031746,0.303226695483773,0.34739170744855,0.118296271856438,7.80540017368547
3.63452380952381,0.303201226465305,0.347373876946961,0.118239705817385,7.80558381380109
3.63462301587302,0.30317576017777,0.34735604336081,0.118183166876747,7.80576743402808
3.63472222222222,0.30315029662072,0.347338206692465,0.118126655021405,7.80595103437058
3.63482142857143,0.303124835793709,0.347320366944291,0.118070170238243,7.80613461483278
3.63492063492063,0.303099377696293,0.347302524118654,0.118013712514153,7.80631817541885
3.63501984126984,0.303073922328025,0.347284678217919,0.117957281836028,7.80650171613294
3.63511904761905,0.30304846968846,0.347266829244448,0.11790087819077,7.80668523697923
3.63521825396825,0.303023019777156,0.347248977200603,0.117844501565284,7.80686873796188
3.63531746031746,0.302997572593667,0.347231122088746,0.11778815194648,7.80705221908506
3.63541666666667,0.30297212813755,0.347213263911236,0.117731829321275,7.80723568035291
3.63551587301587,0.302946686408361,0.347195402670432,0.117675533676589,7.80741912176962
3.63561507936508,0.302921247405659,0.347177538368691,0.117619264999349,7.80760254333932
3.63571428571429,0.302895811129,0.347159671008371,0.117563023276485,7.80778594506619
3.63581349206349,0.302870377577943,0.347141800591826,0.117506808494934,7.80796932695437
3.6359126984127,0.302844946752047,0.347123927121411,0.117450620641638,7.80815268900802
3.6360119047619,0.302819518650869,0.34710605059948,0.117394459703543,7.8083360312313
3.63611111111111,0.30279409327397,0.347088171028383,0.117338325667601,7.80851935362834
3.63621031746032,0.302768670620909,0.347070288410473,0.117282218520768,7.80870265620332
3.63630952380952,0.302743250691246,0.3470524027481,0.117226138250008,7.80888593896037
3.63640873015873,0.302717833484542,0.347034514043611,0.117170084842287,7.80906920190364
3.63650793650794,0.302692419000358,0.347016622299356,0.117114058284577,7.80925244503727
3.63660714285714,0.302667007238255,0.34699872751768,0.117058058563856,7.80943566836542
3.63670634920635,0.302641598197796,0.346980829700929,0.117002085667106,7.80961887189222
3.63680555555556,0.302616191878541,0.346962928851448,0.116946139581316,7.80980205562182
3.63690476190476,0.302590788280054,0.34694502497158,0.116890220293478,7.80998521955835
3.63700396825397,0.302565387401899,0.346927118063668,0.11683432779059,7.81016836370595
3.63710317460317,0.302539989243637,0.346909208130052,0.116778462059656,7.81035148806877
3.63720238095238,0.302514593804833,0.346891295173072,0.116722623087683,7.81053459265093
3.63730158730159,0.302489201085052,0.346873379195068,0.116666810861684,7.81071767745658
3.63740079365079,0.302463811083858,0.346855460198378,0.11661102536868,7.81090074248984
3.6375,0.302438423800816,0.346837538185337,0.116555266595694,7.81108378775485
3.63759920634921,0.302413039235492,0.346819613158283,0.116499534529753,7.81126681325573
3.63769841269841,0.302387657387452,0.346801685119549,0.116443829157893,7.81144981899662
3.63779761904762,0.302362278256261,0.346783754071469,0.116388150467152,7.81163280498164
3.63789682539683,0.302336901841487,0.346765820016376,0.116332498444575,7.81181577121492
3.63799603174603,0.302311528142697,0.3467478829566,0.116276873077211,7.81199871770059
3.63809523809524,0.302286157159458,0.346729942894472,0.116221274352114,7.81218164444276
3.63819444444444,0.302260788891339,0.346711999832321,0.116165702256346,7.81236455144556
3.63829365079365,0.302235423337907,0.346694053772475,0.116110156776969,7.81254743871311
3.63839285714286,0.302210060498733,0.346676104717261,0.116054637901054,7.81273030624952
3.63849206349206,0.302184700373383,0.346658152669005,0.115999145615677,7.81291315405892
3.63859126984127,0.30215934296143,0.346640197630031,0.115943679907917,7.81309598214541
3.63869047619048,0.302133988262441,0.346622239602664,0.11588824076486,7.81327879051313
3.63878968253968,0.302108636275989,0.346604278589225,0.115832828173597,7.81346157916617
3.63888888888889,0.302083287001643,0.346586314592036,0.115777442121222,7.81364434810865
3.6389880952381,0.302057940438976,0.346568347613417,0.115722082594838,7.81382709734468
3.6390873015873,0.302032596587558,0.346550377655688,0.11566674958155,7.81400982687837
3.63918650793651,0.302007255446962,0.346532404721167,0.115611443068468,7.81419253671382
3.63928571428571,0.301981917016761,0.34651442881217,0.11555616304271,7.81437522685515
3.63938492063492,0.301956581296526,0.346496449931014,0.115500909491397,7.81455789730646
3.63948412698413,0.301931248285833,0.346478468080014,0.115445682401654,7.81474054807184
3.63958333333333,0.301905917984254,0.346460483261483,0.115390481760614,7.81492317915541
3.63968253968254,0.301880590391363,0.346442495477733,0.115335307555414,7.81510579056126
3.63978174603175,0.301855265506736,0.346424504731078,0.115280159773195,7.81528838229348
3.63988095238095,0.301829943329947,0.346406511023826,0.115225038401105,7.81547095435619
3.63998015873016,0.301804623860572,0.346388514358287,0.115169943426295,7.81565350675347
3.64007936507937,0.301779307098186,0.34637051473677,0.115114874835924,7.81583603948943
3.64017857142857,0.301753993042365,0.346352512161582,0.115059832617153,7.81601855256814
3.64027777777778,0.301728681692687,0.346334506635028,0.11500481675715,7.81620104599371
3.64037698412698,0.301703373048728,0.346316498159414,0.114949827243088,7.81638351977022
3.64047619047619,0.301678067110066,0.346298486737043,0.114894864062145,7.81656597390177
3.6405753968254,0.301652763876279,0.346280472370219,0.114839927201504,7.81674840839244
3.6406746031746,0.301627463346945,0.346262455061243,0.114785016648352,7.81693082324631
3.64077380952381,0.301602165521643,0.346244434812415,0.114730132389884,7.81711321846748
3.64087301587302,0.301576870399951,0.346226411626035,0.114675274413298,7.81729559406002
3.64097222222222,0.301551577981449,0.346208385504402,0.114620442705797,7.81747795002803
3.64107142857143,0.301526288265719,0.346190356449812,0.114565637254591,7.81766028637556
3.64117063492063,0.301501001252338,0.346172324464563,0.114510858046892,7.81784260310672
3.64126984126984,0.30147571694089,0.346154289550948,0.11445610506992,7.81802490022556
3.64136904761905,0.301450435330953,0.346136251711262,0.1144013783109,7.81820717773618
3.64146825396825,0.301425156422112,0.346118210947798,0.11434667775706,7.81838943564265
3.64156746031746,0.301399880213946,0.346100167262848,0.114292003395634,7.81857167394903
3.64166666666667,0.301374606706039,0.346082120658702,0.114237355213864,7.8187538926594
3.64176587301587,0.301349335897973,0.34606407113765,0.114182733198992,7.81893609177784
3.64186507936508,0.301324067789333,0.34604601870198,0.114128137338269,7.8191182713084
3.64196428571429,0.301298802379701,0.34602796335398,0.11407356761895,7.81930043125516
3.64206349206349,0.301273539668661,0.346009905095936,0.114019024028296,7.81948257162219
3.6421626984127,0.301248279655798,0.345991843930134,0.11396450655357,7.81966469241354
3.6422619047619,0.301223022340697,0.345973779858857,0.113910015182045,7.81984679363329
3.64236111111111,0.301197767722944,0.345955712884388,0.113855549900995,7.82002887528548
3.64246031746032,0.301172515802123,0.34593764300901,0.1138011106977,7.8202109373742
3.64255952380952,0.301147266577821,0.345919570235002,0.113746697559448,7.82039297990349
3.64265873015873,0.301122020049625,0.345901494564646,0.113692310473528,7.82057500287741
3.64275793650794,0.301096776217122,0.34588341600022,0.113637949427237,7.82075700630001
3.64285714285714,0.301071535079898,0.345865334544,0.113583614407876,7.82093899017536
3.64295634920635,0.301046296637543,0.345847250198264,0.113529305402752,7.82112095450751
3.64305555555556,0.301021060889643,0.345829162965286,0.113475022399175,7.8213028993005
3.64315476190476,0.300995827835788,0.345811072847342,0.113420765384464,7.82148482455839
3.64325396825397,0.300970597475566,0.345792979846704,0.113366534345938,7.82166673028523
3.64335317460317,0.300945369808567,0.345774883965644,0.113312329270926,7.82184861648507
3.64345238095238,0.300920144834382,0.345756785206433,0.113258150146759,7.82203048316195
3.64355158730159,0.300894922552599,0.345738683571341,0.113203996960775,7.82221233031991
3.64365079365079,0.300869702962811,0.345720579062637,0.113149869700316,7.822394157963
3.64375,0.300844486064607,0.345702471682588,0.11309576835273,7.82257596609527
3.64384920634921,0.30081927185758,0.345684361433462,0.113041692905369,7.82275775472075
3.64394841269841,0.30079406034132,0.345666248317522,0.11298764334559,7.82293952384348
3.64404761904762,0.300768851515422,0.345648132337034,0.112933619660757,7.8231212734675
3.64414682539683,0.300743645379477,0.345630013494262,0.112879621838238,7.82330300359685
3.64424603174603,0.300718441933079,0.345611891791466,0.112825649865406,7.82348471423556
3.64434523809524,0.300693241175821,0.345593767230909,0.112771703729639,7.82366640538766
3.64444444444444,0.300668043107297,0.34557563981485,0.112717783418322,7.82384807705719
3.64454365079365,0.300642847727101,0.345557509545548,0.112663888918841,7.82402972924818
3.64464285714286,0.300617655034829,0.345539376425261,0.112610020218592,7.82421136196466
3.64474206349206,0.300592465030075,0.345521240456245,0.112556177304972,7.82439297521065
3.64484126984127,0.300567277712435,0.345503101640756,0.112502360165387,7.82457456899018
3.64494047619048,0.300542093081506,0.345484959981049,0.112448568787245,7.82475614330728
3.64503968253968,0.300516911136883,0.345466815479377,0.11239480315796,7.82493769816596
3.64513888888889,0.300491731878164,0.345448668137992,0.112341063264952,7.82511923357026
3.6452380952381,0.300466555304945,0.345430517959145,0.112287349095646,7.8253007495242
3.6453373015873,0.300441381416825,0.345412364945087,0.112233660637471,7.82548224603178
3.64543650793651,0.300416210213402,0.345394209098066,0.112179997877862,7.82566372309704
3.64553571428571,0.300391041694274,0.345376050420331,0.112126360804259,7.82584518072398
3.64563492063492,0.30036587585904,0.345357888914128,0.112072749404107,7.82602661891662
3.64573412698413,0.300340712707299,0.345339724581703,0.112019163664857,7.82620803767898
3.64583333333333,0.300315552238651,0.3453215574253,0.111965603573963,7.82638943701506
3.64593253968254,0.300290394452697,0.345303387447163,0.111912069118887,7.82657081692889
3.64603174603175,0.300265239349037,0.345285214649535,0.111858560287094,7.82675217742446
3.64613095238095,0.300240086927271,0.345267039034656,0.111805077066055,7.82693351850578
3.64623015873016,0.300214937187002,0.345248860604767,0.111751619443246,7.82711484017687
3.64632936507937,0.300189790127831,0.345230679362107,0.111698187406148,7.82729614244173
3.64642857142857,0.30016464574936,0.345212495308914,0.111644780942247,7.82747742530436
3.64652777777778,0.300139504051192,0.345194308447425,0.111591400039035,7.82765868876876
3.64662698412698,0.300114365032931,0.345176118779876,0.111538044684007,7.82783993283893
3.64672619047619,0.300089228694179,0.345157926308502,0.111484714864667,7.82802115751888
3.6468253968254,0.30006409503454,0.345139731035535,0.11143141056852,7.8282023628126
3.6469246031746,0.300038964053619,0.345121532963209,0.111378131783079,7.82838354872409
3.64702380952381,0.30001383575102,0.345103332093755,0.111324878495861,7.82856471525734
3.64712301587302,0.29998871012635,0.345085128429404,0.111271650694387,7.82874586241635
3.64722222222222,0.299963587179212,0.345066921972384,0.111218448366185,7.82892699020511
3.64732142857143,0.299938466909213,0.345048712724924,0.111165271498789,7.82910809862761
3.64742063492063,0.299913349315959,0.345030500689251,0.111112120079734,7.82928918768784
3.64751984126984,0.299888234399058,0.345012285867591,0.111058994096565,7.82947025738978
3.64761904761905,0.299863122158116,0.344994068262168,0.111005893536829,7.82965130773743
3.64771825396825,0.299838012592741,0.344975847875207,0.110952818388078,7.82983233873477
3.64781746031746,0.299812905702541,0.344957624708929,0.110899768637873,7.83001335038579
3.64791666666667,0.299787801487124,0.344939398765558,0.110846744273774,7.83019434269446
3.64801587301587,0.2997626999461,0.344921170047312,0.110793745283352,7.83037531566476
3.64811507936508,0.299737601079077,0.344902938556411,0.11074077165418,7.83055626930069
3.64821428571429,0.299712504885665,0.344884704295075,0.110687823373836,7.83073720360621
3.64831349206349,0.299687411365474,0.344866467265519,0.110634900429904,7.83091811858529
3.6484126984127,0.299662320518115,0.34484822746996,0.110582002809973,7.83109901424193
3.64851190476191,0.299637232343199,0.344829984910612,0.110529130501638,7.83127989058009
3.64861111111111,0.299612146840336,0.344811739589691,0.110476283492498,7.83146074760374
3.64871031746032,0.299587064009139,0.344793491509408,0.110423461770158,7.83164158531685
3.64880952380952,0.29956198384922,0.344775240671975,0.110370665322226,7.8318224037234
3.64890873015873,0.299536906360191,0.344756987079603,0.110317894136317,7.83200320282734
3.64900793650794,0.299511831541666,0.344738730734501,0.110265148200052,7.83218398263266
3.64910714285714,0.299486759393257,0.344720471638878,0.110212427501056,7.83236474314331
3.64920634920635,0.299461689914578,0.34470220979494,0.110159732026958,7.83254548436326
3.64930555555556,0.299436623105244,0.344683945204895,0.110107061765394,7.83272620629647
3.64940476190476,0.29941155896487,0.344665677870947,0.110054416704004,7.8329069089469
3.64950396825397,0.299386497493069,0.3446474077953,0.110001796830434,7.8330875923185
3.64960317460317,0.299361438689459,0.344629134980158,0.109949202132335,7.83326825641525
3.64970238095238,0.299336382553654,0.344610859427721,0.109896632597362,7.8334489012411
3.64980158730159,0.29931132908527,0.34459258114019,0.109844088213176,7.83362952679999
3.64990079365079,0.299286278283926,0.344574300119766,0.109791568967443,7.83381013309589
3.65,0.299261230149237,0.344556016368647,0.109739074847836,7.83399072013275
3.65009920634921,0.29923618468082,0.344537729889029,0.109686605842029,7.83417128791452
3.65019841269841,0.299211141878295,0.34451944068311,0.109634161937706,7.83435183644515
3.65029761904762,0.29918610174128,0.344501148753085,0.109581743122551,7.83453236572858
3.65039682539683,0.299161064269392,0.344482854101147,0.109529349384258,7.83471287576877
3.65049603174603,0.299136029462252,0.344464556729491,0.109476980710522,7.83489336656965
3.65059523809524,0.299110997319478,0.344446256640307,0.109424637089047,7.83507383813518
3.65069444444444,0.299085967840691,0.344427953835786,0.109372318507539,7.8352542904693
3.65079365079365,0.299060941025512,0.344409648318118,0.109320024953711,7.83543472357594
3.65089285714286,0.29903591687356,0.344391340089493,0.10926775641528,7.83561513745904
3.65099206349206,0.299010895384457,0.344373029152097,0.109215512879969,7.83579553212256
3.65109126984127,0.298985876557826,0.344354715508117,0.109163294335506,7.83597590757041
3.65119047619048,0.298960860393287,0.344336399159738,0.109111100769623,7.83615626380654
3.65128968253968,0.298935846890463,0.344318080109144,0.109058932170059,7.83633660083489
3.65138888888889,0.298910836048978,0.344299758358519,0.109006788524557,7.83651691865938
3.6514880952381,0.298885827868454,0.344281433910044,0.108954669820865,7.83669721728394
3.6515873015873,0.298860822348515,0.344263106765901,0.108902576046737,7.83687749671251
3.65168650793651,0.298835819488786,0.34424477692827,0.108850507189931,7.83705775694901
3.65178571428571,0.29881081928889,0.344226444399328,0.108798463238211,7.83723799799737
3.65188492063492,0.298785821748453,0.344208109181255,0.108746444179346,7.83741821986152
3.65198412698413,0.2987608268671,0.344189771276226,0.10869445000111,7.83759842254537
3.65208333333333,0.298735834644457,0.344171430686416,0.108642480691282,7.83777860605287
3.65218253968254,0.29871084508015,0.344153087414001,0.108590536237646,7.83795877038791
3.65228174603175,0.298685858173805,0.344134741461153,0.108538616627993,7.83813891555443
3.65238095238095,0.29866087392505,0.344116392830045,0.108486721850116,7.83831904155634
3.65248015873016,0.298635892333512,0.344098041522848,0.108434851891815,7.83849914839756
3.65257936507937,0.298610913398819,0.344079687541731,0.108383006740895,7.83867923608201
3.65267857142857,0.298585937120598,0.344061330888864,0.108331186385167,7.83885930461359
3.65277777777778,0.298560963498479,0.344042971566414,0.108279390812445,7.83903935399623
3.65287698412698,0.298535992532091,0.344024609576548,0.108227620010549,7.83921938423383
3.65297619047619,0.298511024221063,0.344006244921432,0.108175873967305,7.8393993953303
3.6530753968254,0.298486058565026,0.34398787760323,0.108124152670544,7.83957938728955
3.6531746031746,0.298461095563608,0.343969507624105,0.108072456108101,7.8397593601155
3.65327380952381,0.298436135216442,0.34395113498622,0.108020784267818,7.83993931381203
3.65337301587302,0.298411177523158,0.343932759691736,0.107969137137539,7.84011924838307
3.65347222222222,0.298386222483387,0.343914381742813,0.107917514705117,7.8402991638325
3.65357142857143,0.298361270096762,0.34389600114161,0.107865916958407,7.84047906016424
3.65367063492064,0.298336320362915,0.343877617890285,0.10781434388527,7.84065893738219
3.65376984126984,0.298311373281479,0.343859231990995,0.107762795473575,7.84083879549023
3.65386904761905,0.298286428852087,0.343840843445895,0.107711271711191,7.84101863449227
3.65396825396825,0.298261487074373,0.343822452257141,0.107659772585997,7.84119845439221
3.65406746031746,0.29823654794797,0.343804058426884,0.107608298085873,7.84137825519393
3.65416666666667,0.298211611472513,0.343785661957279,0.107556848198707,7.84155803690134
3.65426587301587,0.298186677647637,0.343767262850477,0.107505422912391,7.84173779951831
3.65436507936508,0.298161746472977,0.343748861108626,0.107454022214823,7.84191754304876
3.65446428571429,0.298136817948169,0.343730456733877,0.107402646093905,7.84209726749655
3.65456349206349,0.298111892072848,0.343712049728378,0.107351294537545,7.84227697286558
3.6546626984127,0.298086968846652,0.343693640094276,0.107299967533655,7.84245665915973
3.6547619047619,0.298062048269217,0.343675227833716,0.107248665070154,7.84263632638289
3.65486111111111,0.298037130340181,0.343656812948843,0.107197387134964,7.84281597453895
3.65496031746032,0.298012215059181,0.343638395441801,0.107146133716014,7.84299560363177
3.65505952380952,0.297987302425855,0.343619975314733,0.107094904801237,7.84317521366525
3.65515873015873,0.297962392439842,0.343601552569778,0.107043700378571,7.84335480464326
3.65525793650794,0.297937485100781,0.34358312720908,0.106992520435961,7.84353437656968
3.65535714285714,0.297912580408311,0.343564699234775,0.106941364961355,7.84371392944839
3.65545634920635,0.297887678362072,0.343546268649003,0.106890233942707,7.84389346328325
3.65555555555556,0.297862778961705,0.343527835453901,0.106839127367975,7.84407297807814
3.65565476190476,0.297837882206849,0.343509399651604,0.106788045225125,7.84425247383694
3.65575396825397,0.297812988097147,0.343490961244247,0.106736987502125,7.84443195056351
3.65585317460318,0.297788096632238,0.343472520233965,0.10668595418695,7.84461140826173
3.65595238095238,0.297763207811766,0.343454076622889,0.106634945267579,7.84479084693545
3.65605158730159,0.297738321635372,0.343435630413152,0.106583960731998,7.84497026658855
3.65615079365079,0.297713438102699,0.343417181606883,0.106533000568196,7.84514966722489
3.65625,0.297688557213391,0.343398730206213,0.106482064764168,7.84532904884833
3.65634920634921,0.29766367896709,0.343380276213269,0.106431153307914,7.84550841146273
3.65644841269841,0.297638803363441,0.343361819630178,0.10638026618744,7.84568775507196
3.65654761904762,0.297613930402087,0.343343360459067,0.106329403390755,7.84586707967988
3.65664682539683,0.297589060082675,0.343324898702061,0.106278564905876,7.84604638529033
3.65674603174603,0.297564192404848,0.343306434361284,0.106227750720824,7.84622567190718
3.65684523809524,0.297539327368252,0.343287967438858,0.106176960823624,7.84640493953428
3.65694444444444,0.297514464972534,0.343269497936904,0.106126195202307,7.84658418817549
3.65704365079365,0.29748960521734,0.343251025857545,0.106075453844909,7.84676341783465
3.65714285714286,0.297464748102316,0.343232551202898,0.106024736739472,7.84694262851561
3.65724206349206,0.29743989362711,0.343214073975083,0.105974043874041,7.84712182022224
3.65734126984127,0.29741504179137,0.343195594176217,0.105923375236669,7.84730099295836
3.65744047619048,0.297390192594743,0.343177111808416,0.105872730815412,7.84748014672783
3.65753968253968,0.297365346036877,0.343158626873794,0.105822110598333,7.8476592815345
3.65763888888889,0.297340502117423,0.343140139374467,0.105771514573497,7.8478383973822
3.6577380952381,0.297315660836029,0.343121649312547,0.105720942728977,7.84801749427477
3.6578373015873,0.297290822192344,0.343103156690146,0.105670395052851,7.84819657221607
3.65793650793651,0.297265986186019,0.343084661509374,0.1056198715332,7.84837563120992
3.65803571428571,0.297241152816704,0.343066163772341,0.105569372158113,7.84855467126016
3.65813492063492,0.297216322084051,0.343047663481156,0.105518896915681,7.84873369237064
3.65823412698413,0.29719149398771,0.343029160637925,0.105468445794003,7.84891269454518
3.65833333333333,0.297166668527334,0.343010655244756,0.105418018781182,7.84909167778762
3.65843253968254,0.297141845702575,0.342992147303754,0.105367615865326,7.84927064210178
3.65853174603175,0.297117025513084,0.342973636817023,0.105317237034547,7.84944958749151
3.65863095238095,0.297092207958516,0.342955123786665,0.105266882276965,7.84962851396063
3.65873015873016,0.297067393038523,0.342936608214783,0.105216551580702,7.84980742151296
3.65882936507937,0.297042580752759,0.342918090103477,0.105166244933888,7.84998631015233
3.65892857142857,0.297017771100879,0.342899569454848,0.105115962324656,7.85016517988257
3.65902777777778,0.296992964082537,0.342881046270993,0.105065703741145,7.8503440307075
3.65912698412698,0.296968159697388,0.342862520554011,0.105015469171499,7.85052286263095
3.65922619047619,0.296943357945089,0.342843992305998,0.104965258603868,7.85070167565672
3.6593253968254,0.296918558825293,0.342825461529049,0.104915072026405,7.85088046978865
3.6594246031746,0.296893762337659,0.342806928225258,0.104864909427271,7.85105924503054
3.65952380952381,0.296868968481843,0.342788392396719,0.104814770794629,7.85123800138622
3.65962301587302,0.296844177257501,0.342769854045523,0.104764656116649,7.8514167388595
3.65972222222222,0.296819388664291,0.342751313173763,0.104714565381507,7.85159545745419
3.65982142857143,0.296794602701871,0.342732769783526,0.104664498577383,7.85177415717411
3.65992063492063,0.296769819369901,0.342714223876903,0.104614455692461,7.85195283802306
3.66001984126984,0.296745038668037,0.342695675455981,0.104564436714932,7.85213150000486
3.66011904761905,0.29672026059594,0.342677124522846,0.104514441632991,7.85231014312331
3.66021825396825,0.296695485153269,0.342658571079584,0.104464470434839,7.85248876738221
3.66031746031746,0.296670712339684,0.34264001512828,0.104414523108681,7.85266737278538
3.66041666666667,0.296645942154846,0.342621456671016,0.10436459964273,7.85284595933661
3.66051587301587,0.296621174598415,0.342602895709875,0.104314700025199,7.85302452703972
3.66061507936508,0.296596409670053,0.342584332246937,0.104264824244312,7.85320307589849
3.66071428571429,0.296571647369421,0.342565766284283,0.104214972288293,7.85338160591672
3.66081349206349,0.296546887696182,0.342547197823993,0.104165144145374,7.85356011709822
3.6609126984127,0.296522130649997,0.342528626868142,0.104115339803793,7.85373860944679
3.6610119047619,0.29649737623053,0.342510053418809,0.10406555925179,7.85391708296621
3.66111111111111,0.296472624437444,0.342491477478068,0.104015802477612,7.85409553766028
3.66121031746032,0.296447875270403,0.342472899047995,0.103966069469512,7.85427397353279
3.66130952380952,0.296423128729071,0.342454318130662,0.103916360215746,7.85445239058753
3.66140873015873,0.296398384813112,0.342435734728143,0.103866674704577,7.85463078882829
3.66150793650794,0.296373643522192,0.342417148842507,0.103817012924272,7.85480916825886
3.66160714285714,0.296348904855976,0.342398560475826,0.103767374863104,7.85498752888303
3.66170634920635,0.296324168814129,0.342379969630168,0.10371776050935,7.85516587070458
3.66180555555556,0.296299435396317,0.342361376307601,0.103668169851293,7.85534419372729
3.66190476190476,0.296274704602209,0.342342780510192,0.103618602877221,7.85552249795494
3.66200396825397,0.296249976431469,0.342324182240006,0.103569059575428,7.85570078339132
3.66210317460317,0.296225250883767,0.342305581499109,0.103519539934211,7.85587905004021
3.66220238095238,0.296200527958769,0.342286978289564,0.103470043941873,7.85605729790538
3.66230158730159,0.296175807656144,0.342268372613434,0.103420571586724,7.85623552699061
3.66240079365079,0.296151089975561,0.342249764472778,0.103371122857077,7.85641373729967
3.6625,0.296126374916688,0.342231153869659,0.103321697741251,7.85659192883634
3.66259920634921,0.296101662479196,0.342212540806134,0.103272296227569,7.85677010160439
3.66269841269841,0.296076952662754,0.342193925284262,0.10322291830436,7.85694825560758
3.66279761904762,0.296052245467032,0.342175307306101,0.10317356395996,7.8571263908497
3.66289682539683,0.296027540891701,0.342156686873705,0.103124233182707,7.85730450733451
3.66299603174603,0.296002838936433,0.342138063989129,0.103074925960946,7.85748260506577
3.66309523809524,0.295978139600899,0.342119438654428,0.103025642283026,7.85766068404724
3.66319444444444,0.295953442884771,0.342100810871653,0.102976382137302,7.8578387442827
3.66329365079365,0.29592874878772,0.342082180642856,0.102927145512133,7.85801678577591
3.66339285714286,0.295904057309421,0.342063547970088,0.102877932395886,7.85819480853061
3.66349206349206,0.295879368449546,0.342044912855397,0.10282874277693,7.85837281255059
3.66359126984127,0.29585468220777,0.342026275300833,0.102779576643641,7.85855079783958
3.66369047619048,0.295829998583765,0.342007635308441,0.102730433984399,7.85872876440135
3.66378968253968,0.295805317577206,0.341988992880268,0.102681314787589,7.85890671223966
3.66388888888889,0.295780639187769,0.341970348018359,0.102632219041602,7.85908464135825
3.66398809523809,0.295755963415128,0.341951700724757,0.102583146734834,7.85926255176088
3.6640873015873,0.29573129025896,0.341933051001506,0.102534097855687,7.8594404434513
3.66418650793651,0.29570661971894,0.341914398850646,0.102485072392566,7.85961831643326
3.66428571428571,0.295681951794745,0.341895744274218,0.102436070333882,7.85979617071051
3.66438492063492,0.295657286486051,0.341877087274262,0.102387091668052,7.85997400628679
3.66448412698413,0.295632623792537,0.341858427852816,0.102338136383498,7.86015182316585
3.66458333333333,0.295607963713879,0.341839766011917,0.102289204468647,7.86032962135144
3.66468253968254,0.295583306249757,0.341821101753601,0.102240295911929,7.86050740084728
3.66478174603175,0.295558651399848,0.341802435079903,0.102191410701782,7.86068516165713
3.66488095238095,0.295533999163832,0.341783765992858,0.102142548826649,7.86086290378473
3.66498015873016,0.295509349541388,0.341765094494497,0.102093710274976,7.86104062723381
3.66507936507937,0.295484702532195,0.341746420586852,0.102044895035216,7.86121833200811
3.66517857142857,0.295460058135935,0.341727744271955,0.101996103095826,7.86139601811136
3.66527777777778,0.295435416352288,0.341709065551834,0.10194733444527,7.8615736855473
3.66537698412698,0.295410777180934,0.341690384428518,0.101898589072014,7.86175133431966
3.66547619047619,0.295386140621555,0.341671700904034,0.101849866964532,7.86192896443217
3.6655753968254,0.295361506673834,0.341653014980409,0.101801168111302,7.86210657588856
3.6656746031746,0.295336875337452,0.341634326659667,0.101752492500807,7.86228416869256
3.66577380952381,0.295312246612092,0.341615635943833,0.101703840121536,7.8624617428479
3.66587301587302,0.295287620497437,0.34159694283493,0.101655210961982,7.86263929835829
3.66597222222222,0.295262996993171,0.341578247334979,0.101606605010644,7.86281683522747
3.66607142857143,0.295238376098978,0.341559549446001,0.101558022256025,7.86299435345916
3.66617063492063,0.295213757814542,0.341540849170015,0.101509462686635,7.86317185305707
3.66626984126984,0.295189142139547,0.341522146509041,0.101460926290986,7.86334933402493
3.66636904761905,0.29516452907368,0.341503441465095,0.1014124130576,7.86352679636646
3.66646825396825,0.295139918616625,0.341484734040194,0.101363922975,7.86370424008536
3.66656746031746,0.295115310768069,0.341466024236354,0.101315456031716,7.86388166518536
3.66666666666667,0.295090705527698,0.341447312055588,0.101267012216281,7.86405907167017
3.66676587301587,0.295066102895199,0.341428597499909,0.101218591517237,7.86423645954351
3.66686507936508,0.295041502870259,0.341409880571329,0.101170193923127,7.86441382880908
3.66696428571429,0.295016905452565,0.34139116127186,0.101121819422503,7.86459117947059
3.66706349206349,0.294992310641807,0.34137243960351,0.101073468003918,7.86476851153175
3.6671626984127,0.294967718437671,0.341353715568289,0.101025139655933,7.86494582499627
3.6672619047619,0.294943128839848,0.341334989168204,0.100976834367115,7.86512311986786
3.66736111111111,0.294918541848027,0.341316260405261,0.100928552126033,7.86530039615021
3.66746031746032,0.294893957461897,0.341297529281467,0.100880292921263,7.86547765384703
3.66755952380952,0.294869375681148,0.341278795798824,0.100832056741387,7.86565489296202
3.66765873015873,0.294844796505471,0.341260059959337,0.100783843574989,7.86583211349888
3.66775793650794,0.294820219934557,0.341241321765007,0.100735653410661,7.86600931546131
3.66785714285714,0.294795645968097,0.341222581217835,0.100687486237,7.86618649885301
3.66795634920635,0.294771074605783,0.341203838319822,0.100639342042608,7.86636366367766
3.66805555555556,0.294746505847308,0.341185093072965,0.100591220816089,7.86654080993897
3.66815476190476,0.294721939692363,0.341166345479263,0.100543122546057,7.86671793764063
3.66825396825397,0.294697376140642,0.341147595540713,0.100495047221128,7.86689504678632
3.66835317460317,0.294672815191839,0.341128843259309,0.100446994829924,7.86707213737974
3.66845238095238,0.294648256845646,0.341110088637046,0.100398965361073,7.86724920942458
3.66855158730159,0.294623701101759,0.341091331675917,0.100350958803205,7.86742626292452
3.66865079365079,0.294599147959872,0.341072572377914,0.10030297514496,7.86760329788325
3.66875,0.294574597419681,0.34105381074503,0.100255014374979,7.86778031430444
3.66884920634921,0.29455004948088,0.341035046779253,0.10020707648191,7.8679573121918
3.66894841269841,0.294525504143165,0.341016280482572,0.100159161454406,7.86813429154898
3.66904761904762,0.294500961406234,0.340997511856976,0.100111269281126,7.86831125237969
3.66914682539683,0.294476421269782,0.340978740904451,0.100063399950731,7.86848819468758
3.66924603174603,0.294451883733507,0.340959967626982,0.10001555345189,7.86866511847635
3.66934523809524,0.294427348797106,0.340941192026554,0.099967729773277,7.86884202374966
3.66944444444444,0.294402816460278,0.340922414105151,0.0999199289035703,7.86901891051119
3.66954365079365,0.29437828672272,0.340903633864754,0.0998721508314533,7.86919577876462
3.66964285714286,0.294353759584132,0.340884851307346,0.0998243955456151,7.8693726285136
3.66974206349206,0.294329235044212,0.340866066434905,0.0997766630347493,7.86954945976183
3.66984126984127,0.294304713102661,0.340847279249412,0.0997289532875553,7.86972627251295
3.66994047619048,0.294280193759179,0.340828489752843,0.099681266292737,7.86990306677064
3.67003968253968,0.294255677013465,0.340809697947177,0.0996336020390037,7.87007984253856
3.67013888888889,0.29423116286522,0.340790903834388,0.0995859605150704,7.87025659982038
3.6702380952381,0.294206651314147,0.340772107416451,0.0995383417096564,7.87043333861976
3.6703373015873,0.294182142359947,0.34075330869534,0.0994907456114866,7.87061005894037
3.67043650793651,0.294157636002321,0.340734507673027,0.0994431722092908,7.87078676078585
3.67053571428571,0.294133132240973,0.340715704351484,0.0993956214918041,7.87096344415988
3.67063492063492,0.294108631075604,0.34069689873268,0.0993480934477666,7.8711401090661
3.67073412698413,0.29408413250592,0.340678090818585,0.0993005880659234,7.87131675550817
3.67083333333333,0.294059636531622,0.340659280611167,0.0992531053350255,7.87149338348975
3.67093253968254,0.294035143152416,0.340640468112393,0.0992056452438284,7.87166999301449
3.67103174603175,0.294010652368007,0.340621653324229,0.0991582077810927,7.87184658408604
3.67113095238095,0.293986164178098,0.340602836248639,0.0991107929355843,7.87202315670805
3.67123015873016,0.293961678582396,0.340584016887587,0.0990634006960743,7.87219971088417
3.67132936507937,0.293937195580605,0.340565195243036,0.0990160310513387,7.87237624661804
3.67142857142857,0.293912715172434,0.340546371316946,0.0989686839901589,7.87255276391331
3.67152777777778,0.293888237357587,0.34052754511128,0.098921359501321,7.87272926277364
3.67162698412698,0.293863762135773,0.340508716627994,0.0988740575736172,7.87290574320264
3.67172619047619,0.293839289506698,0.340489885869049,0.0988267781958441,7.87308220520398
3.6718253968254,0.293814819470071,0.340471052836401,0.0987795213568033,7.87325864878129
3.6719246031746,0.2937903520256,0.340452217532005,0.0987322870453019,7.8734350739382
3.67202380952381,0.293765887172993,0.340433379957818,0.0986850752501521,7.87361148067836
3.67212301587302,0.29374142491196,0.340414540115792,0.098637885960171,7.8737878690054
3.67222222222222,0.29371696524221,0.34039569800788,0.0985907191641809,7.87396423892296
3.67232142857143,0.293692508163453,0.340376853636033,0.0985435748510099,7.87414059043466
3.67242063492063,0.2936680536754,0.340358007002204,0.0984964530094904,7.87431692354414
3.67251984126984,0.293643601777761,0.340339158108339,0.0984493536284601,7.87449323825503
3.67261904761905,0.293619152470247,0.340320306956389,0.0984022766967622,7.87466953457096
3.67271825396825,0.29359470575257,0.3403014535483,0.0983552222032447,7.87484581249555
3.67281746031746,0.293570261624443,0.340282597886018,0.0983081901367608,7.87502207203243
3.67291666666667,0.293545820085576,0.340263739971488,0.0982611804861689,7.87519831318523
3.67301587301587,0.293521381135684,0.340244879806655,0.0982141932403323,7.87537453595756
3.67311507936508,0.29349694477448,0.34022601739346,0.0981672283881203,7.87555074035305
3.67321428571429,0.293472511001676,0.340207152733846,0.0981202859184063,7.87572692637532
3.67331349206349,0.293448079816988,0.340188285829753,0.0980733658200693,7.87590309402799
3.6734126984127,0.29342365122013,0.34016941668312,0.0980264680819933,7.87607924331467
3.6735119047619,0.293399225210816,0.340150545295887,0.0979795926930677,7.87625537423898
3.67361111111111,0.293374801788762,0.340131671669991,0.0979327396421867,7.87643148680454
3.67371031746032,0.293350380953684,0.340112795807366,0.0978859089182496,7.87660758101495
3.67380952380952,0.293325962705298,0.34009391770995,0.0978391005101616,7.87678365687384
3.67390873015873,0.29330154704332,0.340075037379676,0.0977923144068322,7.8769597143848
3.67400793650794,0.293277133967467,0.340056154818476,0.0977455505971763,7.87713575355145
3.67410714285714,0.293252723477457,0.340037270028282,0.097698809070114,7.87731177437739
3.67420634920635,0.293228315573007,0.340018383011026,0.0976520898145704,7.87748777686623
3.67430555555556,0.293203910253836,0.339999493768637,0.0976053928194759,7.87766376102158
3.67440476190476,0.293179507519662,0.339980602303043,0.097558718073766,7.87783972684704
3.67450396825397,0.293155107370204,0.339961708616172,0.097512065566381,7.8780156743462
3.67460317460317,0.293130709805182,0.339942812709951,0.0974654352862673,7.87819160352268
3.67470238095238,0.293106314824316,0.339923914586303,0.0974188272223755,7.87836751438006
3.67480158730159,0.293081922427325,0.339905014247154,0.0973722413636615,7.87854340692195
3.67490079365079,0.293057532613931,0.339886111694427,0.0973256776990865,7.87871928115194
3.675,0.293033145383854,0.339867206930043,0.0972791362176169,7.87889513707362
3.67509920634921,0.293008760736817,0.339848299955924,0.0972326169082241,7.8790709746906
3.67519841269841,0.29298437867254,0.339829390773989,0.0971861197598845,7.87924679400645
3.67529761904762,0.292959999190747,0.339810479386157,0.0971396447615803,7.87942259502478
3.67539682539683,0.29293562229116,0.339791565794345,0.0970931919022981,7.87959837774916
3.67549603174603,0.292911247973501,0.339772650000469,0.0970467611710299,7.87977414218319
3.67559523809524,0.292886876237496,0.339753732006446,0.0970003525567728,7.87994988833045
3.67569444444444,0.292862507082867,0.33973481181419,0.0969539660485292,7.88012561619453
3.67579365079365,0.29283814050934,0.339715889425613,0.0969076016353064,7.88030132577901
3.67589285714286,0.292813776516638,0.339696964842627,0.0968612593061171,7.88047701708747
3.67599206349206,0.292789415104487,0.339678038067145,0.0968149390499786,7.88065269012349
3.67609126984127,0.292765056272614,0.339659109101074,0.0967686408559143,7.88082834489065
3.67619047619048,0.292740700020742,0.339640177946326,0.096722364712952,7.88100398139253
3.67628968253968,0.2927163463486,0.339621244604806,0.0966761106101248,7.88117959963271
3.67638888888889,0.292691995255915,0.339602309078421,0.096629878536471,7.88135519961475
3.6764880952381,0.292667646742412,0.339583371369078,0.0965836684810339,7.88153078134223
3.6765873015873,0.292643300807821,0.33956443147868,0.0965374804328619,7.88170634481873
3.67668650793651,0.292618957447776,0.339545489410543,0.0964913143822219,7.88188189004924
3.67678571428571,0.292594616638089,0.339526545174764,0.0964451703256137,7.8820574170456
3.67688492063492,0.292570278374421,0.339507598774484,0.096399048254189,7.88223292581261
3.67698412698413,0.292545942656283,0.33948865021151,0.096352948158,7.88240841635368
3.67708333333333,0.292521609483186,0.339469699487648,0.0963068700271019,7.88258388867225
3.67718253968254,0.292497278854639,0.339450746604702,0.096260813851553,7.88275934277173
3.67728174603175,0.292472950770154,0.339431791564478,0.0962147796214149,7.88293477865556
3.67738095238095,0.292448625229242,0.33941283436878,0.0961687673267523,7.88311019632716
3.67748015873016,0.292424302231412,0.339393875019411,0.096122776957633,7.88328559578996
3.67757936507937,0.292399981776177,0.339374913518174,0.0960768085041285,7.88346097704736
3.67767857142857,0.292375663863048,0.33935594986687,0.0960308619563128,7.8836363401028
3.67777777777778,0.292351348491536,0.339336984067301,0.0959849373042634,7.8838116849597
3.67787698412698,0.292327035661154,0.339318016121269,0.0959390345380608,7.88398701162147
3.67797619047619,0.292302725371412,0.339299046030572,0.0958931536477889,7.88416232009154
3.6780753968254,0.292278417621824,0.339280073797012,0.0958472946235345,7.88433761037333
3.6781746031746,0.2922541124119,0.339261099422385,0.0958014574553876,7.88451288247024
3.67827380952381,0.292229809741155,0.339242122908492,0.0957556421334421,7.8846881363857
3.67837301587302,0.292205509609099,0.339223144257129,0.095709848647794,7.88486337212313
3.67847222222222,0.292181212015247,0.339204163470093,0.0956640769885431,7.88503858968593
3.67857142857143,0.29215691695911,0.339185180549181,0.0956183271457921,7.88521378907752
3.67867063492063,0.292132624440203,0.339166195496188,0.0955725991096471,7.88538897030132
3.67876984126984,0.292108334458038,0.339147208312909,0.0955268928702173,7.88556413336073
3.67886904761905,0.292084047012129,0.339128219001139,0.0954812084176149,7.88573927825917
3.67896825396825,0.292059762101989,0.339109227562672,0.0954355457419552,7.88591440500006
3.67906746031746,0.292035479727132,0.3390902339993,0.0953899048333575,7.88608951358678
3.67916666666667,0.292011199887072,0.339071238312816,0.0953442856819433,7.88626460402276
3.67926587301587,0.291986922581324,0.339052240505012,0.0952986882778376,7.88643967631141
3.67936507936508,0.291962647809402,0.33903324057768,0.0952531126111688,7.88661473045612
3.67946428571429,0.291938375570819,0.339014238532609,0.0952075586720681,7.88678976646032
3.67956349206349,0.291914105865092,0.338995234371589,0.0951620264506701,7.88696478432739
3.6796626984127,0.291889838691734,0.33897622809641,0.0951165159371122,7.88713978406075
3.67976190476191,0.291865574050261,0.338957219708861,0.095071027121536,7.8873147656638
3.67986111111111,0.291841311940188,0.33893820921073,0.0950255599940852,7.88748972913994
3.67996031746032,0.29181705236103,0.338919196603803,0.094980114544907,7.88766467449258
3.68005952380952,0.291792795312303,0.338900181889868,0.094934690764152,7.88783960172511
3.68015873015873,0.291768540793523,0.338881165070711,0.0948892886419736,7.88801451084093
3.68025793650794,0.291744288804205,0.338862146148116,0.0948439081685286,7.88818940184345
3.68035714285714,0.291720039343865,0.33884312512387,0.094798549333977,7.88836427473605
3.68045634920635,0.29169579241202,0.338824101999755,0.0947532121284816,7.88853912952215
3.68055555555556,0.291671548008187,0.338805076777557,0.0947078965422093,7.88871396620513
3.68065476190476,0.291647306131882,0.338786049459056,0.0946626025653292,7.8888887847884
3.68075396825397,0.291623066782621,0.338767020046037,0.094617330188014,7.88906358527534
3.68085317460317,0.291598829959921,0.33874798854028,0.0945720794004395,7.88923836766934
3.68095238095238,0.2915745956633,0.338728954943566,0.0945268501927846,7.88941313197382
3.68105158730159,0.291550363892276,0.338709919257676,0.0944816425552316,7.88958787819214
3.68115079365079,0.291526134646364,0.338690881484389,0.0944364564779654,7.88976260632771
3.68125,0.291501907925084,0.338671841625484,0.0943912919511751,7.88993731638392
3.68134920634921,0.291477683727952,0.33865279968274,0.0943461489650522,7.89011200836416
3.68144841269841,0.291453462054488,0.338633755657935,0.0943010275097914,7.89028668227181
3.68154761904762,0.291429242904209,0.338614709552845,0.0942559275755907,7.89046133811026
3.68164682539683,0.291405026276633,0.338595661369248,0.0942108491526515,7.8906359758829
3.68174603174603,0.291380812171278,0.338576611108918,0.094165792231178,7.89081059559312
3.68184523809524,0.291356600587665,0.338557558773632,0.0941207568013778,7.89098519724429
3.68194444444444,0.291332391525311,0.338538504365163,0.0940757428534612,7.89115978083982
3.68204365079365,0.291308184983736,0.338519447885286,0.0940307503776429,7.89133434638307
3.68214285714286,0.291283980962458,0.338500389335775,0.0939857793641395,7.89150889387743
3.68224206349206,0.291259779460998,0.3384813287184,0.0939408298031712,7.89168342332629
3.68234126984127,0.291235580478874,0.338462266034936,0.0938959016849616,7.89185793473302
3.68244047619048,0.291211384015607,0.338443201287152,0.0938509949997371,7.892032428101
3.68253968253968,0.291187190070716,0.338424134476821,0.0938061097377275,7.89220690343362
3.68263888888889,0.291162998643721,0.338405065605711,0.0937612458891654,7.89238136073425
3.6827380952381,0.291138809734144,0.338385994675592,0.0937164034442876,7.89255580000627
3.6828373015873,0.291114623341504,0.338366921688234,0.093671582393333,7.89273022125305
3.68293650793651,0.291090439465321,0.338347846645403,0.093626782726544,7.89290462447798
3.68303571428571,0.291066258105117,0.338328769548869,0.0935820044341663,7.89307900968442
3.68313492063492,0.291042079260413,0.338309690400397,0.0935372475064487,7.89325337687575
3.68323412698413,0.291017902930729,0.338290609201755,0.0934925119336431,7.89342772605534
3.68333333333333,0.290993729115587,0.338271525954707,0.0934477977060047,7.89360205722657
3.68343253968254,0.290969557814509,0.338252440661018,0.0934031048137915,7.89377637039281
3.68353174603175,0.290945389027016,0.338233353322453,0.0933584332472656,7.89395066555742
3.68363095238095,0.29092122275263,0.338214263940776,0.0933137829966913,7.89412494272378
3.68373015873016,0.290897058990873,0.33819517251775,0.0932691540523364,7.89429920189526
3.68382936507937,0.290872897741268,0.338176079055137,0.093224546404472,7.89447344307522
3.68392857142857,0.290848739003336,0.338156983554698,0.0931799600433723,7.89464766626703
3.68402777777778,0.2908245827766,0.338137886018196,0.0931353949593146,7.89482187147406
3.68412698412698,0.290800429060583,0.33811878644739,0.0930908511425791,7.89499605869967
3.68422619047619,0.290776277854807,0.33809968484404,0.0930463285834501,7.89517022794722
3.6843253968254,0.290752129158797,0.338080581209906,0.0930018272722142,7.89534437922009
3.6844246031746,0.290727982972074,0.338061475546746,0.0929573471991615,7.89551851252163
3.68452380952381,0.290703839294163,0.338042367856319,0.0929128883545851,7.8956926278552
3.68462301587302,0.290679698124587,0.33802325814038,0.0928684507287815,7.89586672522417
3.68472222222222,0.29065555946287,0.338004146400688,0.0928240343120502,7.8960408046319
3.68482142857143,0.290631423308536,0.337985032638998,0.092779639094694,7.89621486608174
3.68492063492064,0.290607289661108,0.337965916857065,0.0927352650670184,7.89638890957706
3.68501984126984,0.290583158520112,0.337946799056644,0.0926909122193332,7.8965629351212
3.68511904761905,0.290559029885071,0.33792767923949,0.0926465805419503,7.89673694271754
3.68521825396825,0.29053490375551,0.337908557407355,0.0926022700251852,7.89691093236941
3.68531746031746,0.290510780130954,0.337889433561993,0.0925579806593564,7.89708490408019
3.68541666666667,0.290486659010929,0.337870307705156,0.0925137124347858,7.89725885785322
3.68551587301587,0.290462540394959,0.337851179838595,0.0924694653417982,7.89743279369185
3.68561507936508,0.290438424282569,0.337832049964062,0.0924252393707216,7.89760671159945
3.68571428571429,0.290414310673285,0.337812918083306,0.0923810345118878,7.89778061157935
3.68581349206349,0.290390199566633,0.337793784198077,0.0923368507556309,7.89795449363491
3.6859126984127,0.290366090962138,0.337774648310124,0.0922926880922887,7.89812835776948
3.6860119047619,0.290341984859327,0.337755510421195,0.0922485465122019,7.89830220398642
3.68611111111111,0.290317881257726,0.337736370533039,0.0922044260057146,7.89847603228905
3.68621031746032,0.290293780156861,0.337717228647402,0.0921603265631738,7.89864984268075
3.68630952380952,0.290269681556259,0.337698084766031,0.09211624817493,7.89882363516484
3.68640873015873,0.290245585455446,0.337678938890671,0.0920721908313364,7.89899740974468
3.68650793650794,0.29022149185395,0.337659791023067,0.0920281545227502,7.8991711664236
3.68660714285714,0.290197400751297,0.337640641164965,0.091984139239531,7.89934490520497
3.68670634920635,0.290173312147015,0.337621489318108,0.0919401449720418,7.89951862609211
3.68680555555556,0.290149226040632,0.337602335484239,0.0918961717106489,7.89969232908836
3.68690476190476,0.290125142431673,0.3375831796651,0.0918522194457215,7.89986601419708
3.68700396825397,0.290101061319669,0.337564021862435,0.0918082881676324,7.9000396814216
3.68710317460318,0.290076982704146,0.337544862077983,0.0917643778667568,7.90021333076526
3.68720238095238,0.290052906584632,0.337525700313487,0.0917204885334743,7.90038696223139
3.68730158730159,0.290028832960657,0.337506536570685,0.0916766201581667,7.90056057582334
3.68740079365079,0.290004761831748,0.337487370851317,0.0916327727312191,7.90073417154444
3.6875,0.289980693197434,0.337468203157122,0.0915889462430201,7.90090774939803
3.68759920634921,0.289956627057244,0.337449033489838,0.0915451406839612,7.90108130938744
3.68769841269841,0.289932563410707,0.337429861851203,0.0915013560444372,7.90125485151601
3.68779761904762,0.289908502257352,0.337410688242953,0.091457592314846,7.90142837578707
3.68789682539683,0.289884443596708,0.337391512666824,0.0914138494855884,7.90160188220396
3.68799603174603,0.289860387428305,0.337372335124553,0.0913701275470694,7.90177537077
3.68809523809524,0.289836333751673,0.337353155617874,0.091326426489696,7.90194884148852
3.68819444444444,0.289812282566342,0.337333974148521,0.0912827463038789,7.90212229436286
3.68829365079365,0.289788233871841,0.337314790718228,0.0912390869800319,7.90229572939634
3.68839285714286,0.289764187667701,0.337295605328727,0.091195448508572,7.9024691465923
3.68849206349206,0.289740143953452,0.337276417981752,0.0911518308799193,7.90264254595405
3.68859126984127,0.289716102728625,0.337257228679034,0.0911082340844969,7.90281592748493
3.68869047619048,0.289692063992751,0.337238037422305,0.0910646581127319,7.90298929118826
3.68878968253968,0.28966802774536,0.337218844213293,0.0910211029550536,7.90316263706737
3.68888888888889,0.289643993985983,0.33719964905373,0.0909775686018948,7.90333596512558
3.6889880952381,0.289619962714153,0.337180451945345,0.0909340550436917,7.90350927536621
3.6890873015873,0.2895959339294,0.337161252889865,0.0908905622708833,7.90368256779258
3.68918650793651,0.289571907631255,0.337142051889019,0.0908470902739121,7.90385584240802
3.68928571428571,0.289547883819252,0.337122848944535,0.0908036390432235,7.90402909921585
3.68938492063492,0.289523862492921,0.337103644058138,0.0907602085692661,7.90420233821938
3.68948412698413,0.289499843651795,0.337084437231554,0.0907167988424922,7.90437555942194
3.68958333333333,0.289475827295406,0.33706522846651,0.0906734098533566,7.90454876282683
3.68968253968254,0.289451813423287,0.33704601776473,0.0906300415923177,7.90472194843739
3.68978174603175,0.28942780203497,0.337026805127937,0.0905866940498367,7.90489511625692
3.68988095238095,0.289403793129988,0.337007590557855,0.0905433672163782,7.90506826628874
3.68998015873016,0.289379786707875,0.336988374056208,0.0905000610824101,7.90524139853616
3.69007936507937,0.289355782768163,0.336969155624716,0.0904567756384028,7.90541451300251
3.69017857142857,0.289331781310385,0.336949935265102,0.0904135108748312,7.90558760969108
3.69027777777778,0.289307782334077,0.336930712979086,0.0903702667821722,7.90576068860519
3.69037698412698,0.28928378583877,0.336911488768389,0.0903270433509062,7.90593374974816
3.69047619047619,0.289259791823999,0.33689226263473,0.0902838405715169,7.90610679312328
3.6905753968254,0.289235800289298,0.336873034579827,0.090240658434491,7.90627981873388
3.6906746031746,0.289211811234201,0.336853804605401,0.0901974969303186,7.90645282658326
3.69077380952381,0.289187824658243,0.336834572713167,0.0901543560494926,7.90662581667473
3.69087301587302,0.289163840560958,0.336815338904843,0.0901112357825092,7.90679878901159
3.69097222222222,0.289139858941882,0.336796103182146,0.0900681361198685,7.90697174359715
3.69107142857143,0.289115879800548,0.336776865546791,0.0900250570520728,7.90714468043471
3.69117063492063,0.289091903136493,0.336757626000493,0.0899819985696279,7.90731759952758
3.69126984126984,0.28906792894925,0.336738384544966,0.0899389606630428,7.90749050087906
3.69136904761905,0.289043957238357,0.336719141181925,0.0898959433228297,7.90766338449245
3.69146825396825,0.289019988003348,0.336699895913083,0.089852946539504,7.90783625037106
3.69156746031746,0.28899602124376,0.336680648740151,0.0898099703035838,7.90800909851818
3.69166666666667,0.288972056959127,0.336661399664843,0.0897670146055916,7.90818192893711
3.69176587301587,0.288948095148988,0.336642148688869,0.0897240794360517,7.90835474163116
3.69186507936508,0.288924135812877,0.336622895813941,0.0896811647854924,7.90852753660361
3.69196428571429,0.288900178950331,0.336603641041767,0.0896382706444448,7.90870031385778
3.69206349206349,0.288876224560888,0.336584384374057,0.0895953970034433,7.90887307339695
3.6921626984127,0.288852272644083,0.33656512581252,0.0895525438530254,7.90904581522441
3.6922619047619,0.288828323199455,0.336545865358864,0.089509711183732,7.90921853934347
3.69236111111111,0.288804376226539,0.336526603014796,0.0894668989861065,7.90939124575742
3.69246031746032,0.288780431724874,0.336507338782024,0.0894241072506968,7.90956393446954
3.69255952380952,0.288756489693997,0.336488072662253,0.0893813359680526,7.90973660548314
3.69265873015873,0.288732550133447,0.336468804657188,0.0893385851287276,7.90990925880149
3.69275793650794,0.288708613042759,0.336449534768536,0.0892958547232783,7.9100818944279
3.69285714285714,0.288684678421474,0.336430262997999,0.0892531447422644,7.91025451236565
3.69295634920635,0.288660746269129,0.336410989347282,0.0892104551762489,7.91042711261803
3.69305555555556,0.288636816585262,0.336391713818086,0.0891677860157977,7.91059969518833
3.69315476190476,0.288612889369412,0.336372436412116,0.0891251372514805,7.91077226007982
3.69325396825397,0.288588964621119,0.336353157131072,0.0890825088738697,7.91094480729581
3.69335317460317,0.28856504233992,0.336333875976656,0.0890399008735408,7.91111733683957
3.69345238095238,0.288541122525356,0.336314592950567,0.0889973132410727,7.91128984871439
3.69355158730159,0.288517205176964,0.336295308054505,0.0889547459670473,7.91146234292355
3.69365079365079,0.288493290294286,0.336276021290171,0.0889121990420498,7.91163481947033
3.69375,0.28846937787686,0.336256732659261,0.0888696724566686,7.91180727835801
3.69384920634921,0.288445467924227,0.336237442163474,0.0888271662014949,7.91197971958988
3.69394841269841,0.288421560435925,0.336218149804507,0.0887846802671238,7.91215214316922
3.69404761904762,0.288397655411497,0.336198855584057,0.0887422146441531,7.91232454909929
3.69414682539683,0.288373752850481,0.336179559503819,0.0886997693231837,7.91249693738339
3.69424603174603,0.288349852752419,0.336160261565489,0.0886573442948198,7.91266930802479
3.69434523809524,0.288325955116851,0.336140961770761,0.0886149395496688,7.91284166102676
3.69444444444444,0.288302059943318,0.33612166012133,0.0885725550783413,7.91301399639257
3.69454365079365,0.288278167231361,0.336102356618888,0.0885301908714507,7.91318631412552
3.69464285714286,0.288254276980521,0.336083051265129,0.0884878469196144,7.91335861422886
3.69474206349206,0.28823038919034,0.336063744061745,0.0884455232134523,7.91353089670587
3.69484126984127,0.288206503860359,0.336044435010426,0.0884032197435875,7.91370316155982
3.69494047619048,0.288182620990121,0.336025124112864,0.0883609365006466,7.91387540879399
3.69503968253968,0.288158740579166,0.336005811370749,0.088318673475259,7.91404763841164
3.69513888888889,0.288134862627038,0.33598649678577,0.0882764306580576,7.91421985041604
3.69523809523809,0.288110987133278,0.335967180359616,0.0882342080396783,7.91439204481046
3.6953373015873,0.288087114097429,0.335947862093976,0.0881920056107598,7.91456422159817
3.69543650793651,0.288063243519033,0.335928541990536,0.0881498233619452,7.91473638078243
3.69553571428571,0.288039375397634,0.335909220050985,0.0881076612838795,7.91490852236652
3.69563492063492,0.288015509732773,0.335889896277008,0.0880655193672113,7.91508064635369
3.69573412698413,0.287991646523996,0.335870570670291,0.0880233976025925,7.91525275274721
3.69583333333333,0.287967785770844,0.335851243232519,0.0879812959806781,7.91542484155034
3.69593253968254,0.287943927472861,0.335831913965376,0.0879392144921262,7.91559691276635
3.69603174603175,0.287920071629591,0.335812582870547,0.0878971531275977,7.9157689663985
3.69613095238095,0.287896218240578,0.335793249949714,0.0878551118777579,7.91594100245004
3.69623015873016,0.287872367305366,0.335773915204559,0.087813090733274,7.91611302092423
3.69632936507937,0.287848518823499,0.335754578636765,0.087771089684817,7.91628502182435
3.69642857142857,0.287824672794522,0.335735240248013,0.0877291087230608,7.91645700515364
3.69652777777778,0.287800829217978,0.335715900039983,0.0876871478386827,7.91662897091535
3.69662698412698,0.287776988093413,0.335696558014355,0.0876452070223629,7.91680091911276
3.69672619047619,0.287753149420372,0.335677214172809,0.087603286264785,7.91697284974911
3.6968253968254,0.287729313198399,0.335657868517022,0.0875613855566355,7.91714476282765
3.6969246031746,0.28770547942704,0.335638521048674,0.0875195048886048,7.91731665835165
3.69702380952381,0.28768164810584,0.335619171769442,0.0874776442513856,7.91748853632435
3.69712301587302,0.287657819234346,0.335599820681001,0.0874358036356743,7.917660396749
3.69722222222222,0.287633992812102,0.335580467785029,0.0873939830321701,7.91783223962886
3.69732142857143,0.287610168838655,0.335561113083201,0.0873521824315757,7.91800406496718
3.69742063492063,0.287586347313551,0.335541756577191,0.0873104018245968,7.9181758727672
3.69751984126984,0.287562528236335,0.335522398268673,0.0872686412019422,7.91834766303218
3.69761904761905,0.287538711606556,0.335503038159322,0.0872269005543243,7.91851943576536
3.69771825396825,0.287514897423758,0.33548367625081,0.0871851798724582,7.91869119096999
3.69781746031746,0.28749108568749,0.335464312544809,0.0871434791470624,7.91886292864931
3.69791666666667,0.287467276397298,0.335444947042991,0.0871017983688584,7.91903464880657
3.69801587301587,0.287443469552729,0.335425579747027,0.0870601375285711,7.91920635144502
3.69811507936508,0.28741966515333,0.335406210658587,0.0870184966169284,7.91937803656789
3.69821428571429,0.28739586319865,0.335386839779341,0.0869768756246615,7.91954970417843
3.69831349206349,0.287372063688235,0.335367467110958,0.0869352745425043,7.91972135427988
3.6984126984127,0.287348266621634,0.335348092655106,0.086893693361195,7.91989298687549
3.6985119047619,0.287324471998395,0.335328716413453,0.0868521320714738,7.92006460196849
3.69861111111111,0.287300679818065,0.335309338387666,0.0868105906640847,7.92023619956211
3.69871031746032,0.287276890080195,0.335289958579412,0.0867690691297746,7.92040777965961
3.69880952380952,0.28725310278433,0.335270576990357,0.0867275674592937,7.92057934226421
3.69890873015873,0.287229317930022,0.335251193622165,0.0866860856433953,7.92075088737915
3.69900793650794,0.287205535516818,0.335231808476501,0.0866446236728358,7.92092241500767
3.69910714285714,0.287181755544268,0.33521242155503,0.0866031815383752,7.921093925153
3.69920634920635,0.287157978011921,0.335193032859414,0.0865617592307763,7.92126541781838
3.69930555555556,0.287134202919326,0.335173642391316,0.0865203567408051,7.92143689300704
3.69940476190476,0.287110430266033,0.335154250152398,0.0864789740592308,7.92160835072221
3.69950396825397,0.287086660051592,0.335134856144322,0.0864376111768257,7.92177979096711
3.69960317460317,0.287062892275553,0.335115460368748,0.0863962680843655,7.921951213745
3.69970238095238,0.287039126937466,0.335096062827337,0.0863549447726289,7.92212261905908
3.69980158730159,0.28701536403688,0.335076663521747,0.0863136412323974,7.92229400691259
3.69990079365079,0.286991603573348,0.335057262453637,0.0862723574544568,7.92246537730877
3.7,0.286967845546419,0.335037859624667,0.086231093429595,7.92263673025082
3.70009920634921,0.286944089955644,0.335018455036493,0.0861898491486034,7.92280806574199
3.70019841269841,0.286920336800575,0.334999048690771,0.0861486246022767,7.92297938378549
3.70029761904762,0.286896586080762,0.33497964058916,0.0861074197814126,7.92315068438455
3.70039682539683,0.286872837795757,0.334960230733313,0.0860662346768121,7.9233219675424
3.70049603174603,0.286849091945111,0.334940819124886,0.0860250692792789,7.92349323326225
3.70059523809524,0.286825348528376,0.334921405765534,0.0859839235796211,7.92366448154733
3.70069444444444,0.286801607545104,0.334901990656909,0.0859427975686487,7.92383571240086
3.70079365079365,0.286777868994847,0.334882573800666,0.0859016912371753,7.92400692582605
3.70089285714286,0.286754132877158,0.334863155198456,0.0858606045760179,7.92417812182614
3.70099206349206,0.286730399191588,0.334843734851931,0.0858195375759964,7.92434930040432
3.70109126984127,0.286706667937691,0.334824312762743,0.0857784902279339,7.92452046156384
3.70119047619048,0.286682939115018,0.334804888932542,0.0857374625226568,7.92469160530789
3.70128968253968,0.286659212723123,0.334785463362977,0.0856964544509943,7.92486273163969
3.70138888888889,0.28663548876156,0.334766036055698,0.0856554660037797,7.92503384056247
3.7014880952381,0.286611767229881,0.334746607012354,0.0856144971718484,7.92520493207942
3.7015873015873,0.28658804812764,0.334727176234592,0.0855735479460397,7.92537600619378
3.70168650793651,0.28656433145439,0.33470774372406,0.0855326183171956,7.92554706290874
3.70178571428571,0.286540617209686,0.334688309482405,0.0854917082761615,7.92571810222752
3.70188492063492,0.286516905393081,0.334668873511271,0.085450817813786,7.92588912415333
3.70198412698413,0.286493196004129,0.334649435812306,0.0854099469209206,7.92606012868938
3.70208333333333,0.286469489042385,0.334629996387153,0.0853690955884206,7.92623111583888
3.70218253968254,0.286445784507403,0.334610555237457,0.0853282638071438,7.92640208560504
3.70228174603175,0.286422082398739,0.334591112364861,0.0852874515679516,7.92657303799106
3.70238095238095,0.286398382715946,0.334571667771007,0.0852466588617082,7.92674397300014
3.70248015873016,0.28637468545858,0.334552221457539,0.0852058856792814,7.9269148906355
3.70257936507937,0.286350990626197,0.334532773426098,0.0851651320115418,7.92708579090034
3.70267857142857,0.28632729821835,0.334513323678324,0.0851243978493634,7.92725667379786
3.70277777777778,0.286303608234597,0.334493872215857,0.0850836831836231,7.92742753933127
3.70287698412698,0.286279920674493,0.334474419040339,0.0850429880052015,7.92759838750376
3.70297619047619,0.286256235537593,0.334454964153406,0.0850023123049821,7.92776921831854
3.7030753968254,0.286232552823454,0.334435507556699,0.0849616560738513,7.9279400317788
3.7031746031746,0.286208872531632,0.334416049251854,0.0849210193026989,7.92811082788776
3.70327380952381,0.286185194661683,0.334396589240508,0.084880401982418,7.92828160664859
3.70337301587302,0.286161519213165,0.334377127524298,0.0848398041039047,7.92845236806451
3.70347222222222,0.286137846185633,0.33435766410486,0.084799225658058,7.92862311213871
3.70357142857143,0.286114175578645,0.334338198983829,0.0847586666357809,7.92879383887438
3.70367063492063,0.286090507391759,0.334318732162839,0.084718127027979,7.92896454827472
3.70376984126984,0.28606684162453,0.334299263643524,0.0846776068255609,7.92913524034292
3.70386904761905,0.286043178276517,0.334279793427518,0.0846371060194387,7.92930591508217
3.70396825396825,0.286019517347278,0.334260321516453,0.0845966246005277,7.92947657249568
3.70406746031746,0.28599585883637,0.334240847911961,0.0845561625597461,7.92964721258662
3.70416666666667,0.285972202743351,0.334221372615673,0.0845157198880155,7.9298178353582
3.70426587301587,0.285948549067779,0.33420189562922,0.0844752965762603,7.92998844081359
3.70436507936508,0.285924897809213,0.334182416954232,0.084434892615409,7.930159028956
3.70446428571429,0.285901248967212,0.334162936592339,0.0843945079963923,7.93032959978859
3.70456349206349,0.285877602541333,0.334143454545168,0.0843541427101444,7.93050015331457
3.7046626984127,0.285853958531137,0.334123970814349,0.0843137967476029,7.93067068953713
3.7047619047619,0.285830316936181,0.334104485401508,0.0842734700997081,7.93084120845943
3.70486111111111,0.285806677756026,0.334084998308274,0.084233162757404,7.93101171008467
3.70496031746032,0.285783040990229,0.33406550953627,0.084192874711637,7.93118219441604
3.70505952380952,0.285759406638353,0.334046019087124,0.084152605953358,7.93135266145671
3.70515873015873,0.285735774699955,0.33402652696246,0.0841123564735198,7.93152311120987
3.70525793650794,0.285712145174596,0.334007033163903,0.0840721262630789,7.9316935436787
3.70535714285714,0.285688518061836,0.333987537693076,0.0840319153129949,7.93186395886637
3.70545634920635,0.285664893361235,0.333968040551602,0.0839917236142306,7.93203435677607
3.70555555555556,0.285641271072354,0.333948541741103,0.0839515511577519,7.93220473741098
3.70565476190476,0.285617651194753,0.333929041263201,0.0839113979345281,7.93237510077427
3.70575396825397,0.285594033727993,0.333909539119518,0.083871263935531,7.93254544686912
3.70585317460317,0.285570418671635,0.333890035311673,0.0838311491517369,7.9327157756987
3.70595238095238,0.28554680602524,0.333870529841287,0.0837910535741239,7.9328860872662
3.70605158730159,0.28552319578837,0.333851022709978,0.083750977193674,7.93305638157478
3.70615079365079,0.285499587960586,0.333831513919366,0.0837109200013721,7.93322665862761
3.70625,0.28547598254145,0.333812003471067,0.0836708819882065,7.93339691842788
3.70634920634921,0.285452379530523,0.3337924913667,0.0836308631451684,7.93356716097875
3.70644841269841,0.285428778927368,0.33377297760788,0.0835908634632522,7.93373738628339
3.70654761904762,0.285405180731547,0.333753462196224,0.083550882933456,7.93390759434497
3.70664682539683,0.285381584942622,0.333733945133348,0.0835109215467805,7.93407778516666
3.70674603174603,0.285357991560156,0.333714426420865,0.0834709792942296,7.93424795875163
3.70684523809524,0.285334400583711,0.33369490606039,0.0834310561668107,7.93441811510304
3.70694444444444,0.28531081201285,0.333675384053536,0.083391152155534,7.93458825422407
3.70704365079365,0.285287225847137,0.333655860401916,0.0833512672514132,7.93475837611787
3.70714285714286,0.285263642086134,0.333636335107143,0.0833114014454649,7.93492848078762
3.70724206349206,0.285240060729406,0.333616808170827,0.0832715547287089,7.93509856823647
3.70734126984127,0.285216481776515,0.333597279594579,0.0832317270921687,7.93526863846759
3.70744047619048,0.285192905227026,0.33357774938001,0.0831919185268703,7.93543869148414
3.70753968253968,0.285169331080502,0.333558217528729,0.0831521290238432,7.93560872728927
3.70763888888889,0.285145759336507,0.333538684042345,0.0831123585741199,7.93577874588616
3.7077380952381,0.285122189994607,0.333519148922467,0.0830726071687362,7.93594874727796
3.7078373015873,0.285098623054365,0.333499612170701,0.083032874798731,7.93611873146783
3.70793650793651,0.285075058515345,0.333480073788656,0.0829931614551463,7.93628869845893
3.70803571428571,0.285051496377114,0.333460533777937,0.0829534671290278,7.9364586482544
3.70813492063492,0.285027936639235,0.33344099214015,0.0829137918114237,7.93662858085742
3.70823412698413,0.285004379301274,0.3334214488769,0.0828741354933858,7.93679849627113
3.70833333333333,0.284980824362796,0.333401903989792,0.0828344981659686,7.93696839449869
3.70843253968254,0.284957271823367,0.33338235748043,0.0827948798202304,7.93713827554325
3.70853174603175,0.284933721682553,0.333362809350416,0.0827552804472322,7.93730813940796
3.70863095238095,0.284910173939919,0.333343259601353,0.0827157000380383,7.93747798609598
3.70873015873016,0.284886628595031,0.333323708234843,0.082676138583716,7.93764781561046
3.70882936507937,0.284863085647456,0.333304155252488,0.0826365960753366,7.93781762795454
3.70892857142857,0.28483954509676,0.333284600655887,0.0825970725039735,7.93798742313137
3.70902777777778,0.28481600694251,0.333265044446642,0.0825575678607039,7.93815720114411
3.70912698412698,0.284792471184272,0.33324548662635,0.0825180821366079,7.9383269619959
3.70922619047619,0.284768937821613,0.333225927196612,0.0824786153227688,7.93849670568988
3.7093253968254,0.2847454068541,0.333206366159024,0.0824391674102733,7.93866643222921
3.7094246031746,0.284721878281301,0.333186803515185,0.0823997383902108,7.93883614161702
3.70952380952381,0.284698352102783,0.33316723926669,0.0823603282536747,7.93900583385646
3.70962301587302,0.284674828318113,0.333147673415137,0.0823209369917608,7.93917550895067
3.70972222222222,0.28465130692686,0.333128105962121,0.0822815645955683,7.9393451669028
3.70982142857143,0.284627787928592,0.333108536909236,0.0822422110561997,7.93951480771599
3.70992063492063,0.284604271322876,0.333088966258078,0.0822028763647606,7.93968443139337
3.71001984126984,0.284580757109281,0.333069394010238,0.0821635605123597,7.93985403793808
3.71011904761905,0.284557245287375,0.333049820167311,0.0821242634901088,7.94002362735327
3.71021825396825,0.284533735856727,0.333030244730888,0.082084985289123,7.94019319964208
3.71031746031746,0.284510228816906,0.333010667702562,0.0820457259005209,7.94036275480763
3.71041666666667,0.284486724167481,0.332991089083923,0.0820064853154239,7.94053229285306
3.71051587301587,0.284463221908021,0.332971508876561,0.0819672635249564,7.94070181378151
3.71061507936508,0.284439722038095,0.332951927082067,0.0819280605202462,7.94087131759612
3.71071428571429,0.284416224557273,0.332932343702029,0.0818888762924245,7.94104080430002
3.71081349206349,0.284392729465125,0.332912758738037,0.0818497108326253,7.94121027389633
3.7109126984127,0.284369236761221,0.332893172191677,0.0818105641319856,7.9413797263882
3.71101190476191,0.28434574644513,0.332873584064536,0.0817714361816465,7.94154916177875
3.71111111111111,0.284322258516423,0.332853994358203,0.0817323269727513,7.94171858007111
3.71121031746032,0.28429877297467,0.332834403074262,0.081693236496447,7.94188798126841
3.71130952380952,0.284275289819442,0.332814810214298,0.0816541647438835,7.94205736537378
3.71140873015873,0.284251809050309,0.332795215779897,0.0816151117062141,7.94222673239035
3.71150793650794,0.284228330666843,0.332775619772641,0.081576077374595,7.94239608232124
3.71160714285714,0.284204854668615,0.332756022194116,0.0815370617401858,7.94256541516957
3.71170634920635,0.284181381055196,0.332736423045902,0.0814980647941489,7.94273473093849
3.71180555555556,0.284157909826157,0.332716822329583,0.0814590865276508,7.94290402963109
3.71190476190476,0.28413444098107,0.33269722004674,0.0814201269318602,7.94307331125052
3.71200396825397,0.284110974519507,0.332677616198953,0.0813811859979494,7.94324257579989
3.71210317460317,0.28408751044104,0.332658010787802,0.0813422637170938,7.94341182328232
3.71220238095238,0.28406404874524,0.332638403814868,0.0813033600804718,7.94358105370094
3.71230158730159,0.284040589431681,0.332618795281729,0.0812644750792654,7.94375026705885
3.71240079365079,0.284017132499935,0.332599185189963,0.081225608704659,7.94391946335919
3.7125,0.283993677949574,0.332579573541148,0.0811867609478414,7.94408864260507
3.71259920634921,0.283970225780172,0.332559960336861,0.0811479318000036,7.94425780479961
3.71269841269841,0.283946775991301,0.332540345578678,0.0811091212523399,7.94442694994592
3.71279761904762,0.283923328582535,0.332520729268175,0.081070329296048,7.94459607804711
3.71289682539683,0.283899883553446,0.332501111406926,0.0810315559223287,7.94476518910631
3.71299603174603,0.283876440903609,0.332481491996506,0.080992801122386,7.94493428312662
3.71309523809524,0.283853000632598,0.33246187103849,0.0809540648874268,7.94510336011116
3.71319444444444,0.283829562739985,0.332442248534449,0.0809153472086614,7.94527242006304
3.71329365079365,0.283806127225346,0.332422624485957,0.0808766480773037,7.94544146298537
3.71339285714286,0.283782694088254,0.332402998894585,0.0808379674845701,7.94561048888126
3.71349206349206,0.283759263328285,0.332383371761905,0.0807993054216804,7.94577949775382
3.71359126984127,0.283735834945011,0.332363743089486,0.0807606618798577,7.94594848960615
3.71369047619048,0.28371240893801,0.3323441128789,0.080722036850328,7.94611746444137
3.71378968253968,0.283688985306854,0.332324481131715,0.0806834303243207,7.94628642226259
3.71388888888889,0.283665564051119,0.332304847849499,0.0806448422930681,7.9464553630729
3.7139880952381,0.283642145170382,0.332285213033822,0.0806062727478065,7.94662428687541
3.7140873015873,0.283618728664217,0.332265576686249,0.0805677216797743,7.94679319367323
3.71418650793651,0.283595314532199,0.332245938808349,0.0805291890802136,7.94696208346945
3.71428571428571,0.283571902773905,0.332226299401686,0.0804906749403698,7.94713095626719
3.71438492063492,0.283548493388911,0.332206658467827,0.080452179251491,7.94729981206954
3.71448412698413,0.283525086376792,0.332187016008336,0.0804137020048289,7.9474686508796
3.71458333333333,0.283501681737126,0.332167372024777,0.0803752431916383,7.94763747270048
3.71468253968254,0.283478279469489,0.332147726518714,0.0803368028031766,7.94780627753526
3.71478174603175,0.283454879573456,0.33212807949171,0.0802983808307057,7.94797506538706
3.71488095238095,0.283431482048607,0.332108430945327,0.0802599772654894,7.94814383625896
3.71498015873016,0.283408086894516,0.332088780881127,0.0802215920987952,7.94831259015406
3.71507936507937,0.283384694110762,0.33206912930067,0.0801832253218937,7.94848132707546
3.71517857142857,0.283361303696922,0.332049476205517,0.0801448769260585,7.94865004702626
3.71527777777778,0.283337915652574,0.332029821597227,0.0801065469025668,7.94881875000953
3.71537698412698,0.283314529977294,0.332010165477359,0.0800682352426983,7.94898743602839
3.71547619047619,0.283291146670663,0.331990507847473,0.0800299419377369,7.94915610508591
3.7155753968254,0.283267765732256,0.331970848709126,0.0799916669789687,7.9493247571852
3.7156746031746,0.283244387161653,0.331951188063874,0.0799534103576834,7.94949339232934
3.71577380952381,0.283221010958432,0.331931525913274,0.0799151720651737,7.94966201052141
3.71587301587302,0.283197637122171,0.331911862258883,0.0798769520927358,7.94983061176452
3.71597222222222,0.283174265652451,0.331892197102255,0.0798387504316687,7.94999919606174
3.71607142857143,0.283150896548848,0.331872530444945,0.0798005670732748,7.95016776341616
3.71617063492064,0.283127529810943,0.331852862288506,0.0797624020088593,7.95033631383087
3.71626984126984,0.283104165438315,0.331833192634493,0.0797242552297313,7.95050484730895
3.71636904761905,0.283080803430543,0.331813521484457,0.0796861267272026,7.95067336385349
3.71646825396825,0.283057443787208,0.331793848839951,0.0796480164925881,7.95084186346757
3.71656746031746,0.283034086507888,0.331774174702527,0.079609924517206,7.95101034615428
3.71666666666667,0.283010731592164,0.331754499073733,0.0795718507923777,7.95117881191668
3.71676587301587,0.282987379039617,0.331734821955122,0.0795337953094277,7.95134726075787
3.71686507936508,0.282964028849825,0.331715143348242,0.0794957580596835,7.95151569268093
3.71696428571429,0.282940681022371,0.331695463254643,0.0794577390344765,7.95168410768892
3.71706349206349,0.282917335556835,0.331675781675871,0.0794197382251405,7.95185250578494
3.7171626984127,0.282893992452797,0.331656098613476,0.0793817556230127,7.95202088697206
3.7172619047619,0.282870651709839,0.331636414069003,0.0793437912194336,7.95218925125335
3.71736111111111,0.282847313327542,0.331616728043999,0.0793058450057466,7.95235759863189
3.71746031746032,0.282823977305487,0.33159704054001,0.0792679169732987,7.95252592911075
3.71755952380952,0.282800643643257,0.33157735155858,0.0792300071134397,7.95269424269301
3.71765873015873,0.282777312340431,0.331557661101254,0.0791921154175224,7.95286253938174
3.71775793650794,0.282753983396594,0.331537969169575,0.0791542418769036,7.95303081918001
3.71785714285714,0.282730656811327,0.331518275765087,0.0791163864829426,7.9531990820909
3.71795634920635,0.282707332584211,0.331498580889332,0.079078549227002,7.95336732811747
3.71805555555556,0.28268401071483,0.331478884543852,0.0790407301004475,7.95353555726279
3.71815476190476,0.282660691202767,0.331459186730188,0.0790029290946481,7.95370376952993
3.71825396825397,0.282637374047603,0.33143948744988,0.078965146200976,7.95387196492196
3.71835317460318,0.282614059248922,0.331419786704468,0.0789273814108062,7.95404014344195
3.71845238095238,0.282590746806308,0.331400084495492,0.0788896347155177,7.95420830509296
3.71855158730159,0.282567436719343,0.331380380824489,0.078851906106492,7.95437644987805
3.71865079365079,0.282544128987611,0.331360675692999,0.0788141955751138,7.95454457780029
3.71875,0.282520823610696,0.331340969102558,0.0787765031127712,7.95471268886275
3.71884920634921,0.282497520588181,0.331321261054703,0.0787388287108554,7.95488078306848
3.71894841269841,0.282474219919651,0.331301551550969,0.0787011723607607,7.95504886042055
3.71904761904762,0.28245092160469,0.331281840592893,0.0786635340538846,7.95521692092202
3.71914682539683,0.282427625642881,0.331262128182009,0.0786259137816276,7.95538496457595
3.71924603174603,0.282404332033811,0.331242414319851,0.0785883115353941,7.95555299138539
3.71934523809524,0.282381040777063,0.331222699007952,0.0785507273065909,7.9557210013534
3.71944444444444,0.282357751872223,0.331202982247846,0.0785131610866281,7.95588899448305
3.71954365079365,0.282334465318875,0.331183264041064,0.0784756128669193,7.95605697077739
3.71964285714286,0.282311181116605,0.331163544389138,0.0784380826388809,7.95622493023947
3.71974206349206,0.282287899264999,0.3311438232936,0.0784005703939327,7.95639287287235
3.71984126984127,0.28226461976364,0.331124100755978,0.0783630761234973,7.95656079867908
3.71994047619048,0.282241342612117,0.331104376777803,0.0783255998190014,7.95672870766271
3.72003968253968,0.282218067810014,0.331084651360605,0.078288141471874,7.9568965998263
3.72013888888889,0.282194795356918,0.33106492450591,0.0782507010735474,7.9570644751729
3.7202380952381,0.282171525252415,0.331045196215247,0.0782132786154574,7.95723233370555
3.7203373015873,0.282148257496092,0.331025466490143,0.0781758740890426,7.95740017542732
3.72043650793651,0.282124992087534,0.331005735332124,0.0781384874857451,7.95756800034124
3.72053571428571,0.28210172902633,0.330986002742717,0.07810111879701,7.95773580845036
3.72063492063492,0.282078468312066,0.330966268723445,0.0780637680142853,7.95790359975773
3.72073412698413,0.282055209944328,0.330946533275834,0.078026435129023,7.9580713742664
3.72083333333333,0.282031953922706,0.330926796401408,0.0779891201326774,7.95823913197941
3.72093253968254,0.282008700246785,0.33090705810169,0.0779518230167065,7.95840687289981
3.72103174603175,0.281985448916154,0.330887318378202,0.0779145437725712,7.95857459703063
3.72113095238095,0.281962199930401,0.330867577232467,0.0778772823917357,7.95874230437493
3.72123015873016,0.281938953289114,0.330847834666005,0.0778400388656673,7.95890999493574
3.72132936507937,0.28191570899188,0.330828090680337,0.0778028131858363,7.9590776687161
3.72142857142857,0.281892467038289,0.330808345276983,0.0777656053437169,7.95924532571906
3.72152777777778,0.281869227427929,0.330788598457464,0.0777284153307857,7.95941296594764
3.72162698412698,0.281845990160389,0.330768850223297,0.0776912431385226,7.9595805894049
3.72172619047619,0.281822755235257,0.330749100576,0.077654088758411,7.95974819609387
3.7218253968254,0.281799522652123,0.330729349517091,0.0776169521819373,7.95991578601758
3.7219246031746,0.281776292410576,0.330709597048088,0.0775798334005908,7.96008335917907
3.72202380952381,0.281753064510206,0.330689843170505,0.0775427324058645,7.96025091558137
3.72212301587302,0.281729838950601,0.330670087885858,0.0775056491892539,7.96041845522753
3.72222222222222,0.281706615731353,0.330650331195664,0.0774685837422587,7.96058597812056
3.72232142857143,0.28168339485205,0.330630573101435,0.0774315360563807,7.96075348426351
3.72242063492063,0.281660176312284,0.330610813604685,0.0773945061231255,7.9609209736594
3.72251984126984,0.281636960111644,0.330591052706928,0.0773574939340016,7.96108844631127
3.72261904761905,0.28161374624972,0.330571290409675,0.0773204994805208,7.96125590222214
3.72271825396825,0.281590534726105,0.330551526714439,0.0772835227541981,7.96142334139504
3.72281746031746,0.281567325540387,0.33053176162273,0.0772465637465512,7.96159076383301
3.72291666666667,0.281544118692159,0.330511995136059,0.0772096224491021,7.96175816953906
3.72301587301587,0.281520914181012,0.330492227255936,0.0771726988533749,7.96192555851622
3.72311507936508,0.281497712006537,0.33047245798387,0.0771357929508971,7.96209293076752
3.72321428571429,0.281474512168325,0.330452687321369,0.0770989047331998,7.96226028629599
3.72331349206349,0.281451314665969,0.330432915269941,0.0770620341918168,7.96242762510464
3.7234126984127,0.28142811949906,0.330413141831094,0.0770251813182852,7.9625949471965
3.7235119047619,0.28140492666719,0.330393367006334,0.0769883461041455,7.96276225257459
3.72361111111111,0.281381736169951,0.330373590797167,0.0769515285409408,7.96292954124194
3.72371031746032,0.281358548006937,0.330353813205098,0.0769147286202183,7.96309681320155
3.72380952380952,0.281335362177739,0.330334034231632,0.0768779463335277,7.96326406845646
3.72390873015873,0.28131217868195,0.330314253878273,0.0768411816724219,7.96343130700967
3.72400793650794,0.281288997519164,0.330294472146525,0.0768044346284572,7.96359852886421
3.72410714285714,0.281265818688973,0.330274689037889,0.0767677051931929,7.96376573402309
3.72420634920635,0.281242642190971,0.330254904553869,0.0767309933581915,7.96393292248933
3.72430555555556,0.281219468024751,0.330235118695966,0.0766942991150185,7.96410009426594
3.72440476190476,0.281196296189907,0.33021533146568,0.0766576224552434,7.96426724935594
3.72450396825397,0.281173126686032,0.330195542864513,0.0766209633704379,7.96443438776234
3.72460317460317,0.281149959512721,0.330175752893962,0.0765843218521772,7.96460150948815
3.72470238095238,0.281126794669568,0.330155961555528,0.0765476978920397,7.96476861453639
3.72480158730159,0.281103632156167,0.330136168850708,0.0765110914816071,7.96493570291005
3.72490079365079,0.281080471972113,0.330116374781001,0.0764745026124641,7.96510277461216
3.725,0.281057314117,0.330096579347902,0.0764379312761986,7.96526982964573
3.72509920634921,0.281034158590423,0.33007678255291,0.0764013774644015,7.96543686801375
3.72519841269841,0.281011005391977,0.330056984397518,0.0763648411686675,7.96560388971924
3.72529761904762,0.280987854521259,0.330037184883223,0.0763283223805939,7.9657708947652
3.72539682539683,0.280964705977862,0.330017384011518,0.0762918210917812,7.96593788315464
3.72549603174603,0.280941559761382,0.329997581783899,0.0762553372938333,7.96610485489056
3.72559523809524,0.280918415871416,0.329977778201856,0.076218870978357,7.96627180997597
3.72569444444444,0.280895274307559,0.329957973266885,0.0761824221369627,7.96643874841387
3.72579365079365,0.280872135069407,0.329938166980475,0.0761459907612632,7.96660567020725
3.72589285714286,0.280848998156556,0.329918359344119,0.0761095768428757,7.96677257535913
3.72599206349206,0.280825863568604,0.329898550359306,0.0760731803734195,7.9669394638725
3.72609126984127,0.280802731305146,0.329878740027528,0.0760368013445174,7.96710633575036
3.72619047619048,0.280779601365779,0.329858928350273,0.0760004397477955,7.96727319099571
3.72628968253968,0.280756473750101,0.32983911532903,0.0759640955748829,7.96744002961154
3.72638888888889,0.280733348457708,0.329819300965286,0.075927768817412,7.96760685160086
3.72648809523809,0.280710225488198,0.329799485260531,0.0758914594670184,7.96777365696666
3.7265873015873,0.280687104841168,0.329779668216249,0.0758551675153404,7.96794044571193
3.72668650793651,0.280663986516217,0.329759849833928,0.0758188929540204,7.96810721783966
3.72678571428571,0.280640870512941,0.329740030115052,0.0757826357747033,7.96827397335286
3.72688492063492,0.280617756830939,0.329720209061107,0.0757463959690372,7.96844071225451
3.72698412698413,0.280594645469809,0.329700386673577,0.0757101735286736,7.9686074345476
3.72708333333333,0.280571536429149,0.329680562953946,0.075673968445267,7.96877414023513
3.72718253968254,0.280548429708558,0.329660737903695,0.0756377807104752,7.96894082932008
3.72728174603175,0.280525325307634,0.329640911524308,0.0756016103159588,7.96910750180545
3.72738095238095,0.280502223225978,0.329621083817267,0.0755654572533824,7.96927415769422
3.72748015873016,0.280479123463186,0.329601254784052,0.075529321514413,7.96944079698937
3.72757936507937,0.28045602601886,0.329581424426143,0.075493203090721,7.9696074196939
3.72767857142857,0.280432930892598,0.329561592745021,0.0754571019739801,7.96977402581079
3.72777777777778,0.280409838083999,0.329541759742165,0.0754210181558671,7.96994061534302
3.72787698412698,0.280386747592665,0.329521925419052,0.0753849516280618,7.97010718829358
3.72797619047619,0.280363659418193,0.329502089777161,0.0753489023822474,7.97027374466545
3.7280753968254,0.280340573560186,0.329482252817969,0.07531287041011,7.97044028446162
3.7281746031746,0.280317490018242,0.329462414542952,0.0752768557033396,7.97060680768505
3.72827380952381,0.280294408791962,0.329442574953587,0.0752408582536284,7.97077331433874
3.72837301587302,0.280271329880948,0.329422734051348,0.0752048780526725,7.97093980442566
3.72847222222222,0.280248253284799,0.32940289183771,0.0751689150921706,7.9711062779488
3.72857142857143,0.280225179003118,0.329383048314148,0.0751329693638251,7.97127273491112
3.72867063492063,0.280202107035504,0.329363203482134,0.0750970408593412,7.9714391753156
3.72876984126984,0.280179037381559,0.329343357343141,0.0750611295704272,7.97160559916523
3.72886904761905,0.280155970040886,0.329323509898642,0.0750252354887954,7.97177200646298
3.72896825396825,0.280132905013085,0.329303661150107,0.0749893586061602,7.97193839721181
3.72906746031746,0.280109842297758,0.329283811099008,0.0749534989142398,7.97210477141471
3.72916666666667,0.280086781894507,0.329263959746814,0.0749176564047553,7.97227112907464
3.72926587301587,0.280063723802936,0.329244107094995,0.0748818310694311,7.97243747019458
3.72936507936508,0.280040668022645,0.32922425314502,0.0748460228999948,7.9726037947775
3.72946428571429,0.280017614553237,0.329204397898358,0.0748102318881771,7.97277010282636
3.72956349206349,0.279994563394316,0.329184541356475,0.0747744580257117,7.97293639434414
3.7296626984127,0.279971514545484,0.329164683520839,0.0747387013043361,7.97310266933381
3.7297619047619,0.279948468006345,0.329144824392915,0.0747029617157903,7.97326892779833
3.72986111111111,0.279925423776501,0.329124963974171,0.0746672392518178,7.97343516974066
3.72996031746032,0.279902381855556,0.32910510226607,0.074631533904165,7.97360139516378
3.73005952380952,0.279879342243113,0.329085239270077,0.0745958456645819,7.97376760407065
3.73015873015873,0.279856304938777,0.329065374987656,0.0745601745248213,7.97393379646422
3.73025793650794,0.279833269942151,0.329045509420269,0.0745245204766391,7.97409997234748
3.73035714285714,0.27981023725284,0.32902564256938,0.0744888835117951,7.97426613172336
3.73045634920635,0.279787206870447,0.32900577443645,0.0744532636220515,7.97443227459485
3.73055555555556,0.279764178794578,0.328985905022941,0.0744176607991739,7.97459840096489
3.73065476190476,0.279741153024836,0.328966034330312,0.0743820750349311,7.97476451083645
3.73075396825397,0.279718129560828,0.328946162360024,0.0743465063210951,7.97493060421249
3.73085317460317,0.279695108402156,0.328926289113537,0.0743109546494411,7.97509668109595
3.73095238095238,0.279672089548428,0.328906414592308,0.0742754200117474,7.97526274148981
3.73105158730159,0.279649072999248,0.328886538797795,0.0742399023997952,7.97542878539701
3.73115079365079,0.279626058754222,0.328866661731457,0.0742044018053697,7.97559481282052
3.73125,0.279603046812955,0.328846783394749,0.0741689182202585,7.97576082376328
3.73134920634921,0.279580037175054,0.328826903789128,0.0741334516362526,7.97592681822825
3.73144841269841,0.279557029840124,0.328807022916049,0.0740980020451462,7.97609279621837
3.73154761904762,0.279534024807772,0.328787140776967,0.0740625694387367,7.97625875773661
3.73164682539683,0.279511022077603,0.328767257373337,0.0740271538088247,7.97642470278592
3.73174603174603,0.279488021649225,0.328747372706611,0.0739917551472135,7.97659063136923
3.73184523809524,0.279465023522245,0.328727486778242,0.0739563734457105,7.97675654348951
3.73194444444444,0.279442027696269,0.328707599589683,0.0739210086961256,7.9769224391497
3.73204365079365,0.279419034170905,0.328687711142386,0.073885660890272,7.97708831835274
3.73214285714286,0.279396042945759,0.328667821437801,0.0738503300199662,7.97725418110159
3.73224206349206,0.279373054020439,0.328647930477378,0.0738150160770276,7.97742002739919
3.73234126984127,0.279350067394553,0.328628038262568,0.073779719053279,7.97758585724848
3.73244047619048,0.279327083067708,0.328608144794819,0.0737444389405464,7.97775167065241
3.73253968253968,0.279304101039513,0.32858825007558,0.0737091757306586,7.97791746761391
3.73263888888889,0.279281121309576,0.328568354106298,0.0736739294154484,7.97808324813594
3.7327380952381,0.279258143877505,0.32854845688842,0.073638699986751,7.97824901222144
3.7328373015873,0.279235168742908,0.328528558423394,0.0736034874364049,7.97841475987334
3.73293650793651,0.279212195905394,0.328508658712665,0.073568291756252,7.97858049109458
3.73303571428571,0.279189225364572,0.328488757757677,0.0735331129381373,7.9787462058881
3.73313492063492,0.279166257120052,0.328468855559876,0.0734979509739089,7.97891190425684
3.73323412698413,0.279143291171441,0.328448952120706,0.0734628058554178,7.97907758620374
3.73333333333333,0.279120327518351,0.328429047441609,0.073427677574519,7.97924325173173
3.73343253968254,0.279097366160389,0.328409141524029,0.07339256612307,7.97940890084375
3.73353174603175,0.279074407097166,0.328389234369408,0.0733574714929315,7.97957453354273
3.73363095238095,0.279051450328293,0.328369325979186,0.0733223936759676,7.97974014983161
3.73373015873016,0.279028495853378,0.328349416354804,0.0732873326640455,7.97990574971331
3.73382936507937,0.279005543672032,0.328329505497703,0.0732522884490355,7.98007133319078
3.73392857142857,0.278982593783865,0.328309593409323,0.0732172610228111,7.98023690026693
3.73402777777778,0.278959646188489,0.3282896800911,0.0731822503772488,7.98040245094471
3.73412698412698,0.278936700885513,0.328269765544475,0.0731472565042289,7.98056798522703
3.73422619047619,0.27891375787455,0.328249849770885,0.0731122793956343,7.98073350311683
3.7343253968254,0.278890817155209,0.328229932771765,0.0730773190433511,7.98089900461703
3.7344246031746,0.278867878727103,0.328210014548554,0.0730423754392688,7.98106448973057
3.73452380952381,0.278844942589842,0.328190095102685,0.0730074485752798,7.98122995846036
3.73462301587302,0.278822008743038,0.328170174435595,0.0729725384432801,7.98139541080934
3.73472222222222,0.278799077186304,0.328150252548717,0.0729376450351681,7.98156084678042
3.73482142857143,0.278776147919251,0.328130329443485,0.0729027683428466,7.98172626637653
3.73492063492063,0.278753220941491,0.328110405121333,0.0728679083582204,7.98189166960059
3.73501984126984,0.278730296252638,0.328090479583692,0.0728330650731981,7.98205705645552
3.73511904761905,0.278707373852302,0.328070552831995,0.0727982384796912,7.98222242694424
3.73521825396825,0.278684453740097,0.328050624867672,0.0727634285696145,7.98238778106968
3.73531746031746,0.278661535915636,0.328030695692154,0.072728635334886,7.98255311883474
3.73541666666667,0.278638620378531,0.328010765306871,0.0726938587674268,7.98271844024235
3.73551587301587,0.278615707128397,0.327990833713251,0.072659098859161,7.98288374529543
3.73561507936508,0.278592796164846,0.327970900912725,0.0726243556020164,7.98304903399689
3.73571428571429,0.278569887487492,0.327950966906719,0.0725896289879235,7.98321430634965
3.73581349206349,0.278546981095949,0.32793103169666,0.0725549190088162,7.98337956235662
3.7359126984127,0.27852407698983,0.327911095283977,0.0725202256566313,7.98354480202071
3.7360119047619,0.27850117516875,0.327891157670093,0.0724855489233091,7.98371002534484
3.73611111111111,0.278478275632323,0.327871218856436,0.072450888800793,7.98387523233192
3.73621031746032,0.278455378380163,0.327851278844429,0.0724162452810291,7.98404042298486
3.73630952380952,0.278432483411886,0.327831337635496,0.0723816183559677,7.98420559730656
3.73640873015873,0.278409590727105,0.327811395231062,0.0723470080175613,7.98437075529995
3.73650793650794,0.278386700325436,0.327791451632549,0.072312414257766,7.98453589696792
3.73660714285714,0.278363812206495,0.327771506841378,0.072277837068541,7.98470102231339
3.73670634920635,0.278340926369895,0.327751560858973,0.0722432764418487,7.98486613133926
3.73680555555556,0.278318042815253,0.327731613686752,0.0722087323696546,7.98503122404843
3.73690476190476,0.278295161542184,0.327711665326138,0.0721742048439274,7.98519630044382
3.73700396825397,0.278272282550305,0.327691715778549,0.0721396938566389,7.98536136052832
3.73710317460317,0.278249405839231,0.327671765045404,0.0721051993997645,7.98552640430485
3.73720238095238,0.278226531408578,0.327651813128122,0.0720707214652822,7.98569143177629
3.73730158730159,0.278203659257963,0.32763186002812,0.0720362600451735,7.98585644294555
3.73740079365079,0.278180789387002,0.327611905746815,0.072001815131423,7.98602143781554
3.7375,0.278157921795313,0.327591950285625,0.0719673867160184,7.98618641638915
3.73759920634921,0.278135056482511,0.327571993645964,0.0719329747909507,7.98635137866928
3.73769841269841,0.278112193448214,0.327552035829247,0.0718985793482137,7.98651632465883
3.73779761904762,0.27808933269204,0.32753207683689,0.0718642003798052,7.9866812543607
3.73789682539683,0.278066474213605,0.327512116670306,0.0718298378777254,7.98684616777777
3.73799603174603,0.278043618012527,0.327492155330908,0.071795491833978,7.98701106491296
3.73809523809524,0.278020764088425,0.327472192820109,0.0717611622405697,7.98717594576915
3.73819444444444,0.277997912440915,0.327452229139321,0.0717268490895105,7.98734081034923
3.73829365079365,0.277975063069616,0.327432264289954,0.0716925523728136,7.9875056586561
3.73839285714286,0.277952215974146,0.327412298273421,0.0716582720824952,7.98767049069266
3.73849206349206,0.277929371154125,0.32739233109113,0.0716240082105748,7.98783530646178
3.73859126984127,0.277906528609169,0.327372362744492,0.0715897607490753,7.98800010596636
3.73869047619048,0.277883688338899,0.327352393234914,0.0715555296900224,7.9881648892093
3.73878968253968,0.277860850342933,0.327332422563806,0.0715213150254452,7.98832965619347
3.73888888888889,0.27783801462089,0.327312450732573,0.0714871167473758,7.98849440692177
3.7389880952381,0.27781518117239,0.327292477742624,0.0714529348478495,7.98865914139709
3.7390873015873,0.277792349997052,0.327272503595365,0.0714187693189049,7.9888238596223
3.73918650793651,0.277769521094496,0.3272525282922,0.0713846201525836,7.9889885616003
3.73928571428571,0.277746694464342,0.327232551834536,0.0713504873409307,7.98915324733396
3.73938492063492,0.277723870106209,0.327212574223775,0.0713163708759942,7.98931791682617
3.73948412698413,0.277701048019718,0.327192595461322,0.0712822707498253,7.98948257007982
3.73958333333333,0.27767822820449,0.32717261554858,0.0712481869544784,7.98964720709778
3.73968253968254,0.277655410660144,0.327152634486951,0.071214119482011,7.98981182788294
3.73978174603175,0.277632595386303,0.327132652277837,0.071180068324484,7.98997643243818
3.73988095238095,0.277609782382585,0.327112668922639,0.0711460334739612,7.99014102076636
3.73998015873016,0.277586971648613,0.327092684422757,0.0711120149225095,7.99030559287038
3.74007936507937,0.277564163184008,0.327072698779591,0.0710780126621996,7.99047014875311
3.74017857142857,0.277541356988391,0.32705271199454,0.0710440266851048,7.99063468841743
3.74027777777778,0.277518553061385,0.327032724069003,0.0710100569833016,7.9907992118662
3.74037698412698,0.277495751402609,0.327012735004377,0.0709761035488699,7.99096371910231
3.74047619047619,0.277472952011688,0.32699274480206,0.0709421663738926,7.99112821012863
3.7405753968254,0.277450154888242,0.326972753463449,0.0709082454504558,7.99129268494803
3.7406746031746,0.277427360031894,0.326952760989939,0.0708743407706487,7.99145714356338
3.74077380952381,0.277404567442266,0.326932767382926,0.0708404523265641,7.99162158597756
3.74087301587302,0.277381777118982,0.326912772643804,0.0708065801102975,7.99178601219344
3.74097222222222,0.277358989061664,0.326892776773967,0.0707727241139478,7.99195042221388
3.74107142857143,0.277336203269934,0.326872779774809,0.0707388843296169,7.99211481604175
3.74117063492063,0.277313419743417,0.326852781647722,0.0707050607494099,7.99227919367992
3.74126984126984,0.277290638481735,0.3268327823941,0.0706712533654354,7.99244355513126
3.74136904761905,0.277267859484513,0.326812782015332,0.0706374621698047,7.99260790039863
3.74146825396825,0.277245082751373,0.32679278051281,0.0706036871546323,7.9927722294849
3.74156746031746,0.277222308281939,0.326772777887924,0.0705699283120366,7.99293654239293
3.74166666666667,0.277199536075837,0.326752774142063,0.0705361856341383,7.99310083912559
3.74176587301587,0.277176766132689,0.326732769276618,0.0705024591130618,7.99326511968573
3.74186507936508,0.27715399845212,0.326712763292975,0.0704687487409344,7.99342938407623
3.74196428571429,0.277131233033756,0.326692756192522,0.0704350545098865,7.99359363229993
3.74206349206349,0.277108469877219,0.326672747976647,0.0704013764120521,7.99375786435971
3.7421626984127,0.277085708982137,0.326652738646736,0.0703677144395677,7.99392208025841
3.74226190476191,0.277062950348133,0.326632728204174,0.070334068584574,7.9940862799989
3.74236111111111,0.277040193974832,0.326612716650347,0.0703004388392138,7.99425046358404
3.74246031746032,0.277017439861862,0.326592703986639,0.0702668251956337,7.99441463101667
3.74255952380952,0.276994688008846,0.326572690214433,0.0702332276459833,7.99457878229966
3.74265873015873,0.276971938415411,0.326552675335114,0.0701996461824153,7.99474291743586
3.74275793650794,0.276949191081182,0.326532659350063,0.0701660807970857,7.99490703642813
3.74285714285714,0.276926446005787,0.326512642260662,0.0701325314821535,7.99507113927931
3.74295634920635,0.27690370318885,0.326492624068293,0.0700989982297809,7.99523522599227
3.74305555555556,0.276880962629999,0.326472604774336,0.0700654810321339,7.99539929656984
3.74315476190476,0.276858224328861,0.326452584380172,0.0700319798813807,7.99556335101489
3.74325396825397,0.276835488285062,0.326432562887179,0.0699984947696933,7.99572738933025
3.74335317460317,0.276812754498229,0.326412540296736,0.0699650256892465,7.99589141151878
3.74345238095238,0.276790022967989,0.326392516610221,0.0699315726322187,7.99605541758333
3.74355158730159,0.27676729369397,0.326372491829012,0.069898135590791,7.99621940752675
3.74365079365079,0.2767445666758,0.326352465954485,0.0698647145571478,7.99638338135187
3.74375,0.276721841913105,0.326332438988016,0.0698313095234772,7.99654733906155
3.74384920634921,0.276699119405515,0.326312410930982,0.0697979204819699,7.99671128065862
3.74394841269841,0.276676399152656,0.326292381784756,0.0697645474248199,7.99687520614594
3.74404761904762,0.276653681154158,0.326272351550713,0.0697311903442244,7.99703911552634
3.74414682539683,0.276630965409648,0.326252320230227,0.0696978492323836,7.99720300880267
3.74424603174603,0.276608251918755,0.326232287824671,0.0696645240815014,7.99736688597777
3.74434523809524,0.276585540681109,0.326212254335416,0.0696312148837842,7.99753074705447
3.74444444444444,0.276562831696337,0.326192219763834,0.0695979216314418,7.99769459203562
3.74454365079365,0.27654012496407,0.326172184111297,0.0695646443166877,7.99785842092405
3.74464285714286,0.276517420483936,0.326152147379175,0.069531382931738,7.9980222337226
3.74474206349206,0.276494718255564,0.326132109568837,0.0694981374688119,7.99818603043411
3.74484126984127,0.276472018278585,0.326112070681653,0.0694649079201323,7.99834981106142
3.74494047619048,0.276449320552629,0.32609203071899,0.0694316942779247,7.99851357560735
3.74503968253968,0.276426625077324,0.326071989682218,0.0693984965344181,7.99867732407474
3.74513888888889,0.276403931852302,0.326051947572703,0.0693653146818445,7.99884105646644
3.7452380952381,0.276381240877193,0.326031904391811,0.0693321487124395,7.99900477278525
3.7453373015873,0.276358552151627,0.326011860140908,0.0692989986184413,7.99916847303403
3.74543650793651,0.276335865675235,0.32599181482136,0.0692658643920916,7.99933215721559
3.74553571428571,0.276313181447648,0.325971768434532,0.0692327460256353,7.99949582533277
3.74563492063492,0.276290499468497,0.325951720981787,0.0691996435113202,7.9996594773884
3.74573412698413,0.276267819737413,0.325931672464488,0.0691665568413975,7.99982311338531
3.74583333333333,0.276245142254027,0.325911622883999,0.0691334860081216,7.99998673332631
3.74593253968254,0.276222467017971,0.32589157224168,0.0691004310037496,8.00015033721424
3.74603174603175,0.276199794028877,0.325871520538895,0.0690673918205428,8.00031392505193
3.74613095238095,0.276177123286377,0.325851467777003,0.0690343684507647,8.00047749684219
3.74623015873016,0.276154454790102,0.325831413957365,0.0690013608866824,8.00064105258786
3.74632936507937,0.276131788539686,0.325811359081339,0.068968369120566,8.00080459229174
3.74642857142857,0.27610912453476,0.325791303150286,0.068935393144689,8.00096811595668
3.74652777777778,0.276086462774957,0.325771246165563,0.0689024329513278,8.00113162358547
3.74662698412698,0.276063803259909,0.325751188128528,0.0688694885327618,8.00129511518096
3.74672619047619,0.276041145989251,0.325731129040537,0.0688365598812746,8.00145859074595
3.7468253968254,0.276018490962614,0.325711068902947,0.0688036469891518,8.00162205028326
3.7469246031746,0.275995838179633,0.325691007717114,0.0687707498486827,8.00178549379571
3.74702380952381,0.27597318763994,0.325670945484393,0.0687378684521597,8.00194892128612
3.74712301587302,0.27595053934317,0.325650882206138,0.0687050027918784,8.0021123327573
3.74722222222222,0.275927893288957,0.325630817883702,0.0686721528601376,8.00227572821207
3.74732142857143,0.275905249476933,0.32561075251844,0.068639318649239,8.00243910765325
3.74742063492064,0.275882607906733,0.325590686111702,0.0686065001514877,8.00260247108364
3.74751984126984,0.275859968577993,0.325570618664842,0.0685736973591924,8.00276581850605
3.74761904761905,0.275837331490346,0.32555055017921,0.0685409102646641,8.0029291499233
3.74771825396825,0.275814696643426,0.325530480656157,0.0685081388602177,8.0030924653382
3.74781746031746,0.27579206403687,0.325510410097032,0.0684753831381708,8.00325576475356
3.74791666666667,0.275769433670312,0.325490338503186,0.0684426430908444,8.00341904817219
3.74801587301587,0.275746805543386,0.325470265875966,0.0684099187105626,8.00358231559689
3.74811507936508,0.27572417965573,0.325450192216721,0.0683772099896525,8.00374556703047
3.74821428571429,0.275701556006977,0.325430117526798,0.0683445169204452,8.00390880247574
3.74831349206349,0.275678934596764,0.325410041807543,0.0683118394952739,8.00407202193551
3.7484126984127,0.275656315424728,0.325389965060303,0.0682791777064755,8.00423522541257
3.7485119047619,0.275633698490503,0.325369887286423,0.06824653154639,8.00439841290974
3.74861111111111,0.275611083793726,0.325349808487249,0.0682139010073606,8.0045615844298
3.74871031746032,0.275588471334034,0.325329728664123,0.0681812860817336,8.00472473997558
3.74880952380952,0.275565861111064,0.32530964781839,0.0681486867618586,8.00488787954986
3.74890873015873,0.275543253124451,0.325289565951392,0.068116103040088,8.00505100315545
3.74900793650794,0.275520647373833,0.325269483064471,0.0680835349087781,8.00521411079514
3.74910714285714,0.275498043858848,0.32524939915897,0.0680509823602878,8.00537720247174
3.74920634920635,0.275475442579133,0.32522931423623,0.0680184453869792,8.00554027818804
3.74930555555556,0.275452843534324,0.325209228297589,0.0679859239812178,8.00570333794684
3.74940476190476,0.27543024672406,0.325189141344389,0.0679534181353721,8.00586638175094
3.74950396825397,0.275407652147979,0.325169053377968,0.0679209278418139,8.00602940960312
3.74960317460318,0.275385059805718,0.325148964399664,0.0678884530929178,8.00619242150619
3.74970238095238,0.275362469696916,0.325128874410816,0.0678559938810622,8.00635541746293
3.74980158730159,0.275339881821212,0.32510878341276,0.0678235501986284,8.00651839747615
3.74990079365079,0.275317296178243,0.325088691406834,0.0677911220380008,8.00668136154862
3.75,0.275294712767648,0.325068598394371,0.0677587093915668,8.00684430968314
3.75009920634921,0.275272131589067,0.325048504376709,0.0677263122517173,8.00700724188251
3.75019841269841,0.275249552642138,0.325028409355181,0.0676939306108462,8.0071701581495
3.75029761904762,0.275226975926502,0.325008313331122,0.0676615644613506,8.00733305848691
3.75039682539683,0.275204401441796,0.324988216305863,0.0676292137956307,8.00749594289753
3.75049603174603,0.27518182918766,0.32496811828074,0.0675968786060903,8.00765881138414
3.75059523809524,0.275159259163736,0.324948019257082,0.0675645588851359,8.00782166394952
3.75069444444444,0.275136691369662,0.324927919236222,0.0675322546251771,8.00798450059646
3.75079365079365,0.275114125805078,0.324907818219491,0.0674999658186272,8.00814732132775
3.75089285714286,0.275091562469625,0.324887716208218,0.0674676924579022,8.00831012614617
3.75099206349206,0.275069001362944,0.324867613203732,0.0674354345354213,8.00847291505449
3.75109126984127,0.275046442484674,0.324847509207363,0.067403192043607,8.0086356880555
3.75119047619048,0.275023885834457,0.324827404220439,0.0673709649748854,8.00879844515199
3.75128968253968,0.275001331411934,0.324807298244287,0.067338753321685,8.00896118634672
3.75138888888889,0.274978779216746,0.324787191280235,0.0673065570764379,8.00912391164248
3.7514880952381,0.274956229248535,0.324767083329607,0.0672743762315793,8.00928662104205
3.7515873015873,0.274933681506941,0.324746974393731,0.0672422107795476,8.0094493145482
3.75168650793651,0.274911135991606,0.32472686447393,0.0672100607127843,8.00961199216371
3.75178571428571,0.274888592702174,0.32470675357153,0.0671779260237341,8.00977465389135
3.75188492063492,0.274866051638284,0.324686641687854,0.0671458067048447,8.0099372997339
3.75198412698413,0.27484351279958,0.324666528824224,0.0671137027485677,8.01009992969413
3.75208333333333,0.274820976185704,0.324646414981964,0.0670816141473569,8.01026254377481
3.75218253968254,0.274798441796299,0.324626300162396,0.06704954089367,8.01042514197871
3.75228174603175,0.274775909631007,0.324606184366839,0.0670174829799673,8.01058772430862
3.75238095238095,0.274753379689472,0.324586067596615,0.0669854403987128,8.01075029076728
3.75248015873016,0.274730851971335,0.324565949853043,0.0669534131423732,8.01091284135748
3.75257936507937,0.274708326476242,0.324545831137444,0.0669214012034186,8.01107537608199
3.75267857142857,0.274685803203834,0.324525711451134,0.0668894045743226,8.01123789494356
3.75277777777778,0.274663282153756,0.324505590795433,0.0668574232475614,8.01140039794496
3.75287698412698,0.274640763325652,0.324485469171657,0.0668254572156148,8.01156288508897
3.75297619047619,0.274618246719165,0.324465346581124,0.0667935064709653,8.01172535637834
3.7530753968254,0.27459573233394,0.324445223025148,0.0667615710060992,8.01188781181585
3.7531746031746,0.274573220169621,0.324425098505046,0.0667296508135055,8.01205025140424
3.75327380952381,0.274550710225852,0.324404973022133,0.0666977458856765,8.01221267514629
3.75337301587302,0.274528202502278,0.324384846577721,0.0666658562151074,8.01237508304475
3.75347222222222,0.274505696998544,0.324364719173126,0.0666339817942975,8.01253747510239
3.75357142857143,0.274483193714295,0.324344590809658,0.0666021226157483,8.01269985132197
3.75367063492063,0.274460692649176,0.324324461488632,0.0665702786719648,8.01286221170624
3.75376984126984,0.274438193802832,0.324304331211358,0.0665384499554552,8.01302455625795
3.75386904761905,0.27441569717491,0.324284199979147,0.0665066364587308,8.01318688497988
3.75396825396825,0.274393202765054,0.324264067793309,0.0664748381743063,8.01334919787477
3.75406746031746,0.274370710572911,0.324243934655155,0.0664430550946991,8.01351149494539
3.75416666666667,0.274348220598126,0.324223800565992,0.0664112872124304,8.01367377619447
3.75426587301587,0.274325732840347,0.324203665527129,0.0663795345200242,8.01383604162478
3.75436507936508,0.274303247299218,0.324183529539875,0.0663477970100077,8.01399829123907
3.75446428571429,0.274280763974388,0.324163392605535,0.0663160746749112,8.01416052504009
3.75456349206349,0.274258282865502,0.324143254725417,0.0662843675072683,8.01432274303059
3.7546626984127,0.274235803972208,0.324123115900826,0.0662526754996158,8.01448494521332
3.7547619047619,0.274213327294153,0.324102976133068,0.0662209986444936,8.01464713159104
3.75486111111111,0.274190852830983,0.324082835423446,0.0661893369344446,8.01480930216648
3.75496031746032,0.274168380582348,0.324062693773265,0.0661576903620155,8.0149714569424
3.75505952380952,0.274145910547893,0.324042551183828,0.0661260589197554,8.01513359592154
3.75515873015873,0.274123442727267,0.324022407656437,0.066094442600217,8.01529571910664
3.75525793650794,0.274100977120118,0.324002263192394,0.0660628413959562,8.01545782650047
3.75535714285714,0.274078513726094,0.323982117793001,0.0660312552995317,8.01561991810574
3.75545634920635,0.274056052544844,0.323961971459559,0.0659996843035058,8.01578199392522
3.75555555555556,0.274033593576015,0.323941824193367,0.0659681284004436,8.01594405396164
3.75565476190476,0.274011136819257,0.323921675995724,0.065936587582914,8.01610609821774
3.75575396825397,0.273988682274218,0.32390152686793,0.0659050618434883,8.01626812669626
3.75585317460317,0.273966229940548,0.323881376811282,0.0658735511747415,8.01643013939995
3.75595238095238,0.273943779817896,0.323861225827079,0.0658420555692516,8.01659213633153
3.75605158730159,0.27392133190591,0.323841073916616,0.0658105750195996,8.01675411749376
3.75615079365079,0.273898886204242,0.32382092108119,0.0657791095183699,8.01691608288936
3.75625,0.273876442712539,0.323800767322097,0.0657476590581502,8.01707803252107
3.75634920634921,0.273854001430453,0.323780612640631,0.0657162236315307,8.01723996639164
3.75644841269841,0.273831562357633,0.323760457038086,0.0656848032311059,8.01740188450378
3.75654761904762,0.27380912549373,0.323740300515757,0.0656533978494726,8.01756378686023
3.75664682539683,0.273786690838394,0.323720143074936,0.0656220074792309,8.01772567346374
3.75674603174603,0.273764258391275,0.323699984716916,0.0655906321129843,8.01788754431702
3.75684523809524,0.273741828152025,0.323679825442988,0.0655592717433393,8.01804939942281
3.75694444444444,0.273719400120294,0.323659665254443,0.0655279263629056,8.01821123878385
3.75704365079365,0.273696974295734,0.323639504152572,0.0654965959642959,8.01837306240285
3.75714285714286,0.273674550677995,0.323619342138665,0.0654652805401268,8.01853487028255
3.75724206349206,0.27365212926673,0.32359917921401,0.0654339800830173,8.01869666242567
3.75734126984127,0.27362971006159,0.323579015379897,0.0654026945855897,8.01885843883495
3.75744047619048,0.273607293062226,0.323558850637612,0.0653714240404698,8.0190201995131
3.75753968253968,0.273584878268292,0.323538684988444,0.0653401684402861,8.01918194446285
3.75763888888889,0.273562465679438,0.323518518433679,0.0653089277776709,8.01934367368693
3.75773809523809,0.273540055295317,0.323498350974602,0.065277702045259,8.01950538718806
3.7578373015873,0.273517647115583,0.323478182612499,0.0652464912356886,8.01966708496896
3.75793650793651,0.273495241139886,0.323458013348656,0.0652152953416017,8.01982876703235
3.75803571428571,0.273472837367882,0.323437843184355,0.0651841143556425,8.01999043338096
3.75813492063492,0.273450435799221,0.32341767212088,0.065152948270459,8.02015208401749
3.75823412698413,0.273428036433559,0.323397500159514,0.0651217970787021,8.02031371894468
3.75833333333333,0.273405639270547,0.323377327301539,0.0650906607730259,8.02047533816523
3.75843253968254,0.27338324430984,0.323357153548236,0.0650595393460878,8.02063694168187
3.75853174603175,0.273360851551092,0.323336978900887,0.0650284327905482,8.02079852949732
3.75863095238095,0.273338460993955,0.323316803360771,0.064997341099071,8.02096010161428
3.75873015873016,0.273316072638086,0.323296626929168,0.0649662642643229,8.02112165803547
3.75882936507937,0.273293686483137,0.323276449607358,0.0649352022789741,8.02128319876361
3.75892857142857,0.273271302528763,0.323256271396617,0.0649041551356975,8.0214447238014
3.75902777777778,0.273248920774619,0.323236092298224,0.0648731228271697,8.02160623315156
3.75912698412698,0.273226541220359,0.323215912313456,0.0648421053460701,8.02176772681681
3.75922619047619,0.273204163865639,0.323195731443589,0.0648111026850816,8.02192920479984
3.7593253968254,0.273181788710114,0.323175549689899,0.0647801148368896,8.02209066710338
3.7594246031746,0.273159415753439,0.323155367053661,0.0647491417941839,8.02225211373012
3.75952380952381,0.273137044995269,0.32313518353615,0.0647181835496563,8.02241354468278
3.75962301587302,0.27311467643526,0.323114999138638,0.0646872400960023,8.02257495996406
3.75972222222222,0.273092310073069,0.3230948138624,0.0646563114259204,8.02273635957667
3.75982142857143,0.27306994590835,0.323074627708707,0.0646253975321125,8.02289774352331
3.75992063492063,0.273047583940761,0.323054440678833,0.0645944984072834,8.02305911180669
3.76001984126984,0.273025224169957,0.323034252774047,0.064563614044141,8.02322046442951
3.76011904761905,0.273002866595596,0.323014063995621,0.0645327444353971,8.02338180139447
3.76021825396825,0.272980511217334,0.322993874344824,0.0645018895737659,8.02354312270427
3.76031746031746,0.272958158034827,0.322973683822926,0.064471049451965,8.02370442836162
3.76041666666667,0.272935807047733,0.322953492431195,0.0644402240627152,8.02386571836921
3.76051587301587,0.272913458255709,0.3229333001709,0.0644094133987404,8.02402699272975
3.76061507936508,0.272891111658413,0.322913107043308,0.0643786174527679,8.02418825144592
3.76071428571429,0.272868767255502,0.322892913049685,0.0643478362175279,8.02434949452044
3.76081349206349,0.272846425046633,0.322872718191298,0.0643170696857537,8.02451072195598
3.7609126984127,0.272824085031466,0.322852522469413,0.0642863178501824,8.02467193375526
3.7610119047619,0.272801747209657,0.322832325885293,0.0642555807035536,8.02483312992096
3.76111111111111,0.272779411580866,0.322812128440204,0.0642248582386104,8.02499431045578
3.76121031746032,0.272757078144751,0.322791930135409,0.0641941504480988,8.02515547536241
3.76130952380952,0.272734746900969,0.32277173097217,0.0641634573247684,8.02531662464354
3.76140873015873,0.272712417849181,0.32275153095175,0.0641327788613715,8.02547775830186
3.76150793650794,0.272690090989045,0.322731330075411,0.0641021150506637,8.02563887634007
3.76160714285714,0.272667766320221,0.322711128344414,0.0640714658854043,8.02579997876085
3.76170634920635,0.272645443842367,0.322690925760018,0.0640408313583551,8.02596106556689
3.76180555555556,0.272623123555143,0.322670722323485,0.0640102114622814,8.02612213676088
3.76190476190476,0.272600805458209,0.322650518036072,0.0639796061899515,8.0262831923455
3.76200396825397,0.272578489551225,0.322630312899038,0.0639490155341371,8.02644423232345
3.76210317460317,0.272556175833851,0.322610106913642,0.0639184394876127,8.0266052566974
3.76220238095238,0.272533864305747,0.322589900081139,0.0638878780431565,8.02676626547004
3.76230158730159,0.272511554966572,0.322569692402787,0.0638573311935492,8.02692725864406
3.76240079365079,0.272489247815989,0.322549483879843,0.0638267989315756,8.02708823622213
3.7625,0.272466942853658,0.322529274513559,0.0637962812500228,8.02724919820694
3.76259920634921,0.272444640079239,0.322509064305193,0.0637657781416815,8.02741014460117
3.76269841269841,0.272422339492394,0.322488853255997,0.0637352895993454,8.02757107540749
3.76279761904762,0.272400041092784,0.322468641367224,0.0637048156158116,8.02773199062859
3.76289682539683,0.27237774488007,0.322448428640128,0.06367435618388,8.02789289026715
3.76299603174603,0.272355450853914,0.32242821507596,0.0636439112963539,8.02805377432584
3.76309523809524,0.272333159013979,0.322408000675973,0.0636134809460401,8.02821464280733
3.76319444444444,0.272310869359924,0.322387785441416,0.0635830651257482,8.02837549571431
3.76329365079365,0.272288581891414,0.322367569373539,0.0635526638282907,8.02853633304945
3.76339285714286,0.27226629660811,0.322347352473593,0.0635222770464839,8.02869715481542
3.76349206349206,0.272244013509674,0.322327134742826,0.0634919047731468,8.0288579610149
3.76359126984127,0.27222173259577,0.322306916182487,0.0634615470011018,8.02901875165055
3.76369047619048,0.27219945386606,0.322286696793822,0.0634312037231745,8.02917952672505
3.76378968253968,0.272177177320207,0.322266476578079,0.0634008749321931,8.02934028624107
3.76388888888889,0.272154902957875,0.322246255536504,0.0633705606209902,8.02950103020127
3.7639880952381,0.272132630778726,0.322226033670343,0.0633402607824005,8.02966175860833
3.7640873015873,0.272110360782425,0.322205810980841,0.0633099754092622,8.02982247146492
3.76418650793651,0.272088092968635,0.322185587469242,0.0632797044944166,8.02998316877369
3.76428571428571,0.272065827337019,0.32216536313679,0.0632494480307084,8.03014385053732
3.76438492063492,0.272043563887242,0.322145137984727,0.0632192060109853,8.03030451675848
3.76448412698413,0.272021302618969,0.322124912014297,0.0631889784280979,8.03046516743982
3.76458333333333,0.271999043531863,0.322104685226742,0.0631587652749008,8.03062580258401
3.76468253968254,0.271976786625589,0.322084457623302,0.0631285665442509,8.03078642219371
3.76478174603175,0.271954531899812,0.322064229205217,0.0630983822290089,8.03094702627158
3.76488095238095,0.271932279354197,0.322043999973729,0.063068212322038,8.03110761482029
3.76498015873016,0.271910028988409,0.322023769930075,0.0630380568162054,8.03126818784249
3.76507936507937,0.271887780802113,0.322003539075495,0.0630079157043807,8.03142874534084
3.76517857142857,0.271865534794975,0.321983307411227,0.0629777889794371,8.031589287318
3.76527777777778,0.27184329096666,0.321963074938508,0.0629476766342508,8.03174981377664
3.76537698412698,0.271821049316834,0.321942841658575,0.0629175786617016,8.03191032471939
3.76547619047619,0.271798809845163,0.321922607572663,0.0628874950546719,8.03207082014893
3.7655753968254,0.271776572551314,0.321902372682008,0.0628574258060475,8.0322313000679
3.7656746031746,0.271754337434952,0.321882136987846,0.0628273709087174,8.03239176447896
3.76577380952381,0.271732104495744,0.321861900491409,0.0627973303555738,8.03255221338477
3.76587301587302,0.271709873733357,0.321841663193932,0.062767304139512,8.03271264678796
3.76597222222222,0.271687645147457,0.321821425096648,0.0627372922534303,8.0328730646912
3.76607142857143,0.271665418737713,0.321801186200788,0.0627072946902308,8.03303346709714
3.76617063492063,0.27164319450379,0.321780946507584,0.0626773114428181,8.03319385400842
3.76626984126984,0.271620972445356,0.321760706018268,0.0626473425041002,8.03335422542769
3.76636904761905,0.271598752562079,0.321740464734069,0.0626173878669884,8.03351458135761
3.76646825396825,0.271576534853626,0.321720222656217,0.062587447524397,8.03367492180081
3.76656746031746,0.271554319319666,0.321699979785941,0.0625575214692435,8.03383524675994
3.76666666666667,0.271532105959867,0.32167973612447,0.0625276096944486,8.03399555623766
3.76676587301587,0.271509894773896,0.321659491673031,0.0624977121929362,8.0341558502366
3.76686507936508,0.271487685761422,0.321639246432851,0.0624678289576335,8.0343161287594
3.76696428571429,0.271465478922114,0.321619000405157,0.0624379599814707,8.03447639180872
3.76706349206349,0.271443274255641,0.321598753591175,0.0624081052573811,8.03463663938718
3.7671626984127,0.271421071761671,0.32157850599213,0.0623782647783014,8.03479687149744
3.7672619047619,0.271398871439874,0.321558257609246,0.0623484385371713,8.03495708814213
3.76736111111111,0.271376673289918,0.321538008443748,0.0623186265269337,8.03511728932389
3.76746031746032,0.271354477311474,0.321517758496857,0.0622888287405344,8.03527747504536
3.76755952380952,0.271332283504211,0.321497507769799,0.0622590451709233,8.03543764530917
3.76765873015873,0.271310091867799,0.321477256263793,0.0622292758110526,8.03559780011797
3.76775793650794,0.271287902401908,0.321457003980062,0.0621995206538777,8.03575793947439
3.76785714285714,0.271265715106208,0.321436750919826,0.0621697796923577,8.03591806338106
3.76795634920635,0.271243529980369,0.321416497084305,0.0621400529194543,8.03607817184062
3.76805555555556,0.271221347024062,0.321396242474719,0.0621103403281328,8.0362382648557
3.76815476190476,0.271199166236958,0.321375987092287,0.0620806419113616,8.03639834242893
3.76825396825397,0.271176987618727,0.321355730938226,0.0620509576621117,8.03655840456294
3.76835317460317,0.27115481116904,0.321335474013754,0.0620212875733584,8.03671845126037
3.76845238095238,0.27113263688757,0.321315216320089,0.0619916316380792,8.03687848252384
3.76855158730159,0.271110464773986,0.321294957858445,0.0619619898492553,8.03703849835599
3.76865079365079,0.271088294827962,0.32127469863004,0.0619323621998706,8.03719849875943
3.76875,0.271066127049167,0.321254438636087,0.0619027486829127,8.03735848373681
3.76884920634921,0.271043961437275,0.321234177877801,0.0618731492913719,8.03751845329073
3.76894841269841,0.271021797991958,0.321213916356396,0.061843564018242,8.03767840742384
3.76904761904762,0.270999636712887,0.321193654073085,0.06181399285652,8.03783834613875
3.76914682539683,0.270977477599736,0.32117339102908,0.0617844357992059,8.03799826943808
3.76924603174603,0.270955320652176,0.321153127225593,0.0617548928393029,8.03815817732446
3.76934523809524,0.270933165869881,0.321132862663835,0.0617253639698172,8.03831806980052
3.76944444444444,0.270911013252524,0.321112597345017,0.0616958491837587,8.03847794686886
3.76954365079365,0.270888862799777,0.321092331270348,0.0616663484741399,8.03863780853212
3.76964285714286,0.270866714511314,0.321072064441038,0.0616368618339769,8.03879765479291
3.76974206349206,0.270844568386809,0.321051796858294,0.0616073892562883,8.03895748565385
3.76984126984127,0.270822424425935,0.321031528523326,0.061577930734097,8.03911730111756
3.76994047619048,0.270800282628366,0.32101125943734,0.0615484862604282,8.03927710118665
3.77003968253968,0.270778142993776,0.320990989601543,0.0615190558283105,8.03943688586373
3.77013888888889,0.270756005521839,0.320970719017141,0.0614896394307756,8.03959665515144
3.7702380952381,0.27073387021223,0.320950447685339,0.0614602370608585,8.03975640905237
3.7703373015873,0.270711737064623,0.320930175607343,0.0614308487115973,8.03991614756914
3.77043650793651,0.270689606078693,0.320909902784355,0.0614014743760332,8.04007587070437
3.77053571428571,0.270667477254114,0.32088962921758,0.061372114047211,8.04023557846066
3.77063492063492,0.270645350590563,0.32086935490822,0.0613427677181782,8.04039527084062
3.77073412698413,0.270623226087713,0.320849079857478,0.0613134353819855,8.04055494784687
3.77083333333333,0.270601103745242,0.320828804066554,0.061284117031687,8.04071460948202
3.77093253968254,0.270578983562823,0.320808527536651,0.0612548126603399,8.04087425574866
3.77103174603175,0.270556865540133,0.320788250268967,0.0612255222610044,8.04103388664942
3.77113095238095,0.270534749676847,0.320767972264704,0.0611962458267441,8.04119350218689
3.77123015873016,0.270512635972643,0.320747693525059,0.0611669833506255,8.04135310236368
3.77132936507937,0.270490524427196,0.320727414051231,0.0611377348257188,8.0415126871824
3.77142857142857,0.270468415040182,0.320707133844418,0.0611085002450969,8.04167225664564
3.77152777777778,0.270446307811279,0.320686852905816,0.0610792796018359,8.04183181075602
3.77162698412698,0.270424202740163,0.320666571236623,0.0610500728890153,8.04199134951612
3.77172619047619,0.270402099826511,0.320646288838034,0.0610208800997177,8.04215087292856
3.7718253968254,0.27037999907,0.320626005711243,0.0609917012270286,8.04231038099594
3.7719246031746,0.270357900470307,0.320605721857446,0.0609625362640369,8.04246987372085
3.77202380952381,0.270335804027111,0.320585437277837,0.060933385203835,8.04262935110589
3.77212301587302,0.270313709740089,0.320565151973608,0.060904248039518,8.04278881315367
3.77222222222222,0.270291617608918,0.320544865945952,0.0608751247641842,8.04294825986676
3.77232142857143,0.270269527633277,0.320524579196061,0.0608460153709353,8.04310769124778
3.77242063492063,0.270247439812843,0.320504291725126,0.0608169198528761,8.04326710729932
3.77251984126984,0.270225354147296,0.320484003534339,0.0607878382031144,8.04342650802397
3.77261904761905,0.270203270636314,0.320463714624888,0.0607587704147614,8.04358589342432
3.77271825396825,0.270181189279576,0.320443424997964,0.0607297164809312,8.04374526350297
3.77281746031746,0.270159110076759,0.320423134654755,0.0607006763947415,8.0439046182625
3.77291666666667,0.270137033027545,0.320402843596449,0.060671650149313,8.04406395770552
3.77301587301587,0.270114958131611,0.320382551824234,0.0606426377377693,8.0442232818346
3.77311507936508,0.270092885388638,0.320362259339296,0.0606136391532375,8.04438259065234
3.77321428571429,0.270070814798304,0.320341966142822,0.0605846543888477,8.04454188416133
3.77331349206349,0.27004874636029,0.320321672235997,0.0605556834377332,8.04470116236415
3.7734126984127,0.270026680074275,0.320301377620005,0.0605267262930303,8.04486042526339
3.77351190476191,0.270004615939941,0.320281082296033,0.0604977829478791,8.04501967286163
3.77361111111111,0.269982553956966,0.320260786265262,0.0604688533954223,8.04517890516146
3.77371031746032,0.269960494125032,0.320240489528876,0.0604399376288059,8.04533812216546
3.77380952380952,0.269938436443819,0.320220192088057,0.060411035641179,8.04549732387622
3.77390873015873,0.269916380913008,0.320199893943987,0.060382147425694,8.04565651029631
3.77400793650794,0.26989432753228,0.320179595097846,0.0603532729755065,8.04581568142833
3.77410714285714,0.269872276301316,0.320159295550817,0.0603244122837752,8.04597483727484
3.77420634920635,0.269850227219798,0.320138995304077,0.0602955653436618,8.04613397783843
3.77430555555556,0.269828180287407,0.320118694358807,0.0602667321483316,8.04629310312168
3.77440476190476,0.269806135503824,0.320098392716184,0.0602379126909528,8.04645221312716
3.77450396825397,0.269784092868732,0.320078090377387,0.0602091069646968,8.04661130785745
3.77460317460317,0.269762052381813,0.320057787343593,0.0601803149627381,8.04677038731513
3.77470238095238,0.269740014042749,0.320037483615978,0.0601515366782545,8.04692945150277
3.77480158730159,0.269717977851223,0.320017179195719,0.0601227721044269,8.04708850042295
3.77490079365079,0.269695943806916,0.31999687408399,0.0600940212344392,8.04724753407823
3.775,0.269673911909512,0.319976568281966,0.0600652840614791,8.0474065524712
3.77509920634921,0.269651882158693,0.319956261790822,0.0600365605787369,8.04756555560442
3.77519841269841,0.269629854554143,0.31993595461173,0.060007850779406,8.04772454348047
3.77529761904762,0.269607829095545,0.319915646745864,0.0599791546566835,8.04788351610191
3.77539682539683,0.269585805782583,0.319895338194396,0.0599504722037691,8.04804247347131
3.77549603174603,0.26956378461494,0.319875028958496,0.0599218034138661,8.04820141559124
3.77559523809524,0.269541765592299,0.319854719039336,0.0598931482801807,8.04836034246427
3.77569444444444,0.269519748714345,0.319834408438086,0.0598645067959223,8.04851925409297
3.77579365079365,0.269497733980763,0.319814097155916,0.0598358789543039,8.0486781504799
3.77589285714286,0.269475721391235,0.319793785193994,0.0598072647485411,8.04883703162762
3.77599206349206,0.269453710945448,0.319773472553489,0.059778664171853,8.0489958975387
3.77609126984127,0.269431702643085,0.319753159235568,0.0597500772174617,8.0491547482157
3.77619047619048,0.269409696483831,0.319732845241399,0.0597215038785925,8.04931358366118
3.77628968253968,0.269387692467372,0.319712530572147,0.0596929441484741,8.04947240387771
3.77638888888889,0.269365690593392,0.319692215228978,0.0596643980203378,8.04963120886785
3.7764880952381,0.269343690861577,0.319671899213058,0.059635865487419,8.04978999863414
3.7765873015873,0.269321693271613,0.31965158252555,0.0596073465429555,8.04994877317917
3.77668650793651,0.269299697822263,0.319631265167842,0.0595788411809375,8.05010753250565
3.77678571428571,0.269277704507828,0.319610947142352,0.0595503493992022,8.05026627661712
3.77688492063492,0.269255713327089,0.319590628450361,0.0595218711922864,8.05042500551619
3.77698412698413,0.269233724279695,0.319570309092932,0.0594934065540476,8.05058371920529
3.77708333333333,0.269211737365294,0.319549989071131,0.0594649554783454,8.05074241768684
3.77718253968254,0.269189752583534,0.319529668386023,0.059436517959041,8.05090110096327
3.77728174603175,0.269167769934063,0.319509347038671,0.0594080939899985,8.05105976903702
3.77738095238095,0.269145789416531,0.319489025030138,0.0593796835650829,8.0512184219105
3.77748015873016,0.269123811030587,0.319468702361489,0.0593512866781617,8.05137705958615
3.77757936507937,0.269101834775878,0.319448379033786,0.0593229033231043,8.0515356820664
3.77767857142857,0.269079860652053,0.319428055048092,0.0592945334937819,8.05169428935366
3.77777777777778,0.269057888658763,0.319407730405468,0.0592661771840678,8.05185288145036
3.77787698412698,0.269035918795656,0.319387405106976,0.059237834387837,8.05201145835893
3.77797619047619,0.26901395106238,0.319367079153678,0.0592095050989672,8.05217002008179
3.7780753968254,0.268991985458586,0.319346752546635,0.0591811893113372,8.05232856662136
3.7781746031746,0.268970021983923,0.319326425286907,0.0591528870188282,8.05248709798007
3.77827380952381,0.26894806063804,0.319306097375555,0.0591245982153233,8.05264561416035
3.77837301587302,0.268926101420587,0.319285768813637,0.0590963228947075,8.0528041151646
3.77847222222222,0.268904144331214,0.319265439602214,0.0590680610508676,8.05296260099526
3.77857142857143,0.268882189369569,0.319245109742345,0.0590398126776928,8.05312107165474
3.77867063492064,0.268860236535304,0.319224779235088,0.0590115777690737,8.05327952714547
3.77876984126984,0.268838285828067,0.319204448081502,0.0589833563189036,8.05343796746986
3.77886904761905,0.26881633724751,0.319184116282644,0.058955148321077,8.05359639263033
3.77896825396825,0.268794390793281,0.319163783839571,0.0589269537694908,8.05375480262931
3.77906746031746,0.268772446465032,0.319143450753342,0.0588987726580438,8.0539131974692
3.77916666666667,0.268750504262413,0.319123117025013,0.0588706049806365,8.05407157715243
3.77926587301587,0.268728564185074,0.319102782655639,0.0588424507311717,8.05422994168141
3.77936507936508,0.268706626232665,0.319082447646278,0.0588143099035537,8.05438829105857
3.77946428571429,0.268684690404838,0.319062111997984,0.0587861824916897,8.05454662528631
3.77956349206349,0.268662756701242,0.319041775711813,0.0587580684894878,8.05470494436705
3.7796626984127,0.268640825121529,0.319021438788819,0.0587299678908587,8.0548632483032
3.7797619047619,0.26861889566535,0.319001101230058,0.0587018806897147,8.05502153709719
3.77986111111111,0.268596968332355,0.318980763036582,0.0586738068799702,8.05517981075142
3.77996031746032,0.268575043122196,0.318960424209446,0.0586457464555417,8.0553380692683
3.78005952380952,0.268553120034524,0.318940084749703,0.0586176994103475,8.05549631265026
3.78015873015873,0.268531199068989,0.318919744658406,0.0585896657383077,8.05565454089969
3.78025793650794,0.268509280225244,0.318899403936607,0.0585616454333449,8.05581275401902
3.78035714285714,0.26848736350294,0.318879062585358,0.0585336384893831,8.05597095201064
3.78045634920635,0.268465448901728,0.318858720605712,0.0585056449003485,8.05612913487698
3.78055555555556,0.26844353642126,0.318838377998719,0.0584776646601693,8.05628730262045
3.78065476190476,0.268421626061188,0.31881803476543,0.0584496977627756,8.05644545524344
3.78075396825397,0.268399717821163,0.318797690906897,0.0584217442020993,8.05660359274838
3.78085317460318,0.268377811700838,0.318777346424168,0.0583938039720743,8.05676171513766
3.78095238095238,0.268355907699864,0.318757001318295,0.0583658770666369,8.0569198224137
3.78105158730159,0.268334005817893,0.318736655590326,0.058337963479725,8.0570779145789
3.78115079365079,0.268312106054579,0.31871630924131,0.0583100632052783,8.05723599163567
3.78125,0.268290208409572,0.318695962272297,0.0582821762372388,8.05739405358641
3.78134920634921,0.268268312882526,0.318675614684333,0.0582543025695502,8.05755210043354
3.78144841269841,0.268246419473093,0.318655266478469,0.0582264421961583,8.05771013217945
3.78154761904762,0.268224528180925,0.318634917655749,0.0581985951110108,8.05786814882654
3.78164682539683,0.268202639005676,0.318614568217223,0.0581707613080573,8.05802615037724
3.78174603174603,0.268180751946997,0.318594218163936,0.0581429407812497,8.05818413683392
3.78184523809524,0.268158867004542,0.318573867496935,0.0581151335245414,8.058342108199
3.78194444444444,0.268136984177964,0.318553516217266,0.0580873395318881,8.05850006447489
3.78204365079365,0.268115103466915,0.318533164325974,0.0580595587972472,8.05865800566397
3.78214285714286,0.26809322487105,0.318512811824105,0.0580317913145782,8.05881593176866
3.78224206349206,0.26807134839002,0.318492458712704,0.0580040370778426,8.05897384279135
3.78234126984127,0.26804947402348,0.318472104992814,0.0579762960810036,8.05913173873444
3.78244047619048,0.268027601771083,0.31845175066548,0.0579485683180269,8.05928961960033
3.78253968253968,0.268005731632482,0.318431395731746,0.0579208537828796,8.05944748539142
3.78263888888889,0.267983863607332,0.318411040192654,0.0578931524695311,8.05960533611011
3.7827380952381,0.267961997695285,0.318390684049248,0.0578654643719525,8.05976317175879
3.7828373015873,0.267940133895995,0.318370327302571,0.0578377894841171,8.05992099233987
3.78293650793651,0.267918272209117,0.318349969953664,0.0578101278,8.06007879785573
3.78303571428571,0.267896412634304,0.318329612003568,0.0577824793135784,8.06023658830878
3.78313492063492,0.26787455517121,0.318309253453327,0.0577548440188311,8.06039436370141
3.78323412698413,0.267852699819491,0.318288894303979,0.0577272219097395,8.06055212403602
3.78333333333333,0.267830846578799,0.318268534556567,0.0576996129802864,8.06070986931499
3.78343253968254,0.267808995448789,0.318248174212129,0.0576720172244568,8.06086759954073
3.78353174603175,0.267787146429116,0.318227813271707,0.0576444346362377,8.06102531471562
3.78363095238095,0.267765299519434,0.318207451736339,0.0576168652096178,8.06118301484205
3.78373015873016,0.267743454719398,0.318187089607064,0.057589308938588,8.06134069992243
3.78382936507937,0.267721612028663,0.318166726884922,0.057561765817141,8.06149836995914
3.78392857142857,0.267699771446883,0.318146363570949,0.0575342358392718,8.06165602495457
3.78402777777778,0.267677932973714,0.318125999666186,0.0575067189989769,8.06181366491112
3.78412698412698,0.26765609660881,0.318105635171667,0.0574792152902551,8.06197128983117
3.78422619047619,0.267634262351826,0.318085270088432,0.0574517247071069,8.0621288997171
3.7843253968254,0.267612430202419,0.318064904417516,0.057424247243535,8.06228649457132
3.7844246031746,0.267590600160242,0.318044538159956,0.0573967828935439,8.06244407439621
3.78452380952381,0.267568772224952,0.318024171316788,0.0573693316511401,8.06260163919415
3.78462301587302,0.267546946396203,0.318003803889048,0.0573418935103319,8.06275918896754
3.78472222222222,0.267525122673652,0.31798343587777,0.0573144684651301,8.06291672371875
3.78482142857143,0.267503301056954,0.31796306728399,0.0572870565095468,8.06307424345018
3.78492063492063,0.267481481545766,0.317942698108741,0.0572596576375965,8.06323174816421
3.78501984126984,0.267459664139742,0.317922328353059,0.0572322718432954,8.06338923786323
3.78511904761905,0.267437848838538,0.317901958017976,0.0572048991206618,8.06354671254961
3.78521825396825,0.267416035641812,0.317881587104527,0.057177539463716,8.06370417222575
3.78531746031746,0.267394224549218,0.317861215613742,0.0571501928664798,8.06386161689402
3.78541666666667,0.267372415560414,0.317840843546657,0.0571228593229779,8.06401904655682
3.78551587301587,0.267350608675055,0.317820470904301,0.0570955388272361,8.06417646121651
3.78561507936508,0.267328803892799,0.317800097687708,0.0570682313732825,8.06433386087548
3.78571428571429,0.2673070012133,0.317779723897909,0.0570409369551472,8.06449124553612
3.78581349206349,0.267285200636217,0.317759349535934,0.0570136555668621,8.06464861520081
3.7859126984127,0.267263402161206,0.317738974602814,0.0569863872024611,8.06480596987191
3.7860119047619,0.267241605787923,0.317718599099579,0.0569591318559801,8.06496330955182
3.78611111111111,0.267219811516026,0.317698223027259,0.0569318895214568,8.06512063424291
3.78621031746032,0.267198019345171,0.317677846386884,0.0569046601929315,8.06527794394756
3.78630952380952,0.267176229275016,0.317657469179483,0.0568774438644456,8.06543523866815
3.78640873015873,0.267154441305218,0.317637091406083,0.056850240530043,8.06559251840705
3.78650793650794,0.267132655435434,0.317616713067714,0.0568230501837693,8.06574978316664
3.78660714285714,0.267110871665322,0.317596334165404,0.0567958728196722,8.0659070329493
3.78670634920635,0.267089089994538,0.31757595470018,0.0567687084318012,8.0660642677574
3.78680555555556,0.26706731042274,0.317555574673068,0.0567415570142079,8.06622148759332
3.78690476190476,0.267045532949587,0.317535194085097,0.056714418560946,8.06637869245943
3.78700396825397,0.267023757574736,0.317514812937291,0.0566872930660709,8.0665358823581
3.78710317460317,0.267001984297845,0.317494431230678,0.0566601805236401,8.06669305729171
3.78720238095238,0.266980213118571,0.317474048966282,0.0566330809277129,8.06685021726263
3.78730158730159,0.266958444036572,0.31745366614513,0.0566059942723507,8.06700736227324
3.78740079365079,0.266936677051508,0.317433282768245,0.0565789205516168,8.0671644923259
3.7875,0.266914912163036,0.317412898836652,0.0565518597595767,8.06732160742298
3.78759920634921,0.266893149370814,0.317392514351375,0.0565248118902972,8.06747870756686
3.78769841269841,0.2668713886745,0.317372129313439,0.056497776937848,8.0676357927599
3.78779761904762,0.266849630073754,0.317351743723865,0.0564707548963,8.06779286300448
3.78789682539683,0.266827873568234,0.317331357583678,0.0564437457597265,8.06794991830296
3.78799603174603,0.266806119157598,0.317310970893899,0.0564167495222024,8.06810695865772
3.78809523809524,0.266784366841506,0.317290583655551,0.0563897661778048,8.06826398407111
3.78819444444444,0.266762616619616,0.317270195869655,0.0563627957206128,8.06842099454551
3.78829365079365,0.266740868491586,0.317249807537233,0.0563358381447071,8.06857799008329
3.78839285714286,0.266719122457077,0.317229418659306,0.0563088934441709,8.0687349706868
3.78849206349206,0.266697378515748,0.317209029236895,0.0562819616130891,8.06889193635841
3.78859126984127,0.266675636667257,0.317188639271019,0.0562550426455484,8.0690488871005
3.78869047619048,0.266653896911264,0.317168248762698,0.0562281365356376,8.06920582291542
3.78878968253968,0.266632159247429,0.317147857712952,0.0562012432774476,8.06936274380553
3.78888888888889,0.26661042367541,0.317127466122801,0.0561743628650709,8.06951964977321
3.78898809523809,0.266588690194868,0.317107073993261,0.0561474952926024,8.06967654082081
3.7890873015873,0.266566958805462,0.317086681325353,0.0561206405541384,8.06983341695069
3.78918650793651,0.266545229506853,0.317066288120093,0.0560937986437779,8.06999027816522
3.78928571428571,0.266523502298699,0.3170458943785,0.0560669695556214,8.07014712446676
3.78938492063492,0.266501777180662,0.31702550010159,0.0560401532837712,8.07030395585767
3.78948412698413,0.2664800541524,0.317005105290381,0.056013349822332,8.0704607723403
3.78958333333333,0.266458333213575,0.316984709945888,0.05598655916541,8.07061757391703
3.78968253968254,0.266436614363847,0.316964314069127,0.0559597813071138,8.0707743605902
3.78978174603175,0.266414897602875,0.316943917661114,0.0559330162415535,8.07093113236217
3.78988095238095,0.266393182930321,0.316923520722865,0.0559062639628418,8.07108788923531
3.78998015873016,0.266371470345845,0.316903123255394,0.0558795244650927,8.07124463121196
3.79007936507937,0.266349759849108,0.316882725259716,0.0558527977424225,8.07140135829449
3.79017857142857,0.26632805143977,0.316862326736844,0.0558260837889495,8.07155807048526
3.79027777777778,0.266306345117492,0.316841927687793,0.0557993825987936,8.07171476778661
3.79037698412698,0.266284640881936,0.316821528113575,0.0557726941660771,8.0718714502009
3.79047619047619,0.266262938732762,0.316801128015204,0.0557460184849241,8.07202811773049
3.7905753968254,0.266241238669631,0.316780727393691,0.0557193555494603,8.07218477037773
3.7906746031746,0.266219540692205,0.31676032625005,0.0556927053538141,8.07234140814497
3.79077380952381,0.266197844800145,0.316739924585292,0.0556660678921154,8.07249803103457
3.79087301587302,0.266176150993113,0.316719522400428,0.0556394431584959,8.07265463904888
3.79097222222222,0.266154459270769,0.31669911969647,0.0556128311470896,8.07281123219025
3.79107142857143,0.266132769632776,0.316678716474427,0.0555862318520323,8.07296781046103
3.79117063492063,0.266111082078795,0.316658312735311,0.0555596452674618,8.07312437386357
3.79126984126984,0.266089396608488,0.31663790848013,0.0555330713875177,8.07328092240023
3.79136904761905,0.266067713221517,0.316617503709895,0.0555065102063419,8.07343745607335
3.79146825396825,0.266046031917544,0.316597098425614,0.0554799617180781,8.07359397488527
3.79156746031746,0.26602435269623,0.316576692628296,0.0554534259168717,8.07375047883835
3.79166666666667,0.266002675557239,0.31655628631895,0.0554269027968705,8.07390696793494
3.79176587301587,0.265981000500232,0.316535879498583,0.055400392352224,8.07406344217739
3.79186507936508,0.265959327524872,0.316515472168203,0.0553738945770836,8.07421990156803
3.79196428571429,0.265937656630821,0.316495064328817,0.0553474094656028,8.07437634610922
3.79206349206349,0.265915987817742,0.316474655981432,0.0553209370119368,8.0745327758033
3.7921626984127,0.265894321085297,0.316454247127053,0.0552944772102435,8.07468919065261
3.7922619047619,0.26587265643315,0.316433837766688,0.0552680300546819,8.07484559065951
3.79236111111111,0.265850993860962,0.316413427901342,0.0552415955394133,8.07500197582633
3.79246031746032,0.265829333368397,0.316393017532019,0.0552151736586011,8.07515834615542
3.79255952380952,0.265807674955117,0.316372606659725,0.0551887644064104,8.07531470164912
3.79265873015873,0.265786018620787,0.316352195285465,0.0551623677770084,8.07547104230977
3.79275793650794,0.265764364365069,0.316331783410241,0.0551359837645641,8.07562736813972
3.79285714285714,0.265742712187627,0.316311371035059,0.0551096123632489,8.0757836791413
3.79295634920635,0.265721062088123,0.316290958160921,0.0550832535672357,8.07593997531686
3.79305555555556,0.265699414066221,0.31627054478883,0.0550569073706995,8.07609625666874
3.79315476190476,0.265677768121586,0.316250130919789,0.0550305737678173,8.07625252319927
3.79325396825397,0.26565612425388,0.316229716554799,0.055004252752768,8.07640877491079
3.79335317460317,0.265634482462768,0.316209301694863,0.0549779443197325,8.07656501180565
3.79345238095238,0.265612842747912,0.316188886340982,0.0549516484628937,8.07672123388618
3.79355158730159,0.265591205108978,0.316168470494157,0.0549253651764362,8.07687744115472
3.79365079365079,0.265569569545629,0.316148054155389,0.0548990944545471,8.0770336336136
3.79375,0.26554793605753,0.316127637325677,0.054872836291415,8.07718981126516
3.79384920634921,0.265526304644344,0.316107220006022,0.0548465906812306,8.07734597411174
3.79394841269841,0.265504675305736,0.316086802197423,0.0548203576181864,8.07750212215567
3.79404761904762,0.26548304804137,0.316066383900879,0.0547941370964772,8.07765825539928
3.79414682539683,0.265461422850912,0.31604596511739,0.0547679291102995,8.07781437384491
3.79424603174603,0.265439799734024,0.316025545847952,0.0547417336538517,8.0779704774949
3.79434523809524,0.265418178690373,0.316005126093564,0.0547155507213345,8.07812656635157
3.79444444444444,0.265396559719623,0.315984705855223,0.0546893803069503,8.07828264041726
3.79454365079365,0.265374942821439,0.315964285133928,0.0546632224049035,8.0784386996943
3.79464285714286,0.265353327995486,0.315943863930674,0.0546370770094003,8.07859474418502
3.79474206349206,0.265331715241429,0.315923442246458,0.0546109441146493,8.07875077389176
3.79484126984127,0.265310104558933,0.315903020082275,0.0545848237148606,8.07890678881683
3.79494047619048,0.265288495947664,0.315882597439122,0.0545587158042464,8.07906278896257
3.79503968253968,0.265266889407286,0.315862174317994,0.0545326203770209,8.07921877433132
3.79513888888889,0.265245284937465,0.315841750719885,0.0545065374274004,8.07937474492539
3.7952380952381,0.265223682537867,0.31582132664579,0.0544804669496031,8.07953070074712
3.7953373015873,0.265202082208158,0.315800902096704,0.0544544089378489,8.07968664179883
3.79543650793651,0.265180483948003,0.315780477073619,0.0544283633863598,8.07984256808285
3.79553571428571,0.265158887757068,0.315760051577529,0.05440233028936,8.07999847960151
3.79563492063492,0.265137293635019,0.315739625609427,0.0543763096410753,8.08015437635713
3.79573412698413,0.265115701581522,0.315719199170305,0.0543503014357335,8.08031025835203
3.79583333333333,0.265094111596243,0.315698772261157,0.0543243056675648,8.08046612558855
3.79593253968254,0.265072523678849,0.315678344882972,0.0542983223308009,8.080621978069
3.79603174603175,0.265050937829005,0.315657917036744,0.0542723514196756,8.08077781579571
3.79613095238095,0.265029354046378,0.315637488723462,0.0542463929284246,8.08093363877101
3.79623015873016,0.265007772330635,0.315617059944117,0.0542204468512857,8.0810894469972
3.79632936507937,0.264986192681442,0.315596630699701,0.0541945131824985,8.08124524047662
3.79642857142857,0.264964615098466,0.315576200991201,0.0541685919163046,8.08140101921159
3.79652777777778,0.264943039581373,0.315555770819609,0.0541426830469475,8.08155678320443
3.79662698412698,0.26492146612983,0.315535340185913,0.0541167865686731,8.08171253245745
3.79672619047619,0.264899894743506,0.315514909091101,0.0540909024757287,8.08186826697298
3.7968253968254,0.264878325422065,0.315494477536162,0.0540650307623638,8.08202398675334
3.7969246031746,0.264856758165177,0.315474045522085,0.0540391714228298,8.08217969180084
3.79702380952381,0.264835192972507,0.315453613049856,0.0540133244513801,8.0823353821178
3.79712301587302,0.264813629843723,0.315433180120462,0.0539874898422701,8.08249105770654
3.79722222222222,0.264792068778493,0.315412746734891,0.0539616675897569,8.08264671856938
3.79732142857143,0.264770509776485,0.315392312894128,0.0539358576881001,8.08280236470863
3.79742063492063,0.264748952837365,0.315371878599161,0.0539100601315608,8.08295799612661
3.79751984126984,0.264727397960802,0.315351443850973,0.0538842749144021,8.08311361282563
3.79761904761905,0.264705845146463,0.315331008650552,0.0538585020308892,8.08326921480801
3.79771825396825,0.264684294394016,0.315310572998881,0.0538327414752892,8.08342480207607
3.79781746031746,0.26466274570313,0.315290136896944,0.0538069932418712,8.0835803746321
3.79791666666667,0.264641199073472,0.315269700345727,0.0537812573249062,8.08373593247844
3.79801587301587,0.26461965450471,0.315249263346213,0.053755533718667,8.08389147561738
3.79811507936508,0.264598111996513,0.315228825899384,0.0537298224174289,8.08404700405125
3.79821428571429,0.26457657154855,0.315208388006225,0.0537041234154687,8.08420251778235
3.79831349206349,0.264555033160488,0.315187949667717,0.0536784367070651,8.084358016813
3.7984126984127,0.264533496831997,0.315167510884842,0.0536527622864991,8.0845135011455
3.7985119047619,0.264511962562744,0.315147071658583,0.0536271001480533,8.08466897078216
3.79861111111111,0.264490430352399,0.315126631989921,0.0536014502860126,8.0848244257253
3.79871031746032,0.264468900200631,0.315106191879837,0.0535758126946634,8.08497986597722
3.79880952380952,0.264447372107108,0.315085751329311,0.0535501873682948,8.08513529154022
3.79890873015873,0.264425846071499,0.315065310339324,0.0535245743011973,8.08529070241663
3.79900793650794,0.264404322093474,0.315044868910855,0.0534989734876633,8.08544609860873
3.79910714285714,0.264382800172702,0.315024427044884,0.0534733849219875,8.08560148011885
3.79920634920635,0.264361280308853,0.31500398474239,0.0534478085984662,8.08575684694928
3.79930555555556,0.264339762501594,0.314983542004352,0.0534222445113981,8.08591219910233
3.79940476190476,0.264318246750597,0.314963098831749,0.0533966926550835,8.08606753658031
3.79950396825397,0.26429673305553,0.314942655225557,0.0533711530238246,8.08622285938552
3.79960317460317,0.264275221416064,0.314922211186754,0.0533456256119261,8.08637816752026
3.79970238095238,0.264253711831868,0.314901766716319,0.053320110413694,8.08653346098683
3.79980158730159,0.264232204302612,0.314881321815227,0.0532946074234368,8.08668873978755
3.79990079365079,0.264210698827966,0.314860876484455,0.0532691166354645,8.0868440039247
3.8,0.264189195407601,0.314840430724978,0.0532436380440894,8.08699925340059
3.80009920634921,0.264167694041185,0.314819984537773,0.0532181716436255,8.08715448821753
3.80019841269841,0.26414619472839,0.314799537923815,0.0531927174283888,8.0873097083778
3.80029761904762,0.264124697468886,0.314779090884079,0.0531672753926978,8.08746491388372
3.80039682539683,0.264103202262343,0.314758643419538,0.0531418455308721,8.08762010473758
3.80049603174603,0.264081709108432,0.314738195531168,0.0531164278372339,8.08777528094168
3.80059523809524,0.264060218006823,0.314717747219942,0.053091022306107,8.08793044249832
3.80069444444444,0.264038728957188,0.314697298486833,0.0530656289318173,8.08808558940978
3.80079365079365,0.264017241959196,0.314676849332814,0.0530402477086926,8.08824072167839
3.80089285714286,0.26399575701252,0.314656399758857,0.0530148786310628,8.08839583930641
3.80099206349206,0.263974274116829,0.314635949765935,0.0529895216932595,8.08855094229617
3.80109126984127,0.263952793271796,0.31461549935502,0.0529641768896168,8.08870603064994
3.80119047619048,0.263931314477091,0.314595048527084,0.0529388442144701,8.08886110437002
3.80128968253968,0.263909837732385,0.314574597283096,0.052913523662157,8.08901616345871
3.80138888888889,0.263888363037351,0.314554145624027,0.0528882152270173,8.08917120791831
3.8014880952381,0.263866890391659,0.314533693550849,0.0528629189033924,8.08932623775109
3.8015873015873,0.263845419794981,0.31451324106453,0.0528376346856259,8.08948125295936
3.80168650793651,0.263823951246988,0.31449278816604,0.0528123625680631,8.08963625354542
3.80178571428571,0.263802484747353,0.314472334856349,0.0527871025450518,8.08979123951154
3.80188492063492,0.263781020295747,0.314451881136425,0.0527618546109412,8.08994621086002
3.80198412698413,0.263759557891843,0.314431427007236,0.0527366187600827,8.09010116759315
3.80208333333333,0.263738097535312,0.31441097246975,0.0527113949868295,8.09025610971322
3.80218253968254,0.263716639225826,0.314390517524935,0.052686183285537,8.09041103722252
3.80228174603175,0.263695182963058,0.314370062173759,0.0526609836505624,8.09056595012333
3.80238095238095,0.26367372874668,0.314349606417187,0.0526357960762649,8.09072084841796
3.80248015873016,0.263652276576364,0.314329150256185,0.0526106205570055,8.09087573210867
3.80257936507937,0.263630826451784,0.314308693691722,0.0525854570871476,8.09103060119777
3.80267857142857,0.26360937837261,0.314288236724761,0.0525603056610562,8.09118545568753
3.80277777777778,0.263587932338518,0.314267779356268,0.0525351662730983,8.09134029558025
3.80287698412698,0.263566488349178,0.314247321587208,0.0525100389176429,8.0914951208782
3.80297619047619,0.263545046404264,0.314226863418545,0.0524849235890609,8.09164993158367
3.8030753968254,0.263523606503449,0.314206404851244,0.0524598202817252,8.09180472769896
3.8031746031746,0.263502168646406,0.314185945886268,0.0524347289900106,8.09195950922633
3.80327380952381,0.263480732832808,0.31416548652458,0.0524096497082942,8.09211427616807
3.80337301587302,0.263459299062329,0.314145026767144,0.0523845824309547,8.09226902852647
3.80347222222222,0.263437867334641,0.314124566614922,0.0523595271523728,8.09242376630381
3.80357142857143,0.263416437649419,0.314104106068877,0.0523344838669311,8.09257848950236
3.80367063492063,0.263395010006335,0.314083645129969,0.0523094525690145,8.09273319812442
3.80376984126984,0.263373584405065,0.31406318379916,0.0522844332530094,8.09288789217225
3.80386904761905,0.26335216084528,0.314042722077412,0.0522594259133046,8.09304257164814
3.80396825396825,0.263330739326655,0.314022259965685,0.0522344305442903,8.09319723655438
3.80406746031746,0.263309319848864,0.314001797464939,0.0522094471403594,8.09335188689323
3.80416666666667,0.263287902411582,0.313981334576134,0.0521844756959063,8.09350652266697
3.80426587301587,0.263266487014481,0.31396087130023,0.0521595162053273,8.09366114387789
3.80436507936508,0.263245073657237,0.313940407638186,0.0521345686630208,8.09381575052826
3.80446428571429,0.263223662339523,0.31391994359096,0.0521096330633873,8.09397034262035
3.80456349206349,0.263202253061014,0.313899479159511,0.0520847094008288,8.09412492015644
3.8046626984127,0.263180845821385,0.313879014344796,0.0520597976697497,8.09427948313882
3.80476190476191,0.26315944062031,0.313858549147774,0.0520348978645564,8.09443403156974
3.80486111111111,0.263138037457464,0.313838083569401,0.052010009979657,8.09458856545149
3.80496031746032,0.263116636332521,0.313817617610634,0.0519851340094615,8.09474308478634
3.80505952380952,0.263095237245156,0.31379715127243,0.0519602699483821,8.09489758957656
3.80515873015873,0.263073840195046,0.313776684555745,0.0519354177908329,8.09505207982443
3.80525793650794,0.263052445181863,0.313756217461534,0.0519105775312299,8.09520655553222
3.80535714285714,0.263031052205284,0.313735749990752,0.051885749163991,8.09536101670219
3.80545634920635,0.263009661264984,0.313715282144355,0.051860932683536,8.09551546333663
3.80555555555556,0.262988272360638,0.313694813923297,0.0518361280842872,8.09566989543779
3.80565476190476,0.262966885491922,0.313674345328531,0.0518113353606682,8.09582431300795
3.80575396825397,0.26294550065851,0.313653876361013,0.0517865545071049,8.09597871604939
3.80585317460317,0.26292411786008,0.313633407021694,0.0517617855180251,8.09613310456435
3.80595238095238,0.262902737096306,0.313612937311528,0.0517370283878584,8.09628747855513
3.80605158730159,0.262881358366864,0.313592467231468,0.0517122831110366,8.09644183802398
3.80615079365079,0.26285998167143,0.313571996782466,0.0516875496819932,8.09659618297317
3.80625,0.262838607009681,0.313551525965473,0.051662828095164,8.09675051340496
3.80634920634921,0.262817234381292,0.313531054781441,0.0516381183449866,8.09690482932163
3.80644841269841,0.262795863785939,0.313510583231321,0.0516134204259004,8.09705913072543
3.80654761904762,0.262774495223299,0.313490111316063,0.051588734332347,8.09721341761864
3.80664682539683,0.262753128693048,0.313469639036619,0.0515640600587697,8.09736769000351
3.80674603174603,0.262731764194863,0.313449166393936,0.0515393975996141,8.09752194788232
3.80684523809524,0.26271040172842,0.313428693388967,0.0515147469493275,8.09767619125731
3.80694444444444,0.262689041293395,0.313408220022658,0.0514901081023589,8.09783042013077
3.80704365079365,0.262667682889466,0.31338774629596,0.0514654810531602,8.09798463450494
3.80714285714286,0.26264632651631,0.31336727220982,0.0514408657961842,8.09813883438209
3.80724206349206,0.262624972173603,0.313346797765186,0.0514162623258863,8.09829301976448
3.80734126984127,0.262603619861022,0.313326322963006,0.0513916706367237,8.09844719065437
3.80744047619048,0.262582269578244,0.313305847804227,0.0513670907231554,8.09860134705403
3.80753968253968,0.262560921324948,0.313285372289796,0.0513425225796425,8.0987554889657
3.80763888888889,0.262539575100809,0.313264896420659,0.0513179662006479,8.09890961639165
3.8077380952381,0.262518230905506,0.313244420197762,0.0512934215806369,8.09906372933414
3.8078373015873,0.262496888738715,0.313223943622052,0.0512688887140765,8.09921782779542
3.80793650793651,0.262475548600115,0.313203466694472,0.0512443675954353,8.09937191177776
3.80803571428571,0.262454210489384,0.313182989415969,0.0512198582191845,8.0995259812834
3.80813492063492,0.262432874406198,0.313162511787486,0.0511953605797967,8.0996800363146
3.80823412698413,0.262411540350236,0.313142033809968,0.0511708746717468,8.09983407687363
3.80833333333333,0.262390208321176,0.313121555484358,0.0511464004895116,8.09998810296273
3.80843253968254,0.262368878318696,0.3131010768116,0.0511219380275696,8.10014211458415
3.80853174603175,0.262347550342474,0.313080597792636,0.0510974872804018,8.10029611174016
3.80863095238095,0.262326224392188,0.31306011842841,0.0510730482424907,8.100450094433
3.80873015873016,0.262304900467517,0.313039638719863,0.0510486209083209,8.10060406266493
3.80882936507937,0.262283578568139,0.313019158667938,0.051024205272379,8.1007580164382
3.80892857142857,0.262262258693733,0.312998678273575,0.0509998013291534,8.10091195575507
3.80902777777778,0.262240940843977,0.312978197537715,0.0509754090731347,8.10106588061777
3.80912698412698,0.26221962501855,0.3129577164613,0.0509510284988151,8.10121979102857
3.80922619047619,0.262198311217131,0.31293723504527,0.0509266596006893,8.1013736869897
3.8093253968254,0.262176999439398,0.312916753290564,0.0509023023732536,8.10152756850344
3.8094246031746,0.262155689685031,0.312896271198122,0.0508779568110063,8.10168143557201
3.80952380952381,0.262134381953709,0.312875788768883,0.0508536229084475,8.10183528819766
3.80962301587302,0.262113076245112,0.312855306003786,0.0508293006600796,8.10198912638266
3.80972222222222,0.262091772558917,0.312834822903769,0.0508049900604068,8.10214295012924
3.80982142857143,0.262070470894805,0.31281433946977,0.0507806911039352,8.10229675943965
3.80992063492064,0.262049171252455,0.312793855702726,0.0507564037851727,8.10245055431613
3.81001984126984,0.262027873631548,0.312773371603576,0.0507321280986298,8.10260433476094
3.81011904761905,0.262006578031761,0.312752887173255,0.0507078640388183,8.10275810077631
3.81021825396825,0.261985284452776,0.312732402412701,0.0506836116002522,8.10291185236449
3.81031746031746,0.261963992894271,0.312711917322848,0.0506593707774475,8.10306558952773
3.81041666666667,0.261942703355928,0.312691431904633,0.050635141564922,8.10321931226826
3.81051587301587,0.261921415837426,0.312670946158991,0.0506109239571957,8.10337302058833
3.81061507936508,0.261900130338445,0.312650460086857,0.0505867179487903,8.10352671449019
3.81071428571429,0.261878846858665,0.312629973689165,0.0505625235342295,8.10368039397607
3.81081349206349,0.261857565397767,0.31260948696685,0.0505383407080394,8.10383405904821
3.8109126984127,0.261836285955431,0.312588999920845,0.0505141694647474,8.10398770970886
3.8110119047619,0.261815008531338,0.312568512552084,0.0504900097988833,8.10414134596026
3.81111111111111,0.261793733125168,0.3125480248615,0.0504658617049787,8.10429496780464
3.81121031746032,0.261772459736602,0.312527536850024,0.0504417251775672,8.10444857524424
3.81130952380952,0.261751188365321,0.31250704851859,0.0504176002111843,8.1046021682813
3.81140873015873,0.261729919011005,0.312486559868128,0.0503934868003674,8.10475574691806
3.81150793650794,0.261708651673336,0.312466070899572,0.0503693849396562,8.10490931115676
3.81160714285714,0.261687386351994,0.312445581613851,0.050345294623592,8.10506286099963
3.81170634920635,0.261666123046662,0.312425092011896,0.0503212158467181,8.10521639644891
3.81180555555556,0.26164486175702,0.312404602094637,0.05029714860358,8.10536991750684
3.81190476190476,0.261623602482749,0.312384111863005,0.050273092888725,8.10552342417564
3.81200396825397,0.261602345223531,0.312363621317929,0.0502490486967021,8.10567691645756
3.81210317460317,0.261581089979047,0.312343130460338,0.0502250160220628,8.10583039435482
3.81220238095238,0.26155983674898,0.312322639291161,0.05020099485936,8.10598385786966
3.81230158730159,0.261538585533011,0.312302147811325,0.0501769852031492,8.10613730700432
3.81240079365079,0.261517336330821,0.31228165602176,0.0501529870479873,8.10629074176102
3.8125,0.261496089142093,0.312261163923393,0.0501290003884334,8.106444162142
3.81259920634921,0.261474843966508,0.31224067151715,0.0501050252190484,8.10659756814949
3.81269841269841,0.261453600803749,0.312220178803959,0.0500810615343954,8.10675095978572
3.81279761904762,0.261432359653499,0.312199685784746,0.0500571093290393,8.10690433705291
3.81289682539683,0.261411120515438,0.312179192460436,0.0500331685975468,8.10705769995331
3.81299603174603,0.26138988338925,0.312158698831957,0.050009239334487,8.10721104848913
3.81309523809524,0.261368648274617,0.312138204900233,0.0499853215344308,8.1073643826626
3.81319444444444,0.261347415171222,0.312117710666189,0.0499614151919507,8.10751770247595
3.81329365079365,0.261326184078747,0.312097216130749,0.0499375203016217,8.10767100793142
3.81339285714286,0.261304954996876,0.312076721294837,0.0499136368580202,8.10782429903122
3.81349206349206,0.26128372792529,0.312056226159378,0.049889764855725,8.10797757577759
3.81359126984127,0.261262502863674,0.312035730725295,0.0498659042893168,8.10813083817274
3.81369047619048,0.261241279811709,0.31201523499351,0.0498420551533778,8.10828408621891
3.81378968253968,0.26122005876908,0.311994738964946,0.049818217442493,8.10843731991831
3.81388888888889,0.261198839735469,0.311974242640526,0.0497943911512487,8.10859053927318
3.8139880952381,0.26117762271056,0.311953746021171,0.0497705762742333,8.10874374428573
3.8140873015873,0.261156407694036,0.311933249107802,0.0497467728060372,8.10889693495819
3.81418650793651,0.261135194685581,0.311912751901341,0.0497229807412529,8.10905011129277
3.81428571428571,0.261113983684878,0.311892254402709,0.0496992000744745,8.10920327329171
3.81438492063492,0.261092774691611,0.311871756612825,0.0496754308002983,8.10935642095722
3.81448412698413,0.261071567705464,0.311851258532609,0.0496516729133228,8.10950955429152
3.81458333333333,0.26105036272612,0.311830760162982,0.0496279264081481,8.10966267329683
3.81468253968254,0.261029159753265,0.311810261504861,0.0496041912793763,8.10981577797538
3.81478174603175,0.261007958786581,0.311789762559167,0.0495804675216116,8.10996886832938
3.81488095238095,0.260986759825753,0.311769263326817,0.0495567551294599,8.11012194436105
3.81498015873016,0.260965562870466,0.311748763808729,0.0495330540975295,8.1102750060726
3.81507936507936,0.260944367920403,0.31172826400582,0.0495093644204301,8.11042805346626
3.81517857142857,0.260923174975249,0.311707763919009,0.0494856860927738,8.11058108654424
3.81527777777778,0.260901984034689,0.311687263549211,0.0494620191091746,8.11073410530875
3.81537698412698,0.260880795098407,0.311666762897344,0.0494383634642484,8.11088710976202
3.81547619047619,0.260859608166088,0.311646261964323,0.0494147191526129,8.11104009990626
3.8155753968254,0.260838423237418,0.311625760751064,0.049391086168888,8.11119307574368
3.8156746031746,0.26081724031208,0.311605259258482,0.0493674645076954,8.11134603727649
3.81577380952381,0.260796059389759,0.311584757487492,0.0493438541636588,8.11149898450692
3.81587301587302,0.260774880470142,0.311564255439009,0.0493202551314038,8.11165191743716
3.81597222222222,0.260753703552913,0.311543753113946,0.0492966674055582,8.11180483606944
3.81607142857143,0.260732528637758,0.311523250513218,0.0492730909807516,8.11195774040597
3.81617063492063,0.260711355724361,0.311502747637738,0.0492495258516154,8.11211063044895
3.81626984126984,0.260690184812409,0.311482244488419,0.0492259720127833,8.11226350620061
3.81636904761905,0.260669015901587,0.311461741066173,0.0492024294588906,8.11241636766313
3.81646825396825,0.26064784899158,0.311441237371913,0.0491788981845748,8.11256921483875
3.81656746031746,0.260626684082075,0.31142073340655,0.0491553781844753,8.11272204772966
3.81666666666667,0.260605521172757,0.311400229170996,0.0491318694532333,8.11287486633808
3.81676587301587,0.260584360263313,0.311379724666162,0.0491083719854924,8.11302767066621
3.81686507936508,0.260563201353428,0.311359219892959,0.0490848857758977,8.11318046071626
3.81696428571429,0.260542044442789,0.311338714852296,0.0490614108190965,8.11333323649043
3.81706349206349,0.260520889531081,0.311318209545084,0.0490379471097379,8.11348599799094
3.8171626984127,0.260499736617991,0.311297703972233,0.0490144946424731,8.11363874521999
3.8172619047619,0.260478585703206,0.311277198134651,0.0489910534119551,8.11379147817977
3.81736111111111,0.260457436786412,0.311256692033247,0.048967623412839,8.11394419687251
3.81746031746032,0.260436289867296,0.31123618566893,0.048944204639782,8.1140969013004
3.81755952380952,0.260415144945544,0.311215679042607,0.048920797087443,8.11424959146564
3.81765873015873,0.260394002020844,0.311195172155186,0.0488974007504828,8.11440226737044
3.81775793650794,0.260372861092882,0.311174665007575,0.0488740156235645,8.114554929017
3.81785714285714,0.260351722161344,0.311154157600679,0.0488506417013529,8.11470757640752
3.81795634920635,0.26033058522592,0.311133649935406,0.0488272789785147,8.11486020954421
3.81805555555556,0.260309450286294,0.311113142012662,0.0488039274497189,8.11501282842925
3.81815476190476,0.260288317342155,0.311092633833352,0.0487805871096359,8.11516543306487
3.81825396825397,0.260267186393191,0.311072125398382,0.0487572579529388,8.11531802345324
3.81835317460317,0.260246057439088,0.311051616708656,0.048733939974302,8.11547059959658
3.81845238095238,0.260224930479534,0.31103110776508,0.0487106331684023,8.11562316149708
3.81855158730159,0.260203805514217,0.311010598568556,0.0486873375299181,8.11577570915693
3.81865079365079,0.260182682542824,0.310990089119989,0.0486640530535301,8.11592824257835
3.81875,0.260161561565044,0.310969579420283,0.0486407797339207,8.11608076176351
3.81884920634921,0.260140442580565,0.310949069470339,0.0486175175657742,8.11623326671462
3.81894841269841,0.260119325589073,0.310928559271062,0.0485942665437773,8.11638575743388
3.81904761904762,0.260098210590259,0.310908048823352,0.0485710266626183,8.11653823392348
3.81914682539683,0.260077097583809,0.310887538128113,0.0485477979169875,8.11669069618561
3.81924603174603,0.260055986569412,0.310867027186245,0.0485245803015772,8.11684314422247
3.81934523809524,0.260034877546757,0.310846515998649,0.0485013738110817,8.11699557803625
3.81944444444444,0.260013770515531,0.310826004566226,0.0484781784401971,8.11714799762914
3.81954365079365,0.259992665475425,0.310805492889876,0.0484549941836216,8.11730040300334
3.81964285714286,0.259971562426125,0.3107849809705,0.0484318210360552,8.11745279416104
3.81974206349206,0.259950461367322,0.310764468808996,0.0484086589922004,8.11760517110443
3.81984126984127,0.259929362298704,0.310743956406265,0.048385508046761,8.1177575338357
3.81994047619048,0.259908265219959,0.310723443763204,0.048362368194443,8.11790988235704
3.82003968253968,0.259887170130778,0.310702930880712,0.0483392394299543,8.11806221667063
3.82013888888889,0.259866077030849,0.310682417759687,0.048316121748005,8.11821453677868
3.82023809523809,0.259844985919861,0.310661904401027,0.0482930151433069,8.11836684268337
3.8203373015873,0.259823896797504,0.310641390805628,0.0482699196105737,8.11851913438688
3.82043650793651,0.259802809663468,0.310620876974388,0.0482468351445215,8.1186714118914
3.82053571428571,0.259781724517441,0.310600362908203,0.0482237617398679,8.11882367519912
3.82063492063492,0.259760641359114,0.31057984860797,0.0482006993913327,8.11897592431223
3.82073412698413,0.259739560188175,0.310559334074583,0.0481776480936376,8.11912815923291
3.82083333333333,0.259718481004316,0.310538819308938,0.0481546078415061,8.11928037996335
3.82093253968254,0.259697403807226,0.310518304311931,0.0481315786296639,8.11943258650572
3.82103174603175,0.259676328596595,0.310497789084455,0.0481085604528385,8.11958477886222
3.82113095238095,0.259655255372113,0.310477273627404,0.0480855533057594,8.11973695703504
3.82123015873016,0.25963418413347,0.310456757941673,0.0480625571831582,8.11988912102634
3.82132936507937,0.259613114880356,0.310436242028155,0.0480395720797684,8.12004127083831
3.82142857142857,0.259592047612463,0.310415725887743,0.0480165979903253,8.12019340647314
3.82152777777778,0.25957098232948,0.310395209521329,0.0479936349095662,8.12034552793301
3.82162698412698,0.259549919031097,0.310374692929806,0.0479706828322305,8.1204976352201
3.82172619047619,0.259528857717007,0.310354176114065,0.0479477417530595,8.12064972833658
3.8218253968254,0.259507798386899,0.310333659074998,0.0479248116667962,8.12080180728464
3.8219246031746,0.259486741040464,0.310313141813496,0.0479018925681861,8.12095387206646
3.82202380952381,0.259465685677394,0.31029262433045,0.0478789844519763,8.12110592268422
3.82212301587302,0.259444632297378,0.31027210662675,0.0478560873129159,8.12125795914008
3.82222222222222,0.25942358090011,0.310251588703285,0.047833201145756,8.12140998143624
3.82232142857143,0.259402531485279,0.310231070560946,0.0478103259452495,8.12156198957486
3.82242063492063,0.259381484052576,0.310210552200622,0.0477874617061514,8.12171398355813
3.82251984126984,0.259360438601695,0.310190033623201,0.0477646084232188,8.12186596338821
3.82261904761905,0.259339395132325,0.310169514829571,0.0477417660912104,8.12201792906729
3.82271825396825,0.259318353644159,0.310148995820622,0.0477189347048874,8.12216988059754
3.82281746031746,0.259297314136888,0.310128476597239,0.0476961142590124,8.12232181798114
3.82291666666667,0.259276276610204,0.310107957160311,0.0476733047483503,8.12247374122025
3.82301587301587,0.259255241063799,0.310087437510725,0.0476505061676678,8.12262565031704
3.82311507936508,0.259234207497365,0.310066917649366,0.0476277185117335,8.1227775452737
3.82321428571429,0.259213175910594,0.310046397577121,0.0476049417753183,8.1229294260924
3.82331349206349,0.259192146303178,0.310025877294876,0.0475821759531945,8.1230812927753
3.8234126984127,0.25917111867481,0.310005356803515,0.047559421040137,8.12323314532458
3.8235119047619,0.259150093025182,0.309984836103924,0.0475366770309223,8.1233849837424
3.82361111111111,0.259129069353986,0.309964315196988,0.0475139439203288,8.12353680803094
3.82371031746032,0.259108047660915,0.30994379408359,0.047491221703137,8.12368861819236
3.82380952380952,0.259087027945661,0.309923272764614,0.0474685103741294,8.12384041422884
3.82390873015873,0.259066010207917,0.309902751240944,0.0474458099280903,8.12399219614253
3.82400793650794,0.259044994447377,0.309882229513462,0.0474231203598061,8.12414396393562
3.82410714285714,0.259023980663732,0.309861707583051,0.0474004416640649,8.12429571761026
3.82420634920635,0.259002968856677,0.309841185450594,0.0473777738356574,8.12444745716863
3.82430555555556,0.258981959025904,0.309820663116973,0.0473551168693754,8.12459918261288
3.82440476190476,0.258960951171106,0.309800140583067,0.0473324707600134,8.12475089394519
3.82450396825397,0.258939945291977,0.30977961784976,0.0473098355023673,8.12490259116771
3.82460317460317,0.25891894138821,0.309759094917931,0.0472872110912353,8.12505427428261
3.82470238095238,0.258897939459498,0.309738571788461,0.0472645975214174,8.12520594329206
3.82480158730159,0.258876939505535,0.30971804846223,0.0472419947877156,8.12535759819822
3.82490079365079,0.258855941526016,0.309697524940117,0.0472194028849341,8.12550923900326
3.825,0.258834945520633,0.309677001223001,0.0471968218078787,8.12566086570932
3.82509920634921,0.25881395148908,0.309656477311761,0.0471742515513573,8.12581247831858
3.82519841269841,0.258792959431052,0.309635953207276,0.0471516921101797,8.12596407683319
3.82529761904762,0.258771969346243,0.309615428910424,0.0471291434791578,8.12611566125532
3.82539682539683,0.258750981234346,0.309594904422081,0.0471066056531054,8.12626723158712
3.82549603174603,0.258729995095056,0.309574379743126,0.0470840786268381,8.12641878783075
3.82559523809524,0.258709010928067,0.309553854874435,0.0470615623951735,8.12657032998839
3.82569444444444,0.258688028733074,0.309533329816885,0.0470390569529317,8.12672185806217
3.82579365079365,0.258667048509771,0.309512804571352,0.0470165622949339,8.12687337205426
3.82589285714286,0.258646070257853,0.309492279138711,0.0469940784160039,8.12702487196681
3.82599206349206,0.258625093977014,0.309471753519837,0.0469716053109672,8.12717635780199
3.82609126984127,0.25860411966695,0.309451227715607,0.0469491429746512,8.12732782956194
3.82619047619048,0.258583147327355,0.309430701726894,0.0469266914018854,8.12747928724882
3.82628968253968,0.258562176957924,0.309410175554572,0.046904250587501,8.1276307308648
3.82638888888889,0.258541208558353,0.309389649199515,0.0468818205263318,8.12778216041201
3.8264880952381,0.258520242128336,0.309369122662596,0.0468594012132129,8.12793357589262
3.8265873015873,0.258499277667569,0.30934859594469,0.0468369926429815,8.12808497730878
3.82668650793651,0.258478315175747,0.309328069046667,0.0468145948104771,8.12823636466264
3.82678571428571,0.258457354652566,0.309307541969401,0.0467922077105407,8.12838773795635
3.82688492063492,0.258436396097722,0.309287014713763,0.0467698313380155,8.12853909719207
3.82698412698413,0.258415439510909,0.309266487280624,0.0467474656877466,8.12869044237194
3.82708333333333,0.258394484891823,0.309245959670856,0.0467251107545811,8.12884177349811
3.82718253968254,0.258373532240161,0.30922543188533,0.0467027665333682,8.12899309057275
3.82728174603175,0.258352581555619,0.309204903924916,0.0466804330189587,8.12914439359798
3.82738095238095,0.258331632837892,0.309184375790483,0.0466581102062058,8.12929568257597
3.82748015873016,0.258310686086676,0.309163847482902,0.0466357980899642,8.12944695750886
3.82757936507937,0.258289741301669,0.309143319003041,0.0466134966650908,8.1295982183988
3.82767857142857,0.258268798482565,0.309122790351769,0.0465912059264446,8.12974946524793
3.82777777777778,0.258247857629062,0.309102261529954,0.0465689258688861,8.1299006980584
3.82787698412698,0.258226918740856,0.309081732538465,0.0465466564872785,8.13005191683237
3.82797619047619,0.258205981817644,0.30906120337817,0.0465243977764862,8.13020312157196
3.8280753968254,0.258185046859122,0.309040674049934,0.046502149731376,8.13035431227934
3.8281746031746,0.258164113864987,0.309020144554626,0.0464799123468165,8.13050548895663
3.82827380952381,0.258143182834936,0.308999614893112,0.0464576856176783,8.13065665160599
3.82837301587302,0.258122253768666,0.308979085066258,0.0464354695388339,8.13080780022956
3.82847222222222,0.258101326665874,0.308958555074929,0.046413264105158,8.13095893482948
3.82857142857143,0.258080401526258,0.308938024919991,0.0463910693115268,8.1311100554079
3.82867063492063,0.258059478349513,0.308917494602308,0.046368885152819,8.13126116196695
3.82876984126984,0.258038557135339,0.308896964122746,0.0463467116239149,8.13141225450877
3.82886904761905,0.258017637883432,0.308876433482169,0.0463245487196969,8.13156333303552
3.82896825396825,0.25799672059349,0.308855902681439,0.0463023964350492,8.13171439754931
3.82906746031746,0.25797580526521,0.308835371721422,0.0462802547648582,8.13186544805231
3.82916666666667,0.25795489189829,0.308814840602979,0.046258123704012,8.13201648454663
3.82926587301587,0.257933980492428,0.308794309326973,0.0462360032474007,8.13216750703443
3.82936507936508,0.257913071047322,0.308773777894267,0.0462138933899169,8.13231851551784
3.82946428571429,0.25789216356267,0.308753246305722,0.0461917941264543,8.13246950999899
3.82956349206349,0.25787125803817,0.3087327145622,0.0461697054519092,8.13262049048003
3.8296626984127,0.25785035447352,0.308712182664561,0.0461476273611794,8.13277145696308
3.8297619047619,0.257829452868419,0.308691650613668,0.0461255598491652,8.13292240945029
3.82986111111111,0.257808553222564,0.308671118410379,0.0461035029107682,8.13307334794379
3.82996031746032,0.257787655535655,0.308650586055555,0.0460814565408926,8.13322427244572
3.83005952380952,0.25776675980739,0.308630053550056,0.0460594207344439,8.1333751829582
3.83015873015873,0.257745866037467,0.30860952089474,0.0460373954863304,8.13352607948337
3.83025793650794,0.257724974225586,0.308588988090467,0.0460153807914617,8.13367696202336
3.83035714285714,0.257704084371445,0.308568455138094,0.0459933766447494,8.13382783058031
3.83045634920635,0.257683196474743,0.30854792203848,0.0459713830411074,8.13397868515634
3.83055555555556,0.25766231053518,0.308527388792483,0.0459493999754512,8.13412952575359
3.83065476190476,0.257641426552453,0.308506855400959,0.0459274274426986,8.13428035237419
3.83075396825397,0.257620544526263,0.308486321864765,0.0459054654377689,8.13443116502027
3.83085317460317,0.25759966445631,0.308465788184759,0.045883513955584,8.13458196369395
3.83095238095238,0.257578786342291,0.308445254361795,0.0458615729910672,8.13473274839737
3.83105158730159,0.257557910183907,0.308424720396731,0.045839642539144,8.13488351913265
3.83115079365079,0.257537035980858,0.30840418629042,0.0458177225947418,8.13503427590192
3.83125,0.257516163732843,0.308383652043719,0.04579581315279,8.13518501870731
3.83134920634921,0.257495293439562,0.308363117657481,0.04577391420822,8.13533574755095
3.83144841269841,0.257474425100715,0.308342583132561,0.045752025755965,8.13548646243496
3.83154761904762,0.257453558716001,0.308322048469812,0.0457301477909602,8.13563716336146
3.83164682539683,0.257432694285122,0.308301513670088,0.045708280308143,8.13578785033259
3.83174603174603,0.257411831807776,0.308280978734242,0.0456864233024525,8.13593852335046
3.83184523809524,0.257390971283665,0.308260443663127,0.0456645767688299,8.13608918241719
3.83194444444444,0.257370112712489,0.308239908457595,0.0456427407022182,8.13623982753493
3.83204365079365,0.257349256093947,0.308219373118497,0.0456209150975625,8.13639045870577
3.83214285714286,0.257328401427742,0.308198837646685,0.0455990999498097,8.13654107593186
3.83224206349206,0.257307548713572,0.308178302043011,0.0455772952539088,8.1366916792153
3.83234126984127,0.25728669795114,0.308157766308325,0.045555501004811,8.13684226855822
3.83244047619048,0.257265849140146,0.308137230443476,0.0455337171974689,8.13699284396274
3.83253968253968,0.257245002280291,0.308116694449317,0.0455119438268376,8.13714340543099
3.83263888888889,0.257224157371275,0.308096158326694,0.0454901808878736,8.13729395296507
3.8327380952381,0.257203314412801,0.308075622076459,0.045468428375536,8.13744448656711
3.8328373015873,0.257182473404568,0.30805508569946,0.0454466862847853,8.13759500623922
3.83293650793651,0.257161634346279,0.308034549196544,0.0454249546105842,8.13774551198353
3.83303571428571,0.257140797237635,0.308014012568561,0.0454032333478974,8.13789600380215
3.83313492063492,0.257119962078338,0.307993475816358,0.0453815224916916,8.1380464816972
3.83323412698413,0.257099128868088,0.307972938940781,0.0453598220369353,8.13819694567079
3.83333333333333,0.257078297606588,0.307952401942679,0.045338131978599,8.13834739572505
3.83343253968254,0.257057468293539,0.307931864822897,0.0453164523116552,8.13849783186207
3.83353174603175,0.257036640928644,0.307911327582281,0.0452947830310783,8.13864825408398
3.83363095238095,0.257015815511604,0.307890790221678,0.0452731241318449,8.1387986623929
3.83373015873016,0.256994992042121,0.307870252741932,0.045251475608933,8.13894905679093
3.83382936507937,0.256974170519898,0.307849715143888,0.0452298374573233,8.13909943728019
3.83392857142857,0.256953350944636,0.307829177428392,0.0452082096719979,8.13924980386279
3.83402777777778,0.256932533316038,0.307808639596287,0.0451865922479412,8.13940015654084
3.83412698412698,0.256911717633807,0.307788101648417,0.0451649851801392,8.13955049531645
3.83422619047619,0.256890903897645,0.307767563585625,0.0451433884635801,8.13970082019174
3.8343253968254,0.256870092107254,0.307747025408754,0.0451218020932541,8.13985113116881
3.8344246031746,0.256849282262338,0.307726487118648,0.0451002260641533,8.14000142824977
3.83452380952381,0.256828474362598,0.307705948716148,0.0450786603712715,8.14015171143674
3.83462301587302,0.256807668407739,0.307685410202096,0.0450571050096051,8.14030198073181
3.83472222222222,0.256786864397463,0.307664871577334,0.0450355599741518,8.1404522361371
3.83482142857143,0.256766062331473,0.307644332842702,0.0450140252599115,8.14060247765472
3.83492063492063,0.256745262209472,0.307623793999042,0.0449925008618862,8.14075270528676
3.83501984126984,0.256724464031164,0.307603255047194,0.0449709867750797,8.14090291903535
3.83511904761905,0.256703667796251,0.307582715987997,0.0449494829944978,8.14105311890257
3.83521825396825,0.256682873504438,0.307562176822292,0.0449279895151481,8.14120330489055
3.83531746031746,0.256662081155428,0.307541637550917,0.0449065063320406,8.14135347700138
3.83541666666667,0.256641290748924,0.307521098174712,0.0448850334401868,8.14150363523716
3.83551587301587,0.256620502284631,0.307500558694514,0.0448635708346004,8.1416537796
3.83561507936508,0.256599715762252,0.307480019111162,0.0448421185102969,8.141803910092
3.83571428571429,0.256578931181492,0.307459479425493,0.0448206764622939,8.14195402671527
3.83581349206349,0.256558148542053,0.307438939638345,0.044799244685611,8.1421041294719
3.8359126984127,0.256537367843641,0.307418399750555,0.0447778231752696,8.14225421836401
3.83601190476191,0.256516589085959,0.307397859762958,0.0447564119262929,8.14240429339367
3.83611111111111,0.256495812268712,0.307377319676392,0.0447350109337068,8.14255435456301
3.83621031746032,0.256475037391604,0.307356779491691,0.0447136201925383,8.14270440187411
3.83630952380952,0.25645426445434,0.307336239209691,0.0446922396978167,8.14285443532908
3.83640873015873,0.256433493456624,0.307315698831228,0.0446708694445735,8.14300445493001
3.83650793650794,0.256412724398161,0.307295158357135,0.0446495094278417,8.143154460679
3.83660714285714,0.256391957278656,0.307274617788247,0.0446281596426565,8.14330445257815
3.83670634920635,0.256371192097814,0.307254077125397,0.0446068200840551,8.14345443062956
3.83680555555556,0.256350428855339,0.30723353636942,0.0445854907470767,8.14360439483532
3.83690476190476,0.256329667550937,0.307212995521148,0.0445641716267623,8.14375434519753
3.83700396825397,0.256308908184313,0.307192454581413,0.0445428627181549,8.14390428171827
3.83710317460317,0.256288150755172,0.307171913551049,0.0445215640162995,8.14405420439966
3.83720238095238,0.25626739526322,0.307151372430886,0.0445002755162431,8.14420411324377
3.83730158730159,0.256246641708161,0.307130831221756,0.0444789972130345,8.14435400825271
3.83740079365079,0.256225890089702,0.307110289924491,0.0444577291017246,8.14450388942857
3.8375,0.256205140407547,0.307089748539921,0.0444364711773662,8.14465375677343
3.83759920634921,0.256184392661404,0.307069207068877,0.0444152234350141,8.1448036102894
3.83769841269841,0.256163646850977,0.307048665512188,0.0443939858697252,8.14495344997856
3.83779761904762,0.256142902975973,0.307028123870684,0.0443727584765579,8.145103275843
3.83789682539683,0.256122161036097,0.307007582145194,0.0443515412505731,8.14525308788481
3.83799603174603,0.256101421031056,0.306987040336548,0.0443303341868334,8.14540288610608
3.83809523809524,0.256080682960556,0.306966498445572,0.0443091372804032,8.1455526705089
3.83819444444444,0.256059946824302,0.306945956473097,0.0442879505263491,8.14570244109536
3.83829365079365,0.256039212622002,0.306925414419948,0.0442667739197398,8.14585219786755
3.83839285714286,0.256018480353362,0.306904872286954,0.0442456074556456,8.14600194082756
3.83849206349206,0.255997750018089,0.306884330074941,0.0442244511291389,8.14615166997746
3.83859126984127,0.255977021615889,0.306863787784735,0.0442033049352941,8.14630138531935
3.83869047619048,0.255956295146469,0.306843245417164,0.0441821688691875,8.14645108685531
3.83878968253968,0.255935570609536,0.306822702973052,0.0441610429258975,8.14660077458744
3.83888888888889,0.255914848004796,0.306802160453225,0.0441399271005043,8.1467504485178
3.8389880952381,0.255894127331957,0.306781617858508,0.0441188213880899,8.14690010864849
3.8390873015873,0.255873408590726,0.306761075189725,0.0440977257837389,8.14704975498158
3.83918650793651,0.25585269178081,0.306740532447701,0.0440766402825371,8.14719938751917
3.83928571428571,0.255831976901917,0.306719989633259,0.0440555648795728,8.14734900626334
3.83938492063492,0.255811263953753,0.306699446747224,0.0440344995699359,8.14749861121616
3.83948412698413,0.255790552936027,0.306678903790417,0.0440134443487184,8.14764820237971
3.83958333333333,0.255769843848446,0.306658360763662,0.0439923992110144,8.14779777975609
3.83968253968254,0.255749136690718,0.30663781766778,0.0439713641519196,8.14794734334737
3.83978174603175,0.25572843146255,0.306617274503594,0.0439503391665322,8.14809689315562
3.83988095238095,0.255707728163651,0.306596731271926,0.0439293242499519,8.14824642918292
3.83998015873016,0.255687026793727,0.306576187973595,0.0439083193972805,8.14839595143136
3.84007936507937,0.255666327352489,0.306555644609424,0.0438873246036217,8.14854545990302
3.84017857142857,0.255645629839643,0.306535101180232,0.0438663398640814,8.14869495459996
3.84027777777778,0.255624934254897,0.30651455768684,0.0438453651737671,8.14884443552427
3.84037698412698,0.255604240597961,0.306494014130066,0.0438244005277886,8.14899390267803
3.84047619047619,0.255583548868543,0.30647347051073,0.0438034459212572,8.1491433560633
3.8405753968254,0.255562859066351,0.306452926829652,0.0437825013492869,8.14929279568217
3.8406746031746,0.255542171191094,0.306432383087649,0.043761566806993,8.1494422215367
3.84077380952381,0.25552148524248,0.306411839285539,0.043740642289493,8.14959163362898
3.84087301587302,0.255500801220219,0.30639129542414,0.0437197277919064,8.14974103196107
3.84097222222222,0.255480119124019,0.306370751504269,0.0436988233093545,8.14989041653505
3.84107142857143,0.255459438953589,0.306350207526744,0.0436779288369607,8.15003978735299
3.84117063492064,0.255438760708639,0.30632966349238,0.0436570443698502,8.15018914441697
3.84126984126984,0.255418084388878,0.306309119401994,0.0436361699031505,8.15033848772905
3.84136904761905,0.255397409994014,0.306288575256402,0.0436153054319908,8.1504878172913
3.84146825396825,0.255376737523758,0.306268031056419,0.0435944509515022,8.15063713310579
3.84156746031746,0.255356066977819,0.306247486802859,0.0435736064568179,8.15078643517461
3.84166666666667,0.255335398355906,0.306226942496538,0.043552771943073,8.1509357234998
3.84176587301587,0.255314731657729,0.306206398138269,0.0435319474054046,8.15108499808344
3.84186507936508,0.255294066882998,0.306185853728867,0.0435111328389518,8.15123425892761
3.84196428571429,0.255273404031423,0.306165309269145,0.0434903282388553,8.15138350603436
3.84206349206349,0.255252743102714,0.306144764759915,0.0434695336002585,8.15153273940576
3.8421626984127,0.25523208409658,0.306124220201992,0.043448748918306,8.15168195904389
3.8422619047619,0.255211427012732,0.306103675596186,0.0434279741881448,8.1518311649508
3.84236111111111,0.25519077185088,0.30608313094331,0.0434072094049237,8.15198035712856
3.84246031746032,0.255170118610735,0.306062586244175,0.0433864545637935,8.15212953557923
3.84255952380952,0.255149467292007,0.306042041499592,0.043365709659907,8.15227870030489
3.84265873015873,0.255128817894406,0.306021496710372,0.0433449746884186,8.15242785130759
3.84275793650794,0.255108170417643,0.306000951877326,0.0433242496444855,8.15257698858939
3.84285714285714,0.255087524861428,0.305980407001263,0.043303534523266,8.15272611215236
3.84295634920635,0.255066881225474,0.305959862082994,0.0432828293199207,8.15287522199856
3.84305555555556,0.255046239509489,0.305939317123326,0.0432621340296122,8.15302431813005
3.84315476190476,0.255025599713187,0.305918772123069,0.043241448647505,8.15317340054889
3.84325396825397,0.255004961836276,0.305898227083032,0.0432207731687656,8.15332246925715
3.84335317460317,0.254984325878469,0.305877682004023,0.0432001075885624,8.15347152425688
3.84345238095238,0.254963691839477,0.305857136886848,0.0431794519020656,8.15362056555013
3.84355158730159,0.254943059719012,0.305836591732316,0.0431588061044479,8.15376959313898
3.84365079365079,0.254922429516784,0.305816046541233,0.0431381701908834,8.15391860702547
3.84375,0.254901801232506,0.305795501314406,0.0431175441565484,8.15406760721167
3.84384920634921,0.254881174865889,0.305774956052641,0.0430969279966212,8.15421659369963
3.84394841269841,0.254860550416644,0.305754410756744,0.0430763217062818,8.1543655664914
3.84404761904762,0.254839927884484,0.305733865427519,0.0430557252807125,8.15451452558905
3.84414682539683,0.25481930726912,0.305713320065773,0.0430351387150972,8.15466347099463
3.84424603174603,0.254798688570265,0.305692774672309,0.0430145620046222,8.15481240271019
3.84434523809524,0.254778071787631,0.305672229247932,0.0429939951444755,8.15496132073779
3.84444444444444,0.254757456920929,0.305651683793446,0.042973438129847,8.15511022507947
3.84454365079365,0.254736843969873,0.305631138309653,0.0429528909559286,8.15525911573731
3.84464285714286,0.254716232934174,0.305610592797358,0.0429323536179143,8.15540799271333
3.84474206349206,0.254695623813545,0.305590047257363,0.0429118261109998,8.15555685600961
3.84484126984127,0.254675016607699,0.305569501690469,0.0428913084303831,8.15570570562818
3.84494047619048,0.254654411316348,0.30554895609748,0.0428708005712638,8.15585454157111
3.84503968253968,0.254633807939206,0.305528410479196,0.0428503025288439,8.15600336384043
3.84513888888889,0.254613206475984,0.305507864836418,0.0428298142983268,8.1561521724382
3.8452380952381,0.254592606926396,0.305487319169948,0.0428093358749184,8.15630096736647
3.8453373015873,0.254572009290155,0.305466773480585,0.0427888672538261,8.15644974862729
3.84543650793651,0.254551413566975,0.30544622776913,0.0427684084302597,8.15659851622271
3.84553571428571,0.254530819756568,0.305425682036383,0.0427479593994305,8.15674727015477
3.84563492063492,0.254510227858647,0.305405136283141,0.0427275201565521,8.15689601042551
3.84573412698413,0.254489637872927,0.305384590510205,0.04270709069684,8.157044737037
3.84583333333333,0.254469049799121,0.305364044718373,0.0426866710155115,8.15719344999126
3.84593253968254,0.254448463636942,0.305343498908443,0.0426662611077862,8.15734214929035
3.84603174603175,0.254427879386104,0.305322953081212,0.0426458609688851,8.15749083493631
3.84613095238095,0.254407297046321,0.305302407237477,0.0426254705940318,8.15763950693119
3.84623015873016,0.254386716617306,0.305281861378036,0.0426050899784513,8.15778816527703
3.84632936507936,0.254366138098775,0.305261315503686,0.042584719117371,8.15793680997587
3.84642857142857,0.25434556149044,0.305240769615221,0.0425643580060198,8.15808544102976
3.84652777777778,0.254324986792016,0.305220223713439,0.0425440066396292,8.15823405844073
3.84662698412698,0.254304414003218,0.305199677799134,0.042523665013432,8.15838266221083
3.84672619047619,0.25428384312376,0.305179131873101,0.0425033331226634,8.1585312523421
3.8468253968254,0.254263274153356,0.305158585936135,0.0424830109625604,8.15867982883657
3.8469246031746,0.25424270709172,0.30513803998903,0.0424626985283619,8.1588283916963
3.84702380952381,0.254222141938568,0.305117494032581,0.0424423958153088,8.15897694092331
3.84712301587302,0.254201578693614,0.305096948067579,0.0424221028186439,8.15912547651965
3.84722222222222,0.254181017356573,0.305076402094819,0.0424018195336122,8.15927399848736
3.84732142857143,0.25416045792716,0.305055856115094,0.0423815459554606,8.15942250682846
3.84742063492063,0.254139900405091,0.305035310129194,0.0423612820794377,8.15957100154501
3.84751984126984,0.254119344790079,0.305014764137913,0.0423410279007942,8.15971948263903
3.84761904761905,0.254098791081841,0.304994218142042,0.0423207834147829,8.15986795011256
3.84771825396825,0.254078239280091,0.304973672142372,0.0423005486166584,8.16001640396764
3.84781746031746,0.254057689384546,0.304953126139693,0.0422803235016772,8.1601648442063
3.84791666666667,0.25403714139492,0.304932580134797,0.0422601080650978,8.16031327083057
3.84801587301587,0.254016595310929,0.304912034128472,0.042239902302181,8.1604616838425
3.84811507936508,0.253996051132289,0.30489148812151,0.0422197062081891,8.1606100832441
3.84821428571429,0.253975508858716,0.304870942114698,0.0421995197783866,8.16075846903742
3.84831349206349,0.253954968489926,0.304850396108826,0.0421793430080399,8.16090684122449
3.8484126984127,0.253934430025634,0.304829850104681,0.0421591758924172,8.16105519980733
3.8485119047619,0.253913893465556,0.304809304103054,0.042139018426789,8.16120354478798
3.84861111111111,0.25389335880941,0.30478875810473,0.0421188706064274,8.16135187616847
3.84871031746032,0.25387282605691,0.304768212110497,0.0420987324266068,8.16150019395083
3.84880952380952,0.253852295207774,0.304747666121142,0.0420786038826034,8.16164849813709
3.84890873015873,0.253831766261718,0.304727120137452,0.0420584849696952,8.16179678872927
3.84900793650794,0.253811239218458,0.304706574160213,0.0420383756831625,8.16194506572941
3.84910714285714,0.253790714077711,0.30468602819021,0.0420182760182872,8.16209332913953
3.84920634920635,0.253770190839194,0.304665482228229,0.0419981859703534,8.16224157896166
3.84930555555556,0.253749669502624,0.304644936275055,0.0419781055346471,8.16238981519782
3.84940476190476,0.253729150067717,0.304624390331472,0.0419580347064561,8.16253803785004
3.84950396825397,0.25370863253419,0.304603844398265,0.0419379734810706,8.16268624692036
3.84960317460317,0.253688116901761,0.304583298476217,0.0419179218537823,8.16283444241078
3.84970238095238,0.253667603170147,0.304562752566112,0.0418978798198851,8.16298262432334
3.84980158730159,0.253647091339065,0.304542206668734,0.0418778473746747,8.16313079266005
3.84990079365079,0.253626581408233,0.304521660784864,0.0418578245134489,8.16327894742295
3.85,0.253606073377367,0.304501114915285,0.0418378112315073,8.16342708861406
3.85009920634921,0.253585567246186,0.304480569060778,0.0418178075241516,8.16357521623539
3.85019841269841,0.253565063014407,0.304460023222127,0.0417978133866856,8.16372333028897
3.85029761904762,0.253544560681749,0.304439477400111,0.0417778288144147,8.16387143077682
3.85039682539683,0.253524060247928,0.304418931595511,0.0417578538026466,8.16401951770095
3.85049603174603,0.253503561712663,0.304398385809107,0.0417378883466906,8.1641675910634
3.85059523809524,0.253483065075671,0.304377840041681,0.0417179324418584,8.16431565086618
3.85069444444444,0.253462570336672,0.30435729429401,0.0416979860834631,8.1644636971113
3.85079365079365,0.253442077495383,0.304336748566876,0.0416780492668204,8.16461172980079
3.85089285714286,0.253421586551522,0.304316202861055,0.0416581219872474,8.16475974893666
3.85099206349206,0.253401097504809,0.304295657177327,0.0416382042400636,8.16490775452093
3.85109126984127,0.253380610354961,0.30427511151647,0.0416182960205902,8.16505574655562
3.85119047619048,0.253360125101697,0.304254565879262,0.0415983973241504,8.16520372504273
3.85128968253968,0.253339641744735,0.304234020266479,0.0415785081460693,8.1653516899843
3.85138888888889,0.253319160283796,0.304213474678899,0.0415586284816742,8.16549964138233
3.85148809523809,0.253298680718597,0.304192929117299,0.041538758326294,8.16564757923883
3.8515873015873,0.253278203048857,0.304172383582454,0.0415188976752598,8.16579550355583
3.85168650793651,0.253257727274296,0.304151838075139,0.0414990465239048,8.16594341433533
3.85178571428571,0.253237253394633,0.304131292596132,0.0414792048675638,8.16609131157935
3.85188492063492,0.253216781409586,0.304110747146206,0.0414593727015739,8.16623919528989
3.85198412698413,0.253196311318876,0.304090201726136,0.0414395500212738,8.16638706546897
3.85208333333333,0.253175843122222,0.304069656336697,0.0414197368220044,8.1665349221186
3.85218253968254,0.253155376819344,0.304049110978661,0.0413999330991086,8.1666827652408
3.85228174603175,0.25313491240996,0.304028565652804,0.0413801388479311,8.16683059483756
3.85238095238095,0.253114449893791,0.304008020359896,0.0413603540638185,8.16697841091091
3.85248015873016,0.253093989270556,0.303987475100713,0.0413405787421198,8.16712621346284
3.85257936507937,0.253073530539976,0.303966929876025,0.0413208128781855,8.16727400249537
3.85267857142857,0.253053073701771,0.303946384686605,0.0413010564673681,8.16742177801051
3.85277777777778,0.25303261875566,0.303925839533224,0.0412813095050224,8.16756954001025
3.85287698412698,0.253012165701365,0.303905294416653,0.0412615719865047,8.16771728849662
3.85297619047619,0.252991714538604,0.303884749337663,0.0412418439071736,8.16786502347161
3.8530753968254,0.252971265267099,0.303864204297025,0.0412221252623895,8.16801274493723
3.8531746031746,0.25295081788657,0.303843659295508,0.0412024160475149,8.16816045289548
3.85327380952381,0.252930372396738,0.303823114333882,0.0411827162579141,8.16830814734837
3.85337301587302,0.252909928797323,0.303802569412917,0.0411630258889534,8.1684558282979
3.85347222222222,0.252889487088046,0.30378202453338,0.0411433449360012,8.16860349574608
3.85357142857143,0.252869047268628,0.303761479696041,0.0411236733944276,8.16875114969491
3.85367063492063,0.25284860933879,0.303740934901668,0.0411040112596049,8.16889879014638
3.85376984126984,0.252828173298253,0.303720390151028,0.0410843585269071,8.16904641710251
3.85386904761905,0.252807739146738,0.303699845444889,0.0410647151917105,8.16919403056529
3.85396825396825,0.252787306883966,0.303679300784017,0.0410450812493931,8.16934163053673
3.85406746031746,0.25276687650966,0.303658756169179,0.0410254566953351,8.16948921701881
3.85416666666667,0.252746448023539,0.303638211601142,0.0410058415249183,8.16963679001355
3.85426587301587,0.252726021425326,0.303617667080671,0.0409862357335267,8.16978434952294
3.85436507936508,0.252705596714743,0.303597122608531,0.0409666393165463,8.16993189554898
3.85446428571429,0.25268517389151,0.303576578185487,0.040947052269365,8.17007942809367
3.85456349206349,0.25266475295535,0.303556033812304,0.0409274745873723,8.170226947159
3.8546626984127,0.252644333905985,0.303535489489747,0.0409079062659605,8.17037445274697
3.8547619047619,0.252623916743137,0.303514945218579,0.0408883473005231,8.17052194485958
3.85486111111111,0.252603501466528,0.303494400999563,0.0408687976864558,8.17066942349882
3.85496031746032,0.252583088075879,0.303473856833463,0.0408492574191563,8.17081688866669
3.85505952380952,0.252562676570914,0.303453312721041,0.0408297264940243,8.17096434036518
3.85515873015873,0.252542266951355,0.30343276866306,0.0408102049064614,8.17111177859628
3.85525793650794,0.252521859216923,0.303412224660281,0.040790692651871,8.17125920336199
3.85535714285714,0.252501453367342,0.303391680713466,0.0407711897256586,8.17140661466431
3.85545634920635,0.252481049402335,0.303371136823377,0.0407516961232319,8.17155401250521
3.85555555555556,0.252460647321624,0.303350592990773,0.0407322118400003,8.1717013968867
3.85565476190476,0.252440247124932,0.303330049216417,0.040712736871375,8.17184876781077
3.85575396825397,0.252419848811981,0.303309505501066,0.0406932712127695,8.1719961252794
3.85585317460317,0.252399452382496,0.303288961845481,0.0406738148595991,8.17214346929459
3.85595238095238,0.252379057836198,0.303268418250422,0.040654367807281,8.17229079985833
3.85605158730159,0.252358665172812,0.303247874716646,0.0406349300512343,8.17243811697259
3.85615079365079,0.25233827439206,0.303227331244914,0.0406155015868805,8.17258542063939
3.85625,0.252317885493667,0.303206787835982,0.0405960824096427,8.17273271086069
3.85634920634921,0.252297498477355,0.303186244490608,0.0405766725149458,8.17287998763848
3.85644841269841,0.252277113342848,0.30316570120955,0.040557271898217,8.17302725097477
3.85654761904762,0.252256730089869,0.303145157993564,0.0405378805548854,8.17317450087152
3.85664682539683,0.252236348718143,0.303124614843408,0.0405184984803818,8.17332173733073
3.85674603174603,0.252215969227394,0.303104071759836,0.0404991256701392,8.17346896035438
3.85684523809524,0.252195591617345,0.303083528743606,0.0404797621195925,8.17361616994445
3.85694444444444,0.252175215887721,0.303062985795472,0.0404604078241786,8.17376336610293
3.85704365079365,0.252154842038245,0.30304244291619,0.0404410627793364,8.17391054883181
3.85714285714286,0.252134470068642,0.303021900106514,0.0404217269805066,8.17405771813306
3.85724206349206,0.252114099978636,0.303001357367198,0.040402400423132,8.17420487400866
3.85734126984127,0.252093731767952,0.302980814698996,0.0403830831026572,8.17435201646061
3.85744047619048,0.252073365436314,0.302960272102662,0.0403637750145289,8.17449914549087
3.85753968253968,0.252053000983447,0.302939729578948,0.0403444761541956,8.17464626110144
3.85763888888889,0.252032638409076,0.302919187128608,0.0403251865171082,8.17479336329428
3.8577380952381,0.252012277712925,0.302898644752393,0.040305906098719,8.17494045207138
3.8578373015873,0.251991918894719,0.302878102451056,0.0402866348944825,8.17508752743473
3.85793650793651,0.251971561954184,0.302857560225349,0.0402673728998552,8.17523458938629
3.85803571428571,0.251951206891044,0.302837018076021,0.0402481201102956,8.17538163792804
3.85813492063492,0.251930853705025,0.302816476003825,0.0402288765212639,8.17552867306196
3.85823412698413,0.251910502395851,0.30279593400951,0.0402096421282226,8.17567569479003
3.85833333333333,0.251890152963249,0.302775392093827,0.0401904169266358,8.17582270311423
3.85843253968254,0.251869805406944,0.302754850257525,0.04017120091197,8.17596969803653
3.85853174603175,0.251849459726661,0.302734308501353,0.0401519940796933,8.1761166795589
3.85863095238095,0.251829115922126,0.302713766826061,0.0401327964252758,8.17626364768332
3.85873015873016,0.251808773993064,0.302693225232396,0.0401136079441898,8.17641060241177
3.85882936507937,0.251788433939203,0.302672683721107,0.0400944286319092,8.17655754374621
3.85892857142857,0.251768095760267,0.302652142292942,0.0400752584839102,8.17670447168861
3.85902777777778,0.251747759455982,0.302631600948647,0.0400560974956706,8.17685138624097
3.85912698412698,0.251727425026075,0.30261105968897,0.0400369456626707,8.17699828740523
3.85922619047619,0.251707092470273,0.302590518514658,0.0400178029803922,8.17714517518338
3.8593253968254,0.2516867617883,0.302569977426455,0.0399986694443191,8.17729204957738
3.8594246031746,0.251666432979884,0.302549436425109,0.0399795450499371,8.17743891058921
3.85952380952381,0.251646106044752,0.302528895511365,0.0399604297927342,8.17758575822083
3.85962301587302,0.251625780982629,0.302508354685968,0.0399413236682,8.17773259247422
3.85972222222222,0.251605457793243,0.302487813949661,0.0399222266718263,8.17787941335134
3.85982142857143,0.25158513647632,0.30246727330319,0.0399031387991067,8.17802622085415
3.85992063492063,0.251564817031587,0.302446732747299,0.039884060045537,8.17817301498464
3.86001984126984,0.251544499458772,0.30242619228273,0.0398649904066147,8.17831979574475
3.86011904761905,0.251524183757601,0.302405651910228,0.0398459298778394,8.17846656313647
3.86021825396825,0.251503869927801,0.302385111630534,0.0398268784547127,8.17861331716175
3.86031746031746,0.2514835579691,0.302364571444391,0.0398078361327379,8.17876005782256
3.86041666666667,0.251463247881225,0.302344031352541,0.0397888029074206,8.17890678512086
3.86051587301587,0.251442939663904,0.302323491355725,0.039769778774268,8.17905349905863
3.86061507936508,0.251422633316863,0.302302951454685,0.0397507637287897,8.17920019963781
3.86071428571429,0.251402328839832,0.302282411650161,0.039731757766497,8.17934688686038
3.86081349206349,0.251382026232537,0.302261871942894,0.0397127608829031,8.1794935607283
3.8609126984127,0.251361725494706,0.302241332333624,0.0396937730735231,8.17964022124352
3.8610119047619,0.251341426626067,0.302220792823091,0.0396747943338745,8.17978686840802
3.86111111111111,0.251321129626349,0.302200253412033,0.0396558246594762,8.17993350222374
3.86121031746032,0.251300834495279,0.30217971410119,0.0396368640458495,8.18008012269266
3.86130952380952,0.251280541232585,0.302159174891299,0.0396179124885172,8.18022672981672
3.86140873015873,0.251260249837997,0.3021386357831,0.0395989699830047,8.1803733235979
3.86150793650794,0.251239960311241,0.30211809677733,0.0395800365248388,8.18051990403814
3.86160714285714,0.251219672652047,0.302097557874726,0.0395611121095485,8.1806664711394
3.86170634920635,0.251199386860144,0.302077019076025,0.0395421967326647,8.18081302490365
3.86180555555556,0.25117910293526,0.302056480381964,0.0395232903897202,8.18095956533284
3.86190476190476,0.251158820877123,0.302035941793278,0.03950439307625,8.18110609242892
3.86200396825397,0.251138540685463,0.302015403310704,0.0394855047877906,8.18125260619386
3.86210317460317,0.251118262360008,0.301994864934977,0.0394666255198811,8.18139910662959
3.86220238095238,0.251097985900488,0.301974326666832,0.0394477552680621,8.18154559373809
3.86230158730159,0.251077711306632,0.301953788507004,0.0394288940278762,8.18169206752131
3.86240079365079,0.251057438578169,0.301933250456227,0.039410041794868,8.18183852798119
3.8625,0.251037167714829,0.301912712515235,0.0393911985645842,8.1819849751197
3.86259920634921,0.25101689871634,0.301892174684761,0.0393723643325733,8.18213140893877
3.86269841269841,0.250996631582432,0.301871636965538,0.0393535390943858,8.18227782944037
3.86279761904762,0.250976366312835,0.301851099358299,0.039334722845574,8.18242423662645
3.86289682539683,0.250956102907279,0.301830561863777,0.0393159155816927,8.18257063049895
3.86299603174603,0.250935841365494,0.301810024482703,0.039297117298298,8.18271701105983
3.86309523809524,0.250915581687208,0.301789487215809,0.0392783279909484,8.18286337831104
3.86319444444444,0.250895323872153,0.301768950063826,0.0392595476552041,8.18300973225452
3.86329365079365,0.250875067920059,0.301748413027485,0.0392407762866274,8.18315607289223
3.86339285714286,0.250854813830655,0.301727876107517,0.0392220138807826,8.18330240022611
3.86349206349206,0.250834561603672,0.30170733930465,0.0392032604332356,8.1834487142581
3.86359126984127,0.25081431123884,0.301686802619616,0.0391845159395549,8.18359501499017
3.86369047619048,0.25079406273589,0.301666266053142,0.0391657803953105,8.18374130242424
3.86378968253968,0.250773816094552,0.301645729605959,0.0391470537960743,8.18388757656227
3.86388888888889,0.250753571314557,0.301625193278795,0.0391283361374206,8.1840338374062
3.8639880952381,0.250733328395635,0.301604657072377,0.0391096274149251,8.18418008495799
3.8640873015873,0.250713087337519,0.301584120987433,0.0390909276241659,8.18432631921956
3.86418650793651,0.250692848139937,0.301563585024691,0.0390722367607228,8.18447254019287
3.86428571428571,0.250672610802622,0.301543049184878,0.0390535548201777,8.18461874787985
3.86438492063492,0.250652375325305,0.30152251346872,0.0390348817981145,8.18476494228246
3.86448412698413,0.250632141707716,0.301501977876943,0.0390162176901189,8.18491112340263
3.86458333333333,0.250611909949588,0.301481442410274,0.0389975624917786,8.1850572912423
3.86468253968254,0.250591680050651,0.301460907069437,0.0389789161986834,8.18520344580341
3.86478174603175,0.250571452010637,0.301440371855158,0.0389602788064249,8.18534958708791
3.86488095238095,0.250551225829278,0.301419836768161,0.0389416503105967,8.18549571509773
3.86498015873016,0.250531001506305,0.30139930180917,0.0389230307067943,8.18564182983481
3.86507936507937,0.25051077904145,0.30137876697891,0.0389044199906154,8.1857879313011
3.86517857142857,0.250490558434445,0.301358232278104,0.0388858181576594,8.18593401949853
3.86527777777778,0.250470339685022,0.301337697707475,0.0388672252035278,8.18608009442903
3.86537698412698,0.250450122792913,0.301317163267745,0.038848641123824,8.18622615609454
3.86547619047619,0.25042990775785,0.301296628959638,0.0388300659141533,8.186372204497
3.8655753968254,0.250409694579566,0.301276094783874,0.0388114995701231,8.18651823963835
3.8656746031746,0.250389483257792,0.301255560741176,0.0387929420873427,8.18666426152052
3.86577380952381,0.250369273792261,0.301235026832265,0.0387743934614231,8.18681027014545
3.86587301587302,0.250349066182706,0.301214493057862,0.038755853687978,8.18695626551506
3.86597222222222,0.250328860428859,0.301193959418686,0.0387373227626222,8.18710224763129
3.86607142857143,0.250308656530454,0.301173425915458,0.0387188006809729,8.18724821649608
3.86617063492063,0.250288454487222,0.301152892548898,0.0387002874386493,8.18739417211136
3.86626984126984,0.250268254298897,0.301132359319725,0.0386817830312723,8.18754011447906
3.86636904761905,0.250248055965212,0.301111826228657,0.038663287454465,8.18768604360111
3.86646825396825,0.2502278594859,0.301091293276414,0.0386448007038522,8.18783195947944
3.86656746031746,0.250207664860694,0.301070760463713,0.038626322775061,8.18797786211599
3.86666666666667,0.250187472089327,0.301050227791272,0.0386078536637203,8.18812375151267
3.86676587301587,0.250167281171533,0.301029695259809,0.0385893933654609,8.18826962767143
3.86686507936508,0.250147092107045,0.30100916287004,0.0385709418759156,8.18841549059418
3.86696428571429,0.250126904895597,0.300988630622682,0.0385524991907191,8.18856134028286
3.86706349206349,0.250106719536922,0.300968098518451,0.0385340653055082,8.1887071767394
3.8671626984127,0.250086536030755,0.300947566558063,0.0385156402159215,8.18885299996572
3.86726190476191,0.250066354376828,0.300927034742233,0.0384972239175996,8.18899880996375
3.86736111111111,0.250046174574877,0.300906503071677,0.0384788164061853,8.1891446067354
3.86746031746032,0.250025996624635,0.300885971547108,0.038460417677323,8.18929039028262
3.86755952380952,0.250005820525836,0.300865440169242,0.0384420277266594,8.18943616060732
3.86765873015873,0.249985646278214,0.300844908938792,0.0384236465498427,8.18958191771143
3.86775793650794,0.249965473881504,0.300824377856472,0.0384052741425236,8.18972766159687
3.86785714285714,0.24994530333544,0.300803846922995,0.0383869105003543,8.18987339226557
3.86795634920635,0.249925134639756,0.300783316139073,0.0383685556189892,8.19001910971944
3.86805555555556,0.249904967794188,0.300762785505419,0.0383502094940846,8.19016481396041
3.86815476190476,0.24988480279847,0.300742255022744,0.038331872121299,8.1903105049904
3.86825396825397,0.249864639652336,0.300721724691761,0.0383135434962924,8.19045618281133
3.86835317460317,0.249844478355523,0.300701194513181,0.038295223614727,8.19060184742512
3.86845238095238,0.249824318907763,0.300680664487714,0.0382769124722671,8.19074749883369
3.86855158730159,0.249804161308794,0.300660134616071,0.0382586100645786,8.19089313703896
3.86865079365079,0.249784005558349,0.300639604898961,0.0382403163873298,8.19103876204285
3.86875,0.249763851656164,0.300619075337095,0.0382220314361904,8.19118437384727
3.86884920634921,0.249743699601975,0.300598545931182,0.0382037552068328,8.19132997245415
3.86894841269841,0.249723549395517,0.30057801668193,0.0381854876949308,8.1914755578654
3.86904761904762,0.249703401036525,0.300557487590049,0.0381672288961602,8.19162113008294
3.86914682539683,0.249683254524735,0.300536958656246,0.0381489788061989,8.19176668910868
3.86924603174603,0.249663109859883,0.300516429881228,0.0381307374207269,8.19191223494453
3.86934523809524,0.249642967041704,0.300495901265704,0.0381125047354257,8.19205776759242
3.86944444444444,0.249622826069935,0.300475372810381,0.0380942807459792,8.19220328705426
3.86954365079365,0.249602686944312,0.300454844515964,0.0380760654480732,8.19234879333196
3.86964285714286,0.24958254966457,0.30043431638316,0.0380578588373953,8.19249428642743
3.86974206349206,0.249562414230447,0.300413788412675,0.038039660909635,8.19263976634259
3.86984126984127,0.249542280641677,0.300393260605214,0.0380214716604841,8.19278523307934
3.86994047619048,0.249522148897998,0.300372732961482,0.038003291085636,8.1929306866396
3.87003968253968,0.249502018999146,0.300352205482185,0.0379851191807861,8.19307612702529
3.87013888888889,0.249481890944858,0.300331678168026,0.0379669559416322,8.1932215542383
3.8702380952381,0.24946176473487,0.300311151019708,0.0379488013638733,8.19336696828056
3.8703373015873,0.249441640368919,0.300290624037937,0.0379306554432111,8.19351236915396
3.87043650793651,0.249421517846741,0.300270097223414,0.0379125181753488,8.19365775686042
3.87053571428571,0.249401397168075,0.300249570576843,0.0378943895559918,8.19380313140185
3.87063492063492,0.249381278332657,0.300229044098925,0.0378762695808473,8.19394849278015
3.87073412698413,0.249361161340224,0.300208517790364,0.0378581582456245,8.19409384099724
3.87083333333333,0.249341046190513,0.300187991651859,0.0378400555460346,8.194239176055
3.87093253968254,0.249320932883262,0.300167465684113,0.0378219614777906,8.19438449795537
3.87103174603175,0.249300821418207,0.300146939887827,0.0378038760366079,8.19452980670023
3.87113095238095,0.249280711795088,0.3001264142637,0.0377857992182033,8.19467510229149
3.87123015873016,0.24926060401364,0.300105888812433,0.037767731018296,8.19482038473106
3.87132936507937,0.249240498073603,0.300085363534726,0.0377496714326068,8.19496565402084
3.87142857142857,0.249220393974713,0.300064838431277,0.0377316204568588,8.19511091016273
3.87152777777778,0.249200291716709,0.300044313502786,0.0377135780867768,8.19525615315864
3.87162698412698,0.249180191299328,0.300023788749952,0.0376955443180876,8.19540138301047
3.87172619047619,0.249160092722309,0.300003264173471,0.0376775191465199,8.19554659972012
3.8718253968254,0.24913999598539,0.299982739774043,0.0376595025678049,8.19569180328949
3.8719246031746,0.249119901088309,0.299962215552363,0.037641494577675,8.19583699372048
3.87202380952381,0.249099808030804,0.299941691509131,0.037623495171865,8.19598217101499
3.87212301587302,0.249079716812614,0.299921167645041,0.0376055043461115,8.19612733517492
3.87222222222222,0.249059627433478,0.29990064396079,0.0375875220961531,8.19627248620217
3.87232142857143,0.249039539893134,0.299880120457075,0.0375695484177305,8.19641762409863
3.87242063492064,0.249019454191321,0.299859597134589,0.0375515833065859,8.19656274886621
3.87251984126984,0.248999370327778,0.299839073994029,0.0375336267584642,8.19670786050681
3.87261904761905,0.248979288302243,0.299818551036089,0.0375156787691116,8.1968529590223
3.87271825396825,0.248959208114456,0.299798028261464,0.0374977393342767,8.19699804441461
3.87281746031746,0.248939129764156,0.299777505670846,0.0374798084497096,8.19714311668561
3.87291666666667,0.248919053251081,0.299756983264931,0.0374618861111628,8.1972881758372
3.87301587301587,0.248898978574972,0.29973646104441,0.0374439723143906,8.19743322187129
3.87311507936508,0.248878905735568,0.299715939009977,0.0374260670551491,8.19757825478975
3.87321428571429,0.248858834732608,0.299695417162324,0.0374081703291965,8.19772327459449
3.87331349206349,0.248838765565832,0.299674895502142,0.0373902821322933,8.1978682812874
3.8734126984127,0.248818698234979,0.299654374030125,0.0373724024602013,8.19801327487036
3.8735119047619,0.24879863273979,0.299633852746962,0.0373545313086846,8.19815825534528
3.87361111111111,0.248778569080003,0.299613331653345,0.0373366686735094,8.19830322271404
3.87371031746032,0.24875850725536,0.299592810749963,0.0373188145504435,8.19844817697853
3.87380952380952,0.2487384472656,0.299572290037508,0.0373009689352571,8.19859311814064
3.87390873015873,0.248718389110463,0.299551769516668,0.0372831318237218,8.19873804620227
3.87400793650794,0.248698332789689,0.299531249188133,0.0372653032116118,8.19888296116529
3.87410714285714,0.24867827830302,0.299510729052593,0.0372474830947028,8.19902786303161
3.87420634920635,0.248658225650195,0.299490209110734,0.0372296714687725,8.1991727518031
3.87430555555556,0.248638174830955,0.299469689363246,0.0372118683296009,8.19931762748165
3.87440476190476,0.24861812584504,0.299449169810817,0.0371940736729695,8.19946249006915
3.87450396825397,0.248598078692191,0.299428650454133,0.0371762874946621,8.19960733956748
3.87460317460317,0.24857803337215,0.299408131293881,0.0371585097904642,8.19975217597854
3.87470238095238,0.248557989884656,0.299387612330749,0.0371407405561635,8.1998969993042
3.87480158730159,0.248537948229451,0.299367093565422,0.0371229797875495,8.20004180954635
3.87490079365079,0.248517908406277,0.299346574998587,0.0371052274804138,8.20018660670688
3.875,0.248497870414873,0.299326056630927,0.0370874836305499,8.20033139078766
3.87509920634921,0.248477834254982,0.29930553846313,0.0370697482337531,8.20047616179058
3.87519841269841,0.248457799926345,0.299285020495879,0.0370520212858208,8.20062091971752
3.87529761904762,0.248437767428703,0.299264502729859,0.0370343027825525,8.20076566457037
3.87539682539683,0.248417736761798,0.299243985165753,0.0370165927197492,8.200910396351
3.87549603174603,0.248397707925371,0.299223467804245,0.0369988910932145,8.20105511506129
3.87559523809524,0.248377680919165,0.299202950646019,0.0369811978987535,8.20119982070313
3.87569444444444,0.248357655742921,0.299182433691756,0.0369635131321735,8.20134451327839
3.87579365079365,0.248337632396381,0.29916191694214,0.0369458367892835,8.20148919278896
3.87589285714286,0.248317610879287,0.299141400397852,0.0369281688658945,8.2016338592367
3.87599206349206,0.248297591191381,0.299120884059574,0.0369105093578199,8.2017785126235
3.87609126984127,0.248277573332406,0.299100367927987,0.0368928582608745,8.20192315295124
3.87619047619048,0.248257557302104,0.299079852003772,0.0368752155708751,8.20206778022179
3.87628968253968,0.248237543100216,0.299059336287609,0.0368575812836412,8.20221239443702
3.87638888888889,0.248217530726487,0.299038820780179,0.0368399553949932,8.20235699559882
3.8764880952381,0.248197520180658,0.299018305482161,0.0368223379007542,8.20250158370906
3.8765873015873,0.248177511462471,0.298997790394234,0.036804728796749,8.20264615876961
3.87668650793651,0.248157504571426,0.298977275517085,0.036787128079264,8.20279072078238
3.87678571428571,0.248137499505839,0.298956760851413,0.0367695357469481,8.20293526974942
3.87688492063492,0.248117496265222,0.298936246397837,0.0367519517964255,8.20307980567253
3.87698412698413,0.248097494849317,0.298915732156965,0.0367343762239037,8.20322432855352
3.87708333333333,0.248077495257869,0.298895218129407,0.0367168090255913,8.20336883839416
3.87718253968254,0.248057497490619,0.298874704315771,0.0366992501976982,8.20351333519625
3.87728174603175,0.248037501547311,0.298854190716665,0.0366816997364355,8.20365781896155
3.87738095238095,0.248017507427688,0.298833677332697,0.0366641576380154,8.20380228969186
3.87748015873016,0.247997515131493,0.298813164164475,0.0366466238986515,8.20394674738897
3.87757936507936,0.247977524658469,0.298792651212606,0.0366290985145584,8.20409119205464
3.87767857142857,0.247957536008359,0.298772138477698,0.036611581481952,8.20423562369068
3.87777777777778,0.247937549180907,0.298751625960357,0.0365940727970495,8.20438004229885
3.87787698412698,0.247917564175856,0.298731113661191,0.0365765724560693,8.20452444788094
3.87797619047619,0.247897580992949,0.298710601580806,0.0365590804552308,8.20466884043874
3.8780753968254,0.24787759963193,0.298690089719809,0.0365415967907549,8.20481321997402
3.8781746031746,0.247857620092542,0.298669578078805,0.0365241214588634,8.20495758648856
3.87827380952381,0.247837642374529,0.2986490666584,0.0365066544557796,8.20510193998415
3.87837301587302,0.247817666477635,0.298628555459201,0.0364891957777278,8.20524628046257
3.87847222222222,0.247797692401602,0.298608044481812,0.0364717454209336,8.20539060792559
3.87857142857143,0.247777720146176,0.298587533726839,0.0364543033816239,8.20553492237499
3.87867063492063,0.247757749711099,0.298567023194887,0.0364368696560267,8.20567922381256
3.87876984126984,0.247737781096115,0.298546512886561,0.0364194442403711,8.20582351224008
3.87886904761905,0.247717814300969,0.298526002802464,0.0364020271308876,8.20596778765931
3.87896825396825,0.247697849325404,0.298505492943202,0.0363846183238078,8.20611205007205
3.87906746031746,0.247677886169164,0.298484983309378,0.0363672178153647,8.20625629948006
3.87916666666667,0.247657924831994,0.298464473901596,0.036349825601792,8.20640053588512
3.87926587301587,0.247637965313636,0.29844396472046,0.0363324416793254,8.20654475928902
3.87936507936508,0.247618007613837,0.298423455766573,0.0363150660442012,8.20668896969353
3.87946428571429,0.247598051732339,0.298402947040538,0.0362976986926571,8.20683316710042
3.87956349206349,0.247578097668887,0.298382438542959,0.036280339620932,8.20697735151147
3.8796626984127,0.247558145423225,0.298361930274437,0.0362629888252659,8.20712152292846
3.8797619047619,0.247538194995099,0.298341422235575,0.0362456463019003,8.20726568135316
3.87986111111111,0.247518246384251,0.298320914426976,0.0362283120470775,8.20740982678734
3.87996031746032,0.247498299590427,0.298300406849241,0.0362109860570415,8.20755395923279
3.88005952380952,0.247478354613371,0.298279899502972,0.0361936683280371,8.20769807869127
3.88015873015873,0.247458411452827,0.298259392388771,0.0361763588563105,8.20784218516456
3.88025793650794,0.247438470108542,0.298238885507239,0.036159057638109,8.20798627865443
3.88035714285714,0.247418530580258,0.298218378858977,0.0361417646696812,8.20813035916266
3.88045634920635,0.247398592867721,0.298197872444585,0.036124479947277,8.20827442669102
3.88055555555556,0.247378656970676,0.298177366264665,0.0361072034671473,8.20841848124127
3.88065476190476,0.247358722888868,0.298156860319816,0.0360899352255441,8.2085625228152
3.88075396825397,0.24733879062204,0.29813635461064,0.0360726752187212,8.20870655141458
3.88085317460317,0.24731886016994,0.298115849137734,0.036055423442933,8.20885056704116
3.88095238095238,0.247298931532311,0.298095343901701,0.0360381798944354,8.20899456969674
3.88105158730159,0.247279004708898,0.298074838903138,0.0360209445694854,8.20913855938307
3.88115079365079,0.247259079699448,0.298054334142645,0.0360037174643413,8.20928253610193
3.88125,0.247239156503704,0.298033829620821,0.0359864985752626,8.20942649985508
3.88134920634921,0.247219235121412,0.298013325338264,0.0359692878985097,8.2095704506443
3.88144841269841,0.247199315552318,0.297992821295574,0.0359520854303448,8.20971438847136
3.88154761904762,0.247179397796167,0.297972317493348,0.035934891167031,8.20985831333802
3.88164682539683,0.247159481852704,0.297951813932184,0.0359177051048324,8.21000222524605
3.88174603174603,0.247139567721674,0.297931310612681,0.0359005272400146,8.21014612419722
3.88184523809524,0.247119655402824,0.297910807535436,0.0358833575688443,8.21029001019331
3.88194444444444,0.247099744895899,0.297890304701046,0.0358661960875894,8.21043388323607
3.88204365079365,0.247079836200645,0.297869802110108,0.0358490427925192,8.21057774332727
3.88214285714286,0.247059929316806,0.297849299763219,0.0358318976799037,8.21072159046868
3.88224206349206,0.24704002424413,0.297828797660976,0.0358147607460149,8.21086542466207
3.88234126984127,0.247020120982361,0.297808295803976,0.0357976319871253,8.21100924590919
3.88244047619048,0.247000219531246,0.297787794192814,0.035780511399509,8.21115305421183
3.88253968253968,0.246980319890531,0.297767292828086,0.0357633989794411,8.21129684957174
3.88263888888889,0.246960422059961,0.297746791710388,0.035746294723198,8.21144063199068
3.88273809523809,0.246940526039282,0.297726290840316,0.0357291986270574,8.21158440147043
3.8828373015873,0.246920631828241,0.297705790218465,0.0357121106872979,8.21172815801274
3.88293650793651,0.246900739426584,0.29768528984543,0.0356950309001998,8.21187190161939
3.88303571428571,0.246880848834057,0.297664789721805,0.0356779592620442,8.21201563229212
3.88313492063492,0.246860960050406,0.297644289848186,0.0356608957691135,8.21215935003271
3.88323412698413,0.246841073075377,0.297623790225166,0.0356438404176915,8.21230305484292
3.88333333333333,0.246821187908718,0.29760329085334,0.035626793204063,8.21244674672452
3.88343253968254,0.246801304550173,0.297582791733302,0.035609754124514,8.21259042567925
3.88353174603175,0.24678142299949,0.297562292865645,0.0355927231753318,8.21273409170889
3.88363095238095,0.246761543256415,0.297541794250963,0.0355757003528049,8.2128777448152
3.88373015873016,0.246741665320696,0.297521295889848,0.0355586856532231,8.21302138499993
3.88382936507937,0.246721789192077,0.297500797782894,0.0355416790728773,8.21316501226485
3.88392857142857,0.246701914870307,0.297480299930694,0.0355246806080595,8.21330862661172
3.88402777777778,0.246682042355131,0.29745980233384,0.0355076902550632,8.21345222804229
3.88412698412698,0.246662171646297,0.297439304992924,0.0354907080101828,8.21359581655834
3.88422619047619,0.246642302743552,0.297418807908539,0.0354737338697141,8.2137393921616
3.8843253968254,0.246622435646641,0.297398311081275,0.0354567678299539,8.21388295485386
3.8844246031746,0.246602570355314,0.297377814511725,0.0354398098872007,8.21402650463685
3.88452380952381,0.246582706869315,0.29735731820048,0.0354228600377538,8.21417004151235
3.88462301587302,0.246562845188393,0.297336822148131,0.0354059182779136,8.21431356548211
3.88472222222222,0.246542985312295,0.29731632635527,0.035388984603982,8.21445707654788
3.88482142857143,0.246523127240767,0.297295830822486,0.035372059012262,8.21460057471143
3.88492063492063,0.246503270973557,0.297275335550369,0.0353551414990579,8.2147440599745
3.88501984126984,0.246483416510412,0.297254840539511,0.0353382320606751,8.21488753233887
3.88511904761905,0.24646356385108,0.297234345790501,0.03532133069342,8.21503099180627
3.88521825396825,0.246443712995308,0.297213851303929,0.0353044373936008,8.21517443837848
3.88531746031746,0.246423863942843,0.297193357080385,0.0352875521575264,8.21531787205723
3.88541666666667,0.246404016693433,0.297172863120457,0.0352706749815071,8.21546129284429
3.88551587301587,0.246384171246826,0.297152369424734,0.0352538058618544,8.21560470074142
3.88561507936508,0.246364327602768,0.297131875993806,0.0352369447948809,8.21574809575036
3.88571428571429,0.246344485761009,0.297111382828261,0.0352200917769005,8.21589147787287
3.88581349206349,0.246324645721294,0.297090889928687,0.0352032468042283,8.21603484711071
3.8859126984127,0.246304807483374,0.297070397295673,0.0351864098731807,8.21617820346562
3.8860119047619,0.246284971046994,0.297049904929806,0.0351695809800752,8.21632154693935
3.88611111111111,0.246265136411903,0.297029412831674,0.0351527601212306,8.21646487753368
3.88621031746032,0.246245303577849,0.297008921001864,0.0351359472929667,8.21660819525033
3.88630952380952,0.246225472544581,0.296988429440963,0.0351191424916048,8.21675150009107
3.88640873015873,0.246205643311845,0.296967938149559,0.0351023457134671,8.21689479205764
3.88650793650794,0.24618581587939,0.296947447128238,0.0350855569548773,8.21703807115181
3.88660714285714,0.246165990246964,0.296926956377587,0.03506877621216,8.21718133737531
3.88670634920635,0.246146166414316,0.296906465898191,0.0350520034816415,8.21732459072989
3.88680555555556,0.246126344381194,0.296885975690638,0.0350352387596488,8.21746783121732
3.88690476190476,0.246106524147346,0.296865485755512,0.0350184820425104,8.21761105883933
3.88700396825397,0.24608670571252,0.296844996093399,0.0350017333265559,8.21775427359768
3.88710317460317,0.246066889076466,0.296824506704885,0.034984992608116,8.21789747549411
3.88720238095238,0.24604707423893,0.296804017590554,0.0349682598835229,8.21804066453038
3.88730158730159,0.246027261199663,0.296783528750992,0.0349515351491097,8.21818384070822
3.88740079365079,0.246007449958412,0.296763040186783,0.0349348184012111,8.2183270040294
3.8875,0.245987640514926,0.296742551898511,0.0349181096361626,8.21847015449565
3.88759920634921,0.245967832868955,0.296722063886761,0.0349014088503011,8.21861329210873
3.88769841269841,0.245948027020246,0.296701576152117,0.0348847160399648,8.21875641687037
3.88779761904762,0.245928222968548,0.296681088695162,0.0348680312014928,8.21889952878233
3.88789682539683,0.245908420713611,0.29666060151648,0.0348513543312257,8.21904262784636
3.88799603174603,0.245888620255184,0.296640114616654,0.0348346854255053,8.21918571406419
3.88809523809524,0.245868821593014,0.296619627996267,0.0348180244806743,8.21932878743757
3.88819444444444,0.245849024726852,0.296599141655902,0.0348013714930771,8.21947184796825
3.88829365079365,0.245829229656447,0.296578655596141,0.034784726459059,8.21961489565797
3.88839285714286,0.245809436381547,0.296558169817567,0.0347680893749664,8.21975793050848
3.88849206349206,0.245789644901902,0.296537684320761,0.0347514602371472,8.21990095252151
3.88859126984127,0.245769855217261,0.296517199106307,0.0347348390419504,8.22004396169882
3.88869047619048,0.245750067327373,0.296496714174784,0.0347182257857261,8.22018695804215
3.88878968253968,0.245730281231989,0.296476229526775,0.0347016204648256,8.22032994155323
3.88888888888889,0.245710496930856,0.296455745162861,0.0346850230756018,8.22047291223382
3.8889880952381,0.245690714423725,0.296435261083623,0.0346684336144083,8.22061587008565
3.8890873015873,0.245670933710346,0.296414777289641,0.0346518520776002,8.22075881511046
3.88918650793651,0.245651154790467,0.296394293781497,0.0346352784615337,8.22090174731
3.88928571428571,0.245631377663839,0.296373810559769,0.0346187127625662,8.221044666686
3.88938492063492,0.24561160233021,0.296353327625038,0.0346021549770564,8.22118757324021
3.88948412698413,0.245591828789332,0.296332844977885,0.0345856051013642,8.22133046697437
3.88958333333333,0.245572057040954,0.296312362618887,0.0345690631318506,8.22147334789022
3.88968253968254,0.245552287084825,0.296291880548626,0.0345525290648779,8.22161621598949
3.88978174603175,0.245532518920696,0.29627139876768,0.0345360028968097,8.22175907127392
3.88988095238095,0.245512752548316,0.296250917276627,0.0345194846240106,8.22190191374526
3.88998015873016,0.245492987967436,0.296230436076046,0.0345029742428466,8.22204474340525
3.89007936507937,0.245473225177805,0.296209955166517,0.0344864717496847,8.22218756025561
3.89017857142857,0.245453464179174,0.296189474548616,0.0344699771408932,8.22233036429809
3.89027777777778,0.245433704971293,0.296168994222922,0.0344534904128417,8.22247315553443
3.89037698412698,0.245413947553913,0.296148514190012,0.0344370115619011,8.22261593396636
3.89047619047619,0.245394191926783,0.296128034450465,0.0344205405844432,8.22275869959562
3.8905753968254,0.245374438089654,0.296107555004857,0.0344040774768412,8.22290145242394
3.8906746031746,0.245354686042276,0.296087075853764,0.0343876222354694,8.22304419245306
3.89077380952381,0.2453349357844,0.296066596997765,0.0343711748567036,8.22318691968472
3.89087301587302,0.245315187315776,0.296046118437436,0.0343547353369204,8.22332963412065
3.89097222222222,0.245295440636155,0.296025640173352,0.0343383036724979,8.22347233576259
3.89107142857143,0.245275695745287,0.29600516220609,0.0343218798598152,8.22361502461227
3.89117063492063,0.245255952642924,0.295984684536226,0.0343054638952529,8.22375770067142
3.89126984126984,0.245236211328816,0.295964207164335,0.0342890557751926,8.22390036394179
3.89136904761905,0.245216471802714,0.295943730090993,0.0342726554960171,8.22404301442509
3.89146825396825,0.245196734064368,0.295923253316775,0.0342562630541104,8.22418565212307
3.89156746031746,0.245176998113529,0.295902776842255,0.0342398784458579,8.22432827703745
3.89166666666667,0.24515726394995,0.295882300668009,0.0342235016676459,8.22447088916998
3.89176587301587,0.245137531573379,0.295861824794611,0.0342071327158622,8.22461348852238
3.89186507936508,0.24511780098357,0.295841349222636,0.0341907715868957,8.22475607509638
3.89196428571429,0.245098072180272,0.295820873952656,0.0341744182771366,8.22489864889371
3.89206349206349,0.245078345163236,0.295800398985247,0.034158072782976,8.22504120991611
3.8921626984127,0.245058619932215,0.29577992432098,0.0341417351008066,8.2251837581653
3.8922619047619,0.24503889648696,0.295759449960431,0.034125405227022,8.22532629364303
3.89236111111111,0.245019174827221,0.295738975904172,0.0341090831580173,8.225468816351
3.89246031746032,0.244999454952751,0.295718502152775,0.0340927688901885,8.22561132629096
3.89255952380952,0.2449797368633,0.295698028706813,0.0340764624199329,8.22575382346464
3.89265873015873,0.24496002055862,0.295677555566859,0.0340601637436493,8.22589630787376
3.89275793650794,0.244940306038463,0.295657082733485,0.0340438728577373,8.22603877952005
3.89285714285714,0.24492059330258,0.295636610207263,0.0340275897585981,8.22618123840524
3.89295634920635,0.244900882350724,0.295616137988764,0.0340113144426337,8.22632368453105
3.89305555555556,0.244881173182645,0.29559566607856,0.0339950469062476,8.22646611789922
3.89315476190476,0.244861465798096,0.295575194477223,0.0339787871458444,8.22660853851147
3.89325396825397,0.244841760196828,0.295554723185322,0.0339625351578298,8.22675094636953
3.89335317460317,0.244822056378593,0.295534252203429,0.0339462909386111,8.22689334147512
3.89345238095238,0.244802354343144,0.295513781532114,0.0339300544845964,8.22703572382996
3.89355158730159,0.244782654090232,0.295493311171948,0.0339138257921951,8.2271780934358
3.89365079365079,0.244762955619609,0.295472841123501,0.033897604857818,8.22732045029434
3.89375,0.244743258931028,0.295452371387343,0.033881391677877,8.22746279440732
3.89384920634921,0.24472356402424,0.295431901964042,0.033865186248785,8.22760512577646
3.89394841269841,0.244703870898998,0.295411432854169,0.0338489885669565,8.22774744440348
3.89404761904762,0.244684179555054,0.295390964058293,0.0338327986288068,8.22788975029011
3.89414682539683,0.244664489992161,0.295370495576983,0.0338166164307528,8.22803204343806
3.89424603174603,0.244644802210071,0.295350027410806,0.0338004419692123,8.22817432384907
3.89434523809524,0.244625116208536,0.295329559560333,0.0337842752406046,8.22831659152486
3.89444444444444,0.244605431987309,0.29530909202613,0.0337681162413499,8.22845884646715
3.89454365079365,0.244585749546142,0.295288624808766,0.0337519649678698,8.22860108867765
3.89464285714286,0.244566068884788,0.29526815790881,0.0337358214165871,8.22874331815809
3.89474206349206,0.244546390003,0.295247691326827,0.0337196855839255,8.2288855349102
3.89484126984127,0.24452671290053,0.295227225063385,0.0337035574663107,8.22902773893569
3.89494047619048,0.244507037577131,0.295206759119053,0.0336874370601687,8.22916993023629
3.89503968253968,0.244487364032557,0.295186293494395,0.0336713243619273,8.2293121088137
3.89513888888889,0.244467692266559,0.29516582818998,0.0336552193680151,8.22945427466967
3.8952380952381,0.244448022278891,0.295145363206373,0.0336391220748624,8.22959642780589
3.8953373015873,0.244428354069306,0.29512489854414,0.0336230324789002,8.2297385682241
3.89543650793651,0.244408687637556,0.295104434203848,0.0336069505765611,8.229880695926
3.89553571428571,0.244389022983396,0.295083970186062,0.0335908763642785,8.23002281091333
3.89563492063492,0.244369360106578,0.295063506491347,0.0335748098384876,8.2301649131878
3.89573412698413,0.244349699006855,0.29504304312027,0.0335587509956243,8.23030700275111
3.89583333333333,0.244330039683981,0.295022580073393,0.0335426998321259,8.230449079605
3.89593253968254,0.244310382137708,0.295002117351284,0.0335266563444309,8.23059114375118
3.89603174603175,0.244290726367791,0.294981654954505,0.033510620528979,8.23073319519136
3.89613095238095,0.244271072373983,0.294961192883622,0.033494592382211,8.23087523392727
3.89623015873016,0.244251420156037,0.294940731139197,0.0334785719005691,8.23101725996061
3.89632936507937,0.244231769713707,0.294920269721796,0.0334625590804968,8.2311592732931
3.89642857142857,0.244212121046746,0.294899808631982,0.0334465539184384,8.23130127392646
3.89652777777778,0.244192474154908,0.294879347870318,0.0334305564108397,8.23144326186241
3.89662698412698,0.244172829037948,0.294858887437367,0.0334145665541478,8.23158523710265
3.89672619047619,0.244153185695617,0.294838427333692,0.0333985843448107,8.2317271996489
3.8968253968254,0.244133544127671,0.294817967559856,0.0333826097792778,8.23186914950287
3.8969246031746,0.244113904333863,0.294797508116421,0.0333666428539998,8.23201108666629
3.89702380952381,0.244094266313948,0.294777049003949,0.0333506835654282,8.23215301114085
3.89712301587302,0.244074630067678,0.294756590223003,0.0333347319100165,8.23229492292828
3.89722222222222,0.244054995594809,0.294736131774144,0.0333187878842185,8.23243682203028
3.89732142857143,0.244035362895094,0.294715673657934,0.0333028514844898,8.23257870844857
3.89742063492063,0.244015731968287,0.294695215874933,0.0332869227072871,8.23272058218486
3.89751984126984,0.243996102814143,0.294674758425704,0.033271001549068,8.23286244324085
3.89761904761905,0.243976475432416,0.294654301310807,0.0332550880062918,8.23300429161827
3.89771825396825,0.24395684982286,0.294633844530801,0.0332391820754185,8.23314612731882
3.89781746031746,0.24393722598523,0.294613388086249,0.0332232837529099,8.23328795034421
3.89791666666667,0.24391760391928,0.294592931977709,0.0332073930352285,8.23342976069616
3.89801587301587,0.243897983624764,0.294572476205743,0.0331915099188382,8.23357155837636
3.89811507936508,0.243878365101438,0.294552020770908,0.0331756344002042,8.23371334338653
3.89821428571429,0.243858748349054,0.294531565673766,0.0331597664757927,8.23385511572838
3.89831349206349,0.24383913336737,0.294511110914875,0.0331439061420712,8.23399687540361
3.8984126984127,0.243819520156138,0.294490656494793,0.0331280533955085,8.23413862241394
3.89851190476191,0.243799908715113,0.294470202414081,0.0331122082325745,8.23428035676108
3.89861111111111,0.243780299044052,0.294449748673295,0.0330963706497404,8.23442207844672
3.89871031746032,0.243760691142708,0.294429295272996,0.0330805406434786,8.23456378747257
3.89880952380952,0.243741085010836,0.294408842213739,0.0330647182102626,8.23470548384035
3.89890873015873,0.243721480648191,0.294388389496085,0.0330489033465672,8.23484716755176
3.89900793650794,0.243701878054528,0.294367937120589,0.0330330960488683,8.2349888386085
3.89910714285714,0.243682277229603,0.29434748508781,0.0330172963136433,8.23513049701228
3.89920634920635,0.243662678173171,0.294327033398304,0.0330015041373703,8.2352721427648
3.89930555555556,0.243643080884986,0.294306582052628,0.0329857195165292,8.23541377586778
3.89940476190476,0.243623485364804,0.29428613105134,0.0329699424476008,8.2355553963229
3.89950396825397,0.243603891612381,0.294265680394994,0.032954172927067,8.23569700413189
3.89960317460317,0.243584299627471,0.294245230084149,0.0329384109514112,8.23583859929644
3.89970238095238,0.24356470940983,0.294224780119359,0.0329226565171177,8.23598018181825
3.89980158730159,0.243545120959214,0.294204330501181,0.0329069096206723,8.23612175169903
3.89990079365079,0.243525534275378,0.294183881230169,0.0328911702585618,8.23626330894048
3.9,0.243505949358077,0.294163432306879,0.0328754384272743,8.2364048535443
3.90009920634921,0.243486366207067,0.294142983731867,0.0328597141232991,8.2365463855122
3.90019841269841,0.243466784822105,0.294122535505686,0.0328439973431267,8.23668790484587
3.90029761904762,0.243447205202945,0.294102087628893,0.0328282880832489,8.23682941154701
3.90039682539683,0.243427627349344,0.294081640102039,0.0328125863401585,8.23697090561734
3.90049603174603,0.243408051261057,0.294061192925681,0.0327968921103497,8.23711238705854
3.90059523809524,0.24338847693784,0.294040746100372,0.0327812053903178,8.23725385587232
3.90069444444444,0.243368904379449,0.294020299626665,0.0327655261765593,8.23739531206038
3.90079365079365,0.243349333585641,0.293999853505115,0.0327498544655722,8.23753675562442
3.90089285714286,0.243329764556171,0.293979407736273,0.0327341902538552,8.23767818656613
3.90099206349206,0.243310197290795,0.293958962320694,0.0327185335379087,8.23781960488722
3.90109126984127,0.24329063178927,0.293938517258929,0.032702884314234,8.23796101058937
3.90119047619048,0.243271068051352,0.293918072551532,0.0326872425793336,8.2381024036743
3.90128968253968,0.243251506076796,0.293897628199054,0.0326716083297115,8.2382437841437
3.90138888888889,0.243231945865361,0.293877184202048,0.0326559815618726,8.23838515199926
3.9014880952381,0.243212387416801,0.293856740561065,0.032640362272323,8.23852650724269
3.9015873015873,0.243192830730873,0.293836297276657,0.0326247504575705,8.23866784987568
3.90168650793651,0.243173275807335,0.293815854349376,0.0326091461141235,8.23880917989991
3.90178571428571,0.243153722645941,0.293795411779772,0.0325935492384919,8.2389504973171
3.90188492063492,0.24313417124645,0.293774969568397,0.0325779598271868,8.23909180212894
3.90198412698413,0.243114621608618,0.2937545277158,0.0325623778767204,8.23923309433711
3.90208333333333,0.243095073732201,0.293734086222533,0.0325468033836063,8.23937437394333
3.90218253968254,0.243075527616956,0.293713645089145,0.032531236344359,8.23951564094927
3.90228174603175,0.24305598326264,0.293693204316187,0.0325156767554947,8.23965689535664
3.90238095238095,0.24303644066901,0.293672763904208,0.0325001246135304,8.23979813716712
3.90248015873016,0.243016899835823,0.293652323853758,0.0324845799149844,8.23993936638242
3.90257936507937,0.242997360762836,0.293631884165386,0.0324690426563762,8.24008058300421
3.90267857142857,0.242977823449806,0.293611444839641,0.0324535128342266,8.24022178703421
3.90277777777778,0.24295828789649,0.293591005877072,0.0324379904450575,8.24036297847409
3.90287698412698,0.242938754102645,0.293570567278227,0.0324224754853921,8.24050415732556
3.90297619047619,0.242919222068029,0.293550129043655,0.0324069679517547,8.24064532359029
3.9030753968254,0.242899691792398,0.293529691173903,0.0323914678406711,8.24078647726999
3.9031746031746,0.242880163275511,0.293509253669521,0.0323759751486679,8.24092761836634
3.90327380952381,0.242860636517124,0.293488816531055,0.0323604898722732,8.24106874688104
3.90337301587302,0.242841111516995,0.293468379759052,0.0323450120080162,8.24120986281577
3.90347222222222,0.242821588274882,0.293447943354061,0.0323295415524273,8.24135096617222
3.90357142857143,0.242802066790541,0.293427507316627,0.0323140785020381,8.24149205695209
3.90367063492064,0.242782547063731,0.293407071647298,0.0322986228533814,8.24163313515706
3.90376984126984,0.242763029094209,0.29338663634662,0.0322831746029914,8.24177420078882
3.90386904761905,0.242743512881734,0.29336620141514,0.0322677337474033,8.24191525384905
3.90396825396825,0.242723998426062,0.293345766853402,0.0322523002831536,8.24205629433946
3.90406746031746,0.242704485726951,0.293325332661954,0.0322368742067799,8.24219732226172
3.90416666666667,0.24268497478416,0.293304898841341,0.0322214555148212,8.24233833761752
3.90426587301587,0.242665465597447,0.293284465392108,0.0322060442038175,8.24247934040854
3.90436507936508,0.242645958166569,0.2932640323148,0.0321906402703102,8.24262033063649
3.90446428571429,0.242626452491284,0.293243599609961,0.0321752437108417,8.24276130830303
3.90456349206349,0.242606948571351,0.293223167278138,0.0321598545219558,8.24290227340986
3.9046626984127,0.242587446406527,0.293202735319874,0.0321444727001975,8.24304322595866
3.9047619047619,0.242567945996572,0.293182303735713,0.0321290982421129,8.24318416595112
3.90486111111111,0.242548447341243,0.293161872526199,0.0321137311442493,8.24332509338892
3.90496031746032,0.242528950440298,0.293141441691876,0.0320983714031554,8.24346600827374
3.90505952380952,0.242509455293496,0.293121011233287,0.0320830190153808,8.24360691060728
3.90515873015873,0.242489961900595,0.293100581150976,0.0320676739774766,8.24374780039121
3.90525793650794,0.242470470261354,0.293080151445485,0.032052336285995,8.24388867762721
3.90535714285714,0.242450980375532,0.293059722117358,0.0320370059374894,8.24402954231697
3.90545634920635,0.242431492242887,0.293039293167137,0.0320216829285144,8.24417039446218
3.90555555555556,0.242412005863177,0.293018864595365,0.0320063672556259,8.24431123406451
3.90565476190476,0.242392521236161,0.292998436402583,0.0319910589153808,8.24445206112565
3.90575396825397,0.242373038361599,0.292978008589333,0.0319757579043374,8.24459287564727
3.90585317460317,0.242353557239248,0.292957581156156,0.0319604642190552,8.24473367763106
3.90595238095238,0.242334077868868,0.292937154103596,0.0319451778560948,8.2448744670787
3.90605158730159,0.242314600250218,0.292916727432191,0.0319298988120181,8.24501524399187
3.90615079365079,0.242295124383057,0.292896301142484,0.0319146270833883,8.24515600837225
3.90625,0.242275650267143,0.292875875235016,0.0318993626667695,8.24529676022152
3.90634920634921,0.242256177902237,0.292855449710325,0.0318841055587273,8.24543749954135
3.90644841269841,0.242236707288096,0.292835024568954,0.0318688557558285,8.24557822633344
3.90654761904762,0.24221723842448,0.292814599811441,0.0318536132546408,8.24571894059945
3.90664682539683,0.242197771311148,0.292794175438327,0.0318383780517335,8.24585964234106
3.90674603174603,0.242178305947861,0.292773751450152,0.0318231501436769,8.24600033155996
3.90684523809524,0.242158842334376,0.292753327847453,0.0318079295270426,8.24614100825781
3.90694444444444,0.242139380470454,0.292732904630772,0.0317927161984033,8.2462816724363
3.90704365079365,0.242119920355854,0.292712481800646,0.031777510154333,8.24642232409711
3.90714285714286,0.242100461990336,0.292692059357613,0.0317623113914068,8.2465629632419
3.90724206349206,0.242081005373658,0.292671637302214,0.0317471199062012,8.24670358987236
3.90734126984127,0.242061550505582,0.292651215634985,0.0317319356952938,8.24684420399016
3.90744047619048,0.242042097385865,0.292630794356464,0.0317167587552633,8.24698480559698
3.90753968253968,0.242022646014269,0.29261037346719,0.0317015890826898,8.24712539469449
3.90763888888889,0.242003196390554,0.292589952967699,0.0316864266741546,8.24726597128437
3.9077380952381,0.241983748514477,0.29256953285853,0.03167127152624,8.24740653536828
3.9078373015873,0.241964302385801,0.292549113140218,0.0316561236355297,8.24754708694792
3.90793650793651,0.241944858004284,0.292528693813302,0.0316409829986086,8.24768762602494
3.90803571428571,0.241925415369688,0.292508274878316,0.0316258496120627,8.24782815260102
3.90813492063492,0.241905974481771,0.292487856335798,0.0316107234724792,8.24796866667784
3.90823412698413,0.241886535340294,0.292467438186284,0.0315956045764469,8.24810916825706
3.90833333333333,0.241867097945017,0.29244702043031,0.0315804929205552,8.24824965734036
3.90843253968254,0.2418476622957,0.29242660306841,0.0315653885013951,8.24839013392941
3.90853174603175,0.241828228392105,0.292406186101121,0.0315502913155587,8.24853059802589
3.90863095238095,0.24180879623399,0.292385769528978,0.0315352013596394,8.24867104963146
3.90873015873016,0.241789365821117,0.292365353352516,0.0315201186302317,8.24881148874779
3.90882936507936,0.241769937153246,0.292344937572269,0.0315050431239312,8.24895191537655
3.90892857142857,0.241750510230137,0.292324522188771,0.031489974837335,8.24909232951942
3.90902777777778,0.241731085051552,0.292304107202558,0.0314749137670412,8.24923273117807
3.90912698412698,0.24171166161725,0.292283692614163,0.0314598599096493,8.24937312035415
3.90922619047619,0.241692239926992,0.292263278424119,0.0314448132617598,8.24951349704935
3.9093253968254,0.24167281998054,0.292242864632961,0.0314297738199745,8.24965386126533
3.9094246031746,0.241653401777653,0.292222451241222,0.0314147415808964,8.24979421300376
3.90952380952381,0.241633985318094,0.292202038249434,0.0313997165411296,8.2499345522663
3.90962301587302,0.241614570601621,0.292181625658131,0.0313846986972797,8.25007487905463
3.90972222222222,0.241595157627998,0.292161213467845,0.0313696880459532,8.25021519337041
3.90982142857143,0.241575746396984,0.292140801679109,0.0313546845837581,8.25035549521531
3.90992063492063,0.241556336908341,0.292120390292454,0.0313396883073033,8.25049578459099
3.91001984126984,0.241536929161829,0.292099979308414,0.0313246992131991,8.25063606149912
3.91011904761905,0.241517523157211,0.292079568727518,0.031309717298057,8.25077632594137
3.91021825396825,0.241498118894247,0.2920591585503,0.0312947425584897,8.2509165779194
3.91031746031746,0.241478716372698,0.292038748777289,0.031279774991111,8.25105681743488
3.91041666666667,0.241459315592326,0.292018339409017,0.031264814592536,8.25119704448946
3.91051587301587,0.241439916552893,0.291997930446016,0.0312498613593811,8.25133725908482
3.91061507936508,0.241420519254159,0.291977521888814,0.0312349152882639,8.25147746122262
3.91071428571429,0.241401123695886,0.291957113737943,0.0312199763758029,8.25161765090453
3.91081349206349,0.241381729877837,0.291936705993933,0.0312050446186181,8.2517578281322
3.9109126984127,0.241362337799771,0.291916298657314,0.0311901200133308,8.25189799290729
3.9110119047619,0.241342947461452,0.291895891728615,0.0311752025565632,8.25203814523148
3.91111111111111,0.24132355886264,0.291875485208365,0.0311602922449388,8.25217828510642
3.91121031746032,0.241304172003098,0.291855079097094,0.0311453890750826,8.25231841253378
3.91130952380952,0.241284786882588,0.29183467339533,0.0311304930436205,8.25245852751521
3.91140873015873,0.241265403500871,0.291814268103603,0.0311156041471797,8.25259863005238
3.91150793650794,0.241246021857709,0.291793863222441,0.0311007223823885,8.25273872014695
3.91160714285714,0.241226641952864,0.291773458752372,0.0310858477458767,8.25287879780058
3.91170634920635,0.241207263786099,0.291753054693923,0.031070980234275,8.25301886301492
3.91180555555556,0.241187887357175,0.291732651047624,0.0310561198442154,8.25315891579164
3.91190476190476,0.241168512665854,0.291712247814,0.0310412665723311,8.2532989561324
3.91200396825397,0.2411491397119,0.29169184499358,0.0310264204152568,8.25343898403886
3.91210317460317,0.241129768495074,0.291671442586891,0.0310115813696279,8.25357899951267
3.91220238095238,0.241110399015138,0.29165104059446,0.0309967494320815,8.25371900255549
3.91230158730159,0.241091031271855,0.291630639016812,0.0309819245992555,8.25385899316898
3.91240079365079,0.241071665264987,0.291610237854475,0.0309671068677893,8.25399897135481
3.9125,0.241052300994297,0.291589837107974,0.0309522962343234,8.25413893711461
3.91259920634921,0.241032938459547,0.291569436777836,0.0309374926954994,8.25427889045006
3.91269841269841,0.2410135776605,0.291549036864586,0.0309226962479603,8.25441883136281
3.91279761904762,0.240994218596919,0.29152863736875,0.0309079068883503,8.25455875985451
3.91289682539683,0.240974861268566,0.291508238290852,0.0308931246133146,8.25469867592681
3.91299603174603,0.240955505675204,0.291487839631419,0.0308783494194999,8.25483857958139
3.91309523809524,0.240936151816596,0.291467441390974,0.0308635813035538,8.25497847081988
3.91319444444444,0.240916799692504,0.291447043570042,0.0308488202621254,8.25511834964395
3.91329365079365,0.240897449302693,0.291426646169147,0.0308340662918648,8.25525821605525
3.91339285714286,0.240878100646924,0.291406249188814,0.0308193193894233,8.25539807005543
3.91349206349206,0.240858753724961,0.291385852629567,0.0308045795514538,8.25553791164615
3.91359126984127,0.240839408536567,0.291365456491928,0.0307898467746098,8.25567774082906
3.91369047619048,0.240820065081504,0.291345060776421,0.0307751210555465,8.25581755760581
3.91378968253968,0.240800723359537,0.29132466548357,0.0307604023909201,8.25595736197805
3.91388888888889,0.240781383370429,0.291304270613897,0.030745690777388,8.25609715394744
3.91398809523809,0.240762045113942,0.291283876167926,0.0307309862116088,8.25623693351563
3.9140873015873,0.24074270858984,0.291263482146177,0.0307162886902423,8.25637670068427
3.91418650793651,0.240723373797887,0.291243088549174,0.0307015982099498,8.25651645545501
3.91428571428571,0.240704040737846,0.291222695377439,0.0306869147673935,8.2566561978295
3.91438492063492,0.240684709409481,0.291202302631494,0.0306722383592368,8.25679592780939
3.91448412698413,0.240665379812555,0.291181910311859,0.0306575689821444,8.25693564539633
3.91458333333333,0.240646051946832,0.291161518419056,0.0306429066327822,8.25707535059198
3.91468253968254,0.240626725812075,0.291141126953607,0.0306282513078174,8.25721504339797
3.91478174603175,0.240607401408049,0.291120735916032,0.0306136030039183,8.25735472381597
3.91488095238095,0.240588078734516,0.291100345306851,0.0305989617177543,8.25749439184761
3.91498015873016,0.240568757791242,0.291079955126585,0.0305843274459963,8.25763404749455
3.91507936507937,0.24054943857799,0.291059565375755,0.0305697001853162,8.25777369075843
3.91517857142857,0.240530121094524,0.291039176054879,0.0305550799323872,8.25791332164091
3.91527777777778,0.240510805340608,0.291018787164479,0.0305404666838836,8.25805294014362
3.91537698412698,0.240491491316005,0.290998398705072,0.030525860436481,8.25819254626822
3.91547619047619,0.240472179020481,0.290978010677179,0.0305112611868563,8.25833214001635
3.9155753968254,0.240452868453799,0.290957623081318,0.0304966689316872,8.25847172138965
3.9156746031746,0.240433559615724,0.290937235918009,0.0304820836676533,8.25861129038978
3.91577380952381,0.24041425250602,0.290916849187769,0.0304675053914348,8.25875084701838
3.91587301587302,0.240394947124451,0.290896462891117,0.0304529340997134,8.25889039127709
3.91597222222222,0.240375643470782,0.29087607702857,0.0304383697891719,8.25902992316755
3.91607142857143,0.240356341544778,0.290855691600648,0.0304238124564943,8.25916944269142
3.91617063492063,0.240337041346201,0.290835306607867,0.030409262098366,8.25930894985034
3.91626984126984,0.240317742874819,0.290814922050744,0.0303947187114734,8.25944844464594
3.91636904761905,0.240298446130394,0.290794537929798,0.030380182292504,8.25958792707988
3.91646825396825,0.240279151112691,0.290774154245544,0.0303656528381469,8.25972739715379
3.91656746031746,0.240259857821477,0.2907537709985,0.0303511303450923,8.25986685486932
3.91666666666667,0.240240566256514,0.290733388189181,0.0303366148100312,8.26000630022811
3.91676587301587,0.240221276417568,0.290713005818105,0.0303221062296564,8.2601457332318
3.91686507936508,0.240201988304405,0.290692623885786,0.0303076046006614,8.26028515388204
3.91696428571429,0.240182701916788,0.290672242392742,0.0302931099197413,8.26042456218045
3.91706349206349,0.240163417254483,0.290651861339486,0.0302786221835921,8.2605639581287
3.9171626984127,0.240144134317256,0.290631480726535,0.0302641413889113,8.2607033417284
3.9172619047619,0.24012485310487,0.290611100554404,0.0302496675323974,8.26084271298121
3.91736111111111,0.240105573617092,0.290590720823607,0.0302352006107502,8.26098207188877
3.91746031746032,0.240086295853687,0.290570341534659,0.0302207406206706,8.2611214184527
3.91755952380952,0.240067019814419,0.290549962688074,0.0302062875588609,8.26126075267466
3.91765873015873,0.240047745499055,0.290529584284367,0.0301918414220245,8.26140007455628
3.91775793650794,0.240028472907359,0.290509206324051,0.0301774022068659,8.2615393840992
3.91785714285714,0.240009202039097,0.29048882880764,0.0301629699100909,8.26167868130506
3.91795634920635,0.239989932894035,0.290468451735648,0.0301485445284068,8.26181796617549
3.91805555555556,0.239970665471938,0.290448075108587,0.0301341260585216,8.26195723871212
3.91815476190476,0.239951399772572,0.290427698926971,0.0301197144971448,8.26209649891661
3.91825396825397,0.239932135795703,0.290407323191312,0.0301053098409872,8.26223574679058
3.91835317460317,0.239912873541096,0.290386947902123,0.0300909120867604,8.26237498233567
3.91845238095238,0.239893613008516,0.290366573059916,0.0300765212311778,8.26251420555352
3.91855158730159,0.239874354197731,0.290346198665204,0.0300621372709533,8.26265341644576
3.91865079365079,0.239855097108505,0.290325824718497,0.0300477602028028,8.26279261501402
3.91875,0.239835841740606,0.290305451220308,0.0300333900234428,8.26293180125994
3.91884920634921,0.239816588093798,0.290285078171147,0.0300190267295912,8.26307097518516
3.91894841269841,0.239797336167847,0.290264705571527,0.0300046703179672,8.2632101367913
3.91904761904762,0.239778085962521,0.290244333421958,0.0299903207852912,8.26334928608001
3.91914682539683,0.239758837477585,0.29022396172295,0.0299759781282846,8.26348842305291
3.91924603174603,0.239739590712805,0.290203590475014,0.0299616423436703,8.26362754771164
3.91934523809524,0.239720345667948,0.29018321967866,0.0299473134281721,8.26376666005783
3.91944444444444,0.23970110234278,0.290162849334398,0.0299329913785153,8.26390576009311
3.91954365079365,0.239681860737067,0.290142479442738,0.0299186761914263,8.26404484781911
3.91964285714286,0.239662620850576,0.29012211000419,0.0299043678636326,8.26418392323747
3.91974206349206,0.239643382683073,0.290101741019262,0.0298900663918631,8.26432298634982
3.91984126984127,0.239624146234325,0.290081372488464,0.0298757717728478,8.26446203715778
3.91994047619048,0.239604911504099,0.290061004412304,0.0298614840033179,8.26460107566299
3.92003968253968,0.239585678492161,0.290040636791291,0.0298472030800057,8.26474010186707
3.92013888888889,0.239566447198277,0.290020269625934,0.0298329289996452,8.26487911577166
3.9202380952381,0.239547217622216,0.28999990291674,0.0298186617589709,8.26501811737839
3.9203373015873,0.239527989763743,0.289979536664218,0.0298044013547191,8.26515710668888
3.92043650793651,0.239508763622625,0.289959170868874,0.0297901477836269,8.26529608370476
3.92053571428571,0.239489539198629,0.289938805531217,0.0297759010424329,8.26543504842767
3.92063492063492,0.239470316491523,0.289918440651754,0.0297616611278768,8.26557400085922
3.92073412698413,0.239451095501074,0.289898076230991,0.0297474280366994,8.26571294100104
3.92083333333333,0.239431876227047,0.289877712269435,0.0297332017656428,8.26585186885477
3.92093253968254,0.239412658669212,0.289857348767593,0.0297189823114504,8.26599078442204
3.92103174603175,0.239393442827334,0.289836985725971,0.0297047696708668,8.26612968770445
3.92113095238095,0.239374228701182,0.289816623145076,0.0296905638406377,8.26626857870365
3.92123015873016,0.239355016290522,0.289796261025412,0.02967636481751,8.26640745742125
3.92132936507937,0.239335805595122,0.289775899367486,0.0296621725982318,8.26654632385889
3.92142857142857,0.239316596614749,0.289755538171802,0.0296479871795526,8.26668517801818
3.92152777777778,0.239297389349171,0.289735177438866,0.0296338085582228,8.26682401990076
3.92162698412698,0.239278183798155,0.289714817169183,0.0296196367309944,8.26696284950824
3.92172619047619,0.239258979961469,0.289694457363258,0.0296054716946204,8.26710166684225
3.9218253968254,0.239239777838881,0.289674098021594,0.0295913134458549,8.26724047190442
3.9219246031746,0.239220577430158,0.289653739144697,0.0295771619814533,8.26737926469636
3.92202380952381,0.239201378735069,0.289633380733069,0.0295630172981722,8.2675180452197
3.92212301587302,0.23918218175338,0.289613022787215,0.0295488793927696,8.26765681347606
3.92222222222222,0.23916298648486,0.289592665307638,0.0295347482620045,8.26779556946707
3.92232142857143,0.239143792929277,0.289572308294841,0.0295206239026369,8.26793431319434
3.92242063492063,0.239124601086398,0.289551951749328,0.0295065063114287,8.26807304465949
3.92251984126984,0.239105410955992,0.289531595671602,0.0294923954851422,8.26821176386416
3.92261904761905,0.239086222537827,0.289511240062163,0.0294782914205416,8.26835047080995
3.92271825396825,0.239067035831671,0.289490884921517,0.0294641941143917,8.26848916549849
3.92281746031746,0.239047850837292,0.289470530250163,0.029450103563459,8.2686278479314
3.92291666666667,0.239028667554459,0.289450176048605,0.029436019764511,8.2687665181103
3.92301587301587,0.23900948598294,0.289429822317343,0.0294219427143163,8.2689051760368
3.92311507936508,0.238990306122502,0.289409469056879,0.0294078724096449,8.26904382171253
3.92321428571429,0.238971127972915,0.289389116267715,0.029393808847268,8.2691824551391
3.92331349206349,0.238951951533948,0.28936876395035,0.029379752023958,8.26932107631814
3.9234126984127,0.238932776805368,0.289348412105287,0.0293657019364883,8.26945968525125
3.9235119047619,0.238913603786944,0.289328060733026,0.0293516585816338,8.26959828194006
3.92361111111111,0.238894432478445,0.289307709834066,0.0293376219561704,8.26973686638618
3.92371031746032,0.238875262879639,0.289287359408908,0.0293235920568753,8.26987543859124
3.92380952380952,0.238856094990296,0.289267009458051,0.0293095688805268,8.27001399855684
3.92390873015873,0.238836928810184,0.289246659981995,0.0292955524239048,8.27015254628461
3.92400793650794,0.238817764339072,0.28922631098124,0.02928154268379,8.27029108177615
3.92410714285714,0.238798601576729,0.289205962456285,0.0292675396569643,8.27042960503309
3.92420634920635,0.238779440522923,0.289185614407627,0.029253543340211,8.27056811605704
3.92430555555556,0.238760281177425,0.289165266835767,0.0292395537303147,8.2707066148496
3.92440476190476,0.238741123540003,0.289144919741202,0.0292255708240609,8.27084510141241
3.92450396825397,0.238721967610425,0.289124573124431,0.0292115946182364,8.27098357574707
3.92460317460317,0.238702813388462,0.289104226985951,0.0291976251096295,8.27112203785519
3.92470238095238,0.238683660873883,0.28908388132626,0.0291836622950293,8.27126048773839
3.92480158730159,0.238664510066456,0.289063536145856,0.0291697061712264,8.27139892539828
3.92490079365079,0.238645360965952,0.289043191445236,0.0291557567350126,8.27153735083647
3.925,0.23862621357214,0.289022847224898,0.0291418139831806,8.27167576405457
3.92509920634921,0.238607067884788,0.289002503485336,0.0291278779125246,8.27181416505421
3.92519841269841,0.238587923903667,0.288982160227049,0.02911394851984,8.27195255383698
3.92529761904762,0.238568781628547,0.288961817450533,0.0291000258019233,8.27209093040449
3.92539682539683,0.238549641059196,0.288941475156283,0.0290861097555722,8.27222929475837
3.92549603174603,0.238530502195385,0.288921133344796,0.0290722003775859,8.27236764690022
3.92559523809524,0.238511365036883,0.288900792016567,0.0290582976647643,8.27250598683164
3.92569444444444,0.23849222958346,0.288880451172092,0.0290444016139089,8.27264431455425
3.92579365079365,0.238473095834887,0.288860110811866,0.0290305122218223,8.27278263006966
3.92589285714286,0.238453963790932,0.288839770936383,0.0290166294853083,8.27292093337948
3.92599206349206,0.238434833451365,0.288819431546138,0.0290027534011719,8.27305922448531
3.92609126984127,0.238415704815958,0.288799092641627,0.0289888839662193,8.27319750338876
3.92619047619048,0.23839657788448,0.288778754223342,0.028975021177258,8.27333577009144
3.92628968253968,0.238377452656701,0.288758416291779,0.0289611650310966,8.27347402459497
3.92638888888889,0.238358329132391,0.288738078847431,0.028947315524545,8.27361226690093
3.9264880952381,0.23833920731132,0.288717741890791,0.0289334726544142,8.27375049701095
3.9265873015873,0.23832008719326,0.288697405422352,0.0289196364175165,8.27388871492662
3.92668650793651,0.238300968777979,0.288677069442609,0.0289058068106654,8.27402692064956
3.92678571428571,0.238281852065249,0.288656733952053,0.0288919838306754,8.27416511418137
3.92688492063492,0.23826273705484,0.288636398951178,0.0288781674743627,8.27430329552365
3.92698412698413,0.238243623746522,0.288616064440475,0.0288643577385443,8.27444146467801
3.92708333333333,0.238224512140067,0.288595730420437,0.0288505546200385,8.27457962164605
3.92718253968254,0.238205402235244,0.288575396891556,0.0288367581156648,8.27471776642938
3.92728174603175,0.238186294031824,0.288555063854324,0.028822968222244,8.27485589902961
3.92738095238095,0.238167187529579,0.288534731309231,0.028809184936598,8.27499401944833
3.92748015873016,0.238148082728278,0.28851439925677,0.0287954082555499,8.27513212768714
3.92757936507937,0.238128979627693,0.288494067697431,0.0287816381759242,8.27527022374766
3.92767857142857,0.238109878227595,0.288473736631705,0.0287678746945465,8.27540830763147
3.92777777777778,0.238090778527755,0.288453406060082,0.0287541178082434,8.2755463793402
3.92787698412698,0.238071680527943,0.288433075983053,0.0287403675138431,8.27568443887543
3.92797619047619,0.238052584227931,0.288412746401108,0.0287266238081747,8.27582248623876
3.9280753968254,0.238033489627489,0.288392417314737,0.0287128866880686,8.27596052143181
3.9281746031746,0.238014396726389,0.288372088724429,0.0286991561503565,8.27609854445616
3.92827380952381,0.237995305524403,0.288351760630674,0.028685432191871,8.27623655531343
3.92837301587302,0.237976216021301,0.288331433033961,0.0286717148094465,8.2763745540052
3.92847222222222,0.237957128216855,0.288311105934779,0.0286580039999181,8.27651254053308
3.92857142857143,0.237938042110836,0.288290779333616,0.0286442997601223,8.27665051489867
3.92867063492063,0.237918957703015,0.288270453230962,0.0286306020868967,8.27678847710356
3.92876984126984,0.237899874993165,0.288250127627303,0.0286169109770802,8.27692642714936
3.92886904761905,0.237880793981056,0.288229802523129,0.0286032264275129,8.27706436503766
3.92896825396825,0.237861714666461,0.288209477918926,0.0285895484350361,8.27720229077006
3.92906746031746,0.237842637049151,0.288189153815184,0.0285758769964924,8.27734020434816
3.92916666666667,0.237823561128897,0.288168830212388,0.0285622121087254,8.27747810577356
3.92926587301587,0.237804486905472,0.288148507111026,0.0285485537685801,8.27761599504784
3.92936507936508,0.237785414378647,0.288128184511585,0.0285349019729027,8.27775387217262
3.92946428571429,0.237766343548194,0.288107862414551,0.0285212567185404,8.27789173714947
3.92956349206349,0.237747274413886,0.288087540820411,0.0285076180023419,8.27802958998001
3.9296626984127,0.237728206975493,0.28806721972965,0.0284939858211568,8.27816743066582
3.92976190476191,0.237709141232789,0.288046899142756,0.0284803601718362,8.2783052592085
3.92986111111111,0.237690077185545,0.288026579060213,0.0284667410512323,8.27844307560964
3.92996031746032,0.237671014833533,0.288006259482507,0.0284531284561986,8.27858087987084
3.93005952380952,0.237651954176526,0.287985940410123,0.0284395223835895,8.27871867199369
3.93015873015873,0.237632895214296,0.287965621843547,0.0284259228302609,8.27885645197978
3.93025793650794,0.237613837946616,0.287945303783262,0.0284123297930699,8.27899421983071
3.93035714285714,0.237594782373256,0.287924986229754,0.0283987432688747,8.27913197554807
3.93045634920635,0.237575728493991,0.287904669183506,0.0283851632545346,8.27926971913346
3.93055555555556,0.237556676308593,0.287884352645004,0.0283715897469104,8.27940745058845
3.93065476190476,0.237537625816833,0.28786403661473,0.0283580227428641,8.27954516991466
3.93075396825397,0.237518577018485,0.287843721093168,0.0283444622392585,8.27968287711366
3.93085317460317,0.237499529913322,0.287823406080802,0.0283309082329581,8.27982057218705
3.93095238095238,0.237480484501116,0.287803091578115,0.0283173607208283,8.27995825513642
3.93105158730159,0.237461440781639,0.28778277758559,0.0283038196997358,8.28009592596335
3.93115079365079,0.237442398754665,0.287762464103709,0.0282902851665485,8.28023358466945
3.93125,0.237423358419967,0.287742151132954,0.0282767571181355,8.28037123125629
3.93134920634921,0.237404319777317,0.287721838673809,0.0282632355513673,8.28050886572547
3.93144841269841,0.237385282826489,0.287701526726755,0.0282497204631154,8.28064648807858
3.93154761904762,0.237366247567255,0.287681215292274,0.0282362118502524,8.2807840983172
3.93164682539683,0.237347213999388,0.287660904370847,0.0282227097096524,8.28092169644292
3.93174603174603,0.237328182122662,0.287640593962956,0.0282092140381905,8.28105928245733
3.93184523809524,0.237309151936851,0.287620284069081,0.0281957248327432,8.28119685636202
3.93194444444444,0.237290123441726,0.287599974689704,0.0281822420901878,8.28133441815857
3.93204365079365,0.237271096637062,0.287579665825305,0.0281687658074035,8.28147196784857
3.93214285714286,0.237252071522632,0.287559357476365,0.0281552959812701,8.28160950543361
3.93224206349206,0.237233048098209,0.287539049643363,0.0281418326086688,8.28174703091527
3.93234126984127,0.237214026363567,0.28751874232678,0.0281283756864822,8.28188454429514
3.93244047619048,0.237195006318479,0.287498435527095,0.0281149252115937,8.28202204557481
3.93253968253968,0.237175987962719,0.287478129244788,0.0281014811808883,8.28215953475585
3.93263888888889,0.23715697129606,0.287457823480338,0.028088043591252,8.28229701183985
3.9327380952381,0.237137956318277,0.287437518234223,0.0280746124395721,8.2824344768284
3.9328373015873,0.237118943029142,0.287417213506923,0.0280611877227371,8.28257192972308
3.93293650793651,0.237099931428431,0.287396909298916,0.0280477694376367,8.28270937052547
3.93303571428571,0.237080921515916,0.287376605610681,0.0280343575811617,8.28284679923716
3.93313492063492,0.237061913291372,0.287356302442695,0.0280209521502044,8.28298421585973
3.93323412698413,0.237042906754572,0.287335999795437,0.0280075531416579,8.28312162039476
3.93333333333333,0.237023901905291,0.287315697669383,0.0279941605524169,8.28325901284384
3.93343253968254,0.237004898743302,0.287295396065012,0.0279807743793769,8.28339639320854
3.93353174603175,0.236985897268381,0.2872750949828,0.0279673946194351,8.28353376149044
3.93363095238095,0.2369668974803,0.287254794423225,0.0279540212694896,8.28367111769113
3.93373015873016,0.236947899378835,0.287234494386762,0.0279406543264398,8.28380846181219
3.93382936507937,0.236928902963759,0.287214194873889,0.0279272937871861,8.2839457938552
3.93392857142857,0.236909908234847,0.287193895885082,0.0279139396486304,8.28408311382173
3.93402777777778,0.236890915191873,0.287173597420816,0.0279005919076758,8.28422042171337
3.93412698412698,0.236871923834612,0.287153299481567,0.0278872505612263,8.2843577175317
3.93422619047619,0.236852934162838,0.287133002067812,0.0278739156061874,8.28449500127829
3.9343253968254,0.236833946176326,0.287112705180024,0.0278605870394657,8.28463227295472
3.9344246031746,0.236814959874851,0.28709240881868,0.0278472648579692,8.28476953256257
3.93452380952381,0.236795975258187,0.287072112984254,0.0278339490586067,8.28490678010343
3.93462301587302,0.236776992326109,0.28705181767722,0.0278206396382887,8.28504401557885
3.93472222222222,0.236758011078391,0.287031522898054,0.0278073365939264,8.28518123899043
3.93482142857143,0.236739031514809,0.287011228647229,0.0277940399224327,8.28531845033974
3.93492063492064,0.236720053635138,0.286990934925218,0.0277807496207212,8.28545564962836
3.93501984126984,0.236701077439152,0.286970641732496,0.0277674656857074,8.28559283685786
3.93511904761905,0.236682102926626,0.286950349069537,0.0277541881143073,8.28573001202981
3.93521825396825,0.236663130097336,0.286930056936813,0.0277409169034385,8.28586717514579
3.93531746031746,0.236644158951057,0.286909765334797,0.0277276520500197,8.28600432620738
3.93541666666667,0.236625189487563,0.286889474263962,0.0277143935509708,8.28614146521615
3.93551587301587,0.236606221706631,0.28686918372478,0.0277011414032131,8.28627859217368
3.93561507936508,0.236587255608035,0.286848893717725,0.0276878956036687,8.28641570708153
3.93571428571429,0.23656829119155,0.286828604243267,0.0276746561492613,8.28655280994129
3.93581349206349,0.236549328456953,0.286808315301879,0.0276614230369157,8.28668990075452
3.9359126984127,0.236530367404018,0.286788026894033,0.0276481962635579,8.2868269795228
3.9360119047619,0.236511408032522,0.286767739020199,0.027634975826115,8.2869640462477
3.93611111111111,0.236492450342239,0.286747451680848,0.0276217617215154,8.28710110093079
3.93621031746032,0.236473494332945,0.286727164876453,0.0276085539466888,8.28723814357365
3.93630952380952,0.236454540004416,0.286706878607483,0.0275953524985659,8.28737517417783
3.93640873015873,0.236435587356428,0.286686592874408,0.0275821573740787,8.28751219274493
3.93650793650794,0.236416636388757,0.286666307677699,0.0275689685701606,8.2876491992765
3.93660714285714,0.236397687101177,0.286646023017827,0.027555786083746,8.28778619377411
3.93670634920635,0.236378739493466,0.286625738895259,0.0275426099117705,8.28792317623934
3.93680555555556,0.236359793565399,0.286605455310468,0.027529440051171,8.28806014667376
3.93690476190476,0.236340849316752,0.28658517226392,0.0275162764988856,8.28819710507892
3.93700396825397,0.236321906747301,0.286564889756086,0.0275031192518534,8.28833405145641
3.93710317460317,0.236302965856823,0.286544607787434,0.0274899683070152,8.2884709858078
3.93720238095238,0.236284026645093,0.286524326358433,0.0274768236613124,8.28860790813464
3.93730158730159,0.236265089111888,0.286504045469552,0.0274636853116881,8.2887448184385
3.93740079365079,0.236246153256984,0.286483765121257,0.0274505532550864,8.28888171672097
3.9375,0.236227219080157,0.286463485314018,0.0274374274884527,8.28901860298359
3.93759920634921,0.236208286581183,0.286443206048302,0.0274243080087334,8.28915547722793
3.93769841269841,0.23618935575984,0.286422927324576,0.0274111948128763,8.28929233945558
3.93779761904762,0.236170426615904,0.286402649143308,0.0273980878978304,8.28942918966808
3.93789682539683,0.236151499149151,0.286382371504964,0.0273849872605457,8.289566027867
3.93799603174603,0.236132573359357,0.286362094410011,0.0273718928979739,8.28970285405392
3.93809523809524,0.2361136492463,0.286341817858916,0.0273588048070674,8.28983966823039
3.93819444444444,0.236094726809757,0.286321541852144,0.02734572298478,8.28997647039797
3.93829365079365,0.236075806049503,0.286301266390163,0.0273326474280667,8.29011326055824
3.93839285714286,0.236056886965316,0.286280991473438,0.0273195781338838,8.29025003871276
3.93849206349206,0.236037969556973,0.286260717102434,0.0273065150991887,8.29038680486308
3.93859126984127,0.23601905382425,0.286240443277616,0.02729345832094,8.29052355901078
3.93869047619048,0.236000139766925,0.286220169999451,0.0272804077960974,8.29066030115742
3.93878968253968,0.235981227384775,0.286199897268402,0.0272673635216223,8.29079703130455
3.93888888888889,0.235962316677576,0.286179625084935,0.0272543254944768,8.29093374945374
3.9389880952381,0.235943407645106,0.286159353449513,0.0272412937116243,8.29107045560655
3.9390873015873,0.235924500287143,0.286139082362601,0.0272282681700297,8.29120714976454
3.93918650793651,0.235905594603462,0.286118811824664,0.0272152488666586,8.29134383192928
3.93928571428571,0.235886690593843,0.286098541836163,0.0272022357984784,8.29148050210232
3.93938492063492,0.235867788258061,0.286078272397564,0.0271892289624571,8.29161716028522
3.93948412698413,0.235848887595896,0.28605800350933,0.0271762283555645,8.29175380647955
3.93958333333333,0.235829988607123,0.286037735171923,0.0271632339747713,8.29189044068685
3.93968253968254,0.235811091291521,0.286017467385806,0.0271502458170494,8.2920270629087
3.93978174603175,0.235792195648866,0.285997200151442,0.0271372638793719,8.29216367314665
3.93988095238095,0.235773301678938,0.285976933469293,0.0271242881587132,8.29230027140226
3.93998015873016,0.235754409381513,0.285956667339821,0.027111318652049,8.29243685767708
3.94007936507936,0.23573551875637,0.285936401763489,0.0270983553563558,8.29257343197268
3.94017857142857,0.235716629803285,0.285916136740757,0.0270853982686118,8.29270999429061
3.94027777777778,0.235697742522038,0.285895872272087,0.0270724473857962,8.29284654463242
3.94037698412698,0.235678856912405,0.285875608357941,0.0270595027048894,8.29298308299968
3.94047619047619,0.235659972974166,0.285855344998779,0.027046564222873,8.29311960939394
3.9405753968254,0.235641090707097,0.285835082195062,0.0270336319367298,8.29325612381676
3.9406746031746,0.235622210110977,0.285814819947251,0.0270207058434439,8.29339262626969
3.94077380952381,0.235603331185584,0.285794558255806,0.0270077859400006,8.29352911675428
3.94087301587302,0.235584453930697,0.285774297121186,0.0269948722233861,8.2936655952721
3.94097222222222,0.235565578346093,0.285754036543852,0.0269819646905884,8.29380206182469
3.94107142857143,0.235546704431551,0.285733776524263,0.0269690633385962,8.29393851641361
3.94117063492063,0.23552783218685,0.285713517062879,0.0269561681643997,8.29407495904042
3.94126984126984,0.235508961611767,0.285693258160158,0.0269432791649901,8.29421138970666
3.94136904761905,0.235490092706081,0.28567299981656,0.02693039633736,8.29434780841389
3.94146825396825,0.235471225469571,0.285652742032543,0.026917519678503,8.29448421516367
3.94156746031746,0.235452359902016,0.285632484808565,0.0269046491854141,8.29462060995754
3.94166666666667,0.235433496003193,0.285612228145085,0.0268917848550893,8.29475699279705
3.94176587301587,0.235414633772882,0.285591972042561,0.0268789266845262,8.29489336368377
3.94186507936508,0.235395773210861,0.28557171650145,0.0268660746707232,8.29502972261923
3.94196428571429,0.23537691431691,0.285551461522211,0.0268532288106802,8.29516606960499
3.94206349206349,0.235358057090806,0.285531207105299,0.026840389101398,8.2953024046426
3.9421626984127,0.235339201532329,0.285510953251172,0.0268275555398788,8.29543872773361
3.9422619047619,0.235320347641259,0.285490699960287,0.0268147281231262,8.29557503887957
3.94236111111111,0.235301495417373,0.285470447233101,0.0268019068481445,8.29571133808203
3.94246031746032,0.235282644860451,0.28545019507007,0.0267890917119398,8.29584762534254
3.94255952380952,0.235263795970273,0.285429943471649,0.026776282711519,8.29598390066265
3.94265873015873,0.235244948746617,0.285409692438295,0.0267634798438904,8.2961201640439
3.94275793650794,0.235226103189262,0.285389441970464,0.0267506831060633,8.29625641548784
3.94285714285714,0.235207259297988,0.285369192068611,0.0267378924950485,8.29639265499602
3.94295634920635,0.235188417072575,0.28534894273319,0.0267251080078578,8.29652888256999
3.94305555555556,0.235169576512801,0.285328693964658,0.0267123296415043,8.2966650982113
3.94315476190476,0.235150737618446,0.285308445763468,0.0266995573930021,8.29680130192149
3.94325396825397,0.23513190038929,0.285288198130075,0.026686791259367,8.2969374937021
3.94335317460317,0.235113064825113,0.285267951064933,0.0266740312376156,8.29707367355469
3.94345238095238,0.235094230925693,0.285247704568497,0.0266612773247657,8.29720984148079
3.94355158730159,0.23507539869081,0.285227458641221,0.0266485295178365,8.29734599748196
3.94365079365079,0.235056568120245,0.285207213283556,0.0266357878138484,8.29748214155974
3.94375,0.235037739213777,0.285186968495958,0.0266230522098228,8.29761827371567
3.94384920634921,0.235018911971186,0.285166724278879,0.0266103227027825,8.29775439395129
3.94394841269841,0.235000086392251,0.285146480632772,0.0265975992897515,8.29789050226816
3.94404761904762,0.234981262476754,0.28512623755809,0.026584881967755,8.2980265986678
3.94414682539683,0.234962440224473,0.285105995055285,0.0265721707338192,8.29816268315178
3.94424603174603,0.234943619635189,0.285085753124809,0.026559465584972,8.29829875572162
3.94434523809524,0.234924800708682,0.285065511767114,0.0265467665182419,8.29843481637887
3.94444444444444,0.234905983444732,0.285045270982652,0.026534073530659,8.29857086512508
3.94454365079365,0.234887167843119,0.285025030771874,0.0265213866192546,8.29870690196178
3.94464285714286,0.234868353903624,0.285004791135231,0.026508705781061,8.29884292689052
3.94474206349206,0.234849541626028,0.284984552073176,0.026496031013112,8.29897893991282
3.94484126984127,0.234830731010109,0.284964313586157,0.0264833623124424,8.29911494103025
3.94494047619048,0.23481192205565,0.284944075674627,0.0264706996760881,8.29925093024434
3.94503968253968,0.234793114762429,0.284923838339035,0.0264580431010865,8.29938690755661
3.94513888888889,0.234774309130229,0.284903601579831,0.0264453925844761,8.29952287296863
3.94523809523809,0.234755505158829,0.284883365397465,0.0264327481232966,8.29965882648192
3.9453373015873,0.234736702848011,0.284863129792387,0.0264201097145886,8.29979476809802
3.94543650793651,0.234717902197554,0.284842894765046,0.0264074773553947,8.29993069781847
3.94553571428571,0.23469910320724,0.284822660315892,0.0263948510427578,8.30006661564482
3.94563492063492,0.23468030587685,0.284802426445372,0.0263822307737227,8.30020252157859
3.94573412698413,0.234661510206164,0.284782193153937,0.026369616545335,8.30033841562132
3.94583333333333,0.234642716194964,0.284761960442034,0.0263570083546416,8.30047429777455
3.94593253968254,0.23462392384303,0.284741728310112,0.0263444061986907,8.30061016803982
3.94603174603175,0.234605133150143,0.284721496758619,0.0263318100745318,8.30074602641866
3.94613095238095,0.234586344116085,0.284701265788001,0.0263192199792152,8.30088187291261
3.94623015873016,0.234567556740637,0.284681035398708,0.0263066359097929,8.30101770752321
3.94632936507937,0.234548771023579,0.284660805591187,0.0262940578633178,8.30115353025198
3.94642857142857,0.234529986964694,0.284640576365883,0.0262814858368441,8.30128934110047
3.94652777777778,0.234511204563763,0.284620347723245,0.0262689198274274,8.30142514007021
3.94662698412698,0.234492423820566,0.284600119663719,0.026256359832124,8.30156092716273
3.94672619047619,0.234473644734886,0.284579892187751,0.0262438058479919,8.30169670237956
3.9468253968254,0.234454867306504,0.284559665295787,0.0262312578720901,8.30183246572225
3.9469246031746,0.234436091535201,0.284539438988274,0.026218715901479,8.30196821719231
3.94702380952381,0.234417317420759,0.284519213265657,0.0262061799332199,8.30210395679129
3.94712301587302,0.23439854496296,0.284498988128381,0.0261936499643755,8.30223968452072
3.94722222222222,0.234379774161585,0.284478763576892,0.0261811259920097,8.30237540038212
3.94732142857143,0.234361005016417,0.284458539611635,0.0261686080131875,8.30251110437704
3.94742063492063,0.234342237527236,0.284438316233054,0.0261560960249754,8.30264679650699
3.94751984126984,0.234323471693825,0.284418093441594,0.0261435900244407,8.30278247677352
3.94761904761905,0.234304707515967,0.284397871237699,0.0261310900086521,8.30291814517815
3.94771825396825,0.234285944993442,0.284377649621814,0.0261185959746798,8.30305380172241
3.94781746031746,0.234267184126032,0.284357428594382,0.0261061079195947,8.30318944640783
3.94791666666667,0.234248424913521,0.284337208155847,0.0260936258404692,8.30332507923594
3.94801587301587,0.23422966735569,0.284316988306653,0.0260811497343769,8.30346070020827
3.94811507936508,0.234210911452321,0.284296769047241,0.0260686795983925,8.30359630932635
3.94821428571429,0.234192157203197,0.284276550378056,0.026056215429592,8.30373190659171
3.94831349206349,0.2341734046081,0.28425633229954,0.0260437572250525,8.30386749200587
3.9484126984127,0.234154653666812,0.284236114812136,0.0260313049818526,8.30400306557036
3.9485119047619,0.234135904379116,0.284215897916285,0.0260188586970718,8.30413862728672
3.94861111111111,0.234117156744794,0.28419568161243,0.0260064183677909,8.30427417715645
3.94871031746032,0.234098410763628,0.284175465901012,0.0259939839910919,8.30440971518111
3.94880952380952,0.234079666435402,0.284155250782473,0.0259815555640581,8.30454524136219
3.94890873015873,0.234060923759898,0.284135036257255,0.0259691330837739,8.30468075570125
3.94900793650794,0.234042182736899,0.284114822325798,0.0259567165473249,8.30481625819979
3.94910714285714,0.234023443366187,0.284094608988543,0.025944305951798,8.30495174885935
3.94920634920635,0.234004705647545,0.284074396245931,0.0259319012942813,8.30508722768144
3.94930555555556,0.233985969580757,0.284054184098402,0.0259195025718642,8.3052226946676
3.94940476190476,0.233967235165604,0.284033972546397,0.025907109781637,8.30535814981935
3.94950396825397,0.233948502401871,0.284013761590354,0.0258947229206914,8.30549359313821
3.94960317460317,0.233929771289339,0.283993551230715,0.0258823419861204,8.30562902462569
3.94970238095238,0.233911041827793,0.283973341467918,0.0258699669750181,8.30576444428334
3.94980158730159,0.233892314017015,0.283953132302403,0.0258575978844798,8.30589985211267
3.94990079365079,0.233873587856788,0.283932923734608,0.0258452347116021,8.3060352481152
3.95,0.233854863346896,0.283912715764973,0.0258328774534827,8.30617063229245
3.95009920634921,0.233836140487123,0.283892508393935,0.0258205261072206,8.30630600464595
3.95019841269841,0.23381741927725,0.283872301621934,0.025808180669916,8.30644136517721
3.95029761904762,0.233798699717063,0.283852095449407,0.0257958411386701,8.30657671388776
3.95039682539683,0.233779981806343,0.283831889876792,0.0257835075105857,8.30671205077912
3.95049603174603,0.233761265544876,0.283811684904526,0.0257711797827664,8.3068473758528
3.95059523809524,0.233742550932444,0.283791480533048,0.0257588579523173,8.30698268911033
3.95069444444444,0.233723837968831,0.283771276762794,0.0257465420163447,8.30711799055323
3.95079365079365,0.233705126653821,0.283751073594201,0.0257342319719559,8.307253280183
3.95089285714286,0.233686416987197,0.283730871027706,0.0257219278162597,8.30738855800119
3.95099206349206,0.233667708968743,0.283710669063745,0.0257096295463658,8.30752382400929
3.95109126984127,0.233649002598244,0.283690467702754,0.0256973371593852,8.30765907820883
3.95119047619048,0.233630297875483,0.28367026694517,0.0256850506524303,8.30779432060133
3.95128968253968,0.233611594800243,0.283650066791428,0.0256727700226145,8.30792955118831
3.95138888888889,0.23359289337231,0.283629867241964,0.0256604952670525,8.30806476997127
3.9514880952381,0.233574193591467,0.283609668297213,0.0256482263828603,8.30819997695174
3.9515873015873,0.233555495457498,0.28358946995761,0.0256359633671549,8.30833517213123
3.95168650793651,0.233536798970187,0.28356927222359,0.0256237062170545,8.30847035551127
3.95178571428571,0.23351810412932,0.283549075095587,0.0256114549296789,8.30860552709335
3.95188492063492,0.233499410934679,0.283528878574036,0.0255992095021486,8.30874068687901
3.95198412698413,0.233480719386049,0.283508682659371,0.0255869699315856,8.30887583486975
3.95208333333333,0.233462029483215,0.283488487352026,0.025574736215113,8.30901097106709
3.95218253968254,0.233443341225962,0.283468292652435,0.0255625083498554,8.30914609547253
3.95228174603175,0.233424654614073,0.28344809856103,0.0255502863329381,8.30928120808761
3.95238095238095,0.233405969647333,0.283427905078246,0.025538070161488,8.30941630891382
3.95248015873016,0.233387286325527,0.283407712204515,0.0255258598326332,8.30955139795268
3.95257936507937,0.23336860464844,0.28338751994027,0.0255136553435026,8.30968647520571
3.95267857142857,0.233349924615856,0.283367328285944,0.0255014566912269,8.30982154067441
3.95277777777778,0.23333124622756,0.283347137241968,0.0254892638729375,8.30995659436031
3.95287698412698,0.233312569483338,0.283326946808775,0.0254770768857673,8.31009163626489
3.95297619047619,0.233293894382972,0.283306756986796,0.0254648957268505,8.3102266663897
3.9530753968254,0.23327522092625,0.283286567776464,0.0254527203933222,8.31036168473622
3.9531746031746,0.233256549112956,0.28326637917821,0.0254405508823189,8.31049669130597
3.95327380952381,0.233237878942874,0.283246191192464,0.0254283871909782,8.31063168610046
3.95337301587302,0.233219210415791,0.283226003819657,0.025416229316439,8.3107666691212
3.95347222222222,0.233200543531491,0.283205817060222,0.0254040772558414,8.31090164036971
3.95357142857143,0.233181878289759,0.283185630914586,0.0253919310063267,8.31103659984748
3.95367063492063,0.23316321469038,0.283165445383182,0.0253797905650374,8.31117154755603
3.95376984126984,0.233144552733141,0.283145260466439,0.0253676559291173,8.31130648349686
3.95386904761905,0.233125892417826,0.283125076164786,0.0253555270957112,8.31144140767149
3.95396825396825,0.233107233744221,0.283104892478653,0.0253434040619653,8.31157632008142
3.95406746031746,0.233088576712112,0.28308470940847,0.0253312868250269,8.31171122072816
3.95416666666667,0.233069921321283,0.283064526954665,0.0253191753820447,8.31184610961321
3.95426587301587,0.233051267571521,0.283044345117668,0.0253070697301681,8.31198098673808
3.95436507936508,0.233032615462611,0.283024163897906,0.0252949698665485,8.31211585210428
3.95446428571429,0.233013964994339,0.283003983295809,0.0252828757883379,8.31225070571331
3.95456349206349,0.232995316166491,0.282983803311804,0.0252707874926897,8.31238554756668
3.9546626984127,0.232976668978852,0.28296362394632,0.0252587049767585,8.31252037766589
3.9547619047619,0.232958023431209,0.282943445199783,0.0252466282377001,8.31265519601245
3.95486111111111,0.232939379523347,0.282923267072622,0.0252345572726716,8.31279000260787
3.95496031746032,0.232920737255052,0.282903089565263,0.0252224920788311,8.31292479745363
3.95505952380952,0.232902096626111,0.282882912678134,0.025210432653338,8.31305958055126
3.95515873015873,0.232883457636309,0.282862736411661,0.0251983789933532,8.31319435190225
3.95525793650794,0.232864820285433,0.282842560766271,0.0251863310960384,8.3133291115081
3.95535714285714,0.232846184573269,0.28282238574239,0.0251742889585567,8.31346385937032
3.95545634920635,0.232827550499604,0.282802211340444,0.0251622525780723,8.31359859549042
3.95555555555556,0.232808918064222,0.282782037560859,0.0251502219517509,8.31373331986988
3.95565476190476,0.232790287266912,0.28276186440406,0.0251381970767589,8.31386803251021
3.95575396825397,0.232771658107459,0.282741691870473,0.0251261779502644,8.31400273341292
3.95585317460317,0.23275303058565,0.282721519960524,0.0251141645694365,8.3141374225795
3.95595238095238,0.232734404701271,0.282701348674636,0.0251021569314455,8.31427210001146
3.95605158730159,0.232715780454109,0.282681178013234,0.025090155033463,8.31440676571029
3.95615079365079,0.232697157843951,0.282661007976744,0.0250781588726617,8.3145414196775
3.95625,0.232678536870583,0.282640838565589,0.0250661684462155,8.31467606191458
3.95634920634921,0.232659917533792,0.282620669780192,0.0250541837512996,8.31481069242303
3.95644841269841,0.232641299833366,0.282600501620979,0.0250422047850905,8.31494531120435
3.95654761904762,0.23262268376909,0.282580334088372,0.0250302315447655,8.31507991826005
3.95664682539683,0.232604069340751,0.282560167182794,0.0250182640275037,8.31521451359161
3.95674603174603,0.232585456548138,0.28254000090467,0.025006302230485,8.31534909720053
3.95684523809524,0.232566845391036,0.28251983525442,0.0249943461508906,8.31548366908831
3.95694444444444,0.232548235869233,0.282499670232469,0.0249823957859029,8.31561822925645
3.95704365079365,0.232529627982516,0.282479505839238,0.0249704511327056,8.31575277770645
3.95714285714286,0.232511021730673,0.282459342075149,0.0249585121884834,8.3158873144398
3.95724206349206,0.23249241711349,0.282439178940625,0.0249465789504225,8.31602183945799
3.95734126984127,0.232473814130754,0.282419016436087,0.0249346514157101,8.31615635276252
3.95744047619048,0.232455212782254,0.282398854561956,0.0249227295815347,8.31629085435489
3.95753968253968,0.232436613067777,0.282378693318654,0.024910813445086,8.31642534423659
3.95763888888889,0.232418014987109,0.282358532706602,0.0248989030035548,8.31655982240912
3.9577380952381,0.232399418540039,0.28233837272622,0.0248869982541334,8.31669428887396
3.9578373015873,0.232380823726355,0.282318213377929,0.0248750991940149,8.31682874363262
3.95793650793651,0.232362230545843,0.282298054662148,0.0248632058203938,8.31696318668658
3.95803571428571,0.232343638998292,0.282277896579299,0.024851318130466,8.31709761803734
3.95813492063492,0.232325049083489,0.282257739129801,0.0248394361214284,8.31723203768639
3.95823412698413,0.232306460801222,0.282237582314073,0.0248275597904791,8.31736644563522
3.95833333333333,0.232287874151279,0.282217426132535,0.0248156891348174,8.31750084188533
3.95843253968254,0.232269289133448,0.282197270585606,0.0248038241516441,8.3176352264382
3.95853174603175,0.232250705747517,0.282177115673705,0.0247919648381607,8.31776959929533
3.95863095238095,0.232232123993274,0.282156961397251,0.0247801111915704,8.31790396045821
3.95873015873016,0.232213543870507,0.282136807756661,0.0247682632090772,8.31803830992833
3.95882936507937,0.232194965379004,0.282116654752354,0.0247564208878867,8.31817264770717
3.95892857142857,0.232176388518553,0.282096502384748,0.0247445842252054,8.31830697379623
3.95902777777778,0.232157813288943,0.282076350654262,0.0247327532182412,8.31844128819699
3.95912698412698,0.232139239689962,0.282056199561311,0.0247209278642031,8.31857559091095
3.95922619047619,0.232120667721398,0.282036049106314,0.0247091081603013,8.3187098819396
3.9593253968254,0.23210209738304,0.282015899289687,0.0246972941037473,8.31884416128441
3.9594246031746,0.232083528674675,0.281995750111848,0.0246854856917538,8.31897842894689
3.95952380952381,0.232064961596094,0.281975601573212,0.0246736829215346,8.31911268492851
3.95962301587302,0.232046396147084,0.281955453674197,0.0246618857903049,8.31924692923077
3.95972222222222,0.232027832327433,0.281935306415218,0.0246500942952809,8.31938116185515
3.95982142857143,0.232009270136931,0.281915159796691,0.0246383084336801,8.31951538280313
3.95992063492063,0.231990709575367,0.281895013819032,0.0246265282027213,8.31964959207621
3.96001984126984,0.231972150642528,0.281874868482656,0.0246147535996243,8.31978378967586
3.96011904761905,0.231953593338205,0.281854723787979,0.0246029846216104,8.31991797560358
3.96021825396825,0.231935037662185,0.281834579735415,0.0245912212659017,8.32005214986085
3.96031746031746,0.231916483614258,0.281814436325379,0.0245794635297219,8.32018631244915
3.96041666666667,0.231897931194213,0.281794293558286,0.0245677114102959,8.32032046336997
3.96051587301587,0.231879380401839,0.28177415143455,0.0245559649048494,8.32045460262479
3.96061507936508,0.231860831236925,0.281754009954584,0.0245442240106098,8.3205887302151
3.96071428571429,0.23184228369926,0.281733869118804,0.0245324887248053,8.32072284614237
3.96081349206349,0.231823737788633,0.281713728927621,0.0245207590446657,8.32085695040809
3.9609126984127,0.231805193504835,0.28169358938145,0.0245090349674217,8.32099104301375
3.96101190476191,0.231786650847653,0.281673450480703,0.0244973164903052,8.32112512396082
3.96111111111111,0.231768109816878,0.281653312225794,0.0244856036105497,8.32125919325079
3.96121031746032,0.231749570412299,0.281633174617135,0.0244738963253894,8.32139325088514
3.96130952380952,0.231731032633705,0.281613037655139,0.0244621946320601,8.32152729686534
3.96140873015873,0.231712496480886,0.281592901340218,0.0244504985277986,8.32166133119289
3.96150793650794,0.231693961953632,0.281572765672783,0.024438808009843,8.32179535386925
3.96160714285714,0.231675429051733,0.281552630653246,0.0244271230754326,8.32192936489592
3.96170634920635,0.231656897774977,0.28153249628202,0.0244154437218077,8.32206336427436
3.96180555555556,0.231638368123155,0.281512362559514,0.0244037699462102,8.32219735200606
3.96190476190476,0.231619840096057,0.281492229486141,0.024392101745883,8.3223313280925
3.96200396825397,0.231601313693473,0.28147209706231,0.0243804391180701,8.32246529253516
3.96210317460317,0.231582788915192,0.281451965288433,0.0243687820600169,8.32259924533551
3.96220238095238,0.231564265761005,0.28143183416492,0.02435713056897,8.32273318649503
3.96230158730159,0.231545744230701,0.281411703692181,0.024345484642177,8.3228671160152
3.96240079365079,0.231527224324071,0.281391573870625,0.0243338442768869,8.3230010338975
3.9625,0.231508706040905,0.281371444700663,0.0243222094703499,8.3231349401434
3.96259920634921,0.231490189380993,0.281351316182703,0.0243105802198174,8.32326883475437
3.96269841269841,0.231471674344126,0.281331188317156,0.0242989565225419,8.32340271773191
3.96279761904762,0.231453160930093,0.281311061104429,0.0242873383757773,8.32353658907747
3.96289682539683,0.231434649138685,0.281290934544932,0.0242757257767785,8.32367044879254
3.96299603174603,0.231416138969693,0.281270808639074,0.0242641187228018,8.32380429687859
3.96309523809524,0.231397630422907,0.281250683387261,0.0242525172111045,8.32393813333709
3.96319444444444,0.231379123498118,0.281230558789903,0.0242409212389453,8.32407195816953
3.96329365079365,0.231360618195116,0.281210434847406,0.0242293308035841,8.32420577137737
3.96339285714286,0.231342114513692,0.28119031156018,0.024217745902282,8.32433957296208
3.96349206349206,0.231323612453636,0.28117018892863,0.0242061665323011,8.32447336292514
3.96359126984127,0.23130511201474,0.281150066953165,0.0241945926909049,8.32460714126803
3.96369047619048,0.231286613196794,0.281129945634191,0.0241830243753581,8.32474090799221
3.96378968253968,0.23126811599959,0.281109824972114,0.0241714615829267,8.32487466309916
3.96388888888889,0.231249620422917,0.281089704967341,0.0241599043108777,8.32500840659034
3.9639880952381,0.231231126466567,0.281069585620278,0.0241483525564793,8.32514213846724
3.9640873015873,0.231212634130332,0.281049466931331,0.0241368063170012,8.32527585873132
3.96418650793651,0.231194143414001,0.281029348900905,0.0241252655897141,8.32540956738405
3.96428571428571,0.231175654317367,0.281009231529408,0.0241137303718899,8.3255432644269
3.96438492063492,0.231157166840221,0.280989114817242,0.0241022006608017,8.32567694986134
3.96448412698413,0.231138680982354,0.280968998764814,0.024090676453724,8.32581062368884
3.96458333333333,0.231120196743556,0.280948883372528,0.0240791577479322,8.32594428591087
3.96468253968254,0.231101714123621,0.280928768640789,0.0240676445407031,8.3260779365289
3.96478174603175,0.231083233122338,0.280908654570001,0.0240561368293149,8.3262115755444
3.96488095238095,0.2310647537395,0.280888541160569,0.0240446346110465,8.32634520295883
3.96498015873016,0.231046275974898,0.280868428412895,0.0240331378831786,8.32647881877367
3.96507936507937,0.231027799828323,0.280848316327384,0.0240216466429925,8.32661242299038
3.96517857142857,0.231009325299568,0.280828204904439,0.0240101608877713,8.32674601561042
3.96527777777778,0.230990852388423,0.280808094144463,0.0239986806147988,8.32687959663527
3.96537698412698,0.230972381094682,0.280787984047859,0.0239872058213605,8.32701316606639
3.96547619047619,0.230953911418135,0.28076787461503,0.0239757365047425,8.32714672390525
3.9655753968254,0.230935443358574,0.280747765846379,0.0239642726622329,8.3272802701533
3.9656746031746,0.230916976915792,0.280727657742307,0.0239528142911203,8.32741380481203
3.96577380952381,0.230898512089581,0.280707550303216,0.0239413613886948,8.32754732788288
3.96587301587302,0.230880048879731,0.280687443529509,0.0239299139522478,8.32768083936733
3.96597222222222,0.230861587286036,0.280667337421587,0.0239184719790717,8.32781433926685
3.96607142857143,0.230843127308288,0.280647231979851,0.0239070354664602,8.32794782758289
3.96617063492064,0.230824668946279,0.280627127204701,0.0238956044117082,8.32808130431691
3.96626984126984,0.2308062121998,0.28060702309654,0.023884178812112,8.32821476947039
3.96636904761905,0.230787757068646,0.280586919655768,0.0238727586649689,8.32834822304478
3.96646825396825,0.230769303552607,0.280566816882785,0.0238613439675773,8.32848166504154
3.96656746031746,0.230750851651476,0.280546714777991,0.0238499347172371,8.32861509546215
3.96666666666667,0.230732401365045,0.280526613341786,0.0238385309112492,8.32874851430805
3.96676587301587,0.230713952693109,0.28050651257457,0.0238271325469158,8.32888192158071
3.96686507936508,0.230695505635457,0.280486412476742,0.0238157396215403,8.3290153172816
3.96696428571429,0.230677060191885,0.280466313048702,0.0238043521324272,8.32914870141217
3.96706349206349,0.230658616362183,0.280446214290848,0.0237929700768825,8.32928207397388
3.9671626984127,0.230640174146145,0.28042611620358,0.0237815934522131,8.32941543496819
3.9672619047619,0.230621733543564,0.280406018787296,0.0237702222557272,8.32954878439656
3.96736111111111,0.230603294554233,0.280385922042393,0.0237588564847344,8.32968212226046
3.96746031746032,0.230584857177944,0.280365825969271,0.0237474961365451,8.32981544856134
3.96755952380952,0.23056642141449,0.280345730568327,0.0237361412084713,8.32994876330065
3.96765873015873,0.230547987263665,0.280325635839958,0.0237247916978261,8.33008206647986
3.96775793650794,0.230529554725262,0.280305541784562,0.0237134476019237,8.33021535810042
3.96785714285714,0.230511123799073,0.280285448402537,0.0237021089180796,8.3303486381638
3.96795634920635,0.230492694484892,0.280265355694279,0.0236907756436105,8.33048190667144
3.96805555555556,0.230474266782513,0.280245263660184,0.0236794477758344,8.33061516362481
3.96815476190476,0.230455840691727,0.28022517230065,0.0236681253120702,8.33074840902536
3.96825396825397,0.23043741621233,0.280205081616072,0.0236568082496385,8.33088164287454
3.96835317460317,0.230418993344114,0.280184991606847,0.0236454965858606,8.33101486517382
3.96845238095238,0.230400572086872,0.28016490227337,0.0236341903180593,8.33114807592465
3.96855158730159,0.230382152440398,0.280144813616036,0.0236228894435586,8.33128127512848
3.96865079365079,0.230363734404487,0.280124725635242,0.0236115939596837,8.33141446278676
3.96875,0.23034531797893,0.280104638331382,0.0236003038637609,8.33154763890096
3.96884920634921,0.230326903163523,0.28008455170485,0.0235890191531178,8.33168080347252
3.96894841269841,0.230308489958059,0.280064465756042,0.0235777398250832,8.3318139565029
3.96904761904762,0.230290078362331,0.280044380485353,0.0235664658769871,8.33194709799355
3.96914682539683,0.230271668376134,0.280024295893175,0.0235551973061606,8.33208022794593
3.96924603174603,0.230253259999261,0.280004211979903,0.0235439341099363,8.33221334636148
3.96934523809524,0.230234853231506,0.279984128745931,0.0235326762856478,8.33234645324166
3.96944444444444,0.230216448072664,0.279964046191651,0.0235214238306299,8.33247954858792
3.96954365079365,0.230198044522528,0.279943964317459,0.0235101767422186,8.33261263240171
3.96964285714286,0.230179642580893,0.279923883123745,0.0234989350177512,8.33274570468448
3.96974206349206,0.230161242247552,0.279903802610904,0.0234876986545662,8.33287876543769
3.96984126984127,0.230142843522301,0.279883722779327,0.0234764676500033,8.33301181466278
3.96994047619048,0.230124446404932,0.279863643629407,0.0234652420014032,8.3331448523612
3.97003968253968,0.230106050895242,0.279843565161536,0.0234540217061082,8.33327787853441
3.97013888888889,0.230087656993023,0.279823487376106,0.0234428067614616,8.33341089318384
3.9702380952381,0.230069264698071,0.279803410273508,0.0234315971648079,8.33354389631095
3.9703373015873,0.230050874010179,0.279783333854134,0.0234203929134928,8.3336768879172
3.97043650793651,0.230032484929143,0.279763258118374,0.0234091940048631,8.33380986800402
3.97053571428571,0.230014097454758,0.279743183066621,0.0233980004362672,8.33394283657286
3.97063492063492,0.229995711586817,0.279723108699264,0.0233868122050542,8.33407579362517
3.97073412698413,0.229977327325115,0.279703035016694,0.0233756293085749,8.33420873916241
3.97083333333333,0.229958944669448,0.279682962019301,0.023364451744181,8.33434167318601
3.97093253968254,0.22994056361961,0.279662889707475,0.0233532795092254,8.33447459569742
3.97103174603175,0.229922184175397,0.279642818081606,0.0233421126010623,8.33460750669808
3.97113095238095,0.229903806336602,0.279622747142083,0.0233309510170473,8.33474040618945
3.97123015873016,0.229885430103021,0.279602676889296,0.0233197947545368,8.33487329417297
3.97132936507936,0.229867055474449,0.279582607323633,0.0233086438108887,8.33500617065008
3.97142857142857,0.229848682450682,0.279562538445485,0.0232974981834619,8.33513903562222
3.97152777777778,0.229830311031514,0.279542470255238,0.0232863578696169,8.33527188909085
3.97162698412698,0.22981194121674,0.279522402753282,0.023275222866715,8.3354047310574
3.97172619047619,0.229793573006156,0.279502335940004,0.0232640931721189,8.33553756152332
3.9718253968254,0.229775206399558,0.279482269815793,0.0232529687831924,8.33567038049005
3.9719246031746,0.22975684139674,0.279462204381036,0.0232418496973007,8.33580318795904
3.97202380952381,0.229738477997498,0.279442139636121,0.0232307359118101,8.33593598393172
3.97212301587302,0.229720116201627,0.279422075581435,0.0232196274240878,8.33606876840954
3.97222222222222,0.229701756008924,0.279402012217364,0.0232085242315029,8.33620154139394
3.97232142857143,0.229683397419183,0.279381949544296,0.0231974263314251,8.33633430288636
3.97242063492063,0.2296650404322,0.279361887562617,0.0231863337212257,8.33646705288824
3.97251984126984,0.229646685047772,0.279341826272714,0.0231752463982768,8.33659979140102
3.97261904761905,0.229628331265694,0.279321765674971,0.0231641643599522,8.33673251842615
3.97271825396825,0.229609979085761,0.279301705769776,0.0231530876036264,8.33686523396506
3.97281746031746,0.229591628507769,0.279281646557514,0.0231420161266756,8.33699793801919
3.97291666666667,0.229573279531515,0.27926158803857,0.0231309499264768,8.33713063058998
3.97301587301587,0.229554932156795,0.27924153021333,0.0231198890004085,8.33726331167887
3.97311507936508,0.229536586383404,0.279221473082177,0.0231088333458503,8.3373959812873
3.97321428571429,0.229518242211139,0.279201416645498,0.0230977829601829,8.3375286394167
3.97331349206349,0.229499899639795,0.279181360903676,0.0230867378407885,8.33766128606852
3.9734126984127,0.22948155866917,0.279161305857095,0.0230756979850502,8.33779392124419
3.9735119047619,0.229463219299058,0.279141251506139,0.0230646633903524,8.33792654494515
3.97361111111111,0.229444881529257,0.279121197851193,0.0230536340540807,8.33805915717283
3.97371031746032,0.229426545359564,0.27910114489264,0.0230426099736222,8.33819175792867
3.97380952380952,0.229408210789773,0.279081092630863,0.0230315911463648,8.33832434721411
3.97390873015873,0.229389877819683,0.279061041066244,0.0230205775696977,8.33845692503058
3.97400793650794,0.229371546449088,0.279040990199168,0.0230095692410116,8.33858949137951
3.97410714285714,0.229353216677787,0.279020940030016,0.022998566157698,8.33872204626235
3.97420634920635,0.229334888505576,0.279000890559171,0.0229875683171499,8.33885458968053
3.97430555555556,0.22931656193225,0.278980841787014,0.0229765757167614,8.33898712163547
3.97440476190476,0.229298236957608,0.278960793713929,0.0229655883539276,8.33911964212862
3.97450396825397,0.229279913581446,0.278940746340296,0.0229546062260455,8.33925215116141
3.97460317460317,0.229261591803561,0.278920699666497,0.0229436293305125,8.33938464873527
3.97470238095238,0.229243271623749,0.278900653692913,0.0229326576647276,8.33951713485163
3.97480158730159,0.229224953041808,0.278880608419925,0.022921691226091,8.33964960951192
3.97490079365079,0.229206636057535,0.278860563847913,0.0229107300120041,8.33978207271758
3.975,0.229188320670727,0.278840519977259,0.0228997740198694,8.33991452447004
3.97509920634921,0.22917000688118,0.278820476808343,0.0228888232470907,8.34004696477074
3.97519841269841,0.229151694688693,0.278800434341544,0.0228778776910731,8.34017939362109
3.97529761904762,0.229133384093062,0.278780392577243,0.0228669373492227,8.34031181102253
3.97539682539683,0.229115075094085,0.278760351515819,0.0228560022189471,8.3404442169765
3.97549603174603,0.229096767691559,0.278740311157651,0.0228450722976546,8.34057661148441
3.97559523809524,0.229078461885282,0.278720271503118,0.0228341475827554,8.34070899454771
3.97569444444444,0.22906015767505,0.2787002325526,0.0228232280716603,8.34084136616782
3.97579365079365,0.229041855060662,0.278680194306475,0.0228123137617816,8.34097372634616
3.97589285714286,0.229023554041915,0.278660156765121,0.0228014046505328,8.34110607508417
3.97599206349206,0.229005254618607,0.278640119928917,0.0227905007353286,8.34123841238328
3.97609126984127,0.228986956790536,0.27862008379824,0.0227796020135849,8.34137073824491
3.97619047619048,0.228968660557498,0.278600048373469,0.0227687084827188,8.34150305267049
3.97628968253968,0.228950365919293,0.27858001365498,0.0227578201401485,8.34163535566144
3.97638888888889,0.228932072875717,0.278559979643152,0.0227469369832936,8.3417676472192
3.97648809523809,0.22891378142657,0.278539946338361,0.0227360590095748,8.34189992734519
3.9765873015873,0.228895491571647,0.278519913740983,0.022725186216414,8.34203219604083
3.97668650793651,0.228877203310752,0.278499881850939,0.0227143186039964,8.34216445330692
3.97678571428571,0.228858916643703,0.278479850665929,0.0227034561858711,8.34229669914123
3.97688492063492,0.228840631570308,0.278459820185868,0.0226925989621583,8.34242893354456
3.97698412698413,0.228822348090374,0.278439790411098,0.0226817469303808,8.3425611565183
3.97708333333333,0.228804066203707,0.278419761341963,0.0226709000880626,8.34269336806383
3.97718253968254,0.228785785910113,0.278399732978807,0.0226600584327285,8.34282556818257
3.97728174603175,0.228767507209398,0.278379705321972,0.0226492219619047,8.34295775687589
3.97738095238095,0.228749230101368,0.278359678371803,0.0226383906731182,8.34308993414519
3.97748015873016,0.228730954585829,0.278339652128641,0.0226275645638975,8.34322209999187
3.97757936507937,0.228712680662587,0.27831962659283,0.0226167436317717,8.3433542544173
3.97767857142857,0.228694408331448,0.278299601764714,0.0226059278742714,8.34348639742289
3.97777777777778,0.228676137592218,0.278279577644634,0.022595117288928,8.34361852901003
3.97787698412698,0.228657868444703,0.278259554232933,0.0225843118732741,8.34375064918011
3.97797619047619,0.228639600888709,0.278239531529955,0.0225735116248435,8.34388275793451
3.9780753968254,0.228621334924043,0.278219509536041,0.0225627165411707,8.34401485527463
3.9781746031746,0.228603070550509,0.278199488251535,0.0225519266197919,8.34414694120186
3.97827380952381,0.228584807767915,0.278179467676779,0.0225411418582439,8.34427901571758
3.97837301587302,0.228566546576065,0.278159447812115,0.0225303622540647,8.34441107882319
3.97847222222222,0.228548286974766,0.278139428657886,0.0225195878047934,8.34454313052008
3.97857142857143,0.228530028963824,0.278119410214434,0.0225088185079704,8.34467517080963
3.97867063492063,0.228511772543044,0.2780993924821,0.0224980543611369,8.34480719969324
3.97876984126984,0.228493517712233,0.278079375461228,0.0224872953618352,8.34493921717228
3.97886904761905,0.228475264471196,0.278059359152158,0.0224765415076089,8.34507122324816
3.97896825396825,0.22845701281974,0.278039343555233,0.0224657927960026,8.34520321792226
3.97906746031746,0.228438762757669,0.278019328670796,0.0224550492245618,8.34533520119596
3.97916666666667,0.228420514284791,0.277999314499187,0.0224443107908335,8.34546717307065
3.97926587301587,0.22840226740091,0.277979301040748,0.0224335774923653,8.34559913354773
3.97936507936508,0.228384022105832,0.277959288295821,0.0224228493267062,8.34573108262857
3.97946428571429,0.228365778399364,0.277939276264747,0.0224121262914063,8.34586302031456
3.97956349206349,0.228347536281312,0.277919264947868,0.0224014083840165,8.34599494660709
3.9796626984127,0.22832929575148,0.277899254345526,0.0223906956020893,8.34612686150755
3.9797619047619,0.228311056809674,0.277879244458061,0.0223799879431777,8.34625876501732
3.97986111111111,0.228292819455701,0.277859235285815,0.0223692854048362,8.34639065713779
3.97996031746032,0.228274583689367,0.277839226829129,0.0223585879846203,8.34652253787034
3.98005952380952,0.228256349510476,0.277819219088344,0.0223478956800864,8.34665440721636
3.98015873015873,0.228238116918834,0.2777992120638,0.0223372084887922,8.34678626517723
3.98025793650794,0.228219885914248,0.27777920575584,0.0223265264082965,8.34691811175434
3.98035714285714,0.228201656496523,0.277759200164803,0.0223158494361589,8.34704994694906
3.98045634920635,0.228183428665465,0.277739195291031,0.0223051775699406,8.34718177076279
3.98055555555556,0.228165202420878,0.277719191134865,0.0222945108072034,8.34731358319691
3.98065476190476,0.22814697776257,0.277699187696644,0.0222838491455103,8.3474453842528
3.98075396825397,0.228128754690346,0.277679184976709,0.0222731925824257,8.34757717393185
3.98085317460317,0.22811053320401,0.277659182975401,0.0222625411155147,8.34770895223543
3.98095238095238,0.22809231330337,0.27763918169306,0.0222518947423436,8.34784071916494
3.98105158730159,0.22807409498823,0.277619181130027,0.0222412534604799,8.34797247472174
3.98115079365079,0.228055878258396,0.277599181286642,0.0222306172674922,8.34810421890723
3.98125,0.228037663113673,0.277579182163244,0.0222199861609499,8.34823595172279
3.98134920634921,0.228019449553868,0.277559183760174,0.0222093601384239,8.34836767316979
3.98144841269841,0.228001237578786,0.277539186077772,0.0221987391974859,8.34849938324962
3.98154761904762,0.227983027188232,0.277519189116378,0.0221881233357088,8.34863108196367
3.98164682539683,0.227964818382011,0.277499192876331,0.0221775125506665,8.3487627693133
3.98174603174603,0.22794661115993,0.277479197357972,0.0221669068399341,8.34889444529991
3.98184523809524,0.227928405521794,0.277459202561639,0.0221563062010876,8.34902610992486
3.98194444444444,0.227910201467408,0.277439208487674,0.0221457106317045,8.34915776318955
3.98204365079365,0.227891998996578,0.277419215136414,0.0221351201293629,8.34928940509535
3.98214285714286,0.227873798109109,0.277399222508201,0.0221245346916423,8.34942103564364
3.98224206349206,0.227855598804807,0.277379230603372,0.0221139543161232,8.3495526548358
3.98234126984127,0.227837401083477,0.277359239422267,0.0221033790003871,8.34968426267321
3.98244047619048,0.227819204944925,0.277339248965226,0.0220928087420167,8.34981585915725
3.98253968253968,0.227801010388956,0.277319259232587,0.0220822435385957,8.34994744428929
3.98263888888889,0.227782817415375,0.277299270224691,0.0220716833877091,8.35007901807071
3.9827380952381,0.227764626023988,0.277279281941874,0.0220611282869427,8.3502105805029
3.9828373015873,0.227746436214601,0.277259294384478,0.0220505782338837,8.35034213158722
3.98293650793651,0.227728247987018,0.277239307552839,0.02204003322612,8.35047367132507
3.98303571428571,0.227710061341045,0.277219321447298,0.0220294932612408,8.3506051997178
3.98313492063492,0.227691876276487,0.277199336068193,0.0220189583368366,8.35073671676681
3.98323412698413,0.22767369279315,0.277179351415862,0.0220084284504986,8.35086822247346
3.98333333333333,0.227655510890839,0.277159367490644,0.0219979035998192,8.35099971683914
3.98343253968254,0.227637330569359,0.277139384292877,0.0219873837823922,8.35113119986521
3.98353174603175,0.227619151828516,0.2771194018229,0.0219768689958121,8.35126267155306
3.98363095238095,0.227600974668115,0.27709942008105,0.0219663592376746,8.35139413190406
3.98373015873016,0.227582799087961,0.277079439067668,0.0219558545055766,8.35152558091958
3.98382936507937,0.227564625087859,0.277059458783089,0.021945354797116,8.351657018601
3.98392857142857,0.227546452667615,0.277039479227653,0.0219348601098917,8.3517884449497
3.98402777777778,0.227528281827033,0.277019500401696,0.0219243704415038,8.35191985996705
3.98412698412698,0.22751011256592,0.276999522305559,0.0219138857895537,8.35205126365442
3.98422619047619,0.227491944884081,0.276979544939577,0.0219034061516433,8.35218265601319
3.9843253968254,0.22747377878132,0.276959568304089,0.0218929315253763,8.35231403704473
3.9844246031746,0.227455614257442,0.276939592399432,0.0218824619083569,8.35244540675042
3.98452380952381,0.227437451312254,0.276919617225945,0.0218719972981907,8.35257676513162
3.98462301587302,0.22741928994556,0.276899642783964,0.0218615376924843,8.35270811218971
3.98472222222222,0.227401130157165,0.276879669073827,0.0218510830888455,8.35283944792606
3.98482142857143,0.227382971946874,0.276859696095871,0.0218406334848829,8.35297077234205
3.98492063492063,0.227364815314492,0.276839723850434,0.0218301888782065,8.35310208543905
3.98501984126984,0.227346660259826,0.276819752337853,0.0218197492664274,8.35323338721842
3.98511904761905,0.227328506782679,0.276799781558464,0.0218093146471574,8.35336467768154
3.98521825396825,0.227310354882857,0.276779811512606,0.0217988850180099,8.35349595682979
3.98531746031746,0.227292204560165,0.276759842200614,0.0217884603765989,8.35362722466453
3.98541666666667,0.227274055814408,0.276739873622826,0.0217780407205399,8.35375848118713
3.98551587301587,0.227255908645391,0.276719905779579,0.0217676260474491,8.35388972639896
3.98561507936508,0.227237763052919,0.276699938671209,0.0217572163549443,8.3540209603014
3.98571428571429,0.227219619036797,0.276679972298053,0.0217468116406439,8.35415218289581
3.98581349206349,0.22720147659683,0.276660006660448,0.0217364119021676,8.35428339418356
3.9859126984127,0.227183335732824,0.27664004175873,0.0217260171371362,8.35441459416603
3.9860119047619,0.227165196444582,0.276620077593235,0.0217156273431715,8.35454578284457
3.98611111111111,0.227147058731911,0.2766001141643,0.0217052425178965,8.35467696022057
3.98621031746032,0.227128922594615,0.276580151472262,0.0216948626589353,8.35480812629539
3.98630952380952,0.227110788032498,0.276560189517455,0.0216844877639127,8.35493928107039
3.98640873015873,0.227092655045367,0.276540228300217,0.0216741178304553,8.35507042454695
3.98650793650794,0.227074523633026,0.276520267820883,0.0216637528561902,8.35520155672643
3.98660714285714,0.22705639379528,0.27650030807979,0.0216533928387459,8.35533267761021
3.98670634920635,0.227038265531933,0.276480349077273,0.0216430377757517,8.35546378719964
3.98680555555556,0.227020138842791,0.276460390813668,0.0216326876648383,8.35559488549609
3.98690476190476,0.227002013727659,0.276440433289311,0.0216223425036373,8.35572597250094
3.98700396825397,0.226983890186341,0.276420476504537,0.0216120022897814,8.35585704821554
3.98710317460317,0.226965768218642,0.276400520459683,0.0216016670209045,8.35598811264127
3.98720238095238,0.226947647824368,0.276380565155083,0.0215913366946416,8.35611916577949
3.98730158730159,0.226929529003322,0.276360610591073,0.0215810113086285,8.35625020763156
3.98740079365079,0.226911411755311,0.276340656767988,0.0215706908605024,8.35638123819886
3.9875,0.226893296080138,0.276320703686163,0.0215603753479015,8.35651225748274
3.98759920634921,0.226875181977608,0.276300751345935,0.021550064768465,8.35664326548457
3.98769841269841,0.226857069447527,0.276280799747637,0.0215397591198334,8.35677426220571
3.98779761904762,0.226838958489698,0.276260848891605,0.0215294583996479,8.35690524764754
3.98789682539683,0.226820849103928,0.276240898778174,0.0215191626055513,8.35703622181141
3.98799603174603,0.22680274129002,0.276220949407678,0.0215088717351871,8.35716718469869
3.98809523809524,0.226784635047779,0.276201000780453,0.0214985857862001,8.35729813631075
3.98819444444444,0.22676653037701,0.276181052896833,0.0214883047562359,8.35742907664893
3.98829365079365,0.226748427277518,0.276161105757154,0.0214780286429416,8.35756000571461
3.98839285714286,0.226730325749107,0.276141159361748,0.0214677574439651,8.35769092350916
3.98849206349206,0.226712225791582,0.276121213710951,0.0214574911569554,8.35782183003392
3.98859126984127,0.226694127404748,0.276101268805098,0.0214472297795628,8.35795272529028
3.98869047619048,0.22667603058841,0.276081324644522,0.0214369733094384,8.35808360927957
3.98878968253968,0.226657935342371,0.276061381229558,0.0214267217442346,8.35821448200318
3.98888888888889,0.226639841666438,0.27604143856054,0.0214164750816049,8.35834534346246
3.9889880952381,0.226621749560414,0.276021496637802,0.0214062333192037,8.35847619365877
3.9890873015873,0.226603659024104,0.276001555461678,0.0213959964546866,8.35860703259347
3.98918650793651,0.226585570057312,0.275981615032503,0.0213857644857103,8.35873786026792
3.98928571428571,0.226567482659843,0.275961675350609,0.0213755374099325,8.35886867668349
3.98938492063492,0.226549396831503,0.275941736416331,0.0213653152250123,8.35899948184153
3.98948412698413,0.226531312572095,0.275921798230003,0.0213550979286095,8.35913027574341
3.98958333333333,0.226513229881423,0.275901860791957,0.0213448855183851,8.35926105839047
3.98968253968254,0.226495148759293,0.275881924102529,0.0213346779920013,8.35939182978409
3.98978174603175,0.226477069205509,0.27586198816205,0.0213244753471213,8.35952258992562
3.98988095238095,0.226458991219876,0.275842052970855,0.0213142775814094,8.35965333881642
3.98998015873016,0.226440914802198,0.275822118529277,0.0213040846925309,8.35978407645785
3.99007936507937,0.226422839952279,0.275802184837649,0.0212938966781524,8.35991480285126
3.99017857142857,0.226404766669924,0.275782251896304,0.0212837135359415,8.36004551799802
3.99027777777778,0.226386694954938,0.275762319705576,0.0212735352635668,8.36017622189948
3.99037698412698,0.226368624807124,0.275742388265797,0.0212633618586981,8.36030691455701
3.99047619047619,0.226350556226288,0.2757224575773,0.0212531933190061,8.36043759597194
3.9905753968254,0.226332489212234,0.275702527640419,0.0212430296421629,8.36056826614566
3.9906746031746,0.226314423764766,0.275682598455485,0.0212328708258414,8.3606989250795
3.99077380952381,0.226296359883689,0.275662670022832,0.0212227168677156,8.36082957277483
3.99087301587302,0.226278297568807,0.275642742342792,0.021212567765461,8.360960209233
3.99097222222222,0.226260236819924,0.275622815415698,0.0212024235167537,8.36109083445537
3.99107142857143,0.226242177636845,0.275602889241883,0.021192284119271,8.3612214484433
3.99117063492063,0.226224120019375,0.275582963821678,0.0211821495706915,8.36135205119814
3.99126984126984,0.226206063967317,0.275563039155416,0.0211720198686946,8.36148264272124
3.99136904761905,0.226188009480475,0.27554311524343,0.0211618950109611,8.36161322301396
3.99146825396825,0.226169956558655,0.27552319208605,0.0211517749951725,8.36174379207766
3.99156746031746,0.226151905201661,0.275503269683611,0.0211416598190118,8.36187434991368
3.99166666666667,0.226133855409296,0.275483348036442,0.0211315494801629,8.36200489652339
3.99176587301587,0.226115807181366,0.275463427144877,0.0211214439763107,8.36213543190813
3.99186507936508,0.226097760517674,0.275443507009248,0.0211113433051413,8.36226595606926
3.99196428571429,0.226079715418025,0.275423587629885,0.0211012474643418,8.36239646900814
3.99206349206349,0.226061671882222,0.275403669007122,0.0210911564516006,8.36252697072611
3.9921626984127,0.226043629910071,0.275383751141288,0.021081070264607,8.36265746122453
3.99226190476191,0.226025589501375,0.275363834032717,0.0210709889010512,8.36278794050475
3.99236111111111,0.226007550655939,0.275343917681738,0.0210609123586251,8.36291840856813
3.99246031746032,0.225989513373566,0.275324002088685,0.021050840635021,8.36304886541601
3.99255952380952,0.225971477654062,0.275304087253888,0.0210407737279328,8.36317931104975
3.99265873015873,0.22595344349723,0.275284173177678,0.0210307116350552,8.36330974547069
3.99275793650794,0.225935410902874,0.275264259860386,0.021020654354084,8.3634401686802
3.99285714285714,0.225917379870799,0.275244347302344,0.0210106018827163,8.36357058067961
3.99295634920635,0.225899350400808,0.275224435503882,0.02100055421865,8.36370098147029
3.99305555555556,0.225881322492707,0.275204524465332,0.0209905113595844,8.36383137105358
3.99315476190476,0.225863296146298,0.275184614187024,0.0209804733032196,8.36396174943083
3.99325396825397,0.225845271361386,0.27516470466929,0.0209704400472569,8.36409211660338
3.99335317460317,0.225827248137776,0.275144795912459,0.0209604115893989,8.3642224725726
3.99345238095238,0.22580922647527,0.275124887916862,0.0209503879273489,8.36435281733983
3.99355158730159,0.225791206373674,0.27510498068283,0.0209403690588115,8.36448315090642
3.99365079365079,0.225773187832792,0.275085074210694,0.0209303549814924,8.36461347327372
3.99375,0.225755170852426,0.275065168500783,0.0209203456930983,8.36474378444307
3.99384920634921,0.225737155432382,0.275045263553428,0.0209103411913372,8.36487408441582
3.99394841269841,0.225719141572464,0.27502535936896,0.0209003414739179,8.36500437319333
3.99404761904762,0.225701129272475,0.275005455947707,0.0208903465385505,8.36513465077694
3.99414682539683,0.22568311853222,0.274985553290002,0.0208803563829461,8.36526491716799
3.99424603174603,0.225665109351502,0.274965651396173,0.0208703710048168,8.36539517236784
3.99434523809524,0.225647101730126,0.27494575026655,0.020860390401876,8.36552541637783
3.99444444444444,0.225629095667894,0.274925849901463,0.020850414571838,8.3656556491993
3.99454365079365,0.225611091164613,0.274905950301242,0.0208404435124183,8.36578587083361
3.99464285714286,0.225593088220084,0.274886051466217,0.0208304772213335,8.3659160812821
3.99474206349206,0.225575086834113,0.274866153396718,0.0208205156963012,8.36604628054612
3.99484126984127,0.225557087006503,0.274846256093073,0.0208105589350401,8.36617646862701
3.99494047619048,0.225539088737058,0.274826359555612,0.0208006069352701,8.36630664552611
3.99503968253968,0.225521092025583,0.274806463784665,0.0207906596947121,8.36643681124478
3.99513888888889,0.225503096871879,0.27478656878056,0.0207807172110879,8.36656696578435
3.9952380952381,0.225485103275753,0.274766674543628,0.0207707794821208,8.36669710914617
3.9953373015873,0.225467111237007,0.274746781074197,0.020760846505535,8.36682724133159
3.99543650793651,0.225449120755445,0.274726888372596,0.0207509182790556,8.36695736234195
3.99553571428571,0.225431131830872,0.274706996439155,0.020740994800409,8.36708747217859
3.99563492063492,0.225413144463091,0.274687105274202,0.0207310760673227,8.36721757084286
3.99573412698413,0.225395158651905,0.274667214878066,0.0207211620775252,8.36734765833609
3.99583333333333,0.225377174397119,0.274647325251075,0.0207112528287461,8.36747773465964
3.99593253968254,0.225359191698537,0.274627436393559,0.020701348318716,8.36760779981485
3.99603174603175,0.225341210555961,0.274607548305846,0.0206914485451669,8.36773785380305
3.99613095238095,0.225323230969197,0.274587660988265,0.0206815535058316,8.36786789662559
3.99623015873016,0.225305252938047,0.274567774441144,0.0206716631984441,8.36799792828381
3.99632936507937,0.225287276462316,0.274547888664811,0.0206617776207393,8.36812794877905
3.99642857142857,0.225269301541807,0.274528003659594,0.0206518967704535,8.36825795811266
3.99652777777778,0.225251328176324,0.274508119425823,0.020642020645324,8.36838795628598
3.99662698412698,0.22523335636567,0.274488235963825,0.0206321492430889,8.36851794330033
3.99672619047619,0.225215386109649,0.274468353273927,0.0206222825614877,8.36864791915708
3.9968253968254,0.225197417408066,0.274448471356459,0.0206124205982609,8.36877788385755
3.9969246031746,0.225179450260723,0.274428590211747,0.0206025633511502,8.36890783740309
3.99702380952381,0.225161484667424,0.274408709840121,0.0205927108178982,8.36903777979504
3.99712301587302,0.225143520627973,0.274388830241906,0.0205828629962487,8.36916771103473
3.99722222222222,0.225125558142173,0.274368951417432,0.0205730198839465,8.36929763112351
3.99732142857143,0.225107597209829,0.274349073367026,0.0205631814787375,8.36942754006271
3.99742063492064,0.225089637830743,0.274329196091015,0.0205533477783687,8.36955743785368
3.99751984126984,0.225071680004719,0.274309319589727,0.0205435187805885,8.36968732449774
3.99761904761905,0.225053723731561,0.274289443863489,0.0205336944831458,8.36981719999625
3.99771825396825,0.225035769011073,0.274269568912628,0.0205238748837911,8.36994706435053
3.99781746031746,0.225017815843057,0.274249694737471,0.0205140599802757,8.37007691756193
3.99791666666667,0.224999864227318,0.274229821338347,0.020504249770352,8.37020675963178
3.99801587301587,0.224981914163659,0.274209948715581,0.0204944442517737,8.37033659056141
3.99811507936508,0.224963965651884,0.2741900768695,0.0204846434222954,8.37046641035218
3.99821428571429,0.224946018691796,0.274170205800432,0.0204748472796727,8.37059621900541
3.99831349206349,0.224928073283198,0.274150335508704,0.0204650558216627,8.37072601652243
3.9984126984127,0.224910129425894,0.274130465994642,0.0204552690460231,8.37085580290459
3.9985119047619,0.224892187119687,0.274110597258572,0.0204454869505131,8.37098557815322
3.99861111111111,0.224874246364382,0.274090729300822,0.0204357095328926,8.37111534226966
3.99871031746032,0.224856307159781,0.274070862121718,0.0204259367909228,8.37124509525524
3.99880952380952,0.224838369505687,0.274050995721586,0.0204161687223661,8.3713748371113
3.99890873015873,0.224820433401905,0.274031130100753,0.0204064053249857,8.37150456783916
3.99900793650794,0.224802498848237,0.274011265259544,0.0203966465965461,8.37163428744017
3.99910714285714,0.224784565844488,0.273991401198287,0.020386892534813,8.37176399591566
3.99920634920635,0.224766634390459,0.273971537917307,0.0203771431375528,8.37189369326697
3.99930555555556,0.224748704485956,0.27395167541693,0.0203673984025334,8.37202337949542
3.99940476190476,0.224730776130781,0.273931813697483,0.0203576583275234,8.37215305460235
3.99950396825397,0.224712849324737,0.27391195275929,0.0203479229102929,8.3722827185891
3.99960317460317,0.224694924067627,0.273892092602679,0.0203381921486127,8.37241237145699
3.99970238095238,0.224677000359256,0.273872233227974,0.0203284660402549,8.37254201320737
3.99980158730159,0.224659078199427,0.273852374635501,0.0203187445829928,8.37267164384155
3.99990079365079,0.224641157587942,0.273832516825587,0.0203090277746005,8.37280126336088
4,0.224623238524605,0.273812659798555,0.0202993156128533,8.37293087176668
4,0.224623238524605,0.273812659798555,5.02029931561285,8.37293087176668
4.00009920634921,0.225528913202021,0.273792989995389,5.01789851352504,8.37353895050224
4.00019841269841,0.226433143956459,0.273773693362847,5.0154988594134,8.37414731390928
4.00029761904762,0.227335932882587,0.273754769169618,5.01310035286369,8.37475596130183
4.00039682539683,0.228237282053611,0.273736216682587,5.01070299323543,8.37536489199604
4.00049603174603,0.229137193532641,0.273718035172432,5.00830677999503,8.37597410528079
4.00059523809524,0.230035669372723,0.273700223913624,5.00591171271572,8.3765836004177
4.00069444444444,0.230932711653867,0.273682782177419,5.00351779089662,8.37719337669626
4.00079365079365,0.231828322472535,0.27366570923246,5.0011250139029,8.3778034334388
4.00089285714286,0.232722503896594,0.273649004352964,4.99873338118709,8.37841376993694
4.00099206349206,0.233615257990853,0.273632666814234,4.99634289220195,8.37902438548386
4.00109126984127,0.23450658681706,0.273616695892658,4.99395354640042,8.37963527937433
4.00119047619048,0.23539649243391,0.273601090865714,4.99156534323568,8.38024645090467
4.00128968253968,0.236284976897019,0.273585851011964,4.98917828216114,8.38085789937277
4.00138888888889,0.237172042258963,0.273570975611058,4.9867923626304,8.38146962407806
4.00148809523809,0.238057690569252,0.273556463943734,4.98440758409729,8.38208162432159
4.0015873015873,0.238941923874336,0.273542315291816,4.98202394601583,8.38269389940592
4.00168650793651,0.239824744217605,0.273528528938214,4.97964144784028,8.38330644863522
4.00178571428571,0.240706153639389,0.273515104166926,4.97726008902511,8.38391927131519
4.00188492063492,0.241586154176966,0.273502040263036,4.97487986902498,8.38453236675312
4.00198412698413,0.242464747864535,0.273489336512717,4.97250078729482,8.38514573425786
4.00208333333333,0.243341936733253,0.273476992203226,4.97012284328973,8.38575937313981
4.00218253968254,0.244217722811212,0.273465006622909,4.96774603646503,8.38637328271097
4.00228174603175,0.245092108123445,0.273453379061197,4.96537036627626,8.38698746228487
4.00238095238095,0.245965094691924,0.27344210880861,4.96299583217918,8.38760191117662
4.00248015873016,0.246836684535562,0.273431195156754,4.96062243362975,8.3882166287029
4.00257936507936,0.247706879670212,0.27342063739832,4.95825017008417,8.38883161418196
4.00267857142857,0.248575682108674,0.27341043482709,4.95587904099883,8.3894468669336
4.00277777777778,0.24944309386067,0.273400586737929,4.95350904583035,8.39006238627919
4.00287698412698,0.250309116932879,0.273391092426792,4.95114018403557,8.39067817154167
4.00297619047619,0.251173753328916,0.273381951190717,4.94877245507151,8.39129422204556
4.0030753968254,0.252037005049337,0.273373162327832,4.94640585839546,8.39191053711691
4.0031746031746,0.252898874211325,0.273364725095508,4.94404039346802,8.39252711602744
4.00327380952381,0.253759362922409,0.273356638755757,4.94167605975077,8.39314395804973
4.00337301587302,0.254618473164506,0.273348902615195,4.93931285670271,8.39376106251311
4.00347222222222,0.255476206917033,0.273341515981387,4.93695078378315,8.39437842874782
4.00357142857143,0.256332566156947,0.273334478162845,4.93458984045158,8.39499605608503
4.00367063492063,0.257187552858714,0.273327788469027,4.93223002616781,8.39561394385689
4.00376984126984,0.258041168994322,0.273321446210339,4.92987134039185,8.39623209139646
4.00386904761905,0.258893416533274,0.273315450698136,4.92751378258402,8.39685049803774
4.00396825396825,0.259744297442596,0.273309801244717,4.92515735220485,8.39746916311569
4.00406746031746,0.260593813686829,0.273304497163331,4.92280204871516,8.39808808596618
4.00416666666667,0.261441967228041,0.273299537768175,4.92044787157598,8.39870726592605
4.00426587301587,0.2622887600258,0.27329492237439,4.91809482024867,8.39932670233307
4.00436507936508,0.26313419403721,0.273290650298067,4.91574289419478,8.39994639452593
4.00446428571429,0.26397827121689,0.273286720856244,4.91339209287613,8.40056634184429
4.00456349206349,0.264820993516975,0.273283133366906,4.91104241575481,8.40118654362873
4.0046626984127,0.26566236288712,0.273279887148984,4.90869386229316,8.40180699922078
4.0047619047619,0.266502381274499,0.27327698152236,4.90634643195376,8.40242770796291
4.00486111111111,0.267341050623809,0.273274415807859,4.90400012419945,8.40304866919853
4.00496031746032,0.268178372877251,0.273272189327257,4.90165493849336,8.40366988227198
4.00505952380952,0.26901434997456,0.273270301403275,4.89931087429884,8.40429134652854
4.00515873015873,0.269848983852984,0.273268751359581,4.8969679310795,8.40491306131444
4.00525793650794,0.27068227644729,0.273267538520793,4.89462610829921,8.40553502597685
4.00535714285714,0.271514229689765,0.273266662212475,4.8922854054221,8.40615723986388
4.00545634920635,0.272344845510213,0.273266121761136,4.88994582191255,8.40677970232458
4.00555555555556,0.273174125835958,0.273265916494237,4.88760735723519,8.40740241270892
4.00565476190476,0.274002072591847,0.273266045740182,4.88527001085489,8.40802537036784
4.00575396825397,0.274828687700229,0.273266508828325,4.88293378223684,8.4086485746532
4.00585317460317,0.275653973080991,0.273267305088966,4.88059867084643,8.40927202491781
4.00595238095238,0.276477930651529,0.273268433853354,4.8782646761493,8.40989572051541
4.00605158730159,0.277300562326762,0.273269894453683,4.87593179761138,8.41051966080069
4.00615079365079,0.278121870019124,0.273271686223096,4.87360003469883,8.41114384512928
4.00625,0.278941855638571,0.273273808495683,4.87126938687807,8.41176827285774
4.00634920634921,0.27976052109258,0.273276260606481,4.86893985361577,8.41239294334359
4.00644841269841,0.280577868286133,0.273279041891474,4.8666114343789,8.41301785594526
4.00654761904762,0.281393899121746,0.273282151687596,4.86428412863463,8.41364301002213
4.00664682539683,0.282208615499447,0.273285589332724,4.8619579358504,8.41426840493455
4.00674603174603,0.283022019316786,0.273289354165686,4.85963285549392,8.41489404004376
4.00684523809524,0.283834112468828,0.273293445526255,4.85730888703314,8.41551991471199
4.00694444444444,0.28464489684816,0.273297862755154,4.85498602993628,8.41614602830237
4.00704365079365,0.285454374344884,0.27330260519405,4.85266428367179,8.416772380179
4.00714285714286,0.286262546846631,0.273307672185559,4.8503436477084,8.41739896970689
4.00724206349206,0.287069416238529,0.273313063073246,4.8480241215151,8.41802579625201
4.00734126984127,0.287874984403246,0.27331877720162,4.84570570456112,8.41865285918127
4.00744047619048,0.28867925322096,0.273324813916141,4.84338839631594,8.41928015786251
4.00753968253968,0.289482224569368,0.273331172563212,4.84107219624931,8.41990769166452
4.00763888888889,0.290283900323688,0.273337852490187,4.83875710383122,8.42053545995703
4.00773809523809,0.291084282356655,0.273344853045367,4.83644311853194,8.4211634621107
4.0078373015873,0.291883372538527,0.273352173577998,4.83413023982196,8.42179169749714
4.00793650793651,0.292681172737067,0.273359813438275,4.83181846717208,8.42242016548888
4.00803571428571,0.293477684817572,0.273367771977341,4.82950780005329,8.42304886545942
4.00813492063492,0.294272910642851,0.273376048547285,4.82719823793688,8.42367779678319
4.00823412698413,0.295066852073234,0.273384642501144,4.82488978029439,8.42430695883554
4.00833333333333,0.295859510966567,0.273393553192902,4.82258242659759,8.42493635099279
4.00843253968254,0.296650889178217,0.273402779977491,4.82027617631853,8.42556597263217
4.00853174603175,0.29744098856107,0.273412322210789,4.81797102892951,8.42619582313188
4.00863095238095,0.298229810965533,0.273422179249622,4.81566698390306,8.42682590187104
4.00873015873016,0.29901735823952,0.273432350451765,4.81336404071204,8.42745620822971
4.00882936507937,0.299803632228475,0.273442835175939,4.81106219882948,8.4280867415889
4.00892857142857,0.30058863477536,0.273453632781811,4.80876145772871,8.42871750133056
4.00902777777778,0.301372367720652,0.273464742629997,4.8064618168833,8.42934848683757
4.00912698412698,0.302154832902349,0.27347616408206,4.80416327576709,8.42997969749375
4.00922619047619,0.302936032155967,0.273487896500511,4.80186583385415,8.43061113268387
4.0093253968254,0.303715967314546,0.273499939248806,4.79956949061882,8.43124279179364
4.0094246031746,0.304494640208629,0.273512291691352,4.79727424553573,8.43187467420969
4.00952380952381,0.305272052666293,0.273524953193501,4.79498009807971,8.43250677931962
4.00962301587302,0.306048206513129,0.273537923121552,4.79268704772587,8.43313910651195
4.00972222222222,0.306823103572246,0.273551200842751,4.79039509394957,8.43377165517614
4.00982142857143,0.307596745664274,0.273564785725295,4.78810423622643,8.43440442470261
4.00992063492063,0.308369134607358,0.273578677138324,4.78581447403233,8.43503741448268
4.01001984126984,0.309140272217166,0.273592874451928,4.78352580684339,8.43567062390866
4.01011904761905,0.309910160306886,0.273607377037143,4.781238234136,8.43630405237376
4.01021825396825,0.310678800687211,0.273622184265952,4.7789517553868,8.43693769927215
4.01031746031746,0.311446195166368,0.273637295511287,4.7766663700727,8.43757156399893
4.01041666666667,0.312212345550098,0.273652710147027,4.77438207767084,8.43820564595014
4.01051587301587,0.312977253641661,0.273668427547997,4.77209887765862,8.43883994452278
4.01061507936508,0.313740921241834,0.273684447089971,4.76981676951371,8.43947445911476
4.01071428571429,0.314503350148914,0.273700768149668,4.76753575271402,8.44010918912496
4.01081349206349,0.315264542158722,0.273717390104758,4.76525582673772,8.44074413395317
4.0109126984127,0.316024499064582,0.273734312333854,4.76297699106327,8.44137929300014
4.01101190476191,0.316783222657351,0.27375153421652,4.76069924516932,8.44201466566756
4.01111111111111,0.317540714725402,0.273769055133266,4.75842258853482,8.44265025135804
4.01121031746032,0.318296977054625,0.273786874465548,4.75614702063898,8.44328604947515
4.01130952380952,0.31905201142843,0.273804991595772,4.75387254096122,8.4439220594234
4.01140873015873,0.319805819627743,0.273823405907289,4.75159914898127,8.44455828060823
4.01150793650794,0.320558403431011,0.273842116784399,4.74932684417908,8.44519471243603
4.01160714285714,0.321309764614205,0.273861123612349,4.74705562603485,8.44583135431412
4.01170634920635,0.322059904950799,0.273880425777332,4.74478549402909,8.44646820565076
4.01180555555556,0.3228088262118,0.273900022666489,4.74251644764251,8.44710526585516
4.01190476190476,0.32355653016573,0.27391991366791,4.74024848635608,8.44774253433745
4.01200396825397,0.324303018578629,0.273940098170631,4.73798160965106,8.44838001050874
4.01210317460317,0.325048293214056,0.273960575564634,4.73571581700893,8.44901769378103
4.01220238095238,0.325792355833088,0.273981345240851,4.73345110791144,8.44965558356729
4.01230158730159,0.326535208194327,0.27400240659116,4.73118748184057,8.45029367928144
4.01240079365079,0.327276852053877,0.274023759008385,4.72892493827863,8.4509319803383
4.0125,0.328017289165378,0.274045401886301,4.72666347670811,8.45157048615367
4.01259920634921,0.328756521279983,0.274067334619627,4.72440309661178,8.45220919614427
4.01269841269841,0.329494550146361,0.27408955660403,4.72214379747267,8.45284810972776
4.01279761904762,0.330231377510703,0.274112067236126,4.71988557877406,8.45348722632274
4.01289682539683,0.330967005116718,0.274134865913476,4.71762843999948,8.45412654534876
4.01299603174603,0.331701434705633,0.27415795203459,4.71537238063273,8.45476606622631
4.01309523809524,0.332434668016199,0.274181324998926,4.71311740015784,8.45540578837681
4.01319444444444,0.333166706784671,0.274204984206886,4.71086349805914,8.45604571122261
4.01329365079365,0.333897552744837,0.274228929059823,4.70861067382118,8.45668583418703
4.01339285714286,0.334627207628,0.274253158960035,4.70635892692877,8.4573261566943
4.01349206349206,0.33535567316298,0.27427767331077,4.70410825686698,8.45796667816962
4.01359126984127,0.336082951076118,0.27430247151622,4.70185866312113,8.4586073980391
4.01369047619048,0.336809043091271,0.274327552981526,4.69961014517682,8.4592483157298
4.01378968253968,0.337533950929822,0.274352917112777,4.69736270251984,8.45988943066974
4.01388888888889,0.338257676310657,0.274378563317008,4.69511633463634,8.46053074228785
4.0139880952381,0.338980220950194,0.274404491002203,4.69287104101263,8.46117225001402
4.0140873015873,0.339701586562368,0.274430699577291,4.69062682113532,8.46181395327907
4.01418650793651,0.34042177485863,0.274457188452151,4.68838367449127,8.46245585151476
4.01428571428571,0.341140787547951,0.274483957037607,4.68614160056759,8.4630979441538
4.01438492063492,0.341858626336821,0.274511004745432,4.68390059885165,8.46374023062983
4.01448412698413,0.342575292929247,0.274538330988345,4.68166066883107,8.46438271037743
4.01458333333333,0.343290789026761,0.274565935180014,4.67942180999371,8.46502538283213
4.01468253968254,0.3440051163284,0.274593816735053,4.67718402182775,8.46566824743038
4.01478174603175,0.344718276530732,0.274621975069024,4.67494730382155,8.4663113036096
4.01488095238095,0.34543027132784,0.274650409598436,4.67271165546376,8.46695455080812
4.01498015873016,0.346141102411327,0.274679119740744,4.67047707624328,8.46759798846523
4.01507936507937,0.346850771470312,0.274708104914355,4.66824356564927,8.46824161602115
4.01517857142857,0.347559280191434,0.274737364538617,4.66601112317114,8.46888543291704
4.01527777777778,0.348266630258857,0.274766898033831,4.66377974829854,8.46952943859501
4.01537698412698,0.348972823354248,0.274796704821241,4.66154944052142,8.47017363249809
4.01547619047619,0.349677861156806,0.27482678432304,4.65932019932995,8.47081801407028
4.0155753968254,0.350381753557482,0.274857132715979,4.65709202399299,8.47146257950146
4.0156746031746,0.351084510284977,0.274887746240811,4.65486491378371,8.47210732504578
4.01577380952381,0.351786132772515,0.274918624416719,4.65263886819906,8.47275225024455
4.01587301587302,0.352486622452337,0.274949766763236,4.6504138867362,8.47339735463945
4.01597222222222,0.353185980755705,0.274981172800256,4.64818996889249,8.47404263777247
4.01607142857143,0.353884209112902,0.275012842048024,4.64596711416546,8.47468809918599
4.01617063492063,0.354581308953217,0.275044774027143,4.64374532205292,8.47533373842272
4.01626984126984,0.35527728170497,0.27507696825857,4.64152459205279,8.47597955502571
4.01636904761905,0.355972128795497,0.275109424263619,4.63930492366325,8.47662554853839
4.01646825396825,0.35666585165115,0.275142141563957,4.63708631638266,8.47727171850449
4.01656746031746,0.357358451697302,0.275175119681609,4.63486876970958,8.47791806446813
4.01666666666667,0.358049930358344,0.275208358138953,4.63265228314277,8.47856458597377
4.01676587301587,0.358740289057688,0.275241856458725,4.63043685618118,8.4792112825662
4.01686507936508,0.359429529217754,0.275275614164014,4.62822248832401,8.47985815379057
4.01696428571429,0.360117652259991,0.275309630778265,4.62600917907061,8.48050519919239
4.01706349206349,0.360804659604864,0.27534390582528,4.62379692792055,8.4811524183175
4.0171626984127,0.361490552671857,0.275378438829215,4.6215857343736,8.4817998107121
4.0172619047619,0.362175332879471,0.275413229314582,4.61937559792972,8.48244737592274
4.01736111111111,0.362859001645227,0.275448276806247,4.61716651808909,8.4830951134963
4.01746031746032,0.363541560385663,0.275483580829433,4.61495849435208,8.48374302298003
4.01755952380952,0.36422301051634,0.275519140909719,4.61275152621924,8.48439110392153
4.01765873015873,0.364903353451827,0.275554956573036,4.61054561319138,8.48503935586872
4.01775793650794,0.365582590605721,0.275591027345675,4.60834075476946,8.4856877783699
4.01785714285714,0.366260723390635,0.275627352754279,4.60613695045466,8.48633637097369
4.01795634920635,0.366937753218201,0.275663932325847,4.60393419974834,8.4869851332291
4.01805555555556,0.36761368149907,0.275700765587735,4.60173250215209,8.48763406468545
4.01815476190476,0.368288509642908,0.275737852067653,4.59953185716769,8.48828316489242
4.01825396825397,0.368962239058409,0.275775191293668,4.59733226429709,8.48893243340004
4.01835317460317,0.369634871153268,0.275812782794198,4.59513372304251,8.48958186975869
4.01845238095238,0.370306407334214,0.275850626098023,4.59293623290632,8.4902314735191
4.01855158730159,0.37097684900699,0.275888720734273,4.59073979339109,8.49088124423234
4.01865079365079,0.371646197576357,0.275927066232436,4.58854440399961,8.49153118144983
4.01875,0.372314454446094,0.275965662122355,4.58635006423487,8.49218128472335
4.01884920634921,0.372981621019001,0.276004507934228,4.58415677360004,8.49283155360503
4.01894841269841,0.373647698696893,0.276043603198609,4.58196453159852,8.49348198764732
4.01904761904762,0.374312688880611,0.276082947446407,4.57977333773387,8.49413258640306
4.01914682539683,0.374976592969999,0.276122540208886,4.57758319150991,8.4947833494254
4.01924603174603,0.375639412363935,0.276162381017666,4.57539409243062,8.49543427626785
4.01934523809524,0.376301148460309,0.276202469404722,4.57320604000018,8.49608536648429
4.01944444444444,0.376961802656031,0.276242804902386,4.57101903372299,8.49673661962893
4.01954365079365,0.377621376347029,0.276283387043343,4.56883307310363,8.49738803525632
4.01964285714286,0.37827987092825,0.276324215360634,4.56664815764691,8.49803961292137
4.01974206349206,0.378937287793662,0.276365289387658,4.56446428685779,8.49869135217935
4.01984126984127,0.379593628336241,0.276406608658166,4.5622814602415,8.49934325258586
4.01994047619048,0.380248893947993,0.276448172706265,4.56009967730343,8.49999531369685
4.02003968253968,0.38090308601994,0.27648998106642,4.55791893754916,8.50064753506862
4.02013888888889,0.38155620594212,0.276532033273448,4.5557392404845,8.50129991625783
4.02023809523809,0.382208255103591,0.276574328862524,4.55356058561543,8.50195245682148
4.0203373015873,0.382859234892429,0.276616867369176,4.55138297244817,8.50260515631692
4.02043650793651,0.38350914669573,0.276659648329291,4.54920640048911,8.50325801430184
4.02053571428571,0.38415799189961,0.276702671279108,4.54703086924484,8.5039110303343
4.02063492063492,0.384805771889194,0.276745935755222,4.54485637822219,8.50456420397267
4.02073412698413,0.385452488048636,0.276789441294585,4.54268292692814,8.50521753477571
4.02083333333333,0.386098141761105,0.276833187434503,4.5405105148699,8.50587102230251
4.02093253968254,0.386742734408789,0.276877173712639,4.53833914155487,8.5065246661125
4.02103174603175,0.387386267372894,0.276921399667008,4.53616880649066,8.50717846576548
4.02113095238095,0.388028742033644,0.276965864835985,4.53399950918508,8.50783242082158
4.02123015873016,0.388670159770287,0.277010568758297,4.53183124914612,8.5084865308413
4.02132936507937,0.389310521961075,0.277055510973027,4.52966402588202,8.50914079538545
4.02142857142857,0.389949829983294,0.277100691019615,4.52749783890116,8.50979521401522
4.02152777777778,0.390588085213243,0.277146108437855,4.52533268771217,8.51044978629215
4.02162698412698,0.391225289026238,0.277191762767897,4.52316857182385,8.51110451177811
4.02172619047619,0.391861442796615,0.277237653550245,4.52100549074521,8.51175939003533
4.0218253968254,0.392496547897729,0.277283780325761,4.51884344398547,8.51241442062638
4.0219246031746,0.393130605701953,0.27733014263566,4.51668243105404,8.5130696031142
4.02202380952381,0.393763617580682,0.277376740021514,4.51452245146052,8.51372493706206
4.02212301587302,0.394395584904318,0.277423572025249,4.51236350471476,8.51438042203357
4.02222222222222,0.395026509042294,0.277470638189148,4.51020559032676,8.51503605759271
4.02232142857143,0.395656391363056,0.277517938055848,4.50804870780673,8.5156918433038
4.02242063492063,0.396285233234071,0.277565471168343,4.5058928566651,8.51634777873149
4.02251984126984,0.396913036021822,0.27761323706998,4.50373803641248,8.51700386344082
4.02261904761905,0.397539801091812,0.277661235304464,4.5015842465597,8.51766009699714
4.02271825396825,0.398165529808568,0.277709465415855,4.49943148661776,8.51831647896617
4.02281746031746,0.398790223535618,0.277757926948565,4.49727975609792,8.51897300891396
4.02291666666667,0.399413883635528,0.277806619447367,4.49512905451158,8.51962968640693
4.02301587301587,0.400036511469873,0.277855542457384,4.49297938137036,8.52028651101183
4.02311507936508,0.400658108399248,0.277904695524099,4.4908307361861,8.52094348229578
4.02321428571429,0.401278675783268,0.277954078193347,4.48868311847082,8.52160059982622
4.02331349206349,0.401898214980564,0.27800369001132,4.48653652773674,8.52225786317097
4.0234126984127,0.402516727348789,0.278053530524566,4.4843909634963,8.52291527189817
4.02351190476191,0.403134214244616,0.278103599279986,4.48224642526211,8.52357282557632
4.02361111111111,0.403750677023723,0.278153895824839,4.48010291254702,8.52423052377428
4.02371031746032,0.404366117040823,0.278204419706739,4.47796042486406,8.52488836606124
4.02380952380952,0.40498053564964,0.278255170473653,4.47581896172645,8.52554635200675
4.02390873015873,0.405593934202918,0.278306147673906,4.47367852264764,8.5262044811807
4.02400793650794,0.406206314052419,0.278357350856178,4.47153910714124,8.52686275315333
4.02410714285714,0.406817676548924,0.278408779569504,4.46940071472111,8.52752116749525
4.02420634920635,0.407428023042237,0.278460433363274,4.46726334490125,8.52817972377738
4.02430555555556,0.408037354881166,0.278512311787234,4.46512699719594,8.52883842157103
4.02440476190476,0.408645673413552,0.278564414391485,4.46299167111959,8.52949726044781
4.02450396825397,0.40925297998625,0.278616740726484,4.46085736618685,8.53015623997973
4.02460317460317,0.409859275945135,0.278669290343043,4.45872408191256,8.53081535973911
4.02470238095238,0.410464562635096,0.278722062792329,4.45659181781175,8.53147461929864
4.02480158730159,0.411068841400046,0.278775057625866,4.45446057339967,8.53213401823134
4.02490079365079,0.411672113582913,0.278828274395532,4.45233034819176,8.53279355611061
4.025,0.412274380525648,0.27888171265356,4.45020114170365,8.53345323251017
4.02509920634921,0.41287564356921,0.278935371952539,4.44807295345121,8.53411304700409
4.02519841269841,0.413475904053588,0.278989251845414,4.44594578295048,8.53477299916681
4.02529761904762,0.414075163317784,0.279043351885485,4.44381962971769,8.53543308857308
4.02539682539683,0.414673422699821,0.279097671626408,4.4416944932693,8.53609331479804
4.02549603174603,0.415270683536738,0.279152210622192,4.43957037312195,8.53675367741716
4.02559523809524,0.415866947164595,0.279206968427205,4.43744726879249,8.53741417600626
4.02569444444444,0.416462214918472,0.279261944596168,4.43532517979796,8.53807481014151
4.02579365079365,0.417056488132458,0.279317138684157,4.43320410565564,8.53873557939941
4.02589285714286,0.417649768139671,0.279372550246606,4.43108404588296,8.53939648335684
4.02599206349206,0.418242056272244,0.279428178839301,4.42896499999759,8.54005752159101
4.02609126984127,0.418833353861329,0.279484024018387,4.42684696751736,8.54071869367948
4.02619047619048,0.419423662237094,0.279540085340362,4.42472994796034,8.54137999920017
4.02628968253968,0.42001298272873,0.27959636236208,4.42261394084478,8.54204143773133
4.02638888888889,0.420601316664443,0.27965285464075,4.42049894568914,8.54270300885156
4.0264880952381,0.421188665371463,0.279709561733938,4.41838496201206,8.54336471213984
4.0265873015873,0.421775030176026,0.279766483199563,4.41627198933243,8.54402654717545
4.02668650793651,0.422360412403398,0.279823618595901,4.41416002716929,8.54468851353805
4.02678571428571,0.422944813377861,0.279880967481584,4.41204907504191,8.54535061080765
4.02688492063492,0.423528234422715,0.279938529415597,4.40993913246974,8.54601283856459
4.02698412698413,0.424110676860277,0.279996303957284,4.40783019897244,8.54667519638958
4.02708333333333,0.424692142011886,0.28005429066634,4.40572227406989,8.54733768386365
4.02718253968254,0.4252726311979,0.28011248910282,4.40361535728213,8.54800030056822
4.02728174603175,0.425852145737684,0.280170898827131,4.40150944812945,8.54866304608501
4.02738095238095,0.426430686949637,0.280229519400036,4.3994045461323,8.54932591999613
4.02748015873016,0.427008256151168,0.280288350382655,4.39730065081136,8.549988921884
4.02757936507937,0.427584854658707,0.280347391336462,4.39519776168749,8.55065205133143
4.02767857142857,0.428160483787703,0.280406641823286,4.39309587828176,8.55131530792155
4.02777777777778,0.428735144852621,0.280466101405314,4.39099500011543,8.55197869123785
4.02787698412698,0.429308839166948,0.280525769645085,4.38889512670999,8.55264220086416
4.02797619047619,0.429881568043189,0.280585646105496,4.38679625758708,8.55330583638467
4.0280753968254,0.430453332792861,0.280645730349798,4.3846983922686,8.55396959738391
4.0281746031746,0.431024134726508,0.280706021941598,4.38260153027663,8.55463348344676
4.02827380952381,0.431593975153689,0.280766520444859,4.38050567113342,8.55529749415844
4.02837301587302,0.432162855382981,0.280827225423897,4.37841081436147,8.55596162910454
4.02847222222222,0.432730776721982,0.280888136443386,4.37631695948343,8.55662588787098
4.02857142857143,0.433297740477306,0.280949253068355,4.3742241060222,8.55729027004404
4.02867063492064,0.43386374795459,0.281010574864187,4.37213225350083,8.55795477521034
4.02876984126984,0.434428800458479,0.281072101396622,4.37004140144263,8.55861940295685
4.02886904761905,0.434992899292647,0.281133832231754,4.36795154937107,8.5592841528709
4.02896825396825,0.435556045759783,0.281195766936034,4.36586269680983,8.55994902454014
4.02906746031746,0.436118241161595,0.281257905076267,4.36377484328279,8.5606140175526
4.02916666666667,0.436679486798809,0.281320246219614,4.36168798831403,8.56127913149665
4.02926587301587,0.437239783971169,0.281382789933592,4.35960213142785,8.56194436596099
4.02936507936508,0.437799133977439,0.281445535786072,4.35751727214871,8.56260972053469
4.02946428571429,0.438357538115405,0.281508483345282,4.3554334100013,8.56327519480717
4.02956349206349,0.438914997681858,0.281571632179803,4.35335054451053,8.56394078836817
4.0296626984127,0.439471513972622,0.281634981858575,4.35126867520147,8.56460650080782
4.02976190476191,0.440027088282534,0.28169853195089,4.34918780159941,8.56527233171656
4.02986111111111,0.44058172190545,0.281762282026398,4.34710792322985,8.5659382806852
4.02996031746032,0.441135416134244,0.281826231655102,4.34502903961846,8.5666043473049
4.03005952380952,0.44168817226081,0.281890380407362,4.34295115029115,8.56727053116716
4.03015873015873,0.442239991576062,0.281954727853895,4.34087425477399,8.56793683186383
4.03025793650794,0.442790875369923,0.282019273565768,4.3387983525933,8.5686032489871
4.03035714285714,0.443340824931345,0.28208401711441,4.33672344327557,8.56926978212953
4.03045634920635,0.443889841548297,0.2821489580716,4.33464952634749,8.56993643088401
4.03055555555556,0.444437926507762,0.282214096009476,4.33257660133595,8.57060319484378
4.03065476190476,0.444985081095746,0.28227943050053,4.33050466776805,8.57127007360245
4.03075396825397,0.445531306597271,0.282344961117609,4.32843372517109,8.57193706675394
4.03085317460317,0.446076604296378,0.282410687433917,4.32636377307257,8.57260417389256
4.03095238095238,0.446620975476131,0.282476609023012,4.32429481100018,8.57327139461295
4.03105158730159,0.447164421418601,0.282542725458807,4.32222683848184,8.57393872851007
4.03115079365079,0.447706943404889,0.282609036315572,4.32015985504564,8.57460617517928
4.03125,0.448248542715109,0.282675541167931,4.31809386021988,8.57527373421626
4.03134920634921,0.448789220628396,0.282742239590864,4.31602885353308,8.57594140521704
4.03144841269841,0.449328978422903,0.282809131159707,4.31396483451393,8.57660918777801
4.03154761904762,0.449867817375799,0.28287621545015,4.31190180269133,8.57727708149588
4.03164682539683,0.45040573876328,0.28294349203824,4.30983975759439,8.57794508596775
4.03174603174603,0.450942743860544,0.283010960500379,4.30777869875243,8.57861320079104
4.03184523809524,0.451478833941824,0.283078620413322,4.30571862569496,8.57928142556351
4.03194444444444,0.452014010280363,0.283146471354184,4.30365953795168,8.5799497598833
4.03204365079365,0.452548274148426,0.283214512900431,4.3016014350525,8.58061820334889
4.03214285714286,0.453081626817294,0.283282744629888,4.29954431652753,8.58128675555908
4.03224206349206,0.453614069557269,0.283351166120732,4.29748818190708,8.58195541611305
4.03234126984127,0.45414560363767,0.283419776951498,4.29543303072167,8.58262418461032
4.03244047619048,0.454676230326839,0.283488576701076,4.293378862502,8.58329306065075
4.03253968253968,0.455205950892124,0.28355756494871,4.29132567677902,8.58396204383456
4.03263888888889,0.455734766599904,0.283626741274,4.28927347308381,8.58463113376232
4.03273809523809,0.456262678715573,0.283696105256903,4.28722225094771,8.58530033003492
4.0328373015873,0.456789688503542,0.283765656477729,4.28517200990222,8.58596963225365
4.03293650793651,0.457315797227243,0.283835394517145,4.28312274947907,8.58663904002009
4.03303571428571,0.457841006149123,0.283905318956174,4.28107446921018,8.58730855293621
4.03313492063492,0.458365316530655,0.283975429376193,4.27902716862765,8.58797817060433
4.03323412698413,0.458888729632318,0.284045725358933,4.27698084726384,8.58864789262709
4.03333333333333,0.45941124671362,0.284116206486484,4.27493550465124,8.58931771860748
4.03343253968254,0.459932869033083,0.284186872341289,4.2728911403226,8.58998764814888
4.03353174603175,0.46045359784825,0.284257722506147,4.27084775381082,8.59065768085496
4.03363095238095,0.460973434415681,0.284328756564213,4.26880534464904,8.5913278163298
4.03373015873016,0.461492379990956,0.284399974098996,4.26676391237058,8.59199805417777
4.03382936507936,0.46201043582867,0.284471374694363,4.26472345650897,8.59266839400363
4.03392857142857,0.462527603182444,0.284542957934533,4.26268397659793,8.59333883541248
4.03402777777778,0.463043883304906,0.284614723404082,4.2606454721714,8.59400937800974
4.03412698412698,0.463559277447711,0.284686670687942,4.25860794276351,8.59468002140122
4.03422619047619,0.464073786861531,0.2847587993714,4.2565713879086,8.59535076519305
4.0343253968254,0.464587412796056,0.284831109040099,4.25453580714118,8.59602160899173
4.0344246031746,0.465100156499996,0.284903599280036,4.25250119999599,8.59669255240408
4.03452380952381,0.465612019221076,0.284976269677563,4.25046756600798,8.59736359503729
4.03462301587302,0.466123002206047,0.285049119819391,4.24843490471225,8.59803473649891
4.03472222222222,0.466633106700665,0.285122149292582,4.24640321564418,8.5987059763968
4.03482142857143,0.467142333949717,0.285195357684557,4.24437249833928,8.5993773143392
4.03492063492063,0.467650685197004,0.285268744583089,4.24234275233329,8.60004874993469
4.03501984126984,0.468158161685346,0.285342309576309,4.24031397716216,8.6007202827922
4.03511904761905,0.468664764656581,0.285416052252703,4.23828617236201,8.60139191252099
4.03521825396825,0.469170495351566,0.285489972201111,4.2362593374692,8.60206363873071
4.03531746031746,0.469675355010177,0.285564069010731,4.23423347202027,8.60273546103131
4.03541666666667,0.47017934487131,0.285638342271114,4.23220857555193,8.60340737903313
4.03551587301587,0.470682466172872,0.285712791572167,4.23018464760117,8.60407939234683
4.03561507936508,0.471184720151798,0.285787416504152,4.22816168770512,8.60475150058342
4.03571428571429,0.471686108044036,0.285862216657689,4.22613969540111,8.60542370335429
4.03581349206349,0.472186631084555,0.28593719162375,4.2241186702267,8.60609600027114
4.0359126984127,0.472686290507341,0.286012340993665,4.22209861171963,8.60676839094603
4.0360119047619,0.4731850875454,0.286087664359117,4.22007951941786,8.60744087499138
4.03611111111111,0.473683023430759,0.286163161312147,4.21806139285951,8.60811345201996
4.03621031746032,0.474180099394454,0.286238831445149,4.21604423158296,8.60878612164487
4.03630952380952,0.474676316666548,0.286314674350874,4.21402803512676,8.60945888347956
4.03640873015873,0.47517167647612,0.286390689622428,4.21201280302965,8.61013173713785
4.03650793650794,0.47566618005127,0.286466876853272,4.20999853483058,8.61080468223389
4.03660714285714,0.476159828619113,0.286543235637224,4.20798523006872,8.61147771838218
4.03670634920635,0.476652623405784,0.286619765568455,4.20597288828341,8.61215084519758
4.03680555555556,0.477144565636437,0.286696466241492,4.20396150901421,8.61282406229529
4.03690476190476,0.477635656535246,0.286773337251221,4.20195109180087,8.61349736929086
4.03700396825397,0.478125897325397,0.286850378192877,4.19994163618336,8.61417076580018
4.03710317460317,0.478615289229101,0.286927588662055,4.19793314170184,8.61484425143949
4.03720238095238,0.479103833467587,0.287004968254704,4.19592560789666,8.61551782582541
4.03730158730159,0.479591531261099,0.28708251656713,4.19391903430839,8.61619148857486
4.03740079365079,0.480078383828904,0.287160233195992,4.19191342047778,8.61686523930514
4.0375,0.480564392389284,0.287238117738305,4.1899087659458,8.61753907763389
4.03759920634921,0.481049558159544,0.287316169791441,4.18790507025359,8.6182130031791
4.03769841269841,0.481533882355998,0.287394388953125,4.18590233294255,8.6188870155591
4.03779761904762,0.482017366193988,0.28747277482144,4.18390055355424,8.61956111439259
4.03789682539683,0.482500010887873,0.287551326994823,4.18189973163041,8.62023529929859
4.03799603174603,0.482981817651026,0.287630045072065,4.17989986671303,8.62090956989649
4.03809523809524,0.483462787695844,0.287708928652316,4.17790095834428,8.62158392580602
4.03819444444444,0.483942922233739,0.287787977335078,4.17590300606651,8.62225836664727
4.03829365079365,0.484422222475143,0.28786719072021,4.17390600942231,8.62293289204064
4.03839285714286,0.484900689629509,0.287946568407926,4.17190996795442,8.62360750160694
4.03849206349206,0.485378324905299,0.288026109998797,4.16991488120585,8.62428219496728
4.03859126984127,0.485855129510004,0.288105815093745,4.16792074871976,8.62495697174312
4.03869047619048,0.486331104650129,0.288185683294054,4.16592757003951,8.62563183155631
4.03878968253968,0.486806251531198,0.288265714201357,4.16393534470869,8.626306774029
4.03888888888889,0.487280571357755,0.288345907417646,4.16194407227107,8.62698179878372
4.03898809523809,0.487754065333361,0.288426262545269,4.15995375227063,8.62765690544333
4.0390873015873,0.488226734660598,0.288506779186927,4.15796438425152,8.62833209363106
4.03918650793651,0.488698580541059,0.288587456945677,4.15597596775817,8.62900736297046
4.03928571428571,0.489169604175364,0.288668295424932,4.15398850233512,8.62968271308544
4.03938492063492,0.489639806763148,0.28874929422846,4.15200198752717,8.63035814360028
4.03948412698413,0.490109189503065,0.288830452960386,4.15001642287928,8.63103365413958
4.03958333333333,0.490577753592789,0.288911771225188,4.14803180793666,8.6317092443283
4.03968253968254,0.491045500229009,0.288993248627701,4.14604814224467,8.63238491379174
4.03978174603175,0.491512430607436,0.289074884773115,4.1440654253489,8.63306066215557
4.03988095238095,0.491978545922801,0.289156679266975,4.14208365679513,8.63373648904579
4.03998015873016,0.492443847368844,0.289238631715182,4.14010283612937,8.63441239408874
4.04007936507937,0.492908336138334,0.289320741723991,4.13812296289779,8.63508837691114
4.04017857142857,0.493372013423054,0.289403008900015,4.13614403664677,8.63576443714003
4.04027777777778,0.493834880413807,0.289485432850221,4.13416605692291,8.63644057440281
4.04037698412698,0.494296938300414,0.28956801318193,4.132189023273,8.63711678832723
4.04047619047619,0.494758188271713,0.289650749502821,4.13021293524403,8.63779307854138
4.0405753968254,0.495218631515567,0.289733641420928,4.12823779238318,8.63846944467371
4.0406746031746,0.495678269218844,0.289816688544637,4.12626359423785,8.639145886353
4.04077380952381,0.496137102567444,0.289899890482694,4.12429034035565,8.6398224032084
4.04087301587302,0.49659513274628,0.289983246844198,4.12231803028435,8.64049899486941
4.04097222222222,0.497052360939284,0.290066757238604,4.12034666357196,8.64117566096585
4.04107142857143,0.497508788329406,0.290150421275722,4.11837623976668,8.64185240112791
4.04117063492063,0.497964416098616,0.290234238565717,4.11640675841689,8.64252921498613
4.04126984126984,0.498419245427902,0.290318208719112,4.1144382190712,8.64320610217139
4.04136904761905,0.498873277497272,0.290402331346782,4.11247062127839,8.64388306231494
4.04146825396825,0.499326513485745,0.290486606059959,4.11050396458749,8.64456009504833
4.04156746031746,0.499778954571368,0.29057103247023,4.10853824854769,8.6452372000035
4.04166666666667,0.500230601931202,0.290655610189538,4.10657347270839,8.64591437681274
4.04176587301587,0.500681456741328,0.290740338830182,4.1046096366192,8.64659162510866
4.04186507936508,0.501131520176844,0.290825218004815,4.10264673982991,8.64726894452425
4.04196428571429,0.501580793411869,0.290910247326446,4.10068478189053,8.64794633469282
4.04206349206349,0.502029277619541,0.290995426408439,4.09872376235126,8.64862379524805
4.0421626984127,0.502476973972009,0.291080754864514,4.09676368076253,8.64930132582395
4.04226190476191,0.502923883640448,0.291166232308746,4.09480453667492,8.6499789260549
4.04236111111111,0.50337000779505,0.291251858355566,4.09284632963926,8.6506565955756
4.04246031746032,0.503815347605026,0.29133763261976,4.09088905920655,8.65133433402114
4.04255952380952,0.504259904238604,0.291423554716469,4.088932724928,8.65201214102691
4.04265873015873,0.504703678863031,0.29150962426119,4.08697732635502,8.65269001622869
4.04275793650794,0.505146672644573,0.291595840869775,4.08502286303923,8.65336795926259
4.04285714285714,0.505588886748517,0.291682204158433,4.08306933453243,8.65404596976506
4.04295634920635,0.50603032233916,0.291768713743725,4.08111674038665,8.65472404737291
4.04305555555556,0.506470980579827,0.29185536924257,4.07916508015409,8.6554021917233
4.04315476190476,0.506910862632857,0.291942170272244,4.07721435338719,8.65608040245374
4.04325396825397,0.507349969659609,0.292029116450373,4.07526455963854,8.65675867920207
4.04335317460317,0.507788302820459,0.292116207394944,4.07331569846097,8.6574370216065
4.04345238095238,0.508225863274804,0.292203442724297,4.07136776940751,8.65811542930558
4.04355158730159,0.508662652181059,0.292290822057127,4.06942077203134,8.65879390193822
4.04365079365079,0.509098670696653,0.292378345012484,4.06747470588594,8.65947243914365
4.04375,0.509533919978038,0.292466011209776,4.06552957052489,8.66015104056147
4.04384920634921,0.509968401180685,0.292553820268764,4.06358536550202,8.66082970583163
4.04394841269841,0.510402115459081,0.292641771809565,4.06164209037137,8.66150843459442
4.04404761904762,0.510835063966734,0.292729865452652,4.05969974468715,8.66218722649048
4.04414682539683,0.511267247856169,0.292818100818853,4.05775832800379,8.66286608116081
4.04424603174603,0.511698668278929,0.29290647752935,4.05581783987591,8.66354499824674
4.04434523809524,0.51212932638558,0.292994995205685,4.05387827985833,8.66422397738996
4.04444444444444,0.512559223325697,0.293083653469749,4.05193964750611,8.6649030182325
4.04454365079365,0.512988360247881,0.293172451943793,4.05000194237446,8.66558212041675
4.04464285714286,0.513416738299752,0.293261390250422,4.04806516401881,8.66626128358545
4.04474206349206,0.513844358627945,0.293350468012596,4.04612931199479,8.66694050738166
4.04484126984127,0.514271222378116,0.293439684853632,4.04419438585823,8.66761979144882
4.04494047619048,0.514697330694938,0.2935290403972,4.04226038516518,8.66829913543072
4.04503968253968,0.515122684722106,0.293618534267328,4.04032730947184,8.66897853897148
4.04513888888889,0.515547285602324,0.293708166088396,4.03839515833469,8.66965800171556
4.0452380952381,0.515971134477326,0.293797935485144,4.03646393131034,8.67033752330781
4.0453373015873,0.516394232487858,0.293887842082663,4.03453362795563,8.67101710339338
4.04543650793651,0.516816580773687,0.293977885506402,4.0326042478276,8.6716967416178
4.04553571428571,0.517238180473598,0.294068065382165,4.03067579048348,8.67237643762693
4.04563492063492,0.517659032725394,0.294158381336111,4.02874825548072,8.673056191067
4.04573412698413,0.518079138665897,0.294248832994755,4.02682164237697,8.67373600158458
4.04583333333333,0.51849849943095,0.294339419984967,4.02489595073004,8.67441586882658
4.04593253968254,0.518917116155406,0.294430141933971,4.022971180098,8.67509579244025
4.04603174603175,0.519334989973146,0.294520998469348,4.02104733003909,8.67577577207321
4.04613095238095,0.519752122017066,0.294611989219036,4.01912440011175,8.67645580737343
4.04623015873016,0.520168513419079,0.294703113811325,4.01720238987463,8.67713589798921
4.04632936507937,0.52058416531012,0.294794371874863,4.01528129888657,8.67781604356921
4.04642857142857,0.52099907882014,0.294885763038652,4.01336112670662,8.67849624376243
4.04652777777778,0.521413255078111,0.29497728693205,4.01144187289402,8.67917649821823
4.04662698412698,0.521826695212017,0.295068943184769,4.00952353700824,8.67985680658631
4.04672619047619,0.522239400348869,0.29516073142688,4.00760611860891,8.68053716851672
4.0468253968254,0.522651371614691,0.295252651288805,4.0056896172559,8.68121758365987
4.0469246031746,0.523062610134528,0.295344702401325,4.00377403250925,8.68189805166649
4.04702380952381,0.523473117032442,0.295436884395574,4.00185936392921,8.6825785721877
4.04712301587302,0.523882893431516,0.295529196903042,3.99994561107624,8.68325914487492
4.04722222222222,0.524291940453849,0.295621639555576,3.998032773511,8.68393976937997
4.04732142857143,0.524700259220563,0.295714211985377,3.99612085079432,8.68462044535497
4.04742063492063,0.525107850851788,0.295806913825001,3.99420984248729,8.68530117245242
4.04751984126984,0.525514716466683,0.295899744707359,3.99229974815116,8.68598195032517
4.04761904761905,0.525920857183422,0.295992704265719,3.99039056734738,8.68666277862639
4.04771825396825,0.526326274119198,0.296085792133705,3.98848229963761,8.68734365700962
4.04781746031746,0.526730968390222,0.296179007945294,3.98657494458372,8.68802458512875
4.04791666666667,0.527134941111724,0.29627235133482,3.98466850174776,8.68870556263801
4.04801587301587,0.527538193397953,0.296365821936972,3.98276297069199,8.68938658919199
4.04811507936508,0.527940726362173,0.296459419386794,3.98085835097889,8.69006766444562
4.04821428571429,0.52834254111667,0.296553143319687,3.97895464217111,8.69074878805416
4.04831349206349,0.528743638772749,0.296646993371404,3.97705184383153,8.69142995967325
4.0484126984127,0.529144020440732,0.296740969178058,3.9751499555232,8.69211117895887
4.0485119047619,0.52954368722996,0.296835070376114,3.9732489768094,8.69279244556735
4.04861111111111,0.529942640248791,0.296929296602394,3.97134890725359,8.69347375915534
4.04871031746032,0.530340880604605,0.297023647494074,3.96944974641945,8.69415511937989
4.04880952380952,0.530738409403801,0.297118122688687,3.96755149387082,8.69483652589835
4.04890873015873,0.531135227751788,0.297212721824121,3.96565414917181,8.69551797836844
4.04900793650794,0.531531336753002,0.297307444538617,3.96375771188668,8.69619947644823
4.04910714285714,0.531926737510895,0.297402290470777,3.96186218157989,8.69688101979613
4.04920634920635,0.532321431127939,0.297497259259552,3.95996755781612,8.69756260807092
4.04930555555556,0.532715418705621,0.297592350544253,3.95807384016026,8.6982442409317
4.04940476190476,0.533108701344451,0.297687563964544,3.95618102817736,8.69892591803793
4.04950396825397,0.533501280143957,0.297782899160446,3.9542891214327,8.69960763904944
4.04960317460317,0.533893156202679,0.297878355772333,3.95239811949178,8.70028940362635
4.04970238095238,0.534284330618181,0.297973933440937,3.95050802192027,8.7009712114292
4.04980158730159,0.534674804487047,0.298069631807345,3.94861882828404,8.70165306211883
4.04990079365079,0.535064578904877,0.298165450512998,3.94673053814918,8.70233495535644
4.05,0.53545365496629,0.298261389199693,3.94484315108196,8.70301689080359
4.05009920634921,0.535842033764923,0.298357447509583,3.94295666664888,8.70369886812218
4.05019841269841,0.536229716393432,0.298453625085177,3.9410710844166,8.70438088697446
4.05029761904762,0.536616703943494,0.298549921569338,3.93918640395202,8.70506294702303
4.05039682539683,0.537002997505798,0.298646336605283,3.93730262482222,8.70574504793082
4.05049603174603,0.537388598170057,0.298742869836589,3.9354197465945,8.70642718936114
4.05059523809524,0.537773507025002,0.298839520907183,3.93353776883633,8.70710937097763
4.05069444444444,0.538157725158381,0.298936289461353,3.93165669111541,8.70779159244428
4.05079365079365,0.538541253656962,0.299033175143737,3.92977651299961,8.70847385342543
4.05089285714286,0.53892409360653,0.299130177599332,3.92789723405704,8.70915615358577
4.05099206349206,0.539306246091893,0.299227296473491,3.92601885385598,8.70983849259034
4.05109126984127,0.539687712196868,0.299324531411917,3.92414137196493,8.71052087010452
4.05119047619048,0.540068493004299,0.299421882060675,3.92226478795257,8.71120328579404
4.05128968253968,0.540448589596046,0.299519348066182,3.92038910138781,8.711885739325
4.05138888888889,0.540828003052987,0.29961692907521,3.91851431183974,8.71256823036381
4.05148809523809,0.54120673445502,0.299714624734889,3.91664041887765,8.71325075857726
4.0515873015873,0.541584784881059,0.299812434692702,3.91476742207104,8.71393332363248
4.05168650793651,0.54196215540904,0.299910358596487,3.91289532098961,8.71461592519694
4.05178571428571,0.542338847115918,0.300008396094442,3.91102411520323,8.71529856293848
4.05188492063492,0.542714861077657,0.300106546835113,3.90915380428205,8.71598123652525
4.05198412698413,0.543090198369251,0.300204810467408,3.90728438779634,8.71666394562579
4.05208333333333,0.543464860064708,0.300303186640586,3.9054158653166,8.71734668990896
4.05218253968254,0.543838847237054,0.300401675004266,3.90354823641354,8.71802946904399
4.05228174603175,0.544212160958335,0.300500275208417,3.90168150065807,8.71871228270045
4.05238095238095,0.544584802299615,0.300598986903367,3.89981565762128,8.71939513054824
4.05248015873016,0.544956772330979,0.3006978097398,3.89795070687447,8.72007801225764
4.05257936507937,0.545328072121522,0.300796743368752,3.89608664798917,8.72076092749925
4.05267857142857,0.545698702739367,0.300895787441616,3.89422348053707,8.72144387594404
4.05277777777778,0.546068665251651,0.300994941610142,3.89236120409008,8.72212685726332
4.05287698412698,0.546437960724531,0.301094205526434,3.89049981822031,8.72280987112874
4.05297619047619,0.546806590223182,0.301193578842951,3.88863932250008,8.72349291721232
4.0530753968254,0.547174554811799,0.301293061212509,3.88677971650188,8.72417599518641
4.0531746031746,0.547541855553591,0.301392652288277,3.88492099979844,8.72485910472371
4.05327380952381,0.547908493510794,0.301492351723782,3.88306317196265,8.72554224549729
4.05337301587302,0.548274469744651,0.301592159172904,3.88120623256765,8.72622541718052
4.05347222222222,0.548639785315432,0.301692074289881,3.87935018118675,8.72690861944718
4.05357142857143,0.549004441282425,0.301792096729304,3.87749501739345,8.72759185197135
4.05367063492063,0.549368438703933,0.30189222614612,3.87564074076148,8.72827511442749
4.05376984126984,0.549731778637279,0.301992462195633,3.87378735086475,8.72895840649038
4.05386904761905,0.550094462138807,0.3020928045335,3.87193484727738,8.72964172783518
4.05396825396825,0.550456490263879,0.302193252815737,3.87008322957368,8.73032507813737
4.05406746031746,0.550817864066869,0.302293806698711,3.8682324973282,8.7310084570728
4.05416666666667,0.551178584601176,0.302394465839146,3.86638265011563,8.73169186431765
4.05426587301587,0.551538652919217,0.302495229894124,3.86453368751091,8.73237529954846
4.05436507936508,0.551898070072426,0.302596098521078,3.86268560908916,8.73305876244212
4.05446428571429,0.552256837111258,0.302697071377801,3.86083841442569,8.73374225267587
4.05456349206349,0.552614955085182,0.302798148122437,3.85899210309605,8.73442576992728
4.0546626984127,0.55297242504269,0.302899328413489,3.85714667467594,8.73510931387429
4.05476190476191,0.553329248031292,0.303000611909814,3.85530212874129,8.73579288419518
4.05486111111111,0.553685425097512,0.303101998270624,3.85345846486825,8.73647648056857
4.05496031746032,0.554040957286897,0.303203487155486,3.85161568263313,8.73716010267345
4.05505952380952,0.554395845644011,0.303305078224323,3.84977378161247,8.73784375018915
4.05515873015873,0.554750091212438,0.303406771137416,3.84793276138299,8.73852742279532
4.05525793650794,0.555103695034779,0.303508565555396,3.84609262152163,8.73921112017201
4.05535714285714,0.555456658152654,0.303610461139255,3.84425336160552,8.73989484199957
4.05545634920635,0.555808981606704,0.303712457550336,3.84241498121198,8.74057858795874
4.05555555555556,0.556160666436581,0.30381455445034,3.84057747991857,8.74126235773057
4.05565476190476,0.556511713680962,0.303916751501322,3.83874085730301,8.74194615099649
4.05575396825397,0.556862124377543,0.304019048365694,3.83690511294324,8.74262996743825
4.05585317460317,0.557211899563036,0.304121444706222,3.83507024641739,8.74331380673798
4.05595238095238,0.557561040273172,0.304223940186028,3.83323625730381,8.74399766857813
4.05605158730159,0.5579095475427,0.304326534468589,3.83140314518103,8.74468155264153
4.05615079365079,0.558257422405389,0.304429227217738,3.8295709096278,8.74536545861132
4.05625,0.558604665894028,0.304532018097663,3.82773955022303,8.74604938617101
4.05634920634921,0.558951279040419,0.304634906772908,3.82590906654591,8.74673333500447
4.05644841269841,0.559297262875386,0.304737892908371,3.82407945817575,8.74741730479589
4.05654761904762,0.559642618428772,0.304840976169306,3.82225072469211,8.74810129522983
4.05664682539683,0.559987346729439,0.304944156221324,3.82042286567472,8.74878530599119
4.05674603174603,0.560331448805266,0.30504743273039,3.81859588070354,8.74946933676522
4.05684523809524,0.56067492568315,0.305150805362824,3.81676976935871,8.75015338723752
4.05694444444444,0.561017778389011,0.305254273785303,3.81494453122056,8.75083745709405
4.05704365079365,0.561360007947779,0.305357837664857,3.81312016586967,8.75152154602108
4.05714285714286,0.56170161538341,0.305461496668873,3.81129667288678,8.75220565370527
4.05724206349206,0.562042601718877,0.305565250465094,3.80947405185283,8.75288977983362
4.05734126984127,0.56238296797617,0.305669098721618,3.80765230234898,8.75357392409346
4.05744047619048,0.562722715176298,0.305773041106896,3.80583142395658,8.75425808617248
4.05753968253968,0.563061844339288,0.305877077289739,3.80401141625718,8.75494226575872
4.05763888888889,0.563400356484188,0.305981206939309,3.80219227883254,8.75562646254057
4.0577380952381,0.563738252629065,0.306085429725126,3.8003740112646,8.75631067620677
4.0578373015873,0.564075533790997,0.306189745317065,3.79855661313554,8.7569949064464
4.05793650793651,0.564412200986088,0.306294153385355,3.7967400840277,8.75767915294888
4.05803571428571,0.564748255229459,0.306398653600582,3.79492442352366,8.75836341540401
4.05813492063492,0.56508369753525,0.306503245633688,3.79310963120615,8.7590476935019
4.05823412698413,0.565418528916616,0.306607929155968,3.79129570665814,8.75973198693305
4.05833333333333,0.565752750385736,0.306712703839074,3.7894826494628,8.76041629538827
4.05843253968254,0.566086362953805,0.306817569355014,3.78767045920347,8.76110061855875
4.05853174603175,0.566419367631032,0.306922525376149,3.78585913546374,8.76178495613599
4.05863095238095,0.566751765426651,0.307027571575198,3.78404867782737,8.76246930781189
4.05873015873016,0.567083557348912,0.307132707625234,3.78223908587831,8.76315367327865
4.05882936507937,0.567414744405084,0.307237933199686,3.78043035920073,8.76383805222885
4.05892857142857,0.567745327601455,0.307343247972339,3.778622497379,8.7645224443554
4.05902777777778,0.56807530794333,0.307448651617331,3.77681549999768,8.76520684935157
4.05912698412698,0.568404686435033,0.307554143809158,3.77500936664155,8.76589126691097
4.05922619047619,0.56873346407991,0.307659724222671,3.77320409689556,8.76657569672758
4.0593253968254,0.569061641880318,0.307765392533074,3.77139969034491,8.76726013849569
4.0594246031746,0.569389220837639,0.30787114841593,3.76959614657495,8.76794459190997
4.05952380952381,0.569716201952271,0.307976991547154,3.76779346517126,8.76862905666543
4.05962301587302,0.570042586223632,0.30808292160302,3.7659916457196,8.76931353245742
4.05972222222222,0.570368374650156,0.308188938260154,3.76419068780597,8.76999801898166
4.05982142857143,0.570693568229299,0.30829504119554,3.76239059101652,8.77068251593419
4.05992063492064,0.571018167957536,0.308401230086516,3.76059135493763,8.77136702301142
4.06001984126984,0.571342174830352,0.308507504610775,3.75879297915589,8.7720515399101
4.06011904761905,0.571665589842259,0.308613864446367,3.75699546325807,8.77273606632732
4.06021825396825,0.571988413986788,0.308720309271696,3.75519880683114,8.77342060196054
4.06031746031746,0.572310648256483,0.308826838765522,3.7534030094623,8.77410514650756
4.06041666666667,0.57263229364291,0.30893345260696,3.75160807073892,8.77478969966651
4.06051587301587,0.572953351136654,0.309040150475482,3.74981399024858,8.77547426113589
4.06061507936508,0.573273821727316,0.309146932050913,3.74802076757906,8.77615883061455
4.06071428571429,0.57359370640352,0.309253797013436,3.74622840231834,8.77684340780168
4.06081349206349,0.573913006152901,0.309360745043586,3.74443689405462,8.77752799239681
4.0609126984127,0.57423172196212,0.309467775822256,3.74264624237628,8.77821258409983
4.06101190476191,0.574549854816852,0.309574889030695,3.7408564468719,8.77889718261097
4.06111111111111,0.574867405701793,0.309682084350505,3.73906750713027,8.77958178763084
4.06121031746032,0.575184375600657,0.309789361463646,3.73727942274038,8.78026639886034
4.06130952380952,0.575500765496175,0.30989672005243,3.73549219329142,8.78095101600078
4.06140873015873,0.575816576370101,0.31000415979953,3.73370581837277,8.78163563875377
4.06150793650794,0.5761318092032,0.310111680387966,3.73192029757403,8.7823202668213
4.06160714285714,0.576446464975261,0.310219281501122,3.730135630485,8.7830048999057
4.06170634920635,0.576760544665091,0.310326962822732,3.72835181669566,8.78368953770963
4.06180555555556,0.577074049250515,0.310434724036888,3.72656885579622,8.78437417993613
4.06190476190476,0.577386979708376,0.310542564828036,3.72478674737705,8.78505882628857
4.06200396825397,0.577699337014536,0.310650484880979,3.72300549102876,8.78574347647066
4.06210317460317,0.578011122143876,0.310758483880872,3.72122508634215,8.78642813018648
4.06220238095238,0.578322336070297,0.310866561513231,3.7194455329082,8.78711278714045
4.06230158730159,0.578632979766712,0.310974717463921,3.71766683031814,8.78779744703733
4.06240079365079,0.578943054205059,0.311082951419168,3.71588897816335,8.78848210958224
4.0625,0.579252560356294,0.311191263065549,3.71411197603542,8.78916677448065
4.06259920634921,0.579561499190388,0.311299652089999,3.71233582352618,8.78985144143835
4.06269841269841,0.579869871676334,0.311408118179809,3.71056052022761,8.79053611016152
4.06279761904762,0.580177678782143,0.311516661022623,3.70878606573191,8.79122078035667
4.06289682539683,0.580484921474845,0.311625280306443,3.70701245963149,8.79190545173066
4.06299603174603,0.580791600720483,0.311733975719623,3.70523970151898,8.79259012399067
4.06309523809524,0.581097717484125,0.311842746950876,3.70346779098715,8.79327479684429
4.06319444444444,0.581403272729855,0.311951593689268,3.70169672762903,8.7939594699994
4.06329365079365,0.581708267420777,0.312060515624221,3.69992651103782,8.79464414316425
4.06339285714286,0.582012702519012,0.312169512445514,3.69815714080693,8.79532881604746
4.06349206349206,0.5823165789857,0.31227858384328,3.69638861652997,8.79601348835797
4.06359126984127,0.582619897780999,0.312387729508006,3.69462093780075,8.79669815980507
4.06369047619048,0.58292265986409,0.312496949130538,3.69285410421327,8.79738283009842
4.06378968253968,0.583224866193162,0.312606242402073,3.69108811536177,8.798067498948
4.06388888888889,0.583526517725433,0.312715609014167,3.68932297084065,8.79875216606416
4.06398809523809,0.583827615417134,0.31282504865873,3.68755867024452,8.79943683115759
4.0640873015873,0.584128160223519,0.312934561028028,3.6857952131682,8.80012149393933
4.06418650793651,0.584428153098855,0.313044145814682,3.68403259920671,8.80080615412076
4.06428571428571,0.584727594996432,0.313153802711667,3.68227082795526,8.80149081141364
4.06438492063492,0.585026486868558,0.313263531412317,3.68050989900926,8.80217546553004
4.06448412698413,0.585324829666554,0.313373331610317,3.67874981196435,8.80286011618239
4.06458333333333,0.585622624340768,0.313483202999711,3.67699056641635,8.80354476308347
4.06468253968254,0.58591987184056,0.313593145274896,3.67523216196127,8.80422940594643
4.06478174603175,0.586216573114313,0.313703158130627,3.67347459819533,8.80491404448473
4.06488095238095,0.586512729109424,0.313813241262011,3.67171787471497,8.80559867841221
4.06498015873016,0.586808340772314,0.313923394364513,3.66996199111679,8.80628330744304
4.06507936507936,0.587103409048418,0.314033617133954,3.66820694699764,8.80696793129175
4.06517857142857,0.587397934882193,0.314143909266508,3.66645274195452,8.80765254967322
4.06527777777778,0.58769191921711,0.314254270458704,3.66469937558468,8.80833716230265
4.06537698412698,0.587985362995661,0.31436470040743,3.66294684748554,8.80902176889562
4.06547619047619,0.588278267159359,0.314475198809926,3.66119515725472,8.80970636916806
4.0655753968254,0.588570632619853,0.314585765375926,3.65944430448693,8.81039096284856
4.0656746031746,0.588862458854131,0.314696400416418,3.65769428862959,8.81107555027626
4.06577380952381,0.589153745786084,0.314807104049972,3.65594510920359,8.81176013159385
4.06587301587302,0.589444494081501,0.314917876082541,3.65419676581503,8.81244470662623
4.06597222222222,0.589734704405775,0.315028716320205,3.65244925807018,8.81312927519841
4.06607142857143,0.590024377423914,0.315139624569176,3.65070258557545,8.81381383713554
4.06617063492063,0.590313513800535,0.315250600635789,3.64895674793742,8.81449839226288
4.06626984126984,0.590602114199864,0.315361644326509,3.6472117447628,8.8151829404058
4.06636904761905,0.590890179285738,0.315472755447928,3.64546757565847,8.81586748138982
4.06646825396825,0.591177709721602,0.315583933806766,3.64372424023147,8.81655201504056
4.06656746031746,0.591464706170514,0.315695179209869,3.64198173808899,8.81723654118376
4.06666666666667,0.591751169295141,0.315806491464213,3.64024006883834,8.81792105964531
4.06676587301587,0.592037099757754,0.3159178703769,3.63849923208706,8.81860557025117
4.06686507936508,0.592322498220242,0.316029315755158,3.63675922744277,8.81929007282747
4.06696428571429,0.592607365344101,0.316140827406347,3.63502005451328,8.81997456720043
4.06706349206349,0.592891701790434,0.316252405137951,3.63328171290655,8.82065905319641
4.0671626984127,0.59317550821996,0.316364048757583,3.63154420223068,8.8213435306419
4.0672619047619,0.593458785293001,0.316475758072982,3.62980752209395,8.82202799936347
4.06736111111111,0.593741533669496,0.316587532892018,3.62807167210476,8.82271245918786
4.06746031746032,0.594023754008986,0.316699373022684,3.6263366518717,8.82339690994189
4.06755952380952,0.594305446970627,0.316811278273104,3.6246024610035,8.82408135145254
4.06765873015873,0.594586613213185,0.316923248451528,3.62286909910903,8.82476578354688
4.06775793650794,0.594867253395034,0.317035283366335,3.62113656579733,8.82545020605211
4.06785714285714,0.595147368174158,0.31714738282603,3.61940486067759,8.82613461879557
4.06795634920635,0.595426958208153,0.317259546639246,3.61767398335916,8.82681902160469
4.06805555555556,0.595706024154222,0.317371774614745,3.61594393345152,8.82750341430705
4.06815476190476,0.595984566669182,0.317484066561415,3.61421471056433,8.82818779673034
4.06825396825397,0.596262586409453,0.317596422288271,3.61248631430741,8.82887216870236
4.06835317460317,0.596540084031071,0.317708841604457,3.6107587442907,8.82955653005104
4.06845238095238,0.59681706018968,0.317821324319245,3.60903200012433,8.83024088060445
4.06855158730159,0.597093515540534,0.317933870242033,3.60730608141857,8.83092522019074
4.06865079365079,0.597369450738496,0.318046479182347,3.60558098778382,8.83160954863823
4.06875,0.59764486643804,0.318159150949842,3.60385671883068,8.83229386577533
4.06884920634921,0.597919763293251,0.318271885354299,3.60213327416986,8.83297817143058
4.06894841269841,0.598194141957819,0.318384682205626,3.60041065341227,8.83366246543263
4.06904761904762,0.598468003085049,0.318497541313861,3.59868885616894,8.83434674761027
4.06914682539683,0.598741347327854,0.318610462489168,3.59696788205105,8.8350310177924
4.06924603174603,0.599014175338757,0.318723445541838,3.59524773066996,8.83571527580804
4.06934523809524,0.599286487769891,0.318836490282291,3.59352840163717,8.83639952148635
4.06944444444444,0.599558285272998,0.318949596521074,3.59180989456433,8.83708375465658
4.06954365079365,0.599829568499432,0.319062764068861,3.59009220906325,8.83776797514814
4.06964285714286,0.600100338100157,0.319175992736455,3.58837534474589,8.83845218279052
4.06974206349206,0.60037059472574,0.319289282334785,3.58665930122438,8.83913637741336
4.06984126984127,0.600640339026367,0.319402632674908,3.58494407811099,8.83982055884641
4.06994047619048,0.60090957165183,0.31951604356801,3.58322967501814,8.84050472691954
4.07003968253968,0.601178293251531,0.319629514825402,3.58151609155841,8.84118888146275
4.07013888888889,0.601446504474481,0.319743046258525,3.57980332734453,8.84187302230616
4.07023809523809,0.601714205969303,0.319856637678946,3.5780913819894,8.84255714928001
4.0703373015873,0.60198139838423,0.319970288898361,3.57638025510604,8.84324126221465
4.07043650793651,0.6022480823671,0.320083999728592,3.57466994630767,8.84392536094057
4.07053571428571,0.602514258565367,0.32019776998159,3.57296045520763,8.84460944528837
4.07063492063492,0.602779927626091,0.320311599469431,3.57125178141944,8.84529351508876
4.07073412698413,0.603045090195944,0.320425488004323,3.56954392455674,8.84597757017261
4.07083333333333,0.603309746921207,0.320539435398598,3.56783688423334,8.84666161037087
4.07093253968254,0.603573898447771,0.320653441464717,3.56613066006322,8.84734563551463
4.07103174603175,0.603837545421138,0.320767506015267,3.5644252516605,8.8480296454351
4.07113095238095,0.604100688486419,0.320881628862966,3.56272065863943,8.84871363996362
4.07123015873016,0.604363328288332,0.320995809820656,3.56101688061448,8.84939761893163
4.07132936507937,0.604625465471209,0.321110048701307,3.55931391720021,8.8500815821707
4.07142857142857,0.60488710067899,0.321224345318019,3.55761176801136,8.85076552951254
4.07152777777778,0.605148234555226,0.321338699484017,3.55591043266283,8.85144946078896
4.07162698412698,0.605408867743078,0.321453111012657,3.55420991076965,8.85213337583189
4.07172619047619,0.605669000885315,0.321567579717418,3.55251020194702,8.8528172744734
4.0718253968254,0.605928634624319,0.32168210541191,3.5508113058103,8.85350115654567
4.0719246031746,0.606187769602076,0.321796687909868,3.54911322197501,8.85418502188099
4.07202380952381,0.606446406460188,0.321911327025158,3.5474159500568,8.8548688703118
4.07212301587302,0.606704545839865,0.32202602257177,3.54571948967148,8.85555270167063
4.07222222222222,0.606962188381925,0.322140774363824,3.54402384043504,8.85623651579015
4.07232142857143,0.607219334726799,0.322255582215567,3.54232900196358,8.85692031250315
4.07242063492063,0.607475985514526,0.322370445941373,3.54063497387339,8.85760409164254
4.07251984126984,0.607732141384755,0.322485365355744,3.53894175578091,8.85828785304134
4.07261904761905,0.607987802976747,0.32260034027331,3.5372493473027,8.85897159653272
4.07271825396825,0.608242970929366,0.322715370508826,3.53555774805553,8.85965532194994
4.07281746031746,0.608497645881095,0.322830455877179,3.53386695765629,8.8603390291264
4.07291666666667,0.608751828470021,0.32294559619338,3.53217697572202,8.86102271789561
4.07301587301587,0.609005519333844,0.323060791272569,3.53048780186993,8.86170638809121
4.07311507936508,0.609258719109871,0.323176040930015,3.52879943571737,8.86239003954695
4.07321428571429,0.609511428435021,0.32329134498111,3.52711187688185,8.86307367209672
4.07331349206349,0.609763647945824,0.32340670324138,3.52542512498103,8.86375728557453
4.0734126984127,0.610015378278415,0.323522115526472,3.52373917963275,8.86444087981449
4.07351190476191,0.610266620068544,0.323637581652165,3.52205404045497,8.86512445465084
4.07361111111111,0.610517373951568,0.323753101434365,3.52036970706582,8.86580800991796
4.07371031746032,0.610767640562455,0.323868674689104,3.51868617908359,8.86649154545032
4.07380952380952,0.611017420535783,0.323984301232542,3.5170034561267,8.86717506108254
4.07390873015873,0.611266714505739,0.324099980880969,3.51532153781375,8.86785855664935
4.07400793650794,0.611515523106122,0.324215713450798,3.51364042376347,8.86854203198559
4.07410714285714,0.611763846970339,0.324331498758576,3.51196011359477,8.86922548692625
4.07420634920635,0.612011686731406,0.324447336620969,3.51028060692671,8.8699089213064
4.07430555555556,0.61225904302195,0.324563226854779,3.50860190337848,8.87059233496128
4.07440476190476,0.612505916474208,0.32467916927693,3.50692400256946,8.87127572772621
4.07450396825397,0.612752307720029,0.324795163704476,3.50524690411914,8.87195909943665
4.07460317460317,0.612998217390867,0.324911209954599,3.50357060764721,8.87264244992819
4.07470238095238,0.613243646117791,0.325027307844606,3.50189511277348,8.87332577903652
4.07480158730159,0.613488594531477,0.325143457191936,3.50022041911792,8.87400908659747
4.07490079365079,0.61373306326221,0.32525965781415,3.49854652630068,8.87469237244697
4.075,0.613977052939887,0.32537590952894,3.49687343394203,8.8753756364211
4.07509920634921,0.614220564194015,0.325492212154126,3.49520114166243,8.87605887835604
4.07519841269841,0.614463597653709,0.325608565507654,3.49352964908245,8.8767420980881
4.07529761904762,0.614706153947695,0.325724969407598,3.49185895582284,8.8774252954537
4.07539682539683,0.61494823370431,0.32584142367216,3.49018906150451,8.8781084702894
4.07549603174603,0.615189837551499,0.32595792811967,3.48851996574852,8.87879162243187
4.07559523809524,0.615430966116819,0.326074482568584,3.48685166817605,8.87947475171791
4.07569444444444,0.615671620027433,0.326191086837487,3.48518416840851,8.88015785798442
4.07579365079365,0.615911799910117,0.32630774074509,3.48351746606738,8.88084094106844
4.07589285714286,0.616151506391257,0.326424444110234,3.48185156077435,8.88152400080714
4.07599206349206,0.616390740096849,0.326541196751885,3.48018645215124,8.88220703703778
4.07609126984127,0.616629501652496,0.326657998489138,3.47852213982004,8.88289004959777
4.07619047619048,0.616867791683414,0.326774849141217,3.47685862340287,8.88357303832464
4.07628968253968,0.617105610814429,0.326891748527471,3.47519590252201,8.88425600305602
4.07638888888889,0.617342959669974,0.327008696467376,3.47353397679992,8.88493894362968
4.0764880952381,0.617579838874093,0.327125692780539,3.47187284585921,8.8856218598835
4.0765873015873,0.617816249050442,0.327242737286692,3.4702125093226,8.88630475165549
4.07668650793651,0.618052190822285,0.327359829805696,3.46855296681301,8.88698761878378
4.07678571428571,0.618287664812496,0.327476970157537,3.4668942179535,8.88767046110662
4.07688492063492,0.618522671643559,0.327594158162333,3.46523626236727,8.88835327846238
4.07698412698413,0.618757211937569,0.327711393640325,3.46357909967771,8.88903607068956
4.07708333333333,0.61899128631623,0.327828676411885,3.46192272950831,8.88971883762677
4.07718253968254,0.619224895400854,0.32794600629751,3.46026715148277,8.89040157911274
4.07728174603175,0.619458039812365,0.328063383117826,3.45861236522492,8.89108429498632
4.07738095238095,0.619690720171297,0.328180806693586,3.45695837035873,8.89176698508651
4.07748015873016,0.619922937097794,0.328298276845673,3.45530516650834,8.89244964925239
4.07757936507937,0.620154691211608,0.328415793395093,3.45365275329805,8.89313228732319
4.07767857142857,0.620385983132104,0.328533356162983,3.4520011303523,8.89381489913826
4.07777777777778,0.620616813478256,0.328650964970608,3.45035029729567,8.89449748453705
4.07787698412698,0.620847182868643,0.328768619639357,3.44870025375295,8.89518004335915
4.07797619047619,0.62107709192146,0.32888631999075,3.44705099934904,8.89586257544427
4.0780753968254,0.621306541254509,0.329004065846433,3.44540253370898,8.89654508063223
4.0781746031746,0.621535531485204,0.32912185702818,3.44375485645801,8.89722755876298
4.07827380952381,0.621764063230567,0.329239693357893,3.44210796722149,8.8979100096766
4.07837301587302,0.621992137107231,0.3293575746576,3.44046186562494,8.89859243321328
4.07847222222222,0.622219753731436,0.32947550074946,3.43881655129404,8.89927482921333
4.07857142857143,0.622446913719038,0.329593471455755,3.43717202385462,8.89995719751719
4.07867063492063,0.622673617685496,0.329711486598898,3.43552828293268,8.9006395379654
4.07876984126984,0.622899866245881,0.329829546001428,3.43388532815435,8.90132185039866
4.07886904761905,0.623125660014878,0.329947649486013,3.43224315914594,8.90200413465775
4.07896825396825,0.623350999606776,0.330065796875446,3.43060177553388,8.9026863905836
4.07906746031746,0.623575885635479,0.33018398799265,3.42896117694478,8.90336861801726
4.07916666666667,0.623800318714496,0.330302222660675,3.42732136300539,8.90405081679987
4.07926587301587,0.624024299456952,0.330420500702699,3.42568233334263,8.90473298677274
4.07936507936508,0.624247828475575,0.330538821942025,3.42404408758357,8.90541512777727
4.07946428571429,0.624470906382706,0.330657186202087,3.42240662535542,8.90609723965497
4.07956349206349,0.624693533790297,0.330775593306445,3.42076994628556,8.90677932224751
4.0796626984127,0.624915711309909,0.330894043078786,3.41913405000151,8.90746137539664
4.0797619047619,0.625137439552713,0.331012535342926,3.41749893613096,8.90814339894427
4.07986111111111,0.625358719129489,0.331131069922807,3.41586460430175,8.9088253927324
4.07996031746032,0.625579550650628,0.3312496466425,3.41423105414185,8.90950735660318
4.08005952380952,0.625799934726132,0.331368265326204,3.41259828527941,8.91018929039885
4.08015873015873,0.626019871965609,0.331486925798242,3.41096629734275,8.9108711939618
4.08025793650794,0.626239362978279,0.33160562788307,3.4093350899603,8.91155306713451
4.08035714285714,0.626458408372973,0.331724371405266,3.40770466276067,8.91223490975962
4.08045634920635,0.626677008758131,0.33184315618954,3.40607501537263,8.91291672167986
4.08055555555556,0.626895164741803,0.331961982060728,3.40444614742509,8.91359850273809
4.08065476190476,0.627112876931648,0.332080848843792,3.40281805854712,8.9142802527773
4.08075396825397,0.627330145934938,0.332199756363826,3.40119074836792,8.91496197164061
4.08085317460317,0.62754697235855,0.332318704446045,3.3995642165169,8.91564365917122
4.08095238095238,0.627763356808973,0.332437692915798,3.39793846262358,8.91632531521249
4.08105158730159,0.627979299892308,0.332556721598557,3.39631348631764,8.91700693960789
4.08115079365079,0.628194802214264,0.332675790319924,3.39468928722893,8.91768853220101
4.08125,0.628409864380159,0.332794898905628,3.39306586498742,8.91837009283556
4.08134920634921,0.628624486994923,0.332914047181526,3.39144321922329,8.91905162135539
4.08144841269841,0.628838670663094,0.333033234973602,3.38982134956681,8.91973311760443
4.08154761904762,0.629052415988823,0.333152462107967,3.38820025564845,8.92041458142678
4.08164682539683,0.629265723575865,0.333271728410861,3.38657993709882,8.92109601266661
4.08174603174603,0.62947859402759,0.33339103370865,3.38496039354869,8.92177741116827
4.08184523809524,0.629691027946977,0.333510377827829,3.38334162462897,8.92245877677618
4.08194444444444,0.629903025936614,0.33362976059502,3.38172362997073,8.92314010933491
4.08204365079365,0.630114588598698,0.333749181836972,3.3801064092052,8.92382140868914
4.08214285714286,0.630325716535039,0.333868641380563,3.37848996196376,8.92450267468368
4.08224206349206,0.630536410347055,0.333988139052798,3.37687428787794,8.92518390716346
4.08234126984127,0.630746670635771,0.334107674680809,3.37525938657943,8.92586510597352
4.08244047619048,0.630956498001827,0.334227248091855,3.37364525770008,8.92654627095902
4.08253968253968,0.631165893045469,0.334346859113324,3.37203190087189,8.92722740196527
4.08263888888889,0.631374856366556,0.334466507572731,3.37041931572699,8.92790849883767
4.08273809523809,0.631583388564554,0.33458619329772,3.3688075018977,8.92858956142175
4.0828373015873,0.631791490238542,0.334705916116059,3.36719645901648,8.92927058956318
4.08293650793651,0.631999161987205,0.334825675855648,3.36558618671593,8.92995158310772
4.08303571428571,0.632206404408843,0.334945472344511,3.36397668462882,8.93063254190128
4.08313492063492,0.632413218101359,0.335065305410801,3.36236795238809,8.93131346578987
4.08323412698413,0.632619603662272,0.335185174882799,3.3607599896268,8.93199435461963
4.08333333333333,0.632825561688708,0.335305080588913,3.35915279597818,8.93267520823683
4.08343253968254,0.633031092777404,0.335425022357679,3.35754637107562,8.93335602648784
4.08353174603175,0.633236197524706,0.335545000017759,3.35594071455265,8.93403680921918
4.08363095238095,0.63344087652657,0.335665013397945,3.35433582604296,8.93471755627747
4.08373015873016,0.633645130378565,0.335785062327157,3.3527317051804,8.93539826750945
4.08382936507937,0.633848959675863,0.335905146634438,3.35112835159897,8.93607894276199
4.08392857142857,0.634052365013251,0.336025266148963,3.34952576493283,8.93675958188209
4.08402777777778,0.634255346985127,0.336145420700033,3.34792394481628,8.93744018471685
4.08412698412698,0.634457906185494,0.336265610117076,3.34632289088379,8.93812075111351
4.08422619047619,0.634660043207969,0.33638583422965,3.34472260276996,8.93880128091942
4.0843253968254,0.634861758645778,0.336506092867438,3.34312308010958,8.93948177398205
4.0844246031746,0.635063053091755,0.336626385860252,3.34152432253756,8.94016223014901
4.08452380952381,0.635263927138347,0.336746713038032,3.33992632968898,8.94084264926802
4.08462301587302,0.635464381377607,0.336867074230842,3.33832910119908,8.9415230311869
4.08472222222222,0.635664416401202,0.336987469268877,3.33673263670325,8.94220337575363
4.08482142857143,0.635864032800405,0.33710789798246,3.33513693583702,8.94288368281628
4.08492063492063,0.636063231166102,0.33722836020204,3.33354199823609,8.94356395222306
4.08501984126984,0.636262012088788,0.337348855758194,3.33194782353632,8.94424418382229
4.08511904761905,0.636460376158567,0.337469384481626,3.33035441137369,8.94492437746243
4.08521825396825,0.636658323965154,0.33758994620317,3.32876176138436,8.94560453299204
4.08531746031746,0.636855856097873,0.337710540753783,3.32716987320467,8.9462846502598
4.08541666666667,0.637052973145657,0.337831167964554,3.32557874647105,8.94696472911453
4.08551587301587,0.637249675697051,0.337951827666697,3.32398838082015,8.94764476940516
4.08561507936508,0.63744596434021,0.338072519691555,3.32239877588873,8.94832477098074
4.08571428571429,0.637641839662897,0.338193243870598,3.32080993131371,8.94900473369046
4.08581349206349,0.637837302252485,0.338314000035424,3.31922184673218,8.9496846573836
4.0859126984127,0.638032352695959,0.338434788017758,3.31763452178138,8.95036454190958
4.08601190476191,0.638226991579914,0.338555607649453,3.31604795609868,8.95104438711795
4.08611111111111,0.638421219490549,0.338676458762488,3.31446214932165,8.95172419285836
4.08621031746032,0.63861503701368,0.338797341188972,3.31287710108798,8.95240395898059
4.08630952380952,0.63880844473473,0.338918254761141,3.31129281103553,8.95308368533456
4.08640873015873,0.639001443238732,0.339039199311357,3.30970927880228,8.95376337177027
4.08650793650794,0.639194033110329,0.339160174672111,3.30812650402642,8.95444301813789
4.08660714285714,0.639386214933774,0.339281180676022,3.30654448634625,8.95512262428766
4.08670634920635,0.639577989292931,0.339402217155836,3.30496322540023,8.95580219007
4.08680555555556,0.639769356771269,0.339523283944425,3.303382720827,8.9564817153354
4.08690476190476,0.639960317951873,0.339644380874791,3.30180297226533,8.9571611999345
4.08700396825397,0.640150873417435,0.339765507780062,3.30022397935416,8.95784064371804
4.08710317460317,0.640341023750257,0.339886664493495,3.29864574173256,8.95852004653691
4.08720238095238,0.640530769532252,0.340007850848472,3.29706825903979,8.9591994082421
4.08730158730159,0.640720111344941,0.340129066678507,3.29549153091522,8.95987872868473
4.08740079365079,0.640909049769457,0.340250311817236,3.2939155569984,8.96055800771603
4.0875,0.641097585386541,0.340371586098429,3.29234033692904,8.96123724518737
4.08759920634921,0.641285718776545,0.340492889355977,3.290765870347,8.96191644095023
4.08769841269841,0.64147345051943,0.340614221423902,3.28919215689229,8.9625955948562
4.08779761904762,0.641660781194768,0.340735582136355,3.28761919620507,8.96327470675702
4.08789682539683,0.641847711381739,0.340856971327611,3.28604698792565,8.96395377650452
4.08799603174603,0.642034241659137,0.340978388832075,3.28447553169451,8.96463280395068
4.08809523809524,0.642220372605361,0.341099834484279,3.28290482715228,8.96531178894759
4.08819444444444,0.642406104798424,0.341221308118883,3.28133487393972,8.96599073134745
4.08829365079365,0.642591438815944,0.341342809570674,3.2797656716978,8.9666696310026
4.08839285714286,0.642776375235153,0.341464338674565,3.27819722006758,8.96734848776548
4.08849206349206,0.642960914632892,0.341585895265601,3.27662951869031,8.96802730148867
4.08859126984127,0.643145057585612,0.341707479178949,3.27506256720739,8.96870607202487
4.08869047619048,0.643328804669372,0.341829090249909,3.27349636526037,8.96938479922689
4.08878968253968,0.643512156459844,0.341950728313905,3.27193091249095,8.97006348294767
4.08888888888889,0.643695113532307,0.342072393206489,3.270366208541,8.97074212304027
4.0889880952381,0.643877676461653,0.342194084763343,3.26880225305251,8.97142071935788
4.0890873015873,0.644059845822378,0.342315802820273,3.26723904566767,8.97209927175379
4.08918650793651,0.644241622188595,0.342437547213214,3.2656765860288,8.97277778008142
4.08928571428571,0.644423006134023,0.342559317778231,3.26411487377836,8.97345624419432
4.08938492063492,0.644603998231992,0.342681114351512,3.262553908559,8.97413466394617
4.08948412698413,0.64478459905544,0.342802936769377,3.26099369001349,8.97481303919073
4.08958333333333,0.644964809176918,0.342924784868271,3.25943421778477,8.97549136978193
4.08968253968254,0.645144629168586,0.343046658484768,3.25787549151592,8.97616965557381
4.08978174603175,0.645324059602211,0.343168557455567,3.25631751085021,8.97684789642049
4.08988095238095,0.645503101049172,0.343290481617497,3.25476027543103,8.97752609217627
4.08998015873016,0.64568175408046,0.343412430807515,3.25320378490193,8.97820424269552
4.09007936507937,0.645860019266672,0.343534404862705,3.25164803890663,8.97888234783279
4.09017857142857,0.646037897178018,0.343656403620276,3.25009303708897,8.97956040744268
4.09027777777778,0.646215388384315,0.343778426917568,3.24853877909299,8.98023842137998
4.09037698412698,0.646392493454993,0.343900474592047,3.24698526456284,8.98091638949955
4.09047619047619,0.646569212959091,0.344022546481308,3.24543249314285,8.98159431165641
4.0905753968254,0.646745547465254,0.34414464242307,3.24388046447752,8.98227218770566
4.0906746031746,0.646921497541743,0.344266762255185,3.24232917821146,8.98295001750256
4.09077380952381,0.647097063756425,0.344388905815627,3.24077863398946,8.98362780090247
4.09087301587302,0.647272246676778,0.344511072942501,3.23922883145647,8.98430553776088
4.09097222222222,0.64744704686989,0.34463326347404,3.23767977025758,8.9849832279334
4.09107142857143,0.647621464902458,0.344755477248602,3.23613145003803,8.98566087127576
4.09117063492064,0.647795501340792,0.344877714104676,3.23458387044323,8.98633846764381
4.09126984126984,0.647969156750805,0.344999973880873,3.23303703111874,8.98701601689352
4.09136904761905,0.648142431698028,0.345122256415938,3.23149093171028,8.98769351888098
4.09146825396825,0.648315326747596,0.345244561548739,3.22994557186371,8.98837097346241
4.09156746031746,0.648487842464258,0.345366889118274,3.22840095122504,8.98904838049416
4.09166666666667,0.648659979412369,0.345489238963668,3.22685706944045,8.98972573983266
4.09176587301587,0.648831738155897,0.345611610924173,3.22531392615627,8.99040305133452
4.09186507936508,0.649003119258419,0.345734004839169,3.22377152101898,8.99108031485642
4.09196428571429,0.649174123283123,0.345856420548165,3.22222985367521,8.9917575302552
4.09206349206349,0.649344750792801,0.345978857890793,3.22068892377176,8.99243469738778
4.0921626984127,0.649515002349863,0.346101316706819,3.21914873095557,8.99311181611125
4.09226190476191,0.649684878516325,0.346223796836131,3.21760927487374,8.99378888628277
4.09236111111111,0.649854379853812,0.346346298118748,3.21607055517353,8.99446590775967
4.09246031746032,0.65002350692356,0.346468820394816,3.21453257150233,8.99514288039938
4.09255952380952,0.650192260286417,0.346591363504607,3.21299532350772,8.99581980405944
4.09265873015873,0.650360640502837,0.346713927288523,3.21145881083738,8.99649667859752
4.09275793650794,0.650528648132886,0.34683651158709,3.20992303313922,8.99717350387142
4.09285714285714,0.650696283736239,0.346959116240965,3.20838799006125,8.99785027973906
4.09295634920635,0.650863547872182,0.347081741090931,3.20685368125164,8.99852700605846
4.09305555555556,0.651030441099611,0.3472043859779,3.20532010635872,8.9992036826878
4.09315476190476,0.651196963977031,0.34732705074291,3.20378726503099,8.99988030948534
4.09325396825397,0.651363117062557,0.347449735227127,3.20225515691707,9.00055688630948
4.09335317460317,0.651528900913913,0.347572439271844,3.20072378166577,9.00123341301876
4.09345238095238,0.651694316088436,0.347695162718484,3.19919313892602,9.00190988947181
4.09355158730159,0.651859363143069,0.347817905408594,3.19766322834694,9.0025863155274
4.09365079365079,0.652024042634367,0.347940667183852,3.19613404957777,9.00326269104441
4.09375,0.652188355118495,0.34806344788606,3.19460560226794,9.00393901588185
4.09384920634921,0.652352301151227,0.348186247357152,3.193077886067,9.00461528989885
4.09394841269841,0.652515881287947,0.348309065439185,3.19155090062467,9.00529151295466
4.09404761904762,0.65267909608365,0.348431901974347,3.19002464559082,9.00596768490865
4.09414682539683,0.652841946092941,0.348554756804953,3.18849912061547,9.00664380562032
4.09424603174603,0.653004431870032,0.348677629773443,3.18697432534882,9.00731987494928
4.09434523809524,0.653166553968748,0.348800520722388,3.18545025944119,9.00799589275526
4.09444444444444,0.653328312942522,0.348923429494484,3.18392692254308,9.00867185889812
4.09454365079365,0.653489709344398,0.349046355932557,3.18240431430512,9.00934777323784
4.09464285714286,0.65365074372703,0.349169299879557,3.18088243437811,9.01002363563452
4.09474206349206,0.65381141664268,0.349292261178566,3.17936128241301,9.01069944594838
4.09484126984127,0.653971728643223,0.349415239672791,3.17784085806091,9.01137520403977
4.09494047619048,0.654131680280142,0.349538235205567,3.17632116097308,9.01205090976915
4.09503968253968,0.654291272104529,0.349661247620356,3.17480219080093,9.01272656299709
4.09513888888889,0.654450504667087,0.349784276760747,3.17328394719603,9.01340216358432
4.09523809523809,0.65460937851813,0.34990732247046,3.1717664298101,9.01407771139166
4.0953373015873,0.654767894207579,0.350030384593339,3.17024963829502,9.01475320628006
4.09543650793651,0.654926052284968,0.350153462973357,3.16873357230281,9.01542864811058
4.09553571428571,0.655083853299439,0.350276557454615,3.16721823148566,9.01610403674443
4.09563492063492,0.655241297799745,0.350399667881341,3.16570361549589,9.01677937204292
4.09573412698413,0.655398386334248,0.35052279409789,3.16418972398603,9.01745465386747
4.09583333333333,0.655555119450918,0.350645935948744,3.1626765566087,9.01812988207966
4.09593253968254,0.65571149769734,0.350769093278517,3.1611641130167,9.01880505654114
4.09603174603175,0.655867521620704,0.350892265931944,3.15965239286299,9.01948017711374
4.09613095238095,0.656023191767813,0.351015453753893,3.15814139580068,9.02015524365935
4.09623015873016,0.656178508685078,0.351138656589357,3.15663112148303,9.02083025604004
4.09632936507936,0.656333472918521,0.351261874283457,3.15512156956345,9.02150521411796
4.09642857142857,0.656488085013774,0.351385106681443,3.15361273969552,9.0221801177554
4.09652777777778,0.656642345516076,0.351508353628689,3.15210463153296,9.02285496681476
4.09662698412698,0.65679625497028,0.351631614970699,3.15059724472965,9.02352976115856
4.09672619047619,0.656949813920847,0.351754890553106,3.14909057893963,9.02420450064947
4.0968253968254,0.657103022911848,0.351878180221668,3.14758463381708,9.02487918515025
4.0969246031746,0.657255882486964,0.352001483822272,3.14607940901634,9.02555381452379
4.09702380952381,0.657408393189484,0.352124801200931,3.14457490419191,9.0262283886331
4.09712301587302,0.657560555562312,0.352248132203789,3.14307111899842,9.02690290734133
4.09722222222222,0.657712370147956,0.352371476677113,3.1415680530907,9.02757737051172
4.09732142857143,0.657863837488536,0.352494834467301,3.1400657061237,9.02825177800765
4.09742063492063,0.658014958125784,0.352618205420877,3.13856407775253,9.02892612969262
4.09751984126984,0.658165732601039,0.352741589384494,3.13706316763246,9.02960042543026
4.09761904761905,0.658316161455252,0.35286498620493,3.1355629754189,9.0302746650843
4.09771825396825,0.658466245228982,0.352988395729094,3.13406350076742,9.03094884851861
4.09781746031746,0.6586159844624,0.353111817804019,3.13256474333377,9.03162297559717
4.09791666666667,0.658765379695286,0.35323525227687,3.1310667027738,9.03229704618409
4.09801587301587,0.658914431467027,0.353358698994934,3.12956937874358,9.03297106014359
4.09811507936508,0.659063140316624,0.35348215780563,3.12807277089928,9.03364501734003
4.09821428571429,0.659211506782687,0.353605628556503,3.12657687889726,9.03431891763787
4.09831349206349,0.659359531403435,0.353729111095225,3.125081702394,9.0349927609017
4.0984126984127,0.659507214716696,0.353852605269597,3.12358724104617,9.03566654699623
4.0985119047619,0.659654557259911,0.353976110927547,3.12209349451056,9.03634027578631
4.09861111111111,0.659801559570128,0.35409962791713,3.12060046244413,9.03701394713689
4.09871031746032,0.659948222184005,0.354223156086529,3.11910814450402,9.03768756091304
4.09880952380952,0.660094545637811,0.354346695284055,3.11761654034747,9.03836111697996
4.09890873015873,0.660240530467425,0.354470245358145,3.11612564963193,9.03903461520297
4.09900793650794,0.660386177208335,0.354593806157366,3.11463547201496,9.03970805544751
4.09910714285714,0.66053148639564,0.354717377530411,3.11314600715429,9.04038143757915
4.09920634920635,0.660676458564048,0.354840959326101,3.11165725470781,9.04105476146357
4.09930555555556,0.660821094247876,0.354964551393383,3.11016921433357,9.04172802696656
4.09940476190476,0.660965393981055,0.355088153581337,3.10868188568973,9.04240123395408
4.09950396825397,0.66110935829712,0.355211765739162,3.10719526843468,9.04307438229215
4.09960317460317,0.661252987729219,0.355335387716191,3.1057093622269,9.04374747184694
4.09970238095238,0.661396282810111,0.355459019361884,3.10422416672505,9.04442050248476
4.09980158730159,0.661539244072162,0.355582660525826,3.10273968158794,9.045093474072
4.09990079365079,0.66168187204735,0.355706311057731,3.10125590647454,9.04576638647521
4.1,0.661824167267263,0.355829970807441,3.09977284104395,9.04643923956104
4.10009920634921,0.661966130263099,0.355953639624926,3.09829048495545,9.04711203319627
4.10019841269841,0.662107761565662,0.356077317360281,3.09680883786848,9.04778476724779
4.10029761904762,0.662249061705371,0.35620100386373,3.09532789944262,9.04845744158261
4.10039682539683,0.662390031212253,0.356324698985627,3.09384766933758,9.0491300560679
4.10049603174603,0.662530670615944,0.35644840257645,3.09236814721327,9.04980261057089
4.10059523809524,0.662670980445691,0.356572114486806,3.09088933272974,9.05047510495899
4.10069444444444,0.66281096123035,0.35669583456743,3.08941122554716,9.05114753909968
4.10079365079365,0.662950613498388,0.356819562669185,3.0879338253259,9.05181991286061
4.10089285714286,0.663089937777882,0.35694329864306,3.08645713172645,9.05249222610952
4.10099206349206,0.663228934596516,0.357067042340171,3.08498114440949,9.05316447871426
4.10109126984127,0.663367604481587,0.357190793611764,3.08350586303583,9.05383667054284
4.10119047619048,0.663505947960002,0.357314552309212,3.08203128726642,9.05450880146337
4.10128968253968,0.663643965558275,0.357438318284015,3.0805574167624,9.05518087134408
4.10138888888889,0.663781657802533,0.3575620913878,3.07908425118504,9.05585288005332
4.10148809523809,0.663919025218511,0.357685871472323,3.07761179019576,9.05652482745958
4.1015873015873,0.664056068331556,0.357809658389466,3.07614003345615,9.05719671343144
4.10168650793651,0.664192787666621,0.35793345199124,3.07466898062796,9.05786853783763
4.10178571428571,0.664329183748272,0.358057252129783,3.07319863137307,9.05854030054698
4.10188492063492,0.664465257100684,0.35818105865736,3.07172898535352,9.05921200142845
4.10198412698413,0.664601008247643,0.358304871426364,3.07026004223153,9.05988364035114
4.10208333333333,0.664736437712543,0.358428690289317,3.06879180166944,9.06055521718424
4.10218253968254,0.664871546018389,0.358552515098866,3.06732426332976,9.06122673179708
4.10228174603175,0.665006333687795,0.358676345707787,3.06585742687515,9.06189818405911
4.10238095238095,0.665140801242988,0.358800181968986,3.06439129196843,9.06256957383989
4.10248015873016,0.665274949205799,0.35892402373549,3.06292585827258,9.06324090100912
4.10257936507937,0.665408778097674,0.359047870860459,3.06146112545071,9.0639121654366
4.10267857142857,0.665542288439667,0.359171723197181,3.05999709316611,9.06458336699226
4.10277777777778,0.665675480752442,0.359295580599067,3.05853376108221,9.06525450554617
4.10287698412698,0.665808355556274,0.359419442919661,3.05707112886259,9.0659255809685
4.10297619047619,0.665940913371045,0.35954331001263,3.055609196171,9.06659659312954
4.1030753968254,0.666073154716251,0.359667181731773,3.05414796267132,9.06726754189971
4.1031746031746,0.666205080110994,0.359791057931011,3.05268742802763,9.06793842714955
4.10327380952381,0.666336690073987,0.359914938464396,3.05122759190411,9.06860924874972
4.10337301587302,0.666467985123554,0.36003882318611,3.04976845396512,9.06928000657101
4.10347222222222,0.666598965777629,0.360162711950457,3.04831001387518,9.06995070048431
4.10357142857143,0.666729632553755,0.360286604611873,3.04685227129895,9.07062133036065
4.10367063492063,0.666859985969084,0.360410501024919,3.04539522590125,9.07129189607118
4.10376984126984,0.66699002654038,0.360534401044286,3.04393887734705,9.07196239748717
4.10386904761905,0.667119754784016,0.36065830452479,3.04248322530148,9.07263283448001
4.10396825396825,0.667249171215973,0.360782211321376,3.04102826942984,9.0733032069212
4.10406746031746,0.667378276351845,0.360906121289116,3.03957400939754,9.07397351468238
4.10416666666667,0.667507070706834,0.36103003428321,3.03812044487019,9.07464375763529
4.10426587301587,0.667635554795753,0.361153950158986,3.03666757551353,9.07531393565183
4.10436507936508,0.667763729133024,0.361277868771899,3.03521540099345,9.07598404860397
4.10446428571429,0.667891594232678,0.361401789977531,3.03376392097601,9.07665409636385
4.10456349206349,0.668019150608359,0.361525713631594,3.0323131351274,9.07732407880369
4.1046626984127,0.668146398773316,0.361649639589922,3.03086304311402,9.07799399579586
4.10476190476191,0.668273339240414,0.361773567708484,3.02941364460235,9.07866384721284
4.10486111111111,0.668399972522122,0.361897497843372,3.02796493925907,9.07933363292723
4.10496031746032,0.668526299130523,0.362021429850805,3.02651692675101,9.08000335281176
4.10505952380952,0.668652319577309,0.362145363587133,3.02506960674514,9.08067300673928
4.10515873015873,0.66877803437378,0.362269298908831,3.02362297890859,9.08134259458274
4.10525793650794,0.668903444030847,0.362393235672503,3.02217704290866,9.08201211621524
4.10535714285714,0.669028549059033,0.362517173734879,3.02073179841276,9.08268157150999
4.10545634920635,0.669153349968467,0.362641112952817,3.01928724508851,9.08335096034032
4.10555555555556,0.669277847268891,0.362765053183304,3.01784338260365,9.08402028257968
4.10565476190476,0.669402041469655,0.362888994283452,3.01640021062609,9.08468953810165
4.10575396825397,0.669525933079719,0.363012936110505,3.01495772882387,9.08535872677992
4.10585317460317,0.669649522607656,0.363136878521829,3.01351593686521,9.08602784848831
4.10595238095238,0.669772810561644,0.363260821374922,3.01207483441847,9.08669690310076
4.10605158730159,0.669895797449475,0.363384764527408,3.01063442115217,9.08736589049133
4.10615079365079,0.670018483778547,0.363508707837037,3.00919469673498,9.08803481053419
4.10625,0.670140870055872,0.363632651161689,3.00775566083574,9.08870366310366
4.10634920634921,0.670262956788069,0.36375659435937,3.00631731312342,9.08937244807415
4.10644841269841,0.670384744481368,0.363880537288215,3.00487965326716,9.0900411653202
4.10654761904762,0.670506233641609,0.364004479806486,3.00344268093624,9.0907098147165
4.10664682539683,0.670627424774241,0.364128421772572,3.00200639580011,9.09137839613781
4.10674603174603,0.670748318384324,0.36425236304499,3.00057079752836,9.09204690945907
4.10684523809524,0.670868914976528,0.364376303482385,2.99913588579074,9.09271535455529
4.10694444444444,0.670989215055131,0.364500242943528,2.99770166025717,9.09338373130162
4.10704365079365,0.671109219124022,0.36462418128732,2.9962681205977,9.09405203957334
4.10714285714286,0.671228927686701,0.364748118372787,2.99483526648254,9.09472027924585
4.10724206349206,0.671348341246276,0.364872054059084,2.99340309758207,9.09538845019466
4.10734126984127,0.671467460305466,0.364995988205495,2.9919716135668,9.09605655229541
4.10744047619048,0.671586285366601,0.365119920671428,2.99054081410741,9.09672458542385
4.10753968253968,0.671704816931618,0.365243851316423,2.98911069887472,9.09739254945588
4.10763888888889,0.671823055502066,0.365367780000143,2.98768126753974,9.09806044426749
4.1077380952381,0.671941001579103,0.365491706582382,2.98625251977358,9.0987282697348
4.1078373015873,0.672058655663497,0.365615630923059,2.98482445524755,9.09939602573406
4.10793650793651,0.672176018255627,0.365739552882223,2.98339707363309,9.10006371214164
4.10803571428571,0.672293089855481,0.36586347232005,2.9819703746018,9.10073132883401
4.10813492063492,0.672409870962655,0.365987389096842,2.98054435782543,9.1013988756878
4.10823412698413,0.672526362076359,0.36611130307303,2.9791190229759,9.10206635257973
4.10833333333333,0.67264256369541,0.366235214109173,2.97769436972525,9.10273375938665
4.10843253968254,0.672758476318235,0.366359122065956,2.97627039774573,9.10340109598554
4.10853174603175,0.672874100442872,0.366483026804192,2.97484710670969,9.10406836225349
4.10863095238095,0.672989436566967,0.366606928184823,2.97342449628966,9.10473555806771
4.10873015873016,0.673104485187778,0.366730826068917,2.97200256615832,9.10540268330555
4.10882936507937,0.673219246802173,0.36685472031767,2.9705813159885,9.10606973784445
4.10892857142857,0.673333721906628,0.366978610792406,2.96916074545319,9.10673672156201
4.10902777777778,0.67344791099723,0.367102497354577,2.96774085422552,9.10740363433593
4.10912698412698,0.673561814569675,0.367226379865761,2.9663216419788,9.10807047604402
4.10922619047619,0.673675433119271,0.367350258187664,2.96490310838648,9.10873724656423
4.1093253968254,0.673788767140933,0.367474132182121,2.96348525312216,9.10940394577462
4.1094246031746,0.673901817129188,0.367598001711094,2.9620680758596,9.11007057355339
4.10952380952381,0.674014583578172,0.367721866636671,2.9606515762727,9.11073712977884
4.10962301587302,0.674127066981632,0.367845726821069,2.95923575403554,9.1114036143294
4.10972222222222,0.674239267832924,0.367969582126633,2.95782060882234,9.11207002708361
4.10982142857143,0.674351186625013,0.368093432415835,2.95640614030745,9.11273636792017
4.10992063492063,0.674462823850475,0.368217277551274,2.95499234816543,9.11340263671785
4.11001984126984,0.674574180001496,0.368341117395677,2.95357923207096,9.11406883335558
4.11011904761905,0.674685255569871,0.368464951811899,2.95216679169886,9.11473495771238
4.11021825396825,0.674796051047006,0.368588780662922,2.95075502672412,9.11540100966742
4.11031746031746,0.674906566923916,0.368712603811856,2.9493439368219,9.11606698909998
4.11041666666667,0.675016803691227,0.368836421121939,2.94793352166749,9.11673289588945
4.11051587301587,0.675126761839173,0.368960232456536,2.94652378093633,9.11739872991537
4.11061507936508,0.6752364418576,0.369084037679138,2.94511471430405,9.11806449105737
4.11071428571429,0.675345844235961,0.369207836653367,2.94370632144641,9.11873017919522
4.11081349206349,0.675454969463323,0.369331629242969,2.94229860203931,9.1193957942088
4.1109126984127,0.67556381802836,0.369455415311821,2.94089155575883,9.12006133597812
4.1110119047619,0.675672390419355,0.369579194723925,2.93948518228119,9.12072680438332
4.11111111111111,0.675780687124205,0.369702967343412,2.93807948128276,9.12139219930464
4.11121031746032,0.675888708630412,0.369826733034539,2.93667445244009,9.12205752062245
4.11130952380952,0.675996455425092,0.369950491661694,2.93527009542984,9.12272276821725
4.11140873015873,0.676103927994967,0.370074243089387,2.93386640992887,9.12338794196965
4.11150793650794,0.676211126826373,0.370197987182261,2.93246339561418,9.12405304176039
4.11160714285714,0.676318052405253,0.370321723805083,2.9310610521629,9.12471806747033
4.11170634920635,0.67642470521716,0.370445452822751,2.92965937925233,9.12538301898043
4.11180555555556,0.676531085747258,0.370569174100286,2.92825837655995,9.12604789617182
4.11190476190476,0.676637194480321,0.370692887502841,2.92685804376335,9.1267126989257
4.11200396825397,0.676743031900733,0.370816592895695,2.92545838054029,9.12737742712342
4.11210317460317,0.676848598492486,0.370940290144253,2.9240593865687,9.12804208064644
4.11220238095238,0.676953894739184,0.371063979114049,2.92266106152666,9.12870665937636
4.11230158730159,0.677058921124038,0.371187659670744,2.92126340509239,9.12937116319486
4.11240079365079,0.677163678129873,0.371311331680128,2.91986641694426,9.1300355919838
4.1125,0.677268166239122,0.371434995008118,2.91847009676082,9.13069994562511
4.11259920634921,0.677372385933826,0.371558649520757,2.91707444422075,9.13136422400086
4.11269841269841,0.677476337695639,0.371682295084217,2.91567945900289,9.13202842699326
4.11279761904762,0.677580022005823,0.371805931564799,2.91428514078624,9.13269255448461
4.11289682539683,0.67768343934525,0.371929558828928,2.91289148924997,9.13335660635735
4.11299603174603,0.677786590194403,0.372053176743158,2.91149850407336,9.13402058249403
4.11309523809524,0.677889475033373,0.372176785174173,2.91010618493588,9.13468448277734
4.11319444444444,0.677992094341863,0.372300383988781,2.90871453151715,9.13534830709007
4.11329365079365,0.678094448599184,0.37242397305392,2.90732354349692,9.13601205531514
4.11339285714286,0.678196538284258,0.372547552236656,2.90593322055513,9.1366757273356
4.11349206349206,0.678298363875618,0.37267112140418,2.90454356237184,9.13733932303462
4.11359126984127,0.678399925851404,0.372794680423812,2.90315456862729,9.13800284229547
4.11369047619048,0.678501224689367,0.372918229162999,2.90176623900187,9.13866628500156
4.11378968253968,0.67860226086687,0.373041767489317,2.90037857317611,9.13932965103643
4.11388888888889,0.678703034860882,0.373165295270469,2.8989915708307,9.13999294028371
4.11398809523809,0.678803547147987,0.373288812374285,2.89760523164649,9.14065615262719
4.1140873015873,0.678903798204373,0.373412318668722,2.89621955530449,9.14131928795075
4.11418650793651,0.679003788505843,0.373535814021867,2.89483454148583,9.1419823461384
4.11428571428571,0.679103518527807,0.373659298301933,2.89345018987183,9.14264532707429
4.11438492063492,0.679202988745285,0.373782771377259,2.89206650014397,9.14330823064267
4.11448412698413,0.679302199632908,0.373906233116314,2.89068347198385,9.14397105672791
4.11458333333333,0.679401151664916,0.374029683387694,2.88930110507325,9.14463380521452
4.11468253968254,0.67949984531516,0.374153122060122,2.88791939909408,9.14529647598711
4.11478174603175,0.6795982810571,0.374276549002449,2.88653835372844,9.14595906893043
4.11488095238095,0.679696459363805,0.374399964083654,2.88515796865854,9.14662158392934
4.11498015873016,0.679794380707957,0.374523367172844,2.88377824356678,9.14728402086883
4.11507936507937,0.679892045561844,0.37464675813925,2.88239917813571,9.147946379634
4.11517857142857,0.679989454397365,0.374770136852235,2.88102077204801,9.14860866011007
4.11527777777778,0.680086607686032,0.374893503181288,2.87964302498654,9.14927086218241
4.11537698412698,0.680183505898963,0.375016856996024,2.8782659366343,9.14993298573647
4.11547619047619,0.680280149506887,0.375140198166189,2.87688950667445,9.15059503065785
4.1155753968254,0.680376538980145,0.375263526561653,2.8755137347903,9.15125699683227
4.1156746031746,0.680472674788684,0.375386842052415,2.87413862066532,9.15191888414555
4.11577380952381,0.680568557402064,0.375510144508604,2.87276416398312,9.15258069248366
4.11587301587302,0.680664187289454,0.375633433800472,2.87139036442748,9.15324242173267
4.11597222222222,0.680759564919633,0.375756709798402,2.87001722168234,9.15390407177877
4.11607142857143,0.680854690760988,0.375879972372902,2.86864473543177,9.1545656425083
4.11617063492063,0.680949565281519,0.376003221394611,2.86727290536,9.15522713380768
4.11626984126984,0.681044188948835,0.376126456734292,2.86590173115144,9.15588854556348
4.11636904761905,0.681138562230153,0.376249678262839,2.86453121249062,9.1565498776624
4.11646825396825,0.681232685592302,0.376372885851271,2.86316134906224,9.15721112999123
4.11656746031746,0.681326559501719,0.376496079370735,2.86179214055116,9.15787230243689
4.11666666666667,0.681420184424453,0.376619258692505,2.86042358664239,9.15853339488644
4.11676587301587,0.681513560826162,0.376742423687986,2.85905568702108,9.15919440722705
4.11686507936508,0.681606689172113,0.376865574228706,2.85768844137255,9.15985533934601
4.11696428571429,0.681699569927183,0.376988710186323,2.85632184938227,9.16051619113073
4.11706349206349,0.681792203555861,0.377111831432624,2.85495591073587,9.16117696246874
4.1171626984127,0.681884590522244,0.37723493783952,2.85359062511911,9.1618376532477
4.11726190476191,0.681976731290039,0.377358029279052,2.85222599221793,9.1624982633554
4.11736111111111,0.682068626322563,0.377481105623388,2.85086201171843,9.16315879267971
4.11746031746032,0.682160276082744,0.377604166744824,2.84949868330684,9.16381924110867
4.11755952380952,0.682251681033117,0.377727212515782,2.84813600666955,9.16447960853041
4.11765873015873,0.68234284163583,0.377850242808814,2.84677398149311,9.1651398948332
4.11775793650794,0.682433758352641,0.377973257496598,2.84541260746422,9.16580009990543
4.11785714285714,0.682524431644914,0.37809625645194,2.84405188426975,9.16646022363558
4.11795634920635,0.682614861973627,0.378219239547774,2.84269181159668,9.1671202659123
4.11805555555556,0.682705049799367,0.378342206657159,2.84133238913221,9.16778022662433
4.11815476190476,0.682794995582328,0.378465157653285,2.83997361656365,9.16844010566054
4.11825396825397,0.682884699782317,0.378588092409469,2.83861549357845,9.16909990290991
4.11835317460317,0.682974162858751,0.378711010799154,2.83725801986427,9.16975961826157
4.11845238095238,0.683063385270656,0.378833912695911,2.83590119510886,9.17041925160474
4.11855158730159,0.683152367476666,0.378956797973439,2.83454501900018,9.17107880282878
4.11865079365079,0.683241109935028,0.379079666505566,2.8331894912263,9.17173827182317
4.11875,0.683329613103598,0.379202518166245,2.83183461147546,9.1723976584775
4.11884920634921,0.68341787743984,0.379325352829558,2.83048037943609,9.17305696268149
4.11894841269841,0.683505903400831,0.379448170369713,2.82912679479671,9.17371618432498
4.11904761904762,0.683593691443254,0.379570970661049,2.82777385724604,9.17437532329794
4.11914682539683,0.683681242023405,0.379693753578029,2.82642156647294,9.17503437949044
4.11924603174603,0.68376855559719,0.379816518995245,2.82506992216641,9.1756933527927
4.11934523809524,0.683855632620123,0.379939266787418,2.82371892401563,9.17635224309502
4.11944444444444,0.68394247354733,0.380061996829394,2.82236857170992,9.17701105028788
4.11954365079365,0.684029078833543,0.380184708996148,2.82101886493875,9.17766977426183
4.11964285714286,0.684115448933108,0.380307403162782,2.81966980339177,9.17832841490756
4.11974206349206,0.68420158429998,0.380430079204526,2.81832138675874,9.17898697211588
4.11984126984127,0.684287485387722,0.380552736996738,2.81697361472961,9.17964544577773
4.11994047619048,0.684373152649509,0.380675376414903,2.81562648699447,9.18030383578416
4.12003968253968,0.684458586538125,0.380797997334634,2.81428000324357,9.18096214202634
4.12013888888889,0.684543787505963,0.38092059963167,2.8129341631673,9.18162036439558
4.1202380952381,0.684628756005029,0.381043183181881,2.81158896645622,9.1822785027833
4.1203373015873,0.684713492486935,0.38116574786126,2.81024441280105,9.18293655708102
4.12043650793651,0.684797997402904,0.381288293545931,2.80890050189265,9.18359452718041
4.12053571428571,0.684882271203771,0.381410820112145,2.80755723342203,9.18425241297326
4.12063492063492,0.684966314339978,0.381533327436279,2.80621460708036,9.18491021435147
4.12073412698413,0.68505012726158,0.38165581539484,2.80487262255896,9.18556793120706
4.12083333333333,0.685133710418238,0.381778283864461,2.80353127954933,9.18622556343218
4.12093253968254,0.685217064117019,0.381900732795788,2.80219057765014,9.18688311099771
4.12103174603175,0.685300188337196,0.382023162298007,2.80085051631017,9.18754057404093
4.12113095238095,0.685383083325255,0.382145572329845,2.79951109521627,9.18819795253681
4.12123015873016,0.685465749345714,0.382267962840331,2.7981723140689,9.18885524644991
4.12132936507937,0.685548186662997,0.38239033377851,2.79683417256864,9.18951245574483
4.12142857142857,0.685630395541436,0.382512685093444,2.79549667041617,9.19016958038618
4.12152777777778,0.685712376245272,0.382635016734212,2.79415980731228,9.19082662033855
4.12162698412698,0.685794129038652,0.382757328649905,2.79282358295787,9.19148357556657
4.12172619047619,0.685875654185634,0.382879620789635,2.79148799705396,9.19214044603489
4.1218253968254,0.685956951950182,0.383001893102525,2.79015304930169,9.19279723170813
4.1219246031746,0.686038022596167,0.383124145537719,2.78881873940231,9.19345393255096
4.12202380952381,0.686118866387372,0.383246378044374,2.78748506705716,9.19411054852804
4.12212301587302,0.686199483587483,0.383368590571663,2.78615203196771,9.19476707960405
4.12222222222222,0.686279874460098,0.383490783068776,2.78481963383556,9.19542352574368
4.12232142857143,0.686360039268722,0.38361295548492,2.78348787236238,9.19607988691162
4.12242063492064,0.686439978276767,0.383735107769316,2.78215674724997,9.1967361630726
4.12251984126984,0.686519691747553,0.3838572398712,2.78082625820028,9.19739235419133
4.12261904761905,0.686599179944308,0.383979351739828,2.77949640491533,9.19804846023254
4.12271825396825,0.686678443130171,0.38410144332447,2.77816718709725,9.19870448116097
4.12281746031746,0.686757481568185,0.38422351457441,2.7768386044483,9.19936041694139
4.12291666666667,0.686836295521302,0.384345565438951,2.77551065667085,9.20001626753856
4.12301587301587,0.686914885252385,0.384467595867411,2.77418334346739,9.20067203291724
4.12311507936508,0.686993251024201,0.384589605809124,2.7728566645405,9.20132771304225
4.12321428571429,0.687071393099427,0.38471159521344,2.77153061959288,9.20198330787836
4.12331349206349,0.687149311740648,0.384833564029724,2.77020520832736,9.2026388173904
4.1234126984127,0.687227007210356,0.384955512207358,2.76888043044687,9.20329424154317
4.12351190476191,0.687304479770953,0.385077439695741,2.76755628565445,9.20394958030153
4.12361111111111,0.687381729684748,0.385199346444287,2.76623277365325,9.20460483363029
4.12371031746032,0.687458757213956,0.385321232402425,2.76490989414655,9.20526000149433
4.12380952380952,0.687535562620703,0.385443097519602,2.76358764683772,9.20591508385851
4.12390873015873,0.687612146167023,0.385564941745281,2.76226603143024,9.20657008068771
4.12400793650794,0.687688508114855,0.385686765028938,2.76094504762774,9.2072249919468
4.12410714285714,0.687764648726049,0.385808567320067,2.75962469513392,9.20787981760069
4.12420634920635,0.687840568262361,0.38593034856818,2.75830497365262,9.20853455761428
4.12430555555556,0.687916266985457,0.386052108722803,2.75698588288777,9.20918921195251
4.12440476190476,0.687991745156909,0.386173847733476,2.75566742254344,9.2098437805803
4.12450396825397,0.6880670030382,0.38629556554976,2.75434959232378,9.21049826346259
4.12460317460317,0.688142040890716,0.386417262121228,2.75303239193308,9.21115266056433
4.12470238095238,0.688216858975757,0.38653893739747,2.75171582107572,9.2118069718505
4.12480158730159,0.688291457554527,0.386660591328093,2.75039987945622,9.21246119728606
4.12490079365079,0.688365836888138,0.386782223862718,2.74908456677919,9.21311533683601
4.125,0.688439997237612,0.386903834950985,2.74776988274936,9.21376939046533
4.12509920634921,0.688513938863878,0.387025424542547,2.74645582707157,9.21442335813905
4.12519841269841,0.688587662027774,0.387146992587074,2.74514239945077,9.21507723982217
4.12529761904762,0.688661166990044,0.387268539034254,2.74382959959202,9.21573103547974
4.12539682539683,0.688734454011342,0.38739006383379,2.74251742720051,9.21638474507679
4.12549603174603,0.688807523352228,0.387511566935398,2.74120588198153,9.21703836857837
4.12559523809524,0.688880375273173,0.387633048288813,2.73989496364049,9.21769190594955
4.12569444444444,0.688953010034553,0.387754507843787,2.73858467188289,9.2183453571554
4.12579365079365,0.689025427896654,0.387875945550085,2.73727500641437,9.21899872216101
4.12589285714286,0.689097629119669,0.387997361357489,2.73596596694067,9.21965200093148
4.12599206349206,0.689169613963699,0.3881187552158,2.73465755316764,9.22030519343192
4.12609126984127,0.689241382688753,0.388240127074831,2.73334976480124,9.22095829962744
4.12619047619048,0.689312935554751,0.388361476884413,2.73204260154754,9.22161131948317
4.12628968253968,0.689384272821515,0.388482804594391,2.73073606311276,9.22226425296426
4.12638888888889,0.68945539474878,0.38860411015463,2.72943014920319,9.22291710003586
4.12648809523809,0.689526301596187,0.388725393515007,2.72812485952523,9.22356986066312
4.1265873015873,0.689596993623286,0.388846654625418,2.72682019378543,9.22422253481123
4.12668650793651,0.689667471089535,0.388967893435772,2.72551615169041,9.22487512244538
4.12678571428571,0.689737734254298,0.389089109895997,2.72421273294694,9.22552762353075
4.12688492063492,0.689807783376849,0.389210303956036,2.72290993726187,9.22618003803255
4.12698412698413,0.68987761871637,0.389331475565846,2.72160776434219,9.22683236591601
4.12708333333333,0.689947240531951,0.389452624675404,2.72030621389498,9.22748460714635
4.12718253968254,0.690016649082588,0.389573751234699,2.71900528562745,9.22813676168882
4.12728174603175,0.690085844627188,0.389694855193738,2.71770497924691,9.22878882950865
4.12738095238095,0.690154827424563,0.389815936502545,2.71640529446079,9.22944081057113
4.12748015873016,0.690223597733437,0.389936995111158,2.71510623097662,9.23009270484152
4.12757936507936,0.690292155812438,0.390058030969632,2.71380778850207,9.2307445122851
4.12767857142857,0.690360501920105,0.390179044028039,2.71250996674488,9.23139623286718
4.12777777777778,0.690428636314882,0.390300034236464,2.71121276541295,9.23204786655305
4.12787698412698,0.690496559255124,0.39042100154501,2.70991618421426,9.23269941330804
4.12797619047619,0.690564270999092,0.390541945903798,2.70862022285691,9.23335087309748
4.1280753968254,0.690631771804956,0.390662867262961,2.70732488104911,9.2340022458867
4.1281746031746,0.690699061930795,0.390783765572651,2.7060301584992,9.23465353164106
4.12827380952381,0.690766141634592,0.390904640783035,2.70473605491561,9.23530473032591
4.12837301587302,0.690833011174244,0.391025492844297,2.70344257000688,9.23595584190664
4.12847222222222,0.690899670807551,0.391146321706634,2.7021497034817,9.23660686634862
4.12857142857143,0.690966120792223,0.391267127320262,2.70085745504882,9.23725780361726
4.12867063492063,0.691032361385879,0.391387909635412,2.69956582441715,9.23790865367795
4.12876984126984,0.691098392846043,0.391508668602331,2.69827481129568,9.23855941649611
4.12886904761905,0.691164215430151,0.391629404171283,2.69698441539353,9.23921009203718
4.12896825396825,0.691229829395543,0.391750116292546,2.69569463641992,9.23986068026659
4.12906746031746,0.691295234999471,0.391870804916417,2.69440547408418,9.24051118114979
4.12916666666667,0.691360432499092,0.391991469993206,2.69311692809577,9.24116159465225
4.12926587301587,0.691425422151472,0.39211211147324,2.69182899816426,9.24181192073943
4.12936507936508,0.691490204213584,0.392232729306862,2.69054168399931,9.24246215937682
4.12946428571429,0.691554778942312,0.392353323444432,2.68925498531073,9.24311231052992
4.12956349206349,0.691619146594446,0.392473893836325,2.6879689018084,9.24376237416422
4.1296626984127,0.691683307426682,0.392594440432933,2.68668343320233,9.24441235024525
4.1297619047619,0.691747261695628,0.392714963184663,2.68539857920267,9.24506223873854
4.12986111111111,0.691811009657799,0.392835462041938,2.68411433951963,9.24571203960962
4.12996031746032,0.691874551569614,0.392955936955198,2.68283071386358,9.24636175282404
4.13005952380952,0.691937887687406,0.393076387874897,2.68154770194497,9.24701137834736
4.13015873015873,0.692001018267412,0.393196814751508,2.68026530347439,9.24766091614516
4.13025793650794,0.692063943565778,0.393317217535518,2.67898351816251,9.24831036618301
4.13035714285714,0.692126663838559,0.393437596177431,2.67770234572014,9.24895972842652
4.13045634920635,0.692189179341717,0.393557950627765,2.6764217858582,9.24960900284128
4.13055555555556,0.692251490331123,0.393678280837057,2.67514183828769,9.25025818939292
4.13065476190476,0.692313597062554,0.393798586755858,2.67386250271976,9.25090728804706
4.13075396825397,0.692375499791698,0.393918868334736,2.67258377886567,9.25155629876933
4.13085317460317,0.692437198774147,0.394039125524273,2.67130566643677,9.25220522152539
4.13095238095238,0.692498694265406,0.39415935827507,2.67002816514453,9.2528540562809
4.13105158730159,0.692559986520883,0.394279566537743,2.66875127470056,9.25350280300152
4.13115079365079,0.692621075795898,0.394399750262922,2.66747499481653,9.25415146165295
4.13125,0.692681962345678,0.394519909401257,2.66619932520427,9.25480003220087
4.13134920634921,0.692742646425356,0.39464004390341,2.66492426557569,9.25544851461099
4.13144841269841,0.692803128289974,0.394760153720061,2.66364981564284,9.25609690884902
4.13154761904762,0.692863408194485,0.394880238801906,2.66237597511787,9.25674521488068
4.13164682539683,0.692923486393745,0.395000299099656,2.66110274371303,9.25739343267173
4.13174603174603,0.692983363142522,0.39512033456404,2.65983012114071,9.2580415621879
4.13184523809524,0.69304303869549,0.395240345145801,2.65855810711338,9.25868960339496
4.13194444444444,0.693102513307232,0.395360330795699,2.65728670134364,9.25933755625867
4.13204365079365,0.693161787232239,0.39548029146451,2.65601590354421,9.25998542074482
4.13214285714286,0.693220860724909,0.395600227103026,2.65474571342789,9.2606331968192
4.13224206349206,0.693279734039548,0.395720137662054,2.65347613070765,9.26128088444761
4.13234126984127,0.693338407430372,0.395840023092419,2.65220715509653,9.26192848359587
4.13244047619048,0.693396881151503,0.39595988334496,2.65093878630768,9.2625759942298
4.13253968253968,0.693455155456971,0.396079718370534,2.64967102405437,9.26322341631524
4.13263888888889,0.693513230600717,0.396199528120012,2.64840386805,9.26387074981805
4.13273809523809,0.693571106836586,0.396319312544282,2.64713731800805,9.26451799470406
4.1328373015873,0.693628784418333,0.39643907159425,2.64587137364214,9.26516515093918
4.13293650793651,0.69368626359962,0.396558805220833,2.644606034666,9.26581221848925
4.13303571428571,0.69374354463402,0.396678513374969,2.64334130079346,9.26645919732018
4.13313492063492,0.693800627775011,0.396798196007609,2.64207717173846,9.26710608739788
4.13323412698413,0.693857513275978,0.396917853069722,2.64081364721508,9.26775288868826
4.13333333333333,0.693914201390219,0.397037484512292,2.63955072693747,9.26839960115723
4.13343253968254,0.693970692370934,0.397157090286319,2.63828841061992,9.26904622477075
4.13353174603175,0.694026986471236,0.397276670342818,2.63702669797684,9.26969275949475
4.13363095238095,0.694083083944144,0.397396224632824,2.63576558872272,9.2703392052952
4.13373015873016,0.694138985042583,0.397515753107383,2.6345050825722,9.27098556213805
4.13382936507937,0.69419469001939,0.39763525571756,2.63324517924001,9.27163182998931
4.13392857142857,0.694250199127307,0.397754732414434,2.631985878441,9.27227800881494
4.13402777777778,0.694305512618985,0.397874183149103,2.63072717989012,9.27292409858096
4.13412698412698,0.694360630746984,0.397993607872678,2.62946908330244,9.27357009925339
4.13422619047619,0.69441555376377,0.398113006536289,2.62821158839316,9.27421601079824
4.1343253968254,0.694470281921719,0.398232379091079,2.62695469487756,9.27486183318155
4.1344246031746,0.694524815473113,0.398351725488208,2.62569840247106,9.27550756636937
4.13452380952381,0.694579154670144,0.398471045678853,2.62444271088918,9.27615321032775
4.13462301587302,0.694633299764911,0.398590339614207,2.62318761984756,9.27679876502276
4.13472222222222,0.694687251009422,0.398709607245477,2.62193312906193,9.27744423042049
4.13482142857143,0.694741008655591,0.398828848523888,2.62067923824817,9.27808960648702
4.13492063492063,0.694794572955241,0.398948063400682,2.61942594712223,9.27873489318846
4.13501984126984,0.694847944160104,0.399067251827113,2.6181732554002,9.27938009049091
4.13511904761905,0.69490112252182,0.399186413754456,2.61692116279828,9.28002519836052
4.13521825396825,0.694954108291935,0.399305549133997,2.61566966903279,9.28067021676339
4.13531746031746,0.695006901721905,0.399424657917043,2.61441877382013,9.28131514566569
4.13541666666667,0.695059503063093,0.399543740054912,2.61316847687684,9.28195998503357
4.13551587301587,0.695111912566771,0.399662795498943,2.61191877791958,9.28260473483319
4.13561507936508,0.695164130484118,0.399781824200487,2.61066967666509,9.28324939503074
4.13571428571429,0.69521615706622,0.399900826110913,2.60942117283025,9.28389396559241
4.13581349206349,0.695267992564075,0.400019801181607,2.60817326613203,9.28453844648441
4.1359126984127,0.695319637228585,0.400138749363968,2.60692595628754,9.28518283767293
4.13601190476191,0.695371091310562,0.400257670609413,2.605679243014,9.2858271391242
4.13611111111111,0.695422355060724,0.400376564869375,2.6044331260287,9.28647135080446
4.13621031746032,0.6954734287297,0.400495432095303,2.60318760504909,9.28711547267995
4.13630952380952,0.695524312568025,0.400614272238661,2.60194267979272,9.28775950471693
4.13640873015873,0.695575006826144,0.400733085250931,2.60069834997724,9.28840344688167
4.13650793650794,0.695625511754406,0.400851871083609,2.59945461532041,9.28904729914045
4.13660714285714,0.695675827603073,0.400970629688208,2.59821147554013,9.28969106145955
4.13670634920635,0.695725954622311,0.401089361016257,2.59696893035439,9.29033473380527
4.13680555555556,0.695775893062196,0.4012080650193,2.59572697948129,9.29097831614394
4.13690476190476,0.695825643172711,0.401326741648899,2.59448562263906,9.29162180844186
4.13700396825397,0.69587520520375,0.40144539085663,2.59324485954603,9.29226521066537
4.13710317460317,0.69592457940511,0.401564012594087,2.59200468992064,9.29290852278082
4.13720238095238,0.695973766026501,0.401682606812878,2.59076511348146,9.29355174475456
4.13730158730159,0.696022765317537,0.401801173464629,2.58952612994713,9.29419487655297
4.13740079365079,0.696071577527743,0.40191971250098,2.58828773903646,9.29483791814242
4.1375,0.69612020290655,0.402038223873588,2.58704994046834,9.29548086948929
4.13759920634921,0.696168641703297,0.402156707534127,2.58581273396177,9.29612373055998
4.13769841269841,0.696216894167234,0.402275163434285,2.58457611923587,9.29676650132091
4.13779761904762,0.696264960547516,0.402393591525768,2.58334009600987,9.29740918173851
4.13789682539683,0.696312841093205,0.402511991760296,2.58210466400313,9.29805177177919
4.13799603174603,0.696360536053276,0.402630364089607,2.58086982293508,9.29869427140941
4.13809523809524,0.696408045676607,0.402748708465456,2.5796355725253,9.29933668059562
4.13819444444444,0.696455370211986,0.402867024839608,2.57840191249349,9.29997899930429
4.13829365079365,0.69650250990811,0.402985313163851,2.57716884255942,9.3006212275019
4.13839285714286,0.696549465013581,0.403103573389985,2.575936362443,9.30126336515493
4.13849206349206,0.696596235776913,0.403221805469829,2.57470447186426,9.30190541222987
4.13859126984127,0.696642822446526,0.403340009355214,2.57347317054332,9.30254736869325
4.13869047619048,0.696689225270746,0.403458184997991,2.57224245820043,9.30318923451159
4.13878968253968,0.696735444497811,0.403576332350025,2.57101233455594,9.30383100965141
4.13888888888889,0.696781480375865,0.403694451363197,2.56978279933032,9.30447269407926
4.1389880952381,0.696827333152959,0.403812541989403,2.56855385224416,9.3051142877617
4.1390873015873,0.696873003077053,0.403930604180559,2.56732549301814,9.30575579066528
4.13918650793651,0.696918490396016,0.404048637888593,2.56609772137308,9.30639720275659
4.13928571428571,0.696963795357625,0.40416664306545,2.56487053702988,9.30703852400221
4.13938492063492,0.697008918209563,0.404284619663092,2.56364393970958,9.30767975436874
4.13948412698413,0.697053859199422,0.404402567633496,2.56241792913333,9.3083208938228
4.13958333333333,0.697098618574703,0.404520486928658,2.56119250502236,9.308961942331
4.13968253968254,0.697143196582813,0.404638377500583,2.55996766709807,9.30960289985997
4.13978174603175,0.69718759347107,0.4047562393013,2.55874341508192,9.31024376637636
4.13988095238095,0.697231809486697,0.404874072282849,2.55751974869552,9.31088454184681
4.13998015873016,0.697275844876827,0.404991876397288,2.55629666766055,9.31152522623801
4.14007936507937,0.6973196998885,0.405109651596691,2.55507417169885,9.31216581951661
4.14017857142857,0.697363374768664,0.405227397833147,2.55385226053233,9.31280632164931
4.14027777777778,0.697406869764177,0.405345115058762,2.55263093388304,9.31344673260282
4.14037698412698,0.697450185121802,0.405462803225658,2.55141019147315,9.31408705234382
4.14047619047619,0.697493321088211,0.405580462285971,2.55019003302491,9.31472728083905
4.1405753968254,0.697536277909985,0.405698092191856,2.54897045826071,9.31536741805523
4.1406746031746,0.697579055833613,0.405815692895483,2.54775146690303,9.31600746395911
4.14077380952381,0.697621655105491,0.405933264349037,2.54653305867448,9.31664741851745
4.14087301587302,0.697664075971923,0.40605080650472,2.54531523329778,9.317287281697
4.14097222222222,0.697706318679123,0.406168319314749,2.54409799049576,9.31792705346454
4.14107142857143,0.697748383473211,0.40628580273136,2.54288132999135,9.31856673378686
4.14117063492063,0.697790270600214,0.406403256706801,2.54166525150762,9.31920632263075
4.14126984126984,0.697831980306071,0.406520681193338,2.54044975476772,9.31984581996302
4.14136904761905,0.697873512836624,0.406638076143253,2.53923483949495,9.3204852257505
4.14146825396825,0.697914868437628,0.406755441508844,2.53802050541268,9.32112453996001
4.14156746031746,0.697956047354742,0.406872777242425,2.53680675224443,9.32176376255839
4.14166666666667,0.697997049833536,0.406990083296326,2.5355935797138,9.3224028935125
4.14176587301587,0.698037876119487,0.407107359622894,2.53438098754453,9.32304193278921
4.14186507936508,0.698078526457977,0.407224606174488,2.53316897546046,9.32368088035537
4.14196428571429,0.698119001094302,0.407341822903488,2.53195754318555,9.32431973617789
4.14206349206349,0.69815930027366,0.407459009762288,2.53074669044385,9.32495850022365
4.1421626984127,0.698199424241162,0.407576166703297,2.52953641695955,9.32559717245957
4.1422619047619,0.698239373241823,0.407693293678943,2.52832672245694,9.32623575285256
4.14236111111111,0.69827914752057,0.407810390641666,2.52711760666042,9.32687424136955
4.14246031746032,0.698318747322233,0.407927457543926,2.5259090692945,9.32751263797749
4.14255952380952,0.698358172891556,0.408044494338196,2.52470111008382,9.32815094264333
4.14265873015873,0.698397424473185,0.408161500976966,2.52349372875311,9.32878915533402
4.14275793650794,0.698436502311679,0.408278477412742,2.52228692502723,9.32942727601655
4.14285714285714,0.698475406651502,0.408395423598047,2.52108069863115,9.33006530465789
4.14295634920635,0.698514137737027,0.408512339485418,2.51987504928993,9.33070324122505
4.14305555555556,0.698552695812535,0.408629225027411,2.51866997672878,9.33134108568503
4.14315476190476,0.698591081122215,0.408746080176595,2.51746548067299,9.33197883800485
4.14325396825397,0.698629293910165,0.408862904885557,2.51626156084797,9.33261649815154
4.14335317460317,0.698667334420388,0.408979699106899,2.51505821697927,9.33325406609214
4.14345238095238,0.698705202896799,0.409096462793238,2.51385544879251,9.3338915417937
4.14355158730159,0.698742899583218,0.409213195897211,2.51265325601345,9.33452892522328
4.14365079365079,0.698780424723374,0.409329898371465,2.51145163836795,9.33516621634795
4.14375,0.698817778560904,0.40944657016867,2.510250595582,9.33580341513481
4.14384920634921,0.698854961339355,0.409563211241505,2.50905012738167,9.33644052155094
4.14394841269841,0.698891973302178,0.409679821542671,2.50785023349317,9.33707753556345
4.14404761904762,0.698928814692735,0.409796401024882,2.50665091364282,9.33771445713946
4.14414682539683,0.698965485754295,0.409912949640868,2.50545216755704,9.3383512862461
4.14424603174603,0.699001986730036,0.410029467343374,2.50425399496237,9.33898802285051
4.14434523809524,0.699038317863042,0.410145954085165,2.50305639558547,9.33962466691983
4.14444444444444,0.699074479396307,0.410262409819018,2.5018593691531,9.34026121842124
4.14454365079365,0.699110471572732,0.410378834497728,2.50066291539213,9.34089767732189
4.14464285714286,0.699146294635127,0.410495228074106,2.49946703402956,9.34153404358899
4.14474206349206,0.699181948826209,0.410611590500979,2.49827172479247,9.34217031718971
4.14484126984127,0.699217434388603,0.410727921731188,2.4970769874081,9.34280649809127
4.14494047619048,0.699252751564843,0.410844221717592,2.49588282160376,9.34344258626089
4.14503968253968,0.699287900597369,0.410960490413066,2.4946892271069,9.34407858166579
4.14513888888889,0.699322881728532,0.411076727770501,2.49349620364506,9.3447144842732
4.14523809523809,0.699357695200589,0.411192933742804,2.49230375094591,9.34535029405039
4.1453373015873,0.699392341255705,0.411309108282896,2.49111186873722,9.34598601096461
4.14543650793651,0.699426820135953,0.411425251343718,2.48992055674689,9.34662163498313
4.14553571428571,0.699461132083317,0.411541362878224,2.4887298147029,9.34725716607324
4.14563492063492,0.699495277339684,0.411657442839383,2.48753964233339,9.34789260420223
4.14573412698413,0.699529256146852,0.411773491180184,2.48635003936656,9.34852794933741
4.14583333333333,0.699563068746527,0.411889507853629,2.48516100553077,9.34916320144609
4.14593253968254,0.699596715380323,0.412005492812737,2.48397254055446,9.3497983604956
4.14603174603175,0.699630196289761,0.412121446010543,2.48278464416619,9.35043342645327
4.14613095238095,0.69966351171627,0.412237367400098,2.48159731609465,9.35106839928646
4.14623015873016,0.699696661901189,0.412353256934469,2.4804105560686,9.35170327896254
4.14632936507937,0.699729647085763,0.412469114566738,2.47922436381696,9.35233806544886
4.14642857142857,0.699762467511146,0.412584940250004,2.47803873906875,9.35297275871281
4.14652777777778,0.699795123418399,0.412700733937382,2.47685368155307,9.35360735872178
4.14662698412698,0.699827615048493,0.412816495582005,2.47566919099918,9.35424186544319
4.14672619047619,0.699859942642304,0.412932225137017,2.47448526713643,9.35487627884444
4.1468253968254,0.699892106440619,0.413047922555584,2.47330190969426,9.35551059889296
4.1469246031746,0.699924106684132,0.413163587790883,2.47211911840227,9.3561448255562
4.14702380952381,0.699955943613444,0.41327922079611,2.47093689299012,9.35677895880159
4.14712301587302,0.699987617469065,0.413394821524475,2.46975523318764,9.3574129985966
4.14722222222222,0.700019128491414,0.413510389929207,2.46857413872473,9.3580469449087
4.14732142857143,0.700050476920815,0.413625925963547,2.4673936093314,9.35868079770536
4.14742063492063,0.700081662997503,0.413741429580756,2.46621364473781,9.3593145569541
4.14751984126984,0.70011268696162,0.413856900734108,2.46503424467419,9.35994822262239
4.14761904761905,0.700143549053215,0.413972339376894,2.46385540887092,9.36058179467778
4.14771825396825,0.700174249512248,0.414087745462424,2.46267713705844,9.36121527308777
4.14781746031746,0.700204788578583,0.414203118944018,2.46149942896738,9.36184865781991
4.14791666666667,0.700235166491995,0.414318459775016,2.46032228432842,9.36248194884173
4.14801587301587,0.700265383492165,0.414433767908774,2.45914570287237,9.36311514612081
4.14811507936508,0.700295439818684,0.414549043298663,2.45796968433015,9.36374824962472
4.14821428571429,0.70032533571105,0.41466428589807,2.45679422843281,9.36438125932103
4.14831349206349,0.700355071408669,0.414779495660399,2.45561933491148,9.36501417517733
4.1484126984127,0.700384647150855,0.41489467253907,2.45444500349744,9.36564699716123
4.14851190476191,0.700414063176831,0.415009816487517,2.45327123392204,9.36627972524036
4.14861111111111,0.700443319725726,0.415124927459192,2.45209802591679,9.36691235938231
4.14871031746032,0.700472417036578,0.415240005407562,2.45092537921328,9.36754489955475
4.14880952380952,0.700501355348334,0.415355050286111,2.44975329354321,9.3681773457253
4.14890873015873,0.700530134899848,0.415470062048339,2.44858176863842,9.36880969786164
4.14900793650794,0.700558755929882,0.41558504064776,2.44741080423084,9.36944195593143
4.14910714285714,0.700587218677106,0.415699986037907,2.44624040005252,9.37007411990235
4.14920634920635,0.7006155233801,0.415814898172327,2.4450705558356,9.37070618974209
4.14930555555556,0.700643670277349,0.415929777004584,2.44390127131238,9.37133816541836
4.14940476190476,0.700671659607247,0.416044622488256,2.44273254621524,9.37197004689887
4.14950396825397,0.700699491608096,0.41615943457694,2.44156438027667,9.37260183415134
4.14960317460317,0.700727166518108,0.416274213224248,2.44039677322928,9.37323352714352
4.14970238095238,0.7007546845754,0.416388958383807,2.4392297248058,9.37386512584314
4.14980158730159,0.700782046017999,0.41650367000926,2.43806323473906,9.37449663021796
4.14990079365079,0.70080925108384,0.416618348054268,2.43689730276201,9.37512804023576
4.15,0.700836300010765,0.416732992472507,2.4357319286077,9.37575935586432
4.15009920634921,0.700863193036523,0.416847603217668,2.43456711200932,9.37639057707142
4.15019841269841,0.700889930398775,0.416962180243458,2.43340285270014,9.37702170382486
4.15029761904762,0.700916512335086,0.417076723503601,2.43223915041356,9.37765273609246
4.15039682539683,0.70094293908293,0.417191232951838,2.4310760048831,9.37828367384205
4.15049603174603,0.700969210879692,0.417305708541924,2.42991341584237,9.37891451704146
4.15059523809524,0.70099532796266,0.417420150227631,2.42875138302511,9.37954526565853
4.15069444444444,0.701021290569034,0.417534557962748,2.42758990616516,9.38017591966113
4.15079365079365,0.70104709893592,0.417648931701076,2.42642898499649,9.38080647901711
4.15089285714286,0.701072753300332,0.417763271396438,2.42526861925316,9.38143694369436
4.15099206349206,0.701098253899195,0.417877577002668,2.42410880866937,9.38206731366078
4.15109126984127,0.701123600969337,0.417991848473619,2.4229495529794,9.38269758888425
4.15119047619048,0.701148794747499,0.418106085763158,2.42179085191767,9.3833277693327
4.15128968253968,0.701173835470326,0.41822028882517,2.4206327052187,9.38395785497405
4.15138888888889,0.701198723374374,0.418334457613555,2.41947511261712,9.38458784577623
4.1514880952381,0.701223458696105,0.418448592082229,2.41831807384767,9.38521774170719
4.1515873015873,0.70124804167189,0.418562692185123,2.41716158864522,9.38584754273488
4.15168650793651,0.701272472538008,0.418676757876186,2.41600565674474,9.38647724882728
4.15178571428571,0.701296751530645,0.418790789109382,2.41485027788131,9.38710685995235
4.15188492063492,0.701320878885897,0.418904785838691,2.41369545179013,9.3877363760781
4.15198412698413,0.701344854839766,0.41901874801811,2.4125411782065,9.38836579717251
4.15208333333333,0.701368679628164,0.419132675601649,2.41138745686585,9.38899512320361
4.15218253968254,0.701392353486909,0.41924656854334,2.4102342875037,9.38962435413941
4.15228174603175,0.701415876651728,0.419360426797223,2.40908166985571,9.39025348994796
4.15238095238095,0.701439249358256,0.419474250317361,2.40792960365764,9.39088253059728
4.15248015873016,0.701462471842036,0.419588039057829,2.40677808864535,9.39151147605545
4.15257936507937,0.701485544338519,0.419701792972719,2.40562712455483,9.39214032629052
4.15267857142857,0.701508467083064,0.419815512016141,2.40447671112217,9.39276908127058
4.15277777777778,0.701531240310939,0.419929196142218,2.40332684808358,9.39339774096372
4.15287698412698,0.701553864257318,0.42004284530509,2.40217753517538,9.39402630533803
4.15297619047619,0.701576339157284,0.420156459458916,2.40102877213399,9.39465477436162
4.1530753968254,0.701598665245829,0.420270038557865,2.39988055869598,9.39528314800263
4.1531746031746,0.701620842757851,0.420383582556126,2.398732894598,9.39591142622917
4.15327380952381,0.701642871928158,0.420497091407906,2.39758577957681,9.3965396090094
4.15337301587302,0.701664752991465,0.420610565067422,2.39643921336929,9.39716769631147
4.15347222222222,0.701686486182395,0.420724003488913,2.39529319571245,9.39779568810354
4.15357142857143,0.70170807173548,0.420837406626631,2.39414772634339,9.3984235843538
4.15367063492064,0.701729509885158,0.420950774434845,2.39300280499932,9.39905138503044
4.15376984126984,0.701750800865777,0.421064106867838,2.39185843141759,9.39967909010165
4.15386904761905,0.701771944911592,0.421177403879911,2.39071460533564,9.40030669953564
4.15396825396825,0.701792942256766,0.421290665425381,2.38957132649101,9.40093421330063
4.15406746031746,0.701813793135372,0.42140389145858,2.38842859462139,9.40156163136486
4.15416666666667,0.701834497781387,0.421517081933858,2.38728640946455,9.40218895369657
4.15426587301587,0.7018550564287,0.421630236805579,2.38614477075839,9.40281618026402
4.15436507936508,0.701875469311105,0.421743356028123,2.38500367824092,9.40344331103546
4.15446428571429,0.701895736662308,0.421856439555888,2.38386313165024,9.40407034597919
4.15456349206349,0.701915858715917,0.421969487343285,2.3827231307246,9.40469728506348
4.1546626984127,0.701935835705454,0.422082499344744,2.38158367520234,9.40532412825664
4.15476190476191,0.701955667864345,0.422195475514709,2.38044476482191,9.40595087552697
4.15486111111111,0.701975355425927,0.422308415807641,2.37930639932189,9.40657752684279
4.15496031746032,0.701994898623442,0.422421320178017,2.37816857844095,9.40720408217245
4.15505952380952,0.702014297690042,0.422534188580331,2.3770313019179,9.40783054148427
4.15515873015873,0.702033552858787,0.42264702096909,2.37589456949161,9.40845690474662
4.15525793650794,0.702052664362645,0.422759817298819,2.37475838090114,9.40908317192786
4.15535714285714,0.70207163243449,0.42287257752406,2.3736227358856,9.40970934299636
4.15545634920635,0.702090457307107,0.422985301599369,2.37248763418424,9.41033541792051
4.15555555555556,0.702109139213187,0.423097989479319,2.37135307553641,9.41096139666872
4.15565476190476,0.70212767838533,0.423210641118499,2.37021905968158,9.41158727920939
4.15575396825397,0.702146075056043,0.423323256471515,2.36908558635933,9.41221306551093
4.15585317460317,0.702164329457742,0.423435835492986,2.36795265530936,9.41283875554179
4.15595238095238,0.702182441822752,0.423548378137552,2.36682026627146,9.41346434927041
4.15605158730159,0.702200412383303,0.423660884359863,2.36568841898556,9.41408984666523
4.15615079365079,0.702218241371536,0.423773354114589,2.36455711319169,9.41471524769472
4.15625,0.702235929019498,0.423885787356415,2.36342634862999,9.41534055232736
4.15634920634921,0.702253475559145,0.423998184040043,2.36229612504071,9.41596576053163
4.15644841269841,0.702270881222341,0.42411054412019,2.36116644216423,9.41659087227604
4.15654761904762,0.702288146240857,0.424222867551588,2.36003729974102,9.41721588752909
4.15664682539683,0.702305270846375,0.424335154288988,2.35890869751167,9.4178408062593
4.15674603174603,0.702322255270481,0.424447404287153,2.35778063521689,9.41846562843519
4.15684523809524,0.702339099744671,0.424559617500865,2.3566531125975,9.41909035402532
4.15694444444444,0.70235580450035,0.424671793884922,2.35552612939443,9.41971498299823
4.15704365079365,0.702372369768829,0.424783933394137,2.35439968534872,9.4203395153225
4.15714285714286,0.702388795781328,0.424896035983338,2.35327378020151,9.42096395096669
4.15724206349206,0.702405082768976,0.425008101607372,2.35214841369409,9.42158828989938
4.15734126984127,0.702421230962808,0.4251201302211,2.35102358556783,9.42221253208919
4.15744047619048,0.702437240593768,0.425232121779399,2.34989929556421,9.42283667750471
4.15753968253968,0.702453111892709,0.425344076237162,2.34877554342486,9.42346072611456
4.15763888888889,0.702468845090391,0.425455993549299,2.34765232889147,9.42408467788738
4.15773809523809,0.702484440417481,0.425567873670734,2.34652965170589,9.4247085327918
4.1578373015873,0.702499898104556,0.42567971655641,2.34540751161005,9.42533229079648
4.15793650793651,0.702515218382099,0.425791522161285,2.34428590834601,9.42595595187007
4.15803571428571,0.702530401480504,0.42590329044033,2.34316484165592,9.42657951598127
4.15813492063492,0.702545447630071,0.426015021348537,2.34204431128207,9.42720298309874
4.15823412698413,0.702560357061007,0.42612671484091,2.34092431696687,9.42782635319119
4.15833333333333,0.702575130003428,0.426238370872471,2.33980485845279,9.42844962622732
4.15843253968254,0.70258976668736,0.426349989398258,2.33868593548247,9.42907280217586
4.15853174603175,0.702604267342734,0.426461570373323,2.33756754779863,9.42969588100552
4.15863095238095,0.70261863219939,0.426573113752737,2.33644969514411,9.43031886268506
4.15873015873016,0.702632861487077,0.426684619491586,2.33533237726187,9.43094174718322
4.15882936507936,0.702646955435452,0.42679608754497,2.33421559389496,9.43156453446876
4.15892857142857,0.702660914274079,0.426907517868009,2.33309934478657,9.43218722451047
4.15902777777778,0.702674738232429,0.427018910415834,2.33198362967999,9.43280981727712
4.15912698412698,0.702688427539883,0.427130265143596,2.33086844831862,9.43343231273751
4.15922619047619,0.702701982425731,0.427241582006461,2.32975380044598,9.43405471086044
4.1593253968254,0.702715403119168,0.427352860959611,2.3286396858057,9.43467701161474
4.1594246031746,0.702728689849298,0.427464101958242,2.32752610414151,9.43529921496924
4.15952380952381,0.702741842845135,0.42757530495757,2.32641305519727,9.43592132089276
4.15962301587302,0.702754862335599,0.427686469912824,2.32530053871693,9.43654332935417
4.15972222222222,0.702767748549518,0.427797596779249,2.32418855444459,9.43716524032233
4.15982142857143,0.702780501715628,0.427908685512107,2.32307710212444,9.4377870537661
4.15992063492063,0.702793122062575,0.428019736066677,2.32196618150076,9.43840876965437
4.16001984126984,0.702805609818911,0.428130748398252,2.32085579231799,9.43903038795605
4.16011904761905,0.702817965213097,0.428241722462142,2.31974593432063,9.43965190864002
4.16021825396825,0.702830188473501,0.428352658213674,2.31863660725335,9.44027333167522
4.16031746031746,0.7028422798284,0.428463555608188,2.31752781086088,9.44089465703057
4.16041666666667,0.702854239505978,0.428574414601045,2.31641954488808,9.441515884675
4.16051587301587,0.702866067734329,0.428685235147615,2.31531180907995,9.44213701457748
4.16061507936508,0.702877764741453,0.428796017203291,2.31420460318156,9.44275804670695
4.16071428571429,0.702889330755259,0.428906760723477,2.31309792693812,9.44337898103239
4.16081349206349,0.702900766003563,0.429017465663597,2.31199178009495,9.44399981752279
4.1609126984127,0.70291207071409,0.429128131979089,2.31088616239747,9.44462055614714
4.1610119047619,0.702923245114474,0.429238759625405,2.30978107359122,9.44524119687445
4.16111111111111,0.702934289432254,0.429349348558018,2.30867651342183,9.44586173967373
4.16121031746032,0.702945203894881,0.429459898732412,2.30757248163511,9.446482184514
4.16130952380952,0.70295598872971,0.429570410104089,2.3064689779769,9.44710253136432
4.16140873015873,0.702966644164006,0.429680882628569,2.3053660021932,9.44772278019371
4.16150793650794,0.702977170424943,0.429791316261385,2.30426355403011,9.44834293097126
4.16160714285714,0.702987567739602,0.429901710958087,2.30316163323384,9.44896298366603
4.16170634920635,0.702997836334971,0.430012066674242,2.30206023955073,9.4495829382471
4.16180555555556,0.703007976437947,0.430122383365433,2.3009593727272,9.45020279468357
4.16190476190476,0.703017988275336,0.430232660987257,2.29985903250981,9.45082255294454
4.16200396825397,0.70302787207385,0.430342899495328,2.29875921864522,9.45144221299913
4.16210317460317,0.70303762806011,0.430453098845277,2.29765993088022,9.45206177481646
4.16220238095238,0.703047256460646,0.43056325899275,2.29656116896168,9.45268123836567
4.16230158730159,0.703056757501894,0.430673379893411,2.29546293263661,9.45330060361591
4.16240079365079,0.7030661314102,0.430783461502936,2.29436522165211,9.45391987053634
4.1625,0.703075378411817,0.430893503777021,2.29326803575543,9.45453903909613
4.16259920634921,0.703084498732906,0.431003506671377,2.29217137469388,9.45515810926448
4.16269841269841,0.703093492599536,0.431113470141729,2.29107523821493,9.45577708101055
4.16279761904762,0.703102360237684,0.431223394143819,2.28997962606613,9.45639595430357
4.16289682539683,0.703111101873236,0.431333278633407,2.28888453799517,9.45701472911274
4.16299603174603,0.703119717731984,0.431443123566268,2.28778997374983,9.45763340540729
4.16309523809524,0.70312820803963,0.431552928898191,2.286695933078,9.45825198315647
4.16319444444444,0.703136573021784,0.431662694584983,2.28560241572771,9.45887046232951
4.16329365079365,0.703144812903962,0.431772420582466,2.28450942144707,9.45948884289568
4.16339285714286,0.703152927911591,0.431882106846482,2.28341694998432,9.46010712482426
4.16349206349206,0.703160918270002,0.431991753332881,2.28232500108782,9.46072530808451
4.16359126984127,0.703168784204438,0.432101359997536,2.28123357450603,9.46134339264573
4.16369047619048,0.703176525940048,0.432210926796334,2.28014266998751,9.46196137847722
4.16378968253968,0.703184143701889,0.432320453685177,2.27905228728096,9.46257926554831
4.16388888888889,0.703191637714927,0.432429940619983,2.27796242613518,9.46319705382831
4.16398809523809,0.703199008204035,0.432539387556689,2.27687308629907,9.46381474328657
4.1640873015873,0.703206255393995,0.432648794451244,2.27578426752166,9.46443233389243
4.16418650793651,0.703213379509496,0.432758161259615,2.27469596955209,9.46504982561524
4.16428571428571,0.703220380775135,0.432867487937785,2.27360819213961,9.46566721842438
4.16438492063492,0.703227259415419,0.432976774441753,2.27252093503358,9.46628451228924
4.16448412698413,0.703234015654761,0.433086020727533,2.27143419798348,9.46690170717919
4.16458333333333,0.703240649717482,0.433195226751157,2.27034798073888,9.46751880306365
4.16468253968254,0.703247161827812,0.433304392468672,2.26926228304949,9.46813579991203
4.16478174603175,0.703253552209888,0.43341351783614,2.26817710466512,9.46875269769375
4.16488095238095,0.703259821087757,0.433522602809641,2.26709244533569,9.46936949637825
4.16498015873016,0.703265968685371,0.433631647345269,2.26600830481124,9.46998619593498
4.16507936507937,0.703271995226593,0.433740651399135,2.26492468284191,9.47060279633339
4.16517857142857,0.703277900935192,0.433849614927367,2.26384157917798,9.47121929754295
4.16527777777778,0.703283686034846,0.433958537886107,2.26275899356981,9.47183569953315
4.16537698412698,0.70328935074914,0.434067420231514,2.26167692576788,9.47245200227347
4.16547619047619,0.703294895301569,0.434176261919764,2.2605953755228,9.47306820573342
4.1655753968254,0.703300319915534,0.434285062907048,2.25951434258527,9.47368430988252
4.1656746031746,0.703305624814345,0.434393823149572,2.25843382670613,9.47430031469027
4.16577380952381,0.70331081022122,0.43450254260356,2.2573538276363,9.47491622012623
4.16587301587302,0.703315876359285,0.434611221225251,2.25627434512683,9.47553202615993
4.16597222222222,0.703320823451573,0.4347198589709,2.25519537892888,9.47614773276094
4.16607142857143,0.703325651721027,0.434828455796779,2.25411692879373,9.47676333989882
4.16617063492063,0.703330361390496,0.434937011659174,2.25303899447276,9.47737884754316
4.16626984126984,0.703334952682738,0.435045526514389,2.25196157571747,9.47799425566353
4.16636904761905,0.703339425820419,0.435154000318744,2.25088467227946,9.47860956422956
4.16646825396825,0.703343781026114,0.435262433028573,2.24980828391046,9.47922477321084
4.16656746031746,0.703348018522303,0.435370824600227,2.24873241036231,9.47983988257699
4.16666666666667,0.703352138531378,0.435479174990075,2.24765705138696,9.48045489229767
4.16676587301587,0.703356141275636,0.435587484154499,2.24658220673645,9.48106980234251
4.16686507936508,0.703360026977284,0.435695752049899,2.24550787616297,9.48168461268116
4.16696428571429,0.703363795858434,0.435803978632689,2.2444340594188,9.48229932328331
4.16706349206349,0.703367448141111,0.435912163859304,2.24336075625632,9.48291393411862
4.1671626984127,0.703370984047243,0.436020307686187,2.24228796642807,9.48352844515678
4.16726190476191,0.703374403798668,0.436128410069804,2.24121568968665,9.4841428563675
4.16736111111111,0.703377707617133,0.436236470966635,2.24014392578481,9.48475716772048
4.16746031746032,0.703380895724293,0.436344490333173,2.23907267447538,9.48537137918546
4.16755952380952,0.703383968341709,0.436452468125932,2.23800193551133,9.48598549073217
4.16765873015873,0.703386925690851,0.436560404301438,2.23693170864573,9.48659950233034
4.16775793650794,0.703389767993098,0.436668298816236,2.23586199363176,9.48721341394974
4.16785714285714,0.703392495469736,0.436776151626884,2.23479279022271,9.48782722556014
4.16795634920635,0.70339510834196,0.436883962689959,2.233724098172,9.48844093713131
4.16805555555556,0.703397606830871,0.436991731962051,2.23265591723316,9.48905454863304
4.16815476190476,0.70339999115748,0.437099459399769,2.2315882471598,9.48966806003513
4.16825396825397,0.703402261542705,0.437207144959737,2.23052108770569,9.4902814713074
4.16835317460317,0.703404418207373,0.437314788598593,2.22945443862467,9.49089478241966
4.16845238095238,0.703406461372218,0.437422390272994,2.22838829967071,9.49150799334175
4.16855158730159,0.703408391257883,0.437529949939613,2.2273226705979,9.49212110404352
4.16865079365079,0.703410208084917,0.437637467555135,2.22625755116045,9.49273411449482
4.16875,0.70341191207378,0.437744943076264,2.22519294111265,9.49334702466551
4.16884920634921,0.703413503444838,0.437852376459722,2.22412884020892,9.49395983452547
4.16894841269841,0.703414982418366,0.437959767662243,2.22306524820381,9.4945725440446
4.16904761904762,0.703416349214545,0.43806711664058,2.22200216485194,9.49518515319279
4.16914682539683,0.703417604053466,0.4381744233515,2.22093958990809,9.49579766193996
4.16924603174603,0.703418747155129,0.438281687751787,2.21987752312712,9.49641007025602
4.16934523809524,0.703419778739439,0.438388909798243,2.218815964264,9.49702237811091
4.16944444444444,0.703420699026212,0.43849608944768,2.21775491307386,9.49763458547456
4.16954365079365,0.703421508235169,0.438603226656933,2.21669436931188,9.49824669231695
4.16964285714286,0.703422206585942,0.438710321382848,2.21563433273339,9.49885869860803
4.16974206349206,0.703422794298069,0.438817373582291,2.21457480309382,9.49947060431777
4.16984126984127,0.703423271590997,0.438924383212141,2.21351578014871,9.50008240941618
4.16994047619048,0.70342363868408,0.439031350229293,2.21245726365372,9.50069411387324
4.17003968253968,0.703423895796582,0.439138274590662,2.21139925336462,9.50130571765897
4.17013888888889,0.703424043147673,0.439245156253173,2.2103417490373,9.50191722074339
4.1702380952381,0.703424080956432,0.439351995173771,2.20928475042775,9.50252862309653
4.1703373015873,0.703424009441845,0.439458791309417,2.20822825729207,9.50313992468843
4.17043650793651,0.703423828822808,0.439565544617087,2.20717226938649,9.50375112548915
4.17053571428571,0.703423539318123,0.439672255053772,2.20611678646733,9.50436222546875
4.17063492063492,0.703423141146501,0.439778922576481,2.20506180829104,9.50497322459731
4.17073412698413,0.703422634526562,0.439885547142238,2.20400733461418,9.50558412284492
4.17083333333333,0.703422019676831,0.439992128708085,2.20295336519341,9.50619492018168
4.17093253968254,0.703421296815745,0.440098667231075,2.20189989978553,9.50680561657769
4.17103174603175,0.703420466161645,0.440205162668282,2.20084693814741,9.50741621200307
4.17113095238095,0.703419527932783,0.440311614976795,2.19979448003608,9.50802670642797
4.17123015873016,0.703418482347317,0.440418024113717,2.19874252520864,9.50863709982251
4.17132936507937,0.703417329623316,0.440524390036169,2.19769107342233,9.50924739215685
4.17142857142857,0.703416069978753,0.440630712701287,2.19664012443449,9.50985758340117
4.17152777777778,0.703414703631512,0.440736992066225,2.19558967800257,9.51046767352563
4.17162698412698,0.703413230799385,0.440843228088148,2.19453973388416,9.51107766250042
4.17172619047619,0.703411651700069,0.440949420724244,2.19349029183692,9.51168755029574
4.1718253968254,0.703409966551172,0.441055569931711,2.19244135161865,9.51229733688179
4.1719246031746,0.70340817557021,0.441161675667767,2.19139291298726,9.51290702222881
4.17202380952381,0.703406278974606,0.441267737889643,2.19034497570076,9.51351660630701
4.17212301587302,0.703404276981689,0.441373756554589,2.18929753951729,9.51412608908664
4.17222222222222,0.703402169808701,0.441479731619869,2.18825060419509,9.51473547053795
4.17232142857143,0.703399957672788,0.441585663042763,2.1872041694925,9.51534475063122
4.17242063492063,0.703397640791005,0.441691550780569,2.18615823516801,9.51595392933671
4.17251984126984,0.703395219380316,0.441797394790598,2.1851128009802,9.5165630066247
4.17261904761905,0.703392693657592,0.441903195030179,2.18406786668774,9.5171719824655
4.17271825396825,0.703390063839612,0.442008951456657,2.18302343204946,9.51778085682941
4.17281746031746,0.703387330143063,0.442114664027392,2.18197949682426,9.51838962968676
4.17291666666667,0.703384492784542,0.442220332699762,2.18093606077118,9.51899830100787
4.17301587301587,0.70338155198055,0.44232595743116,2.17989312364936,9.51960687076309
4.17311507936508,0.7033785079475,0.442431538178992,2.17885068521805,9.52021533892277
4.17321428571429,0.703375360901712,0.442537074900685,2.17780874523663,9.52082370545726
4.17331349206349,0.703372111059411,0.442642567553679,2.17676730346457,9.52143197033696
4.1734126984127,0.703368758636735,0.442748016095431,2.17572635966146,9.52204013353223
4.1735119047619,0.703365303849726,0.442853420483414,2.17468591358701,9.52264819501348
4.17361111111111,0.703361746914336,0.442958780675117,2.17364596500104,9.52325615475111
4.17371031746032,0.703358088046424,0.443064096628044,2.17260651366347,9.52386401271555
4.17380952380952,0.703354327461759,0.443169368299717,2.17156755933434,9.52447176887723
4.17390873015873,0.703350465376015,0.443274595647672,2.17052910177381,9.52507942320657
4.17400793650794,0.703346502004776,0.443379778629461,2.16949114074216,9.52568697567405
4.17410714285714,0.703342437563534,0.443484917202655,2.16845367599975,9.52629442625011
4.17420634920635,0.703338272267688,0.443590011324838,2.16741670730708,9.52690177490523
4.17430555555556,0.703334006332546,0.443695060953611,2.16638023442475,9.52750902160991
4.17440476190476,0.703329639973324,0.443800066046592,2.16534425711348,9.52811616633462
4.17450396825397,0.703325173405145,0.443905026561413,2.16430877513409,9.52872320904989
4.17460317460317,0.703320606843041,0.444009942455722,2.16327378824753,9.52933014972623
4.17470238095238,0.703315940501952,0.444114813687186,2.16223929621486,9.52993698833416
4.17480158730159,0.703311174596725,0.444219640213485,2.16120529879723,9.53054372484423
4.17490079365079,0.703306309342117,0.444324421992316,2.16017179575593,9.53115035922699
4.175,0.703301344952791,0.444429158981393,2.15913878685235,9.531756891453
4.17509920634921,0.703296281643319,0.444533851138445,2.15810627184799,9.53236332149283
4.17519841269841,0.703291119628181,0.444638498421216,2.15707425050446,9.53296964931708
4.17529761904762,0.703285859121764,0.444743100787469,2.1560427225835,9.53357587489633
4.17539682539683,0.703280500338365,0.444847658194981,2.15501168784694,9.53418199820118
4.17549603174603,0.703275043492187,0.444952170601543,2.15398114605674,9.53478801920227
4.17559523809524,0.703269488797343,0.445056637964966,2.15295109697497,9.53539393787021
4.17569444444444,0.703263836467852,0.445161060243076,2.1519215403638,9.53599975417564
4.17579365079365,0.703258086717642,0.445265437393712,2.15089247598552,9.53660546808922
4.17589285714286,0.703252239760549,0.445369769374734,2.14986390360254,9.53721107958161
4.17599206349206,0.703246295810318,0.445474056144014,2.14883582297736,9.53781658862349
4.17609126984127,0.703240255080599,0.445578297659441,2.14780823387262,9.53842199518552
4.17619047619048,0.703234117784954,0.445682493878921,2.14678113605106,9.53902729923841
4.17628968253968,0.703227884136851,0.445786644760375,2.14575452927554,9.53963250075286
4.17638888888889,0.703221554349665,0.445890750261741,2.144728413309,9.5402375996996
4.17648809523809,0.703215128636681,0.445994810340972,2.14370278791454,9.54084259604934
4.1765873015873,0.70320860721109,0.446098824956038,2.14267765285534,9.54144748977284
4.17668650793651,0.703201990285993,0.446202794064924,2.14165300789471,9.54205228084082
4.17678571428571,0.703195278074398,0.446306717625632,2.14062885279604,9.54265696922408
4.17688492063492,0.703188470789222,0.446410595596178,2.13960518732289,9.54326155489335
4.17698412698413,0.703181568643288,0.446514427934598,2.13858201123889,9.54386603781944
4.17708333333333,0.703174571849328,0.446618214598939,2.13755932430778,9.54447041797314
4.17718253968254,0.703167480619984,0.446721955547269,2.13653712629343,9.54507469532525
4.17728174603175,0.703160295167803,0.446825650737668,2.13551541695982,9.54567886984659
4.17738095238095,0.703153015705241,0.446929300128234,2.13449419607104,9.54628294150798
4.17748015873016,0.703145642444663,0.447032903677082,2.13347346339128,9.54688691028027
4.17757936507937,0.703138175598342,0.44713646134234,2.13245321868487,9.5474907761343
4.17767857142857,0.703130615378457,0.447239973082154,2.13143346171623,9.54809453904093
4.17777777777778,0.703122961997097,0.447343438854686,2.13041419224989,9.54869819897104
4.17787698412698,0.703115215666258,0.447446858618114,2.12939541005052,9.5493017558955
4.17797619047619,0.703107376597846,0.447550232330631,2.12837711488286,9.54990520978522
4.1780753968254,0.703099445003671,0.447653559950448,2.12735930651181,9.55050856061109
4.1781746031746,0.703091421095456,0.44775684143579,2.12634198470234,9.55111180834403
4.17827380952381,0.703083305084827,0.4478600767449,2.12532514921955,9.55171495295497
4.17837301587302,0.703075097183322,0.447963265836034,2.12430879982868,9.55231799441484
4.17847222222222,0.703066797602386,0.448066408667466,2.12329293629503,9.55292093269459
4.17857142857143,0.70305840655337,0.448169505197488,2.12227755838404,9.55352376776518
4.17867063492063,0.703049924247536,0.448272555384404,2.12126266586127,9.55412649959759
4.17876984126984,0.703041350896052,0.448375559186536,2.12024825849239,9.55472912816279
4.17886904761905,0.703032686709995,0.448478516562223,2.11923433604315,9.55533165343178
4.17896825396825,0.703023931900349,0.448581427469819,2.11822089827945,9.55593407537557
4.17906746031746,0.703015086678006,0.448684291867693,2.1172079449673,9.55653639396516
4.17916666666667,0.703006151253769,0.448787109714232,2.11619547587281,9.55713860917158
4.17926587301587,0.702997125838345,0.448889880967837,2.1151834907622,9.55774072096587
4.17936507936508,0.702988010642351,0.448992605586927,2.11417198940181,9.55834272931907
4.17946428571429,0.702978805876311,0.449095283529936,2.11316097155808,9.55894463420226
4.17956349206349,0.702969511750659,0.449197914755313,2.11215043699759,9.55954643558649
4.1796626984127,0.702960128475736,0.449300499221526,2.111140385487,9.56014813344284
4.17976190476191,0.70295065626179,0.449403036887056,2.1101308167931,9.56074972774242
4.17986111111111,0.702941095318978,0.449505527710402,2.1091217306828,9.56135121845632
4.17996031746032,0.702931445857365,0.449607971650077,2.1081131269231,9.56195260555565
4.18005952380952,0.702921708086923,0.449710368664611,2.10710500528114,9.56255388901155
4.18015873015873,0.702911882217534,0.449812718712552,2.10609736552414,9.56315506879514
4.18025793650794,0.702901968458987,0.449915021752461,2.10509020741946,9.56375614487758
4.18035714285714,0.702891967020978,0.450017277742917,2.10408353073455,9.56435711723002
4.18045634920635,0.702881878113113,0.450119486642515,2.10307733523699,9.56495798582364
4.18055555555556,0.702871701944904,0.450221648409863,2.10207162069448,9.56555875062961
4.18065476190476,0.702861438725773,0.450323763003589,2.1010663868748,9.56615941161913
4.18075396825397,0.702851088665048,0.450425830382335,2.10006163354587,9.56675996876339
4.18085317460317,0.702840651971967,0.450527850504759,2.09905736047572,9.56736042203362
4.18095238095238,0.702830128855674,0.450629823329536,2.09805356743248,9.56796077140103
4.18105158730159,0.702819519525223,0.450731748815356,2.0970502541844,9.56856101683686
4.18115079365079,0.702808824189575,0.450833626920927,2.09604742049983,9.56916115831236
4.18125,0.702798043057598,0.45093545760497,2.09504506614726,9.56976119579879
4.18134920634921,0.702787176338071,0.451037240826223,2.09404319089527,9.57036112926741
4.18144841269841,0.702776224239678,0.451138976543442,2.09304179451256,9.57096095868951
4.18154761904762,0.702765186971012,0.451240664715396,2.09204087676794,9.57156068403637
4.18164682539683,0.702754064740575,0.451342305300873,2.09104043743033,9.5721603052793
4.18174603174603,0.702742857756776,0.451443898258674,2.09004047626877,9.57275982238961
4.18184523809524,0.702731566227932,0.45154544354762,2.08904099305241,9.57335923533862
4.18194444444444,0.702720190362269,0.451646941126544,2.08804198755049,9.57395854409768
4.18204365079365,0.702708730367919,0.451748390954297,2.08704345953242,9.57455774863812
4.18214285714286,0.702697186452924,0.451849792989745,2.08604540876766,9.5751568489313
4.18224206349206,0.702685558825234,0.451951147191771,2.08504783502582,9.57575584494859
4.18234126984127,0.702673847692705,0.452052453519275,2.0840507380766,9.57635473666137
4.18244047619048,0.702662053263104,0.45215371193117,2.08305411768983,9.57695352404103
4.18253968253968,0.702650175744103,0.452254922386388,2.08205797363544,9.57755220705897
4.18263888888889,0.702638215343284,0.452356084843875,2.08106230568348,9.57815078568661
4.1827380952381,0.702626172268136,0.452457199262595,2.0800671136041,9.57874925989537
4.1828373015873,0.702614046726057,0.452558265601525,2.07907239716759,9.57934762965667
4.18293650793651,0.702601838924353,0.45265928381966,2.07807815614433,9.57994589494197
4.18303571428571,0.702589549070237,0.452760253876013,2.07708439030482,9.58054405572273
4.18313492063492,0.70257717737083,0.452861175729609,2.07609109941965,9.5811421119704
4.18323412698413,0.702564724033162,0.452962049339492,2.07509828325957,9.58174006365648
4.18333333333333,0.70255218926417,0.45306287466472,2.0741059415954,9.58233791075244
4.18343253968254,0.7025395732707,0.453163651664369,2.07311407419808,9.5829356532298
4.18353174603175,0.702526876259507,0.453264380297528,2.07212268083868,9.58353329106005
4.18363095238095,0.70251409843725,0.453365060523306,2.07113176128837,9.58413082421473
4.18373015873016,0.702501240010501,0.453465692300826,2.07014131531844,9.58472825266537
4.18382936507937,0.702488301185737,0.453566275589225,2.06915134270028,9.5853255763835
4.18392857142857,0.702475282169343,0.453666810347661,2.0681618432054,9.5859227953407
4.18402777777778,0.702462183167613,0.453767296535303,2.06717281660541,9.58651990950852
4.18412698412698,0.702449004386749,0.453867734111338,2.06618426267207,9.58711691885855
4.18422619047619,0.70243574603286,0.453968123034971,2.0651961811772,9.58771382336237
4.1843253968254,0.702422408311965,0.454068463265419,2.06420857189277,9.58831062299158
4.1844246031746,0.70240899142999,0.454168754761919,2.06322143459086,9.58890731771779
4.18452380952381,0.702395495592767,0.45426899748372,2.06223476904365,9.58950390751263
4.18462301587302,0.70238192100604,0.454369191390091,2.06124857502342,9.59010039234772
4.18472222222222,0.702368267875457,0.454469336440315,2.0602628523026,9.59069677219472
4.18482142857143,0.702354536406577,0.454569432593691,2.0592776006537,9.59129304702527
4.18492063492064,0.702340726804865,0.454669479809535,2.05829281984934,9.59188921681105
4.18501984126984,0.702326839275696,0.454769478047177,2.0573085096623,9.59248528152374
4.18511904761905,0.702312874024352,0.454869427265965,2.05632466986541,9.59308124113501
4.18521825396825,0.702298831256022,0.454969327425262,2.05534130023165,9.59367709561656
4.18531746031746,0.702284711175804,0.455069178484448,2.0543584005341,9.59427284494012
4.18541666666667,0.702270513988706,0.455168980402918,2.05337597054597,9.5948684890774
4.18551587301587,0.702256239899639,0.455268733140083,2.05239401004054,9.59546402800013
4.18561507936508,0.702241889113427,0.455368436655371,2.05141251879126,9.59605946168006
4.18571428571429,0.7022274618348,0.455468090908226,2.05043149657163,9.59665479008894
4.18581349206349,0.702212958268396,0.455567695858106,2.04945094315533,9.59725001319854
4.1859126984127,0.70219837861876,0.455667251464487,2.0484708583161,9.59784513098063
4.18601190476191,0.702183723090348,0.455766757686861,2.04749124182781,9.598440143407
4.18611111111111,0.702168991887521,0.455866214484736,2.04651209346445,9.59903505044945
4.18621031746032,0.702154185214549,0.455965621817634,2.0455334130001,9.59962985207979
4.18630952380952,0.702139303051181,0.456064979741377,2.0445552001743,9.60022454836816
4.18640873015873,0.702124343775855,0.456164288996945,2.0435774544887,9.600819140084
4.18650793650794,0.702109307092633,0.456263549753473,2.04260017566677,9.60141362741208
4.18660714285714,0.702094193083498,0.456362762017674,2.04162336349192,9.60200801037128
4.18670634920635,0.702079001830438,0.456461925796246,2.04064701774765,9.60260228898044
4.18680555555556,0.702063733415445,0.45656104109587,2.03967113821755,9.6031964632584
4.18690476190476,0.702048387920516,0.456660107923211,2.03869572468526,9.60379053322396
4.18700396825397,0.70203296542765,0.456759126284919,2.03772077693454,9.60438449889591
4.18710317460317,0.702017466018852,0.456858096187628,2.03674629474917,9.60497836029301
4.18720238095238,0.702001889776129,0.456957017637956,2.03577227791305,9.60557211743403
4.18730158730159,0.701986236781493,0.457055890642504,2.03479872621016,9.60616577033768
4.18740079365079,0.701970507116961,0.457154715207858,2.03382563942454,9.60675931902269
4.1875,0.701954700864551,0.45725349134059,2.03285301734031,9.60735276350773
4.18759920634921,0.701938818106287,0.457352219047253,2.03188085974166,9.60794610381148
4.18769841269841,0.701922858924197,0.457450898334386,2.03090916641287,9.6085393399526
4.18779761904762,0.701906823400313,0.457549529208511,2.0299379371383,9.60913247194971
4.18789682539683,0.701890711616669,0.457648111676137,2.02896717170238,9.60972549982143
4.18799603174603,0.701874523655305,0.457746645743752,2.02799686988963,9.61031842358635
4.18809523809524,0.701858259598265,0.457845131417832,2.02702703148462,9.61091124326305
4.18819444444444,0.701841919527595,0.457943568704837,2.02605765627202,9.61150395887008
4.18829365079365,0.701825503525347,0.45804195761121,2.02508874403658,9.61209657042597
4.18839285714286,0.701809011673576,0.458140298143378,2.02412029456312,9.61268907794925
4.18849206349206,0.70179244405434,0.458238590307753,2.02315230763652,9.6132814814584
4.18859126984127,0.701775800749703,0.458336834110731,2.02218478304178,9.6138737809719
4.18869047619048,0.701759081841731,0.458435029558692,2.02121772056393,9.61446597650822
4.18878968253968,0.701742287412496,0.458533176657999,2.02025111998811,9.61505806808578
4.18888888888889,0.701725417544071,0.458631275415,2.01928498109954,9.61565005572301
4.18898809523809,0.701708472318536,0.458729325836029,2.01831930368349,9.61624193943829
4.1890873015873,0.701691451817974,0.458827327927401,2.01735408752533,9.61683371925002
4.18918650793651,0.701674356124469,0.458925281695416,2.01638933241049,9.61742539517656
4.18928571428571,0.701657185320114,0.45902318714636,2.0154250381245,9.61801696723623
4.18938492063492,0.701639939487003,0.459121044286503,2.01446120445295,9.61860843544737
4.18948412698413,0.701622618707233,0.459218853122094,2.01349783118151,9.61919979982827
4.18958333333333,0.701605223062907,0.459316613659373,2.01253491809595,9.61979106039721
4.18968253968254,0.701587752636131,0.459414325904561,2.01157246498207,9.62038221717245
4.18978174603175,0.701570207509015,0.459511989863863,2.0106104716258,9.62097327017225
4.18988095238095,0.701552587763673,0.459609605543468,2.00964893781311,9.62156421941481
4.18998015873016,0.701534893482223,0.459707172949549,2.00868786333007,9.62215506491835
4.19007936507936,0.701517124746788,0.459804692088266,2.00772724796281,9.62274580670104
4.19017857142857,0.701499281639491,0.45990216296576,2.00676709149754,9.62333644478106
4.19027777777778,0.701481364242465,0.459999585588155,2.00580739372057,9.62392697917654
4.19037698412698,0.701463372637841,0.460096959961564,2.00484815441827,9.62451740990561
4.19047619047619,0.701445306907759,0.460194286092079,2.00388937337708,9.62510773698638
4.1905753968254,0.701427167134358,0.46029156398578,2.00293105038354,9.62569796043693
4.1906746031746,0.701408953399785,0.460388793648729,2.00197318522424,9.62628808027533
4.19077380952381,0.701390665786189,0.460485975086972,2.00101577768586,9.62687809651963
4.19087301587302,0.701372304375724,0.46058310830654,2.00005882755517,9.62746800918785
4.19097222222222,0.701353869250545,0.46068019331345,1.999102334619,9.62805781829801
4.19107142857143,0.701335360492816,0.460777230113698,1.99814629866427,9.62864752386808
4.19117063492063,0.701316778184701,0.460874218713269,1.99719071947797,9.62923712591605
4.19126984126984,0.701298122408368,0.46097115911813,1.99623559684717,9.62982662445985
4.19136904761905,0.701279393245991,0.461068051334233,1.99528093055901,9.63041601951742
4.19146825396825,0.701260590779747,0.461164895367512,1.99432672040072,9.63100531110668
4.19156746031746,0.701241715091816,0.461261691223888,1.99337296615961,9.6315944992455
4.19166666666667,0.701222766264383,0.461358438909266,1.99241966762304,9.63218358395177
4.19176587301587,0.701203744379637,0.461455138429531,1.99146682457849,9.63277256524333
4.19186507936508,0.701184649519771,0.461551789790558,1.99051443681348,9.63336144313802
4.19196428571429,0.701165481766981,0.461648392998201,1.98956250411563,9.63395021765364
4.19206349206349,0.701146241203467,0.461744948058302,1.98861102627263,9.634538888808
4.1921626984127,0.701126927911434,0.461841454976685,1.98766000307224,9.63512745661887
4.1922619047619,0.701107541973091,0.461937913759158,1.98670943430232,9.635715921104
4.19236111111111,0.701088083470648,0.462034324411515,1.98575931975077,9.63630428228112
4.19246031746032,0.701068552486324,0.462130686939534,1.98480965920561,9.63689254016797
4.19255952380952,0.701048949102337,0.462227001348973,1.98386045245491,9.63748069478221
4.19265873015873,0.701029273400912,0.462323267645579,1.98291169928683,9.63806874614154
4.19275793650794,0.701009525464276,0.462419485835081,1.9819633994896,9.63865669426361
4.19285714285714,0.700989705374662,0.462515655923192,1.98101555285153,9.63924453916606
4.19295634920635,0.700969813214306,0.462611777915611,1.980068159161,9.6398322808665
4.19305555555556,0.700949849065447,0.462707851818018,1.9791212182065,9.64041991938254
4.19315476190476,0.700929813010329,0.462803877636081,1.97817472977654,9.64100745473175
4.19325396825397,0.700909705131199,0.462899855375449,1.97722869365977,9.6415948869317
4.19335317460317,0.70088952551031,0.462995785041755,1.97628310964488,9.64218221599991
4.19345238095238,0.700869274229916,0.463091666640618,1.97533797752064,9.64276944195392
4.19355158730159,0.700848951372277,0.463187500177642,1.97439329707591,9.64335656481122
4.19365079365079,0.700828557019656,0.463283285658411,1.97344906809962,9.6439435845893
4.19375,0.700808091254321,0.463379023088497,1.97250529038077,9.64453050130561
4.19384920634921,0.700787554158543,0.463474712473455,1.97156196370846,9.64511731497761
4.19394841269841,0.700766945814596,0.463570353818824,1.97061908787184,9.6457040256227
4.19404761904762,0.700746266304761,0.463665947130127,1.96967666266017,9.6462906332583
4.19414682539683,0.700725515711319,0.46376149241287,1.96873468786275,9.64687713790179
4.19424603174603,0.700704694116558,0.463856989672545,1.96779316326899,9.64746353957052
4.19434523809524,0.700683801602769,0.463952438914629,1.96685208866835,9.64804983828186
4.19444444444444,0.700662838252247,0.46404784014458,1.9659114638504,9.64863603405311
4.19454365079365,0.70064180414729,0.464143193367841,1.96497128860476,9.6492221269016
4.19464285714286,0.7006206993702,0.464238498589843,1.96403156272113,9.6498081168446
4.19474206349206,0.700599524003285,0.464333755815995,1.9630922859893,9.65039400389938
4.19484126984127,0.700578278128855,0.464428965051694,1.96215345819914,9.65097978808319
4.19494047619048,0.700556961829224,0.464524126302321,1.96121507914059,9.65156546941325
4.19503968253968,0.700535575186711,0.464619239573239,1.96027714860365,9.65215104790677
4.19513888888889,0.700514118283638,0.464714304869798,1.95933966637843,9.65273652358095
4.19523809523809,0.700492591202331,0.46480932219733,1.95840263225509,9.65332189645295
4.1953373015873,0.700470994025121,0.464904291561153,1.9574660460239,9.65390716653991
4.19543650793651,0.70044932683434,0.464999212966566,1.95652990747516,9.65449233385898
4.19553571428571,0.700427589712329,0.465094086418855,1.9555942163993,9.65507739842726
4.19563492063492,0.700405782741427,0.465188911923289,1.95465897258679,9.65566236026184
4.19573412698413,0.700383906003982,0.465283689485122,1.95372417582819,9.6562472193798
4.19583333333333,0.700361959582343,0.465378419109591,1.95278982591414,9.65683197579818
4.19593253968254,0.700339943558863,0.465473100801918,1.95185592263536,9.65741662953402
4.19603174603175,0.700317858015901,0.465567734567307,1.95092246578264,9.65800118060432
4.19613095238095,0.700295703035818,0.465662320410951,1.94998945514684,9.6585856290261
4.19623015873016,0.70027347870098,0.465756858338022,1.94905689051893,9.65916997481631
4.19632936507937,0.700251185093755,0.465851348353678,1.94812477168991,9.65975421799191
4.19642857142857,0.700228822296518,0.465945790463062,1.94719309845091,9.66033835856984
4.19652777777778,0.700206390391645,0.4660401846713,1.94626187059308,9.66092239656702
4.19662698412698,0.700183889461518,0.466134530983503,1.94533108790771,9.66150633200033
4.19672619047619,0.700161319588522,0.466228829404765,1.94440075018611,9.66209016488665
4.1968253968254,0.700138680855047,0.466323079940166,1.94347085721971,9.66267389524285
4.1969246031746,0.700115973343484,0.466417282594768,1.94254140879999,9.66325752308576
4.19702380952381,0.700093197136231,0.466511437373618,1.94161240471853,9.6638410484322
4.19712301587302,0.70007035231569,0.466605544281748,1.94068384476697,9.66442447129896
4.19722222222222,0.700047438964264,0.466699603324172,1.93975572873703,9.66500779170282
4.19732142857143,0.700024457164363,0.466793614505891,1.93882805642052,9.66559100966055
4.19742063492063,0.700001406998399,0.466887577831888,1.93790082760931,9.66617412518888
4.19751984126984,0.699978288548789,0.466981493307131,1.93697404209536,9.66675713830454
4.19761904761905,0.699955101897953,0.467075360936572,1.9360476996707,9.66734004902422
4.19771825396825,0.699931847128315,0.467169180725146,1.93512180012745,9.6679228573646
4.19781746031746,0.699908524322306,0.467262952677774,1.93419634325779,9.66850556334236
4.19791666666667,0.699885133562355,0.46735667679936,1.933271328854,9.66908816697412
4.19801587301587,0.699861674930901,0.467450353094793,1.93234675670842,9.66967066827651
4.19811507936508,0.699838148510382,0.467543981568945,1.93142262661346,9.67025306726614
4.19821428571429,0.699814554383243,0.467637562226673,1.93049893836163,9.67083536395959
4.19831349206349,0.699790892631933,0.467731095072817,1.9295756917455,9.67141755837342
4.1984126984127,0.699767163338902,0.467824580112203,1.92865288655773,9.67199965052418
4.19851190476191,0.699743366586608,0.46791801734964,1.92773052259105,9.67258164042839
4.19861111111111,0.699719502457509,0.468011406789921,1.92680859963828,9.67316352810256
4.19871031746032,0.69969557103407,0.468104748437823,1.92588711749229,9.67374531356318
4.19880952380952,0.699671572398758,0.468198042298107,1.92496607594605,9.67432699682671
4.19890873015873,0.699647506634045,0.46829128837552,1.92404547479261,9.67490857790959
4.19900793650794,0.699623373822407,0.468384486674792,1.92312531382509,9.67549005682826
4.19910714285714,0.699599174046322,0.468477637200636,1.92220559283667,9.67607143359913
4.19920634920635,0.699574907388275,0.468570739957749,1.92128631162064,9.67665270823858
4.19930555555556,0.699550573930752,0.468663794950815,1.92036746997036,9.67723388076298
4.19940476190476,0.699526173756246,0.468756802184499,1.91944906767925,9.67781495118868
4.19950396825397,0.69950170694725,0.468849761663453,1.91853110454081,9.67839591953201
4.19960317460317,0.699477173586265,0.46894267339231,1.91761358034864,9.67897678580928
4.19970238095238,0.699452573755793,0.469035537375689,1.9166964948964,9.67955755003679
4.19980158730159,0.699427907538341,0.469128353618193,1.91577984797783,9.6801382122308
4.19990079365079,0.699403175016421,0.46922112212441,1.91486363938673,9.68071877240757
4.2,0.699378376272546,0.46931384289891,1.91394786891702,9.68129923058333
4.20009920634921,0.699353511389237,0.469406515946248,1.91303253636267,9.68187958677428
4.20019841269841,0.699328580449015,0.469499141270964,1.91211764151772,9.68245984099663
4.20029761904762,0.699303583534407,0.469591718877581,1.9112031841763,9.68303999326655
4.20039682539683,0.699278520727944,0.469684248770607,1.91028916413263,9.6836200436002
4.20049603174603,0.699253392112161,0.469776730954533,1.90937558118098,9.6841999920137
4.20059523809524,0.699228197769595,0.469869165433837,1.9084624351157,9.68477983852318
4.20069444444444,0.699202937782789,0.469961552212977,1.90754972573126,9.68535958314473
4.20079365079365,0.69917761223429,0.470053891296397,1.90663745282215,9.68593922589442
4.20089285714286,0.699152221206647,0.470146182688527,1.90572561618298,9.68651876678831
4.20099206349206,0.699126764782414,0.470238426393778,1.90481421560841,9.68709820584245
4.20109126984127,0.699101243044151,0.470330622416547,1.9039032508932,9.68767754307284
4.20119047619048,0.699075656074418,0.470422770761216,1.90299272183216,9.68825677849549
4.20128968253968,0.699050003955783,0.470514871432147,1.90208262822021,9.68883591212637
4.20138888888889,0.699024286770813,0.470606924433692,1.90117296985232,9.68941494398145
4.2014880952381,0.698998504602084,0.470698929770182,1.90026374652356,9.68999387407666
4.2015873015873,0.698972657532174,0.470790887445935,1.89935495802906,9.69057270242793
4.20168650793651,0.698946745643663,0.470882797465252,1.89844660416404,9.69115142905115
4.20178571428571,0.698920769019137,0.470974659832419,1.89753868472378,9.69173005396221
4.20188492063492,0.698894727741187,0.471066474551705,1.89663119950367,9.69230857717696
4.20198412698413,0.698868621892404,0.471158241627365,1.89572414829913,9.69288699871126
4.20208333333333,0.698842451555388,0.471249961063636,1.8948175309057,9.69346531858092
4.20218253968254,0.698816216812738,0.47134163286474,1.89391134711899,9.69404353680174
4.20228174603175,0.698789917747061,0.471433257034883,1.89300559673467,9.69462165338952
4.20238095238095,0.698763554440965,0.471524833578256,1.8921002795485,9.69519966836
4.20248015873016,0.698737126977064,0.471616362499033,1.89119539535631,9.69577758172895
4.20257936507937,0.698710635437974,0.471707843801373,1.89029094395401,9.69635539351208
4.20267857142857,0.698684079906317,0.471799277489418,1.8893869251376,9.6969331037251
4.20277777777778,0.698657460464717,0.471890663567295,1.88848333870315,9.69751071238369
4.20287698412698,0.698630777195803,0.471982002039116,1.88758018444679,9.69808821950354
4.20297619047619,0.698604030182208,0.472073292908974,1.88667746216475,9.69866562510026
4.2030753968254,0.698577219506569,0.472164536180951,1.88577517165334,9.69924292918951
4.2031746031746,0.698550345251526,0.472255731859108,1.88487331270893,9.69982013178687
4.20327380952381,0.698523407499724,0.472346879947493,1.88397188512797,9.70039723290795
4.20337301587302,0.698496406333811,0.472437980450139,1.883070888707,9.70097423256832
4.20347222222222,0.69846934183644,0.47252903337106,1.88217032324263,9.70155113078351
4.20357142857143,0.698442214090267,0.472620038714258,1.88127018853155,9.70212792756907
4.20367063492063,0.698415023177951,0.472710996483714,1.88037048437052,9.7027046229405
4.20376984126984,0.698387769182159,0.472801906683399,1.87947121055638,9.7032812169133
4.20386904761905,0.698360452185556,0.472892769317264,1.87857236688607,9.70385770950293
4.20396825396825,0.698333072270817,0.472983584389246,1.87767395315656,9.70443410072484
4.20406746031746,0.698305629520616,0.473074351903265,1.87677596916495,9.70501039059447
4.20416666666667,0.698278124017633,0.473165071863226,1.87587841470839,9.70558657912724
4.20426587301587,0.698250555844553,0.473255744273018,1.8749812895841,9.70616266633853
4.20436507936508,0.698222925084062,0.473346369136514,1.87408459358939,9.70673865224373
4.20446428571429,0.698195231818853,0.473436946457571,1.87318832652166,9.70731453685817
4.20456349206349,0.698167476131622,0.47352747624003,1.87229248817836,9.70789032019721
4.2046626984127,0.698139658105067,0.473617958487716,1.87139707835704,9.70846600227615
4.2047619047619,0.698111777821893,0.47370839320444,1.87050209685532,9.70904158311029
4.20486111111111,0.698083835364807,0.473798780393994,1.86960754347089,9.7096170627149
4.20496031746032,0.698055830816519,0.473889120060157,1.86871341800152,9.71019244110525
4.20505952380952,0.698027764259746,0.47397941220669,1.86781972024507,9.71076771829657
4.20515873015873,0.697999635777207,0.47406965683734,1.86692644999947,9.71134289430408
4.20525793650794,0.697971445451625,0.474159853955836,1.86603360706273,9.71191796914298
4.20535714285714,0.697943193365726,0.474250003565893,1.86514119123292,9.71249294282844
4.20545634920635,0.697914879602242,0.47434010567121,1.86424920230821,9.71306781537562
4.20555555555556,0.697886504243908,0.474430160275468,1.86335764008685,9.71364258679967
4.20565476190476,0.697858067373462,0.474520167382336,1.86246650436714,9.71421725711571
4.20575396825397,0.697829569073648,0.474610126995463,1.86157579494749,9.71479182633883
4.20585317460317,0.697801009427211,0.474700039118485,1.86068551162635,9.71536629448412
4.20595238095238,0.697772388516904,0.47478990375502,1.8597956542023,9.71594066156663
4.20605158730159,0.697743706425479,0.474879720908672,1.85890622247394,9.71651492760142
4.20615079365079,0.697714963235697,0.474969490583028,1.85801721623999,9.7170890926035
4.20625,0.697686159030318,0.47505921278166,1.85712863529924,9.71766315658788
4.20634920634921,0.697657293892111,0.475148887508123,1.85624047945053,9.71823711956953
4.20644841269841,0.697628367903844,0.475238514765958,1.85535274849281,9.71881098156343
4.20654761904762,0.697599381148292,0.475328094558689,1.85446544222508,9.71938474258453
4.20664682539683,0.697570333708233,0.475417626889822,1.85357856044646,9.71995840264774
4.20674603174603,0.697541225666449,0.47550711176285,1.8526921029561,9.72053196176796
4.20684523809524,0.697512057105727,0.47559654918125,1.85180606955326,9.72110541996009
4.20694444444444,0.697482828108857,0.475685939148483,1.85092046003725,9.72167877723899
4.20704365079365,0.697453538758631,0.475775281667992,1.85003527420749,9.72225203361952
4.20714285714286,0.697424189137848,0.475864576743207,1.84915051186346,9.72282518911649
4.20724206349206,0.69739477932931,0.47595382437754,1.8482661728047,9.72339824374471
4.20734126984127,0.697365309415822,0.476043024574388,1.84738225683085,9.72397119751899
4.20744047619048,0.697335779480194,0.476132177337133,1.84649876374164,9.72454405045407
4.20753968253968,0.697306189605239,0.47622128266914,1.84561569333686,9.72511680256472
4.20763888888889,0.697276539873775,0.476310340573757,1.84473304541636,9.72568945386565
4.20773809523809,0.697246830368624,0.476399351054319,1.8438508197801,9.72626200437159
4.2078373015873,0.69721706117261,0.476488314114144,1.8429690162281,9.72683445409723
4.20793650793651,0.697187232368563,0.476577229756532,1.84208763456046,9.72740680305723
4.20803571428571,0.697157344039315,0.476666097984771,1.84120667457735,9.72797905126625
4.20813492063492,0.697127396267705,0.476754918802129,1.84032613607905,9.72855119873891
4.20823412698413,0.697097389136573,0.476843692211862,1.83944601886588,9.72912324548984
4.20833333333333,0.697067322728764,0.476932418217207,1.83856632273825,9.72969519153363
4.20843253968254,0.697037197127126,0.477021096821387,1.83768704749665,9.73026703688485
4.20853174603175,0.697007012414514,0.477109728027609,1.83680819294164,9.73083878155805
4.20863095238095,0.696976768673783,0.477198311839063,1.83592975887388,9.73141042556777
4.20873015873016,0.696946465987794,0.477286848258924,1.83505174509409,9.73198196892852
4.20882936507937,0.696916104439412,0.477375337290352,1.83417415140305,9.73255341165481
4.20892857142857,0.696885684111505,0.477463778936489,1.83329697760165,9.7331247537611
4.20902777777778,0.696855205086946,0.477552173200462,1.83242022349086,9.73369599526186
4.20912698412698,0.696824667448611,0.477640520085384,1.83154388887168,9.73426713617152
4.20922619047619,0.696794071279381,0.477728819594348,1.83066797354525,9.73483817650449
4.2093253968254,0.696763416662139,0.477817071730436,1.82979247731274,9.73540911627518
4.2094246031746,0.696732703679775,0.477905276496711,1.82891739997541,9.73597995549797
4.20952380952381,0.696701932415179,0.477993433896221,1.82804274133461,9.73655069418722
4.20962301587302,0.696671102951249,0.478081543931997,1.82716850119177,9.73712133235726
4.20972222222222,0.696640215370883,0.478169606607057,1.82629467934838,9.73769187002242
4.20982142857143,0.696609269756987,0.4782576219244,1.82542127560601,9.73826230719699
4.20992063492063,0.696578266192467,0.478345589887011,1.82454828976631,9.73883264389526
4.21001984126984,0.696547204760236,0.478433510497858,1.82367572163102,9.73940288013148
4.21011904761905,0.696516085543209,0.478521383759895,1.82280357100195,9.73997301591991
4.21021825396825,0.696484908624306,0.478609209676058,1.82193183768097,9.74054305127476
4.21031746031746,0.696453674086451,0.478696988249268,1.82106052147005,9.74111298621025
4.21041666666667,0.69642238201257,0.47878471948243,1.82018962217124,9.74168282074054
4.21051587301587,0.696391032485596,0.478872403378433,1.81931913958665,9.7422525548798
4.21061507936508,0.696359625588463,0.478960039940152,1.81844907351848,9.74282218864219
4.21071428571429,0.696328161404112,0.479047629170442,1.817579423769,9.74339172204182
4.21081349206349,0.696296640015485,0.479135171072147,1.81671019014055,9.7439611550928
4.2109126984127,0.696265061505529,0.479222665648092,1.81584137243558,9.74453048780921
4.21101190476191,0.696233425957195,0.479310112901087,1.81497297045657,9.74509972020513
4.21111111111111,0.696201733453438,0.479397512833925,1.81410498400613,9.7456688522946
4.21121031746032,0.696169984077218,0.479484865449385,1.81323741288691,9.74623788409165
4.21130952380952,0.696138177911498,0.47957217075023,1.81237025690164,9.74680681561028
4.21140873015873,0.696106315039243,0.479659428739205,1.81150351585315,9.74737564686449
4.21150793650794,0.696074395543424,0.479746639419042,1.81063718954433,9.74794437786824
4.21160714285714,0.696042419507017,0.479833802792456,1.80977127777814,9.74851300863548
4.21170634920635,0.696010387013,0.479920918862144,1.80890578035765,9.74908153918015
4.21180555555556,0.695978298144355,0.480007987630791,1.80804069708596,9.74964996951615
4.21190476190476,0.695946152984069,0.480095009101062,1.80717602776629,9.75021829965737
4.21200396825397,0.695913951615132,0.48018198327561,1.80631177220193,9.75078652961769
4.21210317460317,0.695881694120539,0.48026891015707,1.80544793019622,9.75135465941096
4.21220238095238,0.695849380583287,0.480355789748061,1.80458450155262,9.75192268905101
4.21230158730159,0.695817011086379,0.480442622051187,1.80372148607462,9.75249061855165
4.21240079365079,0.695784585712821,0.480529407069037,1.80285888356582,9.75305844792667
4.2125,0.695752104545622,0.480616144804181,1.80199669382989,9.75362617718986
4.21259920634921,0.695719567667798,0.480702835259176,1.80113491667059,9.75419380635496
4.21269841269841,0.695686975162365,0.480789478436562,1.80027355189172,9.75476133543571
4.21279761904762,0.695654327112346,0.480876074338863,1.79941259929721,9.75532876444583
4.21289682539683,0.695621623600767,0.480962622968588,1.79855205869102,9.75589609339901
4.21299603174603,0.695588864710656,0.48104912432823,1.79769192987721,9.75646332230892
4.21309523809524,0.695556050525047,0.481135578420264,1.79683221265991,9.75703045118923
4.21319444444444,0.695523181126979,0.481221985247153,1.79597290684335,9.75759748005357
4.21329365079365,0.695490256599492,0.481308344811342,1.7951140122318,9.75816440891556
4.21339285714286,0.695457277025632,0.481394657115258,1.79425552862965,9.7587312377888
4.21349206349206,0.695424242488448,0.481480922161316,1.79339745584133,9.75929796668686
4.21359126984127,0.695391153070993,0.481567139951913,1.79253979367136,9.75986459562331
4.21369047619048,0.695358008856325,0.48165331048943,1.79168254192435,9.76043112461169
4.21378968253968,0.695324809927505,0.481739433776233,1.79082570040497,9.7609975536655
4.21388888888889,0.695291556367598,0.481825509814672,1.78996926891798,9.76156388279827
4.2139880952381,0.695258248259671,0.481911538607082,1.78911324726821,9.76213011202347
4.2140873015873,0.6952248856868,0.481997520155779,1.78825763526057,9.76269624135455
4.21418650793651,0.69519146873206,0.482083454463066,1.78740243270006,9.76326227080496
4.21428571428571,0.695157997478532,0.482169341531229,1.78654763939173,9.76382820038813
4.21438492063492,0.695124472009301,0.48225518136254,1.78569325514073,9.76439403011746
4.21448412698413,0.695090892407456,0.482340973959252,1.78483927975228,9.76495976000632
4.21458333333333,0.695057258756088,0.482426719323604,1.78398571303168,9.76552539006809
4.21468253968254,0.695023571138295,0.48251241745782,1.78313255478431,9.76609092031612
4.21478174603175,0.694989829637176,0.482598068364107,1.78227980481561,9.76665635076372
4.21488095238095,0.694956034335837,0.482683672044654,1.78142746293112,9.76722168142419
4.21498015873016,0.694922185317385,0.482769228501638,1.78057552893645,9.76778691231084
4.21507936507937,0.694888282664932,0.482854737737218,1.77972400263729,9.76835204343691
4.21517857142857,0.694854326461596,0.482940199753537,1.7788728838394,9.76891707481567
4.21527777777778,0.694820316790495,0.483025614552724,1.77802217234861,9.76948200646033
4.21537698412698,0.694786253734754,0.483110982136889,1.77717186797085,9.77004683838411
4.21547619047619,0.6947521373775,0.483196302508131,1.77632197051212,9.7706115706002
4.2155753968254,0.694717967801866,0.483281575668527,1.77547247977848,9.77117620312176
4.2156746031746,0.694683745090987,0.483366801620142,1.7746233955761,9.77174073596194
4.21577380952381,0.694649469328003,0.483451980365025,1.7737747177112,9.77230516913388
4.21587301587302,0.694615140596058,0.483537111905207,1.77292644599009,9.77286950265067
4.21597222222222,0.694580758978299,0.483622196242707,1.77207858021915,9.77343373652543
4.21607142857143,0.694546324557877,0.483707233379524,1.77123112020484,9.7739978707712
4.21617063492063,0.694511837417949,0.483792223317644,1.7703840657537,9.77456190540106
4.21626984126984,0.694477297641672,0.483877166059035,1.76953741667235,9.77512584042803
4.21636904761905,0.694442705312212,0.483962061605651,1.76869117276749,9.77568967586512
4.21646825396825,0.694408060512734,0.484046909959428,1.76784533384589,9.77625341172533
4.21656746031746,0.694373363326411,0.484131711122288,1.76699989971439,9.77681704802162
4.21666666666667,0.694338613836416,0.484216465096137,1.76615487017993,9.77738058476696
4.21676587301587,0.694303812125929,0.484301171882865,1.76531024504951,9.77794402197429
4.21686507936508,0.694268958278134,0.484385831484345,1.76446602413021,9.7785073596565
4.21696428571429,0.694234052376216,0.484470443902436,1.76362220722918,9.77907059782651
4.21706349206349,0.694199094503366,0.484555009138978,1.76277879415368,9.77963373649719
4.2171626984127,0.694164084742781,0.484639527195799,1.76193578471102,9.78019677568139
4.21726190476191,0.694129023177657,0.484723998074709,1.76109317870858,9.78075971539195
4.21736111111111,0.694093909891198,0.484808421777502,1.76025097595384,9.78132255564169
4.21746031746032,0.694058744966609,0.484892798305957,1.75940917625435,9.78188529644341
4.21755952380952,0.694023528487102,0.484977127661837,1.75856777941773,9.78244793780988
4.21765873015873,0.693988260535892,0.485061409846888,1.75772678525168,9.78301047975387
4.21775793650794,0.693952941196195,0.485145644862843,1.75688619356398,9.78357292228812
4.21785714285714,0.693917570551234,0.485229832711414,1.7560460041625,9.78413526542534
4.21795634920635,0.693882148684236,0.485313973394303,1.75520621685517,9.78469750917824
4.21805555555556,0.693846675678431,0.485398066913192,1.75436683145,9.7852596535595
4.21815476190476,0.693811151617052,0.48548211326975,1.75352784775509,9.78582169858177
4.21825396825397,0.693775576583338,0.485566112465627,1.7526892655786,9.78638364425771
4.21835317460317,0.693739950660531,0.485650064502459,1.75185108472877,9.78694549059993
4.21845238095238,0.693704273931875,0.485733969381868,1.75101330501393,9.78750723762104
4.21855158730159,0.693668546480621,0.485817827105455,1.75017592624249,9.78806888533362
4.21865079365079,0.693632768390024,0.485901637674811,1.74933894822293,9.78863043375023
4.21875,0.693596939743339,0.485985401091506,1.74850237076379,9.78919188288342
4.21884920634921,0.693561060623829,0.486069117357098,1.74766619367371,9.78975323274572
4.21894841269841,0.693525131114759,0.486152786473128,1.7468304167614,9.79031448334963
4.21904761904762,0.693489151299399,0.486236408441119,1.74599503983566,9.79087563470764
4.21914682539682,0.693453121261022,0.486319983262581,1.74516006270535,9.79143668683221
4.21924603174603,0.693417041082905,0.486403510939008,1.7443254851794,9.79199763973579
4.21934523809524,0.693380910848329,0.486486991471875,1.74349130706686,9.79255849343081
4.21944444444444,0.69334473064058,0.486570424862645,1.74265752817681,9.79311924792967
4.21954365079365,0.693308500542946,0.486653811112763,1.74182414831843,9.79367990324477
4.21964285714286,0.693272220638721,0.486737150223657,1.74099116730097,9.79424045938847
4.21974206349206,0.693235891011201,0.486820442196743,1.74015858493378,9.79480091637312
4.21984126984127,0.693199511743686,0.486903687033418,1.73932640102625,9.79536127421106
4.21994047619048,0.693163082919483,0.486986884735064,1.73849461538787,9.79592153291459
4.22003968253968,0.693126604621899,0.487070035303046,1.73766322782821,9.79648169249601
4.22013888888889,0.693090076934248,0.487153138738716,1.73683223815692,9.79704175296758
4.22023809523809,0.693053499939845,0.487236195043407,1.73600164618371,9.79760171434156
4.2203373015873,0.693016873722011,0.487319204218438,1.73517145171838,9.79816157663018
4.22043650793651,0.692980198364071,0.487402166265111,1.7343416545708,9.79872133984565
4.22053571428571,0.692943473949353,0.487485081184714,1.73351225455093,9.79928100400017
4.22063492063492,0.692906700561189,0.487567948978518,1.73268325146879,9.79984056910591
4.22073412698413,0.692869878282915,0.487650769647777,1.7318546451345,9.80040003517503
4.22083333333333,0.692833007197872,0.48773354319373,1.73102643535824,9.80095940221965
4.22093253968254,0.692796087389404,0.4878162696176,1.73019862195027,9.8015186702519
4.22103174603175,0.692759118940858,0.487898948920596,1.72937120472093,9.80207783928387
4.22113095238095,0.692722101935586,0.487981581103909,1.72854418348065,9.80263690932764
4.22123015873016,0.692685036456944,0.488064166168714,1.72771755803991,9.80319588039526
4.22132936507936,0.692647922588293,0.488146704116171,1.7268913282093,9.80375475249877
4.22142857142857,0.692610760412995,0.488229194947425,1.72606549379945,9.8043135256502
4.22152777777778,0.692573550014418,0.488311638663603,1.7252400546211,9.80487219986153
4.22162698412698,0.692536291475935,0.488394035265817,1.72441501048506,9.80543077514475
4.22172619047619,0.69249898488092,0.488476384755165,1.7235903612022,9.80598925151181
4.2218253968254,0.692461630312752,0.488558687132725,1.7227661065835,9.80654762897466
4.2219246031746,0.692424227854816,0.488640942399564,1.72194224643998,9.80710590754521
4.22202380952381,0.692386777590498,0.488723150556729,1.72111878058277,9.80766408723537
4.22212301587302,0.69234927960319,0.488805311605254,1.72029570882306,9.80822216805702
4.22222222222222,0.692311733976287,0.488887425546157,1.71947303097211,9.80878015002201
4.22232142857143,0.692274140793187,0.488969492380437,1.71865074684128,9.8093380331422
4.22242063492063,0.692236500137294,0.48905151210908,1.717828856242,9.80989581742941
4.22251984126984,0.692198812092016,0.489133484733055,1.71700735898576,9.81045350289542
4.22261904761905,0.692161076740761,0.489215410253317,1.71618625488416,9.81101108955204
4.22271825396825,0.692123294166946,0.489297288670803,1.71536554374884,9.81156857741103
4.22281746031746,0.69208546445399,0.489379119986434,1.71454522539155,9.81212596648412
4.22291666666667,0.692047587685313,0.489460904201117,1.71372529962409,9.81268325678306
4.22301587301587,0.692009663944345,0.489542641315742,1.71290576625838,9.81324044831953
4.22311507936508,0.691971693314514,0.489624331331183,1.71208662510636,9.81379754110522
4.22321428571429,0.691933675879256,0.489705974248298,1.71126787598009,9.81435453515181
4.22331349206349,0.691895611722008,0.48978757006793,1.71044951869169,9.81491143047094
4.2234126984127,0.691857500926213,0.489869118790906,1.70963155305337,9.81546822707424
4.2235119047619,0.691819343575317,0.489950620418036,1.70881397887741,9.81602492497332
4.22361111111111,0.691781139752771,0.490032074950115,1.70799679597615,9.81658152417975
4.22371031746032,0.691742889542028,0.490113482387923,1.70718000416204,9.81713802470513
4.22380952380952,0.691704593026547,0.490194842732221,1.70636360324759,9.81769442656098
4.22390873015873,0.691666250289789,0.490276155983759,1.70554759304539,9.81825072975885
4.22400793650794,0.69162786141522,0.490357422143266,1.70473197336811,9.81880693431024
4.22410714285714,0.69158942648631,0.49043864121146,1.70391674402849,9.81936304022664
4.22420634920635,0.691550945586533,0.490519813189038,1.70310190483935,9.81991904751953
4.22430555555556,0.691512418799367,0.490600938076686,1.7022874556136,9.82047495620036
4.22440476190476,0.691473846208292,0.490682015875072,1.7014733961642,9.82103076628056
4.22450396825397,0.691435227896795,0.490763046584846,1.70065972630423,9.82158647777154
4.22460317460317,0.691396563948365,0.490844030206646,1.69984644584681,9.8221420906847
4.22470238095238,0.691357854446496,0.490924966741092,1.69903355460515,9.82269760503141
4.22480158730159,0.691319099474684,0.491005856188788,1.69822105239254,9.82325302082302
4.22490079365079,0.691280299116432,0.491086698550323,1.69740893902234,9.82380833807087
4.225,0.691241453455243,0.491167493826271,1.69659721430801,9.82436355678628
4.22509920634921,0.691202562574628,0.491248242017187,1.69578587806305,9.82491867698054
4.22519841269841,0.691163626558099,0.491328943123613,1.69497493010106,9.82547369866493
4.22529761904762,0.691124645489173,0.491409597146074,1.69416437023574,9.8260286218507
4.22539682539683,0.691085619451371,0.491490204085079,1.69335419828082,9.82658344654909
4.22549603174603,0.691046548528219,0.491570763941121,1.69254441405014,9.82713817277132
4.22559523809524,0.691007432803244,0.491651276714679,1.6917350173576,9.82769280052858
4.22569444444444,0.690968272359979,0.491731742406214,1.6909260080172,9.82824732983206
4.22579365079365,0.690929067281962,0.491812161016172,1.690117385843,9.82880176069292
4.22589285714286,0.690889817652732,0.491892532544983,1.68930915064913,9.8293560931223
4.22599206349206,0.690850523555834,0.491972856993061,1.68850130224982,9.82991032713131
4.22609126984127,0.690811185074817,0.492053134360803,1.68769384045936,9.83046446273105
4.22619047619048,0.690771802293232,0.492133364648593,1.68688676509213,9.83101849993261
4.22628968253968,0.690732375294636,0.492213547856798,1.68608007596258,9.83157243874706
4.22638888888889,0.69069290416259,0.492293683985767,1.68527377288524,9.83212627918542
4.22648809523809,0.690653388980657,0.492373773035835,1.68446785567472,9.83268002125872
4.2265873015873,0.690613829832405,0.492453815007322,1.68366232414569,9.83323366497798
4.22668650793651,0.690574226801406,0.49253380990053,1.68285717811293,9.83378721035416
4.22678571428571,0.690534579971237,0.492613757715747,1.68205241739126,9.83434065739824
4.22688492063492,0.690494889425477,0.492693658453244,1.68124804179562,9.83489400612116
4.22698412698413,0.69045515524771,0.492773512113276,1.68044405114099,9.83544725653384
4.22708333333333,0.690415377521524,0.492853318696083,1.67964044524244,9.8360004086472
4.22718253968254,0.69037555633051,0.492933078201888,1.67883722391513,9.8365534624721
4.22728174603175,0.690335691758263,0.493012790630901,1.67803438697428,9.83710641801944
4.22738095238095,0.690295783888384,0.493092455983312,1.67723193423519,9.83765927530004
4.22748015873016,0.690255832804475,0.493172074259297,1.67642986551326,9.83821203432474
4.22757936507937,0.690215838590145,0.493251645459017,1.67562818062393,9.83876469510435
4.22767857142857,0.690175801329004,0.493331169582616,1.67482687938276,9.83931725764964
4.22777777777778,0.690135721104667,0.493410646630223,1.67402596160534,9.83986972197141
4.22787698412698,0.690095598000754,0.49349007660195,1.67322542710739,9.84042208808038
4.22797619047619,0.690055432100888,0.493569459497895,1.67242527570465,9.8409743559873
4.2280753968254,0.690015223488696,0.493648795318137,1.67162550721299,9.84152652570286
4.2281746031746,0.689974972247808,0.493728084062743,1.67082612144833,9.84207859723778
4.22827380952381,0.68993467846186,0.493807325731761,1.67002711822667,9.84263057060271
4.22837301587302,0.68989434221449,0.493886520325225,1.66922849736409,9.84318244580831
4.22847222222222,0.689853963589341,0.493965667843151,1.66843025867675,9.8437342228652
4.22857142857143,0.68981354267006,0.494044768285543,1.66763240198089,9.84428590178401
4.22867063492063,0.689773079540297,0.494123821652384,1.66683492709282,9.84483748257533
4.22876984126984,0.689732574283707,0.494202827943646,1.66603783382893,9.84538896524972
4.22886904761905,0.689692026983948,0.494281787159283,1.66524112200569,9.84594034981775
4.22896825396825,0.689651437724682,0.494360699299231,1.66444479143964,9.84649163628995
4.22906746031746,0.689610806589577,0.494439564363414,1.66364884194741,9.84704282467684
4.22916666666667,0.689570133662302,0.494518382351738,1.66285327334571,9.8475939149889
4.22926587301587,0.689529419026531,0.494597153264093,1.6620580854513,9.84814490723662
4.22936507936508,0.689488662765942,0.494675877100354,1.66126327808105,9.84869580143045
4.22946428571429,0.689447864964218,0.494754553860381,1.66046885105188,9.84924659758084
4.22956349206349,0.689407025705043,0.494833183544015,1.65967480418082,9.84979729569819
4.2296626984127,0.689366145072109,0.494911766151084,1.65888113728493,9.85034789579291
4.22976190476191,0.689325223149109,0.4949903016814,1.65808785018141,9.85089839787538
4.22986111111111,0.689284260019741,0.495068790134756,1.65729494268749,9.85144880195595
4.22996031746032,0.689243255767707,0.495147231510933,1.6565024146205,9.85199910804496
4.23005952380952,0.689202210476711,0.495225625809695,1.65571026579782,9.85254931615274
4.23015873015873,0.689161124230464,0.495303973030789,1.65491849603694,9.85309942628959
4.23025793650794,0.689119997112678,0.495382273173947,1.65412710515541,9.85364943846578
4.23035714285714,0.689078829207072,0.495460526238885,1.65333609297087,9.85419935269159
4.23045634920635,0.689037620597367,0.495538732225303,1.65254545930102,9.85474916897724
4.23055555555556,0.688996371367288,0.495616891132886,1.65175520396365,9.85529888733297
4.23065476190476,0.688955081600564,0.495695002961301,1.65096532677663,9.85584850776897
4.23075396825397,0.688913751380928,0.495773067710201,1.65017582755789,9.85639803029543
4.23085317460317,0.688872380792117,0.495851085379223,1.64938670612546,9.85694745492252
4.23095238095238,0.688830969917873,0.495929055967988,1.64859796229744,9.85749678166037
4.23105158730159,0.688789518841939,0.496006979476101,1.647809595892,9.85804601051912
4.23115079365079,0.688748027648065,0.496084855903151,1.64702160672739,9.85859514150888
4.23125,0.688706496420005,0.49616268524871,1.64623399462194,9.85914417463971
4.23134920634921,0.688664925241513,0.496240467512337,1.64544675939407,9.8596931099217
4.23144841269841,0.688623314196352,0.496318202693572,1.64465990086225,9.86024194736489
4.23154761904762,0.688581663368285,0.496395890791942,1.64387341884505,9.8607906869793
4.23164682539683,0.688539972841081,0.496473531806955,1.64308731316111,9.86133932877495
4.23174603174603,0.688498242698512,0.496551125738106,1.64230158362914,9.86188787276182
4.23184523809524,0.688456473024355,0.496628672584874,1.64151623006795,9.86243631894989
4.23194444444444,0.688414663902391,0.496706172346719,1.6407312522964,9.8629846673491
4.23204365079365,0.688372815416402,0.496783625023088,1.63994665013345,9.86353291796938
4.23214285714286,0.688330927650178,0.496861030613412,1.63916242339813,9.86408107082064
4.23224206349206,0.68828900068751,0.496938389117106,1.63837857190953,9.86462912591278
4.23234126984127,0.688247034612194,0.497015700533567,1.63759509548685,9.86517708325566
4.23244047619048,0.688205029508031,0.497092964862178,1.63681199394935,9.86572494285913
4.23253968253968,0.688162985458824,0.497170182102307,1.63602926711636,9.86627270473304
4.23263888888889,0.68812090254838,0.497247352253305,1.63524691480729,9.86682036888719
4.2327380952381,0.688078780860513,0.497324475314507,1.63446493684165,9.86736793533138
4.2328373015873,0.688036620479036,0.497401551285232,1.633683333039,9.86791540407537
4.23293650793651,0.68799442148777,0.497478580164783,1.632902103219,9.86846277512893
4.23303571428571,0.687952183970539,0.497555561952448,1.63212124720137,9.86901004850178
4.23313492063492,0.687909908011169,0.497632496647499,1.63134076480591,9.86955722420365
4.23323412698413,0.687867593693493,0.497709384249192,1.63056065585251,9.87010430224423
4.23333333333333,0.687825241101344,0.497786224756768,1.62978092016112,9.8706512826332
4.23343253968254,0.687782850318563,0.497863018169449,1.62900155755178,9.87119816538021
4.23353174603175,0.687740421428993,0.497939764486443,1.62822256784461,9.8717449504949
4.23363095238095,0.687697954516481,0.498016463706945,1.62744395085979,9.87229163798689
4.23373015873016,0.687655449664877,0.498093115830129,1.6266657064176,9.87283822786577
4.23382936507937,0.687612906958037,0.498169720855158,1.62588783433838,9.87338472014113
4.23392857142857,0.687570326479819,0.498246278781175,1.62511033444256,9.87393111482252
4.23402777777778,0.687527708314087,0.498322789607309,1.62433320655065,9.87447741191949
4.23412698412698,0.687485052544707,0.498399253332674,1.6235564504832,9.87502361144156
4.23422619047619,0.68744235925555,0.498475669956367,1.6227800660609,9.87556971339821
4.2343253968254,0.68739962853049,0.498552039477469,1.62200405310447,9.87611571779895
4.2344246031746,0.687356860453405,0.498628361895045,1.62122841143472,9.87666162465322
4.23452380952381,0.687314055108179,0.498704637208146,1.62045314087255,9.87720743397047
4.23462301587302,0.687271212578698,0.498780865415804,1.61967824123891,9.87775314576012
4.23472222222222,0.687228332948851,0.498857046517038,1.61890371235487,9.87829876003158
4.23482142857143,0.687185416302534,0.498933180510851,1.61812955404152,9.87884427679424
4.23492063492063,0.687142462723644,0.499009267396226,1.6173557661201,9.87938969605744
4.23501984126984,0.687099472296083,0.499085307172136,1.61658234841186,9.87993501783054
4.23511904761905,0.687056445103758,0.499161299837535,1.61580930073816,9.88048024212287
4.23521825396825,0.687013381230578,0.49923724539136,1.61503662292043,9.88102536894372
4.23531746031746,0.686970280760457,0.499313143832536,1.61426431478019,9.88157039830239
4.23541666666667,0.686927143777313,0.499388995159968,1.61349237613903,9.88211533020814
4.23551587301587,0.686883970365068,0.499464799372547,1.61272080681861,9.88266016467022
4.23561507936508,0.686840760607648,0.49954055646915,1.61194960664066,9.88320490169786
4.23571428571429,0.686797514588981,0.499616266448633,1.61117877542702,9.88374954130026
4.23581349206349,0.686754232393002,0.499691929309842,1.61040831299958,9.88429408348662
4.2359126984127,0.686710914103649,0.499767545051604,1.60963821918032,9.88483852826609
4.2360119047619,0.686667559804861,0.49984311367273,1.60886849379129,9.88538287564784
4.23611111111111,0.686624169580586,0.499918635172015,1.60809913665463,9.88592712564099
4.23621031746032,0.686580743514771,0.499994109548241,1.60733014759253,9.88647127825465
4.23630952380952,0.68653728169137,0.500069536800171,1.60656152642729,9.88701533349791
4.23640873015873,0.686493784194341,0.500144916926552,1.60579327298127,9.88755929137985
4.23650793650794,0.686450251107644,0.500220249926117,1.60502538707691,9.88810315190952
4.23660714285714,0.686406682515244,0.500295535797583,1.60425786853674,9.88864691509594
4.23670634920635,0.686363078501111,0.500370774539651,1.60349071718334,9.88919058094813
4.23680555555556,0.686319439149216,0.500445966151004,1.60272393283939,9.88973414947509
4.23690476190476,0.686275764543537,0.500521110630312,1.60195751532765,9.89027762068578
4.23700396825397,0.686232054768055,0.500596207976227,1.60119146447094,9.89082099458917
4.23710317460317,0.686188309906753,0.500671258187387,1.60042578009216,9.8913642711942
4.23720238095238,0.686144530043622,0.500746261262413,1.59966046201431,9.89190745050976
4.23730158730159,0.686100715262652,0.50082121719991,1.59889551006045,9.89245053254476
4.23740079365079,0.686056865647841,0.500896125998468,1.5981309240537,9.89299351730807
4.2375,0.686012981283189,0.50097098765666,1.59736670381731,9.89353640480856
4.23759920634921,0.685969062252699,0.501045802173045,1.59660284917454,9.89407919505506
4.23769841269841,0.685925108640381,0.501120569546163,1.59583935994879,9.89462188805638
4.23779761904762,0.685881120530247,0.501195289774541,1.59507623596349,9.89516448382134
4.23789682539683,0.685837098006312,0.501269962856689,1.59431347704218,9.89570698235869
4.23799603174603,0.685793041152596,0.501344588791102,1.59355108300846,9.89624938367721
4.23809523809524,0.685748950053124,0.501419167576257,1.59278905368601,9.89679168778563
4.23819444444444,0.685704824791923,0.501493699210617,1.59202738889859,9.89733389469268
4.23829365079365,0.685660665453024,0.50156818369263,1.59126608847005,9.89787600440705
4.23839285714286,0.685616472120465,0.501642621020725,1.59050515222429,9.89841801693743
4.23849206349206,0.685572244878284,0.501717011193318,1.58974457998531,9.89895993229247
4.23859126984127,0.685527983810524,0.501791354208809,1.58898437157717,9.89950175048082
4.23869047619048,0.685483689001234,0.501865650065579,1.58822452682403,9.90004347151111
4.23878968253968,0.685439360534465,0.501939898761996,1.58746504555011,9.90058509539193
4.23888888888889,0.685394998494273,0.502014100296412,1.58670592757972,9.90112662213187
4.23898809523809,0.685350602964715,0.502088254667163,1.58594717273724,9.90166805173949
4.2390873015873,0.685306174029856,0.502162361872568,1.58518878084711,9.90220938422334
4.23918650793651,0.685261711773763,0.502236421910931,1.58443075173389,9.90275061959194
4.23928571428571,0.685217216280507,0.50231043478054,1.58367308522217,9.9032917578538
4.23938492063492,0.685172687634162,0.502384400479668,1.58291578113666,9.90383279901741
4.23948412698413,0.685128125918809,0.50245831900657,1.58215883930213,9.90437374309122
4.23958333333333,0.685083531218529,0.502532190359486,1.58140225954341,9.90491459008369
4.23968253968254,0.68503890361741,0.502606014536643,1.58064604168543,9.90545534000325
4.23978174603175,0.684994243199541,0.502679791536247,1.57989018555319,9.9059959928583
4.23988095238095,0.684949550049019,0.502753521356493,1.57913469097178,9.90653654865724
4.23998015873016,0.684904824249941,0.502827203995557,1.57837955776634,9.90707700740842
4.24007936507937,0.68486006588641,0.5029008394516,1.57762478576211,9.90761736912021
4.24017857142857,0.684815275042532,0.502974427722767,1.57687037478441,9.90815763380093
4.24027777777778,0.684770451802418,0.503047968807187,1.57611632465861,9.90869780145889
4.24037698412698,0.684725596250182,0.503121462702975,1.5753626352102,9.90923787210238
4.24047619047619,0.684680708469943,0.503194909408227,1.5746093062647,9.90977784573967
4.2405753968254,0.684635788545822,0.503268308921025,1.57385633764775,9.91031772237902
4.2406746031746,0.684590836561945,0.503341661239437,1.57310372918505,9.91085750202865
4.24077380952381,0.684545852602442,0.503414966361511,1.57235148070236,9.91139718469679
4.24087301587302,0.684500836751449,0.503488224285281,1.57159959202554,9.91193677039162
4.24097222222222,0.684455789093101,0.503561435008765,1.57084806298054,9.91247625912132
4.24107142857143,0.684410709711542,0.503634598529967,1.57009689339335,9.91301565089404
4.24117063492063,0.684365598690917,0.503707714846873,1.56934608309006,9.91355494571792
4.24126984126984,0.684320456115376,0.503780783957453,1.56859563189684,9.91409414360107
4.24136904761905,0.684275282069071,0.503853805859663,1.56784553963992,9.91463324455158
4.24146825396825,0.684230076636162,0.503926780551441,1.56709580614564,9.91517224857755
4.24156746031746,0.684184839900808,0.50399970803071,1.56634643124038,9.91571115568702
4.24166666666667,0.684139571947176,0.504072588295378,1.56559741475063,9.91624996588802
4.24176587301587,0.684094272859435,0.504145421343336,1.56484875650293,9.91678867918858
4.24186507936508,0.684048942721758,0.504218207172459,1.56410045632392,9.91732729559669
4.24196428571429,0.684003581618323,0.504290945780607,1.56335251404029,9.91786581512034
4.24206349206349,0.68395818963331,0.504363637165623,1.56260492947885,9.91840423776748
4.2421626984127,0.683912766850904,0.504436281325337,1.56185770246644,9.91894256354605
4.24226190476191,0.683867313355295,0.504508878257559,1.56111083283001,9.91948079246398
4.24236111111111,0.683821829230675,0.504581427960086,1.56036432039659,9.92001892452916
4.24246031746032,0.683776314561241,0.504653930430698,1.55961816499326,9.92055695974947
4.24255952380952,0.683730769431195,0.50472638566716,1.55887236644719,9.92109489813278
4.24265873015873,0.683685193924739,0.50479879366722,1.55812692458564,9.92163273968693
4.24275793650794,0.683639588126085,0.50487115442861,1.55738183923594,9.92217048441974
4.24285714285714,0.683593952119443,0.504943467949048,1.55663711022549,9.92270813233901
4.24295634920635,0.68354828598903,0.505015734226235,1.55589273738177,9.92324568345253
4.24305555555556,0.683502589819066,0.505087953257856,1.55514872053235,9.92378313776807
4.24315476190476,0.683456863693777,0.50516012504158,1.55440505950486,9.92432049529336
4.24325396825397,0.68341110769739,0.505232249575059,1.55366175412703,9.92485775603613
4.24335317460317,0.683365321914138,0.505304326855933,1.55291880422663,9.92539492000409
4.24345238095238,0.683319506428256,0.505376356881821,1.55217620963156,9.92593198720492
4.24355158730159,0.683273661323985,0.505448339650331,1.55143397016975,9.9264689576463
4.24365079365079,0.683227786685568,0.505520275159052,1.55069208566923,9.92700583133585
4.24375,0.683181882597254,0.505592163405559,1.54995055595809,9.92754260828123
4.24384920634921,0.683135949143295,0.505664004387408,1.54920938086454,9.92807928849003
4.24394841269841,0.683089986407945,0.505735798102143,1.54846856021682,9.92861587196984
4.24404761904762,0.683043994475466,0.505807544547289,1.54772809384328,9.92915235872822
4.24414682539683,0.68299797343012,0.505879243720359,1.54698798157232,9.92968874877274
4.24424603174603,0.682951923356175,0.505950895618845,1.54624822323244,9.93022504211092
4.24434523809524,0.682905844337903,0.506022500240228,1.5455088186522,9.93076123875026
4.24444444444444,0.682859736459578,0.506094057581969,1.54476976766026,9.93129733869827
4.24454365079365,0.682813599805481,0.506165567641517,1.54403107008533,9.93183334196241
4.24464285714286,0.682767434459895,0.506237030416302,1.54329272575622,9.93236924855014
4.24474206349206,0.682721240507106,0.50630844590374,1.54255473450182,9.93290505846888
4.24484126984127,0.682675018031407,0.506379814101229,1.54181709615107,9.93344077172605
4.24494047619048,0.682628767117092,0.506451135006155,1.54107981053301,9.93397638832904
4.24503968253968,0.68258248784846,0.506522408615884,1.54034287747676,9.93451190828523
4.24513888888889,0.682536180309813,0.506593634927769,1.5396062968115,9.93504733160197
4.2452380952381,0.68248984458546,0.506664813939146,1.5388700683665,9.9355826582866
4.2453373015873,0.68244348075971,0.506735945647333,1.53813419197111,9.93611788834643
4.24543650793651,0.682397088916879,0.506807030049637,1.53739866745475,9.93665302178876
4.24553571428571,0.682350669141285,0.506878067143346,1.53666349464691,9.93718805862086
4.24563492063492,0.68230422151725,0.506949056925731,1.53592867337719,9.93772299884999
4.24573412698413,0.682257746129102,0.50701999939405,1.53519420347522,9.93825784248339
4.24583333333333,0.68221124306117,0.507090894545543,1.53446008477076,9.93879258952827
4.24593253968254,0.68216471239779,0.507161742377436,1.53372631709359,9.93932723999183
4.24603174603175,0.682118154223298,0.507232542886938,1.53299290027362,9.93986179388127
4.24613095238095,0.682071568622038,0.507303296071241,1.5322598341408,9.94039625120372
4.24623015873016,0.682024955678356,0.507374001927524,1.53152711852519,9.94093061196633
4.24632936507937,0.681978315476601,0.507444660452947,1.53079475325691,9.94146487617622
4.24642857142857,0.681931648101128,0.507515271644656,1.53006273816614,9.9419990438405
4.24652777777778,0.681884953636295,0.507585835499782,1.52933107308317,9.94253311496624
4.24662698412698,0.681838232166464,0.507656352015437,1.52859975783836,9.9430670895605
4.24672619047619,0.681791483776,0.507726821188722,1.52786879226211,9.94360096763034
4.2468253968254,0.681744708549273,0.507797243016715,1.52713817618497,9.94413474918276
4.2469246031746,0.681697906570657,0.507867617496486,1.5264079094375,9.94466843422478
4.24702380952381,0.68165107792453,0.507937944625083,1.52567799185037,9.94520202276337
4.24712301587302,0.681604222695273,0.508008224399542,1.52494842325432,9.9457355148055
4.24722222222222,0.68155734096727,0.50807845681688,1.52421920348017,9.94626891035812
4.24732142857143,0.681510432824913,0.508148641874102,1.52349033235882,9.94680220942815
4.24742063492063,0.681463498352595,0.508218779568194,1.52276180972123,9.94733541202249
4.24751984126984,0.681416537634711,0.508288869896128,1.52203363539847,9.94786851814804
4.24761904761905,0.681369550755664,0.508358912854857,1.52130580922166,9.94840152781166
4.24771825396825,0.681322537799859,0.508428908441323,1.52057833102201,9.94893444102019
4.24781746031746,0.681275498851704,0.508498856652447,1.5198512006308,9.94946725778047
4.24791666666667,0.681228433995613,0.508568757485139,1.51912441787939,9.94999997809929
4.24801587301587,0.681181343316003,0.508638610936289,1.51839798259923,9.95053260198346
4.24811507936508,0.681134226897295,0.508708417002773,1.51767189462183,9.95106512943974
4.24821428571429,0.681087084823912,0.508778175681453,1.51694615377877,9.95159756047487
4.24831349206349,0.681039917180284,0.508847886969171,1.51622075990175,9.9521298950956
4.2484126984127,0.680992724050844,0.508917550862756,1.51549571282251,9.95266213330862
4.24851190476191,0.680945505520028,0.50898716735902,1.51477101237287,9.95319427512062
4.24861111111111,0.680898261672277,0.509056736454761,1.51404665838474,9.9537263205383
4.24871031746032,0.680850992592034,0.509126258146758,1.5133226506901,9.95425826956828
4.24880952380952,0.680803698363749,0.509195732431778,1.51259898912101,9.95479012221721
4.24890873015873,0.680756379071874,0.509265159306567,1.51187567350961,9.9553218784917
4.24900793650794,0.680709034800863,0.509334538767861,1.51115270368811,9.95585353839835
4.24910714285714,0.68066166563518,0.509403870812376,1.51043007948881,9.95638510194371
4.24920634920635,0.680614271659286,0.509473155436813,1.50970780074407,9.95691656913436
4.24930555555556,0.68056685295765,0.509542392637857,1.50898586728635,9.95744793997682
4.24940476190476,0.680519409614743,0.50961158241218,1.50826427894817,9.95797921447761
4.24950396825397,0.680471941715043,0.509680724756433,1.50754303556214,9.95851039264323
4.24960317460317,0.680424449343028,0.509749819667256,1.50682213696092,9.95904147448015
4.24970238095238,0.680376932583182,0.50981886714127,1.50610158297729,9.95957245999483
4.24980158730159,0.680329391519993,0.509887867175082,1.50538137344407,9.9601033491937
4.24990079365079,0.680281826237953,0.509956819765281,1.50466150819419,9.96063414208319
4.25,0.680234236821556,0.510025724908442,1.50394198706062,9.96116483866969
4.25009920634921,0.680186623355303,0.510094582601124,1.50322280987645,9.96169543895959
4.25019841269841,0.680138985923696,0.51016339283987,1.50250397647481,9.96222594295923
4.25029761904762,0.680091324611243,0.510232155621206,1.50178548668893,9.96275635067496
4.25039682539682,0.680043639502456,0.510300870941643,1.50106734035211,9.96328666211311
4.25049603174603,0.679995930681849,0.510369538797677,1.50034953729772,9.96381687727997
4.25059523809524,0.679948198233941,0.510438159185786,1.49963207735923,9.96434699618181
4.25069444444444,0.679900442243256,0.510506732102434,1.49891496037018,9.96487701882491
4.25079365079365,0.67985266279432,0.510575257544069,1.49819818616416,9.96540694521551
4.25089285714286,0.679804859971664,0.510643735507122,1.49748175457487,9.96593677535982
4.25099206349206,0.679757033859824,0.51071216598801,1.49676566543607,9.96646650926406
4.25109126984127,0.679709184543337,0.51078054898313,1.49604991858162,9.9669961469344
4.25119047619048,0.679661312106746,0.51084888448887,1.49533451384542,9.96752568837702
4.25128968253968,0.679613416634598,0.510917172501595,1.49461945106149,9.96805513359805
4.25138888888889,0.679565498211444,0.510985413017658,1.49390473006389,9.96858448260361
4.25148809523809,0.679517556921838,0.511053606033397,1.49319035068679,9.96911373539982
4.2515873015873,0.679469592850339,0.511121751545131,1.49247631276441,9.96964289199277
4.25168650793651,0.679421606081508,0.511189849549165,1.49176261613106,9.9701719523885
4.25178571428571,0.679373596699911,0.511257900041788,1.49104926062113,9.97070091659309
4.25188492063492,0.67932556479012,0.511325903019273,1.49033624606909,9.97122978461254
4.25198412698413,0.679277510436708,0.511393858477878,1.48962357230946,9.97175855645288
4.25208333333333,0.679229433724253,0.511461766413843,1.48891123917689,9.97228723212009
4.25218253968254,0.679181334737337,0.511529626823394,1.48819924650607,9.97281581162013
4.25228174603175,0.679133213560546,0.51159743970274,1.48748759413176,9.97334429495896
4.25238095238095,0.67908507027847,0.511665205048074,1.48677628188882,9.9738726821425
4.25248015873016,0.679036904975703,0.511732922855576,1.48606530961218,9.97440097317668
4.25257936507936,0.678988717736842,0.511800593121406,1.48535467713686,9.97492916806737
4.25267857142857,0.678940508646488,0.511868215841712,1.48464438429792,9.97545726682046
4.25277777777778,0.678892277789248,0.511935791012622,1.48393443093054,9.97598526944178
4.25287698412698,0.678844025249731,0.512003318630251,1.48322481686996,9.97651317593718
4.25297619047619,0.67879575111255,0.512070798690698,1.4825155419515,9.97704098631246
4.2530753968254,0.678747455462322,0.512138231190045,1.48180660601055,9.97756870057342
4.2531746031746,0.67869913838367,0.512205616124359,1.48109800888257,9.97809631872584
4.25327380952381,0.678650799961217,0.512272953489691,1.48038975040314,9.97862384077547
4.25337301587302,0.678602440279593,0.512340243282076,1.47968183040786,9.97915126672804
4.25347222222222,0.678554059423432,0.512407485497534,1.47897424873245,9.97967859658928
4.25357142857143,0.678505657477369,0.512474680132066,1.4782670052127,9.98020583036486
4.25367063492063,0.678457234526047,0.51254182718166,1.47756009968446,9.98073296806048
4.25376984126984,0.678408790654109,0.512608926642289,1.47685353198366,9.98126000968178
4.25386904761905,0.678360325946206,0.512675978509908,1.47614730194634,9.98178695523441
4.25396825396825,0.678311840486988,0.512742982780456,1.47544140940857,9.98231380472398
4.25406746031746,0.678263334361113,0.512809939449858,1.47473585420654,9.98284055815609
4.25416666666667,0.678214807653242,0.512876848514022,1.47403063617648,9.98336721553633
4.25426587301587,0.678166260448039,0.512943709968839,1.47332575515473,9.98389377687024
4.25436507936508,0.678117692830172,0.513010523810186,1.4726212109777,9.98442024216337
4.25446428571429,0.678069104884313,0.513077290033924,1.47191700348185,9.98494661142123
4.25456349206349,0.67802049669514,0.513144008635896,1.47121313250376,9.98547288464934
4.2546626984127,0.677971868347332,0.513210679611933,1.47050959788005,9.98599906185317
4.2547619047619,0.677923219925573,0.513277302957847,1.46980639944744,9.98652514303818
4.25486111111111,0.677874551514552,0.513343878669434,1.46910353704273,9.98705112820982
4.25496031746032,0.67782586319896,0.513410406742476,1.46840101050278,9.98757701737351
4.25505952380952,0.677777155063493,0.513476887172738,1.46769881966454,9.98810281053464
4.25515873015873,0.677728427192851,0.51354331995597,1.46699696436503,9.98862850769861
4.25525793650794,0.677679679671739,0.513609705087904,1.46629544444136,9.98915410887077
4.25535714285714,0.677630912584863,0.51367604256426,1.4655942597307,9.98967961405648
4.25545634920635,0.677582126016935,0.513742332380738,1.46489341007032,9.99020502326106
4.25555555555556,0.677533320052671,0.513808574533024,1.46419289529754,9.99073033648981
4.25565476190476,0.67748449477679,0.513874769016789,1.46349271524978,9.99125555374802
4.25575396825397,0.677435650274016,0.513940915827686,1.46279286976453,9.99178067504095
4.25585317460317,0.677386786629076,0.514007014961355,1.46209335867936,9.99230570037386
4.25595238095238,0.677337903926702,0.514073066413417,1.46139418183191,9.99283062975197
4.25605158730159,0.677289002251628,0.514139070179478,1.4606953390599,9.99335546318049
4.25615079365079,0.677240081688594,0.514205026255131,1.45999683020114,9.9938802006646
4.25625,0.677191142322343,0.514270934635949,1.4592986550935,9.99440484220948
4.25634920634921,0.677142184237622,0.514336795317492,1.45860081357494,9.99492938782028
4.25644841269841,0.677093207519181,0.514402608295304,1.45790330548348,9.99545383750212
4.25654761904762,0.677044212251776,0.514468373564909,1.45720613065725,9.99597819126012
4.25664682539683,0.676995198520166,0.514534091121822,1.45650928893443,9.99650244909936
4.25674603174603,0.676946166409113,0.514599760961536,1.45581278015328,9.99702661102492
4.25684523809524,0.676897116003383,0.514665383079532,1.45511660415215,9.99755067704186
4.25694444444444,0.676848047387748,0.514730957471273,1.45442076076945,9.99807464715519
4.25704365079365,0.676798960646983,0.514796484132208,1.45372524984369,9.99859852136994
4.25714285714286,0.676749855865864,0.514861963057769,1.45303007121344,9.99912229969111
4.25724206349206,0.676700733129175,0.51492739424337,1.45233522471736,9.99964598212365
4.25734126984127,0.676651592521702,0.514992777684414,1.45164071019418,10.0001695686725
4.25744047619048,0.676602434128236,0.515058113376284,1.45094652748269,10.0006930593427
4.25753968253968,0.67655325803357,0.51512340131435,1.45025267642181,10.001216454139
4.25763888888889,0.676504064322503,0.515188641493963,1.44955915685047,10.0017397530664
4.25773809523809,0.676454853079837,0.51525383391046,1.44886596860773,10.0022629561298
4.2578373015873,0.676405624390377,0.515318978559164,1.44817311153271,10.002786063334
4.25793650793651,0.676356378338933,0.515384075435378,1.44748058546459,10.0033090746839
4.25803571428571,0.676307115010319,0.515449124534393,1.44678839024266,10.0038319901842
4.25813492063492,0.676257834489354,0.51551412585148,1.44609652570627,10.0043548098398
4.25823412698413,0.676208536860859,0.515579079381899,1.44540499169484,10.0048775336554
4.25833333333333,0.676159222209658,0.51564398512089,1.44471378804788,10.0054001616359
4.25843253968254,0.676109890620583,0.51570884306368,1.44402291460498,10.0059226937859
4.25853174603175,0.676060542178466,0.515773653205479,1.4433323712058,10.0064451301101
4.25863095238095,0.676011176968144,0.51583841554148,1.44264215769007,10.0069674706134
4.25873015873016,0.67596179507446,0.515903130066861,1.44195227389762,10.0074897153002
4.25882936507937,0.675912396582258,0.515967796776786,1.44126271966834,10.0080118641754
4.25892857142857,0.675862981576387,0.516032415666399,1.44057349484221,10.0085339172436
4.25902777777778,0.675813550141701,0.516096986730834,1.43988459925926,10.0090558745093
4.25912698412698,0.675764102363057,0.516161509965202,1.43919603275963,10.0095777359772
4.25922619047619,0.675714638325315,0.516225985364605,1.43850779518352,10.0100995016518
4.2593253968254,0.67566515811334,0.516290412924124,1.43781988637121,10.0106211715378
4.2594246031746,0.675615661812002,0.516354792638828,1.43713230616307,10.0111427456397
4.25952380952381,0.675566149506173,0.516419124503766,1.43644505439954,10.0116642239619
4.25962301587302,0.67551662128073,0.516483408513975,1.43575813092112,10.0121856065091
4.25972222222222,0.675467077220554,0.516547644664474,1.43507153556841,10.0127068932856
4.25982142857143,0.675417517410528,0.516611832950267,1.43438526818208,10.013228084296
4.25992063492063,0.675367941935542,0.516675973366341,1.43369932860288,10.0137491795447
4.26001984126984,0.675318350880487,0.516740065907669,1.43301371667163,10.0142701790362
4.26011904761905,0.675268744330261,0.516804110569207,1.43232843222924,10.0147910827747
4.26021825396825,0.675219122369763,0.516868107345894,1.43164347511668,10.0153118907648
4.26031746031746,0.675169485083898,0.516932056232655,1.43095884517503,10.0158326030108
4.26041666666667,0.675119832557574,0.516995957224399,1.4302745422454,10.016353219517
4.26051587301587,0.675070164875703,0.517059810316018,1.42959056616901,10.0168737402878
4.26061507936508,0.675020482123201,0.517123615502389,1.42890691678716,10.0173941653275
4.26071428571429,0.674970784384987,0.517187372778373,1.42822359394121,10.0179144946404
4.26081349206349,0.674921071745986,0.517251082138815,1.42754059747261,10.0184347282307
4.2609126984127,0.674871344291125,0.517314743578544,1.42685792722288,10.0189548661027
4.26101190476191,0.674821602105337,0.517378357092373,1.42617558303363,10.0194749082606
4.26111111111111,0.674771845273556,0.5174419226751,1.42549356474653,10.0199948547087
4.26121031746032,0.674722073880723,0.517505440321506,1.42481187220333,10.0205147054511
4.26130952380952,0.674672288011781,0.517568910026357,1.42413050524588,10.021034460492
4.26140873015873,0.674622487751677,0.517632331784402,1.42344946371608,10.0215541198356
4.26150793650794,0.674572673185362,0.517695705590376,1.42276874745592,10.022073683486
4.26160714285714,0.674522844397793,0.517759031438998,1.42208835630747,10.0225931514473
4.26170634920635,0.674473001473927,0.517822309324968,1.42140829011287,10.0231125237237
4.26180555555556,0.674423144498729,0.517885539242973,1.42072854871435,10.0236318003191
4.26190476190476,0.674373273557166,0.517948721187684,1.42004913195419,10.0241509812376
4.26200396825397,0.674323388734208,0.518011855153756,1.41937003967479,10.0246700664834
4.26210317460317,0.67427349011483,0.518074941135826,1.4186912717186,10.0251890560603
4.26220238095238,0.674223577784011,0.518137979128519,1.41801282792814,10.0257079499724
4.26230158730159,0.674173651826735,0.518200969126441,1.41733470814602,10.0262267482237
4.26240079365079,0.674123712327987,0.518263911124183,1.41665691221493,10.0267454508182
4.2625,0.6740737589432,0.518326805303127,1.41597943989567,10.0272640579512
4.26259920634921,0.674023790021139,0.51838965241106,1.41530229070968,10.0277825703983
4.26269841269841,0.673973805401055,0.518452452545277,1.41462546447539,10.0283009882678
4.26279761904762,0.673923805096386,0.518515205727207,1.41394896104509,10.0288193115903
4.26289682539683,0.673873789120592,0.51857791197826,1.41327278027115,10.0293375403963
4.26299603174603,0.673823757487153,0.51864057131983,1.41259692200597,10.0298556747162
4.26309523809524,0.673773710209574,0.518703183773293,1.41192138610198,10.0303737145806
4.26319444444444,0.673723647301383,0.518765749360004,1.4112461724117,10.0308916600199
4.26329365079365,0.673673568776127,0.518828268101303,1.41057128078767,10.0314095110644
4.26339285714286,0.673623474647379,0.51889074001851,1.40989671108249,10.0319272677448
4.26349206349206,0.673573364928734,0.518953165132929,1.4092224631488,10.0324449300912
4.26359126984127,0.673523239633806,0.519015543465844,1.40854853683931,10.0329624981341
4.26369047619048,0.673473098776236,0.519077875038521,1.40787493200677,10.0334799719039
4.26378968253968,0.673422942369684,0.51914015987221,1.40720164850395,10.0339973514308
4.26388888888889,0.673372770427835,0.51920239798814,1.40652868618372,10.0345146367452
4.2639880952381,0.673322582964395,0.519264589407523,1.40585604489896,10.0350318278773
4.2640873015873,0.673272379993092,0.519326734151555,1.40518372450262,10.0355489248575
4.26418650793651,0.673222161527678,0.519388832241411,1.4045117248477,10.036065927716
4.26428571428571,0.673171927581927,0.519450883698249,1.40384004578723,10.0365828364829
4.26438492063492,0.673121678169634,0.51951288854321,1.4031686871743,10.0370996511886
4.26448412698413,0.673071413304618,0.519574846797415,1.40249764886207,10.0376163718631
4.26458333333333,0.673021133000719,0.519636758481969,1.40182693070371,10.0381329985367
4.26468253968254,0.672970837271802,0.519698623617957,1.40115653255247,10.0386495312395
4.26478174603175,0.672920526131752,0.519760442226447,1.40048645426164,10.0391659700016
4.26488095238095,0.672870199594478,0.519822214328488,1.39981669568456,10.0396823148531
4.26498015873016,0.67281985767391,0.519883939945113,1.39914725667462,10.0401985658241
4.26507936507937,0.672769500384002,0.519945619097334,1.39847813708524,10.0407147229447
4.26517857142857,0.672719127738728,0.520007251806148,1.39780933676993,10.0412307862448
4.26527777777778,0.672668739752088,0.520068838092532,1.39714085558221,10.0417467557546
4.26537698412698,0.672618336438101,0.520130377977445,1.39647269337567,10.0422626315041
4.26547619047619,0.67256791781081,0.520191871481828,1.39580485000396,10.0427784135231
4.2655753968254,0.672517483884282,0.520253318626605,1.39513732532074,10.0432941018417
4.2656746031746,0.672467034672604,0.52031471943268,1.39447011917976,10.0438096964898
4.26577380952381,0.672416570189885,0.520376073920941,1.3938032314348,10.0443251974973
4.26587301587302,0.67236609045026,0.520437382112257,1.39313666193969,10.0448406048941
4.26597222222222,0.672315595467883,0.520498644027478,1.39247041054831,10.0453559187102
4.26607142857143,0.672265085256931,0.520559859687438,1.39180447711459,10.0458711389752
4.26617063492063,0.672214559831605,0.520621029112951,1.39113886149253,10.0463862657192
4.26626984126984,0.672164019206128,0.520682152324813,1.39047356353614,10.0469012989718
4.26636904761905,0.672113463394744,0.520743229343804,1.3898085830995,10.047416238763
4.26646825396825,0.67206289241172,0.520804260190684,1.38914392003675,10.0479310851224
4.26656746031746,0.672012306271347,0.520865244886195,1.38847957420206,10.0484458380799
4.26666666666667,0.671961704987937,0.520926183451062,1.38781554544966,10.0489604976651
4.26676587301587,0.671911088575825,0.520987075905991,1.38715183363382,10.0494750639078
4.26686507936508,0.671860457049367,0.521047922271671,1.38648843860888,10.0499895368376
4.26696428571429,0.671809810422944,0.52110872256877,1.38582536022921,10.0505039164843
4.26706349206349,0.671759148710958,0.521169476817943,1.38516259834923,10.0510182028775
4.2671626984127,0.671708471927832,0.521230185039822,1.38450015282342,10.0515323960467
4.2672619047619,0.671657780088015,0.521290847255023,1.3838380235063,10.0520464960218
4.26736111111111,0.671607073205975,0.521351463484145,1.38317621025245,10.0525605028321
4.26746031746032,0.671556351296204,0.521412033747768,1.38251471291649,10.0530744165073
4.26755952380952,0.671505614373217,0.521472558066452,1.38185353135308,10.053588237077
4.26765873015873,0.67145486245155,0.521533036460742,1.38119266541696,10.0541019645706
4.26775793650794,0.671404095545763,0.521593468951163,1.3805321149629,10.0546155990177
4.26785714285714,0.671353313670437,0.521653855558223,1.3798718798457,10.0551291404478
4.26795634920635,0.671302516840176,0.521714196302411,1.37921195992025,10.0556425888903
4.26805555555556,0.671251705069608,0.521774491204198,1.37855235504146,10.0561559443746
4.26815476190476,0.67120087837338,0.521834740284039,1.3778930650643,10.0566692069303
4.26825396825397,0.671150036766164,0.521894943562367,1.37723408984379,10.0571823765867
4.26835317460317,0.671099180262654,0.521955101059601,1.37657542923499,10.0576954533731
4.26845238095238,0.671048308877567,0.522015212796139,1.37591708309302,10.0582084373191
4.26855158730159,0.670997422625641,0.522075278792362,1.37525905127305,10.0587213284538
4.26865079365079,0.670946521521637,0.522135299068633,1.37460133363029,10.0592341268066
4.26875,0.67089560558034,0.522195273645297,1.37394393002001,10.0597468324069
4.26884920634921,0.670844674816554,0.522255202542681,1.37328684029751,10.0602594452839
4.26894841269841,0.67079372924511,0.522315085781094,1.37263006431817,10.0607719654668
4.26904761904762,0.670742768880856,0.522374923380826,1.3719736019374,10.061284392985
4.26914682539683,0.670691793738668,0.522434715362149,1.37131745301065,10.0617967278676
4.26924603174603,0.670640803833441,0.522494461745319,1.37066161739345,10.0623089701438
4.26934523809524,0.670589799180093,0.522554162550572,1.37000609494135,10.0628211198429
4.26944444444444,0.670538779793565,0.522613817798125,1.36935088550996,10.0633331769939
4.26954365079365,0.67048774568882,0.52267342750818,1.36869598895494,10.0638451416261
4.26964285714286,0.670436696880844,0.522732991700918,1.368041405132,10.0643570137684
4.26974206349206,0.670385633384645,0.522792510396504,1.36738713389689,10.0648687934501
4.26984126984127,0.670334555215254,0.522851983615083,1.36673317510543,10.0653804807002
4.26994047619048,0.670283462387723,0.522911411376784,1.36607952861348,10.0658920755478
4.27003968253968,0.670232354917128,0.522970793701717,1.36542619427693,10.0664035780219
4.27013888888889,0.670181232818567,0.523030130609973,1.36477317195175,10.0669149881515
4.27023809523809,0.67013009610716,0.523089422121626,1.36412046149394,10.0674263059656
4.2703373015873,0.670078944798049,0.523148668256732,1.36346806275956,10.0679375314932
4.27043650793651,0.670027778906401,0.523207869035328,1.3628159756047,10.0684486647632
4.27053571428571,0.669976598447403,0.523267024477435,1.36216419988552,10.0689597058047
4.27063492063492,0.669925403436264,0.523326134603053,1.36151273545824,10.0694706546464
4.27073412698413,0.669874193888218,0.523385199432165,1.36086158217909,10.0699815113173
4.27083333333333,0.669822969818519,0.523444218984738,1.36021073990437,10.0704922758462
4.27093253968254,0.669771731242445,0.523503193280718,1.35956020849045,10.0710029482621
4.27103174603175,0.669720478175296,0.523562122340035,1.35890998779372,10.0715135285937
4.27113095238095,0.669669210632394,0.5236210061826,1.35826007767063,10.0720240168698
4.27123015873016,0.669617928629083,0.523679844828305,1.35761047797768,10.0725344131193
4.27132936507937,0.669566632180731,0.523738638297027,1.35696118857141,10.0730447173709
4.27142857142857,0.669515321302729,0.523797386608621,1.35631220930842,10.0735549296534
4.27152777777778,0.669463996010487,0.523856089782926,1.35566354004538,10.0740650499954
4.27162698412698,0.66941265631944,0.523914747839763,1.35501518063895,10.0745750784258
4.27172619047619,0.669361302245046,0.523973360798935,1.35436713094591,10.0750850149731
4.2718253968254,0.669309933802783,0.524031928680227,1.35371939082303,10.0755948596661
4.2719246031746,0.669258551008154,0.524090451503404,1.35307196012717,10.0761046125334
4.27202380952381,0.669207153876682,0.524148929288217,1.35242483871521,10.0766142736036
4.27212301587302,0.669155742423916,0.524207362054394,1.35177802644411,10.0771238429054
4.27222222222222,0.669104316665424,0.524265749821647,1.35113152317086,10.0776333204673
4.27232142857143,0.669052876616797,0.524324092609673,1.35048532875249,10.0781427063178
4.27242063492063,0.66900142229365,0.524382390438145,1.3498394430461,10.0786520004856
4.27251984126984,0.668949953711619,0.524440643326724,1.34919386590883,10.0791612029992
4.27261904761905,0.668898470886363,0.524498851295047,1.34854859719787,10.079670313887
4.27271825396825,0.668846973833565,0.524557014362739,1.34790363677045,10.0801793331775
4.27281746031746,0.668795462568926,0.524615132549402,1.34725898448388,10.0806882608993
4.27291666666667,0.668743937108175,0.524673205874622,1.34661464019548,10.0811970970807
4.27301587301587,0.668692397467059,0.524731234357967,1.34597060376265,10.0817058417502
4.27311507936508,0.668640843661351,0.524789218018986,1.34532687504282,10.0822144949361
4.27321428571429,0.668589275706843,0.524847156877212,1.34468345389348,10.0827230566669
4.27331349206349,0.668537693619351,0.524905050952157,1.34404034017216,10.0832315269709
4.2734126984127,0.668486097414715,0.524962900263318,1.34339753373646,10.0837399058765
4.27351190476191,0.668434487108795,0.525020704830171,1.34275503444399,10.0842481934119
4.27361111111111,0.668382862717475,0.525078464672175,1.34211284215246,10.0847563896055
4.27371031746032,0.668331224256661,0.525136179808773,1.34147095671959,10.0852644944855
4.27380952380952,0.66827957174228,0.525193850259386,1.34082937800317,10.0857725080802
4.27390873015873,0.668227905190284,0.525251476043421,1.34018810586102,10.0862804304179
4.27400793650794,0.668176224616647,0.525309057180264,1.33954714015103,10.0867882615267
4.27410714285714,0.668124530037362,0.525366593689284,1.33890648073113,10.0872960014349
4.27420634920635,0.66807282146845,0.525424085589832,1.33826612745931,10.0878036501706
4.27430555555556,0.66802109892595,0.525481532901241,1.33762608019358,10.088311207762
4.27440476190476,0.667969362425925,0.525538935642825,1.33698633879203,10.0888186742373
4.27450396825397,0.667917611984461,0.525596293833881,1.33634690311279,10.0893260496244
4.27460317460317,0.667865847617665,0.525653607493687,1.33570777301403,10.0898333339516
4.27470238095238,0.667814069341669,0.525710876641505,1.33506894835399,10.0903405272469
4.27480158730159,0.667762277172624,0.525768101296576,1.33443042899094,10.0908476295383
4.27490079365079,0.667710471126707,0.525825281478124,1.3337922147832,10.0913546408539
4.275,0.667658651220113,0.525882417205358,1.33315430558915,10.0918615612217
4.27509920634921,0.667606817469065,0.525939508497463,1.33251670126722,10.0923683906697
4.27519841269841,0.667554969889805,0.525996555373611,1.33187940167588,10.0928751292259
4.27529761904762,0.667503108498596,0.526053557852953,1.33124240667366,10.0933817769181
4.27539682539683,0.667451233311728,0.526110515954623,1.33060571611912,10.0938883337744
4.27549603174603,0.667399344345509,0.526167429697738,1.32996932987089,10.0943947998227
4.27559523809524,0.667347441616273,0.526224299101395,1.32933324778763,10.0949011750908
4.27569444444444,0.667295525140373,0.526281124184674,1.32869746972809,10.0954074596066
4.27579365079365,0.667243594934187,0.526337904966637,1.328061995551,10.0959136533979
4.27589285714286,0.667191651014115,0.526394641466326,1.32742682511522,10.0964197564927
4.27599206349206,0.667139693396579,0.526451333702769,1.32679195827959,10.0969257689186
4.27609126984127,0.667087722098024,0.526507981694971,1.32615739490305,10.0974316907034
4.27619047619048,0.667035737134916,0.526564585461924,1.32552313484455,10.0979375218751
4.27628968253968,0.666983738523745,0.526621145022597,1.32488917796311,10.0984432624612
4.27638888888889,0.666931726281023,0.526677660395944,1.32425552411781,10.0989489124895
4.2764880952381,0.666879700423283,0.526734131600901,1.32362217316775,10.0994544719877
4.2765873015873,0.666827660967084,0.526790558656384,1.32298912497211,10.0999599409835
4.27668650793651,0.666775607929005,0.526846941581292,1.32235637939009,10.1004653195046
4.27678571428571,0.666723541325646,0.526903280394507,1.32172393628097,10.1009706075786
4.27688492063492,0.666671461173633,0.526959575114891,1.32109179550405,10.1014758052331
4.27698412698413,0.66661936748961,0.527015825761289,1.3204599569187,10.1019809124958
4.27708333333333,0.666567260290249,0.527072032352528,1.31982842038433,10.1024859293941
4.27718253968254,0.66651513959224,0.527128194907417,1.3191971857604,10.1029908559557
4.27728174603175,0.666463005412296,0.527184313444746,1.31856625290643,10.1034956922081
4.27738095238095,0.666410857767155,0.527240387983287,1.31793562168197,10.1040004381789
4.27748015873016,0.666358696673576,0.527296418541796,1.31730529194663,10.1045050938955
4.27757936507937,0.666306522148339,0.527352405139007,1.31667526356008,10.1050096593853
4.27767857142857,0.666254334208247,0.527408347793641,1.31604553638202,10.105514134676
4.27777777777778,0.666202132870129,0.527464246524396,1.31541611027221,10.1060185197948
4.27787698412698,0.66614991815083,0.527520101349956,1.31478698509046,10.1065228147693
4.27797619047619,0.666097690067224,0.527575912288984,1.31415816069661,10.1070270196268
4.2780753968254,0.666045448636203,0.527631679360126,1.31352963695059,10.1075311343947
4.2781746031746,0.665993193874683,0.52768740258201,1.31290141371235,10.1080351591003
4.27827380952381,0.665940925799603,0.527743081973246,1.31227349084188,10.108539093771
4.27837301587302,0.665888644427923,0.527798717552425,1.31164586819925,10.1090429384341
4.27847222222222,0.665836349776627,0.527854309338123,1.31101854564456,10.1095466931169
4.27857142857143,0.66578404186272,0.527909857348893,1.31039152303796,10.1100503578467
4.27867063492063,0.665731720703231,0.527965361603274,1.30976480023965,10.1105539326507
4.27876984126984,0.665679386315209,0.528020822119786,1.30913837710988,10.1110574175561
4.27886904761905,0.665627038715729,0.528076238916929,1.30851225350897,10.1115608125902
4.27896825396825,0.665574677921885,0.528131612013186,1.30788642929725,10.1120641177802
4.27906746031746,0.665522303950796,0.528186941427025,1.30726090433513,10.1125673331532
4.27916666666667,0.665469916819602,0.52824222717689,1.30663567848305,10.1130704587364
4.27926587301587,0.665417516545465,0.528297469281212,1.30601075160152,10.1135734945569
4.27936507936508,0.665365103145571,0.528352667758402,1.30538612355108,10.1140764406418
4.27946428571429,0.665312676637127,0.528407822626853,1.30476179419233,10.1145792970182
4.27956349206349,0.665260237037364,0.528462933904939,1.30413776338592,10.1150820637132
4.2796626984127,0.665207784363535,0.528518001611017,1.30351403099254,10.1155847407538
4.27976190476191,0.665155318632914,0.528573025763427,1.30289059687294,10.116087328167
4.27986111111111,0.665102839862799,0.528628006380488,1.30226746088792,10.11658982598
4.27996031746032,0.665050348070509,0.528682943480504,1.30164462289831,10.1170922342195
4.28005952380952,0.664997843273388,0.528737837081759,1.30102208276502,10.1175945529127
4.28015873015873,0.664945325488799,0.52879268720252,1.30039984034898,10.1180967820865
4.28025793650794,0.664892794734131,0.528847493861035,1.29977789551118,10.1185989217677
4.28035714285714,0.664840251026792,0.528902257075533,1.29915624811267,10.1191009719833
4.28045634920635,0.664787694384215,0.528956976864228,1.29853489801455,10.1196029327602
4.28055555555556,0.664735124823856,0.529011653245314,1.29791384507795,10.1201048041252
4.28065476190476,0.664682542363189,0.529066286236967,1.29729308916405,10.1206065861053
4.28075396825397,0.664629947019716,0.529120875857345,1.29667263013411,10.1211082787271
4.28085317460317,0.664577338810958,0.529175422124587,1.29605246784941,10.1216098820175
4.28095238095238,0.664524717754459,0.529229925056816,1.29543260217127,10.1221113960033
4.28105158730159,0.664472083867786,0.529284384672136,1.29481303296111,10.1226128207113
4.28115079365079,0.664419437168529,0.529338800988632,1.29419376008035,10.1231141561681
4.28125,0.664366777674299,0.529393174024371,1.29357478339047,10.1236154024006
4.28134920634921,0.664314105402731,0.529447503797405,1.29295610275302,10.1241165594354
4.28144841269841,0.66426142037148,0.529501790325763,1.29233771802958,10.1246176272992
4.28154761904762,0.664208722598226,0.52955603362746,1.29171962908178,10.1251186060186
4.28164682539682,0.664156012100671,0.529610233720491,1.2911018357713,10.1256194956203
4.28174603174603,0.664103288896538,0.529664390622834,1.29048433795988,10.1261202961309
4.28184523809524,0.664050553003574,0.529718504352446,1.28986713550931,10.126621007577
4.28194444444444,0.663997804439547,0.529772574927271,1.2892502282814,10.1271216299852
4.28204365079365,0.663945043222249,0.52982660236523,1.28863361613806,10.127622163382
4.28214285714286,0.663892269369494,0.529880586684229,1.2880172989412,10.128122607794
4.28224206349206,0.663839482899118,0.529934527902154,1.2874012765528,10.1286229632477
4.28234126984127,0.663786683828978,0.529988426036875,1.2867855488349,10.1291232297696
4.28244047619048,0.663733872176957,0.530042281106243,1.28617011564957,10.1296234073861
4.28253968253968,0.663681047960958,0.53009609312809,1.28555497685894,10.1301234961237
4.28263888888889,0.663628211198907,0.53014986212023,1.28494013232519,10.1306234960089
4.28273809523809,0.663575361908752,0.530203588100461,1.28432558191055,10.131123407068
4.2828373015873,0.663522500108463,0.53025727108656,1.2837113254773,10.1316232293275
4.28293650793651,0.663469625816036,0.530310911096289,1.28309736288774,10.1321229628137
4.28303571428571,0.663416739049484,0.53036450814739,1.28248369400428,10.132622607553
4.28313492063492,0.663363839826846,0.530418062257586,1.28187031868932,10.1331221635717
4.28323412698413,0.663310928166182,0.530471573444585,1.28125723680533,10.1336216308961
4.28333333333333,0.663258004085576,0.530525041726074,1.28064444821486,10.1341210095525
4.28343253968254,0.663205067603134,0.530578467119724,1.28003195278046,10.1346202995672
4.28353174603175,0.663152118736983,0.530631849643186,1.27941975036476,10.1351195009664
4.28363095238095,0.663099157505273,0.530685189314094,1.27880784083043,10.1356186137763
4.28373015873016,0.663046183926178,0.530738486150064,1.27819622404019,10.1361176380232
4.28382936507936,0.662993198017893,0.530791740168694,1.27758489985681,10.1366165737333
4.28392857142857,0.662940199798634,0.530844951387565,1.27697386814311,10.1371154209326
4.28402777777778,0.662887189286644,0.530898119824236,1.27636312876196,10.1376141796474
4.28412698412698,0.662834166500183,0.530951245496252,1.27575268157628,10.1381128499038
4.28422619047619,0.662781131457538,0.531004328421138,1.27514252644904,10.1386114317279
4.2843253968254,0.662728084177015,0.531057368616403,1.27453266324324,10.1391099251458
4.2844246031746,0.662675024676946,0.531110366099534,1.27392309182196,10.1396083301835
4.28452380952381,0.662621952975681,0.531163320888004,1.27331381204832,10.1401066468671
4.28462301587302,0.662568869091596,0.531216232999265,1.27270482378548,10.1406048752226
4.28472222222222,0.662515773043087,0.531269102450754,1.27209612689664,10.141103015276
4.28482142857143,0.662462664848576,0.531321929259885,1.27148772124509,10.1416010670533
4.28492063492063,0.662409544526504,0.53137471344406,1.27087960669412,10.1420990305805
4.28501984126984,0.662356412095335,0.531427455020658,1.27027178310711,10.1425969058834
4.28511904761905,0.662303267573558,0.531480154007043,1.26966425034747,10.1430946929881
4.28521825396825,0.66225011097968,0.531532810420559,1.26905700827865,10.1435923919204
4.28531746031746,0.662196942332234,0.531585424278533,1.26845005676416,10.1440900027062
4.28541666666667,0.662143761649775,0.531637995598274,1.26784339566757,10.1445875253713
4.28551587301587,0.662090568950879,0.531690524397071,1.26723702485249,10.1450849599417
4.28561507936508,0.662037364254146,0.531743010692198,1.26663094418258,10.145582306443
4.28571428571429,0.661984147578198,0.53179545450091,1.26602515352154,10.1460795649012
4.28581349206349,0.661930918941678,0.531847855840441,1.26541965273313,10.1465767353419
4.2859126984127,0.661877678363253,0.531900214728011,1.26481444168116,10.147073817791
4.2860119047619,0.661824425861612,0.53195253118082,1.26420952022948,10.1475708122742
4.28611111111111,0.661771161455467,0.532004805216049,1.26360488824201,10.1480677188172
4.28621031746032,0.661717885163551,0.532057036850864,1.26300054558268,10.1485645374457
4.28630952380952,0.661664597004621,0.532109226102409,1.26239649211552,10.1490612681853
4.28640873015873,0.661611296997457,0.532161372987813,1.26179272770457,10.1495579110618
4.28650793650794,0.661557985160858,0.532213477524186,1.26118925221394,10.1500544661007
4.28660714285714,0.66150466151365,0.532265539728618,1.26058606550778,10.1505509333277
4.28670634920635,0.661451326074678,0.532317559618185,1.2599831674503,10.1510473127684
4.28680555555556,0.66139797886281,0.532369537209941,1.25938055790573,10.1515436044483
4.28690476190476,0.661344619896937,0.532421472520925,1.25877823673839,10.1520398083929
4.28700396825397,0.661291249195975,0.532473365568155,1.25817620381262,10.1525359246279
4.28710317460317,0.661237866778857,0.532525216368632,1.25757445899283,10.1530319531788
4.28720238095238,0.661184472664543,0.532577024939341,1.25697300214345,10.1535278940709
4.28730158730159,0.661131066872014,0.532628791297246,1.256371833129,10.1540237473299
4.28740079365079,0.661077649420272,0.532680515459295,1.25577095181402,10.1545195129811
4.2875,0.661024220328344,0.532732197442417,1.25517035806311,10.15501519105
4.28759920634921,0.660970779615278,0.532783837263522,1.2545700517409,10.1555107815619
4.28769841269841,0.660917327300143,0.532835434939504,1.2539700327121,10.1560062845423
4.28779761904762,0.660863863402034,0.532886990487238,1.25337030084146,10.1565017000166
4.28789682539683,0.660810387940066,0.532938503923579,1.25277085599376,10.15699702801
4.28799603174603,0.660756900933377,0.532989975265368,1.25217169803385,10.1574922685479
4.28809523809524,0.660703402401127,0.533041404529424,1.25157282682663,10.1579874216557
4.28819444444444,0.660649892362499,0.533092791732551,1.25097424223704,10.1584824873585
4.28829365079365,0.660596370836699,0.533144136891532,1.25037594413007,10.1589774656817
4.28839285714286,0.660542837842953,0.533195440023135,1.24977793237075,10.1594723566505
4.28849206349206,0.660489293400513,0.533246701144107,1.24918020682419,10.1599671602902
4.28859126984127,0.660435737528651,0.533297920271178,1.24858276735552,10.1604618766259
4.28869047619048,0.660382170246661,0.533349097421062,1.24798561382993,10.1609565056828
4.28878968253968,0.660328591573863,0.533400232610452,1.24738874611267,10.1614510474861
4.28888888888889,0.660275001529594,0.533451325856024,1.24679216406901,10.1619455020609
4.28898809523809,0.660221400133219,0.533502377174436,1.2461958675643,10.1624398694323
4.2890873015873,0.660167787404121,0.533553386582329,1.24559985646392,10.1629341496256
4.28918650793651,0.660114163361708,0.533604354096324,1.24500413063331,10.1634283426656
4.28928571428571,0.66006052802541,0.533655279733024,1.24440868993795,10.1639224485775
4.28938492063492,0.660006881414679,0.533706163509016,1.24381353424339,10.1644164673864
4.28948412698413,0.65995322354899,0.533757005440866,1.24321866341521,10.1649103991172
4.28958333333333,0.659899554447839,0.533807805545126,1.24262407731903,10.1654042437949
4.28968253968254,0.659845874130747,0.533858563838326,1.24202977582055,10.1658980014445
4.28978174603175,0.659792182617254,0.533909280336979,1.24143575878549,10.1663916720911
4.28988095238095,0.659738479926926,0.533959955057581,1.24084202607964,10.1668852557595
4.28998015873016,0.65968476607935,0.534010588016609,1.24024857756883,10.1673787524745
4.29007936507937,0.659631041094134,0.534061179230523,1.23965541311894,10.1678721622613
4.29017857142857,0.659577304990911,0.534111728715762,1.2390625325959,10.1683654851445
4.29027777777778,0.659523557789334,0.534162236488752,1.23846993586569,10.1688587211491
4.29037698412698,0.659469799509081,0.534212702565896,1.23787762279434,10.1693518702999
4.29047619047619,0.65941603016985,0.534263126963581,1.23728559324793,10.1698449326217
4.2905753968254,0.659362249791362,0.534313509698176,1.23669384709259,10.1703379081392
4.2906746031746,0.659308458393363,0.534363850786033,1.23610238419448,10.1708307968774
4.29077380952381,0.659254655995618,0.534414150243483,1.23551120441984,10.1713235988609
4.29087301587302,0.659200842617916,0.534464408086842,1.23492030763495,10.1718163141145
4.29097222222222,0.659147018280068,0.534514624332405,1.23432969370613,10.1723089426628
4.29107142857143,0.659093183001909,0.534564798996451,1.23373936249976,10.1728014845306
4.29117063492063,0.659039336803294,0.534614932095241,1.23314931388225,10.1732939397425
4.29126984126984,0.658985479704102,0.534665023645017,1.23255954772009,10.1737863083232
4.29136904761905,0.658931611724234,0.534715073662003,1.23197006387979,10.1742785902974
4.29146825396825,0.658877732883614,0.534765082162406,1.23138086222793,10.1747707856895
4.29156746031746,0.658823843202188,0.534815049162413,1.23079194263112,10.1752628945243
4.29166666666667,0.658769942699923,0.534864974678194,1.23020330495605,10.1757549168262
4.29176587301587,0.658716031396812,0.534914858725902,1.22961494906943,10.1762468526199
4.29186507936508,0.658662109312866,0.53496470132167,1.22902687483803,10.1767387019298
4.29196428571429,0.658608176468123,0.535014502481615,1.22843908212866,10.1772304647805
4.29206349206349,0.65855423288264,0.535064262221833,1.2278515708082,10.1777221411964
4.2921626984127,0.658500278576497,0.535113980558405,1.22726434074357,10.178213731202
4.29226190476191,0.658446313569798,0.535163657507392,1.22667739180173,10.1787052348218
4.29236111111111,0.658392337882669,0.535213293084838,1.2260907238497,10.1791966520802
4.29246031746032,0.658338351535257,0.535262887306767,1.22550433675454,10.1796879830015
4.29255952380952,0.658284354547733,0.535312440189188,1.22491823038337,10.1801792276103
4.29265873015873,0.65823034694029,0.53536195174809,1.22433240460336,10.1806703859307
4.29275793650794,0.658176328733143,0.535411421999444,1.22374685928172,10.1811614579873
4.29285714285714,0.658122299946529,0.535460850959203,1.2231615942857,10.1816524438042
4.29295634920635,0.658068260600709,0.535510238643302,1.22257660948264,10.1821433434058
4.29305555555556,0.658014210715966,0.535559585067659,1.22199190473988,10.1826341568165
4.29315476190476,0.657960150312605,0.535608890248171,1.22140747992484,10.1831248840603
4.29325396825397,0.657906079410953,0.535658154200721,1.22082333490498,10.1836155251617
4.29335317460317,0.65785199803136,0.53570737694117,1.22023946954781,10.1841060801447
4.29345238095238,0.657797906194199,0.535756558485364,1.21965588372089,10.1845965490336
4.29355158730159,0.657743803919864,0.535805698849129,1.21907257729183,10.1850869318527
4.29365079365079,0.657689691228773,0.535854798048274,1.21848955012829,10.1855772286259
4.29375,0.657635568141366,0.535903856098589,1.21790680209797,10.1860674393775
4.29384920634921,0.657581434678105,0.535952873015847,1.21732433306864,10.1865575641317
4.29394841269841,0.657527290859474,0.536001848815801,1.21674214290809,10.1870476029124
4.29404761904762,0.657473136705981,0.536050783514189,1.21616023148419,10.1875375557437
4.29414682539683,0.657418972238154,0.536099677126728,1.21557859866484,10.1880274226498
4.29424603174603,0.657364797476547,0.536148529669119,1.214997244318,10.1885172036547
4.29434523809524,0.657310612441733,0.536197341157044,1.21441616831166,10.1890068987823
4.29444444444444,0.65725641715431,0.536246111606166,1.21383537051389,10.1894965080567
4.29454365079365,0.657202211634896,0.536294841032132,1.21325485079279,10.1899860315018
4.29464285714286,0.657147995904134,0.536343529450569,1.2126746090165,10.1904754691416
4.29474206349206,0.657093769982688,0.536392176877088,1.21209464505323,10.190964821
4.29484126984127,0.657039533891244,0.536440783327279,1.21151495877124,10.191454087101
4.29494047619048,0.656985287650511,0.536489348816717,1.21093555003881,10.1919432674684
4.29503968253968,0.656931031281222,0.536537873360956,1.21035641872431,10.1924323621261
4.29513888888889,0.656876764804129,0.536586356975536,1.20977756469612,10.192921371098
4.2952380952381,0.65682248824001,0.536634799675974,1.20919898782271,10.1934102944078
4.2953373015873,0.656768201609663,0.536683201477773,1.20862068797256,10.1938991320794
4.29543650793651,0.65671390493391,0.536731562396415,1.20804266501423,10.1943878841366
4.29553571428571,0.656659598233594,0.536779882447365,1.2074649188163,10.1948765506031
4.29563492063492,0.656605281529582,0.536828161646072,1.20688744924744,10.1953651315028
4.29573412698413,0.656550954842762,0.536876400007963,1.20631025617632,10.1958536268592
4.29583333333333,0.656496618194045,0.53692459754845,1.2057333394717,10.1963420366962
4.29593253968254,0.656442271604365,0.536972754282926,1.20515669900237,10.1968303610374
4.29603174603175,0.656387915094678,0.537020870226765,1.20458033463718,10.1973185999065
4.29613095238095,0.656333548685963,0.537068945395325,1.20400424624502,10.1978067533271
4.29623015873016,0.65627917239922,0.537116979803944,1.20342843369483,10.1982948213229
4.29632936507937,0.656224786255472,0.537164973467942,1.20285289685559,10.1987828039174
4.29642857142857,0.656170390275766,0.537212926402622,1.20227763559636,10.1992707011343
4.29652777777778,0.65611598448117,0.537260838623268,1.20170264978623,10.1997585129971
4.29662698412698,0.656061568892773,0.537308710145148,1.20112793929432,10.2002462395293
4.29672619047619,0.65600714353169,0.537356540983509,1.20055350398984,10.2007338807545
4.2968253968254,0.655952708419056,0.537404331153582,1.19997934374202,10.2012214366962
4.2969246031746,0.655898263576029,0.537452080670577,1.19940545842015,10.2017089073778
4.29702380952381,0.655843809023789,0.537499789549691,1.19883184789356,10.2021962928228
4.29712301587302,0.655789344783539,0.537547457806099,1.19825851203165,10.2026835930547
4.29722222222222,0.655734870876505,0.537595085454958,1.19768545070385,10.2031708080969
4.29732142857143,0.655680387323934,0.537642672511409,1.19711266377963,10.2036579379728
4.29742063492063,0.655625894147097,0.537690218990573,1.19654015112855,10.2041449827057
4.29751984126984,0.655571391367286,0.537737724907554,1.19596791262019,10.2046319423191
4.29761904761905,0.655516879005816,0.537785190277438,1.19539594812417,10.2051188168362
4.29771825396825,0.655462357084026,0.537832615115292,1.19482425751018,10.2056056062803
4.29781746031746,0.655407825623274,0.537879999436166,1.19425284064795,10.2060923106749
4.29791666666667,0.655353284644943,0.537927343255091,1.19368169740727,10.206578930043
4.29801587301587,0.655298734170439,0.537974646587081,1.19311082765796,10.2070654644081
4.29811507936508,0.655244174221188,0.538021909447131,1.1925402312699,10.2075519137934
4.29821428571429,0.655189604818641,0.538069131850218,1.19196990811304,10.2080382782219
4.29831349206349,0.65513502598427,0.538116313811301,1.19139985805734,10.2085245577171
4.2984126984127,0.655080437739568,0.538163455345322,1.19083008097283,10.2090107523019
4.2985119047619,0.655025840106054,0.538210556467203,1.1902605767296,10.2094968619996
4.29861111111111,0.654971233105267,0.538257617191849,1.18969134519776,10.2099828868334
4.29871031746032,0.654916616758769,0.538304637534147,1.1891223862475,10.2104688268262
4.29880952380952,0.654861991088144,0.538351617508967,1.18855369974903,10.2109546820013
4.29890873015873,0.654807356115,0.538398557131158,1.18798528557265,10.2114404523817
4.29900793650794,0.654752711860965,0.538445456415553,1.18741714358867,10.2119261379904
4.29910714285714,0.654698058347692,0.538492315376967,1.18684927366747,10.2124117388504
4.29920634920635,0.654643395596855,0.538539134030197,1.18628167567947,10.2128972549849
4.29930555555556,0.65458872363015,0.53858591239002,1.18571434949514,10.2133826864167
4.29940476190476,0.654534042469296,0.538632650471197,1.18514729498501,10.2138680331688
4.29950396825397,0.654479352136035,0.53867934828847,1.18458051201964,10.2143532952643
4.29960317460317,0.654424652652131,0.538726005856565,1.18401400046966,10.2148384727259
4.29970238095238,0.654369944039371,0.538772623190185,1.18344776020574,10.2153235655767
4.29980158730159,0.654315226319563,0.538819200304021,1.18288179109861,10.2158085738395
4.29990079365079,0.654260499514539,0.538865737212741,1.18231609301902,10.2162934975371
4.3,0.654205763646153,0.538912233930998,1.18175066583779,10.2167783366925
4.30009920634921,0.65415101873628,0.538958690473425,1.18118550942581,10.2172630913285
4.30019841269841,0.65409626480682,0.539005106854638,1.18062062365397,10.2177477614678
4.30029761904762,0.654041501879693,0.539051483089236,1.18005600839325,10.2182323471332
4.30039682539683,0.653986729976843,0.539097819191797,1.17949166351467,10.2187168483475
4.30049603174603,0.653931949120237,0.539144115176882,1.1789275888893,10.2192012651335
4.30059523809524,0.653877159331862,0.539190371059037,1.17836378438823,10.2196855975139
4.30069444444444,0.65382236063373,0.539236586852785,1.17780024988265,10.2201698455113
4.30079365079365,0.653767553047874,0.539282762572634,1.17723698524377,10.2206540091485
4.30089285714286,0.653712736596349,0.539328898233074,1.17667399034284,10.2211380884481
4.30099206349206,0.653657911301234,0.539374993848576,1.17611126505118,10.2216220834327
4.30109126984127,0.65360307718463,0.539421049433592,1.17554880924015,10.2221059941251
4.30119047619048,0.65354823426866,0.539467065002559,1.17498662278116,10.2225898205477
4.30128968253968,0.653493382575469,0.539513040569892,1.17442470554568,10.2230735627232
4.30138888888889,0.653438522127225,0.53955897614999,1.17386305740521,10.223557220674
4.30148809523809,0.653383652946119,0.539604871757235,1.17330167823132,10.2240407944229
4.3015873015873,0.653328775054364,0.539650727405989,1.1727405678956,10.2245242839922
4.30168650793651,0.653273888474195,0.539696543110597,1.17217972626973,10.2250076894045
4.30178571428571,0.653218993227869,0.539742318885386,1.1716191532254,10.2254910106823
4.30188492063492,0.653164089337668,0.539788054744664,1.17105884863438,10.225974247848
4.30198412698413,0.653109176825893,0.539833750702721,1.17049881236847,10.226457400924
4.30208333333333,0.653054255714871,0.53987940677383,1.16993904429952,10.2269404699327
4.30218253968254,0.652999326026948,0.539925022972244,1.16937954429944,10.2274234548967
4.30228174603175,0.652944387784494,0.539970599312202,1.1688203122402,10.2279063558381
4.30238095238095,0.652889441009903,0.540016135807919,1.16826134799377,10.2283891727795
4.30248015873016,0.652834485725588,0.540061632473598,1.16770265143224,10.228871905743
4.30257936507937,0.652779521953987,0.540107089323419,1.16714422242768,10.2293545547511
4.30267857142857,0.652724549717561,0.540152506371546,1.16658606085226,10.229837119826
4.30277777777778,0.652669569038791,0.540197883632126,1.16602816657818,10.2303196009901
4.30287698412698,0.652614579940182,0.540243221119286,1.16547053947769,10.2308019982654
4.30297619047619,0.652559582444262,0.540288518847136,1.16491317942309,10.2312843116744
4.3030753968254,0.652504576573579,0.540333776829768,1.16435608628673,10.2317665412391
4.3031746031746,0.652449562350705,0.540378995081254,1.163799259941,10.2322486869818
4.30327380952381,0.652394539798236,0.540424173615652,1.16324270025836,10.2327307489247
4.30337301587302,0.652339508938788,0.540469312446997,1.1626864071113,10.2332127270899
4.30347222222222,0.652284469795001,0.54051441158931,1.16213038037237,10.2336946214995
4.30357142857143,0.652229422389536,0.540559471056592,1.16157461991416,10.2341764321756
4.30367063492063,0.652174366745077,0.540604490862825,1.16101912560933,10.2346581591404
4.30376984126984,0.652119302884332,0.540649471021976,1.16046389733057,10.2351398024159
4.30386904761905,0.652064230830029,0.54069441154799,1.15990893495061,10.2356213620241
4.30396825396825,0.65200915060492,0.540739312454798,1.15935423834226,10.2361028379871
4.30406746031746,0.651954062231779,0.54078417375631,1.15879980737836,10.2365842303268
4.30416666666667,0.651898965733403,0.540828995466419,1.15824564193179,10.2370655390653
4.30426587301587,0.65184386113261,0.540873777598999,1.15769174187551,10.2375467642246
4.30436507936508,0.651788748452242,0.540918520167908,1.15713810708251,10.2380279058264
4.30446428571429,0.651733627715162,0.540963223186983,1.15658473742582,10.2385089638929
4.30456349206349,0.651678498944258,0.541007886670047,1.15603163277853,10.2389899384459
4.3046626984127,0.651623362162437,0.5410525106309,1.15547879301379,10.2394708295073
4.30476190476191,0.65156821739263,0.541097095083328,1.15492621800477,10.2399516370989
4.30486111111111,0.651513064657792,0.541141640041096,1.15437390762474,10.2404323612426
4.30496031746032,0.651457903980898,0.541186145517954,1.15382186174696,10.2409130019602
4.30505952380952,0.651402735384948,0.54123061152763,1.15327008024477,10.2413935592735
4.30515873015873,0.65134755889296,0.541275038083838,1.15271856299157,10.2418740332042
4.30525793650794,0.65129237452798,0.541319425200272,1.15216730986078,10.2423544237743
4.30535714285714,0.651237182313073,0.541363772890606,1.1516163207259,10.2428347310053
4.30545634920635,0.651181982271328,0.5414080811685,1.15106559546046,10.243314954919
4.30555555555556,0.651126774425853,0.541452350047594,1.15051513393803,10.2437950955371
4.30565476190476,0.651071558799784,0.541496579541508,1.14996493603226,10.2442751528813
4.30575396825397,0.651016335416276,0.541540769663846,1.14941500161683,10.2447551269732
4.30585317460317,0.650961104298506,0.541584920428195,1.14886533056547,10.2452350178345
4.30595238095238,0.650905865469676,0.541629031848121,1.14831592275195,10.2457148254868
4.30605158730159,0.650850618953008,0.541673103937174,1.14776677805012,10.2461945499517
4.30615079365079,0.650795364771747,0.541717136708886,1.14721789633385,10.2466741912508
4.30625,0.650740102949161,0.54176113017677,1.14666927747707,10.2471537494055
4.30634920634921,0.650684833508541,0.541805084354321,1.14612092135376,10.2476332244375
4.30644841269841,0.650629556473199,0.541848999255016,1.14557282783795,10.2481126163683
4.30654761904762,0.650574271866471,0.541892874892315,1.14502499680371,10.2485919252194
4.30664682539683,0.650518979711713,0.541936711279657,1.14447742812518,10.2490711510121
4.30674603174603,0.650463680032307,0.541980508430467,1.14393012167652,10.2495502937681
4.30684523809524,0.650408372851655,0.542024266358149,1.14338307733197,10.2500293535087
4.30694444444444,0.65035305819318,0.542067985076091,1.1428362949658,10.2505083302553
4.30704365079365,0.650297736080332,0.54211166459766,1.14228977445234,10.2509872240293
4.30714285714286,0.650242406536579,0.542155304936207,1.14174351566595,10.2514660348521
4.30724206349206,0.650187069585415,0.542198906105066,1.14119751848106,10.251944762745
4.30734126984127,0.650131725250352,0.54224246811755,1.14065178277215,10.2524234077295
4.30744047619048,0.65007637355493,0.542285990986956,1.14010630841374,10.2529019698267
4.30753968253968,0.650021014522708,0.542329474726562,1.13956109528039,10.2533804490579
4.30763888888889,0.649965648177266,0.542372919349628,1.13901614324673,10.2538588454445
4.3077380952381,0.649910274542211,0.542416324869398,1.13847145218743,10.2543371590077
4.3078373015873,0.649854893641168,0.542459691299095,1.13792702197721,10.2548153897687
4.30793650793651,0.649799505497788,0.542503018651924,1.13738285249083,10.2552935377487
4.30803571428571,0.649744110135743,0.542546306941075,1.13683894360312,10.2557716029689
4.30813492063492,0.649688707578725,0.542589556179717,1.13629529518895,10.2562495854504
4.30823412698413,0.649633297850453,0.542632766381001,1.13575190712322,10.2567274852145
4.30833333333333,0.649577880974665,0.542675937558063,1.13520877928092,10.2572053022822
4.30843253968254,0.649522456975122,0.542719069724016,1.13466591153704,10.2576830366747
4.30853174603175,0.64946702587561,0.54276216289196,1.13412330376666,10.258160688413
4.30863095238095,0.649411587699934,0.542805217074973,1.1335809558449,10.2586382575181
4.30873015873016,0.649356142471923,0.542848232286117,1.13303886764691,10.2591157440112
4.30882936507937,0.64930069021543,0.542891208538436,1.13249703904791,10.2595931479133
4.30892857142857,0.649245230954327,0.542934145844954,1.13195546992316,10.2600704692453
4.30902777777778,0.64918976471251,0.54297704421868,1.13141416014798,10.2605477080282
4.30912698412698,0.6491342915139,0.543019903672602,1.13087310959772,10.261024864283
4.30922619047619,0.649078811382436,0.543062724219692,1.1303323181478,10.2615019380307
4.3093253968254,0.649023324342082,0.543105505872902,1.12979178567368,10.2619789292921
4.3094246031746,0.648967830416825,0.543148248645167,1.12925151205086,10.2624558380882
4.30952380952381,0.648912329630673,0.543190952549405,1.12871149715492,10.2629326644398
4.30962301587302,0.648856822007657,0.543233617598514,1.12817174086144,10.2634094083678
4.30972222222222,0.64880130757183,0.543276243805375,1.1276322430461,10.263886069893
4.30982142857143,0.648745786347268,0.54331883118285,1.12709300358459,10.2643626490362
4.30992063492063,0.64869025835807,0.543361379743785,1.12655402235268,10.2648391458183
4.31001984126984,0.648634723628355,0.543403889501007,1.12601529922617,10.26531556026
4.31011904761905,0.648579182182268,0.543446360467322,1.12547683408092,10.2657918923821
4.31021825396825,0.648523634043974,0.543488792655522,1.12493862679283,10.2662681422053
4.31031746031746,0.648468079237661,0.543531186078379,1.12440067723785,10.2667443097503
4.31041666666667,0.648412517787539,0.543573540748647,1.123862985292,10.2672203950379
4.31051587301587,0.648356949717842,0.543615856679063,1.12332555083131,10.2676963980886
4.31061507936508,0.648301375052825,0.543658133882345,1.1227883737319,10.2681723189232
4.31071428571429,0.648245793816765,0.543700372371192,1.12225145386991,10.2686481575622
4.31081349206349,0.648190206033963,0.543742572158287,1.12171479112155,10.2691239140263
4.3109126984127,0.648134611728742,0.543784733256294,1.12117838536307,10.2695995883361
4.31101190476191,0.648079010925446,0.543826855677857,1.12064223647076,10.2700751805122
4.31111111111111,0.648023403648444,0.543868939435606,1.12010634432098,10.270550690575
4.31121031746032,0.647967789922126,0.54391098454215,1.11957070879012,10.2710261185452
4.31130952380952,0.647912169770904,0.54395299101008,1.11903532975463,10.2715014644432
4.31140873015873,0.647856543219213,0.543994958851969,1.11850020709101,10.2719767282896
4.31150793650794,0.64780091029151,0.544036888080375,1.1179653406758,10.2724519101047
4.31160714285714,0.647745271012275,0.544078778707833,1.1174307303856,10.2729270099091
4.31170634920635,0.647689625406011,0.544120630746863,1.11689637609706,10.2734020277232
4.31180555555556,0.647633973497242,0.544162444209966,1.11636227768688,10.2738769635673
4.31190476190476,0.647578315310516,0.544204219109625,1.11582843503178,10.274351817462
4.31200396825397,0.647522650870401,0.544245955458307,1.11529484800858,10.2748265894274
4.31210317460317,0.647466980201491,0.544287653268456,1.1147615164941,10.275301279484
4.31220238095238,0.647411303328399,0.544329312552504,1.11422844036525,10.2757758876522
4.31230158730159,0.647355620275764,0.544370933322859,1.11369561949896,10.2762504139521
4.31240079365079,0.647299931068243,0.544412515591916,1.11316305377223,10.2767248584041
4.3125,0.647244235730519,0.544454059372049,1.1126307430621,10.2771992210285
4.31259920634921,0.647188534287296,0.544495564675614,1.11209868724565,10.2776735018455
4.31269841269841,0.647132826763301,0.54453703151495,1.11156688620003,10.2781477008753
4.31279761904762,0.647077113183283,0.544578459902378,1.11103533980242,10.2786218181381
4.31289682539682,0.647021393572014,0.5446198498502,1.11050404793006,10.2790958536542
4.31299603174603,0.646965667954287,0.544661201370701,1.10997301046024,10.2795698074436
4.31309523809524,0.64690993635492,0.544702514476146,1.10944222727029,10.2800436795265
4.31319444444444,0.646854198798751,0.544743789178784,1.10891169823761,10.280517469923
4.31329365079365,0.646798455310642,0.544785025490845,1.10838142323962,10.2809911786533
4.31339285714286,0.646742705915477,0.544826223424542,1.10785140215382,10.2814648057373
4.31349206349206,0.646686950638161,0.544867382992067,1.10732163485773,10.2819383511953
4.31359126984127,0.646631189503624,0.544908504205598,1.10679212122893,10.2824118150471
4.31369047619048,0.646575422536816,0.544949587077291,1.10626286114507,10.2828851973128
4.31378968253968,0.646519649762712,0.544990631619288,1.10573385448382,10.2833584980125
4.31388888888889,0.646463871206307,0.545031637843708,1.10520510112292,10.2838317171661
4.31398809523809,0.64640808689262,0.545072605762657,1.10467660094015,10.2843048547935
4.3140873015873,0.646352296846693,0.545113535388219,1.10414835381333,10.2847779109147
4.31418650793651,0.646296501093587,0.545154426732463,1.10362035962035,10.2852508855496
4.31428571428571,0.64624069965839,0.545195279807436,1.10309261823913,10.2857237787181
4.31438492063492,0.64618489256621,0.545236094625172,1.10256512954766,10.2861965904401
4.31448412698413,0.646129079842176,0.545276871197683,1.10203789342396,10.2866693207353
4.31458333333333,0.646073261511443,0.545317609536964,1.10151090974611,10.2871419696238
4.31468253968254,0.646017437599186,0.545358309654993,1.10098417839224,10.2876145371252
4.31478174603175,0.645961608130604,0.545398971563728,1.10045769924052,10.2880870232594
4.31488095238095,0.645905773130916,0.545439595275111,1.09993147216917,10.2885594280461
4.31498015873016,0.645849932625366,0.545480180801064,1.09940549705648,10.2890317515051
4.31507936507936,0.645794086639219,0.545520728153492,1.09887977378077,10.2895039936561
4.31517857142857,0.645738235197762,0.545561237344282,1.0983543022204,10.2899761545188
4.31527777777778,0.645682378326307,0.545601708385303,1.09782908225381,10.290448234113
4.31537698412698,0.645626516050186,0.545642141288405,1.09730411375946,10.2909202324582
4.31547619047619,0.645570648394754,0.545682536065421,1.09677939661588,10.2913921495742
4.3155753968254,0.64551477538539,0.545722892728165,1.09625493070164,10.2918639854805
4.3156746031746,0.645458897047492,0.545763211288434,1.09573071589535,10.2923357401968
4.31577380952381,0.645403013406483,0.545803491758005,1.0952067520757,10.2928074137426
4.31587301587302,0.645347124487809,0.545843734148641,1.09468303912139,10.2932790061376
4.31597222222222,0.645291230316937,0.545883938472081,1.0941595769112,10.2937505174012
4.31607142857143,0.645235330919356,0.545924104740051,1.09363636532394,10.294221947553
4.31617063492063,0.64517942632058,0.545964232964257,1.09311340423848,10.2946932966126
4.31626984126984,0.645123516546142,0.546004323156386,1.09259069353374,10.2951645645993
4.31636904761905,0.6450676016216,0.546044375328108,1.09206823308869,10.2956357515327
4.31646825396825,0.645011681572534,0.546084389491076,1.09154602278233,10.2961068574321
4.31656746031746,0.644955756424546,0.546124365656923,1.09102406249374,10.2965778823171
4.31666666666667,0.64489982620326,0.546164303837264,1.09050235210203,10.297048826207
4.31676587301587,0.644843890934323,0.546204204043698,1.08998089148636,10.2975196891211
4.31686507936508,0.644787950643405,0.546244066287803,1.08945968052594,10.297990471079
4.31696428571429,0.644732005356197,0.546283890581141,1.08893871910004,10.2984611720998
4.31706349206349,0.644676055098414,0.546323676935256,1.08841800708798,10.298931792203
4.3171626984127,0.644620099895793,0.546363425361673,1.0878975443691,10.2994023314078
4.3172619047619,0.644564139774093,0.546403135871899,1.08737733082282,10.2998727897335
4.31736111111111,0.644508174759095,0.546442808477423,1.0868573663286,10.3003431671994
4.31746031746032,0.644452204876603,0.546482443189717,1.08633765076595,10.3008134638246
4.31755952380952,0.644396230152445,0.546522040020233,1.08581818401443,10.3012836796285
4.31765873015873,0.644340250612469,0.546561598980406,1.08529896595365,10.3017538146302
4.31775793650794,0.644284266282546,0.546601120081653,1.08477999646326,10.3022238688489
4.31785714285714,0.644228277188571,0.546640603335373,1.08426127542297,10.3026938423037
4.31795634920635,0.644172283356459,0.546680048752947,1.08374280271254,10.3031637350139
4.31805555555556,0.64411628481215,0.546719456345737,1.08322457821177,10.3036335469984
4.31815476190476,0.644060281581604,0.546758826125089,1.08270660180052,10.3041032782764
4.31825396825397,0.644004273690806,0.546798158102327,1.08218887335869,10.304572928867
4.31835317460317,0.643948261165761,0.546837452288761,1.08167139276623,10.3050424987893
4.31845238095238,0.643892244032498,0.546876708695682,1.08115415990315,10.3055119880622
4.31855158730159,0.643836222317068,0.54691592733436,1.08063717464951,10.3059813967047
4.31865079365079,0.643780196045545,0.546955108216052,1.08012043688539,10.306450724736
4.31875,0.643724165244023,0.546994251351992,1.07960394649096,10.3069199721749
4.31884920634921,0.643668129938623,0.547033356753399,1.07908770334641,10.3073891390403
4.31894841269841,0.643612090155483,0.547072424431474,1.07857170733199,10.3078582253513
4.31904761904762,0.643556045920768,0.547111454397396,1.07805595832801,10.3083272311267
4.31914682539683,0.643499997260663,0.547150446662332,1.07754045621481,10.3087961563855
4.31924603174603,0.643443944201377,0.547189401237425,1.07702520087279,10.3092650011464
4.31934523809524,0.64338788676914,0.547228318133805,1.0765101921824,10.3097337654284
4.31944444444444,0.643331824990204,0.547267197362581,1.07599543002413,10.3102024492502
4.31954365079365,0.643275758890846,0.547306038934843,1.07548091427854,10.3106710526308
4.31964285714286,0.643219688497362,0.547344842861667,1.0749666448262,10.3111395755888
4.31974206349206,0.643163613836075,0.547383609154107,1.07445262154778,10.311608018143
4.31984126984127,0.643107534933326,0.5474223378232,1.07393884432396,10.3120763803122
4.31994047619048,0.64305145181548,0.547461028879966,1.07342531303549,10.3125446621151
4.32003968253968,0.642995364508925,0.547499682335406,1.07291202756317,10.3130128635705
4.32013888888889,0.642939273040072,0.547538298200502,1.07239898778782,10.3134809846969
4.32023809523809,0.642883177435352,0.547576876486221,1.07188619359036,10.3139490255131
4.3203373015873,0.642827077721221,0.547615417203509,1.07137364485171,10.3144169860377
4.32043650793651,0.642770973924156,0.547653920363296,1.07086134145286,10.3148848662893
4.32053571428571,0.642714866070658,0.547692385976491,1.07034928327487,10.3153526662866
4.32063492063492,0.642658754187247,0.547730814053987,1.06983747019881,10.3158203860481
4.32073412698413,0.642602638300471,0.547769204606659,1.06932590210583,10.3162880255923
4.32083333333333,0.642546518436894,0.547807557645365,1.06881457887712,10.3167555849379
4.32093253968254,0.642490394623108,0.547845873180942,1.0683035003939,10.3172230641034
4.32103174603175,0.642434266885724,0.54788415122421,1.06779266653747,10.3176904631071
4.32113095238095,0.642378135251377,0.547922391785973,1.06728207718917,10.3181577819677
4.32123015873016,0.642321999746723,0.547960594877015,1.06677173223038,10.3186250207036
4.32132936507937,0.642265860398443,0.547998760508101,1.06626163154253,10.3190921793332
4.32142857142857,0.642209717233238,0.54803688868998,1.06575177500711,10.319559257875
4.32152777777778,0.642153570277832,0.548074979433382,1.06524216250566,10.3200262563472
4.32162698412698,0.642097419558973,0.548113032749019,1.06473279391975,10.3204931747684
4.32172619047619,0.642041265103429,0.548151048647585,1.06422366913102,10.3209600131569
4.3218253968254,0.641985106937992,0.548189027139756,1.06371478802115,10.321426771531
4.3219246031746,0.641928945089476,0.54822696823619,1.06320615047187,10.321893449909
4.32202380952381,0.641872779584719,0.548264871947527,1.06269775636496,10.3223600483093
4.32212301587302,0.641816610450578,0.548302738284387,1.06218960558226,10.32282656675
4.32222222222222,0.641760437713935,0.548340567257375,1.06168169800564,10.3232930052495
4.32232142857143,0.641704261401694,0.548378358877076,1.06117403351703,10.323759363826
4.32242063492063,0.641648081540782,0.548416113154058,1.06066661199841,10.3242256424977
4.32251984126984,0.641591898158148,0.54845383009887,1.0601594333318,10.3246918412828
4.32261904761905,0.641535711280761,0.548491509722043,1.05965249739929,10.3251579601994
4.32271825396825,0.641479520935617,0.54852915203409,1.059145804083,10.3256239992658
4.32281746031746,0.641423327149731,0.548566757045508,1.0586393532651,10.3260899585
4.32291666666667,0.641367129950142,0.548604324766772,1.05813314482782,10.3265558379202
4.32301587301587,0.641310929363911,0.548641855208342,1.05762717865344,10.3270216375445
4.32311507936508,0.641254725418121,0.548679348380658,1.05712145462428,10.3274873573908
4.32321428571429,0.641198518139878,0.548716804294144,1.05661597262271,10.3279529974774
4.32331349206349,0.641142307556312,0.548754222959204,1.05611073253115,10.3284185578221
4.3234126984127,0.64108609369457,0.548791604386226,1.05560573423208,10.3288840384431
4.32351190476191,0.641029876581829,0.548828948585577,1.05510097760801,10.3293494393583
4.32361111111111,0.640973656245284,0.548866255567608,1.05459646254153,10.3298147605856
4.32371031746032,0.640917432712151,0.548903525342652,1.05409218891524,10.3302800021431
4.32380952380952,0.640861206009673,0.548940757921023,1.05358815661182,10.3307451640486
4.32390873015873,0.640804976165111,0.548977953313018,1.05308436551398,10.33121024632
4.32400793650794,0.640748743205752,0.549015111528914,1.0525808155045,10.3316752489753
4.32410714285714,0.640692507158903,0.549052232578973,1.05207750646619,10.3321401720323
4.32420634920635,0.640636268051895,0.549089316473436,1.05157443828193,10.3326050155088
4.32430555555556,0.64058002591208,0.549126363222526,1.05107161083461,10.3330697794227
4.32440476190476,0.640523780766834,0.549163372836451,1.05056902400722,10.3335344637918
4.32450396825397,0.640467532643554,0.549200345325398,1.05006667768277,10.3339990686338
4.32460317460317,0.640411281569661,0.549237280699537,1.04956457174431,10.3344635939666
4.32470238095238,0.640355027572597,0.549274178969019,1.04906270607497,10.3349280398078
4.32480158730159,0.640298770679827,0.549311040143979,1.04856108055791,10.3353924061752
4.32490079365079,0.640242510918838,0.549347864234532,1.04805969507633,10.3358566930865
4.325,0.640186248317141,0.549384651250776,1.04755854951351,10.3363209005594
4.32509920634921,0.640129982902268,0.549421401202789,1.04705764375276,10.3367850286114
4.32519841269841,0.640073714701774,0.549458114100634,1.04655697767743,10.3372490772604
4.32529761904762,0.640017443743235,0.549494789954353,1.04605655117093,10.3377130465238
4.32539682539683,0.639961170054252,0.549531428773973,1.04555636411673,10.3381769364194
4.32549603174603,0.639904893662446,0.549568030569499,1.04505641639833,10.3386407469646
4.32559523809524,0.639848614595463,0.549604595350922,1.04455670789928,10.339104478177
4.32569444444444,0.639792332880969,0.549641123128213,1.04405723850321,10.3395681300742
4.32579365079365,0.639736048546654,0.549677613911323,1.04355800809377,10.3400317026736
4.32589285714286,0.639679761620229,0.549714067710189,1.04305901655466,10.3404951959928
4.32599206349206,0.639623472129429,0.549750484534726,1.04256026376963,10.3409586100493
4.32609126984127,0.639567180102011,0.549786864394835,1.0420617496225,10.3414219448605
4.32619047619048,0.639510885565755,0.549823207300395,1.04156347399712,10.3418852004438
4.32628968253968,0.639454588548461,0.549859513261268,1.04106543677738,10.3423483768167
4.32638888888889,0.639398289077953,0.549895782287301,1.04056763784725,10.3428114739965
4.3264880952381,0.639341987182079,0.549932014388318,1.04007007709073,10.3432744920007
4.3265873015873,0.639285682888708,0.549968209574129,1.03957275439187,10.3437374308465
4.32668650793651,0.639229376225731,0.550004367854523,1.03907566963477,10.3442002905513
4.32678571428571,0.639173067221061,0.550040489239274,1.03857882270358,10.3446630711324
4.32688492063492,0.639116755902636,0.550076573738134,1.0380822134825,10.3451257726072
4.32698412698413,0.639060442298414,0.550112621360841,1.03758584185579,10.3455883949928
4.32708333333333,0.639004126436375,0.550148632117112,1.03708970770773,10.3460509383066
4.32718253968254,0.638947808344525,0.550184606016647,1.03659381092268,10.3465134025657
4.32728174603175,0.638891488050889,0.550220543069127,1.03609815138504,10.3469757877874
4.32738095238095,0.638835165583516,0.550256443284218,1.03560272897925,10.3474380939889
4.32748015873016,0.638778840970476,0.550292306671564,1.03510754358981,10.3479003211872
4.32757936507937,0.638722514239864,0.550328133240793,1.03461259510127,10.3483624693997
4.32767857142857,0.638666185419794,0.550363923001515,1.03411788339821,10.3488245386434
4.32777777777778,0.638609854538407,0.550399675963322,1.0336234083653,10.3492865289353
4.32787698412698,0.638553521623861,0.550435392135786,1.03312916988721,10.3497484402927
4.32797619047619,0.638497186704341,0.550471071528463,1.03263516784869,10.3502102727326
4.3280753968254,0.638440849808052,0.550506714150891,1.03214140213454,10.3506720262719
4.3281746031746,0.638384510963223,0.550542320012588,1.0316478726296,10.3511337009278
4.32827380952381,0.638328170198103,0.550577889123055,1.03115457921875,10.3515952967172
4.32837301587302,0.638271827540967,0.550613421491777,1.03066152178695,10.3520568136571
4.32847222222222,0.638215483020109,0.550648917128217,1.03016870021917,10.3525182517645
4.32857142857143,0.638159136663847,0.550684376041823,1.02967611440046,10.3529796110564
4.32867063492063,0.638102788500522,0.550719798242024,1.02918376421591,10.3534408915496
4.32876984126984,0.638046438558497,0.550755183738229,1.02869164955066,10.3539020932611
4.32886904761905,0.637990086866156,0.550790532539833,1.02819977028989,10.3543632162076
4.32896825396825,0.637933733451908,0.55082584465621,1.02770812631885,10.3548242604062
4.32906746031746,0.637877378344183,0.550861120096715,1.02721671752281,10.3552852258736
4.32916666666667,0.637821021571433,0.550896358870689,1.02672554378711,10.3557461126267
4.32926587301587,0.637764663162133,0.55093156098745,1.02623460499715,10.3562069206823
4.32936507936508,0.637708303144781,0.550966726456302,1.02574390103834,10.356667650057
4.32946428571429,0.637651941547897,0.551001855286529,1.02525343179619,10.3571283007678
4.32956349206349,0.637595578400023,0.551036947487397,1.02476319715622,10.3575888728313
4.3296626984127,0.637539213729724,0.551072003068153,1.02427319700401,10.3580493662642
4.3297619047619,0.637482847565587,0.551107022038029,1.02378343122519,10.3585097810833
4.32986111111111,0.637426479936222,0.551142004406236,1.02329389970546,10.3589701173052
4.32996031746032,0.637370110870261,0.551176950181968,1.02280460233053,10.3594303749466
4.33005952380952,0.637313740396358,0.551211859374401,1.02231553898619,10.3598905540241
4.33015873015873,0.637257368543191,0.551246731992692,1.02182670955826,10.3603506545543
4.33025793650794,0.637200995339459,0.551281568045981,1.02133811393264,10.3608106765538
4.33035714285714,0.637144620813885,0.551316367543391,1.02084975199524,10.3612706200393
4.33045634920635,0.637088244995212,0.551351130494024,1.02036162363205,10.3617304850272
4.33055555555556,0.637031867912207,0.551385856906965,1.01987372872908,10.3621902715341
4.33065476190476,0.63697548959366,0.551420546791283,1.01938606717242,10.3626499795764
4.33075396825397,0.636919110068382,0.551455200156026,1.0188986388482,10.3631096091708
4.33085317460317,0.636862729365207,0.551489817010227,1.01841144364258,10.3635691603336
4.33095238095238,0.636806347512992,0.551524397362897,1.01792448144179,10.3640286330813
4.33105158730159,0.636749964540616,0.551558941223033,1.01743775213212,10.3644880274304
4.33115079365079,0.636693580476981,0.55159344859961,1.01695125559987,10.3649473433972
4.33125,0.636637195351011,0.551627919501589,1.01646499173143,10.3654065809982
4.33134920634921,0.636580809191651,0.55166235393791,1.01597896041321,10.3658657402497
4.33144841269841,0.636524422027871,0.551696751917495,1.01549316153169,10.366324821168
4.33154761904762,0.636468033888662,0.55173111344925,1.01500759497338,10.3667838237695
4.33164682539683,0.636411644803038,0.551765438542061,1.01452226062486,10.3672427480706
4.33174603174603,0.636355254800034,0.551799727204797,1.01403715837275,10.3677015940873
4.33184523809524,0.63629886390871,0.551833979446309,1.01355228810372,10.3681603618362
4.33194444444444,0.636242472158146,0.551868195275428,1.01306764970449,10.3686190513333
4.33204365079365,0.636186079577447,0.551902374700969,1.01258324306181,10.369077662595
4.33214285714286,0.636129686195737,0.551936517731729,1.01209906806252,10.3695361956374
4.33224206349206,0.636073292042166,0.551970624376485,1.01161512459348,10.3699946504766
4.33234126984127,0.636016897145903,0.552004694643998,1.01113141254159,10.370453027129
4.33244047619048,0.635960501536143,0.55203872854301,1.01064793179384,10.3709113256106
4.33253968253968,0.635904105242102,0.552072726082245,1.01016468223722,10.3713695459375
4.33263888888889,0.635847708293016,0.552106687270409,1.00968166375882,10.3718276881259
4.33273809523809,0.635791310718148,0.552140612116189,1.00919887624574,10.3722857521917
4.3328373015873,0.635734912546779,0.552174500628256,1.00871631958513,10.3727437381512
4.33293650793651,0.635678513808216,0.552208352815262,1.00823399366423,10.3732016460203
4.33303571428571,0.635622114531786,0.552242168685839,1.00775189837028,10.3736594758151
4.33313492063492,0.63556571474684,0.552275948248603,1.0072700335906,10.3741172275514
4.33323412698413,0.63550931448275,0.552309691512153,1.00678839921255,10.3745749012455
4.33333333333333,0.635452913768913,0.552343398485067,1.00630699512353,10.3750324969131
4.33343253968254,0.635396512634745,0.552377069175906,1.00582582121102,10.3754900145702
4.33353174603175,0.635340111109687,0.552410703593215,1.00534487736251,10.3759474542328
4.33363095238095,0.635283709223201,0.552444301745518,1.00486416346556,10.3764048159167
4.33373015873016,0.635227307004773,0.552477863641322,1.00438367940778,10.3768620996378
4.33382936507937,0.635170904483909,0.552511389289116,1.00390342507683,10.377319305412
4.33392857142857,0.635114501690141,0.552544878697372,1.00342340036042,10.3777764332551
4.33402777777778,0.63505809865302,0.552578331874543,1.00294360514629,10.378233483183
4.33412698412698,0.635001695402121,0.552611748829062,1.00246403932226,10.3786904552113
4.33422619047619,0.634945291967042,0.552645129569347,1.00198470277618,10.379147349356
4.3343253968254,0.634888888377401,0.552678474103797,1.00150559539594,10.3796041656327
4.3344246031746,0.634832484662842,0.552711782440793,1.00102671706952,10.3800609040572
4.33452380952381,0.634776080853029,0.552745054588696,1.00054806768489,10.3805175646452
4.33462301587302,0.634719676977649,0.552778290555851,1.00006964713013,10.3809741474124
4.33472222222222,0.634663273066411,0.552811490350585,0.999591455293323,10.3814306523744
4.33482142857143,0.634606869149048,0.552844653981206,0.999113492062629,10.3818870795469
4.33492063492063,0.634550465255314,0.552877781456005,0.998635757326244,10.3823434289456
4.33501984126984,0.634494061414985,0.552910872783252,0.998158250972418,10.3827997005861
4.33511904761905,0.634437657657861,0.552943927971204,0.997680972889448,10.3832558944839
4.33521825396825,0.634381254013764,0.552976947028095,0.997203922965684,10.3837120106546
4.33531746031746,0.634324850512538,0.553009929962144,0.99672710108952,10.3841680491138
4.33541666666667,0.63426844718405,0.55304287678155,0.996250507149407,10.3846240098769
4.33551587301587,0.634212044058188,0.553075787494496,0.995774141033839,10.3850798929596
4.33561507936508,0.634155641164864,0.553108662109144,0.995298002631362,10.3855356983772
4.33571428571429,0.634099238534012,0.553141500633642,0.994822091830571,10.3859914261454
4.33581349206349,0.634042836195588,0.553174303076115,0.994346408520109,10.3864470762794
4.3359126984127,0.633986434179572,0.553207069444675,0.99387095258867,10.3869026487947
4.33601190476191,0.633930032515964,0.553239799747412,0.993395723924994,10.3873581437068
4.33611111111111,0.633873631234789,0.5532724939924,0.99292072241788,10.387813561031
4.33621031746032,0.633817230366092,0.553305152187693,0.992445947956166,10.3882689007826
4.33630952380952,0.633760829939943,0.553337774341331,0.991971400428743,10.3887241629771
4.33640873015873,0.633704429986431,0.55337036046133,0.991497079724552,10.3891793476298
4.33650793650794,0.633648030535672,0.553402910555693,0.991022985732582,10.3896344547559
4.33660714285714,0.6335916316178,0.553435424632403,0.990549118341874,10.3900894843707
4.33670634920635,0.633535233262973,0.553467902699424,0.990075477441514,10.3905444364896
4.33680555555556,0.633478835501374,0.553500344764704,0.989602062920638,10.3909993111277
4.33690476190476,0.633422438363205,0.553532750836171,0.989128874668441,10.3914541083002
4.33700396825397,0.633366041878692,0.553565120921736,0.988655912574154,10.3919088280224
4.33710317460317,0.633309646078083,0.553597455029291,0.988183176527065,10.3923634703095
4.33720238095238,0.633253250991649,0.553629753166712,0.98771066641651,10.3928180351765
4.33730158730159,0.633196856649683,0.553662015341854,0.987238382131872,10.3932725226387
4.33740079365079,0.6331404630825,0.553694241562557,0.986766323562586,10.3937269327112
4.3375,0.633084070320438,0.55372643183664,0.986294490598132,10.394181265409
4.33759920634921,0.633027678393859,0.553758586171905,0.985822883128051,10.3946355207473
4.33769841269841,0.632971287333143,0.553790704576138,0.98535150104192,10.395089698741
4.33779761904762,0.632914897168698,0.553822787057104,0.984880344229373,10.3955437994053
4.33789682539683,0.63285850793095,0.553854833622552,0.984409412580089,10.3959978227551
4.33799603174603,0.63280211965035,0.55388684428021,0.983938705983799,10.3964517688055
4.33809523809524,0.632745732357371,0.553918819037792,0.983468224330285,10.3969056375713
4.33819444444444,0.632689346082507,0.55395075790299,0.982997967509374,10.3973594290677
4.33829365079365,0.632632960856276,0.553982660883482,0.982527935410942,10.3978131433095
4.33839285714286,0.632576576709218,0.554014527986924,0.982058127924923,10.3982667803116
4.33849206349206,0.632520193671896,0.554046359220957,0.981588544941293,10.3987203400888
4.33859126984127,0.632463811774894,0.554078154593201,0.981119186350076,10.3991738226562
4.33869047619048,0.632407431048819,0.55410991411126,0.980650052041351,10.3996272280285
4.33878968253968,0.632351051524302,0.55414163778272,0.980181141905241,10.4000805562206
4.33888888888889,0.632294673231994,0.554173325615148,0.979712455831923,10.4005338072473
4.3389880952381,0.63223829620257,0.554204977616093,0.979243993711616,10.4009869811233
4.3390873015873,0.632181920466728,0.554236593793087,0.978775755434602,10.4014400778635
4.33918650793651,0.632125546055187,0.554268174153642,0.978307740891201,10.4018930974826
4.33928571428571,0.632069172998688,0.554299718705254,0.977839949971783,10.4023460399953
4.33938492063492,0.632012801327996,0.5543312274554,0.977372382566772,10.4027989054163
4.33948412698413,0.631956431073899,0.554362700411538,0.976905038566639,10.4032516937604
4.33958333333333,0.631900062267205,0.554394137581109,0.976437917861903,10.4037044050421
4.33968253968254,0.631843694938746,0.554425538971537,0.975971020343136,10.4041570392762
4.33978174603175,0.631787329119376,0.554456904590226,0.975504345900953,10.4046095964772
4.33988095238095,0.631730964839972,0.554488234444562,0.975037894426029,10.4050620766598
4.33998015873016,0.631674602131433,0.554519528541914,0.974571665809079,10.4055144798385
4.34007936507937,0.63161824102468,0.554550786889632,0.97410565994087,10.405966806028
4.34017857142857,0.631561881550659,0.55458200949505,0.97363987671222,10.4064190552427
4.34027777777778,0.631505523740334,0.55461319636548,0.973174316013995,10.4068712274972
4.34037698412698,0.631449167624695,0.55464434750822,0.97270897773711,10.407323322806
4.34047619047619,0.631392813234752,0.554675462930548,0.972243861772527,10.4077753411836
4.3405753968254,0.631336460601541,0.554706542639724,0.971778968011266,10.4082272826444
4.3406746031746,0.631280109756118,0.554737586642989,0.971314296344389,10.4086791472029
4.34077380952381,0.631223760729559,0.554768594947568,0.970849846663008,10.4091309348735
4.34087301587302,0.631167413552968,0.554799567560667,0.970385618858286,10.4095826456706
4.34097222222222,0.631111068257467,0.554830504489473,0.969921612821434,10.4100342796085
4.34107142857143,0.631054724874202,0.554861405741156,0.969457828443714,10.4104858367017
4.34117063492063,0.630998383434342,0.554892271322868,0.968994265616437,10.4109373169645
4.34126984126984,0.630942043969077,0.554923101241743,0.968530924230959,10.4113887204112
4.34136904761905,0.630885706509622,0.554953895504896,0.968067804178696,10.4118400470561
4.34146825396825,0.630829371087211,0.554984654119424,0.967604905351104,10.4122912969135
4.34156746031746,0.630773037733104,0.555015377092407,0.96714222763969,10.4127424699976
4.34166666666667,0.630716706478579,0.555046064430906,0.966679770936013,10.4131935663227
4.34176587301587,0.630660377354942,0.555076716141965,0.966217535131678,10.413644585903
4.34186507936508,0.630604050393516,0.555107332232608,0.965755520118344,10.4140955287526
4.34196428571429,0.630547725625651,0.555137912709843,0.965293725787711,10.4145463948858
4.34206349206349,0.630491403082716,0.555168457580658,0.964832152031541,10.4149971843168
4.3421626984127,0.630435082796105,0.555198966852025,0.964370798741635,10.4154478970596
4.34226190476191,0.630378764797233,0.555229440530896,0.963909665809847,10.4158985331283
4.34236111111111,0.630322449117537,0.555259878624207,0.963448753128082,10.4163490925371
4.34246031746032,0.630266135788478,0.555290281138873,0.962988060588289,10.4167995753001
4.34255952380952,0.630209824841538,0.555320648081795,0.962527588082473,10.4172499814312
4.34265873015873,0.630153516308223,0.555350979459851,0.962067335502683,10.4177003109446
4.34275793650794,0.63009721022006,0.555381275279905,0.961607302741018,10.4181505638542
4.34285714285714,0.630040906608599,0.555411535548802,0.961147489689634,10.418600740174
4.34295634920635,0.629984605505413,0.555441760273366,0.960687896240727,10.419050839918
4.34305555555556,0.629928306942096,0.555471949460408,0.960228522286547,10.4195008631002
4.34315476190476,0.629872010950265,0.555502103116717,0.95976936771939,10.4199508097344
4.34325396825397,0.629815717561561,0.555532221249064,0.959310432431605,10.4204006798346
4.34335317460317,0.629759426807646,0.555562303864205,0.958851716315589,10.4208504734146
4.34345238095238,0.629703138720204,0.555592350968876,0.958393219263784,10.4213001904885
4.34355158730159,0.629646853330943,0.555622362569793,0.957934941168693,10.4217498310699
4.34365079365079,0.629590570671591,0.555652338673657,0.957476881922858,10.4221993951727
4.34375,0.629534290773902,0.55568227928715,0.957019041418872,10.4226488828107
4.34384920634921,0.629478013669649,0.555712184416936,0.956561419549381,10.4230982939978
4.34394841269841,0.629421739390629,0.555742054069659,0.956104016207077,10.4235476287476
4.34404761904762,0.629365467968662,0.555771888251949,0.955646831284703,10.4239968870739
4.34414682539682,0.629309199435589,0.555801686970413,0.955189864675049,10.4244460689905
4.34424603174603,0.629252933823274,0.555831450231644,0.954733116270957,10.424895174511
4.34434523809524,0.629196671163605,0.555861178042215,0.954276585965321,10.4253442036492
4.34444444444444,0.629140411488491,0.555890870408681,0.953820273651078,10.4257931564187
4.34454365079365,0.629084154829862,0.555920527337579,0.953364179221219,10.4262420328331
4.34464285714286,0.629027901219674,0.555950148835429,0.952908302568782,10.426690832906
4.34474206349206,0.628971650689902,0.555979734908732,0.952452643586856,10.4271395566511
4.34484126984127,0.628915403272545,0.55600928556397,0.951997202168577,10.427588204082
4.34494047619048,0.628859158999624,0.556038800807608,0.95154197820713,10.4280367752122
4.34503968253968,0.628802917903184,0.556068280646094,0.951086971595758,10.4284852700552
4.34513888888889,0.628746680015291,0.556097725085855,0.950632182227742,10.4289336886246
4.34523809523809,0.628690445368032,0.556127134133303,0.950177609996419,10.4293820309338
4.3453373015873,0.628634213993521,0.556156507794831,0.949723254795172,10.4298302969964
4.34543650793651,0.628577985923889,0.556185846076812,0.949269116517436,10.4302784868258
4.34553571428571,0.628521761191293,0.556215148985604,0.948815195056693,10.4307266004354
4.34563492063492,0.628465539827911,0.556244416527544,0.948361490306477,10.4311746378387
4.34573412698413,0.628409321865945,0.556273648708954,0.947908002160366,10.4316225990491
4.34583333333333,0.628353107337617,0.556302845536134,0.947454730511998,10.4320704840798
4.34593253968254,0.628296896275174,0.55633200701537,0.947001675255051,10.4325182929444
4.34603174603175,0.628240688710883,0.556361133152928,0.946548836283254,10.4329660256561
4.34613095238095,0.628184484677036,0.556390223955055,0.946096213490387,10.4334136822282
4.34623015873016,0.628128284205945,0.556419279427981,0.94564380677028,10.433861262674
4.34632936507936,0.628072087329946,0.55644829957792,0.94519161601681,10.4343087670069
4.34642857142857,0.628015894081396,0.556477284411063,0.944739641123901,10.43475619524
4.34652777777778,0.627959704492677,0.556506233933587,0.944287881985539,10.4352035473866
4.34662698412698,0.627903518596192,0.55653514815165,0.943836338495743,10.4356508234599
4.34672619047619,0.627847336424365,0.556564027071391,0.943385010548593,10.4360980234731
4.3468253968254,0.627791158009645,0.556592870698931,0.942933898038211,10.4365451474394
4.3469246031746,0.627734983384501,0.556621679040375,0.942483000858775,10.4369921953719
4.34702380952381,0.627678812581427,0.556650452101808,0.942032318904505,10.4374391672837
4.34712301587302,0.627622645632937,0.556679189889296,0.941581852069677,10.437886063188
4.34722222222222,0.627566482571569,0.55670789240889,0.941131600248609,10.4383328830978
4.34732142857143,0.627510323429883,0.556736559666619,0.940681563335681,10.4387796270263
4.34742063492063,0.627454168240462,0.556765191668498,0.940231741225309,10.4392262949864
4.34751984126984,0.62739801703591,0.556793788420521,0.939782133811966,10.4396728869912
4.34761904761905,0.627341869848854,0.556822349928665,0.939332740990171,10.4401194030537
4.34771825396825,0.627285726711946,0.55685087619889,0.938883562654494,10.4405658431869
4.34781746031746,0.627229587657856,0.556879367237135,0.938434598699554,10.4410122074038
4.34791666666667,0.627173452719279,0.556907823049324,0.937985849020016,10.4414584957173
4.34801587301587,0.627117321928933,0.556936243641362,0.937537313510604,10.4419047081402
4.34811507936508,0.627061195319557,0.556964629019134,0.937088992066082,10.4423508446856
4.34821428571429,0.627005072923913,0.556992979188509,0.936640884581266,10.4427969053664
4.34831349206349,0.626948954774786,0.557021294155338,0.936192990951023,10.4432428901953
4.3484126984127,0.626892840904982,0.557049573925454,0.935745311070267,10.4436887991852
4.3485119047619,0.626836731347331,0.557077818504669,0.935297844833963,10.444134632349
4.34861111111111,0.626780626134685,0.557106027898782,0.934850592137125,10.4445803896994
4.34871031746032,0.626724525299917,0.557134202113569,0.934403552874813,10.4450260712492
4.34880952380952,0.626668428875926,0.557162341154791,0.933956726942146,10.4454716770113
4.34890873015873,0.626612336895629,0.557190445028189,0.933510114234285,10.4459172069982
4.34900793650794,0.626556249391968,0.557218513739489,0.933063714646438,10.4463626612229
4.34910714285714,0.626500166397907,0.557246547294394,0.932617528073868,10.4468080396978
4.34920634920635,0.626444087946433,0.557274545698595,0.932171554411884,10.4472533424358
4.34930555555556,0.626388014070555,0.557302508957759,0.931725793555848,10.4476985694495
4.34940476190476,0.626331944803304,0.557330437077539,0.931280245401163,10.4481437207516
4.34950396825397,0.626275880177733,0.557358330063568,0.930834909843296,10.4485887963545
4.34960317460317,0.62621982022692,0.557386187921461,0.930389786777749,10.449033796271
4.34970238095238,0.626163764983962,0.557414010656817,0.929944876100081,10.4494787205137
4.34980158730159,0.626107714481981,0.557441798275214,0.929500177705899,10.449923569095
4.34990079365079,0.626051668754121,0.557469550782214,0.929055691490858,10.4503683420275
4.35,0.625995627833547,0.55749726818336,0.928611417350663,10.4508130393238
4.35009920634921,0.625939591753448,0.557524950484176,0.928167355181069,10.4512576609963
4.35019841269841,0.625883560547034,0.557552597690171,0.927723504877876,10.4517022070574
4.35029761904762,0.62582753424754,0.557580209806832,0.927279866336946,10.4521466775198
4.35039682539683,0.625771512888221,0.557607786839632,0.926836439454176,10.4525910723957
4.35049603174603,0.625715496502356,0.557635328794022,0.92639322412552,10.4530353916976
4.35059523809524,0.625659485123244,0.557662835675438,0.925950220246979,10.4534796354379
4.35069444444444,0.625603478784209,0.557690307489295,0.925507427714603,10.453923803629
4.35079365079365,0.625547477518597,0.557717744240994,0.925064846424493,10.4543678962832
4.35089285714286,0.625491481359775,0.557745145935914,0.924622476272797,10.4548119134128
4.35099206349206,0.625435490341135,0.557772512579417,0.924180317155717,10.4552558550302
4.35109126984127,0.625379504496088,0.557799844176848,0.923738368969502,10.4556997211477
4.35119047619048,0.625323523858072,0.557827140733534,0.923296631610447,10.4561435117774
4.35128968253968,0.625267548460542,0.557854402254783,0.9228551049749,10.4565872269317
4.35138888888889,0.62521157833698,0.557881628745884,0.922413788959258,10.4570308666228
4.35148809523809,0.625155613520888,0.557908820212111,0.921972683459967,10.457474430863
4.3515873015873,0.625099654045791,0.557935976658716,0.921531788373521,10.4579179196643
4.35168650793651,0.625043699945237,0.557963098090936,0.921091103596464,10.4583613330389
4.35178571428571,0.624987751252796,0.557990184513989,0.920650629025393,10.4588046709991
4.35188492063492,0.62493180800206,0.558017235933075,0.920210364556952,10.4592479335569
4.35198412698413,0.624875870226645,0.558044252353374,0.919770310087831,10.4596911207244
4.35208333333333,0.624819937960188,0.558071233780052,0.919330465514774,10.4601342325138
4.35218253968254,0.624764011236348,0.558098180218253,0.918890830734571,10.460577268937
4.35228174603175,0.624708090088807,0.558125091673106,0.918451405644064,10.4610202300062
4.35238095238095,0.624652174551271,0.558151968149719,0.91801219014014,10.4614631157333
4.35248015873016,0.624596264657467,0.558178809653183,0.917573184119745,10.4619059261304
4.35257936507937,0.624540360441144,0.558205616188573,0.917134387479865,10.4623486612094
4.35267857142857,0.624484461936074,0.558232387760943,0.916695800117539,10.4627913209823
4.35277777777778,0.624428569176052,0.558259124375331,0.916257421929854,10.463233905461
4.35287698412698,0.624372682194895,0.558285826036755,0.915819252813946,10.4636764146575
4.35297619047619,0.624316801026441,0.558312492750217,0.915381292667005,10.4641188485837
4.3530753968254,0.624260925704553,0.558339124520699,0.914943541386265,10.4645612072514
4.3531746031746,0.624205056263115,0.558365721353167,0.914505998869007,10.4650034906726
4.35327380952381,0.624149192727935,0.558392283255913,0.914068665012005,10.4654456988623
4.35337301587302,0.624093333505803,0.558418810905615,0.913631539600554,10.4658878325129
4.35347222222222,0.624037477385271,0.558445304819923,0.913194622453929,10.466329892155
4.35357142857143,0.623981624365357,0.558471765016181,0.912757913477899,10.4667718778126
4.35367063492063,0.623925774445088,0.558498191511723,0.912321412578265,10.4672137895097
4.35376984126984,0.623869927623503,0.558524584323872,0.911885119660854,10.4676556272702
4.35386904761905,0.62381408389965,0.558550943469945,0.911449034631523,10.4680973911179
4.35396825396825,0.623758243272589,0.558577268967245,0.911013157396168,10.4685390810769
4.35406746031746,0.623702405741391,0.558603560833067,0.910577487860704,10.4689806971708
4.35416666666667,0.623646571305138,0.558629819084697,0.910142025931081,10.4694222394237
4.35426587301587,0.623590739962921,0.558656043739409,0.909706771513277,10.4698637078594
4.35436507936508,0.623534911713843,0.558682234814469,0.909271724513304,10.4703051025018
4.35446428571429,0.623479086557018,0.558708392327132,0.908836884837199,10.4707464233746
4.35456349206349,0.62342326449157,0.558734516294645,0.908402252391033,10.4711876705017
4.3546626984127,0.623367445516635,0.558760606734242,0.907967827080902,10.4716288439069
4.35476190476191,0.623311629631358,0.558786663663151,0.907533608812941,10.4720699436141
4.35486111111111,0.623255816834896,0.558812687098588,0.907099597493308,10.472510969647
4.35496031746032,0.623200007126416,0.558838677057758,0.906665793028192,10.4729519220293
4.35505952380952,0.623144200505096,0.558864633557859,0.906232195323813,10.473392800785
4.35515873015873,0.623088396970126,0.558890556616077,0.905798804286421,10.4738336059377
4.35525793650794,0.623032596520705,0.55891644624959,0.905365619822296,10.4742743375111
4.35535714285714,0.622976799156043,0.558942302475565,0.904932641837744,10.4747149955291
4.35545634920635,0.622921004875361,0.558968125311158,0.904499870239111,10.4751555800153
4.35555555555556,0.622865213677893,0.558993914773517,0.904067304932766,10.4755960909935
4.35565476190476,0.622809425562879,0.559019670879781,0.903634945825107,10.4760365284873
4.35575396825397,0.622753640529574,0.559045393647077,0.903202792822565,10.4764768925205
4.35585317460317,0.622697858577242,0.559071083092523,0.902770845831601,10.4769171831167
4.35595238095238,0.622642079705157,0.559096739233227,0.902339104758704,10.4773574002996
4.35605158730159,0.622586303912606,0.559122362086288,0.901907569510395,10.4777975440929
4.35615079365079,0.622530531198884,0.559147951668795,0.901476239993221,10.4782376145201
4.35625,0.6224747615633,0.559173507997825,0.901045116113768,10.478677611605
4.35634920634921,0.622418995005171,0.559199031090449,0.900614197778645,10.4791175353711
4.35644841269841,0.622363231523825,0.559224520963725,0.900183484894492,10.4795573858421
4.35654761904762,0.622307471118603,0.559249977634702,0.899752977367979,10.4799971630416
4.35664682539683,0.622251713788854,0.55927540112042,0.899322675105806,10.4804368669931
4.35674603174603,0.622195959533939,0.559300791437909,0.898892578014706,10.4808764977203
4.35684523809524,0.62214020835323,0.559326148604188,0.898462686001435,10.4813160552466
4.35694444444444,0.622084460246111,0.559351472636268,0.898032998972791,10.4817555395957
4.35704365079365,0.622028715211973,0.559376763551148,0.89760351683559,10.4821949507911
4.35714285714286,0.621972973250221,0.559402021365819,0.897174239496685,10.4826342888563
4.35724206349206,0.62191723436027,0.559427246097262,0.896745166862955,10.4830735538149
4.35734126984127,0.621861498541545,0.559452437762448,0.896316298841313,10.4835127456904
4.35744047619048,0.621805765793482,0.559477596378336,0.8958876353387,10.4839518645062
4.35753968253968,0.621750036115529,0.559502721961879,0.895459176262085,10.4843909102858
4.35763888888889,0.621694309507142,0.559527814530018,0.895030921518468,10.4848298830528
4.3577380952381,0.621638585967792,0.559552874099683,0.894602871014886,10.4852687828305
4.3578373015873,0.621582865496957,0.559577900687797,0.894175024658397,10.4857076096425
4.35793650793651,0.621527148094126,0.559602894311272,0.893747382356093,10.4861463635121
4.35803571428571,0.621471433758802,0.559627854987009,0.893319944015095,10.4865850444629
4.35813492063492,0.621415722490495,0.5596527827319,0.892892709542554,10.4870236525181
4.35823412698413,0.621360014288728,0.559677677562828,0.892465678845651,10.4874621877014
4.35833333333333,0.621304309153033,0.559702539496666,0.892038851831597,10.4879006500359
4.35843253968254,0.621248607082955,0.559727368550276,0.891612228407638,10.4883390395451
4.35853174603175,0.621192908078049,0.55975216474051,0.891185808481042,10.4887773562525
4.35863095238095,0.621137212137879,0.559776928084213,0.890759591959112,10.4892156001812
4.35873015873016,0.621081519262021,0.559801658598217,0.89033357874918,10.4896537713548
4.35882936507937,0.621025829450063,0.559826356299345,0.889907768758607,10.4900918697965
4.35892857142857,0.620970142701602,0.559851021204412,0.889482161894785,10.4905298955297
4.35902777777778,0.620914459016246,0.55987565333022,0.889056758065136,10.4909678485776
4.35912698412698,0.620858778393614,0.559900252693565,0.88863155717711,10.4914057289637
4.35922619047619,0.620803100833337,0.559924819311229,0.888206559138193,10.4918435367111
4.3593253968254,0.620747426335055,0.559949353199988,0.887781763855896,10.4922812718432
4.3594246031746,0.62069175489842,0.559973854376605,0.887357171237761,10.4927189343832
4.35952380952381,0.620636086523092,0.559998322857835,0.886932781191359,10.4931565243543
4.35962301587302,0.620580421208746,0.560022758660424,0.886508593624294,10.49359404178
4.35972222222222,0.620524758955065,0.560047161801106,0.886084608444197,10.4940314866833
4.35982142857143,0.620469099761743,0.560071532296606,0.885660825558727,10.4944688590875
4.35992063492063,0.620413443628485,0.56009587016364,0.885237244875584,10.4949061590158
4.36001984126984,0.620357790555008,0.560120175418913,0.884813866302487,10.4953433864914
4.36011904761905,0.620302140541038,0.560144448079121,0.884390689747188,10.4957805415376
4.36021825396825,0.620246493586312,0.56016868816095,0.88396771511747,10.4962176241774
4.36031746031746,0.620190849690579,0.560192895681076,0.883544942321146,10.4966546344341
4.36041666666667,0.620135208853598,0.560217070656165,0.883122371266058,10.4970915723308
4.36051587301587,0.620079571075137,0.560241213102873,0.882700001860079,10.4975284378906
4.36061507936508,0.620023936354978,0.560265323037848,0.882277834011109,10.4979652311368
4.36071428571429,0.619968304692911,0.560289400477725,0.881855867627087,10.4984019520923
4.36081349206349,0.61991267608874,0.560313445439133,0.881434102615973,10.4988386007804
4.3609126984127,0.619857050542276,0.560337457938687,0.881012538885759,10.4992751772241
4.3610119047619,0.619801428053342,0.560361437992996,0.88059117634447,10.4997116814466
4.36111111111111,0.619745808621774,0.560385385618656,0.880170014900157,10.5001481134708
4.36121031746032,0.619690192247416,0.560409300832256,0.879749054460905,10.5005844733199
4.36130952380952,0.619634578930123,0.560433183650374,0.879328294934823,10.5010207610169
4.36140873015873,0.619578968669762,0.560457034089576,0.87890773623006,10.5014569765849
4.36150793650794,0.619523361466211,0.560480852166422,0.878487378254787,10.5018931200469
4.36160714285714,0.619467757319358,0.56050463789746,0.878067220917208,10.5023291914258
4.36170634920635,0.6194121562291,0.560528391299229,0.877647264125555,10.5027651907448
4.36180555555556,0.619356558195348,0.560552112388257,0.877227507788093,10.5032011180269
4.36190476190476,0.619300963218022,0.560575801181063,0.876807951813114,10.5036369732949
4.36200396825397,0.619245371297052,0.560599457694156,0.876388596108943,10.5040727565719
4.36210317460317,0.619189782432381,0.560623081944035,0.875969440583929,10.5045084678809
4.36220238095238,0.619134196623961,0.560646673947191,0.875550485146464,10.5049441072448
4.36230158730159,0.619078613871755,0.560670233720102,0.875131729704956,10.5053796746865
4.36240079365079,0.619023034175738,0.560693761279238,0.874713174167851,10.5058151702289
4.3625,0.618967457535894,0.56071725664106,0.874294818443622,10.5062505938951
4.36259920634921,0.618911883952219,0.560740719822017,0.873876662440773,10.5066859457079
4.36269841269841,0.618856313424718,0.56076415083855,0.873458706067838,10.5071212256902
4.36279761904762,0.618800745953409,0.56078754970709,0.873040949233379,10.5075564338648
4.36289682539683,0.61874518153832,0.560810916444056,0.872623391845994,10.5079915702547
4.36299603174603,0.61868962017949,0.56083425106586,0.872206033814306,10.5084266348827
4.36309523809524,0.618634061876967,0.560857553588904,0.871788875046968,10.5088616277717
4.36319444444444,0.618578506630812,0.560880824029577,0.871371915452664,10.5092965489445
4.36329365079365,0.618522954441095,0.560904062404262,0.87095515494011,10.5097313984239
4.36339285714286,0.618467405307898,0.56092726872933,0.870538593418049,10.5101661762327
4.36349206349206,0.618411859231314,0.560950443021143,0.870122230795256,10.5106008823938
4.36359126984127,0.618356316211444,0.560973585296053,0.869706066980532,10.51103551693
4.36369047619048,0.618300776248405,0.560996695570402,0.869290101882717,10.511470079864
4.36378968253968,0.618245239342319,0.561019773860522,0.868874335410674,10.5119045712186
4.36388888888889,0.618189705493322,0.561042820182736,0.868458767473297,10.5123389910165
4.36398809523809,0.618134174701561,0.561065834553356,0.868043397979511,10.5127733392806
4.3640873015873,0.618078646967191,0.561088816988685,0.86762822683827,10.5132076160335
4.36418650793651,0.618023122290382,0.561111767505017,0.867213253958559,10.513641821298
4.36428571428571,0.61796760067131,0.561134686118634,0.86679847924939,10.5140759550967
4.36438492063492,0.617912082110165,0.56115757284581,0.866383902619814,10.5145100174525
4.36448412698413,0.617856566607148,0.561180427702808,0.865969523978902,10.5149440083879
4.36458333333333,0.617801054162469,0.561203250705882,0.865555343235761,10.5153779279257
4.36468253968254,0.617745544776348,0.561226041871276,0.865141360299524,10.5158117760885
4.36478174603175,0.617690038449019,0.561248801215223,0.864727575079357,10.516245552899
4.36488095238095,0.617634535180724,0.56127152875395,0.864313987484456,10.5166792583799
4.36498015873016,0.617579034971717,0.561294224503668,0.863900597424045,10.5171128925537
4.36507936507937,0.617523537822261,0.561316888480584,0.863487404807376,10.5175464554431
4.36517857142857,0.617468043732633,0.561339520700892,0.863074409543742,10.5179799470707
4.36527777777778,0.617412552703119,0.561362121180777,0.862661611542454,10.5184133674591
4.36537698412698,0.617357064734014,0.561384689936414,0.862249010712858,10.5188467166309
4.36547619047619,0.617301579825627,0.561407226983969,0.861836606964329,10.5192799946087
4.3655753968254,0.617246097978275,0.561429732339596,0.861424400206273,10.519713201415
4.3656746031746,0.617190619192287,0.561452206019442,0.861012390348125,10.5201463370724
4.36577380952381,0.617135143468003,0.561474648039643,0.860600577299349,10.5205794016034
4.36587301587302,0.617079670805775,0.561497058416324,0.860188960969445,10.5210123950306
4.36597222222222,0.617024201205961,0.561519437165602,0.859777541267937,10.5214453173765
4.36607142857143,0.616968734668936,0.561541784303582,0.85936631810438,10.5218781686636
4.36617063492063,0.616913271195081,0.561564099846363,0.858955291388361,10.5223109489144
4.36626984126984,0.61685781078479,0.56158638381003,0.858544461029494,10.5227436581514
4.36636904761905,0.616802353438467,0.56160863621066,0.858133826937427,10.523176296397
4.36646825396825,0.616746899156527,0.56163085706432,0.857723389021836,10.5236088636738
4.36656746031746,0.616691447939395,0.561653046387069,0.857313147192422,10.5240413600041
4.36666666666667,0.616635999787509,0.561675204194952,0.85690310135893,10.5244737854105
4.36676587301587,0.616580554701316,0.561697330504008,0.85649325143112,10.5249061399153
4.36686507936508,0.616525112681273,0.561719425330265,0.856083597318791,10.525338423541
4.36696428571429,0.616469673727849,0.56174148868974,0.855674138931768,10.52577063631
4.36706349206349,0.616414237841524,0.561763520598442,0.855264876179907,10.5262027782446
4.3671626984127,0.616358805022788,0.561785521072369,0.854855808973096,10.5266348493673
4.36726190476191,0.616303375272142,0.56180749012751,0.854446937221247,10.5270668497005
4.36736111111111,0.616247948590097,0.561829427779842,0.854038260834313,10.5274987792664
4.36746031746032,0.616192524977177,0.561851334045336,0.853629779722267,10.5279306380875
4.36755952380952,0.616137104433915,0.561873208939951,0.853221493795117,10.528362426186
4.36765873015873,0.616081686960854,0.561895052479634,0.852813402962899,10.5287941435844
4.36775793650794,0.616026272558549,0.561916864680327,0.852405507135679,10.5292257903049
4.36785714285714,0.615970861227567,0.561938645557958,0.851997806223555,10.5296573663699
4.36795634920635,0.615915452968482,0.561960395128447,0.851590300136653,10.5300888718015
4.36805555555556,0.615860047781883,0.561982113407704,0.851182988785128,10.5305203066222
4.36815476190476,0.615804645668367,0.562003800411629,0.850775872079171,10.5309516708542
4.36825396825397,0.615749246628543,0.562025456156113,0.850368949928998,10.5313829645197
4.36835317460317,0.615693850663029,0.562047080657037,0.849962222244855,10.531814187641
4.36845238095238,0.615638457772457,0.562068673930269,0.849555688937019,10.5322453402403
4.36855158730159,0.615583067957466,0.562090235991673,0.849149349915798,10.5326764223399
4.36865079365079,0.615527681218709,0.562111766857097,0.848743205091528,10.5331074339619
4.36875,0.615472297556847,0.562133266542385,0.848337254374575,10.5335383751287
4.36884920634921,0.615416916972555,0.562154735063367,0.847931497675341,10.5339692458623
4.36894841269841,0.615361539466515,0.562176172435864,0.847525934904251,10.5344000461849
4.36904761904762,0.615306165039422,0.562197578675688,0.847120565971762,10.5348307761188
4.36914682539683,0.615250793691983,0.562218953798642,0.846715390788362,10.535261435686
4.36924603174603,0.615195425424911,0.562240297820517,0.846310409264568,10.5356920249087
4.36934523809524,0.615140060238936,0.562261610757096,0.845905621310928,10.5361225438091
4.36944444444444,0.615084698134794,0.562282892624151,0.84550102683802,10.5365529924093
4.36954365079365,0.615029339113233,0.562304143437444,0.845096625756448,10.5369833707314
4.36964285714286,0.614973983175013,0.562325363212729,0.844692417976856,10.5374136787974
4.36974206349206,0.614918630320904,0.562346551965748,0.844288403409909,10.5378439166295
4.36984126984127,0.614863280551686,0.562367709712235,0.843884581966305,10.5382740842498
4.36994047619048,0.614807933868151,0.562388836467913,0.843480953556772,10.5387041816804
4.37003968253968,0.6147525902711,0.562409932248495,0.843077518092067,10.5391342089432
4.37013888888889,0.614697249761347,0.562430997069685,0.842674275482979,10.5395641660603
4.3702380952381,0.614641912339716,0.562452030947177,0.842271225640323,10.5399940530538
4.3703373015873,0.61458657800704,0.562473033896654,0.841868368474953,10.5404238699456
4.37043650793651,0.614531246764166,0.562494005933792,0.841465703897744,10.5408536167579
4.37053571428571,0.614475918611948,0.562514947074255,0.841063231819604,10.5412832935125
4.37063492063492,0.614420593551254,0.562535857333696,0.840660952151473,10.5417129002315
4.37073412698413,0.614365271582962,0.562556736727762,0.840258864804317,10.5421424369369
4.37083333333333,0.614309952707958,0.562577585272086,0.839856969689136,10.5425719036506
4.37093253968254,0.614254636927142,0.562598402982294,0.839455266716958,10.5430013003945
4.37103174603175,0.614199324241424,0.562619189874001,0.83905375579884,10.5434306271907
4.37113095238095,0.614144014651725,0.562639945962813,0.838652436845874,10.543859884061
4.37123015873016,0.614088708158975,0.562660671264325,0.838251309769177,10.5442890710274
4.37132936507937,0.614033404764117,0.562681365794124,0.837850374479897,10.5447181881117
4.37142857142857,0.613978104468103,0.562702029567784,0.837449630889214,10.5451472353359
4.37152777777778,0.613922807271896,0.562722662600872,0.837049078908336,10.5455762127219
4.37162698412698,0.613867513176472,0.562743264908945,0.836648718448501,10.5460051202915
4.37172619047619,0.613812222182814,0.562763836507549,0.836248549420977,10.5464339580665
4.3718253968254,0.613756934291919,0.562784377412221,0.835848571737068,10.546862726069
4.3719246031746,0.613701649504793,0.562804887638488,0.835448785308099,10.5472914243205
4.37202380952381,0.613646367822454,0.562825367201866,0.835049190045431,10.5477200528431
4.37212301587302,0.613591089245929,0.562845816117864,0.834649785860451,10.5481486116586
4.37222222222222,0.613535813776257,0.562866234401977,0.83425057266458,10.5485771007886
4.37232142857143,0.613480541414488,0.562886622069695,0.833851550369266,10.5490055202551
4.37242063492063,0.613425272161682,0.562906979136495,0.833452718885989,10.5494338700797
4.37251984126984,0.613370006018909,0.562927305617844,0.833054078126256,10.5498621502844
4.37261904761905,0.613314742987253,0.562947601529201,0.83265562800161,10.5502903608908
4.37271825396825,0.613259483067805,0.562967866886014,0.83225736842362,10.5507185019207
4.37281746031746,0.613204226261668,0.562988101703722,0.831859299303884,10.5511465733958
4.37291666666667,0.613148972569957,0.563008305997753,0.831461420554033,10.5515745753379
4.37301587301587,0.613093721993797,0.563028479783526,0.831063732085725,10.5520025077686
4.37311507936508,0.613038474534322,0.563048623076451,0.83066623381065,10.5524303707097
4.37321428571429,0.61298323019268,0.563068735891926,0.830268925640526,10.5528581641828
4.37331349206349,0.612927988970027,0.56308881824534,0.829871807487107,10.5532858882097
4.3734126984127,0.612872750867531,0.563108870152074,0.829474879262171,10.5537135428121
4.37351190476191,0.612817515886371,0.563128891627497,0.829078140877528,10.5541411280114
4.37361111111111,0.612762284027737,0.563148882686968,0.828681592245018,10.5545686438295
4.37371031746032,0.612707055292827,0.563168843345839,0.82828523327651,10.554996090288
4.37380952380952,0.612651829682854,0.563188773619449,0.827889063883904,10.5554234674084
4.37390873015873,0.612596607199038,0.563208673523128,0.827493083979131,10.5558507752124
4.37400793650794,0.612541387842611,0.563228543072198,0.827097293474149,10.5562780137216
4.37410714285714,0.612486171614818,0.563248382281969,0.826701692280952,10.5567051829576
4.37420634920635,0.612430958516912,0.563268191167742,0.826306280311559,10.557132282942
4.37430555555556,0.612375748550158,0.563287969744808,0.825911057478019,10.5575593136962
4.37440476190476,0.612320541715831,0.563307718028449,0.825516023692414,10.557986275242
4.37450396825397,0.612265338015216,0.563327436033936,0.825121178866853,10.5584131676008
4.37460317460317,0.612210137449612,0.56334712377653,0.824726522913477,10.5588399907941
4.37470238095238,0.612154940020324,0.563366781271485,0.824332055744454,10.5592667448435
4.37480158730159,0.612099745728673,0.563386408534041,0.823937777271989,10.5596934297705
4.37490079365079,0.612044554575987,0.56340600557943,0.823543687408312,10.5601200455966
4.375,0.611989366563607,0.563425572422876,0.823149786065682,10.5605465923433
4.37509920634921,0.611934181692881,0.563445109079591,0.82275607315639,10.560973070032
4.37519841269841,0.611878999965173,0.563464615564778,0.822362548592758,10.5613994786843
4.37529761904762,0.611823821381854,0.563484091893629,0.821969212287135,10.5618258183215
4.37539682539682,0.611768645944308,0.563503538081327,0.821576064151903,10.5622520889651
4.37549603174603,0.611713473653926,0.563522954143047,0.821183104099471,10.5626782906366
4.37559523809524,0.611658304512116,0.563542340093951,0.820790332042284,10.5631044233574
4.37569444444444,0.61160313852029,0.563561695949193,0.820397747892811,10.5635304871488
4.37579365079365,0.611547975679877,0.563581021723916,0.820005351563553,10.5639564820323
4.37589285714286,0.611492815992311,0.563600317433256,0.819613142967041,10.5643824080292
4.37599206349206,0.611437659459041,0.563619583092336,0.819221122015837,10.564808265161
4.37609126984127,0.611382506081524,0.56363881871627,0.818829288622532,10.565234053449
4.37619047619048,0.61132735586123,0.563658024320163,0.818437642699745,10.5656597729145
4.37628968253968,0.611272208799639,0.56367719991911,0.818046184160131,10.5660854235789
4.37638888888889,0.61121706489824,0.563696345528195,0.817654912916371,10.5665110054635
4.37648809523809,0.611161924158536,0.563715461162493,0.817263828881176,10.5669365185896
4.3765873015873,0.611106786582038,0.563734546837071,0.816872931967286,10.5673619629786
4.37668650793651,0.611051652170268,0.563753602566983,0.816482222087475,10.5677873386517
4.37678571428571,0.610996520924761,0.563772628367274,0.816091699154543,10.5682126456302
4.37688492063492,0.610941392847061,0.563791624252981,0.815701363081322,10.5686378839354
4.37698412698413,0.610886267938721,0.56381059023913,0.815311213780672,10.5690630535886
4.37708333333333,0.61083114620131,0.563829526340737,0.814921251165489,10.5694881546109
4.37718253968254,0.610776027636402,0.563848432572807,0.814531475148693,10.5699131870237
4.37728174603175,0.610720912245585,0.563867308950339,0.814141885643235,10.5703381508482
4.37738095238095,0.610665800030458,0.563886155488317,0.813752482562099,10.5707630461055
4.37748015873016,0.610610690992628,0.563904972201719,0.813363265818295,10.5711878728169
4.37757936507936,0.610555585133716,0.563923759105512,0.812974235324866,10.5716126310035
4.37767857142857,0.610500482455351,0.563942516214654,0.812585390994882,10.5720373206867
4.37777777777778,0.610445382959175,0.563961243544091,0.81219673274145,10.5724619418874
4.37787698412698,0.61039028664684,0.563979941108761,0.811808260477699,10.5728864946269
4.37797619047619,0.610335193520008,0.563998608923593,0.811419974116792,10.5733109789264
4.3780753968254,0.610280103580352,0.564017247003503,0.811031873571922,10.5737353948069
4.3781746031746,0.610225016829557,0.5640358553634,0.81064395875631,10.5741597422896
4.37827380952381,0.610169933269317,0.564054434018182,0.81025622958321,10.5745840213956
4.37837301587302,0.610114852901338,0.564072982982738,0.809868685965903,10.575008232146
4.37847222222222,0.610059775727336,0.564091502271946,0.8094813278177,10.5754323745619
4.37857142857143,0.610004701749038,0.564109991900675,0.809094155051949,10.5758564486643
4.37867063492063,0.609949630968182,0.564128451883785,0.80870716758202,10.5762804544744
4.37876984126984,0.609894563386518,0.564146882236123,0.808320365321315,10.5767043920132
4.37886904761905,0.609839499005803,0.56416528297253,0.807933748183268,10.5771282613017
4.37896825396825,0.609784437827808,0.564183654107835,0.807547316081341,10.577552062361
4.37906746031746,0.609729379854315,0.564201995656858,0.807161068929028,10.5779757952121
4.37916666666667,0.609674325087113,0.564220307634409,0.806775006639847,10.578399459876
4.37926587301587,0.609619273528007,0.564238590055287,0.806389129127359,10.5788230563737
4.37936507936508,0.609564225178809,0.564256842934283,0.806003436305143,10.5792465847262
4.37946428571429,0.609509180041343,0.564275066286177,0.805617928086813,10.5796700449545
4.37956349206349,0.609454138117444,0.56429326012574,0.805232604386011,10.5800934370795
4.3796626984127,0.609399099408956,0.564311424467733,0.804847465116411,10.5805167611222
4.3797619047619,0.609344063917737,0.564329559326906,0.804462510191717,10.5809400171035
4.37986111111111,0.609289031645652,0.564347664718001,0.804077739525661,10.5813632050444
4.37996031746032,0.60923400259458,0.564365740655749,0.803693153032004,10.5817863249657
4.38005952380952,0.60917897676641,0.564383787154872,0.803308750624546,10.5822093768885
4.38015873015873,0.60912395416304,0.56440180423008,0.802924532217107,10.5826323608335
4.38025793650794,0.609068934786379,0.564419791896077,0.80254049772354,10.5830552768217
4.38035714285714,0.60901391863835,0.564437750167553,0.80215664705773,10.583478124874
4.38045634920635,0.608958905720883,0.564455679059191,0.801772980133589,10.5839009050112
4.38055555555556,0.60890389603592,0.564473578585664,0.801389496865063,10.5843236172541
4.38065476190476,0.608848889585415,0.564491448761635,0.801006197166121,10.5847462616236
4.38075396825397,0.60879388637133,0.564509289601754,0.800623080950773,10.5851688381406
4.38085317460317,0.608738886395642,0.564527101120667,0.800240148133051,10.5855913468258
4.38095238095238,0.608683889660334,0.564544883333005,0.799857398627017,10.5860137877
4.38105158730159,0.608628896167402,0.564562636253392,0.799474832346768,10.5864361607841
4.38115079365079,0.608573905918854,0.564580359896441,0.799092449206425,10.5868584660989
4.38125,0.608518918916707,0.564598054276757,0.798710249120144,10.587280703665
4.38134920634921,0.608463935162989,0.564615719408932,0.798328232002108,10.5877028735034
4.38144841269841,0.608408954659739,0.564633355307551,0.79794639776653,10.5881249756346
4.38154761904762,0.608353977409006,0.564650961987187,0.797564746327659,10.5885470100795
4.38164682539683,0.608299003412852,0.564668539462406,0.797183277599766,10.5889689768587
4.38174603174603,0.608244032673348,0.564686087747762,0.796801991497156,10.5893908759931
4.38184523809524,0.608189065192575,0.564703606857799,0.796420887934163,10.5898127075033
4.38194444444444,0.608134100972626,0.564721096807052,0.796039966825152,10.5902344714099
4.38204365079365,0.608079140015604,0.564738557610047,0.795659228084515,10.5906561677337
4.38214285714286,0.608024182323625,0.564755989281297,0.795278671626682,10.5910777964954
4.38224206349206,0.607969227898813,0.56477339183531,0.794898297366104,10.5914993577156
4.38234126984127,0.607914276743304,0.56479076528658,0.794518105217267,10.5919208514149
4.38244047619048,0.607859328859244,0.564808109649593,0.794138095094685,10.592342277614
4.38253968253968,0.607804384248791,0.564825424938826,0.793758266912904,10.5927636363335
4.38263888888889,0.607749442914112,0.564842711168743,0.793378620586497,10.5931849275941
4.38273809523809,0.607694504857387,0.564859968353802,0.79299915603007,10.5936061514162
4.3828373015873,0.607639570080804,0.564877196508448,0.792619873158258,10.5940273078206
4.38293650793651,0.607584638586565,0.56489439564712,0.792240771885723,10.5944483968278
4.38303571428571,0.60752971037688,0.564911565784242,0.791861852127166,10.5948694184583
4.38313492063492,0.607474785453972,0.564928706934233,0.791483113797309,10.5952903727328
4.38323412698413,0.607419863820072,0.564945819111499,0.791104556810907,10.5957112596717
4.38333333333333,0.607364945477424,0.564962902330439,0.790726181082746,10.5961320792956
4.38343253968254,0.607310030428282,0.564979956605438,0.790347986527641,10.5965528316251
4.38353174603175,0.607255118674911,0.564996981950876,0.789969973060435,10.5969735166805
4.38363095238095,0.607200210219587,0.565013978381119,0.789592140596008,10.5973941344825
4.38373015873016,0.607145305064595,0.565030945910526,0.789214489049264,10.5978146850515
4.38382936507937,0.607090403212234,0.565047884553446,0.788837018335137,10.5982351684081
4.38392857142857,0.60703550466481,0.565064794324216,0.788459728368594,10.5986555845725
4.38402777777778,0.606980609424643,0.565081675237165,0.78808261906463,10.5990759335654
4.38412698412698,0.606925717494061,0.565098527306613,0.787705690338271,10.5994962154072
4.38422619047619,0.606870828875406,0.565115350546867,0.787328942104572,10.5999164301182
4.3843253968254,0.606815943571027,0.565132144972227,0.786952374278619,10.6003365777189
4.3844246031746,0.606761061583286,0.565148910596983,0.786575986775526,10.6007566582298
4.38452380952381,0.606706182914556,0.565165647435413,0.786199779510444,10.6011766716712
4.38462301587302,0.606651307567221,0.565182355501788,0.785823752398546,10.6015966180635
4.38472222222222,0.606596435543672,0.565199034810367,0.785447905355038,10.602016497427
4.38482142857143,0.606541566846317,0.5652156853754,0.785072238295156,10.6024363097822
4.38492063492063,0.606486701477569,0.565232307211128,0.784696751134166,10.6028560551494
4.38501984126984,0.606431839439855,0.565248900331781,0.784321443787363,10.6032757335489
4.38511904761905,0.606376980735612,0.565265464751579,0.783946316170077,10.6036953450011
4.38521825396825,0.606322125367288,0.565282000484733,0.783571368197661,10.6041148895262
4.38531746031746,0.606267273337341,0.565298507545445,0.783196599785504,10.6045343671447
4.38541666666667,0.60621242464824,0.565314985947904,0.78282201084902,10.6049537778767
4.38551587301587,0.606157579302465,0.565331435706293,0.782447601303656,10.6053731217426
4.38561507936508,0.606102737302507,0.565347856834782,0.782073371064889,10.6057923987626
4.38571428571429,0.606047898650867,0.565364249347534,0.781699320048226,10.606211608957
4.38581349206349,0.605993063350057,0.5653806132587,0.781325448169202,10.6066307523461
4.3859126984127,0.6059382314026,0.565396948582423,0.780951755343383,10.60704982895
4.38601190476191,0.605883402811031,0.565413255332833,0.78057824148637,10.6074688387891
4.38611111111111,0.605828577577894,0.565429533524054,0.780204906513786,10.6078877818835
4.38621031746032,0.605773755705743,0.565445783170199,0.77983175034129,10.6083066582534
4.38630952380952,0.605718937197145,0.565462004285369,0.779458772884568,10.6087254679191
4.38640873015873,0.605664122054676,0.565478196883658,0.779085974059337,10.6091442109007
4.38650793650794,0.605609310280924,0.565494360979149,0.778713353781341,10.6095628872183
4.38660714285714,0.605554501878488,0.565510496585914,0.778340911966362,10.6099814968922
4.38670634920635,0.605499696849975,0.565526603718018,0.777968648530206,10.6104000399424
4.38680555555556,0.605444895198007,0.565542682389514,0.777596563388708,10.6108185163892
4.38690476190476,0.605390096925213,0.565558732614445,0.777224656457738,10.6112369262527
4.38700396825397,0.605335302034234,0.565574754406846,0.776852927653191,10.6116552695528
4.38710317460317,0.605280510527724,0.56559074778074,0.776481376890995,10.6120735463099
4.38720238095238,0.605225722408343,0.565606712750143,0.776110004087107,10.6124917565439
4.38730158730159,0.605170937678767,0.565622649329058,0.775738809157515,10.6129099002749
4.38740079365079,0.605116156341678,0.56563855753148,0.775367792018235,10.6133279775231
4.3875,0.605061378399774,0.565654437371394,0.774996952585317,10.6137459883083
4.38759920634921,0.605006603855758,0.565670288862774,0.774626290774838,10.6141639326508
4.38769841269841,0.604951832712348,0.565686112019587,0.774255806502906,10.6145818105705
4.38779761904762,0.60489706497227,0.565701906855787,0.773885499685657,10.6149996220875
4.38789682539683,0.604842300638264,0.56571767338532,0.77351537023926,10.6154173672218
4.38799603174603,0.604787539713077,0.565733411622122,0.773145418079909,10.6158350459933
4.38809523809524,0.60473278219947,0.565749121580118,0.772775643123839,10.616252658422
4.38819444444444,0.604678028100212,0.565764803273224,0.772406045287304,10.6166702045281
4.38829365079365,0.604623277418085,0.565780456715348,0.772036624486592,10.6170876843313
4.38839285714286,0.604568530155881,0.565796081920384,0.771667380638022,10.6175050978516
4.38849206349206,0.604513786316401,0.565811678902221,0.77129831365794,10.6179224451091
4.38859126984127,0.60445904590246,0.565827247674734,0.770929423462727,10.6183397261236
4.38869047619048,0.604404308916882,0.56584278825179,0.770560709968789,10.618756940915
4.38878968253968,0.604349575362501,0.565858300647247,0.770192173092565,10.6191740895033
4.38888888888889,0.604294845242162,0.565873784874952,0.769823812750521,10.6195911719083
4.3889880952381,0.604240118558724,0.565889240948743,0.76945562885916,10.62000818815
4.3890873015873,0.604185395315051,0.565904668882446,0.769087621335008,10.6204251382482
4.38918650793651,0.604130675514023,0.565920068689881,0.768719790094624,10.6208420222228
4.38928571428571,0.604075959158528,0.565935440384854,0.768352135054595,10.6212588400937
4.38938492063492,0.604021246251466,0.565950783981165,0.767984656131542,10.6216755918806
4.38948412698413,0.603966536795745,0.565966099492601,0.767617353242109,10.6220922776034
4.38958333333333,0.603911830794288,0.565981386932941,0.76725022630298,10.6225088972819
4.38968253968254,0.603857128250026,0.565996646315954,0.766883275230862,10.6229254509359
4.38978174603175,0.603802429165901,0.566011877655399,0.766516499942494,10.6233419385853
4.38988095238095,0.603747733544867,0.566027080965025,0.766149900354644,10.6237583602498
4.38998015873016,0.603693041389887,0.56604225625857,0.765783476384111,10.6241747159492
4.39007936507937,0.603638352703936,0.566057403549765,0.765417227947725,10.6245910057032
4.39017857142857,0.60358366749,0.566072522852329,0.765051154962344,10.6250072295316
4.39027777777778,0.603528985751075,0.566087614179972,0.764685257344857,10.6254233874541
4.39037698412698,0.603474307490166,0.566102677546395,0.764319535012181,10.6258394794905
4.39047619047619,0.603419632710294,0.566117712965286,0.76395398788127,10.6262555056604
4.3905753968254,0.603364961414485,0.566132720450326,0.763588615869101,10.6266714659837
4.3906746031746,0.603310293605778,0.566147700015186,0.763223418892683,10.6270873604799
4.39077380952381,0.603255629287225,0.566162651673527,0.762858396869055,10.6275031891688
4.39087301587302,0.603200968461885,0.566177575438999,0.762493549715288,10.6279189520699
4.39097222222222,0.60314631113283,0.566192471325244,0.762128877348477,10.6283346492031
4.39107142857143,0.603091657303143,0.566207339345893,0.761764379685757,10.6287502805879
4.39117063492063,0.603037006975915,0.566222179514566,0.761400056644286,10.629165846244
4.39126984126984,0.602982360154252,0.566236991844876,0.761035908141252,10.629581346191
4.39136904761905,0.602927716841267,0.566251776350425,0.760671934093877,10.6299967804484
4.39146825396825,0.602873077040085,0.566266533044804,0.760308134419408,10.630412149036
4.39156746031746,0.602818440753843,0.566281261941595,0.759944509035127,10.6308274519733
4.39166666666667,0.602763807985688,0.566295963054372,0.759581057858343,10.6312426892798
4.39176587301587,0.602709178738776,0.566310636396695,0.759217780806395,10.6316578609753
4.39186507936508,0.602654553016276,0.566325281982118,0.758854677796652,10.6320729670791
4.39196428571429,0.602599930821367,0.566339899824184,0.758491748746518,10.6324880076108
4.39206349206349,0.60254531215724,0.566354489936426,0.758128993573421,10.6329029825901
4.3921626984127,0.602490697027093,0.566369052332367,0.757766412194821,10.6333178920363
4.3922619047619,0.602436085434139,0.566383587025519,0.757404004528207,10.6337327359691
4.39236111111111,0.6023814773816,0.566398094029388,0.757041770491101,10.6341475144079
4.39246031746032,0.602326872872708,0.566412573357466,0.75667971000105,10.6345622273722
4.39255952380952,0.602272271910707,0.566427025023237,0.75631782297564,10.6349768748815
4.39265873015873,0.602217674498852,0.566441449040176,0.755956109332477,10.6353914569552
4.39275793650794,0.602163080640407,0.566455845421746,0.755594568989204,10.6358059736129
4.39285714285714,0.602108490338648,0.566470214181402,0.755233201863489,10.6362204248738
4.39295634920635,0.602053903596861,0.56648455533259,0.754872007873034,10.6366348107576
4.39305555555556,0.601999320418345,0.566498868888742,0.754510986935569,10.6370491312836
4.39315476190476,0.601944740806406,0.566513154863285,0.754150138968855,10.6374633864712
4.39325396825397,0.601890164764365,0.566527413269634,0.753789463890683,10.6378775763398
4.39335317460317,0.601835592295549,0.566541644121193,0.753428961618871,10.6382917009088
4.39345238095238,0.601781023403301,0.566555847431359,0.753068632071274,10.6387057601975
4.39355158730159,0.60172645809097,0.566570023213517,0.752708475165771,10.6391197542254
4.39365079365079,0.60167189636192,0.566584171481042,0.752348490820273,10.6395336830118
4.39375,0.601617338219521,0.566598292247302,0.751988678952721,10.639947546576
4.39384920634921,0.601562783667158,0.566612385525652,0.751629039481086,10.6403613449374
4.39394841269841,0.601508232708225,0.566626451329438,0.751269572323366,10.6407750781152
4.39404761904762,0.601453685346126,0.566640489671997,0.750910277397598,10.6411887461289
4.39414682539683,0.601399141584278,0.566654500566656,0.75055115462184,10.6416023489976
4.39424603174603,0.601344601426106,0.566668484026731,0.750192203914184,10.6420158867406
4.39434523809524,0.601290064875048,0.566682440065531,0.74983342519275,10.6424293593773
4.39444444444444,0.601235531934552,0.566696368696351,0.749474818375691,10.642842766927
4.39454365079365,0.601181002608076,0.56671026993248,0.749116383381187,10.6432561094087
4.39464285714286,0.601126476899089,0.566724143787195,0.748758120127451,10.6436693868419
4.39474206349206,0.601071954811072,0.566737990273764,0.748400028532722,10.6440825992456
4.39484126984127,0.601017436347516,0.566751809405445,0.748042108515272,10.6444957466392
4.39494047619048,0.600962921511922,0.566765601195486,0.747684359993406,10.6449088290418
4.39503968253968,0.600908410307803,0.566779365657125,0.747326782885453,10.6453218464727
4.39513888888889,0.600853902738682,0.566793102803591,0.746969377109775,10.645734798951
4.39523809523809,0.600799398808093,0.566806812648103,0.746612142584764,10.6461476864958
4.3953373015873,0.60074489851958,0.566820495203869,0.746255079228842,10.6465605091264
4.39543650793651,0.600690401876699,0.566834150484089,0.745898186960458,10.6469732668619
4.39553571428571,0.600635908883016,0.566847778501952,0.745541465698099,10.6473859597214
4.39563492063492,0.600581419542108,0.566861379270637,0.745184915360275,10.6477985877241
4.39573412698413,0.600526933857563,0.566874952803313,0.744828535865527,10.648211150889
4.39583333333333,0.60047245183298,0.566888499113141,0.744472327132428,10.6486236492353
4.39593253968254,0.600417973471966,0.56690201821327,0.74411628907958,10.6490360827821
4.39603174603175,0.600363498778143,0.566915510116841,0.743760421625615,10.6494484515484
4.39613095238095,0.600309027755142,0.566928974836984,0.743404724689195,10.6498607555533
4.39623015873016,0.600254560406602,0.566942412386819,0.743049198189014,10.6502729948159
4.39632936507937,0.600200096736177,0.566955822779457,0.74269384204379,10.6506851693551
4.39642857142857,0.600145636747531,0.566969206027999,0.74233865617228,10.6510972791902
4.39652777777778,0.600091180444335,0.566982562145536,0.741983640493266,10.65150932434
4.39662698412698,0.600036727830276,0.566995891145148,0.74162879492556,10.6519213048236
4.39672619047619,0.599982278909048,0.567009193039908,0.741274119388003,10.6523332206599
4.3968253968254,0.599927833684357,0.567022467842877,0.74091961379947,10.6527450718681
4.3969246031746,0.59987339215992,0.567035715567107,0.740565278078859,10.6531568584669
4.39702380952381,0.599818954339465,0.567048936225639,0.740211112145109,10.6535685804755
4.39712301587302,0.599764520226729,0.567062129831505,0.739857115917181,10.6539802379128
4.39722222222222,0.599710089825463,0.567075296397729,0.739503289314066,10.6543918307977
4.39732142857143,0.599655663139425,0.567088435937321,0.739149632254788,10.6548033591491
4.39742063492063,0.599601240172385,0.567101548463286,0.7387961446584,10.655214822986
4.39751984126984,0.599546820928127,0.567114633988615,0.738442826443985,10.6556262223273
4.39761904761905,0.59949240541044,0.567127692526291,0.738089677530656,10.6560375571918
4.39771825396825,0.599437993623129,0.567140724089289,0.737736697837556,10.6564488275985
4.39781746031746,0.599383585570007,0.567153728690571,0.737383887283856,10.6568600335663
4.39791666666667,0.599329181254898,0.56716670634309,0.737031245788764,10.6572711751139
4.39801587301587,0.599274780681637,0.56717965705979,0.736678773271511,10.6576822522603
4.39811507936508,0.59922038385407,0.567192580853605,0.73632646965136,10.6580932650243
4.39821428571429,0.599165990776053,0.56720547773746,0.735974334847605,10.6585042134247
4.39831349206349,0.599111601451454,0.567218347724268,0.735622368779568,10.6589150974804
4.3984126984127,0.599057215884151,0.567231190826934,0.735270571366602,10.6593259172101
4.39851190476191,0.599002834078033,0.567244007058351,0.734918942528095,10.6597366726327
4.39861111111111,0.598948456036999,0.567256796431406,0.734567482183457,10.6601473637669
4.39871031746032,0.59889408176496,0.567269558958973,0.734216190252133,10.6605579906315
4.39880952380952,0.598839711265837,0.567282294653917,0.733865066653596,10.6609685532452
4.39890873015873,0.598785344543562,0.567295003529093,0.73351411130735,10.6613790516269
4.39900793650794,0.598730981602077,0.567307685597347,0.733163324132929,10.6617894857953
4.39910714285714,0.598676622445335,0.567320340871514,0.732812705049897,10.662199855769
4.39920634920635,0.598622267077301,0.567332969364421,0.732462253977848,10.6626101615668
4.39930555555556,0.59856791550195,0.567345571088883,0.732111970836403,10.6630204032074
4.39940476190476,0.598513567723267,0.567358146057706,0.731761855545221,10.6634305807096
4.39950396825397,0.598459223745248,0.567370694283687,0.731411908023984,10.6638406940919
4.39960317460317,0.598404883571902,0.567383215779612,0.731062128192406,10.664250743373
4.39970238095238,0.598350547207245,0.567395710558258,0.730712515970232,10.6646607285717
4.39980158730159,0.598296214655307,0.567408178632391,0.730363071277235,10.6650706497066
4.39990079365079,0.598241885920126,0.56742062001477,0.730013794033217,10.6654805067962
4.4,0.598187561005753,0.567433034718141,0.729664684158019,10.6658902998593
4.40009920634921,0.598133239916249,0.567445422755241,0.729315741571501,10.6663000289144
4.40019841269841,0.598078922655685,0.567457784138798,0.728966966193558,10.6667096939801
4.40029761904762,0.598024609228145,0.567470118881531,0.728618357944116,10.6671192950751
4.40039682539683,0.59797029963772,0.567482426996146,0.728269916743127,10.6675288322179
4.40049603174603,0.597915993888516,0.567494708495341,0.727921642510578,10.6679383054271
4.40059523809524,0.597861691984646,0.567506963391807,0.727573535166482,10.6683477147212
4.40069444444444,0.597807393930236,0.567519191698219,0.727225594630886,10.6687570601188
4.40079365079365,0.597753099729423,0.567531393427249,0.72687782082386,10.6691663416384
4.40089285714286,0.597698809386353,0.567543568591553,0.726530213665515,10.6695755592986
4.40099206349206,0.597644522905184,0.567555717203782,0.726182773075982,10.6699847131178
4.40109126984127,0.597590240290085,0.567567839276574,0.725835498975429,10.6703938031146
4.40119047619048,0.597535961545234,0.567579934822558,0.725488391284048,10.6708028293074
4.40128968253968,0.597481686674822,0.567592003854355,0.725141449922066,10.6712117917147
4.40138888888889,0.597427415683049,0.567604046384575,0.724794674809735,10.6716206903551
4.4014880952381,0.597373148574128,0.567616062425816,0.724448065867344,10.6720295252468
4.4015873015873,0.597318885352279,0.567628051990669,0.724101623015208,10.6724382964085
4.40168650793651,0.597264626021737,0.567640015091714,0.723755346173671,10.6728470038585
4.40178571428571,0.597210370586745,0.567651951741522,0.723409235263109,10.6732556476152
4.40188492063492,0.597156119051557,0.567663861952653,0.723063290203927,10.6736642276971
4.40198412698413,0.597101871420438,0.567675745737659,0.72271751091656,10.6740727441226
4.40208333333333,0.597047627697666,0.567687603109079,0.722371897321474,10.6744811969099
4.40218253968254,0.596993387887526,0.567699434079446,0.722026449339165,10.6748895860776
4.40228174603175,0.596939151994315,0.56771123866128,0.721681166890156,10.675297911644
4.40238095238095,0.596884920022343,0.567723016867094,0.721336049895007,10.6757061736274
4.40248015873016,0.596830691975929,0.567734768709388,0.720991098274301,10.6761143720462
4.40257936507937,0.596776467859401,0.567746494200655,0.720646311948656,10.6765225069187
4.40267857142857,0.596722247677101,0.567758193353376,0.720301690838715,10.6769305782632
4.40277777777778,0.59666803143338,0.567769866180024,0.719957234865156,10.677338586098
4.40287698412698,0.5966138191326,0.567781512693062,0.719612943948682,10.6777465304415
4.40297619047619,0.596559610779134,0.567793132904941,0.719268818010033,10.6781544113119
4.4030753968254,0.596505406377365,0.567804726828105,0.718924856969974,10.6785622287274
4.4031746031746,0.596451205931688,0.567816294474986,0.7185810607493,10.6789699827065
4.40327380952381,0.596397009446507,0.567827835858008,0.718237429268837,10.6793776732672
4.40337301587302,0.59634281692624,0.567839350989583,0.717893962449443,10.6797853004278
4.40347222222222,0.596288628375311,0.567850839882117,0.717550660212003,10.6801928642066
4.40357142857143,0.596234443798159,0.567862302548001,0.717207522477433,10.6806003646218
4.40367063492063,0.596180263199232,0.567873738999619,0.71686454916668,10.6810078016916
4.40376984126984,0.596126086582987,0.567885149249347,0.716521740200718,10.6814151754342
4.40386904761905,0.596071913953896,0.567896533309548,0.716179095500558,10.6818224858677
4.40396825396825,0.596017745316439,0.567907891192576,0.715836614987235,10.6822297330104
4.40406746031746,0.595963580675106,0.567919222910775,0.715494298581814,10.6826369168804
4.40416666666667,0.5959094200344,0.567930528476482,0.715152146205394,10.6830440374958
4.40426587301587,0.595855263398832,0.567941807902019,0.7148101577791,10.6834510948748
4.40436507936508,0.595801110772927,0.567953061199703,0.714468333224086,10.6838580890355
4.40446428571429,0.595746962161218,0.567964288381839,0.714126672461545,10.684265019996
4.40456349206349,0.595692817568251,0.567975489460722,0.713785175412691,10.6846718877744
4.4046626984127,0.595638676998582,0.567986664448638,0.713443841998771,10.6850786923889
4.40476190476191,0.595584540456775,0.567997813357862,0.713102672141061,10.6854854338575
4.40486111111111,0.595530407947409,0.568008936200661,0.71276166576087,10.6858921121982
4.40496031746032,0.595476279475072,0.56802003298929,0.712420822779533,10.6862987274292
4.40505952380952,0.595422155044362,0.568031103735996,0.712080143118419,10.6867052795684
4.40515873015873,0.595368034659889,0.568042148453016,0.711739626698924,10.6871117686339
4.40525793650794,0.595313918326272,0.568053167152575,0.711399273442473,10.6875181946438
4.40535714285714,0.595259806048144,0.568064159846892,0.711059083270529,10.687924557616
4.40545634920635,0.595205697830144,0.568075126548172,0.710719056104575,10.6883308575686
4.40555555555556,0.595151593676927,0.568086067268614,0.710379191866131,10.6887370945195
4.40565476190476,0.595097493593155,0.568096982020404,0.710039490476743,10.6891432684867
4.40575396825397,0.595043397583502,0.56810787081572,0.709699951857989,10.6895493794881
4.40585317460318,0.594989305652652,0.568118733666729,0.709360575931473,10.6899554275419
4.40595238095238,0.594935217805301,0.568129570585591,0.70902136261884,10.6903614126657
4.40605158730159,0.594881134046157,0.568140381584452,0.708682311841752,10.6907673348778
4.40615079365079,0.594827054379934,0.568151166675451,0.708343423521909,10.6911731941958
4.40625,0.594772978811362,0.568161925870716,0.708004697581039,10.6915789906378
4.40634920634921,0.594718907345178,0.568172659182367,0.707666133940899,10.6919847242216
4.40644841269841,0.594664839986132,0.568183366622511,0.707327732523276,10.6923903949651
4.40654761904762,0.594610776738984,0.568194048203249,0.70698949324999,10.6927960028863
4.40664682539682,0.594556717608504,0.568204703936668,0.706651416042888,10.6932015480029
4.40674603174603,0.594502662599474,0.568215333834849,0.706313500823846,10.6936070303329
4.40684523809524,0.594448611716687,0.56822593790986,0.705975747514776,10.694012449894
4.40694444444444,0.594394564964945,0.568236516173762,0.705638156037615,10.6944178067041
4.40704365079365,0.594340522349063,0.568247068638605,0.70530072631433,10.694823100781
4.40714285714286,0.594286483873863,0.568257595316427,0.704963458266921,10.6952283321425
4.40724206349206,0.594232449544183,0.568268096219261,0.704626351817415,10.6956335008065
4.40734126984127,0.594178419364867,0.568278571359126,0.704289406887868,10.6960386067907
4.40744047619048,0.594124393340774,0.568289020748032,0.703952623400374,10.6964436501128
4.40753968253968,0.59407037147677,0.56829944439798,0.703616001277048,10.6968486307907
4.40763888888889,0.594016353777733,0.568309842320962,0.70327954044004,10.6972535488421
4.40773809523809,0.593962340248553,0.568320214528959,0.702943240811528,10.6976584042847
4.4078373015873,0.593908330894129,0.568330561033941,0.702607102313721,10.6980631971363
4.40793650793651,0.593854325719372,0.56834088184787,0.702271124868856,10.6984679274145
4.40803571428571,0.593800324729203,0.568351176982698,0.701935308399204,10.6988725951371
4.40813492063492,0.593746327928555,0.568361446450367,0.701599652827063,10.6992772003218
4.40823412698413,0.59369233532237,0.568371690262808,0.70126415807476,10.6996817429863
4.40833333333333,0.593638346915602,0.568381908431944,0.700928824064658,10.7000862231482
4.40843253968254,0.593584362713214,0.568392100969687,0.700593650719143,10.7004906408252
4.40853174603175,0.593530382720183,0.568402267887941,0.700258637960635,10.7008949960349
4.40863095238095,0.593476406941494,0.568412409198596,0.699923785711584,10.701299288795
4.40873015873016,0.593422435382144,0.568422524913537,0.699589093894467,10.7017035191231
4.40882936507937,0.593368468047139,0.568432615044636,0.699254562431793,10.7021076870369
4.40892857142857,0.593314504941499,0.568442679603757,0.698920191246105,10.7025117925538
4.40902777777778,0.593260546070252,0.568452718602753,0.698585980259969,10.7029158356916
4.40912698412698,0.593206591438437,0.568462732053467,0.698251929395986,10.7033198164678
4.40922619047619,0.593152641051105,0.568472719967734,0.697918038576785,10.7037237348999
4.4093253968254,0.593098694913318,0.568482682357378,0.697584307725025,10.7041275910056
4.4094246031746,0.593044753030146,0.568492619234212,0.697250736763396,10.7045313848023
4.40952380952381,0.592990815406673,0.568502530610041,0.696917325614617,10.7049351163076
4.40962301587302,0.592936882047992,0.568512416496659,0.696584074201439,10.7053387855391
4.40972222222222,0.592882952959207,0.568522276905851,0.696250982446638,10.7057423925142
4.40982142857143,0.592829028145433,0.568532111849392,0.695918050273029,10.7061459372504
4.40992063492063,0.592775107611796,0.568541921339047,0.695585277603449,10.7065494197653
4.41001984126984,0.592721191363432,0.56855170538657,0.695252664360769,10.7069528400763
4.41011904761905,0.592667279405488,0.568561464003709,0.694920210467888,10.7073561982009
4.41021825396825,0.592613371743123,0.568571197202197,0.694587915847736,10.7077594941565
4.41031746031746,0.592559468381504,0.568580904993761,0.694255780423271,10.7081627279606
4.41041666666667,0.592505569325812,0.568590587390117,0.693923804117487,10.7085658996305
4.41051587301587,0.592451674581237,0.568600244402971,0.693591986853403,10.7089690091839
4.41061507936508,0.592397784152979,0.568609876044018,0.693260328554069,10.7093720566379
4.41071428571429,0.59234389804625,0.568619482324947,0.692928829142564,10.7097750420102
4.41081349206349,0.592290016266273,0.568629063257432,0.692597488542,10.7101779653179
4.4109126984127,0.59223613881828,0.568638618853141,0.692266306675516,10.7105808265786
4.4110119047619,0.592182265707517,0.568648149123731,0.691935283466284,10.7109836258095
4.41111111111111,0.592128396939237,0.568657654080849,0.691604418837503,10.711386363028
4.41121031746032,0.592074532518706,0.568667133736132,0.691273712712401,10.7117890382516
4.41130952380952,0.5920206724512,0.568676588101209,0.690943165014245,10.7121916514974
4.41140873015873,0.591966816742006,0.568686017187696,0.690612775666321,10.7125942027828
4.41150793650794,0.591912965396423,0.568695421007201,0.690282544591952,10.7129966921252
4.41160714285714,0.591859118419758,0.568704799571323,0.689952471714487,10.7133991195418
4.41170634920635,0.591805275817331,0.56871415289165,0.689622556957307,10.7138014850499
4.41180555555556,0.591751437594471,0.56872348097976,0.689292800243821,10.7142037886667
4.41190476190476,0.59169760375652,0.568732783847221,0.688963201497476,10.7146060304097
4.41200396825397,0.591643774308829,0.568742061505593,0.688633760641738,10.7150082102959
4.41210317460317,0.59158994925676,0.568751313966425,0.688304477600109,10.7154103283427
4.41220238095238,0.591536128605687,0.568760541241255,0.68797535229612,10.7158123845672
4.41230158730159,0.591482312360992,0.568769743341613,0.687646384653333,10.7162143789867
4.41240079365079,0.591428500528072,0.568778920279018,0.687317574595338,10.7166163116184
4.4125,0.59137469311233,0.56878807206498,0.686988922045757,10.7170181824795
4.41259920634921,0.591320890119183,0.568797198710999,0.686660426928241,10.7174199915871
4.41269841269841,0.591267091554058,0.568806300228565,0.686332089166469,10.7178217389585
4.41279761904762,0.591213297422392,0.568815376629158,0.686003908684158,10.7182234246108
4.41289682539683,0.591159507729634,0.568824427924248,0.685675885405045,10.7186250485611
4.41299603174603,0.591105722481242,0.568833454125296,0.685348019252903,10.7190266108267
4.41309523809524,0.591051941682687,0.568842455243753,0.685020310151534,10.7194281114245
4.41319444444444,0.59099816533945,0.568851431291059,0.684692758024768,10.7198295503718
4.41329365079365,0.59094439345702,0.568860382278646,0.684365362796465,10.7202309276856
4.41339285714286,0.590890626040901,0.568869308217934,0.684038124390522,10.720632243383
4.41349206349206,0.590836863096606,0.568878209120336,0.683711042730858,10.7210334974811
4.41359126984127,0.590783104629657,0.568887084997253,0.683384117741425,10.721434689997
4.41369047619048,0.59072935064559,0.568895935860076,0.683057349346205,10.7218358209478
4.41378968253968,0.590675601149949,0.568904761720188,0.682730737469209,10.7222368903504
4.41388888888889,0.59062185614829,0.568913562588961,0.68240428203448,10.7226378982219
4.41398809523809,0.59056811564618,0.568922338477757,0.68207798296609,10.7230388445794
4.4140873015873,0.590514379649197,0.568931089397928,0.68175184018814,10.7234397294398
4.41418650793651,0.590460648162927,0.568939815360818,0.681425853624761,10.7238405528202
4.41428571428571,0.590406921192971,0.568948516377759,0.68110002320012,10.7242413147375
4.41438492063492,0.590353198744938,0.568957192460074,0.680774348838406,10.7246420152088
4.41448412698413,0.590299480824448,0.568965843619076,0.680448830463842,10.7250426542509
4.41458333333333,0.590245767437133,0.568974469866069,0.68012346800068,10.7254432318809
4.41468253968254,0.590192058588634,0.568983071212346,0.679798261373202,10.7258437481157
4.41478174603175,0.590138354284604,0.568991647669192,0.67947321050572,10.7262442029722
4.41488095238095,0.590084654530706,0.569000199247879,0.679148315322579,10.7266445964673
4.41498015873016,0.590030959332615,0.569008725959672,0.67882357574815,10.727044928618
4.41507936507937,0.589977268696016,0.569017227815826,0.678498991706836,10.7274451994412
4.41517857142857,0.589923582626603,0.569025704827585,0.678174563123069,10.7278454089537
4.41527777777778,0.589869901130084,0.569034157006183,0.677850289921313,10.7282455571724
4.41537698412698,0.589816224212176,0.569042584362845,0.67752617202606,10.7286456441143
4.41547619047619,0.589762551878607,0.569050986908786,0.677202209361832,10.729045669796
4.4155753968254,0.589708884135115,0.569059364655212,0.676878401853184,10.7294456342346
4.4156746031746,0.589655220987449,0.569067717613318,0.676554749424695,10.7298455374467
4.41577380952381,0.589601562441372,0.569076045794289,0.676231252000983,10.7302453794493
4.41587301587302,0.589547908502651,0.5690843492093,0.675907909506688,10.7306451602592
4.41597222222222,0.589494259177071,0.569092627869519,0.675584721866485,10.731044879893
4.41607142857143,0.589440614470423,0.569100881786101,0.675261689005076,10.7314445383677
4.41617063492063,0.589386974388511,0.569109110970191,0.674938810847195,10.7318441357
4.41626984126984,0.589333338937147,0.569117315432927,0.674616087317602,10.7322436719067
4.41636904761905,0.589279708122158,0.569125495185436,0.674293518341095,10.7326431470045
4.41646825396825,0.589226081949379,0.569133650238833,0.673971103842496,10.7330425610101
4.41656746031746,0.589172460424655,0.569141780604226,0.673648843746658,10.7334419139404
4.41666666666667,0.589118843553844,0.569149886292712,0.673326737978464,10.7338412058119
4.41676587301587,0.589065231342814,0.569157967315378,0.673004786462828,10.7342404366414
4.41686507936508,0.589011623797444,0.569166023683302,0.672682989124693,10.7346396064457
4.41696428571429,0.588958020923621,0.569174055407552,0.672361345889035,10.7350387152413
4.41706349206349,0.588904422727247,0.569182062499184,0.672039856680855,10.735437763045
4.4171626984127,0.588850829214232,0.569190044969248,0.671718521425185,10.7358367498734
4.41726190476191,0.588797240390498,0.569198002828782,0.671397340047095,10.7362356757431
4.41736111111111,0.588743656261977,0.569205936088813,0.671076312471675,10.7366345406709
4.41746031746032,0.588690076834612,0.569213844760361,0.670755438624049,10.7370333446733
4.41755952380952,0.588636502114357,0.569221728854433,0.670434718429372,10.737432087767
4.41765873015873,0.588582932107177,0.56922958838203,0.670114151812828,10.7378307699685
4.41775793650794,0.588529366819046,0.569237423354139,0.669793738699628,10.7382293912944
4.41785714285714,0.588475806255951,0.569245233781741,0.669473479015021,10.7386279517614
4.41795634920635,0.588422250423888,0.569253019675805,0.669153372684279,10.739026451386
4.41805555555556,0.588368699328866,0.56926078104729,0.668833419632706,10.7394248901847
4.41815476190476,0.588315152976902,0.569268517907146,0.668513619785637,10.7398232681742
4.41825396825397,0.588261611374026,0.569276230266314,0.668193973068435,10.7402215853709
4.41835317460317,0.588208074526277,0.569283918135723,0.667874479406497,10.7406198417913
4.41845238095238,0.588154542439706,0.569291581526293,0.667555138725245,10.741018037452
4.41855158730159,0.588101015120375,0.569299220448935,0.667235950950135,10.7414161723695
4.41865079365079,0.588047492574354,0.569306834914551,0.666916916006648,10.7418142465603
4.41875,0.587993974807729,0.56931442493403,0.666598033820304,10.7422122600408
4.41884920634921,0.587940461826591,0.569321990518253,0.666279304316646,10.7426102128275
4.41894841269841,0.587886953637046,0.569329531678093,0.665960727421248,10.7430081049369
4.41904761904762,0.587833450245208,0.569337048424409,0.665642303059715,10.7434059363855
4.41914682539683,0.587779951657203,0.569344540768055,0.665324031157682,10.7438037071895
4.41924603174603,0.587726457879168,0.569352008719871,0.665005911640811,10.7442014173656
4.41934523809524,0.58767296891725,0.56935945229069,0.664687944434803,10.74459906693
4.41944444444444,0.587619484777608,0.569366871491334,0.664370129465379,10.7449966558992
4.41954365079365,0.58756600546641,0.569374266332614,0.664052466658295,10.7453941842896
4.41964285714286,0.587512530989836,0.569381636825334,0.663734955939336,10.7457916521175
4.41974206349206,0.587459061354077,0.569388982980286,0.663417597234317,10.7461890593994
4.41984126984127,0.587405596565333,0.569396304808252,0.663100390469083,10.7465864061515
4.41994047619048,0.587352136629817,0.569403602320007,0.662783335569511,10.7469836923902
4.42003968253968,0.587298681553751,0.569410875526313,0.662466432461504,10.7473809181319
4.42013888888889,0.587245231343367,0.569418124437923,0.662149681070997,10.7477780833928
4.4202380952381,0.587191786004913,0.56942534906558,0.661833081323959,10.7481751881893
4.4203373015873,0.58713834554464,0.56943254942002,0.661516633146383,10.7485722325377
4.42043650793651,0.587084909968816,0.569439725511965,0.661200336464296,10.7489692164542
4.42053571428571,0.587031479283717,0.569446877352129,0.660884191203752,10.7493661399552
4.42063492063492,0.58697805349563,0.569454004951217,0.660568197290838,10.7497630030568
4.42073412698413,0.586924632610853,0.569461108319924,0.660252354651666,10.7501598057754
4.42083333333333,0.586871216635695,0.569468187468933,0.659936663212388,10.7505565481272
4.42093253968254,0.586817805576474,0.56947524240892,0.659621122899176,10.7509532301284
4.42103174603175,0.586764399439523,0.56948227315055,0.659305733638237,10.7513498517952
4.42113095238095,0.58671099823118,0.569489279704477,0.658990495355807,10.7517464131439
4.42123015873016,0.586657601957799,0.569496262081347,0.658675407978151,10.7521429141906
4.42132936507937,0.586604210625741,0.569503220291795,0.658360471431566,10.7525393549515
4.42142857142857,0.58655082424138,0.569510154346448,0.658045685642378,10.7529357354428
4.42152777777778,0.586497442811099,0.569517064255921,0.657731050536942,10.7533320556807
4.42162698412698,0.586444066341294,0.569523950030819,0.657416566041644,10.7537283156812
4.42172619047619,0.586390694838371,0.56953081168174,0.657102232082904,10.7541245154606
4.4218253968254,0.586337328308744,0.569537649219269,0.656788048587165,10.754520655035
4.4219246031746,0.586283966758842,0.569544462653984,0.656474015480904,10.7549167344204
4.42202380952381,0.586230610195102,0.56955125199645,0.656160132690628,10.7553127536331
4.42212301587302,0.586177258623973,0.569558017257225,0.655846400142873,10.755708712689
4.42222222222222,0.586123912051913,0.569564758446856,0.655532817764204,10.7561046116043
4.42232142857143,0.586070570485394,0.56957147557588,0.655219385481221,10.756500450395
4.42242063492063,0.586017233930895,0.569578168654824,0.654906103220549,10.7568962290772
4.42251984126984,0.585963902394909,0.569584837694207,0.654592970908845,10.7572919476669
4.42261904761905,0.585910575883937,0.569591482704535,0.654279988472795,10.7576876061802
4.42271825396825,0.585857254404493,0.569598103696308,0.653967155839116,10.7580832046331
4.42281746031746,0.5858039379631,0.569604700680012,0.653654472934556,10.7584787430416
4.42291666666667,0.585750626566294,0.569611273666128,0.65334193968589,10.7588742214218
4.42301587301587,0.585697320220618,0.569617822665122,0.653029556019927,10.7592696397895
4.42311507936508,0.58564401893263,0.569624347687453,0.652717321863501,10.7596649981608
4.42321428571429,0.585590722708896,0.569630848743571,0.652405237143483,10.7600602965517
4.42331349206349,0.585537431555994,0.569637325843915,0.652093301786768,10.7604555349781
4.4234126984127,0.585484145480513,0.569643778998913,0.651781515720284,10.760850713456
4.4235119047619,0.58543086448905,0.569650208218986,0.651469878870988,10.7612458320012
4.42361111111111,0.585377588588217,0.569656613514542,0.651158391165866,10.7616408906297
4.42371031746032,0.585324317784633,0.569662994895982,0.650847052531935,10.7620358893575
4.42380952380952,0.58527105208493,0.569669352373695,0.650535862896246,10.7624308282004
4.42390873015873,0.585217791495751,0.569675685958062,0.650224822185875,10.7628257071743
4.42400793650794,0.585164536023748,0.569681995659452,0.649913930327928,10.763220526295
4.42410714285714,0.585111285675584,0.569688281488227,0.649603187249544,10.7636152855786
4.42420634920635,0.585058040457934,0.569694543454736,0.64929259287789,10.7640099850407
4.42430555555556,0.585004800377484,0.569700781569322,0.648982147140163,10.7644046246973
4.42440476190476,0.584951565440929,0.569706995842314,0.648671849963593,10.7647992045642
4.42450396825397,0.584898335654976,0.569713186284034,0.648361701275435,10.7651937246572
4.42460317460317,0.584845111026341,0.569719352904794,0.648051701002977,10.7655881849921
4.42470238095238,0.584791891561754,0.569725495714894,0.64774184907354,10.7659825855847
4.42480158730159,0.584738677267953,0.569731614724627,0.64743214541447,10.7663769264508
4.42490079365079,0.584685468151688,0.569737709944274,0.647122589953145,10.7667712076062
4.425,0.584632264219719,0.569743781384108,0.646813182616973,10.7671654290666
4.42509920634921,0.584579065478818,0.569749829054391,0.646503923333393,10.7675595908477
4.42519841269841,0.584525871935766,0.569755852965374,0.64619481202987,10.7679536929655
4.42529761904762,0.584472683597357,0.569761853127302,0.645885848633906,10.7683477354354
4.42539682539683,0.584419500470392,0.569767829550406,0.645577033073029,10.7687417182734
4.42549603174603,0.584366322561688,0.569773782244909,0.645268365274796,10.769135641495
4.42559523809524,0.584313149878068,0.569779711221025,0.644959845166796,10.769529505116
4.42569444444444,0.584259982426369,0.569785616488958,0.644651472676647,10.7699233091521
4.42579365079365,0.584206820213437,0.569791498058899,0.644343247731997,10.7703170536189
4.42589285714286,0.584153663246128,0.569797355941034,0.644035170260526,10.7707107385321
4.42599206349206,0.584100511531312,0.569803190145535,0.643727240189942,10.7711043639074
4.42609126984127,0.584047365075866,0.569809000682568,0.643419457447981,10.7714979297603
4.42619047619048,0.58399422388668,0.569814787562286,0.643111821962417,10.7718914361066
4.42628968253968,0.583941087970655,0.569820550794834,0.642804333661045,10.7722848829617
4.42638888888889,0.583887957334702,0.569826290390345,0.642496992471695,10.7726782703414
4.42648809523809,0.583834831985742,0.569832006358946,0.642189798322227,10.7730715982613
4.4265873015873,0.583781711930707,0.56983769871075,0.641882751140527,10.7734648667368
4.42668650793651,0.583728597176541,0.569843367455863,0.641575850854515,10.7738580757836
4.42678571428571,0.583675487730199,0.56984901260438,0.641269097392142,10.7742512254173
4.42688492063492,0.583622383598644,0.569854634166387,0.640962490681386,10.7746443156533
4.42698412698413,0.583569284788852,0.569860232151959,0.640656030650256,10.7750373465073
4.42708333333333,0.58351619130781,0.569865806571163,0.640349717226792,10.7754303179947
4.42718253968254,0.583463103162515,0.569871357434053,0.640043550339061,10.7758232301311
4.42728174603175,0.583410020359974,0.569876884750676,0.639737529915165,10.7762160829319
4.42738095238095,0.583356942907205,0.569882388531069,0.639431655883232,10.7766088764127
4.42748015873016,0.583303870811239,0.569887868785258,0.639125928171421,10.7770016105889
4.42757936507937,0.583250804079115,0.56989332552326,0.63882034670792,10.777394285476
4.42767857142857,0.583197742717884,0.569898758755081,0.638514911420954,10.7777869010895
4.42777777777778,0.583144686734608,0.569904168490719,0.638209622238768,10.7781794574448
4.42787698412698,0.583091636136359,0.569909554740161,0.637904479089643,10.7785719545573
4.42797619047619,0.58303859093022,0.569914917513384,0.637599481901888,10.7789643924425
4.4280753968254,0.582985551123284,0.569920256820356,0.637294630603844,10.7793567711157
4.4281746031746,0.582932516722657,0.569925572671035,0.636989925123878,10.7797490905925
4.42827380952381,0.582879487735454,0.569930865075368,0.636685365390395,10.780141350888
4.42837301587302,0.5828264641688,0.569936134043294,0.63638095133182,10.7805335520179
4.42847222222222,0.582773446029834,0.569941379584741,0.636076682876616,10.7809256939973
4.42857142857143,0.582720433325701,0.569946601709627,0.635772559953272,10.7813177768417
4.42867063492063,0.582667426063561,0.569951800427862,0.635468582490308,10.7817098005664
4.42876984126984,0.582614424250583,0.569956975749343,0.635164750416274,10.7821017651867
4.42886904761905,0.582561427893947,0.56996212768396,0.63486106365975,10.782493670718
4.42896825396825,0.582508437000842,0.569967256241593,0.634557522149346,10.7828855171755
4.42906746031746,0.582455451578471,0.56997236143211,0.634254125813702,10.7832773045747
4.42916666666667,0.582402471634046,0.569977443265371,0.63395087458149,10.7836690329306
4.42926587301587,0.58234949717479,0.569982501751226,0.633647768381411,10.7840607022587
4.42936507936508,0.582296528207936,0.569987536899514,0.633344807142193,10.7844523125742
4.42946428571429,0.582243564740729,0.569992548720067,0.633041990792598,10.7848438638923
4.42956349206349,0.582190606780423,0.569997537222703,0.632739319261416,10.7852353562283
4.4296626984127,0.582137654334285,0.570002502417233,0.632436792477465,10.7856267895974
4.42976190476191,0.582084707409591,0.570007444313459,0.632134410369602,10.7860181640149
4.42986111111111,0.582031766013629,0.57001236292117,0.631832172866703,10.7864094794958
4.42996031746032,0.581978830153698,0.570017258250149,0.63153007989768,10.7868007360555
4.43005952380952,0.581925899837105,0.570022130310165,0.631228131391475,10.7871919337092
4.43015873015873,0.58187297507117,0.57002697911098,0.630926327277057,10.7875830724719
4.43025793650794,0.581820055863225,0.570031804662346,0.630624667483427,10.7879741523589
4.43035714285714,0.58176714222061,0.570036606974005,0.630323151939617,10.7883651733852
4.43045634920635,0.581714234150677,0.570041386055688,0.630021780574688,10.7887561355662
4.43055555555556,0.581661331660788,0.570046141917117,0.629720553317729,10.7891470389167
4.43065476190476,0.581608434758318,0.570050874568004,0.629419470097865,10.7895378834521
4.43075396825397,0.581555543450651,0.570055584018053,0.629118530844244,10.7899286691874
4.43085317460317,0.581502657745181,0.570060270276955,0.62881773548605,10.7903193961376
4.43095238095238,0.581449777649314,0.570064933354393,0.628517083952492,10.7907100643179
4.43105158730159,0.581396903170467,0.57006957326004,0.628216576172812,10.7911006737434
4.43115079365079,0.581344034316067,0.57007419000356,0.62791621207628,10.791491224429
4.43125,0.581291171093552,0.570078783594605,0.627615991592201,10.7918817163899
4.43134920634921,0.58123831351037,0.570083354042819,0.627315914649905,10.7922721496411
4.43144841269841,0.581185461573981,0.570087901357836,0.627015981178753,10.7926625241976
4.43154761904762,0.581132615291856,0.570092425549279,0.626716191108137,10.7930528400744
4.43164682539683,0.581079774671475,0.570096926626762,0.626416544367479,10.7934430972865
4.43174603174603,0.581026939720331,0.57010140459989,0.62611704088623,10.7938332958489
4.43184523809524,0.580974110445925,0.570105859478257,0.625817680593872,10.7942234357766
4.43194444444444,0.580921286855771,0.570110291271447,0.625518463419918,10.7946135170846
4.43204365079365,0.580868468957392,0.570114699989036,0.625219389293906,10.7950035397878
4.43214285714286,0.580815656758325,0.570119085640587,0.624920458145414,10.7953935039012
4.43224206349206,0.580762850266114,0.570123448235657,0.62462166990404,10.7957834094397
4.43234126984127,0.580710049488315,0.570127787783789,0.624323024499417,10.7961732564182
4.43244047619048,0.580657254432496,0.570132104294521,0.624024521861208,10.7965630448516
4.43253968253968,0.580604465106234,0.570136397777377,0.623726161919105,10.7969527747549
4.43263888888889,0.580551681517118,0.570140668241873,0.623427944602826,10.7973424461429
4.4327380952381,0.580498903672748,0.570144915697515,0.62312986984213,10.7977320590305
4.4328373015873,0.580446131580733,0.570149140153799,0.622831937566797,10.7981216134325
4.43293650793651,0.580393365248694,0.570153341620211,0.622534147706638,10.7985111093639
4.43303571428571,0.580340604684263,0.570157520106229,0.622236500191496,10.7989005468395
4.43313492063492,0.580287849895082,0.570161675621318,0.621938994951245,10.799289925874
4.43323412698413,0.580235100888804,0.570165808174935,0.621641631915785,10.7996792464824
4.43333333333333,0.580182357673093,0.570169917776528,0.621344411015051,10.8000685086794
4.43343253968254,0.580129620255624,0.570174004435533,0.621047332179004,10.8004577124799
4.43353174603175,0.580076888644081,0.570178068161379,0.620750395337636,10.8008468578985
4.43363095238095,0.580024162846161,0.570182108963482,0.620453600420973,10.8012359449502
4.43373015873016,0.579971442869572,0.57018612685125,0.620156947359066,10.8016249736495
4.43382936507937,0.57991872872203,0.570190121834082,0.619860436081997,10.8020139440114
4.43392857142857,0.579866020411264,0.570194093921365,0.619564066519881,10.8024028560506
4.43402777777778,0.579813317945013,0.570198043122477,0.61926783860286,10.8027917097817
4.43412698412698,0.579760621331026,0.570201969446787,0.618971752261105,10.8031805052196
4.43422619047619,0.579707930577065,0.570205872903654,0.618675807424823,10.8035692423788
4.4343253968254,0.579655245690902,0.570209753502426,0.618380004024246,10.8039579212741
4.4344246031746,0.579602566680317,0.570213611252442,0.618084341989635,10.8043465419203
4.43452380952381,0.579549893553104,0.570217446163032,0.617788821251286,10.8047351043318
4.43462301587302,0.579497226317067,0.570221258243515,0.617493441739521,10.8051236085235
4.43472222222222,0.57944456498002,0.5702250475032,0.617198203384693,10.80551205451
4.43482142857143,0.579391909549788,0.570228813951387,0.616903106117187,10.8059004423059
4.43492063492063,0.579339260034207,0.570232557597366,0.616608149867415,10.8062887719258
4.43501984126984,0.579286616441124,0.570236278450417,0.616313334565818,10.8066770433844
4.43511904761905,0.579233978778396,0.57023997651981,0.616018660142876,10.8070652566962
4.43521825396825,0.579181347053892,0.570243651814805,0.615724126529089,10.8074534118759
4.43531746031746,0.57912872127549,0.570247304344653,0.615429733654991,10.8078415089381
4.43541666666667,0.57907610145108,0.570250934118596,0.615135481451146,10.8082295478972
4.43551587301587,0.579023487588562,0.570254541145863,0.614841369848147,10.8086175287679
4.43561507936508,0.578970879695848,0.570258125435676,0.614547398776617,10.8090054515647
4.43571428571429,0.57891827778086,0.570261686997246,0.614253568167214,10.8093933163022
4.43581349206349,0.57886568185153,0.570265225839774,0.613959877950619,10.8097811229948
4.4359126984127,0.578813091915802,0.570268741972453,0.613666328057546,10.8101688716572
4.43601190476191,0.57876050798163,0.570272235404464,0.61337291841874,10.8105565623037
4.43611111111111,0.57870793005698,0.570275706144979,0.613079648964975,10.8109441949489
4.43621031746032,0.578655358149826,0.57027915420316,0.612786519627055,10.8113317696073
4.43630952380952,0.578602792268155,0.57028257958816,0.612493530335814,10.8117192862934
4.43640873015873,0.578550232419965,0.570285982309121,0.612200681022116,10.8121067450215
4.43650793650794,0.578497678613263,0.570289362375176,0.611907971616855,10.8124941458061
4.43660714285714,0.578445130856069,0.570292719795447,0.611615402050957,10.8128814886618
4.43670634920635,0.578392589156411,0.570296054579048,0.611322972255377,10.8132687736028
4.43680555555556,0.57834005352233,0.570299366735082,0.611030682161098,10.8136560006437
4.43690476190476,0.578287523961878,0.570302656272643,0.610738531699135,10.8140431697987
4.43700396825397,0.578235000483115,0.570305923200814,0.610446520800532,10.8144302810824
4.43710317460318,0.578182483094115,0.570309167528668,0.610154649396362,10.814817334509
4.43720238095238,0.57812997180296,0.57031238926527,0.609862917417735,10.815204330093
4.43730158730159,0.578077466617746,0.570315588419674,0.609571324795782,10.8155912678486
4.43740079365079,0.578024967546575,0.570318765000924,0.609279871461669,10.8159781477904
4.4375,0.577972474597565,0.570321919018055,0.608988557346591,10.8163649699325
4.43759920634921,0.577919987778841,0.570325050480092,0.608697382381772,10.8167517342893
4.43769841269841,0.577867507098541,0.570328159396048,0.608406346498469,10.8171384408751
4.43779761904762,0.577815032564811,0.57033124577493,0.608115449627964,10.8175250897042
4.43789682539682,0.577762564185812,0.570334309625732,0.607824691701574,10.8179116807909
4.43799603174603,0.577710101969711,0.57033735095744,0.607534072650642,10.8182982141494
4.43809523809524,0.57765764592469,0.570340369779029,0.607243592406548,10.8186846897941
4.43819444444444,0.577605196058939,0.570343366099465,0.606953250900694,10.8190711077392
4.43829365079365,0.57755275238066,0.570346339927704,0.606663048064516,10.8194574679989
4.43839285714286,0.577500314898065,0.570349291272692,0.606372983829478,10.8198437705875
4.43849206349206,0.577447883619376,0.570352220143366,0.606083058127078,10.8202300155192
4.43859126984127,0.577395458552829,0.570355126548651,0.605793270888838,10.8206162028081
4.43869047619048,0.577343039706667,0.570358010497465,0.605503622046318,10.8210023324685
4.43878968253968,0.577290627089146,0.570360871998714,0.605214111531101,10.8213884045146
4.43888888888889,0.577238220708532,0.570363711061295,0.604924739274803,10.8217744189605
4.43898809523809,0.577185820573102,0.570366527694095,0.60463550520907,10.8221603758205
4.4390873015873,0.577133426691144,0.570369321905992,0.604346409265578,10.8225462751085
4.43918650793651,0.577081039070955,0.570372093705854,0.604057451376032,10.8229321168389
4.43928571428571,0.577028657720846,0.570374843102537,0.603768631472168,10.8233179010257
4.43938492063492,0.576976282649136,0.570377570104889,0.603479949485752,10.823703627683
4.43948412698413,0.576923913864155,0.57038027472175,0.603191405348579,10.824089296825
4.43958333333333,0.576871551374245,0.570382956961947,0.602902998992479,10.8244749084657
4.43968253968254,0.576819195187758,0.570385616834297,0.602614730349304,10.8248604626193
4.43978174603175,0.576766845313058,0.570388254347611,0.602326599350942,10.8252459592997
4.43988095238095,0.576714501758517,0.570390869510687,0.602038605929309,10.825631398521
4.43998015873016,0.576662164532521,0.570393462332313,0.60175075001635,10.8260167802974
4.44007936507937,0.576609833643463,0.570396032821269,0.601463031544042,10.8264021046428
4.44017857142857,0.576557509099752,0.570398580986324,0.601175450444393,10.8267873715713
4.44027777777778,0.576505190909802,0.570401106836238,0.600888006649438,10.8271725810968
4.44037698412698,0.576452879082041,0.57040361037976,0.600600700091244,10.8275577332335
4.44047619047619,0.576400573624909,0.57040609162563,0.600313530701907,10.8279428279951
4.4405753968254,0.576348274546853,0.570408550582578,0.600026498413553,10.8283278653959
4.4406746031746,0.576295981856333,0.570410987259324,0.599739603158341,10.8287128454497
4.44077380952381,0.57624369556182,0.570413401664578,0.599452844868456,10.8290977681704
4.44087301587302,0.576191415671795,0.570415793807042,0.599166223476114,10.8294826335721
4.44097222222222,0.57613914219475,0.570418163695405,0.598879738913561,10.8298674416686
4.44107142857143,0.576086875139187,0.570420511338349,0.598593391113078,10.830252192474
4.44117063492063,0.576034614513621,0.570422836744545,0.598307180006969,10.830636886002
4.44126984126984,0.575982360326576,0.570425139922654,0.598021105527572,10.8310215222666
4.44136904761905,0.575930112586586,0.570427420881327,0.597735167607254,10.8314061012817
4.44146825396825,0.575877871302196,0.570429679629207,0.59744936617841,10.8317906230612
4.44156746031746,0.575825636481965,0.570431916174924,0.597163701173468,10.8321750876189
4.44166666666667,0.575773408134458,0.5704341305271,0.596878172524888,10.8325594949687
4.44176587301587,0.575721186268255,0.570436322694349,0.596592780165155,10.8329438451244
4.44186507936508,0.575668970891943,0.570438492685272,0.596307524026786,10.8333281380999
4.44196428571429,0.575616762014123,0.570440640508462,0.596022404042329,10.8337123739089
4.44206349206349,0.575564559643404,0.570442766172501,0.595737420144362,10.8340965525654
4.4421626984127,0.575512363788408,0.570444869685962,0.595452572265491,10.8344806740831
4.4422619047619,0.575460174457766,0.570446951057409,0.595167860338355,10.8348647384757
4.44236111111111,0.575407991660121,0.570449010295394,0.59488328429562,10.8352487457572
4.44246031746032,0.575355815404126,0.570451047408461,0.594598844069983,10.8356326959411
4.44255952380952,0.575303645698445,0.570453062405143,0.594314539594175,10.8360165890413
4.44265873015873,0.575251482551754,0.570455055293964,0.594030370800952,10.8364004250715
4.44275793650794,0.575199325972737,0.570457026083439,0.593746337623101,10.8367842040455
4.44285714285714,0.575147175970091,0.57045897478207,0.593462439993441,10.837167925977
4.44295634920635,0.575095032552523,0.570460901398353,0.593178677844819,10.8375515908796
4.44305555555556,0.575042895728751,0.570462805940772,0.592895051110112,10.8379351987671
4.44315476190476,0.574990765507503,0.570464688417802,0.592611559722231,10.8383187496531
4.44325396825397,0.57493864189752,0.570466548837906,0.592328203614113,10.8387022435514
4.44335317460317,0.57488652490755,0.570468387209542,0.592044982718725,10.8390856804756
4.44345238095238,0.574834414546355,0.570470203541152,0.591761896969066,10.8394690604394
4.44355158730159,0.574782310822706,0.570471997841173,0.591478946298163,10.8398523834563
4.44365079365079,0.574730213745386,0.570473770118031,0.591196130639077,10.84023564954
4.44375,0.574678123323188,0.57047552038014,0.590913449924893,10.8406188587042
4.44384920634921,0.574626039564916,0.570477248635908,0.590630904088731,10.8410020109624
4.44394841269841,0.574573962479383,0.570478954893729,0.590348493063738,10.8413851063282
4.44404761904762,0.574521892075417,0.570480639161991,0.590066216783096,10.8417681448153
4.44414682539683,0.574469828361852,0.570482301449069,0.589784075180011,10.8421511264371
4.44424603174603,0.574417771347536,0.57048394176333,0.589502068187722,10.8425340512073
4.44434523809524,0.574365721041327,0.570485560113131,0.589220195739498,10.8429169191393
4.44444444444444,0.574313677452092,0.570487156506819,0.588938457768637,10.8432997302468
4.44454365079365,0.574261640588711,0.570488730952731,0.588656854208466,10.8436824845433
4.44464285714286,0.574209610460074,0.570490283459194,0.588375384992349,10.8440651820423
4.44474206349206,0.574157587075082,0.570491814034526,0.588094050053671,10.8444478227572
4.44484126984127,0.574105570442645,0.570493322687035,0.587812849325852,10.8448304067016
4.44494047619048,0.574053560571687,0.570494809425018,0.587531782742341,10.8452129338889
4.44503968253968,0.57400155747114,0.570496274256762,0.587250850236617,10.8455954043326
4.44513888888889,0.573949561149947,0.570497717190548,0.586970051742189,10.8459778180463
4.44523809523809,0.573897571617063,0.570499138234642,0.586689387192595,10.8463601750432
4.4453373015873,0.573845588881454,0.570500537397303,0.586408856521406,10.846742475337
4.44543650793651,0.573793612952095,0.57050191468678,0.586128459662219,10.8471247189409
4.44553571428571,0.573741643837973,0.570503270111313,0.585848196548666,10.8475069058684
4.44563492063492,0.573689681548086,0.570504603679129,0.585568067114406,10.8478890361328
4.44573412698413,0.573637726091441,0.570505915398449,0.585288071293127,10.8482711097477
4.44583333333333,0.573585777477059,0.570507205277481,0.585008209018549,10.8486531267264
4.44593253968254,0.573533835713967,0.570508473324426,0.584728480224422,10.8490350870822
4.44603174603175,0.573481900811207,0.570509719547473,0.584448884844524,10.8494169908284
4.44613095238095,0.57342997277783,0.570510943954802,0.584169422812666,10.8497988379785
4.44623015873016,0.573378051622899,0.570512146554583,0.583890094062689,10.8501806285458
4.44632936507937,0.573326137355485,0.570513327354976,0.58361089852846,10.8505623625436
4.44642857142857,0.573274229984673,0.570514486364133,0.583331836143882,10.8509440399851
4.44652777777778,0.573222329519556,0.570515623590193,0.583052906842881,10.8513256608838
4.44662698412698,0.57317043596924,0.570516739041288,0.58277411055942,10.8517072252528
4.44672619047619,0.57311854934284,0.570517832725539,0.582495447227487,10.8520887331055
4.4468253968254,0.573066669649483,0.570518904651056,0.582216916781103,10.8524701844551
4.4469246031746,0.573014796898306,0.570519954825942,0.581938519154316,10.8528515793149
4.44702380952381,0.572962931098458,0.570520983258287,0.581660254281211,10.8532329176982
4.44712301587302,0.572911072259096,0.570521989956174,0.581382122095894,10.8536141996181
4.44722222222222,0.572859220389391,0.570522974927674,0.581104122532507,10.8539954250878
4.44732142857143,0.572807375498523,0.57052393818085,0.580826255525219,10.8543765941206
4.44742063492063,0.572755537595683,0.570524879723753,0.580548521008231,10.8547577067298
4.44751984126984,0.572703706690072,0.570525799564427,0.580270918915773,10.8551387629283
4.44761904761905,0.572651882790903,0.570526697710904,0.579993449182106,10.8555197627296
4.44771825396825,0.5726000659074,0.570527574171206,0.579716111741522,10.8559007061466
4.44781746031746,0.572548256048797,0.570528428953347,0.579438906528339,10.8562815931925
4.44791666666667,0.572496453224338,0.570529262065331,0.579161833476909,10.8566624238806
4.44801587301587,0.572444657443279,0.570530073515149,0.578884892521612,10.8570431982239
4.44811507936508,0.572392868714887,0.570530863310786,0.578608083596859,10.8574239162355
4.44821428571429,0.572341087048438,0.570531631460215,0.578331406637091,10.8578045779286
4.44831349206349,0.57228931245322,0.570532377971401,0.578054861576778,10.8581851833162
4.4484126984127,0.572237544938532,0.570533102852297,0.57777844835042,10.8585657324114
4.44851190476191,0.572185784513684,0.570533806110848,0.577502166892552,10.8589462252273
4.44861111111111,0.572134031187995,0.570534487754987,0.577226017137731,10.859326661777
4.44871031746032,0.572082284970796,0.570535147792641,0.576949999020551,10.8597070420735
4.44880952380952,0.572030545871429,0.570535786231723,0.57667411247563,10.8600873661298
4.44890873015873,0.571978813899246,0.570536403080138,0.576398357437622,10.8604676339589
4.44900793650794,0.57192708906361,0.570536998345781,0.576122733841204,10.860847845574
4.44910714285714,0.571875371373896,0.570537572036539,0.575847241621093,10.861228000988
4.44920634920635,0.571823660839488,0.570538124160285,0.575571880712026,10.8616081002138
4.44930555555556,0.571771957469781,0.570538654724887,0.575296651048778,10.8619881432645
4.44940476190476,0.571720261274181,0.570539163738199,0.575021552566147,10.862368130153
4.44950396825397,0.571668572262106,0.570539651208068,0.574746585198966,10.8627480608923
4.44960317460317,0.571616890442982,0.57054011714233,0.574471748882096,10.8631279354954
4.44970238095238,0.57156521582625,0.570540561548811,0.574197043550429,10.8635077539751
4.44980158730159,0.571513548421356,0.570540984435328,0.573922469138887,10.8638875163444
4.44990079365079,0.571461888237762,0.570541385809688,0.573648025582419,10.8642672226162
4.45,0.571410235284939,0.570541765679687,0.573373712816011,10.8646468728034
4.45009920634921,0.571358589572367,0.570542124053113,0.573099530774673,10.8650264669189
4.45019841269841,0.571306951109539,0.570542460937742,0.572825479393447,10.8654060049756
4.45029761904762,0.571255319905957,0.570542776341343,0.572551558607404,10.8657854869864
4.45039682539683,0.571203695971136,0.570543070271673,0.572277768351647,10.866164912964
4.45049603174603,0.5711520793146,0.570543342736479,0.572004108561305,10.8665442829214
4.45059523809524,0.571100469945884,0.5705435937435,0.571730579171545,10.8669235968714
4.45069444444444,0.571048867874534,0.570543823300464,0.571457180117557,10.8673028548268
4.45079365079365,0.570997273110107,0.570544031415089,0.571183911334563,10.8676820568004
4.45089285714286,0.570945685662171,0.570544218095084,0.570910772757815,10.868061202805
4.45099206349206,0.570894105540302,0.570544383348147,0.570637764322596,10.8684402928534
4.45109126984127,0.570842532754092,0.570544527181967,0.570364885964218,10.8688193269583
4.45119047619048,0.570790967313138,0.570544649604224,0.570092137618023,10.8691983051327
4.45128968253968,0.570739409227053,0.570544750622585,0.569819519219383,10.8695772273891
4.45138888888889,0.570687858505456,0.570544830244712,0.5695470307037,10.8699560937403
4.4514880952381,0.57063631515798,0.570544888478253,0.56927467200641,10.8703349041991
4.4515873015873,0.570584779194268,0.570544925330849,0.569002443062973,10.8707136587783
4.45168650793651,0.570533250623973,0.570544940810128,0.568730343808882,10.8710923574904
4.45178571428571,0.57048172945676,0.570544934923711,0.568458374179661,10.8714710003482
4.45188492063492,0.570430215702304,0.57054490767921,0.568186534110861,10.8718495873644
4.45198412698413,0.570378709370289,0.570544859084223,0.567914823538064,10.8722281185516
4.45208333333333,0.570327210470414,0.570544789146341,0.567643242396885,10.8726065939225
4.45218253968254,0.570275719012385,0.570544697873146,0.567371790622967,10.8729850134899
4.45228174603175,0.57022423500592,0.570544585272209,0.567100468151983,10.8733633772662
4.45238095238095,0.570172758460748,0.570544451351089,0.566829274919635,10.8737416852642
4.45248015873016,0.570121289386609,0.57054429611734,0.566558210861656,10.8741199374964
4.45257936507937,0.570069827793253,0.570544119578503,0.56628727591381,10.8744981339755
4.45267857142857,0.57001837369044,0.570543921742108,0.56601647001189,10.8748762747141
4.45277777777778,0.569966927087943,0.570543702615679,0.565745793091719,10.8752543597246
4.45287698412698,0.569915487995545,0.570543462206726,0.565475245089149,10.8756323890199
4.45297619047619,0.569864056423038,0.570543200522753,0.565204825940067,10.8760103626122
4.4530753968254,0.569812632380228,0.570542917571252,0.564934535580384,10.8763882805143
4.4531746031746,0.569761215876927,0.570542613359705,0.564664373946044,10.8767661427387
4.45327380952381,0.569709806918845,0.570542287897204,0.564394340973174,10.8771439492995
4.45337301587302,0.569658404689638,0.570541941515656,0.564124436629823,10.8775217005348
4.45347222222222,0.569607008571198,0.570541574468417,0.563854660880165,10.877899396704
4.45357142857143,0.569555618561794,0.570541186766502,0.563585013666021,10.8782770378226
4.45367063492063,0.5695042346597,0.570540778420919,0.563315494929224,10.8786546239067
4.45376984126984,0.569452856863192,0.570540349442674,0.563046104611626,10.8790321549721
4.45386904761905,0.569401485170548,0.570539899842768,0.562776842655102,10.8794096310344
4.45396825396825,0.569350119580051,0.570539429632195,0.562507709001541,10.8797870521096
4.45406746031746,0.569298760089987,0.570538938821948,0.562238703592852,10.8801644182134
4.45416666666667,0.569247406698643,0.570538427423013,0.561969826370964,10.8805417293617
4.45426587301587,0.569196059404311,0.570537895446371,0.561701077277823,10.8809189855703
4.45436507936508,0.569144718205284,0.570537342903,0.561432456255392,10.8812961868548
4.45446428571429,0.569093383099863,0.570536769803872,0.561163963245659,10.8816733332312
4.45456349206349,0.569042054086345,0.570536176159955,0.560895598190623,10.8820504247151
4.4546626984127,0.568990731163036,0.570535561982214,0.560627361032305,10.8824274613224
4.4547619047619,0.568939414328241,0.570534927281606,0.560359251712745,10.8828044430689
4.45486111111111,0.568888103580271,0.570534272069086,0.560091270174001,10.8831813699702
4.45496031746032,0.568836798917438,0.570533596355603,0.559823416358146,10.8835582420421
4.45505952380952,0.568785500338058,0.570532900152103,0.559555690207279,10.8839350593004
4.45515873015873,0.56873420784045,0.570532183469525,0.559288091663513,10.8843118217608
4.45525793650794,0.568682921422936,0.570531446318805,0.559020620668978,10.8846885294391
4.45535714285714,0.568631641083842,0.570530688710874,0.558753277165826,10.8850651823509
4.45545634920635,0.568580366821494,0.570529910656659,0.558486061096226,10.8854417805121
4.45555555555556,0.568529098634225,0.570529112167081,0.558218972402365,10.8858183239382
4.45565476190476,0.568477836520368,0.570528293253057,0.55795201102645,10.8861948126452
4.45575396825397,0.568426580478261,0.570527453925501,0.557685176910705,10.8865712466486
4.45585317460317,0.568375330506244,0.570526594195319,0.557418469997372,10.8869476259641
4.45595238095238,0.568324086602661,0.570525714073416,0.557151890228717,10.8873239506075
4.45605158730159,0.568272848765858,0.57052481357069,0.556885437547018,10.8877002205944
4.45615079365079,0.568221616994184,0.570523892698035,0.556619111894574,10.8880764359405
4.45625,0.568170391285992,0.570522951466341,0.556352913213704,10.8884525966616
4.45634920634921,0.568119171639638,0.570521989886491,0.556086841446742,10.8888287027732
4.45644841269841,0.568067958053479,0.570521007969367,0.555820896536042,10.8892047542911
4.45654761904762,0.568016750525879,0.570520005725844,0.55555507842398,10.8895807512309
4.45664682539683,0.567965549055202,0.570518983166794,0.555289387052948,10.8899566936083
4.45674603174603,0.567914353639816,0.570517940303081,0.555023822365355,10.8903325814389
4.45684523809524,0.567863164278092,0.570516877145568,0.55475838430363,10.8907084147383
4.45694444444444,0.567811980968403,0.570515793705113,0.55449307281022,10.8910841935223
4.45704365079365,0.567760803709126,0.570514689992567,0.554227887827592,10.8914599178064
4.45714285714286,0.567709632498643,0.570513566018778,0.553962829298231,10.8918355876063
4.45724206349206,0.567658467335335,0.57051242179459,0.553697897164639,10.8922112029376
4.45734126984127,0.567607308217589,0.570511257330841,0.553433091369336,10.8925867638159
4.45744047619048,0.567556155143795,0.570510072638365,0.553168411854867,10.8929622702568
4.45753968253968,0.567505008112344,0.570508867727992,0.552903858563788,10.893337722276
4.45763888888889,0.567453867121633,0.570507642610545,0.552639431438677,10.893713119889
4.45773809523809,0.567402732170059,0.570506397296846,0.55237513042213,10.8940884631114
4.4578373015873,0.567351603256024,0.57050513179771,0.552110955456761,10.8944637519589
4.45793650793651,0.567300480377933,0.570503846123947,0.551846906485201,10.894838986447
4.45803571428571,0.567249363534193,0.570502540286365,0.551582983450106,10.8952141665912
4.45813492063492,0.567198252723215,0.570501214295763,0.551319186294145,10.8955892924073
4.45823412698413,0.567147147943412,0.57049986816294,0.551055514960005,10.8959643639106
4.45833333333333,0.567096049193203,0.570498501898688,0.550791969390394,10.8963393811169
4.45843253968254,0.567044956471005,0.570497115513795,0.550528549528039,10.8967143440416
4.45853174603175,0.566993869775243,0.570495709019043,0.550265255315683,10.8970892527003
4.45863095238095,0.566942789104342,0.570494282425211,0.55000208669609,10.8974641071085
4.45873015873016,0.566891714456731,0.570492835743073,0.54973904361204,10.8978389072818
4.45882936507937,0.566840645830842,0.570491368983399,0.549476126006333,10.8982136532358
4.45892857142857,0.566789583225111,0.570489882156952,0.549213333821791,10.8985883449859
4.45902777777778,0.566738526637976,0.570488375274493,0.548950667001249,10.8989629825476
4.45912698412698,0.566687476067878,0.570486848346778,0.548688125487563,10.8993375659366
4.45922619047619,0.566636431513261,0.570485301384557,0.548425709223606,10.8997120951682
4.4593253968254,0.566585392972573,0.570483734398576,0.548163418152273,10.9000865702581
4.4594246031746,0.566534360444264,0.570482147399577,0.547901252216473,10.9004609912217
4.45952380952381,0.566483333926788,0.570480540398296,0.547639211359138,10.9008353580745
4.45962301587302,0.566432313418601,0.570478913405466,0.547377295523217,10.9012096708319
4.45972222222222,0.566381298918163,0.570477266431815,0.547115504651677,10.9015839295096
4.45982142857143,0.566330290423936,0.570475599488065,0.546853838687502,10.9019581341229
4.45992063492063,0.566279287934387,0.570473912584936,0.546592297573697,10.9023322846873
4.46001984126984,0.566228291447984,0.57047220573314,0.546330881253285,10.9027063812183
4.46011904761905,0.566177300963199,0.570470478943387,0.546069589669307,10.9030804237314
4.46021825396825,0.566126316478507,0.570468732226381,0.545808422764824,10.9034544122419
4.46031746031746,0.566075337992385,0.570466965592823,0.545547380482911,10.9038283467655
4.46041666666667,0.566024365503315,0.570465179053408,0.54528646276667,10.9042022273174
4.46051587301587,0.565973399009782,0.570463372618826,0.545025669559215,10.9045760539132
4.46061507936508,0.565922438510272,0.570461546299763,0.544765000803679,10.9049498265683
4.46071428571429,0.565871484003275,0.570459700106901,0.544504456443214,10.905323545298
4.46081349206349,0.565820535487285,0.570457834050917,0.544244036420994,10.9056972101179
4.4609126984127,0.565769592960797,0.570455948142483,0.543983740680205,10.9060708210434
4.46101190476191,0.565718656422312,0.570454042392266,0.543723569164059,10.9064443780898
4.46111111111111,0.565667725870332,0.570452116810929,0.543463521815782,10.9068178812725
4.46121031746032,0.565616801303362,0.570450171409131,0.543203598578618,10.9071913306071
4.46130952380952,0.565565882719912,0.570448206197526,0.542943799395833,10.9075647261087
4.46140873015873,0.565514970118491,0.570446221186761,0.542684124210709,10.9079380677929
4.46150793650794,0.565464063497616,0.570444216387483,0.542424572966547,10.9083113556751
4.46160714285714,0.565413162855804,0.570442191810331,0.542165145606666,10.9086845897705
4.46170634920635,0.565362268191576,0.570440147465939,0.541905842074405,10.9090577700946
4.46180555555556,0.565311379503455,0.570438083364939,0.541646662313119,10.9094308966628
4.46190476190476,0.565260496789969,0.570435999517956,0.541387606266187,10.9098039694903
4.46200396825397,0.565209620049647,0.570433895935612,0.541128673877001,10.9101769885927
4.46210317460317,0.565158749281023,0.570431772628523,0.540869865088974,10.9105499539851
4.46220238095238,0.565107884482633,0.570429629607302,0.540611179845536,10.9109228656829
4.46230158730159,0.565057025653015,0.570427466882556,0.540352618090138,10.9112957237016
4.46240079365079,0.565006172790713,0.570425284464888,0.540094179766246,10.9116685280563
4.4625,0.564955325894271,0.570423082364897,0.539835864817349,10.9120412787625
4.46259920634921,0.564904484962237,0.570420860593175,0.539577673186952,10.9124139758355
4.46269841269841,0.564853649993164,0.570418619160311,0.539319604818579,10.9127866192906
4.46279761904762,0.564802820985605,0.570416358076891,0.539061659655771,10.913159209143
4.46289682539683,0.564751997938118,0.570414077353493,0.538803837642091,10.9135317454082
4.46299603174603,0.564701180849264,0.570411777000694,0.538546138721117,10.9139042281013
4.46309523809524,0.564650369717606,0.570409457029063,0.538288562836447,10.9142766572377
4.46319444444444,0.56459956454171,0.570407117449166,0.538031109931698,10.9146490328328
4.46329365079365,0.564548765320147,0.570404758271565,0.537773779950504,10.9150213549016
4.46339285714286,0.56449797205149,0.570402379506816,0.537516572836522,10.9153936234596
4.46349206349206,0.564447184734315,0.570399981165471,0.537259488533423,10.915765838522
4.46359126984127,0.564396403367199,0.570397563258078,0.537002526984896,10.9161380001041
4.46369047619048,0.564345627948726,0.570395125795179,0.536745688134653,10.9165101082211
4.46378968253968,0.56429485847748,0.570392668787312,0.536488971926421,10.9168821628883
4.46388888888889,0.564244094952049,0.570390192245012,0.536232378303944,10.9172541641209
4.4639880952381,0.564193337371025,0.570387696178806,0.535975907210991,10.9176261119342
4.4640873015873,0.564142585733001,0.570385180599219,0.535719558591344,10.9179980063434
4.46418650793651,0.564091840036576,0.570382645516771,0.535463332388806,10.9183698473637
4.46428571428571,0.564041100280349,0.570380090941977,0.535207228547197,10.9187416350104
4.46438492063492,0.563990366462924,0.570377516885348,0.534951247010357,10.9191133692987
4.46448412698413,0.563939638582907,0.570374923357388,0.534695387722143,10.9194850502438
4.46458333333333,0.563888916638907,0.570372310368599,0.534439650626432,10.9198566778609
4.46468253968254,0.563838200629538,0.570369677929478,0.534184035667119,10.9202282521652
4.46478174603175,0.563787490553415,0.570367026050517,0.533928542788116,10.920599773172
4.46488095238095,0.563736786409156,0.570364354742202,0.533673171933358,10.9209712408963
4.46498015873016,0.563686088195384,0.570361664015017,0.533417923046795,10.9213426553535
4.46507936507937,0.563635395910723,0.57035895387944,0.533162796072395,10.9217140165586
4.46517857142857,0.563584709553801,0.570356224345943,0.532907790954147,10.9220853245268
4.46527777777778,0.563534029123249,0.570353475424997,0.532652907636057,10.9224565792734
4.46537698412698,0.563483354617701,0.570350707127064,0.532398146062147,10.9228277808135
4.46547619047619,0.563432686035793,0.570347919462605,0.532143506176466,10.9231989291622
4.4655753968254,0.563382023376167,0.570345112442075,0.531888987923073,10.9235700243347
4.4656746031746,0.563331366637466,0.570342286075923,0.531634591246049,10.9239410663461
4.46577380952381,0.563280715818334,0.570339440374596,0.531380316089493,10.9243120552116
4.46587301587302,0.563230070917423,0.570336575348534,0.531126162397523,10.9246829909463
4.46597222222222,0.563179431933383,0.570333691008174,0.530872130114274,10.9250538735654
4.46607142857143,0.563128798864871,0.570330787363949,0.530618219183903,10.925424703084
4.46617063492063,0.563078171710545,0.570327864426284,0.530364429550582,10.9257954795171
4.46626984126984,0.563027550469066,0.570324922205603,0.530110761158502,10.92616620288
4.46636904761905,0.5629769351391,0.570321960712323,0.529857213951876,10.9265368731877
4.46646825396825,0.562926325719313,0.570318979956858,0.529603787874933,10.9269074904553
4.46656746031746,0.562875722208376,0.570315979949617,0.529350482871918,10.9272780546979
4.46666666666667,0.562825124604963,0.570312960701004,0.529097298887099,10.9276485659306
4.46676587301587,0.562774532907752,0.570309922221418,0.528844235864761,10.9280190241685
4.46686507936508,0.56272394711542,0.570306864521253,0.528591293749205,10.9283894294267
4.46696428571429,0.562673367226653,0.570303787610902,0.528338472484756,10.9287597817202
4.46706349206349,0.562622793240136,0.570300691500747,0.528085772015753,10.9291300810641
4.4671626984127,0.562572225154557,0.570297576201172,0.527833192286555,10.9295003274736
4.46726190476191,0.562521662968609,0.570294441722552,0.52758073324154,10.9298705209635
4.46736111111111,0.562471106680987,0.570291288075259,0.527328394825103,10.930240661549
4.46746031746032,0.562420556290389,0.570288115269659,0.527076176981659,10.9306107492452
4.46755952380952,0.562370011795517,0.570284923316117,0.526824079655642,10.9309807840671
4.46765873015873,0.562319473195074,0.570281712224988,0.526572102791503,10.9313507660296
4.46775793650794,0.562268940487769,0.570278482006627,0.526320246333711,10.9317206951479
4.46785714285714,0.562218413672311,0.570275232671383,0.526068510226759,10.932090571437
4.46795634920635,0.562167892747415,0.570271964229598,0.525816894415151,10.9324603949118
4.46805555555556,0.562117377711796,0.570268676691614,0.525565398843414,10.9328301655875
4.46815476190476,0.562066868564175,0.570265370067763,0.525314023456092,10.9331998834789
4.46825396825397,0.562016365303273,0.570262044368377,0.525062768197749,10.9335695486012
4.46835317460318,0.561965867927818,0.570258699603782,0.524811633012965,10.9339391609692
4.46845238095238,0.561915376436537,0.570255335784297,0.524560617846342,10.934308720598
4.46855158730159,0.561864890828163,0.570251952920239,0.524309722642499,10.9346782275026
4.46865079365079,0.56181441110143,0.57024855102192,0.524058947346073,10.935047681698
4.46875,0.561763937255077,0.570245130099646,0.523808291901719,10.9354170831991
4.46884920634921,0.561713469287844,0.570241690163721,0.523557756254112,10.9357864320209
4.46894841269841,0.561663007198476,0.570238231224442,0.523307340347945,10.9361557281783
4.46904761904762,0.561612550985719,0.570234753292102,0.52305704412793,10.9365249716863
4.46914682539682,0.561562100648325,0.57023125637699,0.522806867538797,10.93689416256
4.46924603174603,0.561511656185046,0.570227740489389,0.522556810525292,10.9372633008141
4.46934523809524,0.561461217594638,0.57022420563958,0.522306873032186,10.9376323864637
4.46944444444444,0.561410784875861,0.570220651837835,0.522057055004264,10.9380014195236
4.46954365079365,0.561360358027478,0.570217079094427,0.52180735638633,10.9383704000089
4.46964285714286,0.561309937048254,0.570213487419619,0.521557777123207,10.9387393279344
4.46974206349206,0.561259521936957,0.570209876823673,0.521308317159736,10.9391082033151
4.46984126984127,0.561209112692359,0.570206247316845,0.521058976440775,10.9394770261658
4.46994047619048,0.561158709313236,0.570202598909387,0.520809754911207,10.9398457965015
4.47003968253968,0.561108311798364,0.570198931611545,0.520560652515927,10.9402145143371
4.47013888888889,0.561057920146524,0.570195245433561,0.520311669199851,10.9405831796874
4.47023809523809,0.561007534356501,0.570191540385675,0.520062804907913,10.9409517925674
4.4703373015873,0.560957154427081,0.570187816478117,0.519814059585066,10.9413203529919
4.47043650793651,0.560906780357054,0.570184073721118,0.519565433176282,10.9416888609759
4.47053571428571,0.560856412145213,0.5701803121249,0.519316925626549,10.9420573165341
4.47063492063492,0.560806049790355,0.570176531699684,0.519068536880877,10.9424257196815
4.47073412698413,0.560755693291278,0.570172732455683,0.518820266884292,10.942794070433
4.47083333333333,0.560705342646785,0.570168914403107,0.518572115581841,10.9431623688033
4.47093253968254,0.560654997855681,0.570165077552162,0.518324082918588,10.9435306148073
4.47103174603175,0.560604658916775,0.570161221913049,0.518076168839616,10.9438988084599
4.47113095238095,0.560554325828877,0.570157347495963,0.517828373290025,10.9442669497759
4.47123015873016,0.560503998590803,0.570153454311096,0.517580696214935,10.9446350387701
4.47132936507937,0.560453677201369,0.570149542368636,0.517333137559484,10.9450030754574
4.47142857142857,0.560403361659396,0.570145611678763,0.517085697268832,10.9453710598526
4.47152777777778,0.560353051963709,0.570141662251656,0.516838375288152,10.9457389919705
4.47162698412698,0.560302748113133,0.570137694097488,0.516591171562638,10.9461068718259
4.47172619047619,0.560252450106499,0.570133707226427,0.516344086037504,10.9464746994337
4.4718253968254,0.560202157942639,0.570129701648636,0.51609711865798,10.9468424748086
4.4719246031746,0.560151871620389,0.570125677374276,0.515850269369316,10.9472101979653
4.47202380952381,0.560101591138588,0.5701216344135,0.515603538116781,10.9475778689188
4.47212301587302,0.560051316496078,0.570117572776458,0.51535692484566,10.9479454876838
4.47222222222222,0.560001047691704,0.570113492473295,0.515110429501259,10.9483130542751
4.47232142857143,0.559950784724315,0.570109393514153,0.514864052028905,10.9486805687074
4.47242063492063,0.55990052759276,0.570105275909166,0.514617792373938,10.9490480309955
4.47251984126984,0.559850276295896,0.570101139668467,0.514371650481719,10.9494154411541
4.47261904761905,0.559800030832578,0.570096984802183,0.514125626297628,10.9497827991981
4.47271825396825,0.559749791201667,0.570092811320434,0.513879719767064,10.9501501051421
4.47281746031746,0.559699557402027,0.57008861923334,0.513633930835441,10.950517359001
4.47291666666667,0.559649329432524,0.570084408551012,0.513388259448198,10.9508845607894
4.47301587301587,0.559599107292028,0.570080179283559,0.513142705550787,10.9512517105221
4.47311507936508,0.559548890979411,0.570075931441084,0.512897269088682,10.9516188082138
4.47321428571429,0.559498680493548,0.570071665033688,0.512651950007372,10.9519858538792
4.47331349206349,0.559448475833319,0.570067380071463,0.512406748252368,10.9523528475331
4.4734126984127,0.559398276997606,0.5700630765645,0.512161663769197,10.9527197891901
4.4735119047619,0.559348083985292,0.570058754522884,0.511916696503406,10.953086678865
4.47361111111111,0.559297896795267,0.570054413956696,0.511671846400561,10.9534535165724
4.47371031746032,0.559247715426419,0.570050054876011,0.511427113406243,10.9538203023271
4.47380952380952,0.559197539877646,0.5700456772909,0.511182497466059,10.9541870361438
4.47390873015873,0.559147370147842,0.570041281211431,0.510937998525627,10.954553718037
4.47400793650794,0.559097206235908,0.570036866647665,0.510693616530588,10.9549203480216
4.47410714285714,0.559047048140747,0.57003243360966,0.510449351426598,10.9552869261121
4.47420634920635,0.558996895861266,0.570027982107468,0.510205203159335,10.9556534523233
4.47430555555556,0.558946749396373,0.570023512151138,0.509961171674493,10.9560199266697
4.47440476190476,0.558896608744981,0.570019023750714,0.509717256917787,10.9563863491661
4.47450396825397,0.558846473906006,0.570014516916233,0.509473458834949,10.9567527198271
4.47460317460317,0.558796344878366,0.570009991657731,0.50922977737173,10.9571190386673
4.47470238095238,0.558746221660982,0.570005447985238,0.5089862124739,10.9574853057014
4.47480158730159,0.558696104252779,0.570000885908777,0.508742764087245,10.957851520944
4.47490079365079,0.558645992652685,0.56999630543837,0.508499432157572,10.9582176844097
4.475,0.55859588685963,0.569991706584033,0.508256216630707,10.9585837961132
4.47509920634921,0.558545786872548,0.569987089355776,0.508013117452493,10.9589498560691
4.47519841269841,0.558495692690376,0.569982453763607,0.507770134568791,10.9593158642919
4.47529761904762,0.558445604312054,0.569977799817527,0.507527267925485,10.9596818207963
4.47539682539683,0.558395521736525,0.569973127527533,0.507284517468472,10.9600477255969
4.47549603174603,0.558345444962734,0.569968436903618,0.50704188314367,10.9604135787082
4.47559523809524,0.558295373989632,0.569963727955771,0.506799364897016,10.9607793801449
4.47569444444444,0.558245308816169,0.569959000693975,0.506556962674465,10.9611451299216
4.47579365079365,0.558195249441301,0.569954255128208,0.506314676421988,10.9615108280527
4.47589285714286,0.558145195863986,0.569949491268445,0.506072506085581,10.961876474553
4.47599206349206,0.558095148083186,0.569944709124655,0.505830451611253,10.9622420694368
4.47609126984127,0.558045106097865,0.569939908706804,0.505588512945032,10.9626076127189
4.47619047619048,0.55799506990699,0.569935090024851,0.505346690032968,10.9629731044138
4.47628968253968,0.557945039509532,0.569930253088753,0.505104982821126,10.9633385445359
4.47638888888889,0.557895014904464,0.56992539790846,0.504863391255591,10.9637039330999
4.47648809523809,0.557844996090764,0.56992052449392,0.504621915282466,10.9640692701203
4.4765873015873,0.557794983067409,0.569915632855073,0.504380554847873,10.9644345556115
4.47668650793651,0.557744975833384,0.569910723001857,0.504139309897952,10.9647997895883
4.47678571428571,0.557694974387674,0.569905794944205,0.503898180378865,10.9651649720649
4.47688492063492,0.557644978729267,0.569900848692045,0.503657166236787,10.9655301030561
4.47698412698413,0.557594988857157,0.5698958842553,0.503416267417916,10.9658951825762
4.47708333333333,0.557545004770337,0.569890901643888,0.503175483868465,10.9662602106398
4.47718253968254,0.557495026467805,0.569885900867725,0.502934815534668,10.9666251872614
4.47728174603175,0.557445053948563,0.569880881936719,0.502694262362775,10.9669901124554
4.47738095238095,0.557395087211615,0.569875844860775,0.502453824299061,10.9673549862364
4.47748015873016,0.557345126255968,0.569870789649794,0.502213501289812,10.9677198086189
4.47757936507937,0.557295171080632,0.569865716313671,0.501973293281336,10.9680845796172
4.47767857142857,0.557245221684621,0.569860624862297,0.501733200219959,10.9684492992459
4.47777777777778,0.55719527806695,0.569855515305559,0.501493222052026,10.9688139675195
4.47787698412698,0.55714534022664,0.569850387653338,0.5012533587239,10.9691785844524
4.47797619047619,0.557095408162712,0.569845241915512,0.501013610181963,10.969543150059
4.4780753968254,0.557045481874193,0.569840078101953,0.500773976372615,10.9699076643538
4.4781746031746,0.556995561360109,0.569834896222529,0.500534457242274,10.9702721273512
4.47827380952381,0.556945646619495,0.569829696287103,0.50029505273738,10.9706365390657
4.47837301587302,0.556895737651384,0.569824478305534,0.500055762804387,10.9710008995118
4.47847222222222,0.556845834454813,0.569819242287675,0.499816587389771,10.9713652087037
4.47857142857143,0.556795937028825,0.569813988243377,0.499577526440024,10.971729466656
4.47867063492063,0.556746045372462,0.569808716182484,0.499338579901659,10.972093673383
4.47876984126984,0.556696159484771,0.569803426114837,0.499099747721203,10.9724578288993
4.47886904761905,0.556646279364803,0.56979811805027,0.498861029845209,10.972821933219
4.47896825396825,0.55659640501161,0.569792791998615,0.498622426220242,10.9731859863568
4.47906746031746,0.556546536424249,0.569787447969698,0.498383936792889,10.9735499883268
4.47916666666667,0.556496673601779,0.569782085973341,0.498145561509754,10.9739139391437
4.47926587301587,0.556446816543262,0.56977670601936,0.49790730031746,10.9742778388216
4.47936507936508,0.556396965247764,0.569771308117569,0.497669153162649,10.974641687375
4.47946428571429,0.556347119714352,0.569765892277774,0.497431119991981,10.9750054848183
4.47956349206349,0.556297279942098,0.56976045850978,0.497193200752134,10.9753692311658
4.4796626984127,0.556247445930077,0.569755006823384,0.496955395389805,10.9757329264319
4.47976190476191,0.556197617677366,0.569749537228382,0.496717703851711,10.9760965706309
4.47986111111111,0.556147795183045,0.569744049734561,0.496480126084587,10.9764601637772
4.47996031746032,0.556097978446199,0.569738544351707,0.496242662035186,10.9768237058851
4.48005952380952,0.556048167465914,0.5697330210896,0.496005311650277,10.9771871969689
4.48015873015873,0.55599836224128,0.569727479958015,0.495768074876653,10.977550637043
4.48025793650794,0.555948562771389,0.569721920966723,0.495530951661119,10.9779140261217
4.48035714285714,0.555898769055338,0.56971634412549,0.495293941950506,10.9782773642193
4.48045634920635,0.555848981092226,0.569710749444078,0.495057045691658,10.9786406513502
4.48055555555556,0.555799198881154,0.569705136932244,0.494820262831441,10.9790038875286
4.48065476190476,0.555749422421227,0.56969950659974,0.494583593316735,10.9793670727688
4.48075396825397,0.555699651711554,0.569693858456314,0.494347037094444,10.9797302070851
4.48085317460317,0.555649886751246,0.569688192511709,0.494110594111486,10.9800932904919
4.48095238095238,0.555600127539416,0.569682508775664,0.493874264314801,10.9804563230033
4.48105158730159,0.555550374075183,0.569676807257911,0.493638047651345,10.9808193046338
4.48115079365079,0.555500626357667,0.569671087968182,0.493401944068093,10.9811822353975
4.48125,0.555450884385991,0.569665350916199,0.493165953512041,10.9815451153087
4.48134920634921,0.555401148159281,0.569659596111684,0.492930075930202,10.9819079443817
4.48144841269841,0.555351417676667,0.569653823564351,0.492694311269607,10.9822707226307
4.48154761904762,0.555301692937282,0.569648033283911,0.492458659477305,10.98263345007
4.48164682539683,0.555251973940261,0.569642225280071,0.492223120500364,10.9829961267139
4.48174603174603,0.555202260684743,0.569636399562531,0.491987694285871,10.9833587525765
4.48184523809524,0.55515255316987,0.569630556140989,0.491752380780934,10.9837213276721
4.48194444444444,0.555102851394787,0.569624695025138,0.491517179932676,10.984083852015
4.48204365079365,0.555053155358641,0.569618816224663,0.491282091688238,10.9844463256193
4.48214285714286,0.555003465060583,0.56961291974925,0.491047115994783,10.9848087484992
4.48224206349206,0.554953780499768,0.569607005608575,0.490812252799491,10.9851711206691
4.48234126984127,0.554904101675352,0.569601073812313,0.490577502049558,10.985533442143
4.48244047619048,0.554854428586496,0.569595124370133,0.490342863692204,10.9858957129352
4.48253968253968,0.554804761232363,0.5695891572917,0.490108337674662,10.9862579330599
4.48263888888889,0.554755099612118,0.569583172586672,0.489873923944186,10.9866201025313
4.4827380952381,0.554705443724932,0.569577170264707,0.489639622448051,10.9869822213635
4.4828373015873,0.554655793569976,0.569571150335453,0.489405433133547,10.9873442895708
4.48293650793651,0.554606149146427,0.569565112808558,0.489171355947983,10.9877063071672
4.48303571428571,0.554556510453462,0.569559057693663,0.488937390838688,10.988068274167
4.48313492063492,0.554506877490263,0.569552985000403,0.488703537753009,10.9884301905843
4.48323412698413,0.554457250256014,0.569546894738413,0.488469796638308,10.9887920564334
4.48333333333333,0.554407628749904,0.569540786917318,0.488236167441975,10.9891538717282
4.48343253968254,0.554358012971122,0.569534661546743,0.488002650111408,10.989515636483
4.48353174603175,0.554308402918864,0.569528518636305,0.48776924459403,10.9898773507119
4.48363095238095,0.554258798592325,0.569522358195618,0.48753595083728,10.9902390144291
4.48373015873016,0.554209199990705,0.569516180234291,0.487302768788616,10.9906006276486
4.48382936507937,0.554159607113208,0.569509984761929,0.487069698395515,10.9909621903847
4.48392857142857,0.554110019959039,0.569503771788131,0.486836739605472,10.9913237026513
4.48402777777778,0.554060438527408,0.569497541322492,0.486603892366001,10.9916851644626
4.48412698412698,0.554010862817526,0.569491293374604,0.486371156624633,10.9920465758328
4.48422619047619,0.553961292828609,0.569485027954051,0.486138532328922,10.9924079367759
4.4843253968254,0.553911728559875,0.569478745070416,0.485906019426436,10.992769247306
4.4844246031746,0.553862170010545,0.569472444733275,0.485673617864763,10.9931305074372
4.48452380952381,0.553812617179843,0.5694661269522,0.485441327591509,10.9934917171836
4.48462301587302,0.553763070066998,0.569459791736758,0.4852091485543,10.9938528765592
4.48472222222222,0.553713528671239,0.569453439096512,0.484977080700778,10.9942139855782
4.48482142857143,0.5536639929918,0.569447069041022,0.484745123978609,10.9945750442545
4.48492063492063,0.553614463027918,0.569440681579839,0.484513278335471,10.9949360526024
4.48501984126984,0.553564938778832,0.569434276722513,0.484281543719065,10.9952970106357
4.48511904761905,0.553515420243785,0.569427854478589,0.484049920077107,10.9956579183685
4.48521825396825,0.553465907422023,0.569421414857606,0.483818407357335,10.996018775815
4.48531746031746,0.553416400312794,0.569414957869099,0.483587005507504,10.9963795829891
4.48541666666667,0.553366898915351,0.569408483522599,0.483355714475387,10.9967403399049
4.48551587301587,0.553317403228948,0.569401991827631,0.483124534208777,10.9971010465764
4.48561507936508,0.553267913252843,0.569395482793718,0.482893464655482,10.9974617030175
4.48571428571429,0.553218428986298,0.569388956430374,0.482662505763336,10.9978223092424
4.48581349206349,0.553168950428576,0.569382412747113,0.482431657480184,10.9981828652651
4.4859126984127,0.553119477578945,0.569375851753442,0.482200919753894,10.9985433710994
4.4860119047619,0.553070010436675,0.569369273458863,0.481970292532349,10.9989038267596
4.48611111111111,0.55302054900104,0.569362677872874,0.481739775763454,10.9992642322594
4.48621031746032,0.552971093271314,0.56935606500497,0.48150936939513,10.999624587613
4.48630952380952,0.552921643246779,0.569349434864638,0.481279073375319,10.9999848928342
4.48640873015873,0.552872198926717,0.569342787461364,0.48104888765198,11.0003451479371
4.48650793650794,0.552822760310412,0.569336122804626,0.48081881217309,11.0007053529357
4.48660714285714,0.552773327397154,0.569329440903901,0.480588846886646,11.0010655078439
4.48670634920635,0.552723900186235,0.569322741768657,0.480358991740662,11.0014256126756
4.48680555555556,0.552674478676948,0.569316025408361,0.480129246683173,11.0017856674448
4.48690476190476,0.552625062868592,0.569309291832475,0.47989961166223,11.0021456721655
4.48700396825397,0.552575652760468,0.569302541050454,0.479670086625903,11.0025056268517
4.48710317460317,0.552526248351879,0.56929577307175,0.479440671522281,11.0028655315171
4.48720238095238,0.552476849642132,0.569288987905811,0.479211366299474,11.0032253861758
4.48730158730159,0.552427456630538,0.56928218556208,0.478982170905607,11.0035851908418
4.48740079365079,0.552378069316409,0.569275366049994,0.478753085288825,11.0039449455288
4.4875,0.552328687699062,0.569268529378987,0.47852410939729,11.0043046502509
4.48759920634921,0.552279311777816,0.569261675558487,0.478295243179186,11.0046643050219
4.48769841269841,0.552229941551992,0.569254804597919,0.47806648658271,11.0050239098558
4.48779761904762,0.552180577020917,0.569247916506702,0.477837839556085,11.0053834647663
4.48789682539683,0.552131218183919,0.569241011294252,0.477609302047548,11.0057429697676
4.48799603174603,0.552081865040329,0.569234088969978,0.477380874005354,11.0061024248733
4.48809523809524,0.552032517589481,0.569227149543286,0.477152555377777,11.0064618300974
4.48819444444444,0.551983175830713,0.569220193023577,0.476924346113112,11.0068211854538
4.48829365079365,0.551933839763366,0.569213219420248,0.47669624615967,11.0071804909563
4.48839285714286,0.551884509386783,0.56920622874269,0.476468255465782,11.0075397466188
4.48849206349206,0.551835184700312,0.569199221000291,0.476240373979796,11.0078989524552
4.48859126984127,0.5517858657033,0.569192196202433,0.476012601650078,11.0082581084793
4.48869047619048,0.551736552395103,0.569185154358494,0.475784938425018,11.008617214705
4.48878968253968,0.551687244775075,0.569178095477848,0.475557384253019,11.008976271146
4.48888888888889,0.551637942842576,0.569171019569862,0.475329939082503,11.0093352778163
4.48898809523809,0.551588646596967,0.569163926643902,0.475102602861913,11.0096942347296
4.4890873015873,0.551539356037613,0.569156816709326,0.474875375539709,11.0100531418999
4.48918650793651,0.551490071163883,0.56914968977549,0.474648257064368,11.0104119993408
4.48928571428571,0.551440791975148,0.569142545851743,0.47442124738439,11.0107708070662
4.48938492063492,0.551391518470782,0.569135384947431,0.474194346448291,11.01112956509
4.48948412698413,0.551342250650163,0.569128207071896,0.473967554204605,11.0114882734259
4.48958333333333,0.55129298851267,0.569121012234473,0.473740870601884,11.0118469320877
4.48968253968254,0.551243732057687,0.569113800444494,0.4735142955887,11.0122055410892
4.48978174603175,0.551194481284601,0.569106571711287,0.473287829113645,11.0125641004442
4.48988095238095,0.551145236192801,0.569099326044173,0.473061471125325,11.0129226101665
4.48998015873016,0.551095996781679,0.56909206345247,0.472835221572369,11.0132810702699
4.49007936507937,0.551046763050632,0.569084783945493,0.472609080403421,11.013639480768
4.49017857142857,0.550997534999058,0.569077487532549,0.472383047567149,11.0139978416748
4.49027777777778,0.550948312626359,0.569070174222942,0.472157123012234,11.0143561530038
4.49037698412698,0.55089909593194,0.569062844025972,0.471931306687377,11.014714414769
4.49047619047619,0.550849884915208,0.569055496950933,0.471705598541299,11.015072626984
4.4905753968254,0.550800679575575,0.569048133007116,0.471479998522739,11.0154307896625
4.4906746031746,0.550751479912454,0.569040752203806,0.471254506580451,11.0157889028184
4.49077380952381,0.550702285925262,0.569033354550284,0.471029122663215,11.0161469664653
4.49087301587302,0.550653097613421,0.569025940055826,0.470803846719824,11.0165049806169
4.49097222222222,0.550603914976352,0.569018508729704,0.470578678699091,11.0168629452871
4.49107142857143,0.550554738013483,0.569011060581185,0.470353618549846,11.0172208604894
4.49117063492063,0.550505566724242,0.56900359561953,0.470128666220941,11.0175787262376
4.49126984126984,0.550456401108062,0.568996113853999,0.469903821661243,11.0179365425454
4.49136904761905,0.550407241164378,0.568988615293843,0.469679084819641,11.0182943094264
4.49146825396825,0.550358086892628,0.568981099948313,0.469454455645038,11.0186520268945
4.49156746031746,0.550308938292255,0.56897356782665,0.469229934086359,11.0190096949632
4.49166666666667,0.550259795362703,0.568966018938095,0.469005520092549,11.0193673136463
4.49176587301587,0.550210658103419,0.568958453291883,0.468781213612568,11.0197248829573
4.49186507936508,0.550161526513854,0.568950870897243,0.468557014595396,11.0200824029101
4.49196428571429,0.550112400593462,0.5689432717634,0.468332922990031,11.0204398735182
4.49206349206349,0.5500632803417,0.568935655899577,0.46810893874549,11.0207972947952
4.4921626984127,0.550014165758028,0.568928023314987,0.467885061810808,11.021154666755
4.49226190476191,0.549965056841908,0.568920374018844,0.467661292135041,11.021511989411
4.49236111111111,0.549915953592807,0.568912708020354,0.467437629667262,11.0218692627769
4.49246031746032,0.549866856010194,0.56890502532872,0.46721407435656,11.0222264868664
4.49255952380952,0.54981776409354,0.568897325953138,0.466990626152046,11.0225836616931
4.49265873015873,0.549768677842321,0.568889609902803,0.466767285002849,11.0229407872706
4.49275793650794,0.549719597256016,0.568881877186902,0.466544050858115,11.0232978636125
4.49285714285714,0.549670522334105,0.568874127814619,0.46632092366701,11.0236548907325
4.49295634920635,0.549621453076073,0.568866361795134,0.466097903378718,11.0240118686441
4.49305555555556,0.549572389481407,0.568858579137621,0.465874989942439,11.0243687973609
4.49315476190476,0.549523331549599,0.56885077985125,0.465652183307399,11.0247256768966
4.49325396825397,0.54947427928014,0.568842963945186,0.465429483422835,11.0250825072647
4.49335317460317,0.549425232672529,0.56883513142859,0.465206890238006,11.0254392884789
4.49345238095238,0.549376191726264,0.568827282310618,0.464984403702188,11.0257960205526
4.49355158730159,0.549327156440848,0.568819416600421,0.464762023764677,11.0261527034994
4.49365079365079,0.549278126815787,0.568811534307147,0.464539750374786,11.026509337333
4.49375,0.54922910285059,0.568803635439937,0.46431758348185,11.0268659220669
4.49384920634921,0.549180084544769,0.568795720007929,0.464095523035218,11.0272224577146
4.49394841269841,0.549131071897839,0.568787788020256,0.463873568984261,11.0275789442897
4.49404761904762,0.549082064909317,0.568779839486046,0.463651721278365,11.0279353818057
4.49414682539683,0.549033063578726,0.568771874414424,0.463429979866939,11.0282917702762
4.49424603174603,0.548984067905588,0.568763892814507,0.463208344699408,11.0286481097147
4.49434523809524,0.548935077889431,0.568755894695411,0.462986815725214,11.0290044001347
4.49444444444444,0.548886093529786,0.568747880066246,0.462765392893822,11.0293606415498
4.49454365079365,0.548837114826185,0.568739848936116,0.46254407615471,11.0297168339734
4.49464285714286,0.548788141778165,0.568731801314122,0.46232286545738,11.0300729774191
4.49474206349206,0.548739174385266,0.56872373720936,0.46210176075135,11.0304290719004
4.49484126984127,0.54869021264703,0.568715656630922,0.461880761986156,11.0307851174308
4.49494047619048,0.548641256563002,0.568707559587894,0.461659869111354,11.0311411140237
4.49503968253968,0.548592306132732,0.568699446089359,0.461439082076516,11.0314970616927
4.49513888888889,0.548543361355769,0.568691316144393,0.461218400831234,11.0318529604512
4.4952380952381,0.548494422231671,0.56868316976207,0.460997825325123,11.0322088103128
4.4953373015873,0.548445488759993,0.568675006951458,0.460777355507809,11.0325646112908
4.49543650793651,0.548396560940298,0.56866682772162,0.46055699132894,11.0329203633988
4.49553571428571,0.548347638772149,0.568658632081616,0.460336732738185,11.0332760666501
4.49563492063492,0.548298722255112,0.5686504200405,0.460116579685226,11.0336317210584
4.49573412698413,0.548249811388759,0.568642191607322,0.459896532119769,11.033987326637
4.49583333333333,0.548200906172661,0.568633946791126,0.459676589991535,11.0343428833993
4.49593253968254,0.548152006606395,0.568625685600954,0.459456753250266,11.0346983913588
4.49603174603175,0.548103112689541,0.56861740804584,0.459237021845719,11.0350538505289
4.49613095238095,0.54805422442168,0.568609114134817,0.459017395727674,11.0354092609231
4.49623015873016,0.548005341802398,0.568600803876911,0.458797874845928,11.0357646225548
4.49632936507937,0.547956464831283,0.568592477281145,0.458578459150295,11.0361199354373
4.49642857142857,0.547907593507927,0.568584134356534,0.458359148590608,11.0364751995841
4.49652777777778,0.547858727831924,0.568575775112093,0.45813994311672,11.0368304150087
4.49662698412698,0.547809867802871,0.56856739955683,0.4579208426785,11.0371855817243
4.49672619047619,0.54776101342037,0.568559007699747,0.457701847225841,11.0375406997444
4.4968253968254,0.547712164684023,0.568550599549844,0.457482956708648,11.0378957690824
4.4969246031746,0.547663321593439,0.568542175116115,0.457264171076848,11.0382507897516
4.49702380952381,0.547614484148225,0.56853373440755,0.457045490280386,11.0386057617655
4.49712301587302,0.547565652347996,0.568525277433133,0.456826914269225,11.0389606851373
4.49722222222222,0.547516826192367,0.568516804201846,0.456608442993348,11.0393155598805
4.49732142857143,0.547468005680957,0.568508314722664,0.456390076402755,11.0396703860085
4.49742063492063,0.547419190813388,0.568499809004558,0.456171814447465,11.0400251635345
4.49751984126984,0.547370381589284,0.568491287056495,0.455953657077515,11.0403798924719
4.49761904761905,0.547321578008276,0.568482748887436,0.455735604242963,11.0407345728341
4.49771825396825,0.547272780069992,0.568474194506339,0.455517655893884,11.0410892046344
4.49781746031746,0.547223987774069,0.568465623922157,0.45529981198037,11.0414437878861
4.49791666666667,0.547175201120142,0.568457037143837,0.455082072452533,11.0417983226026
4.49801587301587,0.547126420107853,0.568448434180324,0.454864437260505,11.0421528087972
4.49811507936508,0.547077644736845,0.568439815040555,0.454646906354432,11.0425072464831
4.49821428571429,0.547028875006763,0.568431179733465,0.454429479684486,11.0428616356737
4.49831349206349,0.546980110917259,0.568422528267984,0.45421215720085,11.0432159763824
4.4984126984127,0.546931352467984,0.568413860653037,0.453994938853731,11.0435702686223
4.49851190476191,0.546882599658594,0.568405176897544,0.45377782459335,11.0439245124068
4.49861111111111,0.546833852488748,0.56839647701042,0.45356081436995,11.0442787077492
4.49871031746032,0.546785110958108,0.568387761000577,0.453343908133791,11.0446328546627
4.49880952380952,0.546736375066338,0.568379028876921,0.453127105835153,11.0449869531607
4.49890873015873,0.546687644813106,0.568370280648354,0.452910407424333,11.0453410032563
4.49900793650794,0.546638920198083,0.568361516323774,0.452693812851645,11.0456950049629
4.49910714285714,0.546590201220943,0.568352735912072,0.452477322067427,11.0460489582937
4.49920634920635,0.546541487881364,0.568343939422137,0.452260935022031,11.046402863262
4.49930555555556,0.546492780179026,0.568335126862852,0.452044651665829,11.046756719881
4.49940476190476,0.546444078113611,0.568326298243096,0.45182847194921,11.0471105281639
4.49950396825397,0.546395381684806,0.568317453571743,0.451612395822585,11.0474642881241
4.49960317460318,0.5463466908923,0.568308592857662,0.451396423236378,11.0478179997746
4.49970238095238,0.546298005735785,0.568299716109718,0.451180554141039,11.0481716631288
4.49980158730159,0.546249326214958,0.568290823336772,0.450964788487031,11.0485252781999
4.49990079365079,0.546200652329516,0.568281914547679,0.450749126224837,11.048878845001
4.5,0.546151984079162,0.56827298975129,0.450533567304959,11.0492323635454
4.50009920634921,0.546103321463598,0.568264048956452,0.450318111677916,11.0495858338463
4.50019841269841,0.546054664482534,0.568255092172006,0.450102759294248,11.0499392559169
4.50029761904762,0.546006013135681,0.568246119406789,0.449887510104513,11.0502926297703
4.50039682539682,0.54595736742275,0.568237130669634,0.449672364059285,11.0506459554198
4.50049603174603,0.54590872734346,0.568228125969368,0.449457321109158,11.0509992328785
4.50059523809524,0.545860092897531,0.568219105314816,0.449242381204748,11.0513524621596
4.50069444444444,0.545811464084686,0.568210068714795,0.449027544296686,11.0517056432763
4.50079365079365,0.54576284090465,0.568201016178119,0.44881281033562,11.0520587762417
4.50089285714286,0.545714223357152,0.568191947713599,0.448598179272221,11.052411861069
4.50099206349206,0.545665611441925,0.568182863330039,0.448383651057174,11.0527648977714
4.50109126984127,0.545617005158704,0.568173763036238,0.448169225641186,11.0531178863619
4.50119047619048,0.545568404507227,0.568164646840993,0.447954902974982,11.0534708268538
4.50128968253968,0.545519809487235,0.568155514753094,0.447740683009304,11.0538237192601
4.50138888888889,0.545471220098474,0.568146366781327,0.447526565694915,11.054176563594
4.50148809523809,0.545422636340689,0.568137202934475,0.447312550982593,11.0545293598687
4.5015873015873,0.545374058213632,0.568128023221314,0.447098638823138,11.0548821080971
4.50168650793651,0.545325485717057,0.568118827650617,0.446884829167366,11.0552348082925
4.50178571428571,0.545276918850719,0.568109616231151,0.446671121966114,11.055587460468
4.50188492063492,0.545228357614379,0.56810038897168,0.446457517170235,11.0559400646366
4.50198412698413,0.545179802007799,0.568091145880962,0.446244014730602,11.0562926208114
4.50208333333333,0.545131252030745,0.568081886967751,0.446030614598108,11.0566451290056
4.50218253968254,0.545082707682986,0.568072612240796,0.445817316723662,11.0569975892322
4.50228174603175,0.545034168964293,0.568063321708843,0.445604121058192,11.0573500015043
4.50238095238095,0.544985635874443,0.56805401538063,0.445391027552646,11.0577023658349
4.50248015873016,0.544937108413212,0.568044693264895,0.445178036157989,11.0580546822372
4.50257936507937,0.544888586580381,0.568035355370366,0.444965146825203,11.0584069507242
4.50267857142857,0.544840070375736,0.568026001705771,0.444752359505296,11.0587591713089
4.50277777777778,0.544791559799063,0.568016632279831,0.444539674149285,11.0591113440044
4.50287698412698,0.544743054850152,0.568007247101263,0.444327090708212,11.0594634688238
4.50297619047619,0.544694555528797,0.56799784617878,0.444114609133135,11.05981554578
4.5030753968254,0.544646061834794,0.567988429521088,0.44390222937513,11.0601675748862
4.5031746031746,0.544597573767942,0.567978997136892,0.443689951385293,11.0605195561553
4.50327380952381,0.544549091328045,0.567969549034889,0.443477775114739,11.0608714896004
4.50337301587302,0.544500614514907,0.567960085223774,0.443265700514599,11.0612233752345
4.50347222222222,0.544452143328336,0.567950605712235,0.443053727536025,11.0615752130705
4.50357142857143,0.544403677768146,0.567941110508957,0.442841856130187,11.0619270031216
4.50367063492063,0.54435521783415,0.567931599622621,0.442630086248274,11.0622787454007
4.50376984126984,0.544306763526167,0.567922073061901,0.442418417841492,11.0626304399207
4.50386904761905,0.544258314844016,0.567912530835468,0.442206850861067,11.0629820866947
4.50396825396825,0.544209871787523,0.567902972951989,0.441995385258242,11.0633336857357
4.50406746031746,0.544161434356513,0.567893399420124,0.441784020984279,11.0636852370567
4.50416666666667,0.544113002550818,0.567883810248531,0.441572757990462,11.0640367406705
4.50426587301587,0.544064576370269,0.567874205445862,0.441361596228088,11.0643881965902
4.50436507936508,0.544016155814704,0.567864585020764,0.441150535648477,11.0647396048288
4.50446428571429,0.543967740883961,0.56785494898188,0.440939576202965,11.0650909653991
4.50456349206349,0.543919331577883,0.56784529733785,0.440728717842907,11.0654422783142
4.5046626984127,0.543870927896315,0.567835630097306,0.440517960519677,11.065793543587
4.5047619047619,0.543822529839105,0.567825947268878,0.440307304184668,11.0661447612304
4.50486111111111,0.543774137406105,0.56781624886119,0.440096748789291,11.0664959312574
4.50496031746032,0.543725750597169,0.567806534882861,0.439886294284974,11.0668470536808
4.50505952380952,0.543677369412154,0.567796805342509,0.439675940623167,11.0671981285137
4.50515873015873,0.543628993850923,0.567787060248742,0.439465687755337,11.0675491557688
4.50525793650794,0.543580623913337,0.567777299610167,0.439255535632968,11.0679001354592
4.50535714285714,0.543532259599264,0.567767523435385,0.439045484207565,11.0682510675978
4.50545634920635,0.543483900908574,0.567757731732993,0.438835533430649,11.0686019521973
4.50555555555556,0.543435547841138,0.567747924511583,0.43862568325376,11.0689527892708
4.50565476190476,0.543387200396835,0.567738101779744,0.438415933628461,11.0693035788311
4.50575396825397,0.543338858575541,0.567728263546056,0.438206284506328,11.0696543208911
4.50585317460317,0.54329052237714,0.5677184098191,0.437996735838957,11.0700050154636
4.50595238095238,0.543242191801516,0.567708540607448,0.437787287577965,11.0703556625616
4.50605158730159,0.543193866848558,0.56769865591967,0.437577939674983,11.0707062621979
4.50615079365079,0.543145547518156,0.567688755764329,0.437368692081666,11.0710568143854
4.50625,0.543097233810205,0.567678840149987,0.437159544749684,11.0714073191369
4.50634920634921,0.543048925724603,0.567668909085197,0.436950497630725,11.0717577764653
4.50644841269841,0.543000623261249,0.567658962578511,0.436741550676498,11.0721081863833
4.50654761904762,0.542952326420047,0.567649000638474,0.43653270383873,11.0724585489039
4.50664682539683,0.542904035200904,0.567639023273627,0.436323957069166,11.0728088640399
4.50674603174603,0.542855749603729,0.567629030492508,0.436115310319569,11.0731591318041
4.50684523809524,0.542807469628434,0.567619022303648,0.435906763541722,11.0735093522093
4.50694444444444,0.542759195274936,0.567608998715575,0.435698316687425,11.0738595252684
4.50704365079365,0.542710926543152,0.567598959736812,0.435489969708496,11.0742096509941
4.50714285714286,0.542662663433006,0.567588905375876,0.435281722556775,11.0745597293992
4.50724206349206,0.542614405944422,0.567578835641282,0.435073575184119,11.0749097604966
4.50734126984127,0.542566154077327,0.567568750541538,0.434865527542401,11.0752597442991
4.50744047619048,0.542517907831653,0.567558650085148,0.434657579583516,11.0756096808193
4.50753968253968,0.542469667207333,0.567548534280613,0.434449731259374,11.0759595700702
4.50763888888889,0.542421432204305,0.567538403136427,0.434241982521908,11.0763094120645
4.50773809523809,0.542373202822509,0.567528256661081,0.434034333323067,11.0766592068149
4.5078373015873,0.542324979061887,0.56751809486306,0.433826783614817,11.0770089543342
4.50793650793651,0.542276760922387,0.567507917750846,0.433619333349144,11.0773586546352
4.50803571428571,0.542228548403958,0.567497725332916,0.433411982478056,11.0777083077306
4.50813492063492,0.542180341506551,0.567487517617741,0.433204730953575,11.0780579136332
4.50823412698413,0.542132140230123,0.567477294613788,0.432997578727742,11.0784074723557
4.50833333333333,0.542083944574632,0.567467056329521,0.432790525752618,11.0787569839109
4.50843253968254,0.542035754540039,0.567456802773398,0.432583571980283,11.0791064483115
4.50853174603175,0.541987570126309,0.567446533953871,0.432376717362833,11.0794558655701
4.50863095238095,0.541939391333409,0.56743624987939,0.432169961852386,11.0798052356996
4.50873015873016,0.541891218161312,0.567425950558399,0.431963305401076,11.0801545587127
4.50882936507937,0.541843050609989,0.567415635999338,0.431756747961056,11.0805038346219
4.50892857142857,0.541794888679419,0.567405306210641,0.431550289484499,11.0808530634402
4.50902777777778,0.54174673236958,0.56739496120074,0.431343929923594,11.08120224518
4.50912698412698,0.541698581680456,0.567384600978059,0.431137669230552,11.0815513798542
4.50922619047619,0.541650436612034,0.567374225551019,0.430931507357598,11.0819004674755
4.5093253968254,0.541602297164301,0.567363834928038,0.43072544425698,11.0822495080564
4.5094246031746,0.54155416333725,0.567353429117528,0.430519479880962,11.0825985016098
4.50952380952381,0.541506035130877,0.567343008127894,0.430313614181827,11.0829474481481
4.50962301587302,0.541457912545179,0.567332571967541,0.430107847111878,11.0832963476842
4.50972222222222,0.541409795580159,0.567322120644865,0.429902178623435,11.0836452002306
4.50982142857143,0.541361684235819,0.567311654168261,0.429696608668836,11.0839940058001
4.50992063492063,0.541313578512169,0.567301172546117,0.429491137200439,11.0843427644052
4.51001984126984,0.541265478409217,0.567290675786818,0.429285764170619,11.0846914760587
4.51011904761905,0.541217383926978,0.567280163898742,0.429080489531773,11.0850401407731
4.51021825396825,0.541169295065469,0.567269636890265,0.428875313236313,11.085388758561
4.51031746031746,0.541121211824708,0.567259094769757,0.428670235236671,11.0857373294352
4.51041666666667,0.54107313420472,0.567248537545583,0.428465255485296,11.0860858534081
4.51051587301587,0.541025062205529,0.567237965226105,0.428260373934658,11.0864343304925
4.51061507936508,0.540976995827164,0.567227377819679,0.428055590537244,11.0867827607009
4.51071428571429,0.540928935069658,0.567216775334657,0.42785090524556,11.087131144046
4.51081349206349,0.540880879933045,0.567206157779386,0.42764631801213,11.0874794805403
4.5109126984127,0.540832830417363,0.567195525162208,0.427441828789497,11.0878277701964
4.51101190476191,0.540784786522654,0.567184877491461,0.427237437530224,11.0881760130269
4.51111111111111,0.540736748248961,0.56717421477548,0.427033144186891,11.0885242090444
4.51121031746032,0.540688715596332,0.567163537022591,0.426828948712096,11.0888723582614
4.51130952380952,0.540640688564817,0.56715284424112,0.426624851058456,11.0892204606906
4.51140873015873,0.540592667154469,0.567142136439386,0.426420851178608,11.0895685163444
4.51150793650794,0.540544651365344,0.567131413625703,0.426216949025204,11.0899165252356
4.51160714285714,0.540496641197503,0.567120675808382,0.42601314455092,11.0902644873765
4.51170634920635,0.540448636651008,0.567109922995729,0.425809437708446,11.0906124027797
4.51180555555556,0.540400637725923,0.567099155196044,0.425605828450492,11.0909602714578
4.51190476190476,0.540352644422318,0.567088372417623,0.425402316729788,11.0913080934233
4.51200396825397,0.540304656740265,0.567077574668759,0.425198902499079,11.0916558686888
4.51210317460317,0.540256674679838,0.567066761957737,0.424995585711133,11.0920035972668
4.51220238095238,0.540208698241115,0.567055934292842,0.424792366318732,11.0923512791697
4.51230158730159,0.540160727424177,0.56704509168235,0.424589244274681,11.0926989144101
4.51240079365079,0.540112762229107,0.567034234134535,0.424386219531799,11.0930465030005
4.5125,0.540064802655993,0.567023361657666,0.424183292042929,11.0933940449535
4.51259920634921,0.540016848704925,0.567012474260005,0.423980461760928,11.0937415402814
4.51269841269841,0.539968900375995,0.567001571949814,0.423777728638673,11.0940889889968
4.51279761904762,0.5399209576693,0.566990654735345,0.42357509262906,11.0944363911121
4.51289682539683,0.53987302058494,0.56697972262485,0.423372553685003,11.09478374664
4.51299603174603,0.539825089123015,0.566968775626574,0.423170111759434,11.0951310555927
4.51309523809524,0.539777163283633,0.566957813748758,0.422967766805306,11.0954783179828
4.51319444444444,0.5397292430669,0.566946836999638,0.422765518775588,11.0958255338228
4.51329365079365,0.539681328472929,0.566935845387445,0.422563367623269,11.0961727031251
4.51339285714286,0.539633419501834,0.566924838920407,0.422361313301356,11.0965198259021
4.51349206349206,0.539585516153733,0.566913817606745,0.422159355762873,11.0968669021663
4.51359126984127,0.539537618428746,0.566902781454678,0.421957494960866,11.0972139319302
4.51369047619048,0.539489726326996,0.566891730472419,0.421755730848397,11.0975609152061
4.51378968253968,0.539441839848611,0.566880664668176,0.421554063378548,11.0979078520065
4.51388888888889,0.53939395899372,0.566869584050154,0.421352492504415,11.0982547423439
4.5139880952381,0.539346083762457,0.56685848862655,0.421151018179122,11.0986015862305
4.5140873015873,0.539298214154957,0.56684737840556,0.420949640355803,11.098948383679
4.51418650793651,0.539250350171359,0.566836253395375,0.420748358987614,11.0992951347015
4.51428571428571,0.539202491811805,0.566825113604178,0.420547174027729,11.0996418393107
4.51438492063492,0.53915463907644,0.566813959040152,0.42034608542934,11.0999884975187
4.51448412698413,0.539106791965412,0.566802789711472,0.420145093145657,11.1003351093382
4.51458333333333,0.539058950478873,0.566791605626309,0.419944197129913,11.1006816747813
4.51468253968254,0.539011114616976,0.566780406792831,0.419743397335355,11.1010281938605
4.51478174603175,0.53896328437988,0.5667691932192,0.419542693715249,11.1013746665882
4.51488095238095,0.538915459767744,0.566757964913573,0.419342086222881,11.1017210929767
4.51498015873016,0.538867640780733,0.566746721884104,0.419141574811555,11.1020674730384
4.51507936507937,0.538819827419011,0.566735464138941,0.418941159434593,11.1024138067856
4.51517857142857,0.53877201968275,0.566724191686227,0.418740840045336,11.1027600942308
4.51527777777778,0.538724217572121,0.566712904534102,0.418540616597144,11.1031063353861
4.51537698412698,0.5386764210873,0.5667016026907,0.418340489043394,11.1034525302641
4.51547619047619,0.538628630228466,0.566690286164152,0.418140457337485,11.1037986788769
4.5155753968254,0.538580844995801,0.566678954962582,0.417940521432831,11.104144781237
4.5156746031746,0.53853306538949,0.566667609094111,0.417740681282867,11.1044908373567
4.51577380952381,0.53848529140972,0.566656248566856,0.417540936841044,11.1048368472482
4.51587301587302,0.538437523056683,0.566644873388927,0.417341288060832,11.1051828109239
4.51597222222222,0.538389760330572,0.566633483568431,0.417141734895722,11.1055287283961
4.51607142857143,0.538342003231585,0.566622079113472,0.416942277299223,11.1058745996771
4.51617063492063,0.538294251759922,0.566610660032145,0.416742915224861,11.1062204247791
4.51626984126984,0.538246505915785,0.566599226332544,0.41654364862618,11.1065662037145
4.51636904761905,0.538198765699382,0.566587778022758,0.416344477456745,11.1069119364956
4.51646825396825,0.538151031110922,0.56657631511087,0.416145401670138,11.1072576231346
4.51656746031746,0.538103302150616,0.566564837604958,0.41594642121996,11.1076032636437
4.51666666666667,0.538055578818681,0.566553345513099,0.415747536059829,11.1079488580353
4.51676587301587,0.538007861115334,0.566541838843361,0.415548746143385,11.1082944063217
4.51686507936508,0.537960149040798,0.566530317603809,0.415350051424283,11.108639908515
4.51696428571429,0.537912442595297,0.566518781802504,0.415151451856199,11.1089853646275
4.51706349206349,0.537864741779059,0.566507231447503,0.414952947392827,11.1093307746715
4.5171626984127,0.537817046592314,0.566495666546856,0.414754537987879,11.1096761386592
4.5172619047619,0.537769357035296,0.56648408710861,0.414556223595085,11.1100214566029
4.51736111111111,0.537721673108243,0.566472493140807,0.414358004168196,11.1103667285146
4.51746031746032,0.537673994811393,0.566460884651485,0.414159879660976,11.1107119544068
4.51755952380952,0.53762632214499,0.566449261648676,0.413961850027216,11.1110571342915
4.51765873015873,0.53757865510928,0.566437624140409,0.41376391522072,11.1114022681811
4.51775793650794,0.537530993704513,0.566425972134707,0.41356607519531,11.1117473560876
4.51785714285714,0.53748333793094,0.56641430563959,0.413368329904829,11.1120923980233
4.51795634920635,0.537435687788816,0.566402624663071,0.413170679303137,11.1124373940005
4.51805555555556,0.5373880432784,0.56639092921316,0.412973123344115,11.1127823440312
4.51815476190476,0.537340404399952,0.566379219297863,0.412775661981659,11.1131272481277
4.51825396825397,0.537292771153738,0.56636749492518,0.412578295169686,11.1134721063021
4.51835317460317,0.537245143540025,0.566355756103106,0.412381022862129,11.1138169185666
4.51845238095238,0.537197521559084,0.566344002839634,0.412183845012946,11.1141616849334
4.51855158730159,0.537149905211187,0.566332235142749,0.411986761576105,11.1145064054146
4.51865079365079,0.537102294496611,0.566320453020434,0.411789772505599,11.1148510800223
4.51875,0.537054689415637,0.566308656480666,0.411592877755436,11.1151957087688
4.51884920634921,0.537007089968547,0.566296845531417,0.411396077279644,11.1155402916662
4.51894841269841,0.536959496155626,0.566285020180656,0.411199371032267,11.1158848287266
4.51904761904762,0.536911907977164,0.566273180436347,0.411002758967374,11.1162293199621
4.51914682539683,0.536864325433453,0.566261326306448,0.410806241039047,11.1165737653849
4.51924603174603,0.536816748524787,0.566249457798913,0.410609817201386,11.116918165007
4.51934523809524,0.536769177251464,0.566237574921693,0.410413487408513,11.1172625188407
4.51944444444444,0.536721611613786,0.566225677682731,0.410217251614567,11.1176068268979
4.51954365079365,0.536674051612057,0.56621376608997,0.410021109773706,11.1179510891909
4.51964285714286,0.536626497246584,0.566201840151343,0.409825061840105,11.1182953057316
4.51974206349206,0.536578948517677,0.566189899874783,0.40962910776796,11.1186394765322
4.51984126984127,0.536531405425649,0.566177945268216,0.409433247511482,11.1189836016048
4.51994047619048,0.536483867970817,0.566165976339563,0.409237481024905,11.1193276809615
4.52003968253968,0.5364363361535,0.566153993096743,0.40904180826248,11.1196717146143
4.52013888888889,0.536388809974022,0.566141995547668,0.408846229178474,11.1200157025753
4.52023809523809,0.536341289432706,0.566129983700245,0.408650743727176,11.1203596448565
4.5203373015873,0.536293774529883,0.566117957562379,0.408455351862891,11.1207035414701
4.52043650793651,0.536246265265883,0.566105917141967,0.408260053539943,11.121047392428
4.52053571428571,0.536198761641042,0.566093862446905,0.408064848712678,11.1213911977424
4.52063492063492,0.536151263655697,0.566081793485082,0.407869737335456,11.1217349574252
4.52073412698413,0.536103771310189,0.566069710264382,0.407674719362657,11.1220786714885
4.52083333333333,0.536056284604862,0.566057612792686,0.40747979474868,11.1224223399443
4.52093253968254,0.536008803540063,0.56604550107787,0.407284963447943,11.1227659628047
4.52103174603175,0.535961328116142,0.566033375127805,0.407090225414881,11.1231095400816
4.52113095238095,0.535913858333452,0.566021234950356,0.40689558060395,11.1234530717871
4.52123015873016,0.53586639419235,0.566009080553387,0.406701028969622,11.1237965579332
4.52132936507937,0.535818935693193,0.565996911944754,0.406506570466388,11.1241399985319
4.52142857142857,0.535771482836345,0.565984729132309,0.40631220504876,11.1244833935952
4.52152777777778,0.535724035622172,0.565972532123901,0.406117932671266,11.124826743135
4.52162698412698,0.535676594051041,0.565960320927373,0.405923753288453,11.1251700471634
4.52172619047619,0.535629158123323,0.565948095550564,0.405729666854887,11.1255133056923
4.5218253968254,0.535581727839394,0.565935856001307,0.405535673325153,11.1258565187338
4.5219246031746,0.535534303199631,0.565923602287433,0.405341772653852,11.1261996862997
4.52202380952381,0.535486884204414,0.565911334416765,0.405147964795609,11.126542808402
4.52212301587302,0.535439470854128,0.565899052397125,0.404954249705062,11.1268858850527
4.52222222222222,0.535392063149159,0.565886756236328,0.40476062733687,11.1272289162638
4.52232142857143,0.535344661089896,0.565874445942184,0.40456709764571,11.1275719020472
4.52242063492063,0.535297264676733,0.565862121522501,0.404373660586278,11.1279148424148
4.52251984126984,0.535249873910065,0.565849782985079,0.404180316113289,11.1282577373786
4.52261904761905,0.535202488790292,0.565837430337716,0.403987064181475,11.1286005869504
4.52271825396825,0.535155109317815,0.565825063588205,0.403793904745587,11.1289433911423
4.52281746031746,0.53510773549304,0.565812682744333,0.403600837760395,11.1292861499661
4.52291666666667,0.535060367316375,0.565800287813883,0.40340786318069,11.1296288634338
4.52301587301587,0.535013004788231,0.565787878804635,0.403214980961277,11.1299715315572
4.52311507936508,0.534965647909021,0.565775455724361,0.403022191056982,11.1303141543482
4.52321428571429,0.534918296679165,0.565763018580833,0.40282949342265,11.1306567318188
4.52331349206349,0.534870951099081,0.565750567381813,0.402636888013143,11.1309992639809
4.5234126984127,0.534823611169194,0.565738102135062,0.402444374783342,11.1313417508462
4.52351190476191,0.53477627688993,0.565725622848337,0.402251953688148,11.1316841924268
4.52361111111111,0.534728948261718,0.565713129529387,0.402059624682479,11.1320265887344
4.52371031746032,0.534681625284991,0.565700622185959,0.401867387721273,11.1323689397809
4.52380952380952,0.534634307960185,0.565688100825795,0.401675242759484,11.1327112455783
4.52390873015873,0.534586996287738,0.565675565456631,0.401483189752088,11.1330535061383
4.52400793650794,0.534539690268093,0.5656630160862,0.401291228654076,11.1333957214728
4.52410714285714,0.534492389901694,0.56565045272223,0.401099359420459,11.1337378915937
4.52420634920635,0.534445095188989,0.565637875372444,0.400907582006269,11.1340800165127
4.52430555555556,0.534397806130429,0.56562528404456,0.400715896366552,11.1344220962418
4.52440476190476,0.534350522726468,0.565612678746292,0.400524302456377,11.1347641307927
4.52450396825397,0.534303244977563,0.56560005948535,0.400332800230828,11.1351061201772
4.52460317460317,0.534255972884174,0.565587426269439,0.40014138964501,11.1354480644073
4.52470238095238,0.534208706446765,0.565574779106257,0.399950070654046,11.1357899634947
4.52480158730159,0.534161445665802,0.565562118003501,0.399758843213076,11.1361318174511
4.52490079365079,0.534114190541754,0.565549442968861,0.399567707277259,11.1364736262885
4.525,0.534066941075093,0.565536754010025,0.399376662801776,11.1368153900185
4.52509920634921,0.534019697266296,0.565524051134672,0.399185709741823,11.1371571086531
4.52519841269841,0.53397245911584,0.56551133435048,0.398994848052614,11.1374987822039
4.52529761904762,0.533925226624207,0.565498603665122,0.398804077689384,11.1378404106827
4.52539682539683,0.533877999791881,0.565485859086264,0.398613398607386,11.1381819941014
4.52549603174603,0.533830778619351,0.565473100621571,0.39842281076189,11.1385235324716
4.52559523809524,0.533783563107107,0.5654603282787,0.398232314108186,11.1388650258052
4.52569444444444,0.533736353255643,0.565447542065306,0.398041908601583,11.1392064741138
4.52579365079365,0.533689149065455,0.565434741989037,0.397851594197405,11.1395478774094
4.52589285714286,0.533641950537044,0.565421928057538,0.397661370851002,11.1398892357035
4.52599206349206,0.533594757670913,0.565409100278449,0.397471238517734,11.1402305490079
4.52609126984127,0.533547570467567,0.565396258659405,0.397281197152985,11.1405718173344
4.52619047619048,0.533500388927516,0.565383403208037,0.397091246712156,11.1409130406946
4.52628968253968,0.533453213051272,0.565370533931972,0.396901387150667,11.1412542191004
4.52638888888889,0.53340604283935,0.565357650838829,0.396711618423953,11.1415953525634
4.5264880952381,0.533358878292269,0.565344753936228,0.396521940487475,11.1419364410953
4.5265873015873,0.533311719410549,0.565331843231778,0.396332353296706,11.1422774847079
4.52668650793651,0.533264566194715,0.565318918733089,0.396142856807141,11.1426184834128
4.52678571428571,0.533217418645295,0.565305980447763,0.395953450974291,11.1429594372217
4.52688492063492,0.533170276762819,0.565293028383399,0.395764135753687,11.1433003461463
4.52698412698413,0.53312314054782,0.565280062547589,0.39557491110088,11.1436412101983
4.52708333333333,0.533076010000836,0.565267082947924,0.395385776971436,11.1439820293894
4.52718253968254,0.533028885122406,0.565254089591988,0.395196733320943,11.1443228037312
4.52728174603175,0.532981765913072,0.565241082487359,0.395007780105004,11.1446635332355
4.52738095238095,0.53293465237338,0.565228061641615,0.394818917279245,11.1450042179138
4.52748015873016,0.532887544503881,0.565215027062326,0.394630144799309,11.1453448577778
4.52757936507937,0.532840442305124,0.565201978757056,0.394441462620854,11.1456854528392
4.52767857142857,0.532793345777665,0.565188916733368,0.394252870699562,11.1460260031096
4.52777777777778,0.532746254922063,0.565175840998819,0.394064368991129,11.1463665086007
4.52787698412698,0.532699169738878,0.565162751560961,0.393875957451271,11.146706969324
4.52797619047619,0.532652090228675,0.56514964842734,0.393687636035725,11.1470473852912
4.5280753968254,0.53260501639202,0.5651365316055,0.393499404700245,11.147387756514
4.5281746031746,0.532557948229484,0.56512340110298,0.393311263400601,11.1477280830039
4.52827380952381,0.532510885741641,0.565110256927312,0.393123212092585,11.1480683647725
4.52837301587302,0.532463828929067,0.565097099086027,0.392935250732006,11.1484086018315
4.52847222222222,0.53241677779234,0.565083927586647,0.392747379274692,11.1487487941924
4.52857142857143,0.532369732332044,0.565070742436693,0.39255959767649,11.1490889418669
4.52867063492063,0.532322692548765,0.565057543643681,0.392371905893263,11.1494290448665
4.52876984126984,0.53227565844309,0.56504433121512,0.392184303880895,11.1497691032028
4.52886904761905,0.532228630015612,0.565031105158516,0.39199679159529,11.1501091168874
4.52896825396825,0.532181607266925,0.565017865481372,0.391809368992367,11.1504490859319
4.52906746031746,0.532134590197627,0.565004612191182,0.391622036028066,11.1507890103478
4.52916666666667,0.532087578808319,0.564991345295441,0.391434792658344,11.1511288901466
4.52926587301587,0.532040573099605,0.564978064801634,0.391247638839178,11.15146872534
4.52936507936508,0.531993573072091,0.564964770717244,0.39106057452656,11.1518085159394
4.52946428571429,0.531946578726389,0.564951463049751,0.390873599676508,11.1521482619565
4.52956349206349,0.531899590063111,0.564938141806626,0.390686714245052,11.1524879634027
4.5296626984127,0.531852607082873,0.564924806995341,0.390499918188243,11.1528276202896
4.52976190476191,0.531805629786294,0.564911458623357,0.390313211462149,11.1531672326287
4.52986111111111,0.531758658173997,0.564898096698136,0.390126594022858,11.1535068004315
4.52996031746032,0.531711692246607,0.564884721227132,0.389940065826476,11.1538463237095
4.53005952380952,0.531664732004752,0.564871332217795,0.389753626829128,11.1541858024744
4.53015873015873,0.531617777449064,0.564857929677572,0.389567276986958,11.1545252367374
4.53025793650794,0.531570828580176,0.564844513613904,0.389381016256126,11.1548646265102
4.53035714285714,0.531523885398729,0.564831084034227,0.389194844592815,11.1552039718043
4.53045634920635,0.53147694790536,0.564817640945973,0.389008761953223,11.155543272631
4.53055555555556,0.531430016100715,0.564804184356569,0.388822768293567,11.155882529002
4.53065476190476,0.531383089985439,0.564790714273439,0.388636863570083,11.1562217409287
4.53075396825397,0.531336169560184,0.564777230703999,0.388451047739027,11.1565609084225
4.53085317460318,0.531289254825601,0.564763733655665,0.388265320756669,11.1569000314949
4.53095238095238,0.531242345782346,0.564750223135844,0.388079682579305,11.1572391101573
4.53105158730159,0.531195442431079,0.56473669915194,0.387894133163243,11.1575781444213
4.53115079365079,0.531148544772462,0.564723161711354,0.387708672464813,11.1579171342983
4.53125,0.531101652807159,0.56470961082148,0.387523300440362,11.1582560797996
4.53134920634921,0.531054766535839,0.564696046489708,0.387338017046255,11.1585949809368
4.53144841269841,0.531007885959173,0.564682468723425,0.387152822238878,11.1589338377213
4.53154761904762,0.530961011077835,0.564668877530011,0.386967715974633,11.1592726501645
4.53164682539682,0.530914141892503,0.564655272916843,0.386782698209943,11.1596114182778
4.53174603174603,0.530867278403857,0.564641654891292,0.386597768901245,11.1599501420726
4.53184523809524,0.53082042061258,0.564628023460727,0.386412928005003,11.1602888215603
4.53194444444444,0.530773568519359,0.564614378632509,0.386228175477691,11.1606274567523
4.53204365079365,0.530726722124884,0.564600720413996,0.386043511275805,11.1609660476601
4.53214285714286,0.530679881429847,0.564587048812542,0.385858935355861,11.161304594295
4.53224206349206,0.530633046434944,0.564573363835496,0.385674447674391,11.1616430966685
4.53234126984127,0.530586217140873,0.564559665490201,0.385490048187945,11.1619815547918
4.53244047619048,0.530539393548337,0.564545953783997,0.385305736853096,11.1623199686763
4.53253968253968,0.53049257565804,0.564532228724219,0.385121513626432,11.1626583383335
4.53263888888889,0.53044576347069,0.564518490318198,0.38493737846456,11.1629966637746
4.53273809523809,0.530398956986999,0.564504738573259,0.384753331324106,11.1633349450111
4.5328373015873,0.530352156207679,0.564490973496722,0.384569372161713,11.1636731820543
4.53293650793651,0.53030536113345,0.564477195095904,0.384385500934046,11.1640113749156
4.53303571428571,0.530258571765029,0.564463403378118,0.384201717597785,11.1643495236062
4.53313492063492,0.530211788103141,0.564449598350669,0.384018022109631,11.1646876281375
4.53323412698413,0.530165010148512,0.564435780020862,0.383834414426301,11.1650256885208
4.53333333333333,0.530118237901871,0.564421948395992,0.383650894504534,11.1653637047676
4.53343253968254,0.530071471363951,0.564408103483355,0.383467462301085,11.165701676889
4.53353174603175,0.530024710535488,0.564394245290238,0.383284117772729,11.1660396048964
4.53363095238095,0.529977955417219,0.564380373823925,0.383100860876259,11.1663774888011
4.53373015873016,0.529931206009886,0.564366489091696,0.382917691568485,11.1667153286143
4.53382936507937,0.529884462314233,0.564352591100826,0.382734609806236,11.1670531243475
4.53392857142857,0.52983772433101,0.564338679858585,0.382551615546364,11.1673908760119
4.53402777777778,0.529790992060966,0.564324755372238,0.382368708745734,11.1677285836187
4.53412698412698,0.529744265504855,0.564310817649046,0.382185889361232,11.1680662471793
4.53422619047619,0.529697544663434,0.564296866696265,0.382003157349762,11.1684038667049
4.5343253968254,0.529650829537462,0.564282902521148,0.381820512668247,11.1687414422068
4.5344246031746,0.529604120127704,0.564268925130941,0.381637955273628,11.1690789736962
4.53452380952381,0.529557416434925,0.564254934532886,0.381455485122865,11.1694164611844
4.53462301587302,0.529510718459893,0.564240930734222,0.381273102172937,11.1697539046827
4.53472222222222,0.529464026203382,0.564226913742182,0.381090806380839,11.1700913042022
4.53482142857143,0.529417339666166,0.564212883563993,0.38090859770359,11.1704286597543
4.53492063492063,0.529370658849023,0.564198840206881,0.380726476098221,11.1707659713502
4.53501984126984,0.529323983752736,0.564184783678064,0.380544441521786,11.171103239001
4.53511904761905,0.529277314378088,0.564170713984757,0.380362493931357,11.1714404627181
4.53521825396825,0.529230650725868,0.56415663113417,0.380180633284022,11.1717776425126
4.53531746031746,0.529183992796864,0.564142535133509,0.379998859536889,11.1721147783958
4.53541666666667,0.529137340591871,0.564128425989974,0.379817172647088,11.1724518703788
4.53551587301587,0.529090694111686,0.564114303710762,0.379635572571762,11.1727889184728
4.53561507936508,0.529044053357108,0.564100168303064,0.379454059268075,11.1731259226891
4.53571428571429,0.52899741832894,0.564086019774067,0.379272632693211,11.1734628830388
4.53581349206349,0.528950789027988,0.564071858130954,0.37909129280437,11.1737997995331
4.5359126984127,0.528904165455061,0.564057683380901,0.378910039558772,11.1741366721832
4.5360119047619,0.52885754761097,0.564043495531083,0.378728872913655,11.1744735010003
4.53611111111111,0.528810935496531,0.564029294588667,0.378547792826276,11.1748102859955
4.53621031746032,0.528764329112562,0.564015080560818,0.378366799253909,11.17514702718
4.53630952380952,0.528717728459883,0.564000853454695,0.378185892153851,11.1754837245649
4.53640873015873,0.528671133539319,0.563986613277452,0.378005071483412,11.1758203781614
4.53650793650794,0.528624544351697,0.563972360036239,0.377824337199924,11.1761569879806
4.53660714285714,0.528577960897848,0.563958093738202,0.377643689260737,11.1764935540338
4.53670634920635,0.528531383178605,0.563943814390482,0.377463127623218,11.1768300763319
4.53680555555556,0.528484811194803,0.563929522000213,0.377282652244753,11.1771665548861
4.53690476190476,0.528438244947283,0.563915216574529,0.37710226308275,11.1775029897076
4.53700396825397,0.528391684436887,0.563900898120556,0.376921960094631,11.1778393808075
4.53710317460317,0.528345129664461,0.563886566645416,0.376741743237839,11.1781757281969
4.53720238095238,0.528298580630854,0.563872222156226,0.376561612469834,11.1785120318868
4.53730158730159,0.528252037336916,0.5638578646601,0.376381567748097,11.1788482918884
4.53740079365079,0.528205499783503,0.563843494164146,0.376201609030125,11.1791845082128
4.5375,0.528158967971473,0.563829110675468,0.376021736273435,11.179520680871
4.53759920634921,0.528112441901686,0.563814714201165,0.375841949435561,11.1798568098742
4.53769841269841,0.528065921575006,0.563800304748331,0.375662248474058,11.1801928952334
4.53779761904762,0.5280194069923,0.563785882324057,0.375482633346498,11.1805289369596
4.53789682539683,0.527972898154439,0.563771446935427,0.375303104010473,11.1808649350641
4.53799603174603,0.527926395062296,0.563756998589522,0.37512366042359,11.1812008895577
4.53809523809524,0.527879897716746,0.563742537293419,0.374944302543479,11.1815368004516
4.53819444444444,0.527833406118669,0.563728063054188,0.374765030327786,11.1818726677569
4.53829365079365,0.527786920268947,0.563713575878897,0.374585843734174,11.1822084914844
4.53839285714286,0.527740440168466,0.563699075774607,0.374406742720331,11.1825442716454
4.53849206349206,0.527693965818114,0.563684562748376,0.374227727243955,11.1828800082508
4.53859126984127,0.527647497218782,0.563670036807257,0.37404879726277,11.1832157013117
4.53869047619048,0.527601034371365,0.563655497958299,0.373869952734513,11.183551350839
4.53878968253968,0.52755457727676,0.563640946208544,0.373691193616942,11.1838869568438
4.53888888888889,0.527508125935868,0.563626381565033,0.373512519867835,11.1842225193371
4.53898809523809,0.527461680349594,0.563611804034798,0.373333931444986,11.1845580383299
4.5390873015873,0.527415240518842,0.563597213624871,0.373155428306208,11.1848935138331
4.53918650793651,0.527368806444524,0.563582610342276,0.372977010409333,11.1852289458579
4.53928571428571,0.527322378127552,0.563567994194034,0.372798677712213,11.1855643344152
4.53938492063492,0.527275955568843,0.563553365187161,0.372620430172717,11.1858996795158
4.53948412698413,0.527229538769314,0.563538723328668,0.372442267748732,11.186234981171
4.53958333333333,0.527183127729889,0.563524068625561,0.372264190398166,11.1865702393915
4.53968253968254,0.527136722451491,0.563509401084844,0.372086198078941,11.1869054541884
4.53978174603175,0.52709032293505,0.563494720713512,0.371908290749001,11.1872406255726
4.53988095238095,0.527043929181497,0.56348002751856,0.371730468366311,11.1875757535551
4.53998015873016,0.526997541191766,0.563465321506975,0.371552730888849,11.1879108381467
4.54007936507937,0.526951158966794,0.563450602685741,0.371375078274615,11.1882458793586
4.54017857142857,0.526904782507522,0.563435871061837,0.371197510481627,11.1885808772016
4.54027777777778,0.526858411814893,0.563421126642237,0.37102002746792,11.1889158316865
4.54037698412698,0.526812046889854,0.563406369433911,0.370842629191549,11.1892507428245
4.54047619047619,0.526765687733354,0.563391599443823,0.370665315610589,11.1895856106263
4.5405753968254,0.526719334346345,0.563376816678935,0.37048808668313,11.1899204351029
4.5406746031746,0.526672986729784,0.563362021146202,0.370310942367282,11.1902552162652
4.54077380952381,0.52662664488463,0.563347212852576,0.370133882621177,11.190589954124
4.54087301587302,0.526580308811844,0.563332391805002,0.36995690740296,11.1909246486904
4.54097222222222,0.52653397851239,0.563317558010424,0.369780016670798,11.1912592999752
4.54107142857143,0.526487653987238,0.563302711475778,0.369603210382876,11.1915939079892
4.54117063492063,0.526441335237357,0.563287852207996,0.369426488497397,11.1919284727434
4.54126984126984,0.526395022263723,0.563272980214008,0.369249850972582,11.1922629942486
4.54136904761905,0.526348715067311,0.563258095500737,0.369073297766673,11.1925974725156
4.54146825396825,0.526302413649103,0.563243198075101,0.368896828837928,11.1929319075555
4.54156746031746,0.526256118010081,0.563228287944014,0.368720444144624,11.1932662993789
4.54166666666667,0.526209828151232,0.563213365114387,0.368544143645058,11.1936006479968
4.54176587301587,0.526163544073545,0.563198429593125,0.368367927297545,11.1939349534201
4.54186507936508,0.526117265778013,0.563183481387127,0.368191795060416,11.1942692156594
4.54196428571429,0.52607099326563,0.563168520503289,0.368015746892025,11.1946034347258
4.54206349206349,0.526024726537396,0.563153546948503,0.367839782750742,11.19493761063
4.5421626984127,0.525978465594312,0.563138560729655,0.367663902594953,11.1952717433828
4.54226190476191,0.525932210437382,0.563123561853627,0.367488106383069,11.1956058329951
4.54236111111111,0.525885961067615,0.563108550327296,0.367312394073515,11.1959398794776
4.54246031746032,0.525839717486022,0.563093526157534,0.367136765624735,11.1962738828412
4.54255952380952,0.525793479693615,0.563078489351211,0.366961220995193,11.1966078430967
4.54265873015873,0.525747247691411,0.563063439915189,0.366785760143369,11.1969417602549
4.54275793650794,0.525701021480432,0.563048377856326,0.366610383027763,11.1972756343265
4.54285714285714,0.525654801061699,0.563033303181478,0.366435089606896,11.1976094653224
4.54295634920635,0.525608586436239,0.563018215897494,0.366259879839304,11.1979432532533
4.54305555555556,0.525562377605081,0.563003116011218,0.366084753683543,11.19827699813
4.54315476190476,0.525516174569257,0.562988003529491,0.365909711098188,11.1986106999632
4.54325396825397,0.525469977329803,0.562972878459148,0.36573475204183,11.1989443587638
4.54335317460317,0.525423785887756,0.562957740807021,0.365559876473083,11.1992779745425
4.54345238095238,0.525377600244157,0.562942590579935,0.365385084350576,11.19961154731
4.54355158730159,0.525331420400052,0.562927427784714,0.365210375632957,11.1999450770771
4.54365079365079,0.525285246356488,0.562912252428173,0.365035750278894,11.2002785638546
4.54375,0.525239078114515,0.562897064517125,0.364861208247073,11.2006120076531
4.54384920634921,0.525192915675187,0.562881864058379,0.364686749496198,11.2009454084833
4.54394841269841,0.525146759039561,0.562866651058738,0.364512373984991,11.2012787663561
4.54404761904762,0.525100608208696,0.562851425525,0.364338081672196,11.2016120812821
4.54414682539683,0.525054463183654,0.562836187463959,0.36416387251657,11.201945353272
4.54424603174603,0.525008323965503,0.562820936882405,0.363989746476893,11.2022785823366
4.54434523809524,0.52496219055531,0.562805673787122,0.363815703511962,11.2026117684865
4.54444444444444,0.524916062954147,0.562790398184891,0.363641743580593,11.2029449117325
4.54454365079365,0.524869941163091,0.562775110082488,0.36346786664162,11.2032780120852
4.54464285714286,0.524823825183218,0.562759809486683,0.363294072653896,11.2036110695553
4.54474206349206,0.524777715015609,0.562744496404242,0.363120361576292,11.2039440841534
4.54484126984127,0.52473161066135,0.562729170841928,0.362946733367698,11.2042770558904
4.54494047619048,0.524685512121527,0.562713832806497,0.362773187987022,11.2046099847768
4.54503968253968,0.52463941939723,0.562698482304702,0.362599725393192,11.2049428708232
4.54513888888889,0.524593332489552,0.562683119343291,0.362426345545151,11.2052757140404
4.5452380952381,0.524547251399591,0.562667743929006,0.362253048401867,11.205608514439
4.5453373015873,0.524501176128446,0.562652356068587,0.362079833922321,11.2059412720296
4.54543650793651,0.524455106677219,0.562636955768767,0.361906702065514,11.206273986823
4.54553571428571,0.524409043047016,0.562621543036276,0.361733652790466,11.2066066588296
4.54563492063492,0.524362985238944,0.562606117877839,0.361560686056216,11.2069392880601
4.54573412698413,0.524316933254117,0.562590680300175,0.361387801821818,11.2072718745253
4.54583333333333,0.524270887093649,0.56257523031,0.361215000046352,11.2076044182355
4.54593253968254,0.524224846758657,0.562559767914025,0.361042280688909,11.2079369192016
4.54603174603175,0.524178812250263,0.562544293118956,0.360869643708603,11.2082693774341
4.54613095238095,0.524132783569591,0.562528805931495,0.360697089064564,11.2086017929436
4.54623015873016,0.524086760717767,0.562513306358338,0.360524616715943,11.2089341657406
4.54632936507937,0.524040743695921,0.562497794406179,0.360352226621907,11.2092664958358
4.54642857142857,0.523994732505187,0.562482270081704,0.360179918741644,11.2095987832398
4.54652777777778,0.523948727146701,0.562466733391598,0.360007693034358,11.2099310279631
4.54662698412698,0.523902727621601,0.562451184342537,0.359835549459273,11.2102632300163
4.54672619047619,0.523856733931031,0.562435622941198,0.359663487975634,11.21059538941
4.5468253968254,0.523810746076136,0.562420049194247,0.3594915085427,11.2109275061547
4.5469246031746,0.523764764058064,0.562404463108351,0.359319611119751,11.211259580261
4.54702380952381,0.523718787877966,0.562388864690169,0.359147795666085,11.2115916117394
4.54712301587302,0.523672817536997,0.562373253946357,0.358976062141019,11.2119236006005
4.54722222222222,0.523626853036315,0.562357630883564,0.358804410503888,11.2122555468549
4.54732142857143,0.52358089437708,0.562341995508439,0.358632840714046,11.2125874505129
4.54742063492063,0.523534941560456,0.562326347827621,0.358461352730866,11.2129193115853
4.54751984126984,0.52348899458761,0.562310687847748,0.358289946513739,11.2132511300824
4.54761904761905,0.523443053459711,0.562295015575452,0.358118622022073,11.2135829060149
4.54771825396825,0.523397118177933,0.562279331017362,0.357947379215298,11.2139146393931
4.54781746031746,0.523351188743451,0.562263634180099,0.357776218052859,11.2142463302277
4.54791666666667,0.523305265157444,0.562247925070282,0.357605138494222,11.2145779785291
4.54801587301587,0.523259347421095,0.562232203694525,0.357434140498872,11.2149095843078
4.54811507936508,0.523213435535588,0.562216470059437,0.357263224026308,11.2152411475744
4.54821428571429,0.523167529502112,0.562200724171623,0.357092389036054,11.2155726683392
4.54831349206349,0.523121629321858,0.562184966037683,0.356921635487649,11.2159041466128
4.5484126984127,0.52307573499602,0.562169195664212,0.35675096334065,11.2162355824056
4.5485119047619,0.523029846525796,0.5621534130578,0.356580372554633,11.2165669757281
4.54861111111111,0.522983963912385,0.562137618225034,0.356409863089196,11.2168983265907
4.54871031746032,0.522938087156992,0.562121811172495,0.356239434903948,11.217229635004
4.54880952380952,0.522892216260823,0.56210599190676,0.356069087958526,11.2175609009783
4.54890873015873,0.522846351225087,0.562090160434401,0.355898822212578,11.2178921245241
4.54900793650794,0.522800492050998,0.562074316761985,0.355728637625775,11.2182233056519
4.54910714285714,0.52275463873977,0.562058460896076,0.355558534157804,11.218554444372
4.54920634920635,0.522708791292623,0.562042592843232,0.355388511768371,11.2188855406949
4.54930555555556,0.522662949710779,0.562026712610006,0.355218570417202,11.219216594631
4.54940476190476,0.522617113995462,0.562010820202949,0.355048710064039,11.2195476061908
4.54950396825397,0.5225712841479,0.561994915628603,0.354878930668646,11.2198785753846
4.54960317460317,0.522525460169324,0.561978998893509,0.354709232190802,11.2202095022228
4.54970238095238,0.522479642060968,0.561963070004202,0.354539614590308,11.2205403867159
4.54980158730159,0.52243382982407,0.561947128967213,0.354370077826981,11.2208712288742
4.54990079365079,0.52238802345987,0.561931175789067,0.354200621860657,11.2212020287081
4.55,0.522342222969611,0.561915210476287,0.354031246651192,11.221532786228
4.55009920634921,0.522296428354538,0.561899233035388,0.353861952158459,11.2218635014443
4.55019841269841,0.522250639615902,0.561883243472883,0.353692738342347,11.2221941743673
4.55029761904762,0.522204856754955,0.561867241795279,0.353523605162772,11.2225248050074
4.55039682539683,0.522159079772952,0.561851228009079,0.353354552579661,11.222855393375
4.55049603174603,0.522113308671152,0.561835202120782,0.35318558055296,11.2231859394804
4.55059523809524,0.522067543450817,0.561819164136881,0.353016689042637,11.223516443334
4.55069444444444,0.52202178411321,0.561803114063864,0.352847878008676,11.223846904946
4.55079365079365,0.521976030659601,0.561787051908217,0.352679147411082,11.2241773243269
4.55089285714286,0.521930283091259,0.561770977676419,0.352510497209875,11.224507701487
4.55099206349206,0.521884541409458,0.561754891374945,0.352341927365096,11.2248380364366
4.55109126984127,0.521838805615476,0.561738793010265,0.352173437836803,11.225168329186
4.55119047619048,0.521793075710592,0.561722682588846,0.352005028585077,11.2254985797455
4.55128968253968,0.521747351696089,0.561706560117149,0.351836699570012,11.2258287881254
4.55138888888889,0.521701633573253,0.56169042560163,0.351668450751722,11.2261589543361
4.55148809523809,0.521655921343374,0.561674279048741,0.351500282090342,11.2264890783878
4.5515873015873,0.521610215007743,0.561658120464931,0.351332193546022,11.2268191602909
4.55168650793651,0.521564514567656,0.56164194985664,0.351164185078933,11.2271492000556
4.55178571428571,0.521518820024411,0.561625767230308,0.350996256649266,11.2274791976921
4.55188492063492,0.521473131379309,0.561609572592369,0.350828408217226,11.2278091532108
4.55198412698413,0.521427448633655,0.56159336594925,0.350660639743041,11.228139066622
4.55208333333333,0.521381771788757,0.561577147307377,0.350492951186954,11.2284689379358
4.55218253968254,0.521336100845924,0.561560916673168,0.350325342509229,11.2287987671626
4.55228174603175,0.521290435806471,0.56154467405304,0.350157813670147,11.2291285543126
4.55238095238095,0.521244776671714,0.561528419453402,0.34999036463001,11.2294582993961
4.55248015873016,0.521199123442972,0.56151215288066,0.349822995349135,11.2297880024232
4.55257936507937,0.521153476121569,0.561495874341215,0.34965570578786,11.2301176634043
4.55267857142857,0.521107834708831,0.561479583841464,0.349488495906542,11.2304472823495
4.55277777777778,0.521062199206085,0.561463281387799,0.349321365665554,11.2307768592691
4.55287698412698,0.521016569614665,0.561446966986607,0.349154315025291,11.2311063941733
4.55297619047619,0.520970945935905,0.561430640644271,0.348987343946163,11.2314358870723
4.5530753968254,0.520925328171143,0.561414302367168,0.348820452388601,11.2317653379764
4.5531746031746,0.520879716321721,0.561397952161673,0.348653640313053,11.2320947468956
4.55327380952381,0.520834110387976,0.561381590034537,0.348486907680082,11.2324241138407
4.55337301587302,0.520788510169617,0.561365216069116,0.348320254469821,11.2327534388982
4.55347222222222,0.520742915514781,0.561348830329832,0.348153680660047,11.2330827221358
4.55357142857143,0.520697326422061,0.56133243282349,0.347987186214835,11.2334119635641
4.55367063492063,0.520651742890053,0.561316023556888,0.347820771098272,11.2337411631936
4.55376984126984,0.520606164917353,0.561299602536825,0.347654435274455,11.2340703210345
4.55386904761905,0.520560592502559,0.561283169770094,0.347488178707493,11.2343994370975
4.55396825396825,0.520515025644268,0.561266725263489,0.347322001361509,11.234728511393
4.55406746031746,0.520469464341078,0.561250269023798,0.347155903200631,11.2350575439314
4.55416666666667,0.520423908591592,0.561233801057811,0.346989884189008,11.2353865347232
4.55426587301587,0.52037835839441,0.561217321372311,0.346823944290792,11.2357154837788
4.55436507936508,0.520332813748135,0.561200829974081,0.34665808347015,11.2360443911087
4.55446428571429,0.520287274651368,0.5611843268699,0.346492301691261,11.2363732567233
4.55456349206349,0.520241741102716,0.561167812066547,0.346326598918314,11.236702080633
4.5546626984127,0.520196213100782,0.561151285570796,0.346160975115508,11.2370308628483
4.55476190476191,0.520150690644175,0.56113474738942,0.345995430247059,11.2373596033796
4.55486111111111,0.5201051737315,0.561118197529187,0.345829964277189,11.2376883022374
4.55496031746032,0.520059662361366,0.561101635996867,0.345664577170134,11.238016959432
4.55505952380952,0.520014156532383,0.561085062799223,0.345499268890141,11.2383455749738
4.55515873015873,0.519968656243162,0.561068477943019,0.345334039401467,11.2386741488734
4.55525793650794,0.519923161492313,0.561051881435013,0.345168888668382,11.2390026811411
4.55535714285714,0.519877672278449,0.561035273281964,0.345003816655169,11.2393311717873
4.55545634920635,0.519832188600184,0.561018653490627,0.344838823326118,11.2396596208224
4.55555555555556,0.519786710456131,0.561002022067753,0.344673908645534,11.2399880282568
4.55565476190476,0.519741237844908,0.560985379020092,0.344509072577735,11.240316394101
4.55575396825397,0.51969577076513,0.560968724354393,0.344344315087045,11.2406447183653
4.55585317460317,0.519650309215415,0.5609520580774,0.344179636137804,11.2409730010601
4.55595238095238,0.519604853194381,0.560935380195856,0.344015035694361,11.2413012421959
4.55605158730159,0.519559402700649,0.5609186907165,0.343850513721079,11.2416294417829
4.55615079365079,0.519513957732838,0.56090198964607,0.343686070182328,11.2419575998317
4.55625,0.519468518289571,0.5608852769913,0.343521705042495,11.2422857163525
4.55634920634921,0.51942308436947,0.560868552758924,0.343357418265975,11.2426137913557
4.55644841269841,0.51937765597116,0.560851816955671,0.343193209817176,11.2429418248518
4.55654761904762,0.519332233093264,0.560835069588269,0.343029079660515,11.2432698168511
4.55664682539683,0.519286815734409,0.560818310663443,0.342865027760423,11.243597767364
4.55674603174603,0.519241403893221,0.560801540187914,0.342701054081342,11.2439256764008
4.55684523809524,0.519195997568329,0.560784758168404,0.342537158587724,11.2442535439719
4.55694444444444,0.51915059675836,0.560767964611629,0.342373341244035,11.2445813700877
4.55704365079365,0.519105201461945,0.560751159524304,0.342209602014748,11.2449091547584
4.55714285714286,0.519059811677716,0.560734342913143,0.342045940864355,11.2452368979946
4.55724206349206,0.519014427404303,0.560717514784854,0.341882357757351,11.2455645998065
4.55734126984127,0.51896904864034,0.560700675146145,0.341718852658249,11.2458922602044
4.55744047619048,0.51892367538446,0.560683824003722,0.341555425531569,11.2462198791988
4.55753968253968,0.5188783076353,0.560666961364287,0.341392076341845,11.2465474567999
4.55763888888889,0.518832945391494,0.56065008723454,0.341228805053621,11.2468749930181
4.5577380952381,0.51878758865168,0.560633201621177,0.341065611631454,11.2472024878638
4.5578373015873,0.518742237414495,0.560616304530896,0.340902496039912,11.2475299413472
4.55793650793651,0.51869689167858,0.560599395970386,0.340739458243574,11.2478573534787
4.55803571428571,0.518651551442574,0.56058247594634,0.340576498207029,11.2481847242686
4.55813492063492,0.518606216705118,0.560565544465443,0.340413615894881,11.2485120537273
4.55823412698413,0.518560887464854,0.560548601534382,0.340250811271742,11.248839341865
4.55833333333333,0.518515563720426,0.560531647159839,0.340088084302238,11.2491665886921
4.55843253968254,0.518470245470477,0.560514681348493,0.339925434951005,11.2494937942189
4.55853174603175,0.518424932713653,0.560497704107023,0.339762863182689,11.2498209584557
4.55863095238095,0.518379625448601,0.560480715442103,0.339600368961952,11.2501480814128
4.55873015873016,0.518334323673967,0.560463715360405,0.339437952253464,11.2504751631004
4.55882936507937,0.5182890273884,0.5604467038686,0.339275613021908,11.250802203529
4.55892857142857,0.518243736590548,0.560429680973356,0.339113351231975,11.2511292027088
4.55902777777778,0.518198451279064,0.560412646681337,0.338951166848373,11.2514561606501
4.55912698412698,0.518153171452596,0.560395600999205,0.338789059835816,11.2517830773632
4.55922619047619,0.518107897109799,0.560378543933621,0.338627030159034,11.2521099528584
4.5593253968254,0.518062628249326,0.560361475491243,0.338465077782767,11.2524367871459
4.5594246031746,0.518017364869831,0.560344395678725,0.338303202671764,11.2527635802361
4.55952380952381,0.517972106969969,0.56032730450272,0.338141404790788,11.2530903321392
4.55962301587302,0.517926854548397,0.560310201969878,0.337979684104614,11.2534170428655
4.55972222222222,0.517881607603772,0.560293088086846,0.337818040578026,11.2537437124253
4.55982142857143,0.517836366134754,0.56027596286027,0.337656474175821,11.2540703408288
4.55992063492063,0.517791130140001,0.560258826296791,0.337494984862808,11.2543969280863
4.56001984126984,0.517745899618173,0.560241678403051,0.337333572603805,11.2547234742081
4.56011904761905,0.517700674567934,0.560224519185687,0.337172237363646,11.2550499792044
4.56021825396825,0.517655454987945,0.560207348651333,0.337010979107172,11.2553764430854
4.56031746031746,0.517610240876869,0.560190166806622,0.336849797799236,11.2557028658616
4.56041666666667,0.517565032233372,0.560172973658185,0.336688693404706,11.256029247543
4.56051587301587,0.51751982905612,0.560155769212648,0.336527665888457,11.2563555881399
4.56061507936508,0.517474631343778,0.560138553476637,0.336366715215376,11.2566818876626
4.56071428571429,0.517429439095015,0.560121326456775,0.336205841350367,11.2570081461213
4.56081349206349,0.5173842523085,0.560104088159681,0.33604504425834,11.2573343635263
4.5609126984127,0.517339070982901,0.560086838591973,0.335884323904216,11.2576605398878
4.56101190476191,0.517293895116891,0.560069577760267,0.335723680252931,11.2579866752159
4.56111111111111,0.517248724709141,0.560052305671174,0.33556311326943,11.2583127695211
4.56121031746032,0.517203559758323,0.560035022331305,0.33540262291867,11.2586388228133
4.56130952380952,0.517158400263111,0.560017727747267,0.335242209165621,11.258964835103
4.56140873015873,0.517113246222181,0.560000421925666,0.335081871975261,11.2592908064003
4.56150793650794,0.517068097634209,0.559983104873104,0.334921611312582,11.2596167367154
4.56160714285714,0.51702295449787,0.559965776596181,0.334761427142589,11.2599426260586
4.56170634920635,0.516977816811844,0.559948437101494,0.334601319430295,11.26026847444
4.56180555555556,0.516932684574809,0.559931086395639,0.334441288140726,11.2605942818698
4.56190476190476,0.516887557785445,0.559913724485209,0.33428133323892,11.2609200483583
4.56200396825397,0.516842436442434,0.559896351376793,0.334121454689924,11.2612457739157
4.56210317460318,0.516797320544456,0.55987896707698,0.3339616524588,11.2615714585521
4.56220238095238,0.516752210090197,0.559861571592353,0.33380192651062,11.2618971022778
4.56230158730159,0.516707105078338,0.559844164929496,0.333642276810467,11.2622227051028
4.56240079365079,0.516662005507566,0.55982674709499,0.333482703323435,11.2625482670375
4.5625,0.516616911376567,0.55980931809541,0.33332320601463,11.262873788092
4.56259920634921,0.516571822684028,0.559791877937333,0.333163784849171,11.2631992682765
4.56269841269841,0.516526739428637,0.559774426627332,0.333004439792186,11.2635247076012
4.56279761904762,0.516481661609083,0.559756964171976,0.332845170808815,11.2638501060762
4.56289682539682,0.516436589224056,0.559739490577833,0.332685977864211,11.2641754637116
4.56299603174603,0.516391522272248,0.559722005851467,0.332526860923536,11.2645007805178
4.56309523809524,0.516346460752352,0.559704509999443,0.332367819951967,11.2648260565048
4.56319444444444,0.51630140466306,0.559687003028319,0.332208854914689,11.2651512916828
4.56329365079365,0.516256354003066,0.559669484944654,0.332049965776901,11.265476486062
4.56339285714286,0.516211308771066,0.559651955755003,0.33189115250381,11.2658016396524
4.56349206349206,0.516166268965757,0.559634415465917,0.331732415060639,11.2661267524644
4.56359126984127,0.516121234585835,0.559616864083948,0.331573753412618,11.2664518245079
4.56369047619048,0.51607620563,0.559599301615643,0.331415167524993,11.2667768557932
4.56378968253968,0.51603118209695,0.559581728067548,0.331256657363017,11.2671018463304
4.56388888888889,0.515986163985386,0.559564143446204,0.331098222891959,11.2674267961297
4.56398809523809,0.51594115129401,0.559546547758152,0.330939864077094,11.2677517052011
4.5640873015873,0.515896144021525,0.559528941009929,0.330781580883714,11.2680765735548
4.56418650793651,0.515851142166632,0.559511323208072,0.330623373277118,11.268401401201
4.56428571428571,0.515806145728038,0.559493694359112,0.33046524122262,11.2687261881497
4.56438492063492,0.515761154704448,0.559476054469579,0.330307184685542,11.2690509344112
4.56448412698413,0.515716169094567,0.559458403546002,0.33014920363122,11.2693756399954
4.56458333333333,0.515671188897105,0.559440741594905,0.329991298025002,11.2697003049126
4.56468253968254,0.51562621411077,0.559423068622811,0.329833467832246,11.2700249291728
4.56478174603175,0.51558124473427,0.55940538463624,0.32967571301832,11.2703495127862
4.56488095238095,0.515536280766318,0.55938768964171,0.329518033548606,11.2706740557628
4.56498015873016,0.515491322205625,0.559369983645737,0.329360429388497,11.2709985581128
4.56507936507937,0.515446369050902,0.559352266654832,0.329202900503396,11.2713230198463
4.56517857142857,0.515401421300865,0.559334538675506,0.32904544685872,11.2716474409733
4.56527777777778,0.515356478954228,0.559316799714267,0.328888068419895,11.271971821504
4.56537698412698,0.515311542009707,0.559299049777619,0.328730765152359,11.2722961614485
4.56547619047619,0.515266610466018,0.559281288872066,0.328573537021563,11.2726204608167
4.5655753968254,0.51522168432188,0.559263517004108,0.328416383992968,11.272944719619
4.5656746031746,0.515176763576011,0.559245734180242,0.328259306032046,11.2732689378652
4.56577380952381,0.515131848227132,0.559227940406964,0.328102303104282,11.2735931155655
4.56587301587302,0.515086938273962,0.559210135690766,0.327945375175171,11.27391725273
4.56597222222222,0.515042033715225,0.559192320038138,0.32778852221022,11.2742413493687
4.56607142857143,0.514997134549642,0.559174493455569,0.327631744174949,11.2745654054918
4.56617063492063,0.514952240775939,0.559156655949543,0.327475041034887,11.2748894211092
4.56626984126984,0.51490735239284,0.559138807526543,0.327318412755576,11.275213396231
4.56636904761905,0.514862469399071,0.55912094819305,0.327161859302569,11.2755373308674
4.56646825396825,0.514817591793359,0.559103077955541,0.32700538064143,11.2758612250283
4.56656746031746,0.514772719574432,0.55908519682049,0.326848976737734,11.2761850787238
4.56666666666667,0.514727852741019,0.559067304794372,0.32669264755707,11.276508891964
4.56676587301587,0.514682991291851,0.559049401883656,0.326536393065037,11.2768326647589
4.56686507936508,0.514638135225659,0.55903148809481,0.326380213227244,11.2771563971185
4.56696428571429,0.514593284541175,0.5590135634343,0.326224108009314,11.277480089053
4.56706349206349,0.514548439237131,0.558995627908587,0.326068077376878,11.2778037405723
4.5671626984127,0.514503599312263,0.558977681524132,0.325912121295583,11.2781273516864
4.5672619047619,0.514458764765305,0.558959724287393,0.325756239731084,11.2784509224055
4.56736111111111,0.514413935594993,0.558941756204825,0.325600432649049,11.2787744527395
4.56746031746032,0.514369111800066,0.558923777282881,0.325444700015156,11.2790979426984
4.56755952380952,0.514324293379261,0.558905787528011,0.325289041795096,11.2794213922924
4.56765873015873,0.514279480331318,0.558887786946664,0.325133457954572,11.2797448015313
4.56775793650794,0.514234672654977,0.558869775545283,0.324977948459297,11.2800681704252
4.56785714285714,0.514189870348979,0.558851753330312,0.324822513274994,11.2803914989842
4.56795634920635,0.514145073412067,0.558833720308191,0.324667152367402,11.2807147872182
4.56805555555556,0.514100281842983,0.558815676485357,0.324511865702265,11.2810380351373
4.56815476190476,0.514055495640474,0.558797621868248,0.324356653245347,11.2813612427514
4.56825396825397,0.514010714803284,0.558779556463293,0.324201514962415,11.2816844100705
4.56835317460317,0.513965939330159,0.558761480276926,0.324046450819254,11.2820075371047
4.56845238095238,0.513921169219848,0.558743393315572,0.323891460781655,11.282330623864
4.56855158730159,0.513876404471098,0.558725295585657,0.323736544815424,11.2826536703583
4.56865079365079,0.51383164508266,0.558707187093604,0.323581702886378,11.2829766765976
4.56875,0.513786891053283,0.558689067845833,0.323426934960344,11.2832996425919
4.56884920634921,0.51374214238172,0.558670937848763,0.323272241003162,11.2836225683512
4.56894841269841,0.513697399066722,0.558652797108807,0.323117620980682,11.2839454538854
4.56904761904762,0.513652661107044,0.55863464563238,0.322963074858768,11.2842682992046
4.56914682539683,0.513607928501441,0.558616483425892,0.322808602603293,11.2845911043187
4.56924603174603,0.513563201248668,0.558598310495749,0.322654204180143,11.2849138692377
4.56934523809524,0.513518479347482,0.558580126848358,0.322499879555213,11.2852365939716
4.56944444444444,0.51347376279664,0.558561932490121,0.322345628694412,11.2855592785302
4.56954365079365,0.513429051594902,0.558543727427438,0.322191451563659,11.2858819229237
4.56964285714286,0.513384345741026,0.558525511666708,0.322037348128886,11.2862045271618
4.56974206349206,0.513339645233775,0.558507285214326,0.321883318356036,11.2865270912546
4.56984126984127,0.513294950071909,0.558489048076684,0.321729362211062,11.2868496152121
4.56994047619048,0.513250260254193,0.558470800260173,0.32157547965993,11.2871720990441
4.57003968253968,0.513205575779388,0.558452541771181,0.321421670668617,11.2874945427607
4.57013888888889,0.513160896646261,0.558434272616092,0.32126793520311,11.2878169463717
4.57023809523809,0.513116222853577,0.55841599280129,0.321114273229411,11.2881393098871
4.5703373015873,0.513071554400104,0.558397702333156,0.320960684713529,11.2884616333169
4.57043650793651,0.513026891284609,0.558379401218065,0.320807169621487,11.2887839166709
4.57053571428571,0.512982233505861,0.558361089462396,0.320653727919321,11.2891061599591
4.57063492063492,0.51293758106263,0.558342767072519,0.320500359573076,11.2894283631914
4.57073412698413,0.512892933953688,0.558324434054805,0.320347064548809,11.2897505263777
4.57083333333333,0.512848292177806,0.558306090415623,0.320193842812588,11.290072649528
4.57093253968254,0.512803655733758,0.558287736161338,0.320040694330494,11.2903947326522
4.57103174603175,0.512759024620317,0.558269371298311,0.319887619068616,11.2907167757602
4.57113095238095,0.512714398836259,0.558250995832904,0.31973461699306,11.2910387788618
4.57123015873016,0.51266977838036,0.558232609771475,0.319581688069939,11.2913607419671
4.57132936507937,0.512625163251397,0.558214213120379,0.319428832265379,11.2916826650859
4.57142857142857,0.512580553448148,0.558195805885969,0.319276049545518,11.292004548228
4.57152777777778,0.512535948969393,0.558177388074594,0.319123339876504,11.2923263914035
4.57162698412698,0.512491349813912,0.558158959692604,0.318970703224497,11.2926481946221
4.57172619047619,0.512446755980485,0.558140520746342,0.318818139555669,11.2929699578938
4.5718253968254,0.512402167467896,0.558122071242153,0.318665648836204,11.2932916812285
4.5719246031746,0.512357584274928,0.558103611186377,0.318513231032294,11.2936133646361
4.57202380952381,0.512313006400364,0.55808514058535,0.318360886110148,11.2939350081263
4.57212301587302,0.512268433842991,0.55806665944541,0.318208614035982,11.2942566117092
4.57222222222222,0.512223866601595,0.558048167772888,0.318056414776026,11.2945781753946
4.57232142857143,0.512179304674963,0.558029665574115,0.317904288296519,11.2948996991923
4.57242063492063,0.512134748061883,0.558011152855419,0.317752234563714,11.2952211831123
4.57251984126984,0.512090196761145,0.557992629623126,0.317600253543873,11.2955426271643
4.57261904761905,0.51204565077154,0.557974095883557,0.317448345203273,11.2958640313583
4.57271825396825,0.512001110091859,0.557955551643034,0.317296509508199,11.2961853957041
4.57281746031746,0.511956574720895,0.557936996907874,0.317144746424948,11.2965067202115
4.57291666666667,0.51191204465744,0.557918431684393,0.316993055919831,11.2968280048905
4.57301587301587,0.511867519900291,0.557899855978904,0.316841437959167,11.2971492497508
4.57311507936508,0.511823000448241,0.557881269797717,0.316689892509288,11.2974704548023
4.57321428571429,0.511778486300089,0.55786267314714,0.316538419536539,11.2977916200549
4.57331349206349,0.511733977454631,0.557844066033478,0.316387019007274,11.2981127455184
4.5734126984127,0.511689473910666,0.557825448463034,0.316235690887859,11.2984338312026
4.57351190476191,0.511644975666994,0.557806820442109,0.316084435144673,11.2987548771174
4.57361111111111,0.511600482722415,0.557788181977001,0.315933251744105,11.2990758832726
4.57371031746032,0.511555995075732,0.557769533074005,0.315782140652556,11.2993968496779
4.57380952380952,0.511511512725747,0.557750873739414,0.315631101836438,11.2997177763434
4.57390873015873,0.511467035671264,0.557732203979518,0.315480135262175,11.3000386632787
4.57400793650794,0.511422563911087,0.557713523800604,0.315329240896201,11.3003595104936
4.57410714285714,0.511378097444023,0.55769483320896,0.315178418704964,11.3006803179981
4.57420634920635,0.511333636268878,0.557676132210868,0.315027668654923,11.3010010858019
4.57430555555556,0.511289180384461,0.557657420812607,0.314876990712546,11.3013218139148
4.57440476190476,0.511244729789579,0.557638699020456,0.314726384844314,11.3016425023466
4.57450396825397,0.511200284483044,0.557619966840691,0.31457585101672,11.3019631511071
4.57460317460317,0.511155844463665,0.557601224279584,0.314425389196268,11.3022837602061
4.57470238095238,0.511111409730255,0.557582471343406,0.314274999349473,11.3026043296535
4.57480158730159,0.511066980281628,0.557563708038424,0.314124681442862,11.302924859459
4.57490079365079,0.511022556116595,0.557544934370905,0.313974435442973,11.3032453496323
4.575,0.510978137233974,0.557526150347111,0.313824261316357,11.3035658001834
4.57509920634921,0.51093372363258,0.557507355973302,0.313674159029574,11.3038862111219
4.57519841269841,0.51088931531123,0.557488551255736,0.313524128549198,11.3042065824576
4.57529761904762,0.510844912268742,0.55746973620067,0.313374169841812,11.3045269142004
4.57539682539683,0.510800514503935,0.557450910814355,0.313224282874012,11.30484720636
4.57549603174603,0.51075612201563,0.557432075103043,0.313074467612404,11.3051674589461
4.57559523809524,0.510711734802647,0.557413229072981,0.312924724023608,11.3054876719686
4.57569444444444,0.510667352863809,0.557394372730415,0.312775052074254,11.3058078454371
4.57579365079365,0.510622976197939,0.557375506081587,0.312625451730983,11.3061279793615
4.57589285714286,0.510578604803861,0.557356629132739,0.312475922960448,11.3064480737516
4.57599206349206,0.510534238680401,0.557337741890108,0.312326465729312,11.306768128617
4.57609126984127,0.510489877826384,0.557318844359929,0.312177080004253,11.3070881439675
4.57619047619048,0.510445522240638,0.557299936548436,0.312027765751958,11.3074081198128
4.57628968253968,0.510401171921992,0.557281018461859,0.311878522939124,11.3077280561628
4.57638888888889,0.510356826869274,0.557262090106426,0.311729351532461,11.3080479530272
4.5764880952381,0.510312487081316,0.557243151488363,0.311580251498693,11.3083678104156
4.5765873015873,0.510268152556948,0.557224202613893,0.311431222804552,11.3086876283379
4.57668650793651,0.510223823295003,0.557205243489235,0.311282265416783,11.3090074068037
4.57678571428571,0.510179499294314,0.557186274120608,0.311133379302141,11.3093271458228
4.57688492063492,0.510135180553716,0.557167294514228,0.310984564427394,11.3096468454049
4.57698412698413,0.510090867072045,0.557148304676308,0.31083582075932,11.3099665055598
4.57708333333333,0.510046558848136,0.557129304613057,0.310687148264712,11.3102861262971
4.57718253968254,0.510002255880827,0.557110294330685,0.310538546910369,11.3106057076266
4.57728174603175,0.509957958168958,0.557091273835396,0.310390016663106,11.310925249558
4.57738095238095,0.509913665711367,0.557072243133393,0.310241557489747,11.311244752101
4.57748015873016,0.509869378506895,0.557053202230878,0.310093169357128,11.3115642152652
4.57757936507937,0.509825096554384,0.557034151134048,0.309944852232098,11.3118836390605
4.57767857142857,0.509780819852676,0.557015089849098,0.309796606081515,11.3122030234965
4.57777777777778,0.509736548400615,0.556996018382222,0.309648430872249,11.3125223685829
4.57787698412698,0.509692282197046,0.55697693673961,0.309500326571183,11.3128416743294
4.57797619047619,0.509648021240814,0.55695784492745,0.30935229314521,11.3131609407457
4.5780753968254,0.509603765530767,0.556938742951928,0.309204330561236,11.3134801678415
4.5781746031746,0.509559515065751,0.556919630819226,0.309056438786177,11.3137993556264
4.57827380952381,0.509515269844617,0.556900508535526,0.308908617786961,11.3141185041102
4.57837301587302,0.509471029866212,0.556881376107005,0.308760867530526,11.3144376133025
4.57847222222222,0.509426795129389,0.556862233539839,0.308613187983823,11.314756683213
4.57857142857143,0.509382565633,0.556843080840201,0.308465579113816,11.3150757138514
4.57867063492063,0.509338341375896,0.556823918014261,0.308318040887478,11.3153947052273
4.57876984126984,0.509294122356933,0.556804745068187,0.308170573271794,11.3157136573505
4.57886904761905,0.509249908574964,0.556785562008146,0.30802317623376,11.3160325702305
4.57896825396825,0.509205700028846,0.5567663688403,0.307875849740385,11.316351443877
4.57906746031746,0.509161496717437,0.556747165570809,0.307728593758687,11.3166702782997
4.57916666666667,0.509117298639593,0.556727952205832,0.307581408255699,11.3169890735083
4.57926587301587,0.509073105794173,0.556708728751524,0.307434293198463,11.3173078295123
4.57936507936508,0.509028918180039,0.556689495214038,0.307287248554031,11.3176265463215
4.57946428571429,0.508984735796051,0.556670251599525,0.30714027428947,11.3179452239455
4.57956349206349,0.50894055864107,0.556650997914133,0.306993370371858,11.3182638623939
4.5796626984127,0.508896386713961,0.556631734164008,0.306846536768281,11.3185824616763
4.5797619047619,0.508852220013587,0.556612460355292,0.30669977344584,11.3189010218025
4.57986111111111,0.508808058538814,0.556593176494126,0.306553080371645,11.319219542782
4.57996031746032,0.508763902288507,0.556573882586649,0.30640645751282,11.3195380246244
4.58005952380952,0.508719751261534,0.556554578638995,0.306259904836498,11.3198564673394
4.58015873015873,0.508675605456763,0.556535264657298,0.306113422309826,11.3201748709366
4.58025793650794,0.508631464873063,0.556515940647688,0.305967009899961,11.3204932354256
4.58035714285714,0.508587329509305,0.556496606616295,0.30582066757407,11.3208115608161
4.58045634920635,0.508543199364359,0.556477262569242,0.305674395299333,11.3211298471176
4.58055555555556,0.508499074437099,0.556457908512653,0.305528193042943,11.3214480943397
4.58065476190476,0.508454954726397,0.55643854445265,0.305382060772101,11.3217663024921
4.58075396825397,0.508410840231128,0.556419170395349,0.305235998454023,11.3220844715844
4.58085317460317,0.508366730950167,0.556399786346866,0.305090006055933,11.3224026016262
4.58095238095238,0.508322626882391,0.556380392313316,0.304944083545069,11.322720692627
4.58105158730159,0.508278528026677,0.556360988300807,0.304798230888681,11.3230387445964
4.58115079365079,0.508234434381903,0.556341574315449,0.304652448054028,11.3233567575442
4.58125,0.50819034594695,0.556322150363347,0.304506735008381,11.3236747314797
4.58134920634921,0.508146262720697,0.556302716450604,0.304361091719024,11.3239926664126
4.58144841269841,0.508102184702025,0.556283272583321,0.30421551815325,11.3243105623526
4.58154761904762,0.508058111889819,0.556263818767595,0.304070014278368,11.3246284193091
4.58164682539683,0.50801404428296,0.556244355009523,0.303924580061693,11.3249462372918
4.58174603174603,0.507969981880334,0.556224881315198,0.303779215470554,11.3252640163102
4.58184523809524,0.507925924680826,0.55620539769071,0.303633920472293,11.3255817563739
4.58194444444444,0.507881872683324,0.556185904142147,0.30348869503426,11.3258994574924
4.58204365079365,0.507837825886714,0.556166400675595,0.303343539123818,11.3262171196753
4.58214285714286,0.507793784289885,0.556146887297137,0.303198452708344,11.3265347429323
4.58224206349206,0.507749747891727,0.556127364012853,0.303053435755222,11.3268523272727
4.58234126984127,0.507705716691131,0.556107830828823,0.30290848823185,11.3271698727062
4.58244047619048,0.507661690686988,0.556088287751121,0.302763610105638,11.3274873792424
4.58253968253968,0.507617669878191,0.556068734785821,0.302618801344006,11.3278048468907
4.58263888888889,0.507573654263635,0.556049171938993,0.302474061914386,11.3281222756608
4.58273809523809,0.507529643842213,0.556029599216706,0.302329391784222,11.3284396655621
4.5828373015873,0.507485638612822,0.556010016625025,0.302184790920969,11.3287570166042
4.58293650793651,0.507441638574358,0.555990424170013,0.302040259292091,11.3290743287967
4.58303571428571,0.50739764372572,0.555970821857731,0.301895796865068,11.329391602149
4.58313492063492,0.507353654065806,0.555951209694237,0.30175140360739,11.3297088366706
4.58323412698413,0.507309669593517,0.555931587685587,0.301607079486556,11.3300260323712
4.58333333333333,0.507265690307752,0.555911955837833,0.30146282447008,11.3303431892603
4.58343253968254,0.507221716207415,0.555892314157028,0.301318638525484,11.3306603073472
4.58353174603175,0.507177747291408,0.555872662649218,0.301174521620303,11.3309773866417
4.58363095238095,0.507133783558636,0.55585300132045,0.301030473722085,11.3312944271531
4.58373015873016,0.507089825008002,0.555833330176766,0.300886494798387,11.331611428891
4.58382936507937,0.507045871638414,0.555813649224208,0.300742584816778,11.3319283918649
4.58392857142857,0.507001923448778,0.555793958468813,0.300598743744841,11.3322453160842
4.58402777777778,0.506957980438003,0.555774257916617,0.300454971550166,11.3325622015586
4.58412698412698,0.506914042604997,0.555754547573654,0.300311268200359,11.3328790482974
4.58422619047619,0.506870109948672,0.555734827445954,0.300167633663035,11.3331958563103
4.5843253968254,0.506826182467937,0.555715097539545,0.300024067905819,11.3335126256065
4.5844246031746,0.506782260161705,0.555695357860453,0.29988057089635,11.3338293561958
4.58452380952381,0.50673834302889,0.555675608414701,0.299737142602278,11.3341460480875
4.58462301587302,0.506694431068406,0.55565584920831,0.299593782991266,11.334462701291
4.58472222222222,0.506650524279167,0.555636080247299,0.299450492030983,11.334779315816
4.58482142857143,0.506606622660091,0.555616301537682,0.299307269689116,11.3350958916719
4.58492063492063,0.506562726210095,0.555596513085473,0.299164115933359,11.335412428868
4.58501984126984,0.506518834928096,0.555576714896682,0.29902103073142,11.335728927414
4.58511904761905,0.506474948813015,0.555556906977319,0.298878014051016,11.3360453873193
4.58521825396825,0.506431067863772,0.555537089333388,0.298735065859879,11.3363618085932
4.58531746031746,0.506387192079287,0.555517261970893,0.298592186125747,11.3366781912454
4.58541666666667,0.506343321458484,0.555497424895835,0.298449374816376,11.3369945352852
4.58551587301587,0.506299456000287,0.555477578114212,0.29830663189953,11.3373108407221
4.58561507936508,0.506255595703618,0.555457721632019,0.298163957342983,11.3376271075655
4.58571428571429,0.506211740567405,0.55543785545525,0.298021351114524,11.3379433358249
4.58581349206349,0.506167890590573,0.555417979589895,0.29787881318195,11.3382595255097
4.5859126984127,0.50612404577205,0.555398094041944,0.297736343513071,11.3385756766294
4.58601190476191,0.506080206110765,0.55537819881738,0.29759394207571,11.3388917891934
4.58611111111111,0.506036371605648,0.555358293922189,0.2974516088377,11.3392078632111
4.58621031746032,0.505992542255628,0.55533837936235,0.297309343766885,11.339523898692
4.58630952380952,0.505948718059637,0.555318455143842,0.297167146831121,11.3398398956455
4.58640873015873,0.505904899016609,0.55529852127264,0.297025017998275,11.340155854081
4.58650793650794,0.505861085125477,0.555278577754718,0.296882957236226,11.3404717740079
4.58660714285714,0.505817276385175,0.555258624596046,0.296740964512864,11.3407876554356
4.58670634920635,0.505773472794639,0.555238661802593,0.296599039796092,11.3411034983737
4.58680555555556,0.505729674352807,0.555218689380325,0.296457183053821,11.3414193028314
4.58690476190476,0.505685881058615,0.555198707335204,0.296315394253978,11.3417350688181
4.58700396825397,0.505642092911003,0.555178715673193,0.296173673364498,11.3420507963434
4.58710317460317,0.505598309908911,0.555158714400247,0.296032020353328,11.3423664854165
4.58720238095238,0.505554532051279,0.555138703522325,0.295890435188429,11.3426821360469
4.58730158730159,0.505510759337049,0.555118683045378,0.29574891783777,11.342997748244
4.58740079365079,0.505466991765164,0.555098652975358,0.295607468269332,11.3433133220172
4.5875,0.505423229334568,0.555078613318213,0.295466086451111,11.3436288573758
4.58759920634921,0.505379472044206,0.555058564079889,0.29532477235111,11.3439443543292
4.58769841269841,0.505335719893024,0.555038505266328,0.295183525937347,11.3442598128869
4.58779761904762,0.505291972879969,0.555018436883473,0.295042347177848,11.3445752330582
4.58789682539683,0.505248231003989,0.55499835893726,0.294901236040653,11.3448906148524
4.58799603174603,0.505204494264033,0.554978271433627,0.294760192493812,11.345205958279
4.58809523809524,0.505160762659051,0.554958174378505,0.294619216505389,11.3455212633473
4.58819444444444,0.505117036187994,0.554938067777827,0.294478308043456,11.3458365300667
4.58829365079365,0.505073314849814,0.55491795163752,0.294337467076097,11.3461517584466
4.58839285714286,0.505029598643464,0.554897825963509,0.294196693571411,11.3464669484962
4.58849206349206,0.504985887567899,0.55487769076172,0.294055987497506,11.3467821002251
4.58859126984127,0.504942181622073,0.554857546038071,0.2939153488225,11.3470972136424
4.58869047619048,0.504898480804944,0.554837391798482,0.293774777514524,11.3474122887576
4.58878968253968,0.504854785115467,0.554817228048868,0.293634273541722,11.34772732558
4.58888888888889,0.504811094552601,0.554797054795143,0.293493836872244,11.348042324119
4.5889880952381,0.504767409115306,0.554776872043217,0.29335346747426,11.3483572843839
4.5890873015873,0.504723728802542,0.554756679798999,0.293213165315945,11.348672206384
4.58918650793651,0.50468005361327,0.554736478068395,0.293072930365486,11.3489870901286
4.58928571428571,0.504636383546453,0.554716266857308,0.292932762591083,11.3493019356272
4.58938492063492,0.504592718601053,0.554696046171638,0.292792661960949,11.349616742889
4.58948412698413,0.504549058776035,0.554675816017285,0.292652628443304,11.3499315119234
4.58958333333333,0.504505404070365,0.554655576400143,0.292512662006384,11.3502462427397
4.58968253968254,0.504461754483009,0.554635327326107,0.292372762618433,11.3505609353471
4.58978174603175,0.504418110012934,0.554615068801067,0.292232930247708,11.3508755897551
4.58988095238095,0.50437447065911,0.554594800830911,0.292093164862479,11.3511902059729
4.58998015873016,0.504330836420505,0.554574523421526,0.291953466431025,11.3515047840098
4.59007936507937,0.504287207296089,0.554554236578794,0.291813834921637,11.3518193238751
4.59017857142857,0.504243583284835,0.554533940308597,0.291674270302618,11.3521338255783
4.59027777777778,0.504199964385716,0.554513634616812,0.291534772542282,11.3524482891284
4.59037698412698,0.504156350597703,0.554493319509317,0.291395341608954,11.3527627145349
4.59047619047619,0.504112741919773,0.554472994991983,0.291255977470973,11.353077101807
4.5905753968254,0.504069138350901,0.554452661070683,0.291116680096687,11.3533914509541
4.5906746031746,0.504025539890063,0.554432317751283,0.290977449454455,11.3537057619853
4.59077380952381,0.503981946536237,0.554411965039651,0.29083828551265,11.3540200349101
4.59087301587302,0.503938358288403,0.55439160294165,0.290699188239654,11.3543342697376
4.59097222222222,0.503894775145538,0.554371231463139,0.290560157603861,11.3546484664772
4.59107142857143,0.503851197106626,0.554350850609979,0.290421193573678,11.3549626251381
4.59117063492063,0.503807624170646,0.554330460388025,0.290282296117522,11.3552767457297
4.59126984126984,0.503764056336582,0.554310060803129,0.29014346520382,11.355590828261
4.59136904761905,0.503720493603417,0.554289651861143,0.290004700801015,11.3559048727416
4.59146825396825,0.503676935970138,0.554269233567916,0.289866002877558,11.3562188791805
4.59156746031746,0.503633383435728,0.554248805929293,0.289727371401912,11.3565328475871
4.59166666666667,0.503589835999176,0.554228368951117,0.289588806342551,11.3568467779705
4.59176587301587,0.503546293659469,0.55420792263923,0.289450307667962,11.3571606703402
4.59186507936508,0.503502756415596,0.55418746699947,0.289311875346641,11.3574745247053
4.59196428571429,0.503459224266547,0.554167002037673,0.289173509347099,11.357788341075
4.59206349206349,0.503415697211313,0.554146527759672,0.289035209637855,11.3581021194586
4.5921626984127,0.503372175248886,0.554126044171298,0.288896976187442,11.3584158598654
4.59226190476191,0.503328658378259,0.55410555127838,0.288758808964403,11.3587295623045
4.59236111111111,0.503285146598426,0.554085049086743,0.288620707937292,11.3590432267853
4.59246031746032,0.503241639908383,0.554064537602211,0.288482673074677,11.3593568533169
4.59255952380952,0.503198138307124,0.554044016830604,0.288344704345134,11.3596704419085
4.59265873015873,0.503154641793648,0.554023486777742,0.288206801717253,11.3599839925695
4.59275793650794,0.503111150366952,0.55400294744944,0.288068965159634,11.360297505309
4.59285714285714,0.503067664026036,0.553982398851512,0.28793119464089,11.3606109801362
4.59295634920635,0.5030241827699,0.553961840989768,0.287793490129645,11.3609244170603
4.59305555555556,0.502980706597544,0.553941273870016,0.287655851594533,11.3612378160906
4.59315476190476,0.502937235507972,0.553920697498064,0.287518279004201,11.3615511772363
4.59325396825397,0.502893769500186,0.553900111879714,0.287380772327307,11.3618645005066
4.59335317460318,0.502850308573191,0.553879517020767,0.287243331532519,11.3621777859106
4.59345238095238,0.502806852725992,0.553858912927022,0.28710595658852,11.3624910334576
4.59355158730159,0.502763401957596,0.553838299604274,0.286968647464001,11.3628042431568
4.59365079365079,0.502719956267009,0.553817677058317,0.286831404127667,11.3631174150173
4.59375,0.50267651565324,0.553797045294943,0.286694226548232,11.3634305490484
4.59384920634921,0.502633080115298,0.553776404319938,0.286557114694423,11.3637436452592
4.59394841269841,0.502589649652194,0.553755754139091,0.286420068534978,11.3640567036589
4.59404761904762,0.50254622426294,0.553735094758183,0.286283088038648,11.3643697242568
4.59414682539682,0.502502803946547,0.553714426182995,0.286146173174192,11.3646827070619
4.59424603174603,0.502459388702029,0.553693748419307,0.286009323910383,11.3649956520835
4.59434523809524,0.502415978528401,0.553673061472894,0.285872540216006,11.3653085593307
4.59444444444444,0.502372573424679,0.55365236534953,0.285735822059857,11.3656214288126
4.59454365079365,0.502329173389878,0.553631660054986,0.285599169410741,11.3659342605386
4.59464285714286,0.502285778423016,0.55361094559503,0.285462582237477,11.3662470545176
4.59474206349206,0.502242388523113,0.553590221975427,0.285326060508895,11.3665598107589
4.59484126984127,0.502199003689186,0.553569489201943,0.285189604193836,11.3668725292717
4.59494047619048,0.502155623920258,0.553548747280337,0.285053213261153,11.367185210065
4.59503968253968,0.50211224921535,0.553527996216368,0.284916887679711,11.367497853148
4.59513888888889,0.502068879573484,0.553507236015791,0.284780627418385,11.36781045853
4.59523809523809,0.502025514993685,0.553486466684362,0.284644432446061,11.3681230262199
4.5953373015873,0.501982155474976,0.55346568822783,0.284508302731639,11.368435556227
4.59543650793651,0.501938801016384,0.553444900651944,0.284372238244028,11.3687480485603
4.59553571428571,0.501895451616936,0.55342410396245,0.284236238952151,11.3690605032291
4.59563492063492,0.501852107275659,0.553403298165092,0.284100304824939,11.3693729202425
4.59573412698413,0.501808767991582,0.553382483265609,0.283964435831337,11.3696852996095
4.59583333333333,0.501765433763734,0.553361659269742,0.283828631940302,11.3699976413393
4.59593253968254,0.501722104591148,0.553340826183226,0.2836928931208,11.370309945441
4.59603174603175,0.501678780472854,0.553319984011795,0.283557219341811,11.3706222119238
4.59613095238095,0.501635461407886,0.553299132761179,0.283421610572324,11.3709344407967
4.59623015873016,0.501592147395278,0.553278272437107,0.283286066781341,11.3712466320689
4.59632936507937,0.501548838434063,0.553257403045305,0.283150587937875,11.3715587857495
4.59642857142857,0.50150553452328,0.553236524591497,0.283015174010951,11.3718709018475
4.59652777777778,0.501462235661964,0.553215637081403,0.282879824969605,11.3721829803721
4.59662698412698,0.501418941849153,0.553194740520743,0.282744540782884,11.3724950213323
4.59672619047619,0.501375653083887,0.553173834915231,0.282609321419848,11.3728070247374
4.5968253968254,0.501332369365205,0.553152920270583,0.282474166849567,11.3731189905963
4.5969246031746,0.50128909069215,0.553131996592508,0.282339077041122,11.3734309189181
4.59702380952381,0.501245817063762,0.553111063886715,0.282204051963608,11.373742809712
4.59712301587302,0.501202548479085,0.553090122158911,0.282069091586128,11.3740546629869
4.59722222222222,0.501159284937163,0.553069171414798,0.281934195877798,11.3743664787521
4.59732142857143,0.501116026437041,0.553048211660079,0.281799364807749,11.3746782570166
4.59742063492063,0.501072772977766,0.55302724290045,0.281664598345117,11.3749899977893
4.59751984126984,0.501029524558385,0.55300626514161,0.281529896459053,11.3753017010795
4.59761904761905,0.500986281177946,0.55298527838925,0.28139525911872,11.3756133668962
4.59771825396825,0.500943042835498,0.552964282649062,0.281260686293292,11.3759249952484
4.59781746031746,0.500899809530091,0.552943277926735,0.281126177951951,11.3762365861452
4.59791666666667,0.500856581260778,0.552922264227955,0.280991734063897,11.3765481395956
4.59801587301587,0.500813358026609,0.552901241558405,0.280857354598337,11.3768596556088
4.59811507936508,0.50077013982664,0.552880209923766,0.28072303952449,11.3771711341937
4.59821428571429,0.500726926659923,0.552859169329718,0.280588788811586,11.3774825753595
4.59831349206349,0.500683718525515,0.552838119781935,0.280454602428868,11.3777939791151
4.5984126984127,0.500640515422472,0.552817061286092,0.280320480345591,11.3781053454695
4.5985119047619,0.500597317349851,0.552795993847859,0.280186422531018,11.3784166744319
4.59861111111111,0.500554124306712,0.552774917472906,0.280052428954427,11.3787279660113
4.59871031746032,0.500510936292112,0.552753832166897,0.279918499585104,11.3790392202167
4.59880952380952,0.500467753305113,0.552732737935498,0.279784634392352,11.3793504370571
4.59890873015873,0.500424575344777,0.552711634784369,0.27965083334548,11.3796616165416
4.59900793650794,0.500381402410165,0.552690522719168,0.279517096413811,11.3799727586791
4.59910714285714,0.500338234500343,0.552669401745552,0.279383423566679,11.3802838634787
4.59920634920635,0.500295071614373,0.552648271869174,0.279249814773428,11.3805949309494
4.59930555555556,0.500251913751322,0.552627133095686,0.279116270003416,11.3809059611003
4.59940476190476,0.500208760910257,0.552605985430735,0.278982789226013,11.3812169539402
4.59950396825397,0.500165613090245,0.552584828879968,0.278849372410596,11.3815279094783
4.59960317460317,0.500122470290355,0.552563663449029,0.278716019526558,11.3818388277236
4.59970238095238,0.500079332509657,0.552542489143559,0.2785827305433,11.382149708685
4.59980158730159,0.500036199747221,0.552521305969196,0.278449505430238,11.3824605523715
4.59990079365079,0.49999307200212,0.552500113931577,0.278316344156797,11.3827713587922
4.6,0.499949949273425,0.552478913036335,0.278183246692414,11.3830821279559
4.60009920634921,0.499906831560212,0.552457703289101,0.278050213006537,11.3833928598718
4.60019841269841,0.499863718861553,0.552436484695503,0.277917243068625,11.3837035545488
4.60029761904762,0.499820611176527,0.552415257261169,0.277784336848152,11.3840142119958
4.60039682539683,0.499777508504209,0.552394020991721,0.2776514943146,11.3843248322219
4.60049603174603,0.499734410843678,0.552372775892781,0.277518715437462,11.3846354152361
4.60059523809524,0.499691318194011,0.552351521969968,0.277386000186246,11.3849459610472
4.60069444444444,0.499648230554291,0.552330259228896,0.277253348530467,11.3852564696643
4.60079365079365,0.499605147923596,0.552308987675181,0.277120760439655,11.3855669410963
4.60089285714286,0.49956207030101,0.552287707314433,0.27698823588335,11.3858773753522
4.60099206349206,0.499518997685615,0.552266418152262,0.276855774831104,11.386187772441
4.60109126984127,0.499475930076495,0.552245120194272,0.27672337725248,11.3864981323716
4.60119047619048,0.499432867472736,0.552223813446067,0.276591043117052,11.3868084551529
4.60128968253968,0.499389809873424,0.55220249791325,0.276458772394406,11.387118740794
4.60138888888889,0.499346757277645,0.552181173601418,0.27632656505414,11.3874289893037
4.60148809523809,0.499303709684488,0.552159840516168,0.276194421065863,11.387739200691
4.6015873015873,0.499260667093043,0.552138498663093,0.276062340399194,11.3880493749648
4.60168650793651,0.499217629502398,0.552117148047785,0.275930323023766,11.3883595121342
4.60178571428571,0.499174596911646,0.552095788675831,0.275798368909223,11.3886696122079
4.60188492063492,0.499131569319878,0.552074420552819,0.275666478025218,11.388979675195
4.60198412698413,0.499088546726189,0.552053043684332,0.275534650341419,11.3892897011043
4.60208333333333,0.499045529129672,0.552031658075951,0.275402885827503,11.3895996899449
4.60218253968254,0.499002516529422,0.552010263733255,0.275271184453158,11.3899096417256
4.60228174603175,0.498959508924536,0.55198886066182,0.275139546188085,11.3902195564552
4.60238095238095,0.498916506314112,0.55196744886722,0.275007971001998,11.3905294341429
4.60248015873016,0.498873508697247,0.551946028355025,0.274876458864619,11.3908392747974
4.60257936507937,0.498830516073041,0.551924599130805,0.274745009745682,11.3911490784277
4.60267857142857,0.498787528440595,0.551903161200126,0.274613623614935,11.3914588450426
4.60277777777778,0.498744545799009,0.551881714568551,0.274482300442135,11.3917685746511
4.60287698412698,0.498701568147387,0.551860259241642,0.274351040197052,11.3920782672621
4.60297619047619,0.498658595484832,0.551838795224957,0.274219842849467,11.3923879228845
4.6030753968254,0.498615627810448,0.551817322524052,0.274088708369171,11.3926975415271
4.6031746031746,0.498572665123341,0.551795841144482,0.273957636725967,11.3930071231989
4.60327380952381,0.498529707422617,0.551774351091797,0.273826627889673,11.3933166679087
4.60337301587302,0.498486754707385,0.551752852371547,0.273695681830114,11.3936261756654
4.60347222222222,0.498443806976752,0.551731344989276,0.273564798517128,11.3939356464779
4.60357142857143,0.498400864229829,0.55170982895053,0.273433977920565,11.3942450803552
4.60367063492063,0.498357926465725,0.551688304260849,0.273303220010285,11.3945544773059
4.60376984126984,0.498314993683553,0.551666770925772,0.273172524756161,11.3948638373391
4.60386904761905,0.498272065882426,0.551645228950835,0.273041892128077,11.3951731604636
4.60396825396825,0.498229143061456,0.551623678341572,0.272911322095929,11.3954824466883
4.60406746031746,0.49818622521976,0.551602119103514,0.272780814629624,11.3957916960219
4.60416666666667,0.498143312356451,0.55158055124219,0.272650369699079,11.3961009084734
4.60426587301587,0.498100404470649,0.551558974763126,0.272519987274224,11.3964100840517
4.60436507936508,0.498057501561469,0.551537389671846,0.272389667325,11.3967192227655
4.60446428571429,0.498014603628032,0.551515795973871,0.272259409821361,11.3970283246238
4.60456349206349,0.497971710669456,0.55149419367472,0.272129214733269,11.3973373896354
4.6046626984127,0.497928822684863,0.551472582779909,0.271999082030701,11.397646417809
4.60476190476191,0.497885939673375,0.551450963294952,0.271869011683644,11.3979554091537
4.60486111111111,0.497843061634114,0.55142933522536,0.271739003662096,11.3982643636781
4.60496031746032,0.497800188566205,0.551407698576641,0.271609057936068,11.3985732813911
4.60505952380952,0.497757320468772,0.551386053354303,0.27147917447558,11.3988821623016
4.60515873015873,0.497714457340942,0.551364399563848,0.271349353250666,11.3991910064184
4.60525793650794,0.497671599181842,0.551342737210779,0.271219594231368,11.3994998137503
4.60535714285714,0.497628745990599,0.551321066300593,0.271089897387745,11.3998085843061
4.60545634920635,0.497585897766342,0.551299386838787,0.270960262689862,11.4001173180946
4.60555555555556,0.497543054508203,0.551277698830856,0.270830690107799,11.4004260151247
4.60565476190476,0.497500216215311,0.551256002282289,0.270701179611645,11.4007346754052
4.60575396825397,0.497457382886799,0.551234297198576,0.270571731171503,11.4010432989448
4.60585317460317,0.497414554521801,0.551212583585203,0.270442344757484,11.4013518857524
4.60595238095238,0.49737173111945,0.551190861447655,0.270313020339714,11.4016604358368
4.60605158730159,0.497328912678881,0.551169130791411,0.270183757888329,11.4019689492068
4.60615079365079,0.497286099199231,0.551147391621952,0.270054557373475,11.4022774258712
4.60625,0.497243290679637,0.551125643944752,0.269925418765313,11.4025858658387
4.60634920634921,0.497200487119237,0.551103887765287,0.269796342034012,11.4028942691182
4.60644841269841,0.497157688517171,0.551082123089027,0.269667327149754,11.4032026357184
4.60654761904762,0.497114894872579,0.551060349921442,0.269538374082733,11.4035109656481
4.60664682539683,0.497072106184602,0.551038568267997,0.269409482803153,11.4038192589161
4.60674603174603,0.497029322452382,0.551016778134155,0.269280653281228,11.4041275155312
4.60684523809524,0.496986543675064,0.55099497952538,0.26915188548719,11.4044357355021
4.60694444444444,0.496943769851791,0.550973172447129,0.269023179391276,11.4047439188377
4.60704365079365,0.496901000981709,0.550951356904858,0.268894534963735,11.4050520655467
4.60714285714286,0.496858237063964,0.550929532904022,0.268765952174832,11.4053601756378
4.60724206349206,0.496815478097704,0.550907700450072,0.268637430994838,11.4056682491198
4.60734126984127,0.496772724082077,0.550885859548456,0.268508971394039,11.4059762860014
4.60744047619048,0.496729975016233,0.550864010204622,0.268380573342732,11.4062842862915
4.60753968253968,0.496687230899322,0.550842152424012,0.268252236811223,11.4065922499988
4.60763888888889,0.496644491730496,0.550820286212067,0.268123961769832,11.4069001771319
4.6077380952381,0.496601757508908,0.550798411574228,0.267995748188891,11.4072080676998
4.6078373015873,0.496559028233711,0.55077652851593,0.267867596038741,11.407515921711
4.60793650793651,0.496516303904059,0.550754637042607,0.267739505289736,11.4078237391744
4.60803571428571,0.496473584519109,0.550732737159691,0.26761147591224,11.4081315200986
4.60813492063492,0.496430870078017,0.550710828872609,0.267483507876632,11.4084392644925
4.60823412698413,0.496388160579941,0.550688912186789,0.267355601153297,11.4087469723647
4.60833333333333,0.49634545602404,0.550666987107654,0.267227755712638,11.4090546437239
4.60843253968254,0.496302756409472,0.550645053640627,0.267099971525063,11.409362278579
4.60853174603175,0.4962600617354,0.550623111791124,0.266972248560996,11.4096698769385
4.60863095238095,0.496217372000985,0.550601161564564,0.26684458679087,11.4099774388113
4.60873015873016,0.496174687205389,0.550579202966359,0.266716986185131,11.410284964206
4.60882936507937,0.496132007347777,0.550557236001922,0.266589446714235,11.4105924531313
4.60892857142857,0.496089332427314,0.55053526067666,0.266461968348651,11.410899905596
4.60902777777778,0.496046662443164,0.550513276995981,0.266334551058858,11.4112073216087
4.60912698412698,0.496003997394496,0.550491284965287,0.266207194815347,11.4115147011782
4.60922619047619,0.495961337280477,0.550469284589982,0.266079899588621,11.4118220443131
4.6093253968254,0.495918682100277,0.550447275875462,0.265952665349195,11.4121293510222
4.6094246031746,0.495876031853064,0.550425258827126,0.265825492067594,11.4124366213141
4.60952380952381,0.49583338653801,0.550403233450366,0.265698379714354,11.4127438551975
4.60962301587302,0.495790746154288,0.550381199750574,0.265571328260025,11.4130510526812
4.60972222222222,0.495748110701069,0.550359157733139,0.265444337675164,11.4133582137737
4.60982142857143,0.495705480177529,0.550337107403448,0.265317407930346,11.4136653384838
4.60992063492063,0.495662854582843,0.550315048766883,0.265190538996152,11.4139724268201
4.61001984126984,0.495620233916186,0.550292981828827,0.265063730843176,11.4142794787913
4.61011904761905,0.495577618176735,0.550270906594659,0.264936983442024,11.4145864944061
4.61021825396825,0.49553500736367,0.550248823069754,0.264810296763314,11.4148934736732
4.61031746031746,0.495492401476168,0.550226731259487,0.264683670777673,11.4152004166012
4.61041666666667,0.49544980051341,0.550204631169229,0.264557105455743,11.4155073231987
4.61051587301587,0.495407204474578,0.550182522804349,0.264430600768174,11.4158141934744
4.61061507936508,0.495364613358854,0.550160406170214,0.264304156685629,11.4161210274371
4.61071428571429,0.49532202716542,0.550138281272187,0.264177773178784,11.4164278250952
4.61081349206349,0.495279445893462,0.550116148115629,0.264051450218324,11.4167345864576
4.6109126984127,0.495236869542165,0.5500940067059,0.263925187774946,11.4170413115327
4.6110119047619,0.495194298110714,0.550071857048357,0.26379898581936,11.4173480003293
4.61111111111111,0.495151731598298,0.550049699148352,0.263672844322285,11.417654652856
4.61121031746032,0.495109170004104,0.550027533011237,0.263546763254452,11.4179612691214
4.61130952380952,0.495066613327323,0.550005358642362,0.263420742586607,11.4182678491342
4.61140873015873,0.495024061567144,0.549983176047073,0.263294782289503,11.4185743929029
4.61150793650794,0.494981514722759,0.549960985230713,0.263168882333906,11.4188809004363
4.61160714285714,0.494938972793361,0.549938786198624,0.263043042690594,11.4191873717429
4.61170634920635,0.494896435778143,0.549916578956146,0.262917263330356,11.4194938068314
4.61180555555556,0.494853903676299,0.549894363508613,0.262791544223992,11.4198002057103
4.61190476190476,0.494811376487026,0.549872139861362,0.262665885342315,11.4201065683883
4.61200396825397,0.494768854209519,0.549849908019721,0.262540286656147,11.4204128948739
4.61210317460317,0.494726336842977,0.549827667989022,0.262414748136324,11.4207191851759
4.61220238095238,0.494683824386597,0.54980541977459,0.262289269753692,11.4210254393028
4.61230158730159,0.49464131683958,0.549783163381749,0.262163851479109,11.4213316572631
4.61240079365079,0.494598814201127,0.54976089881582,0.262038493283443,11.4216378390655
4.6125,0.494556316470438,0.549738626082124,0.261913195137577,11.4219439847187
4.61259920634921,0.494513823646717,0.549716345185975,0.261787957012401,11.422250094231
4.61269841269841,0.494471335729167,0.549694056132688,0.261662778878819,11.4225561676113
4.61279761904762,0.494428852716994,0.549671758927574,0.261537660707748,11.422862204868
4.61289682539683,0.494386374609403,0.549649453575943,0.261412602470112,11.4231682060097
4.61299603174603,0.4943439014056,0.549627140083101,0.261287604136851,11.423474171045
4.61309523809524,0.494301433104794,0.549604818454351,0.261162665678913,11.4237800999824
4.61319444444444,0.494258969706194,0.549582488694996,0.26103778706726,11.4240859928306
4.61329365079365,0.494216511209008,0.549560150810334,0.260912968272863,11.4243918495982
4.61339285714286,0.494174057612449,0.549537804805662,0.260788209266707,11.4246976702936
4.61349206349206,0.494131608915729,0.549515450686273,0.260663510019787,11.4250034549254
4.61359126984127,0.494089165118059,0.54949308845746,0.260538870503108,11.4253092035022
4.61369047619048,0.494046726218654,0.549470718124511,0.260414290687691,11.4256149160326
4.61378968253968,0.494004292216729,0.549448339692712,0.260289770544565,11.4259205925251
4.61388888888889,0.493961863111501,0.549425953167348,0.26016531004477,11.4262262329882
4.61398809523809,0.493919438902186,0.5494035585537,0.26004090915936,11.4265318374305
4.6140873015873,0.493877019588001,0.549381155857048,0.259916567859397,11.4268374058606
4.61418650793651,0.493834605168167,0.549358745082667,0.259792286115958,11.4271429382869
4.61428571428571,0.493792195641904,0.549336326235831,0.259668063900129,11.4274484347181
4.61438492063492,0.493749791008432,0.549313899321813,0.25954390118301,11.4277538951626
4.61448412698413,0.493707391266973,0.549291464345881,0.259419797935709,11.4280593196289
4.61458333333333,0.493664996416752,0.549269021313302,0.259295754129349,11.4283647081257
4.61468253968254,0.493622606456991,0.549246570229339,0.259171769735061,11.4286700606614
4.61478174603175,0.493580221386917,0.549224111099254,0.259047844723991,11.4289753772445
4.61488095238095,0.493537841205755,0.549201643928307,0.258923979067293,11.4292806578836
4.61498015873016,0.493495465912733,0.549179168721753,0.258800172736135,11.4295859025872
4.61507936507937,0.493453095507079,0.549156685484847,0.258676425701695,11.4298911113638
4.61517857142857,0.493410729988022,0.54913419422284,0.258552737935164,11.4301962842219
4.61527777777778,0.493368369354793,0.549111694940982,0.258429109407744,11.4305014211699
4.61537698412698,0.493326013606623,0.549089187644518,0.258305540090646,11.4308065222165
4.61547619047619,0.493283662742745,0.549066672338693,0.258182029955096,11.4311115873701
4.6155753968254,0.493241316762391,0.549044149028749,0.258058578972329,11.4314166166391
4.6156746031746,0.493198975664796,0.549021617719923,0.257935187113592,11.4317216100322
4.61577380952381,0.493156639449197,0.548999078417454,0.257811854350146,11.4320265675577
4.61587301587302,0.493114308114828,0.548976531126575,0.257688580653259,11.4323314892242
4.61597222222222,0.493071981660929,0.548953975852518,0.257565365994214,11.4326363750401
4.61607142857143,0.493029660086736,0.54893141260051,0.257442210344303,11.432941225014
4.61617063492063,0.49298734339149,0.548908841375781,0.257319113674831,11.4332460391542
4.61626984126984,0.492945031574432,0.548886262183552,0.257196075957115,11.4335508174694
4.61636904761905,0.492902724634802,0.548863675029046,0.257073097162482,11.4338555599678
4.61646825396825,0.492860422571844,0.548841079917482,0.256950177262271,11.4341602666581
4.61656746031746,0.492818125384801,0.548818476854076,0.256827316227831,11.4344649375486
4.61666666666667,0.492775833072918,0.548795865844042,0.256704514030526,11.4347695726479
4.61676587301587,0.49273354563544,0.548773246892593,0.256581770641729,11.4350741719644
4.61686507936508,0.492691263071615,0.548750620004937,0.256459086032824,11.4353787355065
4.61696428571429,0.492648985380689,0.54872798518628,0.256336460175208,11.4356832632827
4.61706349206349,0.492606712561912,0.548705342441827,0.256213893040289,11.4359877553014
4.6171626984127,0.492564444614534,0.548682691776779,0.256091384599484,11.4362922115712
4.61726190476191,0.492522181537804,0.548660033196336,0.255968934824227,11.4365966321003
4.61736111111111,0.492479923330976,0.548637366705693,0.255846543685958,11.4369010168974
4.61746031746032,0.492437669993302,0.548614692310046,0.255724211156131,11.4372053659707
4.61755952380952,0.492395421524035,0.548592010014585,0.255601937206211,11.4375096793288
4.61765873015873,0.492353177922432,0.5485693198245,0.255479721807675,11.43781395698
4.61775793650794,0.492310939187746,0.548546621744977,0.25535756493201,11.4381181989328
4.61785714285714,0.492268705319236,0.548523915781201,0.255235466550716,11.4384224051956
4.61795634920635,0.49222647631616,0.548501201938352,0.255113426635304,11.4387265757769
4.61805555555556,0.492184252177776,0.548478480221611,0.254991445157296,11.439030710685
4.61815476190476,0.492142032903344,0.548455750636153,0.254869522088226,11.4393348099283
4.61825396825397,0.492099818492126,0.548433013187154,0.254747657399639,11.4396388735153
4.61835317460317,0.492057608943383,0.548410267879783,0.254625851063092,11.4399429014544
4.61845238095238,0.492015404256379,0.548387514719211,0.254504103050153,11.440246893754
4.61855158730159,0.491973204430377,0.548364753710605,0.254382413332401,11.4405508504225
4.61865079365079,0.491931009464643,0.548341984859127,0.254260781881427,11.4408547714682
4.61875,0.491888819358443,0.54831920816994,0.254139208668835,11.4411586568996
4.61884920634921,0.491846634111044,0.548296423648204,0.254017693666239,11.4414625067251
4.61894841269841,0.491804453721714,0.548273631299074,0.253896236845262,11.441766320953
4.61904761904762,0.491762278189723,0.548250831127705,0.253774838177544,11.4420700995917
4.61914682539683,0.491720107514341,0.548228023139248,0.253653497634731,11.4423738426497
4.61924603174603,0.491677941694838,0.548205207338853,0.253532215188484,11.4426775501352
4.61934523809524,0.491635780730488,0.548182383731665,0.253410990810473,11.4429812220567
4.61944444444444,0.491593624620563,0.54815955232283,0.253289824472382,11.4432848584226
4.61954365079365,0.491551473364337,0.548136713117489,0.253168716145905,11.4435884592412
4.61964285714286,0.491509326961088,0.548113866120782,0.253047665802747,11.4438920245208
4.61974206349206,0.491467185410089,0.548091011337843,0.252926673414626,11.4441955542699
4.61984126984127,0.49142504871062,0.548068148773809,0.25280573895327,11.4444990484968
4.61994047619048,0.491382916861958,0.54804527843381,0.252684862390419,11.4448025072098
4.62003968253968,0.491340789863382,0.548022400322976,0.252564043697825,11.4451059304174
4.62013888888889,0.491298667714174,0.547999514446433,0.252443282847249,11.4454093181277
4.6202380952381,0.491256550413614,0.547976620809306,0.252322579810468,11.4457126703493
4.6203373015873,0.491214437960986,0.547953719416716,0.252201934559267,11.4460159870905
4.62043650793651,0.491172330355573,0.547930810273782,0.252081347065443,11.4463192683595
4.62053571428571,0.491130227596658,0.547907893385622,0.251960817300804,11.4466225141648
4.62063492063492,0.491088129683529,0.547884968757348,0.251840345237172,11.4469257245146
4.62073412698413,0.491046036615471,0.547862036394073,0.251719930846377,11.4472288994173
4.62083333333333,0.491003948391772,0.547839096300906,0.251599574100263,11.4475320388812
4.62093253968254,0.490961865011721,0.547816148482954,0.251479274970683,11.4478351429147
4.62103174603175,0.490919786474607,0.547793192945321,0.251359033429506,11.448138211526
4.62113095238095,0.490877712779722,0.547770229693108,0.251238849448608,11.4484412447235
4.62123015873016,0.490835643926356,0.547747258731415,0.251118722999877,11.4487442425155
4.62132936507937,0.490793579913803,0.547724280065339,0.250998654055215,11.4490472049103
4.62142857142857,0.490751520741356,0.547701293699973,0.250878642586533,11.4493501319162
4.62152777777778,0.49070946640831,0.547678299640409,0.250758688565754,11.4496530235415
4.62162698412698,0.490667416913961,0.547655297891737,0.250638791964813,11.4499558797946
4.62172619047619,0.490625372257605,0.547632288459043,0.250518952755657,11.4502587006837
4.6218253968254,0.490583332438542,0.547609271347411,0.250399170910244,11.4505614862171
4.6219246031746,0.490541297456068,0.547586246561924,0.250279446400542,11.4508642364031
4.62202380952381,0.490499267309485,0.54756321410766,0.250159779198532,11.4511669512501
4.62212301587302,0.490457241998093,0.547540173989696,0.250040169276205,11.4514696307662
4.62222222222222,0.490415221521194,0.547517126213106,0.249920616605567,11.4517722749598
4.62232142857143,0.490373205878092,0.547494070782962,0.249801121158631,11.4520748838391
4.62242063492064,0.490331195068089,0.547471007704333,0.249681682907423,11.4523774574125
4.62251984126984,0.490289189090492,0.547447936982287,0.249562301823983,11.4526799956882
4.62261904761905,0.490247187944606,0.547424858621886,0.24944297788036,11.4529824986745
4.62271825396825,0.490205191629738,0.547401772628193,0.249323711048613,11.4532849663796
4.62281746031746,0.490163200145196,0.547378679006267,0.249204501300816,11.4535873988118
4.62291666666667,0.49012121349029,0.547355577761166,0.249085348609053,11.4538897959794
4.62301587301587,0.490079231664329,0.547332468897942,0.248966252945417,11.4541921578906
4.62311507936508,0.490037254666624,0.547309352421647,0.248847214282016,11.4544944845537
4.62321428571429,0.489995282496489,0.547286228337332,0.248728232590968,11.454796775977
4.62331349206349,0.489953315153236,0.547263096650043,0.248609307844403,11.4550990321686
4.6234126984127,0.489911352636179,0.547239957364824,0.248490440014462,11.4554012531368
4.62351190476191,0.489869394944633,0.547216810486716,0.248371629073297,11.45570343889
4.62361111111111,0.489827442077915,0.54719365602076,0.248252874993073,11.4560055894362
4.62371031746032,0.489785494035342,0.547170493971991,0.248134177745963,11.4563077047838
4.62380952380952,0.489743550816233,0.547147324345444,0.248015537304156,11.456609784941
4.62390873015873,0.489701612419906,0.547124147146151,0.247896953639849,11.456911829916
4.62400793650794,0.489659678845682,0.547100962379141,0.247778426725253,11.457213839717
4.62410714285714,0.489617750092882,0.547077770049441,0.247659956532589,11.4575158143523
4.62420634920635,0.48957582616083,0.547054570162075,0.247541543034089,11.4578177538301
4.62430555555556,0.489533907048847,0.547031362722065,0.247423186201998,11.4581196581585
4.62440476190476,0.489491992756259,0.547008147734429,0.247304886008571,11.4584215273459
4.62450396825397,0.489450083282392,0.546984925204186,0.247186642426075,11.4587233614004
4.62460317460318,0.48940817862657,0.546961695136349,0.247068455426787,11.4590251603303
4.62470238095238,0.489366278788123,0.54693845753593,0.246950324983,11.4593269241437
4.62480158730159,0.489324383766379,0.546915212407938,0.246832251067014,11.4596286528488
4.62490079365079,0.489282493560667,0.54689195975738,0.246714233651142,11.4599303464538
4.625,0.489240608170317,0.54686869958926,0.246596272707709,11.460232004967
4.62509920634921,0.489198727594662,0.54684543190858,0.246478368209049,11.4605336283966
4.62519841269841,0.489156851833035,0.54682215672034,0.246360520127511,11.4608352167506
4.62529761904762,0.489114980884767,0.546798874029536,0.246242728435452,11.4611367700373
4.62539682539683,0.489073114749195,0.546775583841162,0.246124993105243,11.461438288265
4.62549603174603,0.489031253425654,0.546752286160211,0.246007314109267,11.4617397714416
4.62559523809524,0.488989396913481,0.546728980991671,0.245889691419916,11.4620412195756
4.62569444444444,0.488947545212014,0.54670566834053,0.245772125009594,11.4623426326749
4.62579365079365,0.488905698320591,0.546682348211771,0.245654614850718,11.4626440107478
4.62589285714286,0.488863856238552,0.546659020610377,0.245537160915714,11.4629453538025
4.62599206349206,0.488822018965237,0.546635685541326,0.245419763177023,11.463246661847
4.62609126984127,0.488780186499989,0.546612343009596,0.245302421607092,11.4635479348897
4.62619047619048,0.488738358842151,0.546588993020161,0.245185136178387,11.4638491729386
4.62628968253968,0.488696535991067,0.546565635577993,0.245067906863379,11.4641503760018
4.62638888888889,0.488654717946081,0.546542270688061,0.244950733634553,11.4644515440876
4.62648809523809,0.488612904706539,0.546518898355332,0.244833616464406,11.4647526772041
4.6265873015873,0.488571096271788,0.54649551858477,0.244716555325444,11.4650537753594
4.62668650793651,0.488529292641177,0.546472131381338,0.244599550190187,11.4653548385617
4.62678571428571,0.488487493814053,0.546448736749993,0.244482601031166,11.4656558668191
4.62688492063492,0.488445699789768,0.546425334695694,0.244365707820922,11.4659568601397
4.62698412698413,0.488403910567672,0.546401925223395,0.24424887053201,11.4662578185317
4.62708333333333,0.488362126147118,0.546378508338047,0.244132089136994,11.4665587420032
4.62718253968254,0.488320346527458,0.546355084044599,0.244015363608451,11.4668596305624
4.62728174603175,0.488278571708046,0.546331652348,0.243898693918968,11.4671604842172
4.62738095238095,0.488236801688238,0.546308213253192,0.243782080041144,11.467461302976
4.62748015873016,0.48819503646739,0.546284766765118,0.243665521947592,11.4677620868468
4.62757936507937,0.488153276044859,0.546261312888717,0.243549019610931,11.4680628358376
4.62767857142857,0.488111520420003,0.546237851628927,0.243432573003797,11.4683635499567
4.62777777777778,0.488069769592181,0.546214382990681,0.243316182098835,11.4686642292121
4.62787698412698,0.488028023560754,0.546190906978911,0.243199846868701,11.4689648736119
4.62797619047619,0.487986282325083,0.546167423598547,0.243083567286063,11.4692654831642
4.6280753968254,0.48794454588453,0.546143932854515,0.242967343323601,11.4695660578771
4.6281746031746,0.487902814238459,0.54612043475174,0.242851174954006,11.4698665977588
4.62827380952381,0.487861087386234,0.546096929295144,0.24273506214998,11.4701671028173
4.62837301587302,0.487819365327219,0.546073416489646,0.242619004884236,11.4704675730606
4.62847222222222,0.487777648060783,0.546049896340164,0.242503003129502,11.470768008497
4.62857142857143,0.487735935586291,0.54602636885161,0.242387056858512,11.4710684091344
4.62867063492063,0.487694227903113,0.546002834028898,0.242271166044017,11.4713687749809
4.62876984126984,0.487652525010618,0.545979291876937,0.242155330658774,11.4716691060446
4.62886904761905,0.487610826908176,0.545955742400633,0.242039550675556,11.4719694023337
4.62896825396825,0.487569133595159,0.545932185604891,0.241923826067145,11.4722696638561
4.62906746031746,0.48752744507094,0.545908621494613,0.241808156806334,11.4725698906199
4.62916666666667,0.487485761334891,0.545885050074698,0.241692542865931,11.4728700826332
4.62926587301587,0.487444082386388,0.545861471350044,0.241576984218752,11.473170239904
4.62936507936508,0.487402408224806,0.545837885325544,0.241461480837625,11.4734703624404
4.62946428571429,0.487360738849522,0.54581429200609,0.24134603269539,11.4737704502505
4.62956349206349,0.487319074259913,0.545790691396572,0.241230639764898,11.4740705033423
4.6296626984127,0.487277414455358,0.545767083501878,0.241115302019013,11.4743705217238
4.6297619047619,0.487235759435237,0.54574346832689,0.241000019430609,11.4746705054032
4.62986111111111,0.48719410919893,0.545719845876491,0.24088479197257,11.4749704543883
4.62996031746032,0.48715246374582,0.545696216155562,0.240769619617795,11.4752703686874
4.63005952380952,0.487110823075288,0.545672579168977,0.240654502339193,11.4755702483083
4.63015873015873,0.487069187186719,0.545648934921613,0.240539440109683,11.4758700932592
4.63025793650794,0.487027556079497,0.54562528341834,0.240424432902198,11.476169903548
4.63035714285714,0.486985929753009,0.545601624664029,0.240309480689679,11.4764696791828
4.63045634920635,0.486944308206641,0.545577958663546,0.240194583445082,11.4767694201717
4.63055555555556,0.48690269143978,0.545554285421755,0.240079741141372,11.4770691265225
4.63065476190476,0.486861079451817,0.545530604943519,0.239964953751527,11.4773687982435
4.63075396825397,0.48681947224214,0.545506917233697,0.239850221248536,11.4776684353424
4.63085317460317,0.486777869810141,0.545483222297146,0.239735543605399,11.4779680378275
4.63095238095238,0.486736272155212,0.54545952013872,0.239620920795129,11.4782676057066
4.63105158730159,0.486694679276745,0.545435810763272,0.239506352790747,11.4785671389877
4.63115079365079,0.486653091174136,0.545412094175651,0.23939183956529,11.478866637679
4.63125,0.486611507846777,0.545388370380703,0.239277381091802,11.4791661017883
4.63134920634921,0.486569929294067,0.545364639383274,0.239162977343342,11.4794655313237
4.63144841269841,0.486528355515401,0.545340901188204,0.239048628292979,11.4797649262931
4.63154761904762,0.486486786510178,0.545317155800335,0.238934333913793,11.4800642867046
4.63164682539683,0.486445222277798,0.545293403224502,0.238820094178876,11.4803636125661
4.63174603174603,0.486403662817659,0.54526964346554,0.238705909061332,11.4806629038856
4.63184523809524,0.486362108129164,0.545245876528281,0.238591778534276,11.4809621606711
4.63194444444444,0.486320558211714,0.545222102417555,0.238477702570834,11.4812613829306
4.63204365079365,0.486279013064713,0.545198321138188,0.238363681144143,11.4815605706719
4.63214285714286,0.486237472687565,0.545174532695006,0.238249714227354,11.4818597239032
4.63224206349206,0.486195937079675,0.545150737092829,0.238135801793626,11.4821588426323
4.63234126984127,0.486154406240449,0.545126934336478,0.238021943816133,11.4824579268673
4.63244047619048,0.486112880169296,0.545103124430769,0.237908140268057,11.482756976616
4.63253968253968,0.486071358865622,0.545079307380517,0.237794391122595,11.4830559918865
4.63263888888889,0.486029842328838,0.545055483190534,0.237680696352951,11.4833549726866
4.63273809523809,0.485988330558354,0.545031651865629,0.237567055932345,11.4836539190244
4.6328373015873,0.485946823553581,0.54500781341061,0.237453469834005,11.4839528309078
4.63293650793651,0.485905321313931,0.544983967830281,0.237339938031173,11.4842517083447
4.63303571428571,0.485863823838819,0.544960115129443,0.237226460497102,11.4845505513431
4.63313492063492,0.485822331127658,0.544936255312897,0.237113037205055,11.4848493599109
4.63323412698413,0.485780843179865,0.54491238838544,0.236999668128307,11.485148134056
4.63333333333333,0.485739359994855,0.544888514351865,0.236886353240146,11.4854468737863
4.63343253968254,0.485697881572045,0.544864633216966,0.236773092513868,11.4857455791099
4.63353174603175,0.485656407910856,0.544840744985531,0.236659885922784,11.4860442500346
4.63363095238095,0.485614939010705,0.544816849662347,0.236546733440216,11.4863428865683
4.63373015873016,0.485573474871015,0.5447929472522,0.236433635039496,11.4866414887189
4.63382936507937,0.485532015491206,0.54476903775987,0.236320590693968,11.4869400564945
4.63392857142857,0.485490560870701,0.544745121190138,0.236207600376987,11.4872385899028
4.63402777777778,0.485449111008923,0.544721197547781,0.23609466406192,11.4875370889518
4.63412698412698,0.485407665905298,0.544697266837573,0.235981781722146,11.4878355536494
4.63422619047619,0.485366225559252,0.544673329064286,0.235868953331055,11.4881339840035
4.6343253968254,0.48532478997021,0.544649384232689,0.235756178862046,11.488432380022
4.6344246031746,0.4852833591376,0.544625432347551,0.235643458288536,11.4887307417127
4.63452380952381,0.485241933060852,0.544601473413634,0.235530791583946,11.4890290690837
4.63462301587302,0.485200511739396,0.544577507435703,0.235418178721714,11.4893273621427
4.63472222222222,0.485159095172661,0.544553534418515,0.235305619675285,11.4896256208977
4.63482142857143,0.48511768336008,0.544529554366827,0.235193114418119,11.4899238453565
4.63492063492063,0.485076276301086,0.544505567285396,0.235080662923685,11.490222035527
4.63501984126984,0.485034873995113,0.544481573178972,0.234968265165465,11.4905201914172
4.63511904761905,0.484993476441595,0.544457572052305,0.234855921116953,11.4908183130348
4.63521825396825,0.484952083639969,0.544433563910142,0.234743630751652,11.4911164003877
4.63531746031746,0.484910695589671,0.544409548757228,0.234631394043079,11.4914144534838
4.63541666666667,0.48486931229014,0.544385526598305,0.234519210964762,11.491712472331
4.63551587301587,0.484827933740814,0.544361497438112,0.234407081490237,11.4920104569372
4.63561507936508,0.484786559941134,0.544337461281386,0.234295005593057,11.4923084073101
4.63571428571429,0.484745190890541,0.544313418132863,0.234182983246783,11.4926063234576
4.63581349206349,0.484703826588476,0.544289367997273,0.234071014424987,11.4929042053877
4.6359126984127,0.484662467034382,0.544265310879348,0.233959099101256,11.4932020531081
4.63601190476191,0.484621112227705,0.544241246783813,0.233847237249184,11.4934998666267
4.63611111111111,0.484579762167889,0.544217175715393,0.23373542884238,11.4937976459513
4.63621031746032,0.48453841685438,0.544193097678811,0.233623673854462,11.4940953910898
4.63630952380952,0.484497076286626,0.544169012678786,0.233511972259061,11.4943931020499
4.63640873015873,0.484455740464074,0.544144920720035,0.233400324029819,11.4946907788396
4.63650793650794,0.484414409386173,0.544120821807273,0.233288729140389,11.4949884214667
4.63660714285714,0.484373083052375,0.544096715945212,0.233177187564436,11.495286029939
4.63670634920635,0.484331761462131,0.544072603138561,0.233065699275637,11.4955836042642
4.63680555555556,0.484290444614892,0.544048483392027,0.232954264247679,11.4958811444503
4.63690476190476,0.484249132510113,0.544024356710316,0.232842882454262,11.4961786505051
4.63700396825397,0.484207825147246,0.544000223098129,0.232731553869096,11.4964761224363
4.63710317460317,0.484166522525749,0.543976082560165,0.232620278465903,11.4967735602518
4.63720238095238,0.484125224645077,0.543951935101123,0.232509056218417,11.4970709639593
4.63730158730159,0.484083931504687,0.543927780725696,0.232397887100383,11.4973683335667
4.63740079365079,0.484042643104038,0.543903619438577,0.232286771085557,11.4976656690819
4.6375,0.48400135944259,0.543879451244456,0.232175708147709,11.4979629705125
4.63759920634921,0.483960080519803,0.543855276148019,0.232064698260616,11.4982602378663
4.63769841269841,0.483918806335139,0.54383109415395,0.23195374139807,11.4985574711513
4.63779761904762,0.48387753688806,0.543806905266934,0.231842837533873,11.4988546703751
4.63789682539683,0.483836272178029,0.543782709491648,0.23173198664184,11.4991518355455
4.63799603174603,0.483795012204512,0.543758506832769,0.231621188695794,11.4994489666704
4.63809523809524,0.483753756966973,0.543734297294974,0.231510443669573,11.4997460637574
4.63819444444444,0.48371250646488,0.543710080882933,0.231399751537026,11.5000431268144
4.63829365079365,0.4836712606977,0.543685857601317,0.231289112272012,11.5003401558492
4.63839285714286,0.483630019664902,0.543661627454792,0.231178525848402,11.5006371508695
4.63849206349206,0.483588783365956,0.543637390448024,0.231067992240078,11.5009341118831
4.63859126984127,0.483547551800331,0.543613146585674,0.230957511420934,11.5012310388977
4.63869047619048,0.483506324967501,0.543588895872402,0.230847083364877,11.5015279319211
4.63878968253968,0.483465102866937,0.543564638312865,0.230736708045822,11.5018247909611
4.63888888888889,0.483423885498114,0.543540373911717,0.230626385437699,11.5021216160254
4.6389880952381,0.483382672860506,0.543516102673612,0.230516115514447,11.5024184071217
4.6390873015873,0.48334146495359,0.543491824603199,0.230405898250018,11.5027151642579
4.63918650793651,0.483300261776841,0.543467539705124,0.230295733618374,11.5030118874416
4.63928571428571,0.483259063329739,0.543443247984033,0.230185621593489,11.5033085766806
4.63938492063492,0.483217869611761,0.543418949444568,0.230075562149349,11.5036052319827
4.63948412698413,0.483176680622388,0.543394644091368,0.229965555259951,11.5039018533555
4.63958333333333,0.483135496361101,0.54337033192907,0.229855600899305,11.5041984408068
4.63968253968254,0.483094316827381,0.54334601296231,0.229745699041429,11.5044949943444
4.63978174603175,0.483053142020712,0.543321687195719,0.229635849660356,11.5047915139759
4.63988095238095,0.483011971940578,0.543297354633927,0.229526052730128,11.5050879997091
4.63998015873016,0.482970806586464,0.543273015281561,0.2294163082248,11.5053844515516
4.64007936507937,0.482929645957855,0.543248669143247,0.229306616118437,11.5056808695113
4.64017857142857,0.48288849005424,0.543224316223605,0.229196976385118,11.5059772535958
4.64027777777778,0.482847338875105,0.543199956527256,0.229087388998929,11.5062736038129
4.64037698412698,0.48280619241994,0.543175590058818,0.228977853933973,11.5065699201701
4.64047619047619,0.482765050688236,0.543151216822904,0.228868371164361,11.5068662026753
4.6405753968254,0.482723913679483,0.543126836824127,0.228758940664216,11.5071624513362
4.6406746031746,0.482682781393174,0.543102450067097,0.228649562407672,11.5074586661604
4.64077380952381,0.482641653828803,0.543078056556421,0.228540236368876,11.5077548471556
4.64087301587302,0.482600530985862,0.543053656296703,0.228430962521985,11.5080509943295
4.64097222222222,0.482559412863847,0.543029249292546,0.228321740841168,11.5083471076898
4.64107142857143,0.482518299462255,0.54300483554855,0.228212571300605,11.5086431872443
4.64117063492063,0.482477190780584,0.542980415069312,0.22810345387449,11.5089392330005
4.64126984126984,0.482436086818331,0.542955987859426,0.227994388537024,11.5092352449661
4.64136904761905,0.482394987574995,0.542931553923484,0.227885375262423,11.5095312231489
4.64146825396825,0.482353893050078,0.542907113266077,0.227776414024912,11.5098271675564
4.64156746031746,0.48231280324308,0.542882665891792,0.22766750479873,11.5101230781964
4.64166666666667,0.482271718153505,0.542858211805214,0.227558647558127,11.5104189550766
4.64176587301587,0.482230637780854,0.542833751010923,0.227449842277361,11.5107147982045
4.64186507936508,0.482189562124634,0.542809283513501,0.227341088930706,11.5110106075879
4.64196428571429,0.482148491184349,0.542784809317525,0.227232387492446,11.5113063832344
4.64206349206349,0.482107424959506,0.54276032842757,0.227123737936875,11.5116021251517
4.6421626984127,0.482066363449613,0.542735840848206,0.227015140238299,11.5118978333473
4.6422619047619,0.482025306654178,0.542711346584006,0.226906594371038,11.512193507829
4.64236111111111,0.48198425457271,0.542686845639535,0.226798100309419,11.5124891486044
4.64246031746032,0.48194320720472,0.542662338019358,0.226689658027784,11.5127847556811
4.64255952380952,0.481902164549721,0.542637823728038,0.226581267500485,11.5130803290668
4.64265873015873,0.481861126607224,0.542613302770134,0.226472928701887,11.5133758687691
4.64275793650794,0.481820093376744,0.542588775150204,0.226364641606363,11.5136713747957
4.64285714285714,0.481779064857794,0.542564240872802,0.226256406188302,11.5139668471541
4.64295634920635,0.481738041049891,0.542539699942482,0.226148222422101,11.514262285852
4.64305555555556,0.481697021952552,0.542515152363791,0.226040090282169,11.5145576908969
4.64315476190476,0.481656007565294,0.542490598141279,0.225932009742928,11.5148530622967
4.64325396825397,0.481614997887636,0.542466037279488,0.225823980778809,11.5151484000587
4.64335317460317,0.481573992919097,0.542441469782963,0.225716003364259,11.5154437041907
4.64345238095238,0.4815329926592,0.542416895656242,0.225608077473731,11.5157389747003
4.64355158730159,0.481491997107465,0.542392314903864,0.225500203081693,11.516034211595
4.64365079365079,0.481451006263416,0.542367727530361,0.225392380162622,11.5163294148825
4.64375,0.481410020126576,0.542343133540268,0.22528460869101,11.5166245845703
4.64384920634921,0.48136903869647,0.542318532938114,0.225176888641356,11.5169197206661
4.64394841269841,0.481328061972624,0.542293925728425,0.225069219988173,11.5172148231775
4.64404761904762,0.481287089954566,0.542269311915728,0.224961602705986,11.517509892112
4.64414682539683,0.481246122641823,0.542244691504543,0.224854036769331,11.5178049274772
4.64424603174603,0.481205160033925,0.542220064499392,0.224746522152755,11.5180999292808
4.64434523809524,0.4811642021304,0.542195430904791,0.224639058830816,11.5183948975302
4.64444444444444,0.481123248930782,0.542170790725255,0.224531646778084,11.5186898322331
4.64454365079365,0.4810823004346,0.542146143965296,0.22442428596914,11.518984733397
4.64464285714286,0.48104135664139,0.542121490629425,0.224316976378578,11.5192796010295
4.64474206349206,0.481000417550684,0.542096830722148,0.224209717981001,11.5195744351383
4.64484126984127,0.480959483162018,0.54207216424797,0.224102510751026,11.5198692357307
4.64494047619048,0.480918553474928,0.542047491211394,0.223995354663281,11.5201640028145
4.64503968253968,0.480877628488952,0.542022811616919,0.223888249692403,11.5204587363971
4.64513888888889,0.480836708203627,0.541998125469044,0.223781195813043,11.5207534364861
4.64523809523809,0.480795792618493,0.541973432772262,0.223674192999863,11.5210481030891
4.6453373015873,0.48075488173309,0.541948733531066,0.223567241227535,11.5213427362136
4.64543650793651,0.48071397554696,0.541924027749945,0.223460340470744,11.5216373358672
4.64553571428571,0.480673074059644,0.541899315433388,0.223353490704187,11.5219319020574
4.64563492063492,0.480632177270687,0.541874596585879,0.223246691902571,11.5222264347917
4.64573412698413,0.480591285179632,0.541849871211901,0.223139944040615,11.5225209340777
4.64583333333333,0.480550397786025,0.541825139315932,0.223033247093049,11.5228153999229
4.64593253968254,0.480509515089412,0.541800400902451,0.222926601034615,11.5231098323348
4.64603174603175,0.480468637089341,0.541775655975932,0.222820005840066,11.523404231321
4.64613095238095,0.480427763785361,0.541750904540849,0.222713461484168,11.523698596889
4.64623015873016,0.480386895177019,0.541726146601669,0.222606967941695,11.5239929290462
4.64632936507937,0.480346031263868,0.541701382162862,0.222500525187437,11.5242872278003
4.64642857142857,0.480305172045459,0.541676611228891,0.222394133196192,11.5245814931588
4.64652777777778,0.480264317521344,0.54165183380422,0.222287791942771,11.5248757251291
4.64662698412698,0.480223467691077,0.541627049893308,0.222181501401997,11.5251699237187
4.64672619047619,0.480182622554213,0.541602259500612,0.222075261548701,11.5254640889352
4.6468253968254,0.480141782110307,0.541577462630588,0.22196907235773,11.5257582207861
4.6469246031746,0.480100946358915,0.541552659287687,0.22186293380394,11.5260523192788
4.64702380952381,0.480060115299596,0.541527849476359,0.221756845862199,11.5263463844208
4.64712301587302,0.480019288931908,0.541503033201053,0.221650808507385,11.5266404162197
4.64722222222222,0.47997846725541,0.541478210466213,0.221544821714391,11.526934414683
4.64732142857143,0.479937650269665,0.54145338127628,0.221438885458119,11.527228379818
4.64742063492063,0.479896837974232,0.541428545635696,0.221332999713481,11.5275223116324
4.64751984126984,0.479856030368676,0.541403703548897,0.221227164455403,11.5278162101335
4.64761904761905,0.47981522745256,0.541378855020319,0.221121379658822,11.5281100753288
4.64771825396825,0.479774429225448,0.541354000054393,0.221015645298686,11.5284039072259
4.64781746031746,0.479733635686907,0.541329138655551,0.220909961349954,11.5286977058322
4.64791666666667,0.479692846836504,0.541304270828218,0.220804327787598,11.5289914711552
4.64801587301587,0.479652062673806,0.54127939657682,0.2206987445866,11.5292852032023
4.64811507936508,0.479611283198382,0.54125451590578,0.220593211721954,11.5295789019809
4.64821428571429,0.479570508409803,0.541229628819517,0.220487729168665,11.5298725674986
4.64831349206349,0.479529738307639,0.541204735322449,0.22038229690175,11.5301661997628
4.6484126984127,0.479488972891461,0.54117983541899,0.220276914896237,11.5304597987809
4.64851190476191,0.479448212160845,0.541154929113553,0.220171583127166,11.5307533645604
4.64861111111111,0.479407456115362,0.541130016410549,0.22006630156959,11.5310468971088
4.64871031746032,0.479366704754589,0.541105097314383,0.219961070198569,11.5313403964334
4.64880952380952,0.479325958078101,0.541080171829463,0.219855888989178,11.5316338625418
4.64890873015873,0.479285216085476,0.541055239960189,0.219750757916503,11.5319272954412
4.64900793650794,0.479244478776292,0.541030301710961,0.219645676955642,11.5322206951393
4.64910714285714,0.479203746150127,0.541005357086178,0.219540646081701,11.5325140616434
4.64920634920635,0.479163018206562,0.540980406090234,0.219435665269801,11.5328073949609
4.64930555555556,0.479122294945178,0.540955448727521,0.219330734495075,11.5331006950993
4.64940476190476,0.479081576365558,0.54093048500243,0.219225853732664,11.5333939620659
4.64950396825397,0.479040862467285,0.540905514919347,0.219121022957723,11.5336871958682
4.64960317460317,0.479000153249942,0.540880538482659,0.219016242145418,11.5339803965136
4.64970238095238,0.478959448713116,0.540855555696747,0.218911511270926,11.5342735640096
4.64980158730159,0.478918748856392,0.540830566565991,0.218806830309435,11.5345666983634
4.64990079365079,0.478878053679358,0.540805571094769,0.218702199236146,11.5348597995826
4.65,0.478837363181602,0.540780569287455,0.218597618026271,11.5351528676745
4.65009920634921,0.478796677362714,0.540755561148423,0.218493086655032,11.5354459026465
4.65019841269841,0.478755996222283,0.540730546682041,0.218388605097665,11.535738904506
4.65029761904762,0.478715319759903,0.540705525892679,0.218284173329414,11.5360318732605
4.65039682539683,0.478674647975164,0.540680498784699,0.218179791325539,11.5363248089172
4.65049603174603,0.47863398086766,0.540655465362466,0.218075459061306,11.5366177114835
4.65059523809524,0.478593318436986,0.540630425630339,0.217971176511998,11.536910580967
4.65069444444444,0.478552660682738,0.540605379592675,0.217866943652904,11.5372034173748
4.65079365079365,0.478512007604511,0.540580327253829,0.21776276045933,11.5374962207145
4.65089285714286,0.478471359201904,0.540555268618155,0.21765862690659,11.5377889909934
4.65099206349206,0.478430715474515,0.540530203690001,0.21755454297001,11.5380817282187
4.65109126984127,0.478390076421944,0.540505132473716,0.217450508624927,11.538374432398
4.65119047619048,0.478349442043791,0.540480054973644,0.217346523846691,11.5386671035386
4.65128968253968,0.478308812339658,0.540454971194129,0.217242588610662,11.5389597416478
4.65138888888889,0.478268187309147,0.540429881139508,0.217138702892212,11.539252346733
4.6514880952381,0.478227566951863,0.540404784814122,0.217034866666725,11.5395449188016
4.6515873015873,0.47818695126741,0.540379682222303,0.216931079909596,11.5398374578608
4.65168650793651,0.478146340255394,0.540354573368386,0.21682734259623,11.540129963918
4.65178571428571,0.478105733915421,0.540329458256699,0.216723654702047,11.5404224369807
4.65188492063492,0.4780651322471,0.540304336891571,0.216620016202475,11.540714877056
4.65198412698413,0.478024535250039,0.540279209277327,0.216516427072955,11.5410072841514
4.65208333333333,0.477983942923848,0.540254075418288,0.21641288728894,11.5412996582742
4.65218253968254,0.477943355268137,0.540228935318775,0.216309396825891,11.5415919994317
4.65228174603175,0.47790277228252,0.540203788983105,0.216205955659286,11.5418843076313
4.65238095238095,0.477862193966608,0.540178636415594,0.216102563764612,11.5421765828802
4.65248015873016,0.477821620320016,0.540153477620554,0.215999221117364,11.5424688251858
4.65257936507937,0.477781051342359,0.540128312602295,0.215895927693054,11.5427610345555
4.65267857142857,0.477740487033252,0.540103141365125,0.215792683467202,11.5430532109964
4.65277777777778,0.477699927392313,0.540077963913348,0.215689488415341,11.543345354516
4.65287698412698,0.477659372419159,0.540052780251267,0.215586342513014,11.5436374651215
4.65297619047619,0.477618822113409,0.540027590383183,0.215483245735777,11.5439295428203
4.6530753968254,0.477578276474685,0.540002394313392,0.215380198059197,11.5442215876197
4.6531746031746,0.477537735502606,0.53997719204619,0.215277199458852,11.5445135995268
4.65327380952381,0.477497199196549,0.539951983585957,0.215174249910391,11.5448055785493
4.65337301587302,0.477456667506749,0.539926768954391,0.215071349401672,11.545097524711
4.65347222222222,0.477416140395333,0.539901548168728,0.214968497919066,11.5453894380319
4.65357142857143,0.477375617861295,0.539876321233101,0.214865695440392,11.5456813185188
4.65367063492064,0.477335099903627,0.539851088151641,0.214762941943474,11.545973166179
4.65376984126984,0.477294586521323,0.539825848928478,0.214660237406145,11.5462649810193
4.65386904761905,0.477254077713375,0.539800603567741,0.214557581806242,11.5465567630468
4.65396825396825,0.477213573478778,0.539775352073556,0.214454975121613,11.5468485122686
4.65406746031746,0.477173073816526,0.539750094450048,0.21435241733011,11.5471402286917
4.65416666666667,0.477132578725615,0.539724830701342,0.214249908409592,11.547431912323
4.65426587301587,0.47709208820504,0.53969956083156,0.214147448337928,11.5477235631696
4.65436507936508,0.477051602253795,0.539674284844822,0.214045037092991,11.5480151812386
4.65446428571429,0.477011120870878,0.53964900274525,0.213942674652664,11.548306766537
4.65456349206349,0.476970644055285,0.53962371453696,0.213840360994833,11.5485983190717
4.6546626984127,0.476930171806014,0.539598420224069,0.213738096097396,11.5488898388497
4.65476190476191,0.476889704122061,0.539573119810694,0.213635879938253,11.5491813258782
4.65486111111111,0.476849241002424,0.539547813300946,0.213533712495316,11.5494727801641
4.65496031746032,0.476808782446102,0.53952250069894,0.2134315937465,11.5497642017143
4.65505952380952,0.476768328452094,0.539497182008785,0.213329523669729,11.550055590536
4.65515873015873,0.476727879019398,0.539471857234591,0.213227502242934,11.5503469466362
4.65525793650794,0.476687434147014,0.539446526380466,0.213125529444054,11.5506382700217
4.65535714285714,0.476646993833943,0.539421189450517,0.213023605251033,11.5509295606996
4.65545634920635,0.476606558079184,0.539395846448849,0.212921729641823,11.551220818677
4.65555555555556,0.476566126881739,0.539370497379565,0.212819902594383,11.5515120439608
4.65565476190476,0.476525700240608,0.539345142246768,0.21271812408668,11.551803236558
4.65575396825397,0.476485278154795,0.539319781054558,0.212616394096687,11.5520943964756
4.65585317460318,0.476444860623299,0.539294413807034,0.212514712602383,11.5523855237206
4.65595238095238,0.476404447645125,0.539269040508295,0.212413079581758,11.5526766183
4.65605158730159,0.476364039219275,0.539243661162436,0.212311495012805,11.5529676802208
4.65615079365079,0.476323635344753,0.539218275773554,0.212209958873526,11.5532587094899
4.65625,0.476283236020563,0.53919288434574,0.212108471141929,11.5535497061144
4.65634920634921,0.476242841245708,0.539167486883088,0.212007031796031,11.5538406701012
4.65644841269841,0.476202451019194,0.539142083389687,0.211905640813853,11.5541316014573
4.65654761904762,0.476162065340025,0.539116673869627,0.211804298173427,11.5544225001896
4.65664682539683,0.476121684207207,0.539091258326996,0.211703003852788,11.5547133663052
4.65674603174603,0.476081307619747,0.53906583676588,0.211601757829981,11.5550041998111
4.65684523809524,0.47604093557665,0.539040409190363,0.211500560083058,11.5552950007141
4.65694444444444,0.476000568076923,0.539014975604529,0.211399410590076,11.5555857690213
4.65704365079365,0.475960205119575,0.53898953601246,0.2112983093291,11.5558765047397
4.65714285714286,0.475919846703611,0.538964090418236,0.211197256278204,11.5561672078761
4.65724206349206,0.475879492828041,0.538938638825936,0.211096251415466,11.5564578784377
4.65734126984127,0.475839143491873,0.538913181239638,0.210995294718972,11.5567485164312
4.65744047619048,0.475798798694116,0.538887717663418,0.210894386166817,11.5570391218638
4.65753968253968,0.475758458433779,0.53886224810135,0.210793525737101,11.5573296947422
4.65763888888889,0.475718122709873,0.538836772557507,0.210692713407933,11.5576202350736
4.65773809523809,0.475677791521407,0.538811291035962,0.210591949157425,11.5579107428649
4.6578373015873,0.475637464867392,0.538785803540784,0.210491232963702,11.558201218123
4.65793650793651,0.47559714274684,0.538760310076043,0.21039056480489,11.5584916608548
4.65803571428571,0.475556825158761,0.538734810645805,0.210289944659128,11.5587820710674
4.65813492063492,0.475516512102167,0.538709305254137,0.210189372504556,11.5590724487676
4.65823412698413,0.475476203576072,0.538683793905103,0.210088848319326,11.5593627939624
4.65833333333333,0.475435899579488,0.538658276602766,0.209988372081596,11.5596531066587
4.65843253968254,0.475395600111428,0.538632753351188,0.209887943769529,11.5599433868636
4.65853174603175,0.475355305170906,0.538607224154429,0.209787563361297,11.5602336345839
4.65863095238095,0.475315014756936,0.538581689016546,0.209687230835078,11.5605238498265
4.65873015873016,0.475274728868532,0.538556147941599,0.209586946169058,11.5608140325984
4.65882936507937,0.47523444750471,0.538530600933642,0.209486709341428,11.5611041829066
4.65892857142857,0.475194170664484,0.538505047996729,0.209386520330391,11.561394300758
4.65902777777778,0.475153898346871,0.538479489134915,0.209286379114151,11.5616843861594
4.65912698412698,0.475113630550886,0.538453924352249,0.209186285670923,11.5619744391179
4.65922619047619,0.475073367275547,0.538428353652782,0.209086239978928,11.5622644596403
4.6593253968254,0.475033108519871,0.538402777040562,0.208986242016393,11.5625544477336
4.6594246031746,0.474992854282874,0.538377194519637,0.208886291761554,11.5628444034047
4.65952380952381,0.474952604563576,0.538351606094052,0.208786389192653,11.5631343266605
4.65962301587302,0.474912359360993,0.538326011767851,0.208686534287939,11.5634242175079
4.65972222222222,0.474872118674146,0.538300411545078,0.208586727025669,11.5637140759539
4.65982142857143,0.474831882502053,0.538274805429772,0.208486967384105,11.5640039020054
4.65992063492063,0.474791650843734,0.538249193425975,0.208387255341519,11.5642936956692
4.66001984126984,0.474751423698209,0.538223575537723,0.208287590876188,11.5645834569524
4.66011904761905,0.474711201064498,0.538197951769055,0.208187973966396,11.5648731858617
4.66021825396825,0.474670982941623,0.538172322124006,0.208088404590435,11.5651628824041
4.66031746031746,0.474630769328604,0.538146686606609,0.207988882726604,11.5654525465866
4.66041666666667,0.474590560224464,0.538121045220898,0.207889408353208,11.565742178416
4.66051587301587,0.474550355628225,0.538095397970902,0.207789981448562,11.5660317778991
4.66061507936508,0.474510155538909,0.538069744860653,0.207690601990984,11.566321345043
4.66071428571429,0.474469959955539,0.538044085894178,0.207591269958801,11.5666108798545
4.66081349206349,0.474429768877139,0.538018421075504,0.207491985330349,11.5669003823406
4.6609126984127,0.474389582302733,0.537992750408656,0.207392748083967,11.567189852508
4.6610119047619,0.474349400231345,0.537967073897659,0.207293558198005,11.5674792903637
4.66111111111111,0.474309222662,0.537941391546533,0.207194415650817,11.5677686959146
4.66121031746032,0.474269049593723,0.537915703359301,0.207095320420766,11.5680580691675
4.66130952380952,0.474228881025539,0.537890009339982,0.206996272486222,11.5683474101295
4.66140873015873,0.474188716956475,0.537864309492594,0.206897271825561,11.5686367188072
4.66150793650794,0.474148557385558,0.537838603821153,0.206798318417167,11.5689259952077
4.66160714285714,0.474108402311813,0.537812892329675,0.20669941223943,11.5692152393378
4.66170634920635,0.474068251734269,0.537787175022173,0.206600553270749,11.5695044512044
4.66180555555556,0.474028105651952,0.53776145190266,0.206501741489528,11.5697936308143
4.66190476190476,0.473987964063893,0.537735722975146,0.206402976874179,11.5700827781745
4.66200396825397,0.473947826969118,0.537709988243641,0.206304259403121,11.5703718932917
4.66210317460317,0.473907694366656,0.537684247712152,0.206205589054781,11.570660976173
4.66220238095238,0.473867566255539,0.537658501384687,0.206106965807591,11.570950026825
4.66230158730159,0.473827442634794,0.537632749265249,0.206008389639992,11.5712390452548
4.66240079365079,0.473787323503453,0.537606991357843,0.205909860530432,11.5715280314692
4.6625,0.473747208860546,0.537581227666471,0.205811378457363,11.571816985475
4.66259920634921,0.473707098705105,0.537555458195132,0.205712943399248,11.5721059072792
4.66269841269841,0.47366699303616,0.537529682947827,0.205614555334557,11.5723947968884
4.66279761904762,0.473626891852745,0.537503901928554,0.205516214241763,11.5726836543097
4.66289682539683,0.473586795153891,0.537478115141307,0.20541792009935,11.5729724795499
4.66299603174603,0.473546702938631,0.537452322590083,0.205319672885808,11.5732612726158
4.66309523809524,0.473506615206,0.537426524278875,0.205221472579634,11.5735500335142
4.66319444444444,0.473466531955029,0.537400720211674,0.205123319159331,11.5738387622521
4.66329365079365,0.473426453184753,0.537374910392471,0.20502521260341,11.5741274588363
4.66339285714286,0.473386378894208,0.537349094825255,0.20492715289039,11.5744161232736
4.66349206349206,0.473346309082428,0.537323273514014,0.204829139998796,11.5747047555709
4.66359126984127,0.473306243748449,0.537297446462734,0.20473117390716,11.5749933557349
4.66369047619048,0.473266182891305,0.537271613675399,0.204633254594022,11.5752819237727
4.66378968253968,0.473226126510035,0.537245775155992,0.204535382037926,11.5755704596909
4.66388888888889,0.473186074603673,0.537219930908496,0.204437556217429,11.5758589634964
4.66398809523809,0.473146027171258,0.537194080936891,0.204339777111088,11.5761474351961
4.6640873015873,0.473105984211827,0.537168225245156,0.204242044697473,11.5764358747967
4.66418650793651,0.473065945724418,0.537142363837267,0.204144358955158,11.5767242823052
4.66428571428571,0.47302591170807,0.537116496717201,0.204046719862724,11.5770126577284
4.66438492063492,0.47298588216182,0.537090623888933,0.203949127398762,11.577301001073
4.66448412698413,0.472945857084709,0.537064745356436,0.203851581541866,11.5775893123459
4.66458333333333,0.472905836475777,0.537038861123681,0.203754082270639,11.577877591554
4.66468253968254,0.472865820334063,0.537012971194638,0.203656629563692,11.5781658387039
4.66478174603175,0.472825808658607,0.536987075573276,0.203559223399641,11.5784540538027
4.66488095238095,0.472785801448451,0.536961174263562,0.203461863757111,11.578742236857
4.66498015873016,0.472745798702637,0.536935267269463,0.203364550614734,11.5790303878738
4.66507936507937,0.472705800420205,0.536909354594942,0.203267283951147,11.5793185068597
4.66517857142857,0.472665806600199,0.536883436243963,0.203170063744996,11.5796065938217
4.66527777777778,0.472625817241661,0.536857512220486,0.203072889974934,11.5798946487664
4.66537698412698,0.472585832343634,0.536831582528473,0.202975762619619,11.5801826717009
4.66547619047619,0.472545851905162,0.53680564717188,0.20287868165772,11.5804706626318
4.6655753968254,0.472505875925288,0.536779706154667,0.202781647067908,11.5807586215659
4.6656746031746,0.472465904403057,0.536753759480787,0.202684658828866,11.5810465485101
4.66577380952381,0.472425937337514,0.536727807154196,0.202587716919282,11.5813344434711
4.66587301587302,0.472385974727704,0.536701849178847,0.202490821317849,11.5816223064558
4.66597222222222,0.472346016572673,0.536675885558689,0.202393972003271,11.5819101374709
4.66607142857143,0.472306062871466,0.536649916297674,0.202297168954256,11.5821979365233
4.66617063492063,0.472266113623131,0.53662394139975,0.202200412149521,11.5824857036197
4.66626984126984,0.472226168826714,0.536597960868864,0.202103701567787,11.5827734387669
4.66636904761905,0.472186228481263,0.53657197470896,0.202007037187788,11.5830611419717
4.66646825396825,0.472146292585825,0.536545982923984,0.201910418988259,11.5833488132409
4.66656746031746,0.472106361139449,0.536519985517878,0.201813846947945,11.5836364525814
4.66666666666667,0.472066434141183,0.536493982494583,0.201717321045598,11.5839240599997
4.66676587301587,0.472026511590076,0.536467973858039,0.201620841259975,11.5842116355029
4.66686507936508,0.471986593485178,0.536441959612184,0.201524407569844,11.5844991790975
4.66696428571429,0.47194667982554,0.536415939760954,0.201428019953977,11.5847866907905
4.66706349206349,0.47190677061021,0.536389914308285,0.201331678391152,11.5850741705885
4.6671626984127,0.47186686583824,0.536363883258112,0.201235382860159,11.5853616184984
4.66726190476191,0.471826965508681,0.536337846614366,0.20113913333979,11.585649034527
4.66736111111111,0.471787069620586,0.536311804380978,0.201042929808846,11.5859364186809
4.66746031746032,0.471747178173005,0.536285756561878,0.200946772246137,11.5862237709669
4.66755952380952,0.471707291164991,0.536259703160995,0.200850660630477,11.5865110913919
4.66765873015873,0.471667408595598,0.536233644182254,0.200754594940688,11.5867983799626
4.66775793650794,0.471627530463878,0.536207579629581,0.200658575155599,11.5870856366858
4.66785714285714,0.471587656768886,0.5361815095069,0.200562601254048,11.5873728615681
4.66795634920635,0.471547787509676,0.536155433818133,0.200466673214878,11.5876600546165
4.66805555555556,0.471507922685302,0.5361293525672,0.200370791016939,11.5879472158375
4.66815476190476,0.471468062294819,0.536103265758022,0.200274954639089,11.5882343452381
4.66825396825397,0.471428206337283,0.536077173394516,0.200179164060193,11.5885214428249
4.66835317460317,0.471388354811749,0.536051075480598,0.200083419259123,11.5888085086046
4.66845238095238,0.471348507717275,0.536024972020185,0.199987720214757,11.5890955425841
4.66855158730159,0.471308665052916,0.535998863017188,0.199892066905982,11.5893825447701
4.66865079365079,0.47126882681773,0.535972748475521,0.19979645931169,11.5896695151693
4.66875,0.471228993010775,0.535946628399093,0.199700897410783,11.5899564537885
4.66884920634921,0.471189163631109,0.535920502791816,0.199605381182166,11.5902433606344
4.66894841269841,0.47114933867779,0.535894371657595,0.199509910604755,11.5905302357137
4.66904761904762,0.471109518149876,0.535868235000337,0.199414485657471,11.5908170790332
4.66914682539683,0.471069702046428,0.535842092823948,0.199319106319242,11.5911038905996
4.66924603174603,0.471029890366505,0.535815945132331,0.199223772569002,11.5913906704197
4.66934523809524,0.470990083109167,0.535789791929387,0.199128484385697,11.5916774185002
4.66944444444444,0.470950280273475,0.535763633219018,0.199033241748275,11.5919641348478
4.66954365079365,0.47091048185849,0.535737469005122,0.198938044635692,11.5922508194693
4.66964285714286,0.470870687863274,0.535711299291597,0.198842893026913,11.5925374723713
4.66974206349206,0.470830898286887,0.535685124082339,0.198747786900908,11.5928240935606
4.66984126984127,0.470791113128393,0.535658943381243,0.198652726236655,11.5931106830439
4.66994047619048,0.470751332386854,0.535632757192201,0.19855771101314,11.5933972408279
4.67003968253968,0.470711556061333,0.535606565519107,0.198462741209354,11.5936837669194
4.67013888888889,0.470671784150895,0.535580368365851,0.198367816804297,11.5939702613251
4.6702380952381,0.470632016654603,0.53555416573632,0.198272937776975,11.5942567240516
4.6703373015873,0.470592253571521,0.535527957634403,0.198178104106402,11.5945431551058
4.67043650793651,0.470552494900714,0.535501744063986,0.198083315771597,11.5948295544942
4.67053571428571,0.470512740641248,0.535475525028954,0.197988572751589,11.5951159222237
4.67063492063492,0.470472990792188,0.535449300533188,0.197893875025411,11.5954022583009
4.67073412698413,0.4704332453526,0.535423070580572,0.197799222572105,11.5956885627325
4.67083333333333,0.470393504321552,0.535396835174985,0.197704615370721,11.5959748355253
4.67093253968254,0.47035376769811,0.535370594320307,0.197610053400314,11.5962610766858
4.67103174603175,0.470314035481341,0.535344348020413,0.197515536639947,11.5965472862209
4.67113095238095,0.470274307670314,0.535318096279181,0.19742106506869,11.5968334641373
4.67123015873016,0.470234584264096,0.535291839100485,0.197326638665619,11.5971196104415
4.67132936507937,0.470194865261756,0.535265576488198,0.19723225740982,11.5974057251404
4.67142857142857,0.470155150662364,0.53523930844619,0.197137921280382,11.5976918082406
4.67152777777778,0.470115440464989,0.535213034978333,0.197043630256405,11.5979778597487
4.67162698412698,0.470075734668701,0.535186756088495,0.196949384316993,11.5982638796716
4.67172619047619,0.47003603327257,0.535160471780542,0.19685518344126,11.5985498680158
4.6718253968254,0.469996336275668,0.535134182058342,0.196761027608324,11.5988358247881
4.6719246031746,0.469956643677065,0.535107886925757,0.196666916797313,11.5991217499951
4.67202380952381,0.469916955475834,0.535081586386652,0.196572850987359,11.5994076436435
4.67212301587302,0.469877271671045,0.535055280444886,0.196478830157603,11.59969350574
4.67222222222222,0.469837592261773,0.53502896910432,0.196384854287194,11.5999793362913
4.67232142857143,0.469797917247089,0.535002652368814,0.196290923355285,11.600265135304
4.67242063492063,0.469758246626068,0.534976330242222,0.19619703734104,11.6005509027849
4.67251984126984,0.469718580397783,0.534950002728402,0.196103196223627,11.6008366387405
4.67261904761905,0.469678918561308,0.534923669831207,0.196009399982222,11.6011223431776
4.67271825396825,0.469639261115718,0.53489733155449,0.195915648596008,11.6014080161028
4.67281746031746,0.469599608060089,0.534870987902102,0.195821942044175,11.6016936575228
4.67291666666667,0.469559959393495,0.534844638877893,0.195728280305921,11.6019792674442
4.67301587301587,0.469520315115012,0.53481828448571,0.19563466336045,11.6022648458738
4.67311507936508,0.469480675223718,0.534791924729402,0.195541091186974,11.6025503928181
4.67321428571429,0.469441039718689,0.534765559612814,0.19544756376471,11.6028359082838
4.67331349206349,0.469401408599001,0.534739189139788,0.195354081072886,11.6031213922777
4.6734126984127,0.469361781863734,0.534712813314169,0.195260643090733,11.6034068448062
4.6735119047619,0.469322159511964,0.534686432139796,0.195167249797491,11.6036922658762
4.67361111111111,0.469282541542771,0.53466004562051,0.195073901172407,11.6039776554941
4.67371031746032,0.469242927955232,0.534633653760148,0.194980597194734,11.6042630136668
4.67380952380952,0.469203318748429,0.534607256562548,0.194887337843734,11.6045483404008
4.67390873015873,0.46916371392144,0.534580854031545,0.194794123098676,11.6048336357027
4.67400793650794,0.469124113473346,0.534554446170971,0.194700952938833,11.6051188995793
4.67410714285714,0.469084517403227,0.534528032984661,0.194607827343489,11.6054041320371
4.67420634920635,0.469044925710165,0.534501614476444,0.194514746291932,11.6056893330828
4.67430555555556,0.469005338393241,0.53447519065015,0.194421709763459,11.6059745027231
4.67440476190476,0.468965755451537,0.534448761509608,0.194328717737373,11.6062596409645
4.67450396825397,0.468926176884134,0.534422327058642,0.194235770192984,11.6065447478137
4.67460317460317,0.468886602690117,0.53439588730108,0.194142867109611,11.6068298232773
4.67470238095238,0.468847032868568,0.534369442240744,0.194050008466578,11.607114867362
4.67480158730159,0.468807467418571,0.534342991881456,0.193957194243217,11.6073998800743
4.67490079365079,0.468767906339211,0.534316536227038,0.193864424418867,11.607684861421
4.675,0.46872834962957,0.534290075281308,0.193771698972872,11.6079698114086
4.67509920634921,0.468688797288735,0.534263609048085,0.193679017884588,11.6082547300437
4.67519841269841,0.468649249315791,0.534237137531184,0.193586381133371,11.608539617333
4.67529761904762,0.468609705709823,0.534210660734422,0.193493788698592,11.6088244732831
4.67539682539683,0.468570166469918,0.53418417866161,0.193401240559624,11.6091092979005
4.67549603174603,0.468530631595163,0.534157691316562,0.193308736695847,11.609394091192
4.67559523809524,0.468491101084644,0.534131198703087,0.193216277086651,11.6096788531641
4.67569444444444,0.468451574937448,0.534104700824995,0.193123861711431,11.6099635838235
4.67579365079365,0.468412053152665,0.534078197686094,0.193031490549588,11.6102482831767
4.67589285714286,0.468372535729382,0.53405168929019,0.192939163580533,11.6105329512303
4.67599206349206,0.468333022666687,0.534025175641088,0.192846880783682,11.610817587991
4.67609126984127,0.468293513963671,0.53399865674259,0.19275464213846,11.6111021934653
4.67619047619048,0.468254009619422,0.5339721325985,0.192662447624296,11.6113867676599
4.67628968253968,0.468214509633031,0.533945603212616,0.192570297220629,11.6116713105813
4.67638888888889,0.468175014003589,0.533919068588739,0.192478190906903,11.6119558222362
4.67648809523809,0.468135522730185,0.533892528730666,0.192386128662572,11.6122403026311
4.6765873015873,0.468096035811913,0.533865983642193,0.192294110467092,11.6125247517727
4.67668650793651,0.468056553247861,0.533839433327114,0.192202136299931,11.6128091696674
4.67678571428571,0.468017075037125,0.533812877789223,0.192110206140563,11.613093556322
4.67688492063492,0.467977601178796,0.533786317032311,0.192018319968467,11.613377911743
4.67698412698413,0.467938131671966,0.533759751060169,0.191926477763131,11.6136622359369
4.67708333333333,0.46789866651573,0.533733179876585,0.191834679504048,11.6139465289105
4.67718253968254,0.467859205709182,0.533706603485348,0.191742925170722,11.6142307906701
4.67728174603175,0.467819749251415,0.533680021890242,0.19165121474266,11.6145150212225
4.67738095238095,0.467780297141524,0.533653435095052,0.191559548199378,11.6147992205742
4.67748015873016,0.467740849378605,0.533626843103562,0.191467925520398,11.6150833887317
4.67757936507937,0.467701405961753,0.533600245919552,0.191376346685251,11.6153675257017
4.67767857142857,0.467661966890065,0.533573643546804,0.191284811673474,11.6156516314908
4.67777777777778,0.467622532162636,0.533547035989095,0.191193320464611,11.6159357061054
4.67787698412698,0.467583101778563,0.533520423250203,0.191101873038212,11.6162197495522
4.67797619047619,0.467543675736944,0.533493805333904,0.191010469373835,11.6165037618377
4.6780753968254,0.467504254036877,0.533467182243971,0.190919109451047,11.6167877429684
4.6781746031746,0.467464836677459,0.533440553984179,0.190827793249418,11.6170716929511
4.67827380952381,0.46742542365779,0.533413920558297,0.190736520748529,11.6173556117921
4.67837301587302,0.467386014976968,0.533387281970097,0.190645291927966,11.6176394994981
4.67847222222222,0.467346610634092,0.533360638223347,0.190554106767323,11.6179233560756
4.67857142857143,0.467307210628263,0.533333989321813,0.190462965246199,11.6182071815312
4.67867063492063,0.467267814958581,0.533307335269262,0.190371867344204,11.6184909758714
4.67876984126984,0.467228423624147,0.533280676069457,0.190280813040951,11.6187747391028
4.67886904761905,0.467189036624061,0.533254011726161,0.190189802316062,11.619058471232
4.67896825396825,0.467149653957425,0.533227342243136,0.190098835149165,11.6193421722654
4.67906746031746,0.467110275623341,0.533200667624142,0.190007911519899,11.6196258422096
4.67916666666667,0.467070901620912,0.533173987872936,0.189917031407904,11.6199094810712
4.67926587301587,0.467031531949241,0.533147302993275,0.189826194792832,11.6201930888566
4.67936507936508,0.46699216660743,0.533120612988916,0.189735401654339,11.6204766655725
4.67946428571429,0.466952805594584,0.533093917863612,0.18964465197209,11.6207602112254
4.67956349206349,0.466913448909806,0.533067217621115,0.189553945725756,11.6210437258218
4.6796626984127,0.466874096552201,0.533040512265177,0.189463282895015,11.6213272093683
4.67976190476191,0.466834748520875,0.533013801799547,0.189372663459553,11.6216106618713
4.67986111111111,0.466795404814932,0.532987086227974,0.189282087399063,11.6218940833374
4.67996031746032,0.466756065433478,0.532960365554204,0.189191554693244,11.6221774737732
4.68005952380952,0.46671673037562,0.532933639781983,0.189101065321803,11.6224608331851
4.68015873015873,0.466677399640464,0.532906908915054,0.189010619264453,11.6227441615797
4.68025793650794,0.466638073227118,0.532880172957161,0.188920216500916,11.6230274589635
4.68035714285714,0.466598751134688,0.532853431912043,0.188829857010919,11.623310725343
4.68045634920635,0.466559433362283,0.53282668578344,0.188739540774197,11.6235939607247
4.68055555555556,0.466520119909012,0.53279993457509,0.188649267770493,11.6238771651153
4.68065476190476,0.466480810773982,0.532773178290731,0.188559037979556,11.624160338521
4.68075396825397,0.466441505956305,0.532746416934097,0.188468851381142,11.6244434809486
4.68085317460317,0.466402205455088,0.532719650508921,0.188378707955014,11.6247265924045
4.68095238095238,0.466362909269442,0.532692879018937,0.188288607680943,11.6250096728951
4.68105158730159,0.466323617398477,0.532666102467875,0.188198550538705,11.6252927224271
4.68115079365079,0.466284329841306,0.532639320859463,0.188108536508086,11.6255757410069
4.68125,0.466245046597038,0.532612534197431,0.188018565568878,11.6258587286409
4.68134920634921,0.466205767664786,0.532585742485504,0.187928637700878,11.6261416853359
4.68144841269841,0.466166493043662,0.532558945727408,0.187838752883893,11.6264246110981
4.68154761904762,0.466127222732779,0.532532143926866,0.187748911097736,11.6267075059341
4.68164682539683,0.466087956731249,0.5325053370876,0.187659112322226,11.6269903698504
4.68174603174603,0.466048695038187,0.53247852521333,0.187569356537191,11.6272732028536
4.68184523809524,0.466009437652706,0.532451708307777,0.187479643722463,11.62755600495
4.68194444444444,0.46597018457392,0.532424886374657,0.187389973857886,11.6278387761462
4.68204365079365,0.465930935800945,0.532398059417688,0.187300346923306,11.6281215164486
4.68214285714286,0.465891691332895,0.532371227440583,0.18721076289858,11.6284042258639
4.68224206349206,0.465852451168887,0.532344390447056,0.187121221763569,11.6286869043983
4.68234126984127,0.465813215308035,0.53231754844082,0.187031723498143,11.6289695520585
4.68244047619048,0.465773983749458,0.532290701425584,0.186942268082178,11.6292521688508
4.68253968253968,0.465734756492271,0.532263849405058,0.186852855495559,11.6295347547819
4.68263888888889,0.465695533535592,0.532236992382949,0.186763485718174,11.6298173098581
4.6827380952381,0.46565631487854,0.532210130362963,0.186674158729924,11.6300998340859
4.6828373015873,0.465617100520231,0.532183263348806,0.186584874510712,11.6303823274718
4.68293650793651,0.465577890459785,0.53215639134418,0.18649563304045,11.6306647900223
4.68303571428571,0.46553868469632,0.532129514352787,0.186406434299057,11.6309472217438
4.68313492063492,0.465499483228957,0.532102632378327,0.186317278266459,11.6312296226428
4.68323412698413,0.465460286056815,0.5320757454245,0.18622816492259,11.6315119927257
4.68333333333333,0.465421093179015,0.532048853495002,0.186139094247388,11.6317943319991
4.68343253968254,0.465381904594676,0.53202195659353,0.186050066220803,11.6320766404694
4.68353174603175,0.465342720302921,0.531995054723778,0.185961080822787,11.6323589181431
4.68363095238095,0.465303540302871,0.531968147889439,0.185872138033304,11.6326411650265
4.68373015873016,0.465264364593648,0.531941236094206,0.18578323783232,11.6329233811262
4.68382936507937,0.465225193174375,0.531914319341767,0.185694380199812,11.6332055664486
4.68392857142857,0.465186026044174,0.531887397635812,0.185605565115762,11.6334877210002
4.68402777777778,0.465146863202169,0.531860470980029,0.185516792560159,11.6337698447873
4.68412698412698,0.465107704647484,0.531833539378102,0.185428062513001,11.6340519378166
4.68422619047619,0.465068550379242,0.531806602833716,0.185339374954292,11.6343340000943
4.6843253968254,0.465029400396568,0.531779661350555,0.185250729864043,11.634616031627
4.6844246031746,0.464990254698588,0.531752714932299,0.185162127222271,11.6348980324211
4.68452380952381,0.464951113284427,0.531725763582629,0.185073567009002,11.635180002483
4.68462301587302,0.464911976153211,0.531698807305224,0.184985049204267,11.6354619418192
4.68472222222222,0.464872843304065,0.531671846103759,0.184896573788107,11.6357438504361
4.68482142857143,0.464833714736117,0.531644879981912,0.184808140740567,11.6360257283401
4.68492063492064,0.464794590448494,0.531617908943355,0.1847197500417,11.6363075755377
4.68501984126984,0.464755470440324,0.531590932991763,0.184631401671568,11.6365893920352
4.68511904761905,0.464716354710734,0.531563952130807,0.184543095610237,11.6368711778393
4.68521825396825,0.464677243258853,0.531536966364155,0.184454831837783,11.6371529329561
4.68531746031746,0.46463813608381,0.531509975695477,0.184366610334287,11.6374346573922
4.68541666666667,0.464599033184734,0.531482980128439,0.184278431079838,11.6377163511541
4.68551587301587,0.464559934560755,0.531455979666708,0.184190294054531,11.637998014248
4.68561507936508,0.464520840211003,0.531428974313946,0.18410219923847,11.6382796466805
4.68571428571429,0.464481750134608,0.531401964073818,0.184014146611764,11.638561248458
4.68581349206349,0.464442664330703,0.531374948949983,0.183926136154532,11.6388428195868
4.6859126984127,0.464403582798417,0.531347928946102,0.183838167846896,11.6391243600734
4.68601190476191,0.464364505536883,0.531320904065833,0.183750241668988,11.6394058699242
4.68611111111111,0.464325432545233,0.531293874312832,0.183662357600946,11.6396873491456
4.68621031746032,0.464286363822601,0.531266839690756,0.183574515622916,11.639968797744
4.68630952380952,0.464247299368118,0.531239800203257,0.183486715715051,11.6402502157259
4.68640873015873,0.464208239180919,0.531212755853989,0.183398957857508,11.6405316030975
4.68650793650794,0.464169183260137,0.531185706646602,0.183311242030456,11.6408129598654
4.68660714285714,0.464130131604908,0.531158652584746,0.183223568214068,11.6410942860359
4.68670634920635,0.464091084214365,0.531131593672069,0.183135936388525,11.6413755816154
4.68680555555556,0.464052041087644,0.531104529912218,0.183048346534014,11.6416568466103
4.68690476190476,0.464013002223882,0.531077461308838,0.182960798630731,11.641938081027
4.68700396825397,0.463973967622213,0.531050387865572,0.182873292658877,11.642219284872
4.68710317460318,0.463934937281775,0.531023309586063,0.18278582859866,11.6425004581515
4.68720238095238,0.463895911201704,0.530996226473952,0.182698406430299,11.642781600872
4.68730158730159,0.463856889381138,0.530969138532879,0.182611026134016,11.6430627130398
4.68740079365079,0.463817871819215,0.53094204576648,0.18252368769004,11.6433437946614
4.6875,0.463778858515073,0.530914948178393,0.18243639107861,11.6436248457432
4.68759920634921,0.463739849467851,0.530887845772253,0.18234913627997,11.6439058662914
4.68769841269841,0.463700844676688,0.530860738551693,0.182261923274371,11.6441868563126
4.68779761904762,0.463661844140723,0.530833626520345,0.182174752042072,11.644467815813
4.68789682539683,0.463622847859095,0.530806509681841,0.182087622563337,11.644748744799
4.68799603174603,0.463583855830947,0.530779388039808,0.182000534818442,11.6450296432771
4.68809523809524,0.463544868055419,0.530752261597876,0.181913488787664,11.6453105112535
4.68819444444444,0.463505884531651,0.530725130359671,0.181826484451292,11.6455913487347
4.68829365079365,0.463466905258785,0.530697994328817,0.181739521789618,11.645872155727
4.68839285714286,0.463427930235965,0.530670853508937,0.181652600782944,11.6461529322368
4.68849206349206,0.463388959462331,0.530643707903655,0.181565721411578,11.6464336782705
4.68859126984127,0.463349992937027,0.53061655751659,0.181478883655834,11.6467143938344
4.68869047619048,0.463311030659196,0.530589402351361,0.181392087496037,11.6469950789348
4.68878968253968,0.463272072627983,0.530562242411586,0.181305332912514,11.6472757335782
4.68888888888889,0.463233118842532,0.530535077700882,0.181218619885602,11.6475563577708
4.68898809523809,0.463194169301986,0.530507908222862,0.181131948395645,11.6478369515191
4.6890873015873,0.463155224005492,0.530480733981141,0.181045318422993,11.6481175148294
4.68918650793651,0.463116282952194,0.53045355497933,0.180958729948003,11.648398047708
4.68928571428571,0.463077346141239,0.530426371221039,0.180872182951041,11.6486785501613
4.68938492063492,0.463038413571773,0.530399182709878,0.180785677412478,11.6489590221957
4.68948412698413,0.462999485242942,0.530371989449454,0.180699213312693,11.6492394638174
4.68958333333333,0.462960561153895,0.530344791443373,0.180612790632073,11.6495198750328
4.68968253968254,0.462921641303779,0.530317588695239,0.180526409351009,11.6498002558483
4.68978174603175,0.462882725691741,0.530290381208655,0.180440069449902,11.6500806062702
4.68988095238095,0.46284381431693,0.530263168987225,0.18035377090916,11.6503609263048
4.68998015873016,0.462804907178496,0.530235952034546,0.180267513709196,11.6506412159585
4.69007936507937,0.462766004275587,0.530208730354219,0.180181297830431,11.6509214752377
4.69017857142857,0.462727105607354,0.530181503949841,0.180095123253295,11.6512017041485
4.69027777777778,0.462688211172946,0.530154272825007,0.180008989958223,11.6514819026974
4.69037698412698,0.462649320971514,0.530127036983312,0.179922897925656,11.6517620708907
4.69047619047619,0.462610435002209,0.530099796428349,0.179836847136046,11.6520422087347
4.6905753968254,0.462571553264184,0.53007255116371,0.179750837569847,11.6523223162358
4.6906746031746,0.462532675756588,0.530045301192984,0.179664869207525,11.6526023934002
4.69077380952381,0.462493802478576,0.53001804651976,0.17957894202955,11.6528824402343
4.69087301587302,0.462454933429299,0.529990787147625,0.179493056016399,11.6531624567444
4.69097222222222,0.462416068607912,0.529963523080166,0.179407211148558,11.6534424429368
4.69107142857143,0.462377208013567,0.529936254320966,0.17932140740652,11.6537223988178
4.69117063492063,0.462338351645418,0.529908980873608,0.179235644770782,11.6540023243938
4.69126984126984,0.462299499502621,0.529881702741673,0.179149923221852,11.654282219671
4.69136904761905,0.462260651584329,0.529854419928742,0.179064242740242,11.6545620846558
4.69146825396825,0.462221807889699,0.529827132438393,0.178978603306473,11.6548419193544
4.69156746031746,0.462182968417886,0.529799840274202,0.178893004901071,11.6551217237732
4.69166666666667,0.462144133168046,0.529772543439747,0.178807447504573,11.6554014979185
4.69176587301587,0.462105302139336,0.529745241938599,0.17872193109752,11.6556812417965
4.69186507936508,0.462066475330913,0.529717935774333,0.178636455660459,11.6559609554136
4.69196428571429,0.462027652741935,0.52969062495052,0.178551021173947,11.6562406387761
4.69206349206349,0.461988834371558,0.529663309470728,0.178465627618547,11.6565202918902
4.6921626984127,0.461950020218942,0.529635989338527,0.178380274974828,11.6567999147623
4.6922619047619,0.461911210283245,0.529608664557484,0.178294963223368,11.6570795073986
4.69236111111111,0.461872404563627,0.529581335131163,0.178209692344749,11.6573590698055
4.69246031746032,0.461833603059247,0.529554001063129,0.178124462319565,11.6576386019892
4.69255952380952,0.461794805769265,0.529526662356944,0.178039273128412,11.657918103956
4.69265873015873,0.461756012692841,0.52949931901617,0.177954124751896,11.6581975757121
4.69275793650794,0.461717223829137,0.529471971044366,0.177869017170629,11.658477017264
4.69285714285714,0.461678439177313,0.529444618445089,0.177783950365231,11.6587564286177
4.69295634920635,0.461639658736532,0.529417261221898,0.177698924316328,11.6590358097798
4.69305555555556,0.461600882505956,0.529389899378346,0.177613939004554,11.6593151607563
4.69315476190476,0.461562110484746,0.529362532917988,0.177528994410549,11.6595944815536
4.69325396825397,0.461523342672067,0.529335161844377,0.177444090514962,11.6598737721779
4.69335317460317,0.461484579067082,0.529307786161063,0.177359227298446,11.6601530326355
4.69345238095238,0.461445819668954,0.529280405871595,0.177274404741664,11.6604322629328
4.69355158730159,0.461407064476847,0.529253020979522,0.177189622825284,11.6607114630759
4.69365079365079,0.461368313489928,0.52922563148839,0.177104881529984,11.660990633071
4.69375,0.461329566707359,0.529198237401744,0.177020180836444,11.6612697729246
4.69384920634921,0.461290824128308,0.529170838723128,0.176935520725357,11.6615488826428
4.69394841269841,0.46125208575194,0.529143435456084,0.176850901177419,11.6618279622319
4.69404761904762,0.461213351577422,0.529116027604153,0.176766322173334,11.6621070116982
4.69414682539683,0.46117462160392,0.529088615170873,0.176681783693814,11.6623860310479
4.69424603174603,0.461135895830602,0.529061198159784,0.176597285719577,11.6626650202872
4.69434523809524,0.461097174256636,0.529033776574422,0.17651282823135,11.6629439794224
4.69444444444444,0.461058456881188,0.52900635041832,0.176428411209863,11.6632229084598
4.69454365079365,0.461019743703429,0.528978919695013,0.176344034635857,11.6635018074056
4.69464285714286,0.460981034722527,0.528951484408034,0.17625969849008,11.6637806762661
4.69474206349206,0.460942329937652,0.528924044560911,0.176175402753284,11.6640595150474
4.69484126984127,0.460903629347973,0.528896600157175,0.176091147406231,11.6643383237559
4.69494047619048,0.460864932952661,0.528869151200354,0.176006932429688,11.6646171023977
4.69503968253968,0.460826240750886,0.528841697693973,0.175922757804431,11.6648958509792
4.69513888888889,0.460787552741819,0.528814239641557,0.175838623511241,11.6651745695065
4.69523809523809,0.460748868924632,0.52878677704663,0.175754529530909,11.6654532579859
4.6953373015873,0.460710189298497,0.528759309912713,0.175670475844229,11.6657319164236
4.69543650793651,0.460671513862587,0.528731838243327,0.175586462432007,11.6660105448259
4.69553571428571,0.460632842616073,0.528704362041991,0.175502489275051,11.6662891431989
4.69563492063492,0.46059417555813,0.528676881312223,0.175418556354181,11.6665677115489
4.69573412698413,0.460555512687932,0.528649396057538,0.175334663650219,11.6668462498821
4.69583333333333,0.460516854004651,0.528621906281452,0.175250811143998,11.6671247582048
4.69593253968254,0.460478199507463,0.528594411987476,0.175166998816356,11.6674032365231
4.69603174603175,0.460439549195542,0.528566913179124,0.17508322664814,11.6676816848434
4.69613095238095,0.460400903068065,0.528539409859905,0.174999494620202,11.6679601031717
4.69623015873016,0.460362261124207,0.528511902033329,0.174915802713402,11.6682384915143
4.69632936507937,0.460323623363143,0.528484389702902,0.174832150908608,11.6685168498775
4.69642857142857,0.460284989784052,0.528456872872131,0.174748539186692,11.6687951782674
4.69652777777778,0.460246360386109,0.528429351544519,0.174664967528538,11.6690734766902
4.69662698412698,0.460207735168492,0.528401825723571,0.174581435915032,11.6693517451522
4.69672619047619,0.46016911413038,0.528374295412788,0.17449794432707,11.6696299836596
4.6968253968254,0.460130497270951,0.528346760615668,0.174414492745555,11.6699081922185
4.6969246031746,0.460091884589383,0.528319221335713,0.174331081151395,11.6701863708351
4.69702380952381,0.460053276084855,0.528291677576418,0.174247709525509,11.6704645195158
4.69712301587302,0.460014671756548,0.52826412934128,0.174164377848818,11.6707426382666
4.69722222222222,0.459976071603642,0.528236576633792,0.174081086102255,11.6710207270937
4.69732142857143,0.459937475625316,0.528209019457448,0.173997834266756,11.6712987860034
4.69742063492063,0.459898883820753,0.528181457815739,0.173914622323267,11.6715768150018
4.69751984126984,0.459860296189132,0.528153891712155,0.173831450252739,11.6718548140952
4.69761904761905,0.459821712729636,0.528126321150184,0.173748318036132,11.6721327832896
4.69771825396825,0.459783133441448,0.528098746133314,0.173665225654411,11.6724107225914
4.69781746031746,0.459744558323749,0.528071166665031,0.17358217308855,11.6726886320067
4.69791666666667,0.459705987375724,0.528043582748817,0.17349916031953,11.6729665115416
4.69801587301587,0.459667420596554,0.528015994388157,0.173416187328336,11.6732443612024
4.69811507936508,0.459628857985426,0.527988401586532,0.173333254095965,11.6735221809951
4.69821428571429,0.459590299541521,0.52796080434742,0.173250360603416,11.6737999709261
4.69831349206349,0.459551745264026,0.527933202674301,0.173167506831699,11.6740777310015
4.6984126984127,0.459513195152126,0.527905596570651,0.173084692761829,11.6743554612275
4.69851190476191,0.459474649205006,0.527877986039947,0.17300191837483,11.6746331616101
4.69861111111111,0.459436107421852,0.527850371085661,0.17291918365173,11.6749108321556
4.69871031746032,0.459397569801851,0.527822751711267,0.172836488573567,11.6751884728702
4.69880952380952,0.45935903634419,0.527795127920236,0.172753833121385,11.6754660837601
4.69890873015873,0.459320507048056,0.527767499716037,0.172671217276234,11.6757436648313
4.69900793650794,0.459281981912636,0.527739867102138,0.172588641019172,11.67602121609
4.69910714285714,0.45924346093712,0.527712230082006,0.172506104331265,11.6762987375425
4.69920634920635,0.459204944120695,0.527684588659108,0.172423607193585,11.6765762291948
4.69930555555556,0.45916643146255,0.527656942836905,0.172341149587212,11.6768536910531
4.69940476190476,0.459127922961876,0.527629292618862,0.172258731493231,11.6771311231236
4.69950396825397,0.459089418617862,0.527601638008438,0.172176352892736,11.6774085254124
4.69960317460317,0.459050918429698,0.527573979009094,0.172094013766828,11.6776858979257
4.69970238095238,0.459012422396574,0.527546315624287,0.172011714096614,11.6779632406696
4.69980158730159,0.458973930517683,0.527518647857473,0.171929453863208,11.6782405536503
4.69990079365079,0.458935442792216,0.527490975712109,0.171847233047733,11.6785178368739
4.7,0.458896959219365,0.527463299191648,0.171765051631318,11.6787950903465
4.70009920634921,0.458858479798322,0.527435618299542,0.171682909595098,11.6790723140744
4.70019841269841,0.45882000452828,0.527407933039242,0.171600806920216,11.6793495080635
4.70029761904762,0.458781533408432,0.527380243414197,0.171518743587822,11.6796266723202
4.70039682539683,0.458743066437973,0.527352549427855,0.171436719579074,11.6799038068504
4.70049603174603,0.458704603616096,0.527324851083663,0.171354734875135,11.6801809116604
4.70059523809524,0.458666144941996,0.527297148385065,0.171272789457177,11.6804579867562
4.70069444444444,0.458627690414868,0.527269441335506,0.171190883306378,11.680735032144
4.70079365079365,0.458589240033907,0.527241729938426,0.171109016403924,11.68101204783
4.70089285714286,0.458550793798309,0.527214014197268,0.171027188731007,11.6812890338201
4.70099206349206,0.458512351707271,0.527186294115469,0.170945400268827,11.6815659901207
4.70109126984127,0.45847391375999,0.527158569696469,0.17086365099859,11.6818429167377
4.70119047619048,0.458435479955661,0.527130840943702,0.17078194090151,11.6821198136774
4.70128968253968,0.458397050293483,0.527103107860605,0.170700269958808,11.6823966809458
4.70138888888889,0.458358624772655,0.52707537045061,0.170618638151711,11.682673518549
4.7014880952381,0.458320203392374,0.527047628717149,0.170537045461456,11.6829503264931
4.7015873015873,0.458281786151839,0.527019882663653,0.170455491869283,11.6832271047844
4.70168650793651,0.458243373050249,0.526992132293551,0.170373977356441,11.6835038534288
4.70178571428571,0.458204964086805,0.52696437761027,0.170292501904188,11.6837805724325
4.70188492063492,0.458166559260706,0.526936618617237,0.170211065493786,11.6840572618016
4.70198412698413,0.458128158571153,0.526908855317875,0.170129668106504,11.6843339215421
4.70208333333333,0.458089762017347,0.52688108771561,0.170048309723622,11.6846105516603
4.70218253968254,0.458051369598489,0.526853315813862,0.169966990326424,11.6848871521622
4.70228174603175,0.458012981313781,0.526825539616051,0.1698857098962,11.6851637230538
4.70238095238095,0.457974597162426,0.526797759125597,0.16980446841425,11.6854402643414
4.70248015873016,0.457936217143626,0.526769974345916,0.169723265861879,11.6857167760309
4.70257936507937,0.457897841256584,0.526742185280426,0.1696421022204,11.6859932581285
4.70267857142857,0.457859469500504,0.52671439193254,0.169560977471133,11.6862697106403
4.70277777777778,0.457821101874589,0.526686594305672,0.169479891595404,11.6865461335723
4.70287698412698,0.457782738378045,0.526658792403232,0.169398844574548,11.6868225269307
4.70297619047619,0.457744379010075,0.526630986228632,0.169317836389906,11.6870988907215
4.7030753968254,0.457706023769886,0.526603175785281,0.169236867022826,11.6873752249508
4.7031746031746,0.457667672656683,0.526575361076584,0.169155936454663,11.6876515296247
4.70327380952381,0.457629325669672,0.526547542105949,0.16907504466678,11.6879278047492
4.70337301587302,0.457590982808059,0.526519718876779,0.168994191640545,11.6882040503305
4.70347222222222,0.457552644071051,0.526491891392478,0.168913377357336,11.6884802663747
4.70357142857143,0.457514309457857,0.526464059656447,0.168832601798535,11.6887564528877
4.70367063492063,0.457475978967683,0.526436223672085,0.168751864945534,11.6890326098757
4.70376984126984,0.457437652599738,0.526408383442793,0.16867116677973,11.6893087373447
4.70386904761905,0.457399330353231,0.526380538971966,0.168590507282528,11.6895848353009
4.70396825396825,0.45736101222737,0.526352690263,0.16850988643534,11.6898609037502
4.70406746031746,0.457322698221366,0.52632483731929,0.168429304219584,11.6901369426987
4.70416666666667,0.457284388334427,0.526296980144228,0.168348760616686,11.6904129521526
4.70426587301587,0.457246082565765,0.526269118741206,0.16826825560808,11.6906889321178
4.70436507936508,0.457207780914591,0.526241253113613,0.168187789175206,11.6909648826004
4.70446428571429,0.457169483380115,0.526213383264839,0.16810736129951,11.6912408036064
4.70456349206349,0.457131189961549,0.526185509198269,0.168026971962448,11.691516695142
4.7046626984127,0.457092900658106,0.52615763091729,0.167946621145481,11.6917925572132
4.7047619047619,0.457054615468997,0.526129748425286,0.167866308830076,11.692068389826
4.70486111111111,0.457016334393436,0.526101861725638,0.16778603499771,11.6923441929865
4.70496031746032,0.456978057430636,0.526073970821729,0.167705799629864,11.6926199667007
4.70505952380952,0.456939784579811,0.526046075716938,0.167625602708029,11.6928957109747
4.70515873015873,0.456901515840175,0.526018176414643,0.167545444213702,11.6931714258145
4.70525793650794,0.456863251210942,0.525990272918222,0.167465324128386,11.6934471112261
4.70535714285714,0.456824990691329,0.525962365231049,0.167385242433592,11.6937227672157
4.70545634920635,0.45678673428055,0.525934453356498,0.167305199110838,11.6939983937891
4.70555555555556,0.45674848197782,0.525906537297942,0.167225194141649,11.6942739909525
4.70565476190476,0.456710233782358,0.525878617058752,0.167145227507557,11.694549558712
4.70575396825397,0.456671989693378,0.525850692642297,0.167065299190101,11.6948250970734
4.70585317460317,0.456633749710099,0.525822764051946,0.166985409170827,11.6951006060429
4.70595238095238,0.456595513831739,0.525794831291065,0.16690555743129,11.6953760856265
4.70605158730159,0.456557282057514,0.525766894363019,0.166825743953049,11.6956515358302
4.70615079365079,0.456519054386644,0.525738953271173,0.166745968717672,11.69592695666
4.70625,0.456480830818348,0.525711008018888,0.166666231706733,11.696202348122
4.70634920634921,0.456442611351845,0.525683058609526,0.166586532901814,11.6964777102222
4.70644841269841,0.456404395986354,0.525655105046445,0.166506872284503,11.6967530429665
4.70654761904762,0.456366184721096,0.525627147333003,0.166427249836397,11.6970283463611
4.70664682539683,0.456327977555292,0.525599185472558,0.166347665539099,11.6973036204119
4.70674603174603,0.456289774488162,0.525571219468465,0.166268119374217,11.6975788651249
4.70684523809524,0.456251575518928,0.525543249324076,0.16618861132337,11.6978540805062
4.70694444444444,0.456213380646812,0.525515275042744,0.166109141368181,11.6981292665617
4.70704365079365,0.456175189871036,0.52548729662782,0.166029709490281,11.6984044232975
4.70714285714286,0.456137003190823,0.525459314082653,0.165950315671309,11.6986795507196
4.70724206349206,0.456098820605396,0.52543132741059,0.165870959892909,11.6989546488339
4.70734126984127,0.456060642113979,0.525403336614979,0.165791642136735,11.6992297176465
4.70744047619048,0.456022467715795,0.525375341699163,0.165712362384446,11.6995047571634
4.70753968253968,0.45598429741007,0.525347342666487,0.165633120617709,11.6997797673906
4.70763888888889,0.455946131196028,0.525319339520293,0.165553916818196,11.700054748334
4.70773809523809,0.455907969072894,0.52529133226392,0.165474750967588,11.7003296999996
4.7078373015873,0.455869811039894,0.525263320900709,0.165395623047574,11.7006046223935
4.70793650793651,0.455831657096254,0.525235305433996,0.165316533039848,11.7008795155217
4.70803571428571,0.455793507241202,0.525207285867118,0.165237480926112,11.7011543793901
4.70813492063492,0.455755361473963,0.52517926220341,0.165158466688076,11.7014292140046
4.70823412698413,0.455717219793765,0.525151234446205,0.165079490307454,11.7017040193714
4.70833333333333,0.455679082199837,0.525123202598834,0.165000551765971,11.7019787954964
4.70843253968254,0.455640948691406,0.525095166664629,0.164921651045356,11.7022535423855
4.70853174603175,0.455602819267702,0.525067126646918,0.164842788127346,11.7025282600447
4.70863095238095,0.455564693927952,0.525039082549029,0.164763962993687,11.7028029484801
4.70873015873016,0.455526572671387,0.525011034374287,0.164685175626129,11.7030776076975
4.70882936507937,0.455488455497238,0.524982982126017,0.164606426006431,11.703352237703
4.70892857142857,0.455450342404734,0.524954925807543,0.164527714116359,11.7036268385025
4.70902777777778,0.455412233393106,0.524926865422186,0.164449039937685,11.703901410102
4.70912698412698,0.455374128461585,0.524898800973266,0.164370403452189,11.7041759525075
4.70922619047619,0.455336027609404,0.524870732464103,0.164291804641658,11.7044504657249
4.7093253968254,0.455297930835794,0.524842659898013,0.164213243487885,11.7047249497602
4.7094246031746,0.455259838139987,0.524814583278311,0.164134719972672,11.7049994046193
4.70952380952381,0.455221749521218,0.524786502608314,0.164056234077826,11.7052738303082
4.70962301587302,0.455183664978719,0.524758417891334,0.163977785785163,11.7055482268329
4.70972222222222,0.455145584511724,0.524730329130682,0.163899375076506,11.7058225941994
4.70982142857143,0.455107508119467,0.524702236329668,0.163821001933682,11.7060969324135
4.70992063492063,0.455069435801184,0.524674139491601,0.163742666338529,11.7063712414812
4.71001984126984,0.455031367556109,0.524646038619788,0.16366436827289,11.7066455214085
4.71011904761905,0.454993303383477,0.524617933717535,0.163586107718615,11.7069197722013
4.71021825396825,0.454955243282525,0.524589824788146,0.163507884657562,11.7071939938656
4.71031746031746,0.454917187252489,0.524561711834925,0.163429699071596,11.7074681864073
4.71041666666667,0.454879135292606,0.524533594861171,0.163351550942588,11.7077423498324
4.71051587301587,0.454841087402114,0.524505473870186,0.163273440252417,11.7080164841468
4.71061507936508,0.454803043580249,0.524477348865268,0.163195366982969,11.7082905893564
4.71071428571429,0.45476500382625,0.524449219849713,0.163117331116137,11.7085646654671
4.71081349206349,0.454726968139356,0.524421086826818,0.16303933263382,11.708838712485
4.7109126984127,0.454688936518805,0.524392949799876,0.162961371517927,11.7091127304158
4.71101190476191,0.454650908963837,0.524364808772181,0.16288344775037,11.7093867192657
4.71111111111111,0.454612885473692,0.524336663747022,0.162805561313072,11.7096606790404
4.71121031746032,0.45457486604761,0.524308514727691,0.162727712187961,11.709934609746
4.71130952380952,0.454536850684831,0.524280361717476,0.162649900356972,11.7102085113883
4.71140873015873,0.454498839384597,0.524252204719662,0.162572125802047,11.7104823839733
4.71150793650794,0.45446083214615,0.524224043737537,0.162494388505137,11.7107562275068
4.71160714285714,0.45442282896873,0.524195878774383,0.162416688448196,11.7110300419949
4.71170634920635,0.454384829851581,0.524167709833483,0.16233902561319,11.7113038274434
4.71180555555556,0.454346834793945,0.524139536918119,0.162261399982089,11.7115775838582
4.71190476190476,0.454308843795066,0.524111360031569,0.162183811536872,11.7118513112453
4.71200396825397,0.454270856854187,0.524083179177113,0.162106260259522,11.7121250096106
4.71210317460317,0.454232873970553,0.524054994358027,0.162028746132032,11.7123986789599
4.71220238095238,0.454194895143407,0.524026805577585,0.1619512691364,11.7126723192992
4.71230158730159,0.454156920371995,0.523998612839063,0.161873829254634,11.7129459306343
4.71240079365079,0.454118949655562,0.523970416145731,0.161796426468745,11.7132195129713
4.7125,0.454080982993354,0.523942215500862,0.161719060760756,11.713493066316
4.71259920634921,0.454043020384617,0.523914010907724,0.161641732112692,11.7137665906742
4.71269841269841,0.454005061828598,0.523885802369586,0.161564440506588,11.7140400860519
4.71279761904762,0.453967107324543,0.523857589889714,0.161487185924487,11.7143135524551
4.71289682539683,0.453929156871701,0.523829373471374,0.161409968348435,11.7145869898895
4.71299603174603,0.453891210469319,0.523801153117828,0.16133278776049,11.714860398361
4.71309523809524,0.453853268116646,0.52377292883234,0.161255644142714,11.7151337778756
4.71319444444444,0.45381532981293,0.523744700618169,0.161178537477175,11.7154071284392
4.71329365079365,0.453777395557421,0.523716468478575,0.161101467745953,11.7156804500576
4.71339285714286,0.453739465349368,0.523688232416817,0.16102443493113,11.7159537427368
4.71349206349206,0.453701539188021,0.52365999243615,0.160947439014797,11.7162270064825
4.71359126984127,0.453663617072631,0.52363174853983,0.160870479979053,11.7165002413007
4.71369047619048,0.453625699002449,0.523603500731109,0.160793557806003,11.7167734471973
4.71378968253968,0.453587784976725,0.52357524901324,0.160716672477759,11.7170466241781
4.71388888888889,0.453549874994712,0.523546993389474,0.16063982397644,11.717319772249
4.7139880952381,0.453511969055662,0.52351873386306,0.160563012284173,11.717592891416
4.7140873015873,0.453474067158828,0.523490470437245,0.160486237383091,11.7178659816847
4.71418650793651,0.453436169303463,0.523462203115276,0.160409499255335,11.7181390430612
4.71428571428571,0.453398275488819,0.523433931900397,0.160332797883053,11.7184120755513
4.71438492063492,0.453360385714151,0.523405656795852,0.160256133248399,11.7186850791609
4.71448412698413,0.453322499978714,0.523377377804883,0.160179505333535,11.7189580538958
4.71458333333333,0.453284618281762,0.523349094930729,0.160102914120629,11.7192309997618
4.71468253968254,0.453246740622549,0.523320808176631,0.160026359591858,11.719503916765
4.71478174603175,0.453208867000333,0.523292517545826,0.159949841729405,11.719776804911
4.71488095238095,0.453170997414368,0.523264223041549,0.15987336051546,11.7200496642058
4.71498015873016,0.453133131863912,0.523235924667036,0.15979691593222,11.7203224946552
4.71507936507937,0.453095270348221,0.52320762242552,0.15972050796189,11.720595296265
4.71517857142857,0.453057412866553,0.523179316320232,0.15964413658668,11.7208680690412
4.71527777777778,0.453019559418164,0.523151006354402,0.159567801788809,11.7211408129895
4.71537698412698,0.452981710002314,0.52312269253126,0.159491503550501,11.7214135281159
4.71547619047619,0.452943864618261,0.523094374854033,0.159415241853992,11.7216862144261
4.7155753968254,0.452906023265264,0.523066053325946,0.159339016681519,11.721958871926
4.7156746031746,0.452868185942582,0.523037727950225,0.159262828015329,11.7222315006214
4.71577380952381,0.452830352649476,0.523009398730093,0.159186675837676,11.7225041005182
4.71587301587302,0.452792523385205,0.52298106566877,0.159110560130822,11.7227766716222
4.71597222222222,0.452754698149031,0.522952728769477,0.159034480877033,11.7230492139393
4.71607142857143,0.452716876940214,0.522924388035433,0.158958438058585,11.7233217274753
4.71617063492064,0.452679059758016,0.522896043469855,0.158882431657759,11.723594212236
4.71626984126984,0.452641246601699,0.522867695075959,0.158806461656845,11.7238666682272
4.71636904761905,0.452603437470526,0.522839342856959,0.15873052803814,11.7241390954548
4.71646825396825,0.452565632363759,0.522810986816067,0.158654630783947,11.7244114939245
4.71656746031746,0.452527831280661,0.522782626956497,0.158578769876575,11.7246838636423
4.71666666666667,0.452490034220497,0.522754263281456,0.158502945298343,11.724956204614
4.71676587301587,0.452452241182531,0.522725895794155,0.158427157031574,11.7252285168453
4.71686507936508,0.452414452166026,0.522697524497799,0.158351405058601,11.725500800342
4.71696428571429,0.452376667170248,0.522669149395595,0.158275689361762,11.7257730551101
4.71706349206349,0.452338886194463,0.522640770490747,0.158200009923403,11.7260452811553
4.7171626984127,0.452301109237936,0.522612387786457,0.158124366725876,11.7263174784834
4.71726190476191,0.452263336299934,0.522584001285928,0.158048759751542,11.7265896471002
4.71736111111111,0.452225567379723,0.522555610992357,0.157973188982768,11.7268617870116
4.71746031746032,0.45218780247657,0.522527216908945,0.157897654401927,11.7271338982233
4.71755952380952,0.452150041589744,0.522498819038888,0.157822155991401,11.7274059807411
4.71765873015873,0.45211228471851,0.522470417385381,0.157746693733577,11.7276780345709
4.71775793650794,0.45207453186214,0.522442011951619,0.157671267610852,11.7279500597185
4.71785714285714,0.4520367830199,0.522413602740793,0.157595877605628,11.7282220561896
4.71795634920635,0.451999038191061,0.522385189756096,0.157520523700313,11.7284940239901
4.71805555555556,0.451961297374892,0.522356773000716,0.157445205877324,11.7287659631257
4.71815476190476,0.451923560570663,0.522328352477843,0.157369924119086,11.7290378736022
4.71825396825397,0.451885827777645,0.522299928190662,0.157294678408028,11.7293097554254
4.71835317460318,0.451848098995109,0.522271500142359,0.157219468726588,11.7295816086012
4.71845238095238,0.451810374222325,0.522243068336118,0.157144295057212,11.7298534331353
4.71855158730159,0.451772653458567,0.522214632775122,0.157069157382351,11.7301252290335
4.71865079365079,0.451734936703105,0.52218619346255,0.156994055684463,11.7303969963015
4.71875,0.451697223955214,0.522157750401584,0.156918989946016,11.7306687349452
4.71884920634921,0.451659515214165,0.522129303595401,0.156843960149481,11.7309404449703
4.71894841269841,0.451621810479233,0.522100853047177,0.15676896627734,11.7312121263827
4.71904761904762,0.451584109749691,0.522072398760088,0.156694008312079,11.731483779188
4.71914682539683,0.451546413024814,0.522043940737307,0.156619086236193,11.7317554033921
4.71924603174603,0.451508720303876,0.522015478982007,0.156544200032183,11.7320269990007
4.71934523809524,0.451471031586154,0.521987013497358,0.156469349682558,11.7322985660196
4.71944444444444,0.451433346870921,0.52195854428653,0.156394535169833,11.7325701044546
4.71954365079365,0.451395666157455,0.521930071352691,0.156319756476531,11.7328416143114
4.71964285714286,0.451357989445033,0.521901594699007,0.156245013585181,11.7331130955959
4.71974206349206,0.45132031673293,0.521873114328643,0.156170306478321,11.7333845483136
4.71984126984127,0.451282648020424,0.521844630244763,0.156095635138493,11.7336559724706
4.71994047619048,0.451244983306794,0.521816142450529,0.15602099954825,11.7339273680724
4.72003968253968,0.451207322591317,0.521787650949101,0.155946399690149,11.7341987351248
4.72013888888889,0.451169665873272,0.52175915574364,0.155871835546755,11.7344700736336
4.72023809523809,0.451132013151938,0.521730656837301,0.155797307100641,11.7347413836046
4.7203373015873,0.451094364426595,0.521702154233243,0.155722814334384,11.7350126650435
4.72043650793651,0.451056719696522,0.521673647934618,0.155648357230573,11.735283917956
4.72053571428571,0.451019078961,0.521645137944582,0.1555739357718,11.7355551423479
4.72063492063492,0.450981442219309,0.521616624266286,0.155499549940664,11.735826338225
4.72073412698413,0.450943809470732,0.521588106902881,0.155425199719776,11.736097505593
4.72083333333333,0.450906180714549,0.521559585857515,0.155350885091748,11.7363686444575
4.72093253968254,0.450868555950042,0.521531061133336,0.155276606039203,11.7366397548245
4.72103174603175,0.450830935176494,0.52150253273349,0.155202362544768,11.7369108366995
4.72113095238095,0.450793318393189,0.521474000661122,0.155128154591081,11.7371818900884
4.72123015873016,0.450755705599408,0.521445464919376,0.155053982160784,11.7374529149968
4.72132936507937,0.450718096794437,0.521416925511392,0.154979845236526,11.7377239114306
4.72142857142857,0.450680491977558,0.521388382440312,0.154905743800965,11.7379948793954
4.72152777777778,0.450642891148058,0.521359835709275,0.154831677836765,11.7382658188969
4.72162698412698,0.45060529430522,0.521331285321416,0.154757647326598,11.738536729941
4.72172619047619,0.450567701448331,0.521302731279874,0.154683652253141,11.7388076125332
4.7218253968254,0.450530112576676,0.521274173587782,0.15460969259908,11.7390784666794
4.7219246031746,0.450492527689542,0.521245612248273,0.154535768347107,11.7393492923853
4.72202380952381,0.450454946786215,0.521217047264479,0.154461879479922,11.7396200896565
4.72212301587302,0.450417369865982,0.52118847863953,0.15438802598023,11.7398908584988
4.72222222222222,0.450379796928131,0.521159906376555,0.154314207830747,11.7401615989179
4.72232142857143,0.450342227971951,0.521131330478681,0.154240425014193,11.7404323109195
4.72242063492063,0.450304662996729,0.521102750949034,0.154166677513296,11.7407029945094
4.72251984126984,0.450267102001755,0.521074167790739,0.15409296531079,11.7409736496932
4.72261904761905,0.450229544986317,0.521045581006918,0.154019288389417,11.7412442764767
4.72271825396825,0.450191991949706,0.521016990600693,0.153945646731926,11.7415148748655
4.72281746031746,0.450154442891211,0.520988396575183,0.153872040321074,11.7417854448653
4.72291666666667,0.450116897810124,0.520959798933509,0.153798469139623,11.7420559864819
4.72301587301587,0.450079356705736,0.520931197678785,0.153724933170345,11.742326499721
4.72311507936508,0.450041819577336,0.520902592814129,0.153651432396015,11.7425969845882
4.72321428571429,0.450004286424219,0.520873984342655,0.153577966799419,11.7428674410893
4.72331349206349,0.449966757245676,0.520845372267474,0.153504536363349,11.7431378692299
4.7234126984127,0.449929232040999,0.5208167565917,0.153431141070602,11.7434082690157
4.7235119047619,0.449891710809482,0.52078813731844,0.153357780903984,11.7436786404525
4.72361111111111,0.449854193550418,0.520759514450805,0.153284455846308,11.7439489835459
4.72371031746032,0.449816680263101,0.5207308879919,0.153211165880394,11.7442192983016
4.72380952380952,0.449779170946827,0.520702257944832,0.153137910989069,11.7444895847252
4.72390873015873,0.449741665600889,0.520673624312705,0.153064691155166,11.7447598428226
4.72400793650794,0.449704164224583,0.52064498709862,0.152991506361526,11.7450300725992
4.72410714285714,0.449666666817205,0.52061634630568,0.152918356590999,11.7453002740609
4.72420634920635,0.44962917337805,0.520587701936984,0.152845241826438,11.7455704472134
4.72430555555556,0.449591683906416,0.52055905399563,0.152772162050705,11.7458405920621
4.72440476190476,0.449554198401599,0.520530402484715,0.152699117246672,11.746110708613
4.72450396825397,0.449516716862897,0.520501747407334,0.152626107397213,11.7463807968715
4.72460317460317,0.449479239289608,0.520473088766582,0.152553132485212,11.7466508568434
4.72470238095238,0.44944176568103,0.520444426565551,0.152480192493559,11.7469208885344
4.72480158730159,0.449404296036461,0.520415760807332,0.152407287405153,11.7471908919501
4.72490079365079,0.449366830355201,0.520387091495014,0.152334417202898,11.7474608670962
4.725,0.449329368636549,0.520358418631686,0.152261581869706,11.7477308139784
4.72509920634921,0.449291910879805,0.520329742220434,0.152188781388495,11.7480007326022
4.72519841269841,0.44925445708427,0.520301062264344,0.152116015742191,11.7482706229735
4.72529761904762,0.449217007249245,0.520272378766499,0.152043284913728,11.7485404850977
4.72539682539683,0.44917956137403,0.520243691729981,0.151970588886046,11.7488103189806
4.72549603174603,0.449142119457928,0.520215001157872,0.151897927642091,11.7490801246278
4.72559523809524,0.44910468150024,0.52018630705325,0.151825301164818,11.749349902045
4.72569444444444,0.44906724750027,0.520157609419194,0.151752709437187,11.7496196512378
4.72579365079365,0.449029817457319,0.520128908258781,0.151680152442168,11.7498893722119
4.72589285714286,0.448992391370692,0.520100203575085,0.151607630162737,11.7501590649729
4.72599206349206,0.448954969239692,0.52007149537118,0.151535142581874,11.7504287295265
4.72609126984127,0.448917551063624,0.520042783650138,0.151462689682571,11.7506983658782
4.72619047619048,0.448880136841792,0.520014068415029,0.151390271447823,11.7509679740338
4.72628968253968,0.448842726573501,0.519985349668924,0.151317887860634,11.7512375539989
4.72638888888889,0.448805320258057,0.51995662741489,0.151245538904016,11.751507105779
4.72648809523809,0.448767917894766,0.519927901655993,0.151173224560985,11.7517766293799
4.7265873015873,0.448730519482934,0.519899172395298,0.151100944814567,11.7520461248072
4.72668650793651,0.448693125021868,0.519870439635869,0.151028699647795,11.7523155920665
4.72678571428571,0.448655734510875,0.519841703380768,0.150956489043706,11.7525850311633
4.72688492063492,0.448618347949263,0.519812963633055,0.150884312985348,11.7528544421035
4.72698412698413,0.44858096533634,0.519784220395788,0.150812171455774,11.7531238248925
4.72708333333333,0.448543586671414,0.519755473672027,0.150740064438043,11.753393179536
4.72718253968254,0.448506211953795,0.519726723464827,0.150667991915224,11.7536625060396
4.72728174603175,0.448468841182792,0.519697969777243,0.15059595387039,11.753931804409
4.72738095238095,0.448431474357714,0.519669212612328,0.150523950286624,11.7542010746497
4.72748015873016,0.448394111477872,0.519640451973134,0.150451981147014,11.7544703167673
4.72757936507937,0.448356752542576,0.519611687862712,0.150380046434655,11.7547395307675
4.72767857142857,0.448319397551138,0.51958292028411,0.150308146132651,11.755008716656
4.72777777777778,0.448282046502868,0.519554149240376,0.150236280224111,11.7552778744382
4.72787698412698,0.44824469939708,0.519525374734556,0.150164448692153,11.7555470041197
4.72797619047619,0.448207356233085,0.519496596769694,0.150092651519899,11.7558161057063
4.7280753968254,0.448170017010196,0.519467815348834,0.150020888690482,11.7560851792035
4.7281746031746,0.448132681727726,0.519439030475017,0.149949160187039,11.7563542246169
4.72827380952381,0.448095350384989,0.519410242151284,0.149877465992716,11.7566232419521
4.72837301587302,0.4480580229813,0.519381450380673,0.149805806090666,11.7568922312147
4.72847222222222,0.448020699515971,0.519352655166223,0.149734180464047,11.7571611924103
4.72857142857143,0.447983379988319,0.519323856510967,0.149662589096025,11.7574301255445
4.72867063492063,0.447946064397659,0.519295054417942,0.149591031969775,11.7576990306229
4.72876984126984,0.447908752743306,0.51926624889018,0.149519509068477,11.757967907651
4.72886904761905,0.447871445024576,0.519237439930712,0.149448020375319,11.7582367566345
4.72896825396825,0.447834141240788,0.519208627542569,0.149376565873495,11.7585055775789
4.72906746031746,0.447796841391256,0.51917981172878,0.149305145546207,11.7587743704898
4.72916666666667,0.447759545475299,0.519150992492371,0.149233759376665,11.7590431353728
4.72926587301587,0.447722253492235,0.519122169836368,0.149162407348084,11.7593118722335
4.72936507936508,0.447684965441382,0.519093343763796,0.149091089443687,11.7595805810775
4.72946428571429,0.447647681322059,0.519064514277677,0.149019805646705,11.7598492619103
4.72956349206349,0.447610401133584,0.519035681381033,0.148948555940374,11.7601179147375
4.7296626984127,0.447573124875278,0.519006845076884,0.148877340307939,11.7603865395647
4.72976190476191,0.447535852546461,0.518978005368248,0.148806158732651,11.7606551363974
4.72986111111111,0.447498584146453,0.518949162258142,0.148735011197769,11.7609237052413
4.72996031746032,0.447461319674575,0.518920315749582,0.148663897686559,11.7611922461018
4.73005952380952,0.447424059130148,0.518891465845582,0.148592818182292,11.7614607589846
4.73015873015873,0.447386802512494,0.518862612549154,0.148521772668248,11.7617292438952
4.73025793650794,0.447349549820935,0.51883375586331,0.148450761127715,11.7619977008392
4.73035714285714,0.447312301054795,0.51880489579106,0.148379783543985,11.7622661298221
4.73045634920635,0.447275056213394,0.518776032335412,0.148308839900361,11.7625345308494
4.73055555555556,0.447237815296059,0.518747165499372,0.14823793018015,11.7628029039268
4.73065476190476,0.447200578302111,0.518718295285947,0.148167054366666,11.7630712490599
4.73075396825397,0.447163345230876,0.51868942169814,0.148096212443232,11.763339566254
4.73085317460317,0.447126116081677,0.518660544738954,0.148025404393178,11.7636078555148
4.73095238095238,0.447088890853842,0.51863166441139,0.147954630199839,11.7638761168479
4.73105158730159,0.447051669546693,0.518602780718446,0.147883889846558,11.7641443502588
4.73115079365079,0.447014452159559,0.518573893663123,0.147813183316688,11.764412555753
4.73125,0.446977238691766,0.518545003248416,0.147742510593583,11.764680733336
4.73134920634921,0.446940029142639,0.518516109477321,0.14767187166061,11.7649488830135
4.73144841269841,0.446902823511507,0.518487212352831,0.14760126650114,11.7652170047909
4.73154761904762,0.446865621797697,0.518458311877939,0.147530695098552,11.7654850986738
4.73164682539683,0.446828424000537,0.518429408055635,0.147460157436231,11.7657531646677
4.73174603174603,0.446791230119357,0.51840050088891,0.147389653497569,11.7660212027781
4.73184523809524,0.446754040153484,0.518371590380751,0.147319183265969,11.7662892130106
4.73194444444444,0.446716854102248,0.518342676534144,0.147248746724835,11.7665571953707
4.73204365079365,0.44667967196498,0.518313759352076,0.147178343857583,11.766825149864
4.73214285714286,0.446642493741009,0.518284838837529,0.147107974647634,11.7670930764959
4.73224206349206,0.446605319429667,0.518255914993486,0.147037639078415,11.7673609752719
4.73234126984127,0.446568149030283,0.518226987822927,0.146967337133362,11.7676288461977
4.73244047619048,0.44653098254219,0.518198057328832,0.146897068795917,11.7678966892787
4.73253968253968,0.44649381996472,0.518169123514179,0.14682683404953,11.7681645045204
4.73263888888889,0.446456661297206,0.518140186381944,0.146756632877658,11.7684322919284
4.7327380952381,0.446419506538979,0.518111245935102,0.146686465263764,11.7687000515081
4.7328373015873,0.446382355689374,0.518082302176627,0.146616331191319,11.7689677832651
4.73293650793651,0.446345208747724,0.51805335510949,0.1465462306438,11.7692354872048
4.73303571428571,0.446308065713363,0.518024404736663,0.146476163604692,11.7695031633328
4.73313492063492,0.446270926585626,0.517995451061114,0.146406130057488,11.7697708116547
4.73323412698413,0.446233791363846,0.517966494085811,0.146336129985686,11.7700384321758
4.73333333333333,0.446196660047362,0.517937533813721,0.146266163372792,11.7703060249017
4.73343253968254,0.446159532635507,0.517908570247807,0.14619623020232,11.7705735898379
4.73353174603175,0.446122409127618,0.517879603391034,0.146126330457789,11.7708411269899
4.73363095238095,0.446085289523032,0.517850633246364,0.146056464122727,11.7711086363632
4.73373015873016,0.446048173821086,0.517821659816757,0.145986631180669,11.7713761179632
4.73382936507937,0.446011062021117,0.517792683105171,0.145916831615156,11.7716435717955
4.73392857142857,0.445973954122464,0.517763703114565,0.145847065409736,11.7719109978656
4.73402777777778,0.445936850124464,0.517734719847894,0.145777332547964,11.7721783961789
4.73412698412698,0.445899750026456,0.517705733308114,0.145707633013404,11.772445766741
4.73422619047619,0.445862653827781,0.517676743498177,0.145637966789625,11.7727131095573
4.7343253968254,0.445825561527777,0.517647750421035,0.145568333860205,11.7729804246333
4.7344246031746,0.445788473125785,0.517618754079639,0.145498734208727,11.7732477119744
4.73452380952381,0.445751388621145,0.517589754476936,0.145429167818781,11.7735149715862
4.73462301587302,0.445714308013197,0.517560751615876,0.145359634673967,11.7737822034742
4.73472222222222,0.445677231301284,0.517531745499403,0.145290134757888,11.7740494076437
4.73482142857143,0.445640158484747,0.517502736130462,0.145220668054158,11.7743165841004
4.73492063492063,0.445603089562929,0.517473723511997,0.145151234546396,11.7745837328495
4.73501984126984,0.445566024535172,0.517444707646948,0.145081834218228,11.7748508538968
4.73511904761905,0.445528963400818,0.517415688538256,0.145012467053287,11.7751179472474
4.73521825396825,0.445491906159213,0.51738666618886,0.144943133035213,11.7753850129071
4.73531746031746,0.445454852809699,0.517357640601697,0.144873832147656,11.7756520508812
4.73541666666667,0.445417803351621,0.517328611779702,0.144804564374268,11.7759190611751
4.73551587301587,0.445380757784323,0.51729957972581,0.144735329698712,11.7761860437944
4.73561507936508,0.445343716107151,0.517270544442954,0.144666128104656,11.7764529987444
4.73571428571429,0.445306678319451,0.517241505934066,0.144596959575778,11.7767199260307
4.73581349206349,0.445269644420569,0.517212464202075,0.144527824095758,11.7769868256587
4.7359126984127,0.44523261440985,0.517183419249909,0.144458721648288,11.7772536976339
4.7360119047619,0.445195588286643,0.517154371080497,0.144389652217065,11.7775205419617
4.73611111111111,0.445158566050294,0.517125319696763,0.144320615785792,11.7777873586475
4.73621031746032,0.44512154770015,0.517096265101631,0.144251612338181,11.7780541476968
4.73630952380952,0.445084533235562,0.517067207298025,0.14418264185795,11.7783209091151
4.73640873015873,0.445047522655876,0.517038146288866,0.144113704328825,11.7785876429077
4.73650793650794,0.445010515960442,0.517009082077074,0.144044799734538,11.7788543490802
4.73660714285714,0.44497351314861,0.516980014665567,0.143975928058829,11.7791210276379
4.73670634920635,0.444936514219729,0.516950944057261,0.143907089285445,11.7793876785863
4.73680555555556,0.44489951917315,0.516921870255073,0.143838283398138,11.7796543019308
4.73690476190476,0.444862528008223,0.516892793261916,0.14376951038067,11.7799208976769
4.73700396825397,0.4448255407243,0.516863713080703,0.143700770216808,11.7801874658301
4.73710317460317,0.444788557320732,0.516834629714345,0.143632062890328,11.7804540063956
4.73720238095238,0.444751577796871,0.516805543165753,0.143563388385011,11.780720519379
4.73730158730159,0.44471460215207,0.516776453437833,0.143494746684647,11.7809870047856
4.73740079365079,0.444677630385682,0.516747360533493,0.143426137773032,11.7812534626209
4.7375,0.444640662497059,0.516718264455638,0.143357561633969,11.7815198928904
4.73759920634921,0.444603698485557,0.516689165207172,0.143289018251268,11.7817862955994
4.73769841269841,0.444566738350528,0.516660062790997,0.143220507608747,11.7820526707534
4.73779761904762,0.444529782091327,0.516630957210015,0.14315202969023,11.7823190183577
4.73789682539683,0.444492829707311,0.516601848467125,0.143083584479548,11.7825853384178
4.73799603174603,0.444455881197833,0.516572736565225,0.143015171960541,11.7828516309391
4.73809523809524,0.44441893656225,0.516543621507211,0.142946792117054,11.783117895927
4.73819444444444,0.444381995799917,0.51651450329598,0.142878444932939,11.783384133387
4.73829365079365,0.444345058910193,0.516485381934423,0.142810130392057,11.7836503433243
4.73839285714286,0.444308125892434,0.516456257425435,0.142741848478274,11.7839165257445
4.73849206349206,0.444271196745997,0.516427129771905,0.142673599175464,11.7841826806528
4.73859126984127,0.444234271470241,0.516397998976723,0.142605382467509,11.7844488080549
4.73869047619048,0.444197350064524,0.516368865042777,0.142537198338296,11.7847149079559
4.73878968253968,0.444160432528205,0.516339727972953,0.142469046771721,11.7849809803613
4.73888888888889,0.444123518860644,0.516310587770137,0.142400927751686,11.7852470252766
4.73898809523809,0.444086609061199,0.516281444437211,0.1423328412621,11.7855130427071
4.7390873015873,0.444049703129231,0.516252297977059,0.14226478728688,11.7857790326581
4.73918650793651,0.4440128010641,0.51622314839256,0.142196765809949,11.7860449951352
4.73928571428571,0.443975902865168,0.516193995686594,0.142128776815239,11.7863109301436
4.73938492063492,0.443939008531797,0.516164839862039,0.142060820286685,11.7865768376888
4.73948412698413,0.443902118063347,0.516135680921771,0.141992896208234,11.7868427177761
4.73958333333333,0.443865231459182,0.516106518868664,0.141925004563837,11.7871085704109
4.73968253968254,0.443828348718663,0.516077353705593,0.141857145337453,11.7873743955987
4.73978174603175,0.443791469841154,0.516048185435429,0.141789318513048,11.7876401933447
4.73988095238095,0.443754594826019,0.516019014061043,0.141721524074594,11.7879059636543
4.73998015873016,0.443717723672621,0.515989839585304,0.141653762006072,11.788171706533
4.74007936507937,0.443680856380326,0.515960662011078,0.14158603229147,11.7884374219861
4.74017857142857,0.443643992948497,0.515931481341234,0.141518334914781,11.788703110019
4.74027777777778,0.4436071333765,0.515902297578635,0.141450669860007,11.7889687706369
4.74037698412698,0.443570277663701,0.515873110726144,0.141383037111156,11.7892344038454
4.74047619047619,0.443533425809466,0.515843920786624,0.141315436652243,11.7895000096497
4.7405753968254,0.443496577813161,0.515814727762934,0.141247868467292,11.7897655880553
4.7406746031746,0.443459733674154,0.515785531657933,0.141180332540331,11.7900311390675
4.74077380952381,0.443422893391811,0.51575633247448,0.141112828855398,11.7902966626916
4.74087301587302,0.443386056965501,0.51572713021543,0.141045357396536,11.790562158933
4.74097222222222,0.443349224394592,0.515697924883637,0.140977918147796,11.790827627797
4.74107142857143,0.443312395678452,0.515668716481955,0.140910511093237,11.791093069289
4.74117063492063,0.443275570816452,0.515639505013235,0.140843136216922,11.7913584834145
4.74126984126984,0.443238749807959,0.515610290480328,0.140775793502925,11.7916238701786
4.74136904761905,0.443201932652344,0.515581072886082,0.140708482935323,11.7918892295867
4.74146825396825,0.443165119348978,0.515551852233345,0.140641204498204,11.7921545616443
4.74156746031746,0.443128309897231,0.515522628524962,0.140573958175661,11.7924198663566
4.74166666666667,0.443091504296475,0.515493401763777,0.140506743951795,11.792685143729
4.74176587301587,0.443054702546081,0.515464171952635,0.140439561810712,11.7929503937668
4.74186507936508,0.443017904645421,0.515434939094375,0.140372411736527,11.7932156164753
4.74196428571429,0.442981110593869,0.515405703191839,0.140305293713362,11.7934808118599
4.74206349206349,0.442944320390796,0.515376464247865,0.140238207725345,11.793745979926
4.7421626984127,0.442907534035575,0.51534722226529,0.140171153756613,11.7940111206788
4.74226190476191,0.442870751527582,0.515317977246949,0.140104131791307,11.7942762341237
4.74236111111111,0.442833972866191,0.515288729195677,0.140037141813579,11.7945413202661
4.74246031746032,0.442797198050775,0.515259478114308,0.139970183807585,11.7948063791111
4.74255952380952,0.44276042708071,0.515230224005671,0.139903257757488,11.7950714106642
4.74265873015873,0.442723659955371,0.515200966872597,0.139836363647461,11.7953364149308
4.74275793650794,0.442686896674135,0.515171706717914,0.139769501461681,11.795601391916
4.74285714285714,0.442650137236378,0.51514244354445,0.139702671184334,11.7958663416252
4.74295634920635,0.442613381641476,0.515113177355029,0.139635872799611,11.7961312640638
4.74305555555556,0.442576629888806,0.515083908152477,0.139569106291713,11.796396159237
4.74315476190476,0.442539881977747,0.515054635939615,0.139502371644846,11.7966610271502
4.74325396825397,0.442503137907677,0.515025360719266,0.139435668843223,11.7969258678086
4.74335317460317,0.442466397677973,0.514996082494247,0.139368997871066,11.7971906812177
4.74345238095238,0.442429661288015,0.514966801267378,0.139302358712601,11.7974554673826
4.74355158730159,0.442392928737183,0.514937517041477,0.139235751352064,11.7977202263088
4.74365079365079,0.442356200024855,0.514908229819356,0.139169175773697,11.7979849580014
4.74375,0.442319475150412,0.514878939603832,0.139102631961748,11.7982496624658
4.74384920634921,0.442282754113236,0.514849646397717,0.139036119900474,11.7985143397073
4.74394841269841,0.442246036912706,0.514820350203821,0.138969639574137,11.7987789897313
4.74404761904762,0.442209323548204,0.514791051024954,0.138903190967008,11.7990436125429
4.74414682539683,0.442172614019112,0.514761748863924,0.138836774063365,11.7993082081475
4.74424603174603,0.442135908324814,0.514732443723538,0.13877038884749,11.7995727765503
4.74434523809524,0.44209920646469,0.514703135606601,0.138704035303677,11.7998373177568
4.74444444444444,0.442062508438125,0.514673824515916,0.138637713416222,11.800101831772
4.74454365079365,0.442025814244501,0.514644510454287,0.138571423169433,11.8003663186015
4.74464285714286,0.441989123883204,0.514615193424514,0.138505164547622,11.8006307782503
4.74474206349206,0.441952437353618,0.514585873429396,0.138438937535107,11.8008952107238
4.74484126984127,0.441915754655127,0.514556550471732,0.138372742116217,11.8011596160274
4.74494047619048,0.441879075787117,0.514527224554318,0.138306578275284,11.8014239941662
4.74503968253968,0.441842400748974,0.514497895679949,0.138240445996651,11.8016883451455
4.74513888888889,0.441805729540083,0.514468563851418,0.138174345264663,11.8019526689706
4.7452380952381,0.441769062159831,0.514439229071518,0.138108276063678,11.8022169656468
4.7453373015873,0.441732398607606,0.51440989134304,0.138042238378057,11.8024812351794
4.74543650793651,0.441695738882795,0.514380550668772,0.13797623219217,11.8027454775736
4.74553571428571,0.441659082984786,0.514351207051504,0.137910257490392,11.8030096928347
4.74563492063492,0.441622430912966,0.51432186049402,0.137844314257106,11.8032738809679
4.74573412698413,0.441585782666725,0.514292510999105,0.137778402476705,11.8035380419785
4.74583333333333,0.441549138245452,0.514263158569545,0.137712522133584,11.8038021758719
4.74593253968254,0.441512497648536,0.514233803208119,0.137646673212149,11.8040662826531
4.74603174603175,0.441475860875368,0.51420444491761,0.137580855696811,11.8043303623276
4.74613095238095,0.441439227925338,0.514175083700795,0.137515069571989,11.8045944149005
4.74623015873016,0.441402598797837,0.514145719560454,0.137449314822109,11.8048584403771
4.74632936507937,0.441365973492256,0.514116352499361,0.137383591431604,11.8051224387626
4.74642857142857,0.441329352007986,0.514086982520291,0.137317899384914,11.8053864100624
4.74652777777778,0.441292734344421,0.514057609626019,0.137252238666486,11.8056503542816
4.74662698412698,0.441256120500952,0.514028233819316,0.137186609260773,11.8059142714255
4.74672619047619,0.441219510476972,0.513998855102951,0.137121011152238,11.8061781614993
4.7468253968254,0.441182904271876,0.513969473479695,0.137055444325348,11.8064420245083
4.7469246031746,0.441146301885056,0.513940088952315,0.136989908764579,11.8067058604578
4.74702380952381,0.441109703315908,0.513910701523576,0.136924404454413,11.8069696693528
4.74712301587302,0.441073108563825,0.513881311196244,0.13685893137934,11.8072334511988
4.74722222222222,0.441036517628203,0.513851917973081,0.136793489523857,11.8074972060009
4.74732142857143,0.440999930508438,0.51382252185685,0.136728078872466,11.8077609337644
4.74742063492064,0.440963347203925,0.51379312285031,0.136662699409679,11.8080246344945
4.74751984126984,0.440926767714061,0.51376372095622,0.136597351120014,11.8082883081963
4.74761904761905,0.440890192038242,0.513734316177338,0.136532033987995,11.8085519548753
4.74771825396825,0.440853620175867,0.513704908516419,0.136466747998155,11.8088155745365
4.74781746031746,0.440817052126333,0.513675497976218,0.136401493135032,11.8090791671851
4.74791666666667,0.440780487889037,0.513646084559488,0.136336269383173,11.8093427328265
4.74801587301587,0.440743927463378,0.513616668268981,0.136271076727131,11.8096062714659
4.74811507936508,0.440707370848756,0.513587249107446,0.136205915151465,11.8098697831083
4.74821428571429,0.44067081804457,0.513557827077633,0.136140784640744,11.8101332677592
4.74831349206349,0.440634269050219,0.513528402182288,0.136075685179542,11.8103967254236
4.7484126984127,0.440597723865104,0.513498974424157,0.13601061675244,11.8106601561068
4.74851190476191,0.440561182488625,0.513469543805985,0.135945579344027,11.810923559814
4.74861111111111,0.440524644920185,0.513440110330514,0.135880572938899,11.8111869365504
4.74871031746032,0.440488111159183,0.513410674000485,0.135815597521658,11.8114502863212
4.74880952380952,0.440451581205022,0.51338123481864,0.135750653076913,11.8117136091317
4.74890873015873,0.440415055057105,0.513351792787715,0.135685739589282,11.8119769049869
4.74900793650794,0.440378532714834,0.513322347910449,0.13562085704339,11.8122401738922
4.74910714285714,0.440342014177612,0.513292900189576,0.135556005423866,11.8125034158527
4.74920634920635,0.440305499444844,0.513263449627832,0.135491184715349,11.8127666308736
4.74930555555556,0.440268988515933,0.513233996227948,0.135426394902484,11.81302981896
4.74940476190476,0.440232481390284,0.513204539992655,0.135361635969924,11.8132929801173
4.74950396825397,0.440195978067302,0.513175080924685,0.135296907902327,11.8135561143506
4.74960317460318,0.440159478546391,0.513145619026764,0.13523221068436,11.813819221665
4.74970238095238,0.440122982826959,0.51311615430162,0.135167544300696,11.8140823020658
4.74980158730159,0.440086490908411,0.513086686751979,0.135102908736017,11.8143453555582
4.74990079365079,0.440050002790154,0.513057216380564,0.135038303975009,11.8146083821473
4.75,0.440013518471595,0.513027743190097,0.134973730002368,11.8148713818383
4.75009920634921,0.439977037952141,0.512998267183301,0.134909186802795,11.8151343546363
4.75019841269841,0.4399405612312,0.512968788362894,0.134844674360998,11.8153973005467
4.75029761904762,0.439904088308181,0.512939306731594,0.134780192661695,11.8156602195744
4.75039682539683,0.439867619182493,0.512909822292119,0.134715741689607,11.8159231117248
4.75049603174603,0.439831153853544,0.512880335047184,0.134651321429465,11.816185977003
4.75059523809524,0.439794692320745,0.512850844999502,0.134586931866007,11.8164488154141
4.75069444444444,0.439758234583505,0.512821352151787,0.134522572983975,11.8167116269634
4.75079365079365,0.439721780641235,0.512791856506748,0.134458244768123,11.8169744116559
4.75089285714286,0.439685330493346,0.512762358067095,0.134393947203207,11.8172371694969
4.75099206349206,0.439648884139249,0.512732856835537,0.134329680273994,11.8174999004915
4.75109126984127,0.439612441578356,0.512703352814779,0.134265443965255,11.8177626046448
4.75119047619048,0.439576002810079,0.512673846007528,0.134201238261771,11.8180252819621
4.75128968253968,0.439539567833831,0.512644336416486,0.134137063148328,11.8182879324485
4.75138888888889,0.439503136649025,0.512614824044357,0.13407291860972,11.8185505561091
4.75148809523809,0.439466709255074,0.51258530889384,0.134008804630748,11.8188131529491
4.7515873015873,0.439430285651392,0.512555790967635,0.133944721196219,11.8190757229736
4.75168650793651,0.439393865837394,0.51252627026844,0.13388066829095,11.8193382661878
4.75178571428571,0.439357449812494,0.512496746798951,0.13381664589976,11.8196007825969
4.75188492063492,0.439321037576108,0.512467220561863,0.13375265400748,11.8198632722059
4.75198412698413,0.439284629127651,0.512437691559871,0.133688692598947,11.8201257350201
4.75208333333333,0.439248224466539,0.512408159795665,0.133624761659002,11.8203881710445
4.75218253968254,0.439211823592189,0.512378625271936,0.133560861172498,11.8206505802843
4.75228174603175,0.439175426504017,0.512349087991375,0.13349699112429,11.8209129627447
4.75238095238095,0.439139033201441,0.512319547956667,0.133433151499244,11.8211753184307
4.75248015873016,0.439102643683879,0.512290005170501,0.13336934228223,11.8214376473476
4.75257936507937,0.439066257950748,0.512260459635559,0.133305563458129,11.8216999495003
4.75267857142857,0.439029876001468,0.512230911354527,0.133241815011824,11.8219622248942
4.75277777777778,0.438993497835457,0.512201360330085,0.133178096928211,11.8222244735342
4.75287698412698,0.438957123452135,0.512171806564914,0.133114409192187,11.8224866954256
4.75297619047619,0.438920752850922,0.512142250061694,0.13305075178866,11.8227488905734
4.7530753968254,0.438884386031238,0.512112690823101,0.132987124702544,11.8230110589827
4.7531746031746,0.438848022992504,0.512083128851813,0.132923527918761,11.8232732006588
4.75327380952381,0.438811663734079,0.51205356415052,0.132859961422274,11.8235353156066
4.75337301587302,0.438775308242976,0.512023996725435,0.132796425205524,11.8237974038347
4.75347222222222,0.43873895650922,0.511994426581738,0.132732919260051,11.8240594653505
4.75357142857143,0.438702608532107,0.511964853721901,0.132669443572159,11.8243215001587
4.75367063492063,0.438666264310933,0.511935278148394,0.132605998128155,11.8245835082643
4.75376984126984,0.438629923844995,0.511905699863686,0.132542582914352,11.824845489672
4.75386904761905,0.438593587133588,0.511876118870243,0.132479197917067,11.8251074443868
4.75396825396825,0.43855725417601,0.511846535170535,0.132415843122621,11.8253693724134
4.75406746031746,0.438520924971557,0.511816948767026,0.13235251851734,11.8256312737568
4.75416666666667,0.438484599519527,0.511787359662183,0.132289224087553,11.8258931484218
4.75426587301587,0.438448277819217,0.51175776785847,0.132225959819595,11.8261549964131
4.75436507936508,0.438411959869924,0.511728173358351,0.132162725699804,11.8264168177357
4.75446428571429,0.438375645670947,0.511698576164288,0.132099521714524,11.8266786123944
4.75456349206349,0.438339335221583,0.511668976278744,0.132036347850102,11.8269403803941
4.7546626984127,0.438303028521131,0.51163937370418,0.13197320409289,11.8272021217395
4.7547619047619,0.438266725568889,0.511609768443055,0.131910090429243,11.8274638364355
4.75486111111111,0.438230426364155,0.51158016049783,0.131847006845523,11.827725524487
4.75496031746032,0.438194130906228,0.511550549870963,0.131783953328094,11.8279871858987
4.75505952380952,0.438157839194408,0.511520936564911,0.131720929863325,11.8282488206756
4.75515873015873,0.438121551227994,0.511491320582132,0.131657936437591,11.8285104288224
4.75525793650794,0.438085267006284,0.51146170192508,0.131594973037269,11.8287720103439
4.75535714285714,0.43804898652858,0.511432080596212,0.131532039648741,11.8290335652451
4.75545634920635,0.43801270979418,0.511402456597982,0.131469136258394,11.8292950935307
4.75555555555556,0.437976436802385,0.511372829932842,0.131406262852619,11.8295565952056
4.75565476190476,0.437940167552495,0.511343200603246,0.131343419417812,11.8298180702745
4.75575396825397,0.43790390204381,0.511313568611644,0.131280605940373,11.8300795187424
4.75585317460317,0.437867640275632,0.511283933960488,0.131217822406705,11.830340940614
4.75595238095238,0.437831382247261,0.511254296652227,0.131155068803218,11.8306023358941
4.75605158730159,0.437795127957999,0.511224656689311,0.131092345116324,11.8308637045876
4.75615079365079,0.437758877407146,0.511195014074187,0.13102965133244,11.8311250466994
4.75625,0.437722630594004,0.511165368809303,0.130966987437988,11.8313863622341
4.75634920634921,0.437686387517875,0.511135720897105,0.130904353419394,11.8316476511967
4.75644841269841,0.437650148178062,0.511106070340039,0.130841749263089,11.8319089135919
4.75654761904762,0.437613912573865,0.51107641714055,0.130779174955507,11.8321701494246
4.75664682539683,0.437577680704588,0.51104676130108,0.130716630483088,11.8324313586996
4.75674603174603,0.437541452569534,0.511017102824074,0.130654115832274,11.8326925414216
4.75684523809524,0.437505228168004,0.510987441711973,0.130591630989515,11.8329536975956
4.75694444444444,0.437469007499303,0.510957777967218,0.130529175941261,11.8332148272263
4.75704365079365,0.437432790562733,0.51092811159225,0.13046675067397,11.8334759303185
4.75714285714286,0.437396577357597,0.510898442589508,0.130404355174102,11.833737006877
4.75724206349206,0.4373603678832,0.51086877096143,0.130341989428124,11.8339980569067
4.75734126984127,0.437324162138846,0.510839096710456,0.130279653422504,11.8342590804124
4.75744047619048,0.437287960123837,0.51080941983902,0.130217347143717,11.8345200773988
4.75753968253968,0.43725176183748,0.51077974034956,0.130155070578241,11.8347810478707
4.75763888888889,0.437215567279077,0.510750058244511,0.130092823712559,11.835041991833
4.75773809523809,0.437179376447935,0.510720373526306,0.130030606533159,11.8353029092904
4.7578373015873,0.437143189343357,0.510690686197379,0.12996841902653,11.8355638002479
4.75793650793651,0.437107005964649,0.510660996260163,0.129906261179171,11.83582466471
4.75803571428571,0.437070826311117,0.51063130371709,0.12984413297758,11.8360855026817
4.75813492063492,0.437034650382065,0.510601608570589,0.129782034408263,11.8363463141678
4.75823412698413,0.4369984781768,0.510571910823092,0.129719965457729,11.836607099173
4.75833333333333,0.436962309694628,0.510542210477027,0.129657926112491,11.8368678577022
4.75843253968254,0.436926144934854,0.510512507534822,0.129595916359066,11.8371285897601
4.75853174603175,0.436889983896785,0.510482801998905,0.129533936183977,11.8373892953515
4.75863095238095,0.436853826579729,0.510453093871702,0.12947198557375,11.8376499744812
4.75873015873016,0.43681767298299,0.510423383155639,0.129410064514917,11.8379106271541
4.75882936507937,0.436781523105878,0.51039366985314,0.129348172994012,11.8381712533748
4.75892857142857,0.436745376947698,0.51036395396663,0.129286310997575,11.8384318531482
4.75902777777778,0.436709234507759,0.510334235498531,0.12922447851215,11.838692426479
4.75912698412698,0.436673095785367,0.510304514451266,0.129162675524285,11.8389529733722
4.75922619047619,0.436636960779832,0.510274790827255,0.129100902020534,11.8392134938323
4.7593253968254,0.436600829490459,0.51024506462892,0.129039157987452,11.8394739878643
4.7594246031746,0.43656470191656,0.51021533585868,0.128977443411602,11.8397344554728
4.75952380952381,0.436528578057441,0.510185604518953,0.128915758279549,11.8399948966627
4.75962301587302,0.436492457912411,0.510155870612157,0.128854102577863,11.8402553114388
4.75972222222222,0.43645634148078,0.51012613414071,0.12879247629312,11.8405156998058
4.75982142857143,0.436420228761856,0.510096395107026,0.128730879411898,11.8407760617685
4.75992063492063,0.436384119754949,0.510066653513523,0.12866931192078,11.8410363973317
4.76001984126984,0.436348014459368,0.510036909362613,0.128607773806353,11.8412967065002
4.76011904761905,0.436311912874423,0.51000716265671,0.12854626505521,11.8415569892786
4.76021825396825,0.436275814999424,0.509977413398228,0.128484785653948,11.8418172456719
4.76031746031746,0.436239720833682,0.509947661589577,0.128423335589167,11.8420774756847
4.76041666666667,0.436203630376506,0.509917907233169,0.128361914847472,11.8423376793219
4.76051587301587,0.436167543627207,0.509888150331413,0.128300523415472,11.8425978565882
4.76061507936508,0.436131460585096,0.509858390886719,0.128239161279782,11.8428580074883
4.76071428571429,0.436095381249484,0.509828628901495,0.128177828427019,11.8431181320271
4.76081349206349,0.436059305619682,0.509798864378148,0.128116524843806,11.8433782302093
4.7609126984127,0.436023233695002,0.509769097319086,0.128055250516771,11.8436383020397
4.76101190476191,0.435987165474756,0.509739327726713,0.127994005432544,11.8438983475229
4.76111111111111,0.435951100958255,0.509709555603434,0.127932789577761,11.8441583666639
4.76121031746032,0.43591504014481,0.509679780951654,0.127871602939063,11.8444183594673
4.76130952380952,0.435878983033736,0.509650003773776,0.127810445503093,11.8446783259379
4.76140873015873,0.435842929624343,0.509620224072201,0.127749317256501,11.8449382660805
4.76150793650794,0.435806879915945,0.509590441849331,0.127688218185939,11.8451981798998
4.76160714285714,0.435770833907855,0.509560657107567,0.127627148278066,11.8454580674005
4.76170634920635,0.435734791599385,0.509530869849309,0.127566107519542,11.8457179285875
4.76180555555556,0.43569875298985,0.509501080076954,0.127505095897035,11.8459777634655
4.76190476190476,0.435662718078562,0.509471287792901,0.127444113397215,11.8462375720392
4.76200396825397,0.435626686864836,0.509441492999547,0.127383160006757,11.8464973543133
4.76210317460317,0.435590659347985,0.509411695699288,0.12732223571234,11.8467571102927
4.76220238095238,0.435554635527323,0.509381895894519,0.127261340500648,11.8470168399821
4.76230158730159,0.435518615402165,0.509352093587635,0.127200474358369,11.8472765433862
4.76240079365079,0.435482598971826,0.509322288781029,0.127139637272196,11.8475362205097
4.7625,0.43544658623562,0.509292481477094,0.127078829228825,11.8477958713575
4.76259920634921,0.435410577192863,0.509262671678222,0.127018050214958,11.8480554959342
4.76269841269841,0.435374571842869,0.509232859386804,0.1269573002173,11.8483150942446
4.76279761904762,0.435338570184954,0.50920304460523,0.126896579222562,11.8485746662934
4.76289682539683,0.435302572218433,0.509173227335889,0.126835887217457,11.8488342120854
4.76299603174603,0.435266577942623,0.509143407581169,0.126775224188704,11.8490937316254
4.76309523809524,0.435230587356839,0.509113585343458,0.126714590123026,11.8493532249179
4.76319444444444,0.435194600460398,0.509083760625143,0.126653985007151,11.8496126919679
4.76329365079365,0.435158617252617,0.509053933428609,0.126593408827811,11.8498721327799
4.76339285714286,0.435122637732811,0.509024103756242,0.126532861571741,11.8501315473589
4.76349206349206,0.435086661900298,0.508994271610424,0.126472343225682,11.8503909357094
4.76359126984127,0.435050689754395,0.508964436993541,0.126411853776379,11.8506502978362
4.76369047619048,0.43501472129442,0.508934599907973,0.126351393210582,11.850909633744
4.76378968253968,0.434978756519689,0.508904760356101,0.126290961515043,11.8511689434377
4.76388888888889,0.434942795429521,0.508874918340308,0.126230558676521,11.8514282269218
4.7639880952381,0.434906838023233,0.508845073862973,0.126170184681778,11.8516874842011
4.7640873015873,0.434870884300144,0.508815226926473,0.126109839517582,11.8519467152804
4.76418650793651,0.434834934259572,0.508785377533188,0.126049523170702,11.8522059201644
4.76428571428571,0.434798987900836,0.508755525685494,0.125989235627915,11.8524650988578
4.76438492063492,0.434763045223254,0.508725671385768,0.125928976876001,11.8527242513653
4.76448412698413,0.434727106226146,0.508695814636384,0.125868746901742,11.8529833776916
4.76458333333333,0.43469117090883,0.508665955439718,0.125808545691929,11.8532424778415
4.76468253968254,0.434655239270626,0.508636093798143,0.125748373233354,11.8535015518196
4.76478174603175,0.434619311310854,0.508606229714032,0.125688229512815,11.8537605996308
4.76488095238095,0.434583387028834,0.508576363189757,0.125628114517112,11.8540196212796
4.76498015873016,0.434547466423885,0.508546494227689,0.125568028233053,11.8542786167709
4.76507936507937,0.434511549495329,0.508516622830197,0.125507970647447,11.8545375861093
4.76517857142857,0.434475636242484,0.508486748999652,0.125447941747109,11.8547965292995
4.76527777777778,0.434439726664673,0.508456872738421,0.125387941518858,11.8550554463463
4.76537698412698,0.434403820761215,0.508426994048873,0.125327969949519,11.8553143372544
4.76547619047619,0.434367918531433,0.508397112933374,0.125268027025918,11.8555732020284
4.7655753968254,0.434332019974647,0.50836722939429,0.125208112734888,11.8558320406731
4.7656746031746,0.434296125090179,0.508337343433985,0.125148227063266,11.8560908531932
4.76577380952381,0.43426023387735,0.508307455054825,0.125088369997893,11.8563496395934
4.76587301587302,0.434224346335483,0.508277564259171,0.125028541525614,11.8566083998784
4.76597222222222,0.4341884624639,0.508247671049387,0.124968741633278,11.8568671340529
4.76607142857143,0.434152582261923,0.508217775427834,0.12490897030774,11.8571258421216
4.76617063492063,0.434116705728874,0.508187877396873,0.124849227535858,11.8573845240891
4.76626984126984,0.434080832864078,0.508157976958864,0.124789513304496,11.8576431799603
4.76636904761905,0.434044963666855,0.508128074116164,0.124729827600519,11.8579018097398
4.76646825396825,0.43400909813653,0.508098168871133,0.124670170410801,11.8581604134322
4.76656746031746,0.433973236272427,0.508068261226128,0.124610541722216,11.8584189910423
4.76666666666667,0.433937378073868,0.508038351183505,0.124550941521645,11.8586775425749
4.76676587301587,0.433901523540177,0.508008438745619,0.124491369795973,11.8589360680344
4.76686507936508,0.433865672670679,0.507978523914825,0.124431826532089,11.8591945674258
4.76696428571429,0.433829825464699,0.507948606693477,0.124372311716886,11.8594530407536
4.76706349206349,0.433793981921559,0.507918687083927,0.124312825337261,11.8597114880225
4.7671626984127,0.433758142040586,0.507888765088527,0.124253367380118,11.8599699092373
4.7672619047619,0.433722305821103,0.50785884070963,0.124193937832362,11.8602283044025
4.76736111111111,0.433686473262437,0.507828913949584,0.124134536680905,11.860486673523
4.76746031746032,0.433650644363911,0.507798984810739,0.124075163912661,11.8607450166034
4.76755952380952,0.433614819124853,0.507769053295445,0.124015819514551,11.8610033336483
4.76765873015873,0.433578997544587,0.507739119406047,0.123956503473498,11.8612616246625
4.76775793650794,0.43354317962244,0.507709183144894,0.12389721577643,11.8615198896506
4.76785714285714,0.433507365357737,0.507679244514331,0.123837956410281,11.8617781286173
4.76795634920635,0.433471554749805,0.507649303516703,0.123778725361987,11.8620363415674
4.76805555555556,0.433435747797972,0.507619360154355,0.12371952261849,11.8622945285053
4.76815476190476,0.433399944501562,0.507589414429629,0.123660348166735,11.862552689436
4.76825396825397,0.433364144859903,0.507559466344868,0.123601201993673,11.8628108243639
4.76835317460317,0.433328348872324,0.507529515902414,0.123542084086259,11.8630689332938
4.76845238095238,0.43329255653815,0.507499563104608,0.12348299443145,11.8633270162304
4.76855158730159,0.43325676785671,0.507469607953789,0.123423933016212,11.8635850731784
4.76865079365079,0.433220982827331,0.507439650452296,0.12336489982751,11.8638431041423
4.76875,0.433185201449342,0.507409690602468,0.123305894852318,11.8641011091269
4.76884920634921,0.433149423722071,0.507379728406641,0.123246918077612,11.8643590881369
4.76894841269841,0.433113649644846,0.507349763867152,0.123187969490371,11.8646170411768
4.76904761904762,0.433077879216995,0.507319796986338,0.123129049077582,11.8648749682515
4.76914682539683,0.433042112437849,0.507289827766531,0.123070156826235,11.8651328693655
4.76924603174603,0.433006349306735,0.507259856210066,0.123011292723322,11.8653907445234
4.76934523809524,0.432970589822983,0.507229882319277,0.122952456755842,11.8656485937301
4.76944444444444,0.432934833985924,0.507199906096494,0.122893648910798,11.86590641699
4.76954365079365,0.432899081794885,0.50716992754405,0.122834869175197,11.866164214308
4.76964285714286,0.432863333249198,0.507139946664274,0.122776117536049,11.8664219856885
4.76974206349206,0.432827588348192,0.507109963459496,0.122717393980371,11.8666797311364
4.76984126984127,0.432791847091198,0.507079977932045,0.122658698495183,11.8669374506562
4.76994047619048,0.432756109477547,0.507049990084248,0.122600031067509,11.8671951442527
4.77003968253968,0.432720375506568,0.507019999918433,0.122541391684378,11.8674528119304
4.77013888888889,0.432684645177594,0.506990007436924,0.122482780332824,11.867710453694
4.77023809523809,0.432648918489955,0.506960012642048,0.122424196999883,11.8679680695482
4.7703373015873,0.432613195442983,0.506930015536129,0.122365641672597,11.8682256594976
4.77043650793651,0.432577476036009,0.50690001612149,0.122307114338013,11.8684832235468
4.77053571428571,0.432541760268366,0.506870014400453,0.122248614983182,11.8687407617006
4.77063492063492,0.432506048139384,0.506840010375341,0.122190143595159,11.8689982739635
4.77073412698413,0.432470339648398,0.506810004048473,0.122131700161003,11.8692557603402
4.77083333333333,0.432434634794738,0.506779995422171,0.122073284667777,11.8695132208354
4.77093253968254,0.432398933577738,0.506749984498752,0.12201489710255,11.8697706554536
4.77103174603175,0.43236323599673,0.506719971280536,0.121956537452394,11.8700280641996
4.77113095238095,0.432327542051047,0.506689955769839,0.121898205704386,11.8702854470779
4.77123015873016,0.432291851740024,0.506659937968979,0.121839901845608,11.8705428040933
4.77132936507937,0.432256165062993,0.50662991788027,0.121781625863144,11.8708001352503
4.77142857142857,0.432220482019288,0.506599895506027,0.121723377744086,11.8710574405536
4.77152777777778,0.432184802608243,0.506569870848565,0.121665157475527,11.8713147200078
4.77162698412698,0.432149126829192,0.506539843910196,0.121606965044566,11.8715719736176
4.77172619047619,0.43211345468147,0.506509814693232,0.121548800438305,11.8718292013875
4.7718253968254,0.432077786164411,0.506479783199985,0.121490663643853,11.8720864033223
4.7719246031746,0.432042121277349,0.506449749432765,0.121432554648321,11.8723435794265
4.77202380952381,0.43200646001962,0.506419713393882,0.121374473438826,11.8726007297048
4.77212301587302,0.43197080239056,0.506389675085644,0.121316420002488,11.8728578541618
4.77222222222222,0.431935148389502,0.506359634510359,0.121258394326431,11.8731149528021
4.77232142857143,0.431899498015784,0.506329591670334,0.121200396397785,11.8733720256304
4.77242063492063,0.431863851268741,0.506299546567876,0.121142426203684,11.8736290726513
4.77251984126984,0.431828208147708,0.506269499205289,0.121084483731266,11.8738860938694
4.77261904761905,0.431792568652022,0.506239449584877,0.121026568967673,11.8741430892893
4.77271825396825,0.43175693278102,0.506209397708944,0.120968681900052,11.8744000589156
4.77281746031746,0.431721300534038,0.506179343579794,0.120910822515553,11.8746570027531
4.77291666666667,0.431685671910414,0.506149287199726,0.120852990801333,11.8749139208062
4.77301587301587,0.431650046909483,0.506119228571044,0.120795186744551,11.8751708130797
4.77311507936508,0.431614425530584,0.506089167696045,0.120737410332372,11.875427679578
4.77321428571429,0.431578807773054,0.506059104577031,0.120679661551964,11.8756845203059
4.77331349206349,0.43154319363623,0.506029039216298,0.1206219403905,11.875941335268
4.7734126984127,0.431507583119451,0.505998971616144,0.120564246835156,11.8761981244688
4.77351190476191,0.431471976222054,0.505968901778866,0.120506580873116,11.876454887913
4.77361111111111,0.431436372943379,0.50593882970676,0.120448942491565,11.8767116256052
4.77371031746032,0.431400773282763,0.505908755402119,0.120391331677694,11.87696833755
4.77380952380952,0.431365177239546,0.50587867886724,0.120333748418696,11.877225023752
4.77390873015873,0.431329584813066,0.505848600104413,0.120276192701773,11.8774816842158
4.77400793650794,0.431293996002662,0.505818519115932,0.120218664514126,11.877738318946
4.77410714285714,0.431258410807675,0.505788435904088,0.120161163842963,11.8779949279473
4.77420634920635,0.431222829227442,0.505758350471172,0.120103690675498,11.8782515112242
4.77430555555556,0.431187251261306,0.505728262819472,0.120046244998946,11.8785080687813
4.77440476190476,0.431151676908604,0.505698172951278,0.11998882680053,11.8787646006232
4.77450396825397,0.431116106168678,0.505668080868878,0.119931436067473,11.8790211067546
4.77460317460317,0.431080539040868,0.505637986574559,0.119874072787006,11.87927758718
4.77470238095238,0.431044975524515,0.505607890070606,0.119816736946363,11.879534041904
4.77480158730159,0.431009415618959,0.505577791359306,0.119759428532782,11.8797904709313
4.77490079365079,0.430973859323542,0.505547690442941,0.119702147533507,11.8800468742664
4.775,0.430938306637605,0.505517587323798,0.119644893935783,11.8803032519138
4.77509920634921,0.430902757560489,0.505487482004157,0.119587667726864,11.8805596038783
4.77519841269841,0.430867212091536,0.5054573744863,0.119530468894005,11.8808159301644
4.77529761904762,0.430831670230088,0.505427264772509,0.119473297424466,11.8810722307767
4.77539682539683,0.430796131975487,0.505397152865064,0.119416153305512,11.8813285057197
4.77549603174603,0.430760597327076,0.505367038766244,0.119359036524411,11.8815847549981
4.77559523809524,0.430725066284197,0.505336922478327,0.119301947068438,11.8818409786165
4.77569444444444,0.430689538846192,0.505306804003591,0.11924488492487,11.8820971765794
4.77579365079365,0.430654015012405,0.505276683344312,0.11918785008099,11.8823533488914
4.77589285714286,0.43061849478218,0.505246560502766,0.119130842524083,11.8826094955571
4.77599206349206,0.430582978154858,0.505216435481228,0.119073862241441,11.8828656165811
4.77609126984127,0.430547465129784,0.505186308281973,0.119016909220358,11.883121711968
4.77619047619048,0.430511955706302,0.505156178907272,0.118959983448136,11.8833777817223
4.77628968253968,0.430476449883756,0.505126047359399,0.118903084912076,11.8836338258486
4.77638888888889,0.430440947661489,0.505095913640625,0.118846213599488,11.8838898443515
4.7764880952381,0.430405449038847,0.505065777753221,0.118789369497686,11.8841458372356
4.7765873015873,0.430369954015174,0.505035639699456,0.118732552593984,11.8844018045055
4.77668650793651,0.430334462589815,0.505005499481598,0.118675762875706,11.8846577461657
4.77678571428571,0.430298974762115,0.504975357101917,0.118619000330177,11.8849136622207
4.77688492063492,0.430263490531418,0.504945212562679,0.118562264944727,11.8851695526753
4.77698412698413,0.430228009897072,0.504915065866151,0.118505556706691,11.8854254175339
4.77708333333333,0.430192532858421,0.504884917014597,0.118448875603407,11.885681256801
4.77718253968254,0.430157059414811,0.504854766010282,0.118392221622219,11.8859370704814
4.77728174603175,0.430121589565589,0.50482461285547,0.118335594750475,11.8861928585795
4.77738095238095,0.4300861233101,0.504794457552424,0.118278994975527,11.8864486210999
4.77748015873016,0.430050660647692,0.504764300103405,0.11822242228473,11.8867043580472
4.77757936507937,0.430015201577711,0.504734140510675,0.118165876665447,11.8869600694259
4.77767857142857,0.429979746099504,0.504703978776493,0.118109358105041,11.8872157552406
4.77777777777778,0.429944294212418,0.50467381490312,0.118052866590883,11.8874714154959
4.77787698412698,0.4299088459158,0.504643648892813,0.117996402110346,11.8877270501963
4.77797619047619,0.429873401208998,0.50461348074783,0.117939964650808,11.8879826593463
4.7780753968254,0.429837960091361,0.504583310470428,0.117883554199653,11.8882382429506
4.7781746031746,0.429802522562235,0.504553138062862,0.117827170744267,11.8884938010137
4.77827380952381,0.42976708862097,0.504522963527388,0.117770814272042,11.8887493335401
4.77837301587302,0.429731658266913,0.50449278686626,0.117714484770372,11.8890048405344
4.77847222222222,0.429696231499414,0.504462608081731,0.117658182226659,11.8892603220011
4.77857142857143,0.42966080831782,0.504432427176053,0.117601906628307,11.8895157779448
4.77867063492064,0.429625388721481,0.504402244151477,0.117545657962724,11.8897712083701
4.77876984126984,0.429589972709747,0.504372059010256,0.117489436217324,11.8900266132815
4.77886904761905,0.429554560281967,0.504341871754637,0.117433241379524,11.8902819926835
4.77896825396825,0.429519151437491,0.50431168238687,0.117377073436747,11.8905373465807
4.77906746031746,0.429483746175668,0.504281490909204,0.117320932376418,11.8907926749777
4.77916666666667,0.429448344495848,0.504251297323885,0.117264818185968,11.8910479778789
4.77926587301587,0.429412946397383,0.50422110163316,0.117208730852832,11.8913032552889
4.77936507936508,0.429377551879621,0.504190903839274,0.117152670364449,11.8915585072123
4.77946428571429,0.429342160941915,0.504160703944471,0.117096636708265,11.8918137336536
4.77956349206349,0.429306773583616,0.504130501950996,0.117040629871725,11.8920689346174
4.7796626984127,0.429271389804073,0.504100297861091,0.116984649842284,11.8923241101081
4.77976190476191,0.429236009602639,0.504070091676999,0.116928696607397,11.8925792601303
4.77986111111111,0.429200632978666,0.50403988340096,0.116872770154527,11.8928343846886
4.77996031746032,0.429165259931504,0.504009673035214,0.116816870471138,11.8930894837875
4.78005952380952,0.429129890460507,0.503979460582001,0.116760997544701,11.8933445574315
4.78015873015873,0.429094524565025,0.50394924604356,0.116705151362689,11.8935996056251
4.78025793650794,0.429059162244412,0.503919029422128,0.116649331912583,11.8938546283729
4.78035714285714,0.429023803498021,0.503888810719942,0.116593539181864,11.8941096256795
4.78045634920635,0.428988448325204,0.503858589939238,0.11653777315802,11.8943645975492
4.78055555555556,0.428953096725314,0.50382836708225,0.116482033828544,11.8946195439868
4.78065476190476,0.428917748697705,0.503798142151214,0.11642632118093,11.8948744649966
4.78075396825397,0.428882404241729,0.503767915148362,0.11637063520268,11.8951293605832
4.78085317460318,0.428847063356741,0.503737686075927,0.116314975881299,11.8953842307512
4.78095238095238,0.428811726042095,0.503707454936141,0.116259343204295,11.895639075505
4.78105158730159,0.428776392297144,0.503677221731233,0.116203737159184,11.8958938948492
4.78115079365079,0.428741062121243,0.503646986463435,0.116148157733481,11.8961486887884
4.78125,0.428705735513747,0.503616749134975,0.116092604914711,11.8964034573269
4.78134920634921,0.42867041247401,0.503586509748081,0.1160370786904,11.8966582004694
4.78144841269841,0.428635093001387,0.50355626830498,0.115981579048078,11.8969129182203
4.78154761904762,0.428599777095234,0.503526024807899,0.115926105975281,11.8971676105843
4.78164682539683,0.428564464754904,0.503495779259063,0.11587065945955,11.8974222775657
4.78174603174603,0.428529155979756,0.503465531660697,0.115815239488428,11.897676919169
4.78184523809524,0.428493850769143,0.503435282015026,0.115759846049464,11.897931535399
4.78194444444444,0.428458549122422,0.50340503032427,0.115704479130211,11.8981861262599
4.78204365079365,0.42842325103895,0.503374776590654,0.115649138718226,11.8984406917563
4.78214285714286,0.428387956518082,0.503344520816397,0.115593824801071,11.8986952318928
4.78224206349206,0.428352665559176,0.503314263003721,0.115538537366312,11.8989497466739
4.78234126984127,0.428317378161587,0.503284003154844,0.11548327640152,11.8992042361039
4.78244047619048,0.428282094324674,0.503253741271986,0.115428041894269,11.8994587001876
4.78253968253968,0.428246814047793,0.503223477357364,0.115372833832138,11.8997131389293
4.78263888888889,0.428211537330302,0.503193211413195,0.115317652202711,11.8999675523335
4.78273809523809,0.428176264171559,0.503162943441694,0.115262496993576,11.9002219404048
4.7828373015873,0.428140994570921,0.503132673445078,0.115207368192325,11.9004763031477
4.78293650793651,0.428105728527747,0.50310240142556,0.115152265786555,11.9007306405667
4.78303571428571,0.428070466041394,0.503072127385354,0.115097189763867,11.9009849526662
4.78313492063492,0.428035207111222,0.503041851326672,0.115042140111866,11.9012392394507
4.78323412698413,0.427999951736589,0.503011573251726,0.114987116818161,11.9014935009248
4.78333333333333,0.427964699916854,0.502981293162726,0.114932119870368,11.9017477370929
4.78343253968254,0.427929451651376,0.502951011061884,0.114877149256104,11.9020019479596
4.78353174603175,0.427894206939515,0.502920726951407,0.114822204962993,11.9022561335293
4.78363095238095,0.42785896578063,0.502890440833503,0.114767286978661,11.9025102938065
4.78373015873016,0.427823728174081,0.502860152710382,0.11471239529074,11.9027644287957
4.78382936507937,0.427788494119227,0.502829862584247,0.114657529886866,11.9030185385014
4.78392857142857,0.42775326361543,0.502799570457306,0.11460269075468,11.9032726229281
4.78402777777778,0.427718036662049,0.502769276331763,0.114547877881826,11.9035266820803
4.78412698412698,0.427682813258446,0.502738980209823,0.114493091255953,11.9037807159624
4.78422619047619,0.42764759340398,0.502708682093687,0.114438330864714,11.9040347245789
4.7843253968254,0.427612377098013,0.502678381985558,0.114383596695768,11.9042887079343
4.7844246031746,0.427577164339907,0.502648079887637,0.114328888736776,11.9045426660332
4.78452380952381,0.427541955129022,0.502617775802125,0.114274206975405,11.9047965988799
4.78462301587302,0.427506749464721,0.502587469731222,0.114219551399326,11.9050505064789
4.78472222222222,0.427471547346364,0.502557161677125,0.114164921996214,11.9053043888348
4.78482142857143,0.427436348773316,0.502526851642033,0.11411031875375,11.905558245952
4.78492063492063,0.427401153744937,0.502496539628143,0.114055741659616,11.905812077835
4.78501984126984,0.42736596226059,0.502466225637651,0.114001190701501,11.9060658844882
4.78511904761905,0.427330774319638,0.502435909672752,0.113946665867098,11.9063196659162
4.78521825396825,0.427295589921443,0.50240559173564,0.113892167144104,11.9065734221234
4.78531746031746,0.42726040906537,0.502375271828508,0.11383769452022,11.9068271531142
4.78541666666667,0.427225231750781,0.502344949953551,0.113783247983153,11.9070808588931
4.78551587301587,0.427190057977039,0.502314626112958,0.113728827520612,11.9073345394647
4.78561507936508,0.42715488774351,0.502284300308921,0.113674433120313,11.9075881948333
4.78571428571429,0.427119721049556,0.502253972543631,0.113620064769973,11.9078418250035
4.78581349206349,0.427084557894542,0.502223642819276,0.113565722457317,11.9080954299797
4.7859126984127,0.427049398277832,0.502193311138044,0.113511406170072,11.9083490097663
4.7860119047619,0.427014242198791,0.502162977502123,0.11345711589597,11.9086025643678
4.78611111111111,0.426979089656783,0.502132641913699,0.113402851622747,11.9088560937888
4.78621031746032,0.426943940651174,0.502102304374959,0.113348613338145,11.9091095980335
4.78630952380952,0.42690879518133,0.502071964888087,0.113294401029908,11.9093630771066
4.78640873015873,0.426873653246614,0.502041623455266,0.113240214685786,11.9096165310124
4.78650793650794,0.426838514846394,0.502011280078681,0.113186054293533,11.9098699597555
4.78660714285714,0.426803379980034,0.501980934760512,0.113131919840907,11.9101233633402
4.78670634920635,0.426768248646902,0.501950587502943,0.11307781131567,11.910376741771
4.78680555555556,0.426733120846363,0.501920238308152,0.11302372870559,11.9106300950525
4.78690476190476,0.426697996577783,0.50188988717832,0.112969671998439,11.9108834231889
4.78700396825397,0.42666287584053,0.501859534115625,0.112915641181991,11.9111367261848
4.78710317460317,0.426627758633971,0.501829179122245,0.112861636244026,11.9113900040446
4.78720238095238,0.426592644957472,0.501798822200358,0.112807657172331,11.9116432567728
4.78730158730159,0.426557534810401,0.50176846335214,0.112753703954692,11.9118964843738
4.78740079365079,0.426522428192126,0.501738102579765,0.112699776578904,11.9121496868521
4.7875,0.426487325102014,0.501707739885408,0.112645875032763,11.9124028642121
4.78759920634921,0.426452225539433,0.501677375271243,0.112591999304072,11.9126560164582
4.78769841269841,0.426417129503751,0.501647008739442,0.112538149380638,11.912909143595
4.78779761904762,0.426382036994338,0.501616640292178,0.11248432525027,11.9131622456267
4.78789682539683,0.42634694801056,0.50158626993162,0.112430526900785,11.9134153225579
4.78799603174603,0.426311862551788,0.50155589765994,0.11237675432,11.913668374393
4.78809523809524,0.42627678061739,0.501525523479307,0.112323007495741,11.9139214011365
4.78819444444444,0.426241702206736,0.501495147391888,0.112269286415834,11.9141744027927
4.78829365079365,0.426206627319195,0.501464769399852,0.112215591068113,11.9144273793662
4.78839285714286,0.426171555954136,0.501434389505365,0.112161921440415,11.9146803308613
4.78849206349206,0.42613648811093,0.501404007710592,0.112108277520581,11.9149332572825
4.78859126984127,0.426101423788946,0.501373624017699,0.112054659296456,11.9151861586341
4.78869047619048,0.426066362987555,0.50134323842885,0.11200106675589,11.9154390349208
4.78878968253968,0.426031305706127,0.501312850946208,0.111947499886738,11.9156918861467
4.78888888888889,0.425996251944034,0.501282461571935,0.111893958676859,11.9159447123165
4.78898809523809,0.425961201700645,0.501252070308192,0.111840443114115,11.9161975134345
4.7890873015873,0.425926154975333,0.50122167715714,0.111786953186373,11.9164502895051
4.78918650793651,0.425891111767468,0.501191282120939,0.111733488881507,11.9167030405329
4.78928571428571,0.425856072076422,0.501160885201748,0.111680050187392,11.916955766522
4.78938492063492,0.425821035901566,0.501130486401725,0.111626637091908,11.9172084674771
4.78948412698413,0.425786003242274,0.501100085723026,0.111573249582941,11.9174611434026
4.78958333333333,0.425750974097916,0.501069683167808,0.11151988764838,11.9177137943028
4.78968253968254,0.425715948467865,0.501039278738226,0.111466551276118,11.9179664201821
4.78978174603175,0.425680926351495,0.501008872436435,0.111413240454053,11.918219021045
4.78988095238095,0.425645907748177,0.500978464264589,0.111359955170088,11.918471596896
4.78998015873016,0.425610892657285,0.50094805422484,0.11130669541213,11.9187241477393
4.79007936507937,0.425575881078191,0.50091764231934,0.11125346116809,11.9189766735795
4.79017857142857,0.42554087301027,0.50088722855024,0.111200252425883,11.9192291744209
4.79027777777778,0.425505868452896,0.50085681291969,0.111147069173429,11.9194816502679
4.79037698412698,0.425470867405441,0.50082639542984,0.111093911398652,11.919734101125
4.79047619047619,0.42543586986728,0.500795976082838,0.111040779089481,11.9199865269966
4.7905753968254,0.425400875837787,0.500765554880831,0.110987672233849,11.920238927887
4.7906746031746,0.425365885316337,0.500735131825967,0.110934590819693,11.9204913038007
4.79077380952381,0.425330898302304,0.500704706920391,0.110881534834956,11.9207436547421
4.79087301587302,0.425295914795064,0.500674280166249,0.110828504267582,11.9209959807156
4.79097222222222,0.425260934793991,0.500643851565683,0.110775499105523,11.9212482817255
4.79107142857143,0.425225958298461,0.500613421120838,0.110722519336733,11.9215005577764
4.79117063492063,0.425190985307849,0.500582988833856,0.110669564949171,11.9217528088725
4.79126984126984,0.425156015821531,0.500552554706878,0.110616635930802,11.9220050350183
4.79136904761905,0.425121049838884,0.500522118742045,0.110563732269592,11.9222572362182
4.79146825396825,0.425086087359283,0.500491680941497,0.110510853953515,11.9225094124766
4.79156746031746,0.425051128382104,0.500461241307373,0.110458000970546,11.9227615637979
4.79166666666667,0.425016172906725,0.50043079984181,0.110405173308668,11.9230136901864
4.79176587301587,0.424981220932521,0.500400356546946,0.110352370955864,11.9232657916466
4.79186507936508,0.424946272458871,0.500369911424918,0.110299593900126,11.9235178681828
4.79196428571429,0.424911327485151,0.50033946447786,0.110246842129447,11.9237699197995
4.79206349206349,0.424876386010738,0.500309015707907,0.110194115631825,11.924021946501
4.7921626984127,0.424841448035011,0.500278565117193,0.110141414395264,11.9242739482917
4.79226190476191,0.424806513557347,0.500248112707851,0.110088738407771,11.924525925176
4.79236111111111,0.424771582577124,0.500217658482013,0.110036087657357,11.9247778771583
4.79246031746032,0.424736655093721,0.50018720244181,0.109983462132038,11.925029804243
4.79255952380952,0.424701731106516,0.500156744589372,0.109930861819835,11.9252817064345
4.79265873015873,0.424666810614887,0.500126284926828,0.109878286708772,11.925533583737
4.79275793650794,0.424631893618214,0.500095823456308,0.109825736786878,11.9257854361552
4.79285714285714,0.424596980115876,0.500065360179938,0.109773212042187,11.9260372636932
4.79295634920635,0.424562070107252,0.500034895099846,0.109720712462737,11.9262890663554
4.79305555555556,0.424527163591721,0.500004428218157,0.10966823803657,11.9265408441464
4.79315476190476,0.424492260568664,0.499973959536996,0.109615788751732,11.9267925970703
4.79325396825397,0.42445736103746,0.499943489058488,0.109563364596274,11.9270443251317
4.79335317460317,0.42442246499749,0.499913016784756,0.109510965558252,11.9272960283348
4.79345238095238,0.424387572448133,0.499882542717922,0.109458591625725,11.9275477066841
4.79355158730159,0.424352683388771,0.499852066860109,0.109406242786756,11.927799360184
4.79365079365079,0.424317797818784,0.499821589213436,0.109353919029416,11.9280509888387
4.79375,0.424282915737553,0.499791109780023,0.109301620341775,11.9283025926527
4.79384920634921,0.42424803714446,0.49976062856199,0.109249346711912,11.9285541716302
4.79394841269841,0.424213162038885,0.499730145561455,0.109197098127908,11.9288057257758
4.79404761904762,0.424178290420211,0.499699660780535,0.109144874577849,11.9290572550938
4.79414682539683,0.42414342228782,0.499669174221346,0.109092676049825,11.9293087595885
4.79424603174603,0.424108557641092,0.499638685886004,0.109040502531929,11.9295602392642
4.79434523809524,0.424073696479412,0.499608195776623,0.108988354012263,11.9298116941254
4.79444444444444,0.42403883880216,0.499577703895318,0.108936230478928,11.9300631241765
4.79454365079365,0.424003984608721,0.4995472102442,0.108884131920033,11.9303145294216
4.79464285714286,0.423969133898476,0.499516714825383,0.108832058323689,11.9305659098654
4.79474206349206,0.423934286670809,0.499486217640978,0.108780009678014,11.930817265512
4.79484126984127,0.423899442925103,0.499455718693094,0.108727985971127,11.9310685963658
4.79494047619048,0.423864602660742,0.499425217983842,0.108675987191154,11.9313199024312
4.79503968253968,0.423829765877109,0.499394715515329,0.108624013326224,11.9315711837126
4.79513888888889,0.423794932573589,0.499364211289664,0.108572064364471,11.9318224402142
4.7952380952381,0.423760102749565,0.499333705308953,0.108520140294035,11.9320736719406
4.7953373015873,0.423725276404422,0.499303197575303,0.108468241103056,11.9323248788959
4.79543650793651,0.423690453537545,0.499272688090818,0.108416366779683,11.9325760610845
4.79553571428571,0.423655634148318,0.499242176857603,0.108364517312066,11.9328272185109
4.79563492063492,0.423620818236126,0.499211663877761,0.108312692688362,11.9330783511793
4.79573412698413,0.423586005800355,0.499181149153395,0.10826089289673,11.933329459094
4.79583333333333,0.42355119684039,0.499150632686606,0.108209117925335,11.9335805422595
4.79593253968254,0.423516391355616,0.499120114479496,0.108157367762346,11.9338316006801
4.79603174603175,0.423481589345419,0.499089594534164,0.108105642395935,11.9340826343601
4.79613095238095,0.423446790809187,0.499059072852709,0.108053941814282,11.9343336433038
4.79623015873016,0.423411995746303,0.499028549437229,0.108002266005567,11.9345846275157
4.79632936507937,0.423377204156156,0.498998024289822,0.107950614957976,11.9348355869999
4.79642857142857,0.423342416038132,0.498967497412584,0.107898988659701,11.935086521761
4.79652777777778,0.423307631391617,0.498936968807611,0.107847387098936,11.9353374318031
4.79662698412698,0.423272850216,0.498906438476998,0.107795810263882,11.9355883171307
4.79672619047619,0.423238072510666,0.498875906422838,0.107744258142741,11.935839177748
4.7968253968254,0.423203298275005,0.498845372647224,0.107692730723722,11.9360900136594
4.7969246031746,0.423168527508402,0.498814837152249,0.107641227995038,11.9363408248693
4.79702380952381,0.423133760210247,0.498784299940003,0.107589749944905,11.9365916113819
4.79712301587302,0.423098996379928,0.498753761012578,0.107538296561544,11.9368423732016
4.79722222222222,0.423064236016832,0.498723220372063,0.107486867833181,11.9370931103327
4.79732142857143,0.423029479120349,0.498692678020546,0.107435463748047,11.9373438227796
4.79742063492063,0.422994725689867,0.498662133960115,0.107384084294375,11.9375945105465
4.79751984126984,0.422959975724775,0.498631588192858,0.107332729460405,11.9378451736379
4.79761904761905,0.422925229224463,0.498601040720859,0.107281399234378,11.9380958120579
4.79771825396825,0.42289048618832,0.498570491546206,0.107230093604544,11.9383464258109
4.79781746031746,0.422855746615735,0.498539940670981,0.107178812559153,11.9385970149014
4.79791666666667,0.422821010506098,0.498509388097268,0.107127556086462,11.9388475793335
4.79801587301587,0.4227862778588,0.49847883382715,0.107076324174731,11.9390981191115
4.79811507936508,0.42275154867323,0.498448277862709,0.107025116812226,11.9393486342399
4.79821428571429,0.42271682294878,0.498417720206025,0.106973933987216,11.9395991247229
4.79831349206349,0.422682100684839,0.498387160859179,0.106922775687973,11.9398495905648
4.7984126984127,0.422647381880799,0.498356599824249,0.106871641902777,11.94010003177
4.7985119047619,0.42261266653605,0.498326037103314,0.10682053261991,11.9403504483428
4.79861111111111,0.422577954649985,0.498295472698452,0.106769447827659,11.9406008402874
4.79871031746032,0.422543246221994,0.498264906611739,0.106718387514313,11.9408512076082
4.79880952380952,0.422508541251469,0.49823433884525,0.106667351668171,11.9411015503094
4.79890873015873,0.422473839737803,0.49820376940106,0.10661634027753,11.9413518683955
4.79900793650794,0.422439141680387,0.498173198281244,0.106565353330696,11.9416021618707
4.79910714285714,0.422404447078613,0.498142625487874,0.106514390815976,11.9418524307392
4.79920634920635,0.422369755931875,0.498112051023023,0.106463452721685,11.9421026750055
4.79930555555556,0.422335068239565,0.498081474888762,0.106412539036138,11.9423528946738
4.79940476190476,0.422300384001076,0.498050897087162,0.106361649747659,11.9426030897484
4.79950396825397,0.422265703215801,0.498020317620291,0.106310784844572,11.9428532602336
4.79960317460317,0.422231025883134,0.497989736490219,0.10625994431521,11.9431034061337
4.79970238095238,0.422196352002468,0.497959153699014,0.106209128147905,11.943353527453
4.79980158730159,0.422161681573198,0.497928569248743,0.106158336330999,11.9436036241958
4.79990079365079,0.422127014594716,0.497897983141471,0.106107568852833,11.9438536963664
4.8,0.422092351066418,0.497867395379265,0.106056825701756,11.9441037439691
4.80009920634921,0.422057690987698,0.497836805964189,0.106006106866121,11.9443537670082
4.80019841269841,0.42202303435795,0.497806214898305,0.105955412334283,11.9446037654879
4.80029761904762,0.421988381176569,0.497775622183677,0.105904742094605,11.9448537394126
4.80039682539683,0.421953731442951,0.497745027822367,0.105854096135451,11.9451036887866
4.80049603174603,0.421919085156491,0.497714431816436,0.105803474445191,11.9453536136141
4.80059523809524,0.421884442316584,0.497683834167943,0.105752877012199,11.9456035138994
4.80069444444444,0.421849802922626,0.497653234878948,0.105702303824854,11.9458533896469
4.80079365079365,0.421815166974013,0.49762263395151,0.105651754871539,11.9461032408607
4.80089285714286,0.421780534470141,0.497592031387685,0.105601230140641,11.9463530675452
4.80099206349206,0.421745905410407,0.49756142718953,0.105550729620551,11.9466028697047
4.80109126984127,0.421711279794206,0.497530821359102,0.105500253299666,11.9468526473434
4.80119047619048,0.421676657620936,0.497500213898455,0.105449801166386,11.9471024004656
4.80128968253968,0.421642038889994,0.497469604809643,0.105399373209115,11.9473521290756
4.80138888888889,0.421607423600777,0.497438994094719,0.105348969416263,11.9476018331777
4.80148809523809,0.421572811752682,0.497408381755736,0.105298589776243,11.9478515127762
4.8015873015873,0.421538203345108,0.497377767794744,0.105248234277473,11.9481011678753
4.80168650793651,0.42150359837745,0.497347152213795,0.105197902908375,11.9483507984793
4.80178571428571,0.421468996849109,0.497316535014939,0.105147595657375,11.9486004045924
4.80188492063492,0.421434398759482,0.497285916200223,0.105097312512905,11.948849986219
4.80198412698413,0.421399804107967,0.497255295771696,0.1050470534634,11.9490995433633
4.80208333333333,0.421365212893963,0.497224673731406,0.1049968184973,11.9493490760296
4.80218253968254,0.42133062511687,0.497194050081398,0.104946607603048,11.9495985842221
4.80228174603175,0.421296040776085,0.497163424823717,0.104896420769092,11.9498480679452
4.80238095238095,0.421261459871009,0.497132797960409,0.104846257983887,11.950097527203
4.80248015873016,0.421226882401041,0.497102169493516,0.104796119235888,11.9503469619999
4.80257936507937,0.42119230836558,0.497071539425082,0.104746004513557,11.9505963723401
4.80267857142857,0.421157737764027,0.497040907757149,0.104695913805361,11.9508457582278
4.80277777777778,0.421123170595781,0.497010274491757,0.104645847099769,11.9510951196674
4.80287698412698,0.421088606860244,0.496979639630946,0.104595804385255,11.951344456663
4.80297619047619,0.421054046556815,0.496949003176757,0.1045457856503,11.9515937692191
4.8030753968254,0.421019489684896,0.496918365131227,0.104495790883386,11.9518430573397
4.8031746031746,0.420984936243886,0.496887725496394,0.104445820073001,11.9520923210291
4.80327380952381,0.420950386233188,0.496857084274295,0.104395873207637,11.9523415602917
4.80337301587302,0.420915839652203,0.496826441466966,0.10434595027579,11.9525907751317
4.80347222222222,0.420881296500333,0.496795797076441,0.104296051265962,11.9528399655532
4.80357142857143,0.420846756776979,0.496765151104754,0.104246176166657,11.9530891315607
4.80367063492063,0.420812220481543,0.49673450355394,0.104196324966385,11.9533382731582
4.80376984126984,0.420777687613428,0.496703854426029,0.10414649765366,11.9535873903501
4.80386904761905,0.420743158172036,0.496673203723055,0.104096694217,11.9538364831407
4.80396825396825,0.420708632156769,0.496642551447046,0.104046914644928,11.954085551534
4.80406746031746,0.420674109567031,0.496611897600034,0.103997158925971,11.9543345955345
4.80416666666667,0.420639590402224,0.496581242184047,0.10394742704866,11.9545836151464
4.80426587301587,0.420605074661753,0.496550585201113,0.103897719001531,11.9548326103738
4.80436507936508,0.420570562345019,0.496519926653259,0.103848034773124,11.9550815812211
4.80446428571429,0.420536053451428,0.496489266542512,0.103798374351983,11.9553305276924
4.80456349206349,0.420501547980383,0.496458604870897,0.103748737726658,11.9555794497921
4.8046626984127,0.420467045931288,0.496427941640438,0.103699124885701,11.9558283475242
4.80476190476191,0.420432547303547,0.49639727685316,0.103649535817671,11.9560772208932
4.80486111111111,0.420398052096566,0.496366610511085,0.103599970511129,11.9563260699032
4.80496031746032,0.420363560309748,0.496335942616235,0.103550428954641,11.9565748945585
4.80505952380952,0.420329071942499,0.496305273170631,0.103500911136779,11.9568236948632
4.80515873015873,0.420294586994224,0.496274602176294,0.103451417046116,11.9570724708217
4.80525793650794,0.420260105464328,0.496243929635242,0.103401946671234,11.9573212224381
4.80535714285714,0.420225627352217,0.496213255549495,0.103352500000715,11.9575699497167
4.80545634920635,0.420191152657296,0.49618257992107,0.103303077023147,11.9578186526617
4.80555555555556,0.420156681378973,0.496151902751984,0.103253677727123,11.9580673312773
4.80565476190476,0.420122213516652,0.496121224044252,0.103204302101241,11.9583159855678
4.80575396825397,0.420087749069741,0.496090543799891,0.103154950134101,11.9585646155374
4.80585317460317,0.420053288037646,0.496059862020913,0.103105621814309,11.9588132211902
4.80595238095238,0.420018830419774,0.496029178709332,0.103056317130475,11.9590618025307
4.80605158730159,0.419984376215531,0.495998493867162,0.103007036071214,11.9593103595628
4.80615079365079,0.419949925424326,0.495967807496412,0.102957778625143,11.959558892291
4.80625,0.419915478045566,0.495937119599095,0.102908544780886,11.9598074007193
4.80634920634921,0.419881034078658,0.495906430177219,0.102859334527071,11.960055884852
4.80644841269841,0.41984659352301,0.495875739232795,0.10281014785233,11.9603043446934
4.80654761904762,0.419812156378031,0.495845046767829,0.102760984745298,11.9605527802476
4.80664682539683,0.419777722643129,0.49581435278433,0.102711845194617,11.9608011915188
4.80674603174603,0.419743292317712,0.495783657284303,0.102662729188931,11.9610495785113
4.80684523809524,0.419708865401189,0.495752960269754,0.10261363671689,11.9612979412293
4.80694444444444,0.419674441892969,0.495722261742688,0.102564567767146,11.961546279677
4.80704365079365,0.419640021792462,0.495691561705109,0.102515522328359,11.9617945938586
4.80714285714286,0.419605605099076,0.495660860159019,0.102466500389191,11.9620428837782
4.80724206349206,0.419571191812221,0.495630157106421,0.102417501938308,11.9622911494402
4.80734126984127,0.419536781931307,0.495599452549316,0.102368526964382,11.9625393908487
4.80744047619048,0.419502375455744,0.495568746489703,0.102319575456088,11.9627876080079
4.80753968253968,0.419467972384942,0.495538038929584,0.102270647402106,11.9630358009221
4.80763888888889,0.419433572718312,0.495507329870955,0.10222174279112,11.9632839695954
4.8077380952381,0.419399176455265,0.495476619315815,0.10217286161182,11.9635321140319
4.8078373015873,0.41936478359521,0.495445907266161,0.102124003852897,11.9637802342361
4.80793650793651,0.41933039413756,0.495415193723989,0.102075169503049,11.9640283302119
4.80803571428571,0.419296008081725,0.495384478691293,0.102026358550979,11.9642764019637
4.80813492063492,0.419261625427117,0.495353762170069,0.101977570985392,11.9645244494956
4.80823412698413,0.419227246173148,0.495323044162309,0.101928806794998,11.9647724728118
4.80833333333333,0.419192870319229,0.495292324670006,0.101880065968513,11.9650204719165
4.80843253968254,0.419158497864773,0.495261603695152,0.101831348494655,11.9652684468139
4.80853174603175,0.419124128809192,0.495230881239737,0.101782654362149,11.9655163975082
4.80863095238095,0.419089763151898,0.495200157305752,0.101733983559722,11.9657643240036
4.80873015873016,0.419055400892305,0.495169431895186,0.101685336076106,11.9660122263042
4.80882936507937,0.419021042029825,0.495138705010025,0.101636711900038,11.9662601044143
4.80892857142857,0.418986686563872,0.495107976652259,0.10158811102026,11.966507958338
4.80902777777778,0.418952334493858,0.495077246823874,0.101539533425516,11.9667557880796
4.80912698412698,0.418917985819197,0.495046515526854,0.101490979104556,11.9670035936432
4.80922619047619,0.418883640539304,0.495015782763186,0.101442448046135,11.967251375033
4.8093253968254,0.418849298653592,0.494985048534852,0.101393940239011,11.9674991322531
4.8094246031746,0.418814960161475,0.494954312843836,0.101345455671947,11.9677468653079
4.80952380952381,0.418780625062368,0.494923575692119,0.10129699433371,11.9679945742013
4.80962301587302,0.418746293355685,0.494892837081684,0.101248556213072,11.9682422589377
4.80972222222222,0.418711965040842,0.49486209701451,0.101200141298809,11.9684899195211
4.80982142857143,0.418677640117253,0.494831355492577,0.1011517495797,11.9687375559558
4.80992063492064,0.418643318584334,0.494800612517864,0.101103381044531,11.968985168246
4.81001984126984,0.418609000441499,0.494769868092348,0.101055035682092,11.9692327563958
4.81011904761905,0.418574685688166,0.494739122218007,0.101006713481175,11.9694803204094
4.81021825396825,0.418540374323749,0.494708374896817,0.100958414430578,11.9697278602909
4.81031746031746,0.418506066347665,0.494677626130752,0.100910138519103,11.9699753760446
4.81041666666667,0.41847176175933,0.494646875921787,0.100861885735557,11.9702228676745
4.81051587301587,0.41843746055816,0.494616124271896,0.100813656068752,11.9704703351849
4.81061507936508,0.418403162743573,0.49458537118305,0.100765449507501,11.97071777858
4.81071428571429,0.418368868314985,0.494554616657223,0.100717266040625,11.9709651978638
4.81081349206349,0.418334577271813,0.494523860696384,0.100669105656948,11.9712125930407
4.8109126984127,0.418300289613476,0.494493103302505,0.100620968345298,11.9714599641146
4.81101190476191,0.41826600533939,0.494462344477553,0.100572854094509,11.9717073110898
4.81111111111111,0.418231724448973,0.494431584223497,0.100524762893417,11.9719546339705
4.81121031746032,0.418197446941643,0.494400822542305,0.100476694730863,11.9722019327607
4.81130952380952,0.418163172816818,0.494370059435943,0.100428649595694,11.9724492074648
4.81140873015873,0.418128902073917,0.494339294906377,0.100380627476759,11.9726964580867
4.81150793650794,0.418094634712359,0.494308528955572,0.100332628362914,11.9729436846307
4.81160714285714,0.418060370731562,0.494277761585491,0.100284652243018,11.973190887101
4.81170634920635,0.418026110130946,0.494246992798098,0.100236699105933,11.9734380655016
4.81180555555556,0.417991852909928,0.494216222595354,0.100188768940528,11.9736852198367
4.81190476190476,0.41795759906793,0.494185450979222,0.100140861735674,11.9739323501106
4.81200396825397,0.417923348604371,0.494154677951662,0.100092977480248,11.9741794563273
4.81210317460317,0.41788910151867,0.494123903514633,0.100045116163131,11.9744265384909
4.81220238095238,0.417854857810248,0.494093127670094,0.099997277773208,11.9746735966057
4.81230158730159,0.417820617478525,0.494062350420003,0.0999494622993685,11.9749206306758
4.81240079365079,0.417786380522922,0.494031571766317,0.0999016697305065,11.9751676407053
4.8125,0.417752146942859,0.494000791710992,0.0998539000555202,11.9754146266983
4.81259920634921,0.417717916737757,0.493970010255983,0.0998061532633123,11.9756615886591
4.81269841269841,0.417683689907037,0.493939227403246,0.0997584293427899,11.9759085265917
4.81279761904762,0.417649466450122,0.493908443154732,0.0997107282828642,11.9761554405002
4.81289682539683,0.417615246366431,0.493877657512396,0.0996630500724508,11.976402330389
4.81299603174603,0.417581029655387,0.493846870478189,0.0996153947004705,11.9766491962619
4.81309523809524,0.417546816316413,0.493816082054061,0.0995677621558473,11.9768960381233
4.81319444444444,0.41751260634893,0.493785292241963,0.0995201524275102,11.9771428559772
4.81329365079365,0.417478399752361,0.493754501043845,0.0994725655043924,11.9773896498278
4.81339285714286,0.417444196526127,0.493723708461654,0.0994250013754315,11.9776364196792
4.81349206349206,0.417409996669654,0.493692914497338,0.0993774600295694,11.9778831655355
4.81359126984127,0.417375800182362,0.493662119152844,0.0993299414557526,11.9781298874009
4.81369047619048,0.417341607063675,0.493631322430117,0.0992824456429313,11.9783765852794
4.81378968253968,0.417307417313018,0.493600524331102,0.0992349725800613,11.9786232591753
4.81388888888889,0.417273230929813,0.493569724857743,0.0991875222561018,11.9788699090927
4.81398809523809,0.417239047913485,0.493538924011985,0.0991400946600164,11.9791165350356
4.8140873015873,0.417204868263457,0.493508121795767,0.0990926897807735,11.9793631370082
4.81418650793651,0.417170691979154,0.493477318211033,0.0990453076073455,11.9796097150147
4.81428571428571,0.41713651906,0.493446513259723,0.0989979481287093,11.9798562690591
4.81438492063492,0.41710234950542,0.493415706943776,0.098950611333846,11.9801027991455
4.81448412698413,0.41706818331484,0.493384899265131,0.0989032972117418,11.9803493052782
4.81458333333333,0.417034020487683,0.493354090225727,0.0988560057513863,11.9805957874611
4.81468253968254,0.416999861023377,0.493323279827499,0.0988087369417741,11.9808422456985
4.81478174603175,0.416965704921345,0.493292468072386,0.0987614907719037,11.9810886799944
4.81488095238095,0.416931552181014,0.493261654962321,0.0987142672307785,11.9813350903529
4.81498015873016,0.41689740280181,0.49323084049924,0.0986670663074057,11.9815814767782
4.81507936507936,0.416863256783159,0.493200024685075,0.0986198879907973,11.9818278392744
4.81517857142857,0.416829114124487,0.49316920752176,0.0985727322699693,11.9820741778456
4.81527777777778,0.416794974825222,0.493138389011228,0.0985255991339427,11.9823204924959
4.81537698412698,0.416760838884789,0.493107569155407,0.0984784885717424,11.9825667832294
4.81547619047619,0.416726706302616,0.49307674795623,0.0984314005723975,11.9828130500502
4.8155753968254,0.416692577078131,0.493045925415625,0.0983843351249418,11.9830592929625
4.8156746031746,0.41665845121076,0.493015101535521,0.0983372922184133,11.9833055119703
4.81577380952381,0.416624328699931,0.492984276317844,0.0982902718418546,11.9835517070777
4.81587301587302,0.416590209545073,0.492953449764523,0.098243273984312,11.9837978782888
4.81597222222222,0.416556093745613,0.492922621877482,0.0981962986348373,11.9840440256078
4.81607142857143,0.416521981300979,0.492891792658647,0.0981493457824859,11.9842901490387
4.81617063492063,0.4164878722106,0.492860962109942,0.0981024154163175,11.9845362485857
4.81626984126984,0.416453766473906,0.49283013023329,0.0980555075253965,11.9847823242528
4.81636904761905,0.416419664090323,0.492799297030613,0.0980086220987914,11.9850283760441
4.81646825396825,0.416385565059283,0.492768462503833,0.0979617591255754,11.9852744039638
4.81656746031746,0.416351469380214,0.492737626654871,0.0979149185948257,11.9855204080159
4.81666666666667,0.416317377052546,0.492706789485645,0.0978681004956239,11.9857663882045
4.81676587301587,0.416283288075708,0.492675950998077,0.0978213048170566,11.9860123445337
4.81686507936508,0.41624920244913,0.492645111194082,0.097774531548214,11.9862582770077
4.81696428571429,0.416215120172244,0.492614270075579,0.0977277806781909,11.9865041856304
4.81706349206349,0.416181041244478,0.492583427644484,0.0976810521960866,11.986750070406
4.8171626984127,0.416146965665264,0.492552583902712,0.0976343460910046,11.9869959313386
4.8172619047619,0.416112893434033,0.492521738852177,0.097587662352053,11.9872417684322
4.81736111111111,0.416078824550215,0.492490892494794,0.0975410009683436,11.987487581691
4.81746031746032,0.416044759013242,0.492460044832475,0.0974943619289939,11.987733371119
4.81755952380952,0.416010696822545,0.492429195867133,0.0974477452231245,11.9879791367203
4.81765873015873,0.415976637977556,0.492398345600678,0.0974011508398609,11.988224878499
4.81775793650794,0.415942582477707,0.492367494035021,0.0973545787683328,11.9884705964592
4.81785714285714,0.41590853032243,0.492336641172071,0.0973080289976745,11.9887162906049
4.81795634920635,0.415874481511156,0.492305787013736,0.0972615015170244,11.9889619609402
4.81805555555556,0.41584043604332,0.492274931561924,0.0972149963155255,11.9892076074693
4.81815476190476,0.415806393918352,0.492244074818543,0.0971685133823247,11.9894532301961
4.81825396825397,0.415772355135687,0.492213216785497,0.0971220527065742,11.9896988291248
4.81835317460317,0.415738319694758,0.492182357464692,0.0970756142774297,11.9899444042594
4.81845238095238,0.415704287594997,0.492151496858032,0.0970291980840517,11.990189955604
4.81855158730159,0.415670258835838,0.492120634967421,0.0969828041156048,11.9904354831627
4.81865079365079,0.415636233416716,0.492089771794761,0.0969364323612581,11.9906809869395
4.81875,0.415602211337063,0.492058907341953,0.0968900828101851,11.9909264669386
4.81884920634921,0.415568192596314,0.492028041610898,0.0968437554515633,11.9911719231639
4.81894841269841,0.415534177193905,0.491997174603496,0.0967974502745756,11.9914173556195
4.81904761904762,0.415500165129268,0.491966306321647,0.0967511672684082,11.9916627643096
4.81914682539683,0.415466156401839,0.491935436767247,0.0967049064222521,11.9919081492381
4.81924603174603,0.415432151011054,0.491904565942195,0.0966586677253025,11.9921535104092
4.81934523809524,0.415398148956346,0.491873693848386,0.0966124511667592,11.9923988478269
4.81944444444444,0.415364150237153,0.491842820487717,0.0965662567358262,11.9926441614952
4.81954365079365,0.415330154852909,0.491811945862082,0.0965200844217119,11.9928894514182
4.81964285714286,0.415296162803049,0.491781069973374,0.0964739342136287,11.9931347176001
4.81974206349206,0.415262174087011,0.491750192823487,0.0964278061007946,11.9933799600447
4.81984126984127,0.415228188704231,0.491719314414313,0.0963817000724305,11.9936251787562
4.81994047619048,0.415194206654145,0.491688434747743,0.0963356161177625,11.9938703737387
4.82003968253968,0.41516022793619,0.491657553825667,0.0962895542260208,11.9941155449962
4.82013888888889,0.415126252549802,0.491626671649974,0.0962435143864399,11.9943606925327
4.82023809523809,0.415092280494419,0.491595788222554,0.096197496588259,11.9946058163523
4.8203373015873,0.415058311769478,0.491564903545294,0.096151500820721,11.994850916459
4.82043650793651,0.415024346374417,0.491534017620081,0.0961055270730744,11.995095992857
4.82053571428571,0.414990384308673,0.4915031304488,0.0960595753345707,11.9953410455501
4.82063492063492,0.414956425571685,0.491472242033338,0.0960136455944666,11.9955860745426
4.82073412698413,0.414922470162891,0.491441352375577,0.0959677378420229,11.9958310798384
4.82083333333333,0.414888518081728,0.491410461477403,0.0959218520665047,11.9960760614416
4.82093253968254,0.414854569327636,0.491379569340696,0.0958759882571816,11.9963210193562
4.82103174603175,0.414820623900053,0.491348675967339,0.0958301464033277,11.9965659535862
4.82113095238095,0.414786681798418,0.491317781359213,0.0957843264942207,11.9968108641358
4.82123015873016,0.414752743022172,0.491286885518197,0.0957385285191441,11.9970557510089
4.82132936507937,0.414718807570752,0.491255988446171,0.0956927524673845,11.9973006142095
4.82142857142857,0.414684875443599,0.491225090145013,0.0956469983282334,11.9975454537418
4.82152777777778,0.414650946640152,0.4911941906166,0.0956012660909865,11.9977902696097
4.82162698412698,0.414617021159853,0.491163289862809,0.095555555744944,11.9980350618173
4.82172619047619,0.41458309900214,0.491132387885514,0.0955098672794104,11.9982798303686
4.8218253968254,0.414549180166454,0.491101484686592,0.0954642006836943,11.9985245752677
4.8219246031746,0.414515264652236,0.491070580267915,0.0954185559471094,11.9987692965185
4.82202380952381,0.414481352458928,0.491039674631357,0.0953729330589732,11.9990139941251
4.82212301587302,0.414447443585969,0.49100876777879,0.0953273320086075,11.9992586680916
4.82222222222222,0.414413538032802,0.490977859712086,0.0952817527853388,11.9995033184219
4.82232142857143,0.414379635798868,0.490946950433114,0.0952361953784977,11.9997479451201
4.82242063492063,0.414345736883609,0.490916039943743,0.0951906597774194,11.9999925481903
4.82251984126984,0.414311841286466,0.490885128245844,0.0951451459714432,12.0002371276363
4.82261904761905,0.414277949006882,0.490854215341283,0.0950996539499128,12.0004816834623
4.82271825396825,0.4142440600443,0.490823301231928,0.0950541837021769,12.0007262156723
4.82281746031746,0.414210174398161,0.490792385919645,0.0950087352175877,12.0009707242703
4.82291666666667,0.414176292067909,0.490761469406298,0.0949633084855022,12.0012152092603
4.82301587301587,0.414142413052986,0.490730551693753,0.0949179034952817,12.0014596706463
4.82311507936508,0.414108537352836,0.490699632783872,0.0948725202362918,12.0017041084324
4.82321428571429,0.414074664966903,0.490668712678518,0.0948271586979026,12.0019485226225
4.82331349206349,0.414040795894629,0.490637791379553,0.0947818188694881,12.0021929132207
4.8234126984127,0.414006930135459,0.490606868888838,0.0947365007404277,12.0024372802311
4.82351190476191,0.413973067688837,0.490575945208233,0.0946912043001042,12.0026816236575
4.82361111111111,0.413939208554208,0.490545020339597,0.0946459295379053,12.002925943504
4.82371031746032,0.413905352731014,0.490514094284788,0.0946006764432226,12.0031702397746
4.82380952380952,0.413871500218702,0.490483167045664,0.0945554450054524,12.0034145124734
4.82390873015873,0.413837651016716,0.490452238624081,0.0945102352139954,12.0036587616043
4.82400793650794,0.413803805124502,0.490421309021895,0.0944650470582566,12.0039029871713
4.82410714285714,0.413769962541503,0.49039037824096,0.0944198805276448,12.0041471891785
4.82420634920635,0.413736123267167,0.490359446283131,0.0943747356115746,12.0043913676298
4.82430555555556,0.413702287300939,0.490328513150261,0.0943296122994635,12.0046355225293
4.82440476190476,0.413668454642265,0.490297578844202,0.0942845105807342,12.0048796538809
4.82450396825397,0.413634625290591,0.490266643366806,0.0942394304448134,12.0051237616887
4.82460317460317,0.413600799245363,0.490235706719922,0.0941943718811322,12.0053678459566
4.82470238095238,0.413566976506028,0.4902047689054,0.0941493348791262,12.0056119066887
4.82480158730159,0.413533157072032,0.490173829925089,0.0941043194282351,12.0058559438889
4.82490079365079,0.413499340942824,0.490142889780838,0.0940593255179037,12.0060999575613
4.825,0.413465528117849,0.490111948474492,0.0940143531375803,12.0063439477097
4.82509920634921,0.413431718596556,0.490081006007899,0.093969402276718,12.0065879143383
4.82519841269841,0.413397912378391,0.490050062382903,0.0939244729247742,12.0068318574511
4.82529761904762,0.413364109462804,0.490019117601349,0.0938795650712106,12.0070757770519
4.82539682539683,0.413330309849241,0.489988171665081,0.0938346787054934,12.0073196731448
4.82549603174603,0.413296513537152,0.48995722457594,0.093789813817093,12.0075635457338
4.82559523809524,0.413262720525984,0.489926276335769,0.093744970395484,12.0078073948228
4.82569444444444,0.413228930815187,0.48989532694641,0.0937001484301462,12.0080512204159
4.82579365079365,0.413195144404208,0.489864376409701,0.0936553479105629,12.008295022517
4.82589285714286,0.413161361292498,0.489833424727483,0.0936105688262222,12.0085388011302
4.82599206349206,0.413127581479506,0.489802471901593,0.0935658111666161,12.0087825562593
4.82609126984127,0.413093804964681,0.489771517933869,0.0935210749212416,12.0090262879084
4.82619047619048,0.413060031747473,0.489740562826147,0.0934763600795997,12.0092699960815
4.82628968253968,0.413026261827331,0.489709606580264,0.0934316666311955,12.0095136807826
4.82638888888889,0.412992495203706,0.489678649198055,0.0933869945655393,12.0097573420155
4.8264880952381,0.412958731876049,0.489647690681352,0.0933423438721452,12.0100009797843
4.8265873015873,0.41292497184381,0.48961673103199,0.0932977145405316,12.010244594093
4.82668650793651,0.41289121510644,0.489585770251801,0.0932531065602213,12.0104881849455
4.82678571428571,0.412857461663389,0.489554808342617,0.0932085199207418,12.0107317523458
4.82688492063492,0.412823711514109,0.489523845306266,0.0931639546116246,12.010975296298
4.82698412698413,0.412789964658051,0.489492881144581,0.0931194106224057,12.0112188168058
4.82708333333333,0.412756221094668,0.489461915859388,0.0930748879426252,12.0114623138734
4.82718253968254,0.41272248082341,0.489430949452517,0.0930303865618285,12.0117057875047
4.82728174603175,0.41268874384373,0.489399981925794,0.0929859064695645,12.0119492377036
4.82738095238095,0.41265501015508,0.489369013281046,0.0929414476553864,12.0121926644741
4.82748015873016,0.412621279756913,0.489338043520097,0.0928970101088523,12.0124360678202
4.82757936507937,0.412587552648681,0.489307072644773,0.0928525938195242,12.0126794477459
4.82767857142857,0.412553828829837,0.489276100656897,0.0928081987769689,12.012922804255
4.82777777777778,0.412520108299834,0.489245127558292,0.092763824970757,12.0131661373517
4.82787698412698,0.412486391058126,0.489214153350779,0.0927194723904643,12.0134094470397
4.82797619047619,0.412452677104165,0.48918317803618,0.0926751410256703,12.0136527333231
4.8280753968254,0.412418966437407,0.489152201616315,0.092630830865959,12.0138959962059
4.8281746031746,0.412385259057304,0.489121224093004,0.0925865419009189,12.014139235692
4.82827380952381,0.412351554963312,0.489090245468064,0.0925422741201427,12.0143824517853
4.82837301587302,0.412317854154883,0.489059265743313,0.0924980275132276,12.0146256444898
4.82847222222222,0.412284156631473,0.489028284920568,0.0924538020697752,12.0148688138094
4.82857142857143,0.412250462392537,0.488997303001644,0.092409597779391,12.0151119597482
4.82867063492063,0.412216771437529,0.488966319988357,0.0923654146316859,12.01535508231
4.82876984126984,0.412183083765906,0.488935335882522,0.0923212526162742,12.0155981814988
4.82886904761905,0.412149399377121,0.48890435068595,0.0922771117227749,12.0158412573186
4.82896825396825,0.412115718270631,0.488873364400454,0.0922329919408115,12.0160843097733
4.82906746031746,0.412082040445892,0.488842377027847,0.0921888932600116,12.0163273388668
4.82916666666667,0.412048365902359,0.488811388569938,0.0921448156700073,12.016570344603
4.82926587301587,0.412014694639489,0.488780399028537,0.0921007591604348,12.016813326986
4.82936507936508,0.411981026656739,0.488749408405453,0.0920567237209356,12.0170562860197
4.82946428571429,0.411947361953565,0.488718416702495,0.0920127093411545,12.017299221708
4.82956349206349,0.411913700529423,0.488687423921469,0.0919687160107412,12.0175421340548
4.8296626984127,0.411880042383772,0.488656430064182,0.0919247437193495,12.0177850230641
4.8297619047619,0.411846387516068,0.488625435132439,0.0918807924566379,12.0180278887398
4.82986111111111,0.411812735925769,0.488594439128045,0.0918368622122689,12.0182707310859
4.82996031746032,0.411779087612332,0.488563442052803,0.0917929529759096,12.0185135501063
4.83005952380952,0.411745442575215,0.488532443908516,0.0917490647372312,12.0187563458048
4.83015873015873,0.411711800813878,0.488501444696987,0.09170519748591,12.0189991181856
4.83025793650794,0.411678162327777,0.488470444420016,0.0916613512116258,12.0192418672524
4.83035714285714,0.411644527116372,0.488439443079404,0.0916175259040632,12.0194845930092
4.83045634920635,0.411610895179122,0.48840844067695,0.0915737215529112,12.01972729546
4.83055555555556,0.411577266515484,0.488377437214452,0.0915299381478628,12.0199699746086
4.83065476190476,0.411543641124919,0.488346432693708,0.0914861756786158,12.020212630459
4.83075396825397,0.411510019006886,0.488315427116516,0.0914424341348719,12.0204552630151
4.83085317460317,0.411476400160844,0.48828442048467,0.0913987135063379,12.0206978722809
4.83095238095238,0.411442784586254,0.488253412799966,0.0913550137827245,12.0209404582602
4.83105158730159,0.411409172282575,0.488222404064198,0.0913113349537465,12.0211830209571
4.83115079365079,0.411375563249268,0.488191394279159,0.0912676770091235,12.0214255603753
4.83125,0.411341957485792,0.488160383446643,0.0912240399385793,12.0216680765188
4.83134920634921,0.41130835499161,0.488129371568439,0.0911804237318422,12.0219105693916
4.83144841269841,0.411274755766181,0.48809835864634,0.0911368283786447,12.0221530389975
4.83154761904762,0.411241159808967,0.488067344682135,0.0910932538687234,12.0223954853405
4.83164682539683,0.411207567119428,0.488036329677613,0.0910497001918202,12.0226379084245
4.83174603174603,0.411173977697027,0.488005313634561,0.0910061673376805,12.0228803082534
4.83184523809524,0.411140391541226,0.487974296554769,0.0909626552960544,12.0231226848311
4.83194444444444,0.411106808651485,0.487943278440021,0.0909191640566962,12.0233650381615
4.83204365079365,0.411073229027268,0.487912259292103,0.0908756936093647,12.0236073682485
4.83214285714286,0.411039652668036,0.4878812391128,0.0908322439438231,12.0238496750961
4.83224206349206,0.411006079573253,0.487850217903895,0.0907888150498386,12.0240919587081
4.83234126984127,0.41097250974238,0.487819195667172,0.0907454069171836,12.0243342190885
4.83244047619048,0.410938943174881,0.487788172404413,0.0907020195356341,12.024576456241
4.83253968253968,0.41090537987022,0.487757148117399,0.0906586528949708,12.0248186701698
4.83263888888889,0.410871819827859,0.48772612280791,0.0906153069849785,12.0250608608786
4.83273809523809,0.410838263047262,0.487695096477725,0.0905719817954467,12.0253030283714
4.8328373015873,0.410804709527892,0.487664069128624,0.0905286773161691,12.025545172652
4.83293650793651,0.410771159269215,0.487633040762383,0.0904853935369437,12.0257872937244
4.83303571428571,0.410737612270694,0.48760201138078,0.0904421304475727,12.0260293915924
4.83313492063492,0.410704068531793,0.487570980985591,0.0903988880378635,12.0262714662599
4.83323412698413,0.410670528051978,0.487539949578591,0.0903556662976271,12.0265135177309
4.83333333333333,0.410636990830713,0.487508917161555,0.0903124652166789,12.0267555460093
4.83343253968254,0.410603456867463,0.487477883736254,0.090269284784839,12.0269975510988
4.83353174603175,0.410569926161694,0.487446849304463,0.0902261249919315,12.0272395330035
4.83363095238095,0.410536398712871,0.487415813867952,0.0901829858277852,12.0274814917272
4.83373015873016,0.410502874520459,0.487384777428493,0.0901398672822329,12.0277234272738
4.83382936507937,0.410469353583925,0.487353739987856,0.0900967693451124,12.0279653396472
4.83392857142857,0.410435835902734,0.487322701547808,0.0900536920062652,12.0282072288512
4.83402777777778,0.410402321476354,0.48729166211012,0.0900106352555376,12.0284490948898
4.83412698412698,0.410368810304251,0.487260621676558,0.0899675990827799,12.0286909377668
4.83422619047619,0.410335302385891,0.487229580248888,0.089924583477847,12.0289327574862
4.8343253968254,0.410301797720741,0.487198537828876,0.0898815884305983,12.0291745540518
4.8344246031746,0.410268296308269,0.487167494418287,0.0898386139308973,12.0294163274674
4.83452380952381,0.410234798147941,0.487136450018885,0.0897956599686117,12.029658077737
4.83462301587302,0.410201303239227,0.487105404632432,0.0897527265336144,12.0298998048645
4.83472222222222,0.410167811581592,0.487074358260692,0.0897098136157818,12.0301415088536
4.83482142857143,0.410134323174506,0.487043310905424,0.089666921204995,12.0303831897084
4.83492063492063,0.410100838017437,0.48701226256839,0.0896240492911395,12.0306248474326
4.83501984126984,0.410067356109852,0.486981213251349,0.0895811978641051,12.0308664820302
4.83511904761905,0.410033877451222,0.486950162956059,0.0895383669137859,12.031108093505
4.83521825396825,0.410000402041013,0.486919111684279,0.0894955564300802,12.0313496818608
4.83531746031746,0.409966929878697,0.486888059437766,0.0894527664028915,12.0315912471016
4.83541666666667,0.409933460963741,0.486857006218274,0.0894099968221268,12.0318327892313
4.83551587301587,0.409899995295616,0.486825952027561,0.0893672476776978,12.0320743082536
4.83561507936508,0.409866532873791,0.48679489686738,0.0893245189595204,12.0323158041725
4.83571428571429,0.409833073697736,0.486763840739484,0.0892818106575151,12.0325572769918
4.83581349206349,0.409799617766921,0.486732783645626,0.0892391227616066,12.0327987267154
4.8359126984127,0.409766165080817,0.486701725587559,0.0891964552617241,12.0330401533471
4.83601190476191,0.409732715638893,0.486670666567031,0.0891538081478006,12.0332815568909
4.83611111111111,0.409699269440621,0.486639606585795,0.0891111814097749,12.0335229373505
4.83621031746032,0.409665826485472,0.486608545645598,0.0890685750375886,12.0337642947298
4.83630952380952,0.409632386772917,0.48657748374819,0.0890259890211884,12.0340056290328
4.83640873015873,0.409598950302427,0.486546420895317,0.0889834233505254,12.0342469402631
4.83650793650794,0.409565517073474,0.486515357088726,0.0889408780155548,12.0344882284248
4.83660714285714,0.40953208708553,0.486484292330163,0.0888983530062362,12.0347294935216
4.83670634920635,0.409498660338066,0.486453226621373,0.0888558483125336,12.0349707355574
4.83680555555556,0.409465236830555,0.486422159964099,0.0888133639244159,12.0352119545361
4.83690476190476,0.40943181656247,0.486391092360084,0.0887708998318556,12.0354531504615
4.83700396825397,0.409398399533283,0.486360023811072,0.08872845602483,12.0356943233374
4.83710317460317,0.409364985742466,0.486328954318803,0.0886860324933205,12.0359354731677
4.83720238095238,0.409331575189494,0.486297883885017,0.088643629227313,12.0361765999563
4.83730158730159,0.409298167873838,0.486266812511454,0.0886012462167979,12.036417703707
4.83740079365079,0.409264763794973,0.486235740199854,0.0885588834517698,12.0366587844237
4.8375,0.409231362952373,0.486204666951953,0.0885165409222273,12.0368998421101
4.83759920634921,0.409197965345511,0.486173592769489,0.0884742186181745,12.0371408767701
4.83769841269841,0.409164570973861,0.486142517654199,0.0884319165296188,12.0373818884076
4.83779761904762,0.409131179836898,0.486111441607816,0.0883896346465724,12.0376228770264
4.83789682539683,0.409097791934096,0.486080364632077,0.0883473729590517,12.0378638426304
4.83799603174603,0.40906440726493,0.486049286728713,0.0883051314570775,12.0381047852234
4.83809523809524,0.409031025828875,0.486018207899459,0.0882629101306751,12.0383457048091
4.83819444444444,0.408997647625406,0.485987128146045,0.0882207089698738,12.0385866013916
4.83829365079365,0.408964272653999,0.485956047470203,0.0881785279647081,12.0388274749745
4.83839285714286,0.408930900914129,0.485924965873663,0.0881363671052161,12.0390683255617
4.83849206349206,0.408897532405272,0.485893883358154,0.0880942263814404,12.0393091531571
4.83859126984127,0.408864167126903,0.485862799925404,0.0880521057834282,12.0395499577645
4.83869047619048,0.4088308050785,0.485831715577141,0.0880100053012307,12.0397907393877
4.83878968253968,0.408797446259538,0.485800630315092,0.087967924924904,12.0400314980305
4.83888888888889,0.408764090669494,0.485769544140982,0.0879258646445079,12.0402722336968
4.8389880952381,0.408730738307846,0.485738457056535,0.087883824450107,12.0405129463904
4.8390873015873,0.408697389174069,0.485707369063478,0.0878418043317705,12.0407536361151
4.83918650793651,0.408664043267642,0.485676280163531,0.0877998042795715,12.0409943028748
4.83928571428571,0.408630700588041,0.485645190358418,0.0877578242835877,12.0412349466732
4.83938492063492,0.408597361134745,0.48561409964986,0.087715864333901,12.0414755675142
4.83948412698413,0.408564024907232,0.485583008039578,0.0876739244205978,12.0417161654016
4.83958333333333,0.408530691904979,0.485551915529291,0.0876320045337688,12.0419567403392
4.83968253968254,0.408497362127464,0.485520822120718,0.0875901046635089,12.0421972923309
4.83978174603175,0.408464035574167,0.485489727815577,0.0875482247999181,12.0424378213804
4.83988095238095,0.408430712244567,0.485458632615585,0.0875063649331,12.0426783274916
4.83998015873016,0.408397392138141,0.485427536522458,0.0874645250531627,12.0429188106683
4.84007936507937,0.408364075254369,0.485396439537913,0.0874227051502189,12.0431592709143
4.84017857142857,0.408330761592732,0.485365341663662,0.0873809052143855,12.0433997082334
4.84027777777778,0.408297451152707,0.485334242901421,0.0873391252357839,12.0436401226294
4.84037698412698,0.408264143933775,0.485303143252901,0.0872973652045396,12.0438805141061
4.84047619047619,0.408230839935416,0.485272042719814,0.0872556251107825,12.0441208826674
4.8405753968254,0.40819753915711,0.485240941303872,0.0872139049446475,12.044361228317
4.8406746031746,0.408164241598338,0.485209839006785,0.0871722046962732,12.0446015510588
4.84077380952381,0.40813094725858,0.485178735830261,0.0871305243558027,12.0448418508965
4.84087301587302,0.408097656137317,0.485147631776011,0.0870888639133836,12.045082127834
4.84097222222222,0.40806436823403,0.48511652684574,0.0870472233591677,12.045322381875
4.84107142857143,0.408031083548201,0.485085421041156,0.0870056026833112,12.0455626130233
4.84117063492064,0.40799780207931,0.485054314363964,0.0869640018759746,12.0458028212829
4.84126984126984,0.40796452382684,0.48502320681587,0.0869224209273234,12.0460430066574
4.84136904761905,0.407931248790272,0.484992098398577,0.0868808598275266,12.0462831691506
4.84146825396825,0.407897976969089,0.484960989113789,0.0868393185667581,12.0465233087664
4.84156746031746,0.407864708362772,0.484929878963209,0.0867977971351958,12.0467634255085
4.84166666666667,0.407831442970805,0.484898767948537,0.0867562955230223,12.0470035193808
4.84176587301587,0.40779818079267,0.484867656071475,0.0867148137204244,12.047243590387
4.84186507936508,0.40776492182785,0.484836543333721,0.0866733517175933,12.0474836385309
4.84196428571429,0.407731666075828,0.484805429736975,0.0866319095047242,12.0477236638163
4.84206349206349,0.407698413536088,0.484774315282936,0.0865904870720179,12.047963666247
4.8421626984127,0.407665164208113,0.4847431999733,0.086549084409678,12.0482036458268
4.84226190476191,0.407631918091387,0.484712083809763,0.0865077015079134,12.0484436025595
4.84236111111111,0.407598675185393,0.484680966794022,0.0864663383569373,12.0486835364488
4.84246031746032,0.407565435489617,0.484649848927769,0.0864249949469668,12.0489234474986
4.84255952380952,0.407532199003542,0.4846187302127,0.0863836712682238,12.0491633357125
4.84265873015873,0.407498965726653,0.484587610650507,0.0863423673109342,12.0494032010945
4.84275793650794,0.407465735658435,0.484556490242883,0.0863010830653291,12.0496430436483
4.84285714285714,0.407432508798374,0.484525368991517,0.0862598185216431,12.0498828633776
4.84295634920635,0.407399285145953,0.484494246898101,0.0862185736701153,12.0501226602863
4.84305555555556,0.407366064700659,0.484463123964323,0.0861773485009895,12.0503624343781
4.84315476190476,0.407332847461978,0.484432000191873,0.0861361430045136,12.0506021856568
4.84325396825397,0.407299633429395,0.484400875582438,0.0860949571709399,12.0508419141262
4.84335317460317,0.407266422602396,0.484369750137704,0.0860537909905252,12.05108161979
4.84345238095238,0.407233214980468,0.484338623859358,0.0860126444535303,12.051321302652
4.84355158730159,0.407200010563097,0.484307496749084,0.0859715175502213,12.051560962716
4.84365079365079,0.40716680934977,0.484276368808568,0.0859304102708675,12.0518005999857
4.84375,0.407133611339974,0.484245240039491,0.0858893226057434,12.052040214465
4.84384920634921,0.407100416533196,0.484214110443538,0.0858482545451273,12.0522798061576
4.84394841269841,0.407067224928924,0.484182980022388,0.0858072060793023,12.0525193750672
4.84404761904762,0.407034036526644,0.484151848777723,0.0857661771985556,12.0527589211976
4.84414682539683,0.407000851325845,0.484120716711223,0.0857251678931786,12.0529984445526
4.84424603174603,0.406967669326014,0.484089583824567,0.085684178153468,12.053237945136
4.84434523809524,0.406934490526641,0.484058450119432,0.0856432079697237,12.0534774229515
4.84444444444444,0.406901314927213,0.484027315597497,0.0856022573322508,12.0537168780028
4.84454365079365,0.406868142527219,0.483996180260437,0.0855613262313581,12.0539563102938
4.84464285714286,0.406834973326147,0.483965044109928,0.0855204146573593,12.0541957198282
4.84474206349206,0.406801807323487,0.483933907147645,0.0854795226005722,12.0544351066097
4.84484126984127,0.406768644518729,0.483902769375261,0.085438650051319,12.0546744706421
4.84494047619048,0.40673548491136,0.483871630794449,0.0853977969999262,12.0549138119291
4.84503968253968,0.406702328500872,0.483840491406882,0.0853569634367251,12.0551531304745
4.84513888888889,0.406669175286754,0.483809351214231,0.085316149352051,12.0553924262821
4.84523809523809,0.406636025268497,0.483778210218165,0.0852753547362435,12.0556316993557
4.8453373015873,0.406602878445589,0.483747068420355,0.0852345795796466,12.0558709496988
4.84543650793651,0.406569734817523,0.483715925822468,0.0851938238726089,12.0561101773154
4.84553571428571,0.406536594383788,0.483684782426173,0.0851530876054831,12.0563493822091
4.84563492063492,0.406503457143875,0.483653638233137,0.0851123707686261,12.0565885643837
4.84573412698413,0.406470323097277,0.483622493245025,0.0850716733524002,12.056827723843
4.84583333333333,0.406437192243483,0.483591347463503,0.0850309953471708,12.0570668605906
4.84593253968254,0.406404064581986,0.483560200890235,0.0849903367433084,12.0573059746304
4.84603174603175,0.406370940112278,0.483529053526884,0.0849496975311874,12.057545065966
4.84613095238095,0.40633781883385,0.483497905375113,0.0849090777011871,12.0577841346012
4.84623015873016,0.406304700746194,0.483466756436583,0.0848684772436907,12.0580231805398
4.84632936507936,0.406271585848804,0.483435606712956,0.084827896149086,12.0582622037855
4.84642857142857,0.406238474141171,0.48340445620589,0.0847873344077649,12.058501204342
4.84652777777778,0.406205365622788,0.483373304917046,0.0847467920101245,12.058740182213
4.84662698412698,0.406172260293149,0.483342152848081,0.0847062689465652,12.0589791374023
4.84672619047619,0.406139158151747,0.483311000000654,0.0846657652074924,12.0592180699137
4.8468253968254,0.406106059198074,0.483279846376419,0.0846252807833156,12.0594569797508
4.8469246031746,0.406072963431626,0.483248691977033,0.0845848156644488,12.0596958669174
4.84702380952381,0.406039870851895,0.483217536804151,0.0845443698413104,12.0599347314172
4.84712301587302,0.406006781458375,0.483186380859426,0.0845039433043228,12.0601735732539
4.84722222222222,0.405973695250562,0.483155224144511,0.0844635360439135,12.0604123924313
4.84732142857143,0.40594061222795,0.483124066661059,0.0844231480505138,12.0606511889531
4.84742063492063,0.405907532390033,0.483092908410721,0.0843827793145595,12.060889962823
4.84751984126984,0.405874455736305,0.483061749395147,0.0843424298264907,12.0611287140448
4.84761904761905,0.405841382266264,0.483030589615987,0.084302099576752,12.0613674426221
4.84771825396825,0.405808311979402,0.482999429074889,0.0842617885557923,12.0616061485587
4.84781746031746,0.405775244875217,0.482968267773501,0.0842214967540649,12.0618448318583
4.84791666666667,0.405742180953204,0.482937105713471,0.0841812241620271,12.0620834925246
4.84801587301587,0.405709120212859,0.482905942896443,0.0841409707701416,12.0623221305614
4.84811507936508,0.405676062653678,0.482874779324064,0.0841007365688744,12.0625607459723
4.84821428571429,0.405643008275158,0.482843614997978,0.0840605215486962,12.0627993387611
4.84831349206349,0.405609957076795,0.482812449919828,0.0840203257000822,12.0630379089314
4.8484126984127,0.405576909058085,0.482781284091257,0.0839801490135119,12.0632764564871
4.8485119047619,0.405543864218527,0.482750117513907,0.0839399914794692,12.0635149814318
4.84861111111111,0.405510822557616,0.482718950189417,0.0838998530884419,12.0637534837691
4.84871031746032,0.405477784074852,0.482687782119429,0.0838597338309233,12.0639919635029
4.84880952380952,0.405444748769731,0.482656613305582,0.0838196336974099,12.0642304206369
4.84890873015873,0.405411716641751,0.482625443749514,0.0837795526784032,12.0644688551747
4.84900793650794,0.40537868769041,0.482594273452861,0.0837394907644089,12.06470726712
4.84910714285714,0.405345661915206,0.482563102417262,0.0836994479459368,12.0649456564766
4.84920634920635,0.405312639315639,0.482531930644351,0.0836594242135017,12.0651840232481
4.84930555555556,0.405279619891206,0.482500758135763,0.0836194195576221,12.0654223674383
4.84940476190476,0.405246603641407,0.482469584893133,0.0835794339688211,12.0656606890508
4.84950396825397,0.405213590565741,0.482438410918093,0.0835394674376267,12.0658989880894
4.84960317460317,0.405180580663707,0.482407236212275,0.0834995199545704,12.0661372645577
4.84970238095238,0.405147573934804,0.482376060777311,0.0834595915101887,12.0663755184595
4.84980158730159,0.405114570378533,0.482344884614831,0.0834196820950221,12.0666137497984
4.84990079365079,0.405081569994394,0.482313707726466,0.0833797916996156,12.0668519585782
4.85,0.405048572781886,0.482282530113843,0.0833399203145187,12.0670901448025
4.85009920634921,0.405015578740509,0.48225135177859,0.0833000679302848,12.067328308475
4.85019841269841,0.404982587869766,0.482220172722335,0.0832602345374724,12.0675664495994
4.85029761904762,0.404949600169155,0.482188992946704,0.0832204201266439,12.0678045681795
4.85039682539683,0.40491661563818,0.482157812453322,0.0831806246883662,12.0680426642188
4.85049603174603,0.404883634276339,0.482126631243813,0.0831408482132102,12.0682807377211
4.85059523809524,0.404850656083136,0.482095449319801,0.0831010906917518,12.0685187886901
4.85069444444444,0.404817681058071,0.482064266682908,0.0830613521145708,12.0687568171294
4.85079365079365,0.404784709200647,0.482033083334758,0.0830216324722516,12.0689948230428
4.85089285714286,0.404751740510365,0.482001899276969,0.0829819317553825,12.0692328064339
4.85099206349206,0.404718774986729,0.481970714511163,0.0829422499545572,12.0694707673064
4.85109126984127,0.40468581262924,0.481939529038959,0.0829025870603728,12.069708705664
4.85119047619048,0.4046528534374,0.481908342861974,0.0828629430634311,12.0699466215103
4.85128968253968,0.404619897410714,0.481877155981827,0.0828233179543383,12.0701845148491
4.85138888888889,0.404586944548684,0.481845968400135,0.0827837117237049,12.0704223856839
4.85148809523809,0.404553994850814,0.481814780118512,0.0827441243621457,12.0706602340186
4.8515873015873,0.404521048316606,0.481783591138574,0.0827045558602798,12.0708980598568
4.85168650793651,0.404488104945565,0.481752401461935,0.0826650062087314,12.071135863202
4.85178571428571,0.404455164737194,0.481721211090208,0.082625475398128,12.0713736440581
4.85188492063492,0.404422227690999,0.481690020025005,0.0825859634191023,12.0716114024287
4.85198412698413,0.404389293806483,0.481658828267937,0.0825464702622908,12.0718491383174
4.85208333333333,0.40435636308315,0.481627635820616,0.0825069959183347,12.0720868517279
4.85218253968254,0.404323435520507,0.481596442684651,0.0824675403778794,12.0723245426639
4.85228174603175,0.404290511118057,0.481565248861651,0.0824281036315747,12.0725622111291
4.85238095238095,0.404257589875305,0.481534054353223,0.0823886856700747,12.0727998571271
4.85248015873016,0.404224671791758,0.481502859160975,0.0823492864840385,12.0730374806616
4.85257936507937,0.404191756866921,0.481471663286513,0.0823099060641285,12.0732750817362
4.85267857142857,0.4041588451003,0.481440466731442,0.0822705444010123,12.0735126603546
4.85277777777778,0.4041259364914,0.481409269497367,0.0822312014853615,12.0737502165205
4.85287698412698,0.404093031039729,0.481378071585892,0.0821918773078521,12.0739877502375
4.85297619047619,0.404060128744792,0.481346872998619,0.0821525718591645,12.0742252615092
4.8530753968254,0.404027229606097,0.48131567373715,0.0821132851299833,12.0744627503394
4.8531746031746,0.40399433362315,0.481284473803086,0.0820740171109981,12.0747002167317
4.85327380952381,0.403961440795444,0.481253273198029,0.0820347677929247,12.0749376606898
4.85337301587302,0.40392855111971,0.481222071923778,0.0819955371711438,12.0751750822175
4.85347222222222,0.403895664593365,0.481190869981976,0.0819563252404671,12.0754124813185
4.85357142857143,0.403862781215907,0.48115966737407,0.0819171319924377,12.0756498579964
4.85367063492063,0.40382990098683,0.481128464101509,0.0818779574186013,12.0758872122545
4.85376984126984,0.403797023905634,0.48109726016574,0.0818388015105066,12.0761245440963
4.85386904761905,0.403764149971814,0.481066055568209,0.0817996642597043,12.0763618535254
4.85396825396825,0.403731279184869,0.481034850310363,0.0817605456577488,12.076599140545
4.85406746031746,0.403698411544295,0.481003644393647,0.0817214456961964,12.0768364051588
4.85416666666667,0.40366554704959,0.480972437819506,0.0816823643666064,12.07707364737
4.85426587301587,0.403632685700251,0.480941230589385,0.0816433016605408,12.0773108671823
4.85436507936508,0.403599827495777,0.480910022704728,0.0816042575695641,12.0775480645991
4.85446428571429,0.403566972435666,0.480878814166978,0.0815652320852438,12.0777852396238
4.85456349206349,0.403534120519414,0.480847604977579,0.0815262251991497,12.0780223922598
4.8546626984127,0.403501271746521,0.480816395137973,0.0814872369028549,12.0782595225106
4.85476190476191,0.403468426116484,0.480785184649602,0.0814482671879346,12.0784966303797
4.85486111111111,0.403435583628802,0.480753973513907,0.0814093160459671,12.0787337158706
4.85496031746032,0.403402744282974,0.480722761732329,0.0813703834685331,12.0789707789865
4.85505952380952,0.403369908078498,0.480691549306309,0.0813314694472162,12.0792078197311
4.85515873015873,0.403337075014873,0.480660336237286,0.0812925739736026,12.0794448381078
4.85525793650794,0.403304245091597,0.4806291225267,0.0812536970392812,12.07968183412
4.85535714285714,0.40327141830817,0.480597908175989,0.0812148386358434,12.0799188077711
4.85545634920635,0.40323859466409,0.480566693186592,0.0811759987548841,12.0801557590646
4.85555555555556,0.403205774158858,0.480535477559947,0.0811371773879999,12.080392688004
4.85565476190476,0.403172956791971,0.480504261297491,0.0810983745267906,12.0806295945926
4.85575396825397,0.403140142562931,0.480473044400659,0.0810595901628587,12.080866478834
4.85585317460317,0.403107331471236,0.48044182687089,0.0810208242878091,12.0811033407315
4.85595238095238,0.403074523516386,0.480410608709618,0.0809820768932498,12.0813401802887
4.85605158730159,0.40304171869788,0.480379389918278,0.080943347970791,12.0815769975089
4.85615079365079,0.40300891701522,0.480348170498305,0.0809046375120464,12.0818137923956
4.85625,0.402976118467905,0.480316950451133,0.0808659455086316,12.0820505649523
4.85634920634921,0.402943323055435,0.480285729778196,0.0808272719521653,12.0822873151823
4.85644841269841,0.40291053077731,0.480254508480926,0.0807886168342687,12.0825240430891
4.85654761904762,0.402877741633031,0.480223286560756,0.0807499801465658,12.0827607486762
4.85664682539683,0.402844955622099,0.480192064019119,0.0807113618806833,12.0829974319469
4.85674603174603,0.402812172744013,0.480160840857445,0.0806727620282506,12.0832340929048
4.85684523809524,0.402779392998276,0.480129617077165,0.0806341805808995,12.0834707315532
4.85694444444444,0.402746616384388,0.48009839267971,0.0805956175302654,12.0837073478957
4.85704365079365,0.40271384290185,0.48006716766651,0.0805570728679853,12.0839439419355
4.85714285714286,0.402681072550163,0.480035942038993,0.0805185465856996,12.0841805136762
4.85724206349206,0.402648305328828,0.48000471579859,0.0804800386750511,12.0844170631212
4.85734126984127,0.402615541237348,0.479973488946727,0.0804415491276853,12.0846535902739
4.85744047619048,0.402582780275223,0.479942261484834,0.0804030779352506,12.0848900951377
4.85753968253968,0.402550022441955,0.479911033414336,0.0803646250893975,12.0851265777161
4.85763888888889,0.402517267737046,0.479879804736661,0.0803261905817804,12.0853630380126
4.8577380952381,0.402484516159998,0.479848575453235,0.0802877744040552,12.0855994760304
4.8578373015873,0.402451767710313,0.479817345565484,0.0802493765478812,12.0858358917731
4.85793650793651,0.402419022387494,0.479786115074833,0.0802109970049199,12.0860722852441
4.85803571428571,0.402386280191041,0.479754883982706,0.0801726357668359,12.0863086564468
4.85813492063492,0.402353541120459,0.479723652290527,0.0801342928252963,12.0865450053847
4.85823412698413,0.402320805175249,0.479692419999721,0.0800959681719709,12.0867813320611
4.85833333333333,0.402288072354914,0.479661187111709,0.0800576617985321,12.0870176364795
4.85843253968254,0.402255342658956,0.479629953627915,0.0800193736966556,12.0872539186433
4.85853174603175,0.40222261608688,0.479598719549761,0.079981103858019,12.0874901785559
4.85863095238095,0.402189892638187,0.479567484878668,0.079942852274303,12.0877264162208
4.85873015873016,0.402157172312382,0.479536249616056,0.079904618937191,12.0879626316413
4.85882936507937,0.402124455108966,0.479505013763347,0.079866403838369,12.088198824821
4.85892857142857,0.402091741027444,0.47947377732196,0.0798282069695256,12.0884349957631
4.85902777777778,0.402059030067319,0.479442540293315,0.0797900283223521,12.0886711444712
4.85912698412698,0.402026322228095,0.47941130267883,0.0797518678885431,12.0889072709486
4.85922619047619,0.401993617509275,0.479380064479923,0.0797137256597951,12.0891433751987
4.8593253968254,0.401960915910364,0.479348825698014,0.0796756016278077,12.0893794572251
4.8594246031746,0.401928217430866,0.479317586334517,0.0796374957842831,12.089615517031
4.85952380952381,0.401895522070284,0.479286346390852,0.0795994081209261,12.0898515546199
4.85962301587302,0.401862829828123,0.479255105868433,0.0795613386294445,12.0900875699953
4.85972222222222,0.401830140703887,0.479223864768676,0.0795232873015484,12.0903235631605
4.85982142857143,0.40179745469708,0.479192623092997,0.0794852541289507,12.0905595341189
4.85992063492063,0.401764771807208,0.47916138084281,0.0794472391033676,12.090795482874
4.86001984126984,0.401732092033775,0.479130138019529,0.0794092422165171,12.0910314094291
4.86011904761905,0.401699415376287,0.479098894624568,0.0793712634601205,12.0912673137877
4.86021825396825,0.401666741834247,0.47906765065934,0.0793333028259014,12.0915031959532
4.86031746031746,0.401634071407161,0.479036406125257,0.0792953603055863,12.091739055929
4.86041666666667,0.401601404094535,0.479005161023732,0.0792574358909046,12.0919748937185
4.86051587301587,0.401568739895873,0.478973915356175,0.0792195295735877,12.092210709325
4.86061507936508,0.401536078810681,0.478942669123998,0.0791816413453707,12.0924465027521
4.86071428571429,0.401503420838466,0.478911422328612,0.0791437711979908,12.0926822740031
4.86081349206349,0.401470765978731,0.478880174971425,0.0791059191231878,12.0929180230815
4.8609126984127,0.401438114230985,0.478848927053848,0.0790680851127045,12.0931537499905
4.8610119047619,0.401405465594731,0.478817678577289,0.0790302691582861,12.0933894547337
4.86111111111111,0.401372820069477,0.478786429543157,0.0789924712516809,12.0936251373144
4.86121031746032,0.401340177654729,0.478755179952859,0.0789546913846394,12.093860797736
4.86130952380952,0.401307538349993,0.478723929807803,0.078916929548915,12.0940964360019
4.86140873015873,0.401274902154775,0.478692679109396,0.0788791857362643,12.0943320521156
4.86150793650794,0.401242269068582,0.478661427859043,0.078841459938446,12.0945676460804
4.86160714285714,0.401209639090921,0.478630176058151,0.0788037521472214,12.0948032178998
4.86170634920635,0.401177012221299,0.478598923708124,0.078766062354355,12.095038767577
4.86180555555556,0.401144388459223,0.478567670810367,0.0787283905516137,12.0952742951156
4.86190476190476,0.401111767804199,0.478536417366284,0.078690736730767,12.0955098005189
4.86200396825397,0.401079150255735,0.47850516337728,0.0786531008835871,12.0957452837903
4.86210317460317,0.401046535813338,0.478473908844756,0.0786154830018496,12.0959807449332
4.86220238095238,0.401013924476516,0.478442653770116,0.0785778830773319,12.096216183951
4.86230158730159,0.400981316244777,0.478411398154761,0.0785403011018144,12.0964516008471
4.86240079365079,0.400948711117627,0.478380142000094,0.0785027370670803,12.0966869956249
4.8625,0.400916109094575,0.478348885307514,0.0784651909649155,12.0969223682877
4.86259920634921,0.400883510175129,0.478317628078423,0.0784276627871083,12.097157718839
4.86269841269841,0.400850914358797,0.47828637031422,0.0783901525254501,12.0973930472822
4.86279761904762,0.400818321645086,0.478255112016305,0.0783526601717346,12.0976283536206
4.86289682539683,0.400785732033506,0.478223853186076,0.0783151857177588,12.0978636378576
4.86299603174603,0.400753145523565,0.478192593824932,0.0782777291553218,12.0980988999967
4.86309523809524,0.400720562114771,0.478161333934271,0.0782402904762256,12.0983341400412
4.86319444444444,0.400687981806633,0.47813007351549,0.0782028696722749,12.0985693579944
4.86329365079365,0.40065540459866,0.478098812569986,0.0781654667352772,12.0988045538599
4.86339285714286,0.40062283049036,0.478067551099155,0.0781280816570425,12.0990397276409
4.86349206349206,0.400590259481243,0.478036289104392,0.0780907144293834,12.0992748793408
4.86359126984127,0.400557691570818,0.478005026587094,0.0780533650441159,12.0995100089631
4.86369047619048,0.400525126758595,0.477973763548654,0.078016033493058,12.0997451165111
4.86378968253968,0.400492565044082,0.477942499990466,0.0779787197680304,12.0999802019881
4.86388888888889,0.400460006426789,0.477911235913925,0.0779414238608569,12.1002152653977
4.86398809523809,0.400427450906226,0.477879971320424,0.0779041457633637,12.1004503067431
4.8640873015873,0.400394898481903,0.477848706211354,0.0778668854673798,12.1006853260277
4.86418650793651,0.400362349153329,0.477817440588108,0.0778296429647368,12.100920323255
4.86428571428571,0.400329802920015,0.477786174452078,0.077792418247269,12.1011552984282
4.86438492063492,0.40029725978147,0.477754907804654,0.0777552113068138,12.1013902515508
4.86448412698413,0.400264719737206,0.477723640647228,0.0777180221352108,12.1016251826261
4.86458333333333,0.400232182786732,0.477692372981188,0.0776808507243025,12.1018600916575
4.86468253968254,0.400199648929559,0.477661104807924,0.077643697065934,12.1020949786485
4.86478174603175,0.400167118165198,0.477629836128826,0.0776065611519532,12.1023298436023
4.86488095238095,0.400134590493159,0.477598566945281,0.0775694429742107,12.1025646865223
4.86498015873016,0.400102065912953,0.477567297258677,0.0775323425245595,12.102799507412
4.86507936507937,0.400069544424091,0.477536027070402,0.077495259794856,12.1030343062746
4.86517857142857,0.400037026026085,0.477504756381842,0.0774581947769587,12.1032690831136
4.86527777777778,0.400004510718446,0.477473485194384,0.0774211474627288,12.1035038379323
4.86537698412698,0.399971998500684,0.477442213509414,0.0773841178440305,12.1037385707341
4.86547619047619,0.399939489372312,0.477410941328316,0.0773471059127304,12.1039732815223
4.8655753968254,0.399906983332842,0.477379668652476,0.0773101116606981,12.1042079703004
4.8656746031746,0.399874480381784,0.477348395483276,0.0772731350798057,12.1044426370717
4.86577380952381,0.399841980518651,0.477317121822102,0.0772361761619278,12.1046772818395
4.86587301587302,0.399809483742955,0.477285847670336,0.0771992348989423,12.1049119046072
4.86597222222222,0.399776990054208,0.477254573029361,0.0771623112827293,12.1051465053783
4.86607142857143,0.399744499451922,0.477223297900558,0.0771254053051717,12.105381084156
4.86617063492063,0.399712011935609,0.47719202228531,0.0770885169581551,12.1056156409437
4.86626984126984,0.399679527504783,0.477160746184998,0.077051646233568,12.1058501757448
4.86636904761905,0.399647046158955,0.477129469601001,0.0770147931233012,12.1060846885626
4.86646825396825,0.399614567897639,0.477098192534699,0.0769779576192482,12.1063191794005
4.86656746031746,0.399582092720346,0.477066914987473,0.076941139713306,12.1065536482619
4.86666666666667,0.399549620626591,0.477035636960701,0.0769043393973735,12.1067880951502
4.86676587301587,0.399517151615887,0.477004358455761,0.0768675566633524,12.1070225200685
4.86686507936508,0.399484685687746,0.476973079474032,0.0768307915031473,12.1072569230205
4.86696428571429,0.399452222841682,0.47694180001689,0.0767940439086653,12.1074913040093
4.86706349206349,0.399419763077208,0.476910520085713,0.0767573138718163,12.1077256630384
4.8671626984127,0.399387306393838,0.476879239681876,0.0767206013845131,12.1079600001111
4.86726190476191,0.399354852791086,0.476847958806756,0.0766839064386705,12.1081943152307
4.86736111111111,0.399322402268465,0.476816677461727,0.0766472290262072,12.1084286084007
4.86746031746032,0.39928995482549,0.476785395648165,0.0766105691390435,12.1086628796243
4.86755952380952,0.399257510461674,0.476754113367443,0.0765739267691029,12.1088971289049
4.86765873015873,0.399225069176532,0.476722830620935,0.0765373019083113,12.1091313562459
4.86775793650794,0.399192630969579,0.476691547410015,0.0765006945485977,12.1093655616507
4.86785714285714,0.399160195840328,0.476660263736054,0.0764641046818934,12.1095997451225
4.86795634920635,0.399127763788294,0.476628979600425,0.0764275323001325,12.1098339066647
4.86805555555556,0.399095334812991,0.4765976950045,0.0763909773952523,12.1100680462807
4.86815476190476,0.399062908913936,0.476566409949649,0.0763544399591921,12.1103021639739
4.86825396825397,0.399030486090642,0.476535124437243,0.0763179199838942,12.1105362597474
4.86835317460317,0.398998066342625,0.476503838468652,0.0762814174613035,12.1107703336048
4.86845238095238,0.3989656496694,0.476472552045246,0.0762449323833678,12.1110043855494
4.86855158730159,0.398933236070481,0.476441265168393,0.0762084647420373,12.1112384155845
4.86865079365079,0.398900825545386,0.476409977839461,0.0761720145292652,12.1114724237134
4.86875,0.398868418093628,0.476378690059819,0.0761355817370069,12.1117064099395
4.86884920634921,0.398836013714725,0.476347401830834,0.0760991663572215,12.1119403742661
4.86894841269841,0.398803612408191,0.476316113153872,0.0760627683818697,12.1121743166966
4.86904761904762,0.398771214173543,0.476284824030301,0.0760263878029155,12.1124082372343
4.86914682539683,0.398738819010297,0.476253534461485,0.0759900246123254,12.1126421358826
4.86924603174603,0.398706426917968,0.47622224444879,0.0759536788020686,12.1128760126448
4.86934523809524,0.398674037896073,0.476190953993581,0.0759173503641171,12.1131098675242
4.86944444444444,0.398641651944129,0.476159663097222,0.0758810392904453,12.1133437005241
4.86954365079365,0.398609269061652,0.476128371761076,0.075844745573031,12.113577511648
4.86964285714286,0.398576889248159,0.476097079986507,0.075808469203854,12.1138113008992
4.86974206349206,0.398544512503166,0.476065787774878,0.075772210174897,12.1140450682809
4.86984126984127,0.398512138826191,0.476034495127549,0.0757359684781455,12.1142788137965
4.86994047619048,0.398479768216751,0.476003202045884,0.0756997441055875,12.1145125374494
4.87003968253968,0.398447400674361,0.475971908531242,0.0756635370492139,12.1147462392428
4.87013888888889,0.398415036198541,0.475940614584985,0.0756273473010183,12.1149799191802
4.8702380952381,0.398382674788807,0.475909320208473,0.0755911748529965,12.1152135772648
4.8703373015873,0.398350316444677,0.475878025403064,0.075555019697148,12.1154472135
4.87043650793651,0.398317961165669,0.475846730170118,0.0755188818254741,12.1156808278891
4.87053571428571,0.3982856089513,0.475815434510994,0.0754827612299792,12.1159144204355
4.87063492063492,0.398253259801088,0.475784138427048,0.0754466579026703,12.1161479911424
4.87073412698413,0.398220913714551,0.47575284191964,0.075410571835557,12.1163815400132
4.87083333333333,0.398188570691208,0.475721544990124,0.0753745030206519,12.1166150670513
4.87093253968254,0.398156230730575,0.475690247639858,0.0753384514499696,12.1168485722599
4.87103174603175,0.398123893832174,0.475658949870197,0.0753024171155285,12.1170820556423
4.87113095238095,0.39809155999552,0.475627651682497,0.0752664000093489,12.117315517202
4.87123015873016,0.398059229220134,0.475596353078113,0.0752304001234539,12.1175489569422
4.87132936507937,0.398026901505533,0.475565054058398,0.0751944174498695,12.1177823748662
4.87142857142857,0.397994576851238,0.475533754624706,0.0751584519806241,12.1180157709774
4.87152777777778,0.397962255256765,0.475502454778391,0.0751225037077492,12.1182491452791
4.87162698412698,0.397929936721636,0.475471154520805,0.0750865726232786,12.1184824977746
4.87172619047619,0.397897621245369,0.475439853853299,0.0750506587192488,12.1187158284673
4.8718253968254,0.397865308827484,0.475408552777227,0.0750147619876997,12.1189491373604
4.8719246031746,0.397832999467499,0.475377251293939,0.074978882420673,12.1191824244572
4.87202380952381,0.397800693164935,0.475345949404784,0.0749430200102137,12.1194156897612
4.87212301587302,0.397768389919311,0.475314647111114,0.074907174748369,12.1196489332756
4.87222222222222,0.397736089730148,0.475283344414278,0.0748713466271892,12.1198821550037
4.87232142857143,0.397703792596964,0.475252041315625,0.0748355356387272,12.1201153549488
4.87242063492064,0.397671498519281,0.475220737816502,0.0747997417750382,12.1203485331143
4.87251984126984,0.397639207496619,0.475189433918259,0.074763965028181,12.1205816895035
4.87261904761905,0.397606919528497,0.475158129622242,0.0747282053902163,12.1208148241196
4.87271825396825,0.397574634614436,0.475126824929798,0.0746924628532077,12.1210479369661
4.87281746031746,0.397542352753958,0.475095519842274,0.0746567374092217,12.1212810280462
4.87291666666667,0.397510073946582,0.475064214361016,0.0746210290503271,12.1215140973631
4.87301587301587,0.39747779819183,0.475032908487368,0.0745853377685959,12.1217471449203
4.87311507936508,0.397445525489222,0.475001602222675,0.0745496635561024,12.1219801707211
4.87321428571429,0.397413255838279,0.474970295568282,0.0745140064049234,12.1222131747687
4.87331349206349,0.397380989238523,0.474938988525532,0.0744783663071395,12.1224461570664
4.8734126984127,0.397348725689476,0.474907681095769,0.0744427432548327,12.1226791176177
4.87351190476191,0.397316465190657,0.474876373280335,0.0744071372400883,12.1229120564257
4.87361111111111,0.397284207741591,0.474845065080572,0.0743715482549943,12.1231449734937
4.87371031746032,0.397251953341796,0.474813756497822,0.0743359762916413,12.1233778688252
4.87380952380952,0.397219701990797,0.474782447533426,0.0743004213421226,12.1236107424233
4.87390873015873,0.397187453688114,0.474751138188725,0.074264883398534,12.1238435942915
4.87400793650794,0.397155208433269,0.474719828465058,0.0742293624529746,12.1240764244329
4.87410714285714,0.397122966225786,0.474688518363764,0.0741938584975457,12.1243092328509
4.87420634920635,0.397090727065185,0.474657207886184,0.0741583715243514,12.1245420195488
4.87430555555556,0.397058490950991,0.474625897033655,0.0741229015254983,12.12477478453
4.87440476190476,0.397026257882724,0.474594585807516,0.0740874484930962,12.1250075277976
4.87450396825397,0.396994027859908,0.474563274209103,0.074052012419257,12.125240249355
4.87460317460317,0.396961800882066,0.474531962239754,0.0740165932960959,12.1254729492055
4.87470238095238,0.396929576948721,0.474500649900804,0.07398119111573,12.1257056273524
4.87480158730159,0.396897356059395,0.47446933719359,0.0739458058702802,12.125938283799
4.87490079365079,0.396865138213612,0.474438024119448,0.0739104375518693,12.1261709185486
4.875,0.396832923410895,0.474406710679711,0.0738750861526228,12.1264035316044
4.87509920634921,0.396800711650767,0.474375396875714,0.0738397516646693,12.1266361229699
4.87519841269841,0.396768502932753,0.47434408270879,0.0738044340801397,12.1268686926482
4.87529761904762,0.396736297256376,0.474312768180274,0.0737691333911678,12.1271012406427
4.87539682539683,0.396704094621158,0.474281453291497,0.07373384958989,12.1273337669566
4.87549603174603,0.396671895026626,0.474250138043791,0.0736985826684458,12.1275662715933
4.87559523809524,0.396639698472302,0.474218822438489,0.0736633326189769,12.127798754556
4.87569444444444,0.39660750495771,0.474187506476922,0.0736280994336277,12.128031215848
4.87579365079365,0.396575314482376,0.474156190160419,0.0735928831045457,12.1282636554727
4.87589285714286,0.396543127045822,0.474124873490312,0.0735576836238808,12.1284960734332
4.87599206349206,0.396510942647575,0.474093556467928,0.0735225009837855,12.128728469733
4.87609126984127,0.396478761287158,0.474062239094599,0.0734873351764154,12.1289608443752
4.87619047619048,0.396446582964097,0.474030921371651,0.0734521861939281,12.1291931973632
4.87628968253968,0.396414407677915,0.473999603300413,0.0734170540284849,12.1294255287002
4.87638888888889,0.396382235428139,0.473968284882212,0.0733819386722491,12.1296578383896
4.87648809523809,0.396350066214293,0.473936966118376,0.0733468401173868,12.1298901264346
4.8765873015873,0.396317900035903,0.47390564701023,0.0733117583560667,12.1301223928385
4.87668650793651,0.396285736892494,0.4738743275591,0.0732766933804605,12.1303546376046
4.87678571428571,0.396253576783591,0.473843007766312,0.0732416451827424,12.1305868607361
4.87688492063492,0.39622141970872,0.47381168763319,0.0732066137550891,12.1308190622364
4.87698412698413,0.396189265667407,0.473780367161059,0.0731715990896807,12.1310512421088
4.87708333333333,0.396157114659178,0.473749046351242,0.0731366011786992,12.1312834003564
4.87718253968254,0.396124966683559,0.473717725205063,0.0731016200143298,12.1315155369826
4.87728174603175,0.396092821740075,0.473686403723845,0.0730666555887601,12.1317476519907
4.87738095238095,0.396060679828254,0.473655081908908,0.0730317078941806,12.1319797453839
4.87748015873016,0.396028540947622,0.473623759761576,0.0729967769227843,12.1322118171656
4.87757936507936,0.395996405097704,0.473592437283169,0.0729618626667671,12.1324438673389
4.87767857142857,0.395964272278027,0.473561114475008,0.0729269651183273,12.1326758959072
4.87777777777778,0.39593214248812,0.473529791338412,0.0728920842696665,12.1329079028737
4.87787698412698,0.395900015727507,0.473498467874702,0.0728572201129884,12.1331398882418
4.87797619047619,0.395867891995717,0.473467144085196,0.0728223726404997,12.1333718520146
4.8780753968254,0.395835771292276,0.473435819971213,0.0727875418444096,12.1336037941955
4.8781746031746,0.395803653616711,0.473404495534071,0.0727527277169301,12.1338357147877
4.87827380952381,0.39577153896855,0.473373170775087,0.0727179302502759,12.1340676137945
4.87837301587302,0.395739427347321,0.473341845695577,0.0726831494366642,12.1342994912192
4.87847222222222,0.395707318752551,0.47331052029686,0.0726483852683155,12.134531347065
4.87857142857143,0.395675213183767,0.473279194580249,0.0726136377374524,12.1347631813353
4.87867063492063,0.395643110640498,0.473247868547062,0.0725789068363004,12.1349949940332
4.87876984126984,0.395611011122271,0.473216542198611,0.0725441925570877,12.135226785162
4.87886904761905,0.395578914628615,0.473185215536213,0.0725094948920451,12.135458554725
4.87896825396825,0.395546821159058,0.47315388856118,0.0724748138334062,12.1356903027256
4.87906746031746,0.395514730713128,0.473122561274825,0.0724401493734073,12.1359220291668
4.87916666666667,0.395482643290353,0.473091233678462,0.0724055015042871,12.136153734052
4.87926587301587,0.395450558890262,0.473059905773402,0.0723708702182878,12.1363854173845
4.87936507936508,0.395418477512385,0.473028577560958,0.0723362555076535,12.1366170791675
4.87946428571429,0.395386399156249,0.472997249042439,0.0723016573646312,12.1368487194043
4.87956349206349,0.395354323821384,0.472965920219158,0.0722670757814708,12.1370803380982
4.8796626984127,0.395322251507318,0.472934591092424,0.0722325107504246,12.1373119352523
4.8797619047619,0.395290182213582,0.472903261663546,0.0721979622637479,12.13754351087
4.87986111111111,0.395258115939703,0.472871931933833,0.0721634303136982,12.1377750649545
4.87996031746032,0.395226052685212,0.472840601904595,0.0721289148925366,12.1380065975091
4.88005952380952,0.395193992449639,0.472809271577138,0.0720944159925261,12.138238108537
4.88015873015873,0.395161935232512,0.472777940952771,0.0720599336059326,12.1384695980415
4.88025793650794,0.395129881033363,0.4727466100328,0.0720254677250247,12.1387010660259
4.88035714285714,0.395097829851719,0.472715278818532,0.0719910183420739,12.1389325124933
4.88045634920635,0.395065781687113,0.472683947311273,0.0719565854493542,12.1391639374471
4.88055555555556,0.395033736539073,0.472652615512328,0.0719221690391422,12.1393953408905
4.88065476190476,0.395001694407131,0.472621283423001,0.0718877691037172,12.1396267228267
4.88075396825397,0.394969655290816,0.472589951044597,0.0718533856353617,12.1398580832591
4.88085317460317,0.39493761918966,0.47255861837842,0.0718190186263604,12.1400894221908
4.88095238095238,0.394905586103192,0.472527285425773,0.0717846680690009,12.1403207396251
4.88105158730159,0.394873556030944,0.472495952187959,0.0717503339555732,12.1405520355653
4.88115079365079,0.394841528972446,0.472464618666279,0.0717160162783703,12.1407833100145
4.88125,0.39480950492723,0.472433284862037,0.0716817150296879,12.1410145629761
4.88134920634921,0.394777483894826,0.472401950776532,0.071647430201824,12.1412457944533
4.88144841269841,0.394745465874767,0.472370616411065,0.0716131617870801,12.1414770044494
4.88154761904762,0.394713450866583,0.472339281766937,0.0715789097777597,12.1417081929675
4.88164682539683,0.394681438869806,0.472307946845447,0.0715446741661691,12.141939360011
4.88174603174603,0.394649429883968,0.472276611647893,0.0715104549446175,12.142170505583
4.88184523809524,0.3946174239086,0.472245276175576,0.0714762521054167,12.1424016296869
4.88194444444444,0.394585420943234,0.472213940429792,0.0714420656408812,12.1426327323258
4.88204365079365,0.394553420987403,0.472182604411838,0.071407895543328,12.142863813503
4.88214285714286,0.394521424040638,0.472151268123013,0.0713737418050771,12.1430948732218
4.88224206349206,0.394489430102472,0.472119931564612,0.0713396044184513,12.1433259114853
4.88234126984127,0.394457439172437,0.472088594737931,0.0713054833757757,12.1435569282968
4.88244047619048,0.394425451250065,0.472057257644266,0.0712713786693783,12.1437879236596
4.88253968253968,0.39439346633489,0.472025920284911,0.0712372902915898,12.1440188975769
4.88263888888889,0.394361484426443,0.471994582661161,0.0712032182347435,12.144249850052
4.88273809523809,0.394329505524259,0.471963244774309,0.0711691624911756,12.144480781088
4.8828373015873,0.394297529627869,0.471931906625649,0.0711351230532246,12.1447116906882
4.88293650793651,0.394265556736808,0.471900568216473,0.0711010999132324,12.1449425788558
4.88303571428571,0.394233586850607,0.471869229548075,0.0710670930635429,12.1451734455941
4.88313492063492,0.394201619968802,0.471837890621744,0.071033102496503,12.1454042909063
4.88323412698413,0.394169656090924,0.471806551438773,0.0709991282044623,12.1456351147957
4.88333333333333,0.394137695216508,0.471775212000452,0.070965170179773,12.1458659172654
4.88343253968254,0.394105737345088,0.471743872308071,0.07093122841479,12.1460966983187
4.88353174603175,0.394073782476197,0.47171253236292,0.0708973029018711,12.1463274579588
4.88363095238095,0.394041830609369,0.471681192166288,0.0708633936333764,12.146558196189
4.88373015873016,0.394009881744139,0.471649851719464,0.0708295006016693,12.1467889130124
4.88382936507937,0.39397793588004,0.471618511023734,0.0707956237991153,12.1470196084324
4.88392857142857,0.393945993016608,0.471587170080388,0.070761763218083,12.1472502824521
4.88402777777778,0.393914053153376,0.471555828890711,0.0707279188509434,12.1474809350748
4.88412698412698,0.393882116289879,0.471524487455991,0.0706940906900705,12.1477115663037
4.88422619047619,0.393850182425652,0.471493145777513,0.0706602787278406,12.1479421761419
4.8843253968254,0.393818251560229,0.471461803856562,0.0706264829566328,12.1481727645929
4.8844246031746,0.393786323693146,0.471430461694423,0.0705927033688296,12.1484033316596
4.88452380952381,0.393754398823938,0.471399119292382,0.0705589399568152,12.1486338773455
4.88462301587302,0.39372247695214,0.47136777665172,0.0705251927129771,12.1488644016536
4.88472222222222,0.393690558077287,0.471336433773723,0.0704914616297052,12.1490949045873
4.88482142857143,0.393658642198914,0.471305090659672,0.0704577466993923,12.1493253861498
4.88492063492063,0.393626729316559,0.47127374731085,0.0704240479144337,12.1495558463441
4.88501984126984,0.393594819429755,0.471242403728538,0.0703903652672277,12.1497862851737
4.88511904761905,0.393562912538038,0.471211059914017,0.0703566987501747,12.1500167026417
4.88521825396825,0.393531008640946,0.471179715868569,0.0703230483556787,12.1502470987513
4.88531746031746,0.393499107738014,0.471148371593473,0.0702894140761457,12.1504774735057
4.88541666666667,0.393467209828777,0.47111702709001,0.0702557959039847,12.1507078269081
4.88551587301587,0.393435314912774,0.471085682359457,0.0702221938316071,12.1509381589619
4.88561507936508,0.393403422989538,0.471054337403094,0.0701886078514273,12.15116846967
4.88571428571429,0.393371534058609,0.471022992222198,0.0701550379558624,12.1513987590359
4.88581349206349,0.393339648119521,0.470991646818047,0.0701214841373316,12.1516290270627
4.8859126984127,0.393307765171812,0.470960301191919,0.070087946388258,12.1518592737536
4.88601190476191,0.393275885215019,0.470928955345089,0.0700544247010663,12.1520894991118
4.88611111111111,0.393244008248679,0.470897609278833,0.0700209190681843,12.1523197031406
4.88621031746032,0.393212134272329,0.470866262994428,0.0699874294820426,12.1525498858431
4.88630952380952,0.393180263285507,0.470834916493146,0.0699539559350743,12.1527800472225
4.88640873015873,0.393148395287749,0.470803569776264,0.0699204984197152,12.1530101872821
4.88650793650794,0.393116530278593,0.470772222845055,0.0698870569284039,12.1532403060251
4.88660714285714,0.393084668257578,0.470740875700791,0.0698536314535815,12.1534704034546
4.88670634920635,0.39305280922424,0.470709528344747,0.0698202219876924,12.1537004795739
4.88680555555556,0.393020953178118,0.470678180778194,0.069786828523183,12.1539305343862
4.88690476190476,0.39298910011875,0.470646833002403,0.0697534510525028,12.1541605678947
4.88700396825397,0.392957250045674,0.470615485018647,0.0697200895681036,12.1543905801025
4.88710317460317,0.392925402958427,0.470584136828195,0.0696867440624404,12.154620571013
4.88720238095238,0.39289355885655,0.470552788432318,0.0696534145279705,12.1548505406292
4.88730158730159,0.392861717739579,0.470521439832285,0.0696201009571539,12.1550804889545
4.88740079365079,0.392829879607055,0.470490091029366,0.0695868033424538,12.1553104159919
4.8875,0.392798044458515,0.470458742024829,0.0695535216763357,12.1555403217447
4.88759920634921,0.392766212293498,0.470427392819942,0.0695202559512677,12.1557702062161
4.88769841269841,0.392734383111544,0.470396043415973,0.0694870061597207,12.1560000694093
4.88779761904762,0.392702556912192,0.470364693814188,0.0694537722941685,12.1562299113275
4.88789682539683,0.392670733694981,0.470333344015854,0.0694205543470872,12.1564597319739
4.88799603174603,0.392638913459449,0.470301994022237,0.0693873523109561,12.1566895313516
4.88809523809524,0.392607096205138,0.470270643834603,0.0693541661782565,12.1569193094639
4.88819444444444,0.392575281931586,0.470239293454216,0.0693209959414734,12.157149066314
4.88829365079365,0.392543470638333,0.470207942882341,0.0692878415930936,12.157378801905
4.88839285714286,0.39251166232492,0.470176592120241,0.0692547031256069,12.1576085162402
4.88849206349206,0.392479856990885,0.47014524116918,0.069221580531506,12.1578382093227
4.88859126984127,0.39244805463577,0.47011389003042,0.0691884738032859,12.1580678811558
4.88869047619048,0.392416255259114,0.470082538705224,0.0691553829334446,12.1582975317426
4.88878968253968,0.392384458860457,0.470051187194854,0.0691223079144825,12.1585271610863
4.88888888888889,0.392352665439342,0.47001983550057,0.0690892487389034,12.1587567691901
4.8889880952381,0.392320874995307,0.469988483623634,0.069056205399213,12.1589863560571
4.8890873015873,0.392289087527894,0.469957131565306,0.06902317788792,12.1592159216907
4.88918650793651,0.392257303036643,0.469925779326845,0.0689901661975358,12.1594454660939
4.88928571428571,0.392225521521096,0.46989442690951,0.0689571703205745,12.15967498927
4.88938492063492,0.392193742980794,0.46986307431456,0.0689241902495529,12.1599044912221
4.88948412698413,0.392161967415278,0.469831721543253,0.0688912259769905,12.1601339719534
4.88958333333333,0.392130194824088,0.469800368596846,0.0688582774954092,12.1603634314672
4.88968253968254,0.392098425206768,0.469769015476597,0.0688253447973345,12.1605928697665
4.88978174603175,0.392066658562858,0.469737662183761,0.0687924278752935,12.1608222868545
4.88988095238095,0.3920348948919,0.469706308719596,0.0687595267218167,12.1610516827346
4.88998015873016,0.392003134193435,0.469674955085356,0.068726641329437,12.1612810574097
4.89007936507937,0.391971376467007,0.469643601282296,0.0686937716906901,12.1615104108831
4.89017857142857,0.391939621712157,0.469612247311671,0.0686609177981143,12.1617397431581
4.89027777777778,0.391907869928426,0.469580893174734,0.0686280796442505,12.1619690542377
4.89037698412698,0.391876121115358,0.46954953887274,0.0685952572216429,12.1621983441251
4.89047619047619,0.391844375272496,0.469518184406939,0.0685624505228377,12.1624276128236
4.8905753968254,0.391812632399381,0.469486829778586,0.0685296595403841,12.1626568603362
4.8906746031746,0.391780892495556,0.469455474988931,0.068496884266834,12.1628860866662
4.89077380952381,0.391749155560564,0.469424120039226,0.0684641246947418,12.1631152918168
4.89087301587302,0.391717421593948,0.469392764930721,0.068431380816665,12.163344475791
4.89097222222222,0.391685690595251,0.469361409664667,0.0683986526251633,12.1635736385922
4.89107142857143,0.391653962564017,0.469330054242314,0.0683659401127992,12.1638027802234
4.89117063492063,0.391622237499788,0.46929869866491,0.0683332432721386,12.1640319006878
4.89126984126984,0.391590515402108,0.469267342933704,0.0683005620957492,12.1642609999886
4.89136904761905,0.391558796270521,0.469235987049944,0.0682678965762017,12.164490078129
4.89146825396825,0.391527080104571,0.469204631014878,0.0682352467060697,12.1647191351122
4.89156746031746,0.3914953669038,0.469173274829752,0.0682026124779292,12.1649481709412
4.89166666666667,0.391463656667754,0.469141918495814,0.0681699938843591,12.1651771856193
4.89176587301587,0.391431949395976,0.469110562014308,0.0681373909179407,12.1654061791497
4.89186507936508,0.39140024508801,0.469079205386482,0.0681048035712585,12.1656351515355
4.89196428571429,0.3913685437434,0.469047848613579,0.0680722318368995,12.1658641027798
4.89206349206349,0.391336845361692,0.469016491696843,0.0680396757074531,12.1660930328859
4.8921626984127,0.391305149942429,0.46898513463752,0.0680071351755116,12.1663219418569
4.8922619047619,0.391273457485157,0.468953777436852,0.0679746102336702,12.1665508296959
4.89236111111111,0.39124176798942,0.468922420096081,0.0679421008745264,12.1667796964061
4.89246031746032,0.391210081454762,0.468891062616451,0.0679096070906808,12.1670085419908
4.89255952380952,0.39117839788073,0.468859704999202,0.0678771288747361,12.167237366453
4.89265873015873,0.391146717266868,0.468828347245577,0.0678446662192987,12.1674661697958
4.89275793650794,0.391115039612721,0.468796989356816,0.0678122191169768,12.1676949520226
4.89285714285714,0.391083364917836,0.468765631334159,0.0677797875603816,12.1679237131364
4.89295634920635,0.391051693181756,0.468734273178846,0.0677473715421269,12.1681524531403
4.89305555555556,0.391020024404029,0.468702914892116,0.0677149710548295,12.1683811720376
4.89315476190476,0.3909883585842,0.468671556475207,0.0676825860911086,12.1686098698314
4.89325396825397,0.390956695721814,0.468640197929358,0.0676502166435859,12.1688385465248
4.89335317460317,0.390925035816418,0.468608839255806,0.0676178627048866,12.169067202121
4.89345238095238,0.390893378867558,0.468577480455788,0.0675855242676379,12.1692958366232
4.89355158730159,0.390861724874781,0.468546121530541,0.0675532013244697,12.1695244500345
4.89365079365079,0.390830073837631,0.468514762481301,0.0675208938680149,12.169753042358
4.89375,0.390798425755657,0.468483403309303,0.067488601890909,12.169981613597
4.89384920634921,0.390766780628405,0.468452044015782,0.0674563253857901,12.1702101637545
4.89394841269841,0.390735138455421,0.468420684601972,0.0674240643452992,12.1704386928337
4.89404761904762,0.390703499236253,0.468389325069108,0.0673918187620794,12.1706672008378
4.89414682539683,0.390671862970447,0.468357965418423,0.0673595886287776,12.1708956877699
4.89424603174603,0.39064022965755,0.468326605651149,0.0673273739380425,12.1711241536331
4.89434523809524,0.390608599297111,0.468295245768519,0.0672951746825257,12.1713525984307
4.89444444444444,0.390576971888675,0.468263885771765,0.0672629908548816,12.1715810221656
4.89454365079365,0.390545347431791,0.468232525662118,0.0672308224477672,12.1718094248412
4.89464285714286,0.390513725926006,0.468201165440808,0.0671986694538424,12.1720378064606
4.89474206349206,0.390482107370868,0.468169805109066,0.0671665318657692,12.1722661670268
4.89484126984127,0.390450491765926,0.468138444668122,0.0671344096762134,12.172494506543
4.89494047619048,0.390418879110726,0.468107084119205,0.0671023028778424,12.1727228250124
4.89503968253968,0.390387269404817,0.468075723463543,0.067070211463327,12.1729511224381
4.89513888888889,0.390355662647747,0.468044362702364,0.0670381354253402,12.1731793988232
4.89523809523809,0.390324058839065,0.468013001836897,0.067006074756558,12.173407654171
4.8953373015873,0.390292457978319,0.467981640868367,0.0669740294496591,12.1736358884844
4.89543650793651,0.390260860065057,0.467950279798002,0.0669419994973247,12.1738641017668
4.89553571428571,0.390229265098829,0.467918918627028,0.0669099848922388,12.1740922940211
4.89563492063492,0.390197673079183,0.46788755735667,0.0668779856270883,12.1743204652506
4.89573412698413,0.390166084005668,0.467856195988152,0.0668460016945626,12.1745486154583
4.89583333333333,0.390134497877834,0.467824834522701,0.0668140330873538,12.1747767446475
4.89593253968254,0.390102914695229,0.467793472961538,0.0667820797981566,12.1750048528212
4.89603174603175,0.390071334457403,0.467762111305889,0.0667501418196686,12.1752329399826
4.89613095238095,0.390039757163905,0.467730749556975,0.06671821914459,12.1754610061348
4.89623015873016,0.390008182814285,0.467699387716018,0.0666863117656235,12.1756890512809
4.89632936507937,0.389976611408092,0.467668025784242,0.066654419675475,12.1759170754241
4.89642857142857,0.389945042944877,0.467636663762867,0.0666225428668528,12.1761450785676
4.89652777777778,0.38991347742419,0.467605301653113,0.0665906813324677,12.1763730607143
4.89662698412698,0.38988191484558,0.467573939456201,0.0665588350650336,12.1766010218675
4.89672619047619,0.389850355208598,0.467542577173351,0.0665270040572666,12.1768289620304
4.8968253968254,0.389818798512793,0.467511214805782,0.0664951883018861,12.1770568812059
4.8969246031746,0.389787244757717,0.467479852354712,0.0664633877916137,12.1772847793973
4.89702380952381,0.38975569394292,0.46744848982136,0.0664316025191737,12.1775126566077
4.89712301587302,0.389724146067953,0.467417127206943,0.0663998324772937,12.1777405128401
4.89722222222222,0.389692601132366,0.467385764512678,0.0663680776587034,12.1779683480978
4.89732142857143,0.389661059135711,0.467354401739782,0.0663363380561354,12.1781961623838
4.89742063492063,0.389629520077538,0.467323038889471,0.0663046136623249,12.1784239557014
4.89751984126984,0.389597983957399,0.46729167596296,0.0662729044700099,12.1786517280535
4.89761904761905,0.389566450774844,0.467260312961465,0.0662412104719311,12.1788794794433
4.89771825396825,0.389534920529427,0.467228949886199,0.0662095316608315,12.1791072098739
4.89781746031746,0.389503393220697,0.467197586738377,0.0661778680294578,12.1793349193485
4.89791666666667,0.389471868848207,0.467166223519212,0.0661462195705585,12.1795626078702
4.89801587301587,0.389440347411508,0.467134860229917,0.0661145862768849,12.1797902754421
4.89811507936508,0.389408828910153,0.467103496871704,0.0660829681411913,12.1800179220673
4.89821428571429,0.389377313343693,0.467072133445785,0.0660513651562345,12.1802455477489
4.89831349206349,0.38934580071168,0.467040769953372,0.0660197773147741,12.1804731524901
4.8984126984127,0.389314291013668,0.467009406395674,0.0659882046095723,12.1807007362939
4.89851190476191,0.389282784249207,0.466978042773903,0.0659566470333938,12.1809282991635
4.89861111111111,0.389251280417852,0.466946679089268,0.0659251045790067,12.181155841102
4.89871031746032,0.389219779519154,0.466915315342979,0.0658935772391811,12.1813833621125
4.89880952380952,0.389188281552666,0.466883951536243,0.0658620650066901,12.1816108621981
4.89890873015873,0.389156786517941,0.46685258767027,0.0658305678743093,12.181838341362
4.89900793650794,0.389125294414533,0.466821223746266,0.0657990858348173,12.1820657996072
4.89910714285714,0.389093805241994,0.466789859765439,0.0657676188809951,12.1822932369368
4.89920634920635,0.389062318999877,0.466758495728994,0.0657361670056264,12.182520653354
4.89930555555556,0.389030835687736,0.46672713163814,0.065704730201498,12.1827480488618
4.89940476190476,0.388999355305125,0.466695767494081,0.0656733084613991,12.1829754234634
4.89950396825397,0.388967877851597,0.466664403298021,0.0656419017781214,12.1832027771619
4.89960317460317,0.388936403326706,0.466633039051165,0.0656105101444597,12.1834301099604
4.89970238095238,0.388904931730006,0.466601674754718,0.0655791335532113,12.183657421862
4.89980158730159,0.38887346306105,0.466570310409883,0.065547771997176,12.1838847128698
4.89990079365079,0.388841997319393,0.466538946017862,0.0655164254691568,12.1841119829868
4.9,0.38881053450459,0.466507581579858,0.0654850939619586,12.1843392322163
4.90009920634921,0.388779074616194,0.466476217097073,0.0654537774683902,12.1845664605613
4.90019841269841,0.38874761765376,0.466444852570708,0.0654224759812619,12.1847936680249
4.90029761904762,0.388716163616843,0.466413488001964,0.0653911894933874,12.1850208546102
4.90039682539683,0.388684712504997,0.46638212339204,0.0653599179975828,12.1852480203203
4.90049603174603,0.388653264317777,0.466350758742138,0.0653286614866671,12.1854751651583
4.90059523809524,0.388621819054739,0.466319394053456,0.0652974199534617,12.1857022891274
4.90069444444444,0.388590376715437,0.466288029327192,0.0652661933907908,12.1859293922305
4.90079365079365,0.388558937299427,0.466256664564545,0.0652349817914818,12.1861564744709
4.90089285714286,0.388527500806263,0.466225299766713,0.0652037851483642,12.1863835358515
4.90099206349206,0.388496067235503,0.466193934934892,0.0651726034542702,12.1866105763755
4.90109126984127,0.3884646365867,0.46616257007028,0.065141436702035,12.1868375960461
4.90119047619048,0.388433208859411,0.466131205174072,0.0651102848844964,12.1870645948662
4.90128968253968,0.388401784053191,0.466099840247463,0.0650791479944948,12.187291572839
4.90138888888889,0.388370362167598,0.46606847529165,0.0650480260248734,12.1875185299675
4.9014880952381,0.388338943202185,0.466037110307825,0.0650169189684778,12.187745466255
4.9015873015873,0.388307527156511,0.466005745297184,0.064985826818157,12.1879723817043
4.90168650793651,0.388276114030131,0.46597438026092,0.0649547495667621,12.1881992763188
4.90178571428571,0.388244703822602,0.465943015200225,0.064923687207147,12.1884261501013
4.90188492063492,0.38821329653348,0.465911650116292,0.0648926397321683,12.1886530030551
4.90198412698413,0.388181892162323,0.465880285010312,0.0648616071346855,12.1888798351832
4.90208333333333,0.388150490708686,0.465848919883478,0.0648305894075605,12.1891066464887
4.90218253968254,0.388119092172126,0.465817554736979,0.0647995865436579,12.1893334369746
4.90228174603175,0.388087696552202,0.465786189572007,0.0647685985358455,12.1895602066442
4.90238095238095,0.38805630384847,0.465754824389751,0.0647376253769933,12.1897869555003
4.90248015873016,0.388024914060488,0.4657234591914,0.0647066670599741,12.1900136835463
4.90257936507937,0.387993527187812,0.465692093978143,0.0646757235776634,12.190240390785
4.90267857142857,0.38796214323,0.465660728751167,0.0646447949229395,12.1904670772197
4.90277777777778,0.387930762186611,0.465629363511662,0.0646138810886833,12.1906937428533
4.90287698412698,0.387899384057202,0.465597998260813,0.0645829820677783,12.190920387689
4.90297619047619,0.38786800884133,0.465566632999807,0.0645520978531108,12.1911470117299
4.9030753968254,0.387836636538555,0.465535267729831,0.0645212284375702,12.191373614979
4.9031746031746,0.387805267148433,0.46550390245207,0.0644903738140479,12.1916001974394
4.90327380952381,0.387773900670525,0.465472537167709,0.0644595339754384,12.1918267591141
4.90337301587302,0.387742537104387,0.465441171877932,0.0644287089146387,12.1920533000064
4.90347222222222,0.387711176449578,0.465409806583924,0.0643978986245487,12.1922798201192
4.90357142857143,0.387679818705658,0.465378441286868,0.064367103098071,12.1925063194556
4.90367063492064,0.387648463872184,0.465347075987946,0.0643363223281104,12.1927327980186
4.90376984126984,0.387617111948716,0.465315710688342,0.0643055563075753,12.1929592558115
4.90386904761905,0.387585762934813,0.465284345389237,0.0642748050293761,12.1931856928372
4.90396825396825,0.387554416830034,0.465252980091812,0.064244068486426,12.1934121090988
4.90406746031746,0.387523073633939,0.465221614797249,0.0642133466716412,12.1936385045994
4.90416666666667,0.387491733346086,0.465190249506727,0.0641826395779401,12.193864879342
4.90426587301587,0.387460395966035,0.465158884221427,0.0641519471982444,12.1940912333297
4.90436507936508,0.387429061493347,0.465127518942527,0.0641212695254779,12.1943175665657
4.90446428571429,0.387397729927579,0.465096153671206,0.0640906065525673,12.1945438790529
4.90456349206349,0.387366401268294,0.465064788408643,0.0640599582724426,12.1947701707945
4.9046626984127,0.38733507551505,0.465033423156015,0.0640293246780355,12.1949964417934
4.90476190476191,0.387303752667409,0.465002057914499,0.0639987057622811,12.1952226920528
4.90486111111111,0.387272432724929,0.464970692685272,0.0639681015181169,12.1954489215758
4.90496031746032,0.387241115687171,0.46493932746951,0.0639375119384831,12.1956751303653
4.90505952380952,0.387209801553697,0.464907962268388,0.0639069370163227,12.1959013184245
4.90515873015873,0.387178490324066,0.464876597083082,0.0638763767445812,12.1961274857564
4.90525793650794,0.387147181997839,0.464845231914766,0.0638458311162074,12.1963536323641
4.90535714285714,0.387115876574578,0.464813866764615,0.063815300124152,12.1965797582507
4.90545634920635,0.387084574053843,0.4647825016338,0.0637847837613689,12.1968058634192
4.90555555555556,0.387053274435196,0.464751136523496,0.0637542820208145,12.1970319478726
4.90565476190476,0.387021977718197,0.464719771434876,0.0637237948954479,12.1972580116141
4.90575396825397,0.386990683902408,0.464688406369109,0.063693322378231,12.1974840546466
4.90585317460317,0.386959392987391,0.464657041327369,0.0636628644621283,12.1977100769734
4.90595238095238,0.386928104972706,0.464625676310826,0.0636324211401069,12.1979360785973
4.90605158730159,0.386896819857917,0.46459431132065,0.063601992405137,12.1981620595215
4.90615079365079,0.386865537642585,0.464562946358011,0.0635715782501912,12.198388019749
4.90625,0.386834258326271,0.464531581424079,0.0635411786682448,12.1986139592829
4.90634920634921,0.386802981908538,0.464500216520021,0.0635107936522757,12.1988398781262
4.90644841269841,0.386771708388949,0.464468851647007,0.0634804231952648,12.1990657762819
4.90654761904762,0.386740437767064,0.464437486806204,0.0634500672901954,12.1992916537533
4.90664682539683,0.386709170042448,0.464406121998778,0.0634197259300534,12.1995175105432
4.90674603174603,0.386677905214662,0.464374757225898,0.0633893991078281,12.1997433466547
4.90684523809524,0.38664664328327,0.464343392488728,0.0633590868165108,12.199969162091
4.90694444444444,0.386615384247834,0.464312027788435,0.0633287890490957,12.200194956855
4.90704365079365,0.386584128107917,0.464280663126183,0.0632985057985797,12.2004207309497
4.90714285714286,0.386552874863082,0.464249298503137,0.0632682370579623,12.2006464843784
4.90724206349206,0.386521624512892,0.464217933920461,0.063237982820246,12.2008722171439
4.90734126984127,0.386490377056912,0.464186569379318,0.0632077430784358,12.2010979292493
4.90744047619048,0.386459132494703,0.464155204880872,0.063177517825539,12.2013236206977
4.90753968253968,0.386427890825831,0.464123840426285,0.0631473070545665,12.2015492914921
4.90763888888889,0.386396652049858,0.464092476016718,0.0631171107585313,12.2017749416356
4.90773809523809,0.386365416166348,0.464061111653334,0.063086928930449,12.2020005711312
4.9078373015873,0.386334183174866,0.464029747337292,0.0630567615633382,12.202226179982
4.90793650793651,0.386302953074975,0.463998383069754,0.06302660865022,12.202451768191
4.90803571428571,0.38627172586624,0.463967018851879,0.0629964701841184,12.2026773357612
4.90813492063492,0.386240501548224,0.463935654684826,0.0629663461580597,12.2029028826956
4.90823412698413,0.386209280120493,0.463904290569755,0.0629362365650736,12.2031284089975
4.90833333333333,0.386178061582612,0.463872926507823,0.0629061413981919,12.2033539146696
4.90843253968254,0.386146845934144,0.463841562500187,0.0628760606504492,12.2035793997152
4.90853174603175,0.386115633174654,0.463810198548006,0.0628459943148829,12.2038048641372
4.90863095238095,0.386084423303708,0.463778834652436,0.062815942384533,12.2040303079386
4.90873015873016,0.38605321632087,0.463747470814633,0.0627859048524425,12.2042557311226
4.90882936507936,0.386022012225706,0.463716107035753,0.0627558817116565,12.2044811336921
4.90892857142857,0.38599081101778,0.46368474331695,0.0627258729552233,12.2047065156502
4.90902777777778,0.38595961269666,0.463653379659379,0.0626958785761939,12.2049318769999
4.90912698412698,0.385928417261909,0.463622016064195,0.0626658985676218,12.2051572177443
4.90922619047619,0.385897224713094,0.46359065253255,0.0626359329225633,12.2053825378863
4.9093253968254,0.38586603504978,0.463559289065598,0.0626059816340771,12.2056078374291
4.9094246031746,0.385834848271534,0.463527925664491,0.0625760446952251,12.2058331163756
4.90952380952381,0.385803664377921,0.463496562330381,0.0625461220990715,12.2060583747288
4.90962301587302,0.385772483368508,0.463465199064419,0.0625162138386831,12.2062836124919
4.90972222222222,0.38574130524286,0.463433835867757,0.0624863199071302,12.2065088296678
4.90982142857143,0.385710130000545,0.463402472741545,0.0624564402974849,12.2067340262595
4.90992063492063,0.385678957641129,0.463371109686932,0.0624265750028223,12.2069592022701
4.91001984126984,0.385647788164178,0.463339746705068,0.0623967240162204,12.2071843577027
4.91011904761905,0.385616621569259,0.463308383797101,0.0623668873307596,12.2074094925601
4.91021825396825,0.38558545785594,0.46327702096418,0.0623370649395231,12.2076346068456
4.91031746031746,0.385554297023787,0.463245658207453,0.0623072568355969,12.207859700562
4.91041666666667,0.385523139072367,0.463214295528066,0.0622774630120693,12.2080847737124
4.91051587301587,0.385491984001248,0.463182932927166,0.0622476834620322,12.2083098262999
4.91061507936508,0.385460831809997,0.4631515704059,0.0622179181785792,12.2085348583274
4.91071428571429,0.385429682498181,0.463120207965414,0.0621881671548072,12.208759869798
4.91081349206349,0.385398536065369,0.463088845606851,0.0621584303838155,12.2089848607146
4.9109126984127,0.385367392511127,0.463057483331357,0.0621287078587062,12.2092098310804
4.9110119047619,0.385336251835024,0.463026121140076,0.0620989995725841,12.2094347808984
4.91111111111111,0.385305114036628,0.462994759034151,0.0620693055185565,12.2096597101714
4.91121031746032,0.385273979115508,0.462963397014726,0.062039625689734,12.2098846189027
4.91130952380952,0.38524284707123,0.462932035082942,0.0620099600792293,12.2101095070951
4.91140873015873,0.385211717903364,0.462900673239942,0.0619803086801581,12.2103343747517
4.91150793650794,0.385180591611478,0.462869311486867,0.0619506714856384,12.2105592218755
4.91160714285714,0.385149468195141,0.462837949824858,0.0619210484887915,12.2107840484696
4.91170634920635,0.385118347653922,0.462806588255055,0.0618914396827409,12.2110088545369
4.91180555555556,0.385087229987389,0.462775226778599,0.061861845060613,12.2112336400804
4.91190476190476,0.385056115195111,0.462743865396628,0.0618322646155367,12.2114584051032
4.91200396825397,0.385025003276657,0.462712504110281,0.0618026983406441,12.2116831496083
4.91210317460317,0.384993894231598,0.462681142920697,0.0617731462290697,12.2119078735987
4.91220238095238,0.384962788059501,0.462649781829013,0.0617436082739504,12.2121325770774
4.91230158730159,0.384931684759937,0.462618420836367,0.0617140844684261,12.2123572600474
4.91240079365079,0.384900584332475,0.462587059943895,0.0616845748056395,12.2125819225117
4.9125,0.384869486776685,0.462555699152733,0.0616550792787358,12.2128065644733
4.91259920634921,0.384838392092137,0.462524338464016,0.0616255978808627,12.2130311859352
4.91269841269841,0.384807300278401,0.462492977878882,0.0615961306051714,12.2132557869005
4.91279761904762,0.384776211335046,0.462461617398462,0.0615666774448149,12.2134803673721
4.91289682539683,0.384745125261644,0.462430257023893,0.0615372383929492,12.2137049273531
4.91299603174603,0.384714042057763,0.462398896756306,0.0615078134427333,12.2139294668464
4.91309523809524,0.384682961722976,0.462367536596836,0.0614784025873284,12.214153985855
4.91319444444444,0.384651884256852,0.462336176546615,0.0614490058198987,12.214378484382
4.91329365079365,0.384620809658963,0.462304816606774,0.0614196231336111,12.2146029624303
4.91339285714286,0.384589737928878,0.462273456778445,0.0613902545216349,12.214827420003
4.91349206349206,0.384558669066169,0.462242097062759,0.0613608999771427,12.2150518571031
4.91359126984127,0.384527603070408,0.462210737460847,0.0613315594933093,12.2152762737335
4.91369047619048,0.384496539941164,0.462179377973837,0.0613022330633123,12.2155006698972
4.91378968253968,0.38446547967801,0.462148018602861,0.061272920680332,12.2157250455973
4.91388888888889,0.384434422280518,0.462116659349045,0.0612436223375514,12.2159494008368
4.91398809523809,0.384403367748258,0.46208530021352,0.0612143380281563,12.2161737356185
4.9140873015873,0.384372316080801,0.462053941197411,0.0611850677453348,12.2163980499457
4.91418650793651,0.384341267277722,0.462022582301847,0.0611558114822785,12.2166223438211
4.91428571428571,0.38431022133859,0.461991223527955,0.061126569232181,12.2168466172478
4.91438492063492,0.384279178262979,0.46195986487686,0.0610973409882388,12.2170708702289
4.91448412698413,0.384248138050459,0.461928506349688,0.0610681267436511,12.2172951027673
4.91458333333333,0.384217100700605,0.461897147947564,0.0610389264916198,12.2175193148659
4.91468253968254,0.384186066212987,0.461865789671613,0.0610097402253495,12.2177435065279
4.91478174603175,0.384155034587179,0.461834431522959,0.0609805679380475,12.2179676777561
4.91488095238095,0.384124005822753,0.461803073502726,0.0609514096229236,12.2181918285536
4.91498015873016,0.384092979919283,0.461771715612036,0.0609222652731908,12.2184159589234
4.91507936507937,0.38406195687634,0.461740357852012,0.0608931348820645,12.2186400688684
4.91517857142857,0.384030936693499,0.461709000223775,0.0608640184427626,12.2188641583916
4.91527777777778,0.383999919370331,0.461677642728449,0.0608349159485059,12.2190882274961
4.91537698412698,0.383968904906412,0.461646285367152,0.060805827392518,12.2193122761847
4.91547619047619,0.383937893301313,0.461614928141007,0.060776752768025,12.2195363044605
4.9155753968254,0.383906884554608,0.461583571051131,0.0607476920682555,12.2197603123265
4.9156746031746,0.383875878665872,0.461552214098646,0.0607186452864416,12.2199842997857
4.91577380952381,0.383844875634678,0.46152085728467,0.0606896124158173,12.2202082668409
4.91587301587302,0.3838138754606,0.46148950061032,0.0606605934496196,12.2204322134953
4.91597222222222,0.383782878143211,0.461458144076715,0.0606315883810881,12.2206561397518
4.91607142857143,0.383751883682087,0.461426787684973,0.0606025972034653,12.2208800456134
4.91617063492063,0.3837208920768,0.461395431436209,0.0605736199099961,12.221103931083
4.91626984126984,0.383689903326927,0.46136407533154,0.0605446564939283,12.2213277961636
4.91636904761905,0.38365891743204,0.461332719372081,0.0605157069485123,12.2215516408583
4.91646825396825,0.383627934391716,0.461301363558949,0.0604867712670014,12.2217754651699
4.91656746031746,0.383596954205528,0.461270007893256,0.0604578494426514,12.2219992691015
4.91666666666667,0.383565976873052,0.461238652376119,0.0604289414687208,12.222223052656
4.91676587301587,0.383535002393862,0.461207297008649,0.0604000473384709,12.2224468158365
4.91686507936508,0.383504030767534,0.46117594179196,0.0603711670451656,12.2226705586458
4.91696428571429,0.383473061993643,0.461144586727165,0.0603423005820715,12.222894281087
4.91706349206349,0.383442096071763,0.461113231815375,0.0603134479424579,12.223117983163
4.9171626984127,0.383411133001472,0.461081877057702,0.0602846091195969,12.2233416648769
4.91726190476191,0.383380172782345,0.461050522455258,0.0602557841067634,12.2235653262315
4.91736111111111,0.383349215413956,0.461019168009152,0.0602269728972346,12.2237889672298
4.91746031746032,0.383318260895883,0.460987813720494,0.0601981754842907,12.2240125878749
4.91755952380952,0.3832873092277,0.460956459590393,0.0601693918612145,12.2242361881696
4.91765873015873,0.383256360408985,0.460925105619959,0.0601406220212915,12.224459768117
4.91775793650794,0.383225414439313,0.4608937518103,0.0601118659578099,12.22468332772
4.91785714285714,0.383194471318261,0.460862398162523,0.0600831236640605,12.2249068669816
4.91795634920635,0.383163531045405,0.460831044677736,0.0600543951333373,12.2251303859047
4.91805555555556,0.383132593620322,0.460799691357046,0.0600256803589363,12.2253538844923
4.91815476190476,0.383101659042589,0.460768338201558,0.0599969793341566,12.2255773627474
4.91825396825397,0.383070727311782,0.460736985212379,0.0599682920522998,12.225800820673
4.91835317460317,0.383039798427478,0.460705632390614,0.0599396185066704,12.2260242582719
4.91845238095238,0.383008872389256,0.460674279737366,0.0599109586905755,12.2262476755472
4.91855158730159,0.38297794919669,0.460642927253741,0.0598823125973247,12.2264710725019
4.91865079365079,0.38294702884936,0.460611574940842,0.0598536802202308,12.2266944491388
4.91875,0.382916111346843,0.460580222799772,0.0598250615526088,12.2269178054609
4.91884920634921,0.382885196688715,0.460548870831633,0.0597964565877766,12.2271411414713
4.91894841269841,0.382854284874556,0.460517519037528,0.0597678653190549,12.2273644571728
4.91904761904762,0.382823375903942,0.460486167418557,0.0597392877397669,12.2275877525685
4.91914682539683,0.382792469776452,0.460454815975823,0.0597107238432385,12.2278110276612
4.91924603174603,0.382761566491664,0.460423464710425,0.0596821736227984,12.2280342824539
4.91934523809524,0.382730666049155,0.460392113623463,0.0596536370717779,12.2282575169496
4.91944444444444,0.382699768448505,0.460360762716037,0.0596251141835114,12.2284807311512
4.91954365079365,0.382668873689292,0.460329411989246,0.0595966049513353,12.2287039250618
4.91964285714286,0.382637981771094,0.460298061444187,0.0595681093685893,12.2289270986842
4.91974206349206,0.38260709269349,0.460266711081959,0.0595396274286155,12.2291502520213
4.91984126984127,0.382576206456059,0.460235360903659,0.0595111591247587,12.2293733850762
4.91994047619048,0.38254532305838,0.460204010910383,0.0594827044503665,12.2295964978518
4.92003968253968,0.382514442500031,0.460172661103228,0.0594542633987889,12.2298195903511
4.92013888888889,0.382483564780593,0.46014131148329,0.0594258359633793,12.2300426625769
4.9202380952381,0.382452689899644,0.460109962051664,0.0593974221374931,12.2302657145323
4.9203373015873,0.382421817856764,0.460078612809444,0.0593690219144887,12.2304887462202
4.92043650793651,0.382390948651532,0.460047263757724,0.0593406352877271,12.2307117576435
4.92053571428571,0.382360082283528,0.460015914897599,0.0593122622505721,12.2309347488052
4.92063492063492,0.382329218752332,0.459984566230161,0.05928390279639,12.2311577197082
4.92073412698413,0.382298358057524,0.459953217756502,0.0592555569185502,12.2313806703554
4.92083333333333,0.382267500198683,0.459921869477716,0.059227224610424,12.2316036007499
4.92093253968254,0.38223664517539,0.459890521394892,0.0591989058653866,12.2318265108945
4.92103174603175,0.382205792987226,0.459859173509123,0.0591706006768148,12.2320494007923
4.92113095238095,0.382174943633771,0.459827825821499,0.0591423090380887,12.232272270446
4.92123015873016,0.382144097114604,0.459796478333109,0.0591140309425909,12.2324951198588
4.92132936507937,0.382113253429308,0.459765131045043,0.0590857663837066,12.2327179490334
4.92142857142857,0.382082412577462,0.45973378395839,0.0590575153548239,12.2329407579729
4.92152777777778,0.382051574558648,0.459702437074238,0.0590292778493334,12.2331635466802
4.92162698412698,0.382020739372446,0.459671090393675,0.0590010538606287,12.2333863151582
4.92172619047619,0.381989907018438,0.459639743917788,0.0589728433821058,12.2336090634099
4.9218253968254,0.381959077496206,0.459608397647665,0.0589446464071636,12.2338317914382
4.9219246031746,0.38192825080533,0.459577051584391,0.0589164629292034,12.234054499246
4.92202380952381,0.381897426945391,0.459545705729052,0.0588882929416297,12.2342771868363
4.92212301587302,0.381866605915973,0.459514360082733,0.0588601364378491,12.234499854212
4.92222222222222,0.381835787716655,0.459483014646519,0.0588319934112713,12.2347225013761
4.92232142857143,0.381804972347021,0.459451669421494,0.0588038638553084,12.2349451283314
4.92242063492063,0.381774159806652,0.459420324408742,0.0587757477633758,12.2351677350809
4.92251984126984,0.381743350095131,0.459388979609345,0.058747645128891,12.2353903216275
4.92261904761905,0.381712543212039,0.459357635024387,0.0587195559452743,12.2356128879742
4.92271825396825,0.38168173915696,0.459326290654949,0.0586914802059489,12.2358354341239
4.92281746031746,0.381650937929475,0.459294946502113,0.0586634179043404,12.2360579600795
4.92291666666667,0.381620139529167,0.45926360256696,0.0586353690338775,12.2362804658439
4.92301587301587,0.381589343955619,0.45923225885057,0.058607333587991,12.2365029514201
4.92311507936508,0.381558551208414,0.459200915354024,0.0585793115601152,12.236725416811
4.92321428571429,0.381527761287135,0.4591695720784,0.0585513029436866,12.2369478620196
4.92331349206349,0.381496974191365,0.459138229024778,0.0585233077321442,12.2371702870486
4.9234126984127,0.381466189920687,0.459106886194235,0.0584953259189302,12.2373926919011
4.9235119047619,0.381435408474685,0.459075543587851,0.0584673574974891,12.2376150765801
4.92361111111111,0.381404629852941,0.459044201206701,0.0584394024612684,12.2378374410883
4.92371031746032,0.38137385405504,0.459012859051864,0.0584114608037181,12.2380597854288
4.92380952380952,0.381343081080566,0.458981517124414,0.0583835325182906,12.2382821096044
4.92390873015873,0.381312310929102,0.458950175425428,0.058355617598442,12.2385044136181
4.92400793650794,0.381281543600232,0.458918833955981,0.05832771603763,12.2387266974728
4.92410714285714,0.38125077909354,0.458887492717148,0.0582998278293157,12.2389489611714
4.92420634920635,0.381220017408612,0.458856151710003,0.0582719529669624,12.2391712047168
4.92430555555556,0.381189258545029,0.45882481093562,0.0582440914440364,12.239393428112
4.92440476190476,0.381158502502379,0.458793470395071,0.0582162432540067,12.2396156313598
4.92450396825397,0.381127749280244,0.458762130089429,0.0581884083903447,12.2398378144632
4.92460317460317,0.38109699887821,0.458730790019766,0.0581605868465252,12.2400599774251
4.92470238095238,0.381066251295861,0.458699450187155,0.0581327786160249,12.2402821202484
4.92480158730159,0.381035506532783,0.458668110592665,0.0581049836923235,12.240504242936
4.92490079365079,0.381004764588561,0.458636771237367,0.0580772020689036,12.2407263454909
4.925,0.380974025462779,0.458605432122332,0.0580494337392501,12.2409484279158
4.92509920634921,0.380943289155023,0.458574093248628,0.058021678696851,12.2411704902139
4.92519841269841,0.380912555664879,0.458542754617325,0.0579939369351967,12.2413925323879
4.92529761904762,0.380881824991932,0.458511416229491,0.0579662084477803,12.2416145544407
4.92539682539683,0.380851097135768,0.458480078086194,0.057938493228098,12.2418365563754
4.92549603174603,0.380820372095973,0.458448740188501,0.0579107912696482,12.2420585381947
4.92559523809524,0.380789649872132,0.458417402537478,0.0578831025659323,12.2422804999016
4.92569444444444,0.380758930463832,0.458386065134193,0.0578554271104543,12.242502441499
4.92579365079365,0.380728213870659,0.458354727979711,0.0578277648967208,12.2427243629898
4.92589285714286,0.380697500092199,0.458323391075098,0.0578001159182412,12.2429462643769
4.92599206349206,0.380666789128038,0.458292054421416,0.0577724801685275,12.2431681456632
4.92609126984127,0.380636080977764,0.458260718019732,0.0577448576410948,12.2433900068517
4.92619047619048,0.380605375640962,0.458229381871109,0.0577172483294603,12.2436118479451
4.92628968253968,0.380574673117221,0.45819804597661,0.0576896522271444,12.2438336689465
4.92638888888889,0.380543973406125,0.458166710337297,0.0576620693276698,12.2440554698587
4.92648809523809,0.380513276507264,0.458135374954233,0.0576344996245622,12.2442772506846
4.9265873015873,0.380482582420223,0.458104039828478,0.0576069431113497,12.2444990114271
4.92668650793651,0.380451891144591,0.458072704961095,0.0575793997815635,12.2447207520891
4.92678571428571,0.380421202679953,0.458041370353143,0.0575518696287369,12.2449424726736
4.92688492063492,0.380390517025899,0.458010036005683,0.0575243526464067,12.2451641731833
4.92698412698413,0.380359834182016,0.457978701919774,0.0574968488281117,12.2453858536213
4.92708333333333,0.380329154147891,0.457947368096475,0.0574693581673938,12.2456075139903
4.92718253968254,0.380298476923113,0.457916034536844,0.0574418806577975,12.2458291542934
4.92728174603175,0.380267802507269,0.457884701241939,0.0574144162928697,12.2460507745333
4.92738095238095,0.380237130899948,0.457853368212818,0.0573869650661605,12.246272374713
4.92748015873016,0.380206462100737,0.457822035450537,0.0573595269712221,12.2464939548354
4.92757936507937,0.380175796109226,0.457790702956153,0.0573321020016102,12.2467155149034
4.92767857142857,0.380145132925003,0.457759370730721,0.0573046901508825,12.2469370549198
4.92777777777778,0.380114472547656,0.457728038775297,0.0572772914125997,12.2471585748875
4.92787698412698,0.380083814976775,0.457696707090935,0.0572499057803251,12.2473800748095
4.92797619047619,0.380053160211947,0.45766537567869,0.0572225332476248,12.2476015546886
4.9280753968254,0.380022508252763,0.457634044539615,0.0571951738080675,12.2478230145277
4.9281746031746,0.379991859098811,0.457602713674764,0.0571678274552246,12.2480444543298
4.92827380952381,0.379961212749681,0.457571383085188,0.05714049418267,12.2482658740976
4.92837301587302,0.379930569204961,0.457540052771941,0.057113173983981,12.248487273834
4.92847222222222,0.379899928464242,0.457508722736073,0.0570858668527369,12.2487086535421
4.92857142857143,0.379869290527113,0.457477392978636,0.0570585727825198,12.2489300132245
4.92867063492063,0.379838655393164,0.45744606350068,0.0570312917669148,12.2491513528843
4.92876984126984,0.379808023061985,0.457414734303255,0.0570040237995095,12.2493726725243
4.92886904761905,0.379777393533165,0.457383405387411,0.0569767688738941,12.2495939721473
4.92896825396825,0.379746766806295,0.457352076754196,0.0569495269836614,12.2498152517564
4.92906746031746,0.379716142880966,0.45732074840466,0.0569222981224077,12.2500365113542
4.92916666666667,0.379685521756766,0.457289420339849,0.0568950822837309,12.2502577509438
4.92926587301587,0.379654903433288,0.457258092560812,0.0568678794612324,12.250478970528
4.92936507936508,0.379624287910121,0.457226765068595,0.0568406896485158,12.2507001701097
4.92946428571429,0.379593675186856,0.457195437864244,0.0568135128391877,12.2509213496917
4.92956349206349,0.379563065263085,0.457164110948805,0.0567863490268572,12.251142509277
4.9296626984127,0.379532458138398,0.457132784323324,0.0567591982051362,12.2513636488684
4.92976190476191,0.379501853812385,0.457101457988845,0.0567320603676392,12.2515847684687
4.92986111111111,0.37947125228464,0.457070131946412,0.0567049355079838,12.251805868081
4.92996031746032,0.379440653554752,0.45703880619707,0.0566778236197898,12.2520269477079
4.93005952380952,0.379410057622313,0.457007480741861,0.0566507246966798,12.2522480073525
4.93015873015873,0.379379464486915,0.456976155581827,0.0566236387322793,12.2524690470175
4.93025793650794,0.37934887414815,0.456944830718012,0.0565965657202163,12.2526900667059
4.93035714285714,0.379318286605609,0.456913506151456,0.0565695056541216,12.2529110664204
4.93045634920635,0.379287701858885,0.4568821818832,0.0565424585276285,12.2531320461641
4.93055555555556,0.379257119907569,0.456850857914286,0.0565154243343734,12.2533530059397
4.93065476190476,0.379226540751254,0.456819534245753,0.0564884030679952,12.2535739457502
4.93075396825397,0.379195964389531,0.456788210878641,0.0564613947221353,12.2537948655983
4.93085317460317,0.379165390821995,0.456756887813988,0.056434399290438,12.254015765487
4.93095238095238,0.379134820048236,0.456725565052834,0.0564074167665502,12.2542366454191
4.93105158730159,0.379104252067848,0.456694242596215,0.0563804471441217,12.2544575053975
4.93115079365079,0.379073686880423,0.456662920445169,0.0563534904168047,12.2546783454251
4.93125,0.379043124485555,0.456631598600734,0.0563265465782541,12.2548991655046
4.93134920634921,0.379012564882837,0.456600277063945,0.056299615622128,12.255119965639
4.93144841269841,0.378982008071862,0.456568955835838,0.0562726975420867,12.2553407458312
4.93154761904762,0.378951454052222,0.456537634917449,0.0562457923317934,12.255561506084
4.93164682539683,0.378920902823512,0.456506314309813,0.0562188999849138,12.2557822464002
4.93174603174603,0.378890354385326,0.456474994013963,0.0561920204951165,12.2560029667827
4.93184523809524,0.378859808737256,0.456443674030933,0.0561651538560726,12.2562236672344
4.93194444444444,0.378829265878896,0.456412354361756,0.0561383000614561,12.2564443477582
4.93204365079365,0.378798725809841,0.456381035007466,0.0561114591049438,12.2566650083568
4.93214285714286,0.378768188529685,0.456349715969094,0.0560846309802149,12.2568856490332
4.93224206349206,0.378737654038021,0.456318397247671,0.0560578156809513,12.2571062697902
4.93234126984127,0.378707122334445,0.45628707884423,0.056031013200838,12.2573268706306
4.93244047619048,0.37867659341855,0.4562557607598,0.0560042235335621,12.2575474515574
4.93253968253968,0.37864606728993,0.456224442995411,0.0559774466728139,12.2577680125733
4.93263888888889,0.378615543948182,0.456193125552093,0.0559506826122861,12.2579885536812
4.9327380952381,0.378585023392899,0.456161808430875,0.0559239313456742,12.258209074884
4.9328373015873,0.378554505623676,0.456130491632786,0.0558971928666766,12.2584295761846
4.93293650793651,0.378523990640109,0.456099175158853,0.055870467168994,12.2586500575857
4.93303571428571,0.378493478441793,0.456067859010103,0.0558437542463301,12.2588705190902
4.93313492063492,0.378462969028322,0.456036543187564,0.0558170540923911,12.259090960701
4.93323412698413,0.378432462399292,0.456005227692262,0.0557903667008861,12.2593113824209
4.93333333333333,0.378401958554299,0.455973912525223,0.0557636920655267,12.2595317842527
4.93343253968254,0.378371457492939,0.455942597687472,0.0557370301800271,12.2597521661994
4.93353174603175,0.378340959214807,0.455911283180033,0.0557103810381049,12.2599725282638
4.93363095238095,0.378310463719499,0.455879969003932,0.0556837446334795,12.2601928704486
4.93373015873016,0.378279971006611,0.455848655160191,0.0556571209598734,12.2604131927568
4.93382936507937,0.378249481075739,0.455817341649834,0.055630510011012,12.2606334951912
4.93392857142857,0.37821899392648,0.455786028473884,0.0556039117806229,12.2608537777546
4.93402777777778,0.37818850955843,0.455754715633363,0.0555773262624368,12.2610740404498
4.93412698412698,0.378158027971185,0.455723403129291,0.0555507534501869,12.2612942832798
4.93422619047619,0.378127549164342,0.455692090962692,0.055524193337609,12.2615145062474
4.9343253968254,0.378097073137498,0.455660779134584,0.0554976459184423,12.2617347093553
4.9344246031746,0.378066599890249,0.455629467645988,0.0554711111864277,12.2619548926065
4.93452380952381,0.378036129422194,0.455598156497925,0.0554445891353094,12.2621750560038
4.93462301587302,0.378005661732928,0.455566845691411,0.0554180797588342,12.2623951995499
4.93472222222222,0.377975196822049,0.455535535227467,0.0553915830507514,12.2626153232478
4.93482142857143,0.377944734689154,0.455504225107109,0.0553650990048133,12.2628354271003
4.93492063492064,0.377914275333841,0.455472915331356,0.0553386276147745,12.2630555111102
4.93501984126984,0.377883818755708,0.455441605901224,0.0553121688743929,12.2632755752804
4.93511904761905,0.377853364954353,0.45541029681773,0.0552857227774286,12.2634956196136
4.93521825396825,0.377822913929372,0.455378988081889,0.0552592893176445,12.2637156441128
4.93531746031746,0.377792465680364,0.455347679694718,0.0552328684888062,12.2639356487807
4.93541666666667,0.377762020206928,0.455316371657229,0.055206460284682,12.2641556336201
4.93551587301587,0.377731577508661,0.455285063970439,0.0551800646990431,12.264375598634
4.93561507936508,0.377701137585162,0.45525375663536,0.0551536817256631,12.2645955438252
4.93571428571429,0.377670700436028,0.455222449653005,0.0551273113583182,12.2648154691964
4.93581349206349,0.37764026606086,0.455191143024389,0.0551009535907881,12.2650353747505
4.9359126984127,0.377609834459256,0.455159836750522,0.0550746084168542,12.2652552604903
4.93601190476191,0.377579405630814,0.455128530832416,0.055048275830301,12.2654751264187
4.93611111111111,0.377548979575133,0.455097225271082,0.055021955824916,12.2656949725385
4.93621031746032,0.377518556291813,0.455065920067532,0.0549956483944888,12.2659147988524
4.93630952380952,0.377488135780452,0.455034615222774,0.0549693535328121,12.2661346053634
4.93640873015873,0.37745771804065,0.455003310737819,0.0549430712336812,12.2663543920743
4.93650793650794,0.377427303072007,0.454972006613676,0.0549168014908942,12.2665741589878
4.93660714285714,0.377396890874122,0.454940702851352,0.0548905442982518,12.2667939061068
4.93670634920635,0.377366481446595,0.454909399451857,0.0548642996495573,12.2670136334341
4.93680555555556,0.377336074789025,0.454878096416197,0.0548380675386168,12.2672333409726
4.93690476190476,0.377305670901013,0.454846793745379,0.0548118479592392,12.267453028725
4.93700396825397,0.377275269782158,0.45481549144041,0.0547856409052359,12.2676726966942
4.93710317460317,0.377244871432061,0.454784189502295,0.054759446370421,12.267892344883
4.93720238095238,0.377214475850322,0.454752887932041,0.0547332643486114,12.2681119732942
4.93730158730159,0.377184083036542,0.454721586730651,0.0547070948336268,12.2683315819307
4.93740079365079,0.377153692990321,0.45469028589913,0.0546809378192896,12.2685511707951
4.9375,0.37712330571126,0.454658985438481,0.0546547932994245,12.2687707398905
4.93759920634921,0.377092921198959,0.454627685349709,0.0546286612678593,12.2689902892195
4.93769841269841,0.37706253945302,0.454596385633815,0.0546025417184243,12.269209818785
4.93779761904762,0.377032160473043,0.454565086291803,0.0545764346449527,12.2694293285898
4.93789682539683,0.37700178425863,0.454533787324672,0.05455034004128,12.2696488186368
4.93799603174603,0.376971410809383,0.454502488733425,0.0545242579012449,12.2698682889286
4.93809523809524,0.376941040124901,0.454471190519062,0.0544981882186886,12.2700877394682
4.93819444444444,0.376910672204788,0.454439892682584,0.0544721309874548,12.2703071702583
4.93829365079365,0.376880307048644,0.45440859522499,0.0544460862013902,12.2705265813018
4.93839285714286,0.376849944656072,0.454377298147278,0.0544200538543439,12.2707459726015
4.93849206349206,0.376819585026674,0.454346001450448,0.0543940339401679,12.2709653441601
4.93859126984127,0.376789228160051,0.454314705135496,0.0543680264527168,12.2711846959805
4.93869047619048,0.376758874055805,0.454283409203422,0.0543420313858479,12.2714040280655
4.93878968253968,0.376728522713539,0.454252113655221,0.0543160487334215,12.2716233404179
4.93888888888889,0.376698174132856,0.454220818491891,0.0542900784893001,12.2718426330404
4.93898809523809,0.376667828313357,0.454189523714426,0.0542641206473493,12.272061905936
4.9390873015873,0.376637485254646,0.454158229323823,0.054238175201437,12.2722811591074
4.93918650793651,0.376607144956325,0.454126935321076,0.0542122421454343,12.2725003925574
4.93928571428571,0.376576807417997,0.454095641707179,0.0541863214732145,12.2727196062887
4.93938492063492,0.376546472639265,0.454064348483126,0.0541604131786538,12.2729388003043
4.93948412698413,0.376516140619733,0.454033055649911,0.0541345172556313,12.2731579746069
4.93958333333333,0.376485811359003,0.454001763208526,0.0541086336980286,12.2733771291993
4.93968253968254,0.376455484856679,0.453970471159963,0.05408276249973,12.2735962640843
4.93978174603175,0.376425161112365,0.453939179505215,0.0540569036546224,12.2738153792647
4.93988095238095,0.376394840125664,0.453907888245271,0.0540310571565957,12.2740344747433
4.93998015873016,0.376364521896179,0.453876597381124,0.0540052229995421,12.2742535505229
4.94007936507936,0.376334206423516,0.453845306913762,0.0539794011773568,12.2744726066063
4.94017857142857,0.376303893707276,0.453814016844175,0.0539535916839375,12.2746916429962
4.94027777777778,0.376273583747066,0.453782727173353,0.0539277945131849,12.2749106596956
4.94037698412698,0.376243276542489,0.453751437902284,0.0539020096590021,12.2751296567071
4.94047619047619,0.37621297209315,0.453720149031956,0.053876237115295,12.2753486340336
4.9405753968254,0.376182670398652,0.453688860563356,0.0538504768759721,12.2755675916778
4.9406746031746,0.376152371458601,0.453657572497472,0.0538247289349449,12.2757865296426
4.94077380952381,0.376122075272601,0.45362628483529,0.0537989932861271,12.2760054479307
4.94087301587302,0.376091781840258,0.453594997577795,0.0537732699234355,12.2762243465449
4.94097222222222,0.376061491161175,0.453563710725973,0.0537475588407896,12.2764432254881
4.94107142857143,0.376031203234959,0.453532424280809,0.0537218600321114,12.276662084763
4.94117063492063,0.376000918061215,0.453501138243288,0.0536961734913257,12.2768809243723
4.94126984126984,0.375970635639547,0.453469852614392,0.0536704992123599,12.2770997443189
4.94136904761905,0.375940355969562,0.453438567395106,0.0536448371891441,12.2773185446056
4.94146825396825,0.375910079050864,0.453407282586411,0.0536191874156114,12.2775373252352
4.94156746031746,0.37587980488306,0.453375998189291,0.0535935498856972,12.2777560862103
4.94166666666667,0.375849533465756,0.453344714204726,0.0535679245933396,12.2779748275339
4.94176587301587,0.375819264798557,0.453313430633699,0.05354231153248,12.2781935492087
4.94186507936508,0.37578899888107,0.45328214747719,0.0535167106970617,12.2784122512374
4.94196428571429,0.3757587357129,0.453250864736178,0.0534911220810312,12.2786309336229
4.94206349206349,0.375728475293655,0.453219582411643,0.0534655456783375,12.278849596368
4.9421626984127,0.37569821762294,0.453188300504565,0.0534399814829323,12.2790682394753
4.9422619047619,0.375667962700362,0.453157019015922,0.0534144294887702,12.2792868629478
4.94236111111111,0.375637710525528,0.453125737946692,0.053388889689808,12.2795054667881
4.94246031746032,0.375607461098045,0.453094457297852,0.053363362080006,12.2797240509991
4.94255952380952,0.375577214417519,0.453063177070379,0.0533378466533264,12.2799426155835
4.94265873015873,0.375546970483558,0.453031897265251,0.0533123434037347,12.2801611605441
4.94275793650794,0.37551672929577,0.453000617883442,0.0532868523251986,12.2803796858837
4.94285714285714,0.37548649085376,0.452969338925928,0.0532613734116888,12.2805981916051
4.94295634920635,0.375456255157137,0.452938060393685,0.0532359066571787,12.2808166777109
4.94305555555556,0.375426022205508,0.452906782287685,0.0532104520556442,12.2810351442041
4.94315476190476,0.37539579199848,0.452875504608904,0.0531850096010639,12.2812535910873
4.94325396825397,0.375365564535663,0.452844227358314,0.0531595792874196,12.2814720183634
4.94335317460317,0.375335339816664,0.452812950536888,0.0531341611086951,12.2816904260351
4.94345238095238,0.37530511784109,0.452781674145599,0.0531087550588774,12.2819088141052
4.94355158730159,0.37527489860855,0.452750398185418,0.0530833611319559,12.2821271825764
4.94365079365079,0.375244682118652,0.452719122657316,0.0530579793219229,12.2823455314516
4.94375,0.375214468371004,0.452687847562263,0.0530326096227732,12.2825638607334
4.94384920634921,0.375184257365216,0.452656572901231,0.0530072520285042,12.2827821704247
4.94394841269841,0.375154049100896,0.452625298675188,0.0529819065331167,12.2830004605282
4.94404761904762,0.375123843577652,0.452594024885105,0.0529565731306134,12.2832187310467
4.94414682539683,0.375093640795094,0.452562751531948,0.052931251815,12.2834369819829
4.94424603174603,0.37506344075283,0.452531478616687,0.0529059425802849,12.2836552133396
4.94434523809524,0.37503324345047,0.452500206140288,0.0528806454204793,12.2838734251196
4.94444444444444,0.375003048887623,0.452468934103719,0.0528553603295968,12.2840916173257
4.94454365079365,0.374972857063899,0.452437662507947,0.052830087301654,12.2843097899605
4.94464285714286,0.374942667978906,0.452406391353936,0.0528048263306698,12.2845279430269
4.94474206349206,0.374912481632255,0.452375120642653,0.0527795774106666,12.2847460765276
4.94484126984127,0.374882298023556,0.452343850375062,0.0527543405356687,12.2849641904654
4.94494047619048,0.374852117152418,0.452312580552129,0.0527291156997033,12.285182284843
4.94503968253968,0.374821939018451,0.452281311174815,0.0527039028968004,12.2854003596632
4.94513888888889,0.374791763621265,0.452250042244086,0.0526787021209928,12.2856184149288
4.94523809523809,0.374761590960471,0.452218773760903,0.0526535133663157,12.2858364506424
4.9453373015873,0.374731421035679,0.452187505726229,0.0526283366268071,12.286054466807
4.94543650793651,0.3747012538465,0.452156238141025,0.052603171896508,12.2862724634251
4.94553571428571,0.374671089392544,0.452124971006254,0.0525780191694617,12.2864904404996
4.94563492063492,0.374640927673422,0.452093704322875,0.0525528784397145,12.2867083980332
4.94573412698413,0.374610768688745,0.452062438091848,0.0525277497013151,12.2869263360287
4.94583333333333,0.374580612438124,0.452031172314134,0.0525026329483151,12.2871442544888
4.94593253968254,0.37455045892117,0.451999906990691,0.0524775281747687,12.2873621534162
4.94603174603175,0.374520308137494,0.451968642122478,0.0524524353747328,12.2875800328138
4.94613095238095,0.374490160086708,0.451937377710452,0.052427354542267,12.2877978926843
4.94623015873016,0.374460014768423,0.451906113755572,0.0524022856714339,12.2880157330304
4.94632936507937,0.37442987218225,0.451874850258795,0.0523772287562985,12.2882335538548
4.94642857142857,0.374399732327802,0.451843587221076,0.0523521837909282,12.2884513551604
4.94652777777778,0.374369595204691,0.451812324643373,0.0523271507693938,12.2886691369498
4.94662698412698,0.374339460812528,0.451781062526639,0.0523021296857682,12.2888868992258
4.94672619047619,0.374309329150925,0.451749800871831,0.0522771205341273,12.2891046419912
4.9468253968254,0.374279200219495,0.451718539679902,0.0522521233085494,12.2893223652487
4.9469246031746,0.37424907401785,0.451687278951806,0.0522271380031161,12.289540069001
4.94702380952381,0.374218950545602,0.451656018688497,0.0522021646119111,12.2897577532508
4.94712301587302,0.374188829802364,0.451624758890928,0.052177203129021,12.289975418001
4.94722222222222,0.37415871178775,0.45159349956005,0.0521522535485353,12.2901930632543
4.94732142857143,0.374128596501371,0.451562240696816,0.0521273158645457,12.2904106890133
4.94742063492063,0.374098483942841,0.451530982302176,0.0521023900711471,12.2906282952809
4.94751984126984,0.374068374111772,0.451499724377082,0.052077476162437,12.2908458820598
4.94761904761905,0.374038267007778,0.451468466922482,0.052052574132515,12.2910634493527
4.94771825396825,0.374008162630473,0.451437209939329,0.0520276839754845,12.2912809971623
4.94781746031746,0.373978060979469,0.451405953428569,0.0520028056854508,12.2914985254914
4.94791666666667,0.373947962054381,0.451374697391153,0.0519779392565219,12.2917160343427
4.94801587301587,0.373917865854822,0.451343441828027,0.0519530846828089,12.291933523719
4.94811507936508,0.373887772380405,0.451312186740139,0.0519282419584254,12.292150993623
4.94821428571429,0.373857681630746,0.451280932128437,0.0519034110774874,12.2923684440574
4.94831349206349,0.373827593605457,0.451249677993867,0.051878592034114,12.292585875025
4.9484126984127,0.373797508304153,0.451218424337375,0.0518537848224271,12.2928032865284
4.94851190476191,0.373767425726449,0.451187171159906,0.0518289894365509,12.2930206785705
4.94861111111111,0.373737345871959,0.451155918462405,0.0518042058706125,12.2932380511539
4.94871031746032,0.373707268740297,0.451124666245817,0.0517794341187417,12.2934554042814
4.94880952380952,0.373677194331078,0.451093414511085,0.0517546741750708,12.2936727379556
4.94890873015873,0.373647122643917,0.451062163259153,0.0517299260337352,12.2938900521795
4.94900793650794,0.373617053678429,0.451030912490964,0.0517051896888726,12.2941073469555
4.94910714285714,0.373586987434229,0.450999662207459,0.0516804651346234,12.2943246222866
4.94920634920635,0.373556923910931,0.450968412409581,0.0516557523651312,12.2945418781754
4.94930555555556,0.373526863108153,0.450937163098271,0.0516310513745418,12.2947591146246
4.94940476190476,0.373496805025508,0.450905914274469,0.0516063621570039,12.2949763316369
4.94950396825397,0.373466749662613,0.450874665939116,0.0515816847066688,12.2951935292152
4.94960317460317,0.373436697019082,0.450843418093152,0.0515570190176905,12.295410707362
4.94970238095238,0.373406647094532,0.450812170737515,0.0515323650842258,12.2956278660802
4.94980158730159,0.373376599888579,0.450780923873143,0.0515077229004339,12.2958450053724
4.94990079365079,0.373346555400839,0.450749677500977,0.0514830924604774,12.2960621252414
4.95,0.373316513630928,0.450718431621952,0.0514584737585209,12.2962792256899
4.95009920634921,0.373286474578462,0.450687186237005,0.0514338667887319,12.2964963067206
4.95019841269841,0.373256438243058,0.450655941347074,0.0514092715452806,12.2967133683362
4.95029761904762,0.373226404624332,0.450624696953094,0.0513846880223399,12.2969304105394
4.95039682539683,0.373196373721901,0.450593453056001,0.0513601162140856,12.297147433333
4.95049603174603,0.373166345535381,0.450562209656729,0.0513355561146959,12.2973644367196
4.95059523809524,0.37313632006439,0.450530966756213,0.0513110077183516,12.2975814207021
4.95069444444444,0.373106297308544,0.450499724355388,0.0512864710192369,12.297798385283
4.95079365079365,0.373076277267461,0.450468482455185,0.0512619460115379,12.2980153304652
4.95089285714286,0.373046259940758,0.450437241056538,0.0512374326894437,12.2982322562513
4.95099206349206,0.373016245328052,0.45040600016038,0.0512129310471462,12.298449162644
4.95109126984127,0.372986233428961,0.450374759767642,0.0511884410788399,12.298666049646
4.95119047619048,0.372956224243103,0.450343519879255,0.0511639627787219,12.2988829172602
4.95128968253968,0.372926217770095,0.45031228049615,0.051139496140992,12.299099765489
4.95138888888889,0.372896214009555,0.450281041619258,0.0511150411598532,12.2993165943354
4.9514880952381,0.372866212961101,0.450249803249507,0.0510905978295105,12.2995334038019
4.9515873015873,0.372836214624351,0.450218565387828,0.0510661661441719,12.2997501938914
4.95168650793651,0.372806218998924,0.450187328035148,0.0510417460980481,12.2999669646064
4.95178571428571,0.372776226084438,0.450156091192396,0.0510173376853526,12.3001837159497
4.95188492063492,0.372746235880511,0.450124854860499,0.0509929409003013,12.3004004479241
4.95198412698413,0.372716248386762,0.450093619040385,0.0509685557371132,12.3006171605321
4.95208333333333,0.37268626360281,0.450062383732979,0.0509441821900093,12.3008338537766
4.95218253968254,0.372656281528273,0.450031148939209,0.0509198202532144,12.3010505276601
4.95228174603175,0.372626302162771,0.449999914659999,0.0508954699209551,12.3012671821855
4.95238095238095,0.372596325505923,0.449968680896274,0.0508711311874608,12.3014838173554
4.95248015873016,0.372566351557348,0.449937447648959,0.0508468040469641,12.3017004331726
4.95257936507937,0.372536380316665,0.449906214918978,0.0508224884936996,12.3019170296396
4.95267857142857,0.372506411783493,0.449874982707253,0.0507981845219053,12.3021336067593
4.95277777777778,0.372476445957453,0.449843751014708,0.0507738921258211,12.3023501645343
4.95287698412698,0.372446482838165,0.449812519842266,0.0507496112996906,12.3025667029672
4.95297619047619,0.372416522425247,0.449781289190847,0.0507253420377592,12.3027832220609
4.9530753968254,0.37238656471832,0.449750059061374,0.0507010843342756,12.302999721818
4.9531746031746,0.372356609717004,0.449718829454766,0.0506768381834906,12.3032162022412
4.95327380952381,0.372326657420918,0.449687600371921,0.050652603579785,12.3034326633332
4.95337301587302,0.372296707829504,0.449656371808962,0.0506283805428035,12.3036491050905
4.95347222222222,0.372266760942254,0.449625143763181,0.0506041690860336,12.303865527511
4.95357142857143,0.372236816758795,0.449593916235452,0.0505799692039965,12.3040819305975
4.95367063492063,0.372206875278756,0.449562689226649,0.050555780891216,12.3042983143526
4.95376984126984,0.372176936501766,0.449531462737646,0.0505316041422175,12.3045146787789
4.95386904761905,0.372147000427453,0.449500236769316,0.050507438951529,12.304731023879
4.95396825396825,0.372117067055447,0.449469011322533,0.0504832853136806,12.3049473496556
4.95406746031746,0.372087136385375,0.449437786398167,0.0504591432232046,12.3051636561112
4.95416666666667,0.372057208416866,0.449406561997093,0.0504350126746356,12.3053799432486
4.95426587301587,0.37202728314955,0.449375338120179,0.0504108936625101,12.3055962110704
4.95436507936508,0.371997360583054,0.449344114768299,0.0503867861813675,12.3058124595791
4.95446428571429,0.371967440717009,0.449312891942323,0.0503626902257489,12.3060286887774
4.95456349206349,0.371937523551044,0.44928166964312,0.0503386057901976,12.306244898668
4.9546626984127,0.371907609084786,0.44925044787156,0.0503145328692594,12.3064610892534
4.9547619047619,0.371877697317866,0.449219226628514,0.050290471457482,12.3066772605363
4.95486111111111,0.371847788249912,0.449188005914849,0.0502664215494156,12.3068934125193
4.95496031746032,0.371817881880554,0.449156785731434,0.0502423831396125,12.307109545205
4.95505952380952,0.371787978209421,0.449125566079136,0.050218356222627,12.3073256585961
4.95515873015873,0.371758077236143,0.449094346958825,0.0501943407930162,12.3075417526952
4.95525793650794,0.371728178960348,0.449063128371366,0.0501703368453389,12.3077578275048
4.95535714285714,0.371698283381667,0.449031910317626,0.0501463443741562,12.3079738830277
4.95545634920635,0.371668390499729,0.449000692798471,0.0501223633740316,12.3081899192664
4.95555555555556,0.371638500314164,0.448969475814768,0.0500983938395307,12.3084059362235
4.95565476190476,0.371608612824601,0.448938259367382,0.0500744357652213,12.3086219339017
4.95575396825397,0.37157872803067,0.448907043457176,0.0500504891456733,12.3088379123036
4.95585317460317,0.371548845932001,0.448875828085017,0.0500265539754593,12.3090538714318
4.95595238095238,0.371518966528224,0.448844613251767,0.0500026302491536,12.309269811289
4.95605158730159,0.371489089818968,0.448813398958291,0.0499787179613329,12.3094857318776
4.95615079365079,0.371459215803864,0.448782185205452,0.0499548171065763,12.3097016332005
4.95625,0.371429344482542,0.448750971994112,0.0499309276794647,12.3099175152601
4.95634920634921,0.371399475854632,0.448719759325133,0.0499070496745815,12.3101333780591
4.95644841269841,0.371369609919763,0.448688547199377,0.0498831830865125,12.3103492216
4.95654761904762,0.371339746677567,0.448657335617706,0.0498593279098451,12.3105650458856
4.95664682539683,0.371309886127674,0.448626124580981,0.0498354841391698,12.3107808509185
4.95674603174603,0.371280028269713,0.448594914090061,0.0498116517690785,12.3109966367011
4.95684523809524,0.371250173103316,0.448563704145808,0.0497878307941659,12.3112124032362
4.95694444444444,0.371220320628113,0.44853249474908,0.0497640212090285,12.3114281505264
4.95704365079365,0.371190470843734,0.448501285900737,0.0497402230082652,12.3116438785742
4.95714285714286,0.37116062374981,0.448470077601638,0.0497164361864772,12.3118595873823
4.95724206349206,0.371130779345972,0.44843886985264,0.0496926607382676,12.3120752769533
4.95734126984127,0.37110093763185,0.448407662654602,0.0496688966582423,12.3122909472898
4.95744047619048,0.371071098607075,0.448376456008381,0.0496451439410089,12.3125065983943
4.95753968253968,0.371041262271278,0.448345249914834,0.0496214025811774,12.3127222302696
4.95763888888889,0.371011428624091,0.448314044374817,0.0495976725733601,12.3129378429182
4.95773809523809,0.370981597665143,0.448282839389187,0.0495739539121712,12.3131534363427
4.9578373015873,0.370951769394066,0.448251634958799,0.0495502465922275,12.3133690105457
4.95793650793651,0.370921943810491,0.448220431084509,0.0495265506081479,12.3135845655299
4.95803571428571,0.370892120914049,0.44818922776717,0.0495028659545532,12.3138001012977
4.95813492063492,0.370862300704372,0.448158025007638,0.0494791926260671,12.3140156178519
4.95823412698413,0.37083248318109,0.448126822806766,0.0494555306173149,12.3142311151951
4.95833333333333,0.370802668343836,0.448095621165408,0.0494318799229244,12.3144465933297
4.95843253968254,0.370772856192239,0.448064420084416,0.0494082405375255,12.3146620522585
4.95853174603175,0.370743046725933,0.448033219564644,0.0493846124557504,12.3148774919841
4.95863095238095,0.370713239944548,0.448002019606942,0.0493609956722336,12.3150929125089
4.95873015873016,0.370683435847716,0.447970820212164,0.0493373901816114,12.3153083138357
4.95882936507937,0.370653634435069,0.44793962138116,0.0493137959785229,12.3155236959671
4.95892857142857,0.370623835706238,0.447908423114781,0.0492902130576092,12.3157390589055
4.95902777777778,0.370594039660856,0.447877225413877,0.0492666414135135,12.3159544026537
4.95912698412698,0.370564246298553,0.447846028279298,0.0492430810408811,12.3161697272142
4.95922619047619,0.370534455618962,0.447814831711894,0.04921953193436,12.3163850325896
4.9593253968254,0.370504667621715,0.447783635712513,0.0491959940885999,12.3166003187825
4.9594246031746,0.370474882306444,0.447752440282005,0.049172467498253,12.3168155857955
4.95952380952381,0.37044509967278,0.447721245421216,0.0491489521579736,12.3170308336313
4.95962301587302,0.370415319720357,0.447690051130996,0.0491254480624184,12.3172460622923
4.95972222222222,0.370385542448806,0.447658857412191,0.0491019552062463,12.3174612717811
4.95982142857143,0.370355767857759,0.447627664265649,0.0490784735841181,12.3176764621005
4.95992063492063,0.37032599594685,0.447596471692214,0.0490550031906971,12.3178916332529
4.96001984126984,0.370296226715709,0.447565279692734,0.0490315440206488,12.318106785241
4.96011904761905,0.37026646016397,0.447534088268054,0.0490080960686408,12.3183219180673
4.96021825396825,0.370236696291265,0.447502897419019,0.0489846593293429,12.3185370317345
4.96031746031746,0.370206935097227,0.447471707146473,0.0489612337974276,12.3187521262451
4.96041666666667,0.370177176581488,0.447440517451261,0.0489378194675689,12.3189672016017
4.96051587301587,0.370147420743681,0.447409328334226,0.0489144163344434,12.3191822578069
4.96061507936508,0.370117667583439,0.447378139796212,0.0488910243927299,12.3193972948632
4.96071428571429,0.370087917100395,0.447346951838061,0.0488676436371094,12.3196123127733
4.96081349206349,0.370058169294181,0.447315764460616,0.0488442740622651,12.3198273115398
4.9609126984127,0.37002842416443,0.447284577664719,0.0488209156628823,12.3200422911653
4.96101190476191,0.369998681710776,0.447253391451212,0.0487975684336487,12.3202572516522
4.96111111111111,0.369968941932851,0.447222205820934,0.0487742323692543,12.3204721930032
4.96121031746032,0.369939204830288,0.447191020774728,0.0487509074643911,12.320687115221
4.96130952380952,0.369909470402722,0.447159836313433,0.0487275937137534,12.320902018308
4.96140873015873,0.369879738649784,0.447128652437889,0.0487042911120377,12.3211169022668
4.96150793650794,0.369850009571109,0.447097469148936,0.0486809996539427,12.3213317671001
4.96160714285714,0.369820283166329,0.447066286447412,0.0486577193341694,12.3215466128104
4.96170634920635,0.369790559435078,0.447035104334155,0.0486344501474209,12.3217614394003
4.96180555555556,0.36976083837699,0.447003922810003,0.0486111920884027,12.3219762468723
4.96190476190476,0.369731119991698,0.446972741875795,0.0485879451518224,12.3221910352291
4.96200396825397,0.369701404278835,0.446941561532368,0.0485647093323897,12.3224058044732
4.96210317460317,0.369671691238036,0.446910381780557,0.0485414846248169,12.3226205546072
4.96220238095238,0.369641980868934,0.446879202621199,0.048518271023818,12.3228352856337
4.96230158730159,0.369612273171163,0.446848024055131,0.0484950685241096,12.3230499975553
4.96240079365079,0.369582568144356,0.446816846083186,0.0484718771204104,12.3232646903744
4.9625,0.369552865788148,0.446785668706201,0.0484486968074411,12.3234793640938
4.96259920634921,0.369523166102173,0.446754491925009,0.0484255275799252,12.3236940187159
4.96269841269841,0.369493469086064,0.446723315740445,0.048402369432588,12.3239086542434
4.96279761904762,0.369463774739456,0.446692140153342,0.0483792223601569,12.3241232706788
4.96289682539683,0.369434083061983,0.446660965164534,0.0483560863573619,12.3243378680247
4.96299603174603,0.369404394053279,0.446629790774853,0.0483329614189348,12.3245524462836
4.96309523809524,0.369374707712978,0.446598616985131,0.04830984753961,12.3247670054582
4.96319444444444,0.369345024040715,0.4465674437962,0.0482867447141237,12.3249815455509
4.96329365079365,0.369315343036124,0.446536271208892,0.0482636529372149,12.3251960665645
4.96339285714286,0.36928566469884,0.446505099224037,0.0482405722036243,12.3254105685014
4.96349206349206,0.369255989028497,0.446473927842466,0.0482175025080951,12.3256250513641
4.96359126984127,0.369226316024729,0.446442757065009,0.0481944438453726,12.3258395151554
4.96369047619048,0.369196645687172,0.446411586892496,0.0481713962102043,12.3260539598777
4.96378968253968,0.36916697801546,0.446380417325756,0.04814835959734,12.3262683855335
4.96388888888889,0.369137313009228,0.446349248365617,0.0481253340015317,12.3264827921256
4.9639880952381,0.36910765066811,0.446318080012908,0.0481023194175334,12.3266971796564
4.9640873015873,0.369077990991742,0.446286912268456,0.0480793158401018,12.3269115481284
4.96418650793651,0.369048333979759,0.44625574513309,0.0480563232639955,12.3271258975444
4.96428571428571,0.369018679631795,0.446224578607636,0.0480333416839753,12.3273402279067
4.96438492063492,0.368989027947485,0.44619341269292,0.0480103710948042,12.3275545392181
4.96448412698413,0.368959378926465,0.446162247389769,0.0479874114912476,12.3277688314809
4.96458333333333,0.36892973256837,0.446131082699008,0.047964462868073,12.3279831046979
4.96468253968254,0.368900088872836,0.446099918621462,0.04794152522005,12.3281973588716
4.96478174603175,0.368870447839496,0.446068755157957,0.0479185985419507,12.3284115940044
4.96488095238095,0.368840809467988,0.446037592309317,0.0478956828285493,12.3286258100991
4.96498015873016,0.368811173757946,0.446006430076364,0.0478727780746221,12.3288400071581
4.96507936507937,0.368781540709006,0.445975268459924,0.0478498842749478,12.3290541851839
4.96517857142857,0.368751910320803,0.445944107460819,0.0478270014243071,12.3292683441793
4.96527777777778,0.368722282592973,0.445912947079871,0.0478041295174831,12.3294824841466
4.96537698412698,0.368692657525152,0.445881787317902,0.047781268549261,12.3296966050885
4.96547619047619,0.368663035116975,0.445850628175735,0.0477584185144282,12.3299107070075
4.9655753968254,0.368633415368079,0.44581946965419,0.0477355794077748,12.3301247899062
4.9656746031746,0.368603798278098,0.445788311754089,0.0477127512240924,12.3303388537871
4.96577380952381,0.36857418384667,0.445757154476251,0.0476899339581752,12.3305528986528
4.96587301587302,0.36854457207343,0.445725997821497,0.0476671276048195,12.3307669245059
4.96597222222222,0.368514962958014,0.445694841790645,0.047644332158824,12.3309809313488
4.96607142857143,0.368485356500058,0.445663686384516,0.0476215476149894,12.3311949191841
4.96617063492064,0.368455752699198,0.445632531603927,0.0475987739681186,12.3314088880144
4.96626984126984,0.368426151555072,0.445601377449697,0.0475760112130171,12.3316228378422
4.96636904761905,0.368396553067314,0.445570223922644,0.0475532593444922,12.3318367686702
4.96646825396825,0.368366957235561,0.445539071023584,0.0475305183573536,12.3320506805007
4.96656746031746,0.36833736405945,0.445507918753335,0.0475077882464132,12.3322645733364
4.96666666666667,0.368307773538617,0.445476767112712,0.047485069006485,12.3324784471799
4.96676587301587,0.3682781856727,0.445445616102533,0.0474623606323855,12.3326923020336
4.96686507936508,0.368248600461333,0.445414465723612,0.0474396631189331,12.3329061379001
4.96696428571429,0.368219017904154,0.445383315976764,0.0474169764609485,12.333119954782
4.96706349206349,0.3681894380008,0.445352166862805,0.0473943006532549,12.3333337526818
4.9671626984127,0.368159860750908,0.445321018382547,0.0473716356906774,12.333547531602
4.96726190476191,0.368130286154114,0.445289870536806,0.0473489815680433,12.3337612915453
4.96736111111111,0.368100714210056,0.445258723326394,0.0473263382801825,12.333975032514
4.96746031746032,0.368071144918369,0.445227576752124,0.0473037058219266,12.3341887545108
4.96755952380952,0.368041578278692,0.445196430814808,0.0472810841881098,12.3344024575383
4.96765873015873,0.368012014290662,0.445165285515259,0.0472584733735682,12.3346161415989
4.96775793650794,0.367982452953915,0.445134140854289,0.0472358733731407,12.3348298066951
4.96785714285714,0.367952894268088,0.445102996832707,0.0472132841816677,12.3350434528297
4.96795634920635,0.36792333823282,0.445071853451325,0.0471907057939923,12.3352570800049
4.96805555555556,0.367893784847747,0.445040710710953,0.0471681382049596,12.3354706882235
4.96815476190476,0.367864234112507,0.445009568612401,0.047145581409417,12.335684277488
4.96825396825397,0.367834686026738,0.444978427156478,0.0471230354022142,12.3358978478008
4.96835317460317,0.367805140590076,0.444947286343993,0.0471005001782028,12.3361113991645
4.96845238095238,0.367775597802159,0.444916146175754,0.0470779757322369,12.3363249315817
4.96855158730159,0.367746057662625,0.44488500665257,0.047055462059173,12.3365384450549
4.96865079365079,0.367716520171112,0.444853867775248,0.0470329591538693,12.3367519395866
4.96875,0.367686985327258,0.444822729544595,0.0470104670111867,12.3369654151793
4.96884920634921,0.3676574531307,0.444791591961418,0.0469879856259881,12.3371788718357
4.96894841269841,0.367627923581076,0.444760455026523,0.0469655149931384,12.3373923095581
4.96904761904762,0.367598396678025,0.444729318740716,0.0469430551075052,12.3376057283492
4.96914682539683,0.367568872421183,0.444698183104802,0.0469206059639579,12.3378191282115
4.96924603174603,0.36753935081019,0.444667048119586,0.0468981675573684,12.3380325091475
4.96934523809524,0.367509831844683,0.444635913785873,0.0468757398826108,12.3382458711598
4.96944444444444,0.367480315524301,0.444604780104467,0.0468533229345612,12.3384592142508
4.96954365079365,0.367450801848681,0.44457364707617,0.046830916708098,12.3386725384231
4.96964285714286,0.367421290817463,0.444542514701788,0.046808521198102,12.3388858436792
4.96974206349206,0.367391782430285,0.444511382982121,0.046786136399456,12.3390991300217
4.96984126984127,0.367362276686784,0.444480251917973,0.0467637623070451,12.339312397453
4.96994047619048,0.3673327735866,0.444449121510145,0.0467413989157565,12.3395256459758
4.97003968253968,0.36730327312937,0.444417991759438,0.04671904622048,12.3397388755924
4.97013888888889,0.367273775314735,0.444386862666654,0.0466967042161073,12.3399520863056
4.97023809523809,0.367244280142332,0.444355734232594,0.0466743728975323,12.3401652781177
4.9703373015873,0.3672147876118,0.444324606458056,0.0466520522596512,12.3403784510313
4.97043650793651,0.367185297722778,0.444293479343842,0.0466297422973624,12.3405916050489
4.97053571428571,0.367155810474905,0.444262352890749,0.0466074430055666,12.340804740173
4.97063492063492,0.367126325867819,0.444231227099577,0.0465851543791665,12.3410178564062
4.97073412698413,0.367096843901161,0.444200101971124,0.0465628764130674,12.341230953751
4.97083333333333,0.367067364574568,0.444168977506188,0.0465406091021765,12.3414440322099
4.97093253968254,0.36703788788768,0.444137853705566,0.0465183524414032,12.3416570917854
4.97103174603175,0.367008413840136,0.444106730570056,0.0464961064256594,12.3418701324801
4.97113095238095,0.366978942431575,0.444075608100453,0.0464738710498589,12.3420831542964
4.97123015873016,0.366949473661637,0.444044486297555,0.046451646308918,12.3422961572369
4.97132936507936,0.366920007529961,0.444013365162156,0.046429432197755,12.342509141304
4.97142857142857,0.366890544036187,0.443982244695052,0.0464072287112903,12.3427221065004
4.97152777777778,0.366861083179953,0.443951124897037,0.0463850358444471,12.3429350528285
4.97162698412698,0.3668316249609,0.443920005768907,0.0463628535921503,12.3431479802908
4.97172619047619,0.366802169378666,0.443888887311454,0.046340681949327,12.3433608888899
4.9718253968254,0.366772716432893,0.443857769525473,0.0463185209109069,12.3435737786282
4.9719246031746,0.366743266123219,0.443826652411756,0.0462963704718216,12.3437866495083
4.97202380952381,0.366713818449284,0.443795535971096,0.046274230627005,12.3439995015327
4.97212301587302,0.366684373410728,0.443764420204284,0.0462521013713931,12.3442123347039
4.97222222222222,0.366654931007191,0.443733305112114,0.0462299826999246,12.3444251490244
4.97232142857143,0.366625491238313,0.443702190695376,0.0462078746075398,12.3446379444967
4.97242063492063,0.366596054103734,0.44367107695486,0.0461857770891815,12.3448507211233
4.97251984126984,0.366566619603094,0.443639963891358,0.0461636901397949,12.3450634789068
4.97261904761905,0.366537187736034,0.443608851505658,0.046141613754327,12.3452762178496
4.97271825396825,0.366507758502193,0.443577739798551,0.0461195479277273,12.3454889379543
4.97281746031746,0.366478331901211,0.443546628770826,0.0460974926549475,12.3457016392233
4.97291666666667,0.36644890793273,0.443515518423271,0.0460754479309414,12.3459143216591
4.97301587301587,0.366419486596389,0.443484408756675,0.0460534137506653,12.3461269852644
4.97311507936508,0.366390067891829,0.443453299771824,0.0460313901090773,12.3463396300415
4.97321428571429,0.366360651818691,0.443422191469507,0.0460093770011381,12.346552255993
4.97331349206349,0.366331238376614,0.443391083850511,0.0459873744218104,12.3467648631213
4.9734126984127,0.366301827565241,0.443359976915621,0.0459653823660592,12.3469774514291
4.9735119047619,0.36627241938421,0.443328870665623,0.0459434008288516,12.3471900209187
4.97361111111111,0.366243013833164,0.443297765101303,0.045921429805157,12.3474025715927
4.97371031746032,0.366213610911743,0.443266660223447,0.0458994692899472,12.3476151034536
4.97380952380952,0.366184210619588,0.443235556032839,0.0458775192781959,12.3478276165039
4.97390873015873,0.36615481295634,0.443204452530263,0.0458555797648793,12.348040110746
4.97400793650794,0.366125417921639,0.443173349716502,0.0458336507449756,12.3482525861826
4.97410714285714,0.366096025515128,0.443142247592341,0.0458117322134653,12.348465042816
4.97420634920635,0.366066635736446,0.443111146158562,0.0457898241653311,12.3486774806488
4.97430555555556,0.366037248585236,0.443080045415947,0.045767926595558,12.3488898996835
4.97440476190476,0.366007864061138,0.443048945365278,0.045746039499133,12.3491022999226
4.97450396825397,0.365978482163794,0.443017846007337,0.0457241628710458,12.3493146813685
4.97460317460317,0.365949102892846,0.442986747342906,0.0457022967062878,12.3495270440238
4.97470238095238,0.365919726247934,0.442955649372764,0.0456804409998528,12.3497393878909
4.97480158730159,0.3658903522287,0.442924552097692,0.0456585957467369,12.3499517129724
4.97490079365079,0.365860980834786,0.44289345551847,0.0456367609419384,12.3501640192708
4.975,0.365831612065834,0.442862359635877,0.0456149365804576,12.3503763067885
4.97509920634921,0.365802245921484,0.442831264450692,0.0455931226572972,12.350588575528
4.97519841269841,0.365772882401379,0.442800169963694,0.0455713191674624,12.3508008254918
4.97529761904762,0.365743521505161,0.44276907617566,0.0455495261059601,12.3510130566824
4.97539682539683,0.365714163232471,0.442737983087368,0.0455277434677997,12.3512252691023
4.97549603174603,0.365684807582952,0.442706890699595,0.0455059712479928,12.3514374627541
4.97559523809524,0.365655454556245,0.442675799013119,0.0454842094415531,12.35164963764
4.97569444444444,0.365626104151993,0.442644708028714,0.0454624580434966,12.3518617937628
4.97579365079365,0.365596756369837,0.442613617747158,0.0454407170488416,12.3520739311248
4.97589285714286,0.36556741120942,0.442582528169224,0.0454189864526084,12.3522860497286
4.97599206349206,0.365538068670384,0.44255143929569,0.0453972662498199,12.3524981495765
4.97609126984127,0.365508728752371,0.442520351127328,0.0453755564355008,12.3527102306712
4.97619047619048,0.365479391455024,0.442489263664913,0.0453538570046783,12.3529222930151
4.97628968253968,0.365450056777985,0.442458176909218,0.0453321679523817,12.3531343366106
4.97638888888889,0.365420724720897,0.442427090861017,0.0453104892736424,12.3533463614603
4.97648809523809,0.365391395283402,0.442396005521083,0.0452888209634944,12.3535583675667
4.9765873015873,0.365362068465142,0.442364920890187,0.0452671630169733,12.3537703549322
4.97668650793651,0.365332744265761,0.442333836969102,0.0452455154291176,12.3539823235592
4.97678571428571,0.365303422684901,0.442302753758598,0.0452238781949677,12.3541942734504
4.97688492063492,0.365274103722204,0.442271671259448,0.0452022513095662,12.3544062046081
4.97698412698413,0.365244787377315,0.442240589472421,0.0451806347679578,12.3546181170349
4.97708333333333,0.365215473649875,0.442209508398288,0.0451590285651897,12.3548300107332
4.97718253968254,0.365186162539528,0.442178428037817,0.0451374326963112,12.3550418857055
4.97728174603175,0.365156854045916,0.44214734839178,0.0451158471563738,12.3552537419543
4.97738095238095,0.365127548168684,0.442116269460943,0.0450942719404309,12.3554655794821
4.97748015873016,0.365098244907473,0.442085191246076,0.045072707043539,12.3556773982913
4.97757936507937,0.365068944261927,0.442054113747946,0.0450511524607559,12.3558891983843
4.97767857142857,0.36503964623169,0.442023036967321,0.0450296081871421,12.3561009797638
4.97777777777778,0.365010350816404,0.441991960904968,0.0450080742177601,12.3563127424321
4.97787698412698,0.364981058015714,0.441960885561653,0.0449865505476748,12.3565244863918
4.97797619047619,0.364951767829262,0.441929810938143,0.0449650371719532,12.3567362116453
4.9780753968254,0.364922480256693,0.441898737035202,0.0449435340856644,12.356947918195
4.9781746031746,0.364893195297649,0.441867663853598,0.0449220412838802,12.3571596060435
4.97827380952381,0.364863912951774,0.441836591394093,0.0449005587616741,12.3573712751932
4.97837301587302,0.364834633218713,0.441805519657453,0.044879086514122,12.3575829256466
4.97847222222222,0.364805356098108,0.441774448644442,0.0448576245363021,12.3577945574061
4.97857142857143,0.364776081589605,0.441743378355822,0.0448361728232947,12.3580061704743
4.97867063492063,0.364746809692845,0.441712308792358,0.0448147313701824,12.3582177648536
4.97876984126984,0.364717540407475,0.441681239954811,0.0447933001720499,12.3584293405464
4.97886904761905,0.364688273733136,0.441650171843943,0.0447718792239841,12.3586408975553
4.97896825396825,0.364659009669475,0.441619104460517,0.0447504685210745,12.3588524358827
4.97906746031746,0.364629748216134,0.441588037805294,0.0447290680584124,12.359063955531
4.97916666666667,0.364600489372758,0.441556971879035,0.0447076778310915,12.3592754565028
4.97926587301587,0.364571233138991,0.441525906682499,0.0446862978342076,12.3594869388004
4.97936507936508,0.364541979514478,0.441494842216447,0.0446649280628589,12.3596984024264
4.97946428571429,0.364512728498863,0.441463778481639,0.0446435685121457,12.3599098473832
4.97956349206349,0.36448348009179,0.441432715478833,0.0446222191771702,12.3601212736734
4.9796626984127,0.364454234292904,0.441401653208788,0.0446008800530377,12.3603326812992
4.97976190476191,0.364424991101849,0.441370591672262,0.0445795511348548,12.3605440702633
4.97986111111111,0.364395750518271,0.441339530870013,0.0445582324177309,12.360755440568
4.97996031746032,0.364366512541813,0.441308470802799,0.0445369238967772,12.3609667922158
4.98005952380952,0.364337277172121,0.441277411471376,0.0445156255671075,12.3611781252092
4.98015873015873,0.364308044408839,0.4412463528765,0.0444943374238376,12.3613894395507
4.98025793650794,0.364278814251612,0.441215295018928,0.0444730594620855,12.3616007352427
4.98035714285714,0.364249586700085,0.441184237899415,0.0444517916769714,12.3618120122876
4.98045634920635,0.364220361753903,0.441153181518716,0.044430534063618,12.362023270688
4.98055555555556,0.364191139412712,0.441122125877586,0.04440928661715,12.3622345104462
4.98065476190476,0.364161919676155,0.441091070976779,0.0443880493326942,12.3624457315647
4.98075396825397,0.364132702543879,0.441060016817049,0.0443668222053799,12.3626569340461
4.98085317460317,0.364103488015529,0.441028963399149,0.0443456052303384,12.3628681178926
4.98095238095238,0.36407427609075,0.440997910723832,0.0443243984027033,12.3630792831069
4.98105158730159,0.364045066769187,0.44096685879185,0.0443032017176102,12.3632904296913
4.98115079365079,0.364015860050486,0.440935807603956,0.0442820151701976,12.3635015576482
4.98125,0.363986655934292,0.440904757160901,0.0442608387556055,12.3637126669803
4.98134920634921,0.363957454420251,0.440873707463436,0.0442396724689763,12.3639237576898
4.98144841269841,0.363928255508008,0.440842658512313,0.0442185163054547,12.3641348297793
4.98154761904762,0.36389905919721,0.44081161030828,0.0441973702601878,12.3643458832511
4.98164682539683,0.363869865487501,0.440780562852088,0.0441762343283245,12.3645569181078
4.98174603174603,0.363840674378528,0.440749516144487,0.0441551085050162,12.3647679343518
4.98184523809524,0.363811485869936,0.440718470186225,0.0441339927854164,12.3649789319856
4.98194444444444,0.363782299961371,0.44068742497805,0.0441128871646811,12.3651899110115
4.98204365079365,0.36375311665248,0.440656380520711,0.0440917916379682,12.3654008714321
4.98214285714286,0.363723935942908,0.440625336814956,0.0440707062004378,12.3656118132497
4.98224206349206,0.363694757832302,0.440594293861531,0.0440496308472525,12.3658227364669
4.98234126984127,0.363665582320307,0.440563251661184,0.0440285655735768,12.366033641086
4.98244047619048,0.36363640940657,0.44053221021466,0.0440075103745777,12.3662445271095
4.98253968253968,0.363607239090737,0.440501169522705,0.0439864652454241,12.3664553945399
4.98263888888889,0.363578071372455,0.440470129586065,0.0439654301812877,12.3666662433796
4.9827380952381,0.363548906251369,0.440439090405485,0.0439444051773416,12.3668770736311
4.9828373015873,0.363519743727127,0.440408051981709,0.0439233902287619,12.3670878852967
4.98293650793651,0.363490583799374,0.440377014315481,0.0439023853307263,12.3672986783789
4.98303571428571,0.363461426467758,0.440345977407545,0.0438813904784151,12.3675094528802
4.98313492063492,0.363432271731925,0.440314941258645,0.0438604056670107,12.367720208803
4.98323412698413,0.363403119591522,0.440283905869522,0.0438394308916978,12.3679309461497
4.98333333333333,0.363373970046195,0.440252871240919,0.0438184661476629,12.3681416649229
4.98343253968254,0.363344823095592,0.440221837373579,0.0437975114300955,12.3683523651248
4.98353174603175,0.363315678739358,0.440190804268242,0.0437765667341867,12.368563046758
4.98363095238095,0.363286536977143,0.440159771925649,0.04375563205513,12.3687737098248
4.98373015873016,0.363257397808591,0.440128740346542,0.0437347073881211,12.3689843543278
4.98382936507937,0.36322826123335,0.440097709531659,0.043713792728358,12.3691949802693
4.98392857142857,0.363199127251069,0.440066679481742,0.0436928880710407,12.3694055876519
4.98402777777778,0.363169995861392,0.440035650197528,0.0436719934113717,12.3696161764778
4.98412698412698,0.363140867063969,0.440004621679757,0.0436511087445556,12.3698267467496
4.98422619047619,0.363111740858445,0.439973593929167,0.0436302340657991,12.3700372984697
4.9843253968254,0.36308261724447,0.439942566946496,0.0436093693703114,12.3702478316405
4.9844246031746,0.363053496221689,0.439911540732482,0.0435885146533037,12.3704583462645
4.98452380952381,0.363024377789751,0.439880515287862,0.0435676699099893,12.370668842344
4.98462301587302,0.362995261948303,0.439849490613371,0.0435468351355841,12.3708793198816
4.98472222222222,0.362966148696993,0.439818466709747,0.0435260103253059,12.3710897788795
4.98482142857143,0.362937038035468,0.439787443577724,0.0435051954743746,12.3713002193404
4.98492063492063,0.362907929963376,0.439756421218039,0.043484390578013,12.3715106412665
4.98501984126984,0.362878824480365,0.439725399631425,0.0434635956314454,12.3717210446604
4.98511904761905,0.362849721586083,0.439694378818618,0.0434428106298986,12.3719314295244
4.98521825396825,0.362820621280178,0.439663358780352,0.0434220355686016,12.372141795861
4.98531746031746,0.362791523562298,0.439632339517359,0.0434012704427857,12.3723521436726
4.98541666666667,0.36276242843209,0.439601321030373,0.0433805152476841,12.3725624729616
4.98551587301587,0.362733335889203,0.439570303320126,0.0433597699785326,12.3727727837304
4.98561507936508,0.362704245933286,0.439539286387351,0.0433390346305692,12.3729830759816
4.98571428571429,0.362675158563986,0.43950827023278,0.0433183091990338,12.3731933497174
4.98581349206349,0.362646073780951,0.439477254857143,0.0432975936791688,12.3734036049403
4.9859126984127,0.362616991583831,0.439446240261171,0.0432768880662187,12.3736138416527
4.9860119047619,0.362587911972273,0.439415226445596,0.0432561923554303,12.3738240598571
4.98611111111111,0.362558834945926,0.439384213411146,0.0432355065420525,12.3740342595559
4.98621031746032,0.362529760504438,0.439353201158552,0.0432148306213365,12.3742444407515
4.98630952380952,0.362500688647458,0.439322189688542,0.0431941645885355,12.3744546034463
4.98640873015873,0.362471619374636,0.439291179001845,0.0431735084389055,12.3746647476427
4.98650793650794,0.362442552685618,0.439260169099189,0.0431528621677042,12.3748748733431
4.98660714285714,0.362413488580055,0.439229159981303,0.0431322257701915,12.37508498055
4.98670634920635,0.362384427057595,0.439198151648913,0.0431115992416299,12.3752950692658
4.98680555555556,0.362355368117887,0.439167144102746,0.0430909825772838,12.3755051394929
4.98690476190476,0.36232631176058,0.439136137343529,0.0430703757724199,12.3757151912337
4.98700396825397,0.362297257985323,0.439105131371987,0.0430497788223069,12.3759252244906
4.98710317460317,0.362268206791765,0.439074126188847,0.0430291917222164,12.3761352392661
4.98720238095238,0.362239158179555,0.439043121794834,0.0430086144674216,12.3763452355625
4.98730158730159,0.362210112148343,0.439012118190671,0.042988047053198,12.3765552133822
4.98740079365079,0.362181068697778,0.438981115377083,0.0429674894748234,12.3767651727277
4.9875,0.362152027827509,0.438950113354795,0.0429469417275779,12.3769751136014
4.98759920634921,0.362122989537185,0.438919112124529,0.0429264038067438,12.3771850360057
4.98769841269841,0.362093953826456,0.438888111687008,0.0429058757076055,12.377394939943
4.98779761904762,0.362064920694972,0.438857112042955,0.0428853574254494,12.3776048254157
4.98789682539683,0.362035890142381,0.438826113193092,0.0428648489555649,12.3778146924263
4.98799603174603,0.362006862168335,0.43879511513814,0.0428443502932429,12.378024540977
4.98809523809524,0.361977836772482,0.438764117878821,0.0428238614337767,12.3782343710704
4.98819444444444,0.361948813954472,0.438733121415855,0.0428033823724619,12.3784441827088
4.98829365079365,0.361919793713955,0.438702125749963,0.0427829131045963,12.3786539758946
4.98839285714286,0.361890776050582,0.438671130881864,0.0427624536254798,12.3788637506303
4.98849206349206,0.361861760964,0.438640136812277,0.0427420039304146,12.3790735069183
4.98859126984127,0.361832748453862,0.438609143541922,0.0427215640147052,12.3792832447609
4.98869047619048,0.361803738519817,0.438578151071518,0.0427011338736584,12.3794929641606
4.98878968253968,0.361774731161515,0.438547159401782,0.0426807135025828,12.3797026651197
4.98888888888889,0.361745726378607,0.438516168533431,0.0426603028967897,12.3799123476407
4.98898809523809,0.361716724170742,0.438485178467184,0.0426399020515923,12.3801220117259
4.9890873015873,0.36168772453757,0.438454189203756,0.0426195109623061,12.3803316573778
4.98918650793651,0.361658727478743,0.438423200743864,0.0425991296242489,12.3805412845988
4.98928571428571,0.361629732993911,0.438392213088224,0.0425787580327405,12.3807508933912
4.98938492063492,0.361600741082724,0.438361226237552,0.0425583961831033,12.3809604837575
4.98948412698413,0.361571751744832,0.438330240192562,0.0425380440706617,12.3811700557001
4.98958333333333,0.361542764979888,0.438299254953969,0.0425177016907422,12.3813796092213
4.98968253968254,0.36151378078754,0.438268270522486,0.0424973690386737,12.3815891443236
4.98978174603175,0.36148479916744,0.438237286898829,0.0424770461097873,12.3817986610093
4.98988095238095,0.361455820119238,0.438206304083709,0.0424567328994161,12.3820081592808
4.98998015873016,0.361426843642586,0.438175322077839,0.0424364294028956,12.3822176391406
4.99007936507937,0.361397869737135,0.438144340881932,0.0424161356155638,12.382427100591
4.99017857142857,0.361368898402535,0.438113360496701,0.0423958515327604,12.3826365436344
4.99027777777778,0.361339929638438,0.438082380922855,0.0423755771498276,12.3828459682733
4.99037698412698,0.361310963444494,0.438051402161107,0.0423553124621097,12.3830553745099
4.99047619047619,0.361281999820355,0.438020424212166,0.0423350574649534,12.3832647623468
4.9905753968254,0.361253038765672,0.437989447076743,0.0423148121537074,12.3834741317862
4.9906746031746,0.361224080280096,0.437958470755548,0.0422945765237229,12.3836834828306
4.99077380952381,0.361195124363279,0.43792749524929,0.0422743505703527,12.3838928154824
4.99087301587302,0.361166171014872,0.437896520558677,0.0422541342889528,12.384102129744
4.99097222222222,0.361137220234527,0.437865546684418,0.0422339276748807,12.3843114256177
4.99107142857143,0.361108272021895,0.437834573627222,0.0422137307234962,12.3845207031059
4.99117063492063,0.361079326376627,0.437803601387794,0.0421935434301615,12.384729962211
4.99126984126984,0.361050383298377,0.437772629966843,0.0421733657902409,12.3849392029355
4.99136904761905,0.361021442786794,0.437741659365075,0.0421531977991009,12.3851484252816
4.99146825396825,0.360992504841531,0.437710689583196,0.0421330394521103,12.3853576292518
4.99156746031746,0.360963569462239,0.437679720621912,0.0421128907446402,12.3855668148485
4.99166666666667,0.360934636648572,0.437648752481929,0.0420927516720637,12.385775982074
4.99176587301587,0.36090570640018,0.43761778516395,0.0420726222297563,12.3859851309307
4.99186507936508,0.360876778716716,0.437586818668681,0.0420525024130956,12.386194261421
4.99196428571429,0.360847853597832,0.437555852996824,0.0420323922174615,12.3864033735474
4.99206349206349,0.360818931043179,0.437524888149085,0.0420122916382361,12.386612467312
4.9921626984127,0.360790011052411,0.437493924126166,0.0419922006708036,12.3868215427175
4.99226190476191,0.360761093625179,0.437462960928769,0.0419721193105504,12.3870305997661
4.99236111111111,0.360732178761136,0.437431998557597,0.0419520475528657,12.3872396384601
4.99246031746032,0.360703266459934,0.437401037013351,0.0419319853931401,12.3874486588021
4.99255952380952,0.360674356721226,0.437370076296734,0.0419119328267669,12.3876576607943
4.99265873015873,0.360645449544664,0.437339116408444,0.0418918898491414,12.3878666444392
4.99275793650794,0.360616544929901,0.437308157349184,0.0418718564556613,12.3880756097391
4.99285714285714,0.360587642876589,0.437277199119653,0.0418518326417265,12.3882845566964
4.99295634920635,0.360558743384381,0.437246241720551,0.0418318184027387,12.3884934853134
4.99305555555556,0.360529846452931,0.437215285152576,0.0418118137341027,12.3887023955926
4.99315476190476,0.36050095208189,0.437184329416427,0.0417918186312247,12.3889112875363
4.99325396825397,0.360472060270911,0.437153374512803,0.0417718330895134,12.3891201611469
4.99335317460317,0.360443171019648,0.437122420442402,0.0417518571043797,12.3893290164267
4.99345238095238,0.360414284327754,0.43709146720592,0.0417318906712369,12.3895378533782
4.99355158730159,0.360385400194881,0.437060514804055,0.0417119337855002,12.3897466720037
4.99365079365079,0.360356518620683,0.437029563237502,0.0416919864425873,12.3899554723056
4.99375,0.360327639604813,0.436998612506959,0.0416720486379179,12.3901642542862
4.99384920634921,0.360298763146924,0.43696766261312,0.0416521203669141,12.3903730179479
4.99394841269841,0.36026988924667,0.436936713556681,0.0416322016250002,12.3905817632931
4.99404761904762,0.360241017903704,0.436905765338337,0.0416122924076025,12.3907904903241
4.99414682539683,0.360212149117679,0.436874817958781,0.0415923927101498,12.3909991990434
4.99424603174603,0.360183282888249,0.436843871418708,0.041572502528073,12.3912078894532
4.99434523809524,0.360154419215067,0.43681292571881,0.0415526218568051,12.391416561556
4.99444444444444,0.360125558097788,0.436781980859782,0.0415327506917814,12.3916252153541
4.99454365079365,0.360096699536064,0.436751036842314,0.0415128890284397,12.3918338508499
4.99464285714286,0.36006784352955,0.4367200936671,0.0414930368622195,12.3920424680457
4.99474206349206,0.360038990077899,0.436689151334831,0.041473194188563,12.392251066944
4.99484126984127,0.360010139180765,0.436658209846198,0.0414533610029143,12.392459647547
4.99494047619048,0.359981290837803,0.436627269201892,0.0414335373007199,12.3926682098571
4.99503968253968,0.359952445048665,0.436596329402603,0.0414137230774283,12.3928767538767
4.99513888888889,0.359923601813007,0.436565390449021,0.0413939183284905,12.3930852796082
4.9952380952381,0.359894761130482,0.436534452341835,0.0413741230493594,12.3932937870539
4.9953373015873,0.359865923000744,0.436503515081734,0.0413543372354906,12.3935022762161
4.99543650793651,0.359837087423448,0.436472578669408,0.0413345608823414,12.3937107470973
4.99553571428571,0.359808254398249,0.436441643105543,0.0413147939853716,12.3939191996998
4.99563492063492,0.359779423924799,0.436410708390828,0.0412950365400431,12.3941276340259
4.99573412698413,0.359750596002754,0.436379774525949,0.0412752885418202,12.3943360500781
4.99583333333333,0.359721770631769,0.436348841511594,0.0412555499861692,12.3945444478586
4.99593253968254,0.359692947811497,0.436317909348449,0.0412358208685586,12.3947528273698
4.99603174603175,0.359664127541594,0.436286978037199,0.0412161011844595,12.394961188614
4.99613095238095,0.359635309821714,0.43625604757853,0.0411963909293448,12.3951695315937
4.99623015873016,0.359606494651512,0.436225117973128,0.0411766900986898,12.3953778563112
4.99632936507937,0.359577682030642,0.436194189221676,0.0411569986879719,12.3955861627688
4.99642857142857,0.35954887195876,0.436163261324859,0.041137316692671,12.3957944509689
4.99652777777778,0.35952006443552,0.436132334283361,0.0411176441082688,12.3960027209138
4.99662698412698,0.359491259460577,0.436101408097864,0.0410979809302496,12.3962109726059
4.99672619047619,0.359462457033587,0.436070482769051,0.0410783271540995,12.3964192060476
4.9968253968254,0.359433657154204,0.436039558297605,0.0410586827753075,12.3966274212411
4.9969246031746,0.359404859822084,0.436008634684208,0.0410390477893641,12.3968356181889
4.99702380952381,0.359376065036882,0.435977711929541,0.0410194221917625,12.3970437968932
4.99712301587302,0.359347272798252,0.435946790034285,0.0409998059779978,12.3972519573565
4.99722222222222,0.359318483105852,0.435915868999121,0.0409801991435675,12.397460099581
4.99732142857143,0.359289695959335,0.435884948824729,0.0409606016839713,12.3976682235692
4.99742063492064,0.359260911358357,0.435854029511789,0.0409410135947109,12.3978763293234
4.99751984126984,0.359232129302575,0.435823111060979,0.0409214348712907,12.3980844168458
4.99761904761905,0.359203349791642,0.435792193472979,0.0409018655092169,12.3982924861389
4.99771825396825,0.359174572825216,0.435761276748467,0.0408823055039981,12.3985005372051
4.99781746031746,0.359145798402952,0.435730360888121,0.040862754851145,12.3987085700465
4.99791666666667,0.359117026524505,0.435699445892618,0.0408432135461706,12.3989165846657
4.99801587301587,0.359088257189531,0.435668531762637,0.0408236815845901,12.3991245810649
4.99811507936508,0.359059490397687,0.435637618498852,0.040804158961921,12.3993325592465
4.99821428571429,0.359030726148628,0.43560670610194,0.0407846456736827,12.3995405192127
4.99831349206349,0.35900196444201,0.435575794572578,0.0407651417153974,12.3997484609661
4.9984126984127,0.35897320527749,0.435544883911439,0.040745647082589,12.3999563845088
4.99851190476191,0.358944448654723,0.4355139741192,0.0407261617707838,12.4001642898432
4.99861111111111,0.358915694573366,0.435483065196535,0.0407066857755104,12.4003721769718
4.99871031746032,0.358886943033074,0.435452157144117,0.0406872190922994,12.4005800458967
4.99880952380952,0.358858194033505,0.435421249962621,0.0406677617166839,12.4007878966204
4.99890873015873,0.358829447574315,0.435390343652718,0.0406483136441988,12.4009957291451
4.99900793650794,0.358800703655159,0.435359438215082,0.0406288748703819,12.4012035434733
4.99910714285714,0.358771962275695,0.435328533650386,0.0406094453907725,12.4014113396072
4.99920634920635,0.358743223435579,0.4352976299593,0.0405900252009126,12.4016191175492
4.99930555555556,0.358714487134468,0.435266727142496,0.0405706142963462,12.4018268773016
4.99940476190476,0.358685753372019,0.435235825200645,0.0405512126726195,12.4020346188668
4.99950396825397,0.358657022147887,0.435204924134418,0.040531820325281,12.402242342247
4.99960317460317,0.358628293461731,0.435174023944484,0.0405124372498815,12.4024500474447
4.99970238095238,0.358599567313206,0.435143124631513,0.0404930634419737,12.4026577344621
4.99980158730159,0.35857084370197,0.435112226196174,0.040473698897113,12.4028654033016
4.99990079365079,0.35854212262768,0.435081328639136,0.0404543436108566,12.4030730539655
5,0.358513404089993,0.435050431961068,0.0404349975787642,12.4032806864561
5,0.358513404089993,0.435050431961068,5.04043499757876,12.4032806864561
5.00009920634921,0.359408280304721,0.435019722599582,5.03802456611708,12.4039667821826
5.00019841269841,0.360301713531935,0.434989386512758,5.03561528742901,12.404653155584
5.00029761904762,0.361193705931959,0.434959422961342,5.03320716093504,12.4053398058977
5.00039682539683,0.362084259617142,0.434929831224972,5.03080018597125,12.4060267324557
5.00049603174603,0.362973376639918,0.434900610571674,5.02839436196014,12.4067139345506
5.00059523809524,0.363861058992841,0.434871760257863,5.02598968841048,12.4074014114356
5.00069444444444,0.364747308745453,0.43484327955287,5.02358616486998,12.4080891623843
5.00079365079365,0.365632128045217,0.434815167742537,5.02118379079493,12.4087771867209
5.00089285714286,0.366515518954701,0.434787424100239,5.01878256562281,12.4094654837456
5.00099206349206,0.367397483533874,0.434760047900562,5.01638248879253,12.4101540527593
5.00109126984127,0.368278023840104,0.434733038419302,5.01398355974439,12.4108428930639
5.00119047619048,0.369157141928168,0.434706394933461,5.01158577792008,12.4115320039621
5.00128968253968,0.370034839850226,0.434680116721253,5.00918914276275,12.4122213847575
5.00138888888889,0.370911119655854,0.434654203062099,5.00679365371687,12.4129110347546
5.00148809523809,0.371785983392027,0.434628653236631,5.00439931022838,12.4136009532587
5.0015873015873,0.372659433103119,0.434603466526688,5.00200611174458,12.414291139576
5.00168650793651,0.373531470830904,0.434578642215319,4.99961405771418,12.4149815930136
5.00178571428571,0.374402098614559,0.434554179586781,4.99722314758732,12.4156723128796
5.00188492063492,0.375271318490666,0.434530077926543,4.99483338081549,12.4163632984827
5.00198412698413,0.376139132493192,0.434506336521279,4.99244475685166,12.4170545491326
5.00208333333333,0.377005542653522,0.434482954658875,4.99005727515013,12.4177460641399
5.00218253968254,0.377870551000436,0.434459931628426,4.98767093516664,12.418437842816
5.00228174603175,0.378734159560114,0.434437266720233,4.98528573635832,12.4191298844734
5.00238095238095,0.379596370356139,0.434414959225809,4.9829016781837,12.4198221884251
5.00248015873016,0.380457185409493,0.434393008437876,4.98051876010271,12.4205147539853
5.00257936507936,0.38131660673856,0.434371413650364,4.97813698157671,12.4212075804688
5.00267857142857,0.382174636359131,0.434350174158411,4.97575634206841,12.4219006671916
5.00277777777778,0.38303127628438,0.434329289258366,4.973376841042,12.4225940134702
5.00287698412698,0.3838865285249,0.434308758247787,4.970998477963,12.4232876186224
5.00297619047619,0.384740395088678,0.43428858042544,4.96862125229836,12.4239814819664
5.0030753968254,0.385592877981104,0.434268755091299,4.96624516351644,12.4246756028216
5.0031746031746,0.386443979310564,0.434249281498433,4.96387021105217,12.4253699804734
5.00327380952381,0.387293701172286,0.434230158903611,4.96149639433204,12.4260646142138
5.00337301587302,0.38814204554811,0.434211386613983,4.95912371281296,12.4267595033728
5.00347222222222,0.388989014417376,0.434192963937643,4.95675216595215,12.4274546472815
5.00357142857143,0.389834609756959,0.434174890183626,4.95438175320703,12.4281500452719
5.00367063492063,0.390678833541245,0.434157164661914,4.95201247403531,12.4288456966769
5.00376984126984,0.391521687742138,0.434139786683432,4.94964432789494,12.4295416008304
5.00386904761905,0.392363174329057,0.434122755560048,4.94727731424412,12.4302377570673
5.00396825396825,0.39320329526894,0.434106070604576,4.94491143254131,12.4309341647233
5.00406746031746,0.394042052526243,0.434089731130771,4.94254668224522,12.4316308231352
5.00416666666667,0.394879448062942,0.434073736453335,4.94018306281483,12.4323277316405
5.00426587301587,0.395715483838515,0.434058085887913,4.93782057370938,12.433024889578
5.00436507936508,0.396550161809975,0.434042778751094,4.93545921438834,12.4337222962872
5.00446428571429,0.397383483931845,0.43402781436041,4.93309898431145,12.4344199511085
5.00456349206349,0.398215452156165,0.434013192034337,4.9307398829387,12.4351178533834
5.0046626984127,0.399046068432494,0.433998911092298,4.92838190973034,12.4358160024542
5.0047619047619,0.399875334707905,0.433984970854656,4.92602506414686,12.4365143976643
5.00486111111111,0.400703252926998,0.43397137064272,4.92366934564901,12.4372130383579
5.00496031746032,0.401529825031869,0.433958109778744,4.92131475369784,12.4379119238802
5.00505952380952,0.402355052962151,0.433945187585923,4.9189612877546,12.4386110535773
5.00515873015873,0.403178938654988,0.433932603388398,4.9166089472808,12.4393104267964
5.00525793650794,0.40400148404504,0.433920356511255,4.91425773173823,12.4400100428855
5.00535714285714,0.404822691064486,0.433908446280522,4.91190764058891,12.4407099011935
5.00545634920635,0.40564256164302,0.433896872023171,4.90955867329515,12.4414100010703
5.00555555555556,0.406461097707854,0.433885633067119,4.90721082931946,12.4421103418668
5.00565476190476,0.407278301183724,0.433874728741228,4.90486410812465,12.4428109229348
5.00575396825397,0.408094173992866,0.4338641583753,4.9025185091738,12.4435117436271
5.00585317460317,0.408908718055047,0.433853921300086,4.90017403193018,12.4442128032972
5.00595238095238,0.409721935287551,0.433844016847278,4.89783067585738,12.4449141012998
5.00605158730159,0.410533827605173,0.433834444349513,4.89548844041921,12.4456156369906
5.00615079365079,0.411344396920231,0.43382520314037,4.89314732507973,12.4463174097259
5.00625,0.412153645142556,0.433816292554375,4.89080732930328,12.4470194188633
5.00634920634921,0.412961574179503,0.433807711926997,4.88846845255442,12.4477216637612
5.00644841269841,0.413768185935928,0.433799460594647,4.88613069429803,12.4484241437787
5.00654761904762,0.414573482314221,0.433791537894683,4.88379405399918,12.4491268582764
5.00664682539683,0.415377465214283,0.433783943165405,4.88145853112322,12.4498298066153
5.00674603174603,0.416180136533532,0.433776675746058,4.87912412513575,12.4505329881576
5.00684523809524,0.416981498166903,0.43376973497683,4.87679083550263,12.4512364022664
5.00694444444444,0.417781552006849,0.433763120198854,4.87445866168998,12.4519400483058
5.00704365079365,0.41858029994334,0.433756830754206,4.87212760316416,12.4526439256408
5.00714285714286,0.419377743863868,0.433750865985907,4.86979765939177,12.4533480336373
5.00724206349206,0.420173885653427,0.433745225237921,4.86746882983974,12.4540523716621
5.00734126984127,0.420968727194543,0.433739907855158,4.86514111397518,12.454756939083
5.00744047619048,0.421762270367254,0.433734913183468,4.86281451126547,12.4554617352689
5.00753968253968,0.422554517049117,0.43373024056965,4.86048902117826,12.4561667595895
5.00763888888889,0.423345469115204,0.433725889361443,4.85816464318145,12.4568720114153
5.00773809523809,0.424135128438104,0.433721858907531,4.85584137674319,12.4575774901179
5.0078373015873,0.424923496887932,0.433718148557544,4.85351922133187,12.45828319507
5.00793650793651,0.425710576332299,0.433714757662054,4.8511981764162,12.4589891256449
5.00803571428571,0.426496368636353,0.433711685572577,4.84887824146507,12.459695281217
5.00813492063492,0.427280875662752,0.433708931641574,4.84655941594766,12.4604016611617
5.00823412698413,0.428064099271673,0.433706495222449,4.84424169933339,12.4611082648554
5.00833333333333,0.428846041320808,0.43370437566955,4.84192509109195,12.4618150916752
5.00843253968254,0.429626703665367,0.433702572338171,4.83960959069328,12.4625221409993
5.00853174603175,0.430406088158078,0.433701084584546,4.83729519760758,12.4632294122068
5.00863095238095,0.43118419664919,0.433699911765858,4.83498191130527,12.4639369046779
5.00873015873016,0.431961030986455,0.433699053240229,4.83266973125709,12.4646446177934
5.00882936507937,0.432736593015156,0.433698508366729,4.83035865693399,12.4653525509355
5.00892857142857,0.43351088457809,0.43369827650537,4.82804868780718,12.4660607034869
5.00902777777778,0.434283907515569,0.433698357017109,4.82573982334813,12.4667690748314
5.00912698412698,0.435055663665423,0.433698749263844,4.82343206302856,12.467477664354
5.00922619047619,0.435826154863002,0.433699452608422,4.82112540632046,12.4681864714402
5.0093253968254,0.436595382941173,0.43370046641463,4.81881985269604,12.4688954954768
5.0094246031746,0.437363349730309,0.4337017900472,4.81651540162782,12.4696047358513
5.00952380952381,0.438130057058313,0.43370342287181,4.81421205258853,12.4703141919523
5.00962301587302,0.438895506750602,0.433705364255078,4.81190980505117,12.4710238631692
5.00972222222222,0.439659700630109,0.433707613564571,4.809608658489,12.4717337488926
5.00982142857143,0.440422640517285,0.433710170168794,4.80730861237553,12.4724438485138
5.00992063492063,0.441184328230097,0.433713033437202,4.80500966618452,12.4731541614251
5.01001984126984,0.44194476558403,0.433716202740191,4.80271181938998,12.4738646870197
5.01011904761905,0.442703954392091,0.433719677449099,4.80041507146619,12.4745754246919
5.01021825396825,0.443461896464789,0.433723456936213,4.7981194218877,12.4752863738367
5.01031746031746,0.444218593610165,0.43372754057476,4.79582487012928,12.4759975338504
5.01041666666667,0.444974047633773,0.433731927738912,4.79353141566597,12.4767089041298
5.01051587301587,0.445728260338684,0.433736617803785,4.79123905797306,12.477420484073
5.01061507936508,0.446481233525485,0.43374161014544,4.78894779652612,12.4781322730789
5.01071428571429,0.44723296899228,0.433746904140882,4.78665763080093,12.4788442705473
5.01081349206349,0.447983468534699,0.433752499168057,4.78436856027355,12.4795564758791
5.0109126984127,0.448732733945869,0.433758394605858,4.78208058442032,12.4802688884759
5.01101190476191,0.449480767016452,0.433764589834123,4.77979370271779,12.4809815077405
5.01111111111111,0.450227569534621,0.433771084233629,4.7775079146428,12.4816943330765
5.01121031746032,0.450973143286068,0.433777877186103,4.77522321967243,12.4824073638883
5.01130952380952,0.451717490054001,0.433784968074211,4.772939617284,12.4831205995817
5.01140873015873,0.452460611619144,0.433792356281567,4.77065710695511,12.4838340395629
5.01150793650794,0.45320250975974,0.433800041192725,4.7683756881636,12.4845476832394
5.01160714285714,0.453943186251554,0.433808022193188,4.76609536038757,12.4852615300195
5.01170634920635,0.454682642867851,0.433816298669397,4.76381612310539,12.4859755793126
5.01180555555556,0.455420881379432,0.433824870008742,4.76153797579566,12.4866898305287
5.01190476190476,0.456157903554606,0.433833735599555,4.75926091793725,12.4874042830791
5.01200396825397,0.456893711159202,0.433842894831111,4.75698494900928,12.4881189363759
5.01210317460317,0.457628305956565,0.433852347093632,4.75471006849112,12.4888337898321
5.01220238095238,0.458361689707558,0.43386209177828,4.75243627586241,12.4895488428617
5.01230158730159,0.459093864170565,0.433872128277164,4.75016357060302,12.4902640948797
5.01240079365079,0.459824831101474,0.433882455983336,4.74789195219311,12.4909795453019
5.0125,0.460554592253702,0.433893074290792,4.74562142011307,12.4916951935451
5.01259920634921,0.461283149378182,0.433903982594472,4.74335197384356,12.4924110390271
5.01269841269841,0.462010504223361,0.43391518029026,4.74108361286546,12.4931270811666
5.01279761904762,0.462736658535205,0.433926666774985,4.73881633665996,12.4938433193832
5.01289682539683,0.463461614057197,0.433938441446417,4.73655014470846,12.4945597530975
5.01299603174603,0.464185372530336,0.433950503703273,4.73428503649263,12.4952763817311
5.01309523809524,0.464907935693145,0.433962852945214,4.73202101149439,12.4959932047064
5.01319444444444,0.465629305281647,0.433975488572842,4.72975806919595,12.4967102214468
5.01329365079365,0.4663494830294,0.433988409987706,4.72749620907973,12.4974274313767
5.01339285714286,0.46706847066747,0.434001616592299,4.72523543062842,12.4981448339213
5.01349206349206,0.467786269924445,0.434015107790055,4.72297573332497,12.498862428507
5.01359126984127,0.468502882526426,0.434028882985355,4.72071711665258,12.4995802145608
5.01369047619048,0.469218310197034,0.434042941583523,4.7184595800947,12.500298191511
5.01378968253968,0.469932554657411,0.434057282990826,4.71620312313504,12.5010163587865
5.01388888888889,0.470645617626201,0.434071906614477,4.71394774525759,12.5017347158174
5.0139880952381,0.471357500819581,0.434086811862632,4.71169344594655,12.5024532620347
5.0140873015873,0.472068205951239,0.43410199814439,4.70944022468641,12.5031719968701
5.01418650793651,0.472777734732382,0.434117464869795,4.70718808096189,12.5038909197567
5.01428571428571,0.473486088871731,0.434133211449835,4.70493701425799,12.504610030128
5.01438492063492,0.474193270075528,0.434149237296442,4.70268702405994,12.505329327419
5.01448412698413,0.474899280047529,0.434165541822492,4.70043810985325,12.5060488110651
5.01458333333333,0.475604120489015,0.434182124441805,4.69819027112364,12.5067684805031
5.01468253968254,0.476307793098766,0.434198984569144,4.69594350735716,12.5074883351704
5.01478174603175,0.477010299573096,0.434216121620218,4.69369781804006,12.5082083745056
5.01488095238095,0.477711641605833,0.434233535011677,4.69145320265885,12.5089285979481
5.01498015873016,0.478411820888317,0.434251224161119,4.6892096607003,12.5096490049382
5.01507936507937,0.479110839109411,0.434269188487083,4.68696719165144,12.5103695949174
5.01517857142857,0.479808697955491,0.434287427409052,4.68472579499955,12.5110903673277
5.01527777777778,0.480505399110458,0.434305940347454,4.68248547023217,12.5118113216125
5.01537698412698,0.481200944255712,0.434324726723662,4.6802462168371,12.5125324572159
5.01547619047619,0.481895335070188,0.43434378595999,4.67800803430238,12.5132537735829
5.0155753968254,0.482588583500769,0.434363113423914,4.67577092184692,12.5139752660895
5.0156746031746,0.483280701305927,0.434382704557425,4.67353487869465,12.5146969301864
5.01577380952381,0.483971689879463,0.434402558895556,4.67129990434148,12.5154187654313
5.01587301587302,0.484661550614309,0.434422675973647,4.66906599828351,12.5161407713824
5.01597222222222,0.485350284902535,0.434443055327351,4.66683316001705,12.516862947598
5.01607142857143,0.486037894135346,0.434463696492629,4.66460138903861,12.5175852936371
5.01617063492063,0.486724379703067,0.434484599005752,4.66237068484491,12.5183078090585
5.01626984126984,0.487409742995173,0.434505762403301,4.66014104693284,12.5190304934218
5.01636904761905,0.488093985400265,0.434527186222167,4.65791247479951,12.5197533462864
5.01646825396825,0.48877710830608,0.43454886999955,4.65568496794222,12.5204763672125
5.01656746031746,0.489459113099488,0.434570813272961,4.65345852585848,12.5211995557602
5.01666666666667,0.49014000116649,0.43459301558022,4.65123314804597,12.5219229114901
5.01676587301587,0.490819773892231,0.434615476459457,4.64900883400259,12.5226464339631
5.01686507936508,0.49149843266097,0.434638195449112,4.64678558322646,12.5233701227403
5.01696428571429,0.492175978856117,0.434661172087935,4.64456339521587,12.5240939773832
5.01706349206349,0.492852413860209,0.434684405914984,4.6423422694693,12.5248179974537
5.0171626984127,0.493527739054919,0.43470789646963,4.64012220548544,12.5255421825137
5.0172619047619,0.494201955821053,0.434731643291552,4.6379032027632,12.5262665321257
5.01736111111111,0.494875065538548,0.434755645920738,4.63568526080166,12.5269910458524
5.01746031746032,0.495547069586477,0.434779903897487,4.6334683791001,12.5277157232566
5.01755952380952,0.496217969343053,0.434804416762408,4.63125255715801,12.5284405639018
5.01765873015873,0.496887766185605,0.434829184056419,4.62903779447509,12.5291655673515
5.01775793650794,0.497556461490611,0.434854205320748,4.62682409055123,12.5298907331696
5.01785714285714,0.49822405663368,0.434879480096934,4.62461144488649,12.5306160609203
5.01795634920635,0.498890552989552,0.434905007926824,4.62239985698116,12.5313415501681
5.01805555555556,0.499555951932102,0.434930788352575,4.62018932633572,12.5320672004778
5.01815476190476,0.500220254834339,0.434956820916656,4.61797985245086,12.5327930114146
5.01825396825397,0.500883463068408,0.434983105161843,4.61577143482743,12.5335189825437
5.01835317460317,0.501545578005576,0.435009640631223,4.61356407296654,12.534245113431
5.01845238095238,0.502206601016258,0.435036426868194,4.61135776636945,12.5349714036424
5.01855158730159,0.502866533469997,0.435063463416462,4.60915251453764,12.5356978527442
5.01865079365079,0.503525376735468,0.435090749820044,4.60694831697277,12.5364244603032
5.01875,0.504183132180484,0.435118285623265,4.60474517317672,12.5371512258861
5.01884920634921,0.504839801171986,0.435146070370763,4.60254308265156,12.5378781490603
5.01894841269841,0.505495385076054,0.435174103607482,4.60034204489955,12.5386052293932
5.01904761904762,0.506149885257903,0.43520238487868,4.59814205942315,12.5393324664527
5.01914682539683,0.50680330308187,0.435230913729921,4.59594312572506,12.540059859807
5.01924603174603,0.507455639911437,0.43525968970708,4.59374524330811,12.5407874090243
5.01934523809524,0.508106897109216,0.435288712356343,4.59154841167538,12.5415151136736
5.01944444444444,0.508757076036954,0.435317981224206,4.58935263033013,12.5422429733238
5.01954365079365,0.509406178055531,0.435347495857472,4.58715789877582,12.5429709875442
5.01964285714286,0.51005420452496,0.435377255803257,4.5849642165161,12.5436991559046
5.01974206349206,0.510701156804392,0.435407260608985,4.58277158305481,12.5444274779748
5.01984126984127,0.511347036252099,0.43543750982239,4.58057999789605,12.5451559533252
5.01994047619048,0.5119918442255,0.435468002991517,4.57838946054406,12.5458845815262
5.02003968253968,0.512635582081143,0.435498739664718,4.57619997050328,12.5466133621488
5.02013888888889,0.51327825117471,0.435529719390659,4.57401152727837,12.547342294764
5.02023809523809,0.513919852861016,0.435560941718312,4.57182413037418,12.5480713789434
5.0203373015873,0.51456038849401,0.435592406196961,4.56963777929576,12.5488006142588
5.02043650793651,0.515199859426775,0.435624112376199,4.56745247354835,12.5495300002821
5.02053571428571,0.515838267011532,0.435656059805929,4.5652682126374,12.5502595365857
5.02063492063492,0.516475612599621,0.435688248036364,4.56308499606856,12.5509892227424
5.02073412698413,0.517111897541532,0.435720676618027,4.56090282334768,12.5517190583251
5.02083333333333,0.51774712318688,0.435753345101749,4.55872169398079,12.5524490429071
5.02093253968254,0.518381290884418,0.435786253038673,4.55654160747414,12.553179176062
5.02103174603175,0.51901440198203,0.435819399980252,4.55436256333416,12.5539094573636
5.02113095238095,0.519646457826735,0.435852785478246,4.55218456106749,12.5546398863861
5.02123015873016,0.520277459764688,0.435886409084729,4.55000760018096,12.5553704627041
5.02132936507937,0.520907409141167,0.43592027035208,4.54783168018163,12.5561011858923
5.02142857142857,0.521536307300596,0.435954368832992,4.54565680057672,12.5568320555258
5.02152777777778,0.522164155586528,0.435988704080466,4.54348296087367,12.55756307118
5.02162698412698,0.522790955341648,0.436023275647812,4.5413101605801,12.5582942324306
5.02172619047619,0.523416707907778,0.436058083088651,4.53913839920384,12.5590255388536
5.0218253968254,0.524041414625872,0.436093125956915,4.53696767625292,12.5597569900254
5.0219246031746,0.524665076836017,0.436128403806842,4.53479799123558,12.5604885855225
5.02202380952381,0.52528769587744,0.436163916192985,4.53262934366022,12.5612203249218
5.02212301587302,0.525909273088485,0.436199662670201,4.5304617330355,12.5619522078006
5.02222222222222,0.526529809806648,0.436235642793662,4.52829515887022,12.5626842337363
5.02232142857143,0.527149307368549,0.436271856118847,4.5261296206734,12.5634164023069
5.02242063492063,0.527767767109945,0.436308302201545,4.52396511795428,12.5641487130904
5.02251984126984,0.528385190365726,0.436344980597856,4.52180165022226,12.5648811656652
5.02261904761905,0.529001578469914,0.436381890864188,4.51963921698697,12.56561375961
5.02271825396825,0.529616932755672,0.436419032557261,4.5174778177582,12.566346494504
5.02281746031746,0.530231254555281,0.436456405234104,4.51531745204601,12.5670793699264
5.02291666666667,0.53084454520017,0.436494008452054,4.51315811936058,12.5678123854569
5.02301587301587,0.531456806020898,0.436531841768761,4.51099981921234,12.5685455406753
5.02311507936508,0.532068038347155,0.436569904742182,4.50884255111189,12.569278835162
5.02321428571429,0.532678243507767,0.436608196930585,4.50668631457005,12.5700122684975
5.02331349206349,0.533287422830694,0.436646717892548,4.50453110909782,12.5707458402627
5.0234126984127,0.533895577643027,0.436685467186959,4.5023769342064,12.5714795500386
5.02351190476191,0.534502709270998,0.436724444373015,4.5002237894072,12.5722133974068
5.02361111111111,0.535108819039958,0.436763649010224,4.49807167421184,12.5729473819489
5.02371031746032,0.535713908274405,0.436803080658401,4.49592058813212,12.5736815032471
5.02380952380952,0.536317978297967,0.436842738877675,4.49377053068002,12.5744157608838
5.02390873015873,0.536921030433403,0.436882623228482,4.49162150136776,12.5751501544415
5.02400793650794,0.53752306600261,0.436922733271568,4.48947349970774,12.5758846835032
5.02410714285714,0.538124086326615,0.43696306856799,4.48732652521254,12.5766193476522
5.02420634920635,0.538724092725585,0.437003628679113,4.48518057739496,12.5773541464721
5.02430555555556,0.539323086518807,0.437044413166615,4.48303565576801,12.5780890795468
5.02440476190476,0.539921069024715,0.437085421592479,4.48089175984488,12.5788241464604
5.02450396825397,0.540518041560871,0.437126653519002,4.47874888913895,12.5795593467974
5.02460317460317,0.541114005443972,0.43716810850879,4.47660704316382,12.5802946801426
5.02470238095238,0.541708961989849,0.437209786124757,4.47446622143327,12.5810301460811
5.02480158730159,0.542302912513466,0.437251685930129,4.47232642346131,12.5817657441982
5.02490079365079,0.54289585832892,0.43729380748844,4.4701876487621,12.5825014740797
5.025,0.543487800749447,0.437336150363535,4.46804989685002,12.5832373353116
5.02509920634921,0.544078741087403,0.437378714119568,4.46591316723969,12.58397332748
5.02519841269841,0.544668680654292,0.437421498321004,4.46377745944588,12.5847094501717
5.02529761904762,0.545257620760746,0.437464502532616,4.46164277298355,12.5854457029736
5.02539682539683,0.545845562716531,0.437507726319489,4.45950910736791,12.5861820854728
5.02549603174603,0.546432507830546,0.437551169247016,4.45737646211431,12.5869185972568
5.02559523809524,0.547018457410826,0.437594830880901,4.45524483673834,12.5876552379136
5.02569444444444,0.54760341276454,0.437638710787158,4.45311423075576,12.588392007031
5.02579365079365,0.548187375197982,0.437682808532108,4.45098464368258,12.5891289041977
5.02589285714286,0.54877034601659,0.437727123682385,4.44885607503495,12.5898659290023
5.02599206349206,0.549352326524931,0.437771655804932,4.44672852432925,12.5906030810338
5.02609126984127,0.549933318026709,0.437816404467001,4.44460199108204,12.5913403598815
5.02619047619048,0.550513321824758,0.437861369236156,4.44247647481009,12.5920777651351
5.02628968253968,0.551092339221047,0.437906549680267,4.44035197503037,12.5928152963845
5.02638888888889,0.551670371516679,0.437951945367518,4.43822849126005,12.5935529532199
5.0264880952381,0.552247420011893,0.437997555866399,4.43610602301648,12.594290735232
5.0265873015873,0.552823486006053,0.438043380745713,4.43398456981725,12.5950286420114
5.02668650793651,0.553398570797667,0.438089419574571,4.4318641311801,12.5957666731493
5.02678571428571,0.55397267568437,0.438135671922394,4.42974470662301,12.5965048282372
5.02688492063492,0.554545801962935,0.438182137358914,4.42762629566412,12.5972431068669
5.02698412698413,0.555117950929265,0.438228815454171,4.4255088978218,12.5979815086303
5.02708333333333,0.5556891238784,0.438275705778516,4.4233925126146,12.5987200331198
5.02718253968254,0.556259322104516,0.438322807902609,4.42127713956126,12.5994586799281
5.02728174603175,0.556828546900909,0.438370121397422,4.41916277818077,12.6001974486482
5.02738095238095,0.557396799560024,0.438417645834233,4.41704942799226,12.6009363388732
5.02748015873016,0.557964081373433,0.438465380784633,4.41493708851509,12.6016753501968
5.02757936507937,0.558530393631844,0.438513325820522,4.41282575926881,12.6024144822128
5.02767857142857,0.559095737625096,0.43856148051411,4.41071543977316,12.6031537345154
5.02777777777778,0.559660114642164,0.438609844437915,4.40860612954809,12.603893106699
5.02787698412698,0.560223525971155,0.438658417164768,4.40649782811375,12.6046325983584
5.02797619047619,0.560785972899314,0.438707198267807,4.40439053499046,12.6053722090887
5.0280753968254,0.56134745671301,0.43875618732048,4.4022842496988,12.6061119384854
5.0281746031746,0.561907978697753,0.438805383896547,4.4001789717595,12.6068517861439
5.02827380952381,0.562467540138187,0.438854787570076,4.3980747006935,12.6075917516604
5.02837301587302,0.563026142318088,0.438904397915446,4.39597143602193,12.6083318346311
5.02847222222222,0.563583786520366,0.438954214507344,4.39386917726613,12.6090720346526
5.02857142857143,0.564140474027063,0.439004236920768,4.39176792394765,12.6098123513218
5.02867063492064,0.564696206119361,0.439054464731028,4.38966767558819,12.6105527842359
5.02876984126984,0.565250984077562,0.439104897513738,4.38756843170972,12.6112933329924
5.02886904761905,0.565804809181116,0.439155534844828,4.38547019183437,12.612033997189
5.02896825396825,0.566357682708599,0.439206376300534,4.38337295548446,12.612774776424
5.02906746031746,0.566909605937724,0.439257421457403,4.38127672218251,12.6135156702956
5.02916666666667,0.567460580145335,0.439308669892293,4.37918149145127,12.6142566784026
5.02926587301587,0.568010606607413,0.439360121182369,4.37708726281365,12.6149978003441
5.02936507936508,0.56855968659907,0.439411774905108,4.37499403579278,12.6157390357192
5.02946428571429,0.569107821394555,0.439463630638298,4.37290180991197,12.6164803841277
5.02956349206349,0.569655012267241,0.439515687960032,4.37081058469477,12.6172218451694
5.0296626984127,0.570201260489646,0.439567946448718,4.36872035966489,12.6179634184447
5.02976190476191,0.570746567333417,0.439620405683071,4.36663113434625,12.6187051035539
5.02986111111111,0.571290934069336,0.439673065242117,4.36454290826296,12.6194469000979
5.02996031746032,0.571834361967316,0.439725924705191,4.36245568093935,12.6201888076779
5.03005952380952,0.572376852296406,0.439778983651938,4.36036945189993,12.6209308258952
5.03015873015873,0.572918406324793,0.439832241662313,4.3582842206694,12.6216729543517
5.03025793650794,0.573459025319783,0.439885698316581,4.3561999867727,12.6224151926493
5.03035714285714,0.57399871054783,0.439939353195316,4.35411674973493,12.6231575403904
5.03045634920635,0.574537463274518,0.439993205879403,4.3520345090814,12.6238999971777
5.03055555555556,0.575075284764563,0.440047255950036,4.34995326433762,12.624642562614
5.03065476190476,0.575612176281815,0.440101502988719,4.3478730150293,12.6253852363026
5.03075396825397,0.576148139089259,0.440155946577266,4.34579376068233,12.6261280178472
5.03085317460317,0.576683174449011,0.440210586297801,4.34371550082284,12.6268709068514
5.03095238095238,0.577217283622328,0.440265421732757,4.3416382349771,12.6276139029196
5.03105158730159,0.577750467869586,0.440320452464877,4.33956196267165,12.628357005656
5.03115079365079,0.578282728450309,0.440375678077215,4.33748668343318,12.6291002146656
5.03125,0.578814066623147,0.440431098153132,4.33541239678858,12.6298435295534
5.03134920634921,0.579344483645889,0.440486712276303,4.33333910226495,12.6305869499247
5.03144841269841,0.579873980775452,0.44054252003071,4.33126679938959,12.6313304753851
5.03154761904762,0.580402559267891,0.440598521000644,4.32919548769,12.6320741055408
5.03164682539683,0.580930220378396,0.440654714770709,4.32712516669385,12.6328178399979
5.03174603174603,0.581456965361281,0.440711100925816,4.32505583592906,12.6335616783631
5.03184523809524,0.581982795470003,0.440767679051187,4.32298749492372,12.6343056202431
5.03194444444444,0.582507711957151,0.440824448732353,4.32092014320611,12.6350496652453
5.03204365079365,0.583031716074446,0.440881409555156,4.31885378030472,12.635793812977
5.03214285714286,0.583554809072744,0.440938561105747,4.31678840574824,12.6365380630461
5.03224206349206,0.584076992202034,0.440995902970588,4.31472401906555,12.6372824150606
5.03234126984127,0.584598266711438,0.441053434736449,4.31266061978574,12.638026868629
5.03244047619048,0.585118633849216,0.441111155990411,4.31059820743808,12.63877142336
5.03253968253968,0.585638094862752,0.441169066319863,4.30853678155208,12.6395160788625
5.03263888888889,0.586156650998571,0.441227165312508,4.3064763416574,12.6402608347458
5.03273809523809,0.586674303502333,0.441285452556354,4.30441688728393,12.6410056906196
5.0328373015873,0.587191053618827,0.441343927639722,4.30235841796173,12.6417506460937
5.03293650793651,0.587706902591979,0.441402590151241,4.3003009332211,12.6424957007784
5.03303571428571,0.588221851664847,0.441461439679852,4.2982444325925,12.6432408542842
5.03313492063492,0.588735902079626,0.441520475814803,4.29618891560659,12.6439861062219
5.03323412698413,0.589249055077635,0.441579698145653,4.29413438179427,12.6447314562027
5.03333333333333,0.589761311899337,0.441639106262272,4.2920808306866,12.6454769038378
5.03343253968254,0.590272673784325,0.441698699754838,4.29002826181485,12.6462224487391
5.03353174603175,0.590783141971326,0.441758478213841,4.28797667471049,12.6469680905186
5.03363095238095,0.591292717698199,0.441818441230078,4.28592606890518,12.6477138287886
5.03373015873016,0.59180140220194,0.441878588394657,4.28387644393079,12.6484596631618
5.03382936507936,0.592309196718675,0.441938919298998,4.28182779931939,12.649205593251
5.03392857142857,0.59281610248367,0.441999433534828,4.27978013460321,12.6499516186696
5.03402777777778,0.593322120731312,0.442060130694184,4.27773344931476,12.650697739031
5.03412698412698,0.593827252695134,0.442121010369413,4.27568774298668,12.6514439539492
5.03422619047619,0.594331499607798,0.442182072153175,4.27364301515183,12.6521902630381
5.0343253968254,0.594834862701101,0.442243315638434,4.27159926534326,12.6529366659124
5.0344246031746,0.595337343205971,0.442304740418469,4.26955649309422,12.6536831621867
5.03452380952381,0.595838942352472,0.442366346086866,4.26751469793819,12.6544297514761
5.03462301587302,0.596339661369805,0.442428132237523,4.26547387940878,12.655176433396
5.03472222222222,0.596839501486293,0.442490098464644,4.26343403703989,12.655923207562
5.03482142857143,0.597338463929404,0.442552244362747,4.26139517036556,12.6566700735901
5.03492063492063,0.597836549925737,0.442614569526658,4.25935727892002,12.6574170310965
5.03501984126984,0.598333760701022,0.442677073551511,4.25732036223772,12.6581640796978
5.03511904761905,0.598830097480126,0.442739756032754,4.25528441985333,12.6589112190109
5.03521825396825,0.599325561487047,0.442802616566141,4.25324945130167,12.6596584486529
5.03531746031746,0.599820153944918,0.442865654747738,4.25121545611779,12.6604057682414
5.03541666666667,0.600313876076008,0.442928870173921,4.24918243383692,12.6611531773941
5.03551587301587,0.600806729101712,0.442992262441372,4.24715038399454,12.6619006757291
5.03561507936508,0.601298714242566,0.443055831147089,4.24511930612625,12.6626482628647
5.03571428571429,0.601789832718237,0.443119575888374,4.24308919976792,12.6633959384197
5.03581349206349,0.602280085747526,0.443183496262843,4.24106006445556,12.664143702013
5.0359126984127,0.602769474548368,0.443247591868419,4.23903189972542,12.6648915532639
5.0360119047619,0.603258000337832,0.443311862303338,4.23700470511393,12.6656394917921
5.03611111111111,0.603745664332123,0.443376307166142,4.23497848015771,12.6663875172174
5.03621031746032,0.604232467746569,0.443440926055684,4.23295322439362,12.6671356291601
5.03630952380952,0.604718411795644,0.44350571857113,4.23092893735867,12.6678838272405
5.03640873015873,0.60520349769295,0.443570684311951,4.2289056185901,12.6686321110796
5.03650793650794,0.605687726651225,0.44363582287793,4.22688326762533,12.6693804802985
5.03660714285714,0.606171099882338,0.443701133869162,4.22486188400198,12.6701289345185
5.03670634920635,0.606653618597293,0.443766616886048,4.22284146725789,12.6708774733613
5.03680555555556,0.607135284006229,0.443832271529301,4.22082201693107,12.6716260964491
5.03690476190476,0.607616097318419,0.443898097399943,4.21880353255973,12.672374803404
5.03700396825397,0.608096059742263,0.443964094099307,4.21678601368233,12.6731235938488
5.03710317460317,0.608575172485302,0.444030261229034,4.21476945983746,12.6738724674062
5.03720238095238,0.609053436754209,0.444096598391076,4.21275387056395,12.6746214236997
5.03730158730159,0.609530853754789,0.444163105187694,4.21073924540081,12.6753704623527
5.03740079365079,0.610007424691983,0.444229781221461,4.20872558388725,12.676119582989
5.0375,0.610483150769863,0.444296626095256,4.2067128855627,12.6768687852328
5.03759920634921,0.61095803319164,0.444363639412273,4.20470114996674,12.6776180687084
5.03769841269841,0.611432073159649,0.44443082077601,4.20269037663922,12.6783674330408
5.03779761904762,0.611905271875366,0.444498169790279,4.20068056512013,12.6791168778548
5.03789682539683,0.612377630539399,0.444565686059201,4.19867171494969,12.6798664027758
5.03799603174603,0.612849150351491,0.444633369187204,4.19666382566829,12.6806160074295
5.03809523809524,0.613319832510517,0.444701218779031,4.19465689681655,12.6813656914419
5.03819444444444,0.613789678214486,0.444769234439729,4.19265092793527,12.6821154544392
5.03829365079365,0.61425868866054,0.44483741577466,4.19064591856545,12.6828652960479
5.03839285714286,0.614726865044959,0.444905762389494,4.18864186824827,12.6836152158949
5.03849206349206,0.615194208563146,0.444974273890208,4.18663877652518,12.6843652136073
5.03859126984127,0.615660720409649,0.445042949883092,4.18463664293775,12.6851152888127
5.03869047619048,0.616126401778145,0.445111789974745,4.18263546702777,12.6858654411389
5.03878968253968,0.616591253861445,0.445180793772077,4.18063524833725,12.6866156702137
5.03888888888889,0.617055277851493,0.445249960882305,4.17863598640838,12.6873659756657
5.03898809523809,0.617518474939368,0.445319290912958,4.17663768078356,12.6881163571236
5.0390873015873,0.617980846315285,0.445388783471875,4.17464033100535,12.6888668142162
5.03918650793651,0.618442393168584,0.445458438167202,4.17264393661659,12.6896173465729
5.03928571428571,0.618903116687746,0.445528254607399,4.17064849716024,12.6903679538233
5.03938492063492,0.619363018060386,0.445598232401233,4.16865401217949,12.6911186355972
5.03948412698413,0.619822098473249,0.445668371157781,4.16666048121774,12.6918693915249
5.03958333333333,0.620280359112216,0.445738670486431,4.16466790381856,12.6926202212367
5.03968253968254,0.6207378011623,0.44580912999688,4.16267627952574,12.6933711243637
5.03978174603175,0.621194425807651,0.445879749299134,4.16068560788326,12.6941221005367
5.03988095238095,0.621650234231552,0.445950528003511,4.15869588843528,12.6948731493872
5.03998015873016,0.622105227616411,0.446021465720637,4.15670712072623,12.695624270547
5.04007936507937,0.622559407143781,0.446092562061449,4.15471930430065,12.696375463648
5.04017857142857,0.623012773994344,0.446163816637191,4.15273243870334,12.6971267283226
5.04027777777778,0.623465329347916,0.446235229059422,4.15074652347926,12.6978780642033
5.04037698412698,0.623917074383447,0.446306798940006,4.14876155817358,12.698629470923
5.04047619047619,0.62436801027902,0.446378525891118,4.14677754233168,12.6993809481151
5.0405753968254,0.624818138211855,0.446450409525246,4.14479447549913,12.7001324954129
5.0406746031746,0.625267459358297,0.446522449455183,4.14281235722171,12.7008841124504
5.04077380952381,0.625715974893832,0.446594645294035,4.14083118704538,12.7016357988616
5.04087301587302,0.62616368599308,0.446666996655217,4.13885096451631,12.702387554281
5.04097222222222,0.626610593829792,0.446739503152453,4.13687168918087,12.7031393783432
5.04107142857143,0.627056699576853,0.446812164399778,4.13489336058561,12.7038912706834
5.04117063492063,0.627502004406281,0.446884980011536,4.13291597827731,12.7046432309369
5.04126984126984,0.627946509489231,0.446957949602382,4.13093954180293,12.7053952587393
5.04136904761905,0.628390215995991,0.447031072787279,4.1289640507096,12.7061473537266
5.04146825396825,0.628833125095975,0.447104349181501,4.12698950454473,12.7068995155349
5.04156746031746,0.62927523795774,0.447177778400632,4.12501590285585,12.7076517438009
5.04166666666667,0.629716555748972,0.447251360060565,4.12304324519072,12.7084040381614
5.04176587301587,0.630157079636494,0.447325093777504,4.12107153109729,12.7091563982535
5.04186507936508,0.63059681078626,0.44739897916796,4.11910076012372,12.7099088237147
5.04196428571429,0.631035750363359,0.447473015848758,4.11713093181837,12.7106613141827
5.04206349206349,0.631473899532014,0.447547203437031,4.11516204572976,12.7114138692957
5.0421626984127,0.631911259455576,0.447621541550219,4.11319410140668,12.7121664886919
5.04226190476191,0.632347831296538,0.447696029806075,4.11122709839807,12.7129191720101
5.04236111111111,0.632783616216521,0.447770667822663,4.10926103625306,12.7136719188892
5.04246031746032,0.633218615376284,0.447845455218353,4.107295914521,12.7144247289685
5.04255952380952,0.633652829935716,0.447920391611828,4.10533173275144,12.7151776018875
5.04265873015873,0.634086261053841,0.447995476622078,4.10336849049413,12.7159305372861
5.04275793650794,0.634518909888817,0.448070709868406,4.101406187299,12.7166835348046
5.04285714285714,0.634950777597938,0.448146090970423,4.09944482271617,12.7174365940833
5.04295634920635,0.635381865337624,0.448221619548048,4.09748439629603,12.7181897147631
5.04305555555556,0.635812174263436,0.448297295221514,4.09552490758908,12.7189428964851
5.04315476190476,0.636241705530066,0.448373117611361,4.09356635614607,12.7196961388906
5.04325396825397,0.63667046029134,0.448449086338439,4.09160874151793,12.7204494416214
5.04335317460317,0.637098439700218,0.448525201023909,4.08965206325579,12.7212028043194
5.04345238095238,0.637525644908793,0.44860146128924,4.08769632091099,12.7219562266269
5.04355158730159,0.637952077068296,0.448677866756213,4.08574151403505,12.7227097081866
5.04365079365079,0.638377737329081,0.448754417046916,4.08378764217971,12.7234632486413
5.04375,0.638802626840645,0.448831111783751,4.08183470489691,12.7242168476343
5.04384920634921,0.639226746751617,0.448907950589425,4.07988270173875,12.724970504809
5.04394841269841,0.639650098209757,0.448984933086959,4.07793163225756,12.7257242198093
5.04404761904762,0.640072682361962,0.44906205889968,4.07598149600588,12.7264779922793
5.04414682539683,0.640494500354261,0.449139327651228,4.07403229253643,12.7272318218633
5.04424603174603,0.640915553331815,0.449216738965552,4.07208402140211,12.7279857082062
5.04434523809524,0.641335842438925,0.44929429246691,4.07013668215605,12.7287396509529
5.04444444444444,0.641755368819014,0.449371987779869,4.06819027435159,12.7294936497488
5.04454365079365,0.642174133614649,0.449449824529308,4.06624479754222,12.7302477042394
5.04464285714286,0.642592137967528,0.449527802340415,4.06430025128167,12.7310018140708
5.04474206349206,0.643009383018481,0.449605920838687,4.06235663512385,12.7317559788892
5.04484126984127,0.643425869907473,0.449684179649933,4.06041394862288,12.732510198341
5.04494047619048,0.643841599773602,0.449762578400268,4.05847219133306,12.7332644720732
5.04503968253968,0.644256573755104,0.449841116716121,4.05653136280889,12.7340187997328
5.04513888888889,0.644670792989338,0.449919794224228,4.05459146260511,12.7347731809673
5.0452380952381,0.645084258612807,0.449998610551635,4.05265249027661,12.7355276154245
5.0453373015873,0.645496971761143,0.4500775653257,4.0507144453785,12.7362821027525
5.04543650793651,0.645908933569113,0.450156658174089,4.04877732746608,12.7370366425995
5.04553571428571,0.646320145170617,0.450235888724777,4.04684113609486,12.7377912346142
5.04563492063492,0.64673060769869,0.450315256606051,4.04490587082054,12.7385458784455
5.04573412698413,0.647140322285499,0.450394761446507,4.04297153119902,12.7393005737428
5.04583333333333,0.647549290062349,0.450474402875051,4.04103811678639,12.7400553201557
5.04593253968254,0.647957512159668,0.450554180520897,4.03910562713897,12.7408101173338
5.04603174603175,0.648364989707028,0.45063409401357,4.03717406181324,12.7415649649276
5.04613095238095,0.648771723833132,0.450714142982907,4.0352434203659,12.7423198625873
5.04623015873016,0.649177715665815,0.450794327059051,4.03331370235384,12.7430748099638
5.04632936507937,0.649582966332047,0.450874645872457,4.03138490733416,12.7438298067081
5.04642857142857,0.649987476957932,0.450955099053891,4.02945703486415,12.7445848524717
5.04652777777778,0.650391248668709,0.451035686234426,4.02753008450128,12.7453399469062
5.04662698412698,0.650794282588743,0.451116407045446,4.02560405580327,12.7460950896636
5.04672619047619,0.651196579841542,0.451197261118645,4.023678948328,12.7468502803962
5.0468253968254,0.651598141549743,0.451278248086027,4.02175476163355,12.7476055187566
5.0469246031746,0.651998968835119,0.451359367579906,4.01983149527819,12.7483608043976
5.04702380952381,0.652399062818574,0.451440619232904,4.01790914882043,12.7491161369725
5.04712301587302,0.652798424620148,0.451522002677956,4.01598772181893,12.7498715161348
5.04722222222222,0.653197055359013,0.451603517548303,4.01406721383258,12.7506269415383
5.04732142857143,0.653594956153478,0.4516851634775,4.01214762442045,12.751382412837
5.04742063492063,0.653992128120977,0.451766940099408,4.01022895314184,12.7521379296854
5.04751984126984,0.654388572378088,0.4518488470482,4.00831119955621,12.7528934917382
5.04761904761905,0.654784290040518,0.451930883958358,4.00639436322323,12.7536490986503
5.04771825396825,0.655179282223107,0.452013050464674,4.00447844370279,12.7544047500772
5.04781746031746,0.65557355003983,0.452095346202251,4.00256344055495,12.7551604456744
5.04791666666667,0.655967094603796,0.452177770806499,4.00064935333998,12.7559161850979
5.04801587301587,0.656359917027249,0.452260323913141,3.99873618161835,12.7566719680039
5.04811507936508,0.65675201842156,0.452343005158207,3.99682392495073,12.7574277940488
5.04821428571429,0.65714339989724,0.452425814178039,3.994912582898,12.7581836628896
5.04831349206349,0.657534062563932,0.452508750609288,3.99300215502121,12.7589395741833
5.0484126984127,0.657924007530414,0.452591814088914,3.99109264088163,12.7596955275875
5.0485119047619,0.658313235904595,0.452675004254188,3.98918404004072,12.7604515227597
5.04861111111111,0.65870174879352,0.452758320742691,3.98727635206014,12.7612075593581
5.04871031746032,0.659089547303366,0.452841763192313,3.98536957650175,12.7619636370411
5.04880952380952,0.659476632539447,0.452925331241253,3.9834637129276,12.7627197554671
5.04890873015873,0.659863005606203,0.453009024528022,3.98155876089998,12.7634759142953
5.04900793650794,0.660248667607216,0.453092842691439,3.97965471998131,12.7642321131849
5.04910714285714,0.660633619645197,0.453176785370634,3.97775158973426,12.7649883517953
5.04920634920635,0.661017862821992,0.453260852205045,3.97584936972169,12.7657446297865
5.04930555555556,0.661401398238582,0.453345042834423,3.97394805950664,12.7665009468186
5.04940476190476,0.661784226995079,0.453429356898825,3.97204765865236,12.7672573025521
5.04950396825397,0.662166350190733,0.453513794038622,3.97014816672229,12.7680136966477
5.04960317460317,0.66254776892392,0.453598353894491,3.96824958328011,12.7687701287666
5.04970238095238,0.662928484292157,0.45368303610742,3.96635190788964,12.76952659857
5.04980158730159,0.663308497392091,0.453767840318707,3.96445514011494,12.7702831057197
5.04990079365079,0.663687809319504,0.453852766169962,3.96255927952024,12.7710396498776
5.05,0.664066421169311,0.4539378133031,3.96066432566999,12.7717962307059
5.05009920634921,0.664444334035563,0.454022981360351,3.95877027812883,12.7725528478674
5.05019841269841,0.66482154901144,0.454108269984252,3.95687713646159,12.7733095010248
5.05029761904762,0.665198067189263,0.45419367881765,3.95498490023332,12.7740661898414
5.05039682539683,0.665573889660475,0.454279207503701,3.95309356900925,12.7748229139806
5.05049603174603,0.665949017515664,0.454364855685872,3.95120314235483,12.7755796731063
5.05059523809524,0.666323451844546,0.454450623007941,3.94931361983568,12.7763364668824
5.05069444444444,0.666697193735973,0.454536509113994,3.94742500101764,12.7770932949735
5.05079365079365,0.667070244277929,0.454622513648427,3.94553728546673,12.7778501570442
5.05089285714286,0.667442604557532,0.454708636255946,3.9436504727492,12.7786070527595
5.05099206349206,0.667814275661038,0.454794876581568,3.94176456243144,12.7793639817847
5.05109126984127,0.668185258673826,0.454881234270618,3.93987955408013,12.7801209437855
5.05119047619048,0.668555554680418,0.454967708968731,3.93799544726206,12.7808779384277
5.05128968253968,0.668925164764469,0.455054300321852,3.93611224154427,12.7816349653775
5.05138888888889,0.669294090008763,0.455141007976238,3.93422993649397,12.7823920243015
5.05148809523809,0.669662331495222,0.455227831578453,3.93234853167859,12.7831491148665
5.0515873015873,0.670029890304899,0.455314770775372,3.93046802666576,12.7839062367396
5.05168650793651,0.670396767517983,0.455401825214179,3.92858842102328,12.7846633895882
5.05178571428571,0.670762964213796,0.45548899454237,3.92670971431917,12.7854205730801
5.05188492063492,0.67112848147079,0.455576278407748,3.92483190612166,12.7861777868832
5.05198412698413,0.671493320366554,0.455663676458427,3.92295499599916,12.786935030666
5.05208333333333,0.671857481977812,0.455751188342831,3.92107898352029,12.787692304097
5.05218253968254,0.67222096738042,0.455838813709694,3.91920386825385,12.7884496068452
5.05228174603175,0.672583777649367,0.455926552208059,3.91732964976885,12.7892069385798
5.05238095238095,0.672945913858776,0.45601440348728,3.91545632763451,12.7899642989704
5.05248015873016,0.673307377081907,0.456102367197021,3.91358390142022,12.7907216876867
5.05257936507937,0.673668168391146,0.456190442987253,3.91171237069562,12.7914791043991
5.05267857142857,0.674028288858019,0.45627863050826,3.90984173503049,12.7922365487778
5.05277777777778,0.674387739553185,0.456366929410634,3.90797199399484,12.7929940204938
5.05287698412698,0.674746521546435,0.456455339345277,3.90610314715887,12.7937515192179
5.05297619047619,0.675104635906694,0.456543859963402,3.90423519409299,12.7945090446216
5.0530753968254,0.675462083702022,0.456632490916532,3.9023681343678,12.7952665963765
5.0531746031746,0.675818865999611,0.456721231856497,3.90050196755408,12.7960241741547
5.05327380952381,0.67617498386579,0.45681008243544,3.89863669322284,12.7967817776283
5.05337301587302,0.676530438366013,0.456899042305811,3.89677231094528,12.7975394064699
5.05347222222222,0.676885230564878,0.456988111120372,3.8949088202928,12.7982970603525
5.05357142857143,0.677239361526111,0.457077288532195,3.89304622083698,12.7990547389491
5.05367063492063,0.677592832312574,0.45716657419466,3.89118451214962,12.7998124419333
5.05376984126984,0.677945643986261,0.457255967761458,3.88932369380271,12.8005701689789
5.05386904761905,0.6782977976083,0.457345468886589,3.88746376536843,12.8013279197598
5.05396825396825,0.678649294238956,0.457435077224364,3.88560472641916,12.8020856939506
5.05406746031746,0.679000134937619,0.457524792429404,3.88374657652752,12.8028434912259
5.05416666666667,0.679350320762822,0.457614614156637,3.88188931526628,12.8036013112607
5.05426587301587,0.679699852772227,0.457704542061303,3.88003294220841,12.8043591537302
5.05436507936508,0.680048732022632,0.457794575798954,3.87817745692711,12.8051170183102
5.05446428571429,0.680396959569965,0.457884715025447,3.87632285899575,12.8058749046764
5.05456349206349,0.680744536469292,0.457974959396952,3.87446914798792,12.8066328125051
5.0546626984127,0.68109146377481,0.458065308569948,3.87261632347738,12.8073907414728
5.05476190476191,0.681437742539853,0.458155762201225,3.87076438503812,12.8081486912562
5.05486111111111,0.681783373816881,0.45824631994788,3.86891333224432,12.8089066615326
5.05496031746032,0.682128358657495,0.458336981467322,3.86706316467034,12.8096646519793
5.05505952380952,0.682472698112427,0.458427746417269,3.86521388189077,12.810422662274
5.05515873015873,0.682816393231543,0.458518614455751,3.86336548348037,12.8111806920948
5.05525793650794,0.683159445063843,0.458609585241104,3.86151796901412,12.81193874112
5.05535714285714,0.683501854657461,0.458700658431976,3.85967133806718,12.8126968090281
5.05545634920635,0.683843623059665,0.458791833687326,3.8578255902149,12.8134548954982
5.05555555555556,0.684184751316852,0.458883110666419,3.85598072503289,12.8142130002094
5.05565476190476,0.684525240474558,0.458974489028834,3.85413674209688,12.8149711228413
5.05575396825397,0.684865091577451,0.459065968434457,3.85229364098284,12.8157292630738
5.05585317460317,0.685204305669333,0.459157548543486,3.85045142126695,12.8164874205868
5.05595238095238,0.68554288379314,0.459249229016427,3.84861008252555,12.817245595061
5.05605158730159,0.685880826990939,0.459341009514096,3.8467696243352,12.818003786177
5.05615079365079,0.686218136303935,0.45943288969762,3.84493004627267,12.8187619936159
5.05625,0.686554812772465,0.459524869228435,3.84309134791489,12.8195202170591
5.05634920634921,0.686890857435995,0.459616947768287,3.84125352883906,12.8202784561881
5.05644841269841,0.687226271333131,0.459709124979231,3.8394165886225,12.8210367106849
5.05654761904762,0.68756105550161,0.459801400523632,3.83758052684277,12.8217949802318
5.05664682539683,0.687895210978303,0.459893774064167,3.83574534307763,12.8225532645114
5.05674603174603,0.688228738799216,0.459986245263821,3.83391103690502,12.8233115632065
5.05684523809524,0.688561639999485,0.460078813785888,3.83207760790309,12.8240698760003
5.05694444444444,0.688893915613385,0.460171479293974,3.83024505565018,12.8248282025763
5.05704365079365,0.689225566674319,0.460264241451992,3.82841337972485,12.8255865426181
5.05714285714286,0.689556594214826,0.460357099924167,3.82658257970584,12.8263448958099
5.05724206349206,0.689886999266581,0.460450054375033,3.82475265517209,12.8271032618361
5.05734126984127,0.690216782860389,0.460543104469435,3.82292360570275,12.8278616403813
5.05744047619048,0.690545946026191,0.460636249872527,3.82109543087715,12.8286200311306
5.05753968253968,0.690874489793061,0.460729490249771,3.81926813027483,12.8293784337692
5.05763888888889,0.691202415189207,0.460822825266942,3.81744170347553,12.8301368479826
5.0577380952381,0.691529723241973,0.460916254590124,3.81561615005917,12.8308952734568
5.0578373015873,0.691856414977828,0.461009777885707,3.81379146960591,12.831653709878
5.05793650793651,0.692182491422384,0.461103394820397,3.81196766169608,12.8324121569327
5.05803571428571,0.692507953600383,0.461197105061205,3.8101447259102,12.8331706143076
5.05813492063492,0.692832802535701,0.461290908275454,3.80832266182901,12.8339290816899
5.05823412698413,0.693157039251348,0.461384804130776,3.80650146903344,12.834687558767
5.05833333333333,0.693480664769467,0.461478792295115,3.80468114710461,12.8354460452265
5.05843253968254,0.693803680111337,0.461572872436721,3.80286169562384,12.8362045407565
5.05853174603175,0.694126086297364,0.461667044224157,3.80104311417268,12.8369630450453
5.05863095238095,0.694447884347095,0.461761307326293,3.79922540233283,12.8377215577815
5.05873015873016,0.694769075279208,0.461855661412312,3.79740855968623,12.838480078654
5.05882936507937,0.695089660111515,0.461950106151705,3.79559258581499,12.8392386073521
5.05892857142857,0.695409639860961,0.462044641214273,3.79377748030144,12.8399971435652
5.05902777777778,0.695729015543625,0.462139266270127,3.79196324272809,12.8407556869832
5.05912698412698,0.696047788174719,0.462233980989687,3.79014987267765,12.8415142372962
5.05922619047619,0.696365958768592,0.462328785043685,3.78833736973304,12.8422727941947
5.0593253968254,0.69668352833872,0.462423678103159,3.78652573347739,12.8430313573693
5.0594246031746,0.697000497897719,0.462518659839461,3.784714963494,12.8437899265111
5.05952380952381,0.697316868457335,0.46261372992425,3.78290505936639,12.8445485013115
5.05962301587302,0.69763264102845,0.462708888029496,3.78109602067826,12.845307081462
5.05972222222222,0.697947816621079,0.462804133827479,3.77928784701352,12.8460656666547
5.05982142857143,0.69826239624437,0.462899466990788,3.77748053795628,12.8468242565818
5.05992063492064,0.698576380906606,0.462994887192323,3.77567409309084,12.8475828509357
5.06001984126984,0.6988897716152,0.463090394105292,3.77386851200172,12.8483414494095
5.06011904761905,0.699202569376702,0.463185987403214,3.77206379427361,12.8491000516962
5.06021825396825,0.699514775196796,0.463281666759918,3.77025993949143,12.8498586574892
5.06031746031746,0.699826390080299,0.463377431849542,3.76845694724026,12.8506172664825
5.06041666666667,0.700137415031161,0.463473282346535,3.76665481710541,12.8513758783699
5.06051587301587,0.700447851052464,0.463569217925655,3.76485354867237,12.8521344928459
5.06061507936508,0.700757699146429,0.463665238261969,3.76305314152685,12.8528931096051
5.06071428571429,0.701066960314407,0.463761343030856,3.76125359525472,12.8536517283425
5.06081349206349,0.70137563555688,0.463857531908003,3.75945490944211,12.8544103487535
5.0609126984127,0.701683725873468,0.463953804569406,3.75765708367528,12.8551689705335
5.06101190476191,0.701991232262924,0.464050160691374,3.75586011754075,12.8559275933784
5.06111111111111,0.702298155723133,0.464146599950524,3.75406401062519,12.8566862169844
5.06121031746032,0.702604497251116,0.464243122023781,3.75226876251549,12.857444841048
5.06130952380952,0.702910257843025,0.464339726588383,3.75047437279875,12.8582034652661
5.06140873015873,0.70321543849415,0.464436413321878,3.74868084106223,12.8589620893356
5.06150793650794,0.703520040198907,0.464533181902119,3.74688816689344,12.859720712954
5.06160714285714,0.703824063950852,0.464630032007273,3.74509634988006,12.8604793358189
5.06170634920635,0.704127510742674,0.464726963315817,3.74330538960996,12.8612379576284
5.06180555555556,0.704430381566194,0.464823975506536,3.74151528567123,12.8619965780808
5.06190476190476,0.704732677412368,0.464921068258525,3.73972603765215,12.8627551968746
5.06200396825397,0.705034399271284,0.46501824125119,3.73793764514118,12.8635138137088
5.06210317460317,0.705335548132166,0.465115494164246,3.73615010772702,12.8642724282826
5.06220238095238,0.70563612498337,0.465212826677719,3.73436342499852,12.8650310402955
5.06230158730159,0.705936130812384,0.465310238471942,3.73257759654478,12.8657896494473
5.06240079365079,0.706235566605834,0.465407729227559,3.73079262195506,12.8665482554381
5.0625,0.706534433349475,0.465505298625527,3.72900850081883,12.8673068579683
5.06259920634921,0.7068327320282,0.465602946347108,3.72722523272576,12.8680654567387
5.06269841269841,0.707130463626033,0.465700672073877,3.72544281726572,12.8688240514503
5.06279761904762,0.707427629126133,0.465798475487718,3.72366125402877,12.8695826418045
5.06289682539683,0.707724229510793,0.465896356270824,3.72188054260517,12.8703412275027
5.06299603174603,0.708020265761434,0.465994314105699,3.72010068258541,12.871099808247
5.06309523809524,0.708315738858619,0.466092348675155,3.71832167356014,12.8718583837397
5.06319444444444,0.70861064978204,0.466190459662317,3.71654351512021,12.8726169536832
5.06329365079365,0.708904999510524,0.466288646750616,3.7147662068567,12.8733755177804
5.06339285714286,0.709198789022032,0.466386909623797,3.71298974836085,12.8741340757344
5.06349206349206,0.709492019293656,0.46648524796591,3.71121413922412,12.8748926272487
5.06359126984127,0.709784691301626,0.466583661461319,3.70943937903818,12.8756511720271
5.06369047619048,0.710076806021303,0.466682149794696,3.70766546739486,12.8764097097735
5.06378968253968,0.71036836442718,0.466780712651022,3.70589240388624,12.8771682401923
5.06388888888889,0.710659367492887,0.466879349715589,3.70412018810455,12.8779267629883
5.06398809523809,0.710949816191185,0.466978060673999,3.70234881964226,12.8786852778663
5.0640873015873,0.711239711493972,0.467076845212164,3.70057829809201,12.8794437845316
5.06418650793651,0.711529054372277,0.467175703016304,3.69880862304664,12.8802022826899
5.06428571428571,0.711817845796262,0.467274633772951,3.69703979409921,12.8809607720468
5.06438492063492,0.712106086735228,0.467373637168947,3.69527181084294,12.8817192523087
5.06448412698413,0.7123937781576,0.467472712891439,3.69350467287131,12.882477723182
5.06458333333333,0.712680921030945,0.46757186062789,3.69173837977794,12.8832361843735
5.06468253968254,0.712967516321962,0.46767108006607,3.68997293115668,12.8839946355902
5.06478174603175,0.713253564996481,0.46777037089406,3.68820832660156,12.8847530765395
5.06488095238095,0.713539068019468,0.467869732800248,3.68644456570682,12.8855115069292
5.06498015873016,0.713824026355021,0.467969165473334,3.6846816480669,12.8862699264671
5.06507936507936,0.714108440966375,0.468068668602329,3.68291957327644,12.8870283348617
5.06517857142857,0.714392312815896,0.468168241876552,3.68115834093026,12.8877867318214
5.06527777777778,0.714675642865081,0.468267884985632,3.6793979506234,12.8885451170552
5.06537698412698,0.714958432074566,0.468367597619507,3.67763840195111,12.8893034902723
5.06547619047619,0.715240681404117,0.468467379468426,3.67587969450879,12.8900618511822
5.0655753968254,0.715522391812636,0.468567230222949,3.67412182789209,12.8908201994947
5.0656746031746,0.715803564258158,0.468667149573943,3.67236480169682,12.8915785349199
5.06577380952381,0.71608419969785,0.468767137212587,3.67060861551902,12.8923368571681
5.06587301587302,0.716364299088017,0.46886719283037,3.6688532689549,12.8930951659502
5.06597222222222,0.716643863384091,0.468967316119088,3.66709876160091,12.8938534609771
5.06607142857143,0.716922893540642,0.469067506770849,3.66534509305365,12.8946117419601
5.06617063492063,0.717201390511374,0.469167764478072,3.66359226290994,12.8953700086109
5.06626984126984,0.717479355249123,0.469268088933482,3.66184027076681,12.8961282606414
5.06636904761905,0.71775678870586,0.469368479830118,3.66008911622147,12.8968864977638
5.06646825396825,0.718033691832688,0.469468936861326,3.65833879887133,12.8976447196906
5.06656746031746,0.718310065579846,0.469569459720764,3.65658931831403,12.8984029261347
5.06666666666667,0.718585910896706,0.469670048102398,3.65484067414734,12.8991611168092
5.06676587301587,0.71886122873177,0.469770701700503,3.65309286596932,12.8999192914275
5.06686507936508,0.719136020032678,0.469871420209667,3.65134589337816,12.9006774497034
5.06696428571429,0.719410285746202,0.469972203324784,3.64959975597227,12.901435591351
5.06706349206349,0.719684026818249,0.470073050741062,3.64785445335026,12.9021937160845
5.0671626984127,0.719957244193858,0.470173962154016,3.64610998511093,12.9029518236185
5.0672619047619,0.720229938817203,0.470274937259471,3.64436635085329,12.9037099136682
5.06736111111111,0.720502111631591,0.470375975753563,3.64262355017654,12.9044679859487
5.06746031746032,0.720773763579461,0.470477077332737,3.64088158268009,12.9052260401755
5.06755952380952,0.721044895602388,0.470578241693746,3.63914044796355,12.9059840760645
5.06765873015873,0.721315508641081,0.470679468533657,3.6374001456267,12.906742093332
5.06775793650794,0.72158560363538,0.470780757549844,3.63566067526955,12.9075000916943
5.06785714285714,0.721855181524262,0.470882108439991,3.6339220364923,12.9082580708681
5.06795634920635,0.722124243245835,0.470983520902092,3.63218422889534,12.9090160305707
5.06805555555556,0.722392789737342,0.471084994634451,3.63044725207926,12.9097739705193
5.06815476190476,0.722660821935161,0.471186529335683,3.62871110564485,12.9105318904317
5.06825396825397,0.722928340774798,0.47128812470471,3.62697578919312,12.9112897900257
5.06835317460317,0.723195347190899,0.471389780440766,3.62524130232526,12.9120476690198
5.06845238095238,0.723461842117242,0.471491496243394,3.62350764464265,12.9128055271324
5.06855158730159,0.723727826486736,0.471593271812447,3.62177481574687,12.9135633640824
5.06865079365079,0.723993301231427,0.471695106848089,3.62004281523972,12.9143211795891
5.06875,0.724258267282493,0.471797001050791,3.61831164272318,12.9150789733719
5.06884920634921,0.724522725570248,0.471898954121338,3.61658129779942,12.9158367451507
5.06894841269841,0.724786676554554,0.472000965952537,3.61485178005004,12.9165944948391
5.06904761904762,0.725050117239142,0.472103037846799,3.6131230889112,12.9173522237751
5.06914682539683,0.725313047422296,0.472205169963058,3.61139522395648,12.9181099321404
5.06924603174603,0.72557546772471,0.47230736212422,3.6096681847973,12.9188676197772
5.06934523809524,0.725837378766745,0.472409614153299,3.60794197104524,12.9196252865279
5.06944444444444,0.726098781168426,0.472511925873414,3.606216582312,12.9203829322348
5.06954365079365,0.72635967554944,0.472614297107792,3.60449201820947,12.9211405567406
5.06964285714286,0.726620062529143,0.472716727679767,3.60276827834964,12.9218981598877
5.06974206349206,0.726879942726549,0.472819217412776,3.6010453623447,12.9226557415189
5.06984126984127,0.727139316760339,0.472921766130366,3.59932326980697,12.9234133014771
5.06994047619048,0.727398185248861,0.473024373656188,3.59760200034893,12.9241708396051
5.07003968253968,0.727656548810124,0.473127039814002,3.59588155358318,12.924928355746
5.07013888888889,0.727914408061802,0.473229764427671,3.5941619291225,12.9256858497429
5.07023809523809,0.728171763621235,0.473332547321169,3.59244312657982,12.926443321439
5.0703373015873,0.728428616105426,0.473435388318574,3.5907251455682,12.9272007706776
5.07043650793651,0.72868496613104,0.473538287244067,3.58900798570089,12.9279581973022
5.07053571428571,0.72894081431441,0.473641243921942,3.58729164659125,12.9287156011562
5.07063492063492,0.729196161271531,0.473744258176595,3.58557612785281,12.9294729820833
5.07073412698413,0.729451007618063,0.473847329832531,3.58386142909925,12.9302303399273
5.07083333333333,0.729705353969332,0.473950458714358,3.58214754994439,12.9309876745318
5.07093253968254,0.729959200940325,0.474053644646795,3.58043449000221,12.9317449857409
5.07103174603175,0.730212549145695,0.474156887454663,3.57872224888684,12.9325022733985
5.07113095238095,0.730465399199761,0.474260186962894,3.57701082621255,12.9332595373489
5.07123015873016,0.730717751716502,0.474363542996521,3.5753002215938,12.9340167774362
5.07132936507937,0.730969607309565,0.474466955380689,3.57359043464516,12.9347739935046
5.07142857142857,0.73122096659226,0.474570423940646,3.57188146498135,12.9355311853988
5.07152777777778,0.731471830177561,0.474673948501747,3.57017331221726,12.9362883529631
5.07162698412698,0.731722198678107,0.474777528889454,3.56846597596793,12.9370454960422
5.07172619047619,0.731972072706201,0.474881164929336,3.56675945584854,12.9378026144809
5.0718253968254,0.732221452873812,0.474984856447067,3.56505375147441,12.9385597081239
5.0719246031746,0.732470339792568,0.475088603268428,3.56334886246106,12.9393167768161
5.07202380952381,0.732718734073766,0.475192405219307,3.5616447884241,12.9400738204027
5.07212301587302,0.732966636328367,0.475296262125698,3.55994152897933,12.9408308387286
5.07222222222222,0.733214047166995,0.475400173813702,3.55823908374269,12.9415878316392
5.07232142857143,0.733460967199938,0.475504140109525,3.55653745233026,12.9423447989798
5.07242063492063,0.73370739703715,0.475608160839481,3.55483663435828,12.9431017405958
5.07251984126984,0.733953337288248,0.47571223582999,3.55313662944315,12.9438586563327
5.07261904761905,0.734198788562514,0.475816364907578,3.55143743720139,12.9446155460361
5.07271825396825,0.734443751468893,0.475920547898878,3.54973905724973,12.9453724095518
5.07281746031746,0.734688226615994,0.47602478463063,3.54804148920498,12.9461292467256
5.07291666666667,0.734932214612093,0.476129074929678,3.54634473268416,12.9468860574034
5.07301587301587,0.735175716065128,0.476233418622975,3.54464878730439,12.9476428414312
5.07311507936508,0.735418731582703,0.47633781553758,3.54295365268298,12.9483995986553
5.07321428571429,0.735661261772084,0.476442265500658,3.54125932843736,12.9491563289217
5.07331349206349,0.735903307240205,0.47654676833948,3.53956581418514,12.9499130320769
5.0734126984127,0.736144868593659,0.476651323881424,3.53787310954407,12.9506697079672
5.07351190476191,0.736385946438706,0.476755931953974,3.53618121413205,12.9514263564392
5.07361111111111,0.736626541381272,0.476860592384722,3.53449012756712,12.9521829773395
5.07371031746032,0.736866654026945,0.476965305001365,3.53279984946748,12.9529395705149
5.07380952380952,0.737106284980979,0.477070069631706,3.53111037945148,12.9536961358121
5.07390873015873,0.73734543484829,0.477174886103656,3.52942171713763,12.9544526730782
5.07400793650794,0.73758410423346,0.477279754245231,3.52773386214457,12.9552091821601
5.07410714285714,0.737822293740736,0.477384673884555,3.5260468140911,12.9559656629049
5.07420634920635,0.738060003974026,0.477489644849857,3.5243605725962,12.9567221151599
5.07430555555556,0.738297235536905,0.477594666969473,3.52267513727895,12.9574785387725
5.07440476190476,0.738533989032613,0.477699740071845,3.52099050775862,12.95823493359
5.07450396825397,0.738770265064052,0.477804863985523,3.5193066836546,12.9589912994599
5.07460317460317,0.739006064233789,0.477910038539161,3.51762366458645,12.95974763623
5.07470238095238,0.739241387144057,0.478015263561523,3.51594145017389,12.960503943748
5.07480158730159,0.739476234396752,0.478120538881475,3.51426004003675,12.9612602218616
5.07490079365079,0.739710606593431,0.478225864327993,3.51257943379507,12.9620164704188
5.075,0.739944504335322,0.478331239730158,3.510899631069,12.9627726892677
5.07509920634921,0.740177928223311,0.478436664917157,3.50922063147885,12.9635288782564
5.07519841269841,0.740410878857953,0.478542139718285,3.50754243464507,12.964285037233
5.07529761904762,0.740643356839465,0.478647663962942,3.50586504018829,12.965041166046
5.07539682539683,0.740875362767728,0.478753237480635,3.50418844772925,12.9657972645438
5.07549603174603,0.741106897242288,0.478858860100978,3.50251265688888,12.9665533325749
5.07559523809524,0.741337960862357,0.478964531653691,3.50083766728823,12.9673093699879
5.07569444444444,0.741568554226807,0.479070251968599,3.49916347854854,12.9680653766316
5.07579365079365,0.741798677934177,0.479176020875635,3.49749009029115,12.9688213523548
5.07589285714286,0.742028332582671,0.47928183820484,3.49581750213759,12.9695772970065
5.07599206349206,0.742257518770156,0.479387703786358,3.49414571370953,12.9703332104357
5.07609126984127,0.742486237094163,0.479493617450442,3.49247472462877,12.9710890924914
5.07619047619048,0.742714488151889,0.47959957902745,3.49080453451729,12.9718449430231
5.07628968253968,0.742942272540195,0.479705588347848,3.4891351429972,12.9726007618799
5.07638888888889,0.743169590855603,0.479811645242207,3.48746654969079,12.9733565489114
5.0764880952381,0.743396443694303,0.479917749541204,3.48579875422046,12.974112303967
5.0765873015873,0.743622831652148,0.480023901075624,3.4841317562088,12.9748680268964
5.07668650793651,0.743848755324655,0.480130099676359,3.48246555527852,12.9756237175493
5.07678571428571,0.744074215307007,0.480236345174406,3.48080015105249,12.9763793757757
5.07688492063492,0.744299212194048,0.480342637400867,3.47913554315374,12.9771350014253
5.07698412698413,0.74452374658029,0.480448976186954,3.47747173120544,12.9778905943483
5.07708333333333,0.744747819059908,0.480555361363984,3.47580871483091,12.9786461543948
5.07718253968254,0.744971430226738,0.480661792763379,3.47414649365365,12.979401681415
5.07728174603175,0.745194580674285,0.480768270216668,3.47248506729727,12.9801571752593
5.07738095238095,0.745417270995715,0.480874793555488,3.47082443538554,12.9809126357781
5.07748015873016,0.745639501783862,0.480981362611582,3.4691645975424,12.981668062822
5.07757936507937,0.745861273631219,0.481087977216798,3.46750555339193,12.9824234562415
5.07767857142857,0.746082587129949,0.481194637203092,3.46584730255835,12.9831788158875
5.07777777777778,0.746303442871877,0.481301342402526,3.46418984466603,12.9839341416107
5.07787698412698,0.746523841448488,0.481408092647267,3.46253317933954,12.9846894332621
5.07797619047619,0.746743783450937,0.481514887769591,3.46087730620353,12.9854446906928
5.0780753968254,0.746963269470043,0.481621727601878,3.45922222488284,12.9861999137539
5.0781746031746,0.747182300096285,0.481728611976617,3.45756793500245,12.9869551022966
5.07827380952381,0.747400875919811,0.481835540726402,3.4559144361875,12.9877102561723
5.07837301587302,0.747618997530431,0.481942513683932,3.45426172806328,12.9884653752324
5.07847222222222,0.747836665517618,0.482049530682016,3.45260981025521,12.9892204593285
5.07857142857143,0.748053880470514,0.482156591553567,3.45095868238888,12.9899755083122
5.07867063492063,0.748270642977919,0.482263696131604,3.44930834409004,12.9907305220352
5.07876984126984,0.748486953628301,0.482370844249253,3.44765879498457,12.9914855003494
5.07886904761905,0.748702813009793,0.482478035739748,3.44601003469851,12.9922404431068
5.07896825396825,0.748918221710189,0.482585270436428,3.44436206285805,12.9929953501593
5.07906746031746,0.749133180316951,0.482692548172739,3.44271487908953,12.9937502213591
5.07916666666667,0.749347689417203,0.482799868782233,3.44106848301943,12.9945050565586
5.07926587301587,0.749561749597736,0.482907232098568,3.4394228742744,12.9952598556099
5.07936507936508,0.749775361444998,0.48301463795551,3.43777805248123,12.9960146183656
5.07946428571429,0.749988525545111,0.483122086186929,3.43613401726688,12.9967693446781
5.07956349206349,0.750201242483854,0.483229576626805,3.43449076825842,12.9975240344003
5.0796626984127,0.750413512846675,0.48333710910922,3.43284830508311,12.9982786873847
5.0797619047619,0.750625337218683,0.483444683468368,3.43120662736833,12.9990333034842
5.07986111111111,0.750836716184653,0.483552299538543,3.42956573474165,12.9997878825519
5.07996031746032,0.751047650329025,0.483659957154152,3.42792562683074,13.0005424244407
5.08005952380952,0.751258140235901,0.483767656149703,3.42628630326346,13.0012969290037
5.08015873015873,0.751468186489048,0.483875396359813,3.42464776366781,13.0020513960943
5.08025793650794,0.751677789671898,0.483983177619206,3.42301000767194,13.0028058255658
5.08035714285714,0.751886950367547,0.484090999762711,3.42137303490415,13.0035602172716
5.08045634920635,0.752095669158756,0.484198862625264,3.41973684499289,13.0043145710652
5.08055555555556,0.752303946627949,0.484306766041907,3.41810143756675,13.0050688868004
5.08065476190476,0.752511783357215,0.48441470984779,3.4164668122545,13.0058231643308
5.08075396825397,0.752719179928309,0.484522693878169,3.41483296868502,13.0065774035104
5.08085317460317,0.752926136922645,0.484630717968404,3.41319990648739,13.007331604193
5.08095238095238,0.753132654921306,0.484738781953964,3.4115676252908,13.0080857662328
5.08105158730159,0.753338734505039,0.484846885670423,3.4099361247246,13.0088398894838
5.08115079365079,0.753544376254254,0.484955028953464,3.40830540441831,13.0095939738003
5.08125,0.753749580749026,0.485063211638874,3.40667546400158,13.0103480190367
5.08134920634921,0.753954348569093,0.485171433562547,3.40504630310422,13.0111020250474
5.08144841269841,0.754158680293858,0.485279694560483,3.40341792135618,13.011855991687
5.08154761904762,0.754362576502391,0.48538799446879,3.40179031838756,13.0126099188101
5.08164682539683,0.75456603777342,0.48549633312368,3.40016349382865,13.0133638062715
5.08174603174603,0.754769064685343,0.485604710361474,3.39853744730984,13.014117653926
5.08184523809524,0.75497165781622,0.485713126018599,3.39691217846169,13.0148714616285
5.08194444444444,0.755173817743777,0.485821579931586,3.39528768691492,13.0156252292342
5.08204365079365,0.755375545045401,0.485930071937076,3.39366397230039,13.0163789565982
5.08214285714286,0.755576840298146,0.486038601871813,3.39204103424911,13.0171326435757
5.08224206349206,0.755777704078731,0.486147169572652,3.39041887239223,13.0178862900222
5.08234126984127,0.755978136963535,0.486255774876549,3.3887974863611,13.0186398957929
5.08244047619048,0.756178139528605,0.48636441762057,3.38717687578716,13.0193934607436
5.08253968253968,0.756377712349652,0.486473097641886,3.38555704030204,13.0201469847298
5.08263888888889,0.75657685600205,0.486581814777776,3.38393797953749,13.0209004676073
5.08273809523809,0.756775571060839,0.486690568865623,3.38231969312544,13.0216539092319
5.0828373015873,0.756973858100722,0.48679935974292,3.38070218069796,13.0224073094597
5.08293650793651,0.757171717696065,0.486908187247262,3.37908544188726,13.0231606681466
5.08303571428571,0.757369150420903,0.487017051216356,3.37746947632571,13.0239139851489
5.08313492063492,0.757566156848929,0.487125951488008,3.37585428364584,13.0246672603228
5.08323412698413,0.757762737553503,0.487234887900138,3.37423986348032,13.0254204935246
5.08333333333333,0.757958893107652,0.487343860290768,3.37262621546197,13.0261736846108
5.08343253968254,0.758154624084064,0.487452868498027,3.37101333922376,13.0269268334379
5.08353174603175,0.758349931055093,0.487561912360152,3.36940123439881,13.0276799398627
5.08363095238095,0.758544814592755,0.487670991715485,3.36778990062041,13.0284330037418
5.08373015873016,0.758739275268734,0.487780106402476,3.36617933752196,13.0291860249321
5.08382936507937,0.758933313654374,0.487889256259679,3.36456954473707,13.0299390032906
5.08392857142857,0.759126930320685,0.487998441125757,3.36296052189944,13.0306919386744
5.08402777777778,0.759320125838344,0.488107660839477,3.36135226864296,13.0314448309406
5.08412698412698,0.759512900777689,0.488216915239715,3.35974478460165,13.0321976799464
5.08422619047619,0.759705255708722,0.488326204165451,3.3581380694097,13.0329504855492
5.0843253968254,0.759897191201113,0.488435527455774,3.35653212270143,13.0337032476065
5.0844246031746,0.760088707824191,0.488544884949878,3.35492694411132,13.0344559659759
5.08452380952381,0.760279806146956,0.488654276487063,3.353322533274,13.0352086405149
5.08462301587302,0.760470486738065,0.488763701906736,3.35171888982426,13.0359612710814
5.08472222222222,0.760660750165843,0.48887316104841,3.35011601339703,13.0367138575332
5.08482142857143,0.76085059699828,0.488982653751706,3.3485139036274,13.0374663997283
5.08492063492063,0.76104002780303,0.48909217985635,3.34691256015059,13.0382188975248
5.08501984126984,0.761229043147409,0.489201739202175,3.345311982602,13.0389713507807
5.08511904761905,0.761417643598399,0.48931133162912,3.34371217061715,13.0397237593544
5.08521825396825,0.761605829722649,0.489420956977231,3.34211312383172,13.0404761231042
5.08531746031746,0.761793602086465,0.48953061508666,3.34051484188158,13.0412284418886
5.08541666666667,0.761980961255824,0.489640305797666,3.3389173244027,13.0419807155662
5.08551587301587,0.762167907796365,0.489750028950613,3.33732057103121,13.0427329439956
5.08561507936508,0.762354442273391,0.489859784385973,3.33572458140341,13.0434851270355
5.08571428571429,0.76254056525187,0.489969571944325,3.33412935515574,13.0442372645449
5.08581349206349,0.762726277296434,0.490079391466353,3.33253489192478,13.0449893563827
5.0859126984127,0.762911578971378,0.490189242792847,3.33094119134729,13.0457414024079
5.08601190476191,0.763096470840665,0.490299125764706,3.32934825306014,13.0464934024798
5.08611111111111,0.763280953467917,0.490409040222932,3.32775607670039,13.0472453564576
5.08621031746032,0.763465027416424,0.490518986008636,3.32616466190523,13.0479972642006
5.08630952380952,0.763648693249139,0.490628962963035,3.32457400831201,13.0487491255683
5.08640873015873,0.763831951528681,0.490738970927452,3.32298411555822,13.0495009404204
5.08650793650794,0.76401480281733,0.490849009743317,3.3213949832815,13.0502527086164
5.08660714285714,0.764197247677033,0.490959079252165,3.31980661111966,13.0510044300161
5.08670634920635,0.764379286669402,0.49106917929564,3.31821899871062,13.0517561044794
5.08680555555556,0.76456092035571,0.49117930971549,3.31663214569252,13.0525077318663
5.08690476190476,0.764742149296895,0.49128947035357,3.31504605170358,13.0532593120368
5.08700396825397,0.764922974053563,0.491399661051843,3.31346071638221,13.0540108448511
5.08710317460317,0.765103395185979,0.491509881652376,3.31187613936696,13.0547623301694
5.08720238095238,0.765283413254078,0.491620131997345,3.31029232029653,13.0555137678522
5.08730158730159,0.765463028817453,0.491730411929031,3.30870925880977,13.0562651577598
5.08740079365079,0.765642242435367,0.491840721289821,3.30712695454568,13.0570164997529
5.0875,0.765821054666744,0.491951059922211,3.30554540714342,13.0577677936922
5.08759920634921,0.765999466070173,0.492061427668799,3.30396461624229,13.0585190394383
5.08769841269841,0.766177477203906,0.492171824372293,3.30238458148176,13.0592702368522
5.08779761904762,0.766355088625862,0.492282249875508,3.30080530250142,13.0600213857949
5.08789682539683,0.766532300893624,0.492392704021361,3.29922677894102,13.0607724861273
5.08799603174603,0.766709114564436,0.492503186652881,3.29764901044049,13.0615235377108
5.08809523809524,0.76688553019521,0.4926136976132,3.29607199663987,13.0622745404064
5.08819444444444,0.767061548342521,0.492724236745558,3.29449573717937,13.0630254940757
5.08829365079365,0.767237169562607,0.492834803893299,3.29292023169936,13.0637763985801
5.08839285714286,0.767412394411371,0.492945398899876,3.29134547984035,13.0645272537812
5.08849206349206,0.767587223444382,0.493056021608849,3.28977148124299,13.0652780595405
5.08859126984127,0.767761657216871,0.493166671863881,3.2881982355481,13.06602881572
5.08869047619048,0.767935696283735,0.493277349508744,3.28662574239664,13.0667795221814
5.08878968253968,0.768109341199535,0.493388054387318,3.28505400142973,13.0675301787868
5.08888888888889,0.768282592518494,0.493498786343585,3.28348301228862,13.0682807853983
5.0889880952381,0.768455450794504,0.493609545221638,3.28191277461472,13.0690313418779
5.0890873015873,0.768627916581115,0.493720330865672,3.28034328804963,13.0697818480879
5.08918650793651,0.768799990431546,0.493831143119993,3.27877455223503,13.0705323038909
5.08928571428571,0.76897167289868,0.493941981829009,3.27720656681281,13.0712827091491
5.08938492063492,0.769142964535062,0.494052846837239,3.27563933142498,13.0720330637252
5.08948412698413,0.769313865892903,0.494163737989306,3.27407284571371,13.0727833674819
5.08958333333333,0.769484377524078,0.494274655129938,3.27250710932132,13.0735336202819
5.08968253968254,0.769654499980128,0.494385598103973,3.27094212189026,13.0742838219881
5.08978174603175,0.769824233812252,0.494496566756352,3.26937788306318,13.0750339724635
5.08988095238095,0.769993579571321,0.494607560932124,3.26781439248284,13.0757840715712
5.08998015873016,0.770162537807866,0.494718580476445,3.26625164979216,13.0765341191743
5.09007936507937,0.770331109072083,0.494829625234577,3.26468965463422,13.0772841151361
5.09017857142857,0.770499293913833,0.494940695051888,3.26312840665224,13.07803405932
5.09027777777778,0.770667092882641,0.495051789773853,3.26156790548959,13.0787839515895
5.09037698412698,0.770834506527696,0.495162909246054,3.2600081507898,13.0795337918081
5.09047619047619,0.771001535397853,0.495274053314178,3.25844914219654,13.0802835798395
5.0905753968254,0.771168180041626,0.495385221824018,3.25689087935365,13.0810333155476
5.0906746031746,0.7713344410072,0.495496414621476,3.25533336190509,13.0817829987961
5.09077380952381,0.771500318842421,0.495607631552559,3.25377658949501,13.082532629449
5.09087301587302,0.771665814094798,0.49571887246338,3.25222056176767,13.0832822073705
5.09097222222222,0.771830927311507,0.495830137200159,3.25066527836751,13.0840317324247
5.09107142857143,0.771995659039388,0.495941425609223,3.24911073893911,13.0847812044759
5.09117063492064,0.772160009824944,0.496052737537005,3.24755694312718,13.0855306233885
5.09126984126984,0.772323980214341,0.496164072830043,3.24600389057664,13.0862799890269
5.09136904761905,0.772487570753412,0.496275431334983,3.24445158093249,13.0870293012558
5.09146825396825,0.772650781987655,0.496386812898579,3.24290001383994,13.0877785599397
5.09156746031746,0.772813614462228,0.496498217367687,3.24134918894431,13.0885277649435
5.09166666666667,0.772976068721958,0.496609644589274,3.23979910589108,13.0892769161322
5.09176587301587,0.773138145311333,0.496721094410412,3.23824976432589,13.0900260133705
5.09186507936508,0.773299844774506,0.496832566678277,3.23670116389454,13.0907750565237
5.09196428571429,0.773461167655298,0.496944061240156,3.23515330424294,13.0915240454569
5.09206349206349,0.773622114497187,0.497055577943438,3.2336061850172,13.0922729800354
5.0921626984127,0.773782685843321,0.49716711663562,3.23205980586356,13.0930218601246
5.09226190476191,0.77394288223651,0.497278677164307,3.23051416642839,13.0937706855899
5.09236111111111,0.77410270421923,0.49739025937721,3.22896926635825,13.094519456297
5.09246031746032,0.77426215233362,0.497501863122144,3.22742510529983,13.0952681721115
5.09255952380952,0.774421227121483,0.497613488247033,3.22588168289996,13.0960168328992
5.09265873015873,0.774579929124288,0.497725134599907,3.22433899880562,13.096765438526
5.09275793650794,0.774738258883164,0.497836802028901,3.22279705266399,13.0975139888578
5.09285714285714,0.774896216938911,0.497948490382259,3.22125584412234,13.0982624837609
5.09295634920635,0.775053803831987,0.498060199508329,3.21971537282812,13.0990109231012
5.09305555555556,0.775211020102518,0.498171929255566,3.21817563842893,13.0997593067452
5.09315476190476,0.775367866290294,0.498283679472533,3.21663664057251,13.1005076345593
5.09325396825397,0.775524342934767,0.498395450007899,3.21509837890676,13.1012559064098
5.09335317460317,0.775680450575056,0.498507240710436,3.21356085307972,13.1020041221634
5.09345238095238,0.775836189749943,0.498619051429029,3.21202406273959,13.1027522816867
5.09355158730159,0.775991560997873,0.498730882012662,3.21048800753473,13.1035003848467
5.09365079365079,0.776146564856958,0.498842732310432,3.20895268711363,13.10424843151
5.09375,0.776301201864973,0.498954602171538,3.20741810112496,13.1049964215438
5.09384920634921,0.776455472559356,0.499066491445287,3.20588424921749,13.1057443548151
5.09394841269841,0.776609377477212,0.499178399981094,3.2043511310402,13.1064922311911
5.09404761904762,0.776762917155307,0.499290327628477,3.20281874624217,13.1072400505391
5.09414682539683,0.776916092130076,0.499402274237065,3.20128709447266,13.1079878127265
5.09424603174603,0.777068902937613,0.499514239656588,3.19975617538109,13.1087355176207
5.09434523809524,0.777221350113679,0.499626223736887,3.19822598861701,13.1094831650894
5.09444444444444,0.777373434193699,0.499738226327908,3.19669653383011,13.1102307550003
5.09454365079365,0.777525155712763,0.499850247279702,3.19516781067027,13.1109782872211
5.09464285714286,0.777676515205624,0.499962286442428,3.19363981878747,13.1117257616196
5.09474206349206,0.7778275132067,0.500074343666352,3.1921125578319,13.1124731780641
5.09484126984127,0.777978150250073,0.500186418801845,3.19058602745384,13.1132205364224
5.09494047619048,0.778128426869491,0.500298511699386,3.18906022730375,13.1139678365628
5.09503968253968,0.778278343598362,0.500410622209558,3.18753515703227,13.1147150783535
5.09513888888889,0.778427900969761,0.500522750183052,3.18601081629014,13.1154622616631
5.09523809523809,0.77857709951643,0.500634895470666,3.18448720472827,13.1162093863599
5.0953373015873,0.77872593977077,0.500747057923304,3.18296432199774,13.1169564523126
5.09543650793651,0.77887442226485,0.500859237391976,3.18144216774974,13.1177034593898
5.09553571428571,0.779022547530402,0.500971433727799,3.17992074163565,13.1184504074603
5.09563492063492,0.779170316098824,0.501083646781996,3.17840004330697,13.1191972963931
5.09573412698413,0.779317728501174,0.501195876405897,3.17688007241539,13.1199441260571
5.09583333333333,0.779464785268178,0.501308122450937,3.17536082861271,13.1206908963214
5.09593253968254,0.779611486930225,0.50142038476866,3.1738423115509,13.1214376070553
5.09603174603175,0.77975783401737,0.501532663210714,3.17232452088208,13.1221842581279
5.09613095238095,0.779903827059329,0.501644957628854,3.17080745625851,13.1229308494087
5.09623015873016,0.780049466585486,0.501757267874944,3.16929111733262,13.1236773807672
5.09632936507936,0.780194753124886,0.50186959380095,3.16777550375698,13.124423852073
5.09642857142857,0.780339687206241,0.50198193525895,3.16626061518429,13.1251702631958
5.09652777777778,0.780484269357924,0.502094292101121,3.16474645126745,13.1259166140053
5.09662698412698,0.780628500107976,0.502206664179754,3.16323301165947,13.1266629043715
5.09672619047619,0.780772379984101,0.502319051347241,3.16172029601353,13.1274091341644
5.0968253968254,0.780915909513665,0.502431453456084,3.16020830398294,13.128155303254
5.0969246031746,0.781059089223702,0.50254387035889,3.15869703522119,13.1289014115105
5.09702380952381,0.781201919640907,0.502656301908373,3.15718648938189,13.1296474588044
5.09712301587302,0.781344401291643,0.502768747957352,3.15567666611882,13.1303934450058
5.09722222222222,0.781486534701932,0.502881208358753,3.15416756508592,13.1311393699855
5.09732142857143,0.781628320397466,0.50299368296561,3.15265918593726,13.1318852336138
5.09742063492063,0.781769758903596,0.503106171631062,3.15115152832707,13.1326310357616
5.09751984126984,0.781910850745343,0.503218674208354,3.14964459190972,13.1333767762996
5.09761904761905,0.782051596447386,0.50333119055084,3.14813837633975,13.1341224550988
5.09771825396825,0.782191996534074,0.503443720511977,3.14663288127183,13.13486807203
5.09781746031746,0.782332051529417,0.503556263945331,3.14512810636081,13.1356136269645
5.09791666666667,0.78247176195709,0.503668820704574,3.14362405126164,13.1363591197735
5.09801587301587,0.782611128340432,0.503781390643482,3.14212071562949,13.1371045503281
5.09811507936508,0.782750151202447,0.503893973615942,3.14061809911962,13.1378499184999
5.09821428571429,0.782888831065802,0.504006569475944,3.13911620138748,13.1385952241603
5.09831349206349,0.783027168452831,0.504119178077585,3.13761502208864,13.139340467181
5.0984126984127,0.783165163885529,0.504231799275069,3.13611456087884,13.1400856474335
5.0985119047619,0.783302817885558,0.504344432922706,3.13461481741398,13.1408307647898
5.09861111111111,0.783440130974243,0.504457078874915,3.13311579135007,13.1415758191217
5.09871031746032,0.783577103672571,0.504569736986216,3.13161748234332,13.1423208103013
5.09880952380952,0.783713736501199,0.50468240711124,3.13011989005007,13.1430657382005
5.09890873015873,0.783850029980442,0.504795089104723,3.12862301412679,13.1438106026917
5.09900793650794,0.783985984630284,0.504907782821509,3.12712685423015,13.1445554036471
5.09910714285714,0.784121600970372,0.505020488116545,3.12563141001691,13.1453001409392
5.09920634920635,0.784256879520015,0.505133204844887,3.12413668114404,13.1460448144404
5.09930555555556,0.784391820798189,0.505245932861698,3.12264266726861,13.1467894240233
5.09940476190476,0.784526425323535,0.505358672022246,3.12114936804786,13.1475339695607
5.09950396825397,0.784660693614354,0.505471422181904,3.11965678313921,13.1482784509253
5.09960317460317,0.784794626188615,0.505584183196156,3.11816491220019,13.1490228679901
5.09970238095238,0.78492822356395,0.505696954920587,3.11667375488849,13.149767220628
5.09980158730159,0.785061486257656,0.505809737210894,3.11518331086197,13.1505115087122
5.09990079365079,0.785194414786694,0.505922529922875,3.11369357977862,13.1512557321158
5.1,0.785327009667689,0.506035332912439,3.11220456129659,13.1519998907122
5.10009920634921,0.785459271416931,0.5061481460356,3.11071625507416,13.1527439843748
5.10019841269841,0.785591200550372,0.506260969148476,3.10922866076981,13.1534880129771
5.10029761904762,0.785722797583631,0.506373802107293,3.10774177804212,13.1542319763926
5.10039682539683,0.78585406303199,0.506486644768387,3.10625560654986,13.1549758744951
5.10049603174603,0.785984997410395,0.506599496988195,3.1047701459519,13.1557197071584
5.10059523809524,0.786115601233459,0.506712358623263,3.10328539590732,13.1564634742564
5.10069444444444,0.786245875015455,0.506825229530243,3.10180135607532,13.1572071756632
5.10079365079365,0.786375819270323,0.506938109565896,3.10031802611523,13.1579508112527
5.10089285714286,0.786505434511668,0.507050998587085,3.09883540568658,13.1586943808992
5.10099206349206,0.786634721252755,0.507163896450782,3.09735349444902,13.1594378844771
5.10109126984127,0.78676368000652,0.507276803014065,3.09587229206235,13.1601813218607
5.10119047619048,0.786892311285556,0.507389718134118,3.09439179818653,13.1609246929246
5.10128968253968,0.787020615602127,0.507502641668233,3.09291201248167,13.1616679975433
5.10138888888889,0.787148593468156,0.507615573473807,3.09143293460802,13.1624112355916
5.10148809523809,0.787276245395233,0.507728513408345,3.089954564226,13.1631544069442
5.1015873015873,0.787403571894613,0.507841461329456,3.08847690099616,13.1638975114762
5.10168650793651,0.787530573477212,0.507954417094856,3.08699994457922,13.1646405490624
5.10178571428571,0.787657250653613,0.50806738056237,3.08552369463603,13.165383519578
5.10188492063492,0.787783603934064,0.508180351589926,3.08404815082761,13.1661264228982
5.10198412698413,0.787909633828474,0.508293330035562,3.08257331281513,13.1668692588984
5.10208333333333,0.788035340846418,0.508406315757419,3.08109918025989,13.1676120274538
5.10218253968254,0.788160725497138,0.508519308613747,3.07962575282336,13.1683547284402
5.10228174603175,0.788285788289535,0.508632308462901,3.07815303016715,13.1690973617329
5.10238095238095,0.788410529732179,0.508745315163344,3.07668101195303,13.1698399272079
5.10248015873016,0.788534950333301,0.508858328573642,3.07520969784291,13.1705824247408
5.10257936507937,0.788659050600798,0.508971348552472,3.07373908749888,13.1713248542076
5.10267857142857,0.788782831042231,0.509084374958615,3.07226918058313,13.1720672154843
5.10277777777778,0.788906292164825,0.509197407650957,3.07079997675805,13.172809508447
5.10287698412698,0.78902943447547,0.509310446488495,3.06933147568614,13.1735517329719
5.10297619047619,0.789152258480719,0.509423491330327,3.06786367703008,13.1742938889354
5.1030753968254,0.789274764686792,0.509536542035663,3.06639658045269,13.1750359762139
5.1031746031746,0.789396953599569,0.509649598463814,3.06493018561695,13.1757779946838
5.10327380952381,0.789518825724597,0.5097626604742,3.06346449218597,13.1765199442218
5.10337301587302,0.789640381567087,0.509875727926349,3.06199949982303,13.1772618247045
5.10347222222222,0.789761621631915,0.509988800679893,3.06053520819156,13.1780036360089
5.10357142857143,0.78988254642362,0.510101878594572,3.05907161695512,13.1787453780118
5.10367063492063,0.790003156446406,0.510214961530231,3.05760872577745,13.1794870505903
5.10376984126984,0.790123452204141,0.510328049346823,3.05614653432241,13.1802286536214
5.10386904761905,0.790243434200358,0.510441141904406,3.05468504225403,13.1809701869824
5.10396825396825,0.790363102938252,0.510554239063146,3.0532242492365,13.1817116505506
5.10406746031746,0.790482458920685,0.510667340683314,3.05176415493415,13.1824530442034
5.10416666666667,0.790601502650183,0.510780446625288,3.05030475901145,13.1831943678183
5.10426587301587,0.790720234628934,0.510893556749553,3.04884606113302,13.1839356212729
5.10436507936508,0.790838655358792,0.511006670916699,3.04738806096366,13.184676804445
5.10446428571429,0.790956765341276,0.511119788987425,3.0459307581683,13.1854179172124
5.10456349206349,0.791074565077569,0.511232910822535,3.044474152412,13.186158959453
5.1046626984127,0.791192055068515,0.511346036282937,3.04301824336002,13.1868999310447
5.10476190476191,0.791309235814627,0.511459165229649,3.04156303067773,13.1876408318659
5.10486111111111,0.79142610781608,0.511572297523795,3.04010851403067,13.1883816617945
5.10496031746032,0.791542671572713,0.511685433026604,3.03865469308452,13.189122420709
5.10505952380952,0.79165892758403,0.511798571599412,3.03720156750511,13.1898631084878
5.10515873015873,0.7917748763492,0.511911713103662,3.03574913695845,13.1906037250094
5.10525793650794,0.791890518367054,0.512024857400903,3.03429740111065,13.1913442701525
5.10535714285714,0.792005854136091,0.512138004352791,3.03284635962801,13.1920847437957
5.10545634920635,0.792120884154469,0.512251153821086,3.03139601217697,13.1928251458178
5.10555555555556,0.792235608920014,0.512364305667658,3.02994635842413,13.1935654760979
5.10565476190476,0.792350028930217,0.512477459754482,3.02849739803621,13.1943057345148
5.10575396825397,0.792464144682231,0.512590615943639,3.02704913068011,13.1950459209478
5.10585317460317,0.792577956672874,0.512703774097316,3.02560155602288,13.195786035276
5.10595238095238,0.792691465398628,0.512816934077808,3.0241546737317,13.1965260773788
5.10605158730159,0.792804671355642,0.512930095747516,3.02270848347391,13.1972660471356
5.10615079365079,0.792917575039724,0.513043258968947,3.02126298491702,13.1980059444259
5.10625,0.79303017694635,0.513156423604713,3.01981817772867,13.1987457691293
5.10634920634921,0.793142477570661,0.513269589517536,3.01837406157666,13.1994855211256
5.10644841269841,0.793254477407459,0.513382756570241,3.01693063612892,13.2002252002946
5.10654761904762,0.793366176951214,0.513495924625762,3.01548790105356,13.2009648065163
5.10664682539683,0.793477576696057,0.513609093547138,3.01404585601883,13.2017043396705
5.10674603174603,0.793588677135786,0.513722263197515,3.01260450069312,13.2024437996375
5.10684523809524,0.793699478763861,0.513835433440145,3.01116383474497,13.2031831862975
5.10694444444444,0.793809982073408,0.513948604138387,3.00972385784311,13.2039224995308
5.10704365079365,0.793920187557215,0.514061775155706,3.00828456965637,13.2046617392178
5.10714285714286,0.794030095707738,0.514174946355673,3.00684596985375,13.2054009052391
5.10724206349206,0.794139707017094,0.514288117601966,3.00540805810442,13.2061399974752
5.10734126984127,0.794249021977065,0.514401288758372,3.00397083407766,13.206879015807
5.10744047619048,0.794358041079099,0.514514459688779,3.00253429744294,13.2076179601152
5.10753968253968,0.794466764814307,0.514627630257187,3.00109844786985,13.2083568302808
5.10763888888889,0.794575193673464,0.514740800327697,2.99966328502816,13.2090956261848
5.1077380952381,0.794683328147008,0.514853969764522,2.99822880858778,13.2098343477082
5.1078373015873,0.794791168725045,0.514967138431977,2.99679501821875,13.2105729947324
5.10793650793651,0.794898715897342,0.515080306194486,2.99536191359129,13.2113115671387
5.10803571428571,0.795005970153333,0.515193472916579,2.99392949437576,13.2120500648085
5.10813492063492,0.795112931982113,0.515306638462891,2.99249776024265,13.2127884876233
5.10823412698413,0.795219601872443,0.515419802698166,2.99106671086264,13.2135268354648
5.10833333333333,0.795325980312751,0.515532965487253,2.98963634590653,13.2142651082147
5.10843253968254,0.795432067791124,0.515646126695107,2.98820666504529,13.2150033057547
5.10853174603175,0.795537864795316,0.515759286186789,2.98677766795002,13.215741427967
5.10863095238095,0.795643371812746,0.515872443827469,2.985349354292,13.2164794747333
5.10873015873016,0.795748589330496,0.515985599482421,2.98392172374263,13.217217445936
5.10882936507937,0.795853517835314,0.516098753017026,2.98249477597348,13.2179553414573
5.10892857142857,0.79595815781361,0.516211904296773,2.98106851065626,13.2186931611793
5.10902777777778,0.79606250975146,0.516325053187256,2.97964292746283,13.2194309049847
5.10912698412698,0.796166574134602,0.516438199554174,2.97821802606522,13.2201685727559
5.10922619047619,0.796270351448441,0.516551343263336,2.9767938061356,13.2209061643756
5.1093253968254,0.796373842178046,0.516664484180655,2.97537026734628,13.2216436797264
5.1094246031746,0.796477046808149,0.51677762217215,2.97394740936973,13.2223811186913
5.10952380952381,0.796579965823147,0.516890757103949,2.97252523187857,13.2231184811531
5.10962301587302,0.7966825997071,0.517003888842285,2.97110373454557,13.2238557669949
5.10972222222222,0.796784948943734,0.517117017253496,2.96968291704365,13.2245929760998
5.10982142857143,0.79688701401644,0.517230142204029,2.96826277904587,13.2253301083511
5.10992063492063,0.79698879540827,0.517343263560436,2.96684332022548,13.2260671636321
5.11001984126984,0.797090293601942,0.517456381189375,2.96542454025584,13.2268041418261
5.11011904761905,0.797191509079841,0.517569494957612,2.96400643881047,13.2275410428169
5.11021825396825,0.797292442324011,0.517682604732018,2.96258901556304,13.2282778664879
5.11031746031746,0.797393093816165,0.517795710379572,2.9611722701874,13.2290146127229
5.11041666666667,0.797493464037678,0.517908811767358,2.95975620235749,13.2297512814058
5.11051587301587,0.79759355346959,0.518021908762567,2.95834081174746,13.2304878724205
5.11061507936508,0.797693362592604,0.518135001232497,2.95692609803159,13.231224385651
5.11071428571429,0.797792891887089,0.518248089044551,2.9555120608843,13.2319608209814
5.11081349206349,0.797892141833077,0.51836117206624,2.95409869998018,13.2326971782961
5.1109126984127,0.797991112910264,0.51847425016518,2.95268601499395,13.2334334574793
5.1110119047619,0.798089805598014,0.518587323209095,2.95127400560049,13.2341696584155
5.11111111111111,0.79818822037535,0.518700391065815,2.94986267147483,13.2349057809891
5.11121031746032,0.798286357720962,0.518813453603275,2.94845201229216,13.2356418250849
5.11130952380952,0.798384218113205,0.51892651068952,2.94704202772781,13.2363777905876
5.11140873015873,0.798481802030096,0.519039562192696,2.94563271745726,13.2371136773821
5.11150793650794,0.798579109949319,0.519152607981061,2.94422408115615,13.2378494853531
5.11160714285714,0.798676142348219,0.519265647922975,2.94281611850027,13.2385852143859
5.11170634920635,0.798772899703809,0.519378681886907,2.94140882916555,13.2393208643655
5.11180555555556,0.798869382492763,0.519491709741433,2.94000221282807,13.2400564351772
5.11190476190476,0.798965591191421,0.519604731355233,2.93859626916408,13.2407919267063
5.11200396825397,0.799061526275789,0.519717746597097,2.93719099784995,13.2415273388382
5.11210317460317,0.799157188221533,0.519830755335916,2.93578639856224,13.2422626714585
5.11220238095238,0.799252577503985,0.519943757440693,2.93438247097763,13.2429979244529
5.11230158730159,0.799347694598144,0.520056752780533,2.93297921477296,13.243733097707
5.11240079365079,0.79944253997867,0.520169741224652,2.93157662962523,13.2444681911067
5.1125,0.799537114119889,0.520282722642369,2.93017471521157,13.245203204538
5.11259920634921,0.79963141749579,0.52039569690311,2.92877347120928,13.2459381378869
5.11269841269841,0.799725450580028,0.520508663876409,2.92737289729579,13.2466729910395
5.11279761904762,0.799819213845921,0.520621623431906,2.92597299314871,13.2474077638821
5.11289682539683,0.799912707766451,0.520734575439344,2.92457375844578,13.248142456301
5.11299603174603,0.800005932814266,0.520847519768578,2.9231751928649,13.2488770681827
5.11309523809524,0.800098889461675,0.520960456289565,2.92177729608412,13.2496115994137
5.11319444444444,0.800191578180656,0.521073384872371,2.92038006778162,13.2503460498806
5.11329365079365,0.800283999442847,0.521186305387168,2.91898350763576,13.2510804194702
5.11339285714286,0.800376153719553,0.521299217704233,2.91758761532504,13.2518147080694
5.11349206349206,0.800468041481743,0.521412121693953,2.91619239052809,13.252548915565
5.11359126984127,0.800559663200048,0.521525017226816,2.91479783292374,13.2532830418441
5.11369047619048,0.800651019344765,0.521637904173421,2.91340394219092,13.254017086794
5.11378968253968,0.800742110385856,0.521750782404471,2.91201071800875,13.2547510503017
5.11388888888889,0.800832936792947,0.521863651790778,2.91061816005647,13.2554849322546
5.11398809523809,0.800923499035326,0.521976512203257,2.90922626801348,13.2562187325403
5.1140873015873,0.801013797581949,0.522089363512933,2.90783504155934,13.2569524510462
5.11418650793651,0.801103832901433,0.522202205590934,2.90644448037375,13.25768608766
5.11428571428571,0.801193605462062,0.522315038308499,2.90505458413656,13.2584196422695
5.11438492063492,0.801283115731781,0.522427861536967,2.9036653525278,13.2591531147624
5.11448412698413,0.801372364178203,0.522540675147789,2.90227678522761,13.2598865050267
5.11458333333333,0.801461351268602,0.52265347901252,2.9008888819163,13.2606198129506
5.11468253968254,0.801550077469919,0.522766273002823,2.89950164227433,13.261353038422
5.11478174603175,0.801638543248757,0.522879056990465,2.8981150659823,13.2620861813293
5.11488095238095,0.801726749071386,0.522991830847322,2.89672915272098,13.2628192415609
5.11498015873016,0.801814695403738,0.523104594445376,2.89534390217127,13.2635522190051
5.11507936507937,0.801902382711408,0.523217347656712,2.89395931401425,13.2642851135505
5.11517857142857,0.80198981145966,0.523330090353527,2.89257538793112,13.2650179250858
5.11527777777778,0.802076982113418,0.52344282240812,2.89119212360325,13.2657506534997
5.11537698412698,0.802163895137272,0.523555543692899,2.88980952071214,13.266483298681
5.11547619047619,0.802250550995476,0.523668254080378,2.88842757893947,13.2672158605188
5.1155753968254,0.802336950151949,0.523780953443176,2.88704629796704,13.267948338902
5.1156746031746,0.802423093070274,0.52389364165402,2.88566567747683,13.2686807337198
5.11577380952381,0.802508980213697,0.524006318585744,2.88428571715094,13.2694130448615
5.11587301587302,0.802594612045129,0.524118984111285,2.88290641667166,13.2701452722164
5.11597222222222,0.802679989027147,0.524231638103691,2.88152777572139,13.270877415674
5.11607142857143,0.802765111621989,0.524344280436113,2.88014979398271,13.2716094751238
5.11617063492063,0.802849980291561,0.52445691098181,2.87877247113834,13.2723414504554
5.11626984126984,0.802934595497429,0.524569529614148,2.87739580687114,13.2730733415587
5.11636904761905,0.803018957700828,0.524682136206598,2.87601980086413,13.2738051483234
5.11646825396825,0.803103067362655,0.524794730632739,2.87464445280048,13.2745368706395
5.11656746031746,0.80318692494347,0.524907312766255,2.87326976236354,13.2752685083972
5.11666666666667,0.803270530903498,0.525019882480936,2.87189572923676,13.2760000614864
5.11676587301587,0.803353885702631,0.525132439650681,2.87052235310376,13.2767315297975
5.11686507936508,0.803436989800421,0.525244984149492,2.86914963364834,13.2774629132209
5.11696428571429,0.803519843656088,0.525357515851482,2.8677775705544,13.2781942116469
5.11706349206349,0.803602447728513,0.525470034630866,2.86640616350602,13.2789254249662
5.1171626984127,0.803684802476245,0.525582540361968,2.86503541218744,13.2796565530694
5.11726190476191,0.803766908357495,0.525695032919218,2.86366531628302,13.2803875958472
5.11736111111111,0.803848765830137,0.525807512177151,2.86229587547731,13.2811185531905
5.11746031746032,0.803930375351712,0.525919978010411,2.86092708945497,13.2818494249903
5.11755952380952,0.804011737379424,0.526032430293746,2.85955895790085,13.2825802111376
5.11765873015873,0.804092852370142,0.526144868902012,2.85819148049991,13.2833109115236
5.11775793650794,0.804173720780398,0.526257293710171,2.8568246569373,13.2840415260395
5.11785714285714,0.804254343066388,0.526369704593292,2.85545848689829,13.2847720545767
5.11795634920635,0.804334719683976,0.526482101426549,2.8540929700683,13.2855024970266
5.11805555555556,0.804414851088686,0.526594484085224,2.85272810613295,13.2862328532808
5.11815476190476,0.804494737735707,0.526706852444704,2.85136389477795,13.286963123231
5.11825396825397,0.804574380079895,0.526819206380484,2.8500003356892,13.2876933067688
5.11835317460317,0.804653778575767,0.526931545768165,2.84863742855272,13.2884234037863
5.11845238095238,0.804732933677507,0.527043870483453,2.8472751730547,13.2891534141752
5.11855158730159,0.804811845838961,0.527156180402162,2.84591356888148,13.2898833378278
5.11865079365079,0.80489051551364,0.527268475400213,2.84455261571956,13.2906131746361
5.11875,0.804968943154722,0.527380755353632,2.84319231325555,13.2913429244924
5.11884920634921,0.805047129215044,0.527493020138551,2.84183266117627,13.2920725872891
5.11894841269841,0.805125074147112,0.527605269631211,2.84047365916865,13.2928021629185
5.11904761904762,0.805202778403094,0.527717503707957,2.83911530691978,13.2935316512734
5.11914682539683,0.805280242434822,0.527829722245241,2.8377576041169,13.2942610522463
5.11924603174603,0.805357466693794,0.527941925119622,2.83640055044741,13.29499036573
5.11934523809524,0.805434451631171,0.528054112207766,2.83504414559885,13.2957195916174
5.11944444444444,0.80551119769778,0.528166283386445,2.8336883892589,13.2964487298014
5.11954365079365,0.805587705344108,0.528278438532535,2.83233328111543,13.297177780175
5.11964285714286,0.805663975020312,0.528390577523022,2.83097882085643,13.2979067426315
5.11974206349206,0.805740007176209,0.528502700234997,2.82962500817003,13.2986356170642
5.11984126984127,0.805815802261281,0.528614806545657,2.82827184274454,13.2993644033663
5.11994047619048,0.805891360724678,0.528726896332306,2.82691932426841,13.3000931014313
5.12003968253968,0.805966683015208,0.528838969472356,2.82556745243024,13.3008217111528
5.12013888888889,0.80604176958135,0.528951025843321,2.82421622691877,13.3015502324245
5.1202380952381,0.806116620871241,0.529063065322828,2.82286564742289,13.3022786651401
5.1203373015873,0.806191237332687,0.529175087788603,2.82151571363168,13.3030070091934
5.12043650793651,0.806265619413155,0.529287093118484,2.82016642523433,13.3037352644785
5.12053571428571,0.80633976755978,0.529399081190413,2.81881778192019,13.3044634308895
5.12063492063492,0.806413682219357,0.52951105188244,2.81746978337876,13.3051915083204
5.12073412698413,0.806487363838348,0.529623005072721,2.8161224292997,13.3059194966655
5.12083333333333,0.806560812862879,0.529734940639516,2.81477571937282,13.3066473958193
5.12093253968254,0.806634029738741,0.529846858461195,2.81342965328805,13.3073752056761
5.12103174603175,0.806707014911386,0.529958758416233,2.81208423073552,13.3081029261305
5.12113095238095,0.806779768825934,0.53007064038321,2.81073945140549,13.3088305570773
5.12123015873016,0.806852291927167,0.530182504240815,2.80939531498836,13.3095580984111
5.12132936507937,0.806924584659533,0.530294349867842,2.80805182117468,13.3102855500269
5.12142857142857,0.806996647467143,0.530406177143191,2.80670896965517,13.3110129118195
5.12152777777778,0.807068480793772,0.53051798594587,2.80536676012069,13.3117401836842
5.12162698412698,0.807140085082861,0.530629776154993,2.80402519226225,13.3124673655159
5.12172619047619,0.807211460777515,0.53074154764978,2.802684265771,13.3131944572101
5.1218253968254,0.8072826083205,0.530853300309557,2.80134398033826,13.313921458662
5.1219246031746,0.807353528154251,0.530965034013756,2.80000433565551,13.3146483697672
5.12202380952381,0.807424220720864,0.531076748641918,2.79866533141434,13.3153751904211
5.12212301587302,0.807494686462101,0.531188444073688,2.79732696730653,13.3161019205196
5.12222222222222,0.807564925819388,0.531300120188819,2.79598924302398,13.3168285599583
5.12232142857143,0.807634939233814,0.53141177686717,2.79465215825877,13.3175551086331
5.12242063492064,0.807704727146134,0.531523413988706,2.7933157127031,13.31828156644
5.12251984126984,0.807774289996766,0.531635031433497,2.79197990604936,13.319007933275
5.12261904761905,0.807843628225794,0.531746629081723,2.79064473799005,13.3197342090343
5.12271825396825,0.807912742272964,0.531858206813669,2.78931020821785,13.3204603936143
5.12281746031746,0.807981632577688,0.531969764509724,2.78797631642558,13.3211864869112
5.12291666666667,0.808050299579042,0.532081302050388,2.7866430623062,13.3219124888215
5.12301587301587,0.808118743715765,0.532192819316263,2.78531044555284,13.3226383992419
5.12311507936508,0.808186965426262,0.53230431618806,2.78397846585877,13.3233642180689
5.12321428571429,0.808254965148602,0.532415792546597,2.78264712291741,13.3240899451994
5.12331349206349,0.808322743320516,0.532527248272795,2.78131641642233,13.3248155805302
5.1234126984127,0.808390300379404,0.532638683247685,2.77998634606727,13.3255411239583
5.12351190476191,0.808457636762325,0.532750097352404,2.77865691154609,13.3262665753807
5.12361111111111,0.808524752906006,0.532861490468193,2.77732811255283,13.3269919346947
5.12371031746032,0.808591649246837,0.532972862476403,2.77599994878165,13.3277172017975
5.12380952380952,0.808658326220872,0.533084213258488,2.77467241992689,13.3284423765865
5.12390873015873,0.808724784263831,0.533195542696011,2.773345525683,13.3291674589592
5.12400793650794,0.808791023811094,0.53330685067064,2.77201926574465,13.329892448813
5.12410714285714,0.80885704529771,0.533418137064149,2.7706936398066,13.3306173460458
5.12420634920635,0.80892284915839,0.533529401758422,2.76936864756378,13.3313421505553
5.12430555555556,0.808988435827511,0.533640644635444,2.76804428871128,13.3320668622393
5.12440476190476,0.809053805739111,0.53375186557731,2.76672056294431,13.3327914809959
5.12450396825397,0.809118959326896,0.533863064466222,2.76539746995828,13.333516006723
5.12460317460317,0.809183897024234,0.533974241184487,2.7640750094487,13.334240439319
5.12470238095238,0.809248619264159,0.534085395614518,2.76275318111125,13.334964778682
5.12480158730159,0.809313126479366,0.534196527638834,2.7614319846418,13.3356890247104
5.12490079365079,0.809377419102218,0.534307637140063,2.7601114197363,13.3364131773028
5.125,0.80944149756474,0.534418724000938,2.75879148609091,13.3371372363576
5.12509920634921,0.809505362298623,0.534529788104298,2.7574721834019,13.3378612017736
5.12519841269841,0.80956901373522,0.534640829333089,2.75615351136572,13.3385850734496
5.12529761904762,0.809632452305551,0.534751847570363,2.75483546967895,13.3393088512844
5.12539682539683,0.8096956784403,0.534862842699281,2.75351805803832,13.3400325351769
5.12549603174603,0.809758692569811,0.534973814603104,2.75220127614074,13.3407561250264
5.12559523809524,0.809821495124097,0.535084763165207,2.75088512368325,13.3414796207319
5.12569444444444,0.809884086532835,0.535195688269067,2.74956960036303,13.3422030221927
5.12579365079365,0.809946467225363,0.53530658979827,2.74825470587742,13.3429263293083
5.12589285714286,0.810008637630687,0.535417467636505,2.74694043992393,13.343649541978
5.12599206349206,0.810070598177476,0.53552832166757,2.74562680220018,13.3443726601016
5.12609126984127,0.810132349294061,0.53563915177537,2.74431379240399,13.3450956835786
5.12619047619048,0.810193891408441,0.535749957843916,2.74300141023327,13.3458186123088
5.12628968253968,0.810255224948276,0.535860739757322,2.74168965538616,13.3465414461921
5.12638888888889,0.810316350299331,0.535971497419663,2.74037852754352,13.3472641851492
5.12648809523809,0.810377267169811,0.536082231053887,2.73906802612876,13.3479868294319
5.1265873015873,0.810437975578569,0.536192940723934,2.73775815075222,13.3487093791244
5.12668650793651,0.810498475759664,0.53630362638957,2.73644890112159,13.3494318342023
5.12678571428571,0.810558767947094,0.536414288010566,2.7351402769447,13.3501541946412
5.12688492063492,0.810618852374793,0.536524925546696,2.73383227792944,13.3508764604166
5.12698412698413,0.810678729276634,0.536635538957742,2.73252490378386,13.351598631504
5.12708333333333,0.810738398886425,0.536746128203488,2.73121815421609,13.3523207078791
5.12718253968254,0.810797861437915,0.536856693243725,2.72991202893438,13.3530426895173
5.12728174603175,0.810857117164787,0.536967234038249,2.72860652764707,13.3537645763942
5.12738095238095,0.810916166300663,0.537077750546861,2.72730165006262,13.3544863684855
5.12748015873016,0.810975009079103,0.537188242729367,2.7259973958896,13.3552080657665
5.12757936507936,0.811033645733604,0.537298710545577,2.72469376483669,13.3559296682129
5.12767857142857,0.811092076497599,0.537409153955307,2.72339075661267,13.3566511758002
5.12777777777778,0.81115030160446,0.537519572918377,2.72208837092645,13.3573725885041
5.12787698412698,0.811208321287497,0.537629967394615,2.72078660748702,13.3580939062999
5.12797619047619,0.811266135779955,0.53774033734385,2.71948546600349,13.3588151291633
5.1280753968254,0.81132374531502,0.537850682725918,2.71818494618508,13.3595362570699
5.1281746031746,0.811381150125811,0.537961003500662,2.71688504774112,13.3602572899952
5.12827380952381,0.811438350445388,0.538071299627926,2.71558577038105,13.3609782279147
5.12837301587302,0.811495346506748,0.538181571067563,2.7142871138144,13.3616990708041
5.12847222222222,0.811552138542823,0.538291817779428,2.71298907775084,13.3624198186388
5.12857142857143,0.811608726786486,0.538402039723382,2.71169166190012,13.3631404713944
5.12867063492063,0.811665111470544,0.538512236859292,2.71039486597212,13.3638610290464
5.12876984126984,0.811721292827743,0.538622409147028,2.7090986896768,13.3645814915705
5.12886904761905,0.811777271090768,0.538732556546468,2.70780313272427,13.3653018589421
5.12896825396825,0.811833046492238,0.538842679017493,2.70650819482471,13.3660221311369
5.12906746031746,0.811888619264712,0.538952776519989,2.70521387568843,13.3667423081304
5.12916666666667,0.811943989640687,0.539062849013848,2.70392017502582,13.3674623898981
5.12926587301587,0.811999157852595,0.539172896458966,2.70262709254744,13.3681823764156
5.12936507936508,0.812054124132806,0.539282918815245,2.70133462796389,13.3689022676584
5.12946428571429,0.812108888713629,0.539392916042591,2.70004278098592,13.3696220636022
5.12956349206349,0.812163451827309,0.539502888100917,2.69875155132437,13.3703417642224
5.1296626984127,0.812217813706029,0.539612834950138,2.69746093869019,13.3710613694946
5.1297619047619,0.81227197458191,0.539722756550177,2.69617094279445,13.3717808793944
5.12986111111111,0.81232593468701,0.539832652860961,2.69488156334831,13.3725002938973
5.12996031746032,0.812379694253323,0.539942523842421,2.69359280006307,13.3732196129788
5.13005952380952,0.812433253512782,0.540052369454494,2.6923046526501,13.3739388366146
5.13015873015873,0.812486612697258,0.540162189657122,2.6910171208209,13.3746579647802
5.13025793650794,0.812539772038557,0.540271984410253,2.68973020428708,13.3753769974512
5.13035714285714,0.812592731768425,0.540381753673838,2.68844390276034,13.376095934603
5.13045634920635,0.812645492118545,0.540491497407834,2.68715821595252,13.3768147762113
5.13055555555556,0.812698053320536,0.540601215572203,2.68587314357553,13.3775335222517
5.13065476190476,0.812750415605955,0.540710908126914,2.68458868534142,13.3782521726996
5.13075396825397,0.812802579206298,0.540820575031937,2.68330484096234,13.3789707275306
5.13085317460317,0.812854544352996,0.54093021624725,2.68202161015054,13.3796891867203
5.13095238095238,0.812906311277419,0.541039831732836,2.68073899261838,13.3804075502442
5.13105158730159,0.812957880210874,0.541149421448681,2.67945698807834,13.381125818078
5.13115079365079,0.813009251384605,0.541258985354779,2.67817559624299,13.381843990197
5.13125,0.813060425029795,0.541368523411126,2.67689481682503,13.382562066577
5.13134920634921,0.813111401377563,0.541478035577727,2.67561464953724,13.3832800471935
5.13144841269841,0.813162180658965,0.541587521814586,2.67433509409255,13.383997932022
5.13154761904762,0.813212763104996,0.541696982081717,2.67305615020396,13.3847157210381
5.13164682539683,0.813263148946587,0.541806416339139,2.67177781758459,13.3854334142173
5.13174603174603,0.813313338414608,0.541915824546873,2.67050009594768,13.3861510115352
5.13184523809524,0.813363331739865,0.542025206664947,2.66922298500657,13.3868685129674
5.13194444444444,0.813413129153102,0.542134562653395,2.66794648447469,13.3875859184893
5.13204365079365,0.813462730885,0.542243892472253,2.66667059406562,13.3883032280767
5.13214285714286,0.81351213716618,0.542353196081567,2.665395313493,13.389020441705
5.13224206349206,0.813561348227195,0.54246247344138,2.66412064247062,13.3897375593497
5.13234126984127,0.813610364298541,0.542571724511749,2.66284658071236,13.3904545809865
5.13244047619048,0.813659185610648,0.54268094925273,2.66157312793221,13.391171506591
5.13253968253968,0.813707812393885,0.542790147624387,2.66030028384426,13.3918883361385
5.13263888888889,0.813756244878558,0.542899319586788,2.65902804816273,13.3926050696048
5.13273809523809,0.813804483294911,0.543008465100005,2.65775642060193,13.3933217069654
5.1328373015873,0.813852527873125,0.543117584124119,2.65648540087626,13.3940382481958
5.13293650793651,0.813900378843317,0.54322667661921,2.65521498870029,13.3947546932716
5.13303571428571,0.813948036435544,0.543335742545367,2.65394518378865,13.3954710421684
5.13313492063492,0.813995500879798,0.543444781862685,2.65267598585607,13.3961872948616
5.13323412698413,0.814042772406011,0.54355379453126,2.65140739461743,13.396903451327
5.13333333333333,0.81408985124405,0.543662780511198,2.65013940978768,13.39761951154
5.13343253968254,0.814136737623722,0.543771739762605,2.64887203108191,13.3983354754761
5.13353174603175,0.814183431774768,0.543880672245596,2.64760525821528,13.399051343111
5.13363095238095,0.814229933926871,0.54398957792029,2.64633909090309,13.3997671144203
5.13373015873016,0.814276244309646,0.544098456746809,2.64507352886075,13.4004827893794
5.13382936507937,0.814322363152649,0.544207308685282,2.64380857180377,13.4011983679639
5.13392857142857,0.814368290685374,0.544316133695843,2.64254421944774,13.4019138501494
5.13402777777778,0.814414027137251,0.544424931738631,2.64128047150842,13.4026292359115
5.13412698412698,0.814459572737646,0.54453370277379,2.64001732770161,13.4033445252257
5.13422619047619,0.814504927715865,0.544642446761468,2.63875478774328,13.4040597180676
5.1343253968254,0.814550092301151,0.544751163661819,2.63749285134945,13.4047748144127
5.1344246031746,0.814595066722683,0.544859853435003,2.6362315182363,13.4054898142365
5.13452380952381,0.814639851209578,0.544968516041182,2.6349707881201,13.4062047175148
5.13462301587302,0.814684445990892,0.545077151440526,2.63371066071721,13.4069195242229
5.13472222222222,0.814728851295617,0.545185759593209,2.63245113574413,13.4076342343365
5.13482142857143,0.814773067352681,0.545294340459411,2.63119221291743,13.4083488478312
5.13492063492063,0.814817094390954,0.545402893999314,2.62993389195383,13.4090633646824
5.13501984126984,0.814860932639237,0.54551142017311,2.62867617257014,13.4097777848659
5.13511904761905,0.814904582326275,0.545619918940991,2.62741905448325,13.410492108357
5.13521825396825,0.814948043680746,0.545728390263157,2.62616253741022,13.4112063351314
5.13531746031746,0.814991316931267,0.545836834099812,2.62490662106817,13.4119204651647
5.13541666666667,0.815034402306392,0.545945250411166,2.62365130517434,13.4126344984323
5.13551587301587,0.815077300034613,0.546053639157433,2.62239658944608,13.4133484349099
5.13561507936508,0.815120010344359,0.546162000298832,2.62114247360085,13.4140622745731
5.13571428571429,0.815162533463997,0.546270333795589,2.61988895735623,13.4147760173973
5.13581349206349,0.815204869621831,0.546378639607932,2.61863604042988,13.4154896633582
5.1359126984127,0.815247019046101,0.546486917696096,2.61738372253959,13.4162032124313
5.13601190476191,0.815288981964987,0.546595168020321,2.61613200340326,13.4169166645922
5.13611111111111,0.815330758606606,0.546703390540851,2.61488088273889,13.4176300198164
5.13621031746032,0.815372349199011,0.546811585217936,2.61363036026459,13.4183432780795
5.13630952380952,0.815413753970193,0.546919752011831,2.61238043569857,13.4190564393571
5.13640873015873,0.815454973148081,0.547027890882796,2.61113110875916,13.4197695036247
5.13650793650794,0.81549600696054,0.547136001791095,2.6098823791648,13.4204824708579
5.13660714285714,0.815536855635376,0.547244084697,2.60863424663402,13.4211953410322
5.13670634920635,0.815577519400327,0.547352139560783,2.6073867108855,13.4219081141233
5.13680555555556,0.815617998483074,0.547460166342726,2.60613977163798,13.4226207901066
5.13690476190476,0.81565829311123,0.547568165003113,2.60489342861033,13.4233333689578
5.13700396825397,0.815698403512351,0.547676135502234,2.60364768152153,13.4240458506524
5.13710317460317,0.815738329913926,0.547784077800386,2.60240253009067,13.4247582351659
5.13720238095238,0.815778072543384,0.547891991857867,2.60115797403694,13.425470522474
5.13730158730159,0.81581763162809,0.547999877634983,2.59991401307964,13.4261827125522
5.13740079365079,0.815857007395346,0.548107735092045,2.59867064693818,13.426894805376
5.1375,0.815896200072395,0.548215564189367,2.5974278753321,13.4276068009211
5.13759920634921,0.815935209886413,0.54832336488727,2.596185697981,13.4283186991629
5.13769841269841,0.815974037064515,0.54843113714608,2.59494411460463,13.4290305000771
5.13779761904762,0.816012681833755,0.548538880926126,2.59370312492284,13.4297422036393
5.13789682539683,0.816051144421123,0.548646596187745,2.59246272865557,13.4304538098248
5.13799603174603,0.816089425053546,0.548754282891276,2.59122292552289,13.4311653186095
5.13809523809524,0.81612752395789,0.548861940997067,2.58998371524497,13.4318767299687
5.13819444444444,0.816165441360956,0.548969570465466,2.58874509754208,13.4325880438781
5.13829365079365,0.816203177489485,0.54907717125683,2.58750707213462,13.4332992603133
5.13839285714286,0.816240732570154,0.549184743331519,2.58626963874309,13.4340103792498
5.13849206349206,0.816278106829578,0.549292286649899,2.58503279708807,13.4347214006631
5.13859126984127,0.816315300494309,0.549399801172342,2.58379654689029,13.4354323245289
5.13869047619048,0.816352313790836,0.549507286859222,2.58256088787056,13.4361431508226
5.13878968253968,0.816389146945588,0.549614743670922,2.58132581974982,13.4368538795199
5.13888888888889,0.816425800184929,0.549722171567826,2.5800913422491,13.4375645105964
5.1389880952381,0.816462273735159,0.549829570510326,2.57885745508955,13.4382750440276
5.1390873015873,0.81649856782252,0.549936940458817,2.57762415799243,13.438985479789
5.13918650793651,0.816534682673187,0.550044281373701,2.57639145067909,13.4396958178562
5.13928571428571,0.816570618513275,0.550151593215385,2.57515933287101,13.4404060582048
5.13938492063492,0.816606375568836,0.550258875944278,2.57392780428976,13.4411162008104
5.13948412698413,0.816641954065859,0.550366129520798,2.57269686465705,13.4418262456485
5.13958333333333,0.81667735423027,0.550473353905366,2.57146651369464,13.4425361926948
5.13968253968254,0.816712576287934,0.550580549058408,2.57023675112447,13.4432460419246
5.13978174603175,0.816747620464652,0.550687714940354,2.56900757666853,13.4439557933137
5.13988095238095,0.816782486986163,0.550794851511643,2.56777899004896,13.4446654468376
5.13998015873016,0.816817176078143,0.550901958732714,2.56655099098798,13.4453750024718
5.14007936507937,0.816851687966206,0.551009036564016,2.56532357920793,13.446084460192
5.14017857142857,0.816886022875903,0.551116084965998,2.56409675443126,13.4467938199736
5.14027777777778,0.816920181032724,0.551223103899119,2.56287051638051,13.4475030817923
5.14037698412698,0.816954162662093,0.551330093323838,2.56164486477837,13.4482122456237
5.14047619047619,0.816987967989375,0.551437053200624,2.5604197993476,13.4489213114432
5.1405753968254,0.817021597239871,0.551543983489947,2.55919531981107,13.4496302792265
5.1406746031746,0.817055050638818,0.551650884152285,2.55797142589179,13.4503391489491
5.14077380952381,0.817088328411393,0.551757755148119,2.55674811731284,13.4510479205866
5.14087301587302,0.81712143078271,0.551864596437937,2.55552539379743,13.4517565941146
5.14097222222222,0.817154357977818,0.551971407982229,2.55430325506888,13.4524651695086
5.14107142857143,0.817187110221706,0.552078189741495,2.55308170085061,13.4531736467442
5.14117063492063,0.8172196877393,0.552184941676233,2.55186073086615,13.453882025797
5.14126984126984,0.817252090755462,0.552291663746953,2.55064034483914,13.4545903066425
5.14136904761905,0.817284319494993,0.552398355914166,2.54942054249333,13.4552984892563
5.14146825396825,0.817316374182631,0.552505018138389,2.54820132355258,13.4560065736139
5.14156746031746,0.817348255043051,0.552611650380144,2.54698268774084,13.4567145596911
5.14166666666667,0.817379962300867,0.552718252599959,2.5457646347822,13.4574224474632
5.14176587301587,0.817411496180628,0.552824824758367,2.54454716440083,13.4581302369059
5.14186507936508,0.817442856906821,0.552931366815904,2.54333027632103,13.4588379279947
5.14196428571429,0.817474044703873,0.553037878733112,2.5421139702672,13.4595455207053
5.14206349206349,0.817505059796145,0.553144360470538,2.54089824596384,13.4602530150131
5.1421626984127,0.817535902407937,0.553250811988737,2.53968310313556,13.4609604108938
5.1422619047619,0.817566572763487,0.553357233248264,2.5384685415071,13.4616677083229
5.14236111111111,0.81759707108697,0.553463624209683,2.53725456080328,13.462374907276
5.14246031746032,0.817627397602498,0.55356998483356,2.53604116074905,13.4630820077287
5.14255952380952,0.817657552534121,0.553676315080471,2.53482834106944,13.4637890096565
5.14265873015873,0.817687536105826,0.553782614910989,2.53361610148963,13.464495913035
5.14275793650794,0.817717348541537,0.5538888842857,2.53240444173487,13.4652027178398
5.14285714285714,0.817746990065116,0.553995123165191,2.53119336153055,13.4659094240464
5.14295634920635,0.817776460900363,0.554101331510054,2.52998286060215,13.4666160316304
5.14305555555556,0.817805761271015,0.554207509280887,2.52877293867525,13.4673225405674
5.14315476190476,0.817834891400745,0.554313656438294,2.52756359547556,13.468028950833
5.14325396825397,0.817863851513167,0.554419772942883,2.52635483072887,13.4687352624026
5.14335317460317,0.817892641831829,0.554525858755266,2.52514664416112,13.469441475252
5.14345238095238,0.817921262580217,0.554631913836061,2.52393903549833,13.4701475893566
5.14355158730159,0.817949713981756,0.554737938145891,2.52273200446663,13.4708536046921
5.14365079365079,0.817977996259808,0.554843931645385,2.52152555079225,13.4715595212339
5.14375,0.81800610963767,0.554949894295175,2.52031967420156,13.4722653389578
5.14384920634921,0.81803405433858,0.555055826055901,2.51911437442101,13.4729710578391
5.14394841269841,0.818061830585712,0.555161726888204,2.51790965117717,13.4736766778536
5.14404761904762,0.818089438602176,0.555267596752735,2.51670550419671,13.4743821989768
5.14414682539683,0.818116878611021,0.555373435610145,2.51550193320642,13.4750876211842
5.14424603174603,0.818144150835234,0.555479243421093,2.51429893793318,13.4757929444515
5.14434523809524,0.818171255497738,0.555585020146243,2.51309651810401,13.4764981687542
5.14444444444444,0.818198192821394,0.555690765746263,2.51189467344601,13.4772032940678
5.14454365079365,0.818224963029,0.555796480181826,2.5106934036864,13.477908320368
5.14464285714286,0.818251566343293,0.555902163413612,2.5094927085525,13.4786132476303
5.14474206349206,0.818278002986946,0.556007815402305,2.50829258777174,13.4793180758303
5.14484126984127,0.818304273182569,0.556113436108591,2.50709304107168,13.4800228049436
5.14494047619048,0.81833037715271,0.556219025493166,2.50589406817996,13.4807274349456
5.14503968253968,0.818356315119856,0.556324583516727,2.50469566882435,13.4814319658121
5.14513888888889,0.818382087306429,0.55643011013998,2.50349784273271,13.4821363975186
5.14523809523809,0.818407693934789,0.556535605323632,2.50230058963301,13.4828407300406
5.1453373015873,0.818433135227236,0.556641069028398,2.50110390925335,13.4835449633538
5.14543650793651,0.818458411406003,0.556746501214996,2.49990780132191,13.4842490974336
5.14553571428571,0.818483522693265,0.556851901844151,2.498712265567,13.4849531322557
5.14563492063492,0.818508469311131,0.556957270876592,2.49751730171703,13.4856570677957
5.14573412698413,0.818533251481648,0.557062608273052,2.49632290950052,13.486360904029
5.14583333333333,0.818557869426802,0.55716791399427,2.49512908864609,13.4870646409314
5.14593253968254,0.818582323368516,0.557273188000992,2.49393583888248,13.4877682784783
5.14603174603175,0.818606613528649,0.557378430253966,2.49274315993854,13.4884718166453
5.14613095238095,0.818630740129,0.557483640713946,2.49155105154322,13.4891752554081
5.14623015873016,0.818654703391302,0.557588819341692,2.49035951342556,13.4898785947421
5.14632936507937,0.818678503537228,0.557693966097968,2.48916854531477,13.490581834623
5.14642857142857,0.818702140788388,0.557799080943543,2.48797814694009,13.4912849750263
5.14652777777778,0.818725615366328,0.557904163839192,2.48678831803093,13.4919880159277
5.14662698412698,0.818748927492535,0.558009214745695,2.48559905831677,13.4926909573026
5.14672619047619,0.818772077388429,0.558114233623835,2.48441036752723,13.4933937991266
5.1468253968254,0.81879506527537,0.558219220434403,2.483222245392,13.4940965413754
5.1469246031746,0.818817891374656,0.558324175138193,2.48203469164092,13.4947991840245
5.14702380952381,0.818840555907519,0.558429097696005,2.48084770600389,13.4955017270495
5.14712301587302,0.818863059095133,0.558533988068644,2.47966128821098,13.4962041704259
5.14722222222222,0.818885401158607,0.558638846216918,2.47847543799232,13.4969065141293
5.14732142857143,0.818907582318986,0.558743672101643,2.47729015507817,13.4976087581353
5.14742063492063,0.818929602797256,0.55884846568364,2.47610543919888,13.4983109024195
5.14751984126984,0.818951462814337,0.558953226923732,2.47492129008493,13.4990129469575
5.14761904761905,0.818973162591089,0.55905795578275,2.4737377074669,13.4997148917248
5.14771825396825,0.818994702348309,0.559162652221529,2.47255469107546,13.500416736697
5.14781746031746,0.819016082306729,0.559267316200908,2.47137224064143,13.5011184818496
5.14791666666667,0.819037302687022,0.559371947681733,2.4701903558957,13.5018201271583
5.14801587301587,0.819058363709796,0.559476546624854,2.46900903656929,13.5025216725987
5.14811507936508,0.819079265595596,0.559581112991126,2.46782828239331,13.5032231181462
5.14821428571429,0.819100008564908,0.559685646741409,2.466648093099,13.5039244637765
5.14831349206349,0.819120592838152,0.559790147836569,2.4654684684177,13.5046257094652
5.1484126984127,0.819141018635685,0.559894616237476,2.46428940808084,13.5053268551878
5.14851190476191,0.819161286177805,0.559999051905005,2.46311091181999,13.5060279009199
5.14861111111111,0.819181395684745,0.560103454800037,2.4619329793668,13.5067288466371
5.14871031746032,0.819201347376675,0.560207824883457,2.46075561045306,13.5074296923149
5.14880952380952,0.819221141473703,0.560312162116155,2.45957880481064,13.508130437929
5.14890873015873,0.819240778195876,0.560416466459027,2.45840256217153,13.5088310834549
5.14900793650794,0.819260257763176,0.560520737872974,2.45722688226783,13.5095316288682
5.14910714285714,0.819279580395523,0.560624976318901,2.45605176483173,13.5102320741445
5.14920634920635,0.819298746312777,0.560729181757719,2.45487720959555,13.5109324192593
5.14930555555556,0.819317755734732,0.560833354150344,2.45370321629172,13.5116326641882
5.14940476190476,0.819336608881121,0.560937493457696,2.45252978465278,13.5123328089068
5.14950396825397,0.819355305971614,0.561041599640701,2.45135691441134,13.5130328533907
5.14960317460317,0.819373847225819,0.56114567266029,2.45018460530018,13.5137327976154
5.14970238095238,0.819392232863281,0.561249712477399,2.44901285705213,13.5144326415566
5.14980158730159,0.819410463103484,0.561353719052969,2.44784166940016,13.5151323851898
5.14990079365079,0.819428538165845,0.561457692347946,2.44667104207735,13.5158320284905
5.15,0.819446458269725,0.561561632323282,2.44550097481687,13.5165315714344
5.15009920634921,0.819464223634416,0.56166553893993,2.44433146735202,13.5172310139971
5.15019841269841,0.819481834479152,0.561769412158854,2.4431625194162,13.5179303561541
5.15029761904762,0.819499291023102,0.561873251941019,2.44199413074291,13.518629597881
5.15039682539683,0.819516593485374,0.561977058247396,2.44082630106576,13.5193287391533
5.15049603174603,0.819533742085012,0.562080831038962,2.43965903011849,13.5200277799467
5.15059523809524,0.819550737040997,0.562184570276699,2.43849231763491,13.5207267202368
5.15069444444444,0.819567578572251,0.562288275921592,2.43732616334897,13.521425559999
5.15079365079365,0.81958426689763,0.562391947934632,2.43616056699473,13.5221242992091
5.15089285714286,0.819600802235927,0.562495586276816,2.43499552830633,13.5228229378425
5.15099206349206,0.819617184805875,0.562599190909146,2.43383104701804,13.5235214758748
5.15109126984127,0.819633414826144,0.562702761792629,2.43266712286424,13.5242199132817
5.15119047619048,0.819649492515339,0.562806298888274,2.4315037555794,13.5249182500387
5.15128968253968,0.819665418092005,0.562909802157101,2.43034094489813,13.5256164861214
5.15138888888889,0.819681191774624,0.563013271560129,2.42917869055511,13.5263146215053
5.1514880952381,0.819696813781615,0.563116707058387,2.42801699228514,13.5270126561661
5.1515873015873,0.819712284331333,0.563220108612905,2.42685584982317,13.5277105900793
5.15168650793651,0.819727603642074,0.56332347618472,2.4256952629042,13.5284084232205
5.15178571428571,0.819742771932068,0.563426809734874,2.42453523126337,13.5291061555653
5.15188492063492,0.819757789419483,0.563530109224414,2.42337575463591,13.5298037870893
5.15198412698413,0.819772656322427,0.563633374614392,2.42221683275719,13.530501317768
5.15208333333333,0.819787372858943,0.563736605865865,2.42105846536265,13.531198747577
5.15218253968254,0.819801939247012,0.563839802939896,2.41990065218786,13.5318960764919
5.15228174603175,0.819816355704552,0.56394296579755,2.4187433929685,13.5325933044883
5.15238095238095,0.819830622449419,0.5640460943999,2.41758668744035,13.5332904315418
5.15248015873016,0.819844739699408,0.564149188708024,2.41643053533931,13.5339874576279
5.15257936507937,0.819858707672247,0.564252248683003,2.41527493640136,13.5346843827223
5.15267857142857,0.819872526585607,0.564355274285925,2.41411989036263,13.5353812068004
5.15277777777778,0.819886196657092,0.564458265477882,2.41296539695933,13.5360779298379
5.15287698412698,0.819899718104246,0.564561222219972,2.41181145592778,13.5367745518104
5.15297619047619,0.819913091144549,0.564664144473297,2.41065806700442,13.5374710726935
5.1530753968254,0.819926315995419,0.564767032198964,2.40950522992578,13.5381674924627
5.1531746031746,0.819939392874211,0.564869885358085,2.40835294442853,13.5388638110936
5.15327380952381,0.81995232199822,0.564972703911779,2.40720121024942,13.5395600285618
5.15337301587302,0.819965103584674,0.565075487821167,2.40605002712532,13.5402561448428
5.15347222222222,0.819977737850741,0.565178237047378,2.4048993947932,13.5409521599124
5.15357142857143,0.819990225013527,0.565280951551545,2.40374931299015,13.5416480737459
5.15367063492064,0.820002565290075,0.565383631294804,2.40259978145335,13.5423438863191
5.15376984126984,0.820014758897364,0.565486276238299,2.40145079992012,13.5430395976075
5.15386904761905,0.820026806052312,0.565588886343177,2.40030236812786,13.5437352075867
5.15396825396825,0.820038706971774,0.565691461570591,2.39915448581409,13.5444307162322
5.15406746031746,0.820050461872542,0.565794001881699,2.39800715271643,13.5451261235197
5.15416666666667,0.820062070971346,0.565896507237665,2.39686036857263,13.5458214294247
5.15426587301587,0.820073534484854,0.565998977599655,2.39571413312052,13.5465166339228
5.15436507936508,0.820084852629669,0.566101412928844,2.39456844609806,13.5472117369897
5.15446428571429,0.820096025622334,0.566203813186409,2.3934233072433,13.5479067386008
5.15456349206349,0.820107053679329,0.566306178333533,2.39227871629441,13.5486016387318
5.1546626984127,0.820117937017071,0.566408508331404,2.39113467298968,13.5492964373582
5.15476190476191,0.820128675851913,0.566510803141216,2.38999117706749,13.5499911344556
5.15486111111111,0.820139270400149,0.566613062724167,2.38884822826633,13.5506857299997
5.15496031746032,0.820149720878006,0.56671528704146,2.3877058263248,13.551380223966
5.15505952380952,0.820160027501653,0.566817476054303,2.38656397098162,13.55207461633
5.15515873015873,0.820170190487193,0.566919629723911,2.38542266197559,13.5527689070674
5.15525793650794,0.820180210050667,0.567021748011501,2.38428189904566,13.5534630961538
5.15535714285714,0.820190086408055,0.567123830878297,2.38314168193086,13.5541571835647
5.15545634920635,0.820199819775273,0.567225878285527,2.38200201037033,13.5548511692756
5.15555555555556,0.820209410368176,0.567327890194424,2.38086288410333,13.5555450532623
5.15565476190476,0.820218858402554,0.567429866566229,2.37972430286921,13.5562388355003
5.15575396825397,0.820228164094136,0.567531807362183,2.37858626640745,13.5569325159652
5.15585317460317,0.820237327658589,0.567633712543536,2.37744877445762,13.5576260946325
5.15595238095238,0.820246349311516,0.567735582071543,2.3763118267594,13.5583195714778
5.15605158730159,0.820255229268458,0.567837415907461,2.37517542305261,13.5590129464767
5.15615079365079,0.820263967744894,0.567939214012553,2.37403956307713,13.5597062196049
5.15625,0.82027256495624,0.56804097634809,2.37290424657299,13.5603993908378
5.15634920634921,0.820281021117849,0.568142702875345,2.37176947328029,13.5610924601512
5.15644841269841,0.820289336445012,0.568244393555597,2.37063524293928,13.5617854275204
5.15654761904762,0.820297511152958,0.56834604835013,2.36950155529028,13.5624782929213
5.15664682539683,0.820305545456852,0.568447667220234,2.36836841007374,13.5631710563292
5.15674603174603,0.820313439571796,0.568549250127202,2.36723580703022,13.5638637177199
5.15684523809524,0.820321193712833,0.568650797032333,2.36610374590038,13.5645562770689
5.15694444444444,0.82032880809494,0.568752307896932,2.36497222642499,13.5652487343517
5.15704365079365,0.820336282933032,0.568853782682308,2.36384124834493,13.5659410895441
5.15714285714286,0.820343618441962,0.568955221349774,2.36271081140119,13.5666333426215
5.15724206349206,0.820350814836521,0.569056623860652,2.36158091533486,13.5673254935595
5.15734126984127,0.820357872331436,0.569157990176264,2.36045155988714,13.5680175423338
5.15744047619048,0.820364791141372,0.569259320257942,2.35932274479935,13.5687094889198
5.15753968253968,0.820371571480933,0.569360614067017,2.35819446981291,13.5694013332933
5.15763888888889,0.820378213564659,0.569461871564831,2.35706673466936,13.5700930754298
5.15773809523809,0.820384717607026,0.569563092712728,2.35593953911033,13.5707847153048
5.1578373015873,0.82039108382245,0.569664277472057,2.35481288287756,13.5714762528941
5.15793650793651,0.820397312425283,0.569765425804174,2.35368676571292,13.572167688173
5.15803571428571,0.820403403629816,0.569866537670437,2.35256118735836,13.5728590211173
5.15813492063492,0.820409357650274,0.569967613032213,2.35143614755595,13.5735502517025
5.15823412698413,0.820415174700824,0.570068651850869,2.35031164604788,13.5742413799042
5.15833333333333,0.820420854995567,0.570169654087782,2.34918768257644,13.5749324056981
5.15843253968254,0.820426398748543,0.570270619704331,2.34806425688402,13.5756233290596
5.15853174603175,0.820431806173728,0.570371548661901,2.34694136871314,13.5763141499643
5.15863095238095,0.820437077485038,0.570472440921883,2.34581901780639,13.577004868388
5.15873015873016,0.820442212896324,0.57057329644567,2.34469720390651,13.5776954843061
5.15882936507936,0.820447212621376,0.570674115194664,2.34357592675632,13.5783859976942
5.15892857142857,0.820452076873919,0.570774897130269,2.34245518609877,13.5790764085279
5.15902777777778,0.820456805867619,0.570875642213895,2.3413349816769,13.5797667167829
5.15912698412698,0.820461399816078,0.570976350406958,2.34021531323387,13.5804569224346
5.15922619047619,0.820465858932833,0.571077021670878,2.33909618051295,13.5811470254587
5.1593253968254,0.820470183431363,0.57117765596708,2.33797758325751,13.5818370258308
5.1594246031746,0.820474373525079,0.571278253256995,2.33685952121102,13.5825269235265
5.15952380952381,0.820478429427335,0.571378813502057,2.33574199411708,13.5832167185213
5.15962301587302,0.820482351351419,0.571479336663708,2.33462500171938,13.5839064107909
5.15972222222222,0.820486139510557,0.571579822703393,2.33350854376174,13.5845960003107
5.15982142857143,0.820489794117913,0.571680271582562,2.33239261998807,13.5852854870565
5.15992063492063,0.820493315386588,0.571780683262671,2.33127723014239,13.5859748710038
5.16001984126984,0.82049670352962,0.57188105770518,2.33016237396884,13.5866641521282
5.16011904761905,0.820499958759986,0.571981394871556,2.32904805121165,13.5873533304053
5.16021825396825,0.820503081290599,0.572081694723268,2.32793426161517,13.5880424058107
5.16031746031746,0.82050607133431,0.572181957221794,2.32682100492386,13.5887313783199
5.16041666666667,0.820508929103907,0.572282182328613,2.32570828088229,13.5894202479086
5.16051587301587,0.820511654812116,0.572382370005211,2.32459608923513,13.5901090145523
5.16061507936508,0.8205142486716,0.572482520213079,2.32348442972716,13.5907976782266
5.16071428571429,0.82051671089496,0.572582632913713,2.32237330210328,13.5914862389072
5.16081349206349,0.820519041694733,0.572682708068614,2.32126270610848,13.5921746965695
5.1609126984127,0.820521241283396,0.572782745639288,2.32015264148787,13.5928630511893
5.1610119047619,0.820523309873362,0.572882745587246,2.31904310798667,13.5935513027421
5.16111111111111,0.82052524767698,0.572982707874005,2.3179341053502,13.5942394512034
5.16121031746032,0.820527054906539,0.573082632461085,2.3168256333239,13.5949274965489
5.16130952380952,0.820528731774263,0.573182519310013,2.3157176916533,13.5956154387542
5.16140873015873,0.820530278492316,0.573282368382319,2.31461028008406,13.5963032777948
5.16150793650794,0.820531695272797,0.573382179639541,2.31350339836194,13.5969910136464
5.16160714285714,0.820532982327744,0.573481953043219,2.31239704623279,13.5976786462845
5.16170634920635,0.820534139869133,0.5735816885549,2.31129122344261,13.5983661756847
5.16180555555556,0.820535168108875,0.573681386136135,2.31018592973746,13.5990536018226
5.16190476190476,0.820536067258821,0.573781045748482,2.30908116486355,13.5997409246739
5.16200396825397,0.820536837530757,0.5738806673535,2.30797692856717,13.600428144214
5.16210317460317,0.820537479136409,0.573980250912758,2.30687322059473,13.6011152604187
5.16220238095238,0.820537992287438,0.574079796387825,2.30577004069275,13.6018022732634
5.16230158730159,0.820538377195445,0.57417930374028,2.30466738860786,13.6024891827238
5.16240079365079,0.820538634071965,0.574278772931704,2.30356526408679,13.6031759887754
5.1625,0.820538763128475,0.574378203923683,2.30246366687638,13.6038626913939
5.16259920634921,0.820538764576386,0.57447759667781,2.30136259672358,13.6045492905549
5.16269841269841,0.820538638627046,0.574576951155681,2.30026205337545,13.6052357862339
5.16279761904762,0.820538385491744,0.574676267318898,2.29916203657917,13.6059221784065
5.16289682539683,0.820538005381703,0.574775545129068,2.29806254608201,13.6066084670484
5.16299603174603,0.820537498508084,0.574874784547803,2.29696358163134,13.607294652135
5.16309523809524,0.820536865081988,0.57497398553672,2.29586514297467,13.6079807336421
5.16319444444444,0.82053610531445,0.57507314805744,2.2947672298596,13.6086667115452
5.16329365079365,0.820535219416444,0.575172272071593,2.29366984203383,13.6093525858198
5.16339285714286,0.820534207598883,0.575271357540809,2.29257297924518,13.6100383564417
5.16349206349206,0.820533070072614,0.575370404426725,2.29147664124159,13.6107240233863
5.16359126984127,0.820531807048424,0.575469412690984,2.29038082777109,13.6114095866293
5.16369047619048,0.820530418737037,0.575568382295233,2.28928553858182,13.6120950461463
5.16378968253968,0.820528905349114,0.575667313201124,2.28819077342203,13.6127804019128
5.16388888888889,0.820527267095253,0.575766205370315,2.28709653204008,13.6134656539045
5.16398809523809,0.820525504185991,0.575865058764468,2.28600281418445,13.6141508020969
5.1640873015873,0.820523616831801,0.575963873345252,2.28490961960369,13.6148358464657
5.16418650793651,0.820521605243094,0.576062649074337,2.28381694804653,13.6155207869864
5.16428571428571,0.820519469630219,0.576161385913402,2.28272479926173,13.6162056236346
5.16438492063492,0.820517210203461,0.576260083824129,2.2816331729982,13.6168903563859
5.16448412698413,0.820514827173043,0.576358742768207,2.28054206900496,13.617574985216
5.16458333333333,0.820512320749126,0.576457362707327,2.27945148703112,13.6182595101003
5.16468253968254,0.820509691141808,0.576555943603188,2.27836142682592,13.6189439310146
5.16478174603175,0.820506938561125,0.576654485417492,2.27727188813868,13.6196282479344
5.16488095238095,0.820504063217049,0.576752988111947,2.27618287071884,13.6203124608352
5.16498015873016,0.820501065319492,0.576851451648266,2.27509437431598,13.6209965696928
5.16507936507937,0.8204979450783,0.576949875988167,2.27400639867975,13.6216805744826
5.16517857142857,0.82049470270326,0.577048261093373,2.27291894355991,13.6223644751803
5.16527777777778,0.820491338404094,0.577146606925612,2.27183200870635,13.6230482717614
5.16537698412698,0.820487852390461,0.577244913446616,2.27074559386905,13.6237319642016
5.16547619047619,0.820484244871961,0.577343180618125,2.26965969879811,13.6244155524765
5.1655753968254,0.820480516058127,0.577441408401882,2.26857432324373,13.6250990365617
5.1656746031746,0.820476666158432,0.577539596759633,2.26748946695623,13.6257824164327
5.16577380952381,0.820472695382286,0.577637745653133,2.26640512968602,13.6264656920651
5.16587301587302,0.820468603939037,0.57773585504414,2.26532131118364,13.6271488634346
5.16597222222222,0.820464392037969,0.577833924894417,2.26423801119971,13.6278319305167
5.16607142857143,0.820460059888304,0.577931955165733,2.263155229485,13.628514893287
5.16617063492063,0.820455607699202,0.578029945819862,2.26207296579035,13.6291977517212
5.16626984126984,0.820451035679761,0.57812789681858,2.26099121986672,13.6298805057948
5.16636904761905,0.820446344039014,0.578225808123674,2.25990999146518,13.6305631554834
5.16646825396825,0.820441532985933,0.578323679696929,2.25882928033692,13.6312457007626
5.16656746031746,0.820436602729429,0.578421511500141,2.25774908623323,13.6319281416081
5.16666666666667,0.820431553478348,0.578519303495107,2.25666940890549,13.6326104779953
5.16676587301587,0.820426385441474,0.578617055643633,2.25559024810522,13.6332927099
5.16686507936508,0.820421098827528,0.578714767907525,2.25451160358403,13.6339748372977
5.16696428571429,0.820415693845171,0.578812440248599,2.25343347509364,13.6346568601639
5.16706349206349,0.820410170702998,0.578910072628673,2.25235586238587,13.6353387784744
5.1671626984127,0.820404529609544,0.579007665009571,2.25127876521268,13.6360205922046
5.16726190476191,0.820398770773279,0.579105217353121,2.2502021833261,13.6367023013303
5.16736111111111,0.820392894402614,0.579202729621158,2.24912611647829,13.6373839058269
5.16746031746032,0.820386900705894,0.579300201775521,2.24805056442152,13.6380654056701
5.16755952380952,0.820380789891403,0.579397633778054,2.24697552690816,13.6387468008355
5.16765873015873,0.820374562167362,0.579495025590605,2.24590100369068,13.6394280912987
5.16775793650794,0.820368217741931,0.57959237717503,2.24482699452168,13.6401092770352
5.16785714285714,0.820361756823204,0.579689688493187,2.24375349915385,13.6407903580208
5.16795634920635,0.820355179619215,0.579786959506941,2.24268051734,13.6414713342309
5.16805555555556,0.820348486337936,0.57988419017816,2.24160804883305,13.6421522056411
5.16815476190476,0.820341677187275,0.579981380468719,2.24053609338602,13.6428329722272
5.16825396825397,0.820334752375077,0.580078530340498,2.23946465075204,13.6435136339646
5.16835317460317,0.820327712109127,0.580175639755381,2.23839372068434,13.6441941908289
5.16845238095238,0.820320556597143,0.580272708675258,2.23732330293628,13.6448746427959
5.16855158730159,0.820313286046786,0.580369737062022,2.23625339726131,13.6455549898409
5.16865079365079,0.82030590066565,0.580466724877574,2.235184003413,13.6462352319398
5.16875,0.820298400661268,0.580563672083818,2.23411512114503,13.646915369068
5.16884920634921,0.820290786241111,0.580660578642664,2.23304675021117,13.6475954012012
5.16894841269841,0.820283057612586,0.580757444516026,2.23197889036531,13.6482753283149
5.16904761904762,0.82027521498304,0.580854269665824,2.23091154136146,13.6489551503848
5.16914682539683,0.820267258559754,0.580951054053983,2.22984470295371,13.6496348673864
5.16924603174603,0.820259188549949,0.581047797642433,2.22877837489629,13.6503144792954
5.16934523809524,0.820251005160783,0.581144500393109,2.22771255694351,13.6509939860874
5.16944444444444,0.82024270859935,0.581241162267951,2.22664724884982,13.6516733877378
5.16954365079365,0.820234299072683,0.581337783228902,2.22558245036975,13.6523526842225
5.16964285714286,0.820225776787752,0.581434363237915,2.22451816125795,13.6530318755169
5.16974206349206,0.820217141951465,0.581530902256943,2.22345438126918,13.6537109615967
5.16984126984127,0.820208394770665,0.581627400247947,2.22239111015831,13.6543899424374
5.16994047619048,0.820199535452137,0.581723857172892,2.2213283476803,13.6550688180146
5.17003968253968,0.820190564202598,0.581820272993748,2.22026609359024,13.655747588304
5.17013888888889,0.820181481228706,0.58191664767249,2.21920434764334,13.6564262532812
5.1702380952381,0.820172286737057,0.582012981171099,2.21814310959487,13.6571048129217
5.1703373015873,0.820162980934181,0.58210927345156,2.21708237920026,13.6577832672012
5.17043650793651,0.820153564026548,0.582205524475863,2.21602215621501,13.6584616160952
5.17053571428571,0.820144036220566,0.582301734206004,2.21496244039476,13.6591398595794
5.17063492063492,0.820134397722578,0.582397902603983,2.21390323149523,13.6598179976293
5.17073412698413,0.820124648738866,0.582494029631806,2.21284452927228,13.6604960302206
5.17083333333333,0.82011478947565,0.582590115251483,2.21178633348183,13.6611739573289
5.17093253968254,0.820104820139085,0.58268615942503,2.21072864387997,13.6618517789297
5.17103174603175,0.820094740935266,0.582782162114468,2.20967146022285,13.6625294949986
5.17113095238095,0.820084552070225,0.582878123281822,2.20861478226676,13.6632071055114
5.17123015873016,0.82007425374993,0.582974042889122,2.20755860976807,13.6638846104434
5.17132936507937,0.820063846180289,0.583069920898406,2.20650294248327,13.6645620097705
5.17142857142857,0.820053329567143,0.583165757271713,2.20544778016897,13.6652393034681
5.17152777777778,0.820042704116276,0.58326155197109,2.20439312258188,13.6659164915119
5.17162698412698,0.820031970033405,0.583357304958588,2.20333896947881,13.6665935738775
5.17172619047619,0.820021127524186,0.583453016196261,2.20228532061669,13.6672705505404
5.1718253968254,0.820010176794214,0.583548685646172,2.20123217575256,13.6679474214763
5.1719246031746,0.819999118049019,0.583644313270386,2.20017953464356,13.6686241866608
5.17202380952381,0.819987951494069,0.583739899030975,2.19912739704694,13.6693008460695
5.17212301587302,0.819976677334771,0.583835442890014,2.19807576272006,13.6699773996779
5.17222222222222,0.819965295776467,0.583930944809585,2.19702463142038,13.6706538474617
5.17232142857143,0.819953807024439,0.584026404751775,2.19597400290548,13.6713301893965
5.17242063492063,0.819942211283905,0.584121822678674,2.19492387693306,13.6720064254579
5.17251984126984,0.819930508760019,0.584217198552379,2.1938742532609,13.6726825556215
5.17261904761905,0.819918699657876,0.58431253233499,2.19282513164691,13.6733585798629
5.17271825396825,0.819906784182506,0.584407823988616,2.19177651184909,13.6740344981577
5.17281746031746,0.819894762538876,0.584503073475366,2.19072839362557,13.6747103104815
5.17291666666667,0.819882634931893,0.584598280757358,2.18968077673456,13.6753860168099
5.17301587301587,0.819870401566397,0.584693445796713,2.18863366093441,13.6760616171185
5.17311507936508,0.819858062647171,0.584788568555557,2.18758704598356,13.6767371113829
5.17321428571429,0.819845618378932,0.584883648996023,2.18654093164057,13.6774124995787
5.17331349206349,0.819833068966334,0.584978687080247,2.1854953176641,13.6780877816816
5.1734126984127,0.819820414613971,0.58507368277037,2.1844502038129,13.6787629576671
5.1735119047619,0.819807655526372,0.58516863602854,2.18340558984587,13.6794380275108
5.17361111111111,0.819794791908005,0.585263546816909,2.18236147552199,13.6801129911883
5.17371031746032,0.819781823963274,0.585358415097632,2.18131786060035,13.6807878486753
5.17380952380952,0.819768751896522,0.585453240832874,2.18027474484014,13.6814625999473
5.17390873015873,0.819755575912028,0.585548023984799,2.1792321280007,13.6821372449799
5.17400793650794,0.81974229621401,0.58564276451558,2.17819000984144,13.6828117837488
5.17410714285714,0.819728913006622,0.585737462387394,2.17714839012188,13.6834862162296
5.17420634920635,0.819715426493957,0.585832117562423,2.17610726860167,13.6841605423978
5.17430555555556,0.819701836880043,0.585926730002855,2.17506664504054,13.6848347622291
5.17440476190476,0.819688144368848,0.586021299670882,2.17402651919835,13.685508875699
5.17450396825397,0.819674349164276,0.586115826528701,2.17298689083506,13.6861828827832
5.17460317460317,0.819660451470169,0.586210310538514,2.17194775971075,13.6868567834573
5.17470238095238,0.819646451490306,0.586304751662528,2.17090912558559,13.6875305776969
5.17480158730159,0.819632349428403,0.586399149862955,2.16987098821987,13.6882042654776
5.17490079365079,0.819618145488115,0.586493505102015,2.16883334737398,13.6888778467749
5.175,0.819603839873034,0.586587817341928,2.16779620280844,13.6895513215646
5.17509920634921,0.819589432786687,0.586682086544922,2.16675955428384,13.6902246898222
5.17519841269841,0.819574924432542,0.58677631267323,2.16572340156092,13.6908979515233
5.17529761904762,0.819560315014003,0.58687049568909,2.16468774440049,13.6915711066435
5.17539682539683,0.81954560473441,0.586964635554743,2.16365258256351,13.6922441551584
5.17549603174603,0.819530793797042,0.587058732232438,2.16261791581102,13.6929170970436
5.17559523809524,0.819515882405116,0.587152785684428,2.16158374390416,13.6935899322748
5.17569444444444,0.819500870761786,0.587246795872969,2.16055006660422,13.6942626608276
5.17579365079365,0.819485759070141,0.587340762760326,2.15951688367254,13.6949352826775
5.17589285714286,0.819470547533211,0.587434686308766,2.15848419487063,13.6956077978001
5.17599206349206,0.819455236353961,0.587528566480563,2.15745199996004,13.6962802061711
5.17609126984127,0.819439825735296,0.587622403237992,2.15642029870251,13.6969525077661
5.17619047619048,0.819424315880054,0.587716196543339,2.15538909085982,13.6976247025607
5.17628968253968,0.819408706991016,0.58780994635889,2.1543583761939,13.6982967905304
5.17638888888889,0.819392999270896,0.587903652646939,2.15332815446675,13.698968771651
5.17648809523809,0.819377192922347,0.587997315369785,2.15229842544052,13.6996406458979
5.1765873015873,0.819361288147961,0.588090934489729,2.15126918887744,13.7003124132468
5.17668650793651,0.819345285150264,0.588184509969082,2.15024044453985,13.7009840736734
5.17678571428571,0.819329184131723,0.588278041770156,2.14921219219022,13.7016556271532
5.17688492063492,0.81931298529474,0.588371529855268,2.14818443159111,13.7023270736618
5.17698412698413,0.819296688841655,0.588464974186743,2.14715716250519,13.7029984131748
5.17708333333333,0.819280294974746,0.588558374726909,2.14613038469524,13.7036696456679
5.17718253968254,0.819263803896229,0.588651731438099,2.14510409792415,13.7043407711167
5.17728174603175,0.819247215808255,0.588745044282653,2.14407830195493,13.7050117894967
5.17738095238095,0.819230530912915,0.588838313222912,2.14305299655067,13.7056827007835
5.17748015873016,0.819213749412237,0.588931538221228,2.14202818147458,13.7063535049529
5.17757936507937,0.819196871508184,0.589024719239951,2.14100385649001,13.7070242019803
5.17767857142857,0.81917989740266,0.589117856241442,2.13998002136037,13.7076947918415
5.17777777777778,0.819162827297504,0.589210949188065,2.13895667584921,13.7083652745119
5.17787698412698,0.819145661394494,0.589303998042187,2.13793381972017,13.7090356499673
5.17797619047619,0.819128399895343,0.589397002766183,2.13691145273701,13.7097059181832
5.1780753968254,0.819111043001705,0.589489963322431,2.1358895746636,13.7103760791352
5.1781746031746,0.819093590915168,0.589582879673316,2.13486818526391,13.7110461327989
5.17827380952381,0.819076043837259,0.589675751781227,2.13384728430201,13.71171607915
5.17837301587302,0.819058401969444,0.589768579608558,2.13282687154211,13.7123859181641
5.17847222222222,0.819040665513123,0.589861363117706,2.13180694674851,13.7130556498167
5.17857142857143,0.819022834669636,0.589954102271078,2.1307875096856,13.7137252740835
5.17867063492063,0.81900490964026,0.590046797031081,2.12976856011791,13.7143947909401
5.17876984126984,0.818986890626208,0.59013944736013,2.12875009781006,13.7150642003621
5.17886904761905,0.818968777828633,0.590232053220645,2.12773212252678,13.7157335023251
5.17896825396825,0.818950571448622,0.590324614575049,2.12671463403291,13.7164026968047
5.17906746031746,0.818932271687204,0.590417131385772,2.1256976320934,13.7170717837766
5.17916666666667,0.818913878745341,0.590509603615248,2.12468111647332,13.7177407632163
5.17926587301587,0.818895392823935,0.590602031225917,2.12366508693783,13.7184096350994
5.17936507936508,0.818876814123825,0.590694414180223,2.12264954325219,13.7190783994016
5.17946428571429,0.818858142845786,0.590786752440615,2.12163448518181,13.7197470560985
5.17956349206349,0.818839379190533,0.590879045969548,2.12061991249215,13.7204156051656
5.1796626984127,0.818820523358716,0.590971294729483,2.11960582494884,13.7210840465787
5.17976190476191,0.818801575550924,0.591063498682883,2.11859222231757,13.7217523803132
5.17986111111111,0.818782535967683,0.591155657792218,2.11757910436416,13.7224206063449
5.17996031746032,0.818763404809456,0.591247772019962,2.11656647085454,13.7230887246492
5.18005952380952,0.818744182276645,0.591339841328597,2.11555432155475,13.723756735202
5.18015873015873,0.818724868569586,0.591431865680605,2.11454265623091,13.7244246379786
5.18025793650794,0.818705463888556,0.591523845038478,2.1135314746493,13.7250924329549
5.18035714285714,0.818685968433769,0.59161577936471,2.11252077657625,13.7257601201063
5.18045634920635,0.818666382405374,0.591707668621802,2.11151056177824,13.7264276994085
5.18055555555556,0.818646706003459,0.591799512772257,2.11050083002186,13.727095170837
5.18065476190476,0.818626939428051,0.591891311778587,2.10949158107378,13.7277625343676
5.18075396825397,0.818607082879111,0.591983065603306,2.10848281470079,13.7284297899758
5.18085317460317,0.81858713655654,0.592074774208934,2.10747453066979,13.7290969376372
5.18095238095238,0.818567100660177,0.592166437557997,2.10646672874781,13.7297639773275
5.18105158730159,0.818546975389795,0.592258055613025,2.10545940870194,13.7304309090223
5.18115079365079,0.818526760945108,0.592349628336553,2.10445257029943,13.7310977326971
5.18125,0.818506457525765,0.592441155691122,2.10344621330759,13.7317644483275
5.18134920634921,0.818486065331355,0.592532637639277,2.10244033749388,13.7324310558893
5.18144841269841,0.818465584561401,0.592624074143568,2.10143494262586,13.733097555358
5.18154761904762,0.818445015415367,0.59271546516655,2.10043002847118,13.7337639467092
5.18164682539683,0.818424358092652,0.592806810670785,2.0994255947976,13.7344302299185
5.18174603174603,0.818403612792594,0.592898110618837,2.09842164137301,13.7350964049616
5.18184523809524,0.818382779714466,0.592989364973278,2.0974181679654,13.7357624718141
5.18194444444444,0.818361859057482,0.593080573696683,2.09641517434284,13.7364284304515
5.18204365079365,0.81834085102079,0.593171736751633,2.09541266027355,13.7370942808495
5.18214285714286,0.818319755803478,0.593262854100712,2.09441062552584,13.7377600229837
5.18224206349206,0.81829857360457,0.593353925706514,2.09340906986813,13.7384256568297
5.18234126984127,0.818277304623028,0.593444951531632,2.09240799306894,13.7390911823631
5.18244047619048,0.818255949057751,0.593535931538668,2.09140739489692,13.7397565995596
5.18253968253968,0.818234507107576,0.593626865690228,2.0904072751208,13.7404219083947
5.18263888888889,0.818212978971277,0.593717753948922,2.08940763350943,13.7410871088441
5.1827380952381,0.818191364847565,0.593808596277368,2.08840846983178,13.7417522008834
5.1828373015873,0.81816966493509,0.593899392638186,2.08740978385693,13.7424171844882
5.18293650793651,0.818147879432438,0.593990142994001,2.08641157535404,13.7430820596341
5.18303571428571,0.818126008538134,0.594080847307445,2.08541384409241,13.7437468262967
5.18313492063492,0.818104052450637,0.594171505541154,2.08441658984142,13.7444114844517
5.18323412698413,0.818082011368348,0.59426211765777,2.08341981237059,13.7450760340746
5.18333333333333,0.818059885489602,0.594352683619939,2.08242351144952,13.7457404751411
5.18343253968254,0.818037675012673,0.594443203390313,2.08142768684792,13.7464048076268
5.18353174603175,0.818015380135772,0.594533676931546,2.08043233833565,13.7470690315073
5.18363095238095,0.817993001057048,0.594624104206301,2.07943746568263,13.7477331467582
5.18373015873016,0.817970537974586,0.594714485177244,2.0784430686589,13.7483971533551
5.18382936507937,0.81794799108641,0.594804819807047,2.07744914703462,13.7490610512737
5.18392857142857,0.81792536059048,0.594895108058387,2.07645570058005,13.7497248404895
5.18402777777778,0.817902646684696,0.594985349893945,2.07546272906557,13.7503885209783
5.18412698412698,0.817879849566893,0.595075545276407,2.07447023226164,13.7510520927155
5.18422619047619,0.817856969434843,0.595165694168466,2.07347820993886,13.7517155556768
5.1843253968254,0.817834006486258,0.595255796532817,2.07248666186793,13.7523789098379
5.1844246031746,0.817810960918785,0.595345852332164,2.07149558781966,13.7530421551743
5.18452380952381,0.81778783293001,0.595435861529211,2.07050498756494,13.7537052916616
5.18462301587302,0.817764622717456,0.595525824086673,2.06951486087481,13.7543683192756
5.18472222222222,0.817741330478583,0.595615739967264,2.06852520752039,13.7550312379917
5.18482142857143,0.817717956410789,0.595705609133708,2.06753602727293,13.7556940477857
5.18492063492064,0.817694500711409,0.595795431548732,2.06654731990375,13.756356748633
5.18501984126984,0.817670963577716,0.595885207175067,2.06555908518434,13.7570193405094
5.18511904761905,0.817647345206919,0.59597493597545,2.06457132288624,13.7576818233905
5.18521825396825,0.817623645796167,0.596064617912624,2.06358403278114,13.7583441972518
5.18531746031746,0.817599865542544,0.596154252949336,2.0625972146408,13.7590064620691
5.18541666666667,0.817576004643073,0.596243841048338,2.06161086823712,13.7596686178178
5.18551587301587,0.817552063294713,0.596333382172387,2.0606249933421,13.7603306644737
5.18561507936508,0.817528041694361,0.596422876284246,2.05963958972784,13.7609926020123
5.18571428571429,0.817503940038853,0.596512323346682,2.05865465716654,13.7616544304093
5.18581349206349,0.817479758524961,0.596601723322467,2.05767019543056,13.7623161496403
5.1859126984127,0.817455497349393,0.596691076174379,2.05668620429229,13.7629777596809
5.18601190476191,0.817431156708798,0.596780381865201,2.0557026835243,13.7636392605066
5.18611111111111,0.817406736799759,0.596869640357719,2.05471963289922,13.7643006520933
5.18621031746032,0.817382237818799,0.596958851614727,2.05373705218982,13.7649619344163
5.18630952380952,0.817357659962376,0.597048015599022,2.05275494116895,13.7656231074515
5.18640873015873,0.817333003426888,0.597137132273407,2.05177329960958,13.7662841711743
5.18650793650794,0.817308268408668,0.597226201600689,2.05079212728481,13.7669451255604
5.18660714285714,0.817283455103989,0.597315223543682,2.04981142396782,13.7676059705855
5.18670634920635,0.817258563709058,0.597404198065203,2.04883118943191,13.7682667062251
5.18680555555556,0.817233594420024,0.597493125128075,2.04785142345048,13.7689273324549
5.18690476190476,0.81720854743297,0.597582004695125,2.04687212579705,13.7695878492505
5.18700396825397,0.817183422943916,0.597670836729188,2.04589329624525,13.7702482565874
5.18710317460317,0.817158221148823,0.597759621193101,2.04491493456881,13.7709085544414
5.18720238095238,0.817132942243585,0.597848358049707,2.04393704054155,13.7715687427881
5.18730158730159,0.817107586424038,0.597937047261853,2.04295961393745,13.7722288216029
5.18740079365079,0.817082153885951,0.598025688792394,2.04198265453054,13.7728887908617
5.1875,0.817056644825034,0.598114282604187,2.04100616209501,13.77354865054
5.18759920634921,0.817031059436932,0.598202828660096,2.04003013640512,13.7742084006134
5.18769841269841,0.81700539791723,0.598291326922988,2.03905457723525,13.7748680410575
5.18779761904762,0.816979660461447,0.598379777355737,2.0380794843599,13.775527571848
5.18789682539683,0.816953847265042,0.598468179921223,2.03710485755366,13.7761869929604
5.18799603174603,0.816927958523411,0.598556534582327,2.03613069659124,13.7768463043705
5.18809523809524,0.816901994431887,0.598644841301939,2.03515700124747,13.7775055060538
5.18819444444444,0.81687595518574,0.598733100042951,2.03418377129726,13.7781645979859
5.18829365079365,0.81684984098018,0.598821310768263,2.03321100651565,13.7788235801425
5.18839285714286,0.81682365201035,0.598909473440777,2.03223870667777,13.7794824524991
5.18849206349206,0.816797388471335,0.598997588023404,2.03126687155888,13.7801412150315
5.18859126984127,0.816771050558153,0.599085654479056,2.03029550093434,13.7807998677152
5.18869047619048,0.816744638465764,0.599173672770652,2.02932459457961,13.7814584105258
5.18878968253968,0.816718152389063,0.599261642861116,2.02835415227027,13.782116843439
5.18888888888889,0.816691592522881,0.599349564713376,2.027384173782,13.7827751664304
5.18898809523809,0.81666495906199,0.599437438290367,2.0264146588906,13.7834333794755
5.1890873015873,0.816638252201097,0.599525263555027,2.02544560737196,13.7840914825501
5.18918650793651,0.816611472134846,0.599613040470301,2.02447701900209,13.7847494756298
5.18928571428571,0.816584619057821,0.599700768999137,2.02350889355712,13.7854073586901
5.18938492063492,0.81655769316454,0.59978844910449,2.02254123081325,13.7860651317068
5.18948412698413,0.816530694649462,0.599876080749318,2.02157403054685,13.7867227946553
5.18958333333333,0.81650362370698,0.599963663896586,2.02060729253433,13.7873803475114
5.18968253968254,0.816476480531428,0.600051198509262,2.01964101655226,13.7880377902506
5.18978174603175,0.816449265317075,0.600138684550322,2.0186752023773,13.7886951228486
5.18988095238095,0.816421978258127,0.600226121982744,2.0177098497862,13.789352345281
5.18998015873016,0.81639461954873,0.600313510769512,2.01674495855586,13.7900094575234
5.19007936507936,0.816367189382965,0.600400850873617,2.01578052846324,13.7906664595515
5.19017857142857,0.816339687954851,0.600488142258052,2.01481655928545,13.7913233513409
5.19027777777778,0.816312115458346,0.600575384885817,2.01385305079969,13.7919801328671
5.19037698412698,0.816284472087344,0.600662578719917,2.01289000278326,13.7926368041059
5.19047619047619,0.816256758035675,0.60074972372336,2.0119274150136,13.7932933650328
5.1905753968254,0.81622897349711,0.600836819859161,2.01096528726821,13.7939498156234
5.1906746031746,0.816201118665354,0.600923867090341,2.01000361932474,13.7946061558535
5.19077380952381,0.816173193734053,0.601010865379924,2.00904241096093,13.7952623856985
5.19087301587302,0.816145198896786,0.601097814690939,2.00808166195464,13.7959185051342
5.19097222222222,0.816117134347074,0.601184714986422,2.00712137208382,13.7965745141362
5.19107142857143,0.816089000278372,0.601271566229411,2.00616154112654,13.79723041268
5.19117063492063,0.816060796884073,0.601358368382953,2.00520216886099,13.7978862007413
5.19126984126984,0.81603252435751,0.601445121410096,2.00424325506544,13.7985418782957
5.19136904761905,0.816004182891951,0.601531825273897,2.00328479951829,13.7991974453189
5.19146825396825,0.815975772680602,0.601618479937414,2.00232680199804,13.7998529017865
5.19156746031746,0.815947293916605,0.601705085363713,2.00136926228331,13.800508247674
5.19166666666667,0.815918746793043,0.601791641515865,2.00041218015281,13.8011634829572
5.19176587301587,0.815890131502933,0.601878148356943,1.99945555538537,13.8018186076117
5.19186507936508,0.815861448239232,0.601964605850028,1.99849938775993,13.8024736216129
5.19196428571429,0.815832697194832,0.602051013958206,1.99754367705554,13.8031285249367
5.19206349206349,0.815803878562564,0.602137372644567,1.99658842305134,13.8037833175587
5.1921626984127,0.815774992535196,0.602223681872206,1.9956336255266,13.8044379994543
5.1922619047619,0.815746039305434,0.602309941604223,1.99467928426069,13.8050925705993
5.19236111111111,0.81571701906592,0.602396151803724,1.99372539903308,13.8057470309694
5.19246031746032,0.815687932009235,0.60248231243382,1.99277196962336,13.80640138054
5.19255952380952,0.815658778327898,0.602568423457626,1.99181899581123,13.8070556192869
5.19265873015873,0.815629558214362,0.602654484838261,1.9908664773765,13.8077097471856
5.19275793650794,0.815600271861021,0.602740496538853,1.98991441409907,13.8083637642119
5.19285714285714,0.815570919460205,0.602826458522531,1.98896280575897,13.8090176703413
5.19295634920635,0.815541501204182,0.602912370752432,1.98801165213632,13.8096714655494
5.19305555555556,0.815512017285156,0.602998233191695,1.98706095301136,13.8103251498119
5.19315476190476,0.81548246789527,0.603084045803468,1.98611070816443,13.8109787231044
5.19325396825397,0.815452853226604,0.6031698085509,1.985160917376,13.8116321854025
5.19335317460317,0.815423173471176,0.603255521397147,1.98421158042663,13.8122855366818
5.19345238095238,0.815393428820939,0.60334118430537,1.98326269709698,13.8129387769181
5.19355158730159,0.815363619467786,0.603426797238736,1.98231426716783,13.8135919060868
5.19365079365079,0.815333745603547,0.603512360160415,1.98136629042008,13.8142449241637
5.19375,0.815303807419989,0.603597873033583,1.98041876663472,13.8148978311243
5.19384920634921,0.815273805108817,0.603683335821422,1.97947169559285,13.8155506269443
5.19394841269841,0.815243738861671,0.603768748487118,1.97852507707569,13.8162033115993
5.19404761904762,0.815213608870132,0.603854110993861,1.97757891086456,13.816855885065
5.19414682539683,0.815183415325717,0.603939423304848,1.97663319674089,13.8175083473169
5.19424603174603,0.815153158419879,0.60402468538328,1.97568793448621,13.8181606983307
5.19434523809524,0.815122838344011,0.604109897192364,1.97474312388219,13.818812938082
5.19444444444444,0.815092455289441,0.604195058695311,1.97379876471056,13.8194650665465
5.19454365079365,0.815062009100446,0.604280170002753,1.97285485670577,13.8201170838503
5.19464285714286,0.815031497718096,0.604365232032073,1.97191139935199,13.8207689909433
5.19474206349206,0.815000920825672,0.604450244957596,1.97096839238733,13.8214207880156
5.19484126984127,0.814970278489482,0.604535208790695,1.97002583560346,13.8220724750908
5.19494047619048,0.814939570775848,0.604620123542721,1.96908372879215,13.8227240521926
5.19503968253968,0.814908797751107,0.604704989225006,1.96814207174522,13.8233755193445
5.19513888888889,0.814877959481613,0.604789805848865,1.9672008642546,13.8240268765702
5.19523809523809,0.814847056033733,0.604874573425589,1.96626010611225,13.8246781238931
5.1953373015873,0.81481608747385,0.604959291966454,1.96531979711023,13.8253292613369
5.19543650793651,0.814785053868363,0.605043961482714,1.96437993704067,13.825980288925
5.19553571428571,0.814753955283685,0.605128581985602,1.96344052569578,13.8266312066809
5.19563492063492,0.814722791786243,0.605213153486334,1.96250156286782,13.827282014628
5.19573412698413,0.814691563442482,0.605297675996105,1.96156304834914,13.8279327127898
5.19583333333333,0.81466027031886,0.605382149526091,1.96062498193218,13.8285833011898
5.19593253968254,0.814628912481849,0.60546657408745,1.95968736340941,13.8292337798512
5.19603174603175,0.814597489997939,0.605550949691316,1.95875019257342,13.8298841487975
5.19613095238095,0.814566002933634,0.605635276348809,1.95781346921683,13.830534408052
5.19623015873016,0.814534451355452,0.605719554071025,1.95687719313238,13.831184557638
5.19632936507937,0.814502835329927,0.605803782869042,1.95594136411284,13.8318345975788
5.19642857142857,0.814471154923608,0.605887962753918,1.95500598195109,13.8324845278977
5.19652777777778,0.814439410203059,0.605972093736693,1.95407104644005,13.8331343486179
5.19662698412698,0.814407601234859,0.606056175828386,1.95313655737274,13.8337840597627
5.19672619047619,0.814375728085602,0.606140209039997,1.95220251454223,13.8344336613553
5.1968253968254,0.814343790821898,0.606224193382506,1.9512689177417,13.8350831534188
5.1969246031746,0.814311789510371,0.606308128866873,1.95033576676435,13.8357325359765
5.19702380952381,0.81427972421766,0.606392015504039,1.94940306140351,13.8363818090513
5.19712301587302,0.814247595010421,0.606475853304926,1.94847080145255,13.8370309726666
5.19722222222222,0.814215401955322,0.606559642280436,1.94753898670491,13.8376800268452
5.19732142857143,0.814183145119049,0.60664338244145,1.94660761695413,13.8383289716104
5.19742063492063,0.814150824568301,0.606727073798833,1.94567669199379,13.8389778069852
5.19751984126984,0.814118440369793,0.606810716363425,1.94474621161757,13.8396265329925
5.19761904761905,0.814085992590255,0.606894310146053,1.94381617561921,13.8402751496554
5.19771825396825,0.814053481296432,0.606977855157519,1.94288658379254,13.8409236569968
5.19781746031746,0.814020906555084,0.607061351408607,1.94195743593144,13.8415720550397
5.19791666666667,0.813988268432988,0.607144798910082,1.94102873182989,13.842220343807
5.19801587301587,0.813955566996932,0.60722819767269,1.9401004712819,13.8428685233216
5.19811507936508,0.813922802313722,0.607311547707157,1.93917265408161,13.8435165936065
5.19821428571429,0.813889974450179,0.607394849024188,1.93824528002319,13.8441645546844
5.19831349206349,0.813857083473139,0.60747810163447,1.9373183489009,13.8448124065782
5.1984126984127,0.813824129449451,0.60756130554867,1.93639186050907,13.8454601493107
5.19851190476191,0.813791112445983,0.607644460777436,1.93546581464212,13.8461077829047
5.19861111111111,0.813758032529614,0.607727567331394,1.93454021109452,13.8467553073829
5.19871031746032,0.813724889767241,0.607810625221153,1.93361504966082,13.8474027227682
5.19880952380952,0.813691684225775,0.607893634457303,1.93269033013565,13.8480500290831
5.19890873015873,0.813658415972142,0.607976595050411,1.93176605231371,13.8486972263505
5.19900793650794,0.813625085073282,0.608059507011028,1.93084221598976,13.849344314593
5.19910714285714,0.813591691596153,0.608142370349683,1.92991882095867,13.8499912938332
5.19920634920635,0.813558235607726,0.608225185076887,1.92899586701534,13.8506381640938
5.19930555555556,0.813524717174987,0.60830795120313,1.92807335395478,13.8512849253973
5.19940476190476,0.813491136364937,0.608390668738884,1.92715128157205,13.8519315777664
5.19950396825397,0.813457493244594,0.6084733376946,1.92622964966228,13.8525781212236
5.19960317460317,0.813423787880989,0.60855595808071,1.9253084580207,13.8532245557914
5.19970238095238,0.813390020341169,0.608638529907627,1.92438770644259,13.8538708814924
5.19980158730159,0.813356190692195,0.608721053185744,1.92346739472331,13.854517098349
5.19990079365079,0.813322299001145,0.608803527925433,1.92254752265829,13.8551632063838
5.2,0.813288345335112,0.608885954137049,1.92162809004306,13.855809205619
5.20009920634921,0.813254329761201,0.608968331830926,1.92070909667318,13.8564550960773
5.20019841269841,0.813220252346536,0.609050661017378,1.91979054234431,13.8571008777809
5.20029761904762,0.813186113158253,0.6091329417067,1.91887242685217,13.8577465507522
5.20039682539683,0.813151912263505,0.609215173909168,1.91795474999258,13.8583921150136
5.20049603174603,0.813117649729459,0.609297357635037,1.91703751156141,13.8590375705874
5.20059523809524,0.813083325623299,0.609379492894545,1.91612071135459,13.859682917496
5.20069444444444,0.813048940012221,0.609461579697907,1.91520434916817,13.8603281557615
5.20079365079365,0.81301449296344,0.60954361805532,1.91428842479823,13.8609732854063
5.20089285714286,0.812979984544181,0.609625607976963,1.91337293804094,13.8616183064525
5.20099206349206,0.812945414821689,0.609707549472993,1.91245788869255,13.8622632189225
5.20109126984127,0.812910783863221,0.609789442553548,1.91154327654937,13.8629080228383
5.20119047619048,0.812876091736051,0.609871287228747,1.91062910140779,13.8635527182222
5.20128968253968,0.812841338507466,0.60995308350869,1.90971536306427,13.8641973050963
5.20138888888889,0.81280652424477,0.610034831403457,1.90880206131535,13.8648417834826
5.2014880952381,0.812771649015282,0.610116530923107,1.90788919595765,13.8654861534034
5.2015873015873,0.812736712886335,0.61019818207768,1.90697676678784,13.8661304148806
5.20168650793651,0.812701715925277,0.610279784877198,1.90606477360268,13.8667745679364
5.20178571428571,0.812666658199472,0.610361339331663,1.905153216199,13.8674186125927
5.20188492063492,0.812631539776298,0.610442845451055,1.90424209437371,13.8680625488716
5.20198412698413,0.812596360723151,0.610524303245337,1.90333140792379,13.868706376795
5.20208333333333,0.812561121107437,0.610605712724452,1.90242115664627,13.8693500963849
5.20218253968254,0.812525820996582,0.610687073898323,1.9015113403383,13.8699937076632
5.20228174603175,0.812490460458025,0.610768386776853,1.90060195879706,13.8706372106519
5.20238095238095,0.812455039559219,0.610849651369926,1.89969301181983,13.8712806053727
5.20248015873016,0.812419558367635,0.610930867687406,1.89878449920396,13.8719238918477
5.20257936507937,0.812384016950755,0.611012035739139,1.89787642074686,13.8725670700986
5.20267857142857,0.81234841537608,0.611093155534949,1.89696877624602,13.8732101401472
5.20277777777778,0.812312753711125,0.611174227084642,1.89606156549901,13.8738531020154
5.20287698412698,0.812277032023418,0.611255250398005,1.89515478830346,13.8744959557249
5.20297619047619,0.812241250380504,0.611336225484802,1.8942484444571,13.8751387012974
5.2030753968254,0.812205408849944,0.611417152354782,1.8933425337577,13.8757813387547
5.2031746031746,0.812169507499311,0.611498031017671,1.89243705600313,13.8764238681186
5.20327380952381,0.812133546396197,0.611578861483178,1.89153201099131,13.8770662894105
5.20337301587302,0.812097525608206,0.61165964376099,1.89062739852027,13.8777086026524
5.20347222222222,0.812061445202958,0.611740377860776,1.88972321838806,13.8783508078656
5.20357142857143,0.812025305248088,0.611821063792186,1.88881947039285,13.878992905072
5.20367063492063,0.811989105811247,0.611901701564847,1.88791615433286,13.879634894293
5.20376984126984,0.8119528469601,0.611982291188371,1.8870132700064,13.8802767755502
5.20386904761905,0.811916528762328,0.612062832672347,1.88611081721184,13.8809185488652
5.20396825396825,0.811880151285625,0.612143326026347,1.88520879574762,13.8815602142594
5.20406746031746,0.811843714597703,0.61222377125992,1.88430720541226,13.8822017717545
5.20416666666667,0.811807218766288,0.6123041683826,1.88340604600437,13.8828432213718
5.20426587301587,0.811770663859119,0.612384517403897,1.8825053173226,13.8834845631327
5.20436507936508,0.811734049943954,0.612464818333306,1.88160501916569,13.8841257970589
5.20446428571429,0.811697377088563,0.612545071180296,1.88070515133247,13.8847669231715
5.20456349206349,0.811660645360732,0.612625275954323,1.87980571362182,13.885407941492
5.2046626984127,0.811623854828262,0.61270543266482,1.87890670583271,13.8860488520418
5.2047619047619,0.81158700555897,0.6127855413212,1.87800812776416,13.8866896548422
5.20486111111111,0.811550097620687,0.612865601932859,1.87710997921528,13.8873303499145
5.20496031746032,0.811513131081259,0.612945614509172,1.87621225998526,13.8879709372799
5.20505952380952,0.811476106008547,0.613025579059493,1.87531496987335,13.8886114169599
5.20515873015873,0.811439022470429,0.613105495593159,1.87441810867888,13.8892517889755
5.20525793650794,0.811401880534797,0.613185364119485,1.87352167620126,13.889892053348
5.20535714285714,0.811364680269556,0.613265184647769,1.87262567223996,13.8905322100987
5.20545634920635,0.811327421742629,0.613344957187287,1.87173009659452,13.8911722592486
5.20555555555556,0.811290105021952,0.613424681747296,1.87083494906458,13.8918122008189
5.20565476190476,0.811252730175478,0.613504358337036,1.86994022944982,13.8924520348308
5.20575396825397,0.811215297271174,0.613583986965723,1.86904593755002,13.8930917613054
5.20585317460317,0.811177806377022,0.613663567642558,1.86815207316501,13.8937313802637
5.20595238095238,0.811140257561019,0.613743100376718,1.86725863609473,13.8943708917268
5.20605158730159,0.811102650891178,0.613822585177364,1.86636562613915,13.8950102957157
5.20615079365079,0.811064986435525,0.613902022053635,1.86547304309835,13.8956495922514
5.20625,0.811027264262105,0.613981411014653,1.86458088677245,13.8962887813549
5.20634920634921,0.810989484438974,0.614060752069517,1.86368915696167,13.8969278630473
5.20644841269841,0.810951647034205,0.614140045227309,1.8627978534663,13.8975668373493
5.20654761904762,0.810913752115885,0.614219290497091,1.86190697608667,13.898205704282
5.20664682539683,0.810875799752118,0.614298487887905,1.86101652462325,13.8988444638663
5.20674603174603,0.810837790011022,0.614377637408774,1.86012649887652,13.8994831161229
5.20684523809524,0.81079972296073,0.6144567390687,1.85923689864706,13.9001216610728
5.20694444444444,0.81076159866939,0.614535792876667,1.85834772373553,13.9007600987368
5.20704365079365,0.810723417205164,0.614614798841639,1.85745897394265,13.9013984291356
5.20714285714286,0.810685178636233,0.614693756972559,1.85657064906922,13.9020366522902
5.20724206349206,0.810646883030788,0.614772667278354,1.8556827489161,13.9026747682211
5.20734126984127,0.810608530457038,0.614851529767927,1.85479527328425,13.9033127769492
5.20744047619048,0.810570120983208,0.614930344450165,1.85390822197469,13.9039506784951
5.20753968253968,0.810531654677535,0.615009111333933,1.8530215947885,13.9045884728796
5.20763888888889,0.810493131608274,0.615087830428077,1.85213539152686,13.9052261601233
5.20773809523809,0.810454551843693,0.615166501741425,1.851249611991,13.9058637402469
5.2078373015873,0.810415915452076,0.615245125282783,1.85036425598223,13.9065012132709
5.20793650793651,0.810377222501723,0.61532370106094,1.84947932330195,13.907138579216
5.20803571428571,0.810338473060947,0.615402229084664,1.8485948137516,13.9077758381027
5.20813492063492,0.810299667198077,0.615480709362701,1.84771072713273,13.9084129899516
5.20823412698413,0.810260804981459,0.615559141903783,1.84682706324694,13.9090500347832
5.20833333333333,0.81022188647945,0.615637526716618,1.84594382189591,13.909686972618
5.20843253968254,0.810182911760427,0.615715863809896,1.84506100288139,13.9103238034764
5.20853174603175,0.810143880892777,0.615794153192287,1.84417860600522,13.9109605273791
5.20863095238095,0.810104793944907,0.615872394872441,1.84329663106929,13.9115971443463
5.20873015873016,0.810065650985235,0.615950588858991,1.84241507787557,13.9122336543984
5.20882936507937,0.810026452082196,0.616028735160547,1.84153394622611,13.912870057556
5.20892857142857,0.809987197304241,0.6161068337857,1.84065323592305,13.9135063538393
5.20902777777778,0.809947886719834,0.616184884743024,1.83977294676856,13.9141425432686
5.20912698412698,0.809908520397455,0.616262888041071,1.83889307856492,13.9147786258643
5.20922619047619,0.8098690984056,0.616340843688375,1.83801363111447,13.9154146016468
5.2093253968254,0.809829620812779,0.616418751693448,1.83713460421962,13.9160504706361
5.2094246031746,0.809790087687517,0.616496612064785,1.83625599768287,13.9166862328527
5.20952380952381,0.809750499098354,0.616574424810861,1.83537781130676,13.9173218883167
5.20962301587302,0.809710855113846,0.61665218994013,1.83450004489395,13.9179574370483
5.20972222222222,0.809671155802564,0.616729907461027,1.83362269824714,13.9185928790678
5.20982142857143,0.809631401233093,0.616807577381968,1.8327457711691,13.9192282143952
5.20992063492063,0.809591591474035,0.616885199711349,1.83186926346271,13.9198634430507
5.21001984126984,0.809551726594004,0.616962774457548,1.83099317493088,13.9204985650543
5.21011904761905,0.809511806661632,0.61704030162892,1.83011750537662,13.9211335804263
5.21021825396825,0.809471831745564,0.617117781233803,1.829242254603,13.9217684891867
5.21031746031746,0.809431801914463,0.617195213280516,1.82836742241318,13.9224032913554
5.21041666666667,0.809391717237004,0.617272597777356,1.82749300861037,13.9230379869525
5.21051587301587,0.809351577781878,0.617349934732601,1.82661901299788,13.923672575998
5.21061507936508,0.809311383617792,0.617427224154512,1.82574543537908,13.9243070585119
5.21071428571429,0.809271134813468,0.617504466051327,1.82487227555741,13.9249414345141
5.21081349206349,0.809230831437641,0.617581660431267,1.82399953333638,13.9255757040246
5.2109126984127,0.809190473559064,0.617658807302532,1.82312720851958,13.9262098670632
5.21101190476191,0.809150061246503,0.617735906673302,1.82225530091069,13.9268439236498
5.21111111111111,0.809109594568739,0.61781295855174,1.82138381031343,13.9274778738043
5.21121031746032,0.809069073594571,0.617889962945985,1.82051273653163,13.9281117175466
5.21130952380952,0.80902849839281,0.617966919864162,1.81964207936915,13.9287454548963
5.21140873015873,0.808987869032283,0.618043829314371,1.81877183862997,13.9293790858733
5.21150793650794,0.808947185581831,0.618120691304696,1.81790201411812,13.9300126104974
5.21160714285714,0.808906448110313,0.618197505843201,1.81703260563769,13.9306460287883
5.21170634920635,0.808865656686601,0.618274272937929,1.81616361299286,13.9312793407658
5.21180555555556,0.808824811379581,0.618350992596904,1.81529503598789,13.9319125464494
5.21190476190476,0.808783912258158,0.618427664828131,1.81442687442711,13.932545645859
5.21200396825397,0.808742959391247,0.618504289639595,1.81355912811491,13.933178639014
5.21210317460317,0.808701952847783,0.618580867039261,1.81269179685577,13.9338115259343
5.21220238095238,0.808660892696712,0.618657397035075,1.81182488045423,13.9344443066393
5.21230158730159,0.808619779006997,0.618733879634965,1.81095837871491,13.9350769811486
5.21240079365079,0.808578611847617,0.618810314846835,1.8100922914425,13.9357095494818
5.2125,0.808537391287564,0.618886702678574,1.80922661844177,13.9363420116584
5.21259920634921,0.808496117395846,0.618963043138049,1.80836135951756,13.936974367698
5.21269841269841,0.808454790241488,0.619039336233107,1.80749651447478,13.93760661762
5.21279761904762,0.808413409893527,0.619115581971579,1.80663208311842,13.9382387614439
5.21289682539683,0.808371976421015,0.619191780361271,1.80576806525354,13.9388707991891
5.21299603174603,0.808330489893023,0.619267931409974,1.80490446068528,13.939502730875
5.21309523809524,0.808288950378633,0.619344035125458,1.80404126921883,13.940134556521
5.21319444444444,0.808247357946944,0.619420091515471,1.80317849065949,13.9407662761466
5.21329365079365,0.80820571266707,0.619496100587746,1.80231612481259,13.941397889771
5.21339285714286,0.808164014608139,0.619572062349993,1.80145417148358,13.9420293974135
5.21349206349206,0.808122263839296,0.619647976809903,1.80059263047796,13.9426607990936
5.21359126984127,0.808080460429699,0.619723843975147,1.79973150160129,13.9432920948304
5.21369047619048,0.808038604448523,0.61979966385338,1.79887078465923,13.9439232846431
5.21378968253968,0.807996695964957,0.619875436452232,1.7980104794575,13.9445543685512
5.21388888888889,0.807954735048204,0.619951161779317,1.79715058580189,13.9451853465736
5.2139880952381,0.807912721767484,0.62002683984223,1.79629110349827,13.9458162187297
5.2140873015873,0.807870656192032,0.620102470648542,1.79543203235258,13.9464469850386
5.21418650793651,0.807828538391097,0.62017805420581,1.79457337217085,13.9470776455194
5.21428571428571,0.807786368433944,0.620253590521567,1.79371512275915,13.9477082001912
5.21438492063492,0.807744146389853,0.620329079603329,1.79285728392365,13.9483386490732
5.21448412698413,0.807701872328117,0.620404521458592,1.79199985547059,13.9489689921844
5.21458333333333,0.807659546318048,0.620479916094831,1.79114283720627,13.9495992295438
5.21468253968254,0.807617168428969,0.620555263519503,1.79028622893708,13.9502293611706
5.21478174603175,0.807574738730221,0.620630563740046,1.78943003046947,13.9508593870836
5.21488095238095,0.80753225729116,0.620705816763875,1.78857424160998,13.9514893073018
5.21498015873016,0.807489724181155,0.62078102259839,1.7877188621652,13.9521191218443
5.21507936507937,0.807447139469591,0.620856181250968,1.78686389194182,13.9527488307299
5.21517857142857,0.807404503225869,0.620931292728968,1.78600933074658,13.9533784339775
5.21527777777778,0.807361815519405,0.621006357039729,1.78515517838632,13.9540079316061
5.21537698412698,0.807319076419628,0.62108137419057,1.78430143466791,13.9546373236345
5.21547619047619,0.807276285995985,0.621156344188791,1.78344809939834,13.9552666100815
5.2155753968254,0.807233444317937,0.621231267041673,1.78259517238465,13.955895790966
5.2156746031746,0.807190551454958,0.621306142756476,1.78174265343396,13.9565248663067
5.21577380952381,0.807147607476541,0.621380971340441,1.78089054235346,13.9571538361224
5.21587301587302,0.80710461245219,0.62145575280079,1.78003883895041,13.9577827004319
5.21597222222222,0.807061566451427,0.621530487144726,1.77918754303215,13.9584114592538
5.21607142857143,0.807018469543789,0.621605174379429,1.7783366544061,13.959040112607
5.21617063492063,0.806975321798826,0.621679814512064,1.77748617287973,13.95966866051
5.21626984126984,0.806932123286105,0.621754407549774,1.7766360982606,13.9602971029815
5.21636904761905,0.806888874075206,0.621828953499681,1.77578643035636,13.9609254400401
5.21646825396825,0.806845574235728,0.621903452368891,1.7749371689747,13.9615536717045
5.21656746031746,0.806802223837281,0.621977904164487,1.7740883139234,13.9621817979933
5.21666666666667,0.806758822949492,0.622052308893535,1.77323986501032,13.9628098189249
5.21676587301587,0.806715371642002,0.622126666563081,1.77239182204338,13.963437734518
5.21686507936508,0.806671869984469,0.622200977180149,1.77154418483058,13.964065544791
5.21696428571429,0.806628318046564,0.622275240751747,1.77069695317998,13.9646932497625
5.21706349206349,0.806584715897975,0.622349457284861,1.76985012689976,13.9653208494509
5.2171626984127,0.806541063608403,0.622423626786457,1.76900370579811,13.9659483438746
5.21726190476191,0.806497361247567,0.622497749263484,1.76815768968333,13.9665757330522
5.21736111111111,0.806453608885197,0.622571824722869,1.76731207836379,13.9672030170019
5.21746031746032,0.806409806591042,0.622645853171521,1.76646687164793,13.9678301957421
5.21755952380952,0.806365954434864,0.622719834616329,1.76562206934427,13.9684572692913
5.21765873015873,0.80632205248644,0.622793769064161,1.76477767126139,13.9690842376678
5.21775793650794,0.806278100815563,0.622867656521868,1.76393367720794,13.9697111008897
5.21785714285714,0.806234099492041,0.622941496996279,1.76309008699267,13.9703378589756
5.21795634920635,0.806190048585696,0.623015290494205,1.76224690042438,13.9709645119435
5.21805555555556,0.806145948166368,0.623089037022437,1.76140411731196,13.9715910598117
5.21815476190476,0.806101798303907,0.623162736587746,1.76056173746436,13.9722175025985
5.21825396825397,0.806057599068183,0.623236389196883,1.7597197606906,13.9728438403221
5.21835317460317,0.806013350529079,0.623309994856582,1.75887818679979,13.9734700730005
5.21845238095238,0.805969052756492,0.623383553573555,1.7580370156011,13.974096200652
5.21855158730159,0.805924705820337,0.623457065354494,1.75719624690379,13.9747222232947
5.21865079365079,0.805880309790542,0.623530530206073,1.75635588051717,13.9753481409467
5.21875,0.80583586473705,0.623603948134946,1.75551591625064,13.9759739536261
5.21884920634921,0.80579137072982,0.623677319147747,1.75467635391366,13.9765996613508
5.21894841269841,0.805746827838825,0.623750643251091,1.75383719331579,13.977225264139
5.21904761904762,0.805702236134054,0.623823920451573,1.75299843426663,13.9778507620086
5.21914682539682,0.805657595685511,0.623897150755769,1.75216007657588,13.9784761549777
5.21924603174603,0.805612906563215,0.623970334170235,1.7513221200533,13.9791014430641
5.21934523809524,0.8055681688372,0.624043470701507,1.75048456450872,13.9797266262859
5.21944444444444,0.805523382577515,0.624116560356102,1.74964740975206,13.980351704661
5.21954365079365,0.805478547854225,0.624189603140516,1.74881065559329,13.9809766782072
5.21964285714286,0.805433664737408,0.624262599061229,1.74797430184248,13.9816015469423
5.21974206349206,0.805388733297159,0.624335548124697,1.74713834830976,13.9822263108844
5.21984126984127,0.805343753603588,0.62440845033736,1.74630279480532,13.9828509700511
5.21994047619048,0.805298725726818,0.624481305705638,1.74546764113945,13.9834755244603
5.22003968253968,0.80525364973699,0.624554114235927,1.74463288712249,13.9840999741297
5.22013888888889,0.805208525704258,0.624626875934609,1.74379853256488,13.9847243190772
5.22023809523809,0.805163353698793,0.624699590808044,1.74296457727711,13.9853485593204
5.2203373015873,0.805118133790778,0.624772258862572,1.74213102106974,13.985972694877
5.22043650793651,0.805072866050414,0.624844880104515,1.74129786375344,13.9865967257647
5.22053571428571,0.805027550547917,0.624917454540174,1.7404651051389,13.9872206520013
5.22063492063492,0.804982187353515,0.624989982175831,1.73963274503692,13.9878444736042
5.22073412698413,0.804936776537455,0.625062463017749,1.73880078325837,13.9884681905912
5.22083333333333,0.804891318169997,0.625134897072169,1.7379692196142,13.9890918029799
5.22093253968254,0.804845812321415,0.625207284345316,1.7371380539154,13.9897153107877
5.22103174603175,0.804800259062002,0.625279624843393,1.73630728597307,13.9903387140323
5.22113095238095,0.804754658462062,0.625351918572584,1.73547691559836,13.9909620127311
5.22123015873016,0.804709010591915,0.625424165539053,1.73464694260251,13.9915852069017
5.22132936507936,0.804663315521899,0.625496365748946,1.73381736679682,13.9922082965615
5.22142857142857,0.804617573322362,0.625568519208388,1.73298818799266,13.9928312817281
5.22152777777778,0.804571784063673,0.625640625923483,1.73215940600151,13.9934541624188
5.22162698412698,0.80452594781621,0.62571268590032,1.73133102063487,13.994076938651
5.22172619047619,0.804480064650372,0.625784699144963,1.73050303170436,13.9946996104421
5.2218253968254,0.804434134636568,0.625856665663461,1.72967543902164,13.9953221778095
5.2219246031746,0.804388157845225,0.62592858546184,1.72884824239847,13.9959446407705
5.22202380952381,0.804342134346785,0.626000458546109,1.72802144164665,13.9965669993424
5.22212301587302,0.804296064211703,0.626072284922256,1.72719503657809,13.9971892535426
5.22222222222222,0.804249947510452,0.626144064596249,1.72636902700474,13.9978114033882
5.22232142857143,0.804203784313518,0.626215797574038,1.72554341273867,13.9984334488966
5.22242063492063,0.804157574691403,0.626287483861552,1.72471819359197,13.9990553900849
5.22251984126984,0.804111318714623,0.626359123464701,1.72389336937683,13.9996772269704
5.22261904761905,0.804065016453711,0.626430716389376,1.72306893990552,14.0002989595702
5.22271825396825,0.804018667979213,0.626502262641447,1.72224490499037,14.0009205879015
5.22281746031746,0.803972273361692,0.626573762226766,1.72142126444379,14.0015421119814
5.22291666666667,0.803925832671724,0.626645215151164,1.72059801807825,14.0021635318271
5.22301587301587,0.803879345979902,0.626716621420454,1.71977516570633,14.0027848474555
5.22311507936508,0.803832813356833,0.626787981040427,1.71895270714064,14.0034060588838
5.22321428571429,0.80378623487314,0.626859294016857,1.71813064219388,14.004027166129
5.22331349206349,0.803739610599461,0.626930560355498,1.71730897067884,14.0046481692081
5.2234126984127,0.803692940606447,0.627001780062083,1.71648769240835,14.0052690681381
5.2235119047619,0.803646224964766,0.627072953142326,1.71566680719535,14.005889862936
5.22361111111111,0.803599463745101,0.627144079601922,1.71484631485283,14.0065105536187
5.22371031746032,0.80355265701815,0.627215159446546,1.71402621519384,14.0071311402031
5.22380952380952,0.803505804854627,0.627286192681854,1.71320650803156,14.0077516227062
5.22390873015873,0.803458907325258,0.627357179313481,1.71238719317918,14.0083720011448
5.22400793650794,0.803411964500787,0.627428119347043,1.71156827045,14.0089922755358
5.22410714285714,0.803364976451973,0.627499012788139,1.71074973965738,14.0096124458959
5.22420634920635,0.803317943249588,0.627569859642344,1.70993160061476,14.0102325122421
5.22430555555556,0.803270864964421,0.627640659915216,1.70911385313564,14.010852474591
5.22440476190476,0.803223741667275,0.627711413612294,1.70829649703361,14.0114723329595
5.22450396825397,0.803176573428969,0.627782120739096,1.70747953212233,14.0120920873643
5.22460317460317,0.803129360320336,0.62785278130112,1.70666295821554,14.0127117378221
5.22470238095238,0.803082102412226,0.627923395303846,1.70584677512702,14.0133312843496
5.22480158730159,0.803034799775502,0.627993962752735,1.70503098267067,14.0139507269634
5.22490079365079,0.802987452481043,0.628064483653225,1.70421558066043,14.0145700656802
5.225,0.802940060599743,0.628134958010737,1.70340056891033,14.0151893005166
5.22509920634921,0.80289262420251,0.628205385830674,1.70258594723446,14.0158084314893
5.22519841269841,0.80284514336027,0.628275767118415,1.70177171544699,14.0164274586147
5.22529761904762,0.802797618143961,0.628346101879323,1.70095787336218,14.0170463819095
5.22539682539683,0.802750048624538,0.62841639011874,1.70014442079434,14.0176652013902
5.22549603174603,0.802702434872969,0.628486631841989,1.69933135755787,14.0182839170733
5.22559523809524,0.802654776960241,0.628556827054373,1.69851868346722,14.0189025289752
5.22569444444444,0.802607074957351,0.628626975761175,1.69770639833693,14.0195210371124
5.22579365079365,0.802559328935316,0.62869707796766,1.69689450198163,14.0201394415014
5.22589285714286,0.802511538965163,0.628767133679072,1.69608299421599,14.0207577421586
5.22599206349206,0.80246370511794,0.628837142900635,1.69527187485477,14.0213759391004
5.22609126984127,0.802415827464704,0.628907105637556,1.69446114371282,14.0219940323431
5.22619047619048,0.802367906076532,0.628977021895018,1.69365080060503,14.022612021903
5.22628968253968,0.802319941024514,0.62904689167819,1.69284084534638,14.0232299077966
5.22638888888889,0.802271932379754,0.629116714992217,1.69203127775193,14.0238476900401
5.22648809523809,0.802223880213373,0.629186491842226,1.6912220976368,14.0244653686497
5.2265873015873,0.802175784596507,0.629256222233324,1.6904133048162,14.0250829436418
5.22668650793651,0.802127645600305,0.6293259061706,1.68960489910538,14.0257004150325
5.22678571428571,0.802079463295933,0.629395543659122,1.68879688031972,14.026317782838
5.22688492063492,0.802031237754573,0.629465134703937,1.68798924827463,14.0269350470747
5.22698412698413,0.801982969047419,0.629534679310076,1.6871820027856,14.0275522077585
5.22708333333333,0.801934657245683,0.629604177482548,1.68637514366819,14.0281692649056
5.22718253968254,0.80188630242059,0.629673629226342,1.68556867073806,14.0287862185322
5.22728174603175,0.801837904643381,0.629743034546429,1.6847625838109,14.0294030686544
5.22738095238095,0.801789463985312,0.62981239344776,1.68395688270252,14.0300198152881
5.22748015873016,0.801740980517656,0.629881705935266,1.68315156722877,14.0306364584496
5.22757936507937,0.801692454311697,0.629950972013858,1.68234663720559,14.0312529981546
5.22767857142857,0.801643885438737,0.630020191688429,1.68154209244899,14.0318694344194
5.22777777777778,0.801595273970092,0.630089364963851,1.68073793277505,14.0324857672598
5.22787698412698,0.801546619977095,0.630158491844977,1.67993415799992,14.0331019966918
5.22797619047619,0.801497923531091,0.63022757233664,1.67913076793984,14.0337181227313
5.2280753968254,0.801449184703442,0.630296606443654,1.6783277624111,14.0343341453943
5.2281746031746,0.801400403565525,0.630365594170813,1.67752514123008,14.0349500646966
5.22827380952381,0.801351580188733,0.630434535522892,1.67672290421324,14.035565880654
5.22837301587302,0.80130271464447,0.630503430504646,1.67592105117709,14.0361815932825
5.22847222222222,0.801253807004161,0.630572279120809,1.67511958193823,14.0367972025978
5.22857142857143,0.801204857339242,0.630641081376099,1.67431849631333,14.0374127086157
5.22867063492063,0.801155865721165,0.63070983727521,1.67351779411914,14.038028111352
5.22876984126984,0.801106832221397,0.630778546822821,1.67271747517247,14.0386434108224
5.22886904761905,0.80105775691142,0.630847210023588,1.67191753929021,14.0392586070427
5.22896825396825,0.801008639862734,0.630915826882148,1.67111798628932,14.0398737000285
5.22906746031746,0.800959481146848,0.63098439740312,1.67031881598685,14.0404886897955
5.22916666666667,0.800910280835293,0.631052921591101,1.6695200281999,14.0411035763594
5.22926587301587,0.800861038999609,0.631121399450672,1.66872162274566,14.0417183597358
5.22936507936508,0.800811755711355,0.63118983098639,1.66792359944138,14.0423330399403
5.22946428571429,0.800762431042104,0.631258216202796,1.6671259581044,14.0429476169884
5.22956349206349,0.800713065063443,0.63132655510441,1.66632869855212,14.0435620908959
5.2296626984127,0.800663657846976,0.631394847695733,1.66553182060202,14.0441764616781
5.22976190476191,0.800614209464322,0.631463093981244,1.66473532407165,14.0447907293506
5.22986111111111,0.800564719987112,0.631531293965406,1.66393920877864,14.0454048939288
5.22996031746032,0.800515189486996,0.631599447652661,1.66314347454068,14.0460189554284
5.23005952380952,0.800465618035637,0.631667555047429,1.66234812117555,14.0466329138646
5.23015873015873,0.800416005704713,0.631735616154115,1.66155314850109,14.0472467692529
5.23025793650794,0.800366352565918,0.631803630977102,1.66075855633522,14.0478605216088
5.23035714285714,0.800316658690961,0.631871599520752,1.65996434449593,14.0484741709475
5.23045634920635,0.800266924151565,0.63193952178941,1.6591705128013,14.0490877172845
5.23055555555556,0.80021714901947,0.6320073977874,1.65837706106945,14.049701160635
5.23065476190476,0.800167333366429,0.632075227519026,1.65758398911861,14.0503145010144
5.23075396825397,0.800117477264211,0.632143010988575,1.65679129676705,14.050927738438
5.23085317460317,0.8000675807846,0.63221074820031,1.65599898383315,14.051540872921
5.23095238095238,0.800017643999395,0.63227843915848,1.65520705013532,14.0521539044786
5.23105158730159,0.799967666980412,0.632346083867309,1.65441549549209,14.0527668331261
5.23115079365079,0.799917649799478,0.632413682331006,1.65362431972201,14.0533796588786
5.23125,0.799867592528439,0.632481234553756,1.65283352264377,14.0539923817513
5.23134920634921,0.799817495239155,0.632548740539728,1.65204310407608,14.0546050017594
5.23144841269841,0.799767358003499,0.632616200293071,1.65125306383773,14.055217518918
5.23154761904762,0.799717180893361,0.632683613817912,1.65046340174762,14.0558299332422
5.23164682539683,0.799666963980647,0.63275098111836,1.64967411762467,14.056442244747
5.23174603174603,0.799616707337276,0.632818302198506,1.64888521128792,14.0570544534475
5.23184523809524,0.799566411035183,0.632885577062419,1.64809668255645,14.0576665593587
5.23194444444444,0.799516075146318,0.632952805714148,1.64730853124945,14.0582785624957
5.23204365079365,0.799465699742646,0.633019988157725,1.64652075718614,14.0588904628734
5.23214285714286,0.799415284896149,0.633087124397162,1.64573336018585,14.0595022605068
5.23224206349206,0.79936483067882,0.633154214436448,1.64494634006795,14.0601139554107
5.23234126984127,0.79931433716267,0.633221258279557,1.64415969665193,14.0607255476002
5.23244047619048,0.799263804419725,0.633288255930441,1.6433734297573,14.0613370370901
5.23253968253968,0.799213232522025,0.633355207393033,1.64258753920368,14.0619484238953
5.23263888888889,0.799162621541626,0.633422112671246,1.64180202481075,14.0625597080306
5.2327380952381,0.7991119715506,0.633488971768973,1.64101688639827,14.0631708895109
5.2328373015873,0.79906128262103,0.633555784690089,1.64023212378607,14.0637819683509
5.23293650793651,0.79901055482502,0.633622551438447,1.63944773679405,14.0643929445654
5.23303571428571,0.798959788234684,0.633689272017884,1.63866372524219,14.0650038181691
5.23313492063492,0.798908982922154,0.633755946432214,1.63788008895053,14.0656145891769
5.23323412698413,0.798858138959575,0.633822574685234,1.6370968277392,14.0662252576033
5.23333333333333,0.798807256419109,0.633889156780719,1.63631394142839,14.0668358234632
5.23343253968254,0.798756335372934,0.633955692722425,1.63553142983838,14.067446286771
5.23353174603175,0.798705375893239,0.634022182514091,1.63474929278952,14.0680566475415
5.23363095238095,0.798654378052231,0.634088626159434,1.63396753010221,14.0686669057893
5.23373015873016,0.798603341922133,0.63415502366215,1.63318614159695,14.069277061529
5.23382936507937,0.798552267575181,0.63422137502592,1.63240512709431,14.0698871147751
5.23392857142857,0.798501155083626,0.634287680254401,1.63162448641491,14.0704970655422
5.23402777777778,0.798450004519736,0.634353939351233,1.63084421937948,14.0711069138448
5.23412698412698,0.798398815955792,0.634420152320035,1.63006432580879,14.0717166596974
5.23422619047619,0.798347589464091,0.634486319164408,1.62928480552371,14.0723263031145
5.2343253968254,0.798296325116947,0.634552439887931,1.62850565834517,14.0729358441104
5.2344246031746,0.798245022986685,0.634618514494165,1.62772688409417,14.0735452826998
5.23452380952381,0.798193683145649,0.634684542986653,1.62694848259179,14.0741546188968
5.23462301587302,0.798142305666195,0.634750525368915,1.62617045365918,14.074763852716
5.23472222222222,0.798090890620696,0.634816461644454,1.62539279711757,14.0753729841717
5.23482142857143,0.79803943808154,0.634882351816753,1.62461551278825,14.0759820132783
5.23492063492063,0.79798794812113,0.634948195889274,1.6238386004926,14.0765909400499
5.23501984126984,0.797936420811882,0.63501399386546,1.62306206005208,14.077199764501
5.23511904761905,0.797884856226231,0.635079745748736,1.62228589128818,14.0778084866458
5.23521825396825,0.797833254436624,0.635145451542506,1.62151009402252,14.0784171064985
5.23531746031746,0.797781615515523,0.635211111250154,1.62073466807675,14.0790256240734
5.23541666666667,0.797729939535408,0.635276724875046,1.61995961327261,14.0796340393846
5.23551587301587,0.79767822656877,0.635342292420527,1.61918492943193,14.0802423524464
5.23561507936508,0.797626476688119,0.635407813889923,1.61841061637657,14.0808505632728
5.23571428571429,0.797574689965978,0.635473289286541,1.61763667392851,14.081458671878
5.23581349206349,0.797522866474886,0.635538718613667,1.61686310190978,14.0820666782762
5.2359126984127,0.797471006287395,0.635604101874568,1.61608990014249,14.0826745824813
5.2360119047619,0.797419109476075,0.635669439072493,1.61531706844882,14.0832823845074
5.23611111111111,0.797367176113509,0.635734730210668,1.61454460665101,14.0838900843687
5.23621031746032,0.797315206272296,0.635799975292304,1.61377251457141,14.084497682079
5.23630952380952,0.797263200025049,0.635865174320589,1.6130007920324,14.0851051776524
5.23640873015873,0.797211157444399,0.635930327298691,1.61222943885647,14.0857125711029
5.23650793650794,0.797159078602988,0.635995434229761,1.61145845486617,14.0863198624443
5.23660714285714,0.797106963573477,0.636060495116929,1.61068783988411,14.0869270516906
5.23670634920635,0.797054812428538,0.636125509963306,1.60991759373299,14.0875341388558
5.23680555555556,0.797002625240863,0.636190478771982,1.60914771623558,14.0881411239536
5.23690476190476,0.796950402083154,0.63625540154603,1.60837820721472,14.088748006998
5.23700396825397,0.796898143028132,0.6363202782885,1.60760906649333,14.0893547880027
5.23710317460317,0.796845848148531,0.636385109002426,1.60684029389439,14.0899614669815
5.23720238095238,0.7967935175171,0.63644989369082,1.60607188924097,14.0905680439483
5.23730158730159,0.796741151206605,0.636514632356675,1.60530385235621,14.0911745189168
5.23740079365079,0.796688749289826,0.636579325002965,1.60453618306331,14.0917808919007
5.2375,0.796636311839557,0.636643971632644,1.60376888118555,14.0923871629138
5.23759920634921,0.796583838928608,0.636708572248646,1.6030019465463,14.0929933319697
5.23769841269841,0.796531330629804,0.636773126853887,1.60223537896899,14.093599399082
5.23779761904762,0.796478787015986,0.636837635451261,1.6014691782771,14.0942053642646
5.23789682539683,0.796426208160008,0.636902098043644,1.60070334429423,14.0948112275308
5.23799603174603,0.796373594134742,0.636966514633892,1.59993787684403,14.0954169888944
5.23809523809524,0.796320945013073,0.637030885224842,1.59917277575022,14.096022648369
5.23819444444444,0.796268260867901,0.637095209819311,1.59840804083659,14.096628205968
5.23829365079365,0.796215541772141,0.637159488420096,1.59764367192701,14.097233661705
5.23839285714286,0.796162787798725,0.637223721029975,1.59687966884544,14.0978390155935
5.23849206349206,0.796109999020599,0.637287907651706,1.59611603141588,14.098444267647
5.23859126984127,0.796057175510722,0.637352048288029,1.59535275946243,14.099049417879
5.23869047619048,0.796004317342072,0.637416142941662,1.59458985280926,14.0996544663028
5.23878968253968,0.795951424587639,0.637480191615304,1.5938273112806,14.1002594129319
5.23888888888889,0.795898497320429,0.637544194311636,1.59306513470077,14.1008642577797
5.23898809523809,0.795845535613464,0.637608151033317,1.59230332289414,14.1014690008595
5.2390873015873,0.79579253953978,0.63767206178299,1.59154187568518,14.1020736421847
5.23918650793651,0.795739509172428,0.637735926563274,1.59078079289842,14.1026781817686
5.23928571428571,0.795686444584474,0.637799745376772,1.59002007435846,14.1032826196245
5.23938492063492,0.795633345849002,0.637863518226066,1.58925971989,14.1038869557657
5.23948412698413,0.795580213039106,0.637927245113718,1.58849972931777,14.1044911902053
5.23958333333333,0.795527046227899,0.637990926042271,1.5877401024666,14.1050953229568
5.23968253968254,0.795473845488508,0.638054561014248,1.58698083916139,14.1056993540331
5.23978174603175,0.795420610894075,0.638118150032154,1.58622193922712,14.1063032834476
5.23988095238095,0.795367342517756,0.638181693098472,1.58546340248884,14.1069071112134
5.23998015873016,0.795314040432723,0.638245190215667,1.58470522877165,14.1075108373436
5.24007936507937,0.795260704712164,0.638308641386184,1.58394741790076,14.1081144618513
5.24017857142857,0.795207335429282,0.638372046612449,1.58318996970143,14.1087179847497
5.24027777777778,0.795153932657293,0.638435405896867,1.58243288399901,14.1093214060517
5.24037698412698,0.795100496469431,0.638498719241824,1.5816761606189,14.1099247257705
5.24047619047619,0.795047026938941,0.638561986649688,1.5809197993866,14.110527943919
5.2405753968254,0.794993524139088,0.638625208122806,1.58016380012767,14.1111310605102
5.2406746031746,0.794939988143148,0.638688383663505,1.57940816266773,14.1117340755571
5.24077380952381,0.794886419024415,0.638751513274093,1.57865288683249,14.1123369890727
5.24087301587302,0.794832816856197,0.638814596956859,1.57789797244775,14.1129398010699
5.24097222222222,0.794779181711816,0.638877634714071,1.57714341933935,14.1135425115616
5.24107142857143,0.794725513664611,0.638940626547979,1.57638922733323,14.1141451205606
5.24117063492063,0.794671812787934,0.639003572460813,1.57563539625537,14.1147476280799
5.24126984126984,0.794618079155154,0.639066472454782,1.57488192593187,14.1153500341322
5.24136904761905,0.794564312839655,0.639129326532077,1.57412881618886,14.1159523387304
5.24146825396825,0.794510513914834,0.639192134694869,1.57337606685257,14.1165545418872
5.24156746031746,0.794456682454105,0.63925489694531,1.57262367774929,14.1171566436155
5.24166666666667,0.794402818530897,0.639317613285531,1.57187164870541,14.1177586439279
5.24176587301587,0.794348922218653,0.639380283717645,1.57111997954734,14.1183605428372
5.24186507936508,0.794294993590832,0.639442908243744,1.57036867010162,14.1189623403561
5.24196428571429,0.794241032720908,0.639505486865902,1.56961772019483,14.1195640364973
5.24206349206349,0.794187039682371,0.639568019586171,1.56886712965364,14.1201656312733
5.2421626984127,0.794133014548723,0.639630506406586,1.56811689830478,14.1207671246968
5.24226190476191,0.794078957393483,0.639692947329162,1.56736702597506,14.1213685167805
5.24236111111111,0.794024868290187,0.639755342355892,1.56661751249136,14.1219698075369
5.24246031746032,0.793970747312384,0.639817691488752,1.56586835768065,14.1225709969785
5.24255952380952,0.793916594533637,0.639879994729699,1.56511956136995,14.123172085118
5.24265873015873,0.793862410027527,0.639942252080667,1.56437112338637,14.1237730719677
5.24275793650794,0.793808193867647,0.640004463543573,1.56362304355708,14.1243739575402
5.24285714285714,0.793753946127608,0.640066629120315,1.56287532170933,14.124974741848
5.24295634920635,0.793699666881034,0.64012874881277,1.56212795767046,14.1255754249035
5.24305555555556,0.793645356201565,0.640190822622795,1.56138095126784,14.1261760067191
5.24315476190476,0.793591014162855,0.640252850552229,1.56063430232897,14.1267764873072
5.24325396825397,0.793536640838575,0.64031483260289,1.55988801068139,14.1273768666802
5.24335317460317,0.793482236302411,0.640376768776576,1.5591420761527,14.1279771448504
5.24345238095238,0.793427800628061,0.640438659075069,1.55839649857061,14.1285773218302
5.24355158730159,0.793373333889241,0.640500503500127,1.55765127776287,14.1291773976319
5.24365079365079,0.793318836159682,0.640562302053491,1.55690641355733,14.1297773722676
5.24375,0.793264307513128,0.640624054736883,1.5561619057819,14.1303772457498
5.24384920634921,0.793209748023341,0.640685761552001,1.55541775426456,14.1309770180906
5.24394841269841,0.793155157764096,0.640747422500529,1.55467395883338,14.1315766893023
5.24404761904762,0.793100536809184,0.640809037584128,1.55393051931648,14.1321762593969
5.24414682539683,0.79304588523241,0.640870606804441,1.55318743554208,14.1327757283868
5.24424603174603,0.792991203107595,0.64093213016309,1.55244470733845,14.133375096284
5.24434523809524,0.792936490508576,0.64099360766168,1.55170233453394,14.1339743631006
5.24444444444444,0.792881747509202,0.641055039301793,1.55096031695699,14.1345735288488
5.24454365079365,0.792826974183341,0.641116425084994,1.55021865443608,14.1351725935406
5.24464285714286,0.792772170604873,0.641177765012826,1.5494773467998,14.135771557188
5.24474206349206,0.792717336847695,0.641239059086817,1.5487363938768,14.1363704198031
5.24484126984127,0.792662472985718,0.641300307308469,1.54799579549579,14.136969181398
5.24494047619048,0.792607579092868,0.64136150967927,1.54725555148556,14.1375678419845
5.24503968253968,0.792552655243088,0.641422666200686,1.54651566167499,14.1381664015746
5.24513888888889,0.792497701510333,0.641483776874163,1.54577612589301,14.1387648601803
5.2452380952381,0.792442717968575,0.641544841701129,1.54503694396863,14.1393632178134
5.2453373015873,0.792387704691802,0.641605860682991,1.54429811573096,14.1399614744859
5.24543650793651,0.792332661754015,0.641666833821136,1.54355964100914,14.1405596302096
5.24553571428571,0.792277589229231,0.641727761116934,1.54282151963242,14.1411576849964
5.24563492063492,0.792222487191482,0.641788642571732,1.5420837514301,14.141755638858
5.24573412698413,0.792167355714815,0.641849478186861,1.54134633623156,14.1423534918064
5.24583333333333,0.792112194873293,0.64191026796363,1.54060927386626,14.1429512438531
5.24593253968254,0.792057004740992,0.641971011903328,1.53987256416373,14.1435488950101
5.24603174603175,0.792001785392005,0.642031710007228,1.53913620695356,14.144146445289
5.24613095238095,0.79194653690044,0.642092362276578,1.53840020206544,14.1447438947014
5.24623015873016,0.79189125934042,0.642152968712611,1.53766454932912,14.1453412432592
5.24632936507937,0.791835952786081,0.642213529316538,1.53692924857441,14.145938490974
5.24642857142857,0.791780617311577,0.642274044089552,1.53619429963121,14.1465356378573
5.24652777777778,0.791725252991075,0.642334513032825,1.5354597023295,14.1471326839208
5.24662698412698,0.791669859898759,0.642394936147511,1.53472545649931,14.1477296291761
5.24672619047619,0.791614438108826,0.642455313434742,1.53399156197076,14.1483264736347
5.2468253968254,0.791558987695489,0.642515644895633,1.53325801857404,14.1489232173082
5.2469246031746,0.791503508732978,0.642575930531277,1.53252482613942,14.1495198602082
5.24702380952381,0.791448001295534,0.64263617034275,1.53179198449723,14.150116402346
5.24712301587302,0.791392465457417,0.642696364331106,1.53105949347789,14.1507128437332
5.24722222222222,0.791336901292899,0.642756512497382,1.53032735291187,14.1513091843812
5.24732142857143,0.79128130887627,0.642816614842593,1.52959556262973,14.1519054243014
5.24742063492063,0.791225688281832,0.642876671367736,1.52886412246211,14.1525015635053
5.24751984126984,0.791170039583905,0.642936682073788,1.52813303223971,14.1530976020042
5.24761904761905,0.791114362856823,0.642996646961705,1.5274022917933,14.1536935398095
5.24771825396825,0.791058658174934,0.643056566032425,1.52667190095375,14.1542893769324
5.24781746031746,0.791002925612602,0.643116439286867,1.52594185955197,14.1548851133844
5.24791666666667,0.790947165244207,0.643176266725929,1.52521216741895,14.1554807491767
5.24801587301587,0.790891377144142,0.643236048350491,1.52448282438579,14.1560762843206
5.24811507936508,0.790835561386816,0.643295784161411,1.52375383028361,14.1566717188273
5.24821428571429,0.790779718046655,0.643355474159529,1.52302518494363,14.157267052708
5.24831349206349,0.790723847198097,0.643415118345666,1.52229688819716,14.1578622859739
5.2484126984127,0.790667948915597,0.643474716720622,1.52156893987555,14.1584574186362
5.24851190476191,0.790612023273624,0.643534269285178,1.52084133981025,14.1590524507061
5.24861111111111,0.790556070346664,0.643593776040096,1.52011408783277,14.1596473821946
5.24871031746032,0.790500090209215,0.643653236986117,1.51938718377468,14.1602422131128
5.24880952380952,0.790444082935793,0.643712652123965,1.51866062746766,14.1608369434719
5.24890873015873,0.790388048600928,0.643772021454341,1.51793441874344,14.1614315732829
5.24900793650794,0.790331987279164,0.64383134497793,1.51720855743381,14.1620261025569
5.24910714285714,0.790275899045062,0.643890622695395,1.51648304337067,14.1626205313047
5.24920634920635,0.790219783973197,0.643949854607379,1.51575787638597,14.1632148595375
5.24930555555556,0.790163642138159,0.644009040714507,1.51503305631173,14.1638090872662
5.24940476190476,0.790107473614554,0.644068181017384,1.51430858298005,14.1644032145017
5.24950396825397,0.790051278477002,0.644127275516596,1.51358445622311,14.1649972412549
5.24960317460317,0.789995056800138,0.644186324212708,1.51286067587316,14.1655911675368
5.24970238095238,0.789938808658613,0.644245327106266,1.5121372417625,14.1661849933582
5.24980158730159,0.789882534127093,0.644304284197798,1.51141415372355,14.1667787187299
5.24990079365079,0.789826233280259,0.644363195487809,1.51069141158877,14.1673723436628
5.25,0.789769906192807,0.644422060976787,1.5099690151907,14.1679658681677
5.25009920634921,0.789713552939447,0.644480880665201,1.50924696436195,14.1685592922554
5.25019841269841,0.789657173594905,0.644539654553498,1.50852525893521,14.1691526159365
5.25029761904762,0.789600768233923,0.644598382642108,1.50780389874325,14.169745839222
5.25039682539682,0.789544336931257,0.644657064931439,1.5070828836189,14.1703389621223
5.25049603174603,0.789487879761678,0.644715701421882,1.50636221339506,14.1709319846483
5.25059523809524,0.789431396799973,0.644774292113805,1.50564188790472,14.1715249068106
5.25069444444444,0.789374888120943,0.644832837007559,1.50492190698094,14.1721177286199
5.25079365079365,0.789318353799405,0.644891336103476,1.50420227045685,14.1727104500867
5.25089285714286,0.789261793910189,0.644949789401866,1.50348297816565,14.1733030712216
5.25099206349206,0.789205208528145,0.645008196903021,1.5027640299406,14.1738955920353
5.25109126984127,0.789148597728132,0.645066558607214,1.50204542561508,14.1744880125382
5.25119047619048,0.789091961585027,0.645124874514697,1.50132716502248,14.175080332741
5.25128968253968,0.789035300173724,0.645183144625702,1.50060924799632,14.175672552654
5.25138888888889,0.788978613569128,0.645241368940443,1.49989167437017,14.1762646722878
5.25148809523809,0.788921901846163,0.645299547459115,1.49917444397766,14.1768566916528
5.2515873015873,0.788865165079765,0.64535768018189,1.49845755665251,14.1774486107595
5.25168650793651,0.788808403344887,0.645415767108924,1.49774101222852,14.1780404296183
5.25178571428571,0.788751616716496,0.645473808240353,1.49702481053955,14.1786321482395
5.25188492063492,0.788694805269575,0.64553180357629,1.49630895141954,14.1792237666335
5.25198412698413,0.788637969079121,0.645589753116834,1.49559343470248,14.1798152848107
5.25208333333333,0.788581108220147,0.645647656862058,1.49487826022248,14.1804067027813
5.25218253968254,0.788524222767681,0.645705514812021,1.4941634278137,14.1809980205557
5.25228174603175,0.788467312796766,0.64576332696676,1.49344893731035,14.1815892381442
5.25238095238095,0.78841037838246,0.645821093326292,1.49273478854674,14.1821803555569
5.25248015873016,0.788353419599835,0.645878813890616,1.49202098135726,14.1827713728041
5.25257936507936,0.78829643652398,0.645936488659709,1.49130751557636,14.183362289896
5.25267857142857,0.788239429229998,0.645994117633531,1.49059439103855,14.1839531068428
5.25277777777778,0.788182397793007,0.646051700812021,1.48988160757844,14.1845438236547
5.25287698412698,0.788125342288142,0.646109238195099,1.48916916503071,14.1851344403417
5.25297619047619,0.78806826279055,0.646166729782664,1.48845706323009,14.185724956914
5.2530753968254,0.788011159375394,0.646224175574598,1.48774530201141,14.1863153733816
5.2531746031746,0.787954032117854,0.646281575570762,1.48703388120956,14.1869056897547
5.25327380952381,0.787896881093124,0.646338929770997,1.48632280065951,14.1874959060432
5.25337301587302,0.787839706376411,0.646396238175124,1.48561206019629,14.1880860222573
5.25347222222222,0.78778250804294,0.646453500782947,1.48490165965501,14.1886760384067
5.25357142857143,0.787725286167951,0.646510717594247,1.48419159887087,14.1892659545017
5.25367063492063,0.787668040826697,0.646567888608788,1.48348187767913,14.189855770552
5.25376984126984,0.787610772094447,0.646625013826314,1.48277249591511,14.1904454865676
5.25386904761905,0.787553480046486,0.646682093246548,1.48206345341423,14.1910351025585
5.25396825396825,0.787496164758112,0.646739126869195,1.48135475001197,14.1916246185344
5.25406746031746,0.787438826304641,0.64679611469394,1.48064638554387,14.1922140345053
5.25416666666667,0.787381464761402,0.646853056720448,1.47993835984557,14.1928033504809
5.25426587301587,0.787324080203739,0.646909952948365,1.47923067275277,14.1933925664711
5.25436507936508,0.787266672707013,0.646966803377316,1.47852332410125,14.1939816824857
5.25446428571429,0.787209242346598,0.647023608006909,1.47781631372684,14.1945706985345
5.25456349206349,0.787151789197883,0.647080366836729,1.47710964146548,14.1951596146271
5.2546626984127,0.787094313336275,0.647137079866346,1.47640330715315,14.1957484307732
5.2547619047619,0.787036814837192,0.647193747095305,1.47569731062593,14.1963371469827
5.25486111111111,0.78697929377607,0.647250368523137,1.47499165171995,14.1969257632651
5.25496031746032,0.78692175022836,0.647306944149349,1.47428633027143,14.1975142796301
5.25505952380952,0.786864184269526,0.64736347397343,1.47358134611667,14.1981026960873
5.25515873015873,0.786806595975049,0.64741995799485,1.47287669909202,14.1986910126464
5.25525793650794,0.786748985420425,0.647476396213058,1.47217238903392,14.1992792293168
5.25535714285714,0.786691352681164,0.647532788627486,1.47146841577888,14.1998673461082
5.25545634920635,0.786633697832792,0.647589135237544,1.47076477916347,14.20045536303
5.25555555555556,0.786576020950849,0.647645436042622,1.47006147902437,14.2010432800918
5.25565476190476,0.78651832211089,0.647701691042094,1.46935851519829,14.2016310973031
5.25575396825397,0.786460601388489,0.64775790023531,1.46865588752204,14.2022188146734
5.25585317460317,0.78640285885923,0.647814063621603,1.46795359583249,14.202806432212
5.25595238095238,0.786345094598714,0.647870181200286,1.46725163996661,14.2033939499284
5.25605158730159,0.786287308682557,0.647926252970653,1.4665500197614,14.203981367832
5.25615079365079,0.786229501186391,0.647982278931977,1.46584873505397,14.2045686859321
5.25625,0.786171672185863,0.648038259083512,1.46514778568149,14.2051559042381
5.25634920634921,0.786113821756633,0.648094193424493,1.4644471714812,14.2057430227593
5.25644841269841,0.786055949974377,0.648150081954135,1.46374689229042,14.2063300415051
5.25654761904762,0.785998056914789,0.648205924671633,1.46304694794654,14.2069169604846
5.25664682539683,0.785940142653574,0.648261721576163,1.46234733828702,14.2075037797072
5.25674603174603,0.785882207266454,0.648317472666882,1.46164806314941,14.2080904991821
5.25684523809524,0.785824250829167,0.648373177942926,1.46094912237131,14.2086771189185
5.25694444444444,0.785766273417463,0.648428837403412,1.4602505157904,14.2092636389255
5.25704365079365,0.785708275107111,0.648484451047438,1.45955224324446,14.2098500592124
5.25714285714286,0.785650255973891,0.648540018874082,1.4588543045713,14.2104363797882
5.25724206349206,0.785592216093602,0.648595540882402,1.45815669960883,14.2110226006621
5.25734126984127,0.785534155542056,0.648651017071436,1.45745942819505,14.2116087218432
5.25744047619048,0.78547607439508,0.648706447440206,1.45676249016798,14.2121947433406
5.25753968253968,0.785417972728516,0.648761831987709,1.45606588536577,14.2127806651632
5.25763888888889,0.785359850618223,0.648817170712926,1.45536961362661,14.2133664873201
5.25773809523809,0.785301708140073,0.648872463614817,1.45467367478876,14.2139522098204
5.2578373015873,0.785243545369953,0.648927710692324,1.45397806869059,14.214537832673
5.25793650793651,0.785185362383767,0.648982911944369,1.45328279517051,14.2151233558868
5.25803571428571,0.785127159257432,0.649038067369851,1.45258785406701,14.2157087794707
5.25813492063492,0.785068936066881,0.649093176967655,1.45189324521865,14.2162941034338
5.25823412698413,0.785010692888063,0.649148240736642,1.45119896846409,14.2168793277848
5.25833333333333,0.784952429796941,0.649203258675655,1.45050502364203,14.2174644525327
5.25843253968254,0.784894146869492,0.649258230783519,1.44981141059125,14.2180494776862
5.25853174603175,0.784835844181711,0.649313157059036,1.44911812915063,14.2186344032542
5.25863095238095,0.784777521809605,0.649368037500993,1.44842517915909,14.2192192292455
5.25873015873016,0.784719179829198,0.649422872108152,1.44773256045564,14.2198039556688
5.25882936507937,0.78466081831653,0.649477660879259,1.44704027287936,14.2203885825329
5.25892857142857,0.784602437347653,0.64953240381304,1.44634831626942,14.2209731098465
5.25902777777778,0.784544036998636,0.649587100908201,1.44565669046502,14.2215575376183
5.25912698412698,0.784485617345564,0.649641752163428,1.44496539530548,14.2221418658571
5.25922619047619,0.784427178464534,0.649696357577389,1.44427443063017,14.2227260945713
5.2593253968254,0.784368720431663,0.64975091714873,1.44358379627855,14.2233102237697
5.2594246031746,0.784310243323076,0.64980543087608,1.44289349209012,14.2238942534609
5.25952380952381,0.784251747214921,0.649859898758046,1.44220351790448,14.2244781836535
5.25962301587302,0.784193232183356,0.649914320793216,1.44151387356132,14.2250620143559
5.25972222222222,0.784134698304555,0.649968696980161,1.44082455890036,14.2256457455769
5.25982142857143,0.784076145654708,0.650023027317429,1.44013557376143,14.2262293773248
5.25992063492063,0.784017574310019,0.650077311803551,1.4394469179844,14.2268129096082
5.26001984126984,0.783958984346708,0.650131550437036,1.43875859140926,14.2273963424355
5.26011904761905,0.783900375841009,0.650185743216376,1.43807059387602,14.2279796758152
5.26021825396825,0.783841748869174,0.65023989014004,1.4373829252248,14.2285629097556
5.26031746031746,0.783783103507466,0.650293991206482,1.43669558529579,14.2291460442653
5.26041666666667,0.783724439832165,0.650348046414132,1.43600857392924,14.2297290793526
5.26051587301587,0.783665757919567,0.650402055761404,1.43532189096548,14.2303120150258
5.26061507936508,0.783607057845982,0.65045601924669,1.43463553624492,14.2308948512932
5.26071428571429,0.783548339687735,0.650509936868363,1.43394950960803,14.2314775881632
5.26081349206349,0.783489603521166,0.650563808624777,1.43326381089536,14.2320602256441
5.2609126984127,0.783430849422631,0.650617634514267,1.43257843994753,14.2326427637441
5.26101190476191,0.7833720774685,0.650671414535146,1.43189339660525,14.2332252024714
5.26111111111111,0.783313287735159,0.650725148685709,1.43120868070929,14.2338075418343
5.26121031746032,0.783254480299009,0.650778836964232,1.43052429210048,14.2343897818409
5.26130952380952,0.783195655236466,0.650832479368971,1.42984023061975,14.2349719224995
5.26140873015873,0.783136812623959,0.650886075898162,1.4291564961081,14.2355539638181
5.26150793650794,0.783077952537936,0.650939626550022,1.42847308840657,14.236135905805
5.26160714285714,0.783019075054857,0.650993131322747,1.42779000735631,14.2367177484681
5.26170634920635,0.782960180251199,0.651046590214515,1.42710725279854,14.2372994918156
5.26180555555556,0.782901268203453,0.651100003223484,1.42642482457454,14.2378811358554
5.26190476190476,0.782842338988124,0.651153370347792,1.42574272252567,14.2384626805958
5.26200396825397,0.782783392681735,0.651206691585559,1.42506094649335,14.2390441260446
5.26210317460317,0.782724429360822,0.651259966934882,1.42437949631911,14.2396254722098
5.26220238095238,0.782665449101936,0.651313196393843,1.42369837184451,14.2402067190994
5.26230158730159,0.782606451981644,0.6513663799605,1.4230175729112,14.2407878667214
5.26240079365079,0.782547438076528,0.651419517632895,1.42233709936092,14.2413689150836
5.2625,0.782488407463185,0.651472609409048,1.42165695103547,14.2419498641939
5.26259920634921,0.782429360218227,0.651525655286961,1.42097712777671,14.2425307140603
5.26269841269841,0.78237029641828,0.651578655264614,1.42029762942659,14.2431114646905
5.26279761904762,0.782311216139986,0.651631609339971,1.41961845582714,14.2436921160924
5.26289682539683,0.782252119460004,0.651684517510974,1.41893960682045,14.2442726682737
5.26299603174603,0.782193006455005,0.651737379775546,1.41826108224868,14.2448531212423
5.26309523809524,0.782133877201675,0.65179019613159,1.41758288195408,14.2454334750059
5.26319444444444,0.78207473177672,0.651842966576991,1.41690500577895,14.2460137295722
5.26329365079365,0.782015570256854,0.651895691109611,1.4162274535657,14.246593884949
5.26339285714286,0.781956392718812,0.651948369727297,1.41555022515677,14.2471739411439
5.26349206349206,0.781897199239341,0.652001002427874,1.4148733203947,14.2477538981645
5.26359126984127,0.781837989895202,0.652053589209146,1.41419673912211,14.2483337560186
5.26369047619048,0.781778764763176,0.652106130068899,1.41352048118166,14.2489135147137
5.26378968253968,0.781719523920054,0.652158625004901,1.41284454641612,14.2494931742575
5.26388888888889,0.781660267442644,0.652211074014899,1.41216893466832,14.2500727346574
5.2639880952381,0.781600995407769,0.652263477096618,1.41149364578115,14.2506521959211
5.2640873015873,0.781541707892269,0.652315834247767,1.4108186795976,14.251231558056
5.26418650793651,0.781482404972996,0.652368145466033,1.41014403596071,14.2518108210696
5.26428571428571,0.781423086726818,0.652420410749087,1.4094697147136,14.2523899849695
5.26438492063492,0.781363753230619,0.652472630094576,1.40879571569947,14.2529690497631
5.26448412698413,0.781304404561298,0.652524803500129,1.40812203876159,14.2535480154578
5.26458333333333,0.781245040795767,0.652576930963357,1.40744868374329,14.254126882061
5.26468253968254,0.781185662010957,0.65262901248185,1.40677565048801,14.2547056495801
5.26478174603175,0.781126268283811,0.652681048053178,1.40610293883922,14.2552843180225
5.26488095238095,0.781066859691287,0.652733037674892,1.4054305486405,14.2558628873954
5.26498015873016,0.78100743631036,0.652784981344525,1.40475847973547,14.2564413577063
5.26507936507937,0.780947998218019,0.652836879059587,1.40408673196785,14.2570197289624
5.26517857142857,0.780888545491267,0.652888730817571,1.40341530518142,14.2575980011709
5.26527777777778,0.780829078207125,0.65294053661595,1.40274419922004,14.2581761743391
5.26537698412698,0.780769596442626,0.652992296452177,1.40207341392763,14.2587542484743
5.26547619047619,0.780710100274821,0.653044010323686,1.40140294914821,14.2593322235836
5.2655753968254,0.780650589780773,0.65309567822789,1.40073280472585,14.2599100996743
5.2656746031746,0.780591065037562,0.653147300162185,1.4000629805047,14.2604878767533
5.26577380952381,0.780531526122283,0.653198876123944,1.39939347632899,14.261065554828
5.26587301587302,0.780471973112046,0.653250406110523,1.39872429204301,14.2616431339054
5.26597222222222,0.780412406083975,0.653301890119259,1.39805542749113,14.2622206139925
5.26607142857143,0.78035282511521,0.653353328147467,1.39738688251781,14.2627979950965
5.26617063492063,0.780293230282907,0.653404720192443,1.39671865696755,14.2633752772243
5.26626984126984,0.780233621664236,0.653456066251465,1.39605075068495,14.2639524603831
5.26636904761905,0.780173999336381,0.65350736632179,1.39538316351468,14.2645295445797
5.26646825396825,0.780114363376544,0.653558620400656,1.39471589530148,14.2651065298211
5.26656746031746,0.78005471386194,0.653609828485281,1.39404894589015,14.2656834161143
5.26666666666667,0.779995050869798,0.653660990572864,1.39338231512559,14.2662602034663
5.26676587301587,0.779935374477365,0.653712106660583,1.39271600285274,14.2668368918838
5.26686507936508,0.779875684761901,0.6537631767456,1.39205000891665,14.2674134813739
5.26696428571429,0.779815981800682,0.653814200825053,1.39138433316242,14.2679899719432
5.26706349206349,0.779756265670999,0.653865178896062,1.39071897543524,14.2685663635988
5.2671626984127,0.779696536450158,0.653916110955729,1.39005393558034,14.2691426563473
5.2672619047619,0.77963679421548,0.653966997001135,1.38938921344307,14.2697188501955
5.26736111111111,0.7795770390443,0.654017837029342,1.38872480886882,14.2702949451503
5.26746031746032,0.779517271013971,0.654068631037391,1.38806072170307,14.2708709412182
5.26755952380952,0.779457490201857,0.654119379022306,1.38739695179135,14.2714468384062
5.26765873015873,0.779397696685341,0.654170080981088,1.38673349897929,14.2720226367208
5.26775793650794,0.77933789054182,0.654220736910721,1.3860703631126,14.2725983361687
5.26785714285714,0.779278071848704,0.65427134680817,1.38540754403703,14.2731739367566
5.26795634920635,0.77921824068342,0.654321910670378,1.38474504159842,14.2737494384911
5.26805555555556,0.77915839712341,0.65437242849427,1.38408285564269,14.2743248413787
5.26815476190476,0.779098541246131,0.654422900276751,1.38342098601583,14.2749001454261
5.26825396825397,0.779038673129055,0.654473326014707,1.3827594325639,14.2754753506398
5.26835317460317,0.778978792849667,0.654523705705003,1.38209819513303,14.2760504570263
5.26845238095238,0.778918900485472,0.654574039344485,1.38143727356943,14.2766254645921
5.26855158730159,0.778858996113985,0.654624326929981,1.38077666771939,14.2772003733438
5.26865079365079,0.778799079812739,0.654674568458298,1.38011637742926,14.2777751832878
5.26875,0.778739151659281,0.654724763926222,1.37945640254547,14.2783498944305
5.26884920634921,0.778679211731174,0.654774913330523,1.37879674291452,14.2789245067783
5.26894841269841,0.778619260105995,0.654825016667948,1.37813739838298,14.2794990203376
5.26904761904762,0.778559296861337,0.654875073935228,1.37747836879751,14.2800734351148
5.26914682539683,0.778499322074807,0.65492508512907,1.37681965400483,14.2806477511162
5.26924603174603,0.778439335824028,0.654975050246164,1.37616125385174,14.2812219683482
5.26934523809524,0.778379338186638,0.655024969283181,1.3755031681851,14.281796086817
5.26944444444444,0.778319329240289,0.655074842236771,1.37484539685186,14.2823701065289
5.26954365079365,0.778259309062651,0.655124669103565,1.37418793969903,14.2829440274902
5.26964285714286,0.778199277731405,0.655174449880174,1.37353079657371,14.2835178497072
5.26974206349206,0.778139235324251,0.655224184563192,1.37287396732305,14.2840915731859
5.26984126984127,0.7780791819189,0.655273873149189,1.3722174517943,14.2846651979326
5.26994047619048,0.778019117593083,0.655323515634718,1.37156124983477,14.2852387239534
5.27003968253968,0.777959042424541,0.655373112016312,1.37090536129184,14.2858121512545
5.27013888888889,0.777898956491035,0.655422662290486,1.37024978601297,14.2863854798421
5.27023809523809,0.777838859870336,0.655472166453732,1.36959452384568,14.2869587097221
5.2703373015873,0.777778752640235,0.655521624502526,1.36893957463759,14.2875318409006
5.27043650793651,0.777718634878534,0.655571036433322,1.36828493823637,14.2881048733838
5.27053571428571,0.777658506663052,0.655620402242555,1.36763061448977,14.2886778071775
5.27063492063492,0.777598368071624,0.655669721926641,1.36697660324563,14.2892506422879
5.27073412698413,0.777538219182099,0.655718995481976,1.36632290435183,14.2898233787208
5.27083333333333,0.777478060072341,0.655768222904937,1.36566951765635,14.2903960164823
5.27093253968254,0.777417890820228,0.65581740419188,1.36501644300723,14.2909685555783
5.27103174603175,0.777357711503656,0.655866539339142,1.36436368025259,14.2915409960146
5.27113095238095,0.777297522200534,0.655915628343043,1.36371122924063,14.2921133377972
5.27123015873016,0.777237322988785,0.655964671199879,1.36305908981961,14.2926855809318
5.27132936507937,0.77717711394635,0.656013667905929,1.36240726183787,14.2932577254245
5.27142857142857,0.777116895151184,0.656062618457453,1.36175574514383,14.2938297712808
5.27152777777778,0.777056666681256,0.65611152285069,1.36110453958596,14.2944017185067
5.27162698412698,0.77699642861455,0.656160381081859,1.36045364501283,14.294973567108
5.27172619047619,0.776936181029068,0.656209193147162,1.35980306127308,14.2955453170903
5.2718253968254,0.776875924002823,0.656257959042778,1.35915278821541,14.2961169684593
5.2719246031746,0.776815657613846,0.656306678764869,1.35850282568859,14.2966885212209
5.27202380952381,0.776755381940182,0.656355352309577,1.35785317354148,14.2972599753805
5.27212301587302,0.776695097059892,0.656403979673023,1.35720383162302,14.297831330944
5.27222222222222,0.77663480305105,0.65645256085131,1.3565547997822,14.2984025879169
5.27232142857143,0.776574499991748,0.656501095840521,1.35590607786809,14.2989737463048
5.27242063492063,0.77651418796009,0.656549584636719,1.35525766572985,14.2995448061134
5.27251984126984,0.776453867034197,0.656598027235948,1.35460956321669,14.3001157673481
5.27261904761905,0.776393537292205,0.656646423634232,1.35396177017791,14.3006866300145
5.27271825396825,0.776333198812265,0.656694773827575,1.35331428646287,14.3012573941181
5.27281746031746,0.776272851672543,0.656743077811963,1.35266711192102,14.3018280596644
5.27291666666667,0.776212495951219,0.656791335583361,1.35202024640188,14.3023986266589
5.27301587301587,0.77615213172649,0.656839547137714,1.35137368975502,14.302969095107
5.27311507936508,0.776091759076566,0.65688771247095,1.35072744183012,14.3035394650141
5.27321428571429,0.776031378079675,0.656935831578973,1.35008150247691,14.3041097363857
5.27331349206349,0.775970988814057,0.656983904457673,1.3494358715452,14.3046799092271
5.2734126984127,0.775910591357968,0.657031931102916,1.34879054888486,14.3052499835436
5.27351190476191,0.775850185789681,0.65707991151055,1.34814553434586,14.3058199593406
5.27361111111111,0.775789772187481,0.657127845676403,1.34750082777822,14.3063898366234
5.27371031746032,0.775729350629671,0.657175733596285,1.34685642903206,14.3069596153973
5.27380952380952,0.775668921194566,0.657223575265985,1.34621233795754,14.3075292956675
5.27390873015873,0.7756084839605,0.657271370681271,1.34556855440491,14.3080988774392
5.27400793650794,0.775548038989343,0.657319119845061,1.34492507822138,14.3086683607251
5.27410714285714,0.775487584790738,0.657366823434497,1.34428190896543,14.3092377462284
5.27420634920635,0.775427120361862,0.657414481911779,1.34363904630339,14.3098070344315
5.27430555555556,0.775366645709744,0.657462095299298,1.34299649009579,14.310376225366
5.27440476190476,0.775306160841438,0.657509663619425,1.3423542402032,14.3109453190635
5.27450396825397,0.775245665764022,0.657557186894514,1.34171229648625,14.3115143155555
5.27460317460317,0.775185160484599,0.657604665146901,1.3410706588056,14.3120832148734
5.27470238095238,0.775124645010297,0.657652098398903,1.34042932702194,14.3126520170487
5.27480158730159,0.775064119348271,0.657699486672817,1.33978830099604,14.313220722113
5.27490079365079,0.7750035835057,0.657746829990924,1.33914758058869,14.3137893300976
5.275,0.774943037489787,0.657794128375485,1.33850716566073,14.3143578410339
5.27509920634921,0.774882481307763,0.657841381848743,1.33786705607306,14.3149262549534
5.27519841269841,0.774821914966883,0.657888590432923,1.33722725168662,14.3154945718873
5.27529761904762,0.774761338474425,0.657935754150231,1.33658775236238,14.3160627918672
5.27539682539683,0.774700751837696,0.657982873022853,1.33594855796137,14.3166309149243
5.27549603174603,0.774640155064025,0.65802994707296,1.33530966834466,14.3171989410898
5.27559523809524,0.774579548160768,0.658076976322703,1.33467108337337,14.3177668703952
5.27569444444444,0.774518931135306,0.658123960794213,1.33403280290867,14.3183347028717
5.27579365079365,0.774458303995044,0.658170900509604,1.33339482681175,14.3189024385504
5.27589285714286,0.774397666747413,0.658217795490971,1.33275715494388,14.3194700774628
5.27599206349206,0.774337019399871,0.658264645760392,1.33211978716636,14.3200376196398
5.27609126984127,0.774276361959898,0.658311451339925,1.33148272334053,14.3206050651129
5.27619047619048,0.774215694435,0.658358212251609,1.33084596332777,14.321172413913
5.27628968253968,0.774155016832711,0.658404928517467,1.33020950698954,14.3217396660714
5.27638888888889,0.774094329160587,0.658451600159501,1.32957335418731,14.3223068216192
5.2764880952381,0.774033631426209,0.658498227199697,1.3289375047826,14.3228738805875
5.2765873015873,0.773972923637187,0.658544809660019,1.32830195863699,14.3234408430074
5.27668650793651,0.773912205801151,0.658591347562417,1.3276667156121,14.3240077089099
5.27678571428571,0.773851477925761,0.658637840928818,1.3270317755696,14.324574478326
5.27688492063492,0.7737907400187,0.658684289781134,1.32639713837119,14.3251411512869
5.27698412698413,0.773729992087675,0.658730694141258,1.32576280387862,14.3257077278234
5.27708333333333,0.773669234140419,0.658777054031062,1.3251287719537,14.3262742079667
5.27718253968254,0.773608466184693,0.658823369472403,1.32449504245828,14.3268405917475
5.27728174603175,0.773547688228279,0.658869640487118,1.32386161525424,14.327406879197
5.27738095238095,0.773486900278986,0.658915867097024,1.32322849020353,14.3279730703459
5.27748015873016,0.77342610234465,0.658962049323923,1.32259566716812,14.3285391652253
5.27757936507937,0.773365294433129,0.659008187189594,1.32196314601005,14.3291051638658
5.27767857142857,0.773304476552308,0.659054280715803,1.32133092659139,14.3296710662986
5.27777777777778,0.773243648710097,0.659100329924293,1.32069900877425,14.3302368725542
5.27787698412698,0.77318281091443,0.659146334836791,1.32006739242081,14.3308025826636
5.27797619047619,0.773121963173269,0.659192295475005,1.31943607739327,14.3313681966576
5.2780753968254,0.773061105494598,0.659238211860623,1.31880506355389,14.331933714567
5.2781746031746,0.773000237886429,0.659284084015316,1.31817435076497,14.3324991364224
5.27827380952381,0.772939360356797,0.659329911960738,1.31754393888886,14.3330644622546
5.27837301587302,0.772878472913763,0.659375695718521,1.31691382778796,14.3336296920943
5.27847222222222,0.772817575565414,0.659421435310282,1.31628401732469,14.3341948259723
5.27857142857143,0.77275666831986,0.659467130757618,1.31565450736155,14.3347598639191
5.27867063492063,0.772695751185239,0.659512782082107,1.31502529776105,14.3353248059655
5.27876984126984,0.772634824169712,0.659558389305309,1.31439638838578,14.335889652142
5.27886904761905,0.772573887281467,0.659603952448765,1.31376777909837,14.3364544024793
5.27896825396825,0.772512940528715,0.659649471534,1.31313946976147,14.337019057008
5.27906746031746,0.772451983919695,0.659694946582518,1.31251146023779,14.3375836157585
5.27916666666667,0.772391017462669,0.659740377615805,1.3118837503901,14.3381480787615
5.27926587301587,0.772330041165924,0.659785764655329,1.31125634008119,14.3387124460475
5.27936507936508,0.772269055037773,0.65983110772254,1.31062922917391,14.339276717647
5.27946428571429,0.772208059086556,0.659876406838868,1.31000241753116,14.3398408935904
5.27956349206349,0.772147053320635,0.659921662025726,1.30937590501587,14.3404049739083
5.2796626984127,0.772086037748399,0.659966873304507,1.30874969149104,14.340968958631
5.27976190476191,0.772025012378262,0.660012040696588,1.30812377681969,14.341532847789
5.27986111111111,0.771963977218662,0.660057164223326,1.30749816086489,14.3420966414127
5.27996031746032,0.771902932278065,0.660102243906059,1.30687284348977,14.3426603395325
5.28005952380952,0.77184187756496,0.660147279766108,1.3062478245575,14.3432239421786
5.28015873015873,0.77178081308786,0.660192271824774,1.30562310393129,14.3437874493816
5.28025793650794,0.771719738855306,0.66023722010334,1.30499868147438,14.3443508611716
5.28035714285714,0.771658654875864,0.660282124623072,1.3043745570501,14.3449141775789
5.28045634920635,0.771597561158123,0.660326985405215,1.30375073052179,14.3454773986339
5.28055555555556,0.771536457710699,0.660371802470999,1.30312720175284,14.3460405243668
5.28065476190476,0.771475344542232,0.660416575841631,1.30250397060669,14.3466035548078
5.28075396825397,0.771414221661388,0.660461305538304,1.30188103694683,14.3471664899872
5.28085317460317,0.771353089076858,0.660505991582189,1.30125840063679,14.3477293299351
5.28095238095238,0.771291946797359,0.660550633994442,1.30063606154014,14.3482920746817
5.28105158730159,0.771230794831632,0.660595232796196,1.30001401952052,14.3488547242571
5.28115079365079,0.771169633188443,0.660639788008571,1.29939227444158,14.3494172786915
5.28125,0.771108461876584,0.660684299652664,1.29877082616704,14.349979738015
5.28134920634921,0.771047280904873,0.660728767749556,1.29814967456066,14.3505421022577
5.28144841269841,0.770986090282152,0.660773192320308,1.29752881948624,14.3511043714496
5.28154761904762,0.770924890017287,0.660817573385965,1.29690826080764,14.3516665456208
5.28164682539682,0.770863680119172,0.66086191096755,1.29628799838875,14.3522286248013
5.28174603174603,0.770802460596724,0.660906205086071,1.2956680320935,14.3527906090212
5.28184523809524,0.770741231458887,0.660950455762515,1.29504836178589,14.3533524983103
5.28194444444444,0.770679992714629,0.660994663017852,1.29442898732995,14.3539142926987
5.28204365079365,0.770618744372943,0.661038826873034,1.29380990858975,14.3544759922163
5.28214285714286,0.770557486442847,0.661082947348992,1.29319112542943,14.355037596893
5.28224206349206,0.770496218933386,0.66112702446664,1.29257263771314,14.3555991067587
5.28234126984127,0.770434941853628,0.661171058246876,1.29195444530511,14.3561605218434
5.28244047619048,0.770373655212668,0.661215048710575,1.29133654806958,14.3567218421768
5.28253968253968,0.770312359019625,0.661258995878598,1.29071894587088,14.3572830677888
5.28263888888889,0.770251053283645,0.661302899771783,1.29010163857335,14.3578441987093
5.28273809523809,0.770189738013895,0.661346760410953,1.28948462604138,14.358405234968
5.2828373015873,0.770128413219573,0.661390577816912,1.28886790813942,14.3589661765946
5.28293650793651,0.770067078909897,0.661434352010444,1.28825148473195,14.359527023619
5.28303571428571,0.770005735094113,0.661478083012316,1.28763535568351,14.3600877760709
5.28313492063492,0.769944381781492,0.661521770843277,1.28701952085868,14.3606484339801
5.28323412698413,0.769883018981329,0.661565415524055,1.28640398012207,14.3612089973761
5.28333333333333,0.769821646702947,0.661609017075362,1.28578873333837,14.3617694662886
5.28343253968254,0.76976026495569,0.661652575517891,1.28517378037228,14.3623298407474
5.28353174603175,0.76969887374893,0.661696090872316,1.28455912108857,14.362890120782
5.28363095238095,0.769637473092064,0.661739563159292,1.28394475535205,14.3634503064221
5.28373015873016,0.769576062994514,0.661782992399458,1.28333068302755,14.3640103976972
5.28382936507936,0.769514643465727,0.661826378613432,1.28271690397999,14.364570394637
5.28392857142857,0.769453214515174,0.661869721821814,1.2821034180743,14.3651302972709
5.28402777777778,0.769391776152353,0.661913022045187,1.28149022517548,14.3656901056285
5.28412698412698,0.769330328386787,0.661956279304113,1.28087732514856,14.3662498197393
5.28422619047619,0.769268871228024,0.661999493619139,1.28026471785861,14.3668094396328
5.2843253968254,0.769207404685637,0.66204266501079,1.27965240317077,14.3673689653385
5.2844246031746,0.769145928769223,0.662085793499576,1.2790403809502,14.3679283968857
5.28452380952381,0.769084443488407,0.662128879105985,1.27842865106212,14.368487734304
5.28462301587302,0.769022948852836,0.662171921850488,1.27781721337178,14.3690469776226
5.28472222222222,0.768961444872185,0.66221492175354,1.27720606774451,14.3696061268711
5.28482142857143,0.768899931556152,0.662257878835574,1.27659521404564,14.3701651820788
5.28492063492063,0.768838408914462,0.662300793117005,1.27598465214059,14.3707241432749
5.28501984126984,0.768776876956865,0.662343664618232,1.27537438189479,14.3712830104889
5.28511904761905,0.768715335693134,0.662386493359633,1.27476440317374,14.37184178375
5.28521825396825,0.76865378513307,0.662429279361569,1.27415471584296,14.3724004630874
5.28531746031746,0.768592225286497,0.662472022644382,1.27354531976804,14.3729590485306
5.28541666666667,0.768530656163265,0.662514723228396,1.27293621481459,14.3735175401086
5.28551587301587,0.768469077773251,0.662557381133916,1.27232740084831,14.3740759378508
5.28561507936508,0.768407490126355,0.662599996381227,1.27171887773491,14.3746342417863
5.28571428571429,0.768345893232502,0.6626425689906,1.27111064534013,14.3751924519442
5.28581349206349,0.768284287101643,0.662685098982283,1.27050270352981,14.3757505683538
5.2859126984127,0.768222671743755,0.662727586376508,1.26989505216977,14.3763085910441
5.2860119047619,0.768161047168839,0.662770031193487,1.26928769112594,14.3768665200444
5.28611111111111,0.768099413386922,0.662812433453416,1.26868062026425,14.3774243553836
5.28621031746032,0.768037770408054,0.66285479317647,1.26807383945069,14.3779820970908
5.28630952380952,0.767976118242314,0.662897110382807,1.26746734855129,14.3785397451952
5.28640873015873,0.767914456899804,0.662939385092565,1.26686114743215,14.3790972997256
5.28650793650794,0.76785278639065,0.662981617325865,1.26625523595939,14.3796547607112
5.28660714285714,0.767791106725006,0.66302380710281,1.26564961399917,14.3802121281809
5.28670634920635,0.767729417913049,0.663065954443483,1.26504428141772,14.3807694021637
5.28680555555556,0.767667719964982,0.66310805936795,1.2644392380813,14.3813265826885
5.28690476190476,0.767606012891034,0.663150121896257,1.26383448385622,14.3818836697843
5.28700396825397,0.767544296701457,0.663192142048432,1.26323001860884,14.38244066348
5.28710317460317,0.76748257140653,0.663234119844486,1.26262584220555,14.3829975638044
5.28720238095238,0.767420837016558,0.663276055304409,1.2620219545128,14.3835543707864
5.28730158730159,0.767359093541868,0.663317948448176,1.26141835539708,14.3841110844548
5.28740079365079,0.767297340992816,0.663359799295739,1.26081504472494,14.3846677048386
5.2875,0.76723557937978,0.663401607867036,1.26021202236294,14.3852242319664
5.28759920634921,0.767173808713166,0.663443374181984,1.25960928817772,14.385780665867
5.28769841269841,0.767112029003401,0.663485098260483,1.25900684203595,14.3863370065693
5.28779761904762,0.767050240260943,0.663526780122411,1.25840468380436,14.3868932541019
5.28789682539683,0.766988442496271,0.663568419787633,1.25780281334971,14.3874494084937
5.28799603174603,0.766926635719891,0.663610017275992,1.2572012305388,14.3880054697731
5.28809523809524,0.766864819942332,0.663651572607313,1.25659993523849,14.388561437969
5.28819444444444,0.76680299517415,0.663693085801402,1.25599892731568,14.3891173131101
5.28829365079365,0.766741161425928,0.66373455687805,1.25539820663733,14.3896730952248
5.28839285714286,0.766679318708269,0.663775985857024,1.25479777307041,14.3902287843419
5.28849206349206,0.766617467031808,0.663817372758078,1.25419762648198,14.39078438049
5.28859126984127,0.766555606407199,0.663858717600943,1.25359776673911,14.3913398836976
5.28869047619048,0.766493736845124,0.663900020405335,1.25299819370894,14.3918952939932
5.28878968253968,0.76643185835629,0.663941281190949,1.25239890725863,14.3924506114054
5.28888888888889,0.766369970951431,0.663982499977464,1.2517999072554,14.3930058359628
5.28898809523809,0.766308074641301,0.664023676784538,1.25120119356653,14.3935609676938
5.2890873015873,0.766246169436686,0.664064811631813,1.25060276605932,14.3941160066268
5.28918650793651,0.766184255348391,0.66410590453891,1.25000462460113,14.3946709527903
5.28928571428571,0.766122332387251,0.664146955525434,1.24940676905936,14.3952258062128
5.28938492063492,0.766060400564123,0.66418796461097,1.24880919930147,14.3957805669227
5.28948412698413,0.76599845988989,0.664228931815084,1.24821191519493,14.3963352349483
5.28958333333333,0.765936510375462,0.664269857157326,1.2476149166073,14.396889810318
5.28968253968254,0.765874552031771,0.664310740657225,1.24701820340615,14.3974442930601
5.28978174603175,0.765812584869777,0.664351582334293,1.24642177545912,14.397998683203
5.28988095238095,0.765750608900464,0.664392382208023,1.24582563263388,14.398552980775
5.28998015873016,0.765688624134841,0.66443314029789,1.24522977479815,14.3991071858044
5.29007936507937,0.765626630583944,0.664473856623349,1.2446342018197,14.3996612983193
5.29017857142857,0.76556462825883,0.66451453120384,1.24403891356634,14.4002153183482
5.29027777777778,0.765502617170587,0.66455516405878,1.24344390990593,14.4007692459191
5.29037698412698,0.765440597330323,0.664595755207571,1.24284919070637,14.4013230810603
5.29047619047619,0.765378568749174,0.664636304669596,1.24225475583561,14.4018768237999
5.2905753968254,0.7653165314383,0.664676812464217,1.24166060516164,14.4024304741662
5.2906746031746,0.765254485408887,0.664717278610782,1.2410667385525,14.4029840321873
5.29077380952381,0.765192430672147,0.664757703128616,1.24047315587629,14.4035374978912
5.29087301587302,0.765130367239315,0.664798086037028,1.23987985700112,14.404090871306
5.29097222222222,0.765068295121653,0.664838427355309,1.23928684179518,14.4046441524599
5.29107142857143,0.765006214330447,0.664878727102729,1.23869411012669,14.4051973413809
5.29117063492063,0.764944124877009,0.664918985298543,1.23810166186391,14.4057504380971
5.29126984126984,0.764882026772675,0.664959201961985,1.23750949687516,14.4063034426364
5.29136904761905,0.764819920028808,0.664999377112271,1.23691761502879,14.4068563550268
5.29146825396825,0.764757804656796,0.665039510768599,1.23632601619322,14.4074091752963
5.29156746031746,0.76469568066805,0.665079602950149,1.23573470023688,14.4079619034729
5.29166666666667,0.764633548074009,0.665119653676081,1.23514366702828,14.4085145395844
5.29176587301587,0.764571406886136,0.665159662965538,1.23455291643596,14.4090670836589
5.29186507936508,0.764509257115918,0.665199630837644,1.2339624483285,14.4096195357241
5.29196428571429,0.764447098774868,0.665239557311505,1.23337226257453,14.410171895808
5.29206349206349,0.764384931874526,0.665279442406207,1.23278235904273,14.4107241639384
5.2921626984127,0.764322756426455,0.665319286140819,1.23219273760182,14.4112763401431
5.29226190476191,0.764260572442244,0.665359088534392,1.23160339812058,14.4118284244499
5.29236111111111,0.764198379933508,0.665398849605957,1.23101434046782,14.4123804168867
5.29246031746032,0.764136178911885,0.665438569374527,1.23042556451239,14.4129323174811
5.29255952380952,0.764073969389039,0.665478247859098,1.22983707012319,14.4134841262609
5.29265873015873,0.764011751376662,0.665517885078645,1.22924885716919,14.4140358432539
5.29275793650794,0.763949524886467,0.665557481052127,1.22866092551938,14.4145874684877
5.29285714285714,0.763887289930194,0.665597035798483,1.22807327504279,14.4151390019901
5.29295634920635,0.763825046519609,0.665636549336634,1.22748590560852,14.4156904437886
5.29305555555556,0.763762794666504,0.665676021685482,1.2268988170857,14.4162417939109
5.29315476190476,0.763700534382692,0.665715452863912,1.2263120093435,14.4167930523847
5.29325396825397,0.763638265680015,0.66575484289079,1.22572548225115,14.4173442192375
5.29335317460317,0.76357598857034,0.665794191784962,1.22513923567792,14.417895294497
5.29345238095238,0.763513703065557,0.665833499565257,1.22455326949313,14.4184462781906
5.29355158730159,0.763451409177583,0.665872766250486,1.22396758356613,14.4189971703459
5.29365079365079,0.76338910691836,0.66591199185944,1.22338217776633,14.4195479709905
5.29375,0.763326796299854,0.665951176410893,1.22279705196318,14.4200986801517
5.29384920634921,0.763264477334058,0.665990319923599,1.22221220602618,14.4206492978572
5.29394841269841,0.76320215003299,0.666029422416296,1.22162763982487,14.4211998241342
5.29404761904762,0.76313981440869,0.6660684839077,1.22104335322884,14.4217502590104
5.29414682539683,0.763077470473229,0.666107504416513,1.22045934610773,14.422300602513
5.29424603174603,0.763015118238697,0.666146483961413,1.2198756183312,14.4228508546696
5.29434523809524,0.762952757717213,0.666185422561066,1.21929216976899,14.4234010155073
5.29444444444444,0.762890388920921,0.666224320234113,1.21870900029087,14.4239510850537
5.29454365079365,0.762828011861988,0.666263176999182,1.21812610976665,14.4245010633359
5.29464285714286,0.76276562655261,0.66630199287488,1.2175434980662,14.4250509503814
5.29474206349206,0.762703233005004,0.666340767879794,1.21696116505941,14.4256007462174
5.29484126984127,0.762640831231415,0.666379502032497,1.21637911061625,14.4261504508712
5.29494047619048,0.762578421244112,0.666418195351539,1.21579733460671,14.4267000643701
5.29503968253968,0.762516003055389,0.666456847855454,1.21521583690084,14.4272495867411
5.29513888888889,0.762453576677566,0.666495459562757,1.21463461736871,14.4277990180116
5.2952380952381,0.762391142122988,0.666534030491944,1.21405367588048,14.4283483582088
5.2953373015873,0.762328699404026,0.666572560661494,1.21347301230631,14.4288976073597
5.29543650793651,0.762266248533074,0.666611050089866,1.21289262651644,14.4294467654916
5.29553571428571,0.762203789522553,0.666649498795502,1.21231251838113,14.4299958326316
5.29563492063492,0.762141322384908,0.666687906796823,1.2117326877707,14.4305448088067
5.29573412698413,0.762078847132611,0.666726274112235,1.21115313455552,14.431093694044
5.29583333333333,0.762016363778157,0.666764600760124,1.21057385860598,14.4316424883707
5.29593253968254,0.761953872334068,0.666802886758855,1.20999485979256,14.4321911918136
5.29603174603175,0.76189137281289,0.666841132126779,1.20941613798573,14.4327398043999
5.29613095238095,0.761828865227196,0.666879336882226,1.20883769305606,14.4332883261566
5.29623015873016,0.761766349589581,0.666917501043508,1.20825952487412,14.4338367571106
5.29632936507937,0.761703825912668,0.666955624628918,1.20768163331056,14.4343850972889
5.29642857142857,0.761641294209105,0.666993707656731,1.20710401823605,14.4349333467183
5.29652777777778,0.761578754491563,0.667031750145205,1.20652667952132,14.4354815054259
5.29662698412698,0.76151620677274,0.667069752112576,1.20594961703714,14.4360295734385
5.29672619047619,0.761453651065359,0.667107713577066,1.20537283065433,14.436577550783
5.2968253968254,0.761391087382169,0.667145634556874,1.20479632024376,14.4371254374863
5.2969246031746,0.761328515735943,0.667183515070184,1.20422008567633,14.4376732335751
5.29702380952381,0.761265936139478,0.667221355135161,1.203644126823,14.4382209390762
5.29712301587302,0.761203348605599,0.66725915476995,1.20306844355477,14.4387685540166
5.29722222222222,0.761140753147155,0.667296913992678,1.20249303574268,14.4393160784228
5.29732142857143,0.761078149777019,0.667334632821455,1.20191790325781,14.4398635123218
5.29742063492063,0.761015538508091,0.66737231127437,1.20134304597132,14.4404108557401
5.29751984126984,0.760952919353295,0.667409949369497,1.20076846375438,14.4409581087046
5.29761904761905,0.760890292325582,0.667447547124889,1.20019415647822,14.4415052712419
5.29771825396825,0.760827657437925,0.66748510455858,1.19962012401411,14.4420523433786
5.29781746031746,0.760765014703326,0.667522621688588,1.19904636623338,14.4425993251414
5.29791666666667,0.760702364134808,0.667560098532911,1.19847288300737,14.443146216557
5.29801587301587,0.760639705745423,0.667597535109528,1.19789967420751,14.4436930176519
5.29811507936508,0.760577039548247,0.667634931436401,1.19732673970525,14.4442397284527
5.29821428571429,0.760514365556379,0.667672287531473,1.19675407937209,14.4447863489859
5.29831349206349,0.760451683782947,0.667709603412667,1.19618169307958,14.4453328792782
5.2984126984127,0.760388994241102,0.667746879097891,1.1956095806993,14.445879319356
5.2985119047619,0.760326296944019,0.667784114605032,1.1950377421029,14.4464256692458
5.29861111111111,0.760263591904901,0.667821309951958,1.19446617716206,14.4469719289741
5.29871031746032,0.760200879136974,0.667858465156521,1.1938948857485,14.4475180985674
5.29880952380952,0.760138158653491,0.667895580236552,1.19332386773401,14.4480641780521
5.29890873015873,0.760075430467728,0.667932655209865,1.19275312299039,14.4486101674546
5.29900793650794,0.760012694592989,0.667969690094255,1.19218265138953,14.4491560668013
5.29910714285714,0.759949951042601,0.668006684907499,1.19161245280331,14.4497018761185
5.29920634920635,0.759887199829916,0.668043639667356,1.19104252710371,14.4502475954327
5.29930555555556,0.759824440968313,0.668080554391565,1.19047287416273,14.4507932247702
5.29940476190476,0.759761674471195,0.668117429097847,1.1899034938524,14.4513387641572
5.29950396825397,0.759698900351991,0.668154263803907,1.18933438604483,14.4518842136201
5.29960317460317,0.759636118624153,0.668191058527427,1.18876555061215,14.4524295731852
5.29970238095238,0.759573329301161,0.668227813286075,1.18819698742655,14.4529748428786
5.29980158730159,0.75951053239652,0.668264528097497,1.18762869636025,14.4535200227266
5.29990079365079,0.759447727923757,0.668301202979323,1.18706067728553,14.4540651127555
5.3,0.759384915896428,0.668337837949163,1.18649293007472,14.4546101129913
5.30009920634921,0.759322096328113,0.668374433024611,1.18592545460017,14.4551550234604
5.30019841269841,0.759259269232416,0.668410988223239,1.1853582507343,14.4556998441887
5.30029761904762,0.759196434622966,0.668447503562602,1.18479131834956,14.4562445752025
5.30039682539683,0.75913359251342,0.668483979060239,1.18422465731846,14.4567892165278
5.30049603174603,0.759070742917458,0.668520414733666,1.18365826751355,14.4573337681908
5.30059523809524,0.759007885848785,0.668556810600384,1.18309214880742,14.4578782302175
5.30069444444444,0.758945021321133,0.668593166677875,1.18252630107271,14.4584226026338
5.30079365079365,0.758882149348257,0.668629482983601,1.1819607241821,14.458966885466
5.30089285714286,0.758819269943939,0.668665759535008,1.18139541800832,14.4595110787399
5.30099206349206,0.758756383121984,0.66870199634952,1.18083038242416,14.4600551824815
5.30109126984127,0.758693488896225,0.668738193444547,1.18026561730242,14.4605991967168
5.30119047619048,0.758630587280518,0.668774350837477,1.17970112251599,14.4611431214718
5.30128968253968,0.758567678288746,0.66881046854568,1.17913689793777,14.4616869567723
5.30138888888889,0.758504761934816,0.66884654658651,1.17857294344071,14.4622307026442
5.30148809523809,0.75844183823266,0.668882584977299,1.17800925889783,14.4627743591135
5.3015873015873,0.758378907196235,0.668918583735364,1.17744584418217,14.4633179262059
5.30168650793651,0.758315968839525,0.668954542878001,1.17688269916682,14.4638614039474
5.30178571428571,0.758253023176537,0.668990462422489,1.17631982372493,14.4644047923637
5.30188492063492,0.758190070221306,0.669026342386088,1.17575721772969,14.4649480914805
5.30198412698413,0.758127109987889,0.669062182786039,1.17519488105432,14.4654913013238
5.30208333333333,0.758064142490369,0.669097983639566,1.17463281357209,14.4660344219192
5.30218253968254,0.758001167742856,0.669133744963872,1.17407101515635,14.4665774532925
5.30228174603175,0.757938185759484,0.669169466776145,1.17350948568044,14.4671203954693
5.30238095238095,0.757875196554412,0.669205149093552,1.17294822501778,14.4676632484754
5.30248015873016,0.757812200141824,0.669240791933242,1.17238723304184,14.4682060123365
5.30257936507937,0.757749196535929,0.669276395312347,1.17182650962611,14.4687486870781
5.30267857142857,0.757686185750964,0.669311959247978,1.17126605464415,14.4692912727259
5.30277777777778,0.757623167801187,0.66934748375723,1.17070586796956,14.4698337693056
5.30287698412698,0.757560142700884,0.669382968857177,1.17014594947597,14.4703761768426
5.30297619047619,0.757497110464366,0.669418414564878,1.16958629903707,14.4709184953626
5.3030753968254,0.757434071105968,0.66945382089737,1.16902691652659,14.4714607248912
5.3031746031746,0.75737102464005,0.669489187871673,1.16846780181832,14.4720028654537
5.30327380952381,0.757307971080999,0.66952451550479,1.16790895478606,14.4725449170758
5.30337301587302,0.757244910443226,0.669559803813703,1.1673503753037,14.4730868797829
5.30347222222222,0.757181842741168,0.669595052815378,1.16679206324515,14.4736287536005
5.30357142857143,0.757118767989285,0.66963026252676,1.16623401848437,14.4741705385539
5.30367063492063,0.757055686202065,0.669665432964777,1.16567624089536,14.4747122346687
5.30376984126984,0.756992597394021,0.669700564146338,1.16511873035217,14.4752538419703
5.30386904761905,0.756929501579688,0.669735656088336,1.1645614867289,14.4757953604839
5.30396825396825,0.756866398773629,0.669770708807641,1.16400450989969,14.4763367902351
5.30406746031746,0.756803288990433,0.669805722321109,1.16344779973873,14.476878131249
5.30416666666667,0.756740172244711,0.669840696645574,1.16289135612026,14.477419383551
5.30426587301587,0.756677048551102,0.669875631797853,1.16233517891855,14.4779605471665
5.30436507936508,0.756613917924269,0.669910527794746,1.16177926800792,14.4785016221206
5.30446428571429,0.756550780378901,0.669945384653032,1.16122362326275,14.4790426084387
5.30456349206349,0.75648763592971,0.669980202389474,1.16066824455745,14.4795835061459
5.3046626984127,0.756424484591437,0.670014981020814,1.16011313176649,14.4801243152676
5.30476190476191,0.756361326378844,0.670049720563777,1.15955828476435,14.4806650358288
5.30486111111111,0.756298161306721,0.67008442103507,1.15900370342561,14.4812056678547
5.30496031746032,0.756234989389882,0.67011908245138,1.15844938762486,14.4817462113706
5.30505952380952,0.756171810643167,0.670153704829378,1.15789533723674,14.4822866664014
5.30515873015873,0.756108625081441,0.670188288185713,1.15734155213594,14.4828270329724
5.30525793650794,0.756045432719594,0.670222832537019,1.15678803219719,14.4833673111087
5.30535714285714,0.755982233572541,0.670257337899909,1.15623477729527,14.4839075008351
5.30545634920635,0.755919027655222,0.67029180429098,1.15568178730501,14.484447602177
5.30555555555556,0.755855814982602,0.670326231726808,1.15512906210128,14.4849876151592
5.30565476190476,0.755792595569674,0.670360620223952,1.154576601559,14.4855275398067
5.30575396825397,0.755729369431452,0.670394969798953,1.15402440555312,14.4860673761446
5.30585317460317,0.755666136582978,0.670429280468331,1.15347247395865,14.4866071241978
5.30595238095238,0.755602897039318,0.670463552248591,1.15292080665066,14.4871467839912
5.30605158730159,0.755539650815565,0.670497785156218,1.15236940350422,14.4876863555498
5.30615079365079,0.755476397926833,0.670531979207677,1.1518182643945,14.4882258388985
5.30625,0.755413138388266,0.670566134419418,1.15126738919668,14.4887652340621
5.30634920634921,0.75534987221503,0.670600250807868,1.15071677778599,14.4893045410655
5.30644841269841,0.755286599422319,0.67063432838944,1.15016643003771,14.4898437599336
5.30654761904762,0.75522332002535,0.670668367180526,1.14961634582718,14.4903828906911
5.30664682539683,0.755160034039365,0.6707023671975,1.14906652502975,14.4909219333629
5.30674603174603,0.755096741479632,0.670736328456718,1.14851696752086,14.4914608879738
5.30684523809524,0.755033442361445,0.670770250974517,1.14796767317596,14.4919997545484
5.30694444444444,0.754970136700122,0.670804134767217,1.14741864187056,14.4925385331115
5.30704365079365,0.754906824511006,0.670837979851116,1.14686987348021,14.4930772236879
5.30714285714286,0.754843505809467,0.670871786242498,1.14632136788051,14.4936158263022
5.30724206349206,0.754780180610898,0.670905553957625,1.14577312494712,14.4941543409792
5.30734126984127,0.754716848930719,0.670939283012743,1.14522514455571,14.4946927677433
5.30744047619048,0.754653510784373,0.670972973424078,1.14467742658203,14.4952311066194
5.30753968253968,0.75459016618733,0.671006625207838,1.14412997090186,14.495769357632
5.30763888888889,0.754526815155086,0.671040238380212,1.14358277739101,14.4963075208056
5.3077380952381,0.754463457703159,0.671073812957373,1.14303584592538,14.4968455961649
5.3078373015873,0.754400093847096,0.671107348955473,1.14248917638086,14.4973835837344
5.30793650793651,0.754336723602467,0.671140846390645,1.14194276863344,14.4979214835386
5.30803571428571,0.754273346984867,0.671174305279005,1.14139662255911,14.4984592956021
5.30813492063492,0.754209964009917,0.671207725636652,1.14085073803394,14.4989970199493
5.30823412698413,0.754146574693262,0.671241107479664,1.14030511493402,14.4995346566047
5.30833333333333,0.754083179050575,0.6712744508241,1.13975975313549,14.5000722055927
5.30843253968254,0.754019777097551,0.671307755686004,1.13921465251455,14.5006096669377
5.30853174603175,0.753956368849912,0.671341022081399,1.13866981294744,14.5011470406642
5.30863095238095,0.753892954323404,0.67137425002629,1.13812523431044,14.5016843267966
5.30873015873016,0.753829533533801,0.671407439536662,1.13758091647988,14.5022215253591
5.30882936507937,0.753766106496898,0.671440590628486,1.13703685933212,14.5027586363762
5.30892857142857,0.753702673228518,0.671473703317709,1.1364930627436,14.5032956598721
5.30902777777778,0.753639233744509,0.671506777620264,1.13594952659076,14.5038325958712
5.30912698412698,0.753575788060744,0.671539813552063,1.13540625075014,14.5043694443977
5.30922619047619,0.753512336193119,0.671572811129001,1.13486323509827,14.504906205476
5.3093253968254,0.75344887815756,0.671605770366953,1.13432047951176,14.5054428791301
5.3094246031746,0.753385413970013,0.671638691281777,1.13377798386726,14.5059794653844
5.30952380952381,0.753321943646453,0.671671573889312,1.13323574804146,14.506515964263
5.30962301587302,0.753258467202878,0.671704418205378,1.1326937719111,14.5070523757901
5.30972222222222,0.753194984655312,0.671737224245777,1.13215205535296,14.50758869999
5.30982142857143,0.753131496019805,0.671769992026293,1.13161059824387,14.5081249368866
5.30992063492063,0.75306800131243,0.671802721562691,1.13106940046071,14.5086610865041
5.31001984126984,0.753004500549286,0.671835412870718,1.13052846188038,14.5091971488666
5.31011904761905,0.752940993746501,0.671868065966101,1.12998778237987,14.5097331239982
5.31021825396825,0.752877480920222,0.671900680864552,1.12944736183618,14.5102690119229
5.31031746031746,0.752813962086624,0.67193325758176,1.12890720012637,14.5108048126648
5.31041666666667,0.75275043726191,0.671965796133399,1.12836729712754,14.5113405262478
5.31051587301587,0.752686906462303,0.671998296535123,1.12782765271684,14.511876152696
5.31061507936508,0.752623369704054,0.672030758802569,1.12728826677146,14.5124116920333
5.31071428571429,0.75255982700344,0.672063182951353,1.12674913916863,14.5129471442836
5.31081349206349,0.752496278376762,0.672095568997075,1.12621026978565,14.5134825094709
5.3109126984127,0.752432723840346,0.672127916955315,1.12567165849985,14.5140177876192
5.31101190476191,0.752369163410543,0.672160226841636,1.1251333051886,14.5145529787522
5.31111111111111,0.752305597103731,0.672192498671581,1.12459520972931,14.5150880828938
5.31121031746032,0.75224202493631,0.672224732460675,1.12405737199947,14.5156231000679
5.31130952380952,0.752178446924709,0.672256928224425,1.12351979187657,14.5161580302983
5.31140873015873,0.75211486308538,0.672289085978319,1.12298246923818,14.5166928736088
5.31150793650794,0.752051273434799,0.672321205737828,1.1224454039619,14.5172276300232
5.31160714285714,0.751987677989471,0.672353287518402,1.12190859592537,14.5177622995653
5.31170634920635,0.751924076765922,0.672385331335474,1.1213720450063,14.5182968822587
5.31180555555556,0.751860469780706,0.67241733720446,1.12083575108243,14.5188313781272
5.31190476190476,0.751796857050402,0.672449305140755,1.12029971403153,14.5193657871945
5.31200396825397,0.751733238591612,0.672481235159736,1.11976393373144,14.5199001094843
5.31210317460317,0.751669614420966,0.672513127276763,1.11922841006003,14.5204343450202
5.31220238095238,0.751605984555117,0.672544981507176,1.11869314289523,14.5209684938259
5.31230158730159,0.751542349010744,0.672576797866298,1.118158132115,14.5215025559249
5.31240079365079,0.751478707804553,0.672608576369432,1.11762337759736,14.5220365313409
5.3125,0.751415060953272,0.672640317031863,1.11708887922037,14.5225704200975
5.31259920634921,0.751351408473656,0.67267201986886,1.11655463686213,14.5231042222181
5.31269841269841,0.751287750382485,0.672703684895668,1.11602065040078,14.5236379377264
5.31279761904762,0.751224086696564,0.67273531212752,1.11548691971453,14.5241715666458
5.31289682539682,0.751160417432723,0.672766901579626,1.11495344468162,14.5247051089998
5.31299603174603,0.751096742607818,0.672798453267179,1.11442022518032,14.525238564812
5.31309523809524,0.75103306223873,0.672829967205354,1.11388726108898,14.5257719341056
5.31319444444444,0.750969376342364,0.672861443409307,1.11335455228597,14.5263052169043
5.31329365079365,0.750905684935652,0.672892881894175,1.11282209864972,14.5268384132313
5.31339285714286,0.75084198803555,0.672924282675078,1.11228990005868,14.52737152311
5.31349206349206,0.75077828565904,0.672955645767116,1.11175795639139,14.5279045465639
5.31359126984127,0.750714577823127,0.672986971185373,1.11122626752638,14.5284374836163
5.31369047619048,0.750650864544845,0.673018258944911,1.11069483334227,14.5289703342904
5.31378968253968,0.75058714584125,0.673049509060775,1.11016365371772,14.5295030986097
5.31388888888889,0.750523421729424,0.673080721547994,1.10963272853142,14.5300357765973
5.31398809523809,0.750459692226475,0.673111896421575,1.1091020576621,14.5305683682766
5.3140873015873,0.750395957349536,0.673143033696508,1.10857164098855,14.5311008736707
5.31418650793651,0.750332217115764,0.673174133387765,1.10804147838962,14.531633292803
5.31428571428571,0.750268471542344,0.673205195510299,1.10751156974417,14.5321656256965
5.31438492063492,0.750204720646482,0.673236220079044,1.10698191493113,14.5326978723746
5.31448412698413,0.750140964445412,0.673267207108918,1.10645251382947,14.5332300328602
5.31458333333333,0.750077202956393,0.673298156614817,1.10592336631821,14.5337621071767
5.31468253968254,0.75001343619671,0.67332906861162,1.1053944722764,14.534294095347
5.31478174603175,0.749949664183671,0.67335994311419,1.10486583158315,14.5348259973943
5.31488095238095,0.74988588693461,0.673390780137367,1.10433744411761,14.5353578133416
5.31498015873016,0.749822104466888,0.673421579695976,1.10380930975898,14.5358895432121
5.31507936507936,0.749758316797888,0.673452341804822,1.10328142838651,14.5364211870287
5.31517857142857,0.749694523945019,0.673483066478693,1.10275379987947,14.5369527448145
5.31527777777778,0.749630725925719,0.673513753732357,1.10222642411721,14.5374842165925
5.31537698412698,0.749566922757447,0.673544403580563,1.1016993009791,14.5380156023855
5.31547619047619,0.749503114457688,0.673575016038044,1.10117243034457,14.5385469022166
5.3155753968254,0.749439301043953,0.673605591119513,1.10064581209308,14.5390781161087
5.3156746031746,0.749375482533779,0.673636128839665,1.10011944610416,14.5396092440848
5.31577380952381,0.749311658944725,0.673666629213175,1.09959333225736,14.5401402861676
5.31587301587302,0.749247830294378,0.673697092254701,1.0990674704323,14.5406712423801
5.31597222222222,0.74918399660035,0.673727517978884,1.09854186050862,14.5412021127451
5.31607142857143,0.749120157880277,0.673757906400343,1.09801650236602,14.5417328972854
5.31617063492063,0.749056314151822,0.673788257533681,1.09749139588425,14.5422635960239
5.31626984126984,0.748992465432672,0.673818571393483,1.09696654094309,14.5427942089833
5.31636904761905,0.748928611740538,0.673848847994313,1.09644193742238,14.5433247361864
5.31646825396825,0.748864753093158,0.67387908735072,1.095917585202,14.5438551776559
5.31656746031746,0.748800889508295,0.67390928947723,1.09539348416188,14.5443855334145
5.31666666666667,0.748737021003737,0.673939454388355,1.09486963418198,14.5449158034851
5.31676587301587,0.748673147597296,0.673969582098587,1.09434603514232,14.5454459878901
5.31686507936508,0.748609269306812,0.673999672622398,1.09382268692297,14.5459760866524
5.31696428571429,0.748545386150147,0.674029725974243,1.09329958940403,14.5465060997945
5.31706349206349,0.74848149814519,0.67405974216856,1.09277674246566,14.547036027339
5.3171626984127,0.748417605309856,0.674089721219764,1.09225414598806,14.5475658693086
5.3172619047619,0.748353707662083,0.674119663142257,1.09173179985147,14.5480956257258
5.31736111111111,0.748289805219835,0.674149567950419,1.09120970393617,14.5486252966132
5.31746031746032,0.748225898001101,0.674179435658612,1.09068785812251,14.5491548819933
5.31755952380952,0.748161986023897,0.674209266281181,1.09016626229086,14.5496843818886
5.31765873015873,0.748098069306263,0.674239059832451,1.08964491632167,14.5502137963216
5.31775793650794,0.748034147866264,0.674268816326729,1.08912382009538,14.5507431253149
5.31785714285714,0.747970221721989,0.674298535778304,1.08860297349253,14.5512723688908
5.31795634920635,0.747906290891554,0.674328218201447,1.08808237639367,14.5518015270718
5.31805555555556,0.7478423553931,0.674357863610409,1.08756202867942,14.5523305998802
5.31815476190476,0.747778415244792,0.674387472019423,1.08704193023043,14.5528595873386
5.31825396825397,0.747714470464823,0.674417043442704,1.08652208092739,14.5533884894692
5.31835317460317,0.747650521071408,0.67444657789445,1.08600248065106,14.5539173062944
5.31845238095238,0.747586567082788,0.674476075388836,1.08548312928223,14.5544460378365
5.31855158730159,0.74752260851723,0.674505535940024,1.08496402670173,14.5549746841179
5.31865079365079,0.747458645393026,0.674534959562154,1.08444517279044,14.5555032451608
5.31875,0.747394677728494,0.674564346269349,1.0839265674293,14.5560317209874
5.31884920634921,0.747330705541974,0.674593696075713,1.08340821049927,14.5565601116201
5.31894841269841,0.747266728851835,0.674623008995332,1.08289010188136,14.5570884170811
5.31904761904762,0.74720274767647,0.674652285042273,1.08237224145666,14.5576166373925
5.31914682539683,0.747138762034296,0.674681524230584,1.08185462910627,14.5581447725765
5.31924603174603,0.747074771943756,0.674710726574297,1.08133726471134,14.5586728226554
5.31934523809524,0.747010777423319,0.674739892087422,1.08082014815307,14.5592007876512
5.31944444444444,0.746946778491478,0.674769020783953,1.08030327931271,14.559728667586
5.31954365079365,0.746882775166752,0.674798112677866,1.07978665807155,14.560256462482
5.31964285714286,0.746818767467683,0.674827167783117,1.07927028431093,14.5607841723613
5.31974206349206,0.746754755412843,0.674856186113643,1.07875415791223,14.5613117972458
5.31984126984127,0.746690739020825,0.674885167683364,1.07823827875688,14.5618393371577
5.31994047619048,0.746626718310247,0.674914112506183,1.07772264672636,14.5623667921189
5.32003968253968,0.746562693299756,0.67494302059598,1.07720726170217,14.5628941621515
5.32013888888889,0.74649866400802,0.674971891966621,1.0766921235659,14.5634214472774
5.32023809523809,0.746434630453735,0.675000726631951,1.07617723219915,14.5639486475186
5.3203373015873,0.74637059265562,0.675029524605797,1.07566258748357,14.564475762897
5.32043650793651,0.746306550632422,0.675058285901969,1.07514818930087,14.5650027934345
5.32053571428571,0.746242504402912,0.675087010534257,1.0746340375328,14.565529739153
5.32063492063492,0.746178453985884,0.675115698516433,1.07412013206114,14.5660566000745
5.32073412698413,0.74611439940016,0.675144349862249,1.07360647276774,14.5665833762206
5.32083333333333,0.746050340664586,0.675172964585442,1.07309305953448,14.5671100676133
5.32093253968254,0.745986277798034,0.675201542699728,1.07257989224328,14.5676366742744
5.32103174603175,0.7459222108194,0.675230084218804,1.07206697077614,14.5681631962257
5.32113095238095,0.745858139747606,0.675258589156352,1.07155429501505,14.5686896334889
5.32123015873016,0.745794064601599,0.675287057526031,1.0710418648421,14.5692159860857
5.32132936507937,0.745729985400352,0.675315489341485,1.07052968013938,14.569742254038
5.32142857142857,0.745665902162861,0.675343884616337,1.07001774078907,14.5702684373674
5.32152777777778,0.74560181490815,0.675372243364195,1.06950604667336,14.5707945360956
5.32162698412698,0.745537723655266,0.675400565598644,1.0689945976745,14.5713205502442
5.32172619047619,0.745473628423282,0.675428851333255,1.06848339367479,14.5718464798349
5.3218253968254,0.745409529231296,0.675457100581577,1.06797243455656,14.5723723248894
5.3219246031746,0.745345426098432,0.675485313357143,1.06746172020219,14.5728980854291
5.32202380952381,0.745281319043839,0.675513489673466,1.06695125049412,14.5734237614758
5.32212301587302,0.74521720808669,0.675541629544042,1.06644102531483,14.573949353051
5.32222222222222,0.745153093246185,0.675569732982346,1.06593104454684,14.5744748601761
5.32232142857143,0.745088974541547,0.675597800001837,1.06542130807271,14.5750002828728
5.32242063492063,0.745024851992026,0.675625830615955,1.06491181577505,14.5755256211625
5.32251984126984,0.744960725616896,0.675653824838122,1.06440256753653,14.5760508750667
5.32261904761905,0.744896595435457,0.67568178268174,1.06389356323984,14.5765760446068
5.32271825396825,0.744832461467036,0.675709704160192,1.06338480276774,14.5771011298044
5.32281746031746,0.744768323730981,0.675737589286847,1.06287628600302,14.5776261306807
5.32291666666667,0.744704182246667,0.67576543807505,1.06236801282852,14.5781510472572
5.32301587301587,0.744640037033497,0.675793250538131,1.06185998312713,14.5786758795553
5.32311507936508,0.744575888110895,0.6758210266894,1.06135219678178,14.5792006275964
5.32321428571429,0.744511735498313,0.67584876654215,1.06084465367544,14.5797252914016
5.32331349206349,0.744447579215226,0.675876470109654,1.06033735369114,14.5802498709925
5.3234126984127,0.744383419281135,0.675904137405168,1.05983029671195,14.5807743663902
5.32351190476191,0.744319255715569,0.675931768441927,1.05932348262097,14.581298777616
5.32361111111111,0.744255088538079,0.675959363233151,1.05881691130137,14.5818231046912
5.32371031746032,0.74419091776824,0.675986921792039,1.05831058263636,14.5823473476371
5.32380952380952,0.744126743425657,0.676014444131773,1.05780449650918,14.5828715064747
5.32390873015873,0.744062565529956,0.676041930265515,1.05729865280313,14.5833955812253
5.32400793650794,0.743998384100789,0.67606938020641,1.05679305140154,14.5839195719101
5.32410714285714,0.743934199157834,0.676096793967585,1.05628769218781,14.5844434785502
5.32420634920635,0.743870010720796,0.676124171562145,1.05578257504537,14.5849673011667
5.32430555555556,0.743805818809401,0.676151513003182,1.0552776998577,14.5854910397808
5.32440476190476,0.743741623443403,0.676178818303764,1.05477306650831,14.5860146944134
5.32450396825397,0.743677424642581,0.676206087476946,1.05426867488079,14.5865382650858
5.32460317460317,0.743613222426738,0.676233320535759,1.05376452485874,14.5870617518189
5.32470238095238,0.743549016815704,0.67626051749322,1.05326061632582,14.5875851546337
5.32480158730159,0.743484807829332,0.676287678362325,1.05275694916573,14.5881084735512
5.32490079365079,0.743420595487502,0.676314803156052,1.05225352326224,14.5886317085925
5.325,0.74335637981012,0.676341891887363,1.05175033849913,14.5891548597785
5.32509920634921,0.743292160817113,0.676368944569197,1.05124739476026,14.5896779271301
5.32519841269841,0.743227938528438,0.676395961214478,1.05074469192949,14.5902009106682
5.32529761904762,0.743163712964075,0.676422941836111,1.05024222989078,14.5907238104137
5.32539682539683,0.743099484144029,0.676449886446982,1.0497400085281,14.5912466263876
5.32549603174603,0.74303525208833,0.676476795059957,1.04923802772546,14.5917693586106
5.32559523809524,0.742971016817034,0.676503667687888,1.04873628736695,14.5922920071036
5.32569444444444,0.742906778350224,0.676530504343603,1.04823478733667,14.5928145718874
5.32579365079365,0.742842536708003,0.676557305039916,1.04773352751879,14.5933370529828
5.32589285714286,0.742778291910505,0.67658406978962,1.04723250779752,14.5938594504106
5.32599206349206,0.742714043977885,0.676610798605491,1.04673172805711,14.5943817641915
5.32609126984127,0.742649792930326,0.676637491500285,1.04623118818184,14.5949039943463
5.32619047619048,0.742585538788033,0.676664148486741,1.04573088805608,14.5954261408956
5.32628968253968,0.742521281571241,0.67669076957758,1.0452308275642,14.5959482038601
5.32638888888889,0.742457021300204,0.676717354785501,1.04473100659064,14.5964701832606
5.3264880952381,0.742392757995208,0.67674390412319,1.04423142501988,14.5969920791177
5.3265873015873,0.742328491676558,0.676770417603309,1.04373208273644,14.5975138914519
5.32668650793651,0.742264222364589,0.676796895238506,1.0432329796249,14.5980356202839
5.32678571428571,0.742199950079659,0.676823337041408,1.04273411556987,14.5985572656344
5.32688492063492,0.742135674842149,0.676849743024624,1.04223549045602,14.5990788275237
5.32698412698413,0.742071396672471,0.676876113200745,1.04173710416805,14.5996003059726
5.32708333333333,0.742007115591056,0.676902447582344,1.0412389565907,14.6001217010014
5.32718253968254,0.741942831618364,0.676928746181974,1.04074104760879,14.6006430126308
5.32728174603175,0.741878544774879,0.676955009012171,1.04024337710716,14.6011642408812
5.32738095238095,0.741814255081112,0.676981236085451,1.0397459449707,14.601685385773
5.32748015873016,0.741749962557595,0.677007427414314,1.03924875108433,14.6022064473267
5.32757936507937,0.741685667224889,0.677033583011239,1.03875179533305,14.6027274255627
5.32767857142857,0.741621369103579,0.677059702888689,1.03825507760188,14.6032483205015
5.32777777777778,0.741557068214275,0.677085787059105,1.03775859777588,14.6037691321633
5.32787698412698,0.741492764577612,0.677111835534913,1.03726235574018,14.6042898605686
5.32797619047619,0.741428458214251,0.67713784832852,1.03676635137994,14.6048105057376
5.3280753968254,0.741364149144879,0.677163825452312,1.03627058458037,14.6053310676908
5.3281746031746,0.741299837390204,0.67718976691866,1.03577505522672,14.6058515464483
5.32827380952381,0.741235522970965,0.677215672739913,1.03527976320429,14.6063719420305
5.32837301587302,0.741171205907922,0.677241542928405,1.03478470839843,14.6068922544576
5.32847222222222,0.741106886221862,0.67726737749645,1.03428989069452,14.6074124837499
5.32857142857143,0.741042563933595,0.677293176456342,1.033795309978,14.6079326299276
5.32867063492063,0.740978239063961,0.67731893982036,1.03330096613436,14.6084526930107
5.32876984126984,0.74091391163382,0.677344667600761,1.03280685904912,14.6089726730196
5.32886904761905,0.740849581664061,0.677370359809786,1.03231298860786,14.6094925699744
5.32896825396825,0.740785249175594,0.677396016459657,1.03181935469619,14.6100123838952
5.32906746031746,0.740720914189359,0.677421637562576,1.03132595719977,14.6105321148021
5.32916666666667,0.740656576726319,0.677447223130729,1.03083279600432,14.6110517627152
5.32926587301587,0.74059223680746,0.677472773176282,1.03033987099559,14.6115713276545
5.32936507936508,0.740527894453797,0.677498287711383,1.02984718205937,14.6120908096401
5.32946428571429,0.740463549686369,0.67752376674816,1.02935472908152,14.6126102086921
5.32956349206349,0.740399202526239,0.677549210298726,1.02886251194794,14.6131295248304
5.3296626984127,0.740334852994495,0.677574618375173,1.02837053054454,14.613648758075
5.3297619047619,0.740270501112253,0.677599990989574,1.02787878475732,14.6141679084459
5.32986111111111,0.740206146900651,0.677625328153985,1.02738727447231,14.614686975963
5.32996031746032,0.740141790380855,0.677650629880444,1.02689599957558,14.6152059606463
5.33005952380952,0.740077431574052,0.677675896180968,1.02640495995324,14.6157248625156
5.33015873015873,0.74001307050146,0.67770112706756,1.02591415549147,14.6162436815908
5.33025793650794,0.739948707184317,0.677726322552199,1.02542358607647,14.6167624178918
5.33035714285714,0.73988434164389,0.677751482646849,1.02493325159449,14.6172810714384
5.33045634920635,0.739819973901469,0.677776607363456,1.02444315193185,14.6177996422505
5.33055555555556,0.739755603978368,0.677801696713946,1.02395328697488,14.6183181303478
5.33065476190476,0.739691231895931,0.677826750710226,1.02346365660999,14.61883653575
5.33075396825397,0.739626857675521,0.677851769364186,1.02297426072359,14.6193548584771
5.33085317460317,0.739562481338532,0.677876752687698,1.02248509920219,14.6198730985487
5.33095238095238,0.739498102906379,0.677901700692613,1.02199617193231,14.6203912559844
5.33105158730159,0.739433722400504,0.677926613390766,1.02150747880052,14.6209093308041
5.33115079365079,0.739369339842374,0.677951490793972,1.02101901969345,14.6214273230273
5.33125,0.739304955253481,0.67797633291403,1.02053079449775,14.6219452326738
5.33134920634921,0.739240568655343,0.678001139762716,1.02004280310015,14.6224630597631
5.33144841269841,0.739176180069502,0.678025911351793,1.01955504538739,14.6229808043149
5.33154761904762,0.739111789517525,0.678050647693002,1.01906752124628,14.6234984663487
5.33164682539683,0.739047397021006,0.678075348798065,1.01858023056367,14.6240160458841
5.33174603174603,0.738983002601563,0.678100014678689,1.01809317322645,14.6245335429408
5.33184523809524,0.738918606280839,0.678124645346559,1.01760634912156,14.6250509575381
5.33194444444444,0.738854208080503,0.678149240813343,1.01711975813598,14.6255682896956
5.33204365079365,0.738789808022248,0.678173801090692,1.01663340015675,14.6260855394328
5.33214285714286,0.738725406127794,0.678198326190236,1.01614727507093,14.6266027067692
5.33224206349206,0.738661002418884,0.678222816123587,1.01566138276566,14.6271197917242
5.33234126984127,0.738596596917287,0.678247270902342,1.01517572312809,14.6276367943171
5.33244047619048,0.738532189644799,0.678271690538073,1.01469029604544,14.6281537145675
5.33253968253968,0.738467780623239,0.67829607504234,1.01420510140497,14.6286705524948
5.33263888888889,0.738403369874452,0.678320424426681,1.01372013909398,14.6291873081181
5.33273809523809,0.738338957420307,0.678344738702617,1.01323540899981,14.629703981457
5.3328373015873,0.738274543282702,0.678369017881648,1.01275091100987,14.6302205725307
5.33293650793651,0.738210127483555,0.67839326197526,1.01226664501159,14.6307370813585
5.33303571428571,0.738145710044812,0.678417470994916,1.01178261089246,14.6312535079597
5.33313492063492,0.738081290988444,0.678441644952064,1.01129880854,14.6317698523536
5.33323412698413,0.738016870336449,0.678465783858131,1.0108152378418,14.6322861145593
5.33333333333333,0.737952448110846,0.678489887724528,1.01033189868548,14.6328022945962
5.33343253968254,0.737888024333683,0.678513956562644,1.00984879095871,14.6333183924834
5.33353174603175,0.737823599027031,0.678537990383854,1.00936591454919,14.63383440824
5.33363095238095,0.737759172212987,0.678561989199511,1.00888326934468,14.6343503418853
5.33373015873016,0.737694743913673,0.678585953020952,1.008400855233,14.6348661934383
5.33382936507937,0.737630314151236,0.678609881859493,1.00791867210198,14.6353819629182
5.33392857142857,0.737565882947849,0.678633775726434,1.00743671983953,14.6358976503441
5.33402777777778,0.73750145032571,0.678657634633054,1.00695499833359,14.636413255735
5.33412698412698,0.737437016307041,0.678681458590617,1.00647350747214,14.63692877911
5.33422619047619,0.737372580914091,0.678705247610365,1.00599224714321,14.6374442204881
5.3343253968254,0.737308144169133,0.678729001703524,1.00551121723489,14.6379595798883
5.3344246031746,0.737243706094466,0.6787527208813,1.00503041763529,14.6384748573297
5.33452380952381,0.737179266712412,0.678776405154882,1.00454984823257,14.6389900528311
5.33462301587302,0.737114826045321,0.678800054535439,1.00406950891497,14.6395051664115
5.33472222222222,0.737050384115568,0.678823669034122,1.00358939957073,14.6400201980899
5.33482142857143,0.736985940945551,0.678847248662065,1.00310952008817,14.6405351478851
5.33492063492063,0.736921496557695,0.678870793430381,1.00262987035562,14.6410500158161
5.33501984126984,0.736857050974449,0.678894303350167,1.00215045026149,14.6415648019016
5.33511904761905,0.736792604218289,0.6789177784325,1.00167125969423,14.6420795061606
5.33521825396825,0.736728156311715,0.678941218688439,1.00119229854231,14.6425941286119
5.33531746031746,0.73666370727725,0.678964624129025,1.00071356669426,14.6431086692742
5.33541666666667,0.736599257137448,0.67898799476528,1.00023506403868,14.6436231281663
5.33551587301587,0.736534805914883,0.679011330608207,0.999756790464175,14.6441375053071
5.33561507936508,0.736470353632156,0.679034631668791,0.999278745859423,14.6446518007152
5.33571428571429,0.736405900311892,0.679057897958,0.998800930113137,14.6451660144093
5.33581349206349,0.736341445976744,0.679081129486781,0.998323343114078,14.6456801464082
5.3359126984127,0.736276990649388,0.679104326266065,0.997845984751051,14.6461941967305
5.33601190476191,0.736212534352525,0.679127488306762,0.997368854912904,14.6467081653949
5.33611111111111,0.736148077108882,0.679150615619766,0.996891953488541,14.64722205242
5.33621031746032,0.736083618941212,0.679173708215951,0.996415280366902,14.6477358578245
5.33630952380952,0.736019159872292,0.679196766106173,0.995938835436974,14.6482495816268
5.33640873015873,0.735954699924923,0.679219789301269,0.995462618587792,14.6487632238457
5.33650793650794,0.735890239121935,0.67924277781206,0.994986629708434,14.6492767844996
5.33660714285714,0.735825777486179,0.679265731649344,0.994510868688026,14.6497902636071
5.33670634920635,0.735761315040535,0.679288650823905,0.994035335415737,14.6503036611867
5.33680555555556,0.735696851807904,0.679311535346506,0.993560029780781,14.6508169772568
5.33690476190476,0.735632387811216,0.679334385227893,0.993084951672425,14.6513302118361
5.33700396825397,0.735567923073424,0.679357200478792,0.992610100979972,14.6518433649427
5.33710317460317,0.735503457617507,0.679379981109911,0.992135477592776,14.6523564365954
5.33720238095238,0.735438991466469,0.679402727131941,0.991661081400234,14.6528694268123
5.33730158730159,0.73537452464334,0.679425438555553,0.99118691229179,14.653382335612
5.33740079365079,0.735310057171174,0.6794481153914,0.990712970156933,14.6538951630127
5.3375,0.73524558907305,0.679470757650116,0.990239254885194,14.6544079090329
5.33759920634921,0.735181120372073,0.679493365342318,0.989765766366161,14.6549205736908
5.33769841269841,0.735116651091375,0.679515938478603,0.989292504489455,14.6554331570047
5.33779761904762,0.735052181254109,0.67953847706955,0.988819469144747,14.655945658993
5.33789682539683,0.734987710883456,0.67956098112572,0.988346660221756,14.6564580796739
5.33799603174603,0.734923240002622,0.679583450657656,0.987874077610242,14.6569704190656
5.33809523809524,0.734858768634838,0.67960588567588,0.987401721200014,14.6574826771863
5.33819444444444,0.73479429680336,0.679628286190899,0.986929590880925,14.6579948540543
5.33829365079365,0.734729824531469,0.679650652213199,0.986457686542871,14.6585069496878
5.33839285714286,0.734665351842471,0.679672983753249,0.985986008075803,14.6590189641048
5.33849206349206,0.734600878759699,0.679695280821498,0.985514555369708,14.6595308973235
5.33859126984127,0.734536405306508,0.679717543428379,0.985043328314621,14.6600427493621
5.33869047619048,0.734471931506282,0.679739771584304,0.984572326800624,14.6605545202386
5.33878968253968,0.734407457382428,0.679761965299668,0.984101550717842,14.6610662099711
5.33888888888889,0.734342982958377,0.679784124584847,0.983630999956449,14.6615778185777
5.3389880952381,0.734278508257587,0.679806249450198,0.983160674406658,14.6620893460763
5.3390873015873,0.734214033303542,0.679828339906062,0.98269057395874,14.6626007924851
5.33918650793651,0.734149558119749,0.679850395962758,0.982220698503001,14.663112157822
5.33928571428571,0.734085082729742,0.679872417630589,0.981751047929793,14.6636234421049
5.33938492063492,0.734020607157079,0.679894404919839,0.981281622129518,14.6641346453519
5.33948412698413,0.733956131425344,0.679916357840774,0.980812420992621,14.6646457675808
5.33958333333333,0.733891655558145,0.67993827640364,0.980343444409593,14.6651568088095
5.33968253968254,0.733827179579117,0.679960160618665,0.97987469227097,14.665667769056
5.33978174603175,0.733762703511918,0.679982010496061,0.97940616446733,14.6661786483381
5.33988095238095,0.733698227380234,0.680003826046018,0.97893786088931,14.6666894466736
5.33998015873016,0.733633751207775,0.68002560727871,0.978469781427577,14.6672001640805
5.34007936507937,0.733569275018274,0.680047354204291,0.978001925972851,14.6677108005764
5.34017857142857,0.733504798835491,0.680069066832898,0.977534294415896,14.6682213561792
5.34027777777778,0.733440322683213,0.680090745174648,0.977066886647522,14.6687318309066
5.34037698412698,0.73337584658525,0.68011238923964,0.976599702558585,14.6692422247764
5.34047619047619,0.733311370565436,0.680133999037956,0.97613274203998,14.6697525378063
5.3405753968254,0.733246894647634,0.680155574579658,0.975666004982662,14.670262770014
5.3406746031746,0.733182418855728,0.68017711587479,0.97519949127762,14.6707729214171
5.34077380952381,0.733117943213631,0.680198622933378,0.97473320081589,14.6712829920334
5.34087301587302,0.733053467745279,0.680220095765427,0.974267133488556,14.6717929818805
5.34097222222222,0.732988992474633,0.680241534380928,0.973801289186746,14.672302890976
5.34107142857143,0.73292451742568,0.68026293878985,0.973335667801634,14.6728127193374
5.34117063492063,0.732860042622432,0.680284309002144,0.972870269224441,14.6733224669824
5.34126984126984,0.732795568088927,0.680305645027745,0.972405093346427,14.6738321339286
5.34136904761905,0.732731093849227,0.680326946876567,0.97194014005891,14.6743417201934
5.34146825396825,0.732666619927419,0.680348214558505,0.971475409253244,14.6748512257943
5.34156746031746,0.732602146347616,0.680369448083439,0.971010900820829,14.675360650749
5.34166666666667,0.732537673133957,0.680390647461227,0.970546614653113,14.6758699950747
5.34176587301587,0.732473200310605,0.68041181270171,0.970082550641589,14.6763792587891
5.34186507936508,0.732408727901747,0.680432943814712,0.969618708677796,14.6768884419095
5.34196428571429,0.732344255931598,0.680454040810035,0.969155088653314,14.6773975444533
5.34206349206349,0.732279784424396,0.680475103697465,0.968691690459779,14.6779065664379
5.3421626984127,0.732215313404406,0.68049613248677,0.968228513988863,14.6784155078807
5.34226190476191,0.732150842895917,0.680517127187698,0.967765559132286,14.6789243687991
5.34236111111111,0.732086372923243,0.68053808780998,0.967302825781815,14.6794331492103
5.34246031746032,0.732021903510724,0.680559014363326,0.966840313829261,14.6799418491317
5.34255952380952,0.731957434682724,0.680579906857432,0.966378023166481,14.6804504685805
5.34265873015873,0.731892966463634,0.68060076530197,0.965915953685379,14.6809590075741
5.34275793650794,0.731828498877867,0.680621589706599,0.965454105277899,14.6814674661296
5.34285714285714,0.731764031949867,0.680642380080955,0.964992477836041,14.6819758442644
5.34295634920635,0.731699565704098,0.680663136434658,0.964531071251841,14.6824841419955
5.34305555555556,0.73163510016505,0.680683858777309,0.964069885417386,14.6829923593402
5.34315476190476,0.73157063535724,0.680704547118491,0.963608920224803,14.6835004963156
5.34325396825397,0.731506171305208,0.680725201467768,0.963148175566271,14.6840085529389
5.34335317460317,0.731441708033522,0.680745821834686,0.96268765133401,14.6845165292272
5.34345238095238,0.731377245566773,0.680766408228771,0.962227347420284,14.6850244251976
5.34355158730159,0.731312783929577,0.680786960659532,0.961767263717413,14.6855322408672
5.34365079365079,0.731248323146577,0.680807479136461,0.96130740011775,14.686039976253
5.34375,0.73118386324244,0.680827963669028,0.9608477565137,14.686547631372
5.34384920634921,0.731119404241859,0.680848414266687,0.960388332797712,14.6870552062414
5.34394841269841,0.73105494616955,0.680868830938873,0.959929128862281,14.687562700878
5.34404761904762,0.730990489050257,0.680889213695002,0.959470144599947,14.6880701152989
5.34414682539682,0.730926032908748,0.680909562544472,0.959011379903295,14.688577449521
5.34424603174603,0.730861577769815,0.680929877496664,0.958552834664955,14.6890847035613
5.34434523809524,0.730797123658278,0.680950158560938,0.958094508777608,14.6895918774366
5.34444444444444,0.73073267059898,0.680970405746636,0.957636402133976,14.6900989711638
5.34454365079365,0.730668218616789,0.680990619063083,0.957178514626824,14.6906059847599
5.34464285714286,0.7306037677366,0.681010798519585,0.956720846148968,14.6911129182416
5.34474206349206,0.730539317983332,0.681030944125429,0.956263396593266,14.6916197716259
5.34484126984127,0.73047486938193,0.681051055889883,0.955806165852623,14.6921265449294
5.34494047619048,0.730410421957362,0.681071133822199,0.955349153819985,14.692633238169
5.34503968253968,0.730345975734624,0.681091177931607,0.954892360388356,14.6931398513615
5.34513888888889,0.730281530738735,0.681111188227322,0.954435785450771,14.6936463845236
5.34523809523809,0.730217086994742,0.681131164718539,0.95397942890032,14.6941528376721
5.3453373015873,0.730152644527714,0.681151107414434,0.953523290630133,14.6946592108235
5.34543650793651,0.730088203362747,0.681171016324164,0.95306737053339,14.6951655039947
5.34553571428571,0.730023763524961,0.681190891456871,0.952611668503312,14.6956717172023
5.34563492063492,0.729959325039503,0.681210732821675,0.952156184433169,14.6961778504629
5.34573412698413,0.729894887931543,0.681230540427678,0.951700918216272,14.6966839037932
5.34583333333333,0.729830452226279,0.681250314283965,0.951245869745989,14.6971898772097
5.34593253968254,0.729766017948932,0.681270054399602,0.95079103891572,14.6976957707291
5.34603174603175,0.729701585124748,0.681289760783636,0.950336425618918,14.6982015843678
5.34613095238095,0.729637153779,0.681309433445097,0.949882029749078,14.6987073181425
5.34623015873016,0.729572723936984,0.681329072392993,0.949427851199743,14.6992129720696
5.34632936507936,0.729508295624024,0.681348677636319,0.948973889864501,14.6997185461656
5.34642857142857,0.729443868865466,0.681368249184046,0.948520145636982,14.7002240404471
5.34652777777778,0.729379443686684,0.68138778704513,0.94806661841087,14.7007294549305
5.34662698412698,0.729315020113075,0.681407291228509,0.947613308079888,14.7012347896322
5.34672619047619,0.729250598170063,0.681426761743099,0.947160214537805,14.7017400445686
5.3468253968254,0.729186177883096,0.681446198597801,0.946707337678435,14.7022452197561
5.3469246031746,0.729121759277648,0.681465601801495,0.946254677395642,14.7027503152112
5.34702380952381,0.729057342379216,0.681484971363046,0.945802233583329,14.70325533095
5.34712301587302,0.728992927213327,0.681504307291296,0.945350006135451,14.7037602669891
5.34722222222222,0.728928513805527,0.681523609595073,0.944897994946001,14.7042651233447
5.34732142857143,0.728864102181392,0.681542878283183,0.944446199909029,14.704769900033
5.34742063492063,0.728799692366522,0.681562113364415,0.943994620918619,14.7052745970704
5.34751984126984,0.728735284386541,0.68158131484754,0.943543257868907,14.705779214473
5.34761904761905,0.7286708782671,0.681600482741311,0.943092110654072,14.7062837522573
5.34771825396825,0.728606474033872,0.68161961705446,0.94264117916834,14.7067882104392
5.34781746031746,0.72854207171256,0.681638717795702,0.942190463305981,14.707292589035
5.34791666666667,0.728477671328887,0.681657784973736,0.941739962961308,14.707796888061
5.34801587301587,0.728413272908606,0.681676818597238,0.941289678028689,14.7083011075332
5.34811507936508,0.728348876477491,0.681695818674868,0.940839608402529,14.7088052474677
5.34821428571429,0.728284482061345,0.681714785215269,0.940389753977282,14.7093093078807
5.34831349206349,0.728220089685994,0.681733718227062,0.939940114647445,14.7098132887882
5.3484126984127,0.728155699377288,0.681752617718853,0.939490690307561,14.7103171902063
5.3485119047619,0.728091311161105,0.681771483699226,0.939041480852222,14.7108210121511
5.34861111111111,0.728026925063347,0.681790316176751,0.938592486176062,14.7113247546385
5.34871031746032,0.727962541109941,0.681809115159975,0.938143706173759,14.7118284176846
5.34880952380952,0.727898159326839,0.68182788065743,0.937695140740045,14.7123320013053
5.34890873015873,0.727833779740019,0.681846612677627,0.937246789769688,14.7128355055166
5.34900793650794,0.727769402375484,0.681865311229061,0.936798653157507,14.7133389303345
5.34910714285714,0.727705027259262,0.681883976320206,0.936350730798363,14.7138422757748
5.34920634920635,0.727640654417405,0.681902607959519,0.935903022587166,14.7143455418535
5.34930555555556,0.727576283875992,0.681921206155439,0.935455528418868,14.7148487285864
5.34940476190476,0.727511915661126,0.681939770916385,0.935008248188468,14.7153518359893
5.34950396825397,0.727447549798938,0.68195830225076,0.934561181791015,14.7158548640782
5.34960317460317,0.727383186315579,0.681976800166945,0.934114329121597,14.7163578128688
5.34970238095238,0.72731882523723,0.681995264673306,0.933667690075351,14.7168606823769
5.34980158730159,0.727254466590095,0.682013695778188,0.933221264547457,14.7173634726183
5.34990079365079,0.727190110400403,0.682032093489919,0.932775052433143,14.7178661836088
5.35,0.727125756694409,0.682050457816809,0.932329053627683,14.718368815364
5.35009920634921,0.727061405498394,0.682068788767147,0.931883268026392,14.7188713678997
5.35019841269841,0.726997056838661,0.682087086349207,0.931437695524634,14.7193738412315
5.35029761904762,0.726932710741542,0.682105350571241,0.930992336017823,14.7198762353752
5.35039682539683,0.726868367233392,0.682123581441486,0.930547189401411,14.7203785503464
5.35049603174603,0.726804026340592,0.682141778968158,0.930102255570897,14.7208807861607
5.35059523809524,0.726739688089547,0.682159943159455,0.929657534421829,14.7213829428336
5.35069444444444,0.72667535250669,0.682178074023558,0.929213025849798,14.7218850203809
5.35079365079365,0.726611019618476,0.682196171568628,0.928768729750441,14.722387018818
5.35089285714286,0.726546689451386,0.682214235802808,0.928324646019437,14.7228889381606
5.35099206349206,0.726482362031928,0.682232266734223,0.92788077455252,14.723390778424
5.35109126984127,0.726418037386634,0.682250264370978,0.927437115245461,14.7238925396239
5.35119047619048,0.72635371554206,0.682268228721162,0.92699366799408,14.7243942217757
5.35128968253968,0.726289396524789,0.682286159792843,0.92655043269424,14.7248958248949
5.35138888888889,0.726225080361428,0.682304057594073,0.926107409241852,14.7253973489969
5.35148809523809,0.72616076707861,0.682321922132884,0.925664597532873,14.7258987940971
5.3515873015873,0.726096456702994,0.682339753417289,0.925221997463303,14.7264001602109
5.35168650793651,0.726032149261261,0.682357551455284,0.924779608929186,14.7269014473537
5.35178571428571,0.725967844780122,0.682375316254847,0.92433743182662,14.7274026555409
5.35188492063492,0.725903543286308,0.682393047823934,0.923895466051741,14.7279037847877
5.35198412698413,0.725839244806579,0.682410746170488,0.923453711500732,14.7284048351096
5.35208333333333,0.725774949367719,0.682428411302428,0.923012168069823,14.7289058065218
5.35218253968254,0.725710656996537,0.682446043227659,0.922570835655287,14.7294066990395
5.35228174603175,0.725646367719867,0.682463641954064,0.922129714153444,14.7299075126781
5.35238095238095,0.725582081564568,0.682481207489511,0.921688803460659,14.7304082474527
5.35248015873016,0.725517798557526,0.682498739841846,0.921248103473347,14.7309089033786
5.35257936507937,0.725453518725651,0.6825162390189,0.920807614087962,14.731409480471
5.35267857142857,0.725389242095876,0.682533705028482,0.920367335201007,14.731909978745
5.35277777777778,0.725324968695164,0.682551137878387,0.919927266709029,14.7324103982157
5.35287698412698,0.725260698550499,0.682568537576386,0.919487408508622,14.7329107388984
5.35297619047619,0.725196431688891,0.682585904130236,0.919047760496426,14.7334110008081
5.3530753968254,0.725132168137378,0.682603237547674,0.918608322569123,14.7339111839599
5.3531746031746,0.725067907923019,0.682620537836419,0.918169094623441,14.7344112883688
5.35327380952381,0.725003651072902,0.68263780500417,0.917730076556163,14.73491131405
5.35337301587302,0.724939397614138,0.682655039058609,0.917291268264105,14.7354112610184
5.35347222222222,0.724875147573863,0.6826722400074,0.916852669644134,14.735911129289
5.35357142857143,0.72481090097924,0.682689407858187,0.916414280593163,14.7364109188769
5.35367063492063,0.724746657857455,0.682706542618597,0.915976101008149,14.736910629797
5.35376984126984,0.724682418235722,0.682723644296236,0.915538130786095,14.7374102620641
5.35386904761905,0.724618182141276,0.682740712898696,0.915100369824048,14.7379098156933
5.35396825396825,0.724553949601381,0.682757748433546,0.914662818019107,14.7384092906995
5.35406746031746,0.724489720643326,0.682774750908339,0.91422547526841,14.7389086870975
5.35416666666667,0.724425495294423,0.68279172033061,0.913788341469141,14.7394080049022
5.35426587301587,0.72436127358201,0.682808656707872,0.913351416518532,14.7399072441284
5.35436507936508,0.724297055533451,0.682825560047625,0.912914700313858,14.7404064047909
5.35446428571429,0.724232841176134,0.682842430357347,0.912478192752444,14.7409054869046
5.35456349206349,0.724168630537474,0.682859267644497,0.912041893731654,14.7414044904842
5.3546626984127,0.724104423644909,0.682876071916517,0.911605803148901,14.7419034155444
5.35476190476191,0.724040220525905,0.682892843180831,0.911169920901647,14.7424022621001
5.35486111111111,0.72397602120795,0.682909581444843,0.910734246887395,14.7429010301658
5.35496031746032,0.723911825718559,0.682926286715941,0.910298781003694,14.7433997197564
5.35505952380952,0.723847634085272,0.682942959001491,0.90986352314814,14.7438983308864
5.35515873015873,0.723783446335654,0.682959598308843,0.909428473218374,14.7443968635706
5.35525793650794,0.723719262497295,0.682976204645329,0.90899363111208,14.7448953178235
5.35535714285714,0.723655082597811,0.682992778018261,0.90855899672699,14.7453936936598
5.35545634920635,0.723590906664842,0.683009318434932,0.908124569960884,14.745891991094
5.35555555555556,0.723526734726056,0.683025825902619,0.907690350711585,14.7463902101408
5.35565476190476,0.723462566809141,0.683042300428579,0.90725633887696,14.7468883508146
5.35575396825397,0.723398402941816,0.68305874202005,0.906822534354924,14.74738641313
5.35585317460317,0.72333424315182,0.683075150684254,0.906388937043435,14.7478843971016
5.35595238095238,0.723270087466922,0.68309152642839,0.905955546840499,14.7483823027437
5.35605158730159,0.723205935914913,0.683107869259644,0.905522363644166,14.7488801300708
5.35615079365079,0.723141788523609,0.683124179185179,0.905089387352531,14.7493778790975
5.35625,0.723077645320854,0.683140456212143,0.90465661786374,14.7498755498381
5.35634920634921,0.723013506334514,0.683156700347663,0.904224055075978,14.750373142307
5.35644841269841,0.722949371592483,0.683172911598849,0.903791698887477,14.7508706565186
5.35654761904762,0.722885241122678,0.683189089972792,0.903359549196517,14.7513680924872
5.35664682539683,0.722821114953042,0.683205235476565,0.90292760590142,14.7518654502273
5.35674603174603,0.722756993111544,0.683221348117221,0.902495868900556,14.7523627297531
5.35684523809524,0.722692875626177,0.683237427901797,0.902064338092338,14.7528599310789
5.35694444444444,0.72262876252496,0.68325347483731,0.901633013375231,14.753357054219
5.35704365079365,0.722564653835936,0.683269488930758,0.901201894647739,14.7538540991876
5.35714285714286,0.722500549587176,0.683285470189122,0.900770981808413,14.754351065999
5.35724206349206,0.722436449806772,0.683301418619364,0.900340274755852,14.7548479546675
5.35734126984127,0.722372354522845,0.683317334228427,0.899909773388696,14.7553447652071
5.35744047619048,0.722308263763538,0.683333217023237,0.899479477605634,14.7558414976321
5.35753968253968,0.722244177557023,0.683349067010699,0.899049387305401,14.7563381519566
5.35763888888889,0.722180095931494,0.683364884197702,0.898619502386772,14.7568347281948
5.3577380952381,0.722116018915171,0.683380668591116,0.898189822748578,14.7573312263607
5.3578373015873,0.7220519465363,0.683396420197791,0.897760348289687,14.7578276464685
5.35793650793651,0.721987878823152,0.683412139024561,0.897331078909014,14.7583239885323
5.35803571428571,0.721923815804021,0.683427825078239,0.896902014505521,14.758820252566
5.35813492063492,0.721859757507231,0.683443478365622,0.896473154978215,14.7593164385837
5.35823412698413,0.721795703961126,0.683459098893487,0.896044500226149,14.7598125465994
5.35833333333333,0.721731655194077,0.683474686668592,0.895616050148417,14.7603085766272
5.35843253968254,0.721667611234483,0.683490241697678,0.895187804644169,14.7608045286809
5.35853174603175,0.721603572110765,0.683505763987468,0.894759763612592,14.7613004027745
5.35863095238095,0.721539537851369,0.683521253544664,0.89433192695292,14.7617961989219
5.35873015873016,0.721475508484768,0.683536710375952,0.893904294564432,14.7622919171371
5.35882936507937,0.72141148403946,0.683552134487998,0.893476866346457,14.7627875574339
5.35892857142857,0.721347464543966,0.683567525887451,0.893049642198362,14.7632831198262
5.35902777777778,0.721283450026836,0.68358288458094,0.892622622019567,14.7637786043278
5.35912698412698,0.721219440516641,0.683598210575076,0.892195805709531,14.7642740109526
5.35922619047619,0.721155436041981,0.683613503876452,0.891769193167767,14.7647693397143
5.3593253968254,0.721091436631478,0.683628764491643,0.891342784293827,14.7652645906268
5.3594246031746,0.721027442313782,0.683643992427205,0.890916578987307,14.7657597637037
5.35952380952381,0.720963453117566,0.683659187689674,0.890490577147855,14.7662548589589
5.35962301587302,0.720899469071529,0.68367435028557,0.890064778675159,14.766749876406
5.35972222222222,0.720835490204396,0.683689480221394,0.889639183468956,14.7672448160587
5.35982142857143,0.720771516544915,0.683704577503627,0.889213791429022,14.7677396779308
5.35992063492063,0.720707548121863,0.683719642138733,0.888788602455192,14.7682344620358
5.36001984126984,0.720643584964037,0.683734674133157,0.888363616447334,14.7687291683875
5.36011904761905,0.720579627100264,0.683749673493326,0.887938833305366,14.7692237969993
5.36021825396825,0.720515674559394,0.683764640225648,0.887514252929253,14.769718347885
5.36031746031746,0.720451727370302,0.683779574336513,0.887089875219001,14.770212821058
5.36041666666667,0.720387785561889,0.683794475832292,0.886665700074665,14.770707216532
5.36051587301587,0.720323849163081,0.683809344719339,0.886241727396347,14.7712015343205
5.36061507936508,0.720259918202827,0.683824181003986,0.885817957084188,14.7716957744369
5.36071428571429,0.720195992710106,0.683838984692552,0.885394389038385,14.7721899368948
5.36081349206349,0.720132072713919,0.683853755791332,0.884971023159172,14.7726840217076
5.3609126984127,0.720068158243291,0.683868494306606,0.884547859346831,14.7731780288888
5.3610119047619,0.720004249327275,0.683883200244635,0.884124897501689,14.7736719584518
5.36111111111111,0.719940345994948,0.683897873611661,0.88370213752412,14.77416581041
5.36121031746032,0.719876448275413,0.683912514413907,0.883279579314542,14.7746595847768
5.36130952380952,0.719812556197795,0.683927122657579,0.882857222773418,14.7751532815656
5.36140873015873,0.719748669791249,0.683941698348863,0.882435067801262,14.7756469007896
5.36150793650794,0.719684789084952,0.683956241493928,0.882013114298626,14.7761404424623
5.36160714285714,0.719620914108107,0.683970752098923,0.881591362166114,14.776633906597
5.36170634920635,0.719557044889942,0.683985230169981,0.881169811304369,14.7771272932068
5.36180555555556,0.71949318145971,0.683999675713214,0.880748461614084,14.7776206023051
5.36190476190476,0.719429323846691,0.684014088734716,0.880327312995996,14.7781138339052
5.36200396825397,0.719365472080189,0.684028469240563,0.87990636535089,14.7786069880201
5.36210317460317,0.719301626189531,0.684042817236814,0.879485618579591,14.7791000646632
5.36220238095238,0.719237786204072,0.684057132729507,0.879065072582977,14.7795930638476
5.36230158730159,0.719173952153193,0.684071415724663,0.878644727261967,14.7800859855865
5.36240079365079,0.719110124066297,0.684085666228284,0.878224582517525,14.780578829893
5.3625,0.719046301972814,0.684099884246354,0.877804638250663,14.7810715967801
5.36259920634921,0.718982485902199,0.684114069784838,0.877384894362436,14.7815642862611
5.36269841269841,0.718918675883933,0.684128222849683,0.876965350753947,14.782056898349
5.36279761904762,0.71885487194752,0.684142343446818,0.876546007326339,14.7825494330569
5.36289682539683,0.718791074122493,0.684156431582152,0.876126863980811,14.7830418903977
5.36299603174603,0.718727282438405,0.684170487261577,0.8757079206186,14.7835342703844
5.36309523809524,0.718663496924839,0.684184510490966,0.875289177140989,14.7840265730302
5.36319444444444,0.718599717611401,0.684198501276174,0.874870633449307,14.7845187983479
5.36329365079365,0.718535944527721,0.684212459623036,0.87445228944493,14.7850109463505
5.36339285714286,0.718472177703457,0.68422638553737,0.874034145029278,14.7855030170509
5.36349206349206,0.718408417168291,0.684240279024976,0.873616200103817,14.7859950104621
5.36359126984127,0.718344662951928,0.684254140091634,0.873198454570058,14.7864869265968
5.36369047619048,0.718280915084102,0.684267968743107,0.872780908329561,14.7869787654681
5.36378968253968,0.718217173594571,0.684281764985138,0.872363561283928,14.7874705270887
5.36388888888889,0.718153438513116,0.684295528823453,0.871946413334806,14.7879622114714
5.36398809523809,0.718089709869545,0.684309260263758,0.871529464383889,14.7884538186291
5.3640873015873,0.718025987693692,0.684322959311743,0.871112714332917,14.7889453485746
5.36418650793651,0.717962272015415,0.684336625973077,0.870696163083674,14.7894368013205
5.36428571428571,0.717898562864596,0.684350260253412,0.870279810537989,14.7899281768797
5.36438492063492,0.717834860271145,0.684363862158381,0.869863656597743,14.7904194752649
5.36448412698413,0.717771164264996,0.684377431693598,0.869447701164854,14.7909106964887
5.36458333333333,0.717707474876107,0.68439096886466,0.869031944141291,14.7914018405639
5.36468253968254,0.717643792134462,0.684404473677145,0.868616385429064,14.7918929075032
5.36478174603175,0.717580116070072,0.684417946136611,0.868201024930234,14.792383897319
5.36488095238095,0.717516446712971,0.6844313862486,0.867785862546903,14.7928748100241
5.36498015873016,0.717452784093218,0.684444794018634,0.86737089818122,14.7933656456311
5.36507936507937,0.717389128240897,0.684458169452217,0.866956131735379,14.7938564041525
5.36517857142857,0.717325479186121,0.684471512554834,0.866541563111623,14.794347085601
5.36527777777778,0.717261836959024,0.684484823331953,0.866127192212237,14.7948376899889
5.36537698412698,0.717198201589767,0.684498101789021,0.865713018939553,14.7953282173289
5.36547619047619,0.717134573108535,0.68451134793147,0.865299043195946,14.7958186676334
5.3655753968254,0.717070951545539,0.684524561764711,0.86488526488384,14.796309040915
5.3656746031746,0.717007336931016,0.684537743294136,0.864471683905703,14.796799337186
5.36577380952381,0.716943729295226,0.684550892525121,0.864058300164044,14.7972895564588
5.36587301587302,0.716880128668458,0.684564009463022,0.86364511356143,14.797779698746
5.36597222222222,0.716816535081021,0.684577094113177,0.863232124000461,14.7982697640599
5.36607142857143,0.716752948563254,0.684590146480905,0.862819331383789,14.7987597524128
5.36617063492063,0.716689369145519,0.684603166571507,0.862406735614109,14.7992496638172
5.36626984126984,0.716625796858202,0.684616154390265,0.861994336594161,14.7997394982853
5.36636904761905,0.716562231731717,0.684629109942444,0.861582134226734,14.8002292558294
5.36646825396825,0.716498673796501,0.684642033233289,0.861170128414659,14.8007189364618
5.36656746031746,0.716435123083017,0.684654924268027,0.860758319060811,14.8012085401948
5.36666666666667,0.716371579621754,0.684667783051867,0.86034670606812,14.8016980670407
5.36676587301587,0.716308043443225,0.684680609589999,0.859935289339551,14.8021875170116
5.36686507936508,0.716244514577967,0.684693403887594,0.85952406877812,14.8026768901198
5.36696428571429,0.716180993056547,0.684706165949806,0.859113044286886,14.8031661863774
5.36706349206349,0.716117478909551,0.684718895781771,0.858702215768954,14.8036554057967
5.3671626984127,0.716053972167594,0.684731593388603,0.858291583127477,14.8041445483896
5.36726190476191,0.715990472861316,0.684744258775402,0.857881146265648,14.8046336141685
5.36736111111111,0.715926981021381,0.684756891947245,0.857470905086714,14.8051226031453
5.36746031746032,0.71586349667848,0.684769492909196,0.85706085949396,14.8056115153321
5.36755952380952,0.715800019863326,0.684782061666295,0.856651009390721,14.8061003507411
5.36765873015873,0.715736550606661,0.684794598223568,0.856241354680375,14.8065891093842
5.36775793650794,0.715673088939249,0.684807102586019,0.855831895266345,14.8070777912734
5.36785714285714,0.715609634891881,0.684819574758636,0.855422631052103,14.8075663964208
5.36795634920635,0.715546188495373,0.684832014746388,0.855013561941163,14.8080549248382
5.36805555555556,0.715482749780565,0.684844422554225,0.854604687837085,14.8085433765378
5.36815476190476,0.715419318778325,0.684856798187078,0.854196008643478,14.8090317515314
5.36825396825397,0.715355895519543,0.684869141649861,0.853787524263994,14.8095200498309
5.36835317460317,0.715292480035137,0.684881452947469,0.85337923460233,14.8100082714482
5.36845238095238,0.715229072356046,0.684893732084779,0.852971139562229,14.8104964163952
5.36855158730159,0.71516567251324,0.684905979066648,0.852563239047479,14.8109844846837
5.36865079365079,0.715102280537709,0.684918193897916,0.852155532961915,14.8114724763256
5.36875,0.715038896460471,0.684930376583404,0.851748021209415,14.8119603913326
5.36884920634921,0.714975520312569,0.684942527127914,0.851340703693908,14.8124482297166
5.36894841269841,0.71491215212507,0.684954645536232,0.850933580319363,14.8129359914893
5.36904761904762,0.714848791929068,0.684966731813121,0.850526650989797,14.8134236766625
5.36914682539683,0.714785439755681,0.684978785963331,0.85011991560927,14.8139112852479
5.36924603174603,0.714722095636051,0.684990807991588,0.849713374081892,14.8143988172572
5.36934523809524,0.714658759601348,0.685002797902605,0.849307026311813,14.8148862727021
5.36944444444444,0.714595431682765,0.685014755701072,0.848900872203235,14.8153736515942
5.36954365079365,0.714532111294721,0.685026681640318,0.848494911649646,14.8158609541958
5.36964285714286,0.714468795955558,0.685038576737349,0.84808914451529,14.8163481815384
5.36974206349206,0.714405485399793,0.685050441114863,0.847683570707827,14.8168353337523
5.36984126984127,0.714342179626091,0.685062274789026,0.847278190139775,14.8173224108603
5.36994047619048,0.714278878633125,0.685074077775995,0.846873002723686,14.8178094128852
5.37003968253968,0.714215582419575,0.685085850091916,0.846468008372135,14.8182963398499
5.37013888888889,0.714152290984133,0.68509759175293,0.846063206997729,14.8187831917772
5.3702380952381,0.714089004325496,0.685109302775166,0.845658598513096,14.8192699686898
5.3703373015873,0.714025722442375,0.685120983174748,0.845254182830904,14.8197566706106
5.37043650793651,0.713962445333484,0.685132632967787,0.844849959863837,14.8202432975622
5.37053571428571,0.713899172997549,0.68514425217039,0.844445929524614,14.8207298495676
5.37063492063492,0.713835905433305,0.685155840798651,0.844042091725978,14.8212163266494
5.37073412698413,0.713772642639493,0.685167398868659,0.843638446380701,14.8217027288305
5.37083333333333,0.713709384614865,0.685178926396493,0.843234993401585,14.8221890561334
5.37093253968254,0.713646131358181,0.685190423398222,0.842831732701456,14.8226753085811
5.37103174603175,0.713582882868211,0.685201889889909,0.84242866419317,14.8231614861961
5.37113095238095,0.713519639143732,0.685213325887606,0.842025787789614,14.8236475890012
5.37123015873016,0.71345640018353,0.685224731407359,0.841623103403698,14.8241336170191
5.37132936507937,0.713393165986401,0.685236106465202,0.841220610948363,14.8246195702725
5.37142857142857,0.713329936551148,0.685247451077163,0.840818310336575,14.8251054487841
5.37152777777778,0.713266711876584,0.685258765259262,0.840416201481331,14.8255912525765
5.37162698412698,0.71320349196153,0.685270049027506,0.840014284295654,14.8260769816723
5.37172619047619,0.713140276804816,0.6852813023979,0.839612558692592,14.8265626360943
5.3718253968254,0.713077066405282,0.685292525386433,0.839211024585231,14.8270482158651
5.3719246031746,0.713013860761774,0.685303718009092,0.838809681886676,14.8275337210072
5.37202380952381,0.712950659873149,0.685314880281852,0.83840853051006,14.8280191515434
5.37212301587302,0.712887463738272,0.685326012220679,0.838007570368548,14.8285045074961
5.37222222222222,0.712824272356017,0.685337113841532,0.83760680137533,14.8289897888881
5.37232142857143,0.712761085725266,0.685348185160361,0.837206223443626,14.8294749957419
5.37242063492063,0.712697903844909,0.685359226193107,0.836805836486682,14.8299601280801
5.37251984126984,0.712634726713848,0.685370236955701,0.83640564041777,14.8304451859253
5.37261904761905,0.712571554330991,0.685381217464069,0.836005635150197,14.8309301692999
5.37271825396825,0.712508386695255,0.685392167734125,0.835605820597293,14.8314150782266
5.37281746031746,0.712445223805566,0.685403087781777,0.835206196672415,14.8318999127279
5.37291666666667,0.71238206566086,0.685413977622921,0.83480676328895,14.8323846728263
5.37301587301587,0.712318912260079,0.685424837273448,0.834407520360312,14.8328693585443
5.37311507936508,0.712255763602176,0.685435666749238,0.834008467799943,14.8333539699044
5.37321428571429,0.712192619686112,0.685446466066163,0.83360960552131,14.8338385069292
5.37331349206349,0.712129480510857,0.685457235240088,0.833210933437918,14.8343229696412
5.3734126984127,0.71206634607539,0.685467974286867,0.832812451463288,14.8348073580627
5.37351190476191,0.712003216378697,0.685478683222346,0.832414159510975,14.8352916722163
5.37361111111111,0.711940091419775,0.685489362062363,0.83201605749456,14.8357759121244
5.37371031746032,0.711876971197628,0.685500010822747,0.831618145327653,14.8362600778094
5.37380952380952,0.71181385571127,0.68551062951932,0.831220422923892,14.8367441692939
5.37390873015873,0.711750744959723,0.685521218167892,0.830822890196942,14.8372281866002
5.37400793650794,0.711687638942017,0.685531776784267,0.830425547060493,14.8377121297507
5.37410714285714,0.711624537657194,0.68554230538424,0.830028393428273,14.8381959987679
5.37420634920635,0.7115614411043,0.685552803983597,0.829631429214026,14.8386797936741
5.37430555555556,0.711498349282393,0.685563272598115,0.829234654331532,14.8391635144918
5.37440476190476,0.71143526219054,0.685573711243563,0.828838068694594,14.8396471612433
5.37450396825397,0.711372179827813,0.685584119935701,0.828441672217045,14.8401307339509
5.37460317460317,0.711309102193298,0.685594498690281,0.828045464812746,14.8406142326371
5.37470238095238,0.711246029286085,0.685604847523047,0.827649446395584,14.8410976573241
5.37480158730159,0.711182961105276,0.685615166449731,0.827253616879479,14.8415810080344
5.37490079365079,0.71111989764998,0.685625455486061,0.826857976178374,14.8420642847902
5.375,0.711056838919315,0.685635714647753,0.826462524206241,14.8425474876138
5.37509920634921,0.710993784912408,0.685645943950515,0.82606726087708,14.8430306165276
5.37519841269841,0.710930735628396,0.685656143410049,0.825672186104921,14.8435136715538
5.37529761904762,0.710867691066422,0.685666313042044,0.825277299803817,14.8439966527148
5.37539682539682,0.71080465122564,0.685676452862185,0.824882601887854,14.8444795600328
5.37549603174603,0.710741616105211,0.685686562886144,0.824488092271142,14.84496239353
5.37559523809524,0.710678585704307,0.685696643129588,0.824093770867824,14.8454451532288
5.37569444444444,0.710615560022106,0.685706693608173,0.823699637592066,14.8459278391514
5.37579365079365,0.710552539057797,0.685716714337547,0.823305692358064,14.8464104513199
5.37589285714286,0.710489522810576,0.685726705333351,0.822911935080041,14.8468929897567
5.37599206349206,0.71042651127965,0.685736666611215,0.822518365672248,14.8473754544839
5.37609126984127,0.710363504464231,0.685746598186762,0.822124984048966,14.8478578455238
5.37619047619048,0.710300502363544,0.685756500075605,0.821731790124498,14.8483401628985
5.37628968253968,0.710237504976821,0.685766372293349,0.821338783813185,14.8488224066303
5.37638888888889,0.710174512303301,0.685776214855592,0.820945965029388,14.8493045767412
5.37648809523809,0.710111524342234,0.685786027777922,0.820553333687497,14.8497866732536
5.3765873015873,0.710048541092879,0.685795811075916,0.820160889701931,14.8502686961894
5.37668650793651,0.709985562554501,0.685805564765147,0.819768632987137,14.8507506455709
5.37678571428571,0.709922588726375,0.685815288861177,0.819376563457589,14.8512325214202
5.37688492063492,0.709859619607788,0.685824983379558,0.818984681027791,14.8517143237594
5.37698412698413,0.70979665519803,0.685834648335836,0.818592985612271,14.8521960526107
5.37708333333333,0.709733695496404,0.685844283745548,0.81820147712559,14.8526777079961
5.37718253968254,0.70967074050222,0.68585388962422,0.817810155482335,14.8531592899377
5.37728174603175,0.709607790214798,0.685863465987372,0.817419020597118,14.8536407984577
5.37738095238095,0.709544844633464,0.685873012850515,0.817028072384582,14.854122233578
5.37748015873016,0.709481903757557,0.685882530229149,0.816637310759396,14.8546035953208
5.37757936507936,0.70941896758642,0.68589201813877,0.81624673563626,14.8550848837081
5.37767857142857,0.709356036119408,0.68590147659486,0.815856346929895,14.855566098762
5.37777777777778,0.709293109355884,0.685910905612896,0.815466144555061,14.8560472405044
5.37787698412698,0.70923018729522,0.685920305208346,0.815076128426537,14.8565283089574
5.37797619047619,0.709167269936795,0.685929675396668,0.814686298459133,14.8570093041431
5.3780753968254,0.709104357279998,0.685939016193312,0.814296654567686,14.8574902260833
5.3781746031746,0.709041449324228,0.68594832761372,0.813907196667061,14.8579710748002
5.37827380952381,0.70897854606889,0.685957609673325,0.813517924672151,14.8584518503157
5.37837301587302,0.7089156475134,0.685966862387551,0.813128838497879,14.8589325526517
5.37847222222222,0.708852753657181,0.685976085771814,0.81273993805919,14.8594131818303
5.37857142857143,0.708789864499667,0.685985279841521,0.812351223271066,14.8598937378734
5.37867063492063,0.708726980040299,0.685994444612071,0.81196269404851,14.8603742208028
5.37876984126984,0.708664100278526,0.686003580098853,0.811574350306554,14.8608546306407
5.37886904761905,0.708601225213808,0.686012686317248,0.81118619196026,14.8613349674088
5.37896825396825,0.708538354845613,0.68602176328263,0.810798218924716,14.8618152311291
5.37906746031746,0.708475489173415,0.686030811010362,0.810410431115038,14.8622954218235
5.37916666666667,0.708412628196701,0.6860398295158,0.810022828446369,14.8627755395139
5.37926587301587,0.708349771914965,0.68604881881429,0.809635410833885,14.8632555842222
5.37936507936508,0.708286920327708,0.686057778921171,0.809248178192785,14.8637355559702
5.37946428571429,0.708224073434442,0.686066709851772,0.808861130438296,14.8642154547798
5.37956349206349,0.708161231234687,0.686075611621414,0.808474267485675,14.8646952806729
5.3796626984127,0.708098393727972,0.68608448424541,0.808087589250206,14.8651750336712
5.3797619047619,0.708035560913834,0.686093327739064,0.8077010956472,14.8656547137967
5.37986111111111,0.707972732791819,0.68610214211767,0.807314786591997,14.8661343210711
5.37996031746032,0.707909909361482,0.686110927396515,0.806928661999963,14.8666138555163
5.38005952380952,0.707847090622387,0.686119683590876,0.806542721786497,14.8670933171541
5.38015873015873,0.707784276574106,0.686128410716024,0.806156965867022,14.8675727060062
5.38025793650794,0.70772146721622,0.686137108787219,0.805771394156988,14.8680520220944
5.38035714285714,0.70765866254832,0.686145777819713,0.805386006571875,14.8685312654406
5.38045634920635,0.707595862570003,0.686154417828749,0.80500080302719,14.8690104360664
5.38055555555556,0.707533067280876,0.686163028829562,0.804615783438468,14.8694895339936
5.38065476190476,0.707470276680557,0.686171610837379,0.804230947721269,14.869968559244
5.38075396825397,0.707407490768669,0.686180163867417,0.80384629579119,14.8704475118393
5.38085317460317,0.707344709544847,0.686188687934884,0.803461827563847,14.8709263918012
5.38095238095238,0.707281933008732,0.686197183054983,0.803077542954886,14.8714051991514
5.38105158730159,0.707219161159975,0.686205649242903,0.802693441879982,14.8718839339116
5.38115079365079,0.707156393998236,0.686214086513829,0.802309524254838,14.8723625961035
5.38125,0.707093631523184,0.686222494882935,0.801925789995185,14.8728411857489
5.38134920634921,0.707030873734495,0.686230874365386,0.80154223901678,14.8733197028693
5.38144841269841,0.706968120631856,0.686239224976341,0.801158871235408,14.8737981474864
5.38154761904762,0.706905372214961,0.686247546730947,0.800775686566886,14.8742765196219
5.38164682539683,0.706842628483513,0.686255839644346,0.800392684927057,14.8747548192974
5.38174603174603,0.706779889437225,0.686264103731668,0.800009866231788,14.8752330465345
5.38184523809524,0.706717155075818,0.686272339008036,0.799627230396978,14.8757112013549
5.38194444444444,0.70665442539902,0.686280545488565,0.799244777338553,14.8761892837802
5.38204365079365,0.70659170040657,0.68628872318836,0.798862506972465,14.8766672938319
5.38214285714286,0.706528980098216,0.686296872122518,0.798480419214699,14.8771452315318
5.38224206349206,0.706466264473713,0.686304992306128,0.798098513981262,14.8776230969012
5.38234126984127,0.706403553532825,0.68631308375427,0.797716791188193,14.8781008899619
5.38244047619048,0.706340847275326,0.686321146482014,0.797335250751556,14.8785786107353
5.38253968253968,0.706278145700997,0.686329180504423,0.796953892587445,14.8790562592431
5.38263888888889,0.70621544880963,0.686337185836551,0.796572716611981,14.8795338355067
5.38273809523809,0.706152756601024,0.686345162493444,0.796191722741312,14.8800113395477
5.3828373015873,0.706090069074987,0.686353110490139,0.795810910891617,14.8804887713876
5.38293650793651,0.706027386231335,0.686361029841662,0.795430280979096,14.880966131048
5.38303571428571,0.705964708069895,0.686368920563035,0.795049832919989,14.8814434185502
5.38313492063492,0.7059020345905,0.686376782669267,0.794669566630553,14.8819206339159
5.38323412698413,0.705839365792995,0.686384616175362,0.794289482027077,14.8823977771664
5.38333333333333,0.70577670167723,0.686392421096312,0.793909579025877,14.8828748483233
5.38343253968254,0.705714042243066,0.686400197447103,0.793529857543297,14.883351847408
5.38353174603175,0.705651387490372,0.686407945242712,0.793150317495708,14.883828774442
5.38363095238095,0.705588737419028,0.686415664498105,0.792770958799515,14.8843056294467
5.38373015873016,0.705526092028918,0.686423355228243,0.792391781371143,14.8847824124435
5.38382936507937,0.705463451319939,0.686431017448076,0.792012785127049,14.8852591234539
5.38392857142857,0.705400815291995,0.686438651172545,0.791633969983715,14.8857357624992
5.38402777777778,0.705338183945,0.686446256416586,0.791255335857655,14.8862123296008
5.38412698412698,0.705275557278873,0.686453833195121,0.790876882665407,14.8866888247802
5.38422619047619,0.705212935293547,0.686461381523067,0.790498610323541,14.8871652480588
5.3843253968254,0.70515031798896,0.686468901415332,0.79012051874865,14.8876415994578
5.3844246031746,0.705087705365059,0.686476392886815,0.789742607857356,14.8881178789987
5.38452380952381,0.705025097421802,0.686483855952406,0.789364877566315,14.8885940867027
5.38462301587302,0.704962494159155,0.686491290626987,0.788987327792205,14.8890702225913
5.38472222222222,0.70489989557709,0.68649869692543,0.788609958451731,14.8895462866858
5.38482142857143,0.704837301675591,0.686506074862601,0.788232769461631,14.8900222790074
5.38492063492063,0.70477471245465,0.686513424453355,0.787855760738665,14.8904981995775
5.38501984126984,0.704712127914266,0.68652074571254,0.787478932199624,14.8909740484174
5.38511904761905,0.704649548054449,0.686528038654993,0.78710228376133,14.8914498255484
5.38521825396825,0.704586972875216,0.686535303295546,0.786725815340628,14.8919255309917
5.38531746031746,0.704524402376595,0.686542539649019,0.786349526854392,14.8924011647687
5.38541666666667,0.704461836558619,0.686549747730225,0.785973418219525,14.8928767269005
5.38551587301587,0.704399275421334,0.686556927553969,0.785597489352958,14.8933522174085
5.38561507936508,0.704336718964791,0.686564079135046,0.785221740171649,14.8938276363138
5.38571428571429,0.704274167189052,0.686571202488243,0.784846170592583,14.8943029836376
5.38581349206349,0.704211620094188,0.686578297628338,0.784470780532775,14.8947782594013
5.3859126984127,0.704149077680276,0.686585364570102,0.784095569909265,14.895253463626
5.38601190476191,0.704086539947406,0.686592403328294,0.783720538639128,14.8957285963329
5.38611111111111,0.704024006895672,0.686599413917669,0.783345686639459,14.8962036575432
5.38621031746032,0.703961478525181,0.686606396352969,0.782971013827384,14.8966786472781
5.38630952380952,0.703898954836046,0.68661335064893,0.782596520120056,14.8971535655587
5.38640873015873,0.703836435828389,0.686620276820278,0.782222205434656,14.8976284124062
5.38650793650794,0.703773921502342,0.686627174881733,0.781848069688393,14.8981031878418
5.38660714285714,0.703711411858045,0.686634044848002,0.781474112798509,14.8985778918865
5.38670634920635,0.703648906895646,0.686640886733787,0.781100334682266,14.8990525245615
5.38680555555556,0.703586406615303,0.686647700553781,0.780726735256957,14.8995270858879
5.38690476190476,0.703523911017183,0.686654486322666,0.780353314439904,14.9000015758869
5.38700396825397,0.70346142010146,0.686661244055118,0.779980072148455,14.9004759945795
5.38710317460317,0.703398933868317,0.686667973765802,0.779607008299988,14.9009503419868
5.38720238095238,0.703336452317948,0.686674675469378,0.779234122811907,14.9014246181299
5.38730158730159,0.703273975450553,0.686681349180494,0.778861415601645,14.9018988230298
5.38740079365079,0.703211503266342,0.686687994913791,0.778488886586661,14.9023729567076
5.3875,0.703149035765534,0.6866946126839,0.778116535684447,14.9028470191844
5.38759920634921,0.703086572948356,0.686701202505444,0.777744362812518,14.9033210104812
5.38769841269841,0.703024114815045,0.68670776439304,0.777372367888418,14.903794930619
5.38779761904762,0.702961661365844,0.686714298361291,0.77700055082972,14.9042687796188
5.38789682539683,0.702899212601008,0.686720804424797,0.776628911554023,14.9047425575017
5.38799603174603,0.702836768520799,0.686727282598146,0.776257449978953,14.9052162642886
5.38809523809524,0.702774329125487,0.686733732895918,0.775886166022172,14.9056899000004
5.38819444444444,0.702711894415354,0.686740155332685,0.77551505960136,14.9061634646583
5.38829365079365,0.702649464390686,0.68674654992301,0.775144130634229,14.9066369582832
5.38839285714286,0.702587039051781,0.686752916681447,0.77477337903852,14.9071103808959
5.38849206349206,0.702524618398946,0.686759255622542,0.774402804731999,14.9075837325175
5.38859126984127,0.702462202432494,0.686765566760832,0.774032407632463,14.9080570131689
5.38869047619048,0.70239979115275,0.686771850110846,0.773662187657734,14.9085302228711
5.38878968253968,0.702337384560045,0.686778105687104,0.773292144725664,14.9090033616448
5.38888888888889,0.70227498265472,0.686784333504117,0.77292227875413,14.9094764295111
5.3889880952381,0.702212585437125,0.686790533576388,0.772552589661043,14.9099494264908
5.3890873015873,0.702150192907618,0.686796705918411,0.772183077364338,14.9104223526048
5.38918650793651,0.702087805066566,0.686802850544671,0.771813741781975,14.910895207874
5.38928571428571,0.702025421914346,0.686808967469645,0.771444582831947,14.9113679923193
5.38938492063492,0.70196304345134,0.686815056707802,0.771075600432272,14.9118407059615
5.38948412698413,0.701900669677944,0.686821118273602,0.770706794500994,14.9123133488214
5.38958333333333,0.701838300594558,0.686827152181495,0.770338164956193,14.9127859209199
5.38968253968254,0.701775936201594,0.686833158445923,0.769969711715969,14.9132584222778
5.38978174603175,0.701713576499471,0.686839137081322,0.769601434698451,14.913730852916
5.38988095238095,0.701651221488617,0.686845088102115,0.7692333338218,14.9142032128552
5.38998015873016,0.701588871169469,0.686851011522719,0.7688654090042,14.9146755021162
5.39007936507937,0.701526525542473,0.686856907357543,0.768497660163866,14.9151477207198
5.39017857142857,0.701464184608083,0.686862775620986,0.76813008721904,14.9156198686868
5.39027777777778,0.701401848366762,0.686868616327438,0.767762690087991,14.9160919460379
5.39037698412698,0.701339516818982,0.686874429491282,0.767395468689016,14.9165639527939
5.39047619047619,0.701277189965224,0.686880215126892,0.767028422940444,14.9170358889756
5.3905753968254,0.701214867805977,0.686885973248631,0.766661552760628,14.9175077546036
5.3906746031746,0.701152550341739,0.686891703870857,0.766294858067948,14.9179795496988
5.39077380952381,0.701090237573017,0.686897407007917,0.765928338780814,14.9184512742817
5.39087301587302,0.701027929500327,0.686903082674151,0.765561994817664,14.9189229283732
5.39097222222222,0.700965626124191,0.686908730883888,0.76519582609696,14.9193945119939
5.39107142857143,0.700903327445145,0.686914351651451,0.7648298325372,14.9198660251644
5.39117063492063,0.700841033463729,0.686919944991152,0.764464014056903,14.9203374679056
5.39126984126984,0.700778744180494,0.686925510917297,0.764098370574618,14.9208088402379
5.39136904761905,0.700716459595999,0.686931049444182,0.763732902008922,14.9212801421822
5.39146825396825,0.700654179710812,0.686936560586093,0.763367608278419,14.9217513737589
5.39156746031746,0.70059190452551,0.68694204435731,0.763002489301743,14.9222225349889
5.39166666666667,0.700529634040677,0.686947500772103,0.762637544997554,14.9226936258926
5.39176587301587,0.700467368256909,0.686952929844734,0.76227277528454,14.9231646464907
5.39186507936508,0.700405107174807,0.686958331589455,0.761908180081416,14.9236355968037
5.39196428571429,0.700342850794984,0.68696370602051,0.76154375930693,14.9241064768524
5.39206349206349,0.70028059911806,0.686969053152136,0.761179512879853,14.9245772866572
5.3921626984127,0.700218352144664,0.68697437299856,0.760815440718985,14.9250480262388
5.3922619047619,0.700156109875434,0.686979665573999,0.760451542743153,14.9255186956177
5.39236111111111,0.700093872311015,0.686984930892665,0.760087818871214,14.9259892948144
5.39246031746032,0.700031639452064,0.686990168968758,0.759724269022049,14.9264598238496
5.39255952380952,0.699969411299245,0.686995379816471,0.759360893114575,14.9269302827436
5.39265873015873,0.69990718785323,0.687000563449988,0.758997691067729,14.9274006715172
5.39275793650794,0.699844969114701,0.687005719883484,0.758634662800479,14.9278709901906
5.39285714285714,0.699782755084347,0.687010849131126,0.758271808231819,14.9283412387846
5.39295634920635,0.699720545762868,0.687015951207073,0.757909127280774,14.9288114173195
5.39305555555556,0.699658341150971,0.687021026125474,0.757546619866395,14.9292815258158
5.39315476190476,0.699596141249374,0.68702607390047,0.757184285907761,14.9297515642941
5.39325396825397,0.6995339460588,0.687031094546193,0.756822125323978,14.9302215327747
5.39335317460317,0.699471755579983,0.687036088076768,0.756460138034181,14.9306914312781
5.39345238095238,0.699409569813667,0.687041054506308,0.756098323957536,14.9311612598249
5.39355158730159,0.699347388760603,0.687045993848922,0.755736683013232,14.9316310184353
5.39365079365079,0.69928521242155,0.687050906118706,0.755375215120488,14.9321007071298
5.39375,0.699223040797278,0.687055791329751,0.755013920198549,14.9325703259288
5.39384920634921,0.699160873888564,0.687060649496136,0.754652798166692,14.9330398748528
5.39394841269841,0.699098711696193,0.687065480631934,0.754291848944216,14.9335093539221
5.39404761904762,0.699036554220962,0.687070284751208,0.753931072450455,14.9339787631571
5.39414682539683,0.698974401463675,0.687075061868013,0.753570468604767,14.9344481025782
5.39424603174603,0.698912253425142,0.687079811996396,0.753210037326537,14.9349173722057
5.39434523809524,0.698850110106186,0.687084535150394,0.752849778535179,14.93538657206
5.39444444444444,0.698787971507636,0.687089231344036,0.752489692150135,14.9358557021614
5.39454365079365,0.698725837630332,0.687093900591342,0.752129778090876,14.9363247625303
5.39464285714286,0.698663708475119,0.687098542906325,0.751770036276898,14.9367937531869
5.39474206349206,0.698601584042856,0.687103158302987,0.751410466627728,14.9372626741516
5.39484126984127,0.698539464334405,0.687107746795322,0.751051069062916,14.9377315254447
5.39494047619048,0.698477349350642,0.687112308397318,0.75069184350205,14.9382003070865
5.39503968253968,0.698415239092448,0.687116843122951,0.750332789864736,14.9386690190973
5.39513888888889,0.698353133560714,0.68712135098619,0.749973908070612,14.9391376614972
5.39523809523809,0.698291032756341,0.687125832000996,0.749615198039343,14.9396062343067
5.3953373015873,0.698228936680236,0.687130286181318,0.749256659690621,14.9400747375459
5.39543650793651,0.698166845333317,0.687134713541102,0.748898292944166,14.9405431712351
5.39553571428571,0.69810475871651,0.68713911409428,0.748540097719731,14.9410115353944
5.39563492063492,0.698042676830749,0.687143487854778,0.748182073937091,14.9414798300442
5.39573412698413,0.697980599676978,0.687147834836514,0.747824221516051,14.9419480552047
5.39583333333333,0.69791852725615,0.687152155053396,0.747466540376443,14.9424162108959
5.39593253968254,0.697856459569224,0.687156448519323,0.747109030438128,14.9428842971382
5.39603174603175,0.697794396617172,0.687160715248188,0.746751691620994,14.9433523139517
5.39613095238095,0.69773233840097,0.687164955253872,0.746394523844958,14.9438202613566
5.39623015873016,0.697670284921607,0.687169168550249,0.746037527029964,14.944288139373
5.39632936507937,0.697608236180077,0.687173355151186,0.745680701095982,14.9447559480211
5.39642857142857,0.697546192177386,0.687177515070538,0.745324045963016,14.945223687321
5.39652777777778,0.697484152914547,0.687181648322153,0.744967561551094,14.9456913572929
5.39662698412698,0.697422118392582,0.687185754919873,0.744611247780269,14.9461589579568
5.39672619047619,0.697360088612521,0.687189834877526,0.744255104570627,14.9466264893329
5.3968253968254,0.697298063575405,0.687193888208936,0.743899131842278,14.9470939514413
5.3969246031746,0.697236043282281,0.687197914927916,0.743543329515361,14.947561344302
5.39702380952381,0.697174027734207,0.687201915048271,0.743187697510047,14.9480286679352
5.39712301587302,0.697112016932248,0.687205888583798,0.74283223574653,14.9484959223609
5.39722222222222,0.697050010877478,0.687209835548285,0.742476944145033,14.9489631075992
5.39732142857143,0.696988009570981,0.68721375595551,0.742121822625807,14.9494302236701
5.39742063492063,0.696926013013849,0.687217649819245,0.741766871109131,14.9498972705937
5.39751984126984,0.696864021207182,0.687221517153252,0.741412089515313,14.9503642483899
5.39761904761905,0.696802034152089,0.687225357971283,0.741057477764687,14.9508311570789
5.39771825396825,0.696740051849689,0.687229172287084,0.740703035777617,14.9512979966805
5.39781746031746,0.696678074301109,0.687232960114391,0.740348763474491,14.9517647672149
5.39791666666667,0.696616101507484,0.687236721466931,0.739994660775732,14.952231468702
5.39801587301587,0.696554133469958,0.687240456358424,0.739640727601784,14.9526981011617
5.39811507936508,0.696492170189685,0.687244164802579,0.739286963873123,14.9531646646141
5.39821428571429,0.696430211667826,0.687247846813099,0.73893336951025,14.9536311590791
5.39831349206349,0.696368257905552,0.687251502403676,0.738579944433695,14.9540975845766
5.3984126984127,0.696306308904041,0.687255131587995,0.738226688564016,14.9545639411267
5.39851190476191,0.696244364664482,0.687258734379732,0.737873601821802,14.9550302287491
5.39861111111111,0.696182425188072,0.687262310792555,0.737520684127665,14.9554964474639
5.39871031746032,0.696120490476017,0.687265860840121,0.737167935402248,14.9559625972909
5.39880952380952,0.696058560529529,0.687269384536081,0.73681535556622,14.9564286782501
5.39890873015873,0.695996635349832,0.687272881894076,0.736462944540278,14.9568946903613
5.39900793650794,0.695934714938159,0.68727635292774,0.736110702245149,14.9573606336444
5.39910714285714,0.695872799295748,0.687279797650695,0.735758628601587,14.9578265081192
5.39920634920635,0.695810888423849,0.687283216076559,0.735406723530372,14.9582923138057
5.39930555555556,0.695748982323721,0.687286608218938,0.735054986952311,14.9587580507237
5.39940476190476,0.695687080996629,0.687289974091429,0.734703418788247,14.9592237188929
5.39950396825397,0.695625184443848,0.687293313707624,0.734352018959043,14.9596893183333
5.39960317460317,0.695563292666664,0.687296627081103,0.734000787385592,14.9601548490647
5.39970238095238,0.695501405666369,0.687299914225439,0.733649723988814,14.9606203111068
5.39980158730159,0.695439523444263,0.687303175154195,0.733298828689659,14.9610857044795
5.39990079365079,0.695377646001658,0.687306409880927,0.732948101409101,14.9615510292025
5.4,0.695315773339872,0.687309618419182,0.732597542068149,14.9620162852957
5.40009920634921,0.695253905460233,0.687312800782497,0.732247150587834,14.9624814727787
5.40019841269841,0.695192042364078,0.687315956984402,0.731896926889217,14.9629465916714
5.40029761904762,0.695130184052752,0.687319087038419,0.731546870893386,14.9634116419935
5.40039682539683,0.695068330527607,0.687322190958058,0.731196982521457,14.9638766237647
5.40049603174603,0.695006481790008,0.687325268756825,0.730847261694574,14.9643415370047
5.40059523809524,0.694944637841326,0.687328320448213,0.73049770833391,14.9648063817333
5.40069444444444,0.69488279868294,0.687331346045709,0.730148322360665,14.9652711579702
5.40079365079365,0.694820964316239,0.687334345562792,0.729799103696064,14.9657358657351
5.40089285714286,0.694759134742621,0.687337319012929,0.729450052261369,14.9662005050476
5.40099206349206,0.694697309963493,0.687340266409583,0.72910116797786,14.9666650759274
5.40109126984127,0.694635489980269,0.687343187766204,0.728752450766849,14.9671295783943
5.40119047619048,0.694573674794372,0.687346083096236,0.728403900549676,14.9675940124678
5.40128968253968,0.694511864407237,0.687348952413114,0.728055517247708,14.9680583781676
5.40138888888889,0.694450058820303,0.687351795730263,0.727707300782338,14.9685226755133
5.4014880952381,0.69438825803502,0.687354613061102,0.727359251074996,14.9689869045246
5.4015873015873,0.694326462052848,0.687357404419039,0.727011368047128,14.9694510652211
5.40168650793651,0.694264670875254,0.687360169817475,0.726663651620215,14.9699151576223
5.40178571428571,0.694202884503714,0.687362909269801,0.726316101715763,14.9703791817479
5.40188492063492,0.694141102939713,0.6873656227894,0.725968718255309,14.9708431376175
5.40198412698413,0.694079326184744,0.687368310389646,0.725621501160413,14.9713070252506
5.40208333333333,0.69401755424031,0.687370972083906,0.725274450352667,14.9717708446668
5.40218253968254,0.693955787107922,0.687373607885536,0.724927565753691,14.9722345958857
5.40228174603175,0.693894024789099,0.687376217807886,0.724580847285127,14.9726982789268
5.40238095238095,0.69383226728537,0.687378801864295,0.724234294868656,14.9731618938096
5.40248015873016,0.693770514598274,0.687381360068094,0.723887908425977,14.9736254405536
5.40257936507937,0.693708766729354,0.687383892432607,0.723541687878821,14.9740889191785
5.40267857142857,0.693647023680168,0.687386398971147,0.723195633148946,14.9745523297036
5.40277777777778,0.693585285452276,0.68738887969702,0.722849744158137,14.9750156721485
5.40287698412698,0.693523552047253,0.687391334623523,0.722504020828207,14.9754789465326
5.40297619047619,0.693461823466679,0.687393763763944,0.722158463081003,14.9759421528755
5.4030753968254,0.693400099712143,0.687396167131563,0.721813070838391,14.9764052911965
5.4031746031746,0.693338380785245,0.687398544739651,0.72146784402227,14.9768683615153
5.40327380952381,0.69327666668759,0.68740089660147,0.721122782554565,14.9773313638511
5.40337301587302,0.693214957420796,0.687403222730274,0.720777886357229,14.9777942982234
5.40347222222222,0.693153252986487,0.687405523139309,0.720433155352245,14.9782571646517
5.40357142857143,0.693091553386295,0.687407797841811,0.720088589461621,14.9787199631553
5.40367063492063,0.693029858621864,0.687410046851008,0.719744188607395,14.9791826937538
5.40376984126984,0.692968168694843,0.687412270180119,0.71939995271163,14.9796453564663
5.40386904761905,0.692906483606893,0.687414467842356,0.719055881696423,14.9801079513125
5.40396825396825,0.692844803359682,0.68741663985092,0.718711975483893,14.9805704783115
5.40406746031746,0.692783127954886,0.687418786219005,0.718368233996189,14.9810329374829
5.40416666666667,0.692721457394192,0.687420906959796,0.718024657155488,14.9814953288458
5.40426587301587,0.692659791679294,0.687423002086469,0.717681244883995,14.9819576524198
5.40436507936508,0.692598130811895,0.687425071612192,0.717337997103939,14.982419908224
5.40446428571429,0.692536474793708,0.687427115550124,0.716994913737586,14.9828820962779
5.40456349206349,0.692474823626452,0.687429133913416,0.716651994707222,14.9833442166008
5.4046626984127,0.692413177311857,0.687431126715209,0.716309239935164,14.9838062692119
5.40476190476191,0.692351535851662,0.687433093968637,0.715966649343755,14.9842682541305
5.40486111111111,0.692289899247613,0.687435035686824,0.715624222855368,14.984730171376
5.40496031746032,0.692228267501466,0.687436951882886,0.715281960392403,14.9851920209676
5.40505952380952,0.692166640614985,0.687438842569931,0.714939861877288,14.9856538029245
5.40515873015873,0.692105018589943,0.687440707761058,0.714597927232479,14.986115517266
5.40525793650794,0.692043401428122,0.687442547469357,0.714256156380456,14.9865771640115
5.40535714285714,0.691981789131313,0.687444361707909,0.713914549243737,14.98703874318
5.40545634920635,0.691920181701315,0.687446150489787,0.713573105744859,14.9875002547908
5.40555555555556,0.691858579139936,0.687447913828056,0.713231825806389,14.9879616988631
5.40565476190476,0.691796981448993,0.687449651735772,0.712890709350923,14.9884230754162
5.40575396825397,0.69173538863031,0.687451364225981,0.712549756301083,14.9888843844692
5.40585317460318,0.691673800685723,0.687453051311722,0.712208966579519,14.9893456260413
5.40595238095238,0.691612217617074,0.687454713006025,0.711868340108915,14.9898068001516
5.40605158730159,0.691550639426215,0.687456349321911,0.711527876811976,14.9902679068194
5.40615079365079,0.691489066115007,0.687457960272394,0.711187576611435,14.9907289460638
5.40625,0.691427497685318,0.687459545870477,0.710847439430056,14.9911899179039
5.40634920634921,0.691365934139026,0.687461106129155,0.710507465190631,14.9916508223589
5.40644841269841,0.691304375478018,0.687462641061415,0.710167653815976,14.9921116594479
5.40654761904762,0.69124282170419,0.687464150680236,0.70982800522894,14.9925724291899
5.40664682539682,0.691181272819445,0.687465634998587,0.709488519352396,14.9930331316042
5.40674603174603,0.691119728825696,0.68746709402943,0.709149196109245,14.9934937667097
5.40684523809524,0.691058189724864,0.687468527785716,0.708810035422421,14.9939543345257
5.40694444444444,0.690996655518881,0.687469936280389,0.708471037214881,14.994414835071
5.40704365079365,0.690935126209685,0.687471319526385,0.708132201409609,14.9948752683649
5.40714285714286,0.690873601799223,0.68747267753663,0.707793527929621,14.9953356344263
5.40724206349206,0.690812082289453,0.687474010324042,0.707455016697959,14.9957959332743
5.40734126984127,0.690750567682338,0.68747531790153,0.707116667637689,14.9962561649279
5.40744047619048,0.690689057979855,0.687476600281996,0.706778480671914,14.9967163294062
5.40753968253968,0.690627553183984,0.68747785747833,0.706440455723758,14.9971764267281
5.40763888888889,0.690566053296717,0.687479089503418,0.706102592716374,14.9976364569127
5.40773809523809,0.690504558320056,0.687480296370132,0.705764891572943,14.998096419979
5.4078373015873,0.690443068256007,0.687481478091341,0.705427352216674,14.9985563159458
5.40793650793651,0.69038158310659,0.687482634679901,0.705089974570806,14.9990161448323
5.40803571428571,0.690320102873829,0.687483766148661,0.704752758558603,14.9994759066573
5.40813492063492,0.690258627559762,0.687484872510462,0.704415704103357,14.9999356014399
5.40823412698413,0.690197157166429,0.687485953778136,0.704078811128389,15.0003952291989
5.40833333333333,0.690135691695886,0.687487009964506,0.703742079557051,15.0008547899532
5.40843253968254,0.690074231150193,0.687488041082386,0.703405509312718,15.0013142837219
5.40853174603175,0.69001277553142,0.687489047144583,0.703069100318794,15.0017737105238
5.40863095238095,0.689951324841646,0.687490028163893,0.702732852498712,15.0022330703778
5.40873015873016,0.689889879082958,0.687490984153106,0.702396765775933,15.0026923633028
5.40882936507937,0.689828438257451,0.687491915125002,0.702060840073942,15.0031515893177
5.40892857142857,0.689767002367232,0.687492821092352,0.701725075316261,15.0036107484413
5.40902777777778,0.689705571414415,0.687493702067919,0.701389471426431,15.0040698406926
5.40912698412698,0.68964414540112,0.687494558064457,0.701054028328025,15.0045288660903
5.40922619047619,0.68958272432948,0.687495389094713,0.700718745944642,15.0049878246533
5.4093253968254,0.689521308201635,0.687496195171422,0.700383624199911,15.0054467164004
5.4094246031746,0.689459897019732,0.687496976307314,0.700048663017488,15.0059055413505
5.40952380952381,0.68939849078593,0.687497732515108,0.699713862321055,15.0063642995223
5.40962301587302,0.689337089502393,0.687498463807516,0.699379222034325,15.0068229909347
5.40972222222222,0.689275693171298,0.687499170197241,0.699044742081035,15.0072816156065
5.40982142857143,0.689214301794828,0.687499851696975,0.698710422384957,15.0077401735564
5.40992063492063,0.689152915375174,0.687500508319405,0.698376262869885,15.0081986648031
5.41001984126984,0.689091533914538,0.687501140077208,0.69804226345964,15.0086570893655
5.41011904761905,0.68903015741513,0.687501746983051,0.697708424078076,15.0091154472624
5.41021825396825,0.688968785879168,0.687502329049594,0.69737474464907,15.0095737385123
5.41031746031746,0.688907419308879,0.687502886289488,0.697041225096527,15.0100319631342
5.41041666666667,0.688846057706499,0.687503418715376,0.696707865344387,15.0104901211466
5.41051587301587,0.688784701074273,0.68750392633989,0.696374665316611,15.0109482125684
5.41061507936508,0.688723349414455,0.687504409175657,0.696041624937189,15.0114062374181
5.41071428571429,0.688662002729305,0.687504867235293,0.695708744130139,15.0118641957145
5.41081349206349,0.688600661021096,0.687505300531405,0.695376022819509,15.0123220874763
5.4109126984127,0.688539324292107,0.687505709076592,0.695043460929372,15.0127799127221
5.4110119047619,0.688477992544626,0.687506092883447,0.694711058383831,15.0132376714706
5.41111111111111,0.68841666578095,0.687506451964549,0.694378815107017,15.0136953637404
5.41121031746032,0.688355344003384,0.687506786332474,0.694046731023084,15.0141529895502
5.41130952380952,0.688294027214244,0.687507095999785,0.693714806056225,15.0146105489187
5.41140873015873,0.688232715415853,0.687507380979039,0.69338304013065,15.0150680418643
5.41150793650794,0.688171408610543,0.687507641282783,0.693051433170601,15.0155254684058
5.41160714285714,0.688110106800654,0.687507876923557,0.692719985100348,15.0159828285617
5.41170634920635,0.688048809988536,0.687508087913891,0.692388695844189,15.0164401223506
5.41180555555556,0.687987518176547,0.687508274266306,0.692057565326447,15.0168973497911
5.41190476190476,0.687926231367054,0.687508435993315,0.69172659347148,15.0173545109018
5.41200396825397,0.687864949562433,0.687508573107424,0.691395780203667,15.0178116057012
5.41210317460317,0.687803672765068,0.687508685621128,0.691065125447418,15.0182686342078
5.41220238095238,0.687742400977352,0.687508773546914,0.690734629127169,15.0187255964403
5.41230158730159,0.687681134201686,0.687508836897261,0.690404291167387,15.0191824924171
5.41240079365079,0.687619872440483,0.68750887568464,0.690074111492563,15.0196393221568
5.4125,0.68755861569616,0.68750888992151,0.689744090027219,15.0200960856778
5.41259920634921,0.687497363971146,0.687508879620326,0.689414226695904,15.0205527829986
5.41269841269841,0.687436117267878,0.687508844793532,0.689084521423192,15.0210094141378
5.41279761904762,0.687374875588801,0.687508785453563,0.688754974133692,15.0214659791138
5.41289682539683,0.68731363893637,0.687508701612846,0.688425584752035,15.0219224779451
5.41299603174603,0.687252407313047,0.6875085932838,0.688096353202881,15.0223789106502
5.41309523809524,0.687191180721304,0.687508460478833,0.687767279410918,15.0228352772474
5.41319444444444,0.687129959163622,0.687508303210349,0.687438363300863,15.0232915777552
5.41329365079365,0.687068742642489,0.687508121490738,0.687109604797457,15.0237478121921
5.41339285714286,0.687007531160405,0.687507915332385,0.686781003825478,15.0242039805765
5.41349206349206,0.686946324719875,0.687507684747666,0.686452560309723,15.0246600829267
5.41359126984127,0.686885123323414,0.687507429748947,0.68612427417502,15.0251161192612
5.41369047619048,0.686823926973548,0.687507150348585,0.685796145346224,15.0255720895984
5.41378968253968,0.686762735672808,0.687506846558931,0.68546817374822,15.0260279939566
5.41388888888889,0.686701549423736,0.687506518392326,0.685140359305919,15.0264838323542
5.41398809523809,0.686640368228883,0.687506165861101,0.68481270194426,15.0269396048095
5.4140873015873,0.686579192090808,0.687505788977581,0.684485201588212,15.027395311341
5.41418650793651,0.686518021012078,0.68750538775408,0.684157858162766,15.0278509519669
5.41428571428571,0.68645685499527,0.687504962202904,0.683830671592952,15.0283065267055
5.41438492063492,0.686395694042969,0.687504512336353,0.683503641803817,15.0287620355753
5.41448412698413,0.686334538157769,0.687504038166714,0.68317676872044,15.0292174785944
5.41458333333333,0.686273387342273,0.687503539706268,0.68285005226793,15.0296728557812
5.41468253968254,0.686212241599093,0.687503016967287,0.68252349237142,15.0301281671539
5.41478174603175,0.686151100930847,0.687502469962036,0.682197088956071,15.0305834127309
5.41488095238095,0.686089965340167,0.687501898702767,0.681870841947078,15.0310385925304
5.41498015873016,0.686028834829688,0.687501303201728,0.681544751269658,15.0314937065707
5.41507936507937,0.685967709402058,0.687500683471156,0.681218816849057,15.0319487548699
5.41517857142857,0.685906589059931,0.68750003952328,0.68089303861055,15.0324037374464
5.41527777777778,0.685845473805972,0.68749937137032,0.680567416479439,15.0328586543184
5.41537698412698,0.685784363642852,0.687498679024488,0.680241950381053,15.0333135055041
5.41547619047619,0.685723258573254,0.687497962497987,0.679916640240752,15.0337682910216
5.4155753968254,0.685662158599867,0.687497221803011,0.679591485983921,15.0342230108892
5.4156746031746,0.68560106372539,0.687496456951746,0.679266487535972,15.0346776651251
5.41577380952381,0.68553997395253,0.68749566795637,0.678941644822351,15.0351322537474
5.41587301587302,0.685478889284005,0.687494854829051,0.678616957768526,15.0355867767744
5.41597222222222,0.685417809722538,0.687494017581949,0.678292426299994,15.0360412342241
5.41607142857143,0.685356735270863,0.687493156227215,0.677968050342281,15.0364956261147
5.41617063492063,0.685295665931724,0.687492270776992,0.677643829820941,15.0369499524643
5.41626984126984,0.68523460170787,0.687491361243414,0.677319764661551,15.0374042132911
5.41636904761905,0.685173542602063,0.687490427638608,0.676995854789728,15.0378584086132
5.41646825396825,0.68511248861707,0.687489469974689,0.676672100131104,15.0383125384487
5.41656746031746,0.685051439755669,0.687488488263766,0.676348500611346,15.0387666028156
5.41666666666667,0.684990396020646,0.687487482517939,0.676025056156146,15.0392206017321
5.41676587301587,0.684929357414796,0.687486452749299,0.675701766691225,15.0396745352162
5.41686507936508,0.684868323940923,0.687485398969928,0.675378632142332,15.0401284032861
5.41696428571429,0.684807295601839,0.687484321191901,0.675055652435244,15.0405822059596
5.41706349206349,0.684746272400364,0.687483219427282,0.674732827495765,15.041035943255
5.4171626984127,0.684685254339328,0.687482093688128,0.674410157249726,15.0414896151902
5.41726190476191,0.684624241421571,0.687480943986487,0.674087641622992,15.0419432217833
5.41736111111111,0.684563233649939,0.687479770334399,0.673765280541447,15.0423967630522
5.41746031746032,0.684502231027289,0.687478572743893,0.67344307393101,15.042850239015
5.41755952380952,0.684441233556484,0.687477351226994,0.673121021717624,15.0433036496896
5.41765873015873,0.684380241240399,0.687476105795714,0.672799123827261,15.0437569950941
5.41775793650794,0.684319254081915,0.687474836462057,0.672477380185919,15.0442102752465
5.41785714285714,0.684258272083924,0.687473543238021,0.67215579071963,15.0446634901646
5.41795634920635,0.684197295249325,0.687472226135593,0.671834355354447,15.0451166398664
5.41805555555556,0.684136323581027,0.687470885166753,0.671513074016455,15.0455697243699
5.41815476190476,0.684075357081946,0.68746952034347,0.671191946631765,15.0460227436931
5.41825396825397,0.684014395755009,0.687468131677707,0.670870973126516,15.0464756978537
5.41835317460317,0.683953439603149,0.687466719181416,0.670550153426877,15.0469285868698
5.41845238095238,0.683892488629311,0.687465282866544,0.670229487459041,15.0473814107593
5.41855158730159,0.683831542836446,0.687463822745025,0.669908975149233,15.04783416954
5.41865079365079,0.683770602227515,0.687462338828787,0.6695886164237,15.0482868632299
5.41875,0.683709666805488,0.687460831129749,0.669268411208728,15.0487394918467
5.41884920634921,0.683648736573342,0.687459299659821,0.66894835943062,15.0491920554084
5.41894841269841,0.683587811534065,0.687457744430905,0.668628461015712,15.0496445539328
5.41904761904762,0.683526891690653,0.687456165454893,0.668308715890365,15.0500969874377
5.41914682539683,0.683465977046109,0.687454562743671,0.667989123980971,15.0505493559411
5.41924603174603,0.683405067603448,0.687452936309113,0.667669685213946,15.0510016594606
5.41934523809524,0.68334416336569,0.687451286163088,0.667350399515741,15.0514538980142
5.41944444444444,0.683283264335867,0.687449612317453,0.667031266812828,15.0519060716196
5.41954365079365,0.683222370517018,0.687447914784058,0.66671228703171,15.0523581802946
5.41964285714286,0.683161481912191,0.687446193574746,0.666393460098916,15.052810224057
5.41974206349206,0.683100598524443,0.687444448701348,0.666074785941004,15.0532622029246
5.41984126984127,0.683039720356839,0.687442680175688,0.665756264484561,15.0537141169151
5.41994047619048,0.682978847412454,0.687440888009582,0.665437895656201,15.0541659660463
5.42003968253968,0.68291797969437,0.687439072214838,0.665119679382565,15.054617750336
5.42013888888889,0.68285711720568,0.687437232803252,0.664801615590321,15.0550694698017
5.4202380952381,0.682796259949484,0.687435369786615,0.664483704206171,15.0555211244614
5.4203373015873,0.682735407928891,0.687433483176709,0.664165945156837,15.0559727143326
5.42043650793651,0.682674561147019,0.687431572985304,0.663848338369075,15.0564242394332
5.42053571428571,0.682613719606995,0.687429639224165,0.663530883769664,15.0568756997807
5.42063492063492,0.682552883311954,0.687427681905048,0.663213581285415,15.0573270953928
5.42073412698413,0.682492052265041,0.687425701039698,0.662896430843162,15.0577784262873
5.42083333333333,0.682431226469407,0.687423696639854,0.662579432369774,15.0582296924818
5.42093253968254,0.682370405928216,0.687421668717245,0.662262585792142,15.058680893994
5.42103174603175,0.682309590644637,0.687419617283592,0.661945891037188,15.0591320308414
5.42113095238095,0.68224878062185,0.687417542350606,0.66162934803186,15.0595831030417
5.42123015873016,0.682187975863041,0.687415443929992,0.661312956703135,15.0600341106126
5.42132936507937,0.682127176371409,0.687413322033445,0.660996716978016,15.0604850535716
5.42142857142857,0.682066382150157,0.68741117667265,0.660680628783538,15.0609359319364
5.42152777777778,0.6820055932025,0.687409007859285,0.66036469204676,15.0613867457245
5.42162698412698,0.681944809531661,0.687406815605019,0.660048906694768,15.0618374949536
5.42172619047619,0.681884031140871,0.687404599921514,0.659733272654683,15.0622881796411
5.4218253968254,0.681823258033371,0.687402360820419,0.659417789853646,15.0627387998047
5.4219246031746,0.68176249021241,0.68740009831338,0.659102458218831,15.0631893554618
5.42202380952381,0.681701727681244,0.68739781241203,0.658787277677436,15.0636398466301
5.42212301587302,0.681640970443141,0.687395503127995,0.65847224815669,15.0640902733271
5.42222222222222,0.681580218501375,0.687393170472893,0.658157369583846,15.0645406355703
5.42232142857143,0.681519471859231,0.687390814458332,0.657842641886192,15.0649909333771
5.42242063492063,0.681458730520002,0.687388435095913,0.657528064991038,15.0654411667652
5.42251984126984,0.681397994486987,0.687386032397228,0.657213638825723,15.0658913357519
5.42261904761905,0.681337263763499,0.687383606373858,0.656899363317614,15.0663414403549
5.42271825396825,0.681276538352855,0.687381157037379,0.656585238394107,15.0667914805914
5.42281746031746,0.681215818258383,0.687378684399355,0.656271263982624,15.0672414564791
5.42291666666667,0.681155103483419,0.687376188471345,0.655957440010618,15.0676913680353
5.42301587301587,0.681094394031308,0.687373669264897,0.655643766405567,15.0681412152774
5.42311507936508,0.681033689905404,0.68737112679155,0.655330243094975,15.068590998223
5.42321428571429,0.68097299110907,0.687368561062836,0.655016870006382,15.0690407168895
5.42331349206349,0.680912297645677,0.687365972090277,0.654703647067348,15.0694903712942
5.4234126984127,0.680851609518604,0.687363359885388,0.654390574205465,15.0699399614545
5.4235119047619,0.680790926731241,0.687360724459673,0.654077651348349,15.0703894873878
5.42361111111111,0.680730249286984,0.68735806582463,0.653764878423649,15.0708389491116
5.42371031746032,0.68066957718924,0.687355383991747,0.653452255359036,15.0712883466431
5.42380952380952,0.680608910441424,0.687352678972503,0.653139782082216,15.0717376799998
5.42390873015873,0.68054824904696,0.687349950778369,0.652827458520919,15.072186949199
5.42400793650794,0.680487593009279,0.687347199420808,0.6525152846029,15.072636154258
5.42410714285714,0.680426942331823,0.687344424911273,0.652203260255948,15.0730852951941
5.42420634920635,0.680366297018041,0.68734162726121,0.651891385407875,15.0735343720247
5.42430555555556,0.680305657071393,0.687338806482055,0.651579659986523,15.0739833847671
5.42440476190476,0.680245022495345,0.687335962585235,0.651268083919763,15.0744323334386
5.42450396825397,0.680184393293374,0.687333095582171,0.650956657135491,15.0748812180564
5.42460317460317,0.680123769468963,0.687330205484272,0.650645379561631,15.0753300386379
5.42470238095238,0.680063151025608,0.687327292302941,0.65033425112614,15.0757787952003
5.42480158730159,0.680002537966809,0.687324356049572,0.650023271756999,15.0762274877609
5.42490079365079,0.679941930296078,0.687321396735548,0.649712441382215,15.0766761163368
5.425,0.679881328016935,0.687318414372247,0.649401759929827,15.0771246809455
5.42509920634921,0.679820731132907,0.687315408971036,0.649091227327898,15.077573181604
5.42519841269841,0.679760139647532,0.687312380543274,0.648780843504521,15.0780216183296
5.42529761904762,0.679699553564357,0.687309329100311,0.64847060838782,15.0784699911396
5.42539682539683,0.679638972886935,0.687306254653488,0.648160521905941,15.078918300051
5.42549603174603,0.67957839761883,0.68730315721414,0.647850583987061,15.0793665450812
5.42559523809524,0.679517827763613,0.687300036793591,0.647540794559386,15.0798147262472
5.42569444444444,0.679457263324867,0.687296893403156,0.647231153551147,15.0802628435662
5.42579365079365,0.67939670430618,0.687293727054143,0.646921660890605,15.0807108970555
5.42589285714286,0.67933615071115,0.687290537757851,0.646612316506047,15.0811588867321
5.42599206349206,0.679275602543385,0.68728732552557,0.646303120325791,15.0816068126132
5.42609126984127,0.679215059806499,0.68728409036858,0.645994072278178,15.0820546747158
5.42619047619048,0.679154522504119,0.687280832298156,0.645685172291584,15.0825024730572
5.42628968253968,0.679093990639877,0.68727755132556,0.645376420294407,15.0829502076545
5.42638888888889,0.679033464217415,0.68727424746205,0.645067816215076,15.0833978785247
5.42648809523809,0.678972943240383,0.687270920718871,0.644759359982045,15.0838454856848
5.4265873015873,0.678912427712441,0.687267571107263,0.644451051523798,15.0842930291521
5.42668650793651,0.678851917637257,0.687264198638455,0.644142890768845,15.0847405089435
5.42678571428571,0.678791413018508,0.687260803323668,0.64383487764573,15.0851879250762
5.42688492063492,0.67873091385988,0.687257385174115,0.643527012083017,15.0856352775671
5.42698412698413,0.678670420165067,0.687253944200999,0.643219294009302,15.0860825664333
5.42708333333333,0.678609931937771,0.687250480415517,0.642911723353207,15.0865297916918
5.42718253968254,0.678549449181706,0.687246993828854,0.642604300043385,15.0869769533597
5.42728174603175,0.678488971900591,0.68724348445219,0.642297024008514,15.0874240514539
5.42738095238095,0.678428500098155,0.687239952296692,0.641989895177301,15.0878710859915
5.42748015873016,0.678368033778137,0.687236397373523,0.64168291347848,15.0883180569894
5.42757936507937,0.678307572944282,0.687232819693835,0.641376078840813,15.0887649644646
5.42767857142857,0.678247117600348,0.68722921926877,0.641069391193093,15.0892118084341
5.42777777777778,0.678186667750098,0.687225596109466,0.640762850464139,15.0896585889147
5.42787698412698,0.678126223397305,0.687221950227046,0.640456456582794,15.0901053059236
5.42797619047619,0.67806578454575,0.68721828163263,0.640150209477935,15.0905519594776
5.4280753968254,0.678005351199224,0.687214590337327,0.639844109078464,15.0909985495936
5.4281746031746,0.677944923361526,0.687210876352238,0.639538155313307,15.0914450762885
5.42827380952381,0.677884501036465,0.687207139688453,0.639232348111429,15.0918915395794
5.42837301587302,0.677824084227855,0.687203380357057,0.638926687401811,15.0923379394829
5.42847222222222,0.677763672939524,0.687199598369125,0.638621173113469,15.0927842760161
5.42857142857143,0.677703267175305,0.687195793735722,0.638315805175444,15.0932305491958
5.42867063492063,0.67764286693904,0.687191966467906,0.638010583516806,15.0936767590389
5.42876984126984,0.677582472234582,0.687188116576727,0.637705508066652,15.0941229055622
5.42886904761905,0.67752208306579,0.687184244073223,0.637400578754107,15.0945689887826
5.42896825396825,0.677461699436533,0.687180348968428,0.637095795508326,15.0950150087169
5.42906746031746,0.67740132135069,0.687176431273363,0.636791158258487,15.0954609653819
5.42916666666667,0.677340948812146,0.687172490999044,0.636486666933803,15.0959068587945
5.42926587301587,0.677280581824798,0.687168528156477,0.63618232146351,15.0963526889714
5.42936507936508,0.677220220392548,0.687164542756658,0.635878121776872,15.0967984559295
5.42946428571429,0.67715986451931,0.687160534810576,0.635574067803183,15.0972441596855
5.42956349206349,0.677099514209004,0.687156504329211,0.635270159471764,15.0976898002562
5.4296626984127,0.677039169465561,0.687152451323536,0.63496639671196,15.0981353776584
5.42976190476191,0.676978830292921,0.687148375804511,0.634662779453153,15.0985808919088
5.42986111111111,0.676918496695029,0.687144277783092,0.634359307624745,15.0990263430242
5.42996031746032,0.676858168675844,0.687140157270225,0.634055981156168,15.0994717310213
5.43005952380952,0.676797846239329,0.687136014276845,0.633752799976884,15.0999170559168
5.43015873015873,0.67673752938946,0.687131848813882,0.63344976401638,15.1003623177275
5.43025793650794,0.676677218130217,0.687127660892255,0.633146873204172,15.10080751647
5.43035714285714,0.676616912465592,0.687123450522875,0.632844127469804,15.101252652161
5.43045634920635,0.676556612399586,0.687119217716645,0.632541526742849,15.1016977248173
5.43055555555556,0.676496317936207,0.687114962484459,0.632239070952904,15.1021427344555
5.43065476190476,0.676436029079472,0.687110684837201,0.631936760029601,15.1025876810922
5.43075396825397,0.676375745833409,0.687106384785749,0.631634593902593,15.1030325647441
5.43085317460317,0.676315468202051,0.687102062340971,0.631332572501565,15.1034773854279
5.43095238095238,0.676255196189442,0.687097717513726,0.631030695756228,15.1039221431602
5.43105158730159,0.676194929799635,0.687093350314864,0.630728963596321,15.1043668379577
5.43115079365079,0.67613466903669,0.687088960755229,0.630427375951609,15.1048114698368
5.43125,0.676074413904679,0.687084548845653,0.630125932751892,15.1052560388143
5.43134920634921,0.676014164407678,0.687080114596962,0.62982463392699,15.1057005449067
5.43144841269841,0.675953920549777,0.687075658019972,0.629523479406756,15.1061449881306
5.43154761904762,0.67589368233507,0.68707117912549,0.629222469121067,15.1065893685026
5.43164682539683,0.675833449767662,0.687066677924317,0.628921602999831,15.1070336860392
5.43174603174603,0.675773222851667,0.687062154427241,0.628620880972982,15.107477940757
5.43184523809524,0.675713001591208,0.687057608645046,0.628320302970483,15.1079221326726
5.43194444444444,0.675652785990415,0.687053040588505,0.628019868922325,15.1083662618024
5.43204365079365,0.675592576053427,0.687048450268382,0.627719578758524,15.1088103281631
5.43214285714286,0.675532371784394,0.687043837695433,0.62741943240913,15.109254331771
5.43224206349206,0.675472173187472,0.687039202880406,0.627119429804216,15.1096982726427
5.43234126984127,0.675411980266828,0.68703454583404,0.626819570873883,15.1101421507948
5.43244047619048,0.675351793026636,0.687029866567064,0.626519855548263,15.1105859662436
5.43253968253968,0.675291611471079,0.687025165090201,0.626220283757512,15.1110297190057
5.43263888888889,0.67523143560435,0.687020441414164,0.625920855431816,15.1114734090975
5.4327380952381,0.675171265430649,0.687015695549656,0.62562157050139,15.1119170365355
5.4328373015873,0.675111100954187,0.687010927507375,0.625322428896477,15.1123606013361
5.43293650793651,0.67505094217918,0.687006137298006,0.625023430547344,15.1128041035157
5.43303571428571,0.674990789109857,0.687001324932228,0.62472457538429,15.1132475430909
5.43313492063492,0.674930641750454,0.686996490420712,0.624425863337639,15.1136909200778
5.43323412698413,0.674870500105214,0.686991633774118,0.624127294337746,15.1141342344931
5.43333333333333,0.67481036417839,0.6869867550031,0.623828868314991,15.114577486353
5.43343253968254,0.674750233974246,0.686981854118302,0.623530585199784,15.115020675674
5.43353174603175,0.674690109497051,0.686976931130358,0.62323244492256,15.1154638024724
5.43363095238095,0.674629990751085,0.686971986049896,0.622934447413788,15.1159068667646
5.43373015873016,0.674569877740637,0.686967018887535,0.622636592603958,15.116349868567
5.43382936507937,0.674509770470003,0.686962029653883,0.622338880423591,15.1167928078958
5.43392857142857,0.674449668943488,0.686957018359542,0.622041310803236,15.1172356847674
5.43402777777778,0.674389573165408,0.686951985015104,0.62174388367347,15.1176784991982
5.43412698412698,0.674329483140084,0.686946929631153,0.621446598964895,15.1181212512043
5.43422619047619,0.67426939887185,0.686941852218265,0.621149456608147,15.1185639408023
5.4343253968254,0.674209320365046,0.686936752787006,0.620852456533886,15.1190065680083
5.4344246031746,0.674149247624021,0.686931631347933,0.620555598672798,15.1194491328385
5.43452380952381,0.674089180653132,0.686926487911596,0.6202588829556,15.1198916353094
5.43462301587302,0.674029119456748,0.686921322488537,0.619962309313037,15.1203340754371
5.43472222222222,0.673969064039243,0.686916135089286,0.619665877675879,15.1207764532379
5.43482142857143,0.673909014405001,0.686910925724368,0.619369587974928,15.1212187687281
5.43492063492063,0.673848970558416,0.686905694404297,0.61907344014101,15.1216610219238
5.43501984126984,0.673788932503888,0.686900441139581,0.61877743410498,15.1221032128413
5.43511904761905,0.67372890024583,0.686895165940715,0.618481569797724,15.1225453414968
5.43521825396825,0.67366887378866,0.686889868818191,0.618185847150153,15.1229874079065
5.43531746031746,0.673608853136805,0.686884549782487,0.617890266093206,15.1234294120866
5.43541666666667,0.673548838294703,0.686879208844076,0.617594826557849,15.1238713540533
5.43551587301587,0.673488829266799,0.686873846013421,0.617299528475079,15.1243132338227
5.43561507936508,0.673428826057546,0.686868461300977,0.617004371775915,15.124755051411
5.43571428571429,0.673368828671408,0.686863054717189,0.616709356391415,15.1251968068343
5.43581349206349,0.673308837112856,0.686857626272496,0.616414482252653,15.1256385001089
5.4359126984127,0.673248851386371,0.686852175977325,0.616119749290738,15.1260801312507
5.43601190476191,0.673188871496442,0.686846703842098,0.615825157436802,15.126521700276
5.43611111111111,0.673128897447566,0.686841209877225,0.615530706622011,15.1269632072009
5.43621031746032,0.67306892924425,0.686835694093109,0.615236396777553,15.1274046520413
5.43630952380952,0.673008966891009,0.686830156500146,0.614942227834647,15.1278460348136
5.43640873015873,0.672949010392367,0.68682459710872,0.61464819972454,15.1282873555336
5.43650793650794,0.672889059752857,0.686819015929208,0.614354312378504,15.1287286142175
5.43660714285714,0.67282911497702,0.68681341297198,0.614060565727845,15.1291698108814
5.43670634920635,0.672769176069406,0.686807788247395,0.613766959703891,15.1296109455412
5.43680555555556,0.672709243034575,0.686802141765804,0.613473494238,15.1300520182131
5.43690476190476,0.672649315877094,0.68679647353755,0.613180169261558,15.1304930289131
5.43700396825397,0.672589394601539,0.686790783572966,0.612886984705978,15.1309339776571
5.43710317460318,0.672529479212495,0.68678507188238,0.612593940502701,15.1313748644612
5.43720238095238,0.672469569714557,0.686779338476106,0.6123010365832,15.1318156893414
5.43730158730159,0.672409666112326,0.686773583364454,0.61200827287897,15.1322564523137
5.43740079365079,0.672349768410415,0.686767806557723,0.611715649321537,15.132697153394
5.4375,0.672289876613442,0.686762008066203,0.611423165842454,15.1331377925984
5.43759920634921,0.672229990726038,0.686756187900178,0.611130822373303,15.1335783699427
5.43769841269841,0.672170110752839,0.686750346069921,0.610838618845692,15.134018885443
5.43779761904762,0.672110236698492,0.686744482585697,0.610546555191258,15.1344593391152
5.43789682539682,0.672050368567651,0.686738597457763,0.610254631341667,15.1348997309751
5.43799603174603,0.67199050636498,0.686732690696366,0.609962847228609,15.1353400610387
5.43809523809524,0.671930650095152,0.686726762311747,0.60967120278381,15.135780329322
5.43819444444444,0.671870799762848,0.686720812314135,0.609379697939015,15.1362205358408
5.43829365079365,0.671810955372758,0.686714840713752,0.609088332626001,15.136660680611
5.43839285714286,0.67175111692958,0.686708847520813,0.608797106776573,15.1371007636485
5.43849206349206,0.671691284438022,0.686702832745521,0.608506020322563,15.1375407849692
5.43859126984127,0.6716314579028,0.686696796398074,0.608215073195829,15.1379807445888
5.43869047619048,0.671571637328638,0.686690738488658,0.607924265328264,15.1384206425233
5.43878968253968,0.671511822720271,0.686684659027453,0.607633596651781,15.1388604787885
5.43888888888889,0.67145201408244,0.686678558024629,0.607343067098325,15.1393002534003
5.43898809523809,0.671392211419897,0.686672435490348,0.607052676599868,15.1397399663744
5.4390873015873,0.671332414737401,0.686666291434764,0.606762425088408,15.1401796177266
5.43918650793651,0.671272624039721,0.686660125868019,0.606472312495975,15.1406192074728
5.43928571428571,0.671212839331634,0.686653938800252,0.606182338754623,15.1410587356287
5.43938492063492,0.671153060617926,0.686647730241588,0.605892503796437,15.1414982022101
5.43948412698413,0.671093287903392,0.686641500202147,0.605602807553525,15.1419376072328
5.43958333333333,0.671033521192834,0.686635248692039,0.605313249958031,15.1423769507125
5.43968253968254,0.670973760491066,0.686628975721364,0.605023830942121,15.1428162326651
5.43978174603175,0.670914005802909,0.686622681300217,0.604734550437989,15.1432554531061
5.43988095238095,0.670854257133191,0.686616365438681,0.604445408377858,15.1436946120514
5.43998015873016,0.670794514486751,0.686610028146832,0.604156404693979,15.1441337095166
5.44007936507937,0.670734777868436,0.686603669434737,0.60386753931863,15.1445727455175
5.44017857142857,0.670675047283102,0.686597289312455,0.603578812184121,15.1450117200698
5.44027777777778,0.670615322735614,0.686590887790034,0.603290223222784,15.1454506331891
5.44037698412698,0.670555604230845,0.686584464877517,0.603001772366983,15.1458894848912
5.44047619047619,0.670495891773677,0.686578020584936,0.602713459549108,15.1463282751917
5.4405753968254,0.670436185369001,0.686571554922315,0.602425284701576,15.1467670041062
5.4406746031746,0.670376485021716,0.686565067899669,0.602137247756836,15.1472056716504
5.44077380952381,0.67031679073673,0.686558559527005,0.60184934864736,15.1476442778399
5.44087301587302,0.67025710251896,0.686552029814322,0.60156158730565,15.1480828226904
5.44097222222222,0.670197420373332,0.686545478771608,0.601273963664236,15.1485213062175
5.44107142857143,0.670137744304781,0.686538906408845,0.600986477655678,15.1489597284367
5.44117063492063,0.67007807431825,0.686532312736004,0.600699129212561,15.1493980893637
5.44126984126984,0.67001841041869,0.68652569776305,0.600411918267498,15.1498363890141
5.44136904761905,0.669958752611062,0.686519061499938,0.600124844753132,15.1502746274035
5.44146825396825,0.669899100900335,0.686512403956613,0.599837908602131,15.1507128045473
5.44156746031746,0.669839455291488,0.686505725143015,0.599551109747191,15.1511509204612
5.44166666666667,0.669779815789507,0.686499025069072,0.599264448121041,15.1515889751607
5.44176587301587,0.669720182399388,0.686492303744704,0.598977923656433,15.1520269686613
5.44186507936508,0.669660555126136,0.686485561179824,0.598691536286148,15.1524649009786
5.44196428571429,0.669600933974763,0.686478797384335,0.598405285942995,15.1529027721281
5.44206349206349,0.66954131895029,0.686472012368133,0.598119172559811,15.1533405821252
5.4421626984127,0.669481710057749,0.686465206141102,0.597833196069461,15.1537783309856
5.4422619047619,0.669422107302179,0.68645837871312,0.597547356404837,15.1542160187246
5.44236111111111,0.669362510688627,0.686451530094058,0.597261653498861,15.1546536453578
5.44246031746032,0.669302920222151,0.686444660293774,0.596976087284479,15.1550912109005
5.44255952380952,0.669243335907815,0.68643776932212,0.596690657694671,15.1555287153683
5.44265873015873,0.669183757750694,0.68643085718894,0.596405364662441,15.1559661587766
5.44275793650794,0.669124185755871,0.686423923904069,0.596120208120819,15.1564035411409
5.44285714285714,0.669064619928437,0.686416969477331,0.595835188002867,15.1568408624765
5.44295634920635,0.669005060273493,0.686409993918545,0.595550304241673,15.1572781227989
5.44305555555556,0.668945506796147,0.686402997237518,0.595265556770351,15.1577153221235
5.44315476190476,0.668885959501519,0.686395979444051,0.594980945522048,15.1581524604657
5.44325396825397,0.668826418394733,0.686388940547936,0.594696470429935,15.1585895378408
5.44335317460317,0.668766883480926,0.686381880558955,0.594412131427211,15.1590265542643
5.44345238095238,0.668707354765241,0.686374799486882,0.594127928447104,15.1594635097514
5.44355158730159,0.668647832252831,0.686367697341483,0.59384386142287,15.1599004043176
5.44365079365079,0.668588315948858,0.686360574132515,0.593559930287793,15.1603372379782
5.44375,0.668528805858492,0.686353429869725,0.593276134975182,15.1607740107486
5.44384920634921,0.668469301986911,0.686346264562855,0.592992475418379,15.161210722644
5.44394841269841,0.668409804339304,0.686339078221635,0.592708951550747,15.1616473736797
5.44404761904762,0.668350312920867,0.686331870855788,0.592425563305687,15.1620839638712
5.44414682539683,0.668290827736804,0.686324642475027,0.592142310616619,15.1625204932336
5.44424603174603,0.668231348792331,0.686317393089058,0.591859193416994,15.1629569617822
5.44434523809524,0.668171876092669,0.686310122707577,0.591576211640291,15.1633933695324
5.44444444444444,0.66811240964305,0.686302831340272,0.591293365220017,15.1638297164993
5.44454365079365,0.668052949448714,0.686295518996824,0.591010654089704,15.1642660026983
5.44464285714286,0.66799349551491,0.686288185686902,0.590728078182919,15.1647022281446
5.44474206349206,0.667934047846895,0.68628083142017,0.59044563743325,15.1651383928534
5.44484126984127,0.667874606449935,0.68627345620628,0.590163331774316,15.16557449684
5.44494047619048,0.667815171329306,0.686266060054877,0.589881161139764,15.1660105401194
5.44503968253968,0.667755742490292,0.686258642975598,0.589599125463266,15.1664465227071
5.44513888888889,0.667696319938184,0.686251204978072,0.589317224678526,15.1668824446181
5.44523809523809,0.667636903678284,0.686243746071916,0.589035458719273,15.1673183058676
5.4453373015873,0.667577493715902,0.686236266266741,0.588753827519266,15.1677541064708
5.44543650793651,0.667518090056356,0.68622876557215,0.588472331012287,15.1681898464429
5.44553571428571,0.667458692704974,0.686221243997736,0.588190969132155,15.168625525799
5.44563492063492,0.667399301667093,0.686213701553082,0.587909741812709,15.1690611445543
5.44573412698413,0.667339916948056,0.686206138247767,0.58762864898782,15.1694967027238
5.44583333333333,0.667280538553218,0.686198554091356,0.587347690591383,15.1699322003228
5.44593253968254,0.667221166487941,0.686190949093409,0.587066866557326,15.1703676373663
5.44603174603175,0.667161800757596,0.686183323263476,0.586786176819598,15.1708030138695
5.44613095238095,0.667102441367563,0.686175676611099,0.586505621312185,15.1712383298473
5.44623015873016,0.66704308832323,0.686168009145811,0.586225199969095,15.171673585315
5.44632936507937,0.666983741629995,0.686160320877136,0.585944912724363,15.1721087802875
5.44642857142857,0.666924401293263,0.686152611814589,0.585664759512056,15.17254391478
5.44652777777778,0.66686506731845,0.686144881967679,0.585384740266265,15.1729789888074
5.44662698412698,0.666805739710978,0.686137131345903,0.585104854921111,15.1734140023849
5.44672619047619,0.66674641847628,0.686129359958753,0.584825103410744,15.1738489555275
5.4468253968254,0.666687103619798,0.686121567815708,0.584545485669339,15.1742838482501
5.4469246031746,0.666627795146979,0.686113754926241,0.584266001631099,15.1747186805679
5.44702380952381,0.666568493063284,0.686105921299818,0.58398665123026,15.1751534524957
5.44712301587302,0.666509197374179,0.686098066945893,0.58370743440108,15.1755881640486
5.44722222222222,0.66644990808514,0.686090191873914,0.583428351077849,15.1760228152416
5.44732142857143,0.666390625201652,0.686082296093317,0.58314940119488,15.1764574060896
5.44742063492063,0.666331348729208,0.686074379613534,0.58287058468652,15.1768919366077
5.44751984126984,0.666272078673309,0.686066442443986,0.582591901487136,15.1773264068106
5.44761904761905,0.666212815039467,0.686058484594084,0.582313351531133,15.1777608167135
5.44771825396825,0.666153557833202,0.686050506073232,0.582034934752938,15.1781951663312
5.44781746031746,0.666094307060041,0.686042506890826,0.581756651087004,15.1786294556787
5.44791666666667,0.666035062725521,0.686034487056253,0.581478500467817,15.1790636847708
5.44801587301587,0.66597582483519,0.68602644657889,0.581200482829886,15.1794978536225
5.44811507936508,0.665916593394599,0.686018385468107,0.580922598107752,15.1799319622486
5.44821428571429,0.665857368409314,0.686010303733264,0.580644846235981,15.180366010664
5.44831349206349,0.665798149884906,0.686002201383714,0.58036722714917,15.1807999988837
5.4484126984127,0.665738937826955,0.6859940784288,0.580089740781938,15.1812339269224
5.44851190476191,0.665679732241051,0.685985934877857,0.57981238706894,15.181667794795
5.44861111111111,0.665620533132792,0.685977770740211,0.579535165944854,15.1821016025163
5.44871031746032,0.665561340507785,0.685969586025181,0.579258077344386,15.1825353501013
5.44880952380952,0.665502154371646,0.685961380742075,0.57898112120227,15.1829690375646
5.44890873015873,0.665442974729998,0.685953154900193,0.57870429745327,15.1834026649212
5.44900793650794,0.665383801588476,0.685944908508828,0.578427606032174,15.1838362321857
5.44910714285714,0.66532463495272,0.685936641577263,0.578151046873803,15.1842697393731
5.44920634920635,0.665265474828381,0.685928354114772,0.577874619913003,15.184703186498
5.44930555555556,0.665206321221119,0.685920046130622,0.577598325084647,15.1851365735753
5.44940476190476,0.665147174136601,0.685911717634069,0.577322162323638,15.1855699006197
5.44950396825397,0.665088033580505,0.685903368634363,0.577046131564905,15.186003167646
5.44960317460317,0.665028899558515,0.685894999140744,0.576770232743407,15.1864363746689
5.44970238095238,0.664969772076326,0.685886609162444,0.576494465794128,15.186869521703
5.44980158730159,0.664910651139641,0.685878198708684,0.576218830652084,15.1873026087633
5.44990079365079,0.66485153675417,0.685869767788681,0.575943327252312,15.1877356358643
5.45,0.664792428925637,0.685861316411638,0.575667955529888,15.1881686030207
5.45009920634921,0.664733327659767,0.685852844586755,0.575392715419906,15.1886015102473
5.45019841269841,0.664674232962301,0.685844352323218,0.575117606857491,15.1890343575587
5.45029761904762,0.664615144838984,0.685835839630209,0.574842629777797,15.1894671449696
5.45039682539683,0.664556063295572,0.685827306516897,0.574567784116005,15.1898998724947
5.45049603174603,0.664496988337828,0.685818752992447,0.574293069807322,15.1903325401485
5.45059523809524,0.664437919971526,0.685810179066011,0.574018486786989,15.1907651479458
5.45069444444444,0.664378858202447,0.685801584746736,0.573744034990268,15.1911976959012
5.45079365079365,0.664319803036382,0.685792970043758,0.573469714352453,15.1916301840293
5.45089285714286,0.664260754479129,0.685784334966205,0.573195524808865,15.1920626123446
5.45099206349206,0.664201712536496,0.685775679523198,0.57292146629485,15.1924949808619
5.45109126984127,0.664142677214299,0.685767003723846,0.572647538745787,15.1929272895956
5.45119047619048,0.664083648518364,0.685758307577253,0.572373742097079,15.1933595385604
5.45128968253968,0.664024626454524,0.685749591092512,0.57210007628416,15.1937917277708
5.45138888888889,0.663965611028623,0.685740854278708,0.571826541242486,15.1942238572414
5.4514880952381,0.663906602246511,0.685732097144918,0.57155313690755,15.1946559269867
5.4515873015873,0.663847600114049,0.685723319700209,0.571279863214866,15.1950879370213
5.45168650793651,0.663788604637106,0.685714521953642,0.571006720099978,15.1955198873597
5.45178571428571,0.663729615821559,0.685705703914267,0.570733707498458,15.1959517780165
5.45188492063492,0.663670633673294,0.685696865591125,0.570460825345905,15.196383609006
5.45198412698413,0.663611658198206,0.685688006993251,0.570188073577946,15.1968153803429
5.45208333333333,0.6635526894022,0.685679128129669,0.569915452130239,15.1972470920416
5.45218253968254,0.663493727291188,0.685670229009395,0.569642960938466,15.1976787441166
5.45228174603175,0.663434771871091,0.685661309641437,0.569370599938338,15.1981103365823
5.45238095238095,0.663375823147839,0.685652370034794,0.569098369065595,15.1985418694532
5.45248015873016,0.663316881127371,0.685643410198457,0.568826268256004,15.1989733427438
5.45257936507937,0.663257945815634,0.685634430141407,0.56855429744536,15.1994047564686
5.45267857142857,0.663199017218585,0.685625429872618,0.568282456569486,15.1998361106418
5.45277777777778,0.663140095342187,0.685616409401053,0.568010745564232,15.200267405278
5.45287698412698,0.663081180192415,0.68560736873567,0.567739164365475,15.2006986403915
5.45297619047619,0.663022271775253,0.685598307885414,0.567467712909127,15.2011298159968
5.4530753968254,0.662963370096689,0.685589226859226,0.56719639113112,15.2015609321082
5.4531746031746,0.662904475162725,0.685580125666035,0.566925198967416,15.2019919887401
5.45327380952381,0.662845586979368,0.685571004314762,0.566654136354005,15.2024229859069
5.45337301587302,0.662786705552637,0.685561862814321,0.566383203226906,15.202853923623
5.45347222222222,0.662727830888557,0.685552701173616,0.566112399522164,15.2032848019026
5.45357142857143,0.662668962993163,0.685543519401542,0.565841725175855,15.2037156207601
5.45367063492063,0.662610101872498,0.685534317506987,0.565571180124081,15.2041463802099
5.45376984126984,0.662551247532615,0.685525095498829,0.565300764302972,15.2045770802662
5.45386904761905,0.662492399979575,0.685515853385937,0.565030477648684,15.2050077209434
5.45396825396825,0.662433559219448,0.685506591177174,0.564760320097404,15.2054383022558
5.45406746031746,0.662374725258311,0.685497308881391,0.564490291585346,15.2058688242176
5.45416666666667,0.662315898102252,0.685488006507432,0.56422039204875,15.2062992868432
5.45426587301587,0.662257077757368,0.685478684064134,0.563950621423887,15.2067296901467
5.45436507936508,0.662198264229761,0.685469341560322,0.563680979647053,15.2071600341425
5.45446428571429,0.662139457525547,0.685459979004815,0.563411466654575,15.2075903188448
5.45456349206349,0.662080657650847,0.685450596406422,0.563142082382805,15.2080205442678
5.4546626984127,0.662021864611792,0.685441193773945,0.562872826768125,15.2084507104257
5.4547619047619,0.661963078414521,0.685431771116175,0.562603699746943,15.2088808173329
5.45486111111111,0.661904299065183,0.685422328441897,0.562334701255697,15.2093108650034
5.45496031746032,0.661845526569935,0.685412865759884,0.562065831230849,15.2097408534515
5.45505952380952,0.661786760934943,0.685403383078905,0.561797089608896,15.2101707826913
5.45515873015873,0.66172800216638,0.685393880407716,0.561528476326355,15.2106006527371
5.45525793650794,0.661669250270431,0.685384357755068,0.561259991319777,15.2110304636029
5.45535714285714,0.661610505253288,0.6853748151297,0.560991634525738,15.211460215303
5.45545634920635,0.66155176712115,0.685365252540344,0.560723405880841,15.2118899078516
5.45555555555556,0.661493035880228,0.685355669995725,0.560455305321719,15.2123195412626
5.45565476190476,0.66143431153674,0.685346067504556,0.560187332785032,15.2127491155503
5.45575396825397,0.661375594096912,0.685336445075544,0.559919488207469,15.2131786307288
5.45585317460317,0.661316883566979,0.685326802717386,0.559651771525743,15.2136080868122
5.45595238095238,0.661258179953188,0.685317140438772,0.559384182676602,15.2140374838145
5.45605158730159,0.661199483261791,0.685307458248382,0.559116721596815,15.2144668217499
5.45615079365079,0.661140793499049,0.685297756154887,0.558849388223183,15.2148961006324
5.45625,0.661082110671233,0.685288034166951,0.558582182492534,15.2153253204761
5.45634920634921,0.661023434784622,0.685278292293228,0.558315104341721,15.2157544812951
5.45644841269841,0.660964765845504,0.685268530542364,0.558048153707628,15.2161835831034
5.45654761904762,0.660906103860177,0.685258748922997,0.55778133052717,15.2166126259149
5.45664682539683,0.660847448834946,0.685248947443754,0.557514634737282,15.2170416097439
5.45674603174603,0.660788800776124,0.685239126113256,0.557248066274933,15.2174705346042
5.45684523809524,0.660730159690035,0.685229284940115,0.556981625077118,15.2178994005099
5.45694444444444,0.660671525583011,0.685219423932933,0.55671531108086,15.2183282074749
5.45704365079365,0.660612898461392,0.685209543100304,0.556449124223209,15.2187569555134
5.45714285714286,0.660554278331526,0.685199642450814,0.556183064441244,15.2191856446391
5.45724206349206,0.660495665199773,0.685189721993041,0.555917131672072,15.2196142748661
5.45734126984127,0.660437059072499,0.685179781735551,0.555651325852826,15.2200428462084
5.45744047619048,0.660378459956078,0.685169821686906,0.555385646920671,15.2204713586798
5.45753968253968,0.660319867856896,0.685159841855656,0.555120094812797,15.2208998122944
5.45763888888889,0.660261282781345,0.685149842250344,0.55485466946642,15.221328207066
5.45773809523809,0.660202704735826,0.685139822879504,0.554589370818789,15.2217565430085
5.4578373015873,0.66014413372675,0.68512978375166,0.554324198807177,15.2221848201359
5.45793650793651,0.660085569760535,0.685119724875331,0.554059153368883,15.2226130384621
5.45803571428571,0.660027012843611,0.685109646259023,0.553794234441242,15.2230411980009
5.45813492063492,0.659968462982413,0.685099547911236,0.55352944196161,15.2234692987662
5.45823412698413,0.659909920183386,0.685089429840462,0.553264775867372,15.2238973407719
5.45833333333333,0.659851384452984,0.685079292055182,0.553000236095941,15.2243253240318
5.45843253968254,0.65979285579767,0.68506913456387,0.55273582258476,15.2247532485598
5.45853174603175,0.659734334223916,0.68505895737499,0.552471535271298,15.2251811143697
5.45863095238095,0.659675819738201,0.685048760497,0.552207374093052,15.2256089214753
5.45873015873016,0.659617312347015,0.685038543938348,0.551943338987547,15.2260366698904
5.45882936507937,0.659558812056854,0.685028307707471,0.551679429892335,15.2264643596289
5.45892857142857,0.659500318874226,0.685018051812802,0.551415646745,15.2268919907045
5.45902777777778,0.659441832805646,0.685007776262761,0.55115198948315,15.2273195631311
5.45912698412698,0.659383353857637,0.684997481065763,0.550888458044422,15.2277470769223
5.45922619047619,0.659324882036732,0.684987166230211,0.550625052366479,15.2281745320919
5.4593253968254,0.659266417349473,0.684976831764503,0.550361772387016,15.2286019286538
5.4594246031746,0.659207959802408,0.684966477677025,0.55009861804375,15.2290292666216
5.45952380952381,0.659149509402097,0.684956103976156,0.549835589274434,15.2294565460091
5.45962301587302,0.659091066155108,0.684945710670267,0.549572686016842,15.22988376683
5.45972222222222,0.659032630068017,0.684935297767719,0.549309908208779,15.2303109290979
5.45982142857143,0.658974201147409,0.684924865276866,0.549047255788077,15.2307380328267
5.45992063492063,0.658915779399876,0.684914413206051,0.548784728692596,15.23116507803
5.46001984126984,0.658857364832023,0.684903941563611,0.548522326860224,15.2315920647215
5.46011904761905,0.658798957450459,0.684893450357873,0.548260050228876,15.2320189929148
5.46021825396825,0.658740557261806,0.684882939597155,0.547997898736498,15.2324458626237
5.46031746031746,0.65868216427269,0.684872409289768,0.547735872321059,15.2328726738617
5.46041666666667,0.658623778489751,0.684861859444012,0.547473970920562,15.2332994266426
5.46051587301587,0.658565399919633,0.68485129006818,0.547212194473032,15.2337261209798
5.46061507936508,0.658507028568992,0.684840701170558,0.546950542916525,15.2341527568872
5.46071428571429,0.658448664444491,0.684830092759419,0.546689016189126,15.2345793343782
5.46081349206349,0.658390307552803,0.684819464843032,0.546427614228944,15.2350058534665
5.4609126984127,0.658331957900608,0.684808817429654,0.546166336974117,15.2354323141656
5.46101190476191,0.658273615494597,0.684798150527535,0.545905184362816,15.2358587164893
5.46111111111111,0.658215280341467,0.684787464144916,0.545644156333235,15.2362850604509
5.46121031746032,0.658156952447927,0.684776758290029,0.545383252823595,15.2367113460641
5.46130952380952,0.658098631820692,0.684766032971099,0.545122473772149,15.2371375733424
5.46140873015873,0.658040318466486,0.684755288196341,0.544861819117174,15.2375637422994
5.46150793650794,0.657982012392043,0.684744523973961,0.544601288796977,15.2379898529486
5.46160714285714,0.657923713604105,0.684733740312157,0.544340882749893,15.2384159053036
5.46170634920635,0.657865422109424,0.684722937219119,0.544080600914284,15.2388418993777
5.46180555555556,0.657807137914758,0.684712114703027,0.543820443228539,15.2392678351846
5.46190476190476,0.657748861026876,0.684701272772054,0.54356040963108,15.2396937127377
5.46200396825397,0.657690591452555,0.684690411434363,0.54330050006035,15.2401195320506
5.46210317460317,0.657632329198582,0.68467953069811,0.543040714454825,15.2405452931365
5.46220238095238,0.65757407427175,0.684668630571439,0.542781052753005,15.2409709960092
5.46230158730159,0.657515826678862,0.68465771106249,0.542521514893421,15.2413966406819
5.46240079365079,0.657457586426731,0.684646772179392,0.542262100814629,15.2418222271681
5.4625,0.657399353522178,0.684635813930264,0.542002810455218,15.2422477554813
5.46259920634921,0.657341127972032,0.684624836323218,0.5417436437538,15.2426732256349
5.46269841269841,0.657282909783132,0.684613839366359,0.541484600649016,15.2430986376422
5.46279761904762,0.657224698962323,0.68460282306778,0.541225681079536,15.2435239915168
5.46289682539683,0.657166495516462,0.684591787435568,0.540966884984057,15.2439492872719
5.46299603174603,0.657108299452414,0.684580732477799,0.540708212301304,15.2443745249209
5.46309523809524,0.657050110777051,0.684569658202544,0.540449662970031,15.2447997044773
5.46319444444444,0.656991929497255,0.684558564617862,0.540191236929018,15.2452248259544
5.46329365079365,0.656933755619917,0.684547451731804,0.539932934117073,15.2456498893654
5.46339285714286,0.656875589151936,0.684536319552414,0.539674754473036,15.2460748947239
5.46349206349206,0.656817430100221,0.684525168087726,0.539416697935769,15.2464998420431
5.46359126984127,0.656759278471688,0.684513997345765,0.539158764444167,15.2469247313362
5.46369047619048,0.656701134273262,0.68450280733455,0.538900953937148,15.2473495626167
5.46378968253968,0.656642997511879,0.684491598062088,0.538643266353662,15.2477743358979
5.46388888888889,0.65658486819448,0.684480369536379,0.538385701632683,15.2481990511929
5.4639880952381,0.656526746328018,0.684469121765414,0.53812825971322,15.2486237085151
5.4640873015873,0.656468631919454,0.684457854757177,0.537870940534302,15.2490483078778
5.46418650793651,0.656410524975755,0.684446568519642,0.537613744034989,15.2494728492942
5.46428571428571,0.656352425503901,0.684435263060773,0.53735667015437,15.2498973327776
5.46438492063492,0.656294333510878,0.684423938388527,0.53709971883156,15.2503217583412
5.46448412698413,0.656236249003682,0.684412594510854,0.536842890005704,15.2507461259983
5.46458333333333,0.656178171989316,0.684401231435692,0.536586183615973,15.2511704357619
5.46468253968254,0.656120102474793,0.684389849170973,0.536329599601566,15.2515946876455
5.46478174603175,0.656062040467135,0.684378447724618,0.53607313790171,15.2520188816621
5.46488095238095,0.656003985973373,0.684367027104542,0.535816798455663,15.2524430178249
5.46498015873016,0.655945939000545,0.68435558731865,0.535560581202706,15.2528670961472
5.46507936507937,0.6558878995557,0.684344128374838,0.535304486082153,15.2532911166421
5.46517857142857,0.655829867645893,0.684332650280995,0.53504851303334,15.2537150793227
5.46527777777778,0.65577184327819,0.684321153044999,0.534792661995635,15.2541389842023
5.46537698412698,0.655713826459665,0.684309636674722,0.534536932908433,15.2545628312938
5.46547619047619,0.655655817197401,0.684298101178025,0.534281325711158,15.2549866206106
5.4655753968254,0.65559781549849,0.684286546562762,0.53402584034326,15.2554103521656
5.4656746031746,0.65553982137003,0.684274972836778,0.533770476744218,15.255834025972
5.46577380952381,0.655481834819133,0.684263380007909,0.533515234853538,15.2562576420429
5.46587301587302,0.655423855852914,0.684251768083982,0.533260114610755,15.2566812003914
5.46597222222222,0.6553658844785,0.684240137072818,0.533005115955431,15.2571047010305
5.46607142857143,0.655307920703028,0.684228486982225,0.532750238827156,15.2575281439733
5.46617063492063,0.65524996453364,0.684216817820007,0.532495483165549,15.257951529233
5.46626984126984,0.655192015977488,0.684205129593956,0.532240848910255,15.2583748568224
5.46636904761905,0.655134075041735,0.684193422311856,0.531986336000949,15.2587981267547
5.46646825396825,0.655076141733551,0.684181695981485,0.531731944377334,15.2592213390429
5.46656746031746,0.655018216060114,0.684169950610608,0.531477673979137,15.2596444937
5.46666666666667,0.654960298028612,0.684158186206986,0.531223524746119,15.2600675907391
5.46676587301587,0.65490238764624,0.684146402778367,0.530969496618063,15.260490630173
5.46686507936508,0.654844484920205,0.684134600332494,0.530715589534783,15.2609136120148
5.46696428571429,0.65478658985772,0.684122778877099,0.530461803436122,15.2613365362775
5.46706349206349,0.654728702466006,0.684110938419907,0.530208138261948,15.261759402974
5.4671626984127,0.654670822752297,0.684099078968633,0.529954593952159,15.2621822121174
5.46726190476191,0.654612950723831,0.684087200530985,0.52970117044668,15.2626049637204
5.46736111111111,0.654555086387856,0.684075303114661,0.529447867685464,15.2630276577962
5.46746031746032,0.654497229751632,0.68406338672735,0.529194685608492,15.2634502943575
5.46755952380952,0.654439380822422,0.684051451376735,0.528941624155773,15.2638728734174
5.46765873015873,0.654381539607504,0.684039497070487,0.528688683267343,15.2642953949887
5.46775793650794,0.654323706114159,0.68402752381627,0.528435862883266,15.2647178590843
5.46785714285714,0.65426588034968,0.684015531621741,0.528183162943638,15.2651402657172
5.46795634920635,0.654208062321369,0.684003520494545,0.527930583388577,15.2655626149001
5.46805555555556,0.654150252036536,0.683991490442321,0.527678124158232,15.2659849066459
5.46815476190476,0.654092449502498,0.683979441472699,0.527425785192779,15.2664071409676
5.46825396825397,0.654034654726583,0.683967373593299,0.527173566432423,15.2668293178779
5.46835317460318,0.653976867716126,0.683955286811734,0.526921467817394,15.2672514373897
5.46845238095238,0.653919088478474,0.683943181135607,0.526669489287956,15.2676734995158
5.46855158730159,0.653861317020979,0.683931056572514,0.526417630784394,15.2680955042691
5.46865079365079,0.653803553351003,0.683918913130041,0.526165892247024,15.2685174516623
5.46875,0.653745797475918,0.683906750815766,0.525914273616192,15.2689393417082
5.46884920634921,0.653688049403102,0.683894569637257,0.525662774832267,15.2693611744196
5.46894841269841,0.653630309139945,0.683882369602077,0.52541139583565,15.2697829498093
5.46904761904762,0.653572576693843,0.683870150717777,0.525160136566768,15.27020466789
5.46914682539682,0.653514852072203,0.683857912991899,0.524908996966076,15.2706263286746
5.46924603174603,0.653457135282438,0.68384565643198,0.524657976974056,15.2710479321757
5.46934523809524,0.653399426331973,0.683833381045545,0.524407076531224,15.2714694784061
5.46944444444444,0.653341725228239,0.683821086840112,0.524156295578116,15.2718909673785
5.46954365079365,0.653284031767973,0.683808773905778,0.523905634064641,15.2723123991884
5.46964285714286,0.653226345101019,0.6837964425858,0.52365509197154,15.2727337741846
5.46974206349206,0.653168665135334,0.68378409292578,0.523404669248657,15.2731550924178
5.46984126984127,0.653110991869162,0.683771724935902,0.523154365841975,15.2735763539032
5.46994047619048,0.653053325300747,0.683759338626351,0.522904181697502,15.2739975586559
5.47003968253968,0.652995665428338,0.683746934007302,0.522654116761257,15.2744187066911
5.47013888888889,0.652938012250185,0.683734511088929,0.522404170979277,15.2748397980239
5.47023809523809,0.65288036576454,0.683722069881403,0.522154344297618,15.2752608326695
5.4703373015873,0.65282272596966,0.683709610394888,0.521904636662351,15.2756818106431
5.47043650793651,0.652765092863801,0.683697132639545,0.521655048019568,15.2761027319598
5.47053571428571,0.652707466445224,0.683684636625531,0.521405578315374,15.2765235966346
5.47063492063492,0.652649846712193,0.683672122362999,0.521156227495894,15.2769444046828
5.47073412698413,0.652592233662972,0.683659589862097,0.520906995507268,15.2773651561195
5.47083333333333,0.652534627295831,0.68364703913297,0.520657882295656,15.2777858509597
5.47093253968254,0.652477027609039,0.683634470185758,0.520408887807235,15.2782064892187
5.47103174603175,0.652419434600871,0.683621883030597,0.520160011988195,15.2786270709114
5.47113095238095,0.6523618482696,0.683609277677619,0.519911254784749,15.2790475960531
5.47123015873016,0.652304268613507,0.683596654136952,0.519662616143122,15.2794680646587
5.47132936507937,0.652246695630871,0.683584012418719,0.519414096009559,15.2798884767435
5.47142857142857,0.652189129319976,0.683571352533039,0.519165694330325,15.2803088323224
5.47152777777778,0.652131569679108,0.683558674490029,0.518917411051696,15.2807291314106
5.47162698412698,0.652074016706556,0.683545978299798,0.51866924611997,15.2811493740231
5.47172619047619,0.65201647040061,0.683533263972455,0.51842119948146,15.2815695601751
5.4718253968254,0.651958930759564,0.683520531518101,0.518173271082497,15.2819896898815
5.4719246031746,0.651901397781714,0.683507780946836,0.517925460869429,15.2824097631575
5.47202380952381,0.651843871465358,0.683495012268753,0.517677768788622,15.2828297800181
5.47212301587302,0.651786351808798,0.683482225493944,0.517430194786457,15.2832497404784
5.47222222222222,0.651728838810338,0.683469420632493,0.517182738809334,15.2836696445533
5.47232142857143,0.651671332468284,0.683456597694484,0.516935400803672,15.284089492258
5.47242063492063,0.651613832780944,0.683443756689993,0.516688180715904,15.2845092836075
5.47251984126984,0.65155633974663,0.683430897629095,0.516441078492481,15.2849290186168
5.47261904761905,0.651498853363656,0.683418020521859,0.516194094079873,15.2853486973009
5.47271825396825,0.651441373630339,0.68340512537835,0.515947227424565,15.2857683196749
5.47281746031746,0.651383900544996,0.683392212208629,0.515700478473058,15.2861878857538
5.47291666666667,0.65132643410595,0.683379281022753,0.515453847171877,15.2866073955525
5.47301587301587,0.651268974311526,0.683366331830776,0.515207333467558,15.2870268490862
5.47311507936508,0.651211521160049,0.683353364642745,0.514960937306654,15.2874462463697
5.47321428571429,0.651154074649849,0.683340379468705,0.514714658635739,15.2878655874181
5.47331349206349,0.651096634779257,0.683327376318697,0.514468497401401,15.2882848722464
5.4734126984127,0.651039201546607,0.683314355202757,0.514222453550248,15.2887041008696
5.4735119047619,0.650981774950237,0.683301316130916,0.513976527028902,15.2891232733026
5.47361111111111,0.650924354988486,0.683288259113202,0.513730717784005,15.2895423895604
5.47371031746032,0.650866941659695,0.68327518415964,0.513485025762214,15.289961449658
5.47380952380952,0.65080953496221,0.683262091280248,0.513239450910208,15.2903804536104
5.47390873015873,0.650752134894377,0.683248980485042,0.512993993174676,15.2907994014325
5.47400793650794,0.650694741454545,0.683235851784033,0.51274865250233,15.2912182931392
5.47410714285714,0.650637354641067,0.683222705187228,0.512503428839897,15.2916371287456
5.47420634920635,0.650579974452298,0.68320954070463,0.51225832213412,15.2920559082665
5.47430555555556,0.650522600886593,0.683196358346237,0.51201333233176,15.2924746317169
5.47440476190476,0.650465233942314,0.683183158122044,0.511768459379599,15.2928932991118
5.47450396825397,0.650407873617822,0.683169940042042,0.511523703224431,15.293311910466
5.47460317460317,0.650350519911482,0.683156704116216,0.51127906381307,15.2937304657945
5.47470238095238,0.650293172821662,0.683143450354549,0.511034541092347,15.2941489651122
5.47480158730159,0.650235832346732,0.683130178767018,0.510790135009108,15.2945674084341
5.47490079365079,0.650178498485062,0.683116889363597,0.51054584551022,15.2949857957749
5.475,0.65012117123503,0.683103582154256,0.510301672542564,15.2954041271497
5.47509920634921,0.650063850595012,0.68309025714896,0.510057616053039,15.2958224025734
5.47519841269841,0.650006536563388,0.68307691435767,0.509813675988561,15.2962406220607
5.47529761904762,0.649949229138541,0.683063553790344,0.509569852296068,15.2966587856267
5.47539682539683,0.649891928318856,0.683050175456933,0.509326144922507,15.2970768932861
5.47549603174603,0.649834634102721,0.683036779367387,0.509082553814849,15.2974949450539
5.47559523809524,0.649777346488526,0.68302336553165,0.508839078920078,15.297912940945
5.47569444444444,0.649720065474664,0.683009933959664,0.508595720185198,15.2983308809742
5.47579365079365,0.649662791059529,0.682996484661363,0.508352477557226,15.2987487651564
5.47589285714286,0.649605523241521,0.682983017646679,0.508109350983204,15.2991665935063
5.47599206349206,0.649548262019039,0.682969532925542,0.507866340410184,15.299584366039
5.47609126984127,0.649491007390486,0.682956030507875,0.507623445785238,15.3000020827692
5.47619047619048,0.649433759354268,0.682942510403596,0.507380667055455,15.3004197437118
5.47628968253968,0.649376517908793,0.682928972622622,0.507138004167941,15.3008373488816
5.47638888888889,0.649319283052471,0.682915417174864,0.50689545706982,15.3012548982934
5.47648809523809,0.649262054783715,0.682901844070228,0.506653025708232,15.3016723919621
5.4765873015873,0.649204833100942,0.682888253318619,0.506410710030336,15.3020898299025
5.47668650793651,0.649147618002569,0.682874644929933,0.506168509983304,15.3025072121293
5.47678571428571,0.649090409487018,0.682861018914067,0.505926425514333,15.3029245386575
5.47688492063492,0.649033207552711,0.68284737528091,0.50568445657063,15.3033418095019
5.47698412698413,0.648976012198074,0.682833714040349,0.505442603099423,15.3037590246771
5.47708333333333,0.648918823421536,0.682820035202266,0.505200865047955,15.3041761841981
5.47718253968254,0.648861641221528,0.682806338776539,0.504959242363487,15.3045932880795
5.47728174603175,0.648804465596483,0.68279262477304,0.504717734993297,15.3050103363363
5.47738095238095,0.648747296544837,0.682778893201641,0.504476342884684,15.3054273289831
5.47748015873016,0.648690134065029,0.682765144072207,0.504235065984958,15.3058442660348
5.47757936507937,0.6486329781555,0.682751377394598,0.503993904241451,15.3062611475061
5.47767857142857,0.648575828814693,0.682737593178672,0.503752857601509,15.3066779734118
5.47777777777778,0.648518686041055,0.682723791434282,0.503511926012497,15.3070947437667
5.47787698412698,0.648461549833035,0.682709972171277,0.503271109421798,15.3075114585854
5.47797619047619,0.648404420189083,0.6826961353995,0.50303040777681,15.3079281178828
5.4780753968254,0.648347297107654,0.682682281128794,0.502789821024949,15.3083447216736
5.4781746031746,0.648290180587204,0.682668409368993,0.502549349113648,15.3087612699725
5.47827380952381,0.648233070626192,0.68265452012993,0.502308991990361,15.3091777627943
5.47837301587302,0.64817596722308,0.682640613421434,0.502068749602554,15.3095942001537
5.47847222222222,0.648118870376331,0.682626689253327,0.501828621897712,15.3100105820654
5.47857142857143,0.648061780084412,0.682612747635429,0.501588608823339,15.3104269085441
5.47867063492063,0.648004696345792,0.682598788577557,0.501348710326953,15.3108431796046
5.47876984126984,0.647947619158943,0.68258481208952,0.50110892635609,15.3112593952616
5.47886904761905,0.647890548522339,0.682570818181128,0.500869256858307,15.3116755555297
5.47896825396825,0.647833484434457,0.682556806862181,0.500629701781175,15.3120916604237
5.47906746031746,0.647776426893775,0.68254277814248,0.500390261072282,15.3125077099583
5.47916666666667,0.647719375898777,0.682528732031818,0.500150934679234,15.3129237041481
5.47926587301587,0.647662331447945,0.682514668539987,0.499911722549654,15.3133396430078
5.47936507936508,0.647605293539768,0.682500587676772,0.499672624631182,15.3137555265521
5.47946428571429,0.647548262172735,0.682486489451956,0.499433640871476,15.3141713547957
5.47956349206349,0.647491237345337,0.682472373875317,0.499194771218211,15.3145871277533
5.4796626984127,0.647434219056069,0.682458240956628,0.498956015619077,15.3150028454395
5.47976190476191,0.647377207303428,0.682444090705659,0.498717374021787,15.3154185078689
5.47986111111111,0.647320202085915,0.682429923132177,0.498478846374065,15.3158341150563
5.47996031746032,0.64726320340203,0.682415738245941,0.498240432623656,15.3162496670162
5.48005952380952,0.647206211250279,0.68240153605671,0.498002132718321,15.3166651637634
5.48015873015873,0.647149225629169,0.682387316574236,0.497763946605836,15.3170806053124
5.48025793650794,0.64709224653721,0.682373079808268,0.497525874233998,15.3174959916778
5.48035714285714,0.647035273972915,0.682358825768551,0.49728791555062,15.3179113228744
5.48045634920635,0.646978307934797,0.682344554464825,0.497050070503532,15.3183265989167
5.48055555555556,0.646921348421375,0.682330265906827,0.49681233904058,15.3187418198194
5.48065476190476,0.646864395431169,0.682315960104289,0.49657472110963,15.319156985597
5.48075396825397,0.646807448962701,0.682301637066939,0.496337216658562,15.3195720962641
5.48085317460317,0.646750509014496,0.682287296804501,0.496099825635276,15.3199871518354
5.48095238095238,0.646693575585083,0.682272939326694,0.495862547987687,15.3204021523255
5.48105158730159,0.64663664867299,0.682258564643234,0.495625383663729,15.320817097749
5.48115079365079,0.64657972827675,0.682244172763833,0.49538833261135,15.3212319881203
5.48125,0.6465228143949,0.682229763698197,0.495151394778522,15.3216468234542
5.48134920634921,0.646465907025977,0.68221533745603,0.494914570113228,15.3220616037652
5.48144841269841,0.646409006168521,0.68220089404703,0.49467785856347,15.3224763290678
5.48154761904762,0.646352111821075,0.682186433480893,0.494441260077267,15.3228909993767
5.48164682539683,0.646295223982184,0.682171955767309,0.494204774602657,15.3233056147063
5.48174603174603,0.646238342650396,0.682157460915963,0.493968402087691,15.3237201750713
5.48184523809524,0.646181467824263,0.68214294893654,0.493732142480444,15.3241346804862
5.48194444444444,0.646124599502337,0.682128419838716,0.493495995729002,15.3245491309655
5.48204365079365,0.646067737683174,0.682113873632165,0.493259961781472,15.3249635265238
5.48214285714286,0.646010882365332,0.682099310326557,0.493024040585975,15.3253778671757
5.48224206349206,0.645954033547371,0.682084729931559,0.492788232090653,15.3257921529355
5.48234126984127,0.645897191227855,0.68207013245683,0.492552536243661,15.3262063838179
5.48244047619048,0.64584035540535,0.682055517912029,0.492316952993176,15.3266205598374
5.48253968253968,0.645783526078424,0.682040886306808,0.492081482287387,15.3270346810085
5.48263888888889,0.645726703245647,0.682026237650817,0.491846124074504,15.3274487473457
5.4827380952381,0.645669886905593,0.6820115719537,0.491610878302755,15.3278627588635
5.4828373015873,0.645613077056839,0.681996889225097,0.491375744920381,15.3282767155765
5.48293650793651,0.645556273697963,0.681982189474646,0.491140723875644,15.328690617499
5.48303571428571,0.645499476827546,0.681967472711979,0.490905815116822,15.3291044646456
5.48313492063492,0.645442686444171,0.681952738946723,0.49067101859221,15.3295182570308
5.48323412698413,0.645385902546424,0.681937988188502,0.490436334250117,15.3299319946691
5.48333333333333,0.645329125132895,0.681923220446937,0.490201762038878,15.3303456775749
5.48343253968254,0.645272354202175,0.681908435731643,0.489967301906837,15.3307593057626
5.48353174603175,0.645215589752856,0.681893634052231,0.489732953802359,15.3311728792469
5.48363095238095,0.645158831783537,0.681878815418309,0.489498717673824,15.331586398042
5.48373015873016,0.645102080292815,0.681863979839479,0.489264593469631,15.3319998621625
5.48382936507937,0.645045335279292,0.681849127325341,0.489030581138196,15.3324132716228
5.48392857142857,0.644988596741571,0.68183425788549,0.488796680627952,15.3328266264374
5.48402777777778,0.64493186467826,0.681819371529516,0.488562891887349,15.3332399266207
5.48412698412698,0.644875139087968,0.681804468267005,0.488329214864852,15.3336531721871
5.48422619047619,0.644818419969305,0.681789548107541,0.48809564950895,15.3340663631511
5.4843253968254,0.644761707320887,0.6817746110607,0.487862195768143,15.334479499527
5.4844246031746,0.64470500114133,0.681759657136058,0.487628853590949,15.3348925813293
5.48452380952381,0.644648301429252,0.681744686343183,0.487395622925906,15.3353056085724
5.48462301587302,0.644591608183277,0.681729698691642,0.487162503721567,15.3357185812708
5.48472222222222,0.644534921402027,0.681714694190996,0.486929495926501,15.3361314994387
5.48482142857143,0.644478241084131,0.681699672850802,0.486696599489299,15.3365443630907
5.48492063492063,0.644421567228217,0.681684634680614,0.486463814358565,15.3369571722411
5.48501984126984,0.644364899832918,0.68166957968998,0.486231140482921,15.3373699269042
5.48511904761905,0.644308238896868,0.681654507888445,0.485998577811008,15.3377826270945
5.48521825396825,0.644251584418703,0.68163941928555,0.485766126291481,15.3381952728264
5.48531746031746,0.644194936397064,0.681624313890832,0.485533785873015,15.3386078641141
5.48541666666667,0.644138294830593,0.681609191713823,0.485301556504303,15.3390204009722
5.48551587301587,0.644081659717934,0.68159405276405,0.485069438134051,15.3394328834149
5.48561507936508,0.644025031057734,0.681578897051038,0.484837430710985,15.3398453114565
5.48571428571429,0.643968408848643,0.681563724584308,0.48460553418385,15.3402576851116
5.48581349206349,0.643911793089315,0.681548535373374,0.484373748501406,15.3406700043943
5.4859126984127,0.643855183778403,0.681533329427748,0.48414207361243,15.341082269319
5.4860119047619,0.643798580914564,0.681518106756937,0.483910509465717,15.3414944799001
5.48611111111111,0.64374198449646,0.681502867370445,0.483679056010079,15.3419066361519
5.48621031746032,0.643685394522751,0.68148761127777,0.483447713194343,15.3423187380887
5.48630952380952,0.643628810992104,0.681472338488408,0.483216480967359,15.3427307857249
5.48640873015873,0.643572233903186,0.681457049011849,0.482985359277989,15.3431427790747
5.48650793650794,0.643515663254666,0.68144174285758,0.482754348075115,15.3435547181524
5.48660714285714,0.643459099045219,0.681426420035083,0.482523447307634,15.3439666029725
5.48670634920635,0.643402541273518,0.681411080553836,0.482292656924462,15.3443784335491
5.48680555555556,0.643345989938242,0.681395724423314,0.482061976874531,15.3447902098965
5.48690476190476,0.643289445038071,0.681380351652986,0.481831407106791,15.3452019320291
5.48700396825397,0.643232906571687,0.681364962252318,0.481600947570209,15.3456135999611
5.48710317460317,0.643176374537776,0.681349556230771,0.481370598213769,15.3460252137069
5.48720238095238,0.643119848935027,0.681334133597804,0.481140358986474,15.3464367732806
5.48730158730159,0.643063329762129,0.681318694362868,0.480910229837342,15.3468482786966
5.48740079365079,0.643006817017776,0.681303238535414,0.480680210715409,15.3472597299691
5.4875,0.642950310700662,0.681287766124886,0.480450301569728,15.3476711271123
5.48759920634921,0.642893810809487,0.681272277140725,0.48022050234937,15.3480824701406
5.48769841269841,0.642837317342951,0.681256771592367,0.479990813003421,15.3484937590681
5.48779761904762,0.642780830299756,0.681241249489245,0.479761233480988,15.3489049939092
5.48789682539683,0.64272434967861,0.681225710840787,0.479531763731193,15.349316174678
5.48799603174603,0.642667875478219,0.681210155656417,0.479302403703174,15.3497273013888
5.48809523809524,0.642611407697296,0.681194583945556,0.479073153346089,15.3501383740558
5.48819444444444,0.642554946334553,0.681178995717618,0.478844012609111,15.3505493926933
5.48829365079365,0.642498491388706,0.681163390982016,0.478614981441431,15.3509603573154
5.48839285714286,0.642442042858473,0.681147769748156,0.478386059792258,15.3513712679363
5.48849206349206,0.642385600742576,0.681132132025443,0.478157247610817,15.3517821245703
5.48859126984127,0.642329165039738,0.681116477823275,0.477928544846349,15.3521929272316
5.48869047619048,0.642272735748686,0.681100807151047,0.477699951448118,15.3526036759344
5.48878968253968,0.642216312868147,0.68108512001815,0.477471467365399,15.3530143706928
5.48888888888889,0.642159896396854,0.681069416433971,0.477243092547486,15.3534250115211
5.48898809523809,0.642103486333539,0.681053696407892,0.477014826943692,15.3538355984334
5.4890873015873,0.64204708267694,0.681037959949291,0.476786670503345,15.3542461314439
5.48918650793651,0.641990685425794,0.681022207067542,0.47655862317579,15.3546566105668
5.48928571428571,0.641934294578844,0.681006437772016,0.476330684910392,15.3550670358162
5.48938492063492,0.641877910134832,0.680990652072079,0.476102855656533,15.3554774072063
5.48948412698413,0.641821532092507,0.680974849977091,0.475875135363608,15.3558877247512
5.48958333333333,0.641765160450616,0.68095903149641,0.475647523981033,15.3562979884652
5.48968253968254,0.641708795207911,0.68094319663939,0.475420021458241,15.3567081983623
5.48978174603175,0.641652436363147,0.680927345415379,0.475192627744682,15.3571183544567
5.48988095238095,0.641596083915079,0.680911477833723,0.47496534278982,15.3575284567626
5.48998015873016,0.641539737862467,0.680895593903763,0.474738166543142,15.3579385052939
5.49007936507937,0.641483398204073,0.680879693634835,0.474511098954146,15.358348500065
5.49017857142857,0.641427064938661,0.680863777036272,0.474284139972354,15.3587584410899
5.49027777777778,0.641370738064998,0.680847844117401,0.4740572895473,15.3591683283827
5.49037698412698,0.641314417581853,0.680831894887548,0.473830547628537,15.3595781619575
5.49047619047619,0.641258103487998,0.680815929356031,0.473603914165636,15.3599879418284
5.4905753968254,0.641201795782208,0.680799947532168,0.473377389108183,15.3603976680096
5.4906746031746,0.641145494463259,0.680783949425269,0.473150972405781,15.3608073405151
5.49077380952381,0.641089199529931,0.680767935044643,0.472924664008056,15.361216959359
5.49087301587302,0.641032910981006,0.680751904399592,0.472698463864645,15.3616265245554
5.49097222222222,0.640976628815269,0.680735857499415,0.472472371925204,15.3620360361183
5.49107142857143,0.640920353031507,0.680719794353408,0.472246388139407,15.362445494062
5.49117063492063,0.640864083628509,0.680703714970862,0.472020512456945,15.3628548984003
5.49126984126984,0.640807820605068,0.680687619361063,0.471794744827525,15.3632642491474
5.49136904761905,0.640751563959979,0.680671507533293,0.471569085200873,15.3636735463173
5.49146825396825,0.640695313692038,0.680655379496832,0.471343533526731,15.3640827899242
5.49156746031746,0.640639069800046,0.680639235260953,0.471118089754857,15.3644919799819
5.49166666666667,0.640582832282806,0.680623074834926,0.470892753835032,15.3649011165047
5.49176587301587,0.640526601139122,0.680606898228017,0.470667525717048,15.3653101995065
5.49186507936508,0.640470376367801,0.680590705449488,0.470442405350716,15.3657192290013
5.49196428571429,0.640414157967654,0.680574496508596,0.470217392685864,15.3661282050032
5.49206349206349,0.640357945937494,0.680558271414596,0.46999248767234,15.3665371275262
5.4921626984127,0.640301740276135,0.680542030176735,0.469767690260003,15.3669459965843
5.49226190476191,0.640245540982395,0.680525772804259,0.469543000398739,15.3673548121916
5.49236111111111,0.640189348055095,0.680509499306409,0.469318418038441,15.367763574362
5.49246031746032,0.640133161493057,0.680493209692422,0.469093943129026,15.3681722831095
5.49255952380952,0.640076981295107,0.680476903971529,0.468869575620425,15.3685809384482
5.49265873015873,0.640020807460072,0.680460582152961,0.468645315462588,15.3689895403919
5.49275793650794,0.639964639986783,0.68044424424594,0.46842116260548,15.3693980889549
5.49285714285714,0.639908478874073,0.680427890259687,0.468197116999086,15.3698065841509
5.49295634920635,0.639852324120777,0.680411520203418,0.467973178593406,15.3702150259939
5.49305555555556,0.639796175725733,0.680395134086344,0.467749347338458,15.370623414498
5.49315476190476,0.639740033687783,0.680378731917674,0.467525623184278,15.3710317496772
5.49325396825397,0.639683898005768,0.68036231370661,0.46730200608092,15.3714400315453
5.49335317460317,0.639627768678535,0.680345879462351,0.467078495978451,15.3718482601163
5.49345238095238,0.639571645704933,0.680329429194094,0.46685509282696,15.3722564354042
5.49355158730159,0.639515529083811,0.680312962911028,0.46663179657655,15.3726645574229
5.49365079365079,0.639459418814023,0.680296480622341,0.466408607177342,15.3730726261864
5.49375,0.639403314894425,0.680279982337215,0.466185524579478,15.3734806417086
5.49384920634921,0.639347217323875,0.680263468064828,0.465962548733111,15.3738886040034
5.49394841269841,0.639291126101235,0.680246937814355,0.465739679588415,15.3742965130847
5.49404761904762,0.639235041225367,0.680230391594966,0.46551691709558,15.3747043689665
5.49414682539683,0.639178962695139,0.680213829415827,0.465294261204815,15.3751121716628
5.49424603174603,0.639122890509417,0.6801972512861,0.465071711866344,15.3755199211873
5.49434523809524,0.639066824667075,0.680180657214941,0.464849269030408,15.375927617554
5.49444444444444,0.639010765166984,0.680164047211506,0.464626932647268,15.3763352607768
5.49454365079365,0.638954712008022,0.680147421284942,0.464404702667199,15.3767428508696
5.49464285714286,0.638898665189067,0.680130779444395,0.464182579040496,15.3771503878463
5.49474206349206,0.638842624709,0.680114121699007,0.463960561717471,15.3775578717208
5.49484126984127,0.638786590566706,0.680097448057913,0.463738650648451,15.3779653025069
5.49494047619048,0.63873056276107,0.680080758530246,0.463516845783781,15.3783726802185
5.49503968253968,0.638674541290983,0.680064053125136,0.463295147073825,15.3787800048696
5.49513888888889,0.638618526155334,0.680047331851706,0.46307355446896,15.3791872764739
5.4952380952381,0.638562517353018,0.680030594719076,0.462852067919587,15.3795944950452
5.4953373015873,0.638506514882932,0.680013841736362,0.462630687376119,15.3800016605976
5.49543650793651,0.638450518743975,0.679997072912677,0.462409412788988,15.3804087731448
5.49553571428571,0.638394528935049,0.679980288257127,0.462188244108642,15.3808158327006
5.49563492063492,0.638338545455057,0.679963487778817,0.461967181285548,15.3812228392789
5.49573412698413,0.638282568302907,0.679946671486845,0.461746224270188,15.3816297928936
5.49583333333333,0.638226597477507,0.679929839390307,0.461525373013064,15.3820366935584
5.49593253968254,0.63817063297777,0.679912991498294,0.461304627464693,15.3824435412872
5.49603174603175,0.638114674802609,0.679896127819892,0.461083987575609,15.3828503360937
5.49613095238095,0.638058722950943,0.679879248364184,0.460863453296366,15.3832570779919
5.49623015873016,0.63800277742169,0.67986235314025,0.460643024577534,15.3836637669955
5.49632936507937,0.637946838213773,0.679845442157162,0.460422701369698,15.3840704031183
5.49642857142857,0.637890905326115,0.679828515423992,0.460202483623463,15.3844769863742
5.49652777777778,0.637834978757645,0.679811572949804,0.45998237128945,15.3848835167768
5.49662698412698,0.63777905850729,0.679794614743662,0.459762364318295,15.38528999434
5.49672619047619,0.637723144573985,0.679777640814623,0.459542462660658,15.3856964190777
5.4968253968254,0.637667236956664,0.67976065117174,0.45932266626721,15.3861027910034
5.4969246031746,0.637611335654263,0.679743645824063,0.45910297508864,15.3865091101311
5.49702380952381,0.637555440665723,0.679726624780636,0.458883389075657,15.3869153764745
5.49712301587302,0.637499551989987,0.679709588050502,0.458663908178984,15.3873215900473
5.49722222222222,0.637443669625998,0.679692535642696,0.458444532349364,15.3877277508633
5.49732142857143,0.637387793572704,0.679675467566252,0.458225261537555,15.3881338589363
5.49742063492063,0.637331923829056,0.679658383830197,0.458006095694334,15.38853991428
5.49751984126984,0.637276060394006,0.679641284443557,0.457787034770492,15.3889459169081
5.49761904761905,0.637220203266509,0.679624169415352,0.457568078716845,15.3893518668344
5.49771825396825,0.637164352445523,0.679607038754597,0.457349227484217,15.3897577640726
5.49781746031746,0.637108507930008,0.679589892470305,0.457130481023454,15.3901636086364
5.49791666666667,0.637052669718926,0.679572730571483,0.456911839285419,15.3905694005396
5.49801587301587,0.636996837811243,0.679555553067134,0.45669330222099,15.3909751397959
5.49811507936508,0.636941012205927,0.679538359966259,0.456474869781064,15.391380826419
5.49821428571429,0.636885192901948,0.679521151277852,0.456256541916558,15.3917864604225
5.49831349206349,0.636829379898279,0.679503927010905,0.456038318578401,15.3921920418202
5.4984126984127,0.636773573193895,0.679486687174404,0.455820199717542,15.3925975706258
5.49851190476191,0.636717772787775,0.679469431777333,0.455602185284947,15.393003046853
5.49861111111111,0.636661978678899,0.679452160828668,0.455384275231598,15.3934084705154
5.49871031746032,0.636606190866249,0.679434874337386,0.455166469508497,15.3938138416268
5.49880952380952,0.636550409348813,0.679417572312457,0.454948768066659,15.3942191602007
5.49890873015873,0.636494634125577,0.679400254762846,0.454731170857121,15.3946244262509
5.49900793650794,0.636438865195532,0.679382921697515,0.454513677830933,15.3950296397911
5.49910714285714,0.636383102557672,0.679365573125422,0.454296288939166,15.3954348008349
5.49920634920635,0.636327346210993,0.679348209055521,0.454079004132906,15.3958399093959
5.49930555555556,0.636271596154493,0.679330829496761,0.453861823363256,15.3962449654878
5.49940476190476,0.636215852387173,0.679313434458087,0.453644746581337,15.3966499691242
5.49950396825397,0.636160114908036,0.679296023948441,0.453427773738287,15.3970549203189
5.49960317460318,0.636104383716088,0.679278597976759,0.45321090478526,15.3974598190853
5.49970238095238,0.636048658810338,0.679261156551975,0.452994139673432,15.3978646654372
5.49980158730159,0.635992940189797,0.679243699683016,0.45277747835399,15.3982694593882
5.49990079365079,0.635937227853478,0.679226227378808,0.452560920778143,15.3986742009518
5.5,0.635881521800398,0.67920873964827,0.452344466897113,15.3990788901417
5.50009920634921,0.635825822029575,0.679191236500319,0.452128116662143,15.3994835269716
5.50019841269841,0.63577012854003,0.679173717943866,0.451911870024491,15.3998881114549
5.50029761904762,0.635714441330788,0.67915618398782,0.451695726935433,15.4002926436054
5.50039682539682,0.635658760400875,0.679138634641084,0.451479687346262,15.4006971234365
5.50049603174603,0.635603085749319,0.679121069912557,0.451263751208288,15.4011015509619
5.50059523809524,0.635547417375152,0.679103489811135,0.45104791847284,15.4015059261952
5.50069444444444,0.635491755277408,0.67908589434571,0.450832189091263,15.4019102491499
5.50079365079365,0.635436099455124,0.679068283525167,0.450616563014917,15.4023145198396
5.50089285714286,0.635380449907338,0.679050657358389,0.450401040195183,15.402718738278
5.50099206349206,0.635324806633092,0.679033015854256,0.450185620583457,15.4031229044784
5.50109126984127,0.63526916963143,0.679015359021642,0.449970304131152,15.4035270184545
5.50119047619048,0.635213538901399,0.678997686869418,0.449755090789701,15.4039310802199
5.50128968253968,0.635157914442048,0.678979999406448,0.44953998051055,15.4043350897881
5.50138888888889,0.63510229625243,0.678962296641596,0.449324973245166,15.4047390471726
5.50148809523809,0.635046684331598,0.678944578583719,0.449110068945032,15.405142952387
5.5015873015873,0.634991078678608,0.67892684524167,0.448895267561646,15.4055468054448
5.50168650793651,0.634935479292522,0.678909096624301,0.448680569046527,15.4059506063595
5.50178571428571,0.6348798861724,0.678891332740454,0.448465973351208,15.4063543551447
5.50188492063492,0.634824299317307,0.678873553598973,0.448251480427241,15.4067580518138
5.50198412698413,0.634768718726309,0.678855759208693,0.448037090226194,15.4071616963804
5.50208333333333,0.634713144398478,0.678837949578448,0.447822802699656,15.4075652888579
5.50218253968254,0.634657576332884,0.678820124717067,0.447608617799228,15.40796882926
5.50228174603175,0.634602014528603,0.678802284633373,0.44739453547653,15.4083723176
5.50238095238095,0.634546458984712,0.678784429336188,0.447180555683202,15.4087757538915
5.50248015873016,0.63449090970029,0.678766558834326,0.446966678370897,15.4091791381479
5.50257936507937,0.634435366674419,0.678748673136602,0.446752903491286,15.4095824703827
5.50267857142857,0.634379829906186,0.678730772251822,0.446539230996063,15.4099857506095
5.50277777777778,0.634324299394676,0.678712856188789,0.446325660836931,15.4103889788416
5.50287698412698,0.634268775138981,0.678694924956305,0.446112192965616,15.4107921550925
5.50297619047619,0.634213257138191,0.678676978563163,0.445898827333857,15.4111952793757
5.5030753968254,0.634157745391404,0.678659017018156,0.445685563893414,15.4115983517047
5.5031746031746,0.634102239897715,0.678641040330069,0.445472402596061,15.4120013720929
5.50327380952381,0.634046740656226,0.678623048507687,0.445259343393593,15.4124043405537
5.50337301587302,0.633991247666038,0.678605041559788,0.445046386237819,15.4128072571006
5.50347222222222,0.633935760926257,0.678587019495145,0.444833531080564,15.413210121747
5.50357142857143,0.633880280435992,0.678568982322531,0.444620777873676,15.4136129345063
5.50367063492063,0.633824806194351,0.67855093005071,0.444408126569016,15.414015695392
5.50376984126984,0.633769338200449,0.678532862688446,0.444195577118463,15.4144184044175
5.50386904761905,0.633713876453399,0.678514780244496,0.443983129473912,15.4148210615961
5.50396825396825,0.633658420952321,0.678496682727613,0.443770783587277,15.4152236669414
5.50406746031746,0.633602971696335,0.678478570146547,0.443558539410487,15.4156262204667
5.50416666666667,0.633547528684564,0.678460442510044,0.443346396895494,15.4160287221853
5.50426587301587,0.633492091916133,0.678442299826845,0.44313435599426,15.4164311721108
5.50436507936508,0.63343666139017,0.678424142105687,0.442922416658769,15.4168335702564
5.50446428571429,0.633381237105807,0.678405969355303,0.442710578841019,15.4172359166356
5.50456349206349,0.633325819062176,0.678387781584422,0.442498842493028,15.4176382112617
5.5046626984127,0.633270407258413,0.678369578801768,0.442287207566829,15.4180404541482
5.5047619047619,0.633215001693656,0.678351361016061,0.442075674014475,15.4184426453083
5.50486111111111,0.633159602367047,0.678333128236019,0.441864241788032,15.4188447847554
5.50496031746032,0.633104209277728,0.678314880470352,0.441652910839587,15.419246872503
5.50505952380952,0.633048822424845,0.67829661772777,0.441441681121244,15.4196489085643
5.50515873015873,0.632993441807548,0.678278340016975,0.441230552585122,15.4200508929527
5.50525793650794,0.632938067424986,0.678260047346668,0.441019525183359,15.4204528256815
5.50535714285714,0.632882699276315,0.678241739725543,0.44080859886811,15.4208547067641
5.50545634920635,0.632827337360688,0.678223417162293,0.440597773591546,15.4212565362138
5.50555555555556,0.632771981677266,0.678205079665603,0.440387049305854,15.4216583140439
5.50565476190476,0.63271663222521,0.678186727244158,0.440176425963246,15.4220600402677
5.50575396825397,0.632661289003682,0.678168359906636,0.439965903515941,15.4224617148987
5.50585317460317,0.63260595201185,0.678149977661711,0.439755481916182,15.42286333795
5.50595238095238,0.632550621248883,0.678131580518055,0.439545161116225,15.4232649094349
5.50605158730159,0.632495296713951,0.678113168484333,0.439334941068348,15.4236664293669
5.50615079365079,0.632439978406229,0.678094741569207,0.439124821724841,15.4240678977591
5.50625,0.632384666324892,0.678076299781336,0.438914803038015,15.4244693146249
5.50634920634921,0.632329360469121,0.678057843129373,0.438704884960197,15.4248706799776
5.50644841269841,0.632274060838096,0.678039371621968,0.438495067443729,15.4252719938303
5.50654761904762,0.632218767431002,0.678020885267766,0.438285350440976,15.4256732561965
5.50664682539683,0.632163480247026,0.678002384075409,0.438075733904315,15.4260744670893
5.50674603174603,0.632108199285355,0.677983868053534,0.437866217786142,15.4264756265221
5.50684523809524,0.632052924545183,0.677965337210774,0.43765680203887,15.4268767345081
5.50694444444444,0.631997656025704,0.677946791555758,0.437447486614929,15.4272777910605
5.50704365079365,0.631942393726113,0.677928231097109,0.437238271466765,15.4276787961926
5.50714285714286,0.631887137645611,0.67790965584345,0.437029156546847,15.4280797499177
5.50724206349206,0.6318318877834,0.677891065803396,0.436820141807654,15.4284806522489
5.50734126984127,0.631776644138684,0.677872460985559,0.436611227201687,15.4288815031996
5.50744047619048,0.63172140671067,0.677853841398548,0.436402412681461,15.4292823027829
5.50753968253968,0.631666175498567,0.677835207050966,0.43619369819951,15.429683051012
5.50763888888889,0.631610950501588,0.677816557951413,0.435985083708385,15.4300837479003
5.50773809523809,0.631555731718947,0.677797894108484,0.435776569160655,15.4304843934608
5.5078373015873,0.631500519149861,0.677779215530771,0.435568154508904,15.4308849877069
5.50793650793651,0.63144531279355,0.677760522226861,0.435359839705734,15.4312855306516
5.50803571428571,0.631390112649237,0.677741814205337,0.435151624703768,15.4316860223083
5.50813492063492,0.631334918716146,0.677723091474778,0.434943509455642,15.4320864626901
5.50823412698413,0.631279730993504,0.677704354043758,0.434735493914009,15.4324868518101
5.50833333333333,0.631224549480542,0.677685601920849,0.434527578031542,15.4328871896816
5.50843253968254,0.631169374176492,0.677666835114616,0.434319761760928,15.4332874763178
5.50853174603175,0.631114205080587,0.677648053633621,0.434112045054874,15.4336877117318
5.50863095238095,0.631059042192068,0.677629257486424,0.433904427866104,15.4340878959367
5.50873015873016,0.631003885510173,0.677610446681577,0.433696910147358,15.4344880289458
5.50882936507937,0.630948735034145,0.67759162122763,0.433489491851394,15.4348881107723
5.50892857142857,0.630893590763229,0.677572781133129,0.433282172930986,15.4352881414291
5.50902777777778,0.630838452696672,0.677553926406615,0.433074953338927,15.4356881209296
5.50912698412698,0.630783320833726,0.677535057056627,0.432867833028025,15.4360880492868
5.50922619047619,0.630728195173643,0.677516173091695,0.432660811951109,15.4364879265139
5.5093253968254,0.630673075715678,0.67749727452035,0.432453890061022,15.436887752624
5.5094246031746,0.630617962459088,0.677478361351116,0.432247067310622,15.4372875276303
5.50952380952381,0.630562855403136,0.677459433592514,0.432040343652793,15.4376872515458
5.50962301587302,0.630507754547082,0.67744049125306,0.431833719040426,15.4380869243836
5.50972222222222,0.630452659890194,0.677421534341267,0.431627193426437,15.438486546157
5.50982142857143,0.630397571431739,0.677402562865642,0.431420766763753,15.4388861168789
5.50992063492063,0.630342489170987,0.677383576834689,0.431214439005323,15.4392856365626
5.51001984126984,0.630287413107212,0.677364576256909,0.43100821010411,15.439685105221
5.51011904761905,0.63023234323969,0.677345561140796,0.430802080013099,15.4400845228673
5.51021825396825,0.630177279567698,0.677326531494843,0.430596048685286,15.4404838895145
5.51031746031746,0.630122222090517,0.677307487327536,0.430390116073688,15.4408832051758
5.51041666666667,0.630067170807432,0.677288428647359,0.430184282131338,15.4412824698642
5.51051587301587,0.630012125717727,0.67726935546279,0.429978546811288,15.4416816835928
5.51061507936508,0.629957086820691,0.677250267782304,0.429772910066604,15.4420808463746
5.51071428571429,0.629902054115615,0.677231165614373,0.429567371850373,15.4424799582228
5.51081349206349,0.629847027601793,0.677212048967461,0.429361932115695,15.4428790191503
5.5109126984127,0.629792007278519,0.677192917850033,0.42915659081569,15.4432780291702
5.51101190476191,0.629736993145094,0.677173772270545,0.428951347903497,15.4436769882956
5.51111111111111,0.629681985200819,0.677154612237451,0.428746203332269,15.4440758965395
5.51121031746032,0.629626983444996,0.677135437759202,0.428541157055176,15.4444747539149
5.51130952380952,0.629571987876933,0.677116248844244,0.428336209025408,15.4448735604348
5.51140873015873,0.629516998495937,0.677097045501017,0.42813135919617,15.4452723161124
5.51150793650794,0.629462015301321,0.677077827737958,0.427926607520683,15.4456710209605
5.51160714285714,0.629407038292397,0.677058595563502,0.427721953952191,15.4460696749923
5.51170634920635,0.629352067468484,0.677039348986076,0.42751739844395,15.4464682782207
5.51180555555556,0.629297102828898,0.677020088014107,0.427312940949233,15.4468668306587
5.51190476190476,0.629242144372963,0.677000812656014,0.427108581421334,15.4472653323193
5.51200396825397,0.629187192100001,0.676981522920214,0.426904319813561,15.4476637832155
5.51210317460317,0.62913224600934,0.676962218815118,0.42670015607924,15.4480621833604
5.51220238095238,0.629077306100309,0.676942900349137,0.426496090171715,15.4484605327668
5.51230158730159,0.629022372372239,0.676923567530673,0.426292122044347,15.4488588314478
5.51240079365079,0.628967444824464,0.676904220368125,0.426088251650512,15.4492570794163
5.5125,0.628912523456322,0.676884858869891,0.425884478943608,15.4496552766853
5.51259920634921,0.628857608267151,0.676865483044361,0.425680803877047,15.4500534232678
5.51269841269841,0.628802699256294,0.676846092899923,0.425477226404258,15.4504515191767
5.51279761904762,0.628747796423094,0.67682668844496,0.425273746478688,15.450849564425
5.51289682539683,0.628692899766899,0.676807269687851,0.425070364053801,15.4512475590256
5.51299603174603,0.628638009287058,0.67678783663697,0.424867079083077,15.4516455029915
5.51309523809524,0.628583124982924,0.676768389300688,0.424663891520018,15.4520433963355
5.51319444444444,0.62852824685385,0.676748927687373,0.424460801318138,15.4524412390707
5.51329365079365,0.628473374899194,0.676729451805386,0.42425780843097,15.45283903121
5.51339285714286,0.628418509118316,0.676709961663085,0.424054912812064,15.4532367727662
5.51349206349206,0.628363649510578,0.676690457268825,0.423852114414988,15.4536344637523
5.51359126984127,0.628308796075344,0.676670938630956,0.423649413193327,15.4540321041813
5.51369047619048,0.628253948811981,0.676651405757822,0.423446809100683,15.4544296940659
5.51378968253968,0.628199107719861,0.676631858657766,0.423244302090675,15.4548272334191
5.51388888888889,0.628144272798354,0.676612297339124,0.423041892116937,15.4552247222539
5.5139880952381,0.628089444046836,0.676592721810231,0.422839579133128,15.4556221605831
5.5140873015873,0.628034621464684,0.676573132079416,0.422637363092915,15.4560195484195
5.51418650793651,0.627979805051279,0.676553528155002,0.422435243949987,15.4564168857761
5.51428571428571,0.627924994806003,0.676533910045311,0.42223322165805,15.4568141726657
5.51438492063492,0.627870190728241,0.67651427775866,0.422031296170825,15.4572114091012
5.51448412698413,0.62781539281738,0.67649463130336,0.421829467442053,15.4576085950955
5.51458333333333,0.627760601072812,0.67647497068772,0.421627735425492,15.4580057306615
5.51468253968254,0.627705815493928,0.676455295920044,0.421426100074915,15.4584028158119
5.51478174603175,0.627651036080124,0.676435607008633,0.421224561344114,15.4587998505597
5.51488095238095,0.627596262830797,0.676415903961781,0.421023119186897,15.4591968349176
5.51498015873016,0.627541495745349,0.67639618678778,0.420821773557091,15.4595937688986
5.51507936507937,0.627486734823181,0.676376455494918,0.420620524408539,15.4599906525154
5.51517857142857,0.6274319800637,0.676356710091478,0.420419371695102,15.4603874857809
5.51527777777778,0.627377231466313,0.676336950585738,0.420218315370656,15.4607842687079
5.51537698412698,0.627322489030431,0.676317176985975,0.420017355389095,15.4611810013092
5.51547619047619,0.627267752755468,0.676297389300458,0.419816491704335,15.4615776835977
5.5155753968254,0.627213022640837,0.676277587537455,0.419615724270303,15.4619743155861
5.5156746031746,0.627158298685959,0.676257771705227,0.419415053040947,15.4623708972872
5.51577380952381,0.627103580890253,0.676237941812034,0.419214477970229,15.4627674287139
5.51587301587302,0.627048869253144,0.676218097866128,0.419013999012131,15.463163909879
5.51597222222222,0.626994163774055,0.67619823987576,0.418813616120649,15.4635603407951
5.51607142857143,0.626939464452416,0.676178367849176,0.418613329249803,15.4639567214752
5.51617063492063,0.626884771287659,0.676158481794617,0.418413138353623,15.464353051932
5.51626984126984,0.626830084279216,0.676138581720322,0.418213043386159,15.4647493321782
5.51636904761905,0.626775403426523,0.676118667634522,0.418013044301479,15.4651455622267
5.51646825396825,0.626720728729019,0.676098739545447,0.417813141053667,15.4655417420902
5.51656746031746,0.626666060186145,0.676078797461323,0.417613333596825,15.4659378717814
5.51666666666667,0.626611397797344,0.67605884139037,0.417413621885071,15.4663339513131
5.51676587301587,0.626556741562063,0.676038871340804,0.417214005872542,15.4667299806981
5.51686507936508,0.62650209147975,0.676018887320838,0.417014485513389,15.467125959949
5.51696428571429,0.626447447549858,0.67599888933868,0.416815060761787,15.4675218890787
5.51706349206349,0.626392809771838,0.675978877402535,0.416615731571921,15.4679177680998
5.5171626984127,0.626338178145148,0.675958851520603,0.416416497897997,15.4683135970251
5.5172619047619,0.626283552669248,0.675938811701078,0.416217359694237,15.4687093758674
5.51736111111111,0.626228933343597,0.675918757952154,0.416018316914879,15.4691051046392
5.51746031746032,0.62617432016766,0.675898690282017,0.415819369514181,15.4695007833534
5.51755952380952,0.626119713140903,0.67587860869885,0.415620517446418,15.4698964120226
5.51765873015873,0.626065112262797,0.675858513210834,0.41542176066588,15.4702919906596
5.51775793650794,0.626010517532811,0.675838403826142,0.415223099126876,15.470687519277
5.51785714285714,0.625955928950422,0.675818280552946,0.415024532783732,15.4710829978875
5.51795634920635,0.625901346515104,0.675798143399413,0.414826061590789,15.4714784265039
5.51805555555556,0.625846770226337,0.675777992373704,0.414627685502409,15.4718738051387
5.51815476190476,0.625792200083604,0.675757827483978,0.414429404472969,15.4722691338047
5.51825396825397,0.625737636086388,0.67573764873839,0.414231218456863,15.4726644125146
5.51835317460317,0.625683078234176,0.675717456145088,0.414033127408501,15.4730596412809
5.51845238095238,0.625628526526459,0.675697249712221,0.413835131282316,15.4734548201164
5.51855158730159,0.625573980962727,0.675677029447928,0.413637230032753,15.4738499490338
5.51865079365079,0.625519441542475,0.675656795360347,0.413439423614274,15.4742450280456
5.51875,0.6254649082652,0.675636547457612,0.413241711981362,15.4746400571645
5.51884920634921,0.625410381130403,0.675616285747852,0.413044095088512,15.4750350364031
5.51894841269841,0.625355860137584,0.675596010239192,0.412846572890241,15.4754299657742
5.51904761904762,0.625301345286249,0.675575720939753,0.412649145341082,15.4758248452902
5.51914682539683,0.625246836575905,0.675555417857651,0.412451812395583,15.4762196749639
5.51924603174603,0.625192334006062,0.675535101001,0.412254574008313,15.4766144548079
5.51934523809524,0.625137837576231,0.675514770377907,0.412057430133854,15.4770091848347
5.51944444444444,0.625083347285929,0.675494425996476,0.411860380726809,15.4774038650571
5.51954365079365,0.625028863134672,0.675474067864808,0.411663425741796,15.4777984954875
5.51964285714286,0.62497438512198,0.675453695990999,0.41146656513345,15.4781930761386
5.51974206349206,0.624919913247376,0.67543331038314,0.411269798856424,15.4785876070229
5.51984126984127,0.624865447510385,0.675412911049318,0.411073126865389,15.4789820881531
5.51994047619048,0.624810987910534,0.675392497997618,0.410876549115033,15.4793765195418
5.52003968253968,0.624756534447353,0.675372071236119,0.41068006556006,15.4797709012015
5.52013888888889,0.624702087120376,0.675351630772895,0.410483676155192,15.4801652331448
5.52023809523809,0.624647645929137,0.675331176616017,0.410287380855169,15.4805595153843
5.5203373015873,0.624593210873175,0.675310708773552,0.410091179614747,15.4809537479325
5.52043650793651,0.624538781952028,0.675290227253563,0.409895072388697,15.481347930802
5.52053571428571,0.624484359165241,0.675269732064109,0.409699059131814,15.4817420640053
5.52063492063492,0.624429942512359,0.675249223213242,0.409503139798904,15.482136147555
5.52073412698413,0.62437553199293,0.675228700709014,0.409307314344793,15.4825301814636
5.52083333333333,0.624321127606503,0.675208164559471,0.409111582724323,15.4829241657437
5.52093253968254,0.624266729352633,0.675187614772653,0.408915944892354,15.4833181004078
5.52103174603175,0.624212337230874,0.675167051356599,0.408720400803764,15.4837119854685
5.52113095238095,0.624157951240786,0.675146474319343,0.408524950413445,15.4841058209381
5.52123015873016,0.624103571381928,0.675125883668912,0.40832959367631,15.4844996068294
5.52132936507937,0.624049197653863,0.675105279413333,0.408134330547287,15.4848933431547
5.52142857142857,0.623994830056158,0.675084661560627,0.407939160981323,15.4852870299265
5.52152777777778,0.623940468588381,0.67506403011881,0.407744084933381,15.4856806671575
5.52162698412698,0.623886113250102,0.675043385095895,0.407549102358442,15.4860742548601
5.52172619047619,0.623831764040895,0.675022726499889,0.407354213211501,15.4864677930467
5.5218253968254,0.623777420960337,0.675002054338799,0.407159417447576,15.4868612817298
5.5219246031746,0.623723084008004,0.674981368620623,0.406964715021695,15.487254720922
5.52202380952381,0.623668753183479,0.674960669353357,0.406770105888912,15.4876481106357
5.52212301587302,0.623614428486345,0.674939956544994,0.406575590004292,15.4880414508834
5.52222222222222,0.623560109916189,0.674919230203521,0.406381167322918,15.4884347416776
5.52232142857143,0.623505797472598,0.674898490336922,0.406186837799891,15.4888279830306
5.52242063492063,0.623451491155163,0.674877736953175,0.40599260139033,15.489221174955
5.52251984126984,0.62339719096348,0.674856970060256,0.40579845804937,15.4896143174632
5.52261904761905,0.623342896897143,0.674836189666136,0.405604407732164,15.4900074105677
5.52271825396825,0.623288608955753,0.674815395778782,0.405410450393881,15.4904004542808
5.52281746031746,0.623234327138909,0.674794588406156,0.405216585989708,15.4907934486151
5.52291666666667,0.623180051446216,0.674773767556216,0.405022814474852,15.491186393583
5.52301587301587,0.623125781877281,0.674752933236918,0.404829135804533,15.4915792891968
5.52311507936508,0.623071518431713,0.674732085456212,0.404635549933989,15.491972135469
5.52321428571429,0.623017261109122,0.674711224222042,0.404442056818477,15.4923649324121
5.52331349206349,0.622963009909124,0.674690349542352,0.404248656413271,15.4927576800384
5.5234126984127,0.622908764831335,0.674669461425078,0.404055348673659,15.4931503783603
5.52351190476191,0.622854525875373,0.674648559878154,0.403862133554952,15.4935430273902
5.52361111111111,0.622800293040862,0.674627644909511,0.403669011012473,15.4939356271406
5.52371031746032,0.622746066327424,0.674606716527071,0.403475981001565,15.4943281776237
5.52380952380952,0.622691845734687,0.674585774738758,0.403283043477588,15.4947206788521
5.52390873015873,0.622637631262281,0.674564819552487,0.403090198395917,15.495113130838
5.52400793650794,0.622583422909836,0.674543850976172,0.402897445711948,15.4955055335939
5.52410714285714,0.622529220676988,0.67452286901772,0.40270478538109,15.4958978871321
5.52420634920635,0.622475024563374,0.674501873685037,0.402512217358773,15.496290191465
5.52430555555556,0.622420834568632,0.674480864986022,0.402319741600441,15.4966824466049
5.52440476190476,0.622366650692406,0.674459842928571,0.402127358061558,15.4970746525642
5.52450396825397,0.622312472934339,0.674438807520576,0.401935066697605,15.4974668093552
5.52460317460317,0.62225830129408,0.674417758769926,0.401742867464079,15.4978589169903
5.52470238095238,0.622204135771277,0.674396696684503,0.401550760316493,15.4982509754818
5.52480158730159,0.622149976365583,0.674375621272186,0.40135874521038,15.498642984842
5.52490079365079,0.622095823076653,0.674354532540852,0.401166822101287,15.4990349450834
5.525,0.622041675904144,0.674333430498371,0.400974990944783,15.4994268562181
5.52509920634921,0.621987534847716,0.67431231515261,0.400783251696451,15.4998187182585
5.52519841269841,0.621933399907032,0.674291186511431,0.40059160431189,15.500210531217
5.52529761904762,0.621879271081755,0.674270044582694,0.40040004874672,15.5006022951057
5.52539682539683,0.621825148371555,0.674248889374252,0.400208584956575,15.5009940099372
5.52549603174603,0.621771031776101,0.674227720893956,0.400017212897107,15.5013856757235
5.52559523809524,0.621716921295066,0.674206539149652,0.399825932523987,15.5017772924771
5.52569444444444,0.621662816928124,0.674185344149182,0.3996347437929,15.5021688602101
5.52579365079365,0.621608718674953,0.674164135900384,0.39944364665955,15.502560378935
5.52589285714286,0.621554626535235,0.67414291441109,0.399252641079661,15.5029518486639
5.52599206349206,0.621500540508651,0.674121679689131,0.399061727008969,15.5033432694091
5.52609126984127,0.621446460594886,0.674100431742332,0.398870904403232,15.5037346411829
5.52619047619048,0.62139238679363,0.674079170578514,0.398680173218221,15.5041259639976
5.52628968253968,0.621338319104572,0.674057896205493,0.398489533409726,15.5045172378654
5.52638888888889,0.621284257527405,0.674036608631083,0.398298984933555,15.5049084627986
5.5264880952381,0.621230202061824,0.674015307863092,0.398108527745534,15.5052996388094
5.5265873015873,0.621176152707529,0.673993993909325,0.397918161801505,15.50569076591
5.52668650793651,0.621122109464218,0.673972666777581,0.397727887057325,15.5060818441127
5.52678571428571,0.621068072331597,0.673951326475657,0.397537703468871,15.5064728734297
5.52688492063492,0.621014041309369,0.673929973011346,0.397347610992038,15.5068638538733
5.52698412698413,0.620960016397244,0.673908606392433,0.397157609582735,15.5072547854556
5.52708333333333,0.620905997594932,0.673887226626704,0.396967699196892,15.5076456681889
5.52718253968254,0.620851984902147,0.673865833721938,0.396777879790453,15.5080365020853
5.52728174603175,0.620797978318603,0.673844427685909,0.396588151319379,15.5084272871572
5.52738095238095,0.620743977844021,0.67382300852639,0.396398513739653,15.5088180234166
5.52748015873016,0.620689983478121,0.673801576251146,0.396208967007271,15.5092087108758
5.52757936507937,0.620635995220626,0.673780130867941,0.396019511078246,15.509599349547
5.52767857142857,0.620582013071262,0.673758672384534,0.395830145908611,15.5099899394423
5.52777777777778,0.620528037029758,0.673737200808678,0.395640871454413,15.5103804805739
5.52787698412698,0.620474067095845,0.673715716148125,0.395451687671718,15.5107709729541
5.52797619047619,0.620420103269257,0.67369421841062,0.395262594516611,15.5111614165949
5.5280753968254,0.62036614554973,0.673672707603905,0.395073591945191,15.5115518115085
5.5281746031746,0.620312193937003,0.673651183735718,0.394884679913577,15.5119421577072
5.52827380952381,0.620258248430817,0.673629646813793,0.394695858377902,15.5123324552029
5.52837301587302,0.620204309030916,0.67360809684586,0.394507127294319,15.512722704008
5.52847222222222,0.620150375737046,0.673586533839643,0.394318486618997,15.5131129041345
5.52857142857143,0.620096448548956,0.673564957802863,0.394129936308122,15.5135030555946
5.52867063492063,0.620042527466398,0.673543368743238,0.393941476317899,15.5138931584004
5.52876984126984,0.619988612489126,0.67352176666848,0.393753106604547,15.514283212564
5.52886904761905,0.619934703616896,0.673500151586299,0.393564827124306,15.5146732180975
5.52896825396825,0.619880800849468,0.673478523504398,0.393376637833432,15.5150631750131
5.52906746031746,0.619826904186603,0.673456882430479,0.393188538688196,15.515453083323
5.52916666666667,0.619773013628065,0.673435228372236,0.393000529644889,15.515842943039
5.52926587301587,0.619719129173622,0.673413561337363,0.392812610659817,15.5162327541735
5.52936507936508,0.619665250823042,0.673391881333546,0.392624781689305,15.5166225167385
5.52946428571429,0.619611378576097,0.67337018836847,0.392437042689695,15.517012230746
5.52956349206349,0.619557512432563,0.673348482449815,0.392249393617345,15.5174018962083
5.5296626984127,0.619503652392214,0.673326763585255,0.392061834428632,15.5177915131372
5.52976190476191,0.619449798454832,0.673305031782461,0.391874365079949,15.518181081545
5.52986111111111,0.619395950620198,0.673283287049102,0.391686985527706,15.5185706014437
5.52996031746032,0.619342108888097,0.673261529392839,0.391499695728331,15.5189600728453
5.53005952380952,0.619288273258316,0.673239758821331,0.391312495638269,15.5193494957619
5.53015873015873,0.619234443730644,0.673217975342233,0.391125385213983,15.5197388702056
5.53025793650794,0.619180620304874,0.673196178963196,0.390938364411949,15.5201281961885
5.53035714285714,0.6191268029808,0.673174369691864,0.390751433188669,15.5205174737225
5.53045634920635,0.61907299175822,0.673152547535882,0.390564591500653,15.5209067028197
5.53055555555556,0.619019186636934,0.673130712502885,0.390377839304434,15.5212958834922
5.53065476190476,0.618965387616744,0.673108864600509,0.390191176556559,15.5216850157519
5.53075396825397,0.618911594697454,0.673087003836382,0.390004603213595,15.522074099611
5.53085317460318,0.618857807878873,0.67306513021813,0.389818119232122,15.5224631350813
5.53095238095238,0.618804027160811,0.673043243753375,0.389631724568744,15.522852122175
5.53105158730159,0.618750252543079,0.673021344449733,0.389445419180076,15.523241060904
5.53115079365079,0.618696484025493,0.672999432314817,0.389259203022753,15.5236299512804
5.53125,0.618642721607871,0.672977507356235,0.389073076053427,15.5240187933161
5.53134920634921,0.618588965290033,0.672955569581594,0.388887038228766,15.5244075870232
5.53144841269841,0.618535215071802,0.672933618998492,0.388701089505457,15.5247963324136
5.53154761904762,0.618481470953002,0.672911655614526,0.388515229840203,15.5251850294993
5.53164682539682,0.618427732933463,0.672889679437289,0.388329459189726,15.5255736782923
5.53174603174603,0.618374001013013,0.672867690474368,0.38814377751076,15.5259622788046
5.53184523809524,0.618320275191486,0.672845688733346,0.387958184760065,15.5263508310481
5.53194444444444,0.618266555468718,0.672823674221804,0.387772680894411,15.5267393350348
5.53204365079365,0.618212841844546,0.672801646947317,0.387587265870587,15.5271277907767
5.53214285714286,0.618159134318812,0.672779606917456,0.387401939645401,15.5275161982856
5.53224206349206,0.618105432891357,0.672757554139789,0.387216702175677,15.5279045575736
5.53234126984127,0.618051737562028,0.672735488621877,0.387031553418255,15.5282928686527
5.53244047619048,0.617998048330673,0.672713410371281,0.386846493329995,15.5286811315346
5.53253968253968,0.617944365197143,0.672691319395554,0.386661521867772,15.5290693462315
5.53263888888889,0.617890688161291,0.672669215702247,0.386476638988479,15.5294575127551
5.53273809523809,0.617837017222972,0.672647099298906,0.386291844649026,15.5298456311174
5.5328373015873,0.617783352382046,0.672624970193074,0.386107138806342,15.5302337013304
5.53293650793651,0.617729693638373,0.672602828392288,0.385922521417369,15.5306217234059
5.53303571428571,0.617676040991816,0.672580673904082,0.385737992439071,15.5310096973559
5.53313492063492,0.617622394442242,0.672558506735986,0.385553551828425,15.5313976231923
5.53323412698413,0.617568753989518,0.672536326895525,0.385369199542429,15.5317855009269
5.53333333333333,0.617515119633517,0.672514134390221,0.385184935538096,15.5321733305716
5.53343253968254,0.617461491374111,0.67249192922759,0.385000759772458,15.5325611121384
5.53353174603175,0.617407869211177,0.672469711415146,0.384816672202562,15.5329488456391
5.53363095238095,0.617354253144594,0.672447480960398,0.384632672785473,15.5333365310856
5.53373015873016,0.617300643174243,0.672425237870849,0.384448761478274,15.5337241684897
5.53382936507937,0.617247039300007,0.672402982154001,0.384264938238062,15.5341117578634
5.53392857142857,0.617193441521773,0.67238071381735,0.384081203021959,15.5344992992185
5.53402777777778,0.617139849839431,0.672358432868388,0.383897555787096,15.5348867925668
5.53412698412698,0.61708626425287,0.672336139314603,0.383713996490626,15.5352742379202
5.53422619047619,0.617032684761986,0.672313833163479,0.383530525089716,15.5356616352905
5.5343253968254,0.616979111366675,0.672291514422495,0.383347141541552,15.5360489846896
5.5344246031746,0.616925544066836,0.672269183099127,0.383163845803338,15.5364362861294
5.53452380952381,0.61687198286237,0.672246839200847,0.382980637832294,15.5368235396216
5.53462301587302,0.616818427753181,0.672224482735121,0.382797517585657,15.537210745178
5.53472222222222,0.616764878739177,0.672202113709412,0.382614485020682,15.5375979028106
5.53482142857143,0.616711335820267,0.67217973213118,0.382431540094642,15.537985012531
5.53492063492063,0.616657798996362,0.672157338007879,0.382248682764826,15.5383720743512
5.53501984126984,0.616604268267377,0.672134931346959,0.38206591298854,15.5387590882829
5.53511904761905,0.616550743633229,0.672112512155867,0.381883230723107,15.5391460543379
5.53521825396825,0.616497225093837,0.672090080442046,0.381700635925869,15.5395329725281
5.53531746031746,0.616443712649122,0.672067636212932,0.381518128554183,15.5399198428651
5.53541666666667,0.61639020629901,0.67204517947596,0.381335708565427,15.5403066653608
5.53551587301587,0.616336706043428,0.67202271023856,0.381153375916991,15.540693440027
5.53561507936508,0.616283211882305,0.672000228508157,0.380971130566286,15.5410801668754
5.53571428571429,0.616229723815573,0.671977734292173,0.380788972470739,15.5414668459178
5.53581349206349,0.616176241843168,0.671955227598025,0.380606901587794,15.5418534771661
5.5359126984127,0.616122765965026,0.671932708433125,0.380424917874913,15.5422400606318
5.5360119047619,0.616069296181086,0.671910176804883,0.380243021289574,15.5426265963268
5.53611111111111,0.616015832491293,0.671887632720703,0.380061211789274,15.5430130842629
5.53621031746032,0.615962374895588,0.671865076187987,0.379879489331524,15.5433995244517
5.53630952380952,0.615908923393923,0.671842507214129,0.379697853873858,15.543785916905
5.53640873015873,0.615855477986244,0.671819925806523,0.379516305373821,15.5441722616346
5.53650793650794,0.615802038672506,0.671797331972557,0.37933484378898,15.5445585586522
5.53660714285714,0.615748605452663,0.671774725719615,0.379153469076915,15.5449448079695
5.53670634920635,0.615695178326673,0.671752107055075,0.378972181195228,15.5453310095981
5.53680555555556,0.615641757294495,0.671729475986314,0.378790980101531,15.5457171635499
5.53690476190476,0.615588342356093,0.671706832520704,0.378609865753463,15.5461032698366
5.53700396825397,0.615534933511432,0.671684176665611,0.378428838108673,15.5464893284698
5.53710317460317,0.61548153076048,0.671661508428399,0.378247897124829,15.5468753394612
5.53720238095238,0.615428134103207,0.671638827816426,0.378067042759618,15.5472613028225
5.53730158730159,0.615374743539585,0.671616134837047,0.37788627497074,15.5476472185654
5.53740079365079,0.61532135906959,0.671593429497613,0.377705593715917,15.5480330867017
5.5375,0.615267980693201,0.671570711805471,0.377524998952887,15.5484189072429
5.53759920634921,0.615214608410397,0.671547981767961,0.377344490639402,15.5488046802007
5.53769841269841,0.615161242221161,0.671525239392423,0.377164068733234,15.5491904055869
5.53779761904762,0.61510788212548,0.671502484686191,0.376983733192175,15.549576083413
5.53789682539683,0.615054528123341,0.671479717656594,0.376803483974028,15.5499617136908
5.53799603174603,0.615001180214735,0.671456938310958,0.376623321036618,15.5503472964318
5.53809523809524,0.614947838399656,0.671434146656605,0.376443244337785,15.5507328316477
5.53819444444444,0.614894502678098,0.671411342700851,0.376263253835387,15.5511183193502
5.53829365079365,0.614841173050061,0.671388526451009,0.376083349487298,15.5515037595509
5.53839285714286,0.614787849515544,0.671365697914389,0.375903531251412,15.5518891522615
5.53849206349206,0.614734532074553,0.671342857098296,0.375723799085638,15.5522744974935
5.53859126984127,0.614681220727091,0.67132000401003,0.375544152947903,15.5526597952585
5.53869047619048,0.614627915473169,0.671297138656888,0.375364592796151,15.5530450455683
5.53878968253968,0.614574616312797,0.671274261046161,0.375185118588342,15.5534302484343
5.53888888888889,0.614521323245988,0.671251371185138,0.375005730282455,15.5538154038683
5.53898809523809,0.614468036272758,0.671228469081103,0.374826427836487,15.5542005118817
5.5390873015873,0.614414755393127,0.671205554741336,0.374647211208449,15.5545855724863
5.53918650793651,0.614361480607116,0.671182628173112,0.374468080356371,15.5549705856935
5.53928571428571,0.614308211914747,0.671159689383703,0.374289035238303,15.555355551515
5.53938492063492,0.614254949316049,0.671136738380376,0.374110075812308,15.5557404699624
5.53948412698413,0.614201692811048,0.671113775170395,0.373931202036468,15.5561253410472
5.53958333333333,0.614148442399777,0.671090799761018,0.373752413868881,15.5565101647809
5.53968253968254,0.61409519808227,0.6710678121595,0.373573711267665,15.5568949411753
5.53978174603175,0.614041959858563,0.671044812373092,0.373395094190951,15.5572796702417
5.53988095238095,0.613988727728695,0.67102180040904,0.373216562596894,15.5576643519918
5.53998015873016,0.613935501692708,0.670998776274586,0.373038116443658,15.5580489864372
5.54007936507937,0.613882281750646,0.67097573997697,0.37285975568943,15.5584335735893
5.54017857142857,0.613829067902555,0.670952691523424,0.372681480292413,15.5588181134597
5.54027777777778,0.613775860148485,0.670929630921179,0.372503290210825,15.5592026060599
5.54037698412698,0.613722658488487,0.670906558177461,0.372325185402904,15.5595870514015
5.54047619047619,0.613669462922616,0.67088347329949,0.372147165826904,15.559971449496
5.5405753968254,0.613616273450929,0.670860376294484,0.371969231441097,15.5603558003549
5.5406746031746,0.613563090073483,0.670837267169657,0.371791382203768,15.5607401039897
5.54077380952381,0.613509912790343,0.670814145932217,0.371613618073228,15.5611243604119
5.54087301587302,0.613456741601572,0.670791012589369,0.371435939007798,15.561508569633
5.54097222222222,0.613403576507238,0.670767867148315,0.371258344965817,15.5618927316646
5.54107142857143,0.613350417507409,0.670744709616249,0.371080835905645,15.562276846518
5.54117063492063,0.613297264602158,0.670721540000366,0.370903411785654,15.5626609142049
5.54126984126984,0.613244117791559,0.670698358307853,0.370726072564236,15.5630449347367
5.54136904761905,0.61319097707569,0.670675164545893,0.370548818199804,15.5634289081248
5.54146825396825,0.61313784245463,0.670651958721668,0.370371648650781,15.5638128343807
5.54156746031746,0.613084713928463,0.670628740842352,0.370194563875611,15.5641967135159
5.54166666666667,0.613031591497271,0.670605510915118,0.370017563832757,15.5645805455419
5.54176587301587,0.612978475161144,0.670582268947132,0.369840648480695,15.5649643304702
5.54186507936508,0.61292536492017,0.670559014945559,0.36966381777792,15.565348068312
5.54196428571429,0.612872260774442,0.670535748917556,0.369487071682947,15.565731759079
5.54206349206349,0.612819162724055,0.670512470870279,0.369310410154304,15.5661154027826
5.5421626984127,0.612766070769107,0.670489180810878,0.369133833150537,15.5664989994341
5.54226190476191,0.612712984909698,0.6704658787465,0.368957340630213,15.566882549045
5.54236111111111,0.61265990514593,0.670442564684288,0.368780932551913,15.5672660516268
5.54246031746032,0.612606831477909,0.67041923863138,0.368604608874234,15.5676495071909
5.54255952380952,0.612553763905742,0.67039590059491,0.368428369555793,15.5680329157486
5.54265873015873,0.61250070242954,0.670372550582007,0.368252214555224,15.5684162773115
5.54275793650794,0.612447647049415,0.670349188599798,0.368076143831175,15.5687995918908
5.54285714285714,0.612394597765482,0.670325814655404,0.367900157342316,15.569182859498
5.54295634920635,0.612341554577861,0.670302428755942,0.367724255047332,15.5695660801445
5.54305555555556,0.61228851748667,0.670279030908526,0.367548436904924,15.5699492538417
5.54315476190476,0.612235486492033,0.670255621120266,0.367372702873811,15.570332380601
5.54325396825397,0.612182461594076,0.670232199398264,0.367197052912731,15.5707154604337
5.54335317460317,0.612129442792926,0.670208765749624,0.367021486980437,15.5710984933512
5.54345238095238,0.612076430088714,0.67018532018144,0.366846005035699,15.5714814793649
5.54355158730159,0.612023423481574,0.670161862700807,0.366670607037308,15.5718644184861
5.54365079365079,0.611970422971641,0.670138393314811,0.366495292944065,15.5722473107263
5.54375,0.611917428559053,0.670114912030537,0.366320062714798,15.5726301560967
5.54384920634921,0.611864440243951,0.670091418855065,0.366144916308344,15.5730129546088
5.54394841269841,0.611811458026479,0.67006791379547,0.365969853683561,15.5733957062738
5.54404761904762,0.611758481906782,0.670044396858825,0.365794874799323,15.5737784111031
5.54414682539683,0.611705511885008,0.670020868052197,0.365619979614522,15.574161069108
5.54424603174603,0.611652547961309,0.669997327382649,0.365445168088065,15.5745436802999
5.54434523809524,0.611599590135838,0.669973774857241,0.365270440178882,15.57492624469
5.54444444444444,0.611546638408752,0.669950210483026,0.365095795845914,15.5753087622898
5.54454365079365,0.611493692780209,0.669926634267056,0.364921235048121,15.5756912331104
5.54464285714286,0.611440753250369,0.669903046216379,0.364746757744482,15.5760736571633
5.54474206349206,0.611387819819397,0.669879446338035,0.364572363893991,15.5764560344597
5.54484126984127,0.611334892487459,0.669855834639064,0.364398053455662,15.576838365011
5.54494047619048,0.611281971254724,0.669832211126499,0.364223826388523,15.5772206488283
5.54503968253968,0.611229056121363,0.669808575807371,0.36404968265162,15.577602885923
5.54513888888889,0.611176147087549,0.669784928688705,0.363875622204018,15.5779850763065
5.5452380952381,0.61112324415346,0.669761269777523,0.363701645004799,15.5783672199898
5.5453373015873,0.611070347319274,0.669737599080843,0.363527751013061,15.5787493169844
5.54543650793651,0.611017456585173,0.669713916605678,0.363353940187919,15.5791313673015
5.54553571428571,0.610964571951341,0.669690222359037,0.363180212488506,15.5795133709524
5.54563492063492,0.610911693417964,0.669666516347925,0.363006567873972,15.5798953279482
5.54573412698413,0.610858820985231,0.669642798579343,0.362833006303484,15.5802772383004
5.54583333333333,0.610805954653335,0.669619069060287,0.362659527736228,15.58065910202
5.54593253968254,0.610753094422469,0.669595327797751,0.362486132131405,15.5810409191184
5.54603174603175,0.61070024029283,0.669571574798722,0.362312819448234,15.5814226896068
5.54613095238095,0.610647392264618,0.669547810070185,0.362139589645952,15.5818044134964
5.54623015873016,0.610594550338034,0.669524033619119,0.361966442683811,15.5821860907984
5.54632936507937,0.610541714513283,0.669500245452501,0.361793378521082,15.5825677215242
5.54642857142857,0.610488884790572,0.669476445577302,0.361620397117054,15.5829493056848
5.54652777777778,0.61043606117011,0.66945263400049,0.361447498431032,15.5833308432914
5.54662698412698,0.610383243652108,0.669428810729027,0.361274682422336,15.5837123343554
5.54672619047619,0.610330432236783,0.669404975769875,0.36110194905031,15.5840937788879
5.5468253968254,0.610277626924351,0.669381129129986,0.360929298274307,15.5844751769001
5.5469246031746,0.610224827715031,0.669357270816313,0.360756730053704,15.5848565284032
5.54702380952381,0.610172034609046,0.669333400835802,0.36058424434789,15.5852378334083
5.54712301587302,0.61011924760662,0.669309519195395,0.360411841116275,15.5856190919267
5.54722222222222,0.610066466707981,0.669285625902031,0.360239520318282,15.5860003039695
5.54732142857143,0.610013691913359,0.669261720962644,0.360067281913359,15.5863814695478
5.54742063492063,0.609960923222987,0.669237804384164,0.359895125860963,15.586762588673
5.54751984126984,0.609908160637098,0.669213876173518,0.359723052120571,15.587143661356
5.54761904761905,0.60985540415593,0.669189936337626,0.35955106065168,15.5875246876082
5.54771825396825,0.609802653779724,0.669165984883407,0.3593791514138,15.5879056674405
5.54781746031746,0.609749909508723,0.669142021817773,0.359207324366462,15.5882866008642
5.54791666666667,0.60969717134317,0.669118047147635,0.35903557946921,15.5886674878904
5.54801587301587,0.609644439283314,0.669094060879896,0.358863916681609,15.5890483285302
5.54811507936508,0.609591713329405,0.669070063021458,0.358692335963239,15.5894291227948
5.54821428571429,0.609538993481696,0.669046053579219,0.3585208372737,15.5898098706953
5.54831349206349,0.609486279740442,0.669022032560069,0.358349420572606,15.5901905722428
5.5484126984127,0.609433572105901,0.668997999970898,0.35817808581959,15.5905712274484
5.5485119047619,0.609380870578333,0.668973955818591,0.358006832974301,15.5909518363232
5.54861111111111,0.609328175158002,0.668949900110026,0.357835661996407,15.5913323988784
5.54871031746032,0.609275485845171,0.66892583285208,0.35766457284559,15.591712915125
5.54880952380952,0.609222802640111,0.668901754051625,0.357493565481555,15.5920933850741
5.54890873015873,0.609170125543091,0.668877663715529,0.357322639864019,15.5924738087368
5.54900793650794,0.609117454554384,0.668853561850655,0.357151795952717,15.5928541861242
5.54910714285714,0.609064789674267,0.668829448463861,0.356981033707404,15.5932345172473
5.54920634920635,0.609012130903016,0.668805323562004,0.356810353087849,15.5936148021173
5.54930555555556,0.608959478240913,0.668781187151934,0.35663975405384,15.5939950407452
5.54940476190476,0.608906831688242,0.668757039240498,0.356469236565181,15.5943752331421
5.54950396825397,0.608854191245287,0.668732879834539,0.356298800581696,15.594755379319
5.54960317460317,0.608801556912338,0.668708708940894,0.356128446063222,15.5951354792869
5.54970238095238,0.608748928689685,0.668684526566399,0.355958172969618,15.595515533057
5.54980158730159,0.608696306577622,0.668660332717884,0.355787981260757,15.5958955406403
5.54990079365079,0.608643690576444,0.668636127402174,0.355617870896529,15.5962755020477
5.55,0.608591080686451,0.668611910626091,0.355447841836843,15.5966554172904
5.55009920634921,0.608538476907943,0.668587682396453,0.355277894041624,15.5970352863793
5.55019841269841,0.608485879241224,0.668563442720073,0.355108027470814,15.5974151093255
5.55029761904762,0.6084332876866,0.668539191603761,0.354938242084375,15.59779488614
5.55039682539683,0.60838070224438,0.668514929054322,0.354768537842283,15.5981746168338
5.55049603174603,0.608328122914875,0.668490655078557,0.354598914704533,15.5985543014179
5.55059523809524,0.6082755496984,0.668466369683263,0.354429372631136,15.5989339399033
5.55069444444444,0.608222982595269,0.668442072875231,0.35425991158212,15.599313532301
5.55079365079365,0.608170421605803,0.668417764661252,0.354090531517533,15.5996930786221
5.55089285714286,0.608117866730322,0.668393445048108,0.353921232397437,15.6000725788774
5.55099206349206,0.608065317969151,0.668369114042581,0.353752014181913,15.6004520330779
5.55109126984127,0.608012775322616,0.668344771651447,0.353582876831057,15.6008314412347
5.55119047619048,0.607960238791046,0.668320417881476,0.353413820304987,15.6012108033587
5.55128968253968,0.607907708374774,0.668296052739437,0.353244844563834,15.6015901194609
5.55138888888889,0.607855184074132,0.668271676232094,0.353075949567747,15.6019693895522
5.55148809523809,0.607802665889458,0.668247288366205,0.352907135276893,15.6023486136435
5.5515873015873,0.607750153821091,0.668222889148526,0.352738401651456,15.6027277917459
5.55168650793651,0.607697647869372,0.668198478585808,0.352569748651636,15.6031069238703
5.55178571428571,0.607645148034647,0.668174056684797,0.352401176237653,15.6034860100276
5.55188492063492,0.607592654317262,0.668149623452237,0.352232684369743,15.6038650502287
5.55198412698413,0.607540166717567,0.668125178894866,0.352064273008157,15.6042440444847
5.55208333333333,0.607487685235912,0.668100723019419,0.351895942113166,15.6046229928063
5.55218253968254,0.607435209872654,0.668076255832625,0.351727691645058,15.6050018952045
5.55228174603175,0.607382740628149,0.66805177734121,0.351559521564136,15.6053807516903
5.55238095238095,0.607330277502756,0.668027287551897,0.351391431830723,15.6057595622745
5.55248015873016,0.607277820496839,0.668002786471403,0.351223422405157,15.6061383269681
5.55257936507937,0.60722536961076,0.667978274106442,0.351055493247794,15.6065170457819
5.55267857142857,0.607172924844888,0.667953750463723,0.350887644319008,15.6068957187268
5.55277777777778,0.607120486199593,0.667929215549951,0.350719875579191,15.6072743458137
5.55287698412698,0.607068053675247,0.667904669371828,0.35055218698875,15.6076529270536
5.55297619047619,0.607015627272224,0.66788011193605,0.350384578508109,15.6080314624572
5.5530753968254,0.606963206990903,0.66785554324931,0.350217050097712,15.6084099520355
5.5531746031746,0.606910792831662,0.667830963318296,0.350049601718016,15.6087883957994
5.55327380952381,0.606858384794885,0.667806372149694,0.349882233329502,15.6091667937596
5.55337301587302,0.606805982880957,0.667781769750182,0.349714944892661,15.609545145927
5.55347222222222,0.606753587090265,0.667757156126438,0.349547736368005,15.6099234523125
5.55357142857143,0.6067011974232,0.667732531285133,0.349380607716062,15.610301712927
5.55367063492063,0.606648813880154,0.667707895232936,0.349213558897379,15.6106799277813
5.55376984126984,0.606596436461522,0.667683247976508,0.349046589872519,15.6110580968861
5.55386904761905,0.606544065167701,0.667658589522511,0.34887970060206,15.6114362202525
5.55396825396825,0.606491699999094,0.667633919877599,0.348712891046602,15.6118142978911
5.55406746031746,0.606439340956101,0.667609239048423,0.348546161166757,15.6121923298128
5.55416666666667,0.60638698803913,0.66758454704163,0.34837951092316,15.6125703160284
5.55426587301587,0.606334641248587,0.667559843863864,0.348212940276458,15.6129482565487
5.55436507936508,0.606282300584883,0.667535129521762,0.348046449187318,15.6133261513846
5.55446428571429,0.606229966048431,0.667510404021959,0.347880037616424,15.6137040005468
5.55456349206349,0.606177637639647,0.667485667371085,0.347713705524477,15.6140818040461
5.5546626984127,0.606125315358949,0.667460919575767,0.347547452872192,15.6144595618933
5.55476190476191,0.606072999206757,0.667436160642626,0.347381279620309,15.6148372740992
5.55486111111111,0.606020689183496,0.667411390578281,0.347215185729578,15.6152149406747
5.55496031746032,0.60596838528959,0.667386609389344,0.347049171160768,15.6155925616303
5.55505952380952,0.605916087525467,0.667361817082425,0.346883235874668,15.615970136977
5.55515873015873,0.60586379589156,0.66733701366413,0.346717379832081,15.6163476667255
5.55525793650794,0.6058115103883,0.66731219914106,0.346551602993829,15.6167251508866
5.55535714285714,0.605759231016125,0.667287373519812,0.34638590532075,15.6171025894709
5.55545634920635,0.605706957775472,0.667262536806977,0.3462202867737,15.6174799824893
5.55555555555556,0.605654690666783,0.667237689009146,0.346054747313551,15.6178573299525
5.55565476190476,0.6056024296905,0.667212830132903,0.345889286901195,15.6182346318712
5.55575396825397,0.605550174847072,0.667187960184827,0.345723905497541,15.6186118882563
5.55585317460317,0.605497926136945,0.667163079171495,0.345558603063511,15.6189890991183
5.55595238095238,0.605445683560571,0.66713818709948,0.345393379560048,15.619366264468
5.55605158730159,0.605393447118404,0.667113283975348,0.345228234948112,15.6197433843162
5.55615079365079,0.6053412168109,0.667088369805664,0.345063169188677,15.6201204586735
5.55625,0.605288992638518,0.667063444596986,0.34489818224274,15.6204974875507
5.55634920634921,0.60523677460172,0.667038508355871,0.344733274071311,15.6208744709585
5.55644841269841,0.605184562700969,0.66701356108887,0.344568444635417,15.6212514089076
5.55654761904762,0.605132356936732,0.666988602802529,0.344403693896104,15.6216283014086
5.55664682539683,0.605080157309477,0.666963633503391,0.344239021814436,15.6220051484722
5.55674603174603,0.605027963819677,0.666938653197995,0.344074428351491,15.6223819501092
5.55684523809524,0.604975776467806,0.666913661892876,0.343909913468366,15.6227587063302
5.55694444444444,0.60492359525434,0.666888659594564,0.343745477126177,15.6231354171459
5.55704365079365,0.604871420179757,0.666863646309585,0.343581119286054,15.6235120825669
5.55714285714286,0.604819251244542,0.66683862204446,0.343416839909148,15.6238887026039
5.55724206349206,0.604767088449176,0.666813586805709,0.343252638956622,15.6242652772676
5.55734126984127,0.604714931794148,0.666788540599844,0.343088516389662,15.6246418065687
5.55744047619048,0.604662781279947,0.666763483433376,0.342924472169467,15.6250182905177
5.55753968253968,0.604610636907064,0.666738415312809,0.342760506257256,15.6253947291253
5.55763888888889,0.604558498675993,0.666713336244644,0.342596618614261,15.6257711224021
5.5577380952381,0.604506366587233,0.66668824623538,0.342432809201737,15.6261474703589
5.5578373015873,0.604454240641282,0.666663145291508,0.342269077980953,15.6265237730061
5.55793650793651,0.604402120838643,0.666638033419517,0.342105424913196,15.6269000303545
5.55803571428571,0.60435000717982,0.666612910625893,0.341941849959768,15.6272762424146
5.55813492063492,0.604297899665321,0.666587776917114,0.341778353081992,15.627652409197
5.55823412698413,0.604245798295655,0.666562632299659,0.341614934241205,15.6280285307124
5.55833333333333,0.604193703071335,0.666537476779997,0.341451593398764,15.6284046069714
5.55843253968254,0.604141613992874,0.666512310364598,0.34128833051604,15.6287806379845
5.55853174603175,0.604089531060791,0.666487133059926,0.341125145554424,15.6291566237624
5.55863095238095,0.604037454275606,0.666461944872439,0.340962038475324,15.6295325643156
5.55873015873016,0.603985383637841,0.666436745808593,0.340799009240164,15.6299084596548
5.55882936507937,0.603933319148021,0.66641153587484,0.340636057810385,15.6302843097904
5.55892857142857,0.603881260806673,0.666386315077626,0.340473184147446,15.6306601147331
5.55902777777778,0.603829208614328,0.666361083423394,0.340310388212824,15.6310358744934
5.55912698412698,0.603777162571518,0.666335840918584,0.340147669968011,15.6314115890818
5.55922619047619,0.603725122678779,0.666310587569629,0.33998502937452,15.6317872585091
5.5593253968254,0.603673088936648,0.66628532338296,0.339822466393877,15.6321628827856
5.5594246031746,0.603621061345665,0.666260048365004,0.339659980987628,15.6325384619219
5.55952380952381,0.603569039906373,0.666234762522182,0.339497573117334,15.6329139959286
5.55962301587302,0.603517024619318,0.666209465860913,0.339335242744577,15.6332894848162
5.55972222222222,0.603465015485047,0.66618415838761,0.339172989830951,15.6336649285953
5.55982142857143,0.603413012504112,0.666158840108683,0.339010814338072,15.6340403272763
5.55992063492063,0.603361015677064,0.666133511030537,0.33884871622757,15.6344156808698
5.56001984126984,0.603309025004459,0.666108171159573,0.338686695461094,15.6347909893863
5.56011904761905,0.603257040486857,0.666082820502189,0.33852475200031,15.6351662528363
5.56021825396825,0.603205062124816,0.666057459064777,0.338362885806901,15.6355414712303
5.56031746031746,0.6031530899189,0.666032086853727,0.338201096842567,15.6359166445788
5.56041666666667,0.603101123869676,0.666006703875423,0.338039385069025,15.6362917728922
5.56051587301587,0.603049163977711,0.665981310136245,0.337877750448009,15.6366668561812
5.56061507936508,0.602997210243575,0.66595590564257,0.337716192941272,15.6370418944562
5.56071428571429,0.602945262667843,0.66593049040077,0.337554712510584,15.6374168877276
5.56081349206349,0.602893321251091,0.665905064417212,0.337393309117729,15.6377918360059
5.5609126984127,0.602841385993896,0.665879627698262,0.337231982724512,15.6381667393016
5.56101190476191,0.602789456896839,0.665854180250277,0.337070733292754,15.6385415976251
5.56111111111111,0.602737533960505,0.665828722079614,0.336909560784293,15.6389164109869
5.56121031746032,0.602685617185479,0.665803253192625,0.336748465160983,15.6392911793976
5.56130952380952,0.60263370657235,0.665777773595655,0.336587446384697,15.6396659028674
5.56140873015873,0.602581802121709,0.665752283295049,0.336426504417326,15.6400405814068
5.56150793650794,0.602529903834149,0.665726782297144,0.336265639220774,15.6404152150264
5.56160714285714,0.602478011710268,0.665701270608276,0.336104850756968,15.6407898037364
5.56170634920635,0.602426125750663,0.665675748234776,0.335944138987848,15.6411643475474
5.56180555555556,0.602374245955936,0.665650215182968,0.335783503875374,15.6415388464698
5.56190476190476,0.602322372326692,0.665624671459177,0.335622945381521,15.641913300514
5.56200396825397,0.602270504863535,0.665599117069719,0.335462463468281,15.6422877096903
5.56210317460318,0.602218643567076,0.665573552020908,0.335302058097665,15.6426620740093
5.56220238095238,0.602166788437925,0.665547976319055,0.335141729231701,15.6430363934812
5.56230158730159,0.602114939476698,0.665522389970464,0.334981476832435,15.6434106681166
5.56240079365079,0.60206309668401,0.665496792981438,0.334821300861927,15.6437848979257
5.5625,0.60201126006048,0.665471185358272,0.334661201282256,15.644159082919
5.56259920634921,0.601959429606731,0.665445567107261,0.33450117805552,15.6445332231069
5.56269841269841,0.601907605323386,0.665419938234693,0.334341231143832,15.6449073184997
5.56279761904762,0.601855787211073,0.665394298746853,0.334181360509324,15.6452813691077
5.56289682539682,0.60180397527042,0.665368648650021,0.334021566114141,15.6456553749415
5.56299603174603,0.601752169502059,0.665342987950473,0.333861847920451,15.6460293360113
5.56309523809524,0.601700369906626,0.665317316654483,0.333702205890436,15.6464032523274
5.56319444444444,0.601648576484756,0.665291634768317,0.333542639986297,15.6467771239003
5.56329365079365,0.60159678923709,0.66526594229824,0.33338315017025,15.6471509507403
5.56339285714286,0.601545008164268,0.665240239250512,0.333223736404528,15.6475247328577
5.56349206349206,0.601493233266937,0.665214525631387,0.333064398651385,15.6478984702628
5.56359126984127,0.601441464545743,0.665188801447118,0.332905136873087,15.648272162966
5.56369047619048,0.601389702001335,0.665163066703952,0.332745951031923,15.6486458109777
5.56378968253968,0.601337945634367,0.665137321408131,0.332586841090195,15.649019414308
5.56388888888889,0.601286195445492,0.665111565565895,0.332427807010223,15.6493929729674
5.56398809523809,0.601234451435368,0.665085799183479,0.332268848754345,15.6497664869661
5.5640873015873,0.601182713604656,0.665060022267112,0.332109966284916,15.6501399563145
5.56418650793651,0.601130981954016,0.665034234823021,0.331951159564308,15.6505133810228
5.56428571428571,0.601079256484115,0.665008436857429,0.331792428554911,15.6508867611013
5.56438492063492,0.601027537195619,0.664982628376554,0.33163377321913,15.6512600965604
5.56448412698413,0.600975824089198,0.664956809386609,0.331475193519389,15.6516333874103
5.56458333333333,0.600924117165527,0.664930979893804,0.331316689418132,15.6520066336613
5.56468253968254,0.600872416425278,0.664905139904345,0.331158260877814,15.6523798353237
5.56478174603175,0.600820721869131,0.664879289424434,0.330999907860912,15.6527529924077
5.56488095238095,0.600769033497765,0.664853428460267,0.330841630329919,15.6531261049236
5.56498015873016,0.600717351311863,0.664827557018037,0.330683428247344,15.6534991728816
5.56507936507937,0.60066567531211,0.664801675103934,0.330525301575714,15.6538721962921
5.56517857142857,0.600614005499194,0.664775782724143,0.330367250277575,15.6542451751652
5.56527777777778,0.600562341873806,0.664749879884843,0.330209274315489,15.6546181095111
5.56537698412698,0.600510684436639,0.664723966592212,0.330051373652032,15.6549909993403
5.56547619047619,0.600459033188387,0.664698042852421,0.329893548249803,15.6553638446628
5.5655753968254,0.600407388129749,0.664672108671639,0.329735798071414,15.6557366454889
5.5656746031746,0.600355749261426,0.66464616405603,0.329578123079496,15.6561094018288
5.56577380952381,0.600304116584121,0.664620209011753,0.329420523236697,15.6564821136927
5.56587301587302,0.600252490098538,0.664594243544965,0.329262998505681,15.6568547810909
5.56597222222222,0.600200869805387,0.664568267661815,0.32910554884913,15.6572274040335
5.56607142857143,0.600149255705379,0.664542281368453,0.328948174229746,15.6575999825308
5.56617063492063,0.600097647799225,0.66451628467102,0.328790874610244,15.6579725165929
5.56626984126984,0.600046046087644,0.664490277575657,0.328633649953359,15.65834500623
5.56636904761905,0.599994450571351,0.664464260088497,0.328476500221841,15.6587174514524
5.56646825396825,0.59994286125107,0.664438232215672,0.328319425378459,15.6590898522702
5.56656746031746,0.599891278127522,0.664412193963307,0.328162425385997,15.6594622086936
5.56666666666667,0.599839701201434,0.664386145337526,0.328005500207262,15.6598345207327
5.56676587301587,0.599788130473536,0.664360086344446,0.32784864980507,15.6602067883977
5.56686507936508,0.599736565944557,0.664334016990181,0.327691874142261,15.6605790116989
5.56696428571429,0.599685007615231,0.664307937280841,0.327535173181689,15.6609511906462
5.56706349206349,0.599633455486295,0.664281847222532,0.327378546886224,15.6613233252499
5.5671626984127,0.599581909558487,0.664255746821356,0.327221995218758,15.6616954155202
5.5672619047619,0.599530369832548,0.664229636083409,0.327065518142195,15.6620674614671
5.56736111111111,0.599478836309223,0.664203515014784,0.326909115619459,15.6624394631008
5.56746031746032,0.599427308989257,0.664177383621572,0.326752787613491,15.6628114204315
5.56755952380952,0.5993757878734,0.664151241909856,0.326596534087249,15.6631833334692
5.56765873015873,0.599324272962404,0.664125089885717,0.326440355003709,15.6635552022241
5.56775793650794,0.599272764257021,0.664098927555232,0.326284250325862,15.6639270267063
5.56785714285714,0.599221261758009,0.664072754924473,0.326128220016718,15.6642988069259
5.56795634920635,0.599169765466126,0.664046571999508,0.325972264039305,15.6646705428929
5.56805555555556,0.599118275382135,0.664020378786402,0.325816382356665,15.6650422346176
5.56815476190476,0.599066791506799,0.663994175291214,0.325660574931862,15.66541388211
5.56825396825397,0.599015313840886,0.66396796152,0.325504841727972,15.6657854853802
5.56835317460317,0.598963842385164,0.663941737478811,0.325349182708093,15.6661570444382
5.56845238095238,0.598912377140405,0.663915503173695,0.325193597835338,15.6665285592942
5.56855158730159,0.598860918107384,0.663889258610695,0.325038087072835,15.6669000299582
5.56865079365079,0.598809465286877,0.66386300379585,0.324882650383733,15.6672714564403
5.56875,0.598758018679665,0.663836738735195,0.324727287731197,15.6676428387506
5.56884920634921,0.598706578286528,0.66381046343476,0.324571999078409,15.668014176899
5.56894841269841,0.598655144108251,0.663784177900573,0.324416784388566,15.6683854708957
5.56904761904762,0.598603716145622,0.663757882138655,0.324261643624887,15.6687567207508
5.56914682539683,0.59855229439943,0.663731576155025,0.324106576750606,15.6691279264741
5.56924603174603,0.598500878870468,0.663705259955696,0.323951583728972,15.6694990880759
5.56934523809524,0.59844946955953,0.66367893354668,0.323796664523254,15.6698702055661
5.56944444444444,0.598398066467412,0.66365259693398,0.323641819096737,15.6702412789548
5.56954365079365,0.598346669543305,0.663626250143139,0.323487047418503,15.6706123082713
5.56964285714286,0.598295278577978,0.663599893259425,0.323332349476714,15.6709832936044
5.56974206349206,0.598243893547933,0.663573526297484,0.323177725240403,15.6713542349726
5.56984126984127,0.598192514451793,0.663547149263567,0.32302317467622,15.6717251323859
5.56994047619048,0.598141141288178,0.663520762163927,0.322868697750824,15.6720959858546
5.57003968253968,0.598089774055711,0.663494365004813,0.322714294430887,15.6724667953886
5.57013888888889,0.598038412753015,0.663467957792471,0.322559964683088,15.6728375609982
5.57023809523809,0.597987057378715,0.663441540533146,0.322405708474121,15.6732082826935
5.5703373015873,0.597935707931436,0.663415113233079,0.322251525770687,15.6735789604846
5.57043650793651,0.597884364409803,0.663388675898512,0.322097416539498,15.6739495943815
5.57053571428571,0.597833026812444,0.663362228535681,0.32194338074728,15.6743201843944
5.57063492063492,0.597781695137987,0.663335771150823,0.321789418360766,15.6746907305335
5.57073412698413,0.597730369385059,0.663309303750169,0.321635529346701,15.6750612328087
5.57083333333333,0.597679049552291,0.663282826339951,0.321481713671842,15.6754316912302
5.57093253968254,0.597627735638313,0.663256338926398,0.321327971302953,15.6758021058081
5.57103174603175,0.597576427641755,0.663229841515735,0.321174302206811,15.6761724765525
5.57113095238095,0.597525125561251,0.663203334114188,0.321020706350206,15.6765428034735
5.57123015873016,0.597473829395432,0.663176816727976,0.320867183699934,15.6769130865811
5.57132936507937,0.597422539142933,0.66315028936332,0.320713734222804,15.6772833258855
5.57142857142857,0.597371254802389,0.663123752026437,0.320560357885636,15.6776535213967
5.57152777777778,0.597319976372435,0.663097204723542,0.32040705465526,15.6780236731248
5.57162698412698,0.597268703851708,0.663070647460847,0.320253824498516,15.6783937810799
5.57172619047619,0.597217437238844,0.663044080244562,0.320100667382256,15.6787638452721
5.5718253968254,0.597166176532482,0.663017503080896,0.319947583273342,15.6791338657113
5.5719246031746,0.597114921731261,0.662990915976054,0.319794572138645,15.6795038424078
5.57202380952381,0.597063672833821,0.66296431893624,0.319641633945051,15.6798737753715
5.57212301587302,0.597012429838803,0.662937711967655,0.319488768659452,15.6802436646125
5.57222222222222,0.596961192744849,0.662911095076498,0.319335976248753,15.6806135101409
5.57232142857143,0.5969099615506,0.662884468268965,0.319183256679869,15.6809833119667
5.57242063492063,0.596858736254701,0.662857831551251,0.319030609919726,15.6813530701
5.57251984126984,0.596807516855795,0.662831184929547,0.318878035935259,15.6817227845508
5.57261904761905,0.596756303352528,0.662804528410043,0.318725534693418,15.6820924553292
5.57271825396825,0.596705095743546,0.662777861998928,0.318573106161159,15.6824620824452
5.57281746031746,0.596653894027496,0.662751185702386,0.318420750305451,15.6828316659089
5.57291666666667,0.596602698203026,0.6627244995266,0.318268467093272,15.6832012057302
5.57301587301587,0.596551508268783,0.66269780347775,0.318116256491612,15.6835707019193
5.57311507936508,0.596500324223418,0.662671097562015,0.317964118467472,15.6839401544861
5.57321428571429,0.596449146065581,0.662644381785572,0.317812052987861,15.6843095634407
5.57331349206349,0.596397973793924,0.662617656154593,0.317660060019803,15.6846789287931
5.5734126984127,0.596346807407097,0.66259092067525,0.317508139530328,15.6850482505534
5.57351190476191,0.596295646903755,0.662564175353714,0.31735629148648,15.6854175287315
5.57361111111111,0.596244492282552,0.662537420196149,0.317204515855313,15.6857867633374
5.57371031746032,0.596193343542141,0.662510655208722,0.31705281260389,15.6861559543813
5.57380952380952,0.596142200681179,0.662483880397595,0.316901181699286,15.686525101873
5.57390873015873,0.596091063698322,0.662457095768927,0.316749623108587,15.6868942058226
5.57400793650794,0.596039932592227,0.662430301328877,0.316598136798887,15.6872632662402
5.57410714285714,0.595988807361553,0.662403497083599,0.316446722737296,15.6876322831356
5.57420634920635,0.595937688004959,0.662376683039248,0.316295380890929,15.688001256519
5.57430555555556,0.595886574521105,0.662349859201975,0.316144111226914,15.6883701864002
5.57440476190476,0.595835466908651,0.662323025577927,0.31599291371239,15.6887390727894
5.57450396825397,0.595784365166259,0.662296182173252,0.315841788314506,15.6891079156964
5.57460317460317,0.595733269292593,0.662269328994093,0.315690735000422,15.6894767151313
5.57470238095238,0.595682179286314,0.662242466046592,0.315539753737309,15.6898454711041
5.57480158730159,0.595631095146088,0.66221559333689,0.315388844492347,15.6902141836247
5.57490079365079,0.595580016870579,0.662188710871122,0.315238007232728,15.6905828527031
5.575,0.595528944458455,0.662161818655425,0.315087241925655,15.6909514783493
5.57509920634921,0.595477877908381,0.662134916695931,0.314936548538341,15.6913200605733
5.57519841269841,0.595426817219026,0.662108004998771,0.31478592703801,15.691688599385
5.57529761904762,0.595375762389059,0.662081083570072,0.314635377391895,15.6920570947944
5.57539682539683,0.595324713417148,0.662054152415961,0.314484899567242,15.6924255468114
5.57549603174603,0.595273670301964,0.66202721154256,0.314334493531306,15.6927939554461
5.57559523809524,0.595222633042178,0.662000260955992,0.314184159251353,15.6931623207084
5.57569444444444,0.595171601636464,0.661973300662376,0.314033896694662,15.6935306426082
5.57579365079365,0.595120576083493,0.661946330667828,0.313883705828518,15.6938989211555
5.57589285714286,0.595069556381939,0.661919350978462,0.31373358662022,15.6942671563602
5.57599206349206,0.595018542530479,0.661892361600392,0.313583539037077,15.6946353482324
5.57609126984127,0.594967534527786,0.661865362539726,0.313433563046408,15.6950034967818
5.57619047619048,0.594916532372537,0.661838353802573,0.313283658615543,15.6953716020185
5.57628968253968,0.594865536063411,0.661811335395038,0.313133825711824,15.6957396639525
5.57638888888889,0.594814545599085,0.661784307323223,0.3129840643026,15.6961076825935
5.5764880952381,0.594763560978238,0.661757269593231,0.312834374355235,15.6964756579517
5.5765873015873,0.59471258219955,0.661730222211158,0.3126847558371,15.6968435900368
5.57668650793651,0.594661609261703,0.661703165183102,0.312535208715581,15.6972114788589
5.57678571428571,0.594610642163378,0.661676098515157,0.312385732958069,15.6975793244278
5.57688492063492,0.594559680903257,0.661649022213414,0.312236328531969,15.6979471267534
5.57698412698413,0.594508725480024,0.661621936283962,0.312086995404697,15.6983148858458
5.57708333333333,0.594457775892364,0.661594840732889,0.311937733543679,15.6986826017148
5.57718253968254,0.594406832138961,0.661567735566279,0.311788542916351,15.6990502743702
5.57728174603175,0.594355894218502,0.661540620790216,0.31163942349016,15.6994179038221
5.57738095238095,0.594304962129674,0.661513496410778,0.311490375232564,15.6997854900803
5.57748015873016,0.594254035871165,0.661486362434045,0.311341398111031,15.7001530331548
5.57757936507937,0.594203115441662,0.661459218866092,0.31119249209304,15.7005205330553
5.57767857142857,0.594152200839857,0.661432065712993,0.31104365714608,15.7008879897919
5.57777777777778,0.594101292064439,0.661404902980818,0.310894893237653,15.7012554033744
5.57787698412698,0.594050389114099,0.661377730675636,0.310746200335268,15.7016227738127
5.57797619047619,0.593999491987531,0.661350548803514,0.310597578406449,15.7019901011167
5.5780753968254,0.593948600683426,0.661323357370517,0.310449027418726,15.7023573852963
5.5781746031746,0.593897715200479,0.661296156382706,0.310300547339642,15.7027246263613
5.57827380952381,0.593846835537385,0.661268945846142,0.310152138136752,15.7030918243217
5.57837301587302,0.59379596169284,0.66124172576688,0.310003799777618,15.7034589791872
5.57847222222222,0.593745093665539,0.661214496150978,0.309855532229816,15.7038260909679
5.57857142857143,0.59369423145418,0.661187257004487,0.309707335460931,15.7041931596735
5.57867063492063,0.593643375057463,0.661160008333458,0.30955920943856,15.704560185314
5.57876984126984,0.593592524474085,0.66113275014394,0.309411154130309,15.7049271678991
5.57886904761905,0.593541679702747,0.661105482441979,0.309263169503795,15.7052941074388
5.57896825396825,0.59349084074215,0.661078205233618,0.309115255526646,15.7056610039429
5.57906746031746,0.593440007590995,0.661050918524899,0.308967412166501,15.7060278574212
5.57916666666667,0.593389180247986,0.661023622321861,0.308819639391008,15.7063946678837
5.57926587301587,0.593338358711825,0.660996316630542,0.308671937167829,15.7067614353401
5.57936507936508,0.593287542981218,0.660969001456974,0.308524305464632,15.7071281598003
5.57946428571429,0.593236733054869,0.660941676807193,0.3083767442491,15.7074948412742
5.57956349206349,0.593185928931485,0.660914342687226,0.308229253488924,15.7078614797716
5.5796626984127,0.593135130609772,0.660886999103102,0.308081833151806,15.7082280753023
5.5797619047619,0.593084338088439,0.660859646060847,0.307934483205461,15.7085946278762
5.57986111111111,0.593033551366194,0.660832283566484,0.30778720361761,15.708961137503
5.57996031746032,0.592982770441746,0.660804911626033,0.307639994355988,15.7093276041927
5.58005952380952,0.592931995313807,0.660777530245514,0.307492855388342,15.7096940279551
5.58015873015873,0.592881225981088,0.660750139430943,0.307345786682426,15.7100604087999
5.58025793650794,0.592830462442301,0.660722739188333,0.307198788206006,15.710426746737
5.58035714285714,0.592779704696159,0.660695329523698,0.307051859926859,15.7107930417763
5.58045634920635,0.592728952741377,0.660667910443046,0.306905001812773,15.7111592939274
5.58055555555556,0.592678206576668,0.660640481952384,0.306758213831546,15.7115255032003
5.58065476190476,0.592627466200748,0.660613044057719,0.306611495950987,15.7118916696048
5.58075396825397,0.592576731612335,0.660585596765051,0.306464848138915,15.7122577931506
5.58085317460317,0.592526002810146,0.660558140080383,0.306318270363159,15.7126238738476
5.58095238095238,0.592475279792898,0.660530674009711,0.306171762591562,15.7129899117055
5.58105158730159,0.592424562559312,0.660503198559033,0.306025324791974,15.7133559067341
5.58115079365079,0.592373851108108,0.66047571373434,0.305878956932257,15.7137218589434
5.58125,0.592323145438005,0.660448219541626,0.305732658980284,15.7140877683429
5.58134920634921,0.592272445547727,0.660420715986878,0.305586430903939,15.7144536349426
5.58144841269841,0.592221751435995,0.660393203076084,0.305440272671113,15.7148194587521
5.58154761904762,0.592171063101534,0.660365680815228,0.305294184249714,15.7151852397814
5.58164682539683,0.592120380543068,0.660338149210293,0.305148165607655,15.7155509780402
5.58174603174603,0.592069703759322,0.660310608267257,0.305002216712863,15.7159166735381
5.58184523809524,0.592019032749022,0.660283057992099,0.304856337533274,15.7162823262851
5.58194444444444,0.591968367510896,0.660255498390795,0.304710528036835,15.7166479362909
5.58204365079365,0.591917708043671,0.660227929469316,0.304564788191503,15.7170135035653
5.58214285714286,0.591867054346076,0.660200351233635,0.304419117965248,15.7173790281179
5.58224206349206,0.591816406416841,0.660172763689719,0.304273517326048,15.7177445099587
5.58234126984127,0.591765764254696,0.660145166843535,0.304127986241892,15.7181099490973
5.58244047619048,0.591715127858373,0.660117560701046,0.303982524680781,15.7184753455435
5.58253968253968,0.591664497226604,0.660089945268215,0.303837132610727,15.718840699307
5.58263888888889,0.591613872358122,0.660062320551001,0.30369180999975,15.7192060103976
5.58273809523809,0.591563253251661,0.66003468655536,0.303546556815883,15.7195712788251
5.5828373015873,0.591512639905956,0.660007043287248,0.303401373027169,15.7199365045992
5.58293650793651,0.591462032319743,0.659979390752617,0.30325625860166,15.7203016877296
5.58303571428571,0.591411430491759,0.659951728957418,0.303111213507421,15.7206668282261
5.58313492063492,0.59136083442074,0.659924057907598,0.302966237712528,15.7210319260983
5.58323412698413,0.591310244105426,0.659896377609104,0.302821331185065,15.7213969813561
5.58333333333333,0.591259659544556,0.659868688067878,0.302676493893128,15.7217619940092
5.58343253968254,0.591209080736869,0.659840989289861,0.302531725804824,15.7221269640673
5.58353174603175,0.591158507681107,0.659813281280993,0.30238702688827,15.7224918915401
5.58363095238095,0.591107940376012,0.659785564047211,0.302242397111595,15.7228567764373
5.58373015873016,0.591057378820325,0.659757837594447,0.302097836442936,15.7232216187686
5.58382936507937,0.591006823012792,0.659730101928635,0.301953344850443,15.7235864185439
5.58392857142857,0.590956272952156,0.659702357055705,0.301808922302276,15.7239511757727
5.58402777777778,0.590905728637163,0.659674602981583,0.301664568766606,15.7243158904648
5.58412698412698,0.590855190066559,0.659646839712194,0.301520284211613,15.7246805626299
5.58422619047619,0.590804657239091,0.659619067253463,0.30137606860549,15.7250451922777
5.5843253968254,0.590754130153508,0.659591285611308,0.301231921916438,15.7254097794178
5.5844246031746,0.590703608808556,0.659563494791649,0.30108784411267,15.7257743240601
5.58452380952381,0.590653093202988,0.659535694800402,0.300943835162411,15.7261388262142
5.58462301587302,0.590602583335552,0.659507885643481,0.300799895033895,15.7265032858897
5.58472222222222,0.590552079205002,0.659480067326796,0.300656023695367,15.7268677030964
5.58482142857143,0.590501580810088,0.659452239856258,0.300512221115082,15.727232077844
5.58492063492063,0.590451088149565,0.659424403237772,0.300368487261307,15.7275964101421
5.58501984126984,0.590400601222185,0.659396557477245,0.300224822102318,15.7279607000004
5.58511904761905,0.590350120026705,0.659368702580577,0.300081225606403,15.7283249474286
5.58521825396825,0.59029964456188,0.659340838553669,0.29993769774186,15.7286891524363
5.58531746031746,0.590249174826466,0.659312965402419,0.299794238476997,15.7290533150333
5.58541666666667,0.590198710819221,0.659285083132723,0.299650847780136,15.7294174352292
5.58551587301587,0.590148252538904,0.659257191750474,0.299507525619605,15.7297815130336
5.58561507936508,0.590097799984274,0.659229291261562,0.299364271963745,15.7301455484563
5.58571428571429,0.590047353154091,0.659201381671876,0.299221086780907,15.7305095415069
5.58581349206349,0.589996912047116,0.659173462987304,0.299077970039454,15.730873492195
5.5859126984127,0.58994647666211,0.659145535213728,0.298934921707757,15.7312374005303
5.58601190476191,0.589896046997838,0.65911759835703,0.298791941754202,15.7316012665225
5.58611111111111,0.589845623053062,0.659089652423091,0.29864903014718,15.7319650901811
5.58621031746032,0.589795204826547,0.659061697417788,0.298506186855098,15.7323288715159
5.58630952380952,0.589744792317058,0.659033733346995,0.298363411846369,15.7326926105364
5.58640873015873,0.589694385523362,0.659005760216585,0.298220705089421,15.7330563072524
5.58650793650794,0.589643984444226,0.658977778032429,0.298078066552688,15.7334199616734
5.58660714285714,0.589593589078417,0.658949786800395,0.297935496204619,15.7337835738091
5.58670634920635,0.589543199424705,0.658921786526348,0.297792994013671,15.7341471436692
5.58680555555556,0.589492815481858,0.658893777216152,0.297650559948312,15.7345106712631
5.58690476190476,0.589442437248649,0.65886575887567,0.297508193977022,15.7348741566007
5.58700396825397,0.589392064723849,0.658837731510758,0.29736589606829,15.7352375996914
5.58710317460317,0.589341697906229,0.658809695127275,0.297223666190616,15.7356010005449
5.58720238095238,0.589291336794563,0.658781649731075,0.297081504312512,15.7359643591708
5.58730158730159,0.589240981387626,0.65875359532801,0.296939410402499,15.7363276755788
5.58740079365079,0.589190631684191,0.658725531923929,0.296797384429108,15.7366909497784
5.5875,0.589140287683035,0.658697459524682,0.296655426360884,15.7370541817792
5.58759920634921,0.589089949382935,0.658669378136112,0.296513536166379,15.7374173715909
5.58769841269841,0.589039616782669,0.658641287764062,0.296371713814158,15.737780519223
5.58779761904762,0.588989289881014,0.658613188414375,0.296229959272795,15.7381436246852
5.58789682539683,0.58893896867675,0.658585080092888,0.296088272510875,15.738506687987
5.58799603174603,0.588888653168657,0.658556962805437,0.295946653496996,15.7388697091381
5.58809523809524,0.588838343355516,0.658528836557856,0.295805102199763,15.7392326881479
5.58819444444444,0.58878803923611,0.658500701355978,0.295663618587793,15.7395956250262
5.58829365079365,0.588737740809221,0.65847255720563,0.295522202629715,15.7399585197825
5.58839285714286,0.588687448073632,0.658444404112641,0.295380854294167,15.7403213724263
5.58849206349206,0.588637161028129,0.658416242082836,0.295239573549799,15.7406841829673
5.58859126984127,0.588586879671497,0.658388071122036,0.295098360365271,15.741046951415
5.58869047619048,0.588536604002522,0.658359891236063,0.294957214709252,15.741409677779
5.58878968253968,0.588486334019991,0.658331702430733,0.294816136550424,15.7417723620688
5.58888888888889,0.588436069722692,0.658303504711863,0.294675125857478,15.742135004294
5.5889880952381,0.588385811109414,0.658275298085266,0.294534182599118,15.7424976044643
5.5890873015873,0.588335558178948,0.658247082556753,0.294393306744057,15.7428601625891
5.58918650793651,0.588285310930083,0.658218858132134,0.294252498261017,15.743222678678
5.58928571428571,0.588235069361611,0.658190624817214,0.294111757118734,15.7435851527405
5.58938492063492,0.588184833472324,0.658162382617798,0.293971083285952,15.7439475847862
5.58948412698413,0.588134603261017,0.658134131539688,0.293830476731427,15.7443099748247
5.58958333333333,0.588084378726482,0.658105871588683,0.293689937423924,15.7446723228655
5.58968253968254,0.588034159867516,0.658077602770582,0.293549465332222,15.7450346289181
5.58978174603175,0.587983946682913,0.658049325091179,0.293409060425107,15.7453968929921
5.58988095238095,0.587933739171471,0.658021038556267,0.293268722671378,15.745759115097
5.58998015873016,0.587883537331987,0.657992743171637,0.293128452039843,15.7461212952423
5.59007936507937,0.58783334116326,0.657964438943077,0.292988248499323,15.7464834334377
5.59017857142857,0.587783150664089,0.657936125876373,0.292848112018646,15.7468455296925
5.59027777777778,0.587732965833274,0.657907803977309,0.292708042566655,15.7472075840163
5.59037698412698,0.587682786669616,0.657879473251666,0.292568040112198,15.7475695964187
5.59047619047619,0.587632613171919,0.657851133705223,0.29242810462414,15.7479315669092
5.5905753968254,0.587582445338983,0.657822785343758,0.292288236071353,15.7482934954972
5.5906746031746,0.587532283169614,0.657794428173046,0.292148434422721,15.7486553821923
5.59077380952381,0.587482126662615,0.657766062198857,0.292008699647136,15.749017227004
5.59087301587302,0.587431975816793,0.657737687426963,0.291869031713503,15.7493790299419
5.59097222222222,0.587381830630953,0.657709303863132,0.291729430590738,15.7497407910153
5.59107142857143,0.587331691103902,0.657680911513128,0.291589896247767,15.7501025102338
5.59117063492063,0.587281557234449,0.657652510382715,0.291450428653525,15.750464187607
5.59126984126984,0.587231429021403,0.657624100477654,0.29131102777696,15.7508258231443
5.59136904761905,0.587181306463573,0.657595681803704,0.29117169358703,15.7511874168551
5.59146825396825,0.587131189559771,0.657567254366621,0.291032426052703,15.751548968749
5.59156746031746,0.587081078308807,0.657538818172159,0.290893225142959,15.7519104788355
5.59166666666667,0.587030972709495,0.65751037322607,0.290754090826786,15.7522719471241
5.59176587301587,0.586980872760647,0.657481919534104,0.290615023073186,15.7526333736242
5.59186507936508,0.586930778461078,0.657453457102007,0.290476021851168,15.7529947583453
5.59196428571429,0.586880689809603,0.657424985935525,0.290337087129755,15.7533561012969
5.59206349206349,0.586830606805037,0.6573965060404,0.290198218877979,15.7537174024884
5.5921626984127,0.586780529446198,0.657368017422373,0.290059417064883,15.7540786619294
5.59226190476191,0.586730457731903,0.657339520087183,0.28992068165952,15.7544398796292
5.59236111111111,0.586680391660971,0.657311014040564,0.289782012630954,15.7548010555974
5.59246031746032,0.586630331232221,0.65728249928825,0.28964340994826,15.7551621898434
5.59255952380952,0.586580276444473,0.657253975835974,0.289504873580524,15.7555232823767
5.59265873015873,0.586530227296549,0.657225443689463,0.289366403496841,15.7558843332067
5.59275793650794,0.58648018378727,0.657196902854444,0.289227999666318,15.7562453423428
5.59285714285714,0.586430145915459,0.657168353336642,0.289089662058073,15.7566063097946
5.59295634920635,0.586380113679941,0.65713979514178,0.288951390641233,15.7569672355715
5.59305555555556,0.58633008707954,0.657111228275577,0.288813185384938,15.7573281196828
5.59315476190476,0.586280066113082,0.65708265274375,0.288675046258336,15.7576889621381
5.59325396825397,0.586230050779392,0.657054068552015,0.288536973230587,15.7580497629468
5.59335317460318,0.586180041077298,0.657025475706085,0.28839896627086,15.7584105221183
5.59345238095238,0.586130037005628,0.656996874211671,0.28826102534834,15.758771239662
5.59355158730159,0.586080038563211,0.656968264074481,0.288123150432216,15.7591319155874
5.59365079365079,0.586030045748878,0.656939645300222,0.287985341491691,15.7594925499039
5.59375,0.585980058561458,0.656911017894596,0.287847598495978,15.7598531426209
5.59384920634921,0.585930076999783,0.656882381863307,0.287709921414301,15.7602136937479
5.59394841269841,0.585880101062686,0.656853737212054,0.287572310215895,15.7605742032942
5.59404761904762,0.585830130749001,0.656825083946533,0.287434764870003,15.7609346712692
5.59414682539682,0.58578016605756,0.656796422072439,0.287297285345882,15.7612950976825
5.59424603174603,0.5857302069872,0.656767751595465,0.287159871612797,15.7616554825433
5.59434523809524,0.585680253536757,0.6567390725213,0.287022523640027,15.7620158258611
5.59444444444444,0.585630305705067,0.656710384855634,0.286885241396859,15.7623761276453
5.59454365079365,0.585580363490968,0.656681688604152,0.28674802485259,15.7627363879052
5.59464285714286,0.585530426893299,0.656652983772537,0.286610873976529,15.7630966066504
5.59474206349206,0.585480495910898,0.65662427036647,0.286473788737996,15.7634567838901
5.59484126984127,0.585430570542607,0.656595548391629,0.286336769106321,15.7638169196338
5.59494047619048,0.585380650787266,0.656566817853693,0.286199815050844,15.7641770138908
5.59503968253968,0.585330736643718,0.656538078758334,0.286062926540918,15.7645370666705
5.59513888888889,0.585280828110806,0.656509331111226,0.285926103545904,15.7648970779824
5.59523809523809,0.585230925187373,0.656480574918036,0.285789346035175,15.7652570478357
5.5953373015873,0.585181027872264,0.656451810184434,0.285652653978114,15.7656169762399
5.59543650793651,0.585131136164324,0.656423036916084,0.285516027344114,15.7659768632043
5.59553571428571,0.585081250062401,0.656394255118649,0.285379466102581,15.7663367087384
5.59563492063492,0.585031369565341,0.656365464797789,0.28524297022293,15.7666965128513
5.59573412698413,0.584981494671992,0.656336665959164,0.285106539674585,15.7670562755527
5.59583333333333,0.584931625381203,0.656307858608428,0.284970174426985,15.7674159968517
5.59593253968254,0.584881761691825,0.656279042751236,0.284833874449576,15.7677756767577
5.59603174603175,0.584831903602709,0.656250218393239,0.284697639711816,15.7681353152802
5.59613095238095,0.584782051112705,0.656221385540087,0.284561470183173,15.7684949124284
5.59623015873016,0.584732204220666,0.656192544197426,0.284425365833126,15.7688544682117
5.59632936507937,0.584682362925446,0.6561636943709,0.284289326631165,15.7692139826394
5.59642857142857,0.584632527225899,0.656134836066153,0.28415335254679,15.769573455721
5.59652777777778,0.58458269712088,0.656105969288824,0.284017443549512,15.7699328874656
5.59662698412698,0.584532872609245,0.656077094044551,0.283881599608854,15.7702922778827
5.59672619047619,0.584483053689852,0.65604821033897,0.283745820694346,15.7706516269816
5.5968253968254,0.584433240361557,0.656019318177713,0.283610106775531,15.7710109347717
5.5969246031746,0.584383432623219,0.655990417566413,0.283474457821965,15.7713702012622
5.59702380952381,0.584333630473698,0.655961508510696,0.283338873803209,15.7717294264624
5.59712301587302,0.584283833911855,0.65593259101619,0.28320335468884,15.7720886103818
5.59722222222222,0.584234042936549,0.655903665088519,0.283067900448441,15.7724477530296
5.59732142857143,0.584184257546645,0.655874730733305,0.282932511051611,15.7728068544151
5.59742063492063,0.584134477741003,0.655845787956167,0.282797186467955,15.7731659145477
5.59751984126984,0.58408470351849,0.655816836762722,0.282661926667091,15.7735249334366
5.59761904761905,0.584034934877968,0.655787877158586,0.282526731618647,15.7738839110911
5.59771825396825,0.583985171818304,0.655758909149371,0.28239160129226,15.7742428475207
5.59781746031746,0.583935414338364,0.655729932740687,0.282256535657581,15.7746017427345
5.59791666666667,0.583885662437016,0.655700947938143,0.282121534684269,15.7749605967419
5.59801587301587,0.583835916113127,0.655671954747344,0.281986598341996,15.7753194095521
5.59811507936508,0.583786175365567,0.655642953173894,0.281851726600441,15.7756781811745
5.59821428571429,0.583736440193206,0.655613943223395,0.281716919429297,15.7760369116184
5.59831349206349,0.583686710594914,0.655584924901445,0.281582176798267,15.776395600893
5.5984126984127,0.583636986569563,0.655555898213642,0.281447498677062,15.7767542490076
5.5985119047619,0.583587268116026,0.655526863165578,0.281312885035408,15.7771128559714
5.59861111111111,0.583537555233177,0.655497819762847,0.281178335843038,15.7774714217939
5.59871031746032,0.583487847919888,0.655468768011039,0.281043851069697,15.7778299464842
5.59880952380952,0.583438146175037,0.655439707915741,0.280909430685141,15.7781884300516
5.59890873015873,0.583388449997498,0.655410639482539,0.280775074659137,15.7785468725054
5.59900793650794,0.583338759386148,0.655381562717015,0.280640782961461,15.7789052738549
5.59910714285714,0.583289074339867,0.65535247762475,0.280506555561901,15.7792636341093
5.59920634920635,0.583239394857531,0.655323384211323,0.280372392430254,15.7796219532779
5.59930555555556,0.58318972093802,0.65529428248231,0.280238293536329,15.7799802313698
5.59940476190476,0.583140052580216,0.655265172443284,0.280104258849947,15.7803384683945
5.59950396825397,0.583090389782999,0.655236054099819,0.279970288340938,15.7806966643612
5.59960317460317,0.583040732545251,0.655206927457482,0.279836381979141,15.781054819279
5.59970238095238,0.582991080865856,0.655177792521841,0.279702539734409,15.7814129331572
5.59980158730159,0.582941434743697,0.655148649298461,0.279568761576603,15.7817710060051
5.59990079365079,0.582891794177659,0.655119497792903,0.279435047475597,15.782129037832
5.6,0.582842159166628,0.65509033801073,0.279301397401272,15.782487028647
5.60009920634921,0.58279252970949,0.655061169957498,0.279167811323524,15.7828449784593
5.60019841269841,0.582742905805133,0.655031993638762,0.279034289212255,15.7832028872783
5.60029761904762,0.582693287452444,0.655002809060078,0.278900831037384,15.7835607551132
5.60039682539683,0.582643674650313,0.654973616226994,0.278767436768834,15.7839185819731
5.60049603174603,0.582594067397631,0.654944415145062,0.278634106376543,15.7842763678673
5.60059523809524,0.582544465693287,0.654915205819826,0.278500839830457,15.784634112805
5.60069444444444,0.582494869536173,0.654885988256831,0.278367637100534,15.7849918167955
5.60079365079365,0.582445278925182,0.65485676246162,0.278234498156742,15.7853494798478
5.60089285714286,0.582395693859208,0.654827528439731,0.278101422969061,15.7857071019714
5.60099206349206,0.582346114337145,0.654798286196703,0.277968411507481,15.7860646831753
5.60109126984127,0.582296540357888,0.65476903573807,0.277835463742001,15.7864222234687
5.60119047619048,0.582246971920333,0.654739777069365,0.277702579642633,15.7867797228609
5.60128968253968,0.582197409023378,0.65471051019612,0.277569759179398,15.7871371813611
5.60138888888889,0.582147851665919,0.654681235123861,0.277437002322328,15.7874945989785
5.60148809523809,0.582098299846856,0.654651951858116,0.277304309041466,15.7878519757221
5.6015873015873,0.582048753565089,0.654622660404408,0.277171679306866,15.7882093116014
5.60168650793651,0.581999212819516,0.654593360768257,0.277039113088592,15.7885666066253
5.60178571428571,0.581949677609041,0.654564052955185,0.276906610356718,15.7889238608032
5.60188492063492,0.581900147932565,0.654534736970707,0.276774171081331,15.7892810741442
5.60198412698413,0.581850623788992,0.654505412820338,0.276641795232526,15.7896382466574
5.60208333333333,0.581801105177224,0.654476080509591,0.276509482780409,15.7899953783521
5.60218253968254,0.581751592096167,0.654446740043975,0.276377233695099,15.7903524692374
5.60228174603175,0.581702084544727,0.654417391428998,0.276245047946722,15.7907095193225
5.60238095238095,0.58165258252181,0.654388034670165,0.276112925505419,15.7910665286165
5.60248015873016,0.581603086026324,0.654358669772981,0.275980866341337,15.7914234971287
5.60257936507937,0.581553595057177,0.654329296742946,0.275848870424638,15.7917804248681
5.60267857142857,0.581504109613277,0.654299915585558,0.27571693772549,15.792137311844
5.60277777777778,0.581454629693536,0.654270526306314,0.275585068214077,15.7924941580654
5.60287698412698,0.581405155296864,0.654241128910708,0.275453261860588,15.7928509635416
5.60297619047619,0.581355686422172,0.654211723404232,0.275321518635228,15.7932077282817
5.6030753968254,0.581306223068373,0.654182309792374,0.275189838508208,15.7935644522948
5.6031746031746,0.581256765234381,0.654152888080624,0.275058221449752,15.7939211355901
5.60327380952381,0.581207312919111,0.654123458274465,0.274926667430096,15.7942777781767
5.60337301587302,0.581157866121477,0.65409402037938,0.274795176419484,15.7946343800638
5.60347222222222,0.581108424840396,0.654064574400849,0.274663748388171,15.7949909412605
5.60357142857143,0.581058989074784,0.654035120344352,0.274532383306425,15.7953474617759
5.60367063492063,0.58100955882356,0.654005658215362,0.27440108114452,15.7957039416191
5.60376984126984,0.580960134085641,0.653976188019355,0.274269841872746,15.7960603807993
5.60386904761905,0.580910714859949,0.653946709761801,0.274138665461401,15.7964167793256
5.60396825396825,0.580861301145403,0.65391722344817,0.274007551880793,15.7967731372071
5.60406746031746,0.580811892940925,0.653887729083927,0.273876501101242,15.797129454453
5.60416666666667,0.580762490245436,0.653858226674538,0.273745513093077,15.7974857310723
5.60426587301587,0.580713093057861,0.653828716225465,0.27361458782664,15.7978419670741
5.60436507936508,0.580663701377122,0.653799197742167,0.273483725272283,15.7981981624677
5.60446428571429,0.580614315202145,0.653769671230102,0.273352925400366,15.7985543172619
5.60456349206349,0.580564934531856,0.653740136694726,0.273222188181263,15.7989104314661
5.6046626984127,0.58051555936518,0.653710594141491,0.273091513585356,15.7992665050892
5.60476190476191,0.580466189701046,0.653681043575848,0.272960901583041,15.7996225381404
5.60486111111111,0.580416825538382,0.653651485003246,0.272830352144722,15.7999785306288
5.60496031746032,0.580367466876117,0.653621918429131,0.272699865240813,15.8003344825634
5.60505952380952,0.580318113713181,0.653592343858946,0.27256944084174,15.8006903939533
5.60515873015873,0.580268766048505,0.653562761298134,0.272439078917941,15.8010462648077
5.60525793650794,0.580219423881021,0.653533170752133,0.27230877943986,15.8014020951355
5.60535714285714,0.580170087209661,0.653503572226382,0.272178542377959,15.8017578849459
5.60545634920635,0.580120756033359,0.653473965726314,0.272048367702704,15.802113634248
5.60555555555556,0.58007143035105,0.653444351257362,0.271918255384574,15.8024693430509
5.60565476190476,0.580022110161668,0.653414728824956,0.27178820539406,15.8028250113635
5.60575396825397,0.579972795464151,0.653385098434524,0.27165821770166,15.803180639195
5.60585317460317,0.579923486257434,0.653355460091492,0.271528292277887,15.8035362265544
5.60595238095238,0.579874182540457,0.653325813801284,0.271398429093262,15.8038917734508
5.60605158730159,0.579824884312157,0.65329615956932,0.271268628118317,15.8042472798932
5.60615079365079,0.579775591571473,0.653266497401019,0.271138889323594,15.8046027458907
5.60625,0.579726304317348,0.653236827301797,0.271009212679648,15.8049581714524
5.60634920634921,0.579677022548722,0.65320714927707,0.270879598157044,15.8053135565873
5.60644841269841,0.579627746264538,0.653177463332249,0.270750045726354,15.8056689013045
5.60654761904762,0.579578475463738,0.653147769472743,0.270620555358166,15.8060242056129
5.60664682539683,0.579529210145267,0.65311806770396,0.270491127023074,15.8063794695217
5.60674603174603,0.579479950308069,0.653088358031305,0.270361760691685,15.8067346930398
5.60684523809524,0.579430695951091,0.653058640460182,0.270232456334618,15.8070898761763
5.60694444444444,0.579381447073278,0.65302891499599,0.2701032139225,15.8074450189403
5.60704365079365,0.579332203673579,0.652999181644127,0.269974033425969,15.8078001213408
5.60714285714286,0.579282965750941,0.652969440409991,0.269844914815676,15.8081551833867
5.60724206349206,0.579233733304314,0.652939691298974,0.269715858062279,15.8085102050871
5.60734126984127,0.579184506332649,0.652909934316469,0.269586863136449,15.8088651864511
5.60744047619048,0.579135284834895,0.652880169467863,0.269457930008868,15.8092201274876
5.60753968253968,0.579086068810005,0.652850396758545,0.269329058650227,15.8095750282057
5.60763888888889,0.579036858256931,0.652820616193898,0.269200249031228,15.8099298886143
5.6077380952381,0.578987653174628,0.652790827779305,0.269071501122585,15.8102847087226
5.6078373015873,0.57893845356205,0.652761031520146,0.268942814895022,15.8106394885394
5.60793650793651,0.578889259418151,0.652731227421799,0.268814190319273,15.8109942280738
5.60803571428571,0.578840070741889,0.65270141548964,0.268685627366083,15.8113489273348
5.60813492063492,0.57879088753222,0.652671595729041,0.268557126006207,15.8117035863313
5.60823412698413,0.578741709788101,0.652641768145373,0.268428686210411,15.8120582050725
5.60833333333333,0.578692537508493,0.652611932744005,0.268300307949473,15.8124127835672
5.60843253968254,0.578643370692355,0.652582089530304,0.268171991194181,15.8127673218245
5.60853174603175,0.578594209338647,0.652552238509633,0.268043735915333,15.8131218198533
5.60863095238095,0.57854505344633,0.652522379687354,0.267915542083736,15.8134762776626
5.60873015873016,0.578495903014368,0.652492513068828,0.267787409670212,15.8138306952615
5.60882936507937,0.578446758041722,0.65246263865941,0.267659338645589,15.8141850726588
5.60892857142857,0.578397618527358,0.652432756464456,0.267531328980709,15.8145394098635
5.60902777777778,0.57834848447024,0.652402866489319,0.267403380646423,15.8148937068847
5.60912698412698,0.578299355869334,0.652372968739348,0.267275493613592,15.8152479637312
5.60922619047619,0.578250232723606,0.652343063219893,0.26714766785309,15.8156021804122
5.6093253968254,0.578201115032025,0.652313149936299,0.267019903335801,15.8159563569364
5.6094246031746,0.578152002793557,0.65228322889391,0.266892200032617,15.8163104933129
5.60952380952381,0.578102896007174,0.652253300098066,0.266764557914444,15.8166645895506
5.60962301587302,0.578053794671845,0.652223363554107,0.266636976952197,15.8170186456584
5.60972222222222,0.57800469878654,0.652193419267369,0.2665094571168,15.8173726616455
5.60982142857143,0.577955608350232,0.652163467243187,0.266381998379193,15.8177266375205
5.60992063492063,0.577906523361894,0.652133507486893,0.26625460071032,15.8180805732926
5.61001984126984,0.577857443820499,0.652103540003817,0.266127264081141,15.8184344689707
5.61011904761905,0.577808369725022,0.652073564799287,0.265999988462623,15.8187883245636
5.61021825396825,0.577759301074438,0.652043581878627,0.265872773825745,15.8191421400804
5.61031746031746,0.577710237867723,0.652013591247161,0.265745620141498,15.8194959155299
5.61041666666667,0.577661180103854,0.65198359291021,0.265618527380881,15.8198496509211
5.61051587301587,0.57761212778181,0.651953586873091,0.265491495514905,15.820203346263
5.61061507936508,0.577563080900569,0.651923573141122,0.265364524514592,15.8205570015643
5.61071428571429,0.577514039459111,0.651893551719616,0.265237614350974,15.8209106168342
5.61081349206349,0.577465003456417,0.651863522613884,0.265110764995095,15.8212641920814
5.6109126984127,0.577415972891468,0.651833485829237,0.264983976418008,15.8216177273149
5.6110119047619,0.577366947763246,0.65180344137098,0.264857248590776,15.8219712225436
5.61111111111111,0.577317928070735,0.651773389244419,0.264730581484475,15.8223246777764
5.61121031746032,0.577268913812918,0.651743329454856,0.264603975070189,15.8226780930222
5.61130952380952,0.577219904988781,0.651713262007592,0.264477429319016,15.8230314682899
5.61140873015873,0.57717090159731,0.651683186907925,0.264350944202061,15.8233848035884
5.61150793650794,0.57712190363749,0.65165310416115,0.264224519690443,15.8237380989267
5.61160714285714,0.577072911108311,0.65162301377256,0.264098155755289,15.8240913543136
5.61170634920635,0.57702392400876,0.651592915747446,0.263971852367738,15.8244445697579
5.61180555555556,0.576974942337826,0.651562810091098,0.263845609498939,15.8247977452687
5.61190476190476,0.5769259660945,0.651532696808802,0.263719427120052,15.8251508808547
5.61200396825397,0.576876995277772,0.651502575905842,0.263593305202248,15.8255039765248
5.61210317460317,0.576828029886635,0.6514724473875,0.263467243716706,15.825857032288
5.61220238095238,0.576779069920082,0.651442311259055,0.26334124263462,15.8262100481531
5.61230158730159,0.576730115377106,0.651412167525786,0.263215301927193,15.826563024129
5.61240079365079,0.576681166256701,0.651382016192967,0.263089421565636,15.8269159602245
5.6125,0.576632222557864,0.651351857265872,0.262963601521174,15.8272688564486
5.61259920634921,0.57658328427959,0.65132169074977,0.262837841765041,15.82762171281
5.61269841269841,0.576534351420876,0.651291516649929,0.262712142268482,15.8279745293177
5.61279761904762,0.576485423980721,0.651261334971617,0.262586503002753,15.8283273059804
5.61289682539683,0.576436501958124,0.651231145720097,0.262460923939121,15.8286800428072
5.61299603174603,0.576387585352083,0.651200948900629,0.262335405048861,15.8290327398067
5.61309523809524,0.576338674161601,0.651170744518474,0.262209946303262,15.8293853969879
5.61319444444444,0.576289768385678,0.651140532578888,0.262084547673621,15.8297380143596
5.61329365079365,0.576240868023316,0.651110313087126,0.261959209131249,15.8300905919307
5.61339285714286,0.57619197307352,0.65108008604844,0.261833930647463,15.8304431297099
5.61349206349206,0.576143083535293,0.65104985146808,0.261708712193595,15.8307956277062
5.61359126984127,0.576094199407639,0.651019609351293,0.261583553740983,15.8311480859283
5.61369047619048,0.576045320689566,0.650989359703326,0.261458455260982,15.8315005043851
5.61378968253968,0.57599644738008,0.650959102529421,0.261333416724952,15.8318528830855
5.61388888888889,0.575947579478188,0.65092883783482,0.261208438104267,15.8322052220382
5.61398809523809,0.575898716982898,0.650898565624761,0.261083519370308,15.8325575212521
5.6140873015873,0.575849859893221,0.65086828590448,0.260958660494471,15.8329097807359
5.61418650793651,0.575801008208166,0.650837998679211,0.260833861448159,15.8332620004986
5.61428571428571,0.575752161926745,0.650807703954187,0.260709122202789,15.8336141805489
5.61438492063492,0.575703321047969,0.650777401734636,0.260584442729786,15.8339663208957
5.61448412698413,0.575654485570851,0.650747092025787,0.260459823000586,15.8343184215477
5.61458333333333,0.575605655494405,0.650716774832863,0.260335262986637,15.8346704825137
5.61468253968254,0.575556830817646,0.650686450161087,0.260210762659397,15.8350225038026
5.61478174603175,0.575508011539589,0.650656118015681,0.260086321990333,15.8353744854232
5.61488095238095,0.575459197659251,0.650625778401862,0.259961940950925,15.8357264273842
5.61498015873016,0.575410389175648,0.650595431324845,0.259837619512663,15.8360783296944
5.61507936507937,0.575361586087798,0.650565076789844,0.259713357647046,15.8364301923627
5.61517857142857,0.575312788394721,0.650534714802072,0.259589155325586,15.8367820153978
5.61527777777778,0.575263996095436,0.650504345366736,0.259465012519805,15.8371337988086
5.61537698412698,0.575215209188964,0.650473968489043,0.259340929201235,15.8374855426037
5.61547619047619,0.575166427674327,0.650443584174198,0.259216905341418,15.837837246792
5.6155753968254,0.575117651550547,0.650413192427402,0.259092940911909,15.8381889113822
5.6156746031746,0.575068880816647,0.650382793253856,0.25896903588427,15.8385405363832
5.61577380952381,0.575020115471652,0.650352386658758,0.258845190230078,15.8388921218036
5.61587301587302,0.574971355514586,0.650321972647302,0.258721403920917,15.8392436676523
5.61597222222222,0.574922600944475,0.650291551224682,0.258597676928384,15.8395951739381
5.61607142857143,0.574873851760347,0.650261122396087,0.258474009224086,15.8399466406696
5.61617063492063,0.574825107961228,0.650230686166708,0.258350400779639,15.8402980678557
5.61626984126984,0.574776369546148,0.650200242541729,0.258226851566671,15.840649455505
5.61636904761905,0.574727636514136,0.650169791526335,0.258103361556823,15.8410008036265
5.61646825396825,0.574678908864221,0.650139333125708,0.257979930721741,15.8413521122287
5.61656746031746,0.574630186595436,0.650108867345026,0.257856559033087,15.8417033813205
5.61666666666667,0.574581469706812,0.650078394189467,0.257733246462531,15.8420546109105
5.61676587301587,0.574532758197381,0.650047913664205,0.257609992981755,15.8424058010077
5.61686507936508,0.574484052066179,0.650017425774414,0.257486798562449,15.8427569516205
5.61696428571429,0.574435351312239,0.649986930525262,0.257363663176317,15.8431080627579
5.61706349206349,0.574386655934597,0.649956427921919,0.257240586795072,15.8434591344286
5.6171626984127,0.574337965932289,0.649925917969549,0.257117569390436,15.8438101666412
5.61726190476191,0.574289281304352,0.649895400673317,0.256994610934146,15.8441611594045
5.61736111111111,0.574240602049825,0.649864876038382,0.256871711397946,15.8445121127272
5.61746031746032,0.574191928167747,0.649834344069905,0.256748870753591,15.8448630266181
5.61755952380952,0.574143259657157,0.649803804773041,0.256626088972847,15.8452139010858
5.61765873015873,0.574094596517096,0.649773258152945,0.256503366027493,15.8455647361391
5.61775793650794,0.574045938746606,0.649742704214768,0.256380701889314,15.8459155317867
5.61785714285714,0.573997286344729,0.649712142963661,0.256258096530111,15.8462662880373
5.61795634920635,0.573948639310508,0.64968157440477,0.25613554992169,15.8466170048996
5.61805555555556,0.573899997642988,0.649650998543241,0.256013062035871,15.8469676823823
5.61815476190476,0.573851361341214,0.649620415384217,0.255890632844486,15.8473183204941
5.61825396825397,0.573802730404232,0.649589824932838,0.255768262319375,15.8476689192437
5.61835317460317,0.573754104831088,0.649559227194242,0.255645950432388,15.8480194786398
5.61845238095238,0.573705484620831,0.649528622173566,0.255523697155389,15.848369998691
5.61855158730159,0.573656869772508,0.649498009875943,0.255401502460249,15.8487204794062
5.61865079365079,0.573608260285169,0.649467390306505,0.255279366318852,15.8490709207939
5.61875,0.573559656157865,0.64943676347038,0.255157288703093,15.8494213228629
5.61884920634921,0.573511057389647,0.649406129372696,0.255035269584875,15.8497716856218
5.61894841269841,0.573462463979566,0.649375488018577,0.254913308936114,15.8501220090793
5.61904761904762,0.573413875926676,0.649344839413146,0.254791406728736,15.8504722932441
5.61914682539683,0.573365293230031,0.649314183561522,0.254669562934677,15.8508225381248
5.61924603174603,0.573316715888684,0.649283520468824,0.254547777525885,15.8511727437301
5.61934523809524,0.573268143901693,0.649252850140166,0.254426050474316,15.8515229100687
5.61944444444444,0.573219577268112,0.649222172580661,0.25430438175194,15.8518730371493
5.61954365079365,0.573171015986999,0.649191487795422,0.254182771330736,15.8522231249804
5.61964285714286,0.573122460057413,0.649160795789556,0.254061219182693,15.8525731735708
5.61974206349206,0.573073909478413,0.64913009656817,0.253939725279812,15.8529231829291
5.61984126984127,0.573025364249058,0.649099390136367,0.253818289594104,15.853273153064
5.61994047619048,0.572976824368409,0.64906867649925,0.25369691209759,15.8536230839841
5.62003968253968,0.572928289835527,0.649037955661918,0.253575592762302,15.853972975698
5.62013888888889,0.572879760649476,0.649007227629468,0.253454331560283,15.8543228282144
5.6202380952381,0.572831236809319,0.648976492406996,0.253333128463588,15.854672641542
5.6203373015873,0.572782718314119,0.648945749999593,0.253211983444281,15.8550224156893
5.62043650793651,0.572734205162943,0.648915000412351,0.253090896474435,15.855372150665
5.62053571428571,0.572685697354855,0.648884243650356,0.252969867526136,15.8557218464778
5.62063492063492,0.572637194888923,0.648853479718696,0.252848896571481,15.8560715031362
5.62073412698413,0.572588697764215,0.648822708622454,0.252727983582576,15.8564211206489
5.62083333333333,0.572540205979799,0.64879193036671,0.252607128531539,15.8567706990245
5.62093253968254,0.572491719534744,0.648761144956544,0.252486331390497,15.8571202382716
5.62103174603175,0.572443238428122,0.648730352397033,0.252365592131589,15.8574697383988
5.62113095238095,0.572394762659002,0.64869955269325,0.252244910726966,15.8578191994148
5.62123015873016,0.572346292226458,0.648668745850269,0.252124287148785,15.8581686213282
5.62132936507937,0.572297827129563,0.648637931873158,0.252003721369219,15.8585180041475
5.62142857142857,0.572249367367389,0.648607110766986,0.251883213360447,15.8588673478814
5.62152777777778,0.572200912939012,0.648576282536818,0.251762763094663,15.8592166525384
5.62162698412698,0.572152463843507,0.648545447187716,0.251642370544067,15.8595659181272
5.62172619047619,0.572104020079951,0.648514604724741,0.251522035680875,15.8599151446564
5.6218253968254,0.572055581647421,0.648483755152953,0.251401758477309,15.8602643321345
5.6219246031746,0.572007148544995,0.648452898477406,0.251281538905604,15.8606134805701
5.62202380952381,0.571958720771753,0.648422034703156,0.251161376938005,15.8609625899719
5.62212301587302,0.571910298326774,0.648391163835253,0.251041272546767,15.8613116603484
5.62222222222222,0.571861881209139,0.648360285878747,0.250921225704156,15.8616606917082
5.62232142857143,0.571813469417929,0.648329400838684,0.25080123638245,15.8620096840598
5.62242063492064,0.571765062952228,0.64829850872011,0.250681304553936,15.8623586374119
5.62251984126984,0.571716661811118,0.648267609528067,0.250561430190913,15.862707551773
5.62261904761905,0.571668265993685,0.648236703267595,0.250441613265689,15.8630564271517
5.62271825396825,0.571619875499012,0.648205789943733,0.250321853750584,15.8634052635565
5.62281746031746,0.571571490326187,0.648174869561515,0.250202151617928,15.863754060996
5.62291666666667,0.571523110474295,0.648143942125976,0.250082506840062,15.8641028194788
5.62301587301587,0.571474735942426,0.648113007642145,0.249962919389337,15.8644515390134
5.62311507936508,0.571426366729666,0.648082066115053,0.249843389238114,15.8648002196083
5.62321428571429,0.571378002835107,0.648051117549725,0.249723916358767,15.8651488612723
5.62331349206349,0.571329644257838,0.648020161951185,0.24960450072368,15.8654974640136
5.6234126984127,0.571281290996951,0.647989199324457,0.249485142305246,15.865846027841
5.62351190476191,0.571232943051537,0.647958229674558,0.24936584107587,15.866194552763
5.62361111111111,0.571184600420691,0.647927253006508,0.249246597007966,15.866543038788
5.62371031746032,0.571136263103504,0.64789626932532,0.249127410073962,15.8668914859247
5.62380952380952,0.571087931099073,0.647865278636007,0.249008280246293,15.8672398941816
5.62390873015873,0.571039604406493,0.647834280943581,0.248889207497405,15.8675882635672
5.62400793650794,0.57099128302486,0.647803276253049,0.248770191799759,15.8679365940899
5.62410714285714,0.570942966953272,0.647772264569418,0.248651233125821,15.8682848857585
5.62420634920635,0.570894656190827,0.64774124589769,0.248532331448071,15.8686331385813
5.62430555555556,0.570846350736624,0.647710220242868,0.248413486738999,15.8689813525669
5.62440476190476,0.570798050589763,0.647679187609951,0.248294698971104,15.8693295277238
5.62450396825397,0.570749755749345,0.647648148003935,0.248175968116899,15.8696776640605
5.62460317460318,0.570701466214471,0.647617101429815,0.248057294148903,15.8700257615855
5.62470238095238,0.570653181984245,0.647586047892584,0.24793867703965,15.8703738203074
5.62480158730159,0.570604903057769,0.647554987397231,0.247820116761684,15.8707218402346
5.62490079365079,0.570556629434148,0.647523919948744,0.247701613287556,15.8710698213757
5.625,0.570508361112487,0.647492845552108,0.247583166589832,15.8714177637391
5.62509920634921,0.570460098091893,0.647461764212307,0.247464776641086,15.8717656673333
5.62519841269841,0.570411840371471,0.647430675934322,0.247346443413903,15.8721135321668
5.62529761904762,0.570363587950331,0.647399580723131,0.24722816688088,15.8724613582482
5.62539682539683,0.57031534082758,0.64736847858371,0.247109947014623,15.8728091455859
5.62549603174603,0.570267099002328,0.647337369521033,0.246991783787751,15.8731568941883
5.62559523809524,0.570218862473686,0.647306253540074,0.24687367717289,15.873504604064
5.62569444444444,0.570170631240765,0.6472751306458,0.24675562714268,15.8738522752214
5.62579365079365,0.570122405302676,0.647244000843178,0.246637633669769,15.8741999076691
5.62589285714286,0.570074184658534,0.647212864137175,0.246519696726819,15.8745475014154
5.62599206349206,0.570025969307452,0.647181720532753,0.246401816286498,15.8748950564689
5.62609126984127,0.569977759248544,0.647150570034871,0.246283992321488,15.875242572838
5.62619047619048,0.569929554480928,0.647119412648488,0.246166224804483,15.8755900505312
5.62628968253968,0.569881355003718,0.64708824837856,0.246048513708183,15.875937489557
5.62638888888889,0.569833160816032,0.64705707723004,0.245930859005301,15.8762848899237
5.62648809523809,0.569784971916989,0.64702589920788,0.245813260668563,15.8766322516399
5.6265873015873,0.569736788305707,0.646994714317028,0.245695718670701,15.876979574714
5.62668650793651,0.569688609981308,0.646963522562432,0.245578232984462,15.8773268591544
5.62678571428571,0.569640436942911,0.646932323949035,0.2454608035826,15.8776741049697
5.62688492063492,0.569592269189638,0.646901118481779,0.245343430437882,15.8780213121682
5.62698412698413,0.569544106720612,0.646869906165605,0.245226113523085,15.8783684807583
5.62708333333333,0.569495949534957,0.64683868700545,0.245108852810997,15.8787156107486
5.62718253968254,0.569447797631796,0.64680746100625,0.244991648274416,15.8790627021474
5.62728174603175,0.569399651010256,0.646776228172936,0.24487449988615,15.8794097549632
5.62738095238095,0.569351509669462,0.646744988510441,0.24475740761902,15.8797567692044
5.62748015873016,0.569303373608541,0.646713742023692,0.244640371445855,15.8801037448794
5.62757936507937,0.569255242826621,0.646682488717616,0.244523391339495,15.8804506819967
5.62767857142857,0.56920711732283,0.646651228597136,0.244406467272793,15.8807975805647
5.62777777777778,0.569158997096299,0.646619961667174,0.244289599218611,15.8811444405917
5.62787698412698,0.569110882146158,0.646588687932649,0.244172787149821,15.8814912620863
5.62797619047619,0.569062772471538,0.646557407398479,0.244056031039307,15.8818380450567
5.6280753968254,0.569014668071571,0.646526120069578,0.243939330859963,15.8821847895115
5.6281746031746,0.568966568945391,0.646494825950858,0.243822686584692,15.882531495459
5.62827380952381,0.568918475092131,0.646463525047231,0.243706098186411,15.8828781629076
5.62837301587302,0.568870386510926,0.646432217363602,0.243589565638044,15.8832247918657
5.62847222222222,0.568822303200911,0.646400902904879,0.24347308891253,15.8835713823418
5.62857142857143,0.568774225161225,0.646369581675965,0.243356667982815,15.8839179343441
5.62867063492063,0.568726152391003,0.64633825368176,0.243240302821857,15.8842644478812
5.62876984126984,0.568678084889384,0.646306918927163,0.243123993402624,15.8846109229613
5.62886904761905,0.568630022655508,0.646275577417072,0.243007739698095,15.8849573595929
5.62896825396825,0.568581965688514,0.646244229156379,0.24289154168126,15.8853037577843
5.62906746031746,0.568533913987542,0.646212874149978,0.242775399325119,15.885650117544
5.62916666666667,0.568485867551737,0.646181512402757,0.242659312602684,15.8859964388803
5.62926587301587,0.568437826380239,0.646150143919604,0.242543281486976,15.8863427218015
5.62936507936508,0.568389790472192,0.646118768705405,0.242427305951027,15.8866889663161
5.62946428571429,0.568341759826741,0.646087386765041,0.242311385967881,15.8870351724324
5.62956349206349,0.568293734443031,0.646055998103394,0.24219552151059,15.8873813401587
5.6296626984127,0.568245714320207,0.646024602725342,0.242079712552218,15.8877274695035
5.6297619047619,0.568197699457418,0.64599320063576,0.241963959065842,15.8880735604751
5.62986111111111,0.568149689853811,0.645961791839523,0.241848261024545,15.8884196130818
5.62996031746032,0.568101685508535,0.645930376341501,0.241732618401425,15.888765627332
5.63005952380952,0.568053686420739,0.645898954146565,0.241617031169588,15.8891116032341
5.63015873015873,0.568005692589574,0.64586752525958,0.241501499302152,15.8894575407963
5.63025793650794,0.567957704014191,0.645836089685411,0.241386022772244,15.8898034400271
5.63035714285714,0.567909720693742,0.645804647428921,0.241270601553003,15.8901493009347
5.63045634920635,0.567861742627382,0.64577319849497,0.241155235617579,15.8904951235275
5.63055555555556,0.567813769814262,0.645741742888415,0.241039924939129,15.8908409078139
5.63065476190476,0.567765802253539,0.645710280614111,0.240924669490828,15.8911866538021
5.63075396825397,0.567717839944369,0.645678811676913,0.240809469245855,15.8915323615006
5.63085317460317,0.567669882885907,0.64564733608167,0.240694324177401,15.8918780309175
5.63095238095238,0.567621931077311,0.645615853833232,0.24057923425867,15.8922236620613
5.63105158730159,0.56757398451774,0.645584364936445,0.240464199462875,15.8925692549403
5.63115079365079,0.567526043206353,0.645552869396152,0.240349219763239,15.8929148095627
5.63125,0.56747810714231,0.645521367217195,0.240234295132996,15.893260325937
5.63134920634921,0.567430176324771,0.645489858404415,0.240119425545392,15.8936058040713
5.63144841269841,0.567382250752899,0.645458342962647,0.240004610973682,15.893951243974
5.63154761904762,0.567334330425857,0.645426820896728,0.239889851391133,15.8942966456535
5.63164682539683,0.567286415342807,0.64539529221149,0.239775146771023,15.894642009118
5.63174603174603,0.567238505502915,0.645363756911762,0.239660497086637,15.8949873343758
5.63184523809524,0.567190600905346,0.645332215002373,0.239545902311275,15.8953326214352
5.63194444444444,0.567142701549265,0.64530066648815,0.239431362418245,15.8956778703045
5.63204365079365,0.56709480743384,0.645269111373914,0.239316877380866,15.8960230809919
5.63214285714286,0.56704691855824,0.645237549664489,0.23920244717247,15.8963682535059
5.63224206349206,0.566999034921632,0.645205981364692,0.239088071766397,15.8967133878546
5.63234126984127,0.566951156523186,0.64517440647934,0.238973751135999,15.8970584840464
5.63244047619048,0.566903283362073,0.645142825013248,0.238859485254636,15.8974035420895
5.63253968253968,0.566855415437465,0.645111236971227,0.238745274095682,15.8977485619922
5.63263888888889,0.566807552748533,0.645079642358088,0.238631117632521,15.8980935437628
5.63273809523809,0.56675969529445,0.645048041178638,0.238517015838546,15.8984384874095
5.6328373015873,0.566711843074391,0.645016433437682,0.238402968687162,15.8987833929406
5.63293650793651,0.566663996087532,0.644984819140024,0.238288976151784,15.8991282603644
5.63303571428571,0.566616154333046,0.644953198290463,0.238175038205838,15.899473089689
5.63313492063492,0.566568317810112,0.644921570893799,0.238061154822761,15.8998178809229
5.63323412698413,0.566520486517906,0.644889936954828,0.237947325976,15.9001626340743
5.63333333333333,0.566472660455607,0.644858296478343,0.237833551639012,15.9005073491513
5.63343253968254,0.566424839622395,0.644826649469136,0.237719831785267,15.9008520261622
5.63353174603175,0.566377024017448,0.644794995931996,0.237606166388242,15.9011966651154
5.63363095238095,0.566329213639949,0.64476333587171,0.237492555421428,15.9015412660189
5.63373015873016,0.566281408489079,0.644731669293063,0.237378998858326,15.9018858288812
5.63382936507937,0.566233608564022,0.644699996200838,0.237265496672445,15.9022303537103
5.63392857142857,0.566185813863959,0.644668316599815,0.237152048837309,15.9025748405146
5.63402777777778,0.566138024388077,0.644636630494771,0.237038655326449,15.9029192893023
5.63412698412698,0.56609024013556,0.644604937890482,0.236925316113408,15.9032637000815
5.63422619047619,0.566042461105595,0.644573238791721,0.236812031171739,15.9036080728606
5.6343253968254,0.565994687297368,0.64454153320326,0.236698800475006,15.9039524076477
5.6344246031746,0.565946918710068,0.644509821129867,0.236585623996786,15.9042967044511
5.63452380952381,0.565899155342884,0.644478102576309,0.236472501710663,15.904640963279
5.63462301587302,0.565851397195005,0.64444637754735,0.236359433590233,15.9049851841395
5.63472222222222,0.565803644265622,0.644414646047752,0.236246419609103,15.905329367041
5.63482142857143,0.565755896553926,0.644382908082274,0.236133459740891,15.9056735119916
5.63492063492063,0.565708154059109,0.644351163655674,0.236020553959223,15.9060176189995
5.63501984126984,0.565660416780365,0.644319412772707,0.235907702237739,15.9063616880729
5.63511904761905,0.565612684716888,0.644287655438125,0.235794904550089,15.90670571922
5.63521825396825,0.565564957867873,0.644255891656681,0.235682160869933,15.9070497124491
5.63531746031746,0.565517236232515,0.64422412143312,0.23556947117094,15.9073936677683
5.63541666666667,0.565469519810012,0.64419234477219,0.235456835426792,15.9077375851857
5.63551587301587,0.565421808599561,0.644160561678634,0.235344253611181,15.9080814647097
5.63561507936508,0.56537410260036,0.644128772157193,0.23523172569781,15.9084253063483
5.63571428571429,0.565326401811608,0.644096976212608,0.235119251660391,15.9087691101097
5.63581349206349,0.565278706232506,0.644065173849613,0.235006831472648,15.9091128760022
5.6359126984127,0.565231015862254,0.644033365072945,0.234894465108316,15.9094566040339
5.63601190476191,0.565183330700056,0.644001549887334,0.23478215254114,15.909800294213
5.63611111111111,0.565135650745113,0.643969728297513,0.234669893744875,15.9101439465476
5.63621031746032,0.565087975996629,0.643937900308207,0.234557688693288,15.910487561046
5.63630952380952,0.565040306453808,0.643906065924142,0.234445537360156,15.9108311377162
5.63640873015873,0.564992642115856,0.643874225150042,0.234333439719266,15.9111746765664
5.63650793650794,0.56494498298198,0.643842377990627,0.234221395744416,15.9115181776048
5.63660714285714,0.564897329051386,0.643810524450617,0.234109405409416,15.9118616408396
5.63670634920635,0.564849680323282,0.643778664534727,0.233997468688085,15.9122050662789
5.63680555555556,0.564802036796878,0.643746798247671,0.233885585554253,15.9125484539309
5.63690476190476,0.564754398471383,0.643714925594161,0.233773755981761,15.9128918038036
5.63700396825397,0.564706765346007,0.643683046578906,0.23366197994446,15.9132351159053
5.63710317460317,0.564659137419963,0.643651161206615,0.233550257416213,15.913578390244
5.63720238095238,0.564611514692462,0.643619269481991,0.233438588370892,15.913921626828
5.63730158730159,0.564563897162717,0.643587371409737,0.23332697278238,15.9142648256653
5.63740079365079,0.564516284829944,0.643555466994553,0.233215410624572,15.9146079867642
5.6375,0.564468677693357,0.643523556241139,0.233103901871371,15.9149511101326
5.63759920634921,0.564421075752171,0.643491639154188,0.232992446496695,15.9152941957787
5.63769841269841,0.564373479005603,0.643459715738396,0.232881044474467,15.9156372437107
5.63779761904762,0.564325887452871,0.643427785998453,0.232769695778625,15.9159802539367
5.63789682539683,0.564278301093194,0.643395849939047,0.232658400383116,15.9163232264648
5.63799603174603,0.564230719925791,0.643363907564867,0.232547158261898,15.9166661613031
5.63809523809524,0.564183143949881,0.643331958880595,0.232435969388939,15.9170090584598
5.63819444444444,0.564135573164687,0.643300003890915,0.232324833738218,15.9173519179428
5.63829365079365,0.56408800756943,0.643268042600506,0.232213751283726,15.9176947397604
5.63839285714286,0.564040447163332,0.643236075014045,0.232102721999462,15.9180375239206
5.63849206349206,0.563992891945618,0.643204101136207,0.231991745859437,15.9183802704316
5.63859126984127,0.563945341915512,0.643172120971667,0.231880822837673,15.9187229793014
5.63869047619048,0.56389779707224,0.643140134525094,0.231769952908203,15.9190656505381
5.63878968253968,0.563850257415027,0.643108141801156,0.231659136045068,15.9194082841498
5.63888888888889,0.563802722943101,0.643076142804521,0.231548372222324,15.9197508801446
5.6389880952381,0.563755193655691,0.643044137539851,0.231437661414034,15.9200934385306
5.6390873015873,0.563707669552024,0.643012126011809,0.231327003594273,15.9204359593159
5.63918650793651,0.563660150631331,0.642980108225054,0.231216398737126,15.9207784425085
5.63928571428571,0.563612636892842,0.642948084184242,0.23110584681669,15.9211208881166
5.63938492063492,0.56356512833579,0.642916053894028,0.23099534780707,15.9214632961481
5.63948412698413,0.563517624959405,0.642884017359065,0.230884901682385,15.9218056666112
5.63958333333333,0.563470126762922,0.642851974584003,0.230774508416763,15.922147999514
5.63968253968254,0.563422633745575,0.64281992557349,0.230664167984342,15.9224902948644
5.63978174603175,0.563375145906599,0.642787870332171,0.230553880359272,15.9228325526706
5.63988095238095,0.56332766324523,0.64275580886469,0.230443645515713,15.9231747729406
5.63998015873016,0.563280185760704,0.642723741175687,0.230333463427835,15.9235169556825
5.64007936507937,0.563232713452258,0.642691667269802,0.230223334069819,15.9238591009043
5.64017857142857,0.563185246319133,0.642659587151672,0.230113257415857,15.9242012086141
5.64027777777778,0.563137784360566,0.642627500825929,0.230003233440151,15.9245432788199
5.64037698412698,0.563090327575799,0.642595408297206,0.229893262116916,15.9248853115298
5.64047619047619,0.563042875964071,0.642563309570133,0.229783343420375,15.9252273067517
5.6405753968254,0.562995429524626,0.642531204649337,0.229673477324762,15.9255692644938
5.6406746031746,0.562947988256707,0.642499093539444,0.229563663804322,15.9259111847641
5.64077380952381,0.562900552159556,0.642466976245075,0.22945390283331,15.9262530675706
5.64087301587302,0.562853121232418,0.642434852770852,0.229344194385994,15.9265949129213
5.64097222222222,0.562805695474539,0.642402723121392,0.229234538436649,15.9269367208242
5.64107142857143,0.562758274885166,0.642370587301312,0.229124934959565,15.9272784912875
5.64117063492063,0.562710859463545,0.642338445315225,0.229015383929038,15.9276202243191
5.64126984126984,0.562663449208925,0.642306297167742,0.228905885319379,15.927961919927
5.64136904761905,0.562616044120554,0.642274142863474,0.228796439104905,15.9283035781192
5.64146825396825,0.562568644197683,0.642241982407026,0.228687045259949,15.9286451989037
5.64156746031746,0.562521249439562,0.642209815803003,0.22857770375885,15.9289867822886
5.64166666666667,0.562473859845442,0.642177643056008,0.228468414575959,15.9293283282819
5.64176587301587,0.562426475414576,0.64214546417064,0.228359177685639,15.9296698368916
5.64186507936508,0.562379096146218,0.642113279151497,0.228249993062263,15.9300113081256
5.64196428571429,0.562331722039622,0.642081088003174,0.228140860680213,15.9303527419919
5.64206349206349,0.562284353094042,0.642048890730265,0.228031780513885,15.9306941384986
5.6421626984127,0.562236989308734,0.642016687337361,0.227922752537682,15.9310354976537
5.6422619047619,0.562189630682956,0.641984477829049,0.227813776726021,15.9313768194651
5.64236111111111,0.562142277215965,0.641952262209917,0.227704853053325,15.9317181039408
5.64246031746032,0.562094928907019,0.641920040484548,0.227595981494033,15.9320593510888
5.64255952380952,0.562047585755379,0.641887812657524,0.227487162022591,15.9324005609171
5.64265873015873,0.562000247760304,0.641855578733425,0.227378394613458,15.9327417334336
5.64275793650794,0.561952914921055,0.641823338716828,0.227269679241102,15.9330828686463
5.64285714285714,0.561905587236895,0.641791092612307,0.227161015880001,15.9334239665633
5.64295634920635,0.561858264707086,0.641758840424435,0.227052404504646,15.9337650271924
5.64305555555556,0.561810947330892,0.641726582157783,0.226943845089537,15.9341060505416
5.64315476190476,0.561763635107578,0.641694317816918,0.226835337609185,15.9344470366189
5.64325396825397,0.561716328036408,0.641662047406406,0.226726882038111,15.9347879854323
5.64335317460317,0.561669026116651,0.641629770930812,0.226618478350849,15.9351288969897
5.64345238095238,0.561621729347573,0.641597488394695,0.22651012652194,15.935469771299
5.64355158730159,0.561574437728442,0.641565199802616,0.226401826525939,15.9358106083682
5.64365079365079,0.561527151258527,0.641532905159129,0.226293578337409,15.9361514082053
5.64375,0.561479869937097,0.641500604468791,0.226185381930926,15.9364921708182
5.64384920634921,0.561432593763425,0.641468297736153,0.226077237281075,15.9368328962148
5.64394841269841,0.56138532273678,0.641435984965765,0.225969144362451,15.9371735844031
5.64404761904762,0.561338056856436,0.641403666162174,0.225861103149663,15.937514235391
5.64414682539683,0.561290796121667,0.641371341329926,0.225753113617327,15.9378548491864
5.64424603174603,0.561243540531745,0.641339010473563,0.225645175740071,15.9381954257973
5.64434523809524,0.561196290085948,0.641306673597626,0.225537289492534,15.9385359652316
5.64444444444444,0.561149044783549,0.641274330706654,0.225429454849366,15.9388764674972
5.64454365079365,0.561101804623827,0.641241981805183,0.225321671785226,15.9392169326021
5.64464285714286,0.561054569606058,0.641209626897746,0.225213940274784,15.9395573605541
5.64474206349206,0.561007339729522,0.641177265988875,0.225106260292722,15.9398977513612
5.64484126984127,0.560960114993498,0.6411448990831,0.224998631813733,15.9402381050312
5.64494047619048,0.560912895397267,0.641112526184947,0.224891054812518,15.9405784215722
5.64503968253968,0.560865680940109,0.641080147298941,0.22478352926379,15.9409187009919
5.64513888888889,0.560818471621306,0.641047762429605,0.224676055142274,15.9412589432984
5.64523809523809,0.560771267440142,0.641015371581458,0.224568632422704,15.9415991484995
5.6453373015873,0.5607240683959,0.640982974759019,0.224461261079825,15.941939316603
5.64543650793651,0.560676874487865,0.640950571966803,0.224353941088391,15.9422794476169
5.64553571428571,0.560629685715323,0.640918163209324,0.224246672423171,15.9426195415492
5.64563492063492,0.56058250207756,0.640885748491091,0.224139455058941,15.9429595984076
5.64573412698413,0.560535323573862,0.640853327816616,0.224032288970488,15.9432996182
5.64583333333333,0.56048815020352,0.640820901190402,0.223925174132611,15.9436396009344
5.64593253968254,0.560440981965821,0.640788468616956,0.223818110520119,15.9439795466186
5.64603174603175,0.560393818860055,0.640756030100778,0.22371109810783,15.9443194552605
5.64613095238095,0.560346660885513,0.640723585646369,0.223604136870577,15.9446593268679
5.64623015873016,0.560299508041487,0.640691135258225,0.223497226783197,15.9449991614488
5.64632936507937,0.560252360327269,0.640658678940842,0.223390367820545,15.945338959011
5.64642857142857,0.560205217742153,0.640626216698712,0.223283559957481,15.9456787195624
5.64652777777778,0.560158080285433,0.640593748536327,0.223176803168879,15.9460184431108
5.64662698412698,0.560110947956404,0.640561274458173,0.223070097429622,15.946358129664
5.64672619047619,0.560063820754363,0.640528794468738,0.222963442714603,15.9466977792301
5.6468253968254,0.560016698678605,0.640496308572505,0.222856838998728,15.9470373918167
5.6469246031746,0.559969581728428,0.640463816773955,0.22275028625691,15.9473769674318
5.64702380952381,0.559922469903133,0.640431319077567,0.222643784464078,15.9477165060831
5.64712301587302,0.559875363202017,0.640398815487819,0.222537333595167,15.9480560077786
5.64722222222222,0.559828261624381,0.640366306009184,0.222430933625125,15.9483954725261
5.64732142857143,0.559781165169527,0.640333790646134,0.222324584528908,15.9487349003334
5.64742063492063,0.559734073836757,0.640301269403141,0.222218286281487,15.9490742912084
5.64751984126984,0.559686987625373,0.640268742284671,0.222112038857838,15.9494136451588
5.64761904761905,0.559639906534679,0.640236209295191,0.222005842232954,15.9497529621926
5.64771825396825,0.55959283056398,0.640203670439162,0.221899696381832,15.9500922423175
5.64781746031746,0.559545759712582,0.640171125721046,0.221793601279487,15.9504314855413
5.64791666666667,0.559498693979792,0.640138575145301,0.221687556900937,15.950770691872
5.64801587301587,0.559451633364916,0.640106018716385,0.221581563221217,15.9511098613172
5.64811507936508,0.559404577867262,0.64007345643875,0.221475620215368,15.9514489938849
5.64821428571429,0.55935752748614,0.640040888316849,0.221369727858444,15.9517880895828
5.64831349206349,0.55931048222086,0.64000831435513,0.221263886125511,15.9521271484187
5.6484126984127,0.559263442070733,0.639975734558042,0.221158094991641,15.9524661704005
5.64851190476191,0.559216407035069,0.639943148930029,0.221052354431921,15.9528051555359
5.64861111111111,0.559169377113183,0.639910557475533,0.220946664421448,15.9531441038328
5.64871031746032,0.559122352304387,0.639877960198995,0.220841024935327,15.9534830152989
5.64880952380952,0.559075332607995,0.639845357104853,0.220735435948677,15.9538218899421
5.64890873015873,0.559028318023323,0.639812748197543,0.220629897436624,15.9541607277701
5.64900793650794,0.558981308549687,0.639780133481497,0.220524409374309,15.9544995287907
5.64910714285714,0.558934304186404,0.639747512961149,0.22041897173688,15.9548382930117
5.64920634920635,0.55888730493279,0.639714886640925,0.220313584499497,15.9551770204409
5.64930555555556,0.558840310788166,0.639682254525253,0.220208247637331,15.9555157110861
5.64940476190476,0.558793321751851,0.639649616618558,0.220102961125563,15.955854364955
5.64950396825397,0.558746337823165,0.639616972925261,0.219997724939386,15.9561929820554
5.64960317460317,0.558699359001429,0.639584323449782,0.219892539054,15.9565315623952
5.64970238095238,0.558652385285966,0.639551668196538,0.219787403444621,15.9568701059819
5.64980158730159,0.558605416676098,0.639519007169946,0.21968231808647,15.9572086128235
5.64990079365079,0.558558453171149,0.639486340374417,0.219577282954783,15.9575470829277
5.65,0.558511494770445,0.639453667814362,0.219472298024806,15.9578855163022
5.65009920634921,0.55846454147331,0.639420989494191,0.219367363271793,15.9582239129548
5.65019841269841,0.558417593279072,0.639388305418308,0.219262478671011,15.9585622728933
5.65029761904762,0.558370650187057,0.639355615591118,0.219157644197737,15.9589005961254
5.65039682539683,0.558323712196595,0.639322920017023,0.219052859827258,15.9592388826588
5.65049603174603,0.558276779307013,0.639290218700421,0.218948125534874,15.9595771325013
5.65059523809524,0.558229851517642,0.639257511645709,0.218843441295892,15.9599153456607
5.65069444444444,0.558182928827813,0.639224798857283,0.218738807085632,15.9602535221446
5.65079365079365,0.558136011236858,0.639192080339534,0.218634222879424,15.9605916619608
5.65089285714286,0.558089098744109,0.639159356096853,0.21852968865261,15.9609297651171
5.65099206349206,0.5580421913489,0.639126626133628,0.218425204380541,15.9612678316211
5.65109126984127,0.557995289050565,0.639093890454244,0.218320770038579,15.9616058614807
5.65119047619048,0.557948391848438,0.639061149063085,0.218216385602096,15.9619438547034
5.65128968253968,0.557901499741858,0.639028401964531,0.218112051046476,15.9622818112971
5.65138888888889,0.557854612730159,0.638995649162961,0.218007766347113,15.9626197312695
5.6514880952381,0.557807730812681,0.638962890662753,0.217903531479411,15.9629576146282
5.6515873015873,0.557760853988761,0.638930126468279,0.217799346418786,15.9632954613811
5.65168650793651,0.55771398225774,0.638897356583911,0.217695211140665,15.9636332715357
5.65178571428571,0.557667115618958,0.638864581014021,0.217591125620482,15.9639710450998
5.65188492063492,0.557620254071755,0.638831799762974,0.217487089833686,15.9643087820812
5.65198412698413,0.557573397615475,0.638799012835136,0.217383103755734,15.9646464824874
5.65208333333333,0.557526546249461,0.638766220234869,0.217279167362096,15.9649841463263
5.65218253968254,0.557479699973055,0.638733421966534,0.217175280628248,15.9653217736054
5.65228174603175,0.557432858785604,0.638700618034489,0.217071443529683,15.9656593643326
5.65238095238095,0.557386022686453,0.638667808443091,0.2169676560419,15.9659969185154
5.65248015873016,0.557339191674948,0.638634993196693,0.21686391814041,15.9663344361616
5.65257936507937,0.557292365750437,0.638602172299645,0.216760229800735,15.9666719172788
5.65267857142857,0.557245544912268,0.638569345756298,0.216656590998407,15.9670093618748
5.65277777777778,0.55719872915979,0.638536513570998,0.216553001708969,15.9673467699571
5.65287698412698,0.557151918492352,0.63850367574809,0.216449461907974,15.9676841415336
5.65297619047619,0.557105112909308,0.638470832291915,0.216345971570988,15.9680214766118
5.6530753968254,0.557058312410007,0.638437983206814,0.216242530673584,15.9683587751994
5.6531746031746,0.557011516993802,0.638405128497125,0.216139139191349,15.9686960373041
5.65327380952381,0.556964726660048,0.638372268167182,0.216035797099878,15.9690332629336
5.65337301587302,0.556917941408098,0.638339402221319,0.215932504374778,15.9693704520954
5.65347222222222,0.556871161237308,0.638306530663867,0.215829260991666,15.9697076047973
5.65357142857143,0.556824386147034,0.638273653499155,0.215726066926171,15.970044721047
5.65367063492064,0.556777616136632,0.638240770731508,0.215622922153931,15.970381800852
5.65376984126984,0.556730851205461,0.638207882365251,0.215519826650596,15.97071884422
5.65386904761905,0.556684091352879,0.638174988404705,0.215416780391826,15.9710558511587
5.65396825396825,0.556637336578247,0.638142088854189,0.215313783353291,15.9713928216756
5.65406746031746,0.556590586880924,0.638109183718022,0.215210835510672,15.9717297557786
5.65416666666667,0.556543842260271,0.638076273000518,0.215107936839662,15.972066653475
5.65426587301587,0.556497102715652,0.638043356705988,0.215005087315963,15.9724035147727
5.65436507936508,0.556450368246429,0.638010434838745,0.214902286915287,15.9727403396793
5.65446428571429,0.556403638851966,0.637977507403095,0.214799535613359,15.9730771282023
5.65456349206349,0.556356914531628,0.637944574403344,0.214696833385913,15.9734138803494
5.6546626984127,0.556310195284781,0.637911635843797,0.214594180208695,15.9737505961282
5.65476190476191,0.556263481110791,0.637878691728753,0.21449157605746,15.9740872755463
5.65486111111111,0.556216772009026,0.637845742062513,0.214389020907975,15.9744239186114
5.65496031746032,0.556170067978854,0.637812786849372,0.214286514736016,15.974760525331
5.65505952380952,0.556123369019644,0.637779826093625,0.21418405751737,15.9750970957128
5.65515873015873,0.556076675130766,0.637746859799564,0.214081649227837,15.9754336297644
5.65525793650794,0.556029986311592,0.637713887971479,0.213979289843225,15.9757701274933
5.65535714285714,0.555983302561493,0.637680910613657,0.213876979339354,15.9761065889073
5.65545634920635,0.555936623879842,0.637647927730384,0.213774717692054,15.9764430140138
5.65555555555556,0.555889950266011,0.637614939325942,0.213672504877166,15.9767794028204
5.65565476190476,0.555843281719377,0.637581945404612,0.213570340870541,15.9771157553349
5.65575396825397,0.555796618239314,0.637548945970673,0.213468225648041,15.9774520715647
5.65585317460318,0.555749959825197,0.6375159410284,0.213366159185538,15.9777883515174
5.65595238095238,0.555703306476405,0.637482930582068,0.213264141458918,15.9781245952007
5.65605158730159,0.555656658192315,0.637449914635947,0.213162172444073,15.978460802622
5.65615079365079,0.555610014972306,0.637416893194308,0.213060252116908,15.978796973789
5.65625,0.555563376815758,0.637383866261417,0.212958380453339,15.9791331087093
5.65634920634921,0.555516743722051,0.637350833841538,0.212856557429291,15.9794692073904
5.65644841269841,0.555470115690566,0.637317795938935,0.212754783020701,15.9798052698399
5.65654761904762,0.555423492720686,0.637284752557867,0.212653057203516,15.9801412960654
5.65664682539683,0.555376874811793,0.637251703702593,0.212551379953693,15.9804772860744
5.65674603174603,0.555330261963273,0.637218649377367,0.212449751247202,15.9808132398744
5.65684523809524,0.555283654174509,0.637185589586443,0.212348171060022,15.9811491574731
5.65694444444444,0.555237051444888,0.637152524334072,0.212246639368142,15.981485038878
5.65704365079365,0.555190453773796,0.637119453624503,0.212145156147562,15.9818208840966
5.65714285714286,0.555143861160621,0.637086377461983,0.212043721374295,15.9821566931365
5.65724206349206,0.555097273604751,0.637053295850754,0.211942335024361,15.9824924660053
5.65734126984127,0.555050691105574,0.63702020879506,0.211840997073792,15.9828282027104
5.65744047619048,0.555004113662483,0.63698711629914,0.211739707498632,15.9831639032595
5.65753968253968,0.554957541274867,0.636954018367231,0.211638466274934,15.98349956766
5.65763888888889,0.554910973942117,0.636920915003568,0.211537273378763,15.9838351959195
5.65773809523809,0.554864411663628,0.636887806212384,0.211436128786194,15.9841707880455
5.6578373015873,0.554817854438792,0.63685469199791,0.211335032473311,15.9845063440455
5.65793650793651,0.554771302267004,0.636821572364373,0.211233984416212,15.9848418639271
5.65803571428571,0.55472475514766,0.636788447316,0.211132984591002,15.9851773476978
5.65813492063492,0.554678213080154,0.636755316857014,0.211032032973798,15.9855127953652
5.65823412698413,0.554631676063886,0.636722180991636,0.210931129540731,15.9858482069366
5.65833333333333,0.554585144098252,0.636689039724086,0.210830274267938,15.9861835824197
5.65843253968254,0.554538617182651,0.636655893058581,0.210729467131568,15.9865189218219
5.65853174603175,0.554492095316484,0.636622740999334,0.210628708107781,15.9868542251508
5.65863095238095,0.55444557849915,0.636589583550559,0.210527997172748,15.9871894924138
5.65873015873016,0.554399066730051,0.636556420716465,0.21042733430265,15.9875247236185
5.65882936507937,0.554352560008588,0.636523252501259,0.210326719473679,15.9878599187724
5.65892857142857,0.554306058334167,0.636490078909148,0.210226152662038,15.9881950778829
5.65902777777778,0.554259561706191,0.636456899944334,0.21012563384394,15.9885302009575
5.65912698412698,0.554213070124063,0.636423715611018,0.210025162995608,15.9888652880038
5.65922619047619,0.554166583587192,0.636390525913398,0.209924740093278,15.9892003390292
5.6593253968254,0.554120102094982,0.636357330855672,0.209824365113193,15.9895353540412
5.6594246031746,0.554073625646841,0.636324130442032,0.20972403803161,15.9898703330473
5.65952380952381,0.554027154242178,0.636290924676671,0.209623758824796,15.990205276055
5.65962301587302,0.553980687880402,0.636257713563778,0.209523527469026,15.9905401830717
5.65972222222222,0.553934226560924,0.63622449710754,0.209423343940589,15.9908750541049
5.65982142857143,0.553887770283154,0.636191275312142,0.209323208215784,15.9912098891621
5.65992063492063,0.553841319046504,0.636158048181766,0.209223120270918,15.9915446882507
5.66001984126984,0.553794872850388,0.636124815720594,0.209123080082312,15.9918794513782
5.66011904761905,0.553748431694217,0.636091577932802,0.209023087626296,15.9922141785521
5.66021825396825,0.553701995577408,0.636058334822567,0.20892314287921,15.9925488697799
5.66031746031746,0.553655564499375,0.636025086394062,0.208823245817406,15.9928835250689
5.66041666666667,0.553609138459535,0.635991832651458,0.208723396417247,15.9932181444266
5.66051587301587,0.553562717457305,0.635958573598925,0.208623594655104,15.9935527278605
5.66061507936508,0.553516301492103,0.635925309240628,0.208523840507362,15.993887275378
5.66071428571429,0.553469890563347,0.635892039580732,0.208424133950414,15.9942217869866
5.66081349206349,0.553423484670458,0.635858764623399,0.208324474960665,15.9945562626937
5.6609126984127,0.553377083812855,0.635825484372789,0.208224863514531,15.9948907025068
5.6610119047619,0.553330687989961,0.63579219883306,0.208125299588436,15.9952251064332
5.66111111111111,0.553284297201198,0.635758908008366,0.208025783158818,15.9955594744804
5.66121031746032,0.553237911445989,0.635725611902861,0.207926314202124,15.9958938066558
5.66130952380952,0.553191530723758,0.635692310520695,0.207826892694812,15.996228102967
5.66140873015873,0.553145155033931,0.635659003866016,0.207727518613351,15.9965623634211
5.66150793650794,0.553098784375932,0.635625691942971,0.207628191934219,15.9968965880258
5.66160714285714,0.553052418749188,0.635592374755703,0.207528912633906,15.9972307767884
5.66170634920635,0.553006058153128,0.635559052308355,0.207429680688913,15.9975649297164
5.66180555555556,0.55295970258718,0.635525724605064,0.20733049607575,15.997899046817
5.66190476190476,0.552913352050772,0.635492391649968,0.207231358770939,15.9982331280979
5.66200396825397,0.552867006543336,0.635459053447203,0.207132268751014,15.9985671735662
5.66210317460317,0.552820666064302,0.6354257100009,0.207033225992516,15.9989011832296
5.66220238095238,0.552774330613102,0.635392361315188,0.206934230472,15.9992351570952
5.66230158730159,0.552728000189169,0.635359007394198,0.206835282166029,15.9995690951706
5.66240079365079,0.552681674791936,0.635325648242052,0.206736381051178,15.9999029974632
5.6625,0.552635354420839,0.635292283862876,0.206637527104033,16.0002368639803
5.66259920634921,0.552589039075312,0.63525891426079,0.20653872030119,16.0005706947293
5.66269841269841,0.552542728754792,0.635225539439912,0.206439960619256,16.0009044897176
5.66279761904762,0.552496423458716,0.63519215940436,0.206341248034848,16.0012382489525
5.66289682539683,0.552450123186522,0.635158774158247,0.206242582524595,16.0015719724416
5.66299603174603,0.552403827937649,0.635125383705685,0.206143964065135,16.001905660192
5.66309523809524,0.552357537711537,0.635091988050784,0.206045392633117,16.0022393122113
5.66319444444444,0.552311252507626,0.635058587197651,0.205946868205201,16.0025729285067
5.66329365079365,0.552264972325357,0.63502518115039,0.205848390758058,16.0029065090857
5.66339285714286,0.552218697164174,0.634991769913106,0.205749960268369,16.0032400539556
5.66349206349206,0.55217242702352,0.634958353489898,0.205651576712827,16.0035735631237
5.66359126984127,0.552126161902838,0.634924931884865,0.205553240068134,16.0039070365975
5.66369047619048,0.552079901801574,0.634891505102101,0.205454950311002,16.0042404743843
5.66378968253968,0.552033646719173,0.634858073145702,0.205356707418156,16.0045738764913
5.66388888888889,0.551987396655083,0.634824636019759,0.20525851136633,16.0049072429261
5.66398809523809,0.55194115160875,0.634791193728359,0.205160362132269,16.0052405736958
5.6640873015873,0.551894911579623,0.634757746275591,0.205062259692729,16.005573868808
5.66418650793651,0.551848676567153,0.634724293665538,0.204964204024476,16.0059071282698
5.66428571428571,0.551802446570788,0.634690835902284,0.204866195104288,16.0062403520887
5.66438492063492,0.55175622158998,0.634657372989907,0.204768232908952,16.0065735402719
5.66448412698413,0.551710001624181,0.634623904932486,0.204670317415266,16.0069066928269
5.66458333333333,0.551663786672844,0.634590431734095,0.204572448600039,16.0072398097608
5.66468253968254,0.551617576735423,0.634556953398809,0.204474626440091,16.0075728910812
5.66478174603175,0.551571371811371,0.634523469930697,0.204376850912252,16.0079059367952
5.66488095238095,0.551525171900145,0.634489981333829,0.204279121993362,16.0082389469102
5.66498015873016,0.551478977001201,0.63445648761227,0.204181439660274,16.0085719214336
5.66507936507937,0.551432787113997,0.634422988770085,0.204083803889849,16.0089048603725
5.66517857142857,0.551386602237989,0.634389484811335,0.203986214658961,16.0092377637345
5.66527777777778,0.551340422372637,0.63435597574008,0.203888671944492,16.0095706315266
5.66537698412698,0.551294247517402,0.634322461560376,0.203791175723336,16.0099034637563
5.66547619047619,0.551248077671742,0.634288942276279,0.203693725972399,16.0102362604309
5.6655753968254,0.551201912835121,0.634255417891841,0.203596322668594,16.0105690215576
5.6656746031746,0.551155753007001,0.634221888411113,0.203498965788849,16.0109017471438
5.66577380952381,0.551109598186844,0.634188353838142,0.203401655310101,16.0112344371967
5.66587301587302,0.551063448374115,0.634154814176974,0.203304391209296,16.0115670917237
5.66597222222222,0.55101730356828,0.634121269431653,0.203207173463391,16.0118997107319
5.66607142857143,0.550971163768803,0.63408771960622,0.203110002049357,16.0122322942288
5.66617063492063,0.550925028975153,0.634054164704714,0.203012876944171,16.0125648422215
5.66626984126984,0.550878899186795,0.634020604731171,0.202915798124823,16.0128973547175
5.66636904761905,0.550832774403199,0.633987039689625,0.202818765568315,16.0132298317238
5.66646825396825,0.550786654623835,0.633953469584109,0.202721779251657,16.0135622732479
5.66656746031746,0.550740539848173,0.633919894418653,0.20262483915187,16.0138946792969
5.66666666666667,0.550694430075683,0.633886314197283,0.202527945245987,16.0142270498782
5.66676587301587,0.550648325305838,0.633852728924025,0.202431097511052,16.014559384999
5.66686507936508,0.55060222553811,0.633819138602903,0.202334295924117,16.0148916846666
5.66696428571429,0.550556130771974,0.633785543237936,0.202237540462246,16.0152239488882
5.66706349206349,0.550510041006903,0.633751942833143,0.202140831102515,16.0155561776711
5.6671626984127,0.550463956242375,0.63371833739254,0.20204416782201,16.0158883710225
5.66726190476191,0.550417876477864,0.633684726920141,0.201947550597826,16.0162205289497
5.66736111111111,0.550371801712848,0.633651111419958,0.20185097940707,16.0165526514599
5.66746031746032,0.550325731946805,0.633617490895999,0.20175445422686,16.0168847385604
5.66755952380952,0.550279667179215,0.633583865352271,0.201657975034324,16.0172167902584
5.66765873015873,0.550233607409556,0.63355023479278,0.2015615418066,16.0175488065612
5.66775793650794,0.55018755263731,0.633516599221527,0.201465154520837,16.017880787476
5.66785714285714,0.550141502861959,0.633482958642513,0.201368813154197,16.0182127330099
5.66795634920635,0.550095458082984,0.633449313059736,0.201272517683849,16.0185446431703
5.66805555555556,0.55004941829987,0.63341566247719,0.201176268086974,16.0188765179644
5.66815476190476,0.5500033835121,0.63338200689887,0.201080064340765,16.0192083573994
5.66825396825397,0.549957353719159,0.633348346328767,0.200983906422425,16.0195401614825
5.66835317460317,0.549911328920534,0.633314680770868,0.200887794309165,16.0198719302209
5.66845238095238,0.549865309115711,0.633281010229161,0.200791727978211,16.0202036636219
5.66855158730159,0.549819294304177,0.633247334707629,0.200695707406795,16.0205353616926
5.66865079365079,0.549773284485422,0.633213654210255,0.200599732572166,16.0208670244403
5.66875,0.549727279658935,0.633179968741018,0.200503803451576,16.0211986518721
5.66884920634921,0.549681279824207,0.633146278303895,0.200407920022293,16.0215302439953
5.66894841269841,0.549635284980727,0.633112582902862,0.200312082261594,16.0218618008171
5.66904761904762,0.549589295127989,0.633078882541891,0.200216290146766,16.0221933223446
5.66914682539683,0.549543310265485,0.633045177224952,0.200120543655109,16.0225248085851
5.66924603174603,0.549497330392709,0.633011466956014,0.200024842763929,16.0228562595458
5.66934523809524,0.549451355509157,0.632977751739042,0.199929187450548,16.0231876752338
5.66944444444444,0.549405385614322,0.632944031578001,0.199833577692295,16.0235190556563
5.66954365079365,0.549359420695244,0.632910306481153,0.199738013470091,16.0238504008248
5.66964285714286,0.549313460700739,0.632876576469806,0.199642494776661,16.0241817107639
5.66974206349206,0.549267505624477,0.632842841549588,0.19954702159289,16.0245129854823
5.66984126984127,0.549221555465469,0.632809101724276,0.199451593898186,16.0248442249869
5.66994047619048,0.549175610222727,0.632775356997642,0.199356211671963,16.0251754292847
5.67003968253968,0.549129669895261,0.632741607373458,0.199260874893641,16.0255065983824
5.67013888888889,0.549083734482084,0.632707852855497,0.199165583542647,16.0258377322871
5.6702380952381,0.549037803982208,0.632674093447526,0.199070337598416,16.0261688310056
5.6703373015873,0.548991878394646,0.632640329153315,0.198975137040388,16.0264998945448
5.67043650793651,0.548945957718411,0.632606559976631,0.198879981848008,16.0268309229116
5.67053571428571,0.548900041952517,0.632572785921238,0.198784872000732,16.0271619161128
5.67063492063492,0.548854131095976,0.632539006990901,0.198689807478018,16.0274928741555
5.67073412698413,0.548808225147803,0.632505223189383,0.198594788259333,16.0278237970463
5.67083333333333,0.548762324107013,0.632471434520446,0.19849981432415,16.0281546847923
5.67093253968254,0.548716427972621,0.63243764098785,0.19840488565195,16.0284855374003
5.67103174603175,0.548670536743642,0.632403842595354,0.198310002222219,16.0288163548772
5.67113095238095,0.548624650419091,0.632370039346715,0.198215164014448,16.0291471372299
5.67123015873016,0.548578768997986,0.632336231245689,0.198120371008138,16.0294778844652
5.67132936507937,0.548532892479341,0.632302418296032,0.198025623182795,16.02980859659
5.67142857142857,0.548487020862175,0.632268600501497,0.197930920517931,16.0301392736112
5.67152777777778,0.548441154145503,0.632234777865836,0.197836262993064,16.0304699155356
5.67162698412698,0.548395292328344,0.6322009503928,0.197741650587722,16.0308005223702
5.67172619047619,0.548349435409716,0.632167118086139,0.197647083281435,16.0311310941218
5.6718253968254,0.548303583388637,0.632133280949601,0.197552561053744,16.0314616307972
5.6719246031746,0.548257736264125,0.632099438986933,0.197458083884193,16.0317921324034
5.67202380952381,0.5482118940352,0.63206559220188,0.197363651752335,16.0321225989471
5.67212301587302,0.548166056700882,0.632031740598187,0.197269264637727,16.0324530304353
5.67222222222222,0.548120224260188,0.631997884179596,0.197174922519934,16.0327834268747
5.67232142857143,0.548074396712142,0.63196402294985,0.19708062537853,16.0331137882723
5.67242063492063,0.548028574055761,0.631930156912687,0.196986373193091,16.0334441146349
5.67251984126984,0.547982756290069,0.631896286071848,0.196892165943203,16.0337744059694
5.67261904761905,0.547936943414085,0.63186241043107,0.196798003608456,16.0341046622826
5.67271825396825,0.547891135426832,0.631828529994088,0.19670388616845,16.0344348835813
5.67281746031746,0.547845332327332,0.631794644764638,0.196609813602787,16.0347650698724
5.67291666666667,0.547799534114607,0.631760754746454,0.196515785891081,16.0350952211628
5.67301587301587,0.547753740787679,0.631726859943267,0.196421803012946,16.0354253374593
5.67311507936508,0.547707952345573,0.631692960358809,0.19632786494801,16.0357554187687
5.67321428571429,0.547662168787311,0.631659055996809,0.196233971675901,16.0360854650979
5.67331349206349,0.547616390111918,0.631625146860995,0.196140123176258,16.0364154764537
5.6734126984127,0.547570616318418,0.631591232955094,0.196046319428724,16.0367454528429
5.6735119047619,0.547524847405836,0.631557314282832,0.19595256041295,16.0370753942724
5.67361111111111,0.547479083373196,0.631523390847933,0.195858846108592,16.037405300749
5.67371031746032,0.547433324219524,0.631489462654119,0.195765176495315,16.0377351722796
5.67380952380952,0.547387569943846,0.631455529705113,0.195671551552789,16.0380650088709
5.67390873015873,0.547341820545189,0.631421592004634,0.19557797126069,16.0383948105299
5.67400793650794,0.547296076022578,0.631387649556402,0.195484435598701,16.0387245772632
5.67410714285714,0.547250336375041,0.631353702364133,0.195390944546514,16.0390543090779
5.67420634920635,0.547204601601605,0.631319750431545,0.195297498083823,16.0393840059805
5.67430555555556,0.547158871701297,0.631285793762352,0.195204096190332,16.0397136679781
5.67440476190476,0.547113146673146,0.631251832360267,0.195110738845751,16.0400432950774
5.67450396825397,0.54706742651618,0.631217866229003,0.195017426029796,16.0403728872852
5.67460317460317,0.547021711229429,0.631183895372271,0.194924157722189,16.0407024446083
5.67470238095238,0.546976000811921,0.63114991979378,0.194830933902661,16.0410319670536
5.67480158730159,0.546930295262685,0.631115939497238,0.194737754550946,16.0413614546278
5.67490079365079,0.546884594580752,0.631081954486352,0.194644619646787,16.0416909073379
5.675,0.546838898765153,0.631047964764828,0.194551529169934,16.0420203251904
5.67509920634921,0.546793207814917,0.63101397033637,0.194458483100142,16.0423497081924
5.67519841269841,0.546747521729075,0.630979971204681,0.194365481417171,16.0426790563506
5.67529761904762,0.546701840506661,0.630945967373462,0.194272524100794,16.0430083696718
5.67539682539683,0.546656164146704,0.630911958846414,0.194179611130783,16.0433376481627
5.67549603174603,0.546610492648238,0.630877945627235,0.194086742486921,16.0436668918302
5.67559523809524,0.546564826010295,0.630843927719623,0.193993918148996,16.0439961006812
5.67569444444444,0.546519164231907,0.630809905127275,0.193901138096803,16.0443252747223
5.67579365079365,0.546473507312109,0.630775877853884,0.193808402310145,16.0446544139604
5.67589285714286,0.546427855249934,0.630741845903145,0.193715710768828,16.0449835184022
5.67599206349206,0.546382208044415,0.630707809278749,0.193623063452667,16.0453125880546
5.67609126984127,0.546336565694588,0.630673767984388,0.193530460341485,16.0456416229243
5.67619047619048,0.546290928199488,0.630639722023751,0.193437901415109,16.0459706230182
5.67628968253968,0.546245295558149,0.630605671400526,0.193345386653373,16.046299588343
5.67638888888889,0.546199667769607,0.630571616118401,0.193252916036118,16.0466285189055
5.67648809523809,0.546154044832898,0.63053755618106,0.193160489543191,16.0469574147124
5.6765873015873,0.546108426747059,0.630503491592187,0.193068107154448,16.0472862757706
5.67668650793651,0.546062813511125,0.630469422355467,0.192975768849747,16.0476151020869
5.67678571428571,0.546017205124135,0.630435348474579,0.192883474608958,16.0479438936679
5.67688492063492,0.545971601585125,0.630401269953206,0.192791224411953,16.0482726505206
5.67698412698413,0.545926002893135,0.630367186795024,0.192699018238614,16.0486013726515
5.67708333333333,0.5458804090472,0.630333099003712,0.192606856068826,16.0489300600676
5.67718253968254,0.545834820046361,0.630299006582946,0.192514737882484,16.0492587127756
5.67728174603175,0.545789235889657,0.630264909536401,0.192422663659487,16.0495873307823
5.67738095238095,0.545743656576126,0.63023080786775,0.192330633379743,16.0499159140944
5.67748015873016,0.545698082104808,0.630196701580665,0.192238647023163,16.0502444627186
5.67757936507937,0.545652512474743,0.630162590678817,0.192146704569669,16.0505729766618
5.67767857142857,0.545606947684973,0.630128475165877,0.192054805999187,16.0509014559307
5.67777777777778,0.545561387734537,0.630094355045511,0.19196295129165,16.0512299005321
5.67787698412698,0.545515832622478,0.630060230321388,0.191871140426996,16.0515583104727
5.67797619047619,0.545470282347835,0.630026100997171,0.191779373385173,16.0518866857592
5.6780753968254,0.545424736909653,0.629991967076526,0.191687650146133,16.0522150263985
5.6781746031746,0.545379196306972,0.629957828563115,0.191595970689833,16.0525433323973
5.67827380952381,0.545333660538836,0.629923685460601,0.191504334996243,16.0528716037622
5.67837301587302,0.545288129604287,0.629889537772642,0.191412743045332,16.0531998405002
5.67847222222222,0.54524260350237,0.629855385502898,0.191321194817081,16.0535280426179
5.67857142857143,0.545197082232128,0.629821228655026,0.191229690291474,16.053856210122
5.67867063492063,0.545151565792605,0.629787067232683,0.191138229448504,16.0541843430193
5.67876984126984,0.545106054182846,0.629752901239523,0.19104681226817,16.0545124413165
5.67886904761905,0.545060547401895,0.6297187306792,0.190955438730475,16.0548405050205
5.67896825396825,0.545015045448799,0.629684555555366,0.190864108815433,16.0551685341378
5.67906746031746,0.544969548322603,0.629650375871672,0.190772822503061,16.0554965286753
5.67916666666667,0.544924056022353,0.629616191631767,0.190681579773385,16.0558244886397
5.67926587301587,0.544878568547095,0.6295820028393,0.190590380606436,16.0561524140376
5.67936507936508,0.544833085895877,0.629547809497916,0.190499224982252,16.0564803048759
5.67946428571429,0.544787608067745,0.629513611611263,0.190408112880878,16.0568081611613
5.67956349206349,0.544742135061747,0.629479409182984,0.190317044282364,16.0571359829005
5.6796626984127,0.544696666876931,0.629445202216721,0.190226019166768,16.0574637701002
5.67976190476191,0.544651203512347,0.629410990716117,0.190135037514156,16.0577915227671
5.67986111111111,0.544605744967041,0.629376774684811,0.190044099304598,16.058119240908
5.67996031746032,0.544560291240064,0.629342554126442,0.189953204518171,16.0584469245295
5.68005952380952,0.544514842330464,0.629308329044648,0.189862353134959,16.0587745736385
5.68015873015873,0.544469398237292,0.629274099443065,0.189771545135052,16.0591021882415
5.68025793650794,0.544423958959599,0.629239865325328,0.189680780498549,16.0594297683454
5.68035714285714,0.544378524496433,0.62920562669507,0.189590059205553,16.0597573139568
5.68045634920635,0.544333094846847,0.629171383555923,0.189499381236173,16.0600848250824
5.68055555555556,0.544287670009893,0.629137135911518,0.189408746570527,16.060412301729
5.68065476190476,0.54424224998462,0.629102883765485,0.189318155188739,16.0607397439032
5.68075396825397,0.544196834770083,0.629068627121452,0.189227607070938,16.0610671516118
5.68085317460317,0.544151424365333,0.629034365983045,0.189137102197261,16.0613945248614
5.68095238095238,0.544106018769423,0.62900010035389,0.189046640547851,16.0617218636588
5.68105158730159,0.544060617981406,0.628965830237612,0.188956222102858,16.0620491680106
5.68115079365079,0.544015222000336,0.628931555637833,0.188865846842438,16.0623764379236
5.68125,0.543969830825267,0.628897276558174,0.188775514746753,16.0627036734045
5.68134920634921,0.543924444455254,0.628862993002255,0.188685225795975,16.0630308744599
5.68144841269841,0.543879062889351,0.628828704973697,0.188594979970277,16.0633580410965
5.68154761904762,0.543833686126612,0.628794412476115,0.188504777249843,16.0636851733211
5.68164682539683,0.543788314166095,0.628760115513126,0.188414617614863,16.0640122711402
5.68174603174603,0.543742947006854,0.628725814088345,0.188324501045531,16.0643393345607
5.68184523809524,0.543697584647946,0.628691508205386,0.18823442752205,16.0646663635891
5.68194444444444,0.543652227088427,0.628657197867859,0.188144397024628,16.0649933582322
5.68204365079365,0.543606874327355,0.628622883079378,0.188054409533482,16.0653203184966
5.68214285714286,0.543561526363786,0.62858856384355,0.187964465028833,16.0656472443891
5.68224206349206,0.543516183196779,0.628554240163984,0.18787456349091,16.0659741359162
5.68234126984127,0.543470844825392,0.628519912044286,0.187784704899947,16.0663009930848
5.68244047619048,0.543425511248683,0.628485579488063,0.187694889236187,16.0666278159013
5.68253968253968,0.543380182465711,0.628451242498918,0.187605116479878,16.0669546043726
5.68263888888889,0.543334858475535,0.628416901080454,0.187515386611274,16.0672813585053
5.6827380952381,0.543289539277215,0.628382555236272,0.187425699610637,16.0676080783061
5.6828373015873,0.543244224869811,0.628348204969974,0.187336055458236,16.0679347637815
5.68293650793651,0.543198915252383,0.628313850285156,0.187246454134343,16.0682614149384
5.68303571428571,0.543153610423993,0.628279491185418,0.187156895619241,16.0685880317833
5.68313492063492,0.5431083103837,0.628245127674355,0.187067379893217,16.0689146143229
5.68323412698413,0.543063015130568,0.628210759755561,0.186977906936566,16.0692411625639
5.68333333333333,0.543017724663656,0.628176387432631,0.186888476729588,16.0695676765129
5.68343253968254,0.542972438982029,0.628142010709156,0.186799089252589,16.0698941561766
5.68353174603175,0.542927158084748,0.628107629588728,0.186709744485886,16.0702206015617
5.68363095238095,0.542881881970877,0.628073244074935,0.186620442409798,16.0705470126747
5.68373015873016,0.542836610639478,0.628038854171366,0.186531183004652,16.0708733895224
5.68382936507937,0.542791344089616,0.628004459881607,0.186441966250781,16.0711997321114
5.68392857142857,0.542746082320355,0.627970061209245,0.186352792128526,16.0715260404483
5.68402777777778,0.542700825330759,0.627935658157863,0.186263660618234,16.0718523145398
5.68412698412698,0.542655573119893,0.627901250731043,0.186174571700258,16.0721785543925
5.68422619047619,0.542610325686822,0.627866838932368,0.186085525354958,16.072504760013
5.6843253968254,0.542565083030613,0.627832422765418,0.1859965215627,16.0728309314081
5.6844246031746,0.54251984515033,0.62779800223377,0.185907560303858,16.0731570685843
5.68452380952381,0.542474612045041,0.627763577341004,0.185818641558811,16.0734831715483
5.68462301587302,0.542429383713813,0.627729148090694,0.185729765307945,16.0738092403068
5.68472222222222,0.542384160155711,0.627694714486416,0.185640931531654,16.0741352748662
5.68482142857143,0.542338941369805,0.627660276531743,0.185552140210335,16.0744612752334
5.68492063492064,0.542293727355161,0.627625834230247,0.185463391324396,16.0747872414148
5.68501984126984,0.542248518110848,0.627591387585499,0.185374684854248,16.0751131734172
5.68511904761905,0.542203313635935,0.627556936601069,0.185286020780312,16.0754390712471
5.68521825396825,0.54215811392949,0.627522481280524,0.185197399083012,16.0757649349112
5.68531746031746,0.542112918990584,0.627488021627431,0.18510881974278,16.0760907644162
5.68541666666667,0.542067728818285,0.627453557645356,0.185020282740056,16.0764165597685
5.68551587301587,0.542022543411665,0.627419089337863,0.184931788055284,16.0767423209749
5.68561507936508,0.541977362769792,0.627384616708514,0.184843335668916,16.0770680480419
5.68571428571429,0.541932186891739,0.627350139760872,0.184754925561412,16.0773937409763
5.68581349206349,0.541887015776577,0.627315658498495,0.184666557713236,16.0777193997845
5.6859126984127,0.541841849423378,0.627281172924943,0.184578232104859,16.0780450244732
5.68601190476191,0.541796687831212,0.627246683043774,0.18448994871676,16.078370615049
5.68611111111111,0.541751530999153,0.627212188858543,0.184401707529423,16.0786961715185
5.68621031746032,0.541706378926274,0.627177690372806,0.18431350852334,16.0790216938883
5.68630952380952,0.541661231611648,0.627143187590115,0.184225351679009,16.0793471821651
5.68640873015873,0.541616089054347,0.627108680514022,0.184137236976933,16.0796726363554
5.68650793650794,0.541570951253447,0.627074169148079,0.184049164397625,16.0799980564658
5.68660714285714,0.541525818208021,0.627039653495835,0.183961133921601,16.0803234425029
5.68670634920635,0.541480689917144,0.627005133560838,0.183873145529386,16.0806487944734
5.68680555555556,0.541435566379891,0.626970609346635,0.18378519920151,16.0809741123837
5.68690476190476,0.541390447595337,0.626936080856771,0.183697294918511,16.0812993962406
5.68700396825397,0.541345333562559,0.62690154809479,0.183609432660933,16.0816246460506
5.68710317460318,0.541300224280632,0.626867011064235,0.183521612409325,16.0819498618202
5.68720238095238,0.541255119748633,0.626832469768648,0.183433834144245,16.0822750435562
5.68730158730159,0.541210019965639,0.626797924211568,0.183346097846257,16.082600191265
5.68740079365079,0.541164924930727,0.626763374396535,0.18325840349593,16.0829253049533
5.6875,0.541119834642974,0.626728820327085,0.183170751073842,16.0832503846275
5.68759920634921,0.54107474910146,0.626694262006755,0.183083140560575,16.0835754302944
5.68769841269841,0.541029668305261,0.62665969943908,0.18299557193672,16.0839004419605
5.68779761904762,0.540984592253458,0.626625132627592,0.182908045182873,16.0842254196324
5.68789682539683,0.540939520945128,0.626590561575825,0.182820560279635,16.0845503633166
5.68799603174603,0.540894454379353,0.626555986287308,0.182733117207618,16.0848752730197
5.68809523809524,0.540849392555211,0.626521406765572,0.182645715947438,16.0852001487483
5.68819444444444,0.540804335471783,0.626486823014144,0.182558356479717,16.0855249905089
5.68829365079365,0.540759283128149,0.626452235036551,0.182471038785084,16.0858497983082
5.68839285714286,0.540714235523391,0.626417642836318,0.182383762844175,16.0861745721527
5.68849206349206,0.54066919265659,0.62638304641697,0.182296528637632,16.0864993120489
5.68859126984127,0.540624154526827,0.626348445782029,0.182209336146105,16.0868240180035
5.68869047619048,0.540579121133186,0.626313840935017,0.182122185350248,16.0871486900229
5.68878968253968,0.540534092474748,0.626279231879454,0.182035076230725,16.0874733281138
5.68888888888889,0.540489068550597,0.626244618618858,0.181948008768204,16.0877979322827
5.68898809523809,0.540444049359815,0.626210001156747,0.181860982943359,16.0881225025361
5.6890873015873,0.540399034901486,0.626175379496638,0.181773998736873,16.0884470388806
5.68918650793651,0.540354025174695,0.626140753642043,0.181687056129434,16.0887715413228
5.68928571428571,0.540309020178526,0.626106123596478,0.181600155101736,16.0890960098692
5.68938492063492,0.540264019912063,0.626071489363454,0.181513295634482,16.0894204445263
5.68948412698413,0.540219024374392,0.626036850946483,0.18142647770838,16.0897448453008
5.68958333333333,0.540174033564598,0.626002208349072,0.181339701304143,16.0900692121991
5.68968253968254,0.540129047481768,0.625967561574731,0.181252966402495,16.0903935452278
5.68978174603175,0.540084066124987,0.625932910626966,0.181166272984161,16.0907178443934
5.68988095238095,0.540039089493343,0.625898255509282,0.181079621029876,16.0910421097026
5.68998015873016,0.539994117585921,0.625863596225184,0.180993010520382,16.0913663411617
5.69007936507937,0.53994915040181,0.625828932778175,0.180906441436426,16.0916905387774
5.69017857142857,0.539904187940098,0.625794265171755,0.180819913758761,16.0920147025561
5.69027777777778,0.539859230199873,0.625759593409425,0.180733427468149,16.0923388325045
5.69037698412698,0.539814277180222,0.625724917494683,0.180646982545357,16.092662928629
5.69047619047619,0.539769328880236,0.625690237431028,0.180560578971158,16.0929869909362
5.6905753968254,0.539724385299003,0.625655553221954,0.180474216726333,16.0933110194326
5.6906746031746,0.539679446435614,0.625620864870957,0.180387895791669,16.0936350141247
5.69077380952381,0.539634512289157,0.62558617238153,0.180301616147959,16.093958975019
5.69087301587302,0.539589582858724,0.625551475757165,0.180215377776002,16.0942829021222
5.69097222222222,0.539544658143406,0.625516775001353,0.180129180656606,16.0946067954406
5.69107142857143,0.539499738142293,0.625482070117583,0.180043024770585,16.0949306549808
5.69117063492063,0.539454822854477,0.625447361109344,0.179956910098757,16.0952544807494
5.69126984126984,0.539409912279051,0.625412647980122,0.179870836621948,16.0955782727528
5.69136904761905,0.539365006415105,0.625377930733402,0.179784804320993,16.0959020309976
5.69146825396825,0.539320105261734,0.625343209372668,0.17969881317673,16.0962257554902
5.69156746031746,0.53927520881803,0.625308483901404,0.179612863170004,16.0965494462372
5.69166666666667,0.539230317083086,0.62527375432309,0.17952695428167,16.0968731032451
5.69176587301587,0.539185430055997,0.625239020641207,0.179441086492586,16.0971967265203
5.69186507936508,0.539140547735856,0.625204282859233,0.179355259783618,16.0975203160695
5.69196428571429,0.539095670121759,0.625169540980646,0.179269474135637,16.097843871899
5.69206349206349,0.539050797212799,0.625134795008922,0.179183729529523,16.0981673940155
5.6921626984127,0.539005929008073,0.625100044947535,0.179098025946162,16.0984908824253
5.6922619047619,0.538961065506676,0.625065290799959,0.179012363366445,16.0988143371351
5.69236111111111,0.538916206707703,0.625030532569665,0.17892674177127,16.0991377581512
5.69246031746032,0.538871352610253,0.624995770260126,0.178841161141543,16.0994611454802
5.69255952380952,0.538826503213421,0.624961003874809,0.178755621458176,16.0997844991285
5.69265873015873,0.538781658516304,0.624926233417183,0.178670122702087,16.1001078191027
5.69275793650794,0.538736818518001,0.624891458890715,0.178584664854201,16.1004311054093
5.69285714285714,0.538691983217609,0.62485668029887,0.178499247895449,16.1007543580547
5.69295634920635,0.538647152614226,0.624821897645113,0.178413871806769,16.1010775770454
5.69305555555556,0.53860232670695,0.624787110932905,0.178328536569105,16.1014007623879
5.69315476190476,0.538557505494882,0.624752320165708,0.178243242163409,16.1017239140887
5.69325396825397,0.538512688977121,0.624717525346982,0.178157988570639,16.1020470321543
5.69335317460317,0.538467877152766,0.624682726480187,0.178072775771758,16.102370116591
5.69345238095238,0.538423070020918,0.624647923568778,0.177987603747738,16.1026931674055
5.69355158730159,0.538378267580677,0.624613116616213,0.177902472479556,16.1030161846042
5.69365079365079,0.538333469831144,0.624578305625947,0.177817381948196,16.1033391681935
5.69375,0.538288676771421,0.624543490601431,0.177732332134648,16.10366211818
5.69384920634921,0.538243888400608,0.624508671546119,0.177647323019909,16.1039850345701
5.69394841269841,0.538199104717809,0.624473848463461,0.177562354584983,16.1043079173702
5.69404761904762,0.538154325722125,0.624439021356906,0.177477426810881,16.1046307665868
5.69414682539683,0.53810955141266,0.624404190229903,0.177392539678619,16.1049535822265
5.69424603174603,0.538064781788517,0.624369355085898,0.177307693169221,16.1052763642956
5.69434523809524,0.538020016848799,0.624334515928337,0.177222887263716,16.1055991128005
5.69444444444444,0.53797525659261,0.624299672760663,0.177138121943141,16.1059218277479
5.69454365079365,0.537930501019054,0.624264825586319,0.177053397188538,16.1062445091441
5.69464285714286,0.537885750127237,0.624229974408748,0.176968712980959,16.1065671569955
5.69474206349206,0.537841003916263,0.624195119231387,0.176884069301458,16.1068897713087
5.69484126984127,0.537796262385238,0.624160260057678,0.1767994661311,16.1072123520901
5.69494047619048,0.537751525533268,0.624125396891055,0.176714903450952,16.1075348993461
5.69503968253968,0.537706793359458,0.624090529734957,0.176630381242091,16.1078574130832
5.69513888888889,0.537662065862916,0.624055658592817,0.1765458994856,16.1081798933077
5.69523809523809,0.537617343042748,0.624020783468069,0.176461458162567,16.1085023400263
5.6953373015873,0.537572624898062,0.623985904364144,0.176377057254088,16.1088247532452
5.69543650793651,0.537527911427965,0.623951021284474,0.176292696741265,16.109147132971
5.69553571428571,0.537483202631566,0.623916134232487,0.176208376605208,16.1094694792101
5.69563492063492,0.537438498507972,0.623881243211613,0.176124096827031,16.1097917919689
5.69573412698413,0.537393799056294,0.623846348225277,0.176039857387856,16.1101140712538
5.69583333333333,0.537349104275639,0.623811449276904,0.175955658268812,16.1104363170714
5.69593253968254,0.537304414165118,0.62377654636992,0.175871499451034,16.1107585294279
5.69603174603175,0.53725972872384,0.623741639507746,0.175787380915663,16.1110807083299
5.69613095238095,0.537215047950917,0.623706728693804,0.175703302643848,16.1114028537837
5.69623015873016,0.537170371845457,0.623671813931513,0.175619264616743,16.1117249657959
5.69632936507937,0.537125700406574,0.623636895224294,0.17553526681551,16.1120470443728
5.69642857142857,0.537081033633378,0.623601972575562,0.175451309221317,16.1123690895208
5.69652777777778,0.53703637152498,0.623567045988734,0.175367391815337,16.1126911012463
5.69662698412698,0.536991714080494,0.623532115467225,0.175283514578752,16.1130130795559
5.69672619047619,0.536947061299032,0.623497181014447,0.17519967749275,16.1133350244558
5.6968253968254,0.536902413179706,0.623462242633814,0.175115880538525,16.1136569359526
5.6969246031746,0.53685776972163,0.623427300328735,0.175032123697277,16.1139788140526
5.69702380952381,0.536813130923919,0.62339235410262,0.174948406950214,16.1143006587622
5.69712301587302,0.536768496785685,0.623357403958876,0.17486473027855,16.1146224700879
5.69722222222222,0.536723867306043,0.623322449900912,0.174781093663504,16.114944248036
5.69732142857143,0.536679242484109,0.623287491932131,0.174697497086305,16.1152659926129
5.69742063492063,0.536634622318997,0.623252530055938,0.174613940528186,16.1155877038252
5.69751984126984,0.536590006809823,0.623217564275736,0.174530423970385,16.1159093816791
5.69761904761905,0.536545395955703,0.623182594594925,0.174446947394152,16.116231026181
5.69771825396825,0.536500789755754,0.623147621016907,0.174363510780738,16.1165526373374
5.69781746031746,0.536456188209092,0.623112643545079,0.174280114111405,16.1168742151547
5.69791666666667,0.536411591314833,0.623077662182839,0.174196757367417,16.1171957596392
5.69801587301587,0.536366999072097,0.623042676933583,0.174113440530048,16.1175172707974
5.69811507936508,0.53632241148,0.623007687800705,0.174030163580578,16.1178387486356
5.69821428571429,0.53627782853766,0.622972694787599,0.173946926500292,16.1181601931603
5.69831349206349,0.536233250244197,0.622937697897657,0.173863729270483,16.1184816043777
5.6984126984127,0.536188676598729,0.622902697134269,0.173780571872452,16.1188029822944
5.69851190476191,0.536144107600376,0.622867692500825,0.173697454287503,16.1191243269166
5.69861111111111,0.536099543248258,0.622832684000713,0.173614376496949,16.1194456382509
5.69871031746032,0.536054983541494,0.62279767163732,0.173531338482108,16.1197669163034
5.69880952380952,0.536010428479205,0.62276265541403,0.173448340224307,16.1200881610807
5.69890873015873,0.535965878060511,0.622727635334228,0.173365381704878,16.1204093725891
5.69900793650794,0.535921332284535,0.622692611401296,0.173282462905158,16.120730550835
5.69910714285714,0.535876791150397,0.622657583618617,0.173199583806494,16.1210516958247
5.69920634920635,0.53583225465722,0.622622551989568,0.173116744390237,16.1213728075647
5.69930555555556,0.535787722804126,0.622587516517531,0.173033944637746,16.1216938860613
5.69940476190476,0.535743195590238,0.62255247720588,0.172951184530385,16.1220149313208
5.69950396825397,0.535698673014678,0.622517434057994,0.172868464049527,16.1223359433496
5.69960317460317,0.535654155076571,0.622482387077246,0.172785783176548,16.1226569221542
5.69970238095238,0.535609641775041,0.622447336267009,0.172703141892834,16.1229778677408
5.69980158730159,0.53556513310921,0.622412281630656,0.172620540179776,16.1232987801158
5.69990079365079,0.535520629078204,0.622377223171557,0.172537978018772,16.1236196592856
5.7,0.535476129681149,0.622342160893081,0.172455455391226,16.1239405052566
5.70009920634921,0.535431634917169,0.622307094798598,0.17237297227855,16.124261318035
5.70019841269841,0.53538714478539,0.622272024891472,0.172290528662159,16.1245820976273
5.70029761904762,0.535342659284939,0.62223695117507,0.17220812452348,16.1249028440398
5.70039682539683,0.535298178414941,0.622201873652755,0.172125759843942,16.1252235572788
5.70049603174603,0.535253702174523,0.62216679232789,0.172043434604982,16.1255442373507
5.70059523809524,0.535209230562814,0.622131707203836,0.171961148788044,16.1258648842619
5.70069444444444,0.53516476357894,0.622096618283954,0.171878902374579,16.1261854980187
5.70079365079365,0.535120301222029,0.622061525571602,0.171796695346044,16.1265060786273
5.70089285714286,0.535075843491211,0.622026429070137,0.171714527683902,16.1268266260943
5.70099206349206,0.535031390385613,0.621991328782915,0.171632399369622,16.1271471404259
5.70109126984127,0.534986941904364,0.621956224713291,0.171550310384683,16.1274676216284
5.70119047619048,0.534942498046595,0.621921116864618,0.171468260710566,16.1277880697082
5.70128968253968,0.534898058811434,0.621886005240248,0.171386250328761,16.1281084846717
5.70138888888889,0.534853624198013,0.621850889843532,0.171304279220766,16.1284288665251
5.7014880952381,0.534809194205462,0.62181577067782,0.171222347368083,16.1287492152747
5.7015873015873,0.534764768832912,0.621780647746458,0.171140454752221,16.129069530927
5.70168650793651,0.534720348079494,0.621745521052793,0.171058601354696,16.1293898134883
5.70178571428571,0.534675931944341,0.621710390600172,0.170976787157031,16.1297100629648
5.70188492063492,0.534631520426583,0.621675256391937,0.170895012140755,16.1300302793628
5.70198412698413,0.534587113525354,0.621640118431432,0.170813276287404,16.1303504626888
5.70208333333333,0.534542711239786,0.621604976721998,0.17073157957852,16.1306706129491
5.70218253968254,0.534498313569014,0.621569831266974,0.170649921995652,16.1309907301499
5.70228174603175,0.53445392051217,0.6215346820697,0.170568303520356,16.1313108142975
5.70238095238095,0.534409532068388,0.621499529133513,0.170486724134193,16.1316308653983
5.70248015873016,0.534365148236803,0.621464372461748,0.170405183818732,16.1319508834586
5.70257936507937,0.534320769016549,0.62142921205774,0.170323682555548,16.1322708684848
5.70267857142857,0.534276394406763,0.621394047924823,0.170242220326224,16.132590820483
5.70277777777778,0.534232024406578,0.621358880066328,0.170160797112346,16.1329107394597
5.70287698412698,0.534187659015131,0.621323708485586,0.17007941289551,16.1332306254211
5.70297619047619,0.534143298231559,0.621288533185926,0.169998067657318,16.1335504783735
5.7030753968254,0.534098942054998,0.621253354170677,0.169916761379378,16.1338702983232
5.7031746031746,0.534054590484585,0.621218171443165,0.169835494043303,16.1341900852766
5.70327380952381,0.534010243519457,0.621182985006715,0.169754265630716,16.1345098392399
5.70337301587302,0.533965901158752,0.621147794864651,0.169673076123244,16.1348295602195
5.70347222222222,0.533921563401608,0.621112601020296,0.16959192550252,16.1351492482216
5.70357142857143,0.533877230247164,0.62107740347697,0.169510813750186,16.1354689032525
5.70367063492063,0.533832901694559,0.621042202237995,0.169429740847891,16.1357885253185
5.70376984126984,0.533788577742932,0.621006997306688,0.169348706777286,16.1361081144259
5.70386904761905,0.533744258391422,0.620971788686367,0.169267711520033,16.1364276705809
5.70396825396825,0.53369994363917,0.620936576380348,0.1691867550578,16.13674719379
5.70406746031746,0.533655633485316,0.620901360391946,0.169105837372259,16.1370666840593
5.70416666666667,0.533611327929,0.620866140724473,0.169024958445091,16.1373861413952
5.70426587301587,0.533567026969364,0.620830917381241,0.168944118257983,16.1377055658039
5.70436507936508,0.53352273060555,0.620795690365561,0.168863316792628,16.1380249572916
5.70446428571429,0.533478438836699,0.620760459680743,0.168782554030726,16.1383443158648
5.70456349206349,0.533434151661953,0.620725225330095,0.168701829953984,16.1386636415296
5.7046626984127,0.533389869080456,0.620689987316922,0.168621144544114,16.1389829342923
5.7047619047619,0.533345591091349,0.620654745644531,0.168540497782837,16.1393021941592
5.70486111111111,0.533301317693778,0.620619500316225,0.168459889651879,16.1396214211366
5.70496031746032,0.533257048886884,0.620584251335306,0.168379320132972,16.1399406152308
5.70505952380952,0.533212784669813,0.620548998705077,0.168298789207856,16.1402597764479
5.70515873015873,0.53316852504171,0.620513742428837,0.168218296858276,16.1405789047943
5.70525793650794,0.533124270001718,0.620478482509884,0.168137843065986,16.1408980002762
5.70535714285714,0.533080019548983,0.620443218951516,0.168057427812745,16.1412170628999
5.70545634920635,0.533035773682651,0.620407951757029,0.167977051080317,16.1415360926717
5.70555555555556,0.532991532401868,0.620372680929717,0.167896712850476,16.1418550895978
5.70565476190476,0.53294729570578,0.620337406472873,0.167816413104999,16.1421740536844
5.70575396825397,0.532903063593534,0.62030212838979,0.167736151825673,16.1424929849378
5.70585317460317,0.532858836064277,0.620266846683758,0.167655928994289,16.1428118833644
5.70595238095238,0.532814613117157,0.620231561358067,0.167575744592646,16.1431307489702
5.70605158730159,0.532770394751322,0.620196272416004,0.167495598602549,16.1434495817616
5.70615079365079,0.532726180965919,0.620160979860856,0.167415491005809,16.1437683817448
5.70625,0.532681971760098,0.620125683695908,0.167335421784245,16.1440871489261
5.70634920634921,0.532637767133008,0.620090383924443,0.167255390919682,16.1444058833117
5.70644841269841,0.532593567083797,0.620055080549746,0.167175398393949,16.1447245849078
5.70654761904762,0.532549371611616,0.620019773575096,0.167095444188887,16.1450432537208
5.70664682539683,0.532505180715615,0.619984463003774,0.167015528286339,16.1453618897567
5.70674603174603,0.532460994394945,0.619949148839059,0.166935650668156,16.1456804930219
5.70684523809524,0.532416812648756,0.619913831084227,0.166855811316196,16.1459990635226
5.70694444444444,0.5323726354762,0.619878509742554,0.166776010212323,16.146317601265
5.70704365079365,0.532328462876427,0.619843184817316,0.166696247338407,16.1466361062554
5.70714285714286,0.532284294848591,0.619807856311785,0.166616522676327,16.1469545784999
5.70724206349206,0.532240131391844,0.619772524229233,0.166536836207965,16.1472730180049
5.70734126984127,0.532195972505338,0.619737188572931,0.166457187915213,16.1475914247765
5.70744047619048,0.532151818188227,0.619701849346148,0.166377577779967,16.147909798821
5.70753968253968,0.532107668439664,0.619666506552152,0.166298005784131,16.1482281401445
5.70763888888889,0.532063523258803,0.61963116019421,0.166218471909616,16.1485464487534
5.70773809523809,0.532019382644799,0.619595810275587,0.166138976138337,16.1488647246537
5.7078373015873,0.531975246596806,0.619560456799546,0.166059518452218,16.1491829678518
5.70793650793651,0.531931115113978,0.61952509976935,0.165980098833189,16.1495011783539
5.70803571428571,0.531886988195473,0.619489739188261,0.165900717263187,16.1498193561661
5.70813492063492,0.531842865840444,0.619454375059538,0.165821373724155,16.1501375012947
5.70823412698413,0.531798748048049,0.61941900738644,0.165742068198041,16.1504556137459
5.70833333333333,0.531754634817444,0.619383636172224,0.165662800666803,16.1507736935259
5.70843253968254,0.531710526147786,0.619348261420147,0.165583571112403,16.1510917406409
5.70853174603175,0.531666422038232,0.619312883133462,0.165504379516809,16.1514097550971
5.70863095238095,0.53162232248794,0.619277501315423,0.165425225861999,16.1517277369007
5.70873015873016,0.531578227496068,0.619242115969281,0.165346110129954,16.1520456860578
5.70882936507937,0.531534137061774,0.619206727098289,0.165267032302664,16.1523636025748
5.70892857142857,0.531490051184218,0.619171334705693,0.165187992362124,16.1526814864578
5.70902777777778,0.531445969862557,0.619135938794743,0.165108990290335,16.152999337713
5.70912698412698,0.531401893095953,0.619100539368685,0.165030026069308,16.1533171563466
5.70922619047619,0.531357820883564,0.619065136430765,0.164951099681057,16.1536349423648
5.7093253968254,0.531313753224552,0.619029729984225,0.164872211107604,16.1539526957737
5.7094246031746,0.531269690118076,0.618994320032309,0.164793360330976,16.1542704165796
5.70952380952381,0.531225631563298,0.618958906578258,0.16471454733321,16.1545881047886
5.70962301587302,0.531181577559379,0.618923489625312,0.164635772096348,16.154905760407
5.70972222222222,0.531137528105481,0.61888806917671,0.164557034602436,16.1552233834409
5.70982142857143,0.531093483200766,0.618852645235688,0.164478334833529,16.1555409738964
5.70992063492063,0.531049442844398,0.618817217805482,0.16439967277169,16.1558585317799
5.71001984126984,0.531005407035537,0.618781786889327,0.164321048398985,16.1561760570974
5.71011904761905,0.530961375773349,0.618746352490457,0.164242461697489,16.1564935498551
5.71021825396825,0.530917349056996,0.618710914612102,0.164163912649283,16.1568110100592
5.71031746031746,0.530873326885643,0.618675473257494,0.164085401236455,16.1571284377159
5.71041666666667,0.530829309258455,0.618640028429863,0.164006927441098,16.1574458328313
5.71051587301587,0.530785296174595,0.618604580132434,0.163928491245314,16.1577631954116
5.71061507936508,0.530741287633229,0.618569128368437,0.163850092631209,16.158080525463
5.71071428571429,0.530697283633523,0.618533673141095,0.163771731580897,16.1583978229916
5.71081349206349,0.530653284174643,0.618498214453632,0.163693408076499,16.1587150880037
5.7109126984127,0.530609289255754,0.61846275230927,0.163615122100141,16.1590323205053
5.71101190476191,0.530565298876024,0.618427286711233,0.163536873633958,16.1593495205026
5.71111111111111,0.53052131303462,0.618391817662738,0.163458662660089,16.1596666880018
5.71121031746032,0.530477331730709,0.618356345167005,0.16338048916068,16.159983823009
5.71130952380952,0.530433354963459,0.61832086922725,0.163302353117886,16.1603009255304
5.71140873015873,0.530389382732038,0.61828538984669,0.163224254513865,16.1606179955722
5.71150793650794,0.530345415035614,0.61824990702854,0.163146193330785,16.1609350331404
5.71160714285714,0.530301451873357,0.618214420776011,0.163068169550817,16.1612520382413
5.71170634920635,0.530257493244436,0.618178931092317,0.162990183156142,16.161569010881
5.71180555555556,0.530213539148021,0.618143437980668,0.162912234128946,16.1618859510656
5.71190476190476,0.530169589583281,0.618107941444272,0.16283432245142,16.1622028588013
5.71200396825397,0.530125644549387,0.618072441486339,0.162756448105766,16.1625197340942
5.71210317460317,0.530081704045511,0.618036938110074,0.162678611074187,16.1628365769505
5.71220238095238,0.530037768070822,0.618001431318682,0.162600811338897,16.1631533873762
5.71230158730159,0.529993836624493,0.617965921115368,0.162523048882114,16.1634701653776
5.71240079365079,0.529949909705695,0.617930407503334,0.162445323686063,16.1637869109607
5.7125,0.529905987313602,0.617894890485781,0.162367635732978,16.1641036241318
5.71259920634921,0.529862069447385,0.617859370065909,0.162289985005097,16.1644203048969
5.71269841269841,0.529818156106218,0.617823846246916,0.162212371484664,16.1647369532621
5.71279761904762,0.529774247289274,0.617788319032,0.162134795153931,16.1650535692336
5.71289682539683,0.529730342995727,0.617752788424357,0.162057255995157,16.1653701528175
5.71299603174603,0.529686443224751,0.617717254427182,0.161979753990606,16.16568670402
5.71309523809524,0.52964254797552,0.617681717043666,0.161902289122551,16.1660032228471
5.71319444444444,0.529598657247211,0.617646176277002,0.161824861373268,16.166319709305
5.71329365079365,0.529554771038997,0.617610632130381,0.161747470725043,16.1666361633998
5.71339285714286,0.529510889350055,0.617575084606993,0.161670117160167,16.1669525851375
5.71349206349206,0.529467012179561,0.617539533710023,0.161592800660938,16.1672689745245
5.71359126984127,0.529423139526691,0.617503979442661,0.161515521209659,16.1675853315666
5.71369047619048,0.529379271390622,0.617468421808089,0.161438278788642,16.1679016562701
5.71378968253968,0.529335407770532,0.617432860809493,0.161361073380204,16.1682179486411
5.71388888888889,0.529291548665597,0.617397296450054,0.161283904966669,16.1685342086856
5.7139880952381,0.529247694074996,0.617361728732955,0.161206773530367,16.1688504364098
5.7140873015873,0.529203843997907,0.617326157661374,0.161129679053637,16.1691666318197
5.71418650793651,0.529159998433508,0.617290583238491,0.161052621518821,16.1694827949216
5.71428571428571,0.52911615738098,0.617255005467482,0.160975600908269,16.1697989257214
5.71438492063492,0.529072320839501,0.617219424351524,0.16089861720434,16.1701150242253
5.71448412698413,0.529028488808251,0.617183839893791,0.160821670389395,16.1704310904394
5.71458333333333,0.528984661286411,0.617148252097455,0.160744760445805,16.1707471243697
5.71468253968254,0.52894083827316,0.61711266096569,0.160667887355946,16.1710631260224
5.71478174603175,0.528897019767681,0.617077066501664,0.160591051102203,16.1713790954036
5.71488095238095,0.528853205769153,0.617041468708549,0.160514251666964,16.1716950325193
5.71498015873016,0.52880939627676,0.617005867589511,0.160437489032625,16.1720109373756
5.71507936507937,0.528765591289683,0.616970263147717,0.16036076318159,16.1723268099786
5.71517857142857,0.528721790807104,0.616934655386332,0.160284074096267,16.1726426503345
5.71527777777778,0.528677994828206,0.61689904430852,0.160207421759073,16.1729584584492
5.71537698412698,0.528634203352173,0.616863429917443,0.160130806152431,16.1732742343289
5.71547619047619,0.528590416378188,0.616827812216263,0.160054227258768,16.1735899779796
5.7155753968254,0.528546633905435,0.616792191208139,0.159977685060523,16.1739056894075
5.7156746031746,0.528502855933099,0.616756566896231,0.159901179540135,16.1742213686186
5.71577380952381,0.528459082460364,0.616720939283694,0.159824710680054,16.1745370156189
5.71587301587302,0.528415313486415,0.616685308373685,0.159748278462736,16.1748526304145
5.71597222222222,0.528371549010438,0.616649674169359,0.159671882870643,16.1751682130116
5.71607142857143,0.528327789031618,0.616614036673869,0.159595523886242,16.1754837634162
5.71617063492064,0.528284033549142,0.616578395890365,0.159519201492009,16.1757992816343
5.71626984126984,0.528240282562196,0.616542751822,0.159442915670426,16.176114767672
5.71636904761905,0.528196536069968,0.616507104471922,0.15936666640398,16.1764302215354
5.71646825396825,0.528152794071644,0.616471453843279,0.159290453675168,16.1767456432305
5.71656746031746,0.528109056566413,0.616435799939217,0.159214277466489,16.1770610327634
5.71666666666667,0.528065323553462,0.616400142762882,0.159138137760453,16.1773763901402
5.71676587301587,0.52802159503198,0.616364482317417,0.159062034539573,16.1776917153668
5.71686507936508,0.527977871001156,0.616328818605965,0.15898596778637,16.1780070084495
5.71696428571429,0.527934151460179,0.616293151631667,0.158909937483372,16.1783222693941
5.71706349206349,0.527890436408238,0.616257481397662,0.158833943613114,16.1786374982068
5.7171626984127,0.527846725844524,0.616221807907091,0.158757986158136,16.1789526948937
5.71726190476191,0.527803019768227,0.616186131163088,0.158682065100985,16.1792678594606
5.71736111111111,0.527759318178538,0.616150451168791,0.158606180424216,16.1795829919138
5.71746031746032,0.527715621074647,0.616114767927334,0.158530332110389,16.1798980922593
5.71755952380952,0.527671928455747,0.61607908144185,0.15845452014207,16.180213160503
5.71765873015873,0.527628240321028,0.61604339171547,0.158378744501834,16.180528196651
5.71775793650794,0.527584556669685,0.616007698751326,0.158303005172261,16.1808432007095
5.71785714285714,0.527540877500907,0.615972002552546,0.158227302135937,16.1811581726843
5.71795634920635,0.52749720281389,0.615936303122259,0.158151635375455,16.1814731125816
5.71805555555556,0.527453532607826,0.61590060046359,0.158076004873417,16.1817880204073
5.71815476190476,0.527409866881909,0.615864894579664,0.158000410612427,16.1821028961675
5.71825396825397,0.527366205635333,0.615829185473607,0.1579248525751,16.1824177398683
5.71835317460318,0.527322548867293,0.615793473148539,0.157849330744054,16.1827325515156
5.71845238095238,0.527278896576983,0.615757757607583,0.157773845101916,16.1830473311155
5.71855158730159,0.527235248763598,0.615722038853858,0.157698395631319,16.183362078674
5.71865079365079,0.527191605426335,0.615686316890482,0.157622982314902,16.1836767941972
5.71875,0.527147966564389,0.615650591720574,0.15754760513531,16.1839914776909
5.71884920634921,0.527104332176957,0.615614863347247,0.157472264075197,16.1843061291614
5.71894841269841,0.527060702263235,0.615579131773618,0.157396959117221,16.1846207486145
5.71904761904762,0.52701707682242,0.615543397002798,0.157321690244048,16.1849353360564
5.71914682539683,0.52697345585371,0.615507659037901,0.157246457438349,16.1852498914929
5.71924603174603,0.526929839356304,0.615471917882035,0.157171260682804,16.1855644149302
5.71934523809524,0.526886227329398,0.615436173538312,0.157096099960099,16.1858789063742
5.71944444444444,0.526842619772192,0.615400426009837,0.157020975252924,16.1861933658309
5.71954365079365,0.526799016683884,0.615364675299719,0.156945886543978,16.1865077933064
5.71964285714286,0.526755418063674,0.615328921411061,0.156870833815967,16.1868221888066
5.71974206349206,0.526711823910762,0.615293164346968,0.156795817051601,16.1871365523376
5.71984126984127,0.526668234224348,0.615257404110542,0.156720836233599,16.1874508839053
5.71994047619048,0.526624649003632,0.615221640704884,0.156645891344686,16.1877651835158
5.72003968253968,0.526581068247816,0.615185874133095,0.156570982367592,16.188079451175
5.72013888888889,0.526537491956099,0.615150104398272,0.156496109285057,16.1883936868889
5.72023809523809,0.526493920127685,0.615114331503512,0.156421272079823,16.1887078906636
5.7203373015873,0.526450352761775,0.615078555451912,0.156346470734643,16.1890220625051
5.72043650793651,0.526406789857572,0.615042776246566,0.156271705232273,16.1893362024192
5.72053571428571,0.526363231414277,0.615006993890567,0.156196975555478,16.189650310412
5.72063492063492,0.526319677431095,0.614971208387007,0.156122281687027,16.1899643864896
5.72073412698413,0.526276127907228,0.614935419738976,0.1560476236097,16.1902784306578
5.72083333333333,0.526232582841881,0.614899627949564,0.15597300130628,16.1905924429227
5.72093253968254,0.526189042234258,0.614863833021857,0.155898414759556,16.1909064232902
5.72103174603175,0.526145506083564,0.614828034958943,0.155823863952326,16.1912203717663
5.72113095238095,0.526101974389003,0.614792233763907,0.155749348867393,16.191534288357
5.72123015873016,0.526058447149781,0.614756429439833,0.155674869487568,16.1918481730683
5.72132936507937,0.526014924365103,0.614720621989802,0.155600425795667,16.1921620259061
5.72142857142857,0.525971406034176,0.614684811416897,0.155526017774513,16.1924758468764
5.72152777777778,0.525927892156207,0.614648997724196,0.155451645406936,16.1927896359853
5.72162698412698,0.525884382730402,0.614613180914779,0.155377308675773,16.1931033932385
5.72172619047619,0.525840877755968,0.614577360991722,0.155303007563866,16.1934171186422
5.7218253968254,0.525797377232113,0.614541537958102,0.155228742054065,16.1937308122023
5.7219246031746,0.525753881158045,0.614505711816992,0.155154512129226,16.1940444739247
5.72202380952381,0.525710389532973,0.614469882571466,0.155080317772212,16.1943581038155
5.72212301587302,0.525666902356104,0.614434050224595,0.155006158965891,16.1946717018805
5.72222222222222,0.525623419626649,0.61439821477945,0.15493203569314,16.1949852681257
5.72232142857143,0.525579941343817,0.614362376239101,0.154857947936841,16.1952988025571
5.72242063492063,0.525536467506817,0.614326534606614,0.154783895679883,16.1956123051807
5.72251984126984,0.52549299811486,0.614290689885057,0.154709878905161,16.1959257760023
5.72261904761905,0.525449533167157,0.614254842077494,0.154635897595578,16.196239215028
5.72271825396825,0.525406072662919,0.614218991186989,0.154561951734042,16.1965526222636
5.72281746031746,0.525362616601356,0.614183137216605,0.154488041303467,16.1968659977152
5.72291666666667,0.525319164981681,0.614147280169402,0.154414166286777,16.1971793413887
5.72301587301587,0.525275717803106,0.614111420048441,0.1543403266669,16.19749265329
5.72311507936508,0.525232275064843,0.61407555685678,0.154266522426769,16.197805933425
5.72321428571429,0.525188836766106,0.614039690597476,0.154192753549328,16.1981191817998
5.72331349206349,0.525145402906107,0.614003821273585,0.154119020017523,16.1984323984202
5.7234126984127,0.52510197348406,0.613967948888161,0.154045321814309,16.1987455832922
5.7235119047619,0.525058548499179,0.613932073444257,0.153971658922648,16.1990587364216
5.72361111111111,0.525015127950679,0.613896194944925,0.153898031325507,16.1993718578146
5.72371031746032,0.524971711837774,0.613860313393216,0.153824439005861,16.1996849474769
5.72380952380952,0.52492830015968,0.613824428792179,0.15375088194669,16.1999980054145
5.72390873015873,0.524884892915611,0.61378854114486,0.153677360130982,16.2003110316333
5.72400793650794,0.524841490104785,0.613752650454308,0.153603873541731,16.2006240261393
5.72410714285714,0.524798091726416,0.613716756723566,0.153530422161938,16.2009369889384
5.72420634920635,0.524754697779722,0.613680859955679,0.153457005974609,16.2012499200365
5.72430555555556,0.52471130826392,0.613644960153689,0.153383624962758,16.2015628194395
5.72440476190476,0.524667923178228,0.613609057320637,0.153310279109407,16.2018756871533
5.72450396825397,0.524624542521862,0.613573151459563,0.15323696839758,16.2021885231839
5.72460317460317,0.524581166294041,0.613537242573506,0.153163692810313,16.2025013275372
5.72470238095238,0.524537794493984,0.613501330665501,0.153090452330645,16.202814100219
5.72480158730159,0.524494427120909,0.613465415738586,0.153017246941623,16.2031268412354
5.72490079365079,0.524451064174037,0.613429497795795,0.152944076626299,16.2034395505921
5.725,0.524407705652585,0.61339357684016,0.152870941367733,16.2037522282952
5.72509920634921,0.524364351555775,0.613357652874713,0.152797841148992,16.2040648743505
5.72519841269841,0.524321001882827,0.613321725902485,0.152724775953149,16.2043774887639
5.72529761904762,0.524277656632962,0.613285795926506,0.152651745763282,16.2046900715413
5.72539682539683,0.5242343158054,0.613249862949801,0.152578750562479,16.2050026226886
5.72549603174603,0.524190979399364,0.613213926975399,0.152505790333831,16.2053151422118
5.72559523809524,0.524147647414075,0.613177988006324,0.152432865060438,16.2056276301167
5.72569444444444,0.524104319848755,0.6131420460456,0.152359974725405,16.2059400864092
5.72579365079365,0.524060996702627,0.613106101096249,0.152287119311844,16.2062525110953
5.72589285714286,0.524017677974915,0.613070153161292,0.152214298802875,16.2065649041807
5.72599206349206,0.523974363664841,0.61303420224375,0.152141513181622,16.2068772656714
5.72609126984127,0.52393105377163,0.61299824834664,0.152068762431218,16.2071895955733
5.72619047619048,0.523887748294505,0.61296229147298,0.151996046534802,16.2075018938922
5.72628968253968,0.523844447232691,0.612926331625785,0.151923365475518,16.2078141606341
5.72638888888889,0.523801150585413,0.612890368808069,0.151850719236518,16.2081263958049
5.72648809523809,0.523757858351897,0.612854403022847,0.15177810780096,16.2084385994103
5.7265873015873,0.523714570531367,0.612818434273128,0.151705531152009,16.2087507714564
5.72668650793651,0.52367128712305,0.612782462561925,0.151632989272837,16.2090629119489
5.72678571428571,0.523628008126172,0.612746487892246,0.151560482146621,16.2093750208937
5.72688492063492,0.523584733539961,0.612710510267099,0.151488009756546,16.2096870982968
5.72698412698413,0.523541463363643,0.612674529689489,0.151415572085803,16.2099991441639
5.72708333333333,0.523498197596445,0.612638546162423,0.15134316911759,16.210311158501
5.72718253968254,0.523454936237597,0.612602559688904,0.151270800835111,16.210623141314
5.72728174603175,0.523411679286325,0.612566570271934,0.151198467221575,16.2109350926086
5.72738095238095,0.523368426741859,0.612530577914514,0.151126168260203,16.2112470123908
5.72748015873016,0.523325178603428,0.612494582619645,0.151053903934216,16.2115589006664
5.72757936507937,0.523281934870261,0.612458584390324,0.150981674226846,16.2118707574413
5.72767857142857,0.523238695541588,0.612422583229548,0.150909479121329,16.2121825827214
5.72777777777778,0.523195460616639,0.612386579140314,0.15083731860091,16.2124943765124
5.72787698412698,0.523152230094644,0.612350572125616,0.150765192648837,16.2128061388203
5.72797619047619,0.523109003974835,0.612314562188446,0.150693101248369,16.2131178696509
5.7280753968254,0.523065782256443,0.612278549331796,0.150621044382768,16.2134295690101
5.7281746031746,0.523022564938699,0.612242533558658,0.150549022035305,16.2137412369037
5.72827380952381,0.522979352020836,0.612206514872019,0.150477034189256,16.2140528733375
5.72837301587302,0.522936143502086,0.612170493274868,0.150405080827903,16.2143644783174
5.72847222222222,0.522892939381682,0.612134468770191,0.150333161934537,16.2146760518493
5.72857142857143,0.522849739658857,0.612098441360973,0.150261277492454,16.214987593939
5.72867063492063,0.522806544332844,0.612062411050198,0.150189427484956,16.2152991045924
5.72876984126984,0.522763353402877,0.612026377840848,0.150117611895353,16.2156105838152
5.72886904761905,0.522720166868191,0.611990341735904,0.15004583070696,16.2159220316133
5.72896825396825,0.522676984728021,0.611954302738346,0.149974083903101,16.2162334479926
5.72906746031746,0.522633806981601,0.611918260851152,0.149902371467104,16.2165448329589
5.72916666666667,0.522590633628167,0.611882216077299,0.149830693382305,16.216856186518
5.72926587301587,0.522547464666955,0.611846168419764,0.149759049632046,16.2171675086757
5.72936507936508,0.5225043000972,0.61181011788152,0.149687440199675,16.2174787994379
5.72946428571429,0.52246113991814,0.611774064465541,0.149615865068548,16.2177900588104
5.72956349206349,0.522417984129011,0.611738008174797,0.149544324222027,16.2181012867991
5.7296626984127,0.52237483272905,0.61170194901226,0.14947281764348,16.2184124834097
5.72976190476191,0.522331685717496,0.611665886980899,0.149401345316283,16.218723648648
5.72986111111111,0.522288543093586,0.611629822083681,0.149329907223817,16.21903478252
5.72996031746032,0.522245404856559,0.611593754323573,0.14925850334947,16.2193458850314
5.73005952380952,0.522202271005654,0.611557683703539,0.149187133676636,16.219656956188
5.73015873015873,0.52215914154011,0.611521610226544,0.149115798188718,16.2199679959957
5.73025793650794,0.522116016459165,0.611485533895549,0.149044496869121,16.2202790044602
5.73035714285714,0.522072895762061,0.611449454713516,0.148973229701263,16.2205899815874
5.73045634920635,0.522029779448037,0.611413372683405,0.148901996668563,16.2209009273831
5.73055555555556,0.521986667516335,0.611377287808174,0.148830797754449,16.2212118418531
5.73065476190476,0.521943559966195,0.611341200090779,0.148759632942355,16.2215227250031
5.73075396825397,0.521900456796859,0.611305109534178,0.148688502215722,16.2218335768391
5.73085317460317,0.521857358007568,0.611269016141323,0.148617405557996,16.2221443973668
5.73095238095238,0.521814263597565,0.611232919915168,0.148546342952632,16.2224551865919
5.73105158730159,0.521771173566092,0.611196820858665,0.148475314383091,16.2227659445204
5.73115079365079,0.521728087912393,0.611160718974763,0.148404319832838,16.2230766711579
5.73125,0.52168500663571,0.611124614266413,0.148333359285349,16.2233873665104
5.73134920634921,0.521641929735287,0.611088506736562,0.148262432724102,16.2236980305835
5.73144841269841,0.521598857210369,0.611052396388156,0.148191540132585,16.2240086633831
5.73154761904762,0.521555789060199,0.61101628322414,0.148120681494291,16.2243192649149
5.73164682539683,0.521512725284023,0.610980167247458,0.148049856792719,16.2246298351849
5.73174603174603,0.521469665881086,0.610944048461052,0.147979066011376,16.2249403741986
5.73184523809524,0.521426610850633,0.610907926867863,0.147908309133775,16.225250881962
5.73194444444444,0.52138356019191,0.610871802470831,0.147837586143436,16.2255613584808
5.73204365079365,0.521340513904164,0.610835675272894,0.147766897023884,16.2258718037608
5.73214285714286,0.521297471986641,0.61079954527699,0.147696241758652,16.2261822178077
5.73224206349206,0.521254434438588,0.610763412486054,0.14762562033128,16.2264926006274
5.73234126984127,0.521211401259253,0.61072727690302,0.147555032725313,16.2268029522256
5.73244047619048,0.521168372447884,0.610691138530821,0.147484478924304,16.2271132726081
5.73253968253968,0.521125348003728,0.610654997372389,0.147413958911811,16.2274235617806
5.73263888888889,0.521082327926035,0.610618853430654,0.1473434726714,16.227733819749
5.7327380952381,0.521039312214053,0.610582706708547,0.147273020186644,16.228044046519
5.7328373015873,0.520996300867032,0.610546557208993,0.14720260144112,16.2283542420964
5.73293650793651,0.520953293884221,0.610510404934919,0.147132216418415,16.2286644064869
5.73303571428571,0.520910291264871,0.610474249889251,0.147061865102119,16.2289745396963
5.73313492063492,0.520867293008231,0.610438092074912,0.146991547475831,16.2292846417303
5.73323412698413,0.520824299113553,0.610401931494824,0.146921263523156,16.2295947125948
5.73333333333333,0.520781309580088,0.610365768151909,0.146851013227706,16.2299047522955
5.73343253968254,0.520738324407088,0.610329602049085,0.146780796573099,16.230214760838
5.73353174603175,0.520695343593804,0.610293433189273,0.146710613542959,16.2305247382283
5.73363095238095,0.520652367139489,0.610257261575388,0.146640464120917,16.230834684472
5.73373015873016,0.520609395043395,0.610221087210345,0.146570348290611,16.2311445995749
5.73382936507937,0.520566427304775,0.610184910097061,0.146500266035686,16.2314544835427
5.73392857142857,0.520523463922884,0.610148730238447,0.146430217339793,16.2317643363812
5.73402777777778,0.520480504896974,0.610112547637414,0.146360202186588,16.2320741580962
5.73412698412698,0.520437550226301,0.610076362296875,0.146290220559736,16.2323839486933
5.73422619047619,0.520394599910118,0.610040174219737,0.146220272442908,16.2326937081783
5.7343253968254,0.52035165394768,0.610003983408907,0.14615035781978,16.233003436557
5.7344246031746,0.520308712338244,0.609967789867294,0.146080476674038,16.233313133835
5.73452380952381,0.520265775081064,0.609931593597801,0.146010628989369,16.2336228000182
5.73462301587302,0.520222842175397,0.609895394603332,0.145940814749473,16.2339324351123
5.73472222222222,0.520179913620499,0.609859192886789,0.145871033938051,16.2342420391229
5.73482142857143,0.520136989415627,0.609822988451074,0.145801286538815,16.2345516120559
5.73492063492063,0.520094069560038,0.609786781299086,0.145731572535481,16.2348611539169
5.73501984126984,0.52005115405299,0.609750571433723,0.145661891911771,16.2351706647117
5.73511904761905,0.520008242893741,0.609714358857883,0.145592244651416,16.2354801444461
5.73521825396825,0.519965336081549,0.609678143574461,0.145522630738153,16.2357895931256
5.73531746031746,0.519922433615672,0.609641925586352,0.145453050155723,16.2360990107561
5.73541666666667,0.519879535495371,0.609605704896447,0.145383502887876,16.2364083973433
5.73551587301587,0.519836641719904,0.60956948150764,0.145313988918368,16.2367177528928
5.73561507936508,0.519793752288531,0.60953325542282,0.145244508230962,16.2370270774105
5.73571428571429,0.519750867200512,0.609497026644877,0.145175060809427,16.237336370902
5.73581349206349,0.519707986455109,0.609460795176697,0.145105646637539,16.237645633373
5.7359126984127,0.519665110051581,0.609424561021168,0.14503626569908,16.2379548648293
5.7360119047619,0.519622237989191,0.609388324181174,0.144966917977838,16.2382640652765
5.73611111111111,0.5195793702672,0.609352084659599,0.14489760345761,16.2385732347204
5.73621031746032,0.51953650688487,0.609315842459326,0.144828322122196,16.2388823731667
5.73630952380952,0.519493647841463,0.609279597583234,0.144759073955407,16.239191480621
5.73640873015873,0.519450793136243,0.609243350034205,0.144689858941057,16.2395005570891
5.73650793650794,0.519407942768473,0.609207099815116,0.144620677062967,16.2398096025767
5.73660714285714,0.519365096737416,0.609170846928843,0.144551528304966,16.2401186170895
5.73670634920635,0.519322255042336,0.609134591378264,0.144482412650889,16.2404276006331
5.73680555555556,0.519279417682498,0.609098333166252,0.144413330084576,16.2407365532133
5.73690476190476,0.519236584657166,0.60906207229568,0.144344280589877,16.2410454748357
5.73700396825397,0.519193755965606,0.60902580876942,0.144275264150645,16.2413543655062
5.73710317460317,0.519150931607082,0.608989542590342,0.144206280750742,16.2416632252302
5.73720238095238,0.519108111580861,0.608953273761315,0.144137330374035,16.2419720540136
5.73730158730159,0.519065295886209,0.608917002285207,0.144068413004399,16.242280851862
5.73740079365079,0.519022484522393,0.608880728164883,0.143999528625714,16.2425896187811
5.7375,0.51897967748868,0.60884445140321,0.143930677221868,16.2428983547765
5.73759920634921,0.518936874784336,0.60880817200305,0.143861858776755,16.2432070598541
5.73769841269841,0.518894076408629,0.608771889967266,0.143793073274274,16.2435157340194
5.73779761904762,0.518851282360829,0.608735605298719,0.143724320698335,16.2438243772781
5.73789682539683,0.518808492640203,0.608699318000269,0.143655601032849,16.2441329896359
5.73799603174603,0.51876570724602,0.608663028074773,0.143586914261738,16.2444415710984
5.73809523809524,0.518722926177549,0.608626735525089,0.143518260368927,16.2447501216714
5.73819444444444,0.51868014943406,0.608590440354073,0.143449639338351,16.2450586413605
5.73829365079365,0.518637377014823,0.608554142564578,0.143381051153949,16.2453671301714
5.73839285714286,0.518594608919108,0.608517842159457,0.143312495799668,16.2456755881098
5.73849206349206,0.518551845146187,0.608481539141563,0.143243973259461,16.2459840151812
5.73859126984127,0.518509085695329,0.608445233513746,0.143175483517287,16.2462924113914
5.73869047619048,0.518466330565807,0.608408925278854,0.143107026557113,16.2466007767461
5.73878968253968,0.518423579756892,0.608372614439736,0.143038602362911,16.2469091112508
5.73888888888889,0.518380833267858,0.608336300999237,0.142970210918662,16.2472174149113
5.73898809523809,0.518338091097975,0.608299984960202,0.14290185220835,16.2475256877333
5.7390873015873,0.518295353246518,0.608263666325475,0.142833526215968,16.2478339297222
5.73918650793651,0.518252619712759,0.608227345097899,0.142765232925515,16.2481421408839
5.73928571428571,0.518209890495973,0.608191021280314,0.142696972320998,16.248450321224
5.73938492063492,0.518167165595433,0.608154694875559,0.142628744386428,16.248758470748
5.73948412698413,0.518124445010414,0.608118365886474,0.142560549105823,16.2490665894617
5.73958333333333,0.518081728740192,0.608082034315896,0.14249238646321,16.2493746773708
5.73968253968254,0.51803901678404,0.608045700166658,0.142424256442619,16.2496827344807
5.73978174603175,0.517996309141235,0.608009363441598,0.14235615902809,16.2499907607973
5.73988095238095,0.517953605811053,0.607973024143545,0.142288094203668,16.2502987563261
5.73998015873016,0.517910906792769,0.607936682275334,0.142220061953404,16.2506067210728
5.74007936507937,0.517868212085662,0.607900337839793,0.142152062261356,16.2509146550429
5.74017857142857,0.517825521689008,0.607863990839753,0.142084095111589,16.2512225582422
5.74027777777778,0.517782835602084,0.607827641278039,0.142016160488175,16.2515304306763
5.74037698412698,0.517740153824168,0.60779128915748,0.141948258375191,16.2518382723508
5.74047619047619,0.517697476354539,0.607754934480899,0.141880388756721,16.2521460832713
5.7405753968254,0.517654803192475,0.60771857725112,0.141812551616858,16.2524538634434
5.7406746031746,0.517612134337256,0.607682217470966,0.141744746939697,16.2527616128729
5.74077380952381,0.517569469788159,0.607645855143257,0.141676974709344,16.2530693315652
5.74087301587302,0.517526809544467,0.607609490270814,0.141609234909909,16.2533770195261
5.74097222222222,0.517484153605458,0.607573122856454,0.14154152752551,16.2536846767611
5.74107142857143,0.517441501970412,0.607536752902994,0.14147385254027,16.2539923032759
5.74117063492063,0.517398854638612,0.60750038041325,0.14140620993832,16.2542998990761
5.74126984126984,0.517356211609337,0.607464005390036,0.141338599703796,16.2546074641673
5.74136904761905,0.517313572881871,0.607427627836166,0.141271021820843,16.2549149985551
5.74146825396825,0.517270938455493,0.60739124775445,0.14120347627361,16.2552225022451
5.74156746031746,0.517228308329488,0.607354865147699,0.141135963046254,16.255529975243
5.74166666666667,0.517185682503138,0.607318480018722,0.141068482122939,16.2558374175542
5.74176587301587,0.517143060975726,0.607282092370327,0.141001033487834,16.2561448291846
5.74186507936508,0.517100443746535,0.607245702205319,0.140933617125116,16.2564522101396
5.74196428571429,0.51705783081485,0.607209309526504,0.140866233018967,16.2567595604248
5.74206349206349,0.517015222179955,0.607172914336686,0.140798881153578,16.2570668800459
5.7421626984127,0.516972617841133,0.607136516638665,0.140731561513143,16.2573741690084
5.74226190476191,0.516930017797671,0.607100116435245,0.140664274081867,16.257681427318
5.74236111111111,0.516887422048853,0.607063713729223,0.140597018843959,16.2579886549802
5.74246031746032,0.516844830593966,0.607027308523399,0.140529795783633,16.2582958520007
5.74255952380952,0.516802243432296,0.60699090082057,0.140462604885112,16.258603018385
5.74265873015873,0.516759660563128,0.60695449062353,0.140395446132626,16.2589101541387
5.74275793650794,0.516717081985751,0.606918077935074,0.14032831951041,16.2592172592674
5.74285714285714,0.51667450769945,0.606881662757995,0.140261225002706,16.2595243337767
5.74295634920635,0.516631937703514,0.606845245095085,0.140194162593763,16.2598313776722
5.74305555555556,0.516589371997232,0.606808824949134,0.140127132267836,16.2601383909595
5.74315476190476,0.51654681057989,0.60677240232293,0.140060134009186,16.2604453736441
5.74325396825397,0.516504253450779,0.606735977219262,0.139993167802083,16.2607523257316
5.74335317460317,0.516461700609187,0.606699549640916,0.1399262336308,16.2610592472276
5.74345238095238,0.516419152054403,0.606663119590676,0.139859331479621,16.2613661381377
5.74355158730159,0.516376607785718,0.606626687071327,0.139792461332831,16.2616729984674
5.74365079365079,0.516334067802421,0.606590252085649,0.139725623174727,16.2619798282223
5.74375,0.516291532103805,0.606553814636425,0.13965881698961,16.262286627408
5.74384920634921,0.516249000689158,0.606517374726434,0.139592042761787,16.2625933960301
5.74394841269841,0.516206473557774,0.606480932358454,0.139525300475573,16.2629001340941
5.74404761904762,0.516163950708943,0.606444487535263,0.139458590115288,16.2632068416056
5.74414682539683,0.516121432141958,0.606408040259634,0.13939191166526,16.2635135185702
5.74424603174603,0.516078917856112,0.606371590534344,0.139325265109824,16.2638201649933
5.74434523809524,0.516036407850696,0.606335138362165,0.139258650433319,16.2641267808806
5.74444444444444,0.515993902125005,0.606298683745867,0.139192067620093,16.2644333662377
5.74454365079365,0.515951400678333,0.606262226688223,0.1391255166545,16.26473992107
5.74464285714286,0.515908903509972,0.606225767192,0.1390589975209,16.2650464453832
5.74474206349206,0.515866410619218,0.606189305259966,0.13899251020366,16.2653529391828
5.74484126984127,0.515823922005365,0.606152840894887,0.138926054687153,16.2656594024743
5.74494047619048,0.515781437667709,0.606116374099528,0.13885963095576,16.2659658352633
5.74503968253968,0.515738957605545,0.606079904876654,0.138793238993867,16.2662722375553
5.74513888888889,0.515696481818168,0.606043433229025,0.138726878785867,16.2665786093559
5.7452380952381,0.515654010304876,0.606006959159403,0.138660550316161,16.2668849506707
5.7453373015873,0.515611543064965,0.605970482670548,0.138594253569154,16.2671912615051
5.74543650793651,0.515569080097732,0.605934003765217,0.138527988529259,16.2674975418647
5.74553571428571,0.515526621402474,0.605897522446168,0.138461755180895,16.2678037917551
5.74563492063492,0.515484166978489,0.605861038716157,0.13839555350849,16.2681100111817
5.74573412698413,0.515441716825075,0.605824552577936,0.138329383496475,16.2684162001502
5.74583333333333,0.515399270941531,0.60578806403426,0.138263245129289,16.268722358666
5.74593253968254,0.515356829327156,0.60575157308788,0.138197138391378,16.2690284867347
5.74603174603175,0.515314391981248,0.605715079741546,0.138131063267195,16.2693345843618
5.74613095238095,0.515271958903108,0.605678583998007,0.138065019741198,16.2696406515528
5.74623015873016,0.515229530092036,0.605642085860011,0.137999007797853,16.2699466883133
5.74632936507937,0.515187105547332,0.605605585330303,0.137933027421632,16.2702526946487
5.74642857142857,0.515144685268297,0.605569082411629,0.137867078597014,16.2705586705647
5.74652777777778,0.515102269254232,0.605532577106732,0.137801161308483,16.2708646160667
5.74662698412698,0.515059857504438,0.605496069418354,0.137735275540531,16.2711705311603
5.74672619047619,0.515017450018217,0.605459559349237,0.137669421277656,16.2714764158509
5.7468253968254,0.514975046794873,0.60542304690212,0.137603598504365,16.2717822701441
5.7469246031746,0.514932647833707,0.605386532079741,0.137537807205167,16.2720880940454
5.74702380952381,0.514890253134022,0.605350014884837,0.13747204736458,16.2723938875602
5.74712301587302,0.514847862695122,0.605313495320143,0.13740631896713,16.2726996506942
5.74722222222222,0.514805476516311,0.605276973388395,0.137340621997348,16.2730053834528
5.74732142857143,0.514763094596892,0.605240449092324,0.137274956439771,16.2733110858416
5.74742063492064,0.514720716936171,0.605203922434661,0.137209322278943,16.2736167578659
5.74751984126984,0.514678343533452,0.605167393418139,0.137143719499415,16.2739223995314
5.74761904761905,0.514635974388041,0.605130862045485,0.137078148085746,16.2742280108435
5.74771825396825,0.514593609499243,0.605094328319426,0.137012608022498,16.2745335918078
5.74781746031746,0.514551248866364,0.60505779224269,0.136947099294242,16.2748391424296
5.74791666666667,0.514508892488711,0.605021253818,0.136881621885555,16.2751446627146
5.74801587301587,0.51446654036559,0.604984713048081,0.136816175781022,16.2754501526682
5.74811507936508,0.514424192496309,0.604948169935655,0.136750760965231,16.275755612296
5.74821428571429,0.514381848880175,0.604911624483442,0.13668537742278,16.2760610416033
5.74831349206349,0.514339509516497,0.604875076694162,0.136620025138273,16.2763664405957
5.7484126984127,0.514297174404582,0.604838526570534,0.13655470409632,16.2766718092786
5.74851190476191,0.514254843543739,0.604801974115273,0.136489414281536,16.2769771476576
5.74861111111111,0.514212516933277,0.604765419331097,0.136424155678546,16.2772824557382
5.74871031746032,0.514170194572505,0.604728862220718,0.136358928271978,16.2775877335258
5.74880952380952,0.514127876460735,0.60469230278685,0.136293732046468,16.2778929810258
5.74890873015873,0.514085562597274,0.604655741032204,0.136228566986661,16.2781981982439
5.74900793650794,0.514043252981435,0.604619176959491,0.136163433077204,16.2785033851854
5.74910714285714,0.514000947612527,0.604582610571419,0.136098330302755,16.2788085418558
5.74920634920635,0.513958646489864,0.604546041870696,0.136033258647975,16.2791136682606
5.74930555555556,0.513916349612755,0.604509470860028,0.135968218097533,16.2794187644053
5.74940476190476,0.513874056980513,0.604472897542121,0.135903208636106,16.2797238302953
5.74950396825397,0.51383176859245,0.604436321919676,0.135838230248375,16.2800288659361
5.74960317460318,0.51378948444788,0.604399743995397,0.135773282919029,16.2803338713332
5.74970238095238,0.513747204546116,0.604363163771985,0.135708366632764,16.280638846492
5.74980158730159,0.51370492888647,0.604326581252139,0.135643481374281,16.280943791418
5.74990079365079,0.513662657468258,0.604289996438557,0.135578627128289,16.2812487061166
5.75,0.513620390290793,0.604253409333937,0.135513803879504,16.2815535905934
5.75009920634921,0.513578127353389,0.604216819940973,0.135449011612645,16.2818584448537
5.75019841269841,0.513535868655363,0.60418022826236,0.135384250312443,16.2821632689031
5.75029761904762,0.51349361419603,0.60414363430079,0.135319519963631,16.2824680627469
5.75039682539683,0.513451363974704,0.604107038058956,0.135254820550951,16.2827728263906
5.75049603174603,0.513409117990703,0.604070439539547,0.13519015205915,16.2830775598397
5.75059523809524,0.513366876243343,0.604033838745252,0.135125514472984,16.2833822630996
5.75069444444444,0.513324638731941,0.603997235678759,0.135060907777214,16.2836869361757
5.75079365079365,0.513282405455814,0.603960630342754,0.134996331956606,16.2839915790736
5.75089285714286,0.513240176414281,0.603924022739922,0.134931786995935,16.2842961917986
5.75099206349206,0.513197951606658,0.603887412872947,0.134867272879982,16.2846007743562
5.75109126984127,0.513155731032264,0.603850800744509,0.134802789593534,16.2849053267518
5.75119047619048,0.513113514690419,0.603814186357291,0.134738337121385,16.2852098489909
5.75128968253968,0.513071302580442,0.603777569713972,0.134673915448336,16.2855143410789
5.75138888888889,0.513029094701652,0.60374095081723,0.134609524559193,16.2858188030212
5.75148809523809,0.512986891053368,0.603704329669742,0.13454516443877,16.2861232348232
5.7515873015873,0.512944691634912,0.603667706274183,0.134480835071887,16.2864276364905
5.75168650793651,0.512902496445604,0.603631080633228,0.134416536443371,16.2867320080283
5.75178571428571,0.512860305484765,0.60359445274955,0.134352268538056,16.2870363494422
5.75188492063492,0.512818118751716,0.603557822625819,0.13428803134078,16.2873406607376
5.75198412698413,0.51277593624578,0.603521190264706,0.134223824836391,16.2876449419198
5.75208333333333,0.512733757966279,0.60348455566888,0.134159649009742,16.2879491929944
5.75218253968254,0.512691583912534,0.603447918841009,0.134095503845691,16.2882534139667
5.75228174603175,0.51264941408387,0.603411279783758,0.134031389329106,16.2885576048421
5.75238095238095,0.512607248479609,0.603374638499793,0.133967305444859,16.288861765626
5.75248015873016,0.512565087099075,0.603337994991777,0.133903252177829,16.289165896324
5.75257936507937,0.512522929941592,0.603301349262371,0.133839229512901,16.2894699969413
5.75267857142857,0.512480777006485,0.603264701314238,0.13377523743497,16.2897740674834
5.75277777777778,0.512438628293078,0.603228051150036,0.133711275928932,16.2900781079557
5.75287698412698,0.512396483800697,0.603191398772424,0.133647344979695,16.2903821183636
5.75297619047619,0.512354343528667,0.603154744184059,0.13358344457217,16.2906860987125
5.7530753968254,0.512312207476314,0.603118087387595,0.133519574691276,16.2909900490078
5.7531746031746,0.512270075642965,0.603081428385687,0.133455735321938,16.2912939692549
5.75327380952381,0.512227948027946,0.603044767180989,0.133391926449087,16.2915978594593
5.75337301587302,0.512185824630584,0.60300810377615,0.133328148057663,16.2919017196262
5.75347222222222,0.512143705450207,0.602971438173823,0.13326440013261,16.2922055497611
5.75357142857143,0.512101590486143,0.602934770376655,0.13320068265888,16.2925093498695
5.75367063492063,0.512059479737719,0.602898100387293,0.133136995621431,16.2928131199566
5.75376984126984,0.512017373204265,0.602861428208385,0.133073339005227,16.2931168600279
5.75386904761905,0.511975270885109,0.602824753842575,0.13300971279524,16.2934205700887
5.75396825396825,0.511933172779581,0.602788077292506,0.132946116976448,16.2937242501445
5.75406746031746,0.511891078887009,0.60275139856082,0.132882551533834,16.2940279002007
5.75416666666667,0.511848989206726,0.602714717650159,0.13281901645239,16.2943315202625
5.75426587301587,0.51180690373806,0.602678034563162,0.132755511717114,16.2946351103355
5.75436507936508,0.511764822480343,0.602641349302467,0.13269203731301,16.2949386704249
5.75446428571429,0.511722745432907,0.602604661870711,0.132628593225087,16.2952422005361
5.75456349206349,0.511680672595081,0.602567972270529,0.132565179438364,16.2955457006747
5.7546626984127,0.511638603966199,0.602531280504555,0.132501795937864,16.2958491708458
5.7547619047619,0.511596539545593,0.602494586575423,0.132438442708618,16.2961526110548
5.75486111111111,0.511554479332596,0.602457890485763,0.132375119735661,16.2964560213073
5.75496031746032,0.51151242332654,0.602421192238207,0.132311827004039,16.2967594016084
5.75505952380952,0.511470371526759,0.602384491835382,0.132248564498801,16.2970627519636
5.75515873015873,0.511428323932588,0.602347789279916,0.132185332205004,16.2973660723783
5.75525793650794,0.511386280543359,0.602311084574435,0.13212213010771,16.2976693628577
5.75535714285714,0.511344241358409,0.602274377721565,0.13205895819199,16.2979726234074
5.75545634920635,0.511302206377071,0.602237668723928,0.13199581644292,16.2982758540325
5.75555555555556,0.51126017559868,0.602200957584147,0.131932704845583,16.2985790547386
5.75565476190476,0.511218149022574,0.602164244304843,0.131869623385068,16.2988822255309
5.75575396825397,0.511176126648088,0.602127528888635,0.131806572046471,16.2991853664148
5.75585317460317,0.511134108474558,0.602090811338141,0.131743550814896,16.2994884773956
5.75595238095238,0.511092094501322,0.602054091655977,0.13168055967545,16.2997915584787
5.75605158730159,0.511050084727716,0.602017369844761,0.131617598613251,16.3000946096695
5.75615079365079,0.511008079153077,0.601980645907105,0.13155466761342,16.3003976309733
5.75625,0.510966077776745,0.601943919845622,0.131491766661086,16.3007006223954
5.75634920634921,0.510924080598057,0.601907191662924,0.131428895741384,16.3010035839412
5.75644841269841,0.510882087616353,0.601870461361621,0.131366054839457,16.301306515616
5.75654761904762,0.51084009883097,0.601833728944322,0.131303243940454,16.3016094174252
5.75664682539683,0.510798114241249,0.601796994413634,0.131240463029529,16.3019122893741
5.75674603174603,0.51075613384653,0.601760257772164,0.131177712091844,16.302215131468
5.75684523809524,0.510714157646153,0.601723519022516,0.131114991112567,16.3025179437123
5.75694444444444,0.510672185639457,0.601686778167293,0.131052300076874,16.3028207261123
5.75704365079365,0.510630217825785,0.601650035209098,0.130989638969945,16.3031234786734
5.75714285714286,0.510588254204478,0.601613290150532,0.130927007776969,16.3034262014008
5.75724206349206,0.510546294774877,0.601576542994194,0.13086440648314,16.3037288942999
5.75734126984127,0.510504339536325,0.601539793742682,0.13080183507366,16.304031557376
5.75744047619048,0.510462388488164,0.601503042398593,0.130739293533737,16.3043341906345
5.75753968253968,0.510420441629736,0.601466288964522,0.130676781848583,16.3046367940806
5.75763888888889,0.510378498960386,0.601429533443064,0.130614300003421,16.3049393677197
5.75773809523809,0.510336560479456,0.601392775836811,0.130551847983478,16.3052419115571
5.7578373015873,0.510294626186291,0.601356016148355,0.130489425773987,16.3055444255982
5.75793650793651,0.510252696080235,0.601319254380286,0.13042703336019,16.3058469098481
5.75803571428571,0.510210770160633,0.601282490535192,0.130364670727333,16.3061493643123
5.75813492063492,0.51016884842683,0.601245724615662,0.130302337860671,16.3064517889961
5.75823412698413,0.510126930878171,0.601208956624281,0.130240034745463,16.3067541839047
5.75833333333333,0.510085017514002,0.601172186563633,0.130177761366976,16.3070565490436
5.75843253968254,0.51004310833367,0.601135414436304,0.130115517710483,16.3073588844178
5.75853174603175,0.51000120333652,0.601098640244874,0.130053303761265,16.3076611900329
5.75863095238095,0.509959302521901,0.601061863991924,0.129991119504609,16.3079634658941
5.75873015873016,0.50991740588916,0.601025085680034,0.129928964925807,16.3082657120067
5.75882936507937,0.509875513437643,0.600988305311782,0.129866840010158,16.3085679283759
5.75892857142857,0.5098336251667,0.600951522889745,0.12980474474297,16.3088701150071
5.75902777777778,0.509791741075679,0.600914738416498,0.129742679109555,16.3091722719056
5.75912698412698,0.509749861163928,0.600877951894615,0.129680643095232,16.3094743990767
5.75922619047619,0.509707985430797,0.60084116332667,0.129618636685328,16.3097764965257
5.7593253968254,0.509666113875636,0.600804372715232,0.129556659865174,16.3100785642578
5.7594246031746,0.509624246497794,0.600767580062873,0.129494712620111,16.3103806022783
5.75952380952381,0.509582383296622,0.600730785372162,0.129432794935483,16.3106826105926
5.75962301587302,0.509540524271471,0.600693988645666,0.129370906796643,16.3109845892059
5.75972222222222,0.509498669421691,0.60065718988595,0.12930904818895,16.3112865381234
5.75982142857143,0.509456818746635,0.60062038909558,0.129247219097769,16.3115884573506
5.75992063492063,0.509414972245654,0.600583586277119,0.129185419508472,16.3118903468926
5.76001984126984,0.509373129918099,0.600546781433129,0.129123649406437,16.3121922067547
5.76011904761905,0.509331291763326,0.600509974566172,0.129061908777049,16.3124940369423
5.76021825396825,0.509289457780685,0.600473165678806,0.129000197605701,16.3127958374605
5.76031746031746,0.50924762796953,0.600436354773589,0.128938515877791,16.3130976083147
5.76041666666667,0.509205802329216,0.600399541853078,0.128876863578722,16.3133993495101
5.76051587301587,0.509163980859096,0.60036272691983,0.128815240693908,16.313701061052
5.76061507936508,0.509122163558524,0.600325909976397,0.128753647208764,16.3140027429457
5.76071428571429,0.509080350426856,0.600289091025332,0.128692083108717,16.3143043951964
5.76081349206349,0.509038541463447,0.600252270069188,0.128630548379196,16.3146060178094
5.7609126984127,0.508996736667653,0.600215447110513,0.128569043005641,16.3149076107899
5.76101190476191,0.508954936038828,0.600178622151858,0.128507566973494,16.3152091741432
5.76111111111111,0.508913139576331,0.600141795195769,0.128446120268206,16.3155107078746
5.76121031746032,0.508871347279518,0.600104966244792,0.128384702875236,16.3158122119893
5.76130952380952,0.508829559147745,0.600068135301472,0.128323314780047,16.3161136864926
5.76140873015873,0.508787775180371,0.600031302368353,0.128261955968108,16.3164151313897
5.76150793650794,0.508745995376752,0.599994467447976,0.128200626424898,16.3167165466859
5.76160714285714,0.508704219736248,0.599957630542883,0.1281393261359,16.3170179323865
5.76170634920635,0.508662448258217,0.599920791655613,0.128078055086604,16.3173192884966
5.76180555555556,0.508620680942019,0.599883950788703,0.128016813262507,16.3176206150215
5.76190476190476,0.508578917787011,0.599847107944691,0.127955600649113,16.3179219119665
5.76200396825397,0.508537158792555,0.599810263126112,0.12789441723193,16.3182231793368
5.76210317460317,0.508495403958011,0.599773416335501,0.127833262996476,16.3185244171376
5.76220238095238,0.508453653282738,0.599736567575389,0.127772137928273,16.3188256253742
5.76230158730159,0.508411906766097,0.599699716848308,0.127711042012851,16.3191268040518
5.76240079365079,0.508370164407451,0.599662864156789,0.127649975235747,16.3194279531757
5.7625,0.50832842620616,0.59962600950336,0.127588937582503,16.3197290727511
5.76259920634921,0.508286692161587,0.599589152890548,0.127527929038668,16.3200301627832
5.76269841269841,0.508244962273094,0.59955229432088,0.127466949589798,16.3203312232772
5.76279761904762,0.508203236540044,0.599515433796881,0.127405999221456,16.3206322542384
5.76289682539683,0.5081615149618,0.599478571321073,0.127345077919211,16.320933255672
5.76299603174603,0.508119797537725,0.599441706895979,0.127284185668637,16.3212342275833
5.76309523809524,0.508078084267184,0.59940484052412,0.127223322455318,16.3215351699773
5.76319444444444,0.50803637514954,0.599367972208014,0.127162488264842,16.3218360828595
5.76329365079365,0.507994670184159,0.599331101950181,0.127101683082804,16.3221369662349
5.76339285714286,0.507952969370405,0.599294229753136,0.127040906894807,16.3224378201088
5.76349206349206,0.507911272707643,0.599257355619396,0.126980159686458,16.3227386444864
5.76359126984127,0.50786958019524,0.599220479551474,0.126919441443372,16.323039439373
5.76369047619048,0.507827891832562,0.599183601551883,0.126858752151172,16.3233402047737
5.76378968253968,0.507786207618975,0.599146721623134,0.126798091795484,16.3236409406938
5.76388888888889,0.507744527553845,0.599109839767738,0.126737460361945,16.3239416471384
5.7639880952381,0.507702851636541,0.599072955988203,0.126676857836195,16.3242423241127
5.7640873015873,0.50766117986643,0.599036070287037,0.126616284203882,16.3245429716221
5.76418650793651,0.50761951224288,0.598999182666745,0.126555739450661,16.3248435896716
5.76428571428571,0.50757784876526,0.598962293129833,0.126495223562192,16.3251441782664
5.76438492063492,0.507536189432937,0.598925401678803,0.126434736524142,16.3254447374119
5.76448412698413,0.507494534245282,0.598888508316158,0.126374278322187,16.3257452671131
5.76458333333333,0.507452883201664,0.598851613044399,0.126313848942006,16.3260457673752
5.76468253968254,0.507411236301452,0.598814715866025,0.126253448369287,16.3263462382035
5.76478174603175,0.507369593544017,0.598777816783534,0.126193076589725,16.3266466796032
5.76488095238095,0.50732795492873,0.598740915799422,0.126132733589018,16.3269470915794
5.76498015873016,0.507286320454962,0.598704012916186,0.126072419352874,16.3272474741373
5.76507936507937,0.507244690122084,0.598667108136319,0.126012133867007,16.3275478272821
5.76517857142857,0.507203063929468,0.598630201462314,0.125951877117136,16.327848151019
5.76527777777778,0.507161441876485,0.598593292896662,0.125891649088989,16.3281484453532
5.76537698412698,0.507119823962509,0.598556382441854,0.125831449768298,16.3284487102899
5.76547619047619,0.507078210186913,0.598519470100378,0.125771279140804,16.3287489458342
5.7655753968254,0.50703660054907,0.598482555874721,0.125711137192252,16.3290491519913
5.7656746031746,0.506994995048353,0.598445639767369,0.125651023908396,16.3293493287664
5.76577380952381,0.506953393684136,0.598408721780808,0.125590939274995,16.3296494761646
5.76587301587302,0.506911796455794,0.598371801917521,0.125530883277816,16.3299495941912
5.76597222222222,0.506870203362702,0.598334880179989,0.125470855902629,16.3302496828513
5.76607142857143,0.506828614404235,0.598297956570693,0.125410857135217,16.3305497421501
5.76617063492063,0.506787029579768,0.598261031092114,0.125350886961363,16.3308497720927
5.76626984126984,0.506745448888677,0.598224103746728,0.12529094536686,16.3311497726843
5.76636904761905,0.506703872330339,0.598187174537012,0.125231032337507,16.33144974393
5.76646825396825,0.50666229990413,0.598150243465443,0.12517114785911,16.3317496858352
5.76656746031746,0.506620731609427,0.598113310534493,0.12511129191748,16.3320495984047
5.76666666666667,0.506579167445608,0.598076375746636,0.125051464498437,16.332349481644
5.76676587301587,0.506537607412051,0.598039439104343,0.124991665587804,16.332649335558
5.76686507936508,0.506496051508133,0.598002500610084,0.124931895171415,16.332949160152
5.76696428571429,0.506454499733233,0.597965560266328,0.124872153235108,16.3332489554311
5.76706349206349,0.50641295208673,0.597928618075542,0.124812439764727,16.3335487214005
5.7671626984127,0.506371408568004,0.597891674040193,0.124752754746123,16.3338484580653
5.7672619047619,0.506329869176434,0.597854728162744,0.124693098165156,16.3341481654306
5.76736111111111,0.5062883339114,0.597817780445659,0.124633470007689,16.3344478435017
5.76746031746032,0.506246802772282,0.597780830891401,0.124573870259594,16.3347474922835
5.76755952380952,0.506205275758462,0.597743879502429,0.124514298906748,16.3350471117814
5.76765873015873,0.50616375286932,0.597706926281204,0.124454755935035,16.3353467020004
5.76775793650794,0.506122234104238,0.597669971230183,0.124395241330348,16.3356462629456
5.76785714285714,0.506080719462598,0.597633014351824,0.124335755078582,16.3359457946223
5.76795634920635,0.506039208943783,0.597596055648581,0.124276297165642,16.3362452970355
5.76805555555556,0.505997702547174,0.597559095122908,0.124216867577439,16.3365447701903
5.76815476190476,0.505956200272155,0.597522132777258,0.12415746629989,16.336844214092
5.76825396825397,0.50591470211811,0.597485168614083,0.124098093318918,16.3371436287455
5.76835317460317,0.505873208084422,0.597448202635833,0.124038748620454,16.3374430141562
5.76845238095238,0.505831718170475,0.597411234844955,0.123979432190434,16.337742370329
5.76855158730159,0.505790232375654,0.597374265243899,0.123920144014803,16.3380416972691
5.76865079365079,0.505748750699345,0.597337293835109,0.123860884079509,16.3383409949816
5.76875,0.505707273140931,0.59730032062103,0.12380165237051,16.3386402634717
5.76884920634921,0.505665799699799,0.597263345604106,0.123742448873769,16.3389395027444
5.76894841269841,0.505624330375335,0.597226368786778,0.123683273575255,16.339238712805
5.76904761904762,0.505582865166925,0.597189390171488,0.123624126460945,16.3395378936584
5.76914682539683,0.505541404073957,0.597152409760675,0.123565007516822,16.3398370453098
5.76924603174603,0.505499947095817,0.597115427556777,0.123505916728874,16.3401361677644
5.76934523809524,0.505458494231892,0.59707844356223,0.123446854083099,16.3404352610272
5.76944444444444,0.505417045481572,0.597041457779469,0.123387819565497,16.3407343251033
5.76954365079365,0.50537560084116,0.597004470211749,0.123328813164277,16.3410333599985
5.76964285714286,0.505334160297515,0.596967480864738,0.123269834874898,16.3413323657209
5.76974206349206,0.505292723848612,0.596930489741029,0.123210884685551,16.3416313422754
5.76984126984127,0.505251291493753,0.596893496842859,0.123151962583523,16.341930289667
5.76994047619048,0.505209863232237,0.596856502172462,0.123093068556102,16.3422292079005
5.77003968253968,0.505168439063363,0.596819505732073,0.123034202590582,16.3425280969807
5.77013888888889,0.505127018986432,0.596782507523925,0.12297536467426,16.3428269569125
5.77023809523809,0.505085603000744,0.596745507550251,0.122916554794438,16.3431257877007
5.7703373015873,0.505044191105599,0.596708505813283,0.122857772938422,16.3434245893502
5.77043650793651,0.505002783300298,0.596671502315251,0.12279901909352,16.3437233618658
5.77053571428571,0.504961379584142,0.596634497058387,0.122740293247046,16.3440221052523
5.77063492063492,0.504919979956433,0.596597490044919,0.12268159538632,16.3443208195146
5.77073412698413,0.50487858441647,0.596560481277076,0.122622925498661,16.3446195046576
5.77083333333333,0.504837192963557,0.596523470757086,0.122564283571396,16.3449181606859
5.77093253968254,0.504795805596993,0.596486458487177,0.122505669591855,16.3452167876046
5.77103174603175,0.504754422316082,0.596449444469574,0.122447083547372,16.3455153854184
5.77113095238095,0.504713043120125,0.596412428706503,0.122388525425284,16.3458139541321
5.77123015873016,0.504671668008424,0.596375411200188,0.122329995212933,16.3461124937506
5.77132936507937,0.504630296980281,0.596338391952854,0.122271492897667,16.3464110042787
5.77142857142857,0.504588930035,0.596301370966723,0.122213018466835,16.3467094857212
5.77152777777778,0.504547567171884,0.596264348244018,0.122154571907791,16.347007938083
5.77162698412698,0.504506208390234,0.596227323786961,0.122096153207893,16.3473063613689
5.77172619047619,0.504464853689354,0.596190297597771,0.122037762354504,16.3476047555837
5.7718253968254,0.504423503068547,0.596153269678669,0.12197939933499,16.3479031207322
5.7719246031746,0.504382156527117,0.596116240031874,0.121921064136721,16.3482014568192
5.77202380952381,0.504340814064368,0.596079208659605,0.121862756747073,16.3484997638497
5.77212301587302,0.504299475679603,0.596042175564078,0.121804477153423,16.3487980418283
5.77222222222222,0.504258141372127,0.59600514074751,0.121746225343155,16.34909629076
5.77232142857143,0.504216811141244,0.595968104212118,0.121688001303654,16.3493945106495
5.77242063492063,0.504175484986258,0.595931065960116,0.121629805022312,16.3496927015016
5.77251984126984,0.504134162906475,0.595894025993719,0.121571636486523,16.3499908633212
5.77261904761905,0.504092844901197,0.59585698431514,0.121513495683686,16.3502889961131
5.77271825396825,0.504051530969732,0.595819940926592,0.121455382601204,16.350587099882
5.77281746031746,0.504010221111383,0.595782895830287,0.121397297226484,16.3508851746329
5.77291666666667,0.503968915325458,0.595745849028435,0.121339239546937,16.3511832203705
5.77301587301587,0.50392761361126,0.595708800523248,0.121281209549978,16.3514812370995
5.77311507936508,0.503886315968096,0.595671750316934,0.121223207223026,16.351779224825
5.77321428571429,0.503845022395271,0.595634698411703,0.121165232553505,16.3520771835515
5.77331349206349,0.503803732892093,0.595597644809762,0.12110728552884,16.3523751132841
5.7734126984127,0.503762447457866,0.595560589513319,0.121049366136464,16.3526730140273
5.77351190476191,0.503721166091899,0.595523532524579,0.120991474363813,16.3529708857861
5.77361111111111,0.503679888793497,0.595486473845748,0.120933610198324,16.3532687285653
5.77371031746032,0.503638615561968,0.595449413479032,0.120875773627443,16.3535665423696
5.77380952380952,0.503597346396618,0.595412351426633,0.120817964638615,16.3538643272039
5.77390873015873,0.503556081296756,0.595375287690755,0.120760183219294,16.354162083073
5.77400793650794,0.503514820261687,0.595338222273601,0.120702429356934,16.3544598099816
5.77410714285714,0.503473563290721,0.595301155177371,0.120644703038995,16.3547575079346
5.77420634920635,0.503432310383164,0.595264086404267,0.12058700425294,16.3550551769367
5.77430555555556,0.503391061538325,0.595227015956488,0.120529332986238,16.3553528169927
5.77440476190476,0.503349816755513,0.595189943836234,0.120471689226361,16.3556504281075
5.77450396825397,0.503308576034035,0.595152870045703,0.120414072960784,16.3559480102859
5.77460317460317,0.503267339373201,0.595115794587092,0.120356484176987,16.3562455635325
5.77470238095238,0.503226106772318,0.595078717462598,0.120298922862454,16.3565430878523
5.77480158730159,0.503184878230697,0.595041638674418,0.120241389004673,16.35684058325
5.77490079365079,0.503143653747645,0.595004558224745,0.120183882591136,16.3571380497304
5.775,0.503102433322474,0.594967476115775,0.12012640360934,16.3574354872982
5.77509920634921,0.503061216954492,0.594930392349702,0.120068952046785,16.3577328959583
5.77519841269841,0.503020004643008,0.594893306928717,0.120011527890975,16.3580302757155
5.77529761904762,0.502978796387334,0.594856219855013,0.119954131129417,16.3583276265745
5.77539682539683,0.502937592186778,0.59481913113078,0.119896761749626,16.3586249485401
5.77549603174603,0.502896392040652,0.59478204075821,0.119839419739116,16.3589222416171
5.77559523809524,0.502855195948266,0.594744948739492,0.119782105085409,16.3592195058103
5.77569444444444,0.50281400390893,0.594707855076814,0.119724817776029,16.3595167411245
5.77579365079365,0.502772815921956,0.594670759772365,0.119667557798504,16.3598139475644
5.77589285714286,0.502731631986655,0.594633662828331,0.119610325140368,16.3601111251348
5.77599206349206,0.502690452102337,0.594596564246899,0.119553119789157,16.3604082738405
5.77609126984127,0.502649276268315,0.594559464030255,0.119495941732412,16.3607053936862
5.77619047619048,0.502608104483899,0.594522362180583,0.119438790957677,16.3610024846768
5.77628968253968,0.502566936748403,0.594485258700067,0.119381667452501,16.361299546817
5.77638888888889,0.502525773061137,0.594448153590891,0.119324571204438,16.3615965801116
5.7764880952381,0.502484613421414,0.594411046855236,0.119267502201044,16.3618935845653
5.7765873015873,0.502443457828547,0.594373938495285,0.119210460429881,16.362190560183
5.77668650793651,0.502402306281847,0.594336828513217,0.119153445878514,16.3624875069693
5.77678571428571,0.502361158780629,0.594299716911214,0.119096458534511,16.3627844249291
5.77688492063492,0.502320015324204,0.594262603691453,0.119039498385445,16.3630813140671
5.77698412698413,0.502278875911886,0.594225488856115,0.118982565418895,16.3633781743882
5.77708333333333,0.502237740542989,0.594188372407375,0.118925659622442,16.3636750058969
5.77718253968254,0.502196609216825,0.594151254347411,0.11886878098367,16.3639718085982
5.77728174603175,0.502155481932709,0.594114134678399,0.118811929490169,16.3642685824967
5.77738095238095,0.502114358689955,0.594077013402514,0.118755105129533,16.3645653275973
5.77748015873016,0.502073239487876,0.59403989052193,0.11869830788936,16.3648620439046
5.77757936507937,0.502032124325788,0.594002766038821,0.11864153775725,16.3651587314235
5.77767857142857,0.501991013203003,0.59396563995536,0.11858479472081,16.3654553901588
5.77777777777778,0.501949906118838,0.593928512273719,0.118528078767649,16.365752020115
5.77787698412698,0.501908803072606,0.593891382996068,0.118471389885381,16.3660486212971
5.77797619047619,0.501867704063624,0.593854252124578,0.118414728061624,16.3663451937098
5.7780753968254,0.501826609091206,0.59381711966142,0.118358093283999,16.3666417373578
5.7781746031746,0.501785518154668,0.593779985608761,0.118301485540133,16.3669382522458
5.77827380952381,0.501744431253325,0.593742849968769,0.118244904817656,16.3672347383787
5.77837301587302,0.501703348386493,0.593705712743613,0.118188351104201,16.3675311957611
5.77847222222222,0.501662269553489,0.593668573935457,0.118131824387407,16.3678276243979
5.77857142857143,0.501621194753628,0.593631433546468,0.118075324654916,16.3681240242937
5.77867063492064,0.501580123986226,0.59359429157881,0.118018851894374,16.3684203954533
5.77876984126984,0.501539057250601,0.593557148034649,0.117962406093431,16.3687167378815
5.77886904761905,0.501497994546069,0.593520002916145,0.117905987239742,16.369013051583
5.77896825396825,0.501456935871947,0.593482856225463,0.117849595320966,16.3693093365626
5.77906746031746,0.501415881227552,0.593445707964764,0.117793230324763,16.3696055928249
5.77916666666667,0.501374830612201,0.593408558136208,0.117736892238802,16.3699018203747
5.77926587301587,0.501333784025213,0.593371406741955,0.117680581050752,16.3701980192168
5.77936507936508,0.501292741465904,0.593334253784165,0.117624296748287,16.3704941893559
5.77946428571429,0.501251702933593,0.593297099264996,0.117568039319088,16.3707903307967
5.77956349206349,0.501210668427598,0.593259943186606,0.117511808750836,16.371086443544
5.7796626984127,0.501169637947237,0.593222785551151,0.117455605031219,16.3713825276024
5.77976190476191,0.501128611491828,0.593185626360788,0.117399428147926,16.3716785829769
5.77986111111111,0.50108758906069,0.593148465617671,0.117343278088654,16.3719746096719
5.77996031746032,0.501046570653143,0.593111303323956,0.1172871548411,16.3722706076924
5.78005952380952,0.501005556268504,0.593074139481795,0.117231058392968,16.372566577043
5.78015873015873,0.500964545906093,0.593036974093341,0.117174988731964,16.3728625177285
5.78025793650794,0.50092353956523,0.592999807160748,0.117118945845801,16.3731584297535
5.78035714285714,0.500882537245234,0.592962638686165,0.117062929722193,16.3734543131229
5.78045634920635,0.500841538945426,0.592925468671743,0.117006940348859,16.3737501678413
5.78055555555556,0.500800544665124,0.592888297119631,0.116950977713523,16.3740459939134
5.78065476190476,0.500759554403649,0.59285112403198,0.116895041803911,16.3743417913441
5.78075396825397,0.500718568160322,0.592813949410936,0.116839132607756,16.3746375601379
5.78085317460318,0.500677585934463,0.592776773258646,0.116783250112792,16.3749333002996
5.78095238095238,0.500636607725393,0.592739595577258,0.11672739430676,16.375229011834
5.78105158730159,0.500595633532433,0.592702416368917,0.116671565177402,16.3755246947458
5.78115079365079,0.500554663354903,0.592665235635768,0.116615762712467,16.3758203490396
5.78125,0.500513697192126,0.592628053379954,0.116559986899706,16.3761159747202
5.78134920634921,0.500472735043422,0.592590869603619,0.116504237726874,16.3764115717924
5.78144841269841,0.500431776908114,0.592553684308906,0.116448515181732,16.3767071402607
5.78154761904762,0.500390822785523,0.592516497497955,0.116392819252043,16.37700268013
5.78164682539683,0.500349872674971,0.592479309172908,0.116337149925574,16.377298191405
5.78174603174603,0.50030892657578,0.592442119335905,0.116281507190099,16.3775936740903
5.78184523809524,0.500267984487274,0.592404927989086,0.116225891033393,16.3778891281906
5.78194444444444,0.500227046408774,0.592367735134588,0.116170301443236,16.3781845537108
5.78204365079365,0.500186112339604,0.592330540774549,0.116114738407413,16.3784799506554
5.78214285714286,0.500145182279086,0.592293344911106,0.11605920191371,16.3787753190292
5.78224206349206,0.500104256226544,0.592256147546395,0.116003691949921,16.3790706588369
5.78234126984127,0.5000633341813,0.592218948682551,0.115948208503842,16.3793659700832
5.78244047619048,0.500022416142679,0.592181748321709,0.115892751563273,16.3796612527727
5.78253968253968,0.499981502110005,0.592144546466003,0.115837321116018,16.3799565069103
5.78263888888889,0.499940592082601,0.592107343117565,0.115781917149886,16.3802517325006
5.78273809523809,0.499899686059791,0.592070138278527,0.11572653965269,16.3805469295483
5.7828373015873,0.499858784040901,0.59203293195102,0.115671188612245,16.3808420980581
5.78293650793651,0.499817886025253,0.591995724137176,0.115615864016373,16.3811372380347
5.78303571428571,0.499776992012174,0.591958514839123,0.115560565852899,16.3814323494827
5.78313492063492,0.499736102000987,0.591921304058991,0.115505294109649,16.381727432407
5.78323412698413,0.499695215991018,0.591884091798907,0.115450048774459,16.3820224868121
5.78333333333333,0.499654333981593,0.591846878060999,0.115394829835164,16.3823175127028
5.78343253968254,0.499613455972037,0.591809662847394,0.115339637279605,16.3826125100837
5.78353174603175,0.499572581961675,0.591772446160216,0.115284471095628,16.3829074789596
5.78363095238095,0.499531711949833,0.591735228001591,0.115229331271081,16.3832024193352
5.78373015873016,0.499490845935838,0.591698008373643,0.115174217793817,16.3834973312151
5.78382936507937,0.499449983919014,0.591660787278495,0.115119130651693,16.3837922146039
5.78392857142857,0.499409125898691,0.59162356471827,0.115064069832571,16.3840870695065
5.78402777777778,0.499368271874192,0.591586340695089,0.115009035324315,16.3843818959275
5.78412698412698,0.499327421844846,0.591549115211073,0.114954027114796,16.3846766938715
5.78422619047619,0.49928657580998,0.591511888268342,0.114899045191886,16.3849714633433
5.7843253968254,0.49924573376892,0.591474659869016,0.114844089543462,16.3852662043475
5.7844246031746,0.499204895720993,0.591437430015213,0.114789160157407,16.3855609168889
5.78452380952381,0.499164061665529,0.591400198709051,0.114734257021605,16.385855600972
5.78462301587302,0.499123231601853,0.591362965952645,0.114679380123946,16.3861502566016
5.78472222222222,0.499082405529294,0.591325731748114,0.114624529452324,16.3864448837823
5.78482142857143,0.499041583447181,0.591288496097571,0.114569704994637,16.3867394825189
5.78492063492063,0.499000765354841,0.591251259003132,0.114514906738785,16.3870340528159
5.78501984126984,0.498959951251603,0.59121402046691,0.114460134672675,16.3873285946781
5.78511904761905,0.498919141136797,0.591176780491017,0.114405388784217,16.3876231081101
5.78521825396825,0.498878335009749,0.591139539077567,0.114350669061324,16.3879175931167
5.78531746031746,0.49883753286979,0.59110229622867,0.114295975491915,16.3882120497024
5.78541666666667,0.498796734716249,0.591065051946436,0.114241308063911,16.388506477872
5.78551587301587,0.498755940548456,0.591027806232977,0.114186666765239,16.3888008776301
5.78561507936508,0.49871515036574,0.590990559090399,0.114132051583828,16.3890952489814
5.78571428571429,0.49867436416743,0.590953310520812,0.114077462507613,16.3893895919305
5.78581349206349,0.498633581952857,0.590916060526323,0.114022899524531,16.3896839064821
5.7859126984127,0.498592803721352,0.590878809109038,0.113968362622526,16.389978192641
5.7860119047619,0.498552029472243,0.590841556271063,0.113913851789544,16.3902724504116
5.78611111111111,0.498511259204863,0.590804302014503,0.113859367013534,16.3905666797987
5.78621031746032,0.498470492918541,0.590767046341462,0.113804908282451,16.390860880807
5.78630952380952,0.49842973061261,0.590729789254043,0.113750475584254,16.3911550534411
5.78640873015873,0.498388972286399,0.590692530754348,0.113696068906906,16.3914491977057
5.78650793650794,0.49834821793924,0.590655270844481,0.113641688238373,16.3917433136054
5.78660714285714,0.498307467570466,0.59061800952654,0.113587333566625,16.3920374011449
5.78670634920635,0.498266721179406,0.590580746802628,0.113533004879637,16.3923314603289
5.78680555555556,0.498225978765394,0.590543482674841,0.113478702165388,16.3926254911619
5.78690476190476,0.498185240327762,0.590506217145281,0.113424425411861,16.3929194936487
5.78700396825397,0.498144505865841,0.590468950216043,0.113370174607043,16.3932134677938
5.78710317460317,0.498103775378964,0.590431681889225,0.113315949738924,16.393507413602
5.78720238095238,0.498063048866465,0.590394412166923,0.1132617507955,16.3938013310779
5.78730158730159,0.498022326327675,0.590357141051233,0.11320757776477,16.3940952202261
5.78740079365079,0.497981607761928,0.590319868544248,0.113153430634736,16.3943890810513
5.7875,0.497940893168557,0.590282594648063,0.113099309393406,16.3946829135582
5.78759920634921,0.497900182546895,0.590245319364771,0.113045214028791,16.3949767177513
5.78769841269841,0.497859475896277,0.590208042696463,0.112991144528907,16.3952704936353
5.78779761904762,0.497818773216035,0.590170764645231,0.112937100881772,16.3955642412149
5.78789682539683,0.497778074505505,0.590133485213166,0.112883083075411,16.3958579604946
5.78799603174603,0.497737379764019,0.590096204402357,0.11282909109785,16.3961516514792
5.78809523809524,0.497696688990913,0.590058922214893,0.11277512493712,16.3964453141733
5.78819444444444,0.49765600218552,0.590021638652863,0.112721184581259,16.3967389485815
5.78829365079365,0.497615319347176,0.589984353718353,0.112667270018304,16.3970325547085
5.78839285714286,0.497574640475216,0.58994706741345,0.1126133812363,16.3973261325588
5.78849206349206,0.497533965568975,0.58990977974024,0.112559518223294,16.3976196821371
5.78859126984127,0.497493294627788,0.589872490700808,0.112505680967339,16.3979132034481
5.78869047619048,0.49745262765099,0.589835200297238,0.11245186945649,16.3982066964964
5.78878968253968,0.497411964637918,0.589797908531613,0.112398083678806,16.3985001612866
5.78888888888889,0.497371305587907,0.589760615406016,0.112344323622353,16.3987935978233
5.78898809523809,0.497330650500293,0.589723320922529,0.112290589275197,16.3990870061112
5.7890873015873,0.497289999374412,0.589686025083232,0.11223688062541,16.3993803861548
5.78918650793651,0.497249352209601,0.589648727890206,0.11218319766107,16.3996737379589
5.78928571428571,0.497208709005197,0.58961142934553,0.112129540370256,16.3999670615281
5.78938492063492,0.497168069760537,0.589574129451283,0.112075908741052,16.4002603568669
5.78948412698413,0.497127434474956,0.589536828209542,0.112022302761547,16.40055362398
5.78958333333333,0.497086803147794,0.589499525622384,0.111968722419833,16.400846862872
5.78968253968254,0.497046175778386,0.589462221691886,0.111915167704006,16.4011400735475
5.78978174603175,0.497005552366071,0.589424916420122,0.111861638602166,16.4014332560112
5.78988095238095,0.496964932910186,0.589387609809168,0.111808135102418,16.4017264102676
5.78998015873016,0.49692431741007,0.589350301861097,0.111754657192872,16.4020195363215
5.79007936507937,0.49688370586506,0.589312992577982,0.111701204861638,16.4023126341773
5.79017857142857,0.496843098274495,0.589275681961895,0.111647778096835,16.4026057038398
5.79027777777778,0.496802494637714,0.589238370014908,0.111594376886582,16.4028987453134
5.79037698412698,0.496761894954054,0.589201056739091,0.111541001219004,16.403191758603
5.79047619047619,0.496721299222856,0.589163742136514,0.11148765108223,16.4034847437129
5.7905753968254,0.496680707443457,0.589126426209245,0.111434326464394,16.403777700648
5.7906746031746,0.496640119615198,0.589089108959354,0.111381027353631,16.4040706294127
5.79077380952381,0.496599535737418,0.589051790388908,0.111327753738084,16.4043635300117
5.79087301587302,0.496558955809457,0.589014470499972,0.111274505605896,16.4046564024495
5.79097222222222,0.496518379830653,0.588977149294613,0.111221282945218,16.4049492467309
5.79107142857143,0.496477807800349,0.588939826774896,0.111168085744202,16.4052420628603
5.79117063492063,0.496437239717883,0.588902502942885,0.111114913991005,16.4055348508425
5.79126984126984,0.496396675582595,0.588865177800643,0.111061767673789,16.4058276106819
5.79136904761905,0.496356115393828,0.588827851350233,0.111008646780719,16.4061203423833
5.79146825396825,0.496315559150921,0.588790523593717,0.110955551299964,16.4064130459511
5.79156746031746,0.496275006853216,0.588753194533155,0.110902481219699,16.40670572139
5.79166666666667,0.496234458500053,0.588715864170608,0.110849436528099,16.4069983687047
5.79176587301587,0.496193914090775,0.588678532508136,0.110796417213348,16.4072909878996
5.79186507936508,0.496153373624722,0.588641199547796,0.110743423263629,16.4075835789794
5.79196428571429,0.496112837101237,0.588603865291647,0.110690454667134,16.4078761419487
5.79206349206349,0.49607230451966,0.588566529741745,0.110637511412056,16.4081686768121
5.7921626984127,0.496031775879335,0.588529192900147,0.110584593486592,16.4084611835741
5.79226190476191,0.495991251179604,0.588491854768909,0.110531700878944,16.4087536622394
5.79236111111111,0.49595073041981,0.588454515350084,0.110478833577319,16.4090461128126
5.79246031746032,0.495910213599294,0.588417174645726,0.110425991569926,16.4093385352982
5.79255952380952,0.4958697007174,0.58837983265789,0.110373174844979,16.4096309297008
5.79265873015873,0.495829191773471,0.588342489388626,0.110320383390696,16.409923296025
5.79275793650794,0.49578868676685,0.588305144839986,0.1102676171953,16.4102156342754
5.79285714285714,0.495748185696881,0.58826779901402,0.110214876247015,16.4105079444566
5.79295634920635,0.495707688562907,0.58823045191278,0.110162160534074,16.4108002265731
5.79305555555556,0.495667195364272,0.588193103538313,0.110109470044709,16.4110924806296
5.79315476190476,0.495626706100321,0.588155753892668,0.11005680476716,16.4113847066306
5.79325396825397,0.495586220770396,0.588118402977892,0.110004164689668,16.4116769045807
5.79335317460317,0.495545739373844,0.588081050796032,0.10995154980048,16.4119690744845
5.79345238095238,0.495505261910008,0.588043697349133,0.109898960087847,16.4122612163466
5.79355158730159,0.495464788378232,0.588006342639241,0.109846395540022,16.4125533301715
5.79365079365079,0.495424318777863,0.5879689866684,0.109793856145265,16.4128454159638
5.79375,0.495383853108246,0.587931629438653,0.109741341891838,16.4131374737281
5.79384920634921,0.495343391368725,0.587894270952043,0.109688852768009,16.4134295034689
5.79394841269841,0.495302933558646,0.587856911210611,0.109636388762047,16.4137215051909
5.79404761904762,0.495262479677354,0.5878195502164,0.109583949862227,16.4140134788985
5.79414682539683,0.495222029724197,0.587782187971448,0.109531536056829,16.4143054245965
5.79424603174603,0.495181583698519,0.587744824477795,0.109479147334135,16.4145973422892
5.79434523809524,0.495141141599668,0.587707459737481,0.109426783682433,16.4148892319814
5.79444444444444,0.495100703426989,0.587670093752542,0.109374445090013,16.4151810936775
5.79454365079365,0.49506026917983,0.587632726525016,0.10932213154517,16.4154729273822
5.79464285714286,0.495019838857537,0.587595358056939,0.109269843036204,16.4157647331
5.79474206349206,0.494979412459457,0.587557988350347,0.109217579551418,16.4160565108354
5.79484126984127,0.494938989984937,0.587520617407274,0.109165341079118,16.4163482605931
5.79494047619048,0.494898571433326,0.587483245229753,0.109113127607617,16.4166399823775
5.79503968253968,0.494858156803969,0.587445871819819,0.10906093912523,16.4169316761933
5.79513888888889,0.494817746096217,0.587408497179502,0.109008775620276,16.4172233420449
5.7952380952381,0.494777339309415,0.587371121310836,0.108956637081078,16.4175149799371
5.7953373015873,0.494736936442913,0.58733374421585,0.108904523495965,16.4178065898742
5.79543650793651,0.494696537496059,0.587296365896574,0.108852434853267,16.4180981718609
5.79553571428571,0.494656142468202,0.587258986355037,0.108800371141321,16.4183897259017
5.79563492063492,0.494615751358689,0.587221605593267,0.108748332348466,16.4186812520012
5.79573412698413,0.494575364166871,0.587184223613292,0.108696318463045,16.4189727501639
5.79583333333333,0.494534980892096,0.587146840417139,0.108644329473408,16.4192642203944
5.79593253968254,0.494494601533713,0.587109456006834,0.108592365367905,16.4195556626972
5.79603174603175,0.494454226091073,0.5870720703844,0.108540426134892,16.4198470770769
5.79613095238095,0.494413854563525,0.587034683551863,0.10848851176273,16.420138463538
5.79623015873016,0.494373486950418,0.586997295511247,0.108436622239783,16.4204298220851
5.79632936507937,0.494333123251103,0.586959906264573,0.108384757554418,16.4207211527226
5.79642857142857,0.49429276346493,0.586922515813864,0.108332917695007,16.4210124554552
5.79652777777778,0.49425240759125,0.58688512416114,0.108281102649928,16.4213037302874
5.79662698412698,0.494212055629413,0.586847731308422,0.108229312407559,16.4215949772238
5.79672619047619,0.494171707578769,0.58681033725773,0.108177546956287,16.4218861962688
5.7968253968254,0.494131363438671,0.586772942011082,0.108125806284498,16.422177387427
5.7969246031746,0.494091023208469,0.586735545570495,0.108074090380585,16.422468550703
5.79702380952381,0.494050686887515,0.586698147937988,0.108022399232946,16.4227596861013
5.79712301587302,0.49401035447516,0.586660749115576,0.107970732829979,16.4230507936264
5.79722222222222,0.493970025970756,0.586623349105274,0.10791909116009,16.4233418732828
5.79732142857143,0.493929701373655,0.586585947909098,0.107867474211688,16.4236329250751
5.79742063492063,0.493889380683209,0.586548545529062,0.107815881973186,16.4239239490079
5.79751984126984,0.49384906389877,0.586511141967177,0.107764314432999,16.4242149450856
5.79761904761905,0.493808751019692,0.586473737225457,0.107712771579549,16.4245059133128
5.79771825396825,0.493768442045326,0.586436331305914,0.107661253401261,16.424796853694
5.79781746031746,0.493728136975027,0.586398924210557,0.107609759886563,16.4250877662337
5.79791666666667,0.493687835808146,0.586361515941397,0.10755829102389,16.4253786509365
5.79801587301587,0.493647538544036,0.586324106500442,0.107506846801676,16.4256695078069
5.79811507936508,0.493607245182053,0.586286695889701,0.107455427208364,16.4259603368494
5.79821428571429,0.493566955721549,0.586249284111182,0.1074040322324,16.4262511380686
5.79831349206349,0.493526670161878,0.586211871166891,0.107352661862231,16.4265419114689
5.7984126984127,0.493486388502394,0.586174457058834,0.107301316086312,16.4268326570548
5.7985119047619,0.493446110742451,0.586137041789016,0.107249994893099,16.427123374831
5.79861111111111,0.493405836881405,0.586099625359441,0.107198698271054,16.4274140648019
5.79871031746032,0.493365566918609,0.586062207772113,0.107147426208643,16.4277047269721
5.79880952380952,0.493325300853418,0.586024789029036,0.107096178694335,16.427995361346
5.79890873015873,0.493285038685187,0.585987369132209,0.107044955716603,16.4282859679281
5.79900793650794,0.493244780413272,0.585949948083635,0.106993757263925,16.4285765467231
5.79910714285714,0.493204526037028,0.585912525885314,0.106942583324783,16.4288670977353
5.79920634920635,0.49316427555581,0.585875102539246,0.106891433887662,16.4291576209693
5.79930555555556,0.493124028968975,0.585837678047428,0.106840308941053,16.4294481164297
5.79940476190476,0.493083786275878,0.585800252411859,0.106789208473448,16.4297385841209
5.79950396825397,0.493043547475874,0.585762825634537,0.106738132473346,16.4300290240474
5.79960317460317,0.493003312568322,0.585725397717456,0.106687080929249,16.4303194362137
5.79970238095238,0.492963081552576,0.585687968662614,0.106636053829663,16.4306098206244
5.79980158730159,0.492922854427995,0.585650538472005,0.106585051163098,16.430900177284
5.79990079365079,0.492882631193934,0.585613107147621,0.106534072918067,16.4311905061969
5.8,0.492842411849751,0.585575674691458,0.10648311908309,16.4314808073677
5.80009920634921,0.492802196394803,0.585538241105506,0.106432189646687,16.4317710808008
5.80019841269841,0.492761984828447,0.585500806391758,0.106381284597386,16.4320613265008
5.80029761904762,0.492721777150042,0.585463370552204,0.106330403923717,16.4323515444722
5.80039682539683,0.492681573358945,0.585425933588834,0.106279547614214,16.4326417347194
5.80049603174603,0.492641373454514,0.585388495503637,0.106228715657416,16.4329318972469
5.80059523809524,0.492601177436107,0.585351056298602,0.106177908041865,16.4332220320594
5.80069444444444,0.492560985303083,0.585313615975715,0.106127124756107,16.4335121391611
5.80079365079365,0.4925207970548,0.585276174536965,0.106076365788694,16.4338022185567
5.80089285714286,0.492480612690617,0.585238731984336,0.106025631128179,16.4340922702507
5.80099206349206,0.492440432209893,0.585201288319814,0.105974920763122,16.4343822942474
5.80109126984127,0.492400255611988,0.585163843545383,0.105924234682085,16.4346722905515
5.80119047619048,0.49236008289626,0.585126397663026,0.105873572873635,16.4349622591674
5.80128968253968,0.492319914062069,0.585088950674727,0.105822935326344,16.4352522000996
5.80138888888889,0.492279749108775,0.585051502582468,0.105772322028785,16.4355421133525
5.80148809523809,0.492239588035738,0.585014053388228,0.105721732969538,16.4358319989308
5.8015873015873,0.492199430842317,0.58497660309399,0.105671168137186,16.4361218568387
5.80168650793651,0.492159277527874,0.584939151701731,0.105620627520316,16.4364116870809
5.80178571428571,0.492119128091768,0.584901699213432,0.105570111107519,16.4367014896618
5.80188492063492,0.492078982533361,0.58486424563107,0.10551961888739,16.436991264586
5.80198412698413,0.492038840852013,0.584826790956622,0.105469150848529,16.4372810118578
5.80208333333333,0.491998703047086,0.584789335192064,0.105418706979539,16.4375707314817
5.80218253968254,0.49195856911794,0.584751878339372,0.105368287269028,16.4378604234623
5.80228174603175,0.491918439063937,0.584714420400521,0.105317891705606,16.438150087804
5.80238095238095,0.491878312884438,0.584676961377485,0.105267520277889,16.4384397245113
5.80248015873016,0.491838190578806,0.584639501272237,0.105217172974497,16.4387293335886
5.80257936507937,0.491798072146402,0.584602040086748,0.105166849784053,16.4390189150405
5.80267857142857,0.491757957586589,0.584564577822992,0.105116550695186,16.4393084688713
5.80277777777778,0.491717846898729,0.584527114482938,0.105066275696525,16.4395979950857
5.80287698412698,0.491677740082184,0.584489650068556,0.105016024776709,16.439887493688
5.80297619047619,0.491637637136318,0.584452184581816,0.104965797924376,16.4401769646827
5.8030753968254,0.491597538060493,0.584414718024686,0.104915595128169,16.4404664080743
5.8031746031746,0.491557442854073,0.584377250399133,0.104865416376738,16.4407558238673
5.80327380952381,0.49151735151642,0.584339781707125,0.104815261658734,16.441045212066
5.80337301587302,0.491477264046899,0.584302311950627,0.104765130962812,16.4413345726751
5.80347222222222,0.491437180444872,0.584264841131604,0.104715024277634,16.4416239056989
5.80357142857143,0.491397100709705,0.584227369252021,0.104664941591864,16.4419132111419
5.80367063492063,0.49135702484076,0.584189896313841,0.104614882894168,16.4422024890086
5.80376984126984,0.491316952837403,0.584152422319028,0.104564848173221,16.4424917393034
5.80386904761905,0.491276884698997,0.584114947269542,0.104514837417697,16.4427809620307
5.80396825396825,0.491236820424908,0.584077471167346,0.104464850616278,16.4430701571952
5.80406746031746,0.4911967600145,0.584039994014399,0.104414887757648,16.4433593248011
5.80416666666667,0.491156703467138,0.584002515812661,0.104364948830495,16.4436484648529
5.80426587301587,0.491116650782188,0.583965036564091,0.104315033823512,16.4439375773552
5.80436507936508,0.491076601959015,0.583927556270648,0.104265142725395,16.4442266623124
5.80446428571429,0.491036556996984,0.583890074934287,0.104215275524846,16.4445157197288
5.80456349206349,0.490996515895461,0.583852592556966,0.104165432210568,16.4448047496091
5.8046626984127,0.490956478653812,0.583815109140639,0.104115612771271,16.4450937519575
5.80476190476191,0.490916445271405,0.583777624687263,0.104065817195667,16.4453827267786
5.80486111111111,0.490876415747603,0.58374013919879,0.104016045472473,16.4456716740768
5.80496031746032,0.490836390081776,0.583702652677174,0.103966297590411,16.4459605938566
5.80505952380952,0.490796368273288,0.583665165124368,0.103916573538205,16.4462494861224
5.80515873015873,0.490756350321507,0.583627676542323,0.103866873304584,16.4465383508786
5.80525793650794,0.490716336225801,0.583590186932989,0.103817196878281,16.4468271881297
5.80535714285714,0.490676325985536,0.583552696298317,0.103767544248033,16.4471159978801
5.80545634920635,0.490636319600079,0.583515204640256,0.103717915402582,16.4474047801343
5.80555555555556,0.4905963170688,0.583477711960755,0.103668310330673,16.4476935348967
5.80565476190476,0.490556318391065,0.58344021826176,0.103618729021056,16.4479822621718
5.80575396825397,0.490516323566242,0.583402723545219,0.103569171462482,16.448270961964
5.80585317460317,0.4904763325937,0.583365227813078,0.103519637643711,16.4485596342776
5.80595238095238,0.490436345472808,0.583327731067281,0.103470127553503,16.4488482791173
5.80605158730159,0.490396362202933,0.583290233309774,0.103420641180625,16.4491368964873
5.80615079365079,0.490356382783445,0.5832527345425,0.103371178513844,16.4494254863922
5.80625,0.490316407213713,0.583215234767401,0.103321739541936,16.4497140488363
5.80634920634921,0.490276435493105,0.583177733986421,0.103272324253678,16.450002583824
5.80644841269841,0.490236467620992,0.583140232201499,0.103222932637851,16.45029109136
5.80654761904762,0.490196503596743,0.583102729414577,0.103173564683242,16.4505795714484
5.80664682539683,0.490156543419728,0.583065225627593,0.103124220378641,16.4508680240938
5.80674603174603,0.490116587089316,0.583027720842487,0.10307489971284,16.4511564493006
5.80684523809524,0.490076634604877,0.582990215061197,0.103025602674639,16.4514448470733
5.80694444444444,0.490036685965783,0.58295270828566,0.102976329252839,16.4517332174162
5.80704365079365,0.489996741171403,0.582915200517812,0.102927079436247,16.4520215603337
5.80714285714286,0.489956800221109,0.58287769175959,0.102877853213672,16.4523098758304
5.80724206349206,0.489916863114271,0.582840182012927,0.102828650573929,16.4525981639105
5.80734126984127,0.48987692985026,0.582802671279758,0.102779471505835,16.4528864245786
5.80744047619048,0.489837000428448,0.582765159562016,0.102730315998215,16.453174657839
5.80753968253968,0.489797074848206,0.582727646861634,0.102681184039892,16.4534628636962
5.80763888888889,0.489757153108905,0.582690133180542,0.102632075619699,16.4537510421546
5.8077380952381,0.489717235209919,0.582652618520673,0.102582990726469,16.4540391932186
5.8078373015873,0.489677321150617,0.582615102883955,0.102533929349042,16.4543273168926
5.80793650793651,0.489637410930374,0.582577586272319,0.102484891476259,16.454615413181
5.80803571428571,0.489597504548561,0.582540068687693,0.102435877096967,16.4549034820882
5.80813492063492,0.489557602004551,0.582502550132004,0.102386886200018,16.4551915236187
5.80823412698413,0.489517703297716,0.582465030607178,0.102337918774265,16.4554795377768
5.80833333333333,0.48947780842743,0.582427510115143,0.102288974808568,16.455767524567
5.80843253968254,0.489437917393065,0.582389988657823,0.102240054291789,16.4560554839936
5.80853174603175,0.489398030193996,0.582352466237144,0.102191157212796,16.4563434160612
5.80863095238095,0.489358146829596,0.582314942855027,0.102142283560459,16.456631320774
5.80873015873016,0.489318267299238,0.582277418513397,0.102093433323653,16.4569191981364
5.80882936507937,0.489278391602297,0.582239893214175,0.102044606491258,16.457207048153
5.80892857142857,0.489238519738146,0.582202366959283,0.101995803052157,16.457494870828
5.80902777777778,0.48919865170616,0.582164839750641,0.101947022995236,16.457782666166
5.80912698412698,0.489158787505713,0.582127311590168,0.101898266309388,16.4580704341712
5.80922619047619,0.48911892713618,0.582089782479784,0.101849532983507,16.4583581748481
5.8093253968254,0.489079070596936,0.582052252421407,0.101800823006492,16.458645888201
5.8094246031746,0.489039217887356,0.582014721416953,0.101752136367248,16.4589335742345
5.80952380952381,0.488999369006816,0.58197718946834,0.101703473054682,16.4592212329528
5.80962301587302,0.48895952395469,0.581939656577482,0.101654833057704,16.4595088643603
5.80972222222222,0.488919682730354,0.581902122746296,0.101606216365232,16.4597964684615
5.80982142857143,0.488879845333184,0.581864587976694,0.101557622966184,16.4600840452608
5.80992063492064,0.488840011762557,0.58182705227059,0.101509052849484,16.4603715947625
5.81001984126984,0.488800182017848,0.581789515629897,0.10146050600406,16.460659116971
5.81011904761905,0.488760356098433,0.581751978056526,0.101411982418843,16.4609466118907
5.81021825396825,0.48872053400369,0.581714439552388,0.101363482082771,16.461234079526
5.81031746031746,0.488680715732995,0.581676900119393,0.101315004984781,16.4615215198813
5.81041666666667,0.488640901285725,0.581639359759451,0.10126655111382,16.461808932961
5.81051587301587,0.488601090661258,0.581601818474469,0.101218120458833,16.4620963187694
5.81061507936508,0.48856128385897,0.581564276266356,0.101169713008775,16.4623836773109
5.81071428571429,0.488521480878238,0.581526733137019,0.101121328752599,16.46267100859
5.81081349206349,0.488481681718442,0.581489189088363,0.101072967679268,16.4629583126109
5.8109126984127,0.488441886378958,0.581451644122293,0.101024629777746,16.4632455893782
5.81101190476191,0.488402094859165,0.581414098240715,0.100976315036999,16.463532838896
5.81111111111111,0.488362307158442,0.581376551445532,0.100928023446002,16.4638200611689
5.81121031746032,0.488322523276165,0.581339003738647,0.10087975499373,16.4641072562012
5.81130952380952,0.488282743211715,0.581301455121962,0.100831509669163,16.4643944239972
5.81140873015873,0.48824296696447,0.581263905597377,0.100783287461287,16.4646815645614
5.81150793650794,0.488203194533809,0.581226355166795,0.10073508835909,16.4649686778981
5.81160714285714,0.488163425919112,0.581188803832113,0.100686912351564,16.4652557640117
5.81170634920635,0.488123661119757,0.581151251595232,0.100638759427706,16.4655428229066
5.81180555555556,0.488083900135125,0.581113698458049,0.100590629576518,16.4658298545871
5.81190476190476,0.488044142964595,0.581076144422462,0.100542522787003,16.4661168590576
5.81200396825397,0.488004389607547,0.581038589490367,0.100494439048171,16.4664038363224
5.81210317460317,0.487964640063361,0.58100103366366,0.100446378349035,16.4666907863859
5.81220238095238,0.487924894331418,0.580963476944235,0.100398340678611,16.4669777092526
5.81230158730159,0.487885152411098,0.580925919333987,0.100350326025921,16.4672646049267
5.81240079365079,0.487845414301782,0.580888360834809,0.100302334379989,16.4675514734126
5.8125,0.487805680002851,0.580850801448594,0.100254365729845,16.4678383147147
5.81259920634921,0.487765949513687,0.580813241177233,0.100206420064523,16.4681251288373
5.81269841269841,0.487726222833669,0.580775680022617,0.100158497373058,16.4684119157848
5.81279761904762,0.487686499962181,0.580738117986636,0.100110597644493,16.4686986755616
5.81289682539683,0.487646780898603,0.58070055507118,0.100062720867873,16.4689854081719
5.81299603174603,0.487607065642317,0.580662991278137,0.100014867032248,16.4692721136203
5.81309523809524,0.487567354192707,0.580625426609395,0.0999670361266701,16.4695587919109
5.81319444444444,0.487527646549153,0.58058786106684,0.0999192281401979,16.4698454430482
5.81329365079365,0.487487942711038,0.580550294652359,0.0998714430618927,16.4701320670365
5.81339285714286,0.487448242677745,0.580512727367838,0.0998236808808201,16.4704186638802
5.81349206349206,0.487408546448657,0.580475159215159,0.0997759415860498,16.4707052335836
5.81359126984127,0.487368854023156,0.580437590196209,0.0997282251666556,16.470991776151
5.81369047619048,0.487329165400626,0.580400020312868,0.099680531611715,16.4712782915869
5.81378968253968,0.487289480580451,0.58036244956702,0.0996328609103105,16.4715647798955
5.81388888888889,0.487249799562014,0.580324877960545,0.0995852130515276,16.4718512410813
5.81398809523809,0.487210122344698,0.580287305495325,0.0995375880244564,16.4721376751485
5.8140873015873,0.487170448927888,0.580249732173238,0.0994899858181909,16.4724240821014
5.81418650793651,0.487130779310968,0.580212157996165,0.0994424064218292,16.4727104619445
5.81428571428571,0.487091113493322,0.580174582965982,0.0993948498244734,16.4729968146821
5.81438492063492,0.487051451474335,0.580137007084568,0.0993473160152293,16.4732831403185
5.81448412698413,0.487011793253391,0.580099430353798,0.099299804983208,16.473569438858
5.81458333333333,0.486972138829876,0.580061852775549,0.0992523167175234,16.473855710305
5.81468253968254,0.486932488203173,0.580024274351696,0.0992048512072938,16.4741419546638
5.81478174603175,0.48689284137267,0.579986695084112,0.0991574084416417,16.4744281719388
5.81488095238095,0.486853198337751,0.579949114974671,0.0991099884096935,16.4747143621342
5.81498015873016,0.486813559097802,0.579911534025246,0.0990625911005798,16.4750005252545
5.81507936507936,0.486773923652208,0.579873952237708,0.0990152165034352,16.475286661304
5.81517857142857,0.486734292000356,0.579836369613927,0.098967864607398,16.4755727702869
5.81527777777778,0.486694664141632,0.579798786155776,0.0989205354016115,16.4758588522076
5.81537698412698,0.486655040075423,0.579761201865121,0.0988732288752222,16.4761449070705
5.81547619047619,0.486615419801114,0.579723616743834,0.0988259450173809,16.4764309348798
5.8155753968254,0.486575803318094,0.57968603079378,0.0987786838172424,16.4767169356399
5.8156746031746,0.486536190625748,0.579648444016826,0.0987314452639657,16.4770029093551
5.81577380952381,0.486496581723465,0.57961085641484,0.0986842293467136,16.4772888560298
5.81587301587302,0.48645697661063,0.579573267989686,0.0986370360546531,16.4775747756682
5.81597222222222,0.486417375286633,0.579535678743229,0.0985898653769558,16.4778606682747
5.81607142857143,0.48637777775086,0.579498088677333,0.0985427173027964,16.4781465338536
5.81617063492063,0.4863381840027,0.579460497793861,0.0984955918213543,16.4784323724093
5.81626984126984,0.486298594041541,0.579422906094674,0.0984484889218126,16.4787181839459
5.81636904761905,0.486259007866771,0.579385313581634,0.0984014085933586,16.4790039684679
5.81646825396825,0.486219425477779,0.579347720256602,0.0983543508251839,16.4792897259796
5.81656746031746,0.486179846873952,0.579310126121438,0.0983073156064836,16.4795754564853
5.81666666666667,0.486140272054681,0.579272531177999,0.0982603029264571,16.4798611599893
5.81676587301587,0.486100701019355,0.579234935428146,0.0982133127743085,16.4801468364958
5.81686507936508,0.486061133767361,0.579197338873734,0.098166345139245,16.4804324860093
5.81696428571429,0.486021570298091,0.579159741516621,0.0981194000104783,16.480718108534
5.81706349206349,0.485982010610934,0.579122143358662,0.0980724773772241,16.4810037040743
5.8171626984127,0.485942454705279,0.579084544401713,0.0980255772287021,16.4812892726344
5.8172619047619,0.485902902580516,0.579046944647626,0.0979786995541362,16.4815748142187
5.81736111111111,0.485863354236036,0.579009344098257,0.0979318443427539,16.4818603288314
5.81746031746032,0.485823809671229,0.578971742755456,0.0978850115837878,16.4821458164768
5.81755952380952,0.485784268885486,0.578934140621078,0.0978382012664735,16.4824312771594
5.81765873015873,0.485744731878197,0.578896537696971,0.097791413380051,16.4827167108833
5.81775793650794,0.485705198648754,0.578858933984986,0.0977446479137645,16.4830021176528
5.81785714285714,0.485665669196547,0.578821329486973,0.097697904856862,16.4832874974724
5.81795634920635,0.485626143520968,0.57878372420478,0.0976511841985959,16.4835728503462
5.81805555555556,0.485586621621409,0.578746118140255,0.0976044859282222,16.4838581762785
5.81815476190476,0.485547103497261,0.578708511295245,0.0975578100350011,16.4841434752737
5.81825396825397,0.485507589147916,0.578670903671597,0.0975111565081976,16.4844287473361
5.81835317460317,0.485468078572766,0.578633295271155,0.0974645253370796,16.4847139924699
5.81845238095238,0.485428571771204,0.578595686095764,0.0974179165109197,16.4849992106795
5.81855158730159,0.485389068742622,0.578558076147268,0.0973713300189945,16.485284401969
5.81865079365079,0.485349569486412,0.57852046542751,0.0973247658505846,16.4855695663429
5.81875,0.485310074001968,0.578482853938332,0.0972782239949744,16.4858547038055
5.81884920634921,0.485270582288683,0.578445241681576,0.0972317044414526,16.4861398143609
5.81894841269841,0.485231094345949,0.578407628659081,0.0971852071793124,16.4864248980135
5.81904761904762,0.485191610173161,0.578370014872689,0.0971387321978503,16.4867099547675
5.81914682539683,0.485152129769711,0.578332400324238,0.0970922794863671,16.4869949846274
5.81924603174603,0.485112653134994,0.578294785015565,0.097045849034168,16.4872799875973
5.81934523809524,0.485073180268404,0.57825716894851,0.0969994408305617,16.4875649636814
5.81944444444444,0.485033711169335,0.578219552124907,0.0969530548648613,16.4878499128843
5.81954365079365,0.484994245837181,0.578181934546593,0.0969066911263839,16.4881348352099
5.81964285714286,0.484954784271337,0.578144316215403,0.0968603496044504,16.4884197306628
5.81974206349206,0.484915326471197,0.578106697133171,0.0968140302883865,16.4887045992471
5.81984126984127,0.484875872436157,0.578069077301731,0.0967677331675212,16.4889894409671
5.81994047619048,0.484836422165611,0.578031456722915,0.0967214582311879,16.4892742558271
5.82003968253968,0.484796975658956,0.577993835398555,0.0966752054687238,16.4895590438314
5.82013888888889,0.484757532915586,0.577956213330482,0.0966289748694704,16.4898438049842
5.82023809523809,0.484718093934897,0.577918590520526,0.0965827664227732,16.4901285392899
5.8203373015873,0.484678658716285,0.577880966970516,0.0965365801179814,16.4904132467526
5.82043650793651,0.484639227259146,0.577843342682282,0.0964904159444492,16.4906979273767
5.82053571428571,0.484599799562877,0.577805717657651,0.096444273891534,16.4909825811664
5.82063492063492,0.484560375626873,0.57776809189845,0.0963981539485973,16.491267208126
5.82073412698413,0.484520955450533,0.577730465406505,0.0963520561050051,16.4915518082598
5.82083333333333,0.484481539033251,0.577692838183642,0.096305980350127,16.491836381572
5.82093253968254,0.484442126374426,0.577655210231685,0.096259926673337,16.4921209280669
5.82103174603175,0.484402717473454,0.577617581552459,0.096213895064013,16.4924054477488
5.82113095238095,0.484363312329734,0.577579952147785,0.0961678855115367,16.4926899406219
5.82123015873016,0.484323910942662,0.577542322019487,0.0961218980052946,16.4929744066904
5.82132936507937,0.484284513311636,0.577504691169386,0.0960759325346766,16.4932588459587
5.82142857142857,0.484245119436055,0.577467059599302,0.0960299890890768,16.493543258431
5.82152777777778,0.484205729315316,0.577429427311056,0.0959840676578934,16.4938276441115
5.82162698412698,0.484166342948819,0.577391794306466,0.0959381682305287,16.4941120030046
5.82172619047619,0.48412696033596,0.57735416058735,0.095892290796389,16.4943963351144
5.8218253968254,0.48408758147614,0.577316526155527,0.0958464353448843,16.4946806404453
5.8219246031746,0.484048206368757,0.577278891012812,0.0958006018654297,16.4949649190014
5.82202380952381,0.48400883501321,0.577241255161022,0.0957547903474433,16.4952491707871
5.82212301587302,0.483969467408898,0.577203618601971,0.0957090007803477,16.4955333958065
5.82222222222222,0.483930103555222,0.577165981337474,0.0956632331535694,16.495817594064
5.82232142857143,0.48389074345158,0.577128343369344,0.0956174874565391,16.4961017655638
5.82242063492063,0.483851387097372,0.577090704699394,0.0955717636786915,16.49638591031
5.82251984126984,0.483812034491999,0.577053065329436,0.0955260618094654,16.4966700283071
5.82261904761905,0.483772685634861,0.57701542526128,0.0954803818383032,16.4969541195592
5.82271825396825,0.483733340525358,0.576977784496738,0.0954347237546524,16.4972381840705
5.82281746031746,0.483693999162891,0.576940143037618,0.0953890875479637,16.4975222218453
5.82291666666667,0.483654661546861,0.576902500885729,0.095343473207692,16.4978062328879
5.82301587301587,0.483615327676668,0.57686485804288,0.0952978807232963,16.4980902172025
5.82311507936508,0.483575997551715,0.576827214510876,0.0952523100842398,16.4983741747933
5.82321428571429,0.483536671171401,0.576789570291525,0.0952067612799895,16.4986581056646
5.82331349206349,0.483497348535129,0.576751925386631,0.0951612343000164,16.4989420098205
5.8234126984127,0.483458029642301,0.576714279798,0.0951157291337963,16.4992258872654
5.82351190476191,0.483418714492318,0.576676633527435,0.0950702457708083,16.4995097380035
5.82361111111111,0.483379403084583,0.576638986576739,0.0950247842005357,16.499793562039
5.82371031746032,0.483340095418498,0.576601338947715,0.0949793444124658,16.5000773593762
5.82380952380952,0.483300791493466,0.576563690642165,0.0949339263960903,16.5003611300192
5.82390873015873,0.483261491308889,0.576526041661888,0.0948885301409046,16.5006448739723
5.82400793650794,0.483222194864169,0.576488392008684,0.0948431556364083,16.5009285912398
5.82410714285714,0.483182902158711,0.576450741684353,0.0947978028721047,16.5012122818258
5.82420634920635,0.483143613191918,0.576413090690694,0.0947524718375022,16.5014959457346
5.82430555555556,0.483104327963192,0.576375439029502,0.0947071625221122,16.5017795829705
5.82440476190476,0.483065046471938,0.576337786702576,0.0946618749154505,16.5020631935375
5.82450396825397,0.483025768717559,0.576300133711711,0.094616609007037,16.5023467774401
5.82460317460317,0.48298649469946,0.576262480058702,0.0945713647863956,16.5026303346823
5.82470238095238,0.482947224417045,0.576224825745344,0.0945261422430542,16.5029138652685
5.82480158730159,0.482907957869717,0.576187170773429,0.0944809413665446,16.5031973692028
5.82490079365079,0.482868695056882,0.57614951514475,0.0944357621464035,16.5034808464894
5.825,0.482829435977945,0.576111858861101,0.0943906045721707,16.5037642971326
5.82509920634921,0.48279018063231,0.57607420192427,0.0943454686333905,16.5040477211366
5.82519841269841,0.482750929019383,0.57603654433605,0.094300354319611,16.5043311185056
5.82529761904762,0.482711681138568,0.575998886098229,0.0942552616203846,16.5046144892438
5.82539682539683,0.482672436989272,0.575961227212596,0.0942101905252677,16.5048978333554
5.82549603174603,0.482633196570901,0.575923567680938,0.0941651410238206,16.5051811508447
5.82559523809524,0.482593959882859,0.575885907505044,0.0941201131056075,16.5054644417158
5.82569444444444,0.482554726924554,0.575848246686699,0.0940751067601976,16.505747705973
5.82579365079365,0.482515497695392,0.575810585227689,0.0940301219771632,16.5060309436205
5.82589285714286,0.482476272194778,0.575772923129798,0.0939851587460809,16.5063141546625
5.82599206349206,0.48243705042212,0.57573526039481,0.0939402170565314,16.5065973391031
5.82609126984127,0.482397832376825,0.57569759702451,0.0938952968980994,16.5068804969467
5.82619047619048,0.4823586180583,0.575659933020677,0.0938503982603738,16.5071636281973
5.82628968253968,0.482319407465951,0.575622268385095,0.093805521132947,16.5074467328593
5.82638888888889,0.482280200599187,0.575584603119545,0.0937606655054168,16.5077298109368
5.8264880952381,0.482240997457415,0.575546937225805,0.0937158313673836,16.5080128624339
5.8265873015873,0.482201798040043,0.575509270705655,0.0936710187084526,16.508295887355
5.82668650793651,0.482162602346478,0.575471603560873,0.0936262275182328,16.5085788857042
5.82678571428571,0.48212341037613,0.575433935793237,0.0935814577863373,16.5088618574857
5.82688492063492,0.482084222128406,0.575396267404524,0.0935367095023835,16.5091448027037
5.82698412698413,0.482045037602714,0.575358598396509,0.0934919826559924,16.5094277213624
5.82708333333333,0.482005856798465,0.575320928770968,0.0934472772367892,16.509710613466
5.82718253968254,0.481966679715066,0.575283258529675,0.0934025932344038,16.5099934790187
5.82728174603175,0.481927506351927,0.575245587674403,0.0933579306384693,16.5102763180247
5.82738095238095,0.481888336708458,0.575207916206925,0.0933132894386231,16.5105591304881
5.82748015873016,0.481849170784067,0.575170244129014,0.0932686696245069,16.5108419164132
5.82757936507937,0.481810008578164,0.575132571442439,0.0932240711857661,16.5111246758041
5.82767857142857,0.48177085009016,0.575094898148972,0.0931794941120505,16.5114074086651
5.82777777777778,0.481731695319464,0.575057224250382,0.0931349383930135,16.5116901150003
5.82787698412698,0.481692544265486,0.575019549748438,0.0930904040183133,16.511972794814
5.82797619047619,0.481653396927638,0.574981874644908,0.0930458909776115,16.5122554481102
5.8280753968254,0.48161425330533,0.574944198941558,0.093001399260574,16.5125380748932
5.8281746031746,0.481575113397972,0.574906522640156,0.0929569288568706,16.5128206751671
5.82827380952381,0.481535977204976,0.574868845742467,0.0929124797561754,16.5131032489362
5.82837301587302,0.481496844725753,0.574831168250254,0.0928680519481664,16.5133857962046
5.82847222222222,0.481457715959714,0.574793490165284,0.0928236454225256,16.5136683169765
5.82857142857143,0.48141859090627,0.574755811489317,0.092779260168939,16.5139508112561
5.82867063492063,0.481379469564835,0.574718132224118,0.0927348961770973,16.5142332790476
5.82876984126984,0.48134035193482,0.574680452371447,0.0926905534366943,16.5145157203551
5.82886904761905,0.481301238015636,0.574642771933065,0.0926462319374286,16.5147981351827
5.82896825396825,0.481262127806696,0.574605090910732,0.0926019316690024,16.5150805235348
5.82906746031746,0.481223021307413,0.574567409306208,0.0925576526211221,16.5153628854154
5.82916666666667,0.4811839185172,0.57452972712125,0.0925133947834983,16.5156452208287
5.82926587301587,0.481144819435469,0.574492044357616,0.0924691581458451,16.5159275297789
5.82936507936508,0.481105724061633,0.574454361017063,0.0924249426978817,16.5162098122702
5.82946428571429,0.481066632395107,0.574416677101347,0.0923807484293305,16.5164920683067
5.82956349206349,0.481027544435303,0.574378992612224,0.0923365753299182,16.5167742978926
5.8296626984127,0.480988460181635,0.574341307551446,0.0922924233893754,16.5170565010321
5.8297619047619,0.480949379633516,0.574303621920768,0.0922482925974371,16.5173386777292
5.82986111111111,0.480910302790362,0.574265935721944,0.0922041829438422,16.5176208279883
5.82996031746032,0.480871229651586,0.574228248956723,0.0921600944183334,16.5179029518134
5.83005952380952,0.480832160216602,0.574190561626859,0.0921160270106575,16.5181850492087
5.83015873015873,0.480793094484826,0.5741528737341,0.0920719807105661,16.5184671201784
5.83025793650794,0.480754032455672,0.574115185280198,0.092027955507814,16.5187491647266
5.83035714285714,0.480714974128555,0.5740774962669,0.0919839513921603,16.5190311828575
5.83045634920635,0.480675919502891,0.574039806695954,0.0919399683533683,16.5193131745752
5.83055555555556,0.480636868578094,0.574002116569108,0.0918960063812052,16.519595139884
5.83065476190476,0.48059782135358,0.573964425888108,0.0918520654654422,16.5198770787878
5.83075396825397,0.480558777828765,0.5739267346547,0.0918081455958545,16.520158991291
5.83085317460317,0.480519738003066,0.573889042870628,0.0917642467622221,16.5204408773977
5.83095238095238,0.480480701875898,0.573851350537636,0.0917203689543281,16.5207227371119
5.83105158730159,0.480441669446677,0.573813657657468,0.0916765121619601,16.5210045704379
5.83115079365079,0.48040264071482,0.573775964231866,0.0916326763749097,16.5212863773798
5.83125,0.480363615679744,0.573738270262571,0.0915888615829724,16.5215681579417
5.83134920634921,0.480324594340865,0.573700575751324,0.0915450677759481,16.5218499121278
5.83144841269841,0.480285576697602,0.573662880699866,0.0915012949436404,16.5221316399423
5.83154761904762,0.48024656274937,0.573625185109935,0.0914575430758568,16.5224133413893
5.83164682539683,0.480207552495588,0.57358748898327,0.0914138121624099,16.5226950164729
5.83174603174603,0.480168545935672,0.573549792321609,0.0913701021931152,16.5229766651972
5.83184523809524,0.480129543069042,0.573512095126687,0.0913264131577927,16.5232582875665
5.83194444444444,0.480090543895115,0.573474397400242,0.0912827450462665,16.5235398835848
5.83204365079365,0.48005154841331,0.573436699144008,0.0912390978483645,16.5238214532563
5.83214285714286,0.480012556623043,0.57339900035972,0.0911954715539191,16.5241029965851
5.83224206349206,0.479973568523735,0.573361301049111,0.091151866152766,16.5243845135754
5.83234126984127,0.479934584114805,0.573323601213914,0.091108281634746,16.5246660042312
5.83244047619048,0.47989560339567,0.573285900855862,0.0910647179897034,16.5249474685568
5.83253968253968,0.47985662636575,0.573248199976685,0.0910211752074862,16.5252289065563
5.83263888888889,0.479817653024466,0.573210498578113,0.0909776532779471,16.5255103182337
5.83273809523809,0.479778683371235,0.573172796661877,0.0909341521909425,16.5257917035933
5.8328373015873,0.479739717405478,0.573135094229706,0.0908906719363328,16.5260730626391
5.83293650793651,0.479700755126615,0.573097391283326,0.0908472125039828,16.5263543953753
5.83303571428571,0.479661796534066,0.573059687824466,0.0908037738837606,16.5266357018061
5.83313492063492,0.479622841627251,0.573021983854851,0.0907603560655397,16.5269169819354
5.83323412698413,0.479583890405591,0.572984279376208,0.0907169590391964,16.5271982357675
5.83333333333333,0.479544942868507,0.572946574390261,0.0906735827946116,16.5274794633065
5.83343253968254,0.479505999015419,0.572908868898734,0.0906302273216702,16.5277606645565
5.83353174603175,0.479467058845748,0.572871162903351,0.090586892610261,16.5280418395216
5.83363095238095,0.479428122358916,0.572833456405834,0.090543578650277,16.5283229882059
5.83373015873016,0.479389189554344,0.572795749407904,0.090500285431615,16.5286041106136
5.83382936507937,0.479350260431453,0.572758041911282,0.0904570129441766,16.5288852067488
5.83392857142857,0.479311334989667,0.572720333917689,0.0904137611778667,16.5291662766156
5.83402777777778,0.479272413228406,0.572682625428843,0.0903705301225945,16.5294473202181
5.83412698412698,0.479233495147092,0.572644916446463,0.0903273197682732,16.5297283375604
5.83422619047619,0.479194580745149,0.572607206972267,0.0902841301048201,16.5300093286467
5.8343253968254,0.479155670021999,0.572569497007971,0.0902409611221567,16.530290293481
5.8344246031746,0.479116762977064,0.572531786555292,0.0901978128102082,16.5305712320675
5.83452380952381,0.479077859609767,0.572494075615944,0.0901546851589039,16.5308521444103
5.83462301587302,0.479038959919533,0.572456364191642,0.090111578158178,16.5311330305134
5.83472222222222,0.479000063905783,0.572418652284101,0.0900684917979676,16.5314138903811
5.83482142857143,0.478961171567942,0.572380939895031,0.0900254260682145,16.5316947240173
5.83492063492063,0.478922282905433,0.572343227026147,0.0899823809588642,16.5319755314262
5.83501984126984,0.47888339791768,0.572305513679158,0.0899393564598668,16.532256312612
5.83511904761905,0.478844516604107,0.572267799855775,0.0898963525611757,16.5325370675786
5.83521825396825,0.478805638964139,0.572230085557708,0.0898533692527487,16.5328177963303
5.83531746031746,0.4787667649972,0.572192370786666,0.0898104065245483,16.5330984988711
5.83541666666667,0.478727894702714,0.572154655544357,0.0897674643665402,16.5333791752051
5.83551587301587,0.478689028080108,0.572116939832488,0.0897245427686942,16.5336598253364
5.83561507936508,0.478650165128804,0.572079223652766,0.0896816417209847,16.5339404492691
5.83571428571429,0.47861130584823,0.572041507006895,0.0896387612133896,16.5342210470073
5.83581349206349,0.478572450237809,0.572003789896582,0.0895959012358912,16.5345016185551
5.8359126984127,0.478533598296969,0.571966072323529,0.0895530617784758,16.5347821639167
5.83601190476191,0.478494750025134,0.571928354289441,0.0895102428311333,16.535062683096
5.83611111111111,0.47845590542173,0.571890635796019,0.0894674443838587,16.5353431760972
5.83621031746032,0.478417064486185,0.571852916844966,0.0894246664266501,16.5356236429243
5.83630952380952,0.478378227217924,0.571815197437983,0.0893819089495101,16.5359040835815
5.83640873015873,0.478339393616373,0.571777477576768,0.089339171942445,16.5361844980729
5.83650793650794,0.47830056368096,0.571739757263023,0.0892964553954655,16.5364648864025
5.83660714285714,0.478261737411111,0.571702036498444,0.0892537592985863,16.5367452485745
5.83670634920635,0.478222914806254,0.571664315284729,0.0892110836418258,16.5370255845928
5.83680555555556,0.478184095865815,0.571626593623577,0.0891684284152072,16.5373058944616
5.83690476190476,0.478145280589223,0.571588871516682,0.0891257936087571,16.537586178185
5.83700396825397,0.478106468975905,0.57155114896574,0.0890831792125064,16.5378664357671
5.83710317460317,0.478067661025289,0.571513425972445,0.0890405852164899,16.5381466672119
5.83720238095238,0.478028856736803,0.571475702538492,0.0889980116107467,16.5384268725235
5.83730158730159,0.477990056109876,0.571437978665572,0.0889554583853198,16.538707051706
5.83740079365079,0.477951259143935,0.571400254355378,0.0889129255302562,16.5389872047635
5.8375,0.477912465838409,0.571362529609601,0.0888704130356068,16.5392673317001
5.83759920634921,0.477873676192727,0.571324804429933,0.0888279208914274,16.5395474325197
5.83769841269841,0.477834890206319,0.571287078818061,0.088785449087777,16.5398275072266
5.83779761904762,0.477796107878613,0.571249352775676,0.0887429976147188,16.5401075558247
5.83789682539683,0.477757329209039,0.571211626304466,0.0887005664623202,16.5403875783182
5.83799603174603,0.477718554197026,0.571173899406117,0.0886581556206526,16.5406675747111
5.83809523809524,0.477679782842004,0.571136172082316,0.0886157650797915,16.5409475450074
5.83819444444444,0.477641015143404,0.571098444334748,0.0885733948298162,16.5412274892113
5.83829365079365,0.477602251100654,0.5710607161651,0.0885310448608107,16.5415074073269
5.83839285714286,0.477563490713187,0.571022987575054,0.0884887151628625,16.5417872993581
5.83849206349206,0.477524733980432,0.570985258566295,0.0884464057260632,16.5420671653091
5.83859126984127,0.477485980901819,0.570947529140504,0.0884041165405087,16.5423470051838
5.83869047619048,0.47744723147678,0.570909799299363,0.0883618475962986,16.5426268189865
5.83878968253968,0.477408485704747,0.570872069044554,0.0883195988835369,16.5429066067211
5.83888888888889,0.477369743585149,0.570834338377755,0.0882773703923314,16.5431863683917
5.8389880952381,0.477331005117419,0.570796607300647,0.0882351621127939,16.5434661040023
5.8390873015873,0.477292270300988,0.570758875814909,0.088192974035041,16.543745813557
5.83918650793651,0.477253539135289,0.570721143922217,0.0881508061491924,16.54402549706
5.83928571428571,0.477214811619753,0.570683411624248,0.0881086584453723,16.5443051545151
5.83938492063492,0.477176087753812,0.57064567892268,0.0880665309137089,16.5445847859266
5.83948412698413,0.477137367536899,0.570607945819187,0.0880244235443345,16.5448643912983
5.83958333333333,0.477098650968447,0.570570212315443,0.0879823363273853,16.5451439706345
5.83968253968254,0.477059938047888,0.570532478413122,0.0879402692530014,16.5454235239391
5.83978174603175,0.477021228774655,0.570494744113897,0.0878982223113278,16.5457030512161
5.83988095238095,0.476982523148182,0.570457009419441,0.0878561954925127,16.5459825524698
5.83998015873016,0.476943821167902,0.570419274331425,0.0878141887867087,16.546262027704
5.84007936507937,0.476905122833248,0.570381538851518,0.0877722021840722,16.5465414769228
5.84017857142857,0.476866428143654,0.570343802981392,0.0877302356747639,16.5468209001303
5.84027777777778,0.476827737098555,0.570306066722714,0.0876882892489486,16.5471002973305
5.84037698412698,0.476789049697383,0.570268330077153,0.087646362896795,16.5473796685275
5.84047619047619,0.476750365939575,0.570230593046376,0.0876044566084756,16.5476590137253
5.8405753968254,0.476711685824563,0.57019285563205,0.0875625703741679,16.547938332928
5.8406746031746,0.476673009351783,0.57015511783584,0.0875207041840524,16.5482176261395
5.84077380952381,0.47663433652067,0.570117379659412,0.0874788580283141,16.548496893364
5.84087301587302,0.476595667330659,0.570079641104429,0.0874370318971421,16.5487761346055
5.84097222222222,0.476557001781184,0.570041902172555,0.0873952257807295,16.5490553498679
5.84107142857143,0.476518339871682,0.570004162865452,0.0873534396692733,16.5493345391554
5.84117063492064,0.476479681601588,0.569966423184782,0.0873116735529745,16.5496137024719
5.84126984126984,0.476441026970339,0.569928683132206,0.0872699274220389,16.5498928398216
5.84136904761905,0.476402375977369,0.569890942709385,0.0872282012666756,16.5501719512084
5.84146825396825,0.476363728622115,0.569853201917977,0.0871864950770979,16.5504510366363
5.84156746031746,0.476325084904014,0.569815460759641,0.0871448088435232,16.5507300961095
5.84166666666667,0.476286444822502,0.569777719236035,0.0871031425561729,16.5510091296319
5.84176587301587,0.476247808377016,0.569739977348815,0.0870614962052727,16.5512881372075
5.84186507936508,0.476209175566993,0.569702235099638,0.0870198697810521,16.5515671188405
5.84196428571429,0.47617054639187,0.569664492490159,0.0869782632737444,16.5518460745347
5.84206349206349,0.476131920851084,0.569626749522033,0.0869366766735879,16.5521250042943
5.8421626984127,0.476093298944074,0.569589006196914,0.0868951099708241,16.5524039081232
5.84226190476191,0.476054680670276,0.569551262516454,0.0868535631556988,16.5526827860255
5.84236111111111,0.476016066029128,0.569513518482305,0.0868120362184618,16.5529616380052
5.84246031746032,0.47597745502007,0.569475774096119,0.086770529149367,16.5532404640663
5.84255952380952,0.475938847642538,0.569438029359547,0.0867290419386725,16.5535192642128
5.84265873015873,0.475900243895972,0.569400284274238,0.08668757457664,16.5537980384488
5.84275793650794,0.47586164377981,0.569362538841841,0.0866461270535361,16.5540767867783
5.84285714285714,0.475823047293491,0.569324793064004,0.0866046993596306,16.5543555092052
5.84295634920635,0.475784454436454,0.569287046942375,0.0865632914851978,16.5546342057337
5.84305555555556,0.475745865208139,0.5692493004786,0.0865219034205159,16.5549128763676
5.84315476190476,0.475707279607984,0.569211553674326,0.0864805351558672,16.5551915211111
5.84325396825397,0.47566869763543,0.569173806531196,0.0864391866815381,16.5554701399681
5.84335317460317,0.475630119289916,0.569136059050855,0.0863978579878191,16.5557487329426
5.84345238095238,0.475591544570881,0.569098311234947,0.0863565490650042,16.5560273000387
5.84355158730159,0.475552973477768,0.569060563085113,0.0863152599033925,16.5563058412604
5.84365079365079,0.475514406010015,0.569022814602997,0.0862739904932865,16.5565843566116
5.84375,0.475475842167063,0.568985065790238,0.0862327408249926,16.5568628460964
5.84384920634921,0.475437281948354,0.568947316648478,0.0861915108888217,16.5571413097188
5.84394841269841,0.475398725353327,0.568909567179354,0.0861503006750884,16.5574197474828
5.84404761904762,0.475360172381425,0.568871817384507,0.0861091101741116,16.5576981593923
5.84414682539683,0.475321623032088,0.568834067265572,0.0860679393762138,16.5579765454514
5.84424603174603,0.475283077304758,0.568796316824189,0.0860267882717225,16.5582549056641
5.84434523809524,0.475244535198876,0.568758566061993,0.0859856568509684,16.5585332400343
5.84444444444444,0.475205996713886,0.568720814980618,0.0859445451042865,16.5588115485662
5.84454365079365,0.475167461849228,0.568683063581701,0.085903453022016,16.5590898312636
5.84464285714286,0.475128930604345,0.568645311866874,0.0858623805945,16.5593680881305
5.84474206349206,0.475090402978679,0.568607559837771,0.0858213278120855,16.559646319171
5.84484126984127,0.475051878971673,0.568569807496023,0.085780294665124,16.5599245243891
5.84494047619048,0.47501335858277,0.568532054843262,0.0857392811439703,16.5602027037887
5.84503968253968,0.474974841811413,0.568494301881119,0.0856982872389845,16.5604808573739
5.84513888888889,0.474936328657045,0.568456548611224,0.0856573129405297,16.5607589851485
5.84523809523809,0.47489781911911,0.568418795035205,0.0856163582389733,16.5610370871167
5.8453373015873,0.474859313197051,0.568381041154691,0.0855754231246869,16.5613151632824
5.84543650793651,0.474820810890312,0.568343286971308,0.085534507588046,16.5615932136495
5.84553571428571,0.474782312198336,0.568305532486685,0.0854936116194304,16.5618712382222
5.84563492063492,0.474743817120569,0.568267777702446,0.0854527352092233,16.5621492370042
5.84573412698413,0.474705325656454,0.568230022620216,0.0854118783478132,16.5624272099998
5.84583333333333,0.474666837805436,0.56819226724162,0.0853710410255914,16.5627051572127
5.84593253968254,0.474628353566959,0.568154511568281,0.085330223232954,16.562983078647
5.84603174603175,0.474589872940469,0.568116755601822,0.0852894249603007,16.5632609743067
5.84613095238095,0.474551395925411,0.568078999343864,0.0852486461980357,16.5635388441957
5.84623015873016,0.47451292252123,0.568041242796029,0.0852078869365668,16.5638166883181
5.84632936507936,0.474474452727371,0.568003485959936,0.0851671471663062,16.5640945066778
5.84642857142857,0.47443598654328,0.567965728837205,0.0851264268776698,16.5643722992787
5.84652777777778,0.474397523968404,0.567927971429456,0.0850857260610783,16.5646500661249
5.84662698412698,0.474359065002187,0.567890213738304,0.0850450447069556,16.5649278072204
5.84672619047619,0.474320609644077,0.567852455765368,0.0850043828057301,16.565205522569
5.8468253968254,0.47428215789352,0.567814697512264,0.0849637403478341,16.5654832121748
5.8469246031746,0.474243709749962,0.567776938980608,0.0849231173237041,16.5657608760417
5.84702380952381,0.47420526521285,0.567739180172012,0.0848825137237805,16.5660385141737
5.84712301587302,0.474166824281631,0.567701421088093,0.0848419295385075,16.5663161265748
5.84722222222222,0.474128386955753,0.567663661730462,0.0848013647583344,16.566593713249
5.84732142857143,0.474089953234663,0.567625902100732,0.0847608193737134,16.5668712742001
5.84742063492063,0.474051523117807,0.567588142200514,0.0847202933751012,16.5671488094322
5.84751984126984,0.474013096604635,0.567550382031419,0.0846797867529586,16.5674263189492
5.84761904761905,0.473974673694594,0.567512621595057,0.0846392994977505,16.5677038027551
5.84771825396825,0.473936254387132,0.567474860893036,0.0845988315999456,16.5679812608539
5.84781746031746,0.473897838681698,0.567437099926966,0.0845583830500168,16.5682586932494
5.84791666666667,0.47385942657774,0.567399338698452,0.084517953838441,16.5685360999457
5.84801587301587,0.473821018074706,0.567361577209103,0.0844775439556996,16.5688134809468
5.84811507936508,0.473782613172046,0.567323815460524,0.0844371533922774,16.5690908362565
5.84821428571429,0.473744211869209,0.56728605345432,0.0843967821386636,16.5693681658788
5.84831349206349,0.473705814165644,0.567248291192095,0.0843564301853514,16.5696454698177
5.8484126984127,0.4736674200608,0.567210528675452,0.0843160975228381,16.5699227480772
5.8485119047619,0.473629029554127,0.567172765905995,0.0842757841416248,16.5702000006611
5.84861111111111,0.473590642645075,0.567135002885324,0.0842354900322168,16.5704772275735
5.84871031746032,0.473552259333094,0.567097239615042,0.0841952151851239,16.5707544288182
5.84880952380952,0.473513879617635,0.567059476096749,0.0841549595908595,16.5710316043993
5.84890873015873,0.473475503498147,0.567021712332043,0.0841147232399409,16.5713087543206
5.84900793650794,0.473437130974081,0.566983948322523,0.0840745061228898,16.5715858785862
5.84910714285714,0.473398762044889,0.566946184069788,0.0840343082302319,16.5718629772
5.84920634920635,0.47336039671002,0.566908419575434,0.0839941295524967,16.5721400501658
5.84930555555556,0.473322034968926,0.566870654841058,0.0839539700802181,16.5724170974877
5.84940476190476,0.473283676821059,0.566832889868254,0.0839138298039337,16.5726941191696
5.84950396825397,0.47324532226587,0.566795124658619,0.0838737087141856,16.5729711152154
5.84960317460317,0.47320697130281,0.566757359213745,0.0838336068015198,16.5732480856291
5.84970238095238,0.473168623931333,0.566719593535226,0.083793524056486,16.5735250304146
5.84980158730159,0.473130280150889,0.566681827624653,0.0837534604696384,16.5738019495758
5.84990079365079,0.473091939960931,0.566644061483619,0.083713416031535,16.5740788431167
5.85,0.473053603360912,0.566606295113714,0.0836733907327378,16.5743557110412
5.85009920634921,0.473015270350284,0.566568528516528,0.083633384563813,16.5746325533533
5.85019841269841,0.472976940928501,0.56653076169365,0.0835933975153313,16.5749093700569
5.85029761904762,0.472938615095014,0.566492994646668,0.0835534295778666,16.5751861611558
5.85039682539683,0.472900292849278,0.566455227377169,0.0835134807419974,16.5754629266541
5.85049603174603,0.472861974190746,0.566417459886741,0.083473550998306,16.5757396665556
5.85059523809524,0.472823659118872,0.56637969217697,0.083433640337379,16.5760163808644
5.85069444444444,0.472785347633109,0.566341924249439,0.0833937487498068,16.5762930695842
5.85079365079365,0.472747039732911,0.566304156105734,0.0833538762261841,16.5765697327191
5.85089285714286,0.472708735417732,0.566266387747438,0.0833140227571091,16.576846370273
5.85099206349206,0.472670434687028,0.566228619176134,0.0832741883331853,16.5771229822497
5.85109126984127,0.472632137540252,0.566190850393404,0.0832343729450189,16.5773995686533
5.85119047619048,0.47259384397686,0.566153081400828,0.0831945765832209,16.5776761294876
5.85128968253968,0.472555553996306,0.566115312199987,0.0831547992384059,16.5779526647565
5.85138888888889,0.472517267598045,0.566077542792461,0.0831150409011932,16.578229174464
5.85148809523809,0.472478984781533,0.566039773179827,0.0830753015622054,16.578505658614
5.8515873015873,0.472440705546225,0.566002003363665,0.0830355812120695,16.5787821172104
5.85168650793651,0.472402429891577,0.565964233345551,0.082995879841417,16.5790585502571
5.85178571428571,0.472364157817044,0.565926463127061,0.0829561974408828,16.5793349577581
5.85188492063492,0.472325889322084,0.565888692709771,0.0829165340011061,16.5796113397171
5.85198412698413,0.472287624406152,0.565850922095256,0.0828768895127302,16.5798876961383
5.85208333333333,0.472249363068705,0.565813151285089,0.0828372639664023,16.5801640270254
5.85218253968254,0.472211105309199,0.565775380280844,0.0827976573527737,16.5804403323823
5.85228174603175,0.472172851127091,0.565737609084093,0.0827580696625,16.5807166122131
5.85238095238095,0.472134600521838,0.565699837696407,0.0827185008862403,16.5809928665215
5.85248015873016,0.472096353492898,0.565662066119357,0.0826789510146587,16.5812690953115
5.85257936507937,0.472058110039728,0.565624294354513,0.0826394200384225,16.581545298587
5.85267857142857,0.472019870161785,0.565586522403444,0.0825999079482033,16.581821476352
5.85277777777778,0.471981633858527,0.565548750267719,0.0825604147346768,16.5820976286102
5.85287698412698,0.471943401129413,0.565510977948904,0.0825209403885228,16.5823737553656
5.85297619047619,0.4719051719739,0.565473205448567,0.082481484900425,16.5826498566221
5.8530753968254,0.471866946391447,0.565435432768274,0.0824420482610711,16.5829259323837
5.8531746031746,0.471828724381512,0.565397659909589,0.0824026304611535,16.5832019826541
5.85327380952381,0.471790505943554,0.565359886874077,0.0823632314913679,16.5834780074373
5.85337301587302,0.471752291077032,0.565322113663302,0.0823238513424143,16.5837540067373
5.85347222222222,0.471714079781405,0.565284340278826,0.0822844900049969,16.5840299805578
5.85357142857143,0.471675872056133,0.565246566722211,0.0822451474698237,16.5843059289028
5.85367063492063,0.471637667900675,0.565208792995018,0.0822058237276069,16.5845818517761
5.85376984126984,0.47159946731449,0.565171019098807,0.0821665187690628,16.5848577491818
5.85386904761905,0.471561270297038,0.565133245035139,0.0821272325849114,16.5851336211236
5.85396825396825,0.47152307684778,0.565095470805571,0.0820879651658777,16.5854094676054
5.85406746031746,0.471484886966176,0.565057696411662,0.0820487165026897,16.5856852886311
5.85416666666667,0.471446700651686,0.565019921854969,0.0820094865860799,16.5859610842047
5.85426587301587,0.471408517903771,0.564982147137048,0.0819702754067848,16.58623685433
5.85436507936508,0.471370338721892,0.564944372259454,0.0819310829555452,16.5865125990108
5.85446428571429,0.471332163105509,0.564906597223743,0.0818919092231054,16.5867883182512
5.85456349206349,0.471293991054084,0.564868822031469,0.0818527542002141,16.5870640120549
5.8546626984127,0.471255822567079,0.564831046684183,0.0818136178776245,16.5873396804258
5.85476190476191,0.471217657643954,0.56479327118344,0.081774500246093,16.5876153233678
5.85486111111111,0.471179496284172,0.56475549553079,0.0817354012963806,16.5878909408848
5.85496031746032,0.471141338487195,0.564717719727784,0.0816963210192521,16.5881665329807
5.85505952380952,0.471103184252484,0.564679943775972,0.0816572594054767,16.5884420996593
5.85515873015873,0.471065033579503,0.564642167676903,0.0816182164458272,16.5887176409246
5.85525793650794,0.471026886467713,0.564604391432126,0.0815791921310808,16.5889931567803
5.85535714285714,0.470988742916577,0.564566615043188,0.0815401864520182,16.5892686472305
5.85545634920635,0.470950602925558,0.564528838511635,0.0815011993994253,16.5895441122788
5.85555555555556,0.47091246649412,0.564491061839014,0.081462230964091,16.5898195519293
5.85565476190476,0.470874333621725,0.56445328502687,0.0814232811368087,16.5900949661857
5.85575396825397,0.470836204307838,0.564415508076748,0.0813843499083756,16.590370355052
5.85585317460317,0.470798078551921,0.56437773099019,0.0813454372695933,16.590645718532
5.85595238095238,0.470759956353439,0.564339953768739,0.0813065432112671,16.5909210566296
5.85605158730159,0.470721837711855,0.564302176413938,0.0812676677242063,16.5911963693486
5.85615079365079,0.470683722626634,0.564264398927328,0.0812288107992251,16.591471656693
5.85625,0.47064561109724,0.564226621310449,0.0811899724271407,16.5917469186665
5.85634920634921,0.470607503123139,0.56418884356484,0.0811511525987749,16.592022155273
5.85644841269841,0.470569398703794,0.564151065692041,0.0811123513049535,16.5922973665165
5.85654761904762,0.47053129783867,0.564113287693589,0.0810735685365063,16.5925725524007
5.85664682539683,0.470493200527234,0.564075509571021,0.081034804284267,16.5928477129295
5.85674603174603,0.470455106768949,0.564037731325874,0.0809960585390736,16.5931228481068
5.85684523809524,0.470417016563282,0.563999952959684,0.0809573312917679,16.5933979579364
5.85694444444444,0.470378929909699,0.563962174473984,0.0809186225331963,16.5936730424222
5.85704365079365,0.470340846807665,0.56392439587031,0.0808799322542087,16.593948101568
5.85714285714286,0.470302767256647,0.563886617150194,0.0808412604456593,16.5942231353777
5.85724206349206,0.470264691256111,0.563848838315169,0.0808026070984061,16.5944981438552
5.85734126984127,0.470226618805523,0.563811059366766,0.0807639722033115,16.5947731270042
5.85744047619048,0.47018854990435,0.563773280306516,0.0807253557512417,16.5950480848287
5.85753968253968,0.470150484552059,0.563735501135949,0.0806867577330669,16.5953230173325
5.85763888888889,0.470112422748116,0.563697721856594,0.080648178139662,16.5955979245194
5.8577380952381,0.470074364491991,0.563659942469979,0.0806096169619051,16.5958728063932
5.8578373015873,0.470036309783148,0.563622162977633,0.080571074190679,16.596147662958
5.85793650793651,0.469998258621058,0.563584383381082,0.08053254981687,16.5964224942173
5.85803571428571,0.469960211005186,0.563546603681851,0.0804940438313688,16.5966973001752
5.85813492063492,0.469922166935002,0.563508823881467,0.0804555562250702,16.5969720808355
5.85823412698413,0.469884126409972,0.563471043981453,0.0804170869888728,16.5972468362019
5.85833333333333,0.469846089429567,0.563433263983332,0.0803786361136792,16.5975215662784
5.85843253968254,0.469808055993254,0.563395483888629,0.0803402035903968,16.5977962710687
5.85853174603175,0.469770026100502,0.563357703698865,0.0803017894099363,16.5980709505767
5.85863095238095,0.46973199975078,0.563319923415561,0.0802633935632125,16.5983456048063
5.85873015873016,0.469693976943558,0.563282143040237,0.0802250160411446,16.5986202337613
5.85882936507937,0.469655957678304,0.563244362574413,0.0801866568346556,16.5988948374454
5.85892857142857,0.469617941954488,0.563206582019608,0.0801483159346727,16.5991694158627
5.85902777777778,0.469579929771579,0.56316880137734,0.0801099933321267,16.5994439690167
5.85912698412698,0.469541921129049,0.563131020649126,0.0800716890179535,16.5997184969115
5.85922619047619,0.469503916026367,0.563093239836482,0.080033402983092,16.5999929995509
5.8593253968254,0.469465914463002,0.563055458940924,0.0799951352184857,16.6002674769385
5.8594246031746,0.469427916438427,0.563017677963967,0.0799568857150819,16.6005419290784
5.85952380952381,0.46938992195211,0.562979896907125,0.0799186544638322,16.6008163559743
5.85962301587302,0.469351931003524,0.562942115771911,0.079880441455692,16.60109075763
5.85972222222222,0.469313943592138,0.562904334559837,0.0798422466816209,16.6013651340494
5.85982142857143,0.469275959717425,0.562866553272415,0.0798040701325823,16.6016394852363
5.85992063492063,0.469237979378856,0.562828771911156,0.0797659117995444,16.6019138111944
5.86001984126984,0.469200002575903,0.562790990477571,0.0797277716734787,16.6021881119277
5.86011904761905,0.469162029308036,0.562753208973167,0.079689649745361,16.60246238744
5.86021825396825,0.469124059574729,0.562715427399454,0.0796515460061712,16.602736637735
5.86031746031746,0.469086093375453,0.562677645757938,0.0796134604468931,16.6030108628166
5.86041666666667,0.469048130709681,0.562639864050128,0.0795753930585147,16.6032850626885
5.86051587301587,0.469010171576885,0.562602082277529,0.0795373438320279,16.6035592373547
5.86061507936508,0.468972215976539,0.562564300441646,0.0794993127584291,16.6038333868189
5.86071428571429,0.468934263908114,0.562526518543983,0.0794612998287183,16.6041075110849
5.86081349206349,0.468896315371085,0.562488736586045,0.0794233050338996,16.6043816101566
5.8609126984127,0.468858370364924,0.562450954569334,0.0793853283649814,16.6046556840377
5.8610119047619,0.468820428889104,0.562413172495352,0.0793473698129758,16.6049297327321
5.86111111111111,0.468782490943101,0.5623753903656,0.0793094293688993,16.6052037562436
5.86121031746032,0.468744556526387,0.56233760818158,0.0792715070237723,16.6054777545759
5.86130952380952,0.468706625638437,0.562299825944789,0.0792336027686189,16.6057517277329
5.86140873015873,0.468668698278724,0.562262043656728,0.0791957165944683,16.6060256757184
5.86150793650794,0.468630774446724,0.562224261318894,0.0791578484923527,16.6062995985362
5.86160714285714,0.468592854141911,0.562186478932784,0.0791199984533087,16.6065734961901
5.86170634920635,0.46855493736376,0.562148696499896,0.0790821664683772,16.6068473686838
5.86180555555556,0.468517024111745,0.562110914021724,0.0790443525286027,16.6071212160213
5.86190476190476,0.468479114385342,0.562073131499763,0.0790065566250341,16.6073950382062
5.86200396825397,0.468441208184027,0.562035348935508,0.0789687787487241,16.6076688352424
5.86210317460317,0.468403305507275,0.561997566330452,0.07893101889073,16.6079426071338
5.86220238095238,0.468365406354562,0.561959783686086,0.0788932770421125,16.6082163538839
5.86230158730159,0.468327510725363,0.561922001003904,0.0788555531939367,16.6084900754968
5.86240079365079,0.468289618619155,0.561884218285395,0.0788178473372716,16.6087637719761
5.8625,0.468251730035415,0.56184643553205,0.0787801594631905,16.6090374433257
5.86259920634921,0.468213844973618,0.561808652745358,0.0787424895627703,16.6093110895493
5.86269841269841,0.468175963433242,0.561770869926808,0.0787048376270925,16.6095847106508
5.86279761904762,0.468138085413763,0.561733087077886,0.0786672036472421,16.6098583066339
5.86289682539683,0.468100210914658,0.56169530420008,0.0786295876143089,16.6101318775024
5.86299603174603,0.468062339935406,0.561657521294877,0.078591989519386,16.6104054232601
5.86309523809524,0.468024472475483,0.56161973836376,0.078554409353571,16.6106789439107
5.86319444444444,0.467986608534367,0.561581955408216,0.0785168471079654,16.6109524394582
5.86329365079365,0.467948748111535,0.561544172429727,0.0784793027736748,16.6112259099062
5.86339285714286,0.467910891206467,0.561506389429776,0.0784417763418087,16.6114993552585
5.86349206349206,0.467873037818639,0.561468606409845,0.0784042678034806,16.6117727755189
5.86359126984127,0.467835187947531,0.561430823371416,0.0783667771498088,16.6120461706913
5.86369047619048,0.467797341592621,0.561393040315969,0.0783293043719147,16.6123195407793
5.86378968253968,0.467759498753388,0.561355257244983,0.0782918494609244,16.6125928857867
5.86388888888889,0.467721659429311,0.561317474159939,0.0782544124079677,16.6128662057173
5.86398809523809,0.46768382361987,0.561279691062313,0.0782169932041785,16.613139500575
5.8640873015873,0.467645991324542,0.561241907953583,0.0781795918406949,16.6134127703634
5.86418650793651,0.467608162542809,0.561204124835225,0.078142208308659,16.6136860150864
5.86428571428571,0.46757033727415,0.561166341708715,0.0781048425992165,16.6139592347477
5.86438492063492,0.467532515518044,0.561128558575528,0.0780674947035183,16.614232429351
5.86448412698413,0.467494697273972,0.561090775437139,0.0780301646127183,16.6145055989003
5.86458333333333,0.467456882541415,0.561052992295019,0.0779928523179749,16.6147787433991
5.86468253968254,0.467419071319852,0.561015209150643,0.0779555578104503,16.6150518628513
5.86478174603175,0.467381263608764,0.560977426005481,0.077918281081311,16.6153249572607
5.86488095238095,0.467343459407633,0.560939642861005,0.0778810221217274,16.615598026631
5.86498015873016,0.467305658715939,0.560901859718683,0.0778437809228739,16.615871070966
5.86507936507937,0.467267861533164,0.560864076579987,0.0778065574759295,16.6161440902694
5.86517857142857,0.467230067858789,0.560826293446384,0.0777693517720765,16.6164170845451
5.86527777777778,0.467192277692296,0.560788510319342,0.0777321638025018,16.6166900537967
5.86537698412698,0.467154491033166,0.560750727200328,0.0776949935583959,16.616962998028
5.86547619047619,0.467116707880882,0.560712944090808,0.0776578410309538,16.6172359172428
5.8655753968254,0.467078928234926,0.560675160992247,0.0776207062113742,16.6175088114448
5.8656746031746,0.467041152094779,0.56063737790611,0.0775835890908601,16.6177816806379
5.86577380952381,0.467003379459926,0.56059959483386,0.0775464896606183,16.6180545248257
5.86587301587302,0.466965610329848,0.56056181177696,0.0775094079118601,16.618327344012
5.86597222222222,0.466927844704029,0.560524028736873,0.0774723438358006,16.6186001382005
5.86607142857143,0.466890082581952,0.56048624571506,0.0774352974236586,16.6188729073951
5.86617063492063,0.466852323963099,0.560448462712981,0.0773982686666576,16.6191456515994
5.86626984126984,0.466814568846956,0.560410679732097,0.0773612575560247,16.6194183708172
5.86636904761905,0.466776817233004,0.560372896773864,0.0773242640829912,16.6196910650523
5.86646825396825,0.466739069120729,0.560335113839743,0.0772872882387922,16.6199637343084
5.86656746031746,0.466701324509614,0.56029733093119,0.0772503300146677,16.6202363785892
5.86666666666667,0.466663583399144,0.560259548049663,0.0772133894018608,16.6205089978985
5.86676587301587,0.466625845788803,0.560221765196615,0.0771764663916191,16.62078159224
5.86686507936508,0.466588111678076,0.560183982373503,0.0771395609751941,16.6210541616175
5.86696428571429,0.466550381066447,0.560146199581781,0.0771026731438414,16.6213267060348
5.86706349206349,0.466512653953402,0.560108416822901,0.077065802888821,16.6215992254954
5.8671626984127,0.466474930338426,0.560070634098317,0.0770289502013963,16.6218717200033
5.86726190476191,0.466437210221004,0.56003285140948,0.0769921150728349,16.6221441895621
5.86736111111111,0.466399493600623,0.559995068757842,0.0769552974944093,16.6224166341756
5.86746031746032,0.466361780476767,0.559957286144851,0.0769184974573951,16.6226890538475
5.86755952380952,0.466324070848924,0.559919503571958,0.0768817149530722,16.6229614485815
5.86765873015873,0.466286364716578,0.559881721040611,0.0768449499727246,16.6232338183814
5.86775793650794,0.466248662079216,0.559843938552258,0.0768082025076406,16.6235061632509
5.86785714285714,0.466210962936326,0.559806156108345,0.0767714725491121,16.6237784831937
5.86795634920635,0.466173267287393,0.559768373710319,0.0767347600884351,16.6240507782136
5.86805555555556,0.466135575131905,0.559730591359626,0.0766980651169104,16.6243230483142
5.86815476190476,0.466097886469348,0.559692809057709,0.076661387625842,16.6245952934994
5.86825396825397,0.466060201299211,0.559655026806012,0.0766247276065382,16.6248675137729
5.86835317460317,0.466022519620981,0.559617244605979,0.0765880850503115,16.6251397091383
5.86845238095238,0.465984841434144,0.559579462459052,0.0765514599484784,16.6254118795994
5.86855158730159,0.46594716673819,0.559541680366671,0.0765148522923593,16.6256840251599
5.86865079365079,0.465909495532607,0.559503898330278,0.076478262073279,16.6259561458236
5.86875,0.465871827816881,0.559466116351312,0.0764416892825656,16.6262282415941
5.86884920634921,0.465834163590503,0.559428334431212,0.0764051339115524,16.6265003124752
5.86894841269841,0.465796502852961,0.559390552571417,0.0763685959515759,16.6267723584706
5.86904761904762,0.465758845603743,0.559352770773363,0.0763320753939769,16.627044379584
5.86914682539683,0.465721191842338,0.559314989038487,0.0762955722301003,16.6273163758191
5.86924603174603,0.465683541568237,0.559277207368225,0.0762590864512949,16.6275883471797
5.86934523809524,0.465645894780927,0.559239425764012,0.0762226180489138,16.6278602936694
5.86944444444444,0.465608251479899,0.559201644227282,0.0761861670143137,16.628132215292
5.86954365079365,0.465570611664077,0.559163862759489,0.076149733340224,16.6284041120512
5.86964285714286,0.465532975330656,0.55912608136209,0.0761133170238854,16.6286759839502
5.86974206349206,0.465495342478881,0.559088300036388,0.076076918058012,16.6289478309926
5.86984126984127,0.465457713108243,0.559050518783672,0.0760405364347526,16.629219653182
5.86994047619048,0.465420087218232,0.559012737605232,0.0760041721462592,16.6294914505218
5.87003968253968,0.465382464808336,0.558974956502357,0.0759678251846856,16.6297632230156
5.87013888888889,0.465344845878046,0.558937175476334,0.0759314955421887,16.630034970667
5.8702380952381,0.465307230426851,0.558899394528452,0.0758951832109273,16.6303066934794
5.8703373015873,0.465269618454243,0.558861613659998,0.0758588881830636,16.6305783914563
5.87043650793651,0.465232009959711,0.558823832872259,0.0758226104507614,16.6308500646014
5.87053571428571,0.465194404942745,0.558786052166521,0.0757863500061876,16.6311217129181
5.87063492063492,0.465156803402836,0.55874827154407,0.0757501068415111,16.6313933364099
5.87073412698413,0.465119205339474,0.558710491006192,0.0757138809489037,16.6316649350804
5.87083333333333,0.46508161075215,0.558672710554171,0.0756776723205396,16.6319365089331
5.87093253968254,0.465044019640355,0.558634930189291,0.0756414809485952,16.6322080579715
5.87103174603175,0.46500643200358,0.558597149912838,0.0756053068252502,16.6324795821992
5.87113095238095,0.464968847841315,0.558559369726094,0.075569149942686,16.6327510816196
5.87123015873016,0.464931267153053,0.558521589630342,0.0755330102930869,16.6330225562364
5.87132936507937,0.464893689938283,0.558483809626865,0.0754968878686395,16.6332940060529
5.87142857142857,0.464856116196498,0.558446029716944,0.075460782661533,16.6335654310727
5.87152777777778,0.464818545927189,0.558408249901863,0.0754246946639592,16.6338368312994
5.87162698412698,0.464780979129848,0.5583704701829,0.0753886238681123,16.6341082067364
5.87172619047619,0.464743415803965,0.558332690561338,0.0753525702661886,16.6343795573874
5.8718253968254,0.464705855949034,0.558294911038455,0.075316533850388,16.6346508832557
5.8719246031746,0.464668299564546,0.558257131615533,0.075280514612912,16.6349221843449
5.87202380952381,0.464630746649993,0.558219352293849,0.0752445125459647,16.6351934606585
5.87212301587302,0.464593197204867,0.558181573074683,0.0752085276417529,16.6354647122001
5.87222222222222,0.46455565122866,0.558143793959313,0.0751725598924858,16.6357359389731
5.87232142857143,0.464518108720865,0.558106014949016,0.0751366092903752,16.636007140981
5.87242063492064,0.464480569680975,0.558068236045069,0.0751006758276351,16.6362783182275
5.87251984126984,0.464443034108482,0.55803045724875,0.0750647594964828,16.6365494707159
5.87261904761905,0.464405502002878,0.557992678561335,0.0750288602891371,16.6368205984498
5.87271825396825,0.464367973363657,0.557954899984099,0.07499297819782,16.6370917014327
5.87281746031746,0.464330448190312,0.557917121518318,0.0749571132147556,16.6373627796681
5.87291666666667,0.464292926482335,0.557879343165266,0.0749212653321707,16.6376338331595
5.87301587301587,0.464255408239221,0.557841564926218,0.0748854345422947,16.6379048619105
5.87311507936508,0.464217893460461,0.557803786802447,0.0748496208373592,16.6381758659244
5.87321428571429,0.46418038214555,0.557766008795227,0.0748138242095983,16.638446845205
5.87331349206349,0.464142874293981,0.557728230905831,0.0747780446512494,16.6387177997555
5.8734126984127,0.464105369905248,0.557690453135532,0.0747422821545514,16.6389887295796
5.87351190476191,0.464067868978845,0.5576526754856,0.0747065367117461,16.6392596346808
5.87361111111111,0.464030371514265,0.557614897957308,0.0746708083150779,16.6395305150625
5.87371031746032,0.463992877511003,0.557577120551927,0.0746350969567936,16.6398013707282
5.87380952380952,0.463955386968552,0.557539343270727,0.0745994026291424,16.6400722016815
5.87390873015873,0.463917899886407,0.557501566114977,0.0745637253243759,16.6403430079258
5.87400793650794,0.463880416264062,0.557463789085948,0.0745280650347489,16.6406137894647
5.87410714285714,0.463842936101012,0.557426012184908,0.0744924217525181,16.6408845463017
5.87420634920635,0.463805459396752,0.557388235413126,0.0744567954699427,16.6411552784402
5.87430555555556,0.463767986150775,0.55735045877187,0.0744211861792846,16.6414259858838
5.87440476190476,0.463730516362577,0.557312682262408,0.074385593872808,16.6416966686359
5.87450396825397,0.463693050031653,0.557274905886007,0.0743500185427799,16.6419673267
5.87460317460317,0.463655587157498,0.557237129643933,0.0743144601814696,16.6422379600797
5.87470238095238,0.463618127739606,0.557199353537452,0.0742789187811487,16.6425085687784
5.87480158730159,0.463580671777474,0.55716157756783,0.0742433943340921,16.6427791527996
5.87490079365079,0.463543219270597,0.557123801736332,0.0742078868325762,16.6430497121468
5.875,0.463505770218469,0.557086026044224,0.0741723962688806,16.6433202468236
5.87509920634921,0.463468324620588,0.557048250492768,0.074136922635287,16.6435907568333
5.87519841269841,0.463430882476447,0.557010475083229,0.0741014659240799,16.6438612421796
5.87529761904762,0.463393443785544,0.55697269981687,0.0740660261275461,16.6441317028658
5.87539682539683,0.463356008547375,0.556934924694954,0.0740306032379747,16.6444021388955
5.87549603174603,0.463318576761434,0.556897149718743,0.0739951972476582,16.6446725502722
5.87559523809524,0.46328114842722,0.556859374889499,0.0739598081488906,16.6449429369993
5.87569444444444,0.463243723544227,0.556821600208482,0.0739244359339689,16.6452132990803
5.87579365079365,0.463206302111952,0.556783825676955,0.0738890805951924,16.6454836365188
5.87589285714286,0.463168884129893,0.556746051296177,0.0738537421248631,16.6457539493182
5.87599206349206,0.463131469597544,0.556708277067408,0.0738184205152853,16.6460242374819
5.87609126984127,0.463094058514404,0.556670502991908,0.073783115758766,16.6462945010136
5.87619047619048,0.463056650879969,0.556632729070935,0.0737478278476143,16.6465647399166
5.87628968253968,0.463019246693737,0.556594955305747,0.0737125567741427,16.6468349541944
5.87638888888889,0.462981845955204,0.556557181697604,0.0736773025306652,16.6471051438506
5.87648809523809,0.462944448663867,0.556519408247761,0.073642065109499,16.6473753088885
5.8765873015873,0.462907054819224,0.556481634957477,0.0736068445029632,16.6476454493118
5.87668650793651,0.462869664420772,0.556443861828008,0.07357164070338,16.6479155651238
5.87678571428571,0.46283227746801,0.556406088860608,0.0735364537030738,16.6481856563281
5.87688492063492,0.462794893960434,0.556368316056535,0.0735012834943712,16.6484557229281
5.87698412698413,0.462757513897542,0.556330543417044,0.0734661300696021,16.6487257649273
5.87708333333333,0.462720137278833,0.556292770943387,0.0734309934210984,16.6489957823292
5.87718253968254,0.462682764103804,0.556254998636821,0.0733958735411944,16.6492657751372
5.87728174603175,0.462645394371954,0.556217226498598,0.0733607704222271,16.6495357433549
5.87738095238095,0.46260802808278,0.556179454529972,0.073325684056536,16.6498056869856
5.87748015873016,0.462570665235782,0.556141682732194,0.0732906144364631,16.650075606033
5.87757936507936,0.462533305830457,0.556103911106518,0.0732555615543527,16.6503455005004
5.87767857142857,0.462495949866305,0.556066139654194,0.0732205254025517,16.6506153703913
5.87777777777778,0.462458597342824,0.556028368376475,0.07318550597341,16.6508852157092
5.87787698412698,0.462421248259512,0.555990597274611,0.0731505032592794,16.6511550364576
5.87797619047619,0.46238390261587,0.555952826349851,0.0731155172525143,16.6514248326399
5.8780753968254,0.462346560411395,0.555915055603446,0.0730805479454718,16.6516946042597
5.8781746031746,0.462309221645588,0.555877285036645,0.0730455953305114,16.6519643513203
5.87827380952381,0.462271886317947,0.555839514650697,0.073010659399995,16.6522340738252
5.87837301587302,0.462234554427972,0.555801744446849,0.0729757401462869,16.652503771778
5.87847222222222,0.462197225975162,0.555763974426351,0.0729408375617547,16.652773445182
5.87857142857143,0.462159900959018,0.555726204590449,0.0729059516387675,16.6530430940408
5.87867063492063,0.462122579379038,0.555688434940389,0.0728710823696974,16.6533127183578
5.87876984126984,0.462085261234723,0.555650665477419,0.072836229746919,16.6535823181365
5.87886904761905,0.462047946525572,0.555612896202784,0.0728013937628093,16.6538518933803
5.87896825396825,0.462010635251087,0.55557512711773,0.0727665744097478,16.6541214440927
5.87906746031746,0.461973327410766,0.555537358223501,0.0727317716801165,16.6543909702771
5.87916666666667,0.461936023004111,0.555499589521342,0.0726969855662998,16.6546604719371
5.87926587301587,0.461898722030622,0.555461821012497,0.0726622160606851,16.6549299490761
5.87936507936508,0.461861424489799,0.55542405269821,0.0726274631556619,16.6551994016975
5.87946428571429,0.461824130381143,0.555386284579722,0.0725927268436221,16.6554688298048
5.87956349206349,0.461786839704155,0.555348516658278,0.0725580071169603,16.6557382334015
5.8796626984127,0.461749552458336,0.555310748935118,0.0725233039680735,16.656007612491
5.8797619047619,0.461712268643187,0.555272981411484,0.0724886173893614,16.6562769670768
5.87986111111111,0.461674988258209,0.555235214088618,0.0724539473732258,16.6565462971623
5.87996031746032,0.461637711302904,0.55519744696776,0.0724192939120717,16.656815602751
5.88005952380952,0.461600437776772,0.55515968005015,0.072384656998306,16.6570848838464
5.88015873015873,0.461563167679315,0.555121913337028,0.0723500366243383,16.6573541404518
5.88025793650794,0.461525901010035,0.555084146829632,0.0723154327825806,16.6576233725708
5.88035714285714,0.461488637768433,0.555046380529202,0.0722808454654476,16.6578925802068
5.88045634920635,0.461451377954012,0.555008614436976,0.0722462746653563,16.6581617633633
5.88055555555556,0.461414121566273,0.554970848554191,0.0722117203747263,16.6584309220436
5.88065476190476,0.461376868604718,0.554933082882084,0.0721771825859796,16.6587000562514
5.88075396825397,0.461339619068851,0.554895317421892,0.0721426612915412,16.6589691659899
5.88085317460317,0.461302372958172,0.554857552174852,0.072108156483838,16.6592382512627
5.88095238095238,0.461265130272184,0.554819787142199,0.0720736681552996,16.6595073120732
5.88105158730159,0.46122789101039,0.554782022325169,0.0720391962983581,16.6597763484248
5.88115079365079,0.461190655172293,0.554744257724995,0.0720047409054482,16.660045360321
5.88125,0.461153422757395,0.554706493342914,0.0719703019690071,16.6603143477653
5.88134920634921,0.461116193765198,0.554668729180157,0.071935879481474,16.6605833107611
5.88144841269841,0.461078968195207,0.554630965237959,0.0719014734352916,16.6608522493118
5.88154761904762,0.461041746046925,0.554593201517553,0.0718670838229044,16.6611211634209
5.88164682539683,0.461004527319854,0.554555438020171,0.0718327106367595,16.6613900530918
5.88174603174603,0.460967312013497,0.554517674747044,0.0717983538693065,16.661658918328
5.88184523809524,0.460930100127359,0.554479911699405,0.0717640135129975,16.6619277591329
5.88194444444444,0.460892891660943,0.554442148878484,0.0717296895602874,16.6621965755099
5.88204365079365,0.460855686613752,0.554404386285511,0.0716953820036332,16.6624653674625
5.88214285714286,0.46081848498529,0.554366623921717,0.0716610908354944,16.6627341349941
5.88224206349206,0.460781286775062,0.554328861788331,0.0716268160483336,16.6630028781082
5.88234126984127,0.460744091982571,0.554291099886583,0.0715925576346153,16.6632715968082
5.88244047619048,0.460706900607321,0.554253338217699,0.0715583155868066,16.6635402910976
5.88253968253968,0.460669712648817,0.55421557678291,0.0715240898973773,16.6638089609797
5.88263888888889,0.460632528106563,0.554177815583441,0.0714898805587995,16.664077606458
5.88273809523809,0.460595346980064,0.554140054620521,0.071455687563548,16.664346227536
5.8828373015873,0.460558169268823,0.554102293895375,0.0714215109040996,16.6646148242171
5.88293650793651,0.460520994972347,0.554064533409231,0.0713873505729347,16.6648833965046
5.88303571428571,0.460483824090139,0.554026773163313,0.0713532065625351,16.6651519444021
5.88313492063492,0.460446656621705,0.553989013158846,0.0713190788653856,16.665420467913
5.88323412698413,0.46040949256655,0.553951253397056,0.0712849674739735,16.6656889670407
5.88333333333333,0.460372331924178,0.553913493879167,0.0712508723807883,16.6659574417887
5.88343253968254,0.460335174694096,0.553875734606401,0.0712167935783224,16.6662258921603
5.88353174603175,0.460298020875809,0.553837975579984,0.0711827310590705,16.666494318159
5.88363095238095,0.460260870468821,0.553800216801136,0.0711486848155296,16.6667627197883
5.88373015873016,0.460223723472639,0.553762458271081,0.0711146548401999,16.6670310970515
5.88382936507937,0.460186579886769,0.55372469999104,0.0710806411255835,16.6672994499521
5.88392857142857,0.460149439710717,0.553686941962234,0.071046643664185,16.6675677784935
5.88402777777778,0.460112302943987,0.553649184185885,0.0710126624485117,16.6678360826791
5.88412698412698,0.460075169586087,0.553611426663212,0.0709786974710735,16.6681043625124
5.88422619047619,0.460038039636523,0.553573669395436,0.0709447487243825,16.6683726179968
5.8843253968254,0.460000913094801,0.553535912383776,0.0709108162009533,16.6686408491357
5.8844246031746,0.459963789960428,0.55349815562945,0.0708768998933036,16.6689090559325
5.88452380952381,0.45992667023291,0.553460399133677,0.070842999793953,16.6691772383906
5.88462301587302,0.459889553911753,0.553422642897676,0.0708091158954237,16.6694453965136
5.88472222222222,0.459852440996465,0.553384886922663,0.0707752481902407,16.6697135303047
5.88482142857143,0.459815331486552,0.553347131209855,0.070741396670931,16.6699816397674
5.88492063492063,0.459778225381522,0.553309375760469,0.0707075613300246,16.6702497249052
5.88501984126984,0.459741122680882,0.553271620575721,0.0706737421600537,16.6705177857214
5.88511904761905,0.459704023384138,0.553233865656826,0.0706399391535529,16.6707858222195
5.88521825396825,0.459666927490799,0.553196111004999,0.07060615230306,16.6710538344029
5.88531746031746,0.459629835000372,0.553158356621455,0.0705723816011145,16.6713218222749
5.88541666666667,0.459592745912364,0.553120602507409,0.0705386270402588,16.6715897858391
5.88551587301587,0.459555660226283,0.553082848664072,0.0705048886130377,16.6718577250988
5.88561507936508,0.459518577941637,0.55304509509266,0.0704711663119985,16.6721256400575
5.88571428571429,0.459481499057934,0.553007341794383,0.0704374601296911,16.6723935307185
5.88581349206349,0.459444423574681,0.552969588770455,0.0704037700586675,16.6726613970852
5.8859126984127,0.459407351491388,0.552931836022087,0.0703700960914831,16.6729292391612
5.88601190476191,0.459370282807562,0.55289408355049,0.0703364382206949,16.6731970569497
5.88611111111111,0.459333217522712,0.552856331356875,0.0703027964388629,16.6734648504543
5.88621031746032,0.459296155636347,0.552818579442452,0.0702691707385493,16.6737326196782
5.88630952380952,0.459259097147974,0.55278082780843,0.070235561112319,16.674000364625
5.88640873015873,0.459222042057103,0.55274307645602,0.0702019675527394,16.674268085298
5.88650793650794,0.459184990363243,0.552705325386429,0.0701683900523803,16.6745357817006
5.88660714285714,0.459147942065902,0.552667574600866,0.070134828603814,16.6748034538362
5.88670634920635,0.45911089716459,0.552629824100539,0.0701012831996156,16.6750711017083
5.88680555555556,0.459073855658816,0.552592073886655,0.0700677538323624,16.6753387253203
5.88690476190476,0.459036817548089,0.552554323960421,0.0700342404946343,16.6756063246755
5.88700396825397,0.458999782831918,0.552516574323044,0.0700007431790136,16.6758738997773
5.88710317460317,0.458962751509814,0.552478824975728,0.0699672618780852,16.6761414506293
5.88720238095238,0.458925723581286,0.55244107591968,0.0699337965844365,16.6764089772346
5.88730158730159,0.458888699045844,0.552403327156104,0.0699003472906572,16.6766764795969
5.88740079365079,0.458851677902997,0.552365578686205,0.0698669139893402,16.6769439577194
5.8875,0.458814660152256,0.552327830511187,0.06983349667308,16.6772114116055
5.88759920634921,0.45877764579313,0.552290082632252,0.0698000953344743,16.6774788412588
5.88769841269841,0.458740634825131,0.552252335050605,0.0697667099661227,16.6777462466824
5.88779761904762,0.458703627247768,0.552214587767448,0.0697333405606279,16.67801362788
5.88789682539683,0.458666623060552,0.552176840783982,0.0696999871105946,16.6782809848548
5.88799603174603,0.458629622262993,0.55213909410141,0.0696666496086304,16.6785483176102
5.88809523809524,0.458592624854603,0.552101347720931,0.0696333280473449,16.6788156261497
5.88819444444444,0.458555630834891,0.552063601643748,0.0696000224193511,16.6790829104766
5.88829365079365,0.45851864020337,0.552025855871059,0.0695667327172636,16.6793501705944
5.88839285714286,0.458481652959549,0.551988110404064,0.0695334589336999,16.6796174065064
5.88849206349206,0.458444669102941,0.551950365243964,0.0695002010612799,16.679884618216
5.88859126984127,0.458407688633056,0.551912620391955,0.0694669590926262,16.6801518057266
5.88869047619048,0.458370711549407,0.551874875849236,0.0694337330203636,16.6804189690416
5.88878968253968,0.458333737851503,0.551837131617006,0.0694005228371194,16.6806861081644
5.88888888888889,0.458296767538857,0.55179938769646,0.069367328535524,16.6809532230984
5.8889880952381,0.458259800610982,0.551761644088797,0.0693341501082097,16.6812203138469
5.8890873015873,0.458222837067388,0.551723900795211,0.0693009875478114,16.6814873804135
5.88918650793651,0.458185876907587,0.5516861578169,0.0692678408469667,16.6817544228013
5.88928571428571,0.458148920131093,0.551648415155057,0.0692347099983154,16.6820214410139
5.88938492063492,0.458111966737416,0.551610672810878,0.0692015949945002,16.6822884350546
5.88948412698413,0.458075016726069,0.551572930785557,0.0691684958281659,16.6825554049268
5.88958333333333,0.458038070096565,0.551535189080288,0.06913541249196,16.6828223506339
5.88968253968254,0.458001126848417,0.551497447696265,0.0691023449785327,16.6830892721793
5.88978174603175,0.457964186981136,0.551459706634679,0.0690692932805365,16.6833561695663
5.88988095238095,0.457927250494236,0.551421965896724,0.0690362573906263,16.6836230427983
5.88998015873016,0.45789031738723,0.551384225483591,0.0690032373014596,16.6838898918788
5.89007936507937,0.457853387659631,0.551346485396472,0.0689702330056965,16.684156716811
5.89017857142857,0.457816461310951,0.551308745636558,0.0689372444959994,16.6844235175985
5.89027777777778,0.457779538340704,0.551271006205038,0.0689042717650333,16.6846902942445
5.89037698412698,0.457742618748403,0.551233267103104,0.068871314805466,16.6849570467524
5.89047619047619,0.457705702533563,0.551195528331944,0.0688383736099674,16.6852237751256
5.8905753968254,0.457668789695696,0.551157789892748,0.06880544817121,16.6854904793675
5.8906746031746,0.457631880234316,0.551120051786703,0.0687725384818689,16.6857571594815
5.89077380952381,0.457594974148937,0.551082314014999,0.0687396445346216,16.6860238154709
5.89087301587302,0.457558071439073,0.551044576578822,0.0687067663221481,16.6862904473392
5.89097222222222,0.457521172104238,0.551006839479359,0.0686739038371312,16.6865570550896
5.89107142857143,0.457484276143946,0.550969102717798,0.0686410570722555,16.6868236387256
5.89117063492063,0.457447383557711,0.550931366295324,0.0686082260202091,16.6870901982505
5.89126984126984,0.457410494345049,0.550893630213123,0.0685754106736818,16.6873567336677
5.89136904761905,0.457373608505472,0.55085589447238,0.0685426110253663,16.6876232449807
5.89146825396825,0.457336726038497,0.550818159074279,0.0685098270679575,16.6878897321926
5.89156746031746,0.457299846943637,0.550780424020006,0.0684770587941532,16.688156195307
5.89166666666667,0.457262971220408,0.550742689310743,0.0684443061966533,16.6884226343271
5.89176587301587,0.457226098868325,0.550704954947673,0.0684115692681603,16.6886890492564
5.89186507936508,0.457189229886902,0.55066722093198,0.0683788480013796,16.6889554400983
5.89196428571429,0.457152364275655,0.550629487264846,0.0683461423890188,16.689221806856
5.89206349206349,0.457115502034099,0.550591753947452,0.0683134524237878,16.689488149533
5.8921626984127,0.45707864316175,0.550554020980979,0.0682807780983993,16.6897544681326
5.8922619047619,0.457041787658123,0.550516288366609,0.0682481194055685,16.6900207626581
5.89236111111111,0.457004935522734,0.550478556105522,0.0682154763380128,16.690287033113
5.89246031746032,0.456968086755098,0.550440824198898,0.0681828488884525,16.6905532795007
5.89255952380952,0.456931241354732,0.550403092647915,0.06815023704961,16.6908195018244
5.89265873015873,0.456894399321152,0.550365361453753,0.0681176408142108,16.6910857000875
5.89275793650794,0.456857560653873,0.550327630617591,0.0680850601749824,16.6913518742934
5.89285714285714,0.456820725352412,0.550289900140605,0.0680524951246549,16.6916180244455
5.89295634920635,0.456783893416285,0.550252170023974,0.0680199456559609,16.6918841505471
5.89305555555556,0.456747064845009,0.550214440268875,0.0679874117616356,16.6921502526016
5.89315476190476,0.4567102396381,0.550176710876483,0.0679548934344167,16.6924163306123
5.89325396825397,0.456673417795076,0.550138981847975,0.067922390667044,16.6926823845826
5.89335317460317,0.456636599315452,0.550101253184526,0.0678899034522608,16.6929484145158
5.89345238095238,0.456599784198746,0.550063524887312,0.0678574317828119,16.6932144204153
5.89355158730159,0.456562972444474,0.550025796957507,0.067824975651445,16.6934804022845
5.89365079365079,0.456526164052155,0.549988069396284,0.0677925350509103,16.6937463601267
5.89375,0.456489359021305,0.549950342204819,0.0677601099739604,16.6940122939452
5.89384920634921,0.456452557351442,0.549912615384282,0.0677277004133507,16.6942782037435
5.89394841269841,0.456415759042083,0.549874888935848,0.0676953063618387,16.6945440895248
5.89404761904762,0.456378964092745,0.549837162860688,0.0676629278121844,16.6948099512926
5.89414682539683,0.456342172502947,0.549799437159973,0.0676305647571509,16.6950757890501
5.89424603174603,0.456305384272207,0.549761711834876,0.0675982171895033,16.6953416028007
5.89434523809524,0.456268599400042,0.549723986886567,0.0675658851020093,16.6956073925478
5.89444444444444,0.45623181788597,0.549686262316215,0.067533568487439,16.6958731582947
5.89454365079365,0.45619503972951,0.549648538124991,0.0675012673385653,16.6961389000448
5.89464285714286,0.45615826493018,0.549610814314064,0.0674689816481632,16.6964046178014
5.89474206349206,0.456121493487498,0.549573090884602,0.0674367114090103,16.6966703115678
5.89484126984127,0.456084725400984,0.549535367837774,0.0674044566138873,16.6969359813474
5.89494047619048,0.456047960670155,0.549497645174748,0.0673722172555767,16.6972016271436
5.89503968253968,0.45601119929453,0.549459922896691,0.0673399933268637,16.6974672489597
5.89513888888889,0.455974441273629,0.549422201004769,0.0673077848205361,16.697732846799
5.89523809523809,0.45593768660697,0.549384479500149,0.067275591729384,16.6979984206649
5.8953373015873,0.455900935294072,0.549346758383997,0.0672434140462004,16.6982639705606
5.89543650793651,0.455864187334455,0.549309037657479,0.0672112517637804,16.6985294964897
5.89553571428571,0.455827442727638,0.549271317321758,0.0671791048749215,16.6987949984553
5.89563492063492,0.45579070147314,0.549233597377999,0.0671469733724245,16.6990604764609
5.89573412698413,0.455753963570482,0.549195877827368,0.0671148572490919,16.6993259305097
5.89583333333333,0.455717229019182,0.549158158671026,0.067082756497729,16.6995913606052
5.89593253968254,0.455680497818761,0.549120439910137,0.0670506711111436,16.6998567667506
5.89603174603175,0.455643769968738,0.549082721545863,0.0670186010821459,16.7001221489493
5.89613095238095,0.455607045468634,0.549045003579366,0.0669865464035487,16.7003875072046
5.89623015873016,0.455570324317968,0.549007286011808,0.0669545070681671,16.7006528415199
5.89632936507937,0.455533606516262,0.54896956884435,0.0669224830688193,16.7009181518985
5.89642857142857,0.455496892063034,0.548931852078152,0.0668904743983255,16.7011834383437
5.89652777777778,0.455460180957807,0.548894135714375,0.0668584810495084,16.7014487008588
5.89662698412698,0.4554234732001,0.548856419754177,0.0668265030151933,16.7017139394472
5.89672619047619,0.455386768789435,0.548818704198719,0.066794540288208,16.7019791541123
5.8968253968254,0.455350067725331,0.548780989049158,0.0667625928613829,16.7022443448573
5.8969246031746,0.455313370007311,0.548743274306653,0.0667306607275507,16.7025095116856
5.89702380952381,0.455276675634895,0.548705559972361,0.0666987438795466,16.7027746546005
5.89712301587302,0.455239984607604,0.54866784604744,0.0666668423102089,16.7030397736053
5.89722222222222,0.455203296924959,0.548630132533046,0.0666349560123776,16.7033048687035
5.89732142857143,0.455166612586483,0.548592419430336,0.0666030849788956,16.7035699398982
5.89742063492063,0.455129931591696,0.548554706740465,0.0665712292026082,16.7038349871928
5.89751984126984,0.455093253940121,0.548516994464589,0.0665393886763633,16.7041000105906
5.89761904761905,0.455056579631279,0.548479282603862,0.0665075633930112,16.7043650100951
5.89771825396825,0.455019908664691,0.548441571159437,0.0664757533454046,16.7046299857094
5.89781746031746,0.45498324103988,0.548403860132471,0.0664439585263993,16.7048949374369
5.89791666666667,0.454946576756369,0.548366149524115,0.0664121789288528,16.705159865281
5.89801587301587,0.454909915813679,0.548328439335523,0.0663804145456257,16.705424769245
5.89811507936508,0.454873258211332,0.548290729567846,0.0663486653695807,16.7056896493321
5.89821428571429,0.454836603948852,0.548253020222237,0.0663169313935832,16.7059545055457
5.89831349206349,0.45479995302576,0.548215311299847,0.0662852126105011,16.7062193378892
5.8984126984127,0.45476330544158,0.548177602801827,0.0662535090132048,16.7064841463658
5.89851190476191,0.454726661195833,0.548139894729327,0.066221820594567,16.7067489309788
5.89861111111111,0.454690020288044,0.548102187083497,0.0661901473474635,16.7070136917316
5.89871031746032,0.454653382717735,0.548064479865487,0.0661584892647719,16.7072784286276
5.89880952380952,0.454616748484429,0.548026773076446,0.0661268463393727,16.7075431416699
5.89890873015873,0.45458011758765,0.547989066717522,0.0660952185641488,16.7078078308619
5.89900793650794,0.454543490026921,0.547951360789863,0.0660636059319856,16.708072496207
5.89910714285714,0.454506865801765,0.547913655294617,0.066032008435771,16.7083371377085
5.89920634920635,0.454470244911706,0.547875950232931,0.0660004260683952,16.7086017553696
5.89930555555556,0.454433627356268,0.547838245605951,0.0659688588227516,16.7088663491937
5.89940476190476,0.454397013134975,0.547800541414823,0.0659373066917354,16.7091309191841
5.89950396825397,0.45436040224735,0.547762837660694,0.0659057696682444,16.709395465344
5.89960317460317,0.454323794692919,0.547725134344707,0.0658742477451792,16.7096599876769
5.89970238095238,0.454287190471203,0.547687431468008,0.0658427409154428,16.709924486186
5.89980158730159,0.45425058958173,0.547649729031742,0.0658112491719404,16.7101889608746
5.89990079365079,0.454213992024021,0.54761202703705,0.0657797725075802,16.7104534117461
5.9,0.454177397797603,0.547574325485078,0.0657483109152723,16.7107178388037
5.90009920634921,0.454140806901999,0.547536624376967,0.06571686438793,16.7109822420508
5.90019841269841,0.454104219336736,0.547498923713859,0.0656854329184688,16.7112466214906
5.90029761904762,0.454067635101336,0.547461223496897,0.0656540164998065,16.7115109771265
5.90039682539683,0.454031054195326,0.547423523727222,0.0656226151248636,16.7117753089617
5.90049603174603,0.453994476618231,0.547385824405974,0.0655912287865631,16.7120396169996
5.90059523809524,0.453957902369576,0.547348125534294,0.0655598574778305,16.7123039012435
5.90069444444444,0.453921331448885,0.547310427113321,0.0655285011915935,16.7125681616966
5.90079365079365,0.453884763855685,0.547272729144195,0.065497159920783,16.7128323983623
5.90089285714286,0.453848199589501,0.547235031628056,0.0654658336583319,16.7130966112439
5.90099206349206,0.45381163864986,0.54719733456604,0.0654345223971756,16.7133608003446
5.90109126984127,0.453775081036285,0.547159637959286,0.0654032261302521,16.7136249656679
5.90119047619048,0.453738526748305,0.547121941808931,0.065371944850502,16.7138891072169
5.90128968253968,0.453701975785444,0.547084246116113,0.0653406785508682,16.7141532249949
5.90138888888889,0.453665428147229,0.547046550881968,0.0653094272242963,16.7144173190054
5.9014880952381,0.453628883833185,0.547008856107631,0.0652781908637341,16.7146813892515
5.9015873015873,0.453592342842841,0.546971161794238,0.0652469694621325,16.7149454357365
5.90168650793651,0.453555805175721,0.546933467942925,0.0652157630124443,16.7152094584638
5.90178571428571,0.453519270831352,0.546895774554825,0.0651845715076251,16.7154734574366
5.90188492063492,0.453482739809262,0.546858081631073,0.0651533949406329,16.7157374326583
5.90198412698413,0.453446212108977,0.546820389172802,0.0651222333044283,16.7160013841321
5.90208333333333,0.453409687730024,0.546782697181145,0.0650910865919742,16.7162653118613
5.90218253968254,0.45337316667193,0.546745005657235,0.0650599547962361,16.7165292158493
5.90228174603175,0.453336648934223,0.546707314602205,0.0650288379101824,16.7167930960992
5.90238095238095,0.453300134516429,0.546669624017185,0.0649977359267835,16.7170569526144
5.90248015873016,0.453263623418076,0.546631933903306,0.0649666488390124,16.7173207853982
5.90257936507937,0.453227115638692,0.5465942442617,0.0649355766398446,16.7175845944539
5.90267857142857,0.453190611177804,0.546556555093497,0.0649045193222584,16.7178483797847
5.90277777777778,0.453154110034939,0.546518866399826,0.0648734768792341,16.718112141394
5.90287698412698,0.453117612209627,0.546481178181816,0.064842449303755,16.718375879285
5.90297619047619,0.453081117701394,0.546443490440596,0.0648114365888064,16.718639593461
5.9030753968254,0.45304462650977,0.546405803177295,0.0647804387273768,16.7189032839253
5.9031746031746,0.453008138634282,0.54636811639304,0.0647494557124566,16.7191669506812
5.90327380952381,0.452971654074458,0.546330430088958,0.0647184875370388,16.719430593732
5.90337301587302,0.452935172829827,0.546292744266177,0.0646875341941192,16.7196942130809
5.90347222222222,0.452898694899918,0.546255058925822,0.0646565956766957,16.7199578087312
5.90357142857143,0.452862220284258,0.546217374069019,0.0646256719777691,16.7202213806862
5.90367063492064,0.452825748982378,0.546179689696895,0.0645947630903421,16.7204849289493
5.90376984126984,0.452789280993806,0.546142005810572,0.0645638690074209,16.7207484535235
5.90386904761905,0.452752816318071,0.546104322411177,0.0645329897220134,16.7210119544124
5.90396825396825,0.452716354954702,0.546066639499833,0.0645021252271302,16.721275431619
5.90406746031746,0.452679896903228,0.546028957077663,0.0644712755157843,16.7215388851468
5.90416666666667,0.452643442163179,0.54599127514579,0.0644404405809916,16.7218023149989
5.90426587301587,0.452606990734085,0.545953593705337,0.06440962041577,16.7220657211787
5.90436507936508,0.452570542615474,0.545915912757426,0.0643788150131403,16.7223291036894
5.90446428571429,0.452534097806876,0.545878232303178,0.0643480243661254,16.7225924625343
5.90456349206349,0.452497656307823,0.545840552343714,0.0643172484677513,16.7228557977166
5.9046626984127,0.452461218117842,0.545802872880154,0.0642864873110461,16.7231191092398
5.90476190476191,0.452424783236465,0.54576519391362,0.0642557408890403,16.7233823971069
5.90486111111111,0.452388351663222,0.545727515445229,0.0642250091947672,16.7236456613213
5.90496031746032,0.452351923397642,0.545689837476103,0.0641942922212624,16.7239089018863
5.90505952380952,0.452315498439257,0.545652160007358,0.064163589961564,16.7241721188051
5.90515873015873,0.452279076787596,0.545614483040113,0.0641329024087127,16.724435312081
5.90525793650794,0.452242658442191,0.545576806575486,0.0641022295557518,16.7246984817173
5.90535714285714,0.452206243402573,0.545539130614593,0.0640715713957271,16.7249616277172
5.90545634920635,0.452169831668271,0.545501455158553,0.0640409279216865,16.725224750084
5.90555555555556,0.452133423238818,0.54546378020848,0.064010299126681,16.725487848821
5.90565476190476,0.452097018113744,0.545426105765491,0.0639796850037635,16.7257509239313
5.90575396825397,0.45206061629258,0.5453884318307,0.0639490855459899,16.7260139754184
5.90585317460317,0.452024217774858,0.545350758405223,0.0639185007464183,16.7262770032855
5.90595238095238,0.451987822560109,0.545313085490173,0.0638879305981093,16.7265400075357
5.90605158730159,0.451951430647865,0.545275413086665,0.0638573750941265,16.7268029881725
5.90615079365079,0.451915042037658,0.545237741195812,0.0638268342275354,16.727065945199
5.90625,0.451878656729019,0.545200069818726,0.0637963079914042,16.7273288786185
5.90634920634921,0.45184227472148,0.54516239895652,0.0637657963788038,16.7275917884343
5.90644841269841,0.451805896014573,0.545124728610306,0.0637352993828072,16.7278546746496
5.90654761904762,0.451769520607831,0.545087058781195,0.0637048169964902,16.7281175372676
5.90664682539683,0.451733148500784,0.545049389470298,0.063674349212931,16.7283803762917
5.90674603174603,0.451696779692968,0.545011720678725,0.0636438960252106,16.7286431917252
5.90684523809524,0.451660414183912,0.544974052407587,0.0636134574264121,16.7289059835711
5.90694444444444,0.451624051973151,0.544936384657993,0.0635830334096213,16.7291687518329
5.90704365079365,0.451587693060216,0.544898717431051,0.0635526239679264,16.7294314965137
5.90714285714286,0.451551337444641,0.544861050727871,0.0635222290944182,16.7296942176169
5.90724206349206,0.451514985125959,0.544823384549559,0.0634918487821899,16.7299569151456
5.90734126984127,0.451478636103702,0.544785718897225,0.0634614830243374,16.7302195891032
5.90744047619048,0.451442290377404,0.544748053771974,0.0634311318139587,16.7304822394928
5.90753968253968,0.451405947946598,0.544710389174913,0.0634007951441549,16.7307448663178
5.90763888888889,0.451369608810818,0.544672725107149,0.0633704730080293,16.7310074695813
5.90773809523809,0.451333272969596,0.544635061569787,0.0633401653986876,16.7312700492867
5.9078373015873,0.451296940422468,0.544597398563932,0.063309872309238,16.7315326054371
5.90793650793651,0.451260611168965,0.544559736090688,0.0632795937327914,16.7317951380359
5.90803571428571,0.451224285208623,0.54452207415116,0.0632493296624611,16.7320576470863
5.90813492063492,0.451187962540975,0.544484412746452,0.0632190800913627,16.7323201325914
5.90823412698413,0.451151643165556,0.544446751877666,0.063188845012615,16.7325825945547
5.90833333333333,0.451115327081899,0.544409091545906,0.0631586244193384,16.7328450329792
5.90843253968254,0.451079014289539,0.544371431752273,0.0631284183046564,16.7331074478683
5.90853174603175,0.451042704788011,0.544333772497869,0.0630982266616948,16.7333698392252
5.90863095238095,0.451006398576848,0.544296113783796,0.0630680494835819,16.7336322070531
5.90873015873016,0.450970095655586,0.544258455611154,0.0630378867634485,16.7338945513554
5.90882936507936,0.450933796023759,0.544220797981044,0.0630077384944281,16.7341568721351
5.90892857142857,0.450897499680903,0.544183140894565,0.0629776046696562,16.7344191693956
5.90902777777778,0.450861206626552,0.544145484352816,0.0629474852822715,16.7346814431402
5.90912698412698,0.450824916860241,0.544107828356898,0.0629173803254149,16.7349436933719
5.90922619047619,0.450788630381506,0.544070172907906,0.0628872897922295,16.7352059200942
5.9093253968254,0.450752347189883,0.544032518006941,0.0628572136758613,16.7354681233102
5.9094246031746,0.450716067284905,0.543994863655099,0.0628271519694586,16.7357303030231
5.90952380952381,0.45067979066611,0.543957209853476,0.0627971046661723,16.7359924592363
5.90962301587302,0.450643517333033,0.54391955660317,0.0627670717591556,16.7362545919529
5.90972222222222,0.450607247285209,0.543881903905277,0.0627370532415647,16.7365167011761
5.90982142857143,0.450570980522175,0.543844251760891,0.0627070491065579,16.7367787869092
5.90992063492063,0.450534717043467,0.543806600171108,0.062677059347296,16.7370408491555
5.91001984126984,0.450498456848621,0.543768949137022,0.0626470839569424,16.7373028879182
5.91011904761905,0.450462199937173,0.543731298659728,0.0626171229286631,16.7375649032004
5.91021825396825,0.450425946308659,0.543693648740318,0.0625871762556263,16.7378268950055
5.91031746031746,0.450389695962616,0.543655999379886,0.0625572439310032,16.7380888633367
5.91041666666667,0.450353448898581,0.543618350579525,0.0625273259479667,16.7383508081971
5.91051587301587,0.450317205116091,0.543580702340326,0.0624974222996933,16.7386127295901
5.91061507936508,0.450280964614682,0.543543054663381,0.0624675329793612,16.7388746275188
5.91071428571429,0.450244727393891,0.543505407549782,0.0624376579801512,16.7391365019865
5.91081349206349,0.450208493453256,0.543467761000618,0.0624077972952469,16.7393983529964
5.9109126984127,0.450172262792313,0.543430115016981,0.0623779509178342,16.7396601805517
5.9110119047619,0.4501360354106,0.543392469599959,0.0623481188411014,16.7399219846557
5.91111111111111,0.450099811307654,0.543354824750642,0.0623183010582394,16.7401837653116
5.91121031746032,0.450063590483014,0.543317180470118,0.0622884975624419,16.7404455225225
5.91130952380952,0.450027372936216,0.543279536759477,0.0622587083469048,16.7407072562918
5.91140873015873,0.449991158666798,0.543241893619805,0.0622289334048264,16.7409689666227
5.91150793650794,0.449954947674299,0.54320425105219,0.0621991727294078,16.7412306535183
5.91160714285714,0.449918739958256,0.543166609057718,0.0621694263138524,16.7414923169819
5.91170634920635,0.449882535518207,0.543128967637477,0.0621396941513661,16.7417539570168
5.91180555555556,0.449846334353691,0.543091326792551,0.0621099762351575,16.742015573626
5.91190476190476,0.449810136464246,0.543053686524026,0.0620802725584373,16.742277166813
5.91200396825397,0.449773941849411,0.543016046832987,0.0620505831144194,16.7425387365807
5.91210317460317,0.449737750508724,0.542978407720518,0.0620209078963196,16.7428002829326
5.91220238095238,0.449701562441723,0.542940769187704,0.0619912468973564,16.7430618058718
5.91230158730159,0.449665377647948,0.542903131235627,0.0619616001107507,16.7433233054015
5.91240079365079,0.449629196126938,0.542865493865371,0.0619319675297261,16.7435847815249
5.9125,0.449593017878232,0.542827857078018,0.0619023491475085,16.7438462342453
5.91259920634921,0.449556842901368,0.542790220874649,0.0618727449573263,16.7441076635659
5.91269841269841,0.449520671195886,0.542752585256347,0.0618431549524108,16.7443690694898
5.91279761904762,0.449484502761326,0.542714950224192,0.0618135791259955,16.7446304520203
5.91289682539683,0.449448337597227,0.542677315779265,0.0617840174713162,16.7448918111607
5.91299603174603,0.449412175703128,0.542639681922647,0.0617544699816116,16.745153146914
5.91309523809524,0.44937601707857,0.542602048655415,0.0617249366501226,16.7454144592836
5.91319444444444,0.449339861723092,0.542564415978651,0.0616954174700929,16.7456757482725
5.91329365079365,0.449303709636235,0.542526783893431,0.0616659124347683,16.7459370138842
5.91339285714286,0.449267560817537,0.542489152400834,0.0616364215373974,16.7461982561216
5.91349206349206,0.44923141526654,0.542451521501939,0.0616069447712314,16.7464594749882
5.91359126984127,0.449195272982784,0.542413891197821,0.0615774821295238,16.7467206704869
5.91369047619048,0.449159133965809,0.542376261489558,0.0615480336055306,16.7469818426212
5.91378968253968,0.449122998215156,0.542338632378226,0.0615185991925104,16.7472429913941
5.91388888888889,0.449086865730366,0.5423010038649,0.0614891788837242,16.7475041168089
5.91398809523809,0.449050736510978,0.542263375950656,0.0614597726724357,16.7477652188688
5.9140873015873,0.449014610556535,0.542225748636569,0.0614303805519105,16.748026297577
5.91418650793651,0.448978487866577,0.542188121923712,0.0614010025154179,16.7482873529366
5.91428571428571,0.448942368440646,0.54215049581316,0.0613716385562286,16.7485483849509
5.91438492063492,0.448906252278282,0.542112870305985,0.0613422886676161,16.7488093936231
5.91448412698413,0.448870139379026,0.542075245403261,0.0613129528428567,16.7490703789564
5.91458333333333,0.448834029742421,0.54203762110606,0.0612836310752289,16.749331340954
5.91468253968254,0.448797923368009,0.541999997415454,0.0612543233580137,16.7495922796191
5.91478174603175,0.448761820255329,0.541962374332513,0.0612250296844949,16.7498531949548
5.91488095238095,0.448725720403925,0.541924751858309,0.0611957500479582,16.7501140869644
5.91498015873016,0.448689623813339,0.541887129993913,0.0611664844416928,16.7503749556511
5.91507936507937,0.448653530483112,0.541849508740394,0.0611372328589895,16.7506358010181
5.91517857142857,0.448617440412787,0.541811888098822,0.0611079952931419,16.7508966230685
5.91527777777778,0.448581353601906,0.541774268070265,0.0610787717374461,16.7511574218056
5.91537698412698,0.448545270050011,0.541736648655793,0.0610495621852009,16.7514181972325
5.91547619047619,0.448509189756644,0.541699029856472,0.0610203666297073,16.7516789493524
5.9155753968254,0.448473112721349,0.541661411673371,0.0609911850642687,16.7519396781686
5.9156746031746,0.448437038943669,0.541623794107556,0.0609620174821917,16.7522003836843
5.91577380952381,0.448400968423145,0.541586177160095,0.0609328638767848,16.7524610659025
5.91587301587302,0.448364901159322,0.541548560832052,0.0609037242413591,16.7527217248265
5.91597222222222,0.448328837151741,0.541510945124495,0.0608745985692282,16.7529823604596
5.91607142857143,0.448292776399947,0.541473330038487,0.0608454868537083,16.7532429728048
5.91617063492063,0.448256718903482,0.541435715575093,0.0608163890881181,16.7535035618654
5.91626984126984,0.448220664661891,0.541398101735378,0.0607873052657787,16.7537641276445
5.91636904761905,0.448184613674715,0.541360488520405,0.0607582353800136,16.7540246701454
5.91646825396825,0.448148565941501,0.541322875931237,0.0607291794241494,16.7542851893712
5.91656746031746,0.44811252146179,0.541285263968938,0.0607001373915145,16.7545456853251
5.91666666666667,0.448076480235127,0.541247652634568,0.0606711092754402,16.7548061580103
5.91676587301587,0.448040442261056,0.541210041929191,0.0606420950692601,16.7550666074299
5.91686507936508,0.448004407539121,0.541172431853866,0.0606130947663104,16.7553270335873
5.91696428571429,0.447968376068866,0.541134822409656,0.0605841083599299,16.7555874364854
5.91706349206349,0.447932347849836,0.541097213597619,0.0605551358434594,16.7558478161276
5.9171626984127,0.447896322881575,0.541059605418816,0.0605261772102432,16.756108172517
5.91726190476191,0.447860301163628,0.541021997874307,0.0604972324536272,16.7563685056568
5.91736111111111,0.447824282695539,0.54098439096515,0.0604683015669602,16.7566288155501
5.91746031746032,0.447788267476854,0.540946784692403,0.0604393845435933,16.7568891022002
5.91755952380952,0.447752255507116,0.540909179057124,0.0604104813768803,16.7571493656101
5.91765873015873,0.447716246785872,0.540871574060371,0.0603815920601775,16.7574096057832
5.91775793650794,0.447680241312665,0.5408339697032,0.0603527165868435,16.7576698227225
5.91785714285714,0.447644239087043,0.540796365986668,0.0603238549502393,16.7579300164313
5.91795634920635,0.447608240108549,0.540758762911831,0.0602950071437292,16.7581901869126
5.91805555555556,0.44757224437673,0.540721160479744,0.0602661731606792,16.7584503341698
5.91815476190476,0.447536251891131,0.540683558691463,0.0602373529944579,16.7587104582059
5.91825396825397,0.447500262651298,0.540645957548041,0.0602085466384368,16.7589705590242
5.91835317460317,0.447464276656777,0.540608357050533,0.0601797540859894,16.7592306366277
5.91845238095238,0.447428293907113,0.540570757199992,0.0601509753304922,16.7594906910197
5.91855158730159,0.447392314401853,0.540533157997471,0.0601222103653236,16.7597507222034
5.91865079365079,0.447356338140543,0.540495559444023,0.0600934591838653,16.7600107301818
5.91875,0.447320365122729,0.5404579615407,0.060064721779501,16.7602707149583
5.91884920634921,0.447284395347958,0.540420364288553,0.0600359981456168,16.7605306765359
5.91894841269841,0.447248428815777,0.540382767688634,0.0600072882756016,16.7607906149177
5.91904761904762,0.447212465525731,0.540345171741993,0.0599785921628466,16.7610505301071
5.91914682539683,0.447176505477367,0.540307576449681,0.0599499098007457,16.7613104221071
5.91924603174603,0.447140548670234,0.540269981812746,0.0599212411826951,16.761570290921
5.91934523809524,0.447104595103876,0.540232387832239,0.0598925863020934,16.7618301365518
5.91944444444444,0.447068644777842,0.540194794509207,0.0598639451523424,16.7620899590027
5.91954365079365,0.44703269769168,0.5401572018447,0.0598353177268457,16.7623497582769
5.91964285714286,0.446996753844935,0.540119609839764,0.0598067040190095,16.7626095343776
5.91974206349206,0.446960813237156,0.540082018495448,0.0597781040222427,16.7628692873079
5.91984126984127,0.446924875867891,0.540044427812797,0.0597495177299566,16.763129017071
5.91994047619048,0.446888941736686,0.540006837792858,0.0597209451355651,16.76338872367
5.92003968253968,0.44685301084309,0.539969248436677,0.0596923862324842,16.7636484071081
5.92013888888889,0.446817083186651,0.5399316597453,0.0596638410141333,16.7639080673884
5.9202380952381,0.446781158766917,0.53989407171977,0.0596353094739333,16.7641677045142
5.9203373015873,0.446745237583436,0.539856484361133,0.0596067916053083,16.7644273184886
5.92043650793651,0.446709319635756,0.539818897670432,0.0595782874016845,16.7646869093146
5.92053571428571,0.446673404923425,0.539781311648711,0.0595497968564908,16.7649464769956
5.92063492063492,0.446637493445992,0.539743726297013,0.0595213199631586,16.7652060215345
5.92073412698413,0.446601585203006,0.539706141616379,0.0594928567151216,16.7654655429347
5.92083333333333,0.446565680194016,0.539668557607852,0.0594644071058161,16.7657250411992
5.92093253968254,0.446529778418569,0.539630974272474,0.0594359711286814,16.7659845163312
5.92103174603175,0.446493879876216,0.539593391611285,0.0594075487771586,16.7662439683338
5.92113095238095,0.446457984566505,0.539555809625326,0.0593791400446916,16.7665033972102
5.92123015873016,0.446422092488986,0.539518228315638,0.0593507449247268,16.7667628029636
5.92132936507937,0.446386203643207,0.539480647683258,0.059322363410713,16.767022185597
5.92142857142857,0.446350318028719,0.539443067729227,0.0592939954961017,16.7672815451137
5.92152777777778,0.44631443564507,0.539405488454583,0.0592656411743466,16.7675408815168
5.92162698412698,0.446278556491811,0.539367909860364,0.0592373004389044,16.7678001948094
5.92172619047619,0.446242680568491,0.539330331947608,0.0592089732832339,16.7680594849947
5.9218253968254,0.44620680787466,0.539292754717352,0.0591806597007965,16.7683187520758
5.9219246031746,0.446170938409868,0.539255178170633,0.0591523596850561,16.7685779960559
5.92202380952381,0.446135072173665,0.539217602308486,0.059124073229479,16.768837216938
5.92212301587302,0.446099209165602,0.539180027131948,0.0590958003275343,16.7690964147255
5.92222222222222,0.446063349385228,0.539142452642053,0.0590675409726934,16.7693555894213
5.92232142857143,0.446027492832094,0.539104878839836,0.0590392951584299,16.7696147410287
5.92242063492063,0.445991639505751,0.539067305726332,0.0590110628782208,16.7698738695508
5.92251984126984,0.44595578940575,0.539029733302574,0.0589828441255447,16.7701329749907
5.92261904761905,0.445919942531641,0.538992161569596,0.0589546388938831,16.7703920573515
5.92271825396825,0.445884098882975,0.53895459052843,0.05892644717672,16.7706511166365
5.92281746031746,0.445848258459303,0.538917020180109,0.0588982689675418,16.7709101528486
5.92291666666667,0.445812421260177,0.538879450525664,0.0588701042598374,16.7711691659912
5.92301587301587,0.445776587285147,0.538841881566127,0.0588419530470982,16.7714281560673
5.92311507936508,0.445740756533765,0.538804313302528,0.0588138153228185,16.77168712308
5.92321428571429,0.445704929005583,0.538766745735899,0.0587856910804945,16.7719460670325
5.92331349206349,0.445669104700152,0.538729178867268,0.0587575803136252,16.7722049879279
5.9234126984127,0.445633283617023,0.538691612697666,0.0587294830157122,16.7724638857693
5.9235119047619,0.44559746575575,0.538654047228121,0.0587013991802594,16.77272276056
5.92361111111111,0.445561651115883,0.538616482459662,0.0586733288007733,16.7729816123029
5.92371031746032,0.445525839696974,0.538578918393317,0.0586452718707628,16.7732404410013
5.92380952380952,0.445490031498577,0.538541355030112,0.0586172283837393,16.7734992466583
5.92390873015873,0.445454226520242,0.538503792371076,0.0585891983332172,16.773758029277
5.92400793650794,0.445418424761524,0.538466230417234,0.0585611817127128,16.7740167888605
5.92410714285714,0.445382626221973,0.538428669169613,0.058533178515745,16.774275525412
5.92420634920635,0.445346830901144,0.538391108629238,0.0585051887358355,16.7745342389346
5.92430555555556,0.445311038798587,0.538353548797135,0.0584772123665082,16.7747929294314
5.92440476190476,0.445275249913858,0.538315989674328,0.0584492494012896,16.7750515969055
5.92450396825397,0.445239464246507,0.53827843126184,0.0584212998337086,16.7753102413601
5.92460317460317,0.445203681796089,0.538240873560696,0.0583933636572971,16.7755688627983
5.92470238095238,0.445167902562157,0.538203316571919,0.0583654408655889,16.7758274612232
5.92480158730159,0.445132126544264,0.538165760296532,0.0583375314521206,16.776086036638
5.92490079365079,0.445096353741964,0.538128204735556,0.0583096354104312,16.7763445890457
5.925,0.445060584154809,0.538090649890014,0.0582817527340623,16.7766031184495
5.92509920634921,0.445024817782355,0.538053095760926,0.0582538834165579,16.7768616248526
5.92519841269841,0.444989054624154,0.538015542349313,0.0582260274514646,16.7771201082579
5.92529761904762,0.44495329467976,0.537977989656195,0.0581981848323312,16.7773785686687
5.92539682539683,0.444917537948728,0.537940437682593,0.0581703555527097,16.7776370060881
5.92549603174603,0.444881784430612,0.537902886429526,0.058142539606154,16.7778954205191
5.92559523809524,0.444846034124966,0.537865335898012,0.0581147369862206,16.7781538119649
5.92569444444444,0.444810287031344,0.53782778608907,0.0580869476864687,16.7784121804287
5.92579365079365,0.444774543149301,0.537790237003717,0.0580591717004598,16.7786705259135
5.92589285714286,0.444738802478391,0.537752688642972,0.058031409021758,16.7789288484224
5.92599206349206,0.44470306501817,0.537715141007849,0.0580036596439296,16.7791871479587
5.92609126984127,0.444667330768191,0.537677594099367,0.0579759235605443,16.7794454245253
5.92619047619048,0.44463159972801,0.537640047918542,0.0579482007651733,16.7797036781253
5.92628968253968,0.444595871897183,0.537602502466388,0.0579204912513908,16.779961908762
5.92638888888889,0.444560147275263,0.53756495774392,0.0578927950127734,16.7802201164384
5.92648809523809,0.444524425861807,0.537527413752153,0.0578651120429003,16.7804783011576
5.9265873015873,0.44448870765637,0.537489870492101,0.0578374423353529,16.7807364629228
5.92668650793651,0.444452992658507,0.537452327964778,0.0578097858837155,16.780994601737
5.92678571428571,0.444417280867775,0.537414786171195,0.0577821426815745,16.7812527176033
5.92688492063492,0.444381572283728,0.537377245112367,0.0577545127225194,16.781510810525
5.92698412698413,0.444345866905923,0.537339704789305,0.0577268960001417,16.7817688805049
5.92708333333333,0.444310164733915,0.537302165203021,0.0576992925080354,16.7820269275464
5.92718253968254,0.444274465767261,0.537264626354525,0.0576717022397972,16.7822849516524
5.92728174603175,0.444238770005518,0.537227088244829,0.0576441251890264,16.7825429528261
5.92738095238095,0.44420307744824,0.537189550874942,0.0576165613493244,16.7828009310706
5.92748015873016,0.444167388094986,0.537152014245874,0.0575890107142954,16.7830588863891
5.92757936507937,0.44413170194531,0.537114478358634,0.0575614732775462,16.7833168187844
5.92767857142857,0.444096018998771,0.537076943214231,0.057533949032686,16.7835747282599
5.92777777777778,0.444060339254925,0.537039408813674,0.0575064379733264,16.7838326148186
5.92787698412698,0.444024662713328,0.537001875157969,0.0574789400930815,16.7840904784636
5.92797619047619,0.443988989373538,0.536964342248124,0.0574514553855681,16.784348319198
5.9280753968254,0.443953319235112,0.536926810085146,0.0574239838444053,16.7846061370249
5.9281746031746,0.443917652297607,0.536889278670041,0.0573965254632147,16.7848639319474
5.92827380952381,0.443881988560581,0.536851748003815,0.0573690802356205,16.7851217039685
5.92837301587302,0.443846328023591,0.536814218087473,0.0573416481552497,16.7853794530915
5.92847222222222,0.443810670686194,0.53677668892202,0.0573142292157312,16.7856371793194
5.92857142857143,0.443775016547949,0.536739160508461,0.0572868234106969,16.7858948826552
5.92867063492063,0.443739365608412,0.536701632847799,0.0572594307337808,16.7861525631021
5.92876984126984,0.443703717867143,0.536664105941037,0.0572320511786198,16.7864102206632
5.92886904761905,0.443668073323699,0.536626579789179,0.057204684738853,16.7866678553415
5.92896825396825,0.443632431977638,0.536589054393226,0.057177331408122,16.7869254671402
5.92906746031746,0.44359679382852,0.536551529754182,0.0571499911800713,16.7871830560623
5.92916666666667,0.443561158875901,0.536514005873047,0.0571226640483476,16.787440622111
5.92926587301587,0.44352552711934,0.536476482750822,0.0570953500066,16.7876981652893
5.92936507936508,0.443489898558397,0.536438960388507,0.0570680490484803,16.7879556856003
5.92946428571429,0.44345427319263,0.536401438787104,0.0570407611676427,16.7882131830472
5.92956349206349,0.443418651021598,0.536363917947611,0.057013486357744,16.7884706576329
5.9296626984127,0.443383032044859,0.536326397871027,0.0569862246124434,16.7887281093606
5.92976190476191,0.443347416261973,0.53628887855835,0.0569589759254025,16.7889855382334
5.92986111111111,0.4433118036725,0.53625136001058,0.056931740290286,16.7892429442543
5.92996031746032,0.443276194275998,0.536213842228713,0.0569045177007604,16.7895003274264
5.93005952380952,0.443240588072027,0.536176325213747,0.0568773081504949,16.7897576877529
5.93015873015873,0.443204985060146,0.536138808966678,0.0568501116331615,16.7900150252368
5.93025793650794,0.443169385239915,0.536101293488503,0.0568229281424342,16.7902723398812
5.93035714285714,0.443133788610895,0.536063778780216,0.05679575767199,16.7905296316892
5.93045634920635,0.443098195172644,0.536026264842814,0.0567686002155079,16.7907869006638
5.93055555555556,0.443062604924723,0.535988751677291,0.0567414557666701,16.7910441468081
5.93065476190476,0.443027017866692,0.535951239284641,0.0567143243191606,16.7913013701253
5.93075396825397,0.442991433998111,0.535913727665857,0.0566872058666664,16.7915585706183
5.93085317460317,0.442955853318541,0.535876216821934,0.0566601004028766,16.7918157482903
5.93095238095238,0.442920275827542,0.535838706753864,0.0566330079214832,16.7920729031444
5.93105158730159,0.442884701524674,0.535801197462639,0.0566059284161804,16.7923300351836
5.93115079365079,0.442849130409499,0.535763688949251,0.056578861880665,16.792587144411
5.93125,0.442813562481577,0.535726181214691,0.0565518083086362,16.7928442308296
5.93134920634921,0.44277799774047,0.535688674259951,0.0565247676937961,16.7931012944427
5.93144841269841,0.442742436185737,0.53565116808602,0.056497740029849,16.7933583352531
5.93154761904762,0.442706877816942,0.535613662693888,0.0564707253105016,16.7936153532641
5.93164682539683,0.442671322633643,0.535576158084546,0.0564437235294633,16.7938723484786
5.93174603174603,0.442635770635404,0.535538654258981,0.0564167346804459,16.7941293208997
5.93184523809524,0.442600221821785,0.535501151218182,0.0563897587571638,16.7943862705306
5.93194444444444,0.442564676192349,0.535463648963137,0.0563627957533337,16.7946431973743
5.93204365079365,0.442529133746656,0.535426147494834,0.0563358456626752,16.7949001014338
5.93214285714286,0.44249359448427,0.535388646814259,0.0563089084789101,16.7951569827122
5.93224206349206,0.442458058404751,0.5353511469224,0.0562819841957627,16.7954138412126
5.93234126984127,0.442422525507662,0.535313647820241,0.0562550728069598,16.7956706769381
5.93244047619048,0.442386995792566,0.53527614950877,0.0562281743062309,16.7959274898917
5.93253968253968,0.442351469259023,0.53523865198897,0.0562012886873079,16.7961842800766
5.93263888888889,0.442315945906598,0.535201155261826,0.0561744159439251,16.7964410474956
5.9327380952381,0.442280425734852,0.535163659328322,0.0561475560698192,16.796697792152
5.9328373015873,0.442244908743348,0.535126164189443,0.0561207090587299,16.7969545140488
5.93293650793651,0.442209394931649,0.53508866984617,0.0560938749043991,16.797211213189
5.93303571428571,0.442173884299318,0.535051176299487,0.056067053600571,16.7974678895757
5.93313492063492,0.442138376845918,0.535013683550377,0.0560402451409927,16.797724543212
5.93323412698413,0.442102872571012,0.534976191599819,0.0560134495194134,16.7979811741009
5.93333333333333,0.442067371474163,0.534938700448797,0.0559866667295851,16.7982377822455
5.93343253968254,0.442031873554934,0.53490121009829,0.0559598967652622,16.7984943676489
5.93353174603175,0.44199637881289,0.534863720549279,0.0559331396202017,16.7987509303141
5.93363095238095,0.441960887247593,0.534826231802743,0.055906395288163,16.7990074702442
5.93373015873016,0.441925398858607,0.534788743859662,0.055879663762908,16.7992639874421
5.93382936507937,0.441889913645497,0.534751256721015,0.0558529450382012,16.7995204819111
5.93392857142857,0.441854431607826,0.534713770387779,0.0558262391078095,16.7997769536541
5.93402777777778,0.441818952745157,0.534676284860934,0.0557995459655022,16.8000334026742
5.93412698412698,0.441783477057057,0.534638800141455,0.0557728656050515,16.8002898289744
5.93422619047619,0.441748004543087,0.53460131623032,0.0557461980202315,16.8005462325578
5.9343253968254,0.441712535202814,0.534563833128505,0.0557195432048195,16.8008026134275
5.9344246031746,0.441677069035801,0.534526350836987,0.0556929011525949,16.8010589715865
5.93452380952381,0.441641606041614,0.53448886935674,0.0556662718573396,16.8013153070378
5.93462301587302,0.441606146219816,0.53445138868874,0.0556396553128381,16.8015716197846
5.93472222222222,0.441570689569973,0.534413908833961,0.0556130515128773,16.8018279098298
5.93482142857143,0.44153523609165,0.534376429793376,0.0555864604512468,16.8020841771765
5.93492063492064,0.441499785784411,0.53433895156796,0.0555598821217383,16.8023404218278
5.93501984126984,0.441464338647823,0.534301474158686,0.0555333165181467,16.8025966437866
5.93511904761905,0.44142889468145,0.534263997566525,0.0555067636342687,16.8028528430561
5.93521825396825,0.441393453884858,0.534226521792451,0.0554802234639039,16.8031090196394
5.93531746031746,0.441358016257612,0.534189046837434,0.0554536960008544,16.8033651735393
5.93541666666667,0.441322581799278,0.534151572702446,0.0554271812389245,16.803621304759
5.93551587301587,0.441287150509421,0.534114099388457,0.0554006791719212,16.8038774133016
5.93561507936508,0.441251722387609,0.534076626896437,0.0553741897936542,16.80413349917
5.93571428571429,0.441216297433406,0.534039155227356,0.0553477130979353,16.8043895623673
5.93581349206349,0.441180875646379,0.534001684382183,0.0553212490785793,16.8046456028966
5.9359126984127,0.441145457026094,0.533964214361887,0.055294797729403,16.8049016207609
5.93601190476191,0.441110041572117,0.533926745167437,0.055268359044226,16.8051576159632
5.93611111111111,0.441074629284015,0.533889276799798,0.0552419330168704,16.8054135885066
5.93621031746032,0.441039220161355,0.53385180925994,0.0552155196411607,16.8056695383941
5.93630952380952,0.441003814203703,0.533814342548828,0.0551891189109238,16.8059254656288
5.93640873015873,0.440968411410625,0.533776876667429,0.0551627308199893,16.8061813702136
5.93650793650794,0.44093301178169,0.533739411616709,0.0551363553621894,16.8064372521517
5.93660714285714,0.440897615316464,0.533701947397633,0.0551099925313586,16.806693111446
5.93670634920635,0.440862222014513,0.533664484011166,0.055083642321334,16.8069489480997
5.93680555555556,0.440826831875407,0.533627021458272,0.055057304725955,16.8072047621156
5.93690476190476,0.440791444898711,0.533589559739914,0.0550309797390638,16.807460553497
5.93700396825397,0.440756061083993,0.533552098857057,0.055004667354505,16.8077163222467
5.93710317460317,0.440720680430821,0.533514638810663,0.0549783675661255,16.8079720683678
5.93720238095238,0.440685302938763,0.533477179601695,0.0549520803677749,16.8082277918634
5.93730158730159,0.440649928607386,0.533439721231114,0.0549258057533056,16.8084834927365
5.93740079365079,0.440614557436259,0.533402263699882,0.0548995437165719,16.8087391709902
5.9375,0.440579189424949,0.53336480700896,0.054873294251431,16.8089948266273
5.93759920634921,0.440543824573026,0.533327351159308,0.0548470573517425,16.8092504596511
5.93769841269841,0.440508462880056,0.533289896151887,0.0548208330113684,16.8095060700644
5.93779761904762,0.440473104345609,0.533252441987656,0.0547946212241734,16.8097616578704
5.93789682539683,0.440437748969252,0.533214988667573,0.0547684219840244,16.8100172230721
5.93799603174603,0.440402396750556,0.533177536192598,0.0547422352847915,16.8102727656724
5.93809523809524,0.440367047689088,0.533140084563688,0.0547160611203464,16.8105282856745
5.93819444444444,0.440331701784418,0.533102633781801,0.054689899484564,16.8107837830812
5.93829365079365,0.440296359036114,0.533065183847895,0.0546637503713212,16.8110392578958
5.93839285714286,0.440261019443745,0.533027734762925,0.0546376137744977,16.8112947101211
5.93849206349206,0.440225683006881,0.532990286527848,0.0546114896879757,16.8115501397602
5.93859126984127,0.440190349725091,0.53295283914362,0.0545853781056398,16.8118055468161
5.93869047619048,0.440155019597945,0.532915392611195,0.0545592790213769,16.8120609312919
5.93878968253968,0.440119692625012,0.532877946931529,0.0545331924290771,16.8123162931906
5.93888888888889,0.440084368805862,0.532840502105575,0.0545071183226325,16.8125716325151
5.93898809523809,0.440049048140065,0.532803058134288,0.0544810566959375,16.8128269492685
5.9390873015873,0.44001373062719,0.53276561501862,0.0544550075428894,16.8130822434538
5.93918650793651,0.439978416266808,0.532728172759525,0.0544289708573878,16.8133375150741
5.93928571428571,0.439943105058488,0.532690731357954,0.054402946633335,16.8135927641323
5.93938492063492,0.439907797001802,0.532653290814859,0.0543769348646354,16.8138479906315
5.93948412698413,0.439872492096319,0.532615851131192,0.0543509355451965,16.8141031945747
5.93958333333333,0.43983719034161,0.532578412307904,0.054324948668928,16.8143583759648
5.93968253968254,0.439801891737245,0.532540974345945,0.0542989742297419,16.814613534805
5.93978174603175,0.439766596282797,0.532503537246264,0.0542730122215529,16.8148686710982
5.93988095238095,0.439731303977834,0.532466101009811,0.0542470626382783,16.8151237848474
5.93998015873016,0.439696014821928,0.532428665637536,0.0542211254738378,16.8153788760556
5.94007936507936,0.439660728814651,0.532391231130386,0.0541952007221535,16.8156339447259
5.94017857142857,0.439625445955572,0.532353797489309,0.05416928837715,16.8158889908613
5.94027777777778,0.439590166244265,0.532316364715253,0.0541433884327549,16.8161440144647
5.94037698412698,0.4395548896803,0.532278932809165,0.0541175008828977,16.8163990155392
5.94047619047619,0.439519616263248,0.532241501771991,0.0540916257215106,16.8166539940878
5.9405753968254,0.439484345992682,0.532204071604677,0.0540657629425285,16.8169089501135
5.9406746031746,0.439449078868173,0.532166642308169,0.0540399125398884,16.8171638836192
5.94077380952381,0.439413814889293,0.532129213883413,0.0540140745075301,16.8174187946081
5.94087301587302,0.439378554055614,0.532091786331351,0.0539882488393958,16.8176736830831
5.94097222222222,0.439343296366708,0.532054359652929,0.0539624355294305,16.8179285490471
5.94107142857143,0.439308041822147,0.53201693384909,0.0539366345715813,16.8181833925033
5.94117063492063,0.439272790421504,0.531979508920777,0.0539108459597979,16.8184382134546
5.94126984126984,0.439237542164352,0.531942084868933,0.0538850696880326,16.818693011904
5.94136904761905,0.439202297050262,0.5319046616945,0.0538593057502401,16.8189477878546
5.94146825396825,0.439167055078807,0.53186723939842,0.0538335541403778,16.8192025413092
5.94156746031746,0.439131816249561,0.531829817981634,0.0538078148524054,16.8194572722709
5.94166666666667,0.439096580562096,0.531792397445082,0.0537820878802851,16.8197119807428
5.94176587301587,0.439061348015985,0.531754977789705,0.0537563732179818,16.8199666667278
5.94186507936508,0.439026118610801,0.531717559016442,0.0537306708594628,16.8202213302289
5.94196428571429,0.438990892346118,0.531680141126234,0.0537049807986978,16.820475971249
5.94206349206349,0.43895566922151,0.531642724120017,0.0536793030296592,16.8207305897913
5.9421626984127,0.438920449236548,0.531605307998732,0.0536536375463217,16.8209851858587
5.9422619047619,0.438885232390808,0.531567892763315,0.0536279843426627,16.8212397594541
5.94236111111111,0.438850018683862,0.531530478414704,0.0536023434126617,16.8214943105806
5.94246031746032,0.438814808115286,0.531493064953836,0.0535767147503014,16.8217488392412
5.94255952380952,0.438779600684652,0.531455652381647,0.0535510983495666,16.8220033454389
5.94265873015873,0.438744396391534,0.531418240699074,0.0535254942044444,16.8222578291766
5.94275793650794,0.438709195235508,0.531380829907051,0.0534999023089247,16.8225122904574
5.94285714285714,0.438673997216147,0.531343420006513,0.0534743226569999,16.8227667292842
5.94295634920635,0.438638802333025,0.531306010998395,0.0534487552426647,16.82302114566
5.94305555555556,0.438603610585718,0.531268602883631,0.0534232000599166,16.8232755395878
5.94315476190476,0.438568421973799,0.531231195663154,0.0533976571027552,16.8235299110706
5.94325396825397,0.438533236496845,0.531193789337897,0.0533721263651832,16.8237842601114
5.94335317460317,0.438498054154428,0.531156383908793,0.0533466078412052,16.8240385867132
5.94345238095238,0.438462874946125,0.531118979376774,0.0533211015248286,16.8242928908789
5.94355158730159,0.438427698871511,0.531081575742771,0.0532956074100633,16.8245471726116
5.94365079365079,0.438392525930161,0.531044173007716,0.0532701254909217,16.8248014319141
5.94375,0.438357356121649,0.531006771172539,0.0532446557614186,16.8250556687896
5.94384920634921,0.438322189445553,0.530969370238169,0.0532191982155711,16.825309883241
5.94394841269841,0.438287025901446,0.530931970205537,0.0531937528473996,16.8255640752712
5.94404761904762,0.438251865488906,0.530894571075573,0.0531683196509263,16.8258182448833
5.94414682539683,0.438216708207507,0.530857172849203,0.0531428986201759,16.8260723920803
5.94424603174603,0.438181554056826,0.530819775527357,0.053117489749176,16.826326516865
5.94434523809524,0.438146403036438,0.530782379110963,0.0530920930319564,16.8265806192405
5.94444444444444,0.43811125514592,0.530744983600947,0.0530667084625495,16.8268346992098
5.94454365079365,0.438076110384849,0.530707588998237,0.0530413360349902,16.8270887567758
5.94464285714286,0.438040968752799,0.530670195303757,0.0530159757433158,16.8273427919415
5.94474206349206,0.438005830249349,0.530632802518436,0.0529906275815665,16.82759680471
5.94484126984127,0.437970694874074,0.530595410643196,0.0529652915437845,16.827850795084
5.94494047619048,0.437935562626552,0.530558019678964,0.0529399676240148,16.8281047630668
5.94503968253968,0.437900433506358,0.530520629626664,0.0529146558163047,16.8283587086611
5.94513888888889,0.437865307513071,0.530483240487219,0.0528893561147043,16.8286126318701
5.94523809523809,0.437830184646267,0.530445852261553,0.052864068513266,16.8288665326966
5.9453373015873,0.437795064905523,0.530408464950589,0.0528387930060445,16.8291204111436
5.94543650793651,0.437759948290416,0.530371078555249,0.0528135295870975,16.8293742672141
5.94553571428571,0.437724834800525,0.530333693076454,0.0527882782504851,16.8296281009111
5.94563492063492,0.437689724435426,0.530296308515127,0.0527630389902693,16.8298819122376
5.94573412698413,0.437654617194698,0.530258924872189,0.0527378118005155,16.8301357011964
5.94583333333333,0.437619513077918,0.530221542148559,0.0527125966752908,16.8303894677906
5.94593253968254,0.437584412084663,0.530184160345158,0.0526873936086653,16.8306432120232
5.94603174603175,0.437549314214512,0.530146779462906,0.0526622025947116,16.8308969338971
5.94613095238095,0.437514219467043,0.53010939950272,0.0526370236275043,16.8311506334152
5.94623015873016,0.437479127841835,0.53007202046552,0.0526118567011213,16.8314043105806
5.94632936507937,0.437444039338465,0.530034642352225,0.0525867018096424,16.8316579653962
5.94642857142857,0.437408953956512,0.52999726516375,0.0525615589471502,16.8319115978649
5.94652777777778,0.437373871695554,0.529959888901014,0.0525364281077295,16.8321652079898
5.94662698412698,0.437338792555171,0.529922513564933,0.0525113092854679,16.8324187957737
5.94672619047619,0.43730371653494,0.529885139156424,0.0524862024744553,16.8326723612197
5.9468253968254,0.437268643634442,0.529847765676401,0.0524611076687842,16.8329259043307
5.9469246031746,0.437233573853255,0.52981039312578,0.0524360248625499,16.8331794251097
5.94702380952381,0.437198507190957,0.529773021505476,0.0524109540498497,16.8334329235596
5.94712301587302,0.437163443647129,0.529735650816403,0.0523858952247835,16.8336863996834
5.94722222222222,0.43712838322135,0.529698281059474,0.052360848381454,16.833939853484
5.94732142857143,0.437093325913199,0.529660912235603,0.0523358135139662,16.8341932849644
5.94742063492063,0.437058271722256,0.529623544345703,0.0523107906164276,16.8344466941276
5.94751984126984,0.437023220648101,0.529586177390685,0.0522857796829482,16.8347000809765
5.94761904761905,0.436988172690312,0.529548811371462,0.0522607807076404,16.8349534455141
5.94771825396825,0.436953127848472,0.529511446288944,0.0522357936846195,16.8352067877432
5.94781746031746,0.436918086122158,0.529474082144044,0.0522108186080031,16.835460107667
5.94791666666667,0.436883047510953,0.52943671893767,0.052185855471911,16.8357134052882
5.94801587301587,0.436848012014435,0.529399356670734,0.0521609042704659,16.8359666806099
5.94811507936508,0.436812979632185,0.529361995344143,0.0521359649977927,16.8362199336351
5.94821428571429,0.436777950363784,0.529324634958808,0.0521110376480192,16.8364731643666
5.94831349206349,0.436742924208813,0.529287275515636,0.0520861222152751,16.8367263728074
5.9484126984127,0.436707901166852,0.529249917015535,0.0520612186936935,16.8369795589605
5.94851190476191,0.436672881237482,0.529212559459414,0.0520363270774091,16.8372327228289
5.94861111111111,0.436637864420284,0.529175202848178,0.0520114473605596,16.8374858644153
5.94871031746032,0.43660285071484,0.529137847182735,0.0519865795372851,16.8377389837229
5.94880952380952,0.436567840120729,0.52910049246399,0.0519617236017282,16.8379920807546
5.94890873015873,0.436532832637535,0.529063138692848,0.0519368795480338,16.8382451555132
5.94900793650794,0.436497828264838,0.529025785870216,0.0519120473703498,16.8384982080018
5.94910714285714,0.436462827002219,0.528988433996997,0.0518872270628259,16.8387512382233
5.94920634920635,0.436427828849261,0.528951083074095,0.0518624186196152,16.8390042461806
5.94930555555556,0.436392833805545,0.528913733102415,0.0518376220348724,16.8392572318767
5.94940476190476,0.436357841870653,0.528876384082858,0.0518128373027554,16.8395101953145
5.94950396825397,0.436322853044168,0.528839036016328,0.0517880644174242,16.8397631364969
5.94960317460317,0.43628786732567,0.528801688903728,0.0517633033730415,16.8400160554269
5.94970238095238,0.436252884714744,0.528764342745957,0.0517385541637723,16.8402689521075
5.94980158730159,0.43621790521097,0.528726997543918,0.0517138167837841,16.8405218265415
5.94990079365079,0.436182928813932,0.528689653298512,0.0516890912272474,16.840774678732
5.95,0.436147955523211,0.528652310010639,0.0516643774883346,16.8410275086817
5.95009920634921,0.436112985338392,0.528614967681198,0.051639675561221,16.8412803163938
5.95019841269841,0.436078018259056,0.528577626311088,0.0516149854400842,16.8415331018711
5.95029761904762,0.436043054284786,0.528540285901209,0.0515903071191043,16.8417858651165
5.95039682539683,0.436008093415166,0.528502946452458,0.0515656405924639,16.842038606133
5.95049603174603,0.435973135649779,0.528465607965734,0.0515409858543483,16.8422913249235
5.95059523809524,0.435938180988208,0.528428270441933,0.051516342898945,16.8425440214909
5.95069444444444,0.435903229430036,0.528390933881953,0.0514917117204443,16.8427966958382
5.95079365079365,0.435868280974847,0.52835359828669,0.051467092313039,16.8430493479684
5.95089285714286,0.435833335622225,0.52831626365704,0.0514424846709241,16.8433019778842
5.95099206349206,0.435798393371753,0.528278929993898,0.0514178887882974,16.8435545855888
5.95109126984127,0.435763454223016,0.528241597298159,0.0513933046593589,16.8438071710849
5.95119047619048,0.435728518175597,0.528204265570717,0.0513687322783115,16.8440597343755
5.95128968253968,0.435693585229079,0.528166934812467,0.0513441716393601,16.8443122754636
5.95138888888889,0.435658655383049,0.528129605024302,0.0513196227367128,16.8445647943521
5.9514880952381,0.435623728637089,0.528092276207115,0.0512950855645796,16.8448172910439
5.9515873015873,0.435588804990785,0.528054948361798,0.0512705601171732,16.8450697655419
5.95168650793651,0.43555388444372,0.528017621489243,0.0512460463887089,16.8453222178491
5.95178571428571,0.43551896699548,0.527980295590343,0.0512215443734043,16.8455746479683
5.95188492063492,0.43548405264565,0.527942970665987,0.0511970540654797,16.8458270559025
5.95198412698413,0.435449141393813,0.527905646717067,0.0511725754591579,16.8460794416546
5.95208333333333,0.435414233239556,0.527868323744472,0.0511481085486638,16.8463318052276
5.95218253968254,0.435379328182463,0.527831001749093,0.0511236533282256,16.8465841466244
5.95228174603175,0.43534442622212,0.527793680731818,0.0510992097920733,16.8468364658478
5.95238095238095,0.435309527358112,0.527756360693536,0.0510747779344397,16.8470887629008
5.95248015873016,0.435274631590024,0.527719041635135,0.0510503577495601,16.8473410377863
5.95257936507937,0.435239738917442,0.527681723557503,0.0510259492316721,16.8475932905073
5.95267857142857,0.435204849339953,0.527644406461527,0.051001552375016,16.8478455210666
5.95277777777778,0.43516996285714,0.527607090348093,0.0509771671738345,16.8480977294672
5.95287698412698,0.435135079468591,0.527569775218089,0.0509527936223731,16.8483499157119
5.95297619047619,0.435100199173892,0.527532461072399,0.0509284317148795,16.8486020798038
5.9530753968254,0.435065321972629,0.527495147911909,0.0509040814456039,16.8488542217456
5.9531746031746,0.435030447864388,0.527457835737504,0.0508797428087991,16.8491063415404
5.95327380952381,0.434995576848755,0.527420524550068,0.0508554157987204,16.849358439191
5.95337301587302,0.434960708925317,0.527383214350484,0.0508311004096255,16.8496105147004
5.95347222222222,0.434925844093661,0.527345905139637,0.0508067966357748,16.8498625680714
5.95357142857143,0.434890982353373,0.527308596918409,0.050782504471431,16.850114599307
5.95367063492063,0.43485612370404,0.527271289687682,0.0507582239108595,16.8503666084101
5.95376984126984,0.43482126814525,0.527233983448339,0.0507339549483282,16.8506185953835
5.95386904761905,0.434786415676589,0.52719667820126,0.0507096975781072,16.8508705602302
5.95396825396825,0.434751566297644,0.527159373947327,0.0506854517944694,16.8511225029532
5.95406746031746,0.434716720008004,0.527122070687419,0.0506612175916901,16.8513744235552
5.95416666666667,0.434681876807254,0.527084768422418,0.0506369949640472,16.8516263220393
5.95426587301587,0.434647036694983,0.527047467153202,0.0506127839058208,16.8518781984083
5.95436507936508,0.434612199670779,0.527010166880651,0.0505885844112941,16.852130052665
5.95446428571429,0.434577365734229,0.526972867605643,0.0505643964747522,16.8523818848126
5.95456349206349,0.434542534884922,0.526935569329056,0.050540220090483,16.8526336948537
5.9546626984127,0.434507707122444,0.526898272051767,0.0505160552527769,16.8528854827914
5.9547619047619,0.434472882446385,0.526860975774654,0.0504919019559266,16.8531372486285
5.95486111111111,0.434438060856332,0.526823680498594,0.0504677601942275,16.8533889923679
5.95496031746032,0.434403242351875,0.526786386224461,0.0504436299619776,16.8536407140126
5.95505952380952,0.4343684269326,0.526749092953132,0.050419511253477,16.8538924135654
5.95515873015873,0.434333614598098,0.526711800685483,0.0503954040630288,16.8541440910292
5.95525793650794,0.434298805347957,0.526674509422387,0.0503713083849383,16.8543957464069
5.95535714285714,0.434263999181765,0.52663721916472,0.0503472242135135,16.8546473797015
5.95545634920635,0.434229196099111,0.526599929913354,0.0503231515430645,16.8548989909158
5.95555555555556,0.434194396099585,0.526562641669162,0.0502990903679044,16.8551505800527
5.95565476190476,0.434159599182776,0.526525354433019,0.0502750406823486,16.8554021471151
5.95575396825397,0.434124805348272,0.526488068205794,0.0502510024807147,16.8556536921059
5.95585317460317,0.434090014595664,0.526450782988362,0.0502269757573234,16.855905215028
5.95595238095238,0.434055226924541,0.526413498781592,0.0502029605064977,16.8561567158843
5.95605158730159,0.434020442334492,0.526376215586356,0.0501789567225627,16.8564081946776
5.95615079365079,0.433985660825108,0.526338933403524,0.0501549643998465,16.856659651411
5.95625,0.433950882395978,0.526301652233966,0.0501309835326794,16.8569110860872
5.95634920634921,0.433916107046691,0.526264372078551,0.0501070141153944,16.8571624987091
5.95644841269841,0.433881334776839,0.526227092938148,0.0500830561423269,16.8574138892797
5.95654761904762,0.433846565586012,0.526189814813625,0.0500591096078147,16.8576652578018
5.95664682539683,0.433811799473799,0.526152537705851,0.0500351745061985,16.8579166042783
5.95674603174603,0.433777036439791,0.526115261615692,0.0500112508318211,16.8581679287121
5.95684523809524,0.433742276483579,0.526077986544016,0.0499873385790279,16.8584192311062
5.95694444444444,0.433707519604753,0.52604071249169,0.0499634377421669,16.8586705114632
5.95704365079365,0.433672765802904,0.526003439459578,0.0499395483155885,16.8589217697863
5.95714285714286,0.433638015077624,0.525966167448547,0.0499156702936458,16.8591730060781
5.95724206349206,0.433603267428502,0.525928896459462,0.0498918036706939,16.8594242203417
5.95734126984127,0.43356852285513,0.525891626493186,0.0498679484410912,16.8596754125799
5.95744047619048,0.4335337813571,0.525854357550585,0.049844104599198,16.8599265827956
5.95753968253968,0.433499042934003,0.525817089632522,0.0498202721393772,16.8601777309917
5.95763888888889,0.43346430758543,0.52577982273986,0.0497964510559943,16.860428857171
5.95773809523809,0.433429575310973,0.525742556873461,0.0497726413434174,16.8606799613364
5.9578373015873,0.433394846110223,0.525705292034188,0.0497488429960168,16.8609310434908
5.95793650793651,0.433360119982772,0.525668028222901,0.0497250560081656,16.8611821036371
5.95803571428571,0.433325396928213,0.525630765440464,0.0497012803742392,16.8614331417782
5.95813492063492,0.433290676946137,0.525593503687735,0.0496775160886157,16.8616841579169
5.95823412698413,0.433255960036137,0.525556242965576,0.0496537631456757,16.8619351520561
5.95833333333333,0.433221246197804,0.525518983274845,0.049630021539802,16.8621861241987
5.95843253968254,0.433186535430732,0.525481724616403,0.0496062912653801,16.8624370743475
5.95853174603175,0.433151827734512,0.525444466991108,0.0495825723167983,16.8626880025055
5.95863095238095,0.433117123108737,0.525407210399818,0.0495588646884468,16.8629389086755
5.95873015873016,0.433082421553,0.525369954843391,0.0495351683747186,16.8631897928604
5.95882936507937,0.433047723066895,0.525332700322684,0.0495114833700096,16.863440655063
5.95892857142857,0.433013027650013,0.525295446838554,0.0494878096687175,16.8636914952862
5.95902777777778,0.432978335301948,0.525258194391858,0.049464147265243,16.8639423135329
5.95912698412698,0.432943646022293,0.525220942983451,0.0494404961539891,16.864193109806
5.95922619047619,0.432908959810642,0.525183692614189,0.0494168563293613,16.8644438841083
5.9593253968254,0.432874276666587,0.525146443284927,0.0493932277857677,16.8646946364427
5.9594246031746,0.432839596589723,0.525109194996518,0.0493696105176189,16.864945366812
5.95952380952381,0.432804919579643,0.525071947749817,0.0493460045193276,16.8651960752192
5.95962301587302,0.43277024563594,0.525034701545678,0.0493224097853099,16.8654467616671
5.95972222222222,0.43273557475821,0.524997456384953,0.0492988263099836,16.8656974261585
5.95982142857143,0.432700906946045,0.524960212268495,0.0492752540877693,16.8659480686963
5.95992063492063,0.43266624219904,0.524922969197155,0.0492516931130901,16.8661986892834
5.96001984126984,0.43263158051679,0.524885727171786,0.0492281433803715,16.8664492879227
5.96011904761905,0.432596921898887,0.524848486193238,0.0492046048840417,16.8666998646169
5.96021825396825,0.432562266344928,0.524811246262362,0.049181077618531,16.8669504193691
5.96031746031746,0.432527613854506,0.524774007380008,0.0491575615782729,16.8672009521819
5.96041666666667,0.432492964427216,0.524736769547026,0.0491340567577028,16.8674514630583
5.96051587301587,0.432458318062653,0.524699532764264,0.0491105631512589,16.8677019520012
5.96061507936508,0.432423674760412,0.524662297032572,0.0490870807533816,16.8679524190134
5.96071428571429,0.432389034520089,0.524625062352796,0.0490636095585142,16.8682028640977
5.96081349206349,0.432354397341277,0.524587828725786,0.0490401495611022,16.8684532872571
5.9609126984127,0.432319763223573,0.524550596152389,0.0490167007555938,16.8687036884943
5.96101190476191,0.432285132166571,0.52451336463345,0.0489932631364395,16.8689540678123
5.96111111111111,0.432250504169868,0.524476134169816,0.0489698366980926,16.8692044252138
5.96121031746032,0.432215879233058,0.524438904762333,0.0489464214350086,16.8694547607018
5.96130952380952,0.432181257355739,0.524401676411847,0.0489230173416458,16.869705074279
5.96140873015873,0.432146638537505,0.524364449119201,0.0488996244124647,16.8699553659484
5.96150793650794,0.432112022777952,0.524327222885241,0.0488762426419284,16.8702056357128
5.96160714285714,0.432077410076677,0.524289997710809,0.0488528720245027,16.870455883575
5.96170634920635,0.432042800433275,0.52425277359675,0.0488295125546555,16.8707061095379
5.96180555555556,0.432008193847344,0.524215550543906,0.0488061642268578,16.8709563136043
5.96190476190476,0.431973590318479,0.524178328553119,0.0487828270355826,16.8712064957771
5.96200396825397,0.431938989846277,0.524141107625232,0.0487595009753056,16.8714566560592
5.96210317460317,0.431904392430335,0.524103887761086,0.0487361860405049,16.8717067944533
5.96220238095238,0.43186979807025,0.524066668961521,0.0487128822256612,16.8719569109624
5.96230158730159,0.431835206765617,0.524029451227378,0.0486895895252576,16.8722070055892
5.96240079365079,0.431800618516035,0.523992234559498,0.04866630793378,16.8724570783367
5.9625,0.4317660333211,0.523955018958718,0.0486430374457163,16.8727071292076
5.96259920634921,0.43173145118041,0.52391780442588,0.0486197780555575,16.8729571582048
5.96269841269841,0.431696872093563,0.52388059096182,0.0485965297577967,16.8732071653312
5.96279761904762,0.431662296060154,0.523843378567378,0.0485732925469295,16.8734571505895
5.96289682539683,0.431627723079783,0.52380616724339,0.0485500664174541,16.8737071139827
5.96299603174603,0.431593153152046,0.523768956990693,0.0485268513638714,16.8739570555136
5.96309523809524,0.431558586276542,0.523731747810125,0.0485036473806844,16.8742069751849
5.96319444444444,0.431524022452868,0.523694539702521,0.0484804544623988,16.8744568729997
5.96329365079365,0.431489461680623,0.523657332668717,0.0484572726035231,16.8747067489605
5.96339285714286,0.431454903959405,0.523620126709548,0.0484341017985678,16.8749566030705
5.96349206349206,0.431420349288812,0.523582921825848,0.0484109420420462,16.8752064353322
5.96359126984127,0.431385797668442,0.523545718018453,0.0483877933284741,16.8754562457487
5.96369047619048,0.431351249097893,0.523508515288194,0.0483646556523696,16.8757060343227
5.96378968253968,0.431316703576765,0.523471313635907,0.0483415290082535,16.8759558010571
5.96388888888889,0.431282161104657,0.523434113062423,0.0483184133906491,16.8762055459546
5.9639880952381,0.431247621681166,0.523396913568574,0.0482953087940819,16.8764552690182
5.9640873015873,0.431213085305892,0.523359715155193,0.0482722152130806,16.8767049702507
5.96418650793651,0.431178551978435,0.52332251782311,0.0482491326421757,16.8769546496548
5.96428571428571,0.431144021698392,0.523285321573157,0.0482260610759005,16.8772043072335
5.96438492063492,0.431109494465365,0.523248126406164,0.0482030005087908,16.8774539429895
5.96448412698413,0.431074970278951,0.52321093232296,0.0481799509353849,16.8777035569257
5.96458333333333,0.43104044913875,0.523173739324375,0.0481569123502234,16.877953149045
5.96468253968254,0.431005931044363,0.523136547411237,0.0481338847478497,16.87820271935
5.96478174603175,0.430971415995389,0.523099356584376,0.0481108681228096,16.8784522678438
5.96488095238095,0.430936903991427,0.523062166844619,0.0480878624696515,16.878701794529
5.96498015873016,0.430902395032079,0.523024978192793,0.0480648677829261,16.8789512994085
5.96507936507937,0.430867889116943,0.522987790629726,0.0480418840571866,16.8792007824852
5.96517857142857,0.43083338624562,0.522950604156243,0.048018911286989,16.8794502437619
5.96527777777778,0.430798886417711,0.522913418773171,0.0479959494668915,16.8796996832413
5.96537698412698,0.430764389632816,0.522876234481336,0.0479729985914548,16.8799491009264
5.96547619047619,0.430729895890535,0.522839051281561,0.0479500586552424,16.8801984968199
5.9655753968254,0.430695405190469,0.522801869174672,0.04792712965282,16.8804478709247
5.9656746031746,0.43066091753222,0.522764688161494,0.0479042115787561,16.8806972232435
5.96577380952381,0.430626432915387,0.522727508242848,0.0478813044276214,16.8809465537792
5.96587301587302,0.430591951339572,0.522690329419559,0.0478584081939893,16.8811958625346
5.96597222222222,0.430557472804377,0.522653151692449,0.0478355228724356,16.8814451495126
5.96607142857143,0.430522997309402,0.52261597506234,0.0478126484575386,16.8816944147159
5.96617063492064,0.430488524854248,0.522578799530053,0.0477897849438791,16.8819436581474
5.96626984126984,0.430454055438518,0.522541625096411,0.0477669323260407,16.8821928798099
5.96636904761905,0.430419589061812,0.522504451762233,0.047744090598609,16.8824420797062
5.96646825396825,0.430385125723733,0.52246727952834,0.0477212597561726,16.8826912578391
5.96656746031746,0.430350665423883,0.522430108395551,0.0476984397933222,16.8829404142114
5.96666666666667,0.430316208161863,0.522392938364686,0.0476756307046512,16.883189548826
5.96676587301587,0.430281753937275,0.522355769436564,0.0476528324847554,16.8834386616856
5.96686507936508,0.430247302749722,0.522318601612002,0.0476300451282334,16.883687752793
5.96696428571429,0.430212854598806,0.522281434891818,0.0476072686296857,16.8839368221512
5.96706349206349,0.430178409484129,0.52224426927683,0.0475845029837161,16.8841858697628
5.9671626984127,0.430143967405294,0.522207104767854,0.0475617481849303,16.8844348956307
5.96726190476191,0.430109528361904,0.522169941365708,0.0475390042279368,16.8846838997578
5.96736111111111,0.430075092353561,0.522132779071206,0.0475162711073464,16.8849328821467
5.96746031746032,0.430040659379868,0.522095617885164,0.0474935488177725,16.8851818428004
5.96755952380952,0.430006229440428,0.522058457808396,0.0474708373538311,16.8854307817215
5.96765873015873,0.429971802534844,0.522021298841718,0.0474481367101403,16.885679698913
5.96775793650794,0.42993737866272,0.521984140985943,0.0474254468813215,16.8859285943777
5.96785714285714,0.429902957823659,0.521946984241885,0.0474027678619979,16.8861774681183
5.96795634920635,0.429868540017264,0.521909828610357,0.0473800996467954,16.8864263201376
5.96805555555556,0.429834125243139,0.52187267409217,0.0473574422303425,16.8866751504385
5.96815476190476,0.429799713500887,0.521835520688138,0.04733479560727,16.8869239590237
5.96825396825397,0.429765304790112,0.521798368399071,0.0473121597722115,16.887172745896
5.96835317460317,0.429730899110419,0.52176121722578,0.0472895347198028,16.8874215110584
5.96845238095238,0.429696496461411,0.521724067169076,0.0472669204446824,16.8876702545134
5.96855158730159,0.429662096842693,0.52168691822977,0.0472443169414913,16.887918976264
5.96865079365079,0.429627700253868,0.52164977040867,0.047221724204873,16.888167676313
5.96875,0.429593306694541,0.521612623706587,0.0471991422294735,16.8884163546631
5.96884920634921,0.429558916164317,0.521575478124327,0.047176571009941,16.8886650113171
5.96894841269841,0.429524528662799,0.5215383336627,0.0471540105409267,16.8889136462779
5.96904761904762,0.429490144189594,0.521501190322513,0.047131460817084,16.8891622595482
5.96914682539683,0.429455762744305,0.521464048104574,0.0471089218330687,16.8894108511308
5.96924603174603,0.429421384326538,0.521426907009688,0.0470863935835397,16.8896594210286
5.96934523809524,0.429387008935898,0.521389767038663,0.0470638760631577,16.8899079692442
5.96944444444444,0.429352636571989,0.521352628192304,0.0470413692665863,16.8901564957806
5.96954365079365,0.429318267234254,0.521315490469901,0.0470188731964937,16.8904050006386
5.96964285714286,0.429283900921645,0.521278353866112,0.0469963878800584,16.8906534838138
5.96974206349206,0.429249537633715,0.521241218381056,0.0469739133155923,16.8909019453079
5.96984126984127,0.42921517737009,0.521204084015501,0.0469514494979771,16.8911503851238
5.96994047619048,0.429180820130393,0.521166950770216,0.0469289964220963,16.8913988032643
5.97003968253968,0.429146465914251,0.521129818645971,0.0469065540828363,16.891647199732
5.97013888888889,0.429112114721287,0.521092687643532,0.0468841224750851,16.8918955745297
5.97023809523809,0.429077766551127,0.521055557763667,0.0468617015937331,16.8921439276601
5.9703373015873,0.429043421403395,0.521018429007143,0.0468392914336729,16.892392259126
5.97043650793651,0.429009079277716,0.520981301374726,0.0468168919897993,16.8926405689302
5.97053571428571,0.428974740173715,0.520944174867181,0.0467945032570093,16.8928888570753
5.97063492063492,0.428940404091016,0.520907049485275,0.0467721252302019,16.8931371235641
5.97073412698413,0.428906071029245,0.520869925229773,0.0467497579042789,16.8933853683994
5.97083333333333,0.428871740988025,0.520832802101439,0.0467274012741435,16.8936335915838
5.97093253968254,0.428837413966982,0.520795680101038,0.0467050553347017,16.8938817931201
5.97103174603175,0.428803089965741,0.520758559229332,0.0466827200808614,16.8941299730111
5.97113095238095,0.428768768983925,0.520721439487086,0.0466603955075327,16.8943781312595
5.97123015873016,0.42873445102116,0.520684320875062,0.0466380816096281,16.894626267868
5.97132936507936,0.428700136077071,0.520647203394022,0.0466157783820622,16.8948743828394
5.97142857142857,0.428665824151281,0.520610087044729,0.0465934858197514,16.8951224761763
5.97152777777778,0.428631515243416,0.520572971827943,0.0465712039176151,16.8953705478816
5.97162698412698,0.4285972093531,0.520535857744427,0.0465489326705744,16.8956185979579
5.97172619047619,0.428562906479958,0.520498744794939,0.0465266720735526,16.895866626408
5.9718253968254,0.428528606623614,0.520461632980241,0.0465044221214751,16.8961146332346
5.9719246031746,0.428494309783694,0.520424522301093,0.0464821828092699,16.8963626184404
5.97202380952381,0.428460015959821,0.520387412758252,0.0464599541318668,16.8966105820282
5.97212301587302,0.42842572515162,0.520350304352478,0.0464377360841979,16.8968585240007
5.97222222222222,0.428391437358716,0.52031319708453,0.0464155286611978,16.8971064443607
5.97232142857143,0.428357152580733,0.520276090955165,0.0463933318578029,16.8973543431108
5.97242063492063,0.428322870817297,0.52023898596514,0.0463711456689519,16.8976022202537
5.97251984126984,0.42828859206803,0.520201882115213,0.0463489700895858,16.8978500757923
5.97261904761905,0.428254316332559,0.52016477940614,0.0463268051146478,16.8980979097292
5.97271825396825,0.428220043610507,0.520127677838677,0.0463046507390831,16.8983457220672
5.97281746031746,0.428185773901499,0.520090577413579,0.0462825069578393,16.898593512809
5.97291666666667,0.428151507205159,0.520053478131602,0.0462603737658661,16.8988412819572
5.97301587301587,0.428117243521113,0.520016379993501,0.0462382511581155,16.8990890295147
5.97311507936508,0.428082982848983,0.51997928300003,0.0462161391295417,16.8993367554841
5.97321428571429,0.428048725188396,0.519942187151941,0.0461940376751009,16.8995844598682
5.97331349206349,0.428014470538975,0.51990509244999,0.0461719467897516,16.8998321426697
5.9734126984127,0.427980218900345,0.519867998894929,0.0461498664684547,16.9000798038913
5.9735119047619,0.427945970272129,0.519830906487509,0.0461277967061729,16.9003274435357
5.97361111111111,0.427911724653953,0.519793815228483,0.0461057374978713,16.9005750616057
5.97371031746032,0.427877482045442,0.519756725118604,0.0460836888385175,16.9008226581039
5.97380952380952,0.427843242446219,0.519719636158621,0.0460616507230809,16.9010702330331
5.97390873015873,0.427809005855908,0.519682548349285,0.0460396231465331,16.9013177863961
5.97400793650794,0.427774772274135,0.519645461691347,0.0460176061038481,16.9015653181954
5.97410714285714,0.427740541700523,0.519608376185556,0.045995599590002,16.9018128284338
5.97420634920635,0.427706314134697,0.519571291832662,0.045973603599973,16.9020603171141
5.97430555555556,0.427672089576282,0.519534208633413,0.0459516181287418,16.902307784239
5.97440476190476,0.4276378680249,0.519497126588558,0.0459296431712908,16.9025552298111
5.97450396825397,0.427603649480178,0.519460045698844,0.0459076787226053,16.9028026538332
5.97460317460317,0.427569433941739,0.51942296596502,0.0458857247776721,16.903050056308
5.97470238095238,0.427535221409207,0.519385887387832,0.0458637813314806,16.9032974372382
5.97480158730159,0.427501011882208,0.519348809968027,0.0458418483790223,16.9035447966266
5.97490079365079,0.427466805360364,0.519311733706351,0.0458199259152908,16.9037921344757
5.975,0.427432601843301,0.519274658603549,0.0457980139352821,16.9040394507884
5.97509920634921,0.427398401330642,0.519237584660368,0.0457761124339941,16.9042867455673
5.97519841269841,0.427364203822012,0.51920051187755,0.0457542214064274,16.9045340188152
5.97529761904762,0.427330009317035,0.519163440255842,0.0457323408475842,16.9047812705347
5.97539682539683,0.427295817815336,0.519126369795987,0.0457104707524693,16.9050285007286
5.97549603174603,0.427261629316538,0.519089300498728,0.0456886111160896,16.9052757093996
5.97559523809524,0.427227443820266,0.519052232364808,0.0456667619334541,16.9055228965503
5.97569444444444,0.427193261326144,0.51901516539497,0.045644923199574,16.9057700621836
5.97579365079365,0.427159081833796,0.518978099589956,0.045623094909463,16.906017206302
5.97589285714286,0.427124905342847,0.518941034950506,0.0456012770581364,16.9062643289083
5.97599206349206,0.42709073185292,0.518903971477364,0.0455794696406125,16.9065114300051
5.97609126984127,0.427056561363639,0.518866909171269,0.0455576726519111,16.9067585095953
5.97619047619048,0.42702239387463,0.518829848032962,0.0455358860870546,16.9070055676815
5.97628968253968,0.426988229385515,0.518792788063182,0.0455141099410673,16.9072526042663
5.97638888888889,0.42695406789592,0.518755729262669,0.045492344208976,16.9074996193526
5.97648809523809,0.426919909405467,0.518718671632162,0.0454705888858094,16.9077466129429
5.9765873015873,0.426885753913782,0.518681615172398,0.0454488439665985,16.90799358504
5.97668650793651,0.426851601420489,0.518644559884117,0.0454271094463769,16.9082405356466
5.97678571428571,0.42681745192521,0.518607505768056,0.0454053853201798,16.9084874647654
5.97688492063492,0.426783305427572,0.518570452824952,0.0453836715830448,16.9087343723991
5.97698412698413,0.426749161927197,0.518533401055541,0.0453619682300119,16.9089812585504
5.97708333333333,0.42671502142371,0.51849635046056,0.045340275256123,16.9092281232219
5.97718253968254,0.426680883916734,0.518459301040745,0.0453185926564224,16.9094749664164
5.97728174603175,0.426646749405894,0.51842225279683,0.0452969204259566,16.9097217881365
5.97738095238095,0.426612617890814,0.518385205729551,0.0452752585597739,16.909968588385
5.97748015873016,0.426578489371118,0.518348159839642,0.0452536070529256,16.9102153671645
5.97757936507937,0.42654436384643,0.518311115127838,0.0452319659004645,16.9104621244778
5.97767857142857,0.426510241316373,0.518274071594871,0.0452103350974459,16.9107088603275
5.97777777777778,0.426476121780572,0.518237029241474,0.0451887146389271,16.9109555747163
5.97787698412698,0.426442005238651,0.518199988068381,0.0451671045199678,16.9112022676469
5.97797619047619,0.426407891690234,0.518162948076324,0.0451455047356299,16.9114489391221
5.9780753968254,0.426373781134944,0.518125909266033,0.045123915280977,16.9116955891444
5.9781746031746,0.426339673572406,0.518088871638241,0.0451023361510759,16.9119422177165
5.97827380952381,0.426305569002243,0.518051835193678,0.0450807673409948,16.9121888248413
5.97837301587302,0.42627146742408,0.518014799933075,0.0450592088458042,16.9124354105213
5.97847222222222,0.42623736883754,0.517977765857162,0.0450376606605769,16.9126819747592
5.97857142857143,0.426203273242247,0.517940732966667,0.0450161227803881,16.9129285175577
5.97867063492063,0.426169180637826,0.51790370126232,0.0449945952003148,16.9131750389195
5.97876984126984,0.426135091023899,0.51786667074485,0.0449730779154365,16.9134215388473
5.97886904761905,0.426101004400091,0.517829641414984,0.0449515709208346,16.9136680173438
5.97896825396825,0.426066920766026,0.517792613273451,0.0449300742115933,16.9139144744116
5.97906746031746,0.426032840121328,0.517755586320977,0.0449085877827983,16.9141609100535
5.97916666666667,0.42599876246562,0.51771856055829,0.0448871116295379,16.914407324272
5.97926587301587,0.425964687798526,0.517681535986115,0.0448656457469024,16.91465371707
5.97936507936508,0.425930616119671,0.517644512605178,0.0448441901299845,16.91490008845
5.97946428571429,0.425896547428677,0.517607490416206,0.0448227447738788,16.9151464384148
5.97956349206349,0.425862481725169,0.517570469419921,0.0448013096736824,16.915392766967
5.9796626984127,0.42582841900877,0.517533449617051,0.0447798848244946,16.9156390741093
5.97976190476191,0.425794359279104,0.517496431008317,0.0447584702214166,16.9158853598444
5.97986111111111,0.425760302535796,0.517459413594445,0.0447370658595521,16.9161316241749
5.97996031746032,0.425726248778468,0.517422397376156,0.0447156717340068,16.9163778671036
5.98005952380952,0.425692198006745,0.517385382354175,0.0446942878398887,16.9166240886331
5.98015873015873,0.425658150220249,0.517348368529222,0.0446729141723079,16.9168702887661
5.98025793650794,0.425624105418606,0.51731135590202,0.0446515507263769,16.9171164675052
5.98035714285714,0.425590063601438,0.517274344473291,0.04463019749721,16.9173626248532
5.98045634920635,0.42555602476837,0.517237334243754,0.0446088544799243,16.9176087608126
5.98055555555556,0.425521988919024,0.517200325214131,0.0445875216696386,16.9178548753863
5.98065476190476,0.425487956053026,0.517163317385141,0.044566199061474,16.9181009685768
5.98075396825397,0.425453926169997,0.517126310757505,0.044544886650554,16.9183470403868
5.98085317460317,0.425419899269563,0.517089305331941,0.0445235844320041,16.918593090819
5.98095238095238,0.425385875351346,0.517052301109167,0.044502292400952,16.918839119876
5.98105158730159,0.425351854414971,0.517015298089902,0.0444810105525275,16.9190851275606
5.98115079365079,0.42531783646006,0.516978296274864,0.0444597388818631,16.9193311138753
5.98125,0.425283821486239,0.516941295664771,0.044438477384093,16.9195770788229
5.98134920634921,0.425249809493129,0.516904296260338,0.0444172260543537,16.9198230224061
5.98144841269841,0.425215800480355,0.516867298062282,0.0443959848877839,16.9200689446274
5.98154761904762,0.42518179444754,0.51683030107132,0.0443747538795246,16.9203148454896
5.98164682539683,0.425147791394308,0.516793305288166,0.0443535330247189,16.9205607249952
5.98174603174603,0.425113791320283,0.516756310713536,0.0443323223185122,16.9208065831471
5.98184523809524,0.425079794225088,0.516719317348144,0.0443111217560518,16.9210524199478
5.98194444444444,0.425045800108346,0.516682325192705,0.0442899313324878,16.9212982354001
5.98204365079365,0.425011808969681,0.516645334247932,0.0442687510429719,16.9215440295064
5.98214285714286,0.424977820808717,0.516608344514538,0.0442475808826583,16.9217898022697
5.98224206349206,0.424943835625077,0.516571355993236,0.0442264208467033,16.9220355536924
5.98234126984127,0.424909853418385,0.516534368684739,0.0442052709302653,16.9222812837772
5.98244047619048,0.424875874188264,0.516497382589759,0.0441841311285052,16.9225269925269
5.98253968253968,0.424841897934337,0.516460397709006,0.0441630014365857,16.922772679944
5.98263888888889,0.424807924656229,0.516423414043192,0.0441418818496722,16.9230183460312
5.9827380952381,0.424773954353562,0.516386431593027,0.0441207723629318,16.9232639907913
5.9828373015873,0.42473998702596,0.516349450359222,0.0440996729715341,16.9235096142267
5.98293650793651,0.424706022673046,0.516312470342486,0.0440785836706508,16.9237552163403
5.98303571428571,0.424672061294445,0.516275491543528,0.0440575044554558,16.9240007971346
5.98313492063492,0.424638102889778,0.516238513963058,0.0440364353211251,16.9242463566123
5.98323412698413,0.424604147458671,0.516201537601782,0.0440153762628371,16.924491894776
5.98333333333333,0.424570195000745,0.51616456246041,0.0439943272757721,16.9247374116285
5.98343253968254,0.424536245515625,0.516127588539648,0.0439732883551132,16.9249829071723
5.98353174603175,0.424502299002933,0.516090615840203,0.043952259496045,16.9252283814102
5.98363095238095,0.424468355462294,0.516053644362783,0.0439312406937547,16.9254738343446
5.98373015873016,0.424434414893331,0.516016674108092,0.0439102319434315,16.9257192659784
5.98382936507937,0.424400477295666,0.515979705076837,0.0438892332402669,16.9259646763142
5.98392857142857,0.424366542668923,0.515942737269723,0.0438682445794546,16.9262100653546
5.98402777777778,0.424332611012726,0.515905770687453,0.0438472659561904,16.9264554331022
5.98412698412698,0.424298682326698,0.515868805330734,0.0438262973656726,16.9267007795597
5.98422619047619,0.424264756610463,0.515831841200267,0.0438053388031013,16.9269461047298
5.9843253968254,0.424230833863642,0.515794878296758,0.043784390263679,16.9271914086151
5.9844246031746,0.424196914085861,0.515757916620907,0.0437634517426105,16.9274366912182
5.98452380952381,0.424162997276741,0.515720956173419,0.0437425232351024,16.9276819525419
5.98462301587302,0.424129083435907,0.515683996954995,0.0437216047363641,16.9279271925886
5.98472222222222,0.424095172562981,0.515647038966336,0.0437006962416066,16.9281724113611
5.98482142857143,0.424061264657587,0.515610082208144,0.0436797977460433,16.9284176088621
5.98492063492063,0.424027359719348,0.515573126681119,0.0436589092448901,16.9286627850941
5.98501984126984,0.423993457747888,0.515536172385961,0.0436380307333649,16.9289079400598
5.98511904761905,0.423959558742828,0.51549921932337,0.0436171622066875,16.9291530737618
5.98521825396825,0.423925662703794,0.515462267494046,0.0435963036600804,16.9293981862029
5.98531746031746,0.423891769630407,0.515425316898686,0.0435754550887678,16.9296432773855
5.98541666666667,0.423857879522291,0.51538836753799,0.0435546164879766,16.9298883473124
5.98551587301587,0.42382399237907,0.515351419412656,0.0435337878529353,16.9301333959862
5.98561507936508,0.423790108200366,0.51531447252338,0.0435129691788754,16.9303784234096
5.98571428571429,0.423756226985802,0.51527752687086,0.0434921604610298,16.9306234295851
5.98581349206349,0.423722348735002,0.515240582455793,0.0434713616946342,16.9308684145154
5.9859126984127,0.423688473447588,0.515203639278875,0.043450572874926,16.9311133782032
5.9860119047619,0.423654601123185,0.5151666973408,0.0434297939971451,16.9313583206511
5.98611111111111,0.423620731761415,0.515129756642266,0.0434090250565336,16.9316032418617
5.98621031746032,0.4235868653619,0.515092817183965,0.0433882660483357,16.9318481418376
5.98630952380952,0.423553001924265,0.515055878966593,0.0433675169677977,16.9320930205815
5.98640873015873,0.423519141448132,0.515018941990843,0.0433467778101685,16.932337878096
5.98650793650794,0.423485283933124,0.514982006257409,0.0433260485706987,16.9325827143837
5.98660714285714,0.423451429378864,0.514945071766984,0.0433053292446414,16.9328275294474
5.98670634920635,0.423417577784976,0.514908138520261,0.0432846198272519,16.9330723232895
5.98680555555556,0.423383729151083,0.514871206517931,0.0432639203137874,16.9333170959128
5.98690476190476,0.423349883476807,0.514834275760685,0.0432432306995078,16.9335618473198
5.98700396825397,0.423316040761771,0.514797346249216,0.0432225509796745,16.9338065775132
5.98710317460317,0.423282201005599,0.514760417984213,0.0432018811495519,16.9340512864957
5.98720238095238,0.423248364207913,0.514723490966368,0.0431812212044062,16.9342959742698
5.98730158730159,0.423214530368336,0.51468656519637,0.0431605711395056,16.9345406408381
5.98740079365079,0.423180699486493,0.514649640674908,0.0431399309501208,16.9347852862034
5.9875,0.423146871562004,0.514612717402671,0.0431193006315245,16.9350299103681
5.98759920634921,0.423113046594494,0.514575795380348,0.0430986801789919,16.935274513335
5.98769841269841,0.423079224583585,0.514538874608627,0.0430780695878,16.9355190951067
5.98779761904762,0.423045405528899,0.514501955088194,0.0430574688532282,16.9357636556858
5.98789682539683,0.423011589430062,0.514465036819738,0.0430368779705583,16.9360081950749
5.98799603174603,0.422977776286694,0.514428119803945,0.043016296935074,16.9362527132766
5.98809523809524,0.422943966098419,0.514391204041502,0.0429957257420612,16.9364972102936
5.98819444444444,0.42291015886486,0.514354289533093,0.0429751643868082,16.9367416861284
5.98829365079365,0.422876354585639,0.514317376279404,0.0429546128646052,16.9369861407838
5.98839285714286,0.422842553260381,0.514280464281121,0.042934071170745,16.9372305742623
5.98849206349206,0.422808754888706,0.514243553538926,0.0429135393005221,16.9374749865664
5.98859126984127,0.422774959470238,0.514206644053506,0.0428930172492338,16.937719377699
5.98869047619048,0.422741167004601,0.514169735825542,0.0428725050121792,16.9379637476625
5.98878968253968,0.422707377491417,0.514132828855719,0.0428520025846595,16.9382080964596
5.98888888888889,0.422673590930308,0.514095923144718,0.0428315099619784,16.9384524240929
5.98898809523809,0.422639807320898,0.514059018693222,0.0428110271394416,16.9386967305649
5.9890873015873,0.422606026662809,0.514022115501912,0.0427905541123572,16.9389410158785
5.98918650793651,0.422572248955664,0.51398521357147,0.0427700908760352,16.939185280036
5.98928571428571,0.422538474199086,0.513948312902576,0.0427496374257879,16.9394295230402
5.98938492063492,0.422504702392698,0.513911413495911,0.0427291937569301,16.9396737448937
5.98948412698413,0.422470933536122,0.513874515352155,0.0427087598647785,16.939917945599
5.98958333333333,0.422437167628981,0.513837618471988,0.042688335744652,16.9401621251589
5.98968253968254,0.422403404670898,0.513800722856087,0.0426679213918717,16.9404062835758
5.98978174603175,0.422369644661496,0.513763828505132,0.042647516801761,16.9406504208524
5.98988095238095,0.422335887600396,0.513726935419801,0.0426271219696455,16.9408945369914
5.98998015873016,0.422302133487223,0.513690043600772,0.0426067368908527,16.9411386319952
5.99007936507937,0.422268382321598,0.513653153048721,0.0425863615607129,16.9413827058666
5.99017857142857,0.422234634103145,0.513616263764325,0.042565995974558,16.9416267586081
5.99027777777778,0.422200888831486,0.513579375748262,0.0425456401277225,16.9418707902224
5.99037698412698,0.422167146506243,0.513542489001205,0.0425252940155428,16.942114800712
5.99047619047619,0.42213340712704,0.513505603523832,0.0425049576333577,16.9423587900796
5.9905753968254,0.422099670693498,0.513468719316817,0.0424846309765081,16.9426027583277
5.9906746031746,0.422065937205242,0.513431836380834,0.0424643140403372,16.942846705459
5.99077380952381,0.422032206661892,0.513394954716557,0.04244400682019,16.943090631476
5.99087301587302,0.421998479063072,0.513358074324661,0.0424237093114145,16.9433345363814
5.99097222222222,0.421964754408405,0.513321195205817,0.0424034215093602,16.9435784201778
5.99107142857143,0.421931032697512,0.5132843173607,0.0423831434093791,16.9438222828677
5.99117063492063,0.421897313930017,0.51324744078998,0.0423628750068252,16.9440661244538
5.99126984126984,0.421863598105542,0.51321056549433,0.0423426162970549,16.9443099449386
5.99136904761905,0.42182988522371,0.513173691474422,0.0423223672754266,16.9445537443249
5.99146825396825,0.421796175284143,0.513136818730925,0.042302127937301,16.944797522615
5.99156746031746,0.421762468286464,0.513099947264511,0.0422818982780412,16.9450412798118
5.99166666666667,0.421728764230295,0.51306307707585,0.0422616782930123,16.9452850159177
5.99176587301587,0.421695063115258,0.513026208165611,0.0422414679775814,16.9455287309353
5.99186507936508,0.421661364940977,0.512989340534463,0.0422212673271182,16.9457724248673
5.99196428571429,0.421627669707074,0.512952474183074,0.0422010763369942,16.9460160977162
5.99206349206349,0.421593977413171,0.512915609112114,0.0421808950025835,16.9462597494847
5.9921626984127,0.421560288058891,0.512878745322249,0.0421607233192621,16.9465033801752
5.99226190476191,0.421526601643856,0.512841882814147,0.0421405612824081,16.9467469897905
5.99236111111111,0.421492918167688,0.512805021588475,0.0421204088874024,16.9469905783332
5.99246031746032,0.421459237630011,0.512768161645899,0.0421002661296274,16.9472341458057
5.99255952380952,0.421425560030446,0.512731302987085,0.0420801330044681,16.9474776922107
5.99265873015873,0.421391885368616,0.512694445612699,0.0420600095073115,16.9477212175508
5.99275793650794,0.421358213644143,0.512657589523405,0.042039895633547,16.9479647218285
5.99285714285714,0.42132454485665,0.512620734719869,0.042019791378566,16.9482082050466
5.99295634920635,0.421290879005759,0.512583881202753,0.041999696737762,16.9484516672074
5.99305555555556,0.421257216091092,0.512547028972723,0.0419796117065312,16.9486951083137
5.99315476190476,0.421223556112273,0.512510178030441,0.0419595362802715,16.9489385283681
5.99325396825397,0.421189899068922,0.51247332837657,0.0419394704543832,16.949181927373
5.99335317460317,0.421156244960663,0.512436480011772,0.0419194142242688,16.9494253053311
5.99345238095238,0.421122593787118,0.51239963293671,0.0418993675853329,16.949668662245
5.99355158730159,0.421088945547909,0.512362787152044,0.0418793305329824,16.9499119981173
5.99365079365079,0.421055300242659,0.512325942658436,0.0418593030626264,16.9501553129505
5.99375,0.421021657870989,0.512289099456545,0.041839285169676,16.9503986067473
5.99384920634921,0.420988018432523,0.512252257547033,0.0418192768495448,16.9506418795101
5.99394841269841,0.420954381926882,0.512215416930559,0.0417992780976485,16.9508851312417
5.99404761904762,0.420920748353688,0.512178577607782,0.0417792889094049,16.9511283619445
5.99414682539683,0.420887117712565,0.512141739579361,0.0417593092802339,16.9513715716212
5.99424603174603,0.420853490003133,0.512104902845953,0.041739339205558,16.9516147602743
5.99434523809524,0.420819865225017,0.512068067408217,0.0417193786808015,16.9518579279064
5.99444444444444,0.420786243377836,0.512031233266811,0.0416994277013909,16.9521010745201
5.99454365079365,0.420752624461215,0.51199440042239,0.0416794862627553,16.9523442001179
5.99464285714286,0.420719008474774,0.511957568875612,0.0416595543603257,16.9525873047025
5.99474206349206,0.420685395418137,0.511920738627133,0.0416396319895352,16.9528303882764
5.99484126984127,0.420651785290926,0.511883909677608,0.0416197191458194,16.9530734508422
5.99494047619048,0.420618178092761,0.511847082027692,0.0415998158246158,16.9533164924025
5.99503968253968,0.420584573823267,0.51181025567804,0.0415799220213643,16.9535595129598
5.99513888888889,0.420550972482065,0.511773430629306,0.0415600377315069,16.9538025125167
5.9952380952381,0.420517374068777,0.511736606882144,0.0415401629504876,16.9540454910758
5.9953373015873,0.420483778583025,0.511699784437207,0.0415202976737533,16.9542884486397
5.99543650793651,0.420450186024431,0.511662963295148,0.0415004418967523,16.9545313852109
5.99553571428571,0.420416596392618,0.51162614345662,0.0414805956149355,16.954774300792
5.99563492063492,0.420383009687208,0.511589324922274,0.0414607588237559,16.9550171953855
5.99573412698413,0.420349425907822,0.511552507692763,0.0414409315186686,16.9552600689941
5.99583333333333,0.420315845054083,0.511515691768736,0.0414211136951313,16.9555029216203
5.99593253968254,0.420282267125612,0.511478877150845,0.0414013053486032,16.9557457532667
5.99603174603175,0.420248692122033,0.511442063839739,0.0413815064745465,16.9559885639358
5.99613095238095,0.420215120042967,0.51140525183607,0.041361717068425,16.9562313536302
5.99623015873016,0.420181550888035,0.511368441140485,0.041341937125705,16.9564741223525
5.99632936507937,0.420147984656861,0.511331631753633,0.0413221666418548,16.9567168701053
5.99642857142857,0.420114421349066,0.511294823676164,0.0413024056123451,16.956959596891
5.99652777777778,0.420080860964272,0.511258016908724,0.0412826540326486,16.9572023027123
5.99662698412698,0.420047303502101,0.511221211451962,0.0412629118982404,16.9574449875717
5.99672619047619,0.420013748962174,0.511184407306524,0.0412431792045974,16.9576876514718
5.9968253968254,0.419980197344115,0.511147604473057,0.0412234559471994,16.9579302944152
5.9969246031746,0.419946648647545,0.511110802952206,0.0412037421215277,16.9581729164044
5.99702380952381,0.419913102872086,0.511074002744619,0.0411840377230663,16.958415517442
5.99712301587302,0.41987956001736,0.511037203850939,0.041164342747301,16.9586580975305
5.99722222222222,0.419846020082989,0.511000406271812,0.04114465718972,16.9589006566725
5.99732142857143,0.419812483068594,0.510963610007882,0.0411249810458138,16.9591431948705
5.99742063492064,0.419778948973798,0.510926815059792,0.0411053143110747,16.9593857121272
5.99751984126984,0.419745417798223,0.510890021428187,0.0410856569809978,16.959628208445
5.99761904761905,0.41971188954149,0.510853229113709,0.04106600905108,16.9598706838266
5.99771825396825,0.419678364203222,0.510816438117,0.0410463705168204,16.9601131382744
5.99781746031746,0.41964484178304,0.510779648438703,0.0410267413737203,16.9603555717911
5.99791666666667,0.419611322280566,0.51074286007946,0.0410071216172834,16.9605979843791
5.99801587301587,0.419577805695422,0.51070607303991,0.0409875112430153,16.9608403760411
5.99811507936508,0.41954429202723,0.510669287320696,0.0409679102464241,16.9610827467796
5.99821428571429,0.419510781275611,0.510632502922457,0.0409483186230198,16.9613250965971
5.99831349206349,0.419477273440188,0.510595719845834,0.040928736368315,16.9615674254963
5.9984126984127,0.419443768520582,0.510558938091464,0.0409091634778241,16.9618097334796
5.99851190476191,0.419410266516416,0.510522157659989,0.0408895999470639,16.9620520205495
5.99861111111111,0.41937676742731,0.510485378552045,0.0408700457715533,16.9622942867088
5.99871031746032,0.419343271252887,0.510448600768271,0.0408505009468134,16.9625365319598
5.99880952380952,0.419309777992768,0.510411824309304,0.0408309654683676,16.9627787563052
5.99890873015873,0.419276287646576,0.510375049175782,0.0408114393317414,16.9630209597475
5.99900793650794,0.419242800213931,0.510338275368341,0.0407919225324627,16.9632631422892
5.99910714285714,0.419209315694456,0.510301502887617,0.0407724150660613,16.963505303933
5.99920634920635,0.419175834087773,0.510264731734246,0.0407529169280693,16.9637474446812
5.99930555555556,0.419142355393503,0.510227961908864,0.0407334281140211,16.9639895645366
5.99940476190476,0.419108879611268,0.510191193412105,0.0407139486194533,16.9642316635015
5.99950396825397,0.419075406740689,0.510154426244603,0.0406944784399045,16.9644737415786
5.99960317460317,0.419041936781388,0.510117660406993,0.0406750175709156,16.9647157987705
5.99970238095238,0.419008469732988,0.510080895899908,0.0406555660080297,16.9649578350796
5.99980158730159,0.418975005595109,0.510044132723981,0.0406361237467923,16.9651998505085
5.99990079365079,0.418941544367373,0.510007370879844,0.0406166907827509,16.9654418450597
6,0.418908086049402,0.509970610368131,0.0405972671114551,16.9656838187358
6,0.418908086049402,0.509970610368131,5.04059726711145,16.9656838187358
6.00009920634921,0.419798222861978,0.50993403763188,5.03818675796952,16.9664042529784
6.00019841269841,0.420686917109701,0.509897838619482,5.03577740151122,16.9671249621738
6.00029761904762,0.421574170935843,0.509862012597636,5.03336919726498,16.9678459455812
6.00039682539683,0.422459986426104,0.509826558840421,5.03096214466466,16.9685672024924
6.00049603174603,0.423344365602127,0.509791476617461,5.02855624318156,16.9692887322091
6.00059523809524,0.424227310421532,0.509756765193925,5.02615149232432,16.9700105340434
6.00069444444444,0.425108822961849,0.509722423842221,5.02374789154936,16.9707326072906
6.00079365079365,0.425988905407584,0.509688451841144,5.02134544024526,16.9714549512314
6.00089285714286,0.426867559826423,0.509654848463073,5.01894413784827,16.9721775651643
6.00099206349206,0.427744788282906,0.509621612981691,5.0165439837965,16.9729004483888
6.00109126984127,0.428620592838431,0.509588744671984,5.01414497752993,16.9736236002056
6.00119047619048,0.429494975551255,0.50955624281024,5.01174711849034,16.9743470199164
6.00128968253968,0.430367938476476,0.509524106674053,5.00935040612143,16.9750707068238
6.00138888888889,0.431239483666062,0.509492335542317,5.00695483986869,16.9757946602317
6.00148809523809,0.432109613168833,0.50946092869523,5.00456041917949,16.976518879445
6.0015873015873,0.432978329030464,0.509429885414294,5.00216714350304,16.9772433637694
6.00168650793651,0.433845633293486,0.509399204982313,4.99977501229038,16.9779681125119
6.00178571428571,0.434711527997286,0.509368886683395,4.99738402499444,16.9786931249806
6.00188492063492,0.435576015178111,0.50933892980295,4.99499418106994,16.9794184004844
6.00198412698413,0.436439096869047,0.509309333627691,4.99260547997355,16.9801439383335
6.00208333333333,0.437300775100054,0.509280097445636,4.99021792116368,16.9808697378391
6.00218253968254,0.438161051897941,0.509251220546105,4.98783150410065,16.9815957983132
6.00228174603175,0.439019929286372,0.50922270221972,4.98544622824661,16.9823221190692
6.00238095238095,0.439877409285868,0.509194541758407,4.98306209306557,16.9830486994214
6.00248015873016,0.440733493913806,0.509166738455396,4.98067909802339,16.9837755386851
6.00257936507936,0.441588185184416,0.509139291605218,4.97829724258776,16.9845026361768
6.00267857142857,0.442441485108791,0.509112200503709,4.97591652622822,16.9852299912139
6.00277777777778,0.443293395694865,0.509085464448007,4.97353694841621,16.9859576031149
6.00287698412698,0.44414391894744,0.509059082736554,4.97115850862496,16.9866854711994
6.00297619047619,0.444993056868171,0.509033054669095,4.96878120632957,16.987413594788
6.0030753968254,0.445840811455569,0.509007379546676,4.966405041007,16.9881419732024
6.0031746031746,0.446687184831632,0.50898205662201,4.9640300120658,16.9888706057225
6.00327380952381,0.447532179110153,0.508957085150633,4.96165611890051,16.9895994916329
6.00337301587302,0.448375796273113,0.508932464439514,4.95928336096857,16.9903286302642
6.00347222222222,0.449218038299992,0.50890819379657,4.9569117377277,16.991058020948
6.00357142857143,0.450058907167799,0.508884272530662,4.95454124863585,16.9917876630167
6.00367063492063,0.450898404851054,0.508860699951599,4.95217189315118,16.9925175558038
6.00376984126984,0.451736533321788,0.508837475370138,4.94980367073214,16.9932476986435
6.00386904761905,0.452573294549548,0.50881459809798,4.94743658083741,16.9939780908712
6.00396825396825,0.453408690501392,0.508792067447775,4.94507062292589,16.9947087318231
6.00406746031746,0.454242723141894,0.508769882733118,4.94270579645676,16.9954396208364
6.00416666666667,0.455075394433148,0.508748043268551,4.94034210088941,16.996170757249
6.00426587301587,0.455906706334743,0.508726548369563,4.93797953568352,16.9969021404002
6.00436507936508,0.456736660803799,0.50870539735259,4.93561810029896,16.9976337696297
6.00446428571429,0.457565259794947,0.508684589535012,4.93325779419588,16.9983656442786
6.00456349206349,0.458392505260327,0.508664124235159,4.93089861683466,16.9990977636887
6.0046626984127,0.459218399149598,0.508644000772306,4.92854056767592,16.9998301272028
6.0047619047619,0.460042943409928,0.508624218466675,4.92618364618054,17.0005627341646
6.00486111111111,0.460866139986009,0.508604776639433,4.9238278518096,17.0012955839187
6.00496031746032,0.461687990820025,0.508585674612696,4.92147318402451,17.0020286758107
6.00505952380952,0.462508497851696,0.508566911709526,4.91911964228685,17.0027620091872
6.00515873015873,0.463327663018246,0.508548487253931,4.91676722605845,17.0034955833957
6.00525793650794,0.464145488254415,0.508530400570864,4.91441593480141,17.0042293977845
6.00535714285714,0.464961975492456,0.508512650986228,4.91206576797807,17.004963451703
6.00545634920635,0.465777126662137,0.508495237826871,4.90971672505099,17.0056977445015
6.00555555555556,0.466590943690737,0.508478160420588,4.907368805483,17.0064322755313
6.00565476190476,0.467403428503058,0.508461418096118,4.90502200873714,17.0071670441443
6.00575396825397,0.468214583021396,0.508445010183151,4.90267633427676,17.0079020496939
6.00585317460317,0.46902440916558,0.50842893601232,4.90033178156539,17.008637291534
6.00595238095238,0.469832908852946,0.508413194915207,4.89798835006682,17.0093727690195
6.00605158730159,0.470640083998344,0.508397786224339,4.89564603924509,17.0101084815064
6.00615079365079,0.471445936514137,0.50838270927319,4.8933048485645,17.0108444283515
6.00625,0.472250468310204,0.508367963396181,4.89096477748955,17.0115806089127
6.00634920634921,0.473053681293941,0.50835354792868,4.88862582548501,17.0123170225486
6.00644841269841,0.473855577370243,0.508339462207,4.88628799201593,17.0130536686189
6.00654761904762,0.474656158441533,0.508325705568403,4.88395127654754,17.0137905464843
6.00664682539683,0.475455426407746,0.508312277351094,4.88161567854534,17.0145276555061
6.00674603174603,0.476253383166328,0.508299176894229,4.87928119747508,17.015264995047
6.00684523809524,0.477050030612239,0.508286403537908,4.87694783280276,17.0160025644703
6.00694444444444,0.477845370637954,0.508273956623177,4.87461558399459,17.0167403631404
6.00704365079365,0.478639405133461,0.50826183549203,4.87228445051707,17.0174783904226
6.00714285714286,0.479432135986268,0.508250039487407,4.86995443183689,17.018216645683
6.00724206349206,0.480223565081379,0.508238567953196,4.86762552742105,17.018955128289
6.00734126984127,0.48101369430133,0.508227420234229,4.86529773673673,17.0196938376084
6.00744047619048,0.481802525526165,0.508216595676287,4.86297105925141,17.0204327730105
6.00753968253968,0.48259006063344,0.508206093626097,4.86064549443276,17.0211719338652
6.00763888888889,0.483376301498227,0.508195913431331,4.85832104174872,17.0219113195433
6.00773809523809,0.484161249993111,0.508186054440609,4.85599770066749,17.0226509294168
6.0078373015873,0.484944907988196,0.508176516003499,4.85367547065747,17.0233907628584
6.00793650793651,0.485727277351084,0.508167297470512,4.85135435118737,17.0241308192419
6.00803571428571,0.486508359946907,0.508158398193109,4.84903434172607,17.0248710979419
6.00813492063492,0.487288157638305,0.508149817523695,4.84671544174274,17.025611598334
6.00823412698413,0.488066672285432,0.508141554815625,4.84439765070679,17.0263523197948
6.00833333333333,0.488843905745956,0.508133609423196,4.84208096808785,17.0270932617018
6.00843253968254,0.489619859875059,0.508125980701656,4.83976539335582,17.0278344234333
6.00853174603175,0.490394536525437,0.508118668007197,4.83745092598083,17.0285758043687
6.00863095238095,0.491167937547304,0.508111670696958,4.83513756543325,17.0293174038884
6.00873015873016,0.491940064788373,0.508104988129025,4.83282531118371,17.0300592213735
6.00882936507937,0.492710920093887,0.508098619662431,4.83051416270308,17.0308012562062
6.00892857142857,0.493480505306595,0.508092564657154,4.82820411946245,17.0315435077696
6.00902777777778,0.494248822266763,0.50808682247412,4.82589518093319,17.0322859754478
6.00912698412698,0.49501587281217,0.508081392475203,4.82358734658689,17.0330286586257
6.00922619047619,0.495781658778107,0.50807627402322,4.82128061589538,17.0337715566893
6.0093253968254,0.496546181997387,0.508071466481936,4.81897498833074,17.0345146690254
6.0094246031746,0.497309444300319,0.508066969216066,4.81667046336533,17.0352579950218
6.00952380952381,0.498071447514741,0.508062781591265,4.81436704047169,17.0360015340672
6.00962301587302,0.498832193466001,0.508058902974142,4.81206471912265,17.0367452855513
6.00972222222222,0.499591683976962,0.508055332732246,4.80976349879126,17.0374892488648
6.00982142857143,0.500349920867998,0.508052070234077,4.80746337895082,17.0382334233991
6.00992063492063,0.501106905956998,0.508049114849079,4.80516435907488,17.0389778085468
6.01001984126984,0.501862641059366,0.508046465947645,4.80286643863723,17.0397224037012
6.01011904761905,0.502617127988022,0.508044122901113,4.80056961711189,17.0404672082567
6.01021825396825,0.503370368553389,0.508042085081768,4.79827389397317,17.0412122216087
6.01031746031746,0.504122364563414,0.508040351862841,4.79597926869557,17.0419574431533
6.01041666666667,0.504873117823557,0.50803892261851,4.79368574075386,17.0427028722877
6.01051587301587,0.505622630136789,0.5080377967239,4.79139330962304,17.0434485084101
6.01061507936508,0.506370903303596,0.508036973555083,4.78910197477837,17.0441943509194
6.01071428571429,0.507117939121979,0.508036452489077,4.78681173569534,17.0449403992157
6.01081349206349,0.507863739387455,0.508036232903845,4.78452259184969,17.0456866526999
6.0109126984127,0.508608305893042,0.5080363141783,4.78223454271741,17.0464331107738
6.01101190476191,0.509351640429286,0.508036695692299,4.77994758777473,17.0471797728403
6.01111111111111,0.510093744784243,0.508037376826646,4.77766172649812,17.047926638303
6.01121031746032,0.51083462074348,0.508038356963092,4.77537695836429,17.0486737065667
6.01130952380952,0.511574270090081,0.508039635484335,4.7730932828502,17.049420977037
6.01140873015873,0.512312694604642,0.508041211774019,4.77081069943306,17.0501684491203
6.01150793650794,0.513049896065273,0.508043085216735,4.7685292075903,17.0509161222243
6.01160714285714,0.513785876247604,0.50804525519802,4.76624880679961,17.0516639957573
6.01170634920635,0.514520636924763,0.508047721104359,4.76396949653894,17.0524120691286
6.01180555555556,0.515254179867406,0.508050482323181,4.76169127628647,17.0531603417487
6.01190476190476,0.515986506843698,0.508053538242864,4.75941414552061,17.0539088130286
6.01200396825397,0.51671761961932,0.508056888252732,4.75713810372003,17.0546574823807
6.01210317460317,0.517447519957465,0.508060531743055,4.75486315036363,17.055406349218
6.01220238095238,0.518176209618839,0.50806446810505,4.75258928493058,17.0561554129545
6.01230158730159,0.518903690361669,0.508068696730881,4.75031650690025,17.0569046730053
6.01240079365079,0.519629963941679,0.508073217013658,4.74804481575231,17.0576541287862
6.0125,0.520355032112122,0.508078028347438,4.74577421096663,17.0584037797142
6.01259920634921,0.521078896623762,0.508083130127224,4.74350469202334,17.059153625207
6.01269841269841,0.521801559224875,0.508088521748966,4.74123625840281,17.0599036646834
6.01279761904762,0.522523021661249,0.508094202609562,4.73896890958565,17.060653897563
6.01289682539683,0.52324328567619,0.508100172106853,4.73670264505273,17.0614043232666
6.01299603174603,0.523962353010515,0.50810642963963,4.73443746428515,17.0621549412155
6.01309523809524,0.52468022540256,0.50811297460763,4.73217336676424,17.0629057508324
6.01319444444444,0.525396904588161,0.508119806411535,4.72991035197162,17.0636567515405
6.01329365079365,0.526112392300681,0.508126924452975,4.72764841938911,17.0644079427644
6.01339285714286,0.526826690270995,0.508134328134527,4.72538756849879,17.0651593239293
6.01349206349206,0.527539800227488,0.508142016859713,4.72312779878298,17.0659108944615
6.01359126984127,0.528251723896061,0.508149990033002,4.72086910972424,17.0666626537881
6.01369047619048,0.528962463000128,0.508158247059811,4.71861150080539,17.0674146013372
6.01378968253968,0.529672019260624,0.508166787346503,4.71635497150946,17.0681667365379
6.01388888888889,0.530380394395979,0.508175610300386,4.71409952131979,17.0689190588202
6.0139880952381,0.531087590122155,0.508184715329716,4.71184514971989,17.0696715676151
6.0140873015873,0.531793608152622,0.508194101843697,4.70959185619355,17.0704242623543
6.01418650793651,0.532498450198363,0.508203769252476,4.70733964022479,17.0711771424707
6.01428571428571,0.533202117967875,0.50821371696715,4.7050885012979,17.0719302073981
6.01438492063492,0.53390461316717,0.508223944399762,4.70283843889739,17.072683456571
6.01448412698413,0.534605937499773,0.508234450963299,4.70058945250801,17.0734368894252
6.01458333333333,0.535306092666727,0.508245236071697,4.69834154161476,17.0741905053972
6.01468253968254,0.536005080366575,0.508256299139839,4.69609470570291,17.0749443039245
6.01478174603175,0.536702902295389,0.508267639583554,4.69384894425793,17.0756982844456
6.01488095238095,0.537399560146749,0.508279256819615,4.69160425676557,17.0764524463996
6.01498015873016,0.538095055611749,0.508291150265746,4.6893606427118,17.0772067892271
6.01507936507937,0.538789390378997,0.508303319340615,4.68711810158285,17.0779613123693
6.01517857142857,0.539482566134615,0.508315763463837,4.68487663286517,17.0787160152682
6.01527777777778,0.540174584562244,0.508328482055974,4.68263623604547,17.0794708973671
6.01537698412698,0.540865447343022,0.508341474538534,4.68039691061073,17.08022595811
6.01547619047619,0.541555156155619,0.508354740333971,4.67815865604812,17.0809811969419
6.0155753968254,0.542243723858551,0.508368274448178,4.67592147156662,17.0817366088809
6.0156746031746,0.542931163110971,0.508382071965843,4.67368535638103,17.0824921890243
6.01577380952381,0.543617475290015,0.508396132428545,4.67145030998762,17.0832479369367
6.01587301587302,0.544302661771999,0.508410455378156,4.66921633188288,17.0840038521831
6.01597222222222,0.544986723932418,0.508425040356839,4.66698342156347,17.0847599343287
6.01607142857143,0.545669663145954,0.508439886907047,4.66475157852626,17.085516182939
6.01617063492063,0.546351480786454,0.508454994571527,4.66252080226834,17.0862725975799
6.01626984126984,0.547032178226959,0.508470362893315,4.66029109228698,17.0870291778174
6.01636904761905,0.547711756839685,0.508485991415739,4.65806244807963,17.0877859232179
6.01646825396825,0.548390217996031,0.50850187968242,4.65583486914396,17.0885428333481
6.01656746031746,0.549067563066573,0.508518027237268,4.65360835497783,17.0892999077749
6.01666666666667,0.549743793421068,0.508534433624486,4.65138290507929,17.0900571460655
6.01676587301587,0.550418910428459,0.508551098388569,4.64915851894659,17.0908145477875
6.01686507936508,0.551092915456854,0.508568021074302,4.64693519607822,17.0915721125087
6.01696428571429,0.551765809873555,0.508585201226762,4.64471293597279,17.092329839797
6.01706349206349,0.552437595045041,0.508602638391318,4.64249173812918,17.0930877292209
6.0171626984127,0.553108272336969,0.508620332113629,4.64027160204641,17.0938457803491
6.0172619047619,0.553777843114179,0.508638281939646,4.63805252722374,17.0946039927504
6.01736111111111,0.554446308740688,0.508656487415613,4.6358345131606,17.0953623659941
6.01746031746032,0.555113670579695,0.508674948088063,4.63361755935663,17.0961208996496
6.01755952380952,0.555779929993584,0.508693663503822,4.63140166531166,17.0968795932869
6.01765873015873,0.556445088343905,0.508712633210008,4.62918683052574,17.0976384464758
6.01775793650794,0.557109146991401,0.508731856754028,4.6269730544991,17.0983974587869
6.01785714285714,0.557772107295992,0.508751333683583,4.62476033673215,17.0991566297906
6.01795634920635,0.558433970616777,0.508771063546663,4.62254867672553,17.099915959058
6.01805555555556,0.559094738312037,0.508791045891552,4.62033807398006,17.1006754461603
6.01815476190476,0.559754411739231,0.508811280266825,4.61812852799676,17.1014350906688
6.01825396825397,0.560412992255003,0.508831766221345,4.61592003827684,17.1021948921555
6.01835317460317,0.561070481215165,0.508852503304272,4.61371260432173,17.1029548501924
6.01845238095238,0.561726879974723,0.508873491065052,4.61150622563304,17.1037149643517
6.01855158730159,0.562382189887855,0.508894729053426,4.60930090171258,17.1044752342062
6.01865079365079,0.563036412307924,0.508916216819426,4.60709663206236,17.1052356593287
6.01875,0.563689548587471,0.508937953913375,4.60489341618458,17.1059962392925
6.01884920634921,0.564341600078215,0.508959939885885,4.60269125358165,17.106756973671
6.01894841269841,0.56499256813106,0.508982174287864,4.60049014375616,17.1075178620379
6.01904761904762,0.565642454096089,0.509004656670509,4.59829008621091,17.1082789039674
6.01914682539683,0.566291259322558,0.509027386585307,4.59609108044891,17.1090400990337
6.01924603174603,0.566938985158911,0.509050363584039,4.59389312597335,17.1098014468115
6.01934523809524,0.56758563295277,0.509073587218776,4.59169622228762,17.1105629468757
6.01944444444444,0.568231204050938,0.509097057041882,4.58950036889531,17.1113245988015
6.01954365079365,0.568875699799398,0.50912077260601,4.58730556530019,17.1120864021642
6.01964285714286,0.56951912154331,0.509144733464106,4.58511181100626,17.1128483565398
6.01974206349206,0.570161470627024,0.509168939169408,4.58291910551768,17.1136104615042
6.01984126984127,0.570802748394052,0.509193389275444,4.58072744833887,17.1143727166336
6.01994047619048,0.571442956187103,0.509218083336033,4.57853683897437,17.1151351215049
6.02003968253968,0.572082095348059,0.509243020905289,4.57634727692897,17.1158976756947
6.02013888888889,0.572720167217983,0.509268201537612,4.57415876170764,17.1166603787804
6.02023809523809,0.57335717313712,0.509293624787698,4.57197129281554,17.1174232303393
6.0203373015873,0.573993114444893,0.509319290210533,4.56978486975804,17.1181862299492
6.02043650793651,0.574627992479906,0.509345197361393,4.56759949204071,17.1189493771882
6.02053571428571,0.575261808579947,0.509371345795848,4.56541515916929,17.1197126716345
6.02063492063492,0.575894564081972,0.509397735069757,4.56323187064977,17.1204761128667
6.02073412698413,0.57652626032213,0.509424364739271,4.56104962598829,17.1212397004637
6.02083333333333,0.577156898635745,0.509451234360835,4.55886842469121,17.1220034340048
6.02093253968254,0.577786480357321,0.509478343491182,4.55668826626508,17.1227673130692
6.02103174603175,0.578415006820545,0.509505691687338,4.55450915021664,17.1235313372368
6.02113095238095,0.57904247935828,0.50953327850662,4.55233107605284,17.1242955060875
6.02123015873016,0.579668899302577,0.509561103506637,4.55015404328082,17.1250598192017
6.02132936507937,0.580294267984653,0.50958916624529,4.54797805140794,17.12582427616
6.02142857142857,0.580918586734916,0.509617466280768,4.54580309994172,17.1265888765432
6.02152777777778,0.581541856882954,0.509646003171557,4.54362918838991,17.1273536199324
6.02162698412698,0.582164079757532,0.509674776476429,4.54145631626044,17.1281185059092
6.02172619047619,0.582785256686596,0.509703785754451,4.53928448306143,17.1288835340552
6.0218253968254,0.583405388997272,0.509733030564981,4.53711368830123,17.1296487039524
6.0219246031746,0.584024478015868,0.509762510467666,4.53494393148835,17.1304140151831
6.02202380952381,0.584642525067873,0.509792225022448,4.5327752121315,17.13117946733
6.02212301587302,0.585259531477947,0.509822173789556,4.53060752973964,17.1319450599758
6.02222222222222,0.585875498569939,0.509852356329516,4.52844088382187,17.1327107927037
6.02232142857143,0.586490427666879,0.509882772203141,4.52627527388751,17.1334766650971
6.02242063492063,0.587104320090972,0.509913420971536,4.52411069944606,17.1342426767397
6.02251984126984,0.587717177163607,0.5099443021961,4.52194716000725,17.1350088272156
6.02261904761905,0.588329000205351,0.509975415438521,4.51978465508098,17.1357751161089
6.02271825396825,0.588939790535956,0.51000676026078,4.51762318417734,17.1365415430044
6.02281746031746,0.589549549474342,0.510038336225147,4.51546274680667,17.1373081074867
6.02291666666667,0.590158278338621,0.510070142894186,4.51330334247946,17.1380748091411
6.02301587301587,0.590765978446082,0.510102179830752,4.5111449707064,17.138841647553
6.02311507936508,0.591372651113193,0.51013444659799,4.50898763099839,17.139608622308
6.02321428571429,0.591978297655603,0.510166942759337,4.50683132286652,17.1403757329921
6.02331349206349,0.592582919388141,0.510199667878524,4.50467604582209,17.1411429791917
6.0234126984127,0.593186517624815,0.510232621519569,4.50252179937659,17.1419103604932
6.02351190476191,0.59378909367882,0.510265803246785,4.50036858304169,17.1426778764836
6.02361111111111,0.594390648862516,0.510299212624774,4.49821639632929,17.1434455267498
6.02371031746032,0.594991184487457,0.510332849218431,4.49606523875148,17.1442133108794
6.02380952380952,0.595590701864373,0.510366712592943,4.49391510982053,17.14498122846
6.02390873015873,0.596189202303174,0.510400802313786,4.49176600904891,17.1457492790795
6.02400793650794,0.596786687112949,0.510435117946729,4.4896179359493,17.1465174623263
6.02410714285714,0.59738315760197,0.510469659057833,4.48747089003458,17.1472857777889
6.02420634920635,0.597978615077691,0.510504425213449,4.48532487081779,17.1480542250562
6.02430555555556,0.598573060846733,0.510539415980221,4.48317987781224,17.1488228037171
6.02440476190476,0.599166496214913,0.510574630925083,4.48103591053137,17.1495915133612
6.02450396825397,0.599758922487221,0.510610069615261,4.47889296848884,17.150360353578
6.02460317460317,0.600350340967827,0.510645731618272,4.47675105119853,17.1511293239576
6.02470238095238,0.600940752960085,0.510681616501926,4.47461015817447,17.1518984240902
6.02480158730159,0.601530159766524,0.510717723834323,4.47247028893093,17.1526676535663
6.02490079365079,0.602118562688857,0.510754053183854,4.47033144298236,17.1534370119768
6.025,0.602705963027979,0.510790604119203,4.4681936198434,17.1542064989128
6.02509920634921,0.603292362083954,0.510827376209344,4.46605681902891,17.1549761139655
6.02519841269841,0.603877761156039,0.510864369023544,4.46392104005394,17.1557458567268
6.02529761904762,0.604462161542666,0.510901582131359,4.46178628243372,17.1565157267885
6.02539682539683,0.605045564541448,0.510939015102639,4.4596525456837,17.157285723743
6.02549603174603,0.605627971449176,0.510976667507524,4.4575198293195,17.1580558471826
6.02559523809524,0.606209383561825,0.511014538916446,4.45538813285697,17.1588260967002
6.02569444444444,0.606789802174551,0.511052628900129,4.45325745581212,17.159596471889
6.02579365079365,0.607369228581679,0.511090937029586,4.45112779770122,17.1603669723422
6.02589285714286,0.607947664076726,0.511129462876124,4.44899915804067,17.1611375976535
6.02599206349206,0.608525109952387,0.511168206011341,4.4468715363471,17.161908347417
6.02609126984127,0.609101567500534,0.511207166007125,4.44474493213733,17.1626792212267
6.02619047619048,0.609677038012223,0.511246342435657,4.44261934492838,17.1634502186772
6.02628968253968,0.610251522777686,0.511285734869408,4.44049477423748,17.1642213393634
6.02638888888889,0.610825023086339,0.511325342881142,4.43837121958202,17.1649925828802
6.0264880952381,0.611397540226779,0.511365166043915,4.43624868047962,17.1657639488231
6.0265873015873,0.611969075486773,0.51140520393107,4.43412715644812,17.1665354367876
6.02668650793651,0.61253963015328,0.511445456116247,4.43200664700549,17.1673070463698
6.02678571428571,0.613109205512435,0.511485922173375,4.42988715166996,17.1680787771658
6.02688492063492,0.613677802849553,0.511526601676673,4.42776866995992,17.1688506287722
6.02698412698413,0.614245423449129,0.511567494200654,4.42565120139397,17.1696226007857
6.02708333333333,0.614812068594839,0.511608599320121,4.42353474549091,17.1703946928033
6.02718253968254,0.615377739569542,0.511649916610169,4.42141930176972,17.1711669044226
6.02728174603175,0.615942437655267,0.511691445646183,4.41930486974962,17.1719392352409
6.02738095238095,0.616506164133232,0.511733186003842,4.41719144895,17.1727116848564
6.02748015873016,0.617068920283835,0.511775137259115,4.41507903889042,17.1734842528672
6.02757936507937,0.617630707386651,0.511817298988261,4.41296763909069,17.1742569388718
6.02767857142857,0.618191526720437,0.511859670767834,4.41085724907078,17.1750297424689
6.02777777777778,0.61875137956313,0.511902252174676,4.40874786835088,17.1758026632577
6.02787698412698,0.619310267191847,0.511945042785922,4.40663949645135,17.1765757008374
6.02797619047619,0.619868190882887,0.511988042178999,4.40453213289277,17.1773488548077
6.0280753968254,0.620425151911722,0.512031249931623,4.40242577719594,17.1781221247685
6.0281746031746,0.620981151553012,0.512074665621804,4.4003204288818,17.17889551032
6.02827380952381,0.621536191080595,0.512118288827843,4.39821608747153,17.1796690110627
6.02837301587302,0.622090271767487,0.512162119128332,4.3961127524865,17.1804426265973
6.02847222222222,0.622643394885888,0.512206156102153,4.39401042344826,17.1812163565249
6.02857142857143,0.623195561707175,0.512250399328482,4.39190909987858,17.1819902004468
6.02867063492064,0.623746773501911,0.512294848386786,4.38980878129939,17.1827641579646
6.02876984126984,0.624297031539825,0.512339502856821,4.3877094672329,17.1835382286802
6.02886904761905,0.624846337089841,0.512384362318637,4.38561115720142,17.1843124121959
6.02896825396825,0.625394691420057,0.512429426352574,4.38351385072752,17.185086708114
6.02906746031746,0.625942095797752,0.512474694539265,4.38141754733394,17.1858611160373
6.02916666666667,0.626488551489385,0.512520166459632,4.37932224654362,17.1866356355689
6.02926587301587,0.627034059760595,0.512565841694892,4.37722794787972,17.1874102663121
6.02936507936508,0.627578621876202,0.512611719826549,4.37513465086557,17.1881850078705
6.02946428571429,0.62812223910021,0.512657800436402,4.37304235502469,17.188959859848
6.02956349206349,0.628664912695789,0.51270408310654,4.37095105988085,17.1897348218487
6.0296626984127,0.629206643925305,0.512750567419344,4.36886076495797,17.1905098934771
6.02976190476191,0.629747434050297,0.512797252957485,4.36677146978017,17.1912850743379
6.02986111111111,0.630287284331485,0.512844139303927,4.36468317387179,17.1920603640362
6.02996031746032,0.630826196028771,0.512891226041925,4.36259587675735,17.1928357621773
6.03005952380952,0.631364170401234,0.512938512755026,4.36050957796158,17.1936112683668
6.03015873015873,0.631901208707139,0.512985999027067,4.35842427700938,17.1943868822106
6.03025793650794,0.632437312203919,0.513033684442176,4.3563399734259,17.1951626033147
6.03035714285714,0.6329724821482,0.513081568584776,4.35425666673644,17.1959384312857
6.03045634920635,0.633506719795784,0.513129651039578,4.3521743564665,17.1967143657304
6.03055555555556,0.63404002640165,0.513177931391585,4.35009304214182,17.1974904062556
6.03065476190476,0.634572403219961,0.513226409226093,4.34801272328829,17.1982665524687
6.03075396825397,0.635103851504059,0.513275084128688,4.34593339943201,17.1990428039773
6.03085317460317,0.635634372506466,0.513323955685247,4.34385507009929,17.1998191603893
6.03095238095238,0.636163967478888,0.513373023481941,4.34177773481663,17.2005956213128
6.03105158730159,0.6366926376722,0.513422287105229,4.33970139311074,17.2013721863562
6.03115079365079,0.637220384336467,0.513471746141864,4.3376260445085,17.2021488551283
6.03125,0.637747208720933,0.513521400178889,4.33555168853702,17.2029256272381
6.03134920634921,0.63827311207402,0.513571248803639,4.33347832472357,17.2037025022948
6.03144841269841,0.638798095643332,0.513621291603741,4.33140595259566,17.2044794799081
6.03154761904762,0.639322160675652,0.513671528167113,4.32933457168096,17.2052565596877
6.03164682539683,0.639845308416947,0.513721958081964,4.32726418150734,17.2060337412439
6.03174603174603,0.640367540112352,0.513772580936794,4.32519478160292,17.206811024187
6.03184523809524,0.640888857006196,0.513823396320396,4.32312637149596,17.2075884081278
6.03194444444444,0.641409260341983,0.513874403821853,4.32105895071493,17.2083658926773
6.03204365079365,0.641928751362396,0.513925603030541,4.31899251878851,17.2091434774467
6.03214285714286,0.6424473313093,0.513976993536125,4.31692707524557,17.2099211620476
6.03224206349206,0.642965001423739,0.514028574928565,4.31486261961518,17.2106989460918
6.03234126984127,0.643481762945937,0.514080346798108,4.3127991514266,17.2114768291915
6.03244047619048,0.643997617115304,0.514132308735297,4.31073667020928,17.2122548109591
6.03253968253968,0.644512565170417,0.514184460330962,4.30867517549292,17.2130328910073
6.03263888888889,0.645026608349044,0.514236801176228,4.30661466680736,17.2138110689491
6.03273809523809,0.645539747888131,0.51428933086251,4.30455514368265,17.2145893443977
6.0328373015873,0.646051985023803,0.514342048981515,4.30249660564904,17.2153677169667
6.03293650793651,0.646563320991367,0.514394955125239,4.300439052237,17.2161461862699
6.03303571428571,0.647073757025307,0.514448048885973,4.29838248297716,17.2169247519215
6.03313492063492,0.647583294359294,0.514501329856298,4.29632689740036,17.2177034135358
6.03323412698413,0.648091934226166,0.514554797629085,4.29427229503768,17.2184821707276
6.03333333333333,0.648599677857953,0.514608451797499,4.29221867542033,17.2192610231118
6.03343253968254,0.649106526485862,0.514662291954994,4.29016603807976,17.2200399703036
6.03353174603175,0.649612481340279,0.514716317695317,4.28811438254761,17.2208190119187
6.03363095238095,0.650117543650772,0.514770528612506,4.28606370835571,17.2215981475728
6.03373015873016,0.650621714646087,0.51482492430089,4.28401401503608,17.222377376882
6.03382936507936,0.651124995554151,0.514879504355091,4.28196530212096,17.2231566994628
6.03392857142857,0.651627387602076,0.514934268370021,4.27991756914277,17.2239361149318
6.03402777777778,0.652128892016142,0.514989215940882,4.27787081563414,17.224715622906
6.03412698412698,0.65262951002182,0.515044346663171,4.2758250411279,17.2254952230026
6.03422619047619,0.653129242843758,0.515099660132674,4.27378024515706,17.2262749148391
6.0343253968254,0.653628091705784,0.515155155945469,4.27173642725483,17.2270546980334
6.0344246031746,0.654126057830906,0.515210833697926,4.26969358695464,17.2278345722036
6.03452380952381,0.654623142441312,0.515266692986704,4.26765172379008,17.2286145369681
6.03462301587302,0.655119346758376,0.515322733408759,4.26561083729496,17.2293945919455
6.03472222222222,0.655614672002638,0.515378954561331,4.26357092700332,17.2301747367547
6.03482142857143,0.656109119393831,0.515435356041956,4.26153199244933,17.2309549710151
6.03492063492063,0.656602690150864,0.515491937448462,4.25949403316741,17.231735294346
6.03501984126984,0.657095385491826,0.515548698378967,4.25745704869215,17.2325157063674
6.03511904761905,0.657587206633987,0.515605638431879,4.25542103855835,17.2332962066994
6.03521825396825,0.658078154793796,0.5156627572059,4.253386002301,17.2340767949622
6.03531746031746,0.658568231186883,0.515720054300023,4.2513519394553,17.2348574707766
6.03541666666667,0.659057437028062,0.51577752931353,4.24931884955662,17.2356382337634
6.03551587301587,0.659545773531315,0.515835181845998,4.24728673214058,17.236419083544
6.03561507936508,0.660033241909817,0.515893011497292,4.24525558674294,17.2372000197398
6.03571428571429,0.660519843375918,0.515951017867572,4.24322541289968,17.2379810419726
6.03581349206349,0.661005579141148,0.516009200557285,4.241196210147,17.2387621498645
6.0359126984127,0.661490450416218,0.516067559167175,4.23916797802125,17.2395433430379
6.0360119047619,0.66197445841102,0.516126093298272,4.23714071605903,17.2403246211153
6.03611111111111,0.662457604334628,0.516184802551902,4.23511442379708,17.2411059837199
6.03621031746032,0.662939889395287,0.516243686529678,4.2330891007724,17.2418874304746
6.03630952380952,0.663421314800431,0.516302744833507,4.23106474652215,17.2426689610031
6.03640873015873,0.663901881756671,0.516361977065589,4.22904136058369,17.2434505749291
6.03650793650794,0.664381591469801,0.516421382828412,4.22701894249458,17.2442322718768
6.03660714285714,0.664860445144792,0.516480961724758,4.22499749179259,17.2450140514703
6.03670634920635,0.665338443985795,0.516540713357699,4.22297700801566,17.2457959133345
6.03680555555556,0.665815589196145,0.516600637330598,4.22095749070196,17.2465778570942
6.03690476190476,0.666291881978355,0.516660733247112,4.21893893938982,17.2473598823746
6.03700396825397,0.666767323534113,0.516721000711186,4.21692135361781,17.2481419888011
6.03710317460317,0.667241915064295,0.51678143932706,4.21490473292468,17.2489241759997
6.03720238095238,0.667715657768953,0.516842048699262,4.21288907684937,17.2497064435962
6.03730158730159,0.668188552847321,0.516902828432614,4.21087438493101,17.2504887912172
6.03740079365079,0.668660601497813,0.516963778132228,4.20886065670896,17.2512712184891
6.0375,0.669131804918021,0.517024897403509,4.20684789172274,17.2520537250389
6.03759920634921,0.669602164304723,0.517086185852151,4.20483608951207,17.2528363104938
6.03769841269841,0.670071680853867,0.517147643084142,4.20282524961693,17.2536189744813
6.03779761904762,0.670540355760589,0.517209268705758,4.20081537157741,17.2544017166292
6.03789682539683,0.671008190219205,0.517271062323571,4.19880645493386,17.2551845365654
6.03799603174603,0.671475185423207,0.517333023544442,4.19679849922678,17.2559674339183
6.03809523809524,0.671941342565272,0.517395151975522,4.19479150399692,17.2567504083165
6.03819444444444,0.672406662837253,0.517457447224256,4.19278546878518,17.257533459389
6.03829365079365,0.672871147430186,0.517519908898379,4.19078039313269,17.2583165867649
6.03839285714286,0.673334797534289,0.517582536605919,4.18877627658074,17.2590997900736
6.03849206349206,0.673797614338952,0.517645329955193,4.18677311867087,17.259883068945
6.03859126984127,0.674259599032751,0.51770828855481,4.18477091894479,17.260666423009
6.03869047619048,0.674720752803444,0.517771412013673,4.1827696769444,17.261449851896
6.03878968253968,0.675181076837966,0.517834699940974,4.18076939221179,17.2622333552366
6.03888888888889,0.675640572322434,0.517898151946196,4.17877006428929,17.2630169326617
6.03898809523809,0.676099240442142,0.517961767639116,4.17677169271937,17.2638005838024
6.0390873015873,0.676557082381572,0.5180255466298,4.17477427704474,17.2645843082902
6.03918650793651,0.677014099324372,0.518089488528605,4.17277781680831,17.2653681057568
6.03928571428571,0.677470292453383,0.518153592946184,4.17078231155316,17.2661519758344
6.03938492063492,0.677925662950622,0.518217859493475,4.16878776082258,17.266935918155
6.03948412698413,0.678380211997285,0.518282287781712,4.16679416416006,17.2677199323515
6.03958333333333,0.67883394077375,0.518346877422419,4.16480152110929,17.2685040180566
6.03968253968254,0.679286850459575,0.518411628027412,4.16280983121413,17.2692881749035
6.03978174603175,0.679738942233496,0.518476539208797,4.16081909401869,17.2700724025257
6.03988095238095,0.680190217273435,0.518541610578973,4.15882930906721,17.2708567005569
6.03998015873016,0.680640676756484,0.518606841750629,4.15684047590421,17.271641068631
6.04007936507937,0.681090321858923,0.518672232336747,4.15485259407434,17.2724255063825
6.04017857142857,0.68153915375621,0.518737781950599,4.15286566312247,17.2732100134458
6.04027777777778,0.681987173622985,0.51880349020575,4.15087968259366,17.2739945894559
6.04037698412698,0.682434382633065,0.518869356716055,4.1488946520332,17.2747792340478
6.04047619047619,0.68288078195945,0.518935381095661,4.14691057098653,17.2755639468571
6.0405753968254,0.683326372774321,0.519001562959006,4.1449274389993,17.2763487275195
6.0406746031746,0.683771156249032,0.51906790192082,4.14294525561741,17.2771335756709
6.04077380952381,0.684215133554125,0.519134397596125,4.14096402038688,17.2779184909477
6.04087301587302,0.684658305859319,0.519201049600233,4.13898373285398,17.2787034729864
6.04097222222222,0.685100674333513,0.519267857548747,4.13700439256515,17.2794885214238
6.04107142857143,0.685542240144788,0.519334821057565,4.13502599906704,17.2802736358972
6.04117063492063,0.685983004460404,0.519401939742873,4.1330485519065,17.2810588160439
6.04126984126984,0.686422968446801,0.519469213221149,4.13107205063057,17.2818440615017
6.04136904761905,0.686862133269602,0.519536641109163,4.12909649478648,17.2826293719085
6.04146825396825,0.687300500093601,0.519604223023976,4.12712188392169,17.2834147469026
6.04156746031746,0.687738070082782,0.519671958582942,4.12514821758382,17.2842001861226
6.04166666666667,0.688174844400306,0.519739847403704,4.12317549532071,17.2849856892073
6.04176587301587,0.688610824208515,0.519807889104197,4.12120371668039,17.2857712557959
6.04186507936508,0.689046010668928,0.51987608330265,4.11923288121108,17.2865568855277
6.04196428571429,0.689480404942248,0.51994442961758,4.11726298846121,17.2873425780425
6.04206349206349,0.689914008188359,0.520012927667798,4.1152940379794,17.2881283329803
6.0421626984127,0.690346821566317,0.520081577072404,4.11332602931448,17.2889141499813
6.04226190476191,0.690778846234366,0.520150377450792,4.11135896201546,17.289700028686
6.04236111111111,0.691210083349929,0.520219328422645,4.10939283563157,17.2904859687354
6.04246031746032,0.691640534069608,0.52028842960794,4.1074276497122,17.2912719697705
6.04255952380952,0.692070199549185,0.520357680626943,4.10546340380698,17.2920580314327
6.04265873015873,0.692499080943623,0.520427081100213,4.1035000974657,17.2928441533637
6.04275793650794,0.692927179407064,0.5204966306486,4.10153773023838,17.2936303352055
6.04285714285714,0.693354496092835,0.520566328893246,4.09957630167521,17.2944165766004
6.04295634920635,0.693781032153432,0.520636175455582,4.09761581132661,17.2952028771909
6.04305555555556,0.694206788740542,0.520706169957333,4.09565625874317,17.2959892366197
6.04315476190476,0.694631767005028,0.520776312020516,4.09369764347569,17.2967756545301
6.04325396825397,0.695055968096933,0.520846601267437,4.09173996507515,17.2975621305654
6.04335317460317,0.695479393165482,0.520917037320694,4.08978322309275,17.2983486643693
6.04345238095238,0.695902043359079,0.520987619803178,4.08782741707987,17.2991352555857
6.04355158730159,0.69632391982531,0.521058348338071,4.0858725465881,17.2999219038589
6.04365079365079,0.696745023710933,0.521129222548844,4.08391861116923,17.3007086088335
6.04375,0.697165356161897,0.521200242059263,4.08196561037524,17.3014953701541
6.04384920634921,0.697584918323326,0.521271406493382,4.0800135437583,17.3022821874661
6.04394841269841,0.698003711339525,0.52134271547555,4.0780624108708,17.3030690604146
6.04404761904762,0.698421736353978,0.521414168630404,4.0761122112653,17.3038559886455
6.04414682539683,0.69883899450935,0.521485765582875,4.07416294449457,17.3046429718045
6.04424603174603,0.699255486947488,0.521557505958185,4.07221461011159,17.3054300095381
6.04434523809524,0.69967121480942,0.521629389381846,4.07026720766951,17.3062171014926
6.04444444444444,0.700086179235344,0.521701415479662,4.06832073672171,17.307004247315
6.04454365079365,0.700500381364651,0.521773583877729,4.06637519682175,17.3077914466522
6.04464285714286,0.700913822335906,0.521845894202435,4.06443058752337,17.3085786991517
6.04474206349206,0.701326503286855,0.521918346080458,4.06248690838055,17.3093660044611
6.04484126984127,0.701738425354425,0.521990939138768,4.06054415894743,17.3101533622283
6.04494047619048,0.702149589674721,0.522063673004626,4.05860233877837,17.3109407721017
6.04503968253968,0.702559997383035,0.522136547305587,4.05666144742789,17.3117282337296
6.04513888888889,0.702969649613826,0.522209561669494,4.05472148445078,17.3125157467609
6.0452380952381,0.703378547500745,0.522282715724482,4.05278244940196,17.3133033108446
6.0453373015873,0.703786692176619,0.522356009098979,4.05084434183657,17.3140909256302
6.04543650793651,0.704194084773455,0.522429441421704,4.04890716130995,17.3148785907672
6.04553571428571,0.704600726422441,0.522503012321667,4.04697090737765,17.3156663059057
6.04563492063492,0.705006618253944,0.522576721428169,4.04503557959538,17.3164540706957
6.04573412698413,0.705411761397513,0.522650568370803,4.04310117751909,17.3172418847878
6.04583333333333,0.705816156981879,0.522724552779455,4.04116770070489,17.3180297478329
6.04593253968254,0.706219806134943,0.522798674284299,4.03923514870912,17.3188176594819
6.04603174603175,0.706622709983798,0.522872932515803,4.03730352108832,17.3196056193862
6.04613095238095,0.707024869654712,0.522947327104726,4.03537281739918,17.3203936271974
6.04623015873016,0.707426286273133,0.523021857682117,4.03344303719864,17.3211816825675
6.04632936507937,0.70782696096369,0.523096523879319,4.03151418004381,17.3219697851487
6.04642857142857,0.708226894850194,0.523171325327964,4.029586245492,17.3227579345934
6.04652777777778,0.708626089055635,0.523246261659977,4.02765923310071,17.3235461305544
6.04662698412698,0.709024544702178,0.523321332507574,4.02573314242768,17.3243343726848
6.04672619047619,0.709422262911174,0.523396537503262,4.0238079730308,17.325122660638
6.0468253968254,0.709819244803155,0.52347187627984,4.02188372446817,17.3259109940675
6.0469246031746,0.710215491497829,0.523547348470398,4.0199603962981,17.3266993726272
6.04702380952381,0.710611004114088,0.523622953708317,4.01803798807908,17.3274877959714
6.04712301587302,0.71100578377,0.523698691627272,4.01611649936982,17.3282762637545
6.04722222222222,0.711399831582817,0.523774561861225,4.01419592972919,17.3290647756313
6.04732142857143,0.711793148668973,0.523850564044434,4.0122762787163,17.3298533312568
6.04742063492063,0.712185736144072,0.523926697811445,4.01035754589044,17.3306419302864
6.04751984126984,0.712577595122908,0.524002962797098,4.00843973081109,17.3314305723756
6.04761904761905,0.712968726719453,0.524079358636522,4.00652283303794,17.3322192571805
6.04771825396825,0.713359132046857,0.52415588496514,4.00460685213087,17.333007984357
6.04781746031746,0.713748812217453,0.524232541418663,4.00269178764996,17.3337967535618
6.04791666666667,0.714137768342752,0.524309327633098,4.00077763915548,17.3345855644516
6.04801587301587,0.714526001533449,0.52438624324474,3.9988644062079,17.3353744166834
6.04811507936508,0.714913512899409,0.524463287890176,3.99695208836791,17.3361633099145
6.04821428571429,0.715300303549689,0.524540461206285,3.99504068519637,17.3369522438026
6.04831349206349,0.715686374592521,0.524617762830237,3.99313019625434,17.3377412180054
6.0484126984127,0.716071727135316,0.524695192399495,3.9912206211031,17.3385302321812
6.0485119047619,0.716456362284669,0.52477274955181,3.9893119593041,17.3393192859885
6.04861111111111,0.716840281146351,0.524850433925229,3.987404210419,17.340108379086
6.04871031746032,0.717223484825316,0.524928245158086,3.98549737400966,17.3408975111327
6.04880952380952,0.7176059744257,0.525006182889011,3.98359144963812,17.3416866817879
6.04890873015873,0.717987751050811,0.52508424675692,3.98168643686665,17.3424758907112
6.04900793650794,0.718368815803145,0.525162436401024,3.97978233525771,17.3432651375625
6.04910714285714,0.718749169784376,0.525240751460826,3.97787914437392,17.3440544220019
6.04920634920635,0.719128814095357,0.525319191576118,3.97597686377814,17.34484374369
6.04930555555556,0.719507749836124,0.525397756386985,3.9740754930334,17.3456331022873
6.04940476190476,0.71988597810589,0.525476445533803,3.97217503170296,17.346422497455
6.04950396825397,0.720263500003052,0.525555258657241,3.97027547935022,17.3472119288544
6.04960317460317,0.72064031662518,0.525634195398256,3.96837683553886,17.3480013961469
6.04970238095238,0.721016429069031,0.525713255398098,3.96647909983269,17.3487908989946
6.04980158730159,0.72139183843054,0.52579243829831,3.96458227179574,17.3495804370595
6.04990079365079,0.721766545804822,0.525871743740725,3.96268635099224,17.350370010004
6.05,0.722140552286174,0.525951171367468,3.9607913369866,17.3511596174909
6.05009920634921,0.722513858968069,0.526030720820954,3.95889722934347,17.3519492591833
6.05019841269841,0.722886466943164,0.526110391743892,3.95700402762765,17.3527389347443
6.05029761904762,0.723258377303297,0.52619018377928,3.95511173140414,17.3535286438375
6.05039682539683,0.723629591139479,0.526270096570408,3.9532203402382,17.3543183861269
6.05049603174603,0.724000109541909,0.526350129760859,3.95132985369521,17.3551081612765
6.05059523809524,0.724369933599964,0.526430282994505,3.94944027134079,17.3558979689508
6.05069444444444,0.724739064402199,0.526510555915512,3.94755159274075,17.3566878088145
6.05079365079365,0.725107503036351,0.526590948168336,3.94566381746108,17.3574776805325
6.05089285714286,0.725475250589338,0.526671459397723,3.943776945068,17.3582675837702
6.05099206349206,0.725842308147259,0.526752089248714,3.94189097512789,17.3590575181931
6.05109126984127,0.726208676795385,0.526832837366638,3.94000590720737,17.359847483467
6.05119047619048,0.726574357618178,0.526913703397118,3.93812174087323,17.3606374792582
6.05128968253968,0.726939351699274,0.526994686986066,3.93623847569245,17.3614275052329
6.05138888888889,0.727303660121492,0.527075787779688,3.93435611123223,17.362217561058
6.05148809523809,0.727667283966829,0.527157005424479,3.93247464705995,17.3630076464003
6.0515873015873,0.728030224316463,0.527238339567228,3.9305940827432,17.3637977609271
6.05168650793651,0.728392482250752,0.527319789855013,3.92871441784976,17.3645879043061
6.05178571428571,0.728754058849238,0.527401355935205,3.9268356519476,17.365378076205
6.05188492063492,0.729114955190634,0.527483037455466,3.92495778460493,17.3661682762919
6.05198412698413,0.729475172352842,0.527564834063748,3.92308081539009,17.3669585042353
6.05208333333333,0.72983471141294,0.527646745408298,3.92120474387168,17.3677487597039
6.05218253968254,0.730193573447187,0.52772877113765,3.91932956961845,17.3685390423665
6.05228174603175,0.730551759531023,0.527810910900633,3.91745529219937,17.3693293518925
6.05238095238095,0.730909270739067,0.527893164346367,3.91558191118361,17.3701196879514
6.05248015873016,0.731266108145121,0.527975531124261,3.91370942614052,17.3709100502131
6.05257936507937,0.731622272822161,0.528058010884016,3.91183783663969,17.3717004383476
6.05267857142857,0.731977765842349,0.528140603275628,3.90996714225086,17.3724908520253
6.05277777777778,0.732332588277024,0.52822330794938,3.90809734254398,17.373281290917
6.05287698412698,0.732686741196707,0.528306124555848,3.90622843708921,17.3740717546935
6.05297619047619,0.733040225671099,0.528389052745902,3.90436042545689,17.3748622430261
6.0530753968254,0.73339304276908,0.528472092170699,3.90249330721758,17.3756527555864
6.0531746031746,0.733745193558711,0.52855524248169,3.90062708194203,17.3764432920461
6.05327380952381,0.734096679107236,0.528638503330617,3.89876174920115,17.3772338520774
6.05337301587302,0.734447500481071,0.528721874369514,3.89689730856612,17.3780244353526
6.05347222222222,0.734797658745819,0.528805355250705,3.89503375960826,17.3788150415444
6.05357142857143,0.735147154966263,0.528888945626807,3.89317110189911,17.3796056703258
6.05367063492063,0.735495990206364,0.528972645150728,3.89130933501039,17.38039632137
6.05376984126984,0.735844165529264,0.529056453475666,3.88944845851405,17.3811869943505
6.05386904761905,0.736191681997284,0.529140370255113,3.88758847198221,17.3819776889411
6.05396825396825,0.73653854067193,0.52922439514285,3.88572937498717,17.3827684048159
6.05406746031746,0.73688474261388,0.529308527792951,3.8838711671015,17.3835591416493
6.05416666666667,0.737230288882997,0.52939276785978,3.88201384789789,17.3843498991158
6.05426587301587,0.737575180538325,0.529477114997994,3.88015741694927,17.3851406768906
6.05436507936508,0.737919418638088,0.529561568862542,3.87830187382874,17.3859314746488
6.05446428571429,0.738263004239686,0.529646129108661,3.87644721810963,17.3867222920658
6.05456349206349,0.738605938399706,0.529730795391883,3.87459344936545,17.3875131288175
6.0546626984127,0.738948222173908,0.529815567368029,3.87274056716989,17.3883039845801
6.05476190476191,0.739289856617241,0.529900444693215,3.87088857109686,17.3890948590297
6.05486111111111,0.739630842783822,0.529985427023843,3.86903746072048,17.3898857518431
6.05496031746032,0.739971181726957,0.530070514016611,3.86718723561505,17.3906766626972
6.05505952380952,0.740310874499132,0.530155705328506,3.86533789535505,17.3914675912693
6.05515873015873,0.74064992215201,0.530241000616808,3.86348943951519,17.3922585372367
6.05525793650794,0.740988325736437,0.530326399539088,3.86164186767035,17.3930495002773
6.05535714285714,0.741326086302435,0.530411901753207,3.85979517939564,17.3938404800693
6.05545634920635,0.741663204899213,0.530497506917319,3.85794937426632,17.3946314762908
6.05555555555556,0.741999682575151,0.530583214689869,3.8561044518579,17.3954224886205
6.05565476190476,0.742335520377817,0.530669024729594,3.85426041174606,17.3962135167375
6.05575396825397,0.742670719353956,0.53075493669552,3.85241725350667,17.3970045603208
6.05585317460317,0.743005280549492,0.530840950246969,3.85057497671583,17.3977956190499
6.05595238095238,0.743339205009533,0.530927065043549,3.84873358094979,17.3985866926047
6.05605158730159,0.743672493778364,0.531013280745165,3.84689306578503,17.3993777806652
6.05615079365079,0.74400514789945,0.531099597012008,3.84505343079823,17.4001688829117
6.05625,0.744337168415441,0.531186013504565,3.84321467556624,17.4009599990248
6.05634920634921,0.744668556368157,0.531272529883611,3.84137679966615,17.4017511286855
6.05644841269841,0.744999312798609,0.531359145810215,3.83953980267522,17.402542271575
6.05654761904762,0.745329438746983,0.531445860945735,3.83770368417089,17.4033334273746
6.05664682539683,0.745658935252645,0.531532674951823,3.83586844373084,17.4041245957663
6.05674603174603,0.745987803354143,0.531619587490421,3.83403408093292,17.4049157764319
6.05684523809524,0.746316044089203,0.531706598223762,3.83220059535518,17.405706969054
6.05694444444444,0.746643658494736,0.531793706814373,3.83036798657585,17.406498173315
6.05704365079365,0.746970647606825,0.531880912925068,3.82853625417343,17.4072893888979
6.05714285714286,0.74729701246074,0.531968216218955,3.82670539772652,17.4080806154858
6.05724206349206,0.747622754090928,0.532055616359436,3.82487541681399,17.4088718527623
6.05734126984127,0.747947873531017,0.532143113010199,3.82304631101487,17.409663100411
6.05744047619048,0.748272371813817,0.532230705835228,3.8212180799084,17.410454358116
6.05753968253968,0.748596249971315,0.532318394498795,3.81939072307401,17.4112456255616
6.05763888888889,0.748919509034679,0.532406178665468,3.81756424009135,17.4120369024325
6.0577380952381,0.749242150034262,0.532494058000101,3.81573863054022,17.4128281884135
6.0578373015873,0.749564173999587,0.532582032167842,3.81391389400068,17.4136194831897
6.05793650793651,0.749885581959366,0.532670100834132,3.81209003005295,17.4144107864467
6.05803571428571,0.750206374941489,0.532758263664701,3.81026703827745,17.4152020978702
6.05813492063492,0.750526553973024,0.532846520325571,3.8084449182548,17.4159934171462
6.05823412698413,0.750846120080221,0.532934870483056,3.80662366956582,17.416784743961
6.05833333333333,0.75116507428851,0.533023313803761,3.80480329179153,17.4175760780012
6.05843253968254,0.751483417622504,0.533111849954583,3.80298378451312,17.4183674189536
6.05853174603175,0.751801151105987,0.53320047860271,3.80116514731203,17.4191587665055
6.05863095238095,0.752118275761934,0.53328919941562,3.79934737976987,17.4199501203443
6.05873015873016,0.752434792612493,0.533378012061086,3.79753048146843,17.4207414801577
6.05882936507937,0.752750702678996,0.53346691620717,3.79571445198972,17.4215328456337
6.05892857142857,0.753066006981954,0.533555911522224,3.79389929091594,17.4223242164607
6.05902777777778,0.753380706541058,0.533644997674895,3.79208499782949,17.4231155923271
6.05912698412698,0.753694802375178,0.533734174334119,3.79027157231297,17.423906972922
6.05922619047619,0.754008295502369,0.533823441169125,3.78845901394915,17.4246983579343
6.0593253968254,0.754321186939858,0.533912797849431,3.78664732232106,17.4254897470536
6.0594246031746,0.754633477704058,0.534002244044848,3.78483649701187,17.4262811399696
6.05952380952381,0.754945168810562,0.534091779425479,3.78302653760497,17.4270725363722
6.05962301587302,0.755256261274141,0.534181403661718,3.78121744368394,17.4278639359518
6.05972222222222,0.755566756108748,0.53427111642425,3.77940921483256,17.428655338399
6.05982142857143,0.755876654327515,0.534360917384051,3.77760185063481,17.4294467434045
6.05992063492064,0.756185956942757,0.53445080621239,3.77579535067486,17.4302381506596
6.06001984126984,0.756494664965962,0.534540782580827,3.77398971453711,17.4310295598556
6.06011904761905,0.756802779407806,0.534630846161211,3.77218494180611,17.4318209706843
6.06021825396825,0.757110301278142,0.534720996625686,3.77038103206663,17.4326123828376
6.06031746031746,0.757417231586002,0.534811233646686,3.76857798490364,17.4334037960079
6.06041666666667,0.7577235713396,0.534901556896935,3.76677579990231,17.4341952098877
6.06051587301587,0.758029321546331,0.534991966049451,3.76497447664799,17.4349866241698
6.06061507936508,0.758334483212767,0.535082460777542,3.76317401472625,17.4357780385473
6.06071428571429,0.758639057344665,0.535173040754807,3.76137441372282,17.4365694527138
6.06081349206349,0.758943044946954,0.535263705655136,3.7595756732237,17.4373608663628
6.0609126984127,0.759246447023752,0.535354455152714,3.75777779281501,17.4381522791883
6.06101190476191,0.759549264578352,0.535445288922013,3.75598077208311,17.4389436908847
6.06111111111111,0.759851498613229,0.535536206637799,3.75418461061454,17.4397351011465
6.06121031746032,0.760153150130039,0.535627207975128,3.75238930799606,17.4405265096685
6.06130952380952,0.760454220129615,0.535718292609349,3.75059486381459,17.4413179161457
6.06140873015873,0.760754709611976,0.535809460216103,3.74880127765727,17.4421093202738
6.06150793650794,0.761054619576313,0.535900710471318,3.74700854911146,17.4429007217482
6.06160714285714,0.761353951021002,0.535992043051218,3.74521667776468,17.443692120265
6.06170634920635,0.7616527049436,0.536083457632317,3.74342566320466,17.4444835155205
6.06180555555556,0.761950882340844,0.53617495389142,3.74163550501933,17.4452749072111
6.06190476190476,0.762248484208647,0.536266531505624,3.73984620279682,17.4460662950338
6.06200396825397,0.762545511542108,0.536358190152318,3.73805775612546,17.4468576786855
6.06210317460317,0.762841965335502,0.53644992950918,3.73627016459376,17.4476490578638
6.06220238095238,0.763137846582288,0.536541749254183,3.73448342779044,17.4484404322662
6.06230158730159,0.763433156275098,0.536633649065588,3.73269754530443,17.4492318015908
6.06240079365079,0.763727895405752,0.53672562862195,3.73091251672483,17.4500231655358
6.0625,0.764022064965246,0.536817687602113,3.72912834164097,17.4508145237996
6.06259920634921,0.764315665943759,0.536909825685216,3.72734501964234,17.4516058760812
6.06269841269841,0.764608699330646,0.537002042550685,3.72556255031866,17.4523972220797
6.06279761904762,0.764901166114446,0.537094337878241,3.72378093325983,17.4531885614943
6.06289682539683,0.765193067282879,0.537186711347895,3.72200016805594,17.4539798940248
6.06299603174603,0.765484403822839,0.53727916263995,3.72022025429732,17.4547712193711
6.06309523809524,0.765775176720405,0.537371691434998,3.71844119157444,17.4555625372335
6.06319444444444,0.766065386960835,0.537464297413927,3.71666297947801,17.4563538473125
6.06329365079365,0.76635503552857,0.537556980257912,3.71488561759891,17.4571451493088
6.06339285714286,0.766644123407226,0.537649739648423,3.71310910552824,17.4579364429236
6.06349206349206,0.766932651579603,0.537742575267218,3.71133344285728,17.4587277278582
6.06359126984127,0.76722062102768,0.53783548679635,3.70955862917752,17.4595190038143
6.06369047619048,0.767508032732617,0.53792847391816,3.70778466408063,17.4603102704939
6.06378968253968,0.767794887674751,0.538021536315283,3.70601154715851,17.4611015275991
6.06388888888889,0.768081186833602,0.538114673670643,3.70423927800323,17.4618927748324
6.06398809523809,0.768366931187871,0.538207885667459,3.70246785620706,17.4626840118968
6.0640873015873,0.768652121715437,0.538301171989238,3.70069728136248,17.4634752384951
6.06418650793651,0.768936759393361,0.538394532319781,3.69892755306215,17.4642664543308
6.06428571428571,0.769220845197881,0.538487966343177,3.69715867089895,17.4650576591076
6.06438492063492,0.769504380104422,0.538581473743812,3.69539063446591,17.4658488525293
6.06448412698413,0.769787365087578,0.538675054206357,3.69362344335635,17.4666400343002
6.06458333333333,0.770069801121134,0.538768707415779,3.69185709716368,17.4674312041247
6.06468253968254,0.77035168917805,0.538862433057334,3.69009159548159,17.4682223617078
6.06478174603175,0.770633030230466,0.538956230816571,3.68832693790392,17.4690135067543
6.06488095238095,0.770913825249704,0.53905010037933,3.68656312402473,17.4698046389697
6.06498015873016,0.771194075206266,0.539144041431743,3.68480015343826,17.4705957580596
6.06507936507936,0.771473781069833,0.539238053660231,3.68303802573896,17.4713868637299
6.06517857142857,0.771752943809269,0.53933213675151,3.68127674052146,17.4721779556869
6.06527777777778,0.772031564392611,0.539426290392583,3.67951629738064,17.4729690336369
6.06537698412698,0.772309643787084,0.539520514270749,3.67775669591152,17.4737600972869
6.06547619047619,0.77258718295909,0.539614808073596,3.67599793570934,17.4745511463438
6.0655753968254,0.772864182874212,0.539709171489004,3.67424001636953,17.4753421805149
6.0656746031746,0.773140644497211,0.539803604205144,3.67248293748773,17.476133199508
6.06577380952381,0.773416568792032,0.539898105910479,3.67072669865976,17.4769242030308
6.06587301587302,0.773691956721798,0.539992676293763,3.66897129948165,17.4777151907917
6.06597222222222,0.773966809248809,0.540087315044042,3.66721673954963,17.478506162499
6.06607142857143,0.77424112733455,0.540182021850652,3.66546301846013,17.4792971178615
6.06617063492063,0.774514911939685,0.540276796403222,3.66371013580976,17.4800880565884
6.06626984126984,0.774788164024056,0.540371638391672,3.66195809119534,17.4808789783888
6.06636904761905,0.775060884546689,0.540466547506214,3.66020688421389,17.4816698829725
6.06646825396825,0.775333074465787,0.54056152343735,3.65845651446261,17.4824607700493
6.06656746031746,0.775604734738734,0.540656565875874,3.65670698153892,17.4832516393293
6.06666666666667,0.775875866322097,0.540751674512873,3.65495828504042,17.4840424905232
6.06676587301587,0.776146470171615,0.540846849039722,3.65321042456493,17.4848333233415
6.06686507936508,0.776416547242216,0.540942089148091,3.65146339971045,17.4856241374954
6.06696428571429,0.776686098488005,0.541037394529939,3.64971721007517,17.4864149326962
6.06706349206349,0.776955124862266,0.541132764877518,3.6479718552575,17.4872057086554
6.0671626984127,0.777223627317465,0.541228199883372,3.64622733485602,17.487996465085
6.0672619047619,0.777491606805247,0.541323699240333,3.64448364846953,17.4887872016971
6.06736111111111,0.777759064276439,0.541419262641528,3.64274079569702,17.4895779182042
6.06746031746032,0.778026000681043,0.541514889780374,3.64099877613769,17.490368614319
6.06755952380952,0.778292416968248,0.541610580350579,3.63925758939092,17.4911592897546
6.06765873015873,0.77855831408642,0.541706334046144,3.63751723505628,17.4919499442242
6.06775793650794,0.778823692983103,0.541802150561359,3.63577771273356,17.4927405774414
6.06785714285714,0.779088554605025,0.541898029590808,3.63403902202275,17.4935311891202
6.06795634920635,0.779352899898093,0.541993970829365,3.632301162524,17.4943217789746
6.06805555555556,0.779616729807392,0.542089973972195,3.6305641338377,17.4951123467192
6.06815476190476,0.779880045277193,0.542186038714757,3.62882793556441,17.4959028920686
6.06825396825397,0.780142847250938,0.542282164752798,3.62709256730492,17.4966934147379
6.06835317460317,0.780405136671256,0.542378351782358,3.62535802866017,17.4974839144423
6.06845238095238,0.780666914479955,0.542474599499769,3.62362431923135,17.4982743908975
6.06855158730159,0.780928181618022,0.542570907601654,3.62189143861979,17.4990648438193
6.06865079365079,0.781188939025625,0.542667275784928,3.62015938642708,17.4998552729238
6.06875,0.781449187642113,0.542763703746795,3.61842816225495,17.5006456779275
6.06884920634921,0.781708928406015,0.542860191184754,3.61669776570535,17.5014360585472
6.06894841269841,0.781968162255035,0.542956737796592,3.61496819638046,17.5022264144997
6.06904761904762,0.782226890126065,0.54305334328039,3.61323945388261,17.5030167455025
6.06914682539683,0.782485112955172,0.543150007334519,3.61151153781435,17.503807051273
6.06924603174603,0.782742831677605,0.543246729657642,3.60978444777841,17.5045973315291
6.06934523809524,0.783000047227794,0.543343509948715,3.60805818337776,17.505387585989
6.06944444444444,0.783256760539347,0.543440347906981,3.60633274421551,17.5061778143711
6.06954365079365,0.783512972545055,0.54353724323198,3.60460812989501,17.5069680163941
6.06964285714286,0.783768684176887,0.543634195623539,3.60288434001978,17.5077581917769
6.06974206349206,0.784023896365991,0.543731204781779,3.60116137419357,17.5085483402389
6.06984126984127,0.784278610042698,0.54382827040711,3.5994392320203,17.5093384614996
6.06994047619048,0.784532826136517,0.543925392200237,3.5977179131041,17.5101285552789
6.07003968253968,0.78478654557614,0.544022569862152,3.59599741704928,17.5109186212969
6.07013888888889,0.785039769289436,0.544119803094144,3.59427774346038,17.511708659274
6.07023809523809,0.785292498183284,0.544217091605986,3.59255889194139,17.5124986689392
6.0703373015873,0.785544729426018,0.544314436626082,3.59084086196759,17.5132886515564
6.07043650793651,0.785796460931406,0.544411839077381,3.58912365305445,17.5140786080801
6.07053571428571,0.786047693303028,0.544509298789108,3.58740726481599,17.514868538359
6.07063492063492,0.786298427144145,0.544606815590591,3.58569169686643,17.5156584422418
6.07073412698413,0.786548663057705,0.544704389311253,3.5839769488201,17.5164483195774
6.07083333333333,0.786798401646339,0.544802019780617,3.5822630202915,17.5172381702148
6.07093253968254,0.787047643512364,0.544899706828303,3.58054991089529,17.5180279940029
6.07103174603175,0.787296389257782,0.544997450284033,3.57883762024626,17.518817790791
6.07113095238095,0.787544639484279,0.545095249977624,3.57712614795933,17.5196075604282
6.07123015873016,0.787792394793224,0.545193105738993,3.57541549364964,17.5203973027639
6.07132936507937,0.788039655785675,0.545291017398154,3.5737056569324,17.5211870176475
6.07142857142857,0.788286423062371,0.545388984785223,3.57199663742302,17.5219767049284
6.07152777777778,0.788532697223737,0.545487007730411,3.57028843473703,17.5227663644564
6.07162698412698,0.788778478869885,0.545585086064029,3.56858104849012,17.523555996081
6.07172619047619,0.789023768600609,0.545683219616487,3.56687447829814,17.5243455996521
6.0718253968254,0.78926856701539,0.545781408218293,3.56516872377706,17.5251351750195
6.0719246031746,0.789512874713389,0.545879651700053,3.56346378454305,17.5259247220332
6.07202380952381,0.789756692293458,0.545977949892473,3.56175966021237,17.5267142405433
6.07212301587302,0.79000002035413,0.546076302626355,3.56005635040148,17.5275037303999
6.07222222222222,0.790242859493624,0.546174709732603,3.55835385472694,17.5282931914532
6.07232142857143,0.790485210309844,0.546273171042216,3.5566521728055,17.5290826235537
6.07242063492063,0.790727073400378,0.546371686386294,3.55495130425405,17.5298720265516
6.07251984126984,0.790968449362499,0.546470255596035,3.5532512486896,17.5306614002976
6.07261904761905,0.791209338793167,0.546568878502735,3.55155200572935,17.5314507446423
6.07271825396825,0.791449742289022,0.546667554937788,3.54985357499063,17.5322400594363
6.07281746031746,0.791689660446392,0.546766284732689,3.54815595609092,17.5330293445305
6.07291666666667,0.79192909386129,0.546865067719028,3.54645914864786,17.5338185997758
6.07301587301587,0.792168043129414,0.546963903728497,3.54476315227921,17.534607825023
6.07311507936508,0.792406508846144,0.547062792592884,3.5430679666029,17.5353970201235
6.07321428571429,0.792644491606548,0.547161734144077,3.54137359123703,17.5361861849281
6.07331349206349,0.792881992005379,0.547260728214062,3.53968002579979,17.5369753192884
6.0734126984127,0.79311901063707,0.547359774634923,3.53798726990959,17.5377644230555
6.07351190476191,0.793355548095743,0.547458873238843,3.53629532318494,17.538553496081
6.07361111111111,0.793591604975205,0.547558023858104,3.53460418524452,17.5393425382163
6.07371031746032,0.793827181868946,0.547657226325086,3.53291385570714,17.5401315493132
6.07380952380952,0.794062279370142,0.547756480472269,3.53122433419179,17.5409205292233
6.07390873015873,0.794296898071652,0.547855786132228,3.52953562031758,17.5417094777985
6.07400793650794,0.794531038566022,0.54795514313764,3.52784771370378,17.5424983948906
6.07410714285714,0.794764701445483,0.548054551321279,3.52616061396981,17.5432872803517
6.07420634920635,0.794997887301947,0.548154010516018,3.52447432073525,17.5440761340338
6.07430555555556,0.795230596727014,0.548253520554828,3.52278883361981,17.5448649557892
6.07440476190476,0.795462830311969,0.548353081270779,3.52110415224336,17.54565374547
6.07450396825397,0.79569458864778,0.54845269249704,3.51942027622591,17.5464425029288
6.07460317460317,0.795925872325102,0.548552354066877,3.51773720518763,17.5472312280179
6.07470238095238,0.796156681934273,0.548652065813656,3.51605493874884,17.54801992059
6.07480158730159,0.796387018065317,0.548751827570842,3.51437347652999,17.5488085804976
6.07490079365079,0.79661688130794,0.548851639171996,3.51269281815171,17.5495972075934
6.075,0.796846272251537,0.548951500450779,3.51101296323476,17.5503858017304
6.07509920634921,0.797075191485184,0.549051411240952,3.50933391140004,17.5511743627615
6.07519841269841,0.797303639597645,0.549151371376372,3.50765566226862,17.5519628905396
6.07529761904762,0.797531617177366,0.549251380690996,3.50597821546171,17.5527513849179
6.07539682539683,0.79775912481248,0.549351439018879,3.50430157060066,17.5535398457495
6.07549603174603,0.797986163090804,0.549451546194175,3.50262572730699,17.5543282728879
6.07559523809524,0.79821273259984,0.549551702051138,3.50095068520234,17.5551166661863
6.07569444444444,0.798438833926772,0.549651906424116,3.49927644390853,17.5559050254982
6.07579365079365,0.798664467658473,0.54975215914756,3.49760300304753,17.5566933506772
6.07589285714286,0.798889634381499,0.549852460056017,3.49593036224142,17.557481641577
6.07599206349206,0.79911433468209,0.549952808984134,3.49425852111246,17.5582698980514
6.07609126984127,0.799338569146172,0.550053205766656,3.49258747928306,17.5590581199541
6.07619047619048,0.799562338359355,0.550153650238426,3.49091723637577,17.5598463071392
6.07628968253968,0.799785642906937,0.550254142234387,3.48924779201327,17.5606344594606
6.07638888888889,0.800008483373894,0.550354681589579,3.48757914581845,17.5614225767724
6.0764880952381,0.800230860344892,0.550455268139141,3.48591129741429,17.562210658929
6.0765873015873,0.80045277440428,0.55055590171831,3.48424424642393,17.5629987057846
6.07668650793651,0.800674226136094,0.550656582162423,3.48257799247069,17.5637867171936
6.07678571428571,0.800895216124051,0.550757309306915,3.48091253517799,17.5645746930105
6.07688492063492,0.801115744951557,0.550858082987319,3.47924787416945,17.5653626330899
6.07698412698413,0.801335813201699,0.550958903039267,3.47758400906881,17.5661505372865
6.07708333333333,0.801555421457252,0.551059769298489,3.47592093949995,17.566938405455
6.07718253968254,0.801774570300673,0.551160681600813,3.47425866508693,17.5677262374504
6.07728174603175,0.801993260314105,0.551261639782167,3.47259718545394,17.5685140331275
6.07738095238095,0.802211492079375,0.551362643678577,3.47093650022532,17.5693017923415
6.07748015873016,0.802429266177998,0.551463693126168,3.46927660902557,17.5700895149474
6.07757936507937,0.80264658319117,0.551564787961162,3.46761751147932,17.5708772008005
6.07767857142857,0.802863443699773,0.551665928019882,3.46595920721136,17.5716648497562
6.07777777777778,0.803079848284375,0.551767113138747,3.46430169584662,17.5724524616698
6.07787698412698,0.803295797525226,0.551868343154275,3.46264497701021,17.5732400363969
6.07797619047619,0.803511292002264,0.551969617903084,3.46098905032736,17.574027573793
6.0780753968254,0.80372633229511,0.552070937221889,3.45933391542346,17.5748150737139
6.0781746031746,0.803940918983069,0.552172300947505,3.45767957192403,17.5756025360154
6.07827380952381,0.804155052645133,0.552273708916844,3.45602601945476,17.5763899605533
6.07837301587302,0.804368733859978,0.552375160966918,3.4543732576415,17.5771773471836
6.07847222222222,0.804581963205964,0.552476656934836,3.45272128611021,17.5779646957624
6.07857142857143,0.804794741261138,0.552578196657807,3.45107010448703,17.5787520061458
6.07867063492063,0.805007068603227,0.552679779973138,3.44941971239825,17.5795392781901
6.07876984126984,0.805218945809646,0.552781406718233,3.4477701094703,17.5803265117517
6.07886904761905,0.805430373457497,0.552883076730597,3.44612129532975,17.5811137066869
6.07896825396825,0.805641352123563,0.552984789847833,3.44447326960334,17.5819008628524
6.07906746031746,0.805851882384313,0.55308654590764,3.44282603191793,17.5826879801046
6.07916666666667,0.806061964815902,0.55318834474782,3.44117958190057,17.5834750583004
6.07926587301587,0.80627159999417,0.55329018620627,3.43953391917841,17.5842620972966
6.07936507936508,0.806480788494637,0.553392070120986,3.4378890433788,17.58504909695
6.07946428571429,0.806689530892513,0.553493996330064,3.43624495412921,17.5858360571176
6.07956349206349,0.806897827762692,0.553595964671697,3.43460165105726,17.5866229776565
6.0796626984127,0.80710567967975,0.553697974984177,3.43295913379072,17.587409858424
6.0797619047619,0.807313087217952,0.553800027105896,3.43131740195752,17.5881966992772
6.07986111111111,0.807520050951245,0.553902120875342,3.42967645518572,17.5889835000735
6.07996031746032,0.80772657145326,0.554004256131104,3.42803629310355,17.5897702606704
6.08005952380952,0.807932649297316,0.554106432711868,3.42639691533936,17.5905569809254
6.08015873015873,0.808138285056413,0.554208650456418,3.4247583215217,17.5913436606962
6.08025793650794,0.808343479303238,0.554310909203637,3.42312051127923,17.5921302998404
6.08035714285714,0.808548232610164,0.554413208792509,3.42148348424075,17.592916898216
6.08045634920635,0.808752545549245,0.554515549062113,3.41984724003524,17.5937034556809
6.08055555555556,0.808956418692224,0.554617929851628,3.41821177829182,17.5944899720929
6.08065476190476,0.809159852610525,0.554720351000333,3.41657709863974,17.5952764473103
6.08075396825397,0.809362847875262,0.554822812347603,3.41494320070841,17.5960628811912
6.08085317460317,0.809565405057227,0.554925313732911,3.41331008412741,17.596849273594
6.08095238095238,0.8097675247269,0.555027854995833,3.41167774852645,17.5976356243769
6.08105158730159,0.809969207454448,0.555130435976039,3.41004619353539,17.5984219333985
6.08115079365079,0.810170453809719,0.5552330565133,3.40841541878424,17.5992082005174
6.08125,0.810371264362249,0.555335716447484,3.40678542390315,17.5999944255921
6.08134920634921,0.810571639681257,0.555438415618558,3.40515620852244,17.6007806084814
6.08144841269841,0.810771580335647,0.55554115386659,3.40352777227256,17.6015667490443
6.08154761904762,0.81097108689401,0.555643931031742,3.40190011478412,17.6023528471395
6.08164682539683,0.811170159924615,0.555746746954278,3.40027323568788,17.6031389026261
6.08174603174603,0.811368799995423,0.555849601474559,3.39864713461475,17.6039249153633
6.08184523809524,0.811567007674078,0.555952494433045,3.39702181119577,17.6047108852102
6.08194444444444,0.811764783527907,0.556055425670295,3.39539726506216,17.6054968120262
6.08204365079365,0.811962128123924,0.556158395026965,3.39377349584526,17.6062826956707
6.08214285714286,0.812159042028825,0.556261402343811,3.39215050317657,17.6070685360031
6.08224206349206,0.812355525808995,0.556364447461689,3.39052828668775,17.607854332883
6.08234126984127,0.812551580030498,0.556467530221548,3.3889068460106,17.6086400861701
6.08244047619048,0.812747205259088,0.556570650464442,3.38728618077707,17.6094257957241
6.08253968253968,0.812942402060202,0.556673808031519,3.38566629061926,17.6102114614049
6.08263888888889,0.81313717099896,0.556777002764029,3.38404717516941,17.6109970830725
6.08273809523809,0.813331512640169,0.556880234503317,3.38242883405993,17.6117826605869
6.0828373015873,0.813525427548321,0.556983503090829,3.38081126692335,17.6125681938083
6.08293650793651,0.813718916287591,0.557086808368109,3.37919447339237,17.6133536825967
6.08303571428571,0.813911979421842,0.5571901501768,3.37757845309984,17.6141391268127
6.08313492063492,0.814104617514617,0.557293528358641,3.37596320567875,17.6149245263166
6.08323412698413,0.814296831129146,0.557396942755473,3.37434873076226,17.6157098809688
6.08333333333333,0.814488620828345,0.557500393209234,3.37273502798363,17.61649519063
6.08343253968254,0.814679987174815,0.557603879561959,3.37112209697633,17.6172804551609
6.08353174603175,0.814870930730839,0.557707401655785,3.36950993737393,17.6180656744223
6.08363095238095,0.815061452058387,0.557810959332944,3.36789854881019,17.6188508482749
6.08373015873016,0.815251551719115,0.55791455243577,3.36628793091896,17.6196359765799
6.08382936507937,0.815441230274359,0.558018180806692,3.36467808333433,17.6204210591983
6.08392857142857,0.815630488285144,0.558121844288239,3.36306900569045,17.6212060959911
6.08402777777778,0.815819326312179,0.558225542723039,3.36146069762168,17.6219910868197
6.08412698412698,0.816007744915858,0.558329275953819,3.35985315876248,17.6227760315453
6.08422619047619,0.816195744656258,0.558433043823403,3.35824638874751,17.6235609300295
6.0843253968254,0.816383326093142,0.558536846174715,3.35664038721154,17.6243457821337
6.0844246031746,0.816570489785959,0.558640682850776,3.3550351537895,17.6251305877195
6.08452380952381,0.816757236293842,0.558744553694708,3.35343068811646,17.6259153466487
6.08462301587302,0.816943566175605,0.558848458549728,3.35182698982769,17.626700058783
6.08472222222222,0.817129479989753,0.558952397259154,3.35022405855854,17.6274847239843
6.08482142857143,0.817314978294473,0.559056369666402,3.34862189394455,17.6282693421147
6.08492063492063,0.817500061647635,0.559160375614988,3.3470204956214,17.6290539130361
6.08501984126984,0.817684730606796,0.559264414948522,3.34541986322491,17.6298384366109
6.08511904761905,0.817868985729199,0.559368487510718,3.34381999639107,17.6306229127011
6.08521825396825,0.818052827571769,0.559472593145387,3.34222089475597,17.6314073411692
6.08531746031746,0.818236256691116,0.559576731696435,3.34062255795594,17.6321917218776
6.08541666666667,0.818419273643536,0.55968090300787,3.33902498562737,17.6329760546888
6.08551587301587,0.81860187898501,0.559785106923798,3.33742817740684,17.6337603394656
6.08561507936508,0.818784073271203,0.559889343288423,3.33583213293107,17.6345445760705
6.08571428571429,0.818965857057464,0.559993611946049,3.33423685183694,17.6353287643664
6.08581349206349,0.81914723089883,0.560097912741076,3.33264233376147,17.6361129042163
6.0859126984127,0.819328195350019,0.560202245518004,3.33104857834183,17.6368969954831
6.08601190476191,0.819508750965437,0.560306610121433,3.32945558521532,17.6376810380299
6.08611111111111,0.819688898299171,0.560411006396057,3.32786335401943,17.6384650317198
6.08621031746032,0.819868637904996,0.560515434186674,3.32627188439178,17.6392489764163
6.08630952380952,0.82004797033637,0.560619893338176,3.32468117597013,17.6400328719826
6.08640873015873,0.820226896146438,0.560724383695557,3.3230912283924,17.6408167182822
6.08650793650794,0.820405415888027,0.560828905103908,3.32150204129664,17.6416005151786
6.08660714285714,0.820583530113651,0.560933457408418,3.31991361432109,17.6423842625355
6.08670634920635,0.820761239375508,0.561038040454377,3.31832594710408,17.6431679602167
6.08680555555556,0.82093854422548,0.561142654087168,3.31673903928416,17.643951608086
6.08690476190476,0.821115445215134,0.561247298152279,3.31515289049997,17.6447352060072
6.08700396825397,0.821291942895724,0.561351972495293,3.31356750039032,17.6455187538444
6.08710317460317,0.821468037818185,0.561456676961892,3.31198286859418,17.6463022514618
6.08720238095238,0.82164373053314,0.561561411397858,3.31039899475066,17.6470856987234
6.08730158730159,0.821819021590896,0.561666175649068,3.30881587849901,17.6478690954937
6.08740079365079,0.821993911541444,0.561770969561502,3.30723351947864,17.648652441637
6.0875,0.822168400934461,0.561875792981237,3.3056519173291,17.6494357370177
6.08759920634921,0.822342490319305,0.561980645754445,3.30407107169011,17.6502189815005
6.08769841269841,0.822516180245025,0.562085527727401,3.30249098220153,17.65100217495
6.08779761904762,0.82268947126035,0.562190438746478,3.30091164850335,17.6517853172309
6.08789682539683,0.822862363913696,0.562295378658145,3.29933307023572,17.6525684082081
6.08799603174603,0.823034858753164,0.562400347308972,3.29775524703896,17.6533514477466
6.08809523809524,0.823206956326536,0.562505344545627,3.29617817855351,17.6541344357113
6.08819444444444,0.823378657181286,0.562610370214875,3.29460186441997,17.6549173719675
6.08829365079365,0.823549961864565,0.562715424163582,3.29302630427909,17.6557002563803
6.08839285714286,0.823720870923213,0.562820506238709,3.29145149777178,17.656483088815
6.08849206349206,0.823891384903755,0.56292561628732,3.28987744453909,17.657265869137
6.08859126984127,0.824061504352399,0.563030754156574,3.2883041442222,17.6580485972119
6.08869047619048,0.824231229815039,0.563135919693731,3.28673159646247,17.6588312729051
6.08878968253968,0.824400561837254,0.563241112746147,3.28515980090139,17.6596138960825
6.08888888888889,0.824569500964306,0.563346333161279,3.28358875718061,17.6603964666097
6.0889880952381,0.824738047741146,0.563451580786681,3.28201846494191,17.6611789843526
6.0890873015873,0.824906202712403,0.563556855470006,3.28044892382725,17.6619614491772
6.08918650793651,0.825073966422396,0.563662157059005,3.27888013347873,17.6627438609496
6.08928571428571,0.825241339415128,0.563767485401528,3.27731209353857,17.6635262195358
6.08938492063492,0.825408322234285,0.563872840345525,3.27574480364918,17.6643085248021
6.08948412698413,0.825574915423241,0.563978221739041,3.27417826345309,17.6650907766148
6.08958333333333,0.825741119525051,0.564083629430224,3.27261247259299,17.6658729748404
6.08968253968254,0.825906935082458,0.564189063267316,3.2710474307117,17.6666551193454
6.08978174603175,0.826072362637886,0.564294523098661,3.26948313745225,17.6674372099963
6.08988095238095,0.826237402733448,0.5644000087727,3.26791959245775,17.6682192466599
6.08998015873016,0.826402055910939,0.564505520137972,3.26635679537149,17.6690012292029
6.09007936507937,0.826566322711841,0.564611057043116,3.2647947458369,17.6697831574923
6.09017857142857,0.826730203677318,0.564716619336868,3.26323344349757,17.670565031395
6.09027777777778,0.826893699348221,0.564822206868065,3.26167288799724,17.671346850778
6.09037698412698,0.827056810265085,0.56492781948564,3.26011307897978,17.6721286155085
6.09047619047619,0.82721953696813,0.565033457038626,3.25855401608922,17.6729103254538
6.0905753968254,0.827381879997261,0.565139119376152,3.25699569896975,17.6736919804813
6.0906746031746,0.827543839892066,0.56524480634745,3.25543812726571,17.6744735804583
6.09077380952381,0.82770541719182,0.565350517801846,3.25388130062156,17.6752551252524
6.09087301587302,0.827866612435482,0.565456253588768,3.25232521868194,17.6760366147311
6.09097222222222,0.828027426161696,0.56556201355774,3.25076988109163,17.6768180487623
6.09107142857143,0.828187858908791,0.565667797558387,3.24921528749554,17.6775994272137
6.09117063492064,0.828347911214781,0.565773605440431,3.24766143753875,17.6783807499532
6.09126984126984,0.828507583617361,0.565879437053691,3.2461083308665,17.6791620168489
6.09136904761905,0.828666876653917,0.565985292248088,3.24455596712416,17.6799432277687
6.09146825396825,0.828825790861515,0.566091170873639,3.24300434595725,17.6807243825808
6.09156746031746,0.828984326776908,0.566197072780461,3.24145346701144,17.6815054811536
6.09166666666667,0.829142484936534,0.566302997818767,3.23990332993256,17.6822865233554
6.09176587301587,0.829300265876515,0.566408945838873,3.23835393436657,17.6830675090546
6.09186507936508,0.829457670132657,0.566514916691189,3.23680527995959,17.6838484381198
6.09196428571429,0.829614698240453,0.566620910226227,3.23525736635789,17.6846293104197
6.09206349206349,0.829771350735078,0.566726926294594,3.2337101932079,17.6854101258228
6.0921626984127,0.829927628151393,0.566832964746999,3.23216376015618,17.6861908841982
6.09226190476191,0.830083531023946,0.566939025434248,3.23061806684945,17.6869715854146
6.09236111111111,0.830239059886966,0.567045108207245,3.22907311293458,17.6877522293411
6.09246031746032,0.83039421527437,0.567151212916993,3.22752889805857,17.6885328158469
6.09255952380952,0.830548997719758,0.567257339414594,3.22598542186859,17.6893133448009
6.09265873015873,0.830703407756415,0.567363487551249,3.22444268401195,17.6900938160727
6.09275793650794,0.830857445917311,0.567469657178255,3.22290068413613,17.6908742295315
6.09285714285714,0.8310111127351,0.567575848147011,3.22135942188872,17.6916545850468
6.09295634920635,0.831164408742123,0.567682060309011,3.2198188969175,17.6924348824882
6.09305555555556,0.831317334470403,0.567788293515851,3.21827910887037,17.6932151217253
6.09315476190476,0.83146989045165,0.567894547619223,3.21674005739539,17.6939953026279
6.09325396825397,0.831622077217257,0.568000822470919,3.21520174214077,17.6947754250657
6.09335317460317,0.831773895298304,0.568107117922828,3.21366416275487,17.6955554889088
6.09345238095238,0.831925345225555,0.56821343382694,3.21212731888617,17.6963354940272
6.09355158730159,0.832076427529456,0.56831977003534,3.21059121018337,17.697115440291
6.09365079365079,0.832227142740141,0.568426126400215,3.20905583629525,17.6978953275703
6.09375,0.832377491387428,0.568532502773848,3.20752119687077,17.6986751557355
6.09384920634921,0.832527474000821,0.568638899008622,3.20598729155903,17.699454924657
6.09394841269841,0.832677091109505,0.568745314957019,3.20445412000929,17.7002346342053
6.09404761904762,0.832826343242354,0.568851750471617,3.20292168187094,17.7010142842509
6.09414682539683,0.832975230927925,0.568958205405097,3.20138997679353,17.7017938746645
6.09424603174603,0.833123754694458,0.569064679610233,3.19985900442677,17.7025734053169
6.09434523809524,0.833271915069881,0.569171172939901,3.19832876442051,17.7033528760789
6.09444444444444,0.833419712581806,0.569277685247075,3.19679925642475,17.7041322868215
6.09454365079365,0.833567147757528,0.569384216384827,3.19527048008962,17.7049116374157
6.09464285714286,0.833714221124028,0.569490766206329,3.19374243506544,17.7056909277326
6.09474206349206,0.833860933207972,0.569597334564849,3.19221512100264,17.7064701576435
6.09484126984127,0.834007284535711,0.569703921313756,3.19068853755181,17.7072493270197
6.09494047619048,0.834153275633281,0.569810526306517,3.18916268436371,17.7080284357326
6.09503968253968,0.834298907026399,0.569917149396695,3.18763756108922,17.7088074836537
6.09513888888889,0.834444179240473,0.570023790437955,3.1861131673794,17.7095864706546
6.09523809523809,0.834589092800592,0.570130449284058,3.18458950288543,17.710365396607
6.0953373015873,0.834733648231529,0.570237125788866,3.18306656725865,17.7111442613826
6.09543650793651,0.834877846057745,0.570343819806337,3.18154436015055,17.7119230648534
6.09553571428571,0.835021686803383,0.57045053119053,3.18002288121278,17.7127018068912
6.09563492063492,0.835165170992273,0.5705572597956,3.17850213009711,17.7134804873682
6.09573412698413,0.835308299147927,0.570664005475802,3.17698210645549,17.7142591061565
6.09583333333333,0.835451071793545,0.570770768085489,3.17546280994,17.7150376631284
6.09593253968254,0.835593489452009,0.570877547479114,3.17394424020288,17.7158161581561
6.09603174603175,0.83573555264589,0.570984343511228,3.1724263968965,17.7165945911121
6.09613095238095,0.835877261897435,0.571091156036477,3.17090927967342,17.7173729618689
6.09623015873016,0.836018617728586,0.57119798490961,3.16939288818632,17.7181512702992
6.09632936507937,0.836159620660964,0.571304829985472,3.16787722208802,17.7189295162756
6.09642857142857,0.836300271215876,0.571411691119009,3.1663622810315,17.7197076996709
6.09652777777778,0.836440569914315,0.571518568165264,3.1648480646699,17.720485820358
6.09662698412698,0.836580517276956,0.571625460979377,3.1633345726565,17.72126387821
6.09672619047619,0.836720113824162,0.57173236941659,3.16182180464472,17.7220418730998
6.0968253968254,0.836859360075979,0.57183929333224,3.16030976028815,17.7228198049006
6.0969246031746,0.836998256552138,0.571946232581765,3.15879843924051,17.7235976734857
6.09702380952381,0.837136803772054,0.572053187020701,3.15728784115567,17.7243754787285
6.09712301587302,0.837275002254829,0.572160156504682,3.15577796568767,17.7251532205024
6.09722222222222,0.837412852519247,0.57226714088944,3.15426881249068,17.7259308986809
6.09732142857143,0.83755035508378,0.572374140030807,3.15276038121902,17.7267085131376
6.09742063492063,0.837687510466582,0.572481153784713,3.15125267152716,17.7274860637463
6.09751984126984,0.837824319185495,0.572588182007187,3.14974568306972,17.7282635503808
6.09761904761905,0.837960781758039,0.572695224554354,3.14823941550149,17.729040972915
6.09771825396825,0.838096898701426,0.57280228128244,3.14673386847738,17.7298183312228
6.09781746031746,0.83823267053255,0.57290935204777,3.14522904165247,17.7305956251784
6.09791666666667,0.838368097767991,0.573016436706765,3.14372493468196,17.731372854656
6.09801587301587,0.838503180924011,0.573123535115948,3.14222154722123,17.7321500195298
6.09811507936508,0.83863792051656,0.573230647131937,3.1407188789258,17.7329271196742
6.09821428571429,0.83877231706127,0.573337772611451,3.13921692945133,17.7337041549637
6.09831349206349,0.83890637107346,0.573444911411306,3.13771569845363,17.7344811252727
6.0984126984127,0.839040083068133,0.573552063388417,3.13621518558868,17.735258030476
6.0985119047619,0.839173453559976,0.573659228399799,3.13471539051259,17.7360348704483
6.09861111111111,0.839306483063362,0.573766406302563,3.13321631288161,17.7368116450645
6.09871031746032,0.839439172092348,0.57387359695392,3.13171795235216,17.7375883541993
6.09880952380952,0.839571521160677,0.57398080021118,3.13022030858081,17.7383649977279
6.09890873015873,0.839703530781775,0.574088015931751,3.12872338122427,17.7391415755254
6.09900793650794,0.839835201468755,0.574195243973139,3.12722716993936,17.7399180874669
6.09910714285714,0.83996653373441,0.574302484192948,3.12573167438315,17.7406945334278
6.09920634920635,0.840097528091224,0.574409736448882,3.12423689421277,17.7414709132834
6.09930555555556,0.840228185051362,0.574517000598743,3.12274282908553,17.7422472269092
6.09940476190476,0.840358505126675,0.574624276500431,3.12124947865888,17.7430234741808
6.09950396825397,0.8404884888287,0.574731564011947,3.11975684259044,17.7437996549738
6.09960317460317,0.840618136668655,0.574838862991386,3.11826492053795,17.7445757691641
6.09970238095238,0.840747449157446,0.574946173296947,3.11677371215932,17.7453518166273
6.09980158730159,0.840876426805664,0.575053494786922,3.1152832171126,17.7461277972395
6.09990079365079,0.841005070123582,0.575160827319705,3.113793435056,17.7469037108768
6.1,0.841133379621161,0.575268170753789,3.11230436564786,17.7476795574151
6.10009920634921,0.841261355808045,0.575375524947762,3.11081600854669,17.7484553367308
6.10019841269841,0.841388999193562,0.575482889760315,3.10932836341114,17.7492310487002
6.10029761904762,0.841516310286728,0.575590265050234,3.1078414299,17.7500066931996
6.10039682539682,0.841643289596239,0.575697650676406,3.10635520767223,17.7507822701056
6.10049603174603,0.841769937630483,0.575805046497816,3.1048696963869,17.7515577792946
6.10059523809524,0.841896254897522,0.575912452373543,3.1033848957033,17.7523332206435
6.10069444444444,0.842022241905113,0.576019868162772,3.1019008052808,17.753108594029
6.10079365079365,0.842147899160693,0.576127293724782,3.10041742477895,17.7538838993279
6.10089285714286,0.842273227171384,0.576234728918952,3.09893475385744,17.7546591364172
6.10099206349206,0.842398226443994,0.576342173604758,3.09745279217611,17.7554343051739
6.10109126984127,0.842522897485016,0.576449627641776,3.09597153939497,17.7562094054752
6.10119047619048,0.842647240800625,0.576557090889681,3.09449099517414,17.7569844371984
6.10128968253968,0.842771256896685,0.576664563208245,3.09301115917392,17.7577594002206
6.10138888888889,0.842894946278741,0.57677204445734,3.09153203105476,17.7585342944194
6.10148809523809,0.843018309452024,0.576879534496934,3.09005361047723,17.7593091196723
6.1015873015873,0.843141346921452,0.576987033187097,3.08857589710207,17.7600838758569
6.10168650793651,0.843264059191625,0.577094540387994,3.08709889059018,17.7608585628508
6.10178571428571,0.843386446766828,0.577202055959893,3.0856225906026,17.7616331805318
6.10188492063492,0.843508510151032,0.577309579763155,3.08414699680049,17.7624077287779
6.10198412698413,0.843630249847894,0.577417111658246,3.08267210884519,17.763182207467
6.10208333333333,0.843751666360751,0.577524651505724,3.08119792639821,17.7639566164771
6.10218253968254,0.843872760192629,0.577632199166248,3.07972444912117,17.7647309556864
6.10228174603175,0.843993531846238,0.577739754500577,3.07825167667585,17.7655052249732
6.10238095238095,0.844113981823972,0.577847317369569,3.07677960872418,17.7662794242159
6.10248015873016,0.844234110627911,0.577954887634177,3.07530824492825,17.7670535532927
6.10257936507937,0.844353918759819,0.578062465155456,3.07383758495027,17.7678276120823
6.10267857142857,0.844473406721144,0.578170049794557,3.07236762845263,17.7686016004633
6.10277777777778,0.844592575013019,0.578277641412732,3.07089837509787,17.7693755183144
6.10287698412698,0.844711424136265,0.578385239871329,3.06942982454865,17.7701493655144
6.10297619047619,0.844829954591382,0.578492845031796,3.0679619764678,17.7709231419422
6.1030753968254,0.844948166878561,0.57860045675568,3.06649483051829,17.7716968474768
6.1031746031746,0.845066061497672,0.578708074904626,3.06502838636327,17.7724704819972
6.10327380952381,0.845183638948274,0.578815699340376,3.06356264366598,17.7732440453827
6.10337301587302,0.845300899729609,0.578923329924773,3.06209760208987,17.7740175375124
6.10347222222222,0.845417844340606,0.579030966519758,3.06063326129848,17.7747909582659
6.10357142857143,0.845534473279874,0.579138608987368,3.05916962095557,17.7755643075224
6.10367063492064,0.84565078704571,0.579246257189742,3.05770668072499,17.7763375851616
6.10376984126984,0.845766786136096,0.579353910989115,3.05624444027077,17.777110791063
6.10386904761905,0.845882471048699,0.579461570247823,3.05478289925707,17.7778839251065
6.10396825396825,0.845997842280869,0.579569234828297,3.0533220573482,17.7786569871718
6.10406746031746,0.846112900329643,0.579676904593071,3.05186191420865,17.7794299771389
6.10416666666667,0.84622764569174,0.579784579404773,3.05040246950302,17.7802028948877
6.10426587301587,0.846342078863567,0.579892259126133,3.04894372289608,17.7809757402984
6.10436507936508,0.846456200341214,0.579999943619979,3.04748567405274,17.781748513251
6.10446428571429,0.846570010620455,0.580107632749235,3.04602832263807,17.7825212136261
6.10456349206349,0.84668351019675,0.580215326376926,3.04457166831728,17.7832938413038
6.1046626984127,0.846796699565245,0.580323024366175,3.04311571075573,17.7840663961646
6.1047619047619,0.846909579220767,0.580430726580203,3.04166044961894,17.7848388780892
6.10486111111111,0.847022149657832,0.58053843288233,3.04020588457256,17.7856112869582
6.10496031746032,0.84713441137064,0.580646143135977,3.03875201528238,17.7863836226522
6.10505952380952,0.847246364853072,0.580753857204657,3.03729884141441,17.7871558850523
6.10515873015873,0.847358010598697,0.580861574951986,3.03584636263473,17.7879280740392
6.10525793650794,0.847469349100768,0.58096929624168,3.0343945786096,17.788700189494
6.10535714285714,0.847580380852225,0.581077020937551,3.03294348900542,17.7894722312978
6.10545634920635,0.847691106345689,0.58118474890351,3.03149309348875,17.7902441993318
6.10555555555556,0.847801526073469,0.581292480003566,3.0300433917263,17.7910160934774
6.10565476190476,0.847911640527557,0.581400214101827,3.02859438338491,17.7917879136159
6.10575396825397,0.84802145019963,0.581507951062502,3.02714606813159,17.7925596596287
6.10585317460317,0.84813095558105,0.581615690749893,3.0256984456335,17.7933313313976
6.10595238095238,0.848240157162864,0.581723433028407,3.02425151555793,17.7941029288041
6.10605158730159,0.848349055435804,0.581831177762544,3.02280527757234,17.7948744517299
6.10615079365079,0.848457650890285,0.581938924816905,3.02135973134432,17.7956459000571
6.10625,0.84856594401641,0.582046674056191,3.01991487654163,17.7964172736674
6.10634920634921,0.848673935303964,0.582154425345198,3.01847071283216,17.797188572443
6.10644841269841,0.848781625242419,0.582262178548825,3.01702723988393,17.7979597962659
6.10654761904762,0.848889014320928,0.582369933532065,3.01558445736519,17.7987309450185
6.10664682539683,0.848996103028332,0.582477690160011,3.01414236494426,17.7995020185829
6.10674603174603,0.849102891853158,0.582585448297856,3.01270096228963,17.8002730168417
6.10684523809524,0.849209381283614,0.58269320781089,3.01126024906996,17.8010439396772
6.10694444444444,0.849315571807595,0.582800968564504,3.00982022495402,17.8018147869722
6.10704365079365,0.849421463912682,0.582908730424183,3.00838088961077,17.8025855586093
6.10714285714286,0.849527058086137,0.583016493255515,3.00694224270929,17.8033562544712
6.10724206349206,0.849632354814911,0.583124256924185,3.00550428391883,17.8041268744409
6.10734126984127,0.849737354585637,0.583232021295975,3.00406701290877,17.8048974184012
6.10744047619048,0.849842057884634,0.583339786236767,3.00263042934866,17.8056678862354
6.10753968253968,0.849946465197905,0.583447551612542,3.00119453290817,17.8064382778264
6.10763888888889,0.850050577011138,0.583555317289378,2.99975932325716,17.8072085930576
6.1077380952381,0.850154393809706,0.583663083133453,2.9983248000656,17.8079788318122
6.1078373015873,0.850257916078668,0.583770849011044,2.99689096300363,17.8087489939737
6.10793650793651,0.850361144302766,0.583878614788525,2.99545781174151,17.8095190794257
6.10803571428572,0.850464078966427,0.583986380332366,2.99402534594972,17.8102890880517
6.10813492063492,0.850566720553762,0.584094145509142,2.99259356529883,17.8110590197354
6.10823412698413,0.85066906954857,0.584201910185522,2.99116246945955,17.8118288743607
6.10833333333333,0.850771126434331,0.584309674228274,2.98973205810278,17.8125986518113
6.10843253968254,0.850872891694213,0.584417437504266,2.98830233089955,17.8133683519713
6.10853174603175,0.850974365811066,0.584525199880463,2.98687328752103,17.8141379747248
6.10863095238095,0.851075549267428,0.58463296122393,2.98544492763855,17.8149075199559
6.10873015873016,0.851176442545518,0.58474072140183,2.98401725092359,17.8156769875489
6.10882936507937,0.851277046127242,0.584848480281422,2.98259025704778,17.8164463773881
6.10892857142857,0.851377360494191,0.584956237730069,2.9811639456829,17.817215689358
6.10902777777778,0.85147738612764,0.585063993615227,2.97973831650086,17.8179849233431
6.10912698412698,0.85157712350855,0.585171747804453,2.97831336917375,17.818754079228
6.10922619047619,0.851676573117564,0.585279500165404,2.97688910337378,17.8195231568974
6.1093253968254,0.851775735435012,0.585387250565833,2.97546551877334,17.8202921562362
6.1094246031746,0.851874610940911,0.585494998873594,2.97404261504491,17.8210610771293
6.10952380952381,0.851973200114956,0.585602744956634,2.97262039186122,17.8218299194616
6.10962301587302,0.852071503436534,0.585710488683006,2.97119884889507,17.8225986831183
6.10972222222222,0.852169521384712,0.585818229920857,2.96977798581941,17.8233673679844
6.10982142857143,0.852267254438245,0.585925968538434,2.96835780230738,17.8241359739454
6.10992063492063,0.852364703075571,0.586033704404082,2.96693829803224,17.8249045008866
6.11001984126984,0.852461867774812,0.586141437386244,2.9655194726674,17.8256729486933
6.11011904761905,0.852558749013777,0.586249167353464,2.96410132588644,17.8264413172513
6.11021825396825,0.852655347269958,0.58635689417438,2.96268385736307,17.827209606446
6.11031746031746,0.852751663020534,0.586464617717734,2.96126706677115,17.8279778161633
6.11041666666667,0.852847696742365,0.586572337852363,2.95985095378469,17.8287459462889
6.11051587301587,0.852943448912,0.586680054447202,2.95843551807786,17.8295139967089
6.11061507936508,0.85303892000567,0.586787767371288,2.95702075932498,17.8302819673091
6.11071428571428,0.853134110499292,0.586895476493753,2.95560667720049,17.8310498579758
6.11081349206349,0.853229020868467,0.587003181683829,2.95419327137902,17.8318176685951
6.1109126984127,0.853323651588483,0.587110882810849,2.9527805415353,17.8325853990533
6.1110119047619,0.853418003134307,0.587218579744238,2.95136848734428,17.8333530492367
6.11111111111111,0.853512075980599,0.587326272353526,2.949957108481,17.8341206190319
6.11121031746032,0.853605870601696,0.587433960508338,2.94854640462066,17.8348881083255
6.11130952380952,0.853699387471627,0.5875416440784,2.94713637543863,17.835655517004
6.11140873015873,0.853792627064099,0.587649322933534,2.9457270206104,17.8364228449542
6.11150793650794,0.853885589852509,0.587756996943662,2.94431833981163,17.837190092063
6.11160714285714,0.853978276309936,0.587864665978804,2.94291033271812,17.8379572582173
6.11170634920635,0.854070686909144,0.58797232990908,2.94150299900584,17.8387243433042
6.11180555555556,0.854162822122583,0.588079988604705,2.94009633835087,17.8394913472107
6.11190476190476,0.854254682422388,0.588187641935998,2.93869035042947,17.8402582698241
6.11200396825397,0.854346268280376,0.58829528977337,2.93728503491804,17.8410251110317
6.11210317460317,0.854437580168051,0.588402931987337,2.93588039149313,17.8417918707209
6.11220238095238,0.854528618556603,0.588510568448508,2.93447641983144,17.8425585487791
6.11230158730159,0.854619383916904,0.588618199027594,2.93307311960982,17.843325145094
6.11240079365079,0.854709876719514,0.588725823595406,2.93167049050524,17.8440916595532
6.1125,0.854800097434672,0.588833442022846,2.93026853219488,17.8448580920446
6.11259920634921,0.854890046532308,0.588941054180922,2.92886724435603,17.8456244424558
6.11269841269841,0.854979724482035,0.589048659940739,2.92746662666613,17.846390710675
6.11279761904762,0.855069131753148,0.589156259173499,2.92606667880278,17.8471568965902
6.11289682539683,0.855158268814632,0.589263851750502,2.9246674004437,17.8479230000894
6.11299603174603,0.855247136135151,0.58937143754315,2.9232687912668,17.848689021061
6.11309523809524,0.855335734183058,0.589479016422939,2.92187085095013,17.8494549593932
6.11319444444444,0.855424063426389,0.589586588261467,2.92047357917185,17.8502208149745
6.11329365079365,0.855512124332865,0.58969415293043,2.91907697561033,17.8509865876934
6.11339285714286,0.855599917369892,0.58980171030162,2.91768103994404,17.8517522774384
6.11349206349206,0.855687443004561,0.589909260246931,2.91628577185163,17.8525178840983
6.11359126984127,0.855774701703648,0.590016802638353,2.91489117101187,17.8532834075619
6.11369047619048,0.855861693933612,0.590124337347976,2.91349723710371,17.854048847718
6.11378968253968,0.855948420160599,0.590231864247988,2.91210396980623,17.8548142044555
6.11388888888889,0.856034880850439,0.590339383210676,2.91071136879865,17.8555794776637
6.1139880952381,0.856121076468645,0.590446894108424,2.90931943376039,17.8563446672315
6.1140873015873,0.856207007480419,0.590554396813715,2.90792816437096,17.8571097730483
6.11418650793651,0.856292674350642,0.590661891199132,2.90653756031004,17.8578747950035
6.11428571428571,0.856378077543886,0.590769377137356,2.90514762125747,17.8586397329863
6.11438492063492,0.856463217524404,0.590876854501166,2.90375834689322,17.8594045868864
6.11448412698413,0.856548094756134,0.59098432316344,2.90236973689743,17.8601693565934
6.11458333333333,0.856632709702699,0.591091782997154,2.90098179095037,17.8609340419969
6.11468253968254,0.856717062827409,0.591199233875382,2.89959450873247,17.8616986429869
6.11478174603175,0.856801154593255,0.591306675671299,2.89820788992431,17.8624631594531
6.11488095238095,0.856884985462916,0.591414108258175,2.89682193420661,17.8632275912856
6.11498015873016,0.856968555898754,0.591521531509382,2.89543664126024,17.8639919383744
6.11507936507936,0.857051866362816,0.591628945298388,2.89405201076624,17.8647562006098
6.11517857142857,0.857134917316835,0.591736349498761,2.89266804240578,17.8655203778819
6.11527777777778,0.857217709222227,0.591843743984167,2.89128473586018,17.8662844700812
6.11537698412698,0.857300242540096,0.591951128628371,2.88990209081088,17.867048477098
6.11547619047619,0.857382517731225,0.592058503305235,2.88852010693956,17.867812398823
6.1155753968254,0.857464535256087,0.59216586788872,2.88713878392796,17.8685762351467
6.1156746031746,0.857546295574838,0.592273222252887,2.88575812145799,17.8693399859599
6.11577380952381,0.857627799147318,0.592380566271896,2.88437811921174,17.8701036511535
6.11587301587302,0.857709046433054,0.592487899820002,2.88299877687142,17.8708672306182
6.11597222222222,0.857790037891256,0.592595222771562,2.88162009411938,17.8716307242451
6.11607142857143,0.857870773980819,0.592702535001031,2.88024207063816,17.8723941319254
6.11617063492063,0.857951255160322,0.59280983638296,2.87886470611041,17.8731574535501
6.11626984126984,0.858031481888032,0.592917126792001,2.87748800021895,17.8739206890107
6.11636904761905,0.858111454621897,0.593024406102905,2.87611195264675,17.8746838381984
6.11646825396825,0.858191173819552,0.593131674190519,2.8747365630769,17.8754469010047
6.11656746031746,0.858270639938315,0.59323893092979,2.87336183119269,17.8762098773211
6.11666666666667,0.858349853435192,0.593346176195765,2.87198775667751,17.8769727670395
6.11676587301587,0.85842881476687,0.593453409863586,2.87061433921492,17.8777355700513
6.11686507936508,0.858507524389724,0.593560631808499,2.86924157848863,17.8784982862486
6.11696428571429,0.85858598275981,0.59366784190584,2.86786947418252,17.8792609155232
6.11706349206349,0.858664190332873,0.593775040031052,2.86649802598058,17.8800234577672
6.1171626984127,0.85874214756434,0.593882226059673,2.86512723356697,17.8807859128726
6.11726190476191,0.858819854909324,0.593989399867338,2.863757096626,17.8815482807317
6.11736111111111,0.858897312822622,0.594096561329784,2.86238761484212,17.8823105612368
6.11746031746032,0.858974521758718,0.594203710322844,2.86101878789993,17.8830727542802
6.11755952380952,0.859051482171777,0.594310846722451,2.85965061548419,17.8838348597544
6.11765873015873,0.859128194515651,0.594417970404634,2.8582830972798,17.8845968775521
6.11775793650794,0.859204659243877,0.594525081245524,2.85691623297181,17.8853588075658
6.11785714285714,0.859280876809677,0.594632179121349,2.85555002224543,17.8861206496884
6.11795634920635,0.859356847665957,0.594739263908435,2.85418446478599,17.8868824038126
6.11805555555556,0.859432572265307,0.594846335483206,2.85281956027901,17.8876440698315
6.11815476190476,0.859508051060004,0.594953393722187,2.85145530841013,17.888405647638
6.11825396825397,0.859583284502008,0.595060438502,2.85009170886515,17.8891671371254
6.11835317460318,0.859658273042965,0.595167469699365,2.84872876133,17.8899285381868
6.11845238095238,0.859733017134204,0.595274487191101,2.8473664654908,17.8906898507155
6.11855158730159,0.859807517226739,0.595381490854125,2.84600482103379,17.8914510746049
6.11865079365079,0.859881773771272,0.595488480565454,2.84464382764536,17.8922122097486
6.11875,0.859955787218187,0.595595456202203,2.84328348501205,17.8929732560401
6.11884920634921,0.860029558017552,0.595702417641585,2.84192379282056,17.8937342133731
6.11894841269841,0.860103086619122,0.595809364760911,2.84056475075772,17.8944950816414
6.11904761904762,0.860176373472336,0.595916297437592,2.83920635851053,17.8952558607388
6.11914682539683,0.860249419026317,0.596023215549137,2.83784861576613,17.8960165505594
6.11924603174603,0.860322223729874,0.596130118973153,2.83649152221181,17.8967771509971
6.11934523809524,0.8603947880315,0.596237007587347,2.835135077535,17.8975376619462
6.11944444444444,0.860467112379373,0.596343881269522,2.8337792814233,17.8982980833008
6.11954365079365,0.860539197221356,0.596450739897581,2.83242413356444,17.8990584149553
6.11964285714286,0.860611043004996,0.596557583349526,2.8310696336463,17.899818656804
6.11974206349206,0.860682650177526,0.596664411503458,2.82971578135692,17.9005788087416
6.11984126984127,0.860754019185864,0.596771224237575,2.82836257638446,17.9013388706627
6.11994047619048,0.86082515047661,0.596878021430173,2.82701001841731,17.9020988424619
6.12003968253968,0.860896044496051,0.596984802959648,2.82565810714391,17.9028587240339
6.12013888888889,0.86096670169016,0.597091568704495,2.8243068422529,17.9036185152738
6.1202380952381,0.861037122504592,0.597198318543307,2.82295622343307,17.9043782160765
6.1203373015873,0.861107307384688,0.597305052354774,2.82160625037334,17.905137826337
6.12043650793651,0.861177256775475,0.597411770017686,2.82025692276279,17.9058973459505
6.12053571428571,0.861246971121663,0.597518471410932,2.81890824029065,17.9066567748124
6.12063492063492,0.861316450867648,0.597625156413498,2.8175602026463,17.9074161128178
6.12073412698413,0.861385696457509,0.597731824904471,2.81621280951926,17.9081753598623
6.12083333333333,0.861454708335012,0.597838476763033,2.81486606059922,17.9089345158413
6.12093253968254,0.861523486943607,0.597945111868468,2.81351995557598,17.9096935806506
6.12103174603175,0.861592032726428,0.598051730100156,2.81217449413954,17.9104525541858
6.12113095238095,0.861660346126295,0.598158331337577,2.81082967598001,17.9112114363427
6.12123015873016,0.861728427585712,0.598264915460309,2.80948550078766,17.9119702270173
6.12132936507937,0.861796277546868,0.59837148234803,2.8081419682529,17.9127289261055
6.12142857142857,0.861863896451636,0.598478031880512,2.80679907806633,17.9134875335035
6.12152777777778,0.861931284741576,0.598584563937631,2.80545682991866,17.9142460491073
6.12162698412698,0.86199844285793,0.598691078399358,2.80411522350076,17.9150044728133
6.12172619047619,0.862065371241627,0.598797575145764,2.80277425850363,17.9157628045178
6.1218253968254,0.862132070333279,0.598904054057019,2.80143393461847,17.9165210441173
6.1219246031746,0.862198540573184,0.59901051501339,2.80009425153656,17.9172791915084
6.12202380952381,0.862264782401326,0.599116957895244,2.7987552089494,17.9180372465876
6.12212301587302,0.86233079625737,0.599223382583046,2.79741680654858,17.9187952092518
6.12222222222222,0.86239658258067,0.599329788957358,2.79607904402587,17.9195530793977
6.12232142857143,0.862462141810261,0.599436176898844,2.79474192107319,17.9203108569222
6.12242063492063,0.862527474384867,0.599542546288262,2.79340543738259,17.9210685417224
6.12251984126984,0.862592580742892,0.599648897006473,2.7920695926463,17.9218261336954
6.12261904761905,0.862657461322429,0.599755228934434,2.79073438655666,17.9225836327384
6.12271825396825,0.862722116561253,0.599861541953202,2.7893998188062,17.9233410387485
6.12281746031746,0.862786546896826,0.599967835943931,2.78806588908755,17.9240983516234
6.12291666666667,0.862850752766293,0.600074110787872,2.78673259709355,17.9248555712603
6.12301587301587,0.862914734606483,0.600180366366379,2.78539994251714,17.9256126975569
6.12311507936508,0.862978492853912,0.600286602560902,2.78406792505144,17.9263697304109
6.12321428571429,0.863042027944781,0.600392819252989,2.7827365443897,17.9271266697199
6.12331349206349,0.863105340314974,0.600499016324287,2.78140580022531,17.9278835153818
6.1234126984127,0.86316843040006,0.600605193656544,2.78007569225184,17.9286402672946
6.12351190476191,0.863231298635294,0.600711351131602,2.77874622016299,17.9293969253563
6.12361111111111,0.863293945455616,0.600817488631404,2.77741738365261,17.930153489465
6.12371031746032,0.863356371295648,0.600923606037994,2.77608918241471,17.9309099595189
6.12380952380952,0.863418576589699,0.601029703233509,2.77476161614342,17.9316663354163
6.12390873015873,0.863480561771764,0.601135780100189,2.77343468453306,17.9324226170556
6.12400793650794,0.86354232727552,0.60124183652037,2.77210838727808,17.9331788043353
6.12410714285714,0.86360387353433,0.601347872376489,2.77078272407306,17.9339348971541
6.12420634920635,0.863665200981242,0.601453887551079,2.76945769461276,17.9346908954104
6.12430555555556,0.863726310048991,0.601559881926774,2.76813329859205,17.9354467990033
6.12440476190476,0.86378720116999,0.601665855386303,2.76680953570603,17.9362026078314
6.12450396825397,0.863847874776344,0.601771807812497,2.76548640564985,17.9369583217937
6.12460317460318,0.863908331299839,0.601877739088283,2.76416390811888,17.9377139407893
6.12470238095238,0.863968571171948,0.60198364909669,2.7628420428086,17.9384694647174
6.12480158730159,0.864028594823826,0.602089537720842,2.76152080941465,17.9392248934771
6.12490079365079,0.864088402686315,0.602195404843962,2.76020020763282,17.9399802269677
6.125,0.864147995189942,0.602301250349374,2.75888023715906,17.9407354650888
6.12509920634921,0.864207372764917,0.602407074120498,2.75756089768946,17.9414906077397
6.12519841269841,0.864266535841136,0.602512876040854,2.75624218892025,17.9422456548201
6.12529761904762,0.864325484848179,0.602618655994059,2.75492411054783,17.9430006062298
6.12539682539682,0.864384220215312,0.60272441386383,2.75360666226872,17.9437554618683
6.12549603174603,0.864442742371484,0.602830149533982,2.75228984377962,17.9445102216357
6.12559523809524,0.864501051745332,0.602935862888429,2.75097365477736,17.9452648854319
6.12569444444444,0.864559148765174,0.603041553811183,2.74965809495893,17.946019453157
6.12579365079365,0.864617033859015,0.603147222186356,2.74834316402144,17.9467739247111
6.12589285714286,0.864674707454544,0.603252867898154,2.74702886166221,17.9475282999945
6.12599206349206,0.864732169979134,0.603358490830886,2.74571518757866,17.9482825789074
6.12609126984127,0.864789421859846,0.603464090868959,2.74440214146837,17.9490367613504
6.12619047619048,0.864846463523421,0.603569667896877,2.74308972302906,17.949790847224
6.12628968253968,0.86490329539629,0.603675221799244,2.74177793195862,17.9505448364287
6.12638888888889,0.864959917904565,0.603780752460761,2.74046676795508,17.9512987288653
6.12648809523809,0.865016331474044,0.60388625976623,2.73915623071661,17.9520525244346
6.1265873015873,0.86507253653021,0.603991743600548,2.73784631994154,17.9528062230375
6.12668650793651,0.86512853349823,0.604097203848713,2.73653703532835,17.9535598245749
6.12678571428571,0.865184322802956,0.604202640395821,2.73522837657567,17.9543133289479
6.12688492063492,0.865239904868927,0.604308053127068,2.73392034338226,17.9550667360578
6.12698412698413,0.865295280120363,0.604413441927745,2.73261293544706,17.9558200458057
6.12708333333333,0.865350448981171,0.604518806683244,2.73130615246913,17.956573258093
6.12718253968254,0.865405411874943,0.604624147279056,2.7299999941477,17.9573263728212
6.12728174603175,0.865460169224956,0.604729463600771,2.72869446018212,17.9580793898918
6.12738095238095,0.86551472145417,0.604834755534072,2.72738955027194,17.9588323092065
6.12748015873016,0.86556906898523,0.604940022964748,2.72608526411683,17.9595851306669
6.12757936507937,0.865623212240468,0.605045265778682,2.72478160141659,17.9603378541748
6.12767857142857,0.8656771516419,0.605150483861857,2.7234785618712,17.9610904796323
6.12777777777778,0.865730887611224,0.605255677100354,2.72217614518077,17.9618430069413
6.12787698412698,0.865784420569827,0.605360845380354,2.72087435104557,17.9625954360038
6.12797619047619,0.865837750938778,0.605465988588134,2.71957317916602,17.9633477667221
6.1280753968254,0.865890879138832,0.605571106610073,2.71827262924267,17.9640999989985
6.1281746031746,0.865943805590428,0.605676199332644,2.71697270097625,17.9648521327353
6.12827380952381,0.86599653071369,0.605781266642422,2.71567339406762,17.9656041678349
6.12837301587302,0.866049054928427,0.60588630842608,2.71437470821778,17.9663561042
6.12847222222222,0.866101378654133,0.605991324570389,2.71307664312791,17.9671079417332
6.12857142857143,0.86615350223454,0.606096314997526,2.71177919847163,17.9678596803739
6.12867063492063,0.866205425215359,0.606201279998378,2.71048237365561,17.968611320444
6.12876984126984,0.86625714761169,0.606306219634775,2.70918616830923,17.9693628620251
6.12886904761905,0.866308669646082,0.606411133870431,2.70789058214356,17.9701143050968
6.12896825396825,0.866359991541035,0.60651602266907,2.70659561486969,17.9708656496388
6.12906746031746,0.866411113518995,0.606620885994413,2.70530126619885,17.9716168956307
6.12916666666667,0.866462035802359,0.606725723810182,2.70400753584238,17.9723680430519
6.12926587301587,0.86651275861347,0.6068305360801,2.70271442351171,17.9731190918821
6.12936507936508,0.866563282174621,0.606935322767892,2.70142192891839,17.9738700421008
6.12946428571429,0.866613606708052,0.607040083837283,2.70013005177409,17.9746208936876
6.12956349206349,0.866663732435952,0.607144819251999,2.69883879179055,17.9753716466221
6.1296626984127,0.86671365958046,0.607249528975767,2.69754814867965,17.9761223008838
6.1297619047619,0.86676338836366,0.607354212972316,2.69625812215336,17.9768728564522
6.12986111111111,0.866812919007588,0.607458871205375,2.69496871192376,17.977623313307
6.12996031746032,0.866862251734225,0.607563503638674,2.69367991770304,17.9783736714276
6.13005952380952,0.866911386765505,0.607668110235943,2.6923917392035,17.9791239307936
6.13015873015873,0.866960324323305,0.607772690960915,2.69110417613753,17.9798740913845
6.13025793650794,0.867009064629454,0.607877245777325,2.68981722821762,17.9806241531799
6.13035714285714,0.867057607905729,0.607981774648903,2.68853089515643,17.9813741161593
6.13045634920635,0.867105954373853,0.608086277539386,2.68724517666665,17.9821239803021
6.13055555555556,0.867154104255501,0.60819075441251,2.68596007246112,17.982873745588
6.13065476190476,0.867202057772294,0.608295205232012,2.68467558225277,17.9836234119964
6.13075396825397,0.867249815145802,0.608399629961629,2.68339170575464,17.9843729795069
6.13085317460317,0.867297376597543,0.6085040285651,2.68210844267987,17.985122448099
6.13095238095238,0.867344742348985,0.608608401006165,2.68082579274173,17.9858718177521
6.13105158730159,0.867391912621542,0.608712747248566,2.67954375565357,17.9866210884458
6.13115079365079,0.867438887636579,0.608817067256042,2.67826233112887,17.9873702601595
6.13125,0.867485667615407,0.608921360992339,2.67698151888119,17.9881193328729
6.13134920634921,0.867532252779287,0.609025628421197,2.67570131862421,17.9888683065652
6.13144841269841,0.867578643349427,0.609129869506364,2.67442173007173,17.9896171812161
6.13154761904762,0.867624839546986,0.609234084211583,2.67314275293764,17.990365956805
6.13164682539682,0.867670841593068,0.609338272500603,2.67186438693594,17.9911146333114
6.13174603174603,0.867716649708729,0.60944243433717,2.67058663178072,17.9918632107147
6.13184523809524,0.867762264114969,0.609546569685032,2.66930948718623,17.9926116889945
6.13194444444444,0.867807685032741,0.60965067850794,2.66803295286677,17.9933600681302
6.13204365079365,0.867852912682943,0.609754760769642,2.66675702853677,17.9941083481012
6.13214285714286,0.867897947286423,0.609858816433892,2.66548171391077,17.9948565288871
6.13224206349206,0.867942789063979,0.609962845464441,2.66420700870341,17.9956046104672
6.13234126984127,0.867987438236353,0.610066847825042,2.66293291262943,17.996352592821
6.13244047619048,0.868031895024239,0.61017082347945,2.66165942540368,17.9971004759281
6.13253968253968,0.868076159648278,0.610274772391421,2.66038654674114,17.9978482597677
6.13263888888889,0.868120232329061,0.61037869452471,2.65911427635687,17.9985959443193
6.13273809523809,0.868164113287125,0.610482589843074,2.65784261396604,17.9993435295625
6.1328373015873,0.868207802742956,0.610586458310273,2.65657155928394,18.0000910154765
6.13293650793651,0.868251300916991,0.610690299890064,2.65530111202594,18.0008384020409
6.13303571428571,0.868294608029612,0.610794114546208,2.65403127190756,18.0015856892351
6.13313492063492,0.868337724301151,0.610897902242466,2.65276203864438,18.0023328770384
6.13323412698413,0.868380649951889,0.611001662942602,2.6514934119521,18.0030799654304
6.13333333333333,0.868423385202053,0.611105396610375,2.65022539154656,18.0038269543903
6.13343253968254,0.868465930271821,0.611209103209552,2.64895797714368,18.0045738438977
6.13353174603175,0.868508285381319,0.611312782703896,2.64769116845948,18.0053206339318
6.13363095238095,0.86855045075062,0.611416435057174,2.64642496521009,18.0060673244722
6.13373015873016,0.868592426599746,0.611520060233153,2.64515936711176,18.0068139154982
6.13382936507937,0.868634213148669,0.611623658195601,2.64389437388083,18.0075604069892
6.13392857142857,0.868675810617306,0.611727228908286,2.64262998523377,18.0083067989246
6.13402777777778,0.868717219225527,0.611830772334978,2.64136620088712,18.0090530912838
6.13412698412698,0.868758439193146,0.611934288439448,2.64010302055755,18.0097992840461
6.13422619047619,0.868799470739927,0.612037777185467,2.63884044396186,18.010545377191
6.1343253968254,0.868840314085585,0.612141238536809,2.6375784708169,18.0112913706978
6.1344246031746,0.868880969449779,0.612244672457247,2.63631710083968,18.0120372645458
6.13452380952381,0.868921437052119,0.612348078910556,2.63505633374728,18.0127830587145
6.13462301587302,0.868961717112163,0.61245145786051,2.63379616925691,18.0135287531832
6.13472222222222,0.869001809849418,0.612554809270889,2.63253660708586,18.0142743479312
6.13482142857143,0.869041715483338,0.612658133105466,2.63127764695158,18.015019842938
6.13492063492064,0.869081434233326,0.612761429328022,2.63001928857158,18.0157652381828
6.13501984126984,0.869120966318734,0.612864697902336,2.62876153166347,18.016510533645
6.13511904761905,0.869160311958861,0.612967938792189,2.627504375945,18.0172557293039
6.13521825396825,0.869199471372957,0.613071151961361,2.626247821134,18.018000825139
6.13531746031746,0.869238444780217,0.613174337373636,2.62499186694843,18.0187458211294
6.13541666666667,0.869277232399788,0.613277494992796,2.62373651310635,18.0194907172546
6.13551587301587,0.869315834450762,0.613380624782626,2.6224817593259,18.0202355134939
6.13561507936508,0.869354251152181,0.613483726706911,2.62122760532536,18.0209802098265
6.13571428571429,0.869392482723037,0.613586800729438,2.61997405082311,18.0217248062319
6.13581349206349,0.869430529382268,0.613689846813993,2.61872109553762,18.0224693026893
6.1359126984127,0.86946839134876,0.613792864924365,2.61746873918749,18.023213699178
6.1360119047619,0.86950606884135,0.613895855024342,2.61621698149141,18.0239579956774
6.13611111111111,0.869543562078822,0.613998817077715,2.61496582216818,18.0247021921667
6.13621031746032,0.869580871279908,0.614101751048277,2.61371526093669,18.0254462886253
6.13630952380952,0.869617996663289,0.614204656899816,2.61246529751599,18.0261902850324
6.13640873015873,0.869654938447593,0.614307534596127,2.61121593162519,18.0269341813674
6.13650793650794,0.8696916968514,0.614410384101004,2.60996716298352,18.0276779776094
6.13660714285714,0.869728272093234,0.614513205378242,2.6087189913103,18.0284216737379
6.13670634920635,0.869764664391571,0.614615998391637,2.60747141632498,18.029165269732
6.13680555555556,0.869800873964832,0.614718763104985,2.60622443774711,18.0299087655711
6.13690476190476,0.869836901031391,0.614821499482084,2.60497805529635,18.0306521612344
6.13700396825397,0.869872745809565,0.614924207486734,2.60373226869245,18.0313954567012
6.13710317460317,0.869908408517623,0.615026887082734,2.60248707765529,18.0321386519508
6.13720238095238,0.869943889373783,0.615129538233884,2.60124248190484,18.0328817469623
6.13730158730159,0.869979188596207,0.615232160903987,2.59999848116118,18.0336247417152
6.13740079365079,0.870014306403011,0.615334755056845,2.59875507514449,18.0343676361886
6.1375,0.870049243012256,0.615437320656261,2.59751226357509,18.0351104303617
6.13759920634921,0.870083998641951,0.615539857666041,2.59627004617335,18.0358531242139
6.13769841269841,0.870118573510056,0.615642366049991,2.59502842265979,18.0365957177244
6.13779761904762,0.870152967834476,0.615744845771915,2.59378739275504,18.0373382108723
6.13789682539683,0.870187181833069,0.615847296795622,2.59254695617982,18.0380806036369
6.13799603174603,0.870221215723636,0.61594971908492,2.59130711265494,18.0388228959976
6.13809523809524,0.870255069723931,0.616052112603619,2.59006786190136,18.0395650879334
6.13819444444444,0.870288744051655,0.616154477315529,2.58882920364009,18.0403071794236
6.13829365079365,0.870322238924455,0.616256813184462,2.58759113759231,18.0410491704474
6.13839285714286,0.870355554559929,0.61635912017423,2.58635366347925,18.041791060984
6.13849206349206,0.870388691175624,0.616461398248646,2.58511678102229,18.0425328510127
6.13859126984127,0.870421648989034,0.616563647371524,2.58388048994289,18.0432745405127
6.13869047619048,0.8704544282176,0.616665867506681,2.58264478996262,18.0440161294631
6.13878968253968,0.870487029078714,0.616768058617931,2.58140968080318,18.0447576178431
6.13888888888889,0.870519451789716,0.616870220669092,2.58017516218634,18.045499005632
6.1389880952381,0.870551696567893,0.616972353623983,2.578941233834,18.0462402928089
6.1390873015873,0.870583763630482,0.617074457446422,2.57770789546817,18.0469814793531
6.13918650793651,0.870615653194667,0.617176532100231,2.57647514681093,18.0477225652436
6.13928571428572,0.87064736547758,0.617278577549228,2.57524298758454,18.0484635504598
6.13938492063492,0.870678900696305,0.617380593757236,2.5740114175113,18.0492044349806
6.13948412698413,0.87071025906787,0.617482580688079,2.57278043631364,18.0499452187854
6.13958333333333,0.870741440809254,0.617584538305581,2.57155004371409,18.0506859018533
6.13968253968254,0.870772446137383,0.617686466573566,2.5703202394353,18.0514264841635
6.13978174603175,0.870803275269133,0.61778836545586,2.56909102320001,18.0521669656951
6.13988095238095,0.870833928421326,0.61789023491629,2.56786239473108,18.0529073464272
6.13998015873016,0.870864405810736,0.617992074918684,2.56663435375147,18.053647626339
6.14007936507937,0.870894707654082,0.618093885426871,2.56540689998426,18.0543878054098
6.14017857142857,0.870924834168032,0.618195666404681,2.56418003315261,18.0551278836185
6.14027777777778,0.870954785569205,0.618297417815943,2.56295375297981,18.0558678609444
6.14037698412698,0.870984562074165,0.618399139624491,2.56172805918924,18.0566077373666
6.14047619047619,0.871014163899427,0.618500831794156,2.56050295150441,18.0573475128642
6.1405753968254,0.871043591261453,0.618602494288772,2.55927842964891,18.0580871874163
6.1406746031746,0.871072844376653,0.618704127072176,2.55805449334644,18.0588267610021
6.14077380952381,0.871101923461387,0.618805730108199,2.55683114232085,18.0595662336007
6.14087301587302,0.871130828731962,0.61890730336068,2.55560837629603,18.0603056051912
6.14097222222222,0.871159560404635,0.619008846793456,2.55438619499603,18.0610448757527
6.14107142857143,0.871188118695609,0.619110360370367,2.55316459814497,18.0617840452644
6.14117063492063,0.871216503821037,0.61921184405525,2.55194358546709,18.0625231137053
6.14126984126984,0.871244715997021,0.619313297811947,2.55072315668675,18.0632620810545
6.14136904761905,0.87127275543961,0.6194147216043,2.54950331152841,18.0640009472912
6.14146825396825,0.871300622364802,0.619516115396149,2.54828404971662,18.0647397123944
6.14156746031746,0.871328316988544,0.619617479151339,2.54706537097605,18.0654783763432
6.14166666666667,0.87135583952673,0.619718812833714,2.54584727503148,18.0662169391166
6.14176587301587,0.871383190195204,0.619820116407119,2.54462976160779,18.0669554006939
6.14186507936508,0.871410369209758,0.619921389835401,2.54341283042996,18.0676937610541
6.14196428571428,0.87143737678613,0.620022633082405,2.54219648122311,18.0684320201761
6.14206349206349,0.87146421314001,0.620123846111982,2.54098071371242,18.0691701780392
6.1421626984127,0.871490878487035,0.620225028887981,2.53976552762319,18.0699082346223
6.1422619047619,0.87151737304279,0.620326181374249,2.53855092268086,18.0706461899046
6.14236111111111,0.871543697022808,0.620427303534639,2.53733689861096,18.0713840438651
6.14246031746032,0.871569850642571,0.620528395333002,2.53612345513909,18.0721217964828
6.14255952380952,0.871595834117511,0.620629456733193,2.534910591991,18.0728594477367
6.14265873015873,0.871621647663006,0.620730487699064,2.53369830889254,18.0735969976061
6.14275793650794,0.871647291494382,0.620831488194471,2.53248660556964,18.0743344460698
6.14285714285714,0.871672765826917,0.62093245818327,2.53127548174837,18.0750717931069
6.14295634920635,0.871698070875834,0.621033397629317,2.53006493715489,18.0758090386965
6.14305555555556,0.871723206856305,0.62113430649647,2.52885497151546,18.0765461828176
6.14315476190476,0.871748173983452,0.621235184748588,2.52764558455647,18.0772832254492
6.14325396825397,0.871772972472344,0.621336032349531,2.52643677600439,18.0780201665703
6.14335317460317,0.871797602537998,0.621436849263159,2.52522854558582,18.07875700616
6.14345238095238,0.871822064395381,0.621537635453334,2.52402089302744,18.0794937441973
6.14355158730159,0.871846358259407,0.621638390883919,2.52281381805607,18.0802303806611
6.14365079365079,0.871870484344939,0.621739115518779,2.52160732039859,18.0809669155305
6.14375,0.871894442866789,0.621839809321776,2.52040139978206,18.0817033487846
6.14384920634921,0.871918234039716,0.621940472256776,2.51919605593357,18.0824396804022
6.14394841269841,0.871941858078428,0.622041104287645,2.51799128858037,18.0831759103624
6.14404761904762,0.871965315197583,0.622141705378253,2.51678709744978,18.0839120386442
6.14414682539683,0.871988605611785,0.622242275492466,2.51558348226924,18.0846480652266
6.14424603174603,0.872011729535587,0.622342814594155,2.51438044276632,18.0853839900885
6.14434523809524,0.872034687183491,0.62244332264719,2.51317797866865,18.086119813209
6.14444444444444,0.872057478769948,0.622543799615441,2.51197608970401,18.086855534567
6.14454365079365,0.872080104509356,0.622644245462783,2.51077477560026,18.0875911541415
6.14464285714286,0.872102564616062,0.622744660153086,2.50957403608538,18.0883266719114
6.14474206349206,0.872124859304362,0.622845043650227,2.50837387088745,18.0890620878557
6.14484126984127,0.872146988788499,0.622945395918081,2.50717427973467,18.0897974019535
6.14494047619048,0.872168953282666,0.623045716920522,2.50597526235532,18.0905326141836
6.14503968253968,0.872190753001003,0.623146006621429,2.50477681847781,18.0912677245249
6.14513888888889,0.872212388157599,0.623246264984681,2.50357894783064,18.0920027329565
6.1452380952381,0.872233858966493,0.623346491974155,2.50238165014244,18.0927376394574
6.1453373015873,0.872255165641668,0.623446687553731,2.50118492514193,18.0934724440063
6.14543650793651,0.872276308397061,0.623546851687292,2.49998877255794,18.0942071465823
6.14553571428571,0.872297287446554,0.623646984338718,2.49879319211941,18.0949417471643
6.14563492063492,0.872318103003977,0.623747085471893,2.49759818355537,18.0956762457312
6.14573412698413,0.872338755283111,0.623847155050701,2.49640374659497,18.096410642262
6.14583333333333,0.872359244497683,0.623947193039026,2.49520988096747,18.0971449367356
6.14593253968254,0.872379570861369,0.624047199400755,2.49401658640224,18.0978791291309
6.14603174603175,0.872399734587795,0.624147174099774,2.49282386262874,18.0986132194268
6.14613095238095,0.872419735890533,0.624247117099972,2.49163170937655,18.0993472076022
6.14623015873016,0.872439574983105,0.624347028365237,2.49044012637535,18.1000810936361
6.14632936507936,0.87245925207898,0.624446907859458,2.48924911335493,18.1008148775073
6.14642857142857,0.872478767391578,0.624546755546526,2.48805867004519,18.1015485591947
6.14652777777778,0.872498121134265,0.624646571390334,2.48686879617613,18.1022821386772
6.14662698412698,0.872517313520357,0.624746355354775,2.48567949147784,18.1030156159338
6.14672619047619,0.872536344763116,0.624846107403739,2.48449075568058,18.1037489909433
6.1468253968254,0.872555215075754,0.624945827501124,2.48330258851464,18.1044822636846
6.1469246031746,0.872573924671433,0.625045515610824,2.48211498971046,18.1052154341366
6.14702380952381,0.87259247376326,0.625145171696736,2.48092795899857,18.1059485022781
6.14712301587302,0.872610862564294,0.625244795722757,2.47974149610962,18.106681468088
6.14722222222222,0.872629091287539,0.625344387652786,2.47855560077435,18.1074143315452
6.14732142857143,0.87264716014595,0.625443947450723,2.47737027272363,18.1081470926286
6.14742063492063,0.872665069352429,0.625543475080467,2.47618551168841,18.108879751317
6.14751984126984,0.872682819119827,0.62564297050592,2.47500131739977,18.1096123075892
6.14761904761905,0.872700409660944,0.625742433690984,2.47381768958888,18.1103447614242
6.14771825396825,0.872717841188526,0.625841864599563,2.47263462798702,18.1110771128007
6.14781746031746,0.87273511391527,0.62594126319556,2.47145213232558,18.1118093616977
6.14791666666667,0.87275222805382,0.626040629442882,2.47027020233607,18.1125415080939
6.14801587301587,0.87276918381677,0.626139963305434,2.46908883775007,18.1132735519682
6.14811507936508,0.87278598141666,0.626239264747125,2.4679080382993,18.1140054932995
6.14821428571429,0.872802621065981,0.62633853373186,2.46672780371558,18.1147373320665
6.14831349206349,0.872819102977169,0.626437770223549,2.46554813373084,18.1154690682481
6.1484126984127,0.872835427362613,0.626536974186103,2.4643690280771,18.1162007018231
6.14851190476191,0.872851594434646,0.626636145583433,2.46319048648649,18.1169322327703
6.14861111111111,0.872867604405552,0.62673528437945,2.46201250869127,18.1176636610685
6.14871031746032,0.872883457487562,0.626834390538068,2.46083509442377,18.1183949866966
6.14880952380952,0.872899153892858,0.6269334640232,2.45965824341646,18.1191262096334
6.14890873015873,0.872914693833567,0.627032504798762,2.4584819554019,18.1198573298576
6.14900793650794,0.872930077521766,0.627131512828669,2.45730623011276,18.120588347348
6.14910714285714,0.872945305169481,0.627230488076838,2.45613106728181,18.1213192620835
6.14920634920635,0.872960376988685,0.627329430507187,2.45495646664194,18.1220500740429
6.14930555555556,0.872975293191301,0.627428340083635,2.45378242792614,18.1227807832048
6.14940476190476,0.872990053989199,0.627527216770101,2.4526089508675,18.1235113895482
6.14950396825397,0.873004659594198,0.627626060530506,2.45143603519923,18.1242418930518
6.14960317460318,0.873019110218065,0.627724871328773,2.45026368065462,18.1249722936943
6.14970238095238,0.873033406072517,0.627823649128823,2.44909188696712,18.1257025914545
6.14980158730159,0.873047547369217,0.627922393894579,2.44792065387024,18.1264327863113
6.14990079365079,0.873061534319778,0.628021105589966,2.4467499810976,18.1271628782433
6.15,0.873075367135761,0.628119784178911,2.44557986838295,18.1278928672293
6.15009920634921,0.873089046028676,0.628218429625339,2.44441031546012,18.1286227532482
6.15019841269841,0.87310257120998,0.628317041893179,2.44324132206307,18.1293525362785
6.15029761904762,0.873115942891079,0.628415620946358,2.44207288792585,18.1300822162991
6.15039682539683,0.873129161283329,0.628514166748805,2.44090501278262,18.1308117932888
6.15049603174603,0.873142226598032,0.628612679264452,2.43973769636766,18.1315412672262
6.15059523809524,0.873155139046439,0.628711158457229,2.43857093841534,18.1322706380901
6.15069444444444,0.873167898839751,0.62880960429107,2.43740473866015,18.1329999058592
6.15079365079365,0.873180506189115,0.628908016729906,2.43623909683667,18.1337290705123
6.15089285714286,0.87319296130563,0.629006395737673,2.4350740126796,18.1344581320281
6.15099206349206,0.873205264400338,0.629104741278305,2.43390948592375,18.1351870903853
6.15109126984127,0.873217415684235,0.629203053315741,2.43274551630401,18.1359159455626
6.15119047619048,0.873229415368261,0.629301331813914,2.43158210355542,18.1366446975387
6.15128968253968,0.873241263663308,0.629399576736763,2.4304192474131,18.1373733462924
6.15138888888889,0.873252960780214,0.62949778804823,2.42925694761227,18.1381018918023
6.1514880952381,0.873264506929765,0.629595965712252,2.42809520388827,18.1388303340472
6.1515873015873,0.873275902322698,0.629694109692771,2.42693401597655,18.1395586730057
6.15168650793651,0.873287147169697,0.62979221995373,2.42577338361265,18.1402869086566
6.15178571428571,0.873298241681393,0.62989029645907,2.42461330653223,18.1410150409785
6.15188492063492,0.873309186068368,0.629988339172737,2.42345378447106,18.1417430699501
6.15198412698413,0.873319980541151,0.630086348058674,2.422294817165,18.1424709955501
6.15208333333333,0.873330625310219,0.630184323080828,2.42113640435003,18.1431988177572
6.15218253968254,0.873341120585998,0.630282264203146,2.41997854576223,18.1439265365501
6.15228174603175,0.873351466578862,0.630380171389575,2.4188212411378,18.1446541519073
6.15238095238095,0.873361663499135,0.630478044604064,2.41766449021303,18.1453816638077
6.15248015873016,0.873371711557088,0.630575883810563,2.41650829272433,18.1461090722298
6.15257936507937,0.873381610962939,0.630673688973023,2.41535264840818,18.1468363771523
6.15267857142857,0.873391361926858,0.630771460055394,2.41419755700124,18.1475635785539
6.15277777777778,0.87340096465896,0.630869197021631,2.41304301824022,18.1482906764132
6.15287698412698,0.873410419369311,0.630966899835685,2.41188903186194,18.1490176707089
6.15297619047619,0.873419726267923,0.631064568461512,2.41073559760334,18.1497445614195
6.1530753968254,0.873428885564758,0.631162202863068,2.40958271520147,18.1504713485238
6.1531746031746,0.873437897469727,0.631259803004309,2.40843038439347,18.1511980320004
6.15327380952381,0.873446762192687,0.631357368849191,2.40727860491661,18.1519246118279
6.15337301587302,0.873455479943446,0.631454900361675,2.40612737650824,18.1526510879849
6.15347222222222,0.873464050931758,0.631552397505719,2.40497669890583,18.1533774604501
6.15357142857143,0.873472475367328,0.631649860245284,2.40382657184697,18.1541037292021
6.15367063492063,0.873480753459807,0.63174728854433,2.40267699506933,18.1548298942195
6.15376984126984,0.873488885418797,0.63184468236682,2.40152796831071,18.1555559554809
6.15386904761905,0.873496871453845,0.631942041676718,2.40037949130901,18.1562819129649
6.15396825396825,0.873504711774449,0.632039366437988,2.39923156380222,18.1570077666501
6.15406746031746,0.873512406590056,0.632136656614596,2.39808418552844,18.1577335165152
6.15416666666667,0.873519956110058,0.632233912170505,2.39693735622592,18.1584591625387
6.15426587301587,0.873527360543798,0.632331133069684,2.39579107563297,18.1591847046992
6.15436507936508,0.873534620100568,0.632428319276102,2.39464534348801,18.1599101429753
6.15446428571429,0.873541734989607,0.632525470753727,2.39350015952959,18.1606354773455
6.15456349206349,0.873548705420102,0.63262258746653,2.39235552349635,18.1613607077886
6.1546626984127,0.87355553160119,0.632719669378481,2.39121143512704,18.162085834283
6.15476190476191,0.873562213741955,0.632816716453552,2.39006789416052,18.1628108568073
6.15486111111111,0.873568752051429,0.632913728655716,2.38892490033574,18.1635357753401
6.15496031746032,0.873575146738596,0.633010705948948,2.38778245339178,18.16426058986
6.15505952380952,0.873581398012383,0.633107648297221,2.38664055306782,18.1649853003454
6.15515873015873,0.87358750608167,0.633204555664513,2.38549919910314,18.1657099067751
6.15525793650794,0.873593471155283,0.633301428014799,2.38435839123713,18.1664344091275
6.15535714285714,0.873599293441996,0.633398265312057,2.38321812920929,18.1671588073811
6.15545634920635,0.873604973150534,0.633495067520267,2.38207841275921,18.1678831015146
6.15555555555556,0.873610510489569,0.633591834603409,2.38093924162661,18.1686072915065
6.15565476190476,0.873615905667719,0.633688566525462,2.37980061555132,18.1693313773352
6.15575396825397,0.873621158893555,0.633785263250407,2.37866253427325,18.1700553589794
6.15585317460318,0.873626270375592,0.633881924742228,2.37752499753244,18.1707792364175
6.15595238095238,0.873631240322297,0.633978550964909,2.37638800506901,18.1715030096282
6.15605158730159,0.873636068942083,0.634075141882434,2.37525155662322,18.1722266785899
6.15615079365079,0.873640756443313,0.634171697458788,2.37411565193542,18.1729502432811
6.15625,0.873645303034297,0.634268217657959,2.37298029074605,18.1736737036804
6.15634920634921,0.873649708923294,0.634364702443932,2.3718454727957,18.1743970597662
6.15644841269841,0.873653974318512,0.634461151780698,2.37071119782501,18.1751203115171
6.15654761904762,0.873658099428106,0.634557565632244,2.36957746557478,18.1758434589116
6.15664682539682,0.873662084460181,0.634653943962563,2.36844427578589,18.1765665019281
6.15674603174603,0.87366592962279,0.634750286735644,2.36731162819933,18.1772894405453
6.15684523809524,0.873669635123933,0.63484659391548,2.36617952255619,18.1780122747415
6.15694444444444,0.873673201171561,0.634942865466065,2.36504795859767,18.1787350044952
6.15704365079365,0.87367662797357,0.635039101351394,2.36391693606509,18.179457629785
6.15714285714286,0.873679915737808,0.635135301535459,2.36278645469987,18.1801801505893
6.15724206349206,0.873683064672069,0.635231465982258,2.36165651424354,18.1809025668866
6.15734126984127,0.873686074984096,0.635327594655788,2.36052711443771,18.1816248786553
6.15744047619048,0.873688946881581,0.635423687520048,2.35939825502413,18.182347085874
6.15753968253968,0.873691680572163,0.635519744539036,2.35826993574465,18.1830691885211
6.15763888888889,0.873694276263432,0.635615765676752,2.35714215634121,18.183791186575
6.15773809523809,0.873696734162923,0.635711750897197,2.35601491655587,18.1845130800143
6.1578373015873,0.873699054478122,0.635807700164374,2.35488821613079,18.1852348688173
6.15793650793651,0.873701237416463,0.635903613442285,2.35376205480825,18.1859565529626
6.15803571428571,0.873703283185328,0.635999490694934,2.35263643233062,18.1866781324285
6.15813492063492,0.873705191992046,0.636095331886326,2.35151134844039,18.1873996071935
6.15823412698413,0.873706964043897,0.636191136980466,2.35038680288014,18.1881209772361
6.15833333333333,0.873708599548107,0.636286905941362,2.34926279539258,18.1888422425346
6.15843253968254,0.873710098711854,0.636382638733022,2.3481393257205,18.1895634030675
6.15853174603175,0.873711461742259,0.636478335319455,2.34701639360681,18.1902844588133
6.15863095238095,0.873712688846397,0.636573995664668,2.34589399879455,18.1910054097503
6.15873015873016,0.873713780231287,0.636669619732674,2.34477214102683,18.191726255857
6.15882936507937,0.8737147361039,0.636765207487484,2.34365082004689,18.1924469971118
6.15892857142857,0.873715556671152,0.63686075889311,2.34253003559805,18.1931676334931
6.15902777777778,0.87371624213991,0.636956273913567,2.34140978742376,18.1938881649793
6.15912698412698,0.873716792716988,0.637051752512868,2.34029007526758,18.1946085915488
6.15922619047619,0.873717208609149,0.63714719465503,2.33917089887316,18.19532891318
6.1593253968254,0.873717490023104,0.637242600304069,2.33805225798426,18.1960491298513
6.1594246031746,0.873717637165513,0.637337969424002,2.33693415234476,18.1967692415411
6.15952380952381,0.873717650242984,0.637433301978847,2.33581658169864,18.1974892482278
6.15962301587302,0.873717529462074,0.637528597932625,2.33469954578997,18.1982091498897
6.15972222222222,0.873717275029287,0.637623857249354,2.33358304436295,18.1989289465053
6.15982142857143,0.873716887151077,0.637719079893058,2.33246707716188,18.1996486380529
6.15992063492063,0.873716366033845,0.637814265827757,2.33135164393115,18.2003682245109
6.16001984126984,0.873715711883942,0.637909415017476,2.33023674441527,18.2010877058576
6.16011904761905,0.873714924907666,0.638004527426238,2.32912237835889,18.2018070820715
6.16021825396825,0.873714005311264,0.638099603018069,2.32800854550671,18.2025263531308
6.16031746031746,0.873712953300932,0.638194641756994,2.32689524560357,18.203245519014
6.16041666666667,0.873711769082812,0.63828964360704,2.32578247839439,18.2039645796993
6.16051587301587,0.873710452862998,0.638384608532237,2.32467024362423,18.2046835351652
6.16061507936508,0.87370900484753,0.638479536496613,2.32355854103824,18.20540238539
6.16071428571429,0.873707425242396,0.638574427464197,2.32244737038167,18.206121130352
6.16081349206349,0.873705714253535,0.638669281399022,2.3213367313999,18.2068397700296
6.1609126984127,0.873703872086832,0.638764098265118,2.32022662383838,18.2075583044011
6.1610119047619,0.87370189894812,0.63885887802652,2.3191170474427,18.2082767334447
6.16111111111111,0.873699795043184,0.63895362064726,2.31800800195854,18.2089950571389
6.16121031746032,0.873697560577753,0.639048326091373,2.31689948713169,18.209713275462
6.16130952380952,0.873695195757508,0.639142994322896,2.31579150270805,18.2104313883923
6.16140873015873,0.873692700788075,0.639237625305865,2.31468404843363,18.2111493959081
6.16150793650794,0.873690075875032,0.63933221900432,2.31357712405452,18.2118672979877
6.16160714285714,0.873687321223903,0.639426775382295,2.31247072931697,18.2125850946094
6.16170634920635,0.87368443704016,0.639521294403833,2.31136486396729,18.2133027857515
6.16180555555556,0.873681423529226,0.639615776032974,2.31025952775191,18.2140203713923
6.16190476190476,0.87367828089647,0.63971022023376,2.30915472041736,18.2147378515101
6.16200396825397,0.873675009347211,0.639804626970233,2.30805044171029,18.2154552260832
6.16210317460317,0.873671609086714,0.639898996206437,2.30694669137746,18.2161724950899
6.16220238095238,0.873668080320196,0.639993327906416,2.30584346916572,18.2168896585085
6.16230158730159,0.87366442325282,0.640087622034215,2.30474077482203,18.2176067163172
6.16240079365079,0.873660638089697,0.640181878553882,2.30363860809347,18.2183236684944
6.1625,0.873656725035888,0.640276097429464,2.30253696872721,18.2190405150182
6.16259920634921,0.873652684296402,0.640370278625009,2.30143585647054,18.219757255867
6.16269841269841,0.873648516076195,0.640464422104566,2.30033527107085,18.220473891019
6.16279761904762,0.873644220580173,0.640558527832187,2.29923521227564,18.2211904204525
6.16289682539682,0.873639798013191,0.640652595771921,2.29813567983251,18.2219068441457
6.16299603174603,0.87363524858005,0.640746625887823,2.29703667348915,18.2226231620769
6.16309523809524,0.873630572485501,0.640840618143943,2.29593819299343,18.2233393742243
6.16319444444444,0.873625769934244,0.640934572504337,2.29484023809324,18.2240554805662
6.16329365079365,0.873620841130926,0.64102848893306,2.29374280853661,18.2247714810809
6.16339285714286,0.873615786280142,0.641122367394168,2.29264590407169,18.2254873757465
6.16349206349206,0.873610605586438,0.641216207851719,2.29154952444672,18.2262031645412
6.16359126984127,0.873605299254305,0.641310010269769,2.29045366941005,18.2269188474434
6.16369047619048,0.873599867488186,0.641403774612379,2.28935833871014,18.2276344244312
6.16378968253968,0.87359431049247,0.641497500843609,2.28826353209555,18.2283498954829
6.16388888888889,0.873588628471494,0.641591188927519,2.28716924931496,18.2290652605767
6.16398809523809,0.873582821629546,0.64168483882817,2.28607549011714,18.2297805196907
6.1640873015873,0.873576890170859,0.641778450509628,2.28498225425098,18.2304956728032
6.16418650793651,0.873570834299618,0.641872023935954,2.28388954146546,18.2312107198925
6.16428571428571,0.873564654219954,0.641965559071214,2.2827973515097,18.2319256609366
6.16438492063492,0.873558350135946,0.642059055879474,2.28170568413288,18.2326404959138
6.16448412698413,0.873551922251624,0.642152514324801,2.28061453908431,18.2333552248024
6.16458333333333,0.873545370770964,0.642245934371262,2.27952391611344,18.2340698475804
6.16468253968254,0.873538695897891,0.642339315982926,2.27843381496977,18.234784364226
6.16478174603175,0.873531897836279,0.642432659123862,2.27734423540294,18.2354987747176
6.16488095238095,0.873524976789951,0.642525963758141,2.27625517716269,18.2362130790331
6.16498015873016,0.873517932962676,0.642619229849836,2.27516663999885,18.2369272771508
6.16507936507937,0.873510766558173,0.642712457363018,2.27407862366139,18.237641369049
6.16517857142857,0.873503477780111,0.642805646261761,2.27299112790035,18.2383553547056
6.16527777777778,0.873496066832103,0.642898796510139,2.27190415246591,18.239069234099
6.16537698412698,0.873488533917715,0.642991908072229,2.27081769710834,18.2397830072072
6.16547619047619,0.87348087924046,0.643084980912106,2.26973176157801,18.2404966740084
6.1655753968254,0.873473103003797,0.643178014993848,2.26864634562541,18.2412102344808
6.1656746031746,0.873465205411137,0.643271010281533,2.26756144900112,18.2419236886024
6.16577380952381,0.873457186665836,0.643363966739241,2.26647707145586,18.2426370363516
6.16587301587302,0.873449046971202,0.643456884331052,2.26539321274042,18.2433502777063
6.16597222222222,0.873440786530489,0.643549763021049,2.2643098726057,18.2440634126448
6.16607142857143,0.873432405546899,0.643642602773311,2.26322705080275,18.2447764411451
6.16617063492064,0.873423904223584,0.643735403551922,2.26214474708267,18.2454893631853
6.16626984126984,0.873415282763644,0.643828165320968,2.26106296119671,18.2462021787437
6.16636904761905,0.873406541370127,0.643920888044533,2.25998169289619,18.2469148877984
6.16646825396825,0.873397680246029,0.644013571686703,2.25890094193257,18.2476274903273
6.16656746031746,0.873388699594296,0.644106216211565,2.25782070805739,18.2483399863087
6.16666666666667,0.873379599617821,0.644198821583208,2.25674099102231,18.2490523757207
6.16676587301587,0.873370380519446,0.64429138776572,2.2556617905791,18.2497646585413
6.16686507936508,0.87336104250196,0.644383914723192,2.25458310647963,18.2504768347488
6.16696428571429,0.873351585768103,0.644476402419714,2.25350493847588,18.251188904321
6.16706349206349,0.873342010520562,0.644568850819379,2.25242728631993,18.2519008672362
6.1671626984127,0.873332316961971,0.644661259886279,2.25135014976397,18.2526127234725
6.1672619047619,0.873322505294916,0.644753629584508,2.25027352856031,18.2533244730079
6.16736111111111,0.873312575721927,0.644845959878161,2.24919742246134,18.2540361158205
6.16746031746032,0.873302528445486,0.644938250731335,2.24812183121957,18.2547476518884
6.16755952380952,0.873292363668022,0.645030502108124,2.24704675458764,18.2554590811896
6.16765873015873,0.873282081591913,0.645122713972628,2.24597219231826,18.2561704037023
6.16775793650794,0.873271682419483,0.645214886288944,2.24489814416427,18.2568816194045
6.16785714285714,0.873261166353008,0.645307019021174,2.2438246098786,18.2575927282742
6.16795634920635,0.873250533594709,0.645399112133416,2.2427515892143,18.2583037302895
6.16805555555556,0.873239784346759,0.645491165589774,2.24167908192452,18.2590146254285
6.16815476190476,0.873228918811277,0.645583179354349,2.24060708776252,18.2597254136692
6.16825396825397,0.87321793719033,0.645675153391245,2.23953560648166,18.2604360949897
6.16835317460317,0.873206839685935,0.645767087664566,2.23846463783542,18.2611466693679
6.16845238095238,0.873195626500057,0.645858982138419,2.23739418157736,18.261857136782
6.16855158730159,0.873184297834608,0.645950836776909,2.23632423746119,18.26256749721
6.16865079365079,0.873172853891451,0.646042651544144,2.23525480524069,18.2632777506299
6.16875,0.873161294872394,0.646134426404232,2.23418588466976,18.2639878970197
6.16884920634921,0.873149620979198,0.646226161321283,2.2331174755024,18.2646979363575
6.16894841269841,0.873137832413567,0.646317856259408,2.23204957749272,18.2654078686212
6.16904761904762,0.873125929377158,0.646409511182716,2.23098219039495,18.2661176937889
6.16914682539683,0.873113912071575,0.64650112605532,2.22991531396342,18.2668274118387
6.16924603174603,0.873101780698368,0.646592700841334,2.22884894795254,18.2675370227484
6.16934523809524,0.873089535459038,0.646684235504872,2.22778309211687,18.2682465264961
6.16944444444444,0.873077176555035,0.646775730010049,2.22671774621104,18.2689559230599
6.16954365079365,0.873064704187755,0.646867184320981,2.22565290998981,18.2696652124176
6.16964285714286,0.873052118558544,0.646958598401786,2.22458858320804,18.2703743945474
6.16974206349206,0.873039419868696,0.647049972216581,2.22352476562069,18.2710834694271
6.16984126984127,0.873026608319454,0.647141305729484,2.22246145698283,18.2717924370348
6.16994047619048,0.873013684112008,0.647232598904618,2.22139865704965,18.2725012973484
6.17003968253968,0.873000647447497,0.647323851706101,2.22033636557642,18.273210050346
6.17013888888889,0.872987498527009,0.647415064098057,2.21927458231854,18.2739186960054
6.1702380952381,0.872974237551581,0.647506236044608,2.21821330703151,18.2746272343048
6.1703373015873,0.872960864722196,0.647597367509878,2.21715253947093,18.2753356652219
6.17043650793651,0.872947380239788,0.647688458457992,2.21609227939251,18.2760439887348
6.17053571428572,0.872933784305237,0.647779508853075,2.21503252655208,18.2767522048215
6.17063492063492,0.872920077119374,0.647870518659255,2.21397328070557,18.2774603134599
6.17073412698413,0.872906258882976,0.647961487840658,2.21291454160899,18.2781683146279
6.17083333333333,0.872892329796771,0.648052416361414,2.2118563090185,18.2788762083035
6.17093253968254,0.872878290061432,0.648143304185653,2.21079858269033,18.2795839944646
6.17103174603175,0.872864139877583,0.648234151277505,2.20974136238084,18.2802916730892
6.17113095238095,0.872849879445797,0.648324957601101,2.20868464784649,18.2809992441552
6.17123015873016,0.872835508966592,0.648415723120574,2.20762843884384,18.2817067076406
6.17132936507937,0.872821028640438,0.648506447800059,2.20657273512956,18.2824140635232
6.17142857142857,0.872806438667752,0.648597131603688,2.20551753646044,18.2831213117809
6.17152777777778,0.872791739248898,0.648687774495598,2.20446284259336,18.2838284523918
6.17162698412698,0.872776930584191,0.648778376439926,2.20340865328531,18.2845354853337
6.17172619047619,0.872762012873892,0.648868937400808,2.20235496829338,18.2852424105845
6.1718253968254,0.872746986318213,0.648959457342382,2.2013017873748,18.2859492281221
6.1719246031746,0.872731851117312,0.649049936228791,2.20024911028684,18.2866559379244
6.17202380952381,0.872716607471296,0.649140374024171,2.19919693678697,18.2873625399694
6.17212301587302,0.872701255580223,0.649230770692664,2.19814526663269,18.2880690342349
6.17222222222222,0.872685795644094,0.649321126198414,2.19709409958163,18.2887754206988
6.17232142857143,0.872670227862864,0.649411440505563,2.19604343539154,18.2894816993391
6.17242063492063,0.872654552436433,0.649501713578255,2.19499327382026,18.2901878701335
6.17251984126984,0.872638769564651,0.649591945380636,2.19394361462573,18.2908939330599
6.17261904761905,0.872622879447315,0.649682135876852,2.19289445756603,18.2915998880963
6.17271825396825,0.872606882284172,0.64977228503105,2.19184580239931,18.2923057352205
6.17281746031746,0.872590778274916,0.649862392807377,2.19079764888385,18.2930114744104
6.17291666666667,0.87257456761919,0.649952459169984,2.18974999677803,18.2937171056438
6.17301587301587,0.872558250516586,0.650042484083019,2.18870284584033,18.2944226288986
6.17311507936508,0.872541827166644,0.650132467510634,2.18765619582934,18.2951280441527
6.17321428571428,0.872525297768851,0.650222409416981,2.18661004650377,18.2958333513838
6.17331349206349,0.872508662522645,0.650312309766212,2.18556439762242,18.29653855057
6.1734126984127,0.872491921627411,0.650402168522483,2.18451924894418,18.2972436416889
6.1735119047619,0.872475075282481,0.650491985649946,2.18347460022811,18.2979486247185
6.17361111111111,0.872458123687139,0.650581761112758,2.18243045123332,18.2986534996365
6.17371031746032,0.872441067040614,0.650671494875076,2.18138680171904,18.2993582664209
6.17380952380952,0.872423905542085,0.650761186901058,2.1803436514446,18.3000629250493
6.17390873015873,0.872406639390679,0.650850837154861,2.17930100016946,18.3007674754998
6.17400793650794,0.872389268785472,0.650940445600647,2.17825884765316,18.30147191775
6.17410714285714,0.872371793925487,0.651030012202575,2.17721719365537,18.3021762517778
6.17420634920635,0.872354215009697,0.651119536924808,2.17617603793586,18.3028804775611
6.17430555555556,0.872336532237022,0.651209019731506,2.17513538025448,18.3035845950775
6.17440476190476,0.872318745806333,0.651298460586835,2.17409522037123,18.304288604305
6.17450396825397,0.872300855916445,0.651387859454959,2.17305555804618,18.3049925052213
6.17460317460317,0.872282862766126,0.651477216300043,2.17201639303954,18.3056962978042
6.17470238095238,0.872264766554089,0.651566531086254,2.1709777251116,18.3063999820316
6.17480158730159,0.872246567478998,0.651655803777758,2.16993955402277,18.3071035578811
6.17490079365079,0.872228265739463,0.651745034338726,2.16890187953353,18.3078070253307
6.175,0.872209861534044,0.651834222733324,2.16786470140456,18.308510384358
6.17509920634921,0.87219135506125,0.651923368925725,2.16682801939654,18.3092136349409
6.17519841269841,0.872172746519536,0.652012472880098,2.16579183327032,18.3099167770571
6.17529761904762,0.872154036107307,0.652101534560617,2.16475614278684,18.3106198106844
6.17539682539683,0.872135224022917,0.652190553931455,2.16372094770714,18.3113227358006
6.17549603174603,0.872116310464667,0.652279530956785,2.16268624779237,18.3120255523834
6.17559523809524,0.872097295630808,0.652368465600784,2.16165204280379,18.3127282604106
6.17569444444444,0.872078179719536,0.652457357827626,2.16061833250278,18.31343085986
6.17579365079365,0.872058962929001,0.65254620760149,2.15958511665079,18.3141333507092
6.17589285714286,0.872039645457296,0.652635014886552,2.15855239500942,18.3148357329361
6.17599206349206,0.872020227502465,0.652723779646993,2.15752016734035,18.3155380065183
6.17609126984127,0.872000709262501,0.652812501846992,2.15648843340536,18.3162401714337
6.17619047619048,0.871981090935344,0.652901181450731,2.15545719296637,18.3169422276599
6.17628968253968,0.871961372718883,0.65298981842239,2.15442644578537,18.3176441751748
6.17638888888889,0.871941554810954,0.653078412726154,2.15339619162446,18.3183460139559
6.1764880952381,0.871921637409345,0.653166964326205,2.1523664302459,18.3190477439811
6.1765873015873,0.871901620711788,0.653255473186728,2.15133716141198,18.3197493652281
6.17668650793651,0.871881504915967,0.653343939271909,2.15030838488516,18.3204508776745
6.17678571428571,0.871861290219512,0.653432362545936,2.14928010042796,18.3211522812981
6.17688492063492,0.871840976820002,0.653520742972995,2.14825230780303,18.3218535760766
6.17698412698413,0.871820564914966,0.653609080517276,2.14722500677312,18.3225547619878
6.17708333333333,0.87180005470188,0.653697375142968,2.1461981971011,18.3232558390092
6.17718253968254,0.871779446378167,0.653785626814261,2.14517187854993,18.3239568071186
6.17728174603175,0.871758740141201,0.653873835495348,2.14414605088268,18.3246576662937
6.17738095238095,0.871737936188304,0.65396200115042,2.14312071386254,18.3253584165122
6.17748015873016,0.871717034716745,0.654050123743672,2.14209586725278,18.3260590577518
6.17757936507936,0.871696035923742,0.654138203239298,2.1410715108168,18.3267595899901
6.17767857142857,0.871674940006461,0.654226239601493,2.14004764431811,18.3274600132049
6.17777777777778,0.871653747162019,0.654314232794454,2.1390242675203,18.3281603273737
6.17787698412698,0.871632457587477,0.654402182782379,2.13800138018708,18.3288605324743
6.17797619047619,0.871611071479849,0.654490089529464,2.13697898208228,18.3295606284844
6.1780753968254,0.871589589036094,0.65457795299991,2.13595707296984,18.3302606153815
6.1781746031746,0.871568010453121,0.654665773157917,2.13493565261377,18.3309604931434
6.17827380952381,0.871546335927786,0.654753549967686,2.13391472077822,18.3316602617477
6.17837301587302,0.871524565656896,0.65484128339342,2.13289427722744,18.3323599211721
6.17847222222222,0.871502699837204,0.654928973399321,2.13187432172577,18.3330594713942
6.17857142857143,0.871480738665412,0.655016619949595,2.13085485403768,18.3337589123916
6.17867063492063,0.871458682338171,0.655104223008445,2.12983587392773,18.334458244142
6.17876984126984,0.871436531052081,0.655191782540079,2.1288173811606,18.335157466623
6.17886904761905,0.871414285003687,0.655279298508702,2.12779937550106,18.3358565798123
6.17896825396825,0.871391944389487,0.655366770878524,2.126781856714,18.3365555836875
6.17906746031746,0.871369509405925,0.655454199613753,2.12576482456442,18.3372544782261
6.17916666666667,0.871346980249393,0.655541584678599,2.12474827881742,18.3379532634059
6.17926587301587,0.871324357116232,0.655628926037274,2.12373221923819,18.3386519392044
6.17936507936508,0.871301640202732,0.655716223653989,2.12271664559204,18.3393505055993
6.17946428571429,0.871278829705131,0.655803477492956,2.12170155764442,18.3400489625681
6.17956349206349,0.871255925819616,0.65589068751839,2.12068695516085,18.3407473100885
6.1796626984127,0.87123292874232,0.655977853694505,2.11967283790694,18.341445548138
6.17976190476191,0.871209838669327,0.656064975985517,2.11865920564845,18.3421436766943
6.17986111111111,0.871186655796668,0.656152054355644,2.11764605815121,18.342841695735
6.17996031746032,0.871163380320324,0.656239088769102,2.11663339518119,18.3435396052375
6.18005952380952,0.871140012436223,0.656326079190111,2.11562121650444,18.3442374051796
6.18015873015873,0.871116552340241,0.656413025582889,2.11460952188713,18.3449350955388
6.18025793650794,0.871093000228204,0.656499927911658,2.11359831109553,18.3456326762927
6.18035714285714,0.871069356295885,0.656586786140639,2.11258758389602,18.3463301474188
6.18045634920635,0.871045620739006,0.656673600234055,2.11157734005508,18.3470275088947
6.18055555555556,0.871021793753238,0.656760370156129,2.11056757933932,18.347724760698
6.18065476190476,0.870997875534199,0.656847095871086,2.10955830151543,18.3484219028063
6.18075396825397,0.870973866277457,0.656933777343151,2.10854950635022,18.349118935197
6.18085317460318,0.870949766178527,0.657020414536552,2.10754119361058,18.3498158578479
6.18095238095238,0.870925575432873,0.657107007415513,2.10653336306357,18.3505126707363
6.18105158730159,0.870901294235908,0.657193555944265,2.10552601447629,18.3512093738398
6.18115079365079,0.870876922782992,0.657280060087036,2.10451914761599,18.3519059671361
6.18125,0.870852461269435,0.657366519808057,2.10351276224999,18.3526024506025
6.18134920634921,0.870827909890495,0.657452935071559,2.10250685814575,18.3532988242168
6.18144841269841,0.870803268841376,0.657539305841775,2.10150143507082,18.3539950879563
6.18154761904762,0.870778538317235,0.657625632082937,2.10049649279286,18.3546912417986
6.18164682539683,0.870753718513173,0.65771191375928,2.09949203107964,18.3553872857213
6.18174603174603,0.870728809624242,0.657798150835038,2.09848804969902,18.3560832197019
6.18184523809524,0.870703811845441,0.657884343274449,2.09748454841899,18.3567790437178
6.18194444444444,0.87067872537172,0.657970491041748,2.09648152700765,18.3574747577466
6.18204365079365,0.870653550397973,0.658056594101174,2.09547898523316,18.3581703617657
6.18214285714286,0.870628287119046,0.658142652416966,2.09447692286385,18.3588658557528
6.18224206349206,0.870602935729733,0.658228665953364,2.09347533966812,18.3595612396853
6.18234126984127,0.870577496424775,0.65831463467461,2.09247423541446,18.3602565135406
6.18244047619048,0.870551969398862,0.658400558544944,2.09147360987152,18.3609516772964
6.18253968253968,0.870526354846633,0.658486437528609,2.09047346280802,18.3616467309299
6.18263888888889,0.870500652962674,0.658572271589849,2.08947379399279,18.3623416744189
6.1827380952381,0.870474863941522,0.658658060692909,2.08847460319477,18.3630365077406
6.1828373015873,0.870448987977659,0.658743804802036,2.08747589018301,18.3637312308727
6.18293650793651,0.870423025265518,0.658829503881475,2.08647765472665,18.3644258437925
6.18303571428571,0.870396975999479,0.658915157895474,2.08547989659497,18.3651203464776
6.18313492063492,0.870370840373872,0.659000766808283,2.08448261555732,18.3658147389054
6.18323412698413,0.870344618582974,0.65908633058415,2.08348581138318,18.3665090210534
6.18333333333333,0.87031831082101,0.659171849187326,2.08248948384213,18.3672031928989
6.18343253968254,0.870291917282155,0.659257322582063,2.08149363270386,18.3678972544196
6.18353174603175,0.870265438160531,0.659342750732614,2.08049825773816,18.3685912055928
6.18363095238095,0.870238873650209,0.659428133603231,2.07950335871493,18.3692850463959
6.18373015873016,0.870212223945209,0.659513471158169,2.07850893540417,18.3699787768065
6.18382936507937,0.870185489239499,0.659598763361686,2.077514987576,18.3706723968019
6.18392857142857,0.870158669726994,0.659684010178034,2.07652151500064,18.3713659063596
6.18402777777778,0.87013176560156,0.659769211571473,2.07552851744843,18.3720593054569
6.18412698412698,0.870104777057009,0.65985436750626,2.07453599468979,18.3727525940715
6.18422619047619,0.870077704287103,0.659939477946656,2.07354394649526,18.3734457721805
6.1843253968254,0.870050547485552,0.66002454285692,2.07255237263549,18.3741388397616
6.1844246031746,0.870023306846014,0.660109562201314,2.07156127288123,18.374831796792
6.18452380952381,0.869995982562095,0.660194535944099,2.07057064700334,18.3755246432492
6.18462301587302,0.869968574827351,0.66027946404954,2.06958049477279,18.3762173791106
6.18472222222222,0.869941083835286,0.6603643464819,2.06859081596065,18.3769100043537
6.18482142857143,0.86991350977935,0.660449183205444,2.06760161033811,18.3776025189557
6.18492063492063,0.869885852852945,0.660533974184438,2.06661287767645,18.3782949228941
6.18501984126984,0.869858113249419,0.66061871938315,2.06562461774706,18.3789872161463
6.18511904761905,0.869830291162069,0.660703418765847,2.06463683032145,18.3796793986897
6.18521825396825,0.86980238678414,0.660788072296799,2.06364951517121,18.3803714705016
6.18531746031746,0.869774400308827,0.660872679940276,2.06266267206806,18.3810634315595
6.18541666666667,0.869746331929272,0.660957241660547,2.06167630078384,18.3817552818407
6.18551587301587,0.869718181838566,0.661041757421885,2.06069040109046,18.3824470213226
6.18561507936508,0.869689950229747,0.661126227188564,2.05970497275996,18.3831386499824
6.18571428571429,0.869661637295804,0.661210650924855,2.05872001556447,18.3838301677978
6.18581349206349,0.869633243229672,0.661295028595036,2.05773552927624,18.3845215747458
6.1859126984127,0.869604768224236,0.661379360163381,2.05675151366763,18.385212870804
6.18601190476191,0.869576212472328,0.661463645594167,2.0557679685111,18.3859040559497
6.18611111111111,0.86954757616673,0.661547884851671,2.05478489357922,18.3865951301602
6.18621031746032,0.869518859500171,0.661632077900173,2.05380228864465,18.3872860934129
6.18630952380952,0.86949006266533,0.661716224703952,2.05282015348018,18.387976945685
6.18640873015873,0.869461185854831,0.661800325227289,2.0518384878587,18.388667686954
6.18650793650794,0.869432229261252,0.661884379434464,2.05085729155319,18.3893583171972
6.18660714285714,0.869403193077113,0.661968387289762,2.04987656433677,18.3900488363919
6.18670634920635,0.869374077494888,0.662052348757464,2.04889630598263,18.3907392445154
6.18680555555556,0.869344882706996,0.662136263801857,2.04791651626409,18.3914295415451
6.18690476190476,0.869315608905806,0.662220132387224,2.04693719495457,18.3921197274582
6.18700396825397,0.869286256283634,0.662303954477853,2.04595834182761,18.3928098022321
6.18710317460318,0.869256825032746,0.66238773003803,2.04497995665683,18.3934997658441
6.18720238095238,0.869227315345356,0.662471459032045,2.04400203921597,18.3941896182715
6.18730158730159,0.869197727413625,0.662555141424185,2.04302458927888,18.3948793594916
6.18740079365079,0.869168061429664,0.662638777178743,2.04204760661952,18.3955689894816
6.1875,0.869138317585532,0.662722366260008,2.04107109101194,18.396258508219
6.18759920634921,0.869108496073235,0.662805908632274,2.04009504223032,18.3969479156809
6.18769841269841,0.869078597084731,0.662889404259832,2.03911946004892,18.3976372118446
6.18779761904762,0.869048620811922,0.662972853106978,2.03814434424212,18.3983263966876
6.18789682539682,0.869018567446662,0.663056255138007,2.03716969458443,18.3990154701869
6.18799603174603,0.868988437180751,0.663139610317214,2.03619551085041,18.3997044323199
6.18809523809524,0.868958230205939,0.663222918608896,2.03522179281479,18.4003932830639
6.18819444444444,0.868927946713923,0.663306179977353,2.03424854025237,18.4010820223961
6.18829365079365,0.868897586896349,0.663389394386883,2.03327575293804,18.4017706502938
6.18839285714286,0.868867150944813,0.663472561801784,2.03230343064685,18.4024591667342
6.18849206349206,0.868836639050856,0.663555682186359,2.03133157315393,18.4031475716947
6.18859126984127,0.868806051405971,0.663638755504909,2.03036018023449,18.4038358651523
6.18869047619048,0.868775388201597,0.663721781721737,2.02938925166389,18.4045240470845
6.18878968253968,0.868744649629122,0.663804760801147,2.02841878721757,18.4052121174685
6.18888888888889,0.868713835879883,0.663887692707443,2.02744878667108,18.4059000762814
6.18898809523809,0.868682947145164,0.663970577404932,2.02647924980009,18.4065879235005
6.1890873015873,0.8686519836162,0.664053414857921,2.02551017638036,18.4072756591031
6.18918650793651,0.868620945484172,0.664136205030716,2.02454156618776,18.4079632830664
6.18928571428571,0.86858983294021,0.664218947887626,2.02357341899829,18.4086507953675
6.18938492063492,0.868558646175393,0.664301643392962,2.02260573458802,18.4093381959838
6.18948412698413,0.868527385380747,0.664384291511033,2.02163851273314,18.4100254848924
6.18958333333333,0.868496050747249,0.664466892206152,2.02067175320997,18.4107126620706
6.18968253968254,0.868464642465822,0.66454944544263,2.01970545579491,18.4113997274955
6.18978174603175,0.868433160727337,0.664631951184782,2.01873962026445,18.4120866811444
6.18988095238095,0.868401605722617,0.664714409396921,2.01777424639524,18.4127735229944
6.18998015873016,0.86836997764243,0.664796820043363,2.01680933396401,18.4134602530228
6.19007936507937,0.868338276677494,0.664879183088425,2.01584488274758,18.4141468712067
6.19017857142857,0.868306503018473,0.664961498496423,2.0148808925229,18.4148333775233
6.19027777777778,0.868274656855984,0.665043766231676,2.01391736306701,18.4155197719499
6.19037698412698,0.868242738380587,0.665125986258504,2.01295429415706,18.4162060544636
6.19047619047619,0.868210747782795,0.665208158541226,2.01199168557033,18.4168922250416
6.1905753968254,0.868178685253067,0.665290283044165,2.01102953708416,18.417578283661
6.1906746031746,0.86814655098181,0.665372359731641,2.01006784847605,18.418264230299
6.19077380952381,0.868114345159381,0.665454388567979,2.00910661952357,18.4189500649328
6.19087301587302,0.868082067976086,0.665536369517501,2.0081458500044,18.4196357875396
6.19097222222222,0.868049719622176,0.665618302544535,2.00718553969635,18.4203213980965
6.19107142857143,0.868017300287853,0.665700187613405,2.00622568837731,18.4210068965806
6.19117063492063,0.867984810163268,0.665782024688438,2.00526629582529,18.4216922829692
6.19126984126984,0.867952249438518,0.665863813733964,2.00430736181839,18.4223775572393
6.19136904761905,0.867919618303651,0.665945554714309,2.00334888613486,18.4230627193681
6.19146825396825,0.867886916948662,0.666027247593805,2.00239086855302,18.4237477693327
6.19156746031746,0.867854145563493,0.666108892336781,2.00143330885129,18.4244327071103
6.19166666666667,0.867821304338038,0.666190488907572,2.00047620680823,18.425117532678
6.19176587301587,0.867788393462136,0.666272037270508,1.99951956220247,18.4258022460129
6.19186507936508,0.867755413125577,0.666353537389923,1.99856337481277,18.4264868470922
6.19196428571429,0.867722363518097,0.666434989230154,1.99760764441799,18.4271713358929
6.19206349206349,0.867689244829382,0.666516392755534,1.9966523707971,18.4278557123922
6.1921626984127,0.867656057249067,0.666597747930402,1.99569755372918,18.4285399765672
6.1922619047619,0.867622800966732,0.666679054719094,1.99474319299341,18.429224128395
6.19236111111111,0.867589476171911,0.66676031308595,1.99378928836906,18.4299081678527
6.19246031746032,0.86755608305408,0.666841522995308,1.99283583963555,18.4305920949175
6.19255952380952,0.867522621802669,0.66692268441151,1.99188284657236,18.4312759095663
6.19265873015873,0.867489092607053,0.667003797298897,1.99093030895911,18.4319596117763
6.19275793650794,0.867455495656557,0.667084861621812,1.9899782265755,18.4326432015246
6.19285714285714,0.867421831140453,0.667165877344598,1.98902659920138,18.4333266787882
6.19295634920635,0.867388099247963,0.667246844431598,1.98807542661665,18.4340100435443
6.19305555555556,0.867354300168257,0.66732776284716,1.98712470860136,18.4346932957699
6.19315476190476,0.867320434090452,0.667408632555628,1.98617444493565,18.4353764354421
6.19325396825397,0.867286501203615,0.667489453521352,1.98522463539976,18.436059462538
6.19335317460317,0.867252501696761,0.667570225708678,1.98427527977405,18.4367423770345
6.19345238095238,0.867218435758853,0.667650949081956,1.98332637783897,18.4374251789089
6.19355158730159,0.867184303578803,0.667731623605536,1.98237792937511,18.4381078681381
6.19365079365079,0.867150105345472,0.66781224924377,1.98142993416312,18.4387904446992
6.19375,0.867115841247666,0.66789282596101,1.98048239198381,18.4394729085692
6.19384920634921,0.867081511474145,0.667973353721609,1.97953530261804,18.4401552597253
6.19394841269841,0.867047116213612,0.66805383248992,1.97858866584682,18.4408374981443
6.19404761904762,0.867012655654722,0.6681342622303,1.97764248145124,18.4415196238034
6.19414682539682,0.866978129986076,0.668214642907104,1.97669674921252,18.4422016366796
6.19424603174603,0.866943539396225,0.66829497448469,1.97575146891196,18.44288353675
6.19434523809524,0.866908884073669,0.668375256927414,1.974806640331,18.4435653239915
6.19444444444444,0.866874164206854,0.668455490199637,1.97386226325117,18.4442469983812
6.19454365079365,0.866839379984177,0.668535674265717,1.97291833745408,18.444928559896
6.19464285714286,0.866804531593982,0.668615809090016,1.97197486272149,18.4456100085131
6.19474206349206,0.86676961922456,0.668695894636896,1.97103183883525,18.4462913442094
6.19484126984127,0.866734643064154,0.66877593087072,1.9700892655773,18.4469725669619
6.19494047619048,0.866699603300952,0.66885591775585,1.96914714272971,18.4476536767477
6.19503968253968,0.866664500123092,0.668935855256653,1.96820547007465,18.4483346735436
6.19513888888889,0.866629333718662,0.669015743337494,1.96726424739439,18.4490155573268
6.19523809523809,0.866594104275694,0.66909558196274,1.96632347447132,18.4496963280742
6.1953373015873,0.866558811982172,0.669175371096757,1.96538315108791,18.4503769857628
6.19543650793651,0.866523457026029,0.669255110703915,1.96444327702678,18.4510575303696
6.19553571428571,0.866488039595142,0.669334800748584,1.96350385207061,18.4517379618716
6.19563492063492,0.866452559877342,0.669414441195134,1.96256487600222,18.4524182802456
6.19573412698413,0.866417018060403,0.669494032007937,1.9616263486045,18.4530984854688
6.19583333333333,0.866381414332053,0.669573573151364,1.96068826966051,18.4537785775181
6.19593253968254,0.866345748879963,0.66965306458979,1.95975063895337,18.4544585563704
6.19603174603175,0.866310021891756,0.669732506287588,1.95881345626629,18.4551384220027
6.19613095238095,0.866274233555003,0.669811898209135,1.95787672138264,18.4558181743919
6.19623015873016,0.866238384057221,0.669891240318807,1.95694043408585,18.4564978135151
6.19632936507937,0.866202473585878,0.66997053258098,1.95600459415948,18.4571773393491
6.19642857142857,0.86616650232839,0.670049774960034,1.95506920138719,18.4578567518709
6.19652777777778,0.86613047047212,0.670128967420347,1.95413425555275,18.4585360510574
6.19662698412698,0.86609437820438,0.6702081099263,1.95319975644004,18.4592152368857
6.19672619047619,0.866058225712432,0.670287202442274,1.95226570383304,18.4598943093325
6.1968253968254,0.866022013183485,0.670366244932651,1.95133209751582,18.4605732683748
6.1969246031746,0.865985740804696,0.670445237361815,1.9503989372726,18.4612521139897
6.19702380952381,0.865949408763171,0.670524179694149,1.94946622288767,18.4619308461539
6.19712301587302,0.865913017245964,0.670603071894038,1.94853395414544,18.4626094648444
6.19722222222222,0.865876566440078,0.67068191392587,1.94760213083041,18.4632879700381
6.19732142857143,0.865840056532464,0.670760705754029,1.94667075272723,18.4639663617119
6.19742063492064,0.865803487710023,0.670839447342905,1.94573981962062,18.4646446398428
6.19751984126984,0.865766860159602,0.670918138656887,1.9448093312954,18.4653228044076
6.19761904761905,0.865730174067997,0.670996779660363,1.94387928753653,18.4660008553832
6.19771825396825,0.865693429621953,0.671075370317726,1.94294968812904,18.4666787927465
6.19781746031746,0.865656626849388,0.671153910660685,1.94202053283727,18.467356616543
6.19791666666667,0.865619763633895,0.671232401628679,1.94109182115204,18.4680343277423
6.19801587301587,0.865582839307488,0.671310843543965,1.94016355277089,18.4687119266846
6.19811507936508,0.865545853930694,0.671389236419533,1.93923572748906,18.4693894133955
6.19821428571429,0.865508807564061,0.671467580268353,1.93830834510184,18.4700667879
6.19831349206349,0.865471700268153,0.671545875103373,1.9373814054046,18.4707440502236
6.1984126984127,0.865434532103555,0.671624120937521,1.93645490819279,18.4714212003915
6.1985119047619,0.865397303130872,0.671702317783705,1.93552885326192,18.4720982384289
6.19861111111111,0.865360013410725,0.671780465654812,1.93460324040758,18.472775164361
6.19871031746032,0.865322663003757,0.671858564563706,1.93367806942542,18.473451978213
6.19880952380952,0.865285251970629,0.671936614523232,1.93275334011117,18.4741286800101
6.19890873015873,0.86524778037202,0.672014615546213,1.93182905226065,18.4748052697774
6.19900793650794,0.865210248268631,0.672092567645453,1.93090520566972,18.4754817475399
6.19910714285714,0.86517265572118,0.672170470833733,1.92998180013432,18.4761581133228
6.19920634920635,0.865135002790402,0.672248325123815,1.92905883545047,18.4768343671512
6.19930555555556,0.865097289537056,0.672326130528439,1.92813631141426,18.47751050905
6.19940476190476,0.865059516021917,0.672403887060325,1.92721422782186,18.4781865390444
6.19950396825397,0.865021682305778,0.67248159473217,1.92629258446948,18.4788624571591
6.19960317460317,0.864983788449455,0.672559253556653,1.92537138115345,18.4795382634194
6.19970238095238,0.864945834513779,0.672636863546431,1.92445061767012,18.48021395785
6.19980158730159,0.864907820559603,0.672714424714139,1.92353029381596,18.4808895404758
6.19990079365079,0.864869746647797,0.672791937072393,1.92261040938747,18.4815650113219
6.2,0.864831612839251,0.672869400633787,1.92169096418126,18.482240370413
6.20009920634921,0.864793419194875,0.672946815410894,1.92077195799398,18.4829156177739
6.20019841269841,0.864755165775597,0.673024181416268,1.91985339062235,18.4835907534296
6.20029761904762,0.864716852642364,0.673101498662439,1.91893526186321,18.4842657774047
6.20039682539683,0.864678479856142,0.673178767161918,1.91801757151342,18.4849406897241
6.20049603174603,0.864640047477917,0.673255986927196,1.91710031936993,18.4856154904125
6.20059523809524,0.864601555568694,0.673333157970741,1.91618350522977,18.4862901794945
6.20069444444444,0.864563004189496,0.673410280305002,1.91526712889002,18.486964756995
6.20079365079365,0.864524393401365,0.673487353942406,1.91435119014786,18.4876392229386
6.20089285714286,0.864485723265364,0.67356437889536,1.91343568880051,18.4883135773499
6.20099206349206,0.864446993842573,0.67364135517625,1.91252062464529,18.4889878202535
6.20109126984127,0.864408205194093,0.67371828279744,1.91160599747958,18.4896619516741
6.20119047619048,0.864369357381042,0.673795161771274,1.91069180710083,18.4903359716361
6.20128968253968,0.864330450464559,0.673871992110075,1.90977805330657,18.4910098801643
6.20138888888889,0.864291484505801,0.673948773826146,1.90886473589438,18.491683677283
6.2014880952381,0.864252459565944,0.674025506931769,1.90795185466195,18.4923573630168
6.2015873015873,0.864213375706183,0.674102191439202,1.907039409407,18.4930309373901
6.20168650793651,0.864174232987733,0.674178827360689,1.90612739992733,18.4937044004275
6.20178571428572,0.864135031471828,0.674255414708444,1.90521582602086,18.4943777521533
6.20188492063492,0.86409577121972,0.674331953494667,1.90430468748553,18.4950509925919
6.20198412698413,0.864056452292681,0.674408443731535,1.90339398411936,18.4957241217678
6.20208333333333,0.864017074752002,0.674484885431205,1.90248371572045,18.4963971397052
6.20218253968254,0.863977638658993,0.674561278605811,1.90157388208697,18.4970700464285
6.20228174603175,0.863938144074982,0.674637623267469,1.90066448301716,18.497742841962
6.20238095238095,0.863898591061318,0.674713919428272,1.89975551830934,18.49841552633
6.20248015873016,0.863858979679368,0.674790167100293,1.89884698776189,18.4990880995567
6.20257936507937,0.863819309990519,0.674866366295583,1.89793889117327,18.4997605616664
6.20267857142857,0.863779582056175,0.674942517026174,1.89703122834201,18.5004329126832
6.20277777777778,0.86373979593776,0.675018619304077,1.8961239990667,18.5011051526314
6.20287698412698,0.86369995169672,0.675094673141279,1.89521720314603,18.5017772815352
6.20297619047619,0.863660049394515,0.675170678549751,1.89431084037872,18.5024492994186
6.2030753968254,0.863620089092628,0.675246635541439,1.89340491056361,18.5031212063057
6.2031746031746,0.863580070852559,0.675322544128272,1.89249941349957,18.5037930022207
6.20327380952381,0.863539994735829,0.675398404322153,1.89159434898558,18.5044646871876
6.20337301587302,0.863499860803977,0.675474216134969,1.89068971682065,18.5051362612305
6.20347222222222,0.86345966911856,0.675549979578583,1.8897855168039,18.5058077243733
6.20357142857143,0.863419419741155,0.675625694664839,1.88888174873449,18.50647907664
6.20367063492063,0.863379112733358,0.67570136140556,1.88797841241168,18.5071503180547
6.20376984126984,0.863338748156786,0.675776979812547,1.88707550763478,18.5078214486412
6.20386904761905,0.863298326073072,0.675852549897581,1.88617303420319,18.5084924684234
6.20396825396825,0.86325784654387,0.675928071672422,1.88527099191635,18.5091633774253
6.20406746031746,0.863217309630852,0.676003545148809,1.88436938057382,18.5098341756708
6.20416666666667,0.86317671539571,0.67607897033846,1.88346819997518,18.5105048631836
6.20426587301587,0.863136063900155,0.676154347253072,1.88256744992013,18.5111754399876
6.20436507936508,0.863095355205916,0.676229675904323,1.88166713020841,18.5118459061065
6.20446428571428,0.863054589374742,0.676304956303868,1.88076724063984,18.5125162615642
6.20456349206349,0.863013766468401,0.67638018846334,1.87986778101431,18.5131865063844
6.2046626984127,0.862972886548681,0.676455372394357,1.87896875113177,18.5138566405908
6.2047619047619,0.862931949677387,0.676530508108508,1.87807015079229,18.5145266642071
6.20486111111111,0.862890955916345,0.676605595617366,1.87717197979596,18.515196577257
6.20496031746032,0.862849905327399,0.676680634932484,1.87627423794297,18.5158663797641
6.20505952380952,0.862808797972413,0.676755626065391,1.87537692503355,18.516536071752
6.20515873015873,0.862767633913268,0.676830569027597,1.87448004086804,18.5172056532444
6.20525793650794,0.862726413211866,0.676905463830591,1.87358358524683,18.5178751242648
6.20535714285714,0.862685135930129,0.676980310485841,1.87268755797039,18.5185444848368
6.20545634920635,0.862643802129996,0.677055109004793,1.87179195883925,18.5192137349839
6.20555555555556,0.862602411873425,0.677129859398875,1.87089678765403,18.5198828747296
6.20565476190476,0.862560965222394,0.677204561679491,1.87000204421541,18.5205519040973
6.20575396825397,0.862519462238902,0.677279215858027,1.86910772832413,18.5212208231106
6.20585317460317,0.862477902984962,0.677353821945844,1.86821383978104,18.5218896317928
6.20595238095238,0.862436287522612,0.677428379954287,1.86732037838702,18.5225583301674
6.20605158730159,0.862394615913905,0.677502889894677,1.86642734394304,18.5232269182577
6.20615079365079,0.862352888220913,0.677577351778316,1.86553473625014,18.5238953960871
6.20625,0.862311104505731,0.677651765616483,1.86464255510945,18.524563763679
6.20634920634921,0.862269264830469,0.677726131420437,1.86375080032213,18.5252320210565
6.20644841269841,0.862227369257258,0.677800449201418,1.86285947168946,18.5259001682431
6.20654761904762,0.862185417848248,0.677874718970642,1.86196856901275,18.526568205262
6.20664682539683,0.862143410665607,0.677948940739307,1.86107809209341,18.5272361321363
6.20674603174603,0.862101347771523,0.678023114518588,1.86018804073291,18.5279039488894
6.20684523809524,0.862059229228203,0.678097240319641,1.85929841473278,18.5285716555444
6.20694444444444,0.862017055097873,0.678171318153599,1.85840921389466,18.5292392521244
6.20704365079365,0.861974825442779,0.678245348031577,1.85752043802021,18.5299067386526
6.20714285714286,0.861932540325184,0.678319329964665,1.85663208691121,18.5305741151521
6.20724206349206,0.861890199807372,0.678393263963937,1.85574416036948,18.5312413816461
6.20734126984127,0.861847803951645,0.678467150040443,1.85485665819692,18.5319085381575
6.20744047619048,0.861805352820324,0.678540988205212,1.85396958019551,18.5325755847093
6.20753968253968,0.861762846475751,0.678614778469254,1.85308292616729,18.5332425213247
6.20763888888889,0.861720284980283,0.678688520843557,1.85219669591438,18.5339093480266
6.2077380952381,0.861677668396302,0.678762215339088,1.85131088923897,18.534576064838
6.2078373015873,0.861634996786204,0.678835861966794,1.85042550594333,18.5352426717818
6.20793650793651,0.861592270212405,0.678909460737599,1.84954054582979,18.5359091688808
6.20803571428571,0.861549488737343,0.67898301166241,1.84865600870074,18.5365755561582
6.20813492063492,0.861506652423472,0.679056514752109,1.84777189435866,18.5372418336366
6.20823412698413,0.861463761333267,0.67912997001756,1.84688820260611,18.5379080013389
6.20833333333333,0.861420815529219,0.679203377469605,1.84600493324571,18.538574059288
6.20843253968254,0.861377815073843,0.679276737119065,1.84512208608014,18.5392400075066
6.20853174603175,0.861334760029668,0.679350048976741,1.84423966091217,18.5399058460175
6.20863095238095,0.861291650459246,0.679423313053412,1.84335765754463,18.5405715748436
6.20873015873016,0.861248486425147,0.679496529359837,1.84247607578043,18.5412371940074
6.20882936507936,0.861205267989958,0.679569697906754,1.84159491542255,18.5419027035316
6.20892857142857,0.861161995216288,0.67964281870488,1.84071417627405,18.5425681034391
6.20902777777778,0.861118668166763,0.67971589176491,1.83983385813803,18.5432333937523
6.20912698412698,0.861075286904029,0.679788917097522,1.83895396081769,18.543898574494
6.20922619047619,0.861031851490751,0.679861894713368,1.83807448411632,18.5445636456867
6.2093253968254,0.860988361989614,0.679934824623082,1.83719542783723,18.545228607353
6.2094246031746,0.860944818463321,0.680007706837277,1.83631679178385,18.5458934595155
6.20952380952381,0.860901220974593,0.680080541366544,1.83543857575964,18.5465582021967
6.20962301587302,0.860857569586173,0.680153328221456,1.83456077956817,18.5472228354191
6.20972222222222,0.86081386436082,0.680226067412561,1.83368340301306,18.5478873592051
6.20982142857143,0.860770105361314,0.68029875895039,1.832806445898,18.5485517735773
6.20992063492063,0.860726292650453,0.68037140284545,1.83192990802677,18.549216078558
6.21001984126984,0.860682426291056,0.68044399910823,1.8310537892032,18.5498802741697
6.21011904761905,0.860638506345959,0.680516547749195,1.8301780892312,18.5505443604347
6.21021825396825,0.860594532878018,0.680589048778793,1.82930280791477,18.5512083373754
6.21031746031746,0.860550505950108,0.680661502207446,1.82842794505794,18.5518722050142
6.21041666666667,0.860506425625123,0.680733908045561,1.82755350046486,18.5525359633733
6.21051587301587,0.860462291965975,0.68080626630352,1.82667947393972,18.553199612475
6.21061507936508,0.860418105035598,0.680878576991687,1.82580586528678,18.5538631523417
6.21071428571429,0.860373864896942,0.6809508401204,1.82493267431041,18.5545265829954
6.21081349206349,0.860329571612978,0.681023055699982,1.824059900815,18.5551899044585
6.2109126984127,0.860285225246695,0.681095223740733,1.82318754460504,18.5558531167531
6.21101190476191,0.860240825861102,0.681167344252931,1.8223156054851,18.5565162199014
6.21111111111111,0.860196373519227,0.681239417246835,1.8214440832598,18.5571792139255
6.21121031746032,0.860151868284115,0.681311442732683,1.82057297773384,18.5578420988475
6.21130952380952,0.860107310218834,0.681383420720689,1.81970228871199,18.5585048746896
6.21140873015873,0.860062699386467,0.68145535122105,1.81883201599911,18.5591675414737
6.21150793650794,0.860018035850119,0.681527234243941,1.8179621594001,18.559830099222
6.21160714285714,0.859973319672912,0.681599069799515,1.81709271871996,18.5604925479565
6.21170634920635,0.85992855091799,0.681670857897905,1.81622369376375,18.561154887699
6.21180555555556,0.859883729648513,0.681742598549224,1.81535508433659,18.5618171184717
6.21190476190476,0.859838855927661,0.681814291763563,1.81448689024369,18.5624792402964
6.21200396825397,0.859793929818634,0.681885937550992,1.81361911129033,18.5631412531951
6.21210317460318,0.85974895138465,0.681957535921561,1.81275174728185,18.5638031571897
6.21220238095238,0.859703920688947,0.682029086885297,1.81188479802367,18.564464952302
6.21230158730159,0.859658837794782,0.68210059045221,1.8110182633213,18.5651266385539
6.21240079365079,0.85961370276543,0.682172046632286,1.81015214298028,18.5657882159672
6.2125,0.859568515664186,0.68224345543549,1.80928643680625,18.5664496845637
6.21259920634921,0.859523276554364,0.68231481687177,1.80842114460491,18.5671110443651
6.21269841269841,0.859477985499296,0.682386130951047,1.80755626618205,18.5677722953933
6.21279761904762,0.859432642562336,0.682457397683228,1.80669180134352,18.5684334376699
6.21289682539683,0.859387247806854,0.682528617078193,1.80582774989523,18.5690944712167
6.21299603174603,0.859341801296241,0.682599789145804,1.80496411164319,18.5697553960553
6.21309523809524,0.859296303093905,0.682670913895904,1.80410088639344,18.5704162122073
6.21319444444444,0.859250753263276,0.682741991338311,1.80323807395214,18.5710769196945
6.21329365079365,0.8592051518678,0.682813021482825,1.80237567412549,18.5717375185384
6.21339285714286,0.859159498970944,0.682884004339225,1.80151368671977,18.5723980087605
6.21349206349206,0.859113794636195,0.682954939917267,1.80065211154133,18.5730583903825
6.21359126984127,0.859068038927055,0.68302582822669,1.79979094839659,18.5737186634259
6.21369047619048,0.859022231907051,0.683096669277207,1.79893019709206,18.5743788279121
6.21378968253968,0.858976373639724,0.683167463078515,1.7980698574343,18.5750388838627
6.21388888888889,0.858930464188637,0.683238209640286,1.79720992922994,18.5756988312991
6.2139880952381,0.85888450361737,0.683308908972175,1.79635041228571,18.5763586702427
6.2140873015873,0.858838491989524,0.683379561083814,1.79549130640838,18.577018400715
6.21418650793651,0.858792429368718,0.683450165984815,1.79463261140481,18.5776780227373
6.21428571428571,0.858746315818591,0.683520723684767,1.79377432708191,18.578337536331
6.21438492063492,0.858700151402799,0.683591234193241,1.7929164532467,18.5789969415174
6.21448412698413,0.85865393618502,0.683661697519786,1.79205898970625,18.5796562383178
6.21458333333333,0.858607670228949,0.68373211367393,1.79120193626768,18.5803154267536
6.21468253968254,0.858561353598301,0.68380248266518,1.79034529273822,18.580974506846
6.21478174603175,0.858514986356809,0.683872804503022,1.78948905892515,18.5816334786162
6.21488095238095,0.858468568568226,0.683943079196921,1.78863323463583,18.5822923420854
6.21498015873016,0.858422100296325,0.684013306756324,1.78777781967768,18.5829510972749
6.21507936507937,0.858375581604896,0.684083487190653,1.7869228138582,18.5836097442057
6.21517857142857,0.858329012557749,0.684153620509311,1.78606821698499,18.5842682828991
6.21527777777778,0.858282393218715,0.684223706721679,1.78521402886566,18.5849267133761
6.21537698412698,0.85823572365164,0.684293745837121,1.78436024930795,18.5855850356578
6.21547619047619,0.858189003920393,0.684363737864974,1.78350687811963,18.5862432497654
6.2155753968254,0.85814223408886,0.68443368281456,1.78265391510857,18.5869013557198
6.2156746031746,0.858095414220946,0.684503580695177,1.78180136008269,18.587559353542
6.21577380952381,0.858048544380577,0.684573431516103,1.78094921285001,18.5882172432532
6.21587301587302,0.858001624631695,0.684643235286594,1.78009747321859,18.5888750248741
6.21597222222222,0.857954655038264,0.684712992015886,1.77924614099658,18.5895326984258
6.21607142857143,0.857907635664265,0.684782701713195,1.7783952159922,18.5901902639292
6.21617063492063,0.8578605665737,0.684852364387715,1.77754469801374,18.5908477214053
6.21626984126984,0.857813447830589,0.68492198004862,1.77669458686956,18.5915050708747
6.21636904761905,0.85776627949897,0.684991548705062,1.77584488236809,18.5921623123585
6.21646825396825,0.857719061642902,0.685061070366172,1.77499558431785,18.5928194458774
6.21656746031746,0.857671794326462,0.685130545041064,1.77414669252739,18.5934764714523
6.21666666666667,0.857624477613748,0.685199972738824,1.77329820680539,18.5941333891039
6.21676587301587,0.857577111568874,0.685269353468523,1.77245012696055,18.5947901988529
6.21686507936508,0.857529696255974,0.685338687239209,1.77160245280168,18.5954469007201
6.21696428571429,0.857482231739203,0.68540797405991,1.77075518413763,18.5961034947263
6.21706349206349,0.857434718082733,0.685477213939633,1.76990832077733,18.5967599808919
6.2171626984127,0.857387155350757,0.685546406887362,1.7690618625298,18.5974163592378
6.21726190476191,0.857339543607484,0.685615552912064,1.76821580920412,18.5980726297846
6.21736111111111,0.857291882917146,0.685684652022681,1.76737016060944,18.5987287925528
6.21746031746032,0.857244173343991,0.685753704228138,1.76652491655498,18.599384847563
6.21755952380952,0.857196414952286,0.685822709537336,1.76568007685003,18.6000407948358
6.21765873015873,0.857148607806321,0.685891667959157,1.76483564130396,18.6006966343918
6.21775793650794,0.857100751970401,0.685960579502461,1.76399160972621,18.6013523662514
6.21785714285714,0.857052847508851,0.686029444176089,1.7631479819263,18.6020079904351
6.21795634920635,0.857004894486016,0.686098261988858,1.76230475771379,18.6026635069633
6.21805555555556,0.856956892966259,0.686167032949569,1.76146193689834,18.6033189158566
6.21815476190476,0.856908843013964,0.686235757066996,1.7606195192897,18.6039742171353
6.21825396825397,0.856860744693531,0.686304434349897,1.75977750469764,18.6046294108198
6.21835317460318,0.856812598069383,0.686373064807007,1.75893589293204,18.6052844969304
6.21845238095238,0.856764403205959,0.68644164844704,1.75809468380283,18.6059394754876
6.21855158730159,0.856716160167717,0.68651018527869,1.75725387712004,18.6065943465116
6.21865079365079,0.856667869019137,0.686578675310631,1.75641347269374,18.6072491100226
6.21875,0.856619529824715,0.686647118551514,1.7555734703341,18.607903766041
6.21884920634921,0.856571142648967,0.68671551500997,1.75473386985133,18.6085583145871
6.21894841269841,0.85652270755643,0.68678386469461,1.75389467105574,18.6092127556809
6.21904761904762,0.856474224611657,0.686852167614023,1.7530558737577,18.6098670893428
6.21914682539682,0.856425693879221,0.686920423776777,1.75221747776765,18.6105213155928
6.21924603174603,0.856377115423717,0.686988633191421,1.75137948289611,18.6111754344511
6.21934523809524,0.856328489309754,0.68705679586648,1.75054188895367,18.6118294459379
6.21944444444444,0.856279815601965,0.687124911810462,1.74970469575098,18.6124833500733
6.21954365079365,0.856231094364998,0.687192981031852,1.74886790309876,18.6131371468772
6.21964285714286,0.856182325663524,0.687261003539113,1.74803151080784,18.6137908363697
6.21974206349206,0.856133509562231,0.687328979340689,1.74719551868908,18.614444418571
6.21984126984127,0.856084646125824,0.687396908445002,1.74635992655342,18.6150978935008
6.21994047619048,0.856035735419031,0.687464790860455,1.74552473421188,18.6157512611793
6.22003968253968,0.855986777506596,0.687532626595427,1.74468994147556,18.6164045216264
6.22013888888889,0.855937772453285,0.68760041565828,1.7438555481556,18.617057674862
6.22023809523809,0.855888720323881,0.687668158057352,1.74302155406325,18.617710720906
6.2203373015873,0.855839621183186,0.687735853800961,1.74218795900982,18.6183636597783
6.22043650793651,0.855790475096022,0.687803502897405,1.74135476280666,18.6190164914987
6.22053571428571,0.85574128212723,0.687871105354961,1.74052196526524,18.619669216087
6.22063492063492,0.855692042341669,0.687938661181883,1.73968956619707,18.6203218335631
6.22073412698413,0.855642755804219,0.688006170386408,1.73885756541375,18.6209743439468
6.22083333333333,0.855593422579777,0.688073632976749,1.73802596272694,18.6216267472577
6.22093253968254,0.855544042733261,0.688141048961098,1.73719475794837,18.6222790435156
6.22103174603175,0.855494616329606,0.68820841834763,1.73636395088983,18.6229312327402
6.22113095238095,0.855445143433769,0.688275741144493,1.73553354136324,18.6235833149513
6.22123015873016,0.855395624110724,0.68834301735982,1.73470352918052,18.6242352901684
6.22132936507937,0.855346058425463,0.688410247001719,1.73387391415371,18.6248871584111
6.22142857142857,0.855296446443,0.688477430078281,1.73304469609489,18.6255389196992
6.22152777777778,0.855246788228365,0.688544566597571,1.73221587481623,18.6261905740521
6.22162698412698,0.855197083846611,0.688611656567639,1.73138745012998,18.6268421214894
6.22172619047619,0.855147333362805,0.68867869999651,1.73055942184842,18.6274935620307
6.2218253968254,0.855097536842039,0.688745696892189,1.72973178978396,18.6281448956955
6.2219246031746,0.855047694349418,0.688812647262661,1.72890455374904,18.6287961225032
6.22202380952381,0.854997805950071,0.68887955111589,1.72807771355618,18.6294472424734
6.22212301587302,0.854947871709144,0.688946408459818,1.72725126901798,18.6300982556254
6.22222222222222,0.854897891691801,0.689013219302367,1.72642521994712,18.6307491619787
6.22232142857143,0.854847865963227,0.689079983651439,1.72559956615632,18.6313999615526
6.22242063492063,0.854797794588625,0.689146701514914,1.72477430745841,18.6320506543665
6.22251984126984,0.854747677633218,0.689213372900652,1.72394944366625,18.6327012404398
6.22261904761905,0.854697515162248,0.689279997816489,1.72312497459283,18.6333517197918
6.22271825396825,0.854647307240974,0.689346576270245,1.72230090005115,18.6340020924417
6.22281746031746,0.854597053934678,0.689413108269716,1.72147721985431,18.6346523584088
6.22291666666667,0.854546755308657,0.689479593822677,1.7206539338155,18.6353025177124
6.22301587301587,0.85449641142823,0.689546032936885,1.71983104174794,18.6359525703717
6.22311507936508,0.854446022358733,0.689612425620073,1.71900854346495,18.6366025164059
6.22321428571429,0.854395588165522,0.689678771879955,1.71818643877993,18.6372523558341
6.22331349206349,0.854345108913974,0.689745071724223,1.71736472750632,18.6379020886755
6.2234126984127,0.854294584669481,0.689811325160549,1.71654340945765,18.6385517149492
6.2235119047619,0.854244015497457,0.689877532196584,1.71572248444754,18.6392012346743
6.22361111111111,0.854193401463335,0.689943692839957,1.71490195228964,18.6398506478698
6.22371031746032,0.854142742632567,0.690009807098277,1.71408181279771,18.6404999545549
6.22380952380952,0.854092039070621,0.690075874979134,1.71326206578556,18.6411491547486
6.22390873015873,0.85404129084299,0.690141896490094,1.71244271106708,18.6417982484698
6.22400793650794,0.85399049801518,0.690207871638704,1.71162374845621,18.6424472357375
6.22410714285714,0.85393966065272,0.690273800432489,1.71080517776702,18.6430961165707
6.22420634920635,0.853888778821158,0.690339682878954,1.7099869988136,18.6437448909882
6.22430555555556,0.853837852586058,0.690405518985583,1.70916921141011,18.6443935590091
6.22440476190476,0.853786882013006,0.69047130875984,1.70835181537081,18.6450421206521
6.22450396825397,0.853735867167607,0.690537052209165,1.70753481051002,18.6456905759361
6.22460317460317,0.853684808115483,0.690602749340981,1.70671819664212,18.64633892488
6.22470238095238,0.853633704922277,0.690668400162689,1.70590197358159,18.6469871675026
6.22480158730159,0.85358255765365,0.690734004681667,1.70508614114295,18.6476353038225
6.22490079365079,0.853531366375283,0.690799562905275,1.7042706991408,18.6482833338587
6.225,0.853480131152875,0.69086507484085,1.70345564738984,18.6489312576298
6.22509920634921,0.853428852052145,0.69093054049571,1.7026409857048,18.6495790751545
6.22519841269841,0.853377529138832,0.690995959877151,1.70182671390051,18.6502267864514
6.22529761904762,0.853326162478691,0.691061332992447,1.70101283179186,18.6508743915394
6.22539682539682,0.853274752137498,0.691126659848854,1.70019933919381,18.6515218904369
6.22549603174603,0.853223298181049,0.691191940453607,1.6993862359214,18.6521692831627
6.22559523809524,0.853171800675158,0.691257174813915,1.69857352178975,18.6528165697352
6.22569444444444,0.853120259685659,0.691322362936972,1.69776119661403,18.6534637501731
6.22579365079365,0.853068675278402,0.691387504829949,1.6969492602095,18.6541108244949
6.22589285714286,0.853017047519261,0.691452600499996,1.69613771239147,18.654757792719
6.22599206349206,0.852965376474124,0.691517649954243,1.69532655297534,18.655404654864
6.22609126984127,0.852913662208903,0.691582653199797,1.69451578177658,18.6560514109484
6.22619047619048,0.852861904789524,0.691647610243747,1.69370539861073,18.6566980609906
6.22628968253968,0.852810104281937,0.691712521093159,1.69289540329341,18.6573446050089
6.22638888888889,0.852758260752108,0.691777385755079,1.69208579564028,18.6579910430218
6.22648809523809,0.852706374266022,0.691842204236532,1.69127657546711,18.6586373750477
6.2265873015873,0.852654444889686,0.691906976544523,1.69046774258972,18.6592836011049
6.22668650793651,0.852602472689122,0.691971702686034,1.68965929682401,18.6599297212117
6.22678571428571,0.852550457730374,0.692036382668028,1.68885123798595,18.6605757353863
6.22688492063492,0.852498400079505,0.692101016497447,1.68804356589158,18.6612216436472
6.22698412698413,0.852446299802594,0.692165604181213,1.68723628035701,18.6618674460124
6.22708333333333,0.852394156965744,0.692230145726223,1.68642938119844,18.6625131425003
6.22718253968254,0.852341971635074,0.692294641139357,1.68562286823211,18.663158733129
6.22728174603175,0.852289743876721,0.692359090427473,1.68481674127436,18.6638042179167
6.22738095238095,0.852237473756845,0.69242349359741,1.68401100014158,18.6644495968816
6.22748015873016,0.85218516134162,0.692487850655983,1.68320564465025,18.6650948700417
6.22757936507937,0.852132806697244,0.692552161609987,1.68240067461692,18.6657400374151
6.22767857142857,0.852080409889932,0.692616426466199,1.68159608985818,18.66638509902
6.22777777777778,0.852027970985916,0.69268064523137,1.68079189019075,18.6670300548744
6.22787698412698,0.851975490051451,0.692744817912236,1.67998807543136,18.6676749049963
6.22797619047619,0.851922967152808,0.692808944515506,1.67918464539686,18.6683196494037
6.2280753968254,0.851870402356279,0.692873025047874,1.67838159990415,18.6689642881145
6.2281746031746,0.851817795728175,0.692937059516009,1.6775789387702,18.6696088211468
6.22827380952381,0.851765147334823,0.693001047926561,1.67677666181206,18.6702532485185
6.22837301587302,0.851712457242574,0.693064990286159,1.67597476884684,18.6708975702474
6.22847222222222,0.851659725517794,0.693128886601411,1.67517325969173,18.6715417863515
6.22857142857143,0.851606952226871,0.693192736878903,1.674372134164,18.6721858968486
6.22867063492064,0.85155413743621,0.693256541125202,1.67357139208099,18.6728299017564
6.22876984126984,0.851501281212236,0.693320299346852,1.67277103326009,18.673473801093
6.22886904761905,0.851448383621394,0.693384011550379,1.67197105751878,18.6741175948759
6.22896825396825,0.851395444730145,0.693447677742286,1.67117146467461,18.674761283123
6.22906746031746,0.851342464604972,0.693511297929055,1.67037225454521,18.675404865852
6.22916666666667,0.851289443312376,0.693574872117149,1.66957342694826,18.6760483430806
6.22926587301587,0.851236380918879,0.693638400313009,1.66877498170153,18.6766917148265
6.22936507936508,0.851183277491018,0.693701882523054,1.66797691862285,18.6773349811073
6.22946428571429,0.851130133095352,0.693765318753684,1.66717923753013,18.6779781419408
6.22956349206349,0.85107694779846,0.693828709011278,1.66638193824135,18.6786211973444
6.2296626984127,0.851023721666938,0.693892053302192,1.66558502057457,18.6792641473358
6.2297619047619,0.8509704547674,0.693955351632764,1.6647884843479,18.6799069919326
6.22986111111111,0.850917147166483,0.69401860400931,1.66399232937953,18.6805497311522
6.22996031746032,0.850863798930839,0.694081810438125,1.66319655548774,18.6811923650123
6.23005952380952,0.850810410127143,0.694144970925481,1.66240116249086,18.6818348935302
6.23015873015873,0.850756980822087,0.694208085477633,1.66160615020731,18.6824773167235
6.23025793650794,0.85070351108238,0.694271154100814,1.66081151845556,18.6831196346096
6.23035714285714,0.850650000974754,0.694334176801235,1.66001726705418,18.6837618472058
6.23045634920635,0.850596450565957,0.694397153585085,1.65922339582178,18.6844039545297
6.23055555555556,0.850542859922759,0.694460084458537,1.65842990457705,18.6850459565985
6.23065476190476,0.850489229111947,0.694522969427737,1.65763679313878,18.6856878534297
6.23075396825397,0.850435558200327,0.694585808498815,1.6568440613258,18.6863296450404
6.23085317460317,0.850381847254725,0.694648601677878,1.65605170895702,18.6869713314481
6.23095238095238,0.850328096341985,0.694711348971011,1.65525973585143,18.68761291267
6.23105158730159,0.850274305528973,0.694774050384281,1.65446814182808,18.6882543887233
6.23115079365079,0.850220474882569,0.694836705923733,1.6536769267061,18.6888957596253
6.23125,0.850166604469677,0.69489931559539,1.65288609030469,18.6895370253931
6.23134920634921,0.850112694357218,0.694961879405254,1.65209563244312,18.690178186044
6.23144841269841,0.85005874461213,0.69502439735931,1.65130555294072,18.690819241595
6.23154761904762,0.850004755301376,0.695086869463516,1.65051585161694,18.6914601920633
6.23164682539683,0.849950726491931,0.695149295723814,1.64972652829124,18.692101037466
6.23174603174603,0.849896658250795,0.695211676146124,1.64893758278318,18.6927417778202
6.23184523809524,0.849842550644983,0.695274010736343,1.6481490149124,18.6933824131429
6.23194444444444,0.84978840374153,0.69533629950035,1.64736082449859,18.6940229434512
6.23204365079365,0.849734217607492,0.695398542444002,1.64657301136153,18.694663368762
6.23214285714286,0.849679992309943,0.695460739573135,1.64578557532106,18.6953036890923
6.23224206349206,0.849625727915975,0.695522890893564,1.64499851619711,18.6959439044592
6.23234126984127,0.8495714244927,0.695584996411084,1.64421183380966,18.6965840148794
6.23244047619048,0.849517082107249,0.695647056131467,1.64342552797877,18.6972240203699
6.23253968253968,0.849462700826772,0.695709070060468,1.64263959852457,18.6978639209477
6.23263888888889,0.849408280718439,0.695771038203816,1.64185404526727,18.6985037166295
6.2327380952381,0.849353821849438,0.695832960567224,1.64106886802715,18.6991434074322
6.2328373015873,0.849299324286976,0.695894837156382,1.64028406662455,18.6997829933726
6.23293650793651,0.849244788098279,0.695956667976959,1.63949964087988,18.7004224744674
6.23303571428572,0.849190213350594,0.696018453034602,1.63871559061365,18.7010618507335
6.23313492063492,0.849135600111185,0.69608019233494,1.63793191564641,18.7017011221875
6.23323412698413,0.849080948447335,0.696141885883579,1.63714861579881,18.7023402888463
6.23333333333333,0.849026258426348,0.696203533686106,1.63636569089155,18.7029793507264
6.23343253968254,0.848971530115545,0.696265135748084,1.6355831407454,18.7036183078445
6.23353174603175,0.848916763582267,0.696326692075058,1.63480096518122,18.7042571602173
6.23363095238095,0.848861958893874,0.696388202672552,1.63401916401993,18.7048959078613
6.23373015873016,0.848807116117746,0.696449667546067,1.63323773708252,18.7055345507932
6.23382936507937,0.848752235321281,0.696511086701085,1.63245668419005,18.7061730890296
6.23392857142857,0.848697316571895,0.696572460143067,1.63167600516368,18.7068115225869
6.23402777777778,0.848642359937026,0.696633787877453,1.63089569982459,18.7074498514817
6.23412698412698,0.848587365484129,0.696695069909661,1.63011576799408,18.7080880757304
6.23422619047619,0.848532333280678,0.696756306245089,1.6293362094935,18.7087261953496
6.2343253968254,0.848477263394167,0.696817496889116,1.62855702414427,18.7093642103557
6.2344246031746,0.848422155892109,0.696878641847097,1.62777821176787,18.7100021207651
6.23452380952381,0.848367010842035,0.696939741124367,1.62699977218591,18.7106399265942
6.23462301587302,0.848311828311498,0.697000794726241,1.62622170522,18.7112776278593
6.23472222222222,0.848256608368066,0.697061802658013,1.62544401069185,18.7119152245768
6.23482142857143,0.848201351079329,0.697122764924957,1.62466668842326,18.7125527167631
6.23492063492063,0.848146056512894,0.697183681532323,1.62388973823607,18.7131901044344
6.23501984126984,0.84809072473639,0.697244552485343,1.62311315995221,18.713827387607
6.23511904761905,0.848035355817462,0.697305377789227,1.62233695339369,18.7144645662971
6.23521825396825,0.847979949823776,0.697366157449166,1.62156111838257,18.715101640521
6.23531746031746,0.847924506823017,0.697426891470327,1.62078565474098,18.7157386102948
6.23541666666667,0.847869026882887,0.697487579857859,1.62001056229116,18.7163754756348
6.23551587301587,0.847813510071111,0.697548222616888,1.61923584085538,18.7170122365571
6.23561507936508,0.847757956455429,0.69760881975252,1.618461490256,18.7176488930778
6.23571428571428,0.847702366103602,0.697669371269841,1.61768751031545,18.718285445213
6.23581349206349,0.84764673908341,0.697729877173914,1.61691390085623,18.7189218929788
6.2359126984127,0.847591075462652,0.697790337469784,1.6161406617009,18.7195582363913
6.2360119047619,0.847535375309147,0.697850752162473,1.61536779267213,18.7201944754664
6.23611111111111,0.847479638690732,0.697911121256982,1.61459529359263,18.7208306102202
6.23621031746032,0.847423865675263,0.697971444758293,1.61382316428518,18.7214666406687
6.23630952380952,0.847368056330615,0.698031722671365,1.61305140457264,18.7221025668278
6.23640873015873,0.847312210724683,0.698091955001138,1.61228001427794,18.7227383887134
6.23650793650794,0.84725632892538,0.69815214175253,1.61150899322409,18.7233741063414
6.23660714285714,0.847200411000639,0.698212282930439,1.61073834123416,18.7240097197278
6.23670634920635,0.847144457018411,0.698272378539741,1.6099680581313,18.7246452288884
6.23680555555556,0.847088467046669,0.698332428585292,1.60919814373873,18.7252806338391
6.23690476190476,0.8470324411534,0.698392433071926,1.60842859787974,18.7259159345955
6.23700396825397,0.846976379406615,0.698452392004458,1.60765942037769,18.7265511311736
6.23710317460317,0.846920281874341,0.698512305387681,1.60689061105601,18.727186223589
6.23720238095238,0.846864148624626,0.698572173226368,1.60612216973822,18.7278212118576
6.23730158730159,0.846807979725535,0.698631995525269,1.60535409624788,18.728456095995
6.23740079365079,0.846751775245154,0.698691772289116,1.60458639040864,18.7290908760169
6.2375,0.846695535251588,0.698751503522617,1.60381905204424,18.729725551939
6.23759920634921,0.84663925981296,0.698811189230462,1.60305208097846,18.7303601237769
6.23769841269841,0.846582948997412,0.698870829417319,1.60228547703517,18.7309945915463
6.23779761904762,0.846526602873107,0.698930424087836,1.6015192400383,18.7316289552626
6.23789682539683,0.846470221508224,0.698989973246637,1.60075336981186,18.7322632149416
6.23799603174603,0.846413804970965,0.69904947689833,1.59998786617993,18.7328973705987
6.23809523809524,0.846357353329547,0.699108935047497,1.59922272896666,18.7335314222494
6.23819444444444,0.846300866652208,0.699168347698704,1.59845795799628,18.7341653699093
6.23829365079365,0.846244345007207,0.699227714856493,1.59769355309308,18.7347992135937
6.23839285714286,0.846187788462818,0.699287036525386,1.59692951408143,18.7354329533183
6.23849206349206,0.846131197087337,0.699346312709884,1.59616584078577,18.7360665890983
6.23859126984127,0.846074570949079,0.699405543414467,1.5954025330306,18.7367001209492
6.23869047619048,0.846017910116378,0.699464728643595,1.59463959064052,18.7373335488863
6.23878968253968,0.845961214657584,0.699523868401707,1.59387701344017,18.737966872925
6.23888888888889,0.84590448464107,0.69958296269322,1.59311480125427,18.7386000930806
6.2389880952381,0.845847720135227,0.69964201152253,1.59235295390764,18.7392332093684
6.2390873015873,0.845790921208465,0.699701014894015,1.59159147122514,18.7398662218037
6.23918650793651,0.845734087929212,0.699759972812029,1.5908303530317,18.7404991304017
6.23928571428571,0.845677220365917,0.699818885280906,1.59006959915235,18.7411319351777
6.23938492063492,0.845620318587045,0.69987775230496,1.58930920941217,18.7417646361469
6.23948412698413,0.845563382661085,0.699936573888483,1.58854918363631,18.7423972333243
6.23958333333333,0.84550641265654,0.699995350035747,1.58778952165,18.7430297267253
6.23968253968254,0.845449408641935,0.700054080751003,1.58703022327854,18.7436621163649
6.23978174603175,0.845392370685813,0.700112766038481,1.58627128834731,18.7442944022581
6.23988095238095,0.845335298856737,0.70017140590239,1.58551271668174,18.7449265844202
6.23998015873016,0.845278193223289,0.700230000346918,1.58475450810736,18.7455586628662
6.24007936507936,0.845221053854068,0.700288549376233,1.58399666244974,18.746190637611
6.24017857142857,0.845163880817695,0.700347052994481,1.58323917953456,18.7468225086697
6.24027777777778,0.845106674182809,0.700405511205788,1.58248205918754,18.7474542760572
6.24037698412698,0.845049434018066,0.70046392401426,1.58172530123447,18.7480859397886
6.24047619047619,0.844992160392145,0.700522291423979,1.58096890550124,18.7487174998788
6.2405753968254,0.844934853373741,0.700580613439008,1.5802128718138,18.7493489563426
6.2406746031746,0.84487751303157,0.700638890063391,1.57945719999816,18.749980309195
6.24077380952381,0.844820139434366,0.700697121301148,1.57870188988041,18.7506115584508
6.24087301587302,0.844762732650882,0.70075530715628,1.57794694128672,18.7512427041248
6.24097222222222,0.844705292749891,0.700813447632767,1.5771923540433,18.7518737462319
6.24107142857143,0.844647819800183,0.700871542734567,1.57643812797648,18.7525046847868
6.24117063492063,0.84459031387057,0.700929592465619,1.57568426291263,18.7531355198043
6.24126984126984,0.844532775029881,0.700987596829839,1.57493075867819,18.7537662512992
6.24136904761905,0.844475203346965,0.701045555831125,1.57417761509968,18.7543968792862
6.24146825396825,0.844417598890689,0.70110346947335,1.5734248320037,18.7550274037799
6.24156746031746,0.844359961729942,0.701161337760371,1.57267240921692,18.755657824795
6.24166666666667,0.844302291933627,0.701219160696019,1.57192034656606,18.7562881423461
6.24176587301587,0.844244589570672,0.70127693828411,1.57116864387793,18.756918356448
6.24186507936508,0.844186854710019,0.701334670528434,1.57041730097941,18.7575484671151
6.24196428571429,0.844129087420633,0.701392357432761,1.56966631769746,18.758178474362
6.24206349206349,0.844071287771495,0.701449999000844,1.5689156938591,18.7588083782033
6.2421626984127,0.844013455831607,0.70150759523641,1.56816542929143,18.7594381786535
6.24226190476191,0.84395559166999,0.701565146143168,1.56741552382159,18.7600678757271
6.24236111111111,0.843897695355682,0.701622651724807,1.56666597727685,18.7606974694386
6.24246031746032,0.843839766957744,0.701680111984993,1.5659167894845,18.7613269598024
6.24255952380952,0.843781806545251,0.701737526927371,1.56516796027193,18.7619563468329
6.24265873015873,0.843723814187303,0.701794896555568,1.56441948946659,18.7625856305445
6.24275793650794,0.843665789953013,0.701852220873186,1.563671376896,18.7632148109516
6.24285714285714,0.843607733911518,0.70190949988381,1.56292362238776,18.7638438880686
6.24295634920635,0.843549646131971,0.701966733591003,1.56217622576955,18.7644728619097
6.24305555555556,0.843491526683546,0.702023921998304,1.5614291868691,18.7651017324893
6.24315476190476,0.843433375635435,0.702081065109237,1.56068250551422,18.7657304998217
6.24325396825397,0.843375193056849,0.7021381629273,1.5599361815328,18.7663591639211
6.24335317460318,0.843316979017018,0.702195215455973,1.55919021475278,18.7669877248017
6.24345238095238,0.843258733585192,0.702252222698713,1.55844460500221,18.7676161824777
6.24355158730159,0.843200456830641,0.702309184658958,1.55769935210918,18.7682445369633
6.24365079365079,0.843142148822652,0.702366101340125,1.55695445590187,18.7688727882727
6.24375,0.843083809630531,0.702422972745609,1.5562099162085,18.76950093642
6.24384920634921,0.843025439323604,0.702479798878785,1.55546573285741,18.7701289814193
6.24394841269841,0.842967037971216,0.702536579743007,1.55472190567697,18.7707569232846
6.24404761904762,0.842908605642732,0.702593315341608,1.55397843449564,18.7713847620301
6.24414682539683,0.842850142407534,0.7026500056779,1.55323531914196,18.7720124976698
6.24424603174603,0.842791648335025,0.702706650755174,1.55249255944452,18.7726401302176
6.24434523809524,0.842733123494626,0.702763250576702,1.551750155232,18.7732676596876
6.24444444444444,0.842674567955777,0.702819805145732,1.55100810633314,18.7738950860937
6.24454365079365,0.842615981787938,0.702876314465494,1.55026641257676,18.7745224094499
6.24464285714286,0.842557365060587,0.702932778539195,1.54952507379175,18.77514962977
6.24474206349206,0.842498717843223,0.702989197370023,1.54878408980707,18.775776747068
6.24484126984127,0.84244004020536,0.703045570961144,1.54804346045174,18.7764037613577
6.24494047619048,0.842381332216537,0.703101899315702,1.54730318555489,18.777030672653
6.24503968253968,0.842322593946308,0.703158182436822,1.54656326494568,18.7776574809676
6.24513888888889,0.842263825464246,0.703214420327609,1.54582369845336,18.7782841863154
6.2452380952381,0.842205026839945,0.703270612991144,1.54508448590725,18.7789107887101
6.2453373015873,0.842146198143016,0.703326760430491,1.54434562713674,18.7795372881654
6.24543650793651,0.842087339443092,0.703382862648689,1.54360712197129,18.7801636846951
6.24553571428571,0.842028450809822,0.703438919648758,1.54286897024044,18.7807899783129
6.24563492063492,0.841969532312875,0.7034949314337,1.54213117177379,18.7814161690324
6.24573412698413,0.841910584021941,0.70355089800649,1.54139372640102,18.7820422568673
6.24583333333333,0.841851606006727,0.703606819370089,1.54065663395189,18.7826682418312
6.24593253968254,0.84179259833696,0.703662695527431,1.53991989425621,18.7832941239377
6.24603174603175,0.841733561082385,0.703718526481433,1.53918350714388,18.7839199032003
6.24613095238095,0.841674494312767,0.703774312234991,1.53844747244487,18.7845455796326
6.24623015873016,0.841615398097891,0.703830052790977,1.5377117899892,18.7851711532482
6.24632936507937,0.841556272507557,0.703885748152247,1.53697645960698,18.7857966240605
6.24642857142857,0.841497117611591,0.703941398321631,1.53624148112841,18.7864219920829
6.24652777777778,0.841437933479832,0.703997003301942,1.53550685438374,18.787047257329
6.24662698412698,0.841378720182141,0.70405256309597,1.53477257920328,18.7876724198122
6.24672619047619,0.841319477788398,0.704108077706485,1.53403865541744,18.7882974795459
6.2468253968254,0.841260206368499,0.704163547136237,1.53330508285667,18.7889224365434
6.2469246031746,0.841200905992364,0.704218971387953,1.53257186135153,18.789547290818
6.24702380952381,0.841141576729929,0.704274350464341,1.53183899073261,18.7901720423832
6.24712301587302,0.841082218651149,0.704329684368086,1.53110647083061,18.7907966912523
6.24722222222222,0.841022831825999,0.704384973101856,1.53037430147628,18.7914212374384
6.24732142857143,0.840963416324474,0.704440216668294,1.52964248250045,18.7920456809548
6.24742063492063,0.840903972216585,0.704495415070024,1.52891101373401,18.7926700218149
6.24751984126984,0.840844499572366,0.70455056830965,1.52817989500793,18.7932942600317
6.24761904761905,0.840784998461867,0.704605676389754,1.52744912615327,18.7939183956185
6.24771825396825,0.840725468955158,0.704660739312896,1.52671870700112,18.7945424285884
6.24781746031746,0.840665911122329,0.704715757081618,1.52598863738266,18.7951663589546
6.24791666666667,0.840606325033488,0.704770729698438,1.52525891712918,18.7957901867302
6.24801587301587,0.840546710758764,0.704825657165856,1.524529546072,18.7964139119281
6.24811507936508,0.840487068368301,0.70488053948635,1.5238005240425,18.7970375345616
6.24821428571429,0.840427397932266,0.704935376662375,1.52307185087217,18.7976610546436
6.24831349206349,0.840367699520844,0.70499016869637,1.52234352639255,18.7982844721872
6.2484126984127,0.840307973204239,0.705044915590748,1.52161555043526,18.7989077872053
6.24851190476191,0.840248219052673,0.705099617347905,1.52088792283198,18.7995309997109
6.24861111111111,0.840188437136388,0.705154273970213,1.52016064341447,18.8001541097169
6.24871031746032,0.840128627525645,0.705208885460026,1.51943371201457,18.8007771172363
6.24880952380952,0.840068790290726,0.705263451819676,1.51870712846418,18.8014000222819
6.24890873015873,0.840008925501928,0.705317973051473,1.51798089259527,18.8020228248666
6.24900793650794,0.83994903322957,0.705372449157707,1.51725500423989,18.8026455250032
6.24910714285714,0.83988911354399,0.705426880140649,1.51652946323016,18.8032681227046
6.24920634920635,0.839829166515544,0.705481266002545,1.51580426939827,18.8038906179835
6.24930555555556,0.839769192214607,0.705535606745626,1.51507942257646,18.8045130108527
6.24940476190476,0.839709190711575,0.705589902372095,1.51435492259711,18.805135301325
6.24950396825397,0.839649162076861,0.705644152884139,1.51363076929259,18.805757489413
6.24960317460318,0.839589106380899,0.705698358283924,1.51290696249539,18.8063795751296
6.24970238095238,0.839529023694139,0.705752518573593,1.51218350203806,18.8070015584872
6.24980158730159,0.839468914087053,0.70580663375527,1.51146038775322,18.8076234394986
6.24990079365079,0.839408777630131,0.705860703831058,1.51073761947356,18.8082452181764
6.25,0.839348614393883,0.705914728803037,1.51001519703184,18.8088668945332
6.25009920634921,0.839288424448836,0.705968708673268,1.50929312026091,18.8094884685816
6.25019841269841,0.839228207865538,0.706022643443792,1.50857138899366,18.8101099403341
6.25029761904762,0.839167964714555,0.706076533116626,1.50785000306308,18.8107313098032
6.25039682539682,0.839107695066474,0.706130377693771,1.50712896230223,18.8113525770015
6.25049603174603,0.839047398991898,0.706184177177201,1.50640826654422,18.8119737419413
6.25059523809524,0.838987076561451,0.706237931568875,1.50568791562225,18.8125948046352
6.25069444444444,0.838926727845775,0.706291640870728,1.50496790936958,18.8132157650957
6.25079365079365,0.838866352915534,0.706345305084674,1.50424824761955,18.813836623335
6.25089285714286,0.838805951841407,0.706398924212606,1.50352893020559,18.8144573793655
6.25099206349206,0.838745524694096,0.706452498256399,1.50280995696116,18.8150780331997
6.25109126984127,0.838685071544319,0.706506027217904,1.50209132771983,18.8156985848498
6.25119047619048,0.838624592462814,0.706559511098952,1.50137304231521,18.8163190343282
6.25128968253968,0.838564087520338,0.706612949901354,1.50065510058101,18.8169393816471
6.25138888888889,0.838503556787669,0.706666343626899,1.49993750235099,18.8175596268187
6.25148809523809,0.838443000335601,0.706719692277356,1.499220247459,18.8181797698554
6.2515873015873,0.838382418234949,0.706772995854473,1.49850333573895,18.8187998107694
6.25168650793651,0.838321810556546,0.706826254359976,1.49778676702482,18.8194197495727
6.25178571428571,0.838261177371246,0.706879467795573,1.49707054115067,18.8200395862776
6.25188492063492,0.83820051874992,0.706932636162947,1.49635465795063,18.8206593208961
6.25198412698413,0.83813983476346,0.706985759463764,1.49563911725889,18.8212789534405
6.25208333333333,0.838079125482774,0.707038837699667,1.49492391890974,18.8218984839228
6.25218253968254,0.838018390978792,0.707091870872278,1.4942090627375,18.822517912355
6.25228174603175,0.837957631322462,0.707144858983201,1.4934945485766,18.8231372387492
6.25238095238095,0.837896846584753,0.707197802034014,1.49278037626153,18.8237564631174
6.25248015873016,0.837836036836649,0.707250700026279,1.49206654562684,18.8243755854716
6.25257936507937,0.837775202149157,0.707303552961534,1.49135305650717,18.8249946058238
6.25267857142857,0.837714342593301,0.707356360841298,1.49063990873722,18.8256135241858
6.25277777777778,0.837653458240124,0.707409123667069,1.48992710215176,18.8262323405697
6.25287698412698,0.837592549160689,0.707461841440323,1.48921463658563,18.8268510549872
6.25297619047619,0.837531615426078,0.707514514162517,1.48850251187376,18.8274696674503
6.2530753968254,0.837470657107391,0.707567141835084,1.48779072785114,18.8280881779708
6.2531746031746,0.83740967427575,0.707619724459439,1.48707928435282,18.8287065865605
6.25327380952381,0.837348667002292,0.707672262036975,1.48636818121393,18.8293248932312
6.25337301587302,0.837287635358176,0.707724754569065,1.48565741826969,18.8299430979948
6.25347222222222,0.837226579414578,0.70777720205706,1.48494699535537,18.8305612008628
6.25357142857143,0.837165499242696,0.707829604502291,1.48423691230632,18.8311792018471
6.25367063492063,0.837104394913745,0.707881961906067,1.48352716895796,18.8317971009593
6.25376984126984,0.837043266498958,0.707934274269679,1.48281776514577,18.8324148982111
6.25386904761905,0.83698211406959,0.707986541594392,1.48210870070533,18.8330325936142
6.25396825396825,0.836920937696914,0.708038763881455,1.48139997547227,18.8336501871802
6.25406746031746,0.83685973745222,0.708090941132094,1.4806915892823,18.8342676789206
6.25416666666667,0.83679851340682,0.708143073347514,1.47998354197119,18.8348850688471
6.25426587301587,0.836737265632044,0.708195160528901,1.4792758333748,18.8355023569713
6.25436507936508,0.83667599419924,0.708247202677418,1.47856846332905,18.8361195433045
6.25446428571429,0.836614699179777,0.708299199794207,1.47786143166992,18.8367366278583
6.25456349206349,0.836553380645041,0.708351151880392,1.4771547382335,18.8373536106443
6.2546626984127,0.83649203866644,0.708403058937072,1.47644838285592,18.8379704916738
6.2547619047619,0.836430673315397,0.708454920965329,1.47574236537338,18.8385872709583
6.25486111111111,0.836369284663358,0.708506737966223,1.47503668562217,18.8392039485092
6.25496031746032,0.836307872781787,0.70855850994079,1.47433134343864,18.8398205243379
6.25505952380952,0.836246437742165,0.70861023689005,1.47362633865922,18.8404369984557
6.25515873015873,0.836184979615994,0.708661918814999,1.47292167112039,18.8410533708739
6.25525793650794,0.836123498474795,0.708713555716614,1.47221734065873,18.8416696416039
6.25535714285714,0.836061994390108,0.708765147595849,1.47151334711089,18.842285810657
6.25545634920635,0.836000467433492,0.708816694453639,1.47080969031358,18.8429018780443
6.25555555555556,0.835938917676525,0.708868196290897,1.47010637010357,18.8435178437772
6.25565476190476,0.835877345190803,0.708919653108516,1.46940338631772,18.8441337078668
6.25575396825397,0.835815750047944,0.708971064907367,1.46870073879297,18.8447494703243
6.25585317460317,0.835754132319582,0.709022431688302,1.4679984273663,18.8453651311609
6.25595238095238,0.835692492077371,0.709073753452151,1.46729645187479,18.8459806903878
6.25605158730159,0.835630829392985,0.709125030199722,1.46659481215558,18.846596148016
6.25615079365079,0.835569144338117,0.709176261931804,1.46589350804589,18.8472115040565
6.25625,0.835507436984478,0.709227448649165,1.46519253938301,18.8478267585206
6.25634920634921,0.835445707403799,0.709278590352551,1.46449190600428,18.8484419114192
6.25644841269841,0.835383955667829,0.709329687042688,1.46379160774715,18.8490569627633
6.25654761904762,0.835322181848337,0.709380738720281,1.46309164444911,18.849671912564
6.25664682539682,0.835260386017112,0.709431745386013,1.46239201594773,18.8502867608321
6.25674603174603,0.835198568245959,0.709482707040549,1.46169272208066,18.8509015075787
6.25684523809524,0.835136728606707,0.70953362368453,1.46099376268562,18.8515161528146
6.25694444444444,0.835074867171199,0.709584495318577,1.4602951376004,18.8521306965507
6.25704365079365,0.8350129840113,0.709635321943292,1.45959684666285,18.852745138798
6.25714285714286,0.834951079198893,0.709686103559253,1.45889888971091,18.8533594795672
6.25724206349206,0.83488915280588,0.709736840167021,1.45820126658259,18.8539737188691
6.25734126984127,0.834827204904184,0.709787531767132,1.45750397711595,18.8545878567147
6.25744047619048,0.834765235565745,0.709838178360104,1.45680702114915,18.8552018931145
6.25753968253968,0.834703244862522,0.709888779946434,1.45611039852041,18.8558158280795
6.25763888888889,0.834641232866495,0.709939336526597,1.45541410906801,18.8564296616202
6.25773809523809,0.834579199649661,0.709989848101047,1.45471815263032,18.8570433937475
6.2578373015873,0.834517145284037,0.710040314670218,1.45402252904577,18.8576570244719
6.25793650793651,0.834455069841659,0.710090736234523,1.45332723815287,18.8582705538042
6.25803571428571,0.834392973394582,0.710141112794354,1.4526322797902,18.8588839817548
6.25813492063492,0.834330856014881,0.710191444350082,1.45193765379641,18.8594973083346
6.25823412698413,0.834268717774648,0.710241730902059,1.45124336001021,18.860110533554
6.25833333333333,0.834206558745997,0.710291972450611,1.4505493982704,18.8607236574235
6.25843253968254,0.834144379001059,0.710342168996049,1.44985576841586,18.8613366799537
6.25853174603175,0.834082178611984,0.71039232053866,1.44916247028551,18.8619496011552
6.25863095238095,0.834019957650941,0.710442427078711,1.44846950371837,18.8625624210383
6.25873015873016,0.833957716190121,0.710492488616448,1.44777686855351,18.8631751396136
6.25882936507937,0.83389545430173,0.710542505152096,1.44708456463008,18.8637877568914
6.25892857142857,0.833833172057995,0.710592476685859,1.44639259178732,18.8644002728822
6.25902777777778,0.833770869531162,0.710642403217922,1.44570094986451,18.8650126875963
6.25912698412698,0.833708546793497,0.710692284748445,1.44500963870103,18.8656250010442
6.25922619047619,0.833646203917283,0.710742121277572,1.4443186581363,18.8662372132361
6.2593253968254,0.833583840974825,0.710791912805423,1.44362800800986,18.8668493241824
6.2594246031746,0.833521458038443,0.710841659332098,1.44293768816127,18.8674613338933
6.25952380952381,0.83345905518048,0.710891360857675,1.44224769843019,18.868073242379
6.25962301587302,0.833396632473296,0.710941017382214,1.44155803865635,18.8686850496499
6.25972222222222,0.833334189989269,0.710990628905752,1.44086870867954,18.8692967557162
6.25982142857143,0.833271727800801,0.711040195428305,1.44017970833964,18.869908360588
6.25992063492064,0.833209245980308,0.711089716949869,1.4394910374766,18.8705198642755
6.26001984126984,0.833146744600227,0.711139193470419,1.43880269593041,18.8711312667887
6.26011904761905,0.833084223733013,0.711188624989908,1.43811468354117,18.871742568138
6.26021825396825,0.833021683451143,0.711238011508271,1.43742700014904,18.8723537683332
6.26031746031746,0.832959123827109,0.711287353025418,1.43673964559424,18.8729648673846
6.26041666666667,0.832896544933425,0.711336649541242,1.43605261971708,18.8735758653021
6.26051587301587,0.832833946842624,0.711385901055613,1.43536592235792,18.8741867620957
6.26061507936508,0.832771329627257,0.711435107568381,1.43467955335721,18.8747975577755
6.26071428571429,0.832708693359894,0.711484269079374,1.43399351255547,18.8754082523513
6.26081349206349,0.832646038113124,0.711533385588401,1.43330779979328,18.8760188458333
6.2609126984127,0.832583363959557,0.711582457095249,1.4326224149113,18.8766293382312
6.2610119047619,0.83252067097182,0.711631483599684,1.43193735775027,18.8772397295549
6.26111111111111,0.83245795922256,0.711680465101451,1.43125262815099,18.8778500198144
6.26121031746032,0.832395228784441,0.711729401600275,1.43056822595433,18.8784602090195
6.26130952380952,0.832332479730151,0.711778293095859,1.42988415100124,18.87907029718
6.26140873015873,0.832269712132393,0.711827139587887,1.42920040313274,18.8796802843056
6.26150793650794,0.83220692606389,0.711875941076019,1.42851698218992,18.8802901704063
6.26160714285714,0.832144121597383,0.711924697559899,1.42783388801393,18.8808999554916
6.26170634920635,0.832081298805635,0.711973409039144,1.42715112044603,18.8815096395714
6.26180555555556,0.832018457761426,0.712022075513356,1.4264686793275,18.8821192226554
6.26190476190476,0.831955598537555,0.712070696982112,1.42578656449972,18.8827287047531
6.26200396825397,0.83189272120684,0.712119273444971,1.42510477580416,18.8833380858744
6.26210317460317,0.83182982584212,0.712167804901468,1.42442331308232,18.8839473660287
6.26220238095238,0.831766912516251,0.712216291351121,1.4237421761758,18.8845565452257
6.26230158730159,0.831703981302109,0.712264732793423,1.42306136492626,18.885165623475
6.26240079365079,0.831641032272589,0.712313129227849,1.42238087917544,18.8857746007861
6.2625,0.831578065500605,0.712361480653854,1.42170071876515,18.8863834771686
6.26259920634921,0.831515081059089,0.712409787070868,1.42102088353726,18.8869922526319
6.26269841269841,0.831452079020994,0.712458048478305,1.42034137333372,18.8876009271856
6.26279761904762,0.831389059459292,0.712506264875553,1.41966218799658,18.8882095008391
6.26289682539683,0.831326022446972,0.712554436261984,1.41898332736791,18.8888179736018
6.26299603174603,0.831262968057045,0.712602562636947,1.41830479128988,18.8894263454831
6.26309523809524,0.831199896362537,0.71265064399977,1.41762657960474,18.8900346164925
6.26319444444444,0.831136807436499,0.712698680349759,1.41694869215479,18.8906427866392
6.26329365079365,0.831073701351994,0.712746671686202,1.41627112878241,18.8912508559327
6.26339285714286,0.831010578182111,0.712794618008365,1.41559388933006,18.8918588243821
6.26349206349206,0.830947437999952,0.712842519315492,1.41491697364026,18.8924666919969
6.26359126984127,0.830884280878643,0.712890375606806,1.41424038155562,18.8930744587863
6.26369047619048,0.830821106891326,0.712938186881512,1.41356411291879,18.8936821247594
6.26378968253968,0.830757916111164,0.712985953138791,1.41288816757252,18.8942896899256
6.26388888888889,0.830694708611337,0.713033674377805,1.41221254535963,18.894897154294
6.2639880952381,0.830631484465046,0.713081350597693,1.411537246123,18.8955045178738
6.2640873015873,0.830568243745511,0.713128981797577,1.41086226970558,18.896111780674
6.26418650793651,0.830504986525968,0.713176567976555,1.4101876159504,18.8967189427039
6.26428571428572,0.830441712879677,0.713224109133703,1.40951328470056,18.8973260039726
6.26438492063492,0.830378422879913,0.71327160526808,1.40883927579924,18.897932964489
6.26448412698413,0.830315116599974,0.713319056378722,1.40816558908968,18.8985398242622
6.26458333333333,0.830251794113172,0.713366462464643,1.40749222441518,18.8991465833013
6.26468253968254,0.830188455492843,0.71341382352484,1.40681918161915,18.8997532416152
6.26478174603175,0.830125100812339,0.713461139558284,1.40614646054504,18.9003597992129
6.26488095238095,0.830061730145032,0.713508410563929,1.40547406103637,18.9009662561034
6.26498015873016,0.829998343564313,0.713555636540707,1.40480198293675,18.9015726122956
6.26507936507937,0.829934941143593,0.713602817487529,1.40413022608986,18.9021788677983
6.26517857142857,0.8298715229563,0.713649953403285,1.40345879033944,18.9027850226205
6.26527777777778,0.829808089075883,0.713697044286844,1.40278767552931,18.9033910767709
6.26537698412698,0.829744639575811,0.713744090137055,1.40211688150335,18.9039970302585
6.26547619047619,0.829681174529568,0.713791090952746,1.40144640810553,18.904602883092
6.2655753968254,0.829617694010661,0.713838046732723,1.40077625517988,18.9052086352801
6.2656746031746,0.829554198092614,0.713884957475772,1.4001064225705,18.9058142868317
6.26577380952381,0.829490686848971,0.713931823180658,1.39943691012158,18.9064198377555
6.26587301587302,0.829427160353297,0.713978643846125,1.39876771767735,18.9070252880601
6.26597222222222,0.829363618679171,0.714025419470897,1.39809884508215,18.9076306377543
6.26607142857143,0.829300061900196,0.714072150053676,1.39743029218036,18.9082358868467
6.26617063492063,0.829236490089991,0.714118835593144,1.39676205881645,18.9088410353459
6.26626984126984,0.829172903322195,0.714165476087961,1.39609414483494,18.9094460832605
6.26636904761905,0.829109301670468,0.714212071536768,1.39542655008045,18.9100510305991
6.26646825396825,0.829045685208486,0.714258621938182,1.39475927439766,18.9106558773703
6.26656746031746,0.828982054009946,0.714305127290804,1.39409231763132,18.9112606235826
6.26666666666667,0.828918408148564,0.714351587593209,1.39342567962624,18.9118652692444
6.26676587301587,0.828854747698073,0.714398002843954,1.39275936022733,18.9124698143644
6.26686507936508,0.828791072732229,0.714444373041576,1.39209335927954,18.9130742589509
6.26696428571428,0.828727383324803,0.714490698184588,1.39142767662792,18.9136786030124
6.26706349206349,0.828663679549588,0.714536978271484,1.39076231211758,18.9142828465572
6.2671626984127,0.828599961480394,0.714583213300739,1.39009726559369,18.9148869895938
6.2672619047619,0.828536229191052,0.714629403270802,1.38943253690152,18.9154910321306
6.26736111111111,0.828472482755412,0.714675548180107,1.38876812588638,18.9160949741758
6.26746031746032,0.82840872224734,0.714721648027063,1.38810403239367,18.9166988157378
6.26755952380952,0.828344947740726,0.714767702810059,1.38744025626886,18.9173025568249
6.26765873015873,0.828281159309474,0.714813712527466,1.38677679735749,18.9179061974453
6.26775793650794,0.82821735702751,0.71485967717763,1.38611365550518,18.9185097376072
6.26785714285714,0.82815354096878,0.714905596758879,1.3854508305576,18.919113177319
6.26795634920635,0.828089711207247,0.714951471269518,1.3847883223605,18.9197165165887
6.26805555555556,0.828025867816893,0.714997300707834,1.38412613075973,18.9203197554245
6.26815476190476,0.827962010871721,0.715043085072089,1.38346425560118,18.9209228938347
6.26825396825397,0.827898140445751,0.715088824360529,1.38280269673081,18.9215259318272
6.26835317460317,0.827834256613024,0.715134518571376,1.38214145399467,18.9221288694102
6.26845238095238,0.827770359447598,0.715180167702831,1.38148052723888,18.9227317065918
6.26855158730159,0.827706449023552,0.715225771753076,1.38081991630961,18.92333444338
6.26865079365079,0.827642525414982,0.71527133072027,1.38015962105313,18.9239370797828
6.26875,0.827578588696007,0.715316844602554,1.37949964131577,18.9245396158082
6.26884920634921,0.82751463894076,0.715362313398045,1.37883997694393,18.9251420514642
6.26894841269841,0.827450676223397,0.71540773710484,1.37818062778408,18.9257443867588
6.26904761904762,0.827386700618092,0.715453115721018,1.37752159368277,18.9263466216998
6.26914682539683,0.827322712199036,0.715498449244633,1.37686287448662,18.9269487562952
6.26924603174603,0.827258711040441,0.71554373767372,1.3762044700423,18.9275507905528
6.26934523809524,0.82719469721654,0.715588981006294,1.37554638019659,18.9281527244805
6.26944444444444,0.82713067080158,0.715634179240348,1.37488860479631,18.9287545580861
6.26954365079365,0.827066631869833,0.715679332373855,1.37423114368837,18.9293562913774
6.26964285714286,0.827002580495585,0.715724440404765,1.37357399671974,18.9299579243622
6.26974206349206,0.826938516753144,0.715769503331009,1.37291716373748,18.9305594570482
6.26984126984127,0.826874440716836,0.715814521150498,1.37226064458869,18.9311608894432
6.26994047619048,0.826810352461008,0.715859493861121,1.37160443912057,18.9317622215548
6.27003968253968,0.826746252060022,0.715904421460745,1.37094854718039,18.9323634533908
6.27013888888889,0.826682139588262,0.715949303947218,1.37029296861547,18.9329645849589
6.2702380952381,0.826618015120133,0.715994141318366,1.36963770327323,18.9335656162665
6.2703373015873,0.826553878730054,0.716038933571994,1.36898275100114,18.9341665473214
6.27043650793651,0.826489730492468,0.716083680705888,1.36832811164675,18.9347673781311
6.27053571428571,0.826425570481834,0.716128382717811,1.36767378505769,18.9353681087031
6.27063492063492,0.826361398772631,0.716173039605506,1.36701977108164,18.9359687390451
6.27073412698413,0.826297215439357,0.716217651366696,1.36636606956637,18.9365692691645
6.27083333333333,0.826233020556529,0.716262217999081,1.36571268035972,18.9371696990688
6.27093253968254,0.826168814198683,0.716306739500342,1.3650596033096,18.9377700287655
6.27103174603175,0.826104596440376,0.716351215868138,1.36440683826398,18.938370258262
6.27113095238095,0.82604036735618,0.716395647100108,1.36375438507093,18.9389703875657
6.27123015873016,0.825976127020691,0.716440033193871,1.36310224357855,18.939570416684
6.27132936507936,0.82591187550852,0.716484374147022,1.36245041363506,18.9401703456242
6.27142857142857,0.825847612894299,0.716528669957138,1.36179889508871,18.9407701743938
6.27152777777778,0.825783339252679,0.716572920621774,1.36114768778784,18.9413699029999
6.27162698412698,0.825719054658329,0.716617126138466,1.36049679158087,18.94196953145
6.27172619047619,0.825654759185939,0.716661286504725,1.35984620631628,18.9425690597512
6.2718253968254,0.825590452910217,0.716705401718045,1.35919593184262,18.9431684879108
6.2719246031746,0.82552613590589,0.716749471775897,1.35854596800853,18.9437678159361
6.27202380952381,0.825461808247704,0.716793496675733,1.35789631466269,18.9443670438342
6.27212301587302,0.825397470010425,0.716837476414983,1.35724697165388,18.9449661716123
6.27222222222222,0.825333121268836,0.716881410991055,1.35659793883094,18.9455651992775
6.27232142857143,0.825268762097741,0.716925300401339,1.35594921604278,18.9461641268369
6.27242063492063,0.825204392571963,0.716969144643201,1.35530080313839,18.9467629542977
6.27251984126984,0.825140012766344,0.717012943713989,1.35465269996682,18.9473616816669
6.27261904761905,0.825075622755743,0.717056697611028,1.35400490637721,18.9479603089516
6.27271825396825,0.825011222615041,0.717100406331623,1.35335742221875,18.9485588361588
6.27281746031746,0.824946812419138,0.717144069873058,1.35271024734072,18.9491572632954
6.27291666666667,0.82488239224295,0.717187688232596,1.35206338159246,18.9497555903685
6.27301587301587,0.824817962161415,0.717231261407481,1.35141682482338,18.950353817385
6.27311507936508,0.824753522249488,0.717274789394933,1.35077057688297,18.9509519443518
6.27321428571429,0.824689072582146,0.717318272192152,1.3501246376208,18.9515499712759
6.27331349206349,0.824624613234382,0.71736170979632,1.3494790068865,18.952147898164
6.2734126984127,0.824560144281211,0.717405102204594,1.34883368452976,18.9527457250231
6.27351190476191,0.824495665797664,0.717448449414112,1.34818867040037,18.95334345186
6.27361111111111,0.824431177858793,0.717491751421992,1.34754396434816,18.9539410786815
6.27371031746032,0.824366680539668,0.717535008225331,1.34689956622306,18.9545386054943
6.27380952380952,0.82430217391538,0.717578219821203,1.34625547587505,18.9551360323053
6.27390873015873,0.824237658061038,0.717621386206664,1.3456116931542,18.9557333591211
6.27400793650794,0.824173133051768,0.717664507378747,1.34496821791065,18.9563305859485
6.27410714285714,0.824108598962719,0.717707583334465,1.34432504999459,18.956927712794
6.27420634920635,0.824044055869056,0.71775061407081,1.3436821892563,18.9575247396645
6.27430555555556,0.823979503845964,0.717793599584753,1.34303963554614,18.9581216665665
6.27440476190476,0.823914942968649,0.717836539873245,1.34239738871452,18.9587184935067
6.27450396825397,0.823850373312332,0.717879434933216,1.34175544861194,18.9593152204915
6.27460317460318,0.823785794952255,0.717922284761573,1.34111381508894,18.9599118475277
6.27470238095238,0.823721207963683,0.717965089355204,1.3404724879962,18.9605083746216
6.27480158730159,0.823656612421894,0.718007848710977,1.33983146718439,18.9611048017799
6.27490079365079,0.823592008402189,0.718050562825738,1.33919075250431,18.961701129009
6.275,0.823527395979886,0.718093231696311,1.3385503438068,18.9622973563153
6.27509920634921,0.823462775230322,0.718135855319501,1.3379102409428,18.9628934837054
6.27519841269841,0.823398146228856,0.718178433692091,1.33727044376328,18.9634895111855
6.27529761904762,0.823333509050862,0.718220966810844,1.33663095211932,18.9640854387622
6.27539682539683,0.823268863771737,0.718263454672503,1.33599176586206,18.9646812664418
6.27549603174603,0.823204210466894,0.718305897273787,1.3353528848427,18.9652769942305
6.27559523809524,0.823139549211766,0.718348294611397,1.33471430891254,18.9658726221348
6.27569444444444,0.823074880081806,0.718390646682011,1.33407603792292,18.9664681501609
6.27579365079365,0.823010203152485,0.718432953482289,1.33343807172526,18.9670635783152
6.27589285714286,0.822945518499295,0.718475215008868,1.33280041017107,18.9676589066037
6.27599206349206,0.822880826197744,0.718517431258364,1.33216305311192,18.9682541350328
6.27609126984127,0.82281612632336,0.718559602227374,1.33152600039943,18.9688492636087
6.27619047619048,0.822751418951693,0.718601727912471,1.33088925188534,18.9694442923374
6.27628968253968,0.82268670415831,0.71864380831021,1.33025280742142,18.9700392212252
6.27638888888889,0.822621982018795,0.718685843417124,1.32961666685952,18.9706340502782
6.2764880952381,0.822557252608754,0.718727833229726,1.32898083005159,18.9712287795025
6.2765873015873,0.822492516003811,0.718769777744506,1.32834529684961,18.9718234089042
6.27668650793651,0.82242777227961,0.718811676957936,1.32771006710565,18.9724179384892
6.27678571428571,0.822363021511813,0.718853530866466,1.32707514067187,18.9730123682636
6.27688492063492,0.8222982637761,0.718895339466523,1.32644051740047,18.9736066982335
6.27698412698413,0.822233499148173,0.718937102754516,1.32580619714374,18.9742009284048
6.27708333333333,0.822168727703751,0.718978820726833,1.32517217975405,18.9747950587834
6.27718253968254,0.822103949518573,0.71902049337984,1.32453846508381,18.9753890893754
6.27728174603175,0.822039164668397,0.719062120709881,1.32390505298554,18.9759830201864
6.27738095238095,0.821974373228999,0.719103702713282,1.3232719433118,18.9765768512226
6.27748015873016,0.821909575276175,0.719145239386346,1.32263913591524,18.9771705824896
6.27757936507937,0.82184477088574,0.719186730725357,1.32200663064858,18.9777642139935
6.27767857142857,0.821779960133529,0.719228176726576,1.32137442736461,18.9783577457398
6.27777777777778,0.821715143095394,0.719269577386244,1.32074252591619,18.9789511777345
6.27787698412698,0.821650319847209,0.719310932700582,1.32011092615625,18.9795445099832
6.27797619047619,0.821585490464863,0.719352242665789,1.3194796279378,18.9801377424918
6.2780753968254,0.821520655024269,0.719393507278043,1.31884863111391,18.9807308752658
6.2781746031746,0.821455813601354,0.719434726533503,1.31821793553773,18.9813239083111
6.27827380952381,0.821390966272068,0.719475900428305,1.31758754106249,18.9819168416333
6.27837301587302,0.821326113112378,0.719517028958565,1.31695744754146,18.9825096752379
6.27847222222222,0.821261254198272,0.719558112120379,1.31632765482802,18.9831024091307
6.27857142857143,0.821196389605755,0.71959914990982,1.3156981627756,18.9836950433171
6.27867063492063,0.821131519410549,0.719640142323074,1.31506897123765,18.9842875778029
6.27876984126984,0.821066642278603,0.719681089968363,1.31444007980687,18.9848800132213
6.27886904761905,0.821001756908539,0.719721993436783,1.31381148809795,18.9854723501872
6.27896825396825,0.82093686330513,0.719762852750954,1.31318319597486,18.9860645887325
6.27906746031746,0.820871961473171,0.719803667933481,1.31255520330158,18.9866567288889
6.27916666666667,0.820807051417488,0.719844439006948,1.31192750994219,18.9872487706883
6.27926587301587,0.820742133142931,0.71988516599392,1.31130011576079,18.9878407141624
6.27936507936508,0.820677206654375,0.719925848916946,1.31067302062149,18.988432559343
6.27946428571429,0.820612271956723,0.719966487798554,1.3100462243885,18.9890243062618
6.27956349206349,0.820547329054901,0.720007082661256,1.30941972692603,18.9896159549505
6.2796626984127,0.820482377953865,0.720047633527543,1.30879352809836,18.9902075054408
6.27976190476191,0.820417418658594,0.720088140419889,1.3081676277698,18.9907989577643
6.27986111111111,0.820352451174095,0.720128603360749,1.30754202580471,18.9913903119528
6.27996031746032,0.8202874755054,0.72016902237256,1.3069167220675,18.9919815680377
6.28005952380952,0.820222491657566,0.72020939747774,1.30629171642262,18.9925727260508
6.28015873015873,0.820157499635679,0.720249728698689,1.30566700873454,18.9931637860237
6.28025793650794,0.820092499444848,0.720290016057788,1.30504259886782,18.9937547479878
6.28035714285714,0.82002749109021,0.720330259577398,1.30441848668702,18.9943456119747
6.28045634920635,0.819962474576928,0.720370459279865,1.30379467205678,18.9949363780159
6.28055555555556,0.819897449910188,0.720410615187515,1.30317115484174,18.995527046143
6.28065476190476,0.819832417095208,0.720450727322653,1.30254793490665,18.9961176163874
6.28075396825397,0.819767376137226,0.720490795707569,1.30192501211624,18.9967080887806
6.28085317460318,0.81970232704151,0.720530820364533,1.30130238633531,18.997298463354
6.28095238095238,0.819637269813352,0.720570801315796,1.30068005742871,18.9978887401391
6.28105158730159,0.81957220445807,0.720610738583592,1.30005802526132,18.9984789191671
6.28115079365079,0.81950713098101,0.720650632190135,1.29943628969808,18.9990690004696
6.28125,0.819442049387543,0.720690482157621,1.29881485060396,18.9996589840778
6.28134920634921,0.819376959683064,0.720730288508228,1.29819370784397,19.0002488700231
6.28144841269841,0.819311861872996,0.720770051264115,1.29757286128319,19.0008386583368
6.28154761904762,0.81924675596279,0.720809770447422,1.29695231078671,19.0014283490502
6.28164682539682,0.819181641957919,0.720849446080272,1.2963320562197,19.0020179421945
6.28174603174603,0.819116519863885,0.720889078184769,1.29571209744734,19.0026074378011
6.28184523809524,0.819051389686215,0.720928666782996,1.29509243433487,19.0031968359012
6.28194444444444,0.818986251430461,0.720968211897021,1.29447306674758,19.0037861365259
6.28204365079365,0.818921105102202,0.721007713548893,1.29385399455078,19.0043753397064
6.28214285714286,0.818855950707046,0.72104717176064,1.29323521760987,19.0049644454739
6.28224206349206,0.818790788250621,0.721086586554273,1.29261673579024,19.0055534538597
6.28234126984127,0.818725617738586,0.721125957951786,1.29199854895736,19.0061423648947
6.28244047619048,0.818660439176623,0.721165285975152,1.29138065697672,19.00673117861
6.28253968253968,0.818595252570443,0.721204570646326,1.29076305971389,19.0073198950369
6.28263888888889,0.81853005792578,0.721243811987246,1.29014575703444,19.0079085142063
6.28273809523809,0.818464855248396,0.721283010019831,1.28952874880401,19.0084970361493
6.2828373015873,0.818399644544078,0.72132216476598,1.28891203488828,19.0090854608969
6.28293650793651,0.81833442581864,0.721361276247575,1.28829561515297,19.0096737884801
6.28303571428571,0.818269199077921,0.721400344486479,1.28767948946386,19.01026201893
6.28313492063492,0.818203964327788,0.721439369504537,1.28706365768674,19.0108501522773
6.28323412698413,0.818138721574131,0.721478351323574,1.28644811968747,19.0114381885532
6.28333333333333,0.818073470822868,0.721517289965399,1.28583287533196,19.0120261277884
6.28343253968254,0.818008212079944,0.7215561854518,1.28521792448615,19.012613970014
6.28353174603175,0.817942945351326,0.721595037804548,1.284603267016,19.0132017152608
6.28363095238095,0.817877670643013,0.721633847045394,1.28398890278758,19.0137893635596
6.28373015873016,0.817812387961025,0.721672613196073,1.28337483166694,19.0143769149412
6.28382936507937,0.817747097311411,0.721711336278299,1.28276105352021,19.0149643694366
6.28392857142857,0.817681798700244,0.721750016313769,1.28214756821354,19.0155517270765
6.28402777777778,0.817616492133624,0.721788653324161,1.28153437561315,19.0161389878916
6.28412698412698,0.817551177617678,0.721827247331135,1.28092147558528,19.0167261519128
6.28422619047619,0.817485855158558,0.721865798356331,1.28030886799622,19.0173132191707
6.2843253968254,0.817420524762441,0.721904306421372,1.27969655271233,19.017900189696
6.2844246031746,0.817355186435531,0.721942771547862,1.27908452959997,19.0184870635195
6.28452380952381,0.81728984018406,0.721981193757387,1.27847279852557,19.0190738406719
6.28462301587302,0.817224486014283,0.722019573071513,1.27786135935561,19.0196605211836
6.28472222222222,0.817159123932482,0.722057909511789,1.2772502119566,19.0202471050855
6.28482142857143,0.817093753944966,0.722096203099746,1.27663935619509,19.0208335924082
6.28492063492063,0.81702837605807,0.722134453856894,1.2760287919377,19.0214199831821
6.28501984126984,0.816962990278152,0.722172661804727,1.27541851905105,19.0220062774378
6.28511904761905,0.816897596611602,0.722210826964718,1.27480853740185,19.022592475206
6.28521825396825,0.81683219506483,0.722248949358325,1.27419884685683,19.0231785765171
6.28531746031746,0.816766785644276,0.722287029006985,1.27358944728277,19.0237645814016
6.28541666666667,0.816701368356403,0.722325065932116,1.27298033854649,19.0243504898901
6.28551587301587,0.816635943207703,0.722363060155119,1.27237152051485,19.0249363020129
6.28561507936508,0.816570510204692,0.722401011697376,1.27176299305476,19.0255220178006
6.28571428571429,0.816505069353913,0.722438920580251,1.27115475603319,19.0261076372835
6.28581349206349,0.816439620661935,0.722476786825088,1.27054680931712,19.026693160492
6.2859126984127,0.816374164135352,0.722514610453214,1.2699391527736,19.0272785874566
6.2860119047619,0.816308699780786,0.722552391485938,1.26933178626972,19.0278639182076
6.28611111111111,0.816243227604884,0.722590129944548,1.26872470967259,19.0284491527753
6.28621031746032,0.816177747614317,0.722627825850315,1.26811792284941,19.02903429119
6.28630952380952,0.816112259815787,0.722665479224492,1.26751142566738,19.029619333482
6.28640873015873,0.816046764216016,0.722703090088313,1.26690521799377,19.0302042796817
6.28650793650794,0.815981260821756,0.722740658462995,1.26629929969588,19.0307891298193
6.28660714285714,0.815915749639786,0.722778184369732,1.26569367064106,19.0313738839249
6.28670634920635,0.815850230676907,0.722815667829703,1.26508833069671,19.0319585420289
6.28680555555556,0.81578470393995,0.72285310886407,1.26448327973027,19.0325431041613
6.28690476190476,0.815719169435769,0.722890507493973,1.26387851760921,19.0331275703525
6.28700396825397,0.815653627171246,0.722927863740535,1.26327404420106,19.0337119406325
6.28710317460317,0.815588077153287,0.722965177624861,1.2626698593734,19.0342962150314
6.28720238095238,0.815522519388827,0.723002449168036,1.26206596299382,19.0348803935795
6.28730158730159,0.815456953884825,0.723039678391128,1.26146235493,19.0354644763066
6.28740079365079,0.815391380648266,0.723076865315187,1.26085903504964,19.0360484632431
6.2875,0.815325799686162,0.723114009961242,1.26025600322047,19.0366323544188
6.28759920634921,0.815260211005551,0.723151112350305,1.25965325931029,19.0372161498638
6.28769841269841,0.815194614613496,0.72318817250337,1.25905080318694,19.0377998496081
6.28779761904762,0.815129010517086,0.723225190441412,1.25844863471828,19.0383834536817
6.28789682539682,0.815063398723438,0.723262166185387,1.25784675377224,19.0389669621146
6.28799603174603,0.814997779239692,0.723299099756233,1.25724516021678,19.0395503749367
6.28809523809524,0.814932152073018,0.72333599117487,1.25664385391993,19.040133692178
6.28819444444444,0.81486651723061,0.723372840462199,1.25604283474972,19.0407169138682
6.28829365079365,0.814800874719685,0.723409647639101,1.25544210257426,19.0413000400374
6.28839285714286,0.814735224547492,0.723446412726441,1.25484165726169,19.0418830707154
6.28849206349206,0.814669566721301,0.723483135745064,1.25424149868019,19.042466005932
6.28859126984127,0.814603901248411,0.723519816715798,1.25364162669799,19.043048845717
6.28869047619048,0.814538228136146,0.72355645565945,1.25304204118337,19.0436315901002
6.28878968253968,0.814472547391855,0.72359305259681,1.25244274200464,19.0442142391115
6.28888888888889,0.814406859022916,0.723629607548651,1.25184372903016,19.0447967927805
6.28898809523809,0.81434116303673,0.723666120535725,1.25124500212835,19.0453792511371
6.2890873015873,0.814275459440725,0.723702591578765,1.25064656116764,19.0459616142109
6.28918650793651,0.814209748242356,0.723739020698489,1.25004840601653,19.0465438820316
6.28928571428571,0.814144029449103,0.723775407915593,1.24945053654355,19.0471260546289
6.28938492063492,0.814078303068473,0.723811753250757,1.2488529526173,19.0477081320324
6.28948412698413,0.814012569107996,0.723848056724642,1.24825565410639,19.0482901142719
6.28958333333333,0.813946827575234,0.723884318357887,1.24765864087949,19.0488720013768
6.28968253968254,0.813881078477769,0.723920538171118,1.24706191280532,19.0494537933768
6.28978174603175,0.813815321823213,0.723956716184939,1.24646546975263,19.0500354903015
6.28988095238095,0.813749557619202,0.723992852419936,1.24586931159023,19.0506170921804
6.28998015873016,0.813683785873399,0.724028946896677,1.24527343818696,19.051198599043
6.29007936507937,0.813618006593492,0.724064999635712,1.2446778494117,19.0517800109188
6.29017857142857,0.813552219787196,0.724101010657572,1.2440825451334,19.0523613278374
6.29027777777778,0.813486425462251,0.724136979982768,1.24348752522102,19.0529425498282
6.29037698412698,0.813420623626426,0.724172907631796,1.24289278954359,19.0535236769207
6.29047619047619,0.813354814287511,0.72420879362513,1.24229833797017,19.0541047091442
6.2905753968254,0.813288997453328,0.724244637983226,1.24170417036988,19.0546856465282
6.2906746031746,0.813223173131719,0.724280440726525,1.24111028661186,19.055266489102
6.29077380952381,0.813157341330557,0.724316201875444,1.24051668656531,19.0558472368951
6.29087301587302,0.813091502057738,0.724351921450386,1.23992337009948,19.0564278899368
6.29097222222222,0.813025655321184,0.724387599471735,1.23933033708363,19.0570084482563
6.29107142857143,0.812959801128847,0.724423235959852,1.23873758738711,19.0575889118831
6.29117063492064,0.812893939488701,0.724458830935086,1.2381451208793,19.0581692808463
6.29126984126984,0.812828070408747,0.724494384417762,1.23755293742959,19.0587495551752
6.29136904761905,0.812762193897011,0.724529896428191,1.23696103690747,19.0593297348991
6.29146825396825,0.812696309961549,0.724565366986661,1.23636941918242,19.0599098200472
6.29156746031746,0.812630418610438,0.724600796113446,1.235778084124,19.0604898106487
6.29166666666667,0.812564519851784,0.724636183828799,1.2351870316018,19.0610697067327
6.29176587301587,0.812498613693719,0.724671530152954,1.23459626148546,19.0616495083285
6.29186507936508,0.8124327001444,0.724706835106127,1.23400577364466,19.0622292154651
6.29196428571429,0.812366779212011,0.724742098708517,1.23341556794912,19.0628088281717
6.29206349206349,0.812300850904761,0.724777320980303,1.23282564426861,19.0633883464773
6.2921626984127,0.812234915230885,0.724812501941646,1.23223600247294,19.0639677704111
6.2922619047619,0.812168972198646,0.724847641612687,1.23164664243198,19.0645471000021
6.29236111111111,0.812103021816332,0.724882740013552,1.23105756401561,19.0651263352792
6.29246031746032,0.812037064092254,0.724917797164345,1.23046876709378,19.0657054762717
6.29255952380952,0.811971099034755,0.724952813085152,1.22988025153649,19.0662845230083
6.29265873015873,0.811905126652199,0.724987787796043,1.22929201721376,19.0668634755181
6.29275793650794,0.811839146952978,0.725022721317067,1.22870406399568,19.0674423338301
6.29285714285714,0.811773159945511,0.725057613668256,1.22811639175235,19.0680210979731
6.29295634920635,0.811707165638241,0.725092464869622,1.22752900035396,19.0685997679762
6.29305555555556,0.811641164039639,0.725127274941159,1.22694188967069,19.069178343868
6.29315476190476,0.811575155158199,0.725162043902844,1.22635505957281,19.0697568256776
6.29325396825397,0.811509139002445,0.725196771774634,1.22576850993062,19.0703352134338
6.29335317460317,0.811443115580925,0.725231458576467,1.22518224061444,19.0709135071653
6.29345238095238,0.811377084902212,0.725266104328264,1.22459625149467,19.0714917069011
6.29355158730159,0.811311046974907,0.725300709049926,1.22401054244174,19.0720698126698
6.29365079365079,0.811245001807637,0.725335272761337,1.22342511332611,19.0726478245003
6.29375,0.811178949409053,0.725369795482362,1.22283996401831,19.0732257424213
6.29384920634921,0.811112889787833,0.725404277232848,1.22225509438888,19.0738035664614
6.29394841269841,0.811046822952682,0.725438718032621,1.22167050430844,19.0743812966495
6.29404761904762,0.810980748912332,0.725473117901491,1.22108619364764,19.0749589330142
6.29414682539683,0.810914667675538,0.725507476859249,1.22050216227716,19.0755364755841
6.29424603174603,0.810848579251082,0.725541794925667,1.21991841006775,19.0761139243879
6.29434523809524,0.810782483647774,0.725576072120498,1.21933493689017,19.0766912794541
6.29444444444444,0.810716380874448,0.72561030846348,1.21875174261527,19.0772685408115
6.29454365079365,0.810650270939965,0.725644503974327,1.2181688271139,19.0778457084885
6.29464285714286,0.81058415385321,0.725678658672738,1.21758619025697,19.0784227825138
6.29474206349206,0.810518029623098,0.725712772578393,1.21700383191545,19.0789997629158
6.29484126984127,0.810451898258566,0.725746845710954,1.21642175196032,19.079576649723
6.29494047619048,0.810385759768581,0.725780878090063,1.21583995026264,19.0801534429641
6.29503968253968,0.810319614162131,0.725814869735343,1.2152584266935,19.0807301426673
6.29513888888889,0.810253461448236,0.725848820666403,1.21467718112402,19.0813067488613
6.2952380952381,0.810187301635937,0.725882730902827,1.21409621342538,19.0818832615744
6.2953373015873,0.810121134734303,0.725916600464186,1.21351552346879,19.0824596808349
6.29543650793651,0.810054960752429,0.725950429370029,1.21293511112553,19.0830360066714
6.29553571428572,0.809988779699437,0.725984217639888,1.2123549762669,19.0836122391122
6.29563492063492,0.809922591584474,0.726017965293276,1.21177511876426,19.0841883781856
6.29573412698413,0.809856396416714,0.726051672349689,1.21119553848899,19.08476442392
6.29583333333333,0.809790194205354,0.726085338828602,1.21061623531254,19.0853403763436
6.29593253968254,0.809723984959621,0.726118964749473,1.21003720910639,19.0859162354847
6.29603174603175,0.809657768688766,0.726152550131741,1.20945845974208,19.0864920013717
6.29613095238095,0.809591545402066,0.726186094994827,1.20887998709116,19.0870676740327
6.29623015873016,0.809525315108825,0.726219599358134,1.20830179102525,19.087643253496
6.29632936507937,0.809459077818371,0.726253063241045,1.20772387141603,19.0882187397897
6.29642857142857,0.809392833540062,0.726286486662925,1.20714622813518,19.0887941329422
6.29652777777778,0.809326582283277,0.72631986964312,1.20656886105445,19.0893694329814
6.29662698412698,0.809260324057425,0.726353212200961,1.20599177004565,19.0899446399356
6.29672619047619,0.80919405887194,0.726386514355755,1.20541495498059,19.0905197538328
6.2968253968254,0.80912778673628,0.726419776126794,1.20483841573117,19.0910947747013
6.2969246031746,0.809061507659932,0.726452997533352,1.2042621521693,19.091669702569
6.29702380952381,0.808995221652408,0.726486178594681,1.20368616416696,19.092244537464
6.29712301587302,0.808928928723245,0.726519319330018,1.20311045159615,19.0928192794143
6.29722222222222,0.808862628882007,0.72655241975858,1.20253501432892,19.093393928448
6.29732142857143,0.808796322138285,0.726585479899566,1.20195985223739,19.0939684845931
6.29742063492063,0.808730008501693,0.726618499772156,1.20138496519369,19.0945429478774
6.29751984126984,0.808663687981875,0.726651479395512,1.20081035307001,19.0951173183291
6.29761904761905,0.808597360588497,0.726684418788776,1.20023601573857,19.095691595976
6.29771825396825,0.808531026331255,0.726717317971074,1.19966195307166,19.096265780846
6.29781746031746,0.808464685219868,0.726750176961512,1.1990881649416,19.096839872967
6.29791666666667,0.808398337264082,0.726782995779177,1.19851465122074,19.0974138723669
6.29801587301587,0.80833198247367,0.726815774443139,1.1979414117815,19.0979877790735
6.29811507936508,0.80826562085843,0.726848512972448,1.19736844649632,19.0985615931147
6.29821428571428,0.808199252428185,0.726881211386136,1.1967957552377,19.0991353145183
6.29831349206349,0.808132877192788,0.726913869703218,1.19622333787818,19.099708943312
6.2984126984127,0.808066495162112,0.726946487942689,1.19565119429033,19.1002824795237
6.2985119047619,0.808000106346063,0.726979066123524,1.1950793243468,19.100855923181
6.29861111111111,0.807933710754567,0.727011604264683,1.19450772792025,19.1014292743117
6.29871031746032,0.807867308397579,0.727044102385104,1.19393640488339,19.1020025329435
6.29880952380952,0.807800899285081,0.72707656050371,1.19336535510899,19.1025756991041
6.29890873015873,0.807734483427078,0.727108978639402,1.19279457846984,19.1031487728212
6.29900793650794,0.807668060833603,0.727141356811065,1.1922240748388,19.1037217541223
6.29910714285714,0.807601631514715,0.727173695037565,1.19165384408875,19.1042946430351
6.29920634920635,0.807535195480498,0.727205993337749,1.19108388609263,19.1048674395873
6.29930555555556,0.807468752741063,0.727238251730445,1.19051420072341,19.1054401438063
6.29940476190476,0.807402303306548,0.727270470234464,1.18994478785413,19.1060127557198
6.29950396825397,0.807335847187115,0.727302648868597,1.18937564735784,19.1065852753553
6.29960317460317,0.807269384392952,0.727334787651617,1.18880677910766,19.1071577027402
6.29970238095238,0.807202914934276,0.727366886602279,1.18823818297674,19.1077300379022
6.29980158730159,0.807136438821326,0.72739894573932,1.18766985883828,19.1083022808686
6.29990079365079,0.80706995606437,0.727430965081457,1.18710180656552,19.108874431667
6.3,0.807003466673701,0.727462944647388,1.18653402603176,19.1094464903248
6.30009920634921,0.806936970659638,0.727494884455795,1.18596651711031,19.1100184568693
6.30019841269841,0.806870468032527,0.72752678452534,1.18539927967456,19.110590331328
6.30029761904762,0.806803958802738,0.727558644874666,1.18483231359793,19.1111621137282
6.30039682539683,0.806737442980669,0.727590465522399,1.18426561875387,19.1117338040974
6.30049603174603,0.806670920576743,0.727622246487145,1.18369919501589,19.1123054024627
6.30059523809524,0.80660439160141,0.727653987787492,1.18313304225754,19.1128769088516
6.30069444444444,0.806537856065144,0.727685689442011,1.18256716035242,19.1134483232914
6.30079365079365,0.806471313978448,0.727717351469251,1.18200154917417,19.1140196458092
6.30089285714286,0.806404765351848,0.727748973887746,1.18143620859646,19.1145908764324
6.30099206349206,0.806338210195899,0.72778055671601,1.18087113849303,19.1151620151881
6.30109126984127,0.80627164852118,0.727812099972538,1.18030633873765,19.1157330621036
6.30119047619048,0.806205080338296,0.727843603675808,1.17974180920412,19.1163040172061
6.30128968253968,0.806138505657879,0.727875067844278,1.17917754976631,19.1168748805227
6.30138888888889,0.806071924490586,0.727906492496388,1.17861356029811,19.1174456520806
6.3014880952381,0.806005336847103,0.72793787765056,1.17804984067348,19.1180163319068
6.3015873015873,0.805938742738138,0.727969223325198,1.17748639076641,19.1185869200286
6.30168650793651,0.805872142174427,0.728000529538684,1.17692321045093,19.1191574164729
6.30178571428571,0.805805535166733,0.728031796309387,1.17636029960112,19.1197278212669
6.30188492063492,0.805738921725842,0.728063023655652,1.1757976580911,19.1202981344376
6.30198412698413,0.80567230186257,0.72809421159581,1.17523528579503,19.120868356012
6.30208333333333,0.805605675587756,0.728125360148172,1.17467318258713,19.121438486017
6.30218253968254,0.805539042912265,0.728156469331028,1.17411134834165,19.1220085244798
6.30228174603175,0.805472403846991,0.728187539162653,1.17354978293289,19.1225784714271
6.30238095238095,0.805405758402851,0.728218569661301,1.17298848623519,19.1231483268861
6.30248015873016,0.80533910659079,0.72824956084521,1.17242745812294,19.1237180908835
6.30257936507936,0.805272448421777,0.728280512732597,1.17186669847056,19.1242877634464
6.30267857142857,0.80520578390681,0.728311425341663,1.17130620715254,19.1248573446014
6.30277777777778,0.805139113056909,0.728342298690587,1.17074598404338,19.1254268343756
6.30287698412698,0.805072435883124,0.728373132797534,1.17018602901764,19.1259962327958
6.30297619047619,0.805005752396529,0.728403927680646,1.16962634194995,19.1265655398886
6.3030753968254,0.804939062608226,0.728434683358049,1.16906692271494,19.1271347556811
6.3031746031746,0.804872366529339,0.728465399847851,1.16850777118732,19.1277038801998
6.30327380952381,0.804805664171022,0.728496077168139,1.16794888724181,19.1282729134717
6.30337301587302,0.804738955544453,0.728526715336985,1.1673902707532,19.1288418555233
6.30347222222222,0.804672240660837,0.728557314372439,1.16683192159632,19.1294107063814
6.30357142857143,0.804605519531404,0.728587874292534,1.16627383964603,19.1299794660728
6.30367063492063,0.804538792167412,0.728618395115286,1.16571602477725,19.1305481346239
6.30376984126984,0.804472058580143,0.72864887685869,1.16515847686493,19.1311167120616
6.30386904761905,0.804405318780905,0.728679319540724,1.16460119578409,19.1316851984125
6.30396825396825,0.804338572781035,0.728709723179347,1.16404418140976,19.132253593703
6.30406746031746,0.804271820591891,0.728740087792499,1.16348743361703,19.1328218979599
6.30416666666667,0.804205062224862,0.728770413398103,1.16293095228104,19.1333901112097
6.30426587301587,0.804138297691361,0.728800700014061,1.16237473727696,19.1339582334789
6.30436507936508,0.804071527002825,0.72883094765826,1.16181878848001,19.1345262647941
6.30446428571429,0.804004750170722,0.728861156348565,1.16126310576547,19.1350942051817
6.30456349206349,0.803937967206541,0.728891326102825,1.16070768900864,19.1356620546682
6.3046626984127,0.803871178121801,0.728921456938869,1.16015253808487,19.1362298132801
6.30476190476191,0.803804382928043,0.728951548874508,1.15959765286957,19.1367974810439
6.30486111111111,0.803737581636838,0.728981601927535,1.15904303323817,19.1373650579859
6.30496031746032,0.80367077425978,0.729011616115723,1.15848867906616,19.1379325441326
6.30505952380952,0.803603960808491,0.729041591456829,1.15793459022907,19.1384999395103
6.30515873015873,0.803537141294618,0.729071527968589,1.15738076660247,19.1390672441453
6.30525793650794,0.803470315729835,0.729101425668721,1.15682720806198,19.1396344580641
6.30535714285714,0.803403484125841,0.729131284574927,1.15627391448326,19.1402015812929
6.30545634920635,0.803336646494362,0.729161104704886,1.15572088574201,19.140768613858
6.30555555555556,0.80326980284715,0.729190886076263,1.15516812171399,19.1413355557858
6.30565476190476,0.803202953195981,0.729220628706702,1.15461562227499,19.1419024071023
6.30575396825397,0.803136097552659,0.729250332613829,1.15406338730084,19.142469167834
6.30585317460318,0.803069235929014,0.729279997815251,1.15351141666742,19.1430358380069
6.30595238095238,0.803002368336903,0.729309624328558,1.15295971025067,19.1436024176474
6.30605158730159,0.802935494788206,0.729339212171319,1.15240826792655,19.1441689067814
6.30615079365079,0.802868615294832,0.729368761361087,1.15185708957107,19.1447353054353
6.30625,0.802801729868714,0.729398271915395,1.1513061750603,19.1453016136351
6.30634920634921,0.802734838521813,0.729427743851759,1.15075552427033,19.1458678314069
6.30644841269841,0.802667941266114,0.729457177187674,1.1502051370773,19.1464339587769
6.30654761904762,0.802601038113629,0.72948657194062,1.14965501335742,19.146999995771
6.30664682539683,0.802534129076396,0.729515928128054,1.1491051529869,19.1475659424154
6.30674603174603,0.80246721416648,0.729545245767419,1.14855555584203,19.148131798736
6.30684523809524,0.80240029339597,0.729574524876136,1.14800622179912,19.1486975647589
6.30694444444444,0.802333366776983,0.729603765471611,1.14745715073455,19.14926324051
6.30704365079365,0.80226643432166,0.729632967571227,1.14690834252471,19.1498288260153
6.30714285714286,0.802199496042171,0.729662131192353,1.14635979704608,19.1503943213008
6.30724206349206,0.802132551950709,0.729691256352336,1.14581151417513,19.1509597263923
6.30734126984127,0.802065602059494,0.729720343068507,1.14526349378841,19.1515250413158
6.30744047619048,0.801998646380775,0.729749391358177,1.14471573576251,19.1520902660971
6.30753968253968,0.801931684926822,0.729778401238639,1.14416823997406,19.1526554007622
6.30763888888889,0.801864717709934,0.729807372727168,1.14362100629972,19.1532204453367
6.3077380952381,0.801797744742435,0.729836305841019,1.14307403461622,19.1537853998467
6.3078373015873,0.801730766036677,0.72986520059743,1.14252732480032,19.1543502643177
6.30793650793651,0.801663781605035,0.72989405701362,1.14198087672881,19.1549150387757
6.30803571428571,0.801596791459914,0.729922875106789,1.14143469027856,19.1554797232464
6.30813492063492,0.80152979561374,0.729951654894119,1.14088876532645,19.1560443177555
6.30823412698413,0.801462794078969,0.729980396392774,1.14034310174941,19.1566088223287
6.30833333333333,0.801395786868082,0.730009099619899,1.13979769942444,19.1571732369918
6.30843253968254,0.801328773993585,0.73003776459262,1.13925255822854,19.1577375617703
6.30853174603175,0.801261755468012,0.730066391328045,1.1387076780388,19.15830179669
6.30863095238095,0.801194731303921,0.730094979843263,1.13816305873233,19.1588659417764
6.30873015873016,0.801127701513898,0.730123530155346,1.13761870018628,19.1594299970553
6.30882936507937,0.801060666110551,0.730152042281346,1.13707460227784,19.1599939625521
6.30892857142857,0.800993625106522,0.730180516238296,1.13653076488427,19.1605578382924
6.30902777777778,0.80092657851447,0.730208952043213,1.13598718788286,19.1611216243018
6.30912698412698,0.800859526347086,0.730237349713093,1.13544387115094,19.1616853206059
6.30922619047619,0.800792468617085,0.730265709264914,1.13490081456588,19.16224892723
6.3093253968254,0.800725405337208,0.730294030715637,1.13435801800511,19.1628124441998
6.3094246031746,0.800658336520222,0.730322314082203,1.13381548134608,19.1633758715406
6.30952380952381,0.800591262178921,0.730350559381535,1.13327320446631,19.1639392092779
6.30962301587302,0.800524182326124,0.730378766630536,1.13273118724335,19.1645024574371
6.30972222222222,0.800457096974676,0.730406935846095,1.13218942955479,19.1650656160437
6.30982142857143,0.80039000613745,0.730435067045076,1.13164793127828,19.165628685123
6.30992063492063,0.800322909827341,0.73046316024433,1.1311066922915,19.1661916647004
6.31001984126984,0.800255808057274,0.730491215460687,1.13056571247218,19.1667545548012
6.31011904761905,0.800188700840199,0.730519232710958,1.13002499169809,19.1673173554507
6.31021825396825,0.800121588189091,0.730547212011938,1.12948452984705,19.1678800666743
6.31031746031746,0.800054470116951,0.730575153380401,1.1289443267969,19.1684426884971
6.31041666666667,0.799987346636807,0.730603056833104,1.12840438242557,19.1690052209446
6.31051587301587,0.799920217761715,0.730630922386783,1.12786469661101,19.1695676640418
6.31061507936508,0.799853083504752,0.73065875005816,1.12732526923119,19.170130017814
6.31071428571429,0.799785943879025,0.730686539863934,1.12678610016416,19.1706922822865
6.31081349206349,0.799718798897666,0.730714291820788,1.126247189288,19.1712544574843
6.3109126984127,0.799651648573833,0.730742005945386,1.12570853648083,19.1718165434327
6.31101190476191,0.799584492920709,0.730769682254373,1.12517014162081,19.1723785401568
6.31111111111111,0.799517331951505,0.730797320764376,1.12463200458617,19.1729404476816
6.31121031746032,0.799450165679456,0.730824921492004,1.12409412525516,19.1735022660323
6.31130952380952,0.799382994117826,0.730852484453846,1.12355650350607,19.174063995234
6.31140873015873,0.799315817279902,0.730880009666474,1.12301913921726,19.1746256353116
6.31150793650794,0.799248635178998,0.730907497146441,1.1224820322671,19.1751871862903
6.31160714285714,0.799181447828454,0.730934946910281,1.12194518253403,19.175748648195
6.31170634920635,0.799114255241637,0.730962358974509,1.12140858989653,19.1763100210507
6.31180555555556,0.799047057431938,0.730989733355625,1.12087225423311,19.1768713048824
6.31190476190476,0.798979854412778,0.731017070070105,1.12033617542235,19.177432499715
6.31200396825397,0.798912646197599,0.73104436913441,1.11980035334284,19.1779936055735
6.31210317460318,0.798845432799873,0.731071630564982,1.11926478787325,19.1785546224827
6.31220238095238,0.798778214233096,0.731098854378246,1.11872947889226,19.1791155504675
6.31230158730159,0.79871099051079,0.731126040590605,1.11819442627861,19.1796763895529
6.31240079365079,0.798643761646504,0.731153189218445,1.1176596299111,19.1802371397636
6.3125,0.798576527653813,0.731180300278136,1.11712508966854,19.1807978011245
6.31259920634921,0.798509288546317,0.731207373786025,1.11659080542981,19.1813583736603
6.31269841269841,0.798442044337644,0.731234409758444,1.11605677707382,19.1819188573959
6.31279761904762,0.798374795041445,0.731261408211706,1.11552300447953,19.182479252356
6.31289682539682,0.798307540671399,0.731288369162103,1.11498948752596,19.1830395585653
6.31299603174603,0.798240281241213,0.731315292625912,1.11445622609213,19.1835997760486
6.31309523809524,0.798173016764615,0.731342178619389,1.11392322005715,19.1841599048306
6.31319444444444,0.798105747255364,0.731369027158773,1.11339046930016,19.1847199449359
6.31329365079365,0.798038472727242,0.731395838260283,1.11285797370031,19.1852798963891
6.31339285714286,0.797971193194058,0.731422611940121,1.11232573313686,19.185839759215
6.31349206349206,0.797903908669649,0.731449348214469,1.11179374748906,19.1863995334382
6.31359126984127,0.797836619167873,0.731476047099493,1.11126201663623,19.1869592190831
6.31369047619048,0.79776932470262,0.731502708611336,1.11073054045771,19.1875188161745
6.31378968253968,0.797702025287802,0.731529332766128,1.11019931883291,19.1880783247368
6.31388888888889,0.797634720937357,0.731555919579976,1.10966835164127,19.1886377447946
6.31398809523809,0.797567411665253,0.731582469068972,1.10913763876228,19.1891970763724
6.3140873015873,0.797500097485479,0.731608981249186,1.10860718007547,19.1897563194946
6.31418650793651,0.797432778412053,0.731635456136673,1.10807697546041,19.1903154741858
6.31428571428571,0.79736545445902,0.731661893747467,1.10754702479673,19.1908745404705
6.31438492063492,0.797298125640447,0.731688294097584,1.10701732796409,19.1914335183729
6.31448412698413,0.797230791970431,0.731714657203021,1.10648788484219,19.1919924079176
6.31458333333333,0.797163453463093,0.73174098307976,1.10595869531078,19.1925512091289
6.31468253968254,0.797096110132582,0.731767271743759,1.10542975924967,19.1931099220312
6.31478174603175,0.797028761993069,0.731793523210963,1.10490107653868,19.1936685466488
6.31488095238095,0.796961409058756,0.731819737497293,1.10437264705771,19.194227083006
6.31498015873016,0.796894051343868,0.731845914618656,1.10384447068668,19.1947855311272
6.31507936507937,0.796826688862656,0.731872054590938,1.10331654730556,19.1953438910367
6.31517857142857,0.7967593216294,0.731898157430008,1.10278887679437,19.1959021627586
6.31527777777778,0.796691949658401,0.731924223151715,1.10226145903316,19.1964603463173
6.31537698412698,0.796624572963992,0.731950251771891,1.10173429390204,19.1970184417369
6.31547619047619,0.796557191560526,0.731976243306348,1.10120738128116,19.1975764490417
6.3155753968254,0.796489805462387,0.732002197770881,1.1006807210507,19.1981343682558
6.3156746031746,0.796422414683982,0.732028115181265,1.1001543130909,19.1986921994034
6.31577380952381,0.796355019239746,0.732053995553258,1.09962815728205,19.1992499425087
6.31587301587302,0.796287619144138,0.732079838902599,1.09910225350445,19.1998075975956
6.31597222222222,0.796220214411645,0.732105645245007,1.09857660163849,19.2003651646885
6.31607142857143,0.79615280505678,0.732131414596185,1.09805120156457,19.2009226438112
6.31617063492063,0.796085391094079,0.732157146971815,1.09752605316314,19.2014800349879
6.31626984126984,0.796017972538108,0.732182842387564,1.0970011563147,19.2020373382426
6.31636904761905,0.795950549403457,0.732208500859076,1.0964765108998,19.2025945535993
6.31646825396825,0.795883121704742,0.732234122401979,1.09595211679903,19.203151681082
6.31656746031746,0.795815689456607,0.732259707031884,1.09542797389301,19.2037087207147
6.31666666666667,0.795748252673718,0.732285254764379,1.09490408206242,19.2042656725213
6.31676587301587,0.795680811370772,0.732310765615039,1.09438044118797,19.2048225365258
6.31686507936508,0.795613365562488,0.732336239599416,1.09385705115044,19.205379312752
6.31696428571429,0.795545915263613,0.732361676733046,1.09333391183062,19.2059360012238
6.31706349206349,0.79547846048892,0.732387077031445,1.09281102310937,19.2064926019652
6.3171626984127,0.795411001253207,0.732412440510112,1.09228838486759,19.207049115
6.3172619047619,0.795343537571299,0.732437767184526,1.0917659969862,19.2076055403519
6.31736111111111,0.795276069458048,0.732463057070149,1.0912438593462,19.2081618780449
6.31746031746032,0.795208596928329,0.732488310182424,1.0907219718286,19.2087181281026
6.31755952380952,0.795141119997046,0.732513526536774,1.09020033431449,19.2092742905488
6.31765873015873,0.795073638679127,0.732538706148605,1.08967894668497,19.2098303654073
6.31775793650794,0.795006152989528,0.732563849033306,1.0891578088212,19.2103863527019
6.31785714285714,0.79493866294323,0.732588955206243,1.08863692060438,19.2109422524561
6.31795634920635,0.794871168555239,0.732614024682767,1.08811628191577,19.2114980646938
6.31805555555556,0.79480366984059,0.732639057478211,1.08759589263666,19.2120537894384
6.31815476190476,0.79473616681434,0.732664053607888,1.08707575264836,19.2126094267138
6.31825396825397,0.794668659491576,0.732689013087091,1.08655586183228,19.2131649765435
6.31835317460317,0.794601147887408,0.732713935931098,1.08603622006982,19.213720438951
6.31845238095238,0.794533632016973,0.732738822155166,1.08551682724245,19.2142758139601
6.31855158730159,0.794466111895436,0.732763671774533,1.08499768323169,19.2148311015942
6.31865079365079,0.794398587537985,0.732788484804422,1.08447878791908,19.2153863018768
6.31875,0.794331058959836,0.732813261260034,1.08396014118623,19.2159414148315
6.31884920634921,0.79426352617623,0.732838001156553,1.08344174291478,19.2164964404818
6.31894841269841,0.794195989202435,0.732862704509144,1.08292359298641,19.2170513788512
6.31904761904762,0.794128448053744,0.732887371332953,1.08240569128285,19.217606229963
6.31914682539682,0.794060902745477,0.73291200164311,1.08188803768589,19.2181609938408
6.31924603174603,0.793993353292979,0.732936595454723,1.08137063207732,19.218715670508
6.31934523809524,0.793925799711623,0.732961152782883,1.08085347433903,19.2192702599878
6.31944444444444,0.793858242016806,0.732985673642664,1.08033656435292,19.2198247623038
6.31954365079365,0.793790680223952,0.73301015804912,1.07981990200092,19.2203791774792
6.31964285714286,0.79372311434851,0.733034606017286,1.07930348716505,19.2209335055374
6.31974206349206,0.793655544405956,0.733059017562179,1.07878731972733,19.2214877465017
6.31984126984127,0.793587970411793,0.733083392698798,1.07827139956985,19.2220419003954
6.31994047619048,0.793520392381548,0.733107731442124,1.07775572657474,19.2225959672417
6.32003968253968,0.793452810330776,0.733132033807117,1.07724030062416,19.2231499470639
6.32013888888889,0.793385224275055,0.733156299808722,1.07672512160033,19.2237038398852
6.32023809523809,0.793317634229993,0.733180529461862,1.0762101893855,19.2242576457288
6.3203373015873,0.793250040211221,0.733204722781444,1.07569550386198,19.2248113646179
6.32043650793651,0.793182442234398,0.733228879782356,1.07518106491212,19.2253649965756
6.32053571428571,0.793114840315208,0.733253000479466,1.0746668724183,19.2259185416252
6.32063492063492,0.793047234469361,0.733277084887626,1.07415292626295,19.2264719997896
6.32073412698413,0.792979624712593,0.733301133021668,1.07363922632855,19.2270253710921
6.32083333333333,0.792912011060667,0.733325144896404,1.07312577249764,19.2275786555557
6.32093253968254,0.792844393529371,0.733349120526631,1.07261256465277,19.2281318532034
6.32103174603175,0.792776772134519,0.733373059927124,1.07209960267655,19.2286849640583
6.32113095238095,0.792709146891953,0.733396963112643,1.07158688645163,19.2292379881435
6.32123015873016,0.792641517817538,0.733420830097926,1.07107441586072,19.2297909254818
6.32132936507937,0.792573884927168,0.733444660897695,1.07056219078656,19.2303437760963
6.32142857142857,0.79250624823676,0.733468455526653,1.07005021111192,19.2308965400099
6.32152777777778,0.792438607762259,0.733492213999483,1.06953847671964,19.2314492172456
6.32162698412698,0.792370963519636,0.733515936330852,1.0690269874926,19.2320018078263
6.32172619047619,0.792303315524889,0.733539622535406,1.06851574331371,19.2325543117749
6.3218253968254,0.792235663794038,0.733563272627773,1.06800474406593,19.2331067291142
6.3219246031746,0.792168008343134,0.733586886622565,1.06749398963227,19.2336590598671
6.32202380952381,0.792100349188252,0.733610464534373,1.06698347989577,19.2342113040564
6.32212301587302,0.792032686345491,0.733634006377769,1.06647321473954,19.234763461705
6.32222222222222,0.791965019830979,0.733657512167309,1.06596319404669,19.2353155328355
6.32232142857143,0.79189734966087,0.733680981917528,1.06545341770043,19.2358675174709
6.32242063492064,0.791829675851342,0.733704415642945,1.06494388558398,19.2364194156338
6.32251984126984,0.7917619984186,0.733727813358057,1.0644345975806,19.236971227347
6.32261904761905,0.791694317378876,0.733751175077346,1.06392555357361,19.2375229526331
6.32271825396825,0.791626632748426,0.733774500815275,1.06341675344636,19.2380745915149
6.32281746031746,0.791558944543534,0.733797790586286,1.06290819708226,19.238626144015
6.32291666666667,0.79149125278051,0.733821044404804,1.06239988436475,19.239177610156
6.32301587301587,0.791423557475687,0.733844262285237,1.06189181517732,19.2397289899607
6.32311507936508,0.791355858645428,0.733867444241972,1.0613839894035,19.2402802834515
6.32321428571429,0.791288156306121,0.733890590289379,1.06087640692687,19.2408314906511
6.32331349206349,0.791220450474178,0.733913700441809,1.06036906763106,19.241382611582
6.3234126984127,0.791152741166039,0.733936774713594,1.05986197139972,19.2419336462668
6.3235119047619,0.79108502839817,0.733959813119049,1.05935511811656,19.242484594728
6.32361111111111,0.791017312187062,0.73398281567247,1.05884850766535,19.2430354569881
6.32371031746032,0.790949592549231,0.734005782388133,1.05834213992986,19.2435862330695
6.32380952380952,0.790881869501224,0.734028713280296,1.05783601479396,19.2441369229947
6.32390873015873,0.79081414305961,0.7340516083632,1.05733013214152,19.2446875267862
6.32400793650794,0.790746413240983,0.734074467651067,1.05682449185647,19.2452380444664
6.32410714285714,0.790678680061966,0.7340972911581,1.05631909382279,19.2457884760576
6.32420634920635,0.790610943539206,0.734120078898482,1.05581393792448,19.2463388215822
6.32430555555556,0.790543203689378,0.734142830886381,1.05530902404562,19.2468890810627
6.32440476190476,0.790475460529181,0.734165547135944,1.0548043520703,19.2474392545213
6.32450396825397,0.790407714075342,0.734188227661299,1.05429992188268,19.2479893419803
6.32460317460317,0.790339964344612,0.734210872476558,1.05379573336695,19.248539343462
6.32470238095238,0.790272211353769,0.734233481595812,1.05329178640734,19.2490892589887
6.32480158730159,0.790204455119618,0.734256055033135,1.05278808088813,19.2496390885827
6.32490079365079,0.790136695658989,0.734278592802582,1.05228461669366,19.2501888322661
6.325,0.790068932988737,0.73430109491819,1.05178139370829,19.2507384900612
6.32509920634921,0.790001167125746,0.734323561393976,1.05127841181643,19.2512880619902
6.32519841269841,0.789933398086922,0.734345992243941,1.05077567090253,19.2518375480752
6.32529761904762,0.789865625889201,0.734368387482064,1.0502731708511,19.2523869483384
6.32539682539683,0.789797850549544,0.73439074712231,1.04977091154669,19.2529362628019
6.32549603174603,0.789730072084936,0.734413071178621,1.04926889287389,19.2534854914878
6.32559523809524,0.78966229051239,0.734435359664923,1.04876711471731,19.2540346344182
6.32569444444444,0.789594505848944,0.734457612595124,1.04826557696165,19.2545836916151
6.32579365079365,0.789526718111664,0.734479829983111,1.04776427949162,19.2551326631006
6.32589285714286,0.789458927317639,0.734502011842755,1.04726322219199,19.2556815488968
6.32599206349206,0.789391133483986,0.734524158187908,1.04676240494756,19.2562303490255
6.32609126984127,0.789323336627848,0.734546269032402,1.04626182764319,19.2567790635089
6.32619047619048,0.789255536766394,0.734568344390052,1.04576149016378,19.2573276923688
6.32628968253968,0.789187733916818,0.734590384274654,1.04526139239426,19.2578762356272
6.32638888888889,0.789119928096341,0.734612388699985,1.04476153421962,19.258424693306
6.3264880952381,0.78905211932221,0.734634357679805,1.04426191552488,19.2589730654272
6.3265873015873,0.788984307611698,0.734656291227854,1.04376253619513,19.2595213520125
6.32668650793651,0.788916492982103,0.734678189357854,1.04326339611546,19.2600695530838
6.32678571428572,0.788848675450752,0.734700052083508,1.04276449517106,19.260617668663
6.32688492063492,0.788780855034995,0.734721879418501,1.04226583324712,19.261165698772
6.32698412698413,0.788713031752209,0.734743671376501,1.04176741022889,19.2617136434323
6.32708333333333,0.788645205619797,0.734765427971154,1.04126922600166,19.262261502666
6.32718253968254,0.788577376655188,0.734787149216091,1.04077128045076,19.2628092764946
6.32728174603175,0.788509544875837,0.734808835124922,1.04027357346158,19.26335696494
6.32738095238095,0.788441710299226,0.73483048571124,1.03977610491955,19.2639045680238
6.32748015873016,0.788373872942862,0.734852100988619,1.03927887471013,19.2644520857677
6.32757936507937,0.788306032824279,0.734873680970614,1.03878188271882,19.2649995181935
6.32767857142857,0.788238189961035,0.734895225670763,1.0382851288312,19.2655468653227
6.32777777777778,0.788170344370716,0.734916735102584,1.03778861293285,19.2660941271769
6.32787698412698,0.788102496070934,0.734938209279576,1.03729233490943,19.2666413037779
6.32797619047619,0.788034645079326,0.734959648215222,1.03679629464661,19.2671883951471
6.3280753968254,0.787966791413555,0.734981051922984,1.03630049203014,19.2677354013062
6.3281746031746,0.787898935091311,0.735002420416307,1.03580492694578,19.2682823222766
6.32827380952381,0.787831076130311,0.735023753708616,1.03530959927937,19.2688291580799
6.32837301587302,0.787763214548296,0.735045051813319,1.03481450891675,19.2693759087376
6.32847222222222,0.787695350363032,0.735066314743806,1.03431965574385,19.2699225742713
6.32857142857143,0.787627483592315,0.735087542513446,1.03382503964661,19.2704691547022
6.32867063492063,0.787559614253964,0.735108735135592,1.03333066051103,19.271015650052
6.32876984126984,0.787491742365825,0.735129892623576,1.03283651822314,19.2715620603419
6.32886904761905,0.787423867945769,0.735151014990715,1.03234261266904,19.2721083855935
6.32896825396825,0.787355991011695,0.735172102250304,1.03184894373485,19.272654625828
6.32906746031746,0.787288111581527,0.735193154415621,1.03135551130673,19.2732007810669
6.32916666666667,0.787220229673214,0.735214171499926,1.03086231527092,19.2737468513314
6.32926587301587,0.787152345304733,0.73523515351646,1.03036935551366,19.2742928366429
6.32936507936508,0.787084458494086,0.735256100478444,1.02987663192126,19.2748387370228
6.32946428571428,0.787016569259301,0.735277012399084,1.02938414438007,19.2753845524922
6.32956349206349,0.786948677618433,0.735297889291565,1.02889189277648,19.2759302830724
6.3296626984127,0.78688078358956,0.735318731169053,1.02839987699692,19.2764759287846
6.3297619047619,0.786812887190791,0.735339538044697,1.02790809692788,19.2770214896501
6.32986111111111,0.786744988440258,0.735360309931626,1.02741655245587,19.2775669656901
6.32996031746032,0.786677087356117,0.735381046842953,1.02692524346748,19.2781123569257
6.33005952380952,0.786609183956555,0.73540174879177,1.0264341698493,19.278657663378
6.33015873015873,0.786541278259782,0.735422415791152,1.025943331488,19.2792028850683
6.33025793650794,0.786473370284034,0.735443047854154,1.02545272827026,19.2797480220176
6.33035714285714,0.786405460047573,0.735463644993814,1.02496236008285,19.2802930742469
6.33045634920635,0.786337547568689,0.735484207223151,1.02447222681254,19.2808380417775
6.33055555555556,0.786269632865695,0.735504734555165,1.02398232834616,19.2813829246302
6.33065476190476,0.786201715956933,0.735525227002838,1.02349266457059,19.2819277228262
6.33075396825397,0.78613379686077,0.735545684579134,1.02300323537276,19.2824724363864
6.33085317460317,0.786065875595598,0.735566107296997,1.02251404063961,19.2830170653319
6.33095238095238,0.785997952179835,0.735586495169354,1.02202508025817,19.2835616096835
6.33105158730159,0.785930026631928,0.735606848209113,1.02153635411548,19.2841060694623
6.33115079365079,0.785862098970346,0.735627166429163,1.02104786209863,19.2846504446891
6.33125,0.785794169213587,0.735647449842375,1.02055960409477,19.2851947353848
6.33134920634921,0.785726237380174,0.735667698461601,1.02007157999109,19.2857389415705
6.33144841269841,0.785658303488656,0.735687912299676,1.0195837896748,19.2862830632668
6.33154761904762,0.785590367557608,0.735708091369415,1.01909623303317,19.2868271004946
6.33164682539683,0.785522429605631,0.735728235683614,1.01860890995354,19.2873710532748
6.33174603174603,0.785454489651352,0.735748345255052,1.01812182032324,19.2879149216281
6.33184523809524,0.785386547713425,0.735768420096489,1.01763496402969,19.2884587055754
6.33194444444444,0.785318603810529,0.735788460220666,1.01714834096033,19.2890024051373
6.33204365079365,0.785250657961368,0.735808465640306,1.01666195100266,19.2895460203347
6.33214285714286,0.785182710184676,0.735828436368114,1.0161757940442,19.2900895511881
6.33224206349206,0.785114760499208,0.735848372416775,1.01568986997255,19.2906329977185
6.33234126984127,0.785046808923748,0.735868273798957,1.01520417867531,19.2911763599463
6.33244047619048,0.784978855477107,0.735888140527308,1.01471872004016,19.2917196378922
6.33253968253968,0.784910900178118,0.735907972614459,1.01423349395481,19.2922628315769
6.33263888888889,0.784842943045644,0.735927770073023,1.01374850030701,19.2928059410211
6.3327380952381,0.784774984098573,0.735947532915591,1.01326373898457,19.2933489662452
6.3328373015873,0.784707023355819,0.73596726115474,1.01277920987532,19.2938919072698
6.33293650793651,0.78463906083632,0.735986954803024,1.01229491286716,19.2944347641156
6.33303571428571,0.784571096559044,0.736006613872983,1.01181084784801,19.294977536803
6.33313492063492,0.784503130542981,0.736026238377136,1.01132701470584,19.2955202253525
6.33323412698413,0.784435162807149,0.736045828327983,1.01084341332869,19.2960628297846
6.33333333333333,0.784367193370592,0.736065383738007,1.0103600436046,19.2966053501199
6.33343253968254,0.784299222252381,0.736084904619671,1.00987690542169,19.2971477863786
6.33353174603175,0.784231249471611,0.736104390985421,1.00939399866811,19.2976901385813
6.33363095238095,0.784163275047405,0.736123842847685,1.00891132323205,19.2982324067484
6.33373015873016,0.784095298998909,0.736143260218869,1.00842887900175,19.2987745909002
6.33382936507936,0.784027321345299,0.736162643111364,1.0079466658655,19.2993166910571
6.33392857142857,0.783959342105775,0.736181991537541,1.00746468371161,19.2998587072394
6.33402777777778,0.783891361299562,0.736201305509754,1.00698293242847,19.3004006394676
6.33412698412698,0.783823378945913,0.736220585040336,1.00650141190447,19.3009424877617
6.33422619047619,0.783755395064106,0.736239830141604,1.0060201220281,19.3014842521423
6.3343253968254,0.783687409673447,0.736259040825854,1.00553906268784,19.3020259326294
6.3344246031746,0.783619422793264,0.736278217105365,1.00505823377224,19.3025675292433
6.33452380952381,0.783551434442915,0.736297358992398,1.0045776351699,19.3031090420043
6.33462301587302,0.783483444641782,0.736316466499194,1.00409726676944,19.3036504709326
6.33472222222222,0.783415453409273,0.736335539637978,1.00361712845956,19.3041918160483
6.33482142857143,0.783347460764823,0.736354578420953,1.00313722012896,19.3047330773715
6.33492063492063,0.783279466727893,0.736373582860306,1.00265754166641,19.3052742549225
6.33501984126984,0.783211471317969,0.736392552968205,1.00217809296073,19.3058153487213
6.33511904761905,0.783143474554564,0.736411488756799,1.00169887390078,19.306356358788
6.33521825396825,0.783075476457217,0.736430390238218,1.00121988437544,19.3068972851427
6.33531746031746,0.783007477045492,0.736449257424576,1.00074112427366,19.3074381278055
6.33541666666667,0.78293947633898,0.736468090327966,1.00026259348442,19.3079788867963
6.33551587301587,0.782871474357299,0.736486888960463,0.999784291896769,19.3085195621352
6.33561507936508,0.782803471120089,0.736505653334124,0.999306219399759,19.3090601538421
6.33571428571429,0.782735466647022,0.736524383460987,0.998828375882524,19.3096006619371
6.33581349206349,0.782667460957793,0.736543079353073,0.998350761234222,19.3101410864401
6.3359126984127,0.782599454072121,0.736561741022382,0.997873375344059,19.310681427371
6.33601190476191,0.782531446009754,0.736580368480897,0.997396218101283,19.3112216847497
6.33611111111111,0.782463436790466,0.736598961740582,0.996919289395189,19.3117618585961
6.33621031746032,0.782395426434055,0.736617520813384,0.996442589115117,19.3123019489301
6.33630952380952,0.782327414960347,0.736636045711229,0.995966117150447,19.3128419557714
6.33640873015873,0.782259402389192,0.736654536446026,0.995489873390605,19.31338187914
6.33650793650794,0.782191388740468,0.736672993029666,0.995013857725062,19.3139217190557
6.33660714285714,0.78212337403408,0.736691415474021,0.994538070043333,19.3144614755381
6.33670634920635,0.782055358289955,0.736709803790942,0.994062510234973,19.3150011486071
6.33680555555556,0.781987341528049,0.736728157992266,0.993587178189587,19.3155407382824
6.33690476190476,0.781919323768344,0.736746478089809,0.993112073796819,19.3160802445838
6.33700396825397,0.781851305030847,0.736764764095368,0.992637196946359,19.3166196675309
6.33710317460318,0.781783285335592,0.736783016020723,0.992162547527936,19.3171590071434
6.33720238095238,0.781715264702639,0.736801233877634,0.99168812543134,19.3176982634409
6.33730158730159,0.781647243152073,0.736819417677843,0.991213930546386,19.3182374364431
6.33740079365079,0.781579220704006,0.736837567433075,0.99073996276294,19.3187765261697
6.3375,0.781511197378575,0.736855683155035,0.990266221970911,19.3193155326402
6.33759920634921,0.781443173195945,0.736873764855408,0.989792708060255,19.3198544558741
6.33769841269841,0.781375148176305,0.736891812545865,0.989319420920967,19.3203932958911
6.33779761904762,0.781307122339871,0.736909826238053,0.988846360443091,19.3209320527107
6.33789682539683,0.781239095706886,0.736927805943605,0.988373526516713,19.3214707263523
6.33799603174603,0.781171068297616,0.736945751674134,0.98790091903196,19.3220093168355
6.33809523809524,0.781103040132356,0.736963663441232,0.987428537879008,19.3225478241797
6.33819444444444,0.781035011231427,0.736981541256478,0.986956382948073,19.3230862484044
6.33829365079365,0.780966981615173,0.736999385131426,0.986484454129418,19.3236245895291
6.33839285714286,0.780898951303968,0.737017195077617,0.986012751313349,19.324162847573
6.33849206349206,0.780830920318209,0.73703497110657,0.985541274390214,19.3247010225557
6.33859126984127,0.78076288867832,0.737052713229787,0.985070023250401,19.3252391144964
6.33869047619048,0.780694856404753,0.737070421458752,0.98459899778436,19.3257771234146
6.33878968253968,0.780626823517984,0.737088095804928,0.984128197882566,19.3263150493295
6.33888888888889,0.780558790038513,0.737105736279763,0.983657623435545,19.3268528922605
6.3389880952381,0.780490755986871,0.737123342894683,0.983187274333867,19.3273906522268
6.3390873015873,0.780422721383612,0.737140915661099,0.982717150468144,19.3279283292477
6.33918650793651,0.780354686249315,0.737158454590401,0.982247251729034,19.3284659233424
6.33928571428571,0.780286650604588,0.737175959693961,0.981777578007238,19.3290034345302
6.33938492063492,0.780218614470064,0.737193430983132,0.981308129193503,19.3295408628303
6.33948412698413,0.7801505778664,0.737210868469251,0.980838905178617,19.3300782082618
6.33958333333333,0.780082540814281,0.737228272163633,0.980369905853414,19.3306154708439
6.33968253968254,0.780014503334418,0.737245642077577,0.97990113110877,19.3311526505957
6.33978174603175,0.779946465447549,0.737262978222362,0.979432580835607,19.3316897475364
6.33988095238095,0.779878427174435,0.73728028060925,0.978964254924891,19.332226761685
6.33998015873016,0.779810388535865,0.737297549249484,0.978496153267631,19.3327636930607
6.34007936507937,0.779742349552654,0.737314784154287,0.978028275754872,19.3333005416824
6.34017857142857,0.779674310245645,0.737331985334866,0.977560622277727,19.3338373075693
6.34027777777778,0.779606270635703,0.737349152802407,0.977093192727328,19.3343739907403
6.34037698412698,0.779538230743721,0.737366286568079,0.976625986994862,19.3349105912144
6.34047619047619,0.779470190590618,0.737383386643032,0.976159004971557,19.3354471090106
6.3405753968254,0.77940215019734,0.737400453038398,0.975692246548687,19.3359835441478
6.3406746031746,0.779334109584858,0.737417485765291,0.975225711617568,19.3365198966451
6.34077380952381,0.779266068774168,0.737434484834804,0.974759400069562,19.3370561665212
6.34087301587302,0.779198027786295,0.737451450258014,0.974293311796074,19.3375923537951
6.34097222222222,0.779129986642287,0.737468382045979,0.973827446688552,19.3381284584856
6.34107142857143,0.77906194536322,0.737485280209737,0.97336180463849,19.3386644806116
6.34117063492063,0.778993903970195,0.73750214476031,0.972896385537424,19.339200420192
6.34126984126984,0.77892586248434,0.7375189757087,0.972431189276936,19.3397362772454
6.34136904761905,0.778857820926808,0.737535773065889,0.971966215748651,19.3402720517908
6.34146825396825,0.778789779318778,0.737552536842844,0.971501464844236,19.3408077438469
6.34156746031746,0.778721737681455,0.737569267050512,0.9710369364554,19.3413433534324
6.34166666666667,0.778653696036073,0.737585963699819,0.970572630473911,19.341878880566
6.34176587301587,0.778585654403888,0.737602626801676,0.970108546791564,19.3424143252664
6.34186507936508,0.778517612806184,0.737619256366974,0.969644685300203,19.3429496875524
6.34196428571429,0.778449571264271,0.737635852406586,0.969181045891718,19.3434849674426
6.34206349206349,0.778381529799484,0.737652414931365,0.968717628458041,19.3440201649556
6.3421626984127,0.778313488433185,0.737668943952148,0.968254432891148,19.34455528011
6.34226190476191,0.778245447186763,0.737685439479751,0.967791459083062,19.3450903129245
6.34236111111111,0.778177406081631,0.737701901524974,0.967328706925845,19.3456252634177
6.34246031746032,0.778109365139229,0.737718330098595,0.966866176311608,19.346160131608
6.34255952380952,0.778041324381022,0.737734725211378,0.966403867132502,19.346694917514
6.34265873015873,0.777973283828504,0.737751086874064,0.965941779280724,19.3472296211542
6.34275793650794,0.777905243503192,0.737767415097379,0.965479912648514,19.3477642425472
6.34285714285714,0.77783720342663,0.737783709892029,0.965018267128158,19.3482987817114
6.34295634920635,0.777769163620389,0.737799971268701,0.964556842611984,19.3488332386653
6.34305555555556,0.777701124106063,0.737816199238064,0.964095638992358,19.3493676134272
6.34315476190476,0.777633084905277,0.73783239381077,0.963634656161709,19.3499019060156
6.34325396825397,0.777565046039678,0.73784855499745,0.963173894012491,19.350436116449
6.34335317460318,0.777497007530941,0.737864682808717,0.962713352437208,19.3509702447456
6.34345238095238,0.777428969400765,0.737880777255167,0.96225303132841,19.3515042909238
6.34355158730159,0.777360931670878,0.737896838347377,0.961792930578689,19.3520382550019
6.34365079365079,0.777292894363032,0.737912866095904,0.96133305008068,19.3525721369983
6.34375,0.777224857499005,0.737928860511289,0.960873389727065,19.3531059369313
6.34384920634921,0.777156821100602,0.737944821604051,0.960413949410567,19.353639654819
6.34394841269841,0.777088785189653,0.737960749384695,0.959954729023955,19.3541732906798
6.34404761904762,0.777020749788016,0.737976643863703,0.959495728460041,19.3547068445319
6.34414682539682,0.776952714917572,0.737992505051542,0.959036947611682,19.3552403163935
6.34424603174603,0.776884680600231,0.738008332958659,0.958578386371777,19.3557737062827
6.34434523809524,0.776816646857928,0.738024127595481,0.958120044633271,19.3563070142178
6.34444444444444,0.776748613712622,0.73803988897242,0.957661922289152,19.3568402402168
6.34454365079365,0.776680581186301,0.738055617099867,0.957204019232446,19.357373384298
6.34464285714286,0.776612549300979,0.738071311988195,0.956746335356242,19.3579064464793
6.34474206349206,0.776544518078693,0.738086973647758,0.956288870553653,19.3584394267789
6.34484126984127,0.77647648754151,0.738102602088892,0.955831624717844,19.3589723252148
6.34494047619048,0.776408457711519,0.738118197321916,0.955374597742023,19.3595051418051
6.34503968253968,0.776340428610839,0.738133759357127,0.954917789519441,19.3600378765678
6.34513888888889,0.776272400261612,0.738149288204808,0.954461199943395,19.3605705295209
6.34523809523809,0.776204372686007,0.738164783875219,0.954004828907224,19.3611031006824
6.3453373015873,0.77613634590622,0.738180246378605,0.953548676304314,19.3616355900702
6.34543650793651,0.776068319944472,0.73819567572519,0.953092742028091,19.3621679977022
6.34553571428571,0.77600029482301,0.73821107192518,0.952637025972027,19.3627003235964
6.34563492063492,0.775932270564107,0.738226434988765,0.952181528029639,19.3632325677707
6.34573412698413,0.775864247190064,0.738241764926113,0.951726248094487,19.3637647302429
6.34583333333333,0.775796224723205,0.738257061747376,0.951271186060174,19.3642968110309
6.34593253968254,0.775728203185882,0.738272325462686,0.950816341820347,19.3648288101525
6.34603174603175,0.775660182600471,0.738287556082158,0.950361715268694,19.3653607276256
6.34613095238095,0.775592162989379,0.738302753615885,0.949907306298961,19.3658925634679
6.34623015873016,0.775524144375033,0.738317918073947,0.949453114804923,19.3664243176971
6.34632936507937,0.775456126779889,0.738333049466401,0.948999140680403,19.3669559903311
6.34642857142857,0.77538811022643,0.738348147803287,0.94854538381927,19.3674875813876
6.34652777777778,0.775320094737162,0.738363213094627,0.948091844115434,19.3680190908842
6.34662698412698,0.77525208033462,0.738378245350423,0.947638521462851,19.3685505188388
6.34672619047619,0.775184067041363,0.738393244580661,0.947185415755521,19.3690818652688
6.3468253968254,0.775116054879977,0.738408210795307,0.946732526887488,19.369613130192
6.3469246031746,0.775048043873075,0.738423144004307,0.946279854752838,19.370144313626
6.34702380952381,0.774980034043294,0.738438044217591,0.945827399245706,19.3706754155884
6.34712301587302,0.774912025413298,0.73845291144507,0.945375160260264,19.3712064360968
6.34722222222222,0.774844018005778,0.738467745696635,0.944923137690733,19.3717373751687
6.34732142857143,0.774776011843448,0.73848254698216,0.944471331431376,19.3722682328217
6.34742063492063,0.774708006949053,0.7384973153115,0.944019741376502,19.3727990090733
6.34751984126984,0.774640003345358,0.738512050694491,0.943568367420455,19.373329703941
6.34761904761905,0.77457200105516,0.738526753140952,0.943117209457642,19.3738603174423
6.34771825396825,0.774504000101279,0.738541422660682,0.942666267382498,19.3743908495946
6.34781746031746,0.77443600050656,0.738556059263462,0.942215541089506,19.3749213004154
6.34791666666667,0.774368002293875,0.738570662959054,0.941765030473192,19.3754516699221
6.34801587301587,0.774300005486125,0.738585233757202,0.94131473542813,19.3759819581321
6.34811507936508,0.774232010106232,0.738599771667633,0.940864655848933,19.3765121650628
6.34821428571429,0.774164016177147,0.738614276700052,0.940414791630261,19.3770422907315
6.34831349206349,0.774096023721848,0.738628748864149,0.939965142666817,19.3775723351555
6.3484126984127,0.774028032763336,0.738643188169593,0.939515708853349,19.3781022983522
6.3485119047619,0.773960043324639,0.738657594626036,0.939066490084647,19.3786321803388
6.34861111111111,0.773892055428814,0.738671968243111,0.938617486255548,19.3791619811327
6.34871031746032,0.77382406909894,0.738686309030432,0.93816869726093,19.3796917007511
6.34880952380952,0.773756084358125,0.738700616997595,0.937720122995716,19.3802213392111
6.34890873015873,0.7736881012295,0.738714892154178,0.937271763354874,19.3807508965301
6.34900793650794,0.773620119736225,0.73872913450974,0.936823618233409,19.3812803727252
6.34910714285714,0.773552139901486,0.738743344073821,0.936375687526387,19.3818097678136
6.34920634920635,0.773484161748492,0.738757520855943,0.935927971128902,19.3823390818124
6.34930555555556,0.773416185300481,0.73877166486561,0.935480468936097,19.3828683147387
6.34940476190476,0.773348210580715,0.738785776112306,0.935033180843159,19.3833974666097
6.34950396825397,0.773280237612485,0.738799854605499,0.934586106745319,19.3839265374424
6.34960317460317,0.773212266419105,0.738813900354635,0.934139246537852,19.3844555272539
6.34970238095238,0.773144297023916,0.738827913369144,0.933692600116077,19.3849844360613
6.34980158730159,0.773076329450285,0.738841893658438,0.933246167375357,19.3855132638816
6.34990079365079,0.773008363721606,0.738855841231909,0.932799948211098,19.3860420107317
6.35,0.772940399861297,0.738869756098931,0.932353942518752,19.3865706766286
6.35009920634921,0.772872437892805,0.738883638268859,0.931908150193813,19.3870992615894
6.35019841269841,0.772804477839601,0.738897487751029,0.931462571131821,19.3876277656309
6.35029761904762,0.772736519725182,0.738911304554762,0.931017205228358,19.3881561887701
6.35039682539682,0.772668563573071,0.738925088689356,0.930572052379051,19.3886845310239
6.35049603174603,0.772600609406818,0.738938840164093,0.930127112479564,19.3892127924091
6.35059523809524,0.772532657249999,0.738952558988236,0.929682385425625,19.3897409729426
6.35069444444444,0.772464707126215,0.738966245171029,0.929237871112987,19.3902690726412
6.35079365079365,0.772396759059094,0.738979898721698,0.928793569437451,19.3907970915218
6.35089285714286,0.77232881307229,0.738993519649451,0.928349480294864,19.3913250296011
6.35099206349206,0.772260869189481,0.739007107963476,0.927905603581119,19.391852886896
6.35109126984127,0.772192927434376,0.739020663672945,0.927461939192147,19.3923806634231
6.35119047619048,0.772124987830703,0.739034186787008,0.92701848702393,19.3929083591992
6.35128968253968,0.772057050402223,0.739047677314799,0.926575246972488,19.3934359742411
6.35138888888889,0.771989115172719,0.739061135265434,0.926132218933889,19.3939635085653
6.35148809523809,0.771921182166,0.739074560648009,0.925689402804244,19.3944909621887
6.3515873015873,0.771853251405903,0.739087953471601,0.925246798479706,19.3950183351277
6.35168650793651,0.771785322916289,0.73910131374527,0.924804405856474,19.3955456273991
6.35178571428571,0.771717396721047,0.739114641478056,0.924362224830791,19.3960728390195
6.35188492063492,0.771649472844092,0.739127936678983,0.923920255298943,19.3965999700054
6.35198412698413,0.771581551309361,0.739141199357055,0.923478497157255,19.3971270203735
6.35208333333333,0.771513632140824,0.739154429521255,0.923036950302113,19.3976539901402
6.35218253968254,0.771445715362471,0.739167627180552,0.922595614629928,19.3981808793221
6.35228174603175,0.771377800998321,0.739180792343894,0.922154490037165,19.3987076879356
6.35238095238095,0.771309889072418,0.739193925020211,0.921713576420329,19.3992344159974
6.35248015873016,0.771241979608833,0.739207025218413,0.92127287367597,19.3997610635237
6.35257936507937,0.771174072631662,0.739220092947395,0.920832381700682,19.4002876305312
6.35267857142857,0.771106168165028,0.739233128216029,0.920392100391105,19.4008141170361
6.35277777777778,0.771038266233079,0.739246131033174,0.91995202964392,19.401340523055
6.35287698412698,0.770970366859989,0.739259101407664,0.919512169355853,19.4018668486041
6.35297619047619,0.77090247006996,0.73927203934832,0.919072519423675,19.4023930936999
6.3530753968254,0.770834575887217,0.739284944863942,0.918633079744199,19.4029192583586
6.3531746031746,0.770766684336015,0.739297817963312,0.918193850214284,19.4034453425966
6.35327380952381,0.770698795440631,0.739310658655193,0.917754830730833,19.4039713464302
6.35337301587302,0.77063090922537,0.739323466948329,0.91731602119079,19.4044972698757
6.35347222222222,0.770563025714562,0.739336242851448,0.916877421491141,19.4050231129493
6.35357142857143,0.770495144932566,0.739348986373257,0.916439031528931,19.4055488756673
6.35367063492064,0.770427266903764,0.739361697522446,0.916000851201232,19.4060745580458
6.35376984126984,0.770359391652564,0.739374376307684,0.915562880405166,19.406600160101
6.35386904761905,0.770291519203403,0.739387022737626,0.9151251190379,19.4071256818493
6.35396825396825,0.77022364958074,0.739399636820904,0.914687566996643,19.4076511233065
6.35406746031746,0.770155782809063,0.739412218566134,0.914250224178649,19.408176484489
6.35416666666667,0.770087918912886,0.739424767981913,0.913813090481216,19.4087017654129
6.35426587301587,0.770020057916747,0.739437285076818,0.913376165801687,19.4092269660941
6.35436507936508,0.769952199845211,0.739449769859411,0.912939450037446,19.4097520865488
6.35446428571429,0.769884344722871,0.739462222338232,0.912502943085923,19.4102771267931
6.35456349206349,0.769816492574342,0.739474642521804,0.912066644844594,19.4108020868429
6.3546626984127,0.769748643424269,0.739487030418632,0.911630555210974,19.4113269667142
6.3547619047619,0.769680797297321,0.7394993860372,0.911194674082627,19.4118517664231
6.35486111111111,0.769612954218194,0.739511709385978,0.910759001357157,19.4123764859856
6.35496031746032,0.769545114211607,0.739524000473412,0.91032353693221,19.4129011254174
6.35505952380952,0.769477277302311,0.739536259307935,0.909888280705489,19.4134256847347
6.35515873015873,0.769409443515078,0.739548485897957,0.909453232574728,19.4139501639532
6.35525793650794,0.769341612874707,0.739560680251872,0.909018392437707,19.4144745630889
6.35535714285714,0.769273785406025,0.739572842378054,0.908583760192252,19.4149988821577
6.35545634920635,0.769205961133883,0.739584972284861,0.908149335736234,19.4155231211752
6.35555555555556,0.769138140083159,0.739597069980629,0.907715118967565,19.4160472801575
6.35565476190476,0.769070322278756,0.739609135473678,0.907281109784202,19.4165713591203
6.35575396825397,0.769002507745605,0.739621168772309,0.906847308084149,19.4170953580793
6.35585317460317,0.768934696508661,0.739633169884805,0.90641371376545,19.4176192770503
6.35595238095238,0.768866888592907,0.739645138819428,0.905980326726194,19.4181431160491
6.35605158730159,0.76879908402335,0.739657075584425,0.905547146864515,19.4186668750914
6.35615079365079,0.768731282825024,0.739668980188022,0.905114174078591,19.4191905541928
6.35625,0.76866348502299,0.739680852638427,0.904681408266644,19.419714153369
6.35634920634921,0.768595690642333,0.739692692943831,0.904248849326936,19.4202376726358
6.35644841269841,0.768527899708165,0.739704501112404,0.903816497157775,19.4207611120087
6.35654761904762,0.768460112245625,0.739716277152299,0.903384351657523,19.4212844715033
6.35664682539683,0.768392328279878,0.739728021071651,0.902952412724573,19.4218077511353
6.35674603174603,0.768324547836114,0.739739732878575,0.902520680257366,19.4223309509201
6.35684523809524,0.768256770939548,0.739751412581169,0.902089154154387,19.4228540708734
6.35694444444444,0.768188997615423,0.739763060187511,0.901657834314164,19.4233771110107
6.35704365079365,0.768121227889008,0.739774675705661,0.901226720635273,19.4239000713475
6.35714285714286,0.768053461785597,0.739786259143663,0.90079581301633,19.4244229518992
6.35724206349206,0.76798569933051,0.739797810509538,0.900365111355995,19.4249457526814
6.35734126984127,0.767917940549095,0.739809329811291,0.899934615552975,19.4254684737094
6.35744047619048,0.767850185466723,0.739820817056909,0.899504325506018,19.4259911149988
6.35753968253968,0.767782434108794,0.73983227225436,0.899074241113918,19.4265136765649
6.35763888888889,0.767714686500731,0.739843695411592,0.898644362275511,19.4270361584231
6.3577380952381,0.767646942667987,0.739855086536537,0.898214688889679,19.4275585605888
6.3578373015873,0.767579202636037,0.739866445637107,0.897785220855347,19.4280808830773
6.35793650793651,0.767511466430383,0.739877772721195,0.897355958071477,19.4286031259039
6.35803571428572,0.767443734076557,0.739889067796677,0.896926900437095,19.4291252890839
6.35813492063492,0.767376005600112,0.739900330871409,0.896498047851252,19.4296473726327
6.35823412698413,0.767308281026629,0.739911561953231,0.896069400213048,19.4301693765654
6.35833333333333,0.767240560381715,0.73992276104996,0.89564095742163,19.4306913008973
6.35843253968254,0.767172843691003,0.7399339281694,0.895212719376185,19.4312131456437
6.35853174603175,0.767105130980152,0.739945063319332,0.894784685975946,19.4317349108197
6.35863095238095,0.767037422274848,0.739956166507521,0.894356857120191,19.4322565964404
6.35873015873016,0.766969717600801,0.739967237741712,0.89392923270824,19.4327782025212
6.35882936507937,0.766902016983749,0.739978277029633,0.893501812639458,19.433299729077
6.35892857142857,0.766834320449455,0.739989284378992,0.893074596813254,19.433821176123
6.35902777777778,0.766766628023708,0.74000025979748,0.89264758512908,19.4343425436744
6.35912698412698,0.766698939732325,0.740011203292768,0.892220777486434,19.4348638317461
6.35922619047619,0.766631255601145,0.74002211487251,0.891794173784857,19.4353850403532
6.3593253968254,0.766563575656036,0.740032994544341,0.891367773923931,19.4359061695108
6.3594246031746,0.766495899922892,0.740043842315876,0.890941577803282,19.4364272192339
6.35952380952381,0.766428228427633,0.740054658194713,0.890515585322593,19.4369481895374
6.35962301587302,0.766360561196204,0.740065442188431,0.890089796381574,19.4374690804363
6.35972222222222,0.766292898254577,0.740076194304592,0.889664210879987,19.4379898919456
6.35982142857143,0.766225239628749,0.740086914550737,0.889238828717637,19.4385106240802
6.35992063492063,0.766157585344744,0.74009760293439,0.88881364979437,19.439031276855
6.36001984126984,0.766089935428612,0.740108259463057,0.888388674010081,19.4395518502849
6.36011904761905,0.766022289906429,0.740118884144223,0.887963901264705,19.4400723443848
6.36021825396825,0.765954648804296,0.740129476985358,0.887539331458225,19.4405927591695
6.36031746031746,0.765887012148342,0.74014003799391,0.887114964490662,19.4411130946538
6.36041666666667,0.765819379964719,0.740150567177312,0.886690800262086,19.4416333508525
6.36051587301587,0.765751752279609,0.740161064542975,0.88626683867261,19.4421535277805
6.36061507936508,0.765684129119217,0.740171530098294,0.88584307962239,19.4426736254524
6.36071428571428,0.765616510509776,0.740181963850645,0.885419523011627,19.4431936438831
6.36081349206349,0.765548896477542,0.740192365807385,0.884996168740564,19.4437135830871
6.3609126984127,0.7654812870488,0.740202735975852,0.884573016709485,19.4442334430794
6.3610119047619,0.765413682249862,0.740213074363367,0.884150066818732,19.4447532238744
6.36111111111111,0.765346082107063,0.740223380977232,0.883727318968678,19.4452729254869
6.36121031746032,0.765278486646765,0.740233655824729,0.883304773059741,19.4457925479315
6.36130952380952,0.765210895895357,0.740243898913123,0.882882428992387,19.4463120912229
6.36140873015873,0.765143309879252,0.74025411024966,0.882460286667123,19.4468315553755
6.36150793650794,0.765075728624892,0.740264289841569,0.882038345984501,19.4473509404041
6.36160714285714,0.765008152158742,0.740274437696057,0.881616606845119,19.4478702463231
6.36170634920635,0.764940580507296,0.740284553820317,0.881195069149615,19.4483894731471
6.36180555555556,0.764873013697071,0.740294638221519,0.880773732798675,19.4489086208906
6.36190476190476,0.764805451754613,0.740304690906819,0.880352597693026,19.4494276895681
6.36200396825397,0.764737894706492,0.74031471188335,0.87993166373344,19.449946679194
6.36210317460317,0.764670342579304,0.74032470115823,0.879510930820733,19.4504655897829
6.36220238095238,0.764602795399673,0.740334658738556,0.879090398855766,19.4509844213491
6.36230158730159,0.764535253194247,0.740344584631409,0.878670067739442,19.4515031739071
6.36240079365079,0.7644677159897,0.740354478843849,0.878249937372704,19.4520218474712
6.3625,0.764400183812735,0.740364341382919,0.877830007656555,19.4525404420558
6.36259920634921,0.764332656690077,0.740374172255643,0.877410278492026,19.4530589576752
6.36269841269841,0.76426513464848,0.740383971469027,0.876990749780195,19.4535773943439
6.36279761904762,0.764197617714722,0.740393739030059,0.876571421422188,19.454095752076
6.36289682539683,0.76413010591561,0.740403474945705,0.876152293319172,19.4546140308859
6.36299603174603,0.764062599277972,0.740413179222918,0.875733365372358,19.4551322307878
6.36309523809524,0.763995097828668,0.740422851868628,0.875314637483004,19.455650351796
6.36319444444444,0.76392760159458,0.740432492889749,0.874896109552408,19.4561683939247
6.36329365079365,0.763860110602617,0.740442102293174,0.874477781481914,19.4566863571882
6.36339285714286,0.763792624879714,0.740451680085781,0.87405965317291,19.4572042416004
6.36349206349206,0.763725144452833,0.740461226274427,0.873641724526828,19.4577220471758
6.36359126984127,0.763657669348961,0.740470740865951,0.873223995445144,19.4582397739283
6.36369047619048,0.763590199595111,0.740480223867174,0.872806465829377,19.4587574218721
6.36378968253968,0.763522735218323,0.740489675284897,0.87238913558109,19.4592749910213
6.36388888888889,0.763455276245662,0.740499095125905,0.871972004601887,19.45979248139
6.3639880952381,0.76338782270422,0.740508483396962,0.87155507279343,19.4603098929923
6.3640873015873,0.763320374621114,0.740517840104815,0.871138340057407,19.4608272258421
6.36418650793651,0.763252932023489,0.740527165256192,0.870721806295561,19.4613444799534
6.36428571428571,0.763185494938513,0.740536458857803,0.870305471409673,19.4618616553404
6.36438492063492,0.763118063393382,0.740545720916339,0.869889335301572,19.4623787520169
6.36448412698413,0.763050637415319,0.740554951438472,0.869473397873129,19.4628957699969
6.36458333333333,0.76298321703157,0.740564150430857,0.869057659026259,19.4634127092944
6.36468253968254,0.762915802269409,0.740573317900129,0.868642118662921,19.4639295699232
6.36478174603175,0.762848393156138,0.740582453852905,0.868226776685121,19.4644463518972
6.36488095238095,0.76278098971908,0.740591558295784,0.867811632994904,19.4649630552304
6.36498015873016,0.762713591985589,0.740600631235346,0.867396687494362,19.4654796799365
6.36507936507936,0.762646199983042,0.740609672678153,0.866981940085631,19.4659962260293
6.36517857142857,0.762578813738844,0.740618682630747,0.866567390670889,19.4665126935228
6.36527777777778,0.762511433280424,0.740627661099653,0.86615303915236,19.4670290824307
6.36537698412698,0.762444058635237,0.740636608091377,0.865738885432306,19.4675453927667
6.36547619047619,0.762376689830769,0.740645523612407,0.86532492941305,19.4680616245446
6.3655753968254,0.762309326894525,0.740654407669212,0.864911170996941,19.4685777777781
6.3656746031746,0.76224196985404,0.740663260268243,0.864497610086377,19.469093852481
6.36577380952381,0.762174618736875,0.740672081415931,0.864084246583803,19.4696098486668
6.36587301587302,0.762107273570615,0.74068087111869,0.863671080391706,19.4701257663493
6.36597222222222,0.762039934382874,0.740689629382915,0.863258111412617,19.4706416055421
6.36607142857143,0.76197260120129,0.740698356214982,0.86284533954911,19.4711573662589
6.36617063492063,0.761905274053527,0.740707051621251,0.862432764703805,19.4716730485131
6.36626984126984,0.761837952967275,0.740715715608059,0.862020386779366,19.4721886523185
6.36636904761905,0.761770637970252,0.740724348181729,0.861608205678498,19.4727041776885
6.36646825396825,0.761703329090199,0.740732949348563,0.861196221303954,19.4732196246368
6.36656746031746,0.761636026354886,0.740741519114845,0.860784433558528,19.4737349931768
6.36666666666667,0.761568729792107,0.74075005748684,0.860372842345059,19.474250283322
6.36676587301587,0.761501439429683,0.740758564470796,0.85996144756643,19.4747654950858
6.36686507936508,0.76143415529546,0.740767040072941,0.859550249125563,19.4752806284819
6.36696428571429,0.761366877417313,0.740775484299484,0.859139246925439,19.4757956835235
6.36706349206349,0.761299605823138,0.740783897156619,0.858728440869068,19.4763106602241
6.3671626984127,0.761232340540863,0.740792278650517,0.85831783085951,19.4768255585971
6.36726190476191,0.761165081598436,0.740800628787333,0.857907416799865,19.4773403786559
6.36736111111111,0.761097829023836,0.740808947573204,0.857497198593283,19.4778551204138
6.36746031746032,0.761030582845065,0.740817235014246,0.857087176142953,19.4783697838841
6.36755952380952,0.760963343090153,0.740825491116559,0.856677349352109,19.4788843690802
6.36765873015873,0.760896109787154,0.740833715886223,0.856267718124032,19.4793988760153
6.36775793650794,0.76082888296415,0.7408419093293,0.855858282362044,19.4799133047027
6.36785714285714,0.760761662649248,0.740850071451834,0.85544904196951,19.4804276551557
6.36795634920635,0.760694448870581,0.74085820225985,0.855039996849843,19.4809419273875
6.36805555555556,0.760627241656309,0.740866301759355,0.854631146906496,19.4814561214112
6.36815476190476,0.760560041034617,0.740874369956335,0.854222492042969,19.4819702372402
6.36825396825397,0.760492847033716,0.740882406856762,0.853814032162804,19.4824842748875
6.36835317460318,0.760425659681844,0.740890412466585,0.853405767169582,19.4829982343663
6.36845238095238,0.760358479007264,0.740898386791738,0.852997696966944,19.4835121156896
6.36855158730159,0.760291305038266,0.740906329838134,0.852589821458561,19.4840259188707
6.36865079365079,0.760224137803166,0.740914241611669,0.852182140548149,19.4845396439226
6.36875,0.760156977330305,0.740922122118219,0.851774654139472,19.4850532908584
6.36884920634921,0.76008982364805,0.740929971363644,0.851367362136337,19.485566859691
6.36894841269841,0.760022676784796,0.740937789353783,0.850960264442593,19.4860803504335
6.36904761904762,0.759955536768962,0.740945576094458,0.850553360962136,19.486593763099
6.36914682539683,0.759888403628994,0.740953331591472,0.850146651598903,19.4871070977003
6.36924603174603,0.759821277393364,0.740961055850609,0.849740136256877,19.4876203542505
6.36934523809524,0.75975415809057,0.740968748877635,0.849333814840084,19.4881335327625
6.36944444444444,0.759687045749135,0.740976410678298,0.848927687252595,19.4886466332492
6.36954365079365,0.75961994039761,0.740984041258327,0.848521753398524,19.4891596557235
6.36964285714286,0.759552842064571,0.740991640623432,0.848116013182029,19.4896726001982
6.36974206349206,0.759485750778619,0.740999208779304,0.847710466507313,19.4901854666863
6.36984126984127,0.759418666568382,0.741006745731619,0.847305113278616,19.4906982552005
6.36994047619048,0.759351589462516,0.74101425148603,0.84689995340024,19.4912109657537
6.37003968253968,0.7592845194897,0.741021726048174,0.846494986776514,19.4917235983587
6.37013888888889,0.759217456678641,0.741029169423669,0.846090213311814,19.4922361530281
6.3702380952381,0.75915040105807,0.741036581618114,0.845685632910564,19.4927486297749
6.3703373015873,0.759083352656747,0.741043962637091,0.84528124547723,19.4932610286117
6.37043650793651,0.759016311503454,0.741051312486162,0.844877050916322,19.4937733495511
6.37053571428571,0.758949277627004,0.74105863117087,0.844473049132394,19.494285592606
6.37063492063492,0.758882251056232,0.741065918696742,0.844069240030044,19.494797757789
6.37073412698413,0.758815231820001,0.741073175069283,0.843665623513914,19.4953098451127
6.37083333333333,0.758748219947199,0.741080400293984,0.84326219948869,19.4958218545897
6.37093253968254,0.75868121546674,0.741087594376313,0.842858967859102,19.4963337862326
6.37103174603175,0.758614218407567,0.741094757321722,0.842455928529925,19.4968456400541
6.37113095238095,0.758547228798645,0.741101889135644,0.842053081405975,19.4973574160667
6.37123015873016,0.758480246668967,0.741108989823493,0.841650426392116,19.497869114283
6.37132936507937,0.75841327204755,0.741116059390666,0.841247963393246,19.4983807347153
6.37142857142857,0.758346304963442,0.741123097842539,0.840845692314328,19.4988922773764
6.37152777777778,0.758279345445713,0.741130105184472,0.84044361306035,19.4994037422786
6.37162698412698,0.758212393523458,0.741137081421805,0.840041725536349,19.4999151294343
6.37172619047619,0.758145449225802,0.74114402655986,0.839640029647408,19.5004264388562
6.3718253968254,0.758078512581894,0.741150940603941,0.839238525298651,19.5009376705564
6.3719246031746,0.758011583620907,0.741157823559332,0.838837212395249,19.5014488245476
6.37202380952381,0.757944662372044,0.741164675431299,0.838436090842417,19.5019599008419
6.37212301587302,0.757877748864532,0.741171496225091,0.83803516054541,19.5024708994519
6.37222222222222,0.757810843127623,0.741178285945938,0.837634421409531,19.5029818203897
6.37232142857143,0.757743945190597,0.741185044599049,0.837233873340126,19.5034926636678
6.37242063492063,0.757677055082759,0.741191772189618,0.836833516242584,19.5040034292984
6.37251984126984,0.75761017283344,0.741198468722818,0.83643335002234,19.5045141172939
6.37261904761905,0.757543298471998,0.741205134203805,0.836033374584869,19.5050247276663
6.37271825396825,0.757476432027817,0.741211768637715,0.835633589835695,19.5055352604281
6.37281746031746,0.757409573530304,0.741218372029667,0.835233995680378,19.5060457155914
6.37291666666667,0.757342723008897,0.741224944384761,0.834834592024537,19.5065560931683
6.37301587301587,0.757275880493056,0.741231485708079,0.83443537877382,19.5070663931711
6.37311507936508,0.75720904601227,0.741237996004682,0.834036355833926,19.5075766156119
6.37321428571429,0.757142219596051,0.741244475279616,0.833637523110596,19.5080867605028
6.37331349206349,0.75707540127394,0.741250923537907,0.833238880509615,19.5085968278559
6.3734126984127,0.757008591075502,0.741257340784561,0.832840427936812,19.5091068176834
6.37351190476191,0.756941789030329,0.741263727024568,0.832442165298062,19.5096167299973
6.37361111111111,0.756874995168038,0.741270082262898,0.83204409249928,19.5101265648096
6.37371031746032,0.756808209518274,0.741276406504504,0.83164620944643,19.5106363221323
6.37380952380952,0.756741432110706,0.741282699754317,0.831248516045515,19.5111460019776
6.37390873015873,0.756674662975031,0.741288962017253,0.830851012202586,19.5116556043572
6.37400793650794,0.756607902140969,0.741295193298209,0.830453697823736,19.5121651292833
6.37410714285714,0.75654114963827,0.741301393602063,0.830056572815101,19.5126745767677
6.37420634920635,0.756474405496707,0.741307562933673,0.829659637082863,19.5131839468223
6.37430555555556,0.756407669746079,0.741313701297881,0.829262890533243,19.5136932394592
6.37440476190476,0.756340942416215,0.741319808699509,0.828866333072519,19.5142024546901
6.37450396825397,0.756274223536965,0.741325885143361,0.828469964607,19.5147115925268
6.37460317460318,0.756207513138208,0.741331930634222,0.828073785043043,19.5152206529813
6.37470238095238,0.756140811249849,0.741337945176859,0.827677794287049,19.5157296360654
6.37480158730159,0.756074117901817,0.74134392877602,0.827281992245462,19.5162385417908
6.37490079365079,0.756007433124068,0.741349881436436,0.826886378824773,19.5167473701694
6.375,0.755940756946586,0.741355803162817,0.826490953931514,19.5172561212128
6.37509920634921,0.755874089399379,0.741361693959856,0.826095717472263,19.5177647949328
6.37519841269841,0.75580743051248,0.741367553832229,0.825700669353639,19.5182733913412
6.37529761904762,0.755740780315951,0.74137338278459,0.825305809482308,19.5187819104495
6.37539682539682,0.755674138839879,0.741379180821577,0.824911137764981,19.5192903522696
6.37549603174603,0.755607506114375,0.741384947947808,0.824516654108407,19.519798716813
6.37559523809524,0.755540882169579,0.741390684167885,0.824122358419386,19.5203070040914
6.37569444444444,0.755474267035655,0.741396389486389,0.823728250604758,19.5208152141163
6.37579365079365,0.755407660742794,0.741402063907883,0.823334330571401,19.5213233468994
6.37589285714286,0.755341063321212,0.741407707436911,0.822940598226257,19.5218314024523
6.37599206349206,0.755274474801154,0.741413320078002,0.822547053476292,19.5223393807864
6.37609126984127,0.755207895212887,0.741418901835661,0.822153696228524,19.5228472819134
6.37619047619048,0.755141322801472,0.741424453428252,0.821760526390284,19.5233551065626
6.37628968253968,0.755074755779076,0.741429975586285,0.821367543874348,19.5238628554755
6.37638888888889,0.755008194144242,0.741435468325437,0.820974748595962,19.5243705286746
6.37648809523809,0.754941637895528,0.741440931661375,0.820582140470397,19.5248781261822
6.3765873015873,0.754875087031497,0.741446365609757,0.820189719412952,19.5253856480208
6.37668650793651,0.754808541550723,0.741451770186234,0.819797485338954,19.5258930942126
6.37678571428571,0.754742001451785,0.741457145406447,0.819405438163755,19.52640046478
6.37688492063492,0.754675466733274,0.741462491286031,0.819013577802735,19.5269077597454
6.37698412698413,0.754608937393785,0.74146780784061,0.818621904171302,19.5274149791312
6.37708333333333,0.754542413431923,0.741473095085804,0.81823041718489,19.5279221229596
6.37718253968254,0.754475894846301,0.74147835303722,0.81783911675896,19.528429191253
6.37728174603175,0.754409381635539,0.741483581710461,0.817448002808995,19.5289361840337
6.37738095238095,0.754342873798267,0.74148878112112,0.81705707525052,19.529443101324
6.37748015873016,0.754276371333121,0.74149395128478,0.816666333999074,19.5299499431462
6.37757936507937,0.754209874238747,0.74149909221702,0.816275778970225,19.5304567095225
6.37767857142857,0.754143382513797,0.741504203933408,0.815885410079569,19.5309634004753
6.37777777777778,0.754076896156932,0.741509286449503,0.81549522724273,19.5314700160268
6.37787698412698,0.754010415166821,0.741514339780859,0.815105230375359,19.5319765561993
6.37797619047619,0.753943939542141,0.74151936394302,0.814715419393133,19.5324830210149
6.3780753968254,0.753877469281577,0.741524358951521,0.814325794211756,19.5329894104961
6.3781746031746,0.753811004383823,0.74152932482189,0.813936354746959,19.5334957246648
6.37827380952381,0.753744544847578,0.741534261569646,0.813547100914503,19.5340019635435
6.37837301587302,0.753678090671552,0.741539169210302,0.813158032630171,19.5345081271543
6.37847222222222,0.753611641854463,0.74154404775936,0.812769149809777,19.5350142155193
6.37857142857143,0.753545198395035,0.741548897232316,0.812380452369161,19.5355202286609
6.37867063492063,0.753478760292002,0.741553717644656,0.811991940224189,19.536026166601
6.37876984126984,0.753412327544104,0.741558509011859,0.811603613290749,19.536532029362
6.37886904761905,0.753345900150092,0.741563271349396,0.811215471484773,19.537037816966
6.37896825396825,0.753279478108723,0.741568004672729,0.810827514722203,19.5375435294351
6.37906746031746,0.753213061418761,0.741572708997312,0.810439742919014,19.5380491667915
6.37916666666667,0.75314665007898,0.741577384338592,0.810052155991209,19.5385547290573
6.37926587301587,0.753080244088161,0.741582030712006,0.809664753854815,19.5390602162546
6.37936507936508,0.753013843445094,0.741586648132985,0.80927753642589,19.5395656284055
6.37946428571429,0.752947448148576,0.741591236616949,0.808890503620515,19.5400709655321
6.37956349206349,0.752881058197412,0.741595796179312,0.808503655354801,19.5405762276566
6.3796626984127,0.752814673590417,0.74160032683548,0.808116991544884,19.541081414801
6.3797619047619,0.752748294326411,0.741604828600849,0.80773051210693,19.5415865269873
6.37986111111111,0.752681920404224,0.741609301490809,0.807344216957128,19.5420915642377
6.37996031746032,0.752615551822694,0.74161374552074,0.806958106011698,19.5425965265742
6.38005952380952,0.752549188580665,0.741618160706015,0.806572179186883,19.5431014140188
6.38015873015873,0.752482830676993,0.741622547061999,0.806186436398957,19.5436062265935
6.38025793650794,0.752416478110536,0.741626904604046,0.805800877564214,19.5441109643205
6.38035714285714,0.752350130880168,0.741631233347507,0.805415502598989,19.5446156272217
6.38045634920635,0.752283788984764,0.74163553330772,0.805030311419632,19.545120215319
6.38055555555556,0.75221745242321,0.741639804500017,0.804645303942522,19.5456247286346
6.38065476190476,0.752151121194401,0.741644046939723,0.804260480084066,19.5461291671904
6.38075396825397,0.752084795297237,0.741648260642151,0.8038758397607,19.5466335310083
6.38085317460317,0.752018474730629,0.741652445622611,0.803491382888885,19.5471378201103
6.38095238095238,0.751952159493495,0.7416566018964,0.803107109385108,19.5476420345185
6.38105158730159,0.751885849584759,0.74166072947881,0.802723019165886,19.5481461742547
6.38115079365079,0.751819545003357,0.741664828385123,0.80233911214776,19.5486502393408
6.38125,0.75175324574823,0.741668898630614,0.801955388247302,19.5491542297989
6.38134920634921,0.751686951818328,0.74167294023055,0.801571847381106,19.5496581456508
6.38144841269841,0.751620663212609,0.741676953200189,0.801188489465797,19.5501619869184
6.38154761904762,0.751554379930038,0.741680937554781,0.800805314418025,19.5506657536236
6.38164682539682,0.751488101969591,0.741684893309567,0.800422322154468,19.5511694457884
6.38174603174603,0.751421829330249,0.741688820479782,0.80003951259183,19.5516730634345
6.38184523809524,0.751355562011,0.741692719080652,0.799656885646839,19.552176606584
6.38194444444444,0.751289300010846,0.741696589127393,0.799274441236263,19.5526800752585
6.38204365079365,0.751223043328791,0.741700430635215,0.798892179276883,19.55318346948
6.38214285714286,0.75115679196385,0.741704243619319,0.798510099685512,19.5536867892704
6.38224206349206,0.751090545915044,0.741708028094898,0.79812820237899,19.5541900346514
6.38234126984127,0.751024305181403,0.741711784077137,0.797746487274182,19.5546932056449
6.38244047619048,0.750958069761967,0.741715511581212,0.797364954287984,19.5551963022726
6.38253968253968,0.750891839655781,0.741719210622293,0.796983603337317,19.5556993245565
6.38263888888889,0.7508256148619,0.741722881215538,0.796602434339128,19.5562022725182
6.38273809523809,0.750759395379385,0.741726523376101,0.796221447210392,19.5567051461796
6.3828373015873,0.750693181207308,0.741730137119125,0.795840641868112,19.5572079455625
6.38293650793651,0.750626972344747,0.741733722459746,0.795460018229316,19.5577106706886
6.38303571428571,0.750560768790787,0.741737279413091,0.795079576211061,19.5582133215796
6.38313492063492,0.750494570544524,0.741740807994281,0.794699315730429,19.5587158982573
6.38323412698413,0.750428377605059,0.741744308218426,0.794319236704532,19.5592184007435
6.38333333333333,0.750362189971504,0.741747780100629,0.7939393390505,19.5597208290599
6.38343253968254,0.750296007642976,0.741751223655986,0.793559622685509,19.5602231832281
6.38353174603175,0.750229830618604,0.741754638899584,0.793180087526745,19.5607254632699
6.38363095238095,0.75016365889752,0.7417580258465,0.792800733491425,19.5612276692071
6.38373015873016,0.750097492478868,0.741761384511805,0.792421560496796,19.5617298010612
6.38382936507937,0.750031331361798,0.741764714910562,0.79204256846013,19.5622318588539
6.38392857142857,0.749965175545469,0.741768017057825,0.791663757298725,19.562733842607
6.38402777777778,0.749899025029048,0.74177129096864,0.791285126929909,19.5632357523421
6.38412698412698,0.749832879811709,0.741774536658044,0.790906677271036,19.5637375880808
6.38422619047619,0.749766739892634,0.741777754141067,0.790528408239484,19.5642393498448
6.3843253968254,0.749700605271016,0.741780943432731,0.790150319752663,19.5647410376557
6.3844246031746,0.749634475946052,0.741784104548049,0.789772411728006,19.5652426515352
6.38452380952381,0.749568351916949,0.741787237502026,0.789394684082976,19.5657441915047
6.38462301587302,0.749502233182923,0.741790342309658,0.78901713673506,19.5662456575861
6.38472222222222,0.749436119743195,0.741793418985936,0.788639769601775,19.5667470498007
6.38482142857143,0.749370011596997,0.741796467545839,0.788262582600657,19.5672483681703
6.38492063492064,0.749303908743568,0.74179948800434,0.787885575649288,19.5677496127163
6.38501984126984,0.749237811182155,0.741802480376403,0.787508748665259,19.5682507834604
6.38511904761905,0.749171718912014,0.741805444676985,0.787132101566193,19.5687518804241
6.38521825396825,0.749105631932405,0.741808380921033,0.786755634269741,19.5692529036289
6.38531746031746,0.749039550242602,0.741811289123486,0.786379346693581,19.5697538530965
6.38541666666667,0.748973473841883,0.741814169299278,0.786003238755419,19.5702547288482
6.38551587301587,0.748907402729535,0.741817021463331,0.785627310372985,19.5707555309057
6.38561507936508,0.748841336904853,0.741819845630561,0.785251561464039,19.5712562592903
6.38571428571429,0.74877527636714,0.741822641815874,0.784875991946368,19.5717569140237
6.38581349206349,0.748709221115708,0.741825410034169,0.784500601737783,19.5722574951274
6.3859126984127,0.748643171149875,0.741828150300339,0.784125390756125,19.5727580026227
6.3860119047619,0.748577126468969,0.741830862629264,0.783750358919261,19.5732584365311
6.38611111111111,0.748511087072326,0.74183354703582,0.783375506145085,19.5737587968742
6.38621031746032,0.748445052959288,0.741836203534873,0.783000832351519,19.5742590836733
6.38630952380952,0.748379024129206,0.741838832141281,0.782626337456504,19.5747592969499
6.38640873015873,0.748313000581441,0.741841432869894,0.782252021378028,19.5752594367255
6.38650793650794,0.748246982315359,0.741844005735553,0.781877884034087,19.5757595030214
6.38660714285714,0.748180969330337,0.741846550753093,0.78150392534271,19.576259495859
6.38670634920635,0.748114961625756,0.74184906793734,0.781130145221953,19.5767594152598
6.38680555555556,0.74804895920101,0.741851557303109,0.7807565435899,19.5772592612452
6.38690476190476,0.747982962055497,0.741854018865211,0.780383120364662,19.5777590338365
6.38700396825397,0.747916970188624,0.741856452638446,0.780009875464375,19.578258733055
6.38710317460317,0.747850983599808,0.741858858637608,0.779636808807204,19.5787583589223
6.38720238095238,0.747785002288472,0.74186123687748,0.779263920311341,19.5792579114595
6.38730158730159,0.747719026254047,0.74186358737284,0.778891209895003,19.5797573906881
6.38740079365079,0.747653055495973,0.741865910138455,0.778518677476438,19.5802567966294
6.3875,0.747587090013699,0.741868205189086,0.778146322973916,19.5807561293046
6.38759920634921,0.747521129806678,0.741870472539485,0.777774146305739,19.5812553887352
6.38769841269841,0.747455174874376,0.741872712204396,0.777402147390231,19.5817545749425
6.38779761904762,0.747389225216263,0.741874924198554,0.777030326145743,19.5822536879476
6.38789682539683,0.74732328083182,0.741877108536687,0.776658682490664,19.582752727772
6.38799603174603,0.747257341720535,0.741879265233514,0.776287216343398,19.5832516944368
6.38809523809524,0.747191407881903,0.741881394303746,0.775915927622379,19.5837505879634
6.38819444444444,0.747125479315427,0.741883495762086,0.775544816246069,19.584249408373
6.38829365079365,0.747059556020622,0.74188556962323,0.775173882132957,19.5847481556868
6.38839285714286,0.746993637997004,0.741887615901863,0.774803125201559,19.5852468299261
6.38849206349206,0.746927725244104,0.741889634612665,0.774432545370417,19.5857454311121
6.38859126984127,0.746861817761456,0.741891625770305,0.774062142558102,19.5862439592661
6.38869047619048,0.746795915548606,0.741893589389446,0.77369191668321,19.5867424144092
6.38878968253968,0.746730018605103,0.741895525484741,0.773321867664366,19.5872407965626
6.38888888888889,0.74666412693051,0.741897434070838,0.77295199542022,19.5877391057475
6.3889880952381,0.746598240524394,0.741899315162372,0.77258229986945,19.5882373419852
6.3890873015873,0.74653235938633,0.741901168773974,0.772212780930762,19.5887355052967
6.38918650793651,0.746466483515904,0.741902994920266,0.771843438522888,19.5892335957032
6.38928571428572,0.746400612912705,0.741904793615859,0.771474272564582,19.589731613226
6.38938492063492,0.746334747576338,0.74190656487536,0.77110528297464,19.590229557886
6.38948412698413,0.746268887506407,0.741908308713365,0.77073646967187,19.5907274297045
6.38958333333333,0.746203032702531,0.741910025144462,0.770367832575112,19.5912252287026
6.38968253968254,0.746137183164333,0.741911714183233,0.769999371603235,19.5917229549014
6.38978174603175,0.746071338891445,0.74191337584425,0.769631086675131,19.5922206083219
6.38988095238095,0.746005499883507,0.741915010142076,0.769262977709723,19.5927181889854
6.38998015873016,0.745939666140169,0.741916617091268,0.768895044625958,19.5932156969128
6.39007936507937,0.745873837661086,0.741918196706373,0.768527287342813,19.5937131321252
6.39017857142857,0.745808014445923,0.741919749001932,0.76815970577929,19.5942104946438
6.39027777777778,0.745742196494353,0.741921273992476,0.767792299854417,19.5947077844895
6.39037698412698,0.745676383806055,0.741922771692527,0.767425069487252,19.5952050016834
6.39047619047619,0.745610576380718,0.741924242116602,0.767058014596879,19.5957021462465
6.3905753968254,0.745544774218039,0.741925685279208,0.766691135102406,19.5961992181999
6.3906746031746,0.745478977317722,0.741927101194842,0.766324430922974,19.5966962175646
6.39077380952381,0.745413185679479,0.741928489877997,0.76595790197774,19.5971931443615
6.39087301587302,0.745347399303032,0.741929851343153,0.765591548185907,19.5976899986118
6.39097222222222,0.74528161818811,0.741931185604787,0.765225369466688,19.5981867803363
6.39107142857143,0.745215842334447,0.741932492677363,0.764859365739329,19.598683489556
6.39117063492063,0.745150071741791,0.741933772575341,0.764493536923103,19.599180126292
6.39126984126984,0.745084306409892,0.741935025313168,0.764127882937309,19.5996766905651
6.39136904761905,0.745018546338512,0.741936250905289,0.763762403701275,19.6001731823964
6.39146825396825,0.74495279152742,0.741937449366135,0.763397099134354,19.6006696018067
6.39156746031746,0.744887041976392,0.741938620710133,0.763031969155927,19.601165948817
6.39166666666667,0.744821297685214,0.741939764951699,0.762667013685402,19.6016622234482
6.39176587301587,0.744755558653677,0.741940882105243,0.762302232642215,19.6021584257212
6.39186507936508,0.744689824881583,0.741941972185165,0.761937625945826,19.602654555657
6.39196428571428,0.744624096368741,0.741943035205858,0.761573193515725,19.6031506132763
6.39206349206349,0.744558373114967,0.741944071181706,0.761208935271429,19.6036465986002
6.3921626984127,0.744492655120088,0.741945080127087,0.760844851132479,19.6041425116494
6.3922619047619,0.744426942383933,0.741946062056368,0.760480941018442,19.6046383524448
6.39236111111111,0.744361234906348,0.741947016983908,0.760117204848924,19.6051341210073
6.39246031746032,0.744295532687179,0.741947944924061,0.759753642543545,19.6056298173577
6.39255952380952,0.744229835726284,0.74194884589117,0.759390254021956,19.6061254415169
6.39265873015873,0.744164144023528,0.741949719899569,0.759027039203834,19.6066209935057
6.39275793650794,0.744098457578784,0.741950566963588,0.758663998008886,19.6071164733448
6.39285714285714,0.744032776391933,0.741951387097544,0.758301130356844,19.6076118810552
6.39295634920635,0.743967100462864,0.741952180315749,0.757938436167466,19.6081072166575
6.39305555555556,0.743901429791475,0.741952946632505,0.75757591536054,19.6086024801726
6.39315476190476,0.74383576437767,0.741953686062108,0.757213567855879,19.6090976716213
6.39325396825397,0.743770104221364,0.741954398618844,0.756851393573323,19.6095927910243
6.39335317460317,0.743704449322476,0.741955084316991,0.756489392432739,19.6100878384024
6.39345238095238,0.743638799680938,0.741955743170819,0.756127564354023,19.6105828137763
6.39355158730159,0.743573155296685,0.741956375194591,0.755765909257095,19.6110777171667
6.39365079365079,0.743507516169664,0.741956980402561,0.755404427061905,19.6115725485945
6.39375,0.743441882299826,0.741957558808973,0.755043117688422,19.6120673080802
6.39384920634921,0.743376253687136,0.741958110428066,0.75468198105666,19.6125619956447
6.39394841269841,0.743310630331561,0.741958635274069,0.754321017086643,19.6130566113085
6.39404761904762,0.743245012233079,0.741959133361203,0.753960225698428,19.6135511550925
6.39414682539683,0.743179399391676,0.741959604703681,0.753599606812099,19.6140456270173
6.39424603174603,0.743113791807345,0.741960049315708,0.753239160347766,19.6145400271035
6.39434523809524,0.743048189480088,0.741960467211481,0.752878886225567,19.6150343553718
6.39444444444444,0.742982592409914,0.741960858405189,0.752518784365666,19.6155286118429
6.39454365079365,0.742917000596841,0.741961222911011,0.752158854688257,19.6160227965374
6.39464285714286,0.742851414040894,0.74196156074312,0.751799097113558,19.6165169094759
6.39474206349206,0.742785832742108,0.74196187191568,0.751439511561814,19.6170109506791
6.39484126984127,0.742720256700524,0.741962156442847,0.751080097953298,19.6175049201676
6.39494047619048,0.742654685916191,0.741962414338768,0.750720856208311,19.6179988179619
6.39503968253968,0.742589120389168,0.741962645617584,0.75036178624718,19.6184926440827
6.39513888888889,0.74252356011952,0.741962850293424,0.750002887990258,19.6189863985506
6.3952380952381,0.742458005107321,0.741963028380414,0.749644161357923,19.6194800813861
6.3953373015873,0.742392455352653,0.741963179892667,0.74928560627059,19.6199736926097
6.39543650793651,0.742326910855606,0.741963304844291,0.748927222648692,19.6204672322422
6.39553571428571,0.742261371616277,0.741963403249384,0.74856901041269,19.6209607003039
6.39563492063492,0.742195837634773,0.741963475122037,0.748210969483074,19.6214540968154
6.39573412698413,0.742130308911208,0.741963520476332,0.747853099780359,19.6219474217973
6.39583333333333,0.742064785445703,0.741963539326344,0.747495401225088,19.6224406752701
6.39593253968254,0.741999267238389,0.741963531686138,0.747137873737833,19.6229338572542
6.39603174603175,0.741933754289404,0.741963497569772,0.746780517239191,19.6234269677702
6.39613095238095,0.741868246598893,0.741963436991297,0.746423331649785,19.6239200068386
6.39623015873016,0.741802744167011,0.741963349964753,0.746066316890268,19.6244129744798
6.39632936507936,0.741737246993919,0.741963236504174,0.745709472881318,19.6249058707144
6.39642857142857,0.741671755079789,0.741963096623586,0.745352799543639,19.6253986955627
6.39652777777778,0.741606268424798,0.741962930337005,0.744996296797966,19.6258914490452
6.39662698412698,0.741540787029132,0.74196273765844,0.744639964565056,19.6263841311823
6.39672619047619,0.741475310892986,0.741962518601892,0.744283802765693,19.6268767419946
6.3968253968254,0.741409840016562,0.741962273181354,0.743927811320699,19.6273692815024
6.3969246031746,0.74134437440007,0.741962001410809,0.74357199015091,19.6278617497261
6.39702380952381,0.741278914043728,0.741961703304235,0.743216339177193,19.6283541466861
6.39712301587302,0.741213458947764,0.741961378875598,0.742860858320444,19.6288464724028
6.39722222222222,0.741148009112411,0.74196102813886,0.742505547501584,19.6293387268966
6.39732142857143,0.741082564537911,0.741960651107972,0.742150406641562,19.6298309101879
6.39742063492063,0.741017125224515,0.741960247796877,0.741795435661354,19.630323022297
6.39751984126984,0.740951691172482,0.74195981821951,0.741440634481962,19.6308150632443
6.39761904761905,0.740886262382078,0.7419593623898,0.741086003024417,19.6313070330501
6.39771825396825,0.740820838853578,0.741958880321665,0.740731541209775,19.6317989317348
6.39781746031746,0.740755420587264,0.741958372029015,0.74037724895912,19.6322907593186
6.39791666666667,0.740690007583426,0.741957837525755,0.740023126193563,19.632782515822
6.39801587301587,0.740624599842363,0.741957276825777,0.739669172834242,19.6332742012651
6.39811507936508,0.740559197364382,0.74195668994297,0.739315388802322,19.6337658156684
6.39821428571429,0.740493800149797,0.74195607689121,0.738961774018991,19.6342573590521
6.39831349206349,0.740428408198932,0.741955437684368,0.738608328405477,19.6347488314364
6.3984126984127,0.740363021512117,0.741954772336306,0.738255051883021,19.6352402328416
6.39851190476191,0.74029764008969,0.741954080860877,0.737901944372896,19.6357315632881
6.39861111111111,0.740232263931999,0.741953363271928,0.737549005796404,19.6362228227959
6.39871031746032,0.740166893039397,0.741952619583295,0.73719623607487,19.6367140113855
6.39880952380952,0.740101527412249,0.741951849808808,0.73684363512965,19.6372051290769
6.39890873015873,0.740036167050925,0.741951053962288,0.736491202882124,19.6376961758905
6.39900793650794,0.739970811955803,0.741950232057548,0.7361389392537,19.6381871518464
6.39910714285714,0.739905462127271,0.741949384108392,0.735786844165815,19.6386780569648
6.39920634920635,0.739840117565724,0.741948510128617,0.73543491753993,19.639168891266
6.39930555555556,0.739774778271563,0.741947610132012,0.735083159297535,19.63965965477
6.39940476190476,0.739709444245202,0.741946684132357,0.734731569360146,19.6401503474971
6.39950396825397,0.739644115487058,0.741945732143423,0.734380147649307,19.6406409694675
6.39960317460317,0.739578791997558,0.741944754178975,0.734028894086589,19.6411315207012
6.39970238095238,0.739513473777137,0.741943750252769,0.733677808593583,19.6416220012185
6.39980158730159,0.739448160826239,0.741942720378552,0.733326891091925,19.6421124110394
6.39990079365079,0.739382853145316,0.741941664570063,0.73297614150326,19.6426027501841
6.4,0.739317550734825,0.741940582841034,0.732625559749268,19.6430930186728
6.40009920634921,0.739252253595234,0.741939475205188,0.732275145751654,19.6435832165254
6.40019841269841,0.739186961727019,0.741938341676239,0.731924899432152,19.6440733437621
6.40029761904762,0.739121675130662,0.741937182267895,0.73157482071252,19.6445634004029
6.40039682539683,0.739056393806655,0.741935996993854,0.731224909514545,19.645053386468
6.40049603174603,0.738991117755498,0.741934785867807,0.730875165760042,19.6455433019775
6.40059523809524,0.738925846977696,0.741933548903435,0.73052558937085,19.6460331469513
6.40069444444444,0.738860581473767,0.741932286114413,0.730176180268839,19.6465229214096
6.40079365079365,0.738795321244232,0.741930997514407,0.729826938375902,19.6470126253722
6.40089285714286,0.738730066289624,0.741929683117074,0.729477863613963,19.6475022588594
6.40099206349206,0.738664816610482,0.741928342936065,0.729128955904968,19.6479918218911
6.40109126984127,0.738599572207354,0.74192697698502,0.728780215170896,19.6484813144873
6.40119047619048,0.738534333080793,0.741925585277572,0.728431641333743,19.648970736668
6.40128968253968,0.738469099231366,0.741924167827348,0.72808323431555,19.6494600884532
6.40138888888889,0.738403870659643,0.741922724647963,0.727734994038369,19.6499493698628
6.4014880952381,0.738338647366203,0.741921255753027,0.727386920424284,19.6504385809169
6.4015873015873,0.738273429351634,0.74191976115614,0.727039013395405,19.6509277216354
6.40168650793651,0.738208216616532,0.741918240870895,0.726691272873872,19.6514167920383
6.40178571428571,0.738143009161501,0.741916694910875,0.72634369878185,19.6519057921454
6.40188492063492,0.738077806987152,0.741915123289658,0.72599629104153,19.6523947219768
6.40198412698413,0.738012610094104,0.74191352602081,0.725649049575132,19.6528835815523
6.40208333333333,0.737947418482986,0.741911903117892,0.725301974304903,19.6533723708919
6.40218253968254,0.737882232154433,0.741910254594455,0.724955065153115,19.6538610900155
6.40228174603175,0.737817051109089,0.741908580464043,0.724608322042069,19.6543497389428
6.40238095238095,0.737751875347606,0.74190688074019,0.724261744894092,19.654838317694
6.40248015873016,0.737686704870644,0.741905155436425,0.723915333631539,19.6553268262887
6.40257936507936,0.73762153967887,0.741903404566265,0.723569088176792,19.6558152647469
6.40267857142857,0.73755637977296,0.741901628143223,0.723223008452254,19.6563036330884
6.40277777777778,0.7374912251536,0.741899826180799,0.72287709438037,19.6567919313331
6.40287698412698,0.737426075821479,0.74189799869249,0.722531345883598,19.6572801595008
6.40297619047619,0.737360931777299,0.74189614569178,0.722185762884427,19.6577683176113
6.4030753968254,0.737295793021768,0.741894267192149,0.721840345305374,19.6582564056845
6.4031746031746,0.737230659555601,0.741892363207065,0.721495093068984,19.6587444237401
6.40327380952381,0.737165531379522,0.741890433749992,0.721150006097825,19.659232371798
6.40337301587302,0.737100408494264,0.741888478834382,0.720805084314497,19.6597202498779
6.40347222222222,0.737035290900566,0.74188649847368,0.720460327641624,19.6602080579996
6.40357142857143,0.736970178599178,0.741884492681326,0.720115736001858,19.6606957961829
6.40367063492063,0.736905071590854,0.741882461470746,0.719771309317878,19.6611834644476
6.40376984126984,0.73683996987636,0.741880404855362,0.719427047512388,19.6616710628133
6.40386904761905,0.736774873456467,0.741878322848588,0.719082950508124,19.6621585912998
6.40396825396825,0.736709782331956,0.741876215463827,0.718739018227843,19.6626460499269
6.40406746031746,0.736644696503615,0.741874082714476,0.718395250594334,19.6631334387143
6.40416666666667,0.736579615972239,0.741871924613923,0.718051647530405,19.6636207576817
6.40426587301587,0.736514540738635,0.741869741175549,0.717708208958907,19.6641080068487
6.40436507936508,0.736449470803614,0.741867532412725,0.717364934802704,19.6645951862352
6.40446428571429,0.736384406167996,0.741865298338816,0.71702182498469,19.6650822958606
6.40456349206349,0.73631934683261,0.741863038967176,0.716678879427787,19.6655693357448
6.4046626984127,0.736254292798293,0.741860754311154,0.716336098054945,19.6660563059074
6.40476190476191,0.736189244065888,0.741858444384088,0.71599348078914,19.6665432063681
6.40486111111111,0.736124200636249,0.741856109199309,0.715651027553375,19.6670300371464
6.40496031746032,0.736059162510236,0.741853748770142,0.71530873827068,19.667516798262
6.40505952380952,0.735994129688717,0.741851363109899,0.714966612864112,19.6680034897346
6.40515873015873,0.735929102172569,0.741848952231889,0.714624651256757,19.6684901115837
6.40525793650794,0.735864079962676,0.741846516149409,0.714282853371724,19.668976663829
6.40535714285714,0.735799063059932,0.74184405487575,0.713941219132154,19.6694631464901
6.40545634920635,0.735734051465237,0.741841568424194,0.71359974846121,19.6699495595865
6.40555555555556,0.7356690451795,0.741839056808014,0.713258441282086,19.6704359031378
6.40565476190476,0.735604044203636,0.741836520040477,0.712917297517995,19.6709221771636
6.40575396825397,0.735539048538572,0.741833958134841,0.712576317092195,19.6714083816834
6.40585317460318,0.735474058185241,0.741831371104354,0.712235499927954,19.6718945167168
6.40595238095238,0.735409073144582,0.741828758962258,0.711894845948572,19.6723805822834
6.40605158730159,0.735344093417544,0.741826121721786,0.711554355077378,19.6728665784026
6.40615079365079,0.735279119005085,0.741823459396163,0.711214027237725,19.6733525050939
6.40625,0.73521414990817,0.741820771998606,0.710873862352995,19.6738383623769
6.40634920634921,0.735149186127771,0.741818059542324,0.710533860346597,19.6743241502712
6.40644841269841,0.735084227664869,0.741815322040517,0.710194021141968,19.674809868796
6.40654761904762,0.735019274520453,0.741812559506377,0.709854344662568,19.675295517971
6.40664682539682,0.734954326695521,0.741809771953088,0.70951483083189,19.6757810978157
6.40674603174603,0.734889384191077,0.741806959393827,0.709175479573448,19.6762666083494
6.40684523809524,0.734824447008134,0.74180412184176,0.708836290810787,19.6767520495916
6.40694444444444,0.734759515147714,0.741801259310049,0.708497264467479,19.6772374215618
6.40704365079365,0.734694588610845,0.741798371811844,0.70815840046712,19.6777227242794
6.40714285714286,0.734629667398565,0.741795459360288,0.707819698733331,19.6782079577638
6.40724206349206,0.734564751511919,0.741792521968518,0.707481159189774,19.6786931220345
6.40734126984127,0.73449984095196,0.741789559649658,0.707142781760122,19.6791782171108
6.40744047619048,0.73443493571975,0.74178657241683,0.706804566368082,19.6796632430121
6.40753968253968,0.734370035816357,0.741783560283142,0.706466512937388,19.6801481997578
6.40763888888889,0.734305141242859,0.741780523261698,0.706128621391798,19.6806330873673
6.40773809523809,0.734240252000341,0.741777461365592,0.7057908916551,19.68111790586
6.4078373015873,0.734175368089897,0.74177437460791,0.705453323651109,19.6816026552551
6.40793650793651,0.734110489512628,0.74177126300173,0.705115917303665,19.6820873355721
6.40803571428571,0.734045616269644,0.741768126560122,0.704778672536638,19.6825719468303
6.40813492063492,0.733980748362061,0.741764965296147,0.704441589273921,19.6830564890491
6.40823412698413,0.733915885791005,0.741761779222859,0.704104667439438,19.6835409622476
6.40833333333333,0.73385102855761,0.741758568353303,0.703767906957137,19.6840253664453
6.40843253968254,0.733786176663017,0.741755332700517,0.703431307750996,19.6845097016614
6.40853174603175,0.733721330108376,0.741752072277529,0.703094869745017,19.6849939679152
6.40863095238095,0.733656488894844,0.741748787097361,0.702758592863226,19.6854781652261
6.40873015873016,0.733591653023587,0.741745477173024,0.702422477029691,19.6859622936131
6.40882936507937,0.733526822495779,0.741742142517523,0.70208652216849,19.6864463530958
6.40892857142857,0.733461997312601,0.741738783143855,0.701750728203736,19.6869303436932
6.40902777777778,0.733397177475243,0.741735399065008,0.701415095059567,19.6874142654246
6.40912698412698,0.733332362984903,0.741731990293962,0.701079622660149,19.6878981183092
6.40922619047619,0.733267553842785,0.741728556843688,0.700744310929673,19.6883819023663
6.4093253968254,0.733202750050105,0.741725098727151,0.700409159792361,19.6888656176151
6.4094246031746,0.733137951608084,0.741721615957305,0.700074169172459,19.6893492640748
6.40952380952381,0.733073158517952,0.741718108547098,0.699739338994239,19.6898328417645
6.40962301587302,0.733008370780946,0.74171457650947,0.699404669182004,19.6903163507035
6.40972222222222,0.732943588398312,0.74171101985735,0.699070159660081,19.6907997909109
6.40982142857143,0.732878811371305,0.741707438603663,0.698735810352824,19.6912831624059
6.40992063492063,0.732814039701186,0.741703832761322,0.698401621184616,19.6917664652076
6.41001984126984,0.732749273389225,0.741700202343235,0.698067592079866,19.6922496993352
6.41011904761905,0.732684512436699,0.741696547362298,0.697733722963004,19.6927328648078
6.41021825396825,0.732619756844897,0.741692867831404,0.697400013758503,19.6932159616446
6.41031746031746,0.732555006615111,0.741689163763433,0.697066464390849,19.6936989898646
6.41041666666667,0.732490261748643,0.74168543517126,0.696733074784558,19.694181949487
6.41051587301587,0.732425522246803,0.741681682067749,0.696399844864174,19.6946648405308
6.41061507936508,0.73236078811091,0.74167790446576,0.696066774554269,19.6951476630151
6.41071428571429,0.73229605934229,0.74167410237814,0.69573386377944,19.6956304169591
6.41081349206349,0.732231335942276,0.741670275817731,0.695401112464313,19.6961131023818
6.4109126984127,0.732166617912211,0.741666424797367,0.69506852053354,19.6965957193022
6.4110119047619,0.732101905253446,0.741662549329871,0.694736087911801,19.6970782677394
6.41111111111111,0.732037197967338,0.741658649428061,0.6944038145238,19.6975607477124
6.41121031746032,0.731972496055254,0.741654725104745,0.694071700294272,19.6980431592403
6.41130952380952,0.731907799518569,0.741650776372723,0.693739745147978,19.6985255023421
6.41140873015873,0.731843108358664,0.741646803244788,0.693407949009703,19.6990077770367
6.41150793650794,0.731778422576929,0.741642805733724,0.693076311804263,19.6994899833432
6.41160714285714,0.731713742174763,0.741638783852306,0.692744833456495,19.6999721212806
6.41170634920635,0.731649067153573,0.741634737613302,0.692413513891275,19.7004541908678
6.41180555555556,0.731584397514774,0.741630667029472,0.692082353033496,19.7009361921239
6.41190476190476,0.731519733259787,0.741626572113567,0.691751350808079,19.7014181250677
6.41200396825397,0.731455074390044,0.74162245287833,0.691420507139975,19.7018999897183
6.41210317460317,0.731390420906982,0.741618309336496,0.691089821954158,19.7023817860946
6.41220238095238,0.731325772812048,0.741614141500791,0.690759295175635,19.7028635142155
6.41230158730159,0.731261130106697,0.741609949383936,0.690428926729433,19.7033451740999
6.41240079365079,0.731196492792392,0.74160573299864,0.690098716540613,19.7038267657667
6.4125,0.731131860870603,0.741601492357605,0.689768664534257,19.7043082892349
6.41259920634921,0.731067234342808,0.741597227473526,0.689438770635479,19.7047897445233
6.41269841269841,0.731002613210495,0.741592938359088,0.689109034769416,19.7052711316509
6.41279761904762,0.730937997475159,0.74158862502697,0.688779456861234,19.7057524506365
6.41289682539682,0.730873387138301,0.741584287489841,0.688450036836127,19.7062337014989
6.41299603174603,0.730808782201433,0.741579925760363,0.688120774619314,19.7067148842571
6.41309523809524,0.730744182666073,0.741575539851189,0.687791670136037,19.7071959989298
6.41319444444444,0.730679588533749,0.741571129774964,0.68746272331158,19.7076770455359
6.41329365079365,0.730614999805995,0.741566695544325,0.687133934071239,19.7081580240943
6.41339285714286,0.730550416484355,0.741562237171902,0.686805302340342,19.7086389346237
6.41349206349206,0.730485838570378,0.741557754670314,0.686476828044243,19.709119777143
6.41359126984127,0.730421266065625,0.741553248052175,0.686148511108326,19.7096005516709
6.41369047619048,0.730356698971662,0.741548717330088,0.685820351457998,19.7100812582263
6.41378968253968,0.730292137290064,0.74154416251665,0.685492349018697,19.7105618968279
6.41388888888889,0.730227581022414,0.741539583624449,0.685164503715885,19.7110424674944
6.41398809523809,0.730163030170304,0.741534980666064,0.684836815475052,19.7115229702448
6.4140873015873,0.730098484735331,0.741530353654068,0.684509284221717,19.7120034050976
6.41418650793651,0.730033944719104,0.741525702601024,0.684181909881422,19.7124837720716
6.41428571428571,0.729969410123238,0.741521027519487,0.683854692379739,19.7129640711857
6.41438492063492,0.729904880949355,0.741516328422005,0.683527631642267,19.7134443024584
6.41448412698413,0.729840357199087,0.741511605321116,0.68320072759463,19.7139244659085
6.41458333333333,0.729775838874073,0.741506858229351,0.682873980162478,19.7144045615548
6.41468253968254,0.729711325975961,0.741502087159234,0.682547389271497,19.7148845894158
6.41478174603175,0.729646818506405,0.741497292123278,0.682220954847391,19.7153645495103
6.41488095238095,0.72958231646707,0.74149247313399,0.681894676815892,19.715844441857
6.41498015873016,0.729517819859626,0.741487630203868,0.681568555102761,19.7163242664745
6.41507936507937,0.729453328685753,0.741482763345402,0.681242589633786,19.7168040233814
6.41517857142857,0.729388842947138,0.741477872571074,0.680916780334781,19.7172837125965
6.41527777777778,0.729324362645477,0.741472957893358,0.680591127131588,19.7177633341383
6.41537698412698,0.729259887782472,0.74146801932472,0.680265629950075,19.7182428880255
6.41547619047619,0.729195418359836,0.741463056877615,0.679940288716138,19.7187223742766
6.4155753968254,0.729130954379288,0.741458070564495,0.6796151033557,19.7192017929104
6.4156746031746,0.729066495842556,0.741453060397799,0.67929007379471,19.7196811439454
6.41577380952381,0.729002042751375,0.741448026389961,0.678965199959145,19.7201604274001
6.41587301587302,0.728937595107489,0.741442968553406,0.67864048177501,19.7206396432932
6.41597222222222,0.728873152912649,0.741437886900549,0.678315919168334,19.7211187916432
6.41607142857143,0.728808716168614,0.7414327814438,0.677991512065172,19.7215978724687
6.41617063492064,0.728744284877154,0.741427652195558,0.677667260391616,19.7220768857883
6.41626984126984,0.728679859040043,0.741422499168216,0.677343164073775,19.7225558316204
6.41636904761905,0.728615438659065,0.741417322374157,0.677019223037788,19.7230347099836
6.41646825396825,0.728551023736012,0.741412121825757,0.67669543720982,19.7235135208964
6.41656746031746,0.728486614272684,0.741406897535384,0.676371806516064,19.7239922643773
6.41666666666667,0.728422210270888,0.741401649515397,0.676048330882741,19.7244709404449
6.41676587301587,0.728357811732441,0.741396377778147,0.675725010236098,19.7249495491176
6.41686507936508,0.728293418659166,0.741391082335977,0.675401844502408,19.7254280904138
6.41696428571429,0.728229031052895,0.741385763201223,0.675078833607973,19.7259065643522
6.41706349206349,0.728164648915468,0.74138042038621,0.674755977479121,19.726384970951
6.4171626984127,0.728100272248733,0.741375053903258,0.674433276042208,19.7268633102289
6.4172619047619,0.728035901054546,0.741369663764677,0.674110729223615,19.7273415822042
6.41736111111111,0.727971535334771,0.741364249982769,0.673788336949751,19.7278197868953
6.41746031746032,0.72790717509128,0.741358812569827,0.673466099147054,19.7282979243208
6.41755952380952,0.727842820325953,0.741353351538139,0.673144015741982,19.7287759944989
6.41765873015873,0.727778471040678,0.741347866899981,0.672822086661034,19.7292539974481
6.41775793650794,0.727714127237352,0.741342358667624,0.672500311830723,19.7297319331868
6.41785714285714,0.727649788917878,0.741336826853328,0.672178691177593,19.7302098017334
6.41795634920635,0.727585456084169,0.741331271469347,0.671857224628217,19.7306876031063
6.41805555555556,0.727521128738144,0.741325692527925,0.671535912109193,19.7311653373238
6.41815476190476,0.727456806881733,0.741320090041301,0.671214753547145,19.7316430044042
6.41825396825397,0.727392490516871,0.741314464021701,0.670893748868727,19.732120604366
6.41835317460317,0.727328179645503,0.741308814481348,0.670572898000619,19.7325981372274
6.41845238095238,0.727263874269581,0.741303141432453,0.670252200869526,19.7330756030069
6.41855158730159,0.727199574391065,0.741297444887221,0.669931657402184,19.7335530017226
6.41865079365079,0.727135280011923,0.741291724857848,0.669611267525351,19.7340303333929
6.41875,0.727070991134133,0.741285981356521,0.669291031165816,19.7345075980362
6.41884920634921,0.727006707759678,0.74128021439542,0.668970948250394,19.7349847956707
6.41894841269841,0.726942429890551,0.741274423986717,0.668651018705927,19.7354619263146
6.41904761904762,0.726878157528752,0.741268610142576,0.668331242459279,19.7359389899863
6.41914682539683,0.726813890676291,0.74126277287515,0.668011619437354,19.736415986704
6.41924603174603,0.726749629335183,0.741256912196589,0.667692149567072,19.736892916486
6.41934523809524,0.726685373507453,0.741251028119029,0.667372832775381,19.7373697793505
6.41944444444444,0.726621123195133,0.741245120654603,0.66705366898926,19.7378465753157
6.41954365079365,0.726556878400266,0.741239189815433,0.666734658135711,19.7383233043998
6.41964285714286,0.726492639124897,0.741233235613632,0.666415800141767,19.7387999666212
6.41974206349206,0.726428405371086,0.741227258061308,0.666097094934484,19.7392765619979
6.41984126984127,0.726364177140896,0.741221257170558,0.665778542440949,19.7397530905481
6.41994047619048,0.7262999544364,0.741215232953473,0.665460142588273,19.7402295522902
6.42003968253968,0.726235737259678,0.741209185422134,0.665141895303595,19.7407059472421
6.42013888888889,0.726171525612821,0.741203114588614,0.664823800514083,19.7411822754221
6.4202380952381,0.726107319497923,0.741197020464979,0.664505858146927,19.7416585368484
6.4203373015873,0.726043118917091,0.741190903063286,0.66418806812935,19.742134731539
6.42043650793651,0.725978923872437,0.741184762395585,0.663870430388598,19.7426108595122
6.42053571428572,0.725914734366081,0.741178598473916,0.663552944851942,19.743086920786
6.42063492063492,0.725850550400154,0.741172411310311,0.66323561144669,19.7435629153786
6.42073412698413,0.725786371976792,0.741166200916796,0.662918430100168,19.7440388433081
6.42083333333333,0.72572219909814,0.741159967305388,0.662601400739731,19.7445147045925
6.42093253968254,0.725658031766351,0.741153710488093,0.662284523292761,19.7449904992499
6.42103174603175,0.725593869983585,0.741147430476912,0.661967797686668,19.7454662272985
6.42113095238095,0.725529713752013,0.741141127283838,0.661651223848888,19.7459418887563
6.42123015873016,0.725465563073811,0.741134800920853,0.661334801706884,19.7464174836414
6.42132936507937,0.725401417951164,0.741128451399934,0.661018531188148,19.7468930119717
6.42142857142857,0.725337278386265,0.741122078733048,0.660702412220197,19.7473684737655
6.42152777777778,0.725273144381316,0.741115682932154,0.660386444730575,19.7478438690405
6.42162698412698,0.725209015938525,0.741109264009203,0.660070628646854,19.748319197815
6.42172619047619,0.725144893060111,0.741102821976138,0.659754963896633,19.7487944601069
6.4218253968254,0.725080775748298,0.741096356844893,0.659439450407538,19.7492696559342
6.4219246031746,0.725016664005319,0.741089868627397,0.659124088107221,19.7497447853149
6.42202380952381,0.724952557833416,0.741083357335566,0.658808876923358,19.750219848267
6.42212301587302,0.724888457234838,0.741076822981311,0.658493816783664,19.7506948448084
6.42222222222222,0.724824362211843,0.741070265576534,0.658178907615869,19.7511697749571
6.42232142857143,0.724760272766696,0.741063685133129,0.657864149347733,19.7516446387312
6.42242063492063,0.724696188901671,0.741057081662982,0.657549541907045,19.7521194361484
6.42251984126984,0.724632110619048,0.741050455177971,0.65723508522162,19.7525941672267
6.42261904761905,0.724568037921118,0.741043805689964,0.656920779219299,19.7530688319842
6.42271825396825,0.724503970810177,0.741037133210824,0.656606623827952,19.7535434304386
6.42281746031746,0.724439909288532,0.741030437752402,0.656292618975475,19.7540179626079
6.42291666666667,0.724375853358496,0.741023719326545,0.65597876458979,19.75449242851
6.42301587301587,0.72431180302239,0.741016977945088,0.655665060598848,19.7549668281628
6.42311507936508,0.724247758282545,0.741010213619861,0.655351506930626,19.7554411615841
6.42321428571428,0.724183719141297,0.741003426362684,0.655038103513128,19.7559154287918
6.42331349206349,0.724119685600993,0.740996616185369,0.654724850274385,19.7563896298038
6.4234126984127,0.724055657663986,0.74098978309972,0.654411747142456,19.7568637646379
6.4235119047619,0.723991635332637,0.740982927117533,0.654098794045422,19.757337833312
6.42361111111111,0.723927618609318,0.740976048250596,0.653785990911403,19.7578118358439
6.42371031746032,0.723863607496405,0.740969146510688,0.653473337668535,19.7582857722513
6.42380952380952,0.723799601996285,0.740962221909581,0.653160834244983,19.7587596425522
6.42390873015873,0.72373560211135,0.740955274459039,0.652848480568942,19.7592334467642
6.42400793650794,0.723671607844004,0.740948304170816,0.652536276568632,19.7597071849053
6.42410714285714,0.723607619196656,0.740941311056659,0.652224222172299,19.7601808569932
6.42420634920635,0.723543636171723,0.740934295128306,0.65191231730822,19.7606544630456
6.42430555555556,0.723479658771633,0.74092725639749,0.651600561904695,19.7611280030803
6.42440476190476,0.723415686998818,0.740920194875931,0.651288955890052,19.7616014771151
6.42450396825397,0.723351720855721,0.740913110575345,0.650977499192648,19.7620748851677
6.42460317460317,0.723287760344791,0.740906003507437,0.650666191740865,19.7625482272558
6.42470238095238,0.723223805468488,0.740898873683905,0.650355033463113,19.7630215033971
6.42480158730159,0.723159856229277,0.740891721116439,0.650044024287828,19.7634947136095
6.42490079365079,0.723095912629632,0.740884545816721,0.649733164143474,19.7639678579105
6.425,0.723031974672034,0.740877347796424,0.649422452958538,19.7644409363179
6.42509920634921,0.722968042358975,0.740870127067213,0.649111890661545,19.7649139488494
6.42519841269841,0.722904115692953,0.740862883640746,0.648801477181038,19.7653868955225
6.42529761904762,0.722840194676475,0.740855617528671,0.648491212445586,19.7658597763551
6.42539682539683,0.722776279312053,0.74084832874263,0.64818109638379,19.7663325913647
6.42549603174603,0.722712369602211,0.740841017294254,0.647871128924275,19.766805340569
6.42559523809524,0.722648465549478,0.740833683195168,0.647561309995694,19.7672780239857
6.42569444444444,0.722584567156394,0.740826326456989,0.647251639526728,19.7677506416323
6.42579365079365,0.722520674425503,0.740818947091324,0.646942117446082,19.7682231935264
6.42589285714286,0.722456787359362,0.740811545109774,0.646632743682491,19.7686956796858
6.42599206349206,0.722392905960533,0.74080412052393,0.646323518164717,19.7691681001279
6.42609126984127,0.722329030231585,0.740796673345376,0.646014440821547,19.7696404548704
6.42619047619048,0.722265160175097,0.740789203585688,0.645705511581797,19.7701127439308
6.42628968253968,0.722201295793656,0.740781711256432,0.645396730374308,19.7705849673268
6.42638888888889,0.722137437089856,0.740774196369168,0.645088097127951,19.7710571250758
6.4264880952381,0.722073584066299,0.740766658935447,0.644779611771616,19.7715292171954
6.4265873015873,0.722009736725598,0.740759098966811,0.644471274234236,19.7720012437032
6.42668650793651,0.72194589507037,0.740751516474795,0.644163084444757,19.7724732046167
6.42678571428571,0.721882059103241,0.740743911470926,0.643855042332155,19.7729450999534
6.42688492063492,0.721818228826847,0.740736283966722,0.643547147825436,19.7734169297309
6.42698412698413,0.72175440424383,0.740728633973692,0.643239400853631,19.7738886939665
6.42708333333333,0.72169058535684,0.74072096150334,0.642931801345799,19.7743603926779
6.42718253968254,0.721626772168538,0.740713266567158,0.642624349231024,19.7748320258825
6.42728174603175,0.721562964681589,0.740705549176633,0.642317044438419,19.7753035935977
6.42738095238095,0.721499162898668,0.740697809343241,0.642009886897124,19.7757750958411
6.42748015873016,0.721435366822458,0.740690047078453,0.641702876536306,19.7762465326301
6.42757936507936,0.72137157645565,0.740682262393728,0.641396013285157,19.7767179039821
6.42767857142857,0.721307791800943,0.740674455300521,0.641089297072899,19.7771892099146
6.42777777777778,0.721244012861043,0.740666625810276,0.640782727828779,19.777660450445
6.42787698412698,0.721180239638666,0.740658773934429,0.640476305482073,19.7781316255907
6.42797619047619,0.721116472136534,0.740650899684409,0.640170029962076,19.7786027353691
6.4280753968254,0.72105271035738,0.740643003071637,0.639863901198128,19.7790737797977
6.4281746031746,0.720988954303941,0.740635084107524,0.639557919119578,19.7795447588937
6.42827380952381,0.720925203978966,0.740627142803474,0.639252083655811,19.7800156726746
6.42837301587302,0.720861459385208,0.740619179170883,0.638946394736235,19.7804865211577
6.42847222222222,0.720797720525431,0.74061119322114,0.638640852290289,19.7809573043604
6.42857142857143,0.720733987402406,0.740603184965623,0.638335456247435,19.7814280223001
6.42867063492063,0.720670260018913,0.740595154415703,0.638030206537165,19.7818986749941
6.42876984126984,0.720606538377738,0.740587101582744,0.637725103088996,19.7823692624597
6.42886904761905,0.720542822481678,0.7405790264781,0.637420145832474,19.7828397847142
6.42896825396825,0.720479112333534,0.74057092911312,0.637115334697171,19.783310241775
6.42906746031746,0.720415407936118,0.74056280949914,0.636810669612686,19.7837806336593
6.42916666666667,0.72035170929225,0.740554667647492,0.636506150508644,19.7842509603844
6.42926587301587,0.720288016404758,0.740546503569497,0.6362017773147,19.7847212219677
6.42936507936508,0.720224329276475,0.740538317276471,0.635897549960533,19.7851914184263
6.42946428571429,0.720160647910246,0.740530108779719,0.635593468375846,19.7856615497776
6.42956349206349,0.720096972308922,0.740521878090538,0.635289532490382,19.7861316160388
6.4296626984127,0.720033302475363,0.740513625220219,0.634985742233898,19.7866016172271
6.42976190476191,0.719969638412437,0.740505350180043,0.634682097536183,19.7870715533599
6.42986111111111,0.719905980123018,0.740497052981283,0.634378598327051,19.7875414244542
6.42996031746032,0.71984232760999,0.740488733635204,0.634075244536345,19.7880112305273
6.43005952380952,0.719778680876245,0.740480392153064,0.633772036093934,19.7884809715964
6.43015873015873,0.719715039924682,0.740472028546111,0.633468972929715,19.7889506476788
6.43025793650794,0.71965140475821,0.740463642825585,0.633166054973612,19.7894202587915
6.43035714285714,0.719587775379743,0.74045523500272,0.632863282155574,19.7898898049518
6.43045634920635,0.719524151792205,0.74044680508874,0.63256065440558,19.7903592861769
6.43055555555556,0.719460533998528,0.74043835309486,0.632258171653634,19.7908287024838
6.43065476190476,0.719396922001652,0.740429879032288,0.631955833829767,19.7912980538898
6.43075396825397,0.719333315804525,0.740421382912226,0.631653640864038,19.791767340412
6.43085317460317,0.719269715410102,0.740412864745863,0.631351592686533,19.7922365620675
6.43095238095238,0.719206120821346,0.740404324544384,0.631049689227361,19.7927057188733
6.43105158730159,0.719142532041231,0.740395762318964,0.630747930416669,19.7931748108468
6.43115079365079,0.719078949072736,0.74038717808077,0.63044631618462,19.7936438380048
6.43125,0.719015371918848,0.740378571840961,0.630144846461407,19.7941128003646
6.43134920634921,0.718951800582564,0.740369943610688,0.629843521177253,19.7945816979431
6.43144841269841,0.718888235066888,0.740361293401094,0.629542340262403,19.7950505307575
6.43154761904762,0.718824675374831,0.740352621223312,0.629241303647134,19.7955192988249
6.43164682539683,0.718761121509414,0.74034392708847,0.628940411261748,19.7959880021622
6.43174603174603,0.718697573473665,0.740335211007686,0.628639663036572,19.7964566407865
6.43184523809524,0.71863403127062,0.740326472992069,0.628339058901964,19.7969252147149
6.43194444444444,0.718570494903322,0.740317713052721,0.628038598788306,19.7973937239643
6.43204365079365,0.718506964374824,0.740308931200736,0.627738282626009,19.7978621685519
6.43214285714286,0.718443439688186,0.7403001274472,0.627438110345508,19.7983305484945
6.43224206349206,0.718379920846477,0.740291301803189,0.62713808187727,19.7987988638092
6.43234126984127,0.718316407852771,0.740282454279774,0.626838197151784,19.7992671145129
6.43244047619048,0.718252900710154,0.740273584888014,0.626538456099564,19.7997353006227
6.43253968253968,0.718189399421719,0.740264693638963,0.626238858651165,19.8002034221555
6.43263888888889,0.718125903990565,0.740255780543665,0.625939404737154,19.8006714791282
6.4327380952381,0.7180624144198,0.740246845613158,0.62564009428813,19.8011394715578
6.4328373015873,0.717998930712541,0.740237888858468,0.62534092723472,19.8016073994613
6.43293650793651,0.717935452871913,0.740228910290617,0.625041903507578,19.8020752628555
6.43303571428571,0.717871980901047,0.740219909920617,0.624743023037383,19.8025430617574
6.43313492063492,0.717808514803085,0.74021088775947,0.624444285754843,19.8030107961839
6.43323412698413,0.717745054581174,0.740201843818174,0.624145691590692,19.8034784661518
6.43333333333333,0.717681600238471,0.740192778107715,0.623847240475693,19.8039460716781
6.43343253968254,0.71761815177814,0.740183690639073,0.623548932340632,19.8044136127797
6.43353174603175,0.717554709203355,0.740174581423218,0.623250767116327,19.8048810894733
6.43363095238095,0.717491272517296,0.740165450471115,0.622952744733619,19.8053485017759
6.43373015873016,0.71742784172315,0.740156297793717,0.622654865123378,19.8058158497044
6.43382936507936,0.717364416824116,0.740147123401971,0.622357128216501,19.8062831332755
6.43392857142857,0.717300997823396,0.740137927306817,0.622059533943907,19.806750352506
6.43402777777778,0.717237584724205,0.740128709519183,0.621762082236555,19.8072175074129
6.43412698412698,0.717174177529764,0.740119470049994,0.62146477302542,19.8076845980129
6.43422619047619,0.717110776243299,0.740110208910161,0.621167606241504,19.8081516243228
6.4343253968254,0.71704738086805,0.740100926110592,0.620870581815841,19.8086185863595
6.4344246031746,0.716983991407259,0.740091621662184,0.620573699679489,19.8090854841396
6.43452380952381,0.716920607864181,0.740082295575826,0.620276959763534,19.8095523176799
6.43462301587302,0.716857230242075,0.7400729478624,0.61998036199909,19.8100190869973
6.43472222222222,0.716793858544211,0.740063578532779,0.619683906317294,19.8104857921085
6.43482142857143,0.716730492773866,0.740054187597828,0.619387592649316,19.8109524330302
6.43492063492063,0.716667132934324,0.740044775068403,0.619091420926349,19.8114190097791
6.43501984126984,0.716603779028879,0.740035340955355,0.618795391079613,19.811885522372
6.43511904761905,0.716540431060831,0.740025885269522,0.618499503040357,19.8123519708256
6.43521825396825,0.71647708903349,0.740016408021738,0.618203756739856,19.8128183551566
6.43531746031746,0.716413752950173,0.740006909222826,0.617908152109412,19.8132846753817
6.43541666666667,0.716350422814203,0.739997388883602,0.61761268908035,19.8137509315176
6.43551587301587,0.716287098628916,0.739987847014875,0.617317367584035,19.8142171235809
6.43561507936508,0.716223780397651,0.739978283627444,0.617022187551845,19.8146832515883
6.43571428571429,0.716160468123759,0.739968698732101,0.616727148915191,19.8151493155565
6.43581349206349,0.716097161810596,0.739959092339629,0.61643225160551,19.8156153155022
6.4359126984127,0.716033861461527,0.739949464460803,0.616137495554266,19.8160812514419
6.43601190476191,0.715970567079926,0.73993981510639,0.615842880692952,19.8165471233923
6.43611111111111,0.715907278669173,0.739930144287148,0.615548406953084,19.8170129313699
6.43621031746032,0.715843996232659,0.73992045201383,0.615254074266209,19.8174786753915
6.43630952380952,0.71578071977378,0.739910738297177,0.614959882563899,19.8179443554737
6.43640873015873,0.715717449295942,0.739901003147923,0.614665831777753,19.8184099716329
6.43650793650794,0.715654184802558,0.739891246576796,0.614371921839398,19.8188755238858
6.43660714285714,0.71559092629705,0.739881468594511,0.614078152680488,19.8193410122489
6.43670634920635,0.715527673782847,0.739871669211781,0.613784524232702,19.8198064367389
6.43680555555556,0.715464427263386,0.739861848439306,0.61349103642775,19.8202717973722
6.43690476190476,0.715401186742113,0.73985200628778,0.613197689197361,19.8207370941655
6.43700396825397,0.715337952222482,0.739842142767888,0.612904482473304,19.8212023271352
6.43710317460318,0.715274723707953,0.739832257890307,0.612611416187365,19.8216674962978
6.43720238095238,0.715211501201998,0.739822351665707,0.61231849027136,19.8221326016699
6.43730158730159,0.715148284708092,0.739812424104748,0.61202570465713,19.822597643268
6.43740079365079,0.715085074229722,0.739802475218083,0.611733059276547,19.8230626211086
6.4375,0.715021869770382,0.739792505016357,0.611440554061506,19.8235275352081
6.43759920634921,0.714958671333573,0.739782513510205,0.611148188943932,19.8239923855831
6.43769841269841,0.714895478922805,0.739772500710257,0.610855963855775,19.8244571722499
6.43779761904762,0.714832292541595,0.739762466627132,0.610563878729014,19.8249218952251
6.43789682539682,0.714769112193469,0.739752411271442,0.610271933495653,19.8253865545251
6.43799603174603,0.714705937881962,0.73974233465379,0.609980128087724,19.8258511501663
6.43809523809524,0.714642769610615,0.739732236784773,0.609688462437286,19.8263156821652
6.43819444444444,0.714579607382977,0.739722117674977,0.609396936476426,19.8267801505381
6.43829365079365,0.714516451202607,0.739711977334982,0.609105550137257,19.8272445553016
6.43839285714286,0.71445330107307,0.739701815775359,0.608814303351914,19.8277088964719
6.43849206349206,0.714390156997941,0.73969163300667,0.608523196052573,19.8281731740654
6.43859126984127,0.714327018980801,0.739681429039471,0.608232228171424,19.8286373880986
6.43869047619048,0.714263887025241,0.739671203884308,0.607941399640688,19.8291015385879
6.43878968253968,0.714200761134858,0.73966095755172,0.607650710392613,19.8295656255495
6.43888888888889,0.714137641313259,0.739650690052235,0.607360160359475,19.8300296489998
6.43898809523809,0.714074527564057,0.739640401396378,0.607069749473576,19.8304936089552
6.4390873015873,0.714011419890875,0.739630091594661,0.606779477667245,19.8309575054319
6.43918650793651,0.713948318297342,0.73961976065759,0.606489344872839,19.8314213384464
6.43928571428571,0.713885222787098,0.739609408595662,0.606199351022741,19.8318851080149
6.43938492063492,0.713822133363788,0.739599035419368,0.605909496049361,19.8323488141538
6.43948412698413,0.713759050031065,0.739588641139188,0.605619779885138,19.8328124568792
6.43958333333333,0.713695972792594,0.739578225765596,0.605330202462535,19.8332760362076
6.43968253968254,0.713632901652043,0.739567789309055,0.605040763714043,19.8337395521551
6.43978174603175,0.713569836613091,0.739557331780024,0.604751463572183,19.834203004738
6.43988095238095,0.713506777679424,0.73954685318895,0.604462301969495,19.8346663939727
6.43998015873016,0.713443724854737,0.739536353546274,0.604173278838559,19.8351297198753
6.44007936507937,0.713380678142732,0.739525832862428,0.603884394111972,19.835592982462
6.44017857142857,0.71331763754712,0.739515291147836,0.60359564772236,19.8360561817492
6.44027777777778,0.713254603071619,0.739504728412914,0.603307039602378,19.8365193177529
6.44037698412698,0.713191574719955,0.73949414466807,0.603018569684704,19.8369823904894
6.44047619047619,0.713128552495863,0.739483539923703,0.602730237902049,19.837445399975
6.4405753968254,0.713065536403085,0.739472914190205,0.602442044187145,19.8379083462258
6.4406746031746,0.713002526445373,0.739462267477958,0.602153988472756,19.8383712292579
6.44077380952381,0.712939522626484,0.739451599797339,0.60186607069167,19.8388340490875
6.44087301587302,0.712876524950184,0.739440911158713,0.601578290776702,19.8392968057309
6.44097222222222,0.71281353342025,0.739430201572441,0.601290648660696,19.8397594992041
6.44107142857143,0.712750548040463,0.739419471048871,0.601003144276523,19.8402221295233
6.44117063492063,0.712687568814614,0.739408719598346,0.600715777557078,19.8406846967046
6.44126984126984,0.712624595746501,0.739397947231202,0.600428548435286,19.8411472007641
6.44136904761905,0.712561628839931,0.739387153957763,0.600141456844095,19.8416096417179
6.44146825396825,0.712498668098721,0.739376339788348,0.599854502716489,19.8420720195822
6.44156746031746,0.712435713526691,0.739365504733266,0.599567685985471,19.8425343343731
6.44166666666667,0.712372765127673,0.739354648802819,0.599281006584072,19.8429965861065
6.44176587301587,0.712309822905506,0.739343772007301,0.598994464445352,19.8434587747986
6.44186507936508,0.712246886864036,0.739332874356996,0.598708059502397,19.8439209004655
6.44196428571429,0.712183957007119,0.739321955862182,0.59842179168832,19.8443829631231
6.44206349206349,0.712121033338617,0.739311016533128,0.598135660936261,19.8448449627876
6.4421626984127,0.712058115862402,0.739300056380093,0.597849667179388,19.8453068994749
6.4422619047619,0.711995204582352,0.739289075413332,0.597563810350896,19.8457687732012
6.44236111111111,0.711932299502354,0.739278073643088,0.597278090384005,19.8462305839823
6.44246031746032,0.711869400626303,0.739267051079597,0.596992507211965,19.8466923318344
6.44255952380952,0.711806507958103,0.739256007733088,0.59670706076805,19.8471540167733
6.44265873015873,0.711743621501665,0.739244943613781,0.596421750985562,19.8476156388152
6.44275793650794,0.711680741260907,0.739233858731887,0.596136577797833,19.8480771979759
6.44285714285714,0.711617867239756,0.739222753097609,0.595851541138213,19.8485386942714
6.44295634920635,0.711554999442149,0.739211626721143,0.595566640940096,19.8490001277178
6.44305555555556,0.711492137872028,0.739200479612677,0.595281877136887,19.8494614983308
6.44315476190476,0.711429282533344,0.73918931178239,0.594997249662023,19.8499228061265
6.44325396825397,0.711366433430057,0.739178123240452,0.594712758448971,19.8503840511208
6.44335317460317,0.711303590566134,0.739166913997026,0.594428403431221,19.8508452333297
6.44345238095238,0.711240753945551,0.739155684062267,0.594144184542292,19.8513063527689
6.44355158730159,0.71117792357229,0.739144433446321,0.59386010171573,19.8517674094545
6.44365079365079,0.711115099450343,0.739133162159326,0.593576154885108,19.8522284034022
6.44375,0.711052281583709,0.739121870211413,0.593292343984026,19.8526893346281
6.44384920634921,0.710989469976396,0.739110557612703,0.59300866894611,19.8531502031479
6.44394841269841,0.71092666463242,0.73909922437331,0.592725129705015,19.8536110089775
6.44404761904762,0.710863865555803,0.73908787050334,0.592441726194421,19.8540717521328
6.44414682539682,0.710801072750578,0.73907649601289,0.592158458348037,19.8545324326296
6.44424603174603,0.710738286220783,0.739065100912049,0.591875326099597,19.8549930504837
6.44434523809524,0.710675505970466,0.739053685210898,0.59159232938286,19.855453605711
6.44444444444444,0.710612732003684,0.739042248919512,0.591309468131622,19.8559140983272
6.44454365079365,0.710549964324499,0.739030792047953,0.591026742279696,19.8563745283482
6.44464285714286,0.710487202936983,0.739019314606279,0.590744151760924,19.8568348957898
6.44474206349206,0.710424447845217,0.739007816604537,0.590461696509178,19.8572952006678
6.44484126984127,0.710361699053287,0.73899629805277,0.590179376458354,19.8577554429978
6.44494047619048,0.710298956565289,0.738984758961007,0.589897191542377,19.8582156227957
6.44503968253968,0.710236220385328,0.738973199339274,0.589615141695197,19.8586757400773
6.44513888888889,0.710173490517515,0.738961619197587,0.589333226850794,19.8591357948583
6.44523809523809,0.710110766965969,0.738950018545951,0.589051446943171,19.8595957871544
6.4453373015873,0.710048049734818,0.738938397394369,0.588769801906363,19.8600557169813
6.44543650793651,0.7099853388282,0.738926755752829,0.588488291674428,19.8605155843548
6.44553571428571,0.709922634250256,0.738915093631316,0.588206916181452,19.8609753892905
6.44563492063492,0.70985993600514,0.738903411039804,0.587925675361549,19.8614351318042
6.44573412698413,0.709797244097011,0.73889170798826,0.587644569148861,19.8618948119116
6.44583333333333,0.709734558530037,0.738879984486643,0.587363597477549,19.8623544296282
6.44593253968254,0.709671879308394,0.738868240544903,0.587082760281817,19.8628139849699
6.44603174603175,0.709609206436267,0.738856476172983,0.586802057495882,19.8632734779522
6.44613095238095,0.709546539917847,0.738844691380816,0.586521489053993,19.8637329085909
6.44623015873016,0.709483879757335,0.738832886178329,0.586241054890426,19.8641922769014
6.44632936507937,0.709421225958938,0.738821060575439,0.585960754939483,19.8646515828996
6.44642857142857,0.709358578526873,0.738809214582056,0.585680589135494,19.8651108266009
6.44652777777778,0.709295937465363,0.738797348208081,0.585400557412816,19.865570008021
6.44662698412698,0.709233302778642,0.738785461463407,0.585120659705832,19.8660291271756
6.44672619047619,0.709170674470949,0.73877355435792,0.584840895948954,19.8664881840801
6.4468253968254,0.709108052546533,0.738761626901497,0.584561266076619,19.8669471787502
6.4469246031746,0.709045437009649,0.738749679104006,0.584281770023292,19.8674061112014
6.44702380952381,0.708982827864563,0.738737710975308,0.584002407723465,19.8678649814493
6.44712301587302,0.708920225115546,0.738725722525255,0.583723179111657,19.8683237895095
6.44722222222222,0.708857628766879,0.738713713763692,0.583444084122414,19.8687825353975
6.44732142857143,0.70879503882285,0.738701684700454,0.583165122690306,19.8692412191289
6.44742063492064,0.708732455287756,0.738689635345371,0.582886294749939,19.8696998407191
6.44751984126984,0.708669878165901,0.73867756570826,0.582607600235937,19.8701584001836
6.44761904761905,0.708607307461598,0.738665475798935,0.582329039082955,19.8706168975381
6.44771825396825,0.708544743179167,0.738653365627198,0.582050611225673,19.8710753327979
6.44781746031746,0.708482185322937,0.738641235202845,0.5817723165988,19.8715337059786
6.44791666666667,0.708419633897245,0.738629084535663,0.58149415513707,19.8719920170956
6.44801587301587,0.708357088906434,0.738616913635431,0.581216126775247,19.8724502661644
6.44811507936508,0.708294550354857,0.738604722511919,0.580938231448119,19.8729084532004
6.44821428571429,0.708232018246876,0.738592511174891,0.580660469090502,19.8733665782192
6.44831349206349,0.708169492586858,0.7385802796341,0.58038283963724,19.8738246412361
6.4484126984127,0.708106973379181,0.738568027899293,0.580105343023204,19.8742826422666
6.4485119047619,0.70804446062823,0.738555755980208,0.579827979183291,19.8747405813261
6.44861111111111,0.707981954338396,0.738543463886575,0.579550748052424,19.8751984584299
6.44871031746032,0.707919454514081,0.738531151628116,0.579273649565557,19.8756562735936
6.44880952380952,0.707856961159693,0.738518819214544,0.578996683657662,19.8761140268324
6.44890873015873,0.70779447427965,0.738506466655565,0.578719850263755,19.8765717181618
6.44900793650794,0.707731993878377,0.738494093960876,0.578443149318862,19.8770293475971
6.44910714285714,0.707669519960306,0.738481701140166,0.578166580758044,19.8774869151538
6.44920634920635,0.707607052529878,0.738469288203117,0.577890144516388,19.877944420847
6.44930555555556,0.707544591591542,0.738456855159401,0.577613840529007,19.8784018646923
6.44940476190476,0.707482137149755,0.738444402018682,0.577337668731042,19.8788592467049
6.44950396825397,0.707419689208983,0.738431928790617,0.57706162905766,19.8793165669001
6.44960317460317,0.707357247773697,0.738419435484854,0.576785721444057,19.8797738252932
6.44970238095238,0.70729481284838,0.738406922111034,0.576509945825453,19.8802310218997
6.44980158730159,0.70723238443752,0.738394388678789,0.576234302137099,19.8806881567346
6.44990079365079,0.707169962545615,0.738381835197741,0.57595879031427,19.8811452298134
6.45,0.707107547177169,0.738369261677508,0.575683410292268,19.8816022411514
6.45009920634921,0.707045138336696,0.738356668127696,0.575408162006424,19.8820591907636
6.45019841269841,0.706982736028717,0.738344054557904,0.575133045392094,19.8825160786655
6.45029761904762,0.70692034025776,0.738331420977724,0.574858060384659,19.8829729048723
6.45039682539683,0.706857951028365,0.738318767396738,0.574583206919538,19.8834296693992
6.45049603174603,0.706795568345075,0.738306093824522,0.574308484932164,19.8838863722614
6.45059523809524,0.706733192212445,0.738293400270643,0.574033894358002,19.8843430134742
6.45069444444444,0.706670822635035,0.738280686744657,0.573759435132546,19.8847995930527
6.45079365079365,0.706608459617415,0.738267953256117,0.573485107191314,19.8852561110122
6.45089285714286,0.706546103164161,0.738255199814564,0.573210910469852,19.8857125673678
6.45099206349206,0.706483753279861,0.738242426429531,0.572936844903732,19.8861689621348
6.45109126984127,0.706421409969107,0.738229633110545,0.572662910428557,19.8866252953282
6.45119047619048,0.7063590732365,0.738216819867124,0.572389106979953,19.8870815669633
6.45128968253968,0.70629674308665,0.738203986708777,0.572115434493574,19.8875377770551
6.45138888888889,0.706234419524175,0.738191133645004,0.571841892905101,19.8879939256189
6.4514880952381,0.7061721025537,0.7381782606853,0.571568482150243,19.8884500126698
6.4515873015873,0.706109792179859,0.738165367839149,0.571295202164736,19.8889060382229
6.45168650793651,0.706047488407293,0.738152455116029,0.571022052884341,19.8893620022932
6.45178571428572,0.705985191240652,0.738139522525406,0.570749034244844,19.889817904896
6.45188492063492,0.705922900684594,0.738126570076743,0.57047614618207,19.8902737460463
6.45198412698413,0.705860616743784,0.738113597779492,0.570203388631859,19.8907295257591
6.45208333333333,0.705798339422897,0.738100605643096,0.56993076153008,19.8911852440495
6.45218253968254,0.705736068726613,0.738087593676992,0.569658264812631,19.8916409009327
6.45228174603175,0.705673804659624,0.738074561890607,0.569385898415438,19.8920964964237
6.45238095238095,0.705611547226626,0.738061510293361,0.569113662274451,19.8925520305374
6.45248015873016,0.705549296432325,0.738048438894666,0.56884155632565,19.893007503289
6.45257936507937,0.705487052281435,0.738035347703925,0.56856958050504,19.8934629146934
6.45267857142857,0.705424814778679,0.738022236730532,0.568297734748654,19.8939182647657
6.45277777777778,0.705362583928785,0.738009105983875,0.568026018992551,19.8943735535209
6.45287698412698,0.705300359736493,0.737995955473334,0.567754433172819,19.894828780974
6.45297619047619,0.705238142206548,0.737982785208277,0.567482977225571,19.89528394714
6.4530753968254,0.705175931343704,0.737969595198069,0.567211651086949,19.8957390520338
6.4531746031746,0.705113727152723,0.737956385452063,0.566940454693119,19.8961940956704
6.45327380952381,0.705051529638374,0.737943155979604,0.566669387980275,19.8966490780648
6.45337301587302,0.704989338805437,0.737929906790033,0.566398450884643,19.8971039992318
6.45347222222222,0.704927154658697,0.737916637892677,0.566127643342472,19.8975588591866
6.45357142857143,0.70486497720295,0.73790334929686,0.565856965290035,19.8980136579439
6.45367063492063,0.704802806442995,0.737890041011893,0.565586416663636,19.8984683955187
6.45376984126984,0.704740642383645,0.737876713047084,0.565315997399606,19.8989230719259
6.45386904761905,0.704678485029717,0.737863365411728,0.565045707434301,19.8993776871805
6.45396825396825,0.704616334386037,0.737849998115114,0.564775546704106,19.8998322412972
6.45406746031746,0.70455419045744,0.737836611166525,0.564505515145432,19.900286734291
6.45416666666667,0.704492053248767,0.737823204575231,0.564235612694717,19.9007411661768
6.45426587301587,0.70442992276487,0.737809778350498,0.563965839288427,19.9011955369693
6.45436507936508,0.704367799010607,0.737796332501583,0.563696194863053,19.9016498466836
6.45446428571428,0.704305681990844,0.737782867037732,0.563426679355115,19.9021040953343
6.45456349206349,0.704243571710456,0.737769381968187,0.56315729270116,19.9025582829364
6.4546626984127,0.704181468174324,0.737755877302179,0.562888034837761,19.9030124095046
6.4547619047619,0.704119371387339,0.737742353048931,0.562618905701514,19.9034664750538
6.45486111111111,0.704057281354401,0.737728809217659,0.562349905229055,19.9039204795988
6.45496031746032,0.703995198080415,0.737715245817572,0.562081033357034,19.9043744231544
6.45505952380952,0.703933121570297,0.737701662857866,0.561812290022133,19.9048283057353
6.45515873015873,0.703871051828968,0.737688060347735,0.56154367516106,19.9052821273563
6.45525793650794,0.703808988861359,0.737674438296359,0.561275188710551,19.9057358880323
6.45535714285714,0.70374693267241,0.737660796712916,0.561006830607369,19.9061895877778
6.45545634920635,0.703684883267066,0.737647135606569,0.560738600788303,19.9066432266078
6.45555555555556,0.703622840650282,0.737633454986479,0.560470499190169,19.907096804537
6.45565476190476,0.703560804827022,0.737619754861795,0.560202525749813,19.9075503215799
6.45575396825397,0.703498775802255,0.737606035241659,0.559934680404104,19.9080037777515
6.45585317460317,0.703436753580961,0.737592296135205,0.55966696308994,19.9084571730663
6.45595238095238,0.703374738168126,0.737578537551558,0.559399373744247,19.9089105075392
6.45605158730159,0.703312729568746,0.737564759499837,0.559131912303975,19.9093637811847
6.45615079365079,0.703250727787823,0.73755096198915,0.558864578706104,19.9098169940175
6.45625,0.703188732830367,0.737537145028599,0.558597372887636,19.9102701460524
6.45634920634921,0.703126744701398,0.737523308627277,0.558330294785612,19.9107232373039
6.45644841269841,0.703064763405944,0.737509452794268,0.558063344337087,19.9111762677868
6.45654761904762,0.703002788949039,0.737495577538649,0.557796521479148,19.9116292375156
6.45664682539683,0.702940821335725,0.737481682869489,0.557529826148911,19.9120821465051
6.45674603174603,0.702878860571055,0.737467768795848,0.557263258283515,19.9125349947698
6.45684523809524,0.702816906660087,0.737453835326779,0.556996817820129,19.9129877823243
6.45694444444444,0.702754959607887,0.737439882471324,0.556730504695949,19.9134405091832
6.45704365079365,0.702693019419532,0.737425910238521,0.556464318848195,19.9138931753612
6.45714285714286,0.702631086100105,0.737411918637396,0.556198260214118,19.9143457808727
6.45724206349206,0.702569159654696,0.73739790767697,0.555932328730994,19.9147983257325
6.45734126984127,0.702507240088404,0.737383877366253,0.555666524336126,19.915250809955
6.45744047619048,0.702445327406338,0.737369827714249,0.555400846966844,19.9157032335548
6.45753968253968,0.702383421613612,0.737355758729953,0.555135296560505,19.9161555965465
6.45763888888889,0.70232152271535,0.737341670422351,0.554869873054495,19.9166078989445
6.4577380952381,0.702259630716682,0.737327562800423,0.554604576386221,19.9170601407635
6.4578373015873,0.702197745622748,0.737313435873138,0.554339406493128,19.9175123220178
6.45793650793651,0.702135867438697,0.73729928964946,0.554074363312678,19.9179644427221
6.45803571428571,0.702073996169682,0.737285124138342,0.553809446782364,19.9184165028908
6.45813492063492,0.702012131820868,0.737270939348731,0.553544656839705,19.9188685025385
6.45823412698413,0.701950274397425,0.737256735289564,0.553279993422249,19.9193204416795
6.45833333333333,0.701888423904534,0.73724251196977,0.553015456467568,19.9197723203284
6.45843253968254,0.701826580347382,0.737228269398273,0.552751045913263,19.9202241384996
6.45853174603175,0.701764743731165,0.737214007583984,0.552486761696962,19.9206758962075
6.45863095238095,0.701702914061085,0.737199726535809,0.552222603756319,19.9211275934667
6.45873015873016,0.701641091342355,0.737185426262645,0.551958572029016,19.9215792302914
6.45882936507936,0.701579275580194,0.737171106773381,0.551694666452763,19.9220308066963
6.45892857142857,0.70151746677983,0.737156768076898,0.551430886965294,19.9224823226955
6.45902777777778,0.701455664946498,0.737142410182067,0.551167233504373,19.9229337783037
6.45912698412698,0.701393870085443,0.737128033097754,0.55090370600779,19.9233851735351
6.45922619047619,0.701332082201915,0.737113636832815,0.550640304413357,19.9238365084041
6.4593253968254,0.701270301301176,0.737099221396098,0.550377028658926,19.9242877829252
6.4594246031746,0.701208527388491,0.737084786796442,0.550113878682364,19.9247389971126
6.45952380952381,0.701146760469139,0.737070333042679,0.54985085442157,19.9251901509807
6.45962301587302,0.701085000548401,0.737055860143633,0.549587955814468,19.9256412445439
6.45972222222222,0.701023247631571,0.737041368108119,0.54932518279901,19.9260922778164
6.45982142857143,0.700961501723947,0.737026856944945,0.549062535313175,19.9265432508127
6.45992063492063,0.700899762830839,0.737012326662909,0.54880001329497,19.926994163547
6.46001984126984,0.700838030957561,0.736997777270802,0.548537616682428,19.9274450160337
6.46011904761905,0.700776306109438,0.736983208777407,0.548275345413608,19.927895808287
6.46021825396825,0.700714588291802,0.736968621191499,0.548013199426598,19.9283465403212
6.46031746031746,0.700652877509992,0.736954014521843,0.547751178659513,19.9287972121506
6.46041666666667,0.700591173769358,0.736939388777199,0.547489283050493,19.9292478237894
6.46051587301587,0.700529477075255,0.736924743966315,0.547227512537707,19.929698375252
6.46061507936508,0.700467787433047,0.736910080097935,0.54696586705935,19.9301488665525
6.46071428571429,0.700406104848105,0.736895397180791,0.546704346553642,19.9305992977053
6.46081349206349,0.700344429325812,0.736880695223609,0.546442950958837,19.9310496687244
6.4609126984127,0.700282760871554,0.736865974235107,0.54618168021321,19.9314999796242
6.46101190476191,0.700221099490728,0.736851234223994,0.545920534255064,19.9319502304189
6.46111111111111,0.700159445188739,0.73683647519897,0.54565951302273,19.9324004211226
6.46121031746032,0.700097797970998,0.73682169716873,0.545398616454564,19.9328505517495
6.46130952380952,0.700036157842925,0.736806900141956,0.545137844488952,19.9333006223138
6.46140873015873,0.69997452480995,0.736792084127327,0.544877197064305,19.9337506328298
6.46150793650794,0.699912898877508,0.73677724913351,0.544616674119061,19.9342005833115
6.46160714285714,0.699851280051045,0.736762395169165,0.544356275591687,19.9346504737731
6.46170634920635,0.699789668336011,0.736747522242945,0.544096001420675,19.9351003042287
6.46180555555556,0.699728063737869,0.736732630363494,0.543835851544545,19.9355500746925
6.46190476190476,0.699666466262085,0.736717719539446,0.543575825901843,19.9359997851786
6.46200396825397,0.699604875914138,0.736702789779431,0.543315924431144,19.9364494357011
6.46210317460317,0.69954329269951,0.736687841092066,0.543056147071048,19.9368990262741
6.46220238095238,0.699481716623695,0.736672873485964,0.542796493760179,19.9373485569117
6.46230158730159,0.699420147692194,0.736657886969727,0.5425369644372,19.937798027628
6.46240079365079,0.699358585910515,0.736642881551951,0.542277559040789,19.9382474384371
6.4625,0.699297031284175,0.736627857241221,0.542018277509654,19.938696789353
6.46259920634921,0.699235483818699,0.736612814046117,0.541759119782532,19.9391460803898
6.46269841269841,0.699173943519618,0.736597751975209,0.541500085798186,19.9395953115615
6.46279761904762,0.699112410392475,0.736582671037059,0.541241175495406,19.9400444828821
6.46289682539683,0.699050884442817,0.736567571240221,0.540982388813009,19.9404935943658
6.46299603174603,0.698989365676201,0.736552452593242,0.540723725689839,19.9409426460264
6.46309523809524,0.698927854098193,0.736537315104658,0.540465186064767,19.941391637878
6.46319444444444,0.698866349714365,0.736522158782999,0.540206769876691,19.9418405699347
6.46329365079365,0.698804852530298,0.736506983636787,0.539948477064537,19.9422894422104
6.46339285714286,0.69874336255158,0.736491789674535,0.539690307567256,19.942738254719
6.46349206349206,0.698681879783809,0.736476576904749,0.539432261323829,19.9431870074745
6.46359126984127,0.698620404232591,0.736461345335924,0.539174338273262,19.943635700491
6.46369047619048,0.698558935903536,0.736446094976549,0.538916538354583,19.9440843337823
6.46378968253968,0.698497474802267,0.736430825835107,0.538658861506861,19.9445329073624
6.46388888888889,0.698436020934413,0.736415537920067,0.53840130766918,19.9449814212452
6.4639880952381,0.698374574305612,0.736400231239896,0.538143876780654,19.9454298754447
6.4640873015873,0.698313134921507,0.736384905803048,0.537886568780424,19.9458782699747
6.46418650793651,0.698251702787752,0.736369561617972,0.537629383607659,19.9463266048491
6.46428571428571,0.698190277910008,0.736354198693108,0.537372321201554,19.9467748800819
6.46438492063492,0.698128860293945,0.736338817036887,0.537115381501332,19.9472230956869
6.46448412698413,0.69806744994524,0.736323416657732,0.536858564446244,19.947671251678
6.46458333333333,0.698006046869577,0.736307997564059,0.536601869975564,19.9481193480691
6.46468253968254,0.69794465107265,0.736292559764275,0.536345298028597,19.948567384874
6.46478174603175,0.697883262560161,0.736277103266779,0.536088848544674,19.9490153621065
6.46488095238095,0.697821881337818,0.736261628079961,0.535832521463152,19.9494632797805
6.46498015873016,0.697760507411339,0.736246134212204,0.535576316723417,19.9499111379098
6.46507936507936,0.69769914078645,0.736230621671882,0.535320234264879,19.9503589365083
6.46517857142857,0.697637781468883,0.736215090467362,0.535064274026974,19.9508066755897
6.46527777777778,0.69757642946438,0.736199540607002,0.534808435949176,19.9512543551678
6.46537698412698,0.697515084778692,0.736183972099152,0.534552719970973,19.9517019752564
6.46547619047619,0.697453747417575,0.736168384952153,0.534297126031885,19.9521495358694
6.4655753968254,0.697392417386794,0.736152779174338,0.53404165407146,19.9525970370203
6.4656746031746,0.697331094692124,0.736137154774035,0.533786304029271,19.9530444787231
6.46577380952381,0.697269779339345,0.736121511759558,0.53353107584492,19.9534918609915
6.46587301587302,0.697208471334248,0.736105850139219,0.533275969458034,19.9539391838391
6.46597222222222,0.697147170682629,0.736090169921317,0.533020984808268,19.9543864472798
6.46607142857143,0.697085877390296,0.736074471114145,0.532766121835305,19.9548336513272
6.46617063492063,0.697024591463061,0.736058753725989,0.532511380478853,19.9552807959951
6.46626984126984,0.696963312906745,0.736043017765123,0.53225676067865,19.9557278812971
6.46636904761905,0.69690204172718,0.736027263239818,0.532002262374458,19.956174907247
6.46646825396825,0.696840777930202,0.736011490158332,0.531747885506067,19.9566218738584
6.46656746031746,0.696779521521657,0.735995698528917,0.531493630013294,19.957068781145
6.46666666666667,0.696718272507399,0.735979888359818,0.531239495835982,19.9575156291205
6.46676587301587,0.69665703089329,0.735964059659269,0.530985482914007,19.9579624177984
6.46686507936508,0.696595796685201,0.735948212435499,0.530731591187264,19.9584091471925
6.46696428571429,0.696534569889008,0.735932346696727,0.53047782059568,19.9588558173164
6.46706349206349,0.696473350510598,0.735916462451163,0.530224171079207,19.9593024281837
6.4671626984127,0.696412138555864,0.735900559707011,0.529970642577823,19.9597489798081
6.46726190476191,0.696350934030709,0.735884638472466,0.529717235031535,19.960195472203
6.46736111111111,0.696289736941043,0.735868698755713,0.529463948380378,19.9606419053821
6.46746031746032,0.696228547292783,0.735852740564931,0.529210782564411,19.9610882793591
6.46755952380952,0.696167365091857,0.735836763908291,0.528957737523723,19.9615345941474
6.46765873015873,0.696106190344197,0.735820768793955,0.528704813198427,19.9619808497607
6.46775793650794,0.696045023055746,0.735804755230077,0.528452009528667,19.9624270462124
6.46785714285714,0.695983863232453,0.735788723224802,0.528199326454608,19.9628731835162
6.46795634920635,0.695922710880279,0.735772672786267,0.527946763916449,19.9633192616856
6.46805555555556,0.695861566005188,0.735756603922604,0.527694321854412,19.9637652807341
6.46815476190476,0.695800428613153,0.735740516641931,0.527442000208742,19.9642112406752
6.46825396825397,0.69573929871016,0.735724410952364,0.527189798919725,19.9646571415224
6.46835317460318,0.695678176302197,0.735708286862006,0.526937717927659,19.9651029832893
6.46845238095238,0.695617061395262,0.735692144378955,0.526685757172877,19.9655487659893
6.46855158730159,0.695555953995362,0.735675983511299,0.526433916595735,19.9659944896358
6.46865079365079,0.695494854108512,0.735659804267118,0.52618219613662,19.9664401542424
6.46875,0.695433761740733,0.735643606654485,0.525930595735942,19.9668857598226
6.46884920634921,0.695372676898056,0.735627390681464,0.525679115334141,19.9673313063897
6.46894841269841,0.695311599586521,0.735611156356111,0.525427754871683,19.9677767939572
6.46904761904762,0.695250529812172,0.735594903686473,0.525176514289061,19.9682222225386
6.46914682539682,0.695189467581064,0.73557863268059,0.524925393526796,19.9686675921472
6.46924603174603,0.695128412899261,0.735562343346494,0.524674392525433,19.9691129027965
6.46934523809524,0.695067365772833,0.735546035692208,0.524423511225548,19.9695581544999
6.46944444444444,0.695006326207857,0.735529709725747,0.524172749567741,19.9700033472707
6.46954365079365,0.694945294210422,0.735513365455118,0.523922107492642,19.9704484811224
6.46964285714286,0.694884269786621,0.735497002888319,0.523671584940902,19.9708935560684
6.46974206349206,0.694823252942557,0.735480622033341,0.523421181853209,19.9713385721219
6.46984126984127,0.694762243684341,0.735464222898168,0.52317089817027,19.9717835292963
6.46994047619048,0.694701242018092,0.735447805490772,0.522920733832822,19.972228427605
6.47003968253968,0.694640247949937,0.73543136981912,0.522670688781627,19.9726732670614
6.47013888888889,0.69457926148601,0.735414915891171,0.522420762957476,19.9731180476787
6.47023809523809,0.694518282632454,0.735398443714873,0.522170956301187,19.9735627694703
6.4703373015873,0.694457311395419,0.735381953298169,0.521921268753604,19.9740074324494
6.47043650793651,0.694396347781066,0.735365444648992,0.521671700255598,19.9744520366294
6.47053571428571,0.69433539179556,0.735348917775266,0.521422250748069,19.9748965820235
6.47063492063492,0.694274443445076,0.73533237268491,0.521172920171941,19.9753410686451
6.47073412698413,0.694213502735799,0.735315809385833,0.520923708468167,19.9757854965073
6.47083333333333,0.694152569673917,0.735299227885934,0.520674615577728,19.9762298656235
6.47093253968254,0.694091644265632,0.735282628193107,0.520425641441629,19.9766741760069
6.47103174603175,0.694030726517148,0.735266010315235,0.520176786000905,19.9771184276708
6.47113095238095,0.693969816434682,0.735249374260196,0.519928049196613,19.9775626206283
6.47123015873016,0.693908914024457,0.735232720035858,0.519679430969847,19.9780067548927
6.47132936507937,0.693848019292704,0.73521604765008,0.519430931261719,19.9784508304772
6.47142857142857,0.693787132245662,0.735199357110715,0.51918255001337,19.978894847395
6.47152777777778,0.693726252889579,0.735182648425605,0.518934287165971,19.9793388056593
6.47162698412698,0.693665381230708,0.735165921602586,0.518686142660715,19.9797827052832
6.47172619047619,0.693604517275315,0.735149176649486,0.518438116438827,19.98022654628
6.4718253968254,0.693543661029669,0.735132413574124,0.518190208441557,19.9806703286628
6.4719246031746,0.69348281250005,0.73511563238431,0.517942418610181,19.9811140524447
6.47202380952381,0.693421971692746,0.735098833087848,0.517694746886004,19.981557717639
6.47212301587302,0.693361138614052,0.735082015692531,0.517447193210356,19.9820013242586
6.47222222222222,0.693300313270271,0.735065180206148,0.517199757524596,19.9824448723168
6.47232142857143,0.693239495667714,0.735048326636475,0.516952439770109,19.9828883618267
6.47242063492063,0.693178685812701,0.735031454991283,0.516705239888306,19.9833317928014
6.47251984126984,0.69311788371156,0.735014565278333,0.516458157820628,19.9837751652539
6.47261904761905,0.693057089370626,0.734997657505381,0.516211193508537,19.9842184791974
6.47271825396825,0.692996302796242,0.734980731680171,0.515964346893534,19.9846617346448
6.47281746031746,0.69293552399476,0.73496378781044,0.515717617917134,19.9851049316094
6.47291666666667,0.692874752972541,0.734946825903919,0.515471006520886,19.9855480701042
6.47301587301587,0.69281398973595,0.734929845968328,0.515224512646363,19.9859911501421
6.47311507936508,0.692753234291364,0.73491284801138,0.514978136235168,19.9864341717362
6.47321428571429,0.692692486645166,0.73489583204078,0.514731877228928,19.9868771348997
6.47331349206349,0.692631746803749,0.734878798064225,0.5144857355693,19.9873200396453
6.4734126984127,0.692571014773511,0.734861746089402,0.514239711197965,19.9877628859863
6.4735119047619,0.692510290560861,0.734844676123993,0.513993804056633,19.9882056739356
6.47361111111111,0.692449574172215,0.73482758817567,0.513748014087041,19.9886484035061
6.47371031746032,0.692388865613995,0.734810482252096,0.513502341230952,19.9890910747109
6.47380952380952,0.692328164892635,0.734793358360927,0.513256785430157,19.9895336875629
6.47390873015873,0.692267472014573,0.734776216509812,0.513011346626474,19.989976242075
6.47400793650794,0.692206786986258,0.734759056706388,0.512766024761746,19.9904187382604
6.47410714285714,0.692146109814145,0.734741878958288,0.512520819777845,19.9908611761317
6.47420634920635,0.692085440504698,0.734724683273135,0.512275731616672,19.9913035557021
6.47430555555556,0.692024779064391,0.734707469658544,0.512030760220152,19.9917458769844
6.47440476190476,0.691964125499702,0.734690238122122,0.511785905530238,19.9921881399916
6.47450396825397,0.691903479817119,0.734672988671467,0.511541167488909,19.9926303447365
6.47460317460317,0.691842842023139,0.734655721314169,0.511296546038172,19.993072491232
6.47470238095238,0.691782212124265,0.734638436057812,0.511052041120061,19.993514579491
6.47480158730159,0.69172159012701,0.734621132909969,0.510807652676637,19.9939566095265
6.47490079365079,0.691660976037893,0.734603811878206,0.510563380649989,19.9943985813511
6.475,0.691600369863444,0.734586472970081,0.51031922498223,19.9948404949779
6.47509920634921,0.691539771610198,0.734569116193143,0.510075185615504,19.9952823504197
6.47519841269841,0.691479181284698,0.734551741554935,0.509831262491978,19.9957241476892
6.47529761904762,0.691418598893499,0.734534349062989,0.509587455553849,19.9961658867994
6.47539682539682,0.691358024443159,0.734516938724831,0.509343764743342,19.9966075677629
6.47549603174603,0.691297457940247,0.734499510547977,0.509100190002704,19.9970491905927
6.47559523809524,0.691236899391339,0.734482064539936,0.508856731274211,19.9974907553016
6.47569444444444,0.691176348803021,0.73446460070821,0.508613388500174,19.9979322619023
6.47579365079365,0.691115806181883,0.73444711906029,0.50837016162292,19.9983737104075
6.47589285714286,0.691055271534527,0.734429619603661,0.508127050584807,19.9988151008302
6.47599206349206,0.690994744867561,0.734412102345799,0.507884055328222,19.999256433183
6.47609126984127,0.690934226187601,0.734394567294172,0.507641175795575,19.9996977074786
6.47619047619048,0.690873714975239,0.734377014662008,0.507398411954323,20.0001389239361
6.47628968253968,0.690813210702018,0.73435944466548,0.507155763775561,20.0005800827773
6.47638888888889,0.690752713366177,0.734341857314435,0.506913231206958,20.0010211840172
6.47648809523809,0.690692222965959,0.734324252618715,0.506670814196199,20.0014622276705
6.4765873015873,0.690631739499606,0.734306630588158,0.506428512690988,20.0019032137523
6.47668650793651,0.690571262965367,0.734288991232597,0.506186326639043,20.0023441422774
6.47678571428571,0.69051079336149,0.734271334561863,0.505944255988099,20.0027850132607
6.47688492063492,0.690450330686227,0.734253660585782,0.50570230068591,20.0032258267171
6.47698412698413,0.690389874937831,0.734235969314176,0.505460460680244,20.0036665826615
6.47708333333333,0.690329426114559,0.734218260756863,0.505218735918883,20.0041072811087
6.47718253968254,0.690268984214671,0.734200534923657,0.504977126349636,20.0045479220736
6.47728174603175,0.690208549236425,0.734182791824369,0.504735631920321,20.0049885055712
6.47738095238095,0.690148121178087,0.734165031468804,0.504494252578771,20.0054290316161
6.47748015873016,0.690087700037922,0.734147253866764,0.50425298827284,20.0058695002234
6.47757936507937,0.690027285814197,0.734129459028047,0.504011838950397,20.0063099114079
6.47767857142857,0.689966878505183,0.734111646962449,0.503770804559328,20.0067502651843
6.47777777777778,0.689906478109153,0.734093817679758,0.503529885047535,20.0071905615676
6.47787698412698,0.689846084624382,0.734075971189761,0.503289080362938,20.0076308005726
6.47797619047619,0.689785698049147,0.734058107502241,0.503048390453473,20.0080709822141
6.4780753968254,0.689725318381728,0.734040226626975,0.502807815267091,20.008511106507
6.4781746031746,0.689664945620408,0.734022328573738,0.502567354751763,20.008951173466
6.47827380952381,0.689604579763471,0.734004413352299,0.502327008855475,20.009391183106
6.47837301587302,0.689544220809204,0.733986480972426,0.502086777526229,20.0098311354417
6.47847222222222,0.689483868755896,0.73396853144388,0.501846660712044,20.0102710304881
6.47857142857143,0.689423523601837,0.733950564776419,0.501606658360954,20.0107108682599
6.47867063492064,0.689363185345325,0.733932580979799,0.501366770421017,20.0111506487719
6.47876984126984,0.689302853984653,0.733914580063769,0.501126996840301,20.0115903720389
6.47886904761905,0.689242529518122,0.733896562038075,0.50088733756689,20.0120300380757
6.47896825396825,0.689182211944031,0.73387852691246,0.500647792548889,20.012469646897
6.47906746031746,0.689121901260685,0.733860474696663,0.500408361734415,20.0129091985177
6.47916666666667,0.689061597466389,0.733842405400417,0.500169045071607,20.0133486929525
6.47926587301587,0.689001300559451,0.733824319033452,0.499929842508615,20.0137881302162
6.47936507936508,0.688941010538181,0.733806215605497,0.499690753993611,20.0142275103235
6.47946428571429,0.688880727400894,0.733788095126271,0.49945177947478,20.0146668332893
6.47956349206349,0.688820451145903,0.733769957605495,0.499212918900326,20.0151060991282
6.4796626984127,0.688760181771527,0.733751803052882,0.498974172218467,20.015545307855
6.4797619047619,0.688699919276085,0.733733631478143,0.498735539377441,20.0159844594844
6.47986111111111,0.6886396636579,0.733715442890984,0.4984970203255,20.0164235540313
6.47996031746032,0.688579414915296,0.733697237301107,0.498258615010914,20.0168625915102
6.48005952380952,0.6885191730466,0.733679014718212,0.498020323381967,20.017301571936
6.48015873015873,0.688458938050142,0.733660775151993,0.497782145386967,20.0177404953234
6.48025793650794,0.688398709924253,0.733642518612139,0.497544080974231,20.0181793616871
6.48035714285714,0.688338488667269,0.733624245108339,0.497306130092097,20.0186181710418
6.48045634920635,0.688278274277524,0.733605954650273,0.497068292688916,20.0190569234022
6.48055555555556,0.688218066753358,0.733587647247621,0.496830568713059,20.019495618783
6.48065476190476,0.688157866093112,0.733569322910057,0.496592958112913,20.0199342571989
6.48075396825397,0.68809767229513,0.733550981647252,0.49635546083688,20.0203728386646
6.48085317460317,0.688037485357757,0.733532623468872,0.49611807683338,20.0208113631949
6.48095238095238,0.687977305279342,0.73351424838458,0.495880806050851,20.0212498308043
6.48105158730159,0.687917132058235,0.733495856404035,0.495643648437745,20.0216882415076
6.48115079365079,0.687856965692789,0.73347744753689,0.495406603942533,20.0221265953194
6.48125,0.68779680618136,0.733459021792798,0.495169672513701,20.0225648922544
6.48134920634921,0.687736653522305,0.733440579181403,0.494932854099752,20.0230031323273
6.48144841269841,0.687676507713985,0.733422119712349,0.494696148649206,20.0234413155527
6.48154761904762,0.68761636875476,0.733403643395275,0.494459556110598,20.0238794419454
6.48164682539683,0.687556236642998,0.733385150239815,0.494223076432486,20.0243175115198
6.48174603174603,0.687496111377064,0.7333666402556,0.493986709563438,20.0247555242907
6.48184523809524,0.687435992955328,0.733348113452257,0.493750455452041,20.0251934802728
6.48194444444444,0.687375881376163,0.733329569839408,0.493514314046898,20.0256313794806
6.48204365079365,0.687315776637941,0.733311009426671,0.493278285296629,20.0260692219287
6.48214285714286,0.68725567873904,0.733292432223663,0.493042369149871,20.0265070076319
6.48224206349206,0.687195587677839,0.733273838239993,0.492806565555278,20.0269447366047
6.48234126984127,0.687135503452719,0.733255227485268,0.49257087446152,20.0273824088618
6.48244047619048,0.687075426062063,0.733236599969091,0.492335295817283,20.0278200244177
6.48253968253968,0.687015355504257,0.733217955701061,0.492099829571273,20.0282575832871
6.48263888888889,0.686955291777691,0.733199294690773,0.491864475672208,20.0286950854845
6.4827380952381,0.686895234880754,0.733180616947816,0.491629234068825,20.0291325310246
6.4828373015873,0.68683518481184,0.733161922481779,0.49139410470988,20.0295699199219
6.48293650793651,0.686775141569343,0.733143211302244,0.491159087544141,20.030007252191
6.48303571428572,0.686715105151662,0.73312448341879,0.490924182520393,20.0304445278466
6.48313492063492,0.686655075557198,0.733105738840991,0.490689389587446,20.0308817469031
6.48323412698413,0.686595052784352,0.733086977578419,0.490454708694117,20.0313189093752
6.48333333333333,0.68653503683153,0.73306819964064,0.490220139789243,20.0317560152775
6.48343253968254,0.686475027697138,0.733049405037218,0.489985682821679,20.0321930646244
6.48353174603175,0.686415025379587,0.733030593777711,0.489751337740294,20.0326300574305
6.48363095238095,0.686355029877287,0.733011765871674,0.489517104493976,20.0330669937104
6.48373015873016,0.686295041188655,0.732992921328658,0.489282983031628,20.0335038734787
6.48382936507937,0.686235059312105,0.73297406015821,0.489048973302172,20.0339406967498
6.48392857142857,0.686175084246057,0.732955182369873,0.488815075254545,20.0343774635384
6.48402777777778,0.686115115988933,0.732936287973186,0.4885812888377,20.0348141738589
6.48412698412698,0.686055154539156,0.732917376977684,0.488347614000608,20.0352508277259
6.48422619047619,0.685995199895153,0.732898449392898,0.488114050692257,20.0356874251538
6.4843253968254,0.685935252055352,0.732879505228355,0.487880598861651,20.0361239661573
6.4844246031746,0.685875311018183,0.732860544493577,0.48764725845781,20.0365604507508
6.48452380952381,0.685815376782079,0.732841567198085,0.487414029429768,20.0369968789488
6.48462301587302,0.685755449345477,0.732822573351392,0.487180911726586,20.0374332507658
6.48472222222222,0.685695528706815,0.732803562963011,0.486947905297332,20.0378695662164
6.48482142857143,0.685635614864532,0.732784536042448,0.486715010091092,20.0383058253149
6.48492063492063,0.685575707817071,0.732765492599206,0.486482226056972,20.038742028076
6.48501984126984,0.685515807562877,0.732746432642784,0.486249553144092,20.0391781745141
6.48511904761905,0.685455914100398,0.732727356182678,0.48601699130159,20.0396142646436
6.48521825396825,0.685396027428083,0.732708263228379,0.485784540478619,20.040050298479
6.48531746031746,0.685336147544384,0.732689153789373,0.485552200624351,20.0404862760349
6.48541666666667,0.685276274447756,0.732670027875144,0.485319971687973,20.0409221973256
6.48551587301587,0.685216408136655,0.732650885495171,0.48508785361869,20.0413580623656
6.48561507936508,0.68515654860954,0.732631726658929,0.484855846365722,20.0417938711694
6.48571428571428,0.685096695864874,0.732612551375889,0.484623949878308,20.0422296237514
6.48581349206349,0.685036849901119,0.732593359655519,0.484392164105701,20.0426653201261
6.4859126984127,0.684977010716742,0.732574151507282,0.484160488997173,20.0431009603079
6.4860119047619,0.684917178310211,0.732554926940637,0.483928924502008,20.0435365443112
6.48611111111111,0.684857352679999,0.732535685965039,0.483697470569517,20.0439720721505
6.48621031746032,0.684797533824577,0.732516428589939,0.483466127149018,20.0444075438401
6.48630952380952,0.684737721742422,0.732497154824786,0.483234894189848,20.0448429593946
6.48640873015873,0.684677916432011,0.732477864679021,0.483003771641363,20.0452783188282
6.48650793650794,0.684618117891824,0.732458558162084,0.482772759452933,20.0457136221555
6.48660714285714,0.684558326120346,0.732439235283411,0.482541857573946,20.0461488693908
6.48670634920635,0.68449854111606,0.732419896052434,0.482311065953807,20.0465840605485
6.48680555555556,0.684438762877454,0.732400540478578,0.482080384541938,20.047019195643
6.48690476190476,0.684378991403017,0.732381168571268,0.481849813287775,20.0474542746888
6.48700396825397,0.684319226691243,0.732361780339923,0.481619352140773,20.0478892977001
6.48710317460317,0.684259468740625,0.732342375793958,0.481389001050405,20.0483242646914
6.48720238095238,0.684199717549661,0.732322954942785,0.481158759966157,20.048759175677
6.48730158730159,0.684139973116849,0.732303517795811,0.480928628837536,20.0491940306713
6.48740079365079,0.684080235440691,0.732284064362439,0.480698607614061,20.0496288296887
6.4875,0.684020504519691,0.73226459465207,0.480468696245268,20.0500635727435
6.48759920634921,0.683960780352356,0.732245108674097,0.480238894680717,20.0504982598501
6.48769841269841,0.683901062937194,0.732225606437914,0.480009202869979,20.0509328910228
6.48779761904762,0.683841352272716,0.732206087952906,0.479779620762639,20.051367466276
6.48789682539683,0.683781648357436,0.732186553228459,0.479550148308304,20.051801985624
6.48799603174603,0.683721951189869,0.73216700227395,0.479320785456594,20.0522364490812
6.48809523809524,0.683662260768533,0.732147435098756,0.479091532157148,20.0526708566618
6.48819444444444,0.683602577091949,0.732127851712249,0.478862388359621,20.0531052083803
6.48829365079365,0.68354290015864,0.732108252123795,0.478633354013684,20.0535395042508
6.48839285714286,0.683483229967131,0.732088636342758,0.478404429069026,20.0539737442878
6.48849206349206,0.683423566515949,0.732069004378498,0.478175613475352,20.0544079285055
6.48859126984127,0.683363909803624,0.732049356240371,0.477946907182383,20.0548420569183
6.48869047619048,0.683304259828689,0.732029691937727,0.477718310139857,20.0552761295404
6.48878968253968,0.683244616589678,0.732010011479915,0.47748982229753,20.0557101463861
6.48888888888889,0.683184980085128,0.731990314876277,0.477261443605173,20.0561441074698
6.4889880952381,0.683125350313578,0.731970602136155,0.477033174012571,20.0565780128057
6.4890873015873,0.683065727273571,0.731950873268882,0.476805013469537,20.0570118624081
6.48918650793651,0.68300611096365,0.731931128283792,0.476576961925888,20.0574456562912
6.48928571428571,0.682946501382362,0.731911367190212,0.476349019331463,20.0578793944694
6.48938492063492,0.682886898528255,0.731891589997464,0.476121185636117,20.0583130769569
6.48948412698413,0.682827302399881,0.73187179671487,0.475893460789722,20.0587467037679
6.48958333333333,0.682767712995792,0.731851987351744,0.475665844742167,20.0591802749168
6.48968253968254,0.682708130314546,0.731832161917398,0.475438337443357,20.0596137904177
6.48978174603175,0.6826485543547,0.73181232042114,0.475210938843213,20.060047250285
6.48988095238095,0.682588985114814,0.731792462872275,0.474983648891674,20.0604806545328
6.48998015873016,0.682529422593452,0.7317725892801,0.474756467538696,20.0609140031753
6.49007936507936,0.682469866789179,0.731752699653913,0.47452939473425,20.0613472962269
6.49017857142857,0.682410317700562,0.731732794003005,0.474302430428326,20.0617805337018
6.49027777777778,0.682350775326172,0.731712872336663,0.474075574570928,20.0622137156141
6.49037698412698,0.682291239664581,0.731692934664172,0.473848827112078,20.0626468419781
6.49047619047619,0.682231710714362,0.731672980994811,0.473622188001813,20.063079912808
6.4905753968254,0.682172188474095,0.731653011337857,0.473395657190194,20.0635129281179
6.4906746031746,0.682112672942359,0.73163302570258,0.473169234627289,20.0639458879222
6.49077380952381,0.682053164117734,0.73161302409825,0.472942920263188,20.064378792235
6.49087301587302,0.681993661998805,0.731593006534129,0.472716714047996,20.0648116410704
6.49097222222222,0.681934166584159,0.731572973019477,0.472490615931836,20.0652444344427
6.49107142857143,0.681874677872384,0.731552923563551,0.472264625864845,20.0656771723661
6.49117063492063,0.681815195862072,0.731532858175602,0.47203874379718,20.0661098548546
6.49126984126984,0.681755720551817,0.731512776864879,0.471812969679013,20.0665424819226
6.49136904761905,0.681696251940214,0.731492679640624,0.471587303460533,20.0669750535842
6.49146825396825,0.681636790025861,0.731472566512079,0.471361745091946,20.0674075698534
6.49156746031746,0.681577334807359,0.731452437488479,0.471136294523473,20.0678400307446
6.49166666666667,0.681517886283312,0.731432292579055,0.470910951705354,20.0682724362718
6.49176587301587,0.681458444452325,0.731412131793037,0.470685716587844,20.0687047864491
6.49186507936508,0.681399009313005,0.731391955139647,0.470460589121216,20.0691370812908
6.49196428571429,0.681339580863962,0.731371762628106,0.470235569255756,20.0695693208109
6.49206349206349,0.681280159103809,0.73135155426763,0.470010656941776,20.0700015050237
6.4921626984127,0.681220744031162,0.731331330067431,0.469785852129595,20.0704336339431
6.49226190476191,0.681161335644636,0.731311090036717,0.469561154769551,20.0708657075834
6.49236111111111,0.681101933942852,0.731290834184692,0.469336564812002,20.0712977259586
6.49246031746032,0.681042538924432,0.731270562520556,0.46911208220732,20.0717296890829
6.49255952380952,0.680983150587999,0.731250275053505,0.468887706905893,20.0721615969704
6.49265873015873,0.680923768932181,0.731229971792731,0.468663438858128,20.0725934496351
6.49275793650794,0.680864393955606,0.731209652747423,0.468439278014447,20.0730252470912
6.49285714285714,0.680805025656906,0.731189317926763,0.468215224325289,20.0734569893528
6.49295634920635,0.680745664034714,0.731168967339934,0.467991277741111,20.0738886764339
6.49305555555556,0.680686309087667,0.73114860099611,0.467767438212385,20.0743203083487
6.49315476190476,0.680626960814402,0.731128218904464,0.4675437056896,20.0747518851112
6.49325396825397,0.680567619213561,0.731107821074163,0.467320080123262,20.0751834067354
6.49335317460317,0.680508284283787,0.731087407514373,0.467096561463894,20.0756148732355
6.49345238095238,0.680448956023725,0.731066978234253,0.466873149662033,20.0760462846255
6.49355158730159,0.680389634432023,0.73104653324296,0.466649844668241,20.0764776409195
6.49365079365079,0.680330319507332,0.731026072549645,0.466426646433087,20.0769089421316
6.49375,0.680271011248303,0.731005596163457,0.46620355490716,20.0773401882756
6.49384920634921,0.680211709653593,0.730985104093541,0.465980570041067,20.0777713793658
6.49394841269841,0.680152414721858,0.730964596349035,0.465757691785432,20.0782025154162
6.49404761904762,0.680093126451757,0.730944072939078,0.465534920090892,20.0786335964407
6.49414682539683,0.680033844841953,0.7309235338728,0.465312254908105,20.0790646224535
6.49424603174603,0.679974569891111,0.730902979159331,0.465089696187743,20.0794955934685
6.49434523809524,0.679915301597896,0.730882408807794,0.464867243880496,20.0799265094997
6.49444444444444,0.679856039960979,0.73086182282731,0.464644897937071,20.0803573705613
6.49454365079365,0.67979678497903,0.730841221226995,0.46442265830819,20.080788176667
6.49464285714286,0.679737536650723,0.730820604015962,0.464200524944592,20.0812189278311
6.49474206349206,0.679678294974734,0.730799971203318,0.463978497797035,20.0816496240675
6.49484126984127,0.679619059949742,0.730779322798169,0.463756576816291,20.0820802653901
6.49494047619048,0.679559831574428,0.730758658809614,0.463534761953147,20.082510851813
6.49503968253968,0.679500609847475,0.73073797924675,0.463313053158416,20.0829413833501
6.49513888888889,0.679441394767569,0.73071728411867,0.463091450382917,20.0833718600155
6.4952380952381,0.679382186333398,0.730696573434461,0.46286995357749,20.083802281823
6.4953373015873,0.679322984543651,0.730675847203209,0.462648562692992,20.0842326487867
6.49543650793651,0.679263789397023,0.730655105433993,0.462427277680296,20.0846629609206
6.49553571428571,0.679204600892206,0.730634348135891,0.462206098490292,20.0850932182385
6.49563492063492,0.6791454190279,0.730613575317974,0.461985025073886,20.0855234207545
6.49573412698413,0.679086243802804,0.730592786989311,0.461764057382002,20.0859535684825
6.49583333333333,0.679027075215619,0.730571983158967,0.461543195365579,20.0863836614364
6.49593253968254,0.678967913265051,0.730551163836001,0.461322438975575,20.0868136996302
6.49603174603175,0.678908757949807,0.730530329029471,0.461101788162962,20.0872436830778
6.49613095238095,0.678849609268594,0.73050947874843,0.46088124287873,20.0876736117931
6.49623015873016,0.678790467220126,0.730488613001925,0.460660803073886,20.0881034857901
6.49632936507936,0.678731331803115,0.730467731799001,0.460440468699454,20.0885333050827
6.49642857142857,0.678672203016278,0.730446835148699,0.46022023970647,20.0889630696848
6.49652777777778,0.678613080858334,0.730425923060055,0.460000116045998,20.0893927796103
6.49662698412698,0.678553965328005,0.730404995542102,0.459780097669107,20.0898224348731
6.49672619047619,0.678494856424012,0.730384052603869,0.459560184526888,20.0902520354871
6.4968253968254,0.678435754145082,0.73036309425438,0.459340376570447,20.0906815814663
6.4969246031746,0.678376658489943,0.730342120502655,0.459120673750909,20.0911110728244
6.49702380952381,0.678317569457325,0.730321131357712,0.458901076019413,20.0915405095754
6.49712301587302,0.678258487045961,0.730300126828564,0.458681583327117,20.0919698917332
6.49722222222222,0.678199411254587,0.730279106924217,0.458462195625193,20.0923992193116
6.49732142857143,0.678140342081939,0.730258071653679,0.458242912864832,20.0928284923245
6.49742063492063,0.678081279526758,0.730237021025948,0.458023734997241,20.0932577107858
6.49751984126984,0.678022223587786,0.730215955050023,0.457804661973643,20.0936868747093
6.49761904761905,0.677963174263767,0.730194873734895,0.45758569374528,20.094115984109
6.49771825396825,0.677904131553448,0.730173777089553,0.457366830263407,20.0945450389985
6.49781746031746,0.677845095455579,0.730152665122982,0.457148071479299,20.0949740393919
6.49791666666667,0.677786065968911,0.730131537844163,0.456929417344243,20.0954029853029
6.49801587301587,0.677727043092198,0.730110395262073,0.456710867809552,20.0958318767453
6.49811507936508,0.677668026824197,0.730089237385684,0.456492422826547,20.096260713733
6.49821428571429,0.677609017163667,0.730068064223965,0.456274082346569,20.0966894962799
6.49831349206349,0.677550014109368,0.730046875785882,0.456055846320973,20.0971182243997
6.4984126984127,0.677491017660064,0.730025672080394,0.455837714701135,20.0975468981062
6.49851190476191,0.677432027814521,0.730004453116458,0.455619687438445,20.0979755174133
6.49861111111111,0.677373044571506,0.729983218903028,0.45540176448431,20.0984040823348
6.49871031746032,0.677314067929791,0.729961969449053,0.455183945790154,20.0988325928845
6.49880952380952,0.677255097888149,0.729940704763477,0.454966231307417,20.0992610490761
6.49890873015873,0.677196134445354,0.72991942485524,0.454748620987557,20.0996894509235
6.49900793650794,0.677137177600184,0.729898129733281,0.454531114782047,20.1001177984405
6.49910714285714,0.677078227351419,0.729876819406532,0.454313712642379,20.1005460916407
6.49920634920635,0.677019283697842,0.729855493883921,0.45409641452006,20.1009743305381
6.49930555555556,0.676960346638237,0.729834153174375,0.453879220366614,20.1014025151464
6.49940476190476,0.67690141617139,0.729812797286813,0.453662130133578,20.1018306454793
6.49950396825397,0.676842492296093,0.729791426230153,0.453445143772516,20.1022587215506
6.49960317460318,0.676783575011136,0.729770040013307,0.453228261234999,20.1026867433741
6.49970238095238,0.676724664315313,0.729748638645185,0.453011482472617,20.1031147109635
6.49980158730159,0.676665760207422,0.729727222134692,0.452794807436979,20.1035426243326
6.49990079365079,0.67660686268626,0.729705790490729,0.452578236079709,20.103970483495
6.5,0.676547971750629,0.729684343722192,0.452361768352446,20.1043982884646
6.50009920634921,0.676489087399333,0.729662881837975,0.45214540420685,20.1048260392551
6.50019841269841,0.676430209631177,0.729641404846967,0.451929143594593,20.1052537358802
6.50029761904762,0.67637133844497,0.729619912758052,0.451712986467367,20.1056813783536
6.50039682539682,0.676312473839522,0.729598405580113,0.45149693277688,20.106108966689
6.50049603174603,0.676253615813647,0.729576883322026,0.451280982474856,20.1065365009002
6.50059523809524,0.676194764366159,0.729555345992663,0.451065135513036,20.1069639810009
6.50069444444444,0.676135919495876,0.729533793600895,0.450849391843174,20.1073914070047
6.50079365079365,0.676077081201619,0.729512226155587,0.450633751417051,20.1078187789254
6.50089285714286,0.67601824948221,0.729490643665599,0.450418214186455,20.1082460967767
6.50099206349206,0.675959424336474,0.729469046139789,0.450202780103193,20.1086733605721
6.50109126984127,0.675900605763238,0.729447433587009,0.449987449119091,20.1091005703255
6.50119047619048,0.675841793761331,0.72942580601611,0.449772221185989,20.1095277260506
6.50128968253968,0.675782988329585,0.729404163435936,0.449557096255745,20.1099548277608
6.50138888888889,0.675724189466835,0.729382505855328,0.449342074280233,20.1103818754701
6.50148809523809,0.675665397171916,0.729360833283124,0.449127155211345,20.1108088691919
6.5015873015873,0.675606611443669,0.729339145728157,0.448912339000989,20.11123580894
6.50168650793651,0.675547832280934,0.729317443199256,0.448697625601089,20.111662694728
6.50178571428571,0.675489059682555,0.729295725705247,0.448483014963586,20.1120895265696
6.50188492063492,0.675430293647377,0.72927399325495,0.448268507040439,20.1125163044784
6.50198412698413,0.67537153417425,0.729252245857183,0.448054101783621,20.1129430284681
6.50208333333333,0.675312781262024,0.72923048352076,0.447839799145125,20.1133696985522
6.50218253968254,0.675254034909552,0.729208706254488,0.447625599076955,20.1137963147444
6.50228174603175,0.67519529511569,0.729186914067175,0.447411501531142,20.1142228770584
6.50238095238095,0.675136561879295,0.729165106967621,0.447197506459724,20.1146493855077
6.50248015873016,0.675077835199228,0.729143284964624,0.44698361381476,20.115075840106
6.50257936507937,0.675019115074351,0.729121448066977,0.446769823548324,20.1155022408669
6.50267857142857,0.674960401503529,0.729099596283469,0.446556135612507,20.1159285878039
6.50277777777778,0.674901694485629,0.729077729622885,0.446342549959419,20.1163548809307
6.50287698412698,0.674842994019521,0.729055848094008,0.446129066541183,20.1167811202609
6.50297619047619,0.674784300104077,0.729033951705614,0.445915685309941,20.1172073058081
6.5030753968254,0.674725612738171,0.729012040466477,0.445702406217851,20.1176334375858
6.5031746031746,0.67466693192068,0.728990114385367,0.445489229217088,20.1180595156076
6.50327380952381,0.674608257650483,0.728968173471048,0.445276154259845,20.1184855398872
6.50337301587302,0.674549589926462,0.728946217732283,0.445063181298328,20.118911510438
6.50347222222222,0.674490928747499,0.728924247177828,0.444850310284764,20.1193374272736
6.50357142857143,0.674432274112481,0.728902261816438,0.444637541171393,20.1197632904076
6.50367063492064,0.674373626020297,0.728880261656861,0.444424873910471,20.1201890998536
6.50376984126984,0.674314984469838,0.728858246707844,0.444212308454279,20.1206148556251
6.50386904761905,0.674256349459996,0.728836216978127,0.443999844755106,20.1210405577356
6.50396825396825,0.674197720989668,0.728814172476449,0.44378748276526,20.1214662061987
6.50406746031746,0.674139099057751,0.728792113211543,0.443575222437066,20.1218918010279
6.50416666666667,0.674080483663145,0.728770039192138,0.443363063722866,20.1223173422368
6.50426587301587,0.674021874804754,0.72874795042696,0.443151006575019,20.1227428298388
6.50436507936508,0.673963272481481,0.728725846924731,0.4429390509459,20.1231682638475
6.50446428571429,0.673904676692236,0.728703728694168,0.4427271967879,20.1235936442765
6.50456349206349,0.673846087435926,0.728681595743984,0.442515444053427,20.1240189711391
6.5046626984127,0.673787504711465,0.728659448082891,0.442303792694909,20.124444244449
6.5047619047619,0.673728928517766,0.728637285719592,0.442092242664785,20.1248694642196
6.50486111111111,0.673670358853747,0.72861510866279,0.441880793915515,20.1252946304644
6.50496031746032,0.673611795718326,0.728592916921183,0.441669446399574,20.1257197431969
6.50505952380952,0.673553239110426,0.728570710503463,0.441458200069455,20.1261448024306
6.50515873015873,0.673494689028969,0.728548489418322,0.441247054877662,20.126569808179
6.50525793650794,0.673436145472882,0.728526253674444,0.441036010776727,20.1269947604556
6.50535714285714,0.673377608441095,0.728504003280511,0.440825067719189,20.1274196592737
6.50545634920635,0.673319077932538,0.728481738245201,0.440614225657607,20.127844504647
6.50555555555556,0.673260553946143,0.728459458577188,0.440403484544557,20.1282692965888
6.50565476190476,0.673202036480848,0.728437164285141,0.440192844332629,20.1286940351126
6.50575396825397,0.673143525535589,0.728414855377727,0.439982304974434,20.1291187202319
6.50585317460317,0.673085021109307,0.728392531863607,0.439771866422597,20.12954335196
6.50595238095238,0.673026523200945,0.728370193751438,0.439561528629759,20.1299679303105
6.50605158730159,0.672968031809448,0.728347841049875,0.439351291548581,20.1303924552968
6.50615079365079,0.672909546933764,0.728325473767568,0.439141155131736,20.1308169269323
6.50625,0.672851068572842,0.728303091913162,0.438931119331918,20.1312413452305
6.50634920634921,0.672792596725634,0.728280695495299,0.438721184101836,20.1316657102046
6.50644841269841,0.672734131391095,0.728258284522616,0.438511349394214,20.1320900218683
6.50654761904762,0.672675672568183,0.728235859003749,0.438301615161796,20.1325142802349
6.50664682539683,0.672617220255854,0.728213418947326,0.438091981357338,20.1329384853177
6.50674603174603,0.672558774453073,0.728190964361975,0.43788244793362,20.1333626371303
6.50684523809524,0.672500335158803,0.728168495256315,0.437673014843433,20.1337867356859
6.50694444444444,0.67244190237201,0.728146011638966,0.437463682039586,20.134210780998
6.50704365079365,0.672383476091663,0.728123513518542,0.437254449474903,20.13463477308
6.50714285714286,0.672325056316732,0.728101000903652,0.437045317102229,20.1350587119452
6.50724206349206,0.672266643046192,0.728078473802902,0.436836284874421,20.1354825976071
6.50734126984127,0.672208236279018,0.728055932224895,0.436627352744356,20.135906430079
6.50744047619048,0.672149836014188,0.728033376178227,0.436418520664927,20.1363302093742
6.50753968253968,0.672091442250682,0.728010805671495,0.436209788589041,20.1367539355062
6.50763888888889,0.672033054987484,0.727988220713286,0.436001156469626,20.1371776084883
6.50773809523809,0.671974674223579,0.727965621312188,0.435792624259624,20.1376012283338
6.5078373015873,0.671916299957953,0.727943007476782,0.435584191911994,20.1380247950561
6.50793650793651,0.671857932189598,0.727920379215646,0.435375859379712,20.1384483086685
6.50803571428571,0.671799570917506,0.727897736537355,0.435167626615771,20.1388717691844
6.50813492063492,0.671741216140669,0.727875079450478,0.434959493573177,20.1392951766171
6.50823412698413,0.671682867858088,0.727852407963583,0.434751460204962,20.1397185309799
6.50833333333333,0.67162452606876,0.727829722085229,0.434543526464166,20.1401418322862
6.50843253968254,0.671566190771687,0.727807021823977,0.434335692303848,20.1405650805492
6.50853174603175,0.671507861965873,0.72778430718838,0.434127957677084,20.1409882757823
6.50863095238095,0.671449539650325,0.727761578186988,0.433920322536968,20.1414114179988
6.50873015873016,0.671391223824052,0.727738834828347,0.433712786836608,20.141834507212
6.50882936507937,0.671332914486064,0.727716077121,0.43350535052913,20.1422575434352
6.50892857142857,0.671274611635375,0.727693305073484,0.433298013567678,20.1426805266817
6.50902777777778,0.671216315271002,0.727670518694334,0.433090775905411,20.1431034569648
6.50912698412698,0.671158025391961,0.72764771799208,0.432883637495506,20.1435263342977
6.50922619047619,0.671099741997274,0.727624902975249,0.432676598291154,20.1439491586938
6.5093253968254,0.671041465085965,0.727602073652361,0.432469658245566,20.1443719301662
6.5094246031746,0.670983194657057,0.727579230031937,0.432262817311969,20.1447946487284
6.50952380952381,0.670924930709579,0.727556372122489,0.432056075443604,20.1452173143934
6.50962301587302,0.67086667324256,0.727533499932529,0.43184943259373,20.1456399271747
6.50972222222222,0.670808422255034,0.727510613470562,0.431642888715627,20.1460624870855
6.50982142857143,0.670750177746035,0.727487712745091,0.431436443762586,20.1464849941389
6.50992063492064,0.6706919397146,0.727464797764614,0.431230097687917,20.1469074483483
6.51001984126984,0.670633708159768,0.727441868537626,0.431023850444947,20.1473298497268
6.51011904761905,0.670575483080582,0.727418925072617,0.430817701987017,20.1477521982878
6.51021825396825,0.670517264476085,0.727395967378072,0.430611652267489,20.1481744940445
6.51031746031746,0.670459052345325,0.727372995462475,0.430405701239739,20.14859673701
6.51041666666667,0.670400846687349,0.727350009334304,0.430199848857159,20.1490189271976
6.51051587301587,0.670342647501209,0.727327009002033,0.42999409507316,20.1494410646205
6.51061507936508,0.67028445478596,0.727303994474133,0.429788439841168,20.1498631492919
6.51071428571429,0.670226268540656,0.72728096575907,0.429582883114627,20.150285181225
6.51081349206349,0.670168088764356,0.727257922865306,0.429377424846996,20.1507071604331
6.5109126984127,0.670109915456121,0.727234865801301,0.429172064991752,20.1511290869293
6.5110119047619,0.670051748615014,0.727211794575507,0.428966803502389,20.1515509607267
6.51111111111111,0.6699935882401,0.727188709196376,0.428761640332413,20.1519727818387
6.51121031746032,0.669935434330447,0.727165609672355,0.428556575435357,20.1523945502783
6.51130952380952,0.669877286885126,0.727142496011885,0.428351608764761,20.1528162660588
6.51140873015873,0.669819145903209,0.727119368223406,0.428146740274185,20.1532379291933
6.51150793650794,0.66976101138377,0.727096226315352,0.427941969917207,20.153659539695
6.51160714285714,0.669702883325886,0.727073070296152,0.42773729764742,20.154081097577
6.51170634920635,0.669644761728638,0.727049900174235,0.427532723418433,20.1545026028525
6.51180555555556,0.669586646591108,0.727026715958022,0.427328247183873,20.1549240555346
6.51190476190476,0.669528537912379,0.727003517655932,0.427123868897385,20.1553454556366
6.51200396825397,0.669470435691538,0.72698030527638,0.426919588512628,20.1557668031714
6.51210317460317,0.669412339927674,0.726957078827775,0.42671540598328,20.1561880981523
6.51220238095238,0.669354250619879,0.726933838318526,0.426511321263033,20.1566093405925
6.51230158730159,0.669296167767246,0.726910583757034,0.426307334305598,20.1570305305049
6.51240079365079,0.669238091368872,0.726887315151697,0.426103445064702,20.1574516679028
6.5125,0.669180021423854,0.726864032510911,0.425899653494088,20.1578727527992
6.51259920634921,0.669121957931294,0.726840735843067,0.425695959547515,20.1582937852073
6.51269841269841,0.669063900890294,0.72681742515655,0.425492363178764,20.1587147651402
6.51279761904762,0.669005850299962,0.726794100459744,0.425288864341627,20.159135692611
6.51289682539683,0.668947806159403,0.726770761761028,0.425085462989914,20.1595565676327
6.51299603174603,0.668889768467729,0.726747409068775,0.424882159077452,20.1599773902185
6.51309523809524,0.668831737224052,0.726724042391357,0.424678952558085,20.1603981603814
6.51319444444444,0.668773712427487,0.726700661737141,0.424475843385674,20.1608188781346
6.51329365079365,0.668715694077151,0.726677267114489,0.424272831514094,20.161239543491
6.51339285714286,0.668657682172164,0.726653858531759,0.424069916897242,20.1616601564639
6.51349206349206,0.668599676711648,0.726630435997308,0.423867099489026,20.1620807170661
6.51359126984127,0.668541677694727,0.726606999519484,0.423664379243374,20.1625012253109
6.51369047619048,0.668483685120529,0.726583549106637,0.42346175611423,20.1629216812113
6.51378968253968,0.668425698988182,0.726560084767107,0.423259230055554,20.1633420847802
6.51388888888889,0.668367719296817,0.726536606509234,0.423056801021325,20.1637624360308
6.5139880952381,0.668309746045569,0.726513114341353,0.422854468965535,20.1641827349762
6.5140873015873,0.668251779233574,0.726489608271794,0.422652233842193,20.1646029816292
6.51418650793651,0.66819381885997,0.726466088308885,0.422450095605332,20.165023176003
6.51428571428572,0.668135864923898,0.726442554460948,0.422248054208992,20.1654433181107
6.51438492063492,0.668077917424502,0.726419006736303,0.422046109607235,20.1658634079651
6.51448412698413,0.668019976360927,0.726395445143263,0.421844261754138,20.1662834455794
6.51458333333333,0.667962041732321,0.726371869690141,0.421642510603795,20.1667034309665
6.51468253968254,0.667904113537834,0.726348280385242,0.421440856110317,20.1671233641394
6.51478174603175,0.66784619177662,0.72632467723687,0.421239298227831,20.1675432451113
6.51488095238095,0.667788276447833,0.726301060253325,0.421037836910482,20.1679630738949
6.51498015873016,0.66773036755063,0.726277429442899,0.420836472112431,20.1683828505035
6.51507936507937,0.667672465084172,0.726253784813886,0.420635203787854,20.1688025749498
6.51517857142857,0.66761456904762,0.726230126374571,0.420434031890946,20.169222247247
6.51527777777778,0.667556679440139,0.726206454133238,0.420232956375919,20.169641867408
6.51537698412698,0.667498796260896,0.726182768098166,0.420031977196999,20.1700614354457
6.51547619047619,0.66744091950906,0.72615906827763,0.419831094308432,20.1704809513732
6.5155753968254,0.667383049183802,0.726135354679899,0.419630307664474,20.1709004152033
6.5156746031746,0.667325185284297,0.726111627313244,0.41942961721941,20.1713198269491
6.51577380952381,0.667267327809722,0.726087886185925,0.419229022927531,20.1717391866236
6.51587301587302,0.667209476759253,0.726064131306202,0.419028524743149,20.1721584942395
6.51597222222222,0.667151632132074,0.72604036268233,0.41882812262059,20.17257774981
6.51607142857143,0.667093793927366,0.72601658032256,0.418627816514199,20.1729969533479
6.51617063492063,0.667035962144316,0.725992784235139,0.418427606378338,20.1734161048662
6.51626984126984,0.666978136782111,0.725968974428311,0.418227492167384,20.1738352043778
6.51636904761905,0.666920317839943,0.725945150910315,0.418027473835732,20.1742542518956
6.51646825396825,0.666862505317004,0.725921313689385,0.417827551337793,20.1746732474325
6.51656746031746,0.666804699212489,0.725897462773753,0.417627724627994,20.1750921910015
6.51666666666667,0.666746899525595,0.725873598171646,0.417427993660781,20.1755110826155
6.51676587301587,0.666689106255523,0.725849719891287,0.417228358390615,20.1759299222873
6.51686507936508,0.666631319401475,0.725825827940896,0.417028818771973,20.1763487100299
6.51696428571428,0.666573538962656,0.725801922328687,0.41682937475935,20.1767674458561
6.51706349206349,0.666515764938271,0.725778003062872,0.416630026307255,20.1771861297789
6.5171626984127,0.666457997327531,0.725754070151658,0.416430773370222,20.1776047618111
6.5172619047619,0.666400236129648,0.725730123603249,0.416231615902791,20.1780233419656
6.51736111111111,0.666342481343835,0.725706163425843,0.416032553859526,20.1784418702553
6.51746031746032,0.666284732969309,0.725682189627636,0.415833587195003,20.1788603466931
6.51755952380952,0.666226991005288,0.725658202216819,0.415634715863817,20.1792787712918
6.51765873015873,0.666169255450994,0.72563420120158,0.41543593982058,20.1796971440642
6.51775793650794,0.66611152630565,0.725610186590102,0.415237259019921,20.1801154650233
6.51785714285714,0.666053803568482,0.725586158390564,0.415038673416483,20.1805337341819
6.51795634920635,0.665996087238719,0.725562116611141,0.414840182964929,20.1809519515528
6.51805555555556,0.66593837731559,0.725538061260005,0.414641787619937,20.1813701171488
6.51815476190476,0.665880673798328,0.725513992345324,0.414443487336201,20.1817882309828
6.51825396825397,0.66582297668617,0.72548990987526,0.414245282068433,20.1822062930677
6.51835317460317,0.665765285978352,0.725465813857973,0.414047171771362,20.1826243034162
6.51845238095238,0.665707601674115,0.725441704301618,0.413849156399731,20.1830422620412
6.51855158730159,0.665649923772699,0.725417581214347,0.413651235908302,20.1834601689555
6.51865079365079,0.665592252273353,0.725393444604308,0.413453410251856,20.1838780241719
6.51875,0.66553458717532,0.725369294479643,0.413255679385187,20.1842958277032
6.51884920634921,0.665476928477852,0.725345130848492,0.413058043263106,20.1847135795622
6.51894841269841,0.6654192761802,0.725320953718991,0.412860501840441,20.1851312797616
6.51904761904762,0.665361630281617,0.725296763099272,0.412663055072038,20.1855489283144
6.51914682539683,0.665303990781361,0.72527255899746,0.412465702912759,20.1859665252332
6.51924603174603,0.66524635767869,0.725248341421681,0.412268445317481,20.1863840705309
6.51934523809524,0.665188730972866,0.725224110380054,0.4120712822411,20.1868015642203
6.51944444444444,0.665131110663152,0.725199865880694,0.411874213638529,20.187219006314
6.51954365079365,0.665073496748815,0.725175607931712,0.411677239464694,20.1876363968248
6.51964285714286,0.665015889229121,0.725151336541217,0.411480359674543,20.1880537357656
6.51974206349206,0.664958288103343,0.725127051717311,0.411283574223036,20.1884710231491
6.51984126984127,0.664900693370752,0.725102753468095,0.411086883065152,20.188888258988
6.51994047619048,0.664843105030625,0.725078441801664,0.410890286155887,20.1893054432951
6.52003968253968,0.664785523082239,0.72505411672611,0.41069378345025,20.1897225760831
6.52013888888889,0.664727947524874,0.72502977824952,0.410497374903274,20.1901396573648
6.5202380952381,0.664670378357813,0.725005426379978,0.410301060470003,20.1905566871528
6.5203373015873,0.664612815580341,0.724981061125564,0.410104840105499,20.19097366546
6.52043650793651,0.664555259191744,0.724956682494352,0.40990871376484,20.1913905922989
6.52053571428571,0.664497709191313,0.724932290494416,0.409712681403121,20.1918074676825
6.52063492063492,0.664440165578339,0.724907885133822,0.409516742975456,20.1922242916233
6.52073412698413,0.664382628352116,0.724883466420635,0.409320898436972,20.192641064134
6.52083333333333,0.664325097511941,0.724859034362914,0.409125147742815,20.1930577852274
6.52093253968254,0.664267573057112,0.724834588968714,0.408929490848148,20.1934744549162
6.52103174603175,0.664210054986933,0.724810130246088,0.408733927708149,20.193891073213
6.52113095238095,0.664152543300705,0.724785658203083,0.408538458278014,20.1943076401306
6.52123015873016,0.664095037997735,0.724761172847743,0.408343082512955,20.1947241556816
6.52132936507936,0.664037539077331,0.724736674188108,0.408147800368201,20.1951406198787
6.52142857142857,0.663980046538804,0.724712162232214,0.407952611798997,20.1955570327346
6.52152777777778,0.663922560381467,0.724687636988091,0.407757516760604,20.1959733942619
6.52162698412698,0.663865080604637,0.724663098463769,0.407562515208305,20.1963897044733
6.52172619047619,0.66380760720763,0.724638546667271,0.407367607097394,20.1968059633815
6.5218253968254,0.663750140189767,0.724613981606617,0.407172792383183,20.197222170999
6.5219246031746,0.66369267955037,0.724589403289823,0.406978071021001,20.1976383273386
6.52202380952381,0.663635225288764,0.7245648117249,0.406783442966194,20.198054432413
6.52212301587302,0.663577777404277,0.724540206919857,0.406588908174125,20.1984704862346
6.52222222222222,0.663520335896238,0.724515588882697,0.406394466600172,20.1988864888163
6.52232142857143,0.66346290076398,0.724490957621421,0.406200118199731,20.1993024401705
6.52242063492063,0.663405472006835,0.724466313144023,0.406005862928214,20.1997183403099
6.52251984126984,0.663348049624142,0.724441655458497,0.405811700741052,20.2001341892472
6.52261904761905,0.663290633615239,0.72441698457283,0.40561763159369,20.2005499869949
6.52271825396825,0.663233223979468,0.724392300495005,0.40542365544159,20.2009657335657
6.52281746031746,0.663175820716172,0.724367603233004,0.405229772240232,20.2013814289721
6.52291666666667,0.663118423824698,0.724342892794802,0.405035981945112,20.2017970732268
6.52301587301587,0.663061033304394,0.72431816918837,0.404842284511739,20.2022126663424
6.52311507936508,0.663003649154611,0.724293432421678,0.404648679895649,20.2026282083313
6.52321428571429,0.662946271374702,0.724268682502689,0.404455168052385,20.2030436992063
6.52331349206349,0.662888899964023,0.724243919439363,0.404261748937508,20.2034591389799
6.5234126984127,0.662831534921932,0.724219143239655,0.4040684225066,20.2038745276647
6.52351190476191,0.662774176247789,0.724194353911519,0.403875188715256,20.2042898652732
6.52361111111111,0.662716823940957,0.724169551462903,0.403682047519088,20.204705151818
6.52371031746032,0.6626594780008,0.724144735901749,0.403488998873727,20.2051203873117
6.52380952380952,0.662602138426687,0.724119907235999,0.403296042734818,20.2055355717667
6.52390873015873,0.662544805217987,0.724095065473588,0.403103179058024,20.2059507051958
6.52400793650794,0.662487478374071,0.724070210622449,0.402910407799025,20.2063657876113
6.52410714285714,0.662430157894315,0.72404534269051,0.402717728913517,20.2067808190259
6.52420634920635,0.662372843778095,0.724020461685695,0.402525142357213,20.2071957994521
6.52430555555556,0.66231553602479,0.723995567615924,0.402332648085842,20.2076107289024
6.52440476190476,0.662258234633783,0.723970660489113,0.402140246055151,20.2080256073893
6.52450396825397,0.662200939604455,0.723945740313174,0.4019479362209,20.2084404349254
6.52460317460318,0.662143650936195,0.723920807096016,0.401755718538874,20.2088552115231
6.52470238095238,0.662086368628391,0.723895860845543,0.401563592964867,20.209269937195
6.52480158730159,0.662029092680434,0.723870901569655,0.401371559454692,20.2096846119536
6.52490079365079,0.661971823091717,0.723845929276248,0.401179617964179,20.2100992358113
6.525,0.661914559861635,0.723820943973215,0.400987768449173,20.2105138087807
6.52509920634921,0.661857302989587,0.723795945668444,0.400796010865539,20.2109283308743
6.52519841269841,0.661800052474973,0.723770934369819,0.400604345169155,20.2113428021046
6.52529761904762,0.661742808317196,0.72374591008522,0.400412771315919,20.2117572224839
6.52539682539683,0.661685570515661,0.723720872822525,0.400221289261743,20.2121715920249
6.52549603174603,0.661628339069776,0.723695822589604,0.400029898962558,20.2125859107399
6.52559523809524,0.66157111397895,0.723670759394326,0.39983860037431,20.2130001786414
6.52569444444444,0.661513895242595,0.723645683244556,0.399647393452962,20.213414395742
6.52579365079365,0.661456682860127,0.723620594148154,0.399456278154494,20.213828562054
6.52589285714286,0.661399476830962,0.723595492112977,0.399265254434904,20.2142426775899
6.52599206349206,0.661342277154518,0.723570377146876,0.3990743222502,20.2146567423621
6.52609126984127,0.661285083830219,0.7235452492577,0.39888348155642,20.2150707563831
6.52619047619048,0.661227896857488,0.723520108453294,0.398692732309606,20.2154847196653
6.52628968253968,0.661170716235751,0.723494954741498,0.398502074465822,20.2158986322212
6.52638888888889,0.661113541964437,0.723469788130149,0.398311507981149,20.2163124940632
6.5264880952381,0.661056374042977,0.723444608627078,0.398121032811683,20.2167263052036
6.5265873015873,0.660999212470805,0.723419416240115,0.397930648913537,20.2171400656549
6.52668650793651,0.660942057247356,0.723394210977084,0.397740356242842,20.2175537754296
6.52678571428571,0.660884908372069,0.723368992845805,0.397550154755744,20.21796743454
6.52688492063492,0.660827765844384,0.723343761854094,0.397360044408407,20.2183810429985
6.52698412698413,0.660770629663743,0.723318518009765,0.397170025157011,20.2187946008175
6.52708333333333,0.660713499829593,0.723293261320626,0.396980096957754,20.2192081080095
6.52718253968254,0.66065637634138,0.723267991794481,0.396790259766848,20.2196215645867
6.52728174603175,0.660599259198555,0.723242709439131,0.396600513540524,20.2200349705616
6.52738095238095,0.66054214840057,0.723217414262373,0.396410858235028,20.2204483259466
6.52748015873016,0.660485043946878,0.723192106271998,0.396221293806623,20.220861630754
6.52757936507937,0.660427945836939,0.723166785475796,0.396031820211593,20.2212748849962
6.52767857142857,0.660370854070211,0.723141451881551,0.395842437406233,20.2216880886855
6.52777777777778,0.660313768646156,0.723116105497044,0.395653145346856,20.2221012418344
6.52787698412698,0.660256689564238,0.723090746330052,0.395463943989793,20.2225143444551
6.52797619047619,0.660199616823923,0.723065374388346,0.395274833291392,20.22292739656
6.5280753968254,0.66014255042468,0.723039989679697,0.395085813208015,20.2233403981614
6.5281746031746,0.66008549036598,0.723014592211867,0.394896883696043,20.2237533492718
6.52827380952381,0.660028436647297,0.722989181992619,0.394708044711874,20.2241662499033
6.52837301587302,0.659971389268107,0.722963759029709,0.394519296211921,20.2245791000684
6.52847222222222,0.659914348227888,0.722938323330888,0.394330638152615,20.2249918997793
6.52857142857143,0.659857313526121,0.722912874903908,0.394142070490403,20.2254046490485
6.52867063492063,0.659800285162288,0.72288741375651,0.393953593181749,20.2258173478881
6.52876984126984,0.659743263135875,0.722861939896438,0.393765206183133,20.2262299963105
6.52886904761905,0.65968624744637,0.722836453331427,0.393576909451054,20.226642594328
6.52896825396825,0.659629238093261,0.72281095406921,0.393388702942021,20.2270551419529
6.52906746031746,0.659572235076044,0.722785442117515,0.393200586612572,20.2274676391975
6.52916666666667,0.659515238394211,0.722759917484069,0.39301256041925,20.2278800860741
6.52926587301587,0.65945824804726,0.722734380176591,0.39282462431862,20.2282924825949
6.52936507936508,0.659401264034691,0.722708830202799,0.392636778267263,20.2287048287723
6.52946428571429,0.659344286356005,0.722683267570404,0.392449022221776,20.2291171246185
6.52956349206349,0.659287315010707,0.722657692287117,0.392261356138773,20.2295293701457
6.5296626984127,0.659230349998303,0.722632104360641,0.392073779974884,20.2299415653663
6.52976190476191,0.659173391318301,0.722606503798678,0.391886293686759,20.2303537102925
6.52986111111111,0.659116438970215,0.722580890608925,0.39169889723106,20.2307658049365
6.52996031746032,0.659059492953555,0.722555264799074,0.391511590564468,20.2311778493106
6.53005952380952,0.65900255326784,0.722529626376814,0.391324373643681,20.2315898434271
6.53015873015873,0.658945619912588,0.722503975349831,0.391137246425414,20.2320017872981
6.53025793650794,0.658888692887318,0.722478311725805,0.390950208866397,20.2324136809359
6.53035714285714,0.658831772191554,0.722452635512413,0.390763260923377,20.2328255243528
6.53045634920635,0.658774857824821,0.722426946717328,0.390576402553117,20.2332373175609
6.53055555555556,0.658717949786649,0.722401245348219,0.390389633712403,20.2336490605725
6.53065476190476,0.658661048076565,0.722375531412751,0.390202954358029,20.2340607533998
6.53075396825397,0.658604152694104,0.722349804918585,0.390016364446811,20.234472396055
6.53085317460318,0.6585472636388,0.722324065873379,0.389829863935579,20.2348839885503
6.53095238095238,0.65849038091019,0.722298314284784,0.389643452781181,20.2352955308979
6.53105158730159,0.658433504507813,0.722272550160451,0.389457130940481,20.23570702311
6.53115079365079,0.658376634431212,0.722246773508024,0.389270898370361,20.2361184651988
6.53125,0.658319770679931,0.722220984335144,0.389084755027718,20.2365298571764
6.53134920634921,0.658262913253517,0.722195182649448,0.388898700869467,20.2369411990551
6.53144841269841,0.658206062151519,0.722169368458569,0.388712735852539,20.237352490847
6.53154761904762,0.658149217373487,0.722143541770138,0.388526859933882,20.2377637325643
6.53164682539682,0.658092378918977,0.722117702591777,0.388341073070461,20.2381749242191
6.53174603174603,0.658035546787543,0.72209185093111,0.388155375219256,20.2385860658237
6.53184523809524,0.657978720978745,0.722065986795752,0.387969766337266,20.2389971573901
6.53194444444444,0.657921901492142,0.722040110193316,0.387784246381503,20.2394081989305
6.53204365079365,0.657865088327299,0.722014221131414,0.387598815309003,20.2398191904571
6.53214285714286,0.657808281483781,0.721988319617648,0.387413473076812,20.2402301319819
6.53224206349206,0.657751480961156,0.721962405659621,0.387228219641995,20.2406410235172
6.53234126984127,0.657694686758995,0.72193647926493,0.387043054961632,20.2410518650751
6.53244047619048,0.657637898876869,0.721910540441168,0.386857978992822,20.2414626566676
6.53253968253968,0.657581117314353,0.721884589195923,0.38667299169268,20.2418733983069
6.53263888888889,0.657524342071026,0.721858625536782,0.386488093018337,20.2422840900052
6.53273809523809,0.657467573146466,0.721832649471326,0.386303282926941,20.2426947317745
6.5328373015873,0.657410810540257,0.721806661007132,0.386118561375657,20.2431053236269
6.53293650793651,0.657354054251981,0.721780660151772,0.385933928321667,20.2435158655745
6.53303571428571,0.657297304281226,0.721754646912817,0.385749383722169,20.2439263576295
6.53313492063492,0.657240560627582,0.721728621297832,0.385564927534377,20.2443367998039
6.53323412698413,0.657183823290639,0.721702583314378,0.385380559715524,20.2447471921097
6.53333333333333,0.657127092269992,0.721676532970012,0.385196280222858,20.2451575345592
6.53343253968254,0.657070367565235,0.721650470272288,0.385012089013641,20.2455678271643
6.53353174603175,0.65701364917597,0.721624395228755,0.384827986045159,20.2459780699372
6.53363095238095,0.656956937101796,0.721598307846958,0.38464397127471,20.2463882628898
6.53373015873016,0.656900231342316,0.72157220813444,0.384460044659606,20.2467984060343
6.53382936507937,0.656843531897136,0.721546096098736,0.384276206157182,20.2472084993827
6.53392857142857,0.656786838765865,0.721519971747381,0.384092455724784,20.247618542947
6.53402777777778,0.656730151948112,0.721493835087904,0.383908793319778,20.2480285367393
6.53412698412698,0.65667347144349,0.721467686127831,0.383725218899546,20.2484384807717
6.53422619047619,0.656616797251614,0.721441524874682,0.383541732421486,20.2488483750562
6.5343253968254,0.656560129372103,0.721415351335976,0.383358333843013,20.2492582196047
6.5344246031746,0.656503467804574,0.721389165519225,0.383175023121559,20.2496680144294
6.53452380952381,0.656446812548652,0.72136296743194,0.382991800214574,20.2500777595423
6.53462301587302,0.65639016360396,0.721336757081626,0.382808665079521,20.2504874549553
6.53472222222222,0.656333520970124,0.721310534475784,0.382625617673883,20.2508971006805
6.53482142857143,0.656276884646776,0.721284299621911,0.382442657955159,20.2513066967299
6.53492063492064,0.656220254633544,0.721258052527502,0.382259785880861,20.2517162431155
6.53501984126984,0.656163630930065,0.721231793200046,0.382077001408527,20.2521257398493
6.53511904761905,0.656107013535974,0.721205521647028,0.381894304495702,20.2525351869432
6.53521825396825,0.65605040245091,0.72117923787593,0.381711695099952,20.2529445844093
6.53531746031746,0.655993797674514,0.72115294189423,0.381529173178858,20.2533539322596
6.53541666666667,0.65593719920643,0.721126633709401,0.381346738690021,20.2537632305059
6.53551587301587,0.655880607046302,0.721100313328913,0.381164391591055,20.2541724791604
6.53561507936508,0.65582402119378,0.721073980760231,0.380982131839592,20.2545816782349
6.53571428571429,0.655767441648513,0.721047636010817,0.380799959393281,20.2549908277414
6.53581349206349,0.655710868410155,0.721021279088129,0.380617874209787,20.2553999276919
6.5359126984127,0.65565430147836,0.72099490999962,0.380435876246794,20.2558089780984
6.5360119047619,0.655597740852787,0.72096852875274,0.380253965461999,20.2562179789727
6.53611111111111,0.655541186533095,0.720942135354935,0.380072141813118,20.2566269303268
6.53621031746032,0.655484638518946,0.720915729813647,0.379890405257884,20.2570358321727
6.53630952380952,0.655428096810005,0.720889312136312,0.379708755754045,20.2574446845222
6.53640873015873,0.655371561405939,0.720862882330365,0.379527193259365,20.2578534873874
6.53650793650794,0.655315032306417,0.720836440403236,0.379345717731631,20.2582622407801
6.53660714285714,0.655258509511112,0.72080998636235,0.379164329128638,20.2586709447123
6.53670634920635,0.655201993019697,0.720783520215129,0.378983027408205,20.2590795991958
6.53680555555556,0.655145482831848,0.720757041968991,0.378801812528161,20.2594882042426
6.53690476190476,0.655088978947244,0.72073055163135,0.378620684446357,20.2598967598646
6.53700396825397,0.655032481365567,0.720704049209615,0.378439643120659,20.2603052660736
6.53710317460317,0.6549759900865,0.720677534711192,0.378258688508948,20.2607137228816
6.53720238095238,0.654919505109729,0.720651008143483,0.378077820569124,20.2611221303005
6.53730158730159,0.654863026434942,0.720624469513887,0.377897039259103,20.261530488342
6.53740079365079,0.65480655406183,0.720597918829796,0.377716344536817,20.2619387970182
6.5375,0.654750087990084,0.7205713560986,0.377535736360216,20.2623470563409
6.53759920634921,0.654693628219402,0.720544781327686,0.377355214687265,20.262755266322
6.53769841269841,0.65463717474948,0.720518194524436,0.377174779475948,20.2631634269732
6.53779761904762,0.654580727580019,0.720491595696227,0.376994430684262,20.2635715383065
6.53789682539683,0.65452428671072,0.720464984850432,0.376814168270222,20.2639796003338
6.53799603174603,0.654467852141289,0.720438361994423,0.376633992191866,20.2643876130668
6.53809523809524,0.654411423871433,0.720411727135565,0.376453902407239,20.2647955765174
6.53819444444444,0.654355001900861,0.720385080281221,0.376273898874409,20.2652034906975
6.53829365079365,0.654298586229285,0.720358421438747,0.376093981551458,20.2656113556189
6.53839285714286,0.654242176856419,0.720331750615498,0.375914150396486,20.2660191712934
6.53849206349206,0.65418577378198,0.720305067818824,0.375734405367608,20.2664269377328
6.53859126984127,0.654129377005686,0.720278373056071,0.375554746422957,20.266834654949
6.53869047619048,0.654072986527259,0.720251666334581,0.375375173520683,20.2672423229538
6.53878968253968,0.654016602346422,0.720224947661692,0.375195686618952,20.267649941759
6.53888888888889,0.653960224462902,0.720198217044738,0.375016285675947,20.2680575113763
6.53898809523809,0.653903852876426,0.720171474491049,0.374836970649867,20.2684650318176
6.5390873015873,0.653847487586725,0.720144720007951,0.374657741498928,20.2688725030947
6.53918650793651,0.653791128593533,0.720117953602767,0.374478598181364,20.2692799252194
6.53928571428571,0.653734775896585,0.720091175282814,0.374299540655425,20.2696872982034
6.53938492063492,0.653678429495617,0.720064385055406,0.374120568879373,20.2700946220586
6.53948412698413,0.653622089390372,0.720037582927853,0.373941682811497,20.2705018967966
6.53958333333333,0.653565755580591,0.720010768907463,0.373762882410094,20.2709091224293
6.53968253968254,0.653509428066019,0.719983943001536,0.37358416763348,20.2713162989685
6.53978174603175,0.653453106846403,0.719957105217372,0.373405538439989,20.2717234264259
6.53988095238095,0.653396791921493,0.719930255562263,0.37322699478797,20.2721305048132
6.53998015873016,0.65334048329104,0.719903394043501,0.37304853663579,20.2725375341422
6.54007936507937,0.653284180954799,0.719876520668372,0.372870163941831,20.2729445144246
6.54017857142857,0.653227884912527,0.719849635444157,0.372691876664494,20.2733514456723
6.54027777777778,0.653171595163982,0.719822738378135,0.372513674762196,20.2737583278969
6.54037698412698,0.653115311708926,0.719795829477581,0.372335558193368,20.2741651611101
6.54047619047619,0.653059034547122,0.719768908749764,0.372157526916461,20.2745719453237
6.5405753968254,0.653002763678337,0.71974197620195,0.371979580889943,20.2749786805494
6.5406746031746,0.65294649910234,0.719715031841403,0.371801720072295,20.2753853667988
6.54077380952381,0.6528902408189,0.71968807567538,0.371623944422018,20.2757920040839
6.54087301587302,0.65283398882779,0.719661107711135,0.371446253897626,20.2761985924161
6.54097222222222,0.652777743128787,0.719634127955919,0.371268648457658,20.2766051318073
6.54107142857143,0.652721503721669,0.719607136416979,0.37109112806066,20.2770116222691
6.54117063492064,0.652665270606215,0.719580133101556,0.3709136926652,20.2774180638132
6.54126984126984,0.652609043782209,0.719553118016889,0.37073634222986,20.2778244564512
6.54136904761905,0.652552823249434,0.719526091170212,0.370559076713242,20.278230800195
6.54146825396825,0.652496609007679,0.719499052568756,0.370381896073962,20.2786370950561
6.54156746031746,0.652440401056733,0.719472002219747,0.370204800270652,20.2790433410463
6.54166666666667,0.652384199396388,0.719444940130407,0.370027789261964,20.2794495381771
6.54176587301587,0.652328004026438,0.719417866307956,0.369850863006565,20.2798556864603
6.54186507936508,0.65227181494668,0.719390780759606,0.369674021463137,20.2802617859075
6.54196428571429,0.652215632156914,0.719363683492569,0.36949726459038,20.2806678365303
6.54206349206349,0.65215945565694,0.719336574514051,0.369320592347013,20.2810738383405
6.5421626984127,0.652103285446563,0.719309453831255,0.369144004691768,20.2814797913495
6.5422619047619,0.652047121525589,0.719282321451379,0.368967501583396,20.2818856955692
6.54236111111111,0.651990963893825,0.719255177381618,0.368791082980661,20.2822915510111
6.54246031746032,0.651934812551084,0.719228021629161,0.368614748842352,20.2826973576868
6.54255952380952,0.651878667497178,0.719200854201197,0.368438499127266,20.283103115608
6.54265873015873,0.651822528731923,0.719173675104906,0.368262333794221,20.2835088247862
6.54275793650794,0.651766396255137,0.719146484347468,0.36808625280205,20.2839144852331
6.54285714285714,0.651710270066641,0.719119281936057,0.367910256109604,20.2843200969603
6.54295634920635,0.651654150166256,0.719092067877844,0.36773434367575,20.2847256599795
6.54305555555556,0.651598036553808,0.719064842179996,0.367558515459372,20.2851311743021
6.54315476190476,0.651541929229125,0.719037604849674,0.367382771419369,20.2855366399397
6.54325396825397,0.651485828192036,0.719010355894038,0.36720711151466,20.2859420569041
6.54335317460317,0.651429733442373,0.718983095320243,0.367031535704178,20.2863474252067
6.54345238095238,0.65137364497997,0.718955823135437,0.366856043946874,20.2867527448591
6.54355158730159,0.651317562804666,0.71892853934677,0.366680636201715,20.2871580158729
6.54365079365079,0.651261486916298,0.718901243961383,0.366505312427684,20.2875632382597
6.54375,0.651205417314708,0.718873936986414,0.366330072583783,20.287968412031
6.54384920634921,0.65114935399974,0.718846618428998,0.366154916629026,20.2883735371984
6.54394841269841,0.651093296971241,0.718819288296267,0.365979844522452,20.2887786137735
6.54404761904762,0.65103724622906,0.718791946595347,0.36580485622311,20.2891836417677
6.54414682539683,0.650981201773046,0.718764593333361,0.365629951690066,20.2895886211927
6.54424603174603,0.650925163603054,0.718737228517427,0.365455130882405,20.2899935520599
6.54434523809524,0.65086913171894,0.718709852154659,0.365280393759228,20.2903984343809
6.54444444444444,0.65081310612056,0.71868246425217,0.365105740279651,20.2908032681672
6.54454365079365,0.650757086807776,0.718655064817065,0.36493117040281,20.2912080534304
6.54464285714286,0.650701073780451,0.718627653856448,0.364756684087854,20.291612790182
6.54474206349206,0.65064506703845,0.718600231377417,0.364582281293952,20.2920174784334
6.54484126984127,0.650589066581639,0.718572797387067,0.364407961980287,20.2924221181962
6.54494047619048,0.65053307240989,0.718545351892489,0.364233726106061,20.2928267094819
6.54503968253968,0.650477084523074,0.718517894900769,0.364059573630491,20.293231252302
6.54513888888889,0.650421102921066,0.718490426418991,0.36388550451281,20.2936357466679
6.5452380952381,0.650365127603742,0.718462946454233,0.363711518712271,20.2940401925913
6.5453373015873,0.650309158570982,0.71843545501357,0.363537616188139,20.2944445900835
6.54543650793651,0.650253195822668,0.718407952104073,0.363363796899702,20.294848939156
6.54553571428572,0.650197239358684,0.71838043773281,0.363190060806259,20.2952532398203
6.54563492063492,0.650141289178917,0.718352911906842,0.363016407867127,20.2956574920879
6.54573412698413,0.650085345283254,0.71832537463323,0.362842838041642,20.2960616959702
6.54583333333333,0.650029407671587,0.718297825919027,0.362669351289154,20.2964658514787
6.54593253968254,0.64997347634381,0.718270265771285,0.362495947569031,20.2968699586249
6.54603174603175,0.649917551299818,0.71824269419705,0.362322626840658,20.2972740174201
6.54613095238095,0.649861632539509,0.718215111203367,0.362149389063435,20.2976780278759
6.54623015873016,0.649805720062784,0.718187516797273,0.36197623419678,20.2980819900037
6.54632936507937,0.649749813869546,0.718159910985803,0.361803162200128,20.2984859038149
6.54642857142857,0.649693913959701,0.71813229377599,0.361630173032931,20.2988897693209
6.54652777777778,0.649638020333155,0.718104665174858,0.361457266654655,20.2992935865332
6.54662698412698,0.649582132989818,0.718077025189433,0.361284443024786,20.2996973554631
6.54672619047619,0.649526251929604,0.718049373826733,0.361111702102825,20.3001010761222
6.5468253968254,0.649470377152426,0.718021711093772,0.360939043848287,20.3005047485218
6.5469246031746,0.649414508658202,0.717994036997562,0.360766468220712,20.3009083726732
6.54702380952381,0.649358646446851,0.717966351545111,0.360593975179649,20.301311948588
6.54712301587302,0.649302790518296,0.71793865474342,0.360421564684666,20.3017154762775
6.54722222222222,0.649246940872459,0.71791094659949,0.360249236695347,20.3021189557531
6.54732142857143,0.649191097509268,0.717883227120316,0.360076991171294,20.3025223870262
6.54742063492063,0.649135260428652,0.717855496312887,0.359904828072125,20.3029257701081
6.54751984126984,0.649079429630541,0.717827754184193,0.359732747357475,20.3033291050103
6.54761904761905,0.649023605114869,0.717800000741215,0.359560748986995,20.303732391744
6.54771825396825,0.648967786881572,0.717772235990934,0.359388832920354,20.3041356303207
6.54781746031746,0.648911974930589,0.717744459940323,0.359216999117235,20.3045388207518
6.54791666666667,0.648856169261859,0.717716672596355,0.359045247537342,20.3049419630485
6.54801587301587,0.648800369875327,0.717688873965997,0.358873578140391,20.3053450572223
6.54811507936508,0.648744576770937,0.717661064056212,0.358701990886119,20.3057481032844
6.54821428571428,0.648688789948637,0.717633242873958,0.358530485734276,20.3061511012463
6.54831349206349,0.648633009408377,0.717605410426192,0.358359062644628,20.3065540511192
6.5484126984127,0.648577235150109,0.717577566719865,0.358187721576966,20.3069569529145
6.5485119047619,0.64852146717379,0.717549711761924,0.358016462491088,20.3073598066435
6.54861111111111,0.648465705479374,0.717521845559312,0.357845285346813,20.3077626123176
6.54871031746032,0.648409950066823,0.717493968118968,0.357674190103975,20.3081653699479
6.54880952380952,0.648354200936098,0.717466079447829,0.357503176722428,20.308568079546
6.54890873015873,0.648298458087163,0.717438179552825,0.357332245162038,20.308970741123
6.54900793650794,0.648242721519984,0.717410268440883,0.357161395382691,20.3093733546902
6.54910714285714,0.648186991234532,0.717382346118927,0.35699062734429,20.309775920259
6.54920634920635,0.648131267230776,0.717354412593876,0.356819941006751,20.3101784378407
6.54930555555556,0.648075549508691,0.717326467872646,0.356649336330012,20.3105809074465
6.54940476190476,0.648019838068253,0.717298511962148,0.356478813274022,20.3109833290877
6.54950396825397,0.647964132909439,0.71727054486929,0.356308371798752,20.3113857027756
6.54960317460317,0.647908434032232,0.717242566600975,0.356138011864186,20.3117880285214
6.54970238095238,0.647852741436613,0.717214577164102,0.355967733430326,20.3121903063365
6.54980158730159,0.647797055122568,0.717186576565566,0.355797536457189,20.3125925362321
6.54990079365079,0.647741375090086,0.71715856481226,0.355627420904814,20.3129947182194
6.55,0.647685701339157,0.71713054191107,0.355457386733251,20.3133968523097
6.55009920634921,0.647630033869772,0.717102507868881,0.355287433902569,20.3137989385143
6.55019841269841,0.647574372681927,0.717074462692572,0.355117562372853,20.3142009768443
6.55029761904762,0.64751871777562,0.717046406389018,0.354947772104205,20.3146029673111
6.55039682539683,0.647463069150849,0.71701833896509,0.354778063056744,20.3150049099258
6.55049603174603,0.647407426807616,0.716990260427657,0.354608435190606,20.3154068046997
6.55059523809524,0.647351790745927,0.716962170783582,0.354438888465942,20.315808651644
6.55069444444444,0.647296160965787,0.716934070039724,0.354269422842922,20.3162104507699
6.55079365079365,0.647240537467206,0.716905958202939,0.35410003828173,20.3166122020887
6.55089285714286,0.647184920250196,0.716877835280079,0.35393073474257,20.3170139056115
6.55099206349206,0.647129309314769,0.716849701277991,0.353761512185659,20.3174155613495
6.55109126984127,0.647073704660942,0.716821556203519,0.353592370571234,20.3178171693139
6.55119047619048,0.647018106288734,0.716793400063502,0.353423309859547,20.318218729516
6.55128968253968,0.646962514198165,0.716765232864775,0.353254330010864,20.3186202419669
6.55138888888889,0.646906928389258,0.716737054614172,0.353085430985476,20.3190217066778
6.5514880952381,0.64685134886204,0.71670886531852,0.352916612743683,20.3194231236599
6.5515873015873,0.646795775616539,0.716680664984641,0.352747875245804,20.3198244929243
6.55168650793651,0.646740208652783,0.716652453619356,0.352579218452173,20.3202258144823
6.55178571428571,0.646684647970807,0.716624231229481,0.352410642323145,20.3206270883449
6.55188492063492,0.646629093570644,0.716595997821826,0.352242146819088,20.3210283145233
6.55198412698413,0.646573545452333,0.716567753403201,0.352073731900387,20.3214294930288
6.55208333333333,0.646518003615913,0.716539497980409,0.351905397527446,20.3218306238723
6.55218253968254,0.646462468061427,0.716511231560248,0.351737143660683,20.3222317070652
6.55228174603175,0.646406938788918,0.716482954149516,0.351568970260534,20.3226327426185
6.55238095238095,0.646351415798433,0.716454665755004,0.351400877287451,20.3230337305433
6.55248015873016,0.646295899090022,0.7164263663835,0.351232864701905,20.3234346708508
6.55257936507936,0.646240388663737,0.716398056041787,0.35106493246438,20.3238355635521
6.55267857142857,0.64618488451963,0.716369734736646,0.35089708053538,20.3242364086583
6.55277777777778,0.646129386657757,0.716341402474851,0.350729308875421,20.3246372061806
6.55287698412698,0.64607389507818,0.716313059263176,0.350561617445045,20.32503795613
6.55297619047619,0.646018409780957,0.716284705108388,0.3503940062048,20.3254386585176
6.5530753968254,0.645962930766152,0.716256340017251,0.350226475115257,20.3258393133546
6.5531746031746,0.64590745803383,0.716227963996524,0.350059024137002,20.326239920652
6.55327380952381,0.645851991584061,0.716199577052964,0.349891653230638,20.326640480421
6.55337301587302,0.645796531416914,0.716171179193322,0.349724362356783,20.3270409926725
6.55347222222222,0.645741077532462,0.716142770424347,0.349557151476074,20.3274414574177
6.55357142857143,0.645685629930779,0.716114350752782,0.349390020549164,20.3278418746677
6.55367063492063,0.645630188611945,0.716085920185368,0.349222969536722,20.3282422444336
6.55376984126984,0.645574753576037,0.716057478728839,0.349055998399434,20.3286425667263
6.55386904761905,0.645519324823139,0.716029026389929,0.348889107098004,20.329042841557
6.55396825396825,0.645463902353336,0.716000563175366,0.348722295593151,20.3294430689367
6.55406746031746,0.645408486166713,0.715972089091872,0.34855556384561,20.3298432488764
6.55416666666667,0.64535307626336,0.715943604146169,0.348388911816136,20.3302433813872
6.55426587301587,0.645297672643369,0.715915108344971,0.348222339465495,20.3306434664802
6.55436507936508,0.645242275306834,0.715886601694992,0.348055846754478,20.3310435041664
6.55446428571429,0.645186884253851,0.71585808420294,0.347889433643886,20.3314434944567
6.55456349206349,0.645131499484519,0.715829555875518,0.347723100094539,20.3318434373623
6.5546626984127,0.645076120998939,0.715801016719426,0.347556846067272,20.3322433328942
6.55476190476191,0.645020748797214,0.715772466741361,0.34739067152294,20.3326431810633
6.55486111111111,0.644965382879451,0.715743905948015,0.347224576422411,20.3330429818806
6.55496031746032,0.644910023245756,0.715715334346075,0.347058560726573,20.3334427353573
6.55505952380952,0.644854669896242,0.715686751942226,0.346892624396328,20.3338424415042
6.55515873015873,0.64479932283102,0.715658158743149,0.346726767392596,20.3342421003324
6.55525793650794,0.644743982050206,0.715629554755518,0.346560989676313,20.3346417118529
6.55535714285714,0.644688647553917,0.715600939986007,0.346395291208434,20.3350412760766
6.55545634920635,0.644633319342274,0.715572314441284,0.346229671949927,20.3354407930145
6.55555555555556,0.644577997415398,0.715543678128012,0.34606413186178,20.3358402626776
6.55565476190476,0.644522681773414,0.715515031052852,0.345898670904995,20.3362396850769
6.55575396825397,0.644467372416449,0.71548637322246,0.34573328904059,20.3366390602234
6.55585317460318,0.644412069344633,0.715457704643489,0.345567986229606,20.3370383881279
6.55595238095238,0.644356772558098,0.715429025322586,0.345402762433096,20.3374376688015
6.55605158730159,0.644301482056977,0.715400335266397,0.345237617612127,20.3378369022551
6.55615079365079,0.644246197841407,0.71537163448156,0.345072551727788,20.3382360884997
6.55625,0.644190919911527,0.715342922974713,0.344907564741181,20.3386352275461
6.55634920634921,0.644135648267477,0.715314200752488,0.344742656613427,20.3390343194054
6.55644841269841,0.644080382909402,0.715285467821512,0.344577827305662,20.3394333640884
6.55654761904762,0.644025123837447,0.715256724188411,0.34441307677904,20.3398323616061
6.55664682539683,0.643969871051761,0.715227969859805,0.344248404994731,20.3402313119694
6.55674603174603,0.643914624552494,0.71519920484231,0.344083811913923,20.3406302151892
6.55684523809524,0.643859384339799,0.715170429142538,0.343919297497817,20.3410290712765
6.55694444444444,0.643804150413831,0.715141642767098,0.343754861707635,20.3414278802421
6.55704365079365,0.643748922774748,0.715112845722594,0.343590504504613,20.3418266420969
6.55714285714286,0.64369370142271,0.715084038015626,0.343426225850006,20.3422253568519
6.55724206349206,0.643638486357879,0.715055219652792,0.34326202570508,20.3426240245178
6.55734126984127,0.643583277580421,0.715026390640683,0.343097904031128,20.3430226451058
6.55744047619048,0.643528075090502,0.714997550985887,0.342933860789452,20.3434212186264
6.55753968253968,0.643472878888293,0.71496870069499,0.34276989594137,20.3438197450908
6.55763888888889,0.643417688973963,0.714939839774572,0.342606009448221,20.3442182245097
6.5577380952381,0.643362505347689,0.714910968231209,0.342442201271358,20.344616656894
6.5578373015873,0.643307328009646,0.714882086071473,0.342278471372151,20.3450150422546
6.55793650793651,0.643252156960013,0.714853193301934,0.342114819711988,20.3454133806023
6.55803571428571,0.643196992198972,0.714824289929156,0.341951246252273,20.345811671948
6.55813492063492,0.643141833726706,0.714795375959698,0.341787750954425,20.3462099163025
6.55823412698413,0.643086681543401,0.714766451400119,0.341624333779882,20.3466081136767
6.55833333333333,0.643031535649246,0.714737516256969,0.341460994690098,20.3470062640814
6.55843253968254,0.64297639604443,0.714708570536799,0.341297733646544,20.3474043675274
6.55853174603175,0.642921262729149,0.714679614246152,0.341134550610706,20.3478024240256
6.55863095238095,0.642866135703595,0.714650647391569,0.340971445544089,20.3482004335868
6.55873015873016,0.642811014967968,0.714621669979586,0.340808418408211,20.3485983962218
6.55882936507937,0.642755900522468,0.714592682016737,0.340645469164613,20.3489963119414
6.55892857142857,0.642700792367297,0.714563683509549,0.340482597774848,20.3493941807564
6.55902777777778,0.64264569050266,0.714534674464549,0.340319804200486,20.3497920026776
6.55912698412698,0.642590594928764,0.714505654888255,0.340157088403115,20.3501897777159
6.55922619047619,0.642535505645819,0.714476624787185,0.339994450344338,20.350587505882
6.5593253968254,0.642480422654037,0.714447584167852,0.339831889985777,20.3509851871867
6.5594246031746,0.642425345953631,0.714418533036763,0.339669407289068,20.3513828216407
6.55952380952381,0.64237027554482,0.714389471400425,0.339507002215866,20.351780409255
6.55962301587302,0.642315211427821,0.714360399265337,0.339344674727842,20.3521779500401
6.55972222222222,0.642260153602856,0.714331316637997,0.339182424786683,20.352575444007
6.55982142857143,0.642205102070149,0.714302223524897,0.339020252354093,20.3529728911664
6.55992063492063,0.642150056829925,0.714273119932525,0.338858157391794,20.353370291529
6.56001984126984,0.642095017882414,0.714244005867367,0.338696139861523,20.3537676451055
6.56011904761905,0.642039985227846,0.714214881335904,0.338534199725033,20.3541649519068
6.56021825396825,0.641984958866454,0.714185746344611,0.338372336944094,20.3545622119436
6.56031746031746,0.641929938798474,0.714156600899963,0.338210551480499,20.3549594252265
6.56041666666667,0.641874925024144,0.714127445008427,0.338048843296048,20.3553565917665
6.56051587301587,0.641819917543704,0.714098278676469,0.337887212352563,20.355753711574
6.56061507936508,0.641764916357396,0.714069101910549,0.337725658611881,20.35615078466
6.56071428571429,0.641709921465466,0.714039914717125,0.337564182035858,20.3565478110351
6.56081349206349,0.641654932868161,0.714010717102649,0.337402782586364,20.35694479071
6.5609126984127,0.64159995056573,0.71398150907357,0.337241460225287,20.3573417236955
6.56101190476191,0.641544974558426,0.713952290636333,0.337080214914531,20.3577386100022
6.56111111111111,0.641490004846502,0.713923061797379,0.336919046616017,20.3581354496409
6.56121031746032,0.641435041430217,0.713893822563145,0.336757955291685,20.3585322426222
6.56130952380952,0.641380084309828,0.713864572940063,0.336596940903486,20.3589289889568
6.56140873015873,0.641325133485597,0.713835312934563,0.336436003413394,20.3593256886554
6.56150793650794,0.641270188957789,0.71380604255307,0.336275142783396,20.3597223417287
6.56160714285714,0.641215250726669,0.713776761802004,0.336114358975496,20.3601189481873
6.56170634920635,0.641160318792505,0.713747470687783,0.335953651951714,20.360515508042
6.56180555555556,0.64110539315557,0.713718169216819,0.335793021674092,20.3609120213034
6.56190476190476,0.641050473816135,0.713688857395522,0.335632468104682,20.3613084879822
6.56200396825397,0.640995560774478,0.713659535230297,0.335471991205556,20.3617049080889
6.56210317460318,0.640940654030875,0.713630202727544,0.335311590938802,20.3621012816343
6.56220238095238,0.640885753585607,0.713600859893661,0.335151267266524,20.362497608629
6.56230158730159,0.640830859438957,0.713571506735041,0.334991020150844,20.3628938890837
6.56240079365079,0.64077597159121,0.713542143258072,0.334830849553901,20.3632901230089
6.5625,0.640721090042653,0.713512769469141,0.334670755437848,20.3636863104154
6.56259920634921,0.640666214793576,0.713483385374627,0.334510737764857,20.3640824513137
6.56269841269841,0.640611345844271,0.713453990980909,0.334350796497117,20.3644785457144
6.56279761904762,0.640556483195032,0.713424586294359,0.334190931596831,20.3648745936282
6.56289682539682,0.640501626846158,0.713395171321346,0.334031143026223,20.3652705950657
6.56299603174603,0.640446776797946,0.713365746068236,0.33387143074753,20.3656665500374
6.56309523809524,0.640391933050698,0.713336310541389,0.333711794723007,20.3660624585541
6.56319444444444,0.640337095604718,0.713306864747164,0.333552234914923,20.3664583206262
6.56329365079365,0.640282264460314,0.713277408691912,0.333392751285571,20.3668541362644
6.56339285714286,0.640227439617792,0.713247942381984,0.333233343797254,20.3672499054793
6.56349206349206,0.640172621077465,0.713218465823724,0.333074012412294,20.3676456282814
6.56359126984127,0.640117808839645,0.713188979023474,0.332914757093028,20.3680413046813
6.56369047619048,0.640063002904649,0.713159481987571,0.332755577801812,20.3684369346896
6.56378968253968,0.640008203272794,0.713129974722348,0.332596474501018,20.3688325183168
6.56388888888889,0.639953409944401,0.713100457234135,0.332437447153034,20.3692280555736
6.56398809523809,0.639898622919793,0.713070929529256,0.332278495720266,20.3696235464704
6.5640873015873,0.639843842199295,0.713041391614034,0.332119620165134,20.3700189910178
6.56418650793651,0.639789067783234,0.713011843494785,0.331960820450078,20.3704143892264
6.56428571428571,0.639734299671941,0.712982285177822,0.331802096537552,20.3708097411067
6.56438492063492,0.639679537865747,0.712952716669455,0.331643448390029,20.3712050466692
6.56448412698413,0.639624782364987,0.71292313797599,0.331484875969997,20.3716003059245
6.56458333333333,0.639570033169998,0.712893549103728,0.331326379239962,20.3719955188831
6.56468253968254,0.63951529028112,0.712863950058965,0.331167958162442,20.3723906855556
6.56478174603175,0.639460553698694,0.712834340847996,0.331009612699982,20.3727858059523
6.56488095238095,0.639405823423064,0.71280472147711,0.330851342815134,20.3731808800839
6.56498015873016,0.639351099454577,0.712775091952592,0.330693148470471,20.3735759079609
6.56507936507937,0.639296381793581,0.712745452280724,0.33053502962858,20.3739708895937
6.56517857142857,0.639241670440428,0.712715802467782,0.330376986252067,20.3743658249929
6.56527777777778,0.63918696539547,0.712686142520042,0.330219018303555,20.3747607141689
6.56537698412698,0.639132266659065,0.712656472443771,0.330061125745682,20.3751555571323
6.56547619047619,0.639077574231569,0.712626792245236,0.329903308541104,20.3755503538934
6.5655753968254,0.639022888113344,0.712597101930698,0.329745566652492,20.3759451044629
6.5656746031746,0.638968208304753,0.712567401506414,0.329587900042536,20.3763398088511
6.56577380952381,0.63891353480616,0.712537690978638,0.329430308673942,20.3767344670685
6.56587301587302,0.638858867617934,0.71250797035362,0.32927279250943,20.3771290791256
6.56597222222222,0.638804206740444,0.712478239637605,0.32911535151174,20.3775236450329
6.56607142857143,0.638749552174063,0.712448498836834,0.328957985643629,20.3779181648008
6.56617063492064,0.638694903919164,0.712418747957545,0.328800694867865,20.3783126384398
6.56626984126984,0.638640261976127,0.712388987005972,0.328643479147242,20.3787070659602
6.56636904761905,0.63858562634533,0.712359215988344,0.328486338444564,20.3791014473725
6.56646825396825,0.638530997027155,0.712329434910887,0.328329272722653,20.3794957826873
6.56656746031746,0.638476374021985,0.712299643779823,0.328172281944348,20.3798900719148
6.56666666666667,0.638421757330208,0.712269842601369,0.328015366072505,20.3802843150655
6.56676587301587,0.638367146952212,0.712240031381738,0.327858525069995,20.3806785121498
6.56686507936508,0.638312542888389,0.712210210127141,0.327701758899709,20.3810726631782
6.56696428571429,0.638257945139132,0.712180378843783,0.327545067524552,20.3814667681611
6.56706349206349,0.638203353704836,0.712150537537866,0.327388450907446,20.3818608271088
6.5671626984127,0.638148768585902,0.712120686215587,0.327231909011331,20.3822548400317
6.5672619047619,0.638094189782728,0.712090824883141,0.327075441799163,20.3826488069403
6.56736111111111,0.638039617295718,0.712060953546716,0.326919049233913,20.3830427278449
6.56746031746032,0.637985051125277,0.712031072212498,0.326762731278571,20.383436602756
6.56755952380952,0.637930491271814,0.71200118088667,0.326606487896144,20.3838304316838
6.56765873015873,0.637875937735737,0.711971279575409,0.326450319049651,20.3842242146388
6.56775793650794,0.637821390517461,0.711941368284889,0.326294224702137,20.3846179516314
6.56785714285714,0.637766849617399,0.711911447021279,0.326138204816654,20.3850116426718
6.56795634920635,0.637712315035969,0.711881515790746,0.325982259356276,20.3854052877705
6.56805555555556,0.63765778677359,0.711851574599451,0.325826388284092,20.3857988869379
6.56815476190476,0.637603264830685,0.711821623453552,0.325670591563208,20.3861924401841
6.56825396825397,0.637548749207676,0.711791662359203,0.325514869156747,20.3865859475197
6.56835317460317,0.637494239904992,0.711761691322554,0.325359221027848,20.386979408955
6.56845238095238,0.637439736923061,0.71173171034975,0.325203647139668,20.3873728245002
6.56855158730159,0.637385240262313,0.711701719446933,0.325048147455378,20.3877661941657
6.56865079365079,0.637330749923184,0.711671718620242,0.324892721938169,20.3881595179619
6.56875,0.637276265906109,0.71164170787581,0.324737370551247,20.388552795899
6.56884920634921,0.637221788211527,0.711611687219767,0.324582093257835,20.3889460279873
6.56894841269841,0.637167316839877,0.711581656658239,0.324426890021172,20.3893392142373
6.56904761904762,0.637112851791604,0.711551616197348,0.324271760804514,20.3897323546591
6.56914682539683,0.637058393067153,0.711521565843211,0.324116705571133,20.3901254492631
6.56924603174603,0.637003940666971,0.711491505601944,0.323961724284321,20.3905184980596
6.56934523809524,0.636949494591509,0.711461435479655,0.323806816907384,20.3909115010589
6.56944444444444,0.63689505484122,0.711431355482451,0.323651983403645,20.3913044582711
6.56954365079365,0.636840621416558,0.711401265616434,0.323497223736442,20.3916973697068
6.56964285714286,0.636786194317981,0.711371165887702,0.323342537869133,20.392090235376
6.56974206349206,0.636731773545948,0.711341056302348,0.32318792576509,20.3924830552891
6.56984126984127,0.636677359100921,0.711310936866464,0.323033387387703,20.3928758294563
6.56994047619048,0.636622950983365,0.711280807586134,0.322878922700379,20.393268557888
6.57003968253968,0.636568549193747,0.711250668467441,0.322724531666541,20.3936612405942
6.57013888888889,0.636514153732535,0.711220519516463,0.322570214249628,20.3940538775854
6.57023809523809,0.6364597646002,0.711190360739274,0.322415970413098,20.3944464688718
6.5703373015873,0.636405381797218,0.711160192141945,0.322261800120423,20.3948390144635
6.57043650793651,0.636351005324063,0.711130013730541,0.322107703335093,20.3952315143708
6.57053571428571,0.636296635181214,0.711099825511124,0.321953680020615,20.395623968604
6.57063492063492,0.636242271369152,0.711069627489752,0.321799730140509,20.3960163771733
6.57073412698413,0.636187913888362,0.71103941967248,0.321645853658321,20.3964087400889
6.57083333333333,0.636133562739327,0.711009202065359,0.321492050537604,20.396801057361
6.57093253968254,0.636079217922536,0.710978974674433,0.321338320741933,20.3971933289998
6.57103174603175,0.636024879438479,0.710948737505745,0.321184664234896,20.3975855550156
6.57113095238095,0.63597054728765,0.710918490565334,0.321031080980101,20.3979777354185
6.57123015873016,0.635916221470542,0.710888233859234,0.320877570941171,20.3983698702187
6.57132936507937,0.635861901987654,0.710857967393474,0.320724134081746,20.3987619594264
6.57142857142857,0.635807588839485,0.710827691174082,0.320570770365484,20.3991540030519
6.57152777777778,0.635753282026537,0.710797405207079,0.320417479756057,20.3995460011052
6.57162698412698,0.635698981549315,0.710767109498483,0.320264262217155,20.3999379535966
6.57172619047619,0.635644687408325,0.71073680405431,0.320111117712485,20.4003298605363
6.5718253968254,0.635590399604077,0.710706488880568,0.319958046205772,20.4007217219343
6.5719246031746,0.635536118137082,0.710676163983266,0.319805047660755,20.4011135378009
6.57202380952381,0.635481843007855,0.710645829368403,0.31965212204119,20.4015053081462
6.57212301587302,0.63542757421691,0.71061548504198,0.319499269310851,20.4018970329804
6.57222222222222,0.635373311764767,0.71058513100999,0.31934648943353,20.4022887123136
6.57232142857143,0.635319055651948,0.710554767278425,0.319193782373033,20.402680346156
6.57242063492064,0.635264805878975,0.710524393853269,0.319041148093184,20.4030719345176
6.57251984126984,0.635210562446374,0.710494010740506,0.318888586557823,20.4034634774087
6.57261904761905,0.635156325354673,0.710463617946114,0.318736097730807,20.4038549748394
6.57271825396825,0.635102094604403,0.710433215476068,0.318583681576009,20.4042464268197
6.57281746031746,0.635047870196096,0.710402803336337,0.318431338057321,20.4046378333598
6.57291666666667,0.634993652130287,0.710372381532888,0.318279067138649,20.4050291944698
6.57301587301587,0.634939440407514,0.710341950071684,0.318126868783917,20.4054205101598
6.57311507936508,0.634885235028317,0.710311508958683,0.317974742957065,20.40581178044
6.57321428571429,0.634831035993237,0.71028105819984,0.317822689622051,20.4062030053203
6.57331349206349,0.63477684330282,0.710250597801104,0.317670708742848,20.406594184811
6.5734126984127,0.634722656957613,0.710220127768424,0.317518800283448,20.406985318922
6.5735119047619,0.634668476958165,0.71018964810774,0.317366964207857,20.4073764076636
6.57361111111111,0.634614303305026,0.710159158824991,0.317215200480097,20.4077674510456
6.57371031746032,0.634560135998752,0.710128659926113,0.317063509064213,20.4081584490783
6.57380952380952,0.634505975039898,0.710098151417036,0.31691188992426,20.4085494017717
6.57390873015873,0.634451820429025,0.710067633303686,0.316760343024313,20.4089403091359
6.57400793650794,0.634397672166691,0.710037105591985,0.316608868328461,20.4093311711808
6.57410714285714,0.634343530253462,0.710006568287853,0.316457465800813,20.4097219879167
6.57420634920635,0.634289394689903,0.709976021397204,0.316306135405491,20.4101127593534
6.57430555555556,0.634235265476581,0.709945464925949,0.316154877106638,20.4105034855011
6.57440476190476,0.634181142614068,0.709914898879993,0.31600369086841,20.4108941663698
6.57450396825397,0.634127026102936,0.709884323265241,0.315852576654982,20.4112848019695
6.57460317460317,0.634072915943761,0.70985373808759,0.315701534430544,20.4116753923103
6.57470238095238,0.63401881213712,0.709823143352935,0.315550564159305,20.4120659374022
6.57480158730159,0.633964714683593,0.709792539067167,0.315399665805487,20.4124564372551
6.57490079365079,0.633910623583762,0.709761925236172,0.315248839333332,20.4128468918792
6.575,0.633856538838213,0.709731301865834,0.315098084707098,20.4132373012844
6.57509920634921,0.633802460447531,0.70970066896203,0.314947401891057,20.4136276654807
6.57519841269841,0.633748388412307,0.709670026530636,0.314796790849503,20.4140179844781
6.57529761904762,0.633694322733132,0.709639374577522,0.314646251546743,20.4144082582867
6.57539682539683,0.633640263410601,0.709608713108556,0.314495783947101,20.4147984869163
6.57549603174603,0.63358621044531,0.709578042129599,0.314345388014917,20.415188670377
6.57559523809524,0.633532163837857,0.709547361646511,0.31419506371455,20.4155788086788
6.57569444444444,0.633478123588844,0.709516671665147,0.314044811010374,20.4159689018317
6.57579365079365,0.633424089698875,0.709485972191356,0.313894629866779,20.4163589498455
6.57589285714286,0.633370062168555,0.709455263230987,0.313744520248175,20.4167489527304
6.57599206349206,0.633316040998492,0.709424544789882,0.313594482118984,20.4171389104961
6.57609126984127,0.633262026189298,0.709393816873879,0.313444515443649,20.4175288231528
6.57619047619048,0.633208017613216,0.709363079537199,0.31329462020222,20.4179186907584
6.57628968253968,0.633154015140322,0.709332332834511,0.313144796376998,20.4183085133715
6.57638888888889,0.633100018769237,0.709301576771849,0.31299504393567,20.4186982910019
6.5764880952381,0.633046028498586,0.709270811355241,0.312845362845935,20.4190880236598
6.5765873015873,0.632992044326991,0.709240036590715,0.312695753075499,20.4194777113551
6.57668650793651,0.632938066253079,0.709209252484297,0.312546214592084,20.4198673540979
6.57678571428572,0.632884094275475,0.709178459042009,0.312396747363417,20.420256951898
6.57688492063492,0.632830128392807,0.709147656269873,0.312247351357238,20.4206465047655
6.57698412698413,0.632776168603702,0.709116844173908,0.312098026541295,20.4210360127104
6.57708333333333,0.632722214906788,0.709086022760129,0.311948772883348,20.4214254757427
6.57718253968254,0.632668267300695,0.709055192034552,0.311799590351169,20.4218148938724
6.57728174603175,0.632614325784053,0.709024352003188,0.311650478912536,20.4222042671093
6.57738095238095,0.632560390355493,0.708993502672048,0.31150143853524,20.4225935954636
6.57748015873016,0.632506461013647,0.708962644047139,0.311352469187083,20.4229828789451
6.57757936507937,0.632452537757148,0.708931776134467,0.311203570835876,20.4233721175639
6.57767857142857,0.632398620584629,0.708900898940034,0.31105474344944,20.4237613113299
6.57777777777778,0.632344709494724,0.708870012469843,0.310905986995607,20.4241504602531
6.57787698412698,0.632290804486069,0.708839116729893,0.31075730144222,20.4245395643434
6.57797619047619,0.6322369055573,0.708808211726179,0.310608686757131,20.4249286236108
6.5780753968254,0.632183012707052,0.708777297464696,0.3104601429082,20.4253176380652
6.5781746031746,0.632129125933966,0.708746373951438,0.310311669863305,20.4257066077167
6.57827380952381,0.632075245236678,0.708715441192393,0.310163267590328,20.4260955325751
6.57837301587302,0.632021370613829,0.70868449919355,0.310014936057161,20.4264844126504
6.57847222222222,0.631967502064058,0.708653547960896,0.309866675231709,20.4268732479525
6.57857142857143,0.631913639586006,0.708622587500412,0.309718485081887,20.4272620384915
6.57867063492063,0.631859783178316,0.708591617818081,0.309570365575619,20.4276507842771
6.57876984126984,0.63180593283963,0.708560638919882,0.309422316680839,20.4280394853195
6.57886904761905,0.631752088568592,0.708529650811791,0.309274338365494,20.4284281416284
6.57896825396825,0.631698250363846,0.708498653499784,0.309126430597538,20.4288167532138
6.57906746031746,0.631644418224037,0.708467646989833,0.308978593344938,20.4292053200857
6.57916666666667,0.631590592147811,0.708436631287908,0.308830826575669,20.4295938422539
6.57926587301587,0.631536772133816,0.708405606399978,0.308683130257719,20.4299823197285
6.57936507936508,0.631482958180699,0.708374572332008,0.308535504359083,20.4303707525192
6.57946428571428,0.631429150287108,0.708343529089962,0.30838794884777,20.4307591406361
6.57956349206349,0.631375348451693,0.708312476679802,0.308240463691794,20.431147484089
6.5796626984127,0.631321552673104,0.708281415107487,0.308093048859186,20.4315357828879
6.5797619047619,0.631267762949993,0.708250344378974,0.307945704317985,20.4319240370426
6.57986111111111,0.631213979281012,0.708219264500218,0.307798430036236,20.4323122465631
6.57996031746032,0.631160201664812,0.708188175477172,0.307651225981999,20.4327004114593
6.58005952380952,0.631106430100048,0.708157077315787,0.307504092123343,20.433088531741
6.58015873015873,0.631052664585374,0.70812597002201,0.307357028428348,20.4334766074181
6.58025793650794,0.630998905119445,0.708094853601789,0.307210034865102,20.4338646385007
6.58035714285714,0.630945151700918,0.708063728061066,0.307063111401705,20.4342526249984
6.58045634920635,0.630891404328449,0.708032593405784,0.306916258006268,20.4346405669213
6.58055555555556,0.630837663000696,0.708001449641882,0.306769474646911,20.4350284642792
6.58065476190476,0.630783927716318,0.707970296775297,0.306622761291764,20.435416317082
6.58075396825397,0.630730198473974,0.707939134811965,0.30647611790897,20.4358041253395
6.58085317460317,0.630676475272325,0.707907963757818,0.306329544466678,20.4361918890617
6.58095238095238,0.630622758110031,0.707876783618788,0.306183040933052,20.4365796082585
6.58105158730159,0.630569046985755,0.707845594400802,0.30603660727626,20.4369672829396
6.58115079365079,0.630515341898159,0.707814396109788,0.305890243464489,20.437354913115
6.58125,0.630461642845907,0.707783188751669,0.30574394946593,20.4377424987944
6.58134920634921,0.630407949827664,0.707751972332367,0.305597725248785,20.4381300399879
6.58144841269841,0.630354262842094,0.707720746857802,0.305451570781268,20.4385175367052
6.58154761904762,0.630300581887865,0.707689512333891,0.305305486031602,20.4389049889562
6.58164682539683,0.630246906963642,0.707658268766551,0.305159470968021,20.4392923967508
6.58174603174603,0.630193238068094,0.707627016161693,0.305013525558769,20.4396797600988
6.58184523809524,0.630139575199889,0.707595754525229,0.304867649772101,20.44006707901
6.58194444444444,0.630085918357697,0.707564483863068,0.30472184357628,20.4404543534943
6.58204365079365,0.630032267540188,0.707533204181116,0.304576106939583,20.4408415835615
6.58214285714286,0.629978622746034,0.707501915485277,0.304430439830295,20.4412287692215
6.58224206349206,0.629924983973906,0.707470617781454,0.30428484221671,20.4416159104841
6.58234126984127,0.629871351222476,0.707439311075547,0.304139314067136,20.4420030073592
6.58244047619048,0.62981772449042,0.707407995373452,0.303993855349888,20.4423900598565
6.58253968253968,0.62976410377641,0.707376670681066,0.30384846603329,20.4427770679859
6.58263888888889,0.629710489079124,0.707345337004283,0.303703146085685,20.4431640317572
6.5827380952381,0.629656880397236,0.707313994348993,0.303557895475416,20.4435509511803
6.5828373015873,0.629603277729424,0.707282642721085,0.303412714170842,20.443937826265
6.58293650793651,0.629549681074365,0.707251282126446,0.30326760214033,20.444324657021
6.58303571428571,0.629496090430739,0.70721991257096,0.303122559352258,20.4447114434582
6.58313492063492,0.629442505797225,0.70718853406051,0.302977585775014,20.4450981855864
6.58323412698413,0.629388927172503,0.707157146600976,0.302832681376998,20.4454848834155
6.58333333333333,0.629335354555254,0.707125750198236,0.302687846126617,20.4458715369551
6.58343253968254,0.629281787944161,0.707094344858165,0.302543079992293,20.4462581462152
6.58353174603175,0.629228227337906,0.707062930586638,0.302398382942453,20.4466447112055
6.58363095238095,0.629174672735173,0.707031507389524,0.302253754945539,20.4470312319357
6.58373015873016,0.629121124134646,0.707000075272694,0.302109195969999,20.4474177084158
6.58382936507936,0.629067581535011,0.706968634242015,0.301964705984296,20.4478041406555
6.58392857142857,0.629014044934954,0.706937184303351,0.301820284956899,20.4481905286646
6.58402777777778,0.628960514333162,0.706905725462564,0.301675932856287,20.4485768724528
6.58412698412698,0.628906989728323,0.706874257725515,0.301531649650957,20.44896317203
6.58422619047619,0.628853471119126,0.706842781098062,0.301387435309407,20.4493494274059
6.5843253968254,0.62879995850426,0.706811295586062,0.301243289800151,20.4497356385903
6.5844246031746,0.628746451882416,0.706779801195367,0.301099213091709,20.450121805593
6.58452380952381,0.628692951252284,0.706748297931829,0.300955205152616,20.4505079284238
6.58462301587302,0.628639456612558,0.706716785801298,0.300811265951413,20.4508940070923
6.58472222222222,0.628585967961929,0.706685264809621,0.300667395456655,20.4512800416084
6.58482142857143,0.628532485299092,0.706653734962642,0.300523593636904,20.4516660319819
6.58492063492063,0.628479008622741,0.706622196266205,0.300379860460734,20.4520519782225
6.58501984126984,0.628425537931571,0.706590648726149,0.300236195896731,20.4524378803399
6.58511904761905,0.628372073224279,0.706559092348313,0.300092599913487,20.4528237383439
6.58521825396825,0.628318614499562,0.706527527138534,0.299949072479609,20.4532095522443
6.58531746031746,0.628265161756118,0.706495953102645,0.29980561356371,20.4535953220508
6.58541666666667,0.628211714992645,0.706464370246478,0.299662223134417,20.4539810477732
6.58551587301587,0.628158274207842,0.706432778575862,0.299518901160364,20.4543667294212
6.58561507936508,0.628104839400412,0.706401178096625,0.299375647610199,20.4547523670044
6.58571428571429,0.628051410569054,0.706369568814591,0.299232462452578,20.4551379605328
6.58581349206349,0.627997987712471,0.706337950735585,0.299089345656167,20.455523510016
6.5859126984127,0.627944570829366,0.706306323865426,0.298946297189643,20.4559090154637
6.58601190476191,0.627891159918443,0.706274688209932,0.298803317021694,20.4562944768856
6.58611111111111,0.627837754978405,0.706243043774922,0.298660405121016,20.4566798942916
6.58621031746032,0.627784356007959,0.706211390566207,0.298517561456318,20.4570652676912
6.58630952380952,0.627730963005811,0.706179728589601,0.298374785996318,20.4574505970943
6.58640873015873,0.627677575970668,0.706148057850913,0.298232078709744,20.4578358825105
6.58650793650794,0.627624194901237,0.70611637835595,0.298089439565335,20.4582211239496
6.58660714285714,0.627570819796229,0.706084690110518,0.297946868531841,20.4586063214212
6.58670634920635,0.627517450654351,0.70605299312042,0.29780436557802,20.4589914749352
6.58680555555556,0.627464087474315,0.706021287391457,0.297661930672642,20.4593765845011
6.58690476190476,0.627410730254833,0.705989572929427,0.297519563784487,20.4597616501286
6.58700396825397,0.627357378994614,0.705957849740127,0.297377264882343,20.4601466718276
6.58710317460318,0.627304033692375,0.705926117829352,0.297235033935016,20.4605316496077
6.58720238095238,0.627250694346827,0.705894377202893,0.297092870911313,20.4609165834785
6.58730158730159,0.627197360956686,0.70586262786654,0.296950775780057,20.4613014734498
6.58740079365079,0.627144033520667,0.705830869826082,0.296808748510078,20.4616863195312
6.5875,0.627090712037487,0.705799103087303,0.296666789070219,20.4620711217325
6.58759920634921,0.627037396505861,0.705767327655987,0.296524897429331,20.4624558800633
6.58769841269841,0.626984086924509,0.705735543537915,0.296383073556277,20.4628405945332
6.58779761904762,0.62693078329215,0.705703750738866,0.29624131741993,20.4632252651521
6.58789682539683,0.626877485607502,0.705671949264616,0.296099628989173,20.4636098919295
6.58799603174603,0.626824193869287,0.70564013912094,0.295958008232899,20.4639944748751
6.58809523809524,0.626770908076225,0.705608320313611,0.295816455120012,20.4643790139986
6.58819444444444,0.626717628227039,0.705576492848398,0.295674969619425,20.4647635093097
6.58829365079365,0.626664354320453,0.70554465673107,0.295533551700063,20.465147960818
6.58839285714286,0.626611086355188,0.705512811967392,0.295392201330861,20.4655323685331
6.58849206349206,0.626557824329971,0.705480958563126,0.295250918480761,20.4659167324648
6.58859126984127,0.626504568243527,0.705449096524036,0.295109703118723,20.4663010526227
6.58869047619048,0.626451318094582,0.70541722585588,0.29496855521371,20.4666853290164
6.58878968253968,0.626398073881864,0.705385346564415,0.294827474734697,20.4670695616555
6.58888888888889,0.6263448356041,0.705353458655396,0.294686461650672,20.4674537505498
6.5889880952381,0.626291603260019,0.705321562134574,0.29454551593063,20.4678378957089
6.5890873015873,0.626238376848351,0.705289657007701,0.294404637543577,20.4682219971424
6.58918650793651,0.626185156367827,0.705257743280524,0.294263826458532,20.4686060548599
6.58928571428571,0.626131941817178,0.705225820958789,0.294123082644521,20.4689900688711
6.58938492063492,0.626078733195135,0.705193890048241,0.293982406070583,20.4693740391856
6.58948412698413,0.626025530500433,0.70516195055462,0.293841796705763,20.4697579658131
6.58958333333333,0.625972333731804,0.705130002483665,0.293701254519123,20.4701418487631
6.58968253968254,0.625919142887984,0.705098045841115,0.293560779479728,20.4705256880453
6.58978174603175,0.625865957967708,0.705066080632703,0.293420371556659,20.4709094836693
6.58988095238095,0.625812778969713,0.705034106864163,0.293280030719005,20.4712932356448
6.58998015873016,0.625759605892735,0.705002124541225,0.293139756935863,20.4716769439812
6.59007936507937,0.625706438735513,0.704970133669617,0.292999550176347,20.4720606086884
6.59017857142857,0.625653277496786,0.704938134255065,0.292859410409574,20.4724442297757
6.59027777777778,0.625600122175293,0.704906126303294,0.292719337604676,20.472827807253
6.59037698412698,0.625546972769775,0.704874109820025,0.292579331730793,20.4732113411297
6.59047619047619,0.625493829278973,0.704842084810977,0.292439392757075,20.4735948314154
6.5905753968254,0.62544069170163,0.704810051281867,0.292299520652685,20.4739782781198
6.5906746031746,0.625387560036489,0.704778009238412,0.292159715386793,20.4743616812525
6.59077380952381,0.625334434282293,0.704745958686323,0.292019976928583,20.474745040823
6.59087301587302,0.625281314437788,0.704713899631311,0.291880305247244,20.475128356841
6.59097222222222,0.625228200501718,0.704681832079086,0.291740700311982,20.475511629316
6.59107142857143,0.62517509247283,0.704649756035352,0.291601162092007,20.4758948582575
6.59117063492063,0.625121990349872,0.704617671505814,0.291461690556544,20.4762780436753
6.59126984126984,0.625068894131591,0.704585578496175,0.291322285674825,20.4766611855788
6.59136904761905,0.625015803816737,0.704553477012134,0.291182947416095,20.4770442839776
6.59146825396825,0.624962719404059,0.704521367059387,0.291043675749606,20.4774273388814
6.59156746031746,0.624909640892308,0.704489248643631,0.290904470644625,20.4778103502996
6.59166666666667,0.624856568280235,0.704457121770559,0.290765332070425,20.4781933182418
6.59176587301587,0.624803501566592,0.704424986445861,0.290626259996292,20.4785762427177
6.59186507936508,0.624750440750134,0.704392842675227,0.29048725439152,20.4789591237367
6.59196428571429,0.624697385829612,0.704360690464342,0.290348315225416,20.4793419613084
6.59206349206349,0.624644336803783,0.704328529818891,0.290209442467295,20.4797247554424
6.5921626984127,0.624591293671402,0.704296360744556,0.290070636086483,20.4801075061482
6.59226190476191,0.624538256431226,0.704264183247017,0.289931896052316,20.4804902134354
6.59236111111111,0.624485225082011,0.704231997331952,0.289793222334142,20.4808728773135
6.59246031746032,0.624432199622515,0.704199803005035,0.289654614901318,20.4812554977921
6.59255952380952,0.624379180051499,0.704167600271941,0.28951607372321,20.4816380748806
6.59265873015873,0.62432616636772,0.704135389138341,0.289377598769197,20.4820206085887
6.59275793650794,0.624273158569941,0.704103169609902,0.289239190008667,20.4824030989259
6.59285714285714,0.624220156656923,0.704070941692293,0.289100847411018,20.4827855459017
6.59295634920635,0.624167160627426,0.704038705391176,0.288962570945656,20.4831679495256
6.59305555555556,0.624114170480216,0.704006460712216,0.288824360582005,20.4835503098071
6.59315476190476,0.624061186214057,0.703974207661071,0.288686216289491,20.4839326267558
6.59325396825397,0.624008207827712,0.7039419462434,0.288548138037555,20.4843149003812
6.59335317460318,0.623955235319947,0.703909676464859,0.288410125795645,20.4846971306929
6.59345238095238,0.623902268689529,0.7038773983311,0.288272179533223,20.4850793177002
6.59355158730159,0.623849307935226,0.703845111847775,0.288134299219759,20.4854614614128
6.59365079365079,0.623796353055804,0.703812817020534,0.287996484824732,20.4858435618402
6.59375,0.623743404050034,0.703780513855022,0.287858736317636,20.4862256189918
6.59384920634921,0.623690460916685,0.703748202356885,0.28772105366797,20.4866076328772
6.59394841269841,0.623637523654528,0.703715882531766,0.287583436845246,20.4869896035058
6.59404761904762,0.623584592262334,0.703683554385303,0.287445885818987,20.4873715308872
6.59414682539682,0.623531666738876,0.703651217923136,0.287308400558725,20.4877534150308
6.59424603174603,0.623478747082927,0.703618873150901,0.287170981034002,20.4881352559461
6.59434523809524,0.62342583329326,0.70358652007423,0.287033627214371,20.4885170536427
6.59444444444444,0.62337292536865,0.703554158698756,0.286896339069393,20.48889880813
6.59454365079365,0.623320023307875,0.703521789030108,0.286759116568646,20.4892805194175
6.59464285714286,0.623267127109709,0.703489411073912,0.286621959681712,20.4896621875147
6.59474206349206,0.62321423677293,0.703457024835794,0.286484868378185,20.4900438124311
6.59484126984127,0.623161352296316,0.703424630321377,0.286347842627669,20.490425394176
6.59494047619048,0.623108473678647,0.70339222753628,0.286210882399779,20.4908069327591
6.59503968253968,0.623055600918702,0.703359816486123,0.286073987664139,20.4911884281897
6.59513888888889,0.623002734015262,0.70332739717652,0.285937158390386,20.4915698804774
6.59523809523809,0.622949872967108,0.703294969613087,0.285800394548165,20.4919512896316
6.5953373015873,0.622897017773023,0.703262533801434,0.285663696107132,20.4923326556617
6.59543650793651,0.62284416843179,0.703230089747172,0.285527063036953,20.4927139785772
6.59553571428571,0.622791324942193,0.703197637455907,0.285390495307304,20.4930952583877
6.59563492063492,0.622738487303017,0.703165176933244,0.285253992887873,20.4934764951024
6.59573412698413,0.622685655513048,0.703132708184787,0.285117555748357,20.4938576887309
6.59583333333333,0.622632829571071,0.703100231216135,0.284981183858462,20.4942388392826
6.59593253968254,0.622580009475874,0.703067746032888,0.284844877187906,20.494619946767
6.59603174603175,0.622527195226247,0.703035252640641,0.284708635706419,20.4950010111935
6.59613095238095,0.622474386820978,0.70300275104499,0.284572459383739,20.4953820325715
6.59623015873016,0.622421584258856,0.702970241251525,0.284436348189614,20.4957630109105
6.59632936507937,0.622368787538673,0.702937723265836,0.284300302093803,20.4961439462199
6.59642857142857,0.622315996659219,0.702905197093511,0.284164321066075,20.4965248385091
6.59652777777778,0.622263211619288,0.702872662740135,0.284028405076211,20.4969056877876
6.59662698412698,0.622210432417673,0.702840120211291,0.283892554093999,20.4972864940648
6.59672619047619,0.622157659053167,0.70280756951256,0.28375676808924,20.49766725735
6.5968253968254,0.622104891524565,0.702775010649521,0.283621047031745,20.4980479776528
6.5969246031746,0.622052129830664,0.702742443627749,0.283485390891334,20.4984286549826
6.59702380952381,0.62199937397026,0.70270986845282,0.283349799637839,20.4988092893486
6.59712301587302,0.62194662394215,0.702677285130305,0.2832142732411,20.4991898807605
6.59722222222222,0.621893879745133,0.702644693665774,0.283078811670971,20.4995704292274
6.59732142857143,0.621841141378007,0.702612094064795,0.282943414897312,20.499950934759
6.59742063492064,0.621788408839572,0.702579486332933,0.282808082889994,20.5003313973645
6.59751984126984,0.62173568212863,0.702546870475752,0.282672815618905,20.5007118170534
6.59761904761905,0.621682961243982,0.702514246498812,0.282537613053933,20.501092193835
6.59771825396825,0.62163024618443,0.702481614407673,0.282402475164984,20.5014725277188
6.59781746031746,0.621577536948778,0.702448974207891,0.282267401921971,20.5018528187141
6.59791666666667,0.621524833535829,0.70241632590502,0.282132393294817,20.5022330668304
6.59801587301587,0.62147213594439,0.702383669504613,0.281997449253457,20.5026132720769
6.59811507936508,0.621419444173264,0.70235100501222,0.281862569767835,20.5029934344632
6.59821428571429,0.62136675822126,0.702318332433389,0.281727754807906,20.5033735539985
6.59831349206349,0.621314078087184,0.702285651773665,0.281593004343634,20.5037536306922
6.5984126984127,0.621261403769844,0.702252963038591,0.281458318344997,20.5041336645538
6.5985119047619,0.621208735268051,0.70222026623371,0.281323696781978,20.5045136555925
6.59861111111111,0.621156072580613,0.70218756136456,0.281189139624575,20.5048936038178
6.59871031746032,0.621103415706342,0.702154848436677,0.281054646842794,20.505273509239
6.59880952380952,0.621050764644049,0.702122127455598,0.28092021840665,20.5056533718655
6.59890873015873,0.620998119392547,0.702089398426852,0.28078585428617,20.5060331917066
6.59900793650794,0.620945479950648,0.702056661355973,0.280651554451394,20.5064129687717
6.59910714285714,0.620892846317168,0.702023916248486,0.280517318872368,20.5067927030701
6.59920634920635,0.620840218490922,0.701991163109919,0.280383147519149,20.5071723946112
6.59930555555556,0.620787596470724,0.701958401945794,0.280249040361807,20.5075520434043
6.59940476190476,0.620734980255391,0.701925632761634,0.280114997370418,20.5079316494588
6.59950396825397,0.620682369843742,0.701892855562957,0.279981018515073,20.5083112127841
6.59960317460317,0.620629765234594,0.701860070355281,0.27984710376587,20.5086907333893
6.59970238095238,0.620577166426766,0.70182727714412,0.279713253092919,20.509070211284
6.59980158730159,0.620524573419079,0.701794475934987,0.279579466466339,20.5094496464774
6.59990079365079,0.620471986210354,0.701761666733392,0.27944574385626,20.5098290389788
6.6,0.620419404799411,0.701728849544844,0.279312085232823,20.5102083887976
6.60009920634921,0.620366829185074,0.701696024374848,0.279178490566178,20.5105876959432
6.60019841269841,0.620314259366165,0.701663191228909,0.279044959826486,20.5109669604247
6.60029761904762,0.62026169534151,0.701630350112529,0.278911492983918,20.5113461822516
6.60039682539683,0.620209137109932,0.701597501031205,0.278778090008654,20.5117253614331
6.60049603174603,0.620156584670258,0.701564643990436,0.27864475087089,20.5121044979786
6.60059523809524,0.620104038021315,0.701531778995718,0.278511475540825,20.5124835918974
6.60069444444444,0.62005149716193,0.701498906052542,0.278378263988672,20.5128626431987
6.60079365079365,0.619998962090931,0.7014660251664,0.278245116184655,20.5132416518919
6.60089285714286,0.619946432807148,0.701433136342779,0.278112032099005,20.5136206179864
6.60099206349206,0.61989390930941,0.701400239587166,0.277979011701966,20.5139995414913
6.60109126984127,0.619841391596549,0.701367334905045,0.277846054963793,20.5143784224159
6.60119047619048,0.619788879667396,0.701334422301898,0.277713161854748,20.5147572607697
6.60128968253968,0.619736373520784,0.701301501783205,0.277580332345107,20.5151360565618
6.60138888888889,0.619683873155546,0.701268573354443,0.277447566405153,20.5155148098016
6.60148809523809,0.619631378570516,0.701235637021086,0.277314864005182,20.5158935204982
6.6015873015873,0.619578889764529,0.701202692788609,0.277182225115499,20.5162721886611
6.60168650793651,0.619526406736422,0.701169740662482,0.277049649706419,20.5166508142995
6.60178571428571,0.61947392948503,0.701136780648174,0.276917137748268,20.5170293974227
6.60188492063492,0.619421458009191,0.70110381275115,0.27678468921138,20.5174079380399
6.60198412698413,0.619368992307745,0.701070836976876,0.276652304066106,20.5177864361604
6.60208333333333,0.619316532379529,0.701037853330813,0.2765199822828,20.5181648917935
6.60218253968254,0.619264078223385,0.701004861818421,0.276387723831829,20.5185433049484
6.60228174603175,0.619211629838152,0.700971862445158,0.276255528683571,20.5189216756344
6.60238095238095,0.619159187222674,0.70093885521648,0.276123396808413,20.5193000038607
6.60248015873016,0.619106750375791,0.700905840137838,0.275991328176753,20.5196782896367
6.60257936507937,0.619054319296349,0.700872817214686,0.275859322759,20.5200565329715
6.60267857142857,0.61900189398319,0.70083978645247,0.275727380525572,20.5204347338745
6.60277777777778,0.61894947443516,0.700806747856639,0.275595501446897,20.5208128923548
6.60287698412698,0.618897060651105,0.700773701432635,0.275463685493415,20.5211910084217
6.60297619047619,0.618844652629872,0.700740647185903,0.275331932635576,20.5215690820845
6.6030753968254,0.618792250370308,0.700707585121881,0.275200242843839,20.5219471133523
6.6031746031746,0.618739853871261,0.700674515246007,0.275068616088674,20.5223251022345
6.60327380952381,0.618687463131582,0.700641437563717,0.274937052340562,20.5227030487402
6.60337301587302,0.618635078150119,0.700608352080445,0.274805551569991,20.5230809528787
6.60347222222222,0.618582698925724,0.700575258801621,0.274674113747466,20.5234588146592
6.60357142857143,0.618530325457249,0.700542157732675,0.274542738843497,20.5238366340909
6.60367063492064,0.618477957743546,0.700509048879034,0.274411426828605,20.5242144111831
6.60376984126984,0.618425595783469,0.700475932246121,0.274280177673322,20.5245921459449
6.60386904761905,0.618373239575872,0.700442807839361,0.27414899134819,20.5249698383857
6.60396825396825,0.61832088911961,0.700409675664172,0.274017867823762,20.5253474885145
6.60406746031746,0.61826854441354,0.700376535725973,0.2738868070706,20.5257250963406
6.60416666666667,0.618216205456516,0.700343388030179,0.273755809059279,20.5261026618733
6.60426587301587,0.618163872247399,0.700310232582205,0.27362487376038,20.5264801851217
6.60436507936508,0.618111544785045,0.700277069387461,0.273494001144498,20.526857666095
6.60446428571429,0.618059223068315,0.700243898451357,0.273363191182237,20.5272351048024
6.60456349206349,0.618006907096067,0.7002107197793,0.273232443844211,20.5276125012531
6.6046626984127,0.617954596867164,0.700177533376695,0.273101759101046,20.5279898554564
6.6047619047619,0.617902292380467,0.700144339248943,0.272971136923375,20.5283671674213
6.60486111111111,0.617849993634838,0.700111137401447,0.272840577281842,20.5287444371571
6.60496031746032,0.617797700629142,0.700077927839603,0.272710080147107,20.529121664673
6.60505952380952,0.617745413362242,0.700044710568809,0.272579645489833,20.5294988499781
6.60515873015873,0.617693131833004,0.700011485594457,0.272449273280697,20.5298759930817
6.60525793650794,0.617640856040294,0.699978252921939,0.272318963490385,20.5302530939928
6.60535714285714,0.617588585982978,0.699945012556646,0.272188716089594,20.5306301527208
6.60545634920635,0.617536321659924,0.699911764503963,0.272058531049031,20.5310071692746
6.60555555555556,0.61748406307,0.699878508769276,0.271928408339414,20.5313841436636
6.60565476190476,0.617431810212076,0.699845245357968,0.27179834793147,20.5317610758969
6.60575396825397,0.617379563085023,0.69981197427542,0.271668349795937,20.5321379659836
6.60585317460317,0.61732732168771,0.699778695527009,0.271538413903563,20.5325148139329
6.60595238095238,0.61727508601901,0.699745409118112,0.271408540225108,20.532891619754
6.60605158730159,0.617222856077796,0.699712115054104,0.271278728731339,20.5332683834559
6.60615079365079,0.61717063186294,0.699678813340355,0.271148979393037,20.5336451050479
6.60625,0.617118413373318,0.699645503982235,0.271019292180991,20.5340217845391
6.60634920634921,0.617066200607804,0.699612186985112,0.270889667065998,20.5343984219387
6.60644841269841,0.617013993565275,0.699578862354352,0.270760104018873,20.5347750172558
6.60654761904762,0.616961792244607,0.699545530095316,0.270630603010434,20.5351515704994
6.60664682539683,0.616909596644679,0.699512190213367,0.270501164011512,20.5355280816789
6.60674603174603,0.616857406764368,0.699478842713861,0.270371786992949,20.5359045508032
6.60684523809524,0.616805222602554,0.699445487602157,0.270242471925594,20.5362809778815
6.60694444444444,0.616753044158117,0.699412124883608,0.270113218780311,20.5366573629231
6.60704365079365,0.616700871429938,0.699378754563566,0.269984027527971,20.5370337059368
6.60714285714286,0.616648704416899,0.69934537664738,0.269854898139456,20.537410006932
6.60724206349206,0.616596543117883,0.6993119911404,0.269725830585659,20.5377862659177
6.60734126984127,0.616544387531773,0.699278598047969,0.269596824837483,20.538162482903
6.60744047619048,0.616492237657454,0.699245197375431,0.269467880865841,20.5385386578971
6.60753968253968,0.616440093493811,0.699211789128127,0.269338998641656,20.538914790909
6.60763888888889,0.61638795503973,0.699178373311396,0.269210178135863,20.5392908819479
6.6077380952381,0.616335822294097,0.699144949930575,0.269081419319405,20.5396669310229
6.6078373015873,0.6162836952558,0.699111518990997,0.268952722163236,20.540042938143
6.60793650793651,0.616231573923729,0.699078080497995,0.268824086638322,20.5404189033174
6.60803571428572,0.616179458296772,0.6990446344569,0.268695512715639,20.5407948265551
6.60813492063492,0.61612734837382,0.699011180873038,0.26856700036617,20.5411707078653
6.60823412698413,0.616075244153764,0.698977719751736,0.268438549560912,20.5415465472571
6.60833333333333,0.616023145635495,0.698944251098317,0.268310160270871,20.5419223447394
6.60843253968254,0.615971052817906,0.698910774918102,0.268181832467062,20.5422981003215
6.60853174603175,0.615918965699892,0.698877291216409,0.268053566120513,20.5426738140124
6.60863095238095,0.615866884280346,0.698843799998557,0.26792536120226,20.5430494858212
6.60873015873016,0.615814808558163,0.698810301269859,0.26779721768335,20.543425115757
6.60882936507937,0.61576273853224,0.698776795035628,0.267669135534841,20.5438007038287
6.60892857142857,0.615710674201474,0.698743281301174,0.267541114727801,20.5441762500456
6.60902777777778,0.615658615564762,0.698709760071805,0.267413155233308,20.5445517544166
6.60912698412698,0.615606562621002,0.698676231352827,0.26728525702245,20.5449272169508
6.60922619047619,0.615554515369095,0.698642695149543,0.267157420066325,20.5453026376574
6.6093253968254,0.61550247380794,0.698609151467255,0.267029644336042,20.5456780165453
6.6094246031746,0.61545043793644,0.698575600311262,0.266901929802723,20.5460533536236
6.60952380952381,0.615398407753495,0.69854204168686,0.266774276437495,20.5464286489013
6.60962301587302,0.615346383258008,0.698508475599346,0.266646684211499,20.5468039023876
6.60972222222222,0.615294364448883,0.698474902054011,0.266519153095885,20.5471791140914
6.60982142857143,0.615242351325025,0.698441321056146,0.266391683061814,20.5475542840218
6.60992063492063,0.615190343885339,0.698407732611039,0.266264274080455,20.5479294121879
6.61001984126984,0.61513834212873,0.698374136723975,0.266136926122992,20.5483044985986
6.61011904761905,0.615086346054106,0.698340533400239,0.266009639160614,20.5486795432631
6.61021825396825,0.615034355660374,0.698306922645113,0.265882413164523,20.5490545461903
6.61031746031746,0.614982370946444,0.698273304463875,0.265755248105932,20.5494295073893
6.61041666666667,0.614930391911224,0.698239678861803,0.265628143956064,20.5498044268691
6.61051587301587,0.614878418553626,0.698206045844172,0.26550110068615,20.5501793046387
6.61061507936508,0.614826450872559,0.698172405416254,0.265374118267433,20.5505541407072
6.61071428571428,0.614774488866936,0.698138757583321,0.265247196671168,20.5509289350836
6.61081349206349,0.61472253253567,0.69810510235064,0.265120335868615,20.5513036877769
6.6109126984127,0.614670581877674,0.698071439723478,0.264993535831053,20.551678398796
6.6110119047619,0.614618636891864,0.698037769707099,0.264866796529763,20.5520530681501
6.61111111111111,0.614566697577154,0.698004092306764,0.26474011793604,20.5524276958481
6.61121031746032,0.61451476393246,0.697970407527733,0.264613500021189,20.552802281899
6.61130952380952,0.614462835956699,0.697936715375264,0.264486942756526,20.5531768263119
6.61140873015873,0.61441091364879,0.697903015854612,0.264360446113374,20.5535513290957
6.61150793650794,0.61435899700765,0.697869308971029,0.264234010063071,20.5539257902594
6.61160714285714,0.6143070860322,0.697835594729767,0.264107634576962,20.554300209812
6.61170634920635,0.61425518072136,0.697801873136074,0.263981319626403,20.5546745877625
6.61180555555556,0.61420328107405,0.697768144195196,0.263855065182762,20.55504892412
6.61190476190476,0.614151387089193,0.697734407912377,0.263728871217415,20.5554232188933
6.61200396825397,0.614099498765712,0.69770066429286,0.263602737701749,20.5557974720915
6.61210317460317,0.61404761610253,0.697666913341885,0.263476664607162,20.5561716837235
6.61220238095238,0.613995739098572,0.697633155064688,0.263350651905062,20.5565458537983
6.61230158730159,0.613943867752762,0.697599389466505,0.263224699566864,20.5569199823249
6.61240079365079,0.613892002064029,0.69756561655257,0.263098807564003,20.5572940693123
6.6125,0.613840142031298,0.697531836328114,0.262972975867913,20.5576681147695
6.61259920634921,0.613788287653497,0.697498048798365,0.262847204450044,20.5580421187053
6.61269841269841,0.613736438929555,0.697464253968549,0.262721493281856,20.5584160811287
6.61279761904762,0.613684595858401,0.697430451843892,0.262595842334819,20.5587900020488
6.61289682539683,0.613632758438966,0.697396642429615,0.262470251580411,20.5591638814745
6.61299603174603,0.613580926670182,0.697362825730938,0.262344720990125,20.5595377194147
6.61309523809524,0.613529100550979,0.697329001753079,0.262219250535459,20.5599115158784
6.61319444444444,0.613477280080291,0.697295170501254,0.262093840187926,20.5602852708744
6.61329365079365,0.613425465257052,0.697261331980676,0.261968489919046,20.5606589844119
6.61339285714286,0.613373656080196,0.697227486196556,0.261843199700351,20.5610326564997
6.61349206349206,0.613321852548658,0.697193633154103,0.261717969503383,20.5614062871467
6.61359126984127,0.613270054661376,0.697159772858524,0.261592799299693,20.5617798763619
6.61369047619048,0.613218262417285,0.697125905315023,0.261467689060845,20.5621534241542
6.61378968253968,0.613166475815323,0.697092030528803,0.261342638758409,20.5625269305326
6.61388888888889,0.61311469485443,0.697058148505065,0.261217648363972,20.562900395506
6.6139880952381,0.613062919533545,0.697024259249005,0.261092717849125,20.5632738190833
6.6140873015873,0.613011149851608,0.69699036276582,0.260967847185473,20.5636472012734
6.61418650793651,0.612959385807561,0.696956459060703,0.260843036344628,20.5640205420852
6.61428571428571,0.612907627400346,0.696922548138846,0.260718285298216,20.5643938415277
6.61438492063492,0.612855874628905,0.696888630005438,0.260593594017871,20.5647670996098
6.61448412698413,0.612804127492183,0.696854704665666,0.260468962475238,20.5651403163404
6.61458333333333,0.612752385989123,0.696820772124714,0.260344390641971,20.5655134917284
6.61468253968254,0.612700650118672,0.696786832387766,0.260219878489737,20.5658866257827
6.61478174603175,0.612648919879775,0.69675288546,0.260095425990212,20.5662597185121
6.61488095238095,0.61259719527138,0.696718931346597,0.25997103311508,20.5666327699257
6.61498015873016,0.612545476292434,0.696684970052731,0.25984669983604,20.5670057800323
6.61507936507936,0.612493762941887,0.696651001583576,0.259722426124797,20.5673787488408
6.61517857142857,0.612442055218687,0.696617025944305,0.259598211953069,20.56775167636
6.61527777777778,0.612390353121786,0.696583043140085,0.25947405729258,20.568124562599
6.61537698412698,0.612338656650134,0.696549053176085,0.259349962115073,20.5684974075665
6.61547619047619,0.612286965802684,0.69651505605747,0.259225926392294,20.5688702112714
6.6155753968254,0.612235280578389,0.696481051789401,0.259101950096,20.5692429737226
6.6156746031746,0.612183600976202,0.696447040377041,0.25897803319796,20.5696156949291
6.61577380952381,0.612131926995078,0.696413021825546,0.258854175669953,20.5699883748996
6.61587301587302,0.612080258633973,0.696378996140074,0.258730377483769,20.5703610136431
6.61597222222222,0.612028595891842,0.696344963325778,0.258606638611206,20.5707336111683
6.61607142857143,0.611976938767643,0.69631092338781,0.258482959024075,20.5711061674843
6.61617063492063,0.611925287260334,0.696276876331319,0.258359338694195,20.5714786825997
6.61626984126984,0.611873641368874,0.696242822161454,0.258235777593397,20.5718511565236
6.61636904761905,0.611822001092221,0.696208760883358,0.258112275693522,20.5722235892647
6.61646825396825,0.611770366429338,0.696174692502175,0.25798883296642,20.572595980832
6.61656746031746,0.611718737379184,0.696140617023046,0.257865449383953,20.5729683312342
6.61666666666667,0.611667113940723,0.696106534451109,0.257742124917993,20.5733406404802
6.61676587301587,0.611615496112916,0.696072444791501,0.25761885954042,20.5737129085788
6.61686507936508,0.611563883894728,0.696038348049356,0.257495653223128,20.574085135539
6.61696428571429,0.611512277285124,0.696004244229805,0.25737250593802,20.5744573213695
6.61706349206349,0.611460676283069,0.695970133337979,0.257249417657008,20.5748294660791
6.6171626984127,0.61140908088753,0.695936015379005,0.257126388352015,20.5752015696768
6.61726190476191,0.611357491097473,0.695901890358008,0.257003417994974,20.5755736321713
6.61736111111111,0.611305906911866,0.695867758280112,0.25688050655783,20.5759456535715
6.61746031746032,0.611254328329678,0.695833619150437,0.256757654012536,20.5763176338861
6.61755952380952,0.61120275534988,0.695799472974103,0.256634860331057,20.5766895731241
6.61765873015873,0.611151187971441,0.695765319756225,0.256512125485367,20.5770614712942
6.61775793650794,0.611099626193333,0.695731159501919,0.256389449447451,20.5774333284052
6.61785714285714,0.611048070014527,0.695696992216296,0.256266832189305,20.577805144466
6.61795634920635,0.610996519433998,0.695662817904466,0.256144273682933,20.5781769194854
6.61805555555556,0.610944974450719,0.695628636571537,0.256021773900353,20.5785486534722
6.61815476190476,0.610893435063664,0.695594448222614,0.25589933281359,20.5789203464352
6.61825396825397,0.610841901271808,0.695560252862801,0.255776950394679,20.5792919983831
6.61835317460318,0.610790373074129,0.695526050497199,0.25565462661567,20.5796636093249
6.61845238095238,0.610738850469604,0.695491841130907,0.255532361448619,20.5800351792692
6.61855158730159,0.61068733345721,0.695457624769022,0.255410154865593,20.5804067082249
6.61865079365079,0.610635822035927,0.695423401416638,0.255288006838669,20.5807781962008
6.61875,0.610584316204734,0.695389171078848,0.255165917339936,20.5811496432056
6.61884920634921,0.610532815962611,0.695354933760742,0.255043886341492,20.5815210492482
6.61894841269841,0.610481321308541,0.695320689467407,0.254921913815445,20.5818924143374
6.61904761904762,0.610429832241504,0.695286438203929,0.254799999733916,20.5822637384818
6.61914682539683,0.610378348760485,0.695252179975393,0.254678144069031,20.5826350216903
6.61924603174603,0.610326870864467,0.695217914786878,0.254556346792933,20.5830062639717
6.61934523809524,0.610275398552435,0.695183642643465,0.254434607877769,20.5833774653348
6.61944444444444,0.610223931823374,0.695149363550231,0.254312927295701,20.5837486257882
6.61954365079365,0.610172470676271,0.695115077512249,0.254191305018899,20.5841197453408
6.61964285714286,0.610121015110113,0.695080784534594,0.254069741019543,20.5844908240013
6.61974206349206,0.610069565123888,0.695046484622334,0.253948235269824,20.5848618617785
6.61984126984127,0.610018120716584,0.695012177780538,0.253826787741944,20.5852328586812
6.61994047619048,0.609966681887192,0.694977864014272,0.253705398408115,20.5856038147181
6.62003968253968,0.609915248634703,0.6949435433286,0.253584067240559,20.5859747298979
6.62013888888889,0.609863820958107,0.694909215728583,0.253462794211508,20.5863456042294
6.6202380952381,0.609812398856397,0.694874881219281,0.253341579293205,20.5867164377214
6.6203373015873,0.609760982328566,0.694840539805751,0.253220422457902,20.5870872303825
6.62043650793651,0.609709571373608,0.694806191493048,0.253099323677863,20.5874579822216
6.62053571428571,0.609658165990517,0.694771836286224,0.252978282925361,20.5878286932474
6.62063492063492,0.60960676617829,0.694737474190329,0.252857300172679,20.5881993634685
6.62073412698413,0.609555371935922,0.694703105210414,0.252736375392114,20.5885699928938
6.62083333333333,0.609503983262411,0.694668729351522,0.252615508555967,20.588940581532
6.62093253968254,0.609452600156755,0.694634346618699,0.252494699636555,20.5893111293917
6.62103174603175,0.609401222617952,0.694599957016987,0.252373948606202,20.5896816364818
6.62113095238095,0.609349850645003,0.694565560551423,0.252253255437244,20.5900521028109
6.62123015873016,0.609298484236909,0.694531157227047,0.252132620102026,20.5904225283877
6.62132936507937,0.609247123392669,0.694496747048893,0.252012042572903,20.5907929132211
6.62142857142857,0.609195768111288,0.694462330021993,0.251891522822244,20.5911632573195
6.62152777777778,0.609144418391768,0.69442790615138,0.251771060822424,20.5915335606919
6.62162698412698,0.609093074233113,0.694393475442081,0.25165065654583,20.5919038233469
6.62172619047619,0.609041735634328,0.694359037899122,0.251530309964859,20.5922740452931
6.6218253968254,0.608990402594418,0.694324593527528,0.251410021051919,20.5926442265393
6.6219246031746,0.608939075112389,0.694290142332321,0.251289789779427,20.5930143670943
6.62202380952381,0.60888775318725,0.69425568431852,0.251169616119812,20.5933844669666
6.62212301587302,0.608836436818008,0.694221219491144,0.251049500045512,20.593754526165
6.62222222222222,0.608785126003672,0.694186747855206,0.250929441528975,20.5941245446982
6.62232142857143,0.608733820743252,0.694152269415721,0.250809440542661,20.5944945225748
6.62242063492063,0.608682521035759,0.694117784177699,0.250689497059038,20.5948644598035
6.62251984126984,0.608631226880204,0.694083292146149,0.250569611050588,20.5952343563931
6.62261904761905,0.608579938275599,0.694048793326077,0.250449782489799,20.5956042123521
6.62271825396825,0.608528655220957,0.694014287722488,0.250330011349171,20.5959740276894
6.62281746031746,0.608477377715293,0.693979775340384,0.250210297601214,20.5963438024134
6.62291666666667,0.608426105757621,0.693945256184765,0.250090641218452,20.596713536533
6.62301587301587,0.608374839346957,0.693910730260629,0.249971042173414,20.5970832300567
6.62311507936508,0.608323578482318,0.693876197572971,0.249851500438642,20.5974528829933
6.62321428571429,0.60827232316272,0.693841658126784,0.249732015986688,20.5978224953514
6.62331349206349,0.608221073387182,0.69380711192706,0.249612588790112,20.5981920671396
6.6234126984127,0.608169829154724,0.693772558978788,0.249493218821489,20.5985615983667
6.62351190476191,0.608118590464364,0.693737999286953,0.2493739060534,20.5989310890412
6.62361111111111,0.608067357315123,0.693703432856542,0.249254650458439,20.5993005391718
6.62371031746032,0.608016129706023,0.693668859692535,0.249135452009209,20.5996699487672
6.62380952380952,0.607964907636086,0.693634279799913,0.249016310678323,20.600039317836
6.62390873015873,0.607913691104336,0.693599693183655,0.248897226438405,20.6004086463868
6.62400793650794,0.607862480109796,0.693565099848735,0.24877819926209,20.6007779344283
6.62410714285714,0.607811274651492,0.693530499800128,0.248659229122022,20.6011471819691
6.62420634920635,0.607760074728448,0.693495893042804,0.248540315990856,20.6015163890178
6.62430555555556,0.607708880339691,0.693461279581732,0.248421459841255,20.6018855555832
6.62440476190476,0.60765769148425,0.693426659421881,0.248302660645898,20.6022546816737
6.62450396825397,0.607606508161151,0.693392032568214,0.248183918377469,20.602623767298
6.62460317460318,0.607555330369425,0.693357399025694,0.248065233008664,20.6029928124648
6.62470238095238,0.6075041581081,0.693322758799281,0.24794660451219,20.6033618171827
6.62480158730159,0.607452991376209,0.693288111893933,0.247828032860763,20.6037307814602
6.62490079365079,0.607401830172781,0.693253458314606,0.247709518027109,20.6040997053061
6.625,0.607350674496849,0.693218798066255,0.247591059983968,20.6044685887288
6.62509920634921,0.607299524347448,0.693184131153829,0.247472658704085,20.604837431737
6.62519841269841,0.60724837972361,0.69314945758228,0.247354314160219,20.6052062343393
6.62529761904762,0.607197240624371,0.693114777356553,0.247236026325138,20.6055749965444
6.62539682539682,0.607146107048766,0.693080090481594,0.24711779517162,20.6059437183607
6.62549603174603,0.607094978995832,0.693045396962345,0.246999620672454,20.606312399797
6.62559523809524,0.607043856464606,0.693010696803748,0.24688150280044,20.6066810408617
6.62569444444444,0.606992739454127,0.692975990010739,0.246763441528386,20.6070496415636
6.62579365079365,0.606941627963432,0.692941276588256,0.246645436829111,20.6074182019111
6.62589285714286,0.606890521991564,0.692906556541232,0.246527488675448,20.6077867219128
6.62599206349206,0.606839421537562,0.692871829874599,0.246409597040236,20.6081552015774
6.62609126984127,0.606788326600468,0.692837096593287,0.246291761896325,20.6085236409134
6.62619047619048,0.606737237179324,0.692802356702223,0.246173983216576,20.6088920399294
6.62628968253968,0.606686153273173,0.692767610206331,0.246056260973861,20.6092603986339
6.62638888888889,0.60663507488106,0.692732857110535,0.245938595141061,20.6096287170356
6.62648809523809,0.606584002002029,0.692698097419756,0.245820985691067,20.6099969951429
6.6265873015873,0.606532934635126,0.692663331138912,0.245703432596782,20.6103652329646
6.62668650793651,0.606481872779398,0.692628558272919,0.245585935831119,20.610733430509
6.62678571428571,0.606430816433893,0.692593778826691,0.245468495367,20.6111015877848
6.62688492063492,0.606379765597657,0.692558992805141,0.245351111177358,20.6114697048005
6.62698412698413,0.606328720269741,0.692524200213177,0.245233783235137,20.6118377815648
6.62708333333333,0.606277680449195,0.692489401055708,0.24511651151329,20.612205818086
6.62718253968254,0.606226646135069,0.692454595337639,0.244999295984781,20.6125738143729
6.62728174603175,0.606175617326413,0.692419783063873,0.244882136622583,20.6129417704338
6.62738095238095,0.606124594022283,0.69238496423931,0.244765033399683,20.6133096862775
6.62748015873016,0.606073576221731,0.692350138868851,0.244647986289076,20.6136775619123
6.62757936507937,0.60602256392381,0.69231530695739,0.244530995263766,20.6140453973469
6.62767857142857,0.605971557127575,0.692280468509822,0.244414060296768,20.6144131925897
6.62777777777778,0.605920555832083,0.69224562353104,0.244297181361109,20.6147809476493
6.62787698412698,0.60586956003639,0.692210772025933,0.244180358429825,20.6151486625343
6.62797619047619,0.605818569739554,0.692175913999389,0.244063591475961,20.6155163372531
6.6280753968254,0.605767584940632,0.692141049456293,0.243946880472576,20.6158839718143
6.6281746031746,0.605716605638684,0.692106178401529,0.243830225392735,20.6162515662264
6.62827380952381,0.605665631832769,0.692071300839978,0.243713626209516,20.6166191204978
6.62837301587302,0.60561466352195,0.692036416776519,0.243597082896006,20.6169866346372
6.62847222222222,0.605563700705286,0.692001526216028,0.243480595425305,20.617354108653
6.62857142857143,0.605512743381842,0.691966629163381,0.243364163770519,20.6177215425538
6.62867063492063,0.605461791550679,0.691931725623448,0.243247787904768,20.618088936348
6.62876984126984,0.605410845210862,0.6918968156011,0.243131467801179,20.6184562900441
6.62886904761905,0.605359904361457,0.691861899101206,0.243015203432893,20.6188236036507
6.62896825396825,0.605308969001529,0.691826976128631,0.24289899477306,20.6191908771761
6.62906746031746,0.605258039130144,0.691792046688238,0.242782841794838,20.6195581106291
6.62916666666667,0.605207114746371,0.691757110784889,0.242666744471399,20.6199253040179
6.62926587301587,0.605156195849277,0.691722168423442,0.242550702775921,20.6202924573511
6.62936507936508,0.605105282437932,0.691687219608755,0.242434716681596,20.6206595706372
6.62946428571429,0.605054374511405,0.691652264345683,0.242318786161626,20.6210266438847
6.62956349206349,0.605003472068768,0.691617302639077,0.24220291118922,20.621393677102
6.6296626984127,0.604952575109091,0.691582334493788,0.242087091737601,20.6217606702976
6.6297619047619,0.604901683631449,0.691547359914665,0.241971327780001,20.6221276234801
6.62986111111111,0.604850797634913,0.691512378906553,0.241855619289662,20.6224945366577
6.62996031746032,0.604799917118559,0.691477391474295,0.241739966239837,20.6228614098391
6.63005952380952,0.604749042081461,0.691442397622734,0.241624368603787,20.6232282430327
6.63015873015873,0.604698172522694,0.691407397356708,0.241508826354788,20.623595036247
6.63025793650794,0.604647308441336,0.691372390681054,0.241393339466119,20.6239617894904
6.63035714285714,0.604596449836465,0.691337377600609,0.241277907911079,20.6243285027713
6.63045634920635,0.604545596707158,0.691302358120203,0.241162531662969,20.6246951760982
6.63055555555556,0.604494749052495,0.691267332244668,0.241047210695105,20.6250618094797
6.63065476190476,0.604443906871556,0.691232299978832,0.24093194498081,20.625428402924
6.63075396825397,0.604393070163422,0.691197261327521,0.24081673449342,20.6257949564397
6.63085317460317,0.604342238927174,0.691162216295559,0.24070157920628,20.6261614700352
6.63095238095238,0.604291413161895,0.691127164887767,0.240586479092745,20.6265279437189
6.63105158730159,0.604240592866668,0.691092107108966,0.240471434126182,20.6268943774993
6.63115079365079,0.604189778040577,0.691057042963972,0.240356444279966,20.6272607713848
6.63125,0.604138968682709,0.6910219724576,0.240241509527485,20.6276271253839
6.63134920634921,0.604088164792148,0.690986895594664,0.240126629842134,20.6279934395049
6.63144841269841,0.60403736636798,0.690951812379973,0.240011805197321,20.6283597137563
6.63154761904762,0.603986573409295,0.690916722818337,0.239897035566464,20.6287259481465
6.63164682539682,0.60393578591518,0.690881626914562,0.23978232092299,20.629092142684
6.63174603174603,0.603885003884723,0.690846524673451,0.239667661240336,20.6294582973771
6.63184523809524,0.603834227317017,0.690811416099807,0.239553056491952,20.6298244122342
6.63194444444444,0.603783456211151,0.690776301198429,0.239438506651297,20.6301904872638
6.63204365079365,0.603732690566216,0.690741179974116,0.239324011691839,20.6305565224743
6.63214285714286,0.603681930381307,0.690706052431661,0.239209571587057,20.6309225178741
6.63224206349206,0.603631175655516,0.690670918575858,0.239095186310441,20.6312884734715
6.63234126984127,0.603580426387937,0.690635778411499,0.23898085583549,20.631654389275
6.63244047619048,0.603529682577665,0.690600631943371,0.238866580135716,20.632020265293
6.63253968253968,0.603478944223796,0.690565479176262,0.238752359184638,20.6323861015339
6.63263888888889,0.603428211325428,0.690530320114954,0.238638192955787,20.632751898006
6.63273809523809,0.603377483881657,0.690495154764232,0.238524081422704,20.6331176547178
6.6328373015873,0.603326761891582,0.690459983128873,0.23841002455894,20.6334833716776
6.63293650793651,0.603276045354303,0.690424805213657,0.238296022338058,20.6338490488938
6.63303571428571,0.603225334268919,0.690389621023359,0.23818207473363,20.6342146863747
6.63313492063492,0.603174628634531,0.690354430562751,0.238068181719236,20.6345802841289
6.63323412698413,0.603123928450241,0.690319233836604,0.23795434326847,20.6349458421646
6.63333333333333,0.603073233715152,0.690284030849689,0.237840559354936,20.6353113604902
6.63343253968254,0.603022544428368,0.690248821606771,0.237726829952246,20.635676839114
6.63353174603175,0.602971860588992,0.690213606112615,0.237613155034024,20.6360422780445
6.63363095238095,0.602921182196129,0.690178384371983,0.237499534573904,20.63640767729
6.63373015873016,0.602870509248886,0.690143156389635,0.237385968545529,20.6367730368589
6.63382936507937,0.60281984174637,0.69010792217033,0.237272456922555,20.6371383567595
6.63392857142857,0.602769179687687,0.690072681718822,0.237158999678645,20.6375036370001
6.63402777777778,0.602718523071947,0.690037435039865,0.237045596787476,20.6378688775892
6.63412698412698,0.602667871898258,0.69000218213821,0.236932248222731,20.638234078535
6.63422619047619,0.602617226165731,0.689966923018608,0.236818953958108,20.6385992398459
6.6343253968254,0.602566585873477,0.689931657685803,0.236705713967312,20.6389643615303
6.6344246031746,0.602515951020608,0.689896386144542,0.236592528224059,20.6393294435965
6.63452380952381,0.602465321606236,0.689861108399566,0.236479396702076,20.6396944860528
6.63462301587302,0.602414697629475,0.689825824455615,0.236366319375099,20.6400594889076
6.63472222222222,0.602364079089438,0.689790534317429,0.236253296216875,20.6404244521691
6.63482142857143,0.602313465985242,0.689755237989742,0.236140327201163,20.6407893758458
6.63492063492064,0.602262858316002,0.689719935477288,0.236027412301731,20.6411542599459
6.63501984126984,0.602212256080835,0.6896846267848,0.235914551492356,20.6415191044778
6.63511904761905,0.602161659278859,0.689649311917005,0.235801744746827,20.6418839094497
6.63521825396825,0.602111067909192,0.689613990878632,0.235688992038942,20.6422486748701
6.63531746031746,0.602060481970953,0.689578663674404,0.23557629334251,20.6426134007471
6.63541666666667,0.602009901463263,0.689543330309046,0.235463648631351,20.6429780870892
6.63551587301587,0.601959326385243,0.689507990787276,0.235351057879294,20.6433427339046
6.63561507936508,0.601908756736015,0.689472645113813,0.23523852106018,20.6437073412017
6.63571428571429,0.6018581925147,0.689437293293374,0.235126038147858,20.6440719089886
6.63581349206349,0.601807633720423,0.689401935330672,0.235013609116189,20.6444364372738
6.6359126984127,0.601757080352308,0.689366571230419,0.234901233939044,20.6448009260656
6.6360119047619,0.601706532409481,0.689331200997325,0.234788912590304,20.6451653753721
6.63611111111111,0.601655989891066,0.689295824636096,0.234676645043861,20.6455297852018
6.63621031746032,0.601605452796191,0.689260442151437,0.234564431273614,20.6458941555629
6.63630952380952,0.601554921123985,0.689225053548052,0.23445227125348,20.6462584864637
6.63640873015873,0.601504394873575,0.689189658830641,0.234340164957377,20.6466227779124
6.63650793650794,0.601453874044091,0.689154258003903,0.234228112359241,20.6469870299174
6.63660714285714,0.601403358634662,0.689118851072534,0.234116113433012,20.6473512424869
6.63670634920635,0.60135284864442,0.689083438041228,0.234004168152646,20.6477154156291
6.63680555555556,0.601302344072497,0.689048018914676,0.233892276492104,20.6480795493525
6.63690476190476,0.601251844918026,0.689012593697569,0.233780438425362,20.6484436436652
6.63700396825397,0.60120135118014,0.688977162394594,0.233668653926403,20.6488076985755
6.63710317460317,0.601150862857973,0.688941725010436,0.233556922969223,20.6491717140916
6.63720238095238,0.601100379950661,0.688906281549778,0.233445245527824,20.6495356902219
6.63730158730159,0.601049902457339,0.6888708320173,0.233333621576224,20.6498996269746
6.63740079365079,0.600999430377146,0.688835376417683,0.233222051088447,20.6502635243578
6.6375,0.600948963709217,0.688799914755602,0.233110534038529,20.65062738238
6.63759920634921,0.600898502452692,0.688764447035731,0.232999070400516,20.6509912010493
6.63769841269841,0.60084804660671,0.688728973262742,0.232887660148463,20.651354980374
6.63779761904762,0.600797596170412,0.688693493441305,0.23277630325644,20.6517187203622
6.63789682539683,0.600747151142939,0.688658007576089,0.232664999698521,20.6520824210224
6.63799603174603,0.600696711523432,0.688622515671757,0.232553749448795,20.6524460823626
6.63809523809524,0.600646277311035,0.688587017732975,0.232442552481359,20.6528097043911
6.63819444444444,0.60059584850489,0.688551513764402,0.23233140877032,20.6531732871162
6.63829365079365,0.600545425104143,0.688516003770697,0.232220318289797,20.6535368305461
6.63839285714286,0.600495007107937,0.688480487756517,0.232109281013919,20.653900334689
6.63849206349206,0.600444594515421,0.688444965726517,0.231998296916824,20.6542637995531
6.63859126984127,0.60039418732574,0.688409437685349,0.231887365972661,20.6546272251466
6.63869047619048,0.600343785538042,0.688373903637662,0.231776488155589,20.6549906114778
6.63878968253968,0.600293389151477,0.688338363588106,0.231665663439779,20.655353958555
6.63888888888889,0.600242998165192,0.688302817541324,0.231554891799411,20.6557172663861
6.6389880952381,0.600192612578339,0.688267265501961,0.231444173208674,20.6560805349796
6.6390873015873,0.600142232390069,0.688231707474658,0.23133350764177,20.6564437643436
6.63918650793651,0.600091857599532,0.688196143464054,0.231222895072907,20.6568069544863
6.63928571428572,0.600041488205884,0.688160573474786,0.23111233547631,20.6571701054159
6.63938492063492,0.599991124208277,0.688124997511488,0.231001828826209,20.6575332171406
6.63948412698413,0.599940765605865,0.688089415578793,0.230891375096846,20.6578962896686
6.63958333333333,0.599890412397803,0.688053827681331,0.230780974262474,20.658259323008
6.63968253968254,0.599840064583249,0.688018233823731,0.230670626297353,20.6586223171672
6.63978174603175,0.599789722161359,0.687982634010617,0.230560331175758,20.6589852721542
6.63988095238095,0.59973938513129,0.687947028246615,0.230450088871971,20.6593481879772
6.63998015873016,0.599689053492201,0.687911416536344,0.230339899360286,20.6597110646445
6.64007936507937,0.599638727243252,0.687875798884424,0.230229762615006,20.6600739021641
6.64017857142857,0.599588406383603,0.687840175295473,0.230119678610445,20.6604367005444
6.64027777777778,0.599538090912415,0.687804545774105,0.230009647320929,20.6607994597933
6.64037698412698,0.59948778082885,0.687768910324933,0.22989966872079,20.6611621799192
6.64047619047619,0.599437476132071,0.687733268952567,0.229789742784374,20.6615248609301
6.6405753968254,0.599387176821242,0.687697621661616,0.229679869486037,20.6618875028343
6.6406746031746,0.599336882895526,0.687661968456684,0.229570048800142,20.6622501056399
6.64077380952381,0.59928659435409,0.687626309342377,0.229460280701068,20.662612669355
6.64087301587302,0.5992363111961,0.687590644323296,0.2293505651632,20.6629751939878
6.64097222222222,0.599186033420722,0.687554973404041,0.229240902160934,20.6633376795465
6.64107142857143,0.599135761027125,0.687519296589208,0.229131291668677,20.6637001260392
6.64117063492063,0.599085494014476,0.687483613883393,0.229021733660846,20.664062533474
6.64126984126984,0.599035232381946,0.687447925291188,0.228912228111868,20.6644249018591
6.64136904761905,0.598984976128705,0.687412230817184,0.228802774996181,20.6647872312027
6.64146825396825,0.598934725253924,0.68737653046597,0.228693374288233,20.6651495215128
6.64156746031746,0.598884479756775,0.687340824242132,0.228584025962482,20.6655117727976
6.64166666666667,0.598834239636431,0.687305112150253,0.228474729993397,20.6658739850653
6.64176587301587,0.598784004892065,0.687269394194916,0.228365486355456,20.6662361583239
6.64186507936508,0.598733775522852,0.6872336703807,0.228256295023149,20.6665982925816
6.64196428571428,0.598683551527968,0.687197940712183,0.228147155970975,20.6669603878465
6.64206349206349,0.598633332906589,0.687162205193939,0.228038069173445,20.6673224441267
6.6421626984127,0.59858311965789,0.687126463830542,0.227929034605076,20.6676844614304
6.6422619047619,0.598532911781052,0.687090716626563,0.227820052240401,20.6680464397657
6.64236111111111,0.598482709275251,0.68705496358657,0.227711122053961,20.6684083791406
6.64246031746032,0.598432512139669,0.687019204715131,0.227602244020307,20.6687702795633
6.64255952380952,0.598382320373485,0.686983440016808,0.227493418113998,20.6691321410418
6.64265873015873,0.598332133975879,0.686947669496164,0.227384644309608,20.6694939635844
6.64275793650794,0.598281952946036,0.686911893157758,0.227275922581718,20.669855747199
6.64285714285714,0.598231777283136,0.68687611100615,0.22716725290492,20.6702174918939
6.64295634920635,0.598181606986365,0.686840323045893,0.227058635253817,20.670579197677
6.64305555555556,0.598131442054906,0.686804529281541,0.226950069603022,20.6709408645564
6.64315476190476,0.598081282487944,0.686768729717645,0.226841555927157,20.6713024925403
6.64325396825397,0.598031128284667,0.686732924358754,0.226733094200857,20.6716640816368
6.64335317460317,0.597980979444261,0.686697113209414,0.226624684398765,20.6720256318539
6.64345238095238,0.597930835965914,0.68666129627417,0.226516326495534,20.6723871431997
6.64355158730159,0.597880697848815,0.686625473557565,0.226408020465831,20.6727486156823
6.64365079365079,0.597830565092153,0.686589645064137,0.226299766284326,20.6731100493097
6.64375,0.597780437695119,0.686553810798425,0.226191563925709,20.6734714440901
6.64384920634921,0.597730315656904,0.686517970764966,0.226083413364674,20.6738328000314
6.64394841269841,0.5976801989767,0.686482124968291,0.225975314575926,20.6741941171418
6.64404761904762,0.5976300876537,0.686446273412932,0.22586726753418,20.6745553954294
6.64414682539683,0.597579981687098,0.686410416103418,0.225759272214163,20.6749166349021
6.64424603174603,0.597529881076088,0.686374553044277,0.225651328590612,20.675277835568
6.64434523809524,0.597479785819866,0.686338684240032,0.225543436638273,20.6756389974353
6.64444444444444,0.597429695917628,0.686302809695206,0.225435596331904,20.6760001205119
6.64454365079365,0.597379611368571,0.686266929414319,0.225327807646271,20.6763612048058
6.64464285714286,0.597329532171893,0.68623104340189,0.225220070556153,20.6767222503253
6.64474206349206,0.597279458326792,0.686195151662433,0.225112385036338,20.6770832570782
6.64484126984127,0.59722938983247,0.686159254200464,0.225004751061624,20.6774442250726
6.64494047619048,0.597179326688124,0.686123351020492,0.224897168606819,20.6778051543166
6.64503968253968,0.597129268892959,0.686087442127027,0.224789637646743,20.6781660448182
6.64513888888889,0.597079216446173,0.686051527524577,0.224682158156223,20.6785268965854
6.6452380952381,0.597029169346973,0.686015607217646,0.224574730110102,20.6788877096262
6.6453373015873,0.59697912759456,0.685979681210736,0.224467353483228,20.6792484839488
6.64543650793651,0.59692909118814,0.685943749508349,0.224360028250461,20.679609219561
6.64553571428571,0.596879060126918,0.685907812114982,0.224252754386673,20.679969916471
6.64563492063492,0.5968290344101,0.685871869035132,0.224145531866743,20.6803305746866
6.64573412698413,0.596779014036894,0.685835920273291,0.224038360665562,20.6806911942161
6.64583333333333,0.596728999006507,0.685799965833952,0.223931240758033,20.6810517750673
6.64593253968254,0.596678989318148,0.685764005721604,0.223824172119067,20.6814123172483
6.64603174603175,0.596628984971027,0.685728039940735,0.223717154723585,20.6817728207671
6.64613095238095,0.596578985964354,0.685692068495829,0.223610188546521,20.6821332856316
6.64623015873016,0.596528992297341,0.685656091391369,0.223503273562816,20.6824937118499
6.64632936507936,0.5964790039692,0.685620108631836,0.223396409747424,20.68285409943
6.64642857142857,0.596429020979143,0.685584120221708,0.223289597075308,20.6832144483799
6.64652777777778,0.596379043326385,0.685548126165461,0.223182835521441,20.6835747587076
6.64662698412698,0.59632907101014,0.685512126467569,0.223076125060805,20.683935030421
6.64672619047619,0.596279104029623,0.685476121132504,0.222969465668399,20.6842952635281
6.6468253968254,0.596229142384052,0.685440110164737,0.222862857319225,20.6846554580369
6.6469246031746,0.596179186072643,0.685404093568733,0.222756299988297,20.6850156139555
6.64702380952381,0.596129235094614,0.685368071348959,0.22264979365064,20.6853757312917
6.64712301587302,0.596079289449185,0.685332043509877,0.222543338281291,20.6857358100536
6.64722222222222,0.596029349135573,0.685296010055948,0.222436933855294,20.6860958502492
6.64732142857143,0.595979414153001,0.685259970991631,0.222330580347706,20.6864558518863
6.64742063492063,0.59592948450069,0.685223926321382,0.222224277733592,20.686815814973
6.64751984126984,0.595879560177861,0.685187876049655,0.22211802598803,20.6871757395172
6.64761904761905,0.595829641183738,0.685151820180903,0.222011825086107,20.6875356255268
6.64771825396825,0.595779727517544,0.685115758719574,0.221905675002919,20.68789547301
6.64781746031746,0.595729819178505,0.685079691670117,0.221799575713574,20.6882552819745
6.64791666666667,0.595679916165845,0.685043619036978,0.22169352719319,20.6886150524283
6.64801587301587,0.595630018478792,0.685007540824598,0.221587529416894,20.6889747843795
6.64811507936508,0.595580126116571,0.684971457037419,0.221481582359825,20.6893344778359
6.64821428571429,0.595530239078412,0.684935367679881,0.221375685997133,20.6896941328055
6.64831349206349,0.595480357363544,0.68489927275642,0.221269840303976,20.6900537492962
6.6484126984127,0.595430480971195,0.684863172271469,0.221164045255524,20.690413327316
6.64851190476191,0.595380609900597,0.684827066229462,0.221058300826956,20.6907728668728
6.64861111111111,0.595330744150981,0.684790954634827,0.220952606993462,20.6911323679745
6.64871031746032,0.595280883721578,0.684754837491994,0.220846963730242,20.6914918306291
6.64880952380952,0.595231028611623,0.684718714805387,0.220741371012506,20.6918512548444
6.64890873015873,0.595181178820349,0.684682586579431,0.220635828815477,20.6922106406285
6.64900793650794,0.59513133434699,0.684646452818545,0.220530337114384,20.6925699879891
6.64910714285714,0.595081495190783,0.68461031352715,0.22042489588447,20.6929292969344
6.64920634920635,0.595031661350963,0.684574168709661,0.220319505100985,20.6932885674721
6.64930555555556,0.594981832826768,0.684538018370494,0.220214164739193,20.6936477996101
6.64940476190476,0.594932009617436,0.684501862514061,0.220108874774365,20.6940069933565
6.64950396825397,0.594882191722206,0.684465701144772,0.220003635181785,20.694366148719
6.64960317460318,0.594832379140317,0.684429534267034,0.219898445936743,20.6947252657056
6.64970238095238,0.59478257187101,0.684393361885255,0.219793307014546,20.6950843443242
6.64980158730159,0.594732769913528,0.684357184003837,0.219688218390507,20.6954433845827
6.64990079365079,0.594682973267111,0.684321000627182,0.219583180039948,20.695802386489
6.65,0.594633181931002,0.684284811759689,0.219478191938205,20.696161350051
6.65009920634921,0.594583395904447,0.684248617405755,0.219373254060621,20.6965202752765
6.65019841269841,0.594533615186689,0.684212417569775,0.219268366382552,20.6968791621735
6.65029761904762,0.594483839776974,0.68417621225614,0.219163528879362,20.6972380107498
6.65039682539683,0.594434069674549,0.684140001469243,0.219058741526428,20.6975968210133
6.65049603174603,0.594384304878661,0.684103785213471,0.218954004299135,20.6979555929719
6.65059523809524,0.594334545388557,0.684067563493209,0.218849317172879,20.6983143266335
6.65069444444444,0.594284791203488,0.684031336312842,0.218744680123065,20.698673022006
6.65079365079365,0.594235042322702,0.683995103676751,0.218640093125112,20.6990316790971
6.65089285714286,0.59418529874545,0.683958865589316,0.218535556154446,20.6993902979148
6.65099206349206,0.594135560470984,0.683922622054913,0.218431069186504,20.6997488784669
6.65109126984127,0.594085827498556,0.683886373077918,0.218326632196733,20.7001074207614
6.65119047619048,0.594036099827419,0.683850118662704,0.218222245160592,20.700465924806
6.65128968253968,0.593986377456827,0.683813858813641,0.218117908053549,20.7008243906086
6.65138888888889,0.593936660386034,0.683777593535097,0.218013620851083,20.7011828181771
6.6514880952381,0.593886948614298,0.683741322831439,0.217909383528682,20.7015412075192
6.6515873015873,0.593837242140873,0.683705046707031,0.217805196061845,20.701899558643
6.65168650793651,0.593787540965017,0.683668765166234,0.217701058426081,20.7022578715561
6.65178571428571,0.593737845085989,0.683632478213407,0.217596970596911,20.7026161462665
6.65188492063492,0.593688154503047,0.68359618585291,0.217492932549865,20.702974382782
6.65198412698413,0.593638469215451,0.683559888089095,0.217388944260482,20.7033325811104
6.65208333333333,0.593588789222462,0.683523584926318,0.217285005704313,20.7036907412595
6.65218253968254,0.593539114523341,0.683487276368927,0.21718111685692,20.7040488632372
6.65228174603175,0.59348944511735,0.683450962421272,0.217077277693873,20.7044069470514
6.65238095238095,0.593439781003753,0.6834146430877,0.216973488190754,20.7047649927097
6.65248015873016,0.593390122181814,0.683378318372553,0.216869748323155,20.7051230002201
6.65257936507937,0.593340468650797,0.683341988280175,0.216766058066677,20.7054809695904
6.65267857142857,0.593290820409968,0.683305652814905,0.216662417396935,20.7058389008283
6.65277777777778,0.593241177458594,0.683269311981081,0.216558826289549,20.7061967939417
6.65287698412698,0.593191539795942,0.683232965783038,0.216455284720155,20.7065546489385
6.65297619047619,0.59314190742128,0.683196614225109,0.216351792664394,20.7069124658263
6.6530753968254,0.593092280333878,0.683160257311625,0.21624835009792,20.7072702446131
6.6531746031746,0.593042658533004,0.683123895046915,0.216144956996398,20.7076279853065
6.65327380952381,0.59299304201793,0.683087527435306,0.216041613335502,20.7079856879145
6.65337301587302,0.592943430787927,0.683051154481121,0.215938319090916,20.7083433524448
6.65347222222222,0.592893824842267,0.683014776188683,0.215835074238335,20.7087009789052
6.65357142857143,0.592844224180224,0.682978392562313,0.215731878753464,20.7090585673035
6.65367063492063,0.592794628801072,0.682942003606327,0.21562873261202,20.7094161176475
6.65376984126984,0.592745038704086,0.682905609325041,0.215525635789727,20.7097736299449
6.65386904761905,0.59269545388854,0.682869209722769,0.215422588262322,20.7101311042035
6.65396825396825,0.592645874353713,0.682832804803822,0.215319590005551,20.7104885404312
6.65406746031746,0.592596300098879,0.682796394572508,0.21521664099517,20.7108459386357
6.65416666666667,0.59254673112332,0.682759979033135,0.215113741206949,20.7112032988247
6.65426587301587,0.592497167426314,0.682723558190007,0.215010890616663,20.7115606210061
6.65436507936508,0.592447609007139,0.682687132047427,0.2149080892001,20.7119179051875
6.65446428571429,0.592398055865077,0.682650700609694,0.214805336933058,20.7122751513769
6.65456349206349,0.59234850799941,0.682614263881107,0.214702633791345,20.7126323595818
6.6546626984127,0.59229896540942,0.682577821865961,0.214599979750781,20.7129895298102
6.65476190476191,0.59224942809439,0.682541374568551,0.214497374787193,20.7133466620697
6.65486111111111,0.592199896053604,0.682504921993166,0.214394818876421,20.713703756368
6.65496031746032,0.592150369286347,0.682468464144097,0.214292311994315,20.7140608127131
6.65505952380952,0.592100847791905,0.68243200102563,0.214189854116733,20.7144178311125
6.65515873015873,0.592051331569564,0.68239553264205,0.214087445219547,20.714774811574
6.65525793650794,0.592001820618612,0.68235905899764,0.213985085278637,20.7151317541054
6.65535714285714,0.591952314938337,0.68232258009668,0.213882774269894,20.7154886587145
6.65545634920635,0.591902814528027,0.682286095943448,0.213780512169217,20.7158455254089
6.65555555555556,0.591853319386973,0.682249606542219,0.213678298952518,20.7162023541963
6.65565476190476,0.591803829514467,0.68221311189727,0.213576134595721,20.7165591450846
6.65575396825397,0.591754344909798,0.682176612012869,0.213474019074756,20.7169158980814
6.65585317460318,0.59170486557226,0.682140106893287,0.213371952365566,20.7172726131945
6.65595238095238,0.591655391501147,0.682103596542791,0.213269934444103,20.7176292904315
6.65605158730159,0.591605922695751,0.682067080965646,0.21316796528633,20.7179859298003
6.65615079365079,0.591556459155368,0.682030560166115,0.213066044868219,20.7183425313084
6.65625,0.591507000879293,0.681994034148458,0.212964173165756,20.7186990949637
6.65634920634921,0.591457547866824,0.681957502916933,0.212862350154932,20.7190556207738
6.65644841269841,0.591408100117258,0.681920966475798,0.212760575811754,20.7194121087465
6.65654761904762,0.591358657629893,0.681884424829304,0.212658850112233,20.7197685588894
6.65664682539682,0.591309220404027,0.681847877981705,0.212557173032397,20.7201249712103
6.65674603174603,0.591259788438962,0.68181132593725,0.212455544548278,20.7204813457168
6.65684523809524,0.591210361733998,0.681774768700187,0.212353964635924,20.7208376824167
6.65694444444444,0.591160940288435,0.681738206274759,0.212252433271388,20.7211939813176
6.65704365079365,0.591111524101578,0.681701638665211,0.212150950430737,20.7215502424272
6.65714285714286,0.591062113172728,0.681665065875783,0.212049516090048,20.7219064657533
6.65724206349206,0.591012707501192,0.681628487910714,0.211948130225407,20.7222626513034
6.65734126984127,0.590963307086272,0.68159190477424,0.211846792812911,20.7226187990854
6.65744047619048,0.590913911927275,0.681555316470595,0.211745503828667,20.7229749091067
6.65753968253968,0.590864522023508,0.681518723004011,0.211644263248792,20.7233309813752
6.65763888888889,0.590815137374278,0.681482124378717,0.211543071049414,20.7236870158986
6.65773809523809,0.590765757978893,0.681445520598942,0.211441927206671,20.7240430126844
6.6578373015873,0.590716383836663,0.681408911668911,0.211340831696712,20.7243989717403
6.65793650793651,0.590667014946898,0.681372297592847,0.211239784495694,20.724754893074
6.65803571428571,0.590617651308907,0.68133567837497,0.211138785579788,20.7251107766933
6.65813492063492,0.590568292922004,0.6812990540195,0.211037834925171,20.7254666226056
6.65823412698413,0.5905189397855,0.681262424530653,0.210936932508035,20.7258224308187
6.65833333333333,0.590469591898709,0.681225789912644,0.210836078304578,20.7261782013403
6.65843253968254,0.590420249260945,0.681189150169684,0.210735272291011,20.7265339341779
6.65853174603175,0.590370911871522,0.681152505305983,0.210634514443553,20.7268896293393
6.65863095238095,0.590321579729757,0.68111585532575,0.210533804738438,20.727245286832
6.65873015873016,0.590272252834967,0.681079200233189,0.210433143151905,20.7276009066638
6.65882936507937,0.590222931186469,0.681042540032505,0.210332529660205,20.7279564888422
6.65892857142857,0.590173614783581,0.681005874727897,0.210231964239601,20.728312033375
6.65902777777778,0.590124303625622,0.680969204323566,0.210131446866364,20.7286675402696
6.65912698412698,0.590074997711913,0.680932528823708,0.210030977516776,20.7290230095338
6.65922619047619,0.590025697041774,0.680895848232517,0.209930556167131,20.7293784411752
6.6593253968254,0.589976401614526,0.680859162554186,0.209830182793731,20.7297338352014
6.6594246031746,0.589927111429494,0.680822471792905,0.20972985737289,20.73008919162
6.65952380952381,0.589877826485999,0.680785775952862,0.20962957988093,20.7304445104387
6.65962301587302,0.589828546783366,0.680749075038242,0.209529350294186,20.730799791665
6.65972222222222,0.58977927232092,0.680712369053229,0.209429168589003,20.7311550353066
6.65982142857143,0.589730003097987,0.680675658002005,0.209329034741733,20.7315102413711
6.65992063492063,0.589680739113893,0.680638941888748,0.209228948728743,20.7318654098661
6.66001984126984,0.589631480367966,0.680602220717635,0.209128910526405,20.7322205407992
6.66011904761905,0.589582226859535,0.680565494492842,0.209028920111109,20.732575634178
6.66021825396825,0.589532978587929,0.680528763218541,0.208928977459247,20.7329306900101
6.66031746031746,0.589483735552477,0.680492026898902,0.208829082547227,20.7332857083031
6.66041666666667,0.589434497752511,0.680455285538093,0.208729235351464,20.7336406890645
6.66051587301587,0.589385265187362,0.68041853914028,0.208629435848386,20.7339956323021
6.66061507936508,0.589336037856363,0.680381787709627,0.208529684014428,20.7343505380233
6.66071428571429,0.589286815758848,0.680345031250295,0.208429979826039,20.7347054062357
6.66081349206349,0.589237598894149,0.680308269766444,0.208330323259675,20.735060236947
6.6609126984127,0.589188387261604,0.680271503262231,0.208230714291805,20.7354150301647
6.6610119047619,0.589139180860546,0.68023473174181,0.208131152898906,20.7357697858964
6.66111111111111,0.589089979690314,0.680197955209335,0.208031639057468,20.7361245041497
6.66121031746032,0.589040783750244,0.680161173668957,0.207932172743988,20.7364791849321
6.66130952380952,0.588991593039676,0.680124387124822,0.207832753934976,20.7368338282511
6.66140873015873,0.588942407557948,0.680087595581078,0.207733382606951,20.7371884341145
6.66150793650794,0.5888932273044,0.680050799041867,0.207634058736442,20.7375430025296
6.66160714285714,0.588844052278373,0.680013997511334,0.20753478229999,20.7378975335042
6.66170634920635,0.58879488247921,0.679977190993616,0.207435553274146,20.7382520270457
6.66180555555556,0.588745717906252,0.67994037949285,0.207336371635469,20.7386064831616
6.66190476190476,0.588696558558844,0.679903563013173,0.20723723736053,20.7389609018596
6.66200396825397,0.588647404436329,0.679866741558717,0.207138150425911,20.7393152831473
6.66210317460317,0.588598255538052,0.679829915133613,0.207039110808204,20.739669627032
6.66220238095238,0.588549111863359,0.679793083741988,0.206940118484008,20.7400239335214
6.66230158730159,0.588499973411598,0.67975624738797,0.206841173429938,20.740378202623
6.66240079365079,0.588450840182115,0.679719406075683,0.206742275622615,20.7407324343444
6.6625,0.58840171217426,0.679682559809249,0.206643425038672,20.7410866286931
6.66259920634921,0.588352589387381,0.679645708592787,0.206544621654753,20.7414407856766
6.66269841269841,0.588303471820828,0.679608852430414,0.206445865447509,20.7417949053024
6.66279761904762,0.588254359473953,0.679571991326247,0.206347156393605,20.7421489875781
6.66289682539682,0.588205252346107,0.679535125284398,0.206248494469715,20.7425030325112
6.66299603174603,0.588156150436643,0.679498254308977,0.206149879652522,20.7428570401092
6.66309523809524,0.588107053744914,0.679461378404095,0.206051311918723,20.7432110103796
6.66319444444444,0.588057962270275,0.679424497573857,0.205952791245021,20.7435649433299
6.66329365079365,0.588008876012081,0.679387611822368,0.205854317608132,20.7439188389677
6.66339285714286,0.587959794969687,0.67935072115373,0.205755890984781,20.7442726973005
6.66349206349206,0.587910719142451,0.679313825572042,0.205657511351704,20.7446265183357
6.66359126984127,0.58786164852973,0.679276925081403,0.205559178685646,20.7449803020809
6.66369047619048,0.587812583130883,0.679240019685908,0.205460892963364,20.7453340485435
6.66378968253968,0.587763522945268,0.67920310938965,0.205362654161626,20.7456877577311
6.66388888888889,0.587714467972247,0.67916619419672,0.205264462257207,20.7460414296512
6.66398809523809,0.58766541821118,0.679129274111208,0.205166317226895,20.7463950643112
6.6640873015873,0.587616373661428,0.679092349137199,0.205068219047488,20.7467486617186
6.66418650793651,0.587567334322355,0.679055419278779,0.204970167695794,20.7471022218809
6.66428571428571,0.587518300193324,0.67901848454003,0.20487216314863,20.7474557448057
6.66438492063492,0.587469271273699,0.678981544925032,0.204774205382825,20.7478092305003
6.66448412698413,0.587420247562845,0.678944600437862,0.204676294375218,20.7481626789723
6.66458333333333,0.58737122906013,0.678907651082597,0.204578430102658,20.7485160902291
6.66468253968254,0.587322215764918,0.67887069686331,0.204480612542006,20.7488694642782
6.66478174603175,0.587273207676578,0.678833737784072,0.20438284167013,20.749222801127
6.66488095238095,0.587224204794479,0.678796773848953,0.20428511746391,20.7495761007831
6.66498015873016,0.58717520711799,0.678759805062019,0.204187439900236,20.7499293632539
6.66507936507937,0.587126214646481,0.678722831427335,0.20408980895601,20.7502825885468
6.66517857142857,0.587077227379322,0.678685852948964,0.203992224608142,20.7506357766693
6.66527777777778,0.587028245315887,0.678648869630965,0.203894686833554,20.7509889276289
6.66537698412698,0.586979268455547,0.678611881477398,0.203797195609177,20.7513420414331
6.66547619047619,0.586930296797676,0.678574888492317,0.203699750911952,20.7516951180891
6.6655753968254,0.586881330341648,0.678537890679777,0.203602352718833,20.7520481576046
6.6656746031746,0.586832369086839,0.678500888043829,0.203505001006781,20.7524011599869
6.66577380952381,0.586783413032625,0.678463880588522,0.20340769575277,20.7527541252435
6.66587301587302,0.586734462178382,0.678426868317904,0.203310436933782,20.7531070533819
6.66597222222222,0.586685516523488,0.678389851236018,0.203213224526809,20.7534599444094
6.66607142857143,0.586636576067322,0.678352829346909,0.203116058508859,20.7538127983334
6.66617063492064,0.586587640809263,0.678315802654617,0.203018938856942,20.7541656151615
6.66626984126984,0.586538710748691,0.678278771163179,0.202921865548085,20.7545183949011
6.66636904761905,0.586489785884988,0.678241734876633,0.202824838559321,20.7548711375595
6.66646825396825,0.586440866217535,0.678204693799011,0.202727857867695,20.7552238431441
6.66656746031746,0.586391951745715,0.678167647934345,0.202630923450262,20.7555765116625
6.66666666666667,0.586343042468911,0.678130597286666,0.202534035284089,20.755929143122
6.66676587301587,0.586294138386509,0.67809354186,0.20243719334625,20.75628173753
6.66686507936508,0.586245239497892,0.678056481658373,0.202340397613833,20.756634294894
6.66696428571429,0.586196345802448,0.678019416685806,0.202243648063933,20.7569868152213
6.66706349206349,0.586147457299563,0.677982346946322,0.202146944673657,20.7573392985193
6.6671626984127,0.586098573988624,0.677945272443939,0.202050287420122,20.7576917447954
6.6672619047619,0.586049695869021,0.677908193182672,0.201953676280456,20.7580441540571
6.66736111111111,0.586000822940143,0.677871109166536,0.201857111231797,20.7583965263118
6.66746031746032,0.585951955201379,0.677834020399542,0.20176059225129,20.7587488615667
6.66755952380952,0.585903092652122,0.677796926885701,0.201664119316097,20.7591011598294
6.66765873015873,0.585854235291763,0.67775982862902,0.201567692403384,20.7594534211071
6.66775793650794,0.585805383119695,0.677722725633504,0.201471311490332,20.7598056454074
6.66785714285714,0.585756536135311,0.677685617903157,0.201374976554129,20.7601578327374
6.66795634920635,0.585707694338006,0.677648505441979,0.201278687571975,20.7605099831048
6.66805555555556,0.585658857727175,0.677611388253969,0.201182444521079,20.7608620965167
6.66815476190476,0.585610026302215,0.677574266343123,0.201086247378662,20.7612141729806
6.66825396825397,0.585561200062521,0.677537139713436,0.200990096121953,20.7615662125038
6.66835317460317,0.585512379007492,0.6775000083689,0.200893990728194,20.7619182150938
6.66845238095238,0.585463563136527,0.677462872313504,0.200797931174636,20.7622701807578
6.66855158730159,0.585414752449024,0.677425731551237,0.20070191743854,20.7626221095033
6.66865079365079,0.585365946944385,0.677388586086084,0.200605949497178,20.7629740013376
6.66875,0.58531714662201,0.677351435922027,0.200510027327831,20.763325856268
6.66884920634921,0.585268351481302,0.677314281063049,0.200414150907792,20.7636776743018
6.66894841269841,0.585219561521661,0.677277121513128,0.200318320214362,20.7640294554466
6.66904761904762,0.585170776742494,0.67723995727624,0.200222535224856,20.7643811997095
6.66914682539683,0.585121997143204,0.677202788356361,0.200126795916597,20.764732907098
6.66924603174603,0.585073222723197,0.677165614757463,0.200031102266918,20.7650845776193
6.66934523809524,0.585024453481878,0.677128436483515,0.199935454253162,20.7654362112809
6.66944444444444,0.584975689418655,0.677091253538486,0.199839851852684,20.7657878080899
6.66954365079365,0.584926930532935,0.67705406592634,0.199744295042848,20.7661393680539
6.66964285714286,0.584878176824126,0.677016873651043,0.199648783801029,20.7664908911801
6.66974206349206,0.58482942829164,0.676979676716554,0.199553318104611,20.7668423774758
6.66984126984127,0.584780684934885,0.676942475126834,0.199457897930991,20.7671938269483
6.66994047619048,0.584731946753273,0.676905268885838,0.199362523257573,20.767545239605
6.67003968253968,0.584683213746215,0.676868057997522,0.199267194061774,20.7678966154532
6.67013888888889,0.584634485913126,0.676830842465838,0.199171910321019,20.7682479545002
6.6702380952381,0.584585763253418,0.676793622294736,0.199076672012746,20.7685992567533
6.6703373015873,0.584537045766505,0.676756397488165,0.198981479114401,20.7689505222198
6.67043650793651,0.584488333451804,0.67671916805007,0.19888633160344,20.7693017509071
6.67053571428572,0.58443962630873,0.676681933984395,0.198791229457332,20.7696529428224
6.67063492063492,0.5843909243367,0.676644695295081,0.198696172653555,20.770004097973
6.67073412698413,0.584342227535133,0.676607451986068,0.198601161169597,20.7703552163662
6.67083333333333,0.584293535903446,0.676570204061293,0.198506194982955,20.7707062980094
6.67093253968254,0.58424484944106,0.676532951524691,0.198411274071139,20.7710573429098
6.67103174603175,0.584196168147395,0.676495694380194,0.198316398411667,20.7714083510747
6.67113095238095,0.584147492021871,0.676458432631732,0.198221567982069,20.7717593225113
6.67123015873016,0.584098821063911,0.676421166283235,0.198126782759884,20.772110257227
6.67132936507937,0.584050155272938,0.676383895338628,0.198032042722663,20.7724611552291
6.67142857142857,0.584001494648376,0.676346619801835,0.197937347847964,20.7728120165248
6.67152777777778,0.583952839189648,0.676309339676778,0.19784269811336,20.7731628411214
6.67162698412698,0.583904188896181,0.676272054967376,0.19774809349643,20.7735136290262
6.67172619047619,0.5838555437674,0.676234765677546,0.197653533974765,20.7738643802464
6.6718253968254,0.583806903802733,0.676197471811204,0.197559019525968,20.7742150947894
6.6719246031746,0.583758269001607,0.676160173372261,0.197464550127648,20.7745657726623
6.67202380952381,0.583709639363451,0.67612287036463,0.197370125757431,20.7749164138724
6.67212301587302,0.583661014887695,0.676085562792219,0.197275746392946,20.775267018427
6.67222222222222,0.583612395573769,0.676048250658934,0.197181412011838,20.7756175863333
6.67232142857143,0.583563781421105,0.676010933968678,0.197087122591758,20.7759681175987
6.67242063492063,0.583515172429134,0.675973612725354,0.19699287811037,20.7763186122303
6.67251984126984,0.583466568597288,0.675936286932861,0.196898678545347,20.7766690702353
6.67261904761905,0.583417969925003,0.675898956595098,0.196804523874374,20.7770194916211
6.67271825396825,0.583369376411713,0.675861621715958,0.196710414075144,20.7773698763949
6.67281746031746,0.583320788056852,0.675824282299335,0.196616349125362,20.7777202245639
6.67291666666667,0.583272204859857,0.675786938349121,0.196522329002743,20.7780705361353
6.67301587301587,0.583223626820166,0.675749589869203,0.196428353685011,20.7784208111164
6.67311507936508,0.583175053937215,0.675712236863469,0.196334423149903,20.7787710495144
6.67321428571428,0.583126486210445,0.675674879335802,0.196240537375164,20.7791212513365
6.67331349206349,0.583077923639294,0.675637517290084,0.196146696338549,20.77947141659
6.6734126984127,0.583029366223202,0.675600150730195,0.196052900017824,20.779821545282
6.6735119047619,0.582980813961611,0.675562779660014,0.195959148390768,20.7801716374199
6.67361111111111,0.582932266853964,0.675525404083415,0.195865441435167,20.7805216930107
6.67371031746032,0.582883724899703,0.675488024004271,0.195771779128818,20.7808717120618
6.67380952380952,0.582835188098272,0.675450639426455,0.195678161449527,20.7812216945802
6.67390873015873,0.582786656449115,0.675413250353834,0.195584588375114,20.7815716405733
6.67400793650794,0.582738129951678,0.675375856790276,0.195491059883406,20.7819215500483
6.67410714285714,0.582689608605408,0.675338458739644,0.195397575952243,20.7822714230123
6.67420634920635,0.58264109240975,0.675301056205801,0.195304136559471,20.7826212594725
6.67430555555556,0.582592581364153,0.675263649192608,0.195210741682951,20.7829710594361
6.67440476190476,0.582544075468067,0.675226237703921,0.195117391300551,20.7833208229103
6.67450396825397,0.58249557472094,0.675188821743597,0.195024085390152,20.7836705499024
6.67460317460317,0.582447079122223,0.675151401315489,0.194930823929644,20.7840202404194
6.67470238095238,0.582398588671367,0.675113976423448,0.194837606896926,20.7843698944686
6.67480158730159,0.582350103367825,0.675076547071324,0.194744434269909,20.7847195120572
6.67490079365079,0.582301623211049,0.675039113262962,0.194651306026513,20.7850690931923
6.675,0.582253148200493,0.675001675002209,0.194558222144672,20.7854186378811
6.67509920634921,0.582204678335612,0.674964232292905,0.194465182602326,20.7857681461308
6.67519841269841,0.582156213615861,0.674926785138893,0.194372187377426,20.7861176179486
6.67529761904762,0.582107754040697,0.674889333544009,0.194279236447934,20.7864670533415
6.67539682539683,0.582059299609576,0.67485187751209,0.194186329791824,20.7868164523168
6.67549603174603,0.582010850321957,0.674814417046968,0.194093467387078,20.7871658148817
6.67559523809524,0.581962406177299,0.674776952152476,0.194000649211688,20.7875151410433
6.67569444444444,0.58191396717506,0.674739482832443,0.193907875243658,20.7878644308087
6.67579365079365,0.581865533314702,0.674702009090696,0.193815145461002,20.7882136841851
6.67589285714286,0.581817104595686,0.67466453093106,0.193722459841744,20.7885629011797
6.67599206349206,0.581768681017474,0.674627048357357,0.193629818363917,20.7889120817996
6.67609126984127,0.581720262579529,0.674589561373407,0.193537221005567,20.7892612260519
6.67619047619048,0.581671849249345,0.674552069993781,0.193444667754336,20.7896103339546
6.67628968253968,0.581623440993908,0.67451457423299,0.193352158599255,20.7899594055255
6.67638888888889,0.581575037812232,0.674477074094663,0.193259693520372,20.7903084407716
6.6764880952381,0.581526639703336,0.674439569582427,0.193167272497745,20.7906574396996
6.6765873015873,0.581478246666235,0.674402060699908,0.193074895511432,20.7910064023164
6.67668650793651,0.581429858699949,0.67436454745073,0.192982562541503,20.7913553286288
6.67678571428571,0.581381475803493,0.674327029838515,0.19289027356803,20.7917042186438
6.67688492063492,0.581333097975886,0.674289507866886,0.192798028571095,20.7920530723682
6.67698412698413,0.581284725216146,0.674251981539462,0.192705827530783,20.7924018898087
6.67708333333333,0.581236357523293,0.674214450859863,0.192613670427189,20.7927506709724
6.67718253968254,0.581187994896345,0.674176915831707,0.192521557240411,20.7930994158659
6.67728174603175,0.581139637334321,0.67413937645861,0.192429487950555,20.7934481244962
6.67738095238095,0.581091284836242,0.674101832744188,0.192337462537735,20.79379679687
6.67748015873016,0.581042937401128,0.674064284692054,0.192245480982067,20.7941454329943
6.67757936507936,0.580994595027999,0.674026732305821,0.192153543263677,20.7944940328759
6.67767857142857,0.580946257715876,0.6739891755891,0.192061649362697,20.7948425965216
6.67777777777778,0.580897925463781,0.673951614545502,0.191969799259263,20.7951911239382
6.67787698412698,0.580849598270734,0.673914049178635,0.19187799293352,20.7955396151325
6.67797619047619,0.580801276135758,0.673876479492107,0.191786230365618,20.7958880701115
6.6780753968254,0.580752959057876,0.673838905489524,0.191694511535715,20.7962364888819
6.6781746031746,0.58070464703611,0.673801327174492,0.191602836423973,20.7965848714506
6.67827380952381,0.580656340069484,0.673763744550613,0.191511205010562,20.7969332178243
6.67837301587302,0.580608038157019,0.67372615762149,0.191419617275657,20.79728152801
6.67847222222222,0.580559741297741,0.673688566390724,0.191328073199441,20.7976298020143
6.67857142857143,0.580511449490674,0.673650970861915,0.191236572762102,20.7979780398443
6.67867063492063,0.580463162734841,0.673613371038662,0.191145115943835,20.7983262415066
6.67876984126984,0.580414881029268,0.673575766924562,0.191053702724841,20.7986744070081
6.67886904761905,0.580366604372981,0.67353815852321,0.190962333085329,20.7990225363556
6.67896825396825,0.580318332765003,0.673500545838201,0.190871007005511,20.7993706295559
6.67906746031746,0.580270066204363,0.673462928873129,0.190779724465609,20.7997186866158
6.67916666666667,0.580221804690085,0.673425307631586,0.190688485445849,20.8000667075422
6.67926587301587,0.580173548221197,0.673387682117163,0.190597289926464,20.8004146923418
6.67936507936508,0.580125296796724,0.673350052333447,0.190506137887692,20.8007626410214
6.67946428571429,0.580077050415696,0.67331241828403,0.190415029309783,20.8011105535879
6.67956349206349,0.58002880907714,0.673274779972497,0.190323964172985,20.8014584300481
6.6796626984127,0.579980572780083,0.673237137402434,0.190232942457559,20.8018062704088
6.67976190476191,0.579932341523554,0.673199490577425,0.190141964143769,20.8021540746767
6.67986111111111,0.579884115306583,0.673161839501053,0.190051029211887,20.8025018428586
6.67996031746032,0.579835894128197,0.6731241841769,0.189960137642189,20.8028495749614
6.68005952380952,0.579787677987427,0.673086524608547,0.189869289414961,20.8031972709919
6.68015873015873,0.579739466883303,0.673048860799572,0.189778484510492,20.8035449309568
6.68025793650794,0.579691260814855,0.673011192753555,0.189687722909079,20.8038925548629
6.68035714285714,0.579643059781113,0.67297352047407,0.189597004591025,20.8042401427171
6.68045634920635,0.579594863781108,0.672935843964695,0.18950632953664,20.804587694526
6.68055555555556,0.579546672813872,0.672898163229002,0.189415697726239,20.8049352102966
6.68065476190476,0.579498486878436,0.672860478270564,0.189325109140145,20.8052826900355
6.68075396825397,0.579450305973833,0.672822789092953,0.189234563758686,20.8056301337496
6.68085317460318,0.579402130099094,0.67278509569974,0.189144061562196,20.8059775414457
6.68095238095238,0.579353959253253,0.672747398094492,0.189053602531018,20.8063249131304
6.68105158730159,0.579305793435343,0.672709696280779,0.188963186645499,20.8066722488107
6.68115079365079,0.579257632644397,0.672671990262166,0.188872813885994,20.8070195484932
6.68125,0.579209476879449,0.672634280042217,0.188782484232861,20.8073668121848
6.68134920634921,0.579161326139533,0.672596565624498,0.188692197666469,20.8077140398922
6.68144841269841,0.579113180423684,0.67255884701257,0.18860195416719,20.8080612316222
6.68154761904762,0.579065039730937,0.672521124209995,0.188511753715403,20.8084083873815
6.68164682539683,0.579016904060327,0.672483397220332,0.188421596291495,20.808755507177
6.68174603174603,0.578968773410889,0.672445666047141,0.188331481875857,20.8091025910153
6.68184523809524,0.57892064778166,0.672407930693977,0.188241410448888,20.8094496389033
6.68194444444444,0.578872527171677,0.672370191164399,0.188151381990994,20.8097966508477
6.68204365079365,0.578824411579974,0.672332447461959,0.188061396482584,20.8101436268553
6.68214285714286,0.578776301005591,0.672294699590213,0.187971453904078,20.8104905669328
6.68224206349206,0.578728195447564,0.672256947552711,0.187881554235898,20.810837471087
6.68234126984127,0.57868009490493,0.672219191353004,0.187791697458474,20.8111843393247
6.68244047619048,0.578631999376729,0.672181430994644,0.187701883552246,20.8115311716525
6.68253968253968,0.578583908861999,0.672143666481177,0.187612112497654,20.8118779680773
6.68263888888889,0.578535823359778,0.672105897816151,0.187522384275149,20.8122247286057
6.6827380952381,0.578487742869106,0.672068125003112,0.187432698865187,20.8125714532446
6.6828373015873,0.578439667389023,0.672030348045604,0.187343056248228,20.8129181420007
6.68293650793651,0.578391596918568,0.67199256694717,0.187253456404743,20.8132647948807
6.68303571428571,0.578343531456781,0.671954781711352,0.187163899315206,20.8136114118914
6.68313492063492,0.578295471002704,0.67191699234169,0.187074384960097,20.8139579930395
6.68323412698413,0.578247415555378,0.671879198841725,0.186984913319906,20.8143045383318
6.68333333333333,0.578199365113843,0.671841401214994,0.186895484375125,20.8146510477749
6.68343253968254,0.578151319677141,0.671803599465034,0.186806098106255,20.8149975213757
6.68353174603175,0.578103279244315,0.671765793595379,0.186716754493803,20.8153439591408
6.68363095238095,0.578055243814408,0.671727983609566,0.186627453518282,20.815690361077
6.68373015873016,0.578007213386461,0.671690169511125,0.186538195160211,20.8160367271911
6.68382936507937,0.577959187959517,0.671652351303589,0.186448979400115,20.8163830574897
6.68392857142857,0.577911167532622,0.671614528990489,0.186359806218529,20.8167293519795
6.68402777777778,0.577863152104819,0.671576702575353,0.186270675595989,20.8170756106674
6.68412698412698,0.577815141675151,0.671538872061709,0.186181587513041,20.8174218335599
6.68422619047619,0.577767136242664,0.671501037453084,0.186092541950236,20.8177680206639
6.6843253968254,0.577719135806402,0.671463198753002,0.186003538888132,20.8181141719861
6.6844246031746,0.577671140365411,0.671425355964988,0.185914578307292,20.8184602875332
6.68452380952381,0.577623149918736,0.671387509092563,0.185825660188287,20.8188063673118
6.68462301587302,0.577575164465424,0.67134965813925,0.185736784511693,20.8191524113288
6.68472222222222,0.577527184004521,0.671311803108569,0.185647951258095,20.8194984195908
6.68482142857143,0.577479208535074,0.671273944004038,0.18555916040808,20.8198443921045
6.68492063492063,0.57743123805613,0.671236080829174,0.185470411942246,20.8201903288767
6.68501984126984,0.577383272566736,0.671198213587494,0.185381705841193,20.820536229914
6.68511904761905,0.57733531206594,0.671160342282512,0.185293042085531,20.8208820952231
6.68521825396825,0.577287356552791,0.671122466917743,0.185204420655875,20.8212279248109
6.68531746031746,0.577239406026336,0.671084587496697,0.185115841532844,20.8215737186839
6.68541666666667,0.577191460485626,0.671046704022888,0.185027304697068,20.8219194768488
6.68551587301587,0.577143519929709,0.671008816499824,0.184938810129181,20.8222651993124
6.68561507936508,0.577095584357635,0.670970924931013,0.184850357809823,20.8226108860814
6.68571428571429,0.577047653768454,0.670933029319964,0.18476194771964,20.8229565371624
6.68581349206349,0.576999728161216,0.670895129670181,0.184673579839285,20.8233021525622
6.6859126984127,0.576951807534972,0.670857225985169,0.184585254149418,20.8236477322874
6.68601190476191,0.576903891888774,0.670819318268431,0.184496970630705,20.8239932763448
6.68611111111111,0.576855981221672,0.670781406523471,0.184408729263818,20.8243387847409
6.68621031746032,0.576808075532719,0.670743490753787,0.184320530029435,20.8246842574826
6.68630952380952,0.576760174820966,0.67070557096288,0.184232372908242,20.8250296945765
6.68640873015873,0.576712279085467,0.670667647154248,0.184144257880929,20.8253750960292
6.68650793650794,0.576664388325273,0.670629719331387,0.184056184928194,20.8257204618475
6.68660714285714,0.576616502539439,0.670591787497794,0.183968154030741,20.826065792038
6.68670634920635,0.576568621727018,0.670553851656963,0.18388016516928,20.8264110866074
6.68680555555556,0.576520745887062,0.670515911812385,0.183792218324527,20.8267563455624
6.68690476190476,0.576472875018629,0.670477967967554,0.183704313477208,20.8271015689097
6.68700396825397,0.576425009120772,0.670440020125959,0.18361645060805,20.8274467566559
6.68710317460318,0.576377148192546,0.670402068291091,0.18352862969779,20.8277919088077
6.68720238095238,0.576329292233006,0.670364112466436,0.183440850727169,20.8281370253718
6.68730158730159,0.576281441241208,0.670326152655481,0.183353113676936,20.8284821063548
6.68740079365079,0.576233595216208,0.670288188861711,0.183265418527847,20.8288271517634
6.6875,0.576185754157063,0.670250221088611,0.183177765260661,20.8291721616043
6.68759920634921,0.57613791806283,0.670212249339663,0.183090153856147,20.8295171358841
6.68769841269841,0.576090086932565,0.670174273618349,0.183002584295079,20.8298620746096
6.68779761904762,0.576042260765327,0.670136293928148,0.182915056558237,20.8302069777872
6.68789682539682,0.575994439560173,0.67009831027254,0.182827570626408,20.8305518454238
6.68799603174603,0.575946623316162,0.670060322655002,0.182740126480385,20.830896677526
6.68809523809524,0.575898812032352,0.67002233107901,0.182652724100966,20.8312414741003
6.68819444444444,0.575851005707802,0.669984335548039,0.182565363468959,20.8315862351536
6.68829365079365,0.575803204341571,0.669946336065563,0.182478044565174,20.8319309606923
6.68839285714286,0.57575540793272,0.669908332635055,0.182390767370432,20.8322756507233
6.68849206349206,0.575707616480308,0.669870325259985,0.182303531865557,20.832620305253
6.68859126984127,0.575659829983396,0.669832313943824,0.182216338031379,20.8329649242882
6.68869047619048,0.575612048441045,0.66979429869004,0.182129185848737,20.8333095078355
6.68878968253968,0.575564271852316,0.669756279502099,0.182042075298474,20.8336540559015
6.68888888888889,0.57551650021627,0.669718256383469,0.18195500636144,20.8339985684929
6.68898809523809,0.575468733531969,0.669680229337614,0.181867979018494,20.8343430456164
6.6890873015873,0.575420971798475,0.669642198367996,0.181780993250496,20.8346874872785
6.68918650793651,0.575373215014852,0.669604163478079,0.181694049038318,20.8350318934859
6.68928571428571,0.575325463180161,0.669566124671323,0.181607146362834,20.8353762642452
6.68938492063492,0.575277716293467,0.669528081951188,0.181520285204927,20.835720599563
6.68948412698413,0.575229974353832,0.669490035321132,0.181433465545486,20.8360648994461
6.68958333333333,0.575182237360322,0.669451984784611,0.181346687365405,20.836409163901
6.68968253968254,0.575134505312,0.669413930345083,0.181259950645585,20.8367533929343
6.68978174603175,0.575086778207931,0.669375872005999,0.181173255366933,20.8370975865526
6.68988095238095,0.57503905604718,0.669337809770815,0.181086601510365,20.8374417447627
6.68998015873016,0.574991338828813,0.669299743642982,0.1809999890568,20.837785867571
6.69007936507937,0.574943626551896,0.66926167362595,0.180913417987166,20.8381299549843
6.69017857142857,0.574895919215495,0.669223599723169,0.180826888282394,20.8384740070091
6.69027777777778,0.574848216818676,0.669185521938087,0.180740399923425,20.838818023652
6.69037698412698,0.574800519360506,0.66914744027415,0.180653952891205,20.8391620049197
6.69047619047619,0.574752826840052,0.669109354734803,0.180567547166684,20.8395059508189
6.6905753968254,0.574705139256383,0.669071265323491,0.180481182730823,20.8398498613559
6.6906746031746,0.574657456608566,0.669033172043657,0.180394859564585,20.8401937365376
6.69077380952381,0.574609778895669,0.668995074898741,0.180308577648942,20.8405375763705
6.69087301587302,0.574562106116761,0.668956973892185,0.180222336964872,20.8408813808612
6.69097222222222,0.574514438270912,0.668918869027427,0.180136137493359,20.8412251500163
6.69107142857143,0.57446677535719,0.668880760307905,0.180049979215392,20.8415688838425
6.69117063492063,0.574419117374666,0.668842647737056,0.179963862111969,20.8419125823462
6.69126984126984,0.574371464322408,0.668804531318313,0.179877786164092,20.8422562455342
6.69136904761905,0.57432381619949,0.668766411055111,0.179791751352771,20.8425998734129
6.69146825396825,0.57427617300498,0.668728286950884,0.179705757659022,20.8429434659891
6.69156746031746,0.574228534737951,0.668690159009061,0.179619805063868,20.8432870232692
6.69166666666667,0.574180901397473,0.668652027233073,0.179533893548335,20.8436305452599
6.69176587301587,0.574133272982619,0.668613891626349,0.179448023093461,20.8439740319678
6.69186507936508,0.574085649492461,0.668575752192315,0.179362193680284,20.8443174833995
6.69196428571429,0.574038030926072,0.668537608934399,0.179276405289854,20.8446608995615
6.69206349206349,0.573990417282524,0.668499461856024,0.179190657903223,20.8450042804604
6.6921626984127,0.573942808560892,0.668461310960614,0.179104951501454,20.8453476261029
6.6922619047619,0.573895204760248,0.668423156251592,0.179019286065611,20.8456909364954
6.69236111111111,0.573847605879667,0.668384997732378,0.178933661576768,20.8460342116447
6.69246031746032,0.573800011918224,0.668346835406392,0.178848078016005,20.8463774515571
6.69255952380952,0.573752422874993,0.668308669277053,0.178762535364407,20.8467206562394
6.69265873015873,0.573704838749049,0.668270499347777,0.178677033603066,20.8470638256981
6.69275793650794,0.573657259539467,0.668232325621979,0.178591572713081,20.8474069599397
6.69285714285714,0.573609685245325,0.668194148103076,0.178506152675557,20.8477500589709
6.69295634920635,0.573562115865698,0.66815596679448,0.178420773471605,20.8480931227982
6.69305555555556,0.573514551399662,0.668117781699603,0.178335435082343,20.8484361514282
6.69315476190476,0.573466991846295,0.668079592821855,0.178250137488894,20.8487791448674
6.69325396825397,0.573419437204675,0.668041400164646,0.178164880672389,20.8491221031224
6.69335317460317,0.573371887473878,0.668003203731384,0.178079664613965,20.8494650261998
6.69345238095238,0.573324342652982,0.667965003525475,0.177994489294764,20.8498079141061
6.69355158730159,0.573276802741067,0.667926799550326,0.177909354695937,20.8501507668478
6.69365079365079,0.573229267737211,0.66788859180934,0.177824260798638,20.8504935844316
6.69375,0.573181737640492,0.667850380305921,0.177739207584029,20.850836366864
6.69384920634921,0.573134212449991,0.667812165043469,0.177654195033281,20.8511791141516
6.69394841269841,0.573086692164788,0.667773946025386,0.177569223127566,20.8515218263008
6.69404761904762,0.573039176783962,0.66773572325507,0.177484291848067,20.8518645033183
6.69414682539682,0.572991666306595,0.667697496735919,0.177399401175971,20.8522071452105
6.69424603174603,0.572944160731765,0.667659266471329,0.17731455109247,20.8525497519841
6.69434523809524,0.572896660058557,0.667621032464696,0.177229741578768,20.8528923236456
6.69444444444444,0.572849164286051,0.667582794719414,0.17714497261607,20.8532348602015
6.69454365079365,0.572801673413329,0.667544553238876,0.177060244185589,20.8535773616584
6.69464285714286,0.572754187439474,0.667506308026472,0.176975556268545,20.8539198280227
6.69474206349206,0.572706706363567,0.667468059085592,0.176890908846162,20.8542622593011
6.69484126984127,0.572659230184693,0.667429806419626,0.176806301899674,20.8546046555001
6.69494047619048,0.572611758901934,0.667391550031961,0.176721735410319,20.8549470166261
6.69503968253968,0.572564292514375,0.667353289925984,0.176637209359341,20.8552893426859
6.69513888888889,0.572516831021099,0.667315026105078,0.176552723727992,20.8556316336857
6.69523809523809,0.572469374421192,0.667276758572627,0.176468278497529,20.8559738896323
6.6953373015873,0.572421922713737,0.667238487332015,0.176383873649217,20.8563161105321
6.69543650793651,0.572374475897821,0.667200212386622,0.176299509164325,20.8566582963916
6.69553571428571,0.572327033972529,0.667161933739827,0.176215185024131,20.8570004472174
6.69563492063492,0.572279596936947,0.667123651395009,0.176130901209917,20.8573425630161
6.69573412698413,0.57223216479016,0.667085365355546,0.176046657702972,20.857684643794
6.69583333333333,0.572184737531257,0.667047075624813,0.175962454484593,20.8580266895577
6.69593253968254,0.572137315159323,0.667008782206185,0.175878291536082,20.8583687003138
6.69603174603175,0.572089897673447,0.666970485103035,0.175794168838747,20.8587106760687
6.69613095238095,0.572042485072715,0.666932184318736,0.175710086373903,20.859052616829
6.69623015873016,0.571995077356217,0.666893879856657,0.175626044122871,20.8593945226012
6.69632936507937,0.571947674523041,0.666855571720169,0.175542042066978,20.8597363933918
6.69642857142857,0.571900276572275,0.66681725991264,0.17545808018756,20.8600782292073
6.69652777777778,0.571852883503009,0.666778944437436,0.175374158465955,20.8604200300542
6.69662698412698,0.571805495314332,0.666740625297923,0.175290276883512,20.860761795939
6.69672619047619,0.571758112005334,0.666702302497465,0.175206435421581,20.8611035268682
6.6968253968254,0.571710733575105,0.666663976039426,0.175122634061524,20.8614452228483
6.6969246031746,0.571663360022737,0.666625645927167,0.175038872784706,20.8617868838858
6.69702380952381,0.571615991347319,0.666587312164049,0.174955151572499,20.8621285099873
6.69712301587302,0.571568627547944,0.66654897475343,0.174871470406281,20.8624701011591
6.69722222222222,0.571521268623702,0.666510633698669,0.174787829267436,20.8628116574078
6.69732142857143,0.571473914573688,0.666472289003122,0.174704228137358,20.8631531787399
6.69742063492064,0.571426565396991,0.666433940670145,0.174620666997442,20.8634946651619
6.69751984126984,0.571379221092706,0.666395588703092,0.174537145829094,20.8638361166803
6.69761904761905,0.571331881659926,0.666357233105314,0.174453664613723,20.8641775333015
6.69771825396825,0.571284547097744,0.666318873880165,0.174370223332746,20.864518915032
6.69781746031746,0.571237217405253,0.666280511030993,0.174286821967586,20.8648602618784
6.69791666666667,0.571189892581549,0.666242144561148,0.174203460499672,20.865201573847
6.69801587301587,0.571142572625726,0.666203774473978,0.17412013891044,20.8655428509445
6.69811507936508,0.571095257536878,0.666165400772828,0.174036857181333,20.8658840931772
6.69821428571429,0.571047947314101,0.666127023461044,0.173953615293798,20.8662253005516
6.69831349206349,0.571000641956491,0.666088642541969,0.173870413229291,20.8665664730742
6.6984126984127,0.570953341463143,0.666050258018946,0.173787250969272,20.8669076107515
6.6985119047619,0.570906045833155,0.666011869895316,0.17370412849521,20.86724871359
6.69861111111111,0.570858755065622,0.665973478174418,0.173621045788578,20.8675897815961
6.69871031746032,0.570811469159642,0.665935082859592,0.173538002830855,20.8679308147762
6.69880952380952,0.570764188114312,0.665896683954175,0.173454999603531,20.8682718131369
6.69890873015873,0.570716911928731,0.665858281461502,0.173372036088097,20.8686127766847
6.69900793650794,0.570669640601996,0.665819875384909,0.173289112266052,20.8689537054259
6.69910714285714,0.570622374133206,0.665781465727729,0.173206228118903,20.869294599367
6.69920634920635,0.57057511252146,0.665743052493293,0.173123383628161,20.8696354585146
6.69930555555556,0.570527855765857,0.665704635684934,0.173040578775345,20.869976282875
6.69940476190476,0.570480603865497,0.665666215305979,0.17295781354198,20.8703170724547
6.69950396825397,0.570433356819479,0.665627791359759,0.172875087909596,20.8706578272602
6.69960317460317,0.570386114626904,0.665589363849599,0.172792401859732,20.8709985472979
6.69970238095238,0.570338877286873,0.665550932778826,0.172709755373932,20.8713392325742
6.69980158730159,0.570291644798487,0.665512498150763,0.172627148433745,20.8716798830957
6.69990079365079,0.570244417160847,0.665474059968734,0.172544581020729,20.8720204988687
6.7,0.570197194373055,0.665435618236061,0.172462053116446,20.8723610798997
6.70009920634921,0.570149976434213,0.665397172956064,0.172379564702466,20.8727016261952
6.70019841269841,0.570102763343423,0.665358724132063,0.172297115760363,20.8730421377616
6.70029761904762,0.570055555099789,0.665320271767375,0.172214706271722,20.8733826146053
6.70039682539683,0.570008351702414,0.665281815865318,0.17213233621813,20.8737230567327
6.70049603174603,0.569961153150401,0.665243356429206,0.172050005581182,20.8740634641504
6.70059523809524,0.569913959442854,0.665204893462355,0.171967714342479,20.8744038368647
6.70069444444444,0.569866770578878,0.665166426968075,0.171885462483628,20.874744174882
6.70079365079365,0.569819586557576,0.665127956949681,0.171803249986244,20.8750844782089
6.70089285714286,0.569772407378055,0.66508948341048,0.171721076831947,20.8754247468516
6.70099206349206,0.569725233039419,0.665051006353783,0.171638943002364,20.8757649808168
6.70109126984127,0.569678063540775,0.665012525782897,0.171556848479127,20.8761051801107
6.70119047619048,0.569630898881227,0.664974041701129,0.171474793243876,20.8764453447398
6.70128968253968,0.569583739059884,0.664935554111783,0.171392777278257,20.8767854747106
6.70138888888889,0.569536584075851,0.664897063018164,0.171310800563921,20.8771255700294
6.7014880952381,0.569489433928236,0.664858568423574,0.171228863082528,20.8774656307026
6.7015873015873,0.569442288616146,0.664820070331314,0.171146964815741,20.8778056567368
6.70168650793651,0.569395148138688,0.664781568744684,0.171065105745232,20.8781456481382
6.70178571428572,0.569348012494973,0.664743063666984,0.17098328585268,20.8784856049134
6.70188492063492,0.569300881684108,0.664704555101509,0.170901505119767,20.8788255270686
6.70198412698413,0.569253755705201,0.664666043051558,0.170819763528184,20.8791654146104
6.70208333333333,0.569206634557363,0.664627527520423,0.170738061059628,20.8795052675452
6.70218253968254,0.569159518239703,0.664589008511399,0.170656397695802,20.8798450858793
6.70228174603175,0.569112406751331,0.664550486027779,0.170574773418414,20.8801848696191
6.70238095238095,0.569065300091357,0.664511960072852,0.170493188209182,20.8805246187711
6.70248015873016,0.569018198258892,0.664473430649909,0.170411642049826,20.8808643333416
6.70257936507937,0.568971101253048,0.664434897762238,0.170330134922075,20.8812040133372
6.70267857142857,0.568924009072935,0.664396361413126,0.170248666807665,20.881543658764
6.70277777777778,0.568876921717666,0.66435782160586,0.170167237688335,20.8818832696286
6.70287698412698,0.568829839186353,0.664319278343723,0.170085847545835,20.8822228459374
6.70297619047619,0.568782761478109,0.664280731629998,0.170004496361918,20.8825623876967
6.7030753968254,0.568735688592045,0.664242181467969,0.169923184118343,20.8829018949129
6.7031746031746,0.568688620527276,0.664203627860914,0.169841910796877,20.8832413675924
6.70327380952381,0.568641557282915,0.664165070812114,0.169760676379295,20.8835808057416
6.70337301587302,0.568594498858076,0.664126510324848,0.169679480847375,20.8839202093669
6.70347222222222,0.568547445251875,0.664087946402391,0.169598324182903,20.8842595784747
6.70357142857143,0.568500396463424,0.664049379048019,0.16951720636767,20.8845989130714
6.70367063492063,0.56845335249184,0.664010808265007,0.169436127383476,20.8849382131632
6.70376984126984,0.568406313336237,0.663972234056627,0.169355087212125,20.8852774787567
6.70386904761905,0.568359278995732,0.663933656426151,0.169274085835428,20.8856167098582
6.70396825396825,0.568312249469441,0.663895075376849,0.169193123235204,20.8859559064741
6.70406746031746,0.56826522475648,0.663856490911991,0.169112199393275,20.8862950686106
6.70416666666667,0.568218204855967,0.663817903034845,0.169031314291472,20.8866341962743
6.70426587301587,0.568171189767017,0.663779311748676,0.168950467911632,20.8869732894715
6.70436507936508,0.56812417948875,0.66374071705675,0.168869660235597,20.8873123482085
6.70446428571428,0.568077174020282,0.663702118962331,0.168788891245218,20.8876513724918
6.70456349206349,0.568030173360733,0.663663517468682,0.168708160922349,20.8879903623276
6.7046626984127,0.567983177509219,0.663624912579063,0.168627469248853,20.8883293177223
6.7047619047619,0.567936186464863,0.663586304296736,0.168546816206598,20.8886682386824
6.70486111111111,0.567889200226781,0.663547692624958,0.16846620177746,20.8890071252141
6.70496031746032,0.567842218794095,0.663509077566989,0.168385625943319,20.8893459773238
6.70505952380952,0.567795242165924,0.663470459126082,0.168305088686063,20.889684795018
6.70515873015873,0.567748270341389,0.663431837305494,0.168224589987586,20.8900235783028
6.70525793650794,0.567701303319609,0.663393212108479,0.168144129829788,20.8903623271847
6.70535714285714,0.567654341099708,0.663354583538287,0.168063708194575,20.8907010416701
6.70545634920635,0.567607383680806,0.663315951598172,0.167983325063861,20.8910397217652
6.70555555555556,0.567560431062024,0.663277316291382,0.167902980419565,20.8913783674765
6.70565476190476,0.567513483242487,0.663238677621165,0.167822674243613,20.8917169788103
6.70575396825397,0.567466540221315,0.66320003559077,0.167742406517937,20.8920555557728
6.70585317460317,0.567419601997632,0.663161390203442,0.167662177224475,20.8923940983706
6.70595238095238,0.567372668570561,0.663122741462425,0.167581986345172,20.8927326066098
6.70605158730159,0.567325739939226,0.663084089370964,0.16750183386198,20.8930710804969
6.70615079365079,0.567278816102751,0.663045433932299,0.167421719756854,20.8934095200381
6.70625,0.567231897060261,0.663006775149672,0.167341644011761,20.8937479252399
6.70634920634921,0.56718498281088,0.662968113026322,0.16726160660867,20.8940862961085
6.70644841269841,0.567138073353733,0.662929447565489,0.167181607529557,20.8944246326503
6.70654761904762,0.567091168687947,0.662890778770407,0.167101646756406,20.8947629348716
6.70664682539683,0.567044268812646,0.662852106644314,0.167021724271207,20.8951012027787
6.70674603174603,0.566997373726957,0.662813431190443,0.166941840055953,20.895439436378
6.70684523809524,0.566950483430006,0.662774752412027,0.166861994092649,20.8957776356757
6.70694444444444,0.566903597920921,0.662736070312299,0.166782186363302,20.8961158006783
6.70704365079365,0.566856717198829,0.662697384894488,0.166702416849926,20.896453931392
6.70714285714286,0.566809841262857,0.662658696161825,0.166622685534544,20.8967920278232
6.70724206349206,0.566762970112134,0.662620004117536,0.166542992399183,20.8971300899781
6.70734126984127,0.566716103745788,0.662581308764849,0.166463337425876,20.8974681178631
6.70744047619048,0.566669242162947,0.662542610106988,0.166383720596664,20.8978061114845
6.70753968253968,0.566622385362741,0.662503908147178,0.166304141893594,20.8981440708486
6.70763888888889,0.566575533344298,0.662465202888641,0.166224601298717,20.8984819959618
6.7077380952381,0.566528686106749,0.6624264943346,0.166145098794095,20.8988198868302
6.7078373015873,0.566481843649225,0.662387782488274,0.166065634361792,20.8991577434603
6.70793650793651,0.566435005970856,0.662349067352882,0.165986207983881,20.8994955658584
6.70803571428571,0.566388173070772,0.662310348931643,0.165906819642441,20.8998333540307
6.70813492063492,0.566341344948104,0.662271627227771,0.165827469319555,20.9001711079835
6.70823412698413,0.566294521601985,0.662232902244482,0.165748156997315,20.9005088277232
6.70833333333333,0.566247703031547,0.66219417398499,0.165668882657818,20.900846513256
6.70843253968254,0.566200889235921,0.662155442452507,0.165589646283169,20.9011841645883
6.70853174603175,0.56615408021424,0.662116707650245,0.165510447855478,20.9015217817263
6.70863095238095,0.566107275965638,0.662077969581414,0.165431287356861,20.9018593646764
6.70873015873016,0.566060476489248,0.662039228249221,0.165352164769442,20.9021969134448
6.70882936507936,0.566013681784203,0.662000483656875,0.165273080075349,20.9025344280378
6.70892857142857,0.565966891849638,0.661961735807581,0.165194033256719,20.9028719084616
6.70902777777778,0.565920106684687,0.661922984704544,0.165115024295693,20.9032093547227
6.70912698412698,0.565873326288484,0.661884230350967,0.165036053174418,20.9035467668273
6.70922619047619,0.565826550660166,0.661845472750054,0.164957119875053,20.9038841447816
6.7093253968254,0.565779779798868,0.661806711905004,0.164878224379756,20.9042214885919
6.7094246031746,0.565733013703726,0.661767947819017,0.164799366670696,20.9045587982646
6.70952380952381,0.565686252373876,0.661729180495292,0.164720546730046,20.9048960738058
6.70962301587302,0.565639495808454,0.661690409937025,0.164641764539987,20.905233315222
6.70972222222222,0.565592744006598,0.661651636147413,0.164563020082705,20.9055705225192
6.70982142857143,0.565545996967445,0.66161285912965,0.164484313340392,20.9059076957039
6.70992063492063,0.565499254690133,0.661574078886928,0.16440564429525,20.9062448347823
6.71001984126984,0.565452517173799,0.66153529542244,0.164327012929482,20.9065819397606
6.71011904761905,0.565405784417583,0.661496508739377,0.164248419225302,20.9069190106451
6.71021825396825,0.565359056420623,0.661457718840927,0.164169863164927,20.9072560474422
6.71031746031746,0.565312333182058,0.661418925730279,0.164091344730583,20.907593050158
6.71041666666667,0.565265614701028,0.66138012941062,0.164012863904501,20.9079300187988
6.71051587301587,0.565218900976672,0.661341329885134,0.163934420668917,20.9082669533709
6.71061507936508,0.56517219200813,0.661302527157006,0.163856015006076,20.9086038538805
6.71071428571429,0.565125487794545,0.661263721229419,0.163777646898229,20.9089407203339
6.71081349206349,0.565078788335056,0.661224912105555,0.163699316327631,20.9092775527373
6.7109126984127,0.565032093628804,0.661186099788593,0.163621023276547,20.9096143510971
6.71101190476191,0.564985403674932,0.661147284281714,0.163542767727245,20.9099511154194
6.71111111111111,0.564938718472581,0.661108465588093,0.163464549662001,20.9102878457105
6.71121031746032,0.564892038020894,0.661069643710909,0.163386369063097,20.9106245419766
6.71130952380952,0.564845362319014,0.661030818653336,0.163308225912821,20.9109612042241
6.71140873015873,0.564798691366083,0.660991990418548,0.163230120193468,20.911297832459
6.71150793650794,0.564752025161245,0.660953159009717,0.16315205188734,20.9116344266878
6.71160714285714,0.564705363703644,0.660914324430015,0.163074020976743,20.9119709869166
6.71170634920635,0.564658706992425,0.660875486682612,0.162996027443993,20.9123075131516
6.71180555555556,0.564612055026731,0.660836645770677,0.162918071271408,20.9126440053992
6.71190476190476,0.564565407805708,0.660797801697376,0.162840152441316,20.9129804636655
6.71200396825397,0.5645187653285,0.660758954465877,0.162762270936049,20.9133168879567
6.71210317460318,0.564472127594253,0.660720104079342,0.162684426737947,20.9136532782792
6.71220238095238,0.564425494602115,0.660681250540939,0.162606619829356,20.9139896346391
6.71230158730159,0.56437886635123,0.660642393853826,0.162528850192627,20.9143259570426
6.71240079365079,0.564332242840746,0.660603534021167,0.16245111781012,20.9146622454961
6.7125,0.564285624069809,0.66056467104612,0.162373422664199,20.9149985000056
6.71259920634921,0.564239010037568,0.660525804931844,0.162295764737234,20.9153347205775
6.71269841269841,0.564192400743169,0.660486935681496,0.162218144011605,20.915670907218
6.71279761904762,0.564145796185761,0.660448063298232,0.162140560469693,20.9160070599332
6.71289682539683,0.564099196364493,0.660409187785206,0.16206301409389,20.9163431787294
6.71299603174603,0.564052601278512,0.660370309145573,0.161985504866593,20.9166792636129
6.71309523809524,0.56400601092697,0.660331427382482,0.161908032770204,20.9170153145898
6.71319444444444,0.563959425309014,0.660292542499087,0.161830597787132,20.9173513316663
6.71329365079365,0.563912844423796,0.660253654498535,0.161753199899794,20.9176873148487
6.71339285714286,0.563866268270465,0.660214763383975,0.161675839090611,20.9180232641432
6.71349206349206,0.563819696848172,0.660175869158554,0.161598515342012,20.9183591795559
6.71359126984127,0.563773130156067,0.660136971825416,0.16152122863643,20.9186950610931
6.71369047619048,0.563726568193303,0.660098071387708,0.161443978956309,20.919030908761
6.71378968253968,0.563680010959032,0.660059167848571,0.161366766284095,20.9193667225658
6.71388888888889,0.563633458452405,0.660020261211148,0.161289590602242,20.9197025025136
6.7139880952381,0.563586910672574,0.659981351478578,0.16121245189321,20.9200382486108
6.7140873015873,0.563540367618693,0.659942438654001,0.161135350139466,20.9203739608634
6.71418650793651,0.563493829289915,0.659903522740555,0.161058285323484,20.9207096392778
6.71428571428571,0.563447295685392,0.659864603741376,0.160981257427741,20.92104528386
6.71438492063492,0.56340076680428,0.659825681659599,0.160904266434724,20.9213808946162
6.71448412698413,0.563354242645733,0.659786756498359,0.160827312326925,20.9217164715528
6.71458333333333,0.563307723208904,0.659747828260788,0.160750395086843,20.9220520146757
6.71468253968254,0.563261208492949,0.659708896950017,0.160673514696981,20.9223875239914
6.71478174603175,0.563214698497024,0.659669962569177,0.160596671139852,20.9227229995058
6.71488095238095,0.563168193220283,0.659631025121396,0.160519864397973,20.9230584412252
6.71498015873016,0.563121692661884,0.659592084609802,0.160443094453867,20.9233938491559
6.71507936507937,0.563075196820981,0.659553141037521,0.160366361290064,20.9237292233039
6.71517857142857,0.563028705696733,0.659514194407679,0.160289664889103,20.9240645636754
6.71527777777778,0.562982219288297,0.659475244723398,0.160213005233525,20.9243998702767
6.71537698412698,0.562935737594829,0.659436291987802,0.160136382305879,20.9247351431138
6.71547619047619,0.562889260615488,0.659397336204011,0.160059796088723,20.925070382193
6.7155753968254,0.562842788349432,0.659358377375145,0.159983246564616,20.9254055875205
6.7156746031746,0.56279632079582,0.659319415504322,0.159906733716129,20.9257407591024
6.71577380952381,0.562749857953809,0.659280450594661,0.159830257525835,20.9260758969449
6.71587301587302,0.562703399822561,0.659241482649276,0.159753817976316,20.9264110010541
6.71597222222222,0.562656946401234,0.659202511671283,0.15967741505016,20.9267460714362
6.71607142857143,0.562610497688988,0.659163537663795,0.159601048729959,20.9270811080974
6.71617063492063,0.562564053684983,0.659124560629924,0.159524718998315,20.9274161110438
6.71626984126984,0.562517614388382,0.659085580572781,0.159448425837834,20.9277510802816
6.71636904761905,0.562471179798343,0.659046597495475,0.159372169231129,20.928086015817
6.71646825396825,0.56242474991403,0.659007611401114,0.159295949160819,20.9284209176561
6.71656746031746,0.562378324734602,0.658968622292806,0.15921976560953,20.928755785805
6.71666666666667,0.562331904259224,0.658929630173656,0.159143618559894,20.92909062027
6.71676587301587,0.562285488487058,0.658890635046769,0.159067507994549,20.9294254210571
6.71686507936508,0.562239077417266,0.658851636915247,0.158991433896141,20.9297601881726
6.71696428571429,0.562192671049011,0.658812635782193,0.15891539624732,20.9300949216225
6.71706349206349,0.562146269381458,0.658773631650707,0.158839395030744,20.930429621413
6.7171626984127,0.562099872413769,0.658734624523888,0.158763430229077,20.9307642875502
6.71726190476191,0.56205348014511,0.658695614404834,0.158687501824988,20.9310989200404
6.71736111111111,0.562007092574645,0.658656601296641,0.158611609801155,20.9314335188895
6.71746031746032,0.56196070970154,0.658617585202406,0.158535754140261,20.9317680841039
6.71755952380952,0.561914331524958,0.658578566125222,0.158459934824994,20.9321026156895
6.71765873015873,0.561867958044067,0.658539544068183,0.15838415183805,20.9324371136526
6.71775793650794,0.561821589258033,0.658500519034378,0.158308405162133,20.9327715779993
6.71785714285714,0.561775225166021,0.658461491026899,0.158232694779949,20.9331060087357
6.71795634920635,0.561728865767199,0.658422460048835,0.158157020674213,20.9334404058679
6.71805555555556,0.561682511060733,0.658383426103273,0.158081382827647,20.9337747694021
6.71815476190476,0.561636161045793,0.6583443891933,0.158005781222978,20.9341090993444
6.71825396825397,0.561589815721544,0.658305349322,0.157930215842941,20.9344433957009
6.71835317460318,0.561543475087156,0.658266306492459,0.157854686670275,20.9347776584777
6.71845238095238,0.561497139141798,0.658227260707757,0.157779193687727,20.935111887681
6.71855158730159,0.561450807884638,0.658188211970976,0.15770373687805,20.9354460833169
6.71865079365079,0.561404481314845,0.658149160285196,0.157628316224004,20.9357802453914
6.71875,0.56135815943159,0.658110105653496,0.157552931708353,20.9361143739108
6.71884920634921,0.561311842234042,0.658071048078954,0.15747758331387,20.9364484688811
6.71894841269841,0.561265529721372,0.658031987564644,0.157402271023333,20.9367825303085
6.71904761904762,0.56121922189275,0.657992924113643,0.157326994819527,20.937116558199
6.71914682539682,0.561172918747348,0.657953857729022,0.157251754685244,20.9374505525587
6.71924603174603,0.561126620284338,0.657914788413856,0.15717655060328,20.9377845133939
6.71934523809524,0.56108032650289,0.657875716171214,0.15710138255644,20.9381184407105
6.71944444444444,0.561034037402178,0.657836641004166,0.157026250527533,20.9384523345146
6.71954365079365,0.560987752981373,0.657797562915781,0.156951154499376,20.9387861948125
6.71964285714286,0.56094147323965,0.657758481909125,0.156876094454793,20.9391200216101
6.71974206349206,0.560895198176181,0.657719397987265,0.156801070376613,20.9394538149136
6.71984126984127,0.56084892779014,0.657680311153264,0.156726082247671,20.9397875747291
6.71994047619048,0.5608026620807,0.657641221410187,0.156651130050809,20.9401213010626
6.72003968253968,0.560756401047037,0.657602128761094,0.156576213768876,20.9404549939203
6.72013888888889,0.560710144688325,0.657563033209048,0.156501333384727,20.9407886533083
6.72023809523809,0.560663893003739,0.657523934757106,0.156426488881222,20.9411222792326
6.7203373015873,0.560617645992454,0.657484833408327,0.156351680241229,20.9414558716993
6.72043650793651,0.560571403653647,0.657445729165767,0.156276907447622,20.9417894307145
6.72053571428571,0.560525165986493,0.657406622032483,0.156202170483281,20.9421229562844
6.72063492063492,0.56047893299017,0.657367512011528,0.156127469331093,20.9424564484149
6.72073412698413,0.560432704663853,0.657328399105956,0.15605280397395,20.9427899071122
6.72083333333333,0.560386481006721,0.657289283318817,0.155978174394753,20.9431233323823
6.72093253968254,0.56034026201795,0.657250164653163,0.155903580576406,20.9434567242314
6.72103174603175,0.560294047696719,0.657211043112041,0.15582902250182,20.9437900826655
6.72113095238095,0.560247838042206,0.657171918698501,0.155754500153917,20.9441234076906
6.72123015873016,0.560201633053591,0.657132791415588,0.155680013515619,20.9444566993129
6.72132936507937,0.560155432730051,0.657093661266348,0.155605562569858,20.9447899575384
6.72142857142857,0.560109237070767,0.657054528253824,0.155531147299572,20.9451231823731
6.72152777777778,0.560063046074917,0.65701539238106,0.155456767687704,20.9454563738233
6.72162698412698,0.560016859741683,0.656976253651096,0.155382423717204,20.9457895318948
6.72172619047619,0.559970678070245,0.656937112066972,0.15530811537103,20.9461226565938
6.7218253968254,0.559924501059783,0.656897967631728,0.155233842632143,20.9464557479264
6.7219246031746,0.559878328709479,0.6568588203484,0.155159605483514,20.9467888058985
6.72202380952381,0.559832161018515,0.656819670220026,0.155085403908117,20.9471218305164
6.72212301587302,0.559785997986071,0.656780517249639,0.155011237888936,20.9474548217859
6.72222222222222,0.559739839611332,0.656741361440273,0.154937107408957,20.9477877797132
6.72232142857143,0.559693685893478,0.656702202794961,0.154863012451177,20.9481207043044
6.72242063492063,0.559647536831694,0.656663041316734,0.154788952998596,20.9484535955654
6.72251984126984,0.559601392425162,0.656623877008621,0.154714929034221,20.9487864535023
6.72261904761905,0.559555252673066,0.656584709873651,0.154640940541067,20.9491192781212
6.72271825396825,0.559509117574592,0.656545539914851,0.154566987502154,20.9494520694282
6.72281746031746,0.559462987128922,0.656506367135247,0.154493069900508,20.9497848274292
6.72291666666667,0.559416861335241,0.656467191537863,0.154419187719162,20.9501175521303
6.72301587301587,0.559370740192736,0.656428013125723,0.154345340941156,20.9504502435376
6.72311507936508,0.559324623700591,0.656388831901849,0.154271529549535,20.950782901657
6.72321428571429,0.559278511857992,0.656349647869262,0.154197753527351,20.9511155264947
6.72331349206349,0.559232404664126,0.656310461030981,0.154124012857663,20.9514481180566
6.7234126984127,0.559186302118179,0.656271271390023,0.154050307523535,20.9517806763489
6.7235119047619,0.559140204219337,0.656232078949407,0.153976637508038,20.9521132013774
6.72361111111111,0.55909411096679,0.656192883712147,0.153903002794251,20.9524456931484
6.72371031746032,0.559048022359723,0.656153685681259,0.153829403365256,20.9527781516677
6.72380952380952,0.559001938397325,0.656114484859754,0.153755839204144,20.9531105769414
6.72390873015873,0.558955859078785,0.656075281250645,0.153682310294012,20.9534429689756
6.72400793650794,0.558909784403291,0.656036074856941,0.153608816617961,20.9537753277762
6.72410714285714,0.558863714370032,0.655996865681653,0.153535358159102,20.9541076533493
6.72420634920635,0.558817648978199,0.655957653727788,0.153461934900551,20.954439945701
6.72430555555556,0.55877158822698,0.655918438998353,0.15338854682543,20.9547722048371
6.72440476190476,0.558725532115566,0.655879221496353,0.153315193916866,20.9551044307638
6.72450396825397,0.558679480643148,0.655840001224791,0.153241876157995,20.9554366234871
6.72460317460317,0.558633433808916,0.655800778186671,0.153168593531957,20.9557687830129
6.72470238095238,0.558587391612061,0.655761552384995,0.153095346021901,20.9561009093473
6.72480158730159,0.558541354051776,0.655722323822761,0.153022133610979,20.9564330024963
6.72490079365079,0.558495321127252,0.65568309250297,0.152948956282353,20.9567650624659
6.725,0.558449292837682,0.655643858428618,0.152875814019188,20.9570970892621
6.72509920634921,0.558403269182258,0.655604621602702,0.152802706804658,20.9574290828909
6.72519841269841,0.558357250160173,0.655565382028218,0.152729634621942,20.9577610433583
6.72529761904762,0.558311235770622,0.655526139708157,0.152656597454225,20.9580929706703
6.72539682539682,0.558265226012797,0.655486894645514,0.1525835952847,20.958424864833
6.72549603174603,0.558219220885892,0.655447646843278,0.152510628096564,20.9587567258522
6.72559523809524,0.558173220389103,0.655408396304441,0.152437695873023,20.9590885537341
6.72569444444444,0.558127224521624,0.655369143031991,0.152364798597289,20.9594203484846
6.72579365079365,0.558081233282651,0.655329887028914,0.152291936252577,20.9597521101096
6.72589285714286,0.558035246671378,0.655290628298197,0.152219108822113,20.9600838386153
6.72599206349206,0.557989264687003,0.655251366842825,0.152146316289125,20.9604155340075
6.72609126984127,0.557943287328721,0.65521210266578,0.152073558636852,20.9607471962922
6.72619047619048,0.557897314595729,0.655172835770046,0.152000835848535,20.9610788254756
6.72628968253968,0.557851346487223,0.655133566158602,0.151928147907425,20.9614104215634
6.72638888888889,0.557805383002402,0.655094293834429,0.151855494796776,20.9617419845618
6.72648809523809,0.557759424140464,0.655055018800505,0.151782876499851,20.9620735144766
6.7265873015873,0.557713469900605,0.655015741059807,0.151710292999917,20.9624050113139
6.72668650793651,0.557667520282025,0.654976460615309,0.151637744280251,20.9627364750797
6.72678571428571,0.557621575283922,0.654937177469988,0.151565230324132,20.9630679057799
6.72688492063492,0.557575634905496,0.654897891626815,0.151492751114849,20.9633993034204
6.72698412698413,0.557529699145946,0.654858603088763,0.151420306635694,20.9637306680074
6.72708333333333,0.557483768004472,0.654819311858802,0.15134789686997,20.9640619995467
6.72718253968254,0.557437841480275,0.654780017939902,0.151275521800981,20.9643932980442
6.72728174603175,0.557391919572555,0.654740721335031,0.151203181412041,20.9647245635061
6.72738095238095,0.557346002280513,0.654701422047155,0.151130875686469,20.9650557959382
6.72748015873016,0.55730008960335,0.654662120079239,0.151058604607591,20.9653869953464
6.72757936507937,0.557254181540268,0.654622815434248,0.150986368158739,20.9657181617369
6.72767857142857,0.557208278090469,0.654583508115144,0.150914166323251,20.9660492951154
6.72777777777778,0.557162379253155,0.65454419812489,0.150841999084471,20.9663803954881
6.72787698412698,0.55711648502753,0.654504885466445,0.150769866425752,20.9667114628607
6.72797619047619,0.557070595412796,0.654465570142768,0.15069776833045,20.9670424972394
6.7280753968254,0.557024710408157,0.654426252156817,0.150625704781929,20.9673734986299
6.7281746031746,0.556978830012817,0.654386931511548,0.15055367576356,20.9677044670384
6.72827380952381,0.55693295422598,0.654347608209917,0.150481681258719,20.9680354024707
6.72837301587302,0.55688708304685,0.654308282254877,0.150409721250788,20.9683663049328
6.72847222222222,0.556841216474632,0.65426895364938,0.150337795723157,20.9686971744306
6.72857142857143,0.556795354508533,0.654229622396379,0.150265904659222,20.9690280109701
6.72867063492064,0.556749497147757,0.654190288498823,0.150194048042386,20.9693588145572
6.72876984126984,0.55670364439151,0.65415095195966,0.150122225856055,20.9696895851978
6.72886904761905,0.556657796238999,0.654111612781838,0.150050438083645,20.970020322898
6.72896825396825,0.556611952689431,0.654072270968304,0.149978684708578,20.9703510276636
6.72906746031746,0.556566113742012,0.654032926522001,0.149906965714279,20.9706816995005
6.72916666666667,0.556520279395951,0.653993579445874,0.149835281084184,20.9710123384147
6.72926587301587,0.556474449650454,0.653954229742865,0.149763630801733,20.9713429444122
6.72936507936508,0.55642862450473,0.653914877415914,0.149692014850371,20.9716735174988
6.72946428571429,0.556382803957988,0.653875522467961,0.149620433213552,20.9720040576805
6.72956349206349,0.556336988009437,0.653836164901945,0.149548885874735,20.9723345649633
6.7296626984127,0.556291176658285,0.653796804720803,0.149477372817387,20.9726650393529
6.7297619047619,0.556245369903742,0.65375744192747,0.149405894024977,20.9729954808554
6.72986111111111,0.556199567745019,0.653718076524881,0.149334449480987,20.9733258894767
6.72996031746032,0.556153770181325,0.65367870851597,0.149263039168897,20.9736562652228
6.73005952380952,0.556107977211871,0.653639337903667,0.149191663072203,20.9739866080994
6.73015873015873,0.556062188835869,0.653599964690905,0.1491203211744,20.9743169181125
6.73025793650794,0.55601640505253,0.653560588880612,0.149049013458993,20.9746471952681
6.73035714285714,0.555970625861065,0.653521210475716,0.148977739909491,20.9749774395721
6.73045634920635,0.555924851260687,0.653481829479144,0.14890650050941,20.9753076510303
6.73055555555556,0.555879081250608,0.653442445893822,0.148835295242275,20.9756378296487
6.73065476190476,0.555833315830041,0.653403059722674,0.148764124091614,20.9759679754332
6.73075396825397,0.555787554998199,0.653363670968622,0.148692987040962,20.9762980883897
6.73085317460317,0.555741798754296,0.653324279634589,0.148621884073862,20.9766281685241
6.73095238095238,0.555696047097546,0.653284885723495,0.148550815173862,20.9769582158423
6.73105158730159,0.555650300027162,0.653245489238258,0.148479780324517,20.9772882303502
6.73115079365079,0.55560455754236,0.653206090181797,0.148408779509388,20.9776182120536
6.73125,0.555558819642355,0.653166688557028,0.148337812712043,20.9779481609586
6.73134920634921,0.555513086326361,0.653127284366866,0.148266879916054,20.978278077071
6.73144841269841,0.555467357593595,0.653087877614225,0.148195981105002,20.9786079603966
6.73154761904762,0.555421633443273,0.653048468302019,0.148125116262474,20.9789378109414
6.73164682539683,0.55537591387461,0.653009056433158,0.148054285372063,20.9792676287113
6.73174603174603,0.555330198886825,0.652969642010552,0.147983488417368,20.9795974137121
6.73184523809524,0.555284488479134,0.65293022503711,0.147912725381995,20.9799271659497
6.73194444444444,0.555238782650755,0.652890805515739,0.147841996249556,20.9802568854301
6.73204365079365,0.555193081400905,0.652851383449346,0.147771301003668,20.9805865721591
6.73214285714286,0.555147384728803,0.652811958840836,0.147700639627957,20.9809162261426
6.73224206349206,0.555101692633667,0.652772531693113,0.147630012106054,20.9812458473864
6.73234126984127,0.555056005114717,0.652733102009078,0.147559418421597,20.9815754358964
6.73244047619048,0.555010322171171,0.652693669791632,0.147488858558228,20.9819049916786
6.73253968253968,0.554964643802249,0.652654235043676,0.147418332499598,20.9822345147388
6.73263888888889,0.554918970007172,0.652614797768108,0.147347840229364,20.9825640050828
6.7327380952381,0.554873300785159,0.652575357967825,0.147277381731189,20.9828934627166
6.7328373015873,0.554827636135432,0.652535915645724,0.147206956988741,20.983222887646
6.73293650793651,0.55478197605721,0.652496470804697,0.147136565985696,20.9835522798768
6.73303571428572,0.554736320549717,0.65245702344764,0.147066208705738,20.983881639415
6.73313492063492,0.554690669612174,0.652417573577443,0.146995885132553,20.9842109662664
6.73323412698413,0.554645023243803,0.652378121196999,0.146925595249837,20.9845402604368
6.73333333333333,0.554599381443827,0.652338666309196,0.14685533904129,20.9848695219322
6.73343253968254,0.554553744211468,0.652299208916922,0.146785116490621,20.9851987507583
6.73353174603175,0.55450811154595,0.652259749023065,0.146714927581542,20.9855279469211
6.73363095238095,0.554462483446496,0.65222028663051,0.146644772297775,20.9858571104263
6.73373015873016,0.554416859912331,0.652180821742141,0.146574650623044,20.9861862412799
6.73382936507937,0.554371240942678,0.652141354360841,0.146504562541085,20.9865153394877
6.73392857142857,0.554325626536762,0.652101884489493,0.146434508035635,20.9868444050556
6.73402777777778,0.554280016693809,0.652062412130976,0.14636448709044,20.9871734379893
6.73412698412698,0.554234411413044,0.652022937288169,0.146294499689253,20.9875024382948
6.73422619047619,0.554188810693693,0.651983459963952,0.146224545815831,20.9878314059779
6.7343253968254,0.554143214534981,0.651943980161199,0.14615462545394,20.9881603410443
6.7344246031746,0.554097622936135,0.651904497882787,0.146084738587349,20.9884892435001
6.73452380952381,0.554052035896383,0.65186501313159,0.146014885199838,20.9888181133509
6.73462301587302,0.554006453414951,0.65182552591048,0.145945065275189,20.9891469506027
6.73472222222222,0.553960875491067,0.651786036222329,0.145875278797193,20.9894757552613
6.73482142857143,0.553915302123959,0.651746544070006,0.145805525749647,20.9898045273325
6.73492063492063,0.553869733312856,0.651707049456382,0.145735806116353,20.9901332668222
6.73501984126984,0.553824169056985,0.651667552384323,0.14566611988112,20.9904619737361
6.73511904761905,0.553778609355576,0.651628052856696,0.145596467027765,20.9907906480801
6.73521825396825,0.553733054207858,0.651588550876366,0.145526847540108,20.99111928986
6.73531746031746,0.553687503613061,0.651549046446196,0.145457261401979,20.9914478990817
6.73541666666667,0.553641957570415,0.651509539569049,0.145387708597212,20.991776475751
6.73551587301587,0.553596416079151,0.651470030247786,0.145318189109648,20.9921050198737
6.73561507936508,0.553550879138499,0.651430518485267,0.145248702923135,20.9924335314556
6.73571428571428,0.553505346747691,0.651391004284351,0.145179250021526,20.9927620105026
6.73581349206349,0.553459818905957,0.651351487647895,0.145109830388681,20.9930904570204
6.7359126984127,0.55341429561253,0.651311968578754,0.145040444008467,20.9934188710149
6.7360119047619,0.553368776866643,0.651272447079784,0.144971090864758,20.9937472524919
6.73611111111111,0.553323262667528,0.651232923153839,0.144901770941432,20.9940756014572
6.73621031746032,0.553277753014417,0.651193396803769,0.144832484222374,20.9944039179165
6.73630952380952,0.553232247906545,0.651153868032427,0.144763230691478,20.9947322018758
6.73640873015873,0.553186747343144,0.651114336842661,0.14469401033264,20.9950604533408
6.73650793650794,0.553141251323449,0.651074803237321,0.144624823129767,20.9953886723174
6.73660714285714,0.553095759846694,0.651035267219252,0.144555669066768,20.9957168588112
6.73670634920635,0.553050272912115,0.650995728791301,0.144486548127562,20.9960450128282
6.73680555555556,0.553004790518945,0.650956187956312,0.144417460296071,20.9963731343742
6.73690476190476,0.552959312666421,0.650916644717129,0.144348405556227,20.9967012234548
6.73700396825397,0.552913839353779,0.650877099076593,0.144279383891966,20.997029280076
6.73710317460317,0.552868370580254,0.650837551037544,0.14421039528723,20.9973573042435
6.73720238095238,0.552822906345084,0.650798000602822,0.144141439725969,20.9976852959631
6.73730158730159,0.552777446647504,0.650758447775266,0.144072517192139,20.9980132552406
6.73740079365079,0.552731991486753,0.650718892557711,0.1440036276697,20.9983411820817
6.7375,0.552686540862068,0.650679334952993,0.143934771142623,20.9986690764924
6.73759920634921,0.552641094772687,0.650639774963947,0.143865947594881,20.9989969384783
6.73769841269841,0.552595653217849,0.650600212593405,0.143797157010456,20.9993247680453
6.73779761904762,0.552550216196792,0.650560647844198,0.143728399373335,20.9996525651991
6.73789682539683,0.552504783708755,0.650521080719157,0.143659674667512,20.9999803299454
6.73799603174603,0.552459355752978,0.650481511221112,0.143590982876987,21.0003080622902
6.73809523809524,0.552413932328701,0.650441939352889,0.143522323985766,21.0006357622391
6.73819444444444,0.552368513435163,0.650402365117316,0.143453697977862,21.000963429798
6.73829365079365,0.552323099071605,0.650362788517216,0.143385104837295,21.0012910649726
6.73839285714286,0.552277689237268,0.650323209555415,0.14331654454809,21.0016186677686
6.73849206349206,0.552232283931394,0.650283628234734,0.143248017094279,21.0019462381919
6.73859126984127,0.552186883153224,0.650244044557996,0.1431795224599,21.0022737762483
6.73869047619048,0.552141486901999,0.650204458528019,0.143111060628999,21.0026012819434
6.73878968253968,0.552096095176962,0.650164870147623,0.143042631585626,21.002928755283
6.73888888888889,0.552050707977356,0.650125279419624,0.142974235313837,21.003256196273
6.7389880952381,0.552005325302424,0.65008568634684,0.142905871797699,21.003583604919
6.7390873015873,0.55195994715141,0.650046090932085,0.14283754102128,21.0039109812269
6.73918650793651,0.551914573523556,0.650006493178172,0.142769242968657,21.0042383252023
6.73928571428571,0.551869204418108,0.649966893087915,0.142700977623913,21.0045656368511
6.73938492063492,0.551823839834309,0.649927290664123,0.142632744971137,21.004892916179
6.73948412698413,0.551778479771405,0.649887685909606,0.142564544994425,21.0052201631918
6.73958333333333,0.55173312422864,0.649848078827174,0.142496377677879,21.0055473778951
6.73968253968254,0.551687773205261,0.649808469419632,0.142428243005607,21.0058745602948
6.73978174603175,0.551642426700512,0.649768857689787,0.142360140961723,21.0062017103966
6.73988095238095,0.551597084713641,0.649729243640444,0.142292071530349,21.0065288282062
6.73998015873016,0.551551747243894,0.649689627274405,0.142224034695613,21.0068559137294
6.74007936507936,0.551506414290518,0.649650008594473,0.142156030441647,21.007182966972
6.74017857142857,0.55146108585276,0.649610387603448,0.142088058752592,21.0075099879396
6.74027777777778,0.551415761929869,0.64957076430413,0.142020119612595,21.007836976638
6.74037698412698,0.55137044252109,0.649531138699316,0.141952213005807,21.0081639330729
6.74047619047619,0.551325127625675,0.649491510791804,0.14188433891639,21.0084908572502
6.7405753968254,0.551279817242871,0.649451880584389,0.141816497328509,21.0088177491754
6.7406746031746,0.551234511371928,0.649412248079866,0.141748688226334,21.0091446088544
6.74077380952381,0.551189210012095,0.649372613281027,0.141680911594045,21.0094714362928
6.74087301587302,0.551143913162621,0.649332976190664,0.141613167415827,21.0097982314965
6.74097222222222,0.551098620822758,0.649293336811567,0.141545455675869,21.0101249944711
6.74107142857143,0.551053332991755,0.649253695146526,0.141477776358371,21.0104517252223
6.74117063492063,0.551008049668863,0.649214051198328,0.141410129447534,21.0107784237559
6.74126984126984,0.550962770853335,0.64917440496976,0.141342514927571,21.0111050900776
6.74136904761905,0.550917496544421,0.649134756463607,0.141274932782696,21.0114317241931
6.74146825396825,0.550872226741374,0.649095105682653,0.141207382997134,21.0117583261081
6.74156746031746,0.550826961443445,0.649055452629681,0.141139865555112,21.0120848958284
6.74166666666667,0.550781700649888,0.649015797307472,0.141072380440868,21.0124114333596
6.74176587301587,0.550736444359957,0.648976139718807,0.141004927638642,21.0127379387075
6.74186507936508,0.550691192572902,0.648936479866462,0.140937507132682,21.0130644118778
6.74196428571429,0.55064594528798,0.648896817753218,0.140870118907245,21.0133908528762
6.74206349206349,0.550600702504445,0.648857153381849,0.140802762946591,21.0137172617084
6.7421626984127,0.55055546422155,0.648817486755132,0.140735439234987,21.0140436383801
6.74226190476191,0.550510230438551,0.648777817875838,0.140668147756706,21.014369982897
6.74236111111111,0.550465001154703,0.648738146746741,0.14060088849603,21.0146962952648
6.74246031746032,0.550419776369261,0.648698473370612,0.140533661437245,21.0150225754892
6.74255952380952,0.550374556081482,0.648658797750221,0.140466466564643,21.0153488235759
6.74265873015873,0.550329340290622,0.648619119888336,0.140399303862523,21.0156750395306
6.74275793650794,0.550284128995937,0.648579439787724,0.140332173315192,21.016001223359
6.74285714285714,0.550238922196685,0.648539757451151,0.140265074906961,21.0163273750668
6.74295634920635,0.550193719892123,0.648500072881383,0.140198008622149,21.0166534946597
6.74305555555556,0.550148522081508,0.648460386081181,0.140130974445079,21.0169795821433
6.74315476190476,0.5501033287641,0.648420697053309,0.140063972360084,21.0173056375235
6.74325396825397,0.550058139939156,0.648381005800527,0.139997002351501,21.0176316608057
6.74335317460318,0.550012955605934,0.648341312325595,0.139930064403672,21.0179576519958
6.74345238095238,0.549967775763696,0.648301616631271,0.13986315850095,21.0182836110994
6.74355158730159,0.549922600411699,0.648261918720311,0.139796284627689,21.0186095381222
6.74365079365079,0.549877429549205,0.648222218595472,0.139729442768253,21.0189354330699
6.74375,0.549832263175473,0.648182516259508,0.139662632907012,21.0192612959481
6.74384920634921,0.549787101289763,0.648142811715172,0.13959585502834,21.0195871267626
6.74394841269841,0.549741943891338,0.648103104965215,0.13952910911662,21.0199129255189
6.74404761904762,0.549696790979458,0.648063396012389,0.139462395156239,21.0202386922229
6.74414682539683,0.549651642553384,0.648023684859442,0.139395713131593,21.02056442688
6.74424603174603,0.54960649861238,0.647983971509122,0.139329063027083,21.0208901294961
6.74434523809524,0.549561359155707,0.647944255964176,0.139262444827116,21.0212158000768
6.74444444444444,0.549516224182629,0.64790453822735,0.139195858516106,21.0215414386277
6.74454365079365,0.549471093692408,0.647864818301387,0.139129304078472,21.0218670451545
6.74464285714286,0.549425967684308,0.64782509618903,0.139062781498642,21.0221926196628
6.74474206349206,0.549380846157593,0.64778537189302,0.138996290761049,21.0225181621585
6.74484126984127,0.549335729111527,0.647745645416098,0.138929831850129,21.022843672647
6.74494047619048,0.549290616545374,0.647705916761004,0.138863404750332,21.023169151134
6.74503968253968,0.549245508458401,0.647666185930473,0.138797009446108,21.0234945976252
6.74513888888889,0.549200404849871,0.647626452927243,0.138730645921915,21.0238200121263
6.7452380952381,0.549155305719051,0.64758671775405,0.138664314162218,21.0241453946429
6.7453373015873,0.549110211065207,0.647546980413625,0.138598014151487,21.0244707451807
6.74543650793651,0.549065120887605,0.647507240908703,0.138531745874202,21.0247960637452
6.74553571428571,0.549020035185512,0.647467499242014,0.138465509314844,21.0251213503422
6.74563492063492,0.548974953958195,0.647427755416287,0.138399304457905,21.0254466049773
6.74573412698413,0.548929877204921,0.647388009434253,0.13833313128788,21.0257718276561
6.74583333333333,0.548884804924959,0.647348261298638,0.138266989789273,21.0260970183843
6.74593253968254,0.548839737117576,0.647308511012168,0.138200879946593,21.0264221771675
6.74603174603175,0.548794673782041,0.647268758577567,0.138134801744355,21.0267473040114
6.74613095238095,0.548749614917623,0.64722900399756,0.138068755167082,21.0270723989216
6.74623015873016,0.548704560523591,0.647189247274869,0.138002740199301,21.0273974619036
6.74632936507937,0.548659510599215,0.647149488412213,0.137936756825546,21.0277224929633
6.74642857142857,0.548614465143765,0.647109727412314,0.137870805030361,21.0280474921061
6.74652777777778,0.548569424156511,0.64706996427789,0.137804884798291,21.0283724593377
6.74662698412698,0.548524387636724,0.647030199011657,0.137738996113891,21.0286973946637
6.74672619047619,0.548479355583676,0.646990431616331,0.13767313896172,21.0290222980899
6.7468253968254,0.548434327996636,0.646950662094626,0.137607313326346,21.0293471696217
6.7469246031746,0.548389304874878,0.646910890449257,0.13754151919234,21.0296720092648
6.74702380952381,0.548344286217673,0.646871116682934,0.137475756544282,21.0299968170249
6.74712301587302,0.548299272024294,0.646831340798369,0.137410025366758,21.0303215929075
6.74722222222222,0.548254262294014,0.64679156279827,0.13734432564436,21.0306463369182
6.74732142857143,0.548209257026106,0.646751782685345,0.137278657361685,21.0309710490628
6.74742063492063,0.548164256219843,0.646712000462302,0.137213020503339,21.0312957293467
6.74751984126984,0.5481192598745,0.646672216131847,0.137147415053933,21.0316203777757
6.74761904761905,0.54807426798935,0.646632429696682,0.137081840998083,21.0319449943552
6.74771825396825,0.54802928056367,0.646592641159511,0.137016298320414,21.032269579091
6.74781746031746,0.547984297596732,0.646552850523034,0.136950787005556,21.0325941319886
6.74791666666667,0.547939319087813,0.646513057789955,0.136885307038145,21.0329186530537
6.74801587301587,0.547894345036189,0.64647326296297,0.136819858402824,21.0332431422917
6.74811507936508,0.547849375441136,0.646433466044778,0.136754441084243,21.0335675997084
6.74821428571429,0.54780441030193,0.646393667038074,0.136689055067057,21.0338920253094
6.74831349206349,0.547759449617848,0.646353865945555,0.136623700335927,21.0342164191002
6.7484126984127,0.547714493388167,0.646314062769914,0.136558376875523,21.0345407810864
6.74851190476191,0.547669541612165,0.646274257513844,0.136493084670518,21.0348651112736
6.74861111111111,0.547624594289119,0.646234450180036,0.136427823705595,21.0351894096674
6.74871031746032,0.547579651418309,0.646194640771179,0.136362593965439,21.0355136762735
6.74880952380952,0.547534712999012,0.646154829289964,0.136297395434745,21.0358379110973
6.74890873015873,0.547489779030507,0.646115015739076,0.136232228098214,21.0361621141445
6.74900793650794,0.547444849512075,0.646075200121203,0.136167091940551,21.0364862854207
6.74910714285714,0.547399924442993,0.646035382439029,0.136101986946469,21.0368104249314
6.74920634920635,0.547355003822544,0.645995562695238,0.136036913100687,21.0371345326823
6.74930555555556,0.547310087650006,0.645955740892511,0.135971870387931,21.0374586086789
6.74940476190476,0.547265175924661,0.645915917033531,0.135906858792934,21.0377826529268
6.74950396825397,0.54722026864579,0.645876091120976,0.135841878300433,21.0381066654315
6.74960317460318,0.547175365812674,0.645836263157526,0.135776928895173,21.0384306461986
6.74970238095238,0.547130467424596,0.645796433145857,0.135712010561905,21.0387545952338
6.74980158730159,0.547085573480837,0.645756601088646,0.135647123285387,21.0390785125426
6.74990079365079,0.54704068398068,0.645716766988566,0.135582267050381,21.0394023981305
6.75,0.546995798923408,0.645676930848291,0.135517441841659,21.0397262520031
6.75009920634921,0.546950918308305,0.645637092670494,0.135452647643997,21.0400500741661
6.75019841269841,0.546906042134653,0.645597252457844,0.135387884442177,21.0403738646249
6.75029761904762,0.546861170401737,0.645557410213011,0.135323152220988,21.040697623385
6.75039682539682,0.546816303108842,0.645517565938664,0.135258450965227,21.0410213504522
6.75049603174603,0.546771440255251,0.645477719637469,0.135193780659695,21.0413450458319
6.75059523809524,0.546726581840251,0.645437871312092,0.1351291412892,21.0416687095297
6.75069444444444,0.546681727863126,0.645398020965197,0.135064532838558,21.0419923415512
6.75079365079365,0.546636878323162,0.645358168599446,0.134999955292588,21.0423159419018
6.75089285714286,0.546592033219646,0.645318314217503,0.134935408636119,21.0426395105872
6.75099206349206,0.546547192551865,0.645278457822027,0.134870892853984,21.0429630476129
6.75109126984127,0.546502356319104,0.645238599415677,0.134806407931024,21.0432865529845
6.75119047619048,0.546457524520651,0.645198739001112,0.134741953852085,21.0436100267074
6.75128968253968,0.546412697155794,0.645158876580987,0.134677530602019,21.0439334687874
6.75138888888889,0.546367874223821,0.645119012157958,0.134613138165686,21.0442568792297
6.75148809523809,0.54632305572402,0.645079145734679,0.134548776527951,21.0445802580402
6.7515873015873,0.54627824165568,0.645039277313803,0.134484445673687,21.0449036052242
6.75168650793651,0.546233432018089,0.64499940689798,0.134420145587771,21.0452269207873
6.75178571428571,0.546188626810538,0.644959534489862,0.134355876255088,21.045550204735
6.75188492063492,0.546143826032316,0.644919660092097,0.13429163766053,21.0458734570729
6.75198412698413,0.546099029682713,0.644879783707333,0.134227429788993,21.0461966778066
6.75208333333333,0.546054237761019,0.644839905338216,0.134163252625381,21.0465198669415
6.75218253968254,0.546009450266526,0.64480002498739,0.134099106154605,21.0468430244831
6.75228174603175,0.545964667198524,0.644760142657499,0.13403499036158,21.0471661504371
6.75238095238095,0.545919888556305,0.644720258351187,0.13397090523123,21.0474892448089
6.75248015873016,0.545875114339162,0.644680372071094,0.133906850748485,21.047812307604
6.75257936507937,0.545830344546386,0.64464048381986,0.133842826898278,21.048135338828
6.75267857142857,0.54578557917727,0.644600593600123,0.133778833665553,21.0484583384864
6.75277777777778,0.545740818231107,0.644560701414521,0.133714871035258,21.0487813065848
6.75287698412698,0.545696061707191,0.644520807265689,0.133650938992347,21.0491042431285
6.75297619047619,0.545651309604814,0.644480911156263,0.133587037521781,21.0494271481232
6.7530753968254,0.545606561923272,0.644441013088876,0.133523166608528,21.0497500215744
6.7531746031746,0.545561818661858,0.644401113066159,0.133459326237561,21.0500728634875
6.75327380952381,0.545517079819867,0.644361211090745,0.133395516393861,21.0503956738682
6.75337301587302,0.545472345396596,0.644321307165261,0.133331737062413,21.0507184527218
6.75347222222222,0.545427615391338,0.644281401292336,0.133267988228211,21.0510412000539
6.75357142857143,0.54538288980339,0.644241493474599,0.133204269876254,21.05136391587
6.75367063492063,0.545338168632048,0.644201583714673,0.133140581991548,21.0516866001757
6.75376984126984,0.545293451876608,0.644161672015183,0.133076924559103,21.0520092529763
6.75386904761905,0.545248739536369,0.644121758378753,0.13301329756394,21.0523318742775
6.75396825396825,0.545204031610626,0.644081842808005,0.132949700991082,21.0526544640846
6.75406746031746,0.545159328098679,0.644041925305558,0.13288613482556,21.0529770224033
6.75416666666667,0.545114628999823,0.644002005874033,0.132822599052411,21.0532995492389
6.75426587301587,0.545069934313359,0.643962084516047,0.13275909365668,21.0536220445971
6.75436507936508,0.545025244038585,0.643922161234216,0.132695618623417,21.0539445084832
6.75446428571429,0.5449805581748,0.643882236031157,0.132632173937677,21.0542669409029
6.75456349206349,0.544935876721303,0.643842308909483,0.132568759584524,21.0545893418614
6.7546626984127,0.544891199677395,0.643802379871807,0.132505375549027,21.0549117113645
6.7547619047619,0.544846527042374,0.643762448920741,0.132442021816262,21.0552340494174
6.75486111111111,0.544801858815543,0.643722516058894,0.13237869837131,21.0555563560258
6.75496031746032,0.544757194996202,0.643682581288876,0.132315405199259,21.055878631195
6.75505952380952,0.544712535583651,0.643642644613295,0.132252142285204,21.0562008749307
6.75515873015873,0.544667880577194,0.643602706034756,0.132188909614247,21.0565230872382
6.75525793650794,0.54462322997613,0.643562765555865,0.132125707171494,21.056845268123
6.75535714285714,0.544578583779765,0.643522823179225,0.132062534942059,21.0571674175906
6.75545634920635,0.544533941987398,0.64348287890744,0.131999392911064,21.0574895356465
6.75555555555556,0.544489304598335,0.643442932743111,0.131936281063632,21.0578116222961
6.75565476190476,0.544444671611878,0.643402984688837,0.131873199384899,21.058133677545
6.75575396825397,0.544400043027331,0.643363034747216,0.131810147860002,21.0584557013985
6.75585317460317,0.544355418843999,0.643323082920848,0.131747126474088,21.0587776938622
6.75595238095238,0.544310799061185,0.643283129212326,0.131684135212308,21.0590996549414
6.75605158730159,0.544266183678194,0.643243173624247,0.131621174059821,21.0594215846418
6.75615079365079,0.544221572694332,0.643203216159204,0.13155824300179,21.0597434829687
6.75625,0.544176966108905,0.643163256819788,0.131495342023388,21.0600653499275
6.75634920634921,0.544132363921217,0.643123295608591,0.131432471109792,21.0603871855238
6.75644841269841,0.544087766130577,0.643083332528203,0.131369630246184,21.060708989763
6.75654761904762,0.544043172736289,0.643043367581212,0.131306819417756,21.0610307626506
6.75664682539682,0.543998583737662,0.643003400770205,0.131244038609703,21.061352504192
6.75674603174603,0.543953999134002,0.642963432097767,0.131181287807229,21.0616742143926
6.75684523809524,0.543909418924617,0.642923461566483,0.131118566995543,21.0619958932579
6.75694444444444,0.543864843108816,0.642883489178937,0.13105587615986,21.0623175407934
6.75704365079365,0.543820271685907,0.642843514937711,0.130993215285402,21.0626391570044
6.75714285714286,0.543775704655199,0.642803538845384,0.130930584357397,21.0629607418965
6.75724206349206,0.543731142016,0.642763560904537,0.130867983361081,21.063282295475
6.75734126984127,0.543686583767621,0.642723581117747,0.130805412281694,21.0636038177455
6.75744047619048,0.543642029909371,0.642683599487592,0.130742871104483,21.0639253087133
6.75753968253968,0.543597480440561,0.642643616016646,0.130680359814702,21.064246768384
6.75763888888889,0.5435529353605,0.642603630707484,0.130617878397611,21.0645681967628
6.75773809523809,0.543508394668501,0.642563643562678,0.130555426838477,21.0648895938553
6.7578373015873,0.543463858363874,0.642523654584802,0.130493005122572,21.0652109596668
6.75793650793651,0.543419326445931,0.642483663776423,0.130430613235176,21.0655322942029
6.75803571428571,0.543374798913985,0.642443671140113,0.130368251161574,21.0658535974689
6.75813492063492,0.543330275767347,0.642403676678438,0.130305918887058,21.0661748694703
6.75823412698413,0.54328575700533,0.642363680393965,0.130243616396925,21.0664961102125
6.75833333333333,0.543241242627248,0.64232368228926,0.130181343676482,21.0668173197008
6.75843253968254,0.543196732632413,0.642283682366886,0.130119100711039,21.0671384979408
6.75853174603175,0.543152227020141,0.642243680629405,0.130056887485913,21.0674596449379
6.75863095238095,0.543107725789744,0.64220367707938,0.129994703986428,21.0677807606974
6.75873015873016,0.543063228940538,0.64216367171937,0.129932550197914,21.0681018452248
6.75882936507937,0.543018736471838,0.642123664551934,0.129870426105708,21.0684228985254
6.75892857142857,0.542974248382958,0.642083655579629,0.129808331695151,21.0687439206048
6.75902777777778,0.542929764673215,0.642043644805012,0.129746266951594,21.0690649114683
6.75912698412698,0.542885285341924,0.642003632230637,0.129684231860392,21.0693858711213
6.75922619047619,0.542840810388402,0.641963617859058,0.129622226406906,21.0697067995692
6.7593253968254,0.542796339811965,0.641923601692828,0.129560250576506,21.0700276968175
6.7594246031746,0.542751873611931,0.641883583734497,0.129498304354565,21.0703485628715
6.75952380952381,0.542707411787617,0.641843563986616,0.129436387726465,21.0706693977366
6.75962301587302,0.54266295433834,0.641803542451732,0.129374500677593,21.0709902014183
6.75972222222222,0.542618501263419,0.641763519132392,0.129312643193342,21.0713109739219
6.75982142857143,0.542574052562173,0.641723494031144,0.129250815259113,21.0716317152528
6.75992063492064,0.54252960823392,0.641683467150531,0.129189016860313,21.0719524254164
6.76001984126984,0.54248516827798,0.641643438493097,0.129127247982353,21.0722731044182
6.76011904761905,0.542440732693672,0.641603408061384,0.129065508610654,21.0725937522634
6.76021825396825,0.542396301480316,0.641563375857932,0.12900379873064,21.0729143689576
6.76031746031746,0.542351874637233,0.64152334188528,0.128942118327744,21.073234954506
6.76041666666667,0.542307452163743,0.641483306145968,0.128880467387403,21.073555508914
6.76051587301587,0.542263034059167,0.641443268642532,0.128818845895063,21.0738760321872
6.76061507936508,0.542218620322826,0.641403229377508,0.128757253836175,21.0741965243307
6.76071428571429,0.542174210954043,0.641363188353429,0.128695691196195,21.0745169853501
6.76081349206349,0.542129805952138,0.641323145572829,0.128634157960587,21.0748374152506
6.7609126984127,0.542085405316436,0.64128310103824,0.128572654114822,21.0751578140377
6.7610119047619,0.542041009046259,0.641243054752192,0.128511179644376,21.0754781817167
6.76111111111111,0.541996617140929,0.641203006717214,0.128449734534731,21.0757985182931
6.76121031746032,0.54195222959977,0.641162956935834,0.128388318771377,21.0761188237721
6.76130952380952,0.541907846422108,0.641122905410579,0.12832693233981,21.0764390981592
6.76140873015873,0.541863467607264,0.641082852143974,0.128265575225531,21.0767593414597
6.76150793650794,0.541819093154565,0.641042797138543,0.128204247414048,21.0770795536789
6.76160714285714,0.541774723063336,0.641002740396809,0.128142948890877,21.0773997348224
6.76170634920635,0.5417303573329,0.640962681921293,0.128081679641537,21.0777198848953
6.76180555555556,0.541685995962585,0.640922621714515,0.128020439651557,21.0780400039031
6.76190476190476,0.541641638951717,0.640882559778994,0.12795922890647,21.0783600918511
6.76200396825397,0.541597286299621,0.640842496117249,0.127898047391817,21.0786801487447
6.76210317460317,0.541552938005624,0.640802430731794,0.127836895093143,21.0790001745893
6.76220238095238,0.541508594069055,0.640762363625146,0.127775771996001,21.0793201693902
6.76230158730159,0.541464254489239,0.640722294799817,0.127714678085951,21.0796401331527
6.76240079365079,0.541419919265506,0.640682224258321,0.127653613348558,21.0799600658822
6.7625,0.541375588397182,0.640642152003168,0.127592577769393,21.0802799675841
6.76259920634921,0.541331261883598,0.640602078036868,0.127531571334036,21.0805998382636
6.76269841269841,0.541286939724081,0.64056200236193,0.12747059402807,21.0809196779262
6.76279761904762,0.541242621917961,0.640521924980861,0.127409645837087,21.0812394865772
6.76289682539683,0.541198308464569,0.640481845896167,0.127348726746685,21.0815592642219
6.76299603174603,0.541153999363232,0.640441765110354,0.127287836742466,21.0818790108657
6.76309523809524,0.541109694613284,0.640401682625923,0.127226975810041,21.0821987265138
6.76319444444444,0.541065394214053,0.640361598445378,0.127166143935026,21.0825184111717
6.76329365079365,0.54102109816487,0.640321512571219,0.127105341103044,21.0828380648447
6.76339285714286,0.540976806465069,0.640281425005946,0.127044567299724,21.0831576875381
6.76349206349206,0.540932519113979,0.640241335752058,0.126983822510702,21.0834772792572
6.76359126984127,0.540888236110935,0.64020124481205,0.12692310672162,21.0837968400074
6.76369047619048,0.540843957455266,0.640161152188419,0.126862419918125,21.084116369794
6.76378968253968,0.540799683146308,0.640121057883659,0.126801762085873,21.0844358686223
6.76388888888889,0.540755413183393,0.640080961900264,0.126741133210524,21.0847553364977
6.7639880952381,0.540711147565855,0.640040864240725,0.126680533277745,21.0850747734254
6.7640873015873,0.540666886293027,0.640000764907532,0.126619962273211,21.0853941794108
6.76418650793651,0.540622629364244,0.639960663903175,0.126559420182601,21.0857135544593
6.76428571428572,0.540578376778841,0.639920561230143,0.126498906991602,21.086032898576
6.76438492063492,0.540534128536153,0.639880456890921,0.126438422685907,21.0863522117664
6.76448412698413,0.540489884635515,0.639840350887996,0.126377967251214,21.0866714940358
6.76458333333333,0.540445645076262,0.639800243223851,0.12631754067323,21.0869907453894
6.76468253968254,0.540401409857732,0.639760133900968,0.126257142937666,21.0873099658326
6.76478174603175,0.540357178979261,0.639720022921831,0.12619677403024,21.0876291553707
6.76488095238095,0.540312952440185,0.639679910288918,0.126136433936677,21.0879483140089
6.76498015873016,0.540268730239841,0.63963979600471,0.126076122642708,21.0882674417527
6.76507936507937,0.540224512377568,0.639599680071682,0.12601584013407,21.0885865386073
6.76517857142857,0.540180298852703,0.639559562492313,0.125955586396508,21.0889056045779
6.76527777777778,0.540136089664584,0.639519443269077,0.12589536141577,21.08922463967
6.76537698412698,0.54009188481255,0.639479322404448,0.125835165177613,21.0895436438888
6.76547619047619,0.54004768429594,0.639439199900898,0.125774997667801,21.0898626172396
6.7655753968254,0.540003488114094,0.639399075760899,0.125714858872102,21.0901815597276
6.7656746031746,0.53995929626635,0.63935894998692,0.12565474877629,21.0905004713583
6.76577380952381,0.53991510875205,0.639318822581431,0.125594667366151,21.0908193521368
6.76587301587302,0.539870925570533,0.639278693546899,0.12553461462747,21.0911382020685
6.76597222222222,0.539826746721141,0.63923856288579,0.125474590546042,21.0914570211586
6.76607142857143,0.539782572203215,0.639198430600568,0.125414595107669,21.0917758094125
6.76617063492063,0.539738402016096,0.639158296693698,0.125354628298158,21.0920945668354
6.76626984126984,0.539694236159125,0.639118161167641,0.125294690103322,21.0924132934327
6.76636904761905,0.539650074631646,0.639078024024858,0.125234780508982,21.0927319892095
6.76646825396825,0.539605917433001,0.63903788526781,0.125174899500963,21.0930506541711
6.76656746031746,0.539561764562533,0.638997744898954,0.1251150470651,21.0933692883229
6.76666666666667,0.539517616019585,0.638957602920748,0.12505522318723,21.0936878916702
6.76676587301587,0.5394734718035,0.638917459335647,0.124995427853199,21.0940064642181
6.76686507936508,0.539429331913623,0.638877314146106,0.124935661048859,21.094325005972
6.76696428571428,0.539385196349299,0.638837167354578,0.124875922760069,21.0946435169371
6.76706349206349,0.539341065109872,0.638797018963516,0.124816212972692,21.0949619971187
6.7671626984127,0.539296938194685,0.638756868975369,0.1247565316726,21.0952804465221
6.7672619047619,0.539252815603088,0.638716717392587,0.124696878845671,21.0955988651525
6.76736111111111,0.539208697334423,0.638676564217619,0.124637254477787,21.0959172530153
6.76746031746032,0.539164583388039,0.63863640945291,0.12457765855484,21.0962356101156
6.76755952380952,0.53912047376328,0.638596253100908,0.124518091062724,21.0965539364587
6.76765873015873,0.539076368459494,0.638556095164055,0.124458551987344,21.0968722320499
6.76775793650794,0.539032267476029,0.638515935644795,0.124399041314608,21.0971904968944
6.76785714285714,0.538988170812232,0.63847577454557,0.124339559030432,21.0975087309975
6.76795634920635,0.538944078467451,0.638435611868819,0.124280105120738,21.0978269343644
6.76805555555556,0.538899990441033,0.638395447616982,0.124220679571453,21.0981451070005
6.76815476190476,0.538855906732329,0.638355281792497,0.124161282368512,21.0984632489109
6.76825396825397,0.538811827340687,0.6383151143978,0.124101913497857,21.0987813601009
6.76835317460317,0.538767752265457,0.638274945435327,0.124042572945435,21.0990994405757
6.76845238095238,0.538723681505988,0.638234774907511,0.123983260697199,21.0994174903406
6.76855158730159,0.53867961506163,0.638194602816784,0.123923976739109,21.0997355094008
6.76865079365079,0.538635552931734,0.638154429165579,0.123864721057131,21.1000534977616
6.76875,0.538591495115651,0.638114253956326,0.123805493637239,21.1003714554282
6.76884920634921,0.538547441612732,0.638074077191453,0.123746294465413,21.1006893824058
6.76894841269841,0.538503392422329,0.638033898873388,0.123687123527636,21.1010072786997
6.76904761904762,0.538459347543793,0.637993719004557,0.123627980809901,21.1013251443151
6.76914682539683,0.538415306976477,0.637953537587384,0.123568866298206,21.1016429792573
6.76924603174603,0.538371270719734,0.637913354624295,0.123509779978556,21.1019607835314
6.76934523809524,0.538327238772916,0.63787317011771,0.123450721836962,21.1022785571428
6.76944444444444,0.538283211135377,0.637832984070051,0.123391691859441,21.1025963000965
6.76954365079365,0.538239187806471,0.637792796483738,0.123332690032016,21.1029140123979
6.76964285714286,0.538195168785552,0.637752607361189,0.123273716340719,21.1032316940522
6.76974206349206,0.538151154071973,0.637712416704822,0.123214770771584,21.1035493450646
6.76984126984127,0.538107143665091,0.637672224517052,0.123155853310655,21.1038669654403
6.76994047619048,0.53806313756426,0.637632030800294,0.123096963943981,21.1041845551845
6.77003968253968,0.538019135768836,0.637591835556961,0.123038102657618,21.1045021143025
6.77013888888889,0.537975138278174,0.637551638789466,0.122979269437626,21.1048196427995
6.7702380952381,0.537931145091632,0.637511440500219,0.122920464270076,21.1051371406806
6.7703373015873,0.537887156208565,0.637471240691629,0.122861687141041,21.1054546079511
6.77043650793651,0.537843171628331,0.637431039366106,0.122802938036602,21.1057720446162
6.77053571428571,0.537799191350286,0.637390836526056,0.122744216942846,21.1060894506812
6.77063492063492,0.537755215373789,0.637350632173884,0.122685523845867,21.1064068261511
6.77073412698413,0.537711243698198,0.637310426311994,0.122626858731765,21.1067241710313
6.77083333333333,0.53766727632287,0.637270218942791,0.122568221586646,21.1070414853269
6.77093253968254,0.537623313247166,0.637230010068675,0.122509612396624,21.1073587690431
6.77103174603175,0.537579354470443,0.637189799692047,0.122451031147817,21.1076760221851
6.77113095238095,0.537535399992062,0.637149587815307,0.122392477826351,21.1079932447581
6.77123015873016,0.537491449811382,0.637109374440852,0.122333952418358,21.1083104367674
6.77132936507936,0.537447503927763,0.637069159571078,0.122275454909975,21.108627598218
6.77142857142857,0.537403562340567,0.637028943208382,0.122216985287348,21.1089447291153
6.77152777777778,0.537359625049153,0.636988725355157,0.122158543536627,21.1092618294644
6.77162698412698,0.537315692052883,0.636948506013795,0.122100129643969,21.1095788992704
6.77172619047619,0.53727176335112,0.63690828518669,0.122041743595539,21.1098959385386
6.7718253968254,0.537227838943225,0.63686806287623,0.121983385377507,21.1102129472741
6.7719246031746,0.53718391882856,0.636827839084804,0.121925054976048,21.1105299254822
6.77202380952381,0.537140003006487,0.636787613814801,0.121866752377346,21.110846873168
6.77212301587302,0.537096091476371,0.636747387068606,0.121808477567589,21.1111637903366
6.77222222222222,0.537052184237575,0.636707158848604,0.121750230532973,21.1114806769934
6.77232142857143,0.537008281289462,0.63666692915718,0.121692011259701,21.1117975331434
6.77242063492063,0.536964382631397,0.636626697996715,0.121633819733979,21.1121143587918
6.77251984126984,0.536920488262743,0.636586465369592,0.121575655942023,21.1124311539438
6.77261904761905,0.536876598182866,0.636546231278189,0.121517519870054,21.1127479186046
6.77271825396825,0.536832712391132,0.636505995724885,0.121459411504298,21.1130646527793
6.77281746031746,0.536788830886905,0.636465758712058,0.12140133083099,21.1133813564732
6.77291666666667,0.536744953669553,0.636425520242084,0.12134327783637,21.1136980296913
6.77301587301587,0.53670108073844,0.636385280317338,0.121285252506684,21.1140146724388
6.77311507936508,0.536657212092933,0.636345038940191,0.121227254828183,21.1143312847209
6.77321428571429,0.536613347732401,0.636304796113019,0.12116928478713,21.1146478665428
6.77331349206349,0.53656948765621,0.63626455183819,0.121111342369787,21.1149644179096
6.7734126984127,0.536525631863727,0.636224306118075,0.121053427562428,21.1152809388265
6.77351190476191,0.536481780354322,0.636184058955042,0.12099554035133,21.1155974292986
6.77361111111111,0.536437933127363,0.636143810351458,0.120937680722778,21.1159138893311
6.77371031746032,0.536394090182218,0.636103560309688,0.120879848663062,21.1162303189291
6.77380952380952,0.536350251518256,0.636063308832098,0.120822044158481,21.1165467180978
6.77390873015873,0.536306417134847,0.63602305592105,0.120764267195338,21.1168630868424
6.77400793650794,0.536262587031362,0.635982801578906,0.120706517759942,21.1171794251679
6.77410714285714,0.53621876120717,0.635942545808026,0.12064879583861,21.1174957330795
6.77420634920635,0.536174939661641,0.635902288610771,0.120591101417666,21.1178120105824
6.77430555555556,0.536131122394148,0.635862029989498,0.120533434483437,21.1181282576818
6.77440476190476,0.536087309404061,0.635821769946563,0.12047579502226,21.1184444743827
6.77450396825397,0.536043500690752,0.635781508484323,0.120418183020476,21.1187606606902
6.77460317460318,0.535999696253593,0.635741245605131,0.120360598464433,21.1190768166096
6.77470238095238,0.535955896091956,0.63570098131134,0.120303041340487,21.119392942146
6.77480158730159,0.535912100205215,0.635660715605302,0.120245511634998,21.1197090373044
6.77490079365079,0.535868308592743,0.635620448489367,0.120188009334333,21.1200251020901
6.775,0.535824521253912,0.635580179965885,0.120130534424866,21.1203411365081
6.77509920634921,0.535780738188097,0.635539910037202,0.120073086892977,21.1206571405636
6.77519841269841,0.535736959394672,0.635499638705666,0.120015666725052,21.1209731142617
6.77529761904762,0.535693184873012,0.635459365973621,0.119958273907484,21.1212890576075
6.77539682539683,0.535649414622492,0.635419091843411,0.119900908426673,21.1216049706062
6.77549603174603,0.535605648642486,0.635378816317379,0.119843570269023,21.1219208532629
6.77559523809524,0.535561886932371,0.635338539397867,0.119786259420946,21.1222367055826
6.77569444444444,0.535518129491523,0.635298261087213,0.119728975868861,21.1225525275706
6.77579365079365,0.535474376319317,0.635257981387757,0.119671719599192,21.1228683192319
6.77589285714286,0.535430627415132,0.635217700301837,0.119614490598371,21.1231840805716
6.77599206349206,0.535386882778343,0.635177417831788,0.119557288852834,21.1234998115949
6.77609126984127,0.535343142408328,0.635137133979945,0.119500114349024,21.1238155123069
6.77619047619048,0.535299406296898,0.635096848750659,0.119442967079289,21.1241311827143
6.77628968253968,0.535255674435757,0.635056562148163,0.119385847036834,21.1244468228238
6.77638888888889,0.535211946824199,0.635016274174595,0.119328754209339,21.1247624326403
6.7764880952381,0.535168223461521,0.634975984832093,0.119271688584489,21.1250780121687
6.7765873015873,0.535124504347017,0.634935694122794,0.119214650149973,21.1253935614137
6.77668650793651,0.535080789479982,0.634895402048833,0.119157638893483,21.1257090803803
6.77678571428571,0.535037078859712,0.634855108612346,0.119100654802718,21.1260245690733
6.77688492063492,0.534993372485503,0.634814813815466,0.119043697865376,21.1263400274975
6.77698412698413,0.53494967035665,0.634774517660327,0.118986768069164,21.1266554556578
6.77708333333333,0.53490597247245,0.634734220149062,0.118929865401789,21.126970853559
6.77718253968254,0.534862278832199,0.634693921283804,0.118872989850964,21.127286221206
6.77728174603175,0.534818589435193,0.634653621066682,0.118816141404406,21.1276015586037
6.77738095238095,0.534774904280729,0.634613319499828,0.118759320049834,21.1279168657568
6.77748015873016,0.534731223368105,0.634573016585372,0.118702525774973,21.1282321426702
6.77757936507937,0.534687546696615,0.634532712325441,0.118645758567551,21.1285473893488
6.77767857142857,0.53464387426556,0.634492406722165,0.118589018415302,21.1288626057973
6.77777777777778,0.534600206074235,0.634452099777672,0.118532305305959,21.1291777920207
6.77787698412698,0.534556542121939,0.634411791494086,0.118475619227264,21.1294929480238
6.77797619047619,0.534512882407969,0.634371481873536,0.118418960166961,21.1298080738114
6.7780753968254,0.534469226931623,0.634331170918144,0.118362328112797,21.1301231693883
6.7781746031746,0.5344255756922,0.634290858630036,0.118305723052523,21.1304382347594
6.77827380952381,0.534381928688998,0.634250545011336,0.118249144973897,21.1307532699295
6.77837301587302,0.534338285921315,0.634210230064166,0.118192593864677,21.1310682749035
6.77847222222222,0.534294647388451,0.634169913790647,0.118136069712627,21.1313832496862
6.77857142857143,0.534251013089704,0.634129596192902,0.118079572505514,21.1316981942823
6.77867063492063,0.534207383024373,0.634089277273051,0.11802310223111,21.1320131086968
6.77876984126984,0.534163757191759,0.634048957033214,0.11796665887719,21.1323279929345
6.77886904761905,0.53412013559116,0.634008635475509,0.117910242431534,21.1326428470002
6.77896825396825,0.534076518221876,0.633968312602054,0.117853852881925,21.1329576708987
6.77906746031746,0.534032905083207,0.633927988414967,0.117797490216148,21.1332724646348
6.77916666666667,0.533989296174454,0.633887662916365,0.117741154421997,21.1335872282134
6.77926587301587,0.533945691494917,0.633847336108363,0.117684845487267,21.1339019616393
6.77936507936508,0.533902091043896,0.633807007993077,0.117628563399755,21.1342166649174
6.77946428571429,0.533858494820692,0.633766678572621,0.117572308147264,21.1345313380523
6.77956349206349,0.533814902824606,0.633726347849109,0.117516079717602,21.134845981049
6.7796626984127,0.533771315054939,0.633686015824652,0.11745987809858,21.1351605939123
6.77976190476191,0.533727731510993,0.633645682501364,0.117403703278011,21.135475176647
6.77986111111111,0.533684152192069,0.633605347881355,0.117347555243714,21.1357897292579
6.77996031746032,0.533640577097468,0.633565011966736,0.117291433983512,21.1361042517498
6.78005952380952,0.533597006226493,0.633524674759617,0.117235339485232,21.1364187441276
6.78015873015873,0.533553439578445,0.633484336262106,0.117179271736703,21.136733206396
6.78025793650794,0.533509877152627,0.633443996476312,0.117123230725761,21.1370476385599
6.78035714285714,0.533466318948342,0.633403655404343,0.117067216440242,21.137362040624
6.78045634920635,0.533422764964892,0.633363313048304,0.117011228867989,21.1376764125932
6.78055555555556,0.533379215201579,0.633322969410301,0.116955267996849,21.1379907544723
6.78065476190476,0.533335669657707,0.63328262449244,0.116899333814671,21.1383050662662
6.78075396825397,0.53329212833258,0.633242278296825,0.11684342630931,21.1386193479795
6.78085317460318,0.533248591225501,0.63320193082556,0.116787545468622,21.1389335996171
6.78095238095238,0.533205058335772,0.633161582080747,0.116731691280471,21.1392478211839
6.78105158730159,0.533161529662699,0.633121232064489,0.116675863732721,21.1395620126845
6.78115079365079,0.533118005205585,0.633080880778886,0.116620062813243,21.1398761741239
6.78125,0.533074484963735,0.63304052822604,0.116564288509909,21.1401903055069
6.78134920634921,0.533030968936452,0.633000174408049,0.116508540810597,21.1405044068381
6.78144841269841,0.532987457123041,0.632959819327013,0.11645281970319,21.1408184781224
6.78154761904762,0.532943949522808,0.63291946298503,0.116397125175571,21.1411325193647
6.78164682539682,0.532900446135056,0.632879105384197,0.116341457215631,21.1414465305697
6.78174603174603,0.532856946959092,0.632838746526611,0.116285815811263,21.1417605117422
6.78184523809524,0.532813451994221,0.632798386414368,0.116230200950363,21.142074462887
6.78194444444444,0.532769961239748,0.632758025049562,0.116174612620833,21.1423883840089
6.78204365079365,0.532726474694978,0.632717662434289,0.116119050810577,21.1427022751127
6.78214285714286,0.532682992359219,0.632677298570641,0.116063515507505,21.1430161362031
6.78224206349206,0.532639514231776,0.632636933460713,0.11600800669953,21.143329967285
6.78234126984127,0.532596040311956,0.632596567106595,0.115952524374569,21.1436437683632
6.78244047619048,0.532552570599064,0.632556199510378,0.115897068520542,21.1439575394425
6.78253968253968,0.532509105092408,0.632515830674154,0.115841639125373,21.1442712805275
6.78263888888889,0.532465643791294,0.632475460600012,0.115786236176992,21.1445849916232
6.78273809523809,0.532422186695031,0.632435089290041,0.11573085966333,21.1448986727343
6.7828373015873,0.532378733802924,0.632394716746329,0.115675509572325,21.1452123238656
6.78293650793651,0.532335285114282,0.632354342970963,0.115620185891916,21.1455259450218
6.78303571428571,0.532291840628412,0.632313967966031,0.115564888610048,21.1458395362078
6.78313492063492,0.532248400344622,0.632273591733618,0.115509617714669,21.1461530974283
6.78323412698413,0.53220496426222,0.632233214275809,0.115454373193731,21.1464666286881
6.78333333333333,0.532161532380515,0.632192835594688,0.115399155035191,21.146780129992
6.78343253968254,0.532118104698814,0.632152455692339,0.115343963227008,21.1470936013448
6.78353174603175,0.532074681216426,0.632112074570845,0.115288797757145,21.1474070427512
6.78363095238095,0.532031261932662,0.632071692232287,0.115233658613573,21.147720454216
6.78373015873016,0.531987846846828,0.632031308678748,0.115178545784261,21.1480338357439
6.78382936507937,0.531944435958236,0.631990923912307,0.115123459257185,21.1483471873399
6.78392857142857,0.531901029266193,0.631950537935045,0.115068399020326,21.1486605090086
6.78402777777778,0.53185762677001,0.63191015074904,0.115013365061667,21.1489738007547
6.78412698412698,0.531814228468997,0.63186976235637,0.114958357369195,21.1492870625832
6.78422619047619,0.531770834362463,0.631829372759113,0.114903375930902,21.1496002944986
6.7843253968254,0.531727444449718,0.631788981959345,0.114848420734782,21.1499134965059
6.7844246031746,0.531684058730074,0.631748589959143,0.114793491768837,21.1502266686097
6.78452380952381,0.53164067720284,0.631708196760581,0.114738589021067,21.1505398108149
6.78462301587302,0.531597299867328,0.631667802365733,0.114683712479482,21.1508529231261
6.78472222222222,0.531553926722849,0.631627406776674,0.114628862132091,21.1511660055482
6.78482142857143,0.531510557768712,0.631587009995476,0.11457403796691,21.151479058086
6.78492063492063,0.531467193004231,0.631546612024211,0.114519239971958,21.151792080744
6.78501984126984,0.531423832428716,0.631506212864949,0.114464468135256,21.1521050735273
6.78511904761905,0.531380476041479,0.631465812519763,0.114409722444834,21.1524180364404
6.78521825396825,0.531337123841833,0.631425410990722,0.114355002888721,21.1527309694882
6.78531746031746,0.531293775829088,0.631385008279894,0.114300309454951,21.1530438726754
6.78541666666667,0.531250432002559,0.631344604389347,0.114245642131564,21.1533567460067
6.78551587301587,0.531207092361556,0.63130419932115,0.114191000906601,21.1536695894869
6.78561507936508,0.531163756905394,0.631263793077368,0.11413638576811,21.1539824031209
6.78571428571429,0.531120425633384,0.631223385660068,0.114081796704141,21.1542951869132
6.78581349206349,0.531077098544839,0.631182977071315,0.114027233702747,21.1546079408687
6.7859126984127,0.531033775639074,0.631142567313172,0.113972696751987,21.1549206649921
6.7860119047619,0.530990456915402,0.631102156387704,0.113918185839924,21.1552333592882
6.78611111111111,0.530947142373135,0.631061744296973,0.113863700954623,21.1555460237616
6.78621031746032,0.530903832011589,0.631021331043042,0.113809242084154,21.1558586584173
6.78630952380952,0.530860525830077,0.630980916627971,0.113754809216592,21.1561712632598
6.78640873015873,0.530817223827913,0.630940501053821,0.113700402340013,21.156483838294
6.78650793650794,0.530773926004412,0.630900084322652,0.1136460214425,21.1567963835246
6.78660714285714,0.530730632358889,0.630859666436523,0.113591666512139,21.1571088989562
6.78670634920635,0.530687342890658,0.630819247397492,0.113537337537019,21.1574213845938
6.78680555555556,0.530644057599034,0.630778827207616,0.113483034505235,21.1577338404419
6.78690476190476,0.530600776483333,0.630738405868952,0.113428757404882,21.1580462665055
6.78700396825397,0.53055749954287,0.630697983383556,0.113374506224063,21.158358662789
6.78710317460317,0.53051422677696,0.630657559753483,0.113320280950884,21.1586710292974
6.78720238095238,0.53047095818492,0.630617134980787,0.113266081573453,21.1589833660354
6.78730158730159,0.530427693766065,0.630576709067522,0.113211908079883,21.1592956730076
6.78740079365079,0.530384433519712,0.630536282015741,0.113157760458292,21.1596079502188
6.7875,0.530341177445176,0.630495853827495,0.113103638696801,21.1599201976738
6.78759920634921,0.530297925541775,0.630455424504836,0.113049542783535,21.1602324153773
6.78769841269841,0.530254677808825,0.630414994049815,0.112995472706623,21.160544603334
6.78779761904762,0.530211434245644,0.630374562464481,0.112941428454197,21.1608567615486
6.78789682539682,0.530168194851547,0.630334129750883,0.112887410014395,21.1611688900259
6.78799603174603,0.530124959625853,0.630293695911068,0.112833417375356,21.1614809887705
6.78809523809524,0.53008172856788,0.630253260947086,0.112779450525227,21.1617930577873
6.78819444444444,0.530038501676944,0.630212824860982,0.112725509452155,21.1621050970809
6.78829365079365,0.529995278952365,0.630172387654803,0.112671594144293,21.162417106656
6.78839285714286,0.529952060393459,0.630131949330592,0.112617704589798,21.1627290865175
6.78849206349206,0.529908845999546,0.630091509890396,0.112563840776829,21.1630410366699
6.78859126984127,0.529865635769943,0.630051069336256,0.112510002693551,21.1633529571181
6.78869047619048,0.52982242970397,0.630010627670217,0.112456190328132,21.1636648478666
6.78878968253968,0.529779227800945,0.629970184894319,0.112402403668745,21.1639767089204
6.78888888888889,0.529736030060187,0.629929741010605,0.112348642703565,21.164288540284
6.78898809523809,0.529692836481016,0.629889296021115,0.112294907420772,21.1646003419622
6.7890873015873,0.529649647062752,0.629848849927888,0.112241197808551,21.1649121139597
6.78918650793651,0.529606461804713,0.629808402732964,0.112187513855089,21.1652238562812
6.78928571428571,0.529563280706219,0.62976795443838,0.112133855548578,21.1655355689314
6.78938492063492,0.529520103766592,0.629727505046174,0.112080222877213,21.165847251915
6.78948412698413,0.52947693098515,0.629687054558382,0.112026615829194,21.1661589052368
6.78958333333333,0.529433762361214,0.629646602977042,0.111973034392726,21.1664705289014
6.78968253968254,0.529390597894106,0.629606150304187,0.111919478556016,21.1667821229136
6.78978174603175,0.529347437583145,0.629565696541852,0.111865948307274,21.1670936872781
6.78988095238095,0.529304281427654,0.629525241692071,0.111812443634717,21.1674052219995
6.78998015873016,0.529261129426952,0.629484785756876,0.111758964526563,21.1677167270825
6.79007936507937,0.529217981580361,0.6294443287383,0.111705510971036,21.168028202532
6.79017857142857,0.529174837887204,0.629403870638373,0.111652082956363,21.1683396483525
6.79027777777778,0.529131698346801,0.629363411459127,0.111598680470774,21.1686510645488
6.79037698412698,0.529088562958475,0.62932295120259,0.111545303502506,21.1689624511256
6.79047619047619,0.529045431721548,0.629282489870792,0.111491952039797,21.1692738080875
6.7905753968254,0.529002304635342,0.629242027465762,0.11143862607089,21.1695851354393
6.7906746031746,0.52895918169918,0.629201563989525,0.111385325584031,21.1698964331857
6.79077380952381,0.528916062912385,0.62916109944411,0.111332050567471,21.1702077013313
6.79087301587302,0.528872948274278,0.629120633831542,0.111278801009466,21.1705189398808
6.79097222222222,0.528829837784184,0.629080167153845,0.111225576898272,21.1708301488391
6.79107142857143,0.528786731441427,0.629039699413046,0.111172378222154,21.1711413282106
6.79117063492064,0.528743629245329,0.628999230611166,0.111119204969377,21.1714524780002
6.79126984126984,0.528700531195214,0.628958760750229,0.111066057128212,21.1717635982125
6.79136904761905,0.528657437290406,0.628918289832257,0.111012934686934,21.1720746888522
6.79146825396825,0.528614347530229,0.628877817859271,0.11095983763382,21.1723857499239
6.79156746031746,0.528571261914008,0.628837344833292,0.110906765957152,21.1726967814325
6.79166666666667,0.528528180441066,0.628796870756339,0.110853719645217,21.1730077833825
6.79176587301587,0.528485103110729,0.628756395630431,0.110800698686305,21.1733187557787
6.79186507936508,0.528442029922322,0.628715919457587,0.110747703068709,21.1736296986257
6.79196428571429,0.528398960875169,0.628675442239824,0.110694732780727,21.1739406119282
6.79206349206349,0.528355895968596,0.628634963979158,0.110641787810662,21.1742514956908
6.7921626984127,0.528312835201928,0.628594484677605,0.110588868146818,21.1745623499184
6.7922619047619,0.528269778574491,0.628554004337182,0.110535973777506,21.1748731746155
6.79236111111111,0.528226726085611,0.628513522959901,0.11048310469104,21.1751839697868
6.79246031746032,0.528183677734613,0.628473040547776,0.110430260875735,21.175494735437
6.79255952380952,0.528140633520824,0.62843255710282,0.110377442319915,21.1758054715708
6.79265873015873,0.528097593443571,0.628392072627046,0.110324649011904,21.1761161781929
6.79275793650794,0.528054557502179,0.628351587122465,0.110271880940033,21.1764268553078
6.79285714285714,0.528011525695977,0.628311100591087,0.110219138092633,21.1767375029204
6.79295634920635,0.52796849802429,0.628270613034921,0.110166420458042,21.1770481210352
6.79305555555556,0.527925474486446,0.628230124455978,0.110113728024602,21.1773587096569
6.79315476190476,0.527882455081772,0.628189634856264,0.110061060780657,21.1776692687903
6.79325396825397,0.527839439809597,0.628149144237787,0.110008418714556,21.1779797984399
6.79335317460317,0.527796428669246,0.628108652602555,0.109955801814652,21.1782902986104
6.79345238095238,0.52775342166005,0.628068159952572,0.109903210069301,21.1786007693066
6.79355158730159,0.527710418781335,0.628027666289845,0.109850643466866,21.178911210533
6.79365079365079,0.52766742003243,0.627987171616377,0.109798101995709,21.1792216222943
6.79375,0.527624425412664,0.627946675934172,0.109745585644201,21.1795320045952
6.79384920634921,0.527581434921366,0.627906179245232,0.109693094400712,21.1798423574404
6.79394841269841,0.527538448557862,0.62786568155156,0.10964062825362,21.1801526808345
6.79404761904762,0.527495466321485,0.627825182855157,0.109588187191305,21.1804629747821
6.79414682539683,0.527452488211563,0.627784683158024,0.109535771202152,21.180773239288
6.79424603174603,0.527409514227425,0.62774418246216,0.109483380274548,21.1810834743567
6.79434523809524,0.5273665443684,0.627703680769565,0.109431014396887,21.181393679993
6.79444444444444,0.52732357863382,0.627663178082236,0.109378673557563,21.1817038562014
6.79454365079365,0.527280617023013,0.627622674402171,0.109326357744977,21.1820140029867
6.79464285714286,0.527237659535311,0.627582169731366,0.109274066947532,21.1823241203535
6.79474206349206,0.527194706170042,0.627541664071818,0.109221801153638,21.1826342083064
6.79484126984127,0.52715175692654,0.627501157425521,0.109169560351704,21.1829442668501
6.79494047619048,0.527108811804133,0.62746064979447,0.109117344530148,21.1832542959893
6.79503968253968,0.527065870802154,0.627420141180659,0.109065153677389,21.1835642957285
6.79513888888889,0.527022933919932,0.627379631586079,0.109012987781851,21.1838742660725
6.7952380952381,0.526980001156801,0.627339121012725,0.10896084683196,21.1841842070258
6.7953373015873,0.526937072512091,0.627298609462585,0.108908730816148,21.1844941185932
6.79543650793651,0.526894147985134,0.627258096937652,0.108856639722851,21.1848040007793
6.79553571428572,0.526851227575263,0.627217583439914,0.108804573540508,21.1851138535886
6.79563492063492,0.526808311281809,0.627177068971362,0.108752532257563,21.1854236770259
6.79573412698413,0.526765399104105,0.627136553533982,0.108700515862462,21.1857334710958
6.79583333333333,0.526722491041483,0.627096037129763,0.108648524343657,21.1860432358029
6.79593253968254,0.526679587093277,0.627055519760691,0.108596557689602,21.1863529711518
6.79603174603175,0.526636687258819,0.627015001428751,0.108544615888756,21.1866626771473
6.79613095238095,0.526593791537442,0.62697448213593,0.108492698929583,21.1869723537939
6.79623015873016,0.52655089992848,0.626933961884212,0.108440806800549,21.1872820010962
6.79632936507937,0.526508012431266,0.626893440675579,0.108388939490125,21.187591619059
6.79642857142857,0.526465129045134,0.626852918512015,0.108337096986786,21.1879012076868
6.79652777777778,0.526422249769418,0.626812395395502,0.108285279279009,21.1882107669842
6.79662698412698,0.526379374603453,0.626771871328021,0.108233486355278,21.188520296956
6.79672619047619,0.526336503546572,0.626731346311553,0.108181718204079,21.1888297976066
6.7968253968254,0.526293636598109,0.626690820348077,0.108129974813903,21.1891392689409
6.7969246031746,0.5262507737574,0.626650293439572,0.108078256173242,21.1894487109632
6.79702380952381,0.52620791502378,0.626609765588017,0.108026562270598,21.1897581236784
6.79712301587302,0.526165060396584,0.626569236795389,0.10797489309447,21.190067507091
6.79722222222222,0.526122209875147,0.626528707063665,0.107923248633365,21.1903768612057
6.79732142857143,0.526079363458804,0.62648817639482,0.107871628875794,21.190686186027
6.79742063492063,0.526036521146891,0.62644764479083,0.10782003381027,21.1909954815596
6.79751984126984,0.525993682938744,0.626407112253669,0.107768463425311,21.1913047478082
6.79761904761905,0.525950848833699,0.62636657878531,0.107716917709438,21.1916139847772
6.79771825396825,0.525908018831093,0.626326044387727,0.107665396651179,21.1919231924714
6.79781746031746,0.525865192930261,0.626285509062891,0.107613900239061,21.1922323708953
6.79791666666667,0.525822371130541,0.626244972812774,0.107562428461619,21.1925415200537
6.79801587301587,0.525779553431269,0.626204435639346,0.107510981307391,21.192850639951
6.79811507936508,0.525736739831782,0.626163897544578,0.107459558764917,21.1931597305919
6.79821428571428,0.525693930331418,0.626123358530437,0.107408160822743,21.193468791981
6.79831349206349,0.525651124929514,0.626082818598892,0.107356787469419,21.193777824123
6.7984126984127,0.525608323625406,0.62604227775191,0.107305438693496,21.1940868270224
6.7985119047619,0.525565526418435,0.626001735991459,0.107254114483535,21.1943958006838
6.79861111111111,0.525522733307937,0.625961193319505,0.107202814828094,21.1947047451119
6.79871031746032,0.52547994429325,0.625920649738011,0.107151539715739,21.1950136603113
6.79880952380952,0.525437159373713,0.625880105248943,0.107100289135038,21.1953225462865
6.79890873015873,0.525394378548665,0.625839559854265,0.107049063074566,21.1956314030421
6.79900793650794,0.525351601817444,0.625799013555938,0.106997861522898,21.1959402305829
6.79910714285714,0.525308829179389,0.625758466355925,0.106946684468615,21.1962490289133
6.79920634920635,0.525266060633839,0.625717918256188,0.106895531900302,21.196557798038
6.79930555555556,0.525223296180134,0.625677369258687,0.106844403806548,21.1968665379616
6.79940476190476,0.525180535817614,0.625636819365381,0.106793300175944,21.1971752486886
6.79950396825397,0.525137779545617,0.62559626857823,0.106742220997088,21.1974839302237
6.79960317460317,0.525095027363484,0.625555716899191,0.10669116625858,21.1977925825715
6.79970238095238,0.525052279270555,0.625515164330223,0.106640135949024,21.1981012057365
6.79980158730159,0.525009535266171,0.625474610873282,0.106589130057029,21.1984097997234
6.79990079365079,0.52496679534967,0.625434056530322,0.106538148571205,21.1987183645367
6.8,0.524924059520396,0.625393501303302,0.10648719148017,21.1990269001811
6.80009920634921,0.524881327777688,0.625352945194173,0.106436258772544,21.199335406661
6.80019841269841,0.524838600120888,0.625312388204891,0.106385350436951,21.1996438839813
6.80029761904762,0.524795876549336,0.625271830337407,0.106334466462018,21.1999523321463
6.80039682539683,0.524753157062374,0.625231271593674,0.106283606836377,21.2002607511607
6.80049603174603,0.524710441659345,0.625190711975642,0.106232771548665,21.2005691410291
6.80059523809524,0.524667730339589,0.625150151485264,0.10618196058752,21.2008775017561
6.80069444444444,0.524625023102449,0.625109590124487,0.106131173941586,21.2011858333462
6.80079365079365,0.524582319947267,0.625069027895262,0.106080411599511,21.2014941358041
6.80089285714286,0.524539620873385,0.625028464799537,0.106029673549946,21.2018024091342
6.80099206349206,0.524496925880147,0.624987900839258,0.105978959781546,21.2021106533413
6.80109126984127,0.524454234966894,0.624947336016372,0.105928270282972,21.2024188684299
6.80119047619048,0.52441154813297,0.624906770332826,0.105877605042885,21.2027270544045
6.80128968253968,0.524368865377719,0.624866203790565,0.105826964049954,21.2030352112697
6.80138888888889,0.524326186700482,0.624825636391532,0.105776347292848,21.2033433390302
6.8014880952381,0.524283512100605,0.624785068137673,0.105725754760245,21.2036514376904
6.8015873015873,0.524240841577431,0.624744499030928,0.105675186440822,21.203959507255
6.80168650793651,0.524198175130304,0.624703929073241,0.105624642323262,21.2042675477286
6.80178571428571,0.524155512758568,0.624663358266553,0.105574122396251,21.2045755591156
6.80188492063492,0.524112854461567,0.624622786612803,0.105523626648482,21.2048835414207
6.80198412698413,0.524070200238646,0.624582214113933,0.105473155068648,21.2051914946485
6.80208333333333,0.52402755008915,0.624541640771881,0.105422707645448,21.2054994188035
6.80218253968254,0.523984904012424,0.624501066588585,0.105372284367584,21.2058073138903
6.80228174603175,0.523942262007812,0.624460491565982,0.105321885223764,21.2061151799134
6.80238095238095,0.523899624074661,0.62441991570601,0.105271510202696,21.2064230168774
6.80248015873016,0.523856990212315,0.624379339010604,0.105221159293097,21.2067308247869
6.80257936507936,0.52381436042012,0.624338761481699,0.105170832483683,21.2070386036465
6.80267857142857,0.523771734697423,0.62429818312123,0.105120529763177,21.2073463534606
6.80277777777778,0.523729113043569,0.62425760393113,0.105070251120305,21.207654074234
6.80287698412698,0.523686495457905,0.624217023913331,0.105019996543797,21.207961765971
6.80297619047619,0.523643881939777,0.624176443069767,0.104969766022387,21.2082694286764
6.8030753968254,0.523601272488531,0.624135861402369,0.104919559544813,21.2085770623545
6.8031746031746,0.523558667103516,0.624095278913067,0.104869377099817,21.2088846670101
6.80327380952381,0.523516065784077,0.62405469560379,0.104819218676145,21.2091922426477
6.80337301587302,0.523473468529563,0.624014111476468,0.104769084262545,21.2094997892717
6.80347222222222,0.52343087533932,0.623973526533029,0.104718973847773,21.2098073068868
6.80357142857143,0.523388286212696,0.6239329407754,0.104668887420584,21.2101147954975
6.80367063492063,0.523345701149039,0.623892354205508,0.104618824969742,21.2104222551084
6.80376984126984,0.523303120147697,0.623851766825279,0.10456878648401,21.210729685724
6.80386904761905,0.523260543208018,0.623811178636637,0.104518771952159,21.2110370873489
6.80396825396825,0.523217970329351,0.623770589641509,0.104468781362961,21.2113444599876
6.80406746031746,0.523175401511044,0.623729999841816,0.104418814705194,21.2116518036446
6.80416666666667,0.523132836752446,0.623689409239482,0.104368871967639,21.2119591183246
6.80426587301587,0.523090276052906,0.623648817836429,0.104318953139081,21.2122664040319
6.80436507936508,0.523047719411773,0.623608225634578,0.104269058208308,21.2125736607713
6.80446428571429,0.523005166828397,0.62356763263585,0.104219187164115,21.2128808885473
6.80456349206349,0.522962618302128,0.623527038842164,0.104169339995296,21.2131880873643
6.8046626984127,0.522920073832314,0.62348644425544,0.104119516690655,21.2134952572269
6.80476190476191,0.522877533418306,0.623445848877595,0.104069717238994,21.2138023981396
6.80486111111111,0.522834997059454,0.623405252710548,0.104019941629122,21.2141095101071
6.80496031746032,0.522792464755109,0.623364655756214,0.103970189849853,21.2144165931338
6.80505952380952,0.522749936504621,0.62332405801651,0.103920461890002,21.2147236472242
6.80515873015873,0.522707412307341,0.623283459493351,0.10387075773839,21.215030672383
6.80525793650794,0.522664892162619,0.62324286018865,0.103821077383841,21.2153376686146
6.80535714285714,0.522622376069807,0.623202260104323,0.103771420815184,21.2156446359235
6.80545634920635,0.522579864028256,0.623161659242281,0.10372178802125,21.2159515743144
6.80555555555556,0.522537356037317,0.623121057604437,0.103672178990876,21.2162584837917
6.80565476190476,0.522494852096343,0.623080455192702,0.103622593712901,21.2165653643599
6.80575396825397,0.522452352204685,0.623039852008986,0.103573032176171,21.2168722160236
6.80585317460318,0.522409856361695,0.622999248055199,0.103523494369531,21.2171790387874
6.80595238095238,0.522367364566726,0.622958643333251,0.103473980281835,21.2174858326556
6.80605158730159,0.52232487681913,0.622918037845049,0.103424489901938,21.2177925976329
6.80615079365079,0.52228239311826,0.622877431592501,0.103375023218699,21.2180993337238
6.80625,0.522239913463468,0.622836824577514,0.103325580220983,21.2184060409329
6.80634920634921,0.522197437854107,0.622796216801993,0.103276160897657,21.2187127192645
6.80644841269841,0.522154966289532,0.622755608267843,0.103226765237592,21.2190193687233
6.80654761904762,0.522112498769095,0.62271499897697,0.103177393229664,21.2193259893138
6.80664682539683,0.52207003529215,0.622674388931276,0.103128044862752,21.2196325810404
6.80674603174603,0.52202757585805,0.622633778132665,0.103078720125739,21.2199391439077
6.80684523809524,0.52198512046615,0.622593166583038,0.103029419007513,21.2202456779203
6.80694444444444,0.521942669115804,0.622552554284297,0.102980141496963,21.2205521830826
6.80704365079365,0.521900221806367,0.622511941238342,0.102930887582987,21.2208586593991
6.80714285714286,0.521857778537192,0.622471327447073,0.102881657254482,21.2211651068744
6.80724206349206,0.521815339307636,0.622430712912389,0.102832450500351,21.221471525513
6.80734126984127,0.521772904117051,0.622390097636188,0.102783267309501,21.2217779153194
6.80744047619048,0.521730472964795,0.622349481620369,0.102734107670843,21.222084276298
6.80753968253968,0.521688045850222,0.622308864866826,0.102684971573291,21.2223906084534
6.80763888888889,0.521645622772688,0.622268247377457,0.102635859005765,21.2226969117902
6.8077380952381,0.521603203731548,0.622227629154156,0.102586769957187,21.2230031863127
6.8078373015873,0.521560788726159,0.622187010198819,0.102537704416483,21.2233094320256
6.80793650793651,0.521518377755877,0.622146390513337,0.102488662372583,21.2236156489332
6.80803571428571,0.521475970820057,0.622105770099605,0.102439643814422,21.2239218370402
6.80813492063492,0.521433567918058,0.622065148959514,0.102390648730938,21.2242279963511
6.80823412698413,0.521391169049234,0.622024527094956,0.102341677111073,21.2245341268702
6.80833333333333,0.521348774212943,0.621983904507821,0.102292728943774,21.2248402286022
6.80843253968254,0.521306383408543,0.621943281199999,0.102243804217989,21.2251463015514
6.80853174603175,0.521263996635391,0.621902657173379,0.102194902922675,21.2254523457225
6.80863095238095,0.521221613892843,0.621862032429848,0.102146025046787,21.2257583611199
6.80873015873016,0.521179235180258,0.621821406971296,0.102097170579288,21.2260643477481
6.80882936507937,0.521136860496993,0.621780780799607,0.102048339509144,21.2263703056117
6.80892857142857,0.521094489842407,0.621740153916669,0.101999531825324,21.226676234715
6.80902777777778,0.521052123215859,0.621699526324366,0.101950747516802,21.2269821350626
6.80912698412698,0.521009760616705,0.621658898024583,0.101901986572556,21.2272880066589
6.80922619047619,0.520967402044306,0.621618269019203,0.101853248981567,21.2275938495086
6.8093253968254,0.52092504749802,0.621577639310109,0.101804534732821,21.2278996636159
6.8094246031746,0.520882696977205,0.621537008899184,0.101755843815305,21.2282054489855
6.80952380952381,0.520840350481222,0.621496377788308,0.101707176218015,21.2285112056219
6.80962301587302,0.520798008009429,0.621455745979362,0.101658531929947,21.2288169335294
6.80972222222222,0.520755669561187,0.621415113474226,0.101609910940102,21.2291226327127
6.80982142857143,0.520713335135854,0.621374480274779,0.101561313237485,21.2294283031761
6.80992063492063,0.520671004732791,0.621333846382898,0.101512738811106,21.2297339449242
6.81001984126984,0.520628678351359,0.621293211800462,0.101464187649976,21.2300395579614
6.81011904761905,0.520586355990917,0.621252576529348,0.101415659743113,21.2303451422922
6.81021825396825,0.520544037650826,0.62121194057143,0.101367155079538,21.2306506979212
6.81031746031746,0.520501723330447,0.621171303928584,0.101318673648274,21.2309562248527
6.81041666666667,0.520459413029141,0.621130666602685,0.101270215438352,21.2312617230912
6.81051587301587,0.520417106746269,0.621090028595607,0.101221780438804,21.2315671926413
6.81061507936508,0.520374804481193,0.621049389909221,0.101173368638665,21.2318726335074
6.81071428571429,0.520332506233273,0.621008750545401,0.101124980026976,21.2321780456939
6.81081349206349,0.520290212001872,0.620968110506017,0.101076614592782,21.2324834292054
6.8109126984127,0.520247921786352,0.62092746979294,0.101028272325131,21.2327887840462
6.81101190476191,0.520205635586074,0.620886828408039,0.100979953213074,21.233094110221
6.81111111111111,0.520163353400402,0.620846186353185,0.100931657245669,21.2333994077341
6.81121031746032,0.520121075228697,0.620805543630244,0.100883384411974,21.2337046765901
6.81130952380952,0.520078801070322,0.620764900241085,0.100835134701055,21.2340099167933
6.81140873015873,0.52003653092464,0.620724256187574,0.100786908101979,21.2343151283482
6.81150793650794,0.519994264791015,0.620683611471576,0.100738704603817,21.2346203112594
6.81160714285714,0.519952002668809,0.620642966094958,0.100690524195646,21.2349254655313
6.81170634920635,0.519909744557386,0.620602320059584,0.100642366866545,21.2352305911682
6.81180555555556,0.51986749045611,0.620561673367316,0.100594232605597,21.2355356881748
6.81190476190476,0.519825240364344,0.620521026020019,0.10054612140189,21.2358407565554
6.81200396825397,0.519782994281453,0.620480378019553,0.100498033244517,21.2361457963146
6.81210317460318,0.519740752206801,0.620439729367781,0.100449968122572,21.2364508074567
6.81220238095238,0.519698514139752,0.620399080066564,0.100401926025154,21.2367557899862
6.81230158730159,0.519656280079671,0.620358430117759,0.100353906941367,21.2370607439076
6.81240079365079,0.519614050025923,0.620317779523228,0.100305910860317,21.2373656692254
6.8125,0.519571823977872,0.620277128284827,0.100257937771117,21.2376705659439
6.81259920634921,0.519529601934885,0.620236476404414,0.10020998766288,21.2379754340677
6.81269841269841,0.519487383896325,0.620195823883847,0.100162060524727,21.2382802736012
6.81279761904762,0.51944516986156,0.620155170724981,0.100114156345779,21.2385850845488
6.81289682539682,0.519402959829954,0.620114516929671,0.100066275115164,21.238889866915
6.81299603174603,0.519360753800875,0.620073862499771,0.100018416822012,21.2391946207042
6.81309523809524,0.519318551773687,0.620033207437135,0.0999705814554581,21.2394993459209
6.81319444444444,0.519276353747757,0.619992551743617,0.099922769004641,21.2398040425696
6.81329365079365,0.519234159722452,0.619951895421067,0.0998749794587024,21.2401087106546
6.81339285714286,0.519191969697139,0.619911238471337,0.09982721280679,21.2404133501804
6.81349206349206,0.519149783671184,0.619870580896279,0.0997794690380537,21.2407179611515
6.81359126984127,0.519107601643955,0.619829922697741,0.0997317481416477,21.2410225435722
6.81369047619048,0.519065423614819,0.619789263877573,0.0996840501067302,21.2413270974471
6.81378968253968,0.519023249583144,0.619748604437623,0.0996363749224635,21.2416316227806
6.81388888888889,0.518981079548297,0.619707944379739,0.0995887225780137,21.2419361195771
6.81398809523809,0.518938913509646,0.619667283705766,0.0995410930625507,21.242240587841
6.8140873015873,0.51889675146656,0.619626622417551,0.0994934863652485,21.2425450275769
6.81418650793651,0.518854593418406,0.61958596051694,0.0994459024752851,21.242849438789
6.81428571428571,0.518812439364553,0.619545298005776,0.0993983413818422,21.2431538214819
6.81438492063492,0.51877028930437,0.619504634885903,0.0993508030741055,21.2434581756599
6.81448412698413,0.518728143237226,0.619463971159164,0.0993032875412649,21.2437625013276
6.81458333333333,0.518686001162489,0.619423306827401,0.0992557947725138,21.2440667984893
6.81468253968254,0.518643863079529,0.619382641892455,0.0992083247570497,21.2443710671495
6.81478174603175,0.518601728987716,0.619341976356167,0.0991608774840736,21.2446753073125
6.81488095238095,0.518559598886419,0.619301310220377,0.0991134529427921,21.2449795189829
6.81498015873016,0.518517472775008,0.619260643486924,0.0990660511224138,21.2452837021651
6.81507936507937,0.518475350652853,0.619219976157646,0.099018672012152,21.2455878568634
6.81517857142857,0.518433232519324,0.61917930823438,0.0989713156012239,21.2458919830823
6.81527777777778,0.518391118373792,0.619138639718963,0.0989239818788505,21.2461960808262
6.81537698412698,0.518349008215627,0.619097970613231,0.098876670834257,21.2465001500996
6.81547619047619,0.5183069020442,0.61905730091902,0.0988293824566722,21.2468041909068
6.8155753968254,0.518264799858882,0.619016630638163,0.0987821167353291,21.2471082032523
6.8156746031746,0.518222701659045,0.618975959772494,0.0987348736594645,21.2474121871404
6.81577380952381,0.518180607444059,0.618935288323846,0.098687653218319,21.2477161425757
6.81587301587302,0.518138517213296,0.618894616294051,0.0986404554011375,21.2480200695625
6.81597222222222,0.518096430966129,0.618853943684941,0.0985932801971685,21.2483239681053
6.81607142857143,0.518054348701928,0.618813270498345,0.0985461275956645,21.2486278382084
6.81617063492063,0.518012270420067,0.618772596736095,0.098498997585882,21.2489316798762
6.81626984126984,0.517970196119916,0.618731922400017,0.0984518901570807,21.2492354931133
6.81636904761905,0.517928125800851,0.618691247491942,0.0984048052985263,21.2495392779239
6.81646825396825,0.517886059462242,0.618650572013697,0.0983577429994863,21.2498430343125
6.81656746031746,0.517843997103462,0.618609895967107,0.098310703249233,21.2501467622835
6.81666666666667,0.517801938723886,0.618569219354,0.0982636860370423,21.2504504618413
6.81676587301587,0.517759884322886,0.6185285421762,0.0982166913521945,21.2507541329903
6.81686507936508,0.517717833899835,0.618487864435532,0.0981697191839733,21.251057775735
6.81696428571429,0.517675787454108,0.618447186133819,0.0981227695216668,21.2513613900796
6.81706349206349,0.517633744985078,0.618406507272883,0.0980758423545667,21.2516649760287
6.8171626984127,0.51759170649212,0.618365827854549,0.0980289376719688,21.2519685335866
6.8172619047619,0.517549671974607,0.618325147880635,0.0979820554631727,21.2522720627577
6.81736111111111,0.517507641431915,0.618284467352964,0.0979351957174821,21.2525755635464
6.81746031746032,0.517465614863417,0.618243786273354,0.0978883584242045,21.2528790359572
6.81755952380952,0.517423592268489,0.618203104643626,0.0978415435726513,21.2531824799943
6.81765873015873,0.517381573646505,0.618162422465596,0.097794751152138,21.2534858956623
6.81775793650794,0.517339558996841,0.618121739741083,0.0977479811519832,21.2537892829655
6.81785714285714,0.517297548318873,0.618081056471903,0.0977012335615115,21.2540926419082
6.81795634920635,0.517255541611977,0.618040372659872,0.0976545083700494,21.254395972495
6.81805555555556,0.517213538875527,0.617999688306806,0.0976078055669279,21.2546992747301
6.81815476190476,0.5171715401089,0.617959003414518,0.0975611251414822,21.255002548618
6.81825396825397,0.517129545311472,0.617918317984823,0.0975144670830512,21.255305794163
6.81835317460317,0.517087554482619,0.617877632019533,0.0974678313809778,21.2556090113696
6.81845238095238,0.517045567621719,0.61783694552046,0.0974212180246088,21.2559122002422
6.81855158730159,0.517003584728148,0.617796258489416,0.0973746270032949,21.256215360785
6.81865079365079,0.516961605801283,0.617755570928211,0.0973280583063909,21.2565184930025
6.81875,0.516919630840501,0.617714882838655,0.0972815119232553,21.2568215968991
6.81884920634921,0.516877659845179,0.617674194222557,0.0972349878432507,21.2571246724792
6.81894841269841,0.516835692814695,0.617633505081725,0.0971884860557435,21.2574277197472
6.81904761904762,0.516793729748427,0.617592815417967,0.0971420065501042,21.2577307387073
6.81914682539682,0.516751770645753,0.617552125233089,0.097095549315707,21.2580337293641
6.81924603174603,0.516709815506051,0.617511434528897,0.0970491143419296,21.2583366917218
6.81934523809524,0.516667864328699,0.617470743307197,0.0970027016181554,21.2586396257849
6.81944444444444,0.516625917113076,0.617430051569793,0.0969563111337699,21.2589425315577
6.81954365079365,0.51658397385856,0.617389359318489,0.0969099428781632,21.2592454090447
6.81964285714286,0.516542034564531,0.617348666555086,0.0968635968407291,21.2595482582501
6.81974206349206,0.516500099230367,0.617307973281388,0.0968172730108656,21.2598510791784
6.81984126984127,0.516458167855448,0.617267279499196,0.0967709713779745,21.2601538718339
6.81994047619048,0.516416240439154,0.617226585210311,0.0967246919314615,21.260456636221
6.82003968253968,0.516374316980863,0.617185890416531,0.0966784346607364,21.260759372344
6.82013888888889,0.516332397479957,0.617145195119656,0.0966321995552127,21.2610620802074
6.82023809523809,0.516290481935814,0.617104499321485,0.096585986604308,21.2613647598155
6.8203373015873,0.516248570347816,0.617063803023815,0.0965397957974438,21.2616674111726
6.82043650793651,0.516206662715342,0.617023106228442,0.0964936271240454,21.2619700342832
6.82053571428571,0.516164759037774,0.616982408937162,0.0964474805735421,21.2622726291516
6.82063492063492,0.516122859314492,0.616941711151772,0.0964013561353673,21.2625751957821
6.82073412698413,0.516080963544877,0.616901012874063,0.0963552537989574,21.2628777341791
6.82083333333333,0.51603907172831,0.616860314105832,0.0963091735537549,21.263180244347
6.82093253968254,0.515997183864174,0.616819614848871,0.096263115389204,21.2634827262901
6.82103174603175,0.515955299951849,0.616778915104971,0.096217079294754,21.2637851800128
6.82113095238095,0.515913419990718,0.616738214875924,0.0961710652598574,21.2640876055195
6.82123015873016,0.515871543980162,0.61669751416352,0.0961250732739713,21.2643900028145
6.82132936507937,0.515829671919563,0.61665681296955,0.0960791033265564,21.2646923719021
6.82142857142857,0.515787803808305,0.616616111295802,0.0960331554070774,21.2649947127867
6.82152777777778,0.515745939645769,0.616575409144065,0.0959872295050028,21.2652970254727
6.82162698412698,0.515704079431338,0.616534706516126,0.0959413256098052,21.2655993099644
6.82172619047619,0.515662223164395,0.616494003413771,0.095895443710961,21.2659015662662
6.8218253968254,0.515620370844324,0.616453299838787,0.0958495837979507,21.2662037943824
6.8219246031746,0.515578522470508,0.616412595792959,0.0958037458602587,21.2665059943173
6.82202380952381,0.51553667804233,0.616371891278071,0.095757929887373,21.2668081660754
6.82212301587302,0.515494837559175,0.616331186295907,0.095712135868786,21.2671103096609
6.82222222222222,0.515453001020424,0.616290480848249,0.0956663637939931,21.2674124250781
6.82232142857143,0.515411168425465,0.616249774936881,0.0956206136524955,21.2677145123316
6.82242063492064,0.51536933977368,0.616209068563583,0.0955748854337967,21.2680165714255
6.82251984126984,0.515327515064454,0.616168361730135,0.0955291791274046,21.2683186023642
6.82261904761905,0.515285694297172,0.616127654438318,0.0954834947228309,21.2686206051521
6.82271825396825,0.515243877471218,0.61608694668991,0.0954378322095914,21.2689225797935
6.82281746031746,0.515202064585978,0.616046238486691,0.0953921915772058,21.2692245262927
6.82291666666667,0.515160255640837,0.616005529830436,0.0953465728151977,21.2695264446542
6.82301587301587,0.51511845063518,0.615964820722923,0.0953009759130946,21.2698283348821
6.82311507936508,0.515076649568394,0.615924111165929,0.0952554008604281,21.2701301969809
6.82321428571429,0.515034852439864,0.615883401161227,0.0952098476467334,21.2704320309548
6.82331349206349,0.514993059248976,0.615842690710593,0.09516431626155,21.2707338368083
6.8234126984127,0.514951269995116,0.6158019798158,0.0951188066944211,21.2710356145456
6.8235119047619,0.514909484677671,0.615761268478621,0.0950733189348938,21.271337364171
6.82361111111111,0.514867703296027,0.615720556700828,0.0950278529725193,21.271639085689
6.82371031746032,0.514825925849571,0.615679844484192,0.094982408796852,21.2719407791038
6.82380952380952,0.514784152337691,0.615639131830484,0.0949369863974522,21.2722424444198
6.82390873015873,0.514742382759773,0.615598418741474,0.094891585763882,21.2725440816412
6.82400793650794,0.514700617115206,0.615557705218931,0.0948462068857083,21.2728456907725
6.82410714285714,0.514658855403376,0.615516991264623,0.0948008497525019,21.2731472718179
6.82420634920635,0.514617097623671,0.615476276880317,0.0947555143538374,21.2734488247817
6.82430555555556,0.514575343775479,0.615435562067781,0.0947102006792935,21.2737503496683
6.82440476190476,0.514533593858189,0.61539484682878,0.0946649087184527,21.274051846482
6.82450396825397,0.514491847871189,0.615354131165079,0.0946196384609015,21.2743533152271
6.82460317460317,0.514450105813867,0.615313415078443,0.0945743898962303,21.274654755908
6.82470238095238,0.514408367685612,0.615272698570635,0.0945291630140333,21.2749561685289
6.82480158730159,0.514366633485814,0.615231981643418,0.0944839578039089,21.2752575530941
6.82490079365079,0.514324903213861,0.615191264298555,0.0944387742554592,21.2755589096081
6.825,0.514283176869142,0.615150546537807,0.0943936123582904,21.275860238075
6.82509920634921,0.514241454451048,0.615109828362933,0.0943484721020125,21.2761615384992
6.82519841269841,0.514199735958967,0.615069109775695,0.0943033534762388,21.2764628108851
6.82529761904762,0.51415802139229,0.61502839077785,0.0942582564705885,21.2767640552369
6.82539682539683,0.514116310750408,0.614987671371159,0.0942131810746828,21.2770652715589
6.82549603174603,0.514074604032709,0.614946951557377,0.0941681272781474,21.2773664598554
6.82559523809524,0.514032901238586,0.614906231338261,0.094123095070612,21.2776676201308
6.82569444444444,0.513991202367427,0.614865510715568,0.0940780844417103,21.2779687523894
6.82579365079365,0.513949507418626,0.614824789691052,0.0940330953810798,21.2782698566354
6.82589285714286,0.513907816391571,0.614784068266469,0.0939881278783619,21.2785709328732
6.82599206349206,0.513866129285655,0.614743346443571,0.0939431819232021,21.278871981107
6.82609126984127,0.51382444610027,0.614702624224112,0.0938982575052496,21.2791730013412
6.82619047619048,0.513782766834806,0.614661901609843,0.0938533546141578,21.2794739935801
6.82628968253968,0.513741091488655,0.614621178602517,0.0938084732395839,21.2797749578279
6.82638888888889,0.513699420061211,0.614580455203883,0.0937636133711888,21.280075894089
6.8264880952381,0.513657752551864,0.614539731415691,0.0937187749986377,21.2803768023677
6.8265873015873,0.513616088960008,0.614499007239691,0.0936739581115996,21.2806776826682
6.82668650793651,0.513574429285034,0.61445828267763,0.0936291626997468,21.2809785349949
6.82678571428572,0.513532773526337,0.614417557731256,0.0935843887527572,21.281279359352
6.82688492063492,0.513491121683308,0.614376832402316,0.0935396362603111,21.2815801557439
6.82698412698413,0.513449473755341,0.614336106692556,0.093494905212093,21.2818809241748
6.82708333333333,0.51340782974183,0.614295380603721,0.0934501955977917,21.282181664649
6.82718253968254,0.513366189642168,0.614254654137556,0.0934055074070998,21.2824823771708
6.82728174603175,0.513324553455749,0.614213927295803,0.0933608406297135,21.2827830617445
6.82738095238095,0.513282921181966,0.614173200080207,0.0933161952553334,21.2830837183744
6.82748015873016,0.513241292820214,0.614132472492508,0.0932715712736639,21.2833843470648
6.82757936507937,0.513199668369888,0.614091744534449,0.093226968674413,21.2836849478199
6.82767857142857,0.513158047830381,0.614051016207769,0.0931823874472931,21.2839855206441
6.82777777777778,0.513116431201089,0.614010287514209,0.0931378275820202,21.2842860655416
6.82787698412698,0.513074818481406,0.613969558455508,0.0930932890683144,21.2845865825167
6.82797619047619,0.513033209670729,0.613928829033404,0.0930487718958997,21.2848870715737
6.8280753968254,0.512991604768451,0.613888099249635,0.093004276054504,21.2851875327168
6.8281746031746,0.512950003773968,0.613847369105936,0.0929598015338584,21.2854879659504
6.82827380952381,0.512908406686676,0.613806638604045,0.0929153483237,21.2857883712786
6.82837301587302,0.512866813505972,0.613765907745696,0.0928709164137678,21.2860887487059
6.82847222222222,0.512825224231252,0.613725176532623,0.0928265057938055,21.2863890982365
6.82857142857143,0.51278363886191,0.613684444966562,0.0927821164535606,21.2866894198746
6.82867063492063,0.512742057397345,0.613643713049243,0.0927377483827846,21.2869897136245
6.82876984126984,0.512700479836952,0.6136029807824,0.0926934015712328,21.2872899794905
6.82886904761905,0.512658906180129,0.613562248167764,0.0926490760086647,21.2875902174768
6.82896825396825,0.512617336426272,0.613521515207064,0.0926047716848434,21.2878904275878
6.82906746031746,0.51257577057478,0.613480781902032,0.0925604885895362,21.2881906098277
6.82916666666667,0.512534208625048,0.613440048254396,0.0925162267125142,21.2884907642007
6.82926587301587,0.512492650576476,0.613399314265885,0.0924719860435523,21.2887908907111
6.82936507936508,0.51245109642846,0.613358579938225,0.0924277665724297,21.2890909893633
6.82946428571428,0.512409546180399,0.613317845273144,0.0923835682889292,21.2893910601614
6.82956349206349,0.512367999831692,0.613277110272367,0.0923393911828376,21.2896911031097
6.8296626984127,0.512326457381735,0.61323637493762,0.0922952352439451,21.2899911182125
6.8297619047619,0.512284918829928,0.613195639270627,0.0922511004620475,21.2902911054741
6.82986111111111,0.512243384175671,0.613154903273112,0.092206986826943,21.2905910648986
6.82996031746032,0.512201853418361,0.613114166946798,0.092162894328434,21.2908909964904
6.83005952380952,0.512160326557399,0.613073430293406,0.092118822956327,21.2911909002537
6.83015873015873,0.512118803592183,0.613032693314659,0.0920747727004325,21.2914907761928
6.83025793650794,0.512077284522113,0.612991956012276,0.0920307435505647,21.2917906243119
6.83035714285714,0.512035769346588,0.612951218387978,0.0919867354965419,21.2920904446153
6.83045634920635,0.511994258065009,0.612910480443483,0.0919427485281863,21.2923902371072
6.83055555555556,0.511952750676777,0.61286974218051,0.091898782635324,21.2926900017919
6.83065476190476,0.51191124718129,0.612829003600776,0.0918548378077851,21.2929897386736
6.83075396825397,0.51186974757795,0.612788264705999,0.0918109140354036,21.2932894477567
6.83085317460317,0.511828251866158,0.612747525497893,0.0917670113080173,21.2935891290452
6.83095238095238,0.511786760045314,0.612706785978175,0.091723129615468,21.2938887825435
6.83105158730159,0.511745272114819,0.612666046148558,0.0916792689476017,21.2941884082559
6.83115079365079,0.511703788074075,0.612625306010755,0.0916354292942672,21.2944880061865
6.83125,0.511662307922484,0.612584565566482,0.0915916106453195,21.2947875763397
6.83134920634921,0.511620831659446,0.612543824817448,0.0915478129906155,21.2950871187196
6.83144841269841,0.511579359284365,0.612503083765366,0.0915040363200167,21.2953866333305
6.83154761904762,0.511537890796642,0.612462342411947,0.0914602806233885,21.2956861201766
6.83164682539683,0.511496426195679,0.612421600758899,0.0914165458906002,21.2959855792622
6.83174603174603,0.511454965480878,0.612380858807932,0.091372832111525,21.2962850105916
6.83184523809524,0.511413508651643,0.612340116560754,0.0913291392760403,21.2965844141689
6.83194444444444,0.511372055707377,0.612299374019074,0.091285467374027,21.2968837899983
6.83204365079365,0.511330606647481,0.612258631184596,0.0912418163953703,21.2971831380842
6.83214285714286,0.511289161471361,0.612217888059028,0.091198186329959,21.2974824584308
6.83224206349206,0.511247720178418,0.612177144644075,0.0911545771676862,21.2977817510423
6.83234126984127,0.511206282768057,0.612136400941441,0.0911109888984487,21.2980810159229
6.83244047619048,0.511164849239681,0.612095656952829,0.0910674215121471,21.2983802530768
6.83253968253968,0.511123419592694,0.612054912679943,0.0910238749986863,21.2986794625083
6.83263888888889,0.511081993826501,0.612014168124484,0.0909803493479742,21.2989786442216
6.8327380952381,0.511040571940506,0.611973423288155,0.0909368445499246,21.299277798221
6.8328373015873,0.510999153934114,0.611932678172655,0.0908933605944534,21.2995769245107
6.83293650793651,0.51095773980673,0.611891932779685,0.0908498974714809,21.2998760230948
6.83303571428571,0.510916329557758,0.611851187110943,0.0908064551709315,21.3001750939776
6.83313492063492,0.510874923186603,0.611810441168128,0.0907630336827334,21.3004741371634
6.83323412698413,0.510833520692671,0.611769694952937,0.0907196329968189,21.3007731526564
6.83333333333333,0.510792122075368,0.611728948467067,0.0906762531031242,21.3010721404607
6.83343253968254,0.510750727334099,0.611688201712214,0.0906328939915891,21.3013711005806
6.83353174603175,0.51070933646827,0.611647454690073,0.0905895556521577,21.3016700330203
6.83363095238095,0.510667949477288,0.611606707402339,0.0905462380747779,21.3019689377841
6.83373015873016,0.510626566360558,0.611565959850705,0.0905029412494016,21.3022678148762
6.83382936507936,0.510585187117487,0.611525212036864,0.0904596651659845,21.3025666643007
6.83392857142857,0.510543811747482,0.611484463962508,0.0904164098144863,21.3028654860618
6.83402777777778,0.51050244024995,0.611443715629328,0.0903731751848706,21.3031642801639
6.83412698412698,0.510461072624298,0.611402967039016,0.0903299612671044,21.3034630466111
6.83422619047619,0.510419708869933,0.61136221819326,0.0902867680511604,21.3037617854076
6.8343253968254,0.510378348986262,0.611321469093751,0.0902435955270134,21.3040604965576
6.8344246031746,0.510336992972695,0.611280719742176,0.0902004436846426,21.3043591800654
6.83452380952381,0.510295640828637,0.611239970140222,0.0901573125140314,21.3046578359351
6.83462301587302,0.510254292553498,0.611199220289578,0.0901142020051669,21.3049564641709
6.83472222222222,0.510212948146685,0.611158470191927,0.0900711121480404,21.3052550647771
6.83482142857143,0.510171607607607,0.611117719848956,0.0900280429326467,21.3055536377579
6.83492063492063,0.510130270935673,0.61107696926235,0.089984994348985,21.3058521831174
6.83501984126984,0.510088938130291,0.611036218433791,0.0899419663870581,21.3061507008599
6.83511904761905,0.510047609190871,0.610995467364962,0.0898989590368729,21.3064491909896
6.83521825396825,0.510006284116821,0.610954716057546,0.0898559722884401,21.3067476535106
6.83531746031746,0.509964962907552,0.610913964513225,0.0898130061317744,21.3070460884271
6.83541666666667,0.509923645562473,0.610873212733678,0.0897700605568944,21.3073444957435
6.83551587301587,0.509882332080993,0.610832460720586,0.0897271355538228,21.3076428754638
6.83561507936508,0.509841022462522,0.610791708475626,0.0896842311125853,21.3079412275922
6.83571428571429,0.509799716706471,0.610750956000479,0.0896413472232136,21.308239552133
6.83581349206349,0.509758414812251,0.610710203296821,0.0895984838757414,21.3085378490903
6.8359126984127,0.509717116779271,0.610669450366329,0.0895556410602071,21.3088361184684
6.83601190476191,0.509675822606943,0.610628697210679,0.0895128187666526,21.3091343602714
6.83611111111111,0.509634532294677,0.610587943831547,0.0894700169851244,21.3094325745034
6.83621031746032,0.509593245841885,0.610547190230606,0.0894272357056722,21.3097307611688
6.83630952380952,0.509551963247978,0.61050643640953,0.0893844749183502,21.3100289202717
6.83640873015873,0.509510684512367,0.610465682369993,0.0893417346132163,21.3103270518163
6.83650793650794,0.509469409634465,0.610424928113665,0.0892990147803323,21.3106251558067
6.83660714285714,0.509428138613682,0.61038417364222,0.0892563154097639,21.3109232322471
6.83670634920635,0.509386871449432,0.610343418957326,0.0892136364915808,21.3112212811418
6.83680555555556,0.509345608141127,0.610302664060655,0.0891709780158568,21.3115193024949
6.83690476190476,0.509304348688178,0.610261908953875,0.0891283399726693,21.3118172963105
6.83700396825397,0.50926309309,0.610221153638654,0.0890857223520997,21.312115262593
6.83710317460318,0.509221841346003,0.61018039811666,0.0890431251442331,21.3124132013464
6.83720238095238,0.509180593455603,0.610139642389559,0.0890005483391598,21.3127111125749
6.83730158730159,0.509139349418212,0.610098886459019,0.0889579919269725,21.3130089962827
6.83740079365079,0.509098109233244,0.610058130326703,0.0889154558977684,21.313306852474
6.8375,0.509056872900111,0.610017373994276,0.0888729402416487,21.3136046811529
6.83759920634921,0.509015640418229,0.609976617463402,0.0888304449487184,21.3139024823237
6.83769841269841,0.508974411787011,0.609935860735744,0.0887879700090865,21.3142002559905
6.83779761904762,0.508933187005871,0.609895103812964,0.0887455154128659,21.3144980021574
6.83789682539683,0.508891966074224,0.609854346696723,0.0887030811501734,21.3147957208287
6.83799603174603,0.508850748991484,0.609813589388682,0.0886606672111299,21.3150934120084
6.83809523809524,0.508809535757067,0.609772831890501,0.0886182735858599,21.3153910757009
6.83819444444444,0.508768326370386,0.609732074203838,0.0885759002644922,21.3156887119102
6.83829365079365,0.508727120830859,0.609691316330352,0.0885335472371593,21.3159863206405
6.83839285714286,0.508685919137899,0.609650558271701,0.0884912144939976,21.3162839018959
6.83849206349206,0.508644721290922,0.609609800029541,0.0884489020251477,21.3165814556807
6.83859126984127,0.508603527289345,0.609569041605528,0.0884066098207532,21.316878981999
6.83869047619048,0.508562337132582,0.609528283001318,0.0883643378709635,21.317176480855
6.83878968253968,0.508521150820052,0.609487524218564,0.0883220861659304,21.3174739522527
6.83888888888889,0.508479968351169,0.609446765258921,0.0882798546958098,21.3177713961965
6.8389880952381,0.50843878972535,0.609406006124042,0.088237643450762,21.3180688126903
6.8390873015873,0.508397614942013,0.609365246815578,0.0881954524209508,21.3183662017385
6.83918650793651,0.508356444000573,0.609324487335181,0.0881532815965441,21.3186635633451
6.83928571428571,0.508315276900449,0.609283727684501,0.0881111309677139,21.3189608975143
6.83938492063492,0.508274113641057,0.609242967865189,0.0880690005246359,21.3192582042502
6.83948412698413,0.508232954221815,0.609202207878893,0.0880268902574897,21.3195554835571
6.83958333333333,0.508191798642141,0.609161447727262,0.0879848001564591,21.319852735439
6.83968253968254,0.508150646901453,0.609120687411943,0.0879427302117315,21.3201499599001
6.83978174603175,0.508109498999168,0.609079926934583,0.0879006804134984,21.3204471569446
6.83988095238095,0.508068354934705,0.609039166296827,0.0878586507519554,21.3207443265766
6.83998015873016,0.508027214707483,0.608998405500322,0.0878166412173016,21.3210414688002
6.84007936507937,0.50798607831692,0.608957644546711,0.0877746517997399,21.3213385836196
6.84017857142857,0.507944945762435,0.608916883437638,0.0877326824894785,21.321635671039
6.84027777777778,0.507903817043447,0.608876122174747,0.0876907332767279,21.3219327310624
6.84037698412698,0.507862692159376,0.608835360759678,0.0876488041517034,21.3222297636941
6.84047619047619,0.507821571109641,0.608794599194075,0.0876068951046238,21.3225267689381
6.8405753968254,0.507780453893661,0.608753837479576,0.0875650061257121,21.3228237467986
6.8406746031746,0.507739340510856,0.608713075617822,0.087523137205195,21.3231206972798
6.84077380952381,0.507698230960647,0.608672313610453,0.0874812883333035,21.3234176203857
6.84087301587302,0.507657125242454,0.608631551459106,0.0874394595002721,21.3237145161206
6.84097222222222,0.507616023355697,0.608590789165418,0.0873976506963395,21.3240113844885
6.84107142857143,0.507574925299796,0.608550026731027,0.0873558619117483,21.3243082254937
6.84117063492063,0.507533831074173,0.608509264157569,0.0873140931367449,21.3246050391401
6.84126984126984,0.507492740678248,0.608468501446679,0.0872723443615798,21.324901825432
6.84136904761905,0.507451654111443,0.60842773859999,0.0872306155765072,21.3251985843735
6.84146825396825,0.507410571373179,0.608386975619138,0.0871889067717856,21.3254953159687
6.84156746031746,0.507369492462877,0.608346212505754,0.0871472179376765,21.3257920202217
6.84166666666667,0.50732841737996,0.608305449261471,0.0871055490644472,21.3260886971367
6.84176587301587,0.507287346123849,0.608264685887921,0.0870639001423671,21.3263853467178
6.84186507936508,0.507246278693967,0.608223922386733,0.0870222711617102,21.3266819689692
6.84196428571429,0.507205215089736,0.608183158759538,0.0869806621127546,21.3269785638948
6.84206349206349,0.507164155310578,0.608142395007965,0.086939072985782,21.327275131499
6.8421626984127,0.507123099355916,0.608101631133642,0.0868975037710781,21.3275716717858
6.84226190476191,0.507082047225173,0.608060867138196,0.0868559544589327,21.3278681847592
6.84236111111111,0.507040998917773,0.608020103023255,0.0868144250396395,21.3281646704235
6.84246031746032,0.506999954433138,0.607979338790444,0.0867729155034959,21.3284611287828
6.84255952380952,0.506958913770692,0.607938574441389,0.0867314258408035,21.3287575598411
6.84265873015873,0.506917876929859,0.607897809977713,0.0866899560418676,21.3290539636026
6.84275793650794,0.506876843910063,0.607857045401041,0.0866485060969977,21.3293503400715
6.84285714285714,0.506835814710727,0.607816280712996,0.086607075996507,21.3296466892517
6.84295634920635,0.506794789331276,0.607775515915199,0.0865656657307127,21.3299430111475
6.84305555555556,0.506753767771134,0.607734751009272,0.0865242752899354,21.3302393057629
6.84315476190476,0.506712750029727,0.607693985996836,0.0864829046645012,21.3305355731021
6.84325396825397,0.506671736106479,0.60765322087951,0.0864415538447386,21.3308318131691
6.84335317460318,0.506630726000815,0.607612455658914,0.0864002228209805,21.3311280259682
6.84345238095238,0.50658971971216,0.607571690336665,0.0863589115835637,21.3314242115033
6.84355158730159,0.50654871723994,0.607530924914382,0.0863176201228291,21.3317203697786
6.84365079365079,0.506507718583581,0.607490159393681,0.0862763484291212,21.3320165007982
6.84375,0.506466723742507,0.607449393776178,0.0862350964927888,21.3323126045662
6.84384920634921,0.506425732716146,0.607408628063488,0.0861938643041845,21.3326086810867
6.84394841269841,0.506384745503923,0.607367862257226,0.0861526518536646,21.3329047303638
6.84404761904762,0.506343762105265,0.607327096359005,0.0861114591315897,21.3332007524016
6.84414682539682,0.506302782519599,0.607286330370439,0.086070286128324,21.3334967472043
6.84424603174603,0.506261806746351,0.607245564293139,0.0860291328342359,21.3337927147758
6.84434523809524,0.506220834784948,0.607204798128716,0.0859879992396975,21.3340886551204
6.84444444444444,0.506179866634817,0.607164031878782,0.0859468853350849,21.334384568242
6.84454365079365,0.506138902295385,0.607123265544946,0.0859057911107778,21.3346804541449
6.84464285714286,0.506097941766082,0.607082499128818,0.0858647165571611,21.334976312833
6.84474206349206,0.506056985046333,0.607041732632005,0.0858236616646223,21.3352721443105
6.84484126984127,0.506016032135568,0.607000966056115,0.0857826264235532,21.3355679485816
6.84494047619048,0.505975083033213,0.606960199402755,0.0857416108243495,21.3358637256501
6.84503968253968,0.505934137738699,0.606919432673531,0.085700614857411,21.3361594755204
6.84513888888889,0.505893196251452,0.606878665870048,0.0856596385131413,21.3364551981964
6.84523809523809,0.505852258570902,0.60683789899391,0.085618681781948,21.3367508936822
6.8453373015873,0.505811324696477,0.606797132046722,0.0855777446542426,21.337046561982
6.84543650793651,0.505770394627608,0.606756365030086,0.0855368271204404,21.3373422030997
6.84553571428571,0.505729468363722,0.606715597945603,0.0854959291709608,21.3376378170396
6.84563492063492,0.50568854590425,0.606674830794877,0.0854550507962272,21.3379334038057
6.84573412698413,0.505647627248622,0.606634063579507,0.0854141919866666,21.338228963402
6.84583333333333,0.505606712396266,0.606593296301092,0.0853733527327103,21.3385244958326
6.84593253968254,0.505565801346614,0.606552528961233,0.0853325330247933,21.3388200011017
6.84603174603175,0.505524894099094,0.606511761561526,0.085291732853354,21.3391154792133
6.84613095238095,0.505483990653139,0.606470994103571,0.0852509522088365,21.3394109301714
6.84623015873016,0.505443091008179,0.606430226588964,0.085210191081687,21.3397063539803
6.84632936507937,0.505402195163644,0.6063894590193,0.0851694494623564,21.3400017506438
6.84642857142857,0.505361303118965,0.606348691396176,0.0851287273412993,21.3402971201662
6.84652777777778,0.505320414873574,0.606307923721184,0.0850880247089745,21.3405924625514
6.84662698412698,0.505279530426903,0.606267155995919,0.0850473415558443,21.3408877778036
6.84672619047619,0.505238649778382,0.606226388221975,0.0850066778723754,21.3411830659269
6.8468253968254,0.505197772927443,0.606185620400942,0.0849660336490381,21.3414783269252
6.8469246031746,0.50515689987352,0.606144852534413,0.0849254088763069,21.3417735608027
6.84702380952381,0.505116030616042,0.606104084623978,0.0848848035446599,21.3420687675634
6.84712301587302,0.505075165154444,0.606063316671226,0.0848442176445794,21.3423639472115
6.84722222222222,0.505034303488158,0.606022548677748,0.0848036511665515,21.3426590997509
6.84732142857143,0.504993445616616,0.605981780645131,0.0847631041010663,21.3429542251857
6.84742063492063,0.504952591539252,0.605941012574963,0.0847225764386177,21.34324932352
6.84751984126984,0.504911741255498,0.605900244468829,0.0846820681697033,21.3435443947579
6.84761904761905,0.504870894764788,0.605859476328318,0.0846415792848258,21.3438394389034
6.84771825396825,0.504830052066556,0.605818708155013,0.0846011097744906,21.3441344559606
6.84781746031746,0.504789213160235,0.605777939950499,0.0845606596292073,21.3444294459335
6.84791666666667,0.504748378045259,0.605737171716361,0.0845202288394895,21.3447244088263
6.84801587301587,0.504707546721062,0.60569640345418,0.0844798173958549,21.3450193446429
6.84811507936508,0.50466671918708,0.605655635165539,0.0844394252888249,21.3453142533874
6.84821428571429,0.504625895442745,0.605614866852019,0.084399052508925,21.3456091350638
6.84831349206349,0.504585075487493,0.605574098515201,0.0843586990466845,21.3459039896763
6.8484126984127,0.504544259320759,0.605533330156665,0.0843183648926366,21.3461988172289
6.8485119047619,0.504503446941978,0.60549256177799,0.0842780500373187,21.3464936177255
6.84861111111111,0.504462638350585,0.605451793380754,0.0842377544712717,21.3467883911704
6.84871031746032,0.504421833546015,0.605411024966534,0.0841974781850409,21.3470831375675
6.84880952380952,0.504381032527705,0.605370256536908,0.0841572211691751,21.3473778569208
6.84890873015873,0.50434023529509,0.605329488093451,0.0841169834142274,21.3476725492345
6.84900793650794,0.504299441847605,0.605288719637738,0.0840767649107539,21.3479672145126
6.84910714285714,0.504258652184689,0.605247951171345,0.0840365656493166,21.348261852759
6.84920634920635,0.504217866305776,0.605207182695845,0.0839963856204797,21.3485564639779
6.84930555555556,0.504177084210304,0.60516641421281,0.0839562248148118,21.3488510481733
6.84940476190476,0.50413630589771,0.605125645723813,0.0839160832228854,21.3491456053493
6.84950396825397,0.504095531367429,0.605084877230426,0.083875960835277,21.3494401355098
6.84960317460317,0.504054760618901,0.605044108734218,0.0838358576425671,21.349734638659
6.84970238095238,0.504013993651561,0.605003340236759,0.0837957736353401,21.3500291148008
6.84980158730159,0.503973230464848,0.60496257173962,0.0837557088041841,21.3503235639393
6.84990079365079,0.503932471058199,0.604921803244367,0.0837156631396914,21.3506179860785
6.85,0.503891715431053,0.604881034752569,0.0836756366324582,21.3509123812225
6.85009920634921,0.503850963582847,0.604840266265792,0.0836356292730845,21.3512067493753
6.85019841269841,0.50381021551302,0.604799497785603,0.0835956410521743,21.3515010905409
6.85029761904762,0.503769471221011,0.604758729313566,0.0835556719603355,21.3517954047234
6.85039682539682,0.503728730706258,0.604717960851246,0.0835157219881801,21.3520896919268
6.85049603174603,0.5036879939682,0.604677192400206,0.0834757911263231,21.3523839521551
6.85059523809524,0.503647261006276,0.604636423962011,0.0834358793653855,21.3526781854124
6.85069444444444,0.503606531819926,0.604595655538221,0.0833959866959902,21.3529723917027
6.85079365079365,0.50356580640859,0.604554887130398,0.083356113108765,21.3532665710299
6.85089285714286,0.503525084771706,0.604514118740103,0.0833162585943412,21.3535607233982
6.85099206349206,0.503484366908715,0.604473350368895,0.0832764231433543,21.3538548488116
6.85109126984127,0.503443652819057,0.604432582018334,0.0832366067464437,21.354148947274
6.85119047619048,0.503402942502173,0.604391813689979,0.0831968093942526,21.3544430187895
6.85128968253968,0.503362235957502,0.604351045385385,0.0831570310774283,21.3547370633621
6.85138888888889,0.503321533184486,0.604310277106111,0.0831172717866218,21.3550310809959
6.85148809523809,0.503280834182565,0.604269508853712,0.0830775315124884,21.3553250716949
6.8515873015873,0.503240138951181,0.604228740629744,0.0830378102456868,21.355619035463
6.85168650793651,0.503199447489774,0.60418797243576,0.0829981079768801,21.3559129723043
6.85178571428571,0.503158759797786,0.604147204273315,0.0829584246967352,21.3562068822228
6.85188492063492,0.503118075874659,0.604106436143962,0.0829187603959228,21.3565007652226
6.85198412698413,0.503077395719835,0.604065668049252,0.0828791150651171,21.3567946213076
6.85208333333333,0.503036719332755,0.604024899990737,0.0828394886949978,21.3570884504818
6.85218253968254,0.502996046712862,0.603984131969968,0.0827998812762469,21.3573822527493
6.85228174603175,0.502955377859599,0.603943363988495,0.0827602927995509,21.357676028114
6.85238095238095,0.502914712772408,0.603902596047866,0.0827207232556003,21.35796977658
6.85248015873016,0.502874051450732,0.603861828149631,0.0826811726350894,21.3582634981513
6.85257936507937,0.502833393894013,0.603821060295336,0.0826416409287165,21.3585571928319
6.85267857142857,0.502792740101696,0.603780292486528,0.0826021281271838,21.3588508606258
6.85277777777778,0.502752090073222,0.603739524724753,0.0825626342211975,21.359144501537
6.85287698412698,0.502711443808037,0.603698757011556,0.0825231592014675,21.3594381155695
6.85297619047619,0.502670801305584,0.603657989348483,0.082483703058708,21.3597317027273
6.8530753968254,0.502630162565306,0.603617221737076,0.0824442657836368,21.3600252630144
6.8531746031746,0.502589527586648,0.603576454178879,0.0824048473669759,21.3603187964348
6.85327380952381,0.502548896369054,0.603535686675433,0.0823654477994509,21.3606123029925
6.85337301587302,0.502508268911969,0.603494919228281,0.0823260670717916,21.3609057826915
6.85347222222222,0.502467645214837,0.603454151838962,0.0822867051747311,21.3611992355358
6.85357142857143,0.502427025277104,0.603413384509016,0.082247362099008,21.3614926615294
6.85367063492064,0.502386409098215,0.603372617239984,0.0822080378353634,21.3617860606762
6.85376984126984,0.502345796677615,0.603331850033402,0.0821687323745425,21.3620794329804
6.85386904761905,0.502305188014749,0.603291082890809,0.0821294457072949,21.3623727784458
6.85396825396825,0.502264583109063,0.603250315813741,0.0820901778243738,21.3626660970765
6.85406746031746,0.502223981960004,0.603209548803735,0.0820509287165363,21.3629593888764
6.85416666666667,0.502183384567016,0.603168781862324,0.0820116983745436,21.3632526538496
6.85426587301587,0.502142790929547,0.603128014991045,0.0819724867891609,21.363545892
6.85436507936508,0.502102201047043,0.603087248191431,0.0819332939511571,21.3638391033316
6.85446428571429,0.50206161491895,0.603046481465014,0.081894119851305,21.3641322878484
6.85456349206349,0.502021032544716,0.603005714813327,0.0818549644803817,21.3644254455544
6.8546626984127,0.501980453923787,0.6029649482379,0.0818158278291679,21.3647185764536
6.8547619047619,0.501939879055611,0.602924181740266,0.0817767098884482,21.3650116805499
6.85486111111111,0.501899307939636,0.602883415321953,0.0817376106490113,21.3653047578473
6.85496031746032,0.501858740575307,0.60284264898449,0.0816985301016493,21.3655978083499
6.85505952380952,0.501818176962075,0.602801882729407,0.0816594682371597,21.3658908320615
6.85515873015873,0.501777617099387,0.602761116558231,0.0816204250463425,21.3661838289862
6.85525793650794,0.50173706098669,0.602720350472487,0.0815814005200019,21.3664767991279
6.85535714285714,0.501696508623434,0.602679584473703,0.0815423946489463,21.3667697424907
6.85545634920635,0.501655960009067,0.602638818563404,0.081503407423988,21.3670626590784
6.85555555555556,0.501615415143037,0.602598052743113,0.0814644388359429,21.3673555488951
6.85565476190476,0.501574874024795,0.602557287014355,0.0814254888756312,21.3676484119448
6.85575396825397,0.501534336653788,0.602516521378653,0.081386557533877,21.3679412482313
6.85585317460317,0.501493803029466,0.602475755837529,0.081347644801508,21.3682340577587
6.85595238095238,0.50145327315128,0.602434990392504,0.0813087506693563,21.368526840531
6.85605158730159,0.501412747018677,0.602394225045098,0.0812698751282575,21.3688195965521
6.85615079365079,0.50137222463111,0.602353459796833,0.0812310181690515,21.3691123258259
6.85625,0.501331705988027,0.602312694649226,0.0811921797825817,21.3694050283566
6.85634920634921,0.501291191088879,0.602271929603796,0.0811533599596959,21.3696977041479
6.85644841269841,0.501250679933117,0.60223116466206,0.0811145586912449,21.3699903532039
6.85654761904762,0.501210172520191,0.602190399825536,0.0810757759680853,21.3702829755285
6.85664682539683,0.501169668849552,0.602149635095739,0.0810370117810759,21.3705755711257
6.85674603174603,0.501129168920652,0.602108870474185,0.0809982661210801,21.3708681399995
6.85684523809524,0.501088672732941,0.602068105962388,0.0809595389789649,21.3711606821538
6.85694444444444,0.501048180285872,0.602027341561862,0.0809208303456015,21.3714531975925
6.85704365079365,0.501007691578895,0.60198657727412,0.0808821402118651,21.3717456863197
6.85714285714286,0.500967206611464,0.601945813100673,0.0808434685686346,21.3720381483393
6.85724206349206,0.500926725383029,0.601905049043034,0.080804815406793,21.3723305836552
6.85734126984127,0.500886247893043,0.601864285102713,0.080766180717227,21.3726229922714
6.85744047619048,0.500845774140958,0.60182352128122,0.0807275644908276,21.3729153741919
6.85753968253968,0.500805304126228,0.601782757580063,0.0806889667184894,21.3732077294205
6.85763888888889,0.500764837848305,0.601741994000751,0.0806503873911111,21.3735000579613
6.8577380952381,0.500724375306642,0.601701230544793,0.0806118264995952,21.3737923598182
6.8578373015873,0.500683916500693,0.601660467213693,0.0805732840348482,21.3740846349951
6.85793650793651,0.500643461429909,0.601619704008959,0.0805347599877801,21.374376883496
6.85803571428572,0.500603010093747,0.601578940932096,0.0804962543493063,21.3746691053248
6.85813492063492,0.500562562491659,0.601538177984608,0.0804577671103445,21.3749613004855
6.85823412698413,0.500522118623099,0.601497415167999,0.0804192982618169,21.3752534689821
6.85833333333333,0.500481678487521,0.601456652483772,0.0803808477946497,21.3755456108184
6.85843253968254,0.500441242084381,0.601415889933429,0.080342415699773,21.3758377259984
6.85853174603175,0.500400809413131,0.601375127518471,0.0803040019681207,21.376129814526
6.85863095238095,0.500360380473228,0.6013343652404,0.0802656065906309,21.3764218764053
6.85873015873016,0.500319955264126,0.601293603100714,0.0802272295582453,21.37671391164
6.85882936507937,0.50027953378528,0.601252841100913,0.0801888708619097,21.3770059202342
6.85892857142857,0.500239116036147,0.601212079242496,0.0801505304925739,21.3772979021918
6.85902777777778,0.50019870201618,0.601171317526959,0.0801122084411915,21.3775898575167
6.85912698412698,0.500158291724836,0.6011305559558,0.0800739046987201,21.3778817862129
6.85922619047619,0.500117885161571,0.601089794530515,0.0800356192561213,21.3781736882843
6.8593253968254,0.500077482325842,0.601049033252598,0.0799973521043603,21.3784655637348
6.8594246031746,0.500037083217103,0.601008272123545,0.0799591032344061,21.3787574125684
6.85952380952381,0.499996687834812,0.600967511144849,0.079920872637233,21.3790492347889
6.85962301587302,0.499956296178426,0.600926750318003,0.0798826603038177,21.3793410304004
6.85972222222222,0.499915908247402,0.600885989644499,0.0798444662251414,21.3796327994067
6.85982142857143,0.499875524041197,0.600845229125829,0.0798062903921891,21.3799245418117
6.85992063492063,0.499835143559267,0.600804468763483,0.0797681327959498,21.3802162576195
6.86001984126984,0.49979476680107,0.600763708558951,0.0797299934274165,21.3805079468338
6.86011904761905,0.499754393766065,0.600722948513722,0.079691872277586,21.3807996094587
6.86021825396825,0.499714024453709,0.600682188629284,0.079653769337459,21.3810912454981
6.86031746031746,0.499673658863459,0.600641428907126,0.0796156845980405,21.3813828549558
6.86041666666667,0.499633296994775,0.600600669348734,0.0795776180503389,21.3816744378358
6.86051587301587,0.499592938847115,0.600559909955593,0.0795395696853669,21.381965994142
6.86061507936508,0.499552584419937,0.600519150729189,0.079501539494141,21.3822575238784
6.86071428571428,0.4995122337127,0.600478391671007,0.0794635274676815,21.3825490270488
6.86081349206349,0.499471886724864,0.600437632782531,0.079425533597013,21.3828405036571
6.8609126984127,0.499431543455886,0.600396874065241,0.079387557873163,21.3831319537073
6.8610119047619,0.499391203905227,0.600356115520623,0.079349600287165,21.3834233772034
6.86111111111111,0.499350868072348,0.600315357150157,0.0793116608300544,21.3837147741491
6.86121031746032,0.499310535956706,0.600274598955323,0.0792737394928715,21.3840061445484
6.86130952380952,0.499270207557763,0.600233840937601,0.0792358362666602,21.3842974884052
6.86140873015873,0.499229882874978,0.600193083098471,0.0791979511424684,21.3845888057234
6.86150793650794,0.499189561907811,0.60015232543941,0.0791600841113481,21.384880096507
6.86160714285714,0.499149244655725,0.600111567961896,0.0791222351643549,21.3851713607598
6.86170634920635,0.499108931118178,0.600070810667407,0.0790844042925487,21.3854625984858
6.86180555555556,0.499068621294633,0.600030053557417,0.079046591486993,21.3857538096888
6.86190476190476,0.499028315184549,0.599989296633403,0.0790087967387555,21.3860449943727
6.86200396825397,0.49898801278739,0.599948539896839,0.0789710200389076,21.3863361525415
6.86210317460317,0.498947714102615,0.599907783349198,0.0789332613785249,21.3866272841991
6.86220238095238,0.498907419129688,0.599867026991953,0.0788955207486866,21.3869183893493
6.86230158730159,0.498867127868069,0.599826270826578,0.078857798140476,21.387209467996
6.86240079365079,0.498826840317221,0.599785514854541,0.07882009354498,21.3875005201432
6.8625,0.498786556476606,0.599744759077316,0.0787824069532905,21.3877915457947
6.86259920634921,0.498746276345687,0.599704003496371,0.0787447383565023,21.3880825449544
6.86269841269841,0.498705999923926,0.599663248113176,0.0787070877457142,21.3883735176263
6.86279761904762,0.498665727210787,0.599622492929199,0.0786694551120293,21.3886644638142
6.86289682539683,0.498625458205732,0.599581737945907,0.0786318404465544,21.388955383522
6.86299603174603,0.498585192908225,0.599540983164768,0.0785942437404003,21.3892462767535
6.86309523809524,0.498544931317729,0.599500228587246,0.0785566649846818,21.3895371435128
6.86319444444444,0.498504673433708,0.599459474214809,0.0785191041705174,21.3898279838037
6.86329365079365,0.498464419255626,0.599418720048919,0.0784815612890298,21.39011879763
6.86339285714286,0.498424168782946,0.599377966091041,0.0784440363313455,21.3904095849957
6.86349206349206,0.498383922015133,0.599337212342638,0.0784065292885948,21.3907003459046
6.86359126984127,0.498343678951651,0.599296458805171,0.0783690401519122,21.3909910803606
6.86369047619048,0.498303439591966,0.599255705480103,0.0783315689124361,21.3912817883676
6.86378968253968,0.498263203935541,0.599214952368894,0.0782941155613084,21.3915724699295
6.86388888888889,0.498222971981841,0.599174199473003,0.0782566800896751,21.3918631250502
6.8639880952381,0.498182743730333,0.599133446793891,0.078219262488687,21.3921537537335
6.8640873015873,0.498142519180482,0.599092694333014,0.0781818627494978,21.3924443559834
6.86418650793651,0.498102298331753,0.599051942091831,0.0781444808632653,21.3927349318036
6.86428571428571,0.498062081183611,0.599011190071799,0.0781071168211515,21.3930254811981
6.86438492063492,0.498021867735523,0.598970438274374,0.0780697706143222,21.3933160041707
6.86448412698413,0.497981657986955,0.59892968670101,0.0780324422339469,21.3936065007254
6.86458333333333,0.497941451937373,0.598888935353163,0.0779951316711995,21.3938969708659
6.86468253968254,0.497901249586245,0.598848184232285,0.0779578389172575,21.3941874145963
6.86478174603175,0.497861050933036,0.598807433339831,0.0779205639633023,21.3944778319202
6.86488095238095,0.497820855977213,0.598766682677252,0.0778833068005196,21.3947682228417
6.86498015873016,0.497780664718244,0.598725932245999,0.0778460674200985,21.3950585873645
6.86507936507936,0.497740477155596,0.598685182047523,0.0778088458132323,21.3953489254926
6.86517857142857,0.497700293288737,0.598644432083275,0.0777716419711185,21.3956392372298
6.86527777777778,0.497660113117134,0.598603682354703,0.077734455884958,21.3959295225799
6.86537698412698,0.497619936640255,0.598562932863254,0.0776972875459555,21.3962197815469
6.86547619047619,0.497579763857568,0.598522183610378,0.0776601369453209,21.3965100141346
6.8655753968254,0.497539594768542,0.598481434597522,0.0776230040742668,21.3968002203468
6.8656746031746,0.497499429372645,0.59844068582613,0.0775858889240099,21.3970904001875
6.86577380952381,0.497459267669346,0.598399937297648,0.0775487914857711,21.3973805536604
6.86587301587302,0.497419109658114,0.59835918901352,0.0775117117507751,21.3976706807695
6.86597222222222,0.497378955338417,0.598318440975191,0.0774746497102506,21.3979607815186
6.86607142857143,0.497338804709725,0.598277693184104,0.07743760535543,21.3982508559115
6.86617063492063,0.497298657771507,0.5982369456417,0.0774005786775501,21.3985409039521
6.86626984126984,0.497258514523234,0.59819619834942,0.0773635696678512,21.3988309256443
6.86636904761905,0.497218374964374,0.598155451308707,0.0773265783175776,21.3991209209919
6.86646825396825,0.497178239094398,0.598114704520998,0.0772896046179776,21.3994108899987
6.86656746031746,0.497138106912776,0.598073957987734,0.0772526485603035,21.3997008326687
6.86666666666667,0.497097978418979,0.598033211710353,0.0772157101358115,21.3999907490056
6.86676587301587,0.497057853612477,0.597992465690293,0.0771787893357616,21.4002806390134
6.86686507936508,0.497017732492741,0.597951719928989,0.0771418861514173,21.4005705026958
6.86696428571429,0.496977615059241,0.597910974427879,0.0771050005740476,21.4008603400566
6.86706349206349,0.49693750131145,0.597870229188397,0.0770681325949238,21.4011501510999
6.8671626984127,0.496897391248839,0.597829484211978,0.0770312822053218,21.4014399358293
6.86726190476191,0.496857284870879,0.597788739500056,0.0769944493965212,21.4017296942488
6.86736111111111,0.496817182177041,0.597747995054064,0.0769576341598058,21.4020194263622
6.86746031746032,0.496777083166798,0.597707250875433,0.076920836486463,21.4023091321732
6.86755952380952,0.496736987839623,0.597666506965596,0.0768840563677845,21.4025988116858
6.86765873015873,0.496696896194986,0.597625763325982,0.0768472937950656,21.4028884649039
6.86775793650794,0.496656808232362,0.597585019958022,0.0768105487596057,21.4031780918311
6.86785714285714,0.496616723951222,0.597544276863146,0.0767738212527083,21.4034676924714
6.86795634920635,0.496576643351039,0.59750353404278,0.0767371112656803,21.4037572668287
6.86805555555556,0.496536566431288,0.597462791498353,0.0767004187898331,21.4040468149066
6.86815476190476,0.49649649319144,0.597422049231292,0.0766637438164816,21.4043363367091
6.86825396825397,0.49645642363097,0.597381307243022,0.076627086336945,21.4046258322401
6.86835317460318,0.49641635774935,0.597340565534969,0.0765904463425456,21.4049153015032
6.86845238095238,0.496376295546056,0.597299824108557,0.0765538238246113,21.4052047445025
6.86855158730159,0.496336237020561,0.597259082965211,0.0765172187744725,21.4054941612416
6.86865079365079,0.496296182172339,0.597218342106353,0.0764806311834638,21.4057835517244
6.86875,0.496256131000866,0.597177601533404,0.0764440610429239,21.4060729159548
6.86884920634921,0.496216083505614,0.597136861247788,0.0764075083441955,21.4063622539365
6.86894841269841,0.496176039686061,0.597096121250924,0.0763709730786249,21.4066515656735
6.86904761904762,0.49613599954168,0.597055381544232,0.0763344552375627,21.4069408511694
6.86914682539683,0.496095963071946,0.597014642129131,0.0762979548123632,21.4072301104282
6.86924603174603,0.496055930276336,0.59697390300704,0.0762614717943846,21.4075193434537
6.86934523809524,0.496015901154324,0.596933164179375,0.0762250061749894,21.4078085502496
6.86944444444444,0.495975875705387,0.596892425647555,0.0761885579455436,21.4080977308198
6.86954365079365,0.495935853929,0.596851687412995,0.0761521270974172,21.4083868851681
6.86964285714286,0.495895835824641,0.596810949477111,0.0761157136219844,21.4086760132984
6.86974206349206,0.495855821391784,0.596770211841316,0.0760793175106231,21.4089651152144
6.86984126984127,0.495815810629907,0.596729474507024,0.0760429387547145,21.40925419092
6.86994047619048,0.495775803538487,0.596688737475649,0.0760065773456456,21.4095432404189
6.87003968253968,0.495735800117001,0.596648000748602,0.0759702332748055,21.409832263715
6.87013888888889,0.495695800364925,0.596607264327296,0.075933906533588,21.4101212608122
6.8702380952381,0.495655804281738,0.59656652821314,0.0758975971133905,21.4104102317141
6.8703373015873,0.495615811866916,0.596525792407545,0.0758613050056147,21.4106991764246
6.87043650793651,0.495575823119937,0.59648505691192,0.0758250302016659,21.4109880949476
6.87053571428571,0.49553583804028,0.596444321727672,0.0757887726929535,21.4112769872867
6.87063492063492,0.495495856627423,0.596403586856211,0.0757525324708909,21.4115658534459
6.87073412698413,0.495455878880843,0.596362852298941,0.0757163095268953,21.411854693429
6.87083333333333,0.495415904800019,0.596322118057271,0.0756801038523877,21.4121435072396
6.87093253968254,0.495375934384431,0.596281384132603,0.0756439154387934,21.4124322948818
6.87103174603175,0.495335967633557,0.596240650526345,0.0756077442775413,21.4127210563591
6.87113095238095,0.495296004546876,0.596199917239898,0.0755715903600644,21.4130097916755
6.87123015873016,0.495256045123867,0.596159184274666,0.0755354536777995,21.4132985008347
6.87132936507937,0.495216089364009,0.59611845163205,0.075499334222187,21.4135871838406
6.87142857142857,0.495176137266784,0.596077719313454,0.0754632319846726,21.4138758406969
6.87152777777778,0.49513618883167,0.596036987320276,0.0754271469567044,21.4141644714075
6.87162698412698,0.495096244058148,0.595996255653918,0.075391079129735,21.414453075976
6.87172619047619,0.495056302945697,0.595955524315778,0.075355028495221,21.4147416544064
6.8718253968254,0.495016365493799,0.595914793307255,0.0753189950446227,21.4150302067023
6.8719246031746,0.494976431701933,0.595874062629745,0.0752829787694047,21.4153187328677
6.87202380952381,0.494936501569582,0.595833332284647,0.075246979661035,21.4156072329063
6.87212301587302,0.494896575096225,0.595792602273355,0.0752109977109861,21.4158957068218
6.87222222222222,0.494856652281343,0.595751872597266,0.075175032910734,21.4161841546181
6.87232142857143,0.49481673312442,0.595711143257773,0.075139085251759,21.4164725762989
6.87242063492063,0.494776817624935,0.595670414256271,0.0751031547255448,21.4167609718681
6.87251984126984,0.494736905782371,0.595629685594152,0.0750672413235796,21.4170493413294
6.87261904761905,0.49469699759621,0.595588957272808,0.0750313450373551,21.4173376846866
6.87271825396825,0.494657093065935,0.595548229293632,0.0749954658583673,21.4176260019435
6.87281746031746,0.494617192191025,0.595507501658013,0.0749596037781153,21.4179142931039
6.87291666666667,0.494577294970967,0.595466774367342,0.0749237587881037,21.4182025581714
6.87301587301587,0.494537401405241,0.595426047423007,0.0748879308798398,21.4184907971501
6.87311507936508,0.494497511493331,0.595385320826398,0.0748521200448349,21.4187790100435
6.87321428571429,0.49445762523472,0.595344594578901,0.0748163262746045,21.4190671968555
6.87331349206349,0.494417742628891,0.595303868681904,0.0747805495606681,21.4193553575898
6.8734126984127,0.494377863675327,0.595263143136792,0.0747447898945489,21.4196434922503
6.87351190476191,0.494337988373514,0.59522241794495,0.0747090472677741,21.4199316008407
6.87361111111111,0.494298116722933,0.595181693107764,0.074673321671875,21.4202196833647
6.87371031746032,0.49425824872307,0.595140968626617,0.0746376130983865,21.4205077398262
6.87380952380952,0.49421838437341,0.595100244502892,0.0746019215388478,21.4207957702289
6.87390873015873,0.494178523673435,0.595059520737971,0.0745662469848017,21.4210837745766
6.87400793650794,0.494138666622632,0.595018797333235,0.0745305894277952,21.421371752873
6.87410714285714,0.494098813220484,0.594978074290066,0.0744949488593791,21.4216597051219
6.87420634920635,0.494058963466478,0.594937351609843,0.074459325271108,21.4219476313271
6.87430555555556,0.494019117360097,0.594896629293944,0.0744237186545403,21.4222355314924
6.87440476190476,0.493979274900829,0.594855907343749,0.0743881290012392,21.4225234056215
6.87450396825397,0.493939436088158,0.594815185760636,0.0743525563027711,21.4228112537181
6.87460317460318,0.493899600921571,0.59477446454598,0.0743170005507063,21.4230990757861
6.87470238095238,0.493859769400553,0.594733743701159,0.0742814617366192,21.4233868718292
6.87480158730159,0.49381994152459,0.594693023227546,0.0742459398520881,21.4236746418511
6.87490079365079,0.49378011729317,0.594652303126518,0.0742104348886952,21.4239623858556
6.875,0.493740296705778,0.594611583399447,0.0741749468380266,21.4242501038465
6.87509920634921,0.493700479761902,0.594570864047706,0.0741394756916726,21.4245377958275
6.87519841269841,0.493660666461029,0.594530145072668,0.074104021441227,21.4248254618024
6.87529761904762,0.493620856802645,0.594489426475705,0.074068584078288,21.4251131017749
6.87539682539682,0.493581050786238,0.594448708258186,0.0740331635944572,21.4254007157488
6.87549603174603,0.493541248411297,0.594407990421481,0.0739977599813406,21.4256883037278
6.87559523809524,0.493501449677307,0.59436727296696,0.0739623732305478,21.4259758657157
6.87569444444444,0.493461654583759,0.594326555895992,0.0739270033336926,21.4262634017162
6.87579365079365,0.493421863130138,0.594285839209942,0.073891650282392,21.4265509117331
6.87589285714286,0.493382075315935,0.59424512291018,0.0738563140682685,21.4268383957702
6.87599206349206,0.493342291140638,0.59420440699807,0.0738209946829471,21.4271258538311
6.87609126984127,0.493302510603735,0.594163691474978,0.0737856921180572,21.4274132859196
6.87619047619048,0.493262733702795,0.594122976342135,0.0737504063689064,21.4277006920393
6.87628968253968,0.493222960435367,0.594082261600679,0.0737151374313317,21.427988072194
6.87638888888889,0.493183190800935,0.594041547251834,0.0736798852977269,21.4282754263869
6.87648809523809,0.493143424798984,0.594000833296825,0.0736446499604879,21.4285627546219
6.8765873015873,0.493103662428996,0.593960119736876,0.0736094314120131,21.4288500569024
6.87668650793651,0.493063903690456,0.593919406573209,0.0735742296447032,21.429137333232
6.87678571428571,0.493024148582846,0.593878693807047,0.0735390446509617,21.4294245836142
6.87688492063492,0.492984397105652,0.593837981439614,0.0735038764231941,21.4297118080526
6.87698412698413,0.492944649258357,0.59379726947213,0.0734687249538087,21.4299990065508
6.87708333333333,0.492904905040445,0.593756557905818,0.0734335902352158,21.4302861791124
6.87718253968254,0.492865164451401,0.593715846741898,0.0733984722598285,21.4305733257408
6.87728174603175,0.492825427490708,0.59367513598159,0.0733633710200616,21.4308604464397
6.87738095238095,0.492785694157853,0.593634425626115,0.073328286508334,21.4311475412126
6.87748015873016,0.492745964452319,0.593593715676693,0.0732932187170655,21.4314346100631
6.87757936507937,0.492706238373591,0.593553006134542,0.0732581676386785,21.4317216529948
6.87767857142857,0.492666515921153,0.593512297000882,0.0732231332655984,21.4320086700111
6.87777777777778,0.492626797094492,0.593471588276929,0.0731881155902526,21.4322956611157
6.87787698412698,0.492587081893092,0.593430879963903,0.0731531146050709,21.4325826263121
6.87797619047619,0.492547370316439,0.59339017206302,0.0731181303024859,21.4328695656038
6.8780753968254,0.492507662364017,0.593349464575498,0.0730831626749323,21.4331564789945
6.8781746031746,0.492467958035312,0.593308757502551,0.0730482117148472,21.4334433664877
6.87827380952381,0.49242825732981,0.593268050845397,0.0730132774146704,21.4337302280868
6.87837301587302,0.492388560246996,0.593227344605251,0.072978359766844,21.4340170637955
6.87847222222222,0.492348866786357,0.593186638783328,0.0729434587638124,21.4343038736174
6.87857142857143,0.492309176947377,0.593145933380841,0.0729085743980225,21.4345906575559
6.87867063492063,0.492269490729545,0.593105228399005,0.0728737066619238,21.4348774156147
6.87876984126984,0.492229808132344,0.593064523839034,0.0728388555479674,21.4351641477973
6.87886904761905,0.492190129155262,0.593023819702141,0.0728040210486086,21.4354508541071
6.87896825396825,0.492150453797785,0.592983115989538,0.0727692031563035,21.4357375345479
6.87906746031746,0.4921107820594,0.592942412702438,0.0727344018635112,21.436024189123
6.87916666666667,0.492071113939593,0.592901709842051,0.0726996171626932,21.4363108178362
6.87926587301587,0.492031449437851,0.59286100740959,0.0726648490463132,21.4365974206908
6.87936507936508,0.491991788553661,0.592820305406265,0.0726300975068378,21.4368839976905
6.87946428571429,0.49195213128651,0.592779603833287,0.0725953625367356,21.4371705488388
6.87956349206349,0.491912477635885,0.592738902691864,0.0725606441284779,21.4374570741393
6.8796626984127,0.491872827601273,0.592698201983207,0.0725259422745382,21.4377435735954
6.8797619047619,0.491833181182161,0.592657501708525,0.0724912569673925,21.4380300472108
6.87986111111111,0.491793538378038,0.592616801869025,0.0724565881995194,21.4383164949889
6.87996031746032,0.49175389918839,0.592576102465916,0.0724219359633997,21.4386029169334
6.88005952380952,0.491714263612705,0.592535403500405,0.0723873002515168,21.4388893130477
6.88015873015873,0.491674631650471,0.592494704973699,0.0723526810563563,21.4391756833354
6.88025793650794,0.491635003301175,0.592454006887005,0.072318078370406,21.4394620278001
6.88035714285714,0.491595378564307,0.592413309241529,0.0722834921861575,21.4397483464452
6.88045634920635,0.491555757439354,0.592372612038477,0.0722489224961031,21.4400346392743
6.88055555555556,0.491516139925804,0.592331915279053,0.0722143692927385,21.4403209062909
6.88065476190476,0.491476526023146,0.592291218964463,0.0721798325685615,21.4406071474987
6.88075396825397,0.491436915730868,0.59225052309591,0.0721453123160723,21.440893362901
6.88085317460317,0.491397309048458,0.592209827674599,0.0721108085277737,21.4411795525016
6.88095238095238,0.491357705975407,0.592169132701732,0.0720763211961708,21.4414657163037
6.88105158730159,0.491318106511201,0.592128438178513,0.0720418503137712,21.4417518543111
6.88115079365079,0.491278510655331,0.592087744106144,0.0720073958730849,21.4420379665273
6.88125,0.491238918407285,0.592047050485827,0.0719729578666244,21.4423240529557
6.88134920634921,0.491199329766553,0.592006357318762,0.0719385362869045,21.4426101136
6.88144841269841,0.491159744732623,0.591965664606152,0.0719041311264424,21.4428961484636
6.88154761904762,0.491120163304986,0.591924972349197,0.0718697423777579,21.44318215755
6.88164682539682,0.491080585483131,0.591884280549097,0.071835370033373,21.4434681408629
6.88174603174603,0.491041011266546,0.59184358920705,0.071801014085812,21.4437540984056
6.88184523809524,0.491001440654724,0.591802898324257,0.0717666745276026,21.4440400301819
6.88194444444444,0.490961873647152,0.591762207901916,0.0717323513512739,21.4443259361951
6.88204365079365,0.490922310243322,0.591721517941226,0.0716980445493577,21.4446118164488
6.88214285714286,0.490882750442722,0.591680828443384,0.0716637541143881,21.4448976709465
6.88224206349206,0.490843194244844,0.591640139409586,0.0716294800389021,21.4451834996918
6.88234126984127,0.490803641649178,0.591599450841031,0.0715952223154385,21.4454693026882
6.88244047619048,0.490764092655214,0.591558762738914,0.071560980936539,21.4457550799392
6.88253968253968,0.490724547262444,0.591518075104432,0.0715267558947475,21.4460408314483
6.88263888888889,0.490685005470356,0.591477387938779,0.0714925471826104,21.446326557219
6.88273809523809,0.490645467278443,0.59143670124315,0.0714583547926766,21.4466122572549
6.8828373015873,0.490605932686195,0.591396015018741,0.0714241787174972,21.4468979315595
6.88293650793651,0.490566401693104,0.591355329266744,0.0713900189496259,21.4471835801363
6.88303571428571,0.49052687429866,0.591314643988354,0.0713558754816189,21.4474692029888
6.88313492063492,0.490487350502355,0.591273959184763,0.0713217483060347,21.4477548001206
6.88323412698413,0.490447830303679,0.591233274857165,0.0712876374154336,21.4480403715351
6.88333333333333,0.490408313702126,0.591192591006751,0.0712535428023802,21.4483259172359
6.88343253968254,0.490368800697185,0.591151907634712,0.0712194644594395,21.4486114372264
6.88353174603175,0.49032929128835,0.591111224742242,0.0711854023791799,21.4488969315103
6.88363095238095,0.490289785475112,0.591070542330529,0.0711513565541721,21.449182400091
6.88373015873016,0.490250283256963,0.591029860400764,0.0711173269769891,21.449467842972
6.88382936507937,0.490210784633394,0.590989178954137,0.0710833136402064,21.4497532601569
6.88392857142857,0.490171289603899,0.590948497991838,0.0710493165364019,21.4500386516492
6.88402777777778,0.490131798167969,0.590907817515055,0.071015335658156,21.4503240174523
6.88412698412698,0.490092310325097,0.590867137524976,0.0709813709980514,21.4506093575697
6.88422619047619,0.490052826074776,0.59082645802279,0.0709474225486734,21.4508946720051
6.8843253968254,0.490013345416498,0.590785779009684,0.0709134903026097,21.4511799607619
6.8844246031746,0.489973868349756,0.590745100486845,0.0708795742524501,21.4514652238435
6.88452380952381,0.489934394874042,0.59070442245546,0.0708456743907873,21.4517504612536
6.88462301587302,0.489894924988851,0.590663744916714,0.0708117907102162,21.4520356729956
6.88472222222222,0.489855458693673,0.590623067871794,0.0707779232033335,21.452320859073
6.88482142857143,0.489815995988005,0.590582391321884,0.0707440718627401,21.4526060194894
6.88492063492064,0.489776536871338,0.590541715268169,0.0707102366810376,21.4528911542482
6.88501984126984,0.489737081343166,0.590501039711834,0.0706764176508306,21.4531762633529
6.88511904761905,0.489697629402983,0.590460364654062,0.0706426147647262,21.4534613468071
6.88521825396825,0.489658181050283,0.590419690096037,0.0706088280153338,21.4537464046142
6.88531746031746,0.489618736284558,0.590379016038941,0.0705750573952654,21.4540314367778
6.88541666666667,0.489579295105304,0.590338342483956,0.0705413028971351,21.4543164433014
6.88551587301587,0.489539857512014,0.590297669432265,0.0705075645135599,21.4546014241883
6.88561507936508,0.489500423504183,0.590256996885049,0.0704738422371588,21.4548863794423
6.88571428571429,0.489460993081304,0.590216324843489,0.0704401360605535,21.4551713090666
6.88581349206349,0.489421566242872,0.590175653308766,0.0704064459763679,21.455456213065
6.8859126984127,0.489382142988382,0.590134982282059,0.0703727719772286,21.4557410914407
6.8860119047619,0.489342723317328,0.590094311764548,0.0703391140557643,21.4560259441975
6.88611111111111,0.489303307229206,0.590053641757412,0.0703054722046064,21.4563107713386
6.88621031746032,0.489263894723509,0.590012972261829,0.0702718464163881,21.4565955728677
6.88630952380952,0.489224485799733,0.58997230327898,0.0702382366837466,21.4568803487882
6.88640873015873,0.489185080457373,0.589931634810039,0.0702046429993198,21.4571650991037
6.88650793650794,0.489145678695925,0.589890966856186,0.0701710653557489,21.4574498238175
6.88660714285714,0.489106280514883,0.589850299418597,0.0701375037456773,21.4577345229333
6.88670634920635,0.489066885913743,0.589809632498447,0.0701039581617507,21.4580191964545
6.88680555555556,0.489027494892001,0.589768966096914,0.0700704285966176,21.4583038443845
6.88690476190476,0.488988107449152,0.589728300215172,0.0700369150429285,21.458588466727
6.88700396825397,0.488948723584692,0.589687634854396,0.0700034174933366,21.4588730634853
6.88710317460317,0.488909343298118,0.58964697001576,0.0699699359404976,21.4591576346629
6.88720238095238,0.488869966588924,0.58960630570044,0.0699364703770692,21.4594421802635
6.88730158730159,0.488830593456608,0.589565641909607,0.0699030207957121,21.4597267002903
6.88740079365079,0.488791223900665,0.589524978644436,0.0698695871890889,21.460011194747
6.8875,0.488751857920593,0.589484315906099,0.0698361695498651,21.460295663637
6.88759920634921,0.488712495515886,0.589443653695768,0.0698027678707081,21.4605801069638
6.88769841269841,0.488673136686042,0.589402992014614,0.0697693821442878,21.4608645247309
6.88779761904762,0.488633781430559,0.589362330863809,0.0697360123632776,21.4611489169417
6.88789682539683,0.488594429748932,0.589321670244524,0.0697026585203519,21.4614332835998
6.88799603174603,0.488555081640658,0.589281010157928,0.0696693206081882,21.4617176247086
6.88809523809524,0.488515737105236,0.589240350605193,0.0696359986194662,21.4620019402716
6.88819444444444,0.488476396142161,0.589199691587486,0.0696026925468683,21.4622862302923
6.88829365079365,0.488437058750931,0.589159033105977,0.069569402383079,21.4625704947742
6.88839285714286,0.488397724931044,0.589118375161835,0.0695361281207855,21.4628547337207
6.88849206349206,0.488358394681997,0.589077717756226,0.0695028697526773,21.4631389471354
6.88859126984127,0.488319068003288,0.58903706089032,0.0694696272714464,21.4634231350217
6.88869047619048,0.488279744894414,0.588996404565282,0.0694364006697871,21.463707297383
6.88878968253968,0.488240425354874,0.588955748782279,0.0694031899403962,21.463991434223
6.88888888888889,0.488201109384166,0.588915093542478,0.0693699950759729,21.4642755455449
6.8889880952381,0.488161796981787,0.588874438847044,0.069336816069219,21.4645596313524
6.8890873015873,0.488122488147236,0.588833784697142,0.0693036529128384,21.4648436916489
6.88918650793651,0.488083182880011,0.588793131093936,0.0692705055995372,21.4651277264378
6.88928571428572,0.488043881179611,0.588752478038591,0.0692373741220253,21.4654117357227
6.88938492063492,0.488004583045534,0.588711825532272,0.0692042584730135,21.465695719507
6.88948412698413,0.487965288477279,0.58867117357614,0.0691711586452156,21.4659796777941
6.88958333333333,0.487925997474345,0.588630522171359,0.0691380746313479,21.4662636105876
6.88968253968254,0.487886710036231,0.588589871319092,0.0691050064241289,21.466547517891
6.88978174603175,0.487847426162436,0.5885492210205,0.0690719540162798,21.4668313997076
6.88988095238095,0.487808145852459,0.588508571276744,0.069038917400524,21.467115256041
6.88998015873016,0.487768869105799,0.588467922088986,0.0690058965695874,21.4673990868946
6.89007936507937,0.487729595921956,0.588427273458386,0.0689728915161983,21.4676828922719
6.89017857142857,0.487690326300429,0.588386625386104,0.0689399022330876,21.4679666721764
6.89027777777778,0.487651060240718,0.5883459778733,0.0689069287129884,21.4682504266115
6.89037698412698,0.487611797742322,0.588305330921132,0.0688739709486362,21.4685341555806
6.89047619047619,0.487572538804742,0.58826468453076,0.0688410289327693,21.4688178590874
6.8905753968254,0.487533283427478,0.588224038703342,0.0688081026581279,21.4691015371352
6.8906746031746,0.487494031610028,0.588183393440034,0.0687751921174547,21.4693851897274
6.89077380952381,0.487454783351895,0.588142748741995,0.0687422973034957,21.4696688168676
6.89087301587302,0.487415538652578,0.588102104610381,0.0687094182089982,21.4699524185593
6.89097222222222,0.487376297511578,0.588061461046349,0.0686765548267125,21.4702359948057
6.89107142857143,0.487337059928395,0.588020818051055,0.0686437071493912,21.4705195456105
6.89117063492063,0.487297825902529,0.587980175625653,0.0686108751697892,21.4708030709772
6.89126984126984,0.487258595433483,0.587939533771299,0.068578058880664,21.471086570909
6.89136904761905,0.487219368520755,0.587898892489148,0.0685452582747755,21.4713700454096
6.89146825396825,0.487180145163849,0.587858251780352,0.068512473344886,21.4716534944823
6.89156746031746,0.487140925362264,0.587817611646067,0.0684797040837601,21.4719369181306
6.89166666666667,0.487101709115502,0.587776972087444,0.0684469504841652,21.472220316358
6.89176587301587,0.487062496423064,0.587736333105636,0.0684142125388706,21.472503689168
6.89186507936508,0.487023287284453,0.587695694701796,0.0683814902406485,21.4727870365639
6.89196428571428,0.486984081699169,0.587655056877075,0.0683487835822732,21.4730703585493
6.89206349206349,0.486944879666714,0.587614419632624,0.0683160925565217,21.4733536551276
6.8921626984127,0.486905681186589,0.587573782969594,0.0682834171561727,21.4736369263022
6.8922619047619,0.486866486258298,0.587533146889136,0.0682507573740089,21.4739201720766
6.89236111111111,0.486827294881342,0.587492511392399,0.0682181132028139,21.4742033924542
6.89246031746032,0.486788107055224,0.587451876480532,0.0681854846353743,21.4744865874386
6.89255952380952,0.486748922779445,0.587411242154685,0.068152871664479,21.4747697570331
6.89265873015873,0.486709742053508,0.587370608416006,0.0681202742829196,21.4750529012412
6.89275793650794,0.486670564876915,0.587329975265642,0.0680876924834897,21.4753360200663
6.89285714285714,0.48663139124917,0.587289342704741,0.0680551262589858,21.475619113512
6.89295634920635,0.486592221169775,0.587248710734451,0.0680225756022065,21.4759021815815
6.89305555555556,0.486553054638232,0.587208079355917,0.0679900405059528,21.4761852242785
6.89315476190476,0.486513891654046,0.587167448570286,0.0679575209630283,21.4764682416062
6.89325396825397,0.486474732216718,0.587126818378704,0.0679250169662391,21.4767512335683
6.89335317460317,0.486435576325753,0.587086188782314,0.0678925285083934,21.4770342001681
6.89345238095238,0.486396423980653,0.587045559782264,0.0678600555823022,21.477317141409
6.89355158730159,0.486357275180923,0.587004931379695,0.0678275981807786,21.4776000572945
6.89365079365079,0.486318129926064,0.586964303575753,0.0677951562966379,21.4778829478281
6.89375,0.486278988215583,0.58692367637158,0.067762729922699,21.4781658130131
6.89384920634921,0.486239850048981,0.58688304976832,0.0677303190517821,21.4784486528531
6.89394841269841,0.486200715425764,0.586842423767114,0.06769792367671,21.4787314673514
6.89404761904762,0.486161584345435,0.586801798369105,0.0676655437903082,21.4790142565116
6.89414682539683,0.486122456807498,0.586761173575434,0.0676331793854045,21.4792970203369
6.89424603174603,0.486083332811457,0.586720549387242,0.0676008304548291,21.479579758831
6.89434523809524,0.486044212356818,0.586679925805669,0.0675684969914146,21.4798624719971
6.89444444444444,0.486005095443084,0.586639302831856,0.0675361789879961,21.4801451598389
6.89454365079365,0.48596598206976,0.586598680466941,0.0675038764374111,21.4804278223595
6.89464285714286,0.485926872236352,0.586558058712065,0.0674715893324996,21.4807104595627
6.89474206349206,0.485887765942363,0.586517437568366,0.0674393176661039,21.4809930714516
6.89484126984127,0.485848663187298,0.586476817036982,0.0674070614310687,21.4812756580299
6.89494047619048,0.485809563970664,0.58643619711905,0.0673748206202414,21.4815582193008
6.89503968253968,0.485770468291964,0.586395577815708,0.0673425952264715,21.4818407552679
6.89513888888889,0.485731376150705,0.586354959128092,0.0673103852426106,21.4821232659346
6.8952380952381,0.485692287546392,0.58631434105734,0.0672781906615141,21.4824057513043
6.8953373015873,0.48565320247853,0.586273723604586,0.0672460114760385,21.4826882113805
6.89543650793651,0.485614120946625,0.586233106770967,0.0672138476790431,21.4829706461665
6.89553571428571,0.485575042950183,0.586192490557617,0.0671816992633898,21.4832530556658
6.89563492063492,0.485535968488709,0.58615187496567,0.0671495662219425,21.4835354398818
6.89573412698413,0.485496897561711,0.586111259996261,0.0671174485475681,21.4838177988179
6.89583333333333,0.485457830168693,0.586070645650523,0.0670853462331355,21.4841001324777
6.89593253968254,0.485418766309163,0.586030031929589,0.0670532592715162,21.4843824408644
6.89603174603175,0.485379705982626,0.585989418834592,0.067021187655584,21.4846647239816
6.89613095238095,0.485340649188589,0.585948806366664,0.0669891313782154,21.4849469818326
6.89623015873016,0.485301595926559,0.585908194526936,0.066957090432289,21.4852292144208
6.89632936507936,0.485262546196042,0.585867583316539,0.0669250648106861,21.4855114217498
6.89642857142857,0.485223499996545,0.585826972736605,0.0668930545062901,21.4857936038229
6.89652777777778,0.485184457327576,0.585786362788264,0.0668610595119872,21.4860757606435
6.89662698412698,0.48514541818864,0.585745753472645,0.0668290798206654,21.486357892215
6.89672619047619,0.485106382579246,0.585705144790877,0.0667971154252163,21.4866399985409
6.8968253968254,0.4850673504989,0.585664536744091,0.0667651663185329,21.4869220796247
6.8969246031746,0.485028321947111,0.585623929333414,0.0667332324935109,21.4872041354696
6.89702380952381,0.484989296923386,0.585583322559973,0.0667013139430485,21.4874861660791
6.89712301587302,0.484950275427232,0.585542716424897,0.0666694106600461,21.4877681714567
6.89722222222222,0.484911257458156,0.585502110929312,0.0666375226374069,21.4880501516058
6.89732142857143,0.484872243015668,0.585461506074346,0.0666056498680363,21.4883321065297
6.89742063492063,0.484833232099275,0.585420901861123,0.066573792344842,21.4886140362319
6.89751984126984,0.484794224708485,0.58538029829077,0.0665419500607345,21.4888959407158
6.89761904761905,0.484755220842806,0.585339695364412,0.0665101230086263,21.4891778199848
6.89771825396825,0.484716220501747,0.585299093083174,0.0664783111814327,21.4894596740423
6.89781746031746,0.484677223684816,0.585258491448179,0.0664465145720712,21.4897415028918
6.89791666666667,0.484638230391521,0.585217890460551,0.0664147331734617,21.4900233065366
6.89801587301587,0.484599240621372,0.585177290121414,0.0663829669785268,21.4903050849802
6.89811507936508,0.484560254373877,0.585136690431891,0.0663512159801908,21.4905868382259
6.89821428571429,0.484521271648545,0.585096091393103,0.0663194801713817,21.4908685662772
6.89831349206349,0.484482292444885,0.585055493006174,0.066287759545029,21.4911502691375
6.8984126984127,0.484443316762407,0.585014895272223,0.0662560540940647,21.4914319468101
6.89851190476191,0.484404344600619,0.584974298192373,0.0662243638114233,21.4917135992986
6.89861111111111,0.484365375959031,0.584933701767744,0.0661926886900418,21.4919952266063
6.89871031746032,0.484326410837153,0.584893105999455,0.0661610287228596,21.4922768287365
6.89880952380952,0.484287449234494,0.584852510888626,0.0661293839028186,21.4925584056928
6.89890873015873,0.484248491150564,0.584811916436377,0.0660977542228629,21.4928399574785
6.89900793650794,0.484209536584872,0.584771322643825,0.0660661396759393,21.493121484097
6.89910714285714,0.484170585536929,0.58473072951209,0.0660345402549968,21.4934029855517
6.89920634920635,0.484131638006245,0.584690137042289,0.066002955952987,21.493684461846
6.89930555555556,0.48409269399233,0.584649545235538,0.0659713867628637,21.4939659129834
6.89940476190476,0.484053753494694,0.584608954092956,0.0659398326775835,21.4942473389671
6.89950396825397,0.484014816512848,0.584568363615658,0.0659082936901051,21.4945287398007
6.89960317460318,0.483975883046302,0.584527773804759,0.0658767697933892,21.4948101154875
6.89970238095238,0.483936953094567,0.584487184661376,0.0658452609804004,21.4950914660309
6.89980158730159,0.483898026657154,0.584446596186623,0.0658137672441044,21.4953727914343
6.89990079365079,0.483859103733573,0.584406008381615,0.0657822885774697,21.4956540917011
6.9,0.483820184323336,0.584365421247465,0.0657508249734671,21.4959353668347
6.90009920634921,0.483781268425954,0.584324834785288,0.0657193764250701,21.4962166168385
6.90019841269841,0.483742356040939,0.584284248996196,0.0656879429252544,21.4964978417159
6.90029761904762,0.4837034471678,0.584243663881302,0.0656565244669982,21.4967790414703
6.90039682539683,0.48366454180605,0.584203079441718,0.0656251210432822,21.4970602161051
6.90049603174603,0.483625639955201,0.584162495678555,0.0655937326470894,21.4973413656236
6.90059523809524,0.483586741614764,0.584121912592925,0.0655623592714054,21.4976224900293
6.90069444444444,0.483547846784251,0.584081330185939,0.0655310009092179,21.4979035893255
6.90079365079365,0.483508955463174,0.584040748458707,0.0654996575535175,21.4981846635156
6.90089285714286,0.483470067651045,0.584000167412338,0.0654683291972967,21.4984657126031
6.90099206349206,0.483431183347377,0.583959587047941,0.0654370158335509,21.4987467365913
6.90109126984127,0.48339230255168,0.583919007366626,0.0654057174552772,21.4990277354836
6.90119047619048,0.483353425263469,0.583878428369502,0.0653744340554766,21.4993087092834
6.90128968253968,0.483314551482255,0.583837850057676,0.0653431656271509,21.4995896579941
6.90138888888889,0.483275681207551,0.583797272432255,0.0653119121633052,21.499870581619
6.9014880952381,0.48323681443887,0.583756695494347,0.0652806736569468,21.5001514801616
6.9015873015873,0.483197951175725,0.583716119245058,0.0652494501010854,21.5004323536252
6.90168650793651,0.483159091417629,0.583675543685494,0.0652182414887332,21.5007132020132
6.90178571428571,0.483120235164094,0.583634968816761,0.0651870478129048,21.500994025329
6.90188492063492,0.483081382414635,0.583594394639963,0.0651558690666171,21.501274823576
6.90198412698413,0.483042533168764,0.583553821156206,0.0651247052428898,21.5015555967575
6.90208333333333,0.483003687425995,0.583513248366594,0.0650935563347445,21.501836344877
6.90218253968254,0.482964845185841,0.583472676272231,0.0650624223352057,21.5021170679378
6.90228174603175,0.482926006447816,0.583432104874219,0.0650313032373001,21.5023977659433
6.90238095238095,0.482887171211434,0.583391534173662,0.0650001990340568,21.5026784388968
6.90248015873016,0.482848339476209,0.583350964171661,0.0649691097185073,21.5029590868018
6.90257936507937,0.482809511241655,0.583310394869319,0.0649380352836854,21.5032397096617
6.90267857142857,0.482770686507286,0.583269826267738,0.0649069757226282,21.5035203074797
6.90277777777778,0.482731865272616,0.583229258368018,0.0648759310283742,21.5038008802593
6.90287698412698,0.48269304753716,0.58318869117126,0.0648449011939647,21.5040814280039
6.90297619047619,0.482654233300432,0.583148124678563,0.0648138862124434,21.5043619507168
6.9030753968254,0.482615422561947,0.583107558891028,0.0647828860768564,21.5046424484014
6.9031746031746,0.482576615321219,0.583066993809753,0.0647519007802523,21.5049229210611
6.90327380952381,0.482537811577764,0.583026429435836,0.064720930315682,21.5052033686992
6.90337301587302,0.482499011331097,0.582985865770377,0.0646899746761991,21.5054837913192
6.90347222222222,0.482460214580731,0.582945302814473,0.0646590338548592,21.5057641889243
6.90357142857143,0.482421421326183,0.582904740569221,0.0646281078447208,21.506044561518
6.90367063492063,0.482382631566968,0.582864179035718,0.0645971966388445,21.5063249091036
6.90376984126984,0.482343845302602,0.58282361821506,0.0645663002302933,21.5066052316844
6.90386904761905,0.482305062532599,0.582783058108343,0.0645354186121329,21.506885529264
6.90396825396825,0.482266283256477,0.582742498716662,0.0645045517774312,21.5071658018456
6.90406746031746,0.482227507473748,0.582701940041112,0.0644736997192582,21.5074460494325
6.90416666666667,0.482188735183932,0.582661382082788,0.0644428624306875,21.5077262720283
6.90426587301587,0.482149966386543,0.582620824842783,0.064412039904794,21.5080064696361
6.90436507936508,0.482111201081097,0.582580268322192,0.0643812321346554,21.5082866422595
6.90446428571429,0.482072439267111,0.582539712522107,0.0643504391133517,21.5085667899016
6.90456349206349,0.482033680944101,0.582499157443621,0.0643196608339655,21.508846912566
6.9046626984127,0.481994926111583,0.582458603087826,0.0642888972895817,21.509127010256
6.90476190476191,0.481956174769075,0.582418049455813,0.0642581484732877,21.5094070829749
6.90486111111111,0.481917426916092,0.582377496548674,0.0642274143781733,21.5096871307261
6.90496031746032,0.481878682552152,0.582336944367499,0.0641966949973308,21.5099671535129
6.90505952380952,0.481839941676771,0.58229639291338,0.0641659903238547,21.5102471513388
6.90515873015873,0.481801204289467,0.582255842187404,0.0641353003508423,21.510527124207
6.90525793650794,0.481762470389757,0.582215292190662,0.0641046250713928,21.5108070721209
6.90535714285714,0.481723739977157,0.582174742924244,0.0640739644786084,21.511086995084
6.90545634920635,0.481685013051186,0.582134194389236,0.0640433185655934,21.5113668930994
6.90555555555556,0.481646289611361,0.582093646586726,0.0640126873254541,21.5116467661707
6.90565476190476,0.4816075696572,0.582053099517803,0.0639820707513006,21.5119266143011
6.90575396825397,0.48156885318822,0.582012553183554,0.0639514688362441,21.512206437494
6.90585317460318,0.481530140203939,0.581972007585065,0.0639208815733986,21.5124862357528
6.90595238095238,0.481491430703876,0.581931462723422,0.0638903089558807,21.5127660090808
6.90605158730159,0.481452724687547,0.581890918599711,0.0638597509768093,21.5130457574813
6.90615079365079,0.481414022154473,0.581850375215016,0.0638292076293056,21.5133254809578
6.90625,0.48137532310417,0.581809832570423,0.0637986789064935,21.5136051795135
6.90634920634921,0.481336627536157,0.581769290667015,0.0637681648014992,21.5138848531518
6.90644841269841,0.481297935449954,0.581728749505876,0.0637376653074513,21.5141645018761
6.90654761904762,0.481259246845078,0.581688209088091,0.0637071804174808,21.5144441256896
6.90664682539682,0.481220561721048,0.581647669414741,0.0636767101247212,21.5147237245959
6.90674603174603,0.481181880077383,0.581607130486908,0.0636462544223084,21.5150032985981
6.90684523809524,0.481143201913603,0.581566592305675,0.0636158133033807,21.5152828476997
6.90694444444444,0.481104527229227,0.581526054872124,0.0635853867610789,21.5155623719039
6.90704365079365,0.481065856023772,0.581485518187334,0.0635549747885457,21.5158418712142
6.90714285714286,0.48102718829676,0.581444982252386,0.0635245773789275,21.5161213456339
6.90724206349206,0.48098852404771,0.581404447068362,0.063494194525372,21.5164007951663
6.90734126984127,0.480949863276141,0.581363912636339,0.0634638262210297,21.5166802198147
6.90744047619048,0.480911205981572,0.581323378957398,0.0634334724590533,21.5169596195826
6.90753968253968,0.480872552163525,0.581282846032616,0.0634031332325982,21.5172389944732
6.90763888888889,0.480833901821518,0.581242313863073,0.0633728085348221,21.5175183444899
6.90773809523809,0.480795254955072,0.581201782449845,0.0633424983588852,21.517797669636
6.9078373015873,0.480756611563707,0.58116125179401,0.0633122026979501,21.5180769699149
6.90793650793651,0.480717971646943,0.581120721896645,0.0632819215451818,21.5183562453299
6.90803571428571,0.480679335204301,0.581080192758825,0.0632516548937476,21.5186354958843
6.90813492063492,0.480640702235302,0.581039664381627,0.0632214027368175,21.5189147215815
6.90823412698413,0.480602072739465,0.580999136766127,0.0631911650675638,21.5191939224248
6.90833333333333,0.480563446716311,0.580958609913398,0.0631609418791611,21.5194730984175
6.90843253968254,0.480524824165363,0.580918083824516,0.0631307331647866,21.519752249563
6.90853174603175,0.480486205086139,0.580877558500554,0.0631005389176195,21.5200313758647
6.90863095238095,0.480447589478163,0.580837033942586,0.0630703591308425,21.5203104773258
6.90873015873016,0.480408977340954,0.580796510151685,0.0630401937976397,21.5205895539496
6.90882936507937,0.480370368674035,0.580755987128924,0.0630100429111979,21.5208686057396
6.90892857142857,0.480331763476927,0.580715464875374,0.0629799064647064,21.521147632699
6.90902777777778,0.480293161749151,0.580674943392108,0.0629497844513568,21.5214266348311
6.90912698412698,0.480254563490229,0.580634422680196,0.0629196768643434,21.5217056121394
6.90922619047619,0.480215968699682,0.580593902740709,0.0628895836968625,21.5219845646271
6.9093253968254,0.480177377377034,0.580553383574718,0.0628595049421133,21.5222634922976
6.9094246031746,0.480138789521805,0.580512865183292,0.062829440593297,21.5225423951541
6.90952380952381,0.480100205133519,0.580472347567501,0.0627993906436176,21.5228212732
6.90962301587302,0.480061624211696,0.580431830728413,0.0627693550862813,21.5231001264387
6.90972222222222,0.480023046755861,0.580391314667096,0.0627393339144967,21.5233789548734
6.90982142857143,0.479984472765534,0.58035079938462,0.0627093271214749,21.5236577585076
6.90992063492063,0.47994590224024,0.58031028488205,0.0626793347004295,21.5239365373444
6.91001984126984,0.479907335179499,0.580269771160454,0.062649356644576,21.5242152913872
6.91011904761905,0.479868771582836,0.5802292582209,0.0626193929471337,21.5244940206394
6.91021825396825,0.479830211449774,0.580188746064452,0.0625894436013228,21.5247727251043
6.91031746031746,0.479791654779835,0.580148234692176,0.0625595086003667,21.5250514047852
6.91041666666667,0.479753101572543,0.580107724105138,0.062529587937491,21.5253300596853
6.91051587301587,0.479714551827421,0.580067214304402,0.0624996816059238,21.5256086898081
6.91061507936508,0.479676005543992,0.580026705291032,0.0624697895988955,21.5258872951569
6.91071428571429,0.479637462721781,0.579986197066093,0.0624399119096392,21.5261658757349
6.91081349206349,0.47959892336031,0.579945689630646,0.0624100485313901,21.5264444315455
6.9109126984127,0.479560387459104,0.579905182985756,0.0623801994573861,21.526722962592
6.9110119047619,0.479521855017686,0.579864677132485,0.0623503646808674,21.5270014688778
6.91111111111111,0.47948332603558,0.579824172071893,0.0623205441950766,21.527279950406
6.91121031746032,0.479444800512311,0.579783667805044,0.0622907379932588,21.5275584071801
6.91130952380952,0.479406278447403,0.579743164332997,0.0622609460686614,21.5278368392034
6.91140873015873,0.47936775984038,0.579702661656813,0.0622311684145345,21.5281152464791
6.91150793650794,0.479329244690766,0.579662159777552,0.0622014050241299,21.5283936290106
6.91160714285714,0.479290732998087,0.579621658696274,0.0621716558907031,21.5286719868012
6.91170634920635,0.479252224761867,0.579581158414038,0.0621419210075111,21.5289503198542
6.91180555555556,0.479213719981631,0.579540658931903,0.0621122003678134,21.529228628173
6.91190476190476,0.479175218656903,0.579500160250926,0.062082493964872,21.5295069117607
6.91200396825397,0.47913672078721,0.579459662372165,0.0620528017919515,21.5297851706208
6.91210317460317,0.479098226372075,0.579419165296678,0.0620231238423186,21.5300634047565
6.91220238095238,0.479059735411025,0.579378669025521,0.0619934601092429,21.5303416141712
6.91230158730159,0.479021247903585,0.57933817355975,0.0619638105859959,21.5306197988681
6.91240079365079,0.47898276384928,0.579297678900422,0.0619341752658519,21.5308979588505
6.9125,0.478944283247636,0.579257185048592,0.0619045541420875,21.5311760941219
6.91259920634921,0.478905806098178,0.579216692005315,0.0618749472079817,21.5314542046854
6.91269841269841,0.478867332400433,0.579176199771644,0.0618453544568159,21.5317322905444
6.91279761904762,0.478828862153927,0.579135708348634,0.0618157758818741,21.5320103517021
6.91289682539682,0.478790395358185,0.579095217737339,0.0617862114764425,21.5322883881619
6.91299603174603,0.478751932012734,0.579054727938811,0.0617566612338095,21.5325663999271
6.91309523809524,0.478713472117101,0.579014238954104,0.061727125147267,21.532844387001
6.91319444444444,0.478675015670811,0.578973750784269,0.0616976032101083,21.5331223493868
6.91329365079365,0.478636562673392,0.578933263430358,0.0616680954156292,21.5334002870879
6.91339285714286,0.478598113124369,0.578892776893421,0.0616386017571284,21.5336782001076
6.91349206349206,0.478559667023271,0.578852291174511,0.0616091222279065,21.5339560884492
6.91359126984127,0.478521224369623,0.578811806274677,0.0615796568212669,21.5342339521159
6.91369047619048,0.478482785162953,0.578771322194968,0.0615502055305154,21.5345117911111
6.91378968253968,0.478444349402788,0.578730838936434,0.06152076834896,21.534789605438
6.91388888888889,0.478405917088655,0.578690356500125,0.0614913452699114,21.5350673951
6.91398809523809,0.478367488220081,0.578649874887087,0.0614619362866824,21.5353451601004
6.9140873015873,0.478329062796595,0.57860939409837,0.0614325413925886,21.5356229004424
6.91418650793651,0.478290640817724,0.578568914135021,0.0614031605809478,21.5359006161293
6.91428571428571,0.478252222282995,0.578528434998086,0.0613737938450802,21.5361783071644
6.91438492063492,0.478213807191936,0.578487956688613,0.0613444411783085,21.5364559735511
6.91448412698413,0.478175395544075,0.578447479207646,0.0613151025739575,21.5367336152925
6.91458333333333,0.478136987338941,0.578407002556233,0.0612857780253555,21.5370112323921
6.91468253968254,0.478098582576062,0.578366526735417,0.0612564675258321,21.537288824853
6.91478174603175,0.478060181254965,0.578326051746244,0.0612271710687197,21.5375663926787
6.91488095238095,0.47802178337518,0.578285577589758,0.061197888647353,21.5378439358722
6.91498015873016,0.477983388936235,0.578245104267003,0.0611686202550694,21.538121454437
6.91507936507937,0.477944997937658,0.578204631779021,0.0611393658852086,21.5383989483764
6.91517857142857,0.477906610378979,0.578164160126856,0.0611101255311125,21.5386764176936
6.91527777777778,0.477868226259725,0.57812368931155,0.0610808991861258,21.5389538623918
6.91537698412698,0.477829845579428,0.578083219334145,0.0610516868435955,21.5392312824745
6.91547619047619,0.477791468337614,0.578042750195682,0.0610224884968708,21.5395086779448
6.9155753968254,0.477753094533814,0.578002281897203,0.0609933041393036,21.5397860488061
6.9156746031746,0.477714724167557,0.577961814439747,0.0609641337642481,21.5400633950616
6.91577380952381,0.477676357238373,0.577921347824354,0.0609349773650611,21.5403407167146
6.91587301587302,0.477637993745791,0.577880882052065,0.0609058349351015,21.5406180137684
6.91597222222222,0.47759963368934,0.577840417123917,0.0608767064677305,21.5408952862263
6.91607142857143,0.477561277068551,0.577799953040951,0.0608475919563128,21.5411725340916
6.91617063492064,0.477522923882954,0.577759489804204,0.0608184913942144,21.5414497573674
6.91626984126984,0.477484574132078,0.577719027414714,0.060789404774804,21.5417269560572
6.91636904761905,0.477446227815454,0.577678565873518,0.0607603320914529,21.5420041301642
6.91646825396825,0.477407884932612,0.577638105181652,0.0607312733375348,21.5422812796916
6.91656746031746,0.477369545483083,0.577597645340153,0.0607022285064256,21.5425584046428
6.91666666666667,0.477331209466397,0.577557186350057,0.060673197591504,21.542835505021
6.91676587301587,0.477292876882084,0.5775167282124,0.0606441805861507,21.5431125808294
6.91686507936508,0.477254547729676,0.577476270928215,0.0606151774837491,21.5433896320714
6.91696428571429,0.477216222008704,0.577435814498538,0.0605861882776851,21.5436666587503
6.91706349206349,0.477177899718697,0.577395358924402,0.0605572129613468,21.5439436608692
6.9171626984127,0.477139580859188,0.577354904206841,0.0605282515281247,21.5442206384315
6.9172619047619,0.477101265429708,0.577314450346889,0.0604993039714121,21.5444975914405
6.91736111111111,0.477062953429787,0.577273997345576,0.0604703702846043,21.5447745198994
6.91746031746032,0.477024644858958,0.577233545203936,0.0604414504610989,21.5450514238114
6.91755952380952,0.476986339716751,0.577193093923001,0.0604125444942969,21.5453283031799
6.91765873015873,0.4769480380027,0.577152643503801,0.0603836523776008,21.5456051580081
6.91775793650794,0.476909739716335,0.577112193947367,0.0603547741044156,21.5458819882993
6.91785714285714,0.476871444857189,0.577071745254729,0.0603259096681491,21.5461587940568
6.91795634920635,0.476833153424793,0.577031297426918,0.0602970590622112,21.5464355752837
6.91805555555556,0.476794865418679,0.576990850464962,0.0602682222800143,21.5467123319835
6.91815476190476,0.47675658083838,0.576950404369891,0.0602393993149735,21.5469890641593
6.91825396825397,0.476718299683429,0.576909959142732,0.0602105901605059,21.5472657718143
6.91835317460317,0.476680021953357,0.576869514784513,0.0601817948100313,21.547542454952
6.91845238095238,0.476641747647698,0.576829071296263,0.0601530132569719,21.5478191135755
6.91855158730159,0.476603476765984,0.576788628679008,0.0601242454947523,21.548095747688
6.91865079365079,0.476565209307748,0.576748186933774,0.0600954915167994,21.5483723572929
6.91875,0.476526945272522,0.576707746061588,0.0600667513165427,21.5486489423934
6.91884920634921,0.476488684659841,0.576667306063475,0.060038024887414,21.5489255029928
6.91894841269841,0.476450427469236,0.57662686694046,0.0600093122228473,21.5492020390944
6.91904761904762,0.476412173700242,0.576586428693569,0.0599806133162801,21.5494785507012
6.91914682539683,0.476373923352392,0.576545991323824,0.0599519281611511,21.5497550378168
6.91924603174603,0.47633567642522,0.576505554832251,0.0599232567509019,21.5500315004442
6.91934523809524,0.476297432918259,0.576465119219871,0.0598945990789764,21.5503079385868
6.91944444444444,0.476259192831043,0.576424684487709,0.0598659551388211,21.5505843522478
6.91954365079365,0.476220956163105,0.576384250636786,0.0598373249238848,21.5508607414304
6.91964285714286,0.47618272291398,0.576343817668124,0.0598087084276189,21.5511371061379
6.91974206349206,0.476144493083202,0.576303385582744,0.0597801056434769,21.5514134463737
6.91984126984127,0.476106266670306,0.576262954381668,0.059751516564915,21.5516897621408
6.91994047619048,0.476068043674825,0.576222524065916,0.0597229411853918,21.5519660534426
6.92003968253968,0.476029824096293,0.576182094636508,0.0596943794983683,21.5522423202823
6.92013888888889,0.475991607934247,0.576141666094463,0.0596658314973077,21.5525185626631
6.9202380952381,0.47595339518822,0.576101238440801,0.0596372971756761,21.5527947805884
6.9203373015873,0.475915185857746,0.57606081167654,0.0596087765269415,21.5530709740613
6.92043650793651,0.475876979942362,0.576020385802698,0.0595802695445744,21.5533471430852
6.92053571428572,0.475838777441602,0.575979960820293,0.0595517762220486,21.5536232876632
6.92063492063492,0.475800578355001,0.575939536730342,0.0595232965528392,21.5538994077986
6.92073412698413,0.475762382682095,0.575899113533863,0.0594948305304241,21.5541755034946
6.92083333333333,0.475724190422419,0.575858691231871,0.0594663781482839,21.5544515747546
6.92093253968254,0.475686001575508,0.575818269825381,0.0594379393999012,21.5547276215816
6.92103174603175,0.475647816140899,0.57577784931541,0.0594095142787613,21.5550036439791
6.92113095238095,0.475609634118126,0.575737429702973,0.0593811027783519,21.5552796419501
6.92123015873016,0.475571455506726,0.575697010989083,0.059352704892163,21.555555615498
6.92132936507937,0.475533280306235,0.575656593174755,0.0593243206136872,21.555831564626
6.92142857142857,0.475495108516188,0.575616176261002,0.0592959499364194,21.5561074893374
6.92152777777778,0.475456940136123,0.575575760248837,0.059267592853857,21.5563833896353
6.92162698412698,0.475418775165575,0.575535345139273,0.0592392493594997,21.5566592655231
6.92172619047619,0.475380613604081,0.575494930933322,0.0592109194468498,21.5569351170039
6.9218253968254,0.475342455451177,0.575454517631995,0.0591826031094119,21.5572109440809
6.9219246031746,0.4753043007064,0.575414105236303,0.0591543003406927,21.5574867467576
6.92202380952381,0.475266149369287,0.575373693747258,0.0591260111342024,21.557762525037
6.92212301587302,0.475228001439375,0.57533328316587,0.0590977354834527,21.5580382789223
6.92222222222222,0.475189856916201,0.575292873493148,0.0590694733819577,21.558314008417
6.92232142857143,0.475151715799301,0.575252464730102,0.0590412248232344,21.558589713524
6.92242063492063,0.475113578088214,0.57521205687774,0.0590129898008019,21.5588653942468
6.92251984126984,0.475075443782477,0.575171649937071,0.0589847683081818,21.5591410505885
6.92261904761905,0.475037312881626,0.575131243909103,0.0589565603388982,21.5594166825524
6.92271825396825,0.4749991853852,0.575090838794843,0.0589283658864776,21.5596922901416
6.92281746031746,0.474961061292737,0.575050434595299,0.0589001849444488,21.5599678733595
6.92291666666667,0.474922940603774,0.575010031311476,0.0588720175063432,21.5602434322093
6.92301587301587,0.474884823317849,0.57496962894438,0.0588438635656945,21.5605189666941
6.92311507936508,0.4748467094345,0.574929227495019,0.0588157231160389,21.5607944768172
6.92321428571428,0.474808598953266,0.574888826964395,0.0587875961509151,21.5610699625819
6.92331349206349,0.474770491873684,0.574848427353515,0.0587594826638639,21.5613454239913
6.9234126984127,0.474732388195294,0.574808028663381,0.0587313826484286,21.5616208610487
6.9235119047619,0.474694287917633,0.574767630894999,0.0587032960981558,21.5618962737573
6.92361111111111,0.474656191040241,0.574727234049371,0.0586752230065934,21.5621716621204
6.92371031746032,0.474618097562656,0.574686838127501,0.0586471633672921,21.5624470261411
6.92380952380952,0.474580007484417,0.574646443130389,0.0586191171738051,21.5627223658227
6.92390873015873,0.474541920805063,0.574606049059039,0.0585910844196879,21.5629976811684
6.92400793650794,0.474503837524134,0.574565655914452,0.0585630650984987,21.5632729721814
6.92410714285714,0.474465757641167,0.574525263697628,0.0585350592037978,21.563548238865
6.92420634920635,0.474427681155704,0.574484872409568,0.0585070667291481,21.5638234812223
6.92430555555556,0.474389608067283,0.574444482051273,0.0584790876681148,21.5640986992566
6.92440476190476,0.474351538375443,0.57440409262374,0.0584511220142657,21.5643738929711
6.92450396825397,0.474313472079725,0.574363704127971,0.058423169761171,21.5646490623691
6.92460317460317,0.474275409179668,0.574323316564963,0.0583952309024032,21.5649242074536
6.92470238095238,0.474237349674813,0.574282929935714,0.0583673054315373,21.5651993282281
6.92480158730159,0.474199293564699,0.574242544241222,0.0583393933421508,21.5654744246956
6.92490079365079,0.474161240848866,0.574202159482484,0.058311494627823,21.5657494968594
6.925,0.474123191526855,0.574161775660497,0.058283609282137,21.5660245447226
6.92509920634921,0.474085145598206,0.574121392776258,0.0582557372986771,21.5662995682886
6.92519841269841,0.47404710306246,0.574081010830762,0.0582278786710306,21.5665745675605
6.92529761904762,0.474009063919157,0.574040629825004,0.0582000333927868,21.5668495425416
6.92539682539683,0.473971028167838,0.57400024975998,0.0581722014575378,21.567124493235
6.92549603174603,0.473932995808044,0.573959870636684,0.058144382858878,21.5673994196439
6.92559523809524,0.473894966839316,0.573919492456109,0.0581165775904043,21.5676743217716
6.92569444444444,0.473856941261194,0.573879115219249,0.0580887856457158,21.5679491996213
6.92579365079365,0.473818919073221,0.573838738927098,0.0580610070184142,21.5682240531962
6.92589285714286,0.473780900274938,0.573798363580647,0.0580332417021037,21.5684988824994
6.92599206349206,0.473742884865885,0.57375798918089,0.0580054896903908,21.5687736875343
6.92609126984127,0.473704872845605,0.573717615728816,0.0579777509768844,21.569048468304
6.92619047619048,0.473666864213639,0.573677243225419,0.057950025555196,21.5693232248116
6.92628968253968,0.473628858969529,0.573636871671688,0.0579223134189393,21.5695979570605
6.92638888888889,0.473590857112816,0.573596501068612,0.0578946145617302,21.5698726650538
6.9264880952381,0.473552858643044,0.573556131417184,0.0578669289771881,21.5701473487947
6.9265873015873,0.473514863559754,0.573515762718392,0.0578392566589337,21.5704220082865
6.92668650793651,0.473476871862487,0.573475394973223,0.0578115976005906,21.5706966435323
6.92678571428571,0.473438883550788,0.573435028182668,0.0577839517957846,21.5709712545353
6.92688492063492,0.473400898624198,0.573394662347714,0.0577563192381442,21.5712458412987
6.92698412698413,0.473362917082259,0.573354297469347,0.0577286999213,21.5715204038258
6.92708333333333,0.473324938924515,0.573313933548556,0.0577010938388855,21.5717949421196
6.92718253968254,0.473286964150508,0.573273570586327,0.0576735009845361,21.5720694561835
6.92728174603175,0.473248992759781,0.573233208583645,0.05764592135189,21.5723439460207
6.92738095238095,0.473211024751878,0.573192847541496,0.0576183549345876,21.5726184116342
6.92748015873016,0.473173060126341,0.573152487460866,0.057590801726272,21.5728928530274
6.92757936507936,0.473135098882714,0.57311212834274,0.0575632617205883,21.5731672702033
6.92767857142857,0.47309714102054,0.5730717701881,0.0575357349111844,21.5734416631653
6.92777777777778,0.473059186539362,0.573031412997931,0.0575082212917105,21.5737160319164
6.92787698412698,0.473021235438725,0.572991056773216,0.0574807208558189,21.57399037646
6.92797619047619,0.472983287718172,0.572950701514939,0.0574532335971653,21.5742646967991
6.9280753968254,0.472945343377247,0.57291034722408,0.0574257595094068,21.5745389929371
6.9281746031746,0.472907402415495,0.572869993901623,0.0573982985862034,21.5748132648769
6.92827380952381,0.472869464832458,0.572829641548549,0.0573708508212174,21.575087512622
6.92837301587302,0.472831530627682,0.572789290165838,0.0573434162081135,21.5753617361753
6.92847222222222,0.47279359980071,0.572748939754471,0.0573159947405589,21.5756359355403
6.92857142857143,0.472755672351088,0.572708590315428,0.0572885864122232,21.5759101107199
6.92867063492063,0.472717748278359,0.572668241849689,0.0572611912167785,21.5761842617174
6.92876984126984,0.472679827582068,0.572627894358232,0.0572338091478992,21.5764583885361
6.92886904761905,0.472641910261761,0.572587547842036,0.0572064401992621,21.576732491179
6.92896825396825,0.472603996316982,0.57254720230208,0.0571790843645467,21.5770065696494
6.92906746031746,0.472566085747276,0.57250685773934,0.0571517416374346,21.5772806239505
6.92916666666667,0.472528178552189,0.572466514154795,0.05712441201161,21.5775546540853
6.92926587301587,0.472490274731265,0.57242617154942,0.0570970954807595,21.5778286600572
6.92936507936508,0.47245237428405,0.572385829924193,0.0570697920385717,21.5781026418693
6.92946428571429,0.472414477210089,0.572345489280088,0.0570425016787388,21.5783765995248
6.92956349206349,0.472376583508929,0.572305149618082,0.0570152243949543,21.5786505330269
6.9296626984127,0.472338693180115,0.57226481093915,0.0569879601809146,21.5789244423787
6.92976190476191,0.472300806223192,0.572224473244265,0.0569607090303182,21.5791983275834
6.92986111111111,0.472262922637707,0.572184136534401,0.0569334709368664,21.5794721886442
6.92996031746032,0.472225042423206,0.572143800810533,0.0569062458942628,21.5797460255643
6.93005952380952,0.472187165579235,0.572103466073632,0.0568790338962132,21.5800198383468
6.93015873015873,0.47214929210534,0.572063132324673,0.0568518349364263,21.580293626995
6.93025793650794,0.472111422001068,0.572022799564626,0.0568246490086127,21.580567391512
6.93035714285714,0.472073555265965,0.571982467794463,0.0567974761064857,21.580841131901
6.93045634920635,0.472035691899578,0.571942137015156,0.0567703162237612,21.5811148481652
6.93055555555556,0.471997831901454,0.571901807227675,0.0567431693541571,21.5813885403076
6.93065476190476,0.47195997527114,0.57186147843299,0.0567160354913941,21.5816622083316
6.93075396825397,0.471922122008182,0.571821150632072,0.0566889146291951,21.5819358522403
6.93085317460318,0.471884272112127,0.571780823825888,0.0566618067612852,21.5822094720368
6.93095238095238,0.471846425582524,0.571740498015409,0.0566347118813928,21.5824830677244
6.93105158730159,0.471808582418919,0.571700173201603,0.056607629983248,21.5827566393061
6.93115079365079,0.47177074262086,0.571659849385438,0.0565805610605834,21.5830301867852
6.93125,0.471732906187895,0.571619526567881,0.0565535051071341,21.5833037101648
6.93134920634921,0.471695073119571,0.571579204749898,0.0565264621166376,21.5835772094481
6.93144841269841,0.471657243415436,0.571538883932457,0.0564994320828339,21.5838506846383
6.93154761904762,0.471619417075037,0.571498564116524,0.0564724149994654,21.5841241357385
6.93164682539683,0.471581594097924,0.571458245303063,0.0564454108602768,21.5843975627519
6.93174603174603,0.471543774483644,0.571417927493041,0.0564184196590155,21.5846709656816
6.93184523809524,0.471505958231745,0.571377610687422,0.0563914413894311,21.5849443445309
6.93194444444444,0.471468145341777,0.57133729488717,0.0563644760452756,21.5852176993029
6.93204365079365,0.471430335813286,0.571296980093248,0.0563375236203037,21.5854910300008
6.93214285714286,0.471392529645823,0.571256666306621,0.0563105841082722,21.5857643366276
6.93224206349206,0.471354726838935,0.57121635352825,0.0562836575029404,21.5860376191866
6.93234126984127,0.471316927392172,0.571176041759098,0.0562567437980699,21.586310877681
6.93244047619048,0.471279131305083,0.571135731000127,0.0562298429874256,21.5865841121139
6.93253968253968,0.471241338577216,0.571095421252298,0.0562029550647737,21.5868573224884
6.93263888888889,0.471203549208122,0.571055112516573,0.0561760800238833,21.5871305088077
6.9327380952381,0.471165763197349,0.571014804793912,0.056149217858526,21.587403671075
6.9328373015873,0.471127980544447,0.570974498085274,0.0561223685624756,21.5876768092935
6.93293650793651,0.471090201248965,0.570934192391619,0.0560955321295085,21.5879499234662
6.93303571428571,0.471052425310453,0.570893887713907,0.0560687085534034,21.5882230135963
6.93313492063492,0.471014652728461,0.570853584053095,0.0560418978279416,21.5884960796871
6.93323412698413,0.470976883502538,0.570813281410143,0.0560150999469067,21.5887691217416
6.93333333333333,0.470939117632236,0.570772979786007,0.0559883149040848,21.589042139763
6.93343253968254,0.470901355117103,0.570732679181645,0.0559615426932643,21.5893151337545
6.93353174603175,0.470863595956691,0.570692379598014,0.0559347833082361,21.5895881037192
6.93363095238095,0.470825840150549,0.57065208103607,0.0559080367427936,21.5898610496602
6.93373015873016,0.470788087698228,0.570611783496768,0.0558813029907324,21.5901339715808
6.93382936507937,0.470750338599278,0.570571486981064,0.0558545820458505,21.590406869484
6.93392857142857,0.470712592853252,0.570531191489913,0.0558278739019492,21.5906797433731
6.93402777777778,0.470674850459698,0.57049089702427,0.0558011785528311,21.590952593251
6.93412698412698,0.470637111418169,0.570450603585087,0.0557744959923017,21.5912254191211
6.93422619047619,0.470599375728215,0.57041031117332,0.0557478262141689,21.5914982209865
6.9343253968254,0.470561643389388,0.57037001978992,0.055721169212243,21.5917709988502
6.9344246031746,0.470523914401238,0.570329729435841,0.0556945249803367,21.5920437527156
6.93452380952381,0.470486188763318,0.570289440112034,0.0556678935122652,21.5923164825855
6.93462301587302,0.470448466475179,0.570249151819451,0.0556412748018461,21.5925891884634
6.93472222222222,0.470410747536372,0.570208864559043,0.0556146688428993,21.5928618703522
6.93482142857143,0.470373031946449,0.570168578331761,0.0555880756292475,21.5931345282551
6.93492063492063,0.470335319704962,0.570128293138555,0.0555614951547153,21.5934071621753
6.93501984126984,0.470297610811464,0.570088008980374,0.0555349274131301,21.5936797721159
6.93511904761905,0.470259905265505,0.570047725858169,0.0555083723983217,21.59395235808
6.93521825396825,0.47022220306664,0.570007443772888,0.0554818301041221,21.5942249200709
6.93531746031746,0.470184504214418,0.569967162725479,0.0554553005243656,21.5944974580915
6.93541666666667,0.470146808708394,0.56992688271689,0.0554287836528899,21.5947699721452
6.93551587301587,0.470109116548121,0.569886603748069,0.0554022794835341,21.5950424622349
6.93561507936508,0.47007142773315,0.569846325819962,0.05537578801014,21.5953149283638
6.93571428571429,0.470033742263034,0.569806048933517,0.0553493092265518,21.5955873705352
6.93581349206349,0.469996060137327,0.569765773089679,0.0553228431266164,21.595859788752
6.9359126984127,0.469958381355581,0.569725498289393,0.0552963897041827,21.5961321830175
6.93601190476191,0.469920705917349,0.569685224533605,0.0552699489531024,21.5964045533348
6.93611111111111,0.469883033822186,0.56964495182326,0.0552435208672295,21.5966768997069
6.93621031746032,0.469845365069644,0.569604680159301,0.0552171054404203,21.5969492221372
6.93630952380952,0.469807699659276,0.569564409542673,0.0551907026665337,21.5972215206286
6.93640873015873,0.469770037590637,0.569524139974318,0.0551643125394309,21.5974937951843
6.93650793650794,0.469732378863281,0.569483871455179,0.0551379350529756,21.5977660458074
6.93660714285714,0.46969472347676,0.569443603986199,0.055111570201034,21.5980382725011
6.93670634920635,0.469657071430629,0.56940333756832,0.0550852179774745,21.5983104752686
6.93680555555556,0.469619422724442,0.569363072202482,0.0550588783761678,21.5985826541128
6.93690476190476,0.469581777357754,0.569322807889627,0.055032551390988,21.598854809037
6.93700396825397,0.469544135330119,0.569282544630696,0.0550062370158105,21.5991269400443
6.93710317460318,0.46950649664109,0.569242282426628,0.0549799352445135,21.5993990471378
6.93720238095238,0.469468861290223,0.569202021278362,0.0549536460709778,21.5996711303206
6.93730158730159,0.469431229277073,0.569161761186839,0.0549273694890864,21.5999431895958
6.93740079365079,0.469393600601194,0.569121502152995,0.0549011054927248,21.6002152249667
6.9375,0.46935597526214,0.569081244177771,0.054874854075781,21.6004872364362
6.93759920634921,0.469318353259468,0.569040987262102,0.0548486152321453,21.6007592240076
6.93769841269841,0.469280734592733,0.569000731406927,0.0548223889557106,21.601031187684
6.93779761904762,0.469243119261488,0.568960476613182,0.0547961752403721,21.6013031274684
6.93789682539682,0.469205507265291,0.568920222881804,0.0547699740800273,21.601575043364
6.93799603174603,0.469167898603695,0.568879970213727,0.0547437854685764,21.6018469353739
6.93809523809524,0.469130293276258,0.568839718609889,0.0547176093999219,21.6021188035012
6.93819444444444,0.469092691282535,0.568799468071222,0.0546914458679687,21.6023906477491
6.93829365079365,0.46905509262208,0.568759218598662,0.0546652948666238,21.6026624681206
6.93839285714286,0.469017497294452,0.568718970193143,0.0546391563897976,21.6029342646189
6.93849206349206,0.468979905299205,0.568678722855599,0.0546130304314021,21.6032060372472
6.93859126984127,0.468942316635896,0.568638476586961,0.0545869169853518,21.6034777860084
6.93869047619048,0.468904731304081,0.568598231388164,0.0545608160455639,21.6037495109058
6.93878968253968,0.468867149303316,0.568557987260138,0.0545347276059577,21.6040212119424
6.93888888888889,0.468829570633158,0.568517744203816,0.0545086516604552,21.6042928891213
6.93898809523809,0.468791995293164,0.568477502220128,0.0544825882029808,21.6045645424458
6.9390873015873,0.468754423282891,0.568437261310006,0.0544565372274611,21.6048361719188
6.93918650793651,0.468716854601894,0.568397021474379,0.0544304987278254,21.6051077775435
6.93928571428571,0.468679289249732,0.568356782714177,0.0544044726980052,21.605379359323
6.93938492063492,0.468641727225962,0.56831654503033,0.0543784591319347,21.6056509172604
6.93948412698413,0.46860416853014,0.568276308423767,0.0543524580235503,21.6059224513588
6.93958333333333,0.468566613161824,0.568236072895415,0.0543264693667908,21.6061939616214
6.93968253968254,0.468529061120572,0.568195838446202,0.0543004931555976,21.6064654480512
6.93978174603175,0.46849151240594,0.568155605077057,0.054274529383914,21.6067369106513
6.93988095238095,0.468453967017488,0.568115372788905,0.054248578045687,21.6070083494249
6.93998015873016,0.468416424954772,0.568075141582675,0.0542226391348647,21.607279764375
6.94007936507937,0.46837888621735,0.56803491145929,0.0541967126453982,21.6075511555048
6.94017857142857,0.468341350804781,0.567994682419678,0.054170798571241,21.6078225228174
6.94027777777778,0.468303818716623,0.567954454464763,0.0541448969063488,21.6080938663158
6.94037698412698,0.468266289952434,0.56791422759547,0.0541190076446801,21.6083651860032
6.94047619047619,0.468228764511772,0.567874001812723,0.0540931307801955,21.6086364818827
6.9405753968254,0.468191242394196,0.567833777117446,0.0540672663068581,21.6089077539573
6.9406746031746,0.468153723599265,0.567793553510562,0.0540414142186335,21.6091790022302
6.94077380952381,0.468116208126536,0.567753330992993,0.0540155745094898,21.6094502267045
6.94087301587302,0.46807869597557,0.567713109565663,0.0539897471733974,21.6097214273832
6.94097222222222,0.468041187145926,0.567672889229492,0.053963932204329,21.6099926042695
6.94107142857143,0.468003681637161,0.567632669985403,0.0539381295962601,21.6102637573665
6.94117063492063,0.467966179448835,0.567592451834315,0.0539123393431682,21.6105348866773
6.94126984126984,0.467928680580508,0.56755223477715,0.0538865614390332,21.6108059922048
6.94136904761905,0.46789118503174,0.567512018814828,0.0538607958778383,21.6110770739524
6.94146825396825,0.467853692802089,0.567471803948268,0.0538350426535682,21.611348131923
6.94156746031746,0.467816203891116,0.56743159017839,0.0538093017602102,21.6116191661197
6.94166666666667,0.46777871829838,0.567391377506111,0.0537835731917542,21.6118901765457
6.94176587301587,0.46774123602344,0.56735116593235,0.0537578569421925,21.612161163204
6.94186507936508,0.467703757065858,0.567310955458024,0.0537321530055197,21.6124321260977
6.94196428571429,0.467666281425194,0.567270746084051,0.0537064613757329,21.6127030652299
6.94206349206349,0.467628809101006,0.567230537811348,0.0536807820468318,21.6129739806037
6.9421626984127,0.467591340092857,0.56719033064083,0.0536551150128182,21.6132448722222
6.9422619047619,0.467553874400306,0.567150124573415,0.0536294602676965,21.6135157400885
6.94236111111111,0.467516412022914,0.567109919610015,0.0536038178054735,21.6137865842057
6.94246031746032,0.467478952960241,0.567069715751548,0.0535781876201585,21.6140574045768
6.94255952380952,0.467441497211849,0.567029512998926,0.0535525697057632,21.6143282012049
6.94265873015873,0.467404044777299,0.566989311353065,0.0535269640563016,21.6145989740932
6.94275793650794,0.46736659565615,0.566949110814877,0.05350137066579,21.6148697232447
6.94285714285714,0.467329149847966,0.566908911385276,0.0534757895282479,21.6151404486625
6.94295634920635,0.467291707352306,0.566868713065174,0.0534502206376963,21.6154111503496
6.94305555555556,0.467254268168733,0.566828515855482,0.0534246639881592,21.6156818283092
6.94315476190476,0.467216832296808,0.566788319757114,0.0533991195736626,21.6159524825444
6.94325396825397,0.467179399736093,0.56674812477098,0.0533735873882353,21.6162231130582
6.94335317460317,0.467141970486149,0.56670793089799,0.0533480674259083,21.6164937198537
6.94345238095238,0.467104544546538,0.566667738139055,0.0533225596807151,21.6167643029339
6.94355158730159,0.467067121916822,0.566627546495085,0.0532970641466916,21.6170348623021
6.94365079365079,0.467029702596564,0.566587355966988,0.0532715808178762,21.6173053979612
6.94375,0.466992286585325,0.566547166555674,0.0532461096883097,21.6175759099143
6.94384920634921,0.466954873882668,0.566506978262051,0.0532206507520353,21.6178463981645
6.94394841269841,0.466917464488155,0.566466791087027,0.0531952040030986,21.6181168627149
6.94404761904762,0.466880058401349,0.566426605031509,0.0531697694355476,21.6183873035685
6.94414682539682,0.466842655621813,0.566386420096404,0.0531443470434329,21.6186577207285
6.94424603174603,0.466805256149109,0.566346236282619,0.053118936820807,21.6189281141978
6.94434523809524,0.466767859982801,0.56630605359106,0.0530935387617259,21.6191984839797
6.94444444444444,0.466730467122451,0.566265872022632,0.053068152860247,21.6194688300771
6.94454365079365,0.466693077567622,0.566225691578241,0.0530427791104306,21.6197391524931
6.94464285714286,0.466655691317879,0.566185512258791,0.0530174175063391,21.6200094512308
6.94474206349206,0.466618308372783,0.566145334065186,0.0529920680420378,21.6202797262933
6.94484126984127,0.4665809287319,0.56610515699833,0.052966730711594,21.6205499776836
6.94494047619048,0.466543552394791,0.566064981059126,0.0529414055090777,21.6208202054048
6.94503968253968,0.466506179361022,0.566024806248477,0.052916092428561,21.6210904094599
6.94513888888889,0.466468809630156,0.565984632567285,0.0528907914641189,21.6213605898522
6.94523809523809,0.466431443201756,0.565944460016453,0.0528655026098283,21.6216307465845
6.9453373015873,0.466394080075387,0.565904288596881,0.0528402258597691,21.62190087966
6.94543650793651,0.466356720250614,0.56586411830947,0.0528149612080231,21.6221709890817
6.94553571428571,0.466319363727,0.565823949155121,0.0527897086486748,21.6224410748527
6.94563492063492,0.46628201050411,0.565783781134734,0.052764468175811,21.6227111369761
6.94573412698413,0.466244660581508,0.565743614249207,0.0527392397835208,21.622981175455
6.94583333333333,0.466207313958759,0.565703448499442,0.0527140234658965,21.6232511902923
6.94593253968254,0.466169970635429,0.565663283886335,0.052688819217032,21.6235211814912
6.94603174603175,0.466132630611081,0.565623120410786,0.0526636270310238,21.6237911490547
6.94613095238095,0.466095293885281,0.565582958073691,0.0526384469019709,21.6240610929858
6.94623015873016,0.466057960457594,0.565542796875948,0.0526132788239748,21.6243310132877
6.94632936507937,0.466020630327585,0.565502636818454,0.0525881227911392,21.6246009099635
6.94642857142857,0.46598330349482,0.565462477902104,0.0525629787975705,21.624870783016
6.94652777777778,0.465945979958864,0.565422320127795,0.0525378468373774,21.6251406324485
6.94662698412698,0.465908659719282,0.565382163496423,0.052512726904671,21.6254104582639
6.94672619047619,0.465871342775641,0.565342008008881,0.0524876189935649,21.6256802604654
6.9468253968254,0.465834029127506,0.565301853666064,0.052462523098175,21.625950039056
6.9469246031746,0.465796718774443,0.565261700468867,0.0524374392126198,21.6262197940387
6.94702380952381,0.465759411716018,0.565221548418182,0.0524123673310201,21.6264895254166
6.94712301587302,0.465722107951798,0.565181397514902,0.0523873074474991,21.6267592331927
6.94722222222222,0.465684807481347,0.565141247759921,0.0523622595561822,21.6270289173702
6.94732142857143,0.465647510304234,0.56510109915413,0.0523372236511982,21.6272985779519
6.94742063492064,0.465610216420025,0.565060951698421,0.0523121997266772,21.6275682149411
6.94751984126984,0.465572925828286,0.565020805393685,0.0522871877767524,21.6278378283408
6.94761904761905,0.465535638528584,0.564980660240813,0.0522621877955589,21.6281074181539
6.94771825396825,0.465498354520485,0.564940516240695,0.0522371997772347,21.6283769843836
6.94781746031746,0.465461073803558,0.56490037339422,0.0522122237159201,21.6286465270329
6.94791666666667,0.465423796377368,0.564860231702278,0.0521872596057575,21.6289160461048
6.94801587301587,0.465386522241484,0.564820091165758,0.0521623074408923,21.6291855416025
6.94811507936508,0.465349251395472,0.564779951785548,0.0521373672154718,21.6294550135288
6.94821428571429,0.4653119838389,0.564739813562536,0.052112438923646,21.629724461887
6.94831349206349,0.465274719571335,0.564699676497609,0.0520875225595674,21.62999388668
6.9484126984127,0.465237458592346,0.564659540591655,0.0520626181173906,21.6302632879109
6.9485119047619,0.465200200901499,0.564619405845559,0.0520377255912729,21.6305326655827
6.94861111111111,0.465162946498364,0.564579272260208,0.052012844975374,21.6308020196984
6.94871031746032,0.465125695382507,0.564539139836487,0.0519879762638556,21.6310713502612
6.94880952380952,0.465088447553497,0.564499008575283,0.0519631194508829,21.631340657274
6.94890873015873,0.465051203010903,0.564458878477478,0.0519382745306225,21.6316099407398
6.94900793650794,0.465013961754292,0.564418749543957,0.0519134414972437,21.6318792006619
6.94910714285714,0.464976723783234,0.564378621775605,0.0518886203449182,21.632148437043
6.94920634920635,0.464939489097296,0.564338495173303,0.0518638110678204,21.6324176498864
6.94930555555556,0.464902257696048,0.564298369737936,0.0518390136601268,21.632686839195
6.94940476190476,0.464865029579059,0.564258245470385,0.0518142281160165,21.6329560049719
6.94950396825397,0.464827804745897,0.564218122371532,0.051789454429671,21.6332251472201
6.94960317460317,0.464790583196131,0.564178000442258,0.0517646925952742,21.6334942659427
6.94970238095238,0.464753364929331,0.564137879683445,0.0517399426070124,21.6337633611426
6.94980158730159,0.464716149945066,0.564097760095972,0.0517152044590744,21.634032432823
6.94990079365079,0.464678938242905,0.564057641680721,0.0516904781456513,21.6343014809868
6.95,0.464641729822418,0.56401752443857,0.0516657636609369,21.6345705056371
6.95009920634921,0.464604524683175,0.563977408370398,0.051641060999127,21.6348395067769
6.95019841269841,0.464567322824744,0.563937293477083,0.0516163701544199,21.6351084844093
6.95029761904762,0.464530124246697,0.563897179759505,0.0515916911210171,21.6353774385372
6.95039682539683,0.464492928948604,0.563857067218541,0.0515670238931216,21.6356463691637
6.95049603174603,0.464455736930034,0.563816955855067,0.0515423684649392,21.6359152762919
6.95059523809524,0.464418548190557,0.563776845669961,0.0515177248306779,21.6361841599248
6.95069444444444,0.464381362729744,0.563736736664099,0.0514930929845484,21.6364530200653
6.95079365079365,0.464344180547166,0.563696628838357,0.0514684729207638,21.6367218567166
6.95089285714286,0.464307001642393,0.563656522193609,0.0514438646335394,21.6369906698816
6.95099206349206,0.464269826014996,0.563616416730732,0.0514192681170931,21.6372594595633
6.95109126984127,0.464232653664545,0.563576312450598,0.0513946833656453,21.6375282257649
6.95119047619048,0.464195484590611,0.563536209354083,0.0513701103734187,21.6377969684893
6.95128968253968,0.464158318792766,0.563496107442059,0.0513455491346383,21.6380656877395
6.95138888888889,0.464121156270581,0.5634560067154,0.0513209996435319,21.6383343835186
6.9514880952381,0.464083997023627,0.563415907174978,0.0512964618943293,21.6386030558296
6.9515873015873,0.464046841051475,0.563375808821665,0.051271935881263,21.6388717046755
6.95168650793651,0.464009688353696,0.563335711656332,0.0512474215985676,21.6391403300593
6.95178571428572,0.463972538929864,0.563295615679852,0.051222919040481,21.6394089319841
6.95188492063492,0.463935392779549,0.563255520893094,0.0511984282012425,21.6396775104528
6.95198412698413,0.463898249902323,0.563215427296929,0.0511739490750943,21.6399460654685
6.95208333333333,0.463861110297758,0.563175334892227,0.0511494816562809,21.6402145970342
6.95218253968254,0.463823973965426,0.563135243679856,0.0511250259390494,21.640483105153
6.95228174603175,0.4637868409049,0.563095153660687,0.0511005819176491,21.6407515898277
6.95238095238095,0.463749711115751,0.563055064835586,0.0510761495863319,21.6410200510616
6.95248015873016,0.463712584597553,0.563014977205421,0.051051728939352,21.6412884888575
6.95257936507937,0.463675461349877,0.562974890771062,0.0510273199709662,21.6415569032184
6.95267857142857,0.463638341372297,0.562934805533373,0.0510029226754335,21.6418252941475
6.95277777777778,0.463601224664385,0.562894721493222,0.0509785370470154,21.6420936616477
6.95287698412698,0.463564111225714,0.562854638651475,0.050954163079976,21.642362005722
6.95297619047619,0.463527001055857,0.562814557008997,0.0509298007685817,21.6426303263734
6.9530753968254,0.463489894154388,0.562774476566653,0.0509054501071012,21.6428986236049
6.9531746031746,0.463452790520879,0.562734397325308,0.0508811110898054,21.6431668974196
6.95327380952381,0.463415690154904,0.562694319285826,0.0508567837109687,21.6434351478205
6.95337301587302,0.463378593056036,0.562654242449071,0.0508324679648669,21.6437033748105
6.95347222222222,0.46334149922385,0.562614166815906,0.0508081638457785,21.6439715783927
6.95357142857143,0.463304408657918,0.562574092387194,0.0507838713479844,21.6442397585701
6.95367063492063,0.463267321357815,0.562534019163797,0.0507595904657681,21.6445079153457
6.95376984126984,0.463230237323115,0.562493947146577,0.0507353211934151,21.6447760487224
6.95386904761905,0.463193156553391,0.562453876336396,0.050711063525214,21.6450441587034
6.95396825396825,0.463156079048218,0.562413806734113,0.0506868174554552,21.6453122452915
6.95406746031746,0.46311900480717,0.56237373834059,0.0506625829784319,21.6455803084899
6.95416666666667,0.463081933829822,0.562333671156687,0.0506383600884395,21.6458483483014
6.95426587301587,0.463044866115747,0.562293605183263,0.050614148779776,21.6461163647292
6.95436507936508,0.463007801664522,0.562253540421177,0.0505899490467417,21.6463843577761
6.95446428571428,0.46297074047572,0.562213476871288,0.0505657608836395,21.6466523274453
6.95456349206349,0.462933682548916,0.562173414534453,0.0505415842847744,21.6469202737397
6.9546626984127,0.462896627883685,0.562133353411531,0.050517419244454,21.6471881966623
6.9547619047619,0.462859576479603,0.562093293503379,0.0504932657569887,21.6474560962161
6.95486111111111,0.462822528336245,0.562053234810853,0.0504691238166909,21.6477239724041
6.95496031746032,0.462785483453186,0.562013177334809,0.0504449934178753,21.6479918252292
6.95505952380952,0.462748441830001,0.561973121076104,0.0504208745548595,21.6482596546946
6.95515873015873,0.462711403466266,0.561933066035593,0.050396767221963,21.6485274608032
6.95525793650794,0.462674368361558,0.56189301221413,0.0503726714135081,21.648795243558
6.95535714285714,0.462637336515451,0.561852959612571,0.0503485871238195,21.6490630029619
6.95545634920635,0.462600307927521,0.561812908231768,0.0503245143472241,21.649330739018
6.95555555555556,0.462563282597345,0.561772858072575,0.0503004530780514,21.6495984517292
6.95565476190476,0.462526260524499,0.561732809135846,0.0502764033106333,21.6498661410987
6.95575396825397,0.462489241708559,0.561692761422433,0.0502523650393042,21.6501338071292
6.95585317460317,0.462452226149101,0.561652714933187,0.0502283382584007,21.6504014498239
6.95595238095238,0.462415213845702,0.561612669668962,0.0502043229622621,21.6506690691857
6.95605158730159,0.462378204797939,0.561572625630606,0.05018031914523,21.6509366652177
6.95615079365079,0.462341199005387,0.561532582818972,0.0501563268016479,21.6512042379227
6.95625,0.462304196467626,0.56149254123491,0.0501323459258631,21.6514717873038
6.95634920634921,0.46226719718423,0.561452500879268,0.0501083765122241,21.651739313364
6.95644841269841,0.462230201154777,0.561412461752898,0.0500844185550822,21.6520068161063
6.95654761904762,0.462193208378845,0.561372423856646,0.0500604720487911,21.6522742955336
6.95664682539683,0.462156218856011,0.561332387191363,0.0500365369877069,21.6525417516489
6.95674603174603,0.462119232585852,0.561292351757895,0.0500126133661884,21.6528091844553
6.95684523809524,0.462082249567946,0.561252317557089,0.0499887011785963,21.6530765939556
6.95694444444444,0.46204526980187,0.561212284589794,0.0499648004192942,21.653343980153
6.95704365079365,0.462008293287202,0.561172252856855,0.0499409110826479,21.6536113430503
6.95714285714286,0.46197132002352,0.561132222359119,0.0499170331630258,21.6538786826505
6.95724206349206,0.461934350010403,0.56109219309743,0.0498931666547984,21.6541459989566
6.95734126984127,0.461897383247427,0.561052165072634,0.049869311552339,21.6544132919717
6.95744047619048,0.461860419734172,0.561012138285577,0.0498454678500232,21.6546805616986
6.95753968253968,0.461823459470216,0.5609721127371,0.0498216355422288,21.6549478081404
6.95763888888889,0.461786502455137,0.560932088428049,0.049797814623336,21.6552150313
6.9577380952381,0.461749548688515,0.560892065359267,0.0497740050877283,21.6554822311805
6.9578373015873,0.461712598169927,0.560852043531597,0.0497502069297906,21.6557494077847
6.95793650793651,0.461675650898952,0.56081202294588,0.0497264201439106,21.6560165611157
6.95803571428571,0.46163870687517,0.560772003602959,0.0497026447244784,21.6562836911764
6.95813492063492,0.46160176609816,0.560731985503674,0.0496788806658865,21.6565507979698
6.95823412698413,0.4615648285675,0.560691968648868,0.04965512796253,21.6568178814989
6.95833333333333,0.46152789428277,0.56065195303938,0.0496313866088062,21.6570849417667
6.95843253968254,0.461490963243549,0.56061193867605,0.0496076565991149,21.6573519787761
6.95853174603175,0.461454035449418,0.560571925559717,0.0495839379278584,21.6576189925301
6.95863095238095,0.461417110899955,0.560531913691222,0.0495602305894414,21.6578859830317
6.95873015873016,0.46138018959474,0.560491903071402,0.0495365345782709,21.6581529502837
6.95882936507936,0.461343271533354,0.560451893701095,0.0495128498887565,21.6584198942893
6.95892857142857,0.461306356715376,0.560411885581139,0.04948917651531,21.6586868150514
6.95902777777778,0.461269445140386,0.560371878712372,0.049465514452346,21.6589537125729
6.95912698412698,0.461232536807964,0.560331873095629,0.0494418636942808,21.6592205868569
6.95922619047619,0.461195631717691,0.560291868731748,0.0494182242355344,21.6594874379062
6.9593253968254,0.461158729869148,0.560251865621564,0.0493945960705281,21.6597542657238
6.9594246031746,0.461121831261915,0.560211863765912,0.0493709791936859,21.6600210703127
6.95952380952381,0.461084935895572,0.560171863165627,0.0493473735994344,21.6602878516759
6.95962301587302,0.461048043769701,0.560131863821544,0.0493237792822024,21.6605546098163
6.95972222222222,0.461011154883882,0.560091865734496,0.0493001962364214,21.6608213447369
6.95982142857143,0.460974269237697,0.560051868905317,0.0492766244565252,21.6610880564407
6.95992063492063,0.460937386830726,0.56001187333484,0.0492530639369498,21.6613547449306
6.96001984126984,0.46090050766255,0.559971879023898,0.049229514672134,21.6616214102095
6.96011904761905,0.460863631732752,0.559931885973321,0.0492059766565189,21.6618880522805
6.96021825396825,0.460826759040913,0.559891894183943,0.0491824498845478,21.6621546711465
6.96031746031746,0.460789889586614,0.559851903656595,0.0491589343506668,21.6624212668104
6.96041666666667,0.460753023369437,0.559811914392106,0.0491354300493242,21.6626878392752
6.96051587301587,0.460716160388964,0.559771926391307,0.0491119369749707,21.6629543885439
6.96061507936508,0.460679300644776,0.559731939655027,0.0490884551220591,21.6632209146194
6.96071428571429,0.460642444136456,0.559691954184097,0.0490649844850459,21.6634874175047
6.96081349206349,0.460605590863587,0.559651969979345,0.0490415250583886,21.6637538972027
6.9609126984127,0.46056874082575,0.559611987041599,0.0490180768365477,21.6640203537163
6.96101190476191,0.460531894022528,0.559572005371686,0.0489946398139862,21.6642867870486
6.96111111111111,0.460495050453504,0.559532024970436,0.0489712139851694,21.6645531972025
6.96121031746032,0.460458210118259,0.559492045838674,0.0489477993445649,21.6648195841809
6.96130952380952,0.460421373016377,0.559452067977227,0.048924395886643,21.6650859479869
6.96140873015873,0.460384539147442,0.55941209138692,0.0489010036058763,21.6653522886232
6.96150793650794,0.460347708511035,0.55937211606858,0.0488776224967398,21.6656186060929
6.96160714285714,0.460310881106739,0.559332142023032,0.048854252553711,21.665884900399
6.96170634920635,0.460274056934139,0.559292169251099,0.0488308937712696,21.6661511715443
6.96180555555556,0.460237235992818,0.559252197753607,0.0488075461438981,21.6664174195319
6.96190476190476,0.460200418282358,0.559212227531379,0.0487842096660811,21.6666836443646
6.96200396825397,0.460163603802344,0.559172258585238,0.0487608843323059,21.6669498460455
6.96210317460318,0.460126792552359,0.559132290916007,0.0487375701370616,21.6672160245774
6.96220238095238,0.460089984531988,0.559092324524508,0.0487142670748409,21.6674821799633
6.96230158730159,0.460053179740813,0.559052359411563,0.0486909751401379,21.6677483122062
6.96240079365079,0.46001637817842,0.559012395577994,0.0486676943274495,21.668014421309
6.9625,0.459979579844392,0.558972433024621,0.0486444246312749,21.6682805072746
6.96259920634921,0.459942784738313,0.558932471752264,0.048621166046116,21.668546570106
6.96269841269841,0.459905992859768,0.558892511761744,0.0485979185664767,21.6688126098061
6.96279761904762,0.459869204208342,0.558852553053881,0.0485746821868637,21.6690786263779
6.96289682539683,0.459832418783619,0.558812595629492,0.048551456901786,21.6693446198242
6.96299603174603,0.459795636585184,0.558772639489398,0.0485282427057549,21.6696105901481
6.96309523809524,0.459758857612622,0.558732684634415,0.0485050395932843,21.6698765373525
6.96319444444444,0.459722081865517,0.558692731065362,0.0484818475588905,21.6701424614403
6.96329365079365,0.459685309343456,0.558652778783055,0.0484586665970921,21.6704083624144
6.96339285714286,0.459648540046022,0.558612827788312,0.0484354967024104,21.6706742402778
6.96349206349206,0.459611773972802,0.558572878081949,0.0484123378693687,21.6709400950334
6.96359126984127,0.45957501112338,0.55853292966478,0.0483891900924928,21.6712059266842
6.96369047619048,0.459538251497343,0.558492982537622,0.0483660533663117,21.6714717352331
6.96378968253968,0.459501495094276,0.558453036701291,0.0483429276853559,21.6717375206829
6.96388888888889,0.459464741913765,0.558413092156599,0.0483198130441587,21.6720032830367
6.9639880952381,0.459427991955396,0.558373148904361,0.0482967094372557,21.6722690222974
6.9640873015873,0.459391245218754,0.55833320694539,0.048273616859185,21.6725347384679
6.96418650793651,0.459354501703427,0.558293266280499,0.0482505353044871,21.6728004315512
6.96428571428571,0.459317761409,0.558253326910501,0.048227464767705,21.6730661015501
6.96438492063492,0.459281024335059,0.558213388836208,0.0482044052433842,21.6733317484676
6.96448412698413,0.459244290481192,0.558173452058432,0.0481813567260723,21.6735973723066
6.96458333333333,0.459207559846984,0.558133516577983,0.0481583192103195,21.6738629730701
6.96468253968254,0.459170832432023,0.558093582395672,0.0481352926906787,21.674128550761
6.96478174603175,0.459134108235895,0.55805364951231,0.0481122771617048,21.6743941053821
6.96488095238095,0.459097387258188,0.558013717928706,0.0480892726179553,21.6746596369365
6.96498015873016,0.459060669498488,0.557973787645669,0.0480662790539902,21.6749251454271
6.96507936507937,0.459023954956381,0.557933858664008,0.0480432964643716,21.6751906308567
6.96517857142857,0.458987243631457,0.557893930984532,0.0480203248436647,21.6754560932283
6.96527777777778,0.458950535523303,0.557854004608048,0.0479973641864366,21.6757215325448
6.96537698412698,0.458913830631505,0.557814079535364,0.0479744144872568,21.6759869488092
6.96547619047619,0.458877128955652,0.557774155767287,0.0479514757406975,21.6762523420243
6.9655753968254,0.458840430495331,0.557734233304623,0.047928547941333,21.6765177121931
6.9656746031746,0.45880373525013,0.557694312148178,0.0479056310837404,21.6767830593185
6.96577380952381,0.458767043219637,0.557654392298758,0.047882725162499,21.6770483834034
6.96587301587302,0.458730354403441,0.557614473757168,0.0478598301721905,21.6773136844507
6.96597222222222,0.458693668801129,0.557574556524212,0.0478369461073991,21.6775789624634
6.96607142857143,0.458656986412289,0.557534640600694,0.0478140729627114,21.6778442174444
6.96617063492063,0.458620307236512,0.557494725987419,0.0477912107327166,21.6781094493965
6.96626984126984,0.458583631273384,0.55745481268519,0.047768359412006,21.6783746583228
6.96636904761905,0.458546958522494,0.557414900694809,0.0477455189951736,21.678639844226
6.96646825396825,0.458510288983432,0.557374990017078,0.0477226894768156,21.6789050071092
6.96656746031746,0.458473622655786,0.557335080652799,0.0476998708515305,21.6791701469752
6.96666666666667,0.458436959539146,0.557295172602774,0.0476770631139201,21.679435263827
6.96676587301587,0.458400299633101,0.557255265867803,0.0476542662585877,21.6797003576674
6.96686507936508,0.458363642937239,0.557215360448688,0.0476314802801393,21.6799654284994
6.96696428571429,0.45832698945115,0.557175456346228,0.0476087051731834,21.6802304763258
6.96706349206349,0.458290339174425,0.557135553561222,0.0475859409323308,21.6804955011497
6.9671626984127,0.458253692106651,0.557095652094469,0.0475631875521949,21.6807605029738
6.96726190476191,0.45821704824742,0.557055751946769,0.0475404450273914,21.6810254818012
6.96736111111111,0.458180407596321,0.557015853118918,0.0475177133525384,21.6812904376346
6.96746031746032,0.458143770152944,0.556975955611716,0.0474949925222565,21.6815553704771
6.96755952380952,0.458107135916879,0.556936059425958,0.0474722825311687,21.6818202803315
6.96765873015873,0.458070504887716,0.556896164562442,0.0474495833739005,21.6820851672007
6.96775793650794,0.458033877065046,0.556856271021963,0.0474268950450796,21.6823500310877
6.96785714285714,0.457997252448459,0.556816378805319,0.0474042175393365,21.6826148719952
6.96795634920635,0.457960631037546,0.556776487913303,0.0473815508513038,21.6828796899263
6.96805555555556,0.457924012831896,0.55673659834671,0.0473588949756163,21.6831444848839
6.96815476190476,0.457887397831102,0.556696710106336,0.0473362499069122,21.6834092568708
6.96825396825397,0.457850786034754,0.556656823192975,0.0473136156398313,21.6836740058899
6.96835317460318,0.457814177442443,0.556616937607418,0.0472909921690158,21.6839387319441
6.96845238095238,0.45777757205376,0.55657705335046,0.0472683794891107,21.6842034350364
6.96855158730159,0.457740969868297,0.556537170422894,0.0472457775947632,21.6844681151696
6.96865079365079,0.457704370885644,0.55649728882551,0.047223186480623,21.6847327723467
6.96875,0.457667775105394,0.5564574085591,0.0472006061413422,21.6849974065705
6.96884920634921,0.457631182527137,0.556417529624457,0.0471780365715754,21.6852620178439
6.96894841269841,0.457594593150466,0.55637765202237,0.0471554777659795,21.6855266061698
6.96904761904762,0.457558006974973,0.556337775753629,0.047132929719214,21.6857911715511
6.96914682539682,0.457521424000249,0.556297900819025,0.0471103924259406,21.6860557139907
6.96924603174603,0.457484844225887,0.556258027219346,0.0470878658808237,21.6863202334916
6.96934523809524,0.457448267651478,0.556218154955382,0.0470653500785298,21.6865847300565
6.96944444444444,0.457411694276615,0.55617828402792,0.0470428450137281,21.6868492036884
6.96954365079365,0.45737512410089,0.556138414437749,0.0470203506810898,21.6871136543902
6.96964285714286,0.457338557123896,0.556098546185655,0.0469978670752894,21.6873780821647
6.96974206349206,0.457301993345226,0.556058679272427,0.0469753941910031,21.6876424870149
6.96984126984127,0.457265432764473,0.55601881369885,0.0469529320229097,21.6879068689437
6.96994047619048,0.457228875381228,0.55597894946571,0.0469304805656903,21.6881712279538
6.97003968253968,0.457192321195086,0.555939086573794,0.0469080398140286,21.6884355640483
6.97013888888889,0.457155770205639,0.555899225023885,0.0468856097626108,21.68869987723
6.97023809523809,0.45711922241248,0.555859364816768,0.0468631904061253,21.6889641675018
6.9703373015873,0.457082677815204,0.555819505953229,0.046840781739263,21.6892284348665
6.97043650793651,0.457046136413403,0.55577964843405,0.0468183837567173,21.6894926793271
6.97053571428571,0.45700959820667,0.555739792260014,0.046795996453184,21.6897569008865
6.97063492063492,0.456973063194601,0.555699937431904,0.0467736198233613,21.6900210995475
6.97073412698413,0.456936531376788,0.555660083950504,0.0467512538619499,21.6902852753129
6.97083333333333,0.456900002752825,0.555620231816593,0.0467288985636528,21.6905494281858
6.97093253968254,0.456863477322306,0.555580381030955,0.0467065539231755,21.690813558169
6.97103174603175,0.456826955084826,0.555540531594368,0.0466842199352255,21.6910776652653
6.97113095238095,0.456790436039979,0.555500683507615,0.046661896594514,21.6913417494776
6.97123015873016,0.45675392018736,0.555460836771475,0.0466395838957532,21.6916058108088
6.97132936507937,0.456717407526562,0.555420991386728,0.0466172818336585,21.6918698492618
6.97142857142857,0.45668089805718,0.555381147354152,0.0465949904029474,21.6921338648395
6.97152777777778,0.45664439177881,0.555341304674526,0.04657270959834,21.6923978575447
6.97162698412698,0.456607888691045,0.555301463348628,0.0465504394145587,21.6926618273803
6.97172619047619,0.456571388793482,0.555261623377236,0.0465281798463285,21.6929257743493
6.9718253968254,0.456534892085714,0.555221784761127,0.0465059308883767,21.6931896984543
6.9719246031746,0.456498398567338,0.555181947501078,0.0464836925354329,21.6934535996985
6.97202380952381,0.456461908237948,0.555142111597865,0.0464614647822295,21.6937174780845
6.97212301587302,0.45642542109714,0.555102277052263,0.046439247623501,21.6939813336153
6.97222222222222,0.45638893714451,0.555062443865048,0.0464170410539843,21.6942451662938
6.97232142857143,0.456352456379653,0.555022612036995,0.0463948450684191,21.6945089761227
6.97242063492063,0.456315978802165,0.554982781568878,0.0463726596615471,21.6947727631051
6.97251984126984,0.456279504411642,0.554942952461471,0.0463504848281123,21.6950365272438
6.97261904761905,0.45624303320768,0.554903124715548,0.0463283205628622,21.6953002685416
6.97271825396825,0.456206565189875,0.554863298331881,0.0463061668605455,21.6955639870013
6.97281746031746,0.456170100357823,0.554823473311243,0.0462840237159138,21.695827682626
6.97291666666667,0.456133638711121,0.554783649654407,0.0462618911237211,21.6960913554184
6.97301587301587,0.456097180249365,0.554743827362143,0.046239769078724,21.6963550053813
6.97311507936508,0.456060724972152,0.554704006435222,0.0462176575756811,21.6966186325178
6.97321428571429,0.456024272879078,0.554664186874416,0.0461955566093539,21.6968822368305
6.97331349206349,0.45598782396974,0.554624368680495,0.046173466174506,21.6971458183225
6.9734126984127,0.455951378243736,0.554584551854228,0.0461513862659036,21.6974093769965
6.9735119047619,0.455914935700662,0.554544736396384,0.0461293168783152,21.6976729128555
6.97361111111111,0.455878496340116,0.554504922307733,0.0461072580065118,21.6979364259022
6.97371031746032,0.455842060161694,0.554465109589042,0.0460852096452668,21.6981999161395
6.97380952380952,0.455805627164995,0.55442529824108,0.0460631717893562,21.6984633835704
6.97390873015873,0.455769197349615,0.554385488264613,0.0460411444335581,21.6987268281976
6.97400793650794,0.455732770715152,0.554345679660409,0.0460191275726529,21.698990250024
6.97410714285714,0.455696347261205,0.554305872429235,0.0459971212014244,21.6992536490525
6.97420634920635,0.455659926987371,0.554266066571856,0.0459751253146578,21.6995170252859
6.97430555555556,0.455623509893247,0.554226262089038,0.0459531399071411,21.6997803787271
6.97440476190476,0.455587095978433,0.554186458981546,0.0459311649736646,21.7000437093789
6.97450396825397,0.455550685242526,0.554146657250144,0.0459092005090212,21.7003070172443
6.97460317460317,0.455514277685125,0.554106856895597,0.0458872465080062,21.700570302326
6.97470238095238,0.455477873305828,0.554067057918668,0.0458653029654173,21.7008335646269
6.97480158730159,0.455441472104233,0.554027260320121,0.0458433698760544,21.7010968041499
6.97490079365079,0.45540507407994,0.553987464100718,0.0458214472347203,21.7013600208977
6.975,0.455368679232547,0.553947669261221,0.0457995350362197,21.7016232148734
6.97509920634921,0.455332287561653,0.553907875802393,0.0457776332753601,21.7018863860796
6.97519841269841,0.455295899066858,0.553868083724994,0.0457557419469513,21.7021495345193
6.97529761904762,0.455259513747759,0.553828293029786,0.0457338610458056,21.7024126601953
6.97539682539682,0.455223131603957,0.553788503717529,0.0457119905667375,21.7026757631105
6.97549603174603,0.455186752635051,0.553748715788982,0.0456901305045639,21.7029388432676
6.97559523809524,0.455150376840641,0.553708929244906,0.0456682808541049,21.7032019006697
6.97569444444444,0.455114004220325,0.55366914408606,0.045646441610182,21.7034649353194
6.97579365079365,0.455077634773705,0.553629360313201,0.0456246127676198,21.7037279472197
6.97589285714286,0.455041268500379,0.553589577927089,0.0456027943212449,21.7039909363733
6.97599206349206,0.455004905399947,0.55354979692848,0.0455809862658865,21.7042539027832
6.97609126984127,0.45496854547201,0.553510017318132,0.0455591885963764,21.7045168464522
6.97619047619048,0.454932188717071,0.553470239092611,0.0455374013290068,21.704779767378
6.97628968253968,0.454895835135608,0.553430462248433,0.0455156244803407,21.7050426655584
6.97638888888889,0.454859484727174,0.553390686786326,0.0454938580454084,21.7053055409961
6.97648809523809,0.454823137491326,0.553350912707014,0.0454721020192418,21.7055683936939
6.9765873015873,0.454786793427619,0.553311140011224,0.0454503563968753,21.7058312236546
6.97668650793651,0.454750452535609,0.55327136869968,0.0454286211733454,21.706094030881
6.97678571428571,0.454714114814852,0.553231598773107,0.0454068963436909,21.7063568153759
6.97688492063492,0.454677780264906,0.553191830232228,0.0453851819029526,21.7066195771421
6.97698412698413,0.454641448885328,0.553152063077766,0.0453634778461733,21.7068823161823
6.97708333333333,0.454605120675677,0.553112297310445,0.045341784168399,21.7071450324994
6.97718253968254,0.454568795635511,0.553072532930987,0.045320100864677,21.7074077260961
6.97728174603175,0.454532473764389,0.553032769940114,0.0452984279300567,21.7076703969753
6.97738095238095,0.454496155061871,0.552993008338548,0.0452767653595904,21.7079330451396
6.97748015873016,0.454459839527517,0.55295324812701,0.0452551131483319,21.7081956705919
6.97757936507937,0.454423527160888,0.552913489306219,0.0452334712913377,21.708458273335
6.97767857142857,0.454387217961544,0.552873731876897,0.0452118397836662,21.7087208533716
6.97777777777778,0.454350911929048,0.552833975839763,0.0451902186203782,21.7089834107045
6.97787698412698,0.454314609062961,0.552794221195536,0.0451686077965366,21.7092459453366
6.97797619047619,0.454278309362846,0.552754467944935,0.0451470073072065,21.7095084572705
6.9780753968254,0.454242012828267,0.552714716088678,0.0451254171474552,21.7097709465091
6.9781746031746,0.454205719458787,0.552674965627482,0.0451038373123521,21.7100334130552
6.97827380952381,0.45416942925397,0.552635216562066,0.0450822677969691,21.7102958569114
6.97837301587302,0.454133142213381,0.552595468893145,0.0450607085963801,21.7105582780807
6.97847222222222,0.454096858336584,0.552555722621436,0.0450391597056607,21.7108206765658
6.97857142857143,0.454060577623147,0.552515977747656,0.04501762111989,21.7110830523694
6.97867063492064,0.454024300072634,0.552476234272519,0.0449960928341482,21.7113454054944
6.97876984126984,0.453988025684613,0.55243649219674,0.0449745748435179,21.7116077359435
6.97886904761905,0.453951754458651,0.552396751521034,0.0449530671430841,21.7118700437194
6.97896825396825,0.453915486394316,0.552357012246115,0.0449315697279339,21.712132328825
6.97906746031746,0.453879221491175,0.552317274372696,0.0449100825931565,21.7123945912631
6.97916666666667,0.453842959748797,0.552277537901491,0.0448886057338436,21.7126568310363
6.97926587301587,0.453806701166752,0.552237802833211,0.0448671391450887,21.7129190481476
6.97936507936508,0.45377044574461,0.552198069168569,0.0448456828219878,21.7131812425996
6.97946428571429,0.45373419348194,0.552158336908277,0.0448242367596391,21.7134434143951
6.97956349206349,0.453697944378313,0.552118606053046,0.0448028009531427,21.7137055635369
6.9796626984127,0.453661698433301,0.552078876603586,0.0447813753976012,21.7139676900277
6.9797619047619,0.453625455646475,0.552039148560608,0.0447599600881194,21.7142297938704
6.97986111111111,0.453589216017408,0.551999421924821,0.0447385550198041,21.7144918750678
6.97996031746032,0.453552979545671,0.551959696696934,0.0447171601877641,21.7147539336224
6.98005952380952,0.453516746230839,0.551919972877657,0.0446957755871113,21.7150159695373
6.98015873015873,0.453480516072486,0.551880250467698,0.044674401212959,21.715277982815
6.98025793650794,0.453444289070185,0.551840529467765,0.0446530370604227,21.7155399734584
6.98035714285714,0.453408065223511,0.551800809878565,0.0446316831246205,21.7158019414702
6.98045634920635,0.45337184453204,0.551761091700805,0.0446103394006725,21.7160638868533
6.98055555555556,0.453335626995347,0.551721374935191,0.0445890058837008,21.7163258096103
6.98065476190476,0.453299412613009,0.551681659582429,0.0445676825688301,21.7165877097441
6.98075396825397,0.453263201384602,0.551641945643226,0.044546369451187,21.7168495872573
6.98085317460317,0.453226993309703,0.551602233118285,0.0445250665259004,21.7171114421528
6.98095238095238,0.453190788387891,0.551562522008312,0.0445037737881014,21.7173732744334
6.98105158730159,0.453154586618744,0.55152281231401,0.0444824912329234,21.7176350841017
6.98115079365079,0.453118388001841,0.551483104036084,0.0444612188555018,21.7178968711606
6.98125,0.45308219253676,0.551443397175236,0.0444399566509742,21.7181586356128
6.98134920634921,0.453046000223081,0.551403691732169,0.0444187046144807,21.7184203774611
6.98144841269841,0.453009811060385,0.551363987707584,0.0443974627411631,21.7186820967082
6.98154761904762,0.452973625048254,0.551324285102186,0.0443762310261661,21.7189437933569
6.98164682539683,0.452937442186267,0.551284583916673,0.0443550094646359,21.7192054674099
6.98174603174603,0.452901262474007,0.551244884151748,0.0443337980517214,21.7194671188701
6.98184523809524,0.452865085911057,0.551205185808109,0.0443125967825734,21.7197287477401
6.98194444444444,0.452828912496998,0.551165488886458,0.0442914056523449,21.7199903540227
6.98204365079365,0.452792742231415,0.551125793387494,0.0442702246561913,21.7202519377207
6.98214285714286,0.452756575113891,0.551086099311915,0.0442490537892701,21.7205134988369
6.98224206349206,0.452720411144011,0.55104640666042,0.044227893046741,21.7207750373739
6.98234126984127,0.452684250321359,0.551006715433707,0.0442067424237657,21.7210365533346
6.98244047619048,0.452648092645521,0.550967025632474,0.0441856019155086,21.7212980467216
6.98253968253968,0.452611938116082,0.550927337257417,0.0441644715171357,21.7215595175379
6.98263888888889,0.45257578673263,0.550887650309233,0.0441433512238157,21.721820965786
6.9827380952381,0.45253963849475,0.550847964788618,0.0441222410307192,21.7220823914688
6.9828373015873,0.45250349340203,0.550808280696268,0.0441011409330191,21.7223437945889
6.98293650793651,0.452467351454058,0.550768598032877,0.0440800509258902,21.7226051751493
6.98303571428572,0.452431212650423,0.550728916799141,0.0440589710045103,21.7228665331526
6.98313492063492,0.452395076990714,0.550689236995754,0.0440379011640587,21.7231278686015
6.98323412698413,0.452358944474519,0.550649558623409,0.0440168413997171,21.7233891814988
6.98333333333333,0.452322815101428,0.5506098816828,0.0439957917066693,21.7236504718473
6.98343253968254,0.452286688871033,0.55057020617462,0.0439747520801015,21.7239117396496
6.98353174603175,0.452250565782924,0.55053053209956,0.0439537225152019,21.7241729849087
6.98363095238095,0.452214445836692,0.550490859458314,0.043932703007161,21.7244342076271
6.98373015873016,0.452178329031929,0.550451188251571,0.0439116935511714,21.7246954078077
6.98382936507937,0.452142215368228,0.550411518480023,0.0438906941424282,21.7249565854531
6.98392857142857,0.452106104845181,0.550371850144361,0.0438697047761283,21.7252177405662
6.98402777777778,0.452069997462383,0.550332183245274,0.0438487254474711,21.7254788731497
6.98412698412698,0.452033893219426,0.550292517783452,0.0438277561516579,21.7257399832063
6.98422619047619,0.451997792115906,0.550252853759584,0.0438067968838926,21.7260010707388
6.9843253968254,0.451961694151417,0.550213191174358,0.043785847639381,21.7262621357499
6.9844246031746,0.451925599325554,0.550173530028463,0.0437649084133309,21.7265231782423
6.98452380952381,0.451889507637915,0.550133870322586,0.0437439792009532,21.7267841982189
6.98462301587302,0.451853419088094,0.550094212057414,0.0437230599974599,21.7270451956822
6.98472222222222,0.45181733367569,0.550054555233634,0.043702150798066,21.7273061706352
6.98482142857143,0.451781251400299,0.550014899851933,0.0436812515979881,21.7275671230804
6.98492063492063,0.45174517226152,0.549975245912995,0.0436603623924454,21.7278280530207
6.98501984126984,0.451709096258951,0.549935593417507,0.0436394831766592,21.7280889604589
6.98511904761905,0.45167302339219,0.549895942366153,0.0436186139458529,21.7283498453975
6.98521825396825,0.451636953660838,0.549856292759616,0.0435977546952522,21.7286107078394
6.98531746031746,0.451600887064495,0.549816644598582,0.0435769054200851,21.7288715477873
6.98541666666667,0.45156482360276,0.549776997883734,0.0435560661155815,21.729132365244
6.98551587301587,0.451528763275235,0.549737352615754,0.0435352367769738,21.7293931602121
6.98561507936508,0.451492706081522,0.549697708795324,0.0435144173994964,21.7296539326945
6.98571428571428,0.451456652021222,0.549658066423128,0.0434936079783861,21.7299146826938
6.98581349206349,0.451420601093937,0.549618425499845,0.0434728085088816,21.7301754102128
6.9859126984127,0.451384553299271,0.549578786026158,0.0434520189862239,21.7304361152542
6.9860119047619,0.451348508636828,0.549539148002747,0.0434312394056567,21.7306967978207
6.98611111111111,0.451312467106212,0.549499511430291,0.0434104697624251,21.7309574579151
6.98621031746032,0.451276428707026,0.549459876309472,0.043389710051777,21.7312180955402
6.98630952380952,0.451240393438876,0.549420242640967,0.0433689602689622,21.7314787106986
6.98640873015873,0.451204361301368,0.549380610425455,0.0433482204092327,21.731739303393
6.98650793650794,0.451168332294107,0.549340979663615,0.0433274904678428,21.7319998736263
6.98660714285714,0.451132306416701,0.549301350356124,0.043306770440049,21.7322604214011
6.98670634920635,0.451096283668755,0.54926172250366,0.04328606032111,21.7325209467201
6.98680555555556,0.451060264049878,0.549222096106898,0.0432653601062866,21.7327814495862
6.98690476190476,0.451024247559678,0.549182471166517,0.043244669790842,21.7330419300019
6.98700396825397,0.450988234197762,0.549142847683191,0.0432239893700413,21.7333023879701
6.98710317460317,0.450952223963742,0.549103225657596,0.043203318839152,21.7335628234935
6.98720238095238,0.450916216857225,0.549063605090406,0.0431826581934439,21.7338232365748
6.98730158730159,0.450880212877821,0.549023985982297,0.0431620074281888,21.7340836272167
6.98740079365079,0.450844212025142,0.548984368333941,0.0431413665386605,21.734343995422
6.9875,0.450808214298799,0.548944752146013,0.0431207355201357,21.7346043411933
6.98759920634921,0.450772219698403,0.548905137419186,0.0431001143678928,21.7348646645334
6.98769841269841,0.450736228223567,0.548865524154132,0.0430795030772124,21.735124965445
6.98779761904762,0.450700239873902,0.548825912351523,0.0430589016433772,21.7353852439309
6.98789682539683,0.450664254649022,0.548786302012031,0.0430383100616725,21.7356454999937
6.98799603174603,0.45062827254854,0.548746693136328,0.0430177283273855,21.7359057336362
6.98809523809524,0.450592293572072,0.548707085725082,0.0429971564358056,21.7361659448611
6.98819444444444,0.45055631771923,0.548667479778966,0.0429765943822245,21.7364261336712
6.98829365079365,0.450520344989631,0.548627875298648,0.0429560421619361,21.7366863000691
6.98839285714286,0.450484375382889,0.548588272284798,0.0429354997702364,21.7369464440575
6.98849206349206,0.450448408898622,0.548548670738084,0.0429149672024237,21.7372065656392
6.98859126984127,0.450412445536446,0.548509070659175,0.0428944444537985,21.7374666648169
6.98869047619048,0.450376485295977,0.548469472048739,0.0428739315196635,21.7377267415934
6.98878968253968,0.450340528176833,0.548429874907443,0.0428534283953234,21.7379867959712
6.98888888888889,0.450304574178633,0.548390279235954,0.0428329350760851,21.7382468279532
6.9889880952381,0.450268623300996,0.548350685034938,0.0428124515572584,21.7385068375421
6.9890873015873,0.45023267554354,0.548311092305062,0.0427919778341544,21.7387668247405
6.98918650793651,0.450196730905885,0.54827150104699,0.042771513902087,21.7390267895513
6.98928571428571,0.450160789387651,0.548231911261388,0.0427510597563718,21.739286731977
6.98938492063492,0.450124850988459,0.548192322948921,0.042730615392327,21.7395466520205
6.98948412698413,0.450088915707929,0.548152736110252,0.0427101808052728,21.7398065496843
6.98958333333333,0.450052983545685,0.548113150746045,0.0426897559905317,21.7400664249714
6.98968253968254,0.450017054501348,0.548073566856964,0.0426693409434284,21.7403262778842
6.98978174603175,0.44998112857454,0.54803398444367,0.0426489356592897,21.7405861084257
6.98988095238095,0.449945205764884,0.547994403506826,0.0426285401334446,21.7408459165984
6.98998015873016,0.449909286072005,0.547954824047094,0.0426081543612245,21.7411057024051
6.99007936507936,0.449873369495527,0.547915246065135,0.0425877783379627,21.7413654658484
6.99017857142857,0.449837456035074,0.54787566956161,0.042567412058995,21.7416252069312
6.99027777777778,0.449801545690271,0.547836094537179,0.0425470555196592,21.7418849256561
6.99037698412698,0.449765638460744,0.547796520992501,0.0425267087152951,21.7421446220258
6.99047619047619,0.44972973434612,0.547756948928237,0.0425063716412455,21.742404296043
6.9905753968254,0.449693833346025,0.547717378345045,0.0424860442928545,21.7426639477104
6.9906746031746,0.449657935460087,0.547677809243583,0.0424657266654688,21.7429235770308
6.99077380952381,0.449622040687932,0.54763824162451,0.0424454187544374,21.7431831840068
6.99087301587302,0.44958614902919,0.547598675488483,0.0424251205551111,21.7434427686412
6.99097222222222,0.449550260483488,0.547559110836159,0.0424048320628433,21.7437023309365
6.99107142857143,0.449514375050457,0.547519547668195,0.0423845532729895,21.7439618708957
6.99117063492063,0.449478492729726,0.547479985985246,0.0423642841809073,21.7442213885213
6.99126984126984,0.449442613520925,0.547440425787968,0.0423440247819565,21.744480883816
6.99136904761905,0.449406737423685,0.547400867077017,0.0423237750714993,21.7447403567826
6.99146825396825,0.449370864437637,0.547361309853047,0.0423035350448997,21.7449998074237
6.99156746031746,0.449334994562413,0.547321754116711,0.0422833046975244,21.7452592357421
6.99166666666667,0.449299127797645,0.547282199868665,0.0422630840247419,21.7455186417404
6.99176587301587,0.449263264142967,0.547242647109561,0.0422428730219232,21.7457780254214
6.99186507936508,0.44922740359801,0.547203095840051,0.0422226716844409,21.7460373867877
6.99196428571429,0.449191546162409,0.547163546060788,0.0422024800076709,21.7462967258421
6.99206349206349,0.449155691835799,0.547123997772425,0.0421822979869903,21.7465560425872
6.9921626984127,0.449119840617814,0.547084450975612,0.0421621256177789,21.7468153370258
6.99226190476191,0.449083992508089,0.547044905671,0.0421419628954183,21.7470746091605
6.99236111111111,0.449048147506261,0.54700536185924,0.0421218098152928,21.747333858994
6.99246031746032,0.449012305611965,0.546965819540982,0.0421016663727886,21.7475930865291
6.99255952380952,0.448976466824838,0.546926278716874,0.042081532563294,21.7478522917684
6.99265873015873,0.448940631144517,0.546886739387567,0.0420614083821998,21.7481114747145
6.99275793650794,0.448904798570641,0.546847201553708,0.0420412938248987,21.7483706353703
6.99285714285714,0.448868969102848,0.546807665215946,0.0420211888867859,21.7486297737384
6.99295634920635,0.448833142740776,0.546768130374929,0.0420010935632586,21.7488888898215
6.99305555555556,0.448797319484065,0.546728597031302,0.0419810078497162,21.7491479836223
6.99315476190476,0.448761499332355,0.546689065185714,0.0419609317415604,21.7494070551434
6.99325396825397,0.448725682285285,0.546649534838809,0.0419408652341949,21.7496661043876
6.99335317460318,0.448689868342497,0.546610005991235,0.0419208083230257,21.7499251313575
6.99345238095238,0.448654057503633,0.546570478643635,0.0419007610034614,21.7501841360559
6.99355158730159,0.448618249768333,0.546530952796656,0.0418807232709123,21.7504431184854
6.99365079365079,0.448582445136241,0.546491428450941,0.0418606951207909,21.7507020786488
6.99375,0.448546643606999,0.546451905607134,0.0418406765485122,21.7509610165486
6.99384920634921,0.448510845180251,0.546412384265878,0.0418206675494932,21.7512199321876
6.99394841269841,0.44847504985564,0.546372864427817,0.041800668119153,21.7514788255685
6.99404761904762,0.448439257632811,0.546333346093592,0.0417806782529132,21.751737696694
6.99414682539683,0.448403468511408,0.546293829263846,0.0417606979461974,21.7519965455667
6.99424603174603,0.448367682491077,0.54625431393922,0.0417407271944314,21.7522553721893
6.99434523809524,0.448331899571464,0.546214800120355,0.0417207659930433,21.7525141765646
6.99444444444444,0.448296119752216,0.546175287807891,0.0417008143374633,21.7527729586951
6.99454365079365,0.448260343032979,0.546135777002469,0.0416808722231238,21.7530317185836
6.99464285714286,0.4482245694134,0.546096267704729,0.0416609396454595,21.7532904562328
6.99474206349206,0.448188798893127,0.546056759915309,0.0416410165999073,21.7535491716453
6.99484126984127,0.448153031471809,0.546017253634847,0.0416211030819058,21.7538078648239
6.99494047619048,0.448117267149096,0.545977748863983,0.0416011990868969,21.7540665357711
6.99503968253968,0.448081505924635,0.545938245603354,0.0415813046103237,21.7543251844898
6.99513888888889,0.448045747798077,0.545898743853597,0.0415614196476319,21.7545838109825
6.9952380952381,0.448009992769073,0.545859243615349,0.0415415441942693,21.7548424152519
6.9953373015873,0.447974240837273,0.545819744889246,0.0415216782456859,21.7551009973008
6.99543650793651,0.44793849200233,0.545780247675924,0.0415018217973341,21.7553595571317
6.99553571428571,0.447902746263893,0.545740751976018,0.0414819748446681,21.7556180947474
6.99563492063492,0.447867003621618,0.545701257790163,0.0414621373831446,21.7558766101506
6.99573412698413,0.447831264075155,0.545661765118994,0.0414423094082225,21.7561351033439
6.99583333333333,0.447795527624159,0.545622273963145,0.0414224909153629,21.75639357433
6.99593253968254,0.447759794268283,0.545582784323249,0.0414026819000288,21.7566520231115
6.99603174603175,0.447724064007182,0.545543296199938,0.0413828823576859,21.7569104496912
6.99613095238095,0.447688336840511,0.545503809593846,0.0413630922838016,21.7571688540717
6.99623015873016,0.447652612767926,0.545464324505605,0.0413433116738459,21.7574272362557
6.99632936507937,0.447616891789081,0.545424840935846,0.0413235405232904,21.7576855962459
6.99642857142857,0.447581173903635,0.5453853588852,0.0413037788276101,21.7579439340449
6.99652777777778,0.447545459111244,0.545345878354298,0.0412840265822809,21.7582022496554
6.99662698412698,0.447509747411565,0.54530639934377,0.0412642837827816,21.7584605430801
6.99672619047619,0.447474038804256,0.545266921854246,0.041244550424593,21.7587188143216
6.9968253968254,0.447438333288976,0.545227445886355,0.0412248265031981,21.7589770633826
6.9969246031746,0.447402630865383,0.545187971440726,0.0412051120140821,21.7592352902658
6.99702380952381,0.447366931533138,0.545148498517986,0.0411854069527325,21.7594934949739
6.99712301587302,0.4473312352919,0.545109027118765,0.0411657113146389,21.7597516775095
6.99722222222222,0.44729554214133,0.545069557243688,0.0411460250952931,21.7600098378752
6.99732142857143,0.447259852081089,0.545030088893384,0.0411263482901892,21.7602679760739
6.99742063492063,0.447224165110838,0.544990622068479,0.0411066808948233,21.760526092108
6.99751984126984,0.447188481230239,0.544951156769597,0.0410870229046939,21.7607841859803
6.99761904761905,0.447152800438955,0.544911692997366,0.0410673743153017,21.7610422576934
6.99771825396825,0.447117122736649,0.544872230752409,0.0410477351221494,21.7613003072501
6.99781746031746,0.447081448122983,0.544832770035351,0.0410281053207418,21.7615583346529
6.99791666666667,0.447045776597624,0.544793310846818,0.0410084849065866,21.7618163399045
6.99801587301587,0.447010108160235,0.544753853187431,0.0409888738751931,21.7620743230077
6.99811507936508,0.44697444281048,0.544714397057814,0.0409692722220728,21.762332283965
6.99821428571429,0.446938780548026,0.54467494245859,0.0409496799427396,21.7625902227791
6.99831349206349,0.446903121372539,0.544635489390381,0.0409300970327095,21.7628481394527
6.9984126984127,0.446867465283684,0.544596037853809,0.0409105234875006,21.7631060339884
6.99851190476191,0.44683181228113,0.544556587849494,0.0408909593026335,21.7633639063889
6.99861111111111,0.446796162364544,0.544517139378058,0.0408714044736308,21.7636217566569
6.99871031746032,0.446760515533594,0.54447769244012,0.0408518589960172,21.763879584795
6.99880952380952,0.446724871787948,0.544438247036302,0.0408323228653198,21.7641373908058
6.99890873015873,0.446689231127275,0.544398803167221,0.0408127960770678,21.7643951746921
6.99900793650794,0.446653593551246,0.544359360833498,0.0407932786267926,21.7646529364565
6.99910714285714,0.44661795905953,0.544319920035749,0.0407737705100279,21.7649106761016
6.99920634920635,0.446582327651797,0.544280480774594,0.0407542717223094,21.76516839363
6.99930555555556,0.446546699327719,0.544241043050649,0.0407347822591749,21.7654260890446
6.99940476190476,0.446511074086968,0.544201606864531,0.0407153021161653,21.7656837623478
6.99950396825397,0.446475451929215,0.544162172216859,0.0406958312888225,21.7659414135424
6.99960317460318,0.446439832854134,0.544122739108246,0.0406763697726912,21.7661990426309
6.99970238095238,0.446404216861397,0.544083307539309,0.0406569175633183,21.7664566496162
6.99980158730159,0.446368603950677,0.544043877510663,0.0406374746562528,21.7667142345007
6.99990079365079,0.44633299412165,0.544004449022922,0.0406180410470458,21.7669717972872
7,0.446297387373989,0.543965022076701,0.0405986167312508,21.7672293379783
7,0.446297387373989,0.543965022076701,5.04059861673125,21.7672293379783
7.00009920634921,0.447185375904747,0.543925783112944,5.03818810703847,21.7679653379783
7.00019841269841,0.448071922002808,0.543886918084761,5.03577875001133,21.7687016117037
7.00029761904762,0.448957027729462,0.543848426255811,5.03337054523606,21.7694381584406
7.00039682539682,0.449840695185515,0.543810306911168,5.03096349226902,21.7701749774786
7.00049603174603,0.450722926483487,0.54377255931624,5.02855759049904,21.7709120681078
7.00059523809524,0.45160372374761,0.543735182716766,5.02615283914746,21.7716494296178
7.00069444444444,0.452483089032366,0.543698176381912,5.02374923761621,21.7723870613041
7.00079365079365,0.453361024356751,0.543661539608023,5.02134678554472,21.7731249624671
7.00089285714286,0.45423753179757,0.543625271667783,5.01894548238496,21.7738631324055
7.00099206349206,0.455112613427732,0.54358937183512,5.01654532758871,21.7746015704187
7.00109126984127,0.455986271316203,0.543553839385205,5.01414632060766,21.7753402758072
7.00119047619048,0.456858507528017,0.543518673594449,5.01174846089341,21.7760792478726
7.00128968253968,0.457729324124274,0.543483873740508,5.00935174789743,21.7768184859174
7.00138888888889,0.458598723162146,0.54344943910228,5.00695618107112,21.7775579892451
7.00148809523809,0.459466706694869,0.543415368959903,5.00456175986573,21.7782977571601
7.0015873015873,0.460333276771752,0.543381662594762,5.00216848373244,21.779037788968
7.00168650793651,0.461198435438167,0.543348319289479,4.99977635212229,21.7797780839751
7.00178571428571,0.462062184735557,0.543315338327924,4.99738536448624,21.7805186414889
7.00188492063492,0.462924526701433,0.543282718995205,4.99499552027513,21.781259460818
7.00198412698413,0.463785463369375,0.543250460577674,4.9926068189397,21.7820005412717
7.00208333333333,0.464644996769028,0.543218562362927,4.99021925993057,21.7827418821604
7.00218253968254,0.465503128926108,0.5431870236398,4.98783284269827,21.7834834827956
7.00228174603175,0.466359861862411,0.543155843698373,4.98544756669319,21.7842253424898
7.00238095238095,0.467215197595765,0.543125021829968,4.98306343136569,21.7849674605562
7.00248015873016,0.4680691381401,0.543094557327149,4.98068043616594,21.7857098363093
7.00257936507937,0.468921685505405,0.543064449483724,4.97829858054405,21.7864524690644
7.00267857142857,0.469772841697735,0.543034697594742,4.97591786394999,21.787195358138
7.00277777777778,0.470622608719216,0.543005300956495,4.97353828583365,21.7879385028474
7.00287698412698,0.471470988568039,0.542976258866516,4.9711598456448,21.788681902511
7.00297619047619,0.472317983238464,0.542947570623583,4.96878254283312,21.7894255564481
7.0030753968254,0.473163594720821,0.542919235527715,4.96640637684815,21.790169463979
7.0031746031746,0.474007825142779,0.542891252834417,4.96403134716413,21.7909136243909
7.00327380952381,0.474850676629648,0.542863621802761,4.96165745326026,21.7916580369766
7.00337301587302,0.475692151163413,0.542836341739762,4.95928469459365,21.7924027010669
7.00347222222222,0.476532250723569,0.542809411953376,4.95691307062171,21.7931476159933
7.00357142857143,0.477370977287129,0.542782831752506,4.95454258080205,21.7938927810883
7.00367063492063,0.478208332828622,0.542756600447,4.95217322459255,21.7946381956855
7.00376984126984,0.479044319320102,0.542730717347652,4.94980500145133,21.7953838591192
7.00386904761905,0.479878938731107,0.5427051817662,4.94743791083682,21.7961297707248
7.00396825396825,0.480712193028721,0.542679993015329,4.94507195220764,21.7968759298385
7.00406746031746,0.481544084177535,0.542655150408668,4.94270712502266,21.7976223357976
7.00416666666667,0.482374614139655,0.54263065326079,4.94034342874102,21.7983689879402
7.00426587301587,0.483203784874701,0.542606500887216,4.93798086282211,21.7991158856055
7.00436507936508,0.48403159833981,0.542582692604411,4.93561942672557,21.7998630281334
7.00446428571429,0.484858056489634,0.542559227729785,4.93325911991129,21.800610414865
7.00456349206349,0.48568316127634,0.542536105581693,4.93089994183941,21.8013580451421
7.0046626984127,0.486506914649611,0.542513325479436,4.92854189197032,21.8021059183076
7.0047619047619,0.487329318556645,0.54249088674326,4.92618496976466,21.8028540337053
7.00486111111111,0.488150374942157,0.542468788694357,4.92382917468332,21.80360239068
7.00496031746032,0.488970085748375,0.542447030654863,4.92147450618746,21.8043509885771
7.00505952380952,0.489788452915044,0.542425611947859,4.91912096373845,21.8050998267435
7.00515873015873,0.490605478379425,0.542404531897372,4.91676854679796,21.8058489045265
7.00525793650794,0.491421164076304,0.542383789828376,4.91441725482784,21.8065982212748
7.00535714285714,0.49223551193795,0.542363385066787,4.9120670872903,21.8073477763376
7.00545634920635,0.49304852389418,0.542343316939468,4.90971804364771,21.8080975690654
7.00555555555556,0.493860201872318,0.542323584774228,4.90737012336273,21.8088475988094
7.00565476190476,0.494670547797199,0.542304187899819,4.90502332589824,21.8095978649219
7.00575396825397,0.495479563591179,0.54228512564594,4.90267765071741,21.810348366756
7.00585317460317,0.496287251174124,0.542266397343235,4.90033309728363,21.8110991036659
7.00595238095238,0.497093612463418,0.542248002323293,4.89798966506055,21.8118500750066
7.00605158730159,0.497898649373963,0.542229939918648,4.89564735351209,21.812601280134
7.00615079365079,0.498702363818171,0.54221220946278,4.89330616210239,21.8133527184051
7.00625,0.499504757705973,0.542194810290115,4.89096609029586,21.8141043891777
7.00634920634921,0.500305832944816,0.54217774173602,4.88862713755716,21.8148562918107
7.00644841269841,0.50110559143966,0.542161003136813,4.88628930335118,21.8156084256637
7.00654761904762,0.501904035092983,0.542144593829754,4.8839525871431,21.8163607900975
7.00664682539682,0.502701165804776,0.542128513153048,4.88161698839833,21.8171133844736
7.00674603174603,0.503496985472558,0.542112760445847,4.87928250658247,21.8178662081546
7.00684523809524,0.504291495991331,0.542097335048248,4.87694914116153,21.818619260504
7.00694444444444,0.505084699253643,0.542082236301291,4.87461689160161,21.8193725408861
7.00704365079365,0.50587659714955,0.542067463546964,4.87228575736914,21.8201260486665
7.00714285714286,0.50666719156662,0.542053016128198,4.86995573793078,21.8208797832113
7.00724206349206,0.507456484389939,0.542038893388872,4.86762683275345,21.8216337438877
7.00734126984127,0.508244477502107,0.542025094673808,4.8652990413043,21.8223879300641
7.00744047619048,0.50903117278324,0.542011619328774,4.86297236305075,21.8231423411094
7.00753968253968,0.509816572110969,0.541998466700482,4.86064679746048,21.8238969763937
7.00763888888889,0.510600677360442,0.541985636136592,4.8583223440014,21.8246518352881
7.00773809523809,0.51138349040432,0.541973126985707,4.85599900214168,21.8254069171644
7.0078373015873,0.512165013112783,0.541960938597376,4.85367677134973,21.8261622213955
7.00793650793651,0.512945247353522,0.541949070322094,4.85135565109424,21.8269177473553
7.00803571428571,0.513724194991746,0.541937521511299,4.84903564084411,21.8276734944184
7.00813492063492,0.514501857890181,0.541926291517377,4.84671674006853,21.8284294619605
7.00823412698413,0.515278237909076,0.541915379693656,4.84439894823688,21.8291856493582
7.00833333333333,0.516053336906165,0.541904785394414,4.84208226481891,21.8299420559892
7.00843253968254,0.516827156736729,0.54189450797487,4.8397666892845,21.8306986812319
7.00853174603175,0.517599699253555,0.541884546791189,4.83745222110383,21.8314555244657
7.00863095238095,0.518370966306944,0.541874901200484,4.83513885974733,21.8322125850709
7.00873015873016,0.519140959744713,0.541865570560809,4.83282660468567,21.832969862429
7.00882936507937,0.519909681412194,0.541856554231167,4.83051545538979,21.8337273559221
7.00892857142857,0.520677133152237,0.541847851571505,4.82820541133087,21.8344850649335
7.00902777777778,0.521443316805203,0.541839461942714,4.82589647198033,21.8352429888472
7.00912698412698,0.522208234208972,0.541831384706631,4.82358863680986,21.8360011270483
7.00922619047619,0.522971887198939,0.54182361922604,4.82128190529138,21.8367594789228
7.0093253968254,0.523734277608013,0.541816164864668,4.81897627689709,21.8375180438576
7.0094246031746,0.52449540726662,0.541809020987188,4.81667175109941,21.8382768212407
7.00952380952381,0.525255278002699,0.541802186959219,4.81436832737103,21.8390358104608
7.00962301587302,0.526013891641709,0.541795662147323,4.81206600518489,21.8397950109076
7.00972222222222,0.52677125000663,0.54178944591901,4.80976478401414,21.8405544219719
7.00982142857143,0.527527354917929,0.541783537642734,4.80746466333228,21.8413140430453
7.00992063492064,0.528282208193619,0.541777936687894,4.80516564261297,21.8420738735203
7.01001984126984,0.529035811649219,0.541772642424835,4.80286772133015,21.8428339127905
7.01011904761905,0.529788167097761,0.541767654224846,4.80057089895801,21.8435941602502
7.01021825396825,0.530539276349796,0.541762971460164,4.79827517497099,21.8443546152949
7.01031746031746,0.531289141213387,0.541758593503967,4.79598054884378,21.8451152773209
7.01041666666667,0.532037763494114,0.541754519730382,4.79368702005133,21.8458761457254
7.01051587301587,0.532785144995073,0.54175074951448,4.79139458806882,21.8466372199067
7.01061507936508,0.533531287516875,0.541747282232276,4.78910325237171,21.8473984992637
7.01071428571429,0.534276192857647,0.541744117260732,4.78681301243569,21.8481599831967
7.01081349206349,0.535019862813029,0.541741253977756,4.7845238677367,21.8489216711066
7.0109126984127,0.53576229917618,0.541738691762197,4.78223581775095,21.8496835623954
7.0110119047619,0.536503503737772,0.541736429993855,4.77994886195487,21.8504456564659
7.01111111111111,0.537243478285994,0.541734468053471,4.77766299982518,21.851207952722
7.01121031746032,0.537982224606559,0.541732805322733,4.77537823083879,21.8519704505684
7.01130952380952,0.538719744482667,0.541731441184273,4.77309455447296,21.8527331494108
7.01140873015873,0.539456039695062,0.541730375021671,4.77081197020511,21.8534960486558
7.01150793650794,0.540191112021994,0.541729606219449,4.76853047751295,21.8542591477111
7.01160714285714,0.540924963239229,0.541729134163076,4.76625007587443,21.855022445985
7.01170634920635,0.541657595120048,0.541728958238966,4.76397076476776,21.8557859428872
7.01180555555556,0.542389009435248,0.541729077834479,4.76169254367138,21.8565496378279
7.01190476190476,0.54311920795314,0.541729492337918,4.75941541206401,21.8573135302185
7.01200396825397,0.543848192439552,0.541730201138534,4.75713936942461,21.8580776194712
7.01210317460317,0.544575964657827,0.541731203626521,4.75486441523237,21.8588419049992
7.01220238095238,0.545302526368824,0.54173249919302,4.75259054896677,21.8596063862168
7.01230158730159,0.546027879330916,0.541734087230117,4.75031777010751,21.8603710625389
7.01240079365079,0.546752025299993,0.541735967130841,4.74804607813455,21.8611359333815
7.0125,0.54747496602946,0.541738138289169,4.7457754725281,21.8619009981617
7.01259920634921,0.548196703270236,0.541740600100022,4.74350595276862,21.8626662562972
7.01269841269841,0.548917238770767,0.541743351959267,4.74123751833681,21.863431707207
7.01279761904762,0.549636574276986,0.541746393263716,4.73897016871368,21.8641973503108
7.01289682539683,0.550354711532368,0.541749723411125,4.73670390338042,21.8649631850293
7.01299603174603,0.551071652277896,0.541753341800197,4.73443872181849,21.8657292107841
7.01309523809524,0.551787398252067,0.54175724783058,4.73217462350962,21.8664954269978
7.01319444444444,0.552501951190894,0.541761440902866,4.72991160793577,21.867261833094
7.01329365079365,0.553215312827906,0.541765920418593,4.72764967457915,21.8680284284971
7.01339285714286,0.553927484894148,0.541770685780244,4.72538882292225,21.8687952126324
7.01349206349206,0.554638469118178,0.541775736391249,4.72312905244777,21.8695621849263
7.01359126984127,0.555348267226071,0.541781071655981,4.72087036263869,21.8703293448062
7.01369047619048,0.556056880941418,0.541786690979759,4.71861275297824,21.8710966917001
7.01378968253968,0.556764311985325,0.541792593768847,4.71635622294988,21.8718642250372
7.01388888888889,0.557470562076414,0.541798779430455,4.71410077203735,21.8726319442477
7.0139880952381,0.55817563293082,0.541805247372738,4.71184639972461,21.8733998487625
7.0140873015873,0.558879526262197,0.541811997004796,4.70959310549589,21.8741679380136
7.01418650793651,0.559582243781721,0.541819027736675,4.70734088883564,21.8749362114339
7.01428571428572,0.560283787198058,0.541826338979364,4.70508974922864,21.8757046684572
7.01438492063492,0.560984158217414,0.5418339301448,4.70283968615986,21.8764733085183
7.01448412698413,0.561683358543505,0.541841800645865,4.7005906991145,21.8772421310529
7.01458333333333,0.562381389877559,0.541849949896384,4.69834278757806,21.8780111354977
7.01468253968254,0.563078253918323,0.541858377311128,4.69609595103627,21.8787803212902
7.01478174603175,0.563773952362056,0.541867082305816,4.69385018897511,21.879549687869
7.01488095238095,0.564468486902535,0.541876064297109,4.6916055008808,21.8803192346736
7.01498015873016,0.565161859231052,0.541885322702615,4.68936188623985,21.8810889611443
7.01507936507937,0.565854071036412,0.541894856940885,4.68711934453897,21.8818588667224
7.01517857142857,0.566545124004939,0.541904666431419,4.68487787526516,21.8826289508503
7.01527777777778,0.567235019820471,0.54191475059466,4.68263747790566,21.8833992129712
7.01537698412698,0.567923760164361,0.541925108851995,4.68039815194794,21.8841696525292
7.01547619047619,0.568611346715478,0.541935740625758,4.67815989687976,21.8849402689694
7.0155753968254,0.569297792662951,0.541946640790962,4.67592271189293,21.8857110571784
7.0156746031746,0.569983110992369,0.541957804303076,4.67368659618484,21.8864820121237
7.01577380952381,0.570667303074792,0.541969230706051,4.671451549252,21.8872531333723
7.01587301587302,0.571350370280506,0.541980919544117,4.66921757059101,21.8880244204917
7.01597222222222,0.572032313978981,0.541992870361793,4.66698465969871,21.8887958730496
7.01607142857143,0.572713135538889,0.542005082703881,4.66475281607214,21.8895674906138
7.01617063492063,0.573392836328093,0.542017556115469,4.66252203920852,21.8903392727527
7.01626984126984,0.574071417713659,0.542030290141928,4.66029232860529,21.8911112190348
7.01636904761905,0.574748881061844,0.542043284328917,4.65806368376006,21.8918833290288
7.01646825396825,0.575425227738105,0.542056538222376,4.65583610417068,21.8926556023039
7.01656746031746,0.576100459107095,0.542070051368534,4.65360958933514,21.8934280384294
7.01666666666667,0.576774576532665,0.542083823313901,4.65138413875167,21.8942006369749
7.01676587301587,0.577447581377861,0.542097853605274,4.64915975191869,21.8949733975104
7.01686507936508,0.578119475004928,0.542112141789736,4.64693642833479,21.895746319606
7.01696428571428,0.578790258775304,0.542126687414652,4.6447141674988,21.8965194028321
7.01706349206349,0.579459934049629,0.542141490027673,4.64249296890972,21.8972926467596
7.0171626984127,0.580128502187744,0.542156549176737,4.64027283206671,21.8980660509595
7.0172619047619,0.580795964548663,0.542171864410064,4.63805375646924,21.898839615003
7.01736111111111,0.581462322490622,0.542187435276159,4.63583574161686,21.8996133384617
7.01746031746032,0.582127577371046,0.542203261323815,4.63361878700939,21.9003872209075
7.01755952380952,0.582791730546556,0.542219342102106,4.63140289214679,21.9011612619125
7.01765873015873,0.583454783372971,0.542235677160394,4.62918805652927,21.9019354610491
7.01775793650794,0.584116737205305,0.542252266048323,4.6269742796572,21.90270981789
7.01785714285714,0.584777593397771,0.542269108315825,4.62476156103117,21.9034843320081
7.01795634920635,0.585437353303776,0.542286203513114,4.62254990015195,21.9042590029767
7.01805555555556,0.586096018275927,0.542303551190691,4.62033929652051,21.9050338303694
7.01815476190476,0.586753589666025,0.542321150899341,4.61812974963804,21.9058088137599
7.01825396825397,0.58741006882507,0.542339002190134,4.6159212590059,21.9065839527222
7.01835317460317,0.588065457103257,0.542357104614424,4.61371382412565,21.9073592468308
7.01845238095238,0.588719755849979,0.542375457723851,4.61150744449905,21.9081346956603
7.01855158730159,0.589372966413826,0.542394061070341,4.60930211962808,21.9089102987855
7.01865079365079,0.590025090142593,0.542412914206102,4.60709784901485,21.9096860557818
7.01875,0.590676128383245,0.542432016683629,4.60489463216177,21.9104619662244
7.01884920634921,0.591326082481971,0.542451368055701,4.60269246857138,21.9112380296892
7.01894841269841,0.591974953784147,0.542470967875382,4.60049135774641,21.9120142457522
7.01904761904762,0.592622743634348,0.542490815696021,4.59829129918982,21.9127906139896
7.01914682539683,0.593269453376344,0.542510911071253,4.59609229240474,21.9135671339781
7.01924603174603,0.593915084353101,0.542531253554995,4.59389433689451,21.9143438052945
7.01934523809524,0.594559637906785,0.542551842701452,4.59169743216268,21.9151206275159
7.01944444444444,0.595203115378755,0.542572678065113,4.58950157771296,21.9158976002198
7.01954365079365,0.595845518109569,0.54259375920075,4.5873067730493,21.9166747229838
7.01964285714286,0.596486847438983,0.542615085663422,4.58511301767582,21.9174519953859
7.01974206349206,0.597127104705946,0.542636657008472,4.58292031109684,21.9182294170043
7.01984126984127,0.597766291248608,0.542658472791529,4.58072865281689,21.9190069874175
7.01994047619048,0.598404408404313,0.542680532568505,4.57853804234069,21.9197847062044
7.02003968253968,0.599041457509602,0.542702835895599,4.57634847917314,21.920562572944
7.02013888888889,0.599677439900224,0.542725382329292,4.57415996281933,21.9213405872156
7.0202380952381,0.600312356911095,0.542748171426353,4.57197249278463,21.922118748599
7.0203373015873,0.600946209876358,0.542771202743835,4.56978606857452,21.9228970566739
7.02043650793651,0.60157900012934,0.542794475839074,4.56760068969471,21.9236755110206
7.02053571428571,0.602210729002568,0.542817990269692,4.56541635565108,21.9244541112196
7.02063492063492,0.602841397827764,0.542841745593598,4.56323306594974,21.9252328568515
7.02073412698413,0.603471007935848,0.542865741368984,4.56105082009698,21.9260117474974
7.02083333333333,0.604099560656935,0.542889977154325,4.55886961759929,21.9267907827386
7.02093253968254,0.604727057320339,0.542914452508384,4.55668945796337,21.9275699621567
7.02103174603175,0.605353499254571,0.542939166990208,4.5545103406961,21.9283492853335
7.02113095238095,0.605978887787335,0.542964120159129,4.55233226530456,21.9291287518512
7.02123015873016,0.606603224245537,0.542989311574762,4.55015523129602,21.9299083612921
7.02132936507936,0.607226509955275,0.543014740797009,4.54797923817797,21.9306881132389
7.02142857142857,0.607848746241848,0.543040407386057,4.54580428545809,21.9314680072746
7.02152777777778,0.60846993442975,0.543066310902377,4.54363037264423,21.9322480429824
7.02162698412698,0.609090075842678,0.543092450906724,4.54145749924444,21.9330282199459
7.02172619047619,0.609709171803505,0.54311882696014,4.53928566476705,21.9338085377489
7.0218253968254,0.610327223634323,0.54314543862395,4.53711486872047,21.9345889959753
7.0219246031746,0.610944232656413,0.543172285459766,4.53494511061339,21.9353695942096
7.02202380952381,0.611560200190253,0.543199367029482,4.53277638995464,21.9361503320364
7.02212301587302,0.612175127555519,0.543226682895279,4.53060870625328,21.9369312090406
7.02222222222222,0.61278901607108,0.543254232619623,4.52844205901856,21.9377122248074
7.02232142857143,0.613401867055007,0.543282015765263,4.52627644775993,21.9384933789222
7.02242063492063,0.614013681824564,0.543310031895236,4.52411187198704,21.9392746709708
7.02251984126984,0.614624461696214,0.54333828057286,4.52194833120971,21.9400561005392
7.02261904761905,0.615234207985614,0.543366761361741,4.519785824938,21.9408376672137
7.02271825396825,0.615842922007622,0.543395473825768,4.51762435268213,21.9416193705808
7.02281746031746,0.616450605076289,0.543424417529117,4.51546391395254,21.9424012102275
7.02291666666667,0.617057258504865,0.543453592036246,4.51330450825985,21.9431831857408
7.02301587301587,0.617662883605797,0.5434829969119,4.5111461351149,21.9439652967081
7.02311507936508,0.618267481690734,0.54351263172111,4.50898879402867,21.9447475427172
7.02321428571429,0.618871054070501,0.543542496029187,4.50683248451244,21.9455299233559
7.02331349206349,0.619473602055142,0.543572589401732,4.50467720607761,21.9463124382125
7.0234126984127,0.620075126953891,0.543602911404629,4.50252295823578,21.9470950868756
7.02351190476191,0.620675630075177,0.543633461604047,4.50036974049877,21.9478778689339
7.02361111111111,0.621275112726629,0.543664239566438,4.49821755237859,21.9486607839765
7.02371031746032,0.62187357621507,0.543695244858543,4.49606639338743,21.9494438315928
7.02380952380952,0.62247102184652,0.543726477047384,4.49391626303771,21.9502270113723
7.02390873015873,0.623067450926197,0.54375793570027,4.49176716084201,21.9510103229051
7.02400793650794,0.623662864758516,0.543789620384794,4.48961908631315,21.9517937657811
7.02410714285714,0.624257264647087,0.543821530668834,4.4874720389641,21.952577339591
7.02420634920635,0.624850651894718,0.543853666120553,4.48532601830807,21.9533610439255
7.02430555555556,0.625443027803414,0.5438860263084,4.48318102385843,21.9541448783755
7.02440476190476,0.626034393674377,0.543918610801107,4.48103705512878,21.9549288425324
7.02450396825397,0.626624750808005,0.543951419167691,4.47889411163288,21.9557129359878
7.02460317460318,0.627214100503901,0.543984450977456,4.4767521928847,21.9564971583334
7.02470238095238,0.627802444060841,0.544017705799988,4.47461129839847,21.9572815091614
7.02480158730159,0.628389782776822,0.544051183205161,4.47247142768852,21.9580659880643
7.02490079365079,0.62897611794903,0.544084882763131,4.47033258026943,21.9588505946346
7.025,0.629561450873847,0.54411880404434,4.46819475565597,21.9596353284654
7.02509920634921,0.630145782846852,0.544152946619516,4.46605795336309,21.9604201891499
7.02519841269841,0.630729115162821,0.54418731005967,4.46392217290597,21.9612051762816
7.02529761904762,0.631311449115728,0.5442218939361,4.46178741379994,21.9619902894543
7.02539682539683,0.631892785998741,0.544256697820386,4.45965367556058,21.9627755282621
7.02549603174603,0.632473127104228,0.544291721284396,4.45752095770363,21.9635608922992
7.02559523809524,0.633052473723752,0.54432696390028,4.45538925974504,21.9643463811604
7.02569444444444,0.633630827148073,0.544362425240476,4.45325858120096,21.9651319944406
7.02579365079365,0.634208188667148,0.544398104877703,4.45112892158772,21.9659177317349
7.02589285714286,0.63478455957013,0.54443400238497,4.44900028042187,21.9667035926388
7.02599206349206,0.635359941145371,0.544470117335565,4.44687265722014,21.967489576748
7.02609126984127,0.635934334680425,0.544506449303067,4.44474605149945,21.9682756836585
7.02619047619048,0.636507741462021,0.544542997861334,4.44262046277697,21.9690619129667
7.02628968253968,0.637080162776108,0.544579762584512,4.44049589057,21.969848264269
7.02638888888889,0.637651599907823,0.544616743047033,4.43837233439608,21.9706347371624
7.0264880952381,0.638222054141502,0.544653938823611,4.43624979377292,21.971421331244
7.0265873015873,0.638791526760676,0.544691349489247,4.43412826821844,21.9722080461111
7.02668650793651,0.639360019048073,0.544728974619226,4.43200775725075,21.9729948813615
7.02678571428571,0.639927532285618,0.544766813789118,4.42988826038818,21.973781836593
7.02688492063492,0.640494067754434,0.544804866574778,4.42776977714922,21.9745689114041
7.02698412698413,0.641059626734838,0.544843132552345,4.42565230705259,21.9753561053931
7.02708333333333,0.641624210506347,0.544881611298246,4.42353584961719,21.9761434181588
7.02718253968254,0.642187820347672,0.544920302389188,4.42142040436211,21.9769308493004
7.02728174603175,0.642750457536724,0.544959205402167,4.41930597080667,21.9777183984171
7.02738095238095,0.643312123350607,0.544998319914461,4.41719254847035,21.9785060651086
7.02748015873016,0.643872819065625,0.545037645503636,4.41508013687285,21.9792938489748
7.02757936507937,0.644432545957285,0.545077181747541,4.41296873553401,21.9800817496159
7.02767857142857,0.644991305300269,0.545116928224308,4.410858343974,21.9808697666323
7.02777777777778,0.645549098368476,0.545156884512358,4.40874896171306,21.9816578996248
7.02787698412698,0.646105926434998,0.545197050190393,4.40664058827167,21.9824461481943
7.02797619047619,0.64666179077212,0.545237424837404,4.40453322317052,21.9832345119422
7.0280753968254,0.647216692651327,0.545278008032662,4.40242686593046,21.9840229904701
7.0281746031746,0.6477706333433,0.545318799355727,4.40032151607258,21.9848115833797
7.02827380952381,0.648323614117915,0.545359798386442,4.39821717311814,21.9856002902733
7.02837301587302,0.648875636244246,0.545401004704935,4.39611383658861,21.9863891107531
7.02847222222222,0.649426700990565,0.54544241789162,4.39401150600565,21.9871780444219
7.02857142857143,0.649976809624339,0.545484037527193,4.39191018089112,21.9879670908827
7.02867063492063,0.650525963412234,0.545525863192639,4.38980986076707,21.9887562497387
7.02876984126984,0.651074163620109,0.545567894469225,4.38771054515576,21.9895455205933
7.02886904761905,0.651621411513025,0.545610130938503,4.38561223357964,21.9903349030505
7.02896825396825,0.652167708355234,0.545652572182311,4.38351492556135,21.9911243967142
7.02906746031746,0.652713055410198,0.545695217782772,4.38141862062372,21.9919140011887
7.02916666666667,0.653257453940549,0.545738067322293,4.37932331828983,21.9927037160788
7.02926587301587,0.65380090520814,0.545781120383565,4.37722901808291,21.9934935409894
7.02936507936508,0.654343410474015,0.545824376549566,4.37513571952637,21.9942834755255
7.02946428571429,0.654884970998411,0.545867835403558,4.37304342214387,21.9950735192927
7.02956349206349,0.655425588040765,0.545911496529088,4.37095212545922,21.9958636718966
7.0296626984127,0.655965262859709,0.545955359509987,4.36886182899645,21.9966539329434
7.02976190476191,0.656503996713073,0.545999423930372,4.36677253227979,21.9974443020392
7.02986111111111,0.657041790857884,0.546043689374644,4.36468423483365,21.9982347787908
7.02996031746032,0.657578646550365,0.54608815542749,4.36259693618266,21.9990253628048
7.03005952380952,0.658114565045934,0.546132821673882,4.36051063585162,21.9998160536884
7.03015873015873,0.658649547599211,0.546177687699075,4.35842533336556,22.0006068510491
7.03025793650794,0.659183595464007,0.54622275308861,4.35634102824967,22.0013977544945
7.03035714285714,0.659716709893333,0.546268017428313,4.35425772002936,22.0021887636325
7.03045634920635,0.660248892139397,0.546313480304295,4.35217540823025,22.0029798780715
7.03055555555556,0.66078014345361,0.546359141302952,4.35009409237808,22.0037710974198
7.03065476190476,0.661310465086558,0.546405000010964,4.34801377199893,22.0045624212864
7.03075396825397,0.661839858288047,0.546451056015297,4.34593444661895,22.0053538492802
7.03085317460318,0.66236832430707,0.5464973089032,4.34385611576454,22.0061453810106
7.03095238095238,0.662895864391819,0.54654375826221,4.34177877896229,22.0069370160872
7.03105158730159,0.663422479789682,0.546590403680146,4.33970243573897,22.00772875412
7.03115079365079,0.663948171747244,0.546637244745113,4.33762708562157,22.0085205947191
7.03125,0.664472941510287,0.546684281045501,4.33555272813727,22.009312537495
7.03134920634921,0.664996790323789,0.546731512169985,4.33347936281344,22.0101045820583
7.03144841269841,0.665519719431926,0.546778937707525,4.33140698917766,22.0108967280202
7.03154761904762,0.66604173007807,0.546826557247365,4.3293356067577,22.0116889749918
7.03164682539682,0.66656282350479,0.546874370379034,4.32726521508152,22.0124813225848
7.03174603174603,0.667083000953852,0.546922376692347,4.32519581367729,22.0132737704111
7.03184523809524,0.667602263666218,0.546970575777403,4.32312740207336,22.0140663180826
7.03194444444444,0.668120612882048,0.547018967224586,4.32105997979831,22.0148589652119
7.03204365079365,0.668638049840706,0.547067550624565,4.31899354638084,22.0156517114116
7.03214285714286,0.669154575780729,0.547116325568294,4.31692810134998,22.0164445562947
7.03224206349206,0.669670191939876,0.547165291647011,4.31486364423483,22.0172374994743
7.03234126984127,0.670184899555093,0.54721444845224,4.31280017456476,22.0180305405641
7.03244047619048,0.670698699862523,0.54726379557579,4.31073769186929,22.0188236791777
7.03253968253968,0.671211594097506,0.547313332609754,4.30867619567818,22.0196169149293
7.03263888888889,0.671723583494581,0.54736305914651,4.30661568552135,22.0204102474332
7.03273809523809,0.67223466928748,0.547412974778721,4.30455616092894,22.021203676304
7.0328373015873,0.672744852709135,0.547463079099336,4.30249762143129,22.0219972011567
7.03293650793651,0.673254134991674,0.547513371701587,4.30044006655891,22.0227908216064
7.03303571428571,0.67376251736642,0.547563852178992,4.29838349584255,22.0235845372685
7.03313492063492,0.674270001063894,0.547614520125354,4.29632790881311,22.0243783477588
7.03323412698413,0.674776587313816,0.54766537513476,4.29427330500171,22.0251722526933
7.03333333333333,0.6752822773451,0.547716416801583,4.29221968393968,22.0259662516882
7.03343253968254,0.675787072385857,0.54776764472048,4.29016704515853,22.0267603443603
7.03353174603175,0.676290973663403,0.547819058486394,4.28811538818993,22.0275545303262
7.03363095238095,0.676793982404229,0.547870657694551,4.28606471256585,22.0283488092031
7.03373015873016,0.677296099834045,0.547922441940463,4.28401501781837,22.0291431806085
7.03382936507937,0.677797327177749,0.547974410819928,4.28196630347979,22.0299376441599
7.03392857142857,0.678297665659437,0.548026563929026,4.27991856908261,22.0307321994754
7.03402777777778,0.678797116502401,0.548078900864126,4.27787181415952,22.0315268461732
7.03412698412698,0.679295680929132,0.548131421221878,4.27582603824341,22.0323215838717
7.03422619047619,0.679793360161315,0.548184124599218,4.27378124086738,22.0331164121898
7.0343253968254,0.680290155419832,0.548237010593368,4.27173742156471,22.0339113307466
7.0344246031746,0.680786067924765,0.548290078801835,4.26969457986888,22.0347063391613
7.03452380952381,0.68128109889539,0.548343328822408,4.26765271531358,22.0355014370536
7.03462301587302,0.68177524955018,0.548396760253165,4.26561182743267,22.0362966240434
7.03472222222222,0.682268521106805,0.548450372692466,4.26357191576025,22.0370918997509
7.03482142857143,0.682760914782132,0.548504165738956,4.26153297983057,22.0378872637966
7.03492063492063,0.683252431792226,0.548558138991567,4.2594950191781,22.038682715801
7.03501984126984,0.683743073352353,0.548612292049515,4.25745803333749,22.0394782553854
7.03511904761905,0.684232840676958,0.548666624512298,4.25542202184365,22.0402738821709
7.03521825396825,0.684721734979702,0.548721135979702,4.25338698423162,22.0410695957791
7.03531746031746,0.685209757473436,0.548775826051798,4.25135292003664,22.0418653958319
7.03541666666667,0.685696909370208,0.548830694328941,4.24931982879418,22.0426612819514
7.03551587301587,0.686183191881263,0.54888574041177,4.24728771003988,22.0434572537599
7.03561507936508,0.686668606217043,0.548940963901211,4.24525656330959,22.0442533108802
7.03571428571429,0.687153153587184,0.548996364398473,4.24322638813936,22.0450494529352
7.03581349206349,0.687636835200524,0.54905194150505,4.24119718406543,22.0458456795481
7.0359126984127,0.688119652265094,0.549107694822723,4.23916895062423,22.0466419903425
7.0360119047619,0.688601605988123,0.549163623953555,4.23714168735241,22.0474383849421
7.03611111111111,0.689082697576036,0.549219728499895,4.23511539378679,22.0482348629711
7.03621031746032,0.689562928234457,0.549276008064379,4.2330900694644,22.0490314240536
7.03630952380952,0.690042299168203,0.549332462249924,4.23106571392248,22.0498280678144
7.03640873015873,0.690520811581292,0.549389090659735,4.22904232669844,22.0506247938784
7.03650793650794,0.690998466676943,0.549445892897301,4.22701990732988,22.0514216018707
7.03660714285714,0.691475265657552,0.549502868566394,4.22499845535468,22.0522184914167
7.03670634920635,0.691951209724734,0.549560017271074,4.22297797031081,22.0530154621423
7.03680555555556,0.69242630007929,0.549617338615684,4.22095845173649,22.0538125136734
7.03690476190476,0.692900537921221,0.549674832204852,4.21893989917013,22.0546096456363
7.03700396825397,0.693373924449724,0.549732497643492,4.21692231215034,22.0554068576576
7.03710317460317,0.693846460863193,0.549790334536801,4.21490569021592,22.0562041493641
7.03720238095238,0.694318148359219,0.549848342490263,4.21289003290586,22.0570015203829
7.03730158730159,0.694788988134589,0.549906521109646,4.21087533975937,22.0577989703414
7.03740079365079,0.695258981385288,0.549964870001001,4.20886161031584,22.0585964988673
7.0375,0.695728129306495,0.550023388770668,4.20684884411486,22.0593941055886
7.03759920634921,0.69619643309259,0.550082077025267,4.20483704069622,22.0601917901335
7.03769841269841,0.696663893937147,0.550140934371708,4.2028261995999,22.0609895521304
7.03779761904762,0.697130513032937,0.550199960417181,4.20081632036609,22.0617873912083
7.03789682539682,0.697596291571929,0.550259154769164,4.19880740253516,22.062585306996
7.03799603174603,0.698061230745294,0.55031851703542,4.19679944564766,22.0633832991231
7.03809523809524,0.698525331743382,0.550378046823994,4.19479244924443,22.064181367219
7.03819444444444,0.698988595755757,0.550437743743219,4.1927864128664,22.0649795109138
7.03829365079365,0.699451023971176,0.550497607401712,4.19078133605475,22.0657777298375
7.03839285714286,0.69991261757759,0.550557637408374,4.18877721835082,22.0665760236206
7.03849206349206,0.700373377762149,0.550617833372391,4.1867740592962,22.0673743918938
7.03859126984127,0.700833305711199,0.550678194903235,4.18477185843263,22.0681728342882
7.03869047619048,0.701292402610283,0.550738721610663,4.18277061530207,22.0689713504351
7.03878968253968,0.70175066964414,0.550799413104715,4.18077032944668,22.0697699399659
7.03888888888889,0.702208107996707,0.550860268995716,4.17877100040879,22.0705686025126
7.03898809523809,0.702664718851117,0.55092128889428,4.17677262773097,22.0713673377073
7.0390873015873,0.7031205033897,0.5509824724113,4.17477521095594,22.0721661451823
7.03918650793651,0.703575462793983,0.551043819157957,4.17277874962666,22.0729650245703
7.03928571428571,0.70402959824469,0.551105328745718,4.17078324328626,22.0737639755043
7.03938492063492,0.704482910921742,0.551167000786333,4.16878869147807,22.0745629976175
7.03948412698413,0.704935402004262,0.551228834891837,4.1667950937456,22.0753620905435
7.03958333333333,0.705387072670551,0.551290830674549,4.16480244963263,22.0761612539159
7.03968253968254,0.705837924098127,0.551352987747075,4.16281075868306,22.0769604873689
7.03978174603175,0.706287957463698,0.551415305722306,4.16082002044102,22.0777597905368
7.03988095238095,0.706737173943168,0.551477784213415,4.15883023445081,22.0785591630542
7.03998015873016,0.707185574711639,0.551540422833864,4.15684140025696,22.079358604556
7.04007936507937,0.707633160943409,0.551603221197395,4.15485351740419,22.0801581146774
7.04017857142857,0.708079933811974,0.55166617891804,4.15286658543739,22.0809576930538
7.04027777777778,0.708525894490024,0.551729295610111,4.15088060390169,22.081757339321
7.04037698412698,0.708971044149448,0.551792570888209,4.14889557234238,22.082557053115
7.04047619047619,0.709415383961333,0.551856004367218,4.14691149030497,22.083356834072
7.0405753968254,0.709858915095961,0.551919595662307,4.14492835733515,22.0841566818286
7.0406746031746,0.710301638722809,0.551983344388929,4.14294617297882,22.0849565960217
7.04077380952381,0.710743556010556,0.552047250162823,4.14096493678208,22.0857565762884
7.04087301587302,0.711184668127073,0.552111312600014,4.1389846482912,22.086556622266
7.04097222222222,0.711624976239435,0.55217553131681,4.13700530705267,22.0873567335923
7.04107142857143,0.712064481513898,0.552239905929804,4.1350269126132,22.0881569099051
7.04117063492064,0.712503185115931,0.552304436055874,4.13304946451966,22.0889571508428
7.04126984126984,0.712941088210193,0.552369121312184,4.13107296231911,22.0897574560437
7.04136904761905,0.713378191960541,0.552433961316182,4.12909740555885,22.0905578251468
7.04146825396825,0.713814497530029,0.552498955685601,4.12712279378634,22.0913582577911
7.04156746031746,0.714250006080907,0.552564104038459,4.12514912654924,22.0921587536158
7.04166666666667,0.714684718774624,0.552629405993058,4.12317640339543,22.0929593122607
7.04176587301587,0.715118636771822,0.552694861167987,4.12120462387296,22.0937599333656
7.04186507936508,0.715551761232343,0.552760469182117,4.1192337875301,22.0945606165706
7.04196428571429,0.715984093315224,0.552826229654607,4.11726389391531,22.0953613615163
7.04206349206349,0.7164156341787,0.552892142204898,4.11529494257723,22.0961621678434
7.0421626984127,0.716846384980203,0.552958206452718,4.11332693306472,22.0969630351928
7.0422619047619,0.71727634687636,0.553024422018079,4.11135986492683,22.0977639632059
7.04236111111111,0.717705521022996,0.553090788521277,4.1093937377128,22.0985649515242
7.04246031746032,0.71813390857514,0.553157305582897,4.10742855097204,22.0993659997896
7.04255952380952,0.718561510686998,0.553223972823801,4.10546430425426,22.1001671076441
7.04265873015873,0.71898832851199,0.553290789865144,4.10350099710926,22.1009682747301
7.04275793650794,0.719414363202731,0.553357756328362,4.10153862908707,22.1017695006904
7.04285714285714,0.719839615911028,0.553424871835175,4.09957719973792,22.1025707851679
7.04295634920635,0.720264087787887,0.553492136007591,4.09761670861224,22.1033721278057
7.04305555555556,0.720687779983512,0.5535595484679,4.09565715526066,22.1041735282475
7.04315476190476,0.721110693647301,0.553627108838678,4.09369853923399,22.104974986137
7.04325396825397,0.721532829927851,0.553694816742787,4.09174086008325,22.1057765011182
7.04335317460317,0.721954189972955,0.553762671803372,4.08978411735966,22.1065780728355
7.04345238095238,0.722374774929603,0.553830673643864,4.08782831061464,22.1073797009335
7.04355158730159,0.722794585943982,0.553898821887979,4.08587343939978,22.1081813850571
7.04365079365079,0.723213624161475,0.553967116159716,4.0839195032669,22.1089831248515
7.04375,0.723631890726663,0.554035556083362,4.08196650176801,22.1097849199621
7.04384920634921,0.724049386783323,0.554104141283487,4.08001443445529,22.1105867700346
7.04394841269841,0.724466113474434,0.554172871384946,4.07806330088112,22.1113886747151
7.04404761904762,0.724882071942156,0.554241746012878,4.07611310059816,22.1121906336498
7.04414682539683,0.725297263327863,0.554310764792709,4.07416383315915,22.1129926464853
7.04424603174603,0.725711688772119,0.554379927350148,4.0722154981171,22.1137947128685
7.04434523809524,0.726125349414684,0.55444923331119,4.07026809502519,22.1145968324463
7.04444444444444,0.726538246394518,0.554518682302115,4.0683216234368,22.1153990048663
7.04454365079365,0.726950380849775,0.554588273949487,4.0663760829055,22.1162012297761
7.04464285714286,0.727361753917806,0.554658007880155,4.06443147298509,22.1170035068237
7.04474206349206,0.727772366735161,0.554727883721254,4.06248779322952,22.1178058356572
7.04484126984127,0.728182220437585,0.554797901100203,4.06054504319298,22.1186082159252
7.04494047619048,0.728591316160019,0.554868059644706,4.05860322242982,22.1194106472764
7.04503968253968,0.728999655036603,0.554938358982751,4.05666233049462,22.12021312936
7.04513888888889,0.729407238200673,0.555008798742612,4.05472236694213,22.1210156618252
7.0452380952381,0.729814066784761,0.555079378552848,4.05278333132731,22.1218182443218
7.0453373015873,0.730220141920596,0.555150098042303,4.05084522320533,22.1226208764994
7.04543650793651,0.730625464739111,0.555220956840106,4.0489080421315,22.1234235580084
7.04553571428572,0.731030036370417,0.555291954575667,4.04697178766143,22.1242262884992
7.04563492063492,0.73143385794384,0.555363090878688,4.04503645935083,22.1250290676225
7.04573412698413,0.731836930587896,0.555434365379149,4.04310205675566,22.1258318950293
7.04583333333333,0.732239255430299,0.55550577770732,4.04116857943205,22.1266347703709
7.04593253968254,0.732640833597959,0.555577327493753,4.03923602693634,22.1274376932988
7.04603174603175,0.733041666216984,0.555649014369286,4.03730439882507,22.1282406634649
7.04613095238095,0.733441754412676,0.555720837965041,4.03537369465496,22.1290436805213
7.04623015873016,0.733841099309538,0.555792797912427,4.03344391398295,22.1298467441204
7.04632936507937,0.734239702031266,0.555864893843134,4.03151505636617,22.1306498539148
7.04642857142857,0.734637563700755,0.555937125389141,4.02958712136193,22.1314530095576
7.04652777777778,0.735034685440096,0.55600949218271,4.02766010852775,22.1322562107019
7.04662698412698,0.735431068370577,0.556081993856388,4.02573401742136,22.1330594570012
7.04672619047619,0.735826713612683,0.556154630043006,4.02380884760066,22.1338627481093
7.0468253968254,0.736221622286096,0.556227400375682,4.02188459862377,22.1346660836803
7.0469246031746,0.736615795509699,0.556300304487817,4.01996127004897,22.1354694633685
7.04702380952381,0.737009234401556,0.556373342013098,4.01803886143482,22.1362728868286
7.04712301587302,0.737401940078946,0.556446512585495,4.01611737233999,22.1370763537153
7.04722222222222,0.737793913658338,0.556519815839266,4.01419680232338,22.1378798636839
7.04732142857143,0.738185156255396,0.556593251408952,4.01227715094409,22.1386834163898
7.04742063492063,0.738575668984983,0.556666818929378,4.01035841776141,22.1394870114888
7.04751984126984,0.73896545296116,0.556740518035656,4.00844060233483,22.1402906486369
7.04761904761905,0.739354509297181,0.556814348363182,4.00652370422404,22.1410943274902
7.04771825396825,0.7397428391055,0.556888309547636,4.00460772298892,22.1418980477055
7.04781746031746,0.740130443497767,0.556962401224984,4.00269265818956,22.1427018089394
7.04791666666667,0.740517323584828,0.557036623031477,4.00077850938623,22.1435056108493
7.04801587301587,0.740903480476726,0.55711097460365,3.9988652761394,22.1443094530923
7.04811507936508,0.741288915282703,0.557185455578322,3.99695295800976,22.1451133353262
7.04821428571428,0.741673629111194,0.557260065592601,3.99504155455816,22.145917257209
7.04831349206349,0.742057623069834,0.557334804283874,3.99313106534568,22.1467212183988
7.0484126984127,0.742440898265459,0.557409671289819,3.99122148993356,22.1475252185543
7.0485119047619,0.742823455804085,0.557484666248394,3.9893128278833,22.148329257334
7.04861111111111,0.743205296790943,0.557559788797843,3.98740507875653,22.1491333343971
7.04871031746032,0.743586422330452,0.557635038576697,3.98549824211512,22.149937449403
7.04880952380952,0.743966833526232,0.55771041522377,3.98359231752111,22.1507416020113
7.04890873015873,0.744346531481098,0.557785918378161,3.98168730453675,22.1515457918817
7.04900793650794,0.744725517297059,0.557861547679255,3.97978320272448,22.1523500186746
7.04910714285714,0.745103792075325,0.557937302766721,3.97788001164696,22.1531542820503
7.04920634920635,0.745481356916302,0.558013183280513,3.97597773086702,22.1539585816697
7.04930555555556,0.74585821291959,0.558089188860869,3.97407635994768,22.1547629171935
7.04940476190476,0.746234361183989,0.558165319148315,3.9721758984522,22.1555672882833
7.04950396825397,0.746609802807495,0.558241573783657,3.970276345944,22.1563716946004
7.04960317460317,0.746984538887299,0.55831795240799,3.96837770198671,22.1571761358068
7.04970238095238,0.747358570519792,0.558394454662693,3.96647996614414,22.1579806115646
7.04980158730159,0.747731898800559,0.558471080189428,3.96458313798033,22.1587851215361
7.04990079365079,0.748104524824388,0.558547828630145,3.96268721705947,22.159589665384
7.05,0.748476449685249,0.558624699627075,3.96079220294602,22.1603942427712
7.05009920634921,0.748847674476323,0.558701692822736,3.95889809520457,22.1611988533611
7.05019841269841,0.749218200289984,0.558778807859933,3.95700489339993,22.162003496817
7.05029761904762,0.749588028217802,0.558856044381752,3.95511259709711,22.1628081728028
7.05039682539683,0.749957159350543,0.558933402031567,3.95322120586131,22.1636128809825
7.05049603174603,0.750325594778172,0.559010880453034,3.95133071925793,22.1644176210205
7.05059523809524,0.750693335589849,0.559088479290096,3.94944113685257,22.1652223925813
7.05069444444444,0.751060382873931,0.559166198186981,3.94755245821103,22.1660271953298
7.05079365079365,0.751426737717973,0.5592440367882,3.94566468289929,22.1668320289313
7.05089285714286,0.751792401208726,0.559321994738551,3.94377781048355,22.1676368930512
7.05099206349206,0.752157374432137,0.559400071683116,3.94189184053019,22.1684417873551
7.05109126984127,0.752521658473352,0.559478267267261,3.94000677260579,22.1692467115091
7.05119047619048,0.752885254416711,0.559556581136639,3.93812260627713,22.1700516651795
7.05128968253968,0.753248163345753,0.559635012937185,3.9362393411112,22.1708566480328
7.05138888888889,0.753610386343218,0.559713562315123,3.93435697667514,22.1716616597358
7.0514880952381,0.753971924491029,0.559792228916956,3.93247551253637,22.1724666999557
7.0515873015873,0.754332778870317,0.559871012389478,3.93059494826243,22.1732717683598
7.05168650793651,0.754692950561411,0.559949912379763,3.92871528342109,22.1740768646159
7.05178571428571,0.75505244064383,0.560028928535174,3.92683651758032,22.1748819883918
7.05188492063492,0.755411250196296,0.560108060503356,3.92495865030826,22.1756871393558
7.05198412698413,0.755769380296723,0.560187307932239,3.92308168117328,22.1764923171764
7.05208333333333,0.756126832022225,0.560266670470041,3.92120560974393,22.1772975215223
7.05218253968254,0.756483606449111,0.56034614776526,3.91933043558896,22.1781027520626
7.05228174603175,0.756839704652888,0.560425739466683,3.91745615827732,22.1789080084667
7.05238095238095,0.757195127708258,0.56050544522338,3.91558277737815,22.1797132904042
7.05248015873016,0.757549876689123,0.560585264684706,3.9137102924608,22.1805185975449
7.05257936507936,0.757903952668578,0.560665197500302,3.91183870309479,22.1813239295589
7.05267857142857,0.758257356718918,0.560745243320091,3.90996800884987,22.1821292861169
7.05277777777778,0.758610089911632,0.560825401794285,3.90809820929597,22.1829346668894
7.05287698412698,0.758962153317414,0.560905672573379,3.90622930400319,22.1837400715475
7.05297619047619,0.759313548006137,0.56098605530815,3.90436129254191,22.1845454997624
7.0530753968254,0.759664275046888,0.561066549649665,3.90249417448263,22.1853509512058
7.0531746031746,0.760014335507944,0.561147155249272,3.90062794939607,22.1861564255494
7.05327380952381,0.76036373045678,0.561227871758606,3.89876261685314,22.1869619224653
7.05337301587302,0.760712460960066,0.561308698829585,3.89689817642496,22.1877674416259
7.05347222222222,0.761060528083672,0.561389636114416,3.89503462768285,22.188572982704
7.05357142857143,0.761407932892663,0.561470683265585,3.8931719701983,22.1893785453723
7.05367063492063,0.761754676451299,0.561551839935867,3.89131020354303,22.1901841293043
7.05376984126984,0.76210075982304,0.56163310577832,3.88944932728894,22.1909897341733
7.05386904761905,0.762446184070542,0.561714480446289,3.88758934100813,22.1917953596531
7.05396825396825,0.762790950255656,0.561795963593402,3.88573024427288,22.1926010054179
7.05406746031746,0.763135059439431,0.561877554873572,3.88387203665571,22.1934066711418
7.05416666666667,0.763478512682114,0.561959253940997,3.8820147177293,22.1942123564996
7.05426587301587,0.763821311043148,0.562041060450161,3.88015828706653,22.1950180611661
7.05436507936508,0.764163455581176,0.562122974055833,3.87830274424047,22.1958237848165
7.05446428571429,0.764504947354025,0.562204994413063,3.87644808882444,22.1966295271262
7.05456349206349,0.764845787418734,0.56228712117719,3.87459432039191,22.197435287771
7.0546626984127,0.765185976831531,0.562369354003838,3.87274143851654,22.1982410664267
7.05476190476191,0.765525516647845,0.562451692548913,3.87088944277221,22.1990468627699
7.05486111111111,0.765864407922299,0.562534136468608,3.86903833273299,22.1998526764768
7.05496031746032,0.766202651708713,0.562616685419401,3.86718810797315,22.2006585072245
7.05505952380952,0.766540249060104,0.562699339058053,3.86533876806715,22.20146435469
7.05515873015873,0.766877201028686,0.562782097041612,3.86349031258965,22.2022702185507
7.05525793650794,0.767213508665871,0.56286495902741,3.8616427411155,22.2030760984843
7.05535714285714,0.767549173022265,0.562947924673063,3.85979605321977,22.2038819941686
7.05545634920635,0.767884195147674,0.563030993636474,3.85795024847771,22.204687905282
7.05555555555556,0.768218576091099,0.56311416557583,3.85610532646476,22.2054938315029
7.05565476190476,0.768552316900738,0.5631974401496,3.85426128675657,22.2062997725101
7.05575396825397,0.768885418623985,0.563280817016543,3.85241812892898,22.2071057279826
7.05585317460318,0.769217882307437,0.563364295835701,3.85057585255802,22.2079116975999
7.05595238095238,0.769549708996874,0.563447876266397,3.84873445721995,22.2087176810414
7.05605158730159,0.769880899737286,0.563531557968243,3.8468939424912,22.2095236779871
7.05615079365079,0.770211455572854,0.563615340601136,3.8450543079484,22.2103296881171
7.05625,0.770541377546958,0.563699223825257,3.84321555316837,22.2111357111119
7.05634920634921,0.770870666702173,0.563783207301071,3.84137767772814,22.2119417466522
7.05644841269841,0.771199324080273,0.563867290689329,3.83954068120492,22.212747794419
7.05654761904762,0.771527350722226,0.563951473651066,3.83770456317615,22.2135538540936
7.05664682539683,0.771854747668199,0.564035755847603,3.83586932321944,22.2143599253574
7.05674603174603,0.772181515957555,0.564120136940545,3.83403496091259,22.2151660078925
7.05684523809524,0.772507656628854,0.564204616591782,3.83220147583362,22.2159721013808
7.05694444444444,0.772833170719852,0.56428919446349,3.83036886756074,22.2167782055047
7.05704365079365,0.773158059267503,0.564373870218127,3.82853713567235,22.217584319947
7.05714285714286,0.773482323307958,0.56445864351844,3.82670627974705,22.2183904443905
7.05724206349206,0.773805963876564,0.564543514027457,3.82487629936364,22.2191965785184
7.05734126984127,0.774128982007868,0.564628481408495,3.82304719410109,22.2200027220144
7.05744047619048,0.774451378735604,0.56471354532515,3.82121896353864,22.2208088745621
7.05753968253968,0.774773155092712,0.564798705441308,3.81939160725566,22.2216150358455
7.05763888888889,0.775094312111328,0.564883961421139,3.81756512483174,22.2224212055491
7.0577380952381,0.775414850822782,0.564969312929096,3.81573951584665,22.2232273833574
7.0578373015873,0.775734772257603,0.565054759629919,3.81391477988038,22.2240335689553
7.05793650793651,0.776054077445515,0.565140301188631,3.8120909165131,22.224839762028
7.05803571428571,0.776372767415441,0.565225937270541,3.8102679253252,22.2256459622609
7.05813492063492,0.776690843195498,0.565311667541243,3.80844580589723,22.2264521693398
7.05823412698413,0.777008305813002,0.565397491666615,3.80662455780997,22.2272583829505
7.05833333333333,0.777325156294465,0.565483409312821,3.80480418064439,22.2280646027795
7.05843253968254,0.777641395665596,0.56556942014631,3.80298467398164,22.2288708285132
7.05853174603175,0.777957024951301,0.565655523833813,3.80116603740309,22.2296770598385
7.05863095238095,0.778272045175682,0.56574172004235,3.7993482704903,22.2304832964425
7.05873015873016,0.778586457362039,0.565828008439223,3.79753137282501,22.2312895380126
7.05882936507937,0.778900262532871,0.565914388692022,3.79571534398915,22.2320957842364
7.05892857142857,0.779213461709865,0.566000860468616,3.79390018356492,22.2329020348019
7.05902777777778,0.779526055913913,0.566087423437166,3.79208589113465,22.2337082893973
7.05912698412698,0.779838046165102,0.566174077266112,3.79027246628086,22.2345145477111
7.05922619047619,0.780149433482716,0.566260821624183,3.78845990858631,22.235320809432
7.0593253968254,0.780460218885236,0.56634765618039,3.78664821763392,22.2361270742492
7.0594246031746,0.780770403390337,0.566434580604032,3.78483739300683,22.2369333418518
7.05952380952381,0.781079988014894,0.566521594564689,3.78302743428837,22.2377396119297
7.05962301587302,0.781388973774978,0.56660869773223,3.78121834106206,22.2385458841725
7.05972222222222,0.781697361685856,0.566695889776805,3.77941011291163,22.2393521582706
7.05982142857143,0.782005152761992,0.566783170368852,3.77760274942101,22.2401584339143
7.05992063492063,0.782312348017048,0.566870539179091,3.7757962501743,22.2409647107944
7.06001984126984,0.782618948463882,0.566957995878531,3.77399061475582,22.2417709886017
7.06011904761905,0.782924955114548,0.567045540138461,3.77218584275009,22.2425772670278
7.06021825396825,0.783230368980298,0.567133171630459,3.77038193374181,22.2433835457639
7.06031746031746,0.783535191071585,0.567220890026385,3.76857888731587,22.2441898245021
7.06041666666667,0.783839422398045,0.567308694998386,3.76677670305741,22.2449961029344
7.06051587301587,0.784143063968525,0.567396586218891,3.76497538055172,22.2458023807532
7.06061507936508,0.784446116791063,0.567484563360617,3.76317491938428,22.2466086576511
7.06071428571429,0.784748581872895,0.567572626096565,3.7613753191408,22.2474149333211
7.06081349206349,0.785050460220454,0.56766077410002,3.75957657940716,22.2482212074563
7.0609126984127,0.785351752839369,0.567749007044553,3.75777869976946,22.2490274797504
7.06101190476191,0.785652460734466,0.567837324604018,3.75598167981397,22.2498337498971
7.06111111111111,0.785952584909768,0.567925726452557,3.75418551912718,22.2506400175904
7.06121031746032,0.786252126368495,0.568014212264595,3.75239021729577,22.2514462825246
7.06130952380952,0.786551086113062,0.56810278171484,3.75059577390662,22.2522525443944
7.06140873015873,0.786849465145085,0.568191434478289,3.7488021885468,22.2530588028946
7.06150793650794,0.787147264465372,0.56828017023022,3.74700946080357,22.2538650577204
7.06160714285714,0.787444485073931,0.568368988646199,3.74521759026441,22.2546713085672
7.06170634920635,0.787741127969965,0.568457889402075,3.74342657651698,22.2554775551308
7.06180555555556,0.78803719415188,0.568546872173984,3.74163641914911,22.2562837971072
7.06190476190476,0.788332684617264,0.568635936638342,3.73984711774892,22.2570900341925
7.06200396825397,0.788627600362917,0.568725082471855,3.73805867190464,22.2578962660834
7.06210317460318,0.788921942384828,0.568814309351512,3.73627108120471,22.2587024924767
7.06220238095238,0.789215711678186,0.568903616954587,3.73448434523779,22.2595087130695
7.06230158730159,0.789508909237376,0.568993004958639,3.73269846359272,22.2603149275592
7.06240079365079,0.789801536055978,0.569082473041511,3.73091343585854,22.2611211356434
7.0625,0.790093593126772,0.569172020881332,3.72912926162451,22.2619273370201
7.06259920634921,0.790385081441733,0.569261648156516,3.72734594048004,22.2627335313875
7.06269841269841,0.790676001992032,0.56935135454576,3.72556347201479,22.2635397184441
7.06279761904762,0.790966355768038,0.569441139728049,3.72378185581858,22.2643458978886
7.06289682539682,0.791256143759317,0.56953100338265,3.72200109148143,22.2651520694201
7.06299603174603,0.791545366954631,0.569620945189116,3.72022117859358,22.265958232738
7.06309523809524,0.791834026341939,0.569710964827286,3.71844211674544,22.2667643875418
7.06319444444444,0.792122122908398,0.569801061977281,3.71666390552764,22.2675705335314
7.06329365079365,0.792409657640365,0.569891236319512,3.71488654453097,22.268376670407
7.06339285714286,0.79269663152338,0.569981487534667,3.71311003334649,22.269182797869
7.06349206349206,0.792983045542194,0.570071815303726,3.71133437156539,22.2699889156181
7.06359126984127,0.793268900680752,0.570162219307951,3.70955955877907,22.2707950233554
7.06369047619048,0.793554197922192,0.57025269922889,3.70778559457914,22.2716011207821
7.06378968253968,0.793838938248851,0.570343254748373,3.7060124785574,22.2724072075997
7.06388888888889,0.794123122642264,0.570433885548519,3.70424021030585,22.27321328351
7.06398809523809,0.794406752083161,0.570524591311729,3.70246878941669,22.2740193482153
7.0640873015873,0.79468982755147,0.57061537172069,3.70069821548231,22.2748254014178
7.06418650793651,0.794972350026314,0.570706226458374,3.69892848809529,22.2756314428202
7.06428571428571,0.795254320486014,0.570797155208037,3.69715960684843,22.2764374721254
7.06438492063492,0.795535739908089,0.57088815765322,3.6953915713347,22.2772434890367
7.06448412698413,0.795816609269252,0.57097923347775,3.6936243811473,22.2780494932576
7.06458333333333,0.796096929545416,0.571070382365738,3.69185803587959,22.2788554844918
7.06468253968254,0.796376701711689,0.57116160400158,3.69009253512515,22.2796614624434
7.06478174603175,0.796655926742379,0.571252898069959,3.68832787847774,22.2804674268167
7.06488095238095,0.79693460561098,0.571344264255837,3.68656406553136,22.2812733773163
7.06498015873016,0.797212739290196,0.571435702244466,3.68480109588016,22.282079313647
7.06507936507937,0.797490328751921,0.571527211721383,3.6830389691185,22.2828852355141
7.06517857142857,0.797767374967249,0.571618792372407,3.68127768484094,22.283691142623
7.06527777777778,0.798043878906467,0.571710443883645,3.67951724264225,22.2844970346794
7.06537698412698,0.798319841539063,0.571802165941485,3.67775764211736,22.2853029113892
7.06547619047619,0.798595263833718,0.571893958232604,3.67599888286144,22.2861087724589
7.0655753968254,0.798870146758313,0.571985820443962,3.67424096446983,22.2869146175948
7.0656746031746,0.799144491279923,0.572077752262803,3.67248388653808,22.2877204465038
7.06577380952381,0.799418298364823,0.572169753376657,3.67072764866193,22.2885262588931
7.06587301587302,0.799691568978481,0.572261823473339,3.66897225043732,22.28933205447
7.06597222222222,0.799964304085566,0.572353962240948,3.66721769146038,22.2901378329421
7.06607142857143,0.80023650464994,0.572446169367869,3.66546397132745,22.2909435940175
7.06617063492063,0.800508171634663,0.572538444542771,3.66371108963505,22.2917493374043
7.06626984126984,0.800779306001998,0.572630787454611,3.6619590459799,22.292555062811
7.06636904761905,0.80104990871339,0.572723197792623,3.66020783995896,22.2933607699463
7.06646825396825,0.801319980729495,0.572815675246334,3.65845747116933,22.2941664585194
7.06656746031746,0.801589523010159,0.572908219505552,3.65670793920834,22.2949721282395
7.06666666666667,0.801858536514429,0.573000830260371,3.65495924367348,22.2957777788163
7.06676587301587,0.802127022200543,0.573093507201171,3.65321138416248,22.2965834099596
7.06686507936508,0.802394981025942,0.573186250018613,3.65146436027325,22.2973890213796
7.06696428571429,0.80266241394726,0.573279058403648,3.64971817160389,22.2981946127868
7.06706349206349,0.802929321920328,0.573371932047507,3.64797281775271,22.2990001838917
7.0671626984127,0.803195705900176,0.57346487064171,3.6462282983182,22.2998057344055
7.0672619047619,0.803461566841028,0.573557873878058,3.64448461289906,22.3006112640394
7.06736111111111,0.803726905696308,0.573650941448642,3.6427417610942,22.301416772505
7.06746031746032,0.803991723418634,0.573744073045832,3.64099974250269,22.302222259514
7.06755952380952,0.804256020959821,0.573837268362287,3.63925855672383,22.3030277247786
7.06765873015873,0.804519799270883,0.57393052709095,3.6375182033571,22.3038331680111
7.06775793650794,0.804783059302033,0.574023848925049,3.63577868200217,22.3046385889242
7.06785714285714,0.80504580200267,0.574117233558093,3.63403999225896,22.3054439872309
7.06795634920635,0.8053080283214,0.574210680683883,3.63230213372752,22.3062493626443
7.06805555555556,0.805569739206023,0.574304189996499,3.63056510600812,22.307054714878
7.06815476190476,0.805830935603537,0.574397761190309,3.62882890870124,22.3078600436457
7.06825396825397,0.806091618460135,0.574491393959964,3.62709354140755,22.3086653486614
7.06835317460317,0.806351788721206,0.574585088000403,3.6253590037279,22.3094706296395
7.06845238095238,0.806611447331339,0.574678843006845,3.62362529526337,22.3102758862946
7.06855158730159,0.806870595234318,0.574772658674798,3.6218924156152,22.3110811183416
7.06865079365079,0.807129233373122,0.574866534700053,3.62016036438486,22.3118863254955
7.06875,0.807387362689931,0.574960470778687,3.618429141174,22.312691507472
7.06884920634921,0.807644984126117,0.57505446660706,3.61669874558446,22.3134966639866
7.06894841269841,0.807902098622254,0.57514852188182,3.6149691772183,22.3143017947553
7.06904761904762,0.808158707118108,0.575242636299896,3.61324043567775,22.3151068994945
7.06914682539682,0.808414810552644,0.575336809558505,3.61151252056527,22.3159119779206
7.06924603174603,0.808670409864028,0.575431041355149,3.60978543148346,22.3167170297505
7.06934523809524,0.808925505989611,0.575525331387611,3.6080591680352,22.3175220547014
7.06944444444444,0.809180099865952,0.575619679353963,3.60633372982351,22.3183270524904
7.06954365079365,0.809434192428804,0.57571408495256,3.60460911645161,22.3191320228354
7.06964285714286,0.809687784613115,0.575808547882042,3.60288532752293,22.3199369654543
7.06974206349206,0.809940877353031,0.575903067841335,3.60116236264109,22.3207418800653
7.06984126984127,0.810193471581894,0.575997644529648,3.59944022140991,22.3215467663867
7.06994047619048,0.810445568232244,0.576092277646478,3.59771890343341,22.3223516241376
7.07003968253968,0.810697168235818,0.576186966891603,3.59599840831581,22.3231564530368
7.07013888888889,0.810948272523548,0.576281711965088,3.5942787356615,22.3239612528037
7.07023809523809,0.811198882025564,0.576376512567283,3.59255988507511,22.3247660231578
7.0703373015873,0.811448997671193,0.576471368398822,3.59084185616144,22.3255707638192
7.07043650793651,0.811698620388958,0.576566279160625,3.58912464852548,22.3263754745079
7.07053571428571,0.811947751106579,0.576661244553896,3.58740826177244,22.3271801549443
7.07063492063492,0.812196390750975,0.576756264280125,3.58569269550772,22.3279848048493
7.07073412698413,0.812444539777977,0.576851338231979,3.58397794932164,22.3287894241363
7.07083333333333,0.812692193924906,0.576946468216243,3.58226402265797,22.32959401465
7.07093253968254,0.812939352424818,0.577041654618473,3.58055091508608,22.3303985768007
7.07103174603175,0.81318601587473,0.577136897270306,3.57883862622101,22.3312031104394
7.07113095238095,0.813432184871354,0.577232196003476,3.57712715567795,22.3320076154175
7.07123015873016,0.813677860011094,0.577327550649809,3.57541650307226,22.3328120915862
7.07132936507937,0.813923041890046,0.577422961041229,3.57370666801941,22.333616538797
7.07142857142857,0.814167731104001,0.577518427009756,3.57199765013506,22.3344209569015
7.07152777777778,0.814411928248443,0.577613948387502,3.570289449035,22.3352253457513
7.07162698412698,0.814655633918548,0.577709525006677,3.56858206433516,22.336029705198
7.07172619047619,0.814898848709184,0.577805156699586,3.56687549565163,22.3368340350934
7.0718253968254,0.815141573214916,0.577900843298629,3.56516974260065,22.3376383352895
7.0719246031746,0.815383808029999,0.577996584636302,3.5634648047986,22.3384426056382
7.07202380952381,0.81562555374838,0.578092380545194,3.56176068186201,22.3392468459915
7.07212301587302,0.815866810963703,0.578188230857993,3.56005737340757,22.3400510562017
7.07222222222222,0.816107580269306,0.57828413540748,3.55835487905209,22.340855236121
7.07232142857143,0.816347862258209,0.578380094026531,3.55665319841259,22.3416593856016
7.07242063492064,0.816587657523137,0.578476106548119,3.55495233110617,22.342463504496
7.07251984126984,0.816826966656505,0.578572172805311,3.55325227675012,22.3432675926567
7.07261904761905,0.817065790250419,0.57866829263127,3.55155303496185,22.3440716499363
7.07271825396825,0.817304128896681,0.578764465859255,3.54985460535893,22.3448756761875
7.07281746031746,0.817541983186782,0.578860692322618,3.5481569875591,22.3456796712631
7.07291666666667,0.817779353711911,0.578956971854809,3.54646018118022,22.3464836350159
7.07301587301587,0.818016241062946,0.579053304289373,3.54476418584031,22.3472875672989
7.07311507936508,0.81825264583046,0.579149689459949,3.54306900115755,22.3480914679651
7.07321428571429,0.818488568604719,0.579246127200271,3.54137462675023,22.3488953368677
7.07331349206349,0.818724009975682,0.579342617344171,3.53968106223684,22.3496991738598
7.0734126984127,0.818958970533001,0.579439159725574,3.53798830723598,22.3505029787948
7.0735119047619,0.81919345086602,0.579535754178501,3.53629636136641,22.3513067515262
7.07361111111111,0.819427451563777,0.579632400537068,3.53460522424705,22.3521104919072
7.07371031746032,0.819660973215008,0.579729098635489,3.53291489549694,22.3529141997917
7.07380952380952,0.81989401640813,0.579825848308068,3.53122537473532,22.3537178750331
7.07390873015873,0.820126581731263,0.57992264938921,3.52953666158154,22.3545215174854
7.07400793650794,0.820358669772217,0.580019501713411,3.52784875565508,22.3553251270022
7.07410714285714,0.820590281118498,0.580116405115265,3.52616165657562,22.3561287034376
7.07420634920635,0.8208214163573,0.58021335942946,3.52447536396295,22.3569322466456
7.07430555555556,0.821052076075513,0.580310364490781,3.52278987743702,22.3577357564802
7.07440476190476,0.821282260859721,0.580407420134107,3.52110519661794,22.3585392327958
7.07450396825397,0.821511971296199,0.580504526194412,3.51942132112594,22.3593426754465
7.07460317460317,0.821741207970916,0.580601682506766,3.51773825058143,22.3601460842868
7.07470238095238,0.821969971469533,0.580698888906335,3.51605598460496,22.3609494591711
7.07480158730159,0.822198262377407,0.580796145228379,3.51437452281721,22.361752799954
7.07490079365079,0.822426081279585,0.580893451308255,3.51269386483903,22.3625561064902
7.075,0.822653428760809,0.580990806981414,3.51101401029141,22.3633593786343
7.07509920634921,0.822880305405512,0.581088212083401,3.50933495879548,22.3641626162412
7.07519841269841,0.823106711797825,0.581185666449862,3.50765670997253,22.3649658191659
7.07529761904762,0.823332648521563,0.581283169916531,3.50597926344402,22.3657689872633
7.07539682539683,0.823558116160242,0.581380722319241,3.50430261883151,22.3665721203884
7.07549603174603,0.823783115297069,0.581478323493921,3.50262677575676,22.3673752183966
7.07559523809524,0.824007646514943,0.581575973276595,3.50095173384163,22.3681782811431
7.07569444444444,0.824231710396458,0.581673671503381,3.49927749270815,22.3689813084832
7.07579365079365,0.824455307523899,0.581771418010494,3.49760405197852,22.3697843002723
7.07589285714286,0.824678438479245,0.581869212634243,3.49593141127505,22.3705872563661
7.07599206349206,0.824901103844168,0.581967055211033,3.49425957022022,22.3713901766202
7.07609126984127,0.825123304200034,0.582064945577364,3.49258852843667,22.3721930608902
7.07619047619048,0.8253450401279,0.582162883569833,3.49091828554715,22.372995909032
7.07628968253968,0.825566312208519,0.582260869025129,3.4892488411746,22.3737987209014
7.07638888888889,0.825787121022333,0.58235890178004,3.48758019494209,22.3746014963546
7.0764880952381,0.826007467149482,0.582456981671447,3.48591234647283,22.3754042352475
7.0765873015873,0.826227351169794,0.582555108536326,3.4842452953902,22.3762069374362
7.07668650793651,0.826446773662798,0.582653282211753,3.48257904131769,22.3770096027772
7.07678571428572,0.826665735207703,0.582751502534892,3.48091358387901,22.3778122311266
7.07688492063492,0.826884236383423,0.582849769343006,3.47924892269795,22.3786148223409
7.07698412698413,0.82710227776856,0.582948082473456,3.47758505739848,22.3794173762768
7.07708333333333,0.82731985994141,0.583046441763695,3.4759219876047,22.3802198927906
7.07718253968254,0.827536983479963,0.583144847051271,3.47425971294088,22.3810223717393
7.07728174603175,0.8277536489619,0.583243298173829,3.47259823303143,22.3818248129795
7.07738095238095,0.827969856964597,0.58334179496911,3.4709375475009,22.3826272163681
7.07748015873016,0.828185608065122,0.583440337274948,3.469277655974,22.3834295817621
7.07757936507937,0.828400902840236,0.583538924929275,3.46761855807558,22.3842319090185
7.07767857142857,0.828615741866394,0.583637557770115,3.46596025343065,22.3850341979946
7.07777777777778,0.828830125719743,0.583736235635591,3.46430274166436,22.3858364485475
7.07787698412698,0.829044054976124,0.583834958363918,3.462646022402,22.3866386605346
7.07797619047619,0.829257530211071,0.58393372579341,3.46099009526903,22.3874408338132
7.0780753968254,0.829470551999811,0.584032537762473,3.45933495989105,22.3882429682409
7.0781746031746,0.829683120917265,0.584131394109611,3.45768061589377,22.3890450636753
7.07827380952381,0.829895237538042,0.58423029467342,3.45602706290314,22.389847119974
7.07837301587302,0.83010690243645,0.584329239292595,3.45437430054518,22.3906491369948
7.07847222222222,0.830318116186489,0.584428227805924,3.45272232844608,22.3914511145956
7.07857142857143,0.83052887936185,0.584527260052291,3.45107114623219,22.3922530526344
7.07867063492063,0.83073919253592,0.584626335870676,3.44942075352998,22.393054950969
7.07876984126984,0.830949056281775,0.584725455100155,3.44777114996609,22.3938568094578
7.07886904761905,0.831158471172189,0.584824617579896,3.44612233516732,22.3946586279589
7.07896825396825,0.831367437779624,0.584923823149165,3.4444743087606,22.3954604063306
7.07906746031746,0.831575956676239,0.585023071647324,3.44282707037301,22.3962621444313
7.07916666666667,0.831784028433885,0.585122362913829,3.44118061963179,22.3970638421196
7.07926587301587,0.831991653624105,0.585221696788231,3.43953495616431,22.3978654992538
7.07936507936508,0.832198832818137,0.585321073110177,3.4378900795981,22.3986671156928
7.07946428571428,0.832405566586909,0.58542049171941,3.43624598956084,22.3994686912953
7.07956349206349,0.832611855501046,0.585519952455767,3.43460268568036,22.4002702259201
7.0796626984127,0.832817700130866,0.585619455159182,3.4329601675846,22.4010717194261
7.0797619047619,0.833023101046372,0.585718999669682,3.43131843490175,22.4018731716724
7.07986111111111,0.83322805881727,0.585818585827391,3.42967748726005,22.4026745825181
7.07996031746032,0.833432574012955,0.585918213472529,3.42803732428791,22.4034759518223
7.08005952380952,0.833636647202516,0.586017882445409,3.42639794561391,22.4042772794445
7.08015873015873,0.833840278954734,0.586117592586443,3.42475935086676,22.4050785652438
7.08025793650794,0.834043469838083,0.586217343736134,3.42312153967534,22.4058798090799
7.08035714285714,0.834246220420731,0.586317135735083,3.42148451166865,22.4066810108122
7.08045634920635,0.83444853127054,0.586416968423987,3.41984826647587,22.4074821703004
7.08055555555556,0.834650402955063,0.586516841643636,3.4182128037263,22.4082832874042
7.08065476190476,0.834851836041546,0.586616755234917,3.4165781230494,22.4090843619835
7.08075396825397,0.83505283109693,0.586716709038812,3.41494422407478,22.4098853938981
7.08085317460317,0.835253388687849,0.586816702896398,3.41331110643221,22.4106863830082
7.08095238095238,0.835453509380627,0.586916736648848,3.41167876975158,22.4114873291736
7.08105158730159,0.835653193741285,0.58701681013743,3.41004721366296,22.4122882322547
7.08115079365079,0.835852442335537,0.587116923203508,3.40841643779652,22.4130890921118
7.08125,0.836051255728784,0.587217075688539,3.40678644178266,22.413889908605
7.08134920634921,0.836249634486126,0.587317267434077,3.40515722525187,22.414690681595
7.08144841269841,0.836447579172355,0.587417498281773,3.40352878783478,22.4154914109422
7.08154761904762,0.836645090351957,0.58751776807337,3.4019011291622,22.4162920965073
7.08164682539683,0.836842168589108,0.58761807665071,3.40027424886507,22.417092738151
7.08174603174603,0.83703881444768,0.587718423855728,3.3986481465745,22.417893335734
7.08184523809524,0.837235028491236,0.587818809530453,3.39702282192172,22.4186938891174
7.08194444444444,0.837430811283034,0.587919233517014,3.39539827453812,22.419494398162
7.08204365079365,0.837626163386023,0.58801969565763,3.39377450405526,22.4202948627289
7.08214285714286,0.837821085362846,0.588120195794619,3.39215151010481,22.4210952826793
7.08224206349206,0.838015577775841,0.588220733770394,3.39052929231862,22.4218956578744
7.08234126984127,0.838209641187036,0.588321309427461,3.38890785032867,22.4226959881756
7.08244047619048,0.838403276158154,0.588421922608424,3.38728718376709,22.4234962734444
7.08253968253968,0.83859648325061,0.588522573155981,3.38566729226618,22.4242965135421
7.08263888888889,0.838789263025515,0.588623260912927,3.38404817545835,22.4250967083305
7.0827380952381,0.838981616043666,0.588723985722148,3.38242983297621,22.4258968576712
7.0828373015873,0.839173542865561,0.58882474742663,3.38081226445247,22.426696961426
7.08293650793651,0.839365044051386,0.588925545869453,3.37919546952002,22.4274970194568
7.08303571428571,0.839556120161023,0.589026380893791,3.37757944781189,22.4282970316255
7.08313492063492,0.839746771754046,0.589127252342916,3.37596419896124,22.4290969977942
7.08323412698413,0.839936999389722,0.589228160060192,3.3743497226014,22.4298969178251
7.08333333333333,0.840126803627011,0.589329103889082,3.37273601836585,22.4306967915804
7.08343253968254,0.840316185024567,0.589430083673141,3.3711230858882,22.4314966189223
7.08353174603175,0.840505144140735,0.589531099256022,3.36951092480223,22.4322963997133
7.08363095238095,0.840693681533556,0.589632150481471,3.36789953474185,22.4330961338159
7.08373015873016,0.840881797760761,0.589733237193331,3.36628891534113,22.4338958210927
7.08382936507936,0.841069493379776,0.58983435923554,3.36467906623429,22.4346954614064
7.08392857142857,0.84125676894772,0.589935516452132,3.36306998705569,22.4354950546197
7.08402777777778,0.841443625021404,0.590036708687234,3.36146167743985,22.4362946005955
7.08412698412698,0.841630062157336,0.590137935785072,3.3598541370214,22.4370940991967
7.08422619047619,0.841816080911709,0.590239197589963,3.3582473654352,22.4378935502863
7.0843253968254,0.842001681840416,0.590340493946323,3.35664136231619,22.4386929537276
7.0844246031746,0.842186865499042,0.590441824698662,3.35503612729947,22.4394923093836
7.08452380952381,0.842371632442863,0.590543189691584,3.3534316600203,22.4402916171177
7.08462301587302,0.84255598322685,0.590644588769792,3.35182796011408,22.4410908767933
7.08472222222222,0.842739918405665,0.590746021778081,3.35022502721636,22.4418900882739
7.08482142857143,0.842923438533666,0.590847488561342,3.34862286096286,22.442689251423
7.08492063492063,0.843106544164902,0.590948988964562,3.34702146098941,22.4434883661043
7.08501984126984,0.843289235853115,0.591050522832823,3.34542082693202,22.4442874321816
7.08511904761905,0.843471514151742,0.591152090011303,3.34382095842683,22.4450864495186
7.08521825396825,0.84365337961391,0.591253690345275,3.34222185511015,22.4458854179793
7.08531746031746,0.843834832792441,0.591355323680107,3.34062351661841,22.4466843374278
7.08541666666667,0.844015874239851,0.591456989861262,3.33902594258821,22.447483207728
7.08551587301587,0.844196504508348,0.5915586887343,3.33742913265629,22.4482820287443
7.08561507936508,0.844376724149834,0.591660420144875,3.33583308645952,22.4490808003409
7.08571428571429,0.8445565337159,0.591762183938735,3.33423780363498,22.4498795223821
7.08581349206349,0.844735933757834,0.591863979961727,3.33264328381984,22.4506781947324
7.0859126984127,0.844914924826618,0.59196580805979,3.33104952665143,22.4514768172565
7.08601190476191,0.845093507472924,0.59206766807896,3.32945653176724,22.4522753898188
7.08611111111111,0.845271682247119,0.592169559865368,3.32786429880491,22.4530739122842
7.08621031746032,0.845449449699263,0.592271483265241,3.32627282740221,22.4538723845175
7.08630952380952,0.845626810379108,0.592373438124901,3.32468211719707,22.4546708063835
7.08640873015873,0.845803764836099,0.592475424290763,3.32309216782758,22.4554691777473
7.08650793650794,0.845980313619377,0.592577441609342,3.32150297893196,22.456267498474
7.08660714285714,0.846156457277772,0.592679489927245,3.31991455014858,22.4570657684286
7.08670634920635,0.846332196359809,0.592781569091174,3.31832688111599,22.4578639874766
7.08680555555556,0.846507531413707,0.592883678947929,3.31673997147283,22.4586621554832
7.08690476190476,0.846682462987377,0.592985819344403,3.31515382085795,22.4594602723139
7.08700396825397,0.846856991628422,0.593087990127585,3.31356842891031,22.4602583378342
7.08710317460318,0.847031117884143,0.593190191144562,3.311983795269,22.4610563519098
7.08720238095238,0.847204842301525,0.59329242224251,3.31039991957335,22.4618543144063
7.08730158730159,0.847378165427255,0.593394683268707,3.30881680146273,22.4626522251895
7.08740079365079,0.847551087807707,0.593496974070522,3.30723444057673,22.4634500841254
7.0875,0.847723609988953,0.593599294495423,3.30565283655505,22.4642478910798
7.08759920634921,0.847895732516755,0.59370164439097,3.30407198903755,22.465045645919
7.08769841269841,0.848067455936569,0.593804023604819,3.30249189766425,22.465843348509
7.08779761904762,0.848238780793543,0.593906431984724,3.3009125620753,22.4666409987161
7.08789682539683,0.848409707632519,0.594008869378531,3.29933398191102,22.4674385964065
7.08799603174603,0.848580236998033,0.594111335634183,3.29775615681185,22.4682361414469
7.08809523809524,0.848750369434312,0.594213830599718,3.29617908641842,22.4690336337035
7.08819444444444,0.848920105485279,0.594316354123271,3.29460277037146,22.4698310730432
7.08829365079365,0.849089445694546,0.594418906053068,3.29302720831188,22.4706284593324
7.08839285714286,0.849258390605422,0.594521486237436,3.29145239988074,22.4714257924381
7.08849206349206,0.849426940760906,0.594624094524792,3.28987834471922,22.4722230722271
7.08859126984127,0.849595096703696,0.594726730763655,3.28830504246867,22.4730202985663
7.08869047619048,0.849762858976172,0.59482939480263,3.28673249277062,22.4738174713228
7.08878968253968,0.849930228120417,0.594932086490425,3.28516069526669,22.4746145903638
7.08888888888889,0.850097204678203,0.595034805675842,3.28358964959867,22.4754116555564
7.0889880952381,0.850263789190996,0.595137552207775,3.28201935540852,22.476208666768
7.0890873015873,0.850429982199956,0.595240325935217,3.28044981233831,22.4770056238659
7.08918650793651,0.850595784245935,0.595343126707256,3.2788810200303,22.4778025267178
7.08928571428571,0.850761195869476,0.595445954373072,3.27731297812686,22.4785993751911
7.08938492063492,0.850926217610819,0.595548808781944,3.27574568627054,22.4793961691535
7.08948412698413,0.851090850009895,0.595651689783246,3.27417914410402,22.4801929084729
7.08958333333333,0.851255093606329,0.595754597226445,3.27261335127014,22.4809895930169
7.08968253968254,0.851418948939436,0.595857530961105,3.27104830741188,22.4817862226537
7.08978174603175,0.851582416548229,0.595960490836886,3.26948401217236,22.4825827972512
7.08988095238095,0.851745496971411,0.596063476703541,3.26792046519488,22.4833793166775
7.08998015873016,0.851908190747378,0.596166488410922,3.26635766612285,22.4841757808008
7.09007936507937,0.852070498414223,0.596269525808973,3.26479561459984,22.4849721894895
7.09017857142857,0.852232420509723,0.596372588747734,3.26323431026961,22.4857685426119
7.09027777777778,0.852393957571358,0.596475677077341,3.26167375277601,22.4865648400364
7.09037698412698,0.852555110136295,0.596578790648025,3.26011394176307,22.4873610816318
7.09047619047619,0.852715878741398,0.596681929310114,3.25855487687496,22.4881572672666
7.0905753968254,0.852876263923221,0.596785092914029,3.25699655775601,22.4889533968095
7.0906746031746,0.853036266218012,0.596888281310288,3.25543898405067,22.4897494701294
7.09077380952381,0.853195886161713,0.596991494349502,3.25388215540356,22.4905454870952
7.09087301587302,0.853355124289958,0.597094731882381,3.25232607145946,22.4913414475759
7.09097222222222,0.853513981138075,0.597197993759728,3.25077073186327,22.4921373514407
7.09107142857143,0.853672457241085,0.597301279832441,3.24921613626007,22.4929331985587
7.09117063492063,0.8538305531337,0.597404589951514,3.24766228429505,22.4937289887991
7.09126984126984,0.853988269350329,0.597507923968037,3.24610917561358,22.4945247220314
7.09136904761905,0.85414560642507,0.597611281733195,3.24455680986118,22.495320398125
7.09146825396825,0.854302564891716,0.597714663098267,3.24300518668349,22.4961160169495
7.09156746031746,0.854459145283756,0.597818067914632,3.2414543057263,22.4969115783745
7.09166666666667,0.854615348134365,0.597921496033756,3.23990416663562,22.4977070822697
7.09176587301587,0.854771173976416,0.598024947307207,3.23835476905751,22.4985025285049
7.09186507936508,0.854926623342476,0.598128421586648,3.23680611263824,22.49929791695
7.09196428571429,0.855081696764801,0.598231918723834,3.2352581970242,22.5000932474751
7.09206349206349,0.855236394775345,0.598335438570618,3.23371102186194,22.5008885199502
7.0921626984127,0.855390717905751,0.598438980978949,3.23216458679816,22.5016837342454
7.09226190476191,0.855544666687357,0.598542545800868,3.23061889147971,22.5024788902311
7.09236111111111,0.855698241651193,0.598646132888514,3.22907393555357,22.5032739877776
7.09246031746032,0.855851443327983,0.598749742094121,3.22752971866691,22.5040690267552
7.09255952380952,0.856004272248145,0.598853373270017,3.225986240467,22.5048640070347
7.09265873015873,0.856156728941787,0.598957026268628,3.22444350060128,22.5056589284865
7.09275793650794,0.856308813938713,0.599060700942473,3.22290149871735,22.5064537909813
7.09285714285714,0.85646052776842,0.599164397144167,3.22136023446294,22.50724859439
7.09295634920635,0.856611870960096,0.599268114726421,3.21981970748595,22.5080433385835
7.09305555555556,0.856762844042625,0.599371853542041,3.21827991743437,22.5088380234327
7.09315476190476,0.856913447544579,0.599475613443927,3.21674086395645,22.5096326488087
7.09325396825397,0.857063681994228,0.599579394285076,3.21520254670049,22.5104272145826
7.09335317460318,0.857213547919533,0.599683195918579,3.21366496531496,22.5112217206257
7.09345238095238,0.85736304584815,0.599787018197625,3.21212811944851,22.5120161668093
7.09355158730159,0.857512176307426,0.599890860975495,3.21059200874991,22.5128105530048
7.09365079365079,0.857660939824401,0.599994724105568,3.20905663286808,22.5136048790837
7.09375,0.857809336925809,0.600098607441318,3.2075219914521,22.5143991449177
7.09384920634921,0.857957368138078,0.600202510836311,3.20598808415119,22.5151933503784
7.09394841269841,0.858105033987328,0.600306434144214,3.20445491061473,22.5159874953376
7.09404761904762,0.85825233499937,0.600410377218784,3.20292247049223,22.5167815796671
7.09414682539682,0.858399271699712,0.600514339913877,3.20139076343337,22.517575603239
7.09424603174603,0.858545844613553,0.600618322083443,3.19985978908796,22.5183695659252
7.09434523809524,0.858692054265784,0.600722323581527,3.19832954710597,22.5191634675979
7.09444444444444,0.858837901180992,0.60082634426227,3.19680003713752,22.5199573081293
7.09454365079365,0.858983385883457,0.60093038397991,3.19527125883285,22.5207510873917
7.09464285714286,0.859128508897147,0.601034442588774,3.19374321184241,22.5215448052575
7.09474206349206,0.859273270745727,0.601138519943292,3.19221589581674,22.5223384615993
7.09484126984127,0.859417671952556,0.601242615897986,3.19068931040656,22.5231320562895
7.09494047619048,0.859561713040685,0.601346730307473,3.18916345526271,22.5239255892009
7.09503968253968,0.859705394532858,0.601450863026466,3.18763833003621,22.5247190602062
7.09513888888889,0.85984871695151,0.601555013909773,3.18611393437822,22.5255124691783
7.09523809523809,0.859991680818773,0.601659182812297,3.18459026794003,22.5263058159901
7.0953373015873,0.86013428665647,0.601763369589039,3.1830673303731,22.5270991005146
7.09543650793651,0.860276534986117,0.601867574095092,3.18154512132903,22.5278923226249
7.09553571428571,0.860418426328923,0.601971796185646,3.18002364045957,22.5286854821943
7.09563492063492,0.86055996120579,0.602076035715985,3.17850288741661,22.529478579096
7.09573412698413,0.860701140137314,0.602180292541491,3.17698286185222,22.5302716132034
7.09583333333333,0.860841963643784,0.602284566517638,3.17546356341857,22.53106458439
7.09593253968254,0.860982432245181,0.602388857499999,3.17394499176801,22.5318574925293
7.09603174603175,0.861122546461182,0.60249316534424,3.17242714655303,22.5326503374951
7.09613095238095,0.861262306811151,0.602597489906121,3.17091002742629,22.5334431191609
7.09623015873016,0.86140171381415,0.602701831041501,3.16939363404057,22.5342358374007
7.09632936507937,0.861540767988933,0.602806188606331,3.16787796604881,22.5350284920884
7.09642857142857,0.861679469853948,0.602910562456661,3.16636302310409,22.535821083098
7.09652777777778,0.861817819927335,0.603014952448632,3.16484880485965,22.5366136103036
7.09662698412698,0.861955818726926,0.603119358438483,3.16333531096888,22.5374060735793
7.09672619047619,0.862093466770249,0.603223780282549,3.1618225410853,22.5381984727995
7.0968253968254,0.862230764574522,0.603328217837259,3.1603104948626,22.5389908078384
7.0969246031746,0.862367712656658,0.603432670959137,3.1587991719546,22.5397830785706
7.09702380952381,0.862504311533263,0.603537139504803,3.1572885720153,22.5405752848706
7.09712301587302,0.862640561720635,0.603641623330972,3.15577869469881,22.541367426613
7.09722222222222,0.862776463734766,0.603746122294456,3.1542695396594,22.5421595036726
7.09732142857143,0.86291201809134,0.603850636252161,3.15276110655152,22.5429515159241
7.09742063492063,0.863047225305735,0.603955165061086,3.15125339502971,22.5437434632425
7.09751984126984,0.863182085893025,0.604059708578332,3.1497464047487,22.5445353455027
7.09761904761905,0.86331660036797,0.604164266661087,3.14824013536338,22.5453271625798
7.09771825396825,0.863450769245028,0.60426883916664,3.14673458652877,22.546118914349
7.09781746031746,0.86358459303835,0.604373425952374,3.14522975790001,22.5469106006855
7.09791666666667,0.863718072261779,0.604478026875766,3.14372564913244,22.5477022214647
7.09801587301587,0.863851207428851,0.604582641794392,3.14222225988151,22.5484937765621
7.09811507936508,0.863983999052796,0.604687270565918,3.14071958980285,22.549285265853
7.09821428571429,0.864116447646536,0.60479191304811,3.1392176385522,22.5500766892132
7.09831349206349,0.864248553722687,0.604896569098827,3.13771640578548,22.5508680465184
7.0984126984127,0.864380317793558,0.605001238576025,3.13621589115875,22.5516593376442
7.0985119047619,0.864511740371151,0.605105921337752,3.13471609432822,22.5524505624667
7.09861111111111,0.864642821967159,0.605210617242156,3.13321701495024,22.5532417208618
7.09871031746032,0.864773563092972,0.605315326147476,3.13171865268132,22.5540328127056
7.09880952380952,0.86490396425967,0.60542004791205,3.13022100717811,22.5548238378741
7.09890873015873,0.865034025978028,0.605524782394309,3.12872407809741,22.5556147962436
7.09900793650794,0.865163748758513,0.605629529452782,3.12722786509615,22.5564056876906
7.09910714285714,0.865293133111284,0.605734288946087,3.12573236783148,22.5571965120912
7.09920634920635,0.865422179546195,0.605839060732945,3.12423758596062,22.5579872693222
7.09930555555556,0.865550888572792,0.605943844672168,3.12274351914096,22.55877795926
7.09940476190476,0.865679260700315,0.606048640622665,3.12125016703005,22.5595685817814
7.09950396825397,0.865807296437697,0.60615344844344,3.11975752928559,22.560359136763
7.09960317460317,0.865934996293564,0.606258267993592,3.11826560556541,22.5611496240819
7.09970238095238,0.866062360776233,0.606363099132315,3.11677439552751,22.5619400436149
7.09980158730159,0.866189390393717,0.606467941718899,3.11528389883003,22.562730395239
7.09990079365079,0.866316085653722,0.60657279561273,3.11379411513125,22.5635206788315
7.1,0.866442447063644,0.606677660673288,3.11230504408961,22.5643108942694
7.10009920634921,0.866568475130575,0.606782536760148,3.1108166853637,22.5651010414302
7.10019841269841,0.866694170361299,0.606887423732984,3.10932903861224,22.5658911201912
7.10029761904762,0.866819533262294,0.60699232145156,3.10784210349413,22.5666811304299
7.10039682539682,0.866944564339729,0.607097229775739,3.10635587966839,22.5674710720239
7.10049603174603,0.86706926409947,0.607202148565481,3.10487036679418,22.5682609448509
7.10059523809524,0.867193633047071,0.607307077680833,3.10338556453086,22.5690507487885
7.10069444444444,0.867317671687781,0.607412016981947,3.10190147253791,22.5698404837146
7.10079365079365,0.867441380526544,0.607516966329066,3.10041809047493,22.5706301495073
7.10089285714286,0.867564760067996,0.607621925582528,3.09893541800171,22.5714197460444
7.10099206349206,0.867687810816466,0.607726894602768,3.09745345477816,22.5722092732041
7.10109126984127,0.867810533275975,0.607831873250314,3.09597220046436,22.5729987308646
7.10119047619048,0.867932927950238,0.607936861385793,3.09449165472053,22.5737881189042
7.10128968253968,0.868054995342664,0.608041858869923,3.09301181720704,22.5745774372012
7.10138888888889,0.868176735956353,0.608146865563521,3.09153268758439,22.5753666856342
7.10148809523809,0.8682981502941,0.608251881327498,3.09005426551327,22.5761558640816
7.1015873015873,0.868419238858393,0.608356906022859,3.08857655065447,22.5769449724222
7.10168650793651,0.868540002151411,0.608461939510707,3.08709954266897,22.5777340105347
7.10178571428571,0.868660440675028,0.608566981652238,3.08562324121787,22.5785229782978
7.10188492063492,0.868780554930811,0.608672032308745,3.08414764596243,22.5793118755905
7.10198412698413,0.868900345420021,0.608777091341617,3.08267275656405,22.5801007022919
7.10208333333333,0.869019812643607,0.608882158612333,3.08119857268432,22.5808894582809
7.10218253968254,0.869138957102218,0.608987233982475,3.07972509398492,22.5816781434368
7.10228174603175,0.869257779296191,0.609092317313714,3.07825232012771,22.5824667576389
7.10238095238095,0.869376279725559,0.609197408467822,3.07678025077469,22.5832553007664
7.10248015873016,0.869494458890046,0.609302507306661,3.07530888558801,22.5840437726989
7.10257936507937,0.869612317289072,0.609407613692192,3.07383822422998,22.5848321733158
7.10267857142857,0.869729855421747,0.609512727486471,3.07236826636303,22.5856205024969
7.10277777777778,0.869847073786876,0.609617848551646,3.07089901164978,22.5864087601218
7.10287698412698,0.869963972882955,0.609722976749965,3.06943045975295,22.5871969460704
7.10297619047619,0.870080553208176,0.609828111943769,3.06796261033545,22.5879850602224
7.1030753968254,0.870196815260422,0.609933253995494,3.06649546306033,22.588773102458
7.1031746031746,0.87031275953727,0.610038402767672,3.06502901759076,22.5895610726572
7.10327380952381,0.870428386535989,0.61014355812293,3.0635632735901,22.5903489707
7.10337301587302,0.870543696753543,0.610248719923991,3.06209823072182,22.5911367964669
7.10347222222222,0.870658690686588,0.610353888033675,3.06063388864955,22.5919245498381
7.10357142857143,0.87077336883147,0.610459062314891,3.05917024703712,22.5927122306941
7.10367063492064,0.870887731684234,0.61056424263065,3.05770730554843,22.5934998389154
7.10376984126984,0.871001779740614,0.610669428844057,3.05624506384757,22.5942873743825
7.10386904761905,0.871115513496038,0.610774620818309,3.05478352159877,22.5950748369762
7.10396825396825,0.871228933445628,0.610879818416703,3.05332267846642,22.5958622265773
7.10406746031746,0.871342040084199,0.610985021502629,3.05186253411503,22.5966495430667
7.10416666666667,0.871454833906257,0.611090229939571,3.05040308820929,22.5974367863252
7.10426587301587,0.871567315406003,0.61119544359111,3.04894434041403,22.598223956234
7.10436507936508,0.871679485077331,0.611300662320924,3.04748629039421,22.5990110526742
7.10446428571429,0.871791343413828,0.611405885992782,3.04602893781496,22.5997980755271
7.10456349206349,0.871902890908773,0.611511114470553,3.04457228234155,22.6005850246739
7.1046626984127,0.872014128055139,0.611616347618198,3.04311632363941,22.6013718999961
7.1047619047619,0.872125055345593,0.611721585299776,3.0416610613741,22.6021587013751
7.10486111111111,0.872235673272493,0.611826827379438,3.04020649521133,22.6029454286926
7.10496031746032,0.872345982327893,0.611932073721434,3.03875262481696,22.6037320818303
7.10505952380952,0.872455983003534,0.612037324190106,3.03729944985705,22.6045186606698
7.10515873015873,0.872565675790858,0.612142578649894,3.03584696999772,22.6053051650931
7.10525793650794,0.872675061180995,0.612247836965333,3.0343951849053,22.6060915949821
7.10535714285714,0.87278413966477,0.612353099001051,3.03294409424624,22.6068779502188
7.10545634920635,0.8728929117327,0.612458364621774,3.03149369768715,22.6076642306855
7.10555555555556,0.873001377874996,0.612563633692322,3.0300439948948,22.6084504362641
7.10565476190476,0.873109538581562,0.612668906077612,3.02859498553608,22.6092365668372
7.10575396825397,0.873217394341994,0.612774181642654,3.02714666927806,22.610022622287
7.10585317460317,0.873324945645582,0.612879460252555,3.02569904578793,22.6108086024961
7.10595238095238,0.873432192981309,0.612984741772516,3.02425211473305,22.611594507347
7.10605158730159,0.873539136837852,0.613090026067835,3.02280587578092,22.6123803367224
7.10615079365079,0.87364577770358,0.613195313003905,3.02136032859918,22.613166090505
7.10625,0.873752116066553,0.613300602446213,3.01991547285564,22.6139517685777
7.10634920634921,0.873858152414529,0.613405894260342,3.01847130821824,22.6147373708234
7.10644841269841,0.873963887234957,0.613511188311973,3.01702783435505,22.6155228971251
7.10654761904762,0.874069321014974,0.613616484466876,3.01558505093437,22.6163083473659
7.10664682539683,0.874174454241418,0.613721782590923,3.01414295762455,22.617093721429
7.10674603174603,0.874279287400816,0.613827082550078,3.01270155409415,22.6178790191977
7.10684523809524,0.874383820979388,0.613932384210401,3.01126084001185,22.6186642405553
7.10694444444444,0.874488055463049,0.614037687438047,3.00982081504649,22.6194493853854
7.10704365079365,0.874591991337405,0.614142992099268,3.00838147886705,22.6202344535715
7.10714285714286,0.874695629087755,0.614248298060409,3.00694283114268,22.6210194449972
7.10724206349206,0.874798969199095,0.614353605187911,3.00550487154265,22.6218043595463
7.10734126984127,0.874902012156108,0.614458913348312,3.00406759973639,22.6225891971025
7.10744047619048,0.875004758443175,0.614564222408244,3.0026310153935,22.6233739575498
7.10753968253968,0.875107208544367,0.614669532234434,3.00119511818369,22.6241586407721
7.10763888888889,0.875209362943451,0.614774842693704,2.99975990777684,22.6249432466537
7.1077380952381,0.875311222123884,0.614880153652974,2.99832538384299,22.6257277750786
7.1078373015873,0.875412786568818,0.614985464979257,2.9968915460523,22.626512225931
7.10793650793651,0.8755140567611,0.615090776539662,2.99545839407509,22.6272965990955
7.10803571428572,0.875615033183263,0.615196088201393,2.99402592758185,22.6280808944563
7.10813492063492,0.87571571631754,0.615301399831748,2.9925941462432,22.6288651118981
7.10823412698413,0.875816106645855,0.615406711298125,2.99116304972991,22.6296492513054
7.10833333333333,0.875916204649826,0.615512022468012,2.98973263771288,22.630433312563
7.10843253968254,0.876016010810761,0.615617333208996,2.98830290986319,22.6312172955556
7.10853174603175,0.876115525609664,0.615722643388757,2.98687386585206,22.6320012001682
7.10863095238095,0.876214749527231,0.615827952875072,2.98544550535084,22.6327850262858
7.10873015873016,0.876313683043852,0.615933261535813,2.98401782803106,22.6335687737933
7.10882936507937,0.876412326639608,0.616038569238947,2.98259083356436,22.634352442576
7.10892857142857,0.876510680794276,0.616143875852536,2.98116452162257,22.6351360325191
7.10902777777778,0.876608745987324,0.616249181244738,2.97973889187763,22.635919543508
7.10912698412698,0.876706522697913,0.616354485283806,2.97831394400167,22.636702975428
7.10922619047619,0.876804011404898,0.61645978783809,2.97688967766692,22.6374863281647
7.1093253968254,0.876901212586826,0.616565088776031,2.9754660925458,22.6382696016037
7.1094246031746,0.876998126721941,0.616670387966172,2.97404318831083,22.6390527956306
7.10952380952381,0.877094754288173,0.616775685277144,2.97262096463477,22.6398359101314
7.10962301587302,0.87719109576315,0.616880980577679,2.97119942119043,22.6406189449917
7.10972222222222,0.877287151624193,0.616986273736601,2.96977855765083,22.6414019000976
7.10982142857143,0.877382922348315,0.617091564622831,2.96835837368909,22.6421847753352
7.10992063492063,0.877478408412221,0.617196853105386,2.96693886897853,22.6429675705905
7.11001984126984,0.877573610292313,0.617302139053376,2.96552004319258,22.6437502857499
7.11011904761905,0.877668528464681,0.617407422336009,2.96410189600484,22.6445329206996
7.11021825396825,0.877763163405111,0.617512702822586,2.96268442708905,22.6453154753259
7.11031746031746,0.877857515589082,0.617617980382505,2.9612676361191,22.6460979495156
7.11041666666667,0.877951585491766,0.617723254885259,2.95985152276903,22.646880343155
7.11051587301587,0.878045373588027,0.617828526200435,2.95843608671302,22.6476626561309
7.11061507936508,0.878138880352423,0.617933794197717,2.95702132762541,22.64844488833
7.11071428571428,0.878232106259205,0.618039058746884,2.95560724518068,22.6492270396392
7.11081349206349,0.878325051782318,0.618144319717811,2.95419383905348,22.6500091099455
7.1109126984127,0.878417717395398,0.618249576980468,2.95278110891855,22.6507910991359
7.1110119047619,0.878510103571775,0.618354830404916,2.95136905445087,22.6515730070974
7.11111111111111,0.878602210784472,0.618460079861319,2.9499576753255,22.6523548337173
7.11121031746032,0.878694039506206,0.618565325219931,2.94854697121767,22.6531365788829
7.11130952380952,0.878785590209386,0.618670566351104,2.94713694180275,22.6539182424816
7.11140873015873,0.878876863366115,0.618775803125283,2.94572758675626,22.6546998244009
7.11150793650794,0.878967859448189,0.61888103541301,2.94431890575388,22.6554813245282
7.11160714285714,0.879058578927095,0.618986263084923,2.94291089847144,22.6562627427514
7.11170634920635,0.879149022274016,0.619091486011754,2.94150356458489,22.657044078958
7.11180555555556,0.879239189959827,0.61919670406433,2.94009690377037,22.6578253330361
7.11190476190476,0.879329082455094,0.619301917113574,2.93869091570413,22.6586065048734
7.11200396825397,0.879418700230081,0.619407125030506,2.9372856000626,22.659387594358
7.11210317460317,0.87950804375474,0.619512327686238,2.93588095652233,22.6601686013779
7.11220238095238,0.879597113498718,0.61961752495198,2.93447698476005,22.6609495258215
7.11230158730159,0.879685909931356,0.619722716699037,2.93307368445261,22.6617303675769
7.11240079365079,0.879774433521689,0.619827902798809,2.931671055277,22.6625111265326
7.1125,0.87986268473844,0.619933083122789,2.93026909691043,22.6632918025769
7.11259920634921,0.87995066405003,0.620038257542569,2.92886780903017,22.6640723955985
7.11269841269841,0.880038371924572,0.620143425929835,2.9274671913137,22.6648529054859
7.11279761904762,0.880125808829871,0.620248588156369,2.9260672434386,22.6656333321279
7.11289682539683,0.880212975233426,0.620353744094045,2.92466796508264,22.6664136754134
7.11299603174603,0.880299871602429,0.620458893614838,2.92326935592372,22.6671939352312
7.11309523809524,0.880386498403764,0.620564036590813,2.92187141563988,22.6679741114702
7.11319444444444,0.88047285610401,0.620669172894135,2.92047414390933,22.6687542040197
7.11329365079365,0.880558945169438,0.62077430239706,2.91907754041042,22.6695342127687
7.11339285714286,0.880644766066012,0.620879424971942,2.91768160482163,22.6703141376065
7.11349206349206,0.880730319259388,0.62098454049123,2.91628633682163,22.6710939784225
7.11359126984127,0.880815605214918,0.621089648827468,2.91489173608919,22.6718737351061
7.11369047619048,0.880900624397645,0.621194749853295,2.91349780230326,22.6726534075469
7.11378968253968,0.880985377272305,0.621299843441447,2.91210453514294,22.6734329956344
7.11388888888889,0.881069864303329,0.621404929464754,2.91071193428743,22.6742124992584
7.1139880952381,0.881154085954838,0.62151000779614,2.90931999941618,22.6749919183086
7.1140873015873,0.881238042690647,0.621615078308627,2.90792873020869,22.675771252675
7.11418650793651,0.881321734974266,0.62172014087533,2.90653812634466,22.6765505022475
7.11428571428571,0.881405163268898,0.621825195369462,2.90514818750391,22.6773296669161
7.11438492063492,0.881488328037435,0.62193024166433,2.90375891336642,22.6781087465712
7.11448412698413,0.881571229742468,0.622035279633335,2.90237030361234,22.6788877411027
7.11458333333333,0.881653868846277,0.622140309149976,2.90098235792193,22.6796666504012
7.11468253968254,0.881736245810836,0.622245330087845,2.89959507597563,22.6804454743571
7.11478174603175,0.881818361097812,0.62235034232063,2.898208457454,22.6812242128607
7.11488095238095,0.881900215168566,0.622455345722116,2.89682250203779,22.6820028658028
7.11498015873016,0.881981808484152,0.622560340166181,2.89543720940786,22.682781433074
7.11507936507936,0.882063141505315,0.622665325526801,2.89405257924523,22.6835599145651
7.11517857142857,0.882144214692495,0.622770301678043,2.89266861123108,22.684338310167
7.11527777777778,0.882225028505826,0.622875268494075,2.89128530504672,22.6851166197706
7.11537698412698,0.882305583405134,0.622980225849157,2.88990266037361,22.685894843267
7.11547619047619,0.882385879849936,0.623085173617643,2.88852067689339,22.6866729805473
7.1155753968254,0.882465918299444,0.623190111673984,2.88713935428782,22.6874510315027
7.1156746031746,0.882545699212564,0.623295039892729,2.88575869223881,22.6882289960246
7.11577380952381,0.882625223047894,0.623399958148518,2.88437869042842,22.6890068740043
7.11587301587302,0.882704490263726,0.623504866316089,2.88299934853886,22.6897846653333
7.11597222222222,0.882783501318042,0.623609764270274,2.88162066625249,22.6905623699032
7.11607142857143,0.882862256668521,0.623714651886002,2.88024264325183,22.6913399876057
7.11617063492063,0.882940756772534,0.623819529038295,2.87886527921952,22.6921175183326
7.11626984126984,0.883019002087143,0.623924395602272,2.87748857383838,22.6928949619756
7.11636904761905,0.883096993069106,0.624029251453148,2.87611252679135,22.6936723184268
7.11646825396825,0.883174730174872,0.624134096466231,2.87473713776155,22.6944495875781
7.11656746031746,0.883252213860583,0.624238930516927,2.87336240643221,22.6952267693217
7.11666666666667,0.883329444582076,0.624343753480735,2.87198833248675,22.6960038635497
7.11676587301587,0.88340642279488,0.624448565233251,2.87061491560871,22.6967808701545
7.11686507936508,0.883483148954218,0.624553365650167,2.86924215548176,22.6975577890285
7.11696428571429,0.883559623515002,0.624658154607266,2.8678700517898,22.6983346200641
7.11706349206349,0.883635846931842,0.624762931980431,2.86649860421679,22.6991113631538
7.1171626984127,0.88371181965904,0.62486769764564,2.86512781244689,22.6998880181904
7.11726190476191,0.883787542150589,0.624972451478964,2.86375767616438,22.7006645850665
7.11736111111111,0.883863014860177,0.62507719335657,2.86238819505369,22.7014410636751
7.11746031746032,0.883938238241184,0.625181923154723,2.86101936879943,22.702217453909
7.11755952380952,0.884013212746685,0.625286640749779,2.85965119708633,22.7029937556612
7.11765873015873,0.884087938829445,0.625391346018193,2.85828367959926,22.7037699688248
7.11775793650794,0.884162416941925,0.625496038836513,2.85691681602328,22.704546093293
7.11785714285714,0.884236647536278,0.625600719081384,2.85555060604356,22.7053221289591
7.11795634920635,0.884310631064349,0.625705386629546,2.85418504934543,22.7060980757165
7.11805555555556,0.884384367977677,0.625810041357833,2.85282014561437,22.7068739334585
7.11815476190476,0.884457858727495,0.625914683143176,2.85145589453602,22.7076497020788
7.11825396825397,0.884531103764727,0.6260193118626,2.85009229579614,22.708425381471
7.11835317460318,0.884604103539993,0.626123927393229,2.84872934908065,22.7092009715288
7.11845238095238,0.884676858503603,0.626228529612275,2.84736705407565,22.709976472146
7.11855158730159,0.884749369105561,0.626333118397053,2.84600541046736,22.7107518832165
7.11865079365079,0.884821635795566,0.626437693624968,2.84464441794215,22.7115272046342
7.11875,0.884893659023007,0.626542255173525,2.84328407618653,22.7123024362934
7.11884920634921,0.884965439236969,0.626646802920319,2.84192438488717,22.7130775780881
7.11894841269841,0.885036976886228,0.626751336743045,2.84056534373089,22.7138526299126
7.11904761904762,0.885108272419253,0.626855856519492,2.83920695240467,22.7146275916612
7.11914682539683,0.885179326284209,0.626960362127542,2.8378492105956,22.7154024632284
7.11924603174603,0.885250138928951,0.627064853445176,2.83649211799096,22.7161772445087
7.11934523809524,0.885320710801028,0.627169330350468,2.83513567427816,22.7169519353967
7.11944444444444,0.885391042347682,0.627273792721588,2.83377987914475,22.7177265357872
7.11954365079365,0.885461134015849,0.627378240436801,2.83242473227845,22.7185010455748
7.11964285714286,0.885530986252156,0.627482673374469,2.83107023336712,22.7192754646545
7.11974206349206,0.885600599502926,0.627587091413046,2.82971638209876,22.7200497929213
7.11984126984127,0.885669974214173,0.627691494431086,2.8283631781615,22.7208240302702
7.11994047619048,0.885739110831604,0.627795882307233,2.8270106212437,22.7215981765964
7.12003968253968,0.88580800980062,0.627900254920231,2.82565871103377,22.7223722317951
7.12013888888889,0.885876671566314,0.628004612148916,2.82430744722033,22.7231461957616
7.1202380952381,0.885945096573474,0.628108953872221,2.82295682949211,22.7239200683914
7.1203373015873,0.88601328526658,0.628213279969176,2.82160685753803,22.7246938495799
7.12043650793651,0.886081238089803,0.628317590318902,2.82025753104712,22.7254675392227
7.12053571428571,0.886148955487012,0.62842188480062,2.81890884970859,22.7262411372156
7.12063492063492,0.886216437901764,0.628526163293643,2.81756081321177,22.7270146434543
7.12073412698413,0.886283685777312,0.628630425677381,2.81621342124615,22.7277880578346
7.12083333333333,0.886350699556601,0.62873467183134,2.81486667350138,22.7285613802526
7.12093253968254,0.88641747968227,0.628838901635118,2.81352056966725,22.7293346106042
7.12103174603175,0.88648402659665,0.628943114968411,2.81217510943369,22.7301077487856
7.12113095238095,0.886550340741766,0.629047311711012,2.8108302924908,22.730880794693
7.12123015873016,0.886616422559335,0.629151491742806,2.8094861185288,22.7316537482228
7.12132936507937,0.886682272490769,0.629255654943776,2.80814258723806,22.7324266092712
7.12142857142857,0.88674789097717,0.629359801193997,2.80679969830916,22.7331993777348
7.12152777777778,0.886813278459336,0.629463930373642,2.80545745143275,22.7339720535103
7.12162698412698,0.886878435377756,0.629568042362979,2.80411584629966,22.7347446364941
7.12172619047619,0.886943362172615,0.629672137042371,2.80277488260087,22.7355171265831
7.1218253968254,0.887008059283788,0.629776214292277,2.80143456002751,22.7362895236742
7.1219246031746,0.887072527150843,0.629880273993251,2.80009487827085,22.7370618276643
7.12202380952381,0.887136766213045,0.629984316025941,2.79875583702233,22.7378340384503
7.12212301587302,0.887200776909347,0.630088340271092,2.7974174359735,22.7386061559294
7.12222222222222,0.887264559678399,0.630192346609545,2.79607967481609,22.7393781799989
7.12232142857143,0.887328114958541,0.630296334922234,2.79474255324197,22.7401501105559
7.12242063492063,0.887391443187809,0.63040030509019,2.79340607094316,22.7409219474979
7.12251984126984,0.887454544803931,0.630504256994538,2.79207022761183,22.7416936907223
7.12261904761905,0.887517420244327,0.630608190516502,2.79073502294029,22.7424653401268
7.12271825396825,0.887580069946111,0.630712105537396,2.789400456621,22.7432368956088
7.12281746031746,0.88764249434609,0.630816001938634,2.78806652834657,22.7440083570663
7.12291666666667,0.887704693880764,0.630919879601721,2.78673323780978,22.7447797243969
7.12301587301587,0.887766668986326,0.631023738408261,2.78540058470353,22.7455509974987
7.12311507936508,0.887828420098662,0.631127578239952,2.78406856872088,22.7463221762696
7.12321428571429,0.887889947653353,0.631231398978588,2.78273718955503,22.7470932606076
7.12331349206349,0.887951252085669,0.631335200506057,2.78140644689934,22.7478642504111
7.1234126984127,0.888012333830577,0.631438982704343,2.78007634044732,22.7486351455783
7.12351190476191,0.888073193322735,0.631542745455526,2.77874686989261,22.7494059460074
7.12361111111111,0.888133830996495,0.631646488641781,2.77741803492902,22.7501766515971
7.12371031746032,0.888194247285901,0.631750212145378,2.77608983525051,22.7509472622457
7.12380952380952,0.888254442624691,0.631853915848683,2.77476227055115,22.751717777852
7.12390873015873,0.888314417446297,0.631957599634156,2.77343534052522,22.7524881983146
7.12400793650794,0.888374172183841,0.632061263384354,2.77210904486709,22.7532585235324
7.12410714285714,0.888433707270142,0.632164906981927,2.77078338327132,22.7540287534043
7.12420634920635,0.888493023137709,0.632268530309625,2.76945835543259,22.7547988878292
7.12430555555556,0.888552120218747,0.632372133250289,2.76813396104574,22.7555689267062
7.12440476190476,0.888610998945149,0.632475715686855,2.76681019980578,22.7563388699344
7.12450396825397,0.888669659748506,0.632579277502357,2.76548707140784,22.7571087174133
7.12460317460318,0.888728103060102,0.632682818579924,2.76416457554721,22.7578784690419
7.12470238095238,0.88878632931091,0.63278633880278,2.76284271191932,22.7586481247199
7.12480158730159,0.8888443389316,0.632889838054243,2.76152148021975,22.7594176843467
7.12490079365079,0.888902132352533,0.632993316217728,2.76020088014424,22.7601871478219
7.125,0.888959710003765,0.633096773176745,2.75888091138867,22.7609565150453
7.12509920634921,0.889017072315042,0.633200208814899,2.75756157364908,22.7617257859165
7.12519841269841,0.889074219715807,0.63330362301589,2.75624286662163,22.7624949603356
7.12529761904762,0.889131152635193,0.633407015663515,2.75492479000266,22.7632640382024
7.12539682539682,0.889187871502027,0.633510386641663,2.75360734348864,22.764033019417
7.12549603174603,0.88924437674483,0.633613735834324,2.7522905267762,22.7648019038796
7.12559523809524,0.889300668791814,0.633717063125577,2.75097433956212,22.7655706914903
7.12569444444444,0.889356748070886,0.6338203683996,2.7496587815433,22.7663393821496
7.12579365079365,0.889412615009647,0.633923651540668,2.74834385241681,22.7671079757578
7.12589285714286,0.889468270035387,0.634026912433146,2.7470295518799,22.7678764722154
7.12599206349206,0.889523713575092,0.634130150961497,2.74571587962992,22.768644871423
7.12609126984127,0.889578946055442,0.634233367010282,2.74440283536439,22.7694131732813
7.12619047619048,0.889633967902807,0.634336560464154,2.74309041878097,22.7701813776911
7.12628968253968,0.889688779543254,0.634439731207862,2.74177862957747,22.7709494845532
7.12638888888889,0.88974338140254,0.634542879126251,2.74046746745186,22.7717174937686
7.12648809523809,0.889797773906115,0.634646004104262,2.73915693210224,22.7724854052382
7.1265873015873,0.889851957479125,0.634749106026929,2.73784702322688,22.7732532188633
7.12668650793651,0.889905932546406,0.634852184779384,2.73653774052419,22.774020934545
7.12678571428571,0.889959699532488,0.634955240246853,2.73522908369271,22.7747885521847
7.12688492063492,0.890013258861595,0.635058272314657,2.73392105243116,22.7755560716837
7.12698412698413,0.890066610957644,0.635161280868213,2.73261364643839,22.7763234929436
7.12708333333333,0.890119756244243,0.635264265793034,2.73130686541341,22.7770908158658
7.12718253968254,0.890172695144695,0.635367226974726,2.73000070905535,22.7778580403521
7.12728174603175,0.890225428081998,0.635470164298995,2.7286951770635,22.7786251663041
7.12738095238095,0.890277955478837,0.635573077651636,2.72739026913736,22.7793921936239
7.12748015873016,0.890330277757596,0.635675966918543,2.72608598497648,22.7801591222132
7.12757936507937,0.89038239534035,0.635778831985707,2.72478232428063,22.780925951974
7.12767857142857,0.890434308648866,0.635881672739211,2.72347928674969,22.7816926828086
7.12777777777778,0.890486018104606,0.635984489065235,2.72217687208371,22.7824593146191
7.12787698412698,0.890537524128724,0.636087280850053,2.72087507998288,22.7832258473077
7.12797619047619,0.890588827142067,0.636190047980038,2.71957391014753,22.7839922807769
7.1280753968254,0.890639927565176,0.636292790341653,2.71827336227816,22.7847586149291
7.1281746031746,0.890690825818283,0.636395507821461,2.7169734360754,22.7855248496668
7.12827380952381,0.890741522321316,0.636498200306118,2.71567413124004,22.7862909848928
7.12837301587302,0.890792017493894,0.636600867682375,2.714375447473,22.7870570205097
7.12847222222222,0.89084231175533,0.636703509837081,2.71307738447538,22.7878229564204
7.12857142857143,0.890892405524629,0.636806126657177,2.71177994194841,22.7885887925277
7.12867063492063,0.89094229922049,0.636908718029701,2.71048311959346,22.7893545287347
7.12876984126984,0.890991993261306,0.637011283841788,2.70918691711204,22.7901201649445
7.12886904761905,0.891041488065161,0.637113823980664,2.70789133420587,22.7908857010602
7.12896825396825,0.891090784049833,0.637216338333654,2.70659637057675,22.7916511369851
7.12906746031746,0.891139881632793,0.637318826788177,2.70530202592666,22.7924164726225
7.12916666666667,0.891188781231206,0.637421289231749,2.70400829995772,22.7931817078759
7.12926587301587,0.891237483261929,0.637523725551979,2.70271519237221,22.7939468426489
7.12936507936508,0.891285988141512,0.637626135636572,2.70142270287253,22.794711876845
7.12946428571429,0.891334295735121,0.637728519627487,2.70013083097852,22.7954768106317
7.12956349206349,0.891382405651995,0.637830877775935,2.69883957617263,22.7962416442878
7.1296626984127,0.89143031810847,0.63793321004799,2.69754893816645,22.7970063777954
7.1297619047619,0.891478033322626,0.638035516408892,2.69625891667231,22.7977710111356
7.12986111111111,0.891525551512494,0.638137796823881,2.69496951140266,22.7985355442897
7.12996031746032,0.891572872896059,0.638240051258196,2.69368072207004,22.7992999772386
7.13005952380952,0.891619997691258,0.638342279677077,2.69239254838711,22.8000643099637
7.13015873015873,0.891666926115981,0.63844448204576,2.69110499006662,22.8008285424459
7.13025793650794,0.891713658388071,0.638546658329486,2.68981804682142,22.8015926746666
7.13035714285714,0.891760194725323,0.638648808493487,2.68853171836451,22.8023567066067
7.13045634920635,0.891806535345486,0.638750932503001,2.68724600440896,22.8031206382474
7.13055555555556,0.89185268046626,0.638853030323264,2.68596090466794,22.8038844695698
7.13065476190476,0.891898630305299,0.638955101919511,2.68467641885475,22.8046482005551
7.13075396825397,0.89194438508021,0.639057147256976,2.68339254668278,22.8054118311843
7.13085317460317,0.891989945008551,0.639159166300892,2.68210928786553,22.8061753614385
7.13095238095238,0.892035310307835,0.639261159016492,2.6808266421166,22.8069387912989
7.13105158730159,0.892080481195526,0.639363125369009,2.67954460914972,22.8077021207465
7.13115079365079,0.892125457889042,0.639465065323674,2.67826318867869,22.8084653497624
7.13125,0.892170240605751,0.639566978845719,2.67698238041744,22.8092284783277
7.13134920634921,0.892214829562978,0.639668865900374,2.67570218408001,22.8099915064234
7.13144841269841,0.892259224977998,0.639770726452869,2.67442259938052,22.8107544340306
7.13154761904762,0.892303427068039,0.639872560468432,2.67314362603323,22.8115172611304
7.13164682539682,0.892347436050282,0.639974367912293,2.67186526375248,22.8122799877039
7.13174603174603,0.892391252141861,0.640076148749681,2.67058751225271,22.813042613732
7.13184523809524,0.892434875559861,0.64017790294582,2.66931037124851,22.8138051391959
7.13194444444444,0.892478306521323,0.640279630465939,2.66803384045454,22.8145675640766
7.13204365079365,0.892521545243237,0.640381331275262,2.66675791958556,22.815329888355
7.13214285714286,0.89256459194255,0.640483005339017,2.66548260835646,22.8160921120123
7.13224206349206,0.892607446836157,0.640584652622427,2.66420790648222,22.8168542350294
7.13234126984127,0.89265011014091,0.640686273090717,2.66293381367793,22.8176162573875
7.13244047619048,0.892692582073611,0.640787866709109,2.66166032965878,22.8183781790674
7.13253968253968,0.892734862851015,0.640889433442828,2.66038745414009,22.8191400000502
7.13263888888889,0.892776952689831,0.640990973257095,2.65911518683726,22.8199017203169
7.13273809523809,0.89281885180672,0.641092486117133,2.65784352746581,22.8206633398484
7.1328373015873,0.892860560418295,0.64119397198816,2.65657247574135,22.8214248586259
7.13293650793651,0.892902078741124,0.6412954308354,2.65530203137962,22.8221862766302
7.13303571428571,0.892943406991724,0.64139686262407,2.65403219409644,22.8229475938424
7.13313492063492,0.892984545386569,0.64149826731939,2.65276296360776,22.8237088102434
7.13323412698413,0.893025494142083,0.64159964488658,2.6514943396296,22.8244699258142
7.13333333333333,0.893066253474643,0.641700995290855,2.65022632187816,22.8252309405357
7.13343253968254,0.893106823600579,0.641802318497434,2.64895891006966,22.825991854389
7.13353174603175,0.893147204736174,0.641903614471533,2.64769210392048,22.8267526673549
7.13363095238095,0.893187397097664,0.642004883178368,2.64642590314708,22.8275133794144
7.13373015873016,0.893227400901237,0.642106124583154,2.64516030746604,22.8282739905484
7.13382936507937,0.893267216363035,0.642207338651106,2.64389531659403,22.829034500738
7.13392857142857,0.89330684369915,0.642308525347439,2.64263093024786,22.8297949099639
7.13402777777778,0.893346283125629,0.642409684637365,2.6413671481444,22.8305552182072
7.13412698412698,0.893385534858472,0.642510816486097,2.64010397000067,22.8313154254487
7.13422619047619,0.893424599113631,0.642611920858848,2.63884139553376,22.8320755316695
7.1343253968254,0.89346347610701,0.642712997720829,2.63757942446089,22.8328355368503
7.1344246031746,0.893502166054466,0.642814047037251,2.63631805649937,22.833595440972
7.13452380952381,0.893540669171811,0.642915068773324,2.63505729136663,22.8343552440157
7.13462301587302,0.893578985674806,0.643016062894258,2.6337971287802,22.8351149459621
7.13472222222222,0.893617115779168,0.643117029365263,2.63253756845769,22.8358745467922
7.13482142857143,0.893655059700564,0.643217968151545,2.63127861011689,22.8366340464868
7.13492063492064,0.893692817654616,0.643318879218313,2.63002025347562,22.8373934450269
7.13501984126984,0.893730389856898,0.643419762530774,2.62876249825184,22.8381527423932
7.13511904761905,0.893767776522935,0.643520618054135,2.6275053441636,22.8389119385667
7.13521825396825,0.893804977868209,0.643621445753601,2.62624879092908,22.8396710335281
7.13531746031746,0.893841994108149,0.643722245594378,2.62499283826654,22.8404300272585
7.13541666666667,0.893878825458142,0.64382301754167,2.62373748589436,22.8411889197385
7.13551587301587,0.893915472133524,0.643923761560682,2.62248273353103,22.8419477109491
7.13561507936508,0.893951934349586,0.644024477616615,2.62122858089514,22.8427064008711
7.13571428571429,0.893988212321571,0.644125165674675,2.61997502770537,22.8434649894853
7.13581349206349,0.894024306264674,0.644225825700061,2.61872207368054,22.8442234767726
7.1359126984127,0.894060216394044,0.644326457657977,2.61746971853956,22.8449818627137
7.1360119047619,0.894095942924782,0.644427061513622,2.61621796200143,22.8457401472895
7.13611111111111,0.894131486071942,0.644527637232196,2.61496680378527,22.8464983304808
7.13621031746032,0.89416684605053,0.644628184778902,2.6137162436103,22.8472564122684
7.13630952380952,0.894202023075506,0.644728704118934,2.61246628119589,22.8480143926331
7.13640873015873,0.894237017361781,0.644829195217493,2.61121691626144,22.8487722715556
7.13650793650794,0.894271829124221,0.644929658039777,2.60996814852651,22.8495300490169
7.13660714285714,0.894306458577642,0.645030092550981,2.60871997771075,22.8502877249976
7.13670634920635,0.894340905936816,0.645130498716304,2.60747240353392,22.8510452994785
7.13680555555556,0.894375171416465,0.645230876500939,2.60622542571586,22.8518027724405
7.13690476190476,0.894409255231264,0.645331225870084,2.60497904397657,22.8525601438642
7.13700396825397,0.894443157595843,0.645431546788931,2.6037332580361,22.8533174137305
7.13710317460317,0.894476878724782,0.645531839222676,2.60248806761464,22.85407458202
7.13720238095238,0.894510418832616,0.64563210313651,2.60124347243247,22.8548316487136
7.13730158730159,0.89454377813383,0.645732338495628,2.59999947220999,22.855588613792
7.13740079365079,0.894576956842864,0.64583254526522,2.5987560666677,22.8563454772359
7.1375,0.894609955174111,0.645932723410479,2.5975132555262,22.857102239026
7.13759920634921,0.894642773341915,0.646032872896594,2.5962710385062,22.8578588991432
7.13769841269841,0.894675411560574,0.646132993688758,2.5950294153285,22.858615457568
7.13779761904762,0.894707870044338,0.646233085752158,2.59378838571406,22.8593719142813
7.13789682539683,0.894740149007409,0.646333149051982,2.59254794938389,22.8601282692637
7.13799603174603,0.894772248663944,0.64643318355342,2.59130810605912,22.8608845224959
7.13809523809524,0.894804169228051,0.64653318922166,2.590068855461,22.8616406739587
7.13819444444444,0.894835910913791,0.646633166021887,2.58883019731086,22.8623967236327
7.13829365079365,0.894867473935179,0.646733113919289,2.58759213133017,22.8631526714986
7.13839285714286,0.89489885850618,0.646833032879051,2.58635465724049,22.8639085175371
7.13849206349206,0.894930064840715,0.646932922866358,2.58511777476347,22.864664261729
7.13859126984127,0.894961093152655,0.647032783846394,2.58388148362088,22.8654199040547
7.13869047619048,0.894991943655825,0.647132615784344,2.58264578353462,22.8661754444951
7.13878968253968,0.895022616564003,0.647232418645391,2.58141067422665,22.8669308830308
7.13888888888889,0.895053112090919,0.647332192394717,2.58017615541907,22.8676862196425
7.1389880952381,0.895083430450256,0.647431936997503,2.57894222683406,22.8684414543107
7.1390873015873,0.89511357185565,0.647531652418932,2.57770888819395,22.8691965870162
7.13918650793651,0.89514353652069,0.647631338624186,2.5764761392211,22.8699516177396
7.13928571428572,0.895173324658916,0.64773099557844,2.57524397963808,22.8707065464615
7.13938492063492,0.895202936483822,0.647830623246878,2.57401240916747,22.8714613731625
7.13948412698413,0.895232372208856,0.647930221594676,2.57278142753202,22.8722160978233
7.13958333333333,0.895261632047416,0.648029790587013,2.57155103445454,22.8729707204245
7.13968253968254,0.895290716212855,0.648129330189068,2.57032122965797,22.8737252409467
7.13978174603175,0.895319624918478,0.648228840366015,2.56909201286537,22.8744796593705
7.13988095238095,0.895348358377542,0.648328321083033,2.56786338379987,22.8752339756765
7.13998015873016,0.895376916803257,0.648427772305296,2.56663534218474,22.8759881898453
7.14007936507937,0.895405300408788,0.648527193997979,2.56540788774333,22.8767423018575
7.14017857142857,0.895433509407249,0.648626586126257,2.56418102019911,22.8774963116937
7.14027777777778,0.895461544011708,0.648725948655304,2.56295473927565,22.8782502193345
7.14037698412698,0.895489404435189,0.648825281550292,2.56172904469664,22.8790040247604
7.14047619047619,0.895517090890663,0.648924584776393,2.56050393618586,22.879757727952
7.1405753968254,0.895544603591058,0.649023858298781,2.5592794134672,22.8805113288899
7.1406746031746,0.895571942749255,0.649123102082627,2.55805547626464,22.8812648275546
7.14077380952381,0.895599108578083,0.649222316093099,2.55683212430232,22.8820182239267
7.14087301587302,0.895626101290329,0.649321500295369,2.55560935730443,22.8827715179867
7.14097222222222,0.895652921098731,0.649420654654606,2.55438717499529,22.8835247097152
7.14107142857143,0.895679568215977,0.649519779135977,2.55316557709931,22.8842777990927
7.14117063492063,0.895706042854713,0.649618873704653,2.55194456334104,22.8850307860998
7.14126984126984,0.895732345227533,0.649717938325799,2.55072413344509,22.8857836707169
7.14136904761905,0.895758475546987,0.649816972964583,2.54950428713621,22.8865364529246
7.14146825396825,0.895784434025574,0.649915977586171,2.54828502413925,22.8872891327034
7.14156746031746,0.89581022087575,0.650014952155728,2.54706634417915,22.8880417100338
7.14166666666667,0.895835836309921,0.650113896638419,2.54584824698098,22.8887941848963
7.14176587301587,0.895861280540447,0.650212810999409,2.54463073226989,22.8895465572714
7.14186507936508,0.89588655377964,0.650311695203861,2.54341379977116,22.8902988271396
7.14196428571428,0.895911656239765,0.650410549216938,2.54219744921017,22.8910509944814
7.14206349206349,0.895936588133039,0.650509373003802,2.54098168031239,22.8918030592773
7.1421626984127,0.895961349671634,0.650608166529617,2.5397664928034,22.8925550215077
7.1422619047619,0.895985941067671,0.650706929759541,2.53855188640893,22.8933068811532
7.14236111111111,0.896010362533228,0.650805662658736,2.53733786085475,22.8940586381941
7.14246031746032,0.896034614280331,0.650904365192362,2.53612441586677,22.8948102926109
7.14255952380952,0.896058696520964,0.651003037325577,2.53491155117101,22.8955618443842
7.14265873015873,0.89608260946706,0.65110167902354,2.53369926649358,22.8963132934943
7.14275793650794,0.896106353330506,0.651200290251411,2.53248756156071,22.8970646399217
7.14285714285714,0.89612992832314,0.651298870974344,2.53127643609873,22.8978158836468
7.14295634920635,0.896153334656757,0.651397421157499,2.53006588983407,22.8985670246501
7.14305555555556,0.8961765725431,0.651495940766029,2.52885592249328,22.8993180629119
7.14315476190476,0.896199642193867,0.651594429765092,2.527646533803,22.9000689984128
7.14325396825397,0.896222543820709,0.651692888119841,2.52643772348999,22.9008198311331
7.14335317460317,0.896245277635229,0.651791315795431,2.52522949128111,22.9015705610532
7.14345238095238,0.896267843848983,0.651889712757016,2.52402183690332,22.9023211881536
7.14355158730159,0.896290242673479,0.651988078969748,2.5228147600837,22.9030717124146
7.14365079365079,0.89631247432018,0.652086414398781,2.52160826054941,22.9038221338166
7.14375,0.896334539000498,0.652184719009264,2.52040233802777,22.9045724523401
7.14384920634921,0.8963564369258,0.652282992766349,2.51919699224614,22.9053226679653
7.14394841269841,0.896378168307408,0.652381235635187,2.51799222293203,22.9060727806727
7.14404761904762,0.896399733356591,0.652479447580927,2.51678802981304,22.9068227904427
7.14414682539683,0.896421132284577,0.652577628568719,2.51558441261688,22.9075726972556
7.14424603174603,0.896442365302542,0.652675778563711,2.51438137107136,22.9083225010918
7.14434523809524,0.896463432621616,0.652773897531051,2.5131789049044,22.9090722019316
7.14444444444444,0.896484334452884,0.652871985435886,2.51197701384403,22.9098217997555
7.14454365079365,0.896505071007381,0.652970042243363,2.51077569761839,22.9105712945436
7.14464285714286,0.896525642496096,0.653068067918627,2.5095749559557,22.9113206862764
7.14474206349206,0.89654604912997,0.653166062426825,2.50837478858432,22.9120699749342
7.14484126984127,0.896566291119897,0.653264025733101,2.50717519523269,22.9128191604974
7.14494047619048,0.896586368676724,0.653361957802598,2.50597617562938,22.9135682429462
7.14503968253968,0.896606282011252,0.653459858600461,2.50477772950304,22.914317222261
7.14513888888889,0.896626031334231,0.653557728091834,2.50357985658243,22.9150660984221
7.1452380952381,0.896645616856368,0.653655566241856,2.50238255659645,22.9158148714097
7.1453373015873,0.896665038788319,0.653753373015669,2.50118582927407,22.9165635412043
7.14543650793651,0.896684297340696,0.653851148378416,2.49998967434438,22.917312107786
7.14553571428571,0.896703392724061,0.653948892295235,2.49879409153657,22.9180605711353
7.14563492063492,0.896722325148932,0.654046604731268,2.49759908057993,22.9188089312323
7.14573412698413,0.896741094825776,0.654144285651652,2.49640464120388,22.9195571880573
7.14583333333333,0.896759701965014,0.654241935021527,2.49521077313793,22.9203053415906
7.14593253968254,0.896778146777022,0.65433955280603,2.49401747611168,22.9210533918126
7.14603174603175,0.896796429472126,0.654437138970299,2.49282474985487,22.9218013387034
7.14613095238095,0.896814550260605,0.654534693479469,2.49163259409732,22.9225491822433
7.14623015873016,0.896832509352693,0.654632216298677,2.49044100856897,22.9232969224125
7.14632936507936,0.896850306958573,0.654729707393057,2.48924999299986,22.9240445591914
7.14642857142857,0.896867943288384,0.654827166727746,2.48805954712013,22.9247920925601
7.14652777777778,0.896885418552217,0.654924594267876,2.48686967066005,22.9255395224989
7.14662698412698,0.896902732960115,0.655021989978582,2.48568036334995,22.926286848988
7.14672619047619,0.896919886722073,0.655119353824995,2.48449162492032,22.9270340720076
7.1468253968254,0.896936880048041,0.655216685772248,2.48330345510174,22.927781191538
7.1469246031746,0.89695371314792,0.655313985785472,2.48211585362486,22.9285282075593
7.14702380952381,0.896970386231564,0.655411253829798,2.48092882022049,22.9292751200519
7.14712301587302,0.896986899508781,0.655508489870357,2.47974235461949,22.9300219289958
7.14722222222222,0.897003253189329,0.655605693872277,2.47855645655288,22.9307686343712
7.14732142857143,0.897019447482921,0.655702865800689,2.47737112575175,22.9315152361585
7.14742063492063,0.897035482599223,0.655800005620719,2.47618636194731,22.9322617343377
7.14751984126984,0.897051358747852,0.655897113297497,2.47500216487087,22.933008128889
7.14761904761905,0.89706707613838,0.655994188796149,2.47381853425386,22.9337544197927
7.14771825396825,0.897082634980328,0.656091232081801,2.47263546982779,22.9345006070288
7.14781746031746,0.897098035483173,0.65618824311958,2.4714529713243,22.9352466905775
7.14791666666667,0.897113277856345,0.65628522187461,2.47027103847513,22.9359926704191
7.14801587301587,0.897128362309224,0.656382168312016,2.46908967101213,22.9367385465336
7.14811507936508,0.897143289051145,0.656479082396924,2.46790886866721,22.9374843189013
7.14821428571429,0.897158058291395,0.656575964094453,2.46672863117248,22.9382299875022
7.14831349206349,0.897172670239213,0.656672813369728,2.46554895826008,22.9389755523164
7.1484126984127,0.897187125103792,0.656769630187871,2.46436984966227,22.9397210133242
7.14851190476191,0.897201423094277,0.656866414514004,2.46319130511143,22.9404663705056
7.14861111111111,0.897215564419766,0.656963166313246,2.46201332434004,22.9412116238408
7.14871031746032,0.89722954928931,0.657059885550719,2.46083590708068,22.9419567733098
7.14880952380952,0.897243377911912,0.657156572191542,2.45965905306606,22.9427018188929
7.14890873015873,0.897257050496528,0.657253226200833,2.45848276202895,22.94344676057
7.14900793650794,0.897270567252067,0.657349847543711,2.45730703370228,22.9441915983213
7.14910714285714,0.897283928387391,0.657446436185293,2.45613186781904,22.9449363321269
7.14920634920635,0.897297134111313,0.657542992090697,2.45495726411236,22.9456809619669
7.14930555555556,0.897310184632601,0.657639515225038,2.45378322231546,22.9464254878213
7.14940476190476,0.897323080159975,0.657736005553434,2.45260974216166,22.9471699096703
7.14950396825397,0.897335820902107,0.657832463040997,2.4514368233844,22.9479142274938
7.14960317460318,0.897348407067622,0.657928887652846,2.4502644657172,22.9486584412721
7.14970238095238,0.897360838865098,0.658025279354089,2.44909266889374,22.949402550985
7.14980158730159,0.897373116503066,0.658121638109843,2.44792143264776,22.9501465566127
7.14990079365079,0.897385240190009,0.65821796388522,2.44675075671312,22.9508904581353
7.15,0.897397210134364,0.658314256645331,2.44558064082377,22.9516342555327
7.15009920634921,0.897409026544519,0.658410516355288,2.44441108471379,22.9523779487851
7.15019841269841,0.897420689628816,0.658506742980202,2.44324208811736,22.9531215378724
7.15029761904762,0.897432199595549,0.658602936485182,2.44207365076876,22.9538650227747
7.15039682539683,0.897443556652965,0.658699096835339,2.44090577240238,22.9546084034719
7.15049603174603,0.897454761009264,0.65879522399578,2.4397384527527,22.9553516799442
7.15059523809524,0.897465812872599,0.658891317931615,2.43857169155434,22.9560948521715
7.15069444444444,0.897476712451074,0.65898737860795,2.437405488542,22.9568379201339
7.15079365079365,0.897487459952748,0.659083405989893,2.43623984345048,22.9575808838112
7.15089285714286,0.897498055585632,0.659179400042549,2.43507475601472,22.9583237431836
7.15099206349206,0.897508499557689,0.659275360731025,2.43391022596973,22.959066498231
7.15109126984127,0.897518792076834,0.659371288020426,2.43274625305062,22.9598091489335
7.15119047619048,0.897528933350938,0.659467181875855,2.43158283699267,22.9605516952708
7.15128968253968,0.897538923587821,0.659563042262417,2.43041997753121,22.9612941372232
7.15138888888889,0.897548762995258,0.659658869145214,2.42925767440167,22.9620364747704
7.1514880952381,0.897558451780976,0.659754662489349,2.42809592733962,22.9627787078926
7.1515873015873,0.897567990152656,0.659850422259924,2.42693473608072,22.9635208365695
7.15168650793651,0.897577378317928,0.659946148422041,2.42577410036074,22.9642628607813
7.15178571428571,0.897586616484379,0.660041840940799,2.42461401991553,22.9650047805078
7.15188492063492,0.897595704859547,0.660137499781299,2.4234544944811,22.9657465957289
7.15198412698413,0.897604643650923,0.66023312490864,2.42229552379351,22.9664883064247
7.15208333333333,0.897613433065949,0.660328716287921,2.42113710758897,22.967229912575
7.15218253968254,0.897622073312022,0.66042427388424,2.41997924560376,22.9679714141597
7.15228174603175,0.897630564596492,0.660519797662694,2.41882193757429,22.9687128111589
7.15238095238095,0.897638907126659,0.660615287588381,2.41766518323707,22.9694541035523
7.15248015873016,0.897647101109779,0.660710743626395,2.41650898232872,22.9701952913199
7.15257936507937,0.897655146753058,0.660806165741835,2.41535333458593,22.9709363744417
7.15267857142857,0.897663044263655,0.660901553899793,2.41419823974558,22.9716773528974
7.15277777777778,0.897670793848685,0.660996908065363,2.41304369754457,22.972418226667
7.15287698412698,0.897678395715212,0.661092228203641,2.41188970771994,22.9731589957304
7.15297619047619,0.897685850070253,0.661187514279718,2.41073627000884,22.9738996600674
7.1530753968254,0.897693157120781,0.661282766258687,2.40958338414853,22.974640219658
7.1531746031746,0.897700317073718,0.661377984105641,2.40843104987635,22.975380674482
7.15327380952381,0.89770733013594,0.661473167785669,2.40727926692977,22.9761210245192
7.15337301587302,0.897714196514278,0.661568317263863,2.40612803504636,22.9768612697495
7.15347222222222,0.897720916415511,0.661663432505313,2.4049773539638,22.9776014101528
7.15357142857143,0.897727490046375,0.661758513475107,2.40382722341986,22.9783414457089
7.15367063492063,0.897733917613557,0.661853560138335,2.40267764315244,22.9790813763977
7.15376984126984,0.897740199323697,0.661948572460084,2.40152861289952,22.979821202199
7.15386904761905,0.897746335383388,0.662043550405442,2.40038013239921,22.9805609230926
7.15396825396825,0.897752325999174,0.662138493939496,2.39923220138972,22.9813005390583
7.15406746031746,0.897758171377554,0.662233403027332,2.39808481960933,22.9820400500761
7.15416666666667,0.897763871724979,0.662328277634034,2.3969379867965,22.9827794561256
7.15426587301587,0.897769427247852,0.662423117724688,2.39579170268973,22.9835187571867
7.15436507936508,0.897774838152529,0.662517923264378,2.39464596702766,22.9842579532392
7.15446428571429,0.89778010464532,0.662612694218188,2.39350077954901,22.9849970442628
7.15456349206349,0.897785226932486,0.6627074305512,2.39235613999264,22.9857360302375
7.1546626984127,0.897790205220242,0.662802132228498,2.39121204809748,22.986474911143
7.15476190476191,0.897795039714755,0.662896799215162,2.3900685036026,22.987213686959
7.15486111111111,0.897799730622145,0.662991431476273,2.38892550624715,22.9879523576653
7.15496031746032,0.897804278148484,0.663086028976913,2.38778305577039,22.9886909232418
7.15505952380952,0.897808682499799,0.663180591682161,2.38664115191171,22.9894293836681
7.15515873015873,0.897812943882066,0.663275119557096,2.38549979441057,22.990167738924
7.15525793650794,0.897817062501217,0.663369612566796,2.38435898300657,22.9909059889893
7.15535714285714,0.897821038563136,0.66346407067634,2.38321871743938,22.9916441338437
7.15545634920635,0.897824872273658,0.663558493850804,2.38207899744881,22.9923821734671
7.15555555555556,0.897828563838574,0.663652882055268,2.38093982277474,22.993120107839
7.15565476190476,0.897832113463624,0.663747235254803,2.37980119315722,22.9938579369393
7.15575396825397,0.897835521354503,0.663841553414488,2.37866310833633,22.9945956607476
7.15585317460318,0.897838787716858,0.663935836499396,2.3775255680523,22.9953332792437
7.15595238095238,0.89784191275629,0.664030084474601,2.37638857204546,22.9960707924074
7.15605158730159,0.897844896678351,0.664124297305178,2.37525212005624,22.9968082002182
7.15615079365079,0.897847739688547,0.664218474956199,2.37411621182517,22.997545502656
7.15625,0.897850441992335,0.664312617392737,2.37298084709291,22.9982826997004
7.15634920634921,0.897853003795126,0.664406724579862,2.37184602560019,22.9990197913311
7.15644841269841,0.897855425302285,0.664500796482646,2.37071174708788,22.9997567775278
7.15654761904762,0.897857706719127,0.664594833066159,2.36957801129694,23.0004936582702
7.15664682539682,0.897859848250922,0.664688834295471,2.36844481796843,23.0012304335379
7.15674603174603,0.897861850102891,0.664782800135652,2.36731216684354,23.0019671033107
7.15684523809524,0.897863712480209,0.664876730551768,2.36618005766354,23.0027036675682
7.15694444444444,0.897865435588003,0.664970625508889,2.36504849016981,23.0034401262901
7.15704365079365,0.897867019631354,0.665064484972083,2.36391746410384,23.004176479456
7.15714285714286,0.897868464815293,0.665158308906414,2.36278697920725,23.0049127270455
7.15724206349206,0.897869771344807,0.665252097276948,2.36165703522173,23.0056488690384
7.15734126984127,0.897870939424834,0.665345850048752,2.3605276318891,23.0063849054142
7.15744047619048,0.897871969260264,0.66543956718689,2.35939876895126,23.0071208361526
7.15753968253968,0.897872861055941,0.665533248656425,2.35827044615025,23.0078566612332
7.15763888888889,0.897873615016662,0.665626894422423,2.35714266322819,23.0085923806357
7.15773809523809,0.897874231347176,0.665720504449944,2.35601541992731,23.0093279943396
7.1578373015873,0.897874710252184,0.665814078704051,2.35488871598995,23.0100635023246
7.15793650793651,0.897875051936342,0.665907617149807,2.35376255115857,23.0107989045702
7.15803571428571,0.897875256604255,0.666001119752271,2.35263692517571,23.0115342010562
7.15813492063492,0.897875324460486,0.666094586476504,2.35151183778404,23.012269391762
7.15823412698413,0.897875255709545,0.666188017287566,2.35038728872631,23.0130044766672
7.15833333333333,0.8978750505559,0.666281412150515,2.3492632777454,23.0137394557515
7.15843253968254,0.897874709203967,0.66637477103041,2.34813980458428,23.0144743289944
7.15853174603175,0.897874231858119,0.66646809389231,2.34701686898603,23.0152090963756
7.15863095238095,0.897873618722678,0.66656138070127,2.34589447069386,23.0159437578745
7.15873015873016,0.897872870001921,0.666654631422347,2.34477260945105,23.0166783134707
7.15882936507937,0.897871985900077,0.666747846020598,2.343651285001,23.0174127631438
7.15892857142857,0.897870966621329,0.666841024461076,2.34253049708722,23.0181471068733
7.15902777777778,0.89786981236981,0.666934166708838,2.34141024545332,23.0188813446389
7.15912698412698,0.897868523349609,0.667027272728936,2.34029052984302,23.0196154764199
7.15922619047619,0.897867099764765,0.667120342486424,2.33917135000015,23.020349502196
7.1593253968254,0.89786554181927,0.667213375946356,2.33805270566863,23.0210834219467
7.1594246031746,0.897863849717071,0.667306373073782,2.33693459659251,23.0218172356515
7.15952380952381,0.897862023662066,0.667399333833755,2.33581702251593,23.02255094329
7.15962301587302,0.897860063858106,0.667492258191325,2.33469998318313,23.0232845448416
7.15972222222222,0.897857970508995,0.667585146111542,2.33358347833847,23.0240180402858
7.15982142857143,0.897855743818488,0.667677997559457,2.33246750772641,23.0247514296022
7.15992063492063,0.897853383990296,0.667770812500117,2.33135207109152,23.0254847127703
7.16001984126984,0.897850891228079,0.667863590898572,2.33023716817846,23.0262178897695
7.16011904761905,0.897848265735454,0.667956332719868,2.32912279873203,23.0269509605793
7.16021825396825,0.897845507715987,0.668049037929053,2.32800896249712,23.0276839251793
7.16031746031746,0.897842617373198,0.668141706491173,2.3268956592187,23.0284167835488
7.16041666666667,0.89783959491056,0.668234338371274,2.32578288864187,23.0291495356674
7.16051587301587,0.897836440531499,0.668326933534401,2.32467065051184,23.0298821815145
7.16061507936508,0.897833154439392,0.668419491945598,2.32355894457392,23.0306147210696
7.16071428571429,0.897829736837572,0.66851201356991,2.32244777057353,23.0313471543121
7.16081349206349,0.897826187929322,0.66860449837238,2.32133712825618,23.0320794812215
7.1609126984127,0.897822507917878,0.668696946318049,2.3202270173675,23.0328117017772
7.1610119047619,0.89781869700643,0.668789357371962,2.31911743765322,23.0335438159587
7.16111111111111,0.897814755398119,0.668881731499157,2.3180083888592,23.0342758237454
7.16121031746032,0.89781068329604,0.668974068664677,2.31689987073136,23.0350077251167
7.16130952380952,0.897806480903241,0.669066368833562,2.31579188301576,23.035739520052
7.16140873015873,0.897802148422722,0.66915863197085,2.31468442545857,23.0364712085308
7.16150793650794,0.897797686057435,0.669250858041582,2.31357749780602,23.0372027905324
7.16160714285714,0.897793094010287,0.669343047010794,2.31247109980452,23.0379342660363
7.16170634920635,0.897788372484135,0.669435198843524,2.31136523120053,23.0386656350219
7.16180555555556,0.897783521681791,0.66952731350481,2.31025989174063,23.0393968974685
7.16190476190476,0.897778541806018,0.669619390959687,2.30915508117151,23.0401280533556
7.16200396825397,0.897773433059534,0.669711431173192,2.30805079923995,23.0408591026625
7.16210317460317,0.897768195645007,0.669803434110359,2.30694704569288,23.0415900453686
7.16220238095238,0.897762829765059,0.669895399736223,2.30584382027727,23.0423208814533
7.16230158730159,0.897757335622265,0.669987328015818,2.30474112274026,23.0430516108959
7.16240079365079,0.897751713419153,0.670079218914176,2.30363895282906,23.0437822336759
7.1625,0.897745963358202,0.670171072396331,2.30253731029099,23.0445127497724
7.16259920634921,0.897740085641846,0.670262888427314,2.30143619487347,23.045243159165
7.16269841269841,0.89773408047247,0.670354666972156,2.30033560632406,23.045973461833
7.16279761904762,0.897727948052413,0.670446407995888,2.29923554439038,23.0467036577556
7.16289682539682,0.897721688583966,0.670538111463541,2.29813600882019,23.0474337469122
7.16299603174603,0.897715302269371,0.670629777340144,2.29703699936133,23.0481637292822
7.16309523809524,0.897708789310828,0.670721405590724,2.29593851576178,23.0488936048449
7.16319444444444,0.897702149910483,0.67081299618031,2.29484055776961,23.0496233735796
7.16329365079365,0.897695384270441,0.67090454907393,2.29374312513297,23.0503530354655
7.16339285714286,0.897688492592754,0.670996064236611,2.29264621760014,23.0510825904821
7.16349206349206,0.897681475079432,0.671087541633379,2.29154983491952,23.0518120386085
7.16359126984127,0.897674331932433,0.671178981229259,2.2904539768396,23.0525413798242
7.16369047619048,0.897667063353671,0.671270382989277,2.28935864310896,23.0532706141083
7.16378968253968,0.897659669545012,0.671361746878456,2.28826383347631,23.0539997414402
7.16388888888889,0.897652150708274,0.671453072861821,2.28716954769046,23.0547287617992
7.16398809523809,0.897644507045228,0.671544360904394,2.28607578550033,23.0554576751645
7.1640873015873,0.897636738757598,0.671635610971198,2.28498254665492,23.0561864815153
7.16418650793651,0.897628846047061,0.671726823027255,2.28388983090338,23.0569151808311
7.16428571428571,0.897620829115245,0.671817997037586,2.28279763799493,23.0576437730909
7.16438492063492,0.897612688163734,0.671909132967211,2.28170596767892,23.0583722582741
7.16448412698413,0.897604423394062,0.672000230781152,2.28061481970476,23.0591006363599
7.16458333333333,0.897596035007716,0.672091290444426,2.27952419382204,23.0598289073275
7.16468253968254,0.897587523206137,0.672182311922051,2.27843408978041,23.0605570711562
7.16478174603175,0.897578888190718,0.672273295179048,2.27734450732962,23.0612851278253
7.16488095238095,0.897570130162804,0.672364240180432,2.27625544621955,23.0620130773138
7.16498015873016,0.897561249323693,0.67245514689122,2.27516690620016,23.0627409196011
7.16507936507937,0.897552245874638,0.672546015276429,2.27407888702155,23.0634686546664
7.16517857142857,0.897543120016842,0.672636845301074,2.27299138843389,23.0641962824888
7.16527777777778,0.897533871951462,0.672727636930171,2.27190441018748,23.0649238030476
7.16537698412698,0.897524501879606,0.672818390128732,2.27081795203271,23.065651216322
7.16547619047619,0.897515010002338,0.672909104861773,2.2697320137201,23.0663785222911
7.1655753968254,0.897505396520671,0.672999781094305,2.26864659500025,23.0671057209341
7.1656746031746,0.897495661635574,0.673090418791342,2.26756169562389,23.0678328122303
7.16577380952381,0.897485805547967,0.673181017917895,2.26647731534182,23.0685597961588
7.16587301587302,0.897475828458722,0.673271578438974,2.26539345390499,23.0692866726988
7.16597222222222,0.897465730568666,0.673362100319593,2.26431011106441,23.0700134418293
7.16607142857143,0.897455512078578,0.673452583524757,2.26322728657125,23.0707401035297
7.16617063492064,0.897445173189187,0.673543028019479,2.26214498017674,23.071466657779
7.16626984126984,0.897434714101179,0.673633433768765,2.26106319163225,23.0721931045564
7.16636904761905,0.89742413501519,0.673723800737624,2.25998192068922,23.072919443841
7.16646825396825,0.897413436131809,0.673814128891064,2.25890116709922,23.073645675612
7.16656746031746,0.897402617651579,0.673904418194091,2.25782093061392,23.0743717998485
7.16666666666667,0.897391679774994,0.673994668611711,2.25674121098511,23.0750978165295
7.16676587301587,0.897380622702502,0.674084880108929,2.25566200796466,23.0758237256344
7.16686507936508,0.897369446634503,0.674175052650751,2.25458332130456,23.076549527142
7.16696428571429,0.897358151771351,0.67426518620218,2.25350515075691,23.0772752210317
7.16706349206349,0.89734673831335,0.674355280728221,2.25242749607391,23.0780008072824
7.1671626984127,0.897335206460761,0.674445336193875,2.25135035700786,23.0787262858733
7.1672619047619,0.897323556413793,0.674535352564145,2.25027373331118,23.0794516567834
7.16736111111111,0.897311788372612,0.674625329804034,2.2491976247364,23.0801769199918
7.16746031746032,0.897299902537333,0.674715267878542,2.24812203103611,23.0809020754777
7.16755952380952,0.897287899108026,0.674805166752668,2.24704695196308,23.0816271232201
7.16765873015873,0.897275778284714,0.674895026391413,2.24597238727014,23.0823520631981
7.16775793650794,0.897263540267371,0.674984846759777,2.24489833671023,23.0830768953907
7.16785714285714,0.897251185255924,0.675074627822757,2.24382480003639,23.0838016197769
7.16795634920635,0.897238713450255,0.675164369545351,2.24275177700178,23.084526236336
7.16805555555556,0.897226125050196,0.675254071892557,2.24167926735966,23.0852507450468
7.16815476190476,0.897213420255534,0.675343734829371,2.24060727086341,23.0859751458884
7.16825396825397,0.897200599266006,0.67543335832079,2.23953578726649,23.08669943884
7.16835317460317,0.897187662281304,0.675522942331807,2.23846481632248,23.0874236238804
7.16845238095238,0.897174609501072,0.67561248682742,2.23739435778508,23.0881477009888
7.16855158730159,0.897161441124907,0.67570199177262,2.23632441140806,23.0888716701441
7.16865079365079,0.897148157352359,0.675791457132402,2.23525497694534,23.0895955313254
7.16875,0.897134758382929,0.675880882871759,2.23418605415091,23.0903192845117
7.16884920634921,0.897121244416072,0.675970268955683,2.23311764277888,23.091042929682
7.16894841269841,0.897107615651196,0.676059615349166,2.23204974258346,23.0917664668153
7.16904761904762,0.897093872287662,0.676148922017197,2.23098235331899,23.0924898958905
7.16914682539683,0.897080014524783,0.676238188924768,2.22991547473989,23.0932132168867
7.16924603174603,0.897066042561824,0.676327416036868,2.22884910660069,23.0939364297829
7.16934523809524,0.897051956598005,0.676416603318486,2.22778324865603,23.0946595345579
7.16944444444444,0.897037756832496,0.676505750734611,2.22671790066066,23.0953825311909
7.16954365079365,0.897023443464421,0.67659485825023,2.22565306236944,23.0961054196608
7.16964285714286,0.897009016692858,0.676683925830331,2.22458873353731,23.0968281999464
7.16974206349206,0.896994476716836,0.6767729534399,2.22352491391934,23.0975508720269
7.16984126984127,0.896979823735337,0.676861941043923,2.22246160327071,23.0982734358811
7.16994047619048,0.896965057947296,0.676950888607385,2.22139880134668,23.098995891488
7.17003968253968,0.896950179551601,0.67703979609527,2.22033650790265,23.0997182388265
7.17013888888889,0.896935188747092,0.677128663472564,2.21927472269409,23.1004404778755
7.1702380952381,0.896920085732562,0.677217490704249,2.21821344547661,23.101162608614
7.1703373015873,0.896904870706758,0.677306277755307,2.2171526760059,23.1018846310209
7.17043650793651,0.896889543868378,0.677395024590723,2.21609241403776,23.1026065450752
7.17053571428572,0.896874105416073,0.677483731175475,2.21503265932812,23.1033283507556
7.17063492063492,0.896858555548448,0.677572397474546,2.21397341163299,23.1040500480412
7.17073412698413,0.896842894464059,0.677661023452915,2.2129146707085,23.1047716369109
7.17083333333333,0.896827122361416,0.677749609075562,2.21185643631087,23.1054931173434
7.17093253968254,0.896811239438981,0.677838154307466,2.21079870819645,23.1062144893178
7.17103174603175,0.89679524589517,0.677926659113605,2.20974148612167,23.1069357528129
7.17113095238095,0.896779141928349,0.678015123458957,2.20868476984308,23.1076569078076
7.17123015873016,0.89676292773684,0.6781035473085,2.20762855911733,23.1083779542808
7.17132936507937,0.896746603518915,0.678191930627209,2.2065728537012,23.1090988922112
7.17142857142857,0.896730169472801,0.67828027338006,2.20551765335154,23.1098197215779
7.17152777777778,0.896713625796676,0.678368575532029,2.20446295782532,23.1105404423596
7.17162698412698,0.896696972688672,0.67845683704809,2.20340876687963,23.1112610545352
7.17172619047619,0.896680210346872,0.678545057893216,2.20235508027165,23.1119815580836
7.1718253968254,0.896663338969314,0.678633238032382,2.20130189775867,23.1127019529835
7.1719246031746,0.896646358753988,0.678721377430561,2.20024921909808,23.1134222392139
7.17202380952381,0.896629269898835,0.678809476052723,2.19919704404739,23.1141424167535
7.17212301587302,0.896612072601751,0.67889753386384,2.19814537236422,23.1148624855811
7.17222222222222,0.896594767060583,0.678985550828883,2.19709420380627,23.1155824456757
7.17232142857143,0.896577353473132,0.679073526912822,2.19604353813136,23.116302297016
7.17242063492063,0.896559832037151,0.679161462080626,2.19499337509743,23.1170220395808
7.17251984126984,0.896542202950346,0.679249356297265,2.1939437144625,23.1177416733489
7.17261904761905,0.896524466410377,0.679337209527707,2.19289455598471,23.1184611982991
7.17271825396825,0.896506622614853,0.679425021736919,2.19184589942231,23.1191806144102
7.17281746031746,0.896488671761341,0.679512792889868,2.19079774453365,23.119899921661
7.17291666666667,0.896470614047355,0.679600522951521,2.18975009107718,23.1206191200303
7.17301587301587,0.896452449670367,0.679688211886844,2.18870293881148,23.1213382094969
7.17311507936508,0.896434178827798,0.6797758596608,2.1876562874952,23.1220571900394
7.17321428571428,0.896415801717024,0.679863466238356,2.18661013688713,23.1227760616367
7.17331349206349,0.896397318535371,0.679951031584474,2.18556448674614,23.1234948242676
7.1734126984127,0.896378729480122,0.68003855566412,2.1845193368312,23.1242134779108
7.1735119047619,0.896360034748509,0.680126038442252,2.18347468690145,23.124932022545
7.17361111111111,0.896341234537718,0.680213479883835,2.18243053671606,23.1256504581489
7.17371031746032,0.896322329044888,0.680300879953829,2.18138688603433,23.1263687847014
7.17380952380952,0.896303318467111,0.680388238617196,2.18034373461569,23.1270870021812
7.17390873015873,0.89628420300143,0.680475555838896,2.17930108221965,23.1278051105669
7.17400793650794,0.896264982844843,0.680562831583887,2.17825892860583,23.1285231098373
7.17410714285714,0.896245658194298,0.680650065817128,2.17721727353395,23.1292409999711
7.17420634920635,0.8962262292467,0.680737258503579,2.17617611676386,23.129958780947
7.17430555555556,0.896206696198902,0.680824409608195,2.1751354580555,23.1306764527438
7.17440476190476,0.896187059247713,0.680911519095935,2.17409529716892,23.1313940153401
7.17450396825397,0.896167318589894,0.680998586931754,2.17305563386426,23.1321114687146
7.17460317460317,0.896147474422156,0.681085613080608,2.17201646790179,23.132828812846
7.17470238095238,0.896127526941168,0.681172597507452,2.17097779904187,23.133546047713
7.17480158730159,0.896107476343547,0.68125954017724,2.16993962704498,23.1342631732942
7.17490079365079,0.896087322825864,0.681346441054927,2.16890195167167,23.1349801895684
7.175,0.896067066584645,0.681433300105465,2.16786477268267,23.1356970965142
7.17509920634921,0.896046707816366,0.681520117293806,2.16682808983874,23.1364138941102
7.17519841269841,0.896026246717457,0.681606892584903,2.16579190290078,23.1371305823352
7.17529761904762,0.8960056834843,0.681693625943706,2.16475621162979,23.1378471611677
7.17539682539683,0.895985018313231,0.681780317335167,2.16372101578689,23.1385636305864
7.17549603174603,0.895964251400537,0.681866966724235,2.16268631513328,23.1392799905699
7.17559523809524,0.895943382942458,0.68195357407586,2.16165210943028,23.139996241097
7.17569444444444,0.89592241313519,0.68204013935499,2.16061839843932,23.1407123821461
7.17579365079365,0.895901342174876,0.682126662526573,2.15958518192194,23.1414284136959
7.17589285714286,0.895880170257617,0.682213143555557,2.15855245963976,23.1421443357251
7.17599206349206,0.895858897579464,0.682299582406888,2.15752023135454,23.1428601482123
7.17609126984127,0.895837524336421,0.682385979045513,2.15648849682812,23.143575851136
7.17619047619048,0.895816050724445,0.682472333436378,2.15545725582246,23.1442914444749
7.17628968253968,0.895794476939446,0.682558645544427,2.15442650809963,23.1450069282075
7.17638888888889,0.895772803177285,0.682644915334605,2.15339625342176,23.1457223023125
7.1764880952381,0.89575102963378,0.682731142771855,2.15236649155118,23.1464375667683
7.1765873015873,0.895729156504697,0.682817327821119,2.15133722225024,23.1471527215537
7.17668650793651,0.895707183985757,0.682903470447341,2.15030844528143,23.1478677666472
7.17678571428571,0.895685112272634,0.682989570615463,2.14928016040734,23.1485827020273
7.17688492063492,0.895662941560953,0.683075628290424,2.14825236739067,23.1492975276726
7.17698412698413,0.895640672046294,0.683161643437167,2.14722506599422,23.1500122435617
7.17708333333333,0.895618303924188,0.68324761602063,2.14619825598091,23.1507268496731
7.17718253968254,0.89559583739012,0.683333546005754,2.14517193711375,23.1514413459853
7.17728174603175,0.895573272639526,0.683419433357476,2.14414610915587,23.1521557324769
7.17738095238095,0.895550609867796,0.683505278040735,2.14312077187048,23.1528700091265
7.17748015873016,0.895527849270273,0.683591080020468,2.14209592502093,23.1535841759125
7.17757936507936,0.895504991042252,0.683676839261611,2.14107156837066,23.1542982328135
7.17767857142857,0.895482035378981,0.683762555729101,2.14004770168321,23.155012179808
7.17777777777778,0.89545898247566,0.683848229387874,2.13902432472224,23.1557260168746
7.17787698412698,0.895435832527444,0.683933860202864,2.13800143725148,23.1564397439916
7.17797619047619,0.895412585729438,0.684019448139005,2.13697903903484,23.1571533611377
7.1780753968254,0.895389242276701,0.68410499316123,2.13595712983626,23.1578668682913
7.1781746031746,0.895365802364245,0.684190495234474,2.13493570941983,23.1585802654308
7.17827380952381,0.895342266187034,0.684275954323667,2.13391477754973,23.1592935525349
7.17837301587302,0.895318633939985,0.684361370393742,2.13289433399025,23.160006729582
7.17847222222222,0.895294905817969,0.68444674340963,2.13187437850577,23.1607197965505
7.17857142857143,0.895271082015807,0.684532073336261,2.13085491086081,23.1614327534189
7.17867063492063,0.895247162728275,0.684617360138565,2.12983593081996,23.1621456001657
7.17876984126984,0.895223148150101,0.684702603781471,2.12881743814795,23.1628583367693
7.17886904761905,0.895199038475965,0.684787804229907,2.12779943260959,23.1635709632083
7.17896825396825,0.895174833900502,0.684872961448803,2.1267819139698,23.1642834794609
7.17906746031746,0.895150534618297,0.684958075403084,2.12576488199361,23.1649958855057
7.17916666666667,0.895126140823889,0.685043146057677,2.12474833644617,23.1657081813212
7.17926587301587,0.89510165271177,0.685128173377509,2.12373227709272,23.1664203668857
7.17936507936508,0.895077070476384,0.685213157327506,2.12271670369858,23.1671324421777
7.17946428571429,0.895052394312129,0.68529809787259,2.12170161602925,23.1678444071755
7.17956349206349,0.895027624413354,0.685382994977687,2.12068701385026,23.1685562618577
7.1796626984127,0.895002760974362,0.68546784860772,2.1196728969273,23.1692680062025
7.17976190476191,0.894977804189408,0.685552658727612,2.11865926502612,23.1699796401885
7.17986111111111,0.894952754252701,0.685637425302285,2.11764611791262,23.170691163794
7.17996031746032,0.8949276113584,0.685722148296661,2.11663345535277,23.1714025769974
7.18005952380952,0.89490237570062,0.685806827675661,2.11562127711266,23.1721138797771
7.18015873015873,0.894877047473427,0.685891463404205,2.11460958295849,23.1728250721114
7.18025793650794,0.894851626870839,0.685976055447213,2.11359837265658,23.1735361539788
7.18035714285714,0.894826114086829,0.686060603769603,2.11258764597331,23.1742471253576
7.18045634920635,0.894800509315321,0.686145108336295,2.11157740267522,23.1749579862262
7.18055555555556,0.894774812750191,0.686229569112206,2.11056764252892,23.1756687365629
7.18065476190476,0.894749024585271,0.686313986062253,2.10955836530113,23.1763793763462
7.18075396825397,0.894723145014342,0.686398359151353,2.1085495707587,23.1770899055542
7.18085317460318,0.894697174231139,0.686482688344423,2.10754125866855,23.1778003241655
7.18095238095238,0.894671112429352,0.686566973606376,2.10653342879774,23.1785106321583
7.18105158730159,0.894644959802621,0.686651214902127,2.10552608091343,23.1792208295109
7.18115079365079,0.894618716544539,0.686735412196591,2.10451921478286,23.1799309162017
7.18125,0.894592382848653,0.686819565454682,2.1035128301734,23.1806408922091
7.18134920634921,0.894565958908461,0.686903674641311,2.10250692685252,23.1813507575112
7.18144841269841,0.894539444917416,0.686987739721391,2.10150150458779,23.1820605120865
7.18154761904762,0.894512841068921,0.687071760659834,2.1004965631469,23.1827701559132
7.18164682539683,0.894486147556334,0.68715573742155,2.09949210229763,23.1834796889696
7.18174603174603,0.894459364572966,0.687239669971449,2.09848812180788,23.1841891112341
7.18184523809524,0.894432492312078,0.687323558274442,2.09748462144564,23.1848984226848
7.18194444444444,0.894405530966885,0.687407402295437,2.09648160097903,23.1856076233002
7.18204365079365,0.894378480730557,0.687491201999343,2.09547906017625,23.1863167130585
7.18214285714286,0.894351341796214,0.687574957351067,2.09447699880562,23.1870256919378
7.18224206349206,0.89432411435693,0.687658668315516,2.09347541663557,23.1877345599166
7.18234126984127,0.89429679860573,0.687742334857599,2.09247431343461,23.1884433169731
7.18244047619048,0.894269394735594,0.687825956942218,2.09147368897141,23.1891519630855
7.18253968253968,0.894241902939453,0.687909534534279,2.09047354301468,23.1898604982321
7.18263888888889,0.894214323410193,0.687993067598689,2.08947387533329,23.1905689223911
7.1827380952381,0.894186656340651,0.688076556100349,2.08847468569618,23.1912772355408
7.1828373015873,0.894158901923615,0.688160000004165,2.08747597387242,23.1919854376593
7.18293650793651,0.89413106035183,0.688243399275038,2.08647773963117,23.192693528725
7.18303571428571,0.894103131817991,0.68832675387787,2.0854799827417,23.193401508716
7.18313492063492,0.894075116514744,0.688410063777563,2.08448270297339,23.1941093776106
7.18323412698413,0.894047014634693,0.688493328939018,2.08348590009573,23.194817135387
7.18333333333333,0.894018826370389,0.688576549327134,2.0824895738783,23.1955247820233
7.18343253968254,0.89399055191434,0.688659724906812,2.0814937240908,23.1962323174979
7.18353174603175,0.893962191459005,0.68874285564295,2.08049835050304,23.1969397417888
7.18363095238095,0.893933745196795,0.688825941500447,2.07950345288491,23.1976470548742
7.18373015873016,0.893905213320075,0.6889089824442,2.07850903100644,23.1983542567324
7.18382936507937,0.893876596021161,0.688991978439107,2.07751508463774,23.1990613473416
7.18392857142857,0.893847893492326,0.689074929450062,2.07652161354905,23.1997683266798
7.18402777777778,0.89381910592579,0.689157835441963,2.07552861751069,23.2004751947254
7.18412698412698,0.893790233513729,0.689240696379704,2.07453609629311,23.2011819514563
7.18422619047619,0.893761276448272,0.68932351222818,2.07354404966684,23.2018885968508
7.1843253968254,0.8937322349215,0.689406282952285,2.07255247740254,23.2025951308871
7.1844246031746,0.893703109125446,0.689489008516911,2.07156137927097,23.2033015535433
7.18452380952381,0.893673899252096,0.689571688886953,2.07057075504298,23.2040078647975
7.18462301587302,0.89364460549339,0.6896543240273,2.06958060448954,23.2047140646278
7.18472222222222,0.893615228041219,0.689736913902846,2.06859092738174,23.2054201530125
7.18482142857143,0.893585767087429,0.68981945847848,2.06760172349074,23.2061261299295
7.18492063492063,0.893556222823816,0.689901957719093,2.06661299258784,23.2068319953571
7.18501984126984,0.89352659544213,0.689984411589574,2.06562473444443,23.2075377492734
7.18511904761905,0.893496885134075,0.690066820054812,2.06463694883201,23.2082433916564
7.18521825396825,0.893467092091305,0.690149183079695,2.06364963552218,23.2089489224842
7.18531746031746,0.893437216505429,0.690231500629111,2.06266279428663,23.209654341735
7.18541666666667,0.893407258568008,0.690313772667946,2.06167642489723,23.2103596493869
7.18551587301587,0.893377218470555,0.690395999161087,2.06069052712586,23.2110648454179
7.18561507936508,0.893347096404538,0.69047818007342,2.05970510074456,23.2117699298061
7.18571428571429,0.893316892561375,0.690560315369829,2.05872014552547,23.2124749025296
7.18581349206349,0.893286607132437,0.690642405015199,2.05773566124083,23.2131797635664
7.1859126984127,0.893256240309051,0.690724448974413,2.05675164766298,23.2138845128947
7.18601190476191,0.893225792282492,0.690806447212356,2.05576810456438,23.2145891504924
7.18611111111111,0.893195263243992,0.690888399693909,2.05478503171758,23.2152936763377
7.18621031746032,0.893164653384732,0.690970306383954,2.05380242889525,23.2159980904085
7.18630952380952,0.893133962895849,0.691052167247372,2.05282029587016,23.216702392683
7.18640873015873,0.89310319196843,0.691133982249045,2.0518386324152,23.2174065831391
7.18650793650794,0.893072340793517,0.691215751353852,2.05085743830333,23.2181106617549
7.18660714285714,0.893041409562104,0.691297474526672,2.04987671330765,23.2188146285084
7.18670634920635,0.893010398465136,0.691379151732384,2.04889645720136,23.2195184833777
7.18680555555556,0.892979307693513,0.691460782935868,2.04791666975774,23.2202222263407
7.18690476190476,0.892948137438088,0.691542368101999,2.04693735075023,23.2209258573755
7.18700396825397,0.892916887889664,0.691623907195654,2.04595849995233,23.22162937646
7.18710317460318,0.892885559238999,0.69170540018171,2.04498011713765,23.2223327835723
7.18720238095238,0.892854151676803,0.691786847025042,2.04400220207992,23.2230360786904
7.18730158730159,0.892822665393739,0.691868247690525,2.04302475455298,23.2237392617921
7.18740079365079,0.892791100580422,0.691949602143035,2.04204777433075,23.2244423328556
7.1875,0.892759457427422,0.692030910347443,2.04107126118729,23.2251452918588
7.18759920634921,0.892727736125258,0.692112172268624,2.04009521489674,23.2258481387797
7.18769841269841,0.892695936864405,0.69219338787145,2.03911963523336,23.2265508735962
7.18779761904762,0.892664059835289,0.692274557120792,2.03814452197151,23.2272534962863
7.18789682539682,0.892632105228289,0.692355679981522,2.03716987488565,23.227956006828
7.18799603174603,0.892600073233738,0.692436756418511,2.03619569375037,23.2286584051991
7.18809523809524,0.892567964041919,0.692517786396628,2.03522197834033,23.2293606913777
7.18819444444444,0.892535777843071,0.692598769880742,2.03424872843033,23.2300628653417
7.18829365079365,0.892503514827384,0.692679706835723,2.03327594379525,23.230764927069
7.18839285714286,0.892471175185,0.692760597226438,2.0323036242101,23.2314668765375
7.18849206349206,0.892438759106015,0.692841441017753,2.03133176944998,23.2321687137252
7.18859126984127,0.892406266780477,0.692922238174538,2.03036037929009,23.2328704386099
7.18869047619048,0.892373698398388,0.693002988661656,2.02938945350576,23.2335720511697
7.18878968253968,0.892341054149701,0.693083692443975,2.02841899187241,23.2342735513823
7.18888888888889,0.892308334224323,0.693164349486358,2.02744899416556,23.2349749392258
7.18898809523809,0.892275538812113,0.69324495975367,2.02647946016084,23.2356762146779
7.1890873015873,0.892242668102883,0.693325523210775,2.025510389634,23.2363773777166
7.18918650793651,0.892209722286398,0.693406039822536,2.02454178236089,23.2370784283198
7.18928571428571,0.892176701552375,0.693486509553814,2.02357363811744,23.2377793664653
7.18938492063492,0.892143606090485,0.693566932369472,2.02260595667973,23.238480192131
7.18948412698413,0.89211043609035,0.69364730823437,2.02163873782392,23.2391809052948
7.18958333333333,0.892077191741545,0.69372763711337,2.02067198132627,23.2398815059345
7.18968253968254,0.8920438732336,0.693807918971331,2.01970568696316,23.240581994028
7.18978174603175,0.892010480755996,0.693888153773113,2.01873985451106,23.2412823695532
7.18988095238095,0.891977014498165,0.693968341483572,2.01777448374659,23.2419826324878
7.18998015873016,0.891943474649496,0.694048482067569,2.01680957444643,23.2426827828098
7.19007936507937,0.891909861399327,0.694128575489959,2.01584512638737,23.243382820497
7.19017857142857,0.89187617493695,0.694208621715599,2.01488113934632,23.2440827455271
7.19027777777778,0.89184241545161,0.694288620709347,2.01391761310029,23.2447825578781
7.19037698412698,0.891808583132505,0.694368572436056,2.01295454742641,23.2454822575277
7.19047619047619,0.891774678168784,0.694448476860582,2.0119919421019,23.2461818444537
7.1905753968254,0.891740700749551,0.69452833394778,2.01102979690408,23.246881318634
7.1906746031746,0.891706651063861,0.694608143662501,2.0100681116104,23.2475806800464
7.19077380952381,0.891672529300722,0.6946879059696,2.00910688599839,23.2482799286686
7.19087301587302,0.891638335649097,0.694767620833929,2.0081461198457,23.2489790644785
7.19097222222222,0.891604070297899,0.694847288220339,2.00718581293009,23.2496780874537
7.19107142857143,0.891569733435993,0.694926908093681,2.00622596502942,23.2503769975722
7.19117063492063,0.891535325252201,0.695006480418806,2.00526657592166,23.2510757948117
7.19126984126984,0.891500845935292,0.695086005160564,2.00430764538486,23.2517744791499
7.19136904761905,0.891466295673994,0.695165482283803,2.00334917319723,23.2524730505646
7.19146825396825,0.891431674656983,0.695244911753372,2.00239115913704,23.2531715090336
7.19156746031746,0.891396983072889,0.695324293534118,2.00143360298268,23.2538698545346
7.19166666666667,0.891362221110295,0.695403627590889,2.00047650451264,23.2545680870454
7.19176587301587,0.891327388957738,0.695482913888532,1.99951986350554,23.2552662065436
7.19186507936508,0.891292486803704,0.695562152391893,1.99856367974008,23.2559642130072
7.19196428571429,0.891257514836637,0.695641343065816,1.99760795299507,23.2566621064137
7.19206349206349,0.891222473244929,0.695720485875147,1.99665268304943,23.2573598867409
7.1921626984127,0.891187362216928,0.695799580784729,1.99569786968219,23.2580575539665
7.1922619047619,0.891152181940931,0.695878627759407,1.99474351267249,23.2587551080683
7.19236111111111,0.891116932605193,0.695957626764022,1.99378961179956,23.2594525490239
7.19246031746032,0.891081614397917,0.696036577763417,1.99283616684274,23.260149876811
7.19255952380952,0.891046227507262,0.696115480722434,1.9918831775815,23.2608470914074
7.19265873015873,0.891010772121336,0.696194335605913,1.99093064379538,23.2615441927907
7.19275793650794,0.890975248428204,0.696273142378696,1.98997856526403,23.2622411809386
7.19285714285714,0.890939656615881,0.696351901005621,1.98902694176725,23.2629380558289
7.19295634920635,0.890903996872336,0.696430611451526,1.9880757730849,23.2636348174391
7.19305555555556,0.89086826938549,0.696509273681252,1.98712505899697,23.2643314657469
7.19315476190476,0.890832474343216,0.696587887659635,1.98617479928354,23.2650280007301
7.19325396825397,0.890796611933343,0.696666453351513,1.98522499372479,23.2657244223663
7.19335317460317,0.890760682343648,0.696744970721722,1.98427564210104,23.266420730633
7.19345238095238,0.890724685761864,0.696823439735098,1.98332674419269,23.2671169255081
7.19355158730159,0.890688622375676,0.696901860356476,1.98237829978024,23.267813006969
7.19365079365079,0.890652492372721,0.696980232550691,1.98143030864432,23.2685089749935
7.19375,0.890616295940591,0.697058556282577,1.98048277056564,23.2692048295592
7.19384920634921,0.890580033266827,0.697136831516968,1.97953568532504,23.2699005706437
7.19394841269841,0.890543704538926,0.697215058218695,1.97858905270346,23.2705961982246
7.19404761904762,0.890507309944336,0.697293236352591,1.97764287248193,23.2712917122796
7.19414682539682,0.890470849670459,0.697371365883488,1.9766971444416,23.2719871127862
7.19424603174603,0.890434323904648,0.697449446776217,1.97575186836371,23.2726823997221
7.19434523809524,0.89039773283421,0.697527478995606,1.97480704402965,23.2733775730649
7.19444444444444,0.890361076646405,0.697605462506487,1.97386267122086,23.2740726327921
7.19454365079365,0.890324355528445,0.697683397273687,1.97291874971893,23.2747675788814
7.19464285714286,0.890287569667495,0.697761283262036,1.97197527930553,23.2754624113102
7.19474206349206,0.890250719250672,0.697839120436361,1.97103225976243,23.2761571300563
7.19484126984127,0.890213804465047,0.697916908761489,1.97008969087154,23.2768517350971
7.19494047619048,0.890176825497642,0.697994648202246,1.96914757241484,23.2775462264103
7.19503968253968,0.890139782535434,0.698072338723458,1.96820590417444,23.2782406039734
7.19513888888889,0.890102675765352,0.698149980289951,1.96726468593255,23.278934867764
7.19523809523809,0.890065505374276,0.698227572866549,1.96632391747148,23.2796290177595
7.1953373015873,0.89002827154904,0.698305116418075,1.96538359857364,23.2803230539376
7.19543650793651,0.889990974476432,0.698382610909354,1.96444372902157,23.2810169762758
7.19553571428571,0.889953614343191,0.698460056305207,1.9635043085979,23.2817107847516
7.19563492063492,0.889916191336008,0.698537452570457,1.96256533708535,23.2824044793425
7.19573412698413,0.889878705641529,0.698614799669926,1.96162681426678,23.2830980600262
7.19583333333333,0.889841157446352,0.698692097568432,1.96068873992514,23.28379152678
7.19593253968254,0.889803546937027,0.698769346230798,1.95975111384349,23.2844848795815
7.19603174603175,0.889765874300057,0.698846545621842,1.95881393580498,23.2851781184082
7.19613095238095,0.889728139721898,0.698923695706383,1.95787720559289,23.2858712432376
7.19623015873016,0.889690343388959,0.69900079644924,1.95694092299058,23.2865642540472
7.19632936507937,0.889652485487601,0.699077847815229,1.95600508778154,23.2872571508146
7.19642857142857,0.889614566204138,0.699154849769169,1.95506969974935,23.287949933517
7.19652777777778,0.889576585724836,0.699231802275875,1.95413475867771,23.2886426021322
7.19662698412698,0.889538544235916,0.699308705300162,1.95320026435041,23.2893351566374
7.19672619047619,0.889500441923549,0.699385558806847,1.95226621655136,23.2900275970103
7.1968253968254,0.889462278973861,0.699462362760744,1.95133261506456,23.2907199232282
7.1969246031746,0.889424055572929,0.699539117126666,1.95039945967414,23.2914121352687
7.19702380952381,0.889385771906784,0.699615821869426,1.94946675016431,23.2921042331091
7.19712301587302,0.889347428161409,0.699692476953838,1.94853448631941,23.2927962167269
7.19722222222222,0.889309024522739,0.699769082344713,1.94760266792385,23.2934880860995
7.19732142857143,0.889270561176664,0.699845638006862,1.9466712947622,23.2941798412045
7.19742063492064,0.889232038309024,0.699922143905095,1.9457403666191,23.2948714820191
7.19751984126984,0.889193456105615,0.699998600004224,1.94480988327929,23.2955630085209
7.19761904761905,0.889154814752182,0.700075006269056,1.94387984452764,23.2962544206873
7.19771825396825,0.889116114434426,0.700151362664402,1.9429502501491,23.2969457184956
7.19781746031746,0.889077355337997,0.700227669155069,1.94202109992876,23.2976369019233
7.19791666666667,0.889038537648503,0.700303925705865,1.94109239365178,23.2983279709478
7.19801587301587,0.8889996615515,0.700380132281597,1.94016413110345,23.2990189255465
7.19811507936508,0.888960727232498,0.70045628884707,1.93923631206916,23.2997097656967
7.19821428571429,0.888921734876962,0.700532395367091,1.9383089363344,23.3004004913759
7.19831349206349,0.888882684670306,0.700608451806464,1.93738200368477,23.3010911025614
7.1984126984127,0.8888435767979,0.700684458129994,1.93645551390598,23.3017815992306
7.1985119047619,0.888804411445065,0.700760414302484,1.93552946678384,23.3024719813609
7.19861111111111,0.888765188797076,0.700836320288738,1.93460386210427,23.3031622489297
7.19871031746032,0.888725909039157,0.70091217605356,1.93367869965328,23.3038524019142
7.19880952380952,0.888686572356491,0.700987981561748,1.93275397921703,23.3045424402919
7.19890873015873,0.888647178934209,0.701063736778105,1.93182970058174,23.3052323640401
7.19900793650794,0.888607728957395,0.701139441667432,1.93090586353375,23.3059221731361
7.19910714285714,0.88856822253412,0.701215096227146,1.92998246784947,23.3066118675906
7.19920634920635,0.888528657643384,0.701290701355701,1.92905951303389,23.3073014483313
7.19930555555556,0.888489033364036,0.701366257482279,1.92813699875296,23.3079909158075
7.19940476190476,0.888449349754262,0.701441764620532,1.92721492480333,23.3086802700452
7.19950396825397,0.888409606872269,0.701517222784089,1.92629329098169,23.3093695110706
7.19960317460317,0.888369804776287,0.701592631986557,1.92537209708481,23.3100586389094
7.19970238095238,0.888329943524564,0.701667992241523,1.92445134290954,23.3107476535878
7.19980158730159,0.88829002317537,0.701743303562552,1.92353102825279,23.3114365551315
7.19990079365079,0.888250043786997,0.701818565963187,1.92261115291154,23.3121253435665
7.2,0.888210005417757,0.70189377945695,1.92169171668286,23.3128140189187
7.20009920634921,0.888169908125981,0.701968944057342,1.92077271936386,23.3135025812138
7.20019841269841,0.888129751970023,0.702044059777844,1.91985416075174,23.3141910304778
7.20029761904762,0.888089537008259,0.70211912663191,1.91893604064378,23.3148793667365
7.20039682539683,0.888049263299083,0.702194144632979,1.91801835883732,23.3155675900155
7.20049603174603,0.88800893090091,0.702269113794465,1.91710111512977,23.3162557003407
7.20059523809524,0.887968539872178,0.702344034129762,1.91618430931861,23.3169436977377
7.20069444444444,0.887928090271344,0.702418905652242,1.91526794120139,23.3176315822323
7.20079365079365,0.887887582156886,0.702493728375256,1.91435201057575,23.3183193538502
7.20089285714286,0.887847015587305,0.702568502312132,1.91343651723936,23.3190070126169
7.20099206349206,0.887806390621119,0.702643227476179,1.91252146099001,23.3196945585581
7.20109126984127,0.887765707316871,0.702717903880683,1.91160684162552,23.3203819916995
7.20119047619048,0.887724965733121,0.702792531538909,1.91069265894381,23.3210693120665
7.20128968253968,0.887684165928452,0.7028671104641,1.90977891274286,23.3217565196848
7.20138888888889,0.887643307961468,0.702941640669479,1.90886560282072,23.3224436145798
7.2014880952381,0.887602391890792,0.703016122168246,1.90795272897551,23.323130596777
7.2015873015873,0.887561417775071,0.703090554973581,1.90704029100542,23.323817466302
7.20168650793651,0.887520385672969,0.703164939098642,1.90612828870871,23.3245042231801
7.20178571428572,0.887479295643174,0.703239274556564,1.90521672188373,23.3251908674368
7.20188492063492,0.887438147744393,0.703313561360462,1.90430559032888,23.3258773990976
7.20198412698413,0.887396942035354,0.70338779952343,1.90339489384264,23.3265638181877
7.20208333333333,0.887355678574808,0.703461989058541,1.90248463222356,23.3272501247325
7.20218253968254,0.887314357421522,0.703536129978844,1.90157480527025,23.3279363187573
7.20228174603175,0.88727297863429,0.70361022229737,1.90066541278141,23.3286224002875
7.20238095238095,0.887231542271922,0.703684266027126,1.8997564545558,23.3293083693483
7.20248015873016,0.88719004839325,0.703758261181098,1.89884793039225,23.3299942259649
7.20257936507937,0.887148497057129,0.703832207772251,1.89793984008966,23.3306799701627
7.20267857142857,0.887106888322432,0.703906105813529,1.89703218344701,23.3313656019667
7.20277777777778,0.887065222248055,0.703979955317855,1.89612496026334,23.3320511214022
7.20287698412698,0.887023498892912,0.704053756298127,1.89521817033778,23.3327365284943
7.20297619047619,0.886981718315942,0.704127508767227,1.89431181346951,23.3334218232681
7.2030753968254,0.886939880576101,0.704201212738012,1.89340588945779,23.3341070057488
7.2031746031746,0.886897985732366,0.704274868223319,1.89250039810194,23.3347920759614
7.20327380952381,0.88685603384374,0.70434847523596,1.89159533920138,23.3354770339309
7.20337301587302,0.88681402496924,0.704422033788732,1.89069071255558,23.3361618796825
7.20347222222222,0.886771959167908,0.704495543894405,1.88978651796407,23.336846613241
7.20357142857143,0.886729836498805,0.704569005565731,1.88888275522647,23.3375312346315
7.20367063492063,0.886687657021014,0.704642418815438,1.88797942414247,23.3382157438789
7.20376984126984,0.886645420793638,0.704715783656235,1.88707652451183,23.3389001410081
7.20386904761905,0.886603127875801,0.704789100100808,1.88617405613437,23.3395844260441
7.20396825396825,0.886560778326648,0.704862368161822,1.88527201880999,23.3402685990117
7.20406746031746,0.886518372205345,0.70493558785192,1.88437041233866,23.3409526599358
7.20416666666667,0.886475909571079,0.705008759183725,1.88346923652042,23.3416366088411
7.20426587301587,0.886433390483056,0.705081882169837,1.88256849115539,23.3423204457526
7.20436507936508,0.886390815000506,0.705154956822836,1.88166817604374,23.3430041706949
7.20446428571428,0.886348183182677,0.705227983155279,1.88076829098573,23.3436877836929
7.20456349206349,0.88630549508884,0.705300961179703,1.87986883578169,23.3443712847712
7.2046626984127,0.886262750778284,0.705373890908624,1.878969810232,23.3450546739546
7.2047619047619,0.886219950310322,0.705446772354533,1.87807121413716,23.3457379512677
7.20486111111111,0.886177093744286,0.705519605529904,1.87717304729768,23.3464211167351
7.20496031746032,0.88613418113953,0.705592390447186,1.87627530951418,23.3471041703816
7.20505952380952,0.886091212555427,0.705665127118811,1.87537800058733,23.3477871122317
7.20515873015873,0.886048188051372,0.705737815557184,1.8744811203179,23.34846994231
7.20525793650794,0.886005107686781,0.705810455774694,1.8735846685067,23.3491526606411
7.20535714285714,0.885961971521091,0.705883047783704,1.87268864495463,23.3498352672494
7.20545634920635,0.885918779613758,0.705955591596558,1.87179304946265,23.3505177621594
7.20555555555556,0.885875532024262,0.706028087225579,1.87089788183179,23.3512001453958
7.20565476190476,0.885832228812101,0.706100534683066,1.87000314186317,23.3518824169828
7.20575396825397,0.885788870036796,0.706172933981301,1.86910882935797,23.352564576945
7.20585317460317,0.885745455757885,0.706245285132539,1.86821494411742,23.3532466253067
7.20595238095238,0.885701986034933,0.706317588149018,1.86732148594286,23.3539285620923
7.20605158730159,0.88565846092752,0.706389843042953,1.86642845463566,23.3546103873262
7.20615079365079,0.885614880495249,0.706462049826538,1.8655358499973,23.3552921010327
7.20625,0.885571244797746,0.706534208511944,1.86464367182931,23.3559737032361
7.20634920634921,0.885527553894655,0.706606319111321,1.8637519199333,23.3566551939607
7.20644841269841,0.885483807845641,0.7066783816368,1.86286059411093,23.3573365732307
7.20654761904762,0.885440006710391,0.706750396100489,1.86196969416396,23.3580178410703
7.20664682539683,0.885396150548612,0.706822362514473,1.86107921989421,23.3586989975039
7.20674603174603,0.885352239420033,0.706894280890817,1.86018917110355,23.3593800425554
7.20684523809524,0.885308273384402,0.706966151241566,1.85929954759396,23.3600609762492
7.20694444444444,0.88526425250149,0.707037973578742,1.85841034916746,23.3607417986093
7.20704365079365,0.885220176831086,0.707109747914344,1.85752157562615,23.3614225096599
7.20714285714286,0.885176046433003,0.707181474260353,1.85663322677221,23.362103109425
7.20724206349206,0.885131861367073,0.707253152628726,1.85574530240789,23.3627835979286
7.20734126984127,0.885087621693148,0.7073247830314,1.85485780233549,23.3634639751948
7.20744047619048,0.885043327471103,0.70739636548029,1.8539707263574,23.3641442412477
7.20753968253968,0.884998978760833,0.707467899987289,1.85308407427608,23.3648243961111
7.20763888888889,0.884954575622253,0.707539386564271,1.85219784589405,23.3655044398091
7.2077380952381,0.8849101181153,0.707610825223084,1.85131204101393,23.3661843723655
7.2078373015873,0.88486560629993,0.707682215975558,1.85042665943838,23.3668641938044
7.20793650793651,0.884821040236124,0.707753558833502,1.84954170097013,23.3675439041494
7.20803571428571,0.884776419983877,0.707824853808702,1.84865716541201,23.3682235034246
7.20813492063492,0.884731745603212,0.707896100912922,1.8477730525669,23.3689029916538
7.20823412698413,0.884687017154168,0.707967300157907,1.84688936223775,23.3695823688607
7.20833333333333,0.884642234696807,0.708038451555379,1.84600609422758,23.3702616350691
7.20843253968254,0.884597398291212,0.708109555117038,1.8451232483395,23.3709407903028
7.20853174603175,0.884552507997484,0.708180610854564,1.84424082437667,23.3716198345855
7.20863095238095,0.884507563875748,0.708251618779614,1.84335882214233,23.372298767941
7.20873015873016,0.88446256598615,0.708322578903825,1.84247724143979,23.3729775903929
7.20882936507936,0.884417514388853,0.708393491238812,1.84159608207243,23.3736563019648
7.20892857142857,0.884372409144046,0.708464355796169,1.84071534384371,23.3743349026805
7.20902777777778,0.884327250311934,0.708535172587468,1.83983502655714,23.3750133925634
7.20912698412698,0.884282037952746,0.70860594162426,1.83895513001632,23.3756917716372
7.20922619047619,0.884236772126732,0.708676662918074,1.83807565402492,23.3763700399255
7.2093253968254,0.88419145289416,0.708747336480416,1.83719659838668,23.3770481974518
7.2094246031746,0.884146080315321,0.708817962322776,1.8363179629054,23.3777262442395
7.20952380952381,0.884100654450528,0.708888540456616,1.83543974738496,23.3784041803122
7.20962301587302,0.884055175360111,0.708959070893381,1.83456195162931,23.3790820056933
7.20972222222222,0.884009643104423,0.709029553644494,1.83368457544247,23.3797597204063
7.20982142857143,0.88396405774384,0.709099988721354,1.83280761862854,23.3804373244746
7.20992063492063,0.883918419338755,0.709170376135341,1.83193108099167,23.3811148179215
7.21001984126984,0.883872727949584,0.709240715897813,1.8310549623361,23.3817922007704
7.21011904761905,0.883826983636763,0.709311008020107,1.83017926246613,23.3824694730446
7.21021825396825,0.883781186460749,0.709381252513537,1.82930398118614,23.3831466347675
7.21031746031746,0.883735336482021,0.709451449389397,1.82842911830058,23.3838236859623
7.21041666666667,0.883689433761078,0.70952159865896,1.82755467361397,23.3845006266523
7.21051587301587,0.883643478358438,0.709591700333476,1.82668064693089,23.3851774568608
7.21061507936508,0.883597470334642,0.709661754424175,1.825807038056,23.3858541766109
7.21071428571429,0.883551409750252,0.709731760942263,1.82493384679405,23.3865307859257
7.21081349206349,0.883505296665851,0.709801719898928,1.82406107294982,23.3872072848286
7.2109126984127,0.88345913114204,0.709871631305335,1.8231887163282,23.3878836733426
7.21101190476191,0.883412913239444,0.709941495172628,1.82231677673413,23.3885599514908
7.21111111111111,0.883366643018707,0.710011311511928,1.82144525397262,23.3892361192963
7.21121031746032,0.883320320540495,0.710081080334336,1.82057414784876,23.3899121767822
7.21130952380952,0.883273945865494,0.710150801650932,1.81970345816771,23.3905881239714
7.21140873015873,0.883227519054412,0.710220475472774,1.8188331847347,23.3912639608871
7.21150793650794,0.883181040167975,0.710290101810898,1.81796332735503,23.3919396875522
7.21160714285714,0.883134509266933,0.710359680676319,1.81709388583406,23.3926153039896
7.21170634920635,0.883087926412056,0.710429212080031,1.81622485997725,23.3932908102223
7.21180555555556,0.883041291664134,0.710498696033006,1.8153562495901,23.3939662062732
7.21190476190476,0.882994605083979,0.710568132546195,1.81448805447819,23.3946414921652
7.21200396825397,0.882947866732421,0.710637521630527,1.8136202744472,23.3953166679211
7.21210317460318,0.882901076670314,0.710706863296911,1.81275290930282,23.3959917335639
7.21220238095238,0.882854234958533,0.710776157556231,1.81188595885087,23.3966666891162
7.21230158730159,0.882807341657972,0.710845404419355,1.81101942289723,23.3973415346009
7.21240079365079,0.882760396829545,0.710914603897124,1.81015330124782,23.3980162700407
7.2125,0.88271340053419,0.710983756000362,1.80928759370866,23.3986908954584
7.21259920634921,0.882666352832863,0.711052860739869,1.80842230008582,23.3993654108767
7.21269841269841,0.882619253786543,0.711121918126424,1.80755742018547,23.4000398163182
7.21279761904762,0.882572103456227,0.711190928170786,1.80669295381382,23.4007141118057
7.21289682539683,0.882524901902936,0.711259890883691,1.80582890077717,23.4013882973618
7.21299603174603,0.882477649187709,0.711328806275854,1.80496526088189,23.402062373009
7.21309523809524,0.882430345371609,0.711397674357969,1.80410203393441,23.40273633877
7.21319444444444,0.882382990515717,0.711466495140707,1.80323921974124,23.4034101946674
7.21329365079365,0.882335584681136,0.71153526863472,1.80237681810896,23.4040839407236
7.21339285714286,0.88228812792899,0.711603994850638,1.80151482884423,23.4047575769612
7.21349206349206,0.882240620320423,0.711672673799067,1.80065325175375,23.4054311034026
7.21359126984127,0.8821930619166,0.711741305490596,1.79979208664432,23.4061045200704
7.21369047619048,0.882145452778708,0.711809889935787,1.79893133332282,23.406777826987
7.21378968253968,0.882097792967954,0.711878427145186,1.79807099159617,23.4074510241747
7.21388888888889,0.882050082545566,0.711946917129314,1.79721106127138,23.408124111656
7.2139880952381,0.882002321572792,0.712015359898672,1.79635154215552,23.4087970894532
7.2140873015873,0.881954510110902,0.71208375546374,1.79549243405575,23.4094699575887
7.21418650793651,0.881906648221186,0.712152103834975,1.79463373677928,23.4101427160847
7.21428571428571,0.881858735964956,0.712220405022814,1.7937754501334,23.4108153649637
7.21438492063492,0.881810773403542,0.712288659037673,1.79291757392547,23.4114879042478
7.21448412698413,0.881762760598299,0.712356865889944,1.79206010796293,23.4121603339592
7.21458333333333,0.8817146976106,0.71242502559,1.79120305205328,23.4128326541202
7.21468253968254,0.881666584501839,0.712493138148192,1.79034640600408,23.413504864753
7.21478174603175,0.881618421333431,0.712561203574849,1.789490169623,23.4141769658797
7.21488095238095,0.881570208166813,0.71262922188028,1.78863434271774,23.4148489575225
7.21498015873016,0.881521945063442,0.71269719307477,1.78777892509609,23.4155208397035
7.21507936507937,0.881473632084795,0.712765117168585,1.7869239165659,23.4161926124448
7.21517857142857,0.881425269292371,0.712832994171968,1.78606931693512,23.4168642757684
7.21527777777778,0.88137685674769,0.712900824095142,1.78521512601174,23.4175358296964
7.21537698412698,0.881328394512291,0.712968606948307,1.78436134360383,23.4182072742508
7.21547619047619,0.881279882647737,0.713036342741643,1.78350796951953,23.4188786094536
7.2155753968254,0.881231321215608,0.713104031485307,1.78265500356706,23.4195498353267
7.2156746031746,0.881182710277508,0.713171673189437,1.78180244555471,23.4202209518921
7.21577380952381,0.88113404989506,0.713239267864147,1.78095029529082,23.4208919591717
7.21587301587302,0.881085340129908,0.713306815519531,1.78009855258383,23.4215628571875
7.21597222222222,0.881036581043719,0.713374316165662,1.77924721724224,23.4222336459611
7.21607142857143,0.880987772698177,0.71344176981259,1.7783962890746,23.4229043255146
7.21617063492063,0.88093891515499,0.713509176470344,1.77754576788957,23.4235748958697
7.21626984126984,0.880890008475886,0.713576536148932,1.77669565349586,23.4242453570482
7.21636904761905,0.880841052722613,0.713643848858342,1.77584594570224,23.4249157090719
7.21646825396825,0.880792047956941,0.713711114608537,1.77499664431757,23.4255859519624
7.21656746031746,0.880742994240658,0.713778333409464,1.77414774915077,23.4262560857416
7.21666666666667,0.880693891635578,0.713845505271041,1.77329926001085,23.4269261104312
7.21676587301587,0.880644740203532,0.713912630203171,1.77245117670686,23.4275960260527
7.21686507936508,0.880595540006372,0.713979708215734,1.77160349904795,23.4282658326278
7.21696428571429,0.880546291105972,0.714046739318586,1.77075622684332,23.4289355301782
7.21706349206349,0.880496993564226,0.714113723521565,1.76990935990226,23.4296051187254
7.2171626984127,0.88044764744305,0.714180660834487,1.76906289803411,23.430274598291
7.21726190476191,0.88039825280438,0.714247551267143,1.7682168410483,23.4309439688966
7.21736111111111,0.880348809710171,0.714314394829308,1.76737118875431,23.4316132305636
7.21746031746032,0.880299318222403,0.714381191530731,1.76652594096172,23.4322823833135
7.21755952380952,0.880249778403074,0.714447941381142,1.76568109748016,23.4329514271679
7.21765873015873,0.880200190314202,0.714514644390248,1.76483665811934,23.4336203621481
7.21775793650794,0.880150554017829,0.714581300567738,1.76399262268902,23.4342891882756
7.21785714285714,0.880100869576014,0.714647909923275,1.76314899099907,23.4349579055718
7.21795634920635,0.880051137050841,0.714714472466503,1.76230576285939,23.435626514058
7.21805555555556,0.88000135650441,0.714780988207046,1.76146293807998,23.4362950137557
7.21815476190476,0.879951527998847,0.714847457154503,1.76062051647091,23.4369634046859
7.21825396825397,0.879901651596296,0.714913879318453,1.7597784978423,23.4376316868702
7.21835317460318,0.87985172735892,0.714980254708455,1.75893688200436,23.4382998603298
7.21845238095238,0.879801755348908,0.715046583334045,1.75809566876737,23.4389679250858
7.21855158730159,0.879751735628465,0.715112865204739,1.75725485794167,23.4396358811596
7.21865079365079,0.879701668259818,0.71517910033003,1.75641444933767,23.4403037285722
7.21875,0.879651553305217,0.71524528871939,1.75557444276586,23.440971467345
7.21884920634921,0.879601390826931,0.715311430382271,1.75473483803681,23.4416390974989
7.21894841269841,0.87955118088725,0.715377525328102,1.75389563496114,23.4423066190553
7.21904761904762,0.879500923548484,0.71544357356629,1.75305683334956,23.442974032035
7.21914682539682,0.879450618872966,0.715509575106222,1.75221843301283,23.4436413364593
7.21924603174603,0.879400266923048,0.715575529957264,1.7513804337618,23.4443085323491
7.21934523809524,0.879349867761103,0.715641438128759,1.75054283540739,23.4449756197254
7.21944444444444,0.879299421449526,0.715707299630029,1.74970563776058,23.4456425986093
7.21954365079365,0.879248928050732,0.715773114470376,1.74886884063241,23.4463094690218
7.21964285714286,0.879198387627157,0.715838882659078,1.74803244383404,23.4469762309837
7.21974206349206,0.879147800241257,0.715904604205394,1.74719644717665,23.4476428845161
7.21984126984127,0.879097165955511,0.71597027911856,1.74636085047152,23.4483094296397
7.21994047619048,0.879046484832416,0.716035907407791,1.74552565352997,23.4489758663755
7.22003968253968,0.878995756934492,0.716101489082281,1.74469085616344,23.4496421947442
7.22013888888889,0.878944982324278,0.716167024151203,1.74385645818339,23.4503084147669
7.22023809523809,0.878894161064337,0.716232512623706,1.74302245940138,23.4509745264641
7.2203373015873,0.878843293217249,0.716297954508922,1.74218885962904,23.4516405298567
7.22043650793651,0.878792378845617,0.716363349815957,1.74135565867807,23.4523064249654
7.22053571428571,0.878741418012064,0.716428698553898,1.74052285636022,23.452972211811
7.22063492063492,0.878690410779235,0.71649400073181,1.73969045248735,23.4536378904142
7.22073412698413,0.878639357209794,0.716559256358737,1.73885844687135,23.4543034607955
7.22083333333333,0.878588257366428,0.716624465443702,1.73802683932421,23.4549689229758
7.22093253968254,0.878537111311843,0.716689627995705,1.73719562965798,23.4556342769755
7.22103174603175,0.878485919108766,0.716754744023727,1.73636481768478,23.4562995228153
7.22113095238095,0.878434680819947,0.716819813536723,1.73553440321681,23.4569646605158
7.22123015873016,0.878383396508154,0.716884836543631,1.73470438606633,23.4576296900974
7.22132936507937,0.878332066236178,0.716949813053367,1.73387476604568,23.4582946115808
7.22142857142857,0.878280690066828,0.717014743074824,1.73304554296727,23.4589594249864
7.22152777777778,0.878229268062937,0.717079626616875,1.73221671664356,23.4596241303347
7.22162698412698,0.878177800287357,0.717144463688369,1.73138828688712,23.4602887276462
7.22172619047619,0.878126286802962,0.717209254298137,1.73056025351056,23.4609532169411
7.2218253968254,0.878074727672646,0.717273998454987,1.72973261632657,23.4616175982401
7.2219246031746,0.878023122959323,0.717338696167706,1.72890537514791,23.4622818715634
7.22202380952381,0.87797147272593,0.717403347445058,1.72807852978742,23.4629460369313
7.22212301587302,0.877919777035423,0.717467952295787,1.72725208005801,23.4636100943642
7.22222222222222,0.87786803595078,0.717532510728615,1.72642602577264,23.4642740438825
7.22232142857143,0.877816249534998,0.717597022752244,1.72560036674436,23.4649378855063
7.22242063492063,0.877764417851098,0.717661488375353,1.7247751027863,23.4656016192559
7.22251984126984,0.877712540962118,0.7177259076066,1.72395023371162,23.4662652451516
7.22261904761905,0.87766061893112,0.717790280454621,1.72312575933362,23.4669287632135
7.22271825396825,0.877608651821186,0.717854606928032,1.7223016794656,23.4675921734617
7.22281746031746,0.877556639695418,0.717918887035426,1.72147799392098,23.4682554759166
7.22291666666667,0.877504582616939,0.717983120785375,1.72065470251322,23.4689186705981
7.22301587301587,0.877452480648893,0.718047308186431,1.71983180505587,23.4695817575264
7.22311507936508,0.877400333854445,0.718111449247124,1.71900930136254,23.4702447367216
7.22321428571429,0.877348142296781,0.71817554397596,1.71818719124692,23.4709076082037
7.22331349206349,0.877295906039107,0.718239592381427,1.71736547452277,23.4715703719926
7.2234126984127,0.877243625144652,0.718303594471989,1.71654415100392,23.4722330281086
7.2235119047619,0.877191299676662,0.718367550256091,1.71572322050426,23.4728955765714
7.22361111111111,0.877138929698408,0.718431459742155,1.71490268283776,23.473558017401
7.22371031746032,0.877086515273179,0.718495322938582,1.71408253781848,23.4742203506174
7.22380952380952,0.877034056464285,0.718559139853751,1.71326278526051,23.4748825762405
7.22390873015873,0.87698155333506,0.718622910496021,1.71244342497804,23.4755446942901
7.22400793650794,0.876929005948853,0.718686634873728,1.71162445678531,23.4762067047861
7.22410714285714,0.87687641436904,0.718750312995186,1.71080588049669,23.4768686077484
7.22420634920635,0.876823778659014,0.71881394486869,1.70998769592654,23.4775304031966
7.22430555555556,0.87677109888219,0.718877530502512,1.70916990288933,23.4781920911507
7.22440476190476,0.876718375102003,0.718941069904903,1.70835250119962,23.4788536716302
7.22450396825397,0.876665607381911,0.719004563084093,1.707535490672,23.4795151446551
7.22460317460317,0.87661279578539,0.719068010048289,1.70671887112115,23.4801765102449
7.22470238095238,0.876559940375939,0.719131410805679,1.70590264236184,23.4808377684193
7.22480158730159,0.876507041217077,0.719194765364426,1.70508680420888,23.4814989191981
7.22490079365079,0.876454098372344,0.719258073732676,1.70427135647716,23.4821599626008
7.225,0.876401111905299,0.71932133591855,1.70345629898166,23.4828208986469
7.22509920634921,0.876348081879526,0.71938455193015,1.7026416315374,23.4834817273562
7.22519841269841,0.876295008358625,0.719447721775554,1.7018273539595,23.4841424487481
7.22529761904762,0.876241891406221,0.719510845462822,1.70101346606314,23.4848030628422
7.22539682539682,0.876188731085957,0.719573922999988,1.70019996766355,23.485463569658
7.22549603174603,0.876135527461498,0.719636954395071,1.69938685857606,23.4861239692149
7.22559523809524,0.87608228059653,0.71969993965606,1.69857413861608,23.4867842615324
7.22569444444444,0.876028990554759,0.719762878790931,1.69776180759906,23.4874444466299
7.22579365079365,0.875975657399913,0.719825771807634,1.69694986534053,23.4881045245269
7.22589285714286,0.875922281195739,0.719888618714097,1.6961383116561,23.4887644952426
7.22599206349206,0.875868862006007,0.71995141951823,1.69532714636144,23.4894243587965
7.22609126984127,0.875815399894506,0.720014174227919,1.6945163692723,23.4900841152079
7.22619047619048,0.875761894925048,0.720076882851028,1.6937059802045,23.4907437644961
7.22628968253968,0.875708347161463,0.720139545395403,1.69289597897393,23.4914033066803
7.22638888888889,0.875654756667604,0.720202161868865,1.69208636539654,23.4920627417799
7.22648809523809,0.875601123507343,0.720264732279215,1.69127713928838,23.492722069814
7.2265873015873,0.875547447744576,0.720327256634232,1.69046830046554,23.4933812908018
7.22668650793651,0.875493729443216,0.720389734941675,1.68965984874419,23.4940404047626
7.22678571428571,0.875439968667199,0.720452167209281,1.68885178394058,23.4946994117154
7.22688492063492,0.875386165480482,0.720514553444764,1.68804410587103,23.4953583116794
7.22698412698413,0.875332319947041,0.720576893655819,1.68723681435191,23.4960171046738
7.22708333333333,0.875278432130876,0.720639187850117,1.6864299091997,23.4966757907175
7.22718253968254,0.875224502096005,0.720701436035309,1.68562339023092,23.4973343698297
7.22728174603175,0.875170529906467,0.720763638219026,1.68481725726217,23.4979928420293
7.22738095238095,0.875116515626324,0.720825794408875,1.68401151011011,23.4986512073353
7.22748015873016,0.875062459319656,0.720887904612442,1.6832061485915,23.4993094657669
7.22757936507937,0.875008361050566,0.720949968837294,1.68240117252315,23.4999676173428
7.22767857142857,0.874954220883177,0.721011987090973,1.68159658172193,23.5006256620821
7.22777777777778,0.874900038881632,0.721073959381002,1.6807923760048,23.5012836000035
7.22787698412698,0.874845815110097,0.721135885714883,1.6799885551888,23.5019414311261
7.22797619047619,0.874791549632757,0.721197766100094,1.67918511909101,23.5025991554687
7.2280753968254,0.874737242513819,0.721259600544094,1.67838206752861,23.50325677305
7.2281746031746,0.874682893817509,0.721321389054319,1.67757940031884,23.503914283889
7.22827380952381,0.874628503608075,0.721383131638185,1.676777117279,23.5045716880043
7.22837301587302,0.874574071949788,0.721444828303085,1.67597521822648,23.5052289854148
7.22847222222222,0.874519598906934,0.721506479056392,1.67517370297872,23.5058861761391
7.22857142857143,0.874465084543827,0.721568083905456,1.67437257135326,23.506543260196
7.22867063492064,0.874410528924797,0.721629642857608,1.67357182316769,23.5072002376041
7.22876984126984,0.874355932114196,0.721691155920155,1.67277145823968,23.5078571083822
7.22886904761905,0.874301294176398,0.721752623100383,1.67197147638696,23.5085138725487
7.22896825396825,0.874246615175795,0.721814044405559,1.67117187742734,23.5091705301224
7.22906746031746,0.874191895176803,0.721875419842926,1.6703726611787,23.5098270811218
7.22916666666667,0.874137134243858,0.721936749419706,1.66957382745898,23.5104835255655
7.22926587301587,0.874082332441415,0.7219980331431,1.66877537608622,23.511139863472
7.22936507936508,0.874027489833951,0.722059271020288,1.6679773068785,23.5117960948598
7.22946428571429,0.873972606485965,0.722120463058428,1.66717961965399,23.5124522197474
7.22956349206349,0.873917682461976,0.722181609264656,1.66638231423091,23.5131082381533
7.2296626984127,0.873862717826523,0.722242709646088,1.66558539042758,23.5137641500958
7.2297619047619,0.873807712644166,0.722303764209818,1.66478884806238,23.5144199555934
7.22986111111111,0.873752666979487,0.722364772962918,1.66399268695374,23.5150756546644
7.22996031746032,0.873697580897087,0.722425735912439,1.66319690692019,23.5157312473273
7.23005952380952,0.873642454461591,0.72248665306541,1.66240150778032,23.5163867336003
7.23015873015873,0.873587287737642,0.72254752442884,1.66160648935279,23.5170421135018
7.23025793650794,0.873532080789903,0.722608350009714,1.66081185145634,23.51769738705
7.23035714285714,0.873476833683062,0.722669129814999,1.66001759390975,23.5183525542633
7.23045634920635,0.873421546481824,0.722729863851639,1.65922371653192,23.5190076151597
7.23055555555556,0.873366219250915,0.722790552126555,1.65843021914178,23.5196625697576
7.23065476190476,0.873310852055085,0.722851194646649,1.65763710155835,23.5203174180751
7.23075396825397,0.873255444959101,0.7229117914188,1.65684436360072,23.5209721601304
7.23085317460317,0.873199998027754,0.722972342449866,1.65605200508804,23.5216267959416
7.23095238095238,0.873144511325853,0.723032847746684,1.65526002583955,23.5222813255267
7.23105158730159,0.873088984918231,0.723093307316069,1.65446842567454,23.522935748904
7.23115079365079,0.873033418869738,0.723153721164815,1.65367720441239,23.5235900660915
7.23125,0.872977813245249,0.723214089299695,1.65288636187254,23.5242442771071
7.23134920634921,0.872922168109656,0.723274411727459,1.6520958978745,23.524898381969
7.23144841269841,0.872866483527874,0.723334688454838,1.65130581223785,23.525552380695
7.23154761904762,0.872810759564839,0.723394919488538,1.65051610478227,23.5262062733031
7.23164682539683,0.872754996285506,0.723455104835246,1.64972677532746,23.5268600598114
7.23174603174603,0.872699193754854,0.723515244501629,1.64893782369323,23.5275137402376
7.23184523809524,0.872643352037879,0.723575338494329,1.64814924969945,23.5281673145996
7.23194444444444,0.872587471199601,0.72363538681997,1.64736105316606,23.5288207829154
7.23204365079365,0.872531551305059,0.723695389485151,1.64657323391307,23.5294741452028
7.23214285714286,0.872475592419313,0.723755346496454,1.64578579176055,23.5301274014795
7.23224206349206,0.872419594607444,0.723815257860435,1.64499872652868,23.5307805517633
7.23234126984127,0.872363557934555,0.723875123583632,1.64421203803766,23.5314335960721
7.23244047619048,0.872307482465769,0.72393494367256,1.64342572610779,23.5320865344235
7.23253968253968,0.872251368266228,0.723994718133712,1.64263979055944,23.5327393668352
7.23263888888889,0.872195215401098,0.724054446973561,1.64185423121306,23.533392093325
7.2327380952381,0.872139023935564,0.724114130198559,1.64106904788914,23.5340447139105
7.2328373015873,0.872082793934832,0.724173767815134,1.64028424040826,23.5346972286093
7.23293650793651,0.872026525464128,0.724233359829695,1.63949980859107,23.5353496374391
7.23303571428572,0.871970218588701,0.724292906248628,1.63871575225832,23.5360019404173
7.23313492063492,0.87191387337382,0.724352407078299,1.63793207123077,23.5366541375617
7.23323412698413,0.871857489884774,0.724411862325051,1.6371487653293,23.5373062288897
7.23333333333333,0.871801068186874,0.724471271995207,1.63636583437484,23.5379582144188
7.23343253968254,0.871744608345449,0.724530636095069,1.6355832781884,23.5386100941665
7.23353174603175,0.871688110425853,0.724589954630914,1.63480109659105,23.5392618681503
7.23363095238095,0.871631574493458,0.724649227609002,1.63401928940394,23.5399135363876
7.23373015873016,0.871575000613658,0.72470845503557,1.6332378564483,23.5405650988959
7.23382936507937,0.871518388851867,0.724767636916832,1.63245679754541,23.5412165556924
7.23392857142857,0.87146173927352,0.724826773258983,1.63167611251663,23.5418679067946
7.23402777777778,0.871405051944074,0.724885864068194,1.63089580118339,23.5425191522198
7.23412698412698,0.871348326929005,0.724944909350618,1.63011586336721,23.5431702919854
7.23422619047619,0.871291564293812,0.725003909112382,1.62933629888965,23.5438213261085
7.2343253968254,0.871234764104012,0.725062863359597,1.62855710757236,23.5444722546065
7.2344246031746,0.871177926425145,0.725121772098348,1.62777828923705,23.5451230774966
7.23452380952381,0.871121051322773,0.725180635334701,1.62699984370552,23.545773794796
7.23462301587302,0.871064138862474,0.725239453074699,1.62622177079963,23.5464244065219
7.23472222222222,0.871007189109853,0.725298225324364,1.6254440703413,23.5470749126915
7.23482142857143,0.87095020213053,0.725356952089699,1.62466674215253,23.5477253133219
7.23492063492063,0.870893177990151,0.725415633376682,1.6238897860554,23.5483756084302
7.23501984126984,0.870836116754378,0.725474269191271,1.62311320187205,23.5490257980334
7.23511904761905,0.870779018488898,0.725532859539404,1.6223369894247,23.5496758821488
7.23521825396825,0.870721883259417,0.725591404426996,1.62156114853562,23.5503258607932
7.23531746031746,0.87066471113166,0.72564990385994,1.62078567902718,23.5509757339837
7.23541666666667,0.870607502171377,0.725708357844109,1.62001058072181,23.5516255017374
7.23551587301587,0.870550256444335,0.725766766385354,1.61923585344199,23.5522751640711
7.23561507936508,0.870492974016325,0.725825129489504,1.61846149701031,23.5529247210018
7.23571428571428,0.870435654953155,0.725883447162368,1.6176875112494,23.5535741725464
7.23581349206349,0.870378299320658,0.725941719409732,1.61691389598197,23.5542235187218
7.2359126984127,0.870320907184684,0.725999946237363,1.6161406510308,23.5548727595449
7.2360119047619,0.870263478611107,0.726058127651003,1.61536777621876,23.5555218950325
7.23611111111111,0.870206013665821,0.726116263656375,1.61459527136877,23.5561709252014
7.23621031746032,0.870148512414739,0.72617435425918,1.61382313630382,23.5568198500684
7.23630952380952,0.870090974923797,0.726232399465097,1.61305137084697,23.5574686696502
7.23640873015873,0.87003340125895,0.726290399279785,1.61227997482138,23.5581173839637
7.23650793650794,0.869975791486176,0.726348353708881,1.61150894805024,23.5587659930255
7.23660714285714,0.869918145671473,0.726406262757999,1.61073829035683,23.5594144968523
7.23670634920635,0.869860463880858,0.726464126432734,1.60996800156452,23.5600628954607
7.23680555555556,0.869802746180371,0.726521944738659,1.60919808149671,23.5607111888675
7.23690476190476,0.869744992636072,0.726579717681323,1.60842852997691,23.5613593770892
7.23700396825397,0.869687203314042,0.726637445266258,1.60765934682868,23.5620074601424
7.23710317460317,0.869629378280383,0.72669512749897,1.60689053187565,23.5626554380437
7.23720238095238,0.869571517601218,0.726752764384947,1.60612208494153,23.5633033108097
7.23730158730159,0.86951362134269,0.726810355929654,1.60535400585009,23.5639510784567
7.23740079365079,0.869455689570962,0.726867902138535,1.60458629442519,23.5645987410014
7.2375,0.869397722352221,0.726925403017012,1.60381895049075,23.5652462984602
7.23759920634921,0.869339719752673,0.726982858570487,1.60305197387076,23.5658937508495
7.23769841269841,0.869281681838543,0.727040268804338,1.60228536438928,23.5665410981858
7.23779761904762,0.869223608676081,0.727097633723925,1.60151912187045,23.5671883404854
7.23789682539683,0.869165500331554,0.727154953334584,1.60075324613846,23.5678354777646
7.23799603174603,0.869107356871251,0.727212227641629,1.59998773701759,23.56848251004
7.23809523809524,0.869049178361482,0.727269456650356,1.5992225943322,23.5691294373277
7.23819444444444,0.868990964868579,0.727326640366037,1.59845781790669,23.569776259644
7.23829365079365,0.868932716458893,0.727383778793922,1.59769340756555,23.5704229770053
7.23839285714286,0.868874433198797,0.727440871939241,1.59692936313335,23.5710695894277
7.23849206349206,0.868816115154684,0.727497919807203,1.59616568443471,23.5717160969275
7.23859126984127,0.868757762392968,0.727554922402994,1.59540237129434,23.5723624995209
7.23869047619048,0.868699374980085,0.727611879731779,1.59463942353701,23.573008797224
7.23878968253968,0.86864095298249,0.727668791798703,1.59387684098756,23.5736549900529
7.23888888888889,0.868582496466659,0.727725658608888,1.5931146234709,23.5743010780239
7.2389880952381,0.868524005499092,0.727782480167435,1.59235277081203,23.5749470611529
7.2390873015873,0.868465480146305,0.727839256479423,1.59159128283601,23.5755929394561
7.23918650793651,0.868406920474839,0.727895987549911,1.59083015936795,23.5762387129495
7.23928571428571,0.868348326551253,0.727952673383935,1.59006940023306,23.5768843816491
7.23938492063492,0.868289698442128,0.728009313986511,1.58930900525661,23.5775299455709
7.23948412698413,0.868231036214066,0.728065909362633,1.58854897426394,23.5781754047308
7.23958333333333,0.868172339933689,0.728122459517274,1.58778930708046,23.5788207591449
7.23968253968254,0.86811360966764,0.728178964455383,1.58703000353166,23.579466008829
7.23978174603175,0.868054845482585,0.728235424181891,1.58627106344308,23.580111153799
7.23988095238095,0.867996047445207,0.728291838701706,1.58551248664036,23.5807561940708
7.23998015873016,0.867937215622213,0.728348208019716,1.5847542729492,23.5814011296602
7.24007936507936,0.867878350080329,0.728404532140784,1.58399642219535,23.5820459605831
7.24017857142857,0.867819450886303,0.728460811069755,1.58323893420466,23.5826906868552
7.24027777777778,0.867760518106903,0.728517044811452,1.58248180880304,23.5833353084923
7.24037698412698,0.867701551808918,0.728573233370677,1.58172504581645,23.5839798255102
7.24047619047619,0.867642552059158,0.728629376752207,1.58096864507098,23.5846242379246
7.2405753968254,0.867583518924455,0.728685474960801,1.58021260639274,23.5852685457511
7.2406746031746,0.867524452471659,0.728741528001197,1.57945692960791,23.5859127490055
7.24077380952381,0.867465352767644,0.728797535878109,1.57870161454276,23.5865568477033
7.24087301587302,0.867406219879302,0.728853498596232,1.57794666102363,23.5872008418603
7.24097222222222,0.867347053873548,0.728909416160238,1.57719206887693,23.5878447314919
7.24107142857143,0.867287854817316,0.728965288574778,1.57643783792914,23.5884885166138
7.24117063492063,0.867228622777562,0.729021115844482,1.5756839680068,23.5891321972415
7.24126984126984,0.867169357821264,0.729076897973958,1.57493045893653,23.5897757733905
7.24136904761905,0.867110060015418,0.729132634967792,1.57417731054503,23.5904192450764
7.24146825396825,0.867050729427042,0.729188326830551,1.57342452265906,23.5910626123145
7.24156746031746,0.866991366123176,0.729243973566777,1.57267209510545,23.5917058751204
7.24166666666667,0.86693197017088,0.729299575180994,1.57192002771112,23.5923490335095
7.24176587301587,0.866872541637235,0.729355131677703,1.57116832030302,23.592992087497
7.24186507936508,0.86681308058934,0.729410643061384,1.5704169727082,23.5936350370986
7.24196428571429,0.866753587094321,0.729466109336493,1.56966598475381,23.5942778823293
7.24206349206349,0.86669406121932,0.729521530507469,1.56891535626701,23.5949206232047
7.2421626984127,0.8666345030315,0.729576906578726,1.56816508707507,23.5955632597399
7.24226190476191,0.866574912598047,0.729632237554659,1.56741517700531,23.5962057919503
7.24236111111111,0.866515289986166,0.729687523439639,1.56666562588515,23.5968482198511
7.24246031746032,0.866455635263084,0.729742764238019,1.56591643354205,23.5974905434575
7.24255952380952,0.866395948496049,0.729797959954128,1.56516759980356,23.5981327627848
7.24265873015873,0.866336229752328,0.729853110592274,1.5644191244973,23.598774877848
7.24275793650794,0.86627647909921,0.729908216156743,1.56367100745094,23.5994168886623
7.24285714285714,0.866216696604006,0.729963276651802,1.56292324849226,23.6000587952429
7.24295634920635,0.866156882334047,0.730018292081693,1.56217584744907,23.6007005976049
7.24305555555556,0.866097036356683,0.730073262450641,1.56142880414928,23.6013422957632
7.24315476190476,0.866037158739286,0.730128187762845,1.56068211842085,23.6019838897331
7.24325396825397,0.865977249549252,0.730183068022485,1.55993579009184,23.6026253795294
7.24335317460318,0.865917308853991,0.730237903233721,1.55918981899033,23.6032667651672
7.24345238095238,0.865857336720942,0.730292693400688,1.55844420494454,23.6039080466615
7.24355158730159,0.865797333217558,0.730347438527501,1.55769894778272,23.6045492240272
7.24365079365079,0.865737298411317,0.730402138618255,1.55695404733318,23.6051902972792
7.24375,0.865677232369715,0.730456793677023,1.55620950342433,23.6058312664324
7.24384920634921,0.865617135160271,0.730511403707854,1.55546531588463,23.6064721315018
7.24394841269841,0.865557006850524,0.73056596871478,1.55472148454262,23.6071128925021
7.24404761904762,0.865496847508033,0.730620488701808,1.55397800922691,23.6077535494481
7.24414682539683,0.86543665720038,0.730674963672925,1.55323488976619,23.6083941023547
7.24424603174603,0.865376435995165,0.730729393632096,1.5524921259892,23.6090345512367
7.24434523809524,0.865316183960012,0.730783778583266,1.55174971772478,23.6096748961087
7.24444444444444,0.865255901162562,0.730838118530357,1.55100766480181,23.6103151369856
7.24454365079365,0.865195587670481,0.73089241347727,1.55026596704926,23.610955273882
7.24464285714286,0.865135243551452,0.730946663427885,1.54952462429617,23.6115953068125
7.24474206349206,0.865074868873182,0.731000868386059,1.54878363637164,23.6122352357919
7.24484126984127,0.865014463703397,0.731055028355632,1.54804300310485,23.6128750608348
7.24494047619048,0.864954028109844,0.731109143340415,1.54730272432506,23.6135147819557
7.24503968253968,0.864893562160292,0.731163213344205,1.54656279986159,23.6141543991692
7.24513888888889,0.864833065922529,0.731217238370773,1.54582322954383,23.6147939124899
7.2452380952381,0.864772539464365,0.731271218423871,1.54508401320124,23.6154333219323
7.2453373015873,0.864711982853631,0.731325153507229,1.54434515066335,23.6160726275109
7.24543650793651,0.864651396158178,0.731379043624554,1.54360664175977,23.6167118292402
7.24553571428571,0.864590779445878,0.731432888779534,1.54286848632018,23.6173509271346
7.24563492063492,0.864530132784625,0.731486688975834,1.54213068417433,23.6179899212085
7.24573412698413,0.864469456242332,0.731540444217098,1.54139323515202,23.6186288114764
7.24583333333333,0.864408749886934,0.731594154506948,1.54065613908316,23.6192675979526
7.24593253968254,0.864348013786386,0.731647819848985,1.53991939579771,23.6199062806515
7.24603174603175,0.864287248008666,0.73170144024679,1.53918300512569,23.6205448595874
7.24613095238095,0.86422645262177,0.731755015703921,1.5384469668972,23.6211833347746
7.24623015873016,0.864165627693717,0.731808546223914,1.53771128094243,23.6218217062274
7.24632936507937,0.864104773292544,0.731862031810285,1.53697594709161,23.62245997396
7.24642857142857,0.864043889486312,0.731915472466527,1.53624096517507,23.6230981379866
7.24652777777778,0.863982976343102,0.731968868196114,1.53550633502319,23.6237361983215
7.24662698412698,0.863922033931015,0.732022219002496,1.53477205646642,23.6243741549788
7.24672619047619,0.863861062318173,0.732075524889103,1.53403812933531,23.6250120079727
7.2468253968254,0.863800061572719,0.732128785859344,1.53330455346044,23.6256497573173
7.2469246031746,0.863739031762817,0.732182001916604,1.53257132867249,23.6262874030267
7.24702380952381,0.863677972956651,0.732235173064251,1.53183845480221,23.6269249451149
7.24712301587302,0.863616885222428,0.732288299305627,1.5311059316804,23.6275623835961
7.24722222222222,0.863555768628373,0.732341380644055,1.53037375913795,23.6281997184843
7.24732142857143,0.863494623242734,0.732394417082836,1.52964193700581,23.6288369497934
7.24742063492063,0.863433449133779,0.73244740862525,1.52891046511502,23.6294740775375
7.24751984126984,0.863372246369795,0.732500355274556,1.52817934329666,23.6301111017304
7.24761904761905,0.863311015019094,0.73255325703399,1.52744857138192,23.6307480223862
7.24771825396825,0.863249755150006,0.732606113906767,1.52671814920203,23.6313848395187
7.24781746031746,0.863188466830881,0.732658925896083,1.52598807658828,23.6320215531417
7.24791666666667,0.863127150130092,0.732711693005108,1.52525835337209,23.6326581632693
7.24801587301587,0.863065805116033,0.732764415236994,1.52452897938489,23.6332946699151
7.24811507936508,0.863004431857117,0.732817092594871,1.52379995445821,23.6339310730929
7.24821428571429,0.862943030421778,0.732869725081847,1.52307127842364,23.6345673728166
7.24831349206349,0.862881600878472,0.732922312701009,1.52234295111286,23.6352035691
7.2484126984127,0.862820143295675,0.732974855455423,1.5216149723576,23.6358396619566
7.24851190476191,0.862758657741885,0.733027353348132,1.52088734198966,23.6364756514003
7.24861111111111,0.862697144285619,0.73307980638216,1.52016005984092,23.6371115374447
7.24871031746032,0.862635602995416,0.733132214560506,1.51943312574335,23.6377473201035
7.24880952380952,0.862574033939836,0.733184577886152,1.51870653952895,23.6383829993903
7.24890873015873,0.862512437187459,0.733236896362054,1.51798030102983,23.6390185753186
7.24900793650794,0.862450812806886,0.733289169991151,1.51725441007814,23.6396540479022
7.24910714285714,0.86238916086674,0.733341398776357,1.51652886650612,23.6402894171545
7.24920634920635,0.862327481435663,0.733393582720567,1.51580367014607,23.640924683089
7.24930555555556,0.862265774582318,0.733445721826654,1.51507882083037,23.6415598457193
7.24940476190476,0.862204040375392,0.733497816097467,1.51435431839149,23.6421949050589
7.24950396825397,0.86214227888359,0.733549865535837,1.51363016266192,23.6428298611211
7.24960317460318,0.862080490175636,0.733601870144572,1.51290635347426,23.6434647139195
7.24970238095238,0.862018674320279,0.733653829926459,1.51218289066117,23.6440994634674
7.24980158730159,0.861956831386287,0.733705744884264,1.51145977405539,23.6447341097782
7.24990079365079,0.861894961442447,0.733757615020731,1.51073700348972,23.6453686528653
7.25,0.86183306455757,0.733809440338582,1.51001457879702,23.646003092742
7.25009920634921,0.861771140800486,0.733861220840518,1.50929249981026,23.6466374294215
7.25019841269841,0.861709190240047,0.733912956529219,1.50857076636244,23.6472716629173
7.25029761904762,0.861647212945123,0.733964647407343,1.50784937828665,23.6479057932425
7.25039682539682,0.861585208984609,0.734016293477528,1.50712833541606,23.6485398204103
7.25049603174603,0.861523178427417,0.734067894742388,1.50640763758388,23.649173744434
7.25059523809524,0.861461121342483,0.734119451204518,1.50568728462343,23.6498075653268
7.25069444444444,0.861399037798761,0.73417096286649,1.50496727636807,23.6504412831018
7.25079365079365,0.861336927865228,0.734222429730857,1.50424761265123,23.6510748977721
7.25089285714286,0.861274791610881,0.734273851800146,1.50352829330646,23.6517084093508
7.25099206349206,0.861212629104738,0.734325229076866,1.50280931816732,23.6523418178511
7.25109126984127,0.861150440415837,0.734376561563505,1.50209068706748,23.652975123286
7.25119047619048,0.861088225613239,0.734427849262527,1.50137239984065,23.6536083256684
7.25128968253968,0.861025984766022,0.734479092176378,1.50065445632065,23.6542414250115
7.25138888888889,0.860963717943289,0.734530290307479,1.49993685634133,23.6548744213282
7.25148809523809,0.860901425214161,0.734581443658231,1.49921959973664,23.6555073146314
7.2515873015873,0.860839106647781,0.734632552231015,1.49850268634059,23.6561401049341
7.25168650793651,0.860776762313314,0.734683616028189,1.49778611598726,23.6567727922492
7.25178571428571,0.860714392279942,0.734734635052089,1.4970698885108,23.6574053765896
7.25188492063492,0.860651996616872,0.734785609305031,1.49635400374545,23.6580378579681
7.25198412698413,0.86058957539333,0.73483653878931,1.4956384615255,23.6586702363975
7.25208333333333,0.860527128678562,0.734887423507197,1.4949232616853,23.6593025118907
7.25218253968254,0.860464656541837,0.734938263460943,1.49420840405931,23.6599346844605
7.25228174603175,0.860402159052442,0.734989058652781,1.49349388848202,23.6605667541196
7.25238095238095,0.860339636279689,0.735039809084915,1.49277971478804,23.6611987208808
7.25248015873016,0.860277088292906,0.735090514759534,1.49206588281199,23.6618305847566
7.25257936507937,0.860214515161446,0.735141175678804,1.49135239238861,23.6624623457599
7.25267857142857,0.860151916954679,0.735191791844867,1.49063924335268,23.6630940039033
7.25277777777778,0.860089293741998,0.735242363259848,1.48992643553908,23.6637255591994
7.25287698412698,0.860026645592818,0.735292889925847,1.48921396878274,23.6643570116609
7.25297619047619,0.859963972576572,0.735343371844944,1.48850184291866,23.6649883613003
7.2530753968254,0.859901274762717,0.735393809019197,1.48779005778192,23.6656196081301
7.2531746031746,0.859838552220727,0.735444201450643,1.48707861320767,23.6662507521629
7.25327380952381,0.8597758050201,0.735494549141298,1.48636750903113,23.6668817934113
7.25337301587302,0.859713033230354,0.735544852093155,1.48565674508759,23.6675127318876
7.25347222222222,0.859650236921026,0.735595110308187,1.48494632121242,23.6681435676044
7.25357142857143,0.859587416161677,0.735645323788347,1.48423623724104,23.6687743005741
7.25367063492063,0.859524571021887,0.735695492535562,1.48352649300896,23.6694049308091
7.25376984126984,0.859461701571256,0.735745616551742,1.48281708835175,23.6700354583217
7.25386904761905,0.859398807879408,0.735795695838774,1.48210802310507,23.6706658831244
7.25396825396825,0.859335890015984,0.735845730398522,1.48139929710463,23.6712962052295
7.25406746031746,0.859272948050647,0.735895720232831,1.48069091018621,23.6719264246493
7.25416666666667,0.859209982053083,0.735945665343524,1.47998286218568,23.672556541396
7.25426587301587,0.859146992092997,0.735995565732402,1.47927515293897,23.673186555482
7.25436507936508,0.859083978240114,0.736045421401244,1.47856778228207,23.6738164669194
7.25446428571429,0.859020940564181,0.73609523235181,1.47786075005107,23.6744462757205
7.25456349206349,0.858957879134966,0.736144998585835,1.4771540560821,23.6750759818975
7.2546626984127,0.858894794022258,0.736194720105035,1.47644770021138,23.6757055854624
7.2547619047619,0.858831685295865,0.736244396911105,1.47574168227519,23.6763350864276
7.25486111111111,0.858768553025619,0.736294029005717,1.4750360021099,23.6769644848049
7.25496031746032,0.85870539728137,0.736343616390522,1.47433065955192,23.6775937806067
7.25505952380952,0.858642218132989,0.736393159067151,1.47362565443777,23.6782229738448
7.25515873015873,0.85857901565037,0.73644265703721,1.472920986604,23.6788520645314
7.25525793650794,0.858515789903425,0.736492110302289,1.47221665588725,23.6794810526785
7.25535714285714,0.858452540962091,0.736541518863951,1.47151266212426,23.680109938298
7.25545634920635,0.858389268896321,0.73659088272374,1.47080900515179,23.6807387214019
7.25555555555556,0.858325973776091,0.736640201883181,1.4701056848067,23.6813674020021
7.25565476190476,0.858262655671398,0.736689476343772,1.46940270092591,23.6819959801106
7.25575396825397,0.85819931465226,0.736738706106996,1.46870005334643,23.6826244557392
7.25585317460317,0.858135950788716,0.736787891174309,1.46799774190531,23.6832528288998
7.25595238095238,0.858072564150824,0.736837031547149,1.4672957664397,23.6838810996042
7.25605158730159,0.858009154808664,0.736886127226932,1.46659412678681,23.6845092678643
7.25615079365079,0.857945722832339,0.736935178215051,1.46589282278392,23.6851373336919
7.25625,0.857882268291969,0.736984184512878,1.46519185426838,23.6857652970986
7.25634920634921,0.857818791257696,0.737033146121766,1.46449122107761,23.6863931580962
7.25644841269841,0.857755291799685,0.737082063043044,1.4637909230491,23.6870209166965
7.25654761904762,0.85769176998812,0.737130935278021,1.46309096002043,23.6876485729112
7.25664682539682,0.857628225893206,0.737179762827983,1.46239133182923,23.6882761267518
7.25674603174603,0.857564659585167,0.737228545694196,1.46169203831319,23.68890357823
7.25684523809524,0.857501071134253,0.737277283877904,1.46099307931011,23.6895309273575
7.25694444444444,0.85743746061073,0.737325977380329,1.46029445465784,23.6901581741459
7.25704365079365,0.857373828084886,0.737374626202673,1.45959616419429,23.6907853186066
7.25714285714286,0.85731017362703,0.737423230346116,1.45889820775745,23.6914123607512
7.25724206349206,0.857246497307494,0.737471789811816,1.45820058518539,23.6920393005913
7.25734126984127,0.857182799196627,0.73752030460091,1.45750329631624,23.6926661381384
7.25744047619048,0.857119079364801,0.737568774714513,1.45680634098821,23.6932928734038
7.25753968253968,0.857055337882409,0.737617200153719,1.45610971903956,23.6939195063991
7.25763888888889,0.856991574819864,0.737665580919602,1.45541343030865,23.6945460371356
7.25773809523809,0.856927790247601,0.737713917013213,1.4547174746339,23.6951724656247
7.2578373015873,0.856863984236074,0.73776220843558,1.45402185185379,23.6957987918779
7.25793650793651,0.85680015685576,0.737810455187713,1.45332656180689,23.6964250159064
7.25803571428571,0.856736308177154,0.737858657270599,1.45263160433182,23.6970511377215
7.25813492063492,0.856672438270775,0.737906814685203,1.45193697926729,23.6976771573346
7.25823412698413,0.85660854720716,0.73795492743247,1.45124268645206,23.6983030747569
7.25833333333333,0.85654463505687,0.738002995513321,1.45054872572499,23.6989288899996
7.25843253968254,0.856480701890484,0.738051018928658,1.44985509692499,23.699554603074
7.25853174603175,0.856416747778603,0.738098997679361,1.44916179989105,23.7001802139913
7.25863095238095,0.856352772791848,0.738146931766289,1.44846883446222,23.7008057227626
7.25873015873016,0.856288777000863,0.738194821190277,1.44777620047764,23.701431129399
7.25882936507937,0.856224760476309,0.738242665952143,1.4470838977765,23.7020564339117
7.25892857142857,0.856160723288873,0.738290466052679,1.44639192619807,23.7026816363117
7.25902777777778,0.856096665509258,0.738338221492659,1.44570028558169,23.7033067366102
7.25912698412698,0.85603258720819,0.738385932272834,1.44500897576678,23.7039317348181
7.25922619047619,0.855968488456416,0.738433598393933,1.44431799659282,23.7045566309466
7.2593253968254,0.855904369324703,0.738481219856666,1.44362734789937,23.7051814250065
7.2594246031746,0.85584022988384,0.738528796661718,1.44293702952605,23.7058061170088
7.25952380952381,0.855776070204636,0.738576328809756,1.44224704131255,23.7064307069645
7.25962301587302,0.855711890357921,0.738623816301424,1.44155738309866,23.7070551948845
7.25972222222222,0.855647690414544,0.738671259137345,1.44086805472419,23.7076795807797
7.25982142857143,0.85558347044538,0.738718657318118,1.44017905602908,23.7083038646609
7.25992063492064,0.855519230521319,0.738766010844326,1.43949038685329,23.708928046539
7.26001984126984,0.855454970713275,0.738813319716524,1.43880204703688,23.7095521264249
7.26011904761905,0.855390691092182,0.738860583935252,1.43811403641998,23.7101761043292
7.26021825396825,0.855326391728995,0.738907803501024,1.43742635484278,23.7107999802628
7.26031746031746,0.855262072694689,0.738954978414335,1.43673900214554,23.7114237542364
7.26041666666667,0.855197734060262,0.739002108675657,1.4360519781686,23.7120474262607
7.26051587301587,0.85513337589673,0.739049194285441,1.43536528275237,23.7126709963465
7.26061507936508,0.855068998275132,0.739096235244117,1.43467891573732,23.7132944645043
7.26071428571429,0.855004601266527,0.739143231552094,1.43399287696401,23.7139178307449
7.26081349206349,0.854940184941995,0.739190183209759,1.43330716627306,23.7145410950788
7.2609126984127,0.854875749372637,0.739237090217477,1.43262178350516,23.7151642575166
7.2610119047619,0.854811294629574,0.739283952575592,1.43193672850108,23.7157873180689
7.26111111111111,0.854746820783948,0.739330770284427,1.43125200110164,23.7164102767463
7.26121031746032,0.854682327906922,0.739377543344284,1.43056760114774,23.7170331335593
7.26130952380952,0.854617816069682,0.739424271755442,1.42988352848038,23.7176558885183
7.26140873015873,0.854553285343431,0.739470955518159,1.4291997829406,23.7182785416338
7.26150793650794,0.854488735799396,0.739517594632673,1.42851636436951,23.7189010929163
7.26160714285714,0.854424167508822,0.739564189099199,1.4278332726083,23.7195235423761
7.26170634920635,0.854359580542978,0.739610738917931,1.42715050749824,23.7201458900238
7.26180555555556,0.854294974973152,0.739657244089042,1.42646806888066,23.7207681358696
7.26190476190476,0.854230350870651,0.739703704612683,1.42578595659695,23.7213902799238
7.26200396825397,0.854165708306807,0.739750120488984,1.4251041704886,23.7220123221969
7.26210317460317,0.85410104735297,0.739796491718054,1.42442271039714,23.7226342626991
7.26220238095238,0.854036368080512,0.739842818299979,1.4237415761642,23.7232561014407
7.26230158730159,0.853971670560824,0.739889100234825,1.42306076763146,23.7238778384318
7.26240079365079,0.85390695486532,0.739935337522636,1.42238028464067,23.7244994736829
7.2625,0.853842221065434,0.739981530163436,1.42170012703367,23.7251210072039
7.26259920634921,0.853777469232621,0.740027678157224,1.42102029465236,23.7257424390051
7.26269841269841,0.853712699438355,0.740073781503982,1.4203407873387,23.7263637690967
7.26279761904762,0.853647911754136,0.740119840203667,1.41966160493475,23.7269849974887
7.26289682539683,0.853583106251478,0.740165854256216,1.41898274728262,23.7276061241913
7.26299603174603,0.853518283001921,0.740211823661546,1.41830421422448,23.7282271492145
7.26309523809524,0.853453442077023,0.740257748419549,1.4176260056026,23.7288480725684
7.26319444444444,0.853388583548364,0.740303628530099,1.4169481212593,23.729468894263
7.26329365079365,0.853323707487544,0.740349463993048,1.41627056103698,23.7300896143082
7.26339285714286,0.853258813966186,0.740395254808225,1.4155933247781,23.7307102327142
7.26349206349206,0.853193903055932,0.740441000975438,1.41491641232522,23.7313307494907
7.26359126984127,0.853128974828444,0.740486702494474,1.41423982352093,23.7319511646477
7.26369047619048,0.853064029355406,0.7405323593651,1.41356355820792,23.7325714781952
7.26378968253968,0.852999066708523,0.740577971587059,1.41288761622894,23.7331916901429
7.26388888888889,0.852934086959522,0.740623539160074,1.41221199742682,23.7338118005008
7.2639880952381,0.852869090180147,0.740669062083846,1.41153670164445,23.7344318092786
7.2640873015873,0.852804076442167,0.740714540358055,1.4108617287248,23.7350517164862
7.26418650793651,0.852739045817369,0.74075997398236,1.4101870785109,23.7356715221333
7.26428571428572,0.852673998377564,0.740805362956398,1.40951275084587,23.7362912262297
7.26438492063492,0.852608934194579,0.740850707279783,1.40883874557289,23.736910828785
7.26448412698413,0.852543853340266,0.740896006952111,1.4081650625352,23.737530329809
7.26458333333333,0.852478755886497,0.740941261972954,1.40749170157612,23.7381497293114
7.26468253968254,0.852413641905162,0.740986472341863,1.40681866253905,23.7387690273018
7.26478174603175,0.852348511468177,0.741031638058369,1.40614594526745,23.7393882237899
7.26488095238095,0.852283364647473,0.741076759121979,1.40547354960487,23.7400073187851
7.26498015873016,0.852218201515007,0.74112183553218,1.40480147539489,23.7406263122972
7.26507936507937,0.852153022142754,0.74116686728844,1.4041297224812,23.7412452043355
7.26517857142857,0.852087826602709,0.7412118543902,1.40345829070755,23.7418639949098
7.26527777777778,0.85202261496689,0.741256796836885,1.40278717991775,23.7424826840294
7.26537698412698,0.851957387307336,0.741301694627895,1.4021163899557,23.7431012717038
7.26547619047619,0.851892143696105,0.741346547762611,1.40144592066536,23.7437197579426
7.2655753968254,0.851826884205276,0.741391356240391,1.40077577189076,23.744338142755
7.2656746031746,0.85176160890695,0.741436120060571,1.40010594347599,23.7449564261505
7.26577380952381,0.851696317873249,0.741480839222468,1.39943643526525,23.7455746081385
7.26587301587302,0.851631011176315,0.741525513725376,1.39876724710277,23.7461926887283
7.26597222222222,0.851565688888311,0.741570143568567,1.39809837883287,23.7468106679293
7.26607142857143,0.85150035108142,0.741614728751293,1.39742983029994,23.7474285457507
7.26617063492063,0.851434997827848,0.741659269272783,1.39676160134843,23.7480463222019
7.26626984126984,0.851369629199819,0.741703765132246,1.39609369182288,23.748663997292
7.26636904761905,0.851304245269581,0.74174821632887,1.39542610156788,23.7492815710303
7.26646825396825,0.851238846109399,0.741792622861819,1.39475883042811,23.7498990434259
7.26656746031746,0.851173431791563,0.741836984730239,1.39409187824831,23.7505164144882
7.26666666666667,0.851108002388381,0.74188130193325,1.3934252448733,23.7511336842261
7.26676587301587,0.851042557972182,0.741925574469956,1.39275893014795,23.7517508526489
7.26686507936508,0.850977098615317,0.741969802339436,1.39209293391723,23.7523679197657
7.26696428571428,0.850911624390158,0.742013985540748,1.39142725602617,23.7529848855854
7.26706349206349,0.850846135369096,0.742058124072929,1.39076189631986,23.7536017501172
7.2671626984127,0.850780631624544,0.742102217934996,1.39009685464345,23.7542185133701
7.2672619047619,0.850715113228937,0.742146267125942,1.38943213084222,23.7548351753531
7.26736111111111,0.850649580254728,0.74219027164474,1.38876772476146,23.7554517360751
7.26746031746032,0.850584032774394,0.742234231490341,1.38810363624655,23.7560681955451
7.26755952380952,0.85051847086043,0.742278146661675,1.38743986514296,23.7566845537721
7.26765873015873,0.850452894585354,0.74232201715765,1.38677641129619,23.7573008107649
7.26775793650794,0.850387304021703,0.742365842977155,1.38611327455186,23.7579169665324
7.26785714285714,0.850321699242037,0.742409624119054,1.38545045475562,23.7585330210834
7.26795634920635,0.850256080318934,0.742453360582191,1.38478795175321,23.7591489744269
7.26805555555556,0.850190447324996,0.74249705236539,1.38412576539045,23.7597648265715
7.26815476190476,0.850124800332843,0.742540699467451,1.38346389551321,23.7603805775261
7.26825396825397,0.850059139415118,0.742584301887155,1.38280234196744,23.7609962272994
7.26835317460317,0.849993464644483,0.74262785962326,1.38214110459917,23.7616117759002
7.26845238095238,0.849927776093622,0.742671372674503,1.38148018325448,23.762227223337
7.26855158730159,0.849862073835239,0.7427148410396,1.38081957777955,23.7628425696187
7.26865079365079,0.84979635794206,0.742758264717245,1.3801592880206,23.7634578147539
7.26875,0.849730628486833,0.742801643706111,1.37949931382396,23.7640729587512
7.26884920634921,0.849664885542322,0.742844978004848,1.37883965503598,23.7646880016191
7.26894841269841,0.849599129181317,0.742888267612088,1.37818031150313,23.7653029433664
7.26904761904762,0.849533359476625,0.742931512526438,1.37752128307192,23.7659177840014
7.26914682539683,0.849467576501077,0.742974712746485,1.37686256958894,23.7665325235328
7.26924603174603,0.849401780327523,0.743017868270796,1.37620417090085,23.767147161969
7.26934523809524,0.849335971028833,0.743060979097914,1.37554608685439,23.7677616993186
7.26944444444444,0.849270148677901,0.743104045226362,1.37488831729635,23.76837613559
7.26954365079365,0.849204313347638,0.743147066654642,1.37423086207362,23.7689904707915
7.26964285714286,0.849138465110979,0.743190043381233,1.37357372103315,23.7696047049317
7.26974206349206,0.849072604040878,0.743232975404594,1.37291689402194,23.7702188380189
7.26984126984127,0.849006730210309,0.743275862723162,1.37226038088708,23.7708328700614
7.26994047619048,0.848940843692271,0.743318705335353,1.37160418147574,23.7714468010676
7.27003968253968,0.848874944559779,0.74336150323956,1.37094829563515,23.7720606310457
7.27013888888889,0.84880903288587,0.743404256434158,1.3702927232126,23.7726743600041
7.2702380952381,0.848743108743605,0.743446964917496,1.36963746405547,23.773287987951
7.2703373015873,0.848677172206062,0.743489628687906,1.3689825180112,23.7739015148947
7.27043650793651,0.848611223346342,0.743532247743694,1.36832788492732,23.7745149408432
7.27053571428571,0.848545262237565,0.74357482208315,1.36767356465139,23.7751282658049
7.27063492063492,0.848479288952874,0.743617351704537,1.36701955703109,23.7757414897879
7.27073412698413,0.848413303565432,0.743659836606101,1.36636586191413,23.7763546128002
7.27083333333333,0.848347306148422,0.743702276786064,1.36571247914832,23.7769676348501
7.27093253968254,0.848281296775048,0.743744672242627,1.36505940858152,23.7775805559455
7.27103174603175,0.848215275518537,0.743787022973971,1.36440665006169,23.7781933760945
7.27113095238095,0.848149242452133,0.743829328978254,1.36375420343682,23.7788060953052
7.27123015873016,0.848083197649104,0.743871590253614,1.363102068555,23.7794187135856
7.27132936507936,0.848017141182737,0.743913806798165,1.36245024526439,23.7800312309437
7.27142857142857,0.847951073126342,0.743955978610002,1.36179873341322,23.7806436473873
7.27152777777778,0.847884993553248,0.743998105687197,1.36114753284977,23.7812559629244
7.27162698412698,0.847818902536803,0.744040188027804,1.3604966434224,23.7818681775631
7.27172619047619,0.847752800150381,0.74408222562985,1.35984606497958,23.782480291311
7.2718253968254,0.847686686467374,0.744124218491345,1.35919579736981,23.783092304176
7.2719246031746,0.847620561561192,0.744166166610275,1.35854584044166,23.7837042161661
7.27202380952381,0.847554425505271,0.744208069984607,1.35789619404378,23.784316027289
7.27212301587302,0.847488278373064,0.744249928612285,1.3572468580249,23.7849277375525
7.27222222222222,0.847422120238048,0.74429174249123,1.35659783223382,23.7855393469643
7.27232142857143,0.847355951173716,0.744333511619346,1.35594911651939,23.7861508555322
7.27242063492063,0.847289771253588,0.744375235994512,1.35530071073055,23.7867622632638
7.27251984126984,0.8472235805512,0.744416915614586,1.35465261471632,23.7873735701669
7.27261904761905,0.847157379140111,0.744458550477405,1.35400482832576,23.7879847762492
7.27271825396825,0.8470911670939,0.744500140580785,1.35335735140803,23.7885958815181
7.27281746031746,0.847024944486167,0.744541685922521,1.35271018381235,23.7892068859815
7.27291666666667,0.846958711390534,0.744583186500384,1.352063325388,23.7898177896467
7.27301587301587,0.846892467880643,0.744624642312128,1.35141677598436,23.7904285925215
7.27311507936508,0.846826214030154,0.744666053355481,1.35077053545084,23.7910392946132
7.27321428571429,0.846759949912754,0.744707419628152,1.35012460363697,23.7916498959295
7.27331349206349,0.846693675602146,0.744748741127828,1.34947898039232,23.7922603964778
7.2734126984127,0.846627391172054,0.744790017852175,1.34883366556653,23.7928707962656
7.27351190476191,0.846561096696226,0.744831249798836,1.34818865900931,23.7934810953003
7.27361111111111,0.846494792248428,0.744872436965436,1.34754396057047,23.7940912935892
7.27371031746032,0.846428477902447,0.744913579349575,1.34689957009985,23.7947013911399
7.27380952380952,0.846362153732092,0.744954676948833,1.34625548744739,23.7953113879596
7.27390873015873,0.846295819811192,0.744995729760769,1.34561171246309,23.7959212840557
7.27400793650794,0.846229476213598,0.74503673778292,1.34496824499702,23.7965310794354
7.27410714285714,0.84616312301318,0.745077701012801,1.34432508489933,23.7971407741061
7.27420634920635,0.84609676028383,0.745118619447908,1.34368223202023,23.7977503680751
7.27430555555556,0.846030388099461,0.745159493085712,1.34303968621001,23.7983598613495
7.27440476190476,0.845964006534006,0.745200321923665,1.34239744731903,23.7989692539366
7.27450396825397,0.84589761566142,0.745241105959197,1.34175551519771,23.7995785458435
7.27460317460318,0.845831215555677,0.745281845189717,1.34111388969655,23.8001877370774
7.27470238095238,0.845764806290774,0.745322539612612,1.34047257066613,23.8007968276455
7.27480158730159,0.845698387940727,0.745363189225246,1.33983155795709,23.8014058175548
7.27490079365079,0.845631960579575,0.745403794024966,1.33919085142014,23.8020147068125
7.275,0.845565524281374,0.745444354009093,1.33855045090606,23.8026234954255
7.27509920634921,0.845499079120206,0.745484869174929,1.3379103562657,23.803232183401
7.27519841269841,0.845432625170169,0.745525339519754,1.33727056735,23.8038407707459
7.27529761904762,0.845366162505384,0.745565765040826,1.33663108400995,23.8044492574672
7.27539682539683,0.845299691199995,0.745606145735383,1.33599190609661,23.8050576435719
7.27549603174603,0.845233211328162,0.74564648160064,1.33535303346114,23.8056659290669
7.27559523809524,0.845166722964069,0.745686772633792,1.33471446595473,23.8062741139591
7.27569444444444,0.845100226181921,0.745727018832011,1.33407620342867,23.8068821982554
7.27579365079365,0.845033721055943,0.745767220192449,1.33343824573431,23.8074901819627
7.27589285714286,0.84496720766038,0.745807376712236,1.33280059272307,23.8080980650878
7.27599206349206,0.844900686069499,0.74584748838848,1.33216324424645,23.8087058476375
7.27609126984127,0.844834156357587,0.745887555218269,1.33152620015601,23.8093135296186
7.27619047619048,0.844767618598954,0.745927577198668,1.33088946030339,23.8099211110378
7.27628968253968,0.844701072867929,0.745967554326721,1.33025302454031,23.810528591902
7.27638888888889,0.844634519238861,0.746007486599452,1.32961689271853,23.8111359722177
7.2764880952381,0.844567957786121,0.746047374013861,1.3289810646899,23.8117432519917
7.2765873015873,0.844501388584102,0.74608721656693,1.32834554030636,23.8123504312307
7.27668650793651,0.844434811707214,0.746127014255615,1.32771031941988,23.8129575099413
7.27678571428571,0.844368227229892,0.746166767076855,1.32707540188253,23.81356448813
7.27688492063492,0.844301635226591,0.746206475027566,1.32644078754645,23.8141713658035
7.27698412698413,0.844235035771784,0.74624613810464,1.32580647626385,23.8147781429684
7.27708333333333,0.844168428939968,0.746285756304952,1.32517246788698,23.8153848196311
7.27718253968254,0.84410181480566,0.746325329625353,1.32453876226822,23.8159913957982
7.27728174603175,0.844035193443397,0.746364858062673,1.32390535925996,23.8165978714762
7.27738095238095,0.843968564927737,0.746404341613719,1.32327225871471,23.8172042466715
7.27748015873016,0.843901929333259,0.746443780275281,1.32263946048502,23.8178105213906
7.27757936507937,0.843835286734563,0.746483174044123,1.32200696442351,23.8184166956399
7.27767857142857,0.843768637206271,0.746522522916989,1.32137477038291,23.8190227694258
7.27777777777778,0.843701980823023,0.746561826890603,1.32074287821598,23.8196287427545
7.27787698412698,0.843635317659484,0.746601085961665,1.32011128777557,23.8202346156326
7.27797619047619,0.843568647790334,0.746640300126856,1.31947999891458,23.8208403880662
7.2780753968254,0.84350197129028,0.746679469382834,1.31884901148602,23.8214460600617
7.2781746031746,0.843435288234045,0.746718593726238,1.31821832534293,23.8220516316253
7.27827380952381,0.843368598696375,0.746757673153681,1.31758794033844,23.8226571027633
7.27837301587302,0.843301902752038,0.746796707661759,1.31695785632575,23.8232624734819
7.27847222222222,0.84323520047582,0.746835697247044,1.31632807315815,23.8238677437872
7.27857142857143,0.84316849194253,0.746874641906089,1.31569859068895,23.8244729136855
7.27867063492063,0.843101777226997,0.746913541635422,1.31506940877159,23.8250779831828
7.27876984126984,0.84303505640407,0.746952396431552,1.31444052725955,23.8256829522854
7.27886904761905,0.842968329548621,0.746991206290968,1.31381194600638,23.8262878209992
7.27896825396825,0.842901596735541,0.747029971210134,1.3131836648657,23.8268925893303
7.27906746031746,0.842834858039742,0.747068691185495,1.31255568369121,23.8274972572848
7.27916666666667,0.842768113536159,0.747107366213473,1.31192800233669,23.8281018248687
7.27926587301587,0.842701363299744,0.74714599629047,1.31130062065597,23.8287062920879
7.27936507936508,0.842634607405473,0.747184581412866,1.31067353850296,23.8293106589485
7.27946428571429,0.842567845928341,0.74722312157702,1.31004675573165,23.8299149254564
7.27956349206349,0.842501078943366,0.747261616779269,1.30942027219609,23.8305190916174
7.2796626984127,0.842434306525584,0.747300067015928,1.3087940877504,23.8311231574376
7.27976190476191,0.842367528750053,0.747338472283292,1.30816820224878,23.8317271229226
7.27986111111111,0.842300745691854,0.747376832577634,1.30754261554549,23.8323309880785
7.27996031746032,0.842233957426084,0.747415147895205,1.30691732749487,23.832934752911
7.28005952380952,0.842167164027866,0.747453418232236,1.30629233795133,23.8335384174258
7.28015873015873,0.842100365572341,0.747491643584934,1.30566764676935,23.8341419816288
7.28025793650794,0.842033562134671,0.747529823949487,1.30504325380347,23.8347454455257
7.28035714285714,0.841966753790039,0.747567959322061,1.30441915890833,23.8353488091222
7.28045634920635,0.841899940613649,0.747606049698801,1.3037953619386,23.835952072424
7.28055555555556,0.841833122680726,0.747644095075829,1.30317186274905,23.8365552354368
7.28065476190476,0.841766299465644,0.747682095710137,1.30254866108411,23.8371582984334
7.28075396825397,0.841699468975495,0.747720052493791,1.30192575642932,23.8377612623371
7.28085317460318,0.841632631048433,0.747757965521539,1.30130314861912,23.8383641272535
7.28095238095238,0.841565785688352,0.74779583481607,1.3006808375189,23.8389668932146
7.28105158730159,0.84149893289917,0.747833660400057,1.30005882299408,23.8395695602523
7.28115079365079,0.841432072684833,0.747871442296155,1.29943710491015,23.8401721283985
7.28125,0.84136520504931,0.747909180526999,1.29881568313263,23.8407745976851
7.28134920634921,0.841298329996602,0.747946875115207,1.29819455752707,23.8413769681438
7.28144841269841,0.84123144753073,0.747984526083378,1.2975737279591,23.8419792398065
7.28154761904762,0.841164557655747,0.74802213345409,1.29695319429436,23.8425814127051
7.28164682539682,0.841097660375729,0.748059697249907,1.29633295639854,23.8431834868712
7.28174603174603,0.841030755694779,0.748097217493371,1.29571301413738,23.8437854623367
7.28184523809524,0.840963843617028,0.748134694207007,1.29509336737666,23.8443873391332
7.28194444444444,0.840896924146631,0.74817212741332,1.29447401598221,23.8449891172926
7.28204365079365,0.84082999728777,0.7482095171348,1.29385495981988,23.8455907968464
7.28214285714286,0.840763063044655,0.748246863393914,1.29323619875561,23.8461923778264
7.28224206349206,0.840696121421522,0.748284166213113,1.29261773265533,23.8467938602643
7.28234126984127,0.840629172422631,0.748321425614829,1.29199956138505,23.8473952441916
7.28244047619048,0.840562216052271,0.748358641621475,1.29138168481081,23.8479965296399
7.28253968253968,0.840495252314756,0.748395814255448,1.29076410279868,23.848597716641
7.28263888888889,0.840428281214427,0.748432943539122,1.29014681521481,23.8491988052262
7.28273809523809,0.840361302755651,0.748470029494856,1.28952982192535,23.8497997954273
7.2828373015873,0.840294316942823,0.74850707214499,1.28891312279652,23.8504006872756
7.28293650793651,0.840227323780361,0.748544071511845,1.28829671769459,23.8510014808028
7.28303571428571,0.840160323272713,0.748581027617722,1.28768060648585,23.8516021760403
7.28313492063492,0.840093315424351,0.748617940484906,1.28706478903664,23.8522027730196
7.28323412698413,0.840026300239773,0.748654810135662,1.28644926521335,23.8528032717722
7.28333333333333,0.839959277723507,0.748691636592236,1.28583403488242,23.8534036723293
7.28343253968254,0.839892247880104,0.748728419876859,1.28521909791031,23.8540039747226
7.28353174603175,0.839825210714141,0.748765160011738,1.28460445416354,23.8546041789833
7.28363095238095,0.839758166230224,0.748801857019066,1.28399010350869,23.8552042851428
7.28373015873016,0.839691114432984,0.748838510921015,1.28337604581235,23.8558042932324
7.28382936507937,0.839624055327079,0.748875121739739,1.28276228094116,23.8564042032835
7.28392857142857,0.839556988917192,0.748911689497374,1.28214880876182,23.8570040153275
7.28402777777778,0.839489915208034,0.748948214216038,1.28153562914107,23.8576037293954
7.28412698412698,0.839422834204341,0.748984695917829,1.28092274194568,23.8582033455187
7.28422619047619,0.839355745910876,0.749021134624827,1.28031014704246,23.8588028637286
7.2843253968254,0.839288650332429,0.749057530359094,1.2796978442983,23.8594022840562
7.2844246031746,0.839221547473816,0.749093883142673,1.27908583358008,23.8600016065329
7.28452380952381,0.839154437339878,0.749130192997589,1.27847411475477,23.8606008311896
7.28462301587302,0.839087319935484,0.749166459945848,1.27786268768936,23.8611999580577
7.28472222222222,0.83902019526553,0.749202684009438,1.27725155225088,23.8617989871683
7.28482142857143,0.838953063334937,0.749238865210327,1.27664070830642,23.8623979185524
7.28492063492063,0.838885924148652,0.749275003570466,1.2760301557231,23.8629967522412
7.28501984126984,0.838818777711649,0.749311099111788,1.27541989436809,23.8635954882657
7.28511904761905,0.83875162402893,0.749347151856205,1.27480992410859,23.864194126657
7.28521825396825,0.83868446310552,0.749383161825613,1.27420024481188,23.8647926674462
7.28531746031746,0.838617294946475,0.749419129041888,1.27359085634523,23.8653911106641
7.28541666666667,0.838550119556872,0.749455053526888,1.272981758576,23.8659894563419
7.28551587301587,0.838482936941819,0.749490935302454,1.27237295137156,23.8665877045105
7.28561507936508,0.838415747106447,0.749526774390404,1.27176443459935,23.8671858552008
7.28571428571429,0.838348550055915,0.749562570812543,1.27115620812683,23.8677839084439
7.28581349206349,0.83828134579541,0.749598324590654,1.27054827182153,23.8683818642705
7.2859126984127,0.838214134330141,0.749634035746503,1.26994062555099,23.8689797227115
7.2860119047619,0.838146915665349,0.749669704301835,1.26933326918281,23.8695774837979
7.28611111111111,0.838079689806296,0.74970533027838,1.26872620258465,23.8701751475605
7.28621031746032,0.838012456758273,0.749740913697848,1.26811942562419,23.8707727140301
7.28630952380952,0.837945216526599,0.74977645458193,1.26751293816917,23.8713701832375
7.28640873015873,0.837877969116616,0.749811952952298,1.26690674008734,23.8719675552135
7.28650793650794,0.837810714533693,0.749847408830608,1.26630083124654,23.8725648299889
7.28660714285714,0.837743452783229,0.749882822238494,1.26569521151462,23.8731620075944
7.28670634920635,0.837676183870646,0.749918193197573,1.2650898807595,23.8737590880607
7.28680555555556,0.837608907801392,0.749953521729446,1.26448483884911,23.8743560714185
7.28690476190476,0.837541624580943,0.749988807855691,1.26388008565145,23.8749529576985
7.28700396825397,0.837474334214801,0.750024051597871,1.26327562103455,23.8755497469314
7.28710317460317,0.837407036708494,0.750059252977529,1.26267144486648,23.8761464391478
7.28720238095238,0.837339732067578,0.750094412016189,1.26206755701538,23.8767430343784
7.28730158730159,0.837272420297632,0.750129528735358,1.26146395734941,23.8773395326536
7.28740079365079,0.837205101404265,0.750164603156523,1.26086064573677,23.8779359340042
7.2875,0.837137775393111,0.750199635301153,1.26025762204571,23.8785322384605
7.28759920634921,0.837070442269828,0.7502346251907,1.25965488614453,23.8791284460533
7.28769841269841,0.837003102040105,0.750269572846594,1.25905243790157,23.879724556813
7.28779761904762,0.836935754709655,0.75030447829025,1.2584502771852,23.8803205707701
7.28789682539682,0.836868400284215,0.750339341543063,1.25784840386385,23.880916487955
7.28799603174603,0.836801038769553,0.750374162626409,1.25724681780599,23.8815123083983
7.28809523809524,0.83673367017146,0.750408941561646,1.25664551888014,23.8821080321304
7.28819444444444,0.836666294495756,0.750443678370113,1.25604450695484,23.8827036591815
7.28829365079365,0.836598911748285,0.750478373073133,1.25544378189869,23.8832991895823
7.28839285714286,0.836531521934918,0.750513025692006,1.25484334358034,23.8838946233629
7.28849206349206,0.836464125061553,0.750547636248018,1.25424319186846,23.8844899605539
7.28859126984127,0.836396721134115,0.750582204762433,1.25364332663179,23.8850852011854
7.28869047619048,0.836329310158553,0.750616731256498,1.2530437477391,23.8856803452878
7.28878968253968,0.836261892140845,0.750651215751442,1.2524444550592,23.8862753928915
7.28888888888889,0.836194467086993,0.750685658268475,1.25184544846095,23.8868703440266
7.28898809523809,0.836127035003028,0.750720058828788,1.25124672781326,23.8874651987233
7.2890873015873,0.836059595895006,0.750754417453553,1.25064829298505,23.8880599570121
7.28918650793651,0.835992149769008,0.750788734163926,1.25005014384533,23.8886546189229
7.28928571428571,0.835924696631145,0.750823008981041,1.24945228026313,23.8892491844861
7.28938492063492,0.83585723648755,0.750857241926017,1.24885470210751,23.8898436537317
7.28948412698413,0.835789769344385,0.750891433019953,1.2482574092476,23.89043802669
7.28958333333333,0.83572229520784,0.750925582283927,1.24766040155256,23.8910323033909
7.28968253968254,0.835654814084127,0.750959689739002,1.24706367889159,23.8916264838648
7.28978174603175,0.835587325979488,0.750993755406221,1.24646724113394,23.8922205681415
7.28988095238095,0.835519830900191,0.751027779306609,1.24587108814891,23.8928145562512
7.28998015873016,0.835452328852527,0.751061761461172,1.24527521980582,23.8934084482239
7.29007936507937,0.835384819842818,0.751095701890898,1.24467963597405,23.8940022440897
7.29017857142857,0.835317303877409,0.751129600616756,1.24408433652303,23.8945959438785
7.29027777777778,0.835249780962674,0.751163457659696,1.24348932132222,23.8951895476202
7.29037698412698,0.835182251105011,0.751197273040651,1.24289459024113,23.895783055345
7.29047619047619,0.835114714310847,0.751231046780534,1.24230014314931,23.8963764670826
7.2905753968254,0.835047170586631,0.75126477890024,1.24170597991635,23.896969782863
7.2906746031746,0.834979619938844,0.751298469420646,1.2411121004119,23.8975630027161
7.29077380952381,0.83491206237399,0.75133211836261,1.24051850450562,23.8981561266718
7.29087301587302,0.834844497898599,0.751365725746971,1.23992519206726,23.8987491547599
7.29097222222222,0.834776926519229,0.751399291594551,1.23933216296656,23.8993420870102
7.29107142857143,0.834709348242464,0.751432815926152,1.23873941707336,23.8999349234526
7.29117063492064,0.834641763074914,0.751466298762557,1.2381469542575,23.9005276641168
7.29126984126984,0.834574171023216,0.751499740124532,1.23755477438888,23.9011203090327
7.29136904761905,0.834506572094032,0.751533140032825,1.23696287733744,23.9017128582299
7.29146825396825,0.834438966294053,0.751566498508164,1.23637126297317,23.9023053117382
7.29156746031746,0.834371353629993,0.751599815571257,1.23577993116609,23.9028976695873
7.29166666666667,0.834303734108595,0.751633091242798,1.23518888178627,23.9034899318068
7.29176587301587,0.834236107736628,0.751666325543459,1.23459811470384,23.9040820984265
7.29186507936508,0.834168474520885,0.751699518493893,1.23400762978894,23.904674169476
7.29196428571429,0.83410083446819,0.751732670114738,1.23341742691178,23.9052661449849
7.29206349206349,0.834033187585388,0.75176578042661,1.23282750594261,23.9058580249828
7.2921626984127,0.833965533879355,0.751798849450108,1.23223786675171,23.9064498094993
7.2922619047619,0.83389787335699,0.751831877205812,1.23164850920941,23.907041498564
7.29236111111111,0.833830206025221,0.751864863714284,1.23105943318609,23.9076330922063
7.29246031746032,0.833762531891,0.751897808996068,1.23047063855216,23.9082245904559
7.29255952380952,0.833694850961308,0.751930713071687,1.22988212517809,23.9088159933422
7.29265873015873,0.833627163243151,0.751963575961649,1.22929389293438,23.9094073008946
7.29275793650794,0.83355946874356,0.751996397686441,1.22870594169159,23.9099985131427
7.29285714285714,0.833491767469596,0.752029178266532,1.2281182713203,23.9105896301159
7.29295634920635,0.833424059428341,0.752061917722372,1.22753088169114,23.9111806518436
7.29305555555556,0.83335634462691,0.752094616074395,1.2269437726748,23.9117715783551
7.29315476190476,0.833288623072438,0.752127273343013,1.22635694414199,23.91236240968
7.29325396825397,0.833220894772091,0.752159889548621,1.22577039596349,23.9129531458474
7.29335317460317,0.83315315973306,0.752192464711597,1.22518412801009,23.9135437868868
7.29345238095238,0.83308541796256,0.752224998852298,1.22459814015265,23.9141343328275
7.29355158730159,0.833017669467837,0.752257491991063,1.22401243226207,23.9147247836987
7.29365079365079,0.83294991425616,0.752289944148215,1.22342700420928,23.9153151395298
7.29375,0.832882152334824,0.752322355344055,1.22284185586527,23.9159054003499
7.29384920634921,0.832814383711154,0.752354725598867,1.22225698710106,23.9164955661883
7.29394841269841,0.832746608392496,0.752387054932917,1.2216723977877,23.9170856370743
7.29404761904762,0.832678826386228,0.752419343366452,1.22108808779634,23.9176756130369
7.29414682539683,0.832611037699752,0.7524515909197,1.2205040569981,23.9182654941055
7.29424603174603,0.832543242340494,0.752483797612871,1.2199203052642,23.918855280309
7.29434523809524,0.832475440315911,0.752515963466156,1.21933683246588,23.9194449716766
7.29444444444444,0.832407631633482,0.752548088499729,1.21875363847441,23.9200345682375
7.29454365079365,0.832339816300716,0.752580172733744,1.21817072316113,23.9206240700208
7.29464285714286,0.832271994325145,0.752612216188337,1.2175880863974,23.9212134770554
7.29474206349206,0.832204165714331,0.752644218883624,1.21700572805465,23.9218027893705
7.29484126984127,0.832136330475859,0.752676180839705,1.21642364800433,23.922392006995
7.29494047619048,0.832068488617343,0.752708102076661,1.21584184611795,23.9229811299579
7.29503968253968,0.832000640146421,0.752739982614552,1.21526032226704,23.9235701582883
7.29513888888889,0.83193278507076,0.752771822473422,1.2146790763232,23.9241590920151
7.2952380952381,0.831864923398052,0.752803621673297,1.21409810815805,23.9247479311672
7.2953373015873,0.831797055136015,0.752835380234181,1.21351741764328,23.9253366757736
7.29543650793651,0.831729180292393,0.752867098176064,1.21293700465059,23.9259253258632
7.29553571428572,0.831661298874959,0.752898775518913,1.21235686905176,23.9265138814647
7.29563492063492,0.83159341089151,0.75293041228268,1.21177701071859,23.9271023426071
7.29573412698413,0.83152551634987,0.752962008487297,1.21119742952292,23.9276907093193
7.29583333333333,0.831457615257889,0.752993564152678,1.21061812533665,23.92827898163
7.29593253968254,0.831389707623445,0.753025079298717,1.21003909803172,23.928867159568
7.29603174603175,0.831321793454439,0.753056553945292,1.20946034748009,23.9294552431621
7.29613095238095,0.831253872758803,0.75308798811226,1.20888187355379,23.930043232441
7.29623015873016,0.831185945544491,0.75311938181946,1.20830367612489,23.9306311274336
7.29632936507937,0.831118011819487,0.753150735086715,1.2077257550655,23.9312189281684
7.29642857142857,0.831050071591798,0.753182047933826,1.20714811024776,23.9318066346742
7.29652777777778,0.830982124869461,0.753213320380578,1.20657074154388,23.9323942469796
7.29662698412698,0.830914171660536,0.753244552446736,1.20599364882608,23.9329817651134
7.29672619047619,0.830846211973111,0.753275744152047,1.20541683196666,23.9335691891041
7.2968253968254,0.830778245815302,0.75330689551624,1.20484029083793,23.9341565189803
7.2969246031746,0.830710273195247,0.753338006559024,1.20426402531226,23.9347437547706
7.29702380952381,0.830642294121115,0.753369077300091,1.20368803526208,23.9353308965036
7.29712301587302,0.830574308601099,0.753400107759114,1.20311232055983,23.9359179442079
7.29722222222222,0.830506316643419,0.753431097955747,1.202536881078,23.9365048979119
7.29732142857143,0.830438318256321,0.753462047909626,1.20196171668915,23.9370917576442
7.29742063492063,0.830370313448078,0.753492957640369,1.20138682726586,23.9376785234332
7.29751984126984,0.830302302226988,0.753523827167573,1.20081221268075,23.9382651953074
7.29761904761905,0.830234284601378,0.753554656510821,1.2002378728065,23.9388517732952
7.29771825396825,0.830166260579598,0.753585445689673,1.19966380751582,23.9394382574251
7.29781746031746,0.830098230170027,0.753616194723673,1.19909001668147,23.9400246477255
7.29791666666667,0.83003019338107,0.753646903632345,1.19851650017625,23.9406109442247
7.29801587301587,0.829962150221157,0.753677572435196,1.19794325787301,23.9411971469511
7.29811507936508,0.829894100698746,0.753708201151713,1.19737028964463,23.9417832559331
7.29821428571428,0.829826044822321,0.753738789801367,1.19679759536405,23.9423692711989
7.29831349206349,0.829757982600391,0.753769338403606,1.19622517490425,23.9429551927769
7.2984126984127,0.829689914041492,0.753799846977865,1.19565302813823,23.9435410206953
7.2985119047619,0.82962183915419,0.753830315543556,1.19508115493906,23.9441267549823
7.29861111111111,0.829553757947071,0.753860744120074,1.19450955517986,23.9447123956663
7.29871031746032,0.829485670428753,0.753891132726797,1.19393822873376,23.9452979427755
7.29880952380952,0.829417576607876,0.753921481383081,1.19336717547396,23.9458833963379
7.29890873015873,0.82934947649311,0.753951790108268,1.19279639527369,23.9464687563818
7.29900793650794,0.82928137009315,0.753982058921677,1.19222588800624,23.9470540229354
7.29910714285714,0.829213257416715,0.754012287842612,1.19165565354491,23.9476391960267
7.29920634920635,0.829145138472555,0.754042476890356,1.19108569176309,23.948224275684
7.29930555555556,0.829077013269443,0.754072626084175,1.19051600253417,23.9488092619352
7.29940476190476,0.829008881816179,0.754102735443317,1.18994658573161,23.9493941548084
7.29950396825397,0.82894074412159,0.754132804987009,1.18937744122891,23.9499789543317
7.29960317460317,0.82887260019453,0.754162834734461,1.18880856889959,23.9505636605332
7.29970238095238,0.828804450043877,0.754192824704866,1.18823996861726,23.9511482734408
7.29980158730159,0.828736293678538,0.754222774917396,1.18767164025552,23.9517327930824
7.29990079365079,0.828668131107445,0.754252685391205,1.18710358368804,23.9523172194862
7.3,0.828599962339557,0.754282556145429,1.18653579878855,23.9529015526799
7.30009920634921,0.828531787383858,0.754312387199186,1.18596828543079,23.9534857926916
7.30019841269841,0.828463606249362,0.754342178571575,1.18540104348857,23.9540699395491
7.30029761904762,0.828395418945104,0.754371930281675,1.18483407283572,23.9546539932803
7.30039682539683,0.82832722548015,0.754401642348549,1.18426737334613,23.9552379539132
7.30049603174603,0.82825902586359,0.75443131479124,1.18370094489374,23.9558218214754
7.30059523809524,0.828190820104541,0.754460947628773,1.1831347873525,23.9564055959949
7.30069444444444,0.828122608212146,0.754490540880155,1.18256890059644,23.9569892774994
7.30079365079365,0.828054390195576,0.754520094564372,1.18200328449961,23.9575728660167
7.30089285714286,0.827986166064026,0.754549608700394,1.18143793893613,23.9581563615746
7.30099206349206,0.82791793582672,0.754579083307173,1.18087286378012,23.9587397642008
7.30109126984127,0.827849699492905,0.754608518403639,1.18030805890578,23.9593230739231
7.30119047619048,0.827781457071858,0.754637914008707,1.17974352418735,23.959906290769
7.30128968253968,0.82771320857288,0.754667270141273,1.17917925949909,23.9604894147663
7.30138888888889,0.827644954005298,0.754696586820212,1.17861526471533,23.9610724459427
7.3014880952381,0.827576693378469,0.754725864064383,1.17805153971043,23.9616553843258
7.3015873015873,0.827508426701772,0.754755101892625,1.17748808435879,23.9622382299432
7.30168650793651,0.827440153984616,0.75478430032376,1.17692489853486,23.9628209828224
7.30178571428571,0.827371875236433,0.75481345937659,1.17636198211314,23.9634036429911
7.30188492063492,0.827303590466684,0.754842579069899,1.17579933496816,23.9639862104768
7.30198412698413,0.827235299684855,0.754871659422453,1.1752369569745,23.964568685307
7.30208333333333,0.827167002900459,0.754900700452999,1.17467484800677,23.9651510675093
7.30218253968254,0.827098700123035,0.754929702180265,1.17411300793966,23.9657333571111
7.30228174603175,0.827030391362149,0.754958664622962,1.17355143664785,23.9663155541399
7.30238095238095,0.826962076627393,0.75498758779978,1.17299013400612,23.9668976586231
7.30248015873016,0.826893755928385,0.755016471729393,1.17242909988924,23.9674796705882
7.30257936507936,0.82682542927477,0.755045316430456,1.17186833417207,23.9680615900625
7.30267857142857,0.826757096676219,0.755074121921604,1.17130783672947,23.9686434170735
7.30277777777778,0.82668875814243,0.755102888221454,1.17074760743639,23.9692251516485
7.30287698412698,0.826620413683126,0.755131615348606,1.17018764616777,23.9698067938149
7.30297619047619,0.826552063308059,0.75516030332164,1.16962795279865,23.9703883436
7.3030753968254,0.826483707027004,0.755188952159118,1.16906852720407,23.970969801031
7.3031746031746,0.826415344849765,0.755217561879583,1.16850936925914,23.9715511661354
7.30327380952381,0.826346976786172,0.755246132501559,1.16795047883899,23.9721324389402
7.30337301587302,0.826278602846079,0.755274664043554,1.16739185581881,23.9727136194728
7.30347222222222,0.826210223039371,0.755303156524055,1.16683350007382,23.9732947077603
7.30357142857143,0.826141837375954,0.755331609961532,1.16627541147931,23.9738757038301
7.30367063492063,0.826073445865764,0.755360024374434,1.16571758991059,23.9744566077092
7.30376984126984,0.826005048518763,0.755388399781195,1.16516003524301,23.9750374194248
7.30386904761905,0.825936645344939,0.755416736200228,1.16460274735197,23.975618139004
7.30396825396825,0.825868236354305,0.755445033649928,1.16404572611293,23.976198766474
7.30406746031746,0.825799821556902,0.755473292148673,1.16348897140137,23.9767793018618
7.30416666666667,0.825731400962798,0.755501511714819,1.16293248309282,23.9773597451946
7.30426587301587,0.825662974582085,0.755529692366707,1.16237626106287,23.9779400964993
7.30436507936508,0.825594542424882,0.755557834122659,1.16182030518711,23.9785203558031
7.30446428571429,0.825526104501338,0.755585937000976,1.16126461534123,23.9791005231329
7.30456349206349,0.825457660821624,0.755614001019942,1.16070919140092,23.9796805985156
7.3046626984127,0.825389211395939,0.755642026197824,1.16015403324194,23.9802605819784
7.30476190476191,0.825320756234508,0.755670012552868,1.15959914074007,23.9808404735481
7.30486111111111,0.825252295347583,0.755697960103302,1.15904451377116,23.9814202732516
7.30496031746032,0.825183828745442,0.755725868867338,1.15849015221108,23.9819999811159
7.30505952380952,0.82511535643839,0.755753738863166,1.15793605593575,23.9825795971678
7.30515873015873,0.825046878436756,0.75578157010896,1.15738222482113,23.9831591214342
7.30525793650794,0.8249783947509,0.755809362622874,1.15682865874325,23.983738553942
7.30535714285714,0.824909905391204,0.755837116423043,1.15627535757814,23.984317894718
7.30545634920635,0.824841410368078,0.755864831527586,1.15572232120191,23.984897143789
7.30555555555556,0.824772909691958,0.755892507954601,1.15516954949069,23.9854763011817
7.30565476190476,0.824704403373309,0.755920145722168,1.15461704232066,23.986055366923
7.30575396825397,0.824635891422617,0.75594774484835,1.15406479956806,23.9866343410395
7.30585317460318,0.824567373850399,0.755975305351191,1.15351282110914,23.987213223558
7.30595238095238,0.824498850667199,0.756002827248714,1.15296110682023,23.9877920145052
7.30605158730159,0.824430321883583,0.756030310558926,1.15240965657768,23.9883707139078
7.30615079365079,0.824361787510146,0.756057755299815,1.15185847025789,23.9889493217924
7.30625,0.824293247557509,0.75608516148935,1.15130754773729,23.9895278381856
7.30634920634921,0.824224702036321,0.756112529145482,1.15075688889238,23.9901062631142
7.30644841269841,0.824156150957254,0.756139858286144,1.15020649359968,23.9906845966046
7.30654761904762,0.824087594331009,0.756167148929248,1.14965636173577,23.9912628386835
7.30664682539683,0.824019032168313,0.756194401092691,1.14910649317726,23.9918409893773
7.30674603174603,0.823950464479919,0.756221614794349,1.14855688780081,23.9924190487128
7.30684523809524,0.823881891276607,0.75624879005208,1.14800754548312,23.9929970167162
7.30694444444444,0.823813312569181,0.756275926883724,1.14745846610094,23.9935748934142
7.30704365079365,0.823744728368475,0.756303025307102,1.14690964953106,23.9941526788333
7.30714285714286,0.823676138685347,0.756330085340017,1.14636109565031,23.9947303729998
7.30724206349206,0.823607543530682,0.756357107000253,1.14581280433556,23.9953079759402
7.30734126984127,0.82353894291539,0.756384090305575,1.14526477546373,23.9958854876809
7.30744047619048,0.823470336850411,0.756411035273731,1.14471700891179,23.9964629082483
7.30753968253968,0.823401725346709,0.756437941922449,1.14416950455675,23.9970402376688
7.30763888888889,0.823333108415274,0.756464810269439,1.14362226227564,23.9976174759686
7.3077380952381,0.823264486067122,0.756491640332392,1.14307528194557,23.9981946231743
7.3078373015873,0.823195858313298,0.756518432128983,1.14252856344367,23.9987716793119
7.30793650793651,0.82312722516487,0.756545185676865,1.14198210664712,23.9993486444079
7.30803571428571,0.823058586632936,0.756571900993674,1.14143591143314,23.9999255184885
7.30813492063492,0.822989942728617,0.756598578097027,1.14088997767899,24.0005023015799
7.30823412698413,0.822921293463062,0.756625217004525,1.14034430526199,24.0010789937084
7.30833333333333,0.822852638847447,0.756651817733746,1.13979889405948,24.0016555949001
7.30843253968254,0.822783978892973,0.756678380302254,1.13925374394887,24.0022321051813
7.30853174603175,0.822715313610868,0.756704904727591,1.1387088548076,24.0028085245781
7.30863095238095,0.822646643012387,0.756731391027282,1.13816422651313,24.0033848531166
7.30873015873016,0.822577967108811,0.756757839218834,1.13761985894301,24.003961090823
7.30882936507937,0.822509285911446,0.756784249319735,1.13707575197479,24.0045372377234
7.30892857142857,0.822440599431627,0.756810621347454,1.13653190548609,24.0051132938438
7.30902777777778,0.822371907680713,0.756836955319441,1.13598831935458,24.0056892592103
7.30912698412698,0.822303210670091,0.756863251253129,1.13544499345794,24.0062651338489
7.30922619047619,0.822234508411174,0.756889509165932,1.13490192767392,24.0068409177857
7.3093253968254,0.8221658009154,0.756915729075245,1.13435912188031,24.0074166110466
7.3094246031746,0.822097088194235,0.756941910998445,1.13381657595493,24.0079922136577
7.30952380952381,0.822028370259171,0.75696805495289,1.13327428977566,24.0085677256448
7.30962301587302,0.821959647121727,0.75699416095592,1.13273226322041,24.0091431470339
7.30972222222222,0.821890918793447,0.757020229024855,1.13219049616714,24.0097184778509
7.30982142857143,0.821822185285902,0.757046259176999,1.13164898849385,24.0102937181217
7.30992063492063,0.821753446610689,0.757072251429636,1.1311077400786,24.0108688678722
7.31001984126984,0.821684702779433,0.757098205800031,1.13056675079946,24.0114439271282
7.31011904761905,0.821615953803784,0.757124122305432,1.13002602053457,24.0120188959156
7.31021825396825,0.821547199695418,0.757150000963067,1.12948554916211,24.0125937742602
7.31031746031746,0.821478440466038,0.757175841790146,1.12894533656029,24.0131685621877
7.31041666666667,0.821409676127375,0.757201644803861,1.12840538260739,24.0137432597239
7.31051587301587,0.821340906691183,0.757227410021384,1.1278656871817,24.0143178668946
7.31061507936508,0.821272132169245,0.757253137459871,1.12732625016157,24.0148923837254
7.31071428571429,0.821203352573369,0.757278827136458,1.1267870714254,24.0154668102422
7.31081349206349,0.821134567915391,0.757304479068261,1.12624815085162,24.0160411464705
7.3109126984127,0.821065778207171,0.75733009327238,1.12570948831872,24.0166153924361
7.31101190476191,0.820996983460598,0.757355669765896,1.12517108370521,24.0171895481646
7.31111111111111,0.820928183687585,0.757381208565869,1.12463293688965,24.0177636136815
7.31121031746032,0.820859378900073,0.757406709689345,1.12409504775067,24.0183375890126
7.31130952380952,0.820790569110029,0.757432173153347,1.12355741616691,24.0189114741833
7.31140873015873,0.820721754329447,0.757457598974882,1.12302004201706,24.0194852692193
7.31150793650794,0.820652934570345,0.757482987170938,1.12248292517987,24.0200589741461
7.31160714285714,0.820584109844771,0.757508337758484,1.12194606553412,24.0206325889892
7.31170634920635,0.820515280164796,0.757533650754471,1.12140946295864,24.0212061137741
7.31180555555556,0.820446445542518,0.757558926175832,1.12087311733228,24.0217795485262
7.31190476190476,0.820377605990065,0.75758416403948,1.12033702853398,24.0223528932711
7.31200396825397,0.820308761519587,0.757609364362311,1.11980119644268,24.0229261480342
7.31210317460318,0.820239912143262,0.7576345271612,1.11926562093738,24.0234993128408
7.31220238095238,0.820171057873294,0.757659652453007,1.11873030189713,24.0240723877164
7.31230158730159,0.820102198721915,0.757684740254572,1.118195239201,24.0246453726863
7.31240079365079,0.820033334701381,0.757709790582715,1.11766043272814,24.025218267776
7.3125,0.819964465823976,0.757734803454239,1.11712588235771,24.0257910730107
7.31259920634921,0.81989559210201,0.757759778885929,1.11659158796893,24.0263637884157
7.31269841269841,0.81982671354782,0.75778471689455,1.11605754944105,24.0269364140163
7.31279761904762,0.819757830173767,0.757809617496848,1.11552376665339,24.0275089498379
7.31289682539682,0.819688941992242,0.757834480709554,1.11499023948528,24.0280813959056
7.31299603174603,0.819620049015659,0.757859306549377,1.11445696781612,24.0286537522446
7.31309523809524,0.819551151256461,0.757884095033008,1.11392395152534,24.0292260188803
7.31319444444444,0.819482248727115,0.757908846177121,1.11339119049241,24.0297981958377
7.31329365079365,0.819413341440116,0.75793355999837,1.11285868459685,24.0303702831421
7.31339285714286,0.819344429407986,0.757958236513392,1.11232643371823,24.0309422808185
7.31349206349206,0.819275512643272,0.757982875738803,1.11179443773615,24.0315141888921
7.31359126984127,0.819206591158548,0.758007477691203,1.11126269653027,24.0320860073881
7.31369047619048,0.819137664966414,0.758032042387172,1.11073120998027,24.0326577363314
7.31378968253968,0.819068734079496,0.758056569843272,1.11019997796589,24.0332293757472
7.31388888888889,0.818999798510448,0.758081060076047,1.10966900036691,24.0338009256605
7.31398809523809,0.818930858271948,0.758105513102022,1.10913827706316,24.0343723860962
7.3140873015873,0.818861913376703,0.758129928937702,1.10860780793449,24.0349437570795
7.31418650793651,0.818792963837445,0.758154307599577,1.10807759286082,24.0355150386353
7.31428571428571,0.818724009666932,0.758178649104115,1.1075476317221,24.0360862307886
7.31438492063492,0.818655050877949,0.758202953467767,1.10701792439833,24.0366573335642
7.31448412698413,0.818586087483308,0.758227220706966,1.10648847076955,24.0372283469871
7.31458333333333,0.818517119495846,0.758251450838125,1.10595927071583,24.0377992710822
7.31468253968254,0.818448146928428,0.75827564387764,1.10543032411731,24.0383701058744
7.31478174603175,0.818379169793942,0.758299799841888,1.10490163085415,24.0389408513886
7.31488095238095,0.818310188105307,0.758323918747226,1.10437319080657,24.0395115076495
7.31498015873016,0.818241201875467,0.758348000609995,1.10384500385482,24.0400820746819
7.31507936507937,0.81817221111739,0.758372045446516,1.10331706987921,24.0406525525108
7.31517857142857,0.818103215844073,0.758396053273091,1.10278938876008,24.0412229411608
7.31527777777778,0.818034216068537,0.758420024106005,1.1022619603778,24.0417932406566
7.31537698412698,0.817965211803832,0.758443957961523,1.10173478461282,24.0423634510231
7.31547619047619,0.817896203063033,0.758467854855893,1.1012078613456,24.0429335722849
7.3155753968254,0.817827189859242,0.758491714805344,1.10068119045666,24.0435036044668
7.3156746031746,0.817758172205586,0.758515537826084,1.10015477182656,24.0440735475933
7.31577380952381,0.81768915011522,0.758539323934307,1.09962860533591,24.0446434016891
7.31587301587302,0.817620123601324,0.758563073146185,1.09910269086534,24.045213166779
7.31597222222222,0.817551092677106,0.758586785477873,1.09857702829555,24.0457828428873
7.31607142857143,0.8174820573558,0.758610460945506,1.09805161750727,24.0463524300389
7.31617063492063,0.817413017650664,0.758634099565203,1.09752645838128,24.0469219282581
7.31626984126984,0.817343973574985,0.758657701353063,1.09700155079839,24.0474913375696
7.31636904761905,0.817274925142076,0.758681266325165,1.09647689463948,24.0480606579979
7.31646825396825,0.817205872365277,0.758704794497573,1.09595248978544,24.0486298895675
7.31656746031746,0.817136815257953,0.758728285886328,1.09542833611723,24.0491990323029
7.31666666666667,0.817067753833494,0.758751740507457,1.09490443351583,24.0497680862284
7.31676587301587,0.816998688105321,0.758775158376966,1.09438078186229,24.0503370513687
7.31686507936508,0.816929618086876,0.758798539510843,1.09385738103769,24.050905927748
7.31696428571429,0.816860543791632,0.758821883925057,1.09333423092314,24.0514747153908
7.31706349206349,0.816791465233086,0.758845191635558,1.09281133139982,24.0520434143214
7.3171626984127,0.81672238242476,0.758868462658281,1.09228868234892,24.0526120245643
7.3172619047619,0.816653295380207,0.758891697009137,1.09176628365172,24.0531805461437
7.31736111111111,0.816584204113001,0.758914894704024,1.09124413518949,24.053748979084
7.31746031746032,0.816515108636747,0.758938055758817,1.09072223684359,24.0543173234095
7.31755952380952,0.816446008965073,0.758961180189374,1.09020058849539,24.0548855791444
7.31765873015873,0.816376905111635,0.758984268011536,1.08967919002633,24.055453746313
7.31775793650794,0.816307797090114,0.759007319241125,1.08915804131785,24.0560218249396
7.31785714285714,0.816238684914221,0.759030333893941,1.0886371422515,24.0565898150482
7.31795634920635,0.81616956859769,0.759053311985771,1.08811649270881,24.0571577166632
7.31805555555556,0.816100448154281,0.759076253532379,1.0875960925714,24.0577255298087
7.31815476190476,0.816031323597783,0.759099158549513,1.0870759417209,24.0582932545088
7.31825396825397,0.815962194942009,0.759122027052902,1.086556040039,24.0588608907877
7.31835317460317,0.815893062200801,0.759144859058255,1.08603638740742,24.0594284386695
7.31845238095238,0.815823925388024,0.759167654581264,1.08551698370795,24.0599958981783
7.31855158730159,0.815754784517572,0.759190413637603,1.08499782882239,24.0605632693381
7.31865079365079,0.815685639603365,0.759213136242926,1.08447892263261,24.061130552173
7.31875,0.815616490659348,0.759235822412869,1.08396026502051,24.061697746707
7.31884920634921,0.815547337699494,0.759258472163049,1.08344185586804,24.0622648529641
7.31894841269841,0.815478180737802,0.759281085509067,1.08292369505719,24.0628318709683
7.31904761904762,0.815409019788297,0.759303662466502,1.08240578246998,24.0633988007436
7.31914682539682,0.81533985486503,0.759326203050916,1.0818881179885,24.0639656423138
7.31924603174603,0.815270685982078,0.759348707277853,1.08137070149486,24.064532395703
7.31934523809524,0.815201513153548,0.759371175162838,1.08085353287123,24.0650990609351
7.31944444444444,0.81513233639357,0.759393606721378,1.08033661199982,24.0656656380338
7.31954365079365,0.815063155716299,0.759416001968959,1.07981993876288,24.0662321270231
7.31964285714286,0.814993971135921,0.759438360921052,1.07930351304269,24.0667985279268
7.31974206349206,0.814924782666644,0.759460683593108,1.07878733472159,24.0673648407687
7.31984126984127,0.814855590322705,0.75948297000056,1.07827140368197,24.0679310655727
7.31994047619048,0.814786394118367,0.75950522015882,1.07775571980625,24.0684972023624
7.32003968253968,0.814717194067918,0.759527434083284,1.07724028297689,24.0690632511617
7.32013888888889,0.814647990185675,0.75954961178933,1.0767250930764,24.0696292119943
7.32023809523809,0.814578782485978,0.759571753292315,1.07621014998734,24.0701950848838
7.3203373015873,0.814509570983196,0.759593858607579,1.0756954535923,24.0707608698541
7.32043650793651,0.814440355691724,0.759615927750445,1.07518100377392,24.0713265669288
7.32053571428571,0.814371136625982,0.759637960736213,1.07466680041489,24.0718921761314
7.32063492063492,0.814301913800419,0.759659957580169,1.07415284339793,24.0724576974857
7.32073412698413,0.814232687229505,0.759681918297579,1.07363913260581,24.0730231310153
7.32083333333333,0.814163456927745,0.75970384290369,1.07312566792135,24.0735884767437
7.32093253968254,0.814094222909663,0.75972573141373,1.07261244922739,24.0741537346945
7.32103174603175,0.814024985189812,0.759747583842909,1.07209947640685,24.0747189048914
7.32113095238095,0.813955743782771,0.75976940020642,1.07158674934267,24.0752839873577
7.32123015873016,0.813886498703147,0.759791180519435,1.07107426791783,24.075848982117
7.32132936507937,0.81381724996557,0.759812924797109,1.07056203201535,24.0764138891928
7.32142857142857,0.813747997584701,0.759834633054578,1.07005004151832,24.0769787086085
7.32152777777778,0.813678741575222,0.75985630530696,1.06953829630985,24.0775434403877
7.32162698412698,0.813609481951847,0.759877941569355,1.0690267962731,24.0781080845536
7.32172619047619,0.813540218729312,0.759899541856841,1.06851554129128,24.0786726411298
7.3218253968254,0.813470951922381,0.759921106184482,1.06800453124762,24.0792371101396
7.3219246031746,0.813401681545845,0.759942634567321,1.06749376602543,24.0798014916064
7.32202380952381,0.81333240761452,0.759964127020384,1.06698324550803,24.0803657855535
7.32212301587302,0.81326313014325,0.759985583558676,1.06647296957879,24.0809299920042
7.32222222222222,0.813193849146903,0.760007004197185,1.06596293812114,24.0814941109819
7.32232142857143,0.813124564640377,0.760028388950882,1.06545315101855,24.0820581425098
7.32242063492064,0.813055276638594,0.760049737834716,1.06494360815452,24.0826220866111
7.32251984126984,0.812985985156502,0.760071050863621,1.0644343094126,24.0831859433092
7.32261904761905,0.812916690209076,0.76009232805251,1.06392525467638,24.0837497126271
7.32271825396825,0.812847391811317,0.760113569416279,1.0634164438295,24.0843133945882
7.32281746031746,0.812778089978255,0.760134774969805,1.06290787675564,24.0848769892156
7.32291666666667,0.812708784724942,0.760155944727946,1.06239955333852,24.0854404965324
7.32301587301587,0.81263947606646,0.760177078705541,1.06189147346191,24.0860039165618
7.32311507936508,0.812570164017916,0.760198176917413,1.06138363700962,24.0865672493269
7.32321428571429,0.812500848594443,0.760219239378363,1.0608760438655,24.0871304948508
7.32331349206349,0.8124315298112,0.760240266103177,1.06036869391345,24.0876936531566
7.3234126984127,0.812362207683375,0.76026125710662,1.0598615870374,24.0882567242673
7.3235119047619,0.812292882226179,0.760282212403439,1.05935472312135,24.0888197082059
7.32361111111111,0.812223553454852,0.760303132008364,1.05884810204932,24.0893826049954
7.32371031746032,0.812154221384658,0.760324015936104,1.05834172370537,24.0899454146589
7.32380952380952,0.81208488603089,0.76034486420135,1.05783558797363,24.0905081372193
7.32390873015873,0.812015547408867,0.760365676818777,1.05732969473825,24.0910707726996
7.32400793650794,0.811946205533932,0.760386453803038,1.05682404388343,24.0916333211226
7.32410714285714,0.811876860421456,0.760407195168771,1.0563186352934,24.0921957825114
7.32420634920635,0.811807512086837,0.760427900930592,1.05581346885247,24.0927581568887
7.32430555555556,0.811738160545498,0.760448571103101,1.05530854444496,24.0933204442774
7.32440476190476,0.81166880581289,0.760469205700878,1.05480386195523,24.0938826447004
7.32450396825397,0.811599447904489,0.760489804738486,1.05429942126772,24.0944447581805
7.32460317460317,0.811530086835797,0.760510368230467,1.05379522226688,24.0950067847405
7.32470238095238,0.811460722622344,0.760530896191348,1.0532912648372,24.0955687244032
7.32480158730159,0.811391355279686,0.760551388635634,1.05278754886325,24.0961305771914
7.32490079365079,0.811321984823405,0.760571845577814,1.0522840742296,24.0966923431277
7.325,0.811252611269109,0.760592267032357,1.0517808408209,24.0972540222349
7.32509920634921,0.811183234632433,0.760612653013714,1.05127784852182,24.0978156145358
7.32519841269841,0.811113854929036,0.760633003536318,1.05077509721707,24.0983771200529
7.32529761904762,0.81104447217461,0.760653318614582,1.05027258679142,24.0989385388089
7.32539682539683,0.810975086384866,0.760673598262902,1.04977031712969,24.0994998708266
7.32549603174603,0.810905697575545,0.760693842495655,1.04926828811672,24.1000611161284
7.32559523809524,0.810836305762413,0.760714051327198,1.0487664996374,24.100622274737
7.32569444444444,0.810766910961265,0.760734224771873,1.04826495157667,24.101183346675
7.32579365079365,0.810697513187918,0.760754362844001,1.0477636438195,24.1017443319648
7.32589285714286,0.81062811245822,0.760774465557883,1.04726257625094,24.1023052306291
7.32599206349206,0.810558708788042,0.760794532927806,1.04676174875603,24.1028660426904
7.32609126984127,0.810489302193284,0.760814564968033,1.04626116121989,24.1034267681711
7.32619047619048,0.81041989268987,0.760834561692813,1.04576081352767,24.1039874070938
7.32628968253968,0.810350480293751,0.760854523116375,1.04526070556458,24.1045479594808
7.32638888888889,0.810281065020906,0.760874449252928,1.04476083721585,24.1051084253545
7.3264880952381,0.810211646887339,0.760894340116665,1.04426120836676,24.1056688047375
7.3265873015873,0.81014222590908,0.760914195721759,1.04376181890264,24.1062290976521
7.32668650793651,0.810072802102185,0.760934016082364,1.04326266870885,24.1067893041207
7.32678571428572,0.81000337548274,0.760953801212616,1.04276375767083,24.1073494241655
7.32688492063492,0.809933946066854,0.760973551126633,1.04226508567401,24.107909457809
7.32698412698413,0.809864513870662,0.760993265838515,1.04176665260391,24.1084694050734
7.32708333333333,0.809795078910328,0.761012945362342,1.04126845834607,24.1090292659811
7.32718253968254,0.80972564120204,0.761032589712176,1.04077050278606,24.1095890405542
7.32728174603175,0.809656200762013,0.76105219890206,1.04027278580953,24.110148728815
7.32738095238095,0.809586757606489,0.76107177294602,1.03977530730214,24.1107083307858
7.32748015873016,0.809517311751737,0.761091311858063,1.03927806714962,24.1112678464887
7.32757936507937,0.809447863214051,0.761110815652175,1.03878106523772,24.1118272759459
7.32767857142857,0.809378412009751,0.761130284342328,1.03828430145224,24.1123866191797
7.32777777777778,0.809308958155185,0.761149717942471,1.03778777567904,24.112945876212
7.32787698412698,0.809239501666727,0.761169116466538,1.037291487804,24.1135050470651
7.32797619047619,0.809170042560777,0.761188479928442,1.03679543771306,24.114064131761
7.3280753968254,0.80910058085376,0.761207808342079,1.03629962529219,24.1146231303219
7.3281746031746,0.80903111656213,0.761227101721326,1.03580405042741,24.1151820427697
7.32827380952381,0.808961649702366,0.761246360080041,1.03530871300479,24.1157408691265
7.32837301587302,0.808892180290974,0.761265583432063,1.03481361291044,24.1162996094143
7.32847222222222,0.808822708344486,0.761284771791215,1.03431875003051,24.1168582636552
7.32857142857143,0.80875323387946,0.7613039251713,1.03382412425118,24.117416831871
7.32867063492063,0.808683756912481,0.761323043586101,1.0333297354587,24.1179753140838
7.32876984126984,0.80861427746016,0.761342127049384,1.03283558353934,24.1185337103154
7.32886904761905,0.808544795539134,0.761361175574897,1.03234166837943,24.1190920205879
7.32896825396825,0.808475311166068,0.761380189176369,1.03184798986534,24.1196502449229
7.32906746031746,0.808405824357651,0.76139916786751,1.03135454788348,24.1202083833426
7.32916666666667,0.8083363351306,0.761418111662011,1.0308613423203,24.1207664358686
7.32926587301587,0.808266843501659,0.761437020573546,1.03036837306229,24.1213244025228
7.32936507936508,0.808197349487597,0.76145589461577,1.029875639996,24.1218822833271
7.32946428571428,0.80812785310521,0.761474733802318,1.02938314300801,24.1224400783031
7.32956349206349,0.80805835437132,0.761493538146809,1.02889088198496,24.1229977874727
7.3296626984127,0.807988853302775,0.761512307662842,1.02839885681349,24.1235554108577
7.3297619047619,0.807919349916451,0.761531042363996,1.02790706738034,24.1241129484797
7.32986111111111,0.807849844229249,0.761549742263835,1.02741551357226,24.1246704003604
7.32996031746032,0.807780336258098,0.761568407375903,1.02692419527606,24.1252277665216
7.33005952380952,0.80771082601995,0.761587037713723,1.02643311237856,24.1257850469848
7.33015873015873,0.807641313531787,0.761605633290803,1.02594226476667,24.1263422417718
7.33025793650794,0.807571798810616,0.761624194120631,1.02545165232731,24.1268993509041
7.33035714285714,0.807502281873469,0.761642720216676,1.02496127494745,24.1274563744034
7.33045634920635,0.807432762737408,0.76166121159239,1.02447113251411,24.1280133122912
7.33055555555556,0.807363241419517,0.761679668261204,1.02398122491436,24.1285701645891
7.33065476190476,0.807293717936909,0.761698090236534,1.02349155203529,24.1291269313186
7.33075396825397,0.807224192306724,0.761716477531773,1.02300211376405,24.1296836125013
7.33085317460317,0.807154664546126,0.7617348301603,1.02251290998784,24.1302402081586
7.33095238095238,0.807085134672307,0.761753148135473,1.02202394059389,24.130796718312
7.33105158730159,0.807015602702486,0.761771431470632,1.02153520546947,24.131353142983
7.33115079365079,0.806946068653905,0.761789680179098,1.02104670450189,24.131909482193
7.33125,0.806876532543838,0.761807894274174,1.02055843757855,24.1324657359634
7.33134920634921,0.806806994389581,0.761826073769144,1.02007040458682,24.1330219043156
7.33144841269841,0.806737454208457,0.761844218677274,1.01958260541418,24.1335779872709
7.33154761904762,0.806667912017816,0.761862329011812,1.0190950399481,24.1341339848508
7.33164682539683,0.806598367835035,0.761880404785986,1.01860770807613,24.1346898970766
7.33174603174603,0.806528821677517,0.761898446013007,1.01812060968585,24.1352457239695
7.33184523809524,0.806459273562691,0.761916452706067,1.01763374466488,24.1358014655509
7.33194444444444,0.806389723508011,0.761934424878338,1.01714711290089,24.136357121842
7.33204365079365,0.806320171530961,0.761952362542976,1.01666071428159,24.1369126928641
7.33214285714286,0.806250617649048,0.761970265713117,1.01617454869473,24.1374681786384
7.33224206349206,0.806181061879808,0.761988134401878,1.01568861602811,24.1380235791861
7.33234126984127,0.806111504240801,0.762005968622359,1.01520291616957,24.1385788945283
7.33244047619048,0.806041944749615,0.76202376838764,1.014717449007,24.1391341246863
7.33253968253968,0.805972383423863,0.762041533710783,1.01423221442831,24.1396892696813
7.33263888888889,0.805902820281185,0.762059264604833,1.01374721232148,24.1402443295342
7.3327380952381,0.805833255339251,0.762076961082815,1.01326244257454,24.1407993042662
7.3328373015873,0.80576368861575,0.762094623157733,1.01277790507553,24.1413541938985
7.33293650793651,0.805694120128404,0.762112250842578,1.01229359971255,24.141908998452
7.33303571428571,0.805624549894958,0.762129844150319,1.01180952637375,24.1424637179478
7.33313492063492,0.805554977933183,0.762147403093906,1.01132568494731,24.143018352407
7.33323412698413,0.80548540426088,0.762164927686273,1.01084207532147,24.1435729018505
7.33333333333333,0.805415828895872,0.762182417940332,1.0103586973845,24.1441273662992
7.33343253968254,0.805346251856011,0.762199873868981,1.00987555102471,24.1446817457742
7.33353174603175,0.805276673159175,0.762217295485095,1.00939263613048,24.1452360402964
7.33363095238095,0.805207092823268,0.762234682801533,1.00890995259019,24.1457902498867
7.33373015873016,0.805137510866221,0.762252035831136,1.0084275002923,24.1463443745661
7.33382936507936,0.80506792730599,0.762269354586724,1.0079452791253,24.1468984143552
7.33392857142857,0.804998342160558,0.7622866390811,1.00746328897772,24.1474523692752
7.33402777777778,0.804928755447936,0.762303889327049,1.00698152973815,24.1480062393466
7.33412698412698,0.804859167186159,0.762321105337338,1.00650000129518,24.1485600245905
7.33422619047619,0.80478957739329,0.762338287124712,1.00601870353751,24.1491137250275
7.3343253968254,0.804719986087418,0.762355434701901,1.00553763635383,24.1496673406784
7.3344246031746,0.804650393286659,0.762372548081616,1.0050567996329,24.1502208715641
7.33452380952381,0.804580799009152,0.762389627276547,1.0045761932635,24.1507743177051
7.33462301587302,0.804511203273068,0.76240667229937,1.00409581713447,24.1513276791223
7.33472222222222,0.8044416060966,0.762423683162737,1.0036156711347,24.1518809558362
7.33482142857143,0.804372007497968,0.762440659879286,1.00313575515311,24.1524341478677
7.33492063492063,0.804302407495421,0.762457602461634,1.00265606907866,24.1529872552372
7.33501984126984,0.804232806107231,0.76247451092238,1.00217661280037,24.1535402779655
7.33511904761905,0.804163203351699,0.762491385274106,1.00169738620729,24.1540932160732
7.33521825396825,0.804093599247151,0.762508225529373,1.00121838918852,24.1546460695808
7.33531746031746,0.80402399381194,0.762525031700725,1.0007396216332,24.1551988385088
7.33541666666667,0.803954387064444,0.762541803800687,1.00026108343051,24.155751522878
7.33551587301587,0.80388477902307,0.762558541841767,0.999782774469679,24.1563041227086
7.33561507936508,0.803815169706248,0.762575245836451,0.999304694639974,24.1568566380214
7.33571428571429,0.803745559132439,0.762591915797209,0.99882684383072,24.1574090688367
7.33581349206349,0.803675947320126,0.762608551736494,0.998349221931268,24.157961415175
7.3359126984127,0.80360633428782,0.762625153666736,0.99787182883102,24.1585136770567
7.33601190476191,0.803536720054058,0.762641721600351,0.997394664419418,24.1590658545023
7.33611111111111,0.803467104637405,0.762658255549733,0.996917728585951,24.1596179475321
7.33621031746032,0.803397488056451,0.76267475552726,0.99644102122015,24.1601699561666
7.33630952380952,0.803327870329813,0.762691221545291,0.995964542211587,24.160721880426
7.33640873015873,0.803258251476132,0.762707653616165,0.995488291449882,24.1612737203308
7.33650793650794,0.80318863151408,0.762724051752203,0.995012268824694,24.1618254759012
7.33660714285714,0.803119010462351,0.76274041596571,0.994536474225728,24.1623771471575
7.33670634920635,0.803049388339668,0.762756746268968,0.994060907542731,24.1629287341201
7.33680555555556,0.802979765164778,0.762773042674245,0.993585568665494,24.163480236809
7.33690476190476,0.802910140956459,0.762789305193787,0.993110457483851,24.1640316552447
7.33700396825397,0.802840515733509,0.762805533839823,0.992635573887679,24.1645829894473
7.33710317460318,0.802770889514757,0.762821728624564,0.992160917766893,24.1651342394369
7.33720238095238,0.802701262319058,0.762837889560202,0.99168648901147,24.1656854052339
7.33730158730159,0.802631634165292,0.762854016658909,0.991212287511412,24.1662364868582
7.33740079365079,0.802562005072366,0.762870109932841,0.990738313156767,24.16678748433
7.3375,0.802492375059212,0.762886169394134,0.990264565837632,24.1673383976695
7.33759920634921,0.802422744144792,0.762902195054905,0.989791045444144,24.1678892268967
7.33769841269841,0.802353112348089,0.762918186927255,0.989317751866482,24.1684399720317
7.33779761904762,0.802283479688118,0.762934145023263,0.988844684994872,24.1689906330945
7.33789682539683,0.802213846183917,0.762950069354992,0.988371844719581,24.1695412101052
7.33799603174603,0.802144211854551,0.762965959934486,0.98789923093092,24.1700917030837
7.33809523809524,0.802074576719112,0.76298181677377,0.987426843519243,24.1706421120501
7.33819444444444,0.802004940796717,0.76299763988485,0.986954682374947,24.1711924370243
7.33829365079365,0.801935304106511,0.763013429279714,0.986482747388474,24.1717426780262
7.33839285714286,0.801865666667665,0.763029184970333,0.986011038450308,24.1722928350758
7.33849206349206,0.801796028499376,0.763044906968657,0.985539555450976,24.1728429081929
7.33859126984127,0.801726389620867,0.76306059528662,0.985068298281042,24.1733928973976
7.33869047619048,0.801656750051389,0.763076249936134,0.984597266831135,24.1739428027095
7.33878968253968,0.801587109810217,0.763091870929096,0.984126460991904,24.1744926241485
7.33888888888889,0.801517468916655,0.763107458277383,0.983655880654051,24.1750423617345
7.3389880952381,0.801447827390032,0.763123011992852,0.983185525708321,24.1755920154873
7.3390873015873,0.801378185249702,0.763138532087345,0.9827153960455,24.1761415854266
7.33918650793651,0.801308542515048,0.763154018572683,0.98224549155642,24.1766910715721
7.33928571428571,0.801238899205478,0.763169471460668,0.981775812131954,24.1772404739437
7.33938492063492,0.801169255340427,0.763184890763085,0.981306357663022,24.177789792561
7.33948412698413,0.801099610939355,0.763200276491701,0.980837128040582,24.1783390274437
7.33958333333333,0.801029966021751,0.763215628658261,0.980368123155641,24.1788881786116
7.33968253968254,0.800960320607127,0.763230947274497,0.979899342899245,24.1794372460841
7.33978174603175,0.800890674715025,0.763246232352117,0.979430787162486,24.1799862298811
7.33988095238095,0.80082102836501,0.763261483902813,0.978962455836497,24.180535130022
7.33998015873016,0.800751381576675,0.76327670193826,0.978494348812456,24.1810839465265
7.34007936507937,0.80068173436964,0.763291886470111,0.978026465981579,24.1816326794141
7.34017857142857,0.800612086763551,0.763307037510004,0.977558807235142,24.1821813287044
7.34027777777778,0.80054243877808,0.763322155069555,0.977091372464445,24.182729894417
7.34037698412698,0.800472790432926,0.763337239160365,0.976624161560842,24.1832783765712
7.34047619047619,0.800403141747812,0.763352289794013,0.976157174415725,24.1838267751867
7.3405753968254,0.800333492742491,0.763367306982063,0.975690410920532,24.1843750902828
7.3406746031746,0.80026384343674,0.763382290736058,0.975223870966745,24.184923321879
7.34077380952381,0.800194193850364,0.763397241067523,0.974757554445888,24.1854714699948
7.34087301587302,0.800124544003192,0.763412157987964,0.974291461249528,24.1860195346494
7.34097222222222,0.800054893915081,0.763427041508871,0.973825591269276,24.1865675158625
7.34107142857143,0.799985243605916,0.763441891641713,0.973359944396788,24.1871154136531
7.34117063492063,0.799915593095604,0.76345670839794,0.97289452052376,24.1876632280409
7.34126984126984,0.799845942404083,0.763471491788985,0.972429319541934,24.1882109590449
7.34136904761905,0.799776291551315,0.763486241826264,0.971964341343094,24.1887586066846
7.34146825396825,0.799706640557288,0.76350095852117,0.971499585819068,24.1893061709792
7.34156746031746,0.799636989442017,0.763515641885082,0.97103505286172,24.1898536519479
7.34166666666667,0.799567338225545,0.763530291929357,0.970570742362979,24.1904010496101
7.34176587301587,0.799497686927939,0.763544908665337,0.970106654214794,24.1909483639849
7.34186507936508,0.799428035569294,0.763559492104341,0.969642788309168,24.1914955950915
7.34196428571429,0.79935838416973,0.763574042257674,0.969179144538144,24.1920427429491
7.34206349206349,0.799288732749394,0.76358855913662,0.968715722793811,24.1925898075768
7.3421626984127,0.79921908132846,0.763603042752444,0.968252522968299,24.1931367889938
7.34226190476191,0.799149429927127,0.763617493116395,0.967789544953783,24.1936836872192
7.34236111111111,0.799079778565623,0.763631910239701,0.967326788642481,24.194230502272
7.34246031746032,0.799010127264199,0.763646294133572,0.966864253926654,24.1947772341714
7.34255952380952,0.798940476043134,0.763660644809201,0.966401940698606,24.1953238829365
7.34265873015873,0.798870824922735,0.76367496227776,0.965939848850686,24.1958704485861
7.34275793650794,0.798801173923333,0.763689246550406,0.965477978275284,24.1964169311394
7.34285714285714,0.798731523065285,0.763703497638273,0.965016328864835,24.1969633306153
7.34295634920635,0.798661872368977,0.763717715552481,0.964554900511816,24.1975096470327
7.34305555555556,0.798592221854819,0.763731900304127,0.964093693108743,24.1980558804108
7.34315476190476,0.79852257154325,0.763746051904294,0.963632706548193,24.1986020307682
7.34325396825397,0.798452921454733,0.763760170364043,0.963171940722768,24.1991480981241
7.34335317460318,0.798383271609757,0.763774255694417,0.962711395525117,24.1996940824971
7.34345238095238,0.79831362202884,0.763788307906443,0.962251070847937,24.2002399839063
7.34355158730159,0.798243972732524,0.763802327011127,0.961790966583964,24.2007858023705
7.34365079365079,0.798174323741379,0.763816313019457,0.961331082625981,24.2013315379084
7.34375,0.798104675076,0.763830265942403,0.960871418866811,24.2018771905389
7.34384920634921,0.798035026757009,0.763844185790916,0.960411975199323,24.2024227602807
7.34394841269841,0.797965378805056,0.763858072575929,0.959952751516427,24.2029682471527
7.34404761904762,0.797895731240814,0.763871926308355,0.959493747711079,24.2035136511735
7.34414682539682,0.797826084084985,0.763885746999091,0.959034963676275,24.2040589723619
7.34424603174603,0.797756437358297,0.763899534659014,0.958576399305059,24.2046042107366
7.34434523809524,0.797686791081503,0.763913289298981,0.958118054490513,24.2051493663162
7.34444444444444,0.797617145275384,0.763927010929834,0.957659929125766,24.2056944391194
7.34454365079365,0.797547499960747,0.763940699562393,0.957202023103984,24.2062394291648
7.34464285714286,0.797477855158425,0.763954355207462,0.956744336318392,24.2067843364711
7.34474206349206,0.797408210889278,0.763967977875826,0.956286868662243,24.2073291610568
7.34484126984127,0.797338567174191,0.763981567578249,0.955829620028838,24.2078739029405
7.34494047619048,0.797268924034077,0.76399512432548,0.955372590311522,24.2084185621408
7.34503968253968,0.797199281489875,0.764008648128248,0.954915779403682,24.2089631386762
7.34513888888889,0.797129639562549,0.764022138997264,0.954459187198751,24.2095076325652
7.34523809523809,0.797059998273092,0.764035596943218,0.954002813590202,24.2100520438263
7.3453373015873,0.796990357642521,0.764049021976784,0.953546658471554,24.210596372478
7.34543650793651,0.79692071769188,0.764062414108618,0.953090721736367,24.2111406185387
7.34553571428571,0.796851078442241,0.764075773349356,0.952635003278246,24.2116847820268
7.34563492063492,0.7967814399147,0.764089099709615,0.952179502990841,24.2122288629608
7.34573412698413,0.79671180213038,0.764102393199995,0.951724220767842,24.212772861359
7.34583333333333,0.796642165110431,0.764115653831077,0.951269156502982,24.2133167772399
7.34593253968254,0.796572528876031,0.764128881613423,0.950814310090042,24.2138606106216
7.34603174603175,0.796502893448379,0.764142076557576,0.950359681422835,24.2144043615227
7.34613095238095,0.796433258848708,0.764155238674063,0.949905270395239,24.2149480299613
7.34623015873016,0.796363625098272,0.764168367973389,0.949451076901156,24.2154916159557
7.34632936507937,0.796293992218351,0.764181464466044,0.948997100834537,24.2160351195243
7.34642857142857,0.796224360230256,0.764194528162496,0.948543342089376,24.2165785406853
7.34652777777778,0.79615472915532,0.764207559073197,0.948089800559712,24.2171218794568
7.34662698412698,0.796085099014903,0.76422055720858,0.947636476139627,24.2176651358571
7.34672619047619,0.796015469830395,0.764233522579059,0.947183368723244,24.2182083099043
7.3468253968254,0.795945841623207,0.764246455195029,0.946730478204733,24.2187514016167
7.3469246031746,0.79587621441478,0.764259355066867,0.946277804478303,24.2192944110123
7.34702380952381,0.795806588226581,0.764272222204933,0.945825347438211,24.2198373381093
7.34712301587302,0.795736963080103,0.764285056619566,0.945373106978755,24.2203801829258
7.34722222222222,0.795667338996865,0.764297858321088,0.944921082994274,24.2209229454798
7.34732142857143,0.795597715998412,0.764310627319802,0.944469275379156,24.2214656257894
7.34742063492063,0.795528094106317,0.764323363625992,0.944017684027827,24.2220082238726
7.34751984126984,0.795458473342176,0.764336067249924,0.943566308834752,24.2225507397475
7.34761904761905,0.795388853727617,0.764348738201847,0.94311514969446,24.223093173432
7.34771825396825,0.795319235284291,0.764361376491988,0.942664206501502,24.2236355249441
7.34781746031746,0.795249618033874,0.764373982130559,0.942213479150478,24.2241777943017
7.34791666666667,0.79518000199807,0.764386555127751,0.941762967536036,24.2247199815228
7.34801587301587,0.795110387198611,0.764399095493738,0.941312671552861,24.2252620866254
7.34811507936508,0.795040773657252,0.764411603238675,0.940862591095686,24.2258041096272
7.34821428571429,0.794971161395777,0.764424078372698,0.940412726059286,24.2263460505462
7.34831349206349,0.794901550435995,0.764436520905925,0.939963076338479,24.2268879094001
7.3484126984127,0.794831940799742,0.764448930848455,0.939513641828126,24.2274296862069
7.3485119047619,0.794762332508881,0.764461308210369,0.939064422423132,24.2279713809843
7.34861111111111,0.7946927255853,0.76447365300173,0.938615418018446,24.2285129937502
7.34871031746032,0.794623120050915,0.764485965232581,0.938166628509058,24.2290545245222
7.34880952380952,0.794553515927666,0.764498244912947,0.937718053790004,24.2295959733181
7.34890873015873,0.794483913237522,0.764510492052836,0.937269693756362,24.2301373401557
7.34900793650794,0.794414312002476,0.764522706662236,0.936821548303248,24.2306786250527
7.34910714285714,0.794344712244551,0.764534888751117,0.936373617325837,24.2312198280266
7.34920634920635,0.794275113985792,0.764547038329428,0.935925900719333,24.2317609490953
7.34930555555556,0.794205517248273,0.764559155407104,0.935478398378988,24.2323019882763
7.34940476190476,0.794135922054093,0.764571239994059,0.935031110200095,24.2328429455872
7.34950396825397,0.79406632842538,0.764583292100188,0.934584036077994,24.2333838210457
7.34960317460317,0.793996736384285,0.764595311735368,0.934137175908065,24.2339246146692
7.34970238095238,0.793927145952988,0.764607298909458,0.933690529585735,24.2344653264755
7.34980158730159,0.793857557153693,0.764619253632298,0.93324409700647,24.235005956482
7.34990079365079,0.793787970008633,0.764631175913709,0.932797878065783,24.2355465047062
7.35,0.793718384540065,0.764643065763496,0.932351872659228,24.2360869711657
7.35009920634921,0.793648800770275,0.764654923191442,0.931906080682404,24.2366273558779
7.35019841269841,0.793579218721573,0.764666748207313,0.931460502030952,24.2371676588602
7.35029761904762,0.793509638416296,0.764678540820857,0.931015136600559,24.2377078801301
7.35039682539682,0.793440059876808,0.764690301041803,0.93056998428695,24.2382480197049
7.35049603174603,0.793370483125498,0.764702028879862,0.930125044985893,24.2387880776022
7.35059523809524,0.793300908184785,0.764713724344725,0.929680318593213,24.2393280538393
7.35069444444444,0.79323133507711,0.764725387446065,0.929235805004765,24.2398679484334
7.35079365079365,0.793161763824942,0.764737018193539,0.928791504116449,24.240407761402
7.35089285714286,0.793092194450778,0.764748616596782,0.92834741582421,24.2409474927623
7.35099206349206,0.793022626977139,0.764760182665411,0.927903540024036,24.2414871425317
7.35109126984127,0.792953061426573,0.764771716409028,0.92745987661196,24.2420267107274
7.35119047619048,0.792883497821656,0.764783217837211,0.927016425484056,24.2425661973666
7.35128968253968,0.792813936184989,0.764794686959525,0.926573186536442,24.2431056024666
7.35138888888889,0.792744376539198,0.764806123785512,0.926130159665281,24.2436449260445
7.35148809523809,0.792674818906938,0.764817528324698,0.925687344766777,24.2441841681176
7.3515873015873,0.79260526331089,0.76482890058659,0.925244741737178,24.2447233287031
7.35168650793651,0.79253570977376,0.764840240580675,0.924802350472777,24.245262407818
7.35178571428571,0.792466158318281,0.764851548316425,0.924360170869908,24.2458014054794
7.35188492063492,0.792396608967212,0.764862823803289,0.92391820282495,24.2463403217046
7.35198412698413,0.792327061743339,0.764874067050701,0.923476446234319,24.2468791565106
7.35208333333333,0.792257516669476,0.764885278068075,0.92303490099449,24.2474179099143
7.35218253968254,0.79218797376846,0.764896456864807,0.922593567001968,24.2479565819329
7.35228174603175,0.792118433063156,0.764907603450274,0.922152444153304,24.2484951725835
7.35238095238095,0.792048894576457,0.764918717833834,0.921711532345093,24.2490336818828
7.35248015873016,0.791979358331279,0.764929800024827,0.921270831473972,24.2495721098481
7.35257936507937,0.791909824350567,0.764940850032576,0.920830341436624,24.2501104564961
7.35267857142857,0.791840292657291,0.764951867866384,0.920390062129775,24.2506487218439
7.35277777777778,0.791770763274449,0.764962853535534,0.919949993450192,24.2511869059084
7.35287698412698,0.791701236225064,0.764973807049293,0.919510135294687,24.2517250087064
7.35297619047619,0.791631711532185,0.764984728416909,0.919070487560115,24.2522630302548
7.3530753968254,0.791562189218889,0.764995617647611,0.918631050143376,24.2528009705705
7.3531746031746,0.791492669308278,0.765006474750608,0.91819182294141,24.2533388296703
7.35327380952381,0.791423151823481,0.765017299735094,0.917752805851203,24.2538766075711
7.35337301587302,0.791353636787654,0.765028092610242,0.917313998769783,24.2544143042895
7.35347222222222,0.791284124223977,0.765038853385206,0.916875401594216,24.2549519198425
7.35357142857143,0.79121461415566,0.765049582069123,0.916437014221629,24.2554894542466
7.35367063492064,0.791145106605937,0.765060278671112,0.915998836549175,24.2560269075187
7.35376984126984,0.791075601598068,0.76507094320027,0.915560868474055,24.2565642796755
7.35386904761905,0.791006099155341,0.76508157566568,0.915123109893516,24.2571015707336
7.35396825396825,0.79093659930107,0.765092176076404,0.914685560704844,24.2576387807097
7.35406746031746,0.790867102058594,0.765102744441485,0.914248220805372,24.2581759096205
7.35416666666667,0.79079760745128,0.765113280769949,0.913811090092476,24.2587129574826
7.35426587301587,0.79072811550252,0.765123785070803,0.913374168463573,24.2592499243125
7.35436507936508,0.790658626235735,0.765134257353035,0.912937455816126,24.2597868101269
7.35446428571429,0.790589139674368,0.765144697625615,0.912500952047641,24.2603236149424
7.35456349206349,0.790519655841893,0.765155105897494,0.912064657055664,24.2608603387754
7.3546626984127,0.790450174761808,0.765165482177605,0.911628570737788,24.2613969816425
7.3547619047619,0.790380696457637,0.765175826474862,0.91119269299165,24.2619335435602
7.35486111111111,0.790311220952932,0.765186138798161,0.910757023714926,24.2624700245449
7.35496031746032,0.790241748271269,0.765196419156379,0.910321562805333,24.2630064246132
7.35505952380952,0.790172278436253,0.765206667558375,0.909886310160649,24.2635427437815
7.35515873015873,0.790102811471515,0.765216884012988,0.909451265678675,24.2640789820661
7.35525793650794,0.790033347400711,0.765227068529042,0.909016429257264,24.2646151394835
7.35535714285714,0.789963886247524,0.765237221115337,0.908581800794311,24.26515121605
7.35545634920635,0.789894428035663,0.765247341780661,0.908147380187754,24.2656872117821
7.35555555555556,0.789824972788864,0.765257430533777,0.907713167335577,24.266223126696
7.35565476190476,0.78975552053089,0.765267487383435,0.907279162135803,24.266758960808
7.35575396825397,0.789686071285529,0.765277512338363,0.906845364486501,24.2672947141345
7.35585317460317,0.789616625076596,0.765287505407271,0.906411774285784,24.2678303866917
7.35595238095238,0.789547181927932,0.765297466598853,0.905978391431807,24.2683659784959
7.35605158730159,0.789477741863406,0.76530739592178,0.905545215822768,24.2689014895632
7.35615079365079,0.789408304906911,0.765317293384708,0.905112247356909,24.26943691991
7.35625,0.789338871082368,0.765327158996274,0.904679485932516,24.2699722695523
7.35634920634921,0.789269440413723,0.765336992765096,0.904246931447917,24.2705075385065
7.35644841269841,0.78920001292495,0.765346794699773,0.903814583801479,24.2710427267885
7.35654761904762,0.78913058864005,0.765356564808886,0.903382442891628,24.2715778344146
7.35664682539683,0.789061167583048,0.765366303100997,0.902950508616817,24.2721128614008
7.35674603174603,0.788991749777997,0.765376009584651,0.902518780875549,24.2726478077632
7.35684523809524,0.788922335248974,0.765385684268372,0.902087259566369,24.2731826735179
7.35694444444444,0.788852924020087,0.765395327160668,0.901655944587865,24.273717458681
7.35704365079365,0.788783516115465,0.765404938270027,0.901224835838669,24.2742521632684
7.35714285714286,0.788714111559268,0.765414517604918,0.900793933217457,24.2747867872961
7.35724206349206,0.78864471037568,0.765424065173793,0.900363236622948,24.2753213307802
7.35734126984127,0.788575312588911,0.765433580985085,0.899932745953903,24.2758557937366
7.35744047619048,0.788505918223199,0.765443065047208,0.899502461109128,24.2763901761813
7.35753968253968,0.788436527302807,0.765452517368558,0.899072381987473,24.2769244781301
7.35763888888889,0.788367139852026,0.765461937957512,0.898642508487827,24.2774586995989
7.3577380952381,0.788297755895171,0.765471326822429,0.898212840509127,24.2779928406037
7.3578373015873,0.788228375456586,0.765480683971649,0.897783377950353,24.2785269011603
7.35793650793651,0.788158998560638,0.765490009413493,0.89735412071052,24.2790608812845
7.35803571428572,0.788089625231726,0.765499303156265,0.896925068688705,24.2795947809921
7.35813492063492,0.788020255494269,0.76550856520825,0.896496221784012,24.280128600299
7.35823412698413,0.787950889372717,0.765517795577713,0.896067579895591,24.2806623392209
7.35833333333333,0.787881526891544,0.765526994272902,0.895639142922639,24.2811959977735
7.35843253968254,0.78781216807525,0.765536161302047,0.895210910764395,24.2817295759727
7.35853174603175,0.787742812948365,0.765545296673357,0.894782883320141,24.282263073834
7.35863095238095,0.787673461535441,0.765554400395026,0.894355060489201,24.2827964913733
7.35873015873016,0.787604113861058,0.765563472475225,0.893927442170946,24.2833298286061
7.35882936507937,0.787534769949824,0.765572512922112,0.893500028264787,24.2838630855481
7.35892857142857,0.787465429826371,0.765581521743821,0.893072818670179,24.284396262215
7.35902777777778,0.787396093515359,0.765590498948471,0.892645813286622,24.2849293586224
7.35912698412698,0.787326761041473,0.765599444544162,0.892219012013657,24.2854623747858
7.35922619047619,0.787257432429426,0.765608358538974,0.89179241475087,24.2859953107207
7.3593253968254,0.787188107703956,0.76561724094097,0.89136602139789,24.2865281664429
7.3594246031746,0.787118786889828,0.765626091758194,0.890939831854383,24.2870609419677
7.35952380952381,0.787049470011834,0.765634910998671,0.890513846020077,24.2875936373107
7.35962301587302,0.786980157094791,0.765643698670407,0.890088063794725,24.2881262524874
7.35972222222222,0.786910848163543,0.765652454781393,0.889662485078127,24.2886587875132
7.35982142857143,0.786841543242962,0.765661179339596,0.889237109770132,24.2891912424036
7.35992063492063,0.786772242357943,0.76566987235297,0.888811937770625,24.289723617174
7.36001984126984,0.786702945533411,0.765678533829445,0.888386968979542,24.2902559118397
7.36011904761905,0.786633652794314,0.765687163776937,0.887962203296856,24.2907881264163
7.36021825396825,0.786564364165629,0.765695762203342,0.887537640622587,24.2913202609189
7.36031746031746,0.786495079672358,0.765704329116537,0.887113280856797,24.2918523153631
7.36041666666667,0.78642579933953,0.76571286452438,0.886689123899591,24.292384289764
7.36051587301587,0.786356523192201,0.765721368434711,0.886265169651119,24.292916184137
7.36061507936508,0.786287251255451,0.765729840855353,0.885841418011573,24.2934479984974
7.36071428571428,0.78621798355439,0.765738281794109,0.885417868881187,24.2939797328604
7.36081349206349,0.78614872011415,0.765746691258763,0.884994522160243,24.2945113872413
7.3609126984127,0.786079460959893,0.765755069257081,0.884571377749054,24.2950429616552
7.3610119047619,0.786010206116807,0.765763415796812,0.884148435548,24.2955744561174
7.36111111111111,0.785940955610105,0.765771730885684,0.883725695457483,24.2961058706431
7.36121031746032,0.785871709465027,0.765780014531407,0.883303157377955,24.2966372052473
7.36130952380952,0.785802467706838,0.765788266741675,0.882880821209912,24.2971684599452
7.36140873015873,0.785733230360833,0.765796487524159,0.882458686853894,24.297699634752
7.36150793650794,0.785663997452329,0.765804676886517,0.882036754210481,24.2982307296826
7.36160714285714,0.785594769006672,0.765812834836383,0.8816150231803,24.2987617447523
7.36170634920635,0.785525545049235,0.765820961381377,0.88119349366402,24.299292679976
7.36180555555556,0.785456325605415,0.765829056529097,0.880772165562354,24.2998235353687
7.36190476190476,0.785387110700638,0.765837120287124,0.880351038776056,24.3003543109456
7.36200396825397,0.785317900360353,0.765845152663022,0.879930113205926,24.3008850067214
7.36210317460317,0.785248694610039,0.765853153664333,0.879509388752807,24.3014156227113
7.36220238095238,0.7851794934752,0.765861123298584,0.879088865317583,24.3019461589302
7.36230158730159,0.785110296981365,0.765869061573281,0.878668542801185,24.302476615393
7.36240079365079,0.78504110515409,0.765876968495913,0.878248421104578,24.3030069921145
7.3625,0.78497191801896,0.76588484407395,0.877828500128789,24.3035372891097
7.36259920634921,0.784902735601585,0.765892688314842,0.877408779774873,24.3040675063935
7.36269841269841,0.784833557927598,0.765900501226023,0.876989259943931,24.3045976439806
7.36279761904762,0.784764385022662,0.765908282814907,0.87656994053711,24.3051277018859
7.36289682539683,0.784695216912467,0.76591603308889,0.876150821455597,24.3056576801243
7.36299603174603,0.784626053622726,0.76592375205535,0.875731902600626,24.3061875787104
7.36309523809524,0.784556895179182,0.765931439721644,0.875313183873473,24.306717397659
7.36319444444444,0.784487741607601,0.765939096095113,0.874894665175457,24.3072471369849
7.36329365079365,0.784418592933779,0.76594672118308,0.874476346407938,24.3077767967028
7.36339285714286,0.784349449183534,0.765954314992846,0.874058227472324,24.3083063768274
7.36349206349206,0.784280310382716,0.765961877531697,0.873640308270065,24.3088358773733
7.36359126984127,0.784211176557195,0.7659694088069,0.873222588702651,24.3093652983553
7.36369047619048,0.784142047732873,0.765976908825701,0.87280506867162,24.3098946397878
7.36378968253968,0.784072923935675,0.76598437759533,0.87238774807855,24.3104239016857
7.36388888888889,0.784003805191552,0.765991815122997,0.871970626825056,24.3109530840634
7.3639880952381,0.783934691526485,0.765999221415895,0.871553704812819,24.3114821869355
7.3640873015873,0.78386558296648,0.766006596481198,0.871136981943539,24.3120112103166
7.36418650793651,0.783796479537566,0.766013940326059,0.870720458118971,24.3125401542212
7.36428571428571,0.783727381265802,0.766021252957616,0.870304133240909,24.3130690186638
7.36438492063492,0.783658288177273,0.766028534382988,0.869888007211194,24.313597803659
7.36448412698413,0.783589200298088,0.766035784609272,0.869472079931705,24.314126509221
7.36458333333333,0.783520117654386,0.766043003643551,0.869056351304373,24.3146551353645
7.36468253968254,0.78345104027233,0.766050191492887,0.868640821231163,24.3151836821039
7.36478174603175,0.78338196817811,0.766057348164324,0.868225489614089,24.3157121494535
7.36488095238095,0.783312901397941,0.766064473664887,0.867810356355206,24.3162405374277
7.36498015873016,0.783243839958067,0.766071568001584,0.867395421356614,24.3167688460409
7.36507936507936,0.783174783884756,0.766078631181402,0.866980684520457,24.3172970753074
7.36517857142857,0.783105733204305,0.766085663211311,0.866566145748918,24.3178252252417
7.36527777777778,0.783036687943034,0.766092664098264,0.866151804944228,24.3183532958578
7.36537698412698,0.782967648127292,0.766099633849193,0.865737662008654,24.3188812871703
7.36547619047619,0.782898613783454,0.766106572471011,0.865323716844521,24.3194091991932
7.3655753968254,0.782829584937921,0.766113479970616,0.864909969354185,24.3199370319409
7.3656746031746,0.782760561617121,0.766120356354884,0.864496419440048,24.3204647854275
7.36577380952381,0.782691543847506,0.766127201630674,0.864083067004555,24.3209924596673
7.36587301587302,0.782622531655557,0.766134015804827,0.863669911950197,24.3215200546745
7.36597222222222,0.782553525067781,0.766140798884164,0.863256954179505,24.3220475704631
7.36607142857143,0.78248452411071,0.766147550875488,0.862844193595055,24.3225750070474
7.36617063492063,0.782415528810904,0.766154271785585,0.862431630099467,24.3231023644414
7.36626984126984,0.782346539194949,0.766160961621219,0.862019263595403,24.3236296426593
7.36636904761905,0.782277555289457,0.76616762038914,0.86160709398557,24.3241568417151
7.36646825396825,0.782208577121065,0.766174248096076,0.861195121172716,24.3246839616228
7.36656746031746,0.78213960471644,0.766180844748738,0.860783345059634,24.3252110023966
7.36666666666667,0.782070638102272,0.766187410353818,0.86037176554916,24.3257379640504
7.36676587301587,0.782001677305279,0.76619394491799,0.859960382544173,24.3262648465981
7.36686507936508,0.781932722352203,0.766200448447909,0.859549195947591,24.3267916500539
7.36696428571429,0.781863773269819,0.766206920950211,0.85913820566239,24.3273183744316
7.36706349206349,0.78179483008492,0.766213362431514,0.858727411591575,24.3278450197451
7.3671626984127,0.781725892824331,0.766219772898418,0.858316813638197,24.3283715860084
7.36726190476191,0.781656961514901,0.766226152357504,0.857906411705354,24.3288980732353
7.36736111111111,0.781588036183506,0.766232500815335,0.857496205696184,24.3294244814398
7.36746031746032,0.781519116857048,0.766238818278455,0.85708619551387,24.3299508106356
7.36755952380952,0.781450203562456,0.766245104753388,0.856676381061638,24.3304770608366
7.36765873015873,0.781381296326686,0.766251360246642,0.856266762242757,24.3310032320566
7.36775793650794,0.781312395176718,0.766257584764706,0.85585733896054,24.3315293243093
7.36785714285714,0.781243500139561,0.766263778314049,0.855448111118343,24.3320553376086
7.36795634920635,0.781174611242249,0.766269940901123,0.855039078619566,24.3325812719682
7.36805555555556,0.781105728511843,0.766276072532361,0.854630241367651,24.3331071274018
7.36815476190476,0.781036851975429,0.766282173214176,0.854221599266084,24.3336329039231
7.36825396825397,0.780967981660121,0.766288242952966,0.853813152218394,24.3341586015458
7.36835317460318,0.780899117593059,0.766294281755107,0.85340490012815,24.3346842202835
7.36845238095238,0.78083025980141,0.766300289626958,0.852996842898977,24.3352097601498
7.36855158730159,0.780761408312366,0.766306266574859,0.85258898043453,24.3357352211585
7.36865079365079,0.780692563153146,0.766312212605132,0.852181312638511,24.3362606033231
7.36875,0.780623724350995,0.766318127724081,0.851773839414668,24.3367859066571
7.36884920634921,0.780554891933185,0.76632401193799,0.851366560666788,24.3373111311742
7.36894841269841,0.780486065927015,0.766329865253126,0.850959476298705,24.3378362768878
7.36904761904762,0.780417246359808,0.766335687675736,0.850552586214295,24.3383613438115
7.36914682539683,0.780348433258916,0.766341479212049,0.850145890317477,24.3388863319588
7.36924603174603,0.780279626651717,0.766347239868276,0.849739388512214,24.3394112413431
7.36934523809524,0.780210826565613,0.766352969650609,0.849333080702513,24.3399360719779
7.36944444444444,0.780142033028036,0.766358668565222,0.848926966792423,24.3404608238766
7.36954365079365,0.780073246066441,0.76636433661827,0.848521046686036,24.3409854970527
7.36964285714286,0.780004465708311,0.76636997381589,0.848115320287489,24.3415100915194
7.36974206349206,0.779935691981156,0.7663755801642,0.84770978750096,24.3420346072903
7.36984126984127,0.779866924912511,0.766381155669299,0.847304448230669,24.3425590443786
7.36994047619048,0.779798164529939,0.766386700337268,0.846899302380891,24.3430834027977
7.37003968253968,0.779729410861028,0.76639221417417,0.846494349855931,24.3436076825609
7.37013888888889,0.779660663933392,0.766397697186049,0.846089590560141,24.3441318836814
7.3702380952381,0.779591923774674,0.76640314937893,0.845685024397918,24.3446560061725
7.3703373015873,0.77952319041254,0.766408570758821,0.845280651273701,24.3451800500475
7.37043650793651,0.779454463874684,0.76641396133171,0.844876471091973,24.3457040153196
7.37053571428571,0.779385744188828,0.766419321103566,0.844472483757261,24.346227902002
7.37063492063492,0.779317031382717,0.766424650080342,0.844068689174133,24.3467517101079
7.37073412698413,0.779248325484125,0.76642994826797,0.843665087247203,24.3472754396504
7.37083333333333,0.779179626520851,0.766435215672365,0.843261677881126,24.3477990906428
7.37093253968254,0.779110934520722,0.766440452299422,0.842858460980604,24.348322663098
7.37103174603175,0.77904224951159,0.76644565815502,0.842455436450377,24.3488461570292
7.37113095238095,0.778973571521333,0.766450833245016,0.842052604195233,24.3493695724495
7.37123015873016,0.778904900577856,0.766455977575251,0.841649964120001,24.3498929093719
7.37132936507937,0.77883623670909,0.766461091151547,0.841247516129549,24.3504161678095
7.37142857142857,0.778767579942995,0.766466173979707,0.840845260128804,24.3509393477753
7.37152777777778,0.778698930307554,0.766471226065516,0.840443196022719,24.3514624492823
7.37162698412698,0.778630287830778,0.76647624741474,0.840041323716298,24.3519854723434
7.37172619047619,0.778561652540704,0.766481238033127,0.839639643114587,24.3525084169717
7.3718253968254,0.778493024465395,0.766486197926407,0.839238154122677,24.35303128318
7.3719246031746,0.778424403632941,0.766491127100289,0.838836856645698,24.3535540709813
7.37202380952381,0.778355790071458,0.766496025560467,0.838435750588829,24.3540767803884
7.37212301587302,0.778287183809089,0.766500893312613,0.838034835857288,24.3545994114143
7.37222222222222,0.778218584874002,0.766505730362384,0.837634112356338,24.3551219640718
7.37232142857143,0.778149993294394,0.766510536715414,0.837233579991287,24.3556444383736
7.37242063492063,0.778081409098485,0.766515312377324,0.836833238667483,24.3561668343327
7.37251984126984,0.778012832314525,0.766520057353712,0.83643308829032,24.3566891519618
7.37261904761905,0.777944262970787,0.76652477165016,0.836033128765233,24.3572113912736
7.37271825396825,0.777875701095573,0.766529455272229,0.835633359997703,24.357733552281
7.37281746031746,0.777807146717208,0.766534108225465,0.835233781893247,24.3582556349966
7.37291666666667,0.777738599864049,0.766538730515392,0.834834394357442,24.3587776394332
7.37301587301587,0.777670060564475,0.766543322147517,0.834435197295893,24.3592995656034
7.37311507936508,0.777601528846891,0.76654788312733,0.834036190614252,24.3598214135199
7.37321428571429,0.777533004739731,0.7665524134603,0.833637374218216,24.3603431831953
7.37331349206349,0.777464488271454,0.766556913151879,0.833238748013524,24.3608648746424
7.3734126984127,0.777395979470547,0.766561382207498,0.832840311905961,24.3613864878735
7.37351190476191,0.777327478365519,0.766565820632574,0.832442065801351,24.3619080229015
7.37361111111111,0.777258984984911,0.766570228432502,0.832044009605565,24.3624294797387
7.37371031746032,0.777190499357287,0.766574605612659,0.831646143224516,24.3629508583978
7.37380952380952,0.777122021511238,0.766578952178404,0.83124846656416,24.3634721588913
7.37390873015873,0.777053551475381,0.766583268135078,0.830850979530497,24.3639933812316
7.37400793650794,0.776985089278361,0.766587553488002,0.83045368202957,24.3645145254313
7.37410714285714,0.776916634948848,0.76659180824248,0.830056573967465,24.3650355915028
7.37420634920635,0.776848188515539,0.766596032403796,0.829659655250313,24.3655565794585
7.37430555555556,0.776779750007156,0.766600225977217,0.829262925784281,24.3660774893109
7.37440476190476,0.77671131945245,0.766604388967991,0.828866385475595,24.3665983210723
7.37450396825397,0.776642896880196,0.766608521381346,0.828470034230511,24.3671190747551
7.37460317460318,0.776574482319197,0.766612623222494,0.828073871955332,24.3676397503718
7.37470238095238,0.77650607579828,0.766616694496626,0.827677898556403,24.3681603479345
7.37480158730159,0.776437677346302,0.766620735208917,0.827282113940116,24.3686808674556
7.37490079365079,0.776369286992144,0.766624745364522,0.826886518012903,24.3692013089475
7.375,0.776300904764713,0.766628724968577,0.82649111068124,24.3697216724223
7.37509920634921,0.776232530692944,0.766632674026201,0.826095891851647,24.3702419578923
7.37519841269841,0.776164164805797,0.766636592542493,0.825700861430688,24.3707621653699
7.37529761904762,0.77609580713226,0.766640480522534,0.825306019324969,24.371282294867
7.37539682539682,0.776027457701345,0.766644337971386,0.824911365441139,24.3718023463961
7.37549603174603,0.775959116542093,0.766648164894095,0.824516899685892,24.3723223199691
7.37559523809524,0.775890783683569,0.766651961295685,0.824122621965965,24.3728422155983
7.37569444444444,0.775822459154866,0.766655727181164,0.823728532188137,24.3733620332958
7.37579365079365,0.775754142985103,0.76665946255552,0.823334630259226,24.3738817730738
7.37589285714286,0.775685835203426,0.766663167423722,0.822940916086109,24.3744014349441
7.37599206349206,0.775617535839006,0.766666841790724,0.822547389575691,24.3749210189191
7.37609126984127,0.775549244921041,0.766670485661457,0.822154050634926,24.3754405250106
7.37619047619048,0.775480962478757,0.766674099040835,0.821760899170809,24.3759599532307
7.37628968253968,0.775412688541402,0.766677681933756,0.82136793509038,24.3764793035914
7.37638888888889,0.775344423138256,0.766681234345096,0.820975158300724,24.3769985761047
7.37648809523809,0.775276166298621,0.766684756279715,0.820582568708965,24.3775177707825
7.3765873015873,0.775207918051827,0.766688247742452,0.820190166222275,24.3780368876368
7.37668650793651,0.775139678427232,0.76669170873813,0.819797950747865,24.3785559266795
7.37678571428571,0.775071447454217,0.766695139271551,0.819405922192995,24.3790748879226
7.37688492063492,0.775003225162192,0.766698539347502,0.819014080464962,24.3795937713778
7.37698412698413,0.774935011580593,0.766701908970747,0.81862242547111,24.380112577057
7.37708333333333,0.774866806738881,0.766705248146035,0.818230957118826,24.3806313049721
7.37718253968254,0.774798610666545,0.766708556878095,0.817839675315539,24.3811499551348
7.37728174603175,0.774730423393099,0.766711835171639,0.817448579968719,24.3816685275571
7.37738095238095,0.774662244948086,0.766715083031357,0.817057670985891,24.3821870222505
7.37748015873016,0.774594075361072,0.766718300461924,0.816666948274611,24.382705439227
7.37757936507937,0.774525914661651,0.766721487467995,0.816276411742481,24.3832237784982
7.37767857142857,0.774457762879444,0.766724644054207,0.815886061297149,24.3837420400758
7.37777777777778,0.774389620044096,0.766727770225178,0.815495896846305,24.3842602239716
7.37787698412698,0.774321486185283,0.766730865985508,0.815105918297682,24.3847783301972
7.37797619047619,0.774253361332702,0.766733931339777,0.814716125559057,24.3852963587642
7.3780753968254,0.774185245516079,0.766736966292549,0.814326518538247,24.3858143096842
7.3781746031746,0.774117138765167,0.766739970848368,0.81393709714312,24.386332182969
7.37827380952381,0.774049041109745,0.766742945011758,0.81354786128158,24.38684997863
7.37837301587302,0.773980952579617,0.766745888787228,0.813158810861577,24.3873676966788
7.37847222222222,0.773912873204615,0.766748802179265,0.812769945791105,24.3878853371271
7.37857142857143,0.773844803014597,0.76675168519234,0.812381265978201,24.3884028999862
7.37867063492063,0.773776742039447,0.766754537830905,0.811992771330944,24.3889203852677
7.37876984126984,0.773708690309074,0.766757360099391,0.811604461757453,24.3894377929831
7.37886904761905,0.773640647515254,0.766760152137062,0.811216337168062,24.3899551232793
7.37896825396825,0.773572610951616,0.766762915038963,0.810828397491129,24.3904723772629
7.37906746031746,0.773504580024083,0.766765649056947,0.810440642646348,24.3909895551938
7.37916666666667,0.773436554731159,0.766768354206483,0.810053072550087,24.3915066570939
7.37926587301587,0.773368535071357,0.766771030503033,0.80966568711874,24.3920236829857
7.37936507936508,0.773300521043196,0.766773677962049,0.80927848626873,24.3925406328913
7.37946428571429,0.773232512645205,0.766776296598976,0.808891469916503,24.3930575068328
7.37956349206349,0.773164509875919,0.76677888642925,0.808504637978535,24.3935743048325
7.3796626984127,0.773096512733881,0.766781447468302,0.808117990371327,24.3940910269125
7.3797619047619,0.773028521217643,0.766783979731552,0.807731527011406,24.394607673095
7.37986111111111,0.772960535325764,0.766786483234412,0.807345247815329,24.3951242434022
7.37996031746032,0.77289255505681,0.766788957992288,0.806959152699675,24.3956407378562
7.38005952380952,0.772824580409357,0.766791404020578,0.806573241581054,24.3961571564791
7.38015873015873,0.772756611381985,0.766793821334669,0.806187514376099,24.3966734992931
7.38025793650794,0.772688647973284,0.766796209949943,0.805801971001468,24.3971897663203
7.38035714285714,0.772620690181854,0.766798569881773,0.805416611373858,24.3977059575827
7.38045634920635,0.772552738006299,0.766800901145523,0.805031435409979,24.3982220731026
7.38055555555556,0.772484791445234,0.766803203756552,0.804646443026572,24.398738112902
7.38065476190476,0.772416850497277,0.766805477730208,0.804261634140406,24.3992540770029
7.38075396825397,0.772348915161059,0.766807723081832,0.803877008668276,24.3997699654274
7.38085317460317,0.772280985435217,0.766809939826757,0.803492566527002,24.4002857781977
7.38095238095238,0.772213061318393,0.766812127980308,0.803108307633433,24.4008015153357
7.38105158730159,0.772145142809242,0.766814287557802,0.802724231904445,24.4013171768635
7.38115079365079,0.772077229906421,0.766816418574549,0.802340339256937,24.4018327628031
7.38125,0.772009322608599,0.766818521045849,0.801956629607839,24.4023482731766
7.38134920634921,0.771941420914452,0.766820594986996,0.801573102874105,24.4028637080059
7.38144841269841,0.771873524822663,0.766822640413274,0.801189758972716,24.4033790673131
7.38154761904762,0.771805634331922,0.766824657339961,0.800806597820682,24.4038943511202
7.38164682539682,0.771737749440927,0.766826645782326,0.800423619335037,24.4044095594491
7.38174603174603,0.771669870148387,0.76682860575563,0.800040823432842,24.4049246923219
7.38184523809524,0.771601996453013,0.766830537275127,0.79965821003118,24.4054397497604
7.38194444444444,0.77153412835353,0.76683244035606,0.799275779047177,24.4059547317867
7.38204365079365,0.771466265848667,0.766834315013668,0.798893530397969,24.4064696384227
7.38214285714286,0.77139840893716,0.76683616126318,0.798511464000724,24.4069844696904
7.38224206349206,0.771330557617756,0.766837979119817,0.798129579772638,24.4074992256116
7.38234126984127,0.771262711889207,0.766839768598792,0.797747877630931,24.4080139062083
7.38244047619048,0.771194871750274,0.76684152971531,0.797366357492852,24.4085285115024
7.38253968253968,0.771127037199725,0.766843262484568,0.796985019275676,24.4090430415158
7.38263888888889,0.771059208236338,0.766844966921756,0.796603862896705,24.4095574962705
7.38273809523809,0.770991384858895,0.766846643042055,0.796222888273267,24.4100718757882
7.3828373015873,0.770923567066189,0.766848290860638,0.795842095322716,24.4105861800908
7.38293650793651,0.77085575485702,0.766849910392671,0.795461483962435,24.4111004092003
7.38303571428571,0.770787948230194,0.76685150165331,0.795081054109832,24.4116145631384
7.38313492063492,0.770720147184528,0.766853064657705,0.794700805682342,24.4121286419271
7.38323412698413,0.770652351718843,0.766854599420997,0.794320738597426,24.4126426455881
7.38333333333333,0.770584561831969,0.766856105958319,0.793940852772568,24.4131565741433
7.38343253968254,0.770516777522748,0.766857584284797,0.793561148125293,24.4136704276145
7.38353174603175,0.770448998790023,0.766859034415549,0.793181624573138,24.4141842060235
7.38363095238095,0.77038122563265,0.766860456365682,0.79280228203367,24.414697909392
7.38373015873016,0.770313458049489,0.766861850150299,0.792423120424486,24.415211537742
7.38382936507937,0.770245696039411,0.766863215784493,0.792044139663206,24.4157250910952
7.38392857142857,0.770177939601291,0.766864553283349,0.791665339667479,24.4162385694732
7.38402777777778,0.770110188734017,0.766865862661945,0.791286720354981,24.416751972898
7.38412698412698,0.770042443436479,0.766867143935349,0.790908281643412,24.4172653013912
7.38422619047619,0.769974703707579,0.766868397118624,0.790530023450502,24.4177785549746
7.3843253968254,0.769906969546226,0.766869622226823,0.790151945694006,24.41829173367
7.3844246031746,0.769839240951334,0.76687081927499,0.789774048291704,24.418804837499
7.38452380952381,0.769771517921828,0.766871988278164,0.789396331161407,24.4193178664833
7.38462301587302,0.769703800456639,0.766873129251373,0.789018794220948,24.4198308206447
7.38472222222222,0.769636088554708,0.76687424220964,0.78864143738819,24.4203437000049
7.38482142857143,0.769568382214979,0.766875327167977,0.788264260581016,24.4208565045855
7.38492063492064,0.76950068143641,0.76687638414139,0.787887263717351,24.4213692344082
7.38501984126984,0.769432986217962,0.766877413144877,0.787510446715132,24.4218818894947
7.38511904761905,0.769365296558607,0.766878414193426,0.787133809492328,24.4223944698666
7.38521825396825,0.769297612457321,0.76687938730202,0.786757351966934,24.4229069755456
7.38531746031746,0.769229933913091,0.766880332485631,0.786381074056972,24.4234194065533
7.38541666666667,0.76916226092491,0.766881249759225,0.786004975680489,24.4239317629114
7.38551587301587,0.769094593491781,0.76688213913776,0.785629056755563,24.4244440446415
7.38561507936508,0.769026931612712,0.766883000636185,0.785253317200293,24.4249562517651
7.38571428571429,0.76895927528672,0.766883834269442,0.78487775693281,24.425468384304
7.38581349206349,0.76889162451283,0.766884640052463,0.784502375871267,24.4259804422795
7.3859126984127,0.768823979290074,0.766885418000175,0.784127173933848,24.4264924257135
7.3860119047619,0.768756339617493,0.766886168127495,0.78375215103876,24.4270043346274
7.38611111111111,0.768688705494135,0.766886890449333,0.783377307104239,24.4275161690427
7.38621031746032,0.768621076919055,0.766887584980589,0.783002642048547,24.4280279289811
7.38630952380952,0.768553453891317,0.766888251736159,0.782628155789967,24.4285396144641
7.38640873015873,0.768485836409993,0.766888890730926,0.782253848246825,24.4290512255132
7.38650793650794,0.768418224474161,0.766889501979769,0.781879719337458,24.4295627621499
7.38660714285714,0.768350618082909,0.766890085497557,0.781505768980234,24.4300742243958
7.38670634920635,0.76828301723533,0.766890641299152,0.781131997093548,24.4305856122724
7.38680555555556,0.768215421930528,0.766891169399407,0.780758403595824,24.4310969258011
7.38690476190476,0.768147832167613,0.766891669813169,0.780384988405509,24.4316081650034
7.38700396825397,0.768080247945701,0.766892142555273,0.780011751441078,24.4321193299009
7.38710317460317,0.76801266926392,0.766892587640551,0.779638692621034,24.432630420515
7.38720238095238,0.767945096121402,0.766893005083824,0.779265811863906,24.4331414368671
7.38730158730159,0.767877528517289,0.766893394899905,0.778893109088248,24.4336523789787
7.38740079365079,0.76780996645073,0.7668937571036,0.778520584212643,24.4341632468713
7.3875,0.76774240992088,0.766894091709707,0.778148237155699,24.4346740405662
7.38759920634921,0.767674858926906,0.766894398733014,0.777776067836053,24.435184760085
7.38769841269841,0.767607313467978,0.766894678188305,0.777404076172365,24.4356954054489
7.38779761904762,0.767539773543277,0.766894930090352,0.777032262083321,24.4362059766794
7.38789682539683,0.767472239151991,0.766895154453922,0.776660625487644,24.436716473798
7.38799603174603,0.767404710293315,0.766895351293771,0.776289166304073,24.4372268968259
7.38809523809524,0.767337186966454,0.76689552062465,0.775917884451375,24.4377372457845
7.38819444444444,0.767269669170616,0.7668956624613,0.775546779848348,24.4382475206953
7.38829365079365,0.767202156905023,0.766895776818455,0.775175852413812,24.4387577215796
7.38839285714286,0.767134650168899,0.766895863710841,0.774805102066616,24.4392678484587
7.38849206349206,0.76706714896148,0.766895923153175,0.774434528725636,24.4397779013539
7.38859126984127,0.766999653282007,0.766895955160167,0.774064132309775,24.4402878802867
7.38869047619048,0.766932163129731,0.766895959746519,0.77369391273796,24.4407977852782
7.38878968253968,0.766864678503909,0.766895936926925,0.773323869929148,24.4413076163498
7.38888888888889,0.766797199403807,0.76689588671607,0.77295400380232,24.4418173735229
7.3889880952381,0.766729725828697,0.766895809128632,0.772584314276486,24.4423270568186
7.3890873015873,0.76666225777786,0.766895704179281,0.77221480127068,24.4428366662584
7.38918650793651,0.766594795250586,0.766895571882678,0.771845464703966,24.4433462018633
7.38928571428572,0.76652733824617,0.766895412253478,0.771476304495427,24.4438556636548
7.38938492063492,0.766459886763917,0.766895225306326,0.771107320564189,24.4443650516541
7.38948412698413,0.766392440803139,0.766895011055861,0.770738512829389,24.4448743658823
7.38958333333333,0.766325000363156,0.766894769516711,0.770369881210195,24.4453836063608
7.38968253968254,0.766257565443295,0.766894500703498,0.770001425625804,24.4458927731107
7.38978174603175,0.766190136042892,0.766894204630837,0.769633145995437,24.4464018661533
7.38988095238095,0.766122712161289,0.766893881313334,0.769265042238344,24.4469108855098
7.38998015873016,0.766055293797837,0.766893530765585,0.7688971142738,24.4474198312014
7.39007936507937,0.765987880951896,0.766893153002182,0.768529362021107,24.4479287032492
7.39017857142857,0.76592047362283,0.766892748037706,0.768161785399595,24.4484375016744
7.39027777777778,0.765853071810014,0.76689231588673,0.76779438432862,24.4489462264983
7.39037698412698,0.765785675512831,0.766891856563821,0.767427158727562,24.4494548777419
7.39047619047619,0.765718284730669,0.766891370083536,0.767060108515832,24.4499634554264
7.3905753968254,0.765650899462927,0.766890856460426,0.766693233612865,24.4504719595729
7.3906746031746,0.765583519709008,0.766890315709032,0.766326533938123,24.4509803902026
7.39077380952381,0.765516145468326,0.766889747843888,0.765960009411091,24.4514887473367
7.39087301587302,0.765448776740303,0.76688915287952,0.765593659951294,24.4519970309961
7.39097222222222,0.765381413524366,0.766888530830447,0.765227485478269,24.452505241202
7.39107142857143,0.765314055819951,0.766887881711177,0.764861485911586,24.4530133779755
7.39117063492063,0.765246703626503,0.766887205536213,0.76449566117084,24.4535214413377
7.39126984126984,0.765179356943472,0.76688650232005,0.764130011175654,24.4540294313097
7.39136904761905,0.76511201577032,0.766885772077172,0.763764535845677,24.4545373479124
7.39146825396825,0.765044680106512,0.766885014822058,0.763399235100584,24.455045191167
7.39156746031746,0.764977349951524,0.766884230569178,0.763034108860077,24.4555529610946
7.39166666666667,0.764910025304839,0.766883419332993,0.762669157043887,24.456060657716
7.39176587301587,0.764842706165947,0.766882581127959,0.762304379571769,24.4565682810525
7.39186507936508,0.764775392534346,0.76688171596852,0.761939776363505,24.4570758311249
7.39196428571428,0.764708084409543,0.766880823869115,0.761575347338904,24.4575833079543
7.39206349206349,0.764640781791051,0.766879904844174,0.761211092417802,24.4580907115618
7.3921626984127,0.764573484678393,0.766878958908119,0.760847011520062,24.4585980419681
7.3922619047619,0.764506193071095,0.766877986075364,0.760483104565568,24.4591052991945
7.39236111111111,0.764438906968698,0.766876986360314,0.760119371474245,24.4596124832618
7.39246031746032,0.764371626370746,0.766875959777369,0.759755812166032,24.4601195941909
7.39255952380952,0.76430435127679,0.766874906340918,0.759392426560896,24.4606266320029
7.39265873015873,0.764237081686392,0.766873826065343,0.759029214578835,24.4611335967187
7.39275793650794,0.764169817599119,0.766872718965018,0.758666176139871,24.4616404883592
7.39285714285714,0.764102559014547,0.76687158505431,0.758303311164052,24.4621473069453
7.39295634920635,0.764035305932261,0.766870424347576,0.757940619571455,24.4626540524979
7.39305555555556,0.763968058351852,0.766869236859166,0.757578101282183,24.463160725038
7.39315476190476,0.763900816272918,0.766868022603424,0.757215756216364,24.4636673245864
7.39325396825397,0.763833579695067,0.766866781594682,0.756853584294154,24.4641738511641
7.39335317460317,0.763766348617914,0.766865513847267,0.756491585435737,24.4646803047918
7.39345238095238,0.763699123041081,0.766864219375497,0.75612975956132,24.4651866854905
7.39355158730159,0.763631902964199,0.766862898193682,0.755768106591141,24.465692993281
7.39365079365079,0.763564688386904,0.766861550316125,0.755406626445462,24.4661992281842
7.39375,0.763497479308844,0.766860175757119,0.755045319044567,24.4667053902209
7.39384920634921,0.763430275729671,0.766858774530951,0.754684184308783,24.4672114794119
7.39394841269841,0.763363077649049,0.766857346651899,0.754323222158445,24.4677174957781
7.39404761904762,0.763295885066644,0.766855892134233,0.753962432513925,24.4682234393402
7.39414682539683,0.763228697982134,0.766854410992215,0.753601815295618,24.4687293101191
7.39424603174603,0.763161516395204,0.7668529032401,0.753241370423947,24.4692351081355
7.39434523809524,0.763094340305546,0.766851368892133,0.752881097819361,24.4697408334102
7.39444444444444,0.763027169712861,0.766849807962554,0.752520997402335,24.470246485964
7.39454365079365,0.762960004616856,0.766848220465592,0.752161069093374,24.4707520658177
7.39464285714286,0.762892845017246,0.766846606415469,0.751801312813005,24.471257572992
7.39474206349206,0.762825690913756,0.7668449658264,0.751441728481786,24.4717630075077
7.39484126984127,0.762758542306116,0.76684329871259,0.751082316020299,24.4722683693854
7.39494047619048,0.762691399194066,0.76684160508824,0.750723075349153,24.472773658646
7.39503968253968,0.762624261577352,0.766839884967537,0.750364006388984,24.47327887531
7.39513888888889,0.762557129455728,0.766838138364665,0.750005109060455,24.4737840193983
7.3952380952381,0.762490002828957,0.766836365293799,0.749646383284251,24.4742890909316
7.3953373015873,0.762422881696809,0.766834565769104,0.749287828981098,24.4747940899304
7.39543650793651,0.762355766059062,0.766832739804738,0.748929446071733,24.4752990164155
7.39553571428571,0.762288655915502,0.766830887414853,0.748571234476925,24.4758038704076
7.39563492063492,0.762221551265921,0.76682900861359,0.748213194117472,24.4763086519273
7.39573412698413,0.762154452110121,0.766827103415083,0.747855324914195,24.4768133609953
7.39583333333333,0.76208735844791,0.76682517183346,0.747497626787945,24.4773179976321
7.39593253968254,0.762020270279105,0.766823213882838,0.747140099659597,24.4778225618585
7.39603174603175,0.761953187603531,0.766821229577328,0.746782743450054,24.4783270536951
7.39613095238095,0.761886110421019,0.766819218931032,0.746425558080246,24.4788314731624
7.39623015873016,0.76181903873141,0.766817181958045,0.746068543471129,24.479335820281
7.39632936507936,0.76175197253455,0.766815118672452,0.745711699543685,24.4798400950716
7.39642857142857,0.761684911830297,0.766813029088333,0.745355026218925,24.4803442975548
7.39652777777778,0.761617856618512,0.766810913219757,0.744998523417884,24.4808484277511
7.39662698412698,0.761550806899067,0.766808771080788,0.744642191061626,24.481352485681
7.39672619047619,0.761483762671839,0.766806602685479,0.744286029071234,24.4818564713652
7.3968253968254,0.761416723936717,0.766804408047877,0.743930037367836,24.4823603848242
7.3969246031746,0.761349690693594,0.766802187182021,0.743574215872568,24.4828642260784
7.39702380952381,0.761282662942372,0.76679994010194,0.743218564506602,24.4833679951486
7.39712301587302,0.76121564068296,0.766797666821658,0.742863083191132,24.483871692055
7.39722222222222,0.761148623915278,0.766795367355188,0.742507771847382,24.4843753168183
7.39732142857143,0.761081612639248,0.766793041716538,0.742152630396601,24.484878869459
7.39742063492063,0.761014606854806,0.766790689919706,0.741797658760066,24.4853823499975
7.39751984126984,0.760947606561891,0.766788311978681,0.74144285685908,24.4858857584544
7.39761904761905,0.760880611760452,0.766785907907448,0.741088224614972,24.48638909485
7.39771825396825,0.760813622450445,0.76678347771998,0.740733761949098,24.4868923592049
7.39781746031746,0.760746638631835,0.766781021430243,0.740379468782843,24.4873955515395
7.39791666666667,0.760679660304593,0.766778539052197,0.740025345037614,24.4878986718743
7.39801587301587,0.760612687468699,0.766776030599792,0.739671390634849,24.4884017202296
7.39811507936508,0.760545720124141,0.76677349608697,0.739317605496011,24.488904696626
7.39821428571429,0.760478758270912,0.766770935527666,0.738963989542584,24.4894076010837
7.39831349206349,0.760411801909017,0.766768348935807,0.738610542696094,24.4899104336233
7.3984126984127,0.760344851038467,0.76676573632531,0.738257264878081,24.4904131942651
7.39851190476191,0.760277905659279,0.766763097710087,0.737904156010113,24.4909158830295
7.39861111111111,0.76021096577148,0.766760433104041,0.737551216013786,24.4914184999369
7.39871031746032,0.760144031375104,0.766757742521065,0.737198444810725,24.4919210450076
7.39880952380952,0.760077102470192,0.766755025975047,0.736845842322578,24.492423518262
7.39890873015873,0.760010179056795,0.766752283479864,0.736493408471022,24.4929259197204
7.39900793650794,0.759943261134968,0.766749515049389,0.73614114317776,24.4934282494032
7.39910714285714,0.759876348704778,0.766746720697482,0.735789046364522,24.4939305073307
7.39920634920635,0.759809441766297,0.766743900438,0.735437117953065,24.4944326935233
7.39930555555556,0.759742540319605,0.766741054284788,0.735085357865171,24.4949348080012
7.39940476190476,0.759675644364792,0.766738182251685,0.73473376602265,24.4954368507847
7.39950396825397,0.759608753901952,0.766735284352522,0.734382342347339,24.4959388218942
7.39960317460317,0.75954186893119,0.766732360601122,0.734031086761101,24.4964407213499
7.39970238095238,0.759474989452617,0.766729411011299,0.73367999918582,24.496942549172
7.39980158730159,0.759408115466353,0.766726435596859,0.733329079543424,24.4974443053809
7.39990079365079,0.759341246972526,0.766723434371603,0.73297832775585,24.4979459899968
7.4,0.759274383971269,0.76672040734932,0.732627743745069,24.49844760304
7.40009920634921,0.759207526462726,0.766717354543792,0.732277327433076,24.4989491445306
7.40019841269841,0.759140674447047,0.766714275968796,0.731927078741895,24.4994506144889
7.40029761904762,0.75907382792439,0.766711171638097,0.731576997593576,24.4999520129351
7.40039682539683,0.759006986894921,0.766708041565454,0.731227083910196,24.5004533398895
7.40049603174603,0.758940151358813,0.766704885764618,0.730877337613856,24.5009545953721
7.40059523809524,0.758873321316249,0.766701704249332,0.730527758626689,24.5014557794033
7.40069444444444,0.758806496767418,0.76669849703333,0.73017834687085,24.5019568920031
7.40079365079365,0.758739677712516,0.76669526413034,0.729829102268522,24.5024579331918
7.40089285714286,0.758672864151748,0.766692005554079,0.729480024741915,24.5029589029895
7.40099206349206,0.758606056085327,0.766688721318259,0.729131114213266,24.5034598014164
7.40109126984127,0.758539253513473,0.766685411436584,0.728782370604838,24.5039606284926
7.40119047619048,0.758472456436413,0.766682075922746,0.728433793838917,24.5044613842381
7.40128968253968,0.758405664854385,0.766678714790434,0.728085383837828,24.5049620686733
7.40138888888889,0.758338878767632,0.766675328053325,0.727737140523911,24.5054626818181
7.4014880952381,0.758272098176404,0.766671915725092,0.727389063819534,24.5059632236926
7.4015873015873,0.758205323080962,0.766668477819396,0.727041153647095,24.506463694317
7.40168650793651,0.758138553481571,0.766665014349893,0.726693409929017,24.5069640937114
7.40178571428571,0.758071789378507,0.76666152533023,0.72634583258775,24.5074644218958
7.40188492063492,0.758005030772052,0.766658010774044,0.725998421545771,24.5079646788902
7.40198412698413,0.757938277662495,0.766654470694968,0.725651176725584,24.5084648647148
7.40208333333333,0.757871530050136,0.766650905106624,0.725304098049717,24.5089649793895
7.40218253968254,0.75780478793528,0.766647314022627,0.724957185440728,24.5094650229345
7.40228174603175,0.757738051318239,0.766643697456584,0.7246104388212,24.5099649953697
7.40238095238095,0.757671320199336,0.766640055422094,0.724263858113744,24.5104648967152
7.40248015873016,0.757604594578899,0.766636387932747,0.723917443240996,24.5109647269909
7.40257936507936,0.757537874457265,0.766632695002127,0.723571194125619,24.5114644862169
7.40267857142857,0.757471159834778,0.766628976643808,0.723225110690299,24.5119641744132
7.40277777777778,0.757404450711792,0.766625232871358,0.722879192857762,24.5124637915996
7.40287698412698,0.757337747088665,0.766621463698335,0.722533440550747,24.5129633377963
7.40297619047619,0.757271048965766,0.766617669138291,0.722187853692024,24.5134628130232
7.4030753968254,0.75720435634347,0.766613849204768,0.72184243220439,24.5139622173002
7.4031746031746,0.757137669222161,0.766610003911302,0.721497176010668,24.5144615506472
7.40327380952381,0.757070987602229,0.766606133271419,0.721152085033708,24.5149608130842
7.40337301587302,0.757004311484074,0.766602237298638,0.720807159196387,24.5154600046312
7.40347222222222,0.756937640868102,0.76659831600647,0.720462398421609,24.5159591253079
7.40357142857143,0.756870975754727,0.766594369408419,0.720117802632303,24.5164581751344
7.40367063492063,0.756804316144372,0.766590397517979,0.719773371751428,24.5169571541305
7.40376984126984,0.756737662037467,0.766586400348638,0.719429105701965,24.5174560623162
7.40386904761905,0.756671013434448,0.766582377913874,0.719085004406926,24.5179548997112
7.40396825396825,0.756604370335762,0.766578330227158,0.718741067789347,24.5184536663355
7.40406746031746,0.756537732741862,0.766574257301954,0.718397295772292,24.5189523622089
7.40416666666667,0.756471100653208,0.766570159151717,0.718053688278846,24.5194509873513
7.40426587301587,0.75640447407027,0.766566035789893,0.717710245232136,24.5199495417824
7.40436507936508,0.756337852993524,0.766561887229922,0.7173669665553,24.5204480255222
7.40446428571429,0.756271237423454,0.766557713485235,0.717023852171509,24.5209464385904
7.40456349206349,0.756204627360552,0.766553514569255,0.71668090200396,24.5214447810069
7.4046626984127,0.756138022805318,0.766549290495397,0.716338115975876,24.5219430527915
7.40476190476191,0.75607142375826,0.766545041277068,0.715995494010507,24.5224412539639
7.40486111111111,0.756004830219893,0.766540766927667,0.715653036031131,24.5229393845439
7.40496031746032,0.755938242190739,0.766536467460585,0.715310741961052,24.5234374445514
7.40505952380952,0.75587165967133,0.766532142889206,0.714968611723598,24.523935434006
7.40515873015873,0.755805082662204,0.766527793226905,0.714626645242129,24.5244333529275
7.40525793650794,0.755738511163908,0.766523418487049,0.714284842440026,24.5249312013357
7.40535714285714,0.755671945176995,0.766519018682997,0.7139432032407,24.5254289792503
7.40545634920635,0.755605384702028,0.766514593828099,0.71360172756759,24.525926686691
7.40555555555556,0.755538829739577,0.7665101439357,0.713260415344157,24.5264243236776
7.40565476190476,0.755472280290217,0.766505669019135,0.712919266493888,24.5269218902297
7.40575396825397,0.755405736354536,0.766501169091731,0.712578280940309,24.5274193863671
7.40585317460318,0.755339197933125,0.766496644166806,0.71223745860696,24.5279168121094
7.40595238095238,0.755272665026586,0.766492094257673,0.71189679941741,24.5284141674763
7.40605158730159,0.755206137635527,0.766487519377634,0.711556303295257,24.5289114524875
7.40615079365079,0.755139615760564,0.766482919539984,0.711215970164124,24.5294086671626
7.40625,0.755073099402321,0.766478294758012,0.710875799947662,24.5299058115213
7.40634920634921,0.75500658856143,0.766473645044995,0.710535792569548,24.5304028855833
7.40644841269841,0.75494008323853,0.766468970414206,0.710195947953486,24.5308998893681
7.40654761904762,0.754873583434269,0.766464270878908,0.709856266023205,24.5313968228954
7.40664682539682,0.754807089149302,0.766459546452355,0.709516746702464,24.5318936861847
7.40674603174603,0.754740600384291,0.766454797147796,0.709177389915047,24.5323904792558
7.40684523809524,0.754674117139907,0.766450022978469,0.708838195584762,24.5328872021282
7.40694444444444,0.754607639416828,0.766445223957606,0.708499163635448,24.5333838548215
7.40704365079365,0.754541167215741,0.76644040009843,0.708160293990969,24.5338804373552
7.40714285714286,0.754474700537338,0.766435551414156,0.70782158657521,24.5343769497489
7.40724206349206,0.754408239382323,0.766430677917993,0.707483041312098,24.5348733920222
7.40734126984127,0.754341783751405,0.766425779623138,0.707144658125571,24.5353697641946
7.40744047619048,0.7542753336453,0.766420856542784,0.706806436939602,24.5358660662857
7.40753968253968,0.754208889064733,0.766415908690113,0.706468377678186,24.5363622983149
7.40763888888889,0.754142450010437,0.766410936078302,0.706130480265347,24.5368584603019
7.40773809523809,0.754076016483153,0.766405938720517,0.705792744625137,24.5373545522661
7.4078373015873,0.754009588483628,0.766400916629918,0.705455170681632,24.5378505742269
7.40793650793651,0.753943166012619,0.766395869819656,0.705117758358936,24.538346526204
7.40803571428571,0.753876749070889,0.766390798302875,0.70478050758118,24.5388424082167
7.40813492063492,0.75381033765921,0.76638570209271,0.704443418272521,24.5393382202846
7.40823412698413,0.753743931778362,0.766380581202289,0.704106490357143,24.5398339624272
7.40833333333333,0.75367753142913,0.76637543564473,0.703769723759257,24.5403296346637
7.40843253968254,0.75361113661231,0.766370265433146,0.703433118403099,24.5408252370138
7.40853174603175,0.753544747328705,0.766365070580639,0.703096674212934,24.5413207694969
7.40863095238095,0.753478363579123,0.766359851100306,0.702760391113048,24.5418162321322
7.40873015873016,0.753411985364385,0.766354607005233,0.702424269027768,24.5423116249394
7.40882936507937,0.753345612685316,0.766349338308501,0.702088307881432,24.5428069479378
7.40892857142857,0.753279245542749,0.76634404502318,0.701752507598412,24.5433022011467
7.40902777777778,0.753212883937526,0.766338727162334,0.701416868103104,24.5437973845856
7.40912698412698,0.753146527870495,0.766333384739018,0.701081389319933,24.5442924982738
7.40922619047619,0.753080177342514,0.766328017766281,0.70074607117335,24.5447875422308
7.4093253968254,0.753013832354447,0.766322626257162,0.700410913587831,24.5452825164758
7.4094246031746,0.752947492907166,0.766317210224691,0.700075916487881,24.5457774210282
7.40952380952381,0.752881159001553,0.766311769681893,0.69974107979803,24.5462722559074
7.40962301587302,0.752814830638494,0.766306304641783,0.699406403442837,24.5467670211327
7.40972222222222,0.752748507818886,0.766300815117369,0.699071887346884,24.5472617167234
7.40982142857143,0.752682190543631,0.76629530112165,0.698737531434783,24.5477563426988
7.40992063492063,0.752615878813642,0.766289762667618,0.698403335631171,24.5482508990782
7.41001984126984,0.752549572629837,0.766284199768256,0.698069299860713,24.5487453858809
7.41011904761905,0.752483271993142,0.76627861243654,0.697735424048093,24.5492398031263
7.41021825396825,0.752416976904493,0.766273000685437,0.69740170811804,24.5497341508335
7.41031746031746,0.752350687364832,0.766267364527908,0.697068151995292,24.5502284290218
7.41041666666667,0.752284403375108,0.766261703976903,0.69673475560462,24.5507226377105
7.41051587301587,0.75221812493628,0.766256019045366,0.696401518870823,24.5512167769188
7.41061507936508,0.752151852049313,0.766250309746234,0.696068441718723,24.551710846666
7.41071428571429,0.752085584715181,0.766244576092433,0.695735524073171,24.5522048469713
7.41081349206349,0.752019322934864,0.766238818096883,0.695402765859046,24.5526987778539
7.4109126984127,0.751953066709352,0.766233035772496,0.695070167001252,24.553192639333
7.4110119047619,0.75188681603964,0.766227229132175,0.694737727424718,24.5536864314278
7.41111111111111,0.751820570926734,0.766221398188817,0.694405447054404,24.5541801541575
7.41121031746032,0.751754331371646,0.766215542955308,0.694073325815292,24.5546738075413
7.41130952380952,0.751688097375395,0.766209663444529,0.693741363632394,24.5551673915984
7.41140873015873,0.751621868939009,0.766203759669351,0.693409560430747,24.5556609063478
7.41150793650794,0.751555646063524,0.766197831642638,0.693077916135416,24.5561543518089
7.41160714285714,0.751489428749982,0.766191879377245,0.692746430671487,24.5566477280006
7.41170634920635,0.751423216999435,0.76618590288602,0.692415103964086,24.5571410349421
7.41180555555556,0.751357010812942,0.766179902181804,0.692083935938354,24.5576342726527
7.41190476190476,0.751290810191569,0.766173877277427,0.691752926519461,24.5581274411512
7.41200396825397,0.75122461513639,0.766167828185713,0.691422075632604,24.558620540457
7.41210317460317,0.751158425648487,0.766161754919479,0.691091383203009,24.559113570589
7.41220238095238,0.751092241728951,0.766155657491532,0.690760849155926,24.5596065315664
7.41230158730159,0.751026063378878,0.766149535914671,0.690430473416632,24.5600994234082
7.41240079365079,0.750959890599374,0.766143390201689,0.690100255910432,24.5605922461335
7.4125,0.750893723391551,0.766137220365369,0.689770196562658,24.5610849997613
7.41259920634921,0.750827561756532,0.766131026418487,0.689440295298665,24.5615776843108
7.41269841269841,0.750761405695444,0.766124808373811,0.68911055204384,24.5620702998008
7.41279761904762,0.750695255209424,0.7661185662441,0.688780966723593,24.5625628462506
7.41289682539682,0.750629110299616,0.766112300042107,0.688451539263361,24.563055323679
7.41299603174603,0.750562970967172,0.766106009780575,0.688122269588609,24.5635477321051
7.41309523809524,0.75049683721325,0.76609969547224,0.687793157624824,24.5640400715479
7.41319444444444,0.75043070903902,0.76609335712983,0.687464203297532,24.5645323420264
7.41329365079365,0.750364586445656,0.766086994766065,0.687135406532273,24.5650245435595
7.41339285714286,0.750298469434341,0.766080608393656,0.686806767254618,24.5655166761663
7.41349206349206,0.750232358006266,0.766074198025308,0.686478285390165,24.5660087398657
7.41359126984127,0.750166252162629,0.766067763673716,0.686149960864538,24.5665007346766
7.41369047619048,0.750100151904636,0.766061305351569,0.685821793603388,24.566992660618
7.41378968253968,0.750034057233502,0.766054823071545,0.685493783532394,24.5674845177089
7.41388888888889,0.749967968150448,0.766048316846318,0.685165930577259,24.5679763059681
7.41398809523809,0.749901884656703,0.76604178668855,0.684838234663715,24.5684680254145
7.4140873015873,0.749835806753506,0.766035232610898,0.684510695717519,24.5689596760672
7.41418650793651,0.749769734442101,0.76602865462601,0.684183313664457,24.5694512579449
7.41428571428571,0.74970366772374,0.766022052746526,0.683856088430338,24.5699427710665
7.41438492063492,0.749637606599685,0.766015426985077,0.683529019941001,24.570434215451
7.41448412698413,0.749571551071204,0.766008777354288,0.683202108122311,24.5709255911172
7.41458333333333,0.749505501139572,0.766002103866775,0.682875352900153,24.571416898084
7.41468253968254,0.749439456806074,0.765995406535144,0.682548754200455,24.5719081363702
7.41478174603175,0.749373418072002,0.765988685371998,0.682222311949158,24.5723993059946
7.41488095238095,0.749307384938654,0.765981940389927,0.681896026072231,24.5728904069761
7.41498015873016,0.749241357407338,0.765975171601515,0.681569896495673,24.5733814393335
7.41507936507937,0.74917533547937,0.765968379019338,0.681243923145509,24.5738724030856
7.41517857142857,0.74910931915607,0.765961562655965,0.680918105947789,24.5743632982512
7.41527777777778,0.749043308438771,0.765954722523956,0.680592444828592,24.5748541248491
7.41537698412698,0.74897730332881,0.765947858635862,0.680266939714022,24.5753448828982
7.41547619047619,0.748911303827533,0.765940971004228,0.679941590530211,24.5758355724171
7.4155753968254,0.748845309936294,0.765934059641589,0.679616397203315,24.5763261934246
7.4156746031746,0.748779321656454,0.765927124560473,0.679291359659521,24.5768167459395
7.41577380952381,0.748713338989383,0.765920165773402,0.678966477825039,24.5773072299805
7.41587301587302,0.748647361936458,0.765913183292886,0.678641751626107,24.5777976455664
7.41597222222222,0.748581390499063,0.76590617713143,0.67831718098899,24.5782879927159
7.41607142857143,0.74851542467859,0.765899147301529,0.677992765839974,24.5787782714477
7.41617063492064,0.748449464476442,0.765892093815673,0.677668506105387,24.5792684817805
7.41626984126984,0.748383509894024,0.765885016686341,0.677344401711569,24.5797586237331
7.41636904761905,0.748317560932755,0.765877915926005,0.677020452584891,24.580248697324
7.41646825396825,0.748251617594056,0.765870791547129,0.67669665865175,24.580738702572
7.41656746031746,0.748185679879359,0.76586364356217,0.676373019838573,24.5812286394958
7.41666666666667,0.748119747790104,0.765856471983576,0.676049536071809,24.581718508114
7.41676587301587,0.748053821327737,0.765849276823786,0.675726207277938,24.5822083084453
7.41686507936508,0.747987900493713,0.765842058095233,0.675403033383463,24.5826980405083
7.41696428571429,0.747921985289494,0.765834815810341,0.675080014314916,24.5831877043216
7.41706349206349,0.747856075716551,0.765827549981526,0.674757149998856,24.5836772999039
7.4171626984127,0.747790171776361,0.765820260621196,0.674434440361866,24.5841668272738
7.4172619047619,0.747724273470411,0.765812947741752,0.674111885330559,24.5846562864498
7.41736111111111,0.747658380800193,0.765805611355586,0.673789484831573,24.5851456774507
7.41746031746032,0.747592493767209,0.765798251475082,0.673467238791571,24.5856350002949
7.41755952380952,0.747526612372967,0.765790868112616,0.673145147137242,24.586124255001
7.41765873015873,0.747460736618986,0.765783461280557,0.672823209795312,24.5866134415877
7.41775793650794,0.747394866506789,0.765776030991264,0.672501426692521,24.5871025600734
7.41785714285714,0.747329002037909,0.76576857725709,0.672179797755641,24.5875916104767
7.41795634920635,0.747263143213885,0.765761100090379,0.671858322911471,24.5880805928162
7.41805555555556,0.747197290036265,0.765753599503467,0.671537002086834,24.5885695071103
7.41815476190476,0.747131442506606,0.765746075508683,0.671215835208583,24.5890583533777
7.41825396825397,0.74706560062647,0.765738528118347,0.670894822203596,24.5895471316368
7.41835317460317,0.746999764397428,0.765730957344771,0.670573962998776,24.590035841906
7.41845238095238,0.74693393382106,0.76572336320026,0.670253257521057,24.590524484204
7.41855158730159,0.746868108898951,0.765715745697109,0.669932705697396,24.5910130585492
7.41865079365079,0.746802289632697,0.765708104847607,0.669612307454778,24.59150156496
7.41875,0.7467364760239,0.765700440664035,0.669292062720214,24.5919900034549
7.41884920634921,0.746670668074169,0.765692753158665,0.668971971420743,24.5924783740524
7.41894841269841,0.746604865785122,0.76568504234376,0.66865203348343,24.592966676771
7.41904761904762,0.746539069158384,0.765677308231578,0.668332248835361,24.5934549116289
7.41914682539683,0.746473278195589,0.765669550834367,0.668012617403665,24.5939430786448
7.41924603174603,0.746407492898378,0.765661770164366,0.66769313911548,24.5944311778369
7.41934523809524,0.7463417132684,0.76565396623381,0.66737381389798,24.5949192092238
7.41944444444444,0.746275939307311,0.765646139054921,0.667054641678362,24.5954071728237
7.41954365079365,0.746210171016775,0.765638288639916,0.666735622383851,24.5958950686552
7.41964285714286,0.746144408398465,0.765630415001003,0.666416755941699,24.5963828967364
7.41974206349206,0.746078651454059,0.765622518150384,0.666098042279184,24.596870657086
7.41984126984127,0.746012900185247,0.76561459810025,0.665779481323611,24.5973583497221
7.41994047619048,0.745947154593722,0.765606654862786,0.665461073002311,24.5978459746631
7.42003968253968,0.745881414681189,0.765598688450169,0.665142817242644,24.5983335319275
7.42013888888889,0.745815680449357,0.765590698874566,0.664824713971994,24.5988210215334
7.4202380952381,0.745749951899946,0.765582686148138,0.664506763117772,24.5993084434993
7.4203373015873,0.745684229034682,0.765574650283037,0.664188964607418,24.5997957978434
7.42043650793651,0.745618511855299,0.765566591291409,0.663871318368395,24.6002830845841
7.42053571428572,0.745552800363538,0.765558509185389,0.663553824328192,24.6007703037396
7.42063492063492,0.745487094561151,0.765550403977106,0.663236482414336,24.6012574553283
7.42073412698413,0.745421394449894,0.765542275678681,0.662919292554366,24.6017445393683
7.42083333333333,0.745355700031532,0.765534124302225,0.662602254675856,24.602231555878
7.42093253968254,0.745290011307838,0.765525949859844,0.662285368706403,24.6027185048756
7.42103174603175,0.745224328280593,0.765517752363634,0.661968634573632,24.6032053863794
7.42113095238095,0.745158650951586,0.765509531825683,0.661652052205196,24.6036922004077
7.42123015873016,0.745092979322612,0.765501288258073,0.661335621528772,24.6041789469785
7.42132936507937,0.745027313395477,0.765493021672875,0.661019342472066,24.6046656261102
7.42142857142857,0.74496165317199,0.765484732082154,0.660703214962809,24.6051522378209
7.42152777777778,0.744895998653973,0.765476419497966,0.660387238928761,24.605638782129
7.42162698412698,0.744830349843252,0.765468083932361,0.660071414297705,24.6061252590524
7.42172619047619,0.744764706741662,0.765459725397379,0.659755740997454,24.6066116686095
7.4218253968254,0.744699069351047,0.765451343905052,0.659440218955847,24.6070980108184
7.4219246031746,0.744633437673256,0.765442939467405,0.659124848100749,24.6075842856972
7.42202380952381,0.744567811710148,0.765434512096454,0.658809628360046,24.6080704932642
7.42212301587302,0.744502191463589,0.765426061804209,0.658494559661666,24.6085566335374
7.42222222222222,0.744436576935454,0.765417588602669,0.658179641933551,24.6090427065351
7.42232142857143,0.744370968127624,0.765409092503828,0.657864875103672,24.6095287122752
7.42242063492063,0.744305365041988,0.76540057351967,0.657550259100026,24.6100146507759
7.42251984126984,0.744239767680443,0.765392031662171,0.657235793850641,24.6105005220554
7.42261904761905,0.744174176044895,0.765383466943301,0.656921479283567,24.6109863261318
7.42271825396825,0.744108590137255,0.765374879375019,0.656607315326884,24.611472063023
7.42281746031746,0.744043009959445,0.765366268969279,0.656293301908696,24.6119577327472
7.42291666666667,0.743977435513393,0.765357635738026,0.655979438957135,24.6124433353225
7.42301587301587,0.743911866801034,0.765348979693195,0.65566572640036,24.6129288707669
7.42311507936508,0.743846303824313,0.765340300846716,0.655352164166556,24.6134143390985
7.42321428571428,0.74378074658518,0.765331599210509,0.655038752183935,24.6138997403353
7.42331349206349,0.743715195085596,0.765322874796488,0.654725490380736,24.6143850744953
7.4234126984127,0.743649649327528,0.765314127616556,0.654412378685224,24.6148703415965
7.4235119047619,0.743584109312948,0.76530535768261,0.654099417025687,24.6153555416571
7.42361111111111,0.743518575043842,0.76529656500654,0.653786605330452,24.6158406746949
7.42371031746032,0.743453046522198,0.765287749600226,0.653473943527859,24.6163257407279
7.42380952380952,0.743387523750016,0.76527891147554,0.653161431546282,24.6168107397742
7.42390873015873,0.743322006729301,0.765270050644348,0.652849069314118,24.6172956718518
7.42400793650794,0.743256495462066,0.765261167118507,0.652536856759793,24.6177805369784
7.42410714285714,0.743190989950333,0.765252260909864,0.652224793811759,24.6182653351723
7.42420634920635,0.743125490196131,0.765243332030261,0.651912880398495,24.6187500664512
7.42430555555556,0.743059996201498,0.76523438049153,0.651601116448506,24.6192347308331
7.42440476190476,0.742994507968476,0.765225406305497,0.651289501890324,24.619719328336
7.42450396825397,0.74292902549912,0.765216409483978,0.650978036652508,24.6202038589777
7.42460317460317,0.742863548795489,0.765207390038782,0.650666720663643,24.6206883227762
7.42470238095238,0.742798077859651,0.76519834798171,0.650355553852341,24.6211727197493
7.42480158730159,0.742732612693683,0.765189283324554,0.650044536147242,24.621657049915
7.42490079365079,0.742667153299666,0.7651801960791,0.64973366747701,24.6221413132911
7.425,0.742601699679693,0.765171086257125,0.649422947770333,24.6226255098955
7.42509920634921,0.742536251835863,0.765161953870396,0.649112376955939,24.6231096397461
7.42519841269841,0.742470809770283,0.765152798930676,0.648801954962569,24.6235937028607
7.42529761904762,0.742405373485066,0.765143621449716,0.648491681718995,24.6240776992571
7.42539682539683,0.742339942982337,0.765134421439263,0.648181557154015,24.6245616289533
7.42549603174603,0.742274518264223,0.765125198911052,0.647871581196456,24.6250454919669
7.42559523809524,0.742209099332864,0.765115953876813,0.647561753775169,24.6255292883158
7.42569444444444,0.742143686190404,0.765106686348266,0.647252074819034,24.6260130180179
7.42579365079365,0.742078278838998,0.765097396337125,0.646942544256955,24.6264966810909
7.42589285714286,0.742012877280806,0.765088083855094,0.646633162017865,24.6269802775525
7.42599206349206,0.741947481517997,0.765078748913871,0.646323928030723,24.6274638074207
7.42609126984127,0.741882091552748,0.765069391525143,0.646014842224515,24.6279472707131
7.42619047619048,0.741816707387244,0.765060011700593,0.645705904528252,24.6284306674475
7.42628968253968,0.741751329023676,0.765050609451894,0.645397114870973,24.6289139976416
7.42638888888889,0.741685956464244,0.765041184790709,0.645088473181744,24.6293972613132
7.4264880952381,0.741620589711156,0.765031737728696,0.644779979389654,24.6298804584801
7.4265873015873,0.741555228766627,0.765022268277505,0.644471633423829,24.6303635891598
7.42668650793651,0.741489873632882,0.765012776448775,0.64416343521341,24.6308466533702
7.42678571428571,0.741424524312151,0.765003262254141,0.643855384687571,24.631329651129
7.42688492063492,0.741359180806672,0.764993725705227,0.643547481775509,24.6318125824537
7.42698412698413,0.741293843118692,0.76498416681365,0.643239726406451,24.6322954473622
7.42708333333333,0.741228511250466,0.764974585591019,0.642932118509649,24.6327782458721
7.42718253968254,0.741163185204254,0.764964982048936,0.642624658014382,24.633260978001
7.42728174603175,0.741097864982329,0.764955356198992,0.642317344849955,24.6337436437666
7.42738095238095,0.741032550586965,0.764945708052775,0.642010178945701,24.6342262431865
7.42748015873016,0.74096724202045,0.764936037621859,0.641703160230979,24.6347087762785
7.42757936507936,0.740901939285077,0.764926344917815,0.641396288635174,24.63519124306
7.42767857142857,0.740836642383145,0.764916629952203,0.641089564087699,24.6356736435487
7.42777777777778,0.740771351316964,0.764906892736577,0.640782986517993,24.6361559777623
7.42787698412698,0.74070606608885,0.764897133282482,0.640476555855521,24.6366382457182
7.42797619047619,0.740640786701126,0.764887351601454,0.640170272029772,24.6371204474342
7.4280753968254,0.740575513156127,0.764877547705024,0.639864134970274,24.6376025829278
7.4281746031746,0.74051024545619,0.764867721604712,0.639558144606566,24.6380846522165
7.42827380952381,0.740444983603664,0.76485787331203,0.639252300868223,24.6385666553179
7.42837301587302,0.740379727600903,0.764848002838485,0.638946603684843,24.6390485922496
7.42847222222222,0.740314477450271,0.764838110195574,0.638641052986052,24.639530463029
7.42857142857143,0.740249233154137,0.764828195394785,0.638335648701503,24.6400122676738
7.42867063492063,0.740183994714882,0.7648182584476,0.638030390760873,24.6404940062015
7.42876984126984,0.74011876213489,0.764808299365492,0.63772527909387,24.6409756786295
7.42886904761905,0.740053535416557,0.764798318159927,0.637420313630226,24.6414572849754
7.42896825396825,0.739988314562283,0.76478831484236,0.637115494299699,24.6419388252566
7.42906746031746,0.739923099574478,0.764778289424242,0.636810821032076,24.6424202994906
7.42916666666667,0.73985789045556,0.764768241917014,0.636506293757169,24.642901707695
7.42926587301587,0.739792687207954,0.764758172332109,0.636201912404817,24.6433830498872
7.42936507936508,0.739727489834092,0.764748080680952,0.635897676904886,24.6438643260845
7.42946428571429,0.739662298336415,0.764737966974961,0.635593587187264,24.6443455363046
7.42956349206349,0.739597112717372,0.764727831225544,0.63528964318188,24.6448266805648
7.4296626984127,0.739531932979419,0.764717673444103,0.634985844818674,24.6453077588825
7.42976190476191,0.739466759125019,0.764707493642031,0.634682192027619,24.6457887712752
7.42986111111111,0.739401591156644,0.764697291830714,0.634378684738714,24.6462697177602
7.42996031746032,0.739336429076774,0.764687068021529,0.634075322881986,24.646750598355
7.43005952380952,0.739271272887896,0.764676822225844,0.633772106387486,24.6472314130769
7.43015873015873,0.739206122592504,0.764666554455022,0.633469035185295,24.6477121619434
7.43025793650794,0.739140978193102,0.764656264720415,0.633166109205517,24.6481928449718
7.43035714285714,0.7390758396922,0.76464595303337,0.632863328378286,24.6486734621795
7.43045634920635,0.739010707092316,0.764635619405223,0.632560692633761,24.6491540135837
7.43055555555556,0.738945580395976,0.764625263847303,0.632258201902127,24.649634499202
7.43065476190476,0.738880459605714,0.764614886370932,0.631955856113598,24.6501149190515
7.43075396825397,0.738815344724072,0.764604486987424,0.631653655198412,24.6505952731496
7.43085317460317,0.738750235753598,0.764594065708083,0.631351599086836,24.6510755615137
7.43095238095238,0.738685132696849,0.764583622544207,0.631049687709158,24.651555784161
7.43105158730159,0.738620035556392,0.764573157507085,0.630747920995706,24.6520359411088
7.43115079365079,0.738554944334798,0.764562670607999,0.630446298876821,24.6525160323744
7.43125,0.738489859034647,0.764552161858222,0.630144821282876,24.6529960579751
7.43134920634921,0.738424779658528,0.76454163126902,0.629843488144271,24.6534760179282
7.43144841269841,0.738359706209036,0.76453107885165,0.629542299391431,24.6539559122508
7.43154761904762,0.738294638688776,0.76452050461736,0.62924125495481,24.6544357409604
7.43164682539683,0.738229577100358,0.764509908577394,0.628940354764886,24.654915504074
7.43174603174603,0.738164521446402,0.764499290742984,0.628639598752166,24.655395201609
7.43184523809524,0.738099471729534,0.764488651125355,0.628338986847183,24.6558748335825
7.43194444444444,0.73803442795239,0.764477989735726,0.628038518980495,24.6563544000117
7.43204365079365,0.737969390117612,0.764467306585305,0.627738195082689,24.6568339009139
7.43214285714286,0.737904358227849,0.764456601685294,0.627438015084377,24.6573133363063
7.43224206349206,0.73783933228576,0.764445875046887,0.6271379789162,24.657792706206
7.43234126984127,0.737774312294011,0.764435126681268,0.626838086508823,24.6582720106302
7.43244047619048,0.737709298255275,0.764424356599616,0.626538337792934,24.6587512495961
7.43253968253968,0.737644290172234,0.764413564813099,0.626238732699262,24.6592304231207
7.43263888888889,0.737579288047576,0.764402751332881,0.625939271158549,24.6597095312214
7.4327380952381,0.737514291883998,0.764391916170113,0.625639953101567,24.6601885739151
7.4328373015873,0.737449301684205,0.764381059335941,0.625340778459115,24.6606675512191
7.43293650793651,0.73738431745091,0.764370180841504,0.625041747162021,24.6611464631504
7.43303571428571,0.737319339186831,0.76435928069793,0.624742859141136,24.6616253097261
7.43313492063492,0.737254366894698,0.764348358916341,0.62444411432734,24.6621040909634
7.43323412698413,0.737189400577245,0.764337415507851,0.62414551265154,24.6625828068793
7.43333333333333,0.737124440237217,0.764326450483565,0.623847054044668,24.663061457491
7.43343253968254,0.737059485877364,0.764315463854581,0.623548738437684,24.6635400428154
7.43353174603175,0.736994537500444,0.764304455631988,0.623250565761574,24.6640185628696
7.43363095238095,0.736929595109226,0.764293425826868,0.622952535947351,24.6644970176707
7.43373015873016,0.736864658706482,0.764282374450295,0.622654648926054,24.6649754072358
7.43382936507936,0.736799728294996,0.764271301513334,0.62235690462875,24.6654537315818
7.43392857142857,0.736734803877557,0.764260207027042,0.622059302986528,24.6659319907258
7.43402777777778,0.736669885456963,0.764249091002471,0.621761843930514,24.6664101846848
7.43412698412698,0.73660497303602,0.76423795345066,0.621464527391853,24.6668883134758
7.43422619047619,0.736540066617541,0.764226794382644,0.621167353301715,24.6673663771157
7.4343253968254,0.736475166204346,0.764215613809448,0.620870321591302,24.6678443756217
7.4344246031746,0.736410271799265,0.76420441174209,0.620573432191839,24.6683223090106
7.43452380952381,0.736345383405134,0.76419318819158,0.620276685034579,24.6688001772994
7.43462301587302,0.736280501024798,0.764181943168919,0.619980080050802,24.669277980505
7.43472222222222,0.736215624661107,0.764170676685101,0.619683617171814,24.6697557186445
7.43482142857143,0.736150754316924,0.764159388751112,0.619387296328948,24.6702333917347
7.43492063492063,0.736085889995113,0.764148079377929,0.619091117453564,24.6707109997926
7.43501984126984,0.736021031698553,0.764136748576523,0.618795080477049,24.6711885428351
7.43511904761905,0.735956179430124,0.764125396357854,0.618499185330814,24.6716660208792
7.43521825396825,0.735891333192718,0.764114022732877,0.618203431946301,24.6721434339416
7.43531746031746,0.735826492989235,0.764102627712537,0.617907820254974,24.6726207820393
7.43541666666667,0.735761658822578,0.764091211307772,0.617612350188324,24.6730980651892
7.43551587301587,0.735696830695665,0.764079773529513,0.617317021677878,24.6735752834081
7.43561507936508,0.735632008611417,0.764068314388679,0.617021834655179,24.6740524367129
7.43571428571429,0.735567192572762,0.764056833896186,0.616726789051799,24.6745295251205
7.43581349206349,0.735502382582639,0.764045332062939,0.616431884799338,24.6750065486477
7.4359126984127,0.735437578643992,0.764033808899837,0.616137121829423,24.6754835073113
7.43601190476191,0.735372780759775,0.764022264417767,0.615842500073706,24.6759604011282
7.43611111111111,0.735307988932948,0.764010698627614,0.615548019463869,24.6764372301152
7.43621031746032,0.735243203166481,0.763999111540249,0.615253679931616,24.676913994289
7.43630952380952,0.735178423463348,0.76398750316654,0.614959481408681,24.6773906936666
7.43640873015873,0.735113649826535,0.763975873517344,0.614665423826824,24.6778673282645
7.43650793650794,0.735048882259033,0.76396422260351,0.614371507117831,24.6783438980997
7.43660714285714,0.734984120763841,0.763952550435882,0.614077731213516,24.678820403189
7.43670634920635,0.734919365343968,0.763940857025292,0.613784096045719,24.6792968435489
7.43680555555556,0.734854616002427,0.763929142382566,0.613490601546305,24.6797732191964
7.43690476190476,0.734789872742241,0.763917406518522,0.613197247647164,24.6802495301482
7.43700396825397,0.734725135566443,0.763905649443971,0.612904034280224,24.6807257764209
7.43710317460318,0.734660404478069,0.763893871169713,0.612610961377427,24.6812019580313
7.43720238095238,0.734595679480166,0.763882071706544,0.612318028870747,24.6816780749961
7.43730158730159,0.734530960575789,0.763870251065248,0.612025236692184,24.6821541273321
7.43740079365079,0.734466247767998,0.763858409256604,0.611732584773764,24.6826301150558
7.4375,0.734401541059862,0.763846546291382,0.61144007304754,24.6831060381841
7.43759920634921,0.734336840454461,0.763834662180344,0.611147701445592,24.6835818967335
7.43769841269841,0.734272145954877,0.763822756934243,0.610855469900026,24.6840576907207
7.43779761904762,0.734207457564204,0.763810830563825,0.610563378342977,24.6845334201624
7.43789682539682,0.734142775285542,0.763798883079829,0.610271426706604,24.6850090850752
7.43799603174603,0.734078099122,0.763786914492984,0.609979614923094,24.6854846854757
7.43809523809524,0.734013429076694,0.763774924814013,0.609687942924659,24.6859602213807
7.43819444444444,0.733948765152747,0.763762914053629,0.60939641064354,24.6864356928067
7.43829365079365,0.733884107353291,0.763750882222539,0.609105018012003,24.6869110997702
7.43839285714286,0.733819455681464,0.763738829331439,0.608813764962339,24.687386442288
7.43849206349206,0.733754810140416,0.763726755391022,0.608522651426874,24.6878617203766
7.43859126984127,0.7336901707333,0.763714660411967,0.608231677337951,24.6883369340525
7.43869047619048,0.733625537463278,0.76370254440495,0.607940842627944,24.6888120833324
7.43878968253968,0.733560910333522,0.763690407380637,0.607650147229253,24.6892871682328
7.43888888888889,0.733496289347208,0.763678249349685,0.607359591074304,24.6897621887702
7.43898809523809,0.733431674507524,0.763666070322744,0.607069174095552,24.6902371449612
7.4390873015873,0.733367065817662,0.763653870310458,0.606778896225475,24.6907120368224
7.43918650793651,0.733302463280825,0.763641649323459,0.60648875739658,24.6911868643702
7.43928571428571,0.733237866900221,0.763629407372373,0.606198757541402,24.6916616276211
7.43938492063492,0.733173276679067,0.76361714446782,0.605908896592499,24.6921363265918
7.43948412698413,0.733108692620588,0.763604860620408,0.60561917448246,24.6926109612985
7.43958333333333,0.733044114728017,0.763592555840741,0.605329591143896,24.693085531758
7.43968253968254,0.732979543004593,0.763580230139411,0.605040146509449,24.6935600379865
7.43978174603175,0.732914977453565,0.763567883527006,0.604750840511785,24.6940344800007
7.43988095238095,0.732850418078187,0.763555516014103,0.604461673083593,24.6945088578168
7.43998015873016,0.732785864881725,0.763543127611273,0.604172644157603,24.6949831714515
7.44007936507937,0.732721317867449,0.763530718329078,0.603883753666555,24.6954574209211
7.44017857142857,0.732656777038639,0.763518288178071,0.603595001543224,24.695931606242
7.44027777777778,0.73259224239858,0.763505837168799,0.603306387720411,24.6964057274308
7.44037698412698,0.732527713950568,0.763493365311801,0.603017912130941,24.6968797845037
7.44047619047619,0.732463191697905,0.763480872617606,0.602729574707668,24.6973537774771
7.4405753968254,0.732398675643901,0.763468359096736,0.602441375383474,24.6978277063676
7.4406746031746,0.732334165791874,0.763455824759706,0.602153314091263,24.6983015711914
7.44077380952381,0.732269662145149,0.763443269617022,0.601865390763971,24.6987753719649
7.44087301587302,0.732205164707061,0.763430693679183,0.601577605334556,24.6992491087046
7.44097222222222,0.732140673480949,0.763418096956677,0.601289957736007,24.6997227814266
7.44107142857143,0.732076188470163,0.763405479459988,0.601002447901336,24.7001963901475
7.44117063492063,0.73201170967806,0.76339284119959,0.600715075763584,24.7006699348834
7.44126984126984,0.731947237108004,0.763380182185949,0.600427841255817,24.7011434156508
7.44136904761905,0.731882770763366,0.763367502429524,0.600140744311126,24.701616832466
7.44146825396825,0.731818310647528,0.763354801940764,0.599853784862638,24.7020901853452
7.44156746031746,0.731753856763877,0.763342080730112,0.599566962843497,24.7025634743048
7.44166666666667,0.731689409115809,0.763329338808002,0.599280278186876,24.7030366993611
7.44176587301587,0.731624967706727,0.763316576184861,0.598993730825975,24.7035098605302
7.44186507936508,0.731560532540041,0.763303792871106,0.598707320694022,24.7039829578286
7.44196428571429,0.73149610361917,0.763290988877148,0.598421047724269,24.7044559912724
7.44206349206349,0.731431680947542,0.76327816421339,0.598134911849998,24.7049289608779
7.4421626984127,0.73136726452859,0.763265318890226,0.597848913004514,24.7054018666613
7.4422619047619,0.731302854365757,0.763252452918041,0.597563051121153,24.705874708639
7.44236111111111,0.731238450462491,0.763239566307215,0.597277326133274,24.706347486827
7.44246031746032,0.731174052822252,0.763226659068118,0.596991737974264,24.7068202012416
7.44255952380952,0.731109661448504,0.763213731211111,0.596706286577537,24.707292851899
7.44265873015873,0.73104527634472,0.76320078274655,0.596420971876534,24.7077654388154
7.44275793650794,0.730980897514381,0.763187813684781,0.59613579380472,24.708237962007
7.44285714285714,0.730916524960976,0.763174824036142,0.595850752295587,24.7087104214899
7.44295634920635,0.730852158688002,0.763161813810964,0.595565847282662,24.7091828172804
7.44305555555556,0.730787798698962,0.763148783019569,0.595281078699489,24.7096551493945
7.44315476190476,0.730723444997368,0.763135731672271,0.594996446479641,24.7101274178485
7.44325396825397,0.730659097586741,0.763122659779377,0.594711950556718,24.7105996226584
7.44335317460317,0.730594756470607,0.763109567351185,0.594427590864348,24.7110717638404
7.44345238095238,0.730530421652502,0.763096454397986,0.594143367336185,24.7115438414106
7.44355158730159,0.730466093135969,0.763083320930062,0.593859279905908,24.7120158553851
7.44365079365079,0.730401770924559,0.763070166957688,0.593575328507226,24.71248780578
7.44375,0.730337455021829,0.76305699249113,0.593291513073872,24.7129596926114
7.44384920634921,0.730273145431347,0.763043797540646,0.593007833539606,24.7134315158954
7.44394841269841,0.730208842156687,0.763030582116487,0.592724289838215,24.713903275648
7.44404761904762,0.73014454520143,0.763017346228896,0.592440881903514,24.7143749718853
7.44414682539682,0.730080254569165,0.763004089888106,0.592157609669342,24.7148466046234
7.44424603174603,0.730015970263491,0.762990813104345,0.591874473069567,24.7153181738783
7.44434523809524,0.729951692288011,0.762977515887831,0.59159147203808,24.715789679666
7.44444444444444,0.72988742064634,0.762964198248775,0.591308606508807,24.7162611220026
7.44454365079365,0.729823155342098,0.762950860197378,0.591025876415693,24.716732500904
7.44464285714286,0.729758896378913,0.762937501743837,0.590743281692712,24.7172038163864
7.44474206349206,0.729694643760421,0.762924122898336,0.590460822273863,24.7176750684655
7.44484126984127,0.729630397490267,0.762910723671055,0.590178498093175,24.7181462571576
7.44494047619048,0.729566157572102,0.762897304072164,0.5898963090847,24.7186173824784
7.44503968253968,0.729501924009584,0.762883864111826,0.589614255182521,24.7190884444441
7.44513888888889,0.729437696806383,0.762870403800195,0.589332336320743,24.7195594430705
7.44523809523809,0.729373475966172,0.762856923147419,0.589050552433501,24.7200303783736
7.4453373015873,0.729309261492634,0.762843422163635,0.588768903454956,24.7205012503694
7.44543650793651,0.72924505338946,0.762829900858974,0.588487389319294,24.7209720590737
7.44553571428571,0.729180851660348,0.762816359243559,0.58820600996073,24.7214428045025
7.44563492063492,0.729116656309004,0.762802797327504,0.587924765313505,24.7219134866717
7.44573412698413,0.729052467339142,0.762789215120916,0.587643655311884,24.7223841055972
7.44583333333333,0.728988284754483,0.762775612633894,0.58736267989016,24.7228546612949
7.44593253968254,0.728924108558757,0.762761989876528,0.58708183898266,24.7233251537807
7.44603174603175,0.728859938755701,0.762748346858902,0.586801132523727,24.7237955830704
7.44613095238095,0.72879577534906,0.762734683591088,0.586520560447736,24.7242659491799
7.44623015873016,0.728731618342585,0.762721000083156,0.586240122689088,24.7247362521251
7.44632936507937,0.728667467740039,0.762707296345162,0.585959819182209,24.7252064919217
7.44642857142857,0.728603323545188,0.762693572387158,0.585679649861553,24.7256766685858
7.44652777777778,0.728539185761809,0.762679828219186,0.585399614661602,24.7261467821329
7.44662698412698,0.728475054393685,0.762666063851282,0.585119713516863,24.7266168325791
7.44672619047619,0.728410929444608,0.762652279293471,0.58483994636187,24.72708681994
7.4468253968254,0.728346810918376,0.762638474555773,0.584560313131183,24.7275567442316
7.4469246031746,0.728282698818798,0.762624649648198,0.58428081375939,24.7280266054695
7.44702380952381,0.728218593149687,0.762610804580749,0.584001448181105,24.7284964036695
7.44712301587302,0.728154493914866,0.762596939363421,0.58372221633097,24.7289661388475
7.44722222222222,0.728090401118166,0.7625830540062,0.58344311814365,24.7294358110191
7.44732142857143,0.728026314763423,0.762569148519065,0.583164153553837,24.7299054202002
7.44742063492064,0.727962234854484,0.762555222911988,0.582885322496259,24.7303749664064
7.44751984126984,0.727898161395204,0.76254127719493,0.58260662490566,24.7308444496536
7.44761904761905,0.727834094389442,0.762527311377848,0.582328060716814,24.7313138699573
7.44771825396825,0.727770033841068,0.762513325470686,0.58204962986452,24.7317832273334
7.44781746031746,0.727705979753959,0.762499319483385,0.581771332283609,24.7322525217975
7.44791666666667,0.727641932131999,0.762485293425875,0.581493167908933,24.7327217533654
7.44801587301587,0.727577890979081,0.762471247308079,0.581215136675372,24.7331909220527
7.44811507936508,0.727513856299105,0.762457181139911,0.580937238517836,24.733660027875
7.44821428571429,0.727449828095978,0.762443094931279,0.580659473371257,24.7341290708481
7.44831349206349,0.727385806373617,0.762428988692082,0.580381841170597,24.7345980509876
7.4484126984127,0.727321791135944,0.76241486243221,0.580104341850843,24.7350669683092
7.4485119047619,0.727257782386891,0.762400716161545,0.57982697534701,24.7355358228285
7.44861111111111,0.727193780130397,0.762386549889964,0.579549741594138,24.7360046145611
7.44871031746032,0.727129784370408,0.762372363627333,0.579272640527295,24.7364733435226
7.44880952380952,0.727065795110879,0.762358157383511,0.578995672081572,24.7369420097286
7.44890873015873,0.727001812355772,0.762343931168348,0.578718836192097,24.7374106131948
7.44900793650794,0.726937836109058,0.762329684991688,0.578442132794013,24.7378791539368
7.44910714285714,0.726873866374713,0.762315418863366,0.578165561822495,24.73834763197
7.44920634920635,0.726809903156724,0.762301132793208,0.577889123212745,24.7388160473102
7.44930555555556,0.726745946459083,0.762286826791033,0.577612816899989,24.7392843999728
7.44940476190476,0.726681996285792,0.762272500866653,0.577336642819481,24.7397526899734
7.44950396825397,0.726618052640859,0.76225815502987,0.577060600906504,24.7402209173275
7.44960317460317,0.726554115528302,0.76224378929048,0.576784691096365,24.7406890820507
7.44970238095238,0.726490184952143,0.762229403658268,0.576508913324397,24.7411571841585
7.44980158730159,0.726426260916416,0.762214998143015,0.576233267525962,24.7416252236664
7.44990079365079,0.726362343425161,0.762200572754491,0.575957753636448,24.7420932005899
7.45,0.726298432482424,0.76218612750246,0.575682371591268,24.7425611149446
7.45009920634921,0.726234528092262,0.762171662396675,0.575407121325864,24.7430289667458
7.45019841269841,0.726170630258736,0.762157177446885,0.575132002775705,24.7434967560092
7.45029761904762,0.726106738985919,0.762142672662828,0.574857015876279,24.74396448275
7.45039682539683,0.726042854277889,0.762128148054235,0.574582160563117,24.7444321469839
7.45049603174603,0.725978976138732,0.76211360363083,0.574307436771761,24.7448997487262
7.45059523809524,0.725915104572543,0.762099039402327,0.574032844437787,24.7453672879924
7.45069444444444,0.725851239583424,0.762084455378433,0.573758383496795,24.745834764798
7.45079365079365,0.725787381175484,0.762069851568848,0.573484053884413,24.7463021791582
7.45089285714286,0.72572352935284,0.762055227983262,0.573209855536295,24.7467695310887
7.45099206349206,0.725659684119619,0.762040584631359,0.572935788388123,24.7472368206046
7.45109126984127,0.725595845479952,0.762025921522814,0.572661852375605,24.7477040477215
7.45119047619048,0.725532013437982,0.762011238667294,0.572388047434475,24.7481712124548
7.45128968253968,0.725468187997855,0.761996536074458,0.572114373500494,24.7486383148197
7.45138888888889,0.725404369163729,0.761981813753956,0.571840830509449,24.7491053548317
7.4514880952381,0.725340556939768,0.761967071715433,0.571567418397156,24.7495723325061
7.4515873015873,0.725276751330143,0.761952309968523,0.571294137099456,24.7500392478583
7.45168650793651,0.725212952339034,0.761937528522854,0.571020986552215,24.7505061009036
7.45178571428572,0.725149159970628,0.761922727388044,0.570747966691327,24.7509728916573
7.45188492063492,0.725085374229122,0.761907906573705,0.570475077452717,24.7514396201348
7.45198412698413,0.725021595118716,0.76189306608944,0.570202318772332,24.7519062863512
7.45208333333333,0.724957822643623,0.761878205944844,0.569929690586146,24.7523728903221
7.45218253968254,0.72489405680806,0.761863326149505,0.569657192830159,24.7528394320625
7.45228174603175,0.724830297616254,0.761848426713,0.569384825440399,24.7533059115879
7.45238095238095,0.724766545072438,0.761833507644903,0.569112588352922,24.7537723289135
7.45248015873016,0.724702799180855,0.761818568954775,0.568840481503809,24.7542386840545
7.45257936507937,0.724639059945753,0.761803610652173,0.568568504829167,24.7547049770262
7.45267857142857,0.72457532737139,0.761788632746643,0.56829665826513,24.7551712078438
7.45277777777778,0.724511601462031,0.761773635247724,0.568024941747861,24.7556373765226
7.45287698412698,0.724447882221949,0.761758618164949,0.567753355213548,24.7561034830777
7.45297619047619,0.724384169655424,0.761743581507839,0.567481898598403,24.7565695275245
7.4530753968254,0.724320463766744,0.761728525285911,0.567210571838671,24.7570355098781
7.4531746031746,0.724256764560206,0.761713449508671,0.566939374870617,24.7575014301537
7.45327380952381,0.724193072040112,0.761698354185619,0.566668307630533,24.7579672883664
7.45337301587302,0.724129386210776,0.761683239326246,0.566397370054748,24.7584330845316
7.45347222222222,0.724065707076516,0.761668104940036,0.566126562079606,24.7588988186642
7.45357142857143,0.724002034641659,0.761652951036464,0.565855883641482,24.7593644907795
7.45367063492063,0.723938368910541,0.761637777624997,0.565585334676777,24.7598301008927
7.45376984126984,0.723874709887503,0.761622584715094,0.565314915121919,24.7602956490188
7.45386904761905,0.723811057576896,0.761607372316207,0.565044624913364,24.760761135173
7.45396825396825,0.723747411983079,0.761592140437778,0.564774463987591,24.7612265593704
7.45406746031746,0.723683773110417,0.761576889089245,0.564504432281109,24.7616919216261
7.45416666666667,0.723620140963284,0.761561618280033,0.564234529730454,24.7621572219553
7.45426587301587,0.72355651554606,0.761546328019562,0.563964756272186,24.762622460373
7.45436507936508,0.723492896863137,0.761531018317244,0.563695111842894,24.7630876368942
7.45446428571428,0.72342928491891,0.761515689182481,0.563425596379192,24.7635527515341
7.45456349206349,0.723365679717784,0.76150034062467,0.563156209817722,24.7640178043078
7.4546626984127,0.723302081264171,0.761484972653198,0.562886952095151,24.7644827952302
7.4547619047619,0.723238489562492,0.761469585277443,0.562617823148172,24.7649477243165
7.45486111111111,0.723174904617176,0.761454178506778,0.562348822913512,24.7654125915816
7.45496031746032,0.723111326432657,0.761438752350566,0.562079951327917,24.7658773970406
7.45505952380952,0.723047755013379,0.761423306818163,0.56181120832816,24.7663421407085
7.45515873015873,0.722984190363794,0.761407841918915,0.561542593851044,24.7668068226003
7.45525793650794,0.722920632488361,0.761392357662162,0.561274107833396,24.7672714427309
7.45535714285714,0.722857081391546,0.761376854057236,0.561005750212073,24.7677360011155
7.45545634920635,0.722793537077824,0.76136133111346,0.560737520923954,24.7682004977689
7.45555555555556,0.722729999551677,0.76134578884015,0.560469419905949,24.7686649327062
7.45565476190476,0.722666468817596,0.761330227246613,0.560201447094992,24.7691293059423
7.45575396825397,0.722602944880079,0.761314646342149,0.559933602428044,24.769593617492
7.45585317460317,0.72253942774363,0.761299046136048,0.559665885842094,24.7700578673705
7.45595238095238,0.722475917412764,0.761283426637596,0.559398297274157,24.7705220555926
7.45605158730159,0.722412413892001,0.761267787856066,0.559130836661274,24.7709861821732
7.45615079365079,0.722348917185871,0.761252129800727,0.558863503940514,24.7714502471272
7.45625,0.72228542729891,0.761236452480838,0.558596299048968,24.7719142504696
7.45634920634921,0.722221944235663,0.761220755905651,0.558329221923765,24.7723781922152
7.45644841269841,0.722158468000682,0.761205040084409,0.558062272502048,24.772842072379
7.45654761904762,0.722094998598527,0.761189305026348,0.557795450720995,24.7733058909757
7.45664682539683,0.722031536033766,0.761173550740695,0.557528756517805,24.7737696480203
7.45674603174603,0.721968080310974,0.761157777236671,0.557262189829707,24.7742333435276
7.45684523809524,0.721904631434734,0.761141984523486,0.556995750593957,24.7746969775125
7.45694444444444,0.721841189409638,0.761126172610344,0.556729438747835,24.7751605499897
7.45704365079365,0.721777754240285,0.761110341506441,0.556463254228651,24.7756240609742
7.45714285714286,0.72171432593128,0.761094491220964,0.556197196973739,24.7760875104807
7.45724206349206,0.721650904487239,0.761078621763093,0.55593126692046,24.776550898524
7.45734126984127,0.721587489912783,0.761062733142,0.555665464006204,24.777014225119
7.45744047619048,0.721524082212542,0.761046825366848,0.555399788168386,24.7774774902805
7.45753968253968,0.721460681391154,0.761030898446793,0.555134239344446,24.7779406940231
7.45763888888889,0.721397287453264,0.761014952390982,0.554868817471854,24.7784038363617
7.4577380952381,0.721333900403525,0.760998987208556,0.5546035224881,24.7788669173111
7.4578373015873,0.721270520246599,0.760983002908645,0.554338354330714,24.7793299368859
7.45793650793651,0.721207146987154,0.760966999500374,0.55407331293724,24.779792895101
7.45803571428571,0.721143780629866,0.760950976992859,0.553808398245255,24.7802557919711
7.45813492063492,0.72108042117942,0.760934935395206,0.553543610192358,24.7807186275109
7.45823412698413,0.721017068640508,0.760918874716516,0.55327894871618,24.781181401735
7.45833333333333,0.720953723017829,0.76090279496588,0.553014413754374,24.7816441146583
7.45843253968254,0.720890384316091,0.760886696152382,0.552750005244623,24.7821067662954
7.45853174603175,0.720827052540009,0.760870578285099,0.552485723124636,24.7825693566609
7.45863095238095,0.720763727694306,0.760854441373096,0.552221567332146,24.7830318857697
7.45873015873016,0.720700409783712,0.760838285425435,0.551957537804917,24.7834943536362
7.45882936507936,0.720637098812968,0.760822110451167,0.551693634480736,24.7839567602753
7.45892857142857,0.720573794786818,0.760805916459336,0.551429857297419,24.7844191057015
7.45902777777778,0.720510497710017,0.760789703458977,0.551166206192807,24.7848813899294
7.45912698412698,0.720447207587326,0.760773471459119,0.55090268110477,24.7853436129738
7.45922619047619,0.720383924423515,0.76075722046878,0.550639281971198,24.7858057748492
7.4593253968254,0.720320648223363,0.760740950496974,0.550376008730022,24.7862678755702
7.4594246031746,0.720257378991653,0.760724661552704,0.550112861319185,24.7867299151515
7.45952380952381,0.720194116733178,0.760708353644965,0.549849839676662,24.7871918936076
7.45962301587302,0.720130861452741,0.760692026782745,0.549586943740457,24.7876538109531
7.45972222222222,0.720067613155147,0.760675680975025,0.549324173448597,24.7881156672026
7.45982142857143,0.720004371845215,0.760659316230776,0.549061528739138,24.7885774623706
7.45992063492063,0.719941137527768,0.760642932558961,0.548799009550161,24.7890391964717
7.46001984126984,0.719877910207637,0.760626529968538,0.548536615819775,24.7895008695204
7.46011904761905,0.719814689889662,0.760610108468453,0.548274347486116,24.7899624815314
7.46021825396825,0.71975147657869,0.760593668067646,0.548012204487345,24.790424032519
7.46031746031746,0.719688270279577,0.76057720877505,0.547750186761651,24.7908855224978
7.46041666666667,0.719625070997185,0.760560730599588,0.547488294247249,24.7913469514824
7.46051587301587,0.719561878736384,0.760544233550177,0.547226526882382,24.7918083194872
7.46061507936508,0.719498693502053,0.760527717635723,0.546964884605317,24.7922696265267
7.46071428571429,0.719435515299077,0.760511182865127,0.546703367354348,24.7927308726154
7.46081349206349,0.719372344132351,0.760494629247282,0.546441975067802,24.7931920577677
7.4609126984127,0.719309180006777,0.76047805679107,0.546180707684024,24.7936531819982
7.46101190476191,0.719246022927264,0.760461465505368,0.545919565141392,24.7941142453212
7.46111111111111,0.719182872898728,0.760444855399044,0.545658547378305,24.7945752477512
7.46121031746032,0.719119729926095,0.760428226480957,0.545397654333193,24.7950361893026
7.46130952380952,0.719056594014296,0.76041157875996,0.545136885944512,24.7954970699899
7.46140873015873,0.718993465168274,0.760394912244897,0.544876242150743,24.7959578898275
7.46150793650794,0.718930343392975,0.760378226944603,0.544615722890395,24.7964186488298
7.46160714285714,0.718867228693356,0.760361522867907,0.544355328102004,24.7968793470111
7.46170634920635,0.718804121074381,0.760344800023629,0.544095057724131,24.7973399843858
7.46180555555556,0.71874102054102,0.76032805842058,0.543834911695366,24.7978005609684
7.46190476190476,0.718677927098253,0.760311298067565,0.543574889954323,24.7982610767732
7.46200396825397,0.718614840751067,0.76029451897338,0.543314992439646,24.7987215318145
7.46210317460317,0.718551761504457,0.760277721146812,0.543055219090002,24.7991819261067
7.46220238095238,0.718488689363425,0.760260904596642,0.542795569844084,24.7996422596641
7.46230158730159,0.718425624332981,0.760244069331642,0.54253604464062,24.8001025325011
7.46240079365079,0.718362566418145,0.760227215360576,0.542276643418357,24.800562744632
7.4625,0.71829951562394,0.7602103426922,0.542017366116069,24.801022896071
7.46259920634921,0.718236471955402,0.760193451335262,0.541758212672559,24.8014829868325
7.46269841269841,0.71817343541757,0.760176541298502,0.541499183026656,24.8019430169308
7.46279761904762,0.718110406015495,0.760159612590652,0.541240277117214,24.8024029863801
7.46289682539683,0.718047383754233,0.760142665220436,0.540981494883117,24.8028628951948
7.46299603174603,0.717984368638849,0.760125699196571,0.540722836263273,24.803322743389
7.46309523809524,0.717921360674415,0.760108714527765,0.540464301196618,24.8037825309771
7.46319444444444,0.717858359866011,0.760091711222717,0.540205889622113,24.8042422579733
7.46329365079365,0.717795366218725,0.76007468929012,0.539947601478749,24.8047019243917
7.46339285714286,0.717732379737653,0.760057648738658,0.539689436705539,24.8051615302467
7.46349206349206,0.717669400427899,0.760040589577007,0.539431395241528,24.8056210755525
7.46359126984127,0.717606428294572,0.760023511813835,0.539173477025783,24.8060805603232
7.46369047619048,0.717543463342792,0.760006415457803,0.538915681997396,24.806539984573
7.46378968253968,0.717480505577687,0.759989300517562,0.538658010095497,24.8069993483162
7.46388888888889,0.717417555004391,0.759972167001757,0.538400461259231,24.8074586515669
7.4639880952381,0.717354611628045,0.759955014919025,0.538143035427775,24.8079178943393
7.4640873015873,0.7172916754538,0.759937844277992,0.53788573254033,24.8083770766475
7.46418650793651,0.717228746486814,0.75992065508728,0.537628552536125,24.8088361985057
7.46428571428571,0.717165824732252,0.759903447355501,0.537371495354415,24.809295259928
7.46438492063492,0.717102910195287,0.759886221091258,0.537114560934484,24.8097542609286
7.46448412698413,0.717040002881101,0.759868976303149,0.53685774921564,24.8102132015215
7.46458333333333,0.716977102794882,0.759851712999761,0.536601060137219,24.8106720817209
7.46468253968254,0.716914209941827,0.759834431189674,0.536344493638583,24.8111309015409
7.46478174603175,0.716851324327139,0.759817130881462,0.536088049659121,24.8115896609956
7.46488095238095,0.716788445956033,0.759799812083688,0.535831728138249,24.8120483600991
7.46498015873016,0.716725574833726,0.759782474804908,0.535575529015409,24.8125069988654
7.46507936507936,0.716662710965447,0.759765119053671,0.535319452230071,24.8129655773086
7.46517857142857,0.716599854356431,0.759747744838517,0.535063497721726,24.8134240954427
7.46527777777778,0.716537005011922,0.759730352167978,0.534807665429904,24.8138825532818
7.46537698412698,0.71647416293717,0.759712941050579,0.534551955294151,24.81434095084
7.46547619047619,0.716411328137434,0.759695511494836,0.534296367254042,24.8147992881312
7.4655753968254,0.716348500617981,0.759678063509258,0.53404090124918,24.8152575651695
7.4656746031746,0.716285680384084,0.759660597102344,0.533785557219193,24.8157157819689
7.46577380952381,0.716222867441026,0.759643112282587,0.533530335103738,24.8161739385434
7.46587301587302,0.716160061794096,0.759625609058471,0.533275234842497,24.8166320349069
7.46597222222222,0.716097263448592,0.759608087438474,0.53302025637518,24.8170900710734
7.46607142857143,0.71603447240982,0.759590547431062,0.532765399641521,24.817548047057
7.46617063492063,0.715971688683091,0.759572989044697,0.532510664581283,24.8180059628716
7.46626984126984,0.715908912273728,0.759555412287831,0.532256051134257,24.8184638185311
7.46636904761905,0.715846143187058,0.759537817168908,0.532001559240257,24.8189216140494
7.46646825396825,0.715783381428418,0.759520203696365,0.531747188839125,24.8193793494406
7.46656746031746,0.715720627003152,0.75950257187863,0.531492939870732,24.8198370247185
7.46666666666667,0.715657879916611,0.759484921724124,0.53123881227497,24.820294639897
7.46676587301587,0.715595140174156,0.759467253241259,0.530984805991767,24.82075219499
7.46686507936508,0.715532407781154,0.759449566438439,0.53073092096107,24.8212096900115
7.46696428571429,0.715469682742981,0.759431861324061,0.530477157122855,24.8216671249753
7.46706349206349,0.715406965065017,0.759414137906513,0.530223514417124,24.8221244998953
7.4671626984127,0.715344254752656,0.759396396194176,0.529969992783907,24.8225818147853
7.46726190476191,0.715281551811294,0.759378636195423,0.529716592163259,24.8230390696593
7.46736111111111,0.715218856246339,0.759360857918618,0.529463312495263,24.823496264531
7.46746031746032,0.715156168063204,0.759343061372116,0.529210153720028,24.8239533994143
7.46755952380952,0.71509348726731,0.759325246564268,0.52895711577769,24.824410474323
7.46765873015873,0.715030813864088,0.759307413503413,0.528704198608412,24.824867489271
7.46775793650794,0.714968147858974,0.759289562197883,0.528451402152383,24.8253244442721
7.46785714285714,0.714905489257414,0.759271692656004,0.528198726349819,24.8257813393399
7.46795634920635,0.71484283806486,0.759253804886092,0.527946171140963,24.8262381744885
7.46805555555556,0.714780194286774,0.759235898896456,0.527693736466084,24.8266949497315
7.46815476190476,0.714717557928621,0.759217974695395,0.527441422265474,24.8271516650826
7.46825396825397,0.714654928995881,0.759200032291203,0.527189228479463,24.8276083205557
7.46835317460318,0.714592307494035,0.759182071692164,0.526937155048397,24.8280649161646
7.46845238095238,0.714529693428577,0.759164092906555,0.526685201912653,24.8285214519229
7.46855158730159,0.714467086805004,0.759146095942644,0.526433369012632,24.8289779278443
7.46865079365079,0.714404487628825,0.759128080808692,0.526181656288764,24.8294343439427
7.46875,0.714341895905553,0.759110047512952,0.525930063681506,24.8298907002318
7.46884920634921,0.714279311640712,0.759091996063668,0.525678591131339,24.8303469967251
7.46894841269841,0.714216734839833,0.759073926469076,0.525427238578773,24.8308032334365
7.46904761904762,0.714154165508452,0.759055838737406,0.525176005964346,24.8312594103796
7.46914682539682,0.714091603652117,0.759037732876878,0.524924893228617,24.8317155275681
7.46924603174603,0.71402904927638,0.759019608895705,0.524673900312179,24.8321715850157
7.46934523809524,0.713966502386804,0.759001466802091,0.524423027155646,24.8326275827359
7.46944444444444,0.713903962988958,0.758983306604233,0.524172273699661,24.8330835207426
7.46954365079365,0.713841431088417,0.75896512831032,0.523921639884895,24.8335393990493
7.46964285714286,0.713778906690768,0.758946931928532,0.523671125652039,24.8339952176696
7.46974206349206,0.713716389801603,0.758928717467042,0.523420730941823,24.8344509766172
7.46984126984127,0.713653880426522,0.758910484934015,0.523170455694993,24.8349066759056
7.46994047619048,0.713591378571133,0.758892234337607,0.522920299852326,24.8353623155485
7.47003968253968,0.713528884241052,0.758873965685968,0.522670263354624,24.8358178955595
7.47013888888889,0.713466397441903,0.758855678987237,0.522420346142717,24.8362734159521
7.47023809523809,0.713403918179317,0.758837374249548,0.522170548157461,24.83672887674
7.4703373015873,0.713341446458932,0.758819051481026,0.521920869339738,24.8371842779367
7.47043650793651,0.713278982286396,0.758800710689786,0.521671309630459,24.8376396195556
7.47053571428571,0.713216525667364,0.758782351883939,0.521421868970559,24.8380949016105
7.47063492063492,0.713154076607497,0.758763975071584,0.521172547301002,24.8385501241148
7.47073412698413,0.713091635112467,0.758745580260815,0.520923344562777,24.8390052870821
7.47083333333333,0.71302920118795,0.758727167459715,0.5206742606969,24.8394603905258
7.47093253968254,0.712966774839632,0.758708736676363,0.520425295644414,24.8399154344595
7.47103174603175,0.712904356073208,0.758690287918827,0.520176449346389,24.8403704188967
7.47113095238095,0.712841944894377,0.758671821195167,0.519927721743918,24.8408253438509
7.47123015873016,0.71277954130885,0.758653336513437,0.51967911277813,24.8412802093355
7.47132936507937,0.712717145322342,0.758634833881681,0.519430622390171,24.841735015364
7.47142857142857,0.712654756940579,0.758616313307936,0.519182250521218,24.8421897619499
7.47152777777778,0.712592376169293,0.758597774800231,0.518933997112474,24.8426444491066
7.47162698412698,0.712530003014223,0.758579218366587,0.518685862105168,24.8430990768476
7.47172619047619,0.712467637481118,0.758560644015017,0.518437845440557,24.8435536451862
7.4718253968254,0.712405279575732,0.758542051753525,0.518189947059924,24.844008154136
7.4719246031746,0.71234292930383,0.758523441590109,0.517942166904578,24.8444626037104
7.47202380952381,0.712280586671182,0.758504813532757,0.517694504915857,24.8449169939227
7.47212301587302,0.712218251683567,0.75848616758945,0.517446961035121,24.8453713247863
7.47222222222222,0.712155924346772,0.758467503768161,0.517199535203763,24.8458255963146
7.47232142857143,0.712093604666591,0.758448822076855,0.516952227363196,24.8462798085211
7.47242063492063,0.712031292648826,0.758430122523489,0.516705037454867,24.846733961419
7.47251984126984,0.711968988299288,0.758411405116013,0.516457965420242,24.8471880550217
7.47261904761905,0.711906691623792,0.758392669862365,0.516211011200816,24.8476420893426
7.47271825396825,0.711844402628166,0.758373916770481,0.515964174738119,24.848096064395
7.47281746031746,0.711782121318242,0.758355145848284,0.515717455973696,24.8485499801922
7.47291666666667,0.711719847699862,0.758336357103692,0.515470854849125,24.8490038367476
7.47301587301587,0.711657581778874,0.758317550544614,0.515224371306008,24.8494576340745
7.47311507936508,0.711595323561134,0.758298726178951,0.514978005285975,24.8499113721861
7.47321428571429,0.711533073052507,0.758279884014595,0.514731756730683,24.8503650510958
7.47331349206349,0.711470830258865,0.758261024059431,0.514485625581814,24.8508186708168
7.4734126984127,0.711408595186087,0.758242146321337,0.514239611781079,24.8512722313624
7.4735119047619,0.711346367840061,0.758223250808182,0.513993715270214,24.8517257327459
7.47361111111111,0.711284148226683,0.758204337527827,0.513747935990982,24.8521791749806
7.47371031746032,0.711221936351854,0.758185406488124,0.513502273885173,24.8526325580796
7.47380952380952,0.711159732221487,0.758166457696919,0.513256728894603,24.8530858820562
7.47390873015873,0.711097535841499,0.758147491162049,0.513011300961117,24.8535391469236
7.47400793650794,0.711035347217817,0.758128506891343,0.512765990026583,24.8539923526951
7.47410714285714,0.710973166356375,0.758109504892621,0.512520796032894,24.8544454993839
7.47420634920635,0.710910993263115,0.758090485173698,0.512275718921981,24.8548985870031
7.47430555555556,0.710848827943987,0.758071447742378,0.51203075863579,24.8553516155659
7.47440476190476,0.710786670404948,0.758052392606457,0.511785915116297,24.8558045850856
7.47450396825397,0.710724520651963,0.758033319773727,0.511541188305507,24.8562574955752
7.47460317460317,0.710662378691006,0.758014229251966,0.511296578145448,24.856710347048
7.47470238095238,0.710600244528055,0.757995121048949,0.511052084578178,24.8571631395171
7.47480158730159,0.710538118169102,0.757975995172441,0.510807707545779,24.8576158729956
7.47490079365079,0.71047599962014,0.757956851630198,0.510563446990362,24.8580685474966
7.475,0.710413888887175,0.75793769042997,0.510319302854063,24.8585211630334
7.47509920634921,0.710351785976218,0.757918511579499,0.510075275079046,24.858973719619
7.47519841269841,0.710289690893288,0.757899315086516,0.5098313636075,24.8594262172664
7.47529761904762,0.710227603644414,0.757880100958748,0.509587568381642,24.8598786559889
7.47539682539682,0.710165524235629,0.757860869203911,0.509343889343716,24.8603310357994
7.47549603174603,0.710103452672977,0.757841619829716,0.509100326435991,24.8607833567111
7.47559523809524,0.710041388962507,0.757822352843862,0.508856879600761,24.861235618737
7.47569444444444,0.70997933311028,0.757803068254043,0.508613548780355,24.8616878218902
7.47579365079365,0.70991728512236,0.757783766067945,0.508370333917121,24.8621399661837
7.47589285714286,0.709855245004821,0.757764446293244,0.508127234953435,24.8625920516306
7.47599206349206,0.709793212763746,0.75774510893761,0.507884251831701,24.8630440782438
7.47609126984127,0.709731188405223,0.757725754008704,0.507641384494348,24.8634960460365
7.47619047619048,0.70966917193535,0.757706381514179,0.507398632883833,24.8639479550215
7.47628968253968,0.709607163360231,0.757686991461681,0.50715599694264,24.864399805212
7.47638888888889,0.709545162685979,0.757667583858847,0.506913476613279,24.8648515966209
7.47648809523809,0.709483169918715,0.757648158713305,0.506671071838286,24.8653033292611
7.4765873015873,0.709421185064566,0.757628716032678,0.506428782560225,24.8657550031458
7.47668650793651,0.709359208129669,0.757609255824579,0.506186608721686,24.8662066182877
7.47678571428571,0.709297239120167,0.757589778096613,0.505944550265286,24.8666581746999
7.47688492063492,0.709235278042212,0.757570282856376,0.505702607133667,24.8671096723952
7.47698412698413,0.709173324901964,0.75755077011146,0.505460779269502,24.8675611113868
7.47708333333333,0.709111379705587,0.757531239869444,0.505219066615482,24.8680124916874
7.47718253968254,0.709049442459259,0.757511692137902,0.504977469114338,24.8684638133099
7.47728174603175,0.708987513169162,0.7574921269244,0.504735986708817,24.8689150762674
7.47738095238095,0.708925591841485,0.757472544236495,0.504494619341695,24.8693662805726
7.47748015873016,0.708863678482426,0.757452944081736,0.504253366955776,24.8698174262385
7.47757936507937,0.708801773098193,0.757433326467665,0.504012229493891,24.870268513278
7.47767857142857,0.708739875694997,0.757413691401815,0.503771206898896,24.8707195417038
7.47777777777778,0.708677986279061,0.757394038891711,0.503530299113674,24.871170511529
7.47787698412698,0.708616104856613,0.757374368944871,0.503289506081136,24.8716214227662
7.47797619047619,0.708554231433891,0.757354681568803,0.503048827744219,24.8720722754284
7.4780753968254,0.708492366017139,0.757334976771011,0.502808264045886,24.8725230695283
7.4781746031746,0.708430508612609,0.757315254558987,0.502567814929128,24.8729738050789
7.47827380952381,0.708368659226562,0.757295514940215,0.502327480336961,24.8734244820929
7.47837301587302,0.708306817865265,0.757275757922175,0.502087260212429,24.8738751005831
7.47847222222222,0.708244984534994,0.757255983512335,0.501847154498602,24.8743256605623
7.47857142857143,0.708183159242033,0.757236191718156,0.501607163138574,24.8747761620433
7.47867063492064,0.708121341992673,0.757216382547093,0.501367286075476,24.8752266050389
7.47876984126984,0.708059532793213,0.757196556006591,0.501127523252453,24.8756769895618
7.47886904761905,0.707997731556086,0.757176712140777,0.500887874617212,24.8761273156615
7.47896825396825,0.707935937528232,0.757156851253584,0.5006483401512,24.8765775836478
7.47906746031746,0.707874150543361,0.757136973419075,0.500408919810443,24.8770277936
7.47916666666667,0.707812370599715,0.757117078646952,0.5001696135433,24.8774779455328
7.47926587301587,0.707750597695542,0.757097166946915,0.499930421298148,24.8779280394611
7.47936507936508,0.70768883182909,0.757077238328659,0.49969134302338,24.8783780753996
7.47946428571429,0.70762707299861,0.757057292801876,0.499452378667406,24.8788280533632
7.47956349206349,0.707565321202354,0.757037330376254,0.499213528178652,24.8792779733667
7.4796626984127,0.707503576438579,0.757017351061475,0.49897479150556,24.8797278354249
7.4797619047619,0.707441838705541,0.75699735486722,0.49873616859659,24.8801776395525
7.47986111111111,0.707380108001501,0.756977341803165,0.498497659400216,24.8806273857643
7.47996031746032,0.707318384324721,0.756957311878981,0.498259263864931,24.8810770740751
7.48005952380952,0.707256667673465,0.756937265104335,0.498020981939241,24.8815267044997
7.48015873015873,0.707194958046002,0.756917201488894,0.497782813571675,24.8819762770527
7.48025793650794,0.707133255440598,0.756897121042316,0.497544758710774,24.8824257917491
7.48035714285714,0.707071559855526,0.756877023774258,0.497306817305093,24.8828752486035
7.48045634920635,0.707009871289059,0.756856909694372,0.497068989303208,24.8833246476307
7.48055555555556,0.706948189739474,0.756836778812307,0.49683127465371,24.8837739888454
7.48065476190476,0.706886515205047,0.756816631137707,0.496593673305206,24.8842232722623
7.48075396825397,0.706824847684061,0.756796466680212,0.496356185206319,24.8846724978963
7.48085317460317,0.706763187174797,0.75677628544946,0.49611881030569,24.885121665762
7.48095238095238,0.70670153367554,0.756756087455082,0.495881548551976,24.8855707758742
7.48105158730159,0.706639887184578,0.756735872706709,0.495644399893849,24.8860198282475
7.48115079365079,0.7065782477002,0.756715641213965,0.49540736428,24.8864688228967
7.48125,0.706516615220698,0.75669539298647,0.495170441659133,24.8869177598365
7.48134920634921,0.706454989744366,0.756675128033842,0.494933631979973,24.8873666390817
7.48144841269841,0.7063933712695,0.756654846365695,0.494696935191258,24.8878154606468
7.48154761904762,0.706331759794399,0.756634547991636,0.49446035124174,24.8882642245466
7.48164682539683,0.706270155317364,0.756614232921273,0.494223880080198,24.8887129307959
7.48174603174603,0.706208557836699,0.756593901164205,0.493987521655418,24.8891615794092
7.48184523809524,0.706146967350708,0.756573552730032,0.493751275916203,24.8896101704012
7.48194444444444,0.7060853838577,0.756553187628346,0.493515142811375,24.8900587037867
7.48204365079365,0.706023807355984,0.756532805868737,0.493279122289773,24.8905071795803
7.48214285714286,0.705962237843873,0.756512407460791,0.493043214300251,24.8909555977967
7.48224206349206,0.705900675319681,0.756491992414089,0.492807418791679,24.8914039584505
7.48234126984127,0.705839119781725,0.75647156073821,0.492571735712945,24.8918522615564
7.48244047619048,0.705777571228324,0.756451112442728,0.492336165012953,24.892300507129
7.48253968253968,0.7057160296578,0.756430647537213,0.492100706640623,24.892748695183
7.48263888888889,0.705654495068476,0.756410166031231,0.491865360544891,24.8931968257331
7.4827380952381,0.705592967458678,0.756389667934345,0.491630126674712,24.8936448987938
7.4828373015873,0.705531446826735,0.756369153256112,0.491395004979053,24.8940929143798
7.48293650793651,0.705469933170976,0.756348622006087,0.491159995406903,24.8945408725057
7.48303571428572,0.705408426489735,0.756328074193821,0.49092509790726,24.8949887731862
7.48313492063492,0.705346926781347,0.756307509828861,0.490690312429149,24.8954366164359
7.48323412698413,0.705285434044149,0.756286928920749,0.490455638921604,24.8958844022693
7.48333333333333,0.705223948276481,0.756266331479024,0.490221077333675,24.8963321307012
7.48343253968254,0.705162469476684,0.756245717513221,0.489986627614433,24.896779801746
7.48353174603175,0.705100997643104,0.756225087032871,0.489752289712961,24.8972274154184
7.48363095238095,0.705039532774085,0.756204440047501,0.489518063578361,24.897674971733
7.48373015873016,0.704978074867978,0.756183776566635,0.48928394915975,24.8981224707044
7.48382936507937,0.704916623923132,0.756163096599791,0.489049946406265,24.8985699123471
7.48392857142857,0.704855179937901,0.756142400156484,0.488816055267055,24.8990172966757
7.48402777777778,0.704793742910641,0.756121687246227,0.488582275691287,24.8994646237049
7.48412698412698,0.70473231283971,0.756100957878526,0.488348607628146,24.8999118934491
7.48422619047619,0.704670889723467,0.756080212062886,0.488115051026832,24.900359105923
7.4843253968254,0.704609473560275,0.756059449808806,0.487881605836562,24.9008062611411
7.4844246031746,0.704548064348498,0.756038671125782,0.487648272006568,24.9012533591179
7.48452380952381,0.704486662086504,0.756017876023305,0.487415049486098,24.9017003998681
7.48462301587302,0.704425266772662,0.755997064510864,0.487181938224424,24.902147383406
7.48472222222222,0.704363878405343,0.755976236597943,0.486948938170826,24.9025943097464
7.48482142857143,0.704302496982921,0.755955392294021,0.486716049274602,24.9030411789037
7.48492063492063,0.704241122503772,0.755934531608575,0.486483271485068,24.9034879908925
7.48501984126984,0.704179754966274,0.755913654551078,0.486250604751557,24.9039347457272
7.48511904761905,0.704118394368808,0.755892761130997,0.486018049023416,24.9043814434224
7.48521825396825,0.704057040709756,0.755871851357797,0.485785604250012,24.9048280839927
7.48531746031746,0.703995693987505,0.755850925240939,0.485553270380725,24.9052746674524
7.48541666666667,0.70393435420044,0.755829982789879,0.485321047364954,24.9057211938163
7.48551587301587,0.703873021346953,0.75580902401407,0.485088935152112,24.9061676630986
7.48561507936508,0.703811695425434,0.755788048922961,0.484856933691632,24.906614075314
7.48571428571428,0.703750376434279,0.755767057525996,0.484625042932959,24.9070604304768
7.48581349206349,0.703689064371883,0.755746049832618,0.484393262825559,24.9075067286017
7.4859126984127,0.703627759236645,0.755725025852261,0.484161593318912,24.9079529697031
7.4860119047619,0.703566461026966,0.755703985594361,0.48393003436251,24.9083991537955
7.48611111111111,0.703505169741251,0.755682929068345,0.483698585905874,24.9088452808933
7.48621031746032,0.703443885377904,0.755661856283641,0.483467247898531,24.9092913510109
7.48630952380952,0.703382607935333,0.755640767249667,0.483236020290027,24.909737364163
7.48640873015873,0.703321337411949,0.755619661975844,0.483004903029924,24.9101833203639
7.48650793650794,0.703260073806164,0.755598540471583,0.482773896067801,24.910629219628
7.48660714285714,0.703198817116392,0.755577402746294,0.482542999353255,24.9110750619699
7.48670634920635,0.70313756734105,0.755556248809384,0.482312212835897,24.9115208474039
7.48680555555556,0.703076324478559,0.755535078670254,0.482081536465356,24.9119665759446
7.48690476190476,0.703015088527339,0.755513892338302,0.481850970191277,24.9124122476063
7.48700396825397,0.702953859485814,0.755492689822923,0.481620513963322,24.9128578624034
7.48710317460317,0.702892637352411,0.755471471133505,0.481390167731168,24.9133034203504
7.48720238095238,0.702831422125557,0.755450236279436,0.481159931444511,24.9137489214618
7.48730158730159,0.702770213803684,0.755428985270097,0.480929805053061,24.9141943657518
7.48740079365079,0.702709012385224,0.755407718114867,0.480699788506546,24.914639753235
7.4875,0.702647817868611,0.755386434823121,0.480469881754705,24.9150850839258
7.48759920634921,0.702586630252286,0.755365135404228,0.480240084747307,24.9155303578384
7.48769841269841,0.702525449534686,0.755343819867556,0.480010397434125,24.9159755749874
7.48779761904762,0.702464275714253,0.755322488222468,0.479780819764952,24.9164207353871
7.48789682539683,0.702403108789433,0.755301140478321,0.479551351689598,24.9168658390518
7.48799603174603,0.702341948758672,0.755279776644471,0.479321993157889,24.9173108859961
7.48809523809524,0.702280795620418,0.75525839673027,0.479092744119668,24.9177558762342
7.48819444444444,0.702219649373122,0.755237000745063,0.478863604524795,24.9182008097805
7.48829365079365,0.702158510015239,0.755215588698194,0.478634574323144,24.9186456866495
7.48839285714286,0.702097377545223,0.755194160599002,0.478405653464609,24.9190905068553
7.48849206349206,0.702036251961534,0.755172716456823,0.478176841899097,24.9195352704125
7.48859126984127,0.70197513326263,0.755151256280988,0.477948139576534,24.9199799773353
7.48869047619048,0.701914021446974,0.755129780080824,0.477719546446862,24.9204246276381
7.48878968253968,0.701852916513032,0.755108287865655,0.477491062460039,24.9208692213353
7.48888888888889,0.70179181845927,0.755086779644801,0.477262687566038,24.9213137584411
7.4889880952381,0.701730727284157,0.755065255427577,0.477034421714849,24.92175823897
7.4890873015873,0.701669642986166,0.755043715223295,0.476806264856485,24.9222026629361
7.48918650793651,0.70160856556377,0.755022159041263,0.476578216940966,24.9226470303539
7.48928571428571,0.701547495015445,0.755000586890786,0.476350277918333,24.9230913412377
7.48938492063492,0.70148643133967,0.754978998781162,0.476122447738644,24.9235355956018
7.48948412698413,0.701425374534926,0.754957394721689,0.475894726351971,24.9239797934604
7.48958333333333,0.701364324599696,0.754935774721658,0.475667113708404,24.9244239348279
7.48968253968254,0.701303281532464,0.754914138790358,0.475439609758049,24.9248680197187
7.48978174603175,0.701242245331718,0.754892486937074,0.47521221445103,24.9253120481468
7.48988095238095,0.701181215995949,0.754870819171085,0.474984927737486,24.9257560201268
7.48998015873016,0.701120193523648,0.754849135501669,0.474757749567572,24.9261999356728
7.49007936507936,0.701059177913309,0.754827435938098,0.474530679891461,24.9266437947991
7.49017857142857,0.70099816916343,0.75480572048964,0.474303718659342,24.92708759752
7.49027777777778,0.70093716727251,0.754783989165561,0.474076865821419,24.9275313438498
7.49037698412698,0.700876172239048,0.754762241975122,0.473850121327914,24.9279750338027
7.49047619047619,0.700815184061549,0.75474047892758,0.473623485129062,24.928418667393
7.4905753968254,0.70075420273852,0.754718700032187,0.473396957175124,24.9288622446349
7.4906746031746,0.700693228268467,0.754696905298193,0.473170537416369,24.9293057655427
7.49077380952381,0.700632260649901,0.754675094734844,0.472944225803083,24.9297492301306
7.49087301587302,0.700571299881335,0.75465326835138,0.47271802228557,24.9301926384129
7.49097222222222,0.700510345961283,0.754631426157039,0.472491926814151,24.9306359904038
7.49107142857143,0.700449398888263,0.754609568161055,0.472265939339164,24.9310792861176
7.49117063492063,0.700388458660795,0.754587694372657,0.472040059810961,24.9315225255683
7.49126984126984,0.700327525277399,0.754565804801071,0.471814288179912,24.9319657087704
7.49136904761905,0.7002665987366,0.754543899455518,0.471588624396404,24.9324088357379
7.49146825396825,0.700205679036923,0.754521978345218,0.471363068410839,24.9328519064851
7.49156746031746,0.700144766176899,0.754500041479382,0.471137620173637,24.9332949210262
7.49166666666667,0.700083860155056,0.754478088867223,0.470912279635234,24.9337378793755
7.49176587301587,0.70002296096993,0.754456120517945,0.470687046746082,24.934180781547
7.49186507936508,0.699962068620053,0.754434136440752,0.47046192145665,24.934623627555
7.49196428571429,0.699901183103965,0.75441213664484,0.470236903717419,24.9350664174136
7.49206349206349,0.699840304420206,0.754390121139405,0.470011993478899,24.9355091511371
7.4921626984127,0.699779432567317,0.754368089933638,0.469787190691603,24.9359518287397
7.49226190476191,0.699718567543843,0.754346043036724,0.469562495306066,24.9363944502354
7.49236111111111,0.69965770934833,0.754323980457847,0.46933790727284,24.9368370156385
7.49246031746032,0.699596857979329,0.754301902206185,0.469113426542492,24.9372795249631
7.49255952380952,0.699536013435389,0.754279808290913,0.468889053065606,24.9377219782233
7.49265873015873,0.699475175715065,0.754257698721202,0.468664786792783,24.9381643754334
7.49275793650794,0.699414344816912,0.754235573506219,0.46844062767464,24.9386067166075
7.49285714285714,0.699353520739489,0.754213432655127,0.46821657566181,24.9390490017597
7.49295634920635,0.699292703481355,0.754191276177086,0.467992630704942,24.9394912309041
7.49305555555556,0.699231893041074,0.754169104081249,0.467768792754705,24.9399334040549
7.49315476190476,0.699171089417211,0.75414691637677,0.46754506176178,24.9403755212262
7.49325396825397,0.699110292608332,0.754124713072795,0.467321437676867,24.9408175824322
7.49335317460317,0.699049502613008,0.754102494178467,0.467097920450681,24.9412595876869
7.49345238095238,0.698988719429809,0.754080259702927,0.466874510033953,24.9417015370044
7.49355158730159,0.69892794305731,0.75405800965531,0.466651206377436,24.9421434303989
7.49365079365079,0.698867173494088,0.754035744044748,0.466428009431893,24.9425852678845
7.49375,0.698806410738721,0.754013462880369,0.466204919148106,24.9430270494753
7.49384920634921,0.698745654789789,0.753991166171296,0.465981935476873,24.9434687751853
7.49394841269841,0.698684905645877,0.75396885392665,0.465759058369009,24.9439104450286
7.49404761904762,0.698624163305568,0.753946526155547,0.465536287775344,24.9443520590194
7.49414682539683,0.698563427767452,0.753924182867099,0.465313623646727,24.9447936171717
7.49424603174603,0.698502699030118,0.753901824070415,0.465091065934022,24.9452351194995
7.49434523809524,0.698441977092159,0.753879449774598,0.464868614588108,24.945676566017
7.49444444444444,0.698381261952168,0.753857059988749,0.464646269559884,24.9461179567382
7.49454365079365,0.698320553608743,0.753834654721965,0.464424030800262,24.9465592916772
7.49464285714286,0.698259852060482,0.753812233983338,0.464201898260174,24.947000570848
7.49474206349206,0.698199157305988,0.753789797781958,0.463979871890564,24.9474417942647
7.49484126984127,0.698138469343864,0.753767346126908,0.463757951642396,24.9478829619413
7.49494047619048,0.698077788172714,0.75374487902727,0.463536137466647,24.9483240738918
7.49503968253968,0.698017113791149,0.753722396492121,0.463314429314319,24.9487651301303
7.49513888888889,0.697956446197778,0.753699898530534,0.46309282713642,24.9492061306709
7.4952380952381,0.697895785391214,0.753677385151578,0.46287133088398,24.9496470755275
7.4953373015873,0.697835131370073,0.753654856364318,0.462649940508043,24.9500879647141
7.49543650793651,0.69777448413297,0.753632312177816,0.462428655959673,24.9505287982448
7.49553571428571,0.697713843678527,0.753609752601129,0.462207477189946,24.9509695761337
7.49563492063492,0.697653210005365,0.753587177643311,0.461986404149958,24.9514102983946
7.49573412698413,0.697592583112107,0.75356458731341,0.46176543679082,24.9518509650415
7.49583333333333,0.697531962997381,0.753541981620473,0.461544575063659,24.9522915760886
7.49593253968254,0.697471349659814,0.753519360573542,0.46132381891962,24.9527321315498
7.49603174603175,0.697410743098039,0.753496724181654,0.461103168309863,24.953172631439
7.49613095238095,0.697350143310687,0.753474072453844,0.460882623185566,24.9536130757703
7.49623015873016,0.697289550296395,0.753451405399141,0.460662183497922,24.9540534645575
7.49632936507936,0.697228964053801,0.753428723026571,0.46044184919814,24.9544937978148
7.49642857142857,0.697168384581544,0.753406025345157,0.460221620237446,24.954934075556
7.49652777777778,0.697107811878266,0.753383312363917,0.460001496567086,24.9553742977952
7.49662698412698,0.697047245942614,0.753360584091865,0.459781478138319,24.9558144645462
7.49672619047619,0.696986686773232,0.753337840538012,0.45956156490242,24.956254575823
7.4968253968254,0.696926134368772,0.753315081711364,0.45934175681068,24.9566946316396
7.4969246031746,0.696865588727883,0.753292307620924,0.459122053814411,24.95713463201
7.49702380952381,0.696805049849219,0.753269518275691,0.458902455864935,24.957574576948
7.49712301587302,0.696744517731438,0.753246713684659,0.458682962913596,24.9580144664675
7.49722222222222,0.696683992373196,0.753223893856819,0.458463574911752,24.9584543005826
7.49732142857143,0.696623473773154,0.753201058801158,0.458244291810777,24.9588940793071
7.49742063492063,0.696562961929976,0.75317820852666,0.458025113562062,24.9593338026549
7.49751984126984,0.696502456842326,0.753155343042303,0.457806040117016,24.95977347064
7.49761904761905,0.696441958508871,0.753132462357063,0.457587071427063,24.9602130832763
7.49771825396825,0.696381466928282,0.753109566479911,0.457368207443643,24.9606526405777
7.49781746031746,0.69632098209923,0.753086655419814,0.457149448118213,24.961092142558
7.49791666666667,0.696260504020389,0.753063729185735,0.456930793402244,24.9615315892312
7.49801587301587,0.696200032690437,0.753040787786635,0.456712243247232,24.9619709806111
7.49811507936508,0.696139568108051,0.75301783123147,0.456493797604681,24.9624103167117
7.49821428571429,0.696079110271912,0.75299485952919,0.456275456426114,24.9628495975468
7.49831349206349,0.696018659180705,0.752971872688743,0.456057219663069,24.9632888231303
7.4984126984127,0.695958214833114,0.752948870719074,0.455839087267104,24.963727993476
7.49851190476191,0.695897777227828,0.752925853629123,0.455621059189791,24.9641671085979
7.49861111111111,0.695837346363536,0.752902821427825,0.455403135382717,24.9646061685097
7.49871031746032,0.695776922238932,0.752879774124113,0.45518531579749,24.9650451732254
7.49880952380952,0.695716504852708,0.752856711726915,0.454967600385731,24.9654841227588
7.49890873015873,0.695656094203564,0.752833634245156,0.454749989099077,24.9659230171236
7.49900793650794,0.695595690290197,0.752810541687755,0.454532481889185,24.9663618563339
7.49910714285714,0.695535293111309,0.752787434063629,0.454315078707725,24.9668006404034
7.49920634920635,0.695474902665605,0.752764311381692,0.454097779506385,24.9672393693458
7.49930555555556,0.69541451895179,0.752741173650851,0.453880584236869,24.9676780431752
7.49940476190476,0.695354141968571,0.752718020880011,0.453663492850895,24.9681166619052
7.49950396825397,0.695293771714661,0.752694853078074,0.453446505300206,24.9685552255497
7.49960317460318,0.695233408188773,0.752671670253935,0.453229621536552,24.9689937341226
7.49970238095238,0.69517305138962,0.752648472416489,0.453012841511705,24.9694321876375
7.49980158730159,0.695112701315922,0.752625259574625,0.45279616517745,24.9698705861083
7.49990079365079,0.695052357966396,0.752602031737227,0.452579592485591,24.9703089295489
7.5,0.694992021339766,0.752578788913176,0.452363123387947,24.9707472179729
7.50009920634921,0.694931691434755,0.752555531111351,0.452146757836353,24.9711854513943
7.50019841269841,0.694871368250091,0.752532258340625,0.451930495782664,24.9716236298267
7.50029761904762,0.694811051784501,0.752508970609867,0.451714337178747,24.9720617532839
7.50039682539682,0.694750742036718,0.752485667927942,0.451498281976488,24.9724998217797
7.50049603174603,0.694690439005474,0.752462350303713,0.451282330127789,24.972937835328
7.50059523809524,0.694630142689505,0.752439017746038,0.451066481584569,24.9733757939423
7.50069444444444,0.694569853087549,0.752415670263769,0.450850736298758,24.9738136976366
7.50079365079365,0.694509570198346,0.752392307865758,0.450635094222315,24.9742515464245
7.50089285714286,0.694449294020639,0.752368930560851,0.450419555307205,24.9746893403199
7.50099206349206,0.694389024553173,0.752345538357889,0.450204119505411,24.9751270793363
7.50109126984127,0.694328761794694,0.75232213126571,0.449988786768934,24.9755647634877
7.50119047619048,0.694268505743952,0.752298709293149,0.449773557049792,24.9760023927876
7.50128968253968,0.694208256399698,0.752275272449037,0.449558430300018,24.9764399672499
7.50138888888889,0.694148013760687,0.7522518207422,0.449343406471663,24.9768774868882
7.50148809523809,0.694087777825674,0.752228354181461,0.449128485516793,24.9773149517164
7.5015873015873,0.694027548593417,0.752204872775637,0.448913667387491,24.977752361748
7.50168650793651,0.693967326062678,0.752181376533545,0.448698952035856,24.9781897169968
7.50178571428571,0.69390711023222,0.752157865463994,0.448484339414006,24.9786270174766
7.50188492063492,0.693846901100807,0.752134339575792,0.448269829474072,24.9790642632009
7.50198412698413,0.693786698667208,0.752110798877741,0.448055422168203,24.9795014541835
7.50208333333333,0.693726502930192,0.752087243378642,0.447841117448566,24.9799385904381
7.50218253968254,0.69366631388853,0.752063673087288,0.447626915267338,24.9803756719784
7.50228174603175,0.693606131540998,0.752040088012471,0.447412815576724,24.9808126988181
7.50238095238095,0.693545955886372,0.752016488162979,0.447198818328937,24.9812496709707
7.50248015873016,0.693485786923431,0.751992873547596,0.446984923476207,24.9816865884501
7.50257936507937,0.693425624650956,0.7519692441751,0.446771130970783,24.9821234512698
7.50267857142857,0.693365469067731,0.751945600054267,0.446557440764928,24.9825602594435
7.50277777777778,0.693305320172541,0.751921941193869,0.446343852810924,24.9829970129849
7.50287698412698,0.693245177964174,0.751898267602673,0.446130367061068,24.9834337119077
7.50297619047619,0.693185042441421,0.751874579289444,0.445916983467673,24.9838703562254
7.5030753968254,0.693124913603074,0.751850876262942,0.44570370198307,24.9843069459517
7.5031746031746,0.693064791447928,0.751827158531922,0.445490522559606,24.9847434811002
7.50327380952381,0.69300467597478,0.751803426105137,0.445277445149643,24.9851799616846
7.50337301587302,0.69294456718243,0.751779678991335,0.445064469705561,24.9856163877186
7.50347222222222,0.692884465069678,0.75175591719926,0.444851596179757,24.9860527592156
7.50357142857143,0.69282436963533,0.751732140737653,0.444638824524643,24.9864890761894
7.50367063492064,0.69276428087819,0.751708349615249,0.444426154692644,24.9869253386535
7.50376984126984,0.692704198797069,0.751684543840783,0.444213586636214,24.9873615466216
7.50386904761905,0.692644123390776,0.751660723422982,0.444001120307809,24.9877977001072
7.50396825396825,0.692584054658125,0.75163688837057,0.44378875565991,24.988233799124
7.50406746031746,0.69252399259793,0.75161303869227,0.443576492645011,24.9886698436856
7.50416666666667,0.69246393720901,0.751589174396797,0.443364331215623,24.9891058338054
7.50426587301587,0.692403888490185,0.751565295492865,0.443152271324274,24.9895417694972
7.50436507936508,0.692343846440276,0.751541401989183,0.442940312923509,24.9899776507745
7.50446428571429,0.692283811058108,0.751517493894456,0.442728455965889,24.9904134776508
7.50456349206349,0.692223782342507,0.751493571217385,0.44251670040399,24.9908492501398
7.5046626984127,0.692163760292303,0.751469633966668,0.442305046190407,24.991284968255
7.5047619047619,0.692103744906326,0.751445682150997,0.442093493277749,24.9917206320099
7.50486111111111,0.692043736183412,0.751421715779064,0.441882041618644,24.9921562414181
7.50496031746032,0.691983734122394,0.751397734859552,0.441670691165735,24.9925917964931
7.50505952380952,0.691923738722111,0.751373739401144,0.441459441871682,24.9930272972486
7.50515873015873,0.691863749981403,0.751349729412517,0.441248293689157,24.993462743698
7.50525793650794,0.691803767899114,0.751325704902346,0.441037246570859,24.9938981358548
7.50535714285714,0.691743792474089,0.751301665879301,0.440826300469495,24.9943334737327
7.50545634920635,0.691683823705173,0.751277612352047,0.440615455337789,24.994768757345
7.50555555555556,0.691623861591217,0.751253544329246,0.440404711128485,24.9952039867054
7.50565476190476,0.691563906131073,0.751229461819557,0.44019406779434,24.9956391618274
7.50575396825397,0.691503957323594,0.751205364831634,0.439983525288129,24.9960742827244
7.50585317460317,0.691444015167637,0.751181253374127,0.439773083562645,24.99650934941
7.50595238095238,0.691384079662061,0.751157127455683,0.439562742570694,24.9969443618976
7.50605158730159,0.691324150805725,0.751132987084944,0.439352502265101,24.9973793202008
7.50615079365079,0.691264228597494,0.75110883227055,0.439142362598708,24.9978142243331
7.50625,0.691204313036233,0.751084663021134,0.438932323524371,24.9982490743078
7.50634920634921,0.691144404120808,0.751060479345327,0.438722384994965,24.9986838701386
7.50644841269841,0.691084501850092,0.751036281251757,0.438512546963379,24.9991186118389
7.50654761904762,0.691024606222954,0.751012068749046,0.438302809382521,24.9995532994221
7.50664682539683,0.69096471723827,0.750987841845813,0.43809317220531,24.9999879329018
7.50674603174603,0.690904834894917,0.750963600550674,0.437883635384693,25.0004225122913
7.50684523809524,0.690844959191775,0.75093934487224,0.437674198873622,25.0008570376042
7.50694444444444,0.690785090127723,0.750915074819118,0.437464862625071,25.0012915088538
7.50704365079365,0.690725227701646,0.750890790399912,0.437255626592028,25.0017259260537
7.50714285714286,0.69066537191243,0.75086649162322,0.437046490727499,25.0021602892173
7.50724206349206,0.690605522758962,0.750842178497639,0.436837454984506,25.0025945983579
7.50734126984127,0.690545680240134,0.75081785103176,0.436628519316088,25.0030288534892
7.50744047619048,0.690485844354838,0.750793509234172,0.4364196836753,25.0034630546243
7.50753968253968,0.690426015101968,0.750769153113457,0.436210948015212,25.0038972017769
7.50763888888889,0.690366192480423,0.750744782678195,0.436002312288915,25.0043312949603
7.50773809523809,0.690306376489101,0.750720397936964,0.43579377644951,25.0047653341879
7.5078373015873,0.690246567126905,0.750695998898334,0.435585340450121,25.0051993194731
7.50793650793651,0.690186764392738,0.750671585570875,0.435377004243883,25.0056332508294
7.50803571428571,0.690126968285508,0.750647157963149,0.435168767783951,25.0060671282701
7.50813492063492,0.690067178804121,0.750622716083718,0.434960631023493,25.0065009518086
7.50823412698413,0.69000739594749,0.750598259941138,0.434752593915701,25.0069347214583
7.50833333333333,0.689947619714528,0.750573789543962,0.434544656413775,25.0073684372326
7.50843253968254,0.68988785010415,0.750549304900738,0.434336818470935,25.0078020991449
7.50853174603175,0.689828087115274,0.750524806020011,0.434129080040417,25.0082357072084
7.50863095238095,0.68976833074682,0.750500292910322,0.433921441075475,25.0086692614368
7.50873015873016,0.68970858099771,0.750475765580207,0.433713901529376,25.0091027618431
7.50882936507937,0.689648837866869,0.750451224038199,0.433506461355408,25.0095362084409
7.50892857142857,0.689589101353224,0.750426668292828,0.433299120506872,25.0099696012435
7.50902777777778,0.689529371455703,0.750402098352619,0.433091878937086,25.0104029402642
7.50912698412698,0.689469648173239,0.750377514226093,0.432884736599386,25.0108362255164
7.50922619047619,0.689409931504764,0.750352915921767,0.432677693447124,25.0112694570134
7.5093253968254,0.689350221449215,0.750328303448154,0.432470749433667,25.0117026347685
7.5094246031746,0.68929051800553,0.750303676813764,0.432263904512399,25.0121357587951
7.50952380952381,0.689230821172649,0.750279036027103,0.432057158636723,25.0125688291066
7.50962301587302,0.689171130949515,0.750254381096672,0.431850511760051,25.0130018457161
7.50972222222222,0.689111447335074,0.750229712030969,0.431643963835825,25.0134348086371
7.50982142857143,0.689051770328273,0.750205028838488,0.431437514817492,25.0138677178828
7.50992063492064,0.68899209992806,0.750180331527718,0.431231164658517,25.0143005734665
7.51001984126984,0.68893243613339,0.750155620107147,0.431024913312386,25.0147333754017
7.51011904761905,0.688872778943214,0.750130894585254,0.430818760732597,25.0151661237014
7.51021825396825,0.68881312835649,0.75010615497052,0.430612706872667,25.0155988183791
7.51031746031746,0.688753484372176,0.750081401271418,0.430406751686129,25.016031459448
7.51041666666667,0.688693846989234,0.750056633496418,0.430200895126531,25.0164640469214
7.51051587301587,0.688634216206627,0.750031851653987,0.42999513714744,25.0168965808126
7.51061507936508,0.68857459202332,0.750007055752588,0.429789477702438,25.0173290611348
7.51071428571429,0.688514974438281,0.749982245800679,0.429583916745123,25.0177614879013
7.51081349206349,0.68845536345048,0.749957421806714,0.429378454229111,25.0181938611254
7.5109126984127,0.68839575905889,0.749932583779144,0.429173090108033,25.0186261808204
7.5110119047619,0.688336161262485,0.749907731726417,0.428967824335537,25.0190584469994
7.51111111111111,0.688276570060241,0.749882865656975,0.428762656865285,25.0194906596757
7.51121031746032,0.688216985451139,0.749857985579257,0.428557587650963,25.0199228188626
7.51130952380952,0.68815740743416,0.749833091501699,0.428352616646267,25.0203549245733
7.51140873015873,0.688097836008287,0.74980818343273,0.42814774380491,25.0207869768211
7.51150793650794,0.688038271172507,0.74978326138078,0.427942969080623,25.0212189756191
7.51160714285714,0.687978712925808,0.749758325354271,0.427738292427152,25.0216509209806
7.51170634920635,0.68791916126718,0.749733375361623,0.427533713798261,25.0220828129188
7.51180555555556,0.687859616195617,0.74970841141125,0.42732923314773,25.0225146514469
7.51190476190476,0.687800077710113,0.749683433511566,0.427124850429355,25.0229464365782
7.51200396825397,0.687740545809665,0.749658441670977,0.426920565596949,25.0233781683257
7.51210317460317,0.687681020493275,0.749633435897887,0.426716378604341,25.0238098467028
7.51220238095238,0.687621501759942,0.749608416200696,0.426512289405377,25.0242414717226
7.51230158730159,0.687561989608673,0.749583382587801,0.426308297953919,25.0246730433983
7.51240079365079,0.687502484038472,0.749558335067592,0.426104404203846,25.0251045617431
7.5125,0.68744298504835,0.749533273648459,0.425900608109053,25.0255360267702
7.51259920634921,0.687383492637315,0.749508198338785,0.425696909623449,25.0259674384927
7.51269841269841,0.687324006804384,0.749483109146951,0.425493308700968,25.0263987969238
7.51279761904762,0.687264527548571,0.749458006081334,0.425289805295551,25.0268301020767
7.51289682539683,0.687205054868894,0.749432889150305,0.425086399361159,25.0272613539645
7.51299603174603,0.687145588764373,0.749407758362234,0.424883090851771,25.0276925526004
7.51309523809524,0.68708612923403,0.749382613725484,0.424679879721379,25.0281236979976
7.51319444444444,0.687026676276891,0.749357455248417,0.424476765923995,25.0285547901691
7.51329365079365,0.686967229891981,0.74933228293939,0.424273749413645,25.0289858291281
7.51339285714286,0.686907790078332,0.749307096806755,0.424070830144373,25.0294168148878
7.51349206349206,0.686848356834973,0.749281896858861,0.423868008070239,25.0298477474613
7.51359126984127,0.686788930160939,0.749256683104055,0.423665283145319,25.0302786268616
7.51369047619048,0.686729510055266,0.749231455550675,0.423462655323706,25.030709453102
7.51378968253968,0.686670096516993,0.749206214207061,0.42326012455951,25.0311402261956
7.51388888888889,0.686610689545159,0.749180959081545,0.423057690806855,25.0315709461554
7.5139880952381,0.686551289138808,0.749155690182457,0.422855354019885,25.0320016129945
7.5140873015873,0.686491895296985,0.749130407518121,0.422653114152755,25.0324322267262
7.51418650793651,0.686432508018738,0.749105111096861,0.422450971159646,25.0328627873633
7.51428571428572,0.686373127303116,0.749079800926994,0.422248924994747,25.0332932949192
7.51438492063492,0.686313753149172,0.749054477016832,0.422046975612267,25.0337237494067
7.51448412698413,0.68625438555596,0.749029139374687,0.421845122966429,25.0341541508391
7.51458333333333,0.686195024522535,0.749003788008864,0.421643367011475,25.0345844992293
7.51468253968254,0.686135670047958,0.748978422927665,0.421441707701662,25.0350147945905
7.51478174603175,0.68607632213129,0.748953044139389,0.421240144991265,25.0354450369358
7.51488095238095,0.686016980771592,0.748927651652329,0.421038678834575,25.0358752262781
7.51498015873016,0.685957645967933,0.748902245474775,0.420837309185897,25.0363053626306
7.51507936507937,0.685898317719378,0.748876825615015,0.420636035999555,25.0367354460062
7.51517857142857,0.685838996025,0.748851392081331,0.420434859229891,25.0371654764182
7.51527777777778,0.685779680883869,0.748825944882,0.420233778831259,25.0375954538794
7.51537698412698,0.685720372295061,0.748800484025299,0.420032794758032,25.0380253784029
7.51547619047619,0.685661070257654,0.748775009519497,0.419831906964601,25.0384552500018
7.5155753968254,0.685601774770724,0.748749521372861,0.419631115405369,25.038885068689
7.5156746031746,0.685542485833357,0.748724019593654,0.419430420034762,25.0393148344777
7.51577380952381,0.685483203444634,0.748698504190136,0.419229820807217,25.0397445473808
7.51587301587302,0.685423927603643,0.748672975170561,0.41902931767719,25.0401742074114
7.51597222222222,0.685364658309471,0.748647432543181,0.418828910599152,25.0406038145824
7.51607142857143,0.685305395561209,0.748621876316242,0.418628599527591,25.0410333689068
7.51617063492063,0.68524613935795,0.748596306497988,0.418428384417012,25.0414628703977
7.51626984126984,0.68518688969879,0.748570723096659,0.418228265221936,25.041892319068
7.51636904761905,0.685127646582826,0.748545126120489,0.4180282418969,25.0423217149308
7.51646825396825,0.685068410009158,0.748519515577711,0.41782831439646,25.0427510579989
7.51656746031746,0.685009179976887,0.748493891476552,0.417628482675185,25.0431803482855
7.51666666666667,0.684949956485119,0.748468253825236,0.417428746687662,25.0436095858034
7.51676587301587,0.684890739532961,0.748442602631983,0.417229106388496,25.0440387705657
7.51686507936508,0.68483152911952,0.748416937905009,0.417029561732305,25.0444679025853
7.51696428571428,0.684772325243908,0.748391259652525,0.416830112673727,25.0448969818751
7.51706349206349,0.684713127905238,0.74836556788274,0.416630759167411,25.0453260084481
7.5171626984127,0.684653937102627,0.748339862603858,0.416431501168033,25.0457549823173
7.5172619047619,0.684594752835193,0.748314143824079,0.416232338630275,25.0461839034957
7.51736111111111,0.684535575102056,0.7482884115516,0.416033271508841,25.046612771996
7.51746031746032,0.684476403902338,0.748262665794613,0.415834299758448,25.0470415878314
7.51755952380952,0.684417239235164,0.748236906561307,0.415635423333832,25.0474703510147
7.51765873015873,0.684358081099662,0.748211133859866,0.415436642189746,25.0478990615588
7.51775793650794,0.68429892949496,0.74818534769847,0.415237956280956,25.0483277194767
7.51785714285714,0.684239784420191,0.748159548085298,0.415039365562248,25.0487563247812
7.51795634920635,0.684180645874489,0.748133735028521,0.414840869988423,25.0491848774854
7.51805555555556,0.684121513856989,0.748107908536309,0.414642469514299,25.049613377602
7.51815476190476,0.684062388366831,0.748082068616826,0.41444416409471,25.0500418251441
7.51825396825397,0.684003269403154,0.748056215278234,0.414245953684507,25.0504702201244
7.51835317460317,0.683944156965103,0.74803034852869,0.414047838238556,25.0508985625559
7.51845238095238,0.683885051051822,0.748004468376347,0.413849817711741,25.0513268524515
7.51855158730159,0.683825951662459,0.747978574829354,0.413651892058959,25.051755089824
7.51865079365079,0.683766858796164,0.747952667895858,0.413454061235133,25.0521832746864
7.51875,0.68370777245209,0.747926747584,0.413256325195193,25.0526114070515
7.51884920634921,0.68364869262939,0.747900813901917,0.413058683894087,25.0530394869321
7.51894841269841,0.683589619327222,0.747874866857743,0.412861137286783,25.0534675143412
7.51904761904762,0.683530552544744,0.747848906459608,0.412663685328262,25.0538954892916
7.51914682539683,0.683471492281118,0.747822932715638,0.412466327973523,25.0543234117961
7.51924603174603,0.683412438535507,0.747796945633955,0.412269065177582,25.0547512818675
7.51934523809524,0.683353391307077,0.747770945222676,0.412071896895471,25.0551790995189
7.51944444444444,0.683294350594997,0.747744931489917,0.411874823082237,25.0556068647629
7.51954365079365,0.683235316398436,0.747718904443787,0.411677843692946,25.0560345776124
7.51964285714286,0.683176288716567,0.747692864092392,0.411480958682678,25.0564622380802
7.51974206349206,0.683117267548566,0.747666810443836,0.411284168006532,25.0568898461792
7.51984126984127,0.683058252893609,0.747640743506216,0.411087471619622,25.0573174019221
7.51994047619048,0.682999244750876,0.747614663287627,0.410890869477078,25.0577449053219
7.52003968253968,0.682940243119548,0.74758856979616,0.410694361534045,25.0581723563912
7.52013888888889,0.682881247998811,0.747562463039902,0.410497947745691,25.058599755143
7.5202380952381,0.682822259387849,0.747536343026936,0.410301628067195,25.0590271015899
7.5203373015873,0.682763277285853,0.747510209765339,0.410105402453752,25.0594543957448
7.52043650793651,0.682704301692012,0.747484063263189,0.409909270860576,25.0598816376205
7.52053571428571,0.682645332605519,0.747457903528554,0.409713233242896,25.0603088272298
7.52063492063492,0.682586370025571,0.747431730569504,0.409517289555959,25.0607359645854
7.52073412698413,0.682527413951365,0.747405544394101,0.409321439755026,25.0611630497002
7.52083333333333,0.682468464382101,0.747379345010404,0.409125683795376,25.0615900825868
7.52093253968254,0.68240952131698,0.747353132426469,0.408930021632306,25.0620170632581
7.52103174603175,0.682350584755209,0.747326906650347,0.408734453221126,25.0624439917268
7.52113095238095,0.682291654695993,0.747300667690087,0.408538978517165,25.0628708680057
7.52123015873016,0.682232731138541,0.747274415553731,0.408343597475769,25.0632976921075
7.52132936507936,0.682173814082065,0.74724815024932,0.408148310052297,25.063724464045
7.52142857142857,0.682114903525779,0.74722187178489,0.407953116202129,25.0641511838309
7.52152777777778,0.682055999468897,0.747195580168471,0.407758015880655,25.0645778514779
7.52162698412698,0.68199710191064,0.747169275408094,0.407563009043291,25.0650044669988
7.52172619047619,0.681938210850227,0.747142957511781,0.407368095645463,25.0654310304063
7.5218253968254,0.681879326286881,0.747116626487553,0.407173275642614,25.0658575417132
7.5219246031746,0.681820448219827,0.747090282343426,0.406978548990203,25.0662840009321
7.52202380952381,0.681761576648291,0.747063925087413,0.406783915643708,25.0667104080757
7.52212301587302,0.681702711571505,0.747037554727522,0.406589375558621,25.0671367631568
7.52222222222222,0.681643852988699,0.747011171271757,0.406394928690452,25.067563066188
7.52232142857143,0.681585000899108,0.746984774728121,0.406200574994728,25.0679893171821
7.52242063492063,0.681526155301968,0.746958365104608,0.40600631442699,25.0684155161517
7.52251984126984,0.681467316196518,0.746931942409212,0.405812146942797,25.0688416631096
7.52261904761905,0.681408483581998,0.746905506649922,0.405618072497726,25.0692677580684
7.52271825396825,0.681349657457653,0.746879057834723,0.405424091047367,25.0696938010408
7.52281746031746,0.681290837822727,0.746852595971595,0.40523020254733,25.0701197920395
7.52291666666667,0.681232024676468,0.746826121068517,0.405036406953239,25.0705457310771
7.52301587301587,0.681173218018126,0.746799633133462,0.404842704220732,25.0709716181663
7.52311507936508,0.681114417846954,0.746773132174398,0.404649094305473,25.0713974533198
7.52321428571429,0.681055624162206,0.746746618199291,0.404455577163134,25.0718232365502
7.52331349206349,0.68099683696314,0.746720091216103,0.404262152749405,25.0722489678701
7.5234126984127,0.680938056249014,0.746693551232792,0.404068821019994,25.0726746472922
7.52351190476191,0.680879282019089,0.74666699825731,0.403875581930624,25.0731002748292
7.52361111111111,0.68082051427263,0.746640432297609,0.403682435437035,25.0735258504937
7.52371031746032,0.680761753008903,0.746613853361633,0.403489381494984,25.0739513742982
7.52380952380952,0.680702998227175,0.746587261457325,0.403296420060244,25.0743768462555
7.52390873015873,0.680644249926717,0.746560656592622,0.403103551088605,25.0748022663782
7.52400793650794,0.680585508106803,0.74653403877546,0.402910774535873,25.0752276346788
7.52410714285714,0.680526772766706,0.746507408013767,0.402718090357869,25.0756529511699
7.52420634920635,0.680468043905705,0.746480764315471,0.402525498510434,25.0760782158643
7.52430555555556,0.68040932152308,0.746454107688493,0.402332998949423,25.0765034287744
7.52440476190476,0.680350605618111,0.746427438140753,0.402140591630708,25.0769285899129
7.52450396825397,0.680291896190083,0.746400755680164,0.401948276510174,25.0773536992924
7.52460317460318,0.680233193238283,0.746374060314638,0.401756053543732,25.0777787569254
7.52470238095238,0.680174496762,0.746347352052081,0.4015639226873,25.0782037628245
7.52480158730159,0.680115806760524,0.746320630900396,0.401371883896816,25.0786287170023
7.52490079365079,0.68005712323315,0.746293896867481,0.401179937128235,25.0790536194714
7.525,0.679998446179171,0.746267149961233,0.400988082337527,25.0794784702443
7.52509920634921,0.679939775597887,0.746240390189542,0.40079631948068,25.0799032693337
7.52519841269841,0.679881111488598,0.746213617560294,0.400604648513697,25.080328016752
7.52529761904762,0.679822453850605,0.746186832081374,0.400413069392599,25.0807527125118
7.52539682539683,0.679763802683214,0.746160033760661,0.400221582073422,25.0811773566256
7.52549603174603,0.679705157985731,0.74613322260603,0.400030186512219,25.0816019491061
7.52559523809524,0.679646519757466,0.746106398625352,0.399838882665061,25.0820264899656
7.52569444444444,0.67958788799773,0.746079561826496,0.399647670488032,25.0824509792169
7.52579365079365,0.679529262705837,0.746052712217324,0.399456549937237,25.0828754168723
7.52589285714286,0.679470643881103,0.746025849805697,0.399265520968793,25.0832998029444
7.52599206349206,0.679412031522845,0.745998974599471,0.399074583538833,25.0837241374458
7.52609126984127,0.679353425630387,0.745972086606496,0.398883737603516,25.0841484203889
7.52619047619048,0.679294826203049,0.745945185834623,0.398692983119007,25.0845726517863
7.52628968253968,0.679236233240158,0.745918272291694,0.39850232004149,25.0849968316504
7.52638888888889,0.67917764674104,0.74589134598555,0.398311748327167,25.0854209599937
7.5264880952381,0.679119066705025,0.745864406924026,0.398121267932256,25.0858450368288
7.5265873015873,0.679060493131446,0.745837455114956,0.397930878812991,25.0862690621681
7.52668650793651,0.679001926019636,0.745810490566168,0.397740580925624,25.0866930360241
7.52678571428571,0.678943365368932,0.745783513285487,0.397550374226421,25.0871169584094
7.52688492063492,0.678884811178672,0.745756523280732,0.397360258671667,25.0875408293362
7.52698412698413,0.678826263448199,0.745729520559721,0.397170234217661,25.0879646488172
7.52708333333333,0.678767722176856,0.745702505130267,0.39698030082072,25.0883884168648
7.52718253968254,0.678709187363987,0.745675477000178,0.396790458437178,25.0888121334915
7.52728174603175,0.678650659008941,0.745648436177259,0.396600707023384,25.0892357987097
7.52738095238095,0.678592137111069,0.745621382669312,0.396411046535705,25.0896594125318
7.52748015873016,0.678533621669721,0.745594316484133,0.396221476930519,25.0900829749703
7.52757936507937,0.678475112684254,0.745567237629516,0.396031998164232,25.0905064860377
7.52767857142857,0.678416610154025,0.745540146113251,0.395842610193257,25.0909299457463
7.52777777777778,0.678358114078393,0.745513041943122,0.395653312974025,25.0913533541086
7.52787698412698,0.678299624456719,0.74548592512691,0.395464106462986,25.0917767111371
7.52797619047619,0.678241141288367,0.745458795672395,0.395274990616604,25.0922000168441
7.5280753968254,0.678182664572703,0.745431653587349,0.39508596539136,25.0926232712421
7.5281746031746,0.678124194309096,0.745404498879541,0.394897030743752,25.0930464743435
7.52827380952381,0.678065730496917,0.745377331556739,0.394708186630296,25.0934696261606
7.52837301587302,0.678007273135538,0.745350151626703,0.394519433007522,25.0938927267059
7.52847222222222,0.677948822224334,0.745322959097192,0.394330769831976,25.0943157759918
7.52857142857143,0.677890377762684,0.745295753975959,0.394142197060224,25.0947387740306
7.52867063492063,0.677831939749967,0.745268536270756,0.393953714648845,25.0951617208348
7.52876984126984,0.677773508185565,0.745241305989328,0.393765322554435,25.0955846164168
7.52886904761905,0.677715083068862,0.745214063139418,0.39357702073361,25.0960074607888
7.52896825396825,0.677656664399244,0.745186807728763,0.393388809142994,25.0964302539633
7.52906746031746,0.677598252176102,0.745159539765099,0.393200687739241,25.0968529959527
7.52916666666667,0.677539846398826,0.745132259256156,0.393012656479009,25.0972756867693
7.52926587301587,0.67748144706681,0.745104966209661,0.392824715318978,25.0976983264254
7.52936507936508,0.677423054179449,0.745077660633337,0.392636864215844,25.0981209149335
7.52946428571429,0.677364667736141,0.745050342534902,0.392449103126319,25.0985434523058
7.52956349206349,0.677306287736287,0.745023011922072,0.39226143200713,25.0989659385547
7.5296626984127,0.677247914179289,0.744995668802557,0.392073850815025,25.0993883736926
7.52976190476191,0.677189547064551,0.744968313184065,0.391886359506762,25.0998107577317
7.52986111111111,0.677131186391482,0.744940945074299,0.391698958039122,25.1002330906844
7.52996031746032,0.67707283215949,0.744913564480958,0.391511646368898,25.1006553725631
7.53005952380952,0.677014484367988,0.744886171411737,0.391324424452901,25.10107760338
7.53015873015873,0.676956143016388,0.744858765874328,0.391137292247959,25.1014997831474
7.53025793650794,0.676897808104108,0.744831347876419,0.390950249710915,25.1019219118777
7.53035714285714,0.676839479630565,0.744803917425693,0.39076329679863,25.1023439895832
7.53045634920635,0.67678115759518,0.744776474529829,0.390576433467978,25.1027660162762
7.53055555555556,0.676722841997377,0.744749019196504,0.390389659675857,25.1031879919689
7.53065476190476,0.676664532836582,0.74472155143339,0.390202975379175,25.1036099166736
7.53075396825397,0.67660623011222,0.744694071248155,0.390016380534858,25.1040317904027
7.53085317460318,0.676547933823723,0.744666578648462,0.389829875099848,25.1044536131684
7.53095238095238,0.676489643970523,0.744639073641972,0.389643459031105,25.104875384983
7.53105158730159,0.676431360552053,0.744611556236341,0.389457132285604,25.1052971058587
7.53115079365079,0.676373083567751,0.744584026439222,0.389270894820338,25.1057187758078
7.53125,0.676314813017056,0.744556484258262,0.389084746592316,25.1061403948426
7.53134920634921,0.676256548899408,0.744528929701106,0.388898687558561,25.1065619629754
7.53144841269841,0.676198291214251,0.744501362775396,0.388712717676116,25.1069834802183
7.53154761904762,0.676140039961032,0.744473783488767,0.388526836902039,25.1074049465836
7.53164682539682,0.676081795139198,0.744446191848852,0.388341045193404,25.1078263620836
7.53174603174603,0.6760235567482,0.74441858786328,0.388155342507303,25.1082477267306
7.53184523809524,0.67596532478749,0.744390971539676,0.387969728800842,25.1086690405366
7.53194444444444,0.675907099256522,0.744363342885662,0.387784204031143,25.109090303514
7.53204365079365,0.675848880154755,0.744335701908853,0.387598768155352,25.109511515675
7.53214285714286,0.675790667481648,0.744308048616864,0.387413421130623,25.1099326770317
7.53224206349206,0.675732461236663,0.744280383017304,0.387228162914129,25.1103537875965
7.53234126984127,0.675674261419263,0.744252705117778,0.38704299346306,25.1107748473814
7.53244047619048,0.675616068028915,0.744225014925887,0.386857912734622,25.1111958563988
7.53253968253968,0.675557881065087,0.744197312449229,0.386672920686038,25.1116168146608
7.53263888888889,0.67549970052725,0.744169597695398,0.386488017274547,25.1120377221795
7.53273809523809,0.675441526414878,0.744141870671983,0.386303202457406,25.1124585789673
7.5328373015873,0.675383358727445,0.74411413138657,0.386118476191885,25.1128793850362
7.53293650793651,0.67532519746443,0.744086379846742,0.385933838435275,25.1133001403985
7.53303571428571,0.675267042625312,0.744058616060075,0.385749289144879,25.1137208450662
7.53313492063492,0.675208894209574,0.744030840034144,0.385564828278019,25.1141414990517
7.53323412698413,0.6751507522167,0.744003051776519,0.385380455792035,25.114562102367
7.53333333333333,0.675092616646177,0.743975251294767,0.385196171644279,25.1149826550243
7.53343253968254,0.675034487497492,0.743947438596449,0.385011975792121,25.1154031570357
7.53353174603175,0.67497636477014,0.743919613689125,0.384827868192953,25.1158236084135
7.53363095238095,0.674918248463612,0.743891776580348,0.384643848804177,25.1162440091696
7.53373015873016,0.674860138577406,0.743863927277669,0.384459917583212,25.1166643593164
7.53382936507937,0.674802035111018,0.743836065788635,0.384276074487497,25.1170846588659
7.53392857142857,0.674743938063949,0.743808192120788,0.384092319474483,25.1175049078302
7.53402777777778,0.674685847435702,0.743780306281668,0.383908652501642,25.1179251062215
7.53412698412698,0.674627763225782,0.743752408278809,0.38372507352646,25.1183452540518
7.53422619047619,0.674569685433697,0.743724498119742,0.383541582506438,25.1187653513334
7.5343253968254,0.674511614058955,0.743696575811995,0.383358179399097,25.1191853980782
7.5344246031746,0.674453549101068,0.74366864136309,0.383174864161973,25.1196053942985
7.53452380952381,0.674395490559552,0.743640694780547,0.382991636752616,25.1200253400062
7.53462301587302,0.674337438433921,0.74361273607188,0.382808497128597,25.1204452352136
7.53472222222222,0.674279392723695,0.743584765244603,0.382625445247501,25.1208650799327
7.53482142857143,0.674221353428395,0.743556782306221,0.382442481066928,25.1212848741755
7.53492063492064,0.674163320547542,0.743528787264239,0.382259604544495,25.1217046179542
7.53501984126984,0.674105294080665,0.743500780126157,0.382076815637841,25.1221243112808
7.53511904761905,0.674047274027289,0.743472760899469,0.381894114304615,25.1225439541674
7.53521825396825,0.673989260386946,0.743444729591669,0.381711500502484,25.1229635466261
7.53531746031746,0.673931253159167,0.743416686210243,0.381528974189132,25.1233830886689
7.53541666666667,0.673873252343486,0.743388630762676,0.38134653532226,25.1238025803079
7.53551587301587,0.673815257939442,0.743360563256449,0.381164183859584,25.1242220215551
7.53561507936508,0.673757269946572,0.743332483699037,0.380981919758839,25.1246414124225
7.53571428571429,0.673699288364418,0.743304392097912,0.380799742977774,25.1250607529223
7.53581349206349,0.673641313192525,0.743276288460543,0.380617653474155,25.1254800430665
7.5359126984127,0.673583344430437,0.743248172794394,0.380435651205765,25.125899282867
7.5360119047619,0.673525382077703,0.743220045106927,0.380253736130404,25.1263184723359
7.53611111111111,0.673467426133874,0.743191905405597,0.380071908205887,25.1267376114853
7.53621031746032,0.673409476598502,0.743163753697857,0.379890167390047,25.1271567003271
7.53630952380952,0.673351533471143,0.743135589991156,0.379708513640732,25.1275757388733
7.53640873015873,0.673293596751352,0.743107414292939,0.379526946915805,25.1279947271361
7.53650793650794,0.673235666438692,0.743079226610648,0.379345467173153,25.1284136651272
7.53660714285714,0.673177742532723,0.743051026951718,0.379164074370671,25.1288325528589
7.53670634920635,0.67311982503301,0.743022815323583,0.378982768466274,25.129251390343
7.53680555555556,0.673061913939118,0.742994591733673,0.378801549417893,25.1296701775915
7.53690476190476,0.673004009250617,0.742966356189413,0.378620417183476,25.1300889146164
7.53700396825397,0.672946110967077,0.742938108698224,0.378439371720986,25.1305076014298
7.53710317460317,0.672888219088073,0.742909849267523,0.378258412988405,25.1309262380435
7.53720238095238,0.672830333613178,0.742881577904724,0.378077540943729,25.1313448244696
7.53730158730159,0.672772454541972,0.742853294617238,0.377896755544972,25.1317633607199
7.53740079365079,0.672714581874034,0.742824999412469,0.377716056750163,25.1321818468066
7.5375,0.672656715608947,0.74279669229782,0.377535444517349,25.1326002827414
7.53759920634921,0.672598855746295,0.742768373280687,0.377354918804593,25.1330186685364
7.53769841269841,0.672541002285666,0.742740042368467,0.377174479569975,25.1334370042035
7.53779761904762,0.672483155226648,0.742711699568548,0.376994126771589,25.1338552897546
7.53789682539683,0.672425314568831,0.742683344888316,0.376813860367547,25.1342735252018
7.53799603174603,0.672367480311813,0.742654978335154,0.376633680315981,25.1346917105568
7.53809523809524,0.672309652455187,0.742626599916441,0.376453586575035,25.1351098458316
7.53819444444444,0.672251830998552,0.742598209639551,0.376273579102869,25.1355279310383
7.53829365079365,0.672194015941509,0.742569807511854,0.376093657857664,25.1359459661885
7.53839285714286,0.67213620728366,0.742541393540716,0.375913822797612,25.1363639512943
7.53849206349206,0.67207840502461,0.742512967733502,0.375734073880925,25.1367818863677
7.53859126984127,0.672020609163968,0.742484530097568,0.375554411065831,25.1371997714203
7.53869047619048,0.671962819701342,0.742456080640271,0.375374834310575,25.1376176064643
7.53878968253968,0.671905036636345,0.742427619368962,0.375195343573415,25.1380353915114
7.53888888888889,0.67184725996859,0.742399146290986,0.37501593881263,25.1384531265736
7.53898809523809,0.671789489697695,0.742370661413688,0.374836619986513,25.1388708116627
7.5390873015873,0.671731725823278,0.742342164744406,0.374657387053374,25.1392884467905
7.53918650793651,0.671673968344961,0.742313656290477,0.37447823997154,25.1397060319691
7.53928571428571,0.671616217262366,0.74228513605923,0.374299178699353,25.1401235672102
7.53938492063492,0.671558472575118,0.742256604057994,0.37412020319517,25.1405410525257
7.53948412698413,0.671500734282847,0.742228060294093,0.373941313417373,25.1409584879274
7.53958333333333,0.671443002385183,0.742199504774846,0.37376250932435,25.1413758734273
7.53968253968254,0.671385276881757,0.742170937507568,0.373583790874511,25.141793209037
7.53978174603175,0.671327557772204,0.742142358499572,0.373405158026282,25.1422104947686
7.53988095238095,0.671269845056162,0.742113767758166,0.373226610738103,25.1426277306338
7.53998015873016,0.67121213873327,0.742085165290653,0.373048148968434,25.1430449166445
7.54007936507937,0.671154438803168,0.742056551104333,0.372869772675748,25.1434620528124
7.54017857142857,0.671096745265502,0.742027925206503,0.372691481818537,25.1438791391495
7.54027777777778,0.671039058119917,0.741999287604455,0.37251327635531,25.1442961756675
7.54037698412698,0.670981377366062,0.741970638305477,0.372335156244589,25.1447131623782
7.54047619047619,0.670923703003586,0.741941977316854,0.372157121444915,25.1451300992935
7.5405753968254,0.670866035032144,0.741913304645866,0.371979171914846,25.1455469864251
7.5406746031746,0.67080837345139,0.74188462029979,0.371801307612955,25.1459638237848
7.54077380952381,0.670750718260982,0.741855924285899,0.371623528497832,25.1463806113845
7.54087301587302,0.670693069460579,0.74182721661146,0.371445834528082,25.1467973492359
7.54097222222222,0.670635427049844,0.74179849728374,0.371268225662331,25.1472140373508
7.54107142857143,0.670577791028441,0.741769766309998,0.371090701859218,25.147630675741
7.54117063492064,0.670520161396037,0.741741023697493,0.370913263077397,25.1480472644183
7.54126984126984,0.6704625381523,0.741712269453477,0.370735909275542,25.1484638033943
7.54136904761905,0.670404921296901,0.7416835035852,0.370558640412341,25.148880292681
7.54146825396825,0.670347310829514,0.741654726099905,0.3703814564465,25.14929673229
7.54156746031746,0.670289706749815,0.741625937004836,0.37020435733674,25.1497131222331
7.54166666666667,0.670232109057482,0.74159713630723,0.370027343041799,25.1501294625221
7.54176587301587,0.670174517752194,0.741568324014319,0.369850413520433,25.1505457531686
7.54186507936508,0.670116932833635,0.741539500133334,0.369673568731413,25.1509619941845
7.54196428571429,0.670059354301489,0.741510664671501,0.369496808633526,25.1513781855815
7.54206349206349,0.670001782155443,0.74148181763604,0.369320133185577,25.1517943273712
7.5421626984127,0.669944216395187,0.741452959034171,0.369143542346386,25.1522104195655
7.5422619047619,0.669886657020411,0.741424088873107,0.368967036074791,25.152626462176
7.54236111111111,0.669829104030811,0.741395207160057,0.368790614329642,25.1530424552145
7.54246031746032,0.669771557426082,0.741366313902229,0.368614277069814,25.1534583986926
7.54255952380952,0.669714017205923,0.741337409106824,0.368438024254192,25.1538742926221
7.54265873015873,0.669656483370034,0.741308492781041,0.368261855841678,25.1542901370146
7.54275793650794,0.669598955918119,0.741279564932075,0.368085771791193,25.154705931882
7.54285714285714,0.669541434849882,0.741250625567115,0.367909772061671,25.1551216772358
7.54295634920635,0.669483920165032,0.741221674693348,0.367733856612066,25.1555373730877
7.54305555555556,0.669426411863278,0.741192712317957,0.367558025401346,25.1559530194494
7.54315476190476,0.669368909944333,0.741163738448121,0.367382278388498,25.1563686163327
7.54325396825397,0.669311414407909,0.741134753091014,0.367206615532521,25.1567841637491
7.54335317460317,0.669253925253726,0.741105756253807,0.367031036792436,25.1571996617104
7.54345238095238,0.6691964424815,0.741076747943668,0.366855542127277,25.1576151102281
7.54355158730159,0.669138966090954,0.74104772816776,0.366680131496094,25.158030509314
7.54365079365079,0.669081496081811,0.741018696933241,0.366504804857956,25.1584458589797
7.54375,0.669024032453796,0.740989654247267,0.366329562171948,25.1588611592369
7.54384920634921,0.668966575206637,0.740960600116989,0.366154403397166,25.1592764100971
7.54394841269841,0.668909124340067,0.740931534549555,0.365979328492734,25.1596916115721
7.54404761904762,0.668851679853816,0.740902457552108,0.365804337417783,25.1601067636735
7.54414682539683,0.668794241747619,0.740873369131788,0.365629430131462,25.1605218664128
7.54424603174603,0.668736810021214,0.740844269295731,0.365454606592938,25.1609369198017
7.54434523809524,0.668679384674341,0.740815158051068,0.365279866761395,25.1613519238519
7.54444444444444,0.66862196570674,0.740786035404927,0.365105210596031,25.1617668785749
7.54454365079365,0.668564553118156,0.740756901364432,0.364930638056064,25.1621817839824
7.54464285714286,0.668507146908334,0.740727755936704,0.364756149100724,25.1625966400859
7.54474206349206,0.668449747077025,0.740698599128858,0.364581743689262,25.1630114468971
7.54484126984127,0.668392353623978,0.740669430948006,0.364407421780943,25.1634262044275
7.54494047619048,0.668334966548946,0.740640251401257,0.364233183335048,25.1638409126887
7.54503968253968,0.668277585851685,0.740611060495715,0.364059028310877,25.1642555716924
7.54513888888889,0.668220211531952,0.740581858238481,0.363884956667743,25.1646701814501
7.5452380952381,0.668162843589508,0.740552644636652,0.363710968364978,25.1650847419733
7.5453373015873,0.668105482024114,0.740523419697318,0.363537063361928,25.1654992532736
7.54543650793651,0.668048126835535,0.740494183427571,0.363363241617961,25.1659137153627
7.54553571428572,0.667990778023538,0.740464935834494,0.363189503092457,25.166328128252
7.54563492063492,0.667933435587892,0.740435676925168,0.363015847744811,25.1667424919532
7.54573412698413,0.667876099528368,0.740406406706671,0.362842275534439,25.1671568064777
7.54583333333333,0.667818769844739,0.740377125186075,0.362668786420769,25.1675710718371
7.54593253968254,0.667761446536782,0.74034783237045,0.362495380363249,25.1679852880429
7.54603174603175,0.667704129604275,0.74031852826686,0.362322057321342,25.1683994551068
7.54613095238095,0.667646819046997,0.740289212882367,0.362148817254528,25.1688135730401
7.54623015873016,0.667589514864732,0.740259886224029,0.361975660122301,25.1692276418545
7.54632936507937,0.667532217057265,0.740230548298899,0.361802585884176,25.1696416615614
7.54642857142857,0.667474925624382,0.740201199114027,0.361629594499681,25.1700556321725
7.54652777777778,0.667417640565873,0.740171838676458,0.361456685928361,25.1704695536991
7.54662698412698,0.667360361881531,0.740142466993233,0.361283860129778,25.1708834261528
7.54672619047619,0.667303089571149,0.740113084071392,0.361111117063511,25.1712972495451
7.5468253968254,0.667245823634522,0.740083689917967,0.360938456689152,25.1717110238874
7.5469246031746,0.667188564071452,0.74005428453999,0.360765878966318,25.1721247491914
7.54702380952381,0.667131310881737,0.740024867944485,0.360593383854634,25.1725384254684
7.54712301587302,0.667074064065181,0.739995440138476,0.360420971313744,25.17295205273
7.54722222222222,0.66701682362159,0.73996600112898,0.360248641303309,25.1733656309876
7.54732142857143,0.666959589550771,0.739936550923011,0.360076393783006,25.1737791602526
7.54742063492063,0.666902361852534,0.739907089527581,0.359904228712529,25.1741926405367
7.54751984126984,0.666845140526692,0.739877616949696,0.359732146051588,25.1746060718511
7.54761904761905,0.666787925573059,0.739848133196358,0.35956014575991,25.1750194542075
7.54771825396825,0.666730716991451,0.739818638274566,0.359388227797238,25.1754327876171
7.54781746031746,0.666673514781688,0.739789132191315,0.359216392123332,25.1758460720916
7.54791666666667,0.666616318943592,0.739759614953596,0.359044638697967,25.1762593076423
7.54801587301587,0.666559129476985,0.739730086568396,0.358872967480937,25.1766724942806
7.54811507936508,0.666501946381695,0.739700547042697,0.35870137843205,25.177085632018
7.54821428571428,0.666444769657548,0.73967099638348,0.358529871511132,25.177498720866
7.54831349206349,0.666387599304375,0.739641434597718,0.358358446678023,25.1779117608359
7.5484126984127,0.66633043532201,0.739611861692384,0.358187103892585,25.1783247519391
7.5485119047619,0.666273277710287,0.739582277674445,0.358015843114691,25.1787376941871
7.54861111111111,0.666216126469044,0.739552682550864,0.357844664304233,25.1791505875913
7.54871031746032,0.66615898159812,0.739523076328601,0.357673567421118,25.1795634321631
7.54880952380952,0.666101843097357,0.739493459014611,0.357502552425272,25.1799762279139
7.54890873015873,0.666044710966599,0.739463830615847,0.357331619276634,25.1803889748551
7.54900793650794,0.665987585205693,0.739434191139256,0.357160767935162,25.180801672998
7.54910714285714,0.665930465814486,0.739404540591783,0.35698999836083,25.1812143223541
7.54920634920635,0.665873352792831,0.739374878980366,0.356819310513628,25.1816269229347
7.54930555555556,0.66581624614058,0.739345206311942,0.356648704353563,25.1820394747512
7.54940476190476,0.665759145857589,0.739315522593444,0.356478179840658,25.182451977815
7.54950396825397,0.665702051943716,0.739285827831799,0.356307736934953,25.1828644321374
7.54960317460317,0.66564496439882,0.739256122033932,0.356137375596503,25.1832768377298
7.54970238095238,0.665587883222764,0.739226405206764,0.355967095785382,25.1836891946036
7.54980158730159,0.665530808415413,0.73919667735721,0.355796897461676,25.1841015027701
7.54990079365079,0.665473739976633,0.739166938492184,0.355626780585495,25.1845137622406
7.55,0.665416677906294,0.739137188618593,0.355456745116959,25.1849259730265
7.55009920634921,0.665359622204268,0.739107427743344,0.355286791016207,25.1853381351392
7.55019841269841,0.665302572870427,0.739077655873337,0.355116918243394,25.1857502485899
7.55029761904762,0.665245529904648,0.739047873015469,0.35494712675869,25.18616231339
7.55039682539683,0.665188493306809,0.739018079176632,0.354777416522285,25.1865743295508
7.55049603174603,0.665131463076791,0.738988274363716,0.354607787494382,25.1869862970836
7.55059523809524,0.665074439214476,0.738958458583606,0.354438239635202,25.1873982159997
7.55069444444444,0.66501742171975,0.738928631843184,0.354268772904982,25.1878100863105
7.55079365079365,0.6649604105925,0.738898794149326,0.354099387263978,25.1882219080272
7.55089285714286,0.664903405832615,0.738868945508907,0.353930082672457,25.1886336811612
7.55099206349206,0.664846407439988,0.738839085928795,0.353760859090709,25.1890454057237
7.55109126984127,0.664789415414513,0.738809215415857,0.353591716479035,25.189457081726
7.55119047619048,0.664732429756086,0.738779333976954,0.353422654797755,25.1898687091793
7.55128968253968,0.664675450464605,0.738749441618943,0.353253674007204,25.1902802880951
7.55138888888889,0.664618477539972,0.73871953834868,0.353084774067738,25.1906918184845
7.5514880952381,0.664561510982091,0.738689624173013,0.352915954939725,25.1911033003588
7.5515873015873,0.664504550790867,0.73865969909879,0.35274721658355,25.1915147337293
7.55168650793651,0.664447596966208,0.738629763132851,0.352578558959615,25.1919261186072
7.55178571428571,0.664390649508023,0.738599816282036,0.352409982028338,25.1923374550038
7.55188492063492,0.664333708416226,0.738569858553178,0.352241485750155,25.1927487429304
7.55198412698413,0.664276773690731,0.738539889953109,0.352073070085517,25.1931599823981
7.55208333333333,0.664219845331454,0.738509910488654,0.351904734994893,25.1935711734182
7.55218253968254,0.664162923338316,0.738479920166635,0.351736480438766,25.193982316002
7.55228174603175,0.664106007711237,0.738449918993873,0.351568306377637,25.1943934101607
7.55238095238095,0.664049098450142,0.738419906977181,0.351400212772025,25.1948044559054
7.55248015873016,0.663992195554956,0.738389884123371,0.351232199582462,25.1952154532475
7.55257936507936,0.663935299025608,0.738359850439249,0.3510642667695,25.1956264021981
7.55267857142857,0.663878408862029,0.738329805931618,0.350896414293704,25.1960373027685
7.55277777777778,0.66382152506415,0.738299750607277,0.350728642115656,25.1964481549698
7.55287698412698,0.663764647631908,0.738269684473022,0.35056095019596,25.1968589588132
7.55297619047619,0.663707776565241,0.738239607535645,0.350393338495231,25.19726971431
7.5530753968254,0.663650911864087,0.738209519801931,0.3502258069741,25.1976804214713
7.5531746031746,0.663594053528389,0.738179421278665,0.350058355593218,25.1980910803083
7.55327380952381,0.663537201558091,0.738149311972626,0.349890984313249,25.1985016908322
7.55337301587302,0.663480355953139,0.73811919189059,0.349723693094876,25.1989122530542
7.55347222222222,0.663423516713483,0.738089061039328,0.349556481898797,25.1993227669855
7.55357142857143,0.663366683839073,0.738058919425609,0.349389350685728,25.1997332326371
7.55367063492063,0.663309857329863,0.738028767056196,0.3492222994164,25.2001436500203
7.55376984126984,0.663253037185809,0.737998603937849,0.349055328051561,25.2005540191462
7.55386904761905,0.663196223406868,0.737968430077324,0.348888436551976,25.200964340026
7.55396825396825,0.663139415993001,0.737938245481374,0.348721624878425,25.2013746126708
7.55406746031746,0.663082614944169,0.737908050156746,0.348554892991706,25.2017848370918
7.55416666666667,0.663025820260339,0.737877844110185,0.348388240852633,25.2021950133
7.55426587301587,0.662969031941476,0.737847627348431,0.348221668422034,25.2026051413067
7.55436507936508,0.662912249987551,0.73781739987822,0.348055175660761,25.203015221123
7.55446428571429,0.662855474398534,0.737787161706287,0.347888762529673,25.2034252527599
7.55456349206349,0.662798705174401,0.737756912839358,0.347722428989652,25.2038352362286
7.5546626984127,0.662741942315126,0.737726653284158,0.347556175001594,25.2042451715402
7.55476190476191,0.662685185820688,0.73769638304741,0.347390000526411,25.2046550587058
7.55486111111111,0.662628435691069,0.737666102135828,0.347223905525032,25.2050648977365
7.55496031746032,0.66257169192625,0.737635810556127,0.347057889958403,25.2054746886435
7.55505952380952,0.662514954526217,0.737605508315016,0.346891953787487,25.2058844314377
7.55515873015873,0.662458223490958,0.737575195419199,0.346726096973262,25.2062941261303
7.55525793650794,0.662401498820463,0.737544871875378,0.346560319476722,25.2067037727324
7.55535714285714,0.662344780514723,0.73751453769025,0.346394621258881,25.2071133712551
7.55545634920635,0.662288068573733,0.737484192870509,0.346229002280765,25.2075229217093
7.55555555555556,0.662231362997489,0.737453837422844,0.34606346250342,25.2079324241063
7.55565476190476,0.662174663785991,0.737423471353941,0.345898001887906,25.208341878457
7.55575396825397,0.662117970939239,0.737393094670481,0.345732620395298,25.2087512847725
7.55585317460318,0.662061284457238,0.737362707379142,0.345567317986695,25.2091606430639
7.55595238095238,0.662004604339992,0.737332309486599,0.345402094623206,25.2095699533422
7.55605158730159,0.66194793058751,0.73730190099952,0.345236950265956,25.2099792156185
7.55615079365079,0.661891263199803,0.737271481924573,0.34507188487609,25.2103884299037
7.55625,0.661834602176882,0.737241052268418,0.344906898414767,25.210797596209
7.55634920634921,0.661777947518762,0.737210612037715,0.344741990843164,25.2112067145453
7.55644841269841,0.661721299225461,0.737180161239118,0.344577162122473,25.2116157849238
7.55654761904762,0.661664657296998,0.737149699879277,0.344412412213904,25.2120248073553
7.55664682539683,0.661608021733394,0.737119227964838,0.344247741078682,25.2124337818509
7.55674603174603,0.661551392534674,0.737088745502444,0.34408314867805,25.2128427084217
7.55684523809524,0.661494769700864,0.737058252498734,0.343918634973266,25.2132515870786
7.55694444444444,0.661438153231993,0.737027748960342,0.343754199925605,25.2136604178327
7.55704365079365,0.66138154312809,0.736997234893899,0.34358984349636,25.2140692006948
7.55714285714286,0.661324939389189,0.736966710306032,0.343425565646837,25.2144779356761
7.55724206349206,0.661268342015325,0.736936175203364,0.34326136633836,25.2148866227875
7.55734126984127,0.661211751006537,0.736905629592515,0.343097245532275,25.21529526204
7.55744047619048,0.661155166362864,0.736875073480099,0.342933203189935,25.2157038534445
7.55753968253968,0.661098588084347,0.736844506872727,0.342769239272716,25.216112397012
7.55763888888889,0.661042016171032,0.736813929777007,0.342605353742008,25.2165208927536
7.5577380952381,0.660985450622966,0.736783342199542,0.342441546559217,25.2169293406801
7.5578373015873,0.660928891440196,0.736752744146931,0.342277817685768,25.2173377408025
7.55793650793651,0.660872338622775,0.736722135625771,0.342114167083099,25.2177460931318
7.55803571428571,0.660815792170756,0.736691516642653,0.341950594712668,25.2181543976789
7.55813492063492,0.660759252084194,0.736660887204165,0.341787100535948,25.2185626544548
7.55823412698413,0.660702718363149,0.73663024731689,0.341623684514426,25.2189708634703
7.55833333333333,0.660646191007679,0.736599596987409,0.341460346609611,25.2193790247365
7.55843253968254,0.660589670017848,0.736568936222297,0.341297086783022,25.2197871382642
7.55853174603175,0.660533155393721,0.736538265028126,0.341133904996201,25.2201952040644
7.55863095238095,0.660476647135365,0.736507583411465,0.3409708012107,25.2206032221479
7.55873015873016,0.660420145242848,0.736476891378878,0.340807775388091,25.2210111925258
7.55882936507937,0.660363649716245,0.736446188936926,0.340644827489965,25.2214191152089
7.55892857142857,0.660307160555627,0.736415476092164,0.340481957477925,25.2218269902081
7.55902777777778,0.660250677761072,0.736384752851146,0.340319165313592,25.2222348175343
7.55912698412698,0.660194201332657,0.736354019220419,0.340156450958604,25.2226425971984
7.55922619047619,0.660137731270465,0.736323275206529,0.339993814374615,25.2230503292113
7.5593253968254,0.660081267574578,0.736292520816017,0.339831255523295,25.2234580135838
7.5594246031746,0.66002481024508,0.736261756055418,0.339668774366331,25.2238656503269
7.55952380952381,0.659968359282061,0.736230980931267,0.339506370865426,25.2242732394515
7.55962301587302,0.65991191468561,0.736200195450093,0.339344044982301,25.2246807809683
7.55972222222222,0.659855476455819,0.736169399618419,0.339181796678692,25.2250882748883
7.55982142857143,0.659799044592782,0.736138593442768,0.339019625916352,25.2254957212223
7.55992063492063,0.659742619096597,0.736107776929657,0.338857532657051,25.2259031199812
7.56001984126984,0.659686199967363,0.7360769500856,0.338695516862573,25.2263104711758
7.56011904761905,0.65962978720518,0.736046112917105,0.338533578494722,25.2267177748169
7.56021825396825,0.659573380810152,0.736015265430678,0.338371717515313,25.2271250309155
7.56031746031746,0.659516980782386,0.735984407632821,0.338209933886188,25.2275322394823
7.56041666666667,0.65946058712199,0.735953539530032,0.338048227569194,25.2279394005282
7.56051587301587,0.659404199829073,0.735922661128804,0.3378865985262,25.2283465140639
7.56061507936508,0.659347818903749,0.735891772435628,0.337725046719092,25.2287535801004
7.56071428571429,0.659291444346132,0.735860873456989,0.337563572109769,25.2291605986484
7.56081349206349,0.659235076156341,0.73582996419937,0.337402174660151,25.2295675697188
7.5609126984127,0.659178714334494,0.735799044669249,0.33724085433217,25.2299744933222
7.56101190476191,0.659122358880713,0.735768114873099,0.337079611087777,25.2303813694697
7.56111111111111,0.659066009795122,0.735737174817391,0.33691844488894,25.2307881981719
7.56121031746032,0.659009667077848,0.735706224508592,0.336757355697642,25.2311949794396
7.56130952380952,0.658953330729019,0.735675263953164,0.336596343475883,25.2316017132836
7.56140873015873,0.658897000748766,0.735644293157566,0.336435408185678,25.2320083997147
7.56150793650794,0.658840677137223,0.735613312128253,0.336274549789063,25.2324150387437
7.56160714285714,0.658784359894525,0.735582320871674,0.336113768248084,25.2328216303813
7.56170634920635,0.658728049020809,0.735551319394277,0.335953063524808,25.2332281746384
7.56180555555556,0.658671744516215,0.735520307702506,0.335792435581319,25.2336346715256
7.56190476190476,0.658615446380887,0.735489285802798,0.335631884379715,25.2340411210538
7.56200396825397,0.658559154614969,0.735458253701589,0.335471409882111,25.2344475232336
7.56210317460318,0.658502869218607,0.735427211405311,0.335311012050638,25.2348538780759
7.56220238095238,0.65844659019195,0.73539615892039,0.335150690847446,25.2352601855914
7.56230158730159,0.65839031753515,0.735365096253251,0.334990446234698,25.2356664457907
7.56240079365079,0.658334051248361,0.735334023410311,0.334830278174576,25.2360726586847
7.5625,0.658277791331738,0.735302940397987,0.334670186629278,25.2364788242841
7.56259920634921,0.65822153778544,0.735271847222691,0.334510171561017,25.2368849425996
7.56269841269841,0.658165290609627,0.735240743890831,0.334350232932025,25.2372910136419
7.56279761904762,0.658109049804463,0.735209630408809,0.334190370704548,25.2376970374217
7.56289682539682,0.658052815370111,0.735178506783026,0.33403058484085,25.2381030139497
7.56299603174603,0.65799658730674,0.735147373019878,0.33387087530321,25.2385089432367
7.56309523809524,0.657940365614519,0.735116229125757,0.333711242053926,25.2389148252933
7.56319444444444,0.657884150293619,0.735085075107051,0.333551685055309,25.2393206601302
7.56329365079365,0.657827941344216,0.735053910970144,0.333392204269691,25.2397264477582
7.56339285714286,0.657771738766486,0.735022736721417,0.333232799659417,25.2401321881878
7.56349206349206,0.657715542560606,0.734991552367247,0.333073471186849,25.2405378814299
7.56359126984127,0.65765935272676,0.734960357914004,0.332914218814367,25.240943527495
7.56369047619048,0.657603169265128,0.734929153368059,0.332755042504364,25.2413491263938
7.56378968253968,0.657546992175898,0.734897938735775,0.332595942219254,25.241754678137
7.56388888888889,0.657490821459256,0.734866714023514,0.332436917921463,25.2421601827352
7.56398809523809,0.657434657115394,0.734835479237632,0.332277969573439,25.2425656401992
7.5640873015873,0.657378499144503,0.734804234384483,0.33211909713764,25.2429710505395
7.56418650793651,0.657322347546778,0.734772979470415,0.331960300576546,25.2433764137668
7.56428571428571,0.657266202322416,0.734741714501773,0.33180157985265,25.2437817298917
7.56438492063492,0.657210063471616,0.734710439484898,0.331642934928463,25.2441869989249
7.56448412698413,0.657153930994579,0.734679154426129,0.331484365766512,25.244592220877
7.56458333333333,0.65709780489151,0.734647859331797,0.331325872329341,25.2449973957587
7.56468253968254,0.657041685162614,0.734616554208232,0.331167454579506,25.2454025235805
7.56478174603175,0.6569855718081,0.734585239061762,0.331009112479591,25.245807604353
7.56488095238095,0.656929464828178,0.734553913898705,0.330850845992185,25.246212638087
7.56498015873016,0.656873364223062,0.734522578725381,0.330692655079897,25.2466176247929
7.56507936507937,0.656817269992966,0.734491233548103,0.330534539705355,25.2470225644814
7.56517857142857,0.656761182138107,0.734459878373181,0.330376499831199,25.2474274571631
7.56527777777778,0.656705100658706,0.734428513206922,0.330218535420089,25.2478323028485
7.56537698412698,0.656649025554984,0.734397138055626,0.330060646434701,25.2482371015483
7.56547619047619,0.656592956827166,0.734365752925592,0.329902832837726,25.2486418532731
7.5655753968254,0.656536894475478,0.734334357823115,0.329745094591873,25.2490465580334
7.5656746031746,0.656480838500149,0.734302952754484,0.329587431659866,25.2494512158397
7.56577380952381,0.656424788901409,0.734271537725986,0.329429844004447,25.2498558267027
7.56587301587302,0.656368745679493,0.734240112743903,0.329272331588373,25.250260390633
7.56597222222222,0.656312708834636,0.734208677814515,0.329114894374419,25.250664907641
7.56607142857143,0.656256678367076,0.734177232944095,0.328957532325375,25.2510693777373
7.56617063492064,0.656200654277052,0.734145778138914,0.328800245404047,25.2514738009325
7.56626984126984,0.656144636564808,0.73411431340524,0.328643033573261,25.2518781772372
7.56636904761905,0.656088625230588,0.734082838749335,0.328485896795857,25.2522825066618
7.56646825396825,0.65603262027464,0.734051354177458,0.328328835034691,25.2526867892169
7.56656746031746,0.655976621697212,0.734019859695864,0.328171848252636,25.253091024913
7.56666666666667,0.655920629498556,0.733988355310804,0.328014936412581,25.2534952137606
7.56676587301587,0.655864643678925,0.733956841028526,0.327858099477433,25.2538993557703
7.56686507936508,0.655808664238577,0.733925316855273,0.327701337410113,25.2543034509526
7.56696428571429,0.655752691177769,0.733893782797283,0.327544650173562,25.254707499318
7.56706349206349,0.655696724496762,0.733862238860794,0.327388037730733,25.2551115008769
7.5671626984127,0.655640764195818,0.733830685052036,0.3272315000446,25.25551545564
7.5672619047619,0.655584810275204,0.733799121377237,0.327075037078151,25.2559193636176
7.56736111111111,0.655528862735187,0.733767547842621,0.326918648794389,25.2563232248203
7.56746031746032,0.655472921576035,0.733735964454408,0.326762335156338,25.2567270392585
7.56755952380952,0.655416986798022,0.733704371218813,0.326606096127034,25.2571308069428
7.56765873015873,0.655361058401421,0.733672768142048,0.32644993166953,25.2575345278836
7.56775793650794,0.655305136386511,0.733641155230322,0.3262938417469,25.2579382020914
7.56785714285714,0.655249220753568,0.733609532489839,0.32613782632223,25.2583418295766
7.56795634920635,0.655193311502874,0.7335778999268,0.325981885358623,25.2587454103497
7.56805555555556,0.655137408634713,0.733546257547399,0.3258260188192,25.2591489444212
7.56815476190476,0.655081512149371,0.733514605357831,0.325670226667097,25.2595524318015
7.56825396825397,0.655025622047135,0.733482943364283,0.325514508865467,25.259955872501
7.56835317460317,0.654969738328296,0.733451271572941,0.32535886537748,25.2603592665303
7.56845238095238,0.654913860993146,0.733419589989984,0.325203296166322,25.2607626138997
7.56855158730159,0.654857990041979,0.733387898621589,0.325047801195196,25.2611659146196
7.56865079365079,0.654802125475094,0.733356197473931,0.32489238042732,25.2615691687006
7.56875,0.654746267292789,0.733324486553176,0.324737033825929,25.2619723761529
7.56884920634921,0.654690415495366,0.733292765865491,0.324581761354277,25.2623755369871
7.56894841269841,0.654634570083129,0.733261035417037,0.324426562975631,25.2627786512135
7.56904761904762,0.654578731056385,0.733229295213971,0.324271438653276,25.2631817188426
7.56914682539683,0.654522898415439,0.733197545262445,0.324116388350511,25.2635847398847
7.56924603174603,0.654467072160606,0.73316578556861,0.323961412030659,25.2639877143503
7.56934523809524,0.654411252292197,0.733134016138611,0.323806509657051,25.2643906422497
7.56944444444444,0.654355438810528,0.73310223697859,0.323651681193039,25.2647935235933
7.56954365079365,0.654299631715916,0.733070448094684,0.32349692660199,25.2651963583915
7.56964285714286,0.654243831008681,0.733038649493027,0.323342245847287,25.2655991466547
7.56974206349206,0.654188036689145,0.733006841179749,0.32318763889233,25.2660018883933
7.56984126984127,0.654132248757632,0.732975023160976,0.323033105700537,25.2664045836176
7.56994047619048,0.654076467214469,0.732943195442829,0.32287864623534,25.266807232338
7.57003968253968,0.654020692059986,0.732911358031427,0.322724260460189,25.2672098345648
7.57013888888889,0.653964923294513,0.732879510932884,0.32256994833855,25.2676123903085
7.57023809523809,0.653909160918383,0.732847654153311,0.322415709833906,25.2680148995792
7.5703373015873,0.653853404931933,0.732815787698812,0.322261544909756,25.2684173623875
7.57043650793651,0.653797655335501,0.732783911575492,0.322107453529615,25.2688197787436
7.57053571428571,0.653741912129426,0.732752025789448,0.321953435657015,25.2692221486579
7.57063492063492,0.653686175314052,0.732720130346775,0.321799491255503,25.2696244721407
7.57073412698413,0.653630444889723,0.732688225253565,0.321645620288648,25.2700267492023
7.57083333333333,0.653574720856787,0.732656310515902,0.321491822720028,25.270428979853
7.57093253968254,0.653519003215593,0.732624386139872,0.321338098513242,25.2708311641032
7.57103174603175,0.653463291966493,0.732592452131551,0.321184447631905,25.2712333019631
7.57113095238095,0.65340758710984,0.732560508497016,0.321030870039647,25.2716353934431
7.57123015873016,0.653351888645991,0.732528555242337,0.320877365700115,25.2720374385535
7.57132936507937,0.653296196575304,0.732496592373582,0.320723934576973,25.2724394373045
7.57142857142857,0.653240510898141,0.732464619896815,0.320570576633902,25.2728413897065
7.57152777777778,0.653184831614864,0.732432637818093,0.320417291834598,25.2732432957697
7.57162698412698,0.653129158725839,0.732400646143473,0.320264080142774,25.2736451555044
7.57172619047619,0.653073492231433,0.732368644879007,0.32011094152216,25.2740469689209
7.5718253968254,0.653017832132016,0.732336634030742,0.319957875936502,25.2744487360295
7.5719246031746,0.652962178427961,0.732304613604721,0.319804883349563,25.2748504568404
7.57202380952381,0.652906531119641,0.732272583606985,0.319651963725122,25.2752521313639
7.57212301587302,0.652850890207433,0.732240544043569,0.319499117026972,25.2756537596103
7.57222222222222,0.652795255691718,0.732208494920506,0.319346343218929,25.2760553415897
7.57232142857143,0.652739627572876,0.732176436243823,0.31919364226482,25.2764568773125
7.57242063492064,0.65268400585129,0.732144368019545,0.31904101412849,25.2768583667889
7.57251984126984,0.652628390527346,0.732112290253692,0.318888458773801,25.277259810029
7.57261904761905,0.652572781601433,0.73208020295228,0.318735976164629,25.2776612070433
7.57271825396825,0.65251717907394,0.732048106121321,0.318583566264871,25.2780625578418
7.57281746031746,0.652461582945262,0.732015999766825,0.318431229038435,25.2784638624348
7.57291666666667,0.652405993215791,0.731983883894795,0.318278964449251,25.2788651208325
7.57301587301587,0.652350409885927,0.731951758511233,0.318126772461261,25.2792663330452
7.57311507936508,0.652294832956067,0.731919623622134,0.317974653038427,25.279667499083
7.57321428571429,0.652239262426614,0.731887479233493,0.317822606144724,25.2800686189562
7.57331349206349,0.652183698297973,0.731855325351297,0.317670631744145,25.2804696926748
7.5734126984127,0.652128140570549,0.731823161981532,0.317518729800702,25.2808707202492
7.5735119047619,0.65207258924475,0.731790989130179,0.317366900278419,25.2812717016896
7.57361111111111,0.652017044320988,0.731758806803215,0.317215143141338,25.281672637006
7.57371031746032,0.651961505799677,0.731726615006614,0.317063458353522,25.2820735262087
7.57380952380952,0.65190597368123,0.731694413746344,0.316911845879043,25.2824743693079
7.57390873015873,0.651850447966068,0.731662203028372,0.316760305681995,25.2828751663137
7.57400793650794,0.651794928654608,0.731629982858658,0.316608837726486,25.2832759172362
7.57410714285714,0.651739415747273,0.731597753243161,0.316457441976641,25.2836766220857
7.57420634920635,0.651683909244489,0.731565514187833,0.316306118396601,25.2840772808724
7.57430555555556,0.651628409146681,0.731533265698626,0.316154866950524,25.2844778936062
7.57440476190476,0.651572915454279,0.731501007781484,0.316003687602585,25.2848784602975
7.57450396825397,0.651517428167714,0.73146874044235,0.315852580316975,25.2852789809562
7.57460317460317,0.65146194728742,0.731436463687161,0.315701545057901,25.2856794555927
7.57470238095238,0.651406472813833,0.731404177521853,0.315550581789587,25.2860798842169
7.57480158730159,0.651351004747391,0.731371881952354,0.315399690476273,25.2864802668391
7.57490079365079,0.651295543088534,0.731339576984592,0.315248871082216,25.2868806034693
7.575,0.651240087837705,0.731307262624488,0.315098123571689,25.2872808941176
7.57509920634921,0.651184638995349,0.731274938877961,0.314947447908981,25.2876811387943
7.57519841269841,0.651129196561914,0.731242605750927,0.3147968440584,25.2880813375092
7.57529761904762,0.651073760537849,0.731210263249295,0.314646311984269,25.2884814902727
7.57539682539683,0.651018330923606,0.731177911378972,0.314495851650926,25.2888815970947
7.57549603174603,0.650962907719638,0.73114555014586,0.314345463022727,25.2892816579854
7.57559523809524,0.650907490926404,0.73111317955586,0.314195146064044,25.2896816729548
7.57569444444444,0.65085208054436,0.731080799614866,0.314044900739265,25.2900816420131
7.57579365079365,0.650796676573969,0.731048410328768,0.313894727012796,25.2904815651702
7.57589285714286,0.650741279015693,0.731016011703455,0.313744624849058,25.2908814424363
7.57599206349206,0.650685887869997,0.730983603744809,0.313594594212489,25.2912812738215
7.57609126984127,0.650630503137351,0.73095118645871,0.313444635067544,25.2916810593357
7.57619047619048,0.650575124818223,0.730918759851033,0.313294747378693,25.2920807989891
7.57628968253968,0.650519752913086,0.730886323927649,0.313144931110425,25.2924804927917
7.57638888888889,0.650464387422414,0.730853878694427,0.312995186227242,25.2928801407536
7.5764880952381,0.650409028346685,0.730821424157229,0.312845512693666,25.2932797428848
7.5765873015873,0.650353675686377,0.730788960321916,0.312695910474231,25.2936792991953
7.57668650793651,0.650298329441973,0.730756487194343,0.312546379533494,25.2940788096951
7.57678571428572,0.650242989613955,0.730724004780363,0.312396919836023,25.2944782743944
7.57688492063492,0.650187656202811,0.730691513085824,0.312247531346405,25.294877693303
7.57698412698413,0.650132329209027,0.730659012116569,0.312098214029243,25.2952770664311
7.57708333333333,0.650077008633096,0.730626501878439,0.311948967849155,25.2956763937887
7.57718253968254,0.650021694475508,0.73059398237727,0.311799792770777,25.2960756753857
7.57728174603175,0.64996638673676,0.730561453618894,0.311650688758762,25.2964749112321
7.57738095238095,0.64991108541735,0.73052891560914,0.311501655777777,25.296874101338
7.57748015873016,0.649855790517775,0.730496368353833,0.311352693792509,25.2972732457134
7.57757936507937,0.649800502038539,0.730463811858793,0.311203802767658,25.2976723443682
7.57767857142857,0.649745219980146,0.730431246129836,0.311054982667943,25.2980713973124
7.57777777777778,0.649689944343102,0.730398671172776,0.310906233458098,25.298470404556
7.57787698412698,0.649634675127916,0.730366086993422,0.310757555102875,25.298869366109
7.57797619047619,0.649579412335099,0.730333493597578,0.31060894756704,25.2992682819814
7.5780753968254,0.649524155965164,0.730300890991045,0.310460410815376,25.299667152183
7.5781746031746,0.649468906018627,0.73026827917962,0.310311944812687,25.3000659767239
7.57827380952381,0.649413662496006,0.730235658169098,0.310163549523788,25.3004647556141
7.57837301587302,0.64935842539782,0.730203027965267,0.310015224913513,25.3008634888634
7.57847222222222,0.649303194724593,0.730170388573913,0.30986697094671,25.3012621764818
7.57857142857143,0.649247970476849,0.730137740000816,0.309718787588247,25.3016608184793
7.57867063492063,0.649192752655115,0.730105082251756,0.309570674803007,25.3020594148657
7.57876984126984,0.64913754125992,0.730072415332504,0.309422632555888,25.3024579656511
7.57886904761905,0.649082336269021,0.730039739257408,0.309274660814571,25.302856470854
7.57896825396825,0.649027137498746,0.730007054101418,0.309126759567342,25.3032549305537
7.57906746031746,0.648971944907805,0.729974359885536,0.308978928786993,25.3036533447753
7.57916666666667,0.648916758494828,0.729941656615702,0.30883116844164,25.3040517135288
7.57926587301587,0.648861578258445,0.729908944297853,0.308683478499408,25.3044500368241
7.57936507936508,0.64880640419729,0.729876222937921,0.308535858928434,25.3048483146713
7.57946428571428,0.648751236309993,0.729843492541841,0.308388309696862,25.3052465470801
7.57956349206349,0.648696074595189,0.72981075311554,0.308240830772849,25.3056447340607
7.5796626984127,0.648640919051513,0.729778004664949,0.308093422124563,25.3060428756228
7.5797619047619,0.648585769677598,0.729745247195991,0.307946083720179,25.3064409717765
7.57986111111111,0.648530626472082,0.729712480714592,0.307798815527884,25.3068390225317
7.57996031746032,0.6484754894336,0.729679705226672,0.307651617515875,25.3072370278984
7.58005952380952,0.648420358560791,0.72964692073815,0.307504489652359,25.3076349878863
7.58015873015873,0.648365233852292,0.729614127254943,0.307357431905554,25.3080329025056
7.58025793650794,0.648310115306742,0.729581324782967,0.307210444243685,25.308430771766
7.58035714285714,0.648255002922782,0.729548513328134,0.307063526634992,25.3088285956776
7.58045634920635,0.648199896699051,0.729515692896354,0.306916679047722,25.3092263742502
7.58055555555556,0.648144796634193,0.729482863493536,0.306769901450132,25.3096241074938
7.58065476190476,0.648089702726848,0.729450025125586,0.306623193810491,25.3100217954183
7.58075396825397,0.648034614975661,0.729417177798409,0.306476556097077,25.3104194380335
7.58085317460317,0.647979533379274,0.729384321517905,0.306329988278179,25.3108170353494
7.58095238095238,0.647924457936334,0.729351456289975,0.306183490322094,25.3112145873759
7.58105158730159,0.647869388645483,0.729318582120515,0.30603706219713,25.3116120941229
7.58115079365079,0.647814325505372,0.729285699015423,0.30589070387161,25.3120095556003
7.58125,0.647759268514645,0.72925280698059,0.30574441531386,25.312406971818
7.58134920634921,0.647704217671951,0.729219906021908,0.30559819649222,25.3128043427859
7.58144841269841,0.647649172975938,0.729186996145266,0.30545204737504,25.3132016685138
7.58154761904762,0.647594134425257,0.72915407735655,0.305305967930679,25.3135989490117
7.58164682539683,0.647539102018558,0.729121149661645,0.305159958127506,25.3139961842894
7.58174603174603,0.647484075754491,0.729088213066434,0.305014017933902,25.3143933743569
7.58184523809524,0.647429055631709,0.729055267576796,0.304868147318257,25.3147905192239
7.58194444444444,0.647374041648865,0.729022313198609,0.304722346248971,25.3151876189005
7.58204365079365,0.647319033804612,0.728989349937749,0.304576614694454,25.3155846733964
7.58214285714286,0.647264032097605,0.728956377800091,0.304430952623127,25.3159816827215
7.58224206349206,0.647209036526499,0.728923396791505,0.304285360003421,25.3163786468857
7.58234126984127,0.647154047089949,0.728890406917861,0.304139836803777,25.3167755658989
7.58244047619048,0.647099063786614,0.728857408185026,0.303994382992646,25.3171724397708
7.58253968253968,0.64704408661515,0.728824400598865,0.303848998538487,25.3175692685115
7.58263888888889,0.646989115574216,0.728791384165241,0.303703683409775,25.3179660521307
7.5827380952381,0.646934150662472,0.728758358890015,0.303558437574991,25.3183627906383
7.5828373015873,0.646879191878577,0.728725324779046,0.303413261002626,25.3187594840441
7.58293650793651,0.646824239221193,0.728692281838188,0.303268153661183,25.319156132358
7.58303571428571,0.646769292688981,0.728659230073298,0.303123115519172,25.3195527355899
7.58313492063492,0.646714352280603,0.728626169490227,0.302978146545117,25.3199492937495
7.58323412698413,0.646659417994723,0.728593100094824,0.30283324670755,25.3203458068467
7.58333333333333,0.646604489830005,0.728560021892937,0.302688415975013,25.3207422748914
7.58343253968254,0.646549567785114,0.728526934890413,0.30254365431606,25.3211386978934
7.58353174603175,0.646494651858716,0.728493839093093,0.302398961699253,25.3215350758625
7.58363095238095,0.646439742049477,0.72846073450682,0.302254338093166,25.3219314088085
7.58373015873016,0.646384838356065,0.728427621137433,0.302109783466382,25.3223276967413
7.58382936507936,0.646329940777148,0.728394498990768,0.301965297787495,25.3227239396707
7.58392857142857,0.646275049311394,0.72836136807266,0.301820881025107,25.3231201376065
7.58402777777778,0.646220163957474,0.728328228388941,0.301676533147832,25.3235162905586
7.58412698412698,0.646165284714058,0.728295079945442,0.301532254124296,25.3239123985367
7.58422619047619,0.646110411579818,0.728261922747992,0.301388043923132,25.3243084615506
7.5843253968254,0.646055544553426,0.728228756802415,0.301243902512985,25.3247044796102
7.5844246031746,0.646000683633554,0.728195582114537,0.301099829862509,25.3251004527253
7.58452380952381,0.645945828818877,0.728162398690178,0.300955825940369,25.3254963809057
7.58462301587302,0.64589098010807,0.728129206535159,0.300811890715239,25.3258922641612
7.58472222222222,0.645836137499807,0.728096005655296,0.300668024155805,25.3262881025015
7.58482142857143,0.645781300992765,0.728062796056404,0.300524226230762,25.3266838959365
7.58492063492063,0.645726470585621,0.728029577744298,0.300380496908814,25.3270796444759
7.58501984126984,0.645671646277053,0.727996350724787,0.300236836158679,25.3274753481296
7.58511904761905,0.64561682806574,0.727963115003681,0.30009324394908,25.3278710069074
7.58521825396825,0.645562015950361,0.727929870586785,0.299949720248755,25.3282666208189
7.58531746031746,0.645507209929596,0.727896617479905,0.29980626502645,25.3286621898741
7.58541666666667,0.645452410002127,0.727863355688842,0.29966287825092,25.3290577140826
7.58551587301587,0.645397616166634,0.727830085219395,0.29951955989093,25.3294531934543
7.58561507936508,0.645342828421802,0.727796806077365,0.29937630991526,25.329848627999
7.58571428571429,0.645288046766314,0.727763518268545,0.299233128292695,25.3302440177263
7.58581349206349,0.645233271198853,0.72773022179873,0.299090014992033,25.3306393626461
7.5859126984127,0.645178501718106,0.727696916673711,0.29894696998208,25.3310346627681
7.58601190476191,0.645123738322758,0.727663602899277,0.298803993231653,25.3314299181021
7.58611111111111,0.645068981011495,0.727630280481215,0.29866108470958,25.3318251286579
7.58621031746032,0.645014229783006,0.72759694942531,0.298518244384698,25.3322202944451
7.58630952380952,0.644959484635978,0.727563609737344,0.298375472225855,25.3326154154736
7.58640873015873,0.644904745569101,0.727530261423099,0.29823276820191,25.3330104917531
7.58650793650794,0.644850012581065,0.727496904488351,0.29809013228173,25.3334055232934
7.58660714285714,0.644795285670561,0.727463538938879,0.297947564434193,25.3338005101042
7.58670634920635,0.64474056483628,0.727430164780455,0.297805064628188,25.3341954521952
7.58680555555556,0.644685850076915,0.727396782018852,0.297662632832613,25.3345903495762
7.58690476190476,0.644631141391158,0.727363390659838,0.297520269016377,25.3349852022569
7.58700396825397,0.644576438777704,0.727329990709183,0.297377973148398,25.335380010247
7.58710317460318,0.644521742235248,0.72729658217265,0.297235745197608,25.3357747735563
7.58720238095238,0.644467051762485,0.727263165056004,0.297093585132944,25.3361694921945
7.58730158730159,0.644412367358112,0.727229739365005,0.296951492923356,25.3365641661714
7.58740079365079,0.644357689020827,0.727196305105412,0.296809468537804,25.3369587954966
7.5875,0.644303016749326,0.727162862282982,0.296667511945257,25.3373533801799
7.58759920634921,0.644248350542309,0.72712941090347,0.296525623114696,25.337747920231
7.58769841269841,0.644193690398476,0.727095950972627,0.29638380201511,25.3381424156595
7.58779761904762,0.644139036316527,0.727062482496204,0.2962420486155,25.3385368664753
7.58789682539683,0.644084388295164,0.727029005479948,0.296100362884875,25.338931272688
7.58799603174603,0.644029746333088,0.726995519929607,0.295958744792258,25.3393256343073
7.58809523809524,0.643975110429002,0.726962025850922,0.295817194306679,25.339719951343
7.58819444444444,0.643920480581611,0.726928523249637,0.295675711397177,25.3401142238046
7.58829365079365,0.643865856789618,0.72689501213149,0.295534296032806,25.340508451702
7.58839285714286,0.643811239051729,0.726861492502219,0.295392948182626,25.3409026350448
7.58849206349206,0.64375662736665,0.726827964367557,0.295251667815706,25.3412967738427
7.58859126984127,0.643702021733088,0.726794427733239,0.295110454901133,25.3416908681055
7.58869047619048,0.643647422149752,0.726760882604995,0.294969309407996,25.3420849178427
7.58878968253968,0.643592828615349,0.726727328988554,0.294828231305396,25.342478923064
7.58888888888889,0.643538241128588,0.726693766889642,0.294687220562447,25.3428728837792
7.5889880952381,0.64348365968818,0.726660196313982,0.29454627714827,25.3432667999979
7.5890873015873,0.643429084292837,0.726626617267298,0.294405401031999,25.3436606717299
7.58918650793651,0.643374514941269,0.726593029755308,0.294264592182775,25.3440544989846
7.58928571428571,0.643319951632189,0.726559433783731,0.294123850569752,25.344448281772
7.58938492063492,0.643265394364312,0.726525829358282,0.293983176162092,25.3448420201015
7.58948412698413,0.64321084313635,0.726492216484675,0.293842568928969,25.3452357139829
7.58958333333333,0.643156297947019,0.72645859516862,0.293702028839566,25.3456293634258
7.58968253968254,0.643101758795035,0.726424965415827,0.293561555863077,25.3460229684399
7.58978174603175,0.643047225679114,0.726391327232002,0.293421149968705,25.3464165290348
7.58988095238095,0.642992698597974,0.726357680622851,0.293280811125664,25.3468100452202
7.58998015873016,0.642938177550333,0.726324025594074,0.293140539303177,25.3472035170058
7.59007936507937,0.642883662534911,0.726290362151374,0.293000334470481,25.3475969444011
7.59017857142857,0.642829153550427,0.726256690300449,0.292860196596818,25.3479903274159
7.59027777777778,0.642774650595601,0.726223010046993,0.292720125651445,25.3483836660597
7.59037698412698,0.642720153669156,0.726189321396702,0.292580121603624,25.3487769603422
7.59047619047619,0.642665662769813,0.726155624355266,0.292440184422631,25.3491702102731
7.5905753968254,0.642611177896296,0.726121918928375,0.292300314077751,25.349563415862
7.5906746031746,0.642556699047329,0.726088205121717,0.292160510538279,25.3499565771184
7.59077380952381,0.642502226221635,0.726054482940977,0.292020773773521,25.3503496940521
7.59087301587302,0.642447759417942,0.726020752391838,0.291881103752792,25.3507427666726
7.59097222222222,0.642393298634975,0.72598701347998,0.291741500445418,25.3511357949896
7.59107142857143,0.642338843871461,0.725953266211082,0.291601963820735,25.3515287790127
7.59117063492063,0.642284395126128,0.725919510590821,0.291462493848089,25.3519217187515
7.59126984126984,0.642229952397705,0.725885746624871,0.291323090496836,25.3523146142156
7.59136904761905,0.642175515684922,0.725851974318905,0.291183753736342,25.3527074654147
7.59146825396825,0.642121084986508,0.725818193678591,0.291044483535983,25.3531002723583
7.59156746031746,0.642066660301196,0.725784404709599,0.290905279865149,25.353493035056
7.59166666666667,0.642012241627717,0.725750607417594,0.290766142693234,25.3538857535175
7.59176587301587,0.641957828964803,0.725716801808239,0.290627071989646,25.3542784277523
7.59186507936508,0.64190342231119,0.725682987887196,0.290488067723802,25.35467105777
7.59196428571429,0.64184902166561,0.725649165660124,0.29034912986513,25.3550636435803
7.59206349206349,0.641794627026799,0.72561533513268,0.290210258383067,25.3554561851926
7.5921626984127,0.641740238393493,0.725581496310518,0.290071453247061,25.3558486826167
7.59226190476191,0.64168585576443,0.725547649199291,0.28993271442657,25.3562411358621
7.59236111111111,0.641631479138346,0.725513793804651,0.289794041891062,25.3566335449384
7.59246031746032,0.64157710851398,0.725479930132245,0.289655435610016,25.3570259098551
7.59255952380952,0.641522743890071,0.725446058187719,0.289516895552919,25.3574182306218
7.59265873015873,0.64146838526536,0.725412177976717,0.28937842168927,25.3578105072481
7.59275793650794,0.641414032638587,0.725378289504882,0.289240013988579,25.3582027397436
7.59285714285714,0.641359686008494,0.725344392777852,0.289101672420364,25.3585949281179
7.59295634920635,0.641305345373823,0.725310487801266,0.288963396954152,25.3589870723804
7.59305555555556,0.641251010733318,0.725276574580759,0.288825187559486,25.3593791725408
7.59315476190476,0.641196682085723,0.725242653121963,0.288687044205915,25.3597712286086
7.59325396825397,0.641142359429783,0.725208723430511,0.288548966862997,25.3601632405935
7.59335317460318,0.641088042764243,0.72517478551203,0.288410955500303,25.3605552085048
7.59345238095238,0.64103373208785,0.725140839372148,0.288273010087412,25.3609471323522
7.59355158730159,0.640979427399352,0.725106885016488,0.288135130593915,25.3613390121453
7.59365079365079,0.640925128697496,0.725072922450674,0.287997316989412,25.3617308478935
7.59375,0.640870835981031,0.725038951680326,0.287859569243513,25.3621226396065
7.59384920634921,0.640816549248708,0.725004972711061,0.28772188732584,25.3625143872937
7.59394841269841,0.640762268499276,0.724970985548495,0.287584271206022,25.3629060909647
7.59404761904762,0.640707993731488,0.724936990198242,0.287446720853701,25.3632977506291
7.59414682539682,0.640653724944095,0.724902986665913,0.287309236238528,25.3636893662963
7.59424603174603,0.64059946213585,0.724868974957118,0.287171817330165,25.3640809379759
7.59434523809524,0.640545205305507,0.724834955077465,0.287034464098283,25.3644724656774
7.59444444444444,0.64049095445182,0.724800927032556,0.286897176512561,25.3648639494104
7.59454365079365,0.640436709573546,0.724766890827997,0.286759954542696,25.3652553891843
7.59464285714286,0.64038247066944,0.724732846469388,0.286622798158387,25.3656467850087
7.59474206349206,0.64032823773826,0.724698793962326,0.286485707329347,25.3660381368931
7.59484126984127,0.640274010778763,0.724664733312409,0.286348682025298,25.366429444847
7.59494047619048,0.640219789789708,0.72463066452523,0.286211722215973,25.3668207088799
7.59503968253968,0.640165574769854,0.724596587606381,0.286074827871114,25.3672119290013
7.59513888888889,0.640111365717962,0.724562502561453,0.285937998960474,25.3676031052207
7.59523809523809,0.640057162632792,0.724528409396033,0.285801235453816,25.3679942375477
7.5953373015873,0.640002965513107,0.724494308115706,0.285664537320914,25.3683853259917
7.59543650793651,0.639948774357669,0.724460198726056,0.28552790453155,25.3687763705621
7.59553571428571,0.639894589165241,0.724426081232664,0.285391337055519,25.3691673712686
7.59563492063492,0.639840409934589,0.724391955641109,0.285254834862624,25.3695583281206
7.59573412698413,0.639786236664477,0.724357821956968,0.285118397922679,25.3699492411276
7.59583333333333,0.63973206935367,0.724323680185815,0.284982026205507,25.370340110299
7.59593253968254,0.639677908000936,0.724289530333222,0.284845719680943,25.3707309356444
7.59603174603175,0.639623752605043,0.724255372404762,0.284709478318832,25.3711217171732
7.59613095238095,0.639569603164758,0.724221206406001,0.284573302089029,25.3715124548949
7.59623015873016,0.639515459678851,0.724187032342505,0.284437190961398,25.3719031488189
7.59632936507937,0.639461322146091,0.724152850219838,0.284301144905813,25.3722937989548
7.59642857142857,0.639407190565251,0.724118660043563,0.284165163892161,25.372684405312
7.59652777777778,0.6393530649351,0.724084461819238,0.284029247890336,25.3730749679
7.59662698412698,0.639298945254411,0.72405025555242,0.283893396870243,25.3734654867282
7.59672619047619,0.639244831521958,0.724016041248666,0.283757610801798,25.3738559618061
7.5968253968254,0.639190723736515,0.723981818913527,0.283621889654928,25.3742463931432
7.5969246031746,0.639136621896856,0.723947588552556,0.283486233399567,25.3746367807488
7.59702380952381,0.639082526001757,0.723913350171299,0.283350642005662,25.3750271246325
7.59712301587302,0.639028436049994,0.723879103775305,0.28321511544317,25.3754174248037
7.59722222222222,0.638974352040345,0.723844849370117,0.283079653682056,25.3758076812718
7.59732142857143,0.638920273971588,0.723810586961277,0.282944256692297,25.3761978940463
7.59742063492064,0.6388662018425,0.723776316554325,0.282808924443879,25.3765880631366
7.59751984126984,0.638812135651864,0.7237420381548,0.282673656906801,25.3769781885521
7.59761904761905,0.638758075398458,0.723707751768236,0.28253845405107,25.3773682703024
7.59771825396825,0.638704021081063,0.723673457400168,0.282403315846702,25.3777583083968
7.59781746031746,0.638649972698463,0.723639155056127,0.282268242263725,25.3781483028447
7.59791666666667,0.638595930249439,0.723604844741642,0.282133233272176,25.3785382536556
7.59801587301587,0.638541893732776,0.723570526462239,0.281998288842104,25.3789281608388
7.59811507936508,0.638487863147258,0.723536200223444,0.281863408943566,25.3793180244039
7.59821428571429,0.63843383849167,0.72350186603078,0.28172859354663,25.3797078443602
7.59831349206349,0.638379819764799,0.723467523889766,0.281593842621375,25.3800976207172
7.5984126984127,0.638325806965431,0.723433173805922,0.28145915613789,25.3804873534842
7.5985119047619,0.638271800092354,0.723398815784762,0.281324534066272,25.3808770426707
7.59861111111111,0.638217799144356,0.723364449831802,0.28118997637663,25.381266688286
7.59871031746032,0.638163804120228,0.723330075952554,0.281055483039085,25.3816562903396
7.59880952380952,0.638109815018758,0.723295694152526,0.280921054023764,25.3820458488408
7.59890873015873,0.638055831838738,0.723261304437226,0.280786689300805,25.3824353637991
7.59900793650794,0.63800185457896,0.72322690681216,0.280652388840362,25.3828248352239
7.59910714285714,0.637947883238216,0.72319250128283,0.280518152612592,25.3832142631245
7.59920634920635,0.637893917815301,0.723158087854739,0.280383980587666,25.3836036475104
7.59930555555556,0.637839958309007,0.723123666533384,0.280249872735762,25.3839929883908
7.59940476190476,0.63778600471813,0.723089237324262,0.280115829027072,25.3843822857753
7.59950396825397,0.637732057041466,0.723054800232868,0.279981849431795,25.3847715396732
7.59960317460317,0.637678115277811,0.723020355264694,0.279847933920143,25.3851607500938
7.59970238095238,0.637624179425962,0.72298590242523,0.279714082462335,25.3855499170465
7.59980158730159,0.637570249484719,0.722951441719965,0.279580295028603,25.3859390405408
7.59990079365079,0.63751632545288,0.722916973154383,0.279446571589188,25.3863281205859
7.6,0.637462407329244,0.722882496733969,0.279312912114341,25.3867171571912
7.60009920634921,0.637408495112613,0.722848012464204,0.279179316574323,25.3871061503662
7.60019841269841,0.637354588801788,0.722813520350568,0.279045784939406,25.3874951001201
7.60029761904762,0.637300688395572,0.722779020398537,0.278912317179872,25.3878840064623
7.60039682539683,0.637246793892765,0.722744512613587,0.27877891326601,25.3882728694023
7.60049603174603,0.637192905292175,0.72270999700119,0.278645573168126,25.3886616889492
7.60059523809524,0.637139022592604,0.722675473566818,0.278512296856531,25.3890504651125
7.60069444444444,0.637085145792859,0.722640942315938,0.278379084301547,25.3894391979015
7.60079365079365,0.637031274891745,0.722606403254017,0.278245935473507,25.3898278873256
7.60089285714286,0.636977409888071,0.722571856386519,0.278112850342753,25.3902165333941
7.60099206349206,0.636923550780642,0.722537301718907,0.277979828879638,25.3906051361163
7.60109126984127,0.63686969756827,0.722502739256639,0.277846871054526,25.3909936955016
7.60119047619048,0.636815850249762,0.722468169005173,0.277713976837789,25.3913822115593
7.60128968253968,0.636762008823929,0.722433590969966,0.277581146199811,25.3917706842988
7.60138888888889,0.636708173289583,0.722399005156469,0.277448379110986,25.3921591137293
7.60148809523809,0.636654343645535,0.722364411570136,0.277315675541716,25.3925474998602
7.6015873015873,0.636600519890599,0.722329810216414,0.277183035462417,25.3929358427008
7.60168650793651,0.636546702023587,0.72229520110075,0.277050458843513,25.3933241422605
7.60178571428571,0.636492890043314,0.722260584228589,0.276917945655437,25.3937123985484
7.60188492063492,0.636439083948595,0.722225959605373,0.276785495868632,25.3941006115741
7.60198412698413,0.636385283738247,0.722191327236543,0.276653109453556,25.3944887813467
7.60208333333333,0.636331489411086,0.722156687127537,0.276520786380673,25.3948769078755
7.60218253968254,0.636277700965929,0.722122039283791,0.276388526620456,25.39526499117
7.60228174603175,0.636223918401596,0.722087383710739,0.276256330143393,25.3956530312393
7.60238095238095,0.636170141716905,0.722052720413812,0.276124196919976,25.3960410280928
7.60248015873016,0.636116370910677,0.722018049398439,0.275992126920713,25.3964289817397
7.60257936507937,0.636062605981731,0.721983370670049,0.275860120116119,25.3968168921894
7.60267857142857,0.636008846928891,0.721948684234067,0.275728176476719,25.3972047594512
7.60277777777778,0.635955093750978,0.721913990095914,0.275596295973049,25.3975925835343
7.60287698412698,0.635901346446815,0.721879288261013,0.275464478575656,25.397980364448
7.60297619047619,0.635847605015228,0.721844578734781,0.275332724255096,25.3983681022017
7.6030753968254,0.635793869455039,0.721809861522635,0.275201032981935,25.3987557968045
7.6031746031746,0.635740139765076,0.72177513662999,0.27506940472675,25.3991434482658
7.60327380952381,0.635686415944165,0.721740404062258,0.274937839460128,25.3995310565948
7.60337301587302,0.635632697991132,0.721705663824848,0.274806337152663,25.3999186218008
7.60347222222222,0.635578985904808,0.721670915923169,0.274674897774968,25.4003061438931
7.60357142857143,0.635525279684019,0.721636160362626,0.274543521297656,25.4006936228809
7.60367063492064,0.635471579327596,0.721601397148622,0.274412207691356,25.4010810587735
7.60376984126984,0.635417884834369,0.72156662628656,0.274280956926706,25.4014684515802
7.60386904761905,0.63536419620317,0.721531847781837,0.274149768974352,25.4018558013101
7.60396825396825,0.635310513432831,0.721497061639852,0.274018643804954,25.4022431079727
7.60406746031746,0.635256836522185,0.721462267865998,0.273887581389179,25.4026303715771
7.60416666666667,0.635203165470065,0.721427466465669,0.273756581697705,25.4030175921325
7.60426587301587,0.635149500275306,0.721392657444255,0.273625644701222,25.4034047696482
7.60436507936508,0.635095840936744,0.721357840807144,0.273494770370427,25.4037919041335
7.60446428571429,0.635042187453215,0.721323016559722,0.27336395867603,25.4041789955976
7.60456349206349,0.634988539823556,0.721288184707374,0.27323320958875,25.4045660440497
7.6046626984127,0.634934898046604,0.721253345255482,0.273102523079315,25.4049530494991
7.6047619047619,0.634881262121198,0.721218498209424,0.272971899118466,25.4053400119549
7.60486111111111,0.634827632046177,0.721183643574578,0.272841337676949,25.4057269314265
7.60496031746032,0.634774007820383,0.72114878135632,0.272710838725529,25.4061138079231
7.60505952380952,0.634720389442655,0.721113911560023,0.272580402234973,25.4065006414538
7.60515873015873,0.634666776911836,0.721079034191057,0.272450028176061,25.4068874320279
7.60525793650794,0.634613170226769,0.721044149254793,0.272319716519584,25.4072741796546
7.60535714285714,0.634559569386296,0.721009256756595,0.272189467236342,25.4076608843431
7.60545634920635,0.634505974389262,0.720974356701829,0.272059280297145,25.4080475461026
7.60555555555556,0.634452385234513,0.720939449095857,0.271929155672814,25.4084341649424
7.60565476190476,0.634398801920893,0.72090453394404,0.27179909333418,25.4088207408717
7.60575396825397,0.634345224447251,0.720869611251734,0.271669093252084,25.4092072738995
7.60585317460317,0.634291652812432,0.720834681024297,0.271539155397377,25.4095937640353
7.60595238095238,0.634238087015287,0.720799743267081,0.271409279740922,25.4099802112881
7.60605158730159,0.634184527054662,0.720764797985438,0.271279466253588,25.4103666156671
7.60615079365079,0.63413097292941,0.720729845184717,0.271149714906258,25.4107529771815
7.60625,0.634077424638379,0.720694884870266,0.271020025669824,25.4111392958406
7.60634920634921,0.634023882180422,0.720659917047429,0.270890398515186,25.4115255716535
7.60644841269841,0.633970345554392,0.72062494172155,0.27076083341326,25.4119118046294
7.60654761904762,0.633916814759141,0.720589958897968,0.270631330334967,25.4122979947774
7.60664682539683,0.633863289793523,0.720554968582023,0.270501889251239,25.4126841421069
7.60674603174603,0.633809770656394,0.720519970779051,0.270372510133019,25.4130702466268
7.60684523809524,0.633756257346608,0.720484965494386,0.270243192951259,25.4134563083464
7.60694444444444,0.633702749863022,0.720449952733359,0.270113937676924,25.4138423272749
7.60704365079365,0.633649248204493,0.720414932501301,0.269984744280986,25.4142283034214
7.60714285714286,0.63359575236988,0.72037990480354,0.269855612734428,25.4146142367951
7.60724206349206,0.633542262358041,0.7203448696454,0.269726543008244,25.4150001274052
7.60734126984127,0.633488778167835,0.720309827032205,0.269597535073439,25.4153859752608
7.60744047619048,0.633435299798124,0.720274776969276,0.269468588901025,25.4157717803711
7.60753968253968,0.633381827247767,0.720239719461932,0.269339704462028,25.4161575427452
7.60763888888889,0.633328360515629,0.720204654515491,0.26921088172748,25.4165432623922
7.6077380952381,0.63327489960057,0.720169582135266,0.269082120668428,25.4169289393214
7.6078373015873,0.633221444501455,0.72013450232657,0.268953421255923,25.4173145735419
7.60793650793651,0.633167995217148,0.720099415094713,0.268824783461034,25.4177001650627
7.60803571428572,0.633114551746516,0.720064320445004,0.268696207254834,25.4180857138931
7.60813492063492,0.633061114088422,0.720029218382748,0.268567692608408,25.4184712200422
7.60823412698413,0.633007682241736,0.71999410891325,0.268439239492852,25.4188566835191
7.60833333333333,0.632954256205324,0.719958992041811,0.268310847879271,25.4192421043329
7.60843253968254,0.632900835978054,0.71992386777373,0.268182517738781,25.4196274824928
7.60853174603175,0.632847421558797,0.719888736114304,0.268054249042507,25.4200128180079
7.60863095238095,0.632794012946422,0.71985359706883,0.267926041761586,25.4203981108873
7.60873015873016,0.6327406101398,0.719818450642599,0.267797895867163,25.4207833611402
7.60882936507937,0.632687213137803,0.719783296840903,0.267669811330395,25.4211685687756
7.60892857142857,0.632633821939303,0.71974813566903,0.267541788122448,25.4215537338027
7.60902777777778,0.632580436543174,0.719712967132267,0.2674138262145,25.4219388562305
7.60912698412698,0.63252705694829,0.719677791235898,0.267285925577736,25.4223239360682
7.60922619047619,0.632473683153525,0.719642607985205,0.267158086183355,25.4227089733249
7.6093253968254,0.632420315157756,0.719607417385468,0.26703030800256,25.4230939680098
7.6094246031746,0.63236695295986,0.719572219441965,0.266902591006574,25.4234789201317
7.60952380952381,0.632313596558713,0.719537014159971,0.266774935166622,25.4238638297
7.60962301587302,0.632260245953194,0.719501801544761,0.266647340453941,25.4242486967237
7.60972222222222,0.632206901142182,0.719466581601605,0.26651980683978,25.4246335212118
7.60982142857143,0.632153562124556,0.719431354335772,0.266392334295396,25.4250183031735
7.60992063492063,0.632100228899198,0.71939611975253,0.266264922792058,25.4254030426178
7.61001984126984,0.632046901464988,0.719360877857143,0.266137572301044,25.4257877395539
7.61011904761905,0.63199357982081,0.719325628654873,0.266010282793642,25.4261723939907
7.61021825396825,0.631940263965545,0.719290372150982,0.265883054241152,25.4265570059375
7.61031746031746,0.631886953898078,0.719255108350728,0.265755886614881,25.4269415754031
7.61041666666667,0.631833649617294,0.719219837259366,0.26562877988615,25.4273261023969
7.61051587301587,0.631780351122077,0.719184558882151,0.265501734026287,25.4277105869277
7.61061507936508,0.631727058411315,0.719149273224335,0.265374749006632,25.4280950290047
7.61071428571428,0.631673771483894,0.719113980291167,0.265247824798534,25.4284794286368
7.61081349206349,0.631620490338701,0.719078680087894,0.265120961373352,25.4288637858333
7.6109126984127,0.631567214974627,0.719043372619762,0.264994158702458,25.4292481006032
7.6110119047619,0.63151394539056,0.719008057892014,0.264867416757231,25.4296323729554
7.61111111111111,0.631460681585391,0.718972735909891,0.264740735509061,25.430016602899
7.61121031746032,0.631407423558011,0.718937406678632,0.264614114929349,25.4304007904432
7.61130952380952,0.631354171307312,0.718902070203473,0.264487554989504,25.4307849355969
7.61140873015873,0.631300924832186,0.718866726489649,0.264361055660949,25.4311690383692
7.61150793650794,0.631247684131527,0.718831375542393,0.264234616915113,25.4315530987691
7.61160714285714,0.631194449204229,0.718796017366933,0.264108238723439,25.4319371168057
7.61170634920635,0.631141220049188,0.718760651968499,0.263981921057376,25.4323210924879
7.61180555555556,0.631087996665299,0.718725279352316,0.263855663888387,25.4327050258249
7.61190476190476,0.63103477905146,0.718689899523608,0.263729467187943,25.4330889168257
7.61200396825397,0.630981567206568,0.718654512487596,0.263603330927526,25.4334727654992
7.61210317460317,0.63092836112952,0.718619118249499,0.263477255078627,25.4338565718546
7.61220238095238,0.630875160819217,0.718583716814535,0.26335123961275,25.4342403359007
7.61230158730159,0.630821966274558,0.718548308187917,0.263225284501403,25.4346240576468
7.61240079365079,0.630768777494445,0.718512892374861,0.263099389716115,25.4350077371016
7.6125,0.630715594477779,0.718477469380576,0.262973555228414,25.4353913742744
7.61259920634921,0.630662417223462,0.71844203921027,0.262847781009844,25.435774969174
7.61269841269841,0.630609245730398,0.718406601869149,0.262722067031958,25.4361585218096
7.61279761904762,0.63055607999749,0.718371157362419,0.262596413266319,25.43654203219
7.61289682539683,0.630502920023643,0.71833570569528,0.262470819684501,25.4369255003243
7.61299603174603,0.630449765807764,0.718300246872933,0.262345286258086,25.4373089262215
7.61309523809524,0.630396617348758,0.718264780900575,0.262219812958669,25.4376923098906
7.61319444444444,0.630343474645534,0.718229307783401,0.262094399757853,25.4380756513406
7.61329365079365,0.630290337696998,0.718193827526606,0.261969046627252,25.4384589505804
7.61339285714286,0.63023720650206,0.71815834013538,0.26184375353849,25.4388422076191
7.61349206349206,0.630184081059629,0.718122845614911,0.261718520463202,25.4392254224657
7.61359126984127,0.630130961368616,0.718087343970388,0.261593347373032,25.4396085951291
7.61369047619048,0.630077847427933,0.718051835206994,0.261468234239634,25.4399917256182
7.61378968253968,0.630024739236491,0.718016319329911,0.261343181034673,25.4403748139422
7.61388888888889,0.629971636793203,0.717980796344321,0.261218187729825,25.4407578601099
7.6139880952381,0.629918540096984,0.717945266255402,0.261093254296776,25.4411408641303
7.6140873015873,0.629865449146748,0.717909729068328,0.260968380707219,25.4415238260124
7.61418650793651,0.629812363941409,0.717874184788275,0.260843566932861,25.4419067457652
7.61428571428571,0.629759284479885,0.717838633420414,0.260718812945416,25.4422896233976
7.61438492063492,0.629706210761092,0.717803074969913,0.260594118716612,25.4426724589185
7.61448412698413,0.629653142783947,0.717767509441941,0.260469484218184,25.443055252337
7.61458333333333,0.629600080547371,0.717731936841663,0.260344909421878,25.443438003662
7.61468253968254,0.629547024050281,0.717696357174241,0.260220394299451,25.4438207129024
7.61478174603175,0.629493973291598,0.717660770444836,0.260095938822668,25.4442033800671
7.61488095238095,0.629440928270244,0.717625176658607,0.259971542963308,25.4445860051653
7.61498015873016,0.629387888985139,0.717589575820711,0.259847206693156,25.4449685882056
7.61507936507936,0.629334855435207,0.717553967936301,0.259722929984009,25.4453511291972
7.61517857142857,0.629281827619371,0.71751835301053,0.259598712807675,25.4457336281489
7.61527777777778,0.629228805536555,0.717482731048548,0.25947455513597,25.4461160850698
7.61537698412698,0.629175789185684,0.717447102055502,0.259350456940724,25.4464984999686
7.61547619047619,0.629122778565685,0.717411466036538,0.259226418193773,25.4468808728543
7.6155753968254,0.629069773675483,0.7173758229968,0.259102438866966,25.4472632037359
7.6156746031746,0.629016774514007,0.717340172941429,0.25897851893216,25.4476454926223
7.61577380952381,0.628963781080184,0.717304515875564,0.258854658361223,25.4480277395224
7.61587301587302,0.628910793372944,0.717268851804342,0.258730857126034,25.4484099444452
7.61597222222222,0.628857811391217,0.717233180732898,0.258607115198482,25.4487921073994
7.61607142857143,0.628804835133933,0.717197502666364,0.258483432550465,25.4491742283942
7.61617063492063,0.628751864600023,0.717161817609871,0.258359809153892,25.4495563074382
7.61626984126984,0.628698899788421,0.717126125568546,0.258236244980682,25.4499383445405
7.61636904761905,0.628645940698058,0.717090426547518,0.258112740002765,25.45032033971
7.61646825396825,0.62859298732787,0.717054720551908,0.257989294192079,25.4507022929556
7.61656746031746,0.628540039676791,0.717019007586839,0.257865907520575,25.4510842042861
7.61666666666667,0.628487097743756,0.716983287657431,0.257742579960211,25.4514660737105
7.61676587301587,0.628434161527701,0.7169475607688,0.257619311482957,25.4518479012376
7.61686507936508,0.628381231027565,0.716911826926063,0.257496102060796,25.4522296868764
7.61696428571429,0.628328306242284,0.716876086134333,0.257372951665716,25.4526114306357
7.61706349206349,0.628275387170799,0.716840338398719,0.257249860269718,25.4529931325243
7.6171626984127,0.628222473812047,0.716804583724332,0.257126827844812,25.4533747925513
7.61726190476191,0.628169566164971,0.716768822116278,0.257003854363019,25.4537564107255
7.61736111111111,0.62811666422851,0.716733053579661,0.25688093979637,25.4541379870556
7.61746031746032,0.628063768001607,0.716697278119584,0.256758084116907,25.4545195215507
7.61755952380952,0.628010877483204,0.716661495741146,0.25663528729668,25.4549010142196
7.61765873015873,0.627957992672246,0.716625706449445,0.25651254930775,25.4552824650711
7.61775793650794,0.627905113567677,0.716589910249578,0.25638987012219,25.4556638741141
7.61785714285714,0.627852240168442,0.716554107146638,0.256267249712082,25.4560452413575
7.61795634920635,0.627799372473487,0.716518297145716,0.256144688049516,25.4564265668101
7.61805555555556,0.627746510481758,0.716482480251902,0.256022185106596,25.4568078504808
7.61815476190476,0.627693654192205,0.716446656470283,0.255899740855434,25.4571890923785
7.61825396825397,0.627640803603773,0.716410825805943,0.25577735526815,25.4575702925119
7.61835317460318,0.627587958715415,0.716374988263966,0.25565502831688,25.45795145089
7.61845238095238,0.627535119526079,0.716339143849433,0.255532759973766,25.4583325675215
7.61855158730159,0.627482286034716,0.71630329256742,0.25541055021096,25.4587136424154
7.61865079365079,0.627429458240279,0.716267434423006,0.255288399000626,25.4590946755804
7.61875,0.627376636141719,0.716231569421264,0.255166306314937,25.4594756670254
7.61884920634921,0.627323819737989,0.716195697567265,0.255044272126076,25.4598566167592
7.61894841269841,0.627271009028045,0.71615981886608,0.254922296406237,25.4602375247907
7.61904761904762,0.62721820401084,0.716123933322777,0.254800379127624,25.4606183911287
7.61914682539683,0.627165404685332,0.71608804094242,0.254678520262451,25.4609992157819
7.61924603174603,0.627112611050475,0.716052141730073,0.254556719782942,25.4613799987593
7.61934523809524,0.627059823105228,0.716016235690798,0.254434977661332,25.4617607400697
7.61944444444444,0.627007040848549,0.715980322829652,0.254313293869864,25.4621414397218
7.61954365079365,0.626954264279396,0.715944403151694,0.254191668380794,25.4625220977245
7.61964285714286,0.62690149339673,0.715908476661977,0.254070101166386,25.4629027140865
7.61974206349206,0.626848728199511,0.715872543365553,0.253948592198916,25.4632832888168
7.61984126984127,0.6267959686867,0.715836603267474,0.253827141450666,25.4636638219241
7.61994047619048,0.62674321485726,0.715800656372787,0.253705748893936,25.4640443134171
7.62003968253968,0.626690466710153,0.715764702686539,0.25358441450103,25.4644247633048
7.62013888888889,0.626637724244345,0.715728742213772,0.253463138244262,25.4648051715958
7.6202380952381,0.626584987458798,0.71569277495953,0.25334192009596,25.4651855382991
7.6203373015873,0.626532256352479,0.71565680092885,0.253220760028459,25.4655658634233
7.62043650793651,0.626479530924354,0.715620820126771,0.253099658014104,25.4659461469773
7.62053571428571,0.626426811173389,0.715584832558327,0.252978614025254,25.4663263889698
7.62063492063492,0.626374097098554,0.715548838228551,0.252857628034273,25.4667065894097
7.62073412698413,0.626321388698815,0.715512837142475,0.25273670001354,25.4670867483057
7.62083333333333,0.626268685973144,0.715476829305126,0.25261582993544,25.4674668656665
7.62093253968254,0.626215988920509,0.715440814721532,0.252495017772371,25.4678469415011
7.62103174603175,0.626163297539883,0.715404793396716,0.25237426349674,25.4682269758181
7.62113095238095,0.626110611830237,0.715368765335701,0.252253567080964,25.4686069686262
7.62123015873016,0.626057931790544,0.715332730543506,0.252132928497471,25.4689869199344
7.62132936507937,0.626005257419777,0.715296689025149,0.252012347718697,25.4693668297513
7.62142857142857,0.625952588716911,0.715260640785647,0.251891824717094,25.4697466980857
7.62152777777778,0.625899925680921,0.715224585830012,0.251771359465117,25.4701265249463
7.62162698412698,0.625847268310782,0.715188524163256,0.251650951935234,25.4705063103419
7.62172619047619,0.625794616605472,0.715152455790387,0.251530602099926,25.4708860542813
7.6218253968254,0.625741970563968,0.715116380716413,0.251410309931679,25.4712657567732
7.6219246031746,0.625689330185249,0.715080298946338,0.251290075402992,25.4716454178263
7.62202380952381,0.625636695468292,0.715044210485166,0.251169898486375,25.4720250374494
7.62212301587302,0.62558406641208,0.715008115337896,0.251049779154347,25.4724046156513
7.62222222222222,0.625531443015592,0.714972013509527,0.250929717379437,25.4727841524406
7.62232142857143,0.62547882527781,0.714935905005054,0.250809713134184,25.4731636478261
7.62242063492063,0.625426213197716,0.714899789829473,0.250689766391137,25.4735431018166
7.62251984126984,0.625373606774293,0.714863667987774,0.250569877122858,25.4739225144207
7.62261904761905,0.625321006006527,0.714827539484947,0.250450045301915,25.4743018856472
7.62271825396825,0.6252684108934,0.71479140432598,0.250330270900889,25.4746812155049
7.62281746031746,0.625215821433899,0.714755262515857,0.250210553892368,25.4750605040023
7.62291666666667,0.625163237627011,0.714719114059563,0.250090894248956,25.4754397511483
7.62301587301587,0.625110659471723,0.714682958962077,0.249971291943262,25.4758189569516
7.62311507936508,0.625058086967022,0.71464679722838,0.249851746947908,25.4761981214209
7.62321428571429,0.625005520111898,0.714610628863447,0.249732259235522,25.4765772445648
7.62331349206349,0.62495295890534,0.714574453872252,0.249612828778748,25.4769563263922
7.6234126984127,0.624900403346339,0.714538272259768,0.249493455550236,25.4773353669116
7.62351190476191,0.624847853433886,0.714502084030966,0.249374139522648,25.4777143661319
7.62361111111111,0.624795309166974,0.714465889190812,0.249254880668655,25.4780933240616
7.62371031746032,0.624742770544594,0.714429687744274,0.249135678960939,25.4784722407096
7.62380952380952,0.624690237565741,0.714393479696314,0.249016534372193,25.4788511160844
7.62390873015873,0.624637710229409,0.714357265051893,0.248897446875117,25.4792299501948
7.62400793650794,0.624585188534594,0.714321043815972,0.248778416442426,25.4796087430495
7.62410714285714,0.624532672480291,0.714284815993507,0.24865944304684,25.4799874946571
7.62420634920635,0.624480162065498,0.714248581589453,0.248540526661093,25.4803662050263
7.62430555555556,0.624427657289212,0.714212340608762,0.248421667257926,25.4807448741659
7.62440476190476,0.624375158150433,0.714176093056387,0.248302864810095,25.4811235020844
7.62450396825397,0.624322664648158,0.714139838937274,0.248184119290361,25.4815020887906
7.62460317460318,0.62427017678139,0.714103578256371,0.248065430671499,25.4818806342931
7.62470238095238,0.624217694549127,0.714067311018621,0.247946798926292,25.4822591386006
7.62480158730159,0.624165217950373,0.714031037228966,0.247828224027532,25.4826376017217
7.62490079365079,0.62411274698413,0.713994756892346,0.247709705948025,25.4830160236652
7.625,0.624060281649401,0.713958470013699,0.247591244660584,25.4833944044396
7.62509920634921,0.62400782194519,0.71392217659796,0.247472840138033,25.4837727440537
7.62519841269841,0.623955367870503,0.713885876650062,0.247354492353206,25.4841510425161
7.62529761904762,0.623902919424346,0.713849570174937,0.247236201278949,25.4845292998354
7.62539682539682,0.623850476605724,0.713813257177513,0.247117966888116,25.4849075160203
7.62549603174603,0.623798039413645,0.713776937662716,0.246999789153571,25.4852856910794
7.62559523809524,0.623745607847118,0.713740611635473,0.246881668048191,25.4856638250214
7.62569444444444,0.623693181905152,0.713704279100705,0.246763603544859,25.4860419178549
7.62579365079365,0.623640761586756,0.713667940063332,0.24664559561647,25.4864199695885
7.62589285714286,0.623588346890941,0.713631594528272,0.246527644235932,25.4867979802309
7.62599206349206,0.62353593781672,0.713595242500442,0.24640974937616,25.4871759497908
7.62609126984127,0.623483534363103,0.713558883984755,0.246291911010079,25.4875538782767
7.62619047619048,0.623431136529104,0.713522518986123,0.246174129110626,25.4879317656972
7.62628968253968,0.623378744313738,0.713486147509455,0.246056403650747,25.488309612061
7.62638888888889,0.623326357716017,0.713449769559659,0.245938734603398,25.4886874173768
7.62648809523809,0.62327397673496,0.713413385141639,0.245821121941546,25.489065181653
7.6265873015873,0.62322160136958,0.713376994260299,0.245703565638167,25.4894429048984
7.62668650793651,0.623169231618897,0.713340596920539,0.245586065666248,25.4898205871216
7.62678571428571,0.623116867481927,0.713304193127257,0.245468621998787,25.4901982283311
7.62688492063492,0.623064508957689,0.713267782885351,0.245351234608791,25.4905758285355
7.62698412698413,0.623012156045203,0.713231366199715,0.245233903469277,25.4909533877435
7.62708333333333,0.62295980874349,0.71319494307524,0.245116628553272,25.4913309059637
7.62718253968254,0.62290746705157,0.713158513516817,0.244999409833815,25.4917083832047
7.62728174603175,0.622855130968464,0.713122077529332,0.244882247283952,25.492085819475
7.62738095238095,0.622802800493198,0.713085635117673,0.244765140876743,25.4924632147833
7.62748015873016,0.622750475624793,0.713049186286722,0.244648090585257,25.4928405691381
7.62757936507937,0.622698156362275,0.713012731041361,0.24453109638257,25.493217882548
7.62767857142857,0.622645842704668,0.712976269386468,0.244414158241772,25.4935951550216
7.62777777777778,0.622593534650998,0.712939801326921,0.244297276135962,25.4939723865675
7.62787698412698,0.622541232200293,0.712903326867595,0.244180450038249,25.4943495771943
7.62797619047619,0.62248893535158,0.712866846013361,0.244063679921751,25.4947267269105
7.6280753968254,0.622436644103887,0.71283035876909,0.243946965759597,25.4951038357247
7.6281746031746,0.622384358456244,0.712793865139652,0.243830307524928,25.4954809036455
7.62827380952381,0.62233207840768,0.712757365129911,0.243713705190894,25.4958579306814
7.62837301587302,0.622279803957227,0.712720858744731,0.243597158730652,25.4962349168411
7.62847222222222,0.622227535103916,0.712684345988975,0.243480668117375,25.496611862133
7.62857142857143,0.62217527184678,0.712647826867502,0.243364233324241,25.4969887665658
7.62867063492063,0.622123014184852,0.71261130138517,0.243247854324442,25.4973656301479
7.62876984126984,0.622070762117165,0.712574769546832,0.243131531091175,25.497742452888
7.62886904761905,0.622018515642756,0.712538231357344,0.243015263597656,25.4981192347945
7.62896825396825,0.621966274760659,0.712501686821556,0.242899051817102,25.4984959758761
7.62906746031746,0.621914039469912,0.712465135944316,0.242782895722746,25.4988726761413
7.62916666666667,0.621861809769551,0.712428578730471,0.242666795287828,25.4992493355985
7.62926587301587,0.621809585658615,0.712392015184865,0.242550750485599,25.4996259542564
7.62936507936508,0.621757367136143,0.712355445312341,0.242434761289321,25.5000025321236
7.62946428571429,0.621705154201174,0.712318869117739,0.242318827672266,25.5003790692084
7.62956349206349,0.621652946852749,0.712282286605897,0.242202949607716,25.5007555655195
7.6296626984127,0.621600745089909,0.71224569778165,0.242087127068962,25.5011320210653
7.6297619047619,0.621548548911696,0.712209102649832,0.241971360029307,25.5015084358545
7.62986111111111,0.621496358317155,0.712172501215275,0.241855648462062,25.5018848098955
7.62996031746032,0.621444173305327,0.712135893482807,0.241739992340552,25.5022611431968
7.63005952380952,0.621391993875258,0.712099279457256,0.241624391638107,25.502637435767
7.63015873015873,0.621339820025994,0.712062659143447,0.241508846328072,25.5030136876146
7.63025793650794,0.621287651756579,0.712026032546202,0.241393356383797,25.5033898987481
7.63035714285714,0.621235489066063,0.711989399670342,0.241277921778649,25.5037660691759
7.63045634920635,0.621183331953491,0.711952760520686,0.241162542486,25.5041421989066
7.63055555555556,0.621131180417914,0.71191611510205,0.241047218479233,25.5045182879487
7.63065476190476,0.62107903445838,0.711879463419247,0.240931949731742,25.5048943363108
7.63075396825397,0.62102689407394,0.71184280547709,0.24081673621693,25.5052703440012
7.63085317460317,0.620974759263645,0.711806141280389,0.240701577908213,25.5056463110285
7.63095238095238,0.620922630026546,0.711769470833951,0.240586474779013,25.5060222374011
7.63105158730159,0.620870506361696,0.711732794142581,0.240471426802766,25.5063981231277
7.63115079365079,0.62081838826815,0.711696111211083,0.240356433952916,25.5067739682166
7.63125,0.62076627574496,0.711659422044258,0.240241496202917,25.5071497726763
7.63134920634921,0.620714168791182,0.711622726646905,0.240126613526235,25.5075255365153
7.63144841269841,0.620662067405872,0.71158602502382,0.240011785896345,25.5079012597421
7.63154761904762,0.620609971588088,0.711549317179798,0.239897013286732,25.5082769423651
7.63164682539682,0.620557881336885,0.711512603119632,0.23978229567089,25.5086525843929
7.63174603174603,0.620505796651323,0.711475882848111,0.239667633022326,25.5090281858339
7.63184523809524,0.62045371753046,0.711439156370024,0.239553025314556,25.5094037466966
7.63194444444444,0.620401643973358,0.711402423690157,0.239438472521105,25.5097792669894
7.63204365079365,0.620349575979076,0.711365684813293,0.239323974615511,25.5101547467207
7.63214285714286,0.620297513546676,0.711328939744215,0.239209531571318,25.5105301858991
7.63224206349206,0.62024545667522,0.711292188487701,0.239095143362083,25.510905584533
7.63234126984127,0.620193405363772,0.711255431048529,0.238980809961373,25.5112809426309
7.63244047619048,0.620141359611396,0.711218667431474,0.238866531342765,25.5116562602011
7.63253968253968,0.620089319417156,0.711181897641308,0.238752307479845,25.5120315372522
7.63263888888889,0.620037284780118,0.711145121682803,0.238638138346211,25.5124067737926
7.63273809523809,0.619985255699348,0.711108339560727,0.238524023915469,25.5127819698307
7.6328373015873,0.619933232173914,0.711071551279846,0.238409964161238,25.5131571253749
7.63293650793651,0.619881214202883,0.711034756844925,0.238295959057145,25.5135322404338
7.63303571428571,0.619829201785325,0.710997956260726,0.238182008576828,25.5139073150157
7.63313492063492,0.619777194920309,0.710961149532009,0.238068112693934,25.514282349129
7.63323412698413,0.619725193606904,0.71092433666353,0.237954271382121,25.5146573427822
7.63333333333333,0.619673197844185,0.710887517660047,0.237840484615059,25.5150322959838
7.63343253968254,0.619621207631221,0.710850692526313,0.237726752366426,25.515407208742
7.63353174603175,0.619569222967085,0.710813861267078,0.23761307460991,25.5157820810654
7.63363095238095,0.619517243850852,0.710777023887092,0.23749945131921,25.5161569129624
7.63373015873016,0.619465270281596,0.710740180391102,0.237385882468034,25.5165317044413
7.63382936507937,0.619413302258392,0.710703330783852,0.237272368030103,25.5169064555106
7.63392857142857,0.619361339780317,0.710666475070086,0.237158907979145,25.5172811661787
7.63402777777778,0.619309382846446,0.710629613254542,0.237045502288901,25.517655836454
7.63412698412698,0.619257431455859,0.71059274534196,0.236932150933118,25.5180304663449
7.63422619047619,0.619205485607633,0.710555871337076,0.236818853885558,25.5184050558597
7.6343253968254,0.619153545300847,0.710518991244624,0.23670561111999,25.518779605007
7.6344246031746,0.619101610534583,0.710482105069335,0.236592422610195,25.519154113795
7.63452380952381,0.61904968130792,0.710445212815939,0.236479288329962,25.5195285822322
7.63462301587302,0.618997757619941,0.710408314489164,0.236366208253093,25.5199030103269
7.63472222222222,0.618945839469728,0.710371410093733,0.236253182353397,25.5202773980876
7.63482142857143,0.618893926856364,0.710334499634372,0.236140210604696,25.5206517455226
7.63492063492064,0.618842019778935,0.7102975831158,0.236027292980822,25.5210260526403
7.63501984126984,0.618790118236524,0.710260660542737,0.235914429455614,25.5214003194491
7.63511904761905,0.618738222228218,0.710223731919899,0.235801620002925,25.5217745459573
7.63521825396825,0.618686331753102,0.710186797252,0.235688864596615,25.5221487321733
7.63531746031746,0.618634446810266,0.710149856543752,0.235576163210557,25.5225228781055
7.63541666666667,0.618582567398795,0.710112909799866,0.235463515818633,25.5228969837623
7.63551587301587,0.618530693517781,0.71007595702505,0.235350922394734,25.523271049152
7.63561507936508,0.618478825166313,0.710038998224009,0.235238382912763,25.5236450742829
7.63571428571429,0.61842696234348,0.710002033401447,0.235125897346631,25.5240190591634
7.63581349206349,0.618375105048375,0.709965062562065,0.235013465670262,25.524393003802
7.6359126984127,0.618323253280091,0.709928085710563,0.234901087857589,25.5247669082068
7.6360119047619,0.618271407037719,0.709891102851637,0.234788763882553,25.5251407723863
7.63611111111111,0.618219566320354,0.709854113989983,0.234676493719109,25.5255145963489
7.63621031746032,0.61816773112709,0.709817119130293,0.234564277341217,25.5258883801028
7.63630952380952,0.618115901457023,0.709780118277258,0.234452114722855,25.5262621236564
7.63640873015873,0.618064077309251,0.709743111435566,0.234340005838004,25.526635827018
7.63650793650794,0.618012258682868,0.709706098609903,0.234227950660659,25.527009490196
7.63660714285714,0.617960445576974,0.709669079804954,0.234115949164822,25.5273831131987
7.63670634920635,0.617908637990667,0.709632055025401,0.234004001324508,25.5277566960344
7.63680555555556,0.617856835923046,0.709595024275922,0.233892107113741,25.5281302387115
7.63690476190476,0.617805039373213,0.709557987561197,0.233780266506556,25.5285037412383
7.63700396825397,0.617753248340267,0.709520944885899,0.233668479476998,25.528877203623
7.63710317460317,0.617701462823312,0.709483896254703,0.23355674599912,25.5292506258741
7.63720238095238,0.617649682821449,0.709446841672279,0.233445066046988,25.5296240079997
7.63730158730159,0.617597908333783,0.709409781143297,0.233333439594678,25.5299973500084
7.63740079365079,0.617546139359418,0.709372714672423,0.233221866616273,25.5303706519082
7.6375,0.617494375897458,0.709335642264321,0.23311034708587,25.5307439137076
7.63759920634921,0.617442617947011,0.709298563923655,0.232998880977575,25.5311171354149
7.63769841269841,0.617390865507181,0.709261479655083,0.232887468265501,25.5314903170383
7.63779761904762,0.617339118577079,0.709224389463265,0.232776108923777,25.5318634585861
7.63789682539683,0.617287377155811,0.709187293352857,0.232664802926539,25.5322365600667
7.63799603174603,0.617235641242487,0.709150191328511,0.232553550247932,25.5326096214884
7.63809523809524,0.617183910836217,0.70911308339488,0.232442350862112,25.5329826428593
7.63819444444444,0.617132185936112,0.709075969556613,0.232331204743247,25.5333556241879
7.63829365079365,0.617080466541283,0.709038849818357,0.232220111865514,25.5337285654824
7.63839285714286,0.617028752650844,0.709001724184758,0.232109072203098,25.534101466751
7.63849206349206,0.616977044263906,0.708964592660457,0.231998085730198,25.5344743280021
7.63859126984127,0.616925341379585,0.708927455250097,0.23188715242102,25.5348471492438
7.63869047619048,0.616873643996995,0.708890311958315,0.231776272249783,25.5352199304846
7.63878968253968,0.616821952115251,0.708853162789748,0.231665445190713,25.5355926717327
7.63888888888889,0.616770265733471,0.70881600774903,0.231554671218048,25.5359653729963
7.6389880952381,0.616718584850771,0.708778846840793,0.231443950306037,25.5363380342837
7.6390873015873,0.616666909466271,0.708741680069667,0.231333282428938,25.5367106556031
7.63918650793651,0.616615239579087,0.70870450744028,0.231222667561017,25.5370832369628
7.63928571428572,0.616563575188341,0.708667328957257,0.231112105676556,25.5374557783711
7.63938492063492,0.616511916293153,0.708630144625222,0.231001596749842,25.5378282798363
7.63948412698413,0.616460262892644,0.708592954448797,0.230891140755173,25.5382007413665
7.63958333333333,0.616408614985937,0.708555758432599,0.23078073766686,25.53857316297
7.63968253968254,0.616356972572154,0.708518556581246,0.230670387459221,25.538945544655
7.63978174603175,0.616305335650419,0.708481348899353,0.230560090106585,25.5393178864299
7.63988095238095,0.616253704219856,0.708444135391532,0.230449845583292,25.5396901883028
7.63998015873016,0.616202078279592,0.708406916062394,0.230339653863692,25.540062450282
7.64007936507937,0.616150457828751,0.708369690916547,0.230229514922143,25.5404346723757
7.64017857142857,0.616098842866462,0.708332459958596,0.230119428733018,25.5408068545921
7.64027777777778,0.616047233391852,0.708295223193147,0.230009395270695,25.5411789969395
7.64037698412698,0.61599562940405,0.7082579806248,0.229899414509565,25.541551099426
7.64047619047619,0.615944030902184,0.708220732258155,0.229789486424028,25.54192316206
7.6405753968254,0.615892437885386,0.70818347809781,0.229679610988496,25.5422951848496
7.6406746031746,0.615840850352785,0.708146218148359,0.229569788177387,25.542667167803
7.64077380952381,0.615789268303515,0.708108952414396,0.229460017965136,25.5430391109285
7.64087301587302,0.615737691736708,0.708071680900513,0.229350300326181,25.5434110142343
7.64097222222222,0.615686120651497,0.708034403611296,0.229240635234976,25.5437828777285
7.64107142857143,0.615634555047017,0.707997120551334,0.229131022665981,25.5441547014194
7.64117063492063,0.615582994922402,0.707959831725209,0.229021462593667,25.5445264853152
7.64126984126984,0.615531440276788,0.707922537137506,0.228911954992518,25.544898229424
7.64136904761905,0.615479891109313,0.707885236792803,0.228802499837024,25.5452699337542
7.64146825396825,0.615428347419113,0.707847930695679,0.228693097101689,25.5456415983138
7.64156746031746,0.615376809205327,0.70781061885071,0.228583746761023,25.546013223111
7.64166666666667,0.615325276467094,0.707773301262468,0.228474448789551,25.5463848081541
7.64176587301587,0.615273749203554,0.707735977935525,0.228365203161805,25.5467563534512
7.64186507936508,0.615222227413848,0.707698648874451,0.228256009852327,25.5471278590105
7.64196428571428,0.615170711097117,0.707661314083812,0.228146868835671,25.5474993248403
7.64206349206349,0.615119200252503,0.707623973568174,0.2280377800864,25.5478707509485
7.6421626984127,0.615067694879149,0.707586627332098,0.227928743579086,25.5482421373436
7.6422619047619,0.615016194976201,0.707549275380147,0.227819759288315,25.5486134840335
7.64236111111111,0.614964700542802,0.707511917716878,0.22771082718868,25.5489847910265
7.64246031746032,0.614913211578098,0.707474554346847,0.227601947254784,25.5493560583308
7.64255952380952,0.614861728081235,0.707437185274609,0.227493119461243,25.5497272859544
7.64265873015873,0.614810250051361,0.707399810504715,0.227384343782679,25.5500984739056
7.64275793650794,0.614758777487623,0.707362430041715,0.227275620193728,25.5504696221926
7.64285714285714,0.614707310389171,0.707325043890156,0.227166948669033,25.5508407308234
7.64295634920635,0.614655848755153,0.707287652054585,0.227058329183251,25.5512117998062
7.64305555555556,0.614604392584721,0.707250254539543,0.226949761711045,25.5515828291493
7.64315476190476,0.614552941877025,0.707212851349573,0.226841246227092,25.5519538188606
7.64325396825397,0.614501496631218,0.707175442489213,0.226732782706075,25.5523247689484
7.64335317460317,0.614450056846453,0.707138027963,0.226624371122691,25.5526956794208
7.64345238095238,0.614398622521882,0.707100607775468,0.226516011451645,25.553066550286
7.64355158730159,0.614347193656662,0.70706318193115,0.226407703667653,25.553437381552
7.64365079365079,0.614295770249945,0.707025750434576,0.226299447745439,25.553808173227
7.64375,0.61424435230089,0.706988313290274,0.226191243659743,25.5541789253192
7.64384920634921,0.614192939808652,0.706950870502771,0.22608309138531,25.5545496378366
7.64394841269841,0.61414153277239,0.706913422076588,0.225974990896895,25.5549203107874
7.64404761904762,0.614090131191262,0.70687596801625,0.225866942169266,25.5552909441797
7.64414682539683,0.614038735064428,0.706838508326273,0.225758945177199,25.5556615380217
7.64424603174603,0.613987344391046,0.706801043011177,0.225650999895482,25.5560320923213
7.64434523809524,0.613935959170279,0.706763572075475,0.225543106298911,25.5564026070869
7.64444444444444,0.613884579401288,0.706726095523682,0.225435264362293,25.5567730823263
7.64454365079365,0.613833205083235,0.706688613360307,0.225327474060447,25.5571435180479
7.64464285714286,0.613781836215285,0.706651125589859,0.2252197353682,25.5575139142596
7.64474206349206,0.6137304727966,0.706613632216844,0.22511204826039,25.5578842709696
7.64484126984127,0.613679114826346,0.706576133245767,0.225004412711864,25.5582545881859
7.64494047619048,0.61362776230369,0.70653862868113,0.224896828697481,25.5586248659167
7.64503968253968,0.613576415227796,0.706501118527432,0.22478929619211,25.55899510417
7.64513888888889,0.613525073597832,0.706463602789172,0.224681815170627,25.559365302954
7.6452380952381,0.613473737412969,0.706426081470844,0.224574385607923,25.5597354622768
7.6453373015873,0.613422406672372,0.706388554576943,0.224467007478897,25.5601055821463
7.64543650793651,0.613371081375214,0.706351022111959,0.224359680758458,25.5604756625707
7.64553571428571,0.613319761520664,0.706313484080382,0.224252405421524,25.5608457035581
7.64563492063492,0.613268447107894,0.706275940486699,0.224145181443024,25.5612157051166
7.64573412698413,0.613217138136076,0.706238391335393,0.224038008797899,25.5615856672542
7.64583333333333,0.613165834604382,0.706200836630948,0.223930887461099,25.5619555899789
7.64593253968254,0.613114536511988,0.706163276377844,0.223823817407582,25.5623254732989
7.64603174603175,0.613063243858067,0.70612571058056,0.223716798612319,25.5626953172223
7.64613095238095,0.613011956641795,0.706088139243571,0.223609831050291,25.563065121757
7.64623015873016,0.612960674862348,0.706050562371351,0.223502914696487,25.5634348869112
7.64632936507936,0.612909398518904,0.706012979968372,0.223396049525908,25.5638046126928
7.64642857142857,0.612858127610639,0.705975392039104,0.223289235513565,25.56417429911
7.64652777777778,0.612806862136734,0.705937798588013,0.223182472634479,25.5645439461708
7.64662698412698,0.612755602096366,0.705900199619565,0.223075760863679,25.5649135538833
7.64672619047619,0.612704347488718,0.705862595138224,0.222969100176209,25.5652831222554
7.6468253968254,0.612653098312969,0.705824985148449,0.22286249054712,25.5656526512953
7.6469246031746,0.612601854568302,0.705787369654701,0.222755931951473,25.566022141011
7.64702380952381,0.6125506162539,0.705749748661434,0.22264942436434,25.5663915914104
7.64712301587302,0.612499383368945,0.705712122173105,0.222542967760803,25.5667610025017
7.64722222222222,0.612448155912623,0.705674490194164,0.222436562115953,25.5671303742929
7.64732142857143,0.612396933884119,0.705636852729062,0.222330207404893,25.567499706792
7.64742063492063,0.612345717282617,0.705599209782247,0.222223903602736,25.567869000007
7.64751984126984,0.612294506107306,0.705561561358164,0.222117650684603,25.5682382539459
7.64761904761905,0.612243300357373,0.705523907461258,0.222011448625629,25.5686074686168
7.64771825396825,0.612192100032006,0.705486248095969,0.221905297400955,25.5689766440277
7.64781746031746,0.612140905130394,0.705448583266736,0.221799196985734,25.5693457801866
7.64791666666667,0.612089715651728,0.705410912977997,0.221693147355131,25.5697148771015
7.64801587301587,0.612038531595197,0.705373237234187,0.221587148484319,25.5700839347804
7.64811507936508,0.611987352959994,0.705335556039738,0.221481200348478,25.5704529532314
7.64821428571429,0.611936179745312,0.705297869399081,0.221375302922808,25.5708219324623
7.64831349206349,0.611885011950343,0.705260177316644,0.221269456182509,25.5711908724813
7.6484126984127,0.611833849574281,0.705222479796854,0.221163660102796,25.5715597732963
7.64851190476191,0.611782692616322,0.705184776844134,0.221057914658893,25.5719286349153
7.64861111111111,0.611731541075661,0.705147068462906,0.220952219826035,25.5722974573463
7.64871031746032,0.611680394951494,0.705109354657591,0.220846575579466,25.5726662405973
7.64880952380952,0.611629254243019,0.705071635432605,0.220740981894441,25.5730349846763
7.64890873015873,0.611578118949434,0.705033910792364,0.220635438746226,25.5734036895913
7.64900793650794,0.611526989069937,0.704996180741281,0.220529946110094,25.5737723553502
7.64910714285714,0.611475864603729,0.704958445283767,0.220424503961332,25.574140981961
7.64920634920635,0.61142474555001,0.704920704424232,0.220319112275236,25.5745095694317
7.64930555555556,0.61137363190798,0.704882958167081,0.220213771027109,25.5748781177703
7.64940476190476,0.611322523676843,0.70484520651672,0.220108480192269,25.5752466269847
7.64950396825397,0.611271420855801,0.704807449477551,0.220003239746042,25.5756150970829
7.64960317460318,0.611220323444058,0.704769687053973,0.219898049663762,25.5759835280729
7.64970238095238,0.611169231440818,0.704731919250385,0.219792909920778,25.5763519199626
7.64980158730159,0.611118144845288,0.704694146071183,0.219687820492445,25.57672027276
7.64990079365079,0.611067063656672,0.704656367520761,0.219582781354131,25.577088586473
7.65,0.611015987874178,0.70461858360351,0.219477792481211,25.5774568611096
7.65009920634921,0.610964917497014,0.704580794323819,0.219372853849074,25.5778250966777
7.65019841269841,0.610913852524389,0.704542999686076,0.219267965433115,25.5781932931853
7.65029761904762,0.61086279295551,0.704505199694666,0.219163127208743,25.5785614506404
7.65039682539683,0.61081173878959,0.704467394353972,0.219058339151375,25.5789295690508
7.65049603174603,0.610760690025839,0.704429583668373,0.218953601236439,25.5792976484245
7.65059523809524,0.610709646663468,0.70439176764225,0.218848913439372,25.5796656887695
7.65069444444444,0.610658608701691,0.704353946279978,0.218744275735623,25.5800336900936
7.65079365079365,0.61060757613972,0.704316119585931,0.218639688100649,25.5804016524049
7.65089285714286,0.61055654897677,0.704278287564482,0.21853515050992,25.5807695757112
7.65099206349206,0.610505527212056,0.70424045022,0.218430662938913,25.5811374600204
7.65109126984127,0.610454510844793,0.704202607556852,0.218326225363116,25.5815053053405
7.65119047619048,0.6104034998742,0.704164759579406,0.218221837758031,25.5818731116794
7.65128968253968,0.610352494299492,0.704126906292024,0.218117500099164,25.582240879045
7.65138888888889,0.610301494119889,0.704089047699066,0.218013212362037,25.5826086074452
7.6514880952381,0.610250499334609,0.704051183804893,0.217908974522177,25.582976296888
7.6515873015873,0.610199509942872,0.704013314613861,0.217804786555125,25.5833439473812
7.65168650793651,0.610148525943899,0.703975440130325,0.21770064843643,25.5837115589327
7.65178571428571,0.610097547336911,0.703937560358637,0.217596560141651,25.5840791315505
7.65188492063492,0.610046574121132,0.703899675303148,0.21749252164636,25.5844466652424
7.65198412698413,0.609995606295782,0.703861784968206,0.217388532926137,25.5848141600164
7.65208333333333,0.609944643860088,0.703823889358156,0.217284593956571,25.5851816158803
7.65218253968254,0.609893686813273,0.703785988477343,0.217180704713263,25.585549032842
7.65228174603175,0.609842735154563,0.703748082330109,0.217076865171824,25.5859164109094
7.65238095238095,0.609791788883185,0.703710170920793,0.216973075307875,25.5862837500904
7.65248015873016,0.609740847998365,0.703672254253732,0.216869335097048,25.5866510503929
7.65257936507937,0.60968991249933,0.703634332333262,0.216765644514981,25.5870183118248
7.65267857142857,0.609638982385312,0.703596405163715,0.21666200353733,25.5873855343939
7.65277777777778,0.609588057655539,0.703558472749423,0.216558412139753,25.5877527181081
7.65287698412698,0.60953713830924,0.703520535094714,0.216454870297924,25.5881198629752
7.65297619047619,0.609486224345648,0.703482592203915,0.216351377987524,25.5884869690033
7.6530753968254,0.609435315763995,0.70344464408135,0.216247935184245,25.5888540362
7.6531746031746,0.609384412563513,0.703406690731341,0.216144541863789,25.5892210645733
7.65327380952381,0.609333514743436,0.703368732158209,0.216041198001869,25.589588054131
7.65337301587302,0.609282622302998,0.703330768366271,0.215937903574208,25.589955004881
7.65347222222222,0.609231735241434,0.703292799359842,0.215834658556538,25.5903219168311
7.65357142857143,0.609180853557981,0.703254825143237,0.215731462924602,25.5906887899893
7.65367063492063,0.609129977251876,0.703216845720767,0.215628316654154,25.5910556243633
7.65376984126984,0.609079106322355,0.703178861096741,0.215525219720956,25.5914224199609
7.65386904761905,0.609028240768658,0.703140871275466,0.215422172100782,25.5917891767901
7.65396825396825,0.608977380590024,0.703102876261247,0.215319173769416,25.5921558948587
7.65406746031746,0.608926525785692,0.703064876058386,0.21521622470265,25.5925225741744
7.65416666666667,0.608875676354905,0.703026870671184,0.21511332487629,25.5928892147452
7.65426587301587,0.608824832296903,0.70298886010394,0.215010474266151,25.5932558165789
7.65436507936508,0.608773993610928,0.70295084436095,0.214907672848055,25.5936223796833
7.65446428571429,0.608723160296226,0.702912823446507,0.214804920597838,25.5939889040662
7.65456349206349,0.608672332352038,0.702874797364904,0.214702217491344,25.5943553897354
7.6546626984127,0.608621509777611,0.70283676612043,0.214599563504428,25.5947218366988
7.65476190476191,0.608570692572191,0.702798729717374,0.214496958612955,25.5950882449642
7.65486111111111,0.608519880735022,0.702760688160019,0.214394402792799,25.5954546145394
7.65496031746032,0.608469074265354,0.702722641452649,0.214291896019847,25.5958209454322
7.65505952380952,0.608418273162434,0.702684589599546,0.214189438269994,25.5961872376505
7.65515873015873,0.608367477425511,0.702646532604988,0.214087029519146,25.5965534912019
7.65525793650794,0.608316687053834,0.702608470473253,0.213984669743218,25.5969197060944
7.65535714285714,0.608265902046655,0.702570403208613,0.213882358918136,25.5972858823357
7.65545634920635,0.608215122403226,0.702532330815343,0.213780097019837,25.5976520199336
7.65555555555556,0.608164348122796,0.702494253297711,0.213677884024266,25.598018118896
7.65565476190476,0.608113579204621,0.702456170659986,0.213575719907381,25.5983841792306
7.65575396825397,0.608062815647954,0.702418082906435,0.213473604645149,25.5987502009452
7.65585317460318,0.60801205745205,0.70237999004132,0.213371538213545,25.5991161840475
7.65595238095238,0.607961304616163,0.702341892068903,0.213269520588558,25.5994821285455
7.65605158730159,0.607910557139551,0.702303788993444,0.213167551746184,25.5998480344468
7.65615079365079,0.607859815021469,0.7022656808192,0.21306563166243,25.6002139017592
7.65625,0.607809078261177,0.702227567550425,0.212963760313315,25.6005797304906
7.65634920634921,0.607758346857933,0.702189449191373,0.212861937674866,25.6009455206486
7.65644841269841,0.607707620810995,0.702151325746294,0.21276016372312,25.6013112722411
7.65654761904762,0.607656900119625,0.702113197219437,0.212658438434126,25.6016769852758
7.65664682539682,0.607606184783084,0.702075063615048,0.212556761783942,25.6020426597604
7.65674603174603,0.607555474800633,0.702036924937371,0.212455133748637,25.6024082957029
7.65684523809524,0.607504770171535,0.701998781190649,0.212353554304289,25.6027738931108
7.65694444444444,0.607454070895054,0.701960632379121,0.212252023426986,25.603139451992
7.65704365079365,0.607403376970453,0.701922478507024,0.212150541092826,25.6035049723541
7.65714285714286,0.607352688396999,0.701884319578596,0.212049107277922,25.6038704542051
7.65724206349206,0.607302005173957,0.701846155598068,0.211947721958391,25.6042358975525
7.65734126984127,0.607251327300594,0.701807986569672,0.211846385110361,25.6046013024042
7.65744047619048,0.607200654776176,0.701769812497638,0.211745096709974,25.6049666687679
7.65753968253968,0.607149987599974,0.701731633386191,0.211643856733379,25.6053319966514
7.65763888888889,0.607099325771255,0.701693449239557,0.211542665156735,25.6056972860623
7.65773809523809,0.60704866928929,0.701655260061957,0.211441521956213,25.6060625370084
7.6578373015873,0.60699801815335,0.701617065857614,0.211340427107992,25.6064277494974
7.65793650793651,0.606947372362706,0.701578866630744,0.211239380588264,25.6067929235371
7.65803571428571,0.60689673191663,0.701540662385563,0.211138382373229,25.6071580591351
7.65813492063492,0.606846096814396,0.701502453126286,0.211037432439098,25.6075231562993
7.65823412698413,0.606795467055278,0.701464238857125,0.210936530762092,25.6078882150373
7.65833333333333,0.60674484263855,0.701426019582288,0.210835677318441,25.6082532353569
7.65843253968254,0.606694223563489,0.701387795305983,0.210734872084387,25.6086182172657
7.65853174603175,0.606643609829369,0.701349566032415,0.21063411503618,25.6089831607714
7.65863095238095,0.60659300143547,0.701311331765788,0.210533406150085,25.6093480658819
7.65873015873016,0.606542398381069,0.701273092510302,0.210432745402372,25.6097129326047
7.65882936507937,0.606491800665445,0.701234848270155,0.210332132769323,25.6100777609476
7.65892857142857,0.606441208287876,0.701196599049545,0.21023156822723,25.6104425509183
7.65902777777778,0.606390621247645,0.701158344852666,0.210131051752395,25.6108073025244
7.65912698412698,0.606340039544032,0.70112008568371,0.210030583321131,25.6111720157737
7.65922619047619,0.606289463176319,0.701081821546866,0.20993016290976,25.6115366906739
7.6593253968254,0.60623889214379,0.701043552446324,0.209829790494616,25.6119013272327
7.6594246031746,0.606188326445727,0.701005278386268,0.20972946605204,25.6122659254576
7.65952380952381,0.606137766081416,0.700966999370882,0.209629189558388,25.6126304853565
7.65962301587302,0.606087211050141,0.700928715404347,0.20952896099002,25.612995006937
7.65972222222222,0.606036661351189,0.700890426490842,0.209428780323312,25.6133594902068
7.65982142857143,0.605986116983847,0.700852132634546,0.209328647534647,25.6137239351735
7.65992063492063,0.605935577947402,0.700813833839631,0.209228562600418,25.6140883418449
7.66001984126984,0.605885044241143,0.700775530110271,0.209128525497029,25.6144527102285
7.66011904761905,0.605834515864359,0.700737221450638,0.209028536200896,25.6148170403321
7.66021825396825,0.605783992816341,0.700698907864898,0.208928594688442,25.6151813321633
7.66031746031746,0.60573347509638,0.700660589357218,0.208828700936102,25.6155455857298
7.66041666666667,0.605682962703767,0.700622265931763,0.20872885492032,25.6159098010392
7.66051587301587,0.605632455637795,0.700583937592693,0.208629056617551,25.6162739780992
7.66061507936508,0.605581953897756,0.700545604344169,0.208529306004261,25.6166381169175
7.66071428571429,0.605531457482947,0.700507266190349,0.208429603056924,25.6170022175016
7.66081349206349,0.605480966392661,0.700468923135387,0.208329947752025,25.6173662798593
7.6609126984127,0.605430480626194,0.700430575183436,0.208230340066061,25.6177303039982
7.6610119047619,0.605380000182844,0.700392222338648,0.208130779975537,25.6180942899259
7.66111111111111,0.605329525061906,0.700353864605172,0.208031267456969,25.61845823765
7.66121031746032,0.60527905526268,0.700315501987155,0.207931802486882,25.6188221471783
7.66130952380952,0.605228590784465,0.70027713448874,0.207832385041814,25.6191860185183
7.66140873015873,0.60517813162656,0.70023876211407,0.20773301509831,25.6195498516776
7.66150793650794,0.605127677788266,0.700200384867284,0.207633692632926,25.6199136466639
7.66160714285714,0.605077229268885,0.700162002752523,0.207534417622231,25.6202774034849
7.66170634920635,0.605026786067719,0.700123615773921,0.207435190042801,25.620641122148
7.66180555555556,0.604976348184071,0.700085223935612,0.207336009871222,25.621004802661
7.66190476190476,0.604925915617245,0.700046827241727,0.207236877084092,25.6213684450315
7.66200396825397,0.604875488366546,0.700008425696396,0.207137791658019,25.621732049267
7.66210317460317,0.604825066431279,0.699970019303746,0.207038753569619,25.6220956153753
7.66220238095238,0.60477464981075,0.699931608067901,0.206939762795521,25.6224591433638
7.66230158730159,0.604724238504266,0.699893191992986,0.206840819312362,25.6228226332402
7.66240079365079,0.604673832511137,0.69985477108312,0.206741923096791,25.6231860850121
7.6625,0.604623431830669,0.699816345342421,0.206643074125466,25.6235494986871
7.66259920634921,0.604573036462173,0.699777914775008,0.206544272375055,25.6239128742728
7.66269841269841,0.60452264640496,0.699739479384992,0.206445517822237,25.6242762117768
7.66279761904762,0.60447226165834,0.699701039176487,0.206346810443701,25.6246395112067
7.66289682539682,0.604421882221625,0.699662594153602,0.206248150216145,25.62500277257
7.66299603174603,0.604371508094127,0.699624144320445,0.206149537116277,25.6253659958744
7.66309523809524,0.604321139275162,0.699585689681122,0.20605097112082,25.6257291811274
7.66319444444444,0.604270775764043,0.699547230239736,0.2059524522065,25.6260923283366
7.66329365079365,0.604220417560085,0.699508766000388,0.205853980350059,25.6264554375096
7.66339285714286,0.604170064662604,0.699470296967177,0.205755555528246,25.6268185086539
7.66349206349206,0.604119717070917,0.699431823144199,0.20565717771782,25.6271815417772
7.66359126984127,0.604069374784343,0.699393344535551,0.205558846895552,25.6275445368869
7.66369047619048,0.604019037802198,0.699354861145323,0.205460563038222,25.6279074939908
7.66378968253968,0.603968706123803,0.699316372977607,0.20536232612262,25.6282704130962
7.66388888888889,0.603918379748477,0.69927788003649,0.205264136125548,25.6286332942108
7.66398809523809,0.603868058675542,0.699239382326059,0.205165993023815,25.6289961373422
7.6640873015873,0.603817742904318,0.699200879850398,0.205067896794244,25.6293589424979
7.66418650793651,0.603767432434129,0.699162372613587,0.204969847413664,25.6297217096854
7.66428571428571,0.603717127264298,0.699123860619707,0.204871844858918,25.6300844389122
7.66438492063492,0.603666827394149,0.699085343872835,0.204773889106856,25.6304471301861
7.66448412698413,0.603616532823005,0.699046822377046,0.20467598013434,25.6308097835144
7.66458333333333,0.603566243550195,0.699008296136414,0.204578117918243,25.6311723989047
7.66468253968254,0.603515959575044,0.698969765155008,0.204480302435446,25.6315349763646
7.66478174603175,0.603465680896879,0.698931229436898,0.204382533662842,25.6318975159015
7.66488095238095,0.603415407515028,0.698892688986151,0.204284811577333,25.6322600175231
7.66498015873016,0.603365139428821,0.698854143806829,0.204187136155831,25.6326224812368
7.66507936507937,0.603314876637587,0.698815593902997,0.204089507375258,25.6329849070503
7.66517857142857,0.603264619140657,0.698777039278713,0.203991925212549,25.6333472949709
7.66527777777778,0.603214366937361,0.698738479938036,0.203894389644645,25.6337096450062
7.66537698412698,0.603164120027033,0.698699915885021,0.2037969006485,25.6340719571637
7.66547619047619,0.603113878409005,0.698661347123721,0.203699458201077,25.634434231451
7.6655753968254,0.60306364208261,0.698622773658189,0.20360206227935,25.6347964678756
7.6656746031746,0.603013411047185,0.698584195492473,0.203504712860303,25.6351586664449
7.66577380952381,0.602963185302063,0.69854561263062,0.203407409920928,25.6355208271665
7.66587301587302,0.602912964846581,0.698507025076675,0.203310153438231,25.6358829500479
7.66597222222222,0.602862749680076,0.698468432834681,0.203212943389225,25.6362450350966
7.66607142857143,0.602812539801886,0.698429835908678,0.203115779750935,25.63660708232
7.66617063492064,0.60276233521135,0.698391234302705,0.203018662500396,25.6369690917257
7.66626984126984,0.602712135907807,0.698352628020797,0.202921591614652,25.6373310633212
7.66636904761905,0.602661941890598,0.698314017066989,0.202824567070758,25.6376929971139
7.66646825396825,0.602611753159063,0.698275401445313,0.202727588845779,25.6380548931114
7.66656746031746,0.602561569712543,0.698236781159798,0.20263065691679,25.638416751321
7.66666666666667,0.602511391550383,0.698198156214472,0.202533771260877,25.6387785717504
7.66676587301587,0.602461218671925,0.69815952661336,0.202436931855135,25.639140354407
7.66686507936508,0.602411051076514,0.698120892360485,0.20234013867667,25.6395020992982
7.66696428571429,0.602360888763495,0.698082253459869,0.202243391702597,25.6398638064316
7.66706349206349,0.602310731732213,0.698043609915529,0.202146690910044,25.6402254758145
7.6671626984127,0.602260579982015,0.698004961731484,0.202050036276146,25.6405871074545
7.6672619047619,0.602210433512249,0.697966308911746,0.201953427778049,25.640948701359
7.66736111111111,0.602160292322264,0.697927651460329,0.20185686539291,25.6413102575356
7.66746031746032,0.602110156411407,0.697888989381243,0.201760349097894,25.6416717759915
7.66755952380952,0.60206002577903,0.697850322678496,0.201663878870182,25.6420332567344
7.66765873015873,0.602009900424483,0.697811651356093,0.201567454686959,25.6423946997716
7.66775793650794,0.601959780347118,0.697772975418039,0.201471076525421,25.6427561051107
7.66785714285714,0.601909665546286,0.697734294868334,0.201374744362777,25.643117472759
7.66795634920635,0.601859556021341,0.697695609710978,0.201278458176244,25.643478802724
7.66805555555556,0.601809451771638,0.697656919949969,0.20118221794305,25.6438400950131
7.66815476190476,0.60175935279653,0.697618225589301,0.201086023640433,25.6442013496338
7.66825396825397,0.601709259095374,0.697579526632968,0.20098987524564,25.6445625665935
7.66835317460317,0.601659170667526,0.697540823084958,0.200893772735931,25.6449237458997
7.66845238095238,0.601609087512343,0.697502114949263,0.200797716088573,25.6452848875597
7.66855158730159,0.601559009629183,0.697463402229866,0.200701705280845,25.645645991581
7.66865079365079,0.601508937017404,0.697424684930754,0.200605740290037,25.6460070579711
7.66875,0.601458869676368,0.697385963055907,0.200509821093446,25.6463680867373
7.66884920634921,0.601408807605433,0.697347236609306,0.200413947668382,25.6467290778871
7.66894841269841,0.601358750803961,0.697308505594928,0.200318119992163,25.6470900314279
7.66904761904762,0.601308699271314,0.697269770016749,0.200222338042122,25.6474509473671
7.66914682539683,0.601258653006856,0.697231029878742,0.200126601795596,25.647811825712
7.66924603174603,0.60120861200995,0.697192285184878,0.200030911229935,25.6481726664702
7.66934523809524,0.60115857627996,0.697153535939127,0.199935266322499,25.6485334696491
7.66944444444444,0.601108545816251,0.697114782145454,0.199839667050659,25.6488942352559
7.66954365079365,0.60105852061819,0.697076023807826,0.199744113391794,25.6492549632982
7.66964285714286,0.601008500685144,0.697037260930203,0.199648605323295,25.6496156537833
7.66974206349206,0.60095848601648,0.696998493516548,0.199553142822563,25.6499763067186
7.66984126984127,0.600908476611567,0.696959721570816,0.199457725867009,25.6503369221115
7.66994047619048,0.600858472469774,0.696920945096966,0.199362354434053,25.6506974999694
7.67003968253968,0.600808473590471,0.69688216409895,0.199267028501127,25.6510580402997
7.67013888888889,0.60075847997303,0.696843378580721,0.199171748045673,25.6514185431097
7.6702380952381,0.600708491616821,0.696804588546227,0.19907651304514,25.6517790084069
7.6703373015873,0.600658508521218,0.696765793999416,0.198981323476992,25.6521394361986
7.67043650793651,0.600608530685593,0.696726994944233,0.198886179318699,25.6524998264922
7.67053571428572,0.600558558109322,0.696688191384621,0.198791080547745,25.6528601792951
7.67063492063492,0.600508590791779,0.696649383324522,0.198696027141622,25.6532204946146
7.67073412698413,0.600458628732339,0.696610570767873,0.198601019077831,25.653580772458
7.67083333333333,0.60040867193038,0.696571753718611,0.198506056333885,25.6539410128329
7.67093253968254,0.600358720385279,0.696532932180671,0.198411138887307,25.6543012157465
7.67103174603175,0.600308774096414,0.696494106157985,0.19831626671563,25.6546613812061
7.67113095238095,0.600258833063164,0.696455275654482,0.198221439796396,25.6550215092192
7.67123015873016,0.600208897284909,0.69641644067409,0.19812665810716,25.6553815997931
7.67132936507937,0.60015896676103,0.696377601220736,0.198031921625483,25.6557416529351
7.67142857142857,0.600109041490907,0.696338757298343,0.197937230328941,25.6561016686526
7.67152777777778,0.600059121473923,0.696299908910831,0.197842584195116,25.6564616469529
7.67162698412698,0.600009206709462,0.69626105606212,0.197747983201602,25.6568215878433
7.67172619047619,0.599959297196907,0.696222198756128,0.197653427326004,25.6571814913313
7.6718253968254,0.599909392935643,0.696183336996768,0.197558916545936,25.6575413574241
7.6719246031746,0.599859493925054,0.696144470787954,0.19746445083902,25.6579011861291
7.67202380952381,0.599809600164529,0.696105600133596,0.197370030182895,25.6582609774535
7.67212301587302,0.599759711653453,0.696066725037603,0.197275654555203,25.6586207314048
7.67222222222222,0.599709828391215,0.69602784550388,0.197181323933599,25.6589804479903
7.67232142857143,0.599659950377203,0.695988961536331,0.197087038295748,25.6593401272172
7.67242063492063,0.599610077610807,0.695950073138859,0.196992797619326,25.6596997690929
7.67251984126984,0.599560210091417,0.695911180315363,0.196898601882018,25.6600593736247
7.67261904761905,0.599510347818425,0.695872283069741,0.196804451061519,25.6604189408199
7.67271825396825,0.599460490791221,0.695833381405887,0.196710345135536,25.6607784706858
7.67281746031746,0.5994106390092,0.695794475327695,0.196616284081784,25.6611379632298
7.67291666666667,0.599360792471754,0.695755564839057,0.196522267877989,25.6614974184591
7.67301587301587,0.599310951178278,0.69571664994386,0.196428296501888,25.661856836381
7.67311507936508,0.599261115128167,0.695677730645991,0.196334369931227,25.6622162170029
7.67321428571428,0.599211284320817,0.695638806949336,0.196240488143762,25.662575560332
7.67331349206349,0.599161458755625,0.695599878857776,0.196146651117261,25.6629348663757
7.6734126984127,0.599111638431988,0.69556094637519,0.196052858829499,25.6632941351411
7.6735119047619,0.599061823349305,0.695522009505459,0.195959111258266,25.6636533666356
7.67361111111111,0.599012013506976,0.695483068252457,0.195865408381357,25.6640125608666
7.67371031746032,0.598962208904399,0.695444122620057,0.19577175017658,25.6643717178411
7.67380952380952,0.598912409540977,0.695405172612132,0.195678136621753,25.6647308375667
7.67390873015873,0.59886261541611,0.695366218232551,0.195584567694704,25.6650899200504
7.67400793650794,0.598812826529201,0.695327259485181,0.19549104337327,25.6654489652997
7.67410714285714,0.598763042879653,0.695288296373886,0.1953975636353,25.6658079733217
7.67420634920635,0.59871326446687,0.69524932890253,0.195304128458652,25.6661669441237
7.67430555555556,0.598663491290258,0.695210357074973,0.195210737821194,25.6665258777131
7.67440476190476,0.598613723349222,0.695171380895074,0.195117391700805,25.666884774097
7.67450396825397,0.598563960643168,0.695132400366689,0.195024090075374,25.6672436332827
7.67460317460317,0.598514203171503,0.695093415493673,0.1949308329228,25.6676024552775
7.67470238095238,0.598464450933636,0.695054426279877,0.194837620220991,25.6679612400886
7.67480158730159,0.598414703928976,0.69501543272915,0.194744451947868,25.6683199877233
7.67490079365079,0.598364962156932,0.694976434845341,0.194651328081359,25.6686786981888
7.675,0.598315225616915,0.694937432632296,0.194558248599405,25.6690373714924
7.67509920634921,0.598265494308337,0.694898426093857,0.194465213479955,25.6693960076413
7.67519841269841,0.598215768230608,0.694859415233865,0.19437222270097,25.6697546066428
7.67529761904762,0.598166047383143,0.694820400056161,0.194279276240419,25.6701131685041
7.67539682539683,0.598116331765356,0.694781380564579,0.194186374076283,25.6704716932323
7.67549603174603,0.598066621376659,0.694742356762956,0.194093516186552,25.6708301808349
7.67559523809524,0.59801691621647,0.694703328655124,0.194000702549227,25.6711886313189
7.67569444444444,0.597967216284204,0.694664296244912,0.193907933142318,25.6715470446916
7.67579365079365,0.597917521579278,0.694625259536149,0.193815207943848,25.6719054209603
7.67589285714286,0.59786783210111,0.694586218532662,0.193722526931846,25.6722637601321
7.67599206349206,0.597818147849119,0.694547173238273,0.193629890084355,25.6726220622142
7.67609126984127,0.597768468822723,0.694508123656805,0.193537297379426,25.672980327214
7.67619047619048,0.597718795021344,0.694469069792076,0.19344474879512,25.6733385551386
7.67628968253968,0.597669126444402,0.694430011647906,0.19335224430951,25.6736967459951
7.67638888888889,0.597619463091318,0.694390949228106,0.193259783900675,25.6740548997909
7.6764880952381,0.597569804961516,0.694351882536493,0.193167367546712,25.6744130165331
7.6765873015873,0.59752015205442,0.694312811576876,0.193074995225721,25.6747710962288
7.67668650793651,0.597470504369453,0.694273736353064,0.192982666915814,25.6751291388854
7.67678571428571,0.59742086190604,0.694234656868863,0.192890382595115,25.67548714451
7.67688492063492,0.597371224663608,0.694195573128078,0.192798142241755,25.6758451131098
7.67698412698413,0.597321592641583,0.694156485134511,0.192705945833879,25.676203044692
7.67708333333333,0.597271965839392,0.694117392891962,0.19261379334964,25.6765609392638
7.67718253968254,0.597222344256464,0.694078296404228,0.1925216847672,25.6769187968323
7.67728174603175,0.597172727892228,0.694039195675105,0.192429620064734,25.6772766174047
7.67738095238095,0.597123116746114,0.694000090708387,0.192337599220425,25.6776344009883
7.67748015873016,0.597073510817552,0.693960981507865,0.192245622212467,25.6779921475901
7.67757936507936,0.597023910105974,0.693921868077328,0.192153689019064,25.6783498572174
7.67767857142857,0.596974314610812,0.693882750420564,0.19206179961843,25.6787075298774
7.67777777777778,0.5969247243315,0.693843628541356,0.19196995398879,25.6790651655771
7.67787698412698,0.596875139267471,0.693804502443488,0.191878152108377,25.6794227643238
7.67797619047619,0.596825559418161,0.69376537213074,0.191786393955439,25.6797803261246
7.6780753968254,0.596775984783004,0.69372623760689,0.191694679508229,25.6801378509867
7.6781746031746,0.596726415361437,0.693687098875715,0.191603008745012,25.6804953389173
7.67827380952381,0.596676851152898,0.693647955940989,0.191511381644063,25.6808527899234
7.67837301587302,0.596627292156824,0.693608808806483,0.191419798183668,25.6812102040122
7.67847222222222,0.596577738372654,0.693569657475966,0.191328258342122,25.681567581191
7.67857142857143,0.596528189799828,0.693530501953208,0.191236762097732,25.6819249214667
7.67867063492063,0.596478646437786,0.693491342241972,0.191145309428813,25.6822822248467
7.67876984126984,0.596429108285969,0.693452178346022,0.191053900313691,25.6826394913379
7.67886904761905,0.596379575338193,0.693413010271071,0.190962534732427,25.6829967209494
7.67896825396825,0.596330047548396,0.693373838036556,0.190871212677931,25.6833539137027
7.67906746031746,0.596280524905732,0.693334661649485,0.190779934133435,25.6837110696079
7.67916666666667,0.596231007409222,0.693295481113425,0.19068869907925,25.6840681886718
7.67926587301587,0.596181495057885,0.693256296431938,0.190597507495696,25.6844252709012
7.67936507936508,0.596131987850742,0.693217107608588,0.190506359363097,25.684782316303
7.67946428571429,0.596082485786815,0.693177914646937,0.190415254661787,25.6851393248841
7.67956349206349,0.596032988865124,0.693138717550547,0.190324193372102,25.6854962966513
7.6796626984127,0.595983497084693,0.693099516322974,0.190233175474388,25.6858532316114
7.67976190476191,0.595934010444542,0.693060310967779,0.190142200948993,25.6862101297713
7.67986111111111,0.595884528943694,0.693021101488516,0.190051269776276,25.6865669911377
7.67996031746032,0.595835052581173,0.692981887888743,0.189960381936599,25.6869238157176
7.68005952380952,0.595785581356001,0.692942670172013,0.189869537410331,25.6872806035178
7.68015873015873,0.595736115267201,0.692903448341878,0.189778736177847,25.687637354545
7.68025793650794,0.595686654313798,0.692864222401891,0.189687978219531,25.6879940688062
7.68035714285714,0.595637198494816,0.692824992355602,0.189597263515769,25.6883507463082
7.68045634920635,0.59558774780928,0.69278575820656,0.189506592046956,25.6887073870577
7.68055555555556,0.595538302256213,0.692746519958312,0.189415963793493,25.6890639910616
7.68065476190476,0.595488861834642,0.692707277614407,0.189325378735787,25.6894205583267
7.68075396825397,0.595439426543593,0.692668031178388,0.18923483685425,25.6897770888599
7.68085317460318,0.595389996382089,0.692628780653799,0.189144338129302,25.690133582668
7.68095238095238,0.59534057134916,0.692589526044184,0.189053882541371,25.6904900397577
7.68105158730159,0.595291151443831,0.692550267353084,0.188963470070886,25.690846460136
7.68115079365079,0.595241736665128,0.69251100458404,0.188873100698288,25.6912028438095
7.68125,0.59519232701208,0.69247173774059,0.188782774404019,25.6915591907852
7.68134920634921,0.595142922483714,0.692432466826272,0.188692491168532,25.6919155010698
7.68144841269841,0.595093523079058,0.692393191844623,0.188602250972284,25.6922717746702
7.68154761904762,0.59504412879714,0.692353912799177,0.188512053795737,25.6926280115931
7.68164682539683,0.594994739636989,0.692314629693469,0.188421899619362,25.6929842118453
7.68174603174603,0.594945355597634,0.692275342531032,0.188331788423634,25.6933403754337
7.68184523809524,0.594895976678105,0.692236051315396,0.188241720189037,25.6936965023651
7.68194444444444,0.594846602877431,0.692196756050092,0.188151694896058,25.6940525926463
7.68204365079365,0.594797234194642,0.692157456738648,0.188061712525192,25.694408646284
7.68214285714286,0.594747870628769,0.692118153384593,0.187971773056941,25.694764663285
7.68224206349206,0.594698512178843,0.692078845991453,0.187881876471811,25.6951206436562
7.68234126984127,0.594649158843893,0.692039534562752,0.187792022750317,25.6954765874043
7.68244047619048,0.594599810622954,0.692000219102015,0.187702211872979,25.6958324945362
7.68253968253968,0.594550467515055,0.691960899612764,0.187612443820323,25.6961883650586
7.68263888888889,0.59450112951923,0.69192157609852,0.187522718572881,25.6965441989783
7.6827380952381,0.59445179663451,0.691882248562804,0.187433036111193,25.6968999963021
7.6828373015873,0.594402468859928,0.691842917009134,0.187343396415803,25.6972557570368
7.68293650793651,0.594353146194519,0.691803581441028,0.187253799467262,25.6976114811891
7.68303571428571,0.594303828637314,0.691764241862001,0.187164245246129,25.6979671687659
7.68313492063492,0.594254516187349,0.691724898275569,0.187074733732968,25.698322819774
7.68323412698413,0.594205208843657,0.691685550685246,0.186985264908348,25.69867843422
7.68333333333333,0.594155906605273,0.691646199094544,0.186895838752846,25.6990340121108
7.68343253968254,0.594106609471232,0.691606843506974,0.186806455247045,25.6993895534531
7.68353174603175,0.59405731744057,0.691567483926046,0.186717114371533,25.6997450582538
7.68363095238095,0.594008030512321,0.691528120355268,0.186627816106907,25.7001005265196
7.68373015873016,0.593958748685522,0.691488752798149,0.186538560433768,25.7004559582572
7.68382936507937,0.593909471959208,0.691449381258193,0.186449347332722,25.7008113534735
7.68392857142857,0.593860200332418,0.691410005738906,0.186360176784386,25.7011667121751
7.68402777777778,0.593810933804188,0.691370626243792,0.18627104876938,25.7015220343689
7.68412698412698,0.593761672373555,0.691331242776353,0.18618196326833,25.7018773200617
7.68422619047619,0.593712416039557,0.69129185534009,0.186092920261869,25.7022325692601
7.6843253968254,0.593663164801231,0.691252463938502,0.186003919730636,25.7025877819709
7.6844246031746,0.593613918657617,0.691213068575088,0.185914961655277,25.702942958201
7.68452380952381,0.593564677607753,0.691173669253346,0.185826046016444,25.703298097957
7.68462301587302,0.593515441650679,0.691134265976772,0.185737172794795,25.7036532012457
7.68472222222222,0.593466210785433,0.691094858748859,0.185648341970995,25.7040082680739
7.68482142857143,0.593416985011055,0.691055447573102,0.185559553525713,25.7043632984483
7.68492063492063,0.593367764326586,0.691016032452992,0.185470807439628,25.7047182923756
7.68501984126984,0.593318548731065,0.690976613392021,0.185382103693421,25.7050732498627
7.68511904761905,0.593269338223535,0.690937190393679,0.185293442267784,25.7054281709161
7.68521825396825,0.593220132803035,0.690897763461453,0.185204823143411,25.7057830555428
7.68531746031746,0.593170932468608,0.690858332598831,0.185116246301003,25.7061379037494
7.68541666666667,0.593121737219295,0.690818897809299,0.185027711721272,25.7064927155427
7.68551587301587,0.593072547054139,0.690779459096341,0.184939219384931,25.7068474909294
7.68561507936508,0.593023361972182,0.69074001646344,0.1848507692727,25.7072022299162
7.68571428571429,0.592974181972467,0.69070056991408,0.184762361365307,25.7075569325099
7.68581349206349,0.592925007054037,0.690661119451739,0.184673995643485,25.7079115987172
7.6859126984127,0.592875837215936,0.690621665079899,0.184585672087975,25.7082662285449
7.68601190476191,0.592826672457208,0.690582206802038,0.184497390679521,25.7086208219996
7.68611111111111,0.592777512776896,0.690542744621631,0.184409151398877,25.7089753790881
7.68621031746032,0.592728358174047,0.690503278542156,0.184320954226801,25.7093298998172
7.68630952380952,0.592679208647704,0.690463808567086,0.184232799144058,25.7096843841935
7.68640873015873,0.592630064196913,0.690424334699895,0.18414468613142,25.7100388322238
7.68650793650794,0.592580924820719,0.690384856944054,0.184056615169662,25.7103932439147
7.68660714285714,0.592531790518169,0.690345375303036,0.18396858623957,25.7107476192731
7.68670634920635,0.59248266128831,0.690305889780307,0.183880599321933,25.7111019583056
7.68680555555556,0.592433537130186,0.690266400379338,0.183792654397547,25.7114562610189
7.68690476190476,0.592384418042846,0.690226907103594,0.183704751447216,25.7118105274198
7.68700396825397,0.592335304025338,0.690187409956542,0.183616890451748,25.712164757515
7.68710317460318,0.592286195076709,0.690147908941646,0.183529071391958,25.7125189513112
7.68720238095238,0.592237091196006,0.690108404062369,0.183441294248667,25.712873108815
7.68730158730159,0.592187992382279,0.690068895322173,0.183353559002704,25.7132272300332
7.68740079365079,0.592138898634576,0.690029382724518,0.183265865634902,25.7135813149726
7.6875,0.592089809951946,0.689989866272863,0.183178214126101,25.7139353636397
7.68759920634921,0.592040726333439,0.689950345970668,0.183090604457148,25.7142893760413
7.68769841269841,0.591991647778105,0.689910821821387,0.183003036608896,25.7146433521842
7.68779761904762,0.591942574284993,0.689871293828478,0.182915510562203,25.7149972920749
7.68789682539682,0.591893505853155,0.689831761995394,0.182828026297936,25.7153511957202
7.68799603174603,0.591844442481641,0.689792226325587,0.182740583796965,25.7157050631269
7.68809523809524,0.591795384169502,0.689752686822511,0.182653183040169,25.7160588943015
7.68819444444444,0.59174633091579,0.689713143489615,0.182565824008432,25.7164126892508
7.68829365079365,0.591697282719556,0.689673596330348,0.182478506682642,25.7167664479815
7.68839285714286,0.591648239579853,0.689634045348159,0.182391231043701,25.7171201705002
7.68849206349206,0.591599201495734,0.689594490546494,0.182303997072508,25.7174738568136
7.68859126984127,0.591550168466252,0.689554931928799,0.182216804749974,25.7178275069285
7.68869047619048,0.59150114049046,0.689515369498517,0.182129654057014,25.7181811208515
7.68878968253968,0.591452117567411,0.689475803259091,0.182042544974549,25.7185346985893
7.68888888888889,0.591403099696159,0.689436233213964,0.181955477483509,25.7188882401485
7.68898809523809,0.591354086875759,0.689396659366574,0.181868451564827,25.7192417455359
7.6890873015873,0.591305079105265,0.689357081720362,0.181781467199445,25.7195952147581
7.68918650793651,0.591256076383733,0.689317500278766,0.181694524368308,25.7199486478218
7.68928571428571,0.591207078710217,0.689277915045221,0.181607623052371,25.7203020447337
7.68938492063492,0.591158086083774,0.689238326023163,0.181520763232593,25.7206554055004
7.68948412698413,0.591109098503459,0.689198733216026,0.18143394488994,25.7210087301286
7.68958333333333,0.591060115968329,0.689159136627243,0.181347168005384,25.721362018625
7.68968253968254,0.591011138477441,0.689119536260244,0.181260432559903,25.7217152709963
7.68978174603175,0.590962166029851,0.689079932118461,0.181173738534481,25.722068487249
7.68988095238095,0.590913198624617,0.689040324205323,0.181087085910111,25.7224216673899
7.68998015873016,0.590864236260798,0.689000712524257,0.181000474667789,25.7227748114256
7.69007936507937,0.59081527893745,0.688961097078689,0.180913904788519,25.7231279193628
7.69017857142857,0.590766326653633,0.688921477872044,0.18082737625331,25.7234809912082
7.69027777777778,0.590717379408405,0.688881854907747,0.180740889043179,25.7238340269683
7.69037698412698,0.590668437200826,0.688842228189221,0.180654443139148,25.7241870266499
7.69047619047619,0.590619500029954,0.688802597719885,0.180568038522245,25.7245399902596
7.6905753968254,0.590570567894851,0.688762963503161,0.180481675173506,25.724892917804
7.6906746031746,0.590521640794575,0.688723325542468,0.180395353073971,25.7252458092899
7.69077380952381,0.590472718728188,0.688683683841222,0.180309072204689,25.7255986647238
7.69087301587302,0.590423801694751,0.688644038402841,0.180222832546712,25.7259514841123
7.69097222222222,0.590374889693324,0.688604389230738,0.180136634081101,25.7263042674622
7.69107142857143,0.590325982722969,0.688564736328329,0.180050476788922,25.7266570147801
7.69117063492063,0.590277080782749,0.688525079699025,0.179964360651248,25.7270097260726
7.69126984126984,0.590228183871724,0.688485419346238,0.179878285649156,25.7273624013463
7.69136904761905,0.590179291988959,0.688445755273377,0.179792251763734,25.727715040608
7.69146825396825,0.590130405133517,0.688406087483852,0.179706258976072,25.7280676438641
7.69156746031746,0.590081523304459,0.68836641598107,0.179620307267268,25.7284202111214
7.69166666666667,0.590032646500851,0.688326740768436,0.179534396618426,25.7287727423865
7.69176587301587,0.589983774721756,0.688287061849357,0.179448527010656,25.729125237666
7.69186507936508,0.589934907966238,0.688247379227235,0.179362698425074,25.7294776969665
7.69196428571429,0.589886046233362,0.688207692905473,0.179276910842804,25.7298301202947
7.69206349206349,0.589837189522193,0.688168002887472,0.179191164244974,25.7301825076572
7.6921626984127,0.589788337831797,0.688128309176632,0.179105458612721,25.7305348590606
7.6922619047619,0.589739491161239,0.688088611776352,0.179019793927185,25.7308871745116
7.69236111111111,0.589690649509586,0.688048910690028,0.178934170169514,25.7312394540166
7.69246031746032,0.589641812875903,0.688009205921057,0.178848587320863,25.7315916975825
7.69255952380952,0.589592981259258,0.687969497472833,0.178763045362392,25.7319439052157
7.69265873015873,0.589544154658718,0.687929785348751,0.178677544275268,25.732296076923
7.69275793650794,0.589495333073349,0.687890069552202,0.178592084040663,25.7326482127108
7.69285714285714,0.58944651650222,0.687850350086577,0.178506664639759,25.7330003125859
7.69295634920635,0.5893977049444,0.687810626955267,0.17842128605374,25.7333523765548
7.69305555555556,0.589348898398956,0.687770900161659,0.178335948263797,25.7337044046242
7.69315476190476,0.589300096864958,0.687731169709141,0.17825065125113,25.7340563968005
7.69325396825397,0.589251300341475,0.687691435601099,0.178165394996942,25.7344083530905
7.69335317460317,0.589202508827576,0.687651697840917,0.178080179482444,25.7347602735008
7.69345238095238,0.58915372232233,0.687611956431979,0.177995004688853,25.7351121580379
7.69355158730159,0.58910494082481,0.687572211377667,0.177909870597393,25.7354640067085
7.69365079365079,0.589056164334084,0.687532462681361,0.177824777189293,25.7358158195191
7.69375,0.589007392849224,0.687492710346442,0.177739724445789,25.7361675964763
7.69384920634921,0.588958626369301,0.687452954376288,0.177654712348123,25.7365193375867
7.69394841269841,0.588909864893386,0.687413194774276,0.177569740877544,25.736871042857
7.69404761904762,0.588861108420553,0.687373431543781,0.177484810015306,25.7372227122937
7.69414682539682,0.588812356949872,0.687333664688179,0.17739991974267,25.7375743459034
7.69424603174603,0.588763610480417,0.687293894210841,0.177315070040902,25.7379259436926
7.69434523809524,0.588714869011261,0.687254120115141,0.177230260891278,25.738277505668
7.69444444444444,0.588666132541477,0.68721434240445,0.177145492275077,25.7386290318362
7.69454365079365,0.588617401070138,0.687174561082137,0.177060764173585,25.7389805222037
7.69464285714286,0.58856867459632,0.687134776151569,0.176976076568094,25.7393319767771
7.69474206349206,0.588519953119095,0.687094987616115,0.176891429439902,25.739683395563
7.69484126984127,0.58847123663754,0.687055195479139,0.176806822770316,25.740034778568
7.69494047619048,0.588422525150728,0.687015399744006,0.176722256540645,25.7403861257985
7.69503968253968,0.588373818657736,0.686975600414079,0.176637730732208,25.7407374372613
7.69513888888889,0.588325117157639,0.68693579749272,0.176553245326328,25.7410887129629
7.69523809523809,0.588276420649513,0.686895990983291,0.176468800304336,25.7414399529098
7.6953373015873,0.588227729132435,0.686856180889149,0.176384395647567,25.7417911571087
7.69543650793651,0.588179042605482,0.686816367213653,0.176300031337364,25.742142325566
7.69553571428571,0.58813036106773,0.686776549960161,0.176215707355076,25.7424934582883
7.69563492063492,0.588081684518258,0.686736729132027,0.176131423682058,25.7428445552823
7.69573412698413,0.588033012956142,0.686696904732606,0.176047180299671,25.7431956165544
7.69583333333333,0.587984346380461,0.686657076765251,0.175962977189285,25.7435466421113
7.69593253968254,0.587935684790295,0.686617245233314,0.175878814332272,25.7438976319594
7.69603174603175,0.587887028184721,0.686577410140146,0.175794691710012,25.7442485861053
7.69613095238095,0.58783837656282,0.686537571489095,0.175710609303893,25.7445995045557
7.69623015873016,0.58778972992367,0.686497729283509,0.175626567095306,25.744950387317
7.69632936507937,0.587741088266351,0.686457883526736,0.175542565065652,25.7453012343958
7.69642857142857,0.587692451589944,0.68641803422212,0.175458603196336,25.7456520457986
7.69652777777778,0.587643819893529,0.686378181373007,0.175374681468768,25.746002821532
7.69662698412698,0.587595193176187,0.686338324982738,0.175290799864368,25.7463535616025
7.69672619047619,0.587546571437001,0.686298465054656,0.17520695836456,25.7467042660167
7.6968253968254,0.58749795467505,0.6862586015921,0.175123156950773,25.7470549347811
7.6969246031746,0.587449342889418,0.686218734598411,0.175039395604445,25.7474055679023
7.69702380952381,0.587400736079186,0.686178864076925,0.174955674307019,25.7477561653867
7.69712301587302,0.587352134243437,0.68613899003098,0.174871993039944,25.748106727241
7.69722222222222,0.587303537381255,0.686099112463911,0.174788351784675,25.7484572534716
7.69732142857143,0.587254945491722,0.686059231379051,0.174704750522675,25.7488077440852
7.69742063492064,0.587206358573923,0.686019346779735,0.174621189235413,25.7491581990881
7.69751984126984,0.587157776626942,0.685979458669293,0.174537667904362,25.749508618487
7.69761904761905,0.587109199649862,0.685939567051055,0.174454186511003,25.7498590022884
7.69771825396825,0.587060627641769,0.685899671928351,0.174370745036823,25.7502093504988
7.69781746031746,0.587012060601749,0.685859773304508,0.174287343463316,25.7505596631247
7.69791666666667,0.586963498528885,0.685819871182852,0.174203981771981,25.7509099401727
7.69801587301587,0.586914941422264,0.68577996556671,0.174120659944324,25.7512601816492
7.69811507936508,0.586866389280973,0.685740056459405,0.174037377961857,25.7516103875608
7.69821428571429,0.586817842104098,0.68570014386426,0.173954135806098,25.7519605579141
7.69831349206349,0.586769299890725,0.685660227784595,0.173870933458573,25.7523106927154
7.6984126984127,0.586720762639942,0.685620308223732,0.173787770900812,25.7526607919714
7.6985119047619,0.586672230350836,0.685580385184989,0.173704648114352,25.7530108556886
7.69861111111111,0.586623703022496,0.685540458671683,0.173621565080738,25.7533608838734
7.69871031746032,0.586575180654008,0.685500528687131,0.173538521781517,25.7537108765323
7.69880952380952,0.586526663244463,0.685460595234649,0.173455518198248,25.754060833672
7.69890873015873,0.586478150792949,0.68542065831755,0.173372554312493,25.7544107552988
7.69900793650794,0.586429643298555,0.685380717939146,0.17328963010582,25.7547606414193
7.69910714285714,0.586381140760371,0.68534077410275,0.173206745559804,25.75511049204
7.69920634920635,0.586332643177487,0.68530082681167,0.173123900656026,25.7554603071674
7.69930555555556,0.586284150548993,0.685260876069216,0.173041095376073,25.7558100868079
7.69940476190476,0.58623566287398,0.685220921878695,0.172958329701541,25.7561598309682
7.69950396825397,0.586187180151538,0.685180964243414,0.172875603614027,25.7565095396546
7.69960317460317,0.58613870238076,0.685141003166677,0.17279291709514,25.7568592128736
7.69970238095238,0.586090229560737,0.685101038651788,0.172710270126491,25.7572088506318
7.69980158730159,0.58604176169056,0.68506107070205,0.1726276626897,25.7575584529357
7.69990079365079,0.585993298769322,0.685021099320764,0.172545094766391,25.7579080197917
7.7,0.585944840796117,0.684981124511229,0.172462566338196,25.7582575512063
7.70009920634921,0.585896387770036,0.684941146276745,0.172380077386754,25.758607047186
7.70019841269841,0.585847939690174,0.684901164620608,0.172297627893705,25.7589565077373
7.70029761904762,0.585799496555624,0.684861179546115,0.172215217840705,25.7593059328667
7.70039682539683,0.58575105836548,0.684821191056561,0.172132847209406,25.7596553225806
7.70049603174603,0.585702625118838,0.68478119915524,0.172050515981474,25.7600046768856
7.70059523809524,0.585654196814791,0.684741203845443,0.171968224138576,25.760353995788
7.70069444444444,0.585605773452434,0.684701205130462,0.171885971662388,25.7607032792944
7.70079365079365,0.585557355030864,0.684661203013586,0.171803758534592,25.7610525274113
7.70089285714286,0.585508941549176,0.684621197498104,0.171721584736876,25.761401740145
7.70099206349206,0.585460533006467,0.684581188587304,0.171639450250934,25.7617509175022
7.70109126984127,0.585412129401832,0.684541176284471,0.171557355058467,25.7621000594892
7.70119047619048,0.585363730734369,0.68450116059289,0.171475299141181,25.7624491661125
7.70128968253968,0.585315337003175,0.684461141515845,0.17139328248079,25.7627982373786
7.70138888888889,0.585266948207347,0.684421119056617,0.171311305059012,25.763147273294
7.7014880952381,0.585218564345984,0.684381093218489,0.171229366857574,25.763496273865
7.7015873015873,0.585170185418183,0.684341064004738,0.171147467858207,25.7638452390982
7.70168650793651,0.585121811423043,0.684301031418644,0.17106560804265,25.764194169
7.70178571428572,0.585073442359664,0.684260995463484,0.170983787392647,25.7645430635769
7.70188492063492,0.585025078227145,0.684220956142534,0.170902005889949,25.7648919228353
7.70198412698413,0.584976719024585,0.684180913459069,0.170820263516314,25.7652407467817
7.70208333333333,0.584928364751084,0.684140867416361,0.170738560253503,25.7655895354225
7.70218253968254,0.584880015405743,0.684100818017683,0.170656896083288,25.7659382887642
7.70228174603175,0.584831670987661,0.684060765266306,0.170575270987444,25.7662870068132
7.70238095238095,0.584783331495942,0.684020709165499,0.170493684947752,25.766635689576
7.70248015873016,0.584734996929685,0.683980649718531,0.170412137946002,25.766984337059
7.70257936507937,0.584686667287992,0.683940586928668,0.170330629963988,25.7673329492686
7.70267857142857,0.584638342569966,0.683900520799177,0.170249160983512,25.7676815262113
7.70277777777778,0.584590022774708,0.683860451333322,0.17016773098638,25.7680300678936
7.70287698412698,0.584541707901323,0.683820378534366,0.170086339954406,25.7683785743218
7.70297619047619,0.584493397948912,0.68378030240557,0.17000498786941,25.7687270455024
7.7030753968254,0.584445092916579,0.683740222950197,0.169923674713218,25.7690754814418
7.7031746031746,0.584396792803428,0.683700140171504,0.169842400467661,25.7694238821465
7.70327380952381,0.584348497608564,0.683660054072752,0.169761165114581,25.7697722476229
7.70337301587302,0.58430020733109,0.683619964657195,0.16967996863582,25.7701205778773
7.70347222222222,0.584251921970112,0.683579871928091,0.169598811013231,25.7704688729164
7.70357142857143,0.584203641524734,0.683539775888693,0.169517692228671,25.7708171327464
7.70367063492063,0.584155365994063,0.683499676542254,0.169436612264004,25.7711653573738
7.70376984126984,0.584107095377204,0.683459573892027,0.169355571101099,25.7715135468049
7.70386904761905,0.584058829673263,0.683419467941262,0.169274568721834,25.7718617010464
7.70396825396825,0.584010568881347,0.683379358693207,0.16919360510809,25.7722098201044
7.70406746031746,0.583962313000563,0.683339246151112,0.169112680241757,25.7725579039855
7.70416666666667,0.583914062030018,0.683299130318224,0.16903179410473,25.7729059526961
7.70426587301587,0.58386581596882,0.683259011197786,0.168950946678911,25.7732539662426
7.70436507936508,0.583817574816077,0.683218888793045,0.168870137946206,25.7736019446314
7.70446428571428,0.583769338570897,0.683178763107243,0.168789367888531,25.7739498878688
7.70456349206349,0.583721107232388,0.683138634143621,0.168708636487805,25.7742977959614
7.7046626984127,0.583672880799659,0.683098501905419,0.168627943725954,25.7746456689155
7.7047619047619,0.583624659271821,0.683058366395879,0.168547289584913,25.7749935067375
7.70486111111111,0.583576442647982,0.683018227618236,0.168466674046621,25.7753413094338
7.70496031746032,0.583528230927253,0.682978085575729,0.168386097093022,25.7756890770109
7.70505952380952,0.583480024108745,0.682937940271592,0.168305558706068,25.776036809475
7.70515873015873,0.583431822191567,0.682897791709059,0.168225058867718,25.7763845068327
7.70525793650794,0.583383625174831,0.682857639891363,0.168144597559935,25.7767321690903
7.70535714285714,0.583335433057648,0.682817484821737,0.168064174764691,25.7770797962541
7.70545634920635,0.58328724583913,0.682777326503409,0.167983790463961,25.7774273883307
7.70555555555556,0.583239063518389,0.68273716493961,0.167903444639729,25.7777749453263
7.70565476190476,0.583190886094538,0.682697000133568,0.167823137273985,25.7781224672475
7.70575396825397,0.58314271356669,0.682656832088508,0.167742868348725,25.7784699541004
7.70585317460317,0.583094545933957,0.682616660807655,0.167662637845949,25.7788174058916
7.70595238095238,0.583046383195453,0.682576486294235,0.167582445747666,25.7791648226275
7.70605158730159,0.582998225350292,0.68253630855147,0.167502292035892,25.7795122043143
7.70615079365079,0.582950072397587,0.682496127582581,0.167422176692645,25.7798595509585
7.70625,0.582901924336455,0.682455943390788,0.167342099699955,25.7802068625664
7.70634920634921,0.582853781166009,0.682415755979311,0.167262061039854,25.7805541391445
7.70644841269841,0.582805642885365,0.682375565351367,0.167182060694382,25.7809013806991
7.70654761904762,0.582757509493638,0.682335371510173,0.167102098645584,25.7812485872366
7.70664682539683,0.582709380989945,0.682295174458944,0.167022174875513,25.7815957587633
7.70674603174603,0.5826612573734,0.682254974200893,0.166942289366228,25.7819428952857
7.70684523809524,0.582613138643122,0.682214770739233,0.166862442099793,25.78228999681
7.70694444444444,0.582565024798227,0.682174564077176,0.166782633058278,25.7826370633427
7.70704365079365,0.582516915837833,0.682134354217933,0.166702862223762,25.7829840948901
7.70714285714286,0.582468811761056,0.68209414116471,0.166623129578328,25.7833310914585
7.70724206349206,0.582420712567015,0.682053924920717,0.166543435104066,25.7836780530544
7.70734126984127,0.582372618254829,0.68201370548916,0.166463778783072,25.7840249796841
7.70744047619048,0.582324528823616,0.681973482873243,0.166384160597448,25.784371871354
7.70753968253968,0.582276444272494,0.68193325707617,0.166304580529304,25.7847187280703
7.70763888888889,0.582228364600583,0.681893028101144,0.166225038560752,25.7850655498395
7.7077380952381,0.582180289807005,0.681852795951366,0.166145534673917,25.785412336668
7.7078373015873,0.582132219890877,0.681812560630037,0.166066068850925,25.7857590885619
7.70793650793651,0.582084154851321,0.681772322140354,0.16598664107391,25.7861058055278
7.70803571428571,0.582036094687457,0.681732080485516,0.165907251325012,25.786452487572
7.70813492063492,0.581988039398407,0.681691835668718,0.165827899586376,25.7867991347007
7.70823412698413,0.581939988983292,0.681651587693156,0.165748585840157,25.7871457469204
7.70833333333333,0.581891943441234,0.681611336562023,0.165669310068513,25.7874923242373
7.70843253968254,0.581843902771354,0.681571082278511,0.165590072253608,25.7878388666579
7.70853174603175,0.581795866972776,0.681530824845812,0.165510872377616,25.7881853741884
7.70863095238095,0.581747836044622,0.681490564267115,0.165431710422712,25.7885318468353
7.70873015873016,0.581699809986015,0.68145030054561,0.165352586371082,25.7888782846047
7.70882936507936,0.58165178879608,0.681410033684483,0.165273500204916,25.7892246875031
7.70892857142857,0.581603772473939,0.681369763686921,0.165194451906411,25.7895710555368
7.70902777777778,0.581555761018717,0.681329490556108,0.165115441457768,25.7899173887122
7.70912698412698,0.581507754429538,0.681289214295227,0.165036468841197,25.7902636870355
7.70922619047619,0.581459752705529,0.681248934907462,0.164957534038915,25.790609950513
7.7093253968254,0.581411755845813,0.681208652395993,0.164878637033143,25.7909561791512
7.7094246031746,0.581363763849516,0.681168366764,0.164799777806108,25.7913023729562
7.70952380952381,0.581315776715765,0.681128078014662,0.164720956340045,25.7916485319345
7.70962301587302,0.581267794443685,0.681087786151155,0.164642172617195,25.7919946560924
7.70972222222222,0.581219817032404,0.681047491176656,0.164563426619805,25.7923407454361
7.70982142857143,0.581171844481048,0.681007193094339,0.164484718330127,25.7926867999721
7.70992063492063,0.581123876788745,0.680966891907378,0.164406047730421,25.7930328197065
7.71001984126984,0.581075913954621,0.680926587618945,0.164327414802952,25.7933788046458
7.71011904761905,0.581027955977807,0.68088628023221,0.164248819529993,25.7937247547961
7.71021825396825,0.580980002857428,0.680845969750344,0.164170261893823,25.794070670164
7.71031746031746,0.580932054592616,0.680805656176515,0.164091741876724,25.7944165507555
7.71041666666667,0.580884111182497,0.680765339513889,0.164013259460989,25.7947623965771
7.71051587301587,0.580836172626203,0.680725019765634,0.163934814628914,25.7951082076351
7.71061507936508,0.580788238922862,0.680684696934912,0.163856407362802,25.7954539839357
7.71071428571429,0.580740310071605,0.680644371024888,0.163778037644965,25.7957997254852
7.71081349206349,0.580692386071562,0.680604042038724,0.163699705457716,25.79614543229
7.7109126984127,0.580644466921864,0.68056370997958,0.163621410783379,25.7964911043563
7.71101190476191,0.580596552621643,0.680523374850616,0.163543153604283,25.7968367416905
7.71111111111111,0.580548643170029,0.680483036654991,0.163464933902761,25.7971823442988
7.71121031746032,0.580500738566154,0.68044269539586,0.163386751661155,25.7975279121875
7.71130952380952,0.580452838809152,0.68040235107638,0.163308606861812,25.797873445363
7.71140873015873,0.580404943898153,0.680362003699706,0.163230499487085,25.7982189438314
7.71150793650794,0.580357053832291,0.68032165326899,0.163152429519336,25.7985644075991
7.71160714285714,0.5803091686107,0.680281299787385,0.163074396940929,25.7989098366724
7.71170634920635,0.580261288232513,0.680240943258041,0.162996401734238,25.7992552310576
7.71180555555556,0.580213412696863,0.680200583684107,0.162918443881641,25.7996005907609
7.71190476190476,0.580165542002885,0.680160221068732,0.162840523365522,25.7999459157885
7.71200396825397,0.580117676149714,0.680119855415062,0.162762640168274,25.8002912061469
7.71210317460318,0.580069815136484,0.680079486726243,0.162684794272293,25.8006364618423
7.71220238095238,0.580021958962331,0.68003911500542,0.162606985659985,25.8009816828808
7.71230158730159,0.579974107626391,0.679998740255735,0.162529214313758,25.8013268692689
7.71240079365079,0.5799262611278,0.679958362480331,0.16245148021603,25.8016720210128
7.7125,0.579878419465693,0.679917981682347,0.162373783349223,25.8020171381187
7.71259920634921,0.579830582639208,0.679877597864924,0.162296123695765,25.8023622205929
7.71269841269841,0.579782750647481,0.679837211031198,0.162218501238093,25.8027072684417
7.71279761904762,0.57973492348965,0.679796821184308,0.162140915958648,25.8030522816714
7.71289682539683,0.579687101164853,0.679756428327387,0.162063367839877,25.8033972602881
7.71299603174603,0.579639283672228,0.679716032463571,0.161985856864234,25.8037422042983
7.71309523809524,0.579591471010912,0.679675633595993,0.16190838301418,25.804087113708
7.71319444444444,0.579543663180046,0.679635231727784,0.161830946272182,25.8044319885236
7.71329365079365,0.579495860178767,0.679594826862075,0.161753546620713,25.8047768287514
7.71339285714286,0.579448062006216,0.679554419001994,0.161676184042251,25.8051216343976
7.71349206349206,0.579400268661532,0.67951400815067,0.161598858519282,25.8054664054684
7.71359126984127,0.579352480143855,0.679473594311228,0.161521570034298,25.80581114197
7.71369047619048,0.579304696452326,0.679433177486796,0.161444318569797,25.8061558439089
7.71378968253968,0.579256917586086,0.679392757680496,0.161367104108284,25.8065005112911
7.71388888888889,0.579209143544276,0.679352334895452,0.161289926632268,25.8068451441229
7.7139880952381,0.579161374326038,0.679311909134786,0.161212786124267,25.8071897424106
7.7140873015873,0.579113609930512,0.679271480401616,0.161135682566804,25.8075343061604
7.71418650793651,0.579065850356842,0.679231048699063,0.161058615942409,25.8078788353786
7.71428571428571,0.57901809560417,0.679190614030244,0.160981586233617,25.8082233300713
7.71438492063492,0.578970345671639,0.679150176398276,0.160904593422969,25.8085677902449
7.71448412698413,0.578922600558392,0.679109735806274,0.160827637493015,25.8089122159055
7.71458333333333,0.578874860263573,0.679069292257351,0.160750718426309,25.8092566070594
7.71468253968254,0.578827124786326,0.679028845754622,0.160673836205412,25.8096009637129
7.71478174603175,0.578779394125794,0.678988396301196,0.16059699081289,25.8099452858721
7.71488095238095,0.578731668281124,0.678947943900185,0.160520182231318,25.8102895735433
7.71498015873016,0.578683947251459,0.678907488554696,0.160443410443275,25.8106338267326
7.71507936507937,0.578636231035945,0.678867030267839,0.160366675431346,25.8109780454464
7.71517857142857,0.578588519633727,0.678826569042718,0.160289977178124,25.8113222296909
7.71527777777778,0.578540813043953,0.678786104882441,0.160213315666209,25.8116663794722
7.71537698412698,0.578493111265767,0.678745637790109,0.160136690878204,25.8120104947966
7.71547619047619,0.578445414298318,0.678705167768826,0.16006010279672,25.8123545756703
7.7155753968254,0.578397722140751,0.678664694821693,0.159983551404375,25.8126986220996
7.7156746031746,0.578350034792215,0.678624218951811,0.159907036683793,25.8130426340905
7.71577380952381,0.578302352251856,0.678583740162277,0.159830558617603,25.8133866116494
7.71587301587302,0.578254674518824,0.67854325845619,0.159754117188441,25.8137305547825
7.71597222222222,0.578207001592266,0.678502773836645,0.159677712378951,25.8140744634959
7.71607142857143,0.578159333471332,0.678462286306739,0.159601344171781,25.8144183377959
7.71617063492063,0.57811167015517,0.678421795869564,0.159525012549585,25.8147621776887
7.71626984126984,0.57806401164293,0.678381302528212,0.159448717495025,25.8151059831805
7.71636904761905,0.578016357933762,0.678340806285776,0.159372458990769,25.8154497542774
7.71646825396825,0.577968709026816,0.678300307145345,0.159296237019491,25.8157934909857
7.71656746031746,0.577921064921242,0.678259805110007,0.159220051563869,25.8161371933116
7.71666666666667,0.577873425616191,0.678219300182851,0.159143902606593,25.8164808612612
7.71676587301587,0.577825791110816,0.678178792366963,0.159067790130353,25.8168244948409
7.71686507936508,0.577778161404267,0.678138281665426,0.15899171411785,25.8171680940566
7.71696428571429,0.577730536495695,0.678097768081326,0.158915674551787,25.8175116589148
7.71706349206349,0.577682916384254,0.678057251617743,0.158839671414877,25.8178551894215
7.7171626984127,0.577635301069096,0.67801673227776,0.158763704689838,25.8181986855828
7.71726190476191,0.577587690549374,0.677976210064456,0.158687774359393,25.8185421474052
7.71736111111111,0.577540084824241,0.67793568498091,0.158611880406273,25.8188855748946
7.71746031746032,0.577492483892851,0.677895157030199,0.158536022813215,25.8192289680573
7.71755952380952,0.577444887754358,0.677854626215398,0.158460201562961,25.8195723268994
7.71765873015873,0.577397296407915,0.677814092539583,0.158384416638261,25.8199156514272
7.71775793650794,0.577349709852679,0.677773556005828,0.158308668021871,25.8202589416468
7.71785714285714,0.577302128087803,0.677733016617204,0.158232955696551,25.8206021975644
7.71795634920635,0.577254551112444,0.677692474376782,0.158157279645071,25.8209454191862
7.71805555555556,0.577206978925756,0.677651929287632,0.158081639850203,25.8212886065183
7.71815476190476,0.577159411526896,0.677611381352823,0.15800603629473,25.8216317595669
7.71825396825397,0.577111848915021,0.677570830575422,0.157930468961439,25.8219748783381
7.71835317460318,0.577064291089287,0.677530276958495,0.157854937833121,25.8223179628383
7.71845238095238,0.577016738048851,0.677489720505106,0.157779442892577,25.8226610130734
7.71855158730159,0.576969189792871,0.677449161218318,0.157703984122613,25.8230040290497
7.71865079365079,0.576921646320504,0.677408599101194,0.15762856150604,25.8233470107734
7.71875,0.576874107630909,0.677368034156795,0.157553175025676,25.8236899582505
7.71884920634921,0.576826573723244,0.67732746638818,0.157477824664347,25.8240328714873
7.71894841269841,0.576779044596668,0.677286895798408,0.157402510404883,25.8243757504899
7.71904761904762,0.57673152025034,0.677246322390535,0.157327232230121,25.8247185952644
7.71914682539682,0.57668400068342,0.677205746167618,0.157251990122905,25.8250614058171
7.71924603174603,0.576636485895067,0.67716516713271,0.157176784066084,25.825404182154
7.71934523809524,0.576588975884441,0.677124585288866,0.157101614042515,25.8257469242814
7.71944444444444,0.576541470650704,0.677084000639137,0.157026480035059,25.8260896322053
7.71954365079365,0.576493970193016,0.677043413186573,0.156951382026584,25.8264323059319
7.71964285714286,0.576446474510539,0.677002822934225,0.156876319999967,25.8267749454674
7.71974206349206,0.576398983602433,0.676962229885141,0.156801293938088,25.8271175508179
7.71984126984127,0.576351497467862,0.676921634042367,0.156726303823835,25.8274601219895
7.71994047619048,0.576304016105986,0.676881035408949,0.156651349640101,25.8278026589884
7.72003968253968,0.57625653951597,0.676840433987932,0.156576431369786,25.8281451618207
7.72013888888889,0.576209067696975,0.676799829782358,0.156501548995795,25.8284876304926
7.72023809523809,0.576161600648166,0.67675922279527,0.156426702501043,25.8288300650101
7.7203373015873,0.576114138368706,0.676718613029708,0.156351891868447,25.8291724653795
7.72043650793651,0.576066680857758,0.676678000488712,0.156277117080933,25.8295148316068
7.72053571428571,0.576019228114488,0.676637385175319,0.156202378121431,25.8298571636982
7.72063492063492,0.575971780138059,0.676596767092567,0.15612767497288,25.8301994616598
7.72073412698413,0.575924336927638,0.67655614624349,0.156053007618223,25.8305417254977
7.72083333333333,0.575876898482389,0.676515522631124,0.155978376040411,25.8308839552181
7.72093253968254,0.575829464801478,0.676474896258501,0.155903780222399,25.831226150827
7.72103174603175,0.575782035884071,0.676434267128653,0.155829220147151,25.8315683123307
7.72113095238095,0.575734611729335,0.67639363524461,0.155754695797636,25.8319104397352
7.72123015873016,0.575687192336437,0.676353000609403,0.155680207156829,25.8322525330465
7.72132936507937,0.575639777704543,0.676312363226058,0.155605754207711,25.832594592271
7.72142857142857,0.575592367832822,0.676271723097602,0.155531336933271,25.8329366174146
7.72152777777778,0.57554496272044,0.676231080227062,0.155456955316502,25.8332786084835
7.72162698412698,0.575497562366566,0.67619043461746,0.155382609340406,25.8336205654837
7.72172619047619,0.575450166770369,0.67614978627182,0.155308298987987,25.8339624884214
7.7218253968254,0.575402775931018,0.676109135193164,0.155234024242261,25.8343043773028
7.7219246031746,0.575355389847681,0.676068481384511,0.155159785086245,25.8346462321338
7.72202380952381,0.575308008519529,0.676027824848881,0.155085581502965,25.8349880529206
7.72212301587302,0.575260631945731,0.675987165589293,0.155011413475454,25.8353298396694
7.72222222222222,0.575213260125457,0.675946503608762,0.154937280986749,25.8356715923861
7.72232142857143,0.575165893057878,0.675905838910303,0.154863184019894,25.836013311077
7.72242063492063,0.575118530742165,0.675865171496931,0.154789122557941,25.836354995748
7.72251984126984,0.575071173177489,0.675824501371658,0.154715096583945,25.8366966464054
7.72261904761905,0.575023820363022,0.675783828537497,0.154641106080971,25.8370382630551
7.72271825396825,0.574976472297937,0.675743152997457,0.154567151032087,25.8373798457033
7.72281746031746,0.574929128981404,0.675702474754547,0.154493231420371,25.8377213943561
7.72291666666667,0.574881790412597,0.675661793811776,0.154419347228903,25.8380629090195
7.72301587301587,0.574834456590689,0.675621110172149,0.154345498440772,25.8384043896996
7.72311507936508,0.574787127514854,0.675580423838671,0.154271685039072,25.8387458364026
7.72321428571429,0.574739803184264,0.675539734814347,0.154197907006905,25.8390872491345
7.72331349206349,0.574692483598094,0.67549904310218,0.154124164327377,25.8394286279014
7.7234126984127,0.574645168755519,0.67545834870517,0.154050456983602,25.8397699727093
7.7235119047619,0.574597858655713,0.675417651626318,0.1539767849587,25.8401112835644
7.72361111111111,0.574550553297851,0.675376951868622,0.153903148235797,25.8404525604726
7.72371031746032,0.574503252681109,0.675336249435081,0.153829546798025,25.8407938034402
7.72380952380952,0.574455956804662,0.67529554432869,0.153755980628522,25.8411350124732
7.72390873015873,0.574408665667687,0.675254836552445,0.153682449710433,25.8414761875775
7.72400793650794,0.574361379269359,0.675214126109338,0.153608954026909,25.8418173287594
7.72410714285714,0.574314097608857,0.675173413002365,0.153535493561109,25.8421584360249
7.72420634920635,0.574266820685357,0.675132697234514,0.153462068296195,25.8424995093799
7.72430555555556,0.574219548498037,0.675091978808777,0.153388678215338,25.8428405488307
7.72440476190476,0.574172281046074,0.675051257728142,0.153315323301714,25.8431815543832
7.72450396825397,0.574125018328646,0.675010533995597,0.153242003538505,25.8435225260436
7.72460317460317,0.574077760344933,0.674969807614127,0.153168718908899,25.8438634638178
7.72470238095238,0.574030507094114,0.674929078586718,0.153095469396093,25.844204367712
7.72480158730159,0.573983258575366,0.674888346916353,0.153022254983287,25.8445452377321
7.72490079365079,0.57393601478787,0.674847612606015,0.15294907565369,25.8448860738843
7.725,0.573888775730807,0.674806875658685,0.152875931390514,25.8452268761746
7.72509920634921,0.573841541403356,0.674766136077343,0.152802822176981,25.845567644609
7.72519841269841,0.573794311804697,0.674725393864967,0.152729747996316,25.8459083791936
7.72529761904762,0.573747086934012,0.674684649024536,0.152656708831752,25.8462490799344
7.72539682539682,0.573699866790482,0.674643901559024,0.152583704666529,25.8465897468375
7.72549603174603,0.573652651373289,0.674603151471406,0.152510735483891,25.846930379909
7.72559523809524,0.573605440681615,0.674562398764657,0.15243780126709,25.8472709791548
7.72569444444444,0.573558234714642,0.674521643441749,0.152364901999385,25.847611544581
7.72579365079365,0.573511033471553,0.674480885505653,0.15229203766404,25.8479520761936
7.72589285714286,0.573463836951531,0.674440124959338,0.152219208244324,25.8482925739987
7.72599206349206,0.573416645153759,0.674399361805773,0.152146413723514,25.8486330380023
7.72609126984127,0.573369458077422,0.674358596047925,0.152073654084894,25.8489734682105
7.72619047619048,0.573322275721703,0.67431782768876,0.152000929311753,25.8493138646292
7.72628968253968,0.573275098085786,0.674277056731243,0.151928239387386,25.8496542272646
7.72638888888889,0.573227925168856,0.674236283178338,0.151855584295094,25.8499945561226
7.72648809523809,0.5731807569701,0.674195507033006,0.151782964018187,25.8503348512092
7.7265873015873,0.573133593488701,0.674154728298208,0.151710378539979,25.8506751125305
7.72668650793651,0.573086434723846,0.674113946976905,0.15163782784379,25.8510153400925
7.72678571428571,0.573039280674721,0.674073163072054,0.151565311912946,25.8513555339012
7.72688492063492,0.572992131340512,0.674032376586613,0.151492830730783,25.8516956939626
7.72698412698413,0.572944986720407,0.673991587523536,0.151420384280637,25.8520358202828
7.72708333333333,0.572897846813592,0.673950795885781,0.151347972545856,25.8523759128678
7.72718253968254,0.572850711619256,0.673910001676298,0.151275595509793,25.8527159717236
7.72728174603175,0.572803581136585,0.673869204898041,0.151203253155804,25.8530559968561
7.72738095238095,0.572756455364769,0.673828405553961,0.151130945467255,25.8533959882715
7.72748015873016,0.572709334302996,0.673787603647006,0.151058672427516,25.8537359459756
7.72757936507937,0.572662217950455,0.673746799180125,0.150986434019966,25.8540758699746
7.72767857142857,0.572615106306335,0.673705992156266,0.150914230227986,25.8544157602744
7.72777777777778,0.572567999369825,0.673665182578373,0.150842061034967,25.854755616881
7.72787698412698,0.572520897140116,0.673624370449391,0.150769926424306,25.8550954398005
7.72797619047619,0.572473799616399,0.673583555772264,0.150697826379403,25.8554352290388
7.7280753968254,0.572426706797862,0.673542738549933,0.150625760883668,25.8557749846019
7.7281746031746,0.572379618683699,0.673501918785339,0.150553729920516,25.8561147064958
7.72827380952381,0.5723325352731,0.673461096481422,0.150481733473368,25.8564543947266
7.72837301587302,0.572285456565256,0.67342027164112,0.150409771525651,25.8567940493001
7.72847222222222,0.57223838255936,0.673379444267369,0.150337844060798,25.8571336702225
7.72857142857143,0.572191313254604,0.673338614363105,0.15026595106225,25.8574732574996
7.72867063492064,0.572144248650182,0.673297781931263,0.150194092513454,25.8578128111375
7.72876984126984,0.572097188745285,0.673256946974775,0.150122268397861,25.8581523311422
7.72886904761905,0.572050133539108,0.673216109496574,0.150050478698931,25.8584918175196
7.72896825396825,0.572003083030844,0.67317526949959,0.149978723400129,25.8588312702757
7.72906746031746,0.571956037219688,0.673134426986753,0.149907002484925,25.8591706894166
7.72916666666667,0.571908996104834,0.673093581960989,0.149835315936798,25.8595100749481
7.72926587301587,0.571861959685476,0.673052734425227,0.149763663739231,25.8598494268763
7.72936507936508,0.57181492796081,0.673011884382391,0.149692045875715,25.8601887452072
7.72946428571429,0.571767900930031,0.672971031835407,0.149620462329747,25.8605280299466
7.72956349206349,0.571720878592336,0.672930176787196,0.149548913084828,25.8608672811007
7.7296626984127,0.57167386094692,0.67288931924068,0.149477398124468,25.8612064986752
7.7297619047619,0.57162684799298,0.672848459198781,0.149405917432183,25.8615456826764
7.72986111111111,0.571579839729713,0.672807596664416,0.149334470991493,25.86188483311
7.72996031746032,0.571532836156316,0.672766731640504,0.149263058785926,25.862223949982
7.73005952380952,0.571485837271987,0.672725864129963,0.149191680799019,25.8625630332985
7.73015873015873,0.571438843075923,0.672684994135706,0.149120337014309,25.8629020830653
7.73025793650794,0.571391853567324,0.672644121660649,0.149049027415345,25.8632410992885
7.73035714285714,0.571344868745387,0.672603246707703,0.14897775198568,25.863580081974
7.73045634920635,0.571297888609311,0.672562369279782,0.148906510708871,25.8639190311278
7.73055555555556,0.571250913158297,0.672521489379794,0.148835303568486,25.8642579467557
7.73065476190476,0.571203942391543,0.672480607010649,0.148764130548095,25.8645968288638
7.73075396825397,0.571156976308249,0.672439722175255,0.148692991631277,25.8649356774581
7.73085317460317,0.571110014907616,0.672398834876519,0.148621886801617,25.8652744925443
7.73095238095238,0.571063058188845,0.672357945117344,0.148550816042705,25.8656132741286
7.73105158730159,0.571016106151137,0.672317052900637,0.148479779338138,25.8659520222169
7.73115079365079,0.570969158793693,0.672276158229299,0.148408776671519,25.866290736815
7.73125,0.570922216115714,0.672235261106232,0.148337808026458,25.866629417929
7.73134920634921,0.570875278116403,0.672194361534335,0.148266873386571,25.8669680655648
7.73144841269841,0.570828344794962,0.672153459516508,0.148195972735478,25.8673066797283
7.73154761904762,0.570781416150595,0.672112555055649,0.14812510605681,25.8676452604255
7.73164682539683,0.570734492182504,0.672071648154655,0.148054273334201,25.8679838076622
7.73174603174603,0.570687572889892,0.672030738816419,0.147983474551291,25.8683223214445
7.73184523809524,0.570640658271964,0.671989827043836,0.147912709691728,25.8686608017783
7.73194444444444,0.570593748327924,0.671948912839799,0.147841978739166,25.8689992486694
7.73204365079365,0.570546843056976,0.671907996207199,0.147771281677263,25.8693376621238
7.73214285714286,0.570499942458325,0.671867077148926,0.147700618489687,25.8696760421475
7.73224206349206,0.570453046531176,0.671826155667869,0.147629989160109,25.8700143887464
7.73234126984127,0.570406155274735,0.671785231766915,0.147559393672208,25.8703527019264
7.73244047619048,0.570359268688208,0.671744305448951,0.147488832009669,25.8706909816934
7.73253968253968,0.5703123867708,0.671703376716862,0.147418304156182,25.8710292280533
7.73263888888889,0.570265509521719,0.671662445573531,0.147347810095446,25.8713674410121
7.7327380952381,0.570218636940172,0.671621512021842,0.147277349811165,25.8717056205757
7.7328373015873,0.570171769025365,0.671580576064674,0.147206923287047,25.8720437667499
7.73293650793651,0.570124905776506,0.671539637704909,0.147136530506809,25.8723818795408
7.73303571428572,0.570078047192804,0.671498696945424,0.147066171454175,25.8727199589542
7.73313492063492,0.570031193273466,0.671457753789098,0.146995846112872,25.873058004996
7.73323412698413,0.569984344017702,0.671416808238807,0.146925554466637,25.8733960176721
7.73333333333333,0.56993749942472,0.671375860297424,0.146855296499209,25.8737339969885
7.73343253968254,0.56989065949373,0.671334909967825,0.146785072194338,25.874071942951
7.73353174603175,0.569843824223941,0.671293957252881,0.146714881535777,25.8744098555655
7.73363095238095,0.569796993614564,0.671253002155464,0.146644724507285,25.874747734838
7.73373015873016,0.569750167664808,0.671212044678443,0.146574601092631,25.8750855807744
7.73382936507937,0.569703346373885,0.671171084824688,0.146504511275586,25.8754233933805
7.73392857142857,0.569656529741005,0.671130122597064,0.146434455039929,25.8757611726622
7.73402777777778,0.569609717765381,0.671089157998438,0.146364432369446,25.8760989186254
7.73412698412698,0.569562910446223,0.671048191031676,0.146294443247929,25.8764366312761
7.73422619047619,0.569516107782745,0.671007221699641,0.146224487659175,25.8767743106201
7.7343253968254,0.569469309774158,0.670966250005194,0.146154565586988,25.8771119566634
7.7344246031746,0.569422516419674,0.670925275951196,0.146084677015179,25.8774495694117
7.73452380952381,0.569375727718509,0.670884299540509,0.146014821927566,25.877787148871
7.73462301587302,0.569328943669874,0.67084332077599,0.14594500030797,25.8781246950471
7.73472222222222,0.569282164272984,0.670802339660495,0.145875212140221,25.878462207946
7.73482142857143,0.569235389527053,0.670761356196882,0.145805457408155,25.8787996875735
7.73492063492063,0.569188619431296,0.670720370388005,0.145735736095614,25.8791371339356
7.73501984126984,0.569141853984927,0.670679382236717,0.145666048186445,25.879474547038
7.73511904761905,0.569095093187162,0.670638391745871,0.145596393664504,25.8798119268866
7.73521825396825,0.569048337037215,0.670597398918316,0.14552677251365,25.8801492734874
7.73531746031746,0.569001585534305,0.670556403756904,0.145457184717751,25.8804865868462
7.73541666666667,0.568954838677645,0.670515406264482,0.14538763026068,25.8808238669689
7.73551587301587,0.568908096466454,0.670474406443897,0.145318109126317,25.8811611138613
7.73561507936508,0.568861358899947,0.670433404297995,0.145248621298548,25.8814983275294
7.73571428571428,0.568814625977343,0.67039239982962,0.145179166761263,25.8818355079788
7.73581349206349,0.56876789769786,0.670351393041617,0.145109745498363,25.8821726552157
7.7359126984127,0.568721174060713,0.670310383936826,0.14504035749375,25.8825097692457
7.7360119047619,0.568674455065123,0.670269372518089,0.144971002731338,25.8828468500748
7.73611111111111,0.568627740710309,0.670228358788245,0.144901681195043,25.8831838977088
7.73621031746032,0.568581030995488,0.670187342750132,0.144832392868788,25.8835209121536
7.73630952380952,0.568534325919882,0.670146324406588,0.144763137736502,25.883857893415
7.73640873015873,0.568487625482708,0.670105303760448,0.144693915782123,25.8841948414989
7.73650793650794,0.568440929683187,0.670064280814546,0.144624726989592,25.8845317564111
7.73660714285714,0.568394238520541,0.670023255571716,0.144555571342859,25.8848686381575
7.73670634920635,0.568347551993989,0.66998222803479,0.144486448825877,25.8852054867439
7.73680555555556,0.568300870102753,0.669941198206597,0.144417359422608,25.8855423021762
7.73690476190476,0.568254192846053,0.669900166089968,0.14434830311702,25.8858790844602
7.73700396825397,0.568207520223113,0.66985913168773,0.144279279893086,25.8862158336018
7.73710317460317,0.568160852233154,0.669818095002711,0.144210289734786,25.8865525496067
7.73720238095238,0.568114188875398,0.669777056037736,0.144141332626107,25.8868892324809
7.73730158730159,0.568067530149069,0.66973601479563,0.144072408551041,25.8872258822302
7.73740079365079,0.568020876053389,0.669694971279214,0.144003517493587,25.8875624988604
7.7375,0.567974226587583,0.669653925491312,0.14393465943775,25.8878990823774
7.73759920634921,0.567927581750874,0.669612877434743,0.143865834367542,25.8882356327869
7.73769841269841,0.567880941542486,0.669571827112327,0.14379704226698,25.8885721500948
7.73779761904762,0.567834305961644,0.669530774526882,0.143728283120088,25.888908634307
7.73789682539683,0.567787675007573,0.669489719681225,0.143659556910897,25.8892450854293
7.73799603174603,0.567741048679498,0.669448662578171,0.143590863623442,25.8895815034674
7.73809523809524,0.567694426976644,0.669407603220534,0.143522203241768,25.8899178884272
7.73819444444444,0.567647809898239,0.669366541611127,0.143453575749922,25.8902542403146
7.73829365079365,0.567601197443507,0.669325477752762,0.143384981131961,25.8905905591354
7.73839285714286,0.567554589611676,0.669284411648249,0.143316419371946,25.8909268448953
7.73849206349206,0.567507986401973,0.669243343300397,0.143247890453944,25.8912630976002
7.73859126984127,0.567461387813625,0.669202272712014,0.143179394362031,25.8915993172559
7.73869047619048,0.567414793845859,0.669161199885908,0.143110931080286,25.8919355038682
7.73878968253968,0.567368204497905,0.669120124824882,0.143042500592796,25.892271657443
7.73888888888889,0.567321619768989,0.669079047531741,0.142974102883654,25.892607777986
7.7389880952381,0.567275039658341,0.669037968009289,0.14290573793696,25.892943865503
7.7390873015873,0.56722846416519,0.668996886260326,0.14283740573682,25.8932799199999
7.73918650793651,0.567181893288766,0.668955802287653,0.142769106267344,25.8936159414825
7.73928571428571,0.567135327028298,0.668914716094068,0.142700839512653,25.8939519299565
7.73938492063492,0.567088765383016,0.668873627682371,0.142632605456868,25.8942878854278
7.73948412698413,0.567042208352151,0.668832537055356,0.142564404084123,25.8946238079021
7.73958333333333,0.566995655934934,0.668791444215819,0.142496235378553,25.8949596973854
7.73968253968254,0.566949108130595,0.668750349166555,0.142428099324301,25.8952955538832
7.73978174603175,0.566902564938367,0.668709251910356,0.142359995905518,25.8956313774015
7.73988095238095,0.56685602635748,0.668668152450013,0.142291925106359,25.8959671679461
7.73998015873016,0.566809492387168,0.668627050788316,0.142223886910987,25.8963029255227
7.74007936507936,0.566762963026663,0.668585946928054,0.142155881303569,25.8966386501371
7.74017857142857,0.566716438275197,0.668544840872016,0.14208790826828,25.8969743417951
7.74027777777778,0.566669918132005,0.668503732622987,0.142019967789302,25.8973100005026
7.74037698412698,0.566623402596318,0.668462622183752,0.141952059850821,25.8976456262652
7.74047619047619,0.566576891667372,0.668421509557095,0.141884184437031,25.8979812190887
7.7405753968254,0.566530385344401,0.668380394745799,0.141816341532133,25.898316778979
7.7406746031746,0.56648388362664,0.668339277752646,0.141748531120331,25.8986523059419
7.74077380952381,0.566437386513322,0.668298158580414,0.141680753185839,25.898987799983
7.74087301587302,0.566390894003685,0.668257037231883,0.141613007712874,25.8993232611082
7.74097222222222,0.566344406096962,0.668215913709831,0.141545294685663,25.8996586893232
7.74107142857143,0.566297922792391,0.668174788017034,0.141477614088435,25.8999940846339
7.74117063492063,0.566251444089208,0.668133660156266,0.14140996590543,25.9003294470459
7.74126984126984,0.566204969986648,0.668092530130301,0.141342350120889,25.9006647765652
7.74136904761905,0.566158500483951,0.668051397941912,0.141274766719064,25.9010000731973
7.74146825396825,0.566112035580352,0.66801026359387,0.14120721568421,25.9013353369481
7.74156746031746,0.566065575275089,0.667969127088945,0.141139697000591,25.9016705678234
7.74166666666667,0.566019119567401,0.667927988429906,0.141072210652475,25.9020057658289
7.74176587301587,0.565972668456526,0.667886847619519,0.141004756624137,25.9023409309703
7.74186507936508,0.565926221941702,0.667845704660551,0.140937334899858,25.9026760632535
7.74196428571429,0.56587978002217,0.667804559555767,0.140869945463927,25.9030111626842
7.74206349206349,0.565833342697168,0.667763412307931,0.140802588300638,25.9033462292681
7.7421626984127,0.565786909965936,0.667722262919805,0.14073526339429,25.903681263011
7.74226190476191,0.565740481827714,0.667681111394149,0.140667970729191,25.9040162639187
7.74236111111111,0.565694058281744,0.667639957733724,0.140600710289652,25.9043512319968
7.74246031746032,0.565647639327264,0.667598801941288,0.140533482059994,25.9046861672512
7.74255952380952,0.565601224963518,0.667557644019599,0.140466286024542,25.9050210696876
7.74265873015873,0.565554815189746,0.667516483971412,0.140399122167626,25.9053559393117
7.74275793650794,0.565508410005191,0.667475321799482,0.140331990473586,25.9056907761293
7.74285714285714,0.565462009409094,0.667434157506563,0.140264890926765,25.9060255801461
7.74295634920635,0.565415613400698,0.667392991095407,0.140197823511514,25.9063603513679
7.74305555555556,0.565369221979246,0.667351822568764,0.14013078821219,25.9066950898003
7.74315476190476,0.565322835143981,0.667310651929385,0.140063785013156,25.9070297954492
7.74325396825397,0.565276452894147,0.667269479180018,0.13999681389878,25.9073644683202
7.74335317460318,0.565230075228987,0.66722830432341,0.139929874853439,25.9076991084192
7.74345238095238,0.565183702147748,0.667187127362306,0.139862967861515,25.9080337157517
7.74355158730159,0.565137333649672,0.667145948299453,0.139796092907396,25.9083682903236
7.74365079365079,0.565090969734005,0.667104767137592,0.139729249975476,25.9087028321406
7.74375,0.565044610399992,0.667063583879466,0.139662439050156,25.9090373412084
7.74384920634921,0.564998255646878,0.667022398527816,0.139595660115843,25.9093718175328
7.74394841269841,0.564951905473911,0.666981211085381,0.139528913156951,25.9097062611193
7.74404761904762,0.564905559880336,0.6669400215549,0.139462198157899,25.9100406719739
7.74414682539683,0.5648592188654,0.66689882993911,0.139395515103112,25.9103750501021
7.74424603174603,0.564812882428351,0.666857636240746,0.139328863977023,25.9107093955097
7.74434523809524,0.564766550568434,0.666816440462543,0.139262244764071,25.9110437082025
7.74444444444444,0.564720223284899,0.666775242607234,0.1391956574487,25.9113779881861
7.74454365079365,0.564673900576994,0.666734042677551,0.139129102015361,25.9117122354662
7.74464285714286,0.564627582443966,0.666692840676225,0.139062578448511,25.9120464500486
7.74474206349206,0.564581268885065,0.666651636605986,0.138996086732614,25.912380631939
7.74484126984127,0.564534959899539,0.66661043046956,0.138929626852138,25.912714781143
7.74494047619048,0.564488655486639,0.666569222269676,0.138863198791563,25.9130488976664
7.74503968253968,0.564442355645614,0.666528012009059,0.138796802535368,25.9133829815149
7.74513888888889,0.564396060375715,0.666486799690433,0.138730438068044,25.9137170326941
7.7452380952381,0.564349769676191,0.666445585316522,0.138664105374084,25.9140510512098
7.7453373015873,0.564303483546295,0.666404368890047,0.13859780443799,25.9143850370677
7.74543650793651,0.564257201985276,0.666363150413729,0.138531535244269,25.9147189902735
7.74553571428571,0.564210924992387,0.666321929890288,0.138465297777436,25.9150529108328
7.74563492063492,0.564164652566879,0.66628070732244,0.13839909202201,25.9153867987514
7.74573412698413,0.564118384708005,0.666239482712904,0.138332917962518,25.9157206540349
7.74583333333333,0.564072121415018,0.666198256064394,0.138266775583492,25.9160544766891
7.74593253968254,0.56402586268717,0.666157027379625,0.13820066486947,25.9163882667196
7.74603174603175,0.563979608523715,0.66611579666131,0.138134585805,25.9167220241321
7.74613095238095,0.563933358923905,0.66607456391216,0.138068538374631,25.9170557489323
7.74623015873016,0.563887113886997,0.666033329134887,0.138002522562921,25.9173894411258
7.74632936507937,0.563840873412242,0.665992092332198,0.137936538354434,25.9177231007185
7.74642857142857,0.563794637498897,0.665950853506802,0.137870585733742,25.9180567277158
7.74652777777778,0.563748406146217,0.665909612661407,0.13780466468542,25.9183903221236
7.74662698412698,0.563702179353456,0.665868369798717,0.137738775194052,25.9187238839474
7.74672619047619,0.563655957119871,0.665827124921436,0.137672917244225,25.9190574131931
7.7468253968254,0.563609739444717,0.665785878032268,0.137607090820537,25.9193909098661
7.7469246031746,0.563563526327252,0.665744629133913,0.137541295907588,25.9197243739722
7.74702380952381,0.563517317766731,0.665703378229072,0.137475532489986,25.9200578055171
7.74712301587302,0.563471113762412,0.665662125320445,0.137409800552346,25.9203912045065
7.74722222222222,0.563424914313552,0.665620870410729,0.137344100079288,25.9207245709459
7.74732142857143,0.56337871941941,0.66557961350262,0.137278431055439,25.9210579048412
7.74742063492063,0.563332529079242,0.665538354598815,0.137212793465432,25.9213912061978
7.74751984126984,0.563286343292309,0.665497093702006,0.137147187293907,25.9217244750215
7.74761904761905,0.563240162057868,0.665455830814887,0.137081612525509,25.922057711318
7.74771825396825,0.563193985375179,0.665414565940149,0.13701606914489,25.9223909150928
7.74781746031746,0.563147813243501,0.665373299080482,0.136950557136707,25.9227240863518
7.74791666666667,0.563101645662095,0.665332030238576,0.136885076485626,25.9230572251004
7.74801587301587,0.56305548263022,0.665290759417118,0.136819627176318,25.9233903313444
7.74811507936508,0.563009324147137,0.665249486618795,0.13675420919346,25.9237234050894
7.74821428571429,0.562963170212107,0.665208211846291,0.136688822521735,25.924056446341
7.74831349206349,0.562917020824391,0.66516693510229,0.136623467145832,25.924389455105
7.7484126984127,0.562870875983251,0.665125656389476,0.136558143050447,25.9247224313868
7.74851190476191,0.562824735687949,0.66508437571053,0.136492850220283,25.9250553751923
7.74861111111111,0.562778599937747,0.665043093068131,0.136427588640047,25.925388286527
7.74871031746032,0.562732468731908,0.665001808464958,0.136362358294456,25.9257211653966
7.74880952380952,0.562686342069694,0.66496052190369,0.136297159168229,25.9260540118067
7.74890873015873,0.56264021995037,0.664919233387002,0.136231991246094,25.9263868257629
7.74900793650794,0.562594102373198,0.664877942917569,0.136166854512784,25.9267196072708
7.74910714285714,0.562547989337443,0.664836650498066,0.13610174895304,25.9270523563362
7.74920634920635,0.56250188084237,0.664795356131164,0.136036674551607,25.9273850729647
7.74930555555556,0.562455776887241,0.664754059819535,0.135971631293237,25.9277177571618
7.74940476190476,0.562409677471324,0.66471276156585,0.135906619162691,25.9280504089331
7.74950396825397,0.562363582593884,0.664671461372776,0.135841638144732,25.9283830282844
7.74960317460318,0.562317492254186,0.664630159242981,0.135776688224132,25.9287156152213
7.74970238095238,0.562271406451496,0.664588855179131,0.135711769385668,25.9290481697493
7.74980158730159,0.562225325185081,0.664547549183892,0.135646881614124,25.929380691874
7.74990079365079,0.562179248454207,0.664506241259927,0.13558202489429,25.9297131816012
7.75,0.562133176258142,0.664464931409898,0.135517199210963,25.9300456389364
7.75009920634921,0.562087108596153,0.664423619636466,0.135452404548944,25.9303780638852
7.75019841269841,0.562041045467508,0.664382305942292,0.135387640893044,25.9307104564533
7.75029761904762,0.561994986871476,0.664340990330033,0.135322908228077,25.9310428166462
7.75039682539682,0.561948932807324,0.664299672802348,0.135258206538865,25.9313751444696
7.75049603174603,0.561902883274322,0.664258353361893,0.135193535810235,25.931707439929
7.75059523809524,0.561856838271739,0.664217032011321,0.135128896027021,25.9320397030302
7.75069444444444,0.561810797798844,0.664175708753287,0.135064287174065,25.9323719337786
7.75079365079365,0.561764761854907,0.664134383590442,0.134999709236211,25.9327041321799
7.75089285714286,0.561718730439199,0.664093056525439,0.134935162198314,25.9330362982397
7.75099206349206,0.56167270355099,0.664051727560927,0.134870646045232,25.9333684319636
7.75109126984127,0.561626681189552,0.664010396699553,0.134806160761831,25.9337005333572
7.75119047619048,0.561580663354154,0.663969063943967,0.134741706332983,25.934032602426
7.75128968253968,0.56153465004407,0.663927729296812,0.134677282743565,25.9343646391757
7.75138888888889,0.561488641258572,0.663886392760735,0.134612889978462,25.9346966436119
7.75148809523809,0.56144263699693,0.663845054338378,0.134548528022565,25.9350286157401
7.7515873015873,0.561396637258419,0.663803714032383,0.134484196860769,25.935360555566
7.75168650793651,0.561350642042311,0.663762371845392,0.134419896477979,25.9356924630952
7.75178571428571,0.561304651347879,0.663721027780045,0.134355626859104,25.9360243383331
7.75188492063492,0.561258665174398,0.663679681838979,0.134291387989058,25.9363561812854
7.75198412698413,0.561212683521141,0.663638334024831,0.134227179852766,25.9366879919578
7.75208333333333,0.561166706387383,0.663596984340238,0.134163002435153,25.9370197703557
7.75218253968254,0.561120733772399,0.663555632787834,0.134098855721156,25.9373515164847
7.75228174603175,0.561074765675462,0.663514279370251,0.134034739695713,25.9376832303505
7.75238095238095,0.56102880209585,0.663472924090124,0.133970654343775,25.9380149119585
7.75248015873016,0.560982843032838,0.663431566950081,0.133906599650292,25.9383465613144
7.75257936507937,0.560936888485702,0.663390207952753,0.133842575600226,25.9386781784238
7.75267857142857,0.560890938453719,0.663348847100768,0.133778582178541,25.9390097632922
7.75277777777778,0.560844992936165,0.663307484396753,0.13371461937021,25.9393413159251
7.75287698412698,0.560799051932317,0.663266119843334,0.133650687160211,25.9396728363282
7.75297619047619,0.560753115441454,0.663224753443134,0.13358678553353,25.940004324507
7.7530753968254,0.560707183462853,0.663183385198778,0.133522914475156,25.9403357804671
7.7531746031746,0.560661255995791,0.663142015112887,0.133459073970088,25.940667204214
7.75327380952381,0.560615333039549,0.663100643188081,0.13339526400333,25.9409985957533
7.75337301587302,0.560569414593404,0.663059269426981,0.13333148455989,25.9413299550906
7.75347222222222,0.560523500656636,0.663017893832203,0.133267735624785,25.9416612822313
7.75357142857143,0.560477591228525,0.662976516406367,0.133204017183037,25.9419925771811
7.75367063492063,0.56043168630835,0.662935137152085,0.133140329219676,25.9423238399456
7.75376984126984,0.560385785895391,0.662893756071973,0.133076671719735,25.9426550705302
7.75386904761905,0.560339889988931,0.662852373168645,0.133013044668257,25.9429862689405
7.75396825396825,0.560293998588248,0.662810988444712,0.132949448050289,25.9433174351821
7.75406746031746,0.560248111692626,0.662769601902784,0.132885881850885,25.9436485692605
7.75416666666667,0.560202229301345,0.662728213545471,0.132822346055104,25.9439796711813
7.75426587301587,0.560156351413688,0.662686823375381,0.132758840648014,25.9443107409499
7.75436507936508,0.560110478028936,0.66264543139512,0.132695365614687,25.944641778572
7.75446428571429,0.560064609146373,0.662604037607294,0.132631920940201,25.9449727840531
7.75456349206349,0.560018744765282,0.662562642014508,0.132568506609643,25.9453037573986
7.7546626984127,0.559972884884945,0.662521244619363,0.132505122608103,25.9456346986142
7.7547619047619,0.559927029504648,0.662479845424462,0.132441768920679,25.9459656077054
7.75486111111111,0.559881178623673,0.662438444432405,0.132378445532476,25.9462964846777
7.75496031746032,0.559835332241306,0.662397041645792,0.132315152428603,25.9466273295367
7.75505952380952,0.559789490356831,0.66235563706722,0.132251889594177,25.9469581422878
7.75515873015873,0.559743652969534,0.662314230699285,0.132188657014322,25.9472889229367
7.75525793650794,0.559697820078698,0.662272822544584,0.132125454674165,25.9476196714887
7.75535714285714,0.559651991683612,0.66223141260571,0.132062282558844,25.9479503879495
7.75545634920635,0.559606167783561,0.662190000885256,0.1319991406535,25.9482810723246
7.75555555555556,0.559560348377831,0.662148587385814,0.13193602894328,25.9486117246194
7.75565476190476,0.559514533465709,0.662107172109974,0.131872947413338,25.9489423448396
7.75575396825397,0.559468723046483,0.662065755060325,0.131809896048837,25.9492729329906
7.75585317460317,0.55942291711944,0.662024336239454,0.131746874834941,25.9496034890779
7.75595238095238,0.559377115683867,0.661982915649949,0.131683883756825,25.9499340131071
7.75605158730159,0.559331318739054,0.661941493294394,0.131620922799667,25.9502645050836
7.75615079365079,0.559285526284289,0.661900069175374,0.131557991948654,25.950594965013
7.75625,0.559239738318861,0.661858643295471,0.131495091188978,25.9509253929008
7.75634920634921,0.559193954842058,0.661817215657267,0.131432220505836,25.9512557887525
7.75644841269841,0.559148175853171,0.661775786263341,0.131369379884433,25.9515861525736
7.75654761904762,0.55910240135149,0.661734355116273,0.131306569309981,25.9519164843695
7.75664682539682,0.559056631336305,0.661692922218641,0.131243788767695,25.9522467841459
7.75674603174603,0.559010865806907,0.661651487573019,0.131181038242799,25.9525770519081
7.75684523809524,0.558965104762586,0.661610051181985,0.131118317720524,25.9529072876618
7.75694444444444,0.558919348202635,0.661568613048112,0.131055627186105,25.9532374914123
7.75704365079365,0.558873596126344,0.661527173173972,0.130992966624785,25.9535676631652
7.75714285714286,0.558827848533006,0.661485731562136,0.130930336021811,25.953897802926
7.75724206349206,0.558782105421914,0.661444288215176,0.130867735362438,25.9542279107001
7.75734126984127,0.558736366792359,0.661402843135658,0.130805164631928,25.9545579864931
7.75744047619048,0.558690632643636,0.661361396326152,0.130742623815548,25.9548880303105
7.75753968253968,0.558644902975038,0.661319947789223,0.130680112898572,25.9552180421577
7.75763888888889,0.558599177785858,0.661278497527436,0.130617631866278,25.9555480220401
7.75773809523809,0.55855345707539,0.661237045543355,0.130555180703954,25.9558779699634
7.7578373015873,0.55850774084293,0.661195591839542,0.130492759396893,25.9562078859329
7.75793650793651,0.558462029087771,0.661154136418559,0.130430367930391,25.9565377699542
7.75803571428571,0.55841632180921,0.661112679282966,0.130368006289756,25.9568676220327
7.75813492063492,0.558370619006541,0.661071220435321,0.130305674460297,25.957197442174
7.75823412698413,0.55832492067906,0.661029759878181,0.130243372427332,25.9575272303834
7.75833333333333,0.558279226826064,0.660988297614103,0.130181100176186,25.9578569866664
7.75843253968254,0.558233537446849,0.660946833645642,0.130118857692189,25.9581867110285
7.75853174603175,0.558187852540713,0.660905367975351,0.130056644960676,25.9585164034753
7.75863095238095,0.558142172106952,0.660863900605783,0.129994461966991,25.9588460640121
7.75873015873016,0.558096496144864,0.660822431539489,0.129932308696482,25.9591756926444
7.75882936507937,0.558050824653747,0.660780960779018,0.129870185134505,25.9595052893777
7.75892857142857,0.558005157632899,0.660739488326919,0.129808091266422,25.9598348542174
7.75902777777778,0.55795949508162,0.66069801418574,0.129746027077599,25.960164387169
7.75912698412698,0.557913836999207,0.660656538358026,0.129683992553411,25.960493888238
7.75922619047619,0.55786818338496,0.660615060846322,0.129621987679239,25.9608233574298
7.7593253968254,0.557822534238179,0.660573581653172,0.129560012440469,25.9611527947499
7.7594246031746,0.557776889558165,0.660532100781117,0.129498066822494,25.9614822002037
7.75952380952381,0.557731249344216,0.6604906182327,0.129436150810713,25.9618115737967
7.75962301587302,0.557685613595635,0.660449134010459,0.129374264390532,25.9621409155342
7.75972222222222,0.557639982311721,0.660407648116932,0.129312407547361,25.9624702254219
7.75982142857143,0.557594355491777,0.660366160554658,0.129250580266621,25.9627995034651
7.75992063492064,0.557548733135104,0.660324671326172,0.129188782533734,25.9631287496692
7.76001984126984,0.557503115241005,0.660283180434009,0.129127014334132,25.9634579640397
7.76011904761905,0.557457501808781,0.660241687880702,0.129065275653251,25.9637871465821
7.76021825396825,0.557411892837737,0.660200193668783,0.129003566476534,25.9641162973017
7.76031746031746,0.557366288327173,0.660158697800783,0.128941886789431,25.9644454162041
7.76041666666667,0.557320688276395,0.660117200279232,0.128880236577398,25.9647745032946
7.76051587301587,0.557275092684707,0.660075701106657,0.128818615825896,25.9651035585787
7.76061507936508,0.557229501551411,0.660034200285586,0.128757024520393,25.9654325820618
7.76071428571429,0.557183914875813,0.659992697818546,0.128695462646365,25.9657615737494
7.76081349206349,0.557138332657218,0.659951193708059,0.128633930189292,25.9660905336469
7.7609126984127,0.557092754894931,0.65990968795665,0.128572427134662,25.9664194617596
7.7610119047619,0.557047181588257,0.65986818056684,0.128510953467967,25.9667483580931
7.76111111111111,0.557001612736502,0.659826671541151,0.128449509174707,25.9670772226527
7.76121031746032,0.556956048338973,0.6597851608821,0.128388094240388,25.967406055444
7.76130952380952,0.556910488394976,0.659743648592208,0.128326708650523,25.9677348564722
7.76140873015873,0.556864932903818,0.659702134673991,0.12826535239063,25.9680636257428
7.76150793650794,0.556819381864807,0.659660619129965,0.128204025446233,25.9683923632612
7.76160714285714,0.556773835277249,0.659619101962643,0.128142727802865,25.9687210690329
7.76170634920635,0.556728293140454,0.659577583174539,0.128081459446061,25.9690497430632
7.76180555555556,0.556682755453729,0.659536062768165,0.128020220361367,25.9693783853577
7.76190476190476,0.556637222216384,0.659494540746032,0.127959010534331,25.9697069959215
7.76200396825397,0.556591693427726,0.659453017110648,0.127897829950509,25.9700355747603
7.76210317460317,0.556546169087066,0.659411491864522,0.127836678595465,25.9703641218794
7.76220238095238,0.556500649193713,0.659369965010161,0.127775556454768,25.9706926372841
7.76230158730159,0.556455133746977,0.65932843655007,0.127714463513991,25.97102112098
7.76240079365079,0.556409622746169,0.659286906486754,0.127653399758717,25.9713495729724
7.7625,0.556364116190599,0.659245374822715,0.127592365174532,25.9716779932666
7.76259920634921,0.556318614079578,0.659203841560455,0.127531359747031,25.9720063818682
7.76269841269841,0.556273116412418,0.659162306702475,0.127470383461814,25.9723347387824
7.76279761904762,0.556227623188432,0.659120770251274,0.127409436304488,25.9726630640147
7.76289682539683,0.55618213440693,0.65907923220935,0.127348518260664,25.9729913575705
7.76299603174603,0.556136650067225,0.6590376925792,0.127287629315963,25.9733196194552
7.76309523809524,0.556091170168631,0.658996151363319,0.127226769456009,25.9736478496741
7.76319444444444,0.55604569471046,0.658954608564201,0.127165938666434,25.9739760482327
7.76329365079365,0.556000223692026,0.658913064184339,0.127105136932875,25.9743042151363
7.76339285714286,0.555954757112643,0.658871518226225,0.127044364240978,25.9746323503903
7.76349206349206,0.555909294971624,0.658829970692349,0.126983620576391,25.9749604540001
7.76359126984127,0.555863837268285,0.6587884215852,0.126922905924772,25.9752885259711
7.76369047619048,0.555818384001941,0.658746870907267,0.126862220271784,25.9756165663086
7.76378968253968,0.555772935171906,0.658705318661035,0.126801563603095,25.9759445750181
7.76388888888889,0.555727490777497,0.658663764848989,0.126740935904382,25.9762725521049
7.7639880952381,0.555682050818028,0.658622209473615,0.126680337161327,25.9766004975743
7.7640873015873,0.555636615292818,0.658580652537395,0.126619767359616,25.9769284114318
7.76418650793651,0.55559118420118,0.658539094042809,0.126559226484944,25.9772562936828
7.76428571428572,0.555545757542435,0.658497533992339,0.126498714523014,25.9775841443325
7.76438492063492,0.555500335315898,0.658455972388464,0.12643823145953,25.9779119633863
7.76448412698413,0.555454917520887,0.658414409233661,0.126377777280206,25.9782397508497
7.76458333333333,0.55540950415672,0.658372844530407,0.126317351970762,25.978567506728
7.76468253968254,0.555364095222716,0.658331278281176,0.126256955516924,25.9788952310265
7.76478174603175,0.555318690718193,0.658289710488444,0.126196587904423,25.9792229237506
7.76488095238095,0.555273290642471,0.658248141154681,0.126136249118998,25.9795505849057
7.76498015873016,0.555227894994868,0.658206570282361,0.126075939146393,25.9798782144971
7.76507936507937,0.555182503774704,0.658164997873952,0.126015657972359,25.9802058125302
7.76517857142857,0.5551371169813,0.658123423931925,0.125955405582653,25.9805333790102
7.76527777777778,0.555091734613976,0.658081848458745,0.125895181963039,25.9808609139427
7.76537698412698,0.555046356672053,0.658040271456881,0.125834987099286,25.9811884173329
7.76547619047619,0.555000983154852,0.657998692928796,0.125774820977171,25.9815158891862
7.7655753968254,0.554955614061694,0.657957112876955,0.125714683582475,25.9818433295078
7.7656746031746,0.554910249391901,0.657915531303819,0.125654574900986,25.9821707383033
7.76577380952381,0.554864889144796,0.657873948211851,0.125594494918501,25.9824981155778
7.76587301587302,0.554819533319701,0.657832363603511,0.125534443620821,25.9828254613368
7.76597222222222,0.554774181915938,0.657790777481257,0.125474420993751,25.9831527755856
7.76607142857143,0.554728834932832,0.657749189847546,0.125414427023106,25.9834800583294
7.76617063492063,0.554683492369705,0.657707600704836,0.125354461694707,25.9838073095738
7.76626984126984,0.554638154225882,0.65766601005558,0.125294524994378,25.9841345293239
7.76636904761905,0.554592820500686,0.657624417902233,0.125234616907953,25.9844617175852
7.76646825396825,0.554547491193443,0.657582824247246,0.12517473742127,25.9847888743629
7.76656746031746,0.554502166303477,0.657541229093072,0.125114886520174,25.9851159996623
7.76666666666667,0.554456845830113,0.65749963244216,0.125055064190518,25.9854430934889
7.76676587301587,0.554411529772678,0.657458034296958,0.124995270418157,25.9857701558479
7.76686507936508,0.554366218130497,0.657416434659914,0.124935505188957,25.9860971867447
7.76696428571428,0.554320910902896,0.657374833533474,0.124875768488787,25.9864241861846
7.76706349206349,0.554275608089203,0.657333230920083,0.124816060303524,25.9867511541728
7.7671626984127,0.554230309688743,0.657291626822184,0.124756380619049,25.9870780907148
7.7672619047619,0.554185015700845,0.65725002124222,0.124696729421254,25.9874049958158
7.76736111111111,0.554139726124837,0.657208414182632,0.124637106696033,25.9877318694811
7.76746031746032,0.554094440960045,0.657166805645859,0.124577512429287,25.9880587117161
7.76755952380952,0.5540491602058,0.65712519563434,0.124517946606924,25.988385522526
7.76765873015873,0.554003883861429,0.657083584150513,0.124458409214858,25.9887123019163
7.76775793650794,0.553958611926262,0.657041971196813,0.12439890023901,25.9890390498921
7.76785714285714,0.553913344399627,0.657000356775675,0.124339419665306,25.9893657664588
7.76795634920635,0.553868081280856,0.656958740889532,0.12427996747968,25.9896924516217
7.76805555555556,0.553822822569277,0.656917123540816,0.12422054366807,25.9900191053861
7.76815476190476,0.553777568264222,0.65687550473196,0.124161148216422,25.9903457277574
7.76825396825397,0.553732318365021,0.656833884465391,0.124101781110688,25.9906723187407
7.76835317460317,0.553687072871005,0.656792262743539,0.124042442336826,25.9909988783414
7.76845238095238,0.553641831781506,0.65675063956883,0.1239831318808,25.9913254065648
7.76855158730159,0.553596595095856,0.656709014943691,0.123923849728581,25.9916519034162
7.76865079365079,0.553551362813387,0.656667388870546,0.123864595866145,25.9919783689008
7.76875,0.553506134933432,0.656625761351818,0.123805370279477,25.9923048030241
7.76884920634921,0.553460911455323,0.65658413238993,0.123746172954565,25.9926312057911
7.76894841269841,0.553415692378394,0.656542501987302,0.123687003877405,25.9929575772074
7.76904761904762,0.553370477701978,0.656500870146354,0.123627863034,25.993283917278
7.76914682539683,0.553325267425409,0.656459236869504,0.123568750410357,25.9936102260084
7.76924603174603,0.553280061548022,0.656417602159169,0.123509665992492,25.9939365034038
7.76934523809524,0.553234860069151,0.656375966017765,0.123450609766424,25.9942627494695
7.76944444444444,0.553189662988132,0.656334328447706,0.123391581718181,25.9945889642107
7.76954365079365,0.553144470304298,0.656292689451406,0.123332581833798,25.9949151476327
7.76964285714286,0.553099282016987,0.656251049031276,0.123273610099312,25.9952412997408
7.76974206349206,0.553054098125534,0.656209407189727,0.123214666500771,25.9955674205404
7.76984126984127,0.553008918629276,0.656167763929168,0.123155751024226,25.9958935100365
7.76994047619048,0.552963743527549,0.656126119252009,0.123096863655736,25.9962195682346
7.77003968253968,0.55291857281969,0.656084473160654,0.123038004381366,25.9965455951399
7.77013888888889,0.552873406505036,0.656042825657511,0.122979173187187,25.9968715907576
7.7702380952381,0.552828244582926,0.656001176744983,0.122920370059276,25.9971975550931
7.7703373015873,0.552783087052698,0.655959526425474,0.122861594983718,25.9975234881515
7.77043650793651,0.552737933913689,0.655917874701385,0.122802847946601,25.9978493899382
7.77053571428571,0.55269278516524,0.655876221575117,0.122744128934023,25.9981752604584
7.77063492063492,0.552647640806688,0.65583456704907,0.122685437932086,25.9985010997173
7.77073412698413,0.552602500837374,0.65579291112564,0.122626774926898,25.9988269077203
7.77083333333333,0.552557365256637,0.655751253807226,0.122568139904575,25.9991526844725
7.77093253968254,0.552512234063817,0.655709595096222,0.122509532851237,25.9994784299793
7.77103174603175,0.552467107258255,0.655667934995024,0.122450953753013,25.9998041442458
7.77113095238095,0.552421984839292,0.655626273506022,0.122392402596037,26.0001298272774
7.77123015873016,0.552376866806269,0.65558461063161,0.122333879366448,26.0004554790792
7.77132936507936,0.552331753158527,0.655542946374178,0.122275384050393,26.0007810996565
7.77142857142857,0.552286643895408,0.655501280736115,0.122216916634025,26.0011066890146
7.77152777777778,0.552241539016256,0.65545961371981,0.122158477103503,26.0014322471588
7.77162698412698,0.552196438520411,0.655417945327647,0.122100065444991,26.0017577740941
7.77172619047619,0.552151342407217,0.655376275562013,0.122041681644663,26.0020832698259
7.7718253968254,0.552106250676018,0.655334604425293,0.121983325688695,26.0024087343595
7.7719246031746,0.552061163326158,0.655292931919868,0.121924997563272,26.0027341677
7.77202380952381,0.552016080356979,0.655251258048121,0.121866697254584,26.0030595698527
7.77212301587302,0.551971001767827,0.655209582812432,0.121808424748827,26.0033849408228
7.77222222222222,0.551925927558045,0.65516790621518,0.121750180032206,26.0037102806156
7.77232142857143,0.55188085772698,0.655126228258742,0.121691963090929,26.0040355892362
7.77242063492063,0.551835792273976,0.655084548945496,0.121633773911211,26.0043608666899
7.77251984126984,0.55179073119838,0.655042868277816,0.121575612479274,26.004686112982
7.77261904761905,0.551745674499536,0.655001186258076,0.121517478781347,26.0050113281176
7.77271825396825,0.551700622176792,0.65495950288865,0.121459372803664,26.005336512102
7.77281746031746,0.551655574229495,0.654917818171908,0.121401294532465,26.0056616649404
7.77291666666667,0.551610530656991,0.654876132110221,0.121343243953998,26.0059867866381
7.77301587301587,0.551565491458628,0.654834444705958,0.121285221054516,26.0063118772001
7.77311507936508,0.551520456633753,0.654792755961485,0.121227225820276,26.0066369366318
7.77321428571429,0.551475426181715,0.654751065879171,0.121169258237548,26.0069619649383
7.77331349206349,0.551430400101862,0.65470937446138,0.121111318292601,26.0072869621249
7.7734126984127,0.551385378393544,0.654667681710476,0.121053405971715,26.0076119281968
7.77351190476191,0.551340361056109,0.654625987628821,0.120995521261173,26.0079368631592
7.77361111111111,0.551295348088906,0.654584292218777,0.120937664147268,26.0082617670172
7.77371031746032,0.551250339491286,0.654542595482704,0.120879834616295,26.0085866397762
7.77380952380952,0.551205335262599,0.654500897422961,0.120822032654559,26.0089114814412
7.77390873015873,0.551160335402195,0.654459198041905,0.120764258248368,26.0092362920176
7.77400793650794,0.551115339909426,0.654417497341892,0.12070651138404,26.0095610715104
7.77410714285714,0.551070348783642,0.654375795325278,0.120648792047897,26.009885819925
7.77420634920635,0.551025362024195,0.654334091994416,0.120591100226266,26.0102105372664
7.77430555555556,0.550980379630438,0.654292387351659,0.120533435905483,26.0105352235399
7.77440476190476,0.550935401601721,0.654250681399358,0.120475799071889,26.0108598787507
7.77450396825397,0.550890427937399,0.654208974139863,0.120418189711832,26.011184502904
7.77460317460318,0.550845458636823,0.654167265575522,0.120360607811663,26.0115090960049
7.77470238095238,0.550800493699347,0.654125555708683,0.120303053357746,26.0118336580586
7.77480158730159,0.550755533124326,0.654083844541693,0.120245526336444,26.0121581890704
7.77490079365079,0.550710576911113,0.654042132076896,0.120188026734132,26.0124826890454
7.775,0.550665625059062,0.654000418316636,0.120130554537187,26.0128071579888
7.77509920634921,0.550620677567527,0.653958703263255,0.120073109731995,26.0131315959057
7.77519841269841,0.550575734435865,0.653916986919094,0.120015692304947,26.0134560028015
7.77529761904762,0.550530795663431,0.653875269286493,0.11995830224244,26.0137803786811
7.77539682539683,0.550485861249579,0.653833550367791,0.119900939530879,26.0141047235498
7.77549603174603,0.550440931193667,0.653791830165325,0.119843604156674,26.0144290374129
7.77559523809524,0.55039600549505,0.653750108681431,0.119786296106241,26.0147533202753
7.77569444444444,0.550351084153086,0.653708385918443,0.119729015366003,26.0150775721424
7.77579365079365,0.550306167167132,0.653666661878697,0.119671761922389,26.0154017930193
7.77589285714286,0.550261254536545,0.653624936564522,0.119614535761834,26.0157259829111
7.77599206349206,0.550216346260682,0.653583209978251,0.11955733687078,26.0160501418231
7.77609126984127,0.550171442338902,0.653541482122213,0.119500165235675,26.0163742697603
7.77619047619048,0.550126542770564,0.653499752998737,0.119443020842973,26.0166983667279
7.77628968253968,0.550081647555027,0.653458022610151,0.119385903679135,26.0170224327312
7.77638888888889,0.550036756691649,0.653416290958778,0.119328813730627,26.0173464677752
7.7764880952381,0.549991870179791,0.653374558046946,0.119271750983922,26.0176704718651
7.7765873015873,0.549946988018811,0.653332823876976,0.119214715425499,26.0179944450061
7.77668650793651,0.549902110208071,0.653291088451191,0.119157707041845,26.0183183872034
7.77678571428571,0.549857236746931,0.653249351771913,0.11910072581945,26.018642298462
7.77688492063492,0.549812367634752,0.65320761384146,0.119043771744813,26.0189661787871
7.77698412698413,0.549767502870895,0.65316587466215,0.118986844804438,26.0192900281838
7.77708333333333,0.549722642454721,0.653124134236302,0.118929944984837,26.0196138466574
7.77718253968254,0.549677786385594,0.65308239256623,0.118873072272525,26.019937634213
7.77728174603175,0.549632934662874,0.653040649654249,0.118816226654027,26.0202613908556
7.77738095238095,0.549588087285925,0.652998905502673,0.118759408115871,26.0205851165905
7.77748015873016,0.54954324425411,0.652957160113814,0.118702616644594,26.0209088114228
7.77757936507937,0.549498405566791,0.652915413489981,0.118645852226737,26.0212324753576
7.77767857142857,0.549453571223334,0.652873665633486,0.118589114848849,26.0215561084
7.77777777777778,0.549408741223102,0.652831916546635,0.118532404497484,26.0218797105552
7.77787698412698,0.549363915565458,0.652790166231737,0.118475721159205,26.0222032818283
7.77797619047619,0.549319094249769,0.652748414691096,0.118419064820577,26.0225268222245
7.7780753968254,0.549274277275399,0.652706661927017,0.118362435468173,26.0228503317489
7.7781746031746,0.549229464641713,0.652664907941804,0.118305833088575,26.0231738104065
7.77827380952381,0.549184656348078,0.652623152737757,0.118249257668368,26.0234972582026
7.77837301587302,0.549139852393859,0.652581396317178,0.118192709194144,26.0238206751422
7.77847222222222,0.549095052778422,0.652539638682366,0.118136187652501,26.0241440612305
7.77857142857143,0.549050257501136,0.65249787983562,0.118079693030045,26.0244674164726
7.77867063492063,0.549005466561366,0.652456119779235,0.118023225313388,26.0247907408736
7.77876984126984,0.548960679958481,0.652414358515508,0.117966784489145,26.0251140344386
7.77886904761905,0.548915897690585,0.652372596047027,0.117910370545009,26.0254372971731
7.77896825396825,0.548871119746846,0.652330832378384,0.117853983476633,26.0257605290844
7.77906746031746,0.548826346124343,0.652289067512205,0.117797623273668,26.0260837301781
7.77916666666667,0.548781576822375,0.652247301450592,0.117741289923959,26.0264069004589
7.77926587301587,0.548736811840239,0.652205534195641,0.117684983415353,26.0267300399318
7.77936507936508,0.54869205117723,0.652163765749452,0.117628703735702,26.0270531486016
7.77946428571429,0.548647294832646,0.65212199611412,0.117572450872861,26.0273762264731
7.77956349206349,0.548602542805785,0.652080225291743,0.11751622481469,26.0276992735512
7.7796626984127,0.548557795095943,0.652038453284415,0.117460025549051,26.0280222898408
7.77976190476191,0.54851305170242,0.651996680094233,0.117403853063811,26.0283452753468
7.77986111111111,0.548468312624512,0.651954905723289,0.117347707346843,26.0286682300739
7.77996031746032,0.548423577861517,0.651913130173677,0.11729158838602,26.0289911540271
7.78005952380952,0.548378847412734,0.65187135344749,0.117235496169221,26.0293140472111
7.78015873015873,0.548334121277462,0.65182957554682,0.117179430684328,26.0296369096309
7.78025793650794,0.548289399454999,0.651787796473756,0.117123391919229,26.0299597412913
7.78035714285714,0.548244681944643,0.651746016230391,0.117067379861814,26.0302825421972
7.78045634920635,0.548199968745694,0.651704234818813,0.117011394499976,26.0306053123534
7.78055555555556,0.548155259857451,0.65166245224111,0.116955435821613,26.0309280517647
7.78065476190476,0.548110555279213,0.651620668499371,0.116899503814629,26.031250760436
7.78075396825397,0.548065855010281,0.651578883595684,0.116843598466928,26.0315734383721
7.78085317460318,0.548021159049953,0.651537097532134,0.116787719766421,26.0318960855779
7.78095238095238,0.547976467397529,0.651495310310807,0.116731867701021,26.0322187020583
7.78105158730159,0.547931780052311,0.651453521933788,0.116676042258645,26.032541287818
7.78115079365079,0.547887097013597,0.651411732403162,0.116620243427215,26.0328638428619
7.78125,0.547842418280689,0.651369941721012,0.116564471194656,26.0331863671949
7.78134920634921,0.547797743852887,0.65132814988942,0.116508725548897,26.0335088608218
7.78144841269841,0.547753073729491,0.651286356910468,0.116453006477872,26.0338313237474
7.78154761904762,0.547708407909804,0.651244562786237,0.116397313969516,26.0341537559766
7.78164682539682,0.547663746393126,0.651202767518808,0.116341648011771,26.0344761575142
7.78174603174603,0.547619089178759,0.65116097111026,0.116286008592582,26.034798528365
7.78184523809524,0.547574436266004,0.651119173562673,0.116230395699897,26.0351208685339
7.78194444444444,0.547529787654163,0.651077374878123,0.116174809321667,26.0354431780257
7.78204365079365,0.547485143342538,0.651035575058689,0.11611924944585,26.0357654568453
7.78214285714286,0.547440503330431,0.650993774106447,0.116063716060406,26.0360877049974
7.78224206349206,0.547395867617144,0.650951972023473,0.116008209153299,26.0364099224869
7.78234126984127,0.547351236201981,0.650910168811842,0.115952728712496,26.0367321093186
7.78244047619048,0.547306609084243,0.650868364473628,0.11589727472597,26.0370542654974
7.78253968253968,0.547261986263234,0.650826559010904,0.115841847181695,26.0373763910281
7.78263888888889,0.547217367738257,0.650784752425744,0.115786446067652,26.0376984859155
7.78273809523809,0.547172753508614,0.65074294472022,0.115731071371824,26.0380205501644
7.7828373015873,0.54712814357361,0.650701135896401,0.115675723082199,26.0383425837797
7.78293650793651,0.547083537932548,0.65065932595636,0.115620401186767,26.0386645867662
7.78303571428571,0.547038936584731,0.650617514902165,0.115565105673523,26.0389865591286
7.78313492063492,0.546994339529465,0.650575702735886,0.115509836530466,26.0393085008719
7.78323412698413,0.546949746766052,0.650533889459591,0.1154545937456,26.0396304120008
7.78333333333333,0.546905158293798,0.650492075075347,0.11539937730693,26.0399522925201
7.78343253968254,0.546860574112007,0.650450259585221,0.115344187202468,26.0402741424348
7.78353174603175,0.546815994219983,0.650408442991278,0.115289023420226,26.0405959617495
7.78363095238095,0.546771418617031,0.650366625295584,0.115233885948226,26.0409177504691
7.78373015873016,0.546726847302458,0.650324806500204,0.115178774774488,26.0412395085984
7.78382936507937,0.546682280275568,0.6502829866072,0.115123689887038,26.0415612361423
7.78392857142857,0.546637717535666,0.650241165618636,0.115068631273906,26.0418829331054
7.78402777777778,0.546593159082058,0.650199343536574,0.115013598923127,26.0422045994928
7.78412698412698,0.54654860491405,0.650157520363075,0.114958592822737,26.0425262353091
7.78422619047619,0.546504055030949,0.650115696100199,0.114903612960779,26.0428478405591
7.7843253968254,0.546459509432059,0.650073870750007,0.114848659325297,26.0431694152477
7.7844246031746,0.546414968116689,0.650032044314557,0.114793731904342,26.0434909593797
7.78452380952381,0.546370431084143,0.649990216795908,0.114738830685966,26.0438124729599
7.78462301587302,0.546325898333729,0.649948388196116,0.114683955658226,26.044133955993
7.78472222222222,0.546281369864755,0.64990655851724,0.114629106809184,26.0444554084839
7.78482142857143,0.546236845676527,0.649864727761335,0.114574284126903,26.0447768304374
7.78492063492063,0.546192325768352,0.649822895930456,0.114519487599454,26.0450982218583
7.78501984126984,0.546147810139537,0.649781063026657,0.114464717214908,26.0454195827514
7.78511904761905,0.546103298789392,0.649739229051993,0.114409972961342,26.0457409131215
7.78521825396825,0.546058791717223,0.649697394008516,0.114355254826837,26.0460622129733
7.78531746031746,0.546014288922339,0.649655557898279,0.114300562799476,26.0463834823117
7.78541666666667,0.545969790404048,0.649613720723332,0.114245896867348,26.0467047211415
7.78551587301587,0.545925296161658,0.649571882485727,0.114191257018545,26.0470259294675
7.78561507936508,0.545880806194479,0.649530043187513,0.114136643241162,26.0473471072944
7.78571428571429,0.545836320501818,0.64948820283074,0.114082055523299,26.047668254627
7.78581349206349,0.545791839082985,0.649446361417455,0.114027493853061,26.0479893714702
7.7859126984127,0.545747361937288,0.649404518949707,0.113972958218553,26.0483104578287
7.7860119047619,0.545702889064039,0.649362675429543,0.113918448607889,26.0486315137073
7.78611111111111,0.545658420462545,0.649320830859008,0.113863965009182,26.0489525391108
7.78621031746032,0.545613956132116,0.649278985240147,0.113809507410553,26.049273534044
7.78630952380952,0.545569496072064,0.649237138575006,0.113755075800124,26.0495944985117
7.78640873015873,0.545525040281696,0.649195290865628,0.113700670166022,26.0499154325186
7.78650793650794,0.545480588760325,0.649153442114055,0.113646290496377,26.0502363360696
7.78660714285714,0.54543614150726,0.649111592322332,0.113591936779325,26.0505572091694
7.78670634920635,0.545391698521812,0.649069741492498,0.113537609003004,26.0508780518228
7.78680555555556,0.545347259803293,0.649027889626596,0.113483307155557,26.0511988640345
7.78690476190476,0.545302825351012,0.648986036726663,0.113429031225129,26.0515196458094
7.78700396825397,0.545258395164282,0.648944182794741,0.113374781199871,26.0518403971523
7.78710317460317,0.545213969242413,0.648902327832867,0.113320557067937,26.0521611180678
7.78720238095238,0.545169547584718,0.648860471843079,0.113266358817484,26.0524818085608
7.78730158730159,0.545125130190507,0.648818614827414,0.113212186436675,26.0528024686361
7.78740079365079,0.545080717059093,0.648776756787909,0.113158039913675,26.0531230982984
7.7875,0.545036308189789,0.648734897726598,0.113103919236654,26.0534436975525
7.78759920634921,0.544991903581906,0.648693037645516,0.113049824393785,26.0537642664032
7.78769841269841,0.544947503234757,0.648651176546698,0.112995755373246,26.0540848048553
7.78779761904762,0.544903107147654,0.648609314432176,0.112941712163217,26.0544053129134
7.78789682539682,0.544858715319911,0.648567451303982,0.112887694751884,26.0547257905824
7.78799603174603,0.54481432775084,0.648525587164149,0.112833703127435,26.055046237867
7.78809523809524,0.544769944439755,0.648483722014707,0.112779737278064,26.0553666547721
7.78819444444444,0.54472556538597,0.648441855857686,0.112725797191967,26.0556870413023
7.78829365079365,0.544681190588798,0.648399988695116,0.112671882857344,26.0560073974625
7.78839285714286,0.544636820047552,0.648358120529025,0.112617994262401,26.0563277232573
7.78849206349206,0.544592453761547,0.648316251361441,0.112564131395346,26.0566480186916
7.78859126984127,0.544548091730097,0.648274381194391,0.11251029424439,26.0569682837701
7.78869047619048,0.544503733952517,0.648232510029902,0.112456482797749,26.0572885184976
7.78878968253968,0.54445938042812,0.648190637869998,0.112402697043644,26.0576087228789
7.78888888888889,0.544415031156222,0.648148764716705,0.112348936970299,26.0579288969186
7.78898809523809,0.544370686136137,0.648106890572047,0.112295202565941,26.0582490406215
7.7890873015873,0.544326345367181,0.648065015438046,0.112241493818802,26.0585691539925
7.78918650793651,0.544282008848668,0.648023139316726,0.112187810717117,26.0588892370362
7.78928571428571,0.544237676579916,0.647981262210107,0.112134153249126,26.0592092897573
7.78938492063492,0.544193348560238,0.647939384120212,0.112080521403072,26.0595293121608
7.78948412698413,0.54414902478895,0.647897505049059,0.1120269151672,26.0598493042512
7.78958333333333,0.54410470526537,0.64785562499867,0.111973334529765,26.0601692660334
7.78968253968254,0.544060389988813,0.647813743971061,0.111919779479019,26.0604891975121
7.78978174603175,0.544016078958595,0.647771861968252,0.111866250003222,26.060809098692
7.78988095238095,0.543971772174034,0.647729978992259,0.111812746090636,26.0611289695779
7.78998015873016,0.543927469634446,0.647688095045099,0.111759267729527,26.0614488101746
7.79007936507937,0.543883171339147,0.647646210128788,0.111705814908167,26.0617686204867
7.79017857142857,0.543838877287456,0.647604324245339,0.111652387614828,26.062088400519
7.79027777777778,0.543794587478688,0.647562437396768,0.11159898583779,26.0624081502763
7.79037698412698,0.543750301912163,0.647520549585087,0.111545609565335,26.0627278697633
7.79047619047619,0.543706020587197,0.64747866081231,0.111492258785747,26.0630475589847
7.7905753968254,0.543661743503109,0.647436771080448,0.111438933487318,26.0633672179453
7.7906746031746,0.543617470659216,0.647394880391511,0.11138563365834,26.0636868466498
7.79077380952381,0.543573202054837,0.647352988747511,0.111332359287111,26.0640064451029
7.79087301587302,0.54352893768929,0.647311096150457,0.111279110361933,26.0643260133095
7.79097222222222,0.543484677561893,0.647269202602357,0.11122588687111,26.0646455512741
7.79107142857143,0.543440421671967,0.647227308105221,0.111172688802953,26.0649650590016
7.79117063492064,0.543396170018829,0.647185412661054,0.111119516145773,26.0652845364966
7.79126984126984,0.543351922601799,0.647143516271864,0.111066368887889,26.065603983764
7.79136904761905,0.543307679420196,0.647101618939656,0.11101324701762,26.0659234008083
7.79146825396825,0.54326344047334,0.647059720666435,0.110960150523291,26.0662427876345
7.79156746031746,0.54321920576055,0.647017821454205,0.110907079393231,26.0665621442471
7.79166666666667,0.543174975281146,0.64697592130497,0.110854033615773,26.066881470651
7.79176587301587,0.54313074903445,0.646934020220732,0.110801013179252,26.0672007668508
7.79186507936508,0.543086527019779,0.646892118203494,0.110748018072009,26.0675200328512
7.79196428571429,0.543042309236457,0.646850215255256,0.110695048282387,26.067839268657
7.79206349206349,0.542998095683802,0.646808311378019,0.110642103798735,26.0681584742729
7.7921626984127,0.542953886361135,0.646766406573783,0.110589184609405,26.0684776497037
7.7922619047619,0.542909681267779,0.646724500844546,0.110536290702752,26.068796794954
7.79236111111111,0.542865480403054,0.646682594192306,0.110483422067136,26.0691159100285
7.79246031746032,0.54282128376628,0.646640686619061,0.110430578690919,26.0694349949321
7.79255952380952,0.542777091356781,0.646598778126808,0.11037776056247,26.0697540496693
7.79265873015873,0.542732903173878,0.646556868717541,0.11032496767016,26.0700730742449
7.79275793650794,0.542688719216892,0.646514958393258,0.110272200002364,26.0703920686636
7.79285714285714,0.542644539485146,0.64647304715595,0.11021945754746,26.0707110329302
7.79295634920635,0.542600363977963,0.646431135007613,0.110166740293832,26.0710299670493
7.79305555555556,0.542556192694664,0.646389221950239,0.110114048229866,26.0713488710257
7.79315476190476,0.542512025634573,0.64634730798582,0.110061381343953,26.071667744864
7.79325396825397,0.542467862797012,0.646305393116347,0.110008739624487,26.071986588569
7.79335317460317,0.542423704181304,0.646263477343811,0.109956123059867,26.0723054021454
7.79345238095238,0.542379549786773,0.646221560670201,0.109903531638495,26.0726241855979
7.79355158730159,0.542335399612742,0.646179643097506,0.109850965348776,26.0729429389311
7.79365079365079,0.542291253658534,0.646137724627715,0.109798424179122,26.0732616621499
7.79375,0.542247111923474,0.646095805262815,0.109745908117945,26.0735803552588
7.79384920634921,0.542202974406886,0.646053885004793,0.109693417153663,26.0738990182626
7.79394841269841,0.542158841108093,0.646011963855634,0.109640951274698,26.074217651166
7.79404761904762,0.54211471202642,0.645970041817324,0.109588510469477,26.0745362539738
7.79414682539683,0.542070587161191,0.645928118891847,0.109536094726427,26.0748548266905
7.79424603174603,0.542026466511732,0.645886195081188,0.109483704033982,26.0751733693208
7.79434523809524,0.541982350077368,0.645844270387328,0.10943133838058,26.0754918818696
7.79444444444444,0.541938237857422,0.645802344812249,0.109378997754661,26.0758103643415
7.79454365079365,0.541894129851221,0.645760418357934,0.10932668214467,26.0761288167411
7.79464285714286,0.541850026058091,0.645718491026363,0.109274391539056,26.0764472390732
7.79474206349206,0.541805926477356,0.645676562819515,0.109222125926271,26.0767656313424
7.79484126984127,0.541761831108342,0.64563463373937,0.109169885294772,26.0770839935535
7.79494047619048,0.541717739950376,0.645592703787906,0.10911766963302,26.0774023257112
7.79503968253968,0.541673653002784,0.645550772967101,0.109065478929479,26.07772062782
7.79513888888889,0.541629570264893,0.645508841278931,0.109013313172616,26.0780388998848
7.7952380952381,0.541585491736028,0.645466908725372,0.108961172350904,26.0783571419101
7.7953373015873,0.541541417415516,0.6454249753084,0.108909056452819,26.0786753539008
7.79543650793651,0.541497347302685,0.645383041029988,0.10885696546684,26.0789935358614
7.79553571428572,0.541453281396862,0.645341105892112,0.108804899381451,26.0793116877966
7.79563492063492,0.541409219697374,0.645299169896743,0.10875285818514,26.0796298097112
7.79573412698413,0.541365162203548,0.645257233045855,0.108700841866399,26.0799479016098
7.79583333333333,0.541321108914713,0.645215295341418,0.108648850413721,26.0802659634971
7.79593253968254,0.541277059830195,0.645173356785403,0.108596883815607,26.0805839953777
7.79603174603175,0.541233014949324,0.645131417379781,0.10854494206056,26.0809019972564
7.79613095238095,0.541188974271428,0.645089477126519,0.108493025137086,26.0812199691379
7.79623015873016,0.541144937795834,0.645047536027588,0.108441133033697,26.0815379110267
7.79632936507937,0.541100905521871,0.645005594084953,0.108389265738906,26.0818558229276
7.79642857142857,0.541056877448869,0.644963651300583,0.108337423241233,26.0821737048452
7.79652777777778,0.541012853576156,0.644921707676443,0.1082856055292,26.0824915567842
7.79662698412698,0.540968833903062,0.644879763214499,0.108233812591333,26.0828093787493
7.79672619047619,0.540924818428915,0.644837817916715,0.108182044416163,26.0831271707452
7.7968253968254,0.540880807153046,0.644795871785056,0.108130300992223,26.0834449327765
7.7969246031746,0.540836800074783,0.644753924821483,0.10807858230805,26.0837626648479
7.79702380952381,0.540792797193458,0.64471197702796,0.108026888352189,26.0840803669641
7.79712301587302,0.5407487985084,0.644670028406448,0.107975219113184,26.0843980391296
7.79722222222222,0.540704804018939,0.644628078958908,0.107923574579584,26.0847156813493
7.79732142857143,0.540660813724406,0.6445861286873,0.107871954739943,26.0850332936277
7.79742063492063,0.540616827624132,0.644544177593583,0.107820359582819,26.0853508759695
7.79751984126984,0.540572845717447,0.644502225679716,0.107768789096772,26.0856684283794
7.79761904761905,0.540528868003683,0.644460272947657,0.107717243270368,26.085985950862
7.79771825396825,0.54048489448217,0.644418319399361,0.107665722092175,26.086303443422
7.79781746031746,0.54044092515224,0.644376365036787,0.107614225550767,26.086620906064
7.79791666666667,0.540396960013225,0.644334409861888,0.10756275363472,26.0869383387928
7.79801587301587,0.540352999064456,0.64429245387662,0.107511306332614,26.0872557416129
7.79811507936508,0.540309042305265,0.644250497082937,0.107459883633035,26.087573114529
7.79821428571428,0.540265089734985,0.644208539482792,0.10740848552457,26.0878904575458
7.79831349206349,0.540221141352947,0.644166581078137,0.107357111995812,26.0882077706679
7.7984126984127,0.540177197158485,0.644124621870924,0.107305763035357,26.0885250538999
7.7985119047619,0.540133257150931,0.644082661863104,0.107254438631805,26.0888423072466
7.79861111111111,0.540089321329617,0.644040701056627,0.10720313877376,26.0891595307126
7.79871031746032,0.540045389693878,0.643998739453443,0.107151863449829,26.0894767243024
7.79880952380952,0.540001462243046,0.643956777055499,0.107100612648624,26.0897938880209
7.79890873015873,0.539957538976454,0.643914813864745,0.107049386358761,26.0901110218725
7.79900793650794,0.539913619893437,0.643872849883126,0.106998184568859,26.090428125862
7.79910714285714,0.539869704993327,0.64383088511259,0.106947007267541,26.0907451999939
7.79920634920635,0.53982579427546,0.643788919555081,0.106895854443435,26.091062244273
7.79930555555556,0.539781887739169,0.643746953212545,0.106844726085171,26.0913792587039
7.79940476190476,0.539737985383788,0.643704986086925,0.106793622181385,26.0916962432912
7.79950396825397,0.539694087208653,0.643663018180166,0.106742542720714,26.0920131980396
7.79960317460317,0.539650193213097,0.643621049494209,0.106691487691802,26.0923301229536
7.79970238095238,0.539606303396457,0.643579080030996,0.106640457083295,26.092647018038
7.79980158730159,0.539562417758066,0.643537109792468,0.106589450883844,26.0929638832973
7.79990079365079,0.539518536297259,0.643495138780565,0.106538469082103,26.0932807187362
7.8,0.539474659013374,0.643453166997228,0.10648751166673,26.0935975243594
7.80009920634921,0.539430785905745,0.643411194444394,0.106436578626387,26.0939143001714
7.80019841269841,0.539386916973708,0.643369221124002,0.10638566994974,26.094231046177
7.80029761904762,0.539343052216599,0.643327247037988,0.106334785625459,26.0945477623806
7.80039682539683,0.539299191633755,0.64328527218829,0.106283925642217,26.094864448787
7.80049603174603,0.539255335224511,0.643243296576842,0.106233089988692,26.0951811054008
7.80059523809524,0.539211482988205,0.643201320205581,0.106182278653566,26.0954977322266
7.80069444444444,0.539167634924172,0.643159343076439,0.106131491625523,26.095814329269
7.80079365079365,0.539123791031751,0.64311736519135,0.106080728893254,26.0961308965327
7.80089285714286,0.539079951310278,0.643075386552247,0.10602999044545,26.0964474340223
7.80099206349206,0.53903611575909,0.643033407161061,0.105979276270809,26.0967639417423
7.80109126984127,0.538992284377526,0.642991427019725,0.105928586358033,26.0970804196975
7.80119047619048,0.538948457164922,0.642949446130168,0.105877920695824,26.0973968678925
7.80128968253968,0.538904634120617,0.642907464494319,0.105827279272892,26.0977132863318
7.80138888888889,0.538860815243948,0.642865482114107,0.105776662077949,26.0980296750201
7.8014880952381,0.538817000534254,0.642823498991462,0.105726069099713,26.098346033962
7.8015873015873,0.538773189990873,0.642781515128309,0.105675500326903,26.0986623631621
7.80168650793651,0.538729383613145,0.642739530526575,0.105624955748242,26.098978662625
7.80178571428571,0.538685581400407,0.642697545188187,0.10557443535246,26.0992949323554
7.80188492063492,0.538641783351999,0.642655559115069,0.105523939128287,26.0996111723578
7.80198412698413,0.53859798946726,0.642613572309145,0.10547346706446,26.0999273826369
7.80208333333333,0.538554199745529,0.642571584772339,0.105423019149718,26.1002435631973
7.80218253968254,0.538510414186146,0.642529596506573,0.105372595372805,26.1005597140435
7.80228174603175,0.538466632788451,0.64248760751377,0.105322195722467,26.1008758351803
7.80238095238095,0.538422855551782,0.642445617795851,0.105271820187457,26.1011919266121
7.80248015873016,0.538379082475482,0.642403627354736,0.105221468756529,26.1015079883437
7.80257936507936,0.538335313558889,0.642361636192344,0.105171141418442,26.1018240203796
7.80267857142857,0.538291548801345,0.642319644310596,0.10512083816196,26.1021400227244
7.80277777777778,0.53824778820219,0.642277651711408,0.105070558975848,26.1024559953827
7.80287698412698,0.538204031760763,0.642235658396698,0.105020303848877,26.1027719383591
7.80297619047619,0.538160279476408,0.642193664368383,0.104970072769823,26.1030878516583
7.8030753968254,0.538116531348466,0.642151669628379,0.104919865727463,26.1034037352847
7.8031746031746,0.538072787376276,0.642109674178601,0.104869682710579,26.1037195892431
7.80327380952381,0.538029047559182,0.642067678020962,0.104819523707959,26.104035413538
7.80337301587302,0.537985311896524,0.642025681157378,0.104769388708391,26.104351208174
7.80347222222222,0.537941580387646,0.64198368358976,0.104719277700669,26.1046669731557
7.80357142857143,0.537897853031888,0.641941685320021,0.104669190673592,26.1049827084878
7.80367063492063,0.537854129828593,0.641899686350072,0.104619127615961,26.1052984141747
7.80376984126984,0.537810410777104,0.641857686681823,0.104569088516582,26.1056140902211
7.80386904761905,0.537766695876763,0.641815686317184,0.104519073364263,26.1059297366315
7.80396825396825,0.537722985126913,0.641773685258065,0.104469082147818,26.1062453534106
7.80406746031746,0.537679278526898,0.641731683506373,0.104419114856065,26.106560940563
7.80416666666667,0.53763557607606,0.641689681064015,0.104369171477824,26.1068764980932
7.80426587301587,0.537591877773744,0.6416476779329,0.104319252001921,26.1071920260059
7.80436507936508,0.537548183619291,0.641605674114932,0.104269356417183,26.1075075243056
7.80446428571429,0.537504493612047,0.641563669612016,0.104219484712444,26.1078229929968
7.80456349206349,0.537460807751356,0.641521664426059,0.10416963687654,26.1081384320842
7.8046626984127,0.537417126036561,0.641479658558962,0.104119812898312,26.1084538415724
7.80476190476191,0.537373448467008,0.641437652012629,0.104070012766604,26.1087692214659
7.80486111111111,0.537329775042039,0.641395644788962,0.104020236470264,26.1090845717694
7.80496031746032,0.537286105761001,0.641353636889862,0.103970483998145,26.1093998924873
7.80505952380952,0.537242440623238,0.641311628317231,0.103920755339101,26.1097151836243
7.80515873015873,0.537198779628095,0.641269619072967,0.103871050481993,26.110030445185
7.80525793650794,0.537155122774918,0.641227609158971,0.103821369415685,26.1103456771739
7.80535714285714,0.537111470063052,0.641185598577139,0.103771712129044,26.1106608795956
7.80545634920635,0.537067821491842,0.641143587329371,0.103722078610942,26.1109760524547
7.80555555555556,0.537024177060635,0.641101575417562,0.103672468850253,26.1112911957557
7.80565476190476,0.536980536768776,0.64105956284361,0.103622882835858,26.1116063095032
7.80575396825397,0.536936900615611,0.641017549609408,0.103573320556639,26.1119213937018
7.80585317460318,0.536893268600488,0.640975535716851,0.103523782001482,26.1122364483561
7.80595238095238,0.536849640722752,0.640933521167835,0.10347426715928,26.1125514734706
7.80605158730159,0.536806016981751,0.640891505964251,0.103424776018926,26.1128664690498
7.80615079365079,0.536762397376831,0.640849490107991,0.10337530856932,26.1131814350985
7.80625,0.53671878190734,0.640807473600948,0.103325864799363,26.113496371621
7.80634920634921,0.536675170572625,0.640765456445012,0.103276444697963,26.113811278622
7.80644841269841,0.536631563372033,0.640723438642073,0.103227048254029,26.1141261561061
7.80654761904762,0.536587960304911,0.640681420194019,0.103177675456475,26.1144410040778
7.80664682539683,0.536544361370609,0.640639401102741,0.103128326294219,26.1147558225416
7.80674603174603,0.536500766568474,0.640597381370124,0.103079000756184,26.1150706115021
7.80684523809524,0.536457175897854,0.640555360998057,0.103029698831294,26.115385370964
7.80694444444444,0.536413589358097,0.640513339988425,0.102980420508481,26.1157001009316
7.80704365079365,0.536370006948553,0.640471318343114,0.102931165776676,26.1160148014097
7.80714285714286,0.53632642866857,0.640429296064008,0.102881934624817,26.1163294724027
7.80724206349206,0.536282854517496,0.640387273152991,0.102832727041846,26.1166441139152
7.80734126984127,0.536239284494682,0.640345249611947,0.102783543016707,26.1169587259518
7.80744047619048,0.536195718599476,0.640303225442757,0.102734382538351,26.1172733085169
7.80753968253968,0.536152156831229,0.640261200647304,0.102685245595729,26.1175878616152
7.80763888888889,0.536108599189289,0.640219175227468,0.102636132177799,26.1179023852512
7.8077380952381,0.536065045673007,0.640177149185129,0.10258704227352,26.1182168794295
7.8078373015873,0.536021496281733,0.640135122522167,0.102537975871858,26.1185313441545
7.80793650793651,0.535977951014817,0.640093095240459,0.102488932961781,26.1188457794309
7.80803571428571,0.535934409871609,0.640051067341885,0.102439913532261,26.1191601852632
7.80813492063492,0.535890872851461,0.64000903882832,0.102390917572275,26.1194745616559
7.80823412698413,0.535847339953723,0.639967009701642,0.102341945070802,26.1197889086136
7.80833333333333,0.535803811177745,0.639924979963725,0.102292996016826,26.1201032261408
7.80843253968254,0.53576028652288,0.639882949616444,0.102244070399334,26.120417514242
7.80853174603175,0.535716765988479,0.639840918661674,0.10219516820732,26.1207317729218
7.80863095238095,0.535673249573893,0.639798887101288,0.102146289429778,26.1210460021848
7.80873015873016,0.535629737278474,0.639756854937157,0.102097434055707,26.1213602020354
7.80882936507937,0.535586229101573,0.639714822171154,0.102048602074111,26.1216743724782
7.80892857142857,0.535542725042544,0.63967278880515,0.101999793473997,26.1219885135178
7.80902777777778,0.535499225100739,0.639630754841014,0.101951008244376,26.1223026251586
7.80912698412698,0.535455729275509,0.639588720280617,0.101902246374264,26.1226167074052
7.80922619047619,0.535412237566208,0.639546685125827,0.101853507852678,26.1229307602622
7.8093253968254,0.535368749972188,0.639504649378511,0.101804792668641,26.123244783734
7.8094246031746,0.535325266492803,0.639462613040538,0.101756100811181,26.1235587778252
7.80952380952381,0.535281787127405,0.639420576113772,0.101707432269327,26.1238727425404
7.80962301587302,0.535238311875349,0.639378538600081,0.101658787032114,26.124186677884
7.80972222222222,0.535194840735988,0.639336500501328,0.10161016508858,26.1245005838605
7.80982142857143,0.535151373708675,0.639294461819378,0.101561566427767,26.1248144604746
7.80992063492063,0.535107910792765,0.639252422556094,0.101512991038721,26.1251283077306
7.81001984126984,0.535064451987611,0.639210382713338,0.101464438910492,26.1254421256332
7.81011904761905,0.535020997292569,0.639168342292973,0.101415910032133,26.1257559141869
7.81021825396825,0.534977546706992,0.63912630129686,0.101367404392702,26.1260696733962
7.81031746031746,0.534934100230235,0.639084259726857,0.10131892198126,26.1263834032656
7.81041666666667,0.534890657861654,0.639042217584827,0.101270462786874,26.1266971037996
7.81051587301587,0.534847219600603,0.639000174872626,0.101222026798612,26.1270107750027
7.81061507936508,0.534803785446438,0.638958131592113,0.101173614005547,26.1273244168795
7.81071428571429,0.534760355398514,0.638916087745146,0.101125224396756,26.1276380294344
7.81081349206349,0.534716929456187,0.63887404333358,0.10107685796132,26.1279516126721
7.8109126984127,0.534673507618812,0.638831998359271,0.101028514688324,26.1282651665969
7.81101190476191,0.534630089885746,0.638789952824075,0.100980194566856,26.1285786912134
7.81111111111111,0.534586676256344,0.638747906729845,0.100931897586009,26.1288921865262
7.81121031746032,0.534543266729964,0.638705860078435,0.100883623734879,26.1292056525397
7.81130952380952,0.534499861305962,0.638663812871698,0.100835373002567,26.1295190892584
7.81140873015873,0.534456459983695,0.638621765111485,0.100787145378175,26.1298324966869
7.81150793650794,0.534413062762518,0.638579716799648,0.100738940850814,26.1301458748296
7.81160714285714,0.534369669641791,0.638537667938036,0.100690759409594,26.130459223691
7.81170634920635,0.534326280620869,0.6384956185285,0.100642601043631,26.1307725432758
7.81180555555556,0.53428289569911,0.638453568572888,0.100594465742043,26.1310858335883
7.81190476190476,0.534239514875873,0.638411518073049,0.100546353493957,26.131399094633
7.81200396825397,0.534196138150515,0.63836946703083,0.100498264288499,26.1317123264145
7.81210317460318,0.534152765522394,0.638327415448077,0.100450198114799,26.1320255289373
7.81220238095238,0.534109396990868,0.638285363326636,0.100402154961993,26.1323387022058
7.81230158730159,0.534066032555296,0.638243310668352,0.100354134819221,26.1326518462246
7.81240079365079,0.534022672215036,0.63820125747507,0.100306137675624,26.1329649609982
7.8125,0.533979315969448,0.638159203748633,0.10025816352035,26.133278046531
7.81259920634921,0.533935963817889,0.638117149490883,0.100210212342549,26.1335911028275
7.81269841269841,0.53389261575972,0.638075094703664,0.100162284131376,26.1339041298923
7.81279761904762,0.533849271794299,0.638033039388815,0.100114378875989,26.1342171277298
7.81289682539682,0.533805931920987,0.637990983548177,0.100066496565551,26.1345300963445
7.81299603174603,0.533762596139142,0.637948927183591,0.100018637189228,26.1348430357409
7.81309523809524,0.533719264448125,0.637906870296895,0.0999708007361888,26.1351559459236
7.81319444444444,0.533675936847296,0.637864812889927,0.0999229871956087,26.1354688268969
7.81329365079365,0.533632613336015,0.637822754964524,0.0998751965566644,26.1357816786653
7.81339285714286,0.533589293913643,0.637780696522525,0.0998274288085388,26.1360945012335
7.81349206349206,0.53354597857954,0.637738637565763,0.0997796839404168,26.1364072946057
7.81359126984127,0.533502667333067,0.637696578096075,0.099731961941488,26.1367200587866
7.81369047619048,0.533459360173586,0.637654518115294,0.0996842628009455,26.1370327937806
7.81378968253968,0.533416057100456,0.637612457625255,0.0996365865079866,26.1373454995922
7.81388888888889,0.533372758113041,0.637570396627791,0.0995889330518123,26.1376581762259
7.81398809523809,0.5333294632107,0.637528335124732,0.0995413024216276,26.1379708236861
7.8140873015873,0.533286172392797,0.637486273117912,0.0994936946066412,26.1382834419773
7.81418650793651,0.533242885658693,0.637444210609159,0.099446109596066,26.138596031104
7.81428571428571,0.53319960300775,0.637402147600304,0.0993985473791183,26.1389085910707
7.81438492063492,0.53315632443933,0.637360084093177,0.0993510079450188,26.1392211218818
7.81448412698413,0.533113049952796,0.637318020089605,0.0993034912829916,26.1395336235419
7.81458333333333,0.533069779547511,0.637275955591416,0.0992559973822651,26.1398460960553
7.81468253968254,0.533026513222837,0.637233890600436,0.0992085262320713,26.1401585394266
7.81478174603175,0.532983250978137,0.637191825118492,0.0991610778216455,26.1404709536603
7.81488095238095,0.532939992812776,0.637149759147409,0.0991136521402289,26.1407833387607
7.81498015873016,0.532896738726116,0.637107692689012,0.0990662491770645,26.1410956947324
7.81507936507937,0.53285348871752,0.637065625745123,0.0990188689213999,26.1414080215799
7.81517857142857,0.532810242786353,0.637023558317567,0.0989715113624866,26.1417203193075
7.81527777777778,0.532767000931979,0.636981490408165,0.0989241764895799,26.1420325879199
7.81537698412698,0.532723763153762,0.636939422018738,0.0988768642919391,26.1423448274213
7.81547619047619,0.532680529451065,0.636897353151108,0.0988295747588273,26.1426570378163
7.8155753968254,0.532637299823254,0.636855283807094,0.0987823078795114,26.1429692191094
7.8156746031746,0.532594074269694,0.636813213988516,0.0987350636432624,26.143281371305
7.81577380952381,0.532550852789749,0.636771143697191,0.0986878420393549,26.1435934944076
7.81587301587302,0.532507635382784,0.636729072934938,0.0986406430570675,26.1439055884216
7.81597222222222,0.532464422048165,0.636687001703573,0.0985934666856829,26.1442176533515
7.81607142857143,0.532421212785257,0.636644930004912,0.0985463129144872,26.1445296892017
7.81617063492063,0.532378007593425,0.636602857840771,0.0984991817327709,26.1448416959767
7.81626984126984,0.532334806472036,0.636560785212964,0.0984520731298274,26.145153673681
7.81636904761905,0.532291609420456,0.636518712123305,0.0984049870949559,26.145465622319
7.81646825396825,0.53224841643805,0.636476638573608,0.0983579236174578,26.1457775418951
7.81656746031746,0.532205227524186,0.636434564565684,0.0983108826866387,26.1460894324139
7.81666666666667,0.532162042678229,0.636392490101345,0.0982638642918083,26.1464012938796
7.81676587301587,0.532118861899547,0.636350415182402,0.0982168684222802,26.1467131262969
7.81686507936508,0.532075685187507,0.636308339810664,0.0981698950673717,26.1470249296701
7.81696428571429,0.532032512541475,0.636266263987942,0.0981229442164041,26.1473367040038
7.81706349206349,0.531989343960819,0.636224187716042,0.0980760158587026,26.1476484493022
7.8171626984127,0.531946179444906,0.636182110996775,0.0980291099835962,26.14796016557
7.8172619047619,0.531903018993104,0.636140033831945,0.0979822265804178,26.1482718528114
7.81736111111111,0.531859862604781,0.63609795622336,0.0979353656385041,26.148583511031
7.81746031746032,0.531816710279305,0.636055878172824,0.0978885271471959,26.1488951402333
7.81755952380952,0.531773562016045,0.636013799682144,0.0978417110958377,26.1492067404225
7.81765873015873,0.531730417814368,0.635971720753121,0.0977949174737779,26.1495183116033
7.81775793650794,0.531687277673642,0.635929641387559,0.0977481462703681,26.14982985378
7.81785714285714,0.531644141593239,0.635887561587263,0.0977013974749659,26.150141366957
7.81795634920635,0.531601009572525,0.635845481354031,0.0976546710769306,26.1504528511388
7.81805555555556,0.53155788161087,0.635803400689666,0.0976079670656261,26.1507643063299
7.81815476190476,0.531514757707644,0.635761319595968,0.0975612854304204,26.1510757325346
7.81825396825397,0.531471637862217,0.635719238074735,0.097514626160685,26.1513871297573
7.81835317460317,0.531428522073956,0.635677156127767,0.0974679892457955,26.1516984980026
7.81845238095238,0.531385410342234,0.635635073756862,0.0974213746751314,26.1520098372749
7.81855158730159,0.531342302666419,0.635592990963815,0.097374782438076,26.1523211475785
7.81865079365079,0.531299199045883,0.635550907750425,0.0973282125240164,26.1526324289179
7.81875,0.531256099479994,0.635508824118485,0.0972816649223438,26.1529436812976
7.81884920634921,0.531213003968125,0.635466740069792,0.0972351396224531,26.1532549047219
7.81894841269841,0.531169912509646,0.635424655606139,0.0971886366137432,26.1535660991952
7.81904761904762,0.531126825103928,0.635382570729318,0.0971421558856168,26.1538772647221
7.81914682539682,0.531083741750343,0.635340485441124,0.0970956974274803,26.1541884013069
7.81924603174603,0.53104066244826,0.635298399743347,0.0970492612287438,26.154499508954
7.81934523809524,0.530997587197053,0.635256313637778,0.0970028472788227,26.1548105876679
7.81944444444444,0.530954515996092,0.635214227126209,0.0969564555671347,26.155121637453
7.81954365079365,0.530911448844751,0.635172140210427,0.0969100860831019,26.1554326583137
7.81964285714286,0.530868385742401,0.635130052892222,0.0968637388161502,26.1557436502544
7.81974206349206,0.530825326688414,0.635087965173382,0.0968174137557096,26.1560546132795
7.81984126984127,0.530782271682162,0.635045877055694,0.0967711108912136,26.1563655473934
7.81994047619048,0.530739220723019,0.635003788540944,0.0967248302121,26.1566764526006
7.82003968253968,0.530696173810358,0.634961699630918,0.0966785717078103,26.1569873289055
7.82013888888889,0.53065313094355,0.634919610327401,0.0966323353677898,26.1572981763124
7.82023809523809,0.530610092121971,0.634877520632177,0.0965861211814877,26.1576089948259
7.8203373015873,0.530567057344992,0.634835430547029,0.0965399291383571,26.1579197844502
7.82043650793651,0.530524026611988,0.63479334007374,0.0964937592278552,26.1582305451898
7.82053571428571,0.530480999922333,0.634751249214092,0.0964476114394427,26.1585412770492
7.82063492063492,0.5304379772754,0.634709157969865,0.0964014857625844,26.1588519800326
7.82073412698413,0.530394958670563,0.63466706634284,0.0963553821867483,26.1591626541446
7.82083333333333,0.530351944107197,0.634624974334797,0.0963093007014082,26.1594732993894
7.82093253968254,0.530308933584677,0.634582881947514,0.0962632412960398,26.1597839157716
7.82103174603175,0.530265927102377,0.63454078918277,0.0962172039601234,26.1600945032956
7.82113095238095,0.530222924659672,0.634498696042342,0.0961711886831432,26.1604050619656
7.82123015873016,0.530179926255937,0.634456602528006,0.0961251954545872,26.1607155917862
7.82132936507937,0.530136931890548,0.634414508641538,0.0960792242639472,26.1610260927617
7.82142857142857,0.530093941562879,0.634372414384712,0.0960332751007191,26.1613365648965
7.82152777777778,0.530050955272307,0.634330319759304,0.0959873479544025,26.161647008195
7.82162698412698,0.530007973018207,0.634288224767087,0.0959414428145009,26.1619574226616
7.82172619047619,0.529964994799956,0.634246129409832,0.0958955596705218,26.1622678083007
7.8218253968254,0.52992202061693,0.634204033689313,0.0958496985119764,26.1625781651167
7.8219246031746,0.529879050468504,0.634161937607301,0.09580385932838,26.162888493114
7.82202380952381,0.529836084354055,0.634119841165565,0.0957580421092515,26.1631987922969
7.82212301587302,0.529793122272961,0.634077744365875,0.0957122468441139,26.1635090626699
7.82222222222222,0.529750164224598,0.63403564721,0.0956664735224934,26.1638193042374
7.82232142857143,0.529707210208344,0.63399354969971,0.0956207221339219,26.1641295170037
7.82242063492064,0.529664260223575,0.63395145183677,0.0955749926679333,26.1644397009731
7.82251984126984,0.529621314269669,0.633909353622947,0.0955292851140661,26.1647498561502
7.82261904761905,0.529578372346004,0.633867255060008,0.0954835994618625,26.1650599825393
7.82271825396825,0.529535434451958,0.633825156149717,0.0954379357008688,26.1653700801448
7.82281746031746,0.529492500586908,0.633783056893839,0.0953922938206351,26.165680148971
7.82291666666667,0.529449570750234,0.633740957294137,0.0953466738107152,26.1659901890223
7.82301587301587,0.529406644941313,0.633698857352374,0.0953010756606671,26.1663002003031
7.82311507936508,0.529363723159523,0.633656757070312,0.0952554993600523,26.1666101828179
7.82321428571429,0.529320805404245,0.633614656449712,0.0952099448984366,26.1669201365708
7.82331349206349,0.529277891674856,0.633572555492335,0.0951644122653893,26.1672300615665
7.8234126984127,0.529234981970736,0.63353045419994,0.0951189014504838,26.1675399578091
7.8235119047619,0.529192076291265,0.633488352574287,0.0950734124432973,26.1678498253031
7.82361111111111,0.529149174635821,0.633446250617134,0.0950279452334108,26.1681596640529
7.82371031746032,0.529106277003784,0.633404148330238,0.0949824998104089,26.1684694740628
7.82380952380952,0.529063383394535,0.633362045715356,0.0949370761638815,26.1687792553371
7.82390873015873,0.529020493807454,0.633319942774243,0.0948916742834207,26.1690890078804
7.82400793650794,0.52897760824192,0.633277839508656,0.0948462941586231,26.1693987316969
7.82410714285714,0.528934726697315,0.633235735920349,0.0948009357790893,26.169708426791
7.82420634920635,0.528891849173018,0.633193632011074,0.0947555991344236,26.1700180931671
7.82430555555556,0.528848975668411,0.633151527782585,0.0947102842142342,26.1703277308294
7.82440476190476,0.528806106182875,0.633109423236635,0.0946649910081332,26.1706373397825
7.82450396825397,0.528763240715791,0.633067318374974,0.0946197195057367,26.1709469200307
7.82460317460317,0.528720379266539,0.633025213199353,0.0945744696966644,26.1712564715782
7.82470238095238,0.528677521834503,0.632983107711522,0.0945292415705402,26.1715659944296
7.82480158730159,0.528634668419063,0.63294100191323,0.0944840351169917,26.1718754885891
7.82490079365079,0.528591819019602,0.632898895806226,0.0944388503256504,26.172184954061
7.825,0.528548973635502,0.632856789392256,0.0943936871861517,26.1724943908499
7.82509920634921,0.528506132266144,0.632814682673068,0.0943485456881347,26.1728037989599
7.82519841269841,0.528463294910911,0.632772575650407,0.0943034258212422,26.1731131783955
7.82529761904762,0.528420461569187,0.63273046832602,0.0942583275751222,26.173422529161
7.82539682539683,0.528377632240354,0.632688360701651,0.0942132509394251,26.1737318512608
7.82549603174603,0.528334806923795,0.632646252779043,0.0941681959038056,26.1740411446992
7.82559523809524,0.528291985618893,0.632604144559939,0.0941231624579225,26.1743504094806
7.82569444444444,0.528249168325032,0.632562036046081,0.0940781505914381,26.1746596456093
7.82579365079365,0.528206355041595,0.632519927239212,0.0940331602940191,26.1749688530896
7.82589285714286,0.528163545767966,0.632477818141072,0.0939881915553355,26.175278031926
7.82599206349206,0.52812074050353,0.632435708753399,0.0939432443650616,26.1755871821227
7.82609126984127,0.528077939247669,0.632393599077935,0.0938983187128754,26.1758963036842
7.82619047619048,0.528035141999769,0.632351489116417,0.0938534145884589,26.1762053966147
7.82628968253968,0.527992348759214,0.632309378870584,0.0938085319814978,26.1765144609185
7.82638888888889,0.527949559525389,0.632267268342171,0.0937636708816817,26.1768234966002
7.8264880952381,0.527906774297678,0.632225157532914,0.0937188312787044,26.1771325036639
7.8265873015873,0.527863993075468,0.632183046444551,0.0936740131622631,26.177441482114
7.82668650793651,0.527821215858141,0.632140935078813,0.0936292165220586,26.1777504319548
7.82678571428572,0.527778442645086,0.632098823437437,0.0935844413477973,26.1780593531908
7.82688492063492,0.527735673435687,0.632056711522155,0.0935396876291876,26.1783682458261
7.82698412698413,0.52769290822933,0.6320145993347,0.0934949553559425,26.1786771098653
7.82708333333333,0.527650147025401,0.631972486876802,0.0934502445177789,26.1789859453125
7.82718253968254,0.527607389823286,0.631930374150192,0.0934055551044172,26.1792947521721
7.82728174603175,0.527564636622371,0.631888261156601,0.0933608871055823,26.1796035304485
7.82738095238095,0.527521887422044,0.631846147897759,0.0933162405110025,26.179912280146
7.82748015873016,0.52747914222169,0.631804034375392,0.0932716153104101,26.1802210012689
7.82757936507937,0.527436401020698,0.63176192059123,0.0932270114935414,26.1805296938216
7.82767857142857,0.527393663818453,0.631719806547,0.0931824290501364,26.1808383578083
7.82777777777778,0.527350930614343,0.631677692244426,0.0931378679699391,26.1811469932334
7.82787698412698,0.527308201407756,0.631635577685236,0.0930933282426974,26.1814556001013
7.82797619047619,0.52726547619808,0.631593462871153,0.093048809858163,26.1817641784162
7.8280753968254,0.527222754984701,0.631551347803902,0.0930043128060914,26.1820727281825
7.8281746031746,0.527180037767009,0.631509232485206,0.0929598370762415,26.1823812494044
7.82827380952381,0.527137324544391,0.631467116916787,0.0929153826583779,26.1826897420864
7.82837301587302,0.527094615316237,0.631425001100367,0.0928709495422673,26.1829982062327
7.82847222222222,0.527051910081934,0.631382885037667,0.0928265377176807,26.1833066418477
7.82857142857143,0.527009208840871,0.631340768730406,0.0927821471743931,26.1836150489356
7.82867063492063,0.526966511592437,0.631298652180306,0.0927377779021834,26.1839234275008
7.82876984126984,0.526923818336022,0.631256535389083,0.0926934298908343,26.1842317775476
7.82886904761905,0.526881129071015,0.631214418358456,0.0926491031301324,26.1845400990804
7.82896825396825,0.526838443796805,0.631172301090142,0.0926047976098683,26.1848483921033
7.82906746031746,0.526795762512782,0.631130183585857,0.0925605133198363,26.1851566566208
7.82916666666667,0.526753085218336,0.631088065847317,0.0925162502498347,26.1854648926372
7.82926587301587,0.526710411912857,0.631045947876237,0.0924720083896656,26.1857731001567
7.82936507936508,0.526667742595735,0.631003829674331,0.092427787729135,26.1860812791837
7.82946428571428,0.526625077266361,0.630961711243311,0.0923835882580528,26.1863894297224
7.82956349206349,0.526582415924126,0.630919592584891,0.0923394099662328,26.1866975517773
7.8296626984127,0.526539758568419,0.630877473700782,0.0922952528434919,26.1870056453525
7.8297619047619,0.526497105198633,0.630835354592696,0.092251116879653,26.1873137104524
7.82986111111111,0.526454455814158,0.630793235262343,0.0922070020645409,26.1876217470813
7.82996031746032,0.526411810414386,0.630751115711431,0.0921629083879847,26.1879297552435
7.83005952380952,0.526369168998708,0.630708995941671,0.0921188358398177,26.1882377349434
7.83015873015873,0.526326531566516,0.630666875954769,0.0920747844098769,26.1885456861851
7.83025793650794,0.526283898117202,0.630624755752433,0.0920307540880032,26.188853608973
7.83035714285714,0.526241268650159,0.630582635336369,0.0919867448640414,26.1891615033114
7.83045634920635,0.526198643164777,0.630540514708284,0.0919427567278402,26.1894693692046
7.83055555555556,0.526156021660451,0.630498393869881,0.091898789669252,26.1897772066568
7.83065476190476,0.526113404136573,0.630456272822866,0.0918548436781334,26.1900850156725
7.83075396825397,0.526070790592534,0.630414151568941,0.0918109187443446,26.1903927962558
7.83085317460317,0.52602818102773,0.63037203010981,0.0917670148577498,26.1907005484111
7.83095238095238,0.525985575441552,0.630329908447173,0.0917231320082171,26.1910082721427
7.83105158730159,0.525942973833394,0.630287786582733,0.0916792701856184,26.1913159674548
7.83115079365079,0.525900376202649,0.630245664518189,0.0916354293798289,26.1916236343517
7.83125,0.525857782548713,0.630203542255241,0.0915916095807294,26.1919312728378
7.83134920634921,0.525815192870977,0.630161419795588,0.091547810778203,26.1922388829172
7.83144841269841,0.525772607168838,0.630119297140928,0.0915040329621372,26.1925464645944
7.83154761904762,0.525730025441688,0.630077174292958,0.0914602761224231,26.1928540178735
7.83164682539683,0.525687447688924,0.630035051253376,0.0914165402489561,26.193161542759
7.83174603174603,0.525644873909938,0.629992928023875,0.0913728253316353,26.1934690392549
7.83184523809524,0.525602304104126,0.629950804606153,0.0913291313603634,26.1937765073657
7.83194444444444,0.525559738270884,0.629908681001902,0.0912854583250475,26.1940839470956
7.83204365079365,0.525517176409606,0.629866557212817,0.0912418062155982,26.1943913584489
7.83214285714286,0.525474618519688,0.62982443324059,0.0911981750219301,26.1946987414298
7.83224206349206,0.525432064600525,0.629782309086912,0.0911545647339616,26.1950060960427
7.83234126984127,0.525389514651514,0.629740184753476,0.0911109753416152,26.1953134222918
7.83244047619048,0.52534696867205,0.629698060241972,0.091067406834817,26.1956207201814
7.83253968253968,0.52530442666153,0.629655935554089,0.0910238592034972,26.1959279897157
7.83263888888889,0.525261888619349,0.629613810691516,0.0909803324375891,26.1962352308991
7.8327380952381,0.525219354544905,0.629571685655942,0.0909368265270318,26.1965424437358
7.8328373015873,0.525176824437595,0.629529560449054,0.0908933414617663,26.1968496282301
7.83293650793651,0.525134298296814,0.629487435072538,0.0908498772317385,26.1971567843862
7.83303571428571,0.525091776121961,0.629445309528081,0.0908064338268976,26.1974639122085
7.83313492063492,0.525049257912433,0.629403183817368,0.0907630112371972,26.1977710117011
7.83323412698413,0.525006743667627,0.629361057942082,0.0907196094525943,26.1980780828684
7.83333333333333,0.52496423338694,0.629318931903907,0.0906762284630503,26.1983851257146
7.83343253968254,0.524921727069771,0.629276805704527,0.09063286825853,26.1986921402439
7.83353174603175,0.524879224715518,0.629234679345624,0.0905895288290023,26.1989991264607
7.83363095238095,0.524836726323578,0.629192552828878,0.0905462101644401,26.1993060843693
7.83373015873016,0.524794231893351,0.62915042615597,0.0905029122548199,26.1996130139737
7.83382936507936,0.524751741424235,0.62910829932858,0.0904596350901223,26.1999199152784
7.83392857142857,0.524709254915628,0.629066172348388,0.0904163786603315,26.2002267882876
7.83402777777778,0.52466677236693,0.62902404521707,0.0903731429554361,26.2005336330055
7.83412698412698,0.52462429377754,0.628981917936305,0.0903299279654274,26.2008404494364
7.83422619047619,0.524581819146857,0.62893979050777,0.0902867336803027,26.2011472375845
7.8343253968254,0.52453934847428,0.62889766293314,0.0902435600900612,26.2014539974542
7.8344246031746,0.52449688175921,0.628855535214092,0.0902004071847069,26.2017607290496
7.83452380952381,0.524454419001047,0.628813407352298,0.0901572749542473,26.202067432375
7.83462301587302,0.524411960199189,0.628771279349433,0.090114163388694,26.2023741074346
7.83472222222222,0.524369505353039,0.62872915120717,0.0900710724780623,26.2026807542328
7.83482142857143,0.524327054461995,0.628687022927181,0.0900280022123717,26.2029873727737
7.83492063492063,0.524284607525459,0.628644894511138,0.0899849525816452,26.2032939630616
7.83501984126984,0.524242164542832,0.62860276596071,0.0899419235759099,26.2036005251008
7.83511904761905,0.524199725513514,0.628560637277569,0.0898989151851967,26.2039070588954
7.83521825396825,0.524157290436906,0.628518508463382,0.0898559273995405,26.2042135644498
7.83531746031746,0.524114859312411,0.628476379519819,0.0898129602089799,26.2045200417681
7.83541666666667,0.52407243213943,0.628434250448547,0.0897700136035575,26.2048264908547
7.83551587301587,0.524030008917364,0.628392121251232,0.0897270875733197,26.2051329117138
7.83561507936508,0.523987589645614,0.628349991929541,0.0896841821083162,26.2054393043495
7.83571428571429,0.523945174323585,0.62830786248514,0.0896412971986025,26.2057456687662
7.83581349206349,0.523902762950677,0.628265732919693,0.0895984328342359,26.206052004968
7.8359126984127,0.523860355526294,0.628223603234863,0.0895555890052785,26.2063583129593
7.83601190476191,0.523817952049837,0.628181473432314,0.0895127657017961,26.2066645927442
7.83611111111111,0.52377555252071,0.628139343513708,0.0894699629138584,26.206970844327
7.83621031746032,0.523733156938316,0.628097213480706,0.0894271806315389,26.2072770677119
7.83630952380952,0.523690765302058,0.62805508333497,0.0893844188449152,26.2075832629032
7.83640873015873,0.523648377611339,0.628012953078158,0.0893416775440685,26.207889429905
7.83650793650794,0.523605993865564,0.627970822711931,0.0892989567190841,26.2081955687216
7.83660714285714,0.523563614064135,0.627928692237947,0.0892562563600511,26.2085016793573
7.83670634920635,0.523521238206457,0.627886561657863,0.0892135764570625,26.2088077618162
7.83680555555556,0.523478866291933,0.627844430973336,0.089170917000215,26.2091138161026
7.83690476190476,0.523436498319969,0.627802300186024,0.0891282779796095,26.2094198422208
7.83700396825397,0.523394134289969,0.62776016929758,0.0890856593853506,26.2097258401748
7.83710317460318,0.523351774201337,0.62771803830966,0.089043061207546,26.210031809969
7.83720238095238,0.523309418053479,0.627675907223917,0.0890004834363095,26.2103377516077
7.83730158730159,0.523267065845799,0.627633776042006,0.0889579260617566,26.2106436650949
7.83740079365079,0.523224717577703,0.627591644765577,0.0889153890740074,26.2109495504349
7.8375,0.523182373248596,0.627549513396283,0.0888728724631859,26.211255407632
7.83759920634921,0.523140032857883,0.627507381935775,0.0888303762194201,26.2115612366903
7.83769841269841,0.523097696404972,0.627465250385703,0.0887879003328416,26.2118670376141
7.83779761904762,0.523055363889267,0.627423118747715,0.0887454447935862,26.2121728104076
7.83789682539683,0.523013035310174,0.627380987023461,0.0887030095917933,26.212478555075
7.83799603174603,0.522970710667101,0.627338855214588,0.0886605947176062,26.2127842716206
7.83809523809524,0.522928389959454,0.627296723322744,0.0886182001611723,26.2130899600484
7.83819444444444,0.522886073186639,0.627254591349574,0.0885758259126427,26.2133956203628
7.83829365079365,0.522843760348063,0.627212459296725,0.0885334719621724,26.213701252568
7.83839285714286,0.522801451443135,0.62717032716584,0.0884911382999203,26.2140068566681
7.83849206349206,0.522759146471259,0.627128194958564,0.0884488249160492,26.2143124326673
7.83859126984127,0.522716845431845,0.62708606267654,0.0884065318007251,26.21461798057
7.83869047619048,0.5226745483243,0.627043930321411,0.0883642589441199,26.2149235003802
7.83878968253968,0.522632255148032,0.627001797894819,0.0883220063364071,26.2152289921022
7.83888888888889,0.522589965902449,0.626959665398404,0.0882797739677653,26.2155344557402
7.8389880952381,0.522547680586958,0.626917532833806,0.0882375618283765,26.2158398912984
7.8390873015873,0.52250539920097,0.626875400202665,0.0881953699084267,26.216145298781
7.83918650793651,0.522463121743891,0.626833267506619,0.088153198198106,26.2164506781922
7.83928571428571,0.522420848215131,0.626791134747307,0.088111046687608,26.2167560295362
7.83938492063492,0.522378578614099,0.626749001926366,0.0880689153671305,26.2170613528171
7.83948412698413,0.522336312940204,0.626706869045432,0.0880268042268751,26.2173666480392
7.83958333333333,0.522294051192856,0.62666473610614,0.087984713257047,26.2176719152068
7.83968253968254,0.522251793371463,0.626622603110125,0.0879426424478558,26.2179771543239
7.83978174603175,0.522209539475436,0.626580470059023,0.0879005917895145,26.2182823653947
7.83988095238095,0.522167289504184,0.626538336954465,0.0878585612722401,26.2185875484235
7.83998015873016,0.522125043457118,0.626496203798084,0.0878165508862538,26.2188927034145
7.84007936507937,0.522082801333646,0.626454070591512,0.0877745606217796,26.2191978303718
7.84017857142857,0.522040563133182,0.626411937336381,0.0877325904690476,26.2195029292997
7.84027777777778,0.521998328855134,0.626369804034321,0.0876906404182895,26.2198080002022
7.84037698412698,0.521956098498914,0.62632767068696,0.087648710459742,26.2201130430837
7.84047619047619,0.521913872063933,0.626285537295929,0.0876068005836453,26.2204180579482
7.8405753968254,0.521871649549602,0.626243403862854,0.0875649107802437,26.2207230448001
7.8406746031746,0.521829430955332,0.626201270389364,0.0875230410397852,26.2210280036434
7.84077380952381,0.521787216280534,0.626159136877084,0.0874811913525218,26.2213329344823
7.84087301587302,0.521745005524621,0.62611700332764,0.0874393617087094,26.2216378373211
7.84097222222222,0.521702798687005,0.626074869742658,0.0873975520986076,26.2219427121638
7.84107142857143,0.521660595767097,0.626032736123761,0.0873557625124801,26.2222475590148
7.84117063492063,0.52161839676431,0.625990602472573,0.0873139929405944,26.2225523778781
7.84126984126984,0.521576201678056,0.625948468790716,0.0872722433732217,26.2228571687579
7.84136904761905,0.521534010507748,0.625906335079813,0.0872305138006374,26.2231619316585
7.84146825396825,0.521491823252799,0.625864201341485,0.0871888042131206,26.2234666665839
7.84156746031746,0.521449639912621,0.625822067577351,0.0871471146009536,26.2237713735384
7.84166666666667,0.521407460486629,0.625779933789032,0.0871054449544245,26.2240760525262
7.84176587301587,0.521365284974236,0.625737799978146,0.0870637952638235,26.2243807035513
7.84186507936508,0.521323113374855,0.625695666146312,0.0870221655194451,26.2246853266181
7.84196428571429,0.521280945687899,0.625653532295148,0.0869805557115879,26.2249899217305
7.84206349206349,0.521238781912783,0.625611398426268,0.0869389658305543,26.2252944888929
7.8421626984127,0.521196622048922,0.62556926454129,0.0868973958666504,26.2255990281094
7.84226190476191,0.521154466095729,0.625527130641828,0.0868558458101865,26.2259035393841
7.84236111111111,0.521112314052618,0.625484996729497,0.0868143156514766,26.2262080227212
7.84246031746032,0.521070165919005,0.62544286280591,0.0867728053808385,26.2265124781249
7.84255952380952,0.521028021694305,0.62540072887268,0.0867313149885941,26.2268169055994
7.84265873015873,0.520985881377932,0.62535859493142,0.0866898444650689,26.2271213051487
7.84275793650794,0.520943744969301,0.625316460983739,0.0866483938005925,26.2274256767771
7.84285714285714,0.520901612467829,0.625274327031249,0.0866069629854983,26.2277300204888
7.84295634920635,0.520859483872931,0.625232193075559,0.0865655520101235,26.2280343362878
7.84305555555556,0.520817359184022,0.625190059118278,0.0865241608648088,26.2283386241783
7.84315476190476,0.520775238400519,0.625147925161016,0.0864827895399004,26.2286428841645
7.84325396825397,0.520733121521838,0.625105791205378,0.0864414380257465,26.2289471162506
7.84335317460318,0.520691008547395,0.625063657252972,0.0864001063127,26.2292513204407
7.84345238095238,0.520648899476607,0.625021523305404,0.0863587943911175,26.2295554967389
7.84355158730159,0.520606794308891,0.624979389364278,0.0863175022513596,26.2298596451495
7.84365079365079,0.520564693043663,0.6249372554312,0.0862762298837907,26.2301637656765
7.84375,0.52052259568034,0.624895121507773,0.0862349772787791,26.2304678583241
7.84384920634921,0.52048050221834,0.624852987595599,0.086193744426697,26.2307719230964
7.84394841269841,0.520438412657081,0.624810853696281,0.0861525313179205,26.2310759599977
7.84404761904762,0.520396326995979,0.62476871981142,0.0861113379428294,26.231379969032
7.84414682539682,0.520354245234454,0.624726585942617,0.0860701642918077,26.2316839502035
7.84424603174603,0.520312167371922,0.624684452091471,0.0860290103552429,26.2319879035163
7.84434523809524,0.520270093407802,0.624642318259582,0.0859878761235267,26.2322918289746
7.84444444444444,0.520228023341513,0.624600184448548,0.0859467615870545,26.2325957265826
7.84454365079365,0.520185957172473,0.624558050659965,0.0859056667362251,26.2328995963443
7.84464285714286,0.5201438949001,0.624515916895433,0.0858645915614428,26.2332034382639
7.84474206349206,0.520101836523815,0.624473783156546,0.0858235360531141,26.2335072523455
7.84484126984127,0.520059782043035,0.624431649444899,0.0857825002016499,26.2338110385933
7.84494047619048,0.520017731457181,0.624389515762087,0.0857414839974653,26.2341147970115
7.84503968253968,0.519975684765672,0.624347382109704,0.0857004874309787,26.2344185276041
7.84513888888889,0.519933641967927,0.624305248489343,0.0856595104926128,26.2347222303752
7.84523809523809,0.519891603063366,0.624263114902595,0.0856185531727942,26.2350259053291
7.8453373015873,0.51984956805141,0.624220981351053,0.0855776154619531,26.2353295524699
7.84543650793651,0.519807536931479,0.624178847836307,0.0855366973505238,26.2356331718016
7.84553571428571,0.519765509702993,0.624136714359947,0.0854957988289444,26.2359367633284
7.84563492063492,0.519723486365373,0.624094580923562,0.0854549198876568,26.2362403270545
7.84573412698413,0.519681466918039,0.62405244752874,0.085414060517107,26.2365438629839
7.84583333333333,0.519639451360413,0.62401031417707,0.0853732207077446,26.2368473711208
7.84593253968254,0.519597439691916,0.623968180870138,0.0853324004500232,26.2371508514694
7.84603174603175,0.519555431911968,0.623926047609529,0.0852915997343999,26.2374543040337
7.84613095238095,0.519513428019993,0.62388391439683,0.0852508185513371,26.2377577288178
7.84623015873016,0.519471428015411,0.623841781233626,0.0852100568912995,26.238061125826
7.84632936507937,0.519429431897644,0.623799648121499,0.0851693147447562,26.2383644950622
7.84642857142857,0.519387439666115,0.623757515062033,0.0851285921021802,26.2386678365307
7.84652777777778,0.519345451320246,0.623715382056811,0.0850878889540485,26.2389711502355
7.84662698412698,0.519303466859458,0.623673249107414,0.0850472052908417,26.2392744361808
7.84672619047619,0.519261486283176,0.623631116215422,0.0850065411030445,26.2395776943707
7.8468253968254,0.519219509590822,0.623588983382416,0.0849658963811455,26.2398809248093
7.8469246031746,0.519177536781818,0.623546850609975,0.0849252711156369,26.2401841275007
7.84702380952381,0.519135567855589,0.623504717899677,0.0848846652970152,26.240487302449
7.84712301587302,0.519093602811556,0.6234625852531,0.0848440789157804,26.2407904496584
7.84722222222222,0.519051641649145,0.623420452671822,0.0848035119624366,26.2410935691329
7.84732142857143,0.519009684367779,0.623378320157418,0.0847629644274916,26.2413966608766
7.84742063492063,0.518967730966881,0.623336187711464,0.0847224363014573,26.2416997248938
7.84751984126984,0.518925781445876,0.623294055335533,0.0846819275748489,26.2420027611884
7.84761904761905,0.518883835804189,0.623251923031202,0.0846414382381868,26.2423057697646
7.84771825396825,0.518841894041243,0.623209790800042,0.084600968281994,26.2426087506264
7.84781746031746,0.518799956156463,0.623167658643627,0.0845605176967978,26.2429117037781
7.84791666666667,0.518758022149275,0.623125526563527,0.0845200864731293,26.2432146292237
7.84801587301587,0.518716092019104,0.623083394561313,0.0844796746015237,26.2435175269672
7.84811507936508,0.518674165765374,0.623041262638557,0.0844392820725197,26.2438203970129
7.84821428571429,0.518632243387511,0.622999130796826,0.0843989088766604,26.2441232393648
7.84831349206349,0.518590324884941,0.62295699903769,0.0843585550044923,26.2444260540269
7.8484126984127,0.518548410257089,0.622914867362717,0.0843182204465659,26.2447288410035
7.8485119047619,0.518506499503382,0.622872735773473,0.0842779051934358,26.2450316002986
7.84861111111111,0.518464592623245,0.622830604271525,0.0842376092356603,26.2453343319162
7.84871031746032,0.518422689616106,0.622788472858438,0.0841973325638015,26.2456370358606
7.84880952380952,0.51838079048139,0.622746341535778,0.0841570751684255,26.2459397121357
7.84890873015873,0.518338895218525,0.622704210305107,0.0841168370401023,26.2462423607457
7.84900793650794,0.518297003826936,0.62266207916799,0.0840766181694052,26.2465449816946
7.84910714285714,0.518255116306052,0.62261994812599,0.0840364185469129,26.2468475749866
7.84920634920635,0.5182132326553,0.622577817180667,0.0839962381632065,26.2471501406258
7.84930555555556,0.518171352874107,0.622535686333583,0.0839560770088716,26.2474526786161
7.84940476190476,0.518129476961901,0.622493555586298,0.0839159350744973,26.2477551889618
7.84950396825397,0.51808760491811,0.622451424940372,0.0838758123506769,26.2480576716669
7.84960317460317,0.518045736742161,0.622409294397362,0.0838357088280076,26.2483601267355
7.84970238095238,0.518003872433483,0.622367163958828,0.0837956244970903,26.2486625541717
7.84980158730159,0.517962011991504,0.622325033626326,0.0837555593485298,26.2489649539795
7.84990079365079,0.517920155415654,0.622282903401413,0.0837155133729349,26.249267326163
7.85,0.51787830270536,0.622240773285644,0.0836754865609182,26.2495696707264
7.85009920634921,0.517836453860051,0.622198643280574,0.0836354789030962,26.2498719876736
7.85019841269841,0.517794608879158,0.622156513387758,0.0835954903900893,26.2501742770089
7.85029761904762,0.517752767762108,0.622114383608748,0.0835555210125216,26.2504765387362
7.85039682539682,0.517710930508332,0.622072253945098,0.0835155707610214,26.2507787728596
7.85049603174603,0.517669097117259,0.622030124398359,0.08347563962622,26.2510809793832
7.85059523809524,0.51762726758832,0.621987994970082,0.0834357275987545,26.2513831583111
7.85069444444444,0.517585441920943,0.621945865661818,0.083395834669264,26.2516853096473
7.85079365079365,0.517543620114561,0.621903736475116,0.0833559608283923,26.251987433396
7.85089285714286,0.517501802168602,0.621861607411525,0.0833161060667866,26.2522895295611
7.85099206349206,0.517459988082498,0.621819478472593,0.0832762703750986,26.2525915981468
7.85109126984127,0.517418177855679,0.621777349659868,0.0832364537439834,26.2528936391572
7.85119047619048,0.517376371487577,0.621735220974895,0.0831966561641002,26.2531956525962
7.85128968253968,0.517334568977622,0.621693092419221,0.083156877626112,26.253497638468
7.85138888888889,0.517292770325246,0.62165096399439,0.0831171181206857,26.2537995967766
7.85148809523809,0.517250975529881,0.621608835701947,0.0830773776384921,26.2541015275262
7.8515873015873,0.517209184590958,0.621566707543436,0.0830376561702059,26.2544034307206
7.85168650793651,0.517167397507909,0.621524579520398,0.0829979537065055,26.2547053063641
7.85178571428571,0.517125614280166,0.621482451634377,0.0829582702380734,26.2550071544607
7.85188492063492,0.517083834907162,0.621440323886912,0.0829186057555959,26.2553089750144
7.85198412698413,0.517042059388328,0.621398196279545,0.0828789602497626,26.2556107680293
7.85208333333333,0.517000287723098,0.621356068813815,0.0828393337112686,26.2559125335095
7.85218253968254,0.516958519910905,0.621313941491261,0.0827997261308113,26.2562142714589
7.85228174603175,0.516916755951182,0.621271814313421,0.0827601374990925,26.2565159818818
7.85238095238095,0.516874995843361,0.621229687281834,0.082720567806818,26.256817664782
7.85248015873016,0.516833239586876,0.621187560398034,0.0826810170446971,26.2571193201637
7.85257936507937,0.516791487181161,0.621145433663558,0.0826414852034435,26.257420948031
7.85267857142857,0.51674973862565,0.621103307079942,0.0826019722737743,26.2577225483878
7.85277777777778,0.516707993919776,0.621061180648719,0.0825624782464109,26.2580241212382
7.85287698412698,0.516666253062973,0.621019054371423,0.0825230031120782,26.2583256665863
7.85297619047619,0.516624516054677,0.620976928249588,0.0824835468615051,26.2586271844361
7.8530753968254,0.516582782894321,0.620934802284744,0.0824441094854247,26.2589286747917
7.8531746031746,0.51654105358134,0.620892676478423,0.0824046909745734,26.2592301376572
7.85327380952381,0.516499328115169,0.620850550832156,0.0823652913196919,26.2595315730364
7.85337301587302,0.516457606495243,0.620808425347473,0.0823259105115247,26.2598329809336
7.85347222222222,0.516415888720997,0.620766300025901,0.0822865485408196,26.2601343613527
7.85357142857143,0.516374174791868,0.620724174868971,0.0822472053983298,26.2604357142978
7.85367063492064,0.516332464707289,0.620682049878209,0.0822078810748109,26.2607370397729
7.85376984126984,0.516290758466698,0.620639925055142,0.0821685755610228,26.2610383377821
7.85386904761905,0.516249056069531,0.620597800401296,0.0821292888477295,26.2613396083293
7.85396825396825,0.516207357515222,0.620555675918196,0.0820900209256987,26.2616408514187
7.85406746031746,0.516165662803209,0.620513551607366,0.0820507717857019,26.2619420670543
7.85416666666667,0.516123971932929,0.620471427470331,0.0820115414185145,26.2622432552401
7.85426587301587,0.516082284903818,0.620429303508613,0.0819723298149162,26.2625444159801
7.85436507936508,0.516040601715312,0.620387179723734,0.0819331369656898,26.2628455492784
7.85446428571429,0.51599892236685,0.620345056117216,0.0818939628616228,26.263146655139
7.85456349206349,0.515957246857867,0.620302932690579,0.0818548074935059,26.2634477335659
7.8546626984127,0.515915575187803,0.620260809445343,0.0818156708521342,26.2637487845632
7.8547619047619,0.515873907356094,0.620218686383027,0.0817765529283064,26.2640498081349
7.85486111111111,0.515832243362179,0.62017656350515,0.0817374537128249,26.264350804285
7.85496031746032,0.515790583205494,0.620134440813229,0.0816983731964959,26.2646517730175
7.85505952380952,0.515748926885479,0.620092318308781,0.0816593113701308,26.2649527143365
7.85515873015873,0.515707274401572,0.620050195993322,0.0816202682245433,26.265253628246
7.85525793650794,0.515665625753212,0.620008073868367,0.0815812437505516,26.26555451475
7.85535714285714,0.515623980939837,0.619965951935432,0.0815422379389776,26.2658553738525
7.85545634920635,0.515582339960887,0.619923830196029,0.0815032507806473,26.2661562055576
7.85555555555556,0.515540702815799,0.619881708651671,0.0814642822663904,26.2664570098692
7.85565476190476,0.515499069504015,0.619839587303871,0.0814253323870406,26.2667577867915
7.85575396825397,0.515457440024973,0.619797466154141,0.0813864011334355,26.2670585363283
7.85585317460317,0.515415814378112,0.619755345203991,0.0813474884964163,26.2673592584838
7.85595238095238,0.515374192562874,0.619713224454931,0.0813085944668284,26.2676599532619
7.85605158730159,0.515332574578697,0.61967110390847,0.081269719035521,26.2679606206666
7.85615079365079,0.515290960425022,0.619628983566117,0.081230862193347,26.268261260702
7.85625,0.51524935010129,0.619586863429379,0.0811920239311635,26.2685618733721
7.85634920634921,0.515207743606941,0.619544743499763,0.0811532042398311,26.2688624586809
7.85644841269841,0.515166140941416,0.619502623778776,0.0811144031102141,26.2691630166324
7.85654761904762,0.515124542104156,0.619460504267922,0.0810756205331821,26.2694635472305
7.85664682539683,0.515082947094602,0.619418384968708,0.0810368564996069,26.2697640504794
7.85674603174603,0.515041355912196,0.619376265882635,0.0809981110003649,26.270064526383
7.85684523809524,0.514999768556379,0.619334147011208,0.0809593840263362,26.2703649749453
7.85694444444444,0.514958185026592,0.619292028355929,0.0809206755684049,26.2706653961703
7.85704365079365,0.514916605322278,0.619249909918299,0.080881985617459,26.2709657900621
7.85714285714286,0.514875029442879,0.619207791699819,0.0808433141643902,26.2712661566246
7.85724206349206,0.514833457387838,0.61916567370199,0.0808046612000943,26.2715664958618
7.85734126984127,0.514791889156595,0.61912355592631,0.0807660267154708,26.2718668077777
7.85744047619048,0.514750324748595,0.619081438374278,0.0807274107014231,26.2721670923764
7.85753968253968,0.51470876416328,0.619039321047393,0.0806888131488587,26.2724673496618
7.85763888888889,0.514667207400093,0.61899720394715,0.0806502340486887,26.2727675796379
7.8577380952381,0.514625654458478,0.618955087075046,0.0806116733918282,26.2730677823087
7.8578373015873,0.514584105337877,0.618912970432577,0.0805731311691961,26.2733679576782
7.85793650793651,0.514542560037733,0.618870854021236,0.0805346073717148,26.2736681057504
7.85803571428572,0.514501018557493,0.61882873784252,0.0804961019903121,26.2739682265293
7.85813492063492,0.514459480896598,0.61878662189792,0.080457615015918,26.2742683200189
7.85823412698413,0.514417947054494,0.618744506188929,0.0804191464394669,26.2745683862232
7.85833333333333,0.514376417030624,0.618702390717039,0.0803806962518973,26.2748684251461
7.85843253968254,0.514334890824433,0.618660275483741,0.0803422644441514,26.2751684367917
7.85853174603175,0.514293368435365,0.618618160490524,0.0803038510071752,26.2754684211639
7.85863095238095,0.514251849862866,0.618576045738878,0.0802654559319187,26.2757683782667
7.85873015873016,0.514210335106381,0.618533931230293,0.080227079209336,26.2760683081041
7.85882936507937,0.514168824165354,0.618491816966255,0.0801887208303846,26.2763682106801
7.85892857142857,0.514127317039232,0.618449702948252,0.0801503807860261,26.2766680859987
7.85902777777778,0.51408581372746,0.61840758917777,0.0801120590672262,26.2769679340638
7.85912698412698,0.514044314229484,0.618365475656294,0.0800737556649541,26.2772677548794
7.85922619047619,0.514002818544749,0.618323362385311,0.080035470570183,26.2775675484495
7.8593253968254,0.513961326672702,0.618281249366303,0.0799972037738903,26.2778673147782
7.8594246031746,0.513919838612788,0.618239136600753,0.0799589552670563,26.2781670538692
7.85952380952381,0.513878354364457,0.618197024090146,0.0799207250406669,26.2784667657268
7.85962301587302,0.513836873927152,0.618154911835962,0.0798825130857105,26.2787664503547
7.85972222222222,0.513795397300322,0.618112799839682,0.0798443193931795,26.279066107757
7.85982142857143,0.513753924483413,0.618070688102787,0.0798061439540706,26.2793657379376
7.85992063492063,0.513712455475874,0.618028576626755,0.0797679867593842,26.2796653409006
7.86001984126984,0.51367099027715,0.617986465413067,0.0797298478001245,26.2799649166499
7.86011904761905,0.513629528886691,0.6179443544632,0.0796917270672997,26.2802644651894
7.86021825396825,0.513588071303943,0.61790224377863,0.0796536245519218,26.2805639865231
7.86031746031746,0.513546617528355,0.617860133360836,0.0796155402450067,26.2808634806551
7.86041666666667,0.513505167559375,0.617818023211291,0.0795774741375743,26.2811629475892
7.86051587301587,0.513463721396451,0.617775913331471,0.0795394262206481,26.2814623873294
7.86061507936508,0.513422279039033,0.617733803722851,0.0795013964852557,26.2817617998798
7.86071428571428,0.513380840486568,0.617691694386903,0.0794633849224287,26.2820611852441
7.86081349206349,0.513339405738506,0.617649585325101,0.0794253915232021,26.2823605434265
7.8609126984127,0.513297974794295,0.617607476538915,0.0793874162786147,26.2826598744309
7.8610119047619,0.513256547653386,0.617565368029819,0.0793494591797107,26.2829591782611
7.86111111111111,0.513215124315227,0.617523259799281,0.0793115202175363,26.2832584549213
7.86121031746032,0.513173704779269,0.617481151848771,0.0792735993831425,26.2835577044153
7.86130952380952,0.513132289044961,0.617439044179759,0.0792356966675838,26.2838569267471
7.86140873015873,0.513090877111753,0.617396936793712,0.0791978120619189,26.2841561219207
7.86150793650794,0.513049468979096,0.617354829692097,0.0791599455572103,26.28445528994
7.86160714285714,0.51300806464644,0.617312722876381,0.0791220971445242,26.2847544308089
7.86170634920635,0.512966664113236,0.617270616348031,0.0790842668149308,26.2850535445314
7.86180555555556,0.512925267378933,0.61722851010851,0.0790464545595042,26.2853526311115
7.86190476190476,0.512883874442984,0.617186404159283,0.0790086603693224,26.2856516905531
7.86200396825397,0.51284248530484,0.617144298501815,0.0789708842354672,26.2859507228601
7.86210317460317,0.512801099963952,0.617102193137566,0.0789331261490243,26.2862497280366
7.86220238095238,0.512759718419771,0.617060088068001,0.0788953861010833,26.2865487060864
7.86230158730159,0.512718340671749,0.617017983294578,0.0788576640827377,26.2868476570135
7.86240079365079,0.512676966719338,0.61697587881876,0.0788199600850843,26.2871465808218
7.8625,0.512635596561991,0.616933774642006,0.0787822740992253,26.2874454775153
7.86259920634921,0.512594230199159,0.616891670765774,0.0787446061162654,26.287744347098
7.86269841269841,0.512552867630295,0.616849567191524,0.0787069561273135,26.2880431895736
7.86279761904762,0.512511508854851,0.616807463920712,0.0786693241234824,26.2883420049463
7.86289682539683,0.512470153872281,0.616765360954795,0.078631710095889,26.2886407932199
7.86299603174603,0.512428802682037,0.616723258295228,0.0785941140356538,26.2889395543984
7.86309523809524,0.512387455283573,0.616681155943468,0.0785565359339013,26.2892382884857
7.86319444444444,0.512346111676343,0.616639053900969,0.0785189757817599,26.2895369954858
7.86329365079365,0.512304771859798,0.616596952169183,0.0784814335703618,26.2898356754025
7.86339285714286,0.512263435833395,0.616554850749565,0.0784439092908432,26.2901343282398
7.86349206349206,0.512222103596585,0.616512749643565,0.0784064029343439,26.2904329540017
7.86359126984127,0.512180775148824,0.616470648852635,0.0783689144920081,26.290731552692
7.86369047619048,0.512139450489566,0.616428548378227,0.0783314439549833,26.2910301243147
7.86378968253968,0.512098129618265,0.616386448221789,0.0782939913144212,26.2913286688738
7.86388888888889,0.512056812534376,0.61634434838477,0.0782565565614769,26.2916271863731
7.8639880952381,0.512015499237353,0.61630224886862,0.0782191396873107,26.2919256768166
7.8640873015873,0.511974189726653,0.616260149674785,0.0781817406830853,26.2922241402082
7.86418650793651,0.51193288400173,0.616218050804713,0.0781443595399681,26.2925225765518
7.86428571428571,0.51189158206204,0.616175952259848,0.0781069962491299,26.2928209858514
7.86438492063492,0.511850283907038,0.616133854041637,0.0780696508017456,26.2931193681109
7.86448412698413,0.51180898953618,0.616091756151525,0.0780323231889942,26.2934177233341
7.86458333333333,0.511767698948922,0.616049658590954,0.0779950134020581,26.293716051525
7.86468253968254,0.51172641214472,0.616007561361367,0.0779577214321239,26.2940143526876
7.86478174603175,0.511685129123031,0.615965464464207,0.0779204472703822,26.2943126268258
7.86488095238095,0.51164384988331,0.615923367900916,0.077883190908027,26.2946108739433
7.86498015873016,0.511602574425016,0.615881271672933,0.0778459523362567,26.2949090940443
7.86507936507936,0.511561302747604,0.615839175781699,0.0778087315462733,26.2952072871326
7.86517857142857,0.511520034850532,0.615797080228653,0.0777715285292826,26.295505453212
7.86527777777778,0.511478770733257,0.615754985015233,0.0777343432764946,26.2958035922866
7.86537698412698,0.511437510395236,0.615712890142877,0.0776971757791223,26.2961017043602
7.86547619047619,0.511396253835928,0.615670795613022,0.0776600260283844,26.2963997894367
7.8655753968254,0.51135500105479,0.615628701427104,0.0776228940155017,26.2966978475201
7.8656746031746,0.51131375205128,0.615586607586558,0.0775857797316996,26.2969958786142
7.86577380952381,0.511272506824857,0.615544514092819,0.0775486831682073,26.297293882723
7.86587301587302,0.511231265374978,0.61550242094732,0.0775116043162579,26.2975918598504
7.86597222222222,0.511190027701102,0.615460328151495,0.0774745431670883,26.2978898100002
7.86607142857143,0.511148793802688,0.615418235706776,0.0774374997119392,26.2981877331764
7.86617063492063,0.511107563679195,0.615376143614595,0.0774004739420556,26.2984856293828
7.86626984126984,0.511066337330082,0.615334051876381,0.0773634658486858,26.2987834986234
7.86636904761905,0.511025114754809,0.615291960493566,0.0773264754230824,26.2990813409021
7.86646825396825,0.510983895952835,0.615249869467578,0.0772895026565018,26.2993791562228
7.86656746031746,0.510942680923619,0.615207778799847,0.0772525475402041,26.2996769445893
7.86666666666667,0.510901469666621,0.615165688491798,0.0772156100654533,26.2999747060056
7.86676587301587,0.510860262181302,0.615123598544861,0.0771786902235176,26.3002724404755
7.86686507936508,0.510819058467122,0.615081508960459,0.0771417880056683,26.300570148003
7.86696428571429,0.510777858523541,0.615039419740021,0.077104903403182,26.3008678285919
7.86706349206349,0.51073666235002,0.614997330884969,0.0770680364073379,26.3011654822462
7.8671626984127,0.510695469946019,0.614955242396728,0.0770311870094194,26.3014631089697
7.86726190476191,0.510654281311001,0.614913154276721,0.0769943552007139,26.3017607087663
7.86736111111111,0.510613096444424,0.614871066526371,0.0769575409725128,26.3020582816399
7.86746031746032,0.510571915345752,0.614828979147098,0.076920744316111,26.3023558275944
7.86755952380952,0.510530738014446,0.614786892140324,0.0768839652228076,26.3026533466337
7.86765873015873,0.510489564449967,0.614744805507469,0.0768472036839054,26.3029508387616
7.86775793650794,0.510448394651778,0.614702719249952,0.0768104596907112,26.3032483039821
7.86785714285714,0.510407228619339,0.614660633369193,0.0767737332345357,26.3035457422991
7.86795634920635,0.510366066352115,0.614618547866607,0.0767370243066932,26.3038431537163
7.86805555555556,0.510324907849566,0.614576462743614,0.0767003328985023,26.3041405382377
7.86815476190476,0.510283753111157,0.614534378001628,0.0766636590012852,26.3044378958672
7.86825396825397,0.510242602136349,0.614492293642066,0.0766270026063681,26.3047352266087
7.86835317460318,0.510201454924605,0.614450209666342,0.0765903637050803,26.3050325304659
7.86845238095238,0.510160311475389,0.614408126075871,0.0765537422887568,26.3053298074429
7.86855158730159,0.510119171788165,0.614366042872065,0.076517138348735,26.3056270575435
7.86865079365079,0.510078035862395,0.614323960056338,0.0764805518763565,26.3059242807715
7.86875,0.510036903697544,0.6142818776301,0.0764439828629666,26.3062214771308
7.86884920634921,0.509995775293076,0.614239795594762,0.0764074312999151,26.3065186466254
7.86894841269841,0.509954650648454,0.614197713951736,0.0763708971785549,26.306815789259
7.86904761904762,0.509913529763143,0.61415563270243,0.0763343804902435,26.3071129050356
7.86914682539683,0.509872412636608,0.614113551848254,0.0762978812263417,26.3074099939589
7.86924603174603,0.509831299268312,0.614071471390614,0.0762613993782146,26.307707056033
7.86934523809524,0.509790189657722,0.614029391330918,0.0762249349372308,26.3080040912615
7.86944444444444,0.509749083804302,0.613987311670573,0.0761884878947631,26.3083010996485
7.86954365079365,0.509707981707517,0.613945232410984,0.076152058242188,26.3085980811978
7.86964285714286,0.509666883366833,0.613903153553556,0.076115645970886,26.3088950359132
7.86974206349206,0.509625788781715,0.613861075099693,0.0760792510722413,26.3091919637986
7.86984126984127,0.509584697951629,0.613818997050798,0.0760428735376417,26.3094888648579
7.86994047619048,0.509543610876042,0.613776919408275,0.0760065133584802,26.3097857390949
7.87003968253968,0.509502527554419,0.613734842173525,0.0759701705261523,26.3100825865134
7.87013888888889,0.509461447986226,0.613692765347948,0.0759338450320577,26.3103794071174
7.8702380952381,0.509420372170931,0.613650688932946,0.0758975368676003,26.3106762009107
7.8703373015873,0.509379300108,0.613608612929918,0.0758612460241875,26.3109729678971
7.87043650793651,0.509338231796899,0.613566537340262,0.0758249724932308,26.3112697080806
7.87053571428571,0.509297167237096,0.613524462165377,0.0757887162661455,26.3115664214649
7.87063492063492,0.509256106428059,0.61348238740666,0.0757524773343508,26.3118631080539
7.87073412698413,0.509215049369254,0.613440313065507,0.0757162556892699,26.3121597678515
7.87083333333333,0.50917399606015,0.613398239143314,0.0756800513223297,26.3124564008614
7.87093253968254,0.509132946500213,0.613356165641476,0.0756438642249611,26.3127530070877
7.87103174603175,0.509091900688913,0.613314092561388,0.0756076943885987,26.313049586534
7.87113095238095,0.509050858625718,0.613272019904442,0.0755715418046811,26.3133461392043
7.87123015873016,0.509009820310094,0.613229947672032,0.0755354064646509,26.3136426651024
7.87132936507937,0.508968785741512,0.613187875865548,0.0754992883599539,26.3139391642321
7.87142857142857,0.508927754919441,0.613145804486383,0.0754631874820413,26.3142356365974
7.87152777777778,0.508886727843348,0.613103733535928,0.0754271038223667,26.3145320822019
7.87162698412698,0.508845704512704,0.61306166301557,0.0753910373723882,26.3148285010497
7.87172619047619,0.508804684926977,0.6130195929267,0.0753549881235676,26.3151248931444
7.8718253968254,0.508763669085637,0.612977523270706,0.0753189560673706,26.31542125849
7.8719246031746,0.508722656988153,0.612935454048975,0.0752829411952668,26.3157175970903
7.87202380952381,0.508681648633996,0.612893385262893,0.0752469434987297,26.3160139089491
7.87212301587302,0.508640644022636,0.612851316913846,0.0752109629692369,26.3163101940703
7.87222222222222,0.508599643153543,0.61280924900322,0.0751749995982694,26.3166064524576
7.87232142857143,0.508558646026187,0.612767181532398,0.0751390533773124,26.316902684115
7.87242063492063,0.508517652640038,0.612725114502765,0.075103124297855,26.3171988890463
7.87251984126984,0.508476662994569,0.612683047915703,0.0750672123513899,26.3174950672553
7.87261904761905,0.508435677089249,0.612640981772593,0.0750313175294141,26.3177912187457
7.87271825396825,0.508394694923549,0.612598916074818,0.0749954398234281,26.3180873435216
7.87281746031746,0.508353716496942,0.612556850823758,0.074959579224936,26.3183834415866
7.87291666666667,0.508312741808899,0.612514786020792,0.0749237357254471,26.3186795129446
7.87301587301587,0.508271770858891,0.6124727216673,0.0748879093164731,26.3189755575995
7.87311507936508,0.50823080364639,0.61243065776466,0.0748520999895305,26.319271575555
7.87321428571429,0.508189840170869,0.612388594314248,0.074816307736139,26.319567566815
7.87331349206349,0.508148880431799,0.612346531317443,0.0747805325478227,26.3198635313833
7.8734126984127,0.508107924428654,0.61230446877562,0.0747447744161093,26.3201594692637
7.87351190476191,0.508066972160905,0.612262406690153,0.0747090333325305,26.3204553804601
7.87361111111111,0.508026023628026,0.612220345062418,0.0746733092886218,26.3207512649763
7.87371031746032,0.50798507882949,0.612178283893788,0.0746376022759227,26.321047122816
7.87380952380952,0.507944137764769,0.612136223185636,0.0746019122859764,26.3213429539832
7.87390873015873,0.507903200433338,0.612094162939334,0.0745662393103303,26.3216387584815
7.87400793650794,0.507862266834669,0.612052103156254,0.0745305833405352,26.3219345363149
7.87410714285714,0.507821336968237,0.612010043837765,0.0744949443681461,26.3222302874872
7.87420634920635,0.507780410833516,0.611967984985238,0.0744593223847219,26.3225260120021
7.87430555555556,0.507739488429978,0.611925926600042,0.0744237173818248,26.3228217098635
7.87440476190476,0.5076985697571,0.611883868683546,0.0743881293510222,26.3231173810751
7.87450396825397,0.507657654814356,0.611841811237116,0.0743525582838842,26.3234130256409
7.87460317460318,0.50761674360122,0.61179975426212,0.0743170041719851,26.3237086435645
7.87470238095238,0.507575836117166,0.611757697759924,0.0742814670069031,26.3240042348499
7.87480158730159,0.507534932361671,0.611715641731892,0.0742459467802202,26.3242997995008
7.87490079365079,0.507494032334209,0.61167358617939,0.0742104434835224,26.324595337521
7.875,0.507453136034255,0.611631531103781,0.0741749571083996,26.3248908489143
7.87509920634921,0.507412243461286,0.611589476506429,0.0741394876464455,26.3251863336846
7.87519841269841,0.507371354614778,0.611547422388694,0.0741040350892577,26.3254817918356
7.87529761904762,0.507330469494205,0.61150536875194,0.0740685994284375,26.3257772233711
7.87539682539682,0.507289588099044,0.611463315597526,0.0740331806555905,26.3260726282949
7.87549603174603,0.507248710428772,0.611421262926813,0.0739977787623257,26.3263680066109
7.87559523809524,0.507207836482865,0.611379210741159,0.0739623937402564,26.3266633583228
7.87569444444444,0.5071669662608,0.611337159041923,0.0739270255809995,26.3269586834344
7.87579365079365,0.507126099762053,0.611295107830463,0.0738916742761754,26.3272539819495
7.87589285714286,0.507085236986103,0.611253057108136,0.0738563398174096,26.327549253872
7.87599206349206,0.507044377932426,0.611211006876297,0.0738210221963305,26.3278444992055
7.87609126984127,0.507003522600499,0.611168957136303,0.0737857214045705,26.328139717954
7.87619047619048,0.5069626709898,0.611126907889507,0.073750437433766,26.3284349101211
7.87628968253968,0.506921823099808,0.611084859137264,0.0737151702755572,26.3287300757107
7.87638888888889,0.50688097893,0.611042810880927,0.0736799199215882,26.3290252147266
7.87648809523809,0.506840138479853,0.611000763121848,0.0736446863635071,26.3293203271725
7.8765873015873,0.506799301748848,0.610958715861378,0.0736094695929657,26.3296154130523
7.87668650793651,0.506758468736462,0.610916669100868,0.0735742696016197,26.3299104723697
7.87678571428571,0.506717639442173,0.610874622841669,0.0735390863811289,26.3302055051285
7.87688492063492,0.506676813865462,0.61083257708513,0.0735039199231568,26.3305005113325
7.87698412698413,0.506635992005807,0.610790531832599,0.0734687702193707,26.3307954909855
7.87708333333333,0.506595173862687,0.610748487085424,0.0734336372614419,26.3310904440912
7.87718253968254,0.506554359435582,0.610706442844952,0.0733985210410456,26.3313853706535
7.87728174603175,0.506513548723971,0.610664399112529,0.0733634215498602,26.331680270676
7.87738095238095,0.506472741727335,0.6106223558895,0.0733283387795697,26.3319751441627
7.87748015873016,0.506431938445153,0.610580313177212,0.0732932727218605,26.3322699911172
7.87757936507937,0.506391138876906,0.610538270977006,0.073258223368423,26.3325648115434
7.87767857142857,0.506350343022074,0.610496229290227,0.0732231907109519,26.332859605445
7.87777777777778,0.506309550880138,0.610454188118217,0.0731881747411456,26.3331543728258
7.87787698412698,0.506268762450578,0.610412147462317,0.0731531754507064,26.3334491136896
7.87797619047619,0.506227977732876,0.610370107323869,0.0731181928313405,26.3337438280401
7.8780753968254,0.506187196726512,0.610328067704213,0.0730832268747578,26.3340385158811
7.8781746031746,0.506146419430969,0.610286028604688,0.0730482775726724,26.3343331772163
7.87827380952381,0.506105645845727,0.610243990026632,0.0730133449168021,26.3346278120496
7.87837301587302,0.506064875970268,0.610201951971384,0.0729784288988685,26.3349224203848
7.87847222222222,0.506024109804075,0.61015991444028,0.0729435295105971,26.3352170022255
7.87857142857143,0.505983347346628,0.610117877434657,0.0729086467437174,26.3355115575755
7.87867063492063,0.505942588597411,0.610075840955851,0.0728737805899629,26.3358060864386
7.87876984126984,0.505901833555906,0.610033805005195,0.0728389310410701,26.3361005888186
7.87886904761905,0.505861082221364,0.609991769584027,0.072804098089432,26.3363950647193
7.87896825396825,0.505820334591396,0.609949734693643,0.0727692817322936,26.3366895141441
7.87906746031746,0.505779590665073,0.609907700335253,0.0727344819632505,26.3369839370969
7.87916666666667,0.505738850441872,0.609865666510053,0.0726996987747969,26.337278333581
7.87926587301587,0.505698113921269,0.609823633219241,0.0726649321594295,26.3375727036002
7.87936507936508,0.505657381102741,0.609781600464016,0.0726301821096474,26.337867047158
7.87946428571429,0.505616651985767,0.609739568245574,0.0725954486179521,26.338161364258
7.87956349206349,0.505575926569824,0.60969753656511,0.0725607316768475,26.3384556549037
7.8796626984127,0.505535204854389,0.609655505423822,0.0725260312788399,26.3387499190988
7.8797619047619,0.50549448683894,0.609613474822903,0.0724913474164378,26.3390441568468
7.87986111111111,0.505453772522955,0.609571444763551,0.0724566800821525,26.3393383681513
7.87996031746032,0.505413061905912,0.609529415246957,0.0724220292684972,26.3396325530159
7.88005952380952,0.505372354987289,0.609487386274318,0.0723873949679879,26.3399267114442
7.88015873015873,0.505331651766565,0.609445357846826,0.0723527771731428,26.3402208434398
7.88025793650794,0.505290952243216,0.609403329965673,0.0723181758764821,26.3405149490062
7.88035714285714,0.505250256416724,0.609361302632055,0.0722835910705297,26.3408090281469
7.88045634920635,0.505209564286565,0.609319275847161,0.0722490227478107,26.3411030808657
7.88055555555556,0.505168875852218,0.609277249612185,0.0722144709008527,26.341397107166
7.88065476190476,0.505128191113164,0.609235223928317,0.072179935522186,26.3416911070515
7.88075396825397,0.505087510068879,0.609193198796748,0.0721454166043433,26.3419850805257
7.88085317460317,0.505046832718844,0.609151174218668,0.0721109141398595,26.3422790275921
7.88095238095238,0.505006159062538,0.609109150195267,0.072076428121272,26.3425729482544
7.88105158730159,0.504965489099439,0.609067126727735,0.0720419585411206,26.3428668425162
7.88115079365079,0.504924822829029,0.609025103817261,0.0720075053919474,26.3431607103809
7.88125,0.504884160250785,0.608983081465032,0.0719730686662972,26.3434545518522
7.88134920634921,0.504843501364188,0.608941059672238,0.0719386483567167,26.3437483669337
7.88144841269841,0.504802846168718,0.608899038440066,0.0719042444557555,26.3440421556288
7.88154761904762,0.504762194663855,0.608857017769702,0.0718698569559652,26.3443359179413
7.88164682539682,0.504721546849078,0.608814997662334,0.0718354858499,26.3446296538746
7.88174603174603,0.504680902723868,0.608772978119147,0.0718011311301159,26.3449233634323
7.88184523809524,0.504640262287706,0.608730959141327,0.0717667927891729,26.345217046618
7.88194444444444,0.504599625540072,0.608688940730061,0.0717324708196318,26.3455107034352
7.88204365079365,0.504558992480445,0.608646922886531,0.0716981652140564,26.3458043338876
7.88214285714286,0.504518363108308,0.608604905611924,0.0716638759650127,26.3460979379786
7.88224206349206,0.504477737423141,0.608562888907422,0.0716296030650693,26.3463915157119
7.88234126984127,0.504437115424425,0.608520872774209,0.0715953465067971,26.346685067091
7.88244047619048,0.504396497111641,0.608478857213468,0.0715611062827693,26.3469785921194
7.88253968253968,0.504355882484269,0.608436842226382,0.0715268823855618,26.3472720908008
7.88263888888889,0.504315271541793,0.608394827814132,0.0714926748077525,26.3475655631387
7.88273809523809,0.504274664283692,0.608352813977901,0.071458483541922,26.3478590091366
7.8828373015873,0.504234060709449,0.608310800718869,0.0714243085806531,26.3481524287981
7.88293650793651,0.504193460818544,0.608268788038216,0.0713901499165311,26.3484458221268
7.88303571428571,0.504152864610461,0.608226775937124,0.0713560075421438,26.3487391891262
7.88313492063492,0.504112272084681,0.608184764416772,0.071321881450081,26.3490325298
7.88323412698413,0.504071683240685,0.608142753478338,0.0712877716329349,26.3493258441515
7.88333333333333,0.504031098077957,0.608100743123003,0.0712536780833013,26.3496191321845
7.88343253968254,0.503990516595978,0.608058733351944,0.0712196007937768,26.3499123939024
7.88353174603175,0.503949938794231,0.608016724166339,0.0711855397569611,26.3502056293088
7.88363095238095,0.503909364672199,0.607974715567366,0.0711514949654563,26.3504988384072
7.88373015873016,0.503868794229364,0.607932707556201,0.0711174664118668,26.3507920212013
7.88382936507937,0.503828227465208,0.607890700134022,0.0710834540887994,26.3510851776946
7.88392857142857,0.503787664379216,0.607848693302004,0.0710494579888633,26.3513783078905
7.88402777777778,0.503747104970869,0.607806687061322,0.0710154781046702,26.3516714117927
7.88412698412698,0.503706549239652,0.607764681413152,0.070981514428834,26.3519644894048
7.88422619047619,0.503665997185047,0.607722676358669,0.0709475669539711,26.3522575407302
7.8843253968254,0.503625448806538,0.607680671899047,0.0709136356727004,26.3525505657726
7.8844246031746,0.503584904103608,0.607638668035458,0.0708797205776429,26.3528435645354
7.88452380952381,0.503544363075741,0.607596664769078,0.0708458216614224,26.3531365370222
7.88462301587302,0.50350382572242,0.607554662101079,0.0708119389166647,26.3534294832365
7.88472222222222,0.50346329204313,0.607512660032631,0.0707780723359977,26.353722403182
7.88482142857143,0.503422762037355,0.607470658564909,0.0707442219120532,26.3540152968622
7.88492063492064,0.503382235704579,0.607428657699084,0.0707103876374638,26.3543081642805
7.88501984126984,0.503341713044287,0.607386657436325,0.0706765695048651,26.3546010054405
7.88511904761905,0.503301194055961,0.607344657777805,0.0706427675068951,26.3548938203459
7.88521825396825,0.503260678739088,0.607302658724692,0.070608981636194,26.3551866090001
7.88531746031746,0.503220167093151,0.607260660278157,0.0705752118854046,26.3554793714066
7.88541666666667,0.503179659117636,0.607218662439368,0.070541458247172,26.355772107569
7.88551587301587,0.503139154812028,0.607176665209495,0.0705077207141438,26.3560648174909
7.88561507936508,0.50309865417581,0.607134668589705,0.0704739992789698,26.3563575011758
7.88571428571429,0.50305815720847,0.607092672581166,0.0704402939343024,26.3566501586272
7.88581349206349,0.503017663909491,0.607050677185045,0.0704066046727962,26.3569427898487
7.8859126984127,0.502977174278359,0.60700868240251,0.0703729314871084,26.3572353948438
7.8860119047619,0.50293668831456,0.606966688234727,0.0703392743698984,26.357527973616
7.88611111111111,0.502896206017579,0.606924694682862,0.0703056333138282,26.3578205261688
7.88621031746032,0.502855727386902,0.606882701748078,0.0702720083115615,26.3581130525059
7.88630952380952,0.502815252422015,0.606840709431544,0.0702383993557659,26.3584055526308
7.88640873015873,0.502774781122404,0.606798717734422,0.0702048064391101,26.3586980265469
7.88650793650794,0.502734313487555,0.606756726657876,0.0701712295542655,26.3589904742578
7.88660714285714,0.502693849516955,0.606714736203071,0.0701376686939059,26.3592828957671
7.88670634920635,0.502653389210089,0.60667274637117,0.0701041238507076,26.3595752910782
7.88680555555556,0.502612932566445,0.606630757163334,0.0700705950173493,26.3598676601947
7.88690476190476,0.502572479585508,0.606588768580727,0.0700370821865119,26.3601600031202
7.88700396825397,0.502532030266766,0.60654678062451,0.070003585350879,26.3604523198582
7.88710317460317,0.502491584609705,0.606504793295844,0.0699701045031363,26.3607446104121
7.88720238095238,0.502451142613813,0.60646280659589,0.069936639635972,26.3610368747856
7.88730158730159,0.502410704278576,0.606420820525809,0.0699031907420768,26.3613291129821
7.88740079365079,0.502370269603482,0.60637883508676,0.0698697578141437,26.3616213250051
7.8875,0.502329838588018,0.606336850279904,0.069836340844868,26.3619135108583
7.88759920634921,0.502289411231671,0.606294866106398,0.0698029398269476,26.3622056705451
7.88769841269841,0.50224898753393,0.606252882567401,0.0697695547530821,26.3624978040691
7.88779761904762,0.502208567494281,0.606210899664072,0.0697361856159752,26.3627899114338
7.88789682539683,0.502168151112214,0.606168917397569,0.0697028324083313,26.3630819926426
7.88799603174603,0.502127738387215,0.606126935769048,0.0696694951228577,26.3633740476992
7.88809523809524,0.502087329318773,0.606084954779666,0.0696361737522643,26.363666076607
7.88819444444444,0.502046923906376,0.606042974430579,0.0696028682892632,26.3639580793695
7.88829365079365,0.502006522149512,0.606000994722943,0.0695695787265689,26.3642500559904
7.88839285714286,0.501966124047671,0.605959015657914,0.0695363050568984,26.364542006473
7.88849206349206,0.501925729600339,0.605917037236645,0.0695030472729711,26.364833930821
7.88859126984127,0.501885338807007,0.605875059460293,0.0694698053675086,26.3651258290378
7.88869047619048,0.501844951667163,0.605833082330009,0.0694365793332351,26.365417701127
7.88878968253968,0.501804568180296,0.605791105846949,0.0694033691628772,26.3657095470921
7.88888888888889,0.501764188345895,0.605749130012265,0.0693701748491637,26.3660013669365
7.8889880952381,0.501723812163449,0.605707154827109,0.0693369963848259,26.3662931606638
7.8890873015873,0.501683439632447,0.605665180292634,0.0693038337625976,26.3665849282776
7.88918650793651,0.501643070752379,0.605623206409991,0.0692706869752144,26.3668766697813
7.88928571428572,0.501602705522735,0.605581233180331,0.0692375560154157,26.3671683851784
7.88938492063492,0.501562343943004,0.605539260604806,0.0692044408759419,26.3674600744726
7.88948412698413,0.501521986012677,0.605497288684564,0.0691713415495363,26.3677517376671
7.88958333333333,0.501481631731242,0.605455317420757,0.0691382580289446,26.3680433747657
7.88968253968254,0.501441281098191,0.605413346814534,0.0691051903069149,26.3683349857717
7.88978174603175,0.501400934113013,0.605371376867043,0.0690721383761976,26.3686265706888
7.88988095238095,0.501360590775198,0.605329407579432,0.0690391022295456,26.3689181295203
7.88998015873016,0.501320251084237,0.60528743895285,0.069006081859714,26.3692096622699
7.89007936507937,0.501279915039621,0.605245470988444,0.0689730772594607,26.369501168941
7.89017857142857,0.501239582640841,0.605203503687361,0.0689400884215456,26.3697926495372
7.89027777777778,0.501199253887386,0.605161537050748,0.0689071153387311,26.3700841040618
7.89037698412698,0.501158928778748,0.605119571079751,0.0688741580037821,26.3703755325186
7.89047619047619,0.501118607314418,0.605077605775515,0.0688412164094657,26.3706669349108
7.8905753968254,0.501078289493888,0.605035641139185,0.0688082905485517,26.3709583112421
7.8906746031746,0.501037975316648,0.604993677171907,0.0687753804138116,26.371249661516
7.89077380952381,0.500997664782189,0.604951713874824,0.0687424859980206,26.371540985736
7.89087301587302,0.500957357890005,0.604909751249081,0.0687096072939551,26.3718322839055
7.89097222222222,0.500917054639585,0.60486778929582,0.0686767442943944,26.372123556028
7.89107142857143,0.500876755030423,0.604825828016185,0.0686438969921199,26.3724148021071
7.89117063492063,0.500836459062009,0.604783867411318,0.0686110653799157,26.3727060221463
7.89126984126984,0.500796166733836,0.60474190748236,0.0685782494505682,26.372997216149
7.89136904761905,0.500755878045397,0.604699948230454,0.0685454491968661,26.3732883841188
7.89146825396825,0.500715592996182,0.60465798965674,0.0685126646116005,26.3735795260591
7.89156746031746,0.500675311585685,0.604616031762359,0.0684798956875651,26.3738706419735
7.89166666666667,0.500635033813399,0.604574074548452,0.0684471424175558,26.3741617318655
7.89176587301587,0.500594759678815,0.604532118016157,0.0684144047943709,26.3744527957384
7.89186507936508,0.500554489181427,0.604490162166613,0.0683816828108112,26.374743833596
7.89196428571428,0.500514222320728,0.604448207000961,0.0683489764596797,26.3750348454415
7.89206349206349,0.50047395909621,0.604406252520337,0.0683162857337821,26.3753258312786
7.8921626984127,0.500433699507366,0.604364298725879,0.0682836106259258,26.3756167911107
7.8922619047619,0.500393443553691,0.604322345618726,0.0682509511289219,26.3759077249412
7.89236111111111,0.500353191234677,0.604280393200013,0.0682183072355829,26.3761986327738
7.89246031746032,0.500312942549819,0.604238441470878,0.0681856789387237,26.3764895146119
7.89255952380952,0.500272697498608,0.604196490432456,0.0681530662311619,26.376780370459
7.89265873015873,0.50023245608054,0.604154540085883,0.0681204691057173,26.3770712003185
7.89275793650794,0.500192218295108,0.604112590432293,0.0680878875552123,26.377362004194
7.89285714285714,0.500151984141807,0.604070641472822,0.0680553215724715,26.3776527820889
7.89295634920635,0.500111753620129,0.604028693208603,0.0680227711503219,26.3779435340067
7.89305555555556,0.500071526729571,0.60398674564077,0.0679902362815931,26.378234259951
7.89315476190476,0.500031303469625,0.603944798770456,0.067957716959117,26.3785249599251
7.89325396825397,0.499991083839786,0.603902852598795,0.0679252131757277,26.3788156339327
7.89335317460317,0.49995086783955,0.603860907126918,0.0678927249242619,26.3791062819771
7.89345238095238,0.49991065546841,0.603818962355956,0.0678602521975587,26.3793969040619
7.89355158730159,0.499870446725862,0.603777018287042,0.0678277949884595,26.3796875001905
7.89365079365079,0.4998302416114,0.603735074921306,0.0677953532898077,26.3799780703664
7.89375,0.499790040124521,0.603693132259879,0.0677629270944504,26.3802686145931
7.89384920634921,0.499749842264718,0.603651190303891,0.0677305163952358,26.3805591328741
7.89394841269841,0.499709648031488,0.603609249054471,0.0676981211850148,26.3808496252128
7.89404761904762,0.499669457424326,0.603567308512748,0.0676657414566409,26.3811400916128
7.89414682539683,0.499629270442727,0.603525368679851,0.0676333772029699,26.3814305320775
7.89424603174603,0.499589087086187,0.603483429556908,0.0676010284168601,26.3817209466104
7.89434523809524,0.499548907354202,0.603441491145046,0.0675686950911719,26.3820113352149
7.89444444444444,0.499508731246269,0.603399553445393,0.0675363772187683,26.3823016978946
7.89454365079365,0.499468558761882,0.603357616459076,0.0675040747925148,26.3825920346529
7.89464285714286,0.499428389900539,0.60331568018722,0.0674717878052791,26.3828823454933
7.89474206349206,0.499388224661735,0.603273744630953,0.0674395162499314,26.3831726304192
7.89484126984127,0.499348063044968,0.603231809791397,0.0674072601193442,26.3834628894342
7.89494047619048,0.499307905049733,0.60318987566968,0.0673750194063925,26.3837531225418
7.89503968253968,0.499267750675528,0.603147942266925,0.0673427941039537,26.3840433297452
7.89513888888889,0.499227599921848,0.603106009584256,0.0673105842049069,26.3843335110482
7.8952380952381,0.499187452788192,0.603064077622797,0.0672783897021354,26.3846236664541
7.8953373015873,0.499147309274057,0.603022146383671,0.067246210588523,26.3849137959663
7.89543650793651,0.499107169378939,0.602980215868001,0.0672140468569569,26.3852038995885
7.89553571428571,0.499067033102336,0.602938286076907,0.0671818985003262,26.3854939773239
7.89563492063492,0.499026900443745,0.602896357011514,0.0671497655115227,26.3857840291762
7.89573412698413,0.498986771402664,0.60285442867294,0.0671176478834405,26.3860740551487
7.89583333333333,0.498946645978591,0.602812501062308,0.0670855456089762,26.386364055245
7.89593253968254,0.498906524171023,0.602770574180737,0.0670534586810285,26.3866540294684
7.89603174603175,0.498866405979458,0.602728648029347,0.0670213870924988,26.3869439778225
7.89613095238095,0.498826291403395,0.602686722609258,0.0669893308362908,26.3872339003108
7.89623015873016,0.498786180442332,0.602644797921588,0.0669572899053105,26.3875237969366
7.89632936507936,0.498746073095766,0.602602873967457,0.0669252642924664,26.3878136677034
7.89642857142857,0.498705969363197,0.602560950747981,0.0668932539906694,26.3881035126148
7.89652777777778,0.498665869244123,0.602519028264279,0.0668612589928327,26.3883933316742
7.89662698412698,0.498625772738041,0.602477106517466,0.0668292792918716,26.388683124885
7.89672619047619,0.498585679844453,0.602435185508662,0.066797314880705,26.3889728922506
7.8968253968254,0.498545590562856,0.602393265238981,0.0667653657522528,26.3892626337747
7.8969246031746,0.49850550489275,0.602351345709538,0.0667334318994379,26.3895523494605
7.89702380952381,0.498465422833633,0.60230942692145,0.0667015133151856,26.3898420393116
7.89712301587302,0.498425344385005,0.602267508875831,0.0666696099924234,26.3901317033314
7.89722222222222,0.498385269546365,0.602225591573795,0.0666377219240814,26.3904213415234
7.89732142857143,0.498345198317213,0.602183675016455,0.066605849103092,26.390710953891
7.89742063492063,0.498305130697049,0.602141759204927,0.06657399152239,26.3910005404378
7.89751984126984,0.498265066685371,0.602099844140321,0.0665421491749125,26.391290101167
7.89761904761905,0.498225006281682,0.602057929823752,0.0665103220535993,26.3915796360823
7.89771825396825,0.498184949485479,0.60201601625633,0.0664785101513922,26.391869145187
7.89781746031746,0.498144896296264,0.601974103439167,0.0664467134612357,26.3921586284846
7.89791666666667,0.498104846713536,0.601932191373375,0.0664149319760765,26.3924480859785
7.89801587301587,0.498064800736797,0.601890280060064,0.0663831656888637,26.3927375176723
7.89811507936508,0.498024758365546,0.601848369500343,0.0663514145925486,26.3930269235693
7.89821428571429,0.497984719599284,0.601806459695324,0.066319678680086,26.393316303673
7.89831349206349,0.497944684437513,0.601764550646115,0.0662879579444317,26.3936056579868
7.8984126984127,0.497904652879732,0.601722642353824,0.0662562523785445,26.3938949865143
7.89851190476191,0.497864624925444,0.601680734819561,0.0662245619753856,26.3941842892588
7.89861111111111,0.497824600574149,0.601638828044432,0.0661928867279185,26.3944735662237
7.89871031746032,0.497784579825348,0.601596922029546,0.066161226629109,26.3947628174126
7.89880952380952,0.497744562678543,0.601555016776009,0.0661295816719256,26.3950520428289
7.89890873015873,0.497704549133235,0.601513112284927,0.066097951849339,26.395341242476
7.89900793650794,0.497664539188927,0.601471208557408,0.0660663371543222,26.3956304163573
7.89910714285714,0.497624532845119,0.601429305594555,0.0660347375798507,26.3959195644764
7.89920634920635,0.497584530101313,0.601387403397475,0.0660031531189025,26.3962086868366
7.89930555555556,0.497544530957013,0.601345501967272,0.0659715837644579,26.3964977834414
7.89940476190476,0.497504535411719,0.60130360130505,0.0659400295094995,26.3967868542942
7.89950396825397,0.497464543464934,0.601261701411912,0.0659084903470124,26.3970758993985
7.89960317460318,0.497424555116159,0.601219802288962,0.0658769662699837,26.3973649187577
7.89970238095238,0.4973845703649,0.601177903937304,0.065845457271404,26.3976539123752
7.89980158730159,0.497344589210657,0.601136006358038,0.0658139633442653,26.3979428802546
7.89990079365079,0.497304611652933,0.601094109552268,0.0657824844815621,26.3982318223991
7.9,0.497264637691231,0.601052213521093,0.0657510206762916,26.3985207388123
7.90009920634921,0.497224667325054,0.601010318265616,0.0657195719214531,26.3988096294976
7.90019841269841,0.497184700553906,0.600968423786937,0.0656881382100485,26.3990984944584
7.90029761904762,0.497144737377289,0.600926530086155,0.0656567195350821,26.3993873336981
7.90039682539683,0.497104777794707,0.600884637164371,0.0656253158895604,26.3996761472203
7.90049603174603,0.497064821805663,0.600842745022683,0.0655939272664925,26.3999649350283
7.90059523809524,0.497024869409661,0.60080085366219,0.0655625536588898,26.4002536971255
7.90069444444444,0.496984920606205,0.60075896308399,0.0655311950597662,26.4005424335154
7.90079365079365,0.496944975394798,0.600717073289181,0.0654998514621377,26.4008311442014
7.90089285714286,0.496905033774945,0.60067518427886,0.065468522859023,26.401119829187
7.90099206349206,0.49686509574615,0.600633296054124,0.0654372092434431,26.4014084884755
7.90109126984127,0.496825161307915,0.600591408616069,0.065405910608421,26.4016971220705
7.90119047619048,0.496785230459748,0.600549521965791,0.0653746269469832,26.4019857299753
7.90128968253968,0.496745303201151,0.600507636104386,0.0653433582521576,26.4022743121933
7.90138888888889,0.496705379531629,0.600465751032948,0.0653121045169747,26.402562868728
7.9014880952381,0.496665459450688,0.600423866752572,0.0652808657344674,26.4028513995828
7.9015873015873,0.496625542957831,0.600381983264352,0.0652496418976712,26.4031399047612
7.90168650793651,0.496585630052564,0.600340100569381,0.0652184329996237,26.4034283842665
7.90178571428571,0.496545720734392,0.600298218668753,0.0651872390333651,26.4037168381021
7.90188492063492,0.49650581500282,0.60025633756356,0.065156059991938,26.4040052662716
7.90198412698413,0.496465912857353,0.600214457254894,0.0651248958683872,26.4042936687783
7.90208333333333,0.496426014297497,0.600172577743848,0.0650937466557601,26.4045820456257
7.90218253968254,0.496386119322757,0.600130699031511,0.0650626123471064,26.4048703968171
7.90228174603175,0.49634622793264,0.600088821118976,0.0650314929354783,26.405158722356
7.90238095238095,0.496306340126651,0.600046944007332,0.0650003884139302,26.4054470222458
7.90248015873016,0.496266455904295,0.60000506769767,0.064969298775519,26.4057352964899
7.90257936507937,0.496226575265079,0.599963192191077,0.0649382240133036,26.4060235450917
7.90267857142857,0.49618669820851,0.599921317488645,0.0649071641203466,26.4063117680547
7.90277777777778,0.496146824734093,0.599879443591461,0.0648761190897116,26.4065999653823
7.90287698412698,0.496106954841335,0.599837570500613,0.0648450889144651,26.4068881370779
7.90297619047619,0.496067088529743,0.599795698217189,0.0648140735876759,26.4071762831448
7.9030753968254,0.496027225798823,0.599753826742276,0.0647830731024153,26.4074644035866
7.9031746031746,0.495987366648082,0.59971195607696,0.064752087451757,26.4077524984066
7.90327380952381,0.495947511077027,0.599670086222328,0.0647211166287771,26.4080405676082
7.90337301587302,0.495907659085164,0.599628217179465,0.0646901606265539,26.4083286111949
7.90347222222222,0.495867810672002,0.599586348949457,0.0646592194381684,26.40861662917
7.90357142857143,0.495827965837048,0.599544481533388,0.0646282930567036,26.408904621537
7.90367063492063,0.495788124579808,0.599502614932343,0.0645973814752454,26.4091925882993
7.90376984126984,0.495748286899791,0.599460749147406,0.0645664846868817,26.4094805294603
7.90386904761905,0.495708452796504,0.599418884179659,0.0645356026847029,26.4097684450234
7.90396825396825,0.495668622269455,0.599377020030187,0.0645047354618019,26.4100563349919
7.90406746031746,0.495628795318151,0.599335156700071,0.0644738830112734,26.4103441993694
7.90416666666667,0.495588971942101,0.599293294190394,0.0644430453262158,26.4106320381592
7.90426587301587,0.495549152140814,0.599251432502237,0.0644122223997288,26.4109198513647
7.90436507936508,0.495509335913797,0.599209571636681,0.0643814142249147,26.4112076389894
7.90446428571429,0.495469523260558,0.599167711594807,0.0643506207948783,26.4114954010366
7.90456349206349,0.495429714180607,0.599125852377695,0.0643198421027269,26.4117831375097
7.9046626984127,0.495389908673452,0.599083993986425,0.0642890781415698,26.4120708484121
7.90476190476191,0.495350106738602,0.599042136422076,0.0642583289045192,26.4123585337473
7.90486111111111,0.495310308375565,0.599000279685727,0.0642275943846893,26.4126461935187
7.90496031746032,0.495270513583851,0.598958423778456,0.064196874575197,26.4129338277295
7.90505952380952,0.495230722362968,0.598916568701341,0.0641661694691614,26.4132214363833
7.90515873015873,0.495190934712427,0.59887471445546,0.064135479059704,26.4135090194834
7.90525793650794,0.495151150631736,0.598832861041889,0.0641048033399487,26.4137965770333
7.90535714285714,0.495111370120406,0.598791008461706,0.0640741423030219,26.4140841090363
7.90545634920635,0.495071593177944,0.598749156715985,0.0640434959420523,26.4143716154958
7.90555555555556,0.495031819803862,0.598707305805802,0.0640128642501707,26.4146590964153
7.90565476190476,0.49499204999767,0.598665455732234,0.0639822472205112,26.4149465517981
7.90575396825397,0.494952283758876,0.598623606496354,0.0639516448462095,26.4152339816476
7.90585317460318,0.494912521086993,0.598581758099237,0.0639210571204038,26.4155213859671
7.90595238095238,0.494872761981529,0.598539910541956,0.0638904840362349,26.4158087647602
7.90605158730159,0.494833006441995,0.598498063825585,0.0638599255868458,26.4160961180302
7.90615079365079,0.494793254467901,0.598456217951196,0.0638293817653819,26.4163834457805
7.90625,0.494753506058759,0.598414372919862,0.0637988525649913,26.4166707480144
7.90634920634921,0.494713761214079,0.598372528732655,0.063768337978824,26.4169580247355
7.90644841269841,0.494674019933371,0.598330685390646,0.0637378380000329,26.4172452759469
7.90654761904762,0.494634282216148,0.598288842894906,0.0637073526217729,26.4175325016522
7.90664682539682,0.494594548061919,0.598247001246506,0.0636768818372016,26.4178197018548
7.90674603174603,0.494554817470197,0.598205160446515,0.0636464256394787,26.4181068765579
7.90684523809524,0.494515090440492,0.598163320496003,0.0636159840217665,26.4183940257651
7.90694444444444,0.494475366972316,0.59812148139604,0.0635855569772296,26.4186811494796
7.90704365079365,0.49443564706518,0.598079643147694,0.0635551444990346,26.418968247705
7.90714285714286,0.494395930718597,0.598037805752033,0.0635247465803519,26.4192553204445
7.90724206349206,0.494356217932079,0.597995969210126,0.0634943632143527,26.4195423677015
7.90734126984127,0.494316508705136,0.597954133523038,0.0634639943942113,26.4198293894795
7.90744047619048,0.494276803037283,0.597912298691838,0.0634336401131044,26.4201163857817
7.90753968253968,0.494237100928029,0.597870464717591,0.0634033003642108,26.4204033566117
7.90763888888889,0.494197402376889,0.597828631601364,0.0633729751407121,26.4206903019727
7.90773809523809,0.494157707383374,0.597786799344222,0.0633426644357919,26.4209772218682
7.9078373015873,0.494118015946997,0.597744967947229,0.0633123682426364,26.4212641163016
7.90793650793651,0.49407832806727,0.597703137411451,0.0632820865544343,26.4215509852761
7.90803571428571,0.494038643743707,0.597661307737951,0.0632518193643766,26.4218378287952
7.90813492063492,0.493998962975821,0.597619478927793,0.0632215666656564,26.4221246468623
7.90823412698413,0.493959285763125,0.59757765098204,0.0631913284514697,26.4224114394807
7.90833333333333,0.493919612105131,0.597535823901755,0.0631611047150146,26.4226982066539
7.90843253968254,0.493879942001353,0.597493997688,0.0631308954494915,26.4229849483851
7.90853174603175,0.493840275451305,0.597452172341837,0.0631007006481032,26.4232716646778
7.90863095238095,0.4938006124545,0.597410347864327,0.0630705203040556,26.4235583555354
7.90873015873016,0.493760953010452,0.597368524256531,0.0630403544105561,26.4238450209612
7.90882936507937,0.493721297118675,0.597326701519509,0.0630102029608148,26.4241316609585
7.90892857142857,0.493681644778682,0.597284879654322,0.0629800659480443,26.4244182755308
7.90902777777778,0.493641995989989,0.597243058662028,0.0629499433654594,26.4247048646815
7.90912698412698,0.493602350752108,0.597201238543687,0.0629198352062775,26.4249914284138
7.90922619047619,0.493562709064555,0.597159419300357,0.0628897414637183,26.4252779667312
7.9093253968254,0.493523070926843,0.597117600933097,0.0628596621310038,26.4255644796371
7.9094246031746,0.493483436338488,0.597075783442963,0.0628295972013585,26.4258509671347
7.90952380952381,0.493443805299003,0.597033966831013,0.0627995466680093,26.4261374292276
7.90962301587302,0.493404177807905,0.596992151098304,0.0627695105241855,26.4264238659189
7.90972222222222,0.493364553864707,0.596950336245892,0.0627394887631187,26.4267102772122
7.90982142857143,0.493324933468925,0.596908522274832,0.0627094813780431,26.4269966631108
7.90992063492063,0.493285316620074,0.596866709186181,0.0626794883621949,26.427283023618
7.91001984126984,0.493245703317669,0.596824896980992,0.0626495097088128,26.4275693587371
7.91011904761905,0.493206093561226,0.596783085660321,0.0626195454111388,26.4278556684717
7.91021825396825,0.49316648735026,0.596741275225221,0.062589595462416,26.428141952825
7.91031746031746,0.493126884684288,0.596699465676745,0.0625596598558906,26.4284282118003
7.91041666666667,0.493087285562824,0.596657657015947,0.0625297385848109,26.4287144454011
7.91051587301587,0.493047689985384,0.596615849243879,0.0624998316424278,26.4290006536307
7.91061507936508,0.493008097951486,0.596574042361594,0.0624699390219944,26.4292868364925
7.91071428571429,0.492968509460644,0.596532236370142,0.0624400607167665,26.4295729939898
7.91081349206349,0.492928924512376,0.596490431270575,0.0624101967200019,26.429859126126
7.9109126984127,0.492889343106197,0.596448627063945,0.0623803470249611,26.4301452329044
7.9110119047619,0.492849765241624,0.596406823751299,0.0623505116249068,26.4304313143284
7.91111111111111,0.492810190918174,0.59636502133369,0.0623206905131043,26.4307173704014
7.91121031746032,0.492770620135364,0.596323219812166,0.0622908836828212,26.4310034011267
7.91130952380952,0.49273105289271,0.596281419187776,0.0622610911273273,26.4312894065076
7.91140873015873,0.49269148918973,0.596239619461567,0.0622313128398951,26.4315753865476
7.91150793650794,0.49265192902594,0.596197820634589,0.062201548813799,26.4318613412499
7.91160714285714,0.492612372400858,0.596156022707889,0.0621717990423168,26.432147270618
7.91170634920635,0.492572819314002,0.596114225682513,0.0621420635187277,26.4324331746551
7.91180555555556,0.492533269764888,0.596072429559509,0.0621123422363137,26.4327190533647
7.91190476190476,0.492493723753036,0.596030634339922,0.0620826351883592,26.43300490675
7.91200396825397,0.492454181277961,0.595988840024798,0.0620529423681507,26.4332907348144
7.91210317460317,0.492414642339182,0.595947046615182,0.0620232637689775,26.4335765375614
7.91220238095238,0.492375106936218,0.595905254112119,0.0619935993841311,26.4338623149941
7.91230158730159,0.492335575068586,0.595863462516653,0.0619639492069054,26.434148067116
7.91240079365079,0.492296046735805,0.595821671829827,0.0619343132305966,26.4344337939304
7.9125,0.492256521937393,0.595779882052686,0.0619046914485036,26.4347194954407
7.91259920634921,0.492217000672868,0.595738093186272,0.0618750838539274,26.4350051716502
7.91269841269841,0.492177482941749,0.595696305231628,0.0618454904401714,26.4352908225622
7.91279761904762,0.492137968743556,0.595654518189794,0.0618159112005416,26.4355764481802
7.91289682539682,0.492098458077806,0.595612732061814,0.0617863461283462,26.4358620485073
7.91299603174603,0.492058950944018,0.595570946848727,0.0617567952168955,26.4361476235471
7.91309523809524,0.492019447341712,0.595529162551575,0.0617272584595034,26.4364331733028
7.91319444444444,0.491979947270408,0.595487379171397,0.0616977358494849,26.4367186977777
7.91329365079365,0.491940450729624,0.595445596709234,0.061668227380158,26.4370041969752
7.91339285714286,0.491900957718881,0.595403815166124,0.0616387330448427,26.4372896708987
7.91349206349206,0.491861468237696,0.595362034543106,0.0616092528368618,26.4375751195514
7.91359126984127,0.491821982285592,0.595320254841218,0.0615797867495403,26.4378605429368
7.91369047619048,0.491782499862086,0.595278476061498,0.0615503347762056,26.4381459410581
7.91378968253968,0.4917430209667,0.595236698204984,0.0615208969101876,26.4384313139188
7.91388888888889,0.491703545598953,0.595194921272712,0.0614914731448185,26.438716661522
7.91398809523809,0.491664073758365,0.595153145265719,0.0614620634734328,26.4390019838712
7.9140873015873,0.491624605444457,0.59511137018504,0.0614326678893676,26.4392872809697
7.91418650793651,0.49158514065675,0.595069596031712,0.0614032863859623,26.4395725528208
7.91428571428571,0.491545679394764,0.595027822806768,0.0613739189565587,26.4398577994279
7.91438492063492,0.491506221658019,0.594986050511245,0.061344565594501,26.4401430207943
7.91448412698413,0.491466767446037,0.594944279146174,0.0613152262931352,26.4404282169233
7.91458333333333,0.491427316758338,0.594902508712592,0.0612859010458114,26.4407133878183
7.91468253968254,0.491387869594444,0.59486073921153,0.0612565898458803,26.4409985334826
7.91478174603175,0.491348425953876,0.594818970644022,0.0612272926866957,26.4412836539195
7.91488095238095,0.491308985836155,0.594777203011099,0.0611980095616139,26.4415687491323
7.91498015873016,0.491269549240803,0.594735436313794,0.0611687404639933,26.4418538191244
7.91507936507937,0.491230116167341,0.594693670553138,0.0611394853871949,26.4421388638991
7.91517857142857,0.491190686615291,0.594651905730161,0.0611102443245821,26.4424238834597
7.91527777777778,0.491151260584174,0.594610141845895,0.0610810172695206,26.4427088778096
7.91537698412698,0.491111838073513,0.594568378901368,0.0610518042153784,26.4429938469521
7.91547619047619,0.491072419082831,0.594526616897611,0.0610226051555262,26.4432787908905
7.9155753968254,0.491033003611648,0.594484855835653,0.0609934200833369,26.4435637096281
7.9156746031746,0.490993591659487,0.594443095716521,0.0609642489921856,26.4438486031682
7.91577380952381,0.490954183225871,0.594401336541245,0.0609350918754503,26.4441334715142
7.91587301587302,0.490914778310323,0.594359578310852,0.0609059487265109,26.4444183146694
7.91597222222222,0.490875376912364,0.594317821026369,0.0608768195387495,26.4447031326372
7.91607142857143,0.490835979031518,0.594276064688822,0.0608477043055519,26.4449879254207
7.91617063492064,0.490796584667308,0.594234309299239,0.0608186030203049,26.4452726930235
7.91626984126984,0.490757193819258,0.594192554858645,0.0607895156763982,26.4455574354487
7.91636904761905,0.490717806486889,0.594150801368065,0.0607604422672238,26.4458421526996
7.91646825396825,0.490678422669725,0.594109048828525,0.0607313827861762,26.4461268447797
7.91656746031746,0.49063904236729,0.594067297241048,0.0607023372266524,26.4464115116923
7.91666666666667,0.490599665579108,0.594025546606658,0.0606733055820514,26.4466961534405
7.91676587301587,0.490560292304702,0.59398379692638,0.060644287845775,26.4469807700278
7.91686507936508,0.490520922543595,0.593942048201235,0.0606152840112272,26.4472653614575
7.91696428571429,0.490481556295312,0.593900300432248,0.0605862940718144,26.4475499277329
7.91706349206349,0.490442193559377,0.593858553620439,0.0605573180209455,26.4478344688573
7.9171626984127,0.490402834335314,0.59381680776683,0.0605283558520317,26.4481189848339
7.9172619047619,0.490363478622648,0.593775062872443,0.0604994075584866,26.4484034756662
7.91736111111111,0.490324126420902,0.593733318938299,0.0604704731337262,26.4486879413575
7.91746031746032,0.4902847777296,0.593691575965417,0.0604415525711685,26.448972381911
7.91755952380952,0.490245432548269,0.593649833954818,0.0604126458642351,26.44925679733
7.91765873015873,0.490206090876433,0.593608092907521,0.0603837530063488,26.4495411876179
7.91775793650794,0.490166752713616,0.593566352824544,0.0603548739909352,26.4498255527779
7.91785714285714,0.490127418059344,0.593524613706907,0.0603260088114222,26.4501098928135
7.91795634920635,0.490088086913142,0.593482875555627,0.0602971574612403,26.4503942077278
7.91805555555556,0.490048759274535,0.593441138371721,0.0602683199338222,26.4506784975242
7.91815476190476,0.490009435143048,0.593399402156208,0.060239496222603,26.450962762206
7.91825396825397,0.489970114518207,0.593357666910102,0.0602106863210203,26.4512470017765
7.91835317460317,0.489930797399538,0.593315932634422,0.0601818902225141,26.451531216239
7.91845238095238,0.489891483786567,0.593274199330181,0.0601531079205267,26.4518154055967
7.91855158730159,0.489852173678819,0.593232466998396,0.0601243394085029,26.4520995698532
7.91865079365079,0.48981286707582,0.59319073564008,0.0600955846798897,26.4523837090115
7.91875,0.489773563977096,0.59314900525625,0.0600668437281367,26.452667823075
7.91884920634921,0.489734264382174,0.593107275847917,0.0600381165466959,26.452951912047
7.91894841269841,0.48969496829058,0.593065547416095,0.060009403129021,26.4532359759309
7.91904761904762,0.489655675701841,0.593023819961799,0.0599807034685697,26.4535200147298
7.91914682539683,0.489616386615483,0.592982093486039,0.0599520175588007,26.4538040284472
7.91924603174603,0.489577101031034,0.592940367989829,0.0599233453931754,26.4540880170862
7.91934523809524,0.489537818948019,0.592898643474178,0.0598946869651577,26.4543719806503
7.91944444444444,0.489498540365966,0.5928569199401,0.0598660422682139,26.4546559191426
7.91954365079365,0.489459265284402,0.592815197388603,0.0598374112958127,26.4549398325665
7.91964285714286,0.489419993702855,0.592773475820699,0.0598087940414251,26.4552237209254
7.91974206349206,0.489380725620851,0.592731755237396,0.0597801904985247,26.4555075842224
7.91984126984127,0.489341461037918,0.592690035639705,0.0597516006605873,26.4557914224608
7.91994047619048,0.489302199953584,0.592648317028634,0.0597230245210911,26.4560752356441
7.92003968253968,0.489262942367377,0.592606599405191,0.0596944620735167,26.4563590237754
7.92013888888889,0.489223688278824,0.592564882770383,0.0596659133113474,26.456642786858
7.9202380952381,0.489184437687453,0.59252316712522,0.0596373782280683,26.4569265248953
7.9203373015873,0.489145190592793,0.592481452470706,0.0596088568171675,26.4572102378905
7.92043650793651,0.489105946994371,0.592439738807849,0.0595803490721346,26.4574939258469
7.92053571428572,0.489066706891717,0.592398026137656,0.0595518549864632,26.4577775887678
7.92063492063492,0.489027470284358,0.59235631446113,0.0595233745536479,26.4580612266565
7.92073412698413,0.488988237171824,0.592314603779278,0.059494907767186,26.4583448395163
7.92083333333333,0.488949007553642,0.592272894093104,0.0594664546205773,26.4586284273504
7.92093253968254,0.488909781429342,0.592231185403612,0.0594380151073241,26.4589119901622
7.92103174603175,0.488870558798453,0.592189477711806,0.059409589220931,26.4591955279549
7.92113095238095,0.488831339660504,0.592147771018689,0.0593811769549048,26.4594790407318
7.92123015873016,0.488792124015024,0.592106065325264,0.059352778302755,26.4597625284963
7.92132936507937,0.488752911861542,0.592064360632533,0.0593243932579934,26.4600459912515
7.92142857142857,0.488713703199588,0.592022656941497,0.0592960218141341,26.4603294290007
7.92152777777778,0.488674498028691,0.59198095425316,0.0592676639646937,26.4606128417473
7.92162698412698,0.488635296348382,0.59193925256852,0.0592393197031912,26.4608962294946
7.92172619047619,0.48859609815819,0.59189755188858,0.0592109890231478,26.4611795922457
7.9218253968254,0.488556903457644,0.591855852214338,0.0591826719180874,26.461462930004
7.9219246031746,0.488517712246275,0.591814153546794,0.0591543683815356,26.4617462427728
7.92202380952381,0.488478524523614,0.591772455886947,0.0591260784070218,26.4620295305553
7.92212301587302,0.488439340289191,0.591730759235797,0.0590978019880765,26.4623127933548
7.92222222222222,0.488400159542535,0.591689063594341,0.059069539118233,26.4625960311747
7.92232142857143,0.488360982283178,0.591647368963577,0.0590412897910271,26.462879244018
7.92242063492063,0.488321808510651,0.591605675344501,0.0590130539999968,26.4631624318882
7.92251984126984,0.488282638224483,0.591563982738112,0.0589848317386827,26.4634455947886
7.92261904761905,0.488243471424207,0.591522291145405,0.0589566230006276,26.4637287327223
7.92271825396825,0.488204308109352,0.591480600567376,0.0589284277793768,26.4640118456926
7.92281746031746,0.488165148279451,0.59143891100502,0.058900246068478,26.4642949337029
7.92291666666667,0.488125991934035,0.591397222459333,0.0588720778614813,26.4645779967564
7.92301587301587,0.488086839072635,0.591355534931309,0.0588439231519392,26.4648610348564
7.92311507936508,0.488047689694782,0.591313848421941,0.0588157819334064,26.4651440480061
7.92321428571428,0.488008543800009,0.591272162932224,0.0587876541994404,26.4654270362088
7.92331349206349,0.487969401387847,0.59123047846315,0.0587595399436006,26.4657099994678
7.9234126984127,0.487930262457827,0.591188795015712,0.0587314391594489,26.4659929377863
7.9235119047619,0.487891127009483,0.591147112590903,0.0587033518405503,26.4662758511676
7.92361111111111,0.487851995042346,0.591105431189713,0.0586752779804713,26.4665587396151
7.92371031746032,0.487812866555949,0.591063750813135,0.0586472175727812,26.4668416031318
7.92380952380952,0.487773741549824,0.591022071462159,0.0586191706110516,26.4671244417212
7.92390873015873,0.487734620023503,0.590980393137775,0.0585911370888566,26.4674072553864
7.92400793650794,0.48769550197652,0.590938715840974,0.0585631169997724,26.4676900441307
7.92410714285714,0.487656387408406,0.590897039572744,0.0585351103373779,26.4679728079575
7.92420634920635,0.487617276318696,0.590855364334074,0.0585071170952544,26.4682555468699
7.92430555555556,0.487578168706921,0.590813690125954,0.0584791372669853,26.4685382608712
7.92440476190476,0.487539064572616,0.590772016949371,0.0584511708461568,26.4688209499647
7.92450396825397,0.487499963915313,0.590730344805312,0.0584232178263571,26.4691036141536
7.92460317460317,0.487460866734546,0.590688673694765,0.0583952782011771,26.4693862534412
7.92470238095238,0.487421773029848,0.590647003618716,0.0583673519642098,26.4696688678308
7.92480158730159,0.487382682800753,0.590605334578152,0.058339439109051,26.4699514573256
7.92490079365079,0.487343596046795,0.590563666574058,0.0583115396292981,26.4702340219288
7.925,0.487304512767507,0.590521999607419,0.0582836535185523,26.4705165616438
7.92509920634921,0.487265432962425,0.590480333679221,0.0582557807704159,26.4707990764737
7.92519841269841,0.487226356631081,0.590438668790448,0.058227921378494,26.4710815664219
7.92529761904762,0.48718728377301,0.590397004942083,0.0582000753363943,26.4713640314916
7.92539682539683,0.487148214387747,0.59035534213511,0.0581722426377265,26.471646471686
7.92549603174603,0.487109148474825,0.590313680370511,0.0581444232761032,26.4719288870084
7.92559523809524,0.487070086033781,0.59027201964927,0.0581166172451388,26.472211277462
7.92569444444444,0.487031027064148,0.590230359972369,0.0580888245384507,26.4724936430501
7.92579365079365,0.486991971565461,0.590188701340788,0.0580610451496582,26.472775983776
7.92589285714286,0.486952919537255,0.59014704375551,0.0580332790723833,26.4730582996428
7.92599206349206,0.486913870979066,0.590105387217514,0.0580055263002502,26.4733405906539
7.92609126984127,0.486874825890429,0.590063731727781,0.0579777868268857,26.4736228568125
7.92619047619048,0.486835784270878,0.59002207728729,0.0579500606459188,26.4739050981218
7.92628968253968,0.48679674611995,0.589980423897022,0.0579223477509809,26.4741873145851
7.92638888888889,0.48675771143718,0.589938771557953,0.0578946481357057,26.4744695062057
7.9264880952381,0.486718680222105,0.589897120271065,0.0578669617937301,26.4747516729867
7.9265873015873,0.486679652474259,0.589855470037333,0.0578392887186923,26.4750338149314
7.92668650793651,0.486640628193179,0.589813820857735,0.0578116289042335,26.4753159320431
7.92678571428571,0.4866016073784,0.589772172733249,0.057783982343997,26.475598024325
7.92688492063492,0.48656259002946,0.58973052566485,0.0577563490316287,26.4758800917803
7.92698412698413,0.486523576145895,0.589688879653515,0.0577287289607769,26.4761621344123
7.92708333333333,0.48648456572724,0.58964723470022,0.0577011221250921,26.4764441522242
7.92718253968254,0.486445558773034,0.589605590805939,0.0576735285182274,26.4767261452194
7.92728174603175,0.486406555282811,0.589563947971647,0.0576459481338382,26.4770081134009
7.92738095238095,0.48636755525611,0.589522306198319,0.0576183809655823,26.4772900567721
7.92748015873016,0.486328558692467,0.589480665486927,0.0575908270071199,26.4775719753361
7.92757936507936,0.486289565591419,0.589439025838446,0.0575632862521136,26.4778538690963
7.92767857142857,0.486250575952503,0.589397387253848,0.0575357586942284,26.4781357380558
7.92777777777778,0.486211589775258,0.589355749734106,0.0575082443271317,26.478417582218
7.92787698412698,0.486172607059219,0.589314113280191,0.0574807431444928,26.4786994015859
7.92797619047619,0.486133627803926,0.589272477893075,0.0574532551399847,26.4789811961629
7.9280753968254,0.486094652008915,0.589230843573728,0.0574257803072816,26.4792629659523
7.9281746031746,0.486055679673725,0.589189210323123,0.0573983186400605,26.4795447109571
7.92827380952381,0.486016710797893,0.589147578142227,0.0573708701320006,26.4798264311807
7.92837301587302,0.485977745380958,0.589105947032011,0.0573434347767838,26.4801081266263
7.92847222222222,0.485938783422457,0.589064316993445,0.0573160125680942,26.4803897972972
7.92857142857143,0.48589982492193,0.589022688027496,0.0572886034996183,26.4806714431964
7.92867063492063,0.485860869878914,0.588981060135133,0.057261207565045,26.4809530643274
7.92876984126984,0.485821918292948,0.588939433317324,0.0572338247580658,26.4812346606933
7.92886904761905,0.485782970163571,0.588897807575036,0.0572064550723742,26.4815162322973
7.92896825396825,0.485744025490321,0.588856182909235,0.0571790985016664,26.4817977791427
7.92906746031746,0.485705084272739,0.588814559320889,0.057151755039641,26.4820793012327
7.92916666666667,0.485666146510361,0.588772936810963,0.0571244246799988,26.4823607985705
7.92926587301587,0.485627212202729,0.588731315380422,0.057097107416443,26.4826422711594
7.92936507936508,0.48558828134938,0.588689695030231,0.0570698032426791,26.4829237190025
7.92946428571429,0.485549353949855,0.588648075761355,0.0570425121524159,26.4832051421031
7.92956349206349,0.485510430003694,0.588606457574759,0.0570152341393634,26.4834865404645
7.9296626984127,0.485471509510435,0.588564840471405,0.0569879691972345,26.4837679140897
7.92976190476191,0.485432592469619,0.588523224452257,0.0569607173197446,26.4840492629822
7.92986111111111,0.485393678880786,0.588481609518278,0.0569334785006111,26.484330587145
7.92996031746032,0.485354768743475,0.588439995670429,0.0569062527335543,26.4846118865814
7.93005952380952,0.485315862057227,0.588398382909672,0.0568790400122965,26.4848931612946
7.93015873015873,0.485276958821582,0.58835677123697,0.0568518403305626,26.4851744112879
7.93025793650794,0.48523805903608,0.588315160653281,0.0568246536820799,26.4854556365645
7.93035714285714,0.485199162700263,0.588273551159568,0.0567974800605779,26.4857368371275
7.93045634920635,0.485160269813671,0.588231942756789,0.0567703194597886,26.4860180129802
7.93055555555556,0.485121380375844,0.588190335445905,0.0567431718734466,26.4862991641258
7.93065476190476,0.485082494386323,0.588148729227873,0.0567160372952885,26.4865802905675
7.93075396825397,0.48504361184465,0.588107124103654,0.0566889157190537,26.4868613923086
7.93085317460318,0.485004732750366,0.588065520074204,0.0566618071384833,26.4871424693522
7.93095238095238,0.484965857103011,0.588023917140481,0.0566347115473221,26.4874235217016
7.93105158730159,0.484926984902128,0.587982315303444,0.056607628939316,26.4877045493599
7.93115079365079,0.484888116147258,0.587940714564047,0.0565805593082139,26.4879855523305
7.93125,0.484849250837943,0.587899114923248,0.056553502647767,26.4882665306164
7.93134920634921,0.484810388973724,0.587857516382003,0.0565264589517288,26.4885474842209
7.93144841269841,0.484771530554143,0.587815918941265,0.0564994282138552,26.4888284131473
7.93154761904762,0.484732675578743,0.587774322601991,0.0564724104279047,26.4891093173987
7.93164682539683,0.484693824047064,0.587732727365135,0.056445405587638,26.4893901969783
7.93174603174603,0.484654975958651,0.587691133231651,0.0564184136868182,26.4896710518894
7.93184523809524,0.484616131313045,0.587649540202491,0.0563914347192109,26.4899518821351
7.93194444444444,0.484577290109788,0.58760794827861,0.056364468678584,26.4902326877187
7.93204365079365,0.484538452348424,0.587566357460959,0.0563375155587078,26.4905134686433
7.93214285714286,0.484499618028494,0.587524767750491,0.056310575353355,26.4907942249122
7.93224206349206,0.484460787149543,0.587483179148158,0.0562836480563009,26.4910749565285
7.93234126984127,0.484421959711111,0.587441591654909,0.0562567336613224,26.4913556634955
7.93244047619048,0.484383135712745,0.587400005271697,0.0562298321622003,26.4916363458164
7.93253968253968,0.484344315153986,0.587358419999471,0.0562029435527165,26.4919170034944
7.93263888888889,0.484305498034377,0.587316835839182,0.0561760678266556,26.4921976365326
7.9327380952381,0.484266684353463,0.587275252791778,0.0561492049778048,26.4924782449343
7.9328373015873,0.484227874110786,0.587233670858208,0.0561223549999536,26.4927588287027
7.93293650793651,0.484189067305891,0.587192090039421,0.0560955178868937,26.493039387841
7.93303571428571,0.484150263938322,0.587150510336365,0.0560686936324196,26.4933199223523
7.93313492063492,0.484111464007622,0.587108931749987,0.0560418822303277,26.4936004322399
7.93323412698413,0.484072667513335,0.587067354281234,0.0560150836744173,26.493880917507
7.93333333333333,0.484033874455007,0.587025777931052,0.0559882979584897,26.4941613781567
7.93343253968254,0.48399508483218,0.586984202700388,0.0559615250763488,26.4944418141922
7.93353174603175,0.4839562986444,0.586942628590188,0.0559347650218009,26.4947222256169
7.93363095238095,0.483917515891212,0.586901055601396,0.0559080177886545,26.4950026124337
7.93373015873016,0.483878736572159,0.586859483734957,0.0558812833707207,26.495282974646
7.93382936507937,0.483839960686787,0.586817912991816,0.0558545617618125,26.4955633122569
7.93392857142857,0.483801188234641,0.586776343372916,0.0558278529557465,26.4958436252697
7.93402777777778,0.483762419215266,0.5867347748792,0.0558011569463406,26.4961239136874
7.93412698412698,0.483723653628208,0.586693207511612,0.0557744737274153,26.4964041775134
7.93422619047619,0.483684891473011,0.586651641271094,0.0557478032927936,26.4966844167507
7.9343253968254,0.48364613274922,0.586610076158587,0.055721145636301,26.4969646314027
7.9344246031746,0.483607377456383,0.586568512175034,0.0556945007517652,26.4972448214723
7.93452380952381,0.483568625594044,0.586526949321374,0.0556678686330163,26.497524986963
7.93462301587302,0.483529877161748,0.58648538759855,0.055641249273887,26.4978051278778
7.93472222222222,0.483491132159043,0.5864438270075,0.0556146426682123,26.4980852442199
7.93482142857143,0.483452390585475,0.586402267549165,0.0555880488098294,26.4983653359925
7.93492063492063,0.483413652440588,0.586360709224484,0.0555614676925782,26.4986454031988
7.93501984126984,0.483374917723931,0.586319152034395,0.0555348993103007,26.498925445842
7.93511904761905,0.483336186435049,0.586277595979836,0.0555083436568416,26.4992054639252
7.93521825396825,0.483297458573488,0.586236041061746,0.0554818007260478,26.4994854574517
7.93531746031746,0.483258734138796,0.586194487281061,0.0554552705117682,26.4997654264246
7.93541666666667,0.483220013130519,0.58615293463872,0.0554287530078553,26.5000453708472
7.93551587301587,0.483181295548204,0.586111383135657,0.0554022482081628,26.5003252907225
7.93561507936508,0.4831425813914,0.586069832772809,0.0553757561065473,26.5006051860537
7.93571428571429,0.483103870659651,0.586028283551112,0.0553492766968677,26.5008850568442
7.93581349206349,0.483065163352507,0.5859867354715,0.0553228099729853,26.5011649030969
7.9359126984127,0.483026459469513,0.585945188534908,0.0552963559287637,26.5014447248151
7.93601190476191,0.482987759010219,0.58590364274227,0.055269914558069,26.5017245220021
7.93611111111111,0.482949061974171,0.58586209809452,0.0552434858547698,26.5020042946608
7.93621031746032,0.482910368360918,0.585820554592591,0.055217069812737,26.5022840427946
7.93630952380952,0.482871678170007,0.585779012237415,0.0551906664258437,26.5025637664066
7.93640873015873,0.482832991400986,0.585737471029925,0.0551642756879656,26.5028434655
7.93650793650794,0.482794308053404,0.585695930971053,0.0551378975929809,26.5031231400779
7.93660714285714,0.482755628126809,0.58565439206173,0.05511153213477,26.5034027901435
7.93670634920635,0.482716951620749,0.585612854302887,0.0550851793072156,26.5036824157001
7.93680555555556,0.482678278534773,0.585571317695454,0.0550588391042028,26.5039620167507
7.93690476190476,0.48263960886843,0.585529782240361,0.0550325115196198,26.5042415932985
7.93700396825397,0.482600942621267,0.585488247938539,0.0550061965473563,26.5045211453467
7.93710317460318,0.482562279792836,0.585446714790915,0.0549798941813048,26.5048006728985
7.93720238095238,0.482523620382683,0.585405182798418,0.0549536044153601,26.505080175957
7.93730158730159,0.482484964390359,0.585363651961977,0.0549273272434193,26.5053596545254
7.93740079365079,0.482446311815413,0.585322122282519,0.0549010626593821,26.505639108607
7.9375,0.482407662657394,0.585280593760971,0.0548748106571505,26.5059185382047
7.93759920634921,0.482369016915851,0.58523906639826,0.0548485712306289,26.5061979433218
7.93769841269841,0.482330374590335,0.585197540195313,0.054822344373724,26.5064773239616
7.93779761904762,0.482291735680396,0.585156015153055,0.0547961300803451,26.506756680127
7.93789682539682,0.482253100185582,0.585114491272411,0.0547699283444037,26.5070360118213
7.93799603174603,0.482214468105444,0.585072968554306,0.0547437391598138,26.5073153190477
7.93809523809524,0.482175839439533,0.585031446999665,0.0547175625204918,26.5075946018093
7.93819444444444,0.482137214187398,0.584989926609412,0.0546913984203564,26.5078738601093
7.93829365079365,0.482098592348589,0.58494840738447,0.0546652468533284,26.5081530939508
7.93839285714286,0.482059973922659,0.584906889325762,0.0546391078133321,26.5084323033371
7.93849206349206,0.482021358909156,0.584865372434211,0.054612981294293,26.5087114882711
7.93859126984127,0.481982747307633,0.584823856710739,0.0545868672901396,26.5089906487562
7.93869047619048,0.481944139117639,0.584782342156268,0.0545607657948024,26.5092697847955
7.93878968253968,0.481905534338726,0.584740828771718,0.0545346768022147,26.5095488963921
7.93888888888889,0.481866932970445,0.584699316558011,0.054508600306312,26.5098279835492
7.93898809523809,0.481828335012347,0.584657805516067,0.0544825363010321,26.5101070462699
7.9390873015873,0.481789740463983,0.584616295646805,0.0544564847803155,26.5103860845574
7.93918650793651,0.481751149324906,0.584574786951146,0.0544304457381047,26.5106650984148
7.93928571428571,0.481712561594666,0.584533279430007,0.0544044191683448,26.5109440878454
7.93938492063492,0.481673977272816,0.584491773084307,0.0543784050649835,26.5112230528522
7.93948412698413,0.481635396358907,0.584450267914965,0.0543524034219704,26.5115019934384
7.93958333333333,0.481596818852491,0.584408763922898,0.054326414233258,26.5117809096071
7.93968253968254,0.481558244753121,0.584367261109022,0.0543004374928009,26.5120598013616
7.93978174603175,0.481519674060348,0.584325759474254,0.0542744731945558,26.5123386687049
7.93988095238095,0.481481106773725,0.584284259019512,0.0542485213324828,26.5126175116402
7.93998015873016,0.481442542892805,0.584242759745709,0.0542225819005435,26.5128963301707
7.94007936507937,0.481403982417141,0.584201261653762,0.054196654892702,26.5131751242995
7.94017857142857,0.481365425346284,0.584159764744585,0.0541707403029252,26.5134538940297
7.94027777777778,0.481326871679788,0.584118269019092,0.0541448381251819,26.5137326393645
7.94037698412698,0.481288321417205,0.584076774478198,0.0541189483534436,26.514011360307
7.94047619047619,0.48124977455809,0.584035281122816,0.0540930709816841,26.5142900568604
7.9405753968254,0.481211231101994,0.583993788953857,0.0540672060038797,26.5145687290278
7.9406746031746,0.481172691048472,0.583952297972236,0.0540413534140089,26.5148473768124
7.94077380952381,0.481134154397077,0.583910808178864,0.0540155132060528,26.5151260002173
7.94087301587302,0.481095621147363,0.583869319574652,0.0539896853739947,26.5154045992457
7.94097222222222,0.481057091298883,0.583827832160512,0.0539638699118205,26.5156831739006
7.94107142857143,0.48101856485119,0.583786345937354,0.0539380668135183,26.5159617241853
7.94117063492063,0.48098004180384,0.583744860906088,0.0539122760730788,26.5162402501028
7.94126984126984,0.480941522156386,0.583703377067623,0.0538864976844944,26.5165187516564
7.94136904761905,0.480903005908382,0.58366189442287,0.0538607316417614,26.5167972288491
7.94146825396825,0.480864493059383,0.583620412972737,0.053834977938877,26.517075681684
7.94156746031746,0.480825983608943,0.583578932718132,0.0538092365698416,26.5173541101644
7.94166666666667,0.480787477556617,0.583537453659964,0.0537835075286575,26.5176325142934
7.94176587301587,0.48074897490196,0.583495975799138,0.0537577908093299,26.517910894074
7.94186507936508,0.480710475644525,0.583454499136563,0.0537320864058659,26.5181892495095
7.94196428571429,0.480671979783869,0.583413023673145,0.0537063943122754,26.5184675806029
7.94206349206349,0.480633487319547,0.583371549409789,0.0536807145225704,26.5187458873574
7.9421626984127,0.480594998251113,0.583330076347401,0.0536550470307655,26.5190241697761
7.9422619047619,0.480556512578122,0.583288604486887,0.0536293918308776,26.5193024278622
7.94236111111111,0.480518030300131,0.583247133829151,0.0536037489169261,26.5195806616188
7.94246031746032,0.480479551416695,0.583205664375097,0.0535781182829325,26.519858871049
7.94255952380952,0.48044107592737,0.583164196125628,0.053552499922921,26.5201370561559
7.94265873015873,0.48040260383171,0.583122729081649,0.0535268938309182,26.5204152169427
7.94275793650794,0.480364135129273,0.583081263244061,0.0535013000009525,26.5206933534125
7.94285714285714,0.480325669819614,0.583039798613767,0.0534757184270558,26.5209714655685
7.94295634920635,0.480287207902291,0.582998335191669,0.0534501491032617,26.5212495534137
7.94305555555556,0.480248749376858,0.582956872978668,0.053424592023606,26.5215276169512
7.94315476190476,0.480210294242872,0.582915411975666,0.0533990471821273,26.5218056561843
7.94325396825397,0.48017184249989,0.582873952183562,0.0533735145728664,26.522083671116
7.94335317460317,0.480133394147469,0.582832493603257,0.0533479941898665,26.5223616617495
7.94345238095238,0.480094949185165,0.58279103623565,0.0533224860271734,26.5226396280878
7.94355158730159,0.480056507612535,0.58274958008164,0.053296990078835,26.5229175701342
7.94365079365079,0.480018069429137,0.582708125142127,0.0532715063389018,26.5231954878916
7.94375,0.479979634634527,0.582666671418007,0.0532460348014267,26.5234733813633
7.94384920634921,0.479941203228263,0.582625218910179,0.0532205754604647,26.5237512505524
7.94394841269841,0.479902775209902,0.582583767619539,0.0531951283100735,26.5240290954619
7.94404761904762,0.479864350579002,0.582542317546986,0.0531696933443132,26.524306916095
7.94414682539682,0.47982592933512,0.582500868693414,0.0531442705572462,26.5245847124549
7.94424603174603,0.479787511477814,0.58245942105972,0.0531188599429369,26.5248624845446
7.94434523809524,0.479749097006642,0.5824179746468,0.0530934614954531,26.5251402323672
7.94444444444444,0.479710685921163,0.582376529455547,0.0530680752088641,26.5254179559259
7.94454365079365,0.479672278220934,0.582335085486858,0.053042701077242,26.5256956552238
7.94464285714286,0.479633873905514,0.582293642741625,0.053017339094661,26.525973330264
7.94474206349206,0.47959547297446,0.582252201220742,0.0529919892551979,26.5262509810496
7.94484126984127,0.479557075427332,0.582210760925102,0.0529666515529319,26.5265286075837
7.94494047619048,0.479518681263688,0.582169321855599,0.0529413259819446,26.5268062098694
7.94503968253968,0.479480290483088,0.582127884013123,0.0529160125363198,26.5270837879099
7.94513888888889,0.479441903085088,0.582086447398568,0.052890711210144,26.5273613417083
7.94523809523809,0.47940351906925,0.582045012012823,0.0528654219975059,26.5276388712676
7.9453373015873,0.479365138435132,0.58200357785678,0.0528401448924965,26.527916376591
7.94543650793651,0.479326761182293,0.581962144931329,0.0528148798892095,26.5281938576815
7.94553571428571,0.479288387310293,0.58192071323736,0.0527896269817407,26.5284713145424
7.94563492063492,0.47925001681869,0.581879282775762,0.0527643861641885,26.5287487471767
7.94573412698413,0.479211649707045,0.581837853547425,0.0527391574306532,26.5290261555875
7.94583333333333,0.479173285974918,0.581796425553236,0.0527139407752386,26.5293035397778
7.94593253968254,0.479134925621869,0.581754998794084,0.0526887361920499,26.5295808997509
7.94603174603175,0.479096568647457,0.581713573270857,0.0526635436751949,26.5298582355099
7.94613095238095,0.479058215051242,0.581672148984441,0.0526383632187839,26.5301355470577
7.94623015873016,0.479019864832786,0.581630725935723,0.0526131948169296,26.5304128343976
7.94632936507937,0.478981517991647,0.581589304125589,0.0525880384637471,26.5306900975326
7.94642857142857,0.478943174527387,0.581547883554926,0.0525628941533539,26.5309673364658
7.94652777777778,0.478904834439566,0.581506464224617,0.0525377618798697,26.5312445512004
7.94662698412698,0.478866497727746,0.581465046135549,0.0525126416374169,26.5315217417394
7.94672619047619,0.478828164391486,0.581423629288604,0.0524875334201201,26.5317989080859
7.9468253968254,0.478789834430348,0.581382213684668,0.0524624372221063,26.5320760502431
7.9469246031746,0.478751507843893,0.581340799324624,0.052437353037505,26.532353168214
7.94702380952381,0.478713184631682,0.581299386209354,0.052412280860448,26.5326302620017
7.94712301587302,0.478674864793277,0.581257974339741,0.0523872206850695,26.5329073316093
7.94722222222222,0.478636548328239,0.581216563716666,0.0523621725055058,26.53318437704
7.94732142857143,0.478598235236129,0.581175154341013,0.0523371363158966,26.5334613982967
7.94742063492064,0.47855992551651,0.581133746213661,0.052312112110383,26.5337383953827
7.94751984126984,0.478521619168944,0.581092339335492,0.0522870998831087,26.534015368301
7.94761904761905,0.478483316192991,0.581050933707385,0.05226209962822,26.5342923170546
7.94771825396825,0.478445016588215,0.581009529330221,0.0522371113398654,26.5345692416468
7.94781746031746,0.478406720354177,0.580968126204878,0.052212135012196,26.5348461420805
7.94791666666667,0.47836842749044,0.580926724332235,0.052187170639365,26.5351230183589
7.94801587301587,0.478330137996567,0.580885323713171,0.0521622182155283,26.5353998704851
7.94811507936508,0.478291851872119,0.580843924348563,0.052137277734844,26.5356766984621
7.94821428571429,0.47825356911666,0.58080252623929,0.0521123491914727,26.535953502293
7.94831349206349,0.478215289729753,0.580761129386227,0.0520874325795774,26.536230281981
7.9484126984127,0.47817701371096,0.580719733790251,0.0520625278933233,26.536507037529
7.9485119047619,0.478138741059844,0.580678339452239,0.0520376351268782,26.5367837689403
7.94861111111111,0.478100471775969,0.580636946373066,0.0520127542744123,26.5370604762178
7.94871031746032,0.478062205858898,0.580595554553607,0.0519878853300977,26.5373371593648
7.94880952380952,0.478023943308195,0.580554163994736,0.0519630282881101,26.5376138183841
7.94890873015873,0.477985684123423,0.580512774697329,0.0519381831426264,26.537890453279
7.94900793650794,0.477947428304145,0.580471386662258,0.0519133498878264,26.5381670640526
7.94910714285714,0.477909175849926,0.580429999890397,0.051888528517892,26.5384436507078
7.94920634920635,0.47787092676033,0.580388614382619,0.0518637190270079,26.5387202132478
7.94930555555556,0.477832681034921,0.580347230139796,0.051838921409361,26.5389967516756
7.94940476190476,0.477794438673262,0.5803058471628,0.0518141356591404,26.5392732659945
7.94950396825397,0.477756199674918,0.580264465452503,0.0517893617705379,26.5395497562073
7.94960317460317,0.477717964039454,0.580223085009774,0.0517645997377476,26.5398262223172
7.94970238095238,0.477679731766433,0.580181705835486,0.051739849554966,26.5401026643273
7.94980158730159,0.477641502855422,0.580140327930508,0.0517151112163918,26.5403790822407
7.94990079365079,0.477603277305984,0.580098951295708,0.0516903847162263,26.5406554760604
7.95,0.477565055117685,0.580057575931958,0.0516656700486733,26.5409318457895
7.95009920634921,0.477526836290089,0.580016201840125,0.0516409672079387,26.5412081914311
7.95019841269841,0.477488620822762,0.579974829021076,0.0516162761882307,26.5414845129883
7.95029761904762,0.477450408715269,0.579933457475681,0.0515915969837607,26.541760810464
7.95039682539683,0.477412199967175,0.579892087204807,0.0515669295887417,26.5420370838615
7.95049603174603,0.477373994578047,0.57985071820932,0.0515422739973892,26.5423133331838
7.95059523809524,0.477335792547449,0.579809350490087,0.0515176302039213,26.5425895584339
7.95069444444444,0.477297593874947,0.579767984047973,0.0514929982025584,26.5428657596149
7.95079365079365,0.477259398560108,0.579726618883844,0.0514683779875233,26.5431419367299
7.95089285714286,0.477221206602498,0.579685254998565,0.0514437695530412,26.543418089782
7.95099206349206,0.477183018001682,0.579643892393001,0.0514191728933397,26.5436942187742
7.95109126984127,0.477144832757227,0.579602531068015,0.0513945880026487,26.5439703237096
7.95119047619048,0.477106650868699,0.579561171024471,0.0513700148752006,26.5442464045912
7.95128968253968,0.477068472335665,0.579519812263232,0.0513454535052303,26.5445224614222
7.95138888888889,0.477030297157691,0.579478454785161,0.0513209038869749,26.5447984942056
7.9514880952381,0.476992125334344,0.57943709859112,0.0512963660146739,26.5450745029444
7.9515873015873,0.476953956865192,0.579395743681971,0.0512718398825693,26.5453504876418
7.95168650793651,0.4769157917498,0.579354390058575,0.0512473254849051,26.5456264483007
7.95178571428572,0.476877629987737,0.579313037721793,0.0512228228159288,26.5459023849243
7.95188492063492,0.47683947157857,0.579271686672485,0.051198331869889,26.5461782975156
7.95198412698413,0.476801316521866,0.579230336911512,0.0511738526410375,26.5464541860777
7.95208333333333,0.476763164817192,0.579188988439732,0.051149385123628,26.5467300506136
7.95218253968254,0.476725016464116,0.579147641258005,0.0511249293119169,26.5470058911264
7.95228174603175,0.476686871462206,0.579106295367189,0.051100485200163,26.5472817076192
7.95238095238095,0.476648729811029,0.579064950768142,0.0510760527826272,26.5475575000949
7.95248015873016,0.476610591510155,0.579023607461722,0.0510516320535732,26.5478332685568
7.95257936507937,0.47657245655915,0.578982265448786,0.0510272230072669,26.5481090130077
7.95267857142857,0.476534324957583,0.57894092473019,0.0510028256379764,26.5483847334509
7.95277777777778,0.476496196705023,0.578899585306791,0.0509784399399725,26.5486604298893
7.95287698412698,0.476458071801038,0.578858247179445,0.0509540659075283,26.5489361023259
7.95297619047619,0.476419950245197,0.578816910349007,0.0509297035349193,26.549211750764
7.9530753968254,0.476381832037068,0.578775574816331,0.0509053528164233,26.5494873752064
7.9531746031746,0.476343717176219,0.578734240582272,0.0508810137463202,26.5497629756563
7.95327380952381,0.476305605662222,0.578692907647685,0.0508566863188934,26.5500385521167
7.95337301587302,0.476267497494643,0.578651576013422,0.0508323705284275,26.5503141045906
7.95347222222222,0.476229392673054,0.578610245680336,0.0508080663692101,26.5505896330812
7.95357142857143,0.476191291197022,0.57856891664928,0.0507837738355309,26.5508651375914
7.95367063492063,0.476153193066118,0.578527588921107,0.0507594929216822,26.5511406181243
7.95376984126984,0.47611509827991,0.578486262496667,0.0507352236219585,26.551416074683
7.95386904761905,0.47607700683797,0.578444937376811,0.0507109659306571,26.5516915072705
7.95396825396825,0.476038918739866,0.578403613562392,0.0506867198420771,26.5519669158898
7.95406746031746,0.476000833985169,0.578362291054258,0.0506624853505206,26.552242300544
7.95416666666667,0.475962752573448,0.578320969853259,0.0506382624502915,26.5525176612362
7.95426587301587,0.475924674504274,0.578279649960245,0.0506140511356966,26.5527929979694
7.95436507936508,0.475886599777218,0.578238331376065,0.0505898514010448,26.5530683107466
7.95446428571428,0.475848528391849,0.578197014101566,0.0505656632406476,26.5533435995708
7.95456349206349,0.475810460347739,0.578155698137598,0.0505414866488186,26.5536188644452
7.9546626984127,0.475772395644457,0.578114383485006,0.0505173216198737,26.5538941053728
7.9547619047619,0.475734334281576,0.57807307014464,0.0504931681481322,26.5541693223565
7.95486111111111,0.475696276258665,0.578031758117344,0.0504690262279147,26.5544445153995
7.95496031746032,0.475658221575296,0.577990447403965,0.0504448958535445,26.5547196845048
7.95505952380952,0.475620170231041,0.577949138005349,0.0504207770193474,26.5549948296754
7.95515873015873,0.47558212222547,0.57790782992234,0.0503966697196516,26.5552699509144
7.95525793650794,0.475544077558155,0.577866523155784,0.0503725739487874,26.5555450482248
7.95535714285714,0.475506036228667,0.577825217706525,0.050348489701088,26.5558201216096
7.95545634920635,0.475467998236579,0.577783913575406,0.0503244169708886,26.5560951710719
7.95555555555556,0.475429963581461,0.577742610763271,0.0503003557525269,26.5563701966147
7.95565476190476,0.475391932262887,0.577701309270962,0.050276306040343,26.556645198241
7.95575396825397,0.475353904280427,0.577660009099322,0.0502522678286795,26.5569201759539
7.95585317460317,0.475315879633655,0.577618710249194,0.0502282411118812,26.5571951297564
7.95595238095238,0.475277858322142,0.577577412721417,0.0502042258842954,26.5574700596516
7.95605158730159,0.475239840345462,0.577536116516835,0.0501802221402719,26.5577449656425
7.95615079365079,0.475201825703185,0.577494821636285,0.0501562298741624,26.558019847732
7.95625,0.475163814394886,0.57745352808061,0.0501322490803219,26.5582947059233
7.95634920634921,0.475125806420138,0.577412235850649,0.0501082797531071,26.5585695402194
7.95644841269841,0.475087801778512,0.577370944947241,0.0500843218868773,26.5588443506232
7.95654761904762,0.475049800469582,0.577329655371224,0.0500603754759939,26.5591191371379
7.95664682539683,0.475011802492922,0.577288367123436,0.0500364405148213,26.5593938997665
7.95674603174603,0.474973807848104,0.577247080204717,0.0500125169977256,26.5596686385119
7.95684523809524,0.474935816534701,0.577205794615902,0.0499886049190759,26.5599433533772
7.95694444444444,0.474897828552289,0.577164510357829,0.0499647042732434,26.5602180443655
7.95704365079365,0.474859843900439,0.577123227431334,0.0499408150546016,26.5604927114797
7.95714285714286,0.474821862578727,0.577081945837253,0.0499169372575265,26.5607673547229
7.95724206349206,0.474783884586725,0.577040665576422,0.0498930708763967,26.5610419740981
7.95734126984127,0.474745909924008,0.576999386649676,0.0498692159055929,26.5613165696084
7.95744047619048,0.474707938590151,0.576958109057848,0.0498453723394984,26.5615911412567
7.95753968253968,0.474669970584726,0.576916832801774,0.0498215401724986,26.561865689046
7.95763888888889,0.474632005907309,0.576875557882285,0.0497977193989814,26.5621402129795
7.9577380952381,0.474594044557475,0.576834284300218,0.0497739100133376,26.5624147130601
7.9578373015873,0.474556086534798,0.576793012056403,0.0497501120099598,26.5626891892908
7.95793650793651,0.474518131838852,0.576751741151673,0.0497263253832432,26.5629636416747
7.95803571428571,0.474480180469213,0.57671047158686,0.0497025501275853,26.5632380702147
7.95813492063492,0.474442232425456,0.576669203362795,0.0496787862373862,26.5635124749139
7.95823412698413,0.474404287707156,0.576627936480309,0.049655033707048,26.5637868557753
7.95833333333333,0.474366346313887,0.576586670940233,0.0496312925309756,26.564061212802
7.95843253968254,0.474328408245227,0.576545406743395,0.0496075627035761,26.5643355459969
7.95853174603175,0.474290473500749,0.576504143890627,0.0495838442192592,26.564609855363
7.95863095238095,0.474252542080029,0.576462882382756,0.0495601370724366,26.5648841409034
7.95873015873016,0.474214613982645,0.576421622220612,0.0495364412575228,26.565158402621
7.95882936507936,0.47417668920817,0.576380363405022,0.0495127567689344,26.565432640519
7.95892857142857,0.474138767756182,0.576339105936815,0.0494890836010905,26.5657068546002
7.95902777777778,0.474100849626256,0.576297849816816,0.0494654217484128,26.5659810448678
7.95912698412698,0.474062934817968,0.576256595045854,0.0494417712053247,26.5662552113247
7.95922619047619,0.474025023330896,0.576215341624754,0.0494181319662532,26.5665293539739
7.9593253968254,0.473987115164616,0.576174089554342,0.0493945040256267,26.5668034728184
7.9594246031746,0.473949210318703,0.576132838835444,0.0493708873778762,26.5670775678613
7.95952380952381,0.473911308792736,0.576091589468884,0.0493472820174353,26.5673516391055
7.95962301587302,0.473873410586291,0.576050341455486,0.0493236879387398,26.5676256865541
7.95972222222222,0.473835515698944,0.576009094796076,0.0493001051362279,26.5678997102101
7.95982142857143,0.473797624130273,0.575967849491475,0.0492765336043404,26.5681737100764
7.95992063492063,0.473759735879855,0.575926605542508,0.0492529733375202,26.5684476861561
7.96001984126984,0.473721850947268,0.575885362949997,0.0492294243302129,26.5687216384522
7.96011904761905,0.473683969332089,0.575844121714763,0.0492058865768663,26.5689955669676
7.96021825396825,0.473646091033896,0.575802881837629,0.0491823600719306,26.5692694717055
7.96031746031746,0.473608216052266,0.575761643319416,0.0491588448098584,26.5695433526687
7.96041666666667,0.473570344386777,0.575720406160944,0.0491353407851048,26.5698172098603
7.96051587301587,0.473532476037007,0.575679170363034,0.0491118479921272,26.5700910432833
7.96061507936508,0.473494611002534,0.575637935926505,0.0490883664253851,26.5703648529407
7.96071428571429,0.473456749282938,0.575596702852178,0.0490648960793414,26.5706386388354
7.96081349206349,0.473418890877795,0.57555547114087,0.0490414369484602,26.5709124009705
7.9609126984127,0.473381035786684,0.575514240793401,0.0490179890272087,26.5711861393491
7.96101190476191,0.473343184009185,0.575473011810587,0.0489945523100561,26.5714598539739
7.96111111111111,0.473305335544875,0.575431784193248,0.0489711267914744,26.5717335448482
7.96121031746032,0.473267490393333,0.575390557942199,0.0489477124659376,26.5720072119748
7.96130952380952,0.473229648554139,0.575349333058257,0.0489243093279223,26.5722808553568
7.96140873015873,0.473191810026872,0.575308109542239,0.0489009173719076,26.5725544749971
7.96150793650794,0.473153974811111,0.57526688739496,0.0488775365923747,26.5728280708988
7.96160714285714,0.473116142906434,0.575225666617235,0.0488541669838075,26.5731016430648
7.96170634920635,0.473078314312422,0.57518444720988,0.048830808540692,26.5733751914981
7.96180555555556,0.473040489028655,0.575143229173707,0.0488074612575168,26.5736487162018
7.96190476190476,0.473002667054711,0.575102012509532,0.0487841251287728,26.5739222171787
7.96200396825397,0.472964848390171,0.575060797218167,0.0487608001489534,26.574195694432
7.96210317460318,0.472927033034614,0.575019583300425,0.048737486312554,26.5744691479645
7.96220238095238,0.472889220987621,0.574978370757119,0.0487141836140733,26.5747425777794
7.96230158730159,0.472851412248772,0.574937159589062,0.0486908920480116,26.5750159838794
7.96240079365079,0.472813606817647,0.574895949797063,0.0486676116088717,26.5752893662678
7.9625,0.472775804693827,0.574854741381935,0.0486443422911589,26.5755627249473
7.96259920634921,0.472738005876893,0.574813534344488,0.048621084089381,26.5758360599211
7.96269841269841,0.472700210366424,0.574772328685532,0.048597836998048,26.5761093711921
7.96279761904762,0.472662418162002,0.574731124405876,0.0485746010116724,26.5763826587633
7.96289682539683,0.472624629263207,0.574689921506331,0.048551376124769,26.5766559226376
7.96299603174603,0.472586843669622,0.574648719987704,0.0485281623318552,26.5769291628181
7.96309523809524,0.472549061380826,0.574607519850804,0.0485049596274506,26.5772023793077
7.96319444444444,0.472511282396401,0.574566321096439,0.0484817680060774,26.5774755721095
7.96329365079365,0.472473506715929,0.574525123725416,0.0484585874622598,26.5777487412263
7.96339285714286,0.472435734338992,0.574483927738543,0.0484354179905248,26.5780218866612
7.96349206349206,0.47239796526517,0.574442733136624,0.0484122595854016,26.5782950084172
7.96359126984127,0.472360199494045,0.574401539920467,0.0483891122414215,26.5785681064971
7.96369047619048,0.472322437025201,0.574360348090877,0.0483659759531192,26.5788411809041
7.96378968253968,0.472284677858218,0.57431915764866,0.0483428507150308,26.5791142316411
7.96388888888889,0.472246921992679,0.574277968594619,0.0483197365216952,26.579387258711
7.9639880952381,0.472209169428166,0.574236780929559,0.0482966333676535,26.5796602621169
7.9640873015873,0.472171420164261,0.574195594654283,0.0482735412474493,26.5799332418617
7.96418650793651,0.472133674200548,0.574154409769595,0.0482504601556286,26.5802061979483
7.96428571428571,0.472095931536608,0.574113226276298,0.0482273900867399,26.5804791303798
7.96438492063492,0.472058192172025,0.574072044175193,0.0482043310353339,26.5807520391592
7.96448412698413,0.472020456106381,0.574030863467084,0.0481812829959638,26.5810249242893
7.96458333333333,0.471982723339259,0.57398968415277,0.0481582459631851,26.5812977857732
7.96468253968254,0.471944993870243,0.573948506233052,0.0481352199315559,26.5815706236138
7.96478174603175,0.471907267698916,0.573907329708733,0.0481122048956365,26.5818434378142
7.96488095238095,0.471869544824861,0.57386615458061,0.0480892008499897,26.5821162283772
7.96498015873016,0.471831825247662,0.573824980849485,0.0480662077891806,26.5823889953059
7.96507936507937,0.471794108966902,0.573783808516155,0.0480432257077764,26.5826617386031
7.96517857142857,0.471756395982166,0.57374263758142,0.0480202546003477,26.582934458272
7.96527777777778,0.471718686293036,0.573701468046077,0.0479972944614666,26.5832071543154
7.96537698412698,0.471680979899098,0.573660299910925,0.0479743452857077,26.5834798267363
7.96547619047619,0.471643276799935,0.573619133176761,0.0479514070676483,26.5837524755377
7.9655753968254,0.471605576995131,0.573577967844381,0.0479284798018677,26.5840251007225
7.9656746031746,0.471567880484272,0.573536803914582,0.0479055634829479,26.5842977022937
7.96577380952381,0.47153018726694,0.573495641388159,0.0478826581054732,26.5845702802543
7.96587301587302,0.471492497342722,0.573454480265908,0.0478597636640304,26.5848428346072
7.96597222222222,0.471454810711201,0.573413320548624,0.0478368801532084,26.5851153653553
7.96607142857143,0.471417127371963,0.573372162237101,0.0478140075675989,26.5853878725017
7.96617063492063,0.471379447324593,0.573331005332134,0.0477911459017956,26.5856603560494
7.96626984126984,0.471341770568675,0.573289849834515,0.0477682951503949,26.5859328160011
7.96636904761905,0.471304097103795,0.573248695745038,0.0477454553079953,26.58620525236
7.96646825396825,0.471266426929539,0.573207543064496,0.0477226263691981,26.586477665129
7.96656746031746,0.471228760045491,0.57316639179368,0.0476998083286063,26.586750054311
7.96666666666667,0.471191096451238,0.573125241933383,0.0476770011808263,26.587022419909
7.96676587301587,0.471153436146365,0.573084093484395,0.0476542049204662,26.587294761926
7.96686507936508,0.471115779130458,0.573042946447508,0.0476314195421366,26.5875670803648
7.96696428571429,0.471078125403104,0.573001800823512,0.0476086450404505,26.5878393752285
7.96706349206349,0.471040474963887,0.572960656613196,0.0475858814100233,26.58811164652
7.9671626984127,0.471002827812395,0.57291951381735,0.0475631286454728,26.5883838942422
7.96726190476191,0.470965183948214,0.572878372436763,0.0475403867414193,26.5886561183982
7.96736111111111,0.47092754337093,0.572837232472223,0.0475176556924853,26.5889283189908
7.96746031746032,0.470889906080129,0.572796093924519,0.047494935493296,26.589200496023
7.96755952380952,0.470852272075399,0.572754956794438,0.0474722261384786,26.5894726494977
7.96765873015873,0.470814641356327,0.572713821082766,0.047449527622663,26.589744779418
7.96775793650794,0.470777013922499,0.572672686790291,0.0474268399404813,26.5900168857867
7.96785714285714,0.470739389773502,0.572631553917799,0.0474041630865681,26.5902889686069
7.96795634920635,0.470701768908924,0.572590422466076,0.0473814970555605,26.5905610278813
7.96805555555556,0.470664151328351,0.572549292435905,0.0473588418420973,26.5908330636131
7.96815476190476,0.470626537031373,0.572508163828074,0.0473361974408212,26.5911050758051
7.96825396825397,0.470588926017575,0.572467036643366,0.0473135638463758,26.5913770644603
7.96835317460318,0.470551318286547,0.572425910882564,0.0472909410534078,26.5916490295816
7.96845238095238,0.470513713837874,0.572384786546452,0.047268329056566,26.591920971172
7.96855158730159,0.470476112671147,0.572343663635814,0.0472457278505018,26.5921928892344
7.96865079365079,0.470438514785952,0.572302542151431,0.047223137429869,26.5924647837717
7.96875,0.470400920181877,0.572261422094085,0.0472005577893237,26.592736654787
7.96884920634921,0.470363328858512,0.572220303464559,0.0471779889235243,26.593008502283
7.96894841269841,0.470325740815445,0.572179186263633,0.0471554308271319,26.5932803262628
7.96904761904762,0.470288156052263,0.572138070492087,0.0471328834948096,26.5935521267294
7.96914682539682,0.470250574568557,0.572096956150703,0.0471103469212233,26.5938239036856
7.96924603174603,0.470212996363914,0.572055843240259,0.047087821101041,26.5940956571344
7.96934523809524,0.470175421437924,0.572014731761535,0.0470653060289331,26.5943673870787
7.96944444444444,0.470137849790175,0.57197362171531,0.0470428016995727,26.5946390935214
7.96954365079365,0.470100281420257,0.571932513102362,0.0470203081076346,26.5949107764656
7.96964285714286,0.470062716327759,0.571891405923469,0.0469978252477972,26.595182435914
7.96974206349206,0.470025154512271,0.571850300179409,0.0469753531147401,26.5954540718698
7.96984126984127,0.469987595973382,0.571809195870957,0.046952891703146,26.5957256843357
7.96994047619048,0.469950040710682,0.571768092998892,0.0469304410076995,26.5959972733147
7.97003968253968,0.469912488723761,0.571726991563988,0.0469080010230879,26.5962688388098
7.97013888888889,0.469874940012208,0.571685891567022,0.046885571744001,26.5965403808239
7.97023809523809,0.469837394575614,0.571644793008769,0.0468631531651308,26.5968118993599
7.9703373015873,0.469799852413568,0.571603695890002,0.0468407452811716,26.5970833944208
7.97043650793651,0.469762313525662,0.571562600211497,0.0468183480868203,26.5973548660094
7.97053571428571,0.469724777911485,0.571521505974027,0.0467959615767761,26.5976263141287
7.97063492063492,0.469687245570628,0.571480413178365,0.0467735857457406,26.5978977387817
7.97073412698413,0.469649716502681,0.571439321825284,0.0467512205884179,26.5981691399712
7.97083333333333,0.469612190707236,0.571398231915557,0.0467288660995143,26.5984405177002
7.97093253968254,0.469574668183884,0.571357143449955,0.0467065222737386,26.5987118719716
7.97103174603175,0.469537148932214,0.57131605642925,0.0466841891058018,26.5989832027883
7.97113095238095,0.46949963295182,0.571274970854212,0.0466618665904179,26.5992545101533
7.97123015873016,0.469462120242291,0.571233886725613,0.0466395547223027,26.5995257940694
7.97132936507937,0.46942461080322,0.571192804044222,0.0466172534961746,26.5997970545397
7.97142857142857,0.469387104634197,0.571151722810809,0.0465949629067543,26.600068291567
7.97152777777778,0.469349601734814,0.571110643026143,0.0465726829487649,26.6003395051542
7.97162698412698,0.469312102104664,0.571069564690993,0.0465504136169321,26.6006106953042
7.97172619047619,0.469274605743338,0.571028487806126,0.0465281549059837,26.6008818620201
7.9718253968254,0.469237112650428,0.570987412372311,0.0465059068106502,26.6011530053047
7.9719246031746,0.469199622825527,0.570946338390314,0.0464836693256641,26.6014241251608
7.97202380952381,0.469162136268225,0.570905265860903,0.0464614424457608,26.6016952215915
7.97212301587302,0.469124652978117,0.570864194784844,0.0464392261656777,26.6019662945997
7.97222222222222,0.469087172954794,0.570823125162903,0.0464170204801547,26.6022373441882
7.97232142857143,0.469049696197849,0.570782056995845,0.0463948253839341,26.60250837036
7.97242063492063,0.469012222706875,0.570740990284436,0.0463726408717606,26.602779373118
7.97251984126984,0.468974752481464,0.570699925029438,0.0463504669383811,26.6030503524651
7.97261904761905,0.46893728552121,0.570658861231618,0.0463283035785456,26.6033213084042
7.97271825396825,0.468899821825706,0.570617798891739,0.0463061507870057,26.6035922409383
7.97281746031746,0.468862361394545,0.570576738010563,0.0462840085585158,26.6038631500702
7.97291666666667,0.468824904227321,0.570535678588852,0.0462618768878323,26.6041340358028
7.97301587301587,0.468787450323626,0.570494620627371,0.0462397557697145,26.6044048981392
7.97311507936508,0.468749999683055,0.570453564126879,0.0462176451989239,26.6046757370821
7.97321428571429,0.468712552305201,0.570412509088139,0.0461955451702242,26.6049465526344
7.97331349206349,0.468675108189658,0.570371455511911,0.0461734556783817,26.6052173447992
7.9734126984127,0.46863766733602,0.570330403398955,0.046151376718165,26.6054881135793
7.9735119047619,0.468600229743882,0.570289352750032,0.0461293082843453,26.6057588589775
7.97361111111111,0.468562795412837,0.570248303565901,0.0461072503716959,26.6060295809969
7.97371031746032,0.46852536434248,0.570207255847321,0.0460852029749926,26.6063002796403
7.97380952380952,0.468487936532405,0.57016620959505,0.0460631660890138,26.6065709549106
7.97390873015873,0.468450511982207,0.570125164809846,0.0460411397085399,26.6068416068108
7.97400793650794,0.46841309069148,0.570084121492467,0.0460191238283538,26.6071122353436
7.97410714285714,0.46837567265982,0.570043079643671,0.0459971184432413,26.6073828405121
7.97420634920635,0.468338257886822,0.570002039264213,0.0459751235479901,26.6076534223191
7.97430555555556,0.46830084637208,0.569961000354851,0.0459531391373903,26.6079239807676
7.97440476190476,0.46826343811519,0.569919962916339,0.0459311652062345,26.6081945158603
7.97450396825397,0.468226033115747,0.569878926949433,0.0459092017493176,26.6084650276003
7.97460317460317,0.468188631373346,0.569837892454888,0.0458872487614371,26.6087355159905
7.97470238095238,0.468151232887584,0.569796859433459,0.0458653062373927,26.6090059810336
7.97480158730159,0.468113837658055,0.569755827885899,0.0458433741719866,26.6092764227327
7.97490079365079,0.468076445684357,0.569714797812961,0.0458214525600233,26.6095468410906
7.975,0.468039056966083,0.569673769215399,0.0457995413963098,26.6098172361102
7.97509920634921,0.468001671502832,0.569632742093965,0.0457776406756554,26.6100876077944
7.97519841269841,0.467964289294199,0.569591716449411,0.0457557503928719,26.6103579561461
7.97529761904762,0.46792691033978,0.569550692282489,0.0457338705427734,26.6106282811682
7.97539682539682,0.467889534639171,0.56950966959395,0.0457120011201764,26.6108985828637
7.97549603174603,0.46785216219197,0.569468648384544,0.0456901421198996,26.6111688612352
7.97559523809524,0.467814792997772,0.569427628655022,0.0456682935367648,26.6114391162859
7.97569444444444,0.467777427056176,0.569386610406134,0.0456464553655955,26.6117093480185
7.97579365079365,0.467740064366778,0.569345593638629,0.0456246276012178,26.611979556436
7.97589285714286,0.467702704929174,0.569304578353255,0.0456028102384601,26.6122497415412
7.97599206349206,0.467665348742962,0.569263564550762,0.0455810032721534,26.6125199033371
7.97609126984127,0.467627995807739,0.569222552231896,0.045559206697131,26.6127900418264
7.97619047619048,0.467590646123104,0.569181541397407,0.0455374205082285,26.6130601570122
7.97628968253968,0.467553299688652,0.569140532048039,0.045515644700284,26.6133302488973
7.97638888888889,0.467515956503983,0.56909952418454,0.0454938792681379,26.6136003174845
7.97648809523809,0.467478616568693,0.569058517807657,0.0454721242066332,26.6138703627768
7.9765873015873,0.467441279882381,0.569017512918134,0.0454503795106151,26.6141403847771
7.97668650793651,0.467403946444645,0.568976509516717,0.0454286451749311,26.6144103834882
7.97678571428571,0.467366616255083,0.568935507604151,0.0454069211944315,26.614680358913
7.97688492063492,0.467329289313293,0.568894507181179,0.0453852075639686,26.6149503110544
7.97698412698413,0.467291965618874,0.568853508248546,0.045363504278397,26.6152202399152
7.97708333333333,0.467254645171424,0.568812510806994,0.0453418113325744,26.6154901454985
7.97718253968254,0.467217327970541,0.568771514857268,0.0453201287213602,26.6157600278069
7.97728174603175,0.467180014015826,0.568730520400108,0.0452984564396164,26.6160298868435
7.97738095238095,0.467142703306876,0.568689527436257,0.0452767944822074,26.6162997226111
7.97748015873016,0.467105395843291,0.568648535966457,0.0452551428440001,26.6165695351125
7.97757936507937,0.467068091624669,0.568607545991448,0.0452335015198636,26.6168393243507
7.97767857142857,0.467030790650611,0.568566557511971,0.0452118705046694,26.6171090903286
7.97777777777778,0.466993492920715,0.568525570528766,0.0451902497932916,26.6173788330489
7.97787698412698,0.466956198434581,0.568484585042573,0.0451686393806067,26.6176485525146
7.97797619047619,0.466918907191808,0.568443601054131,0.0451470392614932,26.6179182487286
7.9780753968254,0.466881619191997,0.568402618564178,0.0451254494308324,26.6181879216937
7.9781746031746,0.466844334434747,0.568361637573453,0.0451038698835079,26.6184575714127
7.97827380952381,0.466807052919659,0.568320658082694,0.0450823006144057,26.6187271978887
7.97837301587302,0.466769774646332,0.568279680092637,0.045060741618414,26.6189968011244
7.97847222222222,0.466732499614367,0.56823870360402,0.0450391928904232,26.6192663811227
7.97857142857143,0.466695227823364,0.568197728617579,0.0450176544253273,26.6195359378865
7.97867063492064,0.466657959272923,0.56815675513405,0.0449961262180213,26.6198054714186
7.97876984126984,0.466620693962646,0.568115783154169,0.0449746082634032,26.6200749817219
7.97886904761905,0.466583431892287,0.568074812677879,0.0449531005603021,26.6203444687983
7.97896825396825,0.466546173062656,0.568033843699536,0.0449316031353513,26.6206139326413
7.97906746031746,0.466508917473546,0.567992876218471,0.0449101159905391,26.6208833732521
7.97916666666667,0.466471665124473,0.567951910235407,0.0448886391209617,26.6211527906334
7.97926587301587,0.466434416014957,0.567910945751063,0.0448671725217176,26.6214221847881
7.97936507936508,0.466397170144516,0.567869982766161,0.0448457161879074,26.6216915557191
7.97946428571429,0.466359927512672,0.567829021281419,0.0448242701146338,26.6219609034292
7.97956349206349,0.466322688118945,0.567788061297556,0.0448028342970018,26.6222302279215
7.9796626984127,0.466285451962858,0.567747102815292,0.0447814087301184,26.6224995291986
7.9797619047619,0.466248219043934,0.567706145835342,0.044759993409093,26.6227688072635
7.97986111111111,0.466210989361698,0.567665190358425,0.0447385883290369,26.623038062119
7.97996031746032,0.466173762915672,0.567624236385256,0.0447171934850633,26.6233072937681
7.98005952380952,0.466136539705386,0.567583283916553,0.0446958088722887,26.6235765022136
7.98015873015873,0.466099319730365,0.567542332953029,0.0446744344858305,26.6238456874583
7.98025793650794,0.466062102990137,0.5675013834954,0.0446530703208088,26.6241148495052
7.98035714285714,0.466024889484231,0.56746043554438,0.0446317163723459,26.624383988357
7.98045634920635,0.465987679212176,0.567419489100681,0.044610372635566,26.6246531040166
7.98055555555556,0.465950472173503,0.567378544165017,0.0445890391055957,26.624922196487
7.98065476190476,0.465913268367745,0.5673376007381,0.0445677157775637,26.6251912657709
7.98075396825397,0.465876067794433,0.567296658820642,0.0445464026466008,26.6254603118713
7.98085317460317,0.4658388704531,0.567255718413352,0.04452509970784,26.6257293347909
7.98095238095238,0.465801676343282,0.567214779516943,0.0445038069564164,26.6259983345326
7.98105158730159,0.465764485464514,0.567173842132123,0.0444825243874675,26.6262673110994
7.98115079365079,0.465727297816331,0.567132906259601,0.0444612519961326,26.6265362644939
7.98125,0.465690113398272,0.567091971900087,0.0444399897775533,26.6268051947192
7.98134920634921,0.465652932209874,0.567051039054288,0.0444187377268736,26.627074101778
7.98144841269841,0.465615754250675,0.56701010772291,0.044397495839239,26.6273429856732
7.98154761904762,0.465578579520218,0.566969177906662,0.0443762641097983,26.6276118464077
7.98164682539683,0.465541408018041,0.566928249606249,0.0443550425337013,26.6278806839842
7.98174603174603,0.465504239743688,0.566887322822376,0.0443338311061006,26.6281494984056
7.98184523809524,0.465467074696701,0.566846397555749,0.0443126298221508,26.6284182896749
7.98194444444444,0.465429912876623,0.566805473807071,0.0442914386770085,26.6286870577947
7.98204365079365,0.465392754283,0.566764551577047,0.0442702576658328,26.628955802768
7.98214285714286,0.465355598915376,0.566723630866378,0.0442490867837846,26.6292245245976
7.98224206349206,0.465318446773299,0.566682711675768,0.0442279260260272,26.6294932232863
7.98234126984127,0.465281297856316,0.566641794005919,0.044206775387726,26.6297618988371
7.98244047619048,0.465244152163976,0.566600877857531,0.0441856348640486,26.6300305512526
7.98253968253968,0.465207009695827,0.566559963231306,0.0441645044501645,26.6302991805358
7.98263888888889,0.46516987045142,0.566519050127942,0.0441433841412458,26.6305677866894
7.9827380952381,0.465132734430306,0.56647813854814,0.0441222739324664,26.6308363697164
7.9828373015873,0.465095601632037,0.566437228492598,0.0441011738190026,26.6311049296195
7.98293650793651,0.465058472056166,0.566396319962014,0.0440800837960322,26.6313734664017
7.98303571428572,0.465021345702249,0.566355412957086,0.0440590038587366,26.6316419800656
7.98313492063492,0.464984222569838,0.566314507478511,0.0440379340022979,26.6319104706141
7.98323412698413,0.464947102658491,0.566273603526985,0.0440168742219011,26.6321789380501
7.98333333333333,0.464909985967763,0.566232701103204,0.0439958245127332,26.6324473823764
7.98343253968254,0.464872872497214,0.566191800207862,0.0439747848699832,26.6327158035959
7.98353174603175,0.4648357622464,0.566150900841655,0.0439537552888424,26.6329842017112
7.98363095238095,0.464798655214883,0.566110003005276,0.0439327357645044,26.6332525767253
7.98373015873016,0.464761551402222,0.566069106699418,0.0439117262921648,26.633520928641
7.98382936507937,0.46472445080798,0.566028211924774,0.0438907268670212,26.6337892574611
7.98392857142857,0.464687353431717,0.565987318682037,0.0438697374842737,26.6340575631884
7.98402777777778,0.464650259272999,0.565946426971896,0.0438487581391244,26.6343258458257
7.98412698412698,0.464613168331388,0.565905536795044,0.0438277888267775,26.6345941053759
7.98422619047619,0.464576080606451,0.565864648152171,0.0438068295424394,26.6348623418417
7.9843253968254,0.464538996097753,0.565823761043965,0.0437858802813187,26.635130555226
7.9844246031746,0.46450191480486,0.565782875471116,0.0437649410386259,26.6353987455316
7.98452380952381,0.464464836727343,0.565741991434313,0.0437440118095744,26.6356669127613
7.98462301587302,0.464427761864769,0.565701108934242,0.0437230925893789,26.6359350569179
7.98472222222222,0.464390690216709,0.565660227971592,0.0437021833732568,26.6362031780042
7.98482142857143,0.464353621782732,0.565619348547049,0.0436812841564273,26.636471276023
7.98492063492063,0.464316556562411,0.565578470661299,0.043660394934112,26.6367393509772
7.98501984126984,0.464279494555319,0.565537594315026,0.0436395157015347,26.6370074028695
7.98511904761905,0.464242435761028,0.565496719508916,0.043618646453921,26.6372754317027
7.98521825396825,0.464205380179115,0.565455846243653,0.0435977871864991,26.6375434374796
7.98531746031746,0.464168327809153,0.56541497451992,0.0435769378944991,26.6378114202031
7.98541666666667,0.46413127865072,0.5653741043384,0.0435560985731534,26.6380793798759
7.98551587301587,0.464094232703392,0.565333235699776,0.0435352692176964,26.6383473165009
7.98561507936508,0.464057189966749,0.565292368604728,0.0435144498233648,26.6386152300808
7.98571428571428,0.464020150440368,0.565251503053939,0.0434936403853974,26.6388831206184
7.98581349206349,0.463983114123832,0.565210639048088,0.0434728408990351,26.6391509881165
7.9859126984127,0.463946081016719,0.565169776587854,0.0434520513595208,26.6394188325779
7.9860119047619,0.463909051118613,0.565128915673919,0.0434312717621003,26.6396866540055
7.98611111111111,0.463872024429096,0.56508805630696,0.0434105021020209,26.6399544524019
7.98621031746032,0.463835000947753,0.565047198487655,0.043389742374532,26.64022222777
7.98630952380952,0.463797980674168,0.565006342216681,0.0433689925748855,26.6404899801126
7.98640873015873,0.463760963607926,0.564965487494715,0.0433482526983354,26.6407577094325
7.98650793650794,0.463723949748615,0.564924634322434,0.0433275227401375,26.6410254157324
7.98660714285714,0.463686939095823,0.564883782700512,0.0433068026955503,26.6412930990151
7.98670634920635,0.463649931649136,0.564842932629626,0.0432860925598341,26.6415607592834
7.98680555555556,0.463612927408146,0.564802084110448,0.0432653923282515,26.6418283965402
7.98690476190476,0.463575926372442,0.564761237143653,0.0432447019960672,26.6420960107881
7.98700396825397,0.463538928541617,0.564720391729914,0.043224021558548,26.6423636020299
7.98710317460317,0.463501933915261,0.564679547869903,0.043203351010963,26.6426311702685
7.98720238095238,0.463464942492968,0.564638705564293,0.0431826903485834,26.6428987155066
7.98730158730159,0.463427954274333,0.564597864813754,0.0431620395666826,26.6431662377469
7.98740079365079,0.46339096925895,0.564557025618957,0.0431413986605358,26.6434337369924
7.9875,0.463353987446416,0.564516187980572,0.0431207676254212,26.6437012132456
7.98759920634921,0.463317008836327,0.564475351899269,0.0431001464566184,26.6439686665095
7.98769841269841,0.463280033428282,0.564434517375717,0.0430795351494093,26.6442360967867
7.98779761904762,0.463243061221878,0.564393684410583,0.0430589336990782,26.6445035040801
7.98789682539683,0.463206092216717,0.564352853004535,0.0430383421009113,26.6447708883924
7.98799603174603,0.463169126412398,0.564312023158241,0.0430177603501972,26.6450382497263
7.98809523809524,0.463132163808523,0.564271194872366,0.0429971884422263,26.6453055880847
7.98819444444444,0.463095204404695,0.564230368147577,0.0429766263722916,26.6455729034703
7.98829365079365,0.463058248200517,0.564189542984538,0.042956074135688,26.6458401958859
7.98839285714286,0.463021295195593,0.564148719383915,0.0429355317277126,26.6461074653342
7.98849206349206,0.462984345389529,0.56410789734637,0.0429149991436646,26.646374711818
7.98859126984127,0.462947398781931,0.564067076872568,0.0428944763788455,26.6466419353401
7.98869047619048,0.462910455372407,0.564026257963171,0.0428739634285589,26.6469091359031
7.98878968253968,0.462873515160564,0.563985440618841,0.0428534602881105,26.64717631351
7.98888888888889,0.462836578146011,0.563944624840239,0.0428329669528079,26.6474434681633
7.9889880952381,0.462799644328359,0.563903810628027,0.0428124834179618,26.6477105998659
7.9890873015873,0.462762713707218,0.563862997982865,0.0427920096788842,26.6479777086206
7.98918650793651,0.462725786282201,0.563822186905412,0.0427715457308893,26.64824479443
7.98928571428571,0.46268886205292,0.563781377396328,0.0427510915692938,26.648511857297
7.98938492063492,0.462651941018988,0.563740569456272,0.0427306471894163,26.6487788972242
7.98948412698413,0.462615023180022,0.563699763085899,0.0427102125865777,26.6490459142145
7.98958333333333,0.462578108535635,0.563658958285869,0.042689787756101,26.6493129082705
7.98968253968254,0.462541197085445,0.563618155056838,0.0426693726933115,26.6495798793951
7.98978174603175,0.462504288829069,0.563577353399461,0.0426489673935364,26.6498468275909
7.98988095238095,0.462467383766125,0.563536553314394,0.0426285718521053,26.6501137528607
7.98998015873016,0.462430481896234,0.563495754802292,0.0426081860643497,26.6503806552073
7.99007936507936,0.462393583219014,0.563454957863809,0.0425878100256036,26.6506475346334
7.99017857142857,0.462356687734088,0.563414162499599,0.0425674437312029,26.6509143911417
7.99027777777778,0.462319795441077,0.563373368710314,0.0425470871764857,26.651181224735
7.99037698412698,0.462282906339604,0.563332576496606,0.0425267403567921,26.6514480354159
7.99047619047619,0.462246020429294,0.563291785859128,0.042506403267465,26.6517148231874
7.9905753968254,0.462209137709772,0.563250996798531,0.0424860759038489,26.6519815880519
7.9906746031746,0.462172258180663,0.563210209315465,0.0424657582612905,26.6522483300124
7.99077380952381,0.462135381841594,0.563169423410581,0.0424454503351386,26.6525150490716
7.99087301587302,0.462098508692193,0.563128639084526,0.0424251521207445,26.6527817452321
7.99097222222222,0.462061638732088,0.56308785633795,0.0424048636134613,26.6530484184967
7.99107142857143,0.46202477196091,0.563047075171502,0.0423845848086445,26.6533150688681
7.99117063492063,0.461987908378288,0.563006295585828,0.0423643157016517,26.6535816963491
7.99126984126984,0.461951047983854,0.562965517581575,0.0423440562878425,26.6538483009423
7.99136904761905,0.461914190777241,0.56292474115939,0.0423238065625789,26.6541148826506
7.99146825396825,0.461877336758082,0.562883966319918,0.0423035665212249,26.6543814414766
7.99156746031746,0.46184048592601,0.562843193063805,0.0422833361591467,26.654647977423
7.99166666666667,0.461803638280662,0.562802421391694,0.0422631154717127,26.6549144904926
7.99176587301587,0.461766793821674,0.562761651304229,0.0422429044542934,26.6551809806881
7.99186507936508,0.461729952548681,0.562720882802053,0.0422227031022613,26.6554474480122
7.99196428571429,0.461693114461323,0.56268011588581,0.0422025114109917,26.6557138924677
7.99206349206349,0.461656279559239,0.562639350556141,0.0421823293758613,26.6559803140571
7.9921626984127,0.461619447842068,0.562598586813688,0.0421621569922494,26.6562467127833
7.99226190476191,0.461582619309452,0.562557824659091,0.0421419942555372,26.656513088649
7.99236111111111,0.461545793961031,0.56251706409299,0.0421218411611083,26.6567794416569
7.99246031746032,0.461508971796448,0.562476305116024,0.0421016977043482,26.6570457718096
7.99255952380952,0.461472152815348,0.562435547728834,0.0420815638806448,26.6573120791099
7.99265873015873,0.461435337017374,0.562394791932056,0.0420614396853881,26.6575783635606
7.99275793650794,0.461398524402172,0.562354037726329,0.0420413251139701,26.6578446251643
7.99285714285714,0.461361714969389,0.56231328511229,0.0420212201617851,26.6581108639236
7.99295634920635,0.461324908718672,0.562272534090575,0.0420011248242296,26.6583770798414
7.99305555555556,0.461288105649669,0.56223178466182,0.0419810390967022,26.6586432729204
7.99315476190476,0.461251305762029,0.562191036826661,0.0419609629746036,26.6589094431631
7.99325396825397,0.461214509055402,0.562150290585731,0.0419408964533368,26.6591755905724
7.99335317460318,0.461177715529439,0.562109545939665,0.0419208395283066,26.6594417151509
7.99345238095238,0.461140925183794,0.562068802889096,0.0419007921949207,26.6597078169013
7.99355158730159,0.461104138018117,0.562028061434658,0.0418807544485882,26.6599738958264
7.99365079365079,0.461067354032065,0.561987321576982,0.0418607262847208,26.6602399519287
7.99375,0.46103057322529,0.5619465833167,0.0418407076987322,26.6605059852111
7.99384920634921,0.460993795597449,0.561905846654443,0.0418206986860381,26.6607719956762
7.99394841269841,0.460957021148198,0.561865111590841,0.0418006992420567,26.6610379833267
7.99404761904762,0.460920249877195,0.561824378126524,0.0417807093622081,26.6613039481653
7.99414682539683,0.460883481784099,0.561783646262121,0.0417607290419147,26.6615698901946
7.99424603174603,0.460846716868569,0.56174291599826,0.041740758276601,26.6618358094174
7.99434523809524,0.460809955130266,0.56170218733557,0.0417207970616937,26.6621017058364
7.99444444444444,0.46077319656885,0.561661460274678,0.0417008453926215,26.6623675794542
7.99454365079365,0.460736441183985,0.561620734816211,0.0416809032648156,26.6626334302735
7.99464285714286,0.460699688975332,0.561580010960794,0.041660970673709,26.662899258297
7.99474206349206,0.460662939942557,0.561539288709053,0.0416410476147371,26.6631650635274
7.99484126984127,0.460626194085324,0.561498568061613,0.041621134083337,26.6634308459674
7.99494047619048,0.4605894514033,0.561457849019098,0.041601230074949,26.6636966056196
7.99503968253968,0.460552711896152,0.561417131582132,0.0415813355850144,26.6639623424868
7.99513888888889,0.460515975563546,0.561376415751338,0.0415614506089774,26.6642280565715
7.9952380952381,0.460479242405153,0.561335701527338,0.0415415751422839,26.6644937478765
7.9953373015873,0.460442512420641,0.561294988910755,0.0415217091803823,26.6647594164045
7.99543650793651,0.460405785609682,0.561254277902208,0.0415018527187229,26.6650250621581
7.99553571428571,0.460369061971946,0.56121356850232,0.0414820057527584,26.66529068514
7.99563492063492,0.460332341507108,0.561172860711709,0.0414621682779435,26.6655562853528
7.99573412698413,0.460295624214839,0.561132154530995,0.0414423402897352,26.6658218627993
7.99583333333333,0.460258910094815,0.561091449960797,0.0414225217835923,26.6660874174821
7.99593253968254,0.46022219914671,0.561050747001734,0.0414027127549763,26.6663529494039
7.99603174603175,0.460185491370202,0.561010045654422,0.0413829131993504,26.6666184585673
7.99613095238095,0.460148786764967,0.560969345919478,0.0413631231121802,26.666883944975
7.99623015873016,0.460112085330683,0.560928647797519,0.0413433424889335,26.6671494086297
7.99632936507937,0.460075387067029,0.560887951289161,0.0413235713250797,26.667414849534
7.99642857142857,0.460038691973686,0.560847256395018,0.0413038096160915,26.6676802676905
7.99652777777778,0.460002000050334,0.560806563115706,0.0412840573574427,26.6679456631021
7.99662698412698,0.459965311296655,0.560765871451837,0.0412643145446097,26.6682110357712
7.99672619047619,0.459928625712333,0.560725181404026,0.0412445811730711,26.6684763857006
7.9968253968254,0.45989194329705,0.560684492972884,0.0412248572383073,26.6687417128929
7.9969246031746,0.459855264050491,0.560643806159025,0.0412051427358013,26.6690070173507
7.99702380952381,0.459818587972343,0.560603120963059,0.0411854376610381,26.6692722990768
7.99712301587302,0.459781915062291,0.560562437385597,0.0411657420095047,26.6695375580738
7.99722222222222,0.459745245320022,0.560521755427249,0.0411460557766905,26.6698027943443
7.99732142857143,0.459708578745227,0.560481075088626,0.0411263789580869,26.670068007891
7.99742063492063,0.459671915337593,0.560440396370335,0.0411067115491875,26.6703331987165
7.99751984126984,0.459635255096811,0.560399719272985,0.0410870535454881,26.6705983668234
7.99761904761905,0.459598598022572,0.560359043797185,0.0410674049424867,26.6708635122145
7.99771825396825,0.459561944114568,0.560318369943541,0.0410477657356832,26.6711286348924
7.99781746031746,0.459525293372492,0.560277697712659,0.0410281359205798,26.6713937348596
7.99791666666667,0.459488645796039,0.560237027105146,0.0410085154926813,26.6716588121189
7.99801587301587,0.459452001384904,0.560196358121608,0.040988904447494,26.6719238666729
7.99811507936508,0.459415360138781,0.560155690762648,0.0409693027805267,26.6721888985242
7.99821428571429,0.459378722057369,0.560115025028871,0.0409497104872902,26.6724539076754
7.99831349206349,0.459342087140364,0.56007436092088,0.0409301275632977,26.6727188941293
7.9984126984127,0.459305455387465,0.560033698439278,0.0409105540040642,26.6729838578884
7.99851190476191,0.459268826798372,0.559993037584668,0.0408909898051072,26.6732487989553
7.99861111111111,0.459232201372786,0.559952378357651,0.0408714349619463,26.6735137173328
7.99871031746032,0.459195579110408,0.559911720758828,0.040851889470103,26.6737786130234
7.99880952380952,0.45915896001094,0.5598710647888,0.0408323533251012,26.6740434860298
7.99890873015873,0.459122344074085,0.559830410448166,0.0408128265224669,26.6743083363545
7.99900793650794,0.459085731299549,0.559789757737526,0.0407933090577283,26.6745731640003
7.99910714285714,0.459049121687035,0.559749106657478,0.0407738009264157,26.6748379689697
7.99920634920635,0.459012515236251,0.55970845720862,0.0407543021240616,26.6751027512655
7.99930555555556,0.458975911946902,0.559667809391549,0.0407348126462004,26.6753675108901
7.99940476190476,0.458939311818699,0.559627163206863,0.0407153324883693,26.6756322478462
7.99950396825397,0.458902714851348,0.559586518655158,0.0406958616461071,26.6758969621365
7.99960317460318,0.458866121044561,0.559545875737029,0.040676400114955,26.6761616537635
7.99970238095238,0.458829530398047,0.559505234453071,0.0406569478904561,26.6764263227299
7.99980158730159,0.458792942911519,0.559464594803878,0.0406375049681559,26.6766909690384
7.99990079365079,0.458756358584689,0.559423956790044,0.040618071343602,26.6769555926914
8,0.458719777417271,0.559383320412163,0.0405986470123442,26.6772201936917
8,0.458719777417271,0.559383320412163,7.54059864701234,26.6772201936917
8.00009920634921,0.460068587740833,0.559342965333129,7.53699258991774,26.6782024941978
8.00019841269841,0.461415232896305,0.559303170494643,7.53338825728513,26.6791852157566
8.00029761904762,0.462759716233912,0.559263934765058,7.5297856482176,26.6801683573343
8.00039682539682,0.464102040810325,0.559225257043121,7.52618476200449,26.6811519178237
8.00049603174603,0.465442209694655,0.559187136242767,7.52258559787974,26.6821358961674
8.00059523809524,0.466780225968456,0.559149571293128,7.5189881550219,26.6831202913581
8.00069444444444,0.468116092715998,0.559112561107703,7.51539243256514,26.6841051023538
8.00079365079365,0.469449813041258,0.559076104578865,7.51179842966578,26.685090328053
8.00089285714286,0.470781390060317,0.559040200616756,7.50820614549503,26.6860759673975
8.00099206349206,0.472110826883574,0.559004848133262,7.504615579225,26.687062019331
8.00109126984127,0.47343812661567,0.558970046042022,7.5010267300289,26.6880484827998
8.00119047619048,0.47476329235551,0.558935793258419,7.49743959708104,26.6890353567517
8.00128968253968,0.476086327196263,0.558902088699587,7.49385417955676,26.6900226401372
8.00138888888889,0.477407234225358,0.558868931284406,7.49027047663248,26.6910103319086
8.00148809523809,0.478726016524488,0.558836319933506,7.48668848748567,26.6919984310202
8.0015873015873,0.48004267716961,0.558804253569265,7.48310821129487,26.6929869364288
8.00168650793651,0.481357219230942,0.558772731115807,7.47952964723969,26.6939758470929
8.00178571428571,0.482669645772965,0.558741751499008,7.47595279450078,26.6949651619733
8.00188492063492,0.483979959854423,0.558711313646488,7.47237765225989,26.695954880033
8.00198412698413,0.485288164528322,0.558681416487617,7.46880421969979,26.6969450002369
8.00208333333333,0.486594262841931,0.558652058953515,7.46523249600435,26.6979355215522
8.00218253968254,0.487898257836783,0.558623239977046,7.46166248035848,26.6989264429482
8.00228174603175,0.48920015254869,0.558594958492827,7.45809417194812,26.6999177633961
8.00238095238095,0.490499950007674,0.558567213437218,7.45452756996039,26.7009094818694
8.00248015873016,0.491797653238072,0.558540003748333,7.45096267358337,26.7019015973438
8.00257936507936,0.493093265258467,0.558513328366029,7.44739948200622,26.7028941087968
8.00267857142857,0.494386789081705,0.558487186231913,7.44383799441917,26.7038870152083
8.00277777777778,0.495678227714893,0.558461576289341,7.44027821001352,26.7048803155602
8.00287698412698,0.496967584159403,0.558436497483416,7.43672012798162,26.7058740088365
8.00297619047619,0.498254861410867,0.55841194876099,7.43316374751689,26.7068680940233
8.0030753968254,0.499540062459183,0.558387929070663,7.42960906781383,26.7078625701089
8.0031746031746,0.500823190481134,0.558364437296519,7.42605608804042,26.7088574359998
8.00327380952381,0.502104248646832,0.55834147232874,7.42250480735953,26.7098526906048
8.00337301587301,0.503383239929066,0.558319033127447,7.41895522495904,26.7108483329185
8.00347222222222,0.504660167296906,0.558297118654181,7.4154073400272,26.7118443619366
8.00357142857143,0.505935033715701,0.558275727871902,7.41186115175265,26.7128407766563
8.00367063492063,0.507207842147084,0.558254859744992,7.40831665932437,26.7138375760763
8.00376984126984,0.50847859554898,0.558234513239251,7.40477386193172,26.7148347591965
8.00386904761905,0.509747296875546,0.558214687321901,7.40123275876454,26.7158323250185
8.00396825396825,0.511013949077271,0.558195380961581,7.39769334901293,26.7168302725451
8.00406746031746,0.512278555100905,0.558176593128354,7.39415563186739,26.7178286007807
8.00416666666667,0.513541117889478,0.5581583227937,7.39061960651881,26.7188273087308
8.00426587301587,0.514801640382304,0.55814056893052,7.38708527215847,26.7198263954027
8.00436507936508,0.516060125514972,0.558123330513134,7.38355262797799,26.7208258598049
8.00446428571429,0.517316576219354,0.558106606517284,7.38002167316941,26.7218257009473
8.00456349206349,0.518570995423602,0.558090395920131,7.37649240692512,26.7228259178412
8.0046626984127,0.519823386052149,0.558074697700255,7.37296482843789,26.7238265094996
8.0047619047619,0.521073751025705,0.558059510837657,7.36943893690087,26.7248274749365
8.00486111111111,0.522322093261263,0.558044834313758,7.36591473150759,26.7258288131676
8.00496031746032,0.523568415672096,0.558030667111398,7.36239221145195,26.7268305232098
8.00505952380952,0.524812721167755,0.55801700821484,7.35887137592823,26.7278326040817
8.00515873015873,0.526055012654075,0.558003856609762,7.35535222413109,26.728835054803
8.00525793650794,0.527295293033183,0.557991211283267,7.35183475525551,26.7298378743952
8.00535714285714,0.52853356520344,0.557979071223876,7.348318968497,26.7308410618807
8.00545634920635,0.529769832059536,0.557967435421528,7.3448048630513,26.7318446162837
8.00555555555556,0.531004096492423,0.557956302867584,7.34129243811457,26.7328485366298
8.00565476190476,0.532236361389335,0.557945672554827,7.33778169288335,26.7338528219458
8.00575396825397,0.533466629633786,0.557935543477455,7.33427262655456,26.7348574712602
8.00585317460317,0.53469490410557,0.557925914631091,7.3307652383255,26.7358624836026
8.00595238095238,0.535921187680761,0.557916785012774,7.32725952739384,26.7368678580042
8.00605158730159,0.537145483231711,0.557908153620966,7.32375549295761,26.7378735934976
8.00615079365079,0.538367793627057,0.557900019455547,7.32025313421525,26.7388796891168
8.00625,0.539588121731712,0.557892381517819,7.31675245036556,26.7398861438972
8.00634920634921,0.54080647040687,0.557885238810501,7.31325344060772,26.7408929568757
8.00644841269841,0.542022842510007,0.557878590337735,7.30975610414127,26.7419001270905
8.00654761904762,0.543237240894878,0.557872435105082,7.30626044016615,26.7429076535812
8.00664682539682,0.544449668411516,0.557866772119521,7.30276644788268,26.743915535389
8.00674603174603,0.545660127906255,0.557861600389454,7.29927412649148,26.7449237715562
8.00684523809524,0.546868622221656,0.557856918924702,7.29578347519371,26.7459323611269
8.00694444444444,0.548075154196611,0.557852726736505,7.29229449319077,26.7469413031463
8.00704365079365,0.549279726666276,0.557849022837524,7.28880717968447,26.7479505966611
8.00714285714286,0.550482342462087,0.557845806241839,7.28532153387699,26.7489602407196
8.00724206349206,0.551683004411759,0.557843075964952,7.28183755497092,26.7499702343712
8.00734126984127,0.55288171533929,0.557840831023784,7.27835524216919,26.7509805766669
8.00744047619048,0.554078478064955,0.557839070436673,7.27487459467513,26.7519912666592
8.00753968253968,0.55527329540531,0.557837793223383,7.27139561169243,26.7530023034018
8.00763888888889,0.556466170173192,0.557836998405092,7.26791829242517,26.75401368595
8.00773809523809,0.557657105177719,0.557836685004402,7.26444263607781,26.7550254133604
8.0078373015873,0.558846103224286,0.557836852045334,7.26096864185516,26.756037484691
8.00793650793651,0.560033167114571,0.557837498553328,7.25749630896245,26.7570498990013
8.00803571428571,0.561218299646531,0.557838623555244,7.25402563660525,26.7580626553521
8.00813492063492,0.562401503614404,0.557840226079364,7.25055662398951,26.7590757528059
8.00823412698413,0.563582781808723,0.557842305155388,7.24708927032154,26.7600891904263
8.00833333333333,0.564762137016254,0.557844859814437,7.24362357480813,26.7611029672783
8.00843253968254,0.56593957202009,0.557847889089051,7.24015953665632,26.7621170824286
8.00853174603175,0.56711508959959,0.557851392013191,7.2366971550736,26.7631315349451
8.00863095238095,0.568288692530392,0.557855367622238,7.23323642926779,26.7641463238971
8.00873015873016,0.569460383584414,0.557859814952992,7.22977735844711,26.7651614483555
8.00882936507936,0.570630165529855,0.557864733043673,7.22631994182018,26.7661769073924
8.00892857142857,0.571798041131193,0.557870120933923,7.22286417859594,26.7671927000815
8.00902777777778,0.572964013149187,0.557875977664802,7.21941006798377,26.7682088254978
8.00912698412698,0.574128084340877,0.55788230227879,7.21595760919338,26.7692252827176
8.00922619047619,0.57529025745958,0.557889093819789,7.21250680143488,26.770242070819
8.0093253968254,0.576450535254897,0.557896351333118,7.20905764391874,26.771259188881
8.0094246031746,0.577608920472707,0.557904073865519,7.20561013585583,26.7722766359845
8.00952380952381,0.57876541585517,0.557912260465152,7.20216427645738,26.7732944112116
8.00962301587301,0.579920024140724,0.557920910181597,7.198720064935,26.7743125136456
8.00972222222222,0.581072748064107,0.557930022065855,7.19527750050063,26.7753309423717
8.00982142857143,0.582223590356286,0.557939595170347,7.19183658236673,26.776349696476
8.00992063492064,0.583372553744558,0.557949628548912,7.18839730974599,26.7773687750464
8.01001984126984,0.584519640952483,0.557960121256812,7.18495968185152,26.7783881771721
8.01011904761905,0.585664854699901,0.557971072350728,7.18152369789683,26.7794079019436
8.01021825396825,0.586808197702933,0.557982480888759,7.17808935709579,26.7804279484529
8.01031746031746,0.58794967267398,0.557994345930426,7.17465665866264,26.7814483157934
8.01041666666667,0.589089282321723,0.55800666653667,7.171225601812,26.7824690030601
8.01051587301587,0.590227029351123,0.558019441769852,7.16779618575889,26.783490009349
8.01061507936508,0.591362916463422,0.558032670693751,7.16436840971867,26.784511333758
8.01071428571429,0.592496946356141,0.558046352373568,7.1609422729071,26.785532975386
8.01081349206349,0.593629121723082,0.558060485875924,7.15751777454031,26.7865549333336
8.0109126984127,0.594759445254326,0.558075070268859,7.15409491383482,26.7875772067026
8.0110119047619,0.595887919636235,0.558090104621834,7.1506736900075,26.7885997945964
8.01111111111111,0.597014547551452,0.558105588005729,7.14725410227562,26.7896226961197
8.01121031746032,0.598139331678914,0.558121519492845,7.14383614985678,26.7906459103787
8.01130952380952,0.599262274693793,0.558137898156902,7.14041983196907,26.7916694364809
8.01140873015873,0.600383379267587,0.55815472307304,7.13700514783084,26.7926932735353
8.01150793650794,0.601502648068059,0.55817199331782,7.13359209666087,26.7937174206523
8.01160714285714,0.60262008375925,0.558189707969223,7.1301806776783,26.7947418769438
8.01170634920635,0.603735689001486,0.558207866106648,7.12677089010265,26.7957666415228
8.01180555555556,0.604849466451368,0.558226466810917,7.12336273315381,26.7967917135041
8.01190476190476,0.605961418761781,0.55824550916427,7.11995620605208,26.7978170920037
8.01200396825397,0.607071548581887,0.558264992250367,7.11655130801809,26.7988427761392
8.01210317460317,0.608179858557131,0.558284915154288,7.11314803827289,26.7998687650292
8.01220238095238,0.609286351329236,0.558305276962535,7.10974639603786,26.8008950577943
8.01230158730159,0.610391029536207,0.558326076763026,7.1063463805348,26.801921653556
8.01240079365079,0.611493895812327,0.558347313645104,7.10294799098588,26.8029485514375
8.0125,0.61259495278816,0.558368986699528,7.09955122661361,26.8039757505634
8.01259920634921,0.613694203090552,0.558391095018478,7.09615608664092,26.8050032500596
8.01269841269841,0.614791649342642,0.558413637695556,7.09276257029105,26.8060310490534
8.01279761904762,0.615887294163805,0.55843661382578,7.08937067678776,26.8070591466737
8.01289682539683,0.61698114016974,0.558460022505593,7.08598040535504,26.8080875420507
8.01299603174603,0.618073189972414,0.558483862832853,7.08259175521733,26.8091162343159
8.01309523809524,0.61916344618007,0.558508133906842,7.0792047255994,26.8101452226024
8.01319444444444,0.620251911397235,0.558532834828259,7.07581931572644,26.8111745060446
8.01329365079365,0.621338588224714,0.558557964699226,7.072435524824,26.8122040837785
8.01339285714286,0.622423479259594,0.558583522623282,7.06905335211801,26.8132339549412
8.01349206349206,0.623506587095238,0.558609507705388,7.06567279683476,26.8142641186714
8.01359126984127,0.624587914321295,0.558635919051925,7.06229385820094,26.8152945741094
8.01369047619048,0.62566746352369,0.558662755770691,7.05891653544361,26.8163253203965
8.01378968253968,0.626745237284629,0.558690016970908,7.0555408277902,26.8173563566757
8.01388888888889,0.627821238182599,0.558717701763217,7.05216673446852,26.8183876820913
8.01398809523809,0.628895468792368,0.558745809259677,7.04879425470676,26.8194192957892
8.0140873015873,0.629967931684981,0.558774338573768,7.04542338773348,26.8204511969165
8.01418650793651,0.631038629427779,0.558803288820392,7.04205413277758,26.8214833846218
8.01428571428571,0.632107564584342,0.558832659115868,7.03868648906847,26.822515858055
8.01438492063492,0.633174739714571,0.558862448577936,7.0353204558358,26.8235486163677
8.01448412698413,0.634240157374634,0.558892656325757,7.03195603230964,26.8245816587126
8.01458333333333,0.635303820116978,0.558923281479912,7.02859321772043,26.825614984244
8.01468253968254,0.636365730490331,0.558954323162399,7.02523201129901,26.8266485921176
8.01478174603175,0.637425891039701,0.55898578049664,7.02187241227656,26.8276824814903
8.01488095238095,0.638484304306376,0.559017652607476,7.01851441988468,26.8287166515209
8.01498015873016,0.639540972827925,0.559049938621165,7.01515803335532,26.829751101369
8.01507936507936,0.640595899138195,0.559082637665388,7.01180325192081,26.8307858301962
8.01517857142857,0.641649085767316,0.559115748869247,7.00845007481385,26.831820837165
8.01527777777778,0.642700535241696,0.55914927136326,7.00509850126754,26.8328561214397
8.01537698412698,0.643750250084024,0.559183204279368,7.00174853051533,26.8338916821858
8.01547619047619,0.64479823281327,0.559217546750931,6.99840016179107,26.8349275185703
8.0155753968254,0.645844500115935,0.559252292311024,6.99505339395517,26.8359636241404
8.0156746031746,0.646889068410978,0.559287434598253,6.99170822587534,26.836999992549
8.01577380952381,0.647931939812184,0.559322972905713,6.98836465679698,26.838036623123
8.01587301587302,0.648973116432014,0.55935890652699,6.98502268596565,26.8390735151897
8.01597222222222,0.650012600381551,0.55939523475616,6.98168231262728,26.8401106680769
8.01607142857143,0.651050393770513,0.559431956887792,6.97834353602808,26.8411480811129
8.01617063492064,0.65208649870725,0.559469072216942,6.97500635541456,26.8421857536266
8.01626984126984,0.653120917298748,0.559506580039162,6.97167077003353,26.8432236849472
8.01636904761905,0.654153651650629,0.55954447965049,6.9683367791321,26.8442618744043
8.01646825396825,0.655184703867146,0.55958277034746,6.96500438195768,26.8453003213284
8.01656746031746,0.65621407605119,0.559621451427092,6.96167357775799,26.84633902505
8.01666666666667,0.657241770304283,0.559660522186901,6.95834436578102,26.8473779849004
8.01676587301587,0.658267788726585,0.55969998192489,6.95501674527508,26.8484172002113
8.01686507936508,0.659292133416887,0.559739829939555,6.95169071548878,26.8494566703147
8.01696428571429,0.660314806472618,0.559780065529882,6.94836627567103,26.8504963945434
8.01706349206349,0.661335809989839,0.559820687995349,6.94504342507102,26.8515363722303
8.0171626984127,0.662355146063259,0.559861696635923,6.94172216293821,26.8525766027092
8.01726190476191,0.663372816786183,0.559903090752063,6.93840248852249,26.8536170853141
8.01736111111111,0.664388824250588,0.55994486964472,6.93508440107392,26.8546578193796
8.01746031746032,0.665403170547075,0.559987032615335,6.93176789984289,26.8556988042406
8.01755952380952,0.666415857764877,0.560029578965839,6.92845298408011,26.8567400392327
8.01765873015873,0.667426887991863,0.560072507998655,6.92513965303656,26.8577815236919
8.01775793650794,0.668436263314536,0.560115819016698,6.92182790596355,26.8588232569547
8.01785714285714,0.669443985818034,0.560159511323373,6.91851774211267,26.859865238358
8.01795634920635,0.670450057586128,0.560203584222574,6.9152091607358,26.8609074672393
8.01805555555556,0.671454480701225,0.56024803701869,6.91190216108515,26.8619499429364
8.01815476190476,0.672457257244366,0.560292869016598,6.90859674241321,26.8629926647878
8.01825396825397,0.673458389295225,0.560338079521666,6.90529290397276,26.8640356321323
8.01835317460317,0.674457878932114,0.560383667839755,6.90199064501689,26.8650788443094
8.01845238095238,0.675455728231976,0.560429633277214,6.89868996479899,26.8661223006588
8.01855158730159,0.67645193927039,0.560475975140887,6.89539086257275,26.8671660005209
8.01865079365079,0.677446514121582,0.560522692738105,6.8920933375921,26.8682099432364
8.01875,0.678439454858374,0.560569785376691,6.88879738911143,26.8692541281467
8.01884920634921,0.679430763552261,0.560617252364961,6.88550301638526,26.8702985545934
8.01894841269841,0.68042044227336,0.56066509301172,6.88221021866849,26.871343221919
8.01904761904762,0.681408493090422,0.560713306626264,6.87891899521629,26.8723881294659
8.01914682539683,0.682394918070833,0.560761892518382,6.87562934528414,26.8734332765776
8.01924603174603,0.683379719280611,0.56081084999835,6.87234126812783,26.8744786625976
8.01934523809524,0.684362898784414,0.560860178376939,6.86905476300342,26.8755242868701
8.01944444444444,0.685344458645528,0.560909876965409,6.8657698291673,26.8765701487398
8.01954365079365,0.686324400925878,0.560959945075512,6.86248646587614,26.8776162475518
8.01964285714286,0.687302727686021,0.561010382019489,6.85920467238692,26.8786625826516
8.01974206349206,0.688279440985151,0.561061187110073,6.85592444795691,26.8797091533854
8.01984126984127,0.689254542881093,0.56111235966049,6.85264579184369,26.8807559590998
8.01994047619048,0.69022803543031,0.561163898984454,6.84936870330511,26.8818029991417
8.02003968253968,0.691199920687897,0.561215804396171,6.84609318159936,26.8828502728588
8.02013888888889,0.692170200707598,0.56126807521034,6.84281922598486,26.8838977795989
8.0202380952381,0.693138877541751,0.561320710742146,6.83954683572047,26.8849455187107
8.0203373015873,0.694105953241368,0.561373710307269,6.8362760100652,26.885993489543
8.02043650793651,0.695071429856084,0.56142707322188,6.83300674827843,26.8870416914454
8.02053571428571,0.696035309434166,0.561480798802639,6.82973904961982,26.8880901237677
8.02063492063492,0.696997594022518,0.561534886366699,6.82647291334933,26.8891387858603
8.02073412698413,0.697958285666675,0.561589335231702,6.82320833872723,26.8901876770742
8.02083333333333,0.698917386410811,0.561644144715782,6.81994532501407,26.8912367967607
8.02093253968254,0.699874898297731,0.561699314137564,6.81668387147073,26.8922861442717
8.02103174603175,0.700830823368875,0.561754842816163,6.81342397735834,26.8933357189595
8.02113095238095,0.701785163664319,0.561810730071187,6.81016564193839,26.8943855201769
8.02123015873016,0.702737921222772,0.561866975222733,6.80690886447262,26.8954355472772
8.02132936507936,0.703689098081578,0.56192357759139,6.80365364422308,26.8964857996142
8.02142857142857,0.704638696276715,0.561980536498237,6.80039998045214,26.8975362765421
8.02152777777778,0.705586717842798,0.562037851264846,6.79714787242245,26.8985869774156
8.02162698412699,0.706533164813085,0.562095521213277,6.79389731939691,26.8996379015901
8.02172619047619,0.707478039219433,0.562153545666084,6.79064832063888,26.9006890484211
8.0218253968254,0.70842134309237,0.562211923946308,6.78740087541184,26.9017404172649
8.0219246031746,0.709363078461049,0.562270655377486,6.78415498297966,26.902792007478
8.02202380952381,0.710303247353254,0.562329739283642,6.78091064260648,26.9038438184177
8.02212301587302,0.711241851795405,0.562389174989294,6.77766785355675,26.9048958494416
8.02222222222222,0.712178893812557,0.562448961819447,6.77442661509521,26.9059480999077
8.02232142857143,0.713114375428397,0.562509099099602,6.77118692648692,26.9070005691746
8.02242063492064,0.714048298665249,0.562569586155746,6.76794878699721,26.9080532566014
8.02251984126984,0.71498066554407,0.56263042231436,6.76471219589172,26.9091061615477
8.02261904761905,0.715911478084454,0.562691606902416,6.76147715243641,26.9101592833734
8.02271825396825,0.716840738304626,0.562753139247376,6.75824365589751,26.911212621439
8.02281746031746,0.717768448221447,0.562815018677192,6.75501170554156,26.9122661751056
8.02291666666667,0.718694609850413,0.562877244520309,6.7517813006354,26.9133199437345
8.02301587301587,0.719619225205654,0.562939816105662,6.74855244044617,26.9143739266878
8.02311507936508,0.720542296299947,0.563002732762677,6.74532512424126,26.9154281233279
8.02321428571429,0.721463825144666,0.563065993821271,6.74209935128849,26.9164825330175
8.02331349206349,0.722383813749857,0.563129598611852,6.73887512085585,26.9175371551202
8.0234126984127,0.723302264124187,0.563193546465319,6.73565243221169,26.9185919889998
8.02351190476191,0.724219178274959,0.563257836713062,6.73243128462462,26.9196470340207
8.02361111111111,0.72513455820811,0.563322468686961,6.72921167736358,26.9207022895476
8.02371031746032,0.726048405928212,0.563387441719389,6.72599360969781,26.9217577549459
8.02380952380952,0.726960723438469,0.563452755143208,6.72277708089682,26.9228134295813
8.02390873015873,0.727871512740722,0.563518408291773,6.71956209023046,26.9238693128201
8.02400793650794,0.728780775835446,0.563584400498927,6.71634863696883,26.9249254040291
8.02410714285714,0.72968851472175,0.563650731099007,6.71313672038238,26.9259817025755
8.02420634920635,0.730594731397378,0.563717399426839,6.70992633974183,26.927038207827
8.02430555555556,0.731499427858708,0.56378440481774,6.70671749431819,26.9280949191518
8.02440476190476,0.732402606100752,0.563851746607521,6.7035101833828,26.9291518359185
8.02450396825397,0.733304268117158,0.563919424132479,6.70030440620726,26.9302089574964
8.02460317460318,0.734204415900219,0.563987436729407,6.69710016206347,26.931266283255
8.02470238095238,0.735103051440826,0.564055783735583,6.69389745022373,26.9323238125644
8.02480158730159,0.736000176728544,0.564124464488783,6.6906962699605,26.9333815447952
8.02490079365079,0.736895793751555,0.564193478327268,6.68749662054661,26.9344394793185
8.025,0.737789904496681,0.564262824589793,6.68429850125518,26.9354976155059
8.02509920634921,0.738682510949375,0.564332502615604,6.68110191135962,26.9365559527294
8.02519841269841,0.739573615093725,0.564402511744437,6.67790685013364,26.9376144903614
8.02529761904762,0.740463218912453,0.564472851316519,6.67471331685125,26.9386732277751
8.02539682539683,0.741351324386919,0.564543520672569,6.67152131078677,26.9397321643437
8.02549603174603,0.742237933497112,0.564614519153795,6.66833083121481,26.9407912994415
8.02559523809524,0.74312304822166,0.564685846101898,6.66514187741028,26.9418506324426
8.02569444444444,0.744006670537823,0.564757500859069,6.66195444864838,26.9429101627221
8.02579365079365,0.744888802421496,0.56482948276799,6.65876854420462,26.9439698896554
8.02589285714286,0.74576944584721,0.564901791171835,6.65558416335482,26.9450298126183
8.02599206349206,0.746648602788127,0.564974425414266,6.65240130537507,26.9460899309872
8.02609126984127,0.747526275216059,0.565047384839441,6.64921996954173,26.9471502441389
8.02619047619048,0.748402465101416,0.565120668792003,6.6460401551316,26.9482107514507
8.02628968253968,0.749277174413275,0.56519427661709,6.64286186142163,26.9492714523005
8.02638888888889,0.750150405119341,0.56526820766033,6.63968508768913,26.9503323460665
8.0264880952381,0.751022159185948,0.565342461267841,6.63650983321169,26.9513934321275
8.0265873015873,0.751892438578068,0.565417036786235,6.63333609726721,26.9524547098626
8.02668650793651,0.752761245259307,0.565491933562611,6.6301638791339,26.9535161786517
8.02678571428571,0.753628581191903,0.565567150944561,6.62699317809023,26.954577837875
8.02688492063492,0.754494448336733,0.565642688280168,6.62382399341503,26.955639686913
8.02698412698413,0.755358848653304,0.565718544918006,6.62065632438737,26.956701725147
8.02708333333333,0.756221784099761,0.565794720207139,6.61749017028664,26.9577639519586
8.02718253968254,0.75708325663288,0.565871213497123,6.61432553039255,26.9588263667299
8.02728174603175,0.757943268208074,0.565948024138004,6.61116240398509,26.9598889688436
8.02738095238095,0.758801820779389,0.566025151480321,6.60800079034453,26.9609517576827
8.02748015873016,0.759658916299508,0.566102594875101,6.60484068875148,26.9620147326308
8.02757936507937,0.760514556719757,0.566180353673865,6.60168209848678,26.9630778930719
8.02767857142857,0.761368743990063,0.566258427228621,6.59852501883169,26.9641412383906
8.02777777777778,0.762221480059023,0.566336814891872,6.59536944906767,26.9652047679718
8.02787698412699,0.763072766873856,0.566415516016611,6.59221538847649,26.966268481201
8.02797619047619,0.763922606380414,0.56649452995632,6.58906283634024,26.9673323774642
8.0280753968254,0.764771000523187,0.566573856064974,6.58591179194131,26.9683964561479
8.0281746031746,0.765617951245296,0.566653493697038,6.58276225456237,26.969460716639
8.02827380952381,0.7664634604885,0.566733442207469,6.5796142234864,26.9705251583248
8.02837301587302,0.767307530193188,0.566813700951713,6.57646769799668,26.9715897805933
8.02847222222222,0.768150162298388,0.566894269285709,6.5733226773768,26.9726545828328
8.02857142857143,0.768991358741759,0.566975146565886,6.57017916091062,26.9737195644323
8.02867063492064,0.769831121459597,0.567056332149164,6.56703714788233,26.9747847247809
8.02876984126984,0.77066945238683,0.567137825392953,6.5638966375764,26.9758500632686
8.02886904761905,0.771506353457023,0.567219625655157,6.5607576292776,26.9769155792856
8.02896825396825,0.772341826602374,0.567301732294168,6.55762012227101,26.9779812722226
8.02906746031746,0.773175873753727,0.567384144668871,6.55448411584195,26.979047141471
8.02916666666667,0.774008496840527,0.567466862138639,6.55134960927617,26.9801131864225
8.02926587301587,0.774839697790886,0.567549884063338,6.54821660185962,26.9811794064692
8.02936507936508,0.775669478531541,0.567633209803326,6.54508509287855,26.982245801004
8.02946428571429,0.776497840987863,0.567716838719451,6.54195508161953,26.9833123694198
8.02956349206349,0.777324787083856,0.567800770173051,6.53882656736943,26.9843791111105
8.0296626984127,0.778150318742161,0.567885003525956,6.53569954941541,26.98544602547
8.02976190476191,0.77897443788405,0.567969538140486,6.53257402704494,26.9865131118932
8.02986111111111,0.779797146429434,0.568054373379454,6.52944999954578,26.9875803697749
8.02996031746032,0.780618446296854,0.568139508606162,6.52632746620599,26.9886477985109
8.03005952380952,0.781438339403489,0.568224943184404,6.52320642631394,26.9897153974972
8.03015873015873,0.78225682766515,0.568310676478464,6.52008687915827,26.9907831661302
8.03025793650794,0.783073912996283,0.568396707853117,6.51696882402796,26.9918511038071
8.03035714285714,0.783889597309971,0.568483036673631,6.51385226021225,26.9929192099253
8.03045634920635,0.784703882517927,0.568569662305762,6.51073718700071,26.9939874838828
8.03055555555556,0.785516770530513,0.568656584115761,6.50762360368315,26.995055925078
8.03065476190476,0.786328263256691,0.568743801470364,6.5045115095498,26.99612453291
8.03075396825397,0.787138362604091,0.568831313736803,6.50140090389108,26.9971933067781
8.03085317460318,0.787947070478966,0.568919120282799,6.49829178599773,26.9982622460821
8.03095238095238,0.788754388786205,0.569007220476564,6.49518415516082,26.9993313502226
8.03105158730159,0.789560319429328,0.569095613686803,6.49207801067169,27.0004006186003
8.03115079365079,0.790364864310493,0.569184299282708,6.48897335182198,27.0014700506166
8.03125,0.791168025330491,0.569273276633966,6.48587017790365,27.0025396456734
8.03134920634921,0.791969804388747,0.569362545110751,6.48276848820895,27.0036094031728
8.03144841269841,0.792770203383322,0.569452104083732,6.47966828203041,27.0046793225178
8.03154761904762,0.793569224210911,0.569541952924067,6.47656955866088,27.0057494031115
8.03164682539682,0.794366868766841,0.569632091003404,6.47347231739351,27.0068196443577
8.03174603174603,0.795163138945078,0.569722517693884,6.47037655752174,27.0078900456607
8.03184523809524,0.795958036638218,0.569813232368138,6.46728227833931,27.0089606064251
8.03194444444444,0.796751563737494,0.569904234399286,6.46418947914025,27.0100313260561
8.03204365079365,0.797543722132784,0.569995523160945,6.46109815921888,27.0111022039595
8.03214285714286,0.798334513712568,0.570087098027214,6.4580083178699,27.0121732395412
8.03224206349206,0.799123940363992,0.570178958372691,6.45491995438821,27.013244432208
8.03234126984127,0.799912003972826,0.57027110357246,6.45183306806905,27.014315781367
8.03244047619048,0.800698706423476,0.5703635330021,6.44874765820796,27.0153872864257
8.03253968253968,0.801484049598981,0.570456246037676,6.44566372410076,27.0164589467923
8.03263888888889,0.802268035381014,0.570549242055749,6.4425812650436,27.0175307618752
8.03273809523809,0.803050665649884,0.570642520433367,6.43950028033289,27.0186027310835
8.0328373015873,0.803831942284534,0.570736080548072,6.43642076926538,27.0196748538267
8.03293650793651,0.80461186716254,0.570829921777895,6.43334273113808,27.0207471295149
8.03303571428571,0.805390442160114,0.570924043501358,6.43026616524834,27.0218195575584
8.03313492063492,0.806167669152102,0.571018445097475,6.42719107089377,27.0228921373682
8.03323412698413,0.806943550011986,0.571113125945751,6.4241174473723,27.0239648683558
8.03333333333333,0.807718086611879,0.571208085426181,6.42104529398216,27.025037749933
8.03343253968254,0.808491280822532,0.571303322919252,6.41797461002187,27.0261107815123
8.03353174603175,0.809263134513338,0.571398837805941,6.41490539479021,27.0271839625066
8.03363095238095,0.810033649552296,0.571494629467716,6.41183764758639,27.0282572923291
8.03373015873016,0.810802827806069,0.571590697286536,6.40877136770978,27.0293307703937
8.03382936507936,0.811570671139944,0.571687040644851,6.40570655446011,27.0304043961148
8.03392857142857,0.812337181417844,0.571783658925604,6.40264320713739,27.0314781689071
8.03402777777778,0.813102360502323,0.571880551512225,6.39958132504194,27.0325520881858
8.03412698412698,0.813866210254574,0.57197771778864,6.39652090747438,27.0336261533669
8.03422619047619,0.814628732534422,0.57207515713926,6.39346195373561,27.0347003638664
8.0343253968254,0.815389929200326,0.572172868948993,6.39040446312687,27.0357747191012
8.0344246031746,0.81614980210938,0.572270852603233,6.38734843494965,27.0368492184883
8.03452380952381,0.816908353117314,0.572369107487868,6.38429386850578,27.0379238614456
8.03462301587301,0.817665584078491,0.572467632989275,6.38124076309735,27.0389986473911
8.03472222222222,0.818421496845907,0.572566428494324,6.37818911802679,27.0400735757434
8.03482142857143,0.819176093271196,0.572665493390375,6.3751389325968,27.0411486459218
8.03492063492063,0.819929375204624,0.572764827065278,6.37209020611038,27.0422238573458
8.03501984126984,0.820681344495101,0.572864428907377,6.36904293787081,27.0432992094354
8.03511904761905,0.821432002990144,0.572964298305502,6.36599712718177,27.0443747016113
8.03521825396825,0.822181352535933,0.573064434648978,6.36295277334712,27.0454503332945
8.03531746031746,0.822929394977271,0.57316483732762,6.35990987567107,27.0465261039065
8.03541666666667,0.823676132157599,0.573265505731733,6.35686843345811,27.0476020128693
8.03551587301587,0.824421565918988,0.573366439252114,6.35382844601306,27.0486780596054
8.03561507936508,0.825165698102148,0.573467637280051,6.350789912641,27.0497542435377
8.03571428571429,0.825908530546421,0.573569099207323,6.34775283264735,27.0508305640897
8.03581349206349,0.826650065089783,0.573670824426199,6.34471720533779,27.0519070206854
8.0359126984127,0.827390303568846,0.573772812329439,6.34168303001832,27.052983612749
8.0360119047619,0.828129247818855,0.573875062310295,6.33865030599524,27.0540603397056
8.03611111111111,0.828866899673691,0.57397757376251,6.33561903257515,27.0551372009805
8.03621031746032,0.829603260965869,0.574080346080316,6.33258920906493,27.0562141959995
8.03630952380952,0.830338333526538,0.574183378658439,6.32956083477178,27.0572913241889
8.03640873015873,0.83107211918548,0.574286670892094,6.32653390900319,27.0583685849756
8.03650793650794,0.831804619771126,0.574390222176989,6.32350843106691,27.0594459777869
8.03660714285714,0.832535837110506,0.574494031909317,6.32048440027112,27.0605235020504
8.03670634920635,0.833265773029319,0.574598099485769,6.31746181592414,27.0616011571945
8.03680555555556,0.833994429351886,0.574702424303524,6.31444067733469,27.0626789426479
8.03690476190476,0.834721807901162,0.574807005760252,6.31142098381173,27.0637568578398
8.03700396825397,0.835447910498739,0.574911843254114,6.30840273466456,27.0648349021999
8.03710317460317,0.836172738964841,0.575016936183763,6.30538592920276,27.0659130751583
8.03720238095238,0.836896295118328,0.575122283948341,6.30237056673621,27.0669913761458
8.03730158730159,0.837618580776693,0.575227885947483,6.29935664657509,27.0680698045933
8.03740079365079,0.838339597756066,0.575333741581314,6.29634416802988,27.0691483599327
8.0375,0.839059347871208,0.575439850250448,6.29333313041137,27.0702270415959
8.03759920634921,0.839777832935518,0.575546211355995,6.29032353303063,27.0713058490155
8.03769841269841,0.840495054761026,0.575652824299551,6.28731537519903,27.0723847816246
8.03779761904762,0.8412110151584,0.575759688483205,6.28430865622826,27.0734638388567
8.03789682539682,0.841925715936941,0.575866803309537,6.28130337543029,27.0745430201458
8.03799603174603,0.842639158904592,0.57597416818162,6.27829953211735,27.0756223249264
8.03809523809524,0.843351345867904,0.576081782503012,6.2752971256021,27.0767017526335
8.03819444444444,0.844062278632092,0.576189645677767,6.27229615519736,27.0777813027026
8.03829365079365,0.844771959000993,0.57629775711043,6.26929662021631,27.0788609745695
8.03839285714286,0.845480388777081,0.576406116206034,6.26629851997243,27.0799407676707
8.03849206349206,0.846187569761463,0.576514722370106,6.26330185377946,27.0810206814432
8.03859126984127,0.846893503753883,0.576623575008663,6.26030662095149,27.0821007153242
8.03869047619048,0.847598192552715,0.576732673528211,6.25731282080288,27.0831808687516
8.03878968253968,0.848301637954971,0.576842017335749,6.2543204526483,27.0842611411639
8.03888888888889,0.849003841756296,0.576951605838766,6.2513295158027,27.0853415319997
8.03898809523809,0.849704805750971,0.577061438445244,6.24834000958136,27.0864220406984
8.0390873015873,0.85040453173191,0.577171514563654,6.24535193329983,27.0875026666997
8.03918650793651,0.851103021490661,0.577281833602958,6.24236528627398,27.088583409444
8.03928571428571,0.851800276817409,0.577392394972609,6.23938006781996,27.089664268372
8.03938492063492,0.85249629950097,0.577503198082552,6.23639627725423,27.0907452429249
8.03948412698413,0.853191091328807,0.577614242343223,6.23341391389352,27.0918263325444
8.03958333333333,0.853884654086987,0.577725527165546,6.23043297705495,27.0929075366726
8.03968253968254,0.854576989560242,0.577837051960939,6.22745346605585,27.0939888547523
8.03978174603175,0.855268099531926,0.577948816141311,6.22447538021387,27.0950702862266
8.03988095238095,0.855957985784031,0.578060819119061,6.22149871884695,27.0961518305391
8.03998015873016,0.85664665009718,0.578173060307079,6.21852348127336,27.0972334871339
8.04007936507936,0.857334094250633,0.578285539118746,6.21554966681165,27.0983152554556
8.04017857142857,0.858020320022283,0.578398254967934,6.21257727478066,27.0993971349493
8.04027777777778,0.858705329188658,0.578511207269006,6.20960630449954,27.1004791250605
8.04037698412698,0.859389123524922,0.578624395436816,6.20663675528774,27.1015612252352
8.04047619047619,0.860071704804871,0.578737818886708,6.20366862646501,27.1026434349199
8.0405753968254,0.860753074800936,0.57885147703452,6.2007019173514,27.1037257535618
8.0406746031746,0.861433235284184,0.578965369296578,6.19773662726724,27.1048081806081
8.04077380952381,0.862112188024314,0.579079495089699,6.19477275553319,27.1058907155068
8.04087301587301,0.862789934789663,0.579193853831192,6.19181030147018,27.1069733577065
8.04097222222222,0.863466477347207,0.57930844493886,6.18884926439941,27.1080561066559
8.04107142857143,0.864141817462533,0.579423267830988,6.18588964364251,27.1091389618045
8.04117063492064,0.864815956899889,0.579538321926361,6.18293143852128,27.1102219226022
8.04126984126984,0.865488897422147,0.579653606644252,6.17997464835785,27.1113049884992
8.04136904761905,0.866160640790814,0.579769121404423,6.17701927247466,27.1123881589465
8.04146825396825,0.866831188766032,0.57988486562713,6.17406531019445,27.1134714333953
8.04156746031746,0.867500543106577,0.580000838733118,6.17111276084024,27.1145548112975
8.04166666666667,0.86816870556986,0.580117040143623,6.16816162373539,27.1156382921053
8.04176587301587,0.868835677911926,0.580233469280373,6.16521189820351,27.1167218752714
8.04186507936508,0.869501461887455,0.580350125565587,6.16226358356854,27.1178055602491
8.04196428571429,0.870166059249761,0.580467008421974,6.1593166791547,27.1188893464922
8.04206349206349,0.870829471750792,0.580584117272734,6.15637118428654,27.1199732334548
8.0421626984127,0.871491701141131,0.580701451541559,6.15342709828888,27.1210572205915
8.0422619047619,0.872152749169996,0.58081901065263,6.15048442048684,27.1221413073576
8.04236111111111,0.872812617585238,0.580936794030622,6.14754315020585,27.1232254932086
8.04246031746032,0.873471308133354,0.5810548011007,6.1446032867716,27.1243097776008
8.04255952380952,0.874128822559447,0.581173031288516,6.14166482951018,27.1253941599906
8.04265873015873,0.874785162607279,0.581291484020218,6.13872777774789,27.1264786398352
8.04275793650794,0.875440330019242,0.581410158722443,6.13579213081135,27.1275632165921
8.04285714285714,0.87609432653636,0.581529054822319,6.13285788802747,27.1286478897194
8.04295634920635,0.876747153898291,0.581648171747465,6.12992504872347,27.1297326586756
8.04305555555556,0.877398813843329,0.581767508925991,6.12699361222688,27.1308175229196
8.04315476190476,0.878049308108402,0.581887065786499,6.12406357786551,27.131902481911
8.04325396825397,0.878698638429071,0.58200684175808,6.12113494496748,27.1329875351098
8.04335317460317,0.879346806539534,0.582126836270317,6.1182077128612,27.1340726819763
8.04345238095238,0.879993814172621,0.582247048753283,6.11528188087539,27.1351579219715
8.04355158730159,0.880639663059799,0.582367478637545,6.11235744833906,27.1362432545567
8.04365079365079,0.881284354931167,0.582488125354157,6.10943441458152,27.137328679194
8.04375,0.88192789151546,0.582608988334667,6.10651277893239,27.1384141953456
8.04384920634921,0.882570274540046,0.582730067011112,6.10359254072156,27.1394998024743
8.04394841269841,0.883211505730939,0.582851360816023,6.10067369927923,27.1405855000436
8.04404761904762,0.883851586812759,0.582972869182415,6.09775625393596,27.1416712875172
8.04414682539683,0.884490519508786,0.583094591543802,6.09484020402252,27.1427571643594
8.04424603174603,0.885128305540929,0.583216527334185,6.09192554887003,27.1438431300349
8.04434523809524,0.885764946629727,0.583338675988056,6.08901228780989,27.144929184009
8.04444444444444,0.886400444494358,0.583461036940399,6.08610042017379,27.1460153257475
8.04454365079365,0.887034800852631,0.583583609626689,6.08318994529375,27.1471015547165
8.04464285714286,0.887668017420991,0.583706393482891,6.08028086250206,27.1481878703827
8.04474206349206,0.888300095914518,0.583829387945461,6.07737317113133,27.1492742722133
8.04484126984127,0.888931038046926,0.583952592451347,6.07446687051445,27.150360759676
8.04494047619048,0.889560845530562,0.584076006437987,6.07156195998461,27.1514473322389
8.04503968253968,0.890189520076409,0.584199629343311,6.06865843887533,27.1525339893705
8.04513888888889,0.890817063394084,0.584323460605739,6.06575630652039,27.15362073054
8.04523809523809,0.89144347719184,0.584447499664182,6.06285556225389,27.1547075552169
8.0453373015873,0.892068763176562,0.584571745958042,6.05995620541022,27.1557944628713
8.04543650793651,0.892692923053779,0.584696198927214,6.05705823532403,27.1568814529738
8.04553571428571,0.89331595852763,0.58482085801208,6.0541616513304,27.1579685249953
8.04563492063492,0.893937871300912,0.584945722653515,6.05126645276458,27.1590556784073
8.04573412698413,0.894558663075049,0.585070792292886,6.04837263896215,27.1601429126818
8.04583333333333,0.8951783355501,0.58519606637205,6.04548020925901,27.1612302272913
8.04593253968254,0.895796890424758,0.585321544333355,6.04258916299133,27.1623176217087
8.04603174603175,0.896414329396351,0.585447225619641,6.03969949949561,27.1634050954074
8.04613095238095,0.897030654160839,0.585573109674236,6.03681121810864,27.1644926478612
8.04623015873016,0.89764586641282,0.585699195940962,6.03392431816749,27.1655802785447
8.04632936507936,0.898259967845525,0.585825483864131,6.03103879900955,27.1666679869326
8.04642857142857,0.898872960150818,0.585951972888545,6.0281546599725,27.1677557725002
8.04652777777778,0.899484845019199,0.586078662459499,6.02527190039432,27.1688436347235
8.04662698412698,0.900095624139803,0.586205552022777,6.02239051961328,27.1699315730786
8.04672619047619,0.900705299200399,0.586332641024655,6.01951051696798,27.1710195870424
8.0468253968254,0.901313871887389,0.586459928911899,6.01663189179729,27.1721076760921
8.0469246031746,0.90192134388582,0.58658741513177,6.01375464344034,27.1731958397054
8.04702380952381,0.902527716879346,0.586715099132012,6.01087877123668,27.1742840773607
8.04712301587302,0.903132992550284,0.586842980360866,6.00800427452606,27.1753723885365
8.04722222222222,0.903737172579574,0.586971058267064,6.00513115264854,27.176460772712
8.04732142857143,0.904340258646791,0.587099332299826,6.00225940494449,27.177549229367
8.04742063492064,0.904942252430147,0.587227801908866,5.9993890307546,27.1786377579815
8.04751984126984,0.905543155606484,0.587356466544386,5.99652002941982,27.1797263580363
8.04761904761905,0.906142969851283,0.587485325657081,5.99365240028143,27.1808150290123
8.04771825396825,0.906741696838656,0.587614378698136,5.99078614268099,27.1819037703911
8.04781746031746,0.907339338241352,0.587743625119228,5.98792125596037,27.1829925816549
8.04791666666667,0.907935895730752,0.587873064372525,5.98505773946174,27.1840814622862
8.04801587301587,0.908531370976875,0.588002695910684,5.98219559252756,27.185170411768
8.04811507936508,0.90912576564837,0.588132519186854,5.97933481450058,27.1862594295838
8.04821428571429,0.909719081412524,0.588262533654677,5.97647540472389,27.1873485152175
8.04831349206349,0.910311319935257,0.588392738768282,5.97361736254083,27.1884376681537
8.0484126984127,0.910902482881133,0.588523133982295,5.97076068729503,27.1895268878774
8.04851190476191,0.911492571913323,0.588653718751824,5.96790537833052,27.1906161738738
8.04861111111111,0.91208158869366,0.588784492532475,5.96505143499153,27.191705525629
8.04871031746032,0.912669534882602,0.588915454780344,5.96219885662261,27.1927949426293
8.04880952380952,0.913256412139241,0.589046604952017,5.95934764256861,27.1938844243616
8.04890873015873,0.913842222121306,0.58917794250457,5.95649779217469,27.1949739703132
8.04900793650794,0.914426966485156,0.589309466895571,5.9536493047863,27.196063579972
8.04910714285714,0.915010646885788,0.58944117758308,5.9508021797492,27.1971532528262
8.04920634920635,0.915593264976834,0.589573074025646,5.94795641640944,27.1982429883648
8.04930555555556,0.916174822410557,0.589705155682309,5.94511201411337,27.1993327860768
8.04940476190476,0.916755320837857,0.589837422012603,5.94226897220763,27.2004226454522
8.04950396825397,0.917334761908269,0.589969872476549,5.93942729003918,27.2015125659811
8.04960317460317,0.91791314726996,0.590102506534662,5.93658696695526,27.2026025471542
8.04970238095238,0.918490478569733,0.590235323647945,5.93374800230341,27.2036925884627
8.04980158730159,0.919066757453026,0.590368323277895,5.93091039543149,27.2047826893984
8.04990079365079,0.919641985563919,0.590501504886501,5.9280741456876,27.2058728494533
8.05,0.920216164545102,0.590634867936235,5.92523925242025,27.20696306812
8.05009920634921,0.920789296037923,0.590768411890069,5.92240571497816,27.2080533448918
8.05019841269841,0.921361381682358,0.590902136211461,5.91957353271035,27.2091436792622
8.05029761904762,0.921932423117017,0.591036040364364,5.91674270496618,27.2102340707252
8.05039682539683,0.922502421979144,0.591170123813217,5.91391323109527,27.2113245187755
8.05049603174603,0.923071379904616,0.591304386022953,5.91108511044757,27.212415022908
8.05059523809524,0.923639298527949,0.591438826458996,5.90825834237332,27.2135055826183
8.05069444444444,0.924206179482288,0.591573444587261,5.90543292622304,27.2145961974024
8.05079365079365,0.924772024399417,0.591708239874151,5.90260886134757,27.2156868667568
8.05089285714286,0.925336834909751,0.591843211786564,5.89978614709804,27.2167775901783
8.05099206349206,0.925900612642342,0.591978359791887,5.89696478282589,27.2178683671645
8.05109126984127,0.926463359224875,0.592113683357999,5.89414476788285,27.2189591972133
8.05119047619048,0.92702507628367,0.592249181953267,5.89132610162094,27.2200500798231
8.05128968253968,0.927585765443682,0.592384855046553,5.88850878339249,27.2211410144927
8.05138888888889,0.928145428328507,0.592520702107209,5.8856928125501,27.2222320007215
8.0514880952381,0.928704066560353,0.592656722605074,5.88287818844677,27.2233230380094
8.0515873015873,0.929261681760085,0.592792916010482,5.88006491043568,27.2244141258566
8.05168650793651,0.929818275547196,0.592929281794258,5.87725297787036,27.2255052637641
8.05178571428571,0.930373849539814,0.593065819427717,5.87444239010463,27.226596451233
8.05188492063492,0.930928405354698,0.593202528382664,5.87163314649261,27.2276876877651
8.05198412698413,0.931481944607244,0.593339408131397,5.86882524638873,27.2287789728627
8.05208333333333,0.932034468911484,0.593476458146703,5.8660186891477,27.2298703060285
8.05218253968254,0.932585979880081,0.59361367790186,5.86321347412454,27.2309616867657
8.05228174603175,0.933136479124335,0.59375106687064,5.86040960067458,27.2320531145779
8.05238095238095,0.933685968254179,0.593888624527303,5.85760706815342,27.2331445889695
8.05248015873016,0.934234448878181,0.594026350346599,5.85480587591698,27.2342361094449
8.05257936507936,0.934781922603545,0.594164243803773,5.85200602332148,27.2353276755093
8.05267857142857,0.935328391036106,0.594302304374557,5.84920750972343,27.2364192866684
8.05277777777778,0.935873855780337,0.594440531535177,5.84641033447964,27.2375109424282
8.05287698412699,0.93641831843935,0.594578924762349,5.84361449694719,27.2386026422953
8.05297619047619,0.936961780614871,0.594717483533277,5.84081999648356,27.2396943857767
8.0530753968254,0.937504243907284,0.59485620732566,5.83802683244642,27.2407861723799
8.0531746031746,0.938045709915597,0.594995095617687,5.83523500419379,27.2418780016131
8.05327380952381,0.938586180237453,0.595134147888036,5.83244451108396,27.2429698729846
8.05337301587302,0.939125656469132,0.595273363615878,5.82965535247554,27.2440617860034
8.05347222222222,0.939664140205546,0.595412742280875,5.82686752772744,27.2451537401791
8.05357142857143,0.940201633040242,0.595552283363179,5.82408103619887,27.2462457350214
8.05367063492064,0.940738136565403,0.595691986343433,5.82129587724932,27.2473377700409
8.05376984126984,0.941273652371843,0.595831850702772,5.81851205023859,27.2484298447484
8.05386904761905,0.941808182049015,0.59597187592282,5.81572955452679,27.2495219586553
8.05396825396825,0.942341727185003,0.596112061485694,5.81294838947432,27.2506141112734
8.05406746031746,0.942874289366526,0.596252406874002,5.81016855444187,27.2517063021152
8.05416666666667,0.943405870178939,0.59639291157084,5.80739004879044,27.2527985306933
8.05426587301587,0.943936471206231,0.596533575059799,5.80461287188133,27.2538907965211
8.05436507936508,0.944466094031032,0.596674396824961,5.80183702307608,27.2549830991124
8.05446428571429,0.944994740234584,0.596815376350891,5.79906250173669,27.2560754379814
8.05456349206349,0.945522411396787,0.596956513122656,5.79628930722529,27.2571678126429
8.0546626984127,0.946049109096167,0.597097806625806,5.79351743890438,27.258260222612
8.05476190476191,0.946574834909886,0.597239256346387,5.79074689613675,27.2593526674046
8.05486111111111,0.947099590413739,0.597380861770932,5.78797767828549,27.2604451465367
8.05496031746032,0.947623377182155,0.597522622386469,5.78520978471398,27.2615376595249
8.05505952380952,0.948146196788199,0.597664537680514,5.78244321478593,27.2626302058866
8.05515873015873,0.94866805080357,0.597806607141074,5.7796779678653,27.2637227851392
8.05525793650794,0.949188940798601,0.597948830256648,5.77691404331639,27.2648153968009
8.05535714285714,0.94970886834226,0.598091206516227,5.77415144050379,27.2659080403902
8.05545634920635,0.950227835002148,0.59823373540929,5.77139015879236,27.2670007154263
8.05555555555556,0.950745842344504,0.59837641642581,5.76863019754731,27.2680934214286
8.05565476190476,0.951262891934197,0.598519249056248,5.7658715561341,27.2691861579172
8.05575396825397,0.951778985334734,0.598662232791559,5.76311423391851,27.2702789244125
8.05585317460318,0.952294124108262,0.598805367123189,5.76035823026659,27.2713717204356
8.05595238095238,0.95280830981554,0.598948651543069,5.7576035445448,27.272464545508
8.05605158730159,0.953321544015987,0.599092085543629,5.75485017611976,27.2735573991515
8.05615079365079,0.953833828267644,0.599235668617785,5.75209812435845,27.2746502808886
8.05625,0.95434516412719,0.599379400258946,5.74934738862816,27.2757431902422
8.05634920634921,0.954855553149937,0.599523279961011,5.74659796829644,27.2768361267357
8.05644841269841,0.955364996889832,0.59966730721837,5.74384986273119,27.2779290898929
8.05654761904762,0.955873496899457,0.599811481525905,5.74110307130055,27.2790220792382
8.05664682539683,0.956381054730028,0.599955802378988,5.73835759337301,27.2801150942965
8.05674603174603,0.956887671931394,0.600100269273483,5.73561342831734,27.2812081345929
8.05684523809524,0.957393350052042,0.600244881705743,5.73287057550259,27.2823011996534
8.05694444444444,0.957898090639089,0.600389639172613,5.73012903429815,27.2833942890042
8.05704365079365,0.95840189523829,0.600534541171431,5.72738880407367,27.284487402172
8.05714285714286,0.958904765394033,0.600679587200022,5.72464988419912,27.2855805386841
8.05724206349206,0.959406702649342,0.600824776756705,5.72191227404475,27.2866736980681
8.05734126984127,0.959907708545878,0.60097010934029,5.71917597298111,27.2877668798524
8.05744047619048,0.960407784623922,0.601115584450075,5.71644098037912,27.2888600835654
8.05753968253968,0.960906932422405,0.601261201585851,5.71370729560991,27.2899533087364
8.05763888888889,0.961405153478889,0.601406960247901,5.71097491804493,27.2910465548951
8.0577380952381,0.961902449329568,0.601552859936997,5.70824384705594,27.2921398215715
8.0578373015873,0.962398821509273,0.601698900154404,5.705514082015,27.2932331082962
8.05793650793651,0.962894271551466,0.601845080401876,5.70278562229447,27.2943264146003
8.05803571428571,0.963388800988247,0.601991400181659,5.700058467267,27.2954197400153
8.05813492063492,0.963882411350349,0.60213785899649,5.69733261630555,27.2965130840733
8.05823412698413,0.964375104167138,0.602284456349596,5.69460806878336,27.2976064463068
8.05833333333333,0.964866880966617,0.602431191744695,5.69188482407399,27.2986998262488
8.05843253968254,0.965357743275422,0.602578064685999,5.68916288155129,27.2997932234328
8.05853174603175,0.965847692618825,0.602725074678207,5.68644224058941,27.3008866373927
8.05863095238095,0.966336730520729,0.602872221226511,5.68372290056279,27.301980067663
8.05873015873016,0.966824858503676,0.603019503836592,5.68100486084619,27.3030735137785
8.05882936507937,0.967312078088846,0.603166922014628,5.67828812081461,27.3041669752748
8.05892857142857,0.967798390796034,0.603314475267278,5.67557267984347,27.3052604516876
8.05902777777778,0.968283798143691,0.6034621631017,5.67285853730838,27.3063539425532
8.05912698412699,0.968768301648894,0.603609985025539,5.67014569258528,27.3074474474087
8.05922619047619,0.969251902827356,0.603757940546934,5.66743414505042,27.3085409657912
8.0593253968254,0.969734603193421,0.603906029174513,5.66472389408033,27.3096344972386
8.0594246031746,0.970216404260073,0.604054250417395,5.66201493905186,27.3107280412891
8.05952380952381,0.970697307538927,0.60420260378519,5.65930727934213,27.3118215974815
8.05962301587302,0.971177314540232,0.604351088787999,5.6566009143286,27.3129151653551
8.05972222222222,0.971656426772873,0.604499704936415,5.65389584338899,27.3140087444496
8.05982142857143,0.972134645744368,0.604648451741521,5.65119206590134,27.3151023343052
8.05992063492064,0.972611972960873,0.604797328714891,5.64848958124399,27.3161959344625
8.06001984126984,0.973088409927174,0.604946335368589,5.64578838879557,27.3172895444627
8.06011904761905,0.973563958146694,0.605095471215173,5.643088487935,27.3183831638475
8.06021825396825,0.974038619121489,0.605244735767688,5.64038987804153,27.319476792159
8.06031746031746,0.974512394352258,0.605394128539675,5.63769255849464,27.3205704289398
8.06041666666667,0.974985285338313,0.605543649045159,5.63499652867424,27.321664073733
8.06051587301587,0.975457293577621,0.605693296798662,5.63230178796042,27.3227577260821
8.06061507936508,0.975928420566777,0.605843071315195,5.6296083357336,27.3238513855313
8.06071428571429,0.97639866780101,0.605992972110258,5.62691617137451,27.3249450516249
8.06081349206349,0.976868036774184,0.606142998699846,5.62422529426418,27.3260387239081
8.0609126984127,0.977336528978797,0.606293150600442,5.62153570378392,27.3271324019263
8.06101190476191,0.977804145905981,0.606443427329021,5.61884739931536,27.3282260852255
8.06111111111111,0.978270889045505,0.606593828403048,5.61616038024042,27.3293197733521
8.06121031746032,0.978736759885768,0.60674435334048,5.61347464594133,27.3304134658531
8.06130952380952,0.979201759913808,0.606895001659765,5.61079019580059,27.3315071622758
8.06140873015873,0.979665890615295,0.60704577287984,5.60810702920103,27.3326008621683
8.06150793650794,0.980129153474533,0.607196666520137,5.60542514552577,27.3336945650787
8.06160714285714,0.980591549974463,0.607347682100575,5.60274454415821,27.3347882705561
8.06170634920635,0.981053081596658,0.607498819141565,5.60006522448208,27.3358819781496
8.06180555555556,0.981513749821333,0.607650077164013,5.59738718588135,27.3369756874092
8.06190476190476,0.981973556127319,0.607801455689307,5.59471042774041,27.3380693978851
8.06200396825397,0.982432501992098,0.607952954239334,5.59203494944383,27.3391631091282
8.06210317460318,0.982890588891783,0.608104572336469,5.58936075037653,27.3402568206895
8.06220238095238,0.98334781830112,0.608256309503579,5.5866878299237,27.341350532121
8.06230158730159,0.98380419169349,0.608408165264021,5.58401618747087,27.3424442429747
8.06240079365079,0.984259710540908,0.608560139141643,5.58134582240383,27.3435379528034
8.0625,0.984714376314024,0.608712230660784,5.5786767341087,27.3446316611603
8.06259920634921,0.985168190482122,0.608864439346274,5.57600892197187,27.3457253675991
8.06269841269841,0.98562115451312,0.609016764723436,5.57334238538006,27.3468190716738
8.06279761904762,0.986073269873573,0.609169206318079,5.57067712372026,27.3479127729391
8.06289682539682,0.986524538028666,0.609321763656509,5.56801313637977,27.34900647095
8.06299603174603,0.986974960442224,0.609474436265518,5.56535042274621,27.3501001652622
8.06309523809524,0.987424538576701,0.609627223672391,5.56268898220745,27.3511938554318
8.06319444444444,0.987873273893189,0.609780125404906,5.56002881415172,27.3522875410151
8.06329365079365,0.98832116785142,0.60993314099133,5.55736991796745,27.3533812215694
8.06339285714286,0.988768221909741,0.610086269960417,5.55471229304354,27.354474896652
8.06349206349206,0.989214437525153,0.610239511841419,5.55205593876902,27.355568565821
8.06359126984127,0.989659816153285,0.610392866164075,5.5494008545333,27.3566622286348
8.06369047619048,0.9901043592484,0.610546332458616,5.54674703972607,27.3577558846524
8.06378968253968,0.990548068263396,0.610699910255763,5.54409449373733,27.3588495334331
8.06388888888889,0.990990944649806,0.610853599086729,5.54144321595735,27.3599431745369
8.06398809523809,0.991432989857795,0.611007398483219,5.53879320577674,27.3610368075242
8.0640873015873,0.991874205336166,0.611161307977426,5.53614446258638,27.3621304319558
8.06418650793651,0.992314592532354,0.611315327102037,5.53349698577745,27.363224047393
8.06428571428571,0.99275415289243,0.611469455390227,5.53085077474146,27.3643176533978
8.06438492063492,0.993192887861097,0.611623692375665,5.52820582887017,27.3654112495324
8.06448412698413,0.993630798881695,0.611778037592508,5.52556214755568,27.3665048353595
8.06458333333333,0.994067887396199,0.611932490575407,5.52291973019036,27.3675984104426
8.06468253968254,0.994504154845215,0.612087050859502,5.5202785761669,27.3686919743452
8.06478174603175,0.994939602667993,0.612241717980425,5.51763868487825,27.3697855266316
8.06488095238095,0.995374232302397,0.612396491474296,5.51500005571776,27.3708790668666
8.06498015873016,0.995808045184945,0.61255137087773,5.51236268807896,27.3719725946153
8.06507936507936,0.996241042750784,0.612706355727831,5.50972658135574,27.3730661094433
8.06517857142857,0.996673226433692,0.612861445562194,5.50709173494228,27.3741596109169
8.06527777777778,0.997104597666086,0.613016639918906,5.50445814823304,27.3752530986027
8.06537698412698,0.997535157879015,0.613171938336544,5.50182582062281,27.3763465720678
8.06547619047619,0.997964908502162,0.613327340354175,5.49919475150666,27.3774400308797
8.0655753968254,0.998393850963847,0.61348284551136,5.49656494027995,27.3785334746066
8.0656746031746,0.99882198669102,0.613638453348147,5.49393638633837,27.3796269028169
8.06577380952381,0.999249317109272,0.613794163405079,5.49130908907787,27.3807203150798
8.06587301587301,0.999675843642821,0.613949975223187,5.48868304789474,27.3818137109647
8.06597222222222,1.00010156771453,0.614105888343994,5.48605826218554,27.3829070900417
8.06607142857143,1.00052649074588,0.614261902309514,5.48343473134713,27.3840004518811
8.06617063492063,1.000950614157,0.614418016662251,5.48081245477668,27.385093796054
8.06626984126984,1.00137393936666,0.614574230945205,5.47819143187163,27.3861871221318
8.06636904761905,1.00179646779223,0.614730544701858,5.47557166202979,27.3872804296864
8.06646825396825,1.00221820084976,0.614886957476189,5.47295314464921,27.3883737182902
8.06656746031746,1.00263913995391,0.615043468812667,5.47033587912824,27.389466987516
8.06666666666667,1.00305928651797,0.615200078256252,5.46771986486555,27.3905602369373
8.06676587301587,1.00347864195387,0.615356785352394,5.46510510126009,27.3916534661279
8.06686507936508,1.00389720767219,0.615513589647036,5.46249158771112,27.392746674662
8.06696428571429,1.00431498508212,0.61567049068661,5.4598793236182,27.3938398621145
8.06706349206349,1.0047319755915,0.615827488018039,5.45726830838119,27.3949330280607
8.0671626984127,1.0051481806068,0.615984581188739,5.45465854140023,27.3960261720763
8.0672619047619,1.00556360153312,0.616141769746614,5.45205002207578,27.3971192937376
8.06736111111111,1.0059782397742,0.616299053240061,5.44944274980861,27.3982123926212
8.06746031746032,1.00639209673242,0.616456431217967,5.44683672399975,27.3993054683044
8.06755952380952,1.00680517380878,0.616613903229712,5.44423194405056,27.4003985203649
8.06765873015873,1.0072174722892,0.616771468871892,5.44162840935588,27.401491548428
8.06775793650794,1.00762898960619,0.616929129322625,5.43902611908942,27.4025845537171
8.06785714285714,1.0080397248723,0.617086885065034,5.43642507255121,27.4036775367524
8.06795634920635,1.00844967904378,0.617244735823906,5.43382526915599,27.4047704972873
8.06805555555556,1.00885885307633,0.617402681324199,5.43122670831876,27.4058634350756
8.06815476190476,1.00926724792511,0.617560721291041,5.42862938945472,27.406956349871
8.06825396825397,1.00967486454478,0.617718855449733,5.42603331197934,27.4080492414276
8.06835317460317,1.01008170388944,0.617877083525745,5.42343847530829,27.4091421094996
8.06845238095238,1.01048776691265,0.618035405244719,5.42084487885749,27.4102349538412
8.06855158730159,1.01089305456746,0.61819382033247,5.41825252204306,27.4113277742071
8.06865079365079,1.01129756780637,0.618352328514983,5.41566140428136,27.4124205703518
8.06875,1.01170130758135,0.618510929518413,5.41307152498899,27.4135133420302
8.06884920634921,1.01210427484384,0.618669623069089,5.41048288358276,27.4146060889972
8.06894841269841,1.01250647054475,0.618828408893509,5.40789547947972,27.415698811008
8.06904761904762,1.01290789563444,0.618987286718344,5.40530931209713,27.4167915078179
8.06914682539682,1.01330855106275,0.619146256270436,5.40272438085251,27.4178841791823
8.06924603174603,1.01370843777899,0.619305317276798,5.40014068516355,27.418976824857
8.06934523809524,1.01410755673193,0.619464469464612,5.39755822444826,27.4200694445976
8.06944444444444,1.0145059088698,0.619623712561234,5.3949769981248,27.4211620381601
8.06954365079365,1.01490349514031,0.619783046294192,5.39239700561158,27.4222546053007
8.06964285714286,1.01530031649062,0.619942470391183,5.38981824632723,27.4233471457757
8.06974206349206,1.01569637386738,0.620101984580077,5.38724071969063,27.4244396593414
8.06984126984127,1.01609166821668,0.620261588588915,5.38466442512088,27.4255321457544
8.06994047619048,1.01648620048411,0.620421282145908,5.38208936203728,27.4266246047716
8.07003968253968,1.01687997161468,0.62058106497944,5.37951552985939,27.4277170361499
8.07013888888889,1.01727298255292,0.620740936818065,5.376942928007,27.4288094396463
8.07023809523809,1.01766523424278,0.620900897390508,5.37437155590009,27.429901815018
8.0703373015873,1.0180567276277,0.621060946425668,5.37180141295892,27.4309941620226
8.07043650793651,1.01844746365058,0.621221083652613,5.36923249860393,27.4320864804175
8.07053571428571,1.0188374432538,0.621381308800582,5.36666481225582,27.4331787699606
8.07063492063492,1.01922666737918,0.621541621598987,5.36409835333551,27.4342710304096
8.07073412698413,1.01961513696804,0.621702021777412,5.36153312126409,27.4353632615228
8.07083333333333,1.02000285296114,0.621862509065605,5.35896911546302,27.4364554630582
8.07093253968254,1.02038981629871,0.622023083193496,5.35640633535386,27.4375476347742
8.07103174603175,1.02077602792045,0.622183743891179,5.35384478035843,27.4386397764295
8.07113095238095,1.02116148876554,0.622344490888922,5.3512844498988,27.4397318877827
8.07123015873016,1.02154619977261,0.622505323917164,5.34872534339723,27.4408239685927
8.07132936507936,1.02193016187976,0.622666242706515,5.34616746027625,27.4419160186185
8.07142857142857,1.02231337602455,0.622827246987757,5.34361079995859,27.4430080376193
8.07152777777778,1.02269584314403,0.622988336491843,5.34105536186721,27.4441000253544
8.07162698412698,1.02307756417469,0.623149510949896,5.33850114542532,27.4451919815835
8.07172619047619,1.0234585400525,0.623310770093212,5.33594815005633,27.4462839060661
8.0718253968254,1.0238387717129,0.623472113653257,5.33339637518388,27.4473757985621
8.0719246031746,1.02421826009078,0.623633541361669,5.33084582023187,27.4484676588315
8.07202380952381,1.02459700612051,0.623795052950259,5.32829648462438,27.4495594866344
8.07212301587301,1.02497501073593,0.623956648151005,5.32574836778576,27.4506512817313
8.07222222222222,1.02535227487033,0.624118326696063,5.32320146914053,27.4517430438825
8.07232142857143,1.02572879945649,0.624280088317751,5.32065578811354,27.4528347728488
8.07242063492064,1.02610458542663,0.624441932748565,5.31811132412978,27.4539264683909
8.07251984126984,1.02647963371245,0.624603859721172,5.31556807661449,27.4550181302698
8.07261904761905,1.02685394524513,0.624765868968409,5.31302604499314,27.4561097582467
8.07271825396825,1.02722752095529,0.624927960223283,5.31048522869142,27.4572013520828
8.07281746031746,1.02760036177303,0.625090133218975,5.30794562713527,27.4582929115396
8.07291666666667,1.02797246862793,0.625252387688835,5.30540723975084,27.4593844363788
8.07301587301587,1.028343842449,0.625414723366386,5.3028700659645,27.4604759263621
8.07311507936508,1.02871448416475,0.625577139985321,5.30033410520288,27.4615673812514
8.07321428571429,1.02908439470316,0.625739637279506,5.2977993568928,27.4626588008089
8.07331349206349,1.02945357499163,0.625902214982976,5.29526582046133,27.4637501847969
8.0734126984127,1.02982202595709,0.626064872829938,5.29273349533577,27.4648415329777
8.0735119047619,1.03018974852589,0.626227610554772,5.29020238094362,27.465932845114
8.07361111111111,1.03055674362386,0.626390427892028,5.28767247671265,27.4670241209685
8.07371031746032,1.0309230121763,0.626553324576428,5.28514378207079,27.4681153603042
8.07380952380952,1.03128855510798,0.626716300342862,5.28261629644632,27.469206562884
8.07390873015873,1.03165337334312,0.626879354926396,5.28009001926763,27.4702977284714
8.07400793650794,1.03201746780543,0.627042488062264,5.27756494996338,27.4713888568296
8.07410714285714,1.03238083941807,0.627205699485874,5.27504108796245,27.4724799477222
8.07420634920635,1.03274348910367,0.627368988932803,5.27251843269397,27.473571000913
8.07430555555556,1.03310541778433,0.6275323561388,5.26999698358726,27.4746620161658
8.07440476190476,1.03346662638161,0.627695800839787,5.26747674007191,27.4757529932448
8.07450396825397,1.03382711581654,0.627859322771853,5.26495770157771,27.476843931914
8.07460317460317,1.03418688700962,0.628022921671264,5.26243986753469,27.4779348319379
8.07470238095238,1.03454594088081,0.628186597274452,5.25992323737309,27.4790256930811
8.07480158730159,1.03490427834954,0.628350349318025,5.25740781052341,27.4801165151082
8.07490079365079,1.03526190033472,0.628514177538757,5.25489358641634,27.4812072977841
8.075,1.03561880775469,0.628678081673599,5.25238056448282,27.4822980408738
8.07509920634921,1.0359750015273,0.628842061459669,5.24986874415402,27.4833887441424
8.07519841269841,1.03633048256984,0.629006116634261,5.24735812486129,27.4844794073555
8.07529761904762,1.03668525179906,0.629170246934832,5.24484870603633,27.4855700302784
8.07539682539683,1.03703931013121,0.629334452099018,5.24234048711094,27.4866606126768
8.07549603174603,1.03739265848197,0.629498731864624,5.23983346751719,27.4877511543166
8.07559523809524,1.03774529776651,0.629663085969626,5.2373276466874,27.4888416549637
8.07569444444444,1.03809722889946,0.62982751415217,5.23482302405409,27.4899321143843
8.07579365079365,1.03844845279491,0.629992016150577,5.23231959905003,27.4910225323448
8.07589285714286,1.03879897036643,0.630156591703335,5.22981737110818,27.4921129086116
8.07599206349206,1.03914878252704,0.630321240549106,5.22731633966177,27.4932032429513
8.07609126984127,1.03949789018923,0.630485962426723,5.22481650414425,27.4942935351308
8.07619047619048,1.03984629426498,0.63065075707519,5.22231786398927,27.495383784917
8.07628968253968,1.04019399566571,0.630815624233681,5.21982041863073,27.4964739920771
8.07638888888889,1.0405409953023,0.630980563641543,5.21732416750277,27.4975641563783
8.07648809523809,1.04088729408513,0.631145575038294,5.21482911003972,27.4986542775882
8.0765873015873,1.04123289292403,0.631310658163623,5.21233524567617,27.4997443554742
8.07668650793651,1.04157779272828,0.631475812757393,5.2098425738469,27.5008343898043
8.07678571428571,1.04192199440664,0.63164103855963,5.207351093987,27.5019243803462
8.07688492063492,1.04226549886735,0.631806335310541,5.20486080553171,27.5030143268682
8.07698412698413,1.0426083070181,0.631971702750498,5.20237170791651,27.5041042291385
8.07708333333333,1.04295041976604,0.632137140620048,5.19988380057713,27.5051940869256
8.07718253968254,1.04329183801781,0.632302648659908,5.19739708294951,27.5062838999979
8.07728174603175,1.0436325626795,0.632468226610966,5.19491155446982,27.5073736681243
8.07738095238095,1.04397259465667,0.632633874214281,5.19242721457446,27.5084633910736
8.07748015873016,1.04431193485434,0.632799591211084,5.18994406270007,27.509553068615
8.07757936507936,1.04465058417701,0.632965377342778,5.1874620982835,27.5106427005177
8.07767857142857,1.04498854352864,0.633131232350935,5.18498132076184,27.5117322865511
8.07777777777778,1.04532581381265,0.6332971559773,5.18250172957239,27.5128218264846
8.07787698412698,1.04566239593194,0.633463147963789,5.1800233241527,27.5139113200882
8.07797619047619,1.04599829078887,0.633629208052489,5.17754610394054,27.5150007671315
8.0780753968254,1.04633349928526,0.63379533598566,5.17507006837389,27.5160901673848
8.0781746031746,1.0466680223224,0.633961531505733,5.17259521689096,27.5171795206181
8.07827380952381,1.04700186080106,0.634127794355304,5.17012154893026,27.5182688266019
8.07837301587302,1.04733501562145,0.634294124277149,5.16764906393043,27.5193580851067
8.07847222222222,1.04766748768328,0.634460521014211,5.16517776133037,27.5204472959031
8.07857142857143,1.04799927788569,0.634626984309606,5.16270764056924,27.5215364587621
8.07867063492064,1.04833038712732,0.634793513906619,5.16023870108637,27.5226255734547
8.07876984126984,1.04866081630625,0.634960109548709,5.15777094232138,27.5237146397519
8.07886904761905,1.04899056632005,0.635126770979504,5.15530436371406,27.5248036574253
8.07896825396825,1.04931963806574,0.635293497942805,5.15283896470448,27.5258926262462
8.07906746031746,1.0496480324398,0.635460290182583,5.15037474473289,27.5269815459863
8.07916666666667,1.0499757503382,0.635627147442981,5.1479117032398,27.5280704164175
8.07926587301587,1.05030279265636,0.635794069468314,5.14544983966594,27.5291592373118
8.07936507936508,1.05062916028918,0.635961056003066,5.14298915345227,27.5302480084412
8.07946428571429,1.050954854131,0.636128106791894,5.14052964403996,27.5313367295782
8.07956349206349,1.05127987507566,0.636295221579628,5.13807131087044,27.5324254004951
8.0796626984127,1.05160422401645,0.636462400111267,5.1356141533853,27.5335140209647
8.07976190476191,1.05192790184611,0.636629642131979,5.13315817102647,27.5346025907597
8.07986111111111,1.05225090945688,0.636796947387108,5.13070336323603,27.5356911096531
8.07996031746032,1.05257324774044,0.636964315622166,5.12824972945628,27.536779577418
8.08005952380952,1.05289491758795,0.637131746582839,5.12579726912979,27.5378679938277
8.08015873015873,1.05321591989003,0.637299240014983,5.12334598169933,27.5389563586556
8.08025793650794,1.05353625553678,0.637466795664623,5.1208958666079,27.5400446716753
8.08035714285714,1.05385592541775,0.63763441327796,5.11844692329874,27.5411329326607
8.08045634920635,1.05417493042196,0.637802092601363,5.11599915121531,27.5422211413856
8.08055555555556,1.0544932714379,0.637969833381373,5.1135525498013,27.5433092976242
8.08065476190476,1.05481094935352,0.638137635364702,5.11110711850062,27.5443974011506
8.08075396825397,1.05512796505626,0.638305498298233,5.10866285675741,27.5454854517394
8.08085317460317,1.055444319433,0.638473421929023,5.10621976401606,27.546573449165
8.08095238095238,1.05576001337009,0.638641406004297,5.10377783972115,27.5476613932023
8.08105158730159,1.05607504775335,0.638809450271453,5.10133708331752,27.5487492836261
8.08115079365079,1.05638942346808,0.638977554478062,5.09889749425018,27.5498371202116
8.08125,1.05670314139903,0.639145718371859,5.09645907196449,27.5509249027338
8.08134920634921,1.05701620243042,0.639313941700759,5.09402181590593,27.5520126309683
8.08144841269841,1.05732860744594,0.639482224212843,5.09158572552022,27.5531003046906
8.08154761904762,1.05764035732874,0.639650565656367,5.08915080025334,27.5541879236763
8.08164682539683,1.05795145296144,0.639818965779755,5.08671703955149,27.5552754877015
8.08174603174603,1.05826189522614,0.639987424331605,5.08428444286107,27.556362996542
8.08184523809524,1.05857168500438,0.640155941060684,5.08185300962874,27.5574504499741
8.08194444444444,1.05888082317719,0.640324515715932,5.07942273930139,27.5585378477742
8.08204365079365,1.05918931062505,0.640493148046458,5.0769936313261,27.5596251897187
8.08214285714286,1.05949714822792,0.640661837801546,5.07456568515022,27.5607124755845
8.08224206349206,1.05980433686522,0.640830584730648,5.07213890022129,27.5617997051482
8.08234126984127,1.06011087741583,0.640999388583388,5.06971327598712,27.562886878187
8.08244047619048,1.06041677075812,0.641168249109563,5.06728881189572,27.563973994478
8.08253968253968,1.06072201776989,0.641337166059139,5.06486550739533,27.5650610537986
8.08263888888889,1.06102661932844,0.641506139182258,5.06244336193438,27.5661480559261
8.0827380952381,1.06133057631051,0.641675168229224,5.06002237496164,27.5672350006384
8.0828373015873,1.06163388959234,0.641844252950521,5.05760254592601,27.5683218877131
8.08293650793651,1.06193656004959,0.6420133930968,5.05518387427664,27.5694087169284
8.08303571428571,1.06223858855744,0.642182588418886,5.0527663594629,27.5704954880622
8.08313492063492,1.06253997599049,0.642351838667773,5.05035000093442,27.5715822008931
8.08323412698413,1.06284072322283,0.642521143594628,5.04793479814102,27.5726688551993
8.08333333333333,1.06314083112801,0.642690502950788,5.04552075053277,27.5737554507595
8.08343253968254,1.06344030057906,0.642859916487761,5.04310785755997,27.5748419873526
8.08353174603175,1.06373913244845,0.643029383957229,5.04069611867313,27.5759284647574
8.08363095238095,1.06403732760814,0.643198905111042,5.038285533323,27.5770148827532
8.08373015873016,1.06433488692956,0.643368479701223,5.03587610096055,27.5781012411191
8.08382936507936,1.06463181128357,0.643538107479965,5.033467821037,27.5791875396347
8.08392857142857,1.06492810154054,0.643707788199635,5.03106069300377,27.5802737780794
8.08402777777778,1.06522375857028,0.643877521612769,5.02865471631252,27.5813599562331
8.08412698412699,1.06551878324209,0.644047307472077,5.02624989041511,27.5824460738757
8.08422619047619,1.06581317642469,0.644217145530434,5.02384621476371,27.5835321307874
8.0843253968254,1.06610693898633,0.644387035540892,5.02144368881063,27.5846181267482
8.0844246031746,1.06640007179467,0.644556977256673,5.01904231200844,27.5857040615387
8.08452380952381,1.06669257571687,0.64472697043117,5.01664208380995,27.5867899349394
8.08462301587302,1.06698445161956,0.644897014817948,5.01424300366817,27.5878757467311
8.08472222222222,1.0672757003688,0.645067110170743,5.01184507103636,27.5889614966946
8.08482142857143,1.06756632283016,0.645237256243461,5.009448285368,27.590047184611
8.08492063492064,1.06785631986864,0.645407452790181,5.00705264611679,27.5911328102616
8.08501984126984,1.06814569234874,0.645577699565151,5.00465815273668,27.5922183734276
8.08511904761905,1.0684344411344,0.645747996322794,5.00226480468183,27.5933038738908
8.08521825396825,1.06872256708904,0.645918342817702,4.99987260140662,27.5943893114327
8.08531746031746,1.06901007107554,0.646088738804637,4.99748154236569,27.5954746858352
8.08541666666667,1.06929695395625,0.646259184038535,4.99509162701387,27.5965599968804
8.08551587301587,1.06958321659299,0.646429678274501,4.99270285480623,27.5976452443505
8.08561507936508,1.06986885984704,0.646600221267817,4.99031522519806,27.5987304280278
8.08571428571429,1.07015388457915,0.646770812773924,4.98792873764494,27.5998155476948
8.08581349206349,1.07043829164953,0.646941452548446,4.9855433916026,27.6009006031342
8.0859126984127,1.07072208191787,0.647112140347175,4.98315918652703,27.6019855941288
8.08601190476191,1.07100525624332,0.647282875926072,4.98077612187443,27.6030705204618
8.08611111111111,1.07128781548449,0.647453659041272,4.97839419710126,27.6041553819161
8.08621031746032,1.07156976049946,0.647624489449079,4.97601341166417,27.6052401782752
8.08630952380952,1.07185109214578,0.647795366905971,4.97363376502007,27.6063249093225
8.08640873015873,1.07213181128047,0.647966291168595,4.97125525662608,27.6074095748417
8.08650793650794,1.07241191876,0.648137261993771,4.96887788593954,27.6084941746165
8.08660714285714,1.07269141544033,0.648308279138487,4.96650165241805,27.6095787084311
8.08670634920635,1.07297030217688,0.648479342359907,4.96412655551941,27.6106631760695
8.08680555555556,1.07324857982451,0.648650451415364,4.96175259470165,27.6117475773159
8.08690476190476,1.07352624923758,0.648821606062361,4.95937976942303,27.612831911955
8.08700396825397,1.07380331126991,0.648992806058574,4.95700807914205,27.6139161797712
8.08710317460318,1.07407976677477,0.649164051161852,4.9546375233174,27.6150003805494
8.08720238095238,1.07435561660491,0.64933534113021,4.95226810140807,27.6160845140745
8.08730158730159,1.07463086161255,0.649506675721838,4.94989981287322,27.6171685801316
8.08740079365079,1.07490550264936,0.649678054695098,4.94753265717225,27.618252578506
8.0875,1.07517954056649,0.649849477808521,4.94516663376478,27.6193365089832
8.08759920634921,1.07545297621456,0.650020944820812,4.94280174211067,27.6204203713487
8.08769841269841,1.07572581044364,0.650192455490844,4.94043798167001,27.6215041653882
8.08779761904762,1.07599804410328,0.650364009577665,4.9380753519031,27.6225878908878
8.08789682539683,1.0762696780425,0.65053560684049,4.93571385227049,27.6236715476334
8.08799603174603,1.07654071310978,0.650707247038709,4.93335348223295,27.6247551354114
8.08809523809524,1.07681115015305,0.650878929931881,4.93099424125147,27.625838654008
8.08819444444444,1.07708099001974,0.651050655279739,4.92863612878728,27.62692210321
8.08829365079365,1.07735023355671,0.651222422842183,4.92627914430182,27.628005482804
8.08839285714286,1.07761888161033,0.651394232379289,4.92392328725678,27.6290887925769
8.08849206349206,1.07788693502639,0.651566083651301,4.92156855711405,27.6301720323157
8.08859126984127,1.07815439465019,0.651737976418638,4.91921495333575,27.6312552018078
8.08869047619048,1.07842126132646,0.651909910441883,4.9168624753843,27.6323383008403
8.08878968253968,1.07868753589941,0.652081885481797,4.91451112272225,27.633421329201
8.08888888888889,1.07895321921273,0.652253901299311,4.91216089481243,27.6345042866774
8.0889880952381,1.07921831210955,0.652425957655526,4.90981179111787,27.6355871730575
8.0890873015873,1.0794828154325,0.652598054311715,4.90746381110185,27.6366699881293
8.08918650793651,1.07974673002364,0.652770191029322,4.90511695422788,27.6377527316809
8.08928571428571,1.08001005672453,0.652942367569964,4.90277121995967,27.6388354035007
8.08938492063492,1.08027279637617,0.653114583695426,4.90042660776119,27.6399180033773
8.08948412698413,1.08053494981904,0.653286839167666,4.89808311709662,27.6410005310992
8.08958333333333,1.08079651789309,0.653459133748815,4.89574074743037,27.6420829864554
8.08968253968254,1.08105750143772,0.653631467201173,4.89339949822708,27.6431653692347
8.08978174603175,1.08131790129182,0.653803839287212,4.89105936895161,27.6442476792265
8.08988095238095,1.08157771829372,0.653976249769575,4.88872035906907,27.6453299162199
8.08998015873016,1.08183695328124,0.654148698411076,4.88638246804476,27.6464120800045
8.09007936507937,1.08209560709166,0.654321184974705,4.88404569534422,27.64749417037
8.09017857142857,1.08235368056171,0.654493709223613,4.88171004043328,27.648576187106
8.09027777777778,1.08261117452761,0.654666270921132,4.87937550277791,27.6496581300027
8.09037698412699,1.08286808982504,0.654838869830761,4.87704208184436,27.6507399988501
8.09047619047619,1.08312442728913,0.655011505716171,4.87470977709907,27.6518217934385
8.0905753968254,1.08338018775449,0.655184178341205,4.87237858800874,27.6529035135583
8.0906746031746,1.08363537205521,0.655356887469876,4.87004851404028,27.6539851590002
8.09077380952381,1.08388998102482,0.65552963286637,4.86771955466084,27.655066729555
8.09087301587302,1.08414401549634,0.655702414295043,4.86539170933779,27.6561482250136
8.09097222222222,1.08439747630223,0.655875231520422,4.86306497753873,27.6572296451671
8.09107142857143,1.08465036427445,0.656048084307206,4.86073935873149,27.6583109898068
8.09117063492064,1.08490268024439,0.656220972420266,4.85841485238412,27.659392258724
8.09126984126984,1.08515442504295,0.656393895624643,4.8560914579649,27.6604734517104
8.09136904761905,1.08540559950045,0.656566853685549,4.85376917494235,27.6615545685578
8.09146825396825,1.0856562044467,0.65673984636837,4.85144800278519,27.662635609058
8.09156746031746,1.08590624071099,0.656912873438662,4.84912794096238,27.6637165730031
8.09166666666667,1.08615570912205,0.657085934662148,4.84680898894315,27.6647974601853
8.09176587301587,1.08640461050808,0.657259029804728,4.84449114619691,27.6658782703971
8.09186507936508,1.08665294569678,0.657432158632472,4.8421744121933,27.666959003431
8.09196428571429,1.08690071551526,0.657605320911619,4.8398587864022,27.6680396590796
8.09206349206349,1.08714792079015,0.657778516408583,4.83754426829371,27.6691202371361
8.0921626984127,1.08739456234752,0.657951744889946,4.83523085733817,27.6702007373932
8.09226190476191,1.0876406410129,0.658125006122462,4.83291855300613,27.6712811596443
8.09236111111111,1.08788615761131,0.658298299873058,4.83060735476838,27.6723615036827
8.09246031746032,1.08813111296722,0.65847162590883,4.82829726209594,27.673441769302
8.09255952380952,1.08837550790456,0.658644983997047,4.82598827446005,27.6745219562959
8.09265873015873,1.08861934324675,0.658818373905149,4.82368039133218,27.6756020644581
8.09275793650794,1.08886261981666,0.658991795400747,4.82137361218403,27.6766820935828
8.09285714285714,1.08910533843663,0.659165248251623,4.81906793648752,27.6777620434641
8.09295634920635,1.08934749992846,0.659338732225731,4.81676336371482,27.6788419138963
8.09305555555556,1.08958910511343,0.659512247091197,4.81445989333826,27.6799217046739
8.09315476190476,1.08983015481228,0.659685792616314,4.81215752483052,27.6810014155917
8.09325396825397,1.09007064984521,0.659859368569551,4.80985625766442,27.6820810464444
8.09335317460318,1.09031059103189,0.660032974719547,4.807556091313,27.683160597027
8.09345238095238,1.09054997919147,0.660206610835113,4.80525702524957,27.6842400671347
8.09355158730159,1.09078881514256,0.660380276685229,4.80295905894764,27.6853194565628
8.09365079365079,1.09102709970321,0.660553972039049,4.80066219188097,27.6863987651067
8.09375,1.09126483369097,0.660727696665896,4.79836642352352,27.6874779925621
8.09384920634921,1.09150201792285,0.660901450335266,4.79607175334951,27.6885571387249
8.09394841269841,1.09173865321532,0.661075232816825,4.79377818083336,27.6896362033909
8.09404761904762,1.09197474038432,0.661249043880412,4.79148570544973,27.6907151863562
8.09414682539682,1.09221028024524,0.661422883296035,4.78919432667351,27.6917940874173
8.09424603174603,1.09244527361297,0.661596750833875,4.78690404397981,27.6928729063704
8.09434523809524,1.09267972130184,0.661770646264284,4.78461485684397,27.6939516430123
8.09444444444444,1.09291362412566,0.661944569357784,4.78232676474158,27.6950302971396
8.09454365079365,1.09314698289769,0.662118519885074,4.78003976714838,27.6961088685494
8.09464285714286,1.09337979843067,0.662292497617013,4.77775386354046,27.6971873570387
8.09474206349206,1.09361207153681,0.662466502324642,4.77546905339406,27.6982657624048
8.09484126984127,1.09384380302778,0.662640533779168,4.77318533618565,27.699344084445
8.09494047619048,1.09407499371472,0.66281459175197,4.77090271139194,27.7004223229571
8.09503968253968,1.09430564440822,0.662988676014601,4.76862117848986,27.7015004777386
8.09513888888889,1.09453575591836,0.663162786338783,4.76634073695658,27.7025785485875
8.09523809523809,1.09476532905468,0.663336922496407,4.76406138626949,27.703656535302
8.0953373015873,1.09499436462618,0.663511084259541,4.76178312590621,27.7047344376801
8.09543650793651,1.09522286344132,0.663685271400419,4.75950595534458,27.7058122555204
8.09553571428571,1.09545082630805,0.663859483691449,4.75722987406269,27.7068899886213
8.09563492063492,1.09567825403377,0.66403372090521,4.75495488153883,27.7079676367816
8.09573412698413,1.09590514742535,0.664207982814452,4.75268097725153,27.7090451998001
8.09583333333333,1.09613150728911,0.664382269192097,4.75040816067955,27.7101226774759
8.09593253968254,1.09635733443088,0.664556579811236,4.74813643130188,27.7112000696082
8.09603174603175,1.09658262965591,0.664730914445136,4.7458657885977,27.7122773759963
8.09613095238095,1.09680739376894,0.664905272867227,4.74359623204651,27.7133545964398
8.09623015873016,1.09703162757418,0.665079654851119,4.74132776112795,27.7144317307384
8.09632936507936,1.09725533187528,0.66525406017059,4.73906037532192,27.7155087786918
8.09642857142857,1.09747850747539,0.665428488599588,4.73679407410854,27.7165857401002
8.09652777777778,1.09770115517711,0.665602939912234,4.73452885696816,27.7176626147636
8.09662698412698,1.09792327578251,0.665777413882819,4.73226472338136,27.7187394024825
8.09672619047619,1.09814487009311,0.665951910285807,4.73000167282895,27.7198161030573
8.0968253968254,1.09836593890993,0.666126428895833,4.72773970479196,27.7208927162886
8.0969246031746,1.09858648303343,0.6663009694877,4.72547881875167,27.7219692419774
8.09702380952381,1.09880650326354,0.666475531836387,4.72321901418955,27.7230456799245
8.09712301587301,1.09902600039967,0.666650115717042,4.72096029058732,27.7241220299311
8.09722222222222,1.09924497524069,0.666824720904985,4.71870264742694,27.7251982917986
8.09732142857143,1.09946342858492,0.666999347175705,4.71644608419057,27.7262744653283
8.09742063492063,1.09968136123016,0.667173994304865,4.71419060036062,27.727350550322
8.09751984126984,1.0998987739737,0.667348662068302,4.71193619541969,27.7284265465814
8.09761904761905,1.10011566761225,0.667523350242015,4.70968286885068,27.7295024539084
8.09771825396825,1.10033204294202,0.667698058602182,4.70743062013667,27.7305782721052
8.09781746031746,1.10054790075867,0.667872786925151,4.70517944876096,27.7316540009741
8.09791666666667,1.10076324185735,0.66804753498744,4.70292935420708,27.7327296403174
8.09801587301587,1.10097806703264,0.66822230256574,4.70068033595881,27.7338051899379
8.09811507936508,1.10119237707862,0.668397089436911,4.69843239350015,27.7348806496382
8.09821428571429,1.10140617278881,0.668571895377986,4.69618552631531,27.7359560192214
8.09831349206349,1.10161945495622,0.668746720166169,4.69393973388875,27.7370312984904
8.0984126984127,1.10183222437331,0.668921563578836,4.69169501570514,27.7381064872485
8.0985119047619,1.10204448183202,0.669096425393532,4.6894513712494,27.7391815852991
8.09861111111111,1.10225622812375,0.669271305387975,4.68720880000665,27.7402565924459
8.09871031746032,1.10246746403935,0.669446203340054,4.68496730146226,27.7413315084925
8.09880952380952,1.10267819036916,0.66962111902783,4.68272687510182,27.7424063332428
8.09890873015873,1.10288840790299,0.669796052229534,4.68048752041114,27.743481066501
8.09900793650794,1.10309811743009,0.669971002723572,4.67824923687624,27.7445557080711
8.09910714285714,1.1033073197392,0.670145970288513,4.67601202398346,27.7456302577577
8.09920634920635,1.10351601561851,0.670320954703104,4.67377588121926,27.7467047153652
8.09930555555556,1.1037242058557,0.670495955746264,4.67154080807036,27.7477790806984
8.09940476190476,1.10393189123788,0.670670973197079,4.66930680402374,27.7488533535621
8.09950396825397,1.10413907255167,0.67084600683481,4.66707386856656,27.7499275337614
8.09960317460317,1.10434575058312,0.671021056438887,4.66484200118625,27.7510016211014
8.09970238095238,1.10455192611776,0.671196121788912,4.66261120137044,27.7520756153875
8.09980158730159,1.10475759994059,0.671371202664658,4.66038146860699,27.7531495164252
8.09990079365079,1.10496277283609,0.671546298846071,4.65815280238401,27.7542233240203
8.1,1.10516744558816,0.671721410113265,4.65592520218981,27.7552970379784
8.10009920634921,1.10537161898023,0.671896536246529,4.65369866751295,27.7563706581058
8.10019841269841,1.10557529379513,0.672071677026321,4.65147319784219,27.7574441842084
8.10029761904762,1.10577847081522,0.67224683223327,4.64924879266656,27.7585176160927
8.10039682539682,1.10598115082228,0.672422001648178,4.64702545147527,27.759590953565
8.10049603174603,1.10618333459758,0.67259718505202,4.64480317375776,27.7606641964322
8.10059523809524,1.10638502292185,0.672772382225934,4.64258195900379,27.761737344501
8.10069444444444,1.10658621657528,0.672947592951239,4.64036180670323,27.7628103975783
8.10079365079365,1.10678691633753,0.67312281700942,4.63814271634623,27.7638833554713
8.10089285714286,1.10698712298774,0.673298054182135,4.63592468742316,27.7649562179874
8.10099206349206,1.1071868373045,0.673473304251212,4.63370771942462,27.7660289849338
8.10109126984127,1.10738606006588,0.673648566998653,4.63149181184144,27.7671016561184
8.10119047619048,1.10758479204939,0.673823842206629,4.62927696416467,27.7681742313488
8.10128968253968,1.10778303403205,0.673999129657482,4.6270631758856,27.7692467104331
8.10138888888889,1.10798078679031,0.674174429133727,4.62485044649573,27.7703190931792
8.10148809523809,1.10817805110009,0.674349740418049,4.62263877548681,27.7713913793956
8.1015873015873,1.1083748277368,0.674525063293305,4.6204281623508,27.7724635688906
8.10168650793651,1.10857111747529,0.674700397542523,4.61821860657989,27.7735356614728
8.10178571428571,1.1087669210899,0.674875742948902,4.6160101076665,27.774607656951
8.10188492063492,1.10896223935442,0.675051099295814,4.61380266510329,27.775679555134
8.10198412698413,1.10915707304211,0.675226466366801,4.6115962783831,27.7767513558311
8.10208333333333,1.1093514229257,0.675401843945573,4.60939094699909,27.7778230588514
8.10218253968254,1.10954528977737,0.675577231816017,4.60718667044457,27.7788946640043
8.10228174603175,1.1097386743688,0.675752629762189,4.60498344821309,27.7799661710993
8.10238095238095,1.10993157747111,0.675928037568315,4.60278127979845,27.7810375799463
8.10248015873016,1.11012399985489,0.676103455018794,4.60058016469466,27.7821088903551
8.10257936507936,1.11031594229021,0.676278881898196,4.59838010239596,27.7831801021358
8.10267857142857,1.11050740554659,0.676454317991261,4.59618109239682,27.7842512150985
8.10277777777778,1.11069839039303,0.676629763082904,4.59398313419194,27.7853222290537
8.10287698412698,1.11088889759798,0.676805216958206,4.59178622727625,27.7863931438119
8.10297619047619,1.11107892792937,0.676980679402422,4.5895903711449,27.7874639591837
8.1030753968254,1.1112684821546,0.67715615020098,4.58739556529328,27.7885346749801
8.1031746031746,1.11145756104052,0.677331629139477,4.58520180921698,27.7896052910121
8.10327380952381,1.11164616535347,0.677507116003681,4.58300910241186,27.7906758070909
8.10337301587301,1.11183429585923,0.677682610579533,4.58081744437396,27.7917462230277
8.10347222222222,1.11202195332306,0.677858112653146,4.57862683459957,27.7928165386342
8.10357142857143,1.11220913850969,0.678033622010799,4.57643727258525,27.7938867537219
8.10367063492064,1.11239585218331,0.678209138438947,4.57424875782773,27.7949568681028
8.10376984126984,1.11258209510759,0.678384661724217,4.57206128982398,27.7960268815888
8.10386904761905,1.11276786804563,0.678560191653404,4.5698748680712,27.7970967939921
8.10396825396825,1.11295317176005,0.678735728013478,4.56768949206682,27.798166605125
8.10406746031746,1.11313800701289,0.678911270591576,4.56550516130851,27.7992363147999
8.10416666666667,1.11332237456569,0.67908681917501,4.56332187529415,27.8003059228296
8.10426587301587,1.11350627517943,0.679262373551262,4.56113963352185,27.8013754290268
8.10436507936508,1.11368970961456,0.679437933507984,4.55895843548996,27.8024448332045
8.10446428571429,1.11387267863103,0.679613498833002,4.55677828069705,27.8035141351758
8.10456349206349,1.11405518298821,0.67978906931431,4.55459916864191,27.8045833347541
8.1046626984127,1.11423722344497,0.679964644740076,4.55242109882357,27.8056524317527
8.1047619047619,1.11441880075963,0.680140224898638,4.55024407074128,27.8067214259853
8.10486111111111,1.11459991568997,0.680315809578506,4.54806808389452,27.8077903172657
8.10496031746032,1.11478056899327,0.680491398568364,4.54589313778298,27.8088591054078
8.10505952380952,1.11496076142623,0.680666991657058,4.54371923190664,27.8099277902257
8.10515873015873,1.11514049374506,0.680842588633615,4.54154636576564,27.8109963715336
8.10525793650794,1.11531976670541,0.681018189287229,4.53937453886037,27.8120648491461
8.10535714285714,1.1154985810624,0.681193793407267,4.53720375069145,27.8131332228776
8.10545634920635,1.11567693757062,0.681369400783266,4.53503400075973,27.814201492543
8.10555555555556,1.11585483698413,0.681545011204935,4.53286528856629,27.8152696579571
8.10565476190476,1.11603228005645,0.681720624462154,4.53069761361242,27.816337718935
8.10575396825397,1.11620926754058,0.681896240344975,4.52853097539966,27.817405675292
8.10585317460317,1.11638580018896,0.682071858643619,4.52636537342975,27.8184735268434
8.10595238095238,1.11656187875352,0.682247479148481,4.5242008072047,27.8195412734049
8.10605158730159,1.11673750398566,0.682423101650126,4.52203727622671,27.8206089147921
8.10615079365079,1.11691267663622,0.682598725939291,4.51987477999822,27.8216764508209
8.10625,1.11708739745553,0.682774351806884,4.51771331802191,27.8227438813073
8.10634920634921,1.11726166719337,0.682949979043983,4.51555288980066,27.8238112060676
8.10644841269841,1.11743548659901,0.683125607441842,4.51339349483758,27.8248784249182
8.10654761904762,1.11760885642117,0.683301236791877,4.51123513263607,27.8259455376755
8.10664682539683,1.11778177740802,0.683476866885685,4.50907780269968,27.8270125441563
8.10674603174603,1.11795425030724,0.683652497515028,4.50692150453223,27.8280794441774
8.10684523809524,1.11812627586593,0.683828128471844,4.50476623763774,27.8291462375558
8.10694444444444,1.11829785483069,0.684003759548239,4.50261200152048,27.8302129241088
8.10704365079365,1.11846898794758,0.684179390536491,4.50045879568494,27.8312795036535
8.10714285714286,1.11863967596211,0.68435502122905,4.49830661963584,27.8323459760077
8.10724206349206,1.11880991961927,0.684530651418537,4.49615547287812,27.8334123409889
8.10734126984127,1.11897971966351,0.684706280897743,4.49400535491696,27.8344785984149
8.10744047619048,1.11914907683877,0.684881909459633,4.49185626525776,27.8355447481037
8.10753968253968,1.11931799188841,0.68505753689734,4.48970820340615,27.8366107898736
8.10763888888889,1.11948646555531,0.685233163004172,4.48756116886798,27.8376767235427
8.10773809523809,1.11965449858177,0.685408787573605,4.48541516114934,27.8387425489297
8.1078373015873,1.11982209170959,0.685584410399289,4.48327017975655,27.839808265853
8.10793650793651,1.11998924568002,0.685760031275045,4.48112622419611,27.8408738741315
8.10803571428571,1.12015596123378,0.685935649994859,4.47898329397484,27.8419393735843
8.10813492063492,1.12032223911105,0.686111266352898,4.47684138859972,27.8430047640303
8.10823412698413,1.12048808005149,0.686286880143495,4.47470050757797,27.8440700452889
8.10833333333333,1.12065348479422,0.686462491161154,4.47256065041704,27.8451352171795
8.10843253968254,1.12081845407782,0.686638099200553,4.47042181662461,27.8462002795217
8.10853174603175,1.12098298864035,0.686813704056539,4.46828400570858,27.8472652321354
8.10863095238095,1.12114708921932,0.686989305524132,4.46614721717709,27.8483300748404
8.10873015873016,1.12131075655173,0.687164903398521,4.4640114505385,27.8493948074568
8.10882936507936,1.12147399137402,0.687340497475068,4.4618767053014,27.850459429805
8.10892857142857,1.12163679442212,0.687516087549306,4.45974298097461,27.8515239417052
8.10902777777778,1.1217991664314,0.68769167341694,4.45761027706717,27.8525883429781
8.10912698412698,1.12196110813673,0.687867254873846,4.45547859308835,27.8536526334445
8.10922619047619,1.12212262027241,0.688042831716069,4.45334792854766,27.8547168129252
8.1093253968254,1.12228370357224,0.688218403739828,4.45121828295482,27.8557808812413
8.1094246031746,1.12244435876947,0.688393970741515,4.44908965581976,27.856844838214
8.10952380952381,1.12260458659681,0.688569532517686,4.44696204665273,27.8579086836647
8.10962301587302,1.12276438778644,0.688745088865075,4.4448354549641,27.8589724174151
8.10972222222222,1.12292376307003,0.688920639580586,4.44270988026451,27.8600360392867
8.10982142857143,1.12308271317868,0.689096184461294,4.44058532206483,27.8610995491014
8.10992063492064,1.12324123884298,0.689271723304444,4.43846177987615,27.8621629466814
8.11001984126984,1.12339934079299,0.689447255907454,4.43633925320981,27.8632262318488
8.11011904761905,1.12355701975822,0.689622782067912,4.43421774157733,27.8642894044259
8.11021825396825,1.12371427646765,0.689798301583578,4.43209724449052,27.8653524642354
8.11031746031746,1.12387111164973,0.689973814252383,4.42997776146136,27.8664154110998
8.11041666666667,1.12402752603239,0.690149319872431,4.42785929200209,27.867478244842
8.11051587301587,1.124183520343,0.690324818241993,4.42574183562518,27.8685409652851
8.11061507936508,1.12433909530841,0.690500309159517,4.42362539184331,27.8696035722521
8.11071428571429,1.12449425165494,0.690675792423617,4.4215099601694,27.8706660655665
8.11081349206349,1.12464899010838,0.690851267833082,4.41939554011659,27.8717284450518
8.1109126984127,1.12480331139398,0.691026735186873,4.41728213119822,27.8727907105315
8.11101190476191,1.12495721623644,0.691202194284115,4.41516973292796,27.8738528618296
8.11111111111111,1.12511070535995,0.691377644924113,4.4130583448196,27.87491489877
8.11121031746032,1.12526377948817,0.691553086906339,4.41094796638719,27.8759768211767
8.11130952380952,1.1254164393442,0.691728520030438,4.40883859714502,27.8770386288743
8.11140873015873,1.12556868565063,0.691903944096224,4.4067302366076,27.878100321687
8.11150793650794,1.12572051912951,0.692079358903686,4.40462288428967,27.8791618994396
8.11160714285714,1.12587194050236,0.69225476425298,4.40251653970619,27.8802233619569
8.11170634920635,1.12602295049015,0.692430159944437,4.40041120237235,27.8812847090637
8.11180555555556,1.12617354981333,0.692605545778556,4.39830687180358,27.8823459405852
8.11190476190476,1.12632373919182,0.69278092155601,4.39620354751553,27.8834070563468
8.11200396825397,1.12647351934501,0.692956287077642,4.39410122902407,27.8844680561737
8.11210317460317,1.12662289099173,0.693131642144467,4.3919999158453,27.8855289398917
8.11220238095238,1.12677185485031,0.693306986557671,4.38989960749557,27.8865897073264
8.11230158730159,1.12692041163852,0.69348232011861,4.38780030349142,27.8876503583039
8.11240079365079,1.12706856207361,0.693657642628816,4.38570200334962,27.8887108926502
8.1125,1.1272163068723,0.693832953889984,4.38360470658724,27.8897713101915
8.11259920634921,1.12736364675077,0.694008253703986,4.3815084127215,27.8908316107543
8.11269841269841,1.12751058242466,0.694183541872866,4.37941312126986,27.8918917941651
8.11279761904762,1.12765711460909,0.694358818198838,4.37731883175003,27.8929518602507
8.11289682539683,1.12780324401864,0.694534082484285,4.37522554367992,27.894011808838
8.11299603174603,1.12794897136735,0.694709334531765,4.3731332565777,27.8950716397539
8.11309523809524,1.12809429736875,0.694884574144004,4.37104196996175,27.8961313528259
8.11319444444444,1.1282392227358,0.695059801123903,4.36895168335067,27.8971909478812
8.11329365079365,1.12838374818096,0.69523501527453,4.3668623962633,27.8982504247473
8.11339285714286,1.12852787441613,0.695410216399128,4.3647741082187,27.8993097832521
8.11349206349206,1.1286716021527,0.69558540430111,4.36268681873618,27.9003690232233
8.11359126984127,1.12881493210152,0.695760578784058,4.36060052733525,27.901428144489
8.11369047619048,1.1289578649729,0.69593573965173,4.35851523353565,27.9024871468773
8.11378968253968,1.12910040147661,0.696110886708051,4.35643093685737,27.9035460302168
8.11388888888889,1.1292425423219,0.696286019757121,4.35434763682057,27.9046047943357
8.1139880952381,1.12938428821749,0.696461138603206,4.35226533294575,27.9056634390629
8.1140873015873,1.12952563987155,0.696636243050748,4.35018402475354,27.9067219642272
8.11418650793651,1.12966659799172,0.69681133290436,4.34810371176482,27.9077803696576
8.11428571428571,1.12980716328513,0.696986407968823,4.34602439350071,27.9088386551831
8.11438492063492,1.12994733645835,0.697161468049094,4.34394606948254,27.9098968206333
8.11448412698413,1.13008711821742,0.697336512950297,4.3418687392319,27.9109548658375
8.11458333333333,1.13022650926785,0.69751154247773,4.33979240227057,27.9120127906255
8.11468253968254,1.13036551031463,0.697686556436861,4.33771705812058,27.9130705948269
8.11478174603175,1.13050412206219,0.697861554633329,4.33564270630419,27.9141282782719
8.11488095238095,1.13064234521446,0.698036536872946,4.33356934634388,27.9151858407905
8.11498015873016,1.1307801804748,0.698211502961695,4.33149697776234,27.916243282213
8.11507936507936,1.13091762854606,0.698386452705728,4.32942560008253,27.9173006023699
8.11517857142857,1.13105469013055,0.69856138591137,4.3273552128276,27.9183578010918
8.11527777777778,1.13119136593005,0.698736302385118,4.32528581552094,27.9194148782096
8.11537698412699,1.1313276566458,0.698911201933642,4.32321740768615,27.9204718335541
8.11547619047619,1.13146356297851,0.699086084363775,4.32114998884713,27.9215286669564
8.1155753968254,1.13159908562837,0.69926094948253,4.31908355852793,27.9225853782479
8.1156746031746,1.131734225295,0.699435797097089,4.31701811625284,27.9236419672599
8.11577380952381,1.13186898267753,0.699610627014803,4.3149536615464,27.9246984338241
8.11587301587302,1.13200335847453,0.699785439043198,4.31289019393337,27.9257547777722
8.11597222222222,1.13213735338404,0.699960232989968,4.31082771293873,27.9268109989362
8.11607142857143,1.13227096810357,0.70013500866298,4.30876621808769,27.927867097148
8.11617063492064,1.1324042033301,0.700309765870272,4.3067057089057,27.92892307224
8.11626984126984,1.13253705976007,0.700484504420053,4.30464618491843,27.9299789240446
8.11636904761905,1.13266953808939,0.700659224120703,4.30258764565177,27.9310346523943
8.11646825396825,1.13280163901344,0.700833924780775,4.30053009063184,27.9320902571219
8.11656746031746,1.13293336322705,0.701008606208991,4.298473519385,27.9331457380602
8.11666666666667,1.13306471142454,0.701183268214246,4.29641793143782,27.9342010950423
8.11676587301587,1.13319568429968,0.701357910605606,4.29436332631713,27.9352563279014
8.11686507936508,1.13332628254572,0.701532533192309,4.29230970354991,27.9363114364709
8.11696428571429,1.13345650685536,0.70170713578376,4.29025706266349,27.9373664205843
8.11706349206349,1.13358635792077,0.70188171818954,4.28820540318534,27.9384212800754
8.1171626984127,1.1337158364336,0.7020562802194,4.28615472464316,27.9394760147779
8.11726190476191,1.13384494308496,0.702230821683262,4.28410502656491,27.940530624526
8.11736111111111,1.13397367856542,0.702405342391221,4.28205630847877,27.9415851091538
8.11746031746032,1.13410204356502,0.70257984215354,4.28000856991313,27.9426394684956
8.11755952380952,1.13423003877327,0.702754320780656,4.27796181039662,27.943693702386
8.11765873015873,1.13435766487914,0.702928778083177,4.27591602945809,27.9447478106596
8.11775793650794,1.13448492257108,0.70310321387188,4.27387122662664,27.9458017931513
8.11785714285714,1.13461181253699,0.703277627957716,4.27182740143157,27.946855649696
8.11795634920635,1.13473833546424,0.703452020151806,4.26978455340243,27.947909380129
8.11805555555556,1.13486449203968,0.703626390265443,4.26774268206898,27.9489629842855
8.11815476190476,1.13499028294962,0.70380073811009,4.26570178696122,27.950016462001
8.11825396825397,1.13511570887981,0.703975063497384,4.26366186760937,27.9510698131112
8.11835317460318,1.13524077051552,0.704149366239132,4.26162292354386,27.9521230374519
8.11845238095238,1.13536546854144,0.704323646147308,4.25958495429541,27.953176134859
8.11855158730159,1.13548980364174,0.704497903034063,4.25754795939492,27.9542291051687
8.11865079365079,1.13561377650006,0.704672136711718,4.2555119383735,27.9552819482172
8.11875,1.13573738779952,0.704846346992764,4.25347689076253,27.9563346638411
8.11884920634921,1.13586063822268,0.705020533689865,4.25144281609359,27.9573872518769
8.11894841269841,1.13598352845158,0.705194696615854,4.2494097138985,27.9584397121614
8.11904761904762,1.13610605916773,0.705368835583737,4.2473775837093,27.9594920445316
8.11914682539683,1.1362282310521,0.705542950406691,4.24534642505828,27.9605442488245
8.11924603174603,1.13635004478513,0.705717040898065,4.24331623747792,27.9615963248774
8.11934523809524,1.13647150104673,0.705891106871378,4.24128702050096,27.9626482725278
8.11944444444444,1.13659260051626,0.70606514814032,4.23925877366035,27.9637000916132
8.11954365079365,1.13671334387256,0.706239164518753,4.23723149648927,27.9647517819714
8.11964285714286,1.13683373179395,0.706413155820712,4.23520518852115,27.9658033434403
8.11974206349206,1.13695376495818,0.706587121860401,4.23317984928961,27.966854775858
8.11984126984127,1.13707344404251,0.706761062452198,4.23115547832849,27.9679060790626
8.11994047619048,1.13719276972362,0.706934977410646,4.22913207517195,27.9689572528927
8.12003968253968,1.1373117426777,0.707108866550465,4.22710963935428,27.9700082971867
8.12013888888889,1.13743036358039,0.707282729686546,4.22508817041003,27.9710592117834
8.1202380952381,1.13754863310678,0.70745656663395,4.22306766787398,27.9721099965216
8.1203373015873,1.13766655193144,0.707630377207908,4.22104813128113,27.9731606512405
8.12043650793651,1.13778412072842,0.707804161223827,4.21902956016672,27.9742111757792
8.12053571428571,1.13790134017122,0.707977918497279,4.2170119540662,27.9752615699771
8.12063492063492,1.1380182109328,0.708151648844012,4.21499531251527,27.9763118336737
8.12073412698413,1.13813473368561,0.708325352079943,4.21297963504984,27.9773619667087
8.12083333333333,1.13825090910155,0.708499028021161,4.21096492120605,27.9784119689219
8.12093253968254,1.13836673785199,0.708672676483928,4.20895117052028,27.9794618401535
8.12103174603175,1.13848222060776,0.708846297284673,4.20693838252913,27.9805115802435
8.12113095238095,1.13859735803916,0.70901989024,4.20492655676943,27.9815611890323
8.12123015873016,1.13871215081598,0.709193455166684,4.20291569277822,27.9826106663605
8.12132936507937,1.13882659960743,0.709366991881672,4.20090579009276,27.9836600120686
8.12142857142857,1.13894070508223,0.709540500202076,4.19889684825063,27.9847092259975
8.12152777777778,1.13905446790855,0.709713979945186,4.19688886678952,27.9857583079882
8.12162698412699,1.13916788875402,0.709887430928464,4.19488184524741,27.9868072578819
8.12172619047619,1.13928096828573,0.710060852969537,4.19287578316249,27.9878560755198
8.1218253968254,1.13939370717027,0.71023424588621,4.19087068007318,27.9889047607434
8.1219246031746,1.13950610607367,0.710407609496455,4.18886653551813,27.9899533133944
8.12202380952381,1.13961816566142,0.710580943618416,4.18686334903621,27.9910017333146
8.12212301587302,1.1397298865985,0.710754248070411,4.18486112016654,27.9920500203459
8.12222222222222,1.13984126954934,0.710927522670925,4.18285984844843,27.9930981743304
8.12232142857143,1.13995231517784,0.711100767238617,4.18085953342146,27.9941461951105
8.12242063492064,1.14006302414737,0.711273981592318,4.17886017462541,27.9951940825286
8.12251984126984,1.14017339712077,0.711447165551027,4.17686177160029,27.9962418364272
8.12261904761905,1.14028343476033,0.711620318933919,4.17486432388636,27.9972894566492
8.12271825396825,1.14039313772783,0.711793441560336,4.17286783102407,27.9983369430376
8.12281746031746,1.1405025066845,0.711966533249796,4.1708722925541,27.9993842954353
8.12291666666667,1.14061154229103,0.71213959382198,4.16887770801743,28.0004315136856
8.12301587301587,1.1407202452076,0.712312623096748,4.16688407695519,28.0014785976321
8.12311507936508,1.14082861609384,0.712485620894129,4.16489139890875,28.0025255471181
8.12321428571429,1.14093665560884,0.712658587034324,4.16289967341974,28.0035723619876
8.12331349206349,1.14104436441118,0.712831521337704,4.16090890002998,28.0046190420843
8.1234126984127,1.1411517431589,0.713004423624812,4.15891907828154,28.0056655872525
8.12351190476191,1.14125879250948,0.713177293716362,4.15693020771672,28.0067119973362
8.12361111111111,1.14136551311989,0.713350131433239,4.15494228787802,28.0077582721799
8.12371031746032,1.14147190564658,0.713522936596499,4.15295531830821,28.0088044116281
8.12380952380952,1.14157797074543,0.713695709027372,4.15096929855026,28.0098504155256
8.12390873015873,1.14168370907182,0.713868448547256,4.14898422814736,28.0108962837171
8.12400793650794,1.14178912128057,0.714041154977722,4.14700010664296,28.0119420160479
8.12410714285714,1.14189420802599,0.714213828140512,4.1450169335807,28.012987612363
8.12420634920635,1.14199896996184,0.714386467857539,4.14303470850448,28.0140330725079
8.12430555555556,1.14210340773577,0.714559073953631,4.14105343095566,28.0150783963309
8.12440476190476,1.14220752126384,0.714731646607305,4.13907310014892,28.0161235840522
8.12450396825397,1.14231131048333,0.714904185967713,4.13709371541067,28.0171686358571
8.12460317460318,1.14241477576214,0.715076691968514,4.13511527629886,28.0182135517027
8.12470238095238,1.14251791746804,0.715249164543378,4.13313778237161,28.0192583315462
8.12480158730159,1.14262073596873,0.715421603625992,4.13116123318719,28.0203029753448
8.12490079365079,1.14272323163175,0.715594009150054,4.12918562830403,28.0213474830555
8.125,1.14282540482458,0.715766381049276,4.12721096728074,28.0223918546357
8.12509920634921,1.14292725591454,0.715938719257384,4.1252372496761,28.0234360900425
8.12519841269841,1.14302878526888,0.716111023708117,4.12326447504903,28.0244801892331
8.12529761904762,1.14312999325472,0.716283294335228,4.12129264295864,28.0255241521647
8.12539682539682,1.14323088023909,0.716455531072484,4.11932175296418,28.0265679787945
8.12549603174603,1.14333144658887,0.716627733853665,4.11735180462509,28.0276116690797
8.12559523809524,1.14343169267088,0.716799902612564,4.11538279750096,28.0286552229775
8.12569444444444,1.14353161885179,0.716972037282989,4.11341473115154,28.0296986404453
8.12579365079365,1.14363122549819,0.717144137798763,4.11144760513674,28.0307419214401
8.12589285714286,1.14373051297653,0.717316204093715,4.10948141901669,28.0317850659192
8.12599206349206,1.14382948165319,0.717488236101695,4.10751617235161,28.0328280738399
8.12609126984127,1.14392813189439,0.717660233756565,4.10555186470193,28.0338709451594
8.12619047619048,1.14402646406628,0.717832196992201,4.10358849562822,28.034913679835
8.12628968253968,1.14412447853489,0.71800412574249,4.10162606469123,28.035956277824
8.12638888888889,1.14422217566612,0.718176019941335,4.09966457145187,28.0369987390836
8.12648809523809,1.1443195558258,0.718347879522651,4.09770401547122,28.038041063571
8.1265873015873,1.14441661937962,0.718519704420367,4.09574439631051,28.0390832512437
8.12668650793651,1.14451336669316,0.718691494568427,4.09378571353115,28.0401253020588
8.12678571428571,1.1446097981319,0.718863249900787,4.0918279666947,28.0411672159736
8.12688492063492,1.14470591406121,0.719034970351417,4.08987115536291,28.0422089929455
8.12698412698413,1.14480171484634,0.7192066558543,4.08791527909767,28.0432506329318
8.12708333333333,1.14489720085246,0.719378306343433,4.08596033746104,28.0442921358897
8.12718253968254,1.14499237244458,0.719549921752827,4.08400633001525,28.0453335017766
8.12728174603175,1.14508722998765,0.719721502016509,4.08205325632267,28.0463747305498
8.12738095238095,1.14518177384647,0.719893047068511,4.0801011159459,28.0474158221667
8.12748015873016,1.14527600438576,0.720064556842888,4.07814990844765,28.0484567765846
8.12757936507936,1.14536992197012,0.720236031273703,4.0761996333908,28.0494975937607
8.12767857142857,1.14546352696403,0.720407470295036,4.07425029033839,28.0505382736526
8.12777777777778,1.14555681973187,0.720578873840979,4.07230187885365,28.0515788162175
8.12787698412698,1.14564980063791,0.720750241845637,4.07035439849996,28.0526192214128
8.12797619047619,1.14574247004632,0.720921574243129,4.06840784884086,28.0536594891958
8.1280753968254,1.14583482832114,0.721092870967588,4.06646222944006,28.054699619524
8.1281746031746,1.1459268758263,0.72126413195316,4.06451753986144,28.0557396123547
8.12827380952381,1.14601861292564,0.721435357134006,4.06257377966903,28.0567794676452
8.12837301587301,1.14611003998288,0.721606546444297,4.06063094842705,28.0578191853531
8.12847222222222,1.14620115736163,0.721777699818223,4.05868904569985,28.0588587654357
8.12857142857143,1.14629196542538,0.721948817189982,4.05674807105197,28.0598982078504
8.12867063492063,1.14638246453753,0.722119898493789,4.05480802404811,28.0609375125546
8.12876984126984,1.14647265506136,0.722290943663873,4.05286890425311,28.0619766795057
8.12886904761905,1.14656253736004,0.722461952634473,4.05093071123205,28.0630157086612
8.12896825396825,1.14665211179662,0.722632925339844,4.04899344455008,28.0640545999784
8.12906746031746,1.14674137873406,0.722803861714254,4.04705710377258,28.0650933534149
8.12916666666667,1.14683033853519,0.722974761691987,4.04512168846506,28.066131968928
8.12926587301587,1.14691899156276,0.723145625207337,4.0431871981932,28.0671704464753
8.12936507936508,1.14700733817937,0.723316452194612,4.04125363252286,28.0682087860141
8.12946428571429,1.14709537874754,0.723487242588137,4.03932099102006,28.0692469875019
8.12956349206349,1.14718311362968,0.723657996322247,4.03738927325097,28.0702850508962
8.1296626984127,1.14727054318806,0.723828713331291,4.03545847878193,28.0713229761545
8.1297619047619,1.14735766778488,0.723999393549633,4.03352860717947,28.0723607632343
8.12986111111111,1.1474444877822,0.72417003691165,4.03159965801024,28.0733984120929
8.12996031746032,1.14753100354199,0.724340643351732,4.0296716308411,28.074435922688
8.13005952380952,1.1476172154261,0.724511212804283,4.02774452523904,28.075473294977
8.13015873015873,1.14770312379626,0.724681745203721,4.02581834077124,28.0765105289175
8.13025793650794,1.14778872901412,0.724852240484479,4.023893077005,28.0775476244668
8.13035714285714,1.14787403144118,0.725022698580996,4.02196873350786,28.0785845815827
8.13045634920635,1.14795903143888,0.725193119427735,4.02004530984748,28.0796214002225
8.13055555555556,1.14804372936849,0.725363502959165,4.01812280559167,28.0806580803438
8.13065476190476,1.14812812559123,0.725533849109773,4.01620122030842,28.0816946219041
8.13075396825397,1.14821222046817,0.725704157814058,4.0142805535659,28.0827310248611
8.13085317460317,1.14829601436029,0.725874429006531,4.01236080493241,28.0837672891721
8.13095238095238,1.14837950762844,0.72604466262172,4.01044197397646,28.0848034147949
8.13105158730159,1.14846270063338,0.726214858594163,4.00852406026669,28.0858394016869
8.13115079365079,1.14854559373575,0.726385016858413,4.00660706337191,28.0868752498057
8.13125,1.14862818729609,0.726555137349038,4.00469098286111,28.0879109591089
8.13134920634921,1.14871048167482,0.726725220000618,4.00277581830343,28.088946529554
8.13144841269841,1.14879247723225,0.726895264747746,4.00086156926817,28.0899819610987
8.13154761904762,1.14887417432858,0.727065271525031,3.99894823532482,28.0910172537006
8.13164682539682,1.14895557332392,0.727235240267092,3.99703581604301,28.0920524073171
8.13174603174603,1.14903667457824,0.727405170908566,3.99512431099252,28.0930874219061
8.13184523809524,1.14911747845141,0.727575063384098,3.99321371974337,28.0941222974249
8.13194444444444,1.1491979853032,0.727744917628351,3.99130404186567,28.0951570338313
8.13204365079365,1.14927819549327,0.727914733576,3.98939527692971,28.096191631083
8.13214285714286,1.14935810938116,0.728084511161735,3.98748742450595,28.0972260891374
8.13224206349206,1.1494377273263,0.728254250320257,3.98558048416502,28.0982604079523
8.13234126984127,1.14951704968802,0.728423950986282,3.98367445547772,28.0992945874852
8.13244047619048,1.14959607682553,0.72859361309454,3.981769338015,28.1003286276939
8.13253968253968,1.14967480909793,0.728763236579773,3.97986513134798,28.101362528536
8.13263888888889,1.14975324686423,0.728932821376739,3.97796183504795,28.1023962899692
8.13273809523809,1.14983139048331,0.729102367420208,3.97605944868635,28.103429911951
8.1328373015873,1.14990924031393,0.729271874644963,3.9741579718348,28.1044633944393
8.13293650793651,1.14998679671477,0.729441342985801,3.97225740406508,28.1054967373916
8.13303571428571,1.15006406004439,0.729610772377534,3.97035774494914,28.1065299407657
8.13313492063492,1.15014103066122,0.729780162754985,3.96845899405909,28.1075630045192
8.13323412698413,1.15021770892361,0.729949514052996,3.96656115096716,28.1085959286098
8.13333333333333,1.15029409518977,0.730118826206413,3.96466421524586,28.1096287129953
8.13343253968254,1.15037018981782,0.730288099150102,3.96276818646776,28.1106613576333
8.13353174603175,1.15044599316578,0.730457332818944,3.96087306420562,28.1116938624816
8.13363095238095,1.15052150559154,0.73062652714783,3.95897884803239,28.1127262274978
8.13373015873016,1.15059672745287,0.730795682071666,3.95708553752115,28.1137584526398
8.13382936507936,1.15067165910747,0.730964797525372,3.95519313224517,28.1147905378652
8.13392857142857,1.15074630091289,0.731133873443879,3.95330163177787,28.1158224831319
8.13402777777778,1.15082065322659,0.731302909762136,3.95141103569285,28.1168542883974
8.13412698412698,1.15089471640592,0.731471906415101,3.94952134356386,28.1178859536196
8.13422619047619,1.15096849080811,0.731640863337748,3.94763255496483,28.1189174787563
8.1343253968254,1.1510419767903,0.731809780465065,3.94574466946983,28.1199488637651
8.1344246031746,1.1511151747095,0.731978657732052,3.94385768665312,28.120980108604
8.13452380952381,1.15118808492261,0.732147495073723,3.94197160608911,28.1220112132306
8.13462301587301,1.15126070778643,0.732316292425107,3.94008642735238,28.1230421776027
8.13472222222222,1.15133304365766,0.732485049721247,3.93820215001766,28.1240730016782
8.13482142857143,1.15140509289287,0.732653766897193,3.93631877365989,28.1251036854148
8.13492063492064,1.15147685584852,0.732822443888017,3.93443629785413,28.1261342287703
8.13501984126984,1.15154833288097,0.732991080628799,3.93255472217561,28.1271646317025
8.13511904761905,1.15161952434648,0.733159677054637,3.93067404619975,28.1281948941693
8.13521825396825,1.15169043060118,0.733328233100639,3.9287942695021,28.1292250161284
8.13531746031746,1.15176105200109,0.733496748701928,3.9269153916584,28.1302549975378
8.13541666666667,1.15183138890214,0.73366522379364,3.92503741224454,28.1312848383551
8.13551587301587,1.15190144166014,0.733833658310925,3.92316033083658,28.1323145385383
8.13561507936508,1.15197121063078,0.734002052188948,3.92128414701076,28.1333440980453
8.13571428571429,1.15204069616965,0.734170405362883,3.91940886034347,28.1343735168338
8.13581349206349,1.15210989863223,0.734338717767924,3.91753447041125,28.1354027948617
8.1359126984127,1.15217881837389,0.734506989339272,3.91566097679083,28.1364319320869
8.1360119047619,1.15224745574989,0.734675220012147,3.91378837905909,28.1374609284673
8.13611111111111,1.15231581111538,0.73484340972178,3.91191667679309,28.1384897839606
8.13621031746032,1.15238388482539,0.735011558403417,3.91004586957001,28.1395184985249
8.13630952380952,1.15245167723486,0.735179665992312,3.90817595696728,28.140547072118
8.13640873015873,1.15251918869861,0.73534773242374,3.90630693856242,28.1415755046978
8.13650793650794,1.15258641957134,0.735515757632987,3.90443881393314,28.1426037962222
8.13660714285714,1.15265337020766,0.735683741555351,3.90257158265731,28.1436319466491
8.13670634920635,1.15272004096205,0.735851684126145,3.90070524431298,28.1446599559364
8.13680555555556,1.1527864321889,0.736019585280695,3.89883979847833,28.145687824042
8.13690476190476,1.15285254424248,0.736187444954341,3.89697524473174,28.1467155509239
8.13700396825397,1.15291837747694,0.736355263082437,3.89511158265174,28.14774313654
8.13710317460317,1.15298393224633,0.736523039600349,3.89324881181703,28.1487705808482
8.13720238095238,1.1530492089046,0.736690774443458,3.89138693180646,28.1497978838064
8.13730158730159,1.15311420780558,0.736858467547157,3.88952594219907,28.1508250453728
8.13740079365079,1.15317892930299,0.737026118846855,3.88766584257405,28.1518520655051
8.1375,1.15324337375044,0.737193728277973,3.88580663251074,28.1528789441613
8.13759920634921,1.15330754150143,0.737361295775945,3.88394831158868,28.1539056812994
8.13769841269841,1.15337143290934,0.737528821276222,3.88209087938751,28.1549322768775
8.13779761904762,1.15343504832747,0.737696304714261,3.88023433548714,28.1559587308534
8.13789682539683,1.15349838810899,0.73786374602554,3.87837867946756,28.1569850431852
8.13799603174603,1.15356145260695,0.738031145145547,3.87652391090895,28.1580112138308
8.13809523809524,1.1536242421743,0.738198502009787,3.87467002939164,28.1590372427483
8.13819444444444,1.1536867571639,0.738365816553773,3.87281703449615,28.1600631298956
8.13829365079365,1.15374899792847,0.738533088713037,3.87096492580315,28.1610888752308
8.13839285714286,1.15381096482062,0.738700318423122,3.86911370289348,28.1621144787119
8.13849206349206,1.15387265819289,0.738867505619583,3.86726336534814,28.1631399402969
8.13859126984127,1.15393407839766,0.739034650237992,3.86541391274829,28.1641652599438
8.13869047619048,1.15399522578723,0.739201752213933,3.86356534467528,28.1651904376108
8.13878968253968,1.15405610071378,0.739368811483002,3.86171766071058,28.1662154732557
8.13888888888889,1.15411670352939,0.739535827980812,3.85987086043587,28.1672403668368
8.13898809523809,1.15417703458601,0.739702801642986,3.85802494343297,28.1682651183119
8.1390873015873,1.1542370942355,0.739869732405163,3.85617990928388,28.1692897276393
8.13918650793651,1.15429688282961,0.740036620202997,3.85433575757071,28.1703141947769
8.13928571428571,1.15435640071997,0.740203464972148,3.85249248787584,28.1713385196829
8.13938492063492,1.15441564825809,0.740370266648299,3.85065009978173,28.1723627023152
8.13948412698413,1.15447462579539,0.74053702516714,3.84880859287103,28.1733867426321
8.13958333333333,1.15453333368319,0.740703740464378,3.84696796672655,28.1744106405916
8.13968253968254,1.15459177227266,0.740870412475733,3.84512822093127,28.1754343961517
8.13978174603175,1.1546499419149,0.741037041136937,3.84328935506833,28.1764580092707
8.13988095238095,1.15470784296087,0.741203626383738,3.84145136872104,28.1774814799066
8.13998015873016,1.15476547576145,0.741370168151896,3.83961426147288,28.1785048080175
8.14007936507936,1.15482284066738,0.741536666377184,3.83777803290748,28.1795279935615
8.14017857142857,1.15487993802932,0.74170312099539,3.83594268260864,28.1805510364969
8.14027777777778,1.15493676819778,0.741869531942315,3.83410821016032,28.1815739367816
8.14037698412698,1.15499333152321,0.742035899153773,3.83227461514667,28.182596694374
8.14047619047619,1.15504962835591,0.742202222565593,3.83044189715197,28.183619309232
8.1405753968254,1.15510565904609,0.742368502113615,3.82861005576069,28.1846417813139
8.1406746031746,1.15516142394384,0.742534737733697,3.82677909055742,28.1856641105779
8.14077380952381,1.15521692339916,0.742700929361704,3.82494900112701,28.186686296982
8.14087301587302,1.1552721577619,0.74286707693352,3.82311978705439,28.1877083404845
8.14097222222222,1.15532712738184,0.743033180385042,3.82129144792466,28.1887302410435
8.14107142857143,1.15538183260864,0.743199239652177,3.81946398332313,28.1897519986173
8.14117063492064,1.15543627379184,0.74336525467085,3.81763739283524,28.190773613164
8.14126984126984,1.15549045128087,0.743531225376997,3.81581167604659,28.1917950846419
8.14136904761905,1.15554436542506,0.743697151706568,3.81398683254298,28.192816413009
8.14146825396825,1.15559801657364,0.743863033595527,3.81216286191033,28.1938375982237
8.14156746031746,1.15565140507569,0.744028870979851,3.81033976373476,28.1948586402442
8.14166666666667,1.15570453128022,0.74419466379553,3.80851753760255,28.1958795390286
8.14176587301587,1.15575739553612,0.74436041197857,3.80669618310012,28.1969002945353
8.14186507936508,1.15580999819216,0.744526115464988,3.80487569981408,28.1979209067224
8.14196428571429,1.15586233959701,0.744691774190815,3.80305608733119,28.1989413755481
8.14206349206349,1.15591442009922,0.744857388092097,3.80123734523839,28.1999617009708
8.1421626984127,1.15596624004725,0.745022957104895,3.79941947312275,28.2009818829488
8.14226190476191,1.15601779978942,0.745188481165276,3.79760247057157,28.2020019214401
8.14236111111111,1.15606909967397,0.745353960209328,3.79578633717226,28.2030218164032
8.14246031746032,1.15612014004901,0.74551939417315,3.79397107251241,28.2040415677962
8.14255952380952,1.15617092126255,0.745684782992856,3.79215667617976,28.2050611755775
8.14265873015873,1.15622144366249,0.745850126604571,3.79034314776224,28.2060806397054
8.14275793650794,1.15627170759661,0.746015424944437,3.78853048684794,28.2070999601381
8.14285714285714,1.15632171341259,0.746180677948606,3.7867186930251,28.208119136834
8.14295634920635,1.15637146145801,0.746345885553245,3.78490776588213,28.2091381697512
8.14305555555556,1.15642095208031,0.746511047694535,3.78309770500761,28.2101570588483
8.14315476190476,1.15647018562685,0.746676164308671,3.78128850999028,28.2111758040834
8.14325396825397,1.15651916244486,0.74684123533186,3.77948018041906,28.2121944054149
8.14335317460317,1.15656788288148,0.747006260700324,3.77767271588301,28.2132128628012
8.14345238095238,1.15661634728371,0.747171240350297,3.77586611597137,28.2142311762004
8.14355158730159,1.15666455599848,0.747336174218028,3.77406038027353,28.2152493455711
8.14365079365079,1.15671250937257,0.747501062239782,3.77225550837905,28.2162673708716
8.14375,1.15676020775268,0.747665904351829,3.7704514998777,28.2172852520601
8.14384920634921,1.15680765148539,0.747830700490461,3.76864835435935,28.218302989095
8.14394841269841,1.15685484091715,0.74799545059198,3.76684607141407,28.2193205819348
8.14404761904762,1.15690177639435,0.748160154592704,3.76504465063206,28.2203380305378
8.14414682539683,1.15694845826321,0.748324812428961,3.76324409160374,28.2213553348624
8.14424603174603,1.15699488686989,0.748489424037096,3.76144439391964,28.2223724948669
8.14434523809524,1.15704106256041,0.748653989353464,3.75964555717049,28.2233895105098
8.14444444444444,1.15708698568069,0.748818508314438,3.75784758094717,28.2244063817493
8.14454365079365,1.15713265657654,0.748982980856401,3.75605046484073,28.2254231085441
8.14464285714286,1.15717807559366,0.74914740691575,3.75425420844239,28.2264396908524
8.14474206349206,1.15722324307764,0.749311786428898,3.75245881134351,28.2274561286327
8.14484126984127,1.15726815937397,0.749476119332268,3.75066427313564,28.2284724218433
8.14494047619048,1.157312824828,0.749640405562299,3.74887059341049,28.2294885704428
8.14503968253968,1.15735723978501,0.749804645055443,3.74707777175992,28.2305045743895
8.14513888888889,1.15740140459013,0.749968837748168,3.74528580777596,28.2315204336419
8.1452380952381,1.15744531958842,0.750132983576948,3.74349470105085,28.2325361481585
8.1453373015873,1.15748898512481,0.750297082478279,3.74170445117693,28.2335517178976
8.14543650793651,1.1575324015441,0.750461134388666,3.73991505774673,28.2345671428178
8.14553571428571,1.15757556919103,0.750625139244629,3.73812652035295,28.2355824228775
8.14563492063492,1.15761848841018,0.750789096982702,3.73633883858845,28.2365975580352
8.14573412698413,1.15766115954604,0.750953007539431,3.73455201204624,28.2376125482493
8.14583333333333,1.15770358294301,0.751116870851377,3.73276604031952,28.2386273934784
8.14593253968254,1.15774575894534,0.751280686855114,3.73098092300165,28.239642093681
8.14603174603175,1.15778768789721,0.751444455487229,3.72919665968614,28.2406566488154
8.14613095238095,1.15782937014266,0.751608176684324,3.72741324996667,28.2416710588403
8.14623015873016,1.15787080602564,0.751771850383013,3.72563069343709,28.2426853237141
8.14632936507936,1.15791199588997,0.751935476519925,3.72384898969142,28.2436994433954
8.14642857142857,1.15795294007939,0.752099055031701,3.72206813832382,28.2447134178426
8.14652777777778,1.15799363893749,0.752262585854997,3.72028813892865,28.2457272470144
8.14662698412699,1.15803409280779,0.752426068926483,3.71850899110039,28.2467409308692
8.14672619047619,1.15807430203368,0.752589504182839,3.71673069443374,28.2477544693655
8.1468253968254,1.15811426695844,0.752752891560761,3.71495324852354,28.248767862462
8.1469246031746,1.15815398792523,0.752916230996961,3.71317665296477,28.2497811101172
8.14702380952381,1.15819346527713,0.753079522428161,3.7114009073526,28.2507942122895
8.14712301587302,1.1582326993571,0.753242765791097,3.70962601128236,28.2518071689377
8.14722222222222,1.15827169050796,0.753405961022521,3.70785196434955,28.2528199800202
8.14732142857143,1.15831043907245,0.753569108059196,3.70607876614982,28.2538326454957
8.14742063492064,1.1583489453932,0.753732206837899,3.70430641627901,28.2548451653226
8.14751984126984,1.15838720981273,0.753895257295422,3.70253491433309,28.2558575394597
8.14761904761905,1.15842523267343,0.754058259368568,3.70076425990822,28.2568697678655
8.14771825396825,1.15846301431759,0.754221212994157,3.69899445260072,28.2578818504986
8.14781746031746,1.15850055508741,0.75438411810902,3.69722549200707,28.2588937873176
8.14791666666667,1.15853785532495,0.754546974650002,3.69545737772392,28.2599055782812
8.14801587301587,1.15857491537219,0.754709782553962,3.69369010934807,28.2609172233478
8.14811507936508,1.15861173557097,0.754872541757775,3.6919236864765,28.2619287224763
8.14821428571429,1.15864831626304,0.755035252198322,3.69015810870637,28.2629400756251
8.14831349206349,1.15868465779003,0.755197913812505,3.68839337563498,28.263951282753
8.1484126984127,1.15872076049347,0.755360526537237,3.6866294868598,28.2649623438186
8.14851190476191,1.15875662471477,0.755523090309444,3.68486644197845,28.2659732587805
8.14861111111111,1.15879225079523,0.755685605066067,3.68310424058875,28.2669840275974
8.14871031746032,1.15882763907607,0.75584807074406,3.68134288228865,28.2679946502279
8.14880952380952,1.15886278989834,0.756010487280389,3.67958236667629,28.2690051266308
8.14890873015873,1.15889770360304,0.756172854612037,3.67782269334996,28.2700154567647
8.14900793650794,1.15893238053103,0.756335172675996,3.67606386190812,28.2710256405882
8.14910714285714,1.15896682102307,0.756497441409276,3.67430587194939,28.2720356780602
8.14920634920635,1.15900102541979,0.756659660748898,3.67254872307256,28.2730455691391
8.14930555555556,1.15903499406173,0.756821830631896,3.67079241487658,28.2740553137839
8.14940476190476,1.15906872728933,0.756983950995321,3.66903694696057,28.2750649119531
8.14950396825397,1.15910222544289,0.757146021776233,3.66728231892382,28.2760743636055
8.14960317460318,1.15913548886263,0.757308042911711,3.66552853036574,28.2770836686998
8.14970238095238,1.15916851788863,0.75747001433884,3.663775580886,28.2780928271947
8.14980158730159,1.15920131286089,0.757631935994726,3.66202347008434,28.279101839049
8.14990079365079,1.15923387411928,0.757793807816484,3.66027219756072,28.2801107042214
8.15,1.15926620200357,0.757955629741245,3.65852176291523,28.2811194226706
8.15009920634921,1.15929829685342,0.758117401706152,3.65677216574815,28.2821279943554
8.15019841269841,1.15933015900836,0.758279123648362,3.6550234056599,28.2831364192345
8.15029761904762,1.15936178880785,0.758440795505048,3.6532754822511,28.2841446972668
8.15039682539683,1.1593931865912,0.758602417213391,3.6515283951225,28.2851528284109
8.15049603174603,1.15942435269763,0.758763988710592,3.64978214387504,28.2861608126257
8.15059523809524,1.15945528746625,0.75892550993386,3.6480367281098,28.2871686498699
8.15069444444444,1.15948599123607,0.759086980820422,3.64629214742805,28.2881763401023
8.15079365079365,1.15951646434595,0.759248401307515,3.64454840143121,28.2891838832817
8.15089285714286,1.15954670713469,0.759409771332392,3.64280548972087,28.2901912793669
8.15099206349206,1.15957671994095,0.759571090832319,3.64106341189878,28.2911985283168
8.15109126984127,1.15960650310329,0.759732359744576,3.63932216756683,28.29220563009
8.15119047619048,1.15963605696016,0.759893578006453,3.63758175632715,28.2932125846456
8.15128968253968,1.15966538184989,0.760054745555258,3.63584217778198,28.2942193919421
8.15138888888889,1.15969447811072,0.760215862328312,3.6341034315337,28.2952260519386
8.1514880952381,1.15972334608076,0.760376928262946,3.63236551718492,28.2962325645938
8.1515873015873,1.15975198609801,0.760537943296509,3.63062843433835,28.2972389298666
8.15168650793651,1.15978039850039,0.760698907366362,3.62889218259692,28.2982451477158
8.15178571428571,1.15980858362568,0.760859820409878,3.62715676156369,28.2992512181003
8.15188492063492,1.15983654181155,0.761020682364445,3.62542217084189,28.3002571409789
8.15198412698413,1.15986427339558,0.761181493167465,3.62368841003492,28.3012629163105
8.15208333333333,1.15989177871522,0.761342252756352,3.62195547874636,28.302268544054
8.15218253968254,1.15991905810783,0.761502961068536,3.62022337657992,28.3032740241683
8.15228174603175,1.15994611191064,0.761663618041457,3.6184921031395,28.3042793566122
8.15238095238095,1.15997294046079,0.761824223612572,3.61676165802916,28.3052845413447
8.15248015873016,1.15999954409528,0.76198477771935,3.61503204085312,28.3062895783246
8.15257936507937,1.16002592315105,0.762145280299275,3.61330325121575,28.3072944675109
8.15267857142857,1.16005207796487,0.76230573128984,3.61157528872165,28.3082992088624
8.15277777777778,1.16007800887345,0.762466130628557,3.6098481529755,28.3093038023381
8.15287698412699,1.16010371621336,0.762626478252948,3.60812184358219,28.3103082478968
8.15297619047619,1.16012920032108,0.762786774100552,3.60639636014677,28.3113125454976
8.1530753968254,1.16015446153296,0.762947018108918,3.60467170227445,28.3123166950994
8.1531746031746,1.16017950018525,0.76310721021561,3.6029478695706,28.313320696661
8.15327380952381,1.1602043166141,0.763267350358207,3.60122486164077,28.3143245501415
8.15337301587302,1.16022891115554,0.763427438474299,3.59950267809065,28.3153282554998
8.15347222222222,1.16025328414548,0.763587474501492,3.59778131852612,28.3163318126949
8.15357142857143,1.16027743591974,0.763747458377403,3.59606078255322,28.3173352216857
8.15367063492064,1.16030136681402,0.763907390039664,3.59434106977814,28.3183384824312
8.15376984126984,1.16032507716391,0.764067269425922,3.59262217980724,28.3193415948903
8.15386904761905,1.16034856730489,0.764227096473835,3.59090411224707,28.3203445590222
8.15396825396825,1.16037183757234,0.764386871121075,3.58918686670429,28.3213473747857
8.15406746031746,1.16039488830151,0.764546593305331,3.58747044278576,28.3223500421399
8.15416666666667,1.16041771982756,0.764706262964299,3.58575484009855,28.3233525610437
8.15426587301587,1.16044033248553,0.764865880035693,3.58404005824981,28.3243549314562
8.15436507936508,1.16046272661035,0.765025444457241,3.58232609684689,28.3253571533364
8.15446428571429,1.16048490253684,0.765184956166683,3.58061295549732,28.3263592266432
8.15456349206349,1.16050686059972,0.765344415101773,3.57890063380878,28.3273611513359
8.1546626984127,1.16052860113359,0.765503821200278,3.57718913138911,28.3283629273732
8.15476190476191,1.16055012447294,0.76566317439998,3.57547844784632,28.3293645547144
8.15486111111111,1.16057143095215,0.765822474638673,3.57376858278859,28.3303660333185
8.15496031746032,1.1605925209055,0.765981721854166,3.57205953582426,28.3313673631445
8.15505952380952,1.16061339466714,0.766140915984281,3.57035130656183,28.3323685441514
8.15515873015873,1.16063405257114,0.766300056966852,3.56864389460997,28.3333695762984
8.15525793650794,1.16065449495144,0.766459144739728,3.56693729957752,28.3343704595445
8.15535714285714,1.16067472214186,0.766618179240773,3.56523152107347,28.3353711938488
8.15545634920635,1.16069473447614,0.766777160407861,3.563526558707,28.3363717791703
8.15555555555556,1.16071453228788,0.766936088178886,3.56182241208739,28.3373722154682
8.15565476190476,1.16073411591059,0.767094962491745,3.5601190808242,28.3383725027016
8.15575396825397,1.16075348567766,0.767253783284358,3.55841656452706,28.3393726408295
8.15585317460318,1.16077264192238,0.767412550494655,3.55671486280579,28.3403726298111
8.15595238095238,1.16079158497792,0.767571264060579,3.55501397527037,28.3413724696055
8.15605158730159,1.16081031517735,0.767729923920089,3.55331390153096,28.3423721601718
8.15615079365079,1.16082883285362,0.767888530011155,3.55161464119788,28.3433717014691
8.15625,1.16084713833957,0.768047082271761,3.5499161938816,28.3443710934566
8.15634920634921,1.16086523196794,0.768205580639907,3.54821855919278,28.3453703360934
8.15644841269841,1.16088311407135,0.768364025053602,3.54652173674221,28.3463694293387
8.15654761904762,1.16090078498232,0.768522415450874,3.54482572614089,28.3473683731516
8.15664682539682,1.16091824503326,0.76868075176976,3.54313052699993,28.3483671674912
8.15674603174603,1.16093549455645,0.768839033948312,3.54143613893066,28.3493658123168
8.15684523809524,1.16095253388408,0.768997261924598,3.53974256154455,28.3503643075874
8.15694444444444,1.16096936334824,0.769155435636696,3.53804979445321,28.3513626532624
8.15704365079365,1.16098598328088,0.769313555022701,3.53635783726843,28.3523608493008
8.15714285714286,1.16100239401385,0.769471620020716,3.53466668960223,28.3533588956619
8.15724206349206,1.16101859587892,0.769629630568863,3.53297635106669,28.3543567923048
8.15734126984127,1.1610345892077,0.769787586605275,3.53128682127413,28.3553545391887
8.15744047619048,1.16105037433173,0.769945488068101,3.52959809983698,28.3563521362729
8.15753968253968,1.16106595158242,0.770103334895501,3.52791018636788,28.3573495835166
8.15763888888889,1.16108132129109,0.770261127025649,3.52622308047962,28.358346880879
8.15773809523809,1.16109648378892,0.770418864396734,3.52453678178514,28.3593440283193
8.1578373015873,1.161111439407,0.770576546946956,3.52285128989755,28.3603410257968
8.15793650793651,1.1611261884763,0.770734174614532,3.52116660443015,28.3613378732706
8.15803571428571,1.16114073132771,0.770891747337689,3.51948272499637,28.3623345707001
8.15813492063492,1.16115506829196,0.77104926505467,3.51779965120983,28.3633311180445
8.15823412698413,1.16116919969972,0.771206727703731,3.5161173826843,28.364327515263
8.15833333333333,1.16118312588151,0.77136413522314,3.51443591903371,28.3653237623149
8.15843253968254,1.16119684716776,0.771521487551182,3.51275525987219,28.3663198591595
8.15853174603175,1.1612103638888,0.771678784626155,3.51107540481396,28.3673158057561
8.15863095238095,1.16122367637482,0.771836026386364,3.50939635347351,28.3683116020639
8.15873015873016,1.16123678495593,0.771993212770135,3.50771810546541,28.3693072480422
8.15882936507936,1.16124968996211,0.772150343715805,3.50604066040443,28.3703027436504
8.15892857142857,1.16126239172324,0.772307419161726,3.5043640179055,28.3712980888477
8.15902777777778,1.16127489056909,0.772464439046261,3.5026881775837,28.3722932835934
8.15912698412698,1.16128718682931,0.772621403307788,3.5010131390543,28.3732883278468
8.15922619047619,1.16129928083346,0.772778311884699,3.49933890193271,28.3742832215673
8.1593253968254,1.16131117291098,0.772935164715398,3.49766546583453,28.3752779647143
8.1594246031746,1.16132286339118,0.773091961738305,3.4959928303755,28.3762725572469
8.15952380952381,1.1613343526033,0.773248702891851,3.49432099517153,28.3772669991246
8.15962301587301,1.16134564087643,0.773405388114482,3.49264995983872,28.3782612903067
8.15972222222222,1.16135672853959,0.773562017344657,3.4909797239933,28.3792554307525
8.15982142857143,1.16136761592164,0.77371859052085,3.48931028725168,28.3802494204215
8.15992063492063,1.16137830335139,0.773875107581545,3.48764164923044,28.3812432592729
8.16001984126984,1.16138879115749,0.774031568465247,3.4859738095463,28.3822369472662
8.16011904761905,1.1613990796685,0.774187973110463,3.4843067678162,28.3832304843608
8.16021825396825,1.16140916921288,0.774344321455723,3.48264052365719,28.3842238705159
8.16031746031746,1.16141906011896,0.774500613439567,3.4809750766865,28.385217105691
8.16041666666667,1.16142875271497,0.77465684900055,3.47931042652153,28.3862101898455
8.16051587301587,1.16143824732903,0.77481302807724,3.47764657277985,28.3872031229387
8.16061507936508,1.16144754428916,0.774969150608217,3.47598351507917,28.3881959049302
8.16071428571429,1.16145664392325,0.775125216532077,3.4743212530374,28.3891885357793
8.16081349206349,1.16146554655909,0.775281225787428,3.47265978627259,28.3901810154453
8.1609126984127,1.16147425252436,0.775437178312892,3.47099911440296,28.3911733438879
8.1610119047619,1.16148276214664,0.775593074047105,3.46933923704689,28.3921655210663
8.16111111111111,1.16149107575338,0.775748912928715,3.46768015382294,28.39315754694
8.16121031746032,1.16149919367193,0.775904694896386,3.46602186434982,28.3941494214685
8.16130952380952,1.16150711622954,0.776060419888794,3.46436436824642,28.3951411446112
8.16140873015873,1.16151484375334,0.776216087844628,3.46270766513177,28.3961327163276
8.16150793650794,1.16152237657034,0.776371698702594,3.46105175462507,28.3971241365771
8.16160714285714,1.16152971500746,0.776527252401404,3.45939663634573,28.3981154053192
8.16170634920635,1.1615368593915,0.776682748879792,3.45774230991326,28.3991065225133
8.16180555555556,1.16154381004915,0.776838188076501,3.45608877494739,28.4000974881191
8.16190476190476,1.161550567307,0.77699356993029,3.45443603106796,28.4010883020958
8.16200396825397,1.16155713149151,0.777148894379928,3.45278407789501,28.4020789644031
8.16210317460317,1.16156350292904,0.777304161364201,3.45113291504875,28.4030694750004
8.16220238095238,1.16156968194585,0.777459370821908,3.44948254214953,28.4040598338472
8.16230158730159,1.16157566886808,0.777614522691859,3.44783295881788,28.4050500409031
8.16240079365079,1.16158146402176,0.777769616912882,3.4461841646745,28.4060400961276
8.1625,1.16158706773282,0.777924653423813,3.44453615934023,28.4070299994802
8.16259920634921,1.16159248032707,0.778079632163507,3.4428889424361,28.4080197509203
8.16269841269841,1.1615977021302,0.778234553070829,3.4412425135833,28.4090093504077
8.16279761904762,1.16160273346781,0.778389416084659,3.43959687240317,28.4099987979017
8.16289682539682,1.16160757466539,0.77854422114389,3.43795201851723,28.410988093362
8.16299603174603,1.16161222604831,0.778698968187431,3.43630795154714,28.4119772367481
8.16309523809524,1.16161668794183,0.778853657154199,3.43466467111479,28.4129662280195
8.16319444444444,1.1616209606711,0.779008287983129,3.43302217684216,28.4139550671359
8.16329365079365,1.16162504456116,0.779162860613168,3.43138046835143,28.4149437540568
8.16339285714286,1.16162893993696,0.779317374983279,3.42973954526493,28.4159322887418
8.16349206349206,1.16163264712331,0.779471831032435,3.42809940720517,28.4169206711504
8.16359126984127,1.16163616644493,0.779626228699624,3.42646005379482,28.4179089012423
8.16369047619048,1.16163949822642,0.779780567923849,3.42482148465671,28.4188969789771
8.16378968253968,1.16164264279228,0.779934848644125,3.42318369941384,28.4198849043144
8.16388888888889,1.16164560046688,0.780089070799481,3.42154669768936,28.4208726772137
8.16398809523809,1.16164837157451,0.780243234328958,3.41991047910661,28.4218602976347
8.1640873015873,1.16165095643932,0.780397339171614,3.41827504328908,28.422847765537
8.16418650793651,1.16165335538538,0.780551385266518,3.41664038986041,28.4238350808803
8.16428571428571,1.16165556873662,0.780705372552752,3.41500651844445,28.4248222436242
8.16438492063492,1.16165759681688,0.780859300969413,3.41337342866516,28.4258092537283
8.16448412698413,1.16165943994989,0.781013170455615,3.41174112014667,28.4267961111523
8.16458333333333,1.16166109845926,0.781166980950476,3.41010959251335,28.4277828158558
8.16468253968254,1.1616625726685,0.781320732393136,3.40847884538965,28.4287693677985
8.16478174603175,1.161663862901,0.781474424722746,3.40684887840022,28.42975576694
8.16488095238095,1.16166496948004,0.78162805787847,3.40521969116987,28.4307420132401
8.16498015873016,1.1616658927288,0.781781631799487,3.40359128332356,28.4317281066584
8.16507936507936,1.16166663297036,0.781935146424988,3.40196365448644,28.4327140471546
8.16517857142857,1.16166719052765,0.782088601694178,3.40033680428382,28.4336998346883
8.16527777777778,1.16166756572353,0.782241997546277,3.39871073234114,28.4346854692194
8.16537698412698,1.16166775888074,0.782395333920516,3.39708543828406,28.4356709507074
8.16547619047619,1.1616677703219,0.782548610756141,3.39546092173836,28.4366562791121
8.1655753968254,1.16166760036952,0.782701827992411,3.39383718233002,28.4376414543933
8.1656746031746,1.16166724934602,0.782854985568601,3.39221421968514,28.4386264765106
8.16577380952381,1.16166671757368,0.783008083423996,3.39059203343003,28.4396113454237
8.16587301587301,1.1616660053747,0.783161121497896,3.38897062319114,28.4405960610924
8.16597222222222,1.16166511307115,0.783314099729618,3.38734998859508,28.4415806234765
8.16607142857143,1.161664040985,0.783467018058484,3.38573012926866,28.4425650325357
8.16617063492064,1.16166278943811,0.783619876423837,3.38411104483881,28.4435492882297
8.16626984126984,1.16166135875222,0.783772674765032,3.38249273493266,28.4445333905183
8.16636904761905,1.16165974924897,0.783925413021436,3.38087519917747,28.4455173393612
8.16646825396825,1.16165796124989,0.784078091132432,3.3792584372007,28.4465011347183
8.16656746031746,1.16165599507639,0.784230709037414,3.37764244862995,28.4474847765493
8.16666666666667,1.16165385104979,0.784383266675791,3.37602723309299,28.4484682648141
8.16676587301587,1.16165152949127,0.784535763986984,3.37441279021776,28.4494515994723
8.16686507936508,1.16164903072193,0.784688200910431,3.37279911963238,28.4504347804837
8.16696428571429,1.16164635506275,0.784840577385579,3.37118622096509,28.4514178078083
8.16706349206349,1.16164350283459,0.784992893351893,3.36957409384434,28.4524006814058
8.1671626984127,1.16164047435821,0.785145148748848,3.36796273789871,28.453383401236
8.1672619047619,1.16163726995426,0.785297343515935,3.36635215275698,28.4543659672587
8.16736111111111,1.16163388994328,0.785449477592656,3.36474233804807,28.4553483794338
8.16746031746032,1.1616303346457,0.785601550918532,3.36313329340105,28.4563306377211
8.16755952380952,1.16162660438183,0.785753563433089,3.36152501844521,28.4573127420804
8.16765873015873,1.16162269947188,0.785905515075873,3.35991751280995,28.4582946924717
8.16775793650794,1.16161862023596,0.786057405786442,3.35831077612486,28.4592764888546
8.16785714285714,1.16161436699405,0.786209235504368,3.35670480801969,28.4602581311891
8.16795634920635,1.16160994006603,0.786361004169235,3.35509960812435,28.4612396194351
8.16805555555556,1.16160533977167,0.786512711720642,3.35349517606892,28.4622209535525
8.16815476190476,1.16160056643063,0.7866643580982,3.35189151148365,28.463202133501
8.16825396825397,1.16159562036246,0.786815943241537,3.35028861399894,28.4641831592407
8.16835317460317,1.1615905018866,0.78696746709029,3.34868648324536,28.4651640307313
8.16845238095238,1.16158521132238,0.787118929584113,3.34708511885366,28.4661447479328
8.16855158730159,1.16157974898901,0.787270330662672,3.34548452045473,28.467125310805
8.16865079365079,1.16157411520562,0.787421670265646,3.34388468767964,28.468105719308
8.16875,1.16156831029119,0.78757294833273,3.34228562015962,28.4690859734015
8.16884920634921,1.16156233456462,0.787724164803631,3.34068731752608,28.4700660730456
8.16894841269841,1.16155618834469,0.78787531961807,3.33908977941054,28.4710460182002
8.16904761904762,1.16154987195007,0.788026412715778,3.33749300544478,28.4720258088251
8.16914682539683,1.16154338569931,0.788177444036505,3.33589699526067,28.4730054448803
8.16924603174603,1.16153672991088,0.788328413520012,3.33430174849026,28.4739849263258
8.16934523809524,1.16152990490312,0.788479321106074,3.33270726476577,28.4749642531216
8.16944444444444,1.16152291099424,0.788630166734479,3.33111354371958,28.4759434252275
8.16954365079365,1.16151574850238,0.78878095034503,3.32952058498425,28.4769224426035
8.16964285714286,1.16150841774554,0.788931671877541,3.32792838819248,28.4779013052097
8.16974206349206,1.16150091904163,0.789082331271842,3.32633695297717,28.4788800130059
8.16984126984127,1.16149325270844,0.789232928467776,3.32474627897134,28.4798585659522
8.16994047619048,1.16148541906365,0.789383463405198,3.32315636580821,28.4808369640086
8.17003968253968,1.16147741842483,0.789533936023979,3.32156721312115,28.481815207135
8.17013888888889,1.16146925110944,0.789684346264002,3.31997882054369,28.4827932952915
8.17023809523809,1.16146091743483,0.789834694065163,3.31839118770955,28.483771228438
8.1703373015873,1.16145241771826,0.789984979367374,3.31680431425258,28.4847490065347
8.17043650793651,1.16144375227684,0.79013520211056,3.3152181998068,28.4857266295414
8.17053571428571,1.16143492142761,0.790285362234655,3.31363284400644,28.4867040974182
8.17063492063492,1.16142592548747,0.790435459679612,3.31204824648584,28.4876814101252
8.17073412698413,1.16141676477322,0.790585494385395,3.31046440687953,28.4886585676224
8.17083333333333,1.16140743960157,0.790735466291984,3.3088813248222,28.4896355698698
8.17093253968254,1.16139795028909,0.790885375339369,3.3072989999487,28.4906124168275
8.17103174603175,1.16138829715225,0.791035221467556,3.30571743189406,28.4915891084556
8.17113095238095,1.16137848050742,0.791185004616565,3.30413662029345,28.4925656447141
8.17123015873016,1.16136850067086,0.791334724726428,3.30255656478223,28.493542025563
8.17132936507936,1.1613583579587,0.79148438173719,3.3009772649959,28.4945182509625
8.17142857142857,1.16134805268698,0.791633975588911,3.29939872057015,28.4954943208726
8.17152777777778,1.16133758517162,0.791783506221666,3.29782093114083,28.4964702352535
8.17162698412698,1.16132695572843,0.79193297357554,3.29624389634392,28.4974459940652
8.17172619047619,1.16131616467313,0.792082377590634,3.29466761581562,28.4984215972677
8.1718253968254,1.1613052123213,0.792231718207061,3.29309208919226,28.4993970448214
8.1719246031746,1.16129409898843,0.792380995364952,3.29151731611031,28.5003723366861
8.17202380952381,1.16128282498989,0.792530209004443,3.28994329620648,28.5013474728221
8.17212301587302,1.16127139064095,0.792679359065691,3.28837002911759,28.5023224531895
8.17222222222222,1.16125979625675,0.792828445488863,3.28679751448063,28.5032972777484
8.17232142857143,1.16124804215236,0.792977468214143,3.28522575193276,28.5042719464589
8.17242063492064,1.16123612864269,0.793126427181724,3.28365474111131,28.5052464592813
8.17251984126984,1.16122405604258,0.793275322331817,3.28208448165376,28.5062208161756
8.17261904761905,1.16121182466674,0.793424153604643,3.28051497319777,28.5071950171019
8.17271825396825,1.16119943482977,0.793572920940438,3.27894621538116,28.5081690620206
8.17281746031746,1.16118688684618,0.793721624279451,3.27737820784191,28.5091429508917
8.17291666666667,1.16117418103034,0.793870263561947,3.27581095021818,28.5101166836753
8.17301587301587,1.16116131769653,0.794018838728201,3.27424444214826,28.5110902603318
8.17311507936508,1.16114829715892,0.794167349718504,3.27267868327065,28.5120636808212
8.17321428571429,1.16113511973156,0.794315796473159,3.27111367322398,28.5130369451038
8.17331349206349,1.1611217857284,0.794464178932484,3.26954941164707,28.5140100531398
8.1734126984127,1.16110829546328,0.794612497036813,3.26798589817885,28.5149830048894
8.17351190476191,1.16109464924991,0.794760750726484,3.26642313245851,28.5159558003127
8.17361111111111,1.16108084740192,0.794908939941859,3.26486111412534,28.51692843937
8.17371031746032,1.16106689023282,0.795057064623309,3.26329984281879,28.5179009220215
8.17380952380952,1.16105277805599,0.795205124711219,3.2617393181785,28.5188732482275
8.17390873015873,1.16103851118473,0.795353120145987,3.26017953984427,28.5198454179482
8.17400793650794,1.16102408993221,0.795501050868027,3.25862050745604,28.5208174311439
8.17410714285714,1.1610095146115,0.795648916817764,3.25706222065395,28.5217892877747
8.17420634920635,1.16099478553556,0.795796717935637,3.25550467907829,28.5227609878009
8.17430555555556,1.16097990301724,0.795944454162099,3.25394788236951,28.5237325311829
8.17440476190476,1.16096486736926,0.796092125437618,3.25239183016823,28.5247039178808
8.17450396825397,1.16094967890426,0.796239731702672,3.25083652211523,28.525675147855
8.17460317460317,1.16093433793476,0.796387272897756,3.24928195785146,28.5266462210657
8.17470238095238,1.16091884477316,0.796534748963377,3.24772813701803,28.5276171374732
8.17480158730159,1.16090319973176,0.796682159840056,3.24617505925623,28.5285878970378
8.17490079365079,1.16088740312275,0.796829505468329,3.24462272420746,28.5295584997198
8.175,1.16087145525821,0.79697678578874,3.24307113151339,28.5305289454795
8.17509920634921,1.16085535645011,0.797124000741852,3.24152028081576,28.5314992342772
8.17519841269841,1.16083910701029,0.797271150268241,3.23997017175651,28.5324693660732
8.17529761904762,1.16082270725052,0.797418234308495,3.23842080397773,28.5334393408279
8.17539682539683,1.16080615748243,0.797565252803216,3.2368721771217,28.5344091585016
8.17549603174603,1.16078945801754,0.79771220569302,3.23532429083085,28.5353788190546
8.17559523809524,1.16077260916729,0.797859092918537,3.23377714474776,28.5363483224473
8.17569444444444,1.16075561124297,0.798005914420408,3.2322307385152,28.53731766864
8.17579365079365,1.16073846455578,0.798152670139292,3.23068507177609,28.538286857593
8.17589285714286,1.16072116941682,0.798299360015857,3.22914014417353,28.5392558892668
8.17599206349206,1.16070372613706,0.798445983990787,3.22759595535076,28.5402247636217
8.17609126984127,1.16068613502737,0.798592542004779,3.22605250495121,28.541193480618
8.17619047619048,1.16066839639852,0.798739033998544,3.22450979261845,28.5421620402162
8.17628968253968,1.16065051056115,0.798885459912806,3.22296781799624,28.5431304423766
8.17638888888889,1.1606324778258,0.799031819688306,3.22142658072846,28.5440986870596
8.1764880952381,1.1606142985029,0.799178113265789,3.21988608045925,28.5450667742257
8.1765873015873,1.16059597290277,0.799324340586024,3.2183463168328,28.5460347038352
8.17668650793651,1.16057750133562,0.799470501589789,3.21680728949354,28.5470024758485
8.17678571428571,1.16055888411156,0.799616596217875,3.21526899808604,28.547970090226
8.17688492063492,1.16054012154057,0.799762624411089,3.21373144225502,28.5489375469283
8.17698412698413,1.16052121393252,0.799908586110249,3.2121946216454,28.5499048459156
8.17708333333333,1.16050216159721,0.800054481256189,3.21065853590223,28.5508719871484
8.17718253968254,1.16048296484427,0.800200309789754,3.20912318467074,28.5518389705873
8.17728174603175,1.16046362398327,0.800346071651805,3.20758856759634,28.5528057961926
8.17738095238095,1.16044413932364,0.800491766783214,3.20605468432458,28.5537724639247
8.17748015873016,1.16042451117473,0.80063739512487,3.20452153450118,28.5547389737442
8.17757936507936,1.16040473984573,0.800782956617672,3.20298911777203,28.5557053256115
8.17767857142857,1.16038482564578,0.800928451202534,3.20145743378319,28.556671519487
8.17777777777778,1.16036476888387,0.801073878820385,3.19992648218087,28.5576375553314
8.17787698412699,1.16034456986889,0.801219239412167,3.19839626261143,28.5586034331049
8.17797619047619,1.16032422890962,0.801364532918831,3.19686677472148,28.5595691527682
8.1780753968254,1.16030374631474,0.801509759281349,3.19533801815768,28.5605347142817
8.1781746031746,1.16028312239281,0.8016549184407,3.19380999256694,28.561500117606
8.17827380952381,1.16026235745227,0.801800010337882,3.19228269759627,28.5624653627014
8.17837301587302,1.16024145180148,0.801945034913903,3.1907561328929,28.5634304495287
8.17847222222222,1.16022040574866,0.802089992109785,3.18923029810418,28.5643953780482
8.17857142857143,1.16019921960194,0.802234881866566,3.18770519287767,28.5653601482205
8.17867063492064,1.16017789366933,0.802379704125294,3.18618081686105,28.5663247600061
8.17876984126984,1.16015642825872,0.802524458827034,3.18465716970219,28.5672892133656
8.17886904761905,1.16013482367793,0.802669145912861,3.18313425104913,28.5682535082596
8.17896825396825,1.16011308023462,0.802813765323866,3.18161206055005,28.5692176446485
8.17906746031746,1.16009119823637,0.802958317001154,3.18009059785332,28.570181622493
8.17916666666667,1.16006917799064,0.803102800885841,3.17856986260745,28.5711454417535
8.17926587301587,1.16004701980479,0.803247216919059,3.17704985446114,28.5721091023908
8.17936507936508,1.16002472398606,0.803391565041955,3.17553057306323,28.5730726043652
8.17946428571429,1.16000229084159,0.803535845195683,3.17401201806276,28.5740359476376
8.17956349206349,1.15997972067839,0.803680057321417,3.1724941891089,28.5749991321683
8.1796626984127,1.15995701380339,0.803824201360342,3.170977085851,28.575962157918
8.17976190476191,1.15993417052338,0.803968277253656,3.16946070793856,28.5769250248474
8.17986111111111,1.15991119114506,0.804112284942574,3.16794505502127,28.577887732917
8.17996031746032,1.15988807597501,0.804256224368319,3.16643012674897,28.5788502820874
8.18005952380952,1.15986482531971,0.804400095472133,3.16491592277167,28.5798126723194
8.18015873015873,1.15984143948553,0.804543898195269,3.16340244273952,28.5807749035733
8.18025793650794,1.15981791877871,0.804687632478992,3.16188968630287,28.5817369758101
8.18035714285714,1.1597942635054,0.804831298264584,3.16037765311223,28.5826988889902
8.18045634920635,1.15977047397164,0.804974895493338,3.15886634281824,28.5836606430742
8.18055555555556,1.15974655048335,0.805118424106562,3.15735575507175,28.584622238023
8.18065476190476,1.15972249334635,0.805261884045577,3.15584588952374,28.5855836737971
8.18075396825397,1.15969830286634,0.805405275251717,3.15433674582538,28.5865449503571
8.18085317460318,1.15967397934891,0.805548597666333,3.15282832362797,28.5875060676638
8.18095238095238,1.15964952309956,0.805691851230781,3.15132062258303,28.5884670256779
8.18105158730159,1.15962493442366,0.80583503588644,3.1498136423422,28.5894278243599
8.18115079365079,1.15960021362647,0.805978151574698,3.1483073825573,28.5903884636707
8.18125,1.15957536101315,0.806121198236958,3.1468018428803,28.5913489435708
8.18134920634921,1.15955037688874,0.806264175814636,3.14529702296337,28.5923092640211
8.18144841269841,1.15952526155819,0.80640708424916,3.14379292245879,28.5932694249821
8.18154761904762,1.15950001532631,0.806549923481974,3.14228954101906,28.5942294264147
8.18164682539683,1.15947463849783,0.806692693454536,3.14078687829682,28.5951892682795
8.18174603174603,1.15944913137735,0.806835394108314,3.13928493394486,28.5961489505373
8.18184523809524,1.15942349426936,0.806978025384792,3.13778370761617,28.5971084731487
8.18194444444444,1.15939772747826,0.807120587225469,3.13628319896387,28.5980678360746
8.18204365079365,1.15937183130832,0.807263079571855,3.13478340764126,28.5990270392757
8.18214285714286,1.15934580606371,0.807405502365474,3.13328433330181,28.5999860827127
8.18224206349206,1.15931965204848,0.807547855547864,3.13178597559915,28.6009449663465
8.18234126984127,1.15929336956658,0.807690139060579,3.13028833418704,28.6019036901376
8.18244047619048,1.15926695892185,0.80783235284518,3.1287914087195,28.602862254047
8.18253968253968,1.15924042041802,0.807974496843248,3.12729519885062,28.6038206580354
8.18263888888889,1.1592137543587,0.808116570996375,3.12579970423469,28.6047789020635
8.1827380952381,1.1591869610474,0.808258575246166,3.12430492452617,28.6057369860922
8.1828373015873,1.15916004078753,0.808400509534242,3.12281085937966,28.6066949100823
8.18293650793651,1.15913299388235,0.808542373802235,3.12131750844995,28.6076526739946
8.18303571428571,1.15910582063507,0.808684167991791,3.11982487139199,28.6086102777898
8.18313492063492,1.15907852134874,0.808825892044572,3.11833294786089,28.6095677214288
8.18323412698413,1.15905109632632,0.808967545902249,3.11684173751192,28.6105250048724
8.18333333333333,1.15902354587066,0.809109129506511,3.11535124000053,28.6114821280814
8.18343253968254,1.1589958702845,0.809250642799059,3.11386145498232,28.6124390910166
8.18353174603175,1.15896806987046,0.809392085721606,3.11237238211306,28.613395893639
8.18363095238095,1.15894014493107,0.80953345821588,3.11088402104869,28.6143525359093
8.18373015873016,1.15891209576874,0.809674760223624,3.10939637144529,28.6153090177884
8.18382936507937,1.15888392268576,0.809815991686593,3.10790943295913,28.6162653392371
8.18392857142857,1.15885562598433,0.809957152546553,3.10642320524666,28.6172215002164
8.18402777777778,1.15882720596651,0.810098242745288,3.10493768796447,28.618177500687
8.18412698412699,1.15879866293429,0.810239262224593,3.1034528807693,28.6191333406099
8.18422619047619,1.15876999718952,0.810380210926278,3.10196878331808,28.6200890199459
8.1843253968254,1.15874120903396,0.810521088792165,3.1004853952679,28.6210445386559
8.1844246031746,1.15871229876923,0.810661895764091,3.09900271627601,28.6219998967008
8.18452380952381,1.15868326669687,0.810802631783906,3.09752074599983,28.6229550940415
8.18462301587302,1.15865411311831,0.810943296793473,3.09603948409694,28.623910130639
8.18472222222222,1.15862483833484,0.811083890734669,3.09455893022508,28.6248650064541
8.18482142857143,1.15859544264768,0.811224413549386,3.09307908404216,28.6258197214477
8.18492063492064,1.15856592635791,0.811364865179527,3.09159994520627,28.6267742755808
8.18501984126984,1.15853628976651,0.81150524556701,3.09012151337564,28.6277286688143
8.18511904761905,1.15850653317436,0.811645554653766,3.08864378820867,28.6286829011091
8.18521825396825,1.1584766568822,0.81178579238174,3.08716676936394,28.6296369724262
8.18531746031746,1.15844666119071,0.811925958692894,3.08569045650016,28.6305908827266
8.18541666666667,1.15841654640041,0.812066053529193,3.08421484927627,28.6315446319711
8.18551587301587,1.15838631281173,0.812206076832628,3.08273994735131,28.6324982201208
8.18561507936508,1.15835596072501,0.812346028545195,3.08126575038451,28.6334516471366
8.18571428571429,1.15832549044044,0.812485908608909,3.07979225803526,28.6344049129795
8.18581349206349,1.15829490225813,0.812625716965795,3.07831946996313,28.6353580176104
8.1859126984127,1.15826419647808,0.812765453557893,3.07684738582783,28.6363109609904
8.18601190476191,1.15823337340016,0.812905118327257,3.07537600528925,28.6372637430805
8.18611111111111,1.15820243332415,0.813044711215954,3.07390532800744,28.6382163638416
8.18621031746032,1.15817137654971,0.813184232166063,3.07243535364262,28.6391688232348
8.18630952380952,1.15814020337639,0.81332368111968,3.07096608185518,28.640121121221
8.18640873015873,1.15810891410363,0.813463058018912,3.06949751230564,28.6410732577613
8.18650793650794,1.15807750903076,0.81360236280588,3.06802964465474,28.6420252328167
8.18660714285714,1.15804598845702,0.813741595422718,3.06656247856333,28.6429770463482
8.18670634920635,1.1580143526815,0.813880755811576,3.06509601369247,28.6439286983169
8.18680555555556,1.15798260200322,0.814019843914617,3.06363024970333,28.6448801886838
8.18690476190476,1.15795073672106,0.814158859674012,3.06216518625733,28.64583151741
8.18700396825397,1.15791875713382,0.814297803031953,3.06070082301598,28.6467826844565
8.18710317460318,1.15788666354015,0.814436673930642,3.05923715964098,28.6477336897843
8.18720238095238,1.15785445623864,0.814575472312295,3.05777419579418,28.6486845333546
8.18730158730159,1.15782213552772,0.814714198119142,3.05631193113763,28.6496352151285
8.18740079365079,1.15778970170574,0.814852851293426,3.05485036533351,28.6505857350669
8.1875,1.15775715507094,0.814991431777405,3.05338949804418,28.651536093131
8.18759920634921,1.15772449592144,0.815129939513348,3.05192932893215,28.6524862892818
8.18769841269841,1.15769172455525,0.815268374443539,3.05046985766013,28.6534363234805
8.18779761904762,1.15765884127028,0.815406736510277,3.04901108389096,28.6543861956882
8.18789682539682,1.15762584636433,0.815545025655871,3.04755300728765,28.655335905866
8.18799603174603,1.15759274013507,0.815683241822647,3.04609562751338,28.656285453975
8.18809523809524,1.15755952288008,0.815821384952943,3.04463894423151,28.6572348399763
8.18819444444444,1.15752619489682,0.815959454989111,3.04318295710554,28.658184063831
8.18829365079365,1.15749275648266,0.816097451873518,3.04172766579913,28.6591331255004
8.18839285714286,1.15745920793483,0.816235375548539,3.04027306997616,28.6600820249454
8.18849206349206,1.15742554955047,0.816373225956568,3.0388191693006,28.6610307621274
8.18859126984127,1.1573917816266,0.816511003040011,3.03736596343664,28.6619793370073
8.18869047619048,1.15735790446015,0.816648706741289,3.0359134520486,28.6629277495465
8.18878968253968,1.15732391834791,0.816786337002834,3.03446163480097,28.663875999706
8.18888888888889,1.15728982358658,0.816923893767093,3.03301051135844,28.664824087447
8.18898809523809,1.15725562047274,0.817061376976526,3.03156008138582,28.6657720127307
8.1890873015873,1.15722130930288,0.817198786573607,3.0301103445481,28.6667197755183
8.18918650793651,1.15718689037336,0.817336122500823,3.02866130051044,28.667667375771
8.18928571428571,1.15715236398043,0.817473384700676,3.02721294893816,28.66861481345
8.18938492063492,1.15711773042023,0.81761057311568,3.02576528949676,28.6695620885165
8.18948412698413,1.15708298998882,0.817747687688363,3.02431832185187,28.6705092009316
8.18958333333333,1.1570481429821,0.817884728361266,3.02287204566932,28.6714561506566
8.18968253968254,1.1570131896959,0.818021695076946,3.02142646061509,28.6724029376528
8.18978174603175,1.15697813042593,0.818158587777971,3.0199815663553,28.6733495618813
8.18988095238095,1.15694296546778,0.818295406406923,3.01853736255631,28.6742960233035
8.18998015873016,1.15690769511694,0.818432150906397,3.01709384888456,28.6752423218804
8.19007936507936,1.15687231966878,0.818568821219003,3.01565102500669,28.6761884575734
8.19017857142857,1.15683683941857,0.818705417287365,3.01420889058952,28.6771344303438
8.19027777777778,1.15680125466147,0.818841939054119,3.0127674453,28.6780802401527
8.19037698412698,1.15676556569253,0.818978386461915,3.01132668880528,28.6790258869615
8.19047619047619,1.15672977280668,0.819114759453417,3.00988662077264,28.6799713707314
8.1905753968254,1.15669387629876,0.819251057971302,3.00844724086956,28.6809166914237
8.1906746031746,1.15665787646347,0.819387281958262,3.00700854876365,28.6818618489996
8.19077380952381,1.15662177359543,0.819523431356999,3.00557054412272,28.6828068434206
8.19087301587301,1.15658556798913,0.819659506110234,3.00413322661472,28.6837516746478
8.19097222222222,1.15654925993897,0.819795506160696,3.00269659590776,28.6846963426426
8.19107142857143,1.15651284973921,0.819931431451131,3.00126065167014,28.6856408473663
8.19117063492063,1.15647633768404,0.820067281924298,2.99982539357031,28.6865851887802
8.19126984126984,1.1564397240675,0.820203057522971,2.99839082127686,28.6875293668456
8.19136904761905,1.15640300918355,0.820338758189931,2.99695693445861,28.6884733815238
8.19146825396825,1.15636619238252,0.820474384270228,2.99552373265061,28.6894172331866
8.19156746031746,1.156329270922,0.820609936997574,2.99409121511008,28.6903609231114
8.19166666666667,1.15629224470029,0.820745416475992,2.99265938148975,28.6913044514225
8.19176587301587,1.15625511382537,0.820880822719963,2.99122823147293,28.6922478181526
8.19186507936508,1.15621787840523,0.821016155743942,2.98979776474303,28.6931910233344
8.19196428571429,1.15618053854787,0.821151415562358,2.98836798098359,28.6941340670007
8.19206349206349,1.15614309436131,0.821286602189608,2.98693887987824,28.6950769491841
8.1921626984127,1.15610554595361,0.821421715640067,2.98551046111074,28.6960196699174
8.1922619047619,1.15606789343281,0.82155675592808,2.98408272436496,28.6969622292331
8.19236111111111,1.15603013690699,0.821691723067963,2.98265566932486,28.6979046271639
8.19246031746032,1.15599227648425,0.821826617074008,2.98122929567454,28.6988468637422
8.19255952380952,1.15595431227268,0.821961437960477,2.9798036030982,28.6997889390006
8.19265873015873,1.15591624438042,0.822096185741606,2.97837859128017,28.7007308529715
8.19275793650794,1.1558780729156,0.822230860431605,2.97695425990483,28.7016726056876
8.19285714285714,1.15583979798638,0.822365462044651,2.97553060865678,28.7026141971811
8.19295634920635,1.15580141970094,0.8224999905949,2.97410763722065,28.7035556274844
8.19305555555556,1.15576293816746,0.822634446096478,2.97268534528119,28.70449689663
8.19315476190476,1.15572435349417,0.822768828563482,2.97126373252329,28.70543800465
8.19325396825397,1.15568566578927,0.822903138009986,2.96984279863194,28.706378951577
8.19335317460317,1.15564687516101,0.823037374450032,2.96842254329223,28.707319737443
8.19345238095238,1.15560798171765,0.823171537897636,2.96700296618938,28.7082603622803
8.19355158730159,1.15556898556746,0.823305628366789,2.96558406700873,28.7092008261211
8.19365079365079,1.15552988681874,0.823439645871452,2.96416584543569,28.7101411289976
8.19375,1.1554906855798,0.823573590425559,2.96274830115583,28.7110812709419
8.19384920634921,1.15545138195894,0.823707462043017,2.96133143385481,28.7120212519862
8.19394841269841,1.15541197606453,0.823841260737706,2.95991524321841,28.7129610721623
8.19404761904762,1.15537246800492,0.823974986523478,2.95849972893251,28.7139007315025
8.19414682539682,1.15533285788847,0.824108639414158,2.95708489068311,28.7148402300386
8.19424603174603,1.15529314582359,0.824242219423545,2.95567072815631,28.7157795678028
8.19434523809524,1.15525333191868,0.824375726565405,2.95425724103837,28.7167187448268
8.19444444444444,1.15521341628217,0.824509160853484,2.9528444290156,28.7176577611425
8.19454365079365,1.15517339902249,0.824642522301495,2.95143229177447,28.718596616782
8.19464285714286,1.15513328024811,0.824775810923128,2.95002082900152,28.7195353117769
8.19474206349206,1.1550930600675,0.824909026732043,2.94861004038345,28.7204738461592
8.19484126984127,1.15505273858916,0.825042169741872,2.94719992560702,28.7214122199605
8.19494047619048,1.15501231592158,0.825175239966222,2.94579048435914,28.7223504332125
8.19503968253968,1.1549717921733,0.825308237418671,2.94438171632683,28.7232884859471
8.19513888888889,1.15493116745286,0.825441162112769,2.94297362119721,28.7242263781959
8.19523809523809,1.15489044186881,0.825574014062041,2.94156619865751,28.7251641099905
8.1953373015873,1.15484961552973,0.825706793279983,2.94015944839508,28.7261016813625
8.19543650793651,1.15480868854422,0.825839499780063,2.93875337009739,28.7270390923435
8.19553571428571,1.15476766102088,0.825972133575722,2.937347963452,28.727976342965
8.19563492063492,1.15472653306834,0.826104694680376,2.93594322814661,28.7289134332586
8.19573412698413,1.15468530479523,0.826237183107412,2.93453916386899,28.7298503632557
8.19583333333333,1.15464397631022,0.826369598870186,2.93313577030709,28.7307871329878
8.19593253968254,1.15460254772198,0.826501941982032,2.93173304714891,28.7317237424862
8.19603174603175,1.15456101913921,0.826634212456254,2.9303309940826,28.7326601917823
8.19613095238095,1.15451939067061,0.826766410306129,2.9289296107964,28.7335964809076
8.19623015873016,1.15447766242491,0.826898535544907,2.92752889697866,28.7345326098932
8.19632936507936,1.15443583451085,0.827030588185811,2.92612885231787,28.7354685787705
8.19642857142857,1.1543939070372,0.827162568242035,2.92472947650261,28.7364043875708
8.19652777777778,1.15435188011271,0.827294475726747,2.92333076922156,28.7373400363252
8.19662698412698,1.15430975384619,0.827426310653086,2.92193273016356,28.7382755250649
8.19672619047619,1.15426752834645,0.827558073034167,2.9205353590175,28.7392108538211
8.1968253968254,1.15422520372231,0.827689762883074,2.91913865547244,28.7401460226248
8.1969246031746,1.15418278008262,0.827821380212865,2.91774261921752,28.7410810315073
8.19702380952381,1.15414025753623,0.827952925036571,2.91634724994199,28.7420158804994
8.19712301587301,1.15409763619201,0.828084397367196,2.91495254733523,28.7429505696323
8.19722222222222,1.15405491615887,0.828215797217716,2.9135585110867,28.7438850989369
8.19732142857143,1.15401209754571,0.828347124601077,2.91216514088603,28.7448194684441
8.19742063492064,1.15396918046145,0.828478379530201,2.91077243642293,28.745753678185
8.19751984126984,1.15392616501505,0.828609562017983,2.9093803973872,28.7466877281903
8.19761904761905,1.15388305131545,0.828740672077289,2.90798902346879,28.747621618491
8.19771825396825,1.15383983947163,0.828871709720957,2.90659831435773,28.7485553491178
8.19781746031746,1.15379652959259,0.829002674961799,2.90520826974419,28.7494889201015
8.19791666666667,1.15375312178734,0.8291335678126,2.90381888931843,28.7504223314729
8.19801587301587,1.15370961616489,0.829264388286115,2.90243017277084,28.7513555832628
8.19811507936508,1.1536660128343,0.829395136395075,2.90104211979191,28.7522886755017
8.19821428571429,1.15362231190463,0.829525812152182,2.89965473007226,28.7532216082205
8.19831349206349,1.15357851348494,0.82965641557011,2.8982680033026,28.7541543814496
8.1984126984127,1.15353461768434,0.829786946661506,2.89688193917376,28.7550869952197
8.1985119047619,1.15349062461192,0.829917405438991,2.89549653737669,28.7560194495613
8.19861111111111,1.15344653437683,0.830047791915156,2.89411179760245,28.756951744505
8.19871031746032,1.1534023470882,0.830178106102569,2.89272771954219,28.7578838800813
8.19880952380952,1.15335806285518,0.830308348013763,2.89134430288722,28.7588158563205
8.19890873015873,1.15331368178696,0.830438517661251,2.88996154732892,28.7597476732533
8.19900793650794,1.15326920399273,0.830568615057516,2.88857945255881,28.7606793309099
8.19910714285714,1.1532246295817,0.830698640215014,2.88719801826849,28.7616108293206
8.19920634920635,1.1531799586631,0.830828593146171,2.8858172441497,28.762542168516
8.19930555555556,1.15313519134616,0.83095847386339,2.88443712989428,28.7634733485262
8.19940476190476,1.15309032774016,0.831088282379044,2.88305767519419,28.7644043693814
8.19950396825397,1.15304536795435,0.831218018705478,2.8816788797415,28.765335231112
8.19960317460317,1.15300031209805,0.831347682855011,2.88030074322839,28.7662659337482
8.19970238095238,1.15295516028055,0.831477274839935,2.87892326534715,28.76719647732
8.19980158730159,1.15290991261118,0.831606794672513,2.87754644579018,28.7681268618577
8.19990079365079,1.1528645691993,0.831736242364981,2.87617028425002,28.7690570873914
8.2,1.15281913015425,0.83186561792955,2.87479478041928,28.769987153951
8.20009920634921,1.15277359558541,0.8319949213784,2.8734199339907,28.7709170615667
8.20019841269841,1.15272796560218,0.832124152723687,2.87204574465714,28.7718468102684
8.20029761904762,1.15268224031397,0.832253311977535,2.87067221211158,28.7727764000862
8.20039682539683,1.1526364198302,0.832382399152046,2.86929933604709,28.7737058310499
8.20049603174603,1.15259050426032,0.832511414259291,2.86792711615687,28.7746351031894
8.20059523809524,1.15254449371378,0.832640357311315,2.86655555213422,28.7755642165347
8.20069444444444,1.15249838830007,0.832769228320136,2.86518464367255,28.7764931711156
8.20079365079365,1.15245218812868,0.832898027297743,2.8638143904654,28.7774219669619
8.20089285714286,1.15240589330911,0.833026754256099,2.8624447922064,28.7783506041033
8.20099206349206,1.1523595039509,0.833155409207139,2.86107584858931,28.7792790825696
8.20109126984127,1.15231302016359,0.833283992162772,2.859707559308,28.7802074023905
8.20119047619048,1.15226644205673,0.833412503134877,2.85833992405645,28.7811355635957
8.20128968253968,1.15221976973991,0.833540942135308,2.85697294252874,28.7820635662149
8.20138888888889,1.15217300332272,0.83366930917589,2.85560661441909,28.7829914102776
8.20148809523809,1.15212614291477,0.833797604268421,2.8542409394218,28.7839190958134
8.2015873015873,1.15207918862569,0.833925827424673,2.85287591723131,28.7848466228518
8.20168650793651,1.15203214056511,0.834053978656391,2.85151154754213,28.7857739914225
8.20178571428571,1.15198499884271,0.834182057975287,2.85014783004897,28.7867012015548
8.20188492063492,1.15193776356815,0.834310065393052,2.84878476444656,28.7876282532782
8.20198412698413,1.15189043485114,0.834438000921348,2.84742235042978,28.7885551466221
8.20208333333333,1.15184301280138,0.834565864571807,2.84606058769362,28.7894818816159
8.20218253968254,1.1517954975286,0.834693656356037,2.84469947593319,28.790408458289
8.20228174603175,1.15174788914254,0.834821376285618,2.8433390148437,28.7913348766706
8.20238095238095,1.15170018775297,0.8349490243721,2.84197920412048,28.7922611367901
8.20248015873016,1.15165239346965,0.835076600627008,2.84062004345896,28.7931872386767
8.20257936507936,1.1516045064024,0.83520410506184,2.83926153255471,28.7941131823596
8.20267857142857,1.15155652666101,0.835331537688064,2.83790367110338,28.795038967868
8.20277777777778,1.15150845435531,0.835458898517124,2.83654645880075,28.7959645952311
8.20287698412698,1.15146028959515,0.835586187560434,2.83518989534271,28.796890064478
8.20297619047619,1.15141203249039,0.835713404829381,2.83383398042527,28.7978153756377
8.2030753968254,1.15136368315091,0.835840550335327,2.83247871374453,28.7987405287394
8.2031746031746,1.15131524168659,0.835967624089604,2.8311240949967,28.799665523812
8.20327380952381,1.15126670820736,0.836094626103515,2.82977012387817,28.8005903608846
8.20337301587302,1.15121808282314,0.836221556388341,2.82841680008536,28.8015150399861
8.20347222222222,1.15116936564387,0.83634841495533,2.82706412331483,28.8024395611453
8.20357142857143,1.15112055677951,0.836475201815707,2.82571209326326,28.8033639243913
8.20367063492064,1.15107165634005,0.836601916980668,2.82436070962745,28.8042881297529
8.20376984126984,1.15102266443547,0.83672856046138,2.82300997210428,28.8052121772588
8.20386904761905,1.15097358117579,0.836855132268985,2.82165988039078,28.806136066938
8.20396825396825,1.15092440667104,0.836981632414596,2.82031043418407,28.807059798819
8.20406746031746,1.15087514103126,0.8371080609093,2.81896163318138,28.8079833729308
8.20416666666667,1.1508257843665,0.837234417764156,2.81761347708008,28.808906789302
8.20426587301587,1.15077633678686,0.837360702990194,2.81626596557761,28.8098300479612
8.20436507936508,1.15072679840242,0.83748691659842,2.81491909837155,28.810753148937
8.20446428571429,1.1506771693233,0.83761305859981,2.8135728751596,28.8116760922581
8.20456349206349,1.15062744965961,0.837739129005313,2.81222729563954,28.8125988779531
8.2046626984127,1.15057763952152,0.837865127825853,2.81088235950929,28.8135215060504
8.20476190476191,1.15052773901917,0.83799105507232,2.80953806646688,28.8144439765786
8.20486111111111,1.15047774826276,0.838116910755585,2.80819441621046,28.8153662895661
8.20496031746032,1.15042766736246,0.838242694886486,2.80685140843825,28.8162884450413
8.20505952380952,1.1503774964285,0.838368407475837,2.80550904284863,28.8172104430328
8.20515873015873,1.15032723557109,0.838494048534421,2.80416731914007,28.8181322835687
8.20525793650794,1.1502768849005,0.838619618072997,2.80282623701115,28.8190539666776
8.20535714285714,1.15022644452697,0.838745116102296,2.80148579616058,28.8199754923876
8.20545634920635,1.15017591456079,0.838870542633019,2.80014599628716,28.820896860727
8.20555555555556,1.15012529511225,0.838995897675842,2.79880683708982,28.8218180717241
8.20565476190476,1.15007458629167,0.839121181241414,2.79746831826759,28.8227391254071
8.20575396825397,1.15002378820936,0.839246393340355,2.79613043951962,28.8236600218042
8.20585317460317,1.14997290097568,0.839371533983258,2.79479320054518,28.8245807609434
8.20595238095238,1.14992192470099,0.83949660318069,2.79345660104363,28.825501342853
8.20605158730159,1.14987085949567,0.839621600943189,2.79212064071446,28.8264217675609
8.20615079365079,1.1498197054701,0.839746527281268,2.79078531925725,28.8273420350953
8.20625,1.14976846273471,0.839871382205406,2.78945063637174,28.8282621454841
8.20634920634921,1.14971713139993,0.839996165726063,2.78811659175775,28.8291820987553
8.20644841269841,1.14966571157619,0.840120877853667,2.7867831851152,28.8301018949368
8.20654761904762,1.14961420337396,0.84024551859862,2.78545041614414,28.8310215340566
8.20664682539683,1.14956260690371,0.840370087971297,2.78411828454473,28.8319410161425
8.20674603174603,1.14951092227595,0.840494585982043,2.78278679001725,28.8328603412224
8.20684523809524,1.14945914960119,0.840619012641178,2.78145593226207,28.8337795093241
8.20694444444444,1.14940728898995,0.840743367958995,2.78012571097969,28.8346985204754
8.20704365079365,1.14935534055278,0.840867651945759,2.77879612587073,28.835617374704
8.20714285714286,1.14930330440024,0.840991864611705,2.77746717663591,28.8365360720376
8.20724206349206,1.14925118064291,0.841116005967046,2.77613886297605,28.837454612504
8.20734126984127,1.14919896939139,0.841240076021962,2.7748111845921,28.8383729961307
8.20744047619048,1.14914667075629,0.841364074786609,2.77348414118513,28.8392912229454
8.20753968253968,1.14909428484823,0.841488002271116,2.7721577324563,28.8402092929756
8.20763888888889,1.14904181177786,0.841611858485583,2.77083195810687,28.841127206249
8.2077380952381,1.14898925165585,0.84173564344008,2.76950681783829,28.8420449627931
8.2078373015873,1.14893660459288,0.841859357144656,2.76818231135204,28.8429625626352
8.20793650793651,1.14888387069963,0.841982999609328,2.76685843834974,28.8438800058029
8.20803571428571,1.14883105008683,0.842106570844086,2.76553519853312,28.8447972923236
8.20813492063492,1.14877814286519,0.842230070858895,2.76421259160402,28.8457144222247
8.20823412698413,1.14872514914548,0.842353499663691,2.76289061726442,28.8466313955335
8.20833333333333,1.14867206903844,0.842476857268381,2.76156927521637,28.8475482122774
8.20843253968254,1.14861890265487,0.842600143682848,2.76024856516205,28.8484648724837
8.20853174603175,1.14856565010554,0.842723358916945,2.75892848680377,28.8493813761795
8.20863095238095,1.14851231150129,0.8428465029805,2.75760903984393,28.8502977233922
8.20873015873016,1.14845888695293,0.84296957588331,2.75629022398504,28.8512139141489
8.20882936507936,1.14840537657131,0.843092577635148,2.75497203892974,28.8521299484768
8.20892857142857,1.1483517804673,0.843215508245758,2.75365448438078,28.8530458264029
8.20902777777778,1.14829809875177,0.843338367724856,2.75233756004101,28.8539615479545
8.20912698412699,1.14824433153562,0.843461156082136,2.75102126561338,28.8548771131585
8.20922619047619,1.14819047892977,0.843583873327254,2.749705600801,28.8557925220421
8.2093253968254,1.14813654104514,0.843706519469849,2.74839056530706,28.8567077746321
8.2094246031746,1.14808251799268,0.843829094519526,2.74707615883487,28.8576228709555
8.20952380952381,1.14802840988335,0.843951598485867,2.74576238108782,28.8585378110393
8.20962301587302,1.14797421682813,0.844074031378423,2.74444923176947,28.8594525949104
8.20972222222222,1.14791993893802,0.844196393206721,2.74313671058345,28.8603672225957
8.20982142857143,1.14786557632403,0.844318683980257,2.74182481723351,28.8612816941219
8.20992063492064,1.14781112909719,0.844440903708504,2.74051355142354,28.8621960095158
8.21001984126984,1.14775659736855,0.844563052400902,2.73920291285749,28.8631101688043
8.21011904761905,1.14770198124916,0.84468513006687,2.73789290123947,28.8640241720141
8.21021825396825,1.14764728085012,0.844807136715794,2.73658351627369,28.8649380191718
8.21031746031746,1.14759249628251,0.844929072357036,2.73527475766446,28.8658517103041
8.21041666666667,1.14753762765745,0.845050936999929,2.7339666251162,28.8667652454378
8.21051587301587,1.14748267508607,0.845172730653779,2.73265911833347,28.8676786245993
8.21061507936508,1.14742763867952,0.845294453327868,2.73135223702089,28.8685918478152
8.21071428571429,1.14737251854895,0.845416105031442,2.73004598088328,28.8695049151122
8.21081349206349,1.14731731480555,0.845537685773729,2.72874034962548,28.8704178265166
8.2109126984127,1.14726202756052,0.845659195563924,2.7274353429525,28.8713305820549
8.21101190476191,1.14720665692507,0.845780634411196,2.72613096056944,28.8722431817537
8.21111111111111,1.14715120301042,0.845902002324689,2.72482720218151,28.8731556256393
8.21121031746032,1.14709566592783,0.846023299313515,2.72352406749404,28.874067913738
8.21130952380952,1.14704004578856,0.846144525386762,2.72222155621248,28.8749800460763
8.21140873015873,1.14698434270389,0.846265680553491,2.72091966804237,28.8758920226804
8.21150793650794,1.14692855678511,0.846386764822733,2.71961840268939,28.8768038435765
8.21160714285714,1.14687268814354,0.846507778203492,2.7183177598593,28.8777155087911
8.21170634920635,1.14681673689051,0.846628720704748,2.71701773925801,28.8786270183501
8.21180555555556,1.14676070313737,0.84674959233545,2.71571834059151,28.87953837228
8.21190476190476,1.14670458699548,0.84687039310452,2.71441956356592,28.8804495706067
8.21200396825397,1.14664838857622,0.846991123020855,2.71312140788746,28.8813606133563
8.21210317460318,1.14659210799098,0.847111782093323,2.71182387326247,28.8822715005551
8.21220238095238,1.14653574535118,0.847232370330763,2.71052695939742,28.883182232229
8.21230158730159,1.14647930076826,0.847352887741989,2.70923066599887,28.884092808404
8.21240079365079,1.14642277435366,0.847473334335787,2.70793499277349,28.8850032291061
8.2125,1.14636616621883,0.847593710120915,2.70663993942807,28.8859134943613
8.21259920634921,1.14630947647527,0.847714015106104,2.70534550566951,28.8868236041954
8.21269841269841,1.14625270523447,0.84783424930006,2.70405169120482,28.8877335586344
8.21279761904762,1.14619585260795,0.847954412711456,2.70275849574114,28.8886433577041
8.21289682539683,1.14613891870722,0.848074505348943,2.70146591898571,28.8895530014304
8.21299603174603,1.14608190364385,0.848194527221143,2.70017396064587,28.8904624898389
8.21309523809524,1.1460248075294,0.848314478336648,2.69888262042908,28.8913718229555
8.21319444444444,1.14596763047544,0.848434358704027,2.69759189804293,28.892281000806
8.21329365079365,1.14591037259357,0.848554168331818,2.6963017931951,28.8931900234158
8.21339285714286,1.14585303399541,0.848673907228533,2.69501230559339,28.8940988908108
8.21349206349206,1.14579561479259,0.848793575402658,2.69372343494572,28.8950076030166
8.21359126984127,1.14573811509676,0.84891317286265,2.6924351809601,28.8959161600587
8.21369047619048,1.14568053501958,0.849032699616938,2.69114754334469,28.8968245619627
8.21378968253968,1.14562287467272,0.849152155673923,2.68986052180773,28.8977328087541
8.21388888888889,1.1455651341679,0.849271541041983,2.68857411605758,28.8986409004584
8.2139880952381,1.14550731361682,0.849390855729464,2.68728832580273,28.8995488371011
8.2140873015873,1.14544941313121,0.849510099744687,2.68600315075175,28.9004566187076
8.21418650793651,1.14539143282282,0.849629273095944,2.68471859061334,28.9013642453032
8.21428571428571,1.14533337280342,0.849748375791502,2.68343464509632,28.9022717169134
8.21438492063492,1.14527523318478,0.849867407839598,2.68215131390962,28.9031790335635
8.21448412698413,1.14521701407871,0.849986369248443,2.68086859676226,28.9040861952787
8.21458333333333,1.14515871559702,0.850105260026221,2.6795864933634,28.9049932020844
8.21468253968254,1.14510033785154,0.850224080181087,2.67830500342231,28.9059000540058
8.21478174603175,1.14504188095411,0.85034282972117,2.67702412664834,28.9068067510679
8.21488095238095,1.14498334501661,0.850461508654572,2.675743862751,28.9077132932961
8.21498015873016,1.14492473015091,0.850580116989366,2.67446421143988,28.9086196807155
8.21507936507937,1.14486603646891,0.850698654733601,2.67318517242467,28.9095259133511
8.21517857142857,1.14480726408253,0.850817121895291,2.67190674541523,28.910431991228
8.21527777777778,1.1447484131037,0.850935518482431,2.67062893012149,28.9113379143713
8.21537698412699,1.14468948364436,0.851053844502985,2.66935172625348,28.9122436828059
8.21547619047619,1.14463047581648,0.85117209996489,2.66807513352138,28.9131492965569
8.2155753968254,1.14457138973204,0.851290284876054,2.66679915163544,28.914054755649
8.2156746031746,1.14451222550304,0.851408399244361,2.66552378030607,28.9149600601074
8.21577380952381,1.1444529832415,0.851526443077665,2.66424901924375,28.9158652099567
8.21587301587302,1.14439366305944,0.851644416383794,2.66297486815909,28.916770205222
8.21597222222222,1.14433426506892,0.851762319170547,2.66170132676283,28.9176750459278
8.21607142857143,1.144274789382,0.851880151445697,2.66042839476579,28.9185797320992
8.21617063492064,1.14421523611075,0.85199791321699,2.65915607187892,28.9194842637607
8.21626984126984,1.14415560536729,0.852115604492142,2.65788435781328,28.920388640937
8.21636904761905,1.14409589726372,0.852233225278845,2.65661325228005,28.921292863653
8.21646825396825,1.14403611191217,0.852350775584762,2.6553427549905,28.9221969319331
8.21656746031746,1.1439762494248,0.85246825541753,2.65407286565602,28.923100845802
8.21666666666667,1.14391630991377,0.852585664784753,2.65280358398815,28.9240046052843
8.21676587301587,1.14385629349125,0.852703003694015,2.65153490969849,28.9249082104045
8.21686507936508,1.14379620026946,0.85282027215287,2.65026684249879,28.9258116611872
8.21696428571429,1.1437360303606,0.852937470168842,2.64899938210088,28.9267149576568
8.21706349206349,1.14367578387691,0.853054597749431,2.64773252821672,28.9276180998377
8.2171626984127,1.14361546093063,0.853171654902108,2.64646628055839,28.9285210877544
8.21726190476191,1.14355506163404,0.853288641634318,2.64520063883807,28.9294239214312
8.21736111111111,1.1434945860994,0.853405557953476,2.64393560276805,28.9303266008925
8.21746031746032,1.14343403443903,0.853522403866973,2.64267117206075,28.9312291261626
8.21755952380952,1.14337340676523,0.853639179382169,2.64140734642868,28.9321314972658
8.21765873015873,1.14331270319034,0.853755884506399,2.64014412558447,28.9330337142263
8.21775793650794,1.14325192382671,0.853872519246971,2.63888150924088,28.9339357770684
8.21785714285714,1.14319106878669,0.853989083611164,2.63761949711075,28.9348376858162
8.21795634920635,1.14313013818269,0.85410557760623,2.63635808890707,28.9357394404939
8.21805555555556,1.14306913212708,0.854222001239396,2.63509728434289,28.9366410411256
8.21815476190476,1.1430080507323,0.854338354517856,2.63383708313144,28.9375424877354
8.21825396825397,1.14294689411077,0.854454637448781,2.63257748498602,28.9384437803473
8.21835317460318,1.14288566237493,0.854570850039315,2.63131848962004,28.9393449189854
8.21845238095238,1.14282435563727,0.854686992296573,2.63006009674703,28.9402459036736
8.21855158730159,1.14276297401025,0.854803064227643,2.62880230608065,28.9411467344359
8.21865079365079,1.14270151760638,0.854919065839585,2.62754511733464,28.9420474112962
8.21875,1.14263998653817,0.855034997139433,2.62628853022287,28.9429479342784
8.21884920634921,1.14257838091815,0.855150858134192,2.62503254445934,28.9438483034064
8.21894841269841,1.14251670085888,0.85526664883084,2.62377715975812,28.944748518704
8.21904761904762,1.14245494647292,0.85538236923633,2.62252237583343,28.9456485801949
8.21914682539682,1.14239311787286,0.855498019357584,2.62126819239959,28.946548487903
8.21924603174603,1.14233121517128,0.855613599201499,2.62001460917102,28.9474482418519
8.21934523809524,1.14226923848081,0.855729108774943,2.61876162586227,28.9483478420654
8.21944444444444,1.14220718791409,0.855844548084759,2.617509242188,28.9492472885671
8.21954365079365,1.14214506358375,0.855959917137761,2.61625745786295,28.9501465813807
8.21964285714286,1.14208286560247,0.856075215940734,2.61500627260204,28.9510457205296
8.21974206349206,1.14202059408292,0.856190444500438,2.61375568612025,28.9519447060376
8.21984126984127,1.14195824913782,0.856305602823605,2.61250569813268,28.9528435379281
8.21994047619048,1.14189583087986,0.85642069091694,2.61125630835455,28.9537422162246
8.22003968253968,1.1418333394218,0.85653570878712,2.61000751650119,28.9546407409506
8.22013888888889,1.14177077487637,0.856650656440795,2.60875932228804,28.9555391121295
8.22023809523809,1.14170813735634,0.856765533884587,2.60751172543066,28.9564373297847
8.2203373015873,1.1416454269745,0.856880341125091,2.60626472564471,28.9573353939396
8.22043650793651,1.14158264384365,0.856995078168875,2.60501832264597,28.9582333046174
8.22053571428571,1.14151978807659,0.857109745022478,2.60377251615034,28.9591310618416
8.22063492063492,1.14145685978617,0.857224341692415,2.60252730587381,28.9600286656354
8.22073412698413,1.14139385908523,0.85733886818517,2.60128269153251,28.960926116022
8.22083333333333,1.14133078608665,0.857453324507202,2.60003867284267,28.9618234130246
8.22093253968254,1.14126764090329,0.857567710664941,2.59879524952062,28.9627205566664
8.22103174603175,1.14120442364807,0.857682026664792,2.5975524212828,28.9636175469705
8.22113095238095,1.1411411344339,0.857796272513128,2.59631018784581,28.96451438396
8.22123015873016,1.14107777337371,0.857910448216299,2.59506854892631,28.965411067658
8.22132936507936,1.14101434058045,0.858024553780626,2.5938275042411,28.9663075980876
8.22142857142857,1.14095083616709,0.858138589212403,2.59258705350708,28.9672039752717
8.22152777777778,1.14088726024662,0.858252554517897,2.59134719644126,28.9681001992333
8.22162698412698,1.14082361293202,0.858366449703345,2.59010793276077,28.9689962699953
8.22172619047619,1.14075989433633,0.858480274774961,2.58886926218285,28.9698921875807
8.2218253968254,1.14069610457257,0.858594029738928,2.58763118442486,28.9707879520124
8.2219246031746,1.14063224375379,0.858707714601403,2.58639369920425,28.9716835633131
8.22202380952381,1.14056831199306,0.858821329368516,2.58515680623861,28.9725790215057
8.22212301587301,1.14050430940346,0.858934874046368,2.58392050524562,28.9734743266129
8.22222222222222,1.14044023609809,0.859048348641034,2.58268479594309,28.9743694786576
8.22232142857143,1.14037609219008,0.859161753158562,2.58144967804894,28.9752644776624
8.22242063492063,1.14031187779254,0.859275087604972,2.58021515128118,28.97615932365
8.22251984126984,1.14024759301864,0.859388351986257,2.57898121535795,28.977054016643
8.22261904761905,1.14018323798154,0.85950154630838,2.57774786999752,28.9779485566641
8.22271825396825,1.14011881279442,0.85961467057728,2.57651511491825,28.9788429437358
8.22281746031746,1.14005431757049,0.859727724798868,2.5752829498386,28.9797371778807
8.22291666666667,1.13998975242296,0.859840708979025,2.57405137447718,28.9806312591213
8.22301587301587,1.13992511746506,0.859953623123609,2.57282038855267,28.98152518748
8.22311507936508,1.13986041281005,0.860066467238447,2.5715899917839,28.9824189629795
8.22321428571429,1.13979563857119,0.86017924132934,2.57036018388979,28.9833125856419
8.22331349206349,1.13973079486177,0.860291945402061,2.56913096458938,28.9842060554898
8.2234126984127,1.13966588179508,0.860404579462357,2.56790233360182,28.9850993725455
8.2235119047619,1.13960089948445,0.860517143515947,2.56667429064637,28.9859925368312
8.22361111111111,1.1395358480432,0.860629637568521,2.5654468354424,28.9868855483694
8.22371031746032,1.13947072758469,0.860742061625743,2.56421996770941,28.9877784071822
8.22380952380952,1.13940553822229,0.86085441569325,2.562993687167,28.9886711132919
8.22390873015873,1.13934028006938,0.860966699776651,2.56176799353487,28.9895636667206
8.22400793650794,1.13927495323936,0.86107891388153,2.56054288653284,28.9904560674906
8.22410714285714,1.13920955784564,0.861191058013438,2.55931836588087,28.9913483156238
8.22420634920635,1.13914409400167,0.861303132177902,2.55809443129901,28.9922404111425
8.22430555555556,1.13907856182089,0.861415136380424,2.5568710825074,28.9931323540687
8.22440476190476,1.13901296141677,0.861527070626474,2.55564831922633,28.9940241444243
8.22450396825397,1.1389472929028,0.861638934921499,2.55442614117618,28.9949157822315
8.22460317460317,1.13888155639247,0.861750729270914,2.55320454807746,28.9958072675121
8.22470238095238,1.1388157519993,0.861862453680111,2.55198353965076,28.9966986002881
8.22480158730159,1.13874987983683,0.861974108154452,2.55076311561683,28.9975897805814
8.22490079365079,1.13868394001861,0.862085692699273,2.54954327569648,28.9984808084138
8.225,1.1386179326582,0.86219720731988,2.54832401961068,28.9993716838072
8.22509920634921,1.13855185786919,0.862308652021555,2.54710534708048,29.0002624067833
8.22519841269841,1.13848571576518,0.862420026809551,2.54588725782705,29.001152977364
8.22529761904762,1.1384195064598,0.862531331689094,2.54466975157169,29.0020433955709
8.22539682539682,1.13835323006666,0.862642566665382,2.54345282803579,29.0029336614257
8.22549603174603,1.13828688669943,0.862753731743587,2.54223648694084,29.0038237749502
8.22559523809524,1.13822047647177,0.862864826928849,2.5410207280085,29.0047137361659
8.22569444444444,1.13815399949737,0.862975852226288,2.53980555096048,29.0056035450945
8.22579365079365,1.13808745588992,0.863086807640991,2.53859095551865,29.0064932017575
8.22589285714286,1.13802084576316,0.86319769317802,2.53737694140495,29.0073827061764
8.22599206349206,1.1379541692308,0.863308508842409,2.53616350834145,29.0082720583728
8.22609126984127,1.1378874264066,0.863419254639165,2.53495065605036,29.0091612583681
8.22619047619048,1.13782061740434,0.863529930573266,2.53373838425395,29.0100503061838
8.22628968253968,1.13775374233779,0.863640536649666,2.53252669267464,29.0109392018412
8.22638888888889,1.13768680132075,0.863751072873287,2.53131558103495,29.0118279453618
8.22648809523809,1.13761979446705,0.863861539249028,2.53010504905751,29.0127165367668
8.2265873015873,1.13755272189052,0.863971935781758,2.52889509646508,29.0136049760776
8.22668650793651,1.13748558370501,0.864082262476319,2.52768572298051,29.0144932633154
8.22678571428571,1.13741838002439,0.864192519337527,2.52647692832677,29.0153813985015
8.22688492063492,1.13735111096254,0.864302706370169,2.52526871222695,29.0162693816572
8.22698412698413,1.13728377663336,0.864412823579007,2.52406107440422,29.0171572128035
8.22708333333333,1.13721637715078,0.86452287096877,2.52285401458193,29.0180448919615
8.22718253968254,1.13714891262873,0.864632848544165,2.52164753248349,29.0189324191526
8.22728174603175,1.13708138318116,0.864742756309871,2.52044162783241,29.0198197943976
8.22738095238095,1.13701378892204,0.864852594270538,2.51923630035236,29.0207070177176
8.22748015873016,1.13694612996535,0.864962362430789,2.51803154976708,29.0215940891337
8.22757936507936,1.13687840642509,0.86507206079522,2.51682737580046,29.0224810086668
8.22767857142857,1.1368106184153,0.8651816893684,2.51562377817646,29.0233677763379
8.22777777777778,1.13674276604999,0.86529124815487,2.51442075661919,29.0242543921679
8.22787698412698,1.13667484944322,0.865400737159143,2.51321831085286,29.0251408561777
8.22797619047619,1.13660686870906,0.865510156385706,2.51201644060177,29.026027168388
8.2280753968254,1.13653882396159,0.865619505839018,2.51081514559038,29.0269133288198
8.2281746031746,1.13647071531493,0.86572878552351,2.50961442554321,29.0277993374938
8.22827380952381,1.13640254288318,0.865837995443586,2.50841428018493,29.0286851944308
8.22837301587301,1.13633430678048,0.865947135603624,2.50721470924031,29.0295708996514
8.22847222222222,1.13626600712098,0.866056206007974,2.50601571243421,29.0304564531764
8.22857142857143,1.13619764401885,0.866165206660955,2.50481728949166,29.0313418550264
8.22867063492064,1.13612921758829,0.866274137566864,2.50361944013774,29.0322271052221
8.22876984126984,1.13606072794348,0.866382998729966,2.50242216409769,29.0331122037839
8.22886904761905,1.13599217519865,0.866491790154504,2.50122546109682,29.0339971507325
8.22896825396825,1.13592355946803,0.866600511844688,2.50002933086059,29.0348819460884
8.22906746031746,1.13585488086588,0.866709163804705,2.49883377311454,29.0357665898721
8.22916666666667,1.13578613950647,0.866817746038711,2.49763878758435,29.0366510821041
8.22926587301587,1.13571733550407,0.866926258550836,2.4964443739958,29.0375354228047
8.22936507936508,1.135648468973,0.867034701345185,2.49525053207477,29.0384196119943
8.22946428571429,1.13557954002758,0.867143074425833,2.49405726154729,29.0393036496933
8.22956349206349,1.13551054878213,0.867251377796827,2.49286456213945,29.0401875359221
8.2296626984127,1.13544149535101,0.867359611462188,2.4916724335775,29.0410712707008
8.2297619047619,1.13537237984859,0.86746777542591,2.49048087558778,29.0419548540499
8.22986111111111,1.13530320238925,0.867575869691959,2.48928988789673,29.0428382859894
8.22996031746032,1.1352339630874,0.867683894264275,2.48809947023092,29.0437215665397
8.23005952380952,1.13516466205746,0.867791849146766,2.48690962231706,29.0446046957208
8.23015873015873,1.13509529941387,0.867899734343318,2.48572034388191,29.0454876735529
8.23025793650794,1.13502587527107,0.868007549857786,2.48453163465239,29.0463705000561
8.23035714285714,1.13495638974353,0.868115295694001,2.48334349435551,29.0472531752504
8.23045634920635,1.13488684294575,0.868222971855763,2.4821559227184,29.0481356991559
8.23055555555556,1.13481723499222,0.868330578346847,2.4809689194683,29.0490180717925
8.23065476190476,1.13474756599746,0.868438115171,2.47978248433257,29.0499002931803
8.23075396825397,1.13467783607601,0.868545582331942,2.47859661703867,29.0507823633392
8.23085317460317,1.13460804534242,0.868652979833364,2.47741131731418,29.051664282289
8.23095238095238,1.13453819391127,0.868760307678932,2.47622658488679,29.0525460500497
8.23105158730159,1.13446828189713,0.868867565872282,2.47504241948431,29.053427666641
8.23115079365079,1.13439830941462,0.868974754417025,2.47385882083465,29.0543091320828
8.23125,1.13432827657834,0.869081873316743,2.47267578866584,29.0551904463949
8.23134920634921,1.13425818350294,0.869188922574992,2.47149332270602,29.0560716095969
8.23144841269841,1.13418803030307,0.869295902195301,2.47031142268342,29.0569526217086
8.23154761904762,1.1341178170934,0.869402812181167,2.46913008832645,29.0578334827496
8.23164682539683,1.13404754398862,0.869509652536065,2.46794931936356,29.0587141927396
8.23174603174603,1.13397721110342,0.869616423263441,2.46676911552336,29.0595947516982
8.23184523809524,1.13390681855254,0.869723124366713,2.46558947653452,29.0604751596449
8.23194444444444,1.1338363664507,0.869829755849271,2.46441040212588,29.0613554165994
8.23204365079365,1.13376585491265,0.869936317714479,2.46323189202637,29.062235522581
8.23214285714286,1.13369528405318,0.870042809965674,2.46205394596501,29.0631154776094
8.23224206349206,1.13362465398706,0.870149232606164,2.46087656367096,29.0639952817038
8.23234126984127,1.13355396482909,0.870255585639231,2.45969974487348,29.0648749348838
8.23244047619048,1.13348321669411,0.870361869068128,2.45852348930196,29.0657544371687
8.23253968253968,1.13341240969694,0.870468082896083,2.45734779668589,29.0666337885779
8.23263888888889,1.13334154395244,0.870574227126293,2.45617266675485,29.0675129891306
8.23273809523809,1.13327061957548,0.870680301761932,2.45499809923857,29.0683920388461
8.2328373015873,1.13319963668094,0.870786306806143,2.45382409386687,29.0692709377438
8.23293650793651,1.13312859538373,0.870892242262046,2.45265065036968,29.0701496858427
8.23303571428571,1.13305749579876,0.870998108132726,2.45147776847707,29.0710282831621
8.23313492063492,1.13298633804099,0.871103904421247,2.45030544791921,29.0719067297211
8.23323412698413,1.13291512222535,0.871209631130646,2.44913368842635,29.0727850255389
8.23333333333333,1.13284384846682,0.871315288263928,2.44796248972889,29.0736631706345
8.23343253968254,1.13277251688039,0.871420875824074,2.44679185155733,29.0745411650269
8.23353174603175,1.13270112758105,0.871526393814037,2.44562177364228,29.0754190087352
8.23363095238095,1.13262968068384,0.871631842236742,2.44445225571447,29.0762967017784
8.23373015873016,1.13255817630379,0.871737221095087,2.44328329750473,29.0771742441755
8.23382936507936,1.13248661455594,0.871842530391943,2.44211489874402,29.0780516359452
8.23392857142857,1.13241499555538,0.871947770130153,2.44094705916339,29.0789288771066
8.23402777777778,1.13234331941718,0.872052940312532,2.43977977849403,29.0798059676784
8.23412698412698,1.13227158625646,0.87215804094187,2.43861305646721,29.0806829076796
8.23422619047619,1.13219979618833,0.872263072020927,2.43744689281435,29.0815596971288
8.2343253968254,1.13212794932793,0.872368033552436,2.43628128726694,29.0824363360449
8.2344246031746,1.13205604579041,0.872472925539106,2.4351162395566,29.0833128244465
8.23452380952381,1.13198408569095,0.872577747983613,2.43395174941509,29.0841891623524
8.23462301587302,1.13191206914473,0.872682500888609,2.43278781657425,29.0850653497811
8.23472222222222,1.13183999626695,0.872787184256718,2.43162444076605,29.0859413867514
8.23482142857143,1.13176786717285,0.872891798090538,2.43046162172255,29.0868172732819
8.23492063492064,1.13169568197764,0.872996342392637,2.42929935917593,29.087693009391
8.23501984126984,1.1316234407966,0.873100817165558,2.42813765285851,29.0885685950973
8.23511904761905,1.13155114374498,0.873205222411815,2.42697650250268,29.0894440304193
8.23521825396825,1.13147879093808,0.873309558133896,2.42581590784098,29.0903193153754
8.23531746031746,1.1314063824912,0.873413824334259,2.42465586860604,29.0911944499842
8.23541666666667,1.13133391851966,0.873518021015338,2.42349638453059,29.0920694342639
8.23551587301587,1.1312613991388,0.873622148179538,2.42233745534752,29.092944268233
8.23561507936508,1.13118882446397,0.873726205829235,2.42117908078978,29.0938189519097
8.23571428571429,1.13111619461055,0.873830193966781,2.42002126059047,29.0946934853124
8.23581349206349,1.13104350969392,0.873934112594498,2.41886399448277,29.0955678684593
8.2359126984127,1.13097076982948,0.874037961714684,2.41770728219999,29.0964421013688
8.23601190476191,1.13089797513267,0.874141741329603,2.41655112347558,29.0973161840588
8.23611111111111,1.13082512571891,0.874245451441497,2.41539551804306,29.0981901165477
8.23621031746032,1.13075222170365,0.874349092052581,2.41424046563607,29.0990638988536
8.23630952380952,1.13067926320238,0.874452663165039,2.41308596598837,29.0999375309945
8.23640873015873,1.13060625033058,0.87455616478103,2.41193201883384,29.1008110129886
8.23650793650794,1.13053318320375,0.874659596902686,2.41077862390645,29.1016843448538
8.23660714285714,1.13046006193742,0.874762959532111,2.40962578094031,29.1025575266082
8.23670634920635,1.13038688664712,0.87486625267138,2.40847348966962,29.1034305582697
8.23680555555556,1.1303136574484,0.874969476322543,2.40732174982871,29.1043034398563
8.23690476190476,1.13024037445685,0.875072630487621,2.40617056115201,29.1051761713859
8.23700396825397,1.13016703778804,0.875175715168609,2.40501992337405,29.1060487528764
8.23710317460317,1.13009364755758,0.875278730367473,2.40386983622952,29.1069211843455
8.23720238095238,1.13002020388109,0.875381676086153,2.40272029945316,29.1077934658111
8.23730158730159,1.12994670687422,0.875484552326561,2.40157131277987,29.108665597291
8.23740079365079,1.12987315665261,0.875587359090584,2.40042287594462,29.109537578803
8.2375,1.12979955333194,0.875690096380074,2.39927498868256,29.1104094103646
8.23759920634921,1.12972589702789,0.875792764196865,2.39812765072889,29.1112810919936
8.23769841269841,1.12965218785618,0.875895362542758,2.39698086181894,29.1121526237077
8.23779761904762,1.12957842593251,0.875997891419529,2.39583462168815,29.1130240055244
8.23789682539683,1.12950461137264,0.876100350828925,2.39468893007209,29.1138952374614
8.23799603174603,1.12943074429231,0.876202740772667,2.39354378670642,29.1147663195361
8.23809523809524,1.1293568248073,0.876305061252448,2.39239919132692,29.1156372517661
8.23819444444444,1.1292828530334,0.876407312269933,2.39125514366949,29.1165080341689
8.23829365079365,1.1292088290864,0.876509493826761,2.39011164347014,29.1173786667618
8.23839285714286,1.12913475308214,0.876611605924542,2.38896869046499,29.1182491495624
8.23849206349206,1.12906062513645,0.87671364856486,2.38782628439026,29.119119482588
8.23859126984127,1.12898644536519,0.876815621749271,2.3866844249823,29.119989665856
8.23869047619048,1.12891221388422,0.876917525479304,2.38554311197756,29.1208596993836
8.23878968253968,1.12883793080944,0.87701935975646,2.38440234511262,29.1217295831882
8.23888888888889,1.12876359625675,0.877121124582213,2.38326212412414,29.122599317287
8.2389880952381,1.12868921034208,0.877222819958009,2.38212244874895,29.1234689016972
8.2390873015873,1.12861477318136,0.877324445885268,2.38098331872393,29.124338336436
8.23918650793651,1.12854028489055,0.87742600236538,2.3798447337861,29.1252076215206
8.23928571428571,1.12846574558562,0.877527489399712,2.3787066936726,29.1260767569681
8.23938492063492,1.12839115538255,0.877628906989599,2.37756919812066,29.1269457427955
8.23948412698413,1.12831651439737,0.877730255136351,2.37643224686764,29.1278145790199
8.23958333333333,1.12824182274607,0.87783153384125,2.37529583965101,29.1286832656584
8.23968253968254,1.12816708054472,0.877932743105552,2.37415997620835,29.1295518027279
8.23978174603175,1.12809228790935,0.878033882930484,2.37302465627736,29.1304201902454
8.23988095238095,1.12801744495605,0.878134953317245,2.37188987959582,29.1312884282278
8.23998015873016,1.1279425518009,0.878235954267009,2.37075564590167,29.132156516692
8.24007936507936,1.12786760856001,0.878336885780921,2.36962195493293,29.1330244556549
8.24017857142857,1.1277926153495,0.878437747860098,2.36848880642775,29.1338922451332
8.24027777777778,1.12771757228551,0.878538540505631,2.36735620012437,29.1347598851438
8.24037698412699,1.1276424794842,0.878639263718585,2.36622413576115,29.1356273757035
8.24047619047619,1.12756733706173,0.878739917499992,2.3650926130766,29.1364947168289
8.2405753968254,1.1274921451343,0.878840501850863,2.3639616318093,29.1373619085368
8.2406746031746,1.12741690381811,0.878941016772179,2.36283119169795,29.1382289508438
8.24077380952381,1.12734161322939,0.879041462264892,2.36170129248135,29.1390958437666
8.24087301587302,1.12726627348437,0.879141838329929,2.36057193389846,29.1399625873217
8.24097222222222,1.12719088469932,0.879242144968189,2.35944311568829,29.1408291815257
8.24107142857143,1.12711544699049,0.879342382180544,2.35831483759001,29.1416956263951
8.24117063492064,1.12703996047419,0.879442549967837,2.35718709934289,29.1425619219465
8.24126984126984,1.12696442526672,0.879542648330885,2.35605990068629,29.1434280681963
8.24136904761905,1.1268888414844,0.879642677270477,2.35493324135972,29.1442940651609
8.24146825396825,1.12681320924357,0.879742636787376,2.35380712110277,29.1451599128568
8.24156746031746,1.12673752866058,0.879842526882315,2.35268153965515,29.1460256113003
8.24166666666667,1.12666179985182,0.879942347556002,2.35155649675671,29.1468911605077
8.24176587301587,1.12658602293366,0.880042098809117,2.35043199214736,29.1477565604953
8.24186507936508,1.12651019802252,0.880141780642313,2.34930802556716,29.1486218112795
8.24196428571429,1.12643432523482,0.880241393056213,2.3481845967563,29.1494869128764
8.24206349206349,1.126358404687,0.880340936051415,2.34706170545504,29.1503518653023
8.2421626984127,1.12628243649551,0.880440409628489,2.34593935140376,29.1512166685733
8.24226190476191,1.12620642077683,0.880539813787979,2.34481753434298,29.1520813227055
8.24236111111111,1.12613035764745,0.8806391485304,2.3436962540133,29.1529458277152
8.24246031746032,1.12605424722387,0.88073841385624,2.34257551015544,29.1538101836182
8.24255952380952,1.12597808962262,0.880837609765959,2.34145530251026,29.1546743904308
8.24265873015873,1.12590188496023,0.880936736259991,2.3403356308187,29.1555384481688
8.24275793650794,1.12582563335326,0.881035793338742,2.33921649482182,29.1564023568483
8.24285714285714,1.1257493349183,0.88113478100259,2.3380978942608,29.1572661164852
8.24295634920635,1.12567298977191,0.881233699251886,2.33697982887693,29.1581297270955
8.24305555555556,1.12559659803072,0.881332548086954,2.33586229841161,29.1589931886949
8.24315476190476,1.12552015981135,0.88143132750809,2.33474530260635,29.1598565012994
8.24325396825397,1.12544367523043,0.881530037515563,2.33362884120278,29.1607196649247
8.24335317460318,1.12536714440463,0.881628678109617,2.33251291394261,29.1615826795867
8.24345238095238,1.12529056745061,0.881727249290462,2.33139752056774,29.162445545301
8.24355158730159,1.12521394448507,0.881825751058288,2.3302826608201,29.1633082620834
8.24365079365079,1.12513727562471,0.881924183413252,2.32916833444178,29.1641708299496
8.24375,1.12506056098625,0.882022546355487,2.32805454117495,29.1650332489152
8.24384920634921,1.12498380068644,0.882120839885098,2.32694128076192,29.1658955189958
8.24394841269841,1.12490699484204,0.882219064002162,2.32582855294511,29.1667576402071
8.24404761904762,1.12483014356981,0.88231721870673,2.32471635746703,29.1676196125645
8.24414682539683,1.12475324698655,0.882415303998822,2.32360469407032,29.1684814360836
8.24424603174603,1.12467630520907,0.882513319878435,2.32249356249774,29.1693431107799
8.24434523809524,1.12459931835418,0.882611266345536,2.32138296249213,29.1702046366688
8.24444444444444,1.12452228653873,0.882709143400066,2.32027289379649,29.1710660137657
8.24454365079365,1.12444520987958,0.882806951041937,2.31916335615388,29.1719272420861
8.24464285714286,1.12436808849359,0.882904689271035,2.31805434930752,29.1727883216452
8.24474206349206,1.12429092249766,0.883002358087219,2.31694587300071,29.1736492524585
8.24484126984127,1.1242137120087,0.883099957490319,2.31583792697686,29.1745100345411
8.24494047619048,1.12413645714364,0.883197487480137,2.31473051097954,29.1753706679084
8.24503968253968,1.1240591580194,0.883294948056451,2.31362362475237,29.1762311525756
8.24513888888889,1.12398181475295,0.883392339219009,2.31251726803913,29.1770914885578
8.2452380952381,1.12390442746126,0.883489660967532,2.31141144058368,29.1779516758702
8.2453373015873,1.12382699626133,0.883586913301714,2.31030614213001,29.178811714528
8.24543650793651,1.12374952127015,0.883684096221221,2.30920137242221,29.1796716045462
8.24553571428571,1.12367200260476,0.883781209725693,2.30809713120451,29.1805313459399
8.24563492063492,1.1235944403822,0.883878253814741,2.3069934182212,29.1813909387241
8.24573412698413,1.12351683471951,0.88397522848795,2.30589023321675,29.1822503829139
8.24583333333333,1.12343918573379,0.884072133744876,2.30478757593568,29.1831096785241
8.24593253968254,1.12336149354211,0.884168969585049,2.30368544612266,29.1839688255697
8.24603174603175,1.12328375826158,0.884265736007971,2.30258384352246,29.1848278240656
8.24613095238095,1.12320598000934,0.884362433013117,2.30148276787997,29.1856866740267
8.24623015873016,1.12312815890251,0.884459060599935,2.30038221894018,29.1865453754678
8.24632936507937,1.12305029505826,0.884555618767845,2.29928219644819,29.1874039284037
8.24642857142857,1.12297238859377,0.884652107516237,2.29818270014924,29.1882623328492
8.24652777777778,1.12289443962621,0.884748526844479,2.29708372978866,29.1891205888189
8.24662698412699,1.12281644827281,0.884844876751908,2.29598528511189,29.1899786963276
8.24672619047619,1.12273841465078,0.884941157237834,2.2948873658645,29.19083665539
8.2468253968254,1.12266033887737,0.88503736830154,2.29378997179214,29.1916944660207
8.2469246031746,1.12258222106983,0.885133509942283,2.29269310264061,29.1925521282342
8.24702380952381,1.12250406134544,0.88522958215929,2.2915967581558,29.1934096420452
8.24712301587302,1.12242585982149,0.885325584951762,2.29050093808372,29.1942670074683
8.24722222222222,1.12234761661529,0.885421518318873,2.28940564217049,29.1951242245178
8.24732142857143,1.12226933184416,0.885517382259769,2.28831087016234,29.1959812932083
8.24742063492064,1.12219100562544,0.885613176773569,2.28721662180561,29.1968382135542
8.24751984126984,1.1221126380765,0.885708901859364,2.28612289684677,29.19769498557
8.24761904761905,1.1220342293147,0.885804557516218,2.28502969503239,29.1985516092699
8.24771825396825,1.12195577945743,0.885900143743168,2.28393701610913,29.1994080846684
8.24781746031746,1.12187728862212,0.885995660539224,2.2828448598238,29.2002644117797
8.24791666666667,1.12179875692617,0.886091107903365,2.28175322592332,29.2011205906181
8.24801587301587,1.12172018448703,0.886186485834547,2.28066211415469,29.2019766211979
8.24811507936508,1.12164157142217,0.886281794331698,2.27957152426505,29.2028325035332
8.24821428571429,1.12156291784905,0.886377033393716,2.27848145600165,29.2036882376383
8.24831349206349,1.12148422388516,0.886472203019474,2.27739190911183,29.2045438235273
8.2484126984127,1.12140548964802,0.886567303207818,2.27630288334308,29.2053992612142
8.24851190476191,1.12132671525515,0.886662333957564,2.27521437844296,29.2062545507133
8.24861111111111,1.12124790082409,0.886757295267503,2.27412639415917,29.2071096920384
8.24871031746032,1.1211690464724,0.886852187136397,2.27303893023952,29.2079646852037
8.24880952380952,1.12109015231765,0.886947009562982,2.27195198643193,29.2088195302231
8.24890873015873,1.12101121847744,0.887041762545965,2.27086556248443,29.2096742271106
8.24900793650794,1.12093224506938,0.887136446084028,2.26977965814516,29.21052877588
8.24910714285714,1.12085323221108,0.887231060175823,2.26869427316237,29.2113831765453
8.24920634920635,1.1207741800202,0.887325604819977,2.26760940728444,29.2122374291204
8.24930555555556,1.12069508861438,0.887420080015088,2.26652506025983,29.2130915336189
8.24940476190476,1.12061595811132,0.887514485759726,2.26544123183716,29.2139454900548
8.24950396825397,1.12053678862868,0.887608822052436,2.26435792176512,29.2147992984417
8.24960317460318,1.1204575802842,0.887703088891733,2.26327512979252,29.2156529587934
8.24970238095238,1.12037833319559,0.887797286276106,2.26219285566831,29.2165064711236
8.24980158730159,1.12029904748059,0.887891414204018,2.26111109914152,29.2173598354459
8.24990079365079,1.12021972325696,0.887985472673901,2.2600298599613,29.2182130517739
8.25,1.12014036064248,0.888079461684164,2.25894913787693,29.2190661201213
8.25009920634921,1.12006095975494,0.888173381233185,2.25786893263777,29.2199190405015
8.25019841269841,1.11998152071214,0.888267231319316,2.25678924399333,29.2207718129282
8.25029761904762,1.11990204363192,0.888361011940882,2.25571007169321,29.2216244374147
8.25039682539682,1.11982252863212,0.888454723096179,2.25463141548712,29.2224769139746
8.25049603174603,1.11974297583059,0.888548364783479,2.25355327512489,29.2233292426213
8.25059523809524,1.11966338534522,0.888641937001022,2.25247565035646,29.2241814233682
8.25069444444444,1.11958375729388,0.888735439747025,2.25139854093189,29.2250334562286
8.25079365079365,1.1195040917945,0.888828873019675,2.25032194660132,29.2258853412158
8.25089285714286,1.11942438896499,0.888922236817131,2.24924586711507,29.2267370783432
8.25099206349206,1.11934464892331,0.889015531137528,2.24817030222351,29.227588667624
8.25109126984127,1.1192648717874,0.889108755978969,2.24709525167714,29.2284401090715
8.25119047619048,1.11918505767525,0.889201911339535,2.24602071522658,29.2292914026988
8.25128968253968,1.11910520670485,0.889294997217274,2.24494669262256,29.2301425485191
8.25138888888889,1.1190253189942,0.889388013610211,2.24387318361592,29.2309935465455
8.25148809523809,1.11894539466133,0.889480960516341,2.2428001879576,29.2318443967911
8.2515873015873,1.11886543382429,0.889573837933633,2.24172770539868,29.2326950992691
8.25168650793651,1.11878543660114,0.889666645860029,2.24065573569032,29.2335456539923
8.25178571428571,1.11870540310994,0.889759384293441,2.23958427858383,29.2343960609739
8.25188492063492,1.1186253334688,0.889852053231757,2.2385133338306,29.2352463202268
8.25198412698413,1.11854522779582,0.889944652672835,2.23744290118215,29.2360964317639
8.25208333333333,1.11846508620912,0.890037182614507,2.23637298039009,29.2369463955981
8.25218253968254,1.11838490882686,0.890129643054578,2.23530357120618,29.2377962117423
8.25228174603175,1.11830469576719,0.890222033990824,2.23423467338225,29.2386458802094
8.25238095238095,1.11822444714829,0.890314355420994,2.2331662866703,29.239495401012
8.25248015873016,1.11814416308834,0.890406607342811,2.23209841082237,29.2403447741631
8.25257936507936,1.11806384370556,0.890498789753969,2.23103104559067,29.2411939996753
8.25267857142857,1.11798348911818,0.890590902652136,2.22996419072749,29.2420430775614
8.25277777777778,1.11790309944444,0.890682946034951,2.22889784598524,29.242892007834
8.25287698412698,1.1178226748026,0.890774919900027,2.22783201111646,29.2437407905058
8.25297619047619,1.11774221531093,0.89086682424495,2.22676668587377,29.2445894255893
8.2530753968254,1.11766172108772,0.890958659067277,2.22570187000994,29.2454379130971
8.2531746031746,1.1175811922513,0.891050424364538,2.22463756327782,29.2462862530419
8.25327380952381,1.11750062891998,0.891142120134236,2.22357376543039,29.247134445436
8.25337301587301,1.1174200312121,0.891233746373848,2.22251047622073,29.247982490292
8.25347222222222,1.11733939924603,0.891325303080821,2.22144769540205,29.2488303876223
8.25357142857143,1.11725873314014,0.891416790252575,2.22038542272765,29.2496781374393
8.25367063492063,1.11717803301283,0.891508207886506,2.21932365795097,29.2505257397555
8.25376984126984,1.11709729898251,0.891599555979979,2.21826240082552,29.2513731945831
8.25386904761905,1.11701653116759,0.891690834530332,2.21720165110499,29.2522205019344
8.25396825396825,1.11693572968654,0.891782043534876,2.21614140854312,29.2530676618218
8.25406746031746,1.1168548946578,0.891873182990896,2.21508167289378,29.2539146742574
8.25416666666667,1.11677402619985,0.891964252895647,2.21402244391096,29.2547615392536
8.25426587301587,1.11669312443119,0.89205525324636,2.21296372134876,29.2556082568224
8.25436507936508,1.11661218947032,0.892146184040236,2.21190550496139,29.2564548269761
8.25446428571429,1.11653122143578,0.892237045274449,2.21084779450318,29.2573012497267
8.25456349206349,1.11645022044611,0.892327836946147,2.20979058972856,29.2581475250864
8.2546626984127,1.11636918661986,0.892418559052448,2.20873389039208,29.2589936530671
8.2547619047619,1.11628812007561,0.892509211590446,2.20767769624839,29.2598396336809
8.25486111111111,1.11620702093196,0.892599794557204,2.20662200705228,29.2606854669399
8.25496031746032,1.11612588930752,0.892690307949761,2.20556682255863,29.2615311528558
8.25505952380952,1.11604472532091,0.892780751765127,2.20451214252244,29.2623766914407
8.25515873015873,1.11596352909079,0.892871126000283,2.20345796669881,29.2632220827065
8.25525793650794,1.11588230073579,0.892961430652187,2.20240429484295,29.264067326665
8.25535714285714,1.11580104037462,0.893051665717764,2.20135112671024,29.264912423328
8.25545634920635,1.11571974812596,0.893141831193917,2.20029846205609,29.2657573727073
8.25555555555556,1.11563842410851,0.893231927077517,2.19924630063608,29.2666021748147
8.25565476190476,1.11555706844101,0.89332195336541,2.19819464220587,29.2674468296619
8.25575396825397,1.1154756812422,0.893411910054416,2.19714348652125,29.2682913372605
8.25585317460317,1.11539426263085,0.893501797141325,2.19609283333811,29.2691356976224
8.25595238095238,1.11531281272572,0.893591614622901,2.19504268241247,29.269979910759
8.25605158730159,1.11523133164562,0.893681362495879,2.19399303350044,29.2708239766819
8.25615079365079,1.11514981950934,0.893771040756969,2.19294388635826,29.2716678954028
8.25625,1.11506827643573,0.893860649402852,2.19189524074228,29.2725116669331
8.25634920634921,1.11498670254363,0.893950188430182,2.19084709640895,29.2733552912844
8.25644841269841,1.11490509795189,0.894039657835586,2.18979945311485,29.2741987684681
8.25654761904762,1.11482346277939,0.894129057615663,2.18875231061666,29.2750420984956
8.25664682539682,1.11474179714503,0.894218387766985,2.18770566867117,29.2758852813784
8.25674603174603,1.11466010116771,0.894307648286098,2.18665952703528,29.2767283171278
8.25684523809524,1.11457837496638,0.894396839169516,2.18561388546604,29.2775712057551
8.25694444444444,1.11449661865996,0.89448596041373,2.18456874372057,29.2784139472717
8.25704365079365,1.11441483236742,0.894575012015203,2.1835241015561,29.2792565416887
8.25714285714286,1.11433301620774,0.89466399397037,2.18247995873001,29.2800989890175
8.25724206349206,1.11425117029992,0.894752906275638,2.18143631499976,29.2809412892692
8.25734126984127,1.11416929476295,0.894841748927387,2.18039317012293,29.281783442455
8.25744047619048,1.11408738971588,0.89493052192197,2.17935052385721,29.2826254485861
8.25753968253968,1.11400545527774,0.895019225255713,2.17830837596042,29.2834673076735
8.25763888888889,1.11392349156761,0.895107858924913,2.17726672619048,29.2843090197283
8.25773809523809,1.11384149870454,0.895196422925842,2.17622557430541,29.2851505847616
8.2578373015873,1.11375947680765,0.895284917254742,2.17518492006336,29.2859920027843
8.25793650793651,1.11367742599603,0.89537334190783,2.17414476322259,29.2868332738074
8.25803571428571,1.11359534638882,0.895461696881293,2.17310510354146,29.287674397842
8.25813492063492,1.11351323810517,0.895549982171294,2.17206594077847,29.2885153748987
8.25823412698413,1.11343110126423,0.895638197773966,2.17102727469217,29.2893562049887
8.25833333333333,1.11334893598518,0.895726343685415,2.16998910504133,29.2901968881226
8.25843253968254,1.11326674238722,0.895814419901719,2.16895143158472,29.2910374243113
8.25853174603175,1.11318452058956,0.895902426418931,2.16791425408129,29.2918778135656
8.25863095238095,1.11310227071142,0.895990363233074,2.16687757229009,29.2927180558962
8.25873015873016,1.11301999287206,0.896078230340146,2.16584138597026,29.2935581513138
8.25882936507936,1.11293768719072,0.896166027736116,2.16480569488107,29.2943980998291
8.25892857142857,1.1128553537867,0.896253755416926,2.16377049878191,29.2952379014528
8.25902777777778,1.11277299277929,0.896341413378491,2.16273579743227,29.2960775561954
8.25912698412698,1.11269060428779,0.896429001616697,2.16170159059174,29.2969170640676
8.25922619047619,1.11260818843154,0.896516520127405,2.16066787802006,29.2977564250799
8.2593253968254,1.11252574532987,0.896603968906447,2.15963465947705,29.2985956392427
8.2594246031746,1.11244327510216,0.896691347949629,2.15860193472265,29.2994347065667
8.25952380952381,1.11236077786778,0.896778657252727,2.15756970351692,29.3002736270622
8.25962301587301,1.11227825374613,0.896865896811492,2.15653796562002,29.3011124007396
8.25972222222222,1.11219570285661,0.89695306662165,2.15550672079222,29.3019510276094
8.25982142857143,1.11211312531866,0.897040166678891,2.15447596879394,29.3027895076818
8.25992063492064,1.11203052125172,0.897127196978887,2.15344570938567,29.3036278409672
8.26001984126984,1.11194789077525,0.897214157517277,2.15241594232803,29.304466027476
8.26011904761905,1.11186523400874,0.897301048289675,2.15138666738174,29.3053040672182
8.26021825396825,1.11178255107167,0.897387869291668,2.15035788430765,29.3061419602042
8.26031746031746,1.11169984208356,0.897474620518813,2.14932959286671,29.3069797064442
8.26041666666667,1.11161710716393,0.897561301966642,2.14830179281998,29.3078173059483
8.26051587301587,1.11153434643234,0.897647913630659,2.14727448392865,29.3086547587266
8.26061507936508,1.11145156000835,0.89773445550634,2.146247665954,29.3094920647892
8.26071428571429,1.11136874801153,0.897820927589134,2.14522133865744,29.3103292241461
8.26081349206349,1.11128591056147,0.897907329874464,2.14419550180049,29.3111662368075
8.2609126984127,1.1112030477778,0.897993662357723,2.14317015514476,29.3120031027832
8.2610119047619,1.11112015978014,0.898079925034278,2.14214529845201,29.3128398220833
8.26111111111111,1.11103724668813,0.898166117899469,2.14112093148409,29.3136763947176
8.26121031746032,1.11095430862144,0.898252240948609,2.14009705400294,29.3145128206961
8.26130952380952,1.11087134569974,0.89833829417698,2.13907366577067,29.3153491000287
8.26140873015873,1.11078835804274,0.898424277579842,2.13805076654946,29.316185232725
8.26150793650794,1.11070534577015,0.898510191152424,2.1370283561016,29.317021218795
8.26160714285714,1.11062230900168,0.898596034889928,2.13600643418952,29.3178570582484
8.26170634920635,1.1105392478571,0.89868180878753,2.13498500057575,29.318692751095
8.26180555555556,1.11045616245616,0.898767512840378,2.13396405502291,29.3195282973444
8.26190476190476,1.11037305291863,0.898853147043593,2.13294359729376,29.3203636970062
8.26200396825397,1.11028991936433,0.898938711392266,2.13192362715117,29.3211989500902
8.26210317460317,1.11020676191305,0.899024205881465,2.13090414435811,29.3220340566059
8.26220238095238,1.11012358068463,0.899109630506227,2.12988514867767,29.322869016563
8.26230158730159,1.11004037579892,0.899194985261562,2.12886663987306,29.3237038299708
8.26240079365079,1.10995714737577,0.899280270142456,2.12784861770757,29.3245384968389
8.2625,1.10987389553507,0.899365485143863,2.12683108194465,29.3253730171769
8.26259920634921,1.10979062039671,0.899450630260713,2.12581403234783,29.3262073909941
8.26269841269841,1.1097073220806,0.899535705487908,2.12479746868075,29.3270416182999
8.26279761904762,1.10962400070668,0.89962071082032,2.12378139070719,29.3278756991037
8.26289682539683,1.10954065639489,0.899705646252796,2.12276579819103,29.3287096334148
8.26299603174603,1.10945728926519,0.899790511780156,2.12175069089623,29.3295434212426
8.26309523809524,1.10937389943756,0.899875307397192,2.12073606858692,29.3303770625963
8.26319444444444,1.109290487032,0.899960033098667,2.11972193102729,29.3312105574851
8.26329365079365,1.10920705216853,0.90004468887932,2.11870827798168,29.3320439059183
8.26339285714286,1.10912359496716,0.900129274733859,2.11769510921452,29.332877107905
8.26349206349206,1.10904011554795,0.900213790656967,2.11668242449036,29.3337101634544
8.26359126984127,1.10895661403096,0.900298236643299,2.11567022357386,29.3345430725756
8.26369047619048,1.10887309053628,0.900382612687482,2.11465850622981,29.3353758352776
8.26378968253968,1.10878954518398,0.900466918784117,2.11364727222307,29.3362084515695
8.26388888888889,1.1087059780942,0.900551154927776,2.11263652131866,29.3370409214604
8.26398809523809,1.10862238938706,0.900635321113005,2.11162625328168,29.3378732449591
8.2640873015873,1.1085387791827,0.900719417334321,2.11061646787736,29.3387054220747
8.26418650793651,1.10845514760129,0.900803443586217,2.10960716487102,29.339537452816
8.26428571428571,1.10837149476301,0.900887399863153,2.10859834402814,29.3403693371919
8.26438492063492,1.10828782078805,0.900971286159566,2.10759000511426,29.3412010752112
8.26448412698413,1.10820412579663,0.901055102469864,2.10658214789507,29.3420326668829
8.26458333333333,1.10812040990898,0.901138848788429,2.10557477213633,29.3428641122156
8.26468253968254,1.10803667324535,0.901222525109614,2.10456787760396,29.3436954112182
8.26478174603175,1.10795291592599,0.901306131427746,2.10356146406396,29.3445265638992
8.26488095238095,1.10786913807119,0.901389667737123,2.10255553128245,29.3453575702675
8.26498015873016,1.10778533980125,0.901473134032018,2.10155007902567,29.3461884303316
8.26507936507936,1.10770152123647,0.901556530306673,2.10054510705997,29.3470191441002
8.26517857142857,1.10761768249719,0.901639856555306,2.09954061515181,29.3478497115819
8.26527777777778,1.10753382370376,0.901723112772106,2.09853660306776,29.3486801327852
8.26537698412698,1.10744994497654,0.901806298951235,2.09753307057451,29.3495104077186
8.26547619047619,1.1073660464359,0.901889415086827,2.09653001743885,29.3503405363906
8.2655753968254,1.10728212820225,0.901972461172991,2.09552744342768,29.3511705188097
8.2656746031746,1.107198190396,0.902055437203806,2.09452534830803,29.3520003549844
8.26577380952381,1.10711423313758,0.902138343173323,2.09352373184705,29.3528300449229
8.26587301587302,1.10703025654744,0.902221179075568,2.09252259381197,29.3536595886336
8.26597222222222,1.10694626074604,0.902303944904539,2.09152193397016,29.3544889861249
8.26607142857143,1.10686224585386,0.902386640654205,2.09052175208908,29.355318237405
8.26617063492064,1.1067782119914,0.902469266318511,2.08952204793632,29.3561473424823
8.26626984126984,1.10669415927916,0.902551821891371,2.08852282127958,29.3569763013649
8.26636904761905,1.1066100878377,0.902634307366673,2.08752407188665,29.3578051140611
8.26646825396825,1.10652599778754,0.902716722738278,2.08652579952547,29.3586337805789
8.26656746031746,1.10644188924925,0.90279906800002,2.08552800396407,29.3594623009265
8.26666666666667,1.10635776234342,0.902881343145704,2.08453068497059,29.3602906751121
8.26676587301587,1.10627361719064,0.902963548169109,2.08353384231329,29.3611189031436
8.26686507936508,1.10618945391152,0.903045683063985,2.08253747576055,29.3619469850292
8.26696428571429,1.1061052726267,0.903127747824058,2.08154158508083,29.3627749207767
8.26706349206349,1.10602107345683,0.903209742443023,2.08054617004274,29.3636027103942
8.2671626984127,1.10593685652256,0.903291666914551,2.07955123041498,29.3644303538896
8.26726190476191,1.10585262194457,0.90337352123228,2.07855676596639,29.3652578512708
8.26736111111111,1.10576836984358,0.903455305389827,2.07756277646588,29.3660852025456
8.26746031746032,1.10568410034028,0.903537019380777,2.07656926168251,29.366912407722
8.26755952380952,1.10559981355542,0.903618663198691,2.07557622138542,29.3677394668076
8.26765873015873,1.10551550960973,0.9037002368371,2.0745836553439,29.3685663798103
8.26775793650794,1.10543118862399,0.90378174028951,2.07359156332732,29.3693931467377
8.26785714285714,1.10534685071897,0.903863173549397,2.07259994510517,29.3702197675977
8.26795634920635,1.10526249601547,0.903944536610212,2.07160880044706,29.3710462423978
8.26805555555556,1.1051781246343,0.904025829465377,2.07061812912271,29.3718725711458
8.26815476190476,1.1050937366963,0.904107052108287,2.06962793090196,29.3726987538491
8.26825396825397,1.10500933232232,0.90418820453231,2.06863820555474,29.3735247905154
8.26835317460317,1.10492491163321,0.904269286730787,2.06764895285111,29.3743506811523
8.26845238095238,1.10484047474987,0.904350298697029,2.06666017256124,29.3751764257671
8.26855158730159,1.10475602179318,0.904431240424324,2.06567186445541,29.3760020243675
8.26865079365079,1.10467155288406,0.90451211190593,2.064684028304,29.3768274769608
8.26875,1.10458706814345,0.904592913135076,2.06369666387754,29.3776527835544
8.26884920634921,1.10450256769228,0.904673644104967,2.06270977094663,29.3784779441557
8.26894841269841,1.10441805165154,0.904754304808778,2.06172334928202,29.3793029587721
8.26904761904762,1.10433352014219,0.904834895239658,2.06073739865453,29.3801278274109
8.26914682539683,1.10424897328524,0.904915415390729,2.05975191883513,29.3809525500793
8.26924603174603,1.10416441120169,0.904995865255084,2.05876690959487,29.3817771267846
8.26934523809524,1.10407983401259,0.905076244825791,2.05778237070495,29.382601557534
8.26944444444444,1.10399524183898,0.905156554095888,2.05679830193665,29.3834258423347
8.26954365079365,1.10391063480192,0.905236793058386,2.05581470306138,29.3842499811938
8.26964285714286,1.1038260130219,0.905316961706531,2.05483157385054,29.3850739741187
8.26974206349206,1.10374137467973,0.905397060876549,2.05384891371203,29.3858978219793
8.26984126984127,1.10365671801629,0.905477091374191,2.05286672208868,29.3867215256136
8.26994047619048,1.10357204304552,0.905557053232535,2.0518849987669,29.3875450850681
8.27003968253968,1.10348734978139,0.905636946484633,2.05090374353322,29.3883685003898
8.27013888888889,1.10340263823791,0.905716771163511,2.04992295617419,29.3891917716253
8.2702380952381,1.10331790842912,0.905796527302164,2.04894263647647,29.3900148988213
8.2703373015873,1.10323316036911,0.905876214933562,2.04796278422678,29.3908378820244
8.27043650793651,1.103148394072,0.905955834090646,2.0469833992119,29.3916607212813
8.27053571428571,1.10306360955195,0.906035384806331,2.04600448121869,29.3924834166385
8.27063492063492,1.10297880682314,0.906114867113505,2.04502603003407,29.3933059681427
8.27073412698413,1.10289398589981,0.906194281045025,2.04404804544503,29.3941283758403
8.27083333333333,1.10280914679621,0.906273626633723,2.04307052723866,29.3949506397778
8.27093253968254,1.10272428952666,0.906352903912405,2.04209347520207,29.3957727600018
8.27103174603175,1.10263941410549,0.906432112913846,2.04111688912249,29.3965947365586
8.27113095238095,1.10255452054707,0.906511253670795,2.04014076878719,29.3974165694947
8.27123015873016,1.10246960886581,0.906590326215975,2.03916511398352,29.3982382588564
8.27132936507936,1.10238467907617,0.906669330582079,2.03818992449889,29.39905980469
8.27142857142857,1.10229973119262,0.906748266801774,2.0372152001208,29.399881207042
8.27152777777778,1.10221476522969,0.906827134907699,2.03624094063681,29.4007024659585
8.27162698412699,1.10212978120193,0.906905934932466,2.03526714583453,29.4015235814858
8.27172619047619,1.10204477912393,0.906984666908658,2.03429381550169,29.4023445536702
8.2718253968254,1.10195975901033,0.907063330868831,2.03332094942604,29.4031653825577
8.2719246031746,1.10187472087579,0.907141926845515,2.03234854739544,29.4039860681946
8.27202380952381,1.10178966473501,0.907220454871212,2.03137660919779,29.4048066106271
8.27212301587302,1.10170459060273,0.907298914978394,2.03040513462107,29.4056270099011
8.27222222222222,1.10161949849373,0.907377307199509,2.02943412345333,29.4064472660628
8.27232142857143,1.10153438842282,0.907455631566975,2.0284635754827,29.4072673791581
8.27242063492064,1.10144926040484,0.907533888113184,2.02749349049737,29.4080873492332
8.27251984126984,1.10136411445469,0.9076120768705,2.02652386828561,29.4089071763339
8.27261904761905,1.10127895058728,0.907690197871259,2.02555470863574,29.4097268605062
8.27271825396825,1.10119376881757,0.907768251147769,2.02458601133617,29.410546401796
8.27281746031746,1.10110856916055,0.907846236732312,2.02361777617538,29.4113658002492
8.27291666666667,1.10102335163125,0.907924154657141,2.0226500029419,29.4121850559117
8.27301587301587,1.10093811624475,0.908002004954483,2.02168269142436,29.4130041688292
8.27311507936508,1.10085286301614,0.908079787656538,2.02071584141143,29.4138231390475
8.27321428571429,1.10076759196056,0.908157502795474,2.01974945269189,29.4146419666124
8.27331349206349,1.10068230309319,0.908235150403437,2.01878352505455,29.4154606515696
8.2734126984127,1.10059699642925,0.908312730512542,2.01781805828831,29.4162791939648
8.27351190476191,1.10051167198397,0.908390243154877,2.01685305218214,29.4170975938436
8.27361111111111,1.10042632977266,0.908467688362505,2.01588850652507,29.4179158512517
8.27371031746032,1.10034096981062,0.908545066167459,2.01492442110621,29.4187339662348
8.27380952380952,1.10025559211322,0.908622376601744,2.01396079571474,29.4195519388382
8.27390873015873,1.10017019669585,0.908699619697339,2.0129976301399,29.4203697691077
8.27400793650794,1.10008478357394,0.908776795486195,2.01203492417103,29.4211874570886
8.27410714285714,1.09999935276296,0.908853904000236,2.01107267759749,29.4220050028265
8.27420634920635,1.09991390427842,0.908930945271357,2.01011089020876,29.4228224063668
8.27430555555556,1.09982843813585,0.909007919331427,2.00914956179437,29.4236396677549
8.27440476190476,1.09974295435083,0.909084826212287,2.00818869214391,29.4244567870362
8.27450396825397,1.09965745293898,0.90916166594575,2.00722828104705,29.4252737642561
8.27460317460318,1.09957193391594,0.909238438563603,2.00626832829353,29.4260905994598
8.27470238095238,1.09948639729741,0.909315144097603,2.00530883367317,29.4269072926927
8.27480158730159,1.0994008430991,0.90939178257948,2.00434979697585,29.427723844
8.27490079365079,1.09931527133678,0.909468354040939,2.00339121799153,29.4285402534269
8.275,1.09922968202623,0.909544858513655,2.00243309651021,29.4293565210187
8.27509920634921,1.09914407518329,0.909621296029277,2.001475432322,29.4301726468204
8.27519841269841,1.09905845082384,0.909697666619425,2.00051822521706,29.4309886308773
8.27529761904762,1.09897280896377,0.909773970315692,1.99956147498562,29.4318044732344
8.27539682539683,1.09888714961902,0.909850207149643,1.99860518141798,29.4326201739368
8.27549603174603,1.09880147280558,0.909926377152819,1.99764934430453,29.4334357330295
8.27559523809524,1.09871577853946,0.910002480356727,1.99669396343569,29.4342511505576
8.27569444444444,1.0986300668367,0.910078516792853,1.995739038602,29.435066426566
8.27579365079365,1.09854433771341,0.910154486492651,1.99478456959403,29.4358815610996
8.27589285714286,1.09845859118569,0.91023038948755,1.99383055620244,29.4366965542035
8.27599206349206,1.09837282726971,0.910306225808949,1.99287699821795,29.4375114059224
8.27609126984127,1.09828704598167,0.910381995488224,1.99192389543135,29.4383261163013
8.27619047619048,1.0982012473378,0.910457698556717,1.99097124763353,29.4391406853848
8.27628968253968,1.09811543135436,0.910533335045748,1.99001905461542,29.4399551132179
8.27638888888889,1.09802959804767,0.910608904986607,1.98906731616801,29.4407693998453
8.2764880952381,1.09794374743407,0.910684408410556,1.9881160320824,29.4415835453118
8.2765873015873,1.09785787952993,0.910759845348832,1.98716520214972,29.4423975496619
8.27668650793651,1.09777199435168,0.910835215832642,1.9862148261612,29.4432114129404
8.27678571428571,1.09768609191575,0.910910519893167,1.98526490390813,29.444025135192
8.27688492063492,1.09760017223865,0.910985757561558,1.98431543518186,29.4448387164612
8.27698412698413,1.09751423533689,0.911060928868943,1.98336641977382,29.4456521567925
8.27708333333333,1.09742828122704,0.911136033846418,1.98241785747551,29.4464654562307
8.27718253968254,1.09734230992569,0.911211072525054,1.98146974807851,29.44727861482
8.27728174603175,1.09725632144948,0.911286044935893,1.98052209137445,29.4480916326052
8.27738095238095,1.09717031581507,0.911360951109951,1.97957488715505,29.4489045096305
8.27748015873016,1.09708429303918,0.911435791078215,1.97862813521208,29.4497172459404
8.27757936507937,1.09699825313855,0.911510564871647,1.97768183533739,29.4505298415793
8.27767857142857,1.09691219612995,0.911585272521177,1.97673598732291,29.4513422965915
8.27777777777778,1.0968261220302,0.911659914057711,1.97579059096064,29.4521546110214
8.27787698412699,1.09674003085616,0.911734489512128,1.97484564604264,29.4529667849133
8.27797619047619,1.09665392262472,0.911808998915276,1.97390115236103,29.4537788183114
8.2780753968254,1.09656779735279,0.911883442297979,1.97295710970802,29.45459071126
8.2781746031746,1.09648165505735,0.911957819691032,1.97201351787589,29.4554024638032
8.27827380952381,1.09639549575538,0.912032131125202,1.97107037665698,29.4562140759853
8.27837301587302,1.09630931946393,0.912106376631229,1.9701276858437,29.4570255478504
8.27847222222222,1.09622312620006,0.912180556239826,1.96918544522853,29.4578368794425
8.27857142857143,1.09613691598089,0.912254669981678,1.96824365460405,29.4586480708058
8.27867063492064,1.09605068882355,0.912328717887441,1.96730231376286,29.4594591219843
8.27876984126984,1.09596444474523,0.912402699987747,1.96636142249766,29.460270033022
8.27886904761905,1.09587818376315,0.912476616313197,1.96542098060123,29.461080803963
8.27896825396825,1.09579190589455,0.912550466894366,1.96448098786639,29.4618914348511
8.27906746031746,1.09570561115673,0.912624251761803,1.96354144408604,29.4627019257303
8.27916666666667,1.09561929956702,0.912697970946025,1.96260234905319,29.4635122766444
8.27926587301587,1.09553297114277,0.912771624477526,1.96166370256087,29.4643224876374
8.27936507936508,1.09544662590138,0.912845212386771,1.9607255044022,29.465132558753
8.27946428571429,1.0953602638603,0.912918734704196,1.95978775437036,29.4659424900351
8.27956349206349,1.09527388503699,0.912992191460211,1.95885045225862,29.4667522815274
8.2796626984127,1.09518748944896,0.9130655826852,1.9579135978603,29.4675619332737
8.27976190476191,1.09510107711376,0.913138908409516,1.95697719096881,29.4683714453177
8.27986111111111,1.09501464804897,0.913212168663486,1.95604123137761,29.469180817703
8.27996031746032,1.0949282022722,0.913285363477411,1.95510571888024,29.4699900504732
8.28005952380952,1.09484173980111,0.913358492881561,1.95417065327032,29.4707991436721
8.28015873015873,1.09475526065339,0.913431556906183,1.95323603434153,29.4716080973432
8.28025793650794,1.09466876484677,0.913504555581493,1.95230186188761,29.4724169115299
8.28035714285714,1.09458225239901,0.91357748893768,1.95136813570239,29.473225586276
8.28045634920635,1.09449572332791,0.913650357004907,1.95043485557975,29.4740341216247
8.28055555555556,1.0944091776513,0.913723159813309,1.94950202131366,29.4748425176196
8.28065476190476,1.09432261538707,0.913795897392991,1.94856963269817,29.4756507743042
8.28075396825397,1.09423603655312,0.913868569774034,1.94763768952736,29.4764588917218
8.28085317460318,1.09414944116739,0.913941176986489,1.94670619159542,29.4772668699157
8.28095238095238,1.09406282924787,0.914013719060381,1.94577513869659,29.4780747089293
8.28105158730159,1.09397620081258,0.914086196025707,1.94484453062517,29.478882408806
8.28115079365079,1.09388955587957,0.914158607912436,1.94391436717556,29.4796899695889
8.28125,1.09380289446693,0.914230954750511,1.9429846481422,29.4804973913213
8.28134920634921,1.09371621659279,0.914303236569844,1.94205537331963,29.4813046740465
8.28144841269841,1.09362952227532,0.914375453400324,1.94112654250245,29.4821118178075
8.28154761904762,1.09354281153271,0.914447605271809,1.94019815548531,29.4829188226476
8.28164682539682,1.09345608438321,0.914519692214132,1.93927021206295,29.4837256886099
8.28174603174603,1.09336934084508,0.914591714257096,1.93834271203018,29.4845324157374
8.28184523809524,1.09328258093664,0.914663671430478,1.93741565518187,29.4853390040732
8.28194444444444,1.09319580467624,0.914735563764028,1.93648904131298,29.4861454536604
8.28204365079365,1.09310901208225,0.914807391287467,1.93556287021851,29.4869517645418
8.28214285714286,1.0930222031731,0.914879154030489,1.93463714169357,29.4877579367606
8.28224206349206,1.09293537796724,0.914950852022761,1.93371185553331,29.4885639703595
8.28234126984127,1.09284853648317,0.915022485293922,1.93278701153296,29.4893698653815
8.28244047619048,1.09276167873941,0.915094053873584,1.93186260948781,29.4901756218695
8.28253968253968,1.09267480475452,0.91516555779133,1.93093864919324,29.4909812398663
8.28263888888889,1.09258791454712,0.915236997076717,1.93001513044469,29.4917867194147
8.28273809523809,1.09250100813584,0.915308371759275,1.92909205303766,29.4925920605575
8.2828373015873,1.09241408553936,0.915379681868504,1.92816941676773,29.4933972633374
8.28293650793651,1.09232714677637,0.915450927433879,1.92724722143057,29.4942023277971
8.28303571428571,1.09224019186564,0.915522108484846,1.92632546682188,29.4950072539794
8.28313492063492,1.09215322082595,0.915593225050824,1.92540415273747,29.4958120419268
8.28323412698413,1.09206623367611,0.915664277161205,1.92448327897318,29.4966166916821
8.28333333333333,1.09197923043498,0.915735264845352,1.92356284532497,29.4974212032877
8.28343253968254,1.09189221112146,0.915806188132602,1.92264285158882,29.4982255767862
8.28353174603175,1.09180517575448,0.915877047052264,1.9217232975608,29.4990298122202
8.28363095238095,1.091718124353,0.915947841633618,1.92080418303707,29.4998339096321
8.28373015873016,1.09163105693603,0.916018571905919,1.91988550781385,29.5006378690644
8.28382936507936,1.09154397352259,0.916089237898393,1.9189672716874,29.5014416905596
8.28392857142857,1.09145687413178,0.916159839640239,1.9180494744541,29.5022453741601
8.28402777777778,1.0913697587827,0.916230377160627,1.91713211591036,29.5030489199081
8.28412698412698,1.0912826274945,0.916300850488703,1.91621519585267,29.5038523278461
8.28422619047619,1.09119548028637,0.916371259653581,1.91529871407761,29.5046555980164
8.2843253968254,1.09110831717752,0.916441604684351,1.91438267038181,29.5054587304612
8.2844246031746,1.09102113818721,0.916511885610073,1.91346706456197,29.5062617252228
8.28452380952381,1.09093394333475,0.916582102459782,1.91255189641487,29.5070645823435
8.28462301587301,1.09084673263945,0.916652255262483,1.91163716573737,29.5078673018653
8.28472222222222,1.09075950612068,0.916722344047155,1.91072287232637,29.5086698838304
8.28482142857143,1.09067226379786,0.916792368842749,1.90980901597887,29.509472328281
8.28492063492063,1.09058500569041,0.916862329678188,1.90889559649192,29.5102746352592
8.28501984126984,1.09049773181782,0.91693222658237,1.90798261366264,29.511076804807
8.28511904761905,1.0904104421996,0.917002059584162,1.90707006728825,29.5118788369664
8.28521825396825,1.09032313685529,0.917071828712404,1.90615795716601,29.5126807317795
8.28531746031746,1.09023581580449,0.91714153399591,1.90524628309327,29.5134824892882
8.28541666666667,1.09014847906681,0.917211175463467,1.90433504486742,29.5142841095344
8.28551587301587,1.09006112666192,0.917280753143833,1.90342424228595,29.5150855925601
8.28561507936508,1.0899737586095,0.917350267065739,1.90251387514641,29.5158869384071
8.28571428571429,1.0898863749293,0.917419717257887,1.90160394324642,29.5166881471173
8.28581349206349,1.08979897564107,0.917489103748954,1.90069444638368,29.5174892187324
8.2859126984127,1.08971156076462,0.917558426567589,1.89978538435594,29.5182901532944
8.2860119047619,1.0896241303198,0.917627685742411,1.89887675696103,29.5190909508448
8.28611111111111,1.08953668432648,0.917696881302015,1.89796856399687,29.5198916114254
8.28621031746032,1.08944922280457,0.917766013274965,1.89706080526142,29.520692135078
8.28630952380952,1.08936174577403,0.917835081689801,1.89615348055272,29.5214925218442
8.28640873015873,1.08927425325483,0.917904086575032,1.89524658966889,29.5222927717655
8.28650793650794,1.08918674526701,0.917973027959143,1.89434013240811,29.5230928848837
8.28660714285714,1.08909922183063,0.918041905870588,1.89343410856864,29.5238928612402
8.28670634920635,1.08901168296577,0.918110720337796,1.8925285179488,29.5246927008765
8.28680555555556,1.08892412869258,0.918179471389168,1.891623360347,29.5254924038343
8.28690476190476,1.08883655903121,0.918248159053076,1.89071863556168,29.526291970155
8.28700396825397,1.08874897400188,0.918316783357865,1.88981434339139,29.5270913998799
8.28710317460317,1.08866137362483,0.918385344331855,1.88891048363474,29.5278906930506
8.28720238095238,1.08857375792033,0.918453842003336,1.88800705609039,29.5286898497083
8.28730158730159,1.0884861269087,0.91852227640057,1.8871040605571,29.5294888698945
8.28740079365079,1.08839848061029,0.918590647551794,1.88620149683369,29.5302877536504
8.2875,1.08831081904549,0.918658955485214,1.88529936471904,29.5310865010174
8.28759920634921,1.08822314223472,0.918727200229012,1.88439766401211,29.5318851120366
8.28769841269841,1.08813545019845,0.91879538181134,1.88349639451193,29.5326835867494
8.28779761904762,1.08804774295716,0.918863500260324,1.88259555601759,29.5334819251968
8.28789682539682,1.0879600205314,0.918931555604062,1.88169514832827,29.5342801274201
8.28799603174603,1.08787228294172,0.918999547870624,1.88079517124319,29.5350781934604
8.28809523809524,1.08778453020875,0.919067477088053,1.87989562456169,29.5358761233588
8.28819444444444,1.08769676235311,0.919135343284363,1.87899650808313,29.5366739171564
8.28829365079365,1.0876089793955,0.919203146487544,1.87809782160697,29.5374715748941
8.28839285714286,1.08752118135662,0.919270886725554,1.87719956493272,29.5382690966131
8.28849206349206,1.08743336825723,0.919338564026328,1.87630173785998,29.5390664823542
8.28859126984127,1.08734554011811,0.919406178417769,1.87540434018841,29.5398637321584
8.28869047619048,1.08725769696009,0.919473729927756,1.87450737171774,29.5406608460666
8.28878968253968,1.08716983880403,0.919541218584139,1.87361083224777,29.5414578241198
8.28888888888889,1.08708196567083,0.919608644414741,1.87271472157838,29.5422546663587
8.28898809523809,1.08699407758143,0.919676007447356,1.8718190395095,29.5430513728242
8.2890873015873,1.08690617455678,0.919743307709752,1.87092378584116,29.543847943557
8.28918650793651,1.08681825661791,0.91981054522967,1.87002896037343,29.544644378598
8.28928571428571,1.08673032378585,0.919877720034822,1.86913456290647,29.5454406779878
8.28938492063492,1.08664237608168,0.919944832152892,1.8682405932405,29.5462368417671
8.28948412698413,1.08655441352653,0.92001188161154,1.86734705117581,29.5470328699767
8.28958333333333,1.08646643614153,0.920078868438393,1.86645393651278,29.547828762657
8.28968253968254,1.08637844394789,0.920145792661056,1.86556124905184,29.5486245198489
8.28978174603175,1.08629043696682,0.920212654307102,1.8646689885935,29.5494201415927
8.28988095238095,1.0862024152196,0.920279453404079,1.86377715493832,29.5502156279291
8.28998015873016,1.08611437872751,0.920346189979507,1.86288574788696,29.5510109788985
8.29007936507936,1.08602632751189,0.920412864060879,1.86199476724014,29.5518061945415
8.29017857142857,1.08593826159412,0.920479475675659,1.86110421279863,29.5526012748984
8.29027777777778,1.0858501809956,0.920546024851285,1.86021408436331,29.5533962200097
8.29037698412698,1.08576208573778,0.920612511615167,1.85932438173509,29.5541910299159
8.29047619047619,1.08567397584213,0.920678935994686,1.85843510471497,29.5549857046571
8.2905753968254,1.08558585133018,0.920745298017197,1.85754625310403,29.5557802442738
8.2906746031746,1.08549771222347,0.920811597710029,1.8566578267034,29.5565746488063
8.29077380952381,1.0854095585436,0.92087783510048,1.85576982531429,29.5573689182947
8.29087301587301,1.0853213903122,0.920944010215822,1.85488224873798,29.5581630527794
8.29097222222222,1.08523320755092,0.921010123083302,1.85399509677581,29.5589570523006
8.29107142857143,1.08514501028147,0.921076173730134,1.85310836922923,29.5597509168983
8.29117063492064,1.08505679852558,0.92114216218351,1.85222206589971,29.5605446466127
8.29126984126984,1.08496857230503,0.921208088470591,1.85133618658881,29.5613382414841
8.29136904761905,1.08488033164162,0.921273952618511,1.85045073109817,29.5621317015523
8.29146825396825,1.0847920765572,0.921339754654378,1.84956569922948,29.5629250268575
8.29156746031746,1.08470380707364,0.921405494605272,1.84868109078453,29.5637182174396
8.29166666666667,1.08461552321288,0.921471172498245,1.84779690556515,29.5645112733387
8.29176587301587,1.08452722499686,0.92153678836032,1.84691314337325,29.5653041945947
8.29186507936508,1.08443891244757,0.921602342218495,1.84602980401082,29.5660969812476
8.29196428571429,1.08435058558704,0.921667834099739,1.84514688727991,29.5668896333371
8.29206349206349,1.08426224443734,0.921733264030995,1.84426439298265,29.5676821509032
8.2921626984127,1.08417388902056,0.921798632039176,1.84338232092123,29.5684745339857
8.2922619047619,1.08408551935884,0.92186393815117,1.84250067089791,29.5692667826244
8.29236111111111,1.08399713547436,0.921929182393836,1.84161944271503,29.570058896859
8.29246031746032,1.08390873738932,0.921994364794006,1.84073863617499,29.5708508767294
8.29255952380952,1.08382032512597,0.922059485378484,1.83985825108028,29.5716427222751
8.29265873015873,1.0837318987066,0.922124544174047,1.83897828723344,29.5724344335358
8.29275793650794,1.08364345815351,0.922189541207443,1.83809874443709,29.5732260105513
8.29285714285714,1.08355500348907,0.922254476505396,1.8372196224939,29.574017453361
8.29295634920635,1.08346653473568,0.922319350094599,1.83634092120664,29.5748087620047
8.29305555555556,1.08337805191574,0.922384162001718,1.83546264037814,29.5755999365217
8.29315476190476,1.08328955505174,0.922448912253394,1.8345847798113,29.5763909769517
8.29325396825397,1.08320104416618,0.922513600876237,1.83370733930908,29.5771818833342
8.29335317460317,1.08311251928158,0.922578227896832,1.83283031867451,29.5779726557085
8.29345238095238,1.08302398042052,0.922642793341735,1.83195371771072,29.5787632941141
8.29355158730159,1.08293542760562,0.922707297237476,1.83107753622088,29.5795537985904
8.29365079365079,1.08284686085953,0.922771739610557,1.83020177400824,29.5803441691768
8.29375,1.08275828020491,0.92283612048745,1.82932643087612,29.5811344059125
8.29384920634921,1.08266968566451,0.922900439894603,1.8284515066279,29.581924508837
8.29394841269841,1.08258107726106,0.922964697858435,1.82757700106705,29.5827144779893
8.29404761904762,1.08249245501736,0.923028894405337,1.82670291399711,29.5835043134089
8.29414682539683,1.08240381895625,0.923093029561672,1.82582924522168,29.5842940151349
8.29424603174603,1.08231516910059,0.923157103353779,1.82495599454442,29.5850835832064
8.29434523809524,1.08222650547328,0.923221115807965,1.82408316176908,29.5858730176626
8.29444444444444,1.08213782809725,0.923285066950511,1.82321074669946,29.5866623185427
8.29454365079365,1.08204913699549,0.923348956807673,1.82233874913947,29.5874514858856
8.29464285714286,1.081960432191,0.923412785405675,1.82146716889304,29.5882405197305
8.29474206349206,1.08187171370684,0.923476552770718,1.8205960057642,29.5890294201164
8.29484126984127,1.08178298156608,0.923540258928971,1.81972525955705,29.5898181870822
8.29494047619048,1.08169423579185,0.92360390390658,1.81885493007574,29.5906068206669
8.29503968253968,1.0816054764073,0.92366748772966,1.81798501712452,29.5913953209095
8.29513888888889,1.08151670343564,0.9237310104243,1.81711552050769,29.5921836878488
8.29523809523809,1.08142791690008,0.923794472016561,1.81624644002963,29.5929719215237
8.2953373015873,1.08133911682389,0.923857872532476,1.81537777549477,29.5937600219731
8.29543650793651,1.08125030323038,0.923921211998054,1.81450952670763,29.5945479892357
8.29553571428571,1.08116147614289,0.923984490439271,1.81364169347282,29.5953358233503
8.29563492063492,1.08107263558479,0.924047707882078,1.81277427559498,29.5961235243556
8.29573412698413,1.08098378157949,0.9241108643524,1.81190727287883,29.5969110922904
8.29583333333333,1.08089491415045,0.924173959876133,1.81104068512918,29.5976985271933
8.29593253968254,1.08080603332114,0.924236994479145,1.8101745121509,29.5984858291029
8.29603174603175,1.0807171391151,0.924299968187276,1.80930875374891,29.599272998058
8.29613095238095,1.08062823155587,0.924362881026342,1.80844340972824,29.6000600340971
8.29623015873016,1.08053931066705,0.924425733022127,1.80757847989396,29.6008469372586
8.29632936507936,1.08045037647228,0.92448852420039,1.80671396405122,29.6016337075813
8.29642857142857,1.08036142899522,0.924551254586862,1.80584986200523,29.6024203451035
8.29652777777778,1.08027246825957,0.924613924207246,1.8049861735613,29.6032068498636
8.29662698412698,1.08018349428907,0.924676533087219,1.80412289852478,29.6039932219003
8.29672619047619,1.08009450710751,0.924739081252429,1.80326003670109,29.6047794612517
8.2968253968254,1.08000550673869,0.924801568728496,1.80239758789575,29.6055655679563
8.2969246031746,1.07991649320646,0.924863995541016,1.80153555191432,29.6063515420525
8.29702380952381,1.07982746653471,0.924926361715551,1.80067392856245,29.6071373835786
8.29712301587302,1.07973842674736,0.924988667277641,1.79981271764584,29.6079230925727
8.29722222222222,1.07964937386837,0.925050912252797,1.79895191897029,29.6087086690732
8.29732142857143,1.07956030792174,0.925113096666502,1.79809153234165,29.6094941131182
8.29742063492064,1.07947122893149,0.925175220544211,1.79723155756583,29.6102794247461
8.29751984126984,1.0793821369217,0.925237283911354,1.79637199444883,29.6110646039948
8.29761904761905,1.07929303191647,0.925299286793331,1.79551284279672,29.6118496509025
8.29771825396825,1.07920391393995,0.925361229215514,1.79465410241563,29.6126345655073
8.29781746031746,1.0791147830163,0.92542311120325,1.79379577311176,29.6134193478473
8.29791666666667,1.07902563916974,0.925484932781856,1.79293785469139,29.6142039979605
8.29801587301587,1.07893648242452,0.925546693976624,1.79208034696087,29.6149885158849
8.29811507936508,1.07884731280494,0.925608394812816,1.79122324972661,29.6157729016584
8.29821428571429,1.0787581303353,0.925670035315667,1.7903665627951,29.6165571553191
8.29831349206349,1.07866893503998,0.925731615510387,1.78951028597289,29.6173412769046
8.2984126984127,1.07857972694337,0.925793135422155,1.7886544190666,29.6181252664531
8.29851190476191,1.0784905060699,0.925854595076124,1.78779896188295,29.6189091240022
8.29861111111111,1.07840127244404,0.92591599449742,1.7869439142287,29.6196928495899
8.29871031746032,1.0783120260903,0.925977333711141,1.78608927591069,29.6204764432538
8.29880952380952,1.07822276703321,0.926038612742356,1.78523504673582,29.6212599050318
8.29890873015873,1.07813349529736,0.92609983161611,1.78438122651107,29.6220432349615
8.29900793650794,1.07804421090736,0.926160990357417,1.78352781504349,29.6228264330806
8.29910714285714,1.07795491388786,0.926222088991265,1.7826748121402,29.6236094994268
8.29920634920635,1.07786560426355,0.926283127542615,1.78182221760839,29.6243924340377
8.29930555555556,1.07777628205916,0.926344106036399,1.78097003125533,29.6251752369509
8.29940476190476,1.07768694729944,0.926405024497523,1.78011825288833,29.625957908204
8.29950396825397,1.07759760000919,0.926465882950864,1.77926688231481,29.6267404478344
8.29960317460317,1.07750824021325,0.926526681421273,1.77841591934223,29.6275228558797
8.29970238095238,1.07741886793648,0.926587419933572,1.77756536377814,29.6283051323774
8.29980158730159,1.07732948320379,0.926648098512556,1.77671521543015,29.6290872773649
8.29990079365079,1.07724008604012,0.926708717182995,1.77586547410592,29.6298692908795
8.3,1.07715067647046,0.926769275969626,1.77501613961324,29.6306511729587
8.30009920634921,1.07706125451982,0.926829774897163,1.77416721175991,29.6314329236399
8.30019841269841,1.07697182021325,0.926890213990291,1.77331869035384,29.6322145429602
8.30029761904762,1.07688237357584,0.926950593273668,1.77247057520297,29.6329960309571
8.30039682539683,1.07679291463271,0.927010912771923,1.77162286611536,29.6337773876677
8.30049603174603,1.07670344340903,0.92707117250966,1.7707755628991,29.6345586131292
8.30059523809524,1.07661395992999,0.927131372511453,1.76992866536236,29.635339707379
8.30069444444444,1.07652446422083,0.92719151280185,1.7690821733134,29.636120670454
8.30079365079365,1.07643495630682,0.92725159340537,1.76823608656052,29.6369015023915
8.30089285714286,1.07634543621327,0.927311614346506,1.76739040491212,29.6376822032285
8.30099206349206,1.07625590396551,0.927371575649724,1.76654512817665,29.6384627730022
8.30109126984127,1.07616635958894,0.92743147733946,1.76570025616263,29.6392432117494
8.30119047619048,1.07607680310896,0.927491319440124,1.76485578867867,29.6400235195073
8.30128968253968,1.07598723455103,0.927551101976099,1.76401172553343,29.6408036963128
8.30138888888889,1.07589765394064,0.927610824971741,1.76316806653564,29.6415837422029
8.3014880952381,1.07580806130331,0.927670488451374,1.76232481149413,29.6423636572144
8.3015873015873,1.07571845666461,0.9277300924393,1.76148196021776,29.6431434413843
8.30168650793651,1.07562884005014,0.927789636959792,1.76063951251549,29.6439230947493
8.30178571428571,1.07553921148553,0.927849122037092,1.75979746819633,29.6447026173463
8.30188492063492,1.07544957099645,0.92790854769542,1.75895582706938,29.6454820092121
8.30198412698413,1.07535991860861,0.927967913958964,1.75811458894379,29.6462612703834
8.30208333333333,1.07527025434775,0.928027220851887,1.75727375362879,29.647040400897
8.30218253968254,1.07518057823966,0.928086468398323,1.75643332093369,29.6478194007895
8.30228174603175,1.07509089031016,0.92814565662238,1.75559329066785,29.6485982700977
8.30238095238095,1.07500119058509,0.928204785548137,1.75475366264073,29.649377008858
8.30248015873016,1.07491147909035,0.928263855199646,1.75391443666182,29.6501556171073
8.30257936507936,1.07482175585187,0.928322865600932,1.75307561254071,29.6509340948819
8.30267857142857,1.0747320208956,0.928381816775992,1.75223719008705,29.6517124422184
8.30277777777778,1.07464227424755,0.928440708748795,1.75139916911057,29.6524906591534
8.30287698412699,1.07455251593375,0.928499541543285,1.75056154942105,29.6532687457234
8.30297619047619,1.07446274598028,0.928558315183373,1.74972433082837,29.6540467019646
8.3030753968254,1.07437296441324,0.928617029692948,1.74888751314246,29.6548245279137
8.3031746031746,1.07428317125878,0.92867568509587,1.74805109617332,29.6556022236069
8.30327380952381,1.07419336654309,0.92873428141597,1.74721507973103,29.6563797890806
8.30337301587302,1.07410355029237,0.928792818677052,1.74637946362573,29.6571572243712
8.30347222222222,1.07401372253289,0.928851296902894,1.74554424766763,29.6579345295148
8.30357142857143,1.07392388329094,0.928909716117244,1.74470943166703,29.6587117045478
8.30367063492064,1.07383403259284,0.928968076343825,1.74387501543427,29.6594887495065
8.30376984126984,1.07374417046496,0.929026377606331,1.74304099877979,29.6602656644269
8.30386904761905,1.07365429693369,0.929084619928429,1.74220738151408,29.6610424493452
8.30396825396825,1.07356441202548,0.929142803333757,1.7413741634477,29.6618191042977
8.30406746031746,1.0734745157668,0.929200927845928,1.7405413443913,29.6625956293203
8.30416666666667,1.07338460818416,0.929258993488526,1.73970892415559,29.6633720244492
8.30426587301587,1.0732946893041,0.929317000285108,1.73887690255134,29.6641482897204
8.30436507936508,1.07320475915321,0.929374948259203,1.73804527938938,29.66492442517
8.30446428571429,1.07311481775811,0.929432837434311,1.73721405448067,29.6657004308338
8.30456349206349,1.07302486514545,0.929490667833908,1.73638322763617,29.6664763067478
8.3046626984127,1.07293490134192,0.92954843948144,1.73555279866696,29.667252052948
8.30476190476191,1.07284492637425,0.929606152400326,1.73472276738415,29.6680276694702
8.30486111111111,1.07275494026922,0.929663806613958,1.73389313359895,29.6688031563503
8.30496031746032,1.07266494305361,0.9297214021457,1.73306389712263,29.6695785136241
8.30505952380952,1.07257493475427,0.929778939018888,1.73223505776652,29.6703537413274
8.30515873015873,1.07248491539807,0.929836417256831,1.73140661534205,29.671128839496
8.30525793650794,1.07239488501192,0.929893836882811,1.7305785696607,29.6719038081656
8.30535714285714,1.07230484362277,0.929951197920081,1.72975092053401,29.6726786473719
8.30545634920635,1.0722147912576,0.930008500391869,1.72892366777361,29.6734533571505
8.30555555555556,1.07212472794343,0.930065744321373,1.72809681119119,29.6742279375371
8.30565476190476,1.07203465370733,0.930122929731763,1.72727035059851,29.6750023885673
8.30575396825397,1.07194456857637,0.930180056646185,1.72644428580741,29.6757767102767
8.30585317460318,1.0718544725777,0.930237125087756,1.72561861662978,29.6765509027008
8.30595238095238,1.07176436573847,0.930294135079562,1.72479334287762,29.6773249658751
8.30605158730159,1.07167424808589,0.930351086644665,1.72396846436297,29.6780988998352
8.30615079365079,1.0715841196472,0.9304079798061,1.72314398089792,29.6788727046164
8.30625,1.07149398044968,0.930464814586873,1.72231989229468,29.6796463802542
8.30634920634921,1.07140383052062,0.930521591009962,1.72149619836549,29.6804199267839
8.30644841269841,1.07131366988739,0.930578309098318,1.72067289892269,29.681193344241
8.30654761904762,1.07122349857737,0.930634968874866,1.71984999377867,29.6819666326607
8.30664682539683,1.07113331661797,0.930691570362501,1.7190274827459,29.6827397920784
8.30674603174603,1.07104312403667,0.930748113584092,1.7182053656369,29.6835128225293
8.30684523809524,1.07095292086093,0.93080459856248,1.7173836422643,29.6842857240486
8.30694444444444,1.07086270711831,0.930861025320479,1.71656231244077,29.6850584966716
8.30704365079365,1.07077248283637,0.930917393880875,1.71574137597906,29.6858311404334
8.30714285714286,1.0706822480427,0.930973704266426,1.71492083269198,29.6866036553691
8.30724206349206,1.07059200276495,0.931029956499863,1.71410068239243,29.6873760415139
8.30734126984127,1.0705017470308,0.931086150603891,1.71328092489335,29.6881482989029
8.30744047619048,1.07041148086795,0.931142286601184,1.71246156000779,29.688920427571
8.30753968253968,1.07032120430416,0.931198364514391,1.71164258754885,29.6896924275534
8.30763888888889,1.07023091736721,0.931254384366134,1.71082400732969,29.6904642988849
8.3077380952381,1.07014062008492,0.931310346179005,1.71000581916356,29.6912360416006
8.3078373015873,1.07005031248516,0.93136624997557,1.70918802286377,29.6920076557353
8.30793650793651,1.06995999459581,0.931422095778368,1.70837061824369,29.692779141324
8.30803571428571,1.0698696664448,0.93147788360991,1.70755360511679,29.6935504984016
8.30813492063492,1.06977932806011,0.931533613492679,1.70673698329657,29.6943217270027
8.30823412698413,1.06968897946974,0.931589285449131,1.70592075259664,29.6950928271623
8.30833333333333,1.06959862070173,0.931644899501694,1.70510491283066,29.6958637989152
8.30843253968254,1.06950825178415,0.931700455672769,1.70428946381236,29.696634642296
8.30853174603175,1.06941787274513,0.931755953984729,1.70347440535554,29.6974053573394
8.30863095238095,1.0693274836128,0.93181139445992,1.70265973727408,29.6981759440802
8.30873015873016,1.06923708441536,0.931866777120659,1.70184545938193,29.6989464025529
8.30882936507937,1.06914667518102,0.931922101989239,1.70103157149308,29.6997167327922
8.30892857142857,1.06905625593805,0.931977369087921,1.70021807342165,29.7004869348327
8.30902777777778,1.06896582671474,0.932032578438942,1.69940496498177,29.7012570087089
8.30912698412699,1.06887538753943,0.932087730064509,1.69859224598768,29.7020269544554
8.30922619047619,1.06878493844048,0.932142823986802,1.69777991625366,29.7027967721066
8.3093253968254,1.06869447944629,0.932197860227976,1.6969679755941,29.7035664616969
8.3094246031746,1.06860401058532,0.932252838810156,1.69615642382341,29.7043360232609
8.30952380952381,1.06851353188603,0.93230775975544,1.69534526075612,29.7051054568328
8.30962301587302,1.06842304337694,0.932362623085897,1.6945344862068,29.7058747624472
8.30972222222222,1.06833254508661,0.932417428823572,1.69372409999009,29.7066439401382
8.30982142857143,1.06824203704361,0.932472176990479,1.69291410192072,29.7074129899403
8.30992063492064,1.06815151927657,0.932526867608606,1.69210449181347,29.7081819118876
8.31001984126984,1.06806099181416,0.932581500699915,1.6912952694832,29.7089507060144
8.31011904761905,1.06797045468506,0.932636076286337,1.69048643474485,29.7097193723549
8.31021825396825,1.06787990791801,0.932690594389778,1.68967798741341,29.7104879109434
8.31031746031746,1.06778935154179,0.932745055032117,1.68886992730393,29.7112563218139
8.31041666666667,1.06769878558519,0.932799458235202,1.68806225423159,29.7120246050005
8.31051587301587,1.06760821007706,0.932853804020858,1.68725496801159,29.7127927605374
8.31061507936508,1.06751762504627,0.932908092410878,1.6864480684592,29.7135607884586
8.31071428571429,1.06742703052175,0.932962323427032,1.68564155538977,29.7143286887982
8.31081349206349,1.06733642653244,0.933016497091059,1.68483542861873,29.71509646159
8.3109126984127,1.06724581310733,0.933070613424672,1.68402968796157,29.7158641068681
8.31101190476191,1.06715519027544,0.933124672449556,1.68322433323386,29.7166316246664
8.31111111111111,1.06706455806585,0.933178674187368,1.68241936425122,29.7173990150189
8.31121031746032,1.06697391650763,0.93323261865974,1.68161478082935,29.7181662779593
8.31130952380952,1.06688326562994,0.933286505888273,1.68081058278405,29.7189334135215
8.31140873015873,1.06679260546193,0.933340335894542,1.68000676993113,29.7197004217393
8.31150793650794,1.06670193603281,0.933394108700096,1.67920334208653,29.7204673026465
8.31160714285714,1.06661125737184,0.933447824326454,1.67840029906623,29.7212340562769
8.31170634920635,1.06652056950827,0.933501482795109,1.67759764068627,29.722000682664
8.31180555555556,1.06642987247144,0.933555084127526,1.67679536676278,29.7227671818418
8.31190476190476,1.0663391662907,0.933608628345141,1.67599347711198,29.7235335538437
8.31200396825397,1.06624845099543,0.933662115469366,1.67519197155011,29.7242997987033
8.31210317460318,1.06615772661506,0.933715545521582,1.67439084989352,29.7250659164544
8.31220238095238,1.06606699317905,0.933768918523144,1.67359011195861,29.7258319071304
8.31230158730159,1.0659762507169,0.93382223449538,1.67278975756186,29.7265977707649
8.31240079365079,1.06588549925814,0.93387549345959,1.67198978651982,29.7273635073913
8.3125,1.06579473883234,0.933928695437046,1.6711901986491,29.7281291170432
8.31259920634921,1.06570396946912,0.933981840448993,1.6703909937664,29.7288945997539
8.31269841269841,1.06561319119812,0.934034928516648,1.66959217168846,29.7296599555569
8.31279761904762,1.065522404049,0.934087959661201,1.66879373223213,29.7304251844855
8.31289682539682,1.06543160805151,0.934140933903814,1.6679956752143,29.7311902865731
8.31299603174603,1.06534080323537,0.934193851265622,1.66719800045194,29.731955261853
8.31309523809524,1.0652499896304,0.934246711767733,1.6664007077621,29.7327201103584
8.31319444444444,1.0651591672664,0.934299515431225,1.66560379696187,29.7334848321226
8.31329365079365,1.06506833617325,0.934352262277151,1.66480726786843,29.7342494271789
8.31339285714286,1.06497749638085,0.934404952326536,1.66401112029906,29.7350138955603
8.31349206349206,1.06488664791912,0.934457585600376,1.66321535407107,29.7357782373002
8.31359126984127,1.06479579081804,0.934510162119641,1.66241996900184,29.7365424524315
8.31369047619048,1.06470492510762,0.934562681905274,1.66162496490884,29.7373065409874
8.31378968253968,1.06461405081791,0.934615144978189,1.6608303416096,29.7380705030009
8.31388888888889,1.06452316797898,0.934667551359272,1.66003609892173,29.7388343385051
8.31398809523809,1.06443227662096,0.934719901069385,1.65924223666289,29.7395980475329
8.3140873015873,1.06434137677399,0.934772194129357,1.65844875465084,29.7403616301174
8.31418650793651,1.06425046846826,0.934824430559995,1.65765565270339,29.7411250862914
8.31428571428571,1.06415955173402,0.934876610382074,1.65686293063841,29.7418884160879
8.31438492063492,1.06406862660151,0.934928733616344,1.65607058827387,29.7426516195398
8.31448412698413,1.06397769310103,0.934980800283528,1.65527862542779,29.7434146966799
8.31458333333333,1.06388675126294,0.935032810404319,1.65448704191827,29.7441776475409
8.31468253968254,1.06379580111759,0.935084763999385,1.65369583756347,29.7449404721558
8.31478174603175,1.06370484269539,0.935136661089365,1.65290501218162,29.7457031705572
8.31488095238095,1.0636138760268,0.93518850169487,1.65211456559105,29.7464657427778
8.31498015873016,1.06352290114229,0.935240285836484,1.65132449761011,29.7472281888504
8.31507936507936,1.06343191807238,0.935292013534766,1.65053480805727,29.7479905088076
8.31517857142857,1.06334092684763,0.935343684810242,1.64974549675104,29.748752702682
8.31527777777778,1.06324992749863,0.935395299683417,1.64895656351,29.7495147705062
8.31537698412698,1.063158920056,0.935446858174763,1.64816800815281,29.7502767123128
8.31547619047619,1.06306790455042,0.935498360304728,1.64737983049821,29.7510385281344
8.3155753968254,1.06297688101257,0.93554980609373,1.64659203036498,29.7518002180033
8.3156746031746,1.06288584947321,0.935601195562161,1.64580460757201,29.7525617819522
8.31577380952381,1.0627948099631,0.935652528730385,1.64501756193823,29.7533232200134
8.31587301587301,1.06270376251305,0.935703805618739,1.64423089328266,29.7540845322193
8.31597222222222,1.06261270715391,0.935755026247532,1.64344460142436,29.7548457186023
8.31607142857143,1.06252164391656,0.935806190637046,1.6426586861825,29.7556067791948
8.31617063492063,1.06243057283192,0.935857298807534,1.64187314737629,29.7563677140291
8.31626984126984,1.06233949393095,0.935908350779224,1.64108798482502,29.7571285231375
8.31636904761905,1.06224840724464,0.935959346572312,1.64030319834806,29.7578892065522
8.31646825396825,1.06215731280401,0.936010286206973,1.63951878776485,29.7586497643054
8.31656746031746,1.06206621064015,0.936061169703348,1.63873475289488,29.7594101964294
8.31666666666667,1.06197510078413,0.936111997081555,1.63795109355772,29.7601705029563
8.31676587301587,1.06188398326711,0.936162768361683,1.63716780957303,29.7609306839181
8.31686507936508,1.06179285812026,0.936213483563793,1.6363849007605,29.7616907393472
8.31696428571429,1.06170172537478,0.936264142707918,1.63560236693994,29.7624506692754
8.31706349206349,1.06161058506193,0.936314745814065,1.63482020793119,29.7632104737348
8.3171626984127,1.06151943721299,0.936365292902214,1.63403842355417,29.7639701527575
8.3172619047619,1.06142828185928,0.936415783992314,1.63325701362889,29.7647297063754
8.31736111111111,1.06133711903216,0.936466219104291,1.63247597797541,29.7654891346204
8.31746031746032,1.06124594876302,0.936516598258039,1.63169531641386,29.7662484375245
8.31755952380952,1.06115477108328,0.936566921473429,1.63091502876445,29.7670076151195
8.31765873015873,1.06106358602442,0.9366171887703,1.63013511484745,29.7677666674374
8.31775793650794,1.06097239361794,0.936667400168468,1.62935557448321,29.7685255945098
8.31785714285714,1.06088119389538,0.936717555687717,1.62857640749217,29.7692843963687
8.31795634920635,1.06078998688831,0.936767655347806,1.62779761369479,29.7700430730457
8.31805555555556,1.06069877262834,0.936817699168467,1.62701919291164,29.7708016245727
8.31815476190476,1.06060755114713,0.936867687169403,1.62624114496334,29.7715600509812
8.31825396825397,1.06051632247635,0.93691761937029,1.6254634696706,29.7723183523029
8.31835317460317,1.06042508664773,0.936967495790776,1.62468616685418,29.7730765285695
8.31845238095238,1.06033384369303,0.937017316450483,1.62390923633493,29.7738345798127
8.31855158730159,1.06024259364403,0.937067081369005,1.62313267793375,29.7745925060638
8.31865079365079,1.06015133653258,0.937116790565906,1.62235649147162,29.7753503073546
8.31875,1.06006007239054,0.937166444060726,1.6215806767696,29.7761079837165
8.31884920634921,1.0599688012498,0.937216041872976,1.6208052336488,29.7768655351809
8.31894841269841,1.05987752314232,0.937265584022138,1.62003016193042,29.7776229617794
8.31904761904762,1.05978623810006,0.937315070527669,1.61925546143572,29.7783802635433
8.31914682539682,1.05969494615504,0.937364501408998,1.61848113198603,29.7791374405041
8.31924603174603,1.05960364733931,0.937413876685524,1.61770717340274,29.779894492693
8.31934523809524,1.05951234168495,0.937463196376621,1.61693358550735,29.7806514201415
8.31944444444444,1.05942102922409,0.937512460501636,1.61616036812138,29.7814082228807
8.31954365079365,1.05932970998888,0.937561669079885,1.61538752106646,29.782164900942
8.31964285714286,1.05923838401153,0.93761082213066,1.61461504416427,29.7829214543566
8.31974206349206,1.05914705132425,0.937659919673225,1.61384293723655,29.7836778831557
8.31984126984127,1.05905571195932,0.937708961726814,1.61307120010514,29.7844341873705
8.31994047619048,1.05896436594905,0.937757948310637,1.61229983259193,29.785190367032
8.32003968253968,1.05887301332577,0.937806879443873,1.61152883451889,29.7859464221714
8.32013888888889,1.05878165412186,0.937855755145676,1.61075820570804,29.7867023528198
8.32023809523809,1.05869028836973,0.937904575435171,1.60998794598151,29.7874581590082
8.3203373015873,1.05859891610184,0.937953340331457,1.60921805516145,29.7882138407677
8.32043650793651,1.05850753735067,0.938002049853604,1.60844853307013,29.7889693981291
8.32053571428571,1.05841615214874,0.938050704020654,1.60767937952985,29.7897248311236
8.32063492063492,1.05832476052861,0.938099302851625,1.60691059436301,29.7904801397819
8.32073412698413,1.05823336252288,0.938147846365504,1.60614217739205,29.7912353241349
8.32083333333333,1.05814195816419,0.93819633458125,1.60537412843953,29.7919903842136
8.32093253968254,1.05805054748519,0.938244767517797,1.60460644732802,29.7927453200488
8.32103174603175,1.0579591305186,0.938293145194051,1.6038391338802,29.7935001316712
8.32113095238095,1.05786770729715,0.938341467628889,1.6030721879188,29.7942548191116
8.32123015873016,1.05777627785363,0.938389734841162,1.60230560926665,29.7950093824007
8.32132936507936,1.05768484222085,0.938437946849692,1.60153939774661,29.7957638215693
8.32142857142857,1.05759340043165,0.938486103673275,1.60077355318164,29.796518136648
8.32152777777778,1.05750195251893,0.938534205330679,1.60000807539476,29.7972723276675
8.32162698412698,1.05741049851562,0.938582251840643,1.59924296420905,29.7980263946584
8.32172619047619,1.05731903845466,0.938630243221882,1.59847821944769,29.7987803376512
8.3218253968254,1.05722757236906,0.93867817949308,1.5977138409339,29.7995341566764
8.3219246031746,1.05713610029185,0.938726060672894,1.59694982849098,29.8002878517647
8.32202380952381,1.0570446222561,0.938773886779956,1.59618618194231,29.8010414229465
8.32212301587301,1.05695313829492,0.938821657832867,1.59542290111133,29.8017948702523
8.32222222222222,1.05686164844144,0.938869373850203,1.59465998582154,29.8025481937124
8.32232142857143,1.05677015272885,0.938917034850511,1.59389743589655,29.8033013933573
8.32242063492064,1.05667865119037,0.938964640852312,1.59313525116,29.8040544692173
8.32251984126984,1.05658714385924,0.939012191874098,1.59237343143562,29.8048074213227
8.32261904761905,1.05649563076875,0.939059687934334,1.59161197654719,29.8055602497039
8.32271825396825,1.05640411195223,0.939107129051457,1.59085088631859,29.8063129543911
8.32281746031746,1.05631258744303,0.939154515243879,1.59009016057375,29.8070655354146
8.32291666666667,1.05622105727456,0.939201846529981,1.58932979913668,29.8078179928045
8.32301587301587,1.05612952148026,0.939249122928118,1.58856980183144,29.8085703265911
8.32311507936508,1.05603798009358,0.939296344456617,1.5878101684822,29.8093225368045
8.32321428571429,1.05594643314803,0.93934351113378,1.58705089891316,29.8100746234747
8.32331349206349,1.05585488067717,0.939390622977877,1.58629199294861,29.810826586632
8.3234126984127,1.05576332271457,0.939437680007154,1.58553345041291,29.8115784263062
8.3235119047619,1.05567175929384,0.939484682239829,1.58477527113049,29.8123301425275
8.32361111111111,1.05558019044865,0.939531629694091,1.58401745492584,29.8130817353259
8.32371031746032,1.05548861621267,0.939578522388103,1.58326000162353,29.8138332047312
8.32380952380952,1.05539703661963,0.939625360339998,1.58250291104821,29.8145845507735
8.32390873015873,1.0553054517033,0.939672143567885,1.58174618302458,29.8153357734825
8.32400793650794,1.05521386149747,0.939718872089844,1.58098981737743,29.8160868728882
8.32410714285714,1.05512226603598,0.939765545923925,1.5802338139316,29.8168378490205
8.32420634920635,1.0550306653527,0.939812165088155,1.57947817251201,29.8175887019091
8.32430555555556,1.05493905948153,0.939858729600531,1.57872289294366,29.8183394315837
8.32440476190476,1.05484744845643,0.939905239479022,1.5779679750516,29.8190900380742
8.32450396825397,1.05475583231137,0.93995169474157,1.57721341866096,29.8198405214102
8.32460317460317,1.05466421108037,0.939998095406089,1.57645922359695,29.8205908816214
8.32470238095238,1.05457258479748,0.940044441490468,1.57570538968485,29.8213411187375
8.32480158730159,1.0544809534968,0.940090733012565,1.57495191674998,29.822091232788
8.32490079365079,1.05438931721244,0.940136969990213,1.57419880461777,29.8228412238026
8.325,1.05429767597858,0.940183152441216,1.5734460531137,29.8235910918108
8.32509920634921,1.0542060298294,0.940229280383352,1.57269366206333,29.8243408368422
8.32519841269841,1.05411437879915,0.940275353834369,1.57194163129226,29.8250904589262
8.32529761904762,1.0540227229221,0.94032137281199,1.57118996062621,29.8258399580923
8.32539682539683,1.05393106223256,0.940367337333908,1.57043864989093,29.8265893343699
8.32549603174603,1.05383939676487,0.940413247417792,1.56968769891227,29.8273385877884
8.32559523809524,1.05374772655342,0.940459103081279,1.56893710751612,29.8280877183772
8.32569444444444,1.05365605163262,0.940504904341984,1.56818687552846,29.8288367261656
8.32579365079365,1.05356437203692,0.940550651217488,1.56743700277534,29.829585611183
8.32589285714286,1.05347268780082,0.94059634372535,1.56668748908288,29.8303343734585
8.32599206349206,1.05338099895884,0.940641981883099,1.56593833427725,29.8310830130216
8.32609126984127,1.05328930554555,0.940687565708237,1.56518953818473,29.8318315299012
8.32619047619048,1.05319760759555,0.940733095218237,1.56444110063163,29.8325799241267
8.32628968253968,1.05310590514348,0.940778570430547,1.56369302144436,29.8333281957272
8.32638888888889,1.053014198224,0.940823991362585,1.56294530044937,29.8340763447319
8.32648809523809,1.05292248687183,0.940869358031744,1.56219793747322,29.8348243711697
8.3265873015873,1.05283077112171,0.940914670455388,1.56145093234251,29.8355722750698
8.32668650793651,1.05273905100843,0.940959928650854,1.56070428488391,29.8363200564611
8.32678571428571,1.0526473265668,0.941005132635449,1.55995799492418,29.8370677153728
8.32688492063492,1.05255559783168,0.941050282426456,1.55921206229015,29.8378152518337
8.32698412698413,1.05246386483796,0.94109537804113,1.55846648680869,29.8385626658727
8.32708333333333,1.05237212762057,0.941140419496696,1.55772126830678,29.8393099575189
8.32718253968254,1.05228038621447,0.941185406810354,1.55697640661143,29.840057126801
8.32728174603175,1.05218864065467,0.941230339999276,1.55623190154976,29.8408041737478
8.32738095238095,1.0520968909762,0.941275219080604,1.55548775294894,29.8415510983883
8.32748015873016,1.05200513721414,0.941320044071456,1.5547439606362,29.8422979007512
8.32757936507936,1.05191337940359,0.941364814988921,1.55400052443886,29.8430445808652
8.32767857142857,1.05182161757971,0.94140953185006,1.55325744418431,29.843791138759
8.32777777777778,1.05172985177767,0.941454194671908,1.55251471969999,29.8445375744614
8.32787698412698,1.0516380820327,0.941498803471469,1.55177235081343,29.8452838880009
8.32797619047619,1.05154630838005,0.941543358265724,1.55103033735222,29.8460300794063
8.3280753968254,1.05145453085501,0.941587859071624,1.55028867914403,29.846776148706
8.3281746031746,1.05136274949292,0.941632305906092,1.54954737601659,29.8475220959288
8.32827380952381,1.05127096432913,0.941676698786025,1.54880642779771,29.848267921103
8.32837301587302,1.05117917539906,0.941721037728291,1.54806583431527,29.8490136242571
8.32847222222222,1.05108738273814,0.941765322749732,1.5473255953972,29.8497592054198
8.32857142857143,1.05099558638184,0.941809553867161,1.54658571087153,29.8505046646193
8.32867063492064,1.05090378636568,0.941853731097366,1.54584618056635,29.8512500018841
8.32876984126984,1.05081198272519,0.941897854457103,1.5451070043098,29.8519952172426
8.32886904761905,1.05072017549598,0.941941923963105,1.54436818193012,29.8527403107231
8.32896825396825,1.05062836471365,0.941985939632076,1.5436297132556,29.853485282354
8.32906746031746,1.05053655041387,0.942029901480691,1.54289159811462,29.8542301321634
8.32916666666667,1.05044473263232,0.942073809525598,1.5421538363356,29.8549748601797
8.32926587301587,1.05035291140475,0.94211766378342,1.54141642774707,29.8557194664311
8.32936507936508,1.0502610867669,0.942161464270749,1.54067937217759,29.8564639509458
8.32946428571429,1.0501692587546,0.942205211004152,1.53994266945582,29.8572083137519
8.32956349206349,1.05007742740366,0.942248904000167,1.53920631941047,29.8579525548775
8.3296626984127,1.04998559274998,0.942292543275306,1.53847032187034,29.8586966743508
8.32976190476191,1.04989375482947,0.94233612884605,1.53773467666429,29.8594406721998
8.32986111111111,1.04980191367806,0.942379660728857,1.53699938362125,29.8601845484526
8.32996031746032,1.04971006933175,0.942423138940155,1.53626444257022,29.8609283031371
8.33005952380952,1.04961822182657,0.942466563496345,1.53552985334028,29.8616719362813
8.33015873015873,1.04952637119855,0.9425099344138,1.53479561576055,29.8624154479132
8.33025793650794,1.04943451748381,0.942553251708866,1.53406172966026,29.8631588380606
8.33035714285714,1.04934266071847,0.942596515397862,1.53332819486869,29.8639021067515
8.33045634920635,1.0492508009387,0.942639725497077,1.5325950112152,29.8646452540137
8.33055555555556,1.0491589381807,0.942682882022777,1.53186217852919,29.8653882798751
8.33065476190476,1.04906707248071,0.942725984991195,1.53112969664018,29.8661311843633
8.33075396825397,1.04897520387501,0.942769034418541,1.53039756537772,29.8668739675061
8.33085317460317,1.04888333239991,0.942812030320995,1.52966578457144,29.8676166293313
8.33095238095238,1.04879145809176,0.94285497271471,1.52893435405106,29.8683591698666
8.33105158730159,1.04869958098695,0.942897861615812,1.52820327364635,29.8691015891397
8.33115079365079,1.04860770112189,0.942940697040401,1.52747254318713,29.8698438871781
8.33125,1.04851581853306,0.942983479004544,1.52674216250336,29.8705860640094
8.33134920634921,1.04842393325694,0.943026207524287,1.526012131425,29.8713281196613
8.33144841269841,1.04833204533006,0.943068882615644,1.52528244978211,29.8720700541612
8.33154761904762,1.04824015478899,0.943111504294603,1.52455311740482,29.8728118675367
8.33164682539683,1.04814826167035,0.943154072577126,1.52382413412333,29.8735535598152
8.33174603174603,1.04805636601076,0.943196587479145,1.5230954997679,29.8742951310242
8.33184523809524,1.0479644678469,0.943239049016566,1.52236721416887,29.8750365811911
8.33194444444444,1.0478725672155,0.943281457205266,1.52163927715665,29.8757779103433
8.33204365079365,1.04778066415329,0.943323812061096,1.52091168856172,29.8765191185082
8.33214285714286,1.04768875869707,0.943366113599879,1.52018444821463,29.8772602057129
8.33224206349206,1.04759685088366,0.943408361837411,1.51945755594599,29.878001171985
8.33234126984127,1.04750494074991,0.943450556789459,1.5187310115865,29.8787420173515
8.33244047619048,1.04741302833274,0.943492698471764,1.51800481496692,29.8794827418397
8.33253968253968,1.04732111366905,0.943534786900038,1.51727896591808,29.8802233454769
8.33263888888889,1.04722919679584,0.943576822089968,1.51655346427087,29.8809638282901
8.3327380952381,1.0471372777501,0.94361880405721,1.51582830985627,29.8817041903066
8.3328373015873,1.04704535656887,0.943660732817394,1.51510350250533,29.8824444315534
8.33293650793651,1.04695343328923,0.943702608386125,1.51437904204915,29.8831845520575
8.33303571428571,1.04686150794829,0.943744430778976,1.51365492831892,29.8839245518461
8.33313492063492,1.04676958058322,0.943786200011496,1.51293116114589,29.8846644309462
8.33323412698413,1.04667765123119,0.943827916099204,1.51220774036137,29.8854041893846
8.33333333333333,1.04658571992943,0.943869579057594,1.51148466579678,29.8861438271885
8.33343253968254,1.0464937867152,0.943911188902131,1.51076193728356,29.8868833443846
8.33353174603175,1.04640185162579,0.943952745648252,1.51003955465325,29.8876227409999
8.33363095238095,1.04630991469854,0.943994249311367,1.50931751773747,29.8883620170612
8.33373015873016,1.04621797597083,0.944035699906859,1.50859582636787,29.8891011725953
8.33382936507936,1.04612603548005,0.944077097450082,1.50787448037622,29.8898402076291
8.33392857142857,1.04603409326364,0.944118441956366,1.50715347959431,29.8905791221893
8.33402777777778,1.0459421493591,0.944159733441009,1.50643282385405,29.8913179163026
8.33412698412699,1.04585020380392,0.944200971919284,1.50571251298737,29.8920565899957
8.33422619047619,1.04575825663568,0.944242157406435,1.50499254682633,29.8927951432954
8.3343253968254,1.04566630789194,0.944283289917681,1.504272925203,29.8935335762281
8.3344246031746,1.04557435761034,0.944324369468212,1.50355364794956,29.8942718888206
8.33452380952381,1.04548240582855,0.944365396073188,1.50283471489825,29.8950100810994
8.33462301587302,1.04539045258425,0.944406369747747,1.50211612588137,29.8957481530911
8.33472222222222,1.04529849791518,0.944447290506994,1.50139788073129,29.8964861048222
8.33482142857143,1.04520654185912,0.94448815836601,1.50067997928048,29.8972239363191
8.33492063492064,1.04511458445386,0.944528973339847,1.49996242136145,29.8979616476083
8.33501984126984,1.04502262573726,0.94456973544353,1.49924520680679,29.8986992387162
8.33511904761905,1.04493066574718,0.944610444692056,1.49852833544915,29.8994367096692
8.33521825396825,1.04483870452156,0.944651101100394,1.49781180712127,29.9001740604937
8.33531746031746,1.04474674209834,0.944691704683488,1.49709562165596,29.900911291216
8.33541666666667,1.04465477851552,0.944732255456251,1.49637977888607,29.9016484018624
8.33551587301587,1.0445628138111,0.944772753433572,1.49566427864455,29.9023853924592
8.33561507936508,1.04447084802317,0.944813198630309,1.49494912076441,29.9031222630325
8.33571428571429,1.04437888118982,0.944853591061295,1.49423430507875,29.9038590136086
8.33581349206349,1.04428691334918,0.944893930741333,1.4935198314207,29.9045956442137
8.3359126984127,1.04419494453942,0.944934217685202,1.49280569962349,29.9053321548739
8.33601190476191,1.04410297479876,0.944974451907651,1.49209190952042,29.9060685456153
8.33611111111111,1.04401100416543,0.945014633423402,1.49137846094484,29.906804816464
8.33621031746032,1.04391903267772,0.94505476224715,1.49066535373019,29.907540967446
8.33630952380952,1.04382706037395,0.945094838393561,1.48995258770998,29.9082769985874
8.33640873015873,1.04373508729247,0.945134861877274,1.48924016271778,29.9090129099142
8.33650793650794,1.04364311347166,0.945174832712903,1.48852807858723,29.9097487014522
8.33660714285714,1.04355113894996,0.945214750915031,1.48781633515206,29.9104843732274
8.33670634920635,1.04345916376583,0.945254616498215,1.48710493224604,29.9112199252658
8.33680555555556,1.04336718795777,0.945294429476985,1.48639386970303,29.9119553575931
8.33690476190476,1.04327521156431,0.945334189865842,1.48568314735696,29.9126906702352
8.33700396825397,1.04318323462402,0.945373897679262,1.48497276504182,29.913425863218
8.33710317460318,1.04309125717553,0.94541355293169,1.48426272259168,29.9141609365671
8.33720238095238,1.04299927925746,0.945453155637545,1.48355301984068,29.9148958903083
8.33730158730159,1.04290730090851,0.945492705811221,1.48284365662303,29.9156307244673
8.33740079365079,1.04281532216738,0.94553220346708,1.48213463277301,29.9163654390698
8.3375,1.04272334307285,0.94557164861946,1.48142594812496,29.9171000341414
8.33759920634921,1.04263136366368,0.94561104128267,1.4807176025133,29.9178345097078
8.33769841269841,1.04253938397873,0.945650381470991,1.48000959577253,29.9185688657945
8.33779761904762,1.04244740405684,0.945689669198678,1.4793019277372,29.9193031024271
8.33789682539683,1.04235542393691,0.945728904479957,1.47859459824193,29.9200372196311
8.33799603174603,1.0422634436579,0.945768087329028,1.47788760712145,29.9207712174319
8.33809523809524,1.04217146325876,0.945807217760062,1.4771809542105,29.9215050958551
8.33819444444444,1.04207948277851,0.945846295787203,1.47647463934393,29.9222388549261
8.33829365079365,1.04198750225619,0.945885321424568,1.47576866235666,29.9229724946702
8.33839285714286,1.04189552173089,0.945924294686245,1.47506302308367,29.9237060151129
8.33849206349206,1.04180354124172,0.945963215586297,1.47435772136001,29.9244394162794
8.33859126984127,1.04171156082785,0.946002084138757,1.47365275702078,29.9251726981951
8.33869047619048,1.04161958052846,0.946040900357632,1.47294812990121,29.9259058608852
8.33878968253968,1.04152760038278,0.9460796642569,1.47224383983655,29.926638904375
8.33888888888889,1.04143562043007,0.946118375850513,1.47153988666213,29.9273718286897
8.3389880952381,1.04134364070965,0.946157035152395,1.47083627021336,29.9281046338545
8.3390873015873,1.04125166126084,0.946195642176442,1.4701329903257,29.9288373198945
8.33918650793651,1.04115968212301,0.946234196936523,1.4694300468347,29.9295698868348
8.33928571428571,1.04106770333559,0.94627269944648,1.46872743957599,29.9303023347005
8.33938492063492,1.04097572493802,0.946311149720126,1.46802516838523,29.9310346635167
8.33948412698413,1.04088374696977,0.946349547771247,1.4673232330982,29.9317668733083
8.33958333333333,1.04079176947038,0.946387893613603,1.46662163355071,29.9324989641005
8.33968253968254,1.04069979247939,0.946426187260925,1.46592036957867,29.9332309359181
8.33978174603175,1.0406078160364,0.946464428726915,1.46521944101803,29.9339627887861
8.33988095238095,1.04051584018104,0.946502618025251,1.46451884770484,29.9346945227293
8.33998015873016,1.04042386495298,0.946540755169581,1.46381858947521,29.9354261377727
8.34007936507937,1.04033189039191,0.946578840173527,1.46311866616529,29.9361576339411
8.34017857142857,1.04023991653757,0.946616873050681,1.46241907761136,29.9368890112593
8.34027777777778,1.04014794342975,0.94665485381461,1.46171982364973,29.937620269752
8.34037698412699,1.04005597110825,0.946692782478853,1.46102090411679,29.9383514094441
8.34047619047619,1.03996399961292,0.946730659056921,1.460322318849,29.9390824303601
8.3405753968254,1.03987202898364,0.946768483562296,1.45962406768288,29.9398133325249
8.3406746031746,1.03978005926033,0.946806256008436,1.45892615045503,29.940544115963
8.34077380952381,1.03968809048296,0.946843976408768,1.45822856700214,29.9412747806991
8.34087301587302,1.03959612269151,0.946881644776694,1.45753131716093,29.9420053267577
8.34097222222222,1.03950415592602,0.946919261125587,1.45683440076821,29.9427357541634
8.34107142857143,1.03941219022655,0.946956825468793,1.45613781766088,29.9434660629408
8.34117063492064,1.0393202256332,0.946994337819631,1.45544156767588,29.9441962531144
8.34126984126984,1.03922826218612,0.947031798191391,1.45474565065023,29.9449263247085
8.34136904761905,1.03913629992548,0.947069206597336,1.45405006642103,29.9456562777477
8.34146825396825,1.03904433889149,0.947106563050703,1.45335481482543,29.9463861122563
8.34156746031746,1.03895237912441,0.9471438675647,1.45265989570067,29.9471158282588
8.34166666666667,1.03886042066451,0.947181120152508,1.45196530888407,29.9478454257793
8.34176587301587,1.03876846355211,0.947218320827279,1.45127105421298,29.9485749048424
8.34186507936508,1.03867650782759,0.94725546960214,1.45057713152486,29.9493042654722
8.34196428571429,1.03858455353133,0.947292566490188,1.44988354065722,29.950033507693
8.34206349206349,1.03849260070375,0.947329611504496,1.44919028144764,29.950762631529
8.3421626984127,1.03840064938534,0.947366604658105,1.44849735373378,29.9514916370043
8.34226190476191,1.03830869961659,0.947403545964031,1.44780475735336,29.9522205241433
8.34236111111111,1.03821675143804,0.947440435435262,1.44711249214419,29.9529492929698
8.34246031746032,1.03812480489028,0.94747727308476,1.44642055794412,29.9536779435082
8.34255952380952,1.0380328600139,0.947514058925457,1.4457289545911,29.9544064757824
8.34265873015873,1.03794091684957,0.947550792970259,1.44503768192312,29.9551348898164
8.34275793650794,1.03784897543797,0.947587475232044,1.44434673977828,29.9558631856343
8.34285714285714,1.03775703581982,0.947624105723662,1.44365612799472,29.95659136326
8.34295634920635,1.03766509803589,0.947660684457937,1.44296584641065,29.9573194227174
8.34305555555556,1.03757316212695,0.947697211447663,1.44227589486435,29.9580473640305
8.34315476190476,1.03748122813386,0.94773368670561,1.44158627319421,29.9587751872232
8.34325396825397,1.03738929609747,0.947770110244516,1.44089698123863,29.9595028923192
8.34335317460318,1.03729736605869,0.947806482077095,1.44020801883613,29.9602304793425
8.34345238095238,1.03720543805847,0.947842802216033,1.43951938582528,29.9609579483167
8.34355158730159,1.03711351213777,0.947879070673988,1.4388310820447,29.9616852992656
8.34365079365079,1.03702158833762,0.947915287463589,1.43814310733312,29.962412532213
8.34375,1.03692966669906,0.947951452597439,1.43745546152931,29.9631396471825
8.34384920634921,1.03683774726318,0.947987566088115,1.43676814447213,29.9638666441978
8.34394841269841,1.03674583007111,0.948023627948163,1.43608115600049,29.9645935232825
8.34404761904762,1.036653915164,0.948059638190104,1.43539449595339,29.9653202844603
8.34414682539682,1.03656200258306,0.948095596826431,1.4347081641699,29.9660469277546
8.34424603174603,1.0364700923695,0.948131503869609,1.43402216048914,29.9667734531891
8.34434523809524,1.03637818456461,0.948167359332075,1.43333648475033,29.9674998607871
8.34444444444444,1.03628627920969,0.94820316322624,1.43265113679272,29.9682261505723
8.34454365079365,1.03619437634608,0.948238915564487,1.43196611645566,29.968952322568
8.34464285714286,1.03610247601515,0.94827461635917,1.43128142357858,29.9696783767976
8.34474206349206,1.03601057825833,0.948310265622617,1.43059705800095,29.9704043132846
8.34484126984127,1.03591868311707,0.948345863367128,1.42991301956234,29.9711301320522
8.34494047619048,1.03582679063284,0.948381409604975,1.42922930810236,29.9718558331238
8.34503968253968,1.03573490084719,0.948416904348405,1.42854592346072,29.9725814165226
8.34513888888889,1.03564301380166,0.948452347609634,1.42786286547717,29.973306882272
8.34523809523809,1.03555112953786,0.948487739400852,1.42718013399155,29.9740322303952
8.3453373015873,1.03545924809742,0.948523079734222,1.42649772884378,29.9747574609152
8.34543650793651,1.035367369522,0.948558368621878,1.42581564987383,29.9754825738554
8.34553571428571,1.03527549385332,0.948593606075929,1.42513389692174,29.9762075692388
8.34563492063492,1.03518362113312,0.948628792108453,1.42445246982764,29.9769324470885
8.34573412698413,1.03509175140317,0.948663926731504,1.42377136843171,29.9776572074277
8.34583333333333,1.0349998847053,0.948699009957106,1.42309059257421,29.9783818502792
8.34593253968254,1.03490802108136,0.948734041797257,1.42241014209546,29.9791063756662
8.34603174603175,1.03481616057322,0.948769022263927,1.42173001683588,29.9798307836116
8.34613095238095,1.03472430322283,0.948803951369056,1.42105021663592,29.9805550741384
8.34623015873016,1.03463244907214,0.948838829124562,1.42037074133614,29.9812792472695
8.34632936507936,1.03454059816315,0.94887365554233,1.41969159077714,29.9820033030277
8.34642857142857,1.03444875053789,0.94890843063422,1.4190127647996,29.9827272414359
8.34652777777778,1.03435690623843,0.948943154412065,1.41833426324427,29.9834510625169
8.34662698412698,1.03426506530689,0.948977826887669,1.41765608595198,29.9841747662936
8.34672619047619,1.0341732277854,0.94901244807281,1.41697823276361,29.9848983527886
8.3468253968254,1.03408139371614,0.949047017979237,1.41630070352012,29.9856218220247
8.3469246031746,1.03398956314134,0.949081536618672,1.41562349806256,29.9863451740247
8.34702380952381,1.03389773610325,0.949116004002809,1.41494661623202,29.9870684088111
8.34712301587301,1.03380591264415,0.949150420143317,1.41427005786968,29.9877915264065
8.34722222222222,1.03371409280637,0.949184785051834,1.41359382281678,29.9885145268337
8.34732142857143,1.03362227663227,0.949219098739972,1.41291791091463,29.9892374101152
8.34742063492063,1.03353046416426,0.949253361219316,1.41224232200463,29.9899601762734
8.34751984126984,1.03343865544476,0.949287572501424,1.4115670559282,29.990682825331
8.34761904761905,1.03334685051625,0.949321732597823,1.41089211252691,29.9914053573104
8.34771825396825,1.03325504942124,0.949355841520017,1.41021749164233,29.992127772234
8.34781746031746,1.03316325220228,0.94938989927948,1.40954319311612,29.9928500701242
8.34791666666667,1.03307145890193,0.949423905887658,1.40886921679004,29.9935722510036
8.34801587301587,1.03297966956283,0.949457861355971,1.40819556250588,29.9942943148943
8.34811507936508,1.03288788422762,0.94949176569581,1.40752223010552,29.9950162618188
8.34821428571429,1.032796102939,0.949525618918541,1.4068492194309,29.9957380917992
8.34831349206349,1.03270432573969,0.9495594210355,1.40617653032405,29.996459804858
8.3484126984127,1.03261255267245,0.949593172057996,1.40550416262706,29.9971814010172
8.3485119047619,1.0325207837801,0.949626871997311,1.40483211618207,29.9979028802992
8.34861111111111,1.03242901910545,0.949660520864699,1.40416039083133,29.998624242726
8.34871031746032,1.03233725869138,0.949694118671387,1.40348898641712,29.9993454883199
8.34880952380952,1.03224550258081,0.949727665428574,1.40281790278182,30.0000666171029
8.34890873015873,1.03215375081668,0.949761161147431,1.40214713976787,30.0007876290971
8.34900793650794,1.03206200344197,0.949794605839104,1.40147669721777,30.0015085243245
8.34910714285714,1.0319702604997,0.949827999514709,1.40080657497412,30.0022293028071
8.34920634920635,1.03187852203292,0.949861342185333,1.40013677287956,30.0029499645671
8.34930555555556,1.03178678808473,0.94989463386204,1.39946729077681,30.0036705096261
8.34940476190476,1.03169505869825,0.949927874555863,1.39879812850866,30.0043909380063
8.34950396825397,1.03160333391664,0.949961064277809,1.39812928591798,30.0051112497295
8.34960317460317,1.03151161378312,0.949994203038857,1.39746076284769,30.0058314448176
8.34970238095238,1.03141989834091,0.950027290849958,1.39679255914081,30.0065515232923
8.34980158730159,1.03132818763329,0.950060327722036,1.3961246746404,30.0072714851755
8.34990079365079,1.03123648170357,0.950093313665988,1.3954571091896,30.0079913304889
8.35,1.03114478059509,0.950126248692682,1.39478986263163,30.0087110592544
8.35009920634921,1.03105308435124,0.95015913281296,1.39412293480978,30.0094306714935
8.35019841269841,1.03096139301544,0.950191966037637,1.3934563255674,30.0101501672279
8.35029761904762,1.03086970663114,0.950224748377497,1.39279003474791,30.0108695464793
8.35039682539682,1.03077802524183,0.950257479843301,1.39212406219481,30.0115888092694
8.35049603174603,1.03068634889105,0.950290160445779,1.39145840775165,30.0123079556196
8.35059523809524,1.03059467762236,0.950322790195635,1.39079307126209,30.0130269855515
8.35069444444444,1.03050301147935,0.950355369103546,1.39012805256983,30.0137458990867
8.35079365079365,1.03041135050568,0.950387897180159,1.38946335151865,30.0144646962466
8.35089285714286,1.030319694745,0.950420374436097,1.38879896795238,30.0151833770527
8.35099206349206,1.03022804424105,0.950452800881953,1.38813490171495,30.0159019415264
8.35109126984127,1.03013639903755,0.950485176528294,1.38747115265035,30.0166203896891
8.35119047619048,1.03004475917829,0.950517501385657,1.38680772060262,30.0173387215622
8.35128968253968,1.0299531247071,0.950549775464554,1.38614460541591,30.0180569371669
8.35138888888889,1.02986149566783,0.950581998775469,1.38548180693442,30.0187750365246
8.35148809523809,1.02976987210438,0.950614171328858,1.3848193250024,30.0194930196566
8.3515873015873,1.02967825406067,0.950646293135149,1.3841571594642,30.0202108865841
8.35168650793651,1.02958664158066,0.950678364204743,1.38349531016423,30.0209286373283
8.35178571428571,1.02949503470837,0.950710384548014,1.38283377694696,30.0216462719104
8.35188492063492,1.02940343348783,0.950742354175308,1.38217255965696,30.0223637903515
8.35198412698413,1.02931183796312,0.950774273096944,1.38151165813883,30.0230811926727
8.35208333333333,1.02922024817834,0.950806141323212,1.38085107223728,30.0237984788952
8.35218253968254,1.02912866417765,0.950837958864375,1.38019080179707,30.0245156490399
8.35228174603175,1.02903708600523,0.95086972573067,1.37953084666302,30.0252327031279
8.35238095238095,1.0289455137053,0.950901441932305,1.37887120668003,30.0259496411802
8.35248015873016,1.02885394732212,0.950933107479461,1.37821188169309,30.0266664632177
8.35257936507936,1.02876238689999,0.950964722382291,1.37755287154724,30.0273831692613
8.35267857142857,1.02867083248322,0.950996286650921,1.37689417608758,30.0280997593321
8.35277777777778,1.0285792841162,0.951027800295449,1.3762357951593,30.0288162334507
8.35287698412698,1.02848774184332,0.951059263325947,1.37557772860766,30.0295325916382
8.35297619047619,1.02839620570902,0.951090675752457,1.37491997627797,30.0302488339151
8.3530753968254,1.02830467575778,0.951122037584995,1.37426253801565,30.0309649603024
8.3531746031746,1.02821315203411,0.951153348833549,1.37360541366614,30.0316809708208
8.35327380952381,1.02812163458257,0.95118460950808,1.37294860307499,30.032396865491
8.35337301587301,1.02803012344772,0.951215819618522,1.3722921060878,30.0331126443336
8.35347222222222,1.02793861867421,0.95124697917478,1.37163592255024,30.0338283073693
8.35357142857143,1.02784712030668,0.951278088186731,1.37098005230807,30.0345438546188
8.35367063492064,1.02775562838984,0.951309146664226,1.3703244952071,30.0352592861025
8.35376984126984,1.02766414296841,0.95134015461709,1.36966925109323,30.0359746018412
8.35386904761905,1.02757266408715,0.951371112055116,1.3690143198124,30.0366898018552
8.35396825396825,1.02748119179088,0.951402018988074,1.36835970121064,30.0374048861651
8.35406746031746,1.02738972612444,0.951432875425703,1.36770539513406,30.0381198547913
8.35416666666667,1.0272982671327,0.951463681377717,1.36705140142883,30.0388347077543
8.35426587301587,1.02720681486057,0.951494436853801,1.36639771994117,30.0395494450745
8.35436507936508,1.02711536935301,0.951525141863613,1.3657443505174,30.0402640667723
8.35446428571429,1.02702393065499,0.951555796416783,1.36509129300391,30.0409785728679
8.35456349206349,1.02693249881156,0.951586400522915,1.36443854724714,30.0416929633817
8.3546626984127,1.02684107386775,0.951616954191584,1.36378611309361,30.0424072383339
8.3547619047619,1.02674965586868,0.951647457432337,1.36313399038991,30.0431213977449
8.35486111111111,1.02665824485946,0.951677910254696,1.36248217898271,30.0438354416348
8.35496031746032,1.02656684088528,0.951708312668152,1.36183067871872,30.0445493700238
8.35505952380952,1.02647544399133,0.951738664682171,1.36117948944477,30.045263182932
8.35515873015873,1.02638405422286,0.951768966306191,1.36052861100773,30.0459768803796
8.35525793650794,1.02629267162514,0.951799217549621,1.35987804325452,30.0466904623866
8.35535714285714,1.02620129624348,0.951829418421846,1.35922778603218,30.0474039289732
8.35545634920635,1.02610992812325,0.95185956893222,1.35857783918777,30.0481172801594
8.35555555555556,1.02601856730983,0.95188966909007,1.35792820256845,30.048830515965
8.35565476190476,1.02592721384863,0.951919718904697,1.35727887602146,30.0495436364102
8.35575396825397,1.02583586778512,0.951949718385373,1.35662985939408,30.0502566415148
8.35585317460317,1.0257445291648,0.951979667541344,1.35598115253367,30.0509695312988
8.35595238095238,1.0256531980332,0.952009566381827,1.35533275528768,30.0516823057819
8.35605158730159,1.02556187443589,0.952039414916012,1.35468466750361,30.0523949649842
8.35615079365079,1.02547055841847,0.952069213153061,1.35403688902903,30.0531075089253
8.35625,1.02537925002659,0.952098961102111,1.3533894197116,30.053819937625
8.35634920634921,1.02528794930593,0.952128658772268,1.35274225939902,30.0545322511031
8.35644841269841,1.02519665630219,0.952158306172612,1.35209540793908,30.0552444493794
8.35654761904762,1.02510537106114,0.952187903312195,1.35144886517965,30.0559565324734
8.35664682539683,1.02501409362856,0.952217450200043,1.35080263096864,30.0566685004049
8.35674603174603,1.02492282405028,0.952246946845153,1.35015670515407,30.0573803531935
8.35684523809524,1.02483156237215,0.952276393256495,1.349511087584,30.0580920908587
8.35694444444444,1.02474030864007,0.952305789443011,1.34886577810656,30.0588037134202
8.35704365079365,1.02464906289998,0.952335135413616,1.34822077656997,30.0595152208974
8.35714285714286,1.02455782519785,0.952364431177198,1.3475760828225,30.0602266133099
8.35724206349206,1.02446659557969,0.952393676742616,1.3469316967125,30.0609378906771
8.35734126984127,1.02437537409153,0.952422872118702,1.34628761808841,30.0616490530184
8.35744047619048,1.02428416077946,0.952452017314261,1.34564384679869,30.0623601003533
8.35753968253968,1.02419295568959,0.952481112338071,1.34500038269193,30.0630710327012
8.35763888888889,1.02410175886808,0.952510157198881,1.34435722561674,30.0637818500814
8.35773809523809,1.02401057036111,0.952539151905413,1.34371437542183,30.0644925525132
8.3578373015873,1.02391939021491,0.952568096466362,1.34307183195598,30.0652031400158
8.35793650793651,1.02382821847574,0.952596990890395,1.34242959506801,30.0659136126086
8.35803571428571,1.02373705518991,0.952625835186152,1.34178766460686,30.0666239703108
8.35813492063492,1.02364590040374,0.952654629362245,1.3411460404215,30.0673342131414
8.35823412698413,1.0235547541636,0.952683373427258,1.34050472236098,30.0680443411198
8.35833333333333,1.02346361651591,0.952712067389749,1.33986371027443,30.0687543542651
8.35843253968254,1.02337248750711,0.952740711258246,1.33922300401104,30.0694642525962
8.35853174603175,1.02328136718367,0.952769305041253,1.33858260342008,30.0701740361324
8.35863095238095,1.02319025559212,0.952797848747243,1.33794250835089,30.0708837048925
8.35873015873016,1.02309915277901,0.952826342384663,1.33730271865286,30.0715932588957
8.35882936507936,1.02300805879092,0.952854785961933,1.33666323417547,30.0723026981609
8.35892857142857,1.02291697367449,0.952883179487445,1.33602405476828,30.0730120227071
8.35902777777778,1.02282589747638,0.952911522969563,1.33538518028089,30.0737212325531
8.35912698412698,1.02273483024328,0.952939816416625,1.33474661056299,30.0744303277178
8.35922619047619,1.02264377202194,0.952968059836938,1.33410834546434,30.0751393082201
8.3593253968254,1.02255272285912,0.952996253238786,1.33347038483477,30.0758481740788
8.3594246031746,1.02246168280163,0.953024396630423,1.33283272852417,30.0765569253127
8.35952380952381,1.02237065189632,0.953052490020075,1.33219537638252,30.0772655619405
8.35962301587302,1.02227963019007,0.953080533415941,1.33155832825985,30.077974083981
8.35972222222222,1.02218861772979,0.953108526826193,1.33092158400627,30.0786824914528
8.35982142857143,1.02209761456245,0.953136470258977,1.33028514347196,30.0793907843747
8.35992063492064,1.02200662073503,0.953164363722407,1.32964900650718,30.0800989627652
8.36001984126984,1.02191563629455,0.953192207224573,1.32901317296223,30.0808070266429
8.36011904761905,1.02182466128809,0.953220000773538,1.32837764268751,30.0815149760264
8.36021825396825,1.02173369576274,0.953247744377335,1.32774241553349,30.0822228109343
8.36031746031746,1.02164273976564,0.953275438043971,1.32710749135068,30.0829305313851
8.36041666666667,1.02155179334396,0.953303081781424,1.3264728699897,30.0836381373971
8.36051587301587,1.02146085654491,0.953330675597647,1.32583855130122,30.084345628989
8.36061507936508,1.02136992941574,0.953358219500563,1.32520453513597,30.085053006179
8.36071428571429,1.02127901200372,0.953385713498069,1.32457082134478,30.0857602689857
8.36081349206349,1.02118810435619,0.953413157598035,1.32393740977852,30.0864674174272
8.3609126984127,1.02109720652048,0.953440551808301,1.32330430028813,30.087174451522
8.36101190476191,1.021006318544,0.953467896136681,1.32267149272467,30.0878813712883
8.36111111111111,1.02091544047418,0.953495190590962,1.32203898693921,30.0885881767444
8.36121031746032,1.02082457235847,0.953522435178902,1.32140678278292,30.0892948679085
8.36130952380952,1.02073371424437,0.953549629908234,1.32077488010703,30.0900014447989
8.36140873015873,1.02064286617943,0.95357677478666,1.32014327876284,30.0907079074336
8.36150793650794,1.02055202821122,0.953603869821858,1.31951197860175,30.0914142558308
8.36160714285714,1.02046120038735,0.953630915021476,1.31888097947518,30.0921204900087
8.36170634920635,1.02037038275547,0.953657910393136,1.31825028123466,30.0928266099852
8.36180555555556,1.02027957536325,0.95368485594443,1.31761988373177,30.0935326157785
8.36190476190476,1.02018877825842,0.953711751682926,1.31698978681817,30.0942385074065
8.36200396825397,1.02009799148874,0.953738597616162,1.31635999034558,30.0949442848872
8.36210317460317,1.02000721510199,0.953765393751649,1.31573049416581,30.0956499482386
8.36220238095238,1.01991644914601,0.953792140096872,1.31510129813072,30.0963554974786
8.36230158730159,1.01982569366866,0.953818836659285,1.31447240209226,30.097060932625
8.36240079365079,1.01973494871784,0.953845483446319,1.31384380590241,30.0977662536958
8.3625,1.01964421434149,0.953872080465374,1.31321550941327,30.0984714607087
8.36259920634921,1.01955349058758,0.953898627723823,1.312587512477,30.0991765536815
8.36269841269841,1.01946277750414,0.953925125229012,1.3119598149458,30.0998815326321
8.36279761904762,1.01937207513919,0.953951572988261,1.31133241667197,30.1005863975781
8.36289682539683,1.01928138354084,0.953977971008859,1.31070531750786,30.1012911485372
8.36299603174603,1.01919070275719,0.954004319298072,1.31007851730592,30.1019957855271
8.36309523809524,1.01910003283641,0.954030617863134,1.30945201591863,30.1027003085655
8.36319444444444,1.01900937382669,0.954056866711254,1.30882581319857,30.1034047176699
8.36329365079365,1.01891872577625,0.954083065849613,1.30819990899839,30.1041090128579
8.36339285714286,1.01882808841284,0.954109215415685,1.30757430315948,30.1048131942786
8.36349206349206,1.01873745826854,0.954135316845359,1.30694899541487,30.1055172633919
8.36359126984127,1.01864683438436,0.954161370552863,1.306323985595,30.1062212206257
8.36369047619048,1.01855621675845,0.954187376563074,1.30569927356505,30.1069250660148
8.36378968253968,1.01846560538902,0.954213334900854,1.30507485919026,30.1076287995941
8.36388888888889,1.01837500027428,0.954239245591052,1.30445074233591,30.1083324213983
8.3639880952381,1.01828440141244,0.954265108658503,1.30382692286735,30.1090359314621
8.3640873015873,1.01819380880175,0.954290924128028,1.30320340064992,30.1097393298204
8.36418650793651,1.01810322244046,0.954316692024437,1.30258017554904,30.110442616508
8.36428571428571,1.01801264232683,0.954342412372524,1.30195724743017,30.1111457915594
8.36438492063492,1.01792206845915,0.95436808519707,1.3013346161588,30.1118488550095
8.36448412698413,1.01783150083569,0.954393710522842,1.30071228160047,30.1125518068929
8.36458333333333,1.01774093945479,0.954419288374595,1.30009024362077,30.1132546472444
8.36468253968254,1.01765038431474,0.954444818777069,1.29946850208532,30.1139573760985
8.36478174603175,1.0175598354139,0.954470301754991,1.29884705685979,30.1146599934899
8.36488095238095,1.01746929275062,0.954495737333075,1.2982259078099,30.1153624994534
8.36498015873016,1.01737875632325,0.95452112553602,1.29760505480139,30.1160648940234
8.36507936507936,1.01728822613017,0.954546466388513,1.29698449770007,30.1167671772345
8.36517857142857,1.01719770216979,0.954571759915225,1.29636423637178,30.1174693491215
8.36527777777778,1.0171071844405,0.954597006140818,1.2957442706824,30.1181714097188
8.36537698412699,1.01701667294072,0.954622205089935,1.29512460049785,30.118873359061
8.36547619047619,1.0169261676689,0.954647356787209,1.29450522568411,30.1195751971826
8.3655753968254,1.01683566862348,0.954672461257258,1.2938861461072,30.1202769241182
8.3656746031746,1.01674517580293,0.954697518524688,1.29326736163317,30.1209785399023
8.36577380952381,1.01665468920572,0.95472252861409,1.29264887212812,30.1216800445693
8.36587301587302,1.01656420883035,0.954747491550042,1.29203067745818,30.1223814381537
8.36597222222222,1.01647373467532,0.954772407357107,1.29141277748956,30.1230827206901
8.36607142857143,1.01638326673915,0.954797276059837,1.29079517208846,30.1237838922128
8.36617063492064,1.01629280502038,0.954822097682768,1.29017786112117,30.1244849527562
8.36626984126984,1.01620234951756,0.954846872250425,1.289560844454,30.1251859023548
8.36636904761905,1.01611190022924,0.954871599787318,1.2889441219533,30.125886741043
8.36646825396825,1.01602145715401,0.954896280317942,1.28832769348548,30.1265874688552
8.36656746031746,1.01593102029046,0.954920913866781,1.28771155891698,30.1272880858256
8.36666666666667,1.01584058963719,0.954945500458305,1.28709571811429,30.1279885919888
8.36676587301587,1.01575016519282,0.954970040116968,1.28648017094393,30.1286889873789
8.36686507936508,1.01565974695599,0.954994532867214,1.28586491727247,30.1293892720304
8.36696428571429,1.01556933492535,0.955018978733471,1.28524995696653,30.1300894459775
8.36706349206349,1.01547892909955,0.955043377740154,1.28463528989278,30.1307895092545
8.3671626984127,1.01538852947727,0.955067729911665,1.28402091591791,30.1314894618957
8.36726190476191,1.01529813605721,0.955092035272392,1.28340683490867,30.1321893039353
8.36736111111111,1.01520774883806,0.955116293846709,1.28279304673184,30.1328890354076
8.36746031746032,1.01511736781855,0.955140505658978,1.28217955125425,30.1335886563468
8.36755952380952,1.01502699299741,0.955164670733545,1.28156634834277,30.1342881667871
8.36765873015873,1.01493662437339,0.955188789094745,1.28095343786433,30.1349875667627
8.36775793650794,1.01484626194525,0.955212860766897,1.28034081968588,30.1356868563078
8.36785714285714,1.01475590571176,0.95523688577431,1.27972849367443,30.1363860354565
8.36795634920635,1.01466555567171,0.955260864141275,1.27911645969701,30.137085104243
8.36805555555556,1.01457521182391,0.955284795892072,1.27850471762072,30.1377840627013
8.36815476190476,1.01448487416718,0.955308681050968,1.27789326731269,30.1384829108658
8.36825396825397,1.01439454270034,0.955332519642214,1.27728210864008,30.1391816487703
8.36835317460318,1.01430421742225,0.955356311690051,1.27667124147012,30.139880276449
8.36845238095238,1.01421389833176,0.955380057218703,1.27606066567008,30.140578793936
8.36855158730159,1.01412358542775,0.955403756252382,1.27545038110725,30.1412772012654
8.36865079365079,1.01403327870911,0.955427408815287,1.27484038764898,30.141975498471
8.36875,1.01394297817474,0.955451014931601,1.27423068516266,30.142673685587
8.36884920634921,1.01385268382356,0.955474574625497,1.27362127351572,30.1433717626474
8.36894841269841,1.01376239565449,0.955498087921132,1.27301215257564,30.1440697296862
8.36904761904762,1.0136721136665,0.95552155484265,1.27240332220992,30.1447675867373
8.36914682539683,1.01358183785852,0.955544975414182,1.27179478228614,30.1454653338346
8.36924603174603,1.01349156822955,0.955568349659844,1.27118653267191,30.1461629710122
8.36934523809524,1.01340130477856,0.95559167760374,1.27057857323485,30.1468604983039
8.36944444444444,1.01331104750456,0.95561495926996,1.26997090384268,30.1475579157437
8.36954365079365,1.01322079640657,0.95563819468258,1.26936352436311,30.1482552233654
8.36964285714286,1.01313055148361,0.955661383865662,1.26875643466393,30.148952421203
8.36974206349206,1.01304031273473,0.955684526843257,1.26814963461295,30.1496495092902
8.36984126984127,1.01295008015899,0.9557076236394,1.26754312407803,30.150346487661
8.36994047619048,1.01285985375546,0.955730674278112,1.2669369029271,30.1510433563491
8.37003968253968,1.01276963352324,0.955753678783402,1.26633097102808,30.1517401153883
8.37013888888889,1.01267941946141,0.955776637179266,1.26572532824897,30.1524367648126
8.3702380952381,1.0125892115691,0.955799549489684,1.26511997445781,30.1531333046556
8.3703373015873,1.01249900984544,0.955822415738625,1.26451490952268,30.153829734951
8.37043650793651,1.01240881428956,0.955845235950042,1.26391013331168,30.1545260557328
8.37053571428571,1.01231862490064,0.955868010147877,1.26330564569299,30.1552222670346
8.37063492063492,1.01222844167784,0.955890738356057,1.26270144653482,30.15591836889
8.37073412698413,1.01213826462034,0.955913420598495,1.2620975357054,30.1566143613329
8.37083333333333,1.01204809372735,0.955936056899092,1.26149391307304,30.1573102443969
8.37093253968254,1.01195792899808,0.955958647281733,1.26089057850607,30.1580060181157
8.37103174603175,1.01186777043177,0.955981191770293,1.26028753187287,30.1587016825229
8.37113095238095,1.01177761802764,0.95600369038863,1.25968477304185,30.1593972376522
8.37123015873016,1.01168747178497,0.95602614316059,1.25908230188148,30.1600926835371
8.37132936507937,1.01159733170303,0.956048550110007,1.25848011826027,30.1607880202114
8.37142857142857,1.01150719778109,0.956070911260697,1.25787822204678,30.1614832477086
8.37152777777778,1.01141707001846,0.956093226636467,1.25727661310958,30.1621783660622
8.37162698412699,1.01132694841445,0.956115496261108,1.25667529131733,30.1628733753059
8.37172619047619,1.01123683296839,0.956137720158398,1.2560742565387,30.1635682754731
8.3718253968254,1.01114672367963,0.956159898352102,1.2554735086424,30.1642630665975
8.3719246031746,1.01105662054751,0.956182030865971,1.25487304749721,30.1649577487124
8.37202380952381,1.01096652357142,0.956204117723742,1.25427287297194,30.1656523218515
8.37212301587302,1.01087643275073,0.95622615894914,1.25367298493543,30.1663467860482
8.37222222222222,1.01078634808484,0.956248154565874,1.25307338325657,30.167041141336
8.37232142857143,1.01069626957317,0.956270104597641,1.25247406780432,30.1677353877482
8.37242063492064,1.01060619721514,0.956292009068124,1.25187503844764,30.1684295253184
8.37251984126984,1.0105161310102,0.956313868000993,1.25127629505556,30.16912355408
8.37261904761905,1.0104260709578,0.956335681419905,1.25067783749715,30.1698174740664
8.37271825396825,1.01033601705741,0.956357449348502,1.25007966564151,30.1705112853109
8.37281746031746,1.01024596930851,0.956379171810412,1.24948177935779,30.171204987847
8.37291666666667,1.01015592771061,0.956400848829251,1.2488841785152,30.1718985817079
8.37301587301587,1.01006589226321,0.956422480428622,1.24828686298297,30.172592066927
8.37311507936508,1.00997586296584,0.956444066632111,1.24768983263038,30.1732854435378
8.37321428571429,1.00988583981805,0.956465607463295,1.24709308732676,30.1739787115733
8.37331349206349,1.00979582281938,0.956487102945735,1.24649662694147,30.174671871067
8.3734126984127,1.00970581196941,0.956508553102977,1.24590045134392,30.1753649220522
8.37351190476191,1.00961580726772,0.956529957958556,1.24530456040357,30.176057864562
8.37361111111111,1.00952580871391,0.956551317535993,1.24470895398991,30.1767506986298
8.37371031746032,1.00943581630758,0.956572631858795,1.24411363197248,30.1774434242887
8.37380952380952,1.00934583004837,0.956593900950455,1.24351859422087,30.178136041572
8.37390873015873,1.00925584993591,0.956615124834453,1.2429238406047,30.1788285505129
8.37400793650794,1.00916587596986,0.956636303534256,1.24232937099363,30.1795209511445
8.37410714285714,1.00907590814989,0.956657437073315,1.24173518525738,30.1802132435001
8.37420634920635,1.00898594647567,0.956678525475071,1.2411412832657,30.1809054276127
8.37430555555556,1.00889599094691,0.956699568762949,1.24054766488839,30.1815975035155
8.37440476190476,1.00880604156331,0.956720566960361,1.23995432999529,30.1822894712417
8.37450396825397,1.0087160983246,0.956741520090706,1.23936127845629,30.1829813308243
8.37460317460318,1.00862616123053,0.956762428177369,1.2387685101413,30.1836730822964
8.37470238095238,1.00853623028083,0.95678329124372,1.2381760249203,30.1843647256911
8.37480158730159,1.00844630547528,0.956804109313119,1.23758382266331,30.1850562610414
8.37490079365079,1.00835638681367,0.95682488240891,1.23699190324036,30.1857476883805
8.375,1.00826647429578,0.956845610554422,1.23640026652158,30.1864390077412
8.37509920634921,1.00817656792143,0.956866293772974,1.23580891237708,30.1871302191566
8.37519841269841,1.00808666769044,0.956886932087869,1.23521784067707,30.1878213226598
8.37529761904762,1.00799677360265,0.956907525522397,1.23462705129176,30.1885123182837
8.37539682539682,1.00790688565792,0.956928074099836,1.23403654409143,30.1892032060612
8.37549603174603,1.00781700385609,0.956948577843447,1.23344631894638,30.1898939860253
8.37559523809524,1.00772712819707,0.95696903677648,1.23285637572699,30.1905846582089
8.37569444444444,1.00763725868074,0.956989450922171,1.23226671430363,30.1912752226449
8.37579365079365,1.00754739530702,0.957009820303744,1.23167733454676,30.1919656793663
8.37589285714286,1.00745753807582,0.957030144944405,1.23108823632687,30.1926560284059
8.37599206349206,1.00736768698708,0.957050424867351,1.23049941951447,30.1933462697966
8.37609126984127,1.00727784204076,0.957070660095764,1.22991088398015,30.1940364035712
8.37619047619048,1.00718800323682,0.957090850652811,1.22932262959452,30.1947264297626
8.37628968253968,1.00709817057524,0.957110996561646,1.22873465622822,30.1954163484036
8.37638888888889,1.00700834405601,0.957131097845412,1.22814696375197,30.196106159527
8.37648809523809,1.00691852367915,0.957151154527236,1.22755955203651,30.1967958631656
8.3765873015873,1.00682870944467,0.95717116663023,1.22697242095261,30.1974854593521
8.37668650793651,1.00673890135261,0.957191134177497,1.22638557037112,30.1981749481193
8.37678571428571,1.00664909940303,0.957211057192122,1.2257990001629,30.1988643295
8.37688492063492,1.00655930359598,0.957230935697179,1.22521271019888,30.1995536035268
8.37698412698413,1.00646951393156,0.957250769715727,1.22462670034999,30.2002427702325
8.37708333333333,1.00637973040984,0.957270559270813,1.22404097048726,30.2009318296498
8.37718253968254,1.00628995303093,0.95729030438547,1.22345552048172,30.2016207818114
8.37728174603175,1.00620018179497,0.957310005082716,1.22287035020445,30.2023096267499
8.37738095238095,1.00611041670208,0.957329661385556,1.22228545952659,30.2029983644979
8.37748015873016,1.00602065775241,0.957349273316983,1.22170084831932,30.2036869950881
8.37757936507936,1.00593090494614,0.957368840899975,1.22111651645385,30.2043755185531
8.37767857142857,1.00584115828343,0.957388364157497,1.22053246380144,30.2050639349256
8.37777777777778,1.00575141776448,0.9574078431125,1.21994869023338,30.205752244238
8.37787698412698,1.00566168338949,0.957427277787922,1.21936519562103,30.2064404465229
8.37797619047619,1.0055719551587,0.957446668206687,1.21878197983578,30.207128541813
8.3780753968254,1.00548223307232,0.957466014391705,1.21819904274905,30.2078165301407
8.3781746031746,1.00539251713062,0.957485316365874,1.21761638423232,30.2085044115385
8.37827380952381,1.00530280733384,0.957504574152077,1.2170340041571,30.209192186039
8.37837301587301,1.00521310368228,0.957523787773184,1.21645190239496,30.2098798536747
8.37847222222222,1.00512340617623,0.957542957252051,1.2158700788175,30.210567414478
8.37857142857143,1.00503371481598,0.957562082611522,1.21528853329636,30.2112548684813
8.37867063492063,1.00494402960186,0.957581163874425,1.21470726570324,30.2119422157172
8.37876984126984,1.00485435053421,0.957600201063576,1.21412627590986,30.212629456218
8.37886904761905,1.00476467761336,0.957619194201778,1.21354556378801,30.2133165900162
8.37896825396825,1.00467501083969,0.957638143311818,1.2129651292095,30.2140036171441
8.37906746031746,1.00458535021357,0.957657048416473,1.21238497204618,30.2146905376341
8.37916666666667,1.00449569573539,0.957675909538503,1.21180509216998,30.2153773515186
8.37926587301587,1.00440604740556,0.957694726700656,1.21122548945282,30.21606405883
8.37936507936508,1.0043164052245,0.957713499925667,1.21064616376671,30.2167506596005
8.37946428571429,1.00422676919263,0.957732229236257,1.21006711498368,30.2174371538625
8.37956349206349,1.00413713931041,0.957750914655133,1.20948834297579,30.2181235416482
8.3796626984127,1.00404751557829,0.957769556204988,1.20890984761518,30.21880982299
8.3797619047619,1.00395789799676,0.957788153908503,1.208331628774,30.2194959979202
8.37986111111111,1.00386828656631,0.957806707788344,1.20775368632446,30.2201820664709
8.37996031746032,1.00377868128743,0.957825217867165,1.20717602013881,30.2208680286744
8.38005952380952,1.00368908216065,0.957843684167605,1.20659863008933,30.2215538845629
8.38015873015873,1.00359948918649,0.957862106712289,1.20602151604837,30.2222396341687
8.38025793650794,1.00350990236551,0.957880485523831,1.20544467788828,30.2229252775239
8.38035714285714,1.00342032169827,0.957898820624829,1.20486811548151,30.2236108146607
8.38045634920635,1.00333074718534,0.957917112037869,1.20429182870052,30.2242962456112
8.38055555555556,1.00324117882731,0.957935359785521,1.2037158174178,30.2249815704077
8.38065476190476,1.00315161662478,0.957953563890345,1.20314008150592,30.2256667890821
8.38075396825397,1.00306206057838,0.957971724374885,1.20256462083745,30.2263519016667
8.38085317460317,1.00297251068873,0.957989841261671,1.20198943528503,30.2270369081935
8.38095238095238,1.00288296695648,0.958007914573222,1.20141452472135,30.2277218086945
8.38105158730159,1.00279342938228,0.958025944332042,1.20083988901913,30.228406603202
8.38115079365079,1.00270389796682,0.95804393056062,1.20026552805112,30.2290912917478
8.38125,1.00261437271078,0.958061873281434,1.19969144169013,30.2297758743641
8.38134920634921,1.00252485361487,0.958079772516947,1.19911762980903,30.2304603510828
8.38144841269841,1.00243534067979,0.958097628289608,1.19854409228069,30.231144721936
8.38154761904762,1.00234583390629,0.958115440621855,1.19797082897806,30.2318289869556
8.38164682539682,1.0022563332951,0.958133209536108,1.19739783977411,30.2325131461736
8.38174603174603,1.00216683884699,0.958150935054779,1.19682512454186,30.233197199622
8.38184523809524,1.00207735056273,0.958168617200262,1.19625268315438,30.2338811473326
8.38194444444444,1.00198786844311,0.958186255994938,1.19568051548479,30.2345649893375
8.38204365079365,1.00189839248892,0.958203851461177,1.19510862140623,30.2352487256684
8.38214285714286,1.00180892270099,0.958221403621333,1.19453700079189,30.2359323563574
8.38224206349206,1.00171945908014,0.958238912497748,1.19396565351502,30.2366158814362
8.38234126984127,1.00163000162723,0.958256378112749,1.19339457944889,30.2372993009368
8.38244047619048,1.00154055034309,0.958273800488651,1.19282377846682,30.2379826148909
8.38253968253968,1.00145110522862,0.958291179647753,1.19225325044218,30.2386658233304
8.38263888888889,1.0013616662847,0.958308515612344,1.19168299524839,30.2393489262871
8.38273809523809,1.00127223351222,0.958325808404697,1.19111301275889,30.2400319237928
8.3828373015873,1.00118280691211,0.958343058047071,1.19054330284717,30.2407148158793
8.38293650793651,1.00109338648529,0.958360264561714,1.18997386538678,30.2413976025784
8.38303571428571,1.0010039722327,0.958377427970857,1.1894047002513,30.2420802839217
8.38313492063492,1.0009145641553,0.958394548296721,1.18883580731435,30.242762859941
8.38323412698413,1.00082516225407,0.95841162556151,1.1882671864496,30.2434453306681
8.38333333333333,1.00073576652999,0.958428659787418,1.18769883753075,30.2441276961346
8.38343253968254,1.00064637698406,0.958445650996623,1.18713076043157,30.2448099563721
8.38353174603175,1.0005569936173,0.95846259921129,1.18656295502585,30.2454921114125
8.38363095238095,1.00046761643073,0.95847950445357,1.18599542118742,30.2461741612873
8.38373015873016,1.00037824542539,0.958496366745602,1.18542815879018,30.2468561060282
8.38382936507936,1.00028888060235,0.958513186109509,1.18486116770803,30.2475379456668
8.38392857142857,1.00019952196267,0.958529962567403,1.18429444781496,30.2482196802346
8.38402777777778,1.00011016950744,0.958546696141382,1.18372799898498,30.2489013097633
8.38412698412698,1.00002082323776,0.958563386853527,1.18316182109213,30.2495828342845
8.38422619047619,0.999931483154735,0.958580034725912,1.18259591401052,30.2502642538297
8.3843253968254,0.999842149259503,0.95859663978059,1.18203027761428,30.2509455684304
8.3844246031746,0.999752821553202,0.958613202039607,1.1814649117776,30.2516267781183
8.38452380952381,0.999663500036987,0.95862972152499,1.1808998163747,30.2523078829247
8.38462301587301,0.999574184712029,0.958646198258757,1.18033499127986,30.2529888828812
8.38472222222222,0.999484875579513,0.95866263226291,1.17977043636739,30.2536697780192
8.38482142857143,0.999395572640635,0.958679023559437,1.17920615151162,30.2543505683703
8.38492063492064,0.999306275896611,0.958695372170314,1.17864213658699,30.2550312539658
8.38501984126984,0.999216985348666,0.958711678117503,1.17807839146791,30.2557118348372
8.38511904761905,0.999127700998041,0.958727941422951,1.17751491602888,30.256392311016
8.38521825396825,0.999038422845991,0.958744162108594,1.17695171014442,30.2570726825334
8.38531746031746,0.998949150893786,0.958760340196353,1.1763887736891,30.257752949421
8.38541666666667,0.998859885142709,0.958776475708135,1.17582610653754,30.25843311171
8.38551587301587,0.998770625594057,0.958792568665834,1.17526370856438,30.2591131694319
8.38561507936508,0.998681372249143,0.95880861909133,1.17470157964434,30.2597931226178
8.38571428571429,0.998592125109293,0.958824627006491,1.17413971965215,30.2604729712993
8.38581349206349,0.998502884175847,0.95884059243317,1.17357812846259,30.2611527155075
8.3859126984127,0.998413649450158,0.958856515393206,1.17301680595051,30.2618323552738
8.3860119047619,0.998324420933596,0.958872395908426,1.17245575199075,30.2625118906295
8.38611111111111,0.998235198627544,0.958888234000643,1.17189496645825,30.2631913216057
8.38621031746032,0.998145982533397,0.958904029691655,1.17133444922796,30.2638706482338
8.38630952380952,0.998056772652566,0.958919783003248,1.17077420017487,30.264549870545
8.38640873015873,0.997967568986479,0.958935493957194,1.17021421917403,30.2652289885704
8.38650793650794,0.997878371536573,0.958951162575252,1.16965450610054,30.2659080023413
8.38660714285714,0.997789180304303,0.958966788879166,1.16909506082951,30.2665869118888
8.38670634920635,0.997699995291135,0.958982372890668,1.16853588323612,30.2672657172442
8.38680555555556,0.997610816498552,0.958997914631476,1.16797697319558,30.2679444184385
8.38690476190476,0.997521643928049,0.959013414123293,1.16741833058315,30.2686230155028
8.38700396825397,0.997432477581138,0.95902887138781,1.16685995527414,30.2693015084684
8.38710317460317,0.997343317459342,0.959044286446706,1.16630184714388,30.2699798973663
8.38720238095238,0.997254163564199,0.959059659321642,1.16574400606777,30.2706581822276
8.38730158730159,0.997165015897263,0.959074990034269,1.16518643192123,30.2713363630833
8.38740079365079,0.997075874460101,0.959090278606224,1.16462912457974,30.2720144399646
8.3875,0.996986739254293,0.95910552505913,1.16407208391882,30.2726924129023
8.38759920634921,0.996897610281434,0.959120729414595,1.16351530981402,30.2733702819277
8.38769841269841,0.996808487543135,0.959135891694216,1.16295880214094,30.2740480470716
8.38779761904762,0.996719371041017,0.959151011919575,1.16240256077522,30.2747257083651
8.38789682539683,0.99663026077672,0.95916609011224,1.16184658559257,30.2754032658391
8.38799603174603,0.996541156751896,0.959181126293766,1.16129087646871,30.2760807195246
8.38809523809524,0.99645205896821,0.959196120485696,1.16073543327942,30.2767580694525
8.38819444444444,0.996362967427342,0.959211072709557,1.1601802559005,30.2774353156538
8.38829365079365,0.996273882130987,0.959225982986864,1.15962534420783,30.2781124581593
8.38839285714286,0.996184803080854,0.959240851339118,1.1590706980773,30.278789497
8.38849206349206,0.996095730278665,0.959255677787805,1.15851631738485,30.2794664322068
8.38859126984127,0.996006663726157,0.9592704623544,1.15796220200649,30.2801432638104
8.38869047619048,0.995917603425081,0.959285205060363,1.15740835181824,30.2808199918418
8.38878968253968,0.995828549377203,0.95929990592714,1.15685476669618,30.2814966163318
8.38888888888889,0.995739501584301,0.959314564976165,1.15630144651642,30.2821731373112
8.38898809523809,0.99565046004817,0.959329182228858,1.15574839115513,30.2828495548108
8.3890873015873,0.995561424770617,0.959343757706624,1.1551956004885,30.2835258688613
8.38918650793651,0.995472395753464,0.959358291430856,1.1546430743928,30.2842020794936
8.38928571428571,0.995383372998546,0.959372783422933,1.15409081274429,30.2848781867384
8.38938492063492,0.995294356507716,0.959387233704219,1.15353881541933,30.2855541906265
8.38948412698413,0.995205346282836,0.959401642296068,1.15298708229429,30.2862300911885
8.38958333333333,0.995116342325786,0.959416009219816,1.15243561324559,30.2869058884551
8.38968253968254,0.995027344638459,0.95943033449679,1.15188440814968,30.2875815824572
8.38978174603175,0.99493835322276,0.959444618148299,1.15133346688307,30.2882571732252
8.38988095238095,0.994849368080612,0.959458860195642,1.15078278932232,30.2889326607899
8.38998015873016,0.994760389213949,0.959473060660103,1.150232375344,30.289608045182
8.39007936507936,0.994671416624722,0.959487219562952,1.14968222482477,30.290283326432
8.39017857142857,0.994582450314893,0.959501336925445,1.14913233764129,30.2909585045706
8.39027777777778,0.994493490286441,0.959515412768827,1.14858271367028,30.2916335796283
8.39037698412698,0.994404536541357,0.959529447114327,1.14803335278851,30.2923085516358
8.39047619047619,0.994315589081647,0.959543439983162,1.14748425487278,30.2929834206235
8.3905753968254,0.994226647909333,0.959557391396534,1.14693541979994,30.2936581866222
8.3906746031746,0.994137713026447,0.959571301375632,1.14638684744689,30.2943328496622
8.39077380952381,0.994048784435039,0.959585169941631,1.14583853769054,30.2950074097741
8.39087301587302,0.993959862137172,0.959598997115695,1.14529049040791,30.2956818669884
8.39097222222222,0.993870946134923,0.959612782918971,1.14474270547599,30.2963562213355
8.39107142857143,0.993782036430383,0.959626527372594,1.14419518277186,30.297030472846
8.39117063492064,0.993693133025657,0.959640230497686,1.14364792217261,30.2977046215504
8.39126984126984,0.993604235922865,0.959653892315355,1.14310092355541,30.2983786674789
8.39136904761905,0.99351534512414,0.959667512846694,1.14255418679743,30.2990526106621
8.39146825396825,0.99342646063163,0.959681092112785,1.14200771177593,30.2997264511304
8.39156746031746,0.993337582447497,0.959694630134694,1.14146149836818,30.3004001889141
8.39166666666667,0.993248710573917,0.959708126933475,1.14091554645149,30.3010738240437
8.39176587301587,0.993159845013081,0.959721582530169,1.14036985590324,30.3017473565494
8.39186507936508,0.993070985767193,0.959734996945801,1.13982442660084,30.3024207864617
8.39196428571429,0.992982132838472,0.959748370201385,1.13927925842173,30.3030941138109
8.39206349206349,0.992893286229151,0.95976170231792,1.13873435124341,30.3037673386271
8.3921626984127,0.992804445941476,0.959774993316392,1.13818970494341,30.3044404609409
8.39226190476191,0.992715611977707,0.959788243217774,1.13764531939932,30.3051134807824
8.39236111111111,0.992626784340123,0.959801452043023,1.13710119448876,30.3057863981819
8.39246031746032,0.992537963031012,0.959814619813085,1.1365573300894,30.3064592131697
8.39255952380952,0.992449148052677,0.959827746548891,1.13601372607894,30.3071319257759
8.39265873015873,0.992360339407436,0.959840832271361,1.13547038233514,30.3078045360308
8.39275793650794,0.992271537097621,0.959853877001397,1.13492729873579,30.3084770439647
8.39285714285714,0.992182741125579,0.959866880759892,1.13438447515873,30.3091494496076
8.39295634920635,0.992093951493669,0.959879843567722,1.13384191148184,30.3098217529897
8.39305555555556,0.992005168204267,0.959892765445751,1.13329960758305,30.3104939541413
8.39315476190476,0.991916391259761,0.95990564641483,1.13275756334032,30.3111660530924
8.39325396825397,0.991827620662553,0.959918486495796,1.13221577863166,30.3118380498732
8.39335317460317,0.991738856415062,0.959931285709471,1.13167425333513,30.3125099445137
8.39345238095238,0.991650098519717,0.959944044076665,1.13113298732882,30.3131817370441
8.39355158730159,0.991561346978965,0.959956761618174,1.13059198049087,30.3138534274945
8.39365079365079,0.991472601795265,0.959969438354781,1.13005123269946,30.3145250158948
8.39375,0.99138386297109,0.959982074307255,1.12951074383282,30.3151965022752
8.39384920634921,0.991295130508929,0.95999466949635,1.12897051376921,30.3158678866656
8.39394841269841,0.991206404411285,0.96000722394281,1.12843054238696,30.3165391690961
8.39404761904762,0.991117684680672,0.960019737667361,1.12789082956441,30.3172103495967
8.39414682539683,0.991028971319621,0.96003221069072,1.12735137517996,30.3178814281973
8.39424603174603,0.990940264330677,0.960044643033586,1.12681217911204,30.3185524049279
8.39434523809524,0.990851563716399,0.960057034716648,1.12627324123915,30.3192232798185
8.39444444444444,0.990762869479359,0.96006938576058,1.12573456143981,30.3198940528989
8.39454365079365,0.990674181622145,0.960081696186043,1.12519613959258,30.3205647241992
8.39464285714286,0.990585500147358,0.960093966013682,1.12465797557608,30.3212352937492
8.39474206349206,0.990496825057613,0.960106195264132,1.12412006926897,30.3219057615788
8.39484126984127,0.99040815635554,0.960118383958013,1.12358242054994,30.3225761277178
8.39494047619048,0.990319494043782,0.96013053211593,1.12304502929773,30.3232463921962
8.39503968253968,0.990230838124998,0.960142639758477,1.12250789539114,30.3239165550437
8.39513888888889,0.99014218860186,0.960154706906233,1.12197101870897,30.3245866162901
8.3952380952381,0.990053545477052,0.960166733579762,1.12143439913011,30.3252565759654
8.3953373015873,0.989964908753277,0.960178719799619,1.12089803653347,30.3259264340992
8.39543650793651,0.98987627843325,0.96019066558634,1.120361930798,30.3265961907214
8.39553571428571,0.989787654519698,0.960202570960451,1.11982608180271,30.3272658458617
8.39563492063492,0.989699037015364,0.960214435942463,1.11929048942664,30.3279353995498
8.39573412698413,0.989610425923007,0.960226260552875,1.11875515354886,30.3286048518155
8.39583333333333,0.989521821245396,0.96023804481217,1.11822007404852,30.3292742026884
8.39593253968254,0.989433222985317,0.960249788740819,1.11768525080477,30.3299434521984
8.39603174603175,0.989344631145571,0.960261492359279,1.11715068369684,30.330612600375
8.39613095238095,0.98925604572897,0.960273155687995,1.11661637260398,30.3312816472479
8.39623015873016,0.989167466738343,0.960284778747395,1.11608231740549,30.3319505928468
8.39632936507936,0.989078894176532,0.960296361557897,1.11554851798072,30.3326194372013
8.39642857142857,0.988990328046393,0.960307904139904,1.11501497420905,30.333288180341
8.39652777777778,0.988901768350797,0.960319406513805,1.1144816859699,30.3339568222956
8.39662698412698,0.988813215092628,0.960330868699976,1.11394865314276,30.3346253630945
8.39672619047619,0.988724668274784,0.960342290718779,1.11341587560713,30.3352938027674
8.3968253968254,0.98863612790018,0.960353672590563,1.11288335324258,30.3359621413439
8.3969246031746,0.988547593971742,0.960365014335663,1.11235108592871,30.3366303788534
8.39702380952381,0.988459066492412,0.960376315974401,1.11181907354516,30.3372985153255
8.39712301587302,0.988370545465144,0.960387577527084,1.11128731597161,30.3379665507897
8.39722222222222,0.988282030892909,0.960398799014008,1.11075581308781,30.3386344852754
8.39732142857143,0.988193522778691,0.960409980455454,1.11022456477351,30.3393023188123
8.39742063492064,0.988105021125487,0.960421121871688,1.10969357090854,30.3399700514296
8.39751984126984,0.988016525936309,0.960432223282965,1.10916283137276,30.3406376831569
8.39761904761905,0.987928037214184,0.960443284709525,1.10863234604607,30.3413052140236
8.39771825396825,0.987839554962153,0.960454306171595,1.10810211480841,30.3419726440591
8.39781746031746,0.98775107918327,0.960465287689388,1.10757213753977,30.3426399732928
8.39791666666667,0.987662609880603,0.960476229283103,1.10704241412018,30.3433072017541
8.39801587301587,0.987574147057237,0.960487130972927,1.10651294442972,30.3439743294723
8.39811507936508,0.987485690716267,0.960497992779032,1.10598372834851,30.3446413564768
8.39821428571429,0.987397240860805,0.960508814721578,1.10545476575669,30.3453082827969
8.39831349206349,0.987308797493977,0.96051959682071,1.10492605653448,30.3459751084619
8.3984126984127,0.987220360618923,0.960530339096558,1.10439760056213,30.3466418335012
8.39851190476191,0.987131930238797,0.960541041569243,1.10386939771992,30.347308457944
8.39861111111111,0.987043506356766,0.960551704258869,1.10334144788819,30.3479749818196
8.39871031746032,0.986955088976013,0.960562327185526,1.1028137509473,30.3486414051573
8.39880952380952,0.986866678099733,0.960572910369293,1.10228630677769,30.3493077279862
8.39890873015873,0.986778273731138,0.960583453830233,1.1017591152598,30.3499739503356
8.39900793650794,0.986689875873452,0.960593957588398,1.10123217627414,30.3506400722348
8.39910714285714,0.986601484529915,0.960604421663824,1.10070548970127,30.3513060937128
8.39920634920635,0.986513099703778,0.960614846076534,1.10017905542176,30.351972014799
8.39930555555556,0.98642472139831,0.960625230846539,1.09965287331626,30.3526378355223
8.39940476190476,0.986336349616791,0.960635575993835,1.09912694326544,30.3533035559121
8.39950396825397,0.986247984362518,0.960645881538405,1.09860126515001,30.3539691759973
8.39960317460317,0.986159625638799,0.960656147500217,1.09807583885075,30.3546346958072
8.39970238095238,0.986071273448958,0.960666373899228,1.09755066424845,30.3553001153708
8.39980158730159,0.985982927796336,0.960676560755379,1.09702574122396,30.3559654347172
8.39990079365079,0.985894588684282,0.9606867080886,1.09650106965819,30.3566306538754
8.4,0.985806256116163,0.960696815918805,1.09597664943205,30.3572957728746
8.40009920634921,0.985717930095361,0.960706884265895,1.09545248042653,30.3579607917437
8.40019841269841,0.98562961062527,0.960716913149759,1.09492856252264,30.3586257105117
8.40029761904762,0.985541297709298,0.960726902590271,1.09440489560145,30.3592905292077
8.40039682539683,0.985452991350869,0.960736852607292,1.09388147954407,30.3599552478607
8.40049603174603,0.98536469155342,0.960746763220668,1.09335831423165,30.3606198664995
8.40059523809524,0.985276398320402,0.960756634450234,1.09283539954537,30.3612843851533
8.40069444444444,0.985188111655281,0.96076646631581,1.09231273536647,30.3619488038508
8.40079365079365,0.985099831561537,0.960776258837202,1.09179032157623,30.3626131226211
8.40089285714286,0.985011558042663,0.960786012034203,1.09126815805598,30.363277341493
8.40099206349206,0.984923291102168,0.960795725926593,1.09074624468707,30.3639414604954
8.40109126984127,0.984835030743574,0.960805400534137,1.09022458135091,30.3646054796573
8.40119047619048,0.984746776970416,0.960815035876589,1.08970316792895,30.3652693990074
8.40128968253968,0.984658529786248,0.960824631973686,1.08918200430269,30.3659332185746
8.40138888888889,0.984570289194632,0.960834188845154,1.08866109035366,30.3665969383877
8.4014880952381,0.984482055199148,0.960843706510705,1.08814042596344,30.3672605584756
8.4015873015873,0.984393827803388,0.960853184990036,1.08762001101366,30.367924078867
8.40168650793651,0.984305607010961,0.960862624302833,1.08709984538598,30.3685874995908
8.40178571428571,0.984217392825487,0.960872024468767,1.0865799289621,30.3692508206756
8.40188492063492,0.984129185250602,0.960881385507494,1.08606026162378,30.3699140421502
8.40198412698413,0.984040984289956,0.960890707438659,1.08554084325281,30.3705771640435
8.40208333333333,0.983952789947212,0.960899990281892,1.08502167373103,30.371240186384
8.40218253968254,0.98386460222605,0.96090923405681,1.08450275294031,30.3719031092005
8.40228174603175,0.983776421130161,0.960918438783017,1.08398408076259,30.3725659325217
8.40238095238095,0.983688246663251,0.960927604480101,1.08346565707983,30.3732286563762
8.40248015873016,0.983600078829042,0.960936731167639,1.08294748177404,30.3738912807927
8.40257936507937,0.983511917631268,0.960945818865193,1.08242955472726,30.3745538057998
8.40267857142857,0.983423763073677,0.960954867592314,1.08191187582159,30.3752162314263
8.40277777777778,0.983335615160034,0.960963877368535,1.08139444493918,30.3758785577005
8.40287698412699,0.983247473894115,0.960972848213379,1.08087726196221,30.3765407846512
8.40297619047619,0.983159339279713,0.960981780146355,1.08036032677289,30.377202912307
8.4030753968254,0.983071211320632,0.960990673186957,1.0798436392535,30.3778649406963
8.4031746031746,0.982983090020692,0.960999527354666,1.07932719928634,30.3785268698478
8.40327380952381,0.982894975383728,0.96100834266895,1.07881100675377,30.37918869979
8.40337301587302,0.982806867413587,0.961017119149264,1.07829506153818,30.3798504305513
8.40347222222222,0.982718766114133,0.961025856815047,1.07777936352202,30.3805120621603
8.40357142857143,0.98263067148924,0.961034555685728,1.07726391258777,30.3811735946454
8.40367063492064,0.982542583542801,0.961043215780718,1.07674870861794,30.3818350280351
8.40376984126984,0.982454502278719,0.961051837119419,1.07623375149511,30.382496362358
8.40386904761905,0.982366427700915,0.961060419721217,1.07571904110189,30.3831575976423
8.40396825396825,0.98227835981332,0.961068963605484,1.07520457732094,30.3838187339165
8.40406746031746,0.982190298619882,0.96107746879158,1.07469036003495,30.3844797712091
8.40416666666667,0.982102244124563,0.96108593529885,1.07417638912665,30.3851407095483
8.40426587301587,0.982014196331339,0.961094363146627,1.07366266447884,30.3858015489627
8.40436507936508,0.981926155244199,0.961102752354229,1.07314918597434,30.3864622894804
8.40446428571429,0.981838120867148,0.961111102940961,1.07263595349603,30.3871229311299
8.40456349206349,0.981750093204203,0.961119414926115,1.0721229669268,30.3877834739395
8.4046626984127,0.981662072259397,0.961127688328968,1.07161022614962,30.3884439179376
8.40476190476191,0.981574058036777,0.961135923168786,1.07109773104748,30.3891042631523
8.40486111111111,0.981486050540402,0.961144119464818,1.07058548150344,30.3897645096119
8.40496031746032,0.981398049774349,0.961152277236303,1.07007347740056,30.3904246573448
8.40505952380952,0.981310055742706,0.961160396502463,1.06956171862198,30.3910847063792
8.40515873015873,0.981222068449575,0.961168477282509,1.06905020505086,30.3917446567432
8.40525793650794,0.981134087899076,0.961176519595638,1.06853893657043,30.3924045084652
8.40535714285714,0.981046114095339,0.961184523461032,1.06802791306393,30.3930642615732
8.40545634920635,0.980958147042509,0.961192488897862,1.06751713441467,30.3937239160956
8.40555555555556,0.980870186744747,0.961200415925283,1.06700660050598,30.3943834720604
8.40565476190476,0.980782233206226,0.961208304562437,1.06649631122125,30.3950429294958
8.40575396825397,0.980694286431136,0.961216154828453,1.06598626644392,30.3957022884299
8.40585317460318,0.980606346423678,0.961223966742447,1.06547646605745,30.3963615488909
8.40595238095238,0.980518413188069,0.96123174032352,1.06496690994536,30.3970207109069
8.40605158730159,0.98043048672854,0.961239475590761,1.0644575979912,30.3976797745059
8.40615079365079,0.980342567049335,0.961247172563244,1.06394853007858,30.3983387397159
8.40625,0.980254654154714,0.96125483126003,1.06343970609113,30.3989976065652
8.40634920634921,0.980166748048949,0.961262451700166,1.06293112591254,30.3996563750817
8.40644841269841,0.980078848736329,0.961270033902687,1.06242278942654,30.4003150452934
8.40654761904762,0.979990956221155,0.961277577886613,1.06191469651691,30.4009736172283
8.40664682539682,0.979903070507742,0.961285083670951,1.06140684706746,30.4016320909144
8.40674603174603,0.979815191600421,0.961292551274694,1.06089924096204,30.4022904663798
8.40684523809524,0.979727319503535,0.961299980716821,1.06039187808457,30.4029487436523
8.40694444444444,0.979639454221443,0.9613073720163,1.05988475831897,30.4036069227599
8.40704365079365,0.979551595758517,0.961314725192082,1.05937788154925,30.4042650037306
8.40714285714286,0.979463744119143,0.961322040263107,1.05887124765941,30.4049229865922
8.40724206349206,0.979375899307724,0.9613293172483,1.05836485653356,30.4055808713727
8.40734126984127,0.979288061328673,0.961336556166573,1.05785870805579,30.4062386580998
8.40744047619048,0.979200230186419,0.961343757036825,1.05735280211027,30.4068963468016
8.40753968253968,0.979112405885406,0.96135091987794,1.05684713858121,30.4075539375058
8.40763888888889,0.979024588430092,0.96135804470879,1.05634171735283,30.4082114302403
8.40773809523809,0.978936777824948,0.961365131548232,1.05583653830944,30.4088688250329
8.4078373015873,0.978848974074459,0.961372180415111,1.05533160133537,30.4095261219114
8.40793650793651,0.978761177183125,0.961379191328257,1.05482690631498,30.4101833209035
8.40803571428571,0.978673387155462,0.961386164306487,1.0543224531327,30.4108404220371
8.40813492063492,0.978585603995996,0.961393099368605,1.05381824167298,30.4114974253399
8.40823412698413,0.978497827709271,0.961399996533401,1.05331427182034,30.4121543308397
8.40833333333333,0.978410058299843,0.961406855819651,1.0528105434593,30.4128111385641
8.40843253968254,0.978322295772283,0.961413677246118,1.05230705647447,30.4134678485409
8.40853174603174,0.978234540131175,0.961420460831551,1.05180381075048,30.4141244607978
8.40863095238095,0.978146791381118,0.961427206594686,1.05130080617199,30.4147809753624
8.40873015873016,0.978059049526728,0.961433914554246,1.05079804262374,30.4154373922624
8.40882936507936,0.977971314572631,0.961440584728938,1.05029551999048,30.4160937115255
8.40892857142857,0.977883586523467,0.961447217137459,1.04979323815701,30.4167499331793
8.40902777777778,0.977795865383894,0.961453811798489,1.04929119700818,30.4174060572513
8.40912698412698,0.977708151158581,0.961460368730696,1.04878939642888,30.4180620837692
8.40922619047619,0.977620443852212,0.961466887952736,1.04828783630405,30.4187180127606
8.4093253968254,0.977532743469486,0.961473369483248,1.04778651651866,30.4193738442531
8.4094246031746,0.977445050015115,0.96147981334086,1.04728543695773,30.4200295782741
8.40952380952381,0.977357363493826,0.961486219544186,1.04678459750633,30.4206852148512
8.40962301587301,0.977269683910359,0.961492588111826,1.04628399804955,30.421340754012
8.40972222222222,0.97718201126947,0.961498919062366,1.04578363847254,30.4219961957839
8.40982142857143,0.977094345575927,0.96150521241438,1.0452835186605,30.4226515401945
8.40992063492063,0.977006686834514,0.961511468186428,1.04478363849866,30.4233067872711
8.41001984126984,0.976919035050029,0.961517686397055,1.0442839978723,30.4239619370413
8.41011904761905,0.976831390227282,0.961523867064793,1.04378459666673,30.4246169895325
8.41021825396825,0.976743752371102,0.961530010208162,1.04328543476733,30.4252719447722
8.41031746031746,0.976656121486326,0.961536115845667,1.04278651205949,30.4259268027876
8.41041666666667,0.976568497577809,0.961542183995799,1.04228782842867,30.4265815636062
8.41051587301587,0.97648088065042,0.961548214677038,1.04178938376036,30.4272362272555
8.41061507936508,0.976393270709041,0.961554207907846,1.04129117794009,30.4278907937627
8.41071428571429,0.976305667758569,0.961560163706677,1.04079321085344,30.4285452631552
8.41081349206349,0.976218071803915,0.961566082091966,1.04029548238603,30.4291996354603
8.4109126984127,0.976130482850003,0.961571963082138,1.03979799242353,30.4298539107053
8.4110119047619,0.976042900901773,0.961577806695604,1.03930074085165,30.4305080889176
8.41111111111111,0.975955325964178,0.96158361295076,1.03880372755613,30.4311621701245
8.41121031746032,0.975867758042187,0.96158938186599,1.03830695242276,30.4318161543531
8.41130952380952,0.975780197140779,0.961595113459664,1.03781041533739,30.4324700416307
8.41140873015873,0.975692643264952,0.961600807750137,1.03731411618589,30.4331238319846
8.41150793650794,0.975605096419715,0.961606464755753,1.03681805485418,30.433777525442
8.41160714285714,0.975517556610092,0.96161208449484,1.03632223122823,30.4344311220301
8.41170634920635,0.975430023841122,0.961617666985714,1.03582664519405,30.435084621776
8.41180555555556,0.975342498117859,0.961623212246676,1.03533129663768,30.435738024707
8.41190476190476,0.975254979445367,0.961628720296017,1.03483618544523,30.4363913308503
8.41200396825397,0.975167467828729,0.96163419115201,1.03434131150283,30.4370445402328
8.41210317460317,0.975079963273039,0.961639624832916,1.03384667469666,30.4376976528818
8.41220238095238,0.974992465783406,0.961645021356984,1.03335227491295,30.4383506688244
8.41230158730159,0.974904975364954,0.961650380742447,1.03285811203795,30.4390035880877
8.41240079365079,0.97481749202282,0.961655703007527,1.03236418595798,30.4396564106987
8.4125,0.974730015762157,0.96166098817043,1.03187049655939,30.4403091366845
8.41259920634921,0.974642546588129,0.96166623624935,1.03137704372857,30.4409617660722
8.41269841269841,0.974555084505918,0.961671447262467,1.03088382735197,30.4416142988888
8.41279761904762,0.974467629520717,0.961676621227947,1.03039084731606,30.4422667351612
8.41289682539682,0.974380181637735,0.961681758163944,1.02989810350737,30.4429190749165
8.41299603174603,0.974292740862194,0.961686858088596,1.02940559581247,30.4435713181817
8.41309523809524,0.97420530719933,0.96169192102003,1.02891332411795,30.4442234649838
8.41319444444444,0.974117880654396,0.961696946976358,1.02842128831049,30.4448755153496
8.41329365079365,0.974030461232656,0.961701935975677,1.02792948827678,30.4455274693062
8.41339285714286,0.97394304893939,0.961706888036075,1.02743792390355,30.4461793268804
8.41349206349206,0.97385564377989,0.961711803175621,1.02694659507758,30.4468310880991
8.41359126984127,0.973768245759465,0.961716681412374,1.02645550168571,30.4474827529893
8.41369047619048,0.973680854883436,0.961721522764379,1.0259646436148,30.4481343215778
8.41378968253968,0.973593471157139,0.961726327249666,1.02547402075175,30.4487857938914
8.41388888888889,0.973506094585924,0.961731094886253,1.02498363298353,30.4494371699571
8.41398809523809,0.973418725175156,0.961735825692143,1.02449348019713,30.4500884498015
8.4140873015873,0.973331362930213,0.961740519685327,1.0240035622796,30.4507396334516
8.41418650793651,0.973244007856487,0.961745176883782,1.02351387911801,30.4513907209341
8.41428571428571,0.973156659959386,0.96174979730547,1.02302443059949,30.4520417122759
8.41438492063492,0.97306931924433,0.961754380968341,1.0225352166112,30.4526926075035
8.41448412698413,0.972981985716754,0.961758927890331,1.02204623704038,30.4533434066439
8.41458333333333,0.972894659382107,0.961763438089363,1.02155749177425,30.4539941097238
8.41468253968254,0.972807340245854,0.961767911583345,1.02106898070013,30.4546447167697
8.41478174603175,0.972720028313472,0.961772348390173,1.02058070370536,30.4552952278086
8.41488095238095,0.972632723590453,0.961776748527729,1.02009266067732,30.4559456428669
8.41498015873016,0.972545426082302,0.961781112013881,1.01960485150344,30.4565959619715
8.41507936507936,0.97245813579454,0.961785438866483,1.01911727607118,30.4572461851489
8.41517857142857,0.972370852732701,0.961789729103377,1.01862993426807,30.4578963124258
8.41527777777778,0.972283576902333,0.961793982742391,1.01814282598165,30.4585463438288
8.41537698412698,0.972196308309,0.961798199801337,1.01765595109953,30.4591962793845
8.41547619047619,0.972109046958277,0.961802380298018,1.01716930950935,30.4598461191195
8.4155753968254,0.972021792855757,0.961806524250219,1.01668290109878,30.4604958630603
8.4156746031746,0.971934546007044,0.961810631675714,1.01619672575557,30.4611455112336
8.41577380952381,0.971847306417757,0.961814702592263,1.01571078336749,30.4617950636658
8.41587301587301,0.97176007409353,0.961818737017612,1.01522507382234,30.4624445203835
8.41597222222222,0.971672849040011,0.961822734969494,1.01473959700798,30.4630938814132
8.41607142857143,0.971585631262859,0.961826696465628,1.01425435281231,30.4637431467814
8.41617063492064,0.971498420767755,0.96183062152372,1.01376934112328,30.4643923165146
8.41626984126984,0.971411217560386,0.961834510161461,1.01328456182888,30.4650413906392
8.41636904761905,0.971324021646457,0.96183836239653,1.01280001481712,30.4656903691816
8.41646825396825,0.971236833031687,0.961842178246592,1.01231569997609,30.4663392521684
8.41656746031746,0.971149651721808,0.961845957729298,1.0118316171939,30.4669880396258
8.41666666666667,0.971062477722567,0.961849700862287,1.01134776635871,30.4676367315804
8.41676587301587,0.970975311039725,0.961853407663182,1.01086414735872,30.4682853280585
8.41686507936508,0.970888151679057,0.961857078149594,1.01038076008216,30.4689338290864
8.41696428571429,0.970800999646353,0.96186071233912,1.00989760441734,30.4695822346905
8.41706349206349,0.970713854947415,0.961864310249345,1.00941468025258,30.4702305448972
8.4171626984127,0.970626717588063,0.961867871897837,1.00893198747625,30.4708787597328
8.4172619047619,0.970539587574128,0.961871397302153,1.00844952597676,30.4715268792235
8.41736111111111,0.970452464911455,0.961874886479837,1.00796729564259,30.4721749033957
8.41746031746032,0.970365349605905,0.961878339448417,1.00748529636222,30.4728228322756
8.41755952380952,0.970278241663351,0.961881756225411,1.00700352802421,30.4734706658895
8.41765873015873,0.970191141089684,0.961885136828318,1.00652199051714,30.4741184042636
8.41775793650794,0.970104047890806,0.961888481274629,1.00604068372965,30.4747660474242
8.41785714285714,0.970016962072633,0.961891789581819,1.0055596075504,30.4754135953974
8.41795634920635,0.969929883641096,0.961895061767349,1.00507876186812,30.4760610482095
8.41805555555556,0.969842812602142,0.961898297848668,1.00459814657157,30.4767084058866
8.41815476190476,0.969755748961728,0.961901497843209,1.00411776154954,30.4773556684549
8.41825396825397,0.96966869272583,0.961904661768394,1.00363760669089,30.4780028359405
8.41835317460317,0.969581643900433,0.96190778964163,1.0031576818845,30.4786499083696
8.41845238095238,0.969494602491541,0.961910881480311,1.00267798701931,30.4792968857683
8.41855158730159,0.96940756850517,0.961913937301817,1.00219852198429,30.4799437681626
8.41865079365079,0.969320541947349,0.961916957123515,1.00171928666846,30.4805905555788
8.41875,0.969233522824123,0.961919940962758,1.00124028096088,30.4812372480427
8.41884920634921,0.96914651114155,0.961922888836886,1.00076150475065,30.4818838455805
8.41894841269841,0.969059506905704,0.961925800763224,1.00028295792692,30.4825303482183
8.41904761904762,0.96897251012267,0.961928676759086,0.99980464037888,30.4831767559819
8.41914682539683,0.968885520798552,0.96193151684177,0.999326551995769,30.4838230688976
8.41924603174603,0.968798538939463,0.961934321028562,0.998848692666858,30.4844692869911
8.41934523809524,0.968711564551534,0.961937089336733,0.998371062281467,30.4851154102885
8.41944444444444,0.968624597640906,0.961939821783542,0.997893660728957,30.4857614388158
8.41954365079365,0.96853763821374,0.961942518386233,0.997416487898734,30.4864073725989
8.41964285714286,0.968450686276205,0.961945179162037,0.996939543680246,30.4870532116637
8.41974206349206,0.96836374183449,0.961947804128173,0.996462827962983,30.4876989560362
8.41984126984127,0.968276804894793,0.961950393301845,0.995986340636481,30.4883446057421
8.41994047619048,0.968189875463329,0.961952946700242,0.995510081590315,30.4889901608075
8.42003968253968,0.968102953546326,0.961955464340541,0.995034050714107,30.4896356212581
8.42013888888889,0.968016039150029,0.961957946239907,0.994558247897519,30.4902809871198
8.42023809523809,0.967929132280693,0.961960392415489,0.994082673030257,30.4909262584185
8.4203373015873,0.967842232944589,0.961962802884423,0.993607326002071,30.4915714351799
8.42043650793651,0.967755341148004,0.961965177663832,0.993132206702752,30.4922165174299
8.42053571428571,0.967668456897234,0.961967516770826,0.992657315022129,30.4928615051942
8.42063492063492,0.967581580198597,0.961969820222499,0.992182650850093,30.4935063984986
8.42073412698413,0.967494711058419,0.961972088035934,0.991708214076559,30.4941511973688
8.42083333333333,0.967407849483041,0.961974320228199,0.991234004591491,30.4947959018307
8.42093253968254,0.96732099547882,0.96197651681635,0.990760022284896,30.4954405119098
8.42103174603175,0.967234149052127,0.961978677817427,0.990286267046823,30.496085027632
8.42113095238095,0.967147310209345,0.961980803248459,0.989812738767367,30.4967294490229
8.42123015873016,0.967060478956874,0.96198289312646,0.989339437336663,30.4973737761081
8.42132936507936,0.966973655301125,0.961984947468431,0.98886636264489,30.4980180089133
8.42142857142857,0.966886839248527,0.961986966291358,0.988393514582271,30.4986621474643
8.42152777777778,0.96680003080552,0.961988949612216,0.98792089303907,30.4993061917865
8.42162698412698,0.96671322997856,0.961990897447965,0.987448497905595,30.4999501419056
8.42172619047619,0.966626436774116,0.96199280981555,0.986976329072198,30.5005939978473
8.4218253968254,0.966539651198671,0.961994686731906,0.986504386429273,30.501237759637
8.4219246031746,0.966452873258724,0.961996528213951,0.986032669867257,30.5018814273003
8.42202380952381,0.966366102960786,0.961998334278591,0.985561179276622,30.5025250008628
8.42212301587302,0.966279340311384,0.962000104942719,0.985089914547906,30.5031684803501
8.42222222222222,0.966192585317059,0.962001840223214,0.984618875571668,30.5038118657875
8.42232142857143,0.966105837984364,0.962003540136939,0.984148062238518,30.5044551572007
8.42242063492064,0.966019098319868,0.962005204700748,0.983677474439106,30.5050983546151
8.42251984126984,0.965932366330155,0.962006833931479,0.983207112064129,30.5057414580562
8.42261904761905,0.96584564202182,0.962008427845955,0.982736975004324,30.5063844675494
8.42271825396825,0.965758925401476,0.962009986460988,0.982267063150472,30.5070273831202
8.42281746031746,0.965672216475748,0.962011509793375,0.981797376393398,30.507670204794
8.42291666666667,0.965585515251275,0.9620129978599,0.981327914623969,30.5083129325961
8.42301587301587,0.965498821734711,0.962014450677334,0.980858677733094,30.508955566552
8.42311507936508,0.965412135932723,0.962015868262433,0.980389665611727,30.5095981066871
8.42321428571429,0.965325457851995,0.96201725063194,0.979920878150863,30.5102405530267
8.42331349206349,0.965238787499221,0.962018597802585,0.979452315241543,30.5108829055961
8.4234126984127,0.965152124881113,0.962019909791084,0.978983976774848,30.5115251644208
8.42351190476191,0.965065470004393,0.96202118661414,0.978515862641896,30.5121673295259
8.42361111111111,0.964978822875804,0.962022428288441,0.978047972733869,30.5128094009367
8.42371031746032,0.964892183502096,0.962023634830663,0.977580306941971,30.5134513786787
8.42380952380952,0.964805551890036,0.962024806257469,0.977112865157456,30.5140932627769
8.42390873015873,0.964718928046406,0.962025942585505,0.976645647271622,30.5147350532567
8.42400793650794,0.964632311978001,0.962027043831408,0.976178653175808,30.5153767501433
8.42410714285714,0.964545703691631,0.962028110011798,0.975711882761398,30.5160183534619
8.42420634920635,0.96445910319412,0.962029141143282,0.975245335919817,30.5166598632378
8.42430555555556,0.964372510492305,0.962030137242456,0.974779012542536,30.517301279496
8.42440476190476,0.964285925593038,0.962031098325899,0.974312912521064,30.5179426022617
8.42450396825397,0.964199348503186,0.962032024410178,0.973847035746959,30.5185838315602
8.42460317460317,0.964112779229629,0.962032915511848,0.973381382111818,30.5192249674166
8.42470238095238,0.964026217779261,0.962033771647447,0.972915951507282,30.5198660098559
8.42480158730159,0.963939664158992,0.962034592833503,0.972450743825035,30.5205069589032
8.42490079365079,0.963853118375744,0.962035379086527,0.971985758956804,30.5211478145838
8.425,0.963766580436454,0.962036130423019,0.971520996794353,30.5217885769225
8.42509920634921,0.963680050348074,0.962036846859466,0.971056457229507,30.5224292459446
8.42519841269841,0.963593528117569,0.962037528412338,0.970592140154117,30.523069821675
8.42529761904762,0.963507013751919,0.962038175098095,0.970128045460082,30.5237103041388
8.42539682539683,0.963420507258117,0.962038786933181,0.969664173039343,30.5243506933609
8.42549603174603,0.963334008643172,0.962039363934028,0.969200522783886,30.5249909893664
8.42559523809524,0.963247517914105,0.962039906117053,0.968737094585739,30.5256311921802
8.42569444444444,0.963161035077952,0.962040413498662,0.968273888336972,30.5262713018273
8.42579365079365,0.963074560141765,0.962040886095245,0.9678109039297,30.5269113183327
8.42589285714286,0.962988093112608,0.962041323923179,0.96734814125608,30.5275512417212
8.42599206349206,0.962901633997559,0.962041726998828,0.966885600208313,30.5281910720179
8.42609126984127,0.962815182803711,0.962042095338541,0.96642328067864,30.5288308092475
8.42619047619048,0.962728739538172,0.962042428958656,0.965961182559348,30.529470453435
8.42628968253968,0.962642304208063,0.962042727875496,0.965499305742767,30.5301100046053
8.42638888888889,0.962555876820519,0.962042992105369,0.965037650121269,30.5307494627832
8.4264880952381,0.962469457382689,0.962043221664573,0.964576215587261,30.5313888279935
8.4265873015873,0.962383045901739,0.962043416569388,0.964115002033215,30.5320281002611
8.42668650793651,0.962296642384845,0.962043576836085,0.963654009351625,30.5326672796107
8.42678571428571,0.962210246839201,0.962043702480917,0.963193237435037,30.5333063660671
8.42688492063492,0.962123859272011,0.962043793520128,0.962732686176036,30.5339453596552
8.42698412698413,0.962037479690497,0.962043849969944,0.962272355467253,30.5345842603997
8.42708333333333,0.961951108101893,0.962043871846581,0.961812245201361,30.5352230683253
8.42718253968254,0.961864744513448,0.96204385916624,0.961352355271075,30.5358617834567
8.42728174603175,0.961778388932426,0.962043811945108,0.960892685569156,30.5365004058187
8.42738095238095,0.961692041366102,0.962043730199358,0.960433235988405,30.537138935436
8.42748015873016,0.961605701821769,0.962043613945152,0.959974006421667,30.5377773723331
8.42757936507936,0.961519370306732,0.962043463198636,0.95951499676183,30.5384157165349
8.42767857142857,0.961433046828311,0.962043277975944,0.959056206901826,30.5390539680659
8.42777777777778,0.961346731393839,0.962043058293194,0.958597636734628,30.5396921269508
8.42787698412698,0.961260424010664,0.962042804166493,0.958139286153253,30.5403301932141
8.42797619047619,0.961174124686148,0.962042515611935,0.957681155050756,30.5409681668806
8.4280753968254,0.961087833427669,0.962042192645597,0.957223243320252,30.5416060479747
8.4281746031746,0.961001550242616,0.962041835283545,0.95676555085488,30.5422438365211
8.42827380952381,0.960915275138395,0.962041443541831,0.95630807754783,30.5428815325442
8.42837301587302,0.960829008122423,0.962041017436494,0.955850823292334,30.5435191360687
8.42847222222222,0.960742749202135,0.962040556983558,0.955393787981667,30.544156647119
8.42857142857143,0.960656498384976,0.962040062199034,0.954936971509147,30.5447940657197
8.42867063492064,0.96057025567841,0.962039533098921,0.954480373768135,30.5454313918952
8.42876984126984,0.96048402108991,0.962038969699202,0.954023994652035,30.54606862567
8.42886904761905,0.960397794626967,0.962038372015848,0.953567834054294,30.5467057670686
8.42896825396825,0.960311576297084,0.962037740064816,0.953111891868403,30.5473428161154
8.42906746031746,0.96022536610778,0.96203707386205,0.952656167987894,30.5479797728349
8.42916666666667,0.960139164066587,0.962036373423479,0.952200662306343,30.5486166372514
8.42926587301587,0.960052970181051,0.962035638765019,0.95174537471737,30.5492534093893
8.42936507936508,0.959966784458733,0.962034869902574,0.951290305114636,30.5498900892731
8.42946428571429,0.959880606907206,0.962034066852033,0.950835453391841,30.5505266769271
8.42956349206349,0.959794437534061,0.962033229629272,0.950380819442745,30.5511631723756
8.4296626984127,0.959708276346901,0.962032358250152,0.949926403161132,30.5517995756429
8.42976190476191,0.959622123353343,0.962031452730522,0.949472204440837,30.5524358867535
8.42986111111111,0.959535978561017,0.962030513086218,0.949018223175738,30.5530721057315
8.42996031746032,0.95944984197757,0.96202953933306,0.948564459259753,30.5537082326013
8.43005952380952,0.959363713610661,0.962028531486857,0.948110912586846,30.5543442673871
8.43015873015873,0.959277593467964,0.962027489563403,0.947657583051024,30.5549802101132
8.43025793650794,0.959191481557167,0.962026413578479,0.947204470546334,30.5556160608038
8.43035714285714,0.959105377885972,0.962025303547853,0.94675157496687,30.5562518194832
8.43045634920635,0.959019282462097,0.962024159487276,0.946298896206766,30.5568874861755
8.43055555555556,0.958933195293271,0.962022981412491,0.945846434160201,30.557523060905
8.43065476190476,0.958847116387239,0.962021769339224,0.945394188721395,30.5581585436957
8.43075396825397,0.958761045751759,0.962020523283187,0.944942159784613,30.558793934572
8.43085317460317,0.958674983394606,0.962019243260081,0.944490347244161,30.5594292335578
8.43095238095238,0.958588929323565,0.96201792928559,0.944038750994384,30.5600644406774
8.43105158730159,0.95850288354644,0.962016581375388,0.943587370929686,30.5606995559549
8.43115079365079,0.958416846071046,0.962015199545133,0.943136206944499,30.5613345794143
8.43125,0.958330816905211,0.962013783810471,0.9426852589333,30.5619695110797
8.43134920634921,0.958244796056781,0.962012334187033,0.942234526790612,30.5626043509752
8.43144841269841,0.958158783533612,0.962010850690437,0.941784010411001,30.5632390991248
8.43154761904762,0.958072779343578,0.962009333336289,0.941333709689073,30.5638737555526
8.43164682539683,0.957986783494565,0.962007782140178,0.940883624519481,30.5645083202825
8.43174603174603,0.957900795994473,0.962006197117683,0.940433754796918,30.5651427933387
8.43184523809524,0.957814816851217,0.962004578284368,0.939984100416121,30.565777174745
8.43194444444444,0.957728846072727,0.962002925655782,0.939534661271871,30.5664114645255
8.43204365079365,0.957642883666945,0.962001239247464,0.939085437258989,30.567045662704
8.43214285714286,0.957556929641828,0.961999519074935,0.938636428272344,30.5676797693046
8.43224206349206,0.957470984005348,0.961997765153706,0.938187634206843,30.5683137843511
8.43234126984127,0.957385046765491,0.961995977499273,0.937739054957438,30.5689477078674
8.43244047619048,0.957299117930255,0.961994156127119,0.93729069041912,30.5695815398775
8.43253968253968,0.957213197507656,0.961992301052712,0.936842540486937,30.5702152804053
8.43263888888889,0.957127285505722,0.961990412291508,0.936394605055964,30.5708489294744
8.4327380952381,0.957041381932495,0.961988489858949,0.935946884021327,30.5714824871089
8.4328373015873,0.95695548679603,0.961986533770464,0.935499377278192,30.5721159533326
8.43293650793651,0.9568696001044,0.961984544041467,0.935052084721769,30.5727493281692
8.43303571428571,0.956783721865689,0.96198252068736,0.934605006247311,30.5733826116425
8.43313492063492,0.956697852087995,0.96198046372353,0.934158141750114,30.5740158037764
8.43323412698413,0.956611990779431,0.961978373165351,0.933711491125517,30.5746489045945
8.43333333333333,0.956526137948126,0.961976249028184,0.933265054268902,30.5752819141207
8.43343253968254,0.956440293602221,0.961974091327377,0.932818831075696,30.5759148323787
8.43353174603175,0.95635445774987,0.961971900078262,0.932372821441364,30.5765476593921
8.43363095238095,0.956268630399245,0.961969675296161,0.931927025261419,30.5771803951848
8.43373015873016,0.956182811558529,0.961967416996378,0.931481442431413,30.5778130397803
8.43382936507937,0.95609700123592,0.961965125194207,0.931036072846946,30.5784455932023
8.43392857142857,0.956011199439629,0.961962799904927,0.930590916403651,30.5790780554746
8.43402777777778,0.955925406177885,0.961960441143804,0.930145972997222,30.5797104266206
8.43412698412699,0.955839621458928,0.96195804892609,0.92970124252338,30.5803427066641
8.43422619047619,0.955753845291013,0.961955623267024,0.929256724877894,30.5809748956287
8.4343253968254,0.955668077682408,0.961953164181831,0.928812419956576,30.5816069935379
8.4344246031746,0.955582318641397,0.961950671685722,0.928368327655281,30.5822390004154
8.43452380952381,0.955496568176277,0.961948145793895,0.927924447869907,30.5828709162846
8.43462301587302,0.95541082629536,0.961945586521535,0.927480780496395,30.5835027411691
8.43472222222222,0.955325093006971,0.961942993883813,0.927037325430729,30.5841344750925
8.43482142857143,0.95523936831945,0.961940367895885,0.926594082568936,30.5847661180782
8.43492063492064,0.955153652241151,0.961937708572897,0.926151051807087,30.5853976701499
8.43501984126984,0.955067944780442,0.961935015929977,0.925708233041294,30.5860291313308
8.43511904761905,0.954982245945706,0.961932289982242,0.925265626167713,30.5866605016445
8.43521825396825,0.95489655574534,0.961929530744796,0.924823231082545,30.5872917811145
8.43531746031746,0.954810874187753,0.961926738232728,0.924381047682029,30.5879229697642
8.43541666666667,0.95472520128137,0.961923912461114,0.923939075862446,30.5885540676169
8.43551587301587,0.954639537034632,0.961921053445017,0.923497315520136,30.5891850746962
8.43561507936508,0.954553881455991,0.961918161199484,0.923055766551463,30.5898159910253
8.43571428571429,0.954468234553914,0.961915235739553,0.922614428852843,30.5904468166277
8.43581349206349,0.954382596336883,0.961912277080244,0.922173302320731,30.5910775515267
8.4359126984127,0.954296966813394,0.961909285236565,0.921732386851628,30.5917081957456
8.43601190476191,0.954211345991957,0.961906260223512,0.921291682342077,30.5923387493078
8.43611111111111,0.954125733881095,0.961903202056065,0.920851188688664,30.5929692122365
8.43621031746032,0.954040130489347,0.961900110749192,0.920410905788018,30.5935995845551
8.43630952380952,0.953954535825265,0.961896986317846,0.919970833536811,30.5942298662868
8.43640873015873,0.953868949897417,0.961893828776969,0.919530971831759,30.594860057455
8.43650793650794,0.953783372714381,0.961890638141488,0.919091320569618,30.5954901580827
8.43660714285714,0.953697804284755,0.961887414426314,0.918651879647192,30.5961201681934
8.43670634920635,0.953612244617145,0.961884157646349,0.918212648961322,30.5967500878101
8.43680555555556,0.953526693720177,0.961880867816478,0.917773628408897,30.597379916956
8.43690476190476,0.953441151602485,0.961877544951574,0.91733481788684,30.5980096556544
8.43700396825397,0.953355618272725,0.961874189066497,0.916896217292138,30.5986393039285
8.43710317460318,0.95327009373956,0.961870800176091,0.916457826521798,30.5992688618012
8.43720238095238,0.95318457801167,0.961867378295189,0.916019645472881,30.5998983292959
8.43730158730159,0.95309907109775,0.961863923438609,0.915581674042489,30.6005277064356
8.43740079365079,0.953013573006508,0.961860435621156,0.915143912127767,30.6011569932434
8.4375,0.952928083746666,0.961856914857621,0.914706359625902,30.6017861897424
8.43759920634921,0.952842603326961,0.961853361162783,0.914269016434127,30.6024152959556
8.43769841269841,0.952757131756143,0.961849774551404,0.913831882449715,30.6030443119062
8.43779761904762,0.952671669042978,0.961846155038237,0.913394957569982,30.6036732376171
8.43789682539682,0.952586215196244,0.961842502638018,0.91295824169229,30.6043020731114
8.43799603174603,0.952500770224736,0.96183881736547,0.912521734714041,30.6049308184121
8.43809523809524,0.95241533413726,0.961835099235305,0.912085436532681,30.6055594735421
8.43819444444444,0.952329906942637,0.961831348262217,0.911649347045699,30.6061880385245
8.43829365079365,0.952244488649705,0.96182756446089,0.911213466150627,30.6068165133822
8.43839285714286,0.952159079267311,0.961823747845994,0.910777793745035,30.6074448981382
8.43849206349206,0.952073678804321,0.961819898432183,0.910342329726552,30.6080731928153
8.43859126984127,0.951988287269615,0.961816016234101,0.909907073992835,30.6087013974365
8.43869047619048,0.951902904672082,0.961812101266376,0.909472026441585,30.6093295120247
8.43878968253968,0.951817531020631,0.961808153543623,0.909037186970551,30.6099575366028
8.43888888888889,0.951732166324182,0.961804173080444,0.908602555477522,30.6105854711936
8.43898809523809,0.95164681059167,0.961800159891426,0.908168131860333,30.61121331582
8.4390873015873,0.951561463832044,0.961796113991144,0.907733916016858,30.6118410705048
8.43918650793651,0.951476126054267,0.961792035394159,0.907299907845016,30.6124687352708
8.43928571428571,0.951390797267317,0.961787924115019,0.906866107242771,30.6130963101408
8.43938492063492,0.951305477480186,0.961783780168257,0.906432514108127,30.6137237951377
8.43948412698413,0.951220166701879,0.961779603568393,0.905999128339131,30.6143511902841
8.43958333333333,0.951134864941417,0.961775394329934,0.905565949833876,30.6149784956029
8.43968253968254,0.951049572207833,0.961771152467374,0.905132978490495,30.6156057111167
8.43978174603174,0.950964288510176,0.961766877995191,0.904700214207165,30.6162328368484
8.43988095238095,0.950879013857507,0.961762570927851,0.9042676568821,30.6168598728205
8.43998015873016,0.950793748258905,0.961758231279808,0.903835306413575,30.6174868190559
8.44007936507936,0.95070849172346,0.9617538590655,0.903403162699891,30.6181136755771
8.44017857142857,0.950623244260277,0.961749454299353,0.902971225639396,30.6187404424068
8.44027777777778,0.950538005878474,0.961745016995777,0.902539495130482,30.6193671195677
8.44037698412698,0.950452776587187,0.961740547169172,0.902107971071585,30.6199937070825
8.44047619047619,0.950367556395561,0.961736044833923,0.901676653361182,30.6206202049736
8.4405753968254,0.950282345312758,0.961731510004399,0.901245541897795,30.6212466132637
8.4406746031746,0.950197143347955,0.96172694269496,0.900814636579987,30.6218729319754
8.44077380952381,0.950111950510341,0.961722342919948,0.900383937306366,30.6224991611313
8.44087301587301,0.950026766809121,0.961717710693694,0.899953443975582,30.6231253007538
8.44097222222222,0.949941592253513,0.961713046030516,0.899523156486328,30.6237513508656
8.44107142857143,0.949856426852749,0.961708348944717,0.899093074737339,30.6243773114892
8.44117063492063,0.949771270616077,0.961703619450586,0.898663198627396,30.625003182647
8.44126984126984,0.949686123552756,0.961698857562399,0.898233528055319,30.6256289643615
8.44136904761905,0.949600985672062,0.96169406329442,0.897804062919968,30.6262546566553
8.44146825396825,0.949515856983284,0.961689236660897,0.897374803120264,30.6268802595507
8.44156746031746,0.949430737495727,0.961684377676066,0.89694574855515,30.6275057730702
8.44166666666667,0.949345627218707,0.96167948635415,0.896516899123621,30.6281311972362
8.44176587301587,0.949260526161555,0.961674562709356,0.896088254724715,30.6287565320711
8.44186507936508,0.949175434333618,0.961669606755879,0.895659815257511,30.6293817775974
8.44196428571429,0.949090351744257,0.961664618507901,0.895231580621132,30.6300069338374
8.44206349206349,0.949005278402844,0.96165959797959,0.894803550714745,30.6306320008134
8.4421626984127,0.948920214318769,0.9616545451851,0.894375725437557,30.6312569785478
8.4422619047619,0.948835159501433,0.961649460138572,0.893948104688823,30.6318818670629
8.44236111111111,0.948750113960255,0.961644342854132,0.893520688367836,30.6325066663811
8.44246031746032,0.948665077704664,0.961639193345894,0.893093476373934,30.6331313765246
8.44255952380952,0.948580050744106,0.961634011627959,0.892666468606499,30.6337559975157
8.44265873015873,0.94849503308804,0.961628797714413,0.892239664964955,30.6343805293767
8.44275793650794,0.948410024745939,0.961623551619328,0.891813065348768,30.6350049721299
8.44285714285714,0.948325025727289,0.961618273356764,0.891386669657443,30.6356293257974
8.44295634920635,0.948240036041596,0.961612962940768,0.890960477790545,30.6362535904014
8.44305555555556,0.948155055698374,0.961607620385371,0.890534489647663,30.6368777659643
8.44315476190476,0.948070084707152,0.961602245704591,0.890108705128437,30.6375018525081
8.44325396825397,0.947985123077475,0.961596838912435,0.88968312413255,30.638125850055
8.44335317460317,0.947900170818901,0.961591400022893,0.889257746559725,30.6387497586273
8.44345238095238,0.947815227941003,0.961585929049945,0.888832572309731,30.6393735782469
8.44355158730159,0.947730294453368,0.961580426007553,0.88840760128238,30.6399973089361
8.44365079365079,0.947645370365597,0.961574890909669,0.887982833377525,30.640620950717
8.44375,0.947560455687304,0.961569323770231,0.887558268495062,30.6412445036116
8.44384920634921,0.947475550428119,0.961563724603162,0.887133906534933,30.6418679676421
8.44394841269841,0.947390654597686,0.961558093422373,0.88670974739712,30.6424913428304
8.44404761904762,0.947305768205662,0.961552430241761,0.88628579098165,30.6431146291987
8.44414682539682,0.947220891261719,0.961546735075207,0.885862037188591,30.6437378267689
8.44424603174603,0.947136023775542,0.961541007936583,0.885438485918055,30.644360935563
8.44434523809524,0.947051165756831,0.961535248839744,0.885015137070191,30.6449839556032
8.44444444444444,0.946966317215303,0.961529457798532,0.884591990545211,30.6456068869113
8.44454365079365,0.946881478160684,0.961523634826777,0.884169046243347,30.6462297295093
8.44464285714286,0.946796648602718,0.961517779938294,0.883746304064885,30.6468524834191
8.44474206349206,0.946711828551161,0.961511893146885,0.883323763910153,30.6474751486628
8.44484126984127,0.946627018015783,0.961505974466338,0.882901425679518,30.6480977252621
8.44494047619048,0.946542217006371,0.961500023910428,0.882479289273395,30.6487202132391
8.44503968253968,0.946457425532724,0.961494041492915,0.88205735459224,30.6493426126156
8.44513888888889,0.946372643604654,0.961488027227548,0.881635621536552,30.6499649234134
8.44523809523809,0.94628787123199,0.961481981128061,0.881214090006873,30.6505871456545
8.4453373015873,0.946203108424573,0.961475903208174,0.880792759903787,30.6512092793606
8.44543650793651,0.94611835519226,0.961469793481594,0.880371631127923,30.6518313245536
8.44553571428571,0.94603361154492,0.961463651962014,0.879950703579953,30.6524532812553
8.44563492063492,0.945948877492438,0.961457478663115,0.87952997716059,30.6530751494875
8.44573412698413,0.945864153044713,0.961451273598563,0.87910945177059,30.6536969292719
8.44583333333333,0.945779438211655,0.961445036782009,0.878689127310749,30.6543186206304
8.44593253968254,0.945694733003194,0.961438768227094,0.878269003681921,30.6549402235846
8.44603174603175,0.945610037429271,0.961432467947443,0.877849080784986,30.6555617381563
8.44613095238095,0.945525351499839,0.961426135956669,0.877429358520873,30.6561831643672
8.44623015873016,0.945440675224868,0.961419772268369,0.877009836790555,30.656804502239
8.44632936507936,0.945356008614343,0.961413376896129,0.876590515495046,30.6574257517934
8.44642857142857,0.945271351678259,0.961406949853519,0.876171394535404,30.6580469130521
8.44652777777778,0.945186704426631,0.961400491154099,0.875752473812731,30.6586679860366
8.44662698412698,0.945102066869482,0.961394000811412,0.87533375322817,30.6592889707687
8.44672619047619,0.945017439016855,0.961387478838989,0.874915232682909,30.6599098672699
8.4468253968254,0.944932820878802,0.961380925250347,0.874496912078177,30.6605306755619
8.4469246031746,0.944848212465392,0.961374340058989,0.874078791315248,30.6611513956662
8.44702380952381,0.944763613786709,0.961367723278407,0.873660870295437,30.6617720276044
8.44712301587301,0.944679024852849,0.961361074922075,0.873243148920105,30.662392571398
8.44722222222222,0.944594445673922,0.961354395003458,0.872825627090652,30.6630130270687
8.44732142857143,0.944509876260054,0.961347683536005,0.872408304708517,30.6636333946379
8.44742063492064,0.944425316621386,0.961340940533151,0.871991181675202,30.6642536741271
8.44751984126984,0.944340766768069,0.961334166008319,0.871574257892231,30.6648738655579
8.44761904761905,0.944256226710273,0.961327359974918,0.871157533261176,30.6654939689516
8.44771825396825,0.944171696458178,0.961320522446342,0.870741007683658,30.6661139843298
8.44781746031746,0.944087176021981,0.961313653435974,0.870324681061333,30.6667339117139
8.44791666666667,0.944002665411892,0.961306752957182,0.869908553295907,30.6673537511254
8.44801587301587,0.943918164638136,0.961299821023319,0.869492624289125,30.6679735025855
8.44811507936508,0.94383367371095,0.961292857647727,0.869076893942776,30.6685931661159
8.44821428571429,0.943749192640588,0.961285862843734,0.868661362158693,30.6692127417377
8.44831349206349,0.943664721437317,0.961278836624653,0.868246028838749,30.6698322294724
8.4484126984127,0.943580260111417,0.961271779003785,0.867830893884864,30.6704516293414
8.4485119047619,0.943495808673184,0.961264689994416,0.867415957198998,30.6710709413659
8.44861111111111,0.943411367132927,0.961257569609819,0.867001218683155,30.6716901655673
8.44871031746032,0.94332693550097,0.961250417863255,0.866586678239382,30.672309301967
8.44880952380952,0.943242513787649,0.961243234767969,0.866172335769764,30.6729283505861
8.44890873015873,0.94315810200332,0.961236020337194,0.865758191176446,30.6735473114459
8.44900793650794,0.943073700158345,0.961228774584148,0.865344244361596,30.6741661845678
8.44910714285714,0.942989308263107,0.961221497522038,0.864930495227435,30.6747849699728
8.44920634920635,0.942904926327998,0.961214189164055,0.864516943676225,30.6754036676824
8.44930555555556,0.942820554363429,0.961206849523377,0.86410358961027,30.6760222777176
8.44940476190476,0.942736192379821,0.961199478613169,0.863690432931919,30.6766408000997
8.44950396825397,0.942651840387611,0.961192076446583,0.863277473543562,30.6772592348499
8.44960317460317,0.942567498397252,0.961184643036755,0.862864711347634,30.6778775819892
8.44970238095238,0.942483166419207,0.961177178396811,0.862452146246612,30.6784958415389
8.44980158730159,0.942398844463956,0.96116968253986,0.862039778143016,30.6791140135201
8.44990079365079,0.942314532541993,0.961162155479,0.861627606939408,30.6797320979538
8.45,0.942230230663826,0.961154597227314,0.861215632538395,30.6803500948612
8.45009920634921,0.942145938839977,0.961147007797872,0.860803854842626,30.6809680042634
8.45019841269841,0.942061657080981,0.96113938720373,0.860392273754792,30.6815858261815
8.45029761904762,0.941977385397388,0.961131735457931,0.859980889177625,30.6822035606364
8.45039682539683,0.941893123799765,0.961124052573505,0.859569701013912,30.6828212076493
8.45049603174603,0.941808872298688,0.961116338563466,0.859158709166468,30.683438767241
8.45059523809524,0.941724630904752,0.961108593440817,0.858747913538158,30.6840562394327
8.45069444444444,0.941640399628563,0.961100817218547,0.858337314031891,30.6846736242454
8.45079365079365,0.941556178480741,0.961093009909631,0.857926910550613,30.6852909216999
8.45089285714286,0.941471967471923,0.961085171527029,0.85751670299732,30.6859081318173
8.45099206349206,0.941387766612757,0.96107730208369,0.857106691275048,30.6865252546185
8.45109126984127,0.941303575913908,0.961069401592549,0.856696875286874,30.6871422901244
8.45119047619048,0.941219395386053,0.961061470066525,0.856287254935922,30.6877592383559
8.45128968253968,0.941135225039885,0.961053507518527,0.855877830125355,30.6883760993339
8.45138888888889,0.941051064886108,0.961045513961447,0.855468600758383,30.6889928730793
8.45148809523809,0.940966914935444,0.961037489408166,0.855059566738257,30.689609559613
8.4515873015873,0.940882775198628,0.961029433871551,0.85465072796827,30.6902261589558
8.45168650793651,0.940798645686407,0.961021347364455,0.854242084351759,30.6908426711284
8.45178571428571,0.940714526409543,0.961013229899716,0.853833635792099,30.6914590961519
8.45188492063492,0.940630417378816,0.961005081490161,0.853425382192725,30.6920754340468
8.45198412698413,0.940546318605016,0.960996902148603,0.853017323457096,30.6926916848341
8.45208333333333,0.940462230098948,0.960988691887839,0.852609459488721,30.6933078485345
8.45218253968254,0.940378151871432,0.960980450720656,0.852201790191153,30.6939239251687
8.45228174603175,0.940294083933301,0.960972178659824,0.851794315467986,30.6945399147575
8.45238095238095,0.940210026295403,0.960963875718103,0.851387035222859,30.6951558173215
8.45248015873016,0.9401259789686,0.960955541908236,0.850979949359454,30.6957716328816
8.45257936507936,0.940041941963768,0.960947177242955,0.850573057781492,30.6963873614583
8.45267857142857,0.939957915291798,0.960938781734976,0.850166360392742,30.6970030030723
8.45277777777778,0.939873898963594,0.960930355397005,0.849759857097014,30.6976185577444
8.45287698412698,0.939789892990075,0.960921898241731,0.849353547798161,30.6982340254951
8.45297619047619,0.939705897382174,0.960913410281831,0.848947432400079,30.6988494063451
8.4530753968254,0.939621912150837,0.960904891529968,0.848541510806706,30.699464700315
8.4531746031746,0.939537937307026,0.960896341998792,0.848135782922026,30.7000799074253
8.45327380952381,0.939453972861716,0.96088776170094,0.847730248650057,30.7006950276967
8.45337301587302,0.939370018825897,0.960879150649033,0.847324907894878,30.7013100611496
8.45347222222222,0.939286075210573,0.96087050885568,0.846919760560596,30.7019250078048
8.45357142857143,0.939202142026761,0.960861836333478,0.846514806551363,30.7025398676826
8.45367063492064,0.939118219285494,0.960853133095008,0.846110045771377,30.7031546408036
8.45376984126984,0.939034306997817,0.960844399152839,0.845705478124879,30.7037693271883
8.45386904761905,0.938950405174791,0.960835634519524,0.845301103516151,30.7043839268571
8.45396825396825,0.938866513827491,0.960826839207606,0.844896921849519,30.7049984398306
8.45406746031746,0.938782632967005,0.960818013229613,0.844492933029352,30.7056128661292
8.45416666666667,0.938698762604437,0.960809156598057,0.844089136960062,30.7062272057733
8.45426587301587,0.938614902750902,0.96080026932544,0.843685533546105,30.7068414587834
8.45436507936508,0.938531053417533,0.96079135142425,0.843282122691978,30.7074556251798
8.45446428571429,0.938447214615475,0.960782402906958,0.842878904302222,30.7080697049829
8.45456349206349,0.938363386355888,0.960773423786026,0.842475878281421,30.7086836982131
8.4546626984127,0.938279568649944,0.9607644140739,0.842073044534203,30.7092976048908
8.45476190476191,0.938195761508832,0.960755373783012,0.841670402965231,30.7099114250363
8.45486111111111,0.938111964943755,0.960746302925781,0.841267953479232,30.7105251586699
8.45496031746032,0.938028178965928,0.960737201514614,0.840865695980952,30.711138805812
8.45505952380952,0.937944403586582,0.960728069561903,0.840463630375194,30.7117523664828
8.45515873015873,0.937860638816961,0.960718907080026,0.840061756566798,30.7123658407025
8.45525793650794,0.937776884668325,0.960709714081348,0.839660074460649,30.7129792284916
8.45535714285714,0.937693141151946,0.96070049057822,0.839258583961677,30.7135925298701
8.45545634920635,0.937609408279111,0.960691236582981,0.83885728497485,30.7142057448584
8.45555555555556,0.937525686061121,0.960681952107955,0.838456177405184,30.7148188734767
8.45565476190476,0.937441974509292,0.960672637165453,0.838055261157737,30.7154319157451
8.45575396825397,0.937358273634954,0.960663291767771,0.837654536137606,30.7160448716838
8.45585317460317,0.937274583449449,0.960653915927195,0.837254002249936,30.716657741313
8.45595238095238,0.937190903964138,0.960644509655993,0.836853659399913,30.7172705246529
8.45605158730159,0.93710723519039,0.960635072966423,0.836453507492766,30.7178832217235
8.45615079365079,0.937023577139593,0.960625605870727,0.836053546433767,30.7184958325451
8.45625,0.936939929823145,0.960616108381135,0.835653776128224,30.7191083571377
8.45634920634921,0.936856293252465,0.960606580509863,0.835254196481509,30.7197207955213
8.45644841269841,0.936772667438979,0.960597022269113,0.834854807399015,30.7203331477161
8.45654761904762,0.93668905239413,0.960587433671074,0.834455608786187,30.7209454137422
8.45664682539683,0.936605448129376,0.960577814727922,0.834056600548512,30.7215575936195
8.45674603174603,0.936521854656187,0.960568165451818,0.833657782591519,30.7221696873681
8.45684523809524,0.93643827198605,0.96055848585491,0.833259154820783,30.722781695008
8.45694444444444,0.936354700130464,0.960548775949333,0.832860717141919,30.7233936165591
8.45704365079365,0.936271139100942,0.960539035747208,0.832462469460585,30.7240054520416
8.45714285714286,0.936187588909013,0.960529265260642,0.832064411682485,30.7246172014753
8.45724206349206,0.936104049566219,0.960519464501729,0.831666543713363,30.7252288648801
8.45734126984127,0.936020521084116,0.96050963348255,0.831268865459007,30.725840442276
8.45744047619048,0.935937003474274,0.960499772215172,0.830871376825248,30.726451933683
8.45753968253968,0.935853496748279,0.960489880711647,0.83047407771796,30.7270633391208
8.45763888888889,0.935770000917729,0.960479958984016,0.83007696804306,30.7276746586095
8.4577380952381,0.935686515994236,0.960470007044305,0.829680047706503,30.7282858921688
8.4578373015873,0.935603041989429,0.960460024904526,0.829283316614303,30.7288970398187
8.45793650793651,0.935519578914948,0.960450012576678,0.8288867746725,30.7295081015789
8.45803571428571,0.93543612678245,0.960439970072747,0.828490421787183,30.7301190774692
8.45813492063492,0.935352685603603,0.960429897404705,0.828094257864485,30.7307299675096
8.45823412698413,0.935269255390092,0.96041979458451,0.827698282810579,30.7313407717197
8.45833333333333,0.935185836153615,0.960409661624107,0.827302496531685,30.7319514901193
8.45843253968254,0.935102427905883,0.960399498535428,0.826906898934064,30.7325621227282
8.45853174603175,0.935019030658623,0.960389305330389,0.826511489924019,30.7331726695661
8.45863095238095,0.934935644423576,0.960379082020896,0.826116269407897,30.7337831306528
8.45873015873016,0.934852269212496,0.960368828618838,0.825721237292089,30.734393506008
8.45882936507936,0.934768905037152,0.960358545136094,0.825326393483027,30.7350037956513
8.45892857142857,0.934685551909327,0.960348231584525,0.824931737887187,30.7356139996024
8.45902777777778,0.934602209840819,0.960337887975983,0.824537270411089,30.736224117881
8.45912698412698,0.934518878843438,0.960327514322304,0.824142990961295,30.7368341505068
8.45922619047619,0.934435558929009,0.96031711063531,0.823748899444403,30.7374440974993
8.4593253968254,0.934352250109375,0.960306676926812,0.823354995767074,30.7380539588783
8.4594246031746,0.934268952396387,0.960296213208604,0.822961279835992,30.7386637346632
8.45952380952381,0.934185665801914,0.960285719492468,0.822567751557891,30.7392734248737
8.45962301587302,0.934102390337838,0.960275195790174,0.82217441083955,30.7398830295293
8.45972222222222,0.934019126016055,0.960264642113477,0.821781257587787,30.7404925486495
8.45982142857143,0.933935872848477,0.960254058474117,0.821388291709465,30.741101982254
8.45992063492064,0.933852630847027,0.960243444883824,0.820995513111491,30.7417113303623
8.46001984126984,0.933769400023644,0.960232801354311,0.820602921700814,30.7423205929938
8.46011904761905,0.933686180390283,0.960222127897279,0.820210517384426,30.742929770168
8.46021825396825,0.933602971958909,0.960211424524416,0.819818300069361,30.7435388619044
8.46031746031746,0.933519774741504,0.960200691247395,0.819426269662698,30.7441478682225
8.46041666666667,0.933436588750064,0.960189928077876,0.819034426071558,30.7447567891416
8.46051587301587,0.933353413996598,0.960179135027507,0.818642769203105,30.7453656246813
8.46061507936508,0.933270250493131,0.960168312107919,0.818251298964545,30.745974374861
8.46071428571429,0.933187098251699,0.960157459330733,0.817860015263124,30.7465830396999
8.46081349206349,0.933103957284358,0.960146576707555,0.817468918006145,30.7471916192176
8.4609126984127,0.933020827603171,0.960135664249977,0.817078007100939,30.7478001134333
8.46101190476191,0.93293770922022,0.960124721969578,0.816687282454885,30.7484085223665
8.46111111111111,0.932854602147599,0.960113749877923,0.816296743975405,30.7490168460364
8.46121031746032,0.932771506397418,0.960102747986565,0.815906391569963,30.7496250844623
8.46130952380952,0.9326884219818,0.96009171630704,0.815516225146069,30.7502332376636
8.46140873015873,0.932605348912881,0.960080654850874,0.815126244611273,30.7508413056595
8.46150793650794,0.932522287202813,0.960069563629578,0.814736449873168,30.7514492884694
8.46160714285714,0.932439236863762,0.96005844265465,0.814346840839392,30.7520571861124
8.46170634920635,0.932356197907907,0.960047291937572,0.813957417417626,30.7526649986077
8.46180555555556,0.932273170347443,0.960036111489817,0.813568179515592,30.7532727259747
8.46190476190476,0.932190154194578,0.960024901322841,0.813179127041056,30.7538803682326
8.46200396825397,0.932107149461533,0.960013661448086,0.812790259901826,30.7544879254004
8.46210317460317,0.932024156160546,0.960002391876983,0.812401578005756,30.7550953974974
8.46220238095238,0.931941174303865,0.959991092620948,0.812013081260734,30.7557027845427
8.46230158730159,0.931858203903759,0.959979763691384,0.81162476957471,30.7563100865555
8.46240079365079,0.931775244972503,0.95996840509968,0.81123664285566,30.7569173035549
8.4625,0.931692297522393,0.95995701685721,0.810848701011605,30.75752443556
8.46259920634921,0.931609361565734,0.959945598975338,0.810460943950616,30.75813148259
8.46269841269841,0.93152643711485,0.959934151465412,0.810073371580801,30.7587384446638
8.46279761904762,0.931443524182074,0.959922674338766,0.809685983810312,30.7593453218005
8.46289682539683,0.931360622779757,0.959911167606722,0.809298780547347,30.7599521140192
8.46299603174603,0.931277732920263,0.959899631280588,0.808911761700144,30.760558821339
8.46309523809524,0.93119485461597,0.959888065371658,0.808524927176985,30.7611654437788
8.46319444444444,0.93111198787927,0.959876469891212,0.808138276886196,30.7617719813576
8.46329365079365,0.93102913272257,0.959864844850517,0.807751810736144,30.7623784340944
8.46339285714286,0.930946289031832,0.959853190310404,0.807365528640472,30.7629848020579
8.46349206349206,0.93086345543374,0.959841506824929,0.80697943056735,30.7635910858097
8.46359126984127,0.930780631547721,0.959829794558085,0.806593516448644,30.7641972855215
8.46369047619048,0.93069781737115,0.959818053525595,0.806207786201113,30.7648034012162
8.46378968253968,0.930615012901412,0.959806283743176,0.805822239741562,30.765409432917
8.46388888888889,0.930532218135893,0.959794485226538,0.805436876986803,30.7660153806469
8.4639880952381,0.930449433071984,0.959782657991386,0.805051697853682,30.7666212444291
8.4640873015873,0.930366657707079,0.959770802053417,0.804666702259071,30.7672270242865
8.46418650793651,0.930283892038576,0.959758917428322,0.804281890119867,30.7678327202423
8.46428571428571,0.930201136063879,0.959747004131786,0.803897261352997,30.7684383323194
8.46438492063492,0.930118389780395,0.959735062179486,0.80351281587541,30.769043860541
8.46448412698413,0.930035653185534,0.959723091587095,0.803128553604086,30.76964930493
8.46458333333333,0.929952926276712,0.959711092370276,0.802744474456029,30.7702546655095
8.46468253968254,0.929870209051348,0.959699064544689,0.80236057834827,30.7708599423024
8.46478174603175,0.929787501506865,0.959687008125986,0.801976865197867,30.7714651353319
8.46488095238095,0.92970480364069,0.959674923129813,0.801593334921904,30.7720702446209
8.46498015873016,0.929622115450255,0.959662809571807,0.801209987437491,30.7726752701923
8.46507936507937,0.929539436932996,0.959650667467603,0.800826822661766,30.7732802120692
8.46517857142857,0.929456768086351,0.959638496832825,0.800443840511888,30.7738850702746
8.46527777777778,0.929374108907766,0.959626297683095,0.800061040905058,30.7744898448314
8.46537698412699,0.929291459394688,0.959614070034024,0.799678423758486,30.7750945357625
8.46547619047619,0.929208819544568,0.959601813901219,0.799295988989418,30.7756991430909
8.4655753968254,0.929126189354863,0.959589529300281,0.798913736515122,30.7763036668397
8.4656746031746,0.929043568823034,0.959577216246803,0.798531666252896,30.7769081070316
8.46577380952381,0.928960957946543,0.959564874756372,0.798149778120062,30.7775124636897
8.46587301587302,0.928878356722859,0.959552504844569,0.79776807203397,30.7781167368368
8.46597222222222,0.928795765149456,0.959540106526969,0.797386547911997,30.7787209264958
8.46607142857143,0.928713183223809,0.959527679819138,0.797005205671546,30.7793250326897
8.46617063492064,0.928630610943398,0.959515224736637,0.796624045230045,30.7799290554414
8.46626984126984,0.928548048305709,0.959502741295023,0.79624306650495,30.7805329947738
8.46636904761905,0.928465495308231,0.959490229509842,0.795862269413745,30.7811368507096
8.46646825396825,0.928382951948455,0.959477689396636,0.795481653873938,30.7817406232719
8.46656746031746,0.92830041822388,0.959465120970941,0.795101219803064,30.7823443124834
8.46666666666667,0.928217894132004,0.959452524248286,0.79472096711868,30.782947918367
8.46676587301587,0.928135379670336,0.959439899244192,0.794340895738387,30.7835514409456
8.46686507936508,0.928052874836383,0.959427245974175,0.793961005579792,30.784154880242
8.46696428571429,0.927970379627659,0.959414564453745,0.793581296560539,30.7847582362791
8.46706349206349,0.927887894041682,0.959401854698404,0.793201768598296,30.7853615090796
8.4671626984127,0.927805418075972,0.959389116723648,0.792822421610757,30.7859646986664
8.46726190476191,0.927722951728055,0.959376350544968,0.792443255515643,30.7865678050623
8.46736111111111,0.927640494995461,0.959363556177846,0.792064270230704,30.7871708282901
8.46746031746032,0.927558047875724,0.959350733637759,0.791685465673712,30.7877737683725
8.46755952380952,0.927475610366381,0.959337882940178,0.79130684176247,30.7883766253324
8.46765873015873,0.927393182464975,0.959325004100567,0.790928398414804,30.7889793991926
8.46775793650794,0.927310764169052,0.959312097134382,0.79055013554857,30.7895820899757
8.46785714285714,0.927228355476161,0.959299162057074,0.790172053081647,30.7901846977047
8.46795634920635,0.927145956383858,0.959286198884088,0.789794150931943,30.7907872224022
8.46805555555556,0.927063566889699,0.959273207630862,0.789416429017391,30.7913896640909
8.46815476190476,0.926981186991248,0.959260188312826,0.789038887255947,30.7919920227936
8.46825396825397,0.926898816686071,0.959247140945407,0.788661525565609,30.7925942985331
8.46835317460318,0.926816455971739,0.959234065544021,0.788284343864383,30.793196491332
8.46845238095238,0.926734104845827,0.959220962124082,0.787907342070311,30.7937986012131
8.46855158730159,0.926651763305913,0.959207830700993,0.787530520101458,30.7944006281991
8.46865079365079,0.926569431349581,0.959194671290155,0.787153877875919,30.7950025723126
8.46875,0.926487108974416,0.959181483906959,0.786777415311811,30.7956044335765
8.46884920634921,0.926404796178011,0.959168268566792,0.786401132327283,30.7962062120132
8.46894841269841,0.92632249295796,0.959155025285032,0.786025028840506,30.7968079076455
8.46904761904762,0.926240199311862,0.959141754077054,0.785649104769679,30.7974095204962
8.46914682539682,0.926157915237322,0.959128454958222,0.785273360033028,30.7980110505878
8.46924603174603,0.926075640731946,0.959115127943897,0.784897794548807,30.7986124979429
8.46934523809524,0.925993375793346,0.959101773049433,0.784522408235293,30.7992138625843
8.46944444444444,0.925911120419137,0.959088390290176,0.784147201010792,30.7998151445346
8.46954365079365,0.925828874606939,0.959074979681467,0.783772172793637,30.8004163438163
8.46964285714286,0.925746638354376,0.959061541238639,0.783397323502179,30.8010174604521
8.46974206349206,0.925664411659076,0.959048074977021,0.783022653054816,30.8016184944647
8.46984126984127,0.925582194518671,0.959034580911933,0.782648161369954,30.8022194458766
8.46994047619048,0.925499986930797,0.95902105905869,0.78227384836603,30.8028203147103
8.47003968253968,0.925417788893094,0.959007509432599,0.781899713961509,30.8034211009886
8.47013888888889,0.925335600403207,0.958993932048963,0.781525758074884,30.8040218047339
8.47023809523809,0.925253421458783,0.958980326923075,0.781151980624671,30.8046224259689
8.4703373015873,0.925171252057476,0.958966694070225,0.780778381529414,30.8052229647161
8.47043650793651,0.925089092196941,0.958953033505695,0.780404960707686,30.8058234209981
8.47053571428571,0.925006941874839,0.95893934524476,0.780031718078083,30.8064237948373
8.47063492063492,0.924924801088835,0.958925629302688,0.77965865355923,30.8070240862564
8.47073412698413,0.924842669836599,0.958911885694744,0.779285767069777,30.8076242952779
8.47083333333333,0.924760548115802,0.958898114436182,0.778913058528401,30.8082244219243
8.47093253968254,0.924678435924121,0.958884315542253,0.778540527853806,30.8088244662181
8.47103174603174,0.924596333259239,0.958870489028199,0.778168174964722,30.8094244281818
8.47113095238095,0.924514240118838,0.958856634909257,0.777795999779901,30.8100243078379
8.47123015873016,0.924432156500611,0.958842753200656,0.777424002218136,30.8106241052089
8.47132936507936,0.924350082402249,0.958828843917622,0.777052182198233,30.8112238203173
8.47142857142857,0.92426801782145,0.95881490707537,0.776680539639027,30.8118234531856
8.47152777777778,0.924185962755916,0.958800942689111,0.776309074459382,30.8124230038362
8.47162698412698,0.924103917203352,0.95878695077405,0.775937786578187,30.8130224722915
8.47172619047619,0.924021881161468,0.958772931345383,0.775566675914358,30.8136218585742
8.4718253968254,0.923939854627978,0.958758884418303,0.775195742386838,30.8142211627065
8.4719246031746,0.9238578376006,0.958744810007993,0.774824985914596,30.8148203847109
8.47202380952381,0.923775830077055,0.958730708129632,0.774454406416628,30.8154195246098
8.47212301587301,0.92369383205507,0.958716578798392,0.774084003811956,30.8160185824258
8.47222222222222,0.923611843532375,0.958702422029437,0.773713778019629,30.816617558181
8.47232142857143,0.923529864506704,0.958688237837927,0.773343728958722,30.8172164518981
8.47242063492063,0.923447894975796,0.958674026239013,0.772973856548337,30.8178152635993
8.47251984126984,0.923365934937393,0.958659787247841,0.772604160707603,30.8184139933071
8.47261904761905,0.92328398438924,0.958645520879551,0.77223464135567,30.8190126410439
8.47271825396825,0.923202043329091,0.958631227149274,0.771865298411728,30.8196112068319
8.47281746031746,0.923120111754699,0.958616906072138,0.771496131794983,30.8202096906936
8.47291666666667,0.923038189663823,0.958602557663262,0.771127141424667,30.8208080926514
8.47301587301587,0.922956277054226,0.958588181937759,0.770758327220042,30.8214064127275
8.47311507936508,0.922874373923674,0.958573778910736,0.770389689100397,30.8220046509443
8.47321428571429,0.922792480269939,0.958559348597293,0.770021226985045,30.8226028073242
8.47331349206349,0.922710596090797,0.958544891012524,0.769652940793327,30.8232008818894
8.4734126984127,0.922628721384025,0.958530406171516,0.769284830444611,30.8237988746623
8.4735119047619,0.922546856147409,0.958515894089349,0.76891689585829,30.8243967856652
8.47361111111111,0.922465000378735,0.958501354781099,0.768549136953786,30.8249946149204
8.47371031746032,0.922383154075794,0.958486788261833,0.768181553650545,30.8255923624502
8.47380952380952,0.922301317236384,0.958472194546612,0.76781414586804,30.8261900282769
8.47390873015873,0.922219489858302,0.958457573650491,0.767446913525772,30.8267876124227
8.47400793650794,0.922137671939353,0.958442925588518,0.767079856543268,30.8273851149099
8.47410714285714,0.922055863477345,0.958428250375735,0.766712974840076,30.8279825357607
8.47420634920635,0.92197406447009,0.958413548027178,0.766346268335786,30.8285798749975
8.47430555555556,0.921892274915405,0.958398818557875,0.765979736949998,30.8291771326425
8.47440476190476,0.921810494811109,0.958384061982848,0.765613380602347,30.8297743087179
8.47450396825397,0.921728724155026,0.958369278317114,0.765247199212491,30.8303714032459
8.47460317460317,0.921646962944986,0.958354467575682,0.764881192700117,30.8309684162487
8.47470238095238,0.92156521117882,0.958339629773554,0.764515360984936,30.8315653477486
8.47480158730159,0.921483468854366,0.958324764925727,0.764149703986688,30.8321621977678
8.47490079365079,0.921401735969463,0.958309873047191,0.763784221625139,30.8327589663284
8.475,0.921320012521957,0.958294954152929,0.763418913820082,30.8333556534527
8.47509920634921,0.921238298509696,0.958280008257918,0.763053780491333,30.8339522591628
8.47519841269841,0.921156593930533,0.958265035377128,0.76268882155874,30.834548783481
8.47529761904762,0.921074898782326,0.958250035525524,0.762324036942173,30.8351452264293
8.47539682539682,0.920993213062936,0.958235008718062,0.761959426561532,30.8357415880299
8.47549603174603,0.920911536770227,0.958219954969695,0.76159499033674,30.836337868305
8.47559523809524,0.920829869902068,0.958204874295365,0.761230728187746,30.8369340672767
8.47569444444444,0.920748212456335,0.958189766710011,0.760866640034535,30.8375301849672
8.47579365079365,0.920666564430903,0.958174632228565,0.760502725797109,30.8381262213985
8.47589285714286,0.920584925823656,0.958159470865951,0.760138985395499,30.8387221765928
8.47599206349206,0.920503296632477,0.958144282637088,0.759775418749761,30.8393180505722
8.47609126984127,0.920421676855258,0.958129067556888,0.759412025779981,30.8399138433589
8.47619047619048,0.920340066489891,0.958113825640256,0.759048806406269,30.8405095549748
8.47628968253968,0.920258465534275,0.958098556902092,0.758685760548762,30.8411051854421
8.47638888888889,0.920176873986312,0.958083261357287,0.758322888127624,30.8417007347828
8.47648809523809,0.920095291843909,0.958067939020728,0.757960189063046,30.8422962030191
8.4765873015873,0.920013719104974,0.958052589907295,0.757597663275245,30.842891590173
8.47668650793651,0.919932155767423,0.958037214031859,0.757235310684464,30.8434868962665
8.47678571428571,0.919850601829174,0.958021811409289,0.756873131210973,30.8440821213216
8.47688492063492,0.91976905728815,0.958006382054443,0.756511124775069,30.8446772653605
8.47698412698413,0.919687522142276,0.957990925982176,0.756149291297075,30.8452723284052
8.47708333333333,0.919605996389484,0.957975443207333,0.755787630697336,30.8458673104776
8.47718253968254,0.919524480027709,0.957959933744757,0.755426142896237,30.8464622115998
8.47728174603175,0.919442973054889,0.957944397609281,0.755064827814178,30.8470570317938
8.47738095238095,0.919361475468968,0.957928834815733,0.754703685371587,30.8476517710816
8.47748015873016,0.919279987267893,0.957913245378933,0.75434271548892,30.8482464294852
8.47757936507936,0.919198508449614,0.957897629313697,0.75398191808666,30.8488410070266
8.47767857142857,0.919117039012087,0.957881986634832,0.753621293085315,30.8494355037276
8.47777777777778,0.919035578953271,0.95786631735714,0.753260840405421,30.8500299196104
8.47787698412698,0.91895412827113,0.957850621495415,0.752900559967541,30.8506242546968
8.47797619047619,0.918872686963632,0.957834899064448,0.752540451692262,30.8512185090088
8.4780753968254,0.918791255028747,0.957819150079019,0.752180515500201,30.8518126825684
8.4781746031746,0.918709832464451,0.957803374553905,0.751820751311999,30.8524067753975
8.47827380952381,0.918628419268725,0.957787572503874,0.751461159048324,30.853000787518
8.47837301587301,0.918547015439552,0.95777174394369,0.751101738629871,30.8535947189518
8.47847222222222,0.91846562097492,0.957755888888107,0.750742489977361,30.8541885697208
8.47857142857143,0.918384235872821,0.957740007351877,0.750383413011538,30.854782339847
8.47867063492064,0.918302860131252,0.957724099349742,0.750024507653186,30.8553760293523
8.47876984126984,0.918221493748212,0.957708164896439,0.7496657738231,30.8559696382584
8.47886904761905,0.918140136721707,0.957692204006698,0.74930721144211,30.8565631665874
8.47896825396825,0.918058789049744,0.957676216695242,0.748948820431068,30.857156614361
8.47906746031746,0.917977450730336,0.95766020297679,0.748590600710855,30.8577499816011
8.47916666666667,0.9178961217615,0.957644162866051,0.748232552202379,30.8583432683297
8.47926587301587,0.917814802141256,0.957628096377731,0.747874674826574,30.8589364745684
8.47936507936508,0.917733491867629,0.957612003526525,0.747516968504399,30.8595296003393
8.47946428571429,0.917652190938648,0.957595884327127,0.747159433156842,30.860122645664
8.47956349206349,0.917570899352347,0.95757973879422,0.746802068704916,30.8607156105645
8.4796626984127,0.917489617106761,0.957563566942483,0.746444875069661,30.8613084950625
8.4797619047619,0.917408344199933,0.957547368786588,0.746087852172144,30.8619012991799
8.47986111111111,0.917327080629907,0.957531144341199,0.745730999933458,30.8624940229384
8.47996031746032,0.917245826394734,0.957514893620977,0.745374318274722,30.8630866663599
8.48005952380952,0.917164581492464,0.957498616640571,0.745017807117078,30.863679229466
8.48015873015873,0.917083345921159,0.95748231341463,0.744661466381707,30.8642717122787
8.48025793650794,0.917002119678878,0.957465983957792,0.744305295989806,30.8648641148197
8.48035714285714,0.916920902763688,0.957449628284689,0.743949295862599,30.8654564371106
8.48045634920635,0.916839695173657,0.957433246409949,0.743593465921338,30.8660486791733
8.48055555555556,0.916758496906861,0.957416838348191,0.743237806087304,30.8666408410296
8.48065476190476,0.916677307961376,0.957400404114028,0.7428823162818,30.8672329227011
8.48075396825397,0.916596128335286,0.957383943722067,0.74252699642616,30.8678249242096
8.48085317460317,0.916514958026676,0.957367457186908,0.742171846441742,30.8684168455768
8.48095238095238,0.916433797033637,0.957350944523146,0.74181686624993,30.8690086868244
8.48105158730159,0.916352645354263,0.957334405745368,0.741462055772137,30.8696004479741
8.48115079365079,0.916271502986652,0.957317840868154,0.741107414929801,30.8701921290476
8.48125,0.916190369928907,0.957301249906079,0.740752943644386,30.8707837300666
8.48134920634921,0.916109246179135,0.957284632873711,0.740398641837385,30.8713752510528
8.48144841269841,0.916028131735446,0.957267989785611,0.740044509430314,30.8719666920278
8.48154761904762,0.915947026595955,0.957251320656334,0.739690546344713,30.8725580530134
8.48164682539683,0.915865930758781,0.957234625500428,0.739336752502163,30.8731493340311
8.48174603174603,0.915784844222048,0.957217904332436,0.738983127824258,30.8737405351027
8.48184523809524,0.915703766983882,0.957201157166893,0.738629672232619,30.8743316562497
8.48194444444444,0.915622699042415,0.957184384018328,0.7382763856489,30.8749226974938
8.48204365079365,0.915541640395781,0.957167584901263,0.737923267994775,30.8755136588566
8.48214285714286,0.91546059104212,0.957150759830214,0.73757031919195,30.8761045403597
8.48224206349206,0.915379550979576,0.957133908819691,0.737217539162154,30.8766953420248
8.48234126984127,0.915298520206296,0.957117031884196,0.736864927827145,30.8772860638734
8.48244047619048,0.915217498720432,0.957100129038227,0.736512485108705,30.8778767059272
8.48253968253968,0.91513648652014,0.957083200296272,0.736160210928645,30.8784672682076
8.48263888888889,0.915055483603579,0.957066245672817,0.7358081052088,30.8790577507364
8.48273809523809,0.914974489968914,0.957049265182336,0.735456167871035,30.879648153535
8.4828373015873,0.914893505614311,0.957032258839302,0.735104398837238,30.880238476625
8.48293650793651,0.914812530537945,0.957015226658178,0.734752798029326,30.880828720028
8.48303571428571,0.914731564737989,0.956998168653421,0.734401365369236,30.8814188837655
8.48313492063492,0.914650608212626,0.956981084839483,0.734050100778948,30.8820089678591
8.48323412698413,0.91456966096004,0.956963975230808,0.733699004180452,30.8825989723302
8.48333333333333,0.914488722978418,0.956946839841834,0.73334807549577,30.8831888972005
8.48343253968254,0.914407794265954,0.956929678686994,0.732997314646952,30.8837787424914
8.48353174603175,0.914326874820845,0.95691249178071,0.732646721556072,30.8843685082244
8.48363095238095,0.91424596464129,0.956895279137404,0.732296296145234,30.884958194421
8.48373015873016,0.914165063725495,0.956878040771486,0.731946038336564,30.8855478011027
8.48382936507936,0.914084172071668,0.956860776697361,0.731595948052219,30.886137328291
8.48392857142857,0.914003289678024,0.95684348692943,0.731246025214379,30.8867267760074
8.48402777777778,0.913922416542778,0.956826171482085,0.730896269745253,30.8873161442733
8.48412698412698,0.913841552664153,0.956808830369712,0.730546681567076,30.8879054331101
8.48422619047619,0.913760698040373,0.95679146360669,0.730197260602109,30.8884946425395
8.4843253968254,0.913679852669668,0.956774071207392,0.72984800677264,30.8890837725826
8.4844246031746,0.913599016550271,0.956756653186186,0.729498920000982,30.8896728232611
8.48452380952381,0.913518189680419,0.956739209557431,0.729150000209473,30.8902617945964
8.48462301587302,0.913437372058356,0.956721740335482,0.728801247320489,30.8908506866097
8.48472222222222,0.913356563682326,0.956704245534684,0.728452661256419,30.8914394993227
8.48482142857143,0.91327576455058,0.956686725169379,0.728104241939683,30.8920282327566
8.48492063492064,0.91319497466137,0.956669179253901,0.72775598929273,30.8926168869328
8.48501984126984,0.913114194012956,0.956651607802578,0.727407903238032,30.8932054618728
8.48511904761905,0.9130334226036,0.956634010829731,0.72705998369809,30.8937939575979
8.48521825396825,0.912952660431567,0.956616388349675,0.72671223059543,30.8943823741295
8.48531746031746,0.912871907495128,0.956598740376717,0.726364643852606,30.894970711489
8.48541666666667,0.912791163792558,0.95658106692516,0.726017223392198,30.8955589696976
8.48551587301587,0.912710429322134,0.956563368009298,0.725669969136811,30.8961471487768
8.48561507936508,0.91262970408214,0.956545643643421,0.725322881009079,30.8967352487479
8.48571428571429,0.912548988070862,0.95652789384181,0.724975958931661,30.8973232696322
8.48581349206349,0.912468281286592,0.956510118618742,0.724629202827244,30.897911211451
8.4859126984127,0.912387583727623,0.956492317988486,0.724282612618539,30.8984990742257
8.48601190476191,0.912306895392254,0.956474491965304,0.723936188228282,30.8990868579776
8.48611111111111,0.912226216278789,0.956456640563452,0.723589929579247,30.8996745627279
8.48621031746032,0.912145546385536,0.956438763797182,0.723243836594221,30.900262188498
8.48630952380952,0.912064885710806,0.956420861680734,0.722897909196025,30.9008497353091
8.48640873015873,0.911984234252913,0.956402934228348,0.722552147307502,30.9014372031825
8.48650793650794,0.911903592010177,0.956384981454252,0.722206550851525,30.9020245921394
8.48660714285714,0.911822958980921,0.956367003372671,0.721861119750992,30.9026119022012
8.48670634920635,0.911742335163474,0.956348999997822,0.721515853928828,30.9031991333891
8.48680555555556,0.911661720556167,0.956330971343916,0.721170753307985,30.9037862857243
8.48690476190476,0.911581115157335,0.956312917425157,0.72082581781144,30.9043733592281
8.48700396825397,0.911500518965319,0.956294838255743,0.720481047362199,30.9049603539216
8.48710317460317,0.911419931978463,0.956276733849865,0.720136441883292,30.9055472698262
8.48720238095238,0.911339354195115,0.956258604221709,0.719792001297777,30.9061341069629
8.48730158730159,0.911258785613626,0.956240449385452,0.719447725528738,30.9067208653531
8.48740079365079,0.911178226232353,0.956222269355266,0.719103614499287,30.9073075450179
8.4875,0.911097676049656,0.956204064145317,0.718759668132555,30.9078941459785
8.48759920634921,0.911017135063901,0.956185833769764,0.718415886351717,30.908480668256
8.48769841269841,0.910936603273455,0.956167578242759,0.718072269079957,30.9090671118718
8.48779761904762,0.910856080676691,0.956149297578448,0.717728816240493,30.9096534768468
8.48789682539683,0.910775567271986,0.95613099179097,0.717385527756568,30.9102397632023
8.48799603174603,0.910695063057721,0.956112660894459,0.717042403551453,30.9108259709594
8.48809523809524,0.91061456803228,0.95609430490304,0.716699443548444,30.9114121001392
8.48819444444444,0.910534082194053,0.956075923830834,0.716356647670865,30.911998150763
8.48829365079365,0.910453605541432,0.956057517691954,0.716014015842064,30.9125841228517
8.48839285714286,0.910373138072815,0.956039086500507,0.715671547985418,30.9131700164266
8.48849206349206,0.910292679786602,0.956020630270594,0.715329244024331,30.9137558315087
8.48859126984127,0.910212230681201,0.956002149016308,0.714987103882231,30.9143415681191
8.48869047619048,0.910131790755019,0.955983642751738,0.714645127482575,30.914927226279
8.48878968253968,0.91005136000647,0.955965111490963,0.714303314748844,30.9155128060094
8.48888888888889,0.909970938433973,0.955946555248058,0.713961665604549,30.9160983073313
8.4889880952381,0.909890526035947,0.955927974037092,0.713620179973219,30.9166837302659
8.4890873015873,0.909810122810821,0.955909367872126,0.713278857778427,30.9172690748342
8.48918650793651,0.909729728757023,0.955890736767215,0.712937698943756,30.9178543410573
8.48928571428571,0.909649343872988,0.955872080736407,0.712596703392821,30.9184395289561
8.48938492063492,0.909568968157153,0.955853399793745,0.712255871049265,30.9190246385518
8.48948412698413,0.909488601607961,0.955834693953264,0.711915201836755,30.9196096698654
8.48958333333333,0.909408244223859,0.955815963228993,0.711574695678987,30.9201946229179
8.48968253968254,0.909327896003295,0.955797207634955,0.711234352499682,30.9207794977302
8.48978174603175,0.909247556944726,0.955778427185166,0.710894172222588,30.9213642943235
8.48988095238095,0.909167227046609,0.955759621893635,0.710554154771479,30.9219490127187
8.48998015873016,0.909086906307407,0.955740791774365,0.710214300070157,30.9225336529367
8.49007936507936,0.909006594725587,0.955721936841353,0.709874608042448,30.9231182149987
8.49017857142857,0.908926292299619,0.955703057108589,0.709535078612208,30.9237026989254
8.49027777777778,0.908845999027979,0.955684152590057,0.709195711703317,30.924287104738
8.49037698412698,0.908765714909146,0.955665223299733,0.708856507239682,30.9248714324573
8.49047619047619,0.908685439941602,0.955646269251589,0.708517465145233,30.9254556821044
8.4905753968254,0.908605174123835,0.955627290459588,0.708178585343939,30.9260398537001
8.4906746031746,0.908524917454337,0.955608286937689,0.707839867759781,30.9266239472654
8.49077380952381,0.908444669931602,0.955589258699842,0.707501312316775,30.9272079628212
8.49087301587302,0.90836443155413,0.955570205759992,0.707162918938959,30.9277919003884
8.49097222222222,0.908284202320426,0.955551128132077,0.706824687550401,30.9283757599879
8.49107142857143,0.908203982228995,0.955532025830028,0.706486618075193,30.9289595416407
8.49117063492064,0.90812377127835,0.955512898867772,0.706148710437455,30.9295432453676
8.49126984126984,0.908043569467008,0.955493747259226,0.705810964561334,30.9301268711896
8.49136904761905,0.907963376793487,0.955474571018303,0.705473380371001,30.9307104191274
8.49146825396825,0.907883193256312,0.955455370158909,0.705135957790657,30.931293889202
8.49156746031746,0.907803018854011,0.955436144694942,0.704798696744527,30.9318772814342
8.49166666666667,0.907722853585116,0.955416894640296,0.704461597156863,30.9324605958448
8.49176587301587,0.907642697448164,0.955397620008856,0.704124658951945,30.9330438324548
8.49186507936508,0.907562550441695,0.955378320814503,0.703787882054078,30.933626991285
8.49196428571429,0.907482412564252,0.955358997071109,0.70345126638759,30.9342100723561
8.49206349206349,0.907402283814386,0.955339648792542,0.703114811876847,30.934793075689
8.4921626984127,0.907322164190649,0.955320275992661,0.702778518446232,30.9353760013046
8.49226190476191,0.907242053691597,0.955300878685321,0.702442386020154,30.9359588492236
8.49236111111111,0.907161952315791,0.955281456884368,0.702106414523054,30.9365416194668
8.49246031746032,0.907081860061797,0.955262010603644,0.701770603879395,30.937124312055
8.49255952380952,0.907001776928183,0.955242539856983,0.701434954013669,30.937706927009
8.49265873015873,0.906921702913522,0.955223044658212,0.701099464850393,30.9382894643496
8.49275793650794,0.906841638016392,0.955203525021153,0.700764136314113,30.9388719240975
8.49285714285714,0.906761582235374,0.95518398095962,0.700428968329398,30.9394543062735
8.49295634920635,0.906681535569053,0.955164412487423,0.700093960820847,30.9400366108983
8.49305555555556,0.906601498016019,0.955144819618362,0.699759113713085,30.9406188379927
8.49315476190476,0.906521469574866,0.955125202366233,0.69942442693076,30.9412009875774
8.49325396825397,0.906441450244191,0.955105560744825,0.699089900398551,30.9417830596732
8.49335317460317,0.906361440022595,0.955085894767921,0.698755534041161,30.9423650543008
8.49345238095238,0.906281438908685,0.955066204449295,0.698421327783316,30.9429469714808
8.49355158730159,0.906201446901071,0.955046489802718,0.698087281549782,30.943528811234
8.49365079365079,0.906121463998366,0.955026750841953,0.697753395265337,30.944110573581
8.49375,0.90604149019919,0.955006987580755,0.697419668854792,30.9446922585426
8.49384920634921,0.905961525502164,0.954987200032875,0.697086102242984,30.9452738661394
8.49394841269841,0.905881569905915,0.954967388212056,0.696752695354774,30.9458553963922
8.49404761904762,0.905801623409072,0.954947552132035,0.696419448115053,30.9464368493215
8.49414682539683,0.905721686010271,0.954927691806542,0.696086360448737,30.947018224948
8.49424603174603,0.90564175770815,0.954907807249302,0.695753432280768,30.9475995232924
8.49434523809524,0.905561838501351,0.954887898474031,0.695420663536116,30.9481807443752
8.49444444444444,0.905481928388522,0.954867965494441,0.695088054139776,30.9487618882173
8.49454365079365,0.905402027368314,0.954848008324236,0.694755604016772,30.949342954839
8.49464285714286,0.905322135439381,0.954828026977114,0.69442331309215,30.9499239442612
8.49474206349206,0.905242252600382,0.954808021466767,0.694091181290988,30.9505048565043
8.49484126984127,0.905162378849981,0.954787991806879,0.693759208538387,30.951085691589
8.49494047619048,0.905082514186843,0.954767938011129,0.69342739475947,30.9516664495359
8.49503968253968,0.905002658609643,0.954747860093189,0.693095739879403,30.9522471303655
8.49513888888889,0.904922812117054,0.954727758066724,0.692764243823362,30.9528277340984
8.4952380952381,0.904842974707757,0.954707631945394,0.692432906516555,30.9534082607552
8.4953373015873,0.904763146380434,0.954687481742851,0.692101727884217,30.9539887103565
8.49543650793651,0.904683327133774,0.954667307472741,0.691770707851609,30.9545690829228
8.49553571428571,0.904603516966468,0.954647109148703,0.69143984634402,30.9551493784746
8.49563492063492,0.904523715877212,0.954626886784371,0.691109143286762,30.9557295970325
8.49573412698413,0.904443923864707,0.954606640393371,0.690778598605178,30.9563097386171
8.49583333333333,0.904364140927655,0.954586369989323,0.690448212224635,30.9568898032487
8.49593253968254,0.904284367064766,0.954566075585841,0.690117984070526,30.957469790948
8.49603174603175,0.904204602274751,0.954545757196531,0.689787914068273,30.9580497017354
8.49613095238095,0.904124846556328,0.954525414834995,0.689458002143322,30.9586295356315
8.49623015873016,0.904045099908216,0.954505048514826,0.689128248221147,30.9592092926567
8.49632936507937,0.90396536232914,0.954484658249612,0.688798652227248,30.9597889728315
8.49642857142857,0.903885633817827,0.954464244052934,0.688469214087148,30.9603685761764
8.49652777777778,0.903805914373013,0.954443805938367,0.688139933726408,30.9609481027118
8.49662698412699,0.903726203993433,0.954423343919478,0.687810811070604,30.9615275524582
8.49672619047619,0.903646502677827,0.95440285800983,0.687481846045343,30.962106925436
8.4968253968254,0.903566810424942,0.954382348222978,0.687153038576257,30.9626862216657
8.4969246031746,0.903487127233526,0.954361814572469,0.686824388589006,30.9632654411678
8.49702380952381,0.903407453102332,0.954341257071848,0.686495896009275,30.9638445839626
8.49712301587302,0.903327788030118,0.954320675734648,0.686167560762779,30.9644236500705
8.49722222222222,0.903248132015645,0.954300070574399,0.685839382775254,30.965002639512
8.49732142857143,0.903168485057678,0.954279441604624,0.685511361972468,30.9655815523075
8.49742063492064,0.903088847154987,0.954258788838839,0.685183498280213,30.9661603884773
8.49751984126984,0.903009218306346,0.954238112290553,0.684855791624306,30.9667391480419
8.49761904761905,0.902929598510531,0.954217411973271,0.684528241930595,30.9673178310215
8.49771825396825,0.902849987766326,0.954196687900488,0.684200849124949,30.9678964374367
8.49781746031746,0.902770386072516,0.954175940085694,0.683873613133269,30.9684749673077
8.49791666666667,0.90269079342789,0.954155168542374,0.683546533881474,30.9690534206549
8.49801587301587,0.902611209831244,0.954134373284005,0.683219611295525,30.9696317974987
8.49811507936508,0.902531635281376,0.954113554324057,0.682892845301395,30.9702100978593
8.49821428571429,0.902452069777087,0.954092711675995,0.682566235825089,30.9707883217571
8.49831349206349,0.902372513317184,0.954071845353277,0.682239782792638,30.9713664692125
8.4984126984127,0.902292965900477,0.954050955369353,0.681913486130101,30.9719445402457
8.49851190476191,0.902213427525782,0.954030041737668,0.68158734576356,30.972522534877
8.49861111111111,0.902133898191916,0.954009104471662,0.681261361619128,30.9731004531268
8.49871031746032,0.902054377897703,0.953988143584764,0.680935533622941,30.9736782950153
8.49880952380952,0.901974866641968,0.953967159090402,0.680609861701163,30.9742560605628
8.49890873015873,0.901895364423544,0.953946151001993,0.680284345779985,30.9748337497896
8.49900793650794,0.901815871241265,0.95392511933295,0.679958985785623,30.975411362716
8.49910714285714,0.901736387093971,0.953904064096678,0.679633781644322,30.9759888993621
8.49920634920635,0.901656911980504,0.953882985306578,0.679308733282351,30.9765663597483
8.49930555555556,0.901577445899711,0.953861882976041,0.678983840626007,30.9771437438948
8.49940476190476,0.901497988850444,0.953840757118455,0.678659103601609,30.9777210518219
8.49950396825397,0.90141854083156,0.953819607747198,0.678334522135516,30.9782982835497
8.49960317460318,0.901339101841916,0.953798434875645,0.678010096154099,30.9788754390984
8.49970238095238,0.901259671880378,0.953777238517162,0.677685825583761,30.9794525184884
8.49980158730159,0.901180250945812,0.95375601868511,0.677361710350931,30.9800295217397
8.49990079365079,0.901100839037091,0.953734775392842,0.677037750382066,30.9806064488726
8.5,0.90102143615309,0.953713508653706,0.676713945603648,30.9811832999072
8.50009920634921,0.900942042292689,0.953692218481043,0.676390295942186,30.9817600748638
8.50019841269841,0.900862657454774,0.953670904888187,0.676066801324215,30.9823367737625
8.50029761904762,0.900783281638231,0.953649567888466,0.675743461676299,30.9829133966235
8.50039682539682,0.900703914841953,0.953628207495202,0.675420276925024,30.9834899434669
8.50049603174603,0.900624557064836,0.953606823721708,0.675097246997008,30.9840664143129
8.50059523809524,0.900545208305782,0.953585416581295,0.674774371818891,30.9846428091816
8.50069444444444,0.900465868563692,0.953563986087263,0.674451651317337,30.9852191280931
8.50079365079365,0.90038653783748,0.953542532252909,0.674129085419051,30.9857953710675
8.50089285714286,0.900307216126055,0.95352105509152,0.673806674050748,30.9863715381251
8.50099206349206,0.900227903428335,0.953499554616381,0.673484417139178,30.9869476292858
8.50109126984127,0.900148599743241,0.953478030840766,0.673162314611114,30.9875236445698
8.50119047619048,0.900069305069698,0.953456483777945,0.672840366393358,30.9880995839972
8.50128968253968,0.899990019406635,0.953434913441181,0.672518572412737,30.988675447588
8.50138888888889,0.899910742752985,0.95341331984373,0.672196932596106,30.9892512353623
8.50148809523809,0.899831475107685,0.953391702998843,0.671875446870346,30.9898269473403
8.5015873015873,0.899752216469678,0.953370062919763,0.671554115162362,30.9904025835418
8.50168650793651,0.899672966837907,0.953348399619728,0.67123293739909,30.9909781439871
8.50178571428571,0.899593726211324,0.953326713111966,0.67091191350749,30.9915536286961
8.50188492063492,0.899514494588882,0.953305003409704,0.670591043414549,30.9921290376889
8.50198412698413,0.899435271969538,0.953283270526158,0.670270327047279,30.9927043709855
8.50208333333333,0.899356058352255,0.953261514474538,0.669949764332722,30.9932796286059
8.50218253968254,0.899276853735996,0.953239735268051,0.669629355197939,30.9938548105701
8.50228174603175,0.899197658119735,0.953217932919893,0.669309099570032,30.9944299168982
8.50238095238095,0.899118471502445,0.953196107443257,0.668988997376117,30.9950049476101
8.50248015873016,0.899039293883104,0.953174258851328,0.66866904854334,30.9955799027258
8.50257936507936,0.898960125260693,0.953152387157283,0.668349252998873,30.9961547822654
8.50267857142857,0.8988809656342,0.953130492374296,0.668029610669916,30.9967295862486
8.50277777777778,0.898801815002615,0.953108574515532,0.667710121483694,30.9973043146956
8.50287698412698,0.898722673364933,0.953086633594149,0.66739078536746,30.9978789676263
8.50297619047619,0.898643540720152,0.953064669623301,0.667071602248494,30.9984535450606
8.5030753968254,0.898564417067275,0.953042682616134,0.6667525720541,30.9990280470185
8.5031746031746,0.898485302405309,0.953020672585787,0.666433694711611,30.9996024735199
8.50327380952381,0.898406196733265,0.952998639545393,0.666114970148384,31.0001768245847
8.50337301587301,0.898327100050159,0.95297658350808,0.665796398291807,31.0007511002329
8.50347222222222,0.898248012355008,0.952954504486967,0.665477979069289,31.0013253004843
8.50357142857143,0.898168933646837,0.952932402495167,0.665159712408269,31.0018994253588
8.50367063492063,0.898089863924671,0.952910277545789,0.664841598236209,31.0024734748764
8.50376984126984,0.898010803187545,0.952888129651932,0.664523636480607,31.0030474490569
8.50386904761905,0.897931751434493,0.952865958826692,0.664205827068977,31.0036213479202
8.50396825396825,0.897852708664553,0.952843765083155,0.663888169928865,31.0041951714861
8.50406746031746,0.897773674876771,0.952821548434404,0.66357066498784,31.0047689197746
8.50416666666667,0.897694650070194,0.952799308893512,0.6632533121735,31.0053425928054
8.50426587301587,0.897615634243874,0.952777046473547,0.66293611141347,31.0059161905985
8.50436507936508,0.897536627396866,0.952754761187573,0.6626190626354,31.0064897131736
8.50446428571429,0.897457629528231,0.952732453048643,0.662302165766967,31.0070631605506
8.50456349206349,0.897378640637033,0.952710122069806,0.661985420735875,31.0076365327493
8.5046626984127,0.897299660722341,0.952687768264106,0.661668827469855,31.0082098297895
8.5047619047619,0.897220689783226,0.952665391644577,0.661352385896662,31.0087830516911
8.50486111111111,0.897141727818765,0.952642992224249,0.661036095944082,31.0093561984737
8.50496031746032,0.897062774828038,0.952620570016145,0.660719957539922,31.0099292701573
8.50505952380952,0.896983830810131,0.95259812503328,0.660403970612021,31.0105022667615
8.50515873015873,0.896904895764131,0.952575657288665,0.660088135088236,31.0110751883062
8.50525793650794,0.896825969689132,0.952553166795304,0.659772450896466,31.0116480348111
8.50535714285714,0.896747052584231,0.952530653566192,0.659456917964623,31.012220806296
8.50545634920635,0.896668144448529,0.95250811761432,0.659141536220649,31.0127935027806
8.50555555555556,0.896589245281131,0.952485558952673,0.658826305592514,31.0133661242846
8.50565476190476,0.896510355081145,0.952462977594227,0.658511226008213,31.0139386708279
8.50575396825397,0.896431473847686,0.952440373551953,0.658196297395769,31.0145111424301
8.50585317460317,0.89635260157987,0.952417746838815,0.65788151968323,31.0150835391109
8.50595238095238,0.896273738276819,0.952395097467772,0.657566892798672,31.01565586089
8.50605158730159,0.896194883937659,0.952372425451774,0.657252416670198,31.0162281077872
8.50615079365079,0.896116038561519,0.952349730803768,0.656938091225935,31.0168002798222
8.50625,0.896037202147533,0.95232701353669,0.656623916394038,31.0173723770146
8.50634920634921,0.895958374694838,0.952304273663473,0.65630989210269,31.017944399384
8.50644841269841,0.895879556202578,0.952281511197043,0.655996018280098,31.0185163469503
8.50654761904762,0.895800746669897,0.952258726150318,0.655682294854497,31.0190882197329
8.50664682539683,0.895721946095944,0.95223591853621,0.655368721754144,31.0196600177517
8.50674603174603,0.895643154479877,0.952213088367626,0.655055298907335,31.0202317410262
8.50684523809524,0.895564371820852,0.952190235657465,0.654742026242381,31.020803389576
8.50694444444444,0.895485598118031,0.95216736041862,0.654428903687623,31.0213749634208
8.50704365079365,0.895406833370582,0.952144462663977,0.654115931171427,31.0219464625803
8.50714285714286,0.895328077577674,0.952121542406417,0.653803108622188,31.022517887074
8.50724206349206,0.895249330738483,0.952098599658813,0.653490435968327,31.0230892369215
8.50734126984127,0.895170592852186,0.952075634434031,0.65317791313829,31.0236605121424
8.50744047619048,0.895091863917968,0.952052646744933,0.652865540060551,31.0242317127564
8.50753968253968,0.895013143935014,0.952029636604371,0.652553316663611,31.0248028387829
8.50763888888889,0.894934432902516,0.952006604025195,0.652241242875996,31.0253738902417
8.50773809523809,0.89485573081967,0.951983549020244,0.651929318626259,31.0259448671522
8.5078373015873,0.894777037685673,0.951960471602354,0.651617543842981,31.0265157695339
8.50793650793651,0.894698353499729,0.951937371784352,0.651305918454768,31.0270865974066
8.50803571428571,0.894619678261047,0.95191424957906,0.650994442390252,31.0276573507896
8.50813492063492,0.894541011968836,0.951891104999292,0.650683115578089,31.0282280297025
8.50823412698413,0.894462354622313,0.951867938057858,0.650371937946973,31.0287986341649
8.50833333333333,0.894383706220699,0.95184474876756,0.650060909425614,31.0293691641963
8.50843253968254,0.894305066763215,0.951821537141192,0.649750029942749,31.0299396198161
8.50853174603175,0.894226436249091,0.951798303191545,0.649439299427145,31.0305100010439
8.50863095238095,0.894147814677558,0.9517750469314,0.649128717807594,31.0310803078992
8.50873015873016,0.894069202047852,0.951751768373534,0.648818285012914,31.0316505404015
8.50882936507936,0.893990598359213,0.951728467530716,0.648508000971951,31.0322206985701
8.50892857142857,0.893912003610885,0.95170514441571,0.648197865613578,31.0327907824247
8.50902777777778,0.893833417802118,0.951681799041271,0.647887878866692,31.0333607919847
8.50912698412698,0.893754840932162,0.951658431420151,0.647578040660218,31.0339307272695
8.50922619047619,0.893676273000275,0.951635041565093,0.647268350923108,31.0345005882985
8.5093253968254,0.893597714005718,0.951611629488834,0.646958809584339,31.0350703750913
8.5094246031746,0.893519163947754,0.951588195204104,0.646649416572918,31.0356400876672
8.50952380952381,0.893440622825653,0.951564738723628,0.646340171817874,31.0362097260457
8.50962301587302,0.893362090638686,0.951541260060122,0.646031075248261,31.0367792902461
8.50972222222222,0.893283567386133,0.9515177592263,0.645722126793173,31.0373487802879
8.50982142857143,0.893205053067274,0.951494236234865,0.645413326381715,31.0379181961905
8.50992063492064,0.893126547681393,0.951470691098515,0.645104673943025,31.0384875379733
8.51001984126984,0.89304805122778,0.951447123829943,0.644796169406267,31.0390568056556
8.51011904761905,0.892969563705729,0.951423534441832,0.644487812700631,31.0396259992569
8.51021825396825,0.892891085114536,0.951399922946863,0.644179603755334,31.0401951187964
8.51031746031746,0.892812615453503,0.951376289357706,0.643871542499621,31.0407641642936
8.51041666666667,0.892734154721935,0.951352633687029,0.643563628862761,31.0413331357678
8.51051587301587,0.892655702919144,0.951328955947489,0.64325586277405,31.0419020332384
8.51061507936508,0.892577260044441,0.951305256151741,0.642948244162812,31.0424708567247
8.51071428571429,0.892498826097145,0.951281534312429,0.642640772958397,31.0430396062459
8.51081349206349,0.892420401076579,0.951257790442195,0.642333449090181,31.0436082818215
8.5109126984127,0.892341984982067,0.95123402455367,0.642026272487567,31.0441768834707
8.5110119047619,0.892263577812941,0.951210236659483,0.641719243079985,31.0447454112129
8.51111111111111,0.892185179568533,0.951186426772252,0.641412360796885,31.0453138650673
8.51121031746032,0.892106790248184,0.951162594904592,0.64110562556776,31.0458822450533
8.51130952380952,0.892028409851235,0.951138741069111,0.640799037322113,31.04645055119
8.51140873015873,0.891950038377033,0.951114865278409,0.64049259598948,31.0470187834968
8.51150793650794,0.891871675824928,0.95109096754508,0.640186301499425,31.047586941993
8.51160714285714,0.891793322194275,0.951067047881712,0.639880153781535,31.0481550266978
8.51170634920635,0.891714977484433,0.951043106300887,0.639574152765425,31.0487230376304
8.51180555555556,0.891636641694765,0.951019142815178,0.639268298380737,31.0492909748101
8.51190476190476,0.891558314824638,0.950995157437156,0.638962590557141,31.0498588382561
8.51200396825397,0.891479996873422,0.950971150179381,0.63865702922433,31.0504266279876
8.51210317460317,0.891401687840493,0.950947121054409,0.638351614312026,31.0509943440239
8.51220238095238,0.89132338772523,0.950923070074788,0.638046345749977,31.0515619863842
8.51230158730159,0.891245096527017,0.950898997253062,0.637741223467958,31.0521295550876
8.51240079365079,0.89116681424524,0.950874902601765,0.637436247395769,31.0526970501534
8.5125,0.891088540879292,0.950850786133428,0.637131417463239,31.0532644716007
8.51259920634921,0.891010276428567,0.950826647860573,0.636826733600217,31.0538318194488
8.51269841269841,0.890932020892467,0.950802487795716,0.636522195736593,31.0543990937167
8.51279761904762,0.890853774270395,0.950778305951369,0.636217803802269,31.0549662944237
8.51289682539683,0.890775536561758,0.950754102340033,0.63591355772718,31.0555334215888
8.51299603174603,0.890697307765968,0.950729876974206,0.635609457441286,31.0561004752313
8.51309523809524,0.890619087882442,0.950705629866378,0.635305502874573,31.0566674553703
8.51319444444444,0.8905408769106,0.950681361029034,0.635001693957056,31.0572343620249
8.51329365079365,0.890462674849865,0.95065707047465,0.634698030618774,31.0578011952142
8.51339285714286,0.890384481699667,0.950632758215698,0.634394512789793,31.0583679549574
8.51349206349206,0.890306297459438,0.950608424264642,0.634091140400208,31.0589346412735
8.51359126984127,0.890228122128614,0.95058406863394,0.633787913380138,31.0595012541816
8.51369047619048,0.890149955706636,0.950559691336044,0.633484831659728,31.0600677937009
8.51378968253968,0.890071798192949,0.950535292383398,0.633181895169152,31.0606342598503
8.51388888888889,0.889993649587001,0.950510871788442,0.632879103838609,31.0612006526491
8.51398809523809,0.889915509888245,0.950486429563606,0.632576457598325,31.0617669721162
8.5140873015873,0.889837379096138,0.950461965721317,0.632273956378548,31.0623332182707
8.51418650793651,0.889759257210142,0.950437480273994,0.631971600109566,31.0628993911316
8.51428571428571,0.889681144229722,0.950412973234049,0.631669388721679,31.0634654907181
8.51438492063492,0.889603040154347,0.950388444613888,0.631367322145221,31.064031517049
8.51448412698413,0.88952494498349,0.95036389442591,0.631065400310548,31.0645974701436
8.51458333333333,0.889446858716629,0.95033932268251,0.630763623148048,31.0651633500207
8.51468253968254,0.889368781353245,0.950314729396073,0.630461990588131,31.0657291566993
8.51478174603175,0.889290712892824,0.950290114578979,0.630160502561236,31.0662948901986
8.51488095238095,0.889212653334856,0.950265478243602,0.629859158997827,31.0668605505374
8.51498015873016,0.889134602678834,0.95024082040231,0.629557959828396,31.0674261377348
8.51507936507936,0.889056560924257,0.950216141067462,0.629256904983461,31.0679916518097
8.51517857142857,0.888978528070626,0.950191440251413,0.628955994393566,31.0685570927811
8.51527777777778,0.888900504117448,0.95016671796651,0.628655227989282,31.069122460668
8.51537698412698,0.888822489064232,0.950141974225094,0.628354605701207,31.0696877554893
8.51547619047619,0.888744482910493,0.950117209039501,0.628054127459965,31.0702529772639
8.5155753968254,0.888666485655749,0.950092422422058,0.627753793196202,31.0708181260109
8.5156746031746,0.888588497299523,0.950067614385087,0.627453602840605,31.0713832017491
8.51577380952381,0.888510517841342,0.950042784940903,0.627153556323871,31.0719482044974
8.51587301587302,0.888432547280736,0.950017934101815,0.626853653576733,31.0725131342748
8.51597222222222,0.88835458561724,0.949993061880124,0.626553894529946,31.0730779911002
8.51607142857143,0.888276632850392,0.949968168288127,0.626254279114295,31.0736427749925
8.51617063492064,0.888198688979736,0.949943253338113,0.625954807260589,31.0742074859705
8.51626984126984,0.888120754004819,0.949918317042364,0.625655478899664,31.0747721240532
8.51636904761905,0.888042827925191,0.949893359413157,0.625356293962383,31.0753366892593
8.51646825396825,0.887964910740408,0.949868380462761,0.625057252379637,31.0759011816079
8.51656746031746,0.887887002450029,0.94984338020344,0.624758354082341,31.0764656011177
8.51666666666667,0.887809103053618,0.94981835864745,0.624459599001439,31.0770299478076
8.51676587301587,0.887731212550742,0.949793315807042,0.624160987067898,31.0775942216964
8.51686507936508,0.887653330940973,0.949768251694458,0.623862518212716,31.078158422803
8.51696428571429,0.887575458223886,0.949743166321937,0.623564192366914,31.0787225511462
8.51706349206349,0.88749759439906,0.949718059701709,0.623266009461537,31.0792866067448
8.5171626984127,0.88741973946608,0.949692931845999,0.622967969427669,31.0798505896177
8.51726190476191,0.887341893424535,0.949667782767024,0.622670072196408,31.0804144997835
8.51736111111111,0.887264056274016,0.949642612476996,0.622372317698882,31.0809783372612
8.51746031746032,0.887186228014118,0.949617420988119,0.622074705866246,31.0815421020695
8.51755952380952,0.887108408644443,0.949592208312591,0.621777236629683,31.0821057942272
8.51765873015873,0.887030598164595,0.949566974462605,0.621479909920399,31.082669413753
8.51775793650794,0.886952796574181,0.949541719450345,0.621182725669631,31.0832329606657
8.51785714285714,0.886875003872815,0.949516443287992,0.620885683808638,31.0837964349841
8.51795634920635,0.886797220060112,0.949491145987715,0.62058878426871,31.084359836727
8.51805555555556,0.886719445135695,0.949465827561683,0.62029202698116,31.084923165913
8.51815476190476,0.886641679099187,0.949440488022054,0.619995411877329,31.0854864225609
8.51825396825397,0.886563921950217,0.94941512738098,0.619698938888585,31.0860496066894
8.51835317460317,0.886486173688418,0.949389745650609,0.619402607946322,31.0866127183172
8.51845238095238,0.886408434313428,0.94936434284308,0.61910641898196,31.0871757574631
8.51855158730159,0.886330703824886,0.949338918970526,0.618810371926943,31.0877387241457
8.51865079365079,0.88625298222244,0.949313474045074,0.618514466712752,31.0883016183837
8.51875,0.886175269505738,0.949288008078846,0.618218703270884,31.0888644401958
8.51884920634921,0.886097565674433,0.949262521083953,0.617923081532864,31.0894271896008
8.51894841269841,0.886019870728183,0.949237013072505,0.617627601430247,31.0899898666171
8.51904761904762,0.88594218466665,0.949211484056602,0.617332262894613,31.0905524712636
8.51914682539683,0.885864507489499,0.949185934048339,0.617037065857567,31.0911150035589
8.51924603174603,0.885786839196399,0.949160363059802,0.616742010250743,31.0916774635215
8.51934523809524,0.885709179787026,0.949134771103075,0.6164470960058,31.0922398511702
8.51944444444444,0.885631529261057,0.94910915819023,0.616152323054425,31.0928021665236
8.51954365079365,0.885553887618173,0.949083524333339,0.615857691328329,31.0933644096003
8.51964285714286,0.885476254858061,0.949057869544461,0.615563200759253,31.0939265804188
8.51974206349206,0.885398630980412,0.949032193835652,0.615268851278961,31.0944886789979
8.51984126984127,0.885321015984919,0.949006497218963,0.614974642819246,31.0950507053561
8.51994047619048,0.885243409871281,0.948980779706434,0.614680575311927,31.0956126595119
8.52003968253968,0.8851658126392,0.948955041310102,0.614386648688846,31.0961745414841
8.52013888888889,0.885088224288384,0.948929282041997,0.614092862881881,31.096736351291
8.5202380952381,0.885010644818542,0.948903501914141,0.613799217822928,31.0972980889514
8.5203373015873,0.88493307422939,0.948877700938551,0.613505713443912,31.0978597544837
8.52043650793651,0.884855512520647,0.948851879127237,0.613212349676784,31.0984213479066
8.52053571428571,0.884777959692035,0.948826036492203,0.612919126453521,31.0989828692385
8.52063492063492,0.884700415743282,0.948800173045446,0.61262604370613,31.099544318498
8.52073412698413,0.884622880674119,0.948774288798955,0.612333101366641,31.1001056957036
8.52083333333333,0.88454535448428,0.948748383764716,0.612040299367112,31.1006670008738
8.52093253968254,0.884467837173506,0.948722457954706,0.611747637639627,31.1012282340271
8.52103174603175,0.884390328741539,0.948696511380896,0.611455116116296,31.1017893951821
8.52113095238095,0.884312829188128,0.948670544055249,0.611162734729258,31.1023504843572
8.52123015873016,0.884235338513023,0.948644555989726,0.610870493410676,31.1029115015709
8.52132936507936,0.884157856715982,0.948618547196276,0.610578392092741,31.1034724468417
8.52142857142857,0.884080383796762,0.948592517686846,0.61028643070767,31.104033320188
8.52152777777778,0.884002919755128,0.948566467473374,0.609994609187702,31.1045941216284
8.52162698412699,0.883925464590849,0.948540396567791,0.609702927465116,31.1051548511812
8.52172619047619,0.883848018303697,0.948514304982024,0.609411385472204,31.105715508865
8.5218253968254,0.883770580893447,0.948488192727992,0.609119983141289,31.1062760946981
8.5219246031746,0.883693152359879,0.948462059817608,0.608828720404722,31.1068366086989
8.52202380952381,0.883615732702779,0.948435906262776,0.608537597194878,31.107397050886
8.52212301587302,0.883538321921935,0.948409732075398,0.60824661344416,31.1079574212777
8.52222222222222,0.883460920017138,0.948383537267366,0.607955769084999,31.1085177198924
8.52232142857143,0.883383526988187,0.948357321850568,0.607665064049849,31.1090779467485
8.52242063492064,0.883306142834881,0.948331085836882,0.607374498271193,31.1096381018644
8.52251984126984,0.883228767557025,0.948304829238183,0.607084071681542,31.1101981852585
8.52261904761905,0.883151401154428,0.948278552066339,0.606793784213429,31.1107581969492
8.52271825396825,0.883074043626904,0.948252254333209,0.606503635799417,31.1113181369548
8.52281746031746,0.882996694974268,0.948225936050648,0.606213626372095,31.1118780052936
8.52291666666667,0.882919355196344,0.948199597230504,0.605923755864078,31.1124378019841
8.52301587301587,0.882842024292954,0.948173237884618,0.605634024208005,31.1129975270446
8.52311507936508,0.88276470226393,0.948146858024824,0.605344431336551,31.1135571804934
8.52321428571429,0.882687389109105,0.948120457662952,0.605054977182407,31.1141167623488
8.52331349206349,0.882610084828315,0.948094036810822,0.604765661678295,31.1146762726292
8.5234126984127,0.882532789421404,0.94806759548025,0.604476484756963,31.1152357113528
8.52351190476191,0.882455502888216,0.948041133683045,0.604187446351185,31.115795078538
8.52361111111111,0.882378225228602,0.948014651431009,0.603898546393762,31.116354374203
8.52371031746032,0.882300956442414,0.947988148735937,0.603609784817523,31.1169135983662
8.52380952380952,0.882223696529512,0.94796162560962,0.603321161555321,31.1174727510458
8.52390873015873,0.882146445489758,0.94793508206384,0.603032676540037,31.1180318322601
8.52400793650794,0.882069203323017,0.947908518110372,0.602744329704579,31.1185908420273
8.52410714285714,0.881991970029159,0.947881933760988,0.60245612098188,31.1191497803657
8.52420634920635,0.88191474560806,0.947855329027451,0.6021680503049,31.1197086472936
8.52430555555556,0.881837530059598,0.947828703921516,0.601880117606627,31.1202674428292
8.52440476190476,0.881760323383655,0.947802058454935,0.601592322820074,31.1208261669907
8.52450396825397,0.881683125580116,0.947775392639451,0.601304665878278,31.1213848197964
8.52460317460318,0.881605936648876,0.947748706486802,0.601017146714312,31.1219434012644
8.52470238095238,0.881528756589826,0.947722000008718,0.600729765261266,31.1225019114129
8.52480158730159,0.881451585402868,0.947695273216925,0.60044252145226,31.1230603502602
8.52490079365079,0.881374423087902,0.947668526123139,0.60015541522044,31.1236187178245
8.525,0.881297269644838,0.947641758739073,0.599868446498978,31.1241770141239
8.52509920634921,0.881220125073585,0.94761497107643,0.599581615221074,31.1247352391766
8.52519841269841,0.881142989374059,0.947588163146911,0.599294921319954,31.1252933930008
8.52529761904762,0.881065862546179,0.947561334962206,0.599008364728871,31.1258514756147
8.52539682539683,0.88098874458987,0.947534486534,0.598721945381103,31.1264094870363
8.52549603174603,0.880911635505057,0.947507617873974,0.598435663209955,31.1269674272838
8.52559523809524,0.880834535291675,0.947480728993798,0.598149518148761,31.1275252963754
8.52569444444444,0.880757443949657,0.94745381990514,0.597863510130878,31.1280830943292
8.52579365079365,0.880680361478943,0.947426890619659,0.597577639089692,31.1286408211633
8.52589285714286,0.880603287879479,0.947399941149007,0.597291904958615,31.1291984768958
8.52599206349206,0.88052622315121,0.94737297150483,0.59700630767108,31.1297560615449
8.52609126984127,0.880449167294091,0.947345981698771,0.596720847160561,31.1303135751285
8.52619047619048,0.880372120308077,0.94731897174246,0.596435523360545,31.1308710176649
8.52628968253968,0.880295082193129,0.947291941647527,0.59615033620455,31.131428389172
8.52638888888889,0.88021805294921,0.94726489142559,0.59586528562612,31.131985689668
8.5264880952381,0.88014103257629,0.947237821088265,0.595580371558827,31.132542919171
8.5265873015873,0.88006402107434,0.947210730647158,0.595295593936268,31.1331000776988
8.52668650793651,0.879987018443338,0.94718362011387,0.595010952692067,31.1336571652698
8.52678571428571,0.879910024683265,0.947156489499997,0.594726447759875,31.1342141819017
8.52688492063492,0.879833039794105,0.947129338817125,0.594442079073368,31.1347711276128
8.52698412698413,0.879756063775846,0.947102168076838,0.594157846566252,31.135328002421
8.52708333333333,0.879679096628483,0.947074977290709,0.593873750172256,31.1358848063443
8.52718253968254,0.879602138352013,0.947047766470308,0.593589789825137,31.1364415394008
8.52728174603175,0.879525188946435,0.947020535627196,0.593305965458678,31.1369982016084
8.52738095238095,0.879448248411757,0.946993284772929,0.593022277006689,31.1375547929851
8.52748015873016,0.879371316747986,0.946966013919056,0.592738724403004,31.138111313549
8.52757936507937,0.879294393955138,0.946938723077119,0.592455307581492,31.1386677633179
8.52767857142857,0.879217480033229,0.946911412258656,0.59217202647604,31.1392241423099
8.52777777777778,0.879140574982281,0.946884081475195,0.591888881020564,31.1397804505429
8.52787698412699,0.87906367880232,0.946856730738259,0.591605871149006,31.1403366880349
8.52797619047619,0.878986791493376,0.946829360059366,0.591322996795336,31.1408928548038
8.5280753968254,0.878909913055482,0.946801969450025,0.591040257893549,31.1414489508675
8.5281746031746,0.878833043488678,0.946774558921739,0.590757654377668,31.1420049762441
8.52827380952381,0.878756182793004,0.946747128486007,0.590475186181742,31.1425609309513
8.52837301587302,0.878679330968507,0.946719678154319,0.590192853239846,31.1431168150071
8.52847222222222,0.878602488015238,0.946692207938158,0.589910655486083,31.1436726284295
8.52857142857143,0.87852565393325,0.946664717849003,0.58962859285458,31.1442283712363
8.52867063492064,0.878448828722603,0.946637207898325,0.589346665279493,31.1447840434453
8.52876984126984,0.878372012383359,0.946609678097588,0.589064872695004,31.1453396450746
8.52886904761905,0.878295204915585,0.946582128458251,0.58878321503532,31.1458951761419
8.52896825396826,0.87821840631935,0.946554558991765,0.588501692234674,31.1464506366652
8.52906746031746,0.878141616594732,0.946526969709576,0.588220304227332,31.1470060266622
8.52916666666667,0.878064835741808,0.946499360623122,0.587939050947581,31.1475613461508
8.52926587301587,0.877988063760662,0.946471731743836,0.587657932329733,31.1481165951489
8.52936507936508,0.87791130065138,0.946444083083143,0.58737694830813,31.1486717736743
8.52946428571429,0.877834546414054,0.946416414652462,0.58709609881714,31.1492268817448
8.52956349206349,0.877757801048779,0.946388726463207,0.586815383791156,31.1497819193783
8.5296626984127,0.877681064555655,0.946361018526783,0.586534803164599,31.1503368865925
8.52976190476191,0.877604336934785,0.946333290854591,0.586254356871917,31.1508917834052
8.52986111111111,0.877527618186276,0.946305543458023,0.585974044847582,31.1514466098343
8.52996031746032,0.877450908310242,0.946277776348467,0.585693867026096,31.1520013658976
8.53005952380952,0.877374207306796,0.946249989537302,0.585413823341985,31.1525560516127
8.53015873015873,0.87729751517606,0.946222183035903,0.585133913729801,31.1531106669975
8.53025793650794,0.877220831918157,0.946194356855636,0.584854138124126,31.1536652120697
8.53035714285714,0.877144157533215,0.946166511007863,0.584574496459566,31.1542196868472
8.53045634920635,0.877067492021366,0.946138645503938,0.584294988670749,31.1547740913476
8.53055555555556,0.876990835382747,0.946110760355209,0.584015614692343,31.1553284255886
8.53065476190476,0.876914187617498,0.946082855573017,0.58373637445903,31.1558826895881
8.53075396825397,0.876837548725764,0.946054931168697,0.583457267905523,31.1564368833636
8.53085317460318,0.876760918707693,0.946026987153578,0.583178294966561,31.156991006933
8.53095238095238,0.876684297563438,0.94599902353898,0.58289945557691,31.157545060314
8.53105158730159,0.876607685293155,0.94597104033622,0.582620749671362,31.1580990435242
8.53115079365079,0.876531081897005,0.945943037556607,0.582342177184735,31.1586529565813
8.53125,0.876454487375153,0.945915015211442,0.582063738051876,31.159206799503
8.53134920634921,0.876377901727769,0.945886973312023,0.581785432207655,31.159760572307
8.53144841269841,0.876301324955024,0.945858911869637,0.581507259586972,31.160314275011
8.53154761904762,0.876224757057098,0.945830830895568,0.581229220124752,31.1608679076326
8.53164682539682,0.876148198034169,0.945802730401093,0.580951313755946,31.1614214701894
8.53174603174603,0.876071647886425,0.945774610397482,0.580673540415532,31.1619749626992
8.53184523809524,0.875995106614054,0.945746470895997,0.580395900038515,31.1625283851795
8.53194444444444,0.87591857421725,0.945718311907896,0.580118392559922,31.1630817376479
8.53204365079365,0.875842050696211,0.945690133444429,0.579841017914819,31.1636350201221
8.53214285714286,0.875765536051138,0.945661935516841,0.579563776038286,31.1641882326198
8.53224206349206,0.875689030282238,0.945633718136368,0.579286666865434,31.1647413751584
8.53234126984127,0.87561253338972,0.945605481314242,0.579009690331401,31.1652944477556
8.53244047619048,0.875536045373798,0.945577225061687,0.57873284637135,31.1658474504289
8.53253968253968,0.87545956623469,0.945548949389921,0.578456134920471,31.1664003831961
8.53263888888889,0.875383095972619,0.945520654310156,0.578179555913983,31.1669532460745
8.53273809523809,0.875306634587811,0.945492339833597,0.577903109287128,31.1675060390819
8.5328373015873,0.875230182080496,0.945464005971442,0.577626794975178,31.1680587622356
8.53293650793651,0.875153738450908,0.945435652734883,0.577350612913427,31.1686114155534
8.53303571428571,0.875077303699287,0.945407280135106,0.5770745630372,31.1691639990527
8.53313492063492,0.875000877825874,0.94537888818329,0.576798645281846,31.169716512751
8.53323412698413,0.874924460830917,0.945350476890607,0.576522859582743,31.170268956666
8.53333333333333,0.874848052714667,0.945322046268223,0.576247205875292,31.170821330815
8.53343253968254,0.874771653477377,0.945293596327298,0.575971684094919,31.1713736352156
8.53353174603175,0.874695263119308,0.945265127078986,0.575696294177088,31.1719258698853
8.53363095238095,0.874618881640723,0.945236638534432,0.575421036057278,31.1724780348416
8.53373015873016,0.874542509041888,0.945208130704777,0.575145909670998,31.173030130102
8.53382936507936,0.874466145323076,0.945179603601154,0.574870914953783,31.173582155684
8.53392857142857,0.87438979048456,0.945151057234691,0.574596051841195,31.1741341116049
8.53402777777778,0.874313444526622,0.945122491616508,0.574321320268824,31.1746859978824
8.53412698412698,0.874237107449544,0.945093906757719,0.574046720172285,31.1752378145337
8.53422619047619,0.874160779253615,0.945065302669431,0.573772251487219,31.1757895615765
8.5343253968254,0.874084459939125,0.945036679362747,0.573497914149295,31.176341239028
8.5344246031746,0.874008149506371,0.94500803684876,0.573223708094207,31.1768928469058
8.53452380952381,0.873931847955652,0.944979375138559,0.572949633257678,31.1774443852272
8.53462301587301,0.873855555287274,0.944950694243226,0.572675689575455,31.1779958540097
8.53472222222222,0.873779271501543,0.944921994173834,0.572401876983313,31.1785472532707
8.53482142857143,0.873702996598772,0.944893274941455,0.572128195417053,31.1790985830275
8.53492063492063,0.873626730579276,0.944864536557148,0.571854644812499,31.1796498432976
8.53501984126984,0.873550473443379,0.944835779031971,0.571581225105512,31.1802010340983
8.53511904761905,0.873474225191402,0.944807002376972,0.57130793623197,31.1807521554471
8.53521825396825,0.873397985823676,0.944778206603194,0.57103477812778,31.1813032073612
8.53531746031746,0.873321755340532,0.944749391721674,0.570761750728876,31.181854189858
8.53541666666667,0.873245533742307,0.94472055774344,0.570488853971218,31.1824051029549
8.53551587301587,0.873169321029342,0.944691704679517,0.570216087790794,31.1829559466692
8.53561507936508,0.873093117201983,0.94466283254092,0.569943452123616,31.1835067210182
8.53571428571429,0.873016922260577,0.944633941338661,0.569670946905725,31.1840574260193
8.53581349206349,0.872940736205479,0.944605031083743,0.569398572073187,31.1846080616898
8.5359126984127,0.872864559037046,0.944576101787163,0.569126327562096,31.185158628047
8.5360119047619,0.872788390755638,0.944547153459912,0.568854213308571,31.1857091251082
8.53611111111111,0.872712231361622,0.944518186112975,0.568582229248759,31.1862595528907
8.53621031746032,0.872636080855366,0.944489199757328,0.568310375318832,31.1868099114117
8.53630952380952,0.872559939237245,0.944460194403944,0.56803865145499,31.1873602006886
8.53640873015873,0.872483806507634,0.944431170063787,0.567767057593455,31.1879104207386
8.53650793650794,0.872407682666919,0.944402126747815,0.567495593670486,31.188460571579
8.53660714285714,0.872331567715483,0.944373064466981,0.56722425962236,31.189010653227
8.53670634920635,0.872255461653717,0.94434398323223,0.566953055385381,31.1895606656999
8.53680555555556,0.872179364482015,0.9443148830545,0.566681980895883,31.1901106090148
8.53690476190476,0.872103276200774,0.944285763944724,0.566411036090222,31.1906604831892
8.53700396825397,0.872027196810398,0.944256625913828,0.566140220904785,31.1912102882401
8.53710317460317,0.871951126311292,0.94422746897273,0.565869535275984,31.1917600241847
8.53720238095238,0.871875064703867,0.944198293132345,0.565598979140256,31.1923096910404
8.53730158730159,0.871799011988538,0.944169098403578,0.565328552434067,31.1928592888242
8.53740079365079,0.871722968165722,0.944139884797329,0.565058255093907,31.1934088175534
8.5375,0.871646933235844,0.944110652324491,0.564788087056296,31.1939582772451
8.53759920634921,0.871570907199328,0.944081400995952,0.564518048257777,31.1945076679165
8.53769841269841,0.871494890056608,0.944052130822592,0.564248138634921,31.1950569895848
8.53779761904762,0.871418881808116,0.944022841815285,0.563978358124326,31.1956062422672
8.53789682539683,0.871342882454292,0.943993533984898,0.563708706662612,31.1961554259808
8.53799603174603,0.87126689199558,0.943964207342292,0.563439184186439,31.1967045407426
8.53809523809524,0.871190910432428,0.943934861898322,0.563169790632478,31.19725358657
8.53819444444444,0.871114937765285,0.943905497663835,0.562900525937434,31.1978025634799
8.53829365079365,0.871038973994609,0.943876114649674,0.562631390038037,31.1983514714896
8.53839285714286,0.870963019120857,0.943846712866672,0.562362382871044,31.198900310616
8.53849206349206,0.870887073144494,0.943817292325659,0.562093504373239,31.1994490808764
8.53859126984127,0.870811136065988,0.943787853037456,0.561824754481431,31.1999977822878
8.53869047619048,0.87073520788581,0.943758395012879,0.561556133132457,31.2005464148673
8.53878968253968,0.870659288604436,0.943728918262737,0.561287640263181,31.201094978632
8.53888888888889,0.870583378222346,0.943699422797833,0.56101927581049,31.2016434735989
8.53898809523809,0.870507476740025,0.943669908628962,0.560751039711303,31.2021918997851
8.5390873015873,0.87043158415796,0.943640375766914,0.560482931902561,31.2027402572077
8.53918650793651,0.870355700476644,0.943610824222472,0.560214952321235,31.2032885458837
8.53928571428571,0.870279825696573,0.943581254006412,0.559947100904319,31.2038367658301
8.53938492063492,0.870203959818246,0.943551665129505,0.559679377588832,31.204384917064
8.53948412698413,0.870128102842171,0.943522057602514,0.559411782311832,31.2049329996024
8.53958333333333,0.870052254768854,0.943492431436196,0.559144315010388,31.2054810134624
8.53968253968254,0.869976415598809,0.943462786641302,0.558876975621604,31.2060289586608
8.53978174603175,0.869900585332552,0.943433123228576,0.558609764082608,31.2065768352147
8.53988095238095,0.869824763970603,0.943403441208755,0.558342680330556,31.2071246431412
8.53998015873016,0.86974895151349,0.943373740592571,0.558075724302628,31.2076723824572
8.54007936507936,0.869673147961739,0.943344021390748,0.557808895936033,31.2082200531796
8.54017857142857,0.869597353315885,0.943314283614004,0.557542195168006,31.2087676553254
8.54027777777778,0.869521567576464,0.943284527273051,0.557275621935808,31.2093151889116
8.54037698412698,0.869445790744019,0.943254752378594,0.557009176176727,31.2098626539552
8.54047619047619,0.869370022819094,0.943224958941331,0.556742857828078,31.2104100504731
8.5405753968254,0.869294263802239,0.943195146971955,0.556476666827201,31.2109573784821
8.5406746031746,0.869218513694008,0.943165316481152,0.556210603111463,31.2115046379994
8.54077380952381,0.869142772494958,0.9431354674796,0.55594466661826,31.2120518290416
8.54087301587302,0.869067040205651,0.943105599977971,0.555678857285008,31.2125989516259
8.54097222222222,0.868991316826654,0.943075713986934,0.55541317504916,31.213146005769
8.54107142857143,0.868915602358536,0.943045809517147,0.555147619848189,31.2136929914879
8.54117063492064,0.868839896801871,0.943015886579263,0.554882191619593,31.2142399087995
8.54126984126984,0.868764200157238,0.942985945183928,0.554616890300899,31.2147867577206
8.54136904761905,0.868688512425219,0.942955985341784,0.554351715829661,31.2153335382681
8.54146825396825,0.8686128336064,0.942926007063464,0.554086668143459,31.2158802504588
8.54156746031746,0.868537163701372,0.942896010359595,0.553821747179899,31.2164268943097
8.54166666666667,0.868461502710728,0.942865995240798,0.553556952876613,31.2169734698376
8.54176587301587,0.868385850635069,0.942835961717686,0.553292285171263,31.2175199770593
8.54186507936508,0.868310207474997,0.942805909800869,0.553027744001533,31.2180664159916
8.54196428571429,0.868234573231117,0.942775839500946,0.552763329305137,31.2186127866514
8.54206349206349,0.868158947904043,0.942745750828513,0.552499041019814,31.2191590890555
8.5421626984127,0.868083331494387,0.942715643794159,0.552234879083328,31.2197053232207
8.5422619047619,0.86800772400277,0.942685518408464,0.551970843433474,31.2202514891637
8.54236111111111,0.867932125429814,0.942655374682003,0.551706934008065,31.2207975869015
8.54246031746032,0.867856535776149,0.942625212625347,0.551443150744954,31.2213436164507
8.54255952380952,0.867780955042403,0.942595032249058,0.551179493582011,31.2218895778282
8.54265873015873,0.867705383229213,0.94256483356369,0.550915962457132,31.2224354710506
8.54275793650794,0.867629820337219,0.942534616579794,0.550652557308244,31.2229812961349
8.54285714285714,0.867554266367064,0.942504381307911,0.550389278073298,31.2235270530976
8.54295634920635,0.867478721319397,0.94247412775858,0.550126124690272,31.2240727419556
8.54305555555556,0.867403185194867,0.942443855942328,0.54986309709717,31.2246183627257
8.54315476190476,0.867327657994133,0.94241356586968,0.549600195232024,31.2251639154244
8.54325396825397,0.867252139717853,0.942383257551153,0.549337419032892,31.2257094000686
8.54335317460317,0.867176630366692,0.942352930997257,0.549074768437858,31.226254816675
8.54345238095238,0.867101129941319,0.942322586218495,0.548812243385033,31.2268001652602
8.54355158730159,0.867025638442404,0.942292223225366,0.548549843812554,31.227345445841
8.54365079365079,0.866950155870626,0.942261842028359,0.548287569658585,31.227890658434
8.54375,0.866874682226664,0.94223144263796,0.548025420861318,31.228435803056
8.54384920634921,0.866799217511202,0.942201025064646,0.547763397358964,31.2289808797236
8.54394841269841,0.86672376172493,0.942170589318889,0.547501499089775,31.2295258884534
8.54404761904762,0.866648314868541,0.942140135411153,0.547239725992019,31.2300708292622
8.54414682539683,0.866572876942731,0.942109663351898,0.54697807800399,31.2306157021665
8.54424603174603,0.866497447948201,0.942079173151575,0.546716555064013,31.2311605071831
8.54434523809524,0.866422027885656,0.942048664820629,0.546455157110438,31.2317052443285
8.54444444444444,0.866346616755806,0.942018138369499,0.54619388408164,31.2322499136194
8.54454365079365,0.866271214559364,0.941987593808619,0.545932735916023,31.2327945150723
8.54464285714286,0.866195821297046,0.941957031148413,0.545671712552016,31.233339048704
8.54474206349206,0.866120436969574,0.941926450399302,0.545410813928076,31.2338835145309
8.54484126984127,0.866045061577675,0.941895851571697,0.545150039982683,31.2344279125698
8.54494047619048,0.865969695122077,0.941865234676007,0.544889390654349,31.2349722428371
8.54503968253968,0.865894337603514,0.94183459972263,0.544628865881609,31.2355165053495
8.54513888888889,0.865818989022724,0.941803946721961,0.544368465603024,31.2360607001235
8.54523809523809,0.865743649380449,0.941773275684386,0.544108189757184,31.2366048271757
8.5453373015873,0.865668318677433,0.941742586620285,0.543848038282699,31.2371488865226
8.54543650793651,0.865592996914429,0.941711879540034,0.54358801111822,31.2376928781808
8.54553571428571,0.865517684092191,0.941681154453999,0.543328108202411,31.2382368021668
8.54563492063492,0.865442380211475,0.941650411372541,0.543068329473967,31.2387806584972
8.54573412698413,0.865367085273045,0.941619650306016,0.542808674871609,31.2393244471884
8.54583333333333,0.865291799277667,0.94158887126477,0.542549144334086,31.239868168257
8.54593253968254,0.865216522226112,0.941558074259146,0.542289737800171,31.2404118217195
8.54603174603175,0.865141254119154,0.941527259299479,0.542030455208667,31.2409554075924
8.54613095238095,0.865065994957571,0.941496426396097,0.541771296498401,31.2414989258922
8.54623015873016,0.864990744742147,0.941465575559322,0.541512261608227,31.2420423766353
8.54632936507936,0.864915503473669,0.94143470679947,0.541253350477026,31.2425857598382
8.54642857142857,0.864840271152927,0.941403820126851,0.540994563043705,31.2431290755175
8.54652777777778,0.864765047780716,0.941372915551766,0.540735899247199,31.2436723236895
8.54662698412698,0.864689833357836,0.941341993084512,0.540477359026467,31.2442155043707
8.54672619047619,0.864614627885091,0.941311052735379,0.540218942320496,31.2447586175775
8.5468253968254,0.864539431363285,0.941280094514648,0.539960649068298,31.2453016633265
8.5469246031746,0.864464243793233,0.941249118432599,0.539702479208918,31.2458446416339
8.54702380952381,0.86438906517575,0.941218124499499,0.539444432681419,31.2463875525163
8.54712301587302,0.864313895511654,0.941187112725614,0.539186509424896,31.24693039599
8.54722222222222,0.86423873480177,0.9411560831212,0.538928709378467,31.2474731720714
8.54732142857143,0.864163583046926,0.941125035696508,0.53867103248128,31.248015880777
8.54742063492064,0.864088440247953,0.941093970461782,0.538413478672506,31.2485585221231
8.54751984126984,0.864013306405687,0.94106288742726,0.538156047891346,31.2491010961261
8.54761904761905,0.863938181520968,0.941031786603173,0.537898740077024,31.2496436028023
8.54771825396825,0.863863065594641,0.941000667999746,0.537641555168795,31.2501860421682
8.54781746031746,0.863787958627554,0.940969531627197,0.537384493105935,31.2507284142401
8.54791666666667,0.863712860620559,0.940938377495737,0.537127553827752,31.2512707190342
8.54801587301587,0.863637771574513,0.940907205615573,0.536870737273578,31.2518129565671
8.54811507936508,0.863562691490275,0.940876015996902,0.53661404338277,31.252355126855
8.54821428571429,0.863487620368712,0.940844808649916,0.536357472094715,31.2528972299141
8.54831349206349,0.86341255821069,0.940813583584803,0.53610102334882,31.253439265761
8.5484126984127,0.863337505017085,0.94078234081174,0.535844697084531,31.2539812344117
8.54851190476191,0.863262460788772,0.940751080340902,0.535588493241309,31.2545231358827
8.54861111111111,0.863187425526632,0.940719802182453,0.535332411758645,31.2550649701902
8.54871031746032,0.86311239923155,0.940688506346554,0.535076452576058,31.2556067373506
8.54880952380952,0.863037381904416,0.940657192843358,0.534820615633092,31.25614843738
8.54890873015873,0.862962373546123,0.940625861683013,0.534564900869318,31.2566900702948
8.54900793650794,0.862887374157568,0.940594512875657,0.534309308224334,31.2572316361112
8.54910714285714,0.862812383739652,0.940563146431426,0.534053837637763,31.2577731348455
8.54920634920635,0.862737402293282,0.940531762360446,0.533798489049258,31.2583145665139
8.54930555555556,0.862662429819367,0.940500360672838,0.533543262398494,31.2588559311327
8.54940476190476,0.86258746631882,0.940468941378717,0.533288157625175,31.259397228718
8.54950396825397,0.86251251179256,0.94043750448819,0.533033174669033,31.2599384592861
8.54960317460317,0.862437566241508,0.940406050011359,0.532778313469823,31.2604796228532
8.54970238095238,0.86236262966659,0.940374577958318,0.53252357396733,31.2610207194355
8.54980158730159,0.862287702068736,0.940343088339157,0.53226895610136,31.2615617490493
8.54990079365079,0.862212783448882,0.940311581163956,0.532014459811756,31.2621027117106
8.55,0.862137873807964,0.940280056442793,0.531760085038377,31.2626436074357
8.55009920634921,0.862062973146926,0.940248514185734,0.531505831721115,31.2631844362407
8.55019841269841,0.861988081466714,0.940216954402843,0.531251699799884,31.2637251981418
8.55029761904762,0.861913198768278,0.940185377104175,0.530997689214628,31.2642658931552
8.55039682539683,0.861838325052573,0.940153782299781,0.530743799905315,31.2648065212971
8.55049603174603,0.861763460320558,0.940122169999703,0.530490031811943,31.2653470825834
8.55059523809524,0.861688604573195,0.940090540213977,0.530236384874531,31.2658875770305
8.55069444444444,0.861613757811452,0.940058892952633,0.529982859033132,31.2664280046543
8.55079365079365,0.861538920036299,0.940027228225695,0.529729454227818,31.2669683654711
8.55089285714286,0.861464091248713,0.93999554604318,0.529476170398693,31.2675086594969
8.55099206349206,0.861389271449671,0.939963846415098,0.529223007485886,31.2680488867478
8.55109126984127,0.861314460640157,0.939932129351454,0.52896996542955,31.26858904724
8.55119047619048,0.861239658821159,0.939900394862244,0.528717044169869,31.2691291409895
8.55128968253968,0.861164865993667,0.939868642957459,0.528464243647045,31.2696691680123
8.55138888888889,0.861090082158679,0.939836873647085,0.528211563801323,31.2702091283246
8.5514880952381,0.861015307317193,0.9398050869411,0.527959004572958,31.2707490219424
8.5515873015873,0.860940541470213,0.939773282849474,0.52770656590224,31.2712888488818
8.55168650793651,0.860865784618747,0.939741461382173,0.527454247729482,31.2718286091588
8.55178571428571,0.860791036763807,0.939709622549155,0.527202049995026,31.2723683027894
8.55188492063492,0.860716297906409,0.939677766360373,0.526949972639238,31.2729079297897
8.55198412698413,0.860641568047573,0.939645892825772,0.526698015602514,31.2734474901757
8.55208333333333,0.860566847188323,0.93961400195529,0.526446178825273,31.2739869839634
8.55218253968254,0.860492135329687,0.939582093758861,0.526194462247964,31.2745264111689
8.55228174603175,0.860417432472699,0.939550168246412,0.525942865811059,31.275065771808
8.55238095238095,0.860342738618394,0.93951822542786,0.525691389455059,31.2756050658968
8.55248015873016,0.860268053767814,0.939486265313119,0.52544003312049,31.2761442934513
8.55257936507936,0.860193377922002,0.939454287912097,0.525188796747907,31.2766834544875
8.55267857142857,0.860118711082007,0.939422293234693,0.524937680277888,31.2772225490213
8.55277777777778,0.860044053248882,0.939390281290799,0.524686683651038,31.2777615770686
8.55287698412699,0.859969404423686,0.939358252090306,0.524435806807995,31.2783005386455
8.55297619047619,0.859894764607477,0.939326205643091,0.524185049689416,31.2788394337678
8.5530753968254,0.859820133801323,0.93929414195903,0.523934412235988,31.2793782624516
8.5531746031746,0.859745512006291,0.939262061047991,0.523683894388422,31.2799170247126
8.55327380952381,0.859670899223455,0.939229962919834,0.523433496087458,31.280455720567
8.55337301587302,0.859596295453893,0.939197847584414,0.523183217273862,31.2809943500304
8.55347222222222,0.859521700698685,0.939165715051579,0.522933057888426,31.2815329131189
8.55357142857143,0.859447114958919,0.939133565331171,0.522683017871968,31.2820714098484
8.55367063492064,0.859372538235682,0.939101398433025,0.522433097165335,31.2826098402346
8.55376984126984,0.85929797053007,0.93906921436697,0.522183295709399,31.2831482042936
8.55386904761905,0.85922341184318,0.939037013142829,0.521933613445057,31.2836865020412
8.55396825396825,0.859148862176113,0.939004794770416,0.521684050313235,31.2842247334932
8.55406746031746,0.859074321529977,0.93897255925954,0.521434606254884,31.2847628986655
8.55416666666667,0.858999789905881,0.938940306620006,0.521185281210982,31.285300997574
8.55426587301587,0.858925267304938,0.938908036861608,0.520936075122531,31.2858390302344
8.55436507936508,0.858850753728269,0.938875749994137,0.52068698793057,31.2863769966626
8.55446428571429,0.858776249176995,0.938843446027376,0.520438019576151,31.2869148968745
8.55456349206349,0.858701753652243,0.938811124971102,0.52018917000036,31.2874527308858
8.5546626984127,0.858627267155143,0.938778786835085,0.519940439144307,31.2879904987123
8.55476190476191,0.85855278968683,0.938746431629089,0.519691826949131,31.2885282003699
8.55486111111111,0.858478321248443,0.93871405936287,0.519443333355994,31.2890658358743
8.55496031746032,0.858403861841124,0.938681670046181,0.519194958306088,31.2896034052414
8.55505952380952,0.858329411466021,0.938649263688764,0.518946701740629,31.2901409084868
8.55515873015873,0.858254970124285,0.938616840300359,0.518698563600861,31.2906783456264
8.55525793650794,0.858180537817071,0.938584399890696,0.518450543828055,31.2912157166759
8.55535714285714,0.858106114545538,0.9385519424695,0.518202642363507,31.2917530216511
8.55545634920635,0.858031700310849,0.938519468046489,0.51795485914854,31.2922902605677
8.55555555555556,0.857957295114173,0.938486976631376,0.517707194124504,31.2928274334415
8.55565476190476,0.85788289895668,0.938454468233865,0.517459647232776,31.2933645402881
8.55575396825397,0.857808511839545,0.938421942863656,0.517212218414754,31.2939015811233
8.55585317460318,0.857734133763949,0.93838940053044,0.516964907611877,31.2944385559629
8.55595238095238,0.857659764731077,0.938356841243905,0.516717714765595,31.2949754648224
8.55605158730159,0.857585404742115,0.938324265013728,0.516470639817391,31.2955123077176
8.55615079365079,0.857511053798255,0.938291671849584,0.516223682708775,31.2960490846642
8.55625,0.857436711900694,0.938259061761137,0.515976843381283,31.2965857956779
8.55634920634921,0.857362379050632,0.93822643475805,0.515730121776476,31.2971224407743
8.55644841269841,0.857288055249273,0.938193790849973,0.515483517835944,31.2976590199691
8.55654761904762,0.857213740497825,0.938161130046556,0.515237031501301,31.298195533278
8.55664682539683,0.857139434797501,0.938128452357438,0.514990662714189,31.2987319807165
8.55674603174603,0.857065138149518,0.938095757792252,0.514744411416278,31.2992683623005
8.55684523809524,0.856990850555095,0.938063046360627,0.514498277549261,31.2998046780453
8.55694444444444,0.856916572015458,0.938030318072184,0.514252261054861,31.3003409279668
8.55704365079365,0.856842302531836,0.937997572936536,0.514006361874825,31.3008771120805
8.55714285714286,0.856768042105462,0.937964810963293,0.513760579950928,31.301413230402
8.55724206349206,0.85669379073757,0.937932032162054,0.513514915224969,31.3019492829469
8.55734126984127,0.856619548429406,0.937899236542415,0.51326936763878,31.3024852697309
8.55744047619048,0.856545315182212,0.937866424113966,0.513023937134213,31.3030211907694
8.55753968253968,0.856471090997238,0.937833594886288,0.51277862365315,31.3035570460781
8.55763888888889,0.856396875875738,0.937800748868955,0.512533427137497,31.3040928356725
8.5577380952381,0.856322669818968,0.937767886071538,0.512288347529188,31.3046285595682
8.5578373015873,0.856248472828191,0.937735006503599,0.512043384770183,31.3051642177808
8.55793650793651,0.856174284904672,0.937702110174694,0.511798538802471,31.3056998103258
8.55803571428571,0.856100106049681,0.937669197094372,0.511553809568063,31.3062353372187
8.55813492063492,0.856025936264491,0.937636267272177,0.511309197009001,31.306770798475
8.55823412698413,0.855951775550381,0.937603320717645,0.511064701067351,31.3073061941103
8.55833333333333,0.855877623908633,0.937570357440306,0.510820321685206,31.3078415241401
8.55843253968254,0.855803481340532,0.937537377449684,0.510576058804686,31.3083767885799
8.55853174603175,0.855729347847369,0.937504380755295,0.510331912367937,31.3089119874452
8.55863095238095,0.855655223430439,0.937471367366651,0.510087882317133,31.3094471207515
8.55873015873016,0.855581108091037,0.937438337293254,0.509843968594468,31.3099821885142
8.55882936507937,0.855507001830471,0.937405290544605,0.509600171142176,31.3105171907488
8.55892857142857,0.855432904650043,0.937372227130192,0.509356489902506,31.3110521274709
8.55902777777778,0.855358816551066,0.937339147059501,0.509112924817737,31.3115869986958
8.55912698412699,0.855284737534854,0.93730605034201,0.508869475830175,31.3121218044389
8.55922619047619,0.855210667602726,0.937272936987191,0.50862614288215,31.3126565447159
8.5593253968254,0.855136606756004,0.937239807004508,0.508382925916024,31.3131912195419
8.5594246031746,0.855062554996017,0.937206660403421,0.508139824874179,31.3137258289326
8.55952380952381,0.854988512324094,0.937173497193381,0.50789683969903,31.3142603729033
8.55962301587302,0.854914478741571,0.937140317383834,0.507653970333013,31.3147948514694
8.55972222222222,0.854840454249788,0.93710712098422,0.507411216718593,31.3153292646464
8.55982142857143,0.854766438850088,0.937073908003971,0.507168578798262,31.3158636124495
8.55992063492064,0.854692432543818,0.937040678452513,0.506926056514538,31.3163978948942
8.56001984126984,0.85461843533233,0.937007432339266,0.506683649809966,31.316932111996
8.56011904761905,0.85454444721698,0.936974169673643,0.506441358627116,31.31746626377
8.56021825396826,0.854470468199125,0.93694089046505,0.506199182908582,31.3180003502318
8.56031746031746,0.854396498280134,0.93690759472289,0.505957122596997,31.3185343713966
8.56041666666667,0.854322537461371,0.936874282456554,0.505715177635007,31.3190683272799
8.56051587301587,0.854248585744209,0.93684095367543,0.505473347965289,31.3196022178968
8.56061507936508,0.854174643130025,0.936807608388898,0.505231633530547,31.3201360432629
8.56071428571429,0.854100709620198,0.936774246606334,0.504990034273511,31.3206698033933
8.56081349206349,0.854026785216113,0.936740868337105,0.504748550136939,31.3212034983034
8.5609126984127,0.853952869919159,0.936707473590572,0.504507181063614,31.3217371280086
8.56101190476191,0.853878963730727,0.936674062376089,0.504265926996346,31.322270692524
8.56111111111111,0.853805066652214,0.936640634703006,0.504024787877971,31.322804191865
8.56121031746032,0.853731178685022,0.936607190580664,0.503783763651353,31.323337626047
8.56130952380952,0.853657299830554,0.936573730018398,0.503542854259381,31.323870995085
8.56140873015873,0.85358343009022,0.936540253025537,0.503302059644971,31.3244042989945
8.56150793650794,0.853509569465432,0.936506759611404,0.503061379751066,31.3249375377907
8.56160714285714,0.853435717957608,0.936473249785314,0.502820814520636,31.3254707114888
8.56170634920635,0.853361875568169,0.936439723556576,0.502580363896673,31.326003820104
8.56180555555556,0.85328804229854,0.936406180934494,0.502340027822207,31.3265368636517
8.56190476190476,0.85321421815015,0.936372621928363,0.502099806240281,31.327069842147
8.56200396825397,0.853140403124433,0.936339046547474,0.501859699093973,31.3276027556051
8.56210317460318,0.853066597222827,0.936305454801111,0.501619706326385,31.3281356040413
8.56220238095238,0.852992800446772,0.936271846698549,0.501379827880643,31.3286683874707
8.56230158730159,0.852919012797715,0.936238222249059,0.501140063699906,31.3292011059086
8.56240079365079,0.852845234277106,0.936204581461906,0.500900413727353,31.3297337593701
8.5625,0.852771464886397,0.936170924346346,0.500660877906192,31.3302663478704
8.56259920634921,0.852697704627048,0.936137250911631,0.500421456179659,31.3307988714247
8.56269841269841,0.85262395350052,0.936103561167004,0.500182148491016,31.3313313300482
8.56279761904762,0.85255021150828,0.936069855121704,0.499942954783549,31.331863723756
8.56289682539682,0.852476478651797,0.936036132784963,0.499703875000574,31.3323960525632
8.56299603174603,0.852402754932546,0.936002394166004,0.499464909085431,31.332928316485
8.56309523809524,0.852329040352006,0.935968639274048,0.499226056981488,31.3334605155365
8.56319444444444,0.852255334911657,0.935934868118304,0.498987318632137,31.3339926497328
8.56329365079365,0.85218163861299,0.93590108070798,0.498748693980802,31.3345247190891
8.56339285714286,0.852107951426549,0.935867277064063,0.498510182974178,31.3350567236322
8.56349206349206,0.852034273014781,0.935833457324643,0.498271785592795,31.3355886635054
8.56359126984127,0.851960603283113,0.935799621534692,0.498033501794637,31.3361205387591
8.56369047619048,0.851886942229464,0.935765769703886,0.49779533152831,31.3366523494087
8.56378968253968,0.851813289851752,0.935731901841895,0.497557274742436,31.3371840954696
8.56388888888889,0.851739646147898,0.935698017958386,0.497319331385656,31.3377157769571
8.56398809523809,0.851666011115824,0.935664118063023,0.497081501406624,31.3382473938866
8.5640873015873,0.851592384753453,0.935630202165465,0.496843784754014,31.3387789462733
8.56418650793651,0.851518767058709,0.935596270275371,0.496606181376514,31.3393104341327
8.56428571428571,0.851445158029518,0.935562322402393,0.496368691222828,31.3398418574801
8.56438492063492,0.851371557663808,0.935528358556179,0.496131314241678,31.3403732163308
8.56448412698413,0.851297965959508,0.935494378746378,0.495894050381801,31.3409045107001
8.56458333333333,0.851224382914547,0.93546038298263,0.495656899591952,31.3414357406033
8.56468253968254,0.851150808526857,0.935426371274575,0.495419861820899,31.3419669060558
8.56478174603175,0.851077242794371,0.935392343631849,0.495182937017434,31.3424980070729
8.56488095238095,0.851003685715024,0.935358300064083,0.494946125130357,31.3430290436698
8.56498015873016,0.850930137286752,0.935324240580906,0.494709426108489,31.3435600158619
8.56507936507936,0.85085659750749,0.935290165191943,0.494472839900665,31.3440909236645
8.56517857142857,0.850783066375178,0.935256073906814,0.494236366455737,31.3446217670928
8.56527777777778,0.850709543887755,0.935221966735138,0.494000005722576,31.3451525461622
8.56537698412698,0.850636030043164,0.935187843686529,0.493763757650065,31.3456832608879
8.56547619047619,0.850562524839345,0.935153704770598,0.493527622187106,31.3462139112852
8.5655753968254,0.850489028274244,0.935119549996951,0.493291599282619,31.3467444973694
8.5656746031746,0.850415540345806,0.935085379375192,0.493055688885536,31.3472750191557
8.56577380952381,0.850342061051978,0.935051192914922,0.492819890944809,31.3478054766595
8.56587301587301,0.850268590390708,0.935016990625737,0.492584205409406,31.3483358698959
8.56597222222222,0.850195128359945,0.93498277251723,0.492348632228309,31.3488661988802
8.56607142857143,0.85012167495764,0.93494853859899,0.492113171350519,31.3493964636277
8.56617063492063,0.850048230181746,0.934914288880603,0.491877822725049,31.3499266641537
8.56626984126984,0.849974794030216,0.934880023371652,0.491642586300938,31.3504568004733
8.56636904761905,0.849901366501007,0.934845742081716,0.491407462027232,31.3509868726018
8.56646825396825,0.849827947592074,0.93481144502037,0.491172449852997,31.3515168805544
8.56656746031746,0.849754537301375,0.934777132197186,0.490937549727314,31.3520468243465
8.56666666666667,0.849681135626869,0.934742803621732,0.490702761599283,31.352576703993
8.56676587301587,0.849607742566518,0.934708459303572,0.490468085418017,31.3531065195094
8.56686507936508,0.849534358118283,0.934674099252268,0.490233521132649,31.3536362709109
8.56696428571429,0.849460982280127,0.934639723477378,0.489999068692324,31.3541659582125
8.56706349206349,0.849387615050016,0.934605331988456,0.489764728046209,31.3546955814296
8.5671626984127,0.849314256425916,0.934570924795052,0.489530499143482,31.3552251405773
8.5672619047619,0.849240906405795,0.934536501906713,0.489296381933341,31.3557546356709
8.56736111111111,0.84916756498762,0.934502063332983,0.489062376364999,31.3562840667255
8.56746031746032,0.849094232169364,0.934467609083401,0.488828482387684,31.3568134337563
8.56755952380952,0.849020907948998,0.934433139167505,0.488594699950644,31.3573427367785
8.56765873015873,0.848947592324493,0.934398653594827,0.488361029003137,31.3578719758072
8.56775793650794,0.848874285293827,0.934364152374896,0.488127469494448,31.3584011508577
8.56785714285714,0.848800986854975,0.934329635517239,0.48789402137387,31.3589302619452
8.56795634920635,0.848727697005913,0.934295103031377,0.487660684590713,31.3594593090847
8.56805555555556,0.848654415744621,0.93426055492683,0.487427459094305,31.3599882922915
8.56815476190476,0.848581143069079,0.934225991213112,0.487194344833991,31.3605172115806
8.56825396825397,0.848507878977268,0.934191411899735,0.486961341759132,31.3610460669673
8.56835317460317,0.848434623467171,0.934156816996208,0.486728449819104,31.3615748584667
8.56845238095238,0.848361376536773,0.934122206512034,0.486495668963302,31.362103586094
8.56855158730159,0.848288138184059,0.934087580456716,0.486262999141133,31.3626322498642
8.56865079365079,0.848214908407016,0.93405293883975,0.486030440302026,31.3631608497925
8.56875,0.848141687203633,0.934018281670631,0.485797992395423,31.3636893858941
8.56884920634921,0.8480684745719,0.933983608958848,0.485565655370782,31.364217858184
8.56894841269841,0.847995270509807,0.93394892071389,0.485333429177579,31.3647462666775
8.56904761904762,0.847922075015349,0.933914216945239,0.485101313765306,31.3652746113895
8.56914682539683,0.847848888086516,0.933879497662375,0.484869309083468,31.3658028923352
8.56924603174603,0.847775709721308,0.933844762874774,0.484637415081595,31.3663311095298
8.56934523809524,0.847702539917719,0.93381001259191,0.484405631709226,31.3668592629882
8.56944444444444,0.847629378673749,0.933775246823252,0.484173958915918,31.3673873527257
8.56954365079365,0.847556225987396,0.933740465578264,0.483942396651245,31.3679153787573
8.56964285714286,0.847483081856661,0.93370566886641,0.483710944864796,31.3684433410981
8.56974206349206,0.847409946279548,0.933670856697148,0.483479603506179,31.3689712397631
8.56984126984127,0.847336819254059,0.933636029079934,0.483248372525017,31.3694990747675
8.56994047619048,0.8472637007782,0.933601186024218,0.483017251870948,31.3700268461264
8.57003968253968,0.847190590849977,0.933566327539448,0.482786241493628,31.3705545538547
8.57013888888889,0.847117489467399,0.93353145363507,0.48255534134273,31.3710821979676
8.57023809523809,0.847044396628474,0.933496564320524,0.482324551367942,31.3716097784802
8.5703373015873,0.846971312331213,0.933461659605248,0.482093871518969,31.3721372954074
8.57043650793651,0.846898236573629,0.933426739498675,0.481863301745532,31.3726647487644
8.57053571428571,0.846825169353735,0.933391804010236,0.481632841997369,31.3731921385661
8.57063492063492,0.846752110669544,0.933356853149357,0.481402492224231,31.3737194648277
8.57073412698413,0.846679060519075,0.933321886925462,0.481172252375895,31.3742467275641
8.57083333333333,0.846606018900345,0.933286905347971,0.480942122402143,31.3747739267905
8.57093253968254,0.846532985811373,0.9332519084263,0.480712102252781,31.3753010625218
8.57103174603175,0.846459961250178,0.933216896169862,0.480482191877627,31.375828134773
8.57113095238095,0.846386945214784,0.933181868588065,0.480252391226517,31.3763551435592
8.57123015873016,0.846313937703212,0.933146825690315,0.480022700249304,31.3768820888954
8.57132936507936,0.846240938713488,0.933111767486015,0.479793118895856,31.3774089707966
8.57142857142857,0.846167948243638,0.933076693984562,0.47956364711606,31.3779357892777
8.57152777777778,0.846094966291689,0.933041605195352,0.479334284859815,31.378462544354
8.57162698412698,0.846021992855669,0.933006501127777,0.479105032077042,31.3789892360402
8.57172619047619,0.84594902793361,0.932971381791223,0.478875888717673,31.3795158643514
8.5718253968254,0.845876071523541,0.932936247195077,0.47864685473166,31.3800424293026
8.5719246031746,0.845803123623497,0.932901097348717,0.478417930068969,31.3805689309088
8.57202380952381,0.845730184231512,0.932865932261522,0.478189114679585,31.3810953691849
8.57212301587302,0.84565725334562,0.932830751942865,0.477960408513505,31.3816217441459
8.57222222222222,0.845584330963861,0.932795556402118,0.47773181152075,31.3821480558069
8.57232142857143,0.845511417084271,0.932760345648645,0.47750332365135,31.3826743041827
8.57242063492064,0.845438511704891,0.932725119691811,0.477274944855356,31.3832004892884
8.57251984126984,0.845365614823762,0.932689878540976,0.477046675082832,31.3837266111388
8.57261904761905,0.845292726438927,0.932654622205494,0.476818514283859,31.384252669749
8.57271825396825,0.84521984654843,0.93261935069472,0.476590462408538,31.3847786651338
8.57281746031746,0.845146975150315,0.932584064018001,0.476362519406981,31.3853045973083
8.57291666666667,0.845074112242631,0.932548762184683,0.476134685229321,31.3858304662873
8.57301587301587,0.845001257823424,0.932513445204109,0.475906959825705,31.3863562720859
8.57311507936508,0.844928411890746,0.932478113085616,0.475679343146297,31.3868820147189
8.57321428571429,0.844855574442646,0.93244276583854,0.475451835141276,31.3874076942012
8.57331349206349,0.844782745477177,0.932407403472212,0.475224435760841,31.3879333105478
8.5734126984127,0.844709924992393,0.932372025995959,0.474997144955203,31.3884588637736
8.5735119047619,0.844637112986349,0.932336633419106,0.474769962674593,31.3889843538935
8.57361111111111,0.8445643094571,0.932301225750973,0.474542888869252,31.3895097809225
8.57371031746032,0.844491514402707,0.932265803000879,0.474315923489451,31.3900351448753
8.57380952380952,0.844418727821227,0.932230365178136,0.474089066485463,31.3905604457669
8.57390873015873,0.844345949710722,0.932194912292054,0.473862317807584,31.3910856836123
8.57400793650794,0.844273180069253,0.932159444351941,0.473635677406127,31.3916108584263
8.57410714285714,0.844200418894885,0.932123961367099,0.473409145231417,31.3921359702237
8.57420634920635,0.844127666185681,0.932088463346828,0.4731827212338,31.3926610190195
8.57430555555556,0.844054921939708,0.932052950300423,0.472956405363637,31.3931860048285
8.57440476190476,0.843982186155034,0.932017422237178,0.472730197571303,31.3937109276657
8.57450396825397,0.843909458829728,0.93198187916638,0.472504097807194,31.3942357875458
8.57460317460317,0.84383673996186,0.931946321097316,0.472278106021717,31.3947605844838
8.57470238095238,0.843764029549502,0.931910748039267,0.472052222165301,31.3952853184944
8.57480158730159,0.843691327590727,0.931875160001512,0.471826446188387,31.3958099895926
8.57490079365079,0.84361863408361,0.931839556993324,0.471600778041434,31.3963345977932
8.575,0.843545949026227,0.931803939023977,0.471375217674917,31.3968591431111
8.57509920634921,0.843473272416653,0.931768306102736,0.471149765039326,31.397383625561
8.57519841269841,0.843400604252971,0.931732658238866,0.470924420085174,31.3979080451578
8.57529761904762,0.843327944533259,0.931696995441629,0.470699182762984,31.3984324019164
8.57539682539683,0.843255293255598,0.931661317720281,0.470474053023295,31.3989566958516
8.57549603174603,0.843182650418072,0.931625625084075,0.470249030816666,31.3994809269781
8.57559523809524,0.843110016018764,0.931589917542262,0.47002411609367,31.4000050953109
8.57569444444444,0.843037390055762,0.931554195104087,0.469799308804897,31.4005292008646
8.57579365079365,0.84296477252715,0.931518457778795,0.469574608900953,31.4010532436543
8.57589285714286,0.842892163431019,0.931482705575624,0.469350016332463,31.4015772236945
8.57599206349206,0.842819562765457,0.93144693850381,0.469125531050064,31.4021011410002
8.57609126984127,0.842746970528557,0.931411156572586,0.468901153004412,31.4026249955861
8.57619047619048,0.842674386718411,0.93137535979118,0.468676882146181,31.403148787467
8.57628968253968,0.842601811333112,0.931339548168817,0.468452718426057,31.4036725166577
8.57638888888889,0.842529244370756,0.93130372171472,0.468228661794747,31.4041961831731
8.57648809523809,0.842456685829441,0.931267880438106,0.46800471220297,31.4047197870277
8.5765873015873,0.842384135707263,0.93123202434819,0.467780869601463,31.4052433282365
8.57668650793651,0.842311594002324,0.931196153454183,0.467557133940984,31.4057668068142
8.57678571428571,0.842239060712724,0.931160267765293,0.467333505172302,31.4062902227756
8.57688492063492,0.842166535836565,0.931124367290724,0.467109983246203,31.4068135761354
8.57698412698413,0.84209401937195,0.931088452039676,0.466886568113491,31.4073368669083
8.57708333333333,0.842021511316986,0.931052522021346,0.466663259724985,31.4078600951092
8.57718253968254,0.841949011669779,0.931016577244928,0.46644005803152,31.4083832607528
8.57728174603175,0.841876520428436,0.930980617719612,0.46621696298395,31.4089063638537
8.57738095238095,0.841804037591067,0.930944643454583,0.465993974533144,31.4094294044268
8.57748015873016,0.841731563155783,0.930908654459025,0.465771092629986,31.4099523824868
8.57757936507936,0.841659097120695,0.930872650742117,0.465548317225378,31.4104752980484
8.57767857142857,0.841586639483917,0.930836632313035,0.465325648270238,31.4109981511263
8.57777777777778,0.841514190243565,0.93080059918095,0.4651030857155,31.4115209417352
8.57787698412698,0.841441749397753,0.930764551355033,0.464880629512116,31.4120436698899
8.57797619047619,0.841369316944601,0.930728488844447,0.464658279611051,31.412566335605
8.5780753968254,0.841296892882225,0.930692411658353,0.464436035963288,31.4130889388954
8.5781746031746,0.841224477208749,0.930656319805912,0.464213898519831,31.4136114797756
8.57827380952381,0.841152069922293,0.930620213296277,0.463991867231695,31.4141339582603
8.57837301587302,0.84107967102098,0.930584092138598,0.463769942049911,31.4146563743643
8.57847222222222,0.841007280502935,0.930547956342024,0.463548122925529,31.4151787281022
8.57857142857143,0.840934898366284,0.930511805915698,0.463326409809615,31.4157010194888
8.57867063492064,0.840862524609155,0.930475640868761,0.46310480265325,31.4162232485386
8.57876984126984,0.840790159229675,0.930439461210349,0.462883301407533,31.4167454152664
8.57886904761905,0.840717802225976,0.930403266949596,0.462661906023578,31.4172675196869
8.57896825396825,0.840645453596188,0.930367058095632,0.462440616452517,31.4177895618146
8.57906746031746,0.840573113338445,0.930330834657583,0.462219432645496,31.4183115416643
8.57916666666667,0.840500781450881,0.930294596644571,0.46199835455368,31.4188334592506
8.57926587301587,0.840428457931632,0.930258344065715,0.46177738212825,31.4193553145882
8.57936507936508,0.840356142778834,0.930222076930132,0.461556515320401,31.4198771076917
8.57946428571429,0.840283835990627,0.930185795246934,0.461335754081346,31.4203988385757
8.57956349206349,0.840211537565148,0.930149499025227,0.461115098362313,31.420920507255
8.5796626984127,0.840139247500542,0.93011318827412,0.460894548114553,31.421442113744
8.57976190476191,0.84006696579495,0.930076863002711,0.460674103289325,31.4219636580575
8.57986111111111,0.839994692446516,0.930040523220101,0.460453763837908,31.42248514021
8.57996031746032,0.839922427453385,0.930004168935382,0.460233529711596,31.4230065602162
8.58005952380952,0.839850170813705,0.929967800157645,0.460013400861702,31.4235279180907
8.58015873015873,0.839777922525623,0.929931416895979,0.459793377239553,31.4240492138482
8.58025793650794,0.839705682587289,0.929895019159466,0.459573458796494,31.4245704475031
8.58035714285714,0.839633450996854,0.929858606957188,0.459353645483884,31.4250916190702
8.58045634920635,0.839561227752471,0.929822180298221,0.4591339372531,31.4256127285639
8.58055555555556,0.839489012852292,0.929785739191637,0.458914334055537,31.426133775999
8.58065476190476,0.839416806294474,0.929749283646507,0.458694835842604,31.4266547613899
8.58075396825397,0.839344608077173,0.929712813671897,0.458475442565727,31.4271756847513
8.58085317460317,0.839272418198546,0.929676329276869,0.458256154176349,31.4276965460977
8.58095238095238,0.839200236656754,0.929639830470483,0.458036970625928,31.4282173454438
8.58105158730159,0.839128063449955,0.929603317261793,0.457817891865937,31.428738082804
8.58115079365079,0.839055898576314,0.929566789659853,0.457598917847873,31.429258758193
8.58125,0.838983742033993,0.92953024767371,0.457380048523242,31.4297793716253
8.58134920634921,0.838911593821158,0.929493691312409,0.457161283843569,31.4302999231155
8.58144841269841,0.838839453935974,0.929457120584992,0.456942623760393,31.4308204126781
8.58154761904762,0.838767322376609,0.929420535500496,0.456724068225273,31.4313408403276
8.58164682539683,0.838695199141232,0.929383936067956,0.456505617189783,31.4318612060787
8.58174603174603,0.838623084228013,0.929347322296403,0.456287270605511,31.4323815099457
8.58184523809524,0.838550977635125,0.929310694194863,0.456069028424065,31.4329017519434
8.58194444444444,0.838478879360741,0.929274051772361,0.455850890597067,31.4334219320861
8.58204365079365,0.838406789403034,0.929237395037916,0.455632857076158,31.4339420503885
8.58214285714286,0.838334707760182,0.929200724000546,0.455414927812991,31.434462106865
8.58224206349206,0.838262634430361,0.929164038669263,0.45519710275924,31.4349821015301
8.58234126984127,0.838190569411751,0.929127339053077,0.454979381866593,31.4355020343985
8.58244047619048,0.83811851270253,0.929090625160993,0.454761765086755,31.4360219054844
8.58253968253968,0.838046464300881,0.929053897002014,0.454544252371444,31.4365417148026
8.58263888888889,0.837974424204988,0.92901715458514,0.454326843672403,31.4370614623674
8.5827380952381,0.837902392413033,0.928980397919366,0.454109538941384,31.4375811481934
8.5828373015873,0.837830368923204,0.928943627013683,0.453892338130157,31.438100772295
8.58293650793651,0.837758353733686,0.92890684187708,0.453675241190509,31.4386203346868
8.58303571428571,0.837686346842669,0.928870042518542,0.453458248074243,31.4391398353831
8.58313492063492,0.837614348248342,0.928833228947049,0.453241358733178,31.4396592743986
8.58323412698413,0.837542357948896,0.92879640117158,0.453024573119151,31.4401786517475
8.58333333333333,0.837470375942525,0.928759559201109,0.452807891184014,31.4406979674445
8.58343253968254,0.837398402227422,0.928722703044606,0.452591312879635,31.441217221504
8.58353174603175,0.837326436801783,0.928685832711039,0.4523748381579,31.4417364139404
8.58363095238095,0.837254479663804,0.928648948209371,0.452158466970711,31.4422555447681
8.58373015873016,0.837182530811683,0.928612049548562,0.451942199269984,31.4427746140017
8.58382936507936,0.837110590243621,0.928575136737568,0.451726035007656,31.4432936216556
8.58392857142857,0.837038657957818,0.928538209785344,0.451509974135676,31.4438125677442
8.58402777777778,0.836966733952475,0.928501268700836,0.451294016606008,31.4443314522819
8.58412698412699,0.836894818225799,0.928464313492993,0.451078162370642,31.4448502752831
8.58422619047619,0.836822910775994,0.928427344170757,0.450862411381575,31.4453690367624
8.5843253968254,0.836751011601265,0.928390360743065,0.450646763590823,31.445887736734
8.5844246031746,0.836679120699821,0.928353363218854,0.450431218950419,31.4464063752125
8.58452380952381,0.836607238069872,0.928316351607055,0.450215777412412,31.4469249522122
8.58462301587302,0.836535363709627,0.928279325916596,0.450000438928867,31.4474434677476
8.58472222222222,0.8364634976173,0.928242286156402,0.449785203451867,31.447961921833
8.58482142857143,0.836391639791103,0.928205232335394,0.449570070933509,31.4484803144828
8.58492063492064,0.836319790229251,0.928168164462491,0.449355041325908,31.4489986457115
8.58501984126984,0.836247948929961,0.928131082546604,0.449140114581195,31.4495169155334
8.58511904761905,0.83617611589145,0.928093986596647,0.448925290651518,31.4500351239628
8.58521825396825,0.836104291111938,0.928056876621524,0.448710569489041,31.4505532710143
8.58531746031746,0.836032474589644,0.928019752630141,0.448495951045943,31.4510713567021
8.58541666666667,0.835960666322791,0.927982614631396,0.448281435274422,31.4515893810406
8.58551587301587,0.8358888663096,0.927945462634185,0.448067022126687,31.4521073440443
8.58561507936508,0.835817074548299,0.927908296647403,0.447852711554973,31.4526252457273
8.58571428571429,0.835745291037112,0.927871116679939,0.447638503511524,31.4531430861042
8.58581349206349,0.835673515774267,0.927833922740677,0.447424397948602,31.4536608651892
8.5859126984127,0.835601748757992,0.927796714838501,0.447210394818485,31.4541785829968
8.58601190476191,0.835529989986518,0.927759492982289,0.446996494073468,31.4546962395412
8.58611111111111,0.835458239458076,0.927722257180915,0.446782695665863,31.4552138348367
8.58621031746032,0.835386497170899,0.927685007443253,0.446568999547998,31.4557313688978
8.58630952380952,0.835314763123221,0.927647743778169,0.446355405672215,31.4562488417387
8.58640873015873,0.835243037313278,0.927610466194529,0.446141913990877,31.4567662533738
8.58650793650794,0.835171319739308,0.927573174701194,0.44592852445636,31.4572836038174
8.58660714285714,0.835099610399548,0.92753586930702,0.445715237021057,31.4578008930838
8.58670634920635,0.835027909292238,0.927498550020862,0.445502051637378,31.4583181211873
8.58680555555556,0.83495621641562,0.927461216851571,0.44528896825775,31.4588352881422
8.58690476190476,0.834884531767937,0.927423869807993,0.445075986834614,31.4593523939629
8.58700396825397,0.834812855347431,0.92738650889897,0.444863107320427,31.4598694386636
8.58710317460318,0.83474118715235,0.927349134133345,0.444650329667669,31.4603864222585
8.58720238095238,0.834669527180939,0.927311745519952,0.44443765382883,31.4609033447621
8.58730158730159,0.834597875431448,0.927274343067625,0.444225079756418,31.4614202061886
8.58740079365079,0.834526231902124,0.927236926785192,0.444012607402957,31.4619370065523
8.5875,0.83445459659122,0.92719949668148,0.443800236720987,31.4624537458674
8.58759920634921,0.834382969496988,0.927162052765309,0.443587967663067,31.4629704241481
8.58769841269841,0.834311350617682,0.9271245950455,0.44337580018177,31.4634870414089
8.58779761904762,0.834239739951556,0.927087123530867,0.443163734229686,31.4640035976639
8.58789682539683,0.834168137496867,0.927049638230221,0.442951769759421,31.4645200929274
8.58799603174603,0.834096543251874,0.92701213915237,0.442739906723598,31.4650365272137
8.58809523809524,0.834024957214834,0.92697462630612,0.442528145074857,31.4655529005369
8.58819444444444,0.83395337938401,0.92693709970027,0.442316484765853,31.4660692129114
8.58829365079365,0.833881809757664,0.926899559343619,0.442104925749257,31.4665854643514
8.58839285714286,0.833810248334058,0.926862005244959,0.441893467977759,31.4671016548711
8.58849206349206,0.833738695111456,0.926824437413082,0.441682111404061,31.4676177844847
8.58859126984127,0.833667150088128,0.926786855856774,0.441470855980889,31.4681338532064
8.58869047619048,0.833595613262338,0.926749260584818,0.441259701660977,31.4686498610506
8.58878968253968,0.833524084632358,0.926711651605995,0.441048648397081,31.4691658080314
8.58888888888889,0.833452564196456,0.926674028929079,0.44083769614197,31.4696816941629
8.5889880952381,0.833381051952905,0.926636392562845,0.440626844848431,31.4701975194595
8.5890873015873,0.833309547899978,0.92659874251606,0.440416094469267,31.4707132839353
8.58918650793651,0.83323805203595,0.926561078797491,0.440205444957298,31.4712289876046
8.58928571428571,0.833166564359096,0.926523401415899,0.43999489626536,31.4717446304814
8.58938492063492,0.833095084867694,0.926485710380043,0.439784448346304,31.4722602125801
8.58948412698413,0.833023613560022,0.926448005698678,0.439574101153001,31.4727757339147
8.58958333333333,0.832952150434362,0.926410287380556,0.439363854638334,31.4732911944995
8.58968253968254,0.832880695488993,0.926372555434423,0.439153708755206,31.4738065943486
8.58978174603175,0.8328092487222,0.926334809869025,0.438943663456534,31.4743219334763
8.58988095238095,0.832737810132267,0.926297050693102,0.438733718695252,31.4748372118966
8.58998015873016,0.832666379717478,0.926259277915391,0.438523874424309,31.4753524296238
8.59007936507937,0.832594957476122,0.926221491544627,0.438314130596677,31.475867586672
8.59017857142857,0.832523543406487,0.92618369158954,0.438104487165337,31.4763826830553
8.59027777777778,0.832452137506862,0.926145878058855,0.437894944083288,31.4768977187879
8.59037698412699,0.83238073977554,0.926108050961297,0.437685501303547,31.477412693884
8.59047619047619,0.832309350210812,0.926070210305584,0.437476158779147,31.4779276083576
8.5905753968254,0.832237968810973,0.926032356100433,0.437266916463137,31.478442462223
8.5906746031746,0.832166595574318,0.925994488354557,0.437057774308581,31.4789572554942
8.59077380952381,0.832095230499144,0.925956607076663,0.436848732268563,31.4794719881853
8.59087301587302,0.832023873583748,0.925918712275459,0.436639790296179,31.4799866603106
8.59097222222222,0.831952524826432,0.925880803959645,0.436430948344545,31.4805012718841
8.59107142857143,0.831881184225495,0.92584288213792,0.436222206366792,31.4810158229199
8.59117063492064,0.83180985177924,0.925804946818979,0.436013564316067,31.4815303134321
8.59126984126984,0.831738527485971,0.925766998011513,0.435805022145534,31.4820447434349
8.59136904761905,0.831667211343993,0.925729035724209,0.435596579808373,31.4825591129423
8.59146825396826,0.831595903351611,0.925691059965753,0.435388237257777,31.4830734219684
8.59156746031746,0.831524603507135,0.925653070744824,0.435179994446966,31.4835876705273
8.59166666666667,0.831453311808874,0.925615068070101,0.434971851329166,31.4841018586332
8.59176587301587,0.831382028255139,0.925577051950255,0.434763807857623,31.4846159863
8.59186507936508,0.831310752844241,0.925539022393959,0.434555863985599,31.4851300535418
8.59196428571429,0.831239485574494,0.925500979409877,0.434348019666372,31.4856440603728
8.59206349206349,0.831168226444213,0.925462923006674,0.434140274853238,31.486158006807
8.5921626984127,0.831096975451714,0.925424853193008,0.433932629499507,31.4866718928584
8.59226190476191,0.831025732595315,0.925386769977536,0.433725083558508,31.4871857185412
8.59236111111111,0.830954497873334,0.925348673368909,0.433517636983584,31.4876994838693
8.59246031746032,0.830883271284092,0.925310563375777,0.433310289728096,31.4882131888568
8.59255952380952,0.830812052825912,0.925272440006786,0.433103041745421,31.4887268335178
8.59265873015873,0.830740842497116,0.925234303270576,0.432895892988952,31.4892404178663
8.59275793650794,0.830669640296028,0.925196153175786,0.432688843412099,31.4897539419164
8.59285714285714,0.830598446220975,0.92515798973105,0.432481892968289,31.490267405682
8.59295634920635,0.830527260270284,0.925119812945001,0.432275041610959,31.4907808091771
8.59305555555556,0.830456082442284,0.925081622826265,0.432068289293576,31.4912941524159
8.59315476190476,0.830384912735305,0.925043419383467,0.431861635969612,31.4918074354124
8.59325396825397,0.830313751147679,0.925005202625228,0.431655081592557,31.4923206581805
8.59335317460318,0.830242597677738,0.924966972560163,0.431448626115921,31.4928338207342
8.59345238095238,0.830171452323817,0.924928729196888,0.431242269493228,31.4933469230876
8.59355158730159,0.830100315084252,0.924890472544011,0.431036011678018,31.4938599652546
8.59365079365079,0.830029185957379,0.924852202610139,0.430829852623849,31.4943729472493
8.59375,0.829958064941537,0.924813919403875,0.430623792284294,31.4948858690856
8.59384920634921,0.829886952035067,0.924775622933819,0.430417830612944,31.4953987307776
8.59394841269841,0.829815847236308,0.924737313208566,0.430211967563404,31.4959115323391
8.59404761904762,0.829744750543604,0.924698990236708,0.430006203089298,31.4964242737842
8.59414682539682,0.829673661955299,0.924660654026834,0.429800537144265,31.4969369551269
8.59424603174603,0.829602581469739,0.92462230458753,0.429594969681959,31.4974495763811
8.59434523809524,0.829531509085269,0.924583941927377,0.429389500656055,31.4979621375608
8.59444444444444,0.829460444800238,0.924545566054953,0.429184130020236,31.49847463868
8.59454365079365,0.829389388612997,0.924507176978833,0.428978857728213,31.4989870797525
8.59464285714286,0.829318340521895,0.924468774707588,0.428773683733704,31.4994994607924
8.59474206349206,0.829247300525286,0.924430359249785,0.428568607990448,31.5000117818136
8.59484126984127,0.829176268621523,0.924391930613988,0.428363630452198,31.50052404283
8.59494047619048,0.829105244808961,0.924353488808759,0.428158751072724,31.5010362438555
8.59503968253968,0.829034229085957,0.924315033842653,0.427953969805813,31.5015483849042
8.59513888888889,0.828963221450868,0.924276565724224,0.427749286605268,31.5020604659899
8.59523809523809,0.828892221902054,0.924238084462022,0.427544701424909,31.5025724871265
8.5953373015873,0.828821230437876,0.924199590064594,0.427340214218572,31.503084448328
8.59543650793651,0.828750247056696,0.924161082540481,0.427135824940108,31.5035963496083
8.59553571428571,0.828679271756877,0.924122561898224,0.426931533543387,31.5041081909813
8.59563492063492,0.828608304536784,0.924084028146357,0.426727339982294,31.5046199724609
8.59573412698413,0.828537345394783,0.924045481293414,0.426523244210729,31.5051316940609
8.59583333333333,0.828466394329242,0.924006921347923,0.426319246182612,31.5056433557953
8.59593253968254,0.828395451338529,0.923968348318407,0.426115345851873,31.5061549576781
8.59603174603175,0.828324516421017,0.923929762213391,0.425911543172469,31.5066664997229
8.59613095238095,0.828253589575075,0.923891163041391,0.425707838098363,31.5071779819439
8.59623015873016,0.828182670799079,0.923852550810922,0.42550423058354,31.5076894043547
8.59632936507936,0.828111760091401,0.923813925530495,0.425300720581999,31.5082007669694
8.59642857142857,0.828040857450418,0.923775287208617,0.425097308047756,31.5087120698017
8.59652777777778,0.827969962874508,0.923736635853792,0.424893992934844,31.5092233128655
8.59662698412698,0.827899076362049,0.923697971474521,0.424690775197313,31.5097344961747
8.59672619047619,0.827828197911421,0.923659294079299,0.424487654789226,31.5102456197431
8.5968253968254,0.827757327521006,0.923620603676622,0.424284631664667,31.5107566835847
8.5969246031746,0.827686465189186,0.923581900274977,0.424081705777733,31.5112676877132
8.59702380952381,0.827615610914347,0.923543183882852,0.423878877082539,31.5117786321424
8.59712301587301,0.827544764694874,0.923504454508729,0.423676145533216,31.5122895168863
8.59722222222222,0.827473926529153,0.923465712161087,0.423473511083912,31.5128003419586
8.59732142857143,0.827403096415574,0.923426956848402,0.423270973688789,31.5133111073732
8.59742063492063,0.827332274352524,0.923388188579145,0.423068533302026,31.5138218131438
8.59751984126984,0.827261460338399,0.923349407361786,0.422866189877824,31.5143324592844
8.59761904761905,0.827190654371588,0.923310613204789,0.422663943370393,31.5148430458087
8.59771825396825,0.827119856450487,0.923271806116616,0.422461793733964,31.5153535727306
8.59781746031746,0.82704906657349,0.923232986105725,0.422259740922781,31.5158640400638
8.59791666666667,0.826978284738994,0.92319415318057,0.422057784891108,31.5163744478221
8.59801587301587,0.826907510945398,0.923155307349601,0.421855925593221,31.5168847960194
8.59811507936508,0.826836745191102,0.923116448621267,0.421654162983417,31.5173950846693
8.59821428571429,0.826765987474505,0.92307757700401,0.421452497016006,31.5179053137859
8.59831349206349,0.826695237794011,0.923038692506272,0.421250927645316,31.5184154833827
8.5984126984127,0.826624496148023,0.922999795136488,0.421049454825691,31.5189255934735
8.5985119047619,0.826553762534947,0.922960884903092,0.420848078511492,31.5194356440723
8.59861111111111,0.826483036953188,0.922921961814514,0.420646798657096,31.5199456351926
8.59871031746032,0.826412319401156,0.922883025879179,0.420445615216896,31.5204555668483
8.59880952380952,0.826341609877258,0.922844077105511,0.4202445281453,31.5209654390532
8.59890873015873,0.826270908379906,0.922805115501927,0.420043537396734,31.5214752518209
8.59900793650794,0.826200214907512,0.922766141076845,0.419842642925645,31.5219850051653
8.59910714285714,0.82612952945849,0.922727153838674,0.419641844686488,31.5224946991001
8.59920634920635,0.826058852031255,0.922688153795825,0.419441142633739,31.5230043336391
8.59930555555556,0.825988182624221,0.922649140956702,0.41924053672189,31.5235139087959
8.59940476190476,0.825917521235809,0.922610115329706,0.419040026905448,31.5240234245843
8.59950396825397,0.825846867864435,0.922571076923234,0.418839613138938,31.524532881018
8.59960317460317,0.825776222508521,0.922532025745682,0.418639295376901,31.5250422781108
8.59970238095238,0.825705585166489,0.92249296180544,0.418439073573894,31.5255516158763
8.59980158730159,0.825634955836761,0.922453885110895,0.418238947684491,31.5260608943284
8.59990079365079,0.825564334517763,0.92241479567043,0.418038917663281,31.5265701134806
8.6,0.82549372120792,0.922375693492427,0.417838983464871,31.5270792733467
8.60009920634921,0.825423115905659,0.92233657858526,0.417639145043883,31.5275883739405
8.60019841269841,0.82535251860941,0.922297450957305,0.417439402354957,31.5280974152755
8.60029761904762,0.825281929317603,0.922258310616929,0.417239755352749,31.5286063973656
8.60039682539683,0.825211348028668,0.922219157572498,0.417040203991927,31.5291153202243
8.60049603174603,0.825140774741039,0.922179991832376,0.416840748227185,31.5296241838654
8.60059523809524,0.825070209453151,0.922140813404921,0.416641388013226,31.5301329883025
8.60069444444444,0.824999652163439,0.922101622298489,0.416442123304769,31.5306417335493
8.60079365079365,0.824929102870341,0.922062418521431,0.416242954056554,31.5311504196195
8.60089285714286,0.824858561572293,0.922023202082096,0.416043880223334,31.5316590465268
8.60099206349206,0.824788028267738,0.921983972988829,0.415844901759879,31.5321676142848
8.60109126984127,0.824717502955115,0.921944731249969,0.415646018620975,31.5326761229071
8.60119047619048,0.824646985632867,0.921905476873856,0.415447230761426,31.5331845724074
8.60128968253968,0.824576476299439,0.921866209868824,0.415248538136052,31.5336929627995
8.60138888888889,0.824505974953276,0.921826930243202,0.415049940699687,31.5342012940968
8.60148809523809,0.824435481592824,0.921787638005319,0.414851438407185,31.534709566313
8.6015873015873,0.824364996216532,0.921748333163497,0.414653031213414,31.5352177794618
8.60168650793651,0.82429451882285,0.921709015726057,0.41445471907326,31.5357259335569
8.60178571428571,0.824224049410228,0.921669685701314,0.414256501941622,31.5362340286117
8.60188492063492,0.824153587977118,0.921630343097582,0.414058379773418,31.53674206464
8.60198412698413,0.824083134521975,0.921590987923171,0.413860352523585,31.5372500416554
8.60208333333333,0.824012689043254,0.921551620186386,0.413662420147073,31.5377579596714
8.60218253968254,0.823942251539412,0.92151223989553,0.413464582598848,31.5382658187018
8.60228174603175,0.823871822008905,0.921472847058901,0.413266839833893,31.53877361876
8.60238095238095,0.823801400450194,0.921433441684794,0.413069191807209,31.5392813598596
8.60248015873016,0.82373098686174,0.921394023781502,0.412871638473811,31.5397890420144
8.60257936507936,0.823660581242003,0.921354593357312,0.412674179788733,31.5402966652378
8.60267857142857,0.823590183589448,0.921315150420508,0.412476815707022,31.5408042295434
8.60277777777778,0.82351979390254,0.921275694979373,0.412279546183745,31.5413117349448
8.60287698412698,0.823449412179745,0.921236227042184,0.412082371173984,31.5418191814557
8.60297619047619,0.82337903841953,0.921196746617214,0.411885290632835,31.5423265690895
8.6030753968254,0.823308672620365,0.921157253712734,0.411688304515414,31.5428338978598
8.6031746031746,0.82323831478072,0.921117748337012,0.411491412776853,31.5433411677802
8.60327380952381,0.823167964899067,0.92107823049831,0.411294615372297,31.5438483788643
8.60337301587302,0.823097622973878,0.921038700204888,0.411097912256908,31.5443555311256
8.60347222222222,0.823027289003629,0.920999157465003,0.410901303385872,31.5448626245776
8.60357142857143,0.822956962986796,0.920959602286907,0.410704788714383,31.5453696592339
8.60367063492064,0.822886644921856,0.920920034678851,0.410508368197653,31.545876635108
8.60376984126984,0.822816334807287,0.920880454649079,0.410312041790911,31.5463835522135
8.60386904761905,0.822746032641571,0.920840862205833,0.410115809449404,31.5468904105639
8.60396825396825,0.822675738423187,0.920801257357353,0.409919671128393,31.5473972101726
8.60406746031746,0.82260545215062,0.920761640111874,0.409723626783157,31.5479039510534
8.60416666666667,0.822535173822354,0.920722010477626,0.409527676368991,31.5484106332195
8.60426587301587,0.822464903436874,0.920682368462839,0.409331819841206,31.5489172566846
8.60436507936508,0.822394640992668,0.920642714075736,0.409136057155129,31.5494238214622
8.60446428571429,0.822324386488223,0.920603047324539,0.408940388266105,31.5499303275658
8.60456349206349,0.82225413992203,0.920563368217465,0.408744813129494,31.5504367750088
8.6046626984127,0.822183901292581,0.920523676762728,0.408549331700673,31.5509431638048
8.6047619047619,0.822113670598367,0.920483972968538,0.408353943935035,31.5514494939672
8.60486111111111,0.822043447837881,0.920444256843102,0.408158649787987,31.5519557655096
8.60496031746032,0.821973233009622,0.920404528394624,0.407963449214961,31.5524619784453
8.60505952380952,0.821903026112085,0.920364787631304,0.407768342171395,31.552968132788
8.60515873015873,0.821832827143768,0.920325034561336,0.40757332861275,31.553474228551
8.60525793650794,0.82176263610317,0.920285269192915,0.407378408494499,31.5539802657478
8.60535714285714,0.821692452988794,0.920245491534229,0.407183581772136,31.5544862443919
8.60545634920635,0.82162227779914,0.920205701593464,0.406988848401167,31.5549921644968
8.60555555555556,0.821552110532714,0.920165899378803,0.406794208337117,31.5554980260758
8.60565476190476,0.821481951188019,0.920126084898422,0.406599661535526,31.5560038291425
8.60575396825397,0.821411799763563,0.920086258160498,0.406405207951953,31.5565095737103
8.60585317460317,0.821341656257853,0.920046419173203,0.40621084754197,31.5570152597925
8.60595238095238,0.8212715206694,0.920006567944703,0.406016580261167,31.5575208874028
8.60605158730159,0.821201392996712,0.919966704483163,0.405822406065151,31.5580264565544
8.60615079365079,0.821131273238304,0.919926828796745,0.405628324909544,31.5585319672609
8.60625,0.821061161392687,0.919886940893605,0.405434336749986,31.5590374195355
8.60634920634921,0.820991057458376,0.919847040781897,0.405240441542129,31.5595428133919
8.60644841269841,0.82092096143389,0.919807128469772,0.405046639241651,31.5600481488432
8.60654761904762,0.820850873317744,0.919767203965377,0.404852929804237,31.5605534259031
8.60664682539683,0.820780793108458,0.919727267276854,0.404659313185592,31.5610586445848
8.60674603174603,0.820710720804553,0.919687318412343,0.404465789341436,31.5615638049018
8.60684523809524,0.82064065640455,0.91964735737998,0.404272358227508,31.5620689068674
8.60694444444444,0.820570599906971,0.919607384187899,0.404079019799562,31.5625739504951
8.60704365079365,0.820500551310343,0.919567398844227,0.403885774013367,31.5630789357983
8.60714285714286,0.820430510613191,0.91952740135709,0.40369262082471,31.5635838627902
8.60724206349206,0.820360477814042,0.919487391734611,0.403499560189394,31.5640887314843
8.60734126984127,0.820290452911425,0.919447369984908,0.403306592063239,31.564593541894
8.60744047619048,0.820220435903871,0.919407336116095,0.40311371640208,31.5650982940326
8.60753968253968,0.820150426789909,0.919367290136284,0.40292093316177,31.5656029879136
8.60763888888889,0.820080425568075,0.919327232053583,0.402728242298177,31.5661076235501
8.60773809523809,0.820010432236902,0.919287161876096,0.402535643767186,31.5666122009557
8.6078373015873,0.819940446794924,0.919247079611924,0.402343137524697,31.5671167201436
8.60793650793651,0.819870469240681,0.919206985269164,0.402150723526631,31.5676211811272
8.60803571428571,0.81980049957271,0.91916687885591,0.401958401728921,31.5681255839198
8.60813492063492,0.819730537789551,0.919126760380252,0.401766172087518,31.5686299285348
8.60823412698413,0.819660583889746,0.919086629850276,0.401574034558387,31.5691342149855
8.60833333333333,0.819590637871836,0.919046487274066,0.401381989097513,31.5696384432852
8.60843253968254,0.819520699734367,0.919006332659701,0.401190035660895,31.5701426134473
8.60853174603175,0.819450769475883,0.918966166015257,0.40099817420455,31.570646725485
8.60863095238095,0.819380847094932,0.918925987348806,0.40080640468451,31.5711507794117
8.60873015873016,0.81931093259006,0.918885796668418,0.400614727056823,31.5716547752407
8.60882936507936,0.81924102595982,0.918845593982158,0.400423141277556,31.5721587129853
8.60892857142857,0.81917112720276,0.918805379298088,0.400231647302789,31.5726625926587
8.60902777777778,0.819101236317433,0.918765152624266,0.400040245088622,31.5731664142743
8.60912698412698,0.819031353302394,0.918724913968746,0.399848934591168,31.5736701778454
8.60922619047619,0.818961478156197,0.91868466333958,0.399657715766559,31.5741738833853
8.6093253968254,0.818891610877398,0.918644400744816,0.399466588570938,31.5746775309072
8.6094246031746,0.818821751464556,0.918604126192498,0.399275552960476,31.5751811204243
8.60952380952381,0.818751899916231,0.918563839690667,0.399084608891349,31.5756846519501
8.60962301587302,0.818682056230983,0.918523541247359,0.398893756319754,31.5761881254977
8.60972222222222,0.818612220407373,0.918483230870609,0.398702995201904,31.5766915410804
8.60982142857143,0.818542392443966,0.918442908568446,0.398512325494028,31.5771948987115
8.60992063492064,0.818472572339326,0.918402574348897,0.398321747152371,31.5776981984042
8.61001984126984,0.81840276009202,0.918362228219984,0.398131260133196,31.5782014401718
8.61011904761905,0.818332955700615,0.918321870189727,0.397940864392782,31.5787046240275
8.61021825396825,0.81826315916368,0.918281500266143,0.397750559887422,31.5792077499845
8.61031746031746,0.818193370479786,0.918241118457242,0.397560346573428,31.5797108180562
8.61041666666667,0.818123589647504,0.918200724771035,0.397370224407128,31.5802138282556
8.61051587301587,0.818053816665408,0.918160319215526,0.397180193344866,31.5807167805961
8.61061507936508,0.817984051532072,0.918119901798718,0.396990253343002,31.5812196750909
8.61071428571429,0.817914294246072,0.918079472528607,0.396800404357914,31.5817225117532
8.61081349206349,0.817844544805985,0.91803903141319,0.39661064634599,31.5822252905961
8.6109126984127,0.817774803210392,0.917998578460456,0.396420979263647,31.582728011633
8.61101190476191,0.81770506945787,0.917958113678395,0.396231403067308,31.583230674877
8.61111111111111,0.817635343547003,0.917917637074989,0.396041917713414,31.5837332803413
8.61121031746032,0.817565625476373,0.91787714865822,0.395852523158426,31.5842358280391
8.61130952380952,0.817495915244564,0.917836648436064,0.395663219358817,31.5847383179836
8.61140873015873,0.817426212850162,0.917796136416495,0.395474006271079,31.5852407501879
8.61150793650794,0.817356518291754,0.917755612607482,0.395284883851722,31.5857431246654
8.61160714285714,0.817286831567929,0.917715077016992,0.395095852057267,31.5862454414291
8.61170634920635,0.817217152677276,0.917674529652988,0.394906910844258,31.5867477004922
8.61180555555556,0.817147481618387,0.91763397052343,0.394718060169249,31.5872499018678
8.61190476190476,0.817077818389854,0.917593399636272,0.394529299988816,31.5877520455692
8.61200396825397,0.817008162990272,0.917552816999467,0.394340630259548,31.5882541316095
8.61210317460317,0.816938515418235,0.917512222620965,0.394152050938051,31.5887561600019
8.61220238095238,0.816868875672341,0.917471616508709,0.393963561980947,31.5892581307595
8.61230158730159,0.816799243751187,0.917430998670641,0.393775163344874,31.5897600438954
8.61240079365079,0.816729619653375,0.917390369114701,0.393586854986492,31.5902618994228
8.6125,0.816660003377503,0.917349727848822,0.393398636862471,31.5907636973549
8.61259920634921,0.816590394922176,0.917309074880935,0.393210508929498,31.5912654377047
8.61269841269841,0.816520794285996,0.917268410218967,0.393022471144278,31.5917671204854
8.61279761904762,0.816451201467568,0.917227733870844,0.392834523463532,31.59226874571
8.61289682539683,0.8163816164655,0.917187045844485,0.392646665843998,31.5927703133919
8.61299603174603,0.816312039278399,0.917146346147806,0.392458898242429,31.5932718235439
8.61309523809524,0.816242469904875,0.917105634788722,0.392271220615596,31.5937732761793
8.61319444444444,0.816172908343538,0.917064911775142,0.392083632920285,31.5942746713112
8.61329365079365,0.816103354592999,0.917024177114972,0.3918961351133,31.5947760089526
8.61339285714286,0.816033808651874,0.916983430816116,0.391708727151459,31.5952772891166
8.61349206349206,0.815964270518776,0.916942672886471,0.391521408991598,31.5957785118164
8.61359126984127,0.815894740192323,0.916901903333935,0.39133418059057,31.5962796770651
8.61369047619048,0.81582521767113,0.916861122166398,0.391147041905244,31.5967807848756
8.61378968253968,0.815755702953818,0.91682032939175,0.390959992892501,31.5972818352611
8.61388888888889,0.815686196039007,0.916779525017875,0.390773033509248,31.5977828282347
8.6139880952381,0.815616696925319,0.916738709052656,0.3905861637124,31.5982837638093
8.6140873015873,0.815547205611377,0.91669788150397,0.390399383458892,31.5987846419982
8.61418650793651,0.815477722095805,0.916657042379692,0.390212692705673,31.5992854628144
8.61428571428571,0.815408246377231,0.916616191687692,0.390026091409712,31.5997862262708
8.61438492063492,0.81533877845428,0.916575329435838,0.38983957952799,31.6002869323806
8.61448412698413,0.815269318325582,0.916534455631993,0.389653157017509,31.6007875811567
8.61458333333333,0.815199865989767,0.916493570284019,0.389466823835283,31.6012881726124
8.61468253968254,0.815130421445466,0.916452673399771,0.389280579938346,31.6017887067605
8.61478174603175,0.815060984691312,0.916411764987103,0.389094425283747,31.6022891836141
8.61488095238095,0.81499155572594,0.916370845053864,0.38890835982855,31.6027896031862
8.61498015873016,0.814922134547986,0.916329913607902,0.388722383529837,31.6032899654899
8.61507936507936,0.814852721156086,0.916288970657057,0.388536496344707,31.6037902705382
8.61517857142857,0.814783315548879,0.91624801620917,0.388350698230274,31.604290518344
8.61527777777778,0.814713917725003,0.916207050272076,0.388164989143665,31.6047907089205
8.61537698412699,0.814644527683103,0.916166072853607,0.387979369042035,31.6052908422806
8.61547619047619,0.814575145421819,0.916125083961591,0.387793837882543,31.6057909184373
8.6155753968254,0.814505770939796,0.916084083603854,0.38760839562237,31.6062909374035
8.6156746031746,0.81443640423568,0.916043071788216,0.387423042218711,31.6067908991924
8.61577380952381,0.814367045308116,0.916002048522496,0.387237777628781,31.6072908038169
8.61587301587302,0.814297694155753,0.915961013814508,0.387052601809808,31.6077906512899
8.61597222222222,0.814228350777242,0.915919967672062,0.386867514719037,31.6082904416245
8.61607142857143,0.814159015171232,0.915878910102967,0.386682516313732,31.6087901748335
8.61617063492064,0.814089687336376,0.915837841115025,0.386497606551169,31.6092898509301
8.61626984126984,0.814020367271328,0.915796760716036,0.386312785388644,31.6097894699271
8.61636904761905,0.813951054974743,0.915755668913799,0.386128052783469,31.6102890318375
8.61646825396825,0.813881750445278,0.915714565716105,0.38594340869297,31.6107885366743
8.61656746031746,0.81381245368159,0.915673451130744,0.385758853074491,31.6112879844504
8.61666666666667,0.813743164682339,0.915632325165502,0.385574385885394,31.6117873751787
8.61676587301587,0.813673883446184,0.915591187828161,0.385390007083052,31.6122867088723
8.61686507936508,0.81360460997179,0.915550039126501,0.385205716624863,31.612785985544
8.61696428571429,0.81353534425782,0.915508879068298,0.385021514468234,31.6132852052067
8.61706349206349,0.813466086302937,0.915467707661322,0.384837400570592,31.6137843678735
8.6171626984127,0.813396836105808,0.915426524913343,0.384653374889379,31.6142834735572
8.61726190476191,0.813327593665102,0.915385330832124,0.384469437382053,31.6147825222707
8.61736111111111,0.813258358979486,0.915344125425429,0.384285588006089,31.615281514027
8.61746031746032,0.813189132047632,0.915302908701013,0.384101826718979,31.6157804488389
8.61755952380952,0.813119912868211,0.915261680666631,0.383918153478231,31.6162793267194
8.61765873015873,0.813050701439896,0.915220441330034,0.383734568241369,31.6167781476814
8.61775793650794,0.812981497761362,0.91517919069897,0.383551070965934,31.6172769117378
8.61785714285714,0.812912301831285,0.915137928781181,0.383367661609483,31.6177756189014
8.61795634920635,0.812843113648343,0.915096655584408,0.383184340129589,31.6182742691852
8.61805555555556,0.812773933211213,0.915055371116387,0.383001106483843,31.618772862602
8.61815476190476,0.812704760518577,0.915014075384851,0.382817960629849,31.6192713991647
8.61825396825397,0.812635595569115,0.91497276839753,0.38263490252523,31.6197698788862
8.61835317460318,0.812566438361511,0.91493145016215,0.382451932127628,31.6202683017794
8.61845238095238,0.812497288894449,0.914890120686432,0.382269049394696,31.620766667857
8.61855158730159,0.812428147166615,0.914848779978097,0.382086254284107,31.6212649771321
8.61865079365079,0.812359013176696,0.914807428044859,0.381903546753548,31.6217632296174
8.61875,0.81228988692338,0.914766064894429,0.381720926760725,31.6222614253258
8.61884920634921,0.812220768405357,0.914724690534517,0.381538394263358,31.6227595642701
8.61894841269841,0.812151657621319,0.914683304972827,0.381355949219184,31.6232576464632
8.61904761904762,0.812082554569958,0.91464190821706,0.381173591585958,31.6237556719179
8.61914682539683,0.812013459249968,0.914600500274913,0.380991321321449,31.624253640647
8.61924603174603,0.811944371660044,0.914559081154081,0.380809138383444,31.6247515526634
8.61934523809524,0.811875291798884,0.914517650862254,0.380627042729746,31.62524940798
8.61944444444444,0.811806219665186,0.91447620940712,0.380445034318175,31.6257472066094
8.61954365079365,0.811737155257648,0.914434756796362,0.380263113106566,31.6262449485646
8.61964285714286,0.811668098574973,0.914393293037659,0.380081279052771,31.6267426338583
8.61974206349206,0.811599049615862,0.914351818138688,0.379899532114659,31.6272402625034
8.61984126984127,0.811530008379019,0.914310332107122,0.379717872250112,31.6277378345126
8.61994047619048,0.811460974863149,0.914268834950631,0.379536299417037,31.6282353498988
8.62003968253968,0.81139194906696,0.914227326676879,0.379354813573348,31.6287328086747
8.62013888888889,0.811322930989159,0.914185807293531,0.379173414676981,31.6292302108532
8.6202380952381,0.811253920628455,0.914144276808243,0.378992102685884,31.6297275564469
8.6203373015873,0.811184917983559,0.914102735228672,0.378810877558026,31.6302248454688
8.62043650793651,0.811115923053183,0.914061182562469,0.37862973925139,31.6307220779315
8.62053571428571,0.81104693583604,0.914019618817281,0.378448687723974,31.6312192538479
8.62063492063492,0.810977956330846,0.913978044000755,0.378267722933797,31.6317163732307
8.62073412698413,0.810908984536317,0.91393645812053,0.378086844838888,31.6322134360926
8.62083333333333,0.810840020451169,0.913894861184245,0.377906053397299,31.6327104424465
8.62093253968254,0.810771064074123,0.913853253199532,0.377725348567093,31.633207392305
8.62103174603175,0.810702115403899,0.913811634174024,0.377544730306353,31.633704285681
8.62113095238095,0.810633174439218,0.913770004115346,0.377364198573176,31.6342011225871
8.62123015873016,0.810564241178805,0.913728363031122,0.377183753325677,31.6346979030361
8.62132936507937,0.810495315621381,0.913686710928971,0.377003394521985,31.6351946270408
8.62142857142857,0.810426397765676,0.913645047816511,0.376823122120251,31.6356912946138
8.62152777777778,0.810357487610415,0.913603373701353,0.376642936078637,31.636187905768
8.62162698412699,0.810288585154328,0.913561688591108,0.376462836355322,31.6366844605159
8.62172619047619,0.810219690396145,0.91351999249338,0.376282822908503,31.6371809588703
8.6218253968254,0.810150803334597,0.913478285415772,0.376102895696393,31.637677400844
8.6219246031746,0.810081923968417,0.913436567365883,0.375923054677221,31.6381737864497
8.62202380952381,0.810013052296339,0.913394838351307,0.375743299809232,31.6386701156999
8.62212301587302,0.809944188317099,0.913353098379636,0.375563631050689,31.6391663886076
8.62222222222222,0.809875332029435,0.913311347458459,0.375384048359869,31.6396626051852
8.62232142857143,0.809806483432084,0.913269585595359,0.375204551695069,31.6401587654456
8.62242063492064,0.809737642523787,0.913227812797917,0.375025141014597,31.6406548694014
8.62251984126984,0.809668809303285,0.913186029073712,0.374845816276783,31.6411509170653
8.62261904761905,0.80959998376932,0.913144234430316,0.374666577439971,31.64164690845
8.62271825396825,0.809531165920637,0.9131024288753,0.374487424462519,31.6421428435681
8.62281746031746,0.809462355755979,0.913060612416231,0.374308357302804,31.6426387224323
8.62291666666667,0.809393553274097,0.913018785060672,0.374129375919222,31.6431345450552
8.62301587301587,0.809324758473736,0.912976946816183,0.373950480270181,31.6436303114496
8.62311507936508,0.809255971353647,0.91293509769032,0.373771670314106,31.644126021628
8.62321428571429,0.80918719191258,0.912893237690636,0.373592946009441,31.6446216756032
8.62331349206349,0.809118420149289,0.91285136682468,0.373414307314643,31.6451172733878
8.6234126984127,0.809049656062526,0.912809485099997,0.373235754188188,31.6456128149943
8.62351190476191,0.808980899651047,0.912767592524129,0.373057286588567,31.6461083004355
8.62361111111111,0.808912150913608,0.912725689104615,0.372878904474288,31.6466037297239
8.62371031746032,0.808843409848968,0.91268377484899,0.372700607803875,31.6470991028723
8.62380952380952,0.808774676455885,0.912641849764785,0.372522396535869,31.6475944198931
8.62390873015873,0.80870595073312,0.912599913859529,0.372344270628827,31.6480896807991
8.62400793650794,0.808637232679436,0.912557967140745,0.372166230041323,31.6485848856028
8.62410714285714,0.808568522293596,0.912516009615954,0.371988274731945,31.6490800343169
8.62420634920635,0.808499819574364,0.912474041292674,0.371810404659301,31.6495751269539
8.62430555555556,0.808431124520507,0.912432062178418,0.371632619782011,31.6500701635265
8.62440476190476,0.808362437130793,0.912390072280696,0.371454920058718,31.6505651440472
8.62450396825397,0.808293757403991,0.912348071607016,0.371277305448075,31.6510600685287
8.62460317460318,0.808225085338872,0.912306060164881,0.371099775908755,31.6515549369835
8.62470238095238,0.808156420934206,0.912264037961789,0.370922331399444,31.6520497494242
8.62480158730159,0.808087764188767,0.912222005005238,0.370744971878849,31.6525445058633
8.62490079365079,0.80801911510133,0.912179961302719,0.370567697305689,31.6530392063135
8.625,0.807950473670671,0.912137906861721,0.370390507638703,31.6535338507873
8.62509920634921,0.807881839895567,0.912095841689731,0.370213402836644,31.6540284392973
8.62519841269841,0.807813213774797,0.912053765794229,0.370036382858281,31.654522971856
8.62529761904762,0.807744595307141,0.912011679182695,0.369859447662403,31.655017448476
8.62539682539682,0.80767598449138,0.911969581862603,0.36968259720781,31.6555118691699
8.62549603174603,0.807607381326298,0.911927473841424,0.369505831453324,31.6560062339501
8.62559523809524,0.807538785810679,0.911885355126627,0.36932915035778,31.6565005428292
8.62569444444444,0.807470197943308,0.911843225725675,0.369152553880028,31.6569947958198
8.62579365079365,0.807401617722972,0.911801085646029,0.368976041978937,31.6574889929344
8.62589285714286,0.807333045148461,0.911758934895147,0.368799614613395,31.6579831341855
8.62599206349206,0.807264480218564,0.911716773480482,0.368623271742302,31.6584772195856
8.62609126984127,0.807195922932073,0.911674601409484,0.368447013324574,31.6589712491473
8.62619047619048,0.807127373287779,0.911632418689599,0.368270839319147,31.659465222883
8.62628968253968,0.807058831284477,0.911590225328271,0.36809474968497,31.6599591408053
8.62638888888889,0.806990296920962,0.911548021332939,0.36791874438101,31.6604530029266
8.62648809523809,0.806921770196032,0.91150580671104,0.367742823366251,31.6609468092596
8.6265873015873,0.806853251108484,0.911463581470005,0.367566986599693,31.6614405598166
8.62668650793651,0.806784739657118,0.911421345617263,0.36739123404035,31.6619342546101
8.62678571428571,0.806716235840735,0.91137909916024,0.367215565647257,31.6624278936527
8.62688492063492,0.806647739658137,0.911336842106357,0.36703998137946,31.6629214769568
8.62698412698413,0.806579251108129,0.911294574463034,0.366864481196027,31.6634150045349
8.62708333333333,0.806510770189514,0.911252296237684,0.366689065056038,31.6639084763995
8.62718253968254,0.806442296901101,0.911210007437718,0.366513732918592,31.664401892563
8.62728174603175,0.806373831241695,0.911167708070545,0.366338484742799,31.664895253038
8.62738095238095,0.806305373210108,0.911125398143568,0.366163320487797,31.6653885578367
8.62748015873016,0.80623692280515,0.911083077664189,0.365988240112729,31.6658818069718
8.62757936507936,0.806168480025633,0.911040746639804,0.36581324357676,31.6663750004557
8.62767857142857,0.80610004487037,0.910998405077806,0.365638330839068,31.6668681383007
8.62777777777778,0.806031617338177,0.910956052985586,0.365463501858851,31.6673612205194
8.62787698412698,0.805963197427868,0.91091369037053,0.365288756595322,31.6678542471242
8.62797619047619,0.805894785138263,0.910871317240022,0.365114095007709,31.6683472181275
8.6280753968254,0.80582638046818,0.910828933601439,0.364939517055258,31.6688401335417
8.6281746031746,0.80575798341644,0.910786539462159,0.364765022697231,31.6693329933793
8.62827380952381,0.805689593981864,0.910744134829554,0.364590611892906,31.6698257976527
8.62837301587301,0.805621212163275,0.910701719710991,0.364416284601578,31.6703185463742
8.62847222222222,0.805552837959499,0.910659294113837,0.364242040782558,31.6708112395564
8.62857142857143,0.805484471369361,0.910616858045453,0.364067880395174,31.6713038772115
8.62867063492063,0.805416112391689,0.910574411513198,0.363893803398769,31.6717964593521
8.62876984126984,0.80534776102531,0.910531954524425,0.363719809752701,31.6722889859905
8.62886904761905,0.805279417269056,0.910489487086487,0.363545899416352,31.672781457139
8.62896825396825,0.805211081121758,0.91044700920673,0.363372072349112,31.6732738728102
8.62906746031746,0.80514275258225,0.910404520892499,0.363198328510392,31.6737662330163
8.62916666666667,0.805074431649364,0.910362022151134,0.363024667859616,31.6742585377697
8.62926587301587,0.805006118321938,0.910319512989972,0.362851090356227,31.6747507870828
8.62936507936508,0.804937812598807,0.910276993416346,0.362677595959683,31.675242980968
8.62946428571429,0.804869514478811,0.910234463437587,0.362504184629461,31.6757351194376
8.62956349206349,0.80480122396079,0.91019192306102,0.36233085632505,31.6762272025041
8.6296626984127,0.804732941043584,0.910149372293968,0.362157611005959,31.6767192301796
8.6297619047619,0.804664665726036,0.910106811143751,0.361984448631713,31.6772112024767
8.62986111111111,0.804596398006991,0.910064239617685,0.361811369161851,31.6777031194076
8.62996031746032,0.804528137885294,0.910021657723081,0.36163837255593,31.6781949809847
8.63005952380952,0.804459885359791,0.909979065467249,0.361465458773525,31.6786867872204
8.63015873015873,0.804391640429331,0.909936462857492,0.361292627774225,31.6791785381268
8.63025793650794,0.804323403092763,0.909893849901113,0.361119879517633,31.6796702337165
8.63035714285714,0.804255173348939,0.909851226605411,0.360947213963377,31.6801618740017
8.63045634920635,0.80418695119671,0.909808592977679,0.360774631071094,31.6806534589947
8.63055555555556,0.804118736634932,0.909765949025208,0.360602130800439,31.6811449887078
8.63065476190476,0.804050529662458,0.909723294755286,0.360429713111083,31.6816364631534
8.63075396825397,0.803982330278145,0.909680630175197,0.360257377962715,31.6821278823437
8.63085317460317,0.803914138480851,0.909637955292221,0.36008512531504,31.6826192462911
8.63095238095238,0.803845954269436,0.909595270113635,0.359912955127778,31.6831105550078
8.63105158730159,0.80377777764276,0.909552574646712,0.359740867360666,31.6836018085061
8.63115079365079,0.803709608599685,0.909509868898722,0.359568861973458,31.6840930067984
8.63125,0.803641447139075,0.909467152876931,0.359396938925925,31.6845841498969
8.63134920634921,0.803573293259795,0.909424426588602,0.359225098177853,31.6850752378138
8.63144841269841,0.803505146960711,0.909381690040994,0.359053339689044,31.6855662705615
8.63154761904762,0.80343700824069,0.909338943241362,0.358881663419319,31.6860572481523
8.63164682539682,0.803368877098601,0.90929618619696,0.358710069328512,31.6865481705983
8.63174603174603,0.803300753533315,0.909253418915033,0.358538557376473,31.6870390379118
8.63184523809524,0.803232637543705,0.90921064140283,0.358367127523076,31.6875298501052
8.63194444444444,0.803164529128642,0.90916785366759,0.358195779728204,31.6880206071906
8.63204365079365,0.803096428287003,0.909125055716552,0.358024513951756,31.6885113091803
8.63214285714286,0.803028335017662,0.909082247556949,0.357853330153652,31.6890019560866
8.63224206349206,0.802960249319496,0.909039429196014,0.357682228293824,31.6894925479216
8.63234126984127,0.802892171191386,0.908996600640972,0.357511208332224,31.6899830846977
8.63244047619048,0.802824100632211,0.908953761899049,0.357340270228818,31.6904735664269
8.63253968253968,0.802756037640852,0.908910912977464,0.357169413943589,31.6909639931217
8.63263888888889,0.802687982216192,0.908868053883433,0.356998639436537,31.6914543647941
8.63273809523809,0.802619934357116,0.908825184624171,0.356827946667679,31.6919446814564
8.6328373015873,0.80255189406251,0.908782305206886,0.356657335597046,31.6924349431208
8.63293650793651,0.80248386133126,0.908739415638785,0.356486806184687,31.6929251497995
8.63303571428571,0.802415836162255,0.90869651592707,0.356316358390667,31.6934153015047
8.63313492063492,0.802347818554385,0.908653606078941,0.356145992175068,31.6939053982487
8.63323412698413,0.80227980850654,0.908610686101591,0.355975707497986,31.6943954400435
8.63333333333333,0.802211806017615,0.908567756002216,0.355805504319539,31.6948854269014
8.63343253968254,0.802143811086503,0.908524815788001,0.355635382599857,31.6953753588346
8.63353174603175,0.802075823712099,0.908481865466133,0.355465342299085,31.6958652358552
8.63363095238095,0.802007843893299,0.908438905043791,0.355295383377388,31.6963550579754
8.63373015873016,0.801939871629004,0.908395934528156,0.355125505794946,31.6968448252074
8.63382936507936,0.801871906918111,0.908352953926399,0.354955709511954,31.6973345375634
8.63392857142857,0.801803949759522,0.908309963245693,0.354785994488626,31.6978241950554
8.63402777777778,0.801736000152139,0.908266962493205,0.354616360685191,31.6983137976958
8.63412698412698,0.801668058094866,0.908223951676097,0.354446808061894,31.6988033454965
8.63422619047619,0.801600123586609,0.908180930801531,0.354277336578996,31.6992928384699
8.6343253968254,0.801532196626273,0.908137899876663,0.354107946196778,31.6997822766279
8.6344246031746,0.801464277212767,0.908094858908645,0.353938636875532,31.7002716599828
8.63452380952381,0.801396365344999,0.908051807904628,0.35376940857557,31.7007609885466
8.63462301587301,0.801328461021881,0.908008746871758,0.35360026125722,31.7012502623315
8.63472222222222,0.801260564242325,0.907965675817175,0.353431194880823,31.7017394813497
8.63482142857143,0.801192675005244,0.907922594748021,0.353262209406743,31.7022286456132
8.63492063492064,0.801124793309553,0.90787950367143,0.353093304795356,31.7027177551342
8.63501984126984,0.801056919154169,0.907836402594535,0.352924481007055,31.7032068099248
8.63511904761905,0.800989052538009,0.907793291524462,0.352755738002248,31.703695809997
8.63521825396825,0.800921193459991,0.907750170468337,0.352587075741361,31.704184755363
8.63531746031746,0.800853341919038,0.907707039433282,0.352418494184837,31.7046736460349
8.63541666666667,0.800785497914069,0.907663898426414,0.352249993293135,31.7051624820248
8.63551587301587,0.800717661444009,0.907620747454847,0.352081573026728,31.7056512633447
8.63561507936508,0.800649832507783,0.907577586525691,0.35191323334611,31.7061399900067
8.63571428571429,0.800582011104315,0.907534415646055,0.351744974211787,31.706628662023
8.63581349206349,0.800514197232534,0.907491234823041,0.351576795584283,31.7071172794056
8.6359126984127,0.800446390891368,0.907448044063749,0.35140869742414,31.7076058421665
8.6360119047619,0.800378592079747,0.907404843375276,0.351240679691914,31.7080943503178
8.63611111111111,0.800310800796603,0.907361632764715,0.351072742348179,31.7085828038717
8.63621031746032,0.800243017040869,0.907318412239154,0.350904885353521,31.7090712028401
8.63630952380952,0.800175240811479,0.907275181805682,0.350737108668552,31.709559547235
8.63640873015873,0.800107472107369,0.907231941471378,0.350569412253892,31.7100478370686
8.63650793650794,0.800039710927476,0.907188691243323,0.35040179607018,31.7105360723529
8.63660714285714,0.799971957270739,0.907145431128592,0.350234260078071,31.7110242531
8.63670634920635,0.799904211136097,0.907102161134255,0.350066804238237,31.7115123793217
8.63680555555556,0.799836472522492,0.907058881267383,0.349899428511366,31.7120004510303
8.63690476190476,0.799768741428866,0.907015591535038,0.349732132858162,31.7124884682377
8.63700396825397,0.799701017854163,0.906972291944282,0.349564917239347,31.7129764309559
8.63710317460317,0.799633301797329,0.906928982502173,0.349397781615657,31.7134643391969
8.63720238095238,0.79956559325731,0.906885663215765,0.349230725947846,31.7139521929728
8.63730158730159,0.799497892233055,0.906842334092108,0.349063750196685,31.7144399922956
8.63740079365079,0.799430198723514,0.90679899513825,0.34889685432296,31.7149277371772
8.6375,0.799362512727637,0.906755646361233,0.348730038287473,31.7154154276297
8.63759920634921,0.799294834244377,0.906712287768098,0.348563302051044,31.7159030636651
8.63769841269841,0.799227163272686,0.90666891936588,0.348396645574507,31.7163906452953
8.63779761904762,0.799159499811521,0.906625541161613,0.348230068818717,31.7168781725323
8.63789682539683,0.799091843859839,0.906582153162327,0.348063571744541,31.7173656453881
8.63799603174603,0.799024195416597,0.906538755375047,0.347897154312864,31.7178530638747
8.63809523809524,0.798956554480755,0.906495347806794,0.347730816484587,31.718340428004
8.63819444444444,0.798888921051272,0.906451930464588,0.347564558220628,31.7188277377881
8.63829365079365,0.798821295127112,0.906408503355445,0.34739837948192,31.7193149932388
8.63839285714286,0.798753676707237,0.906365066486374,0.347232280229414,31.7198021943682
8.63849206349206,0.798686065790613,0.906321619864386,0.347066260424077,31.7202893411882
8.63859126984127,0.798618462376206,0.906278163496483,0.346900320026892,31.7207764337107
8.63869047619048,0.798550866462984,0.906234697389668,0.346734458998858,31.7212634719476
8.63878968253968,0.798483278049915,0.906191221550937,0.346568677300992,31.721750455911
8.63888888888889,0.798415697135969,0.906147735987284,0.346402974894325,31.7222373856128
8.63898809523809,0.79834812372012,0.906104240705701,0.346237351739907,31.7227242610648
8.6390873015873,0.79828055780134,0.906060735713173,0.346071807798802,31.723211082279
8.63918650793651,0.798212999378602,0.906017221016684,0.345906343032091,31.7236978492673
8.63928571428571,0.798145448450885,0.905973696623214,0.345740957400875,31.7241845620417
8.63938492063492,0.798077905017165,0.90593016253974,0.345575650866266,31.724671220614
8.63948412698413,0.798010369076421,0.905886618773233,0.345410423389396,31.7251578249962
8.63958333333333,0.797942840627632,0.905843065330663,0.34524527493141,31.7256443752002
8.63968253968254,0.797875319669781,0.905799502218996,0.345080205453474,31.7261308712378
8.63978174603175,0.79780780620185,0.905755929445194,0.344915214916766,31.726617313121
8.63988095238095,0.797740300222824,0.905712347016215,0.344750303282483,31.7271037008616
8.63998015873016,0.797672801731688,0.905668754939014,0.344585470511837,31.7275900344715
8.64007936507936,0.79760531072743,0.905625153220543,0.344420716566058,31.7280763139626
8.64017857142857,0.797537827209037,0.90558154186775,0.344256041406391,31.7285625393469
8.64027777777778,0.797470351175501,0.905537920887579,0.344091444994098,31.729048710636
8.64037698412698,0.797402882625811,0.905494290286971,0.343926927290457,31.729534827842
8.64047619047619,0.797335421558962,0.905450650072864,0.343762488256763,31.7300208909767
8.6405753968254,0.797267967973946,0.905407000252191,0.343598127854326,31.7305069000519
8.6406746031746,0.797200521869758,0.905363340831882,0.343433846044473,31.7309928550795
8.64077380952381,0.797133083245398,0.905319671818865,0.343269642788551,31.7314787560714
8.64087301587302,0.797065652099861,0.905275993220062,0.343105518047918,31.7319646030393
8.64097222222222,0.796998228432149,0.905232305042394,0.342941471783951,31.7324503959951
8.64107142857143,0.796930812241261,0.905188607292776,0.342777503958043,31.7329361349507
8.64117063492064,0.7968634035262,0.90514489997812,0.342613614531603,31.7334218199179
8.64126984126984,0.796796002285971,0.905101183105337,0.342449803466057,31.7339074509085
8.64136904761905,0.796728608519577,0.905057456681331,0.342286070722847,31.7343930279343
8.64146825396825,0.796661222226027,0.905013720713005,0.342122416263432,31.7348785510072
8.64156746031746,0.796593843404327,0.904969975207256,0.341958840049287,31.7353640201389
8.64166666666667,0.796526472053486,0.904926220170981,0.341795342041902,31.7358494353413
8.64176587301587,0.796459108172517,0.904882455611069,0.341631922202787,31.7363347966262
8.64186507936508,0.79639175176043,0.90483868153441,0.341468580493464,31.7368201040053
8.64196428571429,0.796324402816239,0.904794897947887,0.341305316875475,31.7373053574905
8.64206349206349,0.79625706133896,0.904751104858381,0.341142131310376,31.7377905570936
8.6421626984127,0.796189727327607,0.90470730227277,0.340979023759738,31.7382757028263
8.64226190476191,0.796122400781199,0.904663490197926,0.340815994185157,31.7387607947004
8.64236111111111,0.796055081698756,0.904619668640721,0.340653042548234,31.7392458327278
8.64246031746032,0.795987770079297,0.904575837608021,0.340490168810594,31.73973081692
8.64255952380952,0.795920465921845,0.904531997106689,0.340327372933874,31.740215747289
8.64265873015873,0.795853169225422,0.904488147143584,0.34016465487973,31.7407006238466
8.64275793650794,0.795785879989053,0.904444287725563,0.340002014609834,31.7411854466043
8.64285714285714,0.795718598211764,0.904400418859478,0.339839452085874,31.7416702155741
8.64295634920635,0.795651323892583,0.904356540552178,0.339676967269555,31.7421549307676
8.64305555555556,0.795584057030538,0.904312652810508,0.339514560122596,31.7426395921967
8.64315476190476,0.795516797624659,0.90426875564131,0.339352230606736,31.7431241998729
8.64325396825397,0.795449545673979,0.904224849051424,0.339189978683728,31.7436087538082
8.64335317460317,0.795382301177529,0.904180933047682,0.339027804315342,31.7440932540141
8.64345238095238,0.795315064134344,0.904137007636917,0.338865707463364,31.7445777005025
8.64355158730159,0.79524783454346,0.904093072825957,0.338703688089598,31.745062093285
8.64365079365079,0.795180612403914,0.904049128621624,0.338541746155859,31.7455464323735
8.64375,0.795113397714744,0.904005175030742,0.33837988162399,31.7460307177794
8.64384920634921,0.795046190474991,0.903961212060125,0.338218094455838,31.7465149495147
8.64394841269841,0.794978990683696,0.903917239716589,0.338056384613272,31.746999127591
8.64404761904762,0.7949117983399,0.903873258006943,0.337894752058178,31.74748325202
8.64414682539683,0.79484461344265,0.903829266937993,0.337733196752456,31.7479673228133
8.64424603174603,0.794777435990988,0.903785266516542,0.337571718658025,31.7484513399828
8.64434523809524,0.794710265983964,0.903741256749391,0.337410317736817,31.74893530354
8.64444444444444,0.794643103420624,0.903697237643334,0.337248993950783,31.7494192134966
8.64454365079365,0.794575948300019,0.903653209205165,0.33708774726189,31.7499030698644
8.64464285714286,0.794508800621198,0.903609171441672,0.336926577632122,31.750386872655
8.64474206349206,0.794441660383216,0.90356512435964,0.336765485023477,31.75087062188
8.64484126984127,0.794374527585125,0.903521067965851,0.336604469397971,31.7513543175511
8.64494047619048,0.794307402225981,0.903477002267083,0.336443530717638,31.7518379596801
8.64503968253968,0.79424028430484,0.903432927270111,0.336282668944525,31.7523215482785
8.64513888888889,0.794173173820759,0.903388842981706,0.336121884040696,31.7528050833579
8.6452380952381,0.794106070772799,0.903344749408636,0.335961175968235,31.7532885649301
8.6453373015873,0.794038975160021,0.903300646557665,0.33580054468924,31.7537719930067
8.64543650793651,0.793971886981486,0.903256534435554,0.335639990165825,31.7542553675992
8.64553571428571,0.793904806236257,0.903212413049058,0.335479512360119,31.7547386887194
8.64563492063492,0.793837732923401,0.903168282404933,0.33531911123427,31.7552219563789
8.64573412698413,0.793770667041982,0.903124142509927,0.335158786750442,31.7557051705893
8.64583333333333,0.793703608591068,0.903079993370788,0.334998538870814,31.7561883313622
8.64593253968254,0.793636557569729,0.903035834994258,0.334838367557583,31.7566714387091
8.64603174603175,0.793569513977035,0.902991667387076,0.334678272772961,31.7571544926418
8.64613095238095,0.793502477812058,0.902947490555978,0.334518254479177,31.7576374931719
8.64623015873016,0.793435449073871,0.902903304507697,0.334358312638477,31.7581204403109
8.64632936507936,0.793368427761549,0.90285910924896,0.334198447213122,31.7586033340704
8.64642857142857,0.793301413874167,0.902814904786494,0.334038658165391,31.759086174462
8.64652777777778,0.793234407410803,0.90277069112702,0.333878945457578,31.7595689614973
8.64662698412699,0.793167408370535,0.902726468277256,0.333719309051993,31.7600516951879
8.64672619047619,0.793100416752445,0.902682236243916,0.333559748910966,31.7605343755454
8.6468253968254,0.793033432555614,0.902637995033713,0.33340026499684,31.7610170025813
8.6469246031746,0.792966455779123,0.902593744653352,0.333240857271974,31.7614995763072
8.64702380952381,0.792899486422059,0.902549485109539,0.333081525698745,31.7619820967347
8.64712301587302,0.792832524483505,0.902505216408973,0.332922270239547,31.7624645638753
8.64722222222222,0.792765569962551,0.902460938558352,0.332763090856788,31.7629469777406
8.64732142857143,0.792698622858283,0.902416651564368,0.332603987512893,31.7634293383421
8.64742063492064,0.792631683169792,0.902372355433712,0.332444960170307,31.7639116456914
8.64751984126984,0.79256475089617,0.90232805017307,0.332286008791486,31.7643938998
8.64761904761905,0.792497826036508,0.902283735789125,0.332127133338906,31.7648761006794
8.64771825396825,0.792430908589901,0.902239412288556,0.331968333775058,31.7653582483413
8.64781746031746,0.792363998555444,0.902195079678038,0.33180961006245,31.765840342797
8.64791666666667,0.792297095932234,0.902150737964243,0.331650962163605,31.7663223840582
8.64801587301587,0.79223020071937,0.902106387153842,0.331492390041065,31.7668043721364
8.64811507936508,0.792163312915949,0.902062027253496,0.331333893657385,31.767286307043
8.64821428571429,0.792096432521076,0.902017658269871,0.33117547297514,31.7677681887896
8.64831349206349,0.79202955953385,0.901973280209622,0.33101712795692,31.7682500173876
8.6484126984127,0.791962693953377,0.901928893079404,0.33085885856533,31.7687317928487
8.64851190476191,0.791895835778761,0.901884496885869,0.330700664762993,31.7692135151842
8.64861111111111,0.791828985009108,0.901840091635663,0.330542546512547,31.7696951844057
8.64871031746032,0.791762141643527,0.901795677335431,0.330384503776649,31.7701768005246
8.64880952380952,0.791695305681127,0.901751253991813,0.330226536517968,31.7706583635525
8.64890873015873,0.791628477121019,0.901706821611445,0.330068644699194,31.7711398735008
8.64900793650794,0.791561655962315,0.901662380200961,0.329910828283031,31.771621330381
8.64910714285714,0.791494842204128,0.90161792976699,0.3297530872322,31.7721027342046
8.64920634920635,0.791428035845573,0.90157347031616,0.329595421509437,31.7725840849829
8.64930555555556,0.791361236885766,0.901529001855091,0.329437831077497,31.7730653827276
8.64940476190476,0.791294445323826,0.901484524390404,0.329280315899149,31.77354662745
8.64950396825397,0.79122766115887,0.901440037928714,0.32912287593718,31.7740278191615
8.64960317460318,0.791160884390019,0.901395542476632,0.328965511154391,31.7745089578737
8.64970238095238,0.791094115016397,0.901351038040769,0.328808221513604,31.774990043598
8.64980158730159,0.791027353037125,0.901306524627728,0.328651006977654,31.7754710763458
8.64990079365079,0.790960598451328,0.90126200224411,0.328493867509392,31.7759520561285
8.65,0.790893851258132,0.901217470896515,0.328336803071686,31.7764329829576
8.65009920634921,0.790827111456665,0.901172930591535,0.328179813627422,31.7769138568445
8.65019841269841,0.790760379046056,0.901128381335762,0.328022899139501,31.7773946778007
8.65029761904762,0.790693654025433,0.901083823135784,0.327866059570839,31.7778754458374
8.65039682539683,0.79062693639393,0.901039255998183,0.327709294884372,31.7783561609662
8.65049603174603,0.790560226150678,0.900994679929541,0.327552605043048,31.7788368231984
8.65059523809524,0.790493523294813,0.900950094936433,0.327395990009835,31.7793174325455
8.65069444444444,0.79042682782547,0.900905501025433,0.327239449747717,31.7797979890188
8.65079365079365,0.790360139741786,0.90086089820311,0.327082984219692,31.7802784926297
8.65089285714286,0.790293459042899,0.900816286476031,0.326926593388777,31.7807589433897
8.65099206349206,0.79022678572795,0.900771665850758,0.326770277218003,31.78123934131
8.65109126984127,0.790160119796079,0.90072703633385,0.326614035670417,31.7817196864022
8.65119047619048,0.790093461246429,0.900682397931862,0.326457868709089,31.7821999786775
8.65128968253968,0.790026810078146,0.900637750651347,0.326301776297098,31.7826802181473
8.65138888888889,0.789960166290373,0.900593094498853,0.326145758397542,31.783160404823
8.6514880952381,0.789893529882257,0.900548429480924,0.325989814973534,31.783640538716
8.6515873015873,0.789826900852948,0.900503755604102,0.325833945988206,31.7841206198376
8.65168650793651,0.789760279201594,0.900459072874925,0.325678151404704,31.7846006481991
8.65178571428571,0.789693664927346,0.900414381299926,0.325522431186193,31.7850806238119
8.65188492063492,0.789627058029357,0.900369680885637,0.325366785295851,31.7855605466874
8.65198412698413,0.789560458506781,0.900324971638585,0.325211213696876,31.7860404168368
8.65208333333333,0.789493866358773,0.900280253565293,0.325055716352479,31.7865202342716
8.65218253968254,0.789427281584488,0.900235526672281,0.324900293225889,31.786999999003
8.65228174603175,0.789360704183086,0.900190790966067,0.324744944280353,31.7874797110424
8.65238095238095,0.789294134153726,0.900146046453162,0.324589669479131,31.7879593704011
8.65248015873016,0.789227571495568,0.900101293140077,0.324434468785502,31.7884389770903
8.65257936507937,0.789161016207773,0.900056531033317,0.324279342162759,31.7889185311215
8.65267857142857,0.789094468289507,0.900011760139385,0.324124289574216,31.7893980325059
8.65277777777778,0.789027927739933,0.89996698046478,0.323969310983199,31.7898774812549
8.65287698412699,0.788961394558219,0.899922192015996,0.323814406353051,31.7903568773796
8.65297619047619,0.788894868743531,0.899877394799527,0.323659575647133,31.7908362208915
8.6530753968254,0.788828350295039,0.899832588821859,0.323504818828822,31.7913155118017
8.6531746031746,0.788761839211913,0.899787774089478,0.323350135861509,31.7917947501216
8.65327380952381,0.788695335493325,0.899742950608865,0.323195526708604,31.7922739358625
8.65337301587302,0.788628839138448,0.899698118386498,0.323040991333534,31.7927530690357
8.65347222222222,0.788562350146456,0.89965327742885,0.32288652969974,31.7932321496523
8.65357142857143,0.788495868516527,0.899608427742393,0.32273214177068,31.7937111777237
8.65367063492064,0.788429394247836,0.899563569333593,0.32257782750983,31.7941901532611
8.65376984126984,0.788362927339564,0.899518702208914,0.322423586880681,31.7946690762758
8.65386904761905,0.788296467790889,0.899473826374816,0.322269419846741,31.7951479467791
8.65396825396825,0.788230015600994,0.899428941837755,0.322115326371533,31.7956267647821
8.65406746031746,0.788163570769061,0.899384048604183,0.321961306418595,31.7961055302962
8.65416666666667,0.788097133294275,0.899339146680551,0.32180735995149,31.7965842433326
8.65426587301587,0.788030703175822,0.899294236073305,0.321653486933788,31.7970629039024
8.65436507936508,0.787964280412888,0.899249316788886,0.321499687329079,31.797541512017
8.65446428571429,0.787897865004663,0.899204388833734,0.321345961100968,31.7980200676875
8.65456349206349,0.787831456950335,0.899159452214283,0.321192308213078,31.7984985709252
8.6546626984127,0.787765056249097,0.899114506936966,0.321038728629048,31.7989770217413
8.65476190476191,0.787698662900141,0.899069553008209,0.320885222312534,31.7994554201469
8.65486111111111,0.78763227690266,0.899024590434439,0.320731789227206,31.7999337661534
8.65496031746032,0.787565898255852,0.898979619222076,0.320578429336753,31.8004120597719
8.65505952380952,0.787499526958911,0.898934639377537,0.320425142604879,31.8008903010137
8.65515873015873,0.787433163011036,0.898889650907238,0.320271928995305,31.8013684898898
8.65525793650794,0.787366806411428,0.898844653817587,0.320118788471768,31.8018466264115
8.65535714285714,0.787300457159287,0.898799648114992,0.319965720998022,31.8023247105899
8.65545634920635,0.787234115253815,0.898754633805856,0.319812726537836,31.8028027424364
8.65555555555556,0.787167780694215,0.898709610896579,0.319659805054995,31.8032807219619
8.65565476190476,0.787101453479695,0.898664579393558,0.319506956513305,31.8037586491778
8.65575396825397,0.787035133609459,0.898619539303186,0.319354180876585,31.8042365240951
8.65585317460318,0.786968821082716,0.898574490631851,0.319201478108668,31.804714346725
8.65595238095238,0.786902515898675,0.898529433385939,0.319048848173408,31.8051921170787
8.65605158730159,0.786836218056547,0.898484367571833,0.318896291034673,31.8056698351674
8.65615079365079,0.786769927555544,0.898439293195911,0.318743806656346,31.8061475010021
8.65625,0.78670364439488,0.898394210264548,0.31859139500233,31.8066251145941
8.65634920634921,0.786637368573768,0.898349118784115,0.318439056036542,31.8071026759544
8.65644841269841,0.786571100091426,0.898304018760982,0.318286789722915,31.8075801850942
8.65654761904762,0.786504838947072,0.898258910201512,0.3181345960254,31.8080576420247
8.65664682539682,0.786438585139923,0.898213793112066,0.317982474907964,31.8085350467569
8.65674603174603,0.786372338669202,0.898168667499001,0.31783042633459,31.809012399302
8.65684523809524,0.786306099534129,0.898123533368672,0.317678450269276,31.809489699671
8.65694444444444,0.786239867733927,0.898078390727429,0.31752654667604,31.8099669478752
8.65704365079365,0.786173643267821,0.898033239581619,0.317374715518911,31.8104441439256
8.65714285714286,0.786107426135038,0.897988079937584,0.317222956761941,31.8109212878333
8.65724206349206,0.786041216334805,0.897942911801666,0.317071270369195,31.8113983796094
8.65734126984127,0.78597501386635,0.897897735180199,0.316919656304752,31.811875419265
8.65744047619048,0.785908818728904,0.897852550079517,0.316768114532712,31.8123524068112
8.65753968253968,0.785842630921698,0.897807356505948,0.316616645017188,31.812829342259
8.65763888888889,0.785776450443965,0.897762154465819,0.316465247722311,31.8133062256197
8.65773809523809,0.785710277294939,0.897716943965451,0.316313922612227,31.8137830569041
8.6578373015873,0.785644111473857,0.897671725011163,0.316162669651101,31.8142598361235
8.65793650793651,0.785577952979955,0.89762649760927,0.316011488803112,31.8147365632888
8.65803571428571,0.785511801812471,0.897581261766083,0.315860380032456,31.8152132384112
8.65813492063492,0.785445657970646,0.89753601748791,0.315709343303346,31.8156898615016
8.65823412698413,0.785379521453721,0.897490764781056,0.31555837858001,31.8161664325712
8.65833333333333,0.785313392260939,0.897445503651822,0.315407485826694,31.816642951631
8.65843253968254,0.785247270391543,0.897400234106504,0.31525666500766,31.8171194186921
8.65853174603175,0.785181155844778,0.897354956151396,0.315105916087184,31.8175958337654
8.65863095238095,0.785115048619892,0.897309669792789,0.314955239029564,31.818072196862
8.65873015873016,0.785048948716134,0.89726437503697,0.31480463379911,31.8185485079929
8.65882936507936,0.784982856132752,0.897219071890221,0.314654100360148,31.8190247671692
8.65892857142857,0.784916770868998,0.897173760358823,0.314503638677023,31.8195009744019
8.65902777777778,0.784850692924124,0.897128440449051,0.314353248714094,31.819977129702
8.65912698412698,0.784784622297384,0.897083112167177,0.314202930435738,31.8204532330806
8.65922619047619,0.784718558988032,0.897037775519472,0.314052683806347,31.8209292845485
8.6593253968254,0.784652502995326,0.8969924305122,0.313902508790332,31.8214052841169
8.6594246031746,0.784586454318523,0.896947077151623,0.313752405352117,31.8218812317967
8.65952380952381,0.784520412956883,0.896901715444,0.313602373456145,31.8223571275989
8.65962301587301,0.784454378909667,0.896856345395586,0.313452413066874,31.8228329715345
8.65972222222222,0.784388352176136,0.896810967012631,0.313302524148779,31.8233087636145
8.65982142857143,0.784322332755554,0.896765580301384,0.313152706666352,31.8237845038499
8.65992063492063,0.784256320647186,0.89672018526809,0.313002960584099,31.8242601922516
8.66001984126984,0.784190315850297,0.896674781918987,0.312853285866544,31.8247358288307
8.66011904761905,0.784124318364156,0.896629370260315,0.312703682478229,31.8252114135981
8.66021825396825,0.784058328188033,0.896583950298306,0.312554150383711,31.8256869465647
8.66031746031746,0.783992345321197,0.896538522039191,0.312404689547562,31.8261624277415
8.66041666666667,0.78392636976292,0.896493085489196,0.312255299934372,31.8266378571395
8.66051587301587,0.783860401512475,0.896447640654544,0.312105981508747,31.8271132347696
8.66061507936508,0.783794440569137,0.896402187541456,0.31195673423531,31.8275885606427
8.66071428571429,0.783728486932182,0.896356726156145,0.311807558078698,31.8280638347699
8.66081349206349,0.783662540600888,0.896311256504827,0.311658453003568,31.828539057162
8.6609126984127,0.783596601574532,0.896265778593708,0.31150941897459,31.8290142278299
8.6610119047619,0.783530669852396,0.896220292428995,0.311360455956453,31.8294893467846
8.66111111111111,0.78346474543376,0.896174798016889,0.311211563913861,31.8299644140371
8.66121031746032,0.783398828317908,0.896129295363588,0.311062742811535,31.8304394295982
8.66130952380952,0.783332918504124,0.896083784475288,0.310913992614212,31.8309143934788
8.66140873015873,0.783267015991694,0.89603826535818,0.310765313286646,31.8313893056899
8.66150793650794,0.783201120779904,0.89599273801845,0.310616704793603,31.8318641662423
8.66160714285714,0.783135232868043,0.895947202462284,0.310468167099876,31.832338975147
8.66170634920635,0.783069352255402,0.895901658695862,0.310319700170264,31.8328137324148
8.66180555555556,0.783003478941272,0.895856106725362,0.310171303969586,31.8332884380567
8.66190476190476,0.782937612924945,0.895810546556955,0.310022978462678,31.8337630920834
8.66200396825397,0.782871754205714,0.895764978196814,0.309874723614392,31.834237694506
8.66210317460317,0.782805902782877,0.895719401651103,0.309726539389597,31.8347122453353
8.66220238095238,0.782740058655728,0.895673816925987,0.309578425753175,31.8351867445822
8.66230158730159,0.782674221823568,0.895628224027624,0.30943038267003,31.8356611922574
8.66240079365079,0.782608392285694,0.89558262296217,0.309282410105078,31.836135588372
8.6625,0.782542570041409,0.895537013735778,0.309134508023253,31.8366099329366
8.66259920634921,0.782476755090014,0.895491396354597,0.308986676389506,31.8370842259623
8.66269841269841,0.782410947430814,0.89544577082477,0.308838915168802,31.8375584674599
8.66279761904762,0.782345147063113,0.895400137152442,0.308691224326126,31.8380326574401
8.66289682539682,0.782279353986219,0.895354495343748,0.308543603826476,31.8385067959138
8.66299603174603,0.782213568199437,0.895308845404825,0.308396053634865,31.838980882892
8.66309523809524,0.782147789702079,0.895263187341803,0.308248573716332,31.8394549183853
8.66319444444444,0.782082018493456,0.89521752116081,0.308101164035921,31.8399289024047
8.66329365079365,0.782016254572879,0.89517184686797,0.307953824558699,31.8404028349609
8.66339285714286,0.781950497932107,0.895126164472056,0.307806555251746,31.8408767160674
8.66349206349206,0.781884748487703,0.895080474008086,0.307659356102991,31.8413505457631
8.66359126984127,0.781819006215595,0.895034775489881,0.307512227086475,31.8418243240663
8.66369047619048,0.781753271114293,0.894989068923294,0.307365168170466,31.8422980509875
8.66378968253968,0.781687543182308,0.894943354314174,0.30721817932324,31.8427717265369
8.66388888888889,0.781621822418153,0.89489763166837,0.307071260513086,31.843245350725
8.66398809523809,0.78155610882034,0.894851900991727,0.3069244117083,31.8437189235622
8.6640873015873,0.781490402387383,0.894806162290089,0.306777632877191,31.844192445059
8.66418650793651,0.781424703117795,0.894760415569298,0.306630923988075,31.8446659152256
8.66428571428571,0.781359011010092,0.894714660835192,0.306484285009282,31.8451393340725
8.66438492063492,0.781293326062788,0.894668898093611,0.306337715909149,31.8456127016101
8.66448412698413,0.781227648274397,0.894623127350388,0.306191216656022,31.8460860178487
8.66458333333333,0.781161977643439,0.894577348611358,0.306044787218263,31.8465592827988
8.66468253968254,0.781096314168429,0.894531561882352,0.305898427564239,31.8470324964707
8.66478174603175,0.781030657847884,0.8944857671692,0.305752137662328,31.8475056588748
8.66488095238095,0.780965008680322,0.894439964477728,0.305605917480919,31.8479787700215
8.66498015873016,0.780899366664262,0.894394153813762,0.30545976698841,31.8484518299212
8.66507936507936,0.780833731798223,0.894348335183124,0.305313686153212,31.8489248385842
8.66517857142857,0.780768104080725,0.894302508591637,0.305167674943741,31.8493977960208
8.66527777777778,0.780702483510288,0.894256674045118,0.305021733328428,31.8498707022415
8.66537698412698,0.780636870085433,0.894210831549385,0.304875861275712,31.8503435572567
8.66547619047619,0.780571263804682,0.894164981110253,0.304730058754042,31.8508163610766
8.6655753968254,0.780505664666557,0.894119122733535,0.304584325731878,31.8512891137116
8.6656746031746,0.78044007266958,0.894073256425041,0.304438662177689,31.8517618151721
8.66577380952381,0.780374487812274,0.89402738219058,0.304293068059954,31.8522344654685
8.66587301587301,0.780308910093164,0.893981500035959,0.304147543347165,31.852707064611
8.66597222222222,0.780243339510773,0.893935609966982,0.304002088007818,31.8531796126101
8.66607142857143,0.780177776063628,0.893889711989453,0.303856702010428,31.853652109476
8.66617063492064,0.780112219750254,0.893843806109171,0.303711385323513,31.8541245552192
8.66626984126984,0.780046670569176,0.893797892331935,0.303566137915603,31.8545969498499
8.66636904761905,0.779981128518922,0.893751970663541,0.303420959755239,31.8550692933785
8.66646825396825,0.779915593598018,0.893706041109784,0.303275850810971,31.8555415858153
8.66656746031746,0.779850065804994,0.893660103676456,0.30313081105136,31.8560138271706
8.66666666666667,0.779784545138377,0.893614158369347,0.302985840444977,31.8564860174548
8.66676587301587,0.779719031596696,0.893568205194245,0.302840938960403,31.8569581566782
8.66686507936508,0.779653525178482,0.893522244156936,0.302696106566228,31.8574302448512
8.66696428571429,0.779588025882264,0.893476275263205,0.302551343231054,31.8579022819839
8.66706349206349,0.779522533706574,0.893430298518834,0.302406648923493,31.8583742680868
8.6671626984127,0.779457048649942,0.893384313929601,0.302262023612165,31.8588462031701
8.6672619047619,0.779391570710902,0.893338321501286,0.302117467265702,31.8593180872443
8.66736111111111,0.779326099887985,0.893292321239664,0.301972979852747,31.8597899203195
8.66746031746032,0.779260636179724,0.893246313150508,0.301828561341947,31.860261702406
8.66755952380952,0.779195179584654,0.893200297239591,0.301684211701971,31.8607334335143
8.66765873015873,0.779129730101309,0.893154273512683,0.301539930901487,31.8612051136545
8.66775793650794,0.779064287728225,0.893108241975549,0.301395718909177,31.861676742837
8.66785714285714,0.778998852463935,0.893062202633957,0.301251575693735,31.8621483210721
8.66795634920635,0.778933424306978,0.89301615549367,0.301107501223861,31.86261984837
8.66805555555556,0.778868003255889,0.892970100560449,0.30096349546827,31.8630913247411
8.66815476190476,0.778802589309205,0.892924037840053,0.300819558395683,31.8635627501956
8.66825396825397,0.778737182465465,0.892877967338239,0.300675689974833,31.8640341247439
8.66835317460317,0.778671782723208,0.892831889060764,0.300531890174464,31.8645054483961
8.66845238095238,0.778606390080971,0.89278580301338,0.300388158963327,31.8649767211626
8.66855158730159,0.778541004537296,0.892739709201838,0.300244496310187,31.8654479430536
8.66865079365079,0.778475626090721,0.892693607631887,0.300100902183816,31.8659191140795
8.66875,0.778410254739789,0.892647498309274,0.299957376552998,31.8663902342504
8.66884920634921,0.778344890483039,0.892601381239745,0.299813919386526,31.8668613035767
8.66894841269841,0.778279533319015,0.892555256429041,0.299670530653202,31.8673323220686
8.66904761904762,0.778214183246259,0.892509123882905,0.299527210321844,31.8678032897364
8.66914682539683,0.778148840263314,0.892462983607074,0.299383958361273,31.8682742065903
8.66924603174603,0.778083504368724,0.892416835607286,0.299240774740323,31.8687450726405
8.66934523809524,0.778018175561033,0.892370679889275,0.299097659427839,31.8692158878975
8.66944444444444,0.777952853838787,0.892324516458773,0.298954612392675,31.8696866523713
8.66954365079365,0.77788753920053,0.892278345321512,0.298811633603695,31.8701573660722
8.66964285714286,0.777822231644809,0.89223216648322,0.298668723029773,31.8706280290105
8.66974206349206,0.777756931170171,0.892185979949622,0.298525880639794,31.8710986411965
8.66984126984127,0.777691637775162,0.892139785726444,0.298383106402653,31.8715692026403
8.66994047619048,0.777626351458331,0.892093583819408,0.298240400287255,31.8720397133522
8.67003968253968,0.777561072218225,0.892047374234234,0.298097762262514,31.8725101733424
8.67013888888889,0.777495800053395,0.892001156976641,0.297955192297356,31.8729805826211
8.67023809523809,0.77743053496239,0.891954932052343,0.297812690360716,31.8734509411987
8.6703373015873,0.77736527694376,0.891908699467056,0.297670256421538,31.8739212490852
8.67043650793651,0.777300025996054,0.891862459226491,0.297527890448778,31.874391506291
8.67053571428571,0.777234782117826,0.89181621133636,0.297385592411403,31.8748617128263
8.67063492063492,0.777169545307627,0.891769955802368,0.297243362278388,31.8753318687012
8.67073412698413,0.77710431556401,0.891723692630223,0.297101200018718,31.875801973926
8.67083333333333,0.777039092885528,0.891677421825628,0.29695910560139,31.8762720285108
8.67093253968254,0.776973877270734,0.891631143394284,0.296817078995409,31.876742032466
8.67103174603175,0.776908668718182,0.891584857341892,0.296675120169792,31.8772119858017
8.67113095238095,0.776843467226428,0.891538563674149,0.296533229093565,31.877681888528
8.67123015873016,0.776778272794028,0.891492262396751,0.296391405735764,31.8781517406553
8.67132936507936,0.776713085419536,0.891445953515391,0.296249650065436,31.8786215421937
8.67142857142857,0.77664790510151,0.89139963703576,0.296107962051637,31.8790912931534
8.67152777777778,0.776582731838507,0.891353312963548,0.295966341663435,31.8795609935445
8.67162698412698,0.776517565629085,0.891306981304443,0.295824788869905,31.8800306433774
8.67172619047619,0.776452406471802,0.891260642064129,0.295683303640136,31.8805002426621
8.6718253968254,0.776387254365217,0.89121429524829,0.295541885943224,31.8809697914089
8.6719246031746,0.776322109307889,0.891167940862607,0.295400535748274,31.8814392896279
8.67202380952381,0.77625697129838,0.891121578912759,0.295259253024408,31.8819087373293
8.67212301587302,0.77619184033525,0.891075209404423,0.295118037740752,31.8823781345232
8.67222222222222,0.776126716417059,0.891028832343274,0.294976889866442,31.88284748122
8.67232142857143,0.77606159954237,0.890982447734986,0.294835809370628,31.8833167774296
8.67242063492064,0.775996489709746,0.890936055585228,0.294694796222465,31.8837860231624
8.67251984126984,0.775931386917749,0.89088965589967,0.294553850391124,31.8842552184284
8.67261904761905,0.775866291164944,0.890843248683978,0.29441297184578,31.8847243632378
8.67271825396825,0.775801202449893,0.890796833943818,0.294272160555624,31.8851934576008
8.67281746031746,0.775736120771163,0.890750411684851,0.294131416489853,31.8856625015276
8.67291666666667,0.775671046127319,0.890703981912739,0.293990739617676,31.8861314950282
8.67301587301587,0.775605978516926,0.89065754463314,0.29385012990831,31.8866004381128
8.67311507936508,0.775540917938551,0.89061109985171,0.293709587330986,31.8870693307917
8.67321428571429,0.775475864390762,0.890564647574104,0.293569111854942,31.8875381730748
8.67331349206349,0.775410817872126,0.890518187805974,0.293428703449426,31.8880069649725
8.6734126984127,0.77534577838121,0.89047172055297,0.293288362083696,31.8884757064947
8.67351190476191,0.775280745916586,0.890425245820742,0.293148087727025,31.8889443976517
8.67361111111111,0.775215720476822,0.890378763614934,0.29300788034869,31.8894130384536
8.67371031746032,0.775150702060489,0.890332273941191,0.292867739917981,31.8898816289105
8.67380952380952,0.775085690666155,0.890285776805155,0.292727666404198,31.8903501690326
8.67390873015873,0.775020686292394,0.890239272212467,0.292587659776649,31.8908186588299
8.67400793650794,0.774955688937777,0.890192760168763,0.292447720004655,31.8912870983126
8.67410714285714,0.774890698600877,0.890146240679681,0.292307847057546,31.8917554874908
8.67420634920635,0.774825715280265,0.890099713750853,0.292168040904661,31.8922238263746
8.67430555555556,0.774760738974517,0.890053179387912,0.292028301515352,31.8926921149742
8.67440476190476,0.774695769682206,0.890006637596487,0.291888628858978,31.8931603532997
8.67450396825397,0.774630807401907,0.889960088382206,0.291749022904909,31.8936285413611
8.67460317460317,0.774565852132196,0.889913531750694,0.291609483622526,31.8940966791686
8.67470238095238,0.774500903871648,0.889866967707576,0.291470010981221,31.8945647667322
8.67480158730159,0.77443596261884,0.889820396258472,0.291330604950393,31.8950328040622
8.67490079365079,0.774371028372348,0.889773817409002,0.291191265499451,31.8955007911685
8.675,0.774306101130751,0.889727231164783,0.291051992597821,31.8959687280613
8.67509920634921,0.774241180892628,0.889680637531431,0.290912786214931,31.8964366147507
8.67519841269841,0.774176267656557,0.88963403651456,0.290773646320224,31.8969044512467
8.67529761904762,0.774111361421117,0.889587428119779,0.290634572883149,31.8973722375595
8.67539682539683,0.774046462184889,0.889540812352699,0.29049556587317,31.897839973699
8.67549603174603,0.773981569946453,0.889494189218926,0.290356625259756,31.8983076596755
8.67559523809524,0.773916684704391,0.889447558724066,0.290217751012391,31.898775295499
8.67569444444444,0.773851806457283,0.889400920873721,0.290078943100566,31.8992428811796
8.67579365079365,0.773786935203714,0.889354275673493,0.289940201493783,31.8997104167273
8.67589285714286,0.773722070942265,0.889307623128979,0.289801526161554,31.9001779021522
8.67599206349206,0.77365721367152,0.889260963245778,0.289662917073402,31.9006453374644
8.67609126984127,0.773592363390063,0.889214296029483,0.289524374198858,31.9011127226739
8.67619047619048,0.77352752009648,0.889167621485688,0.289385897507465,31.9015800577909
8.67628968253968,0.773462683789355,0.889120939619983,0.289247486968776,31.9020473428253
8.67638888888889,0.773397854467273,0.889074250437956,0.289109142552352,31.9025145777872
8.6764880952381,0.773333032128823,0.889027553945195,0.288970864227769,31.9029817626868
8.6765873015873,0.773268216772591,0.888980850147283,0.288832651964608,31.9034488975339
8.67668650793651,0.773203408397165,0.888934139049803,0.288694505732463,31.9039159823387
8.67678571428571,0.773138607001133,0.888887420658336,0.288556425500936,31.9043830171113
8.67688492063492,0.773073812583083,0.888840694978459,0.288418411239641,31.9048500018616
8.67698412698413,0.773009025141605,0.888793962015749,0.288280462918202,31.9053169365998
8.67708333333333,0.77294424467529,0.88874722177578,0.288142580506251,31.9057838213358
8.67718253968254,0.772879471182727,0.888700474264124,0.288004763973433,31.9062506560797
8.67728174603175,0.772814704662509,0.888653719486352,0.287867013289402,31.9067174408415
8.67738095238095,0.772749945113226,0.88860695744803,0.287729328423821,31.9071841756312
8.67748015873016,0.772685192533471,0.888560188154726,0.287591709346364,31.907650860459
8.67757936507936,0.772620446921837,0.888513411612002,0.287454156026716,31.9081174953347
8.67767857142857,0.772555708276918,0.888466627825422,0.287316668434571,31.9085840802685
8.67777777777778,0.772490976597307,0.888419836800544,0.287179246539633,31.9090506152703
8.67787698412699,0.772426251881599,0.888373038542926,0.287041890311615,31.9095171003501
8.67797619047619,0.77236153412839,0.888326233058124,0.286904599720246,31.909983535518
8.6780753968254,0.772296823336276,0.888279420351691,0.286767374735258,31.9104499207841
8.6781746031746,0.772232119503853,0.88823260042918,0.286630215326396,31.9109162561582
8.67827380952381,0.772167422629718,0.88818577329614,0.286493121463416,31.9113825416503
8.67837301587302,0.772102732712468,0.888138938958117,0.286356093116082,31.9118487772706
8.67847222222222,0.772038049750703,0.888092097420658,0.286219130254169,31.912314963029
8.67857142857143,0.77197337374302,0.888045248689305,0.286082232847464,31.9127810989355
8.67867063492064,0.771908704688019,0.8879983927696,0.285945400865761,31.9132471850001
8.67876984126984,0.7718440425843,0.887951529667082,0.285808634278867,31.9137132212328
8.67886904761905,0.771779387430463,0.887904659387288,0.285671933056596,31.9141792076435
8.67896825396825,0.771714739225111,0.887857781935754,0.285535297168776,31.9146451442423
8.67906746031746,0.771650097966843,0.887810897318012,0.285398726585241,31.9151110310391
8.67916666666667,0.771585463654264,0.887764005539593,0.285262221275838,31.9155768680439
8.67926587301587,0.771520836285975,0.887717106606026,0.285125781210424,31.9160426552668
8.67936507936508,0.771456215860579,0.887670200522838,0.284989406358862,31.9165083927176
8.67946428571429,0.771391602376683,0.887623287295554,0.284853096691033,31.9169740804064
8.67956349206349,0.771326995832889,0.887576366929697,0.284716852176822,31.917439718343
8.6796626984127,0.771262396227803,0.887529439430786,0.284580672786126,31.9179053065376
8.67976190476191,0.771197803560031,0.887482504804342,0.28444455848885,31.918370845
8.67986111111111,0.77113321782818,0.88743556305588,0.284308509254913,31.9188363337402
8.67996031746032,0.771068639030856,0.887388614190914,0.284172525054242,31.9193017727682
8.68005952380952,0.771004067166666,0.887341658214958,0.284036605856772,31.9197671620939
8.68015873015873,0.77093950223422,0.887294695133522,0.283900751632453,31.9202325017273
8.68025793650794,0.770874944232125,0.887247724952113,0.283764962351241,31.9206977916783
8.68035714285714,0.770810393158992,0.887200747676239,0.283629237983105,31.9211630319568
8.68045634920635,0.77074584901343,0.887153763311404,0.28349357849802,31.9216282225729
8.68055555555556,0.770681311794049,0.887106771863108,0.283357983865977,31.9220933635365
8.68065476190476,0.770616781499461,0.887059773336854,0.283222454056971,31.9225584548574
8.68075396825397,0.770552258128277,0.887012767738139,0.283086989041013,31.9230234965457
8.68085317460318,0.770487741679109,0.886965755072457,0.282951588788117,31.9234884886113
8.68095238095238,0.770423232150571,0.886918735345305,0.282816253268316,31.9239534310641
8.68105158730159,0.770358729541277,0.886871708562173,0.282680982451646,31.924418323914
8.68115079365079,0.770294233849839,0.886824674728552,0.282545776308156,31.9248831671709
8.68125,0.770229745074872,0.886777633849929,0.282410634807906,31.9253479608448
8.68134920634921,0.770165263214993,0.886730585931789,0.282275557920962,31.9258127049457
8.68144841269841,0.770100788268815,0.886683530979617,0.282140545617405,31.9262773994833
8.68154761904762,0.770036320234957,0.886636468998894,0.282005597867323,31.9267420444677
8.68164682539683,0.769971859112034,0.8865893999951,0.281870714640816,31.9272066399087
8.68174603174603,0.769907404898665,0.886542323973711,0.281735895907993,31.9276711858163
8.68184523809524,0.769842957593467,0.886495240940204,0.281601141638973,31.9281356822003
8.68194444444444,0.76977851719506,0.886448150900052,0.281466451803886,31.9286001290708
8.68204365079365,0.769714083702062,0.886401053858725,0.281331826372871,31.9290645264374
8.68214285714286,0.769649657113093,0.886353949821694,0.281197265316079,31.9295288743103
8.68224206349206,0.769585237426773,0.886306838794425,0.281062768603668,31.9299931726992
8.68234126984127,0.769520824641724,0.886259720782383,0.280928336205808,31.930457421614
8.68244047619048,0.769456418756568,0.886212595791033,0.280793968092682,31.9309216210647
8.68253968253968,0.769392019769927,0.886165463825834,0.280659664234479,31.9313857710611
8.68263888888889,0.769327627680424,0.886118324892245,0.280525424601399,31.9318498716131
8.6827380952381,0.769263242486681,0.886071178995724,0.280391249163651,31.9323139227307
8.6828373015873,0.769198864187323,0.886024026141726,0.280257137891458,31.9327779244236
8.68293650793651,0.769134492780974,0.885976866335702,0.28012309075505,31.9332418767017
8.68303571428571,0.76907012826626,0.885929699583104,0.279989107724667,31.933705779575
8.68313492063492,0.769005770641807,0.88588252588938,0.279855188770561,31.9341696330533
8.68323412698413,0.76894141990624,0.885835345259978,0.279721333862993,31.9346334371464
8.68333333333333,0.768877076058186,0.885788157700341,0.279587542972233,31.9350971918643
8.68343253968254,0.768812739096273,0.885740963215912,0.279453816068564,31.9355608972168
8.68353174603175,0.76874840901913,0.885693761812131,0.279320153122277,31.9360245532137
8.68363095238095,0.768684085825384,0.885646553494437,0.279186554103673,31.9364881598649
8.68373015873016,0.768619769513665,0.885599338268267,0.279053018983064,31.9369517171803
8.68382936507937,0.768555460082602,0.885552116139053,0.27891954773077,31.9374152251697
8.68392857142857,0.768491157530827,0.885504887112229,0.278786140317127,31.937878683843
8.68402777777778,0.768426861856971,0.885457651193226,0.278652796712475,31.93834209321
8.68412698412699,0.768362573059664,0.885410408387469,0.278519516887166,31.9388054532805
8.68422619047619,0.768298291137539,0.885363158700387,0.278386300811562,31.9392687640645
8.6843253968254,0.768234016089228,0.885315902137403,0.278253148456037,31.9397320255716
8.6844246031746,0.768169747913366,0.885268638703938,0.278120059790971,31.9401952378119
8.68452380952381,0.768105486608586,0.885221368405413,0.277987034786759,31.940658400795
8.68462301587302,0.768041232173523,0.885174091247245,0.277854073413803,31.9411215145309
8.68472222222222,0.767976984606811,0.88512680723485,0.277721175642516,31.9415845790293
8.68482142857143,0.767912743907086,0.885079516373642,0.277588341443321,31.9420475943002
8.68492063492064,0.767848510072985,0.885032218669033,0.277455570786651,31.9425105603532
8.68501984126984,0.767784283103144,0.884984914126431,0.27732286364295,31.9429734771982
8.68511904761905,0.767720062996201,0.884937602751245,0.27719021998267,31.9434363448451
8.68521825396825,0.767655849750794,0.88489028454888,0.277057639776276,31.9438991633036
8.68531746031746,0.767591643365561,0.884842959524738,0.276925122994239,31.9443619325837
8.68541666666667,0.767527443839142,0.884795627684223,0.276792669607047,31.9448246526949
8.68551587301587,0.767463251170176,0.884748289032732,0.276660279585191,31.9452873236473
8.68561507936508,0.767399065357305,0.884700943575664,0.276527952899176,31.9457499454505
8.68571428571429,0.767334886399168,0.884653591318413,0.276395689519516,31.9462125181144
8.68581349206349,0.767270714294408,0.884606232266372,0.276263489416735,31.9466750416488
8.6859126984127,0.767206549041666,0.884558866424933,0.276131352561368,31.9471375160634
8.68601190476191,0.767142390639585,0.884511493799484,0.275999278923959,31.9475999413682
8.68611111111111,0.767078239086809,0.884464114395413,0.275867268475063,31.9480623175727
8.68621031746032,0.767014094381981,0.884416728218104,0.275735321185244,31.9485246446869
8.68630952380952,0.766949956523746,0.884369335272939,0.275603437025077,31.9489869227205
8.68640873015873,0.766885825510749,0.884321935565301,0.275471615965148,31.9494491516834
8.68650793650794,0.766821701341635,0.884274529100567,0.275339857976051,31.9499113315852
8.68660714285714,0.766757584015051,0.884227115884114,0.275208163028392,31.9503734624357
8.68670634920635,0.766693473529644,0.884179695921317,0.275076531092786,31.9508355442448
8.68680555555556,0.766629369884059,0.884132269217548,0.274944962139857,31.9512975770221
8.68690476190476,0.766565273076948,0.884084835778177,0.274813456140243,31.9517595607776
8.68700396825397,0.766501183106957,0.884037395608574,0.27468201306459,31.9522214955208
8.68710317460318,0.766437099972735,0.883989948714105,0.274550632883552,31.9526833812617
8.68720238095238,0.766373023672933,0.883942495100133,0.274419315567796,31.9531452180098
8.68730158730159,0.766308954206201,0.883895034772021,0.274288061087998,31.9536070057751
8.68740079365079,0.766244891571189,0.88384756773513,0.274156869414843,31.9540687445673
8.6875,0.766180835766549,0.883800093994817,0.27402574051903,31.954530434396
8.68759920634921,0.766116786790934,0.883752613556438,0.273894674371262,31.9549920752711
8.68769841269841,0.766052744642995,0.883705126425347,0.273763670942259,31.9554536672023
8.68779761904762,0.765988709321387,0.883657632606897,0.273632730202745,31.9559152101993
8.68789682539682,0.765924680824762,0.883610132106438,0.273501852123458,31.9563767042719
8.68799603174603,0.765860659151775,0.883562624929316,0.273371036675145,31.9568381494298
8.68809523809524,0.765796644301083,0.883515111080878,0.273240283828563,31.9572995456828
8.68819444444444,0.765732636271338,0.883467590566468,0.273109593554479,31.9577608930405
8.68829365079365,0.765668635061199,0.883420063391426,0.272978965823668,31.9582221915128
8.68839285714286,0.765604640669322,0.883372529561094,0.272848400606923,31.9586834411093
8.68849206349206,0.765540653094364,0.883324989080808,0.272717897875037,31.9591446418397
8.68859126984127,0.765476672334983,0.883277441955904,0.27258745759882,31.9596057937138
8.68869047619048,0.765412698389838,0.883229888191715,0.272457079749088,31.9600668967413
8.68878968253968,0.765348731257588,0.883182327793573,0.27232676429667,31.9605279509319
8.68888888888889,0.765284770936892,0.883134760766808,0.272196511212404,31.9609889562954
8.68898809523809,0.765220817426411,0.883087187116745,0.272066320467138,31.9614499128413
8.6890873015873,0.765156870724806,0.883039606848711,0.27193619203173,31.9619108205795
8.68918650793651,0.765092930830738,0.882992019968028,0.271806125877049,31.9623716795197
8.68928571428571,0.765028997742868,0.882944426480018,0.271676121973973,31.9628324896715
8.68938492063492,0.764965071459861,0.88289682639,0.27154618029339,31.9632932510446
8.68948412698413,0.764901151980378,0.882849219703291,0.2714163008062,31.9637539636487
8.68958333333333,0.764837239303085,0.882801606425206,0.271286483483312,31.9642146274936
8.68968253968254,0.764773333426644,0.882753986561056,0.271156728295644,31.9646752425889
8.68978174603175,0.76470943434972,0.882706360116154,0.271027035214124,31.9651358089443
8.68988095238095,0.764645542070981,0.882658727095808,0.270897404209694,31.9655963265695
8.68998015873016,0.764581656589091,0.882611087505325,0.270767835253303,31.9660567954742
8.69007936507936,0.764517777902718,0.882563441350009,0.27063832831591,31.966517215668
8.69017857142857,0.764453906010529,0.882515788635163,0.270508883368483,31.9669775871606
8.69027777777778,0.764390040911191,0.882468129366088,0.270379500382004,31.9674379099617
8.69037698412698,0.764326182603374,0.882420463548081,0.270250179327462,31.967898184081
8.69047619047619,0.764262331085745,0.88237279118644,0.270120920175856,31.9683584095282
8.6905753968254,0.764198486356976,0.882325112286458,0.269991722898198,31.9688185863128
8.6906746031746,0.764134648415735,0.882277426853429,0.269862587465507,31.9692787144446
8.69077380952381,0.764070817260694,0.882229734892641,0.269733513848813,31.9697387939333
8.69087301587301,0.764006992890525,0.882182036409384,0.269604502019157,31.9701988247884
8.69097222222222,0.763943175303898,0.882134331408943,0.26947555194759,31.9706588070196
8.69107142857143,0.763879364499488,0.882086619896603,0.269346663605173,31.9711187406367
8.69117063492063,0.763815560475966,0.882038901877645,0.269217836962975,31.9715786256491
8.69126984126984,0.763751763232006,0.881991177357348,0.269089071992077,31.9720384620667
8.69136904761905,0.763687972766285,0.881943446340993,0.268960368663573,31.972498249899
8.69146825396825,0.763624189077475,0.881895708833854,0.268831726948562,31.9729579891556
8.69156746031746,0.763560412164252,0.881847964841205,0.268703146818156,31.9734176798463
8.69166666666667,0.763496642025293,0.881800214368317,0.268574628243476,31.9738773219806
8.69176587301587,0.763432878659274,0.88175245742046,0.268446171195654,31.9743369155682
8.69186507936508,0.763369122064873,0.881704694002903,0.268317775645831,31.9747964606186
8.69196428571429,0.763305372240767,0.881656924120909,0.26818944156516,31.9752559571417
8.69206349206349,0.763241629185634,0.881609147779744,0.268061168924801,31.9757154051468
8.6921626984127,0.763177892898155,0.881561364984667,0.267932957695928,31.9761748046437
8.6922619047619,0.763114163377007,0.881513575740939,0.267804807849722,31.9766341556421
8.69236111111111,0.763050440620872,0.881465780053818,0.267676719357376,31.9770934581514
8.69246031746032,0.762986724628431,0.881417977928557,0.267548692190092,31.9775527121814
8.69255952380952,0.762923015398364,0.881370169370411,0.267420726319082,31.9780119177416
8.69265873015873,0.762859312929353,0.88132235438463,0.26729282171557,31.9784710748416
8.69275793650794,0.762795617220081,0.881274532976463,0.267164978350786,31.9789301834911
8.69285714285714,0.762731928269232,0.881226705151158,0.267037196195976,31.9793892436996
8.69295634920635,0.762668246075489,0.88117887091396,0.266909475222393,31.9798482554768
8.69305555555556,0.762604570637536,0.881131030270111,0.266781815401299,31.9803072188322
8.69315476190476,0.762540901954058,0.881083183224852,0.266654216703966,31.9807661337754
8.69325396825397,0.76247724002374,0.881035329783423,0.26652667910168,31.9812250003161
8.69335317460317,0.762413584845269,0.880987469951059,0.266399202565733,31.9816838184638
8.69345238095238,0.762349936417331,0.880939603732996,0.266271787067429,31.9821425882281
8.69355158730159,0.762286294738614,0.880891731134465,0.266144432578081,31.9826013096186
8.69365079365079,0.762222659807805,0.880843852160699,0.266017139069014,31.9830599826449
8.69375,0.762159031623592,0.880795966816924,0.265889906511561,31.9835186073165
8.69384920634921,0.762095410184665,0.880748075108368,0.265762734877067,31.983977183643
8.69394841269841,0.762031795489712,0.880700177040255,0.265635624136886,31.984435711634
8.69404761904762,0.761968187537425,0.880652272617807,0.265508574262382,31.9848941912991
8.69414682539682,0.761904586326494,0.880604361846245,0.26538158522493,31.9853526226478
8.69424603174603,0.761840991855609,0.880556444730786,0.265254656995912,31.9858110056897
8.69434523809524,0.761777404123465,0.880508521276647,0.265127789546727,31.9862693404344
8.69444444444444,0.761713823128751,0.880460591489043,0.265000982848778,31.9867276268914
8.69454365079365,0.761650248870163,0.880412655373184,0.264874236873479,31.9871858650702
8.69464285714286,0.761586681346393,0.880364712934281,0.264747551592257,31.9876440549804
8.69474206349206,0.761523120556135,0.880316764177543,0.264620926976545,31.9881021966317
8.69484126984127,0.761459566498084,0.880268809108174,0.26449436299779,31.9885602900334
8.69494047619048,0.761396019170937,0.880220847731379,0.264367859627447,31.9890183351952
8.69503968253968,0.761332478573388,0.880172880052359,0.264241416836981,31.9894763321266
8.69513888888889,0.761268944704135,0.880124906076314,0.264115034597869,31.9899342808371
8.69523809523809,0.761205417561874,0.880076925808442,0.263988712881595,31.9903921813364
8.6953373015873,0.761141897145303,0.880028939253938,0.263862451659656,31.9908500336338
8.69543650793651,0.761078383453121,0.879980946417995,0.263736250903559,31.991307837739
8.69553571428571,0.761014876484026,0.879932947305807,0.263610110584818,31.9917655936614
8.69563492063492,0.760951376236718,0.87988494192256,0.263484030674961,31.9922233014107
8.69573412698413,0.760887882709897,0.879836930273443,0.263358011145522,31.9926809609962
8.69583333333333,0.760824395902264,0.879788912363642,0.263232051968051,31.9931385724277
8.69593253968254,0.76076091581252,0.87974088819834,0.263106153114103,31.9935961357144
8.69603174603175,0.760697442439367,0.879692857782717,0.262980314555245,31.9940536508661
8.69613095238095,0.760633975781508,0.879644821121953,0.262854536263054,31.9945111178921
8.69623015873016,0.760570515837644,0.879596778221225,0.262728818209117,31.994968536802
8.69632936507936,0.760507062606481,0.879548729085707,0.26260316036503,31.9954259076053
8.69642857142857,0.760443616086722,0.879500673720574,0.262477562702402,31.9958832303115
8.69652777777778,0.760380176277071,0.879452612130995,0.26235202519285,31.9963405049301
8.69662698412698,0.760316743176235,0.87940454432214,0.262226547808,31.9967977314707
8.69672619047619,0.760253316782919,0.879356470299175,0.262101130519492,31.9972549099426
8.6968253968254,0.76018989709583,0.879308390067265,0.261975773298972,31.9977120403554
8.6969246031746,0.760126484113675,0.879260303631572,0.261850476118099,31.9981691227186
8.69702380952381,0.760063077835161,0.879212210997258,0.261725238948539,31.9986261570416
8.69712301587301,0.759999678258997,0.879164112169481,0.261600061761973,31.999083143334
8.69722222222222,0.759936285383891,0.879116007153396,0.261474944530086,31.9995400816053
8.69732142857143,0.759872899208554,0.87906789595416,0.261349887224579,31.9999969718648
8.69742063492064,0.759809519731695,0.879019778576924,0.26122488981716,32.0004538141222
8.69751984126984,0.759746146952024,0.878971655026838,0.261099952279548,32.0009106083868
8.69761904761905,0.759682780868254,0.878923525309051,0.26097507458347,32.0013673546681
8.69771825396825,0.759619421479096,0.878875389428709,0.260850256700667,32.0018240529756
8.69781746031746,0.759556068783262,0.878827247390955,0.260725498602886,32.0022807033188
8.69791666666667,0.759492722779465,0.878779099200933,0.260600800261887,32.0027373057071
8.69801587301587,0.759429383466419,0.878730944863782,0.26047616164944,32.00319386015
8.69811507936508,0.759366050842838,0.87868278438464,0.260351582737323,32.0036503666569
8.69821428571429,0.759302724907437,0.878634617768642,0.260227063497325,32.0041068252374
8.69831349206349,0.75923940565893,0.878586445020924,0.260102603901248,32.0045632359008
8.6984126984127,0.759176093096034,0.878538266146616,0.2599782039209,32.0050195986566
8.6985119047619,0.759112787217466,0.878490081150849,0.259853863528101,32.0054759135142
8.69861111111111,0.759049488021942,0.878441890038749,0.25972958269468,32.0059321804831
8.69871031746032,0.758986195508179,0.878393692815443,0.259605361392478,32.0063883995728
8.69880952380952,0.758922909674897,0.878345489486054,0.259481199593346,32.0068445707926
8.69890873015873,0.758859630520815,0.878297280055704,0.259357097269144,32.007300694152
8.69900793650794,0.758796358044651,0.878249064529512,0.259233054391742,32.0077567696604
8.69910714285714,0.758733092245125,0.878200842912596,0.259109070933021,32.0082127973273
8.69920634920635,0.758669833120959,0.878152615210071,0.258985146864871,32.0086687771621
8.69930555555556,0.758606580670873,0.87810438142705,0.258861282159193,32.0091247091742
8.69940476190476,0.758543334893589,0.878056141568644,0.258737476787898,32.009580593373
8.69950396825397,0.758480095787829,0.878007895639962,0.258613730722907,32.010036429768
8.69960317460317,0.758416863352316,0.877959643646113,0.258490043936152,32.0104922183686
8.69970238095238,0.758353637585775,0.8779113855922,0.258366416399573,32.0109479591841
8.69980158730159,0.758290418486928,0.877863121483326,0.258242848085121,32.011403652224
8.69990079365079,0.758227206054501,0.877814851324593,0.25811933896476,32.0118592974978
8.7,0.758164000287218,0.8777665751211,0.257995889010459,32.0123148950147
8.70009920634921,0.758100801183807,0.877718292877943,0.257872498194201,32.0127704447842
8.70019841269841,0.758037608742991,0.877670004600216,0.257749166487977,32.0132259468158
8.70029761904762,0.757974422963501,0.877621710293014,0.257625893863791,32.0136814011187
8.70039682539683,0.757911243844062,0.877573409961426,0.257502680293654,32.0141368077024
8.70049603174603,0.757848071383404,0.877525103610541,0.257379525749588,32.0145921665764
8.70059523809524,0.757784905580254,0.877476791245446,0.257256430203625,32.0150474777499
8.70069444444444,0.757721746433342,0.877428472871224,0.257133393627809,32.0155027412323
8.70079365079365,0.757658593941398,0.877380148492959,0.257010415994191,32.0159579570331
8.70089285714286,0.757595448103153,0.87733181811573,0.256887497274835,32.0164131251616
8.70099206349206,0.757532308917338,0.877283481744617,0.256764637441813,32.0168682456273
8.70109126984127,0.757469176382684,0.877235139384695,0.256641836467209,32.0173233184394
8.70119047619048,0.757406050497923,0.877186791041038,0.256519094323115,32.0177783436073
8.70128968253968,0.75734293126179,0.877138436718718,0.256396410981634,32.0182333211405
8.70138888888889,0.757279818673016,0.877090076422807,0.256273786414881,32.0186882510482
8.70148809523809,0.757216712730336,0.877041710158371,0.256151220594978,32.0191431333399
8.7015873015873,0.757153613432485,0.876993337930476,0.256028713494059,32.0195979680249
8.70168650793651,0.757090520778198,0.876944959744187,0.255906265084266,32.0200527551126
8.70178571428571,0.757027434766211,0.876896575604565,0.255783875337756,32.0205074946123
8.70188492063492,0.75696435539526,0.876848185516671,0.255661544226692,32.0209621865333
8.70198412698413,0.756901282664082,0.876799789485561,0.255539271723248,32.0214168308851
8.70208333333333,0.756838216571415,0.876751387516292,0.255417057799608,32.021871427677
8.70218253968254,0.756775157115996,0.876702979613917,0.255294902427965,32.0223259769182
8.70228174603175,0.756712104296566,0.876654565783487,0.255172805580526,32.0227804786183
8.70238095238095,0.756649058111862,0.876606146030052,0.255050767229503,32.0232349327864
8.70248015873016,0.756586018560625,0.876557720358661,0.254928787347123,32.023689339432
8.70257936507936,0.756522985641595,0.876509288774357,0.254806865905619,32.0241436985643
8.70267857142857,0.756459959353514,0.876460851282184,0.254685002877237,32.0245980101927
8.70277777777778,0.756396939695122,0.876412407887184,0.254563198234232,32.0250522743265
8.70287698412698,0.756333926665163,0.876363958594395,0.254441451948868,32.0255064909751
8.70297619047619,0.756270920262379,0.876315503408855,0.254319763993422,32.0259606601478
8.7030753968254,0.756207920485513,0.8762670423356,0.254198134340178,32.0264147818539
8.7031746031746,0.75614492733331,0.87621857537966,0.254076562961431,32.0268688561027
8.70327380952381,0.756081940804514,0.87617010254607,0.253955049829489,32.0273228829035
8.70337301587302,0.75601896089787,0.876121623839856,0.253833594916667,32.0277768622656
8.70347222222222,0.755955987612125,0.876073139266045,0.253712198195291,32.0282307941984
8.70357142857143,0.755893020946023,0.876024648829664,0.253590859637695,32.0286846787111
8.70367063492064,0.755830060898314,0.875976152535733,0.253469579216228,32.0291385158131
8.70376984126984,0.755767107467743,0.875927650389275,0.253348356903245,32.0295923055136
8.70386904761905,0.755704160653058,0.875879142395307,0.253227192671111,32.030046047822
8.70396825396825,0.75564122045301,0.875830628558846,0.253106086492205,32.0304997427476
8.70406746031746,0.755578286866346,0.875782108884907,0.252985038338912,32.0309533902995
8.70416666666667,0.755515359891818,0.875733583378501,0.25286404818363,32.0314069904872
8.70426587301587,0.755452439528174,0.875685052044641,0.252743115998764,32.03186054332
8.70436507936508,0.755389525774167,0.875636514888333,0.252622241756733,32.032314048807
8.70446428571429,0.755326618628547,0.875587971914585,0.252501425429963,32.0327675069576
8.70456349206349,0.755263718090067,0.875539423128399,0.252380666990891,32.0332209177811
8.7046626984127,0.75520082415748,0.875490868534779,0.252259966411964,32.0336742812867
8.70476190476191,0.755137936829539,0.875442308138725,0.252139323665642,32.0341275974837
8.70486111111111,0.755075056104999,0.875393741945234,0.25201873872439,32.0345808663814
8.70496031746032,0.755012181982613,0.875345169959304,0.251898211560687,32.035034087989
8.70505952380952,0.754949314461137,0.875296592185926,0.251777742147021,32.0354872623159
8.70515873015873,0.754886453539327,0.875248008630095,0.251657330455889,32.0359403893712
8.70525793650794,0.754823599215938,0.875199419296798,0.2515369764598,32.0363934691643
8.70535714285714,0.754760751489728,0.875150824191025,0.251416680131272,32.0368465017044
8.70545634920635,0.754697910359455,0.87510222331776,0.251296441442833,32.0372994870007
8.70555555555556,0.754635075823875,0.875053616681988,0.251176260367021,32.0377524250625
8.70565476190476,0.754572247881749,0.87500500428869,0.251056136876386,32.038205315899
8.70575396825397,0.754509426531834,0.874956386142846,0.250936070943486,32.0386581595196
8.70585317460317,0.754446611772892,0.874907762249432,0.250816062540889,32.0391109559334
8.70595238095238,0.754383803603682,0.874859132613425,0.250696111641175,32.0395637051496
8.70605158730159,0.754321002022965,0.874810497239798,0.250576218216932,32.0400164071776
8.70615079365079,0.754258207029502,0.874761856133521,0.250456382240759,32.0404690620265
8.70625,0.754195418622057,0.874713209299565,0.250336603685268,32.0409216697056
8.70634920634921,0.754132636799391,0.874664556742897,0.250216882523077,32.0413742302241
8.70644841269841,0.754069861560269,0.874615898468481,0.250097218726814,32.0418267435912
8.70654761904762,0.754007092903454,0.874567234481281,0.249977612269121,32.0422792098162
8.70664682539683,0.75394433082771,0.874518564786258,0.249858063122646,32.0427316289083
8.70674603174603,0.753881575331803,0.874469889388371,0.24973857126005,32.0431840008767
8.70684523809524,0.753818826414498,0.874421208292576,0.249619136654002,32.0436363257305
8.70694444444444,0.753756084074561,0.874372521503829,0.249499759277184,32.0440886034792
8.70704365079365,0.75369334831076,0.874323829027082,0.249380439102284,32.0445408341317
8.70714285714286,0.753630619121862,0.874275130867286,0.249261176102004,32.0449930176974
8.70724206349206,0.753567896506634,0.874226427029389,0.249141970249054,32.0454451541855
8.70734126984127,0.753505180463845,0.874177717518339,0.249022821516154,32.045897243605
8.70744047619048,0.753442470992266,0.87412900233908,0.248903729876036,32.0463492859654
8.70753968253968,0.753379768090664,0.874080281496554,0.248784695301441,32.0468012812757
8.70763888888889,0.75331707175781,0.874031554995701,0.248665717765116,32.0472532295451
8.7077380952381,0.753254381992477,0.873982822841461,0.248546797239829,32.0477051307829
8.7078373015873,0.753191698793435,0.873934085038769,0.248427933698346,32.0481569849982
8.70793650793651,0.753129022159455,0.87388534159256,0.248309127113451,32.0486087922002
8.70803571428571,0.753066352089312,0.873836592507766,0.248190377457935,32.049060552398
8.70813492063492,0.753003688581778,0.873787837789317,0.248071684704598,32.049512265601
8.70823412698413,0.752941031635627,0.873739077442141,0.247953048826254,32.0499639318182
8.70833333333333,0.752878381249634,0.873690311471165,0.247834469795724,32.0504155510588
8.70843253968254,0.752815737422573,0.873641539881311,0.247715947585839,32.050867123332
8.70853174603175,0.75275310015322,0.873592762677503,0.247597482169442,32.051318648647
8.70863095238095,0.752690469440351,0.87354397986466,0.247479073519385,32.0517701270128
8.70873015873016,0.752627845282744,0.873495191447699,0.247360721608531,32.0522215584388
8.70882936507936,0.752565227679175,0.873446397431538,0.247242426409752,32.0526729429341
8.70892857142857,0.752502616628423,0.873397597821088,0.24712418789593,32.0531242805077
8.70902777777778,0.752440012129265,0.873348792621262,0.247006006039959,32.0535755711689
8.70912698412699,0.752377414180481,0.873299981836969,0.246887880814739,32.0540268149268
8.70922619047619,0.752314822780852,0.873251165473118,0.246769812193187,32.0544780117906
8.7093253968254,0.752252237929157,0.873202343534613,0.246651800148223,32.0549291617694
8.7094246031746,0.752189659624176,0.873153516026357,0.246533844652783,32.0553802648724
8.70952380952381,0.752127087864693,0.873104682953253,0.246415945679807,32.0558313211086
8.70962301587302,0.752064522649488,0.8730558443202,0.246298103202251,32.0562823304873
8.70972222222222,0.752001963977344,0.873007000132094,0.246180317193078,32.0567332930176
8.70982142857143,0.751939411847045,0.872958150393831,0.246062587625261,32.0571842087086
8.70992063492064,0.751876866257374,0.872909295110304,0.245944914471784,32.0576350775694
8.71001984126984,0.751814327207115,0.872860434286404,0.245827297705641,32.0580858996092
8.71011904761905,0.751751794695055,0.872811567927021,0.245709737299837,32.0585366748371
8.71021825396825,0.751689268719977,0.87276269603704,0.245592233227384,32.0589874032621
8.71031746031746,0.751626749280669,0.872713818621347,0.245474785461308,32.0594380848936
8.71041666666667,0.751564236375918,0.872664935684824,0.245357393974644,32.0598887197404
8.71051587301587,0.751501730004509,0.872616047232354,0.245240058740434,32.0603393078119
8.71061507936508,0.751439230165232,0.872567153268812,0.245122779731734,32.060789849117
8.71071428571429,0.751376736856874,0.872518253799079,0.24500555692161,32.0612403436649
8.71081349206349,0.751314250078226,0.872469348828026,0.244888390283136,32.0616907914647
8.7109126984127,0.751251769828077,0.872420438360528,0.244771279789397,32.0621411925255
8.71101190476191,0.751189296105217,0.872371522401454,0.244654225413488,32.0625915468564
8.71111111111111,0.751126828908436,0.872322600955673,0.244537227128514,32.0630418544664
8.71121031746032,0.751064368236526,0.872273674028051,0.244420284907591,32.0634921153648
8.71130952380952,0.75100191408828,0.872224741623453,0.244303398723844,32.0639423295605
8.71140873015873,0.75093946646249,0.872175803746741,0.244186568550409,32.0643924970627
8.71150793650794,0.750877025357948,0.872126860402774,0.244069794360432,32.0648426178805
8.71160714285714,0.750814590773449,0.872077911596412,0.243953076127068,32.0652926920229
8.71170634920635,0.750752162707788,0.87202895733251,0.243836413823483,32.065742719499
8.71180555555556,0.750689741159758,0.871979997615922,0.243719807422855,32.0661927003179
8.71190476190476,0.750627326128156,0.871931032451501,0.243603256898368,32.0666426344888
8.71200396825397,0.750564917611778,0.871882061844096,0.243486762223219,32.0670925220205
8.71210317460318,0.750502515609419,0.871833085798553,0.243370323370613,32.0675423629223
8.71220238095238,0.750440120119879,0.871784104319722,0.24325394031377,32.0679921572031
8.71230158730159,0.750377731141954,0.871735117412444,0.243137613025916,32.0684419048721
8.71240079365079,0.750315348674444,0.871686125081561,0.243021341480286,32.0688916059383
8.7125,0.750252972716146,0.871637127331913,0.242905125650128,32.0693412604108
8.71259920634921,0.750190603265861,0.871588124168337,0.242788965508699,32.0697908682987
8.71269841269841,0.750128240322389,0.871539115595669,0.242672861029265,32.0702404296109
8.71279761904762,0.750065883884531,0.871490101618743,0.242556812185106,32.0706899443565
8.71289682539683,0.750003533951087,0.871441082242389,0.242440818949507,32.0711394125446
8.71299603174603,0.749941190520861,0.871392057471437,0.242324881295767,32.0715888341843
8.71309523809524,0.749878853592654,0.871343027310714,0.242208999197193,32.0720382092845
8.71319444444444,0.74981652316527,0.871293991765046,0.242093172627103,32.0724875378543
8.71329365079365,0.749754199237513,0.871244950839256,0.241977401558825,32.0729368199028
8.71339285714286,0.749691881808186,0.871195904538165,0.241861685965697,32.0733860554389
8.71349206349206,0.749629570876095,0.871146852866591,0.241746025821067,32.0738352444718
8.71359126984127,0.749567266440044,0.871097795829352,0.241630421098293,32.0742843870104
8.71369047619048,0.749504968498841,0.871048733431262,0.241514871770744,32.0747334830638
8.71378968253968,0.749442677051292,0.870999665677136,0.241399377811799,32.075182532641
8.71388888888889,0.749380392096204,0.870950592571783,0.241283939194847,32.075631535751
8.7139880952381,0.749318113632385,0.870901514120012,0.241168555893285,32.0760804924028
8.7140873015873,0.749255841658643,0.87085243032663,0.241053227880523,32.0765294026055
8.71418650793651,0.749193576173788,0.870803341196442,0.24093795512998,32.0769782663681
8.71428571428571,0.749131317176628,0.870754246734249,0.240822737615085,32.0774270836995
8.71438492063492,0.749069064665975,0.870705146944854,0.240707575309277,32.0778758546088
8.71448412698413,0.749006818640638,0.870656041833053,0.240592468186006,32.078324579105
8.71458333333333,0.748944579099429,0.870606931403644,0.240477416218732,32.078773257197
8.71468253968254,0.748882346041161,0.870557815661421,0.240362419380923,32.079221888894
8.71478174603175,0.748820119464645,0.870508694611176,0.24024747764606,32.0796704742048
8.71488095238095,0.748757899368695,0.870459568257699,0.240132590987632,32.0801190131385
8.71498015873016,0.748695685752123,0.870410436605779,0.24001775937914,32.0805675057041
8.71507936507937,0.748633478613745,0.870361299660201,0.239902982794092,32.0810159519105
8.71517857142857,0.748571277952376,0.870312157425751,0.239788261206011,32.0814643517668
8.71527777777778,0.748509083766831,0.870263009907209,0.239673594588427,32.0819127052818
8.71537698412699,0.748446896055926,0.870213857109356,0.23955898291488,32.0823610124647
8.71547619047619,0.748384714818477,0.87016469903697,0.23944442615892,32.0828092733244
8.7155753968254,0.748322540053302,0.870115535694826,0.239329924294108,32.0832574878698
8.7156746031746,0.748260371759219,0.870066367087698,0.239215477294015,32.0837056561099
8.71577380952381,0.748198209935045,0.870017193220359,0.239101085132222,32.0841537780537
8.71587301587302,0.7481360545796,0.869968014097577,0.238986747782321,32.0846018537102
8.71597222222222,0.748073905691703,0.86991882972412,0.238872465217911,32.0850498830883
8.71607142857143,0.748011763270175,0.869869640104754,0.238758237412605,32.085497866197
8.71617063492064,0.747949627313836,0.869820445244242,0.238644064340025,32.0859458030452
8.71626984126984,0.747887497821508,0.869771245147346,0.238529945973801,32.086393693642
8.71636904761905,0.747825374792011,0.869722039818825,0.238415882287575,32.0868415379961
8.71646825396825,0.74776325822417,0.869672829263436,0.238301873255,32.0872893361167
8.71656746031746,0.747701148116805,0.869623613485935,0.238187918849735,32.0877370880126
8.71666666666667,0.747639044468743,0.869574392491074,0.238074019045456,32.0881847936928
8.71676587301587,0.747576947278806,0.869525166283606,0.237960173815844,32.0886324531663
8.71686507936508,0.747514856545819,0.869475934868279,0.23784638313459,32.0890800664419
8.71696428571429,0.747452772268609,0.869426698249841,0.237732646975398,32.0895276335286
8.71706349206349,0.747390694446,0.869377456433035,0.23761896531198,32.0899751544353
8.7171626984127,0.74732862307682,0.869328209422605,0.237505338118057,32.090422629171
8.71726190476191,0.747266558159895,0.869278957223292,0.237391765367365,32.0908700577446
8.71736111111111,0.747204499694054,0.869229699839835,0.237278247033644,32.0913174401651
8.71746031746032,0.747142447678124,0.86918043727697,0.237164783090649,32.0917647764412
8.71755952380952,0.747080402110934,0.869131169539432,0.237051373512142,32.0922120665821
8.71765873015873,0.747018362991315,0.869081896631954,0.236938018271896,32.0926593105965
8.71775793650794,0.746956330318095,0.869032618559266,0.236824717343696,32.0931065084934
8.71785714285714,0.746894304090106,0.868983335326097,0.236711470701335,32.0935536602817
8.71795634920635,0.746832284306179,0.868934046937173,0.236598278318615,32.0940007659703
8.71805555555556,0.746770270965145,0.868884753397218,0.236485140169351,32.0944478255682
8.71815476190476,0.746708264065838,0.868835454710956,0.236372056227368,32.0948948390842
8.71825396825397,0.74664626360709,0.868786150883106,0.236259026466498,32.0953418065272
8.71835317460318,0.746584269587735,0.868736841918387,0.236146050860587,32.0957887279061
8.71845238095238,0.746522282006607,0.868687527821514,0.236033129383489,32.0962356032298
8.71855158730159,0.74646030086254,0.868638208597202,0.235920262009067,32.0966824325072
8.71865079365079,0.746398326154371,0.868588884250163,0.235807448711196,32.0971292157473
8.71875,0.746336357880934,0.868539554785106,0.235694689463762,32.0975759529588
8.71884920634921,0.746274396041067,0.868490220206741,0.235581984240657,32.0980226441507
8.71894841269841,0.746212440633606,0.868440880519772,0.235469333015789,32.0984692893318
8.71904761904762,0.74615049165739,0.868391535728903,0.235356735763071,32.0989158885111
8.71914682539682,0.746088549111256,0.868342185838837,0.235244192456429,32.0993624416973
8.71924603174603,0.746026612994043,0.868292830854272,0.235131703069797,32.0998089488994
8.71934523809524,0.745964683304591,0.868243470779907,0.235019267577122,32.1002554101263
8.71944444444444,0.74590276004174,0.868194105620438,0.234906885952358,32.1007018253868
8.71954365079365,0.74584084320433,0.868144735380556,0.234794558169471,32.1011481946898
8.71964285714286,0.745778932791203,0.868095360064955,0.234682284202437,32.1015945180441
8.71974206349206,0.7457170288012,0.868045979678324,0.234570064025243,32.1020407954586
8.71984126984127,0.745655131233165,0.867996594225349,0.234457897611884,32.1024870269422
8.71994047619048,0.745593240085939,0.867947203710717,0.234345784936365,32.1029332125036
8.72003968253968,0.745531355358366,0.86789780813911,0.234233725972703,32.1033793521519
8.72013888888889,0.745469477049291,0.867848407515211,0.234121720694925,32.1038254458957
8.72023809523809,0.745407605157557,0.867799001843696,0.234009769077067,32.104271493744
8.7203373015873,0.745345739682011,0.867749591129245,0.233897871093176,32.1047174957056
8.72043650793651,0.745283880621499,0.867700175376531,0.233786026717307,32.1051634517893
8.72053571428571,0.745222027974866,0.867650754590229,0.233674235923529,32.105609362004
8.72063492063492,0.74516018174096,0.867601328775008,0.233562498685917,32.1060552263585
8.72073412698413,0.745098341918628,0.867551897935538,0.23345081497856,32.1065010448616
8.72083333333333,0.745036508506719,0.867502462076485,0.233339184775553,32.1069468175222
8.72093253968254,0.744974681504081,0.867453021202514,0.233227608051005,32.1073925443491
8.72103174603175,0.744912860909564,0.867403575318287,0.233116084779031,32.1078382253511
8.72113095238095,0.744851046722018,0.867354124428467,0.233004614933763,32.1082838605371
8.72123015873016,0.744789238940293,0.86730466853771,0.232893198489335,32.1087294499158
8.72132936507936,0.744727437563241,0.867255207650674,0.232781835419896,32.1091749934961
8.72142857142857,0.744665642589714,0.867205741772012,0.232670525699605,32.1096204912868
8.72152777777778,0.744603854018562,0.867156270906378,0.232559269302627,32.1100659432966
8.72162698412698,0.744542071848641,0.867106795058422,0.232448066203143,32.1105113495345
8.72172619047619,0.744480296078802,0.867057314232791,0.23233691637534,32.1109567100092
8.7218253968254,0.744418526707901,0.867007828434132,0.232225819793417,32.1114020247295
8.7219246031746,0.744356763734791,0.86695833766709,0.232114776431582,32.1118472937041
8.72202380952381,0.744295007158328,0.866908841936306,0.232003786264054,32.112292516942
8.72212301587301,0.744233256977368,0.86685934124642,0.231892849265061,32.1127376944519
8.72222222222222,0.744171513190767,0.86680983560207,0.231781965408843,32.1131828262426
8.72232142857143,0.744109775797382,0.866760325007893,0.231671134669648,32.1136279123228
8.72242063492063,0.744048044796072,0.866710809468522,0.231560357021736,32.1140729527014
8.72251984126984,0.743986320185692,0.866661288988588,0.231449632439374,32.1145179473872
8.72261904761905,0.743924601965104,0.866611763572723,0.231338960896844,32.1149628963889
8.72271825396825,0.743862890133166,0.866562233225552,0.231228342368436,32.1154077997152
8.72281746031746,0.743801184688739,0.866512697951703,0.231117776828448,32.1158526573751
8.72291666666667,0.743739485630681,0.866463157755798,0.231007264251189,32.1162974693772
8.72301587301587,0.743677792957856,0.86641361264246,0.230896804610981,32.1167422357303
8.72311507936508,0.743616106669124,0.866364062616307,0.230786397882152,32.1171869564431
8.72321428571429,0.743554426763347,0.866314507681957,0.230676044039043,32.1176316315246
8.72331349206349,0.743492753239389,0.866264947844025,0.230565743056005,32.1180762609833
8.7234126984127,0.743431086096113,0.866215383107124,0.230455494907397,32.1185208448281
8.7235119047619,0.743369425332383,0.866165813475867,0.23034529956759,32.1189653830677
8.72361111111111,0.743307770947063,0.866116238954862,0.230235157010964,32.1194098757108
8.72371031746032,0.743246122939019,0.866066659548715,0.230125067211911,32.1198543227663
8.72380952380952,0.743184481307117,0.866017075262033,0.230015030144831,32.1202987242428
8.72390873015873,0.743122846050223,0.865967486099418,0.229905045784135,32.1207430801492
8.72400793650794,0.743061217167202,0.86591789206547,0.229795114104242,32.1211873904941
8.72410714285714,0.742999594656925,0.86586829316479,0.229685235079587,32.1216316552863
8.72420634920635,0.742937978518259,0.865818689401974,0.22957540868461,32.1220758745345
8.72430555555556,0.742876368750072,0.865769080781616,0.229465634893762,32.1225200482475
8.72440476190476,0.742814765351233,0.86571946730831,0.229355913681505,32.1229641764339
8.72450396825397,0.742753168320613,0.865669848986646,0.229246245022309,32.1234082591026
8.72460317460317,0.742691577657082,0.865620225821212,0.229136628890658,32.1238522962622
8.72470238095238,0.742629993359511,0.865570597816595,0.229027065261043,32.1242962879215
8.72480158730159,0.742568415426772,0.86552096497738,0.228917554107966,32.1247402340891
8.72490079365079,0.742506843857736,0.865471327308149,0.228808095405939,32.1251841347739
8.725,0.742445278651277,0.865421684813482,0.228698689129484,32.1256279899844
8.72509920634921,0.742383719806269,0.865372037497958,0.228589335253134,32.1260717997295
8.72519841269841,0.742322167321584,0.865322385366153,0.228480033751432,32.1265155640178
8.72529761904762,0.742260621196098,0.865272728422641,0.22837078459893,32.1269592828581
8.72539682539682,0.742199081428686,0.865223066671994,0.228261587770191,32.1274029562589
8.72549603174603,0.742137548018222,0.865173400118782,0.228152443239786,32.1278465842292
8.72559523809524,0.742076020963585,0.865123728767573,0.228043350982301,32.1282901667774
8.72569444444444,0.742014500263651,0.865074052622935,0.227934310972328,32.1287337039124
8.72579365079365,0.741952985917297,0.865024371689429,0.22782532318447,32.1291771956428
8.72589285714286,0.741891477923402,0.864974685971619,0.227716387593341,32.1296206419774
8.72599206349206,0.741829976280843,0.864924995474063,0.227607504173563,32.1300640429247
8.72609126984127,0.741768480988501,0.86487530020132,0.227498672899772,32.1305073984935
8.72619047619048,0.741706992045255,0.864825600157945,0.227389893746609,32.1309507086925
8.72628968253968,0.741645509449986,0.864775895348492,0.22728116668873,32.1313939735303
8.72638888888889,0.741584033201574,0.864726185777513,0.227172491700799,32.1318371930156
8.72648809523809,0.741522563298901,0.864676471449556,0.227063868757488,32.1322803671571
8.7265873015873,0.74146109974085,0.86462675236917,0.226955297833483,32.1327234959635
8.72668650793651,0.741399642526302,0.8645770285409,0.226846778903478,32.1331665794434
8.72678571428571,0.741338191654142,0.864527299969289,0.226738311942178,32.1336096176055
8.72688492063492,0.741276747123254,0.864477566658878,0.226629896924296,32.1340526104585
8.72698412698413,0.741215308932521,0.864427828614207,0.226521533824557,32.1344955580109
8.72708333333333,0.741153877080829,0.864378085839812,0.226413222617698,32.1349384602716
8.72718253968254,0.741092451567064,0.86432833834023,0.226304963278462,32.135381317249
8.72728174603175,0.741031032390112,0.864278586119992,0.226196755781605,32.135824128952
8.72738095238095,0.74096961954886,0.864228829183631,0.226088600101891,32.136266895389
8.72748015873016,0.740908213042196,0.864179067535674,0.225980496214097,32.1367096165688
8.72757936507936,0.740846812869006,0.864129301180649,0.225872444093008,32.1371522925
8.72767857142857,0.740785419028181,0.864079530123081,0.225764443713418,32.1375949231913
8.72777777777778,0.740724031518609,0.864029754367491,0.225656495050134,32.1380375086513
8.72787698412698,0.740662650339179,0.863979973918402,0.225548598077972,32.1384800488885
8.72797619047619,0.740601275488784,0.863930188780331,0.225440752771758,32.1389225439118
8.7280753968254,0.740539906966312,0.863880398957796,0.225332959106327,32.1393649937296
8.7281746031746,0.740478544770656,0.86383060445531,0.225225217056526,32.1398073983506
8.72827380952381,0.740417188900709,0.863780805277387,0.225117526597211,32.1402497577834
8.72837301587301,0.740355839355362,0.863731001428536,0.225009887703248,32.1406920720367
8.72847222222222,0.740294496133508,0.863681192913265,0.224902300349513,32.1411343411191
8.72857142857143,0.740233159234043,0.863631379736083,0.224794764510896,32.1415765650391
8.72867063492064,0.74017182865586,0.863581561901491,0.22468728016229,32.1420187438055
8.72876984126984,0.740110504397855,0.863531739413994,0.224579847278605,32.1424608774267
8.72886904761905,0.740049186458923,0.86348191227809,0.224472465834755,32.1429029659115
8.72896825396825,0.73998787483796,0.863432080498278,0.224365135805669,32.1433450092684
8.72906746031746,0.739926569533863,0.863382244079054,0.224257857166284,32.143787007506
8.72916666666667,0.739865270545531,0.863332403024912,0.224150629891548,32.1442289606329
8.72926587301587,0.739803977871859,0.863282557340344,0.224043453956417,32.1446708686577
8.72936507936508,0.739742691511748,0.863232707029839,0.223936329335859,32.145112731589
8.72946428571429,0.739681411464096,0.863182852097885,0.223829256004853,32.1455545494355
8.72956349206349,0.739620137727803,0.863132992548969,0.223722233938385,32.1459963222056
8.7296626984127,0.739558870301769,0.863083128387573,0.223615263111455,32.146438049908
8.7297619047619,0.739497609184895,0.863033259618179,0.223508343499069,32.1468797325512
8.72986111111111,0.739436354376084,0.862983386245267,0.223401475076248,32.1473213701439
8.72996031746032,0.739375105874235,0.862933508273314,0.223294657818016,32.1477629626945
8.73005952380952,0.739313863678254,0.862883625706797,0.223187891699416,32.1482045102118
8.73015873015873,0.739252627787043,0.862833738550187,0.223081176695495,32.1486460127042
8.73025793650794,0.739191398199505,0.862783846807957,0.222974512781311,32.1490874701803
8.73035714285714,0.739130174914545,0.862733950484576,0.222867899931934,32.1495288826487
8.73045634920635,0.739068957931069,0.862684049584511,0.222761338122442,32.149970250118
8.73055555555556,0.739007747247981,0.862634144112227,0.222654827327925,32.1504115725967
8.73065476190476,0.738946542864188,0.862584234072187,0.222548367523482,32.1508528500933
8.73075396825397,0.738885344778597,0.862534319468852,0.222441958684221,32.1512940826165
8.73085317460317,0.738824152990115,0.862484400306681,0.222335600785263,32.1517352701747
8.73095238095238,0.738762967497649,0.862434476590131,0.222229293801737,32.1521764127766
8.73105158730159,0.738701788300109,0.862384548323657,0.222123037708783,32.1526175104306
8.73115079365079,0.738640615396404,0.862334615511712,0.22201683248155,32.1530585631454
8.73125,0.738579448785443,0.862284678158747,0.221910678095199,32.1534995709294
8.73134920634921,0.738518288466137,0.86223473626921,0.221804574524899,32.1539405337912
8.73144841269841,0.738457134437395,0.862184789847546,0.22169852174583,32.1543814517393
8.73154761904762,0.738395986698131,0.862134838898203,0.221592519733185,32.1548223247823
8.73164682539683,0.738334845247256,0.862084883425622,0.221486568462161,32.1552631529287
8.73174603174603,0.738273710083683,0.862034923434242,0.221380667907971,32.155703936187
8.73184523809524,0.738212581206324,0.861984958928504,0.221274818045835,32.1561446745658
8.73194444444444,0.738151458614095,0.861934989912843,0.221169018850983,32.1565853680735
8.73204365079365,0.738090342305908,0.861885016391693,0.221063270298657,32.1570260167187
8.73214285714286,0.738029232280679,0.861835038369486,0.220957572364107,32.15746662051
8.73224206349206,0.737968128537323,0.861785055850654,0.220851925022595,32.1579071794557
8.73234126984127,0.737907031074757,0.861735068839623,0.220746328249392,32.1583476935644
8.73244047619048,0.737845939891898,0.86168507734082,0.220640782019779,32.1587881628447
8.73253968253968,0.737784854987662,0.861635081358669,0.220535286309048,32.1592285873051
8.73263888888889,0.737723776360968,0.861585080897591,0.2204298410925,32.1596689669539
8.73273809523809,0.737662704010734,0.861535075962007,0.220324446345448,32.1601093017999
8.7328373015873,0.737601637935879,0.861485066556335,0.220219102043213,32.1605495918513
8.73293650793651,0.737540578135321,0.86143505268499,0.220113808161126,32.1609898371168
8.73303571428571,0.737479524607984,0.861385034352386,0.220008564674531,32.1614300376048
8.73313492063492,0.737418477352787,0.861335011562934,0.21990337155878,32.1618701933239
8.73323412698413,0.737357436368651,0.861284984321045,0.219798228789235,32.1623103042824
8.73333333333333,0.737296401654498,0.861234952631126,0.219693136341268,32.162750370489
8.73343253968254,0.737235373209251,0.861184916497582,0.219588094190263,32.163190391952
8.73353174603175,0.737174351031833,0.861134875924816,0.219483102311611,32.1636303686799
8.73363095238095,0.737113335121168,0.861084830917231,0.219378160680716,32.1640703006813
8.73373015873016,0.73705232547618,0.861034781479224,0.21927326927299,32.1645101879645
8.73382936507936,0.736991322095794,0.860984727615195,0.219168428063857,32.1649500305381
8.73392857142857,0.736930324978935,0.860934669329537,0.21906363702875,32.1653898284106
8.73402777777778,0.73686933412453,0.860884606626643,0.218958896143113,32.1658295815903
8.73412698412698,0.736808349531505,0.860834539510906,0.218854205382398,32.1662692900858
8.73422619047619,0.736747371198788,0.860784467986714,0.21874956472207,32.1667089539055
8.7343253968254,0.736686399125307,0.860734392058454,0.218644974137602,32.1671485730579
8.7344246031746,0.736625433309988,0.860684311730509,0.218540433604476,32.1675881475514
8.73452380952381,0.736564473751763,0.860634227007265,0.218435943098189,32.1680276773945
8.73462301587302,0.736503520449561,0.860584137893102,0.218331502594245,32.1684671625956
8.73472222222222,0.736442573402311,0.860534044392398,0.218227112068156,32.1689066031632
8.73482142857143,0.736381632608945,0.860483946509529,0.218122771495449,32.1693459991056
8.73492063492064,0.736320698068393,0.860433844248871,0.218018480851655,32.1697853504315
8.73501984126984,0.736259769779589,0.860383737614796,0.217914240112322,32.1702246571491
8.73511904761905,0.736198847741463,0.860333626611674,0.217810049253003,32.1706639192669
8.73521825396825,0.73613793195295,0.860283511243875,0.217705908249262,32.1711031367934
8.73531746031746,0.736077022412983,0.860233391515763,0.217601817076676,32.171542309737
8.73541666666667,0.736016119120497,0.860183267431704,0.217497775710828,32.1719814381061
8.73551587301587,0.735955222074426,0.86013313899606,0.217393784127315,32.1724205219091
8.73561507936508,0.735894331273705,0.860083006213192,0.217289842301741,32.1728595611544
8.73571428571429,0.735833446717272,0.860032869087456,0.217185950209722,32.1732985558506
8.73581349206349,0.735772568404061,0.85998272762321,0.217082107826883,32.1737375060059
8.7359126984127,0.735711696333011,0.859932581824806,0.216978315128858,32.1741764116288
8.73601190476191,0.73565083050306,0.859882431696599,0.216874572091297,32.1746152727277
8.73611111111111,0.735589970913146,0.859832277242937,0.216770878689854,32.175054089311
8.73621031746032,0.735529117562208,0.859782118468168,0.216667234900194,32.1754928613871
8.73630952380952,0.735468270449185,0.859731955376638,0.216563640697995,32.1759315889645
8.73640873015873,0.735407429573017,0.85968178797269,0.216460096058941,32.1763702720515
8.73650793650794,0.735346594932646,0.859631616260668,0.21635660095873,32.1768089106565
8.73660714285714,0.735285766527012,0.859581440244909,0.216253155373068,32.1772475047878
8.73670634920635,0.735224944355058,0.859531259929751,0.216149759277671,32.177686054454
8.73680555555556,0.735164128415726,0.859481075319531,0.216046412648267,32.1781245596634
8.73690476190476,0.735103318707959,0.859430886418581,0.215943115460593,32.1785630204243
8.73700396825397,0.735042515230701,0.859380693231234,0.215839867690394,32.1790014367452
8.73710317460317,0.734981717982895,0.859330495761817,0.215736669313429,32.1794398086344
8.73720238095238,0.734920926963488,0.85928029401466,0.215633520305464,32.1798781361003
8.73730158730159,0.734860142171423,0.859230087994086,0.215530420642278,32.1803164191513
8.73740079365079,0.734799363605647,0.859179877704418,0.215427370299656,32.1807546577958
8.7375,0.734738591265108,0.859129663149979,0.215324369253398,32.181192852042
8.73759920634921,0.734677825148751,0.859079444335088,0.21522141747931,32.1816310018985
8.73769841269841,0.734617065255525,0.85902922126406,0.215118514953212,32.1820691073735
8.73779761904762,0.734556311584379,0.858978993941212,0.21501566165093,32.1825071684754
8.73789682539683,0.73449556413426,0.858928762370856,0.214912857548303,32.1829451852125
8.73799603174603,0.734434822904119,0.858878526557303,0.214810102621178,32.1833831575933
8.73809523809524,0.734374087892905,0.858828286504861,0.214707396845415,32.1838210856261
8.73819444444444,0.73431335909957,0.858778042217837,0.214604740196882,32.1842589693192
8.73829365079365,0.734252636523064,0.858727793700537,0.214502132651457,32.1846968086809
8.73839285714286,0.73419192016234,0.858677540957262,0.214399574185028,32.1851346037197
8.73849206349206,0.734131210016349,0.858627283992313,0.214297064773496,32.1855723544438
8.73859126984127,0.734070506084046,0.858577022809989,0.214194604392768,32.1860100608616
8.73869047619048,0.734009808364382,0.858526757414586,0.214092193018764,32.1864477229814
8.73878968253968,0.733949116856314,0.858476487810398,0.213989830627413,32.1868853408115
8.73888888888889,0.733888431558794,0.858426214001717,0.213887517194653,32.1873229143604
8.7389880952381,0.73382775247078,0.858375935992835,0.213785252696436,32.1877604436363
8.7390873015873,0.733767079591227,0.858325653788039,0.21368303710872,32.1881979286475
8.73918650793651,0.733706412919091,0.858275367391616,0.213580870407475,32.1886353694024
8.73928571428571,0.733645752453329,0.858225076807848,0.213478752568681,32.1890727659093
8.73938492063492,0.7335850981929,0.858174782041019,0.213376683568328,32.1895101181764
8.73948412698413,0.733524450136761,0.858124483095409,0.213274663382415,32.1899474262122
8.73958333333333,0.733463808283872,0.858074179975294,0.213172691986952,32.1903846900249
8.73968253968254,0.733403172633191,0.858023872684952,0.213070769357961,32.1908219096228
8.73978174603175,0.733342543183679,0.857973561228656,0.212968895471472,32.1912590850143
8.73988095238095,0.733281919934297,0.857923245610677,0.212867070303524,32.1916962162076
8.73998015873016,0.733221302884006,0.857872925835286,0.212765293830169,32.192133303211
8.74007936507936,0.733160692031767,0.857822601906749,0.212663566027467,32.1925703460329
8.74017857142857,0.733100087376543,0.857772273829333,0.21256188687149,32.1930073446814
8.74027777777778,0.733039488917297,0.857721941607301,0.212460256338318,32.1934442991651
8.74037698412699,0.732978896652991,0.857671605244914,0.212358674404041,32.193881209492
8.74047619047619,0.732918310582592,0.857621264746432,0.212257141044763,32.1943180756705
8.7405753968254,0.732857730705064,0.857570920116112,0.212155656236594,32.1947548977089
8.7406746031746,0.732797157019371,0.85752057135821,0.212054219955656,32.1951916756154
8.74077380952381,0.73273658952448,0.857470218476978,0.21195283217808,32.1956284093984
8.74087301587302,0.732676028219357,0.857419861476669,0.211851492880007,32.1960650990661
8.74097222222222,0.732615473102969,0.85736950036153,0.211750202037591,32.1965017446268
8.74107142857143,0.732554924174284,0.857319135135809,0.211648959626992,32.1969383460887
8.74117063492064,0.73249438143227,0.857268765803751,0.211547765624383,32.1973749034602
8.74126984126984,0.732433844875896,0.857218392369599,0.211446620005946,32.1978114167494
8.74136904761905,0.732373314504131,0.857168014837593,0.211345522747873,32.1982478859647
8.74146825396825,0.732312790315946,0.857117633211973,0.211244473826367,32.1986843111143
8.74156746031746,0.732252272310311,0.857067247496976,0.211143473217641,32.1991206922065
8.74166666666667,0.732191760486196,0.857016857696835,0.211042520897916,32.1995570292495
8.74176587301587,0.732131254842575,0.856966463815784,0.210941616843427,32.1999933222515
8.74186507936508,0.732070755378418,0.856916065858053,0.210840761030414,32.2004295712208
8.74196428571429,0.7320102620927,0.856865663827871,0.210739953435134,32.2008657761657
8.74206349206349,0.731949774984394,0.856815257729464,0.210639194033848,32.2013019370944
8.7421626984127,0.731889294052474,0.856764847567057,0.210538482802829,32.2017380540152
8.74226190476191,0.731828819295914,0.856714433344871,0.210437819718361,32.2021741269362
8.74236111111111,0.73176835071369,0.856664015067128,0.210337204756738,32.2026101558657
8.74246031746032,0.731707888304778,0.856613592738046,0.210236637894263,32.203046140812
8.74255952380952,0.731647432068154,0.85656316636184,0.210136119107249,32.2034820817833
8.74265873015873,0.731586982002794,0.856512735942725,0.210035648372022,32.2039179787877
8.74275793650794,0.731526538107678,0.856462301484913,0.209935225664915,32.2043538318336
8.74285714285714,0.731466100381783,0.856411862992614,0.209834850962272,32.2047896409291
8.74295634920635,0.731405668824087,0.856361420470035,0.209734524240447,32.2052254060824
8.74305555555556,0.73134524343357,0.856310973921383,0.209634245475805,32.2056611273018
8.74315476190476,0.731284824209213,0.856260523350862,0.20953401464472,32.2060968045955
8.74325396825397,0.731224411149995,0.856210068762673,0.209433831723578,32.2065324379717
8.74335317460318,0.731164004254897,0.856159610161016,0.20933369668877,32.2069680274386
8.74345238095238,0.731103603522902,0.856109147550089,0.209233609516706,32.2074035730044
8.74355158730159,0.731043208952992,0.856058680934087,0.209133570183799,32.2078390746773
8.74365079365079,0.73098282054415,0.856008210317204,0.209033578666473,32.2082745324656
8.74375,0.730922438295358,0.855957735703631,0.208933634941165,32.2087099463773
8.74384920634921,0.730862062205602,0.855907257097559,0.208833738984319,32.2091453164207
8.74394841269841,0.730801692273866,0.855856774503173,0.20873389077239,32.2095806426039
8.74404761904762,0.730741328499135,0.85580628792466,0.208634090281846,32.2100159249353
8.74414682539683,0.730680970880395,0.855755797366202,0.208534337489161,32.2104511634229
8.74424603174603,0.730620619416632,0.855705302831982,0.208434632370821,32.2108863580749
8.74434523809524,0.730560274106833,0.855654804326177,0.208334974903322,32.2113215088996
8.74444444444444,0.730499934949986,0.855604301852966,0.20823536506317,32.211756615905
8.74454365079365,0.73043960194508,0.855553795416523,0.208135802826882,32.2121916790994
8.74464285714286,0.730379275091101,0.855503285021021,0.208036288170984,32.212626698491
8.74474206349206,0.730318954387041,0.855452770670631,0.207936821072013,32.2130616740878
8.74484126984127,0.730258639831889,0.855402252369521,0.207837401506513,32.2134966058981
8.74494047619048,0.730198331424635,0.85535173012186,0.207738029451044,32.2139314939301
8.74503968253968,0.730138029164271,0.855301203931811,0.207638704882171,32.2143663381918
8.74513888888889,0.730077733049788,0.855250673803537,0.207539427776472,32.2148011386915
8.7452380952381,0.730017443080179,0.855200139741199,0.207440198110534,32.2152358954373
8.7453373015873,0.729957159254436,0.855149601748956,0.207341015860954,32.2156706084374
8.74543650793651,0.729896881571553,0.855099059830963,0.207241881004338,32.2161052776998
8.74553571428571,0.729836610030523,0.855048513991376,0.207142793517305,32.2165399032328
8.74563492063492,0.729776344630342,0.854997964234346,0.207043753376483,32.2169744850445
8.74573412698413,0.729716085370005,0.854947410564024,0.206944760558508,32.2174090231431
8.74583333333333,0.729655832248506,0.854896852984559,0.206845815040029,32.2178435175366
8.74593253968254,0.729595585264844,0.854846291500096,0.206746916797703,32.2182779682332
8.74603174603175,0.729535344418014,0.85479572611478,0.206648065808199,32.2187123752411
8.74613095238095,0.729475109707014,0.854745156832753,0.206549262048195,32.2191467385683
8.74623015873016,0.729414881130843,0.854694583658154,0.206450505494378,32.219581058223
8.74632936507937,0.729354658688497,0.854644006595122,0.206351796123448,32.2200153342134
8.74642857142857,0.729294442378979,0.854593425647794,0.206253133912113,32.2204495665475
8.74652777777778,0.729234232201287,0.854542840820301,0.206154518837092,32.2208837552334
8.74662698412699,0.729174028154421,0.854492252116778,0.206055950875114,32.2213179002794
8.74672619047619,0.729113830237383,0.854441659541352,0.205957430002917,32.2217520016934
8.7468253968254,0.729053638449174,0.854391063098153,0.205858956197251,32.2221860594836
8.7469246031746,0.728993452788797,0.854340462791305,0.205760529434874,32.2226200736582
8.74702380952381,0.728933273255254,0.854289858624933,0.205662149692557,32.2230540442251
8.74712301587302,0.728873099847548,0.854239250603157,0.205563816947077,32.2234879711926
8.74722222222222,0.728812932564684,0.854188638730097,0.205465531175226,32.2239218545687
8.74732142857143,0.728752771405666,0.854138023009871,0.205367292353801,32.2243556943615
8.74742063492064,0.728692616369499,0.854087403446594,0.205269100459614,32.2247894905791
8.74751984126984,0.72863246745519,0.854036780044379,0.205170955469484,32.2252232432296
8.74761904761905,0.728572324661743,0.853986152807337,0.205072857360241,32.2256569523212
8.74771825396825,0.728512187988167,0.853935521739579,0.204974806108726,32.2260906178617
8.74781746031746,0.728452057433468,0.853884886845209,0.204876801691786,32.2265242398595
8.74791666666667,0.728391932996655,0.853834248128336,0.204778844086285,32.2269578183225
8.74801587301587,0.728331814676736,0.85378360559306,0.204680933269093,32.2273913532588
8.74811507936508,0.728271702472722,0.853732959243482,0.20458306921709,32.2278248446765
8.74821428571429,0.72821159638362,0.853682309083703,0.204485251907166,32.2282582925836
8.74831349206349,0.728151496408443,0.853631655117818,0.204387481316223,32.2286916969883
8.7484126984127,0.7280914025462,0.853580997349923,0.204289757421172,32.2291250578986
8.74851190476191,0.728031314795903,0.85353033578411,0.204192080198933,32.2295583753226
8.74861111111111,0.727971233156566,0.85347967042447,0.204094449626437,32.2299916492682
8.74871031746032,0.727911157627199,0.853429001275091,0.203996865680627,32.2304248797437
8.74880952380952,0.727851088206817,0.85337832834006,0.203899328338453,32.230858066757
8.74890873015873,0.727791024894434,0.853327651623461,0.203801837576878,32.2312912103162
8.74900793650794,0.727730967689064,0.853276971129378,0.203704393372872,32.2317243104293
8.74910714285714,0.727670916589722,0.853226286861889,0.203606995703419,32.2321573671045
8.74920634920635,0.727610871595424,0.853175598825074,0.203509644545508,32.2325903803496
8.74930555555556,0.727550832705185,0.853124907023009,0.203412339876142,32.2330233501729
8.74940476190476,0.727490799918024,0.853074211459768,0.203315081672336,32.2334562765822
8.74950396825397,0.727430773232957,0.853023512139423,0.203217869911109,32.2338891595858
8.74960317460318,0.727370752649003,0.852972809066045,0.203120704569496,32.2343219991915
8.74970238095238,0.72731073816518,0.852922102243701,0.203023585624537,32.2347547954074
8.74980158730159,0.727250729780507,0.852871391676457,0.202926513053286,32.2351875482415
8.74990079365079,0.727190727494004,0.852820677368378,0.202829486832806,32.235620257702
8.75,0.727130731304691,0.852769959323525,0.20273250694017,32.2360529237967
8.75009920634921,0.727070741211589,0.852719237545957,0.20263557335246,32.2364855465338
8.75019841269841,0.727010757213721,0.852668512039734,0.20253868604677,32.2369181259212
8.75029761904762,0.726950779310107,0.852617782808909,0.202441845000203,32.2373506619669
8.75039682539682,0.726890807499771,0.852567049857538,0.202345050189873,32.237783154679
8.75049603174603,0.726830841781736,0.852516313189671,0.202248301592902,32.2382156040654
8.75059523809524,0.726770882155025,0.852465572809359,0.202151599186425,32.2386480101343
8.75069444444444,0.726710928618664,0.852414828720647,0.202054942947586,32.2390803728935
8.75079365079365,0.726650981171676,0.852364080927582,0.201958332853536,32.2395126923511
8.75089285714286,0.726591039813089,0.852313329434209,0.201861768881444,32.2399449685151
8.75099206349206,0.726531104541928,0.852262574244566,0.201765251008481,32.2403772013934
8.75109126984127,0.72647117535722,0.852211815362695,0.201668779211831,32.2408093909941
8.75119047619048,0.726411252257993,0.852161052792631,0.20157235346869,32.2412415373252
8.75128968253968,0.726351335243274,0.852110286538411,0.201475973756261,32.2416736403946
8.75138888888889,0.726291424312091,0.852059516604066,0.201379640051759,32.2421057002104
8.75148809523809,0.726231519463475,0.852008742993629,0.201283352332409,32.2425377167804
8.7515873015873,0.726171620696454,0.851957965711128,0.201187110575447,32.2429696901127
8.75168650793651,0.726111728010059,0.85190718476059,0.201090914758116,32.2434016202154
8.75178571428571,0.726051841403322,0.85185640014604,0.200994764857672,32.2438335070962
8.75188492063492,0.725991960875272,0.8518056118715,0.20089866085138,32.2442653507632
8.75198412698413,0.725932086424944,0.851754819940991,0.200802602716516,32.2446971512245
8.75208333333333,0.725872218051368,0.851704024358533,0.200706590430364,32.2451289084879
8.75218253968254,0.725812355753579,0.851653225128141,0.200610623970221,32.2455606225613
8.75228174603175,0.725752499530609,0.851602422253829,0.200514703313391,32.2459922934529
8.75238095238095,0.725692649381494,0.851551615739612,0.200418828437193,32.2464239211705
8.75248015873016,0.72563280530527,0.851500805589498,0.20032299931895,32.246855505722
8.75257936507936,0.72557296730097,0.851449991807497,0.200227215936,32.2472870471155
8.75267857142857,0.725513135367632,0.851399174397615,0.200131478265688,32.2477185453588
8.75277777777778,0.725453309504292,0.851348353363856,0.200035786285371,32.24815000046
8.75287698412698,0.725393489709987,0.851297528710221,0.199940139972415,32.2485814124269
8.75297619047619,0.725333675983756,0.851246700440712,0.199844539304197,32.2490127812676
8.7530753968254,0.725273868324637,0.851195868559326,0.199748984258103,32.2494441069899
8.7531746031746,0.725214066731668,0.85114503307006,0.19965347481153,32.2498753896017
8.75327380952381,0.725154271203891,0.851094193976906,0.199558010941886,32.2503066291111
8.75337301587301,0.725094481740344,0.851043351283858,0.199462592626586,32.250737825526
8.75347222222222,0.725034698340069,0.850992504994905,0.199367219843059,32.2511689788542
8.75357142857143,0.724974921002107,0.850941655114035,0.199271892568742,32.2516000891036
8.75367063492063,0.724915149725501,0.850890801645234,0.199176610781081,32.2520311562824
8.75376984126984,0.724855384509292,0.850839944592484,0.199081374457534,32.2524621803982
8.75386904761905,0.724795625352525,0.850789083959768,0.198986183575571,32.2528931614591
8.75396825396825,0.724735872254242,0.850738219751066,0.198891038112667,32.2533240994729
8.75406746031746,0.724676125213489,0.850687351970355,0.198795938046312,32.2537549944477
8.75416666666667,0.72461638422931,0.85063648062161,0.198700883354002,32.2541858463912
8.75426587301587,0.72455664930075,0.850585605708805,0.198605874013247,32.2546166553114
8.75436507936508,0.724496920426856,0.850534727235912,0.198510910001563,32.2550474212161
8.75446428571429,0.724437197606675,0.850483845206898,0.198415991296481,32.2554781441134
8.75456349206349,0.724377480839254,0.850432959625732,0.198321117875538,32.2559088240111
8.7546626984127,0.724317770123641,0.850382070496379,0.198226289716283,32.256339460917
8.7547619047619,0.724258065458883,0.850331177822801,0.198131506796275,32.2567700548391
8.75486111111111,0.724198366844031,0.850280281608961,0.198036769093082,32.2572006057853
8.75496031746032,0.724138674278134,0.850229381858816,0.197942076584284,32.2576311137634
8.75505952380952,0.724078987760242,0.850178478576325,0.197847429247469,32.2580615787813
8.75515873015873,0.724019307289405,0.850127571765441,0.197752827060237,32.2584920008469
8.75525793650794,0.723959632864675,0.850076661430116,0.197658270000196,32.2589223799682
8.75535714285714,0.723899964485106,0.850025747574304,0.197563758044969,32.2593527161529
8.75545634920635,0.723840302149748,0.849974830201951,0.197469291172182,32.2597830094089
8.75555555555556,0.723780645857655,0.849923909317005,0.197374869359477,32.2602132597441
8.75565476190476,0.72372099560788,0.84987298492341,0.197280492584503,32.2606434671664
8.75575396825397,0.723661351399479,0.849822057025109,0.197186160824919,32.2610736316836
8.75585317460317,0.723601713231506,0.849771125626042,0.197091874058397,32.2615037533036
8.75595238095238,0.723542081103016,0.849720190730148,0.196997632262616,32.2619338320343
8.75605158730159,0.723482455013065,0.849669252341362,0.196903435415266,32.2623638678834
8.75615079365079,0.723422834960711,0.84961831046362,0.196809283494048,32.262793860859
8.75625,0.72336322094501,0.849567365100853,0.196715176476673,32.2632238109687
8.75634920634921,0.723303612965021,0.849516416256992,0.196621114340862,32.2636537182205
8.75644841269841,0.723244011019801,0.849465463935964,0.196527097064344,32.2640835826222
8.75654761904762,0.723184415108409,0.849414508141697,0.196433124624861,32.2645134041816
8.75664682539682,0.723124825229906,0.849363548878113,0.196339197000165,32.2649431829067
8.75674603174603,0.72306524138335,0.849312586149134,0.196245314168014,32.2653729188051
8.75684523809524,0.723005663567805,0.849261619958681,0.196151476106183,32.2658026118848
8.75694444444444,0.72294609178233,0.849210650310672,0.196057682792453,32.2662322621536
8.75704365079365,0.722886526025987,0.849159677209023,0.195963934204614,32.2666618696193
8.75714285714286,0.72282696629784,0.849108700657646,0.195870230320468,32.2670914342897
8.75724206349206,0.72276741259695,0.849057720660453,0.195776571117827,32.2675209561727
8.75734126984127,0.722707864922383,0.849006737221355,0.195682956574513,32.2679504352761
8.75744047619048,0.722648323273201,0.848955750344259,0.195589386668358,32.2683798716077
8.75753968253968,0.72258878764847,0.84890476003307,0.195495861377205,32.2688092651752
8.75763888888889,0.722529258047256,0.848853766291692,0.195402380678904,32.2692386159867
8.75773809523809,0.722469734468624,0.848802769124026,0.19530894455132,32.2696679240497
8.7578373015873,0.72241021691164,0.848751768533971,0.195215552972324,32.2700971893722
8.75793650793651,0.722350705375373,0.848700764525425,0.195122205919799,32.2705264119619
8.75803571428571,0.72229119985889,0.848649757102283,0.195028903371637,32.2709555918267
8.75813492063492,0.72223170036126,0.848598746268438,0.194935645305743,32.2713847289743
8.75823412698413,0.722172206881549,0.84854773202778,0.194842431700026,32.2718138234126
8.75833333333333,0.722112719418831,0.8484967143842,0.194749262532414,32.2722428751492
8.75843253968254,0.722053237972173,0.848445693341584,0.194656137780838,32.2726718841921
8.75853174603175,0.721993762540647,0.848394668903817,0.194563057423241,32.273100850549
8.75863095238095,0.721934293123324,0.848343641074781,0.194470021437578,32.2735297742277
8.75873015873016,0.721874829719276,0.848292609858359,0.19437702980181,32.273958655236
8.75882936507936,0.721815372327576,0.848241575258428,0.194284082493913,32.2743874935816
8.75892857142857,0.721755920947295,0.848190537278865,0.19419117949187,32.2748162892724
8.75902777777778,0.721696475577509,0.848139495923544,0.194098320773675,32.275245042316
8.75912698412698,0.721637036217291,0.848088451196339,0.194005506317333,32.2756737527203
8.75922619047619,0.721577602865716,0.84803740310112,0.193912736100857,32.2761024204931
8.7593253968254,0.721518175521859,0.847986351641755,0.193820010102271,32.2765310456421
8.7594246031746,0.721458754184797,0.84793529682211,0.193727328299611,32.276959628175
8.75952380952381,0.721399338853606,0.847884238646051,0.193634690670921,32.2773881680996
8.75962301587301,0.721339929527363,0.847833177117438,0.193542097194255,32.2778166654238
8.75972222222222,0.721280526205145,0.847782112240133,0.193449547847678,32.2782451201552
8.75982142857143,0.721221128886033,0.847731044017993,0.193357042609266,32.2786735323015
8.75992063492064,0.721161737569103,0.847679972454876,0.193264581457103,32.2791019018707
8.76001984126984,0.721102352253436,0.847628897554634,0.193172164369285,32.2795302288703
8.76011904761905,0.721042972938112,0.84757781932112,0.193079791323917,32.2799585133081
8.76021825396825,0.720983599622211,0.847526737758184,0.192987462299114,32.2803867551919
8.76031746031746,0.720924232304815,0.847475652869673,0.192895177273003,32.2808149545293
8.76041666666667,0.720864870985005,0.847424564659434,0.192802936223718,32.2812431113283
8.76051587301587,0.720805515661864,0.84737347313131,0.192710739129405,32.2816712255964
8.76061507936508,0.720746166334475,0.847322378289142,0.192618585968221,32.2820992973414
8.76071428571429,0.720686823001922,0.847271280136772,0.192526476718331,32.282527326571
8.76081349206349,0.720627485663288,0.847220178678035,0.192434411357911,32.282955313293
8.7609126984127,0.720568154317659,0.847169073916768,0.192342389865149,32.2833832575151
8.7610119047619,0.720508828964119,0.847117965856804,0.19225041221824,32.2838111592449
8.76111111111111,0.720449509601755,0.847066854501975,0.19215847839539,32.2842390184903
8.76121031746032,0.720390196229653,0.847015739856108,0.192066588374816,32.2846668352589
8.76130952380952,0.720330888846901,0.846964621923034,0.191974742134746,32.2850946095584
8.76140873015873,0.720271587452586,0.846913500706576,0.191882939653416,32.2855223413966
8.76150793650794,0.720212292045796,0.846862376210558,0.191791180909074,32.2859500307811
8.76160714285714,0.72015300262562,0.8468112484388,0.191699465879976,32.2863776777196
8.76170634920635,0.720093719191149,0.846760117395122,0.191607794544389,32.2868052822199
8.76180555555556,0.72003444174147,0.846708983083341,0.191516166880592,32.2872328442897
8.76190476190476,0.719975170275676,0.846657845507272,0.191424582866871,32.2876603639365
8.76200396825397,0.719915904792858,0.846606704670728,0.191333042481523,32.2880878411682
8.76210317460317,0.719856645292107,0.846555560577519,0.191241545702858,32.2885152759924
8.76220238095238,0.719797391772516,0.846504413231454,0.191150092509192,32.2889426684169
8.76230158730159,0.719738144233177,0.84645326263634,0.191058682878855,32.2893700184492
8.76240079365079,0.719678902673184,0.846402108795982,0.190967316790183,32.289797326097
8.7625,0.719619667091632,0.846350951714183,0.190875994221525,32.2902245913681
8.76259920634921,0.719560437487615,0.846299791394742,0.190784715151239,32.2906518142702
8.76269841269841,0.719501213860227,0.846248627841458,0.190693479557693,32.2910789948108
8.76279761904762,0.719441996208567,0.846197461058128,0.190602287419268,32.2915061329977
8.76289682539683,0.719382784531729,0.846146291048547,0.190511138714351,32.2919332288385
8.76299603174603,0.719323578828811,0.846095117816506,0.190420033421341,32.2923602823408
8.76309523809524,0.71926437909891,0.846043941365795,0.190328971518647,32.2927872935125
8.76319444444444,0.719205185341125,0.845992761700204,0.190237952984688,32.293214262361
8.76329365079365,0.719145997554555,0.845941578823518,0.190146977797894,32.2936411888941
8.76339285714286,0.719086815736491,0.845890392739991,0.190056045937939,32.2940680731199
8.76349206349206,0.719027639866253,0.845839203458442,0.189965157397381,32.294494915051
8.76359126984127,0.718968469937378,0.845788010983781,0.189874312160195,32.2949217146961
8.76369047619048,0.718909305948809,0.84573681531949,0.189783510206786,32.2953484720625
8.76378968253968,0.718850147899488,0.84568561646905,0.189692751517568,32.2957751871574
8.76388888888889,0.718790995788358,0.845634414435939,0.18960203607296,32.2962018599881
8.76398809523809,0.718731849614362,0.845583209223635,0.189511363853387,32.2966284905619
8.7640873015873,0.718672709376444,0.845532000835615,0.189420734839279,32.2970550788859
8.76418650793651,0.718613575073546,0.845480789275353,0.189330149011075,32.2974816249674
8.76428571428571,0.718554446704615,0.845429574546325,0.189239606349219,32.2979081288138
8.76438492063492,0.718495324268593,0.845378356652004,0.189149106834161,32.2983345904321
8.76448412698413,0.718436207764426,0.84532713559586,0.189058650446357,32.2987610098298
8.76458333333333,0.718377097191059,0.845275911381364,0.188968237166271,32.2991873870139
8.76468253968254,0.718317992547436,0.845224684011986,0.18887786697437,32.2996137219919
8.76478174603175,0.718258893832504,0.845173453491193,0.18878753985113,32.3000400147708
8.76488095238095,0.718199801045209,0.845122219822452,0.188697255777033,32.3004662653579
8.76498015873016,0.718140714184496,0.845070983009228,0.188607014732566,32.3008924737605
8.76507936507936,0.718081633249313,0.845019743054986,0.188516816698223,32.3013186399858
8.76517857142857,0.718022558238606,0.844968499963189,0.188426661654504,32.3017447640411
8.76527777777778,0.717963489151322,0.844917253737299,0.188336549581915,32.3021708459335
8.76537698412698,0.71790442598641,0.844866004380775,0.18824648046097,32.3025968856703
8.76547619047619,0.717845368742816,0.844814751897077,0.188156454272187,32.3030228832587
8.7655753968254,0.71778631741949,0.844763496289664,0.188066470996092,32.3034488387059
8.7656746031746,0.717727272015377,0.844712237561992,0.187976530613214,32.3038747520193
8.76577380952381,0.71766823252943,0.844660975717516,0.187886633104093,32.3043006232059
8.76587301587302,0.717609198960596,0.844609710759692,0.187796778449273,32.304726452273
8.76597222222222,0.717550171307825,0.844558442691972,0.187706966629303,32.3051522392279
8.76607142857143,0.717491149570066,0.844507171517808,0.18761719762474,32.3055779840777
8.76617063492064,0.71743213374627,0.844455897240651,0.187527471416147,32.3060036868297
8.76626984126984,0.717373123835386,0.844404619863949,0.187437787984092,32.306429347491
8.76636904761905,0.717314119836365,0.844353339391152,0.18734814730915,32.3068549660689
8.76646825396825,0.717255121748159,0.844302055825706,0.187258549371904,32.3072805425707
8.76656746031746,0.717196129569718,0.844250769171057,0.18716899415294,32.3077060770034
8.76666666666667,0.717137143299994,0.84419947943065,0.187079481632853,32.3081315693743
8.76676587301587,0.717078162937939,0.844148186607926,0.186990011792242,32.3085570196907
8.76686507936508,0.717019188482506,0.84409689070633,0.186900584611715,32.3089824279596
8.76696428571429,0.716960219932646,0.8440455917293,0.186811200071883,32.3094077941884
8.76706349206349,0.716901257287312,0.843994289680277,0.186721858153366,32.3098331183842
8.7671626984127,0.716842300545457,0.843942984562699,0.186632558836788,32.3102584005542
8.76726190476191,0.716783349706036,0.843891676380003,0.186543302102781,32.3106836407056
8.76736111111111,0.716724404768002,0.843840365135626,0.186454087931984,32.3111088388457
8.76746031746032,0.716665465730308,0.843789050833,0.18636491630504,32.3115339949815
8.76755952380952,0.71660653259191,0.843737733475561,0.186275787202598,32.3119591091203
8.76765873015873,0.716547605351761,0.843686413066739,0.186186700605316,32.3123841812693
8.76775793650794,0.716488684008818,0.843635089609966,0.186097656493856,32.3128092114357
8.76785714285714,0.716429768562034,0.843583763108671,0.186008654848887,32.3132341996266
8.76795634920635,0.716370859010367,0.843532433566283,0.185919695651083,32.3136591458492
8.76805555555556,0.716311955352771,0.843481100986229,0.185830778881127,32.3140840501108
8.76815476190476,0.716253057588203,0.843429765371934,0.185741904519707,32.3145089124184
8.76825396825397,0.716194165715619,0.843378426726824,0.185653072547515,32.3149337327794
8.76835317460317,0.716135279733977,0.843327085054322,0.185564282945252,32.3153585112007
8.76845238095238,0.716076399642233,0.84327574035785,0.185475535693625,32.3157832476898
8.76855158730159,0.716017525439346,0.843224392640829,0.185386830773346,32.3162079422536
8.76865079365079,0.715958657124271,0.843173041906679,0.185298168165132,32.3166325948994
8.76875,0.715899794695969,0.843121688158818,0.185209547849712,32.3170572056343
8.76884920634921,0.715840938153398,0.843070331400663,0.185120969807816,32.3174817744655
8.76894841269841,0.715782087495515,0.843018971635632,0.185032434020181,32.3179063014002
8.76904761904762,0.715723242721281,0.842967608867137,0.184943940467551,32.3183307864456
8.76914682539683,0.715664403829654,0.842916243098594,0.184855489130677,32.3187552296088
8.76924603174603,0.715605570819595,0.842864874333413,0.184767079990314,32.3191796308969
8.76934523809524,0.715546743690062,0.842813502575007,0.184678713027225,32.3196039903172
8.76944444444444,0.715487922440017,0.842762127826786,0.18459038822218,32.3200283078767
8.76954365079365,0.71542910706842,0.842710750092156,0.184502105555953,32.3204525835827
8.76964285714286,0.715370297574232,0.842659369374527,0.184413865009326,32.3208768174423
8.76974206349206,0.715311493956414,0.842607985677305,0.184325666563086,32.3213010094626
8.76984126984127,0.715252696213928,0.842556599003893,0.184237510198027,32.3217251596509
8.76994047619048,0.715193904345735,0.842505209357696,0.18414939589495,32.3221492680142
8.77003968253968,0.715135118350798,0.842453816742117,0.184061323634661,32.3225733345596
8.77013888888889,0.715076338228078,0.842402421160555,0.183973293397971,32.3229973592945
8.7702380952381,0.715017563976541,0.842351022616412,0.183885305165702,32.3234213422258
8.7703373015873,0.714958795595147,0.842299621113086,0.183797358918677,32.3238452833607
8.77043650793651,0.71490003308286,0.842248216653975,0.183709454637728,32.3242691827065
8.77053571428571,0.714841276438645,0.842196809242475,0.183621592303692,32.3246930402701
8.77063492063492,0.714782525661465,0.84214539888198,0.183533771897414,32.3251168560588
8.77073412698413,0.714723780750285,0.842093985575886,0.183445993399743,32.3255406300796
8.77083333333333,0.714665041704069,0.842042569327583,0.183358256791537,32.3259643623398
8.77093253968254,0.714606308521782,0.841991150140463,0.183270562053657,32.3263880528464
8.77103174603175,0.714547581202389,0.841939728017918,0.183182909166972,32.3268117016066
8.77113095238095,0.714488859744857,0.841888302963334,0.183095298112359,32.3272353086276
8.77123015873016,0.71443014414815,0.841836874980101,0.183007728870697,32.3276588739163
8.77132936507936,0.714371434411236,0.841785444071603,0.182920201422874,32.32808239748
8.77142857142857,0.71431273053308,0.841734010241228,0.182832715749786,32.3285058793258
8.77152777777778,0.71425403251265,0.841682573492357,0.182745271832331,32.3289293194608
8.77162698412699,0.714195340348911,0.841631133828374,0.182657869651414,32.3293527178922
8.77172619047619,0.714136654040834,0.84157969125266,0.182570509187952,32.3297760746269
8.7718253968254,0.714077973587384,0.841528245768596,0.182483190422861,32.3301993896723
8.7719246031746,0.714019298987531,0.841476797379561,0.182395913337067,32.3306226630353
8.77202380952381,0.713960630240241,0.841425346088932,0.182308677911501,32.3310458947231
8.77212301587302,0.713901967344485,0.841373891900085,0.182221484127101,32.3314690847428
8.77222222222222,0.713843310299231,0.841322434816396,0.18213433196481,32.3318922331015
8.77232142857143,0.713784659103448,0.84127097484124,0.18204722140558,32.3323153398063
8.77242063492064,0.713726013756106,0.841219511977987,0.181960152430365,32.3327384048644
8.77251984126984,0.713667374256175,0.841168046230011,0.181873125020129,32.3331614282828
8.77261904761905,0.713608740602626,0.841116577600681,0.18178613915584,32.3335844100686
8.77271825396825,0.713550112794428,0.841065106093367,0.181699194818475,32.334007350229
8.77281746031746,0.713491490830553,0.841013631711436,0.181612291989013,32.334430248771
8.77291666666667,0.713432874709971,0.840962154458255,0.181525430648444,32.3348531057017
8.77301587301587,0.713374264431656,0.840910674337189,0.18143861077776,32.3352759210282
8.77311507936508,0.713315659994576,0.840859191351602,0.18135183235796,32.3356986947577
8.77321428571429,0.713257061397707,0.840807705504858,0.181265095370054,32.3361214268972
8.77331349206349,0.713198468640019,0.840756216800317,0.181178399795053,32.3365441174538
8.7734126984127,0.713139881720486,0.84070472524134,0.181091745613976,32.3369667664346
8.77351190476191,0.713081300638081,0.840653230831288,0.181005132807847,32.3373893738467
8.77361111111111,0.713022725391777,0.840601733573516,0.180918561357699,32.3378119396971
8.77371031746032,0.712964155980547,0.840550233471382,0.180832031244568,32.338234463993
8.77380952380952,0.712905592403366,0.840498730528242,0.180745542449499,32.3386569467414
8.77390873015873,0.712847034659208,0.840447224747449,0.180659094953542,32.3390793879494
8.77400793650794,0.712788482747047,0.840395716132357,0.180572688737753,32.3395017876242
8.77410714285714,0.712729936665859,0.840344204686317,0.180486323783195,32.3399241457727
8.77420634920635,0.712671396414619,0.840292690412681,0.180400000070936,32.340346462402
8.77430555555556,0.712612861992303,0.840241173314796,0.180313717582053,32.3407687375193
8.77440476190476,0.712554333397885,0.840189653396012,0.180227476297625,32.3411909711315
8.77450396825397,0.712495810630343,0.840138130659674,0.180141276198742,32.3416131632458
8.77460317460318,0.712437293688652,0.840086605109129,0.180055117266495,32.3420353138693
8.77470238095238,0.71237878257179,0.840035076747721,0.179968999481987,32.3424574230089
8.77480158730159,0.712320277278734,0.839983545578793,0.179882922826323,32.3428794906718
8.77490079365079,0.712261777808462,0.839932011605687,0.179796887280616,32.343301516865
8.775,0.71220328415995,0.839880474831743,0.179710892825985,32.3437235015957
8.77509920634921,0.712144796332178,0.839828935260301,0.179624939443554,32.3441454448707
8.77519841269841,0.712086314324123,0.839777392894699,0.179539027114456,32.3445673466973
8.77529761904762,0.712027838134763,0.839725847738274,0.179453155819828,32.3449892070824
8.77539682539683,0.711969367763079,0.839674299794362,0.179367325540813,32.3454110260331
8.77549603174603,0.71191090320805,0.839622749066296,0.179281536258562,32.3458328035565
8.77559523809524,0.711852444468654,0.839571195557411,0.179195787954232,32.3462545396596
8.77569444444444,0.711793991543872,0.839519639271038,0.179110080608984,32.3466762343495
8.77579365079365,0.711735544432684,0.839468080210508,0.179024414203988,32.3470978876332
8.77589285714286,0.711677103134071,0.839416518379151,0.178938788720418,32.3475194995178
8.77599206349206,0.711618667647013,0.839364953780294,0.178853204139457,32.3479410700103
8.77609126984127,0.711560237970491,0.839313386417263,0.17876766044229,32.3483625991177
8.77619047619048,0.711501814103488,0.839261816293388,0.178682157610115,32.3487840868471
8.77628968253968,0.711443396044985,0.83921024341199,0.178596695624129,32.3492055332055
8.77638888888889,0.711384983793964,0.839158667776393,0.178511274465539,32.3496269382
8.7764880952381,0.711326577349408,0.83910708938992,0.178425894115558,32.3500483018376
8.7765873015873,0.711268176710299,0.839055508255891,0.178340554555404,32.3504696241254
8.77668650793651,0.711209781875619,0.839003924377626,0.178255255766303,32.3508909050703
8.77678571428571,0.711151392844354,0.838952337758444,0.178169997729487,32.3513121446794
8.77688492063492,0.711093009615485,0.83890074840166,0.178084780426192,32.3517333429597
8.77698412698413,0.711034632187998,0.838849156310592,0.177999603837663,32.3521544999183
8.77708333333333,0.710976260560877,0.838797561488554,0.177914467945149,32.3525756155622
8.77718253968254,0.710917894733105,0.838745963938859,0.177829372729908,32.3529966898984
8.77728174603175,0.710859534703668,0.83869436366482,0.177744318173201,32.3534177229339
8.77738095238095,0.710801180471552,0.838642760669747,0.177659304256298,32.3538387146757
8.77748015873016,0.710742832035741,0.83859115495695,0.177574330960473,32.3542596651309
8.77757936507937,0.710684489395221,0.838539546529738,0.177489398267008,32.3546805743065
8.77767857142857,0.710626152548979,0.838487935391418,0.177404506157191,32.3551014422095
8.77777777777778,0.710567821496002,0.838436321545296,0.177319654612315,32.3555222688469
8.77787698412699,0.710509496235275,0.838384704994676,0.177234843613682,32.3559430542257
8.77797619047619,0.710451176765787,0.838333085742863,0.177150073142596,32.356363798353
8.7780753968254,0.710392863086523,0.838281463793158,0.177065343180371,32.3567845012356
8.7781746031746,0.710334555196473,0.838229839148864,0.176980653708325,32.3572051628808
8.77827380952381,0.710276253094625,0.838178211813278,0.176896004707784,32.3576257832953
8.77837301587302,0.710217956779965,0.8381265817897,0.176811396160079,32.3580463624864
8.77847222222222,0.710159666251484,0.838074949081428,0.176726828046547,32.3584669004609
8.77857142857143,0.71010138150817,0.838023313691758,0.176642300348533,32.3588873972258
8.77867063492064,0.710043102549012,0.837971675623983,0.176557813047386,32.3593078527882
8.77876984126984,0.709984829373,0.837920034881399,0.176473366124463,32.359728267155
8.77886904761905,0.709926561979124,0.837868391467297,0.176388959561127,32.3601486403333
8.77896825396825,0.709868300366374,0.837816745384969,0.176304593338746,32.36056897233
8.77906746031746,0.70981004453374,0.837765096637704,0.176220267438694,32.3609892631522
8.77916666666667,0.709751794480213,0.837713445228792,0.176135981842356,32.3614095128067
8.77926587301587,0.709693550204786,0.837661791161519,0.176051736531116,32.3618297213007
8.77936507936508,0.709635311706448,0.837610134439172,0.17596753148637,32.362249888641
8.77946428571429,0.709577078984192,0.837558475065037,0.175883366689518,32.3626700148347
8.77956349206349,0.709518852037009,0.837506813042395,0.175799242121965,32.3630900998888
8.7796626984127,0.709460630863893,0.837455148374532,0.175715157765124,32.3635101438102
8.77976190476191,0.709402415463836,0.837403481064726,0.175631113600415,32.3639301466059
8.77986111111111,0.70934420583583,0.83735181111626,0.175547109609261,32.3643501082829
8.77996031746032,0.70928600197887,0.83730013853241,0.175463145773096,32.3647700288482
8.78005952380952,0.709227803891949,0.837248463316456,0.175379222073356,32.3651899083087
8.78015873015873,0.70916961157406,0.837196785471673,0.175295338491485,32.3656097466714
8.78025793650794,0.709111425024198,0.837145105001336,0.175211495008933,32.3660295439433
8.78035714285714,0.709053244241358,0.83709342190872,0.175127691607157,32.3664493001313
8.78045634920635,0.708995069224534,0.837041736197096,0.175043928267618,32.3668690152425
8.78055555555556,0.708936899972721,0.836990047869736,0.174960204971786,32.3672886892837
8.78065476190476,0.708878736484916,0.836938356929911,0.174876521701137,32.367708322262
8.78075396825397,0.708820578760114,0.83688666338089,0.174792878437152,32.3681279141843
8.78085317460318,0.708762426797311,0.83683496722594,0.174709275161317,32.3685474650576
8.78095238095238,0.708704280595503,0.836783268468327,0.174625711855128,32.3689669748888
8.78105158730159,0.708646140153688,0.836731567111317,0.174542188500083,32.3693864436849
8.78115079365079,0.708588005470862,0.836679863158173,0.17445870507769,32.3698058714528
8.78125,0.708529876546022,0.836628156612159,0.174375261569461,32.3702252581995
8.78134920634921,0.708471753378167,0.836576447476536,0.174291857956915,32.3706446039319
8.78144841269841,0.708413635966294,0.836524735754565,0.174208494221577,32.371063908657
8.78154761904762,0.708355524309402,0.836473021449503,0.174125170344978,32.3714831723818
8.78164682539682,0.708297418406489,0.83642130456461,0.174041886308656,32.3719023951131
8.78174603174603,0.708239318256554,0.836369585103141,0.173958642094154,32.372321576858
8.78184523809524,0.708181223858597,0.836317863068352,0.173875437683024,32.3727407176233
8.78194444444444,0.708123135211616,0.836266138463498,0.17379227305682,32.3731598174161
8.78204365079365,0.708065052314612,0.836214411291829,0.173709148197106,32.3735788762432
8.78214285714286,0.708006975166585,0.8361626815566,0.173626063085451,32.3739978941116
8.78224206349206,0.707948903766536,0.83611094926106,0.173543017703429,32.3744168710282
8.78234126984127,0.707890838113465,0.836059214408457,0.173460012032623,32.3748358069999
8.78244047619048,0.707832778206373,0.836007477002041,0.17337704605462,32.3752547020338
8.78253968253968,0.707774724044262,0.835955737045058,0.173294119751013,32.3756735561367
8.78263888888889,0.707716675626134,0.835903994540752,0.173211233103402,32.3760923693155
8.78273809523809,0.70765863295099,0.835852249492369,0.173128386093395,32.3765111415772
8.7828373015873,0.707600596017834,0.835800501903151,0.173045578702603,32.3769298729287
8.78293650793651,0.707542564825666,0.83574875177634,0.172962810912645,32.3773485633769
8.78303571428571,0.707484539373492,0.835696999115176,0.172880082705147,32.3777672129288
8.78313492063492,0.707426519660313,0.835645243922899,0.17279739406174,32.3781858215913
8.78323412698413,0.707368505685133,0.835593486202747,0.172714744964061,32.3786043893712
8.78333333333333,0.707310497446957,0.835541725957957,0.172632135393754,32.3790229162755
8.78343253968254,0.707252494944789,0.835489963191763,0.17254956533247,32.3794414023112
8.78353174603175,0.707194498177631,0.8354381979074,0.172467034761863,32.3798598474851
8.78363095238095,0.707136507144492,0.835386430108103,0.172384543663599,32.3802782518041
8.78373015873016,0.707078521844375,0.835334659797101,0.172302092019345,32.3806966152752
8.78382936507936,0.707020542276285,0.835282886977627,0.172219679810776,32.3811149379052
8.78392857142857,0.706962568439228,0.835231111652909,0.172137307019573,32.3815332197011
8.78402777777778,0.706904600332211,0.835179333826175,0.172054973627425,32.3819514606698
8.78412698412698,0.70684663795424,0.835127553500653,0.171972679616025,32.3823696608181
8.78422619047619,0.706788681304322,0.835075770679568,0.171890424967072,32.3827878201531
8.7843253968254,0.706730730381463,0.835023985366144,0.171808209662275,32.3832059386815
8.7844246031746,0.706672785184671,0.834972197563605,0.171726033683344,32.3836240164103
8.78452380952381,0.706614845712953,0.834920407275172,0.171643897011999,32.3840420533463
8.78462301587301,0.706556911965318,0.834868614504066,0.171561799629965,32.3844600494965
8.78472222222222,0.706498983940774,0.834816819253507,0.171479741518973,32.3848780048678
8.78482142857143,0.70644106163833,0.834765021526714,0.171397722660761,32.385295919467
8.78492063492063,0.706383145056993,0.834713221326902,0.171315743037072,32.3857137933011
8.78501984126984,0.706325234195773,0.834661418657287,0.171233802629657,32.3861316263768
8.78511904761905,0.706267329053682,0.834609613521085,0.171151901420272,32.3865494187012
8.78521825396825,0.706209429629727,0.834557805921509,0.17107003939068,32.3869671702811
8.78531746031746,0.706151535922918,0.834505995861771,0.17098821652265,32.3873848811234
8.78541666666667,0.706093647932268,0.834454183345081,0.170906432797956,32.3878025512349
8.78551587301587,0.706035765656786,0.834402368374649,0.170824688198381,32.3882201806225
8.78561507936508,0.705977889095483,0.834350550953683,0.17074298270571,32.3886377692932
8.78571428571429,0.70592001824737,0.834298731085391,0.17066131630174,32.3890553172538
8.78581349206349,0.70586215311146,0.834246908772979,0.170579688968268,32.3894728245111
8.7859126984127,0.705804293686765,0.83419508401965,0.170498100687103,32.389890291072
8.7860119047619,0.705746439972296,0.834143256828609,0.170416551440055,32.3903077169435
8.78611111111111,0.705688591967066,0.834091427203058,0.170335041208945,32.3907251021323
8.78621031746032,0.705630749670089,0.834039595146197,0.170253569975597,32.3911424466454
8.78630952380952,0.705572913080377,0.833987760661227,0.170172137721843,32.3915597504896
8.78640873015873,0.705515082196945,0.833935923751345,0.17009074442952,32.3919770136717
8.78650793650794,0.705457257018804,0.833884084419749,0.170009390080471,32.3923942361987
8.78660714285714,0.705399437544972,0.833832242669635,0.169928074656548,32.3928114180773
8.78670634920635,0.705341623774462,0.833780398504198,0.169846798139606,32.3932285593146
8.78680555555556,0.705283815706288,0.833728551926631,0.169765560511509,32.3936456599172
8.78690476190476,0.705226013339465,0.833676702940127,0.169684361754124,32.394062719892
8.78700396825397,0.70516821667301,0.833624851547877,0.169603201849327,32.394479739246
8.78710317460317,0.705110425705937,0.83357299775307,0.169522080779,32.394896717986
8.78720238095238,0.705052640437264,0.833521141558895,0.169440998525029,32.3953136561187
8.78730158730159,0.704994860866005,0.833469282968539,0.169359955069309,32.3957305536512
8.78740079365079,0.704937086991179,0.833417421985189,0.169278950393739,32.3961474105901
8.7875,0.704879318811801,0.833365558612029,0.169197984480227,32.3965642269424
8.78759920634921,0.70482155632689,0.833313692852242,0.169117057310684,32.3969810027149
8.78769841269841,0.704763799535463,0.833261824709013,0.16903616886703,32.3973977379144
8.78779761904762,0.704706048436538,0.83320995418552,0.168955319131189,32.3978144325477
8.78789682539682,0.704648303029132,0.833158081284946,0.168874508085093,32.3982310866218
8.78799603174603,0.704590563312265,0.833106206010466,0.168793735710679,32.3986477001435
8.78809523809524,0.704532829284956,0.833054328365261,0.168713001989891,32.3990642731195
8.78819444444444,0.704475100946223,0.833002448352505,0.16863230690468,32.3994808055568
8.78829365079365,0.704417378295087,0.832950565975375,0.168551650437002,32.3998972974621
8.78839285714286,0.704359661330566,0.832898681237042,0.168471032568819,32.4003137488422
8.78849206349206,0.704301950051682,0.832846794140681,0.1683904532821,32.4007301597041
8.78859126984127,0.704244244457454,0.832794904689462,0.16830991255882,32.4011465300545
8.78869047619048,0.704186544546903,0.832743012886556,0.168229410380961,32.4015628599002
8.78878968253968,0.704128850319051,0.83269111873513,0.168148946730509,32.4019791492481
8.78888888888889,0.704071161772918,0.832639222238353,0.168068521589459,32.402395398105
8.78898809523809,0.704013478907526,0.832587323399391,0.167988134939812,32.4028116064777
8.7890873015873,0.703955801721898,0.83253542222141,0.167907786763572,32.4032277743731
8.78918650793651,0.703898130215056,0.832483518707572,0.167827477042753,32.4036439017978
8.78928571428571,0.703840464386021,0.83243161286104,0.167747205759374,32.4040599887589
8.78938492063492,0.703782804233818,0.832379704684977,0.16766697289546,32.404476035263
8.78948412698413,0.703725149757468,0.832327794182541,0.16758677843304,32.404892041317
8.78958333333333,0.703667500955997,0.832275881356893,0.167506622354155,32.4053080069276
8.78968253968254,0.703609857828428,0.832223966211189,0.167426504640848,32.4057239321018
8.78978174603175,0.703552220373784,0.832172048748586,0.167346425275168,32.4061398168463
8.78988095238095,0.703494588591091,0.83212012897224,0.167266384239171,32.4065556611678
8.78998015873016,0.703436962479373,0.832068206885304,0.167186381514921,32.4069714650733
8.79007936507936,0.703379342037655,0.832016282490931,0.167106417084487,32.4073872285695
8.79017857142857,0.703321727264963,0.831964355792273,0.167026490929942,32.4078029516631
8.79027777777778,0.703264118160322,0.831912426792479,0.166946603033369,32.4082186343611
8.79037698412698,0.703206514722759,0.831860495494699,0.166866753376855,32.4086342766701
8.79047619047619,0.7031489169513,0.831808561902081,0.166786941942494,32.4090498785971
8.7905753968254,0.70309132484497,0.83175662601777,0.166707168712386,32.4094654401487
8.7906746031746,0.703033738402799,0.831704687844913,0.166627433668637,32.4098809613317
8.79077380952381,0.702976157623812,0.831652747386654,0.16654773679336,32.410296442153
8.79087301587301,0.702918582507037,0.831600804646135,0.166468078068674,32.4107118826194
8.79097222222222,0.702861013051501,0.831548859626497,0.166388457476703,32.4111272827376
8.79107142857143,0.702803449256235,0.831496912330882,0.166308874999579,32.4115426425143
8.79117063492064,0.702745891120266,0.831444962762428,0.16622933061944,32.4119579619565
8.79126984126984,0.702688338642622,0.831393010924274,0.16614982431843,32.4123732410708
8.79136904761905,0.702630791822333,0.831341056819556,0.166070356078698,32.4127884798641
8.79146825396825,0.702573250658428,0.831289100451409,0.165990925882401,32.4132036783431
8.79156746031746,0.702515715149938,0.831237141822968,0.165911533711702,32.4136188365145
8.79166666666667,0.702458185295892,0.831185180937366,0.165832179548768,32.4140339543852
8.79176587301587,0.70240066109532,0.831133217797733,0.165752863375776,32.414449031962
8.79186507936508,0.702343142547254,0.831081252407202,0.165673585174906,32.4148640692515
8.79196428571429,0.702285629650724,0.8310292847689,0.165594344928347,32.4152790662607
8.79206349206349,0.702228122404761,0.830977314885956,0.165515142618291,32.4156940229961
8.7921626984127,0.702170620808398,0.830925342761498,0.165435978226939,32.4161089394647
8.7922619047619,0.702113124860666,0.830873368398649,0.165356851736498,32.4165238156731
8.79236111111111,0.702055634560598,0.830821391800535,0.165277763129179,32.4169386516281
8.79246031746032,0.701998149907225,0.830769412970278,0.165198712387201,32.4173534473365
8.79255952380952,0.701940670899582,0.830717431911001,0.165119699492791,32.417768202805
8.79265873015873,0.7018831975367,0.830665448625825,0.165040724428179,32.4181829180404
8.79275793650794,0.701825729817615,0.830613463117867,0.164961787175602,32.4185975930495
8.79285714285714,0.701768267741359,0.830561475390247,0.164882887717305,32.4190122278389
8.79295634920635,0.701710811306966,0.830509485446082,0.164804026035537,32.4194268224155
8.79305555555556,0.701653360513472,0.830457493288487,0.164725202112555,32.419841376786
8.79315476190476,0.701595915359911,0.830405498920576,0.164646415930622,32.4202558909571
8.79325396825397,0.701538475845317,0.830353502345463,0.164567667472005,32.4206703649355
8.79335317460317,0.701481041968727,0.830301503566259,0.164488956718981,32.4210847987281
8.79345238095238,0.701423613729175,0.830249502586076,0.16441028365383,32.4214991923416
8.79355158730159,0.701366191125699,0.830197499408022,0.16433164825884,32.4219135457827
8.79365079365079,0.701308774157334,0.830145494035207,0.164253050516304,32.4223278590581
8.79375,0.701251362823116,0.830093486470736,0.164174490408524,32.4227421321746
8.79384920634921,0.701193957122084,0.830041476717716,0.164095967917805,32.4231563651388
8.79394841269841,0.701136557053273,0.829989464779251,0.164017483026459,32.4235705579577
8.79404761904762,0.701079162615722,0.829937450658445,0.163939035716806,32.4239847106378
8.79414682539683,0.701021773808469,0.8298854343584,0.16386062597117,32.4243988231859
8.79424603174603,0.700964390630552,0.829833415882216,0.163782253771884,32.4248128956087
8.79434523809524,0.700907013081009,0.829781395232992,0.163703919101284,32.425226927913
8.79444444444444,0.700849641158878,0.829729372413829,0.163625621941714,32.4256409201055
8.79454365079365,0.7007922748632,0.829677347427821,0.163547362275525,32.4260548721928
8.79464285714286,0.700734914193014,0.829625320278066,0.163469140085072,32.4264687841818
8.79474206349206,0.700677559147359,0.829573290967658,0.163390955352719,32.4268826560791
8.79484126984127,0.700620209725275,0.82952125949969,0.163312808060833,32.4272964878915
8.79494047619048,0.700562865925803,0.829469225877255,0.16323469819179,32.4277102796257
8.79503968253968,0.700505527747983,0.829417190103443,0.163156625727972,32.4281240312883
8.79513888888889,0.700448195190857,0.829365152181344,0.163078590651765,32.4285377428861
8.79523809523809,0.700390868253466,0.829313112114046,0.163000592945564,32.4289514144259
8.7953373015873,0.70033354693485,0.829261069904638,0.162922632591769,32.4293650459142
8.79543650793651,0.700276231234052,0.829209025556203,0.162844709572784,32.4297786373579
8.79553571428571,0.700218921150116,0.829156979071829,0.162766823871025,32.4301921887636
8.79563492063492,0.700161616682082,0.829104930454597,0.16268897546891,32.430605700138
8.79573412698413,0.700104317828995,0.829052879707591,0.162611164348863,32.4310191714879
8.79583333333333,0.700047024589896,0.829000826833891,0.162533390493315,32.4314326028198
8.79593253968254,0.69998973696383,0.828948771836577,0.162455653884705,32.4318459941406
8.79603174603175,0.69993245494984,0.828896714718728,0.162377954505476,32.432259345457
8.79613095238095,0.699875178546971,0.82884465548342,0.162300292338077,32.4326726567755
8.79623015873016,0.699817907754266,0.828792594133731,0.162222667364967,32.433085928103
8.79632936507936,0.699760642570771,0.828740530672735,0.162145079568606,32.4334991594461
8.79642857142857,0.69970338299553,0.828688465103505,0.162067528931463,32.4339123508114
8.79652777777778,0.69964612902759,0.828636397429114,0.161990015436015,32.4343255022058
8.79662698412698,0.699588880665995,0.828584327652633,0.161912539064741,32.4347386136358
8.79672619047619,0.699531637909792,0.828532255777132,0.16183509980013,32.4351516851081
8.7968253968254,0.699474400758026,0.82848018180568,0.161757697624675,32.4355647166295
8.7969246031746,0.699417169209745,0.828428105741343,0.161680332520876,32.4359777082066
8.79702380952381,0.699359943263995,0.828376027587189,0.16160300447124,32.4363906598461
8.79712301587302,0.699302722919824,0.828323947346282,0.16152571345828,32.4368035715546
8.79722222222222,0.699245508176279,0.828271865021686,0.161448459464513,32.4372164433389
8.79732142857143,0.699188299032408,0.828219780616464,0.161371242472466,32.4376292752056
8.79742063492064,0.699131095487259,0.828167694133676,0.161294062464669,32.4380420671614
8.79751984126984,0.699073897539881,0.828115605576383,0.16121691942366,32.438454819213
8.79761904761905,0.699016705189322,0.828063514947644,0.161139813331982,32.438867531367
8.79771825396825,0.698959518434632,0.828011422250515,0.161062744172186,32.4392802036301
8.79781746031746,0.698902337274859,0.827959327488054,0.160985711926828,32.4396928360089
8.79791666666667,0.698845161709054,0.827907230663316,0.160908716578471,32.4401054285102
8.79801587301587,0.698787991736266,0.827855131779353,0.160831758109683,32.4405179811405
8.79811507936508,0.698730827355547,0.82780303083922,0.16075483650304,32.4409304939066
8.79821428571429,0.698673668565946,0.827750927845967,0.160677951741122,32.4413429668151
8.79831349206349,0.698616515366515,0.827698822802644,0.160601103806517,32.4417553998727
8.7984126984127,0.698559367756303,0.8276467157123,0.160524292681818,32.442167793086
8.79851190476191,0.698502225734365,0.827594606577983,0.160447518349627,32.4425801464617
8.79861111111111,0.698445089299751,0.82754249540274,0.160370780792549,32.4429924600063
8.79871031746032,0.698387958451514,0.827490382189615,0.160294079993198,32.4434047337267
8.79880952380952,0.698330833188705,0.827438266941653,0.160217415934191,32.4438169676293
8.79890873015873,0.698273713510378,0.827386149661896,0.160140788598153,32.444229161721
8.79900793650794,0.698216599415587,0.827334030353386,0.160064197967716,32.4446413160082
8.79910714285714,0.698159490903383,0.827281909019163,0.159987644025518,32.4450534304977
8.79920634920635,0.698102387972822,0.827229785662265,0.159911126754202,32.4454655051961
8.79930555555556,0.698045290622957,0.827177660285732,0.159834646136419,32.44587754011
8.79940476190476,0.697988198852843,0.827125532892598,0.159758202154824,32.446289535246
8.79950396825397,0.697931112661534,0.8270734034859,0.15968179479208,32.4467014906109
8.79960317460317,0.697874032048086,0.827021272068672,0.159605424030856,32.4471134062113
8.79970238095238,0.697816957011553,0.826969138643946,0.159529089853826,32.4475252820536
8.79980158730159,0.697759887550991,0.826917003214754,0.159452792243673,32.4479371181447
8.79990079365079,0.697702823665456,0.826864865784126,0.159376531183083,32.4483489144912
8.8,0.697645765354005,0.826812726355092,0.159300306654751,32.4487606710996
8.80009920634921,0.697588712615695,0.826760584930679,0.159224118641377,32.4491723879765
8.80019841269841,0.697531665449581,0.826708441513915,0.159147967125666,32.4495840651287
8.80029761904762,0.697474623854721,0.826656296107824,0.159071852090332,32.4499957025627
8.80039682539683,0.697417587830173,0.82660414871543,0.158995773518093,32.4504073002852
8.80049603174603,0.697360557374994,0.826551999339757,0.158919731391674,32.4508188583027
8.80059523809524,0.697303532488243,0.826499847983826,0.158843725693806,32.4512303766219
8.80069444444444,0.697246513168978,0.826447694650658,0.158767756407227,32.4516418552495
8.80079365079365,0.697189499416258,0.826395539343271,0.158691823514681,32.4520532941919
8.80089285714286,0.697132491229141,0.826343382064685,0.158615926998918,32.4524646934559
8.80099206349206,0.697075488606688,0.826291222817915,0.158540066842694,32.4528760530479
8.80109126984127,0.697018491547958,0.826239061605978,0.158464243028771,32.4532873729748
8.80119047619048,0.69696150005201,0.826186898431887,0.158388455539919,32.453698653243
8.80128968253968,0.696904514117906,0.826134733298655,0.158312704358912,32.4541098938591
8.80138888888889,0.696847533744704,0.826082566209294,0.15823698946853,32.4545210948299
8.8014880952381,0.696790558931468,0.826030397166816,0.158161310851564,32.4549322561617
8.8015873015873,0.696733589677259,0.825978226174229,0.158085668490806,32.4553433778614
8.80168650793651,0.696676625981136,0.825926053234541,0.158010062369055,32.4557544599353
8.80178571428571,0.696619667842163,0.825873878350759,0.157934492469119,32.4561655023903
8.80188492063492,0.696562715259402,0.82582170152589,0.15785895877381,32.4565765052328
8.80198412698413,0.696505768231914,0.825769522762936,0.157783461265946,32.4569874684694
8.80208333333333,0.696448826758764,0.825717342064902,0.157707999928352,32.4573983921068
8.80218253968254,0.696391890839013,0.825665159434789,0.157632574743861,32.4578092761515
8.80228174603175,0.696334960471725,0.825612974875599,0.157557185695308,32.4582201206101
8.80238095238095,0.696278035655965,0.825560788390329,0.157481832765539,32.4586309254892
8.80248015873016,0.696221116390796,0.82550859998198,0.157406515937403,32.4590416907954
8.80257936507936,0.696164202675283,0.825456409653547,0.157331235193756,32.4594524165352
8.80267857142857,0.696107294508489,0.825404217408026,0.157255990517461,32.4598631027153
8.80277777777778,0.696050391889481,0.825352023248412,0.157180781891387,32.4602737493422
8.80287698412699,0.695993494817322,0.825299827177698,0.157105609298408,32.4606843564225
8.80297619047619,0.695936603291081,0.825247629198877,0.157030472721406,32.4610949239628
8.8030753968254,0.695879717309821,0.825195429314938,0.156955372143269,32.4615054519697
8.8031746031746,0.695822836872609,0.825143227528872,0.15688030754689,32.4619159404496
8.80327380952381,0.695765961978512,0.825091023843667,0.15680527891517,32.4623263894093
8.80337301587302,0.695709092626597,0.82503881826231,0.156730286231014,32.4627367988552
8.80347222222222,0.69565222881593,0.824986610787787,0.156655329477335,32.4631471687939
8.80357142857143,0.69559537054558,0.824934401423082,0.156580408637052,32.4635574992321
8.80367063492064,0.695538517814613,0.824882190171179,0.156505523693089,32.4639677901762
8.80376984126984,0.695481670622099,0.82482997703506,0.156430674628379,32.4643780416328
8.80386904761905,0.695424828967105,0.824777762017706,0.156355861425859,32.4647882536085
8.80396825396825,0.6953679928487,0.824725545122097,0.156281084068471,32.4651984261098
8.80406746031746,0.695311162265954,0.82467332635121,0.156206342539167,32.4656085591433
8.80416666666667,0.695254337217935,0.824621105708023,0.156131636820903,32.4660186527156
8.80426587301587,0.695197517703713,0.824568883195513,0.156056966896641,32.4664287068331
8.80436507936508,0.695140703722358,0.824516658816653,0.155982332749349,32.4668387215025
8.80446428571429,0.695083895272941,0.824464432574418,0.155907734362004,32.4672486967304
8.80456349206349,0.695027092354532,0.824412204471779,0.155833171717586,32.4676586325231
8.8046626984127,0.694970294966202,0.824359974511708,0.155758644799083,32.4680685288874
8.80476190476191,0.694913503107022,0.824307742697175,0.155684153589488,32.4684783858297
8.80486111111111,0.694856716776064,0.824255509031147,0.155609698071802,32.4688882033566
8.80496031746032,0.6947999359724,0.824203273516593,0.155535278229031,32.4692979814746
8.80505952380952,0.694743160695101,0.824151036156478,0.155460894044186,32.4697077201903
8.80515873015873,0.69468639094324,0.824098796953768,0.155386545500288,32.4701174195102
8.80525793650794,0.69462962671589,0.824046555911425,0.155312232580361,32.4705270794408
8.80535714285714,0.694572868012124,0.823994313032412,0.155237955267436,32.4709366999887
8.80545634920635,0.694516114831015,0.82394206831969,0.155163713544551,32.4713462811604
8.80555555555556,0.694459367171638,0.82388982177622,0.15508950739475,32.4717558229625
8.80565476190476,0.694402625033065,0.82383757340496,0.155015336801082,32.4721653254014
8.80575396825397,0.694345888414373,0.823785323208866,0.154941201746604,32.4725747884837
8.80585317460318,0.694289157314633,0.823733071190896,0.154867102214377,32.4729842122159
8.80595238095238,0.694232431732923,0.823680817354005,0.154793038187473,32.4733935966046
8.80605158730159,0.694175711668317,0.823628561701145,0.154719009648964,32.4738029416562
8.80615079365079,0.694118997119891,0.823576304235271,0.154645016581933,32.4742122473773
8.80625,0.694062288086721,0.823524044959332,0.154571058969467,32.4746215137744
8.80634920634921,0.694005584567883,0.823471783876279,0.154497136794659,32.475030740854
8.80644841269841,0.693948886562453,0.82341952098906,0.15442325004061,32.4754399286227
8.80654761904762,0.693892194069509,0.823367256300624,0.154349398690426,32.4758490770869
8.80664682539683,0.693835507088126,0.823314989813916,0.154275582727219,32.4762581862532
8.80674603174603,0.693778825617384,0.823262721531881,0.154201802134109,32.476667256128
8.80684523809524,0.693722149656359,0.823210451457464,0.154128056894219,32.4770762867179
8.80694444444444,0.69366547920413,0.823158179593607,0.154054346990682,32.4774852780294
8.80704365079365,0.693608814259775,0.823105905943251,0.153980672406635,32.477894230069
8.80714285714286,0.693552154822372,0.823053630509337,0.153907033125222,32.4783031428432
8.80724206349206,0.693495500891002,0.823001353294802,0.153833429129592,32.4787120163585
8.80734126984127,0.693438852464741,0.822949074302585,0.153759860402901,32.4791208506214
8.80744047619048,0.693382209542672,0.822896793535623,0.153686326928314,32.4795296456384
8.80753968253968,0.693325572123874,0.82284451099685,0.153612828688997,32.4799384014159
8.80763888888889,0.693268940207426,0.822792226689201,0.153539365668127,32.4803471179606
8.8077380952381,0.69321231379241,0.822739940615608,0.153465937848885,32.4807557952788
8.8078373015873,0.693155692877905,0.822687652779002,0.153392545214457,32.4811644333771
8.80793650793651,0.693099077462995,0.822635363182314,0.153319187748038,32.481573032262
8.80803571428571,0.693042467546759,0.822583071828473,0.153245865432827,32.4819815919399
8.80813492063492,0.69298586312828,0.822530778720407,0.153172578252032,32.4823901124173
8.80823412698413,0.69292926420664,0.822478483861041,0.153099326188864,32.4827985937007
8.80833333333333,0.692872670780921,0.822426187253302,0.153026109226542,32.4832070357967
8.80843253968254,0.692816082850206,0.822373888900114,0.152952927348291,32.4836154387116
8.80853174603175,0.692759500413578,0.822321588804398,0.152879780537343,32.484023802452
8.80863095238095,0.692702923470121,0.822269286969077,0.152806668776934,32.4844321270243
8.80873015873016,0.692646352018918,0.822216983397072,0.15273359205031,32.484840412435
8.80882936507937,0.692589786059052,0.8221646780913,0.152660550340718,32.4852486586906
8.80892857142857,0.692533225589609,0.82211237105468,0.152587543631417,32.4856568657976
8.80902777777778,0.692476670609673,0.82206006229013,0.152514571905668,32.4860650337624
8.80912698412699,0.692420121118329,0.822007751800563,0.15244163514674,32.4864731625915
8.80922619047619,0.692363577114662,0.821955439588895,0.152368733337909,32.4868812522913
8.8093253968254,0.692307038597758,0.821903125658038,0.152295866462455,32.4872893028684
8.8094246031746,0.692250505566702,0.821850810010904,0.152223034503666,32.4876973143292
8.80952380952381,0.692193978020582,0.821798492650403,0.152150237444835,32.4881052866801
8.80962301587302,0.692137455958482,0.821746173579444,0.152077475269263,32.4885132199276
8.80972222222222,0.69208093937949,0.821693852800937,0.152004747960256,32.4889211140782
8.80982142857143,0.692024428282693,0.821641530317786,0.151932055501126,32.4893289691384
8.80992063492064,0.691967922667179,0.821589206132898,0.151859397875193,32.4897367851145
8.81001984126984,0.691911422532035,0.821536880249177,0.15178677506578,32.4901445620131
8.81011904761905,0.69185492787635,0.821484552669526,0.15171418705622,32.4905522998405
8.81021825396825,0.69179843869921,0.821432223396848,0.15164163382985,32.4909599986033
8.81031746031746,0.691741954999706,0.82137989243404,0.151569115370012,32.4913676583079
8.81041666666667,0.691685476776926,0.821327559784006,0.151496631660059,32.4917752789607
8.81051587301587,0.69162900402996,0.821275225449641,0.151424182683345,32.4921828605681
8.81061507936508,0.691572536757897,0.821222889433842,0.151351768423234,32.4925904031368
8.81071428571429,0.691516074959827,0.821170551739506,0.151279388863094,32.4929979066729
8.81081349206349,0.69145961863484,0.821118212369527,0.1512070439863,32.4934053711831
8.8109126984127,0.691403167782027,0.821065871326798,0.151134733776233,32.4938127966737
8.81101190476191,0.691346722400478,0.82101352861421,0.151062458216281,32.4942201831512
8.81111111111111,0.691290282489285,0.820961184234654,0.150990217289837,32.4946275306219
8.81121031746032,0.69123384804754,0.820908838191021,0.150918010980302,32.4950348390925
8.81130952380952,0.691177419074333,0.820856490486197,0.150845839271082,32.4954421085692
8.81140873015873,0.691120995568758,0.820804141123071,0.150773702145588,32.4958493390585
8.81150793650794,0.691064577529906,0.820751790104527,0.150701599587241,32.4962565305668
8.81160714285714,0.69100816495687,0.82069943743345,0.150629531579465,32.4966636831006
8.81170634920635,0.690951757848743,0.820647083112724,0.150557498105691,32.4970707966663
8.81180555555556,0.690895356204618,0.82059472714523,0.150485499149355,32.4974778712702
8.81190476190476,0.69083896002359,0.820542369533849,0.150413534693904,32.4978849069189
8.81200396825397,0.690782569304752,0.820490010281461,0.150341604722786,32.4982919036187
8.81210317460318,0.690726184047199,0.820437649390945,0.150269709219458,32.4986988613761
8.81220238095238,0.690669804250025,0.820385286865177,0.150197848167382,32.4991057801975
8.81230158730159,0.690613429912324,0.820332922707032,0.150126021550026,32.4995126600892
8.81240079365079,0.690557061033192,0.820280556919387,0.150054229350867,32.4999195010577
8.8125,0.690500697611725,0.820228189505113,0.149982471553384,32.5003263031095
8.81259920634921,0.690444339647019,0.820175820467083,0.149910748141066,32.5007330662508
8.81269841269841,0.690387987138169,0.820123449808169,0.149839059097406,32.5011397904882
8.81279761904762,0.690331640084272,0.820071077531239,0.149767404405905,32.501546475828
8.81289682539682,0.690275298484424,0.820018703639162,0.149695784050068,32.5019531222767
8.81299603174603,0.690218962337724,0.819966328134806,0.149624198013408,32.5023597298405
8.81309523809524,0.690162631643268,0.819913951021035,0.149552646279443,32.502766298526
8.81319444444444,0.690106306400153,0.819861572300716,0.1494811288317,32.5031728283396
8.81329365079365,0.690049986607478,0.819809191976711,0.149409645653707,32.5035793192875
8.81339285714286,0.689993672264342,0.819756810051882,0.149338196729004,32.5039857713763
8.81349206349206,0.689937363369843,0.819704426529092,0.149266782041135,32.5043921846123
8.81359126984127,0.689881059923079,0.819652041411199,0.149195401573648,32.5047985590019
8.81369047619048,0.68982476192315,0.819599654701061,0.149124055310101,32.5052048945515
8.81378968253968,0.689768469369156,0.819547266401538,0.149052743234056,32.5056111912675
8.81388888888889,0.689712182260197,0.819494876515483,0.148981465329081,32.5060174491562
8.81398809523809,0.689655900595372,0.819442485045753,0.148910221578752,32.5064236682241
8.8140873015873,0.689599624373783,0.8193900919952,0.148839011966649,32.5068298484776
8.81418650793651,0.689543353594529,0.819337697366677,0.148767836476361,32.5072359899229
8.81428571428571,0.689487088256713,0.819285301163036,0.14869669509148,32.5076420925666
8.81438492063492,0.689430828359435,0.819232903387125,0.148625587795608,32.5080481564149
8.81448412698413,0.689374573901797,0.819180504041795,0.148554514572349,32.5084541814743
8.81458333333333,0.689318324882902,0.819128103129891,0.148483475405318,32.508860167751
8.81468253968254,0.689262081301851,0.819075700654261,0.148412470278131,32.5092661152516
8.81478174603175,0.689205843157747,0.819023296617748,0.148341499174414,32.5096720239824
8.81488095238095,0.689149610449694,0.818970891023198,0.148270562077799,32.5100778939497
8.81498015873016,0.689093383176795,0.818918483873453,0.148199658971923,32.5104837251599
8.81507936507936,0.689037161338153,0.818866075171353,0.14812878984043,32.5108895176193
8.81517857142857,0.688980944932872,0.818813664919738,0.14805795466697,32.5112952713344
8.81527777777778,0.688924733960057,0.818761253121448,0.147987153435198,32.5117009863115
8.81537698412698,0.688868528418812,0.81870883977932,0.147916386128778,32.5121066625569
8.81547619047619,0.688812328308242,0.81865642489619,0.147845652731378,32.512512300077
8.8155753968254,0.688756133627451,0.818604008474893,0.147774953226673,32.5129178988782
8.8156746031746,0.688699944375547,0.818551590518263,0.147704287598345,32.5133234589669
8.81577380952381,0.688643760551633,0.818499171029133,0.14763365583008,32.5137289803493
8.81587301587301,0.688587582154817,0.818446750010334,0.147563057905573,32.5141344630318
8.81597222222222,0.688531409184205,0.818394327464696,0.147492493808523,32.5145399070208
8.81607142857143,0.688475241638904,0.818341903395047,0.147421963522637,32.5149453123226
8.81617063492063,0.68841907951802,0.818289477804216,0.147351467031626,32.5153506789436
8.81626984126984,0.68836292282066,0.818237050695029,0.14728100431921,32.5157560068902
8.81636904761905,0.688306771545934,0.818184622070311,0.147210575369115,32.5161612961685
8.81646825396825,0.688250625692948,0.818132191932886,0.147140180165071,32.5165665467851
8.81656746031746,0.688194485260811,0.818079760285577,0.147069818690815,32.5169717587462
8.81666666666667,0.688138350248632,0.818027327131205,0.146999490930091,32.5173769320582
8.81676587301587,0.688082220655519,0.81797489247259,0.14692919686665,32.5177820667274
8.81686507936508,0.688026096480582,0.817922456312552,0.146858936484247,32.5181871627602
8.81696428571429,0.68796997772293,0.817870018653908,0.146788709766645,32.5185922201628
8.81706349206349,0.687913864381673,0.817817579499474,0.146718516697613,32.5189972389417
8.8171626984127,0.687857756455921,0.817765138852066,0.146648357260925,32.5194022191031
8.8172619047619,0.687801653944785,0.817712696714498,0.146578231440363,32.5198071606533
8.81736111111111,0.687745556847375,0.817660253089583,0.146508139219714,32.5202120635988
8.81746031746032,0.687689465162803,0.817607807980131,0.146438080582772,32.5206169279457
8.81755952380952,0.68763337889018,0.817555361388955,0.146368055513337,32.5210217537005
8.81765873015873,0.687577298028617,0.817502913318862,0.146298063995215,32.5214265408695
8.81775793650794,0.687521222577226,0.81745046377266,0.146228106012218,32.521831289459
8.81785714285714,0.687465152535122,0.817398012753156,0.146158181548166,32.5222359994752
8.81795634920635,0.687409087901414,0.817345560263156,0.146088290586884,32.5226406709245
8.81805555555556,0.687353028675218,0.817293106305464,0.146018433112202,32.5230453038133
8.81815476190476,0.687296974855645,0.817240650882882,0.145948609107957,32.5234498981478
8.81825396825397,0.687240926441809,0.817188193998212,0.145878818557995,32.5238544539344
8.81835317460317,0.687184883432825,0.817135735654255,0.145809061446164,32.5242589711793
8.81845238095238,0.687128845827807,0.81708327585381,0.145739337756321,32.5246634498889
8.81855158730159,0.687072813625869,0.817030814599675,0.145669647472328,32.5250678900695
8.81865079365079,0.687016786826125,0.816978351894646,0.145599990578055,32.5254722917273
8.81875,0.686960765427692,0.816925887741519,0.145530367057375,32.5258766548687
8.81884920634921,0.686904749429684,0.816873422143088,0.145460776894171,32.5262809794999
8.81894841269841,0.686848738831218,0.816820955102147,0.145391220072329,32.5266852656274
8.81904761904762,0.686792733631409,0.816768486621487,0.145321696575743,32.5270895132573
8.81914682539682,0.686736733829374,0.816716016703898,0.145252206388314,32.5274937223959
8.81924603174603,0.686680739424228,0.81666354535217,0.145182749493946,32.5278978930496
8.81934523809524,0.686624750415091,0.816611072569091,0.145113325876555,32.5283020252247
8.81944444444444,0.686568766801078,0.816558598357448,0.145043935520056,32.5287061189274
8.81954365079365,0.686512788581308,0.816506122720026,0.144974578408377,32.529110174164
8.81964285714286,0.686456815754898,0.81645364565961,0.144905254525447,32.5295141909409
8.81974206349206,0.686400848320967,0.816401167178983,0.144835963855205,32.5299181692642
8.81984126984127,0.686344886278633,0.816348687280927,0.144766706381594,32.5303221091403
8.81994047619048,0.686288929627016,0.816296205968223,0.144697482088563,32.5307260105754
8.82003968253968,0.686232978365233,0.816243723243649,0.14462829096007,32.5311298735759
8.82013888888889,0.686177032492405,0.816191239109984,0.144559132980077,32.531533698148
8.82023809523809,0.686121092007652,0.816138753570006,0.144490008132552,32.531937484298
8.8203373015873,0.686065156910094,0.816086266626489,0.14442091640147,32.5323412320322
8.82043650793651,0.686009227198851,0.816033778282208,0.144351857770812,32.5327449413568
8.82053571428571,0.685953302873044,0.815981288539937,0.144282832224567,32.5331486122781
8.82063492063492,0.685897383931793,0.815928797402447,0.144213839746727,32.5335522448024
8.82073412698413,0.685841470374221,0.815876304872509,0.144144880321291,32.5339558389359
8.82083333333333,0.685785562199449,0.815823810952893,0.144075953932269,32.5343593946849
8.82093253968254,0.685729659406599,0.815771315646367,0.144007060563671,32.5347629120557
8.82103174603175,0.685673761994794,0.815718818955698,0.143938200199515,32.5351663910545
8.82113095238095,0.685617869963155,0.815666320883653,0.143869372823828,32.5355698316877
8.82123015873016,0.685561983310807,0.815613821432994,0.143800578420639,32.5359732339613
8.82132936507936,0.685506102036871,0.815561320606487,0.143731816973988,32.5363765978818
8.82142857142857,0.685450226140473,0.815508818406892,0.143663088467916,32.5367799234554
8.82152777777778,0.685394355620734,0.815456314836972,0.143594392886475,32.5371832106882
8.82162698412698,0.685338490476781,0.815403809899485,0.14352573021372,32.5375864595867
8.82172619047619,0.685282630707737,0.815351303597189,0.143457100433713,32.5379896701569
8.8218253968254,0.685226776312727,0.815298795932843,0.143388503530525,32.5383928424052
8.8219246031746,0.685170927290876,0.815246286909202,0.143319939488229,32.5387959763379
8.82202380952381,0.68511508364131,0.815193776529021,0.143251408290906,32.5391990719611
8.82212301587301,0.685059245363154,0.815141264795052,0.143182909922645,32.539602129281
8.82222222222222,0.685003412455533,0.815088751710049,0.143114444367538,32.5400051483041
8.82232142857143,0.684947584917576,0.815036237276762,0.143046011609686,32.5404081290364
8.82242063492064,0.684891762748409,0.814983721497942,0.142977611633195,32.5408110714842
8.82251984126984,0.684835945947158,0.814931204376336,0.142909244422178,32.5412139756538
8.82261904761905,0.68478013451295,0.814878685914692,0.142840909960752,32.5416168415514
8.82271825396825,0.684724328444914,0.814826166115757,0.142772608233044,32.5420196691832
8.82281746031746,0.684668527742177,0.814773644982274,0.142704339223184,32.5424224585554
8.82291666666667,0.684612732403868,0.814721122516987,0.14263610291531,32.5428252096744
8.82301587301587,0.684556942429114,0.814668598722639,0.142567899293565,32.5432279225462
8.82311507936508,0.684501157817045,0.814616073601971,0.1424997283421,32.5436305971772
8.82321428571429,0.684445378566791,0.814563547157722,0.14243159004507,32.5440332335735
8.82331349206349,0.684389604677479,0.814511019392632,0.142363484386638,32.5444358317415
8.8234126984127,0.684333836148241,0.814458490309438,0.142295411350973,32.5448383916872
8.8235119047619,0.684278072978207,0.814405959910875,0.142227370922249,32.5452409134169
8.82361111111111,0.684222315166506,0.814353428199679,0.142159363084648,32.5456433969369
8.82371031746032,0.684166562712268,0.814300895178583,0.142091387822356,32.5460458422534
8.82380952380952,0.684110815614627,0.81424836085032,0.142023445119569,32.5464482493725
8.82390873015873,0.684055073872713,0.814195825217621,0.141955534960486,32.5468506183005
8.82400793650794,0.683999337485658,0.814143288283217,0.141887657329314,32.5472529490435
8.82410714285714,0.683943606452593,0.814090750049835,0.141819812210263,32.5476552416079
8.82420634920635,0.68388788077265,0.814038210520204,0.141751999587554,32.5480574959998
8.82430555555556,0.683832160444963,0.813985669697049,0.141684219445411,32.5484597122254
8.82440476190476,0.683776445468664,0.813933127583096,0.141616471768065,32.5488618902909
8.82450396825397,0.683720735842887,0.813880584181068,0.141548756539754,32.5492640302025
8.82460317460317,0.683665031566765,0.813828039493689,0.141481073744722,32.5496661319664
8.82470238095238,0.683609332639431,0.813775493523678,0.141413423367217,32.5500681955889
8.82480158730159,0.683553639060021,0.813722946273757,0.141345805391498,32.550470221076
8.82490079365079,0.683497950827668,0.813670397746644,0.141278219801825,32.5508722084341
8.825,0.683442267941507,0.813617847945057,0.141210666582468,32.5512741576693
8.82509920634921,0.683386590400673,0.813565296871712,0.141143145717702,32.5516760687877
8.82519841269841,0.683330918204302,0.813512744529324,0.141075657191806,32.5520779417957
8.82529761904762,0.683275251351529,0.813460190920608,0.141008200989071,32.5524797766992
8.82539682539683,0.683219589841491,0.813407636048276,0.140940777093789,32.5528815735047
8.82549603174603,0.683163933673324,0.813355079915039,0.140873385490259,32.5532833322182
8.82559523809524,0.683108282846164,0.813302522523608,0.140806026162789,32.5536850528459
8.82569444444444,0.683052637359148,0.813249963876691,0.14073869909569,32.554086735394
8.82579365079365,0.682996997211414,0.813197403976996,0.140671404273281,32.5544883798687
8.82589285714286,0.6829413624021,0.813144842827231,0.140604141679887,32.5548899862761
8.82599206349206,0.682885732930342,0.813092280430099,0.14053691129984,32.5552915546225
8.82609126984127,0.68283010879528,0.813039716788305,0.140469713117476,32.555693084914
8.82619047619048,0.682774489996051,0.812987151904552,0.14040254711714,32.5560945771567
8.82628968253968,0.682718876531795,0.812934585781542,0.140335413283181,32.5564960313569
8.82638888888889,0.68266326840165,0.812882018421974,0.140268311599955,32.5568974475208
8.82648809523809,0.682607665604757,0.812829449828547,0.140201242051826,32.5572988256544
8.8265873015873,0.682552068140255,0.812776880003961,0.140134204623161,32.5577001657639
8.82668650793651,0.682496476007283,0.812724308950909,0.140067199298334,32.5581014678556
8.82678571428571,0.682440889204983,0.81267173667209,0.14000022606173,32.5585027319356
8.82688492063492,0.682385307732495,0.812619163170197,0.139933284897733,32.55890395801
8.82698412698413,0.682329731588961,0.812566588447922,0.139866375790738,32.559305146085
8.82708333333333,0.68227416077352,0.812514012507958,0.139799498725146,32.5597062961667
8.82718253968254,0.682218595285316,0.812461435352993,0.139732653685361,32.5601074082614
8.82728174603175,0.68216303512349,0.812408856985719,0.139665840655796,32.5605084823751
8.82738095238095,0.682107480287184,0.812356277408823,0.13959905962087,32.560909518514
8.82748015873016,0.68205193077554,0.812303696624991,0.139532310565009,32.5613105166843
8.82757936507936,0.681996386587703,0.812251114636909,0.139465593472642,32.5617114768921
8.82767857142857,0.681940847722814,0.812198531447261,0.139398908328208,32.5621123991436
8.82777777777778,0.681885314180017,0.81214594705873,0.139332255116151,32.5625132834448
8.82787698412698,0.681829785958457,0.812093361473998,0.139265633820919,32.562914129802
8.82797619047619,0.681774263057277,0.812040774695746,0.13919904442697,32.5633149382213
8.8280753968254,0.681718745475621,0.811988186726652,0.139132486918766,32.5637157087089
8.8281746031746,0.681663233212635,0.811935597569395,0.139065961280774,32.5641164412707
8.82827380952381,0.681607726267463,0.811883007226652,0.138999467497472,32.5645171359131
8.82837301587302,0.681552224639251,0.811830415701098,0.138933005553339,32.5649177926421
8.82847222222222,0.681496728327145,0.811777822995407,0.138866575432863,32.5653184114639
8.82857142857143,0.681441237330291,0.811725229112254,0.138800177120537,32.5657189923846
8.82867063492064,0.681385751647834,0.811672634054309,0.138733810600863,32.5661195354103
8.82876984126984,0.681330271278921,0.811620037824243,0.138667475858345,32.5665200405472
8.82886904761905,0.6812747962227,0.811567440424726,0.138601172877496,32.5669205078013
8.82896825396825,0.681219326478318,0.811514841858425,0.138534901642835,32.5673209371789
8.82906746031746,0.681163862044921,0.811462242128009,0.138468662138887,32.567721328686
8.82916666666667,0.681108402921659,0.811409641236142,0.138402454350182,32.5681216823287
8.82926587301587,0.681052949107679,0.811357039185488,0.138336278261259,32.5685219981132
8.82936507936508,0.680997500602129,0.811304435978712,0.138270133856661,32.5689222760456
8.82946428571429,0.680942057404159,0.811251831618475,0.138204021120938,32.569322516132
8.82956349206349,0.680886619512917,0.811199226107437,0.138137940038646,32.5697227183784
8.8296626984127,0.680831186927553,0.811146619448259,0.138071890594347,32.5701228827912
8.82976190476191,0.680775759647217,0.811094011643598,0.138005872772611,32.5705230093762
8.82986111111111,0.680720337671059,0.811041402696113,0.137939886558012,32.5709230981397
8.82996031746032,0.680664920998229,0.810988792608458,0.137873931935131,32.5713231490878
8.83005952380952,0.680609509627877,0.810936181383288,0.137808008888556,32.5717231622265
8.83015873015873,0.680554103559155,0.810883569023256,0.13774211740288,32.5721231375619
8.83025793650794,0.680498702791215,0.810830955531015,0.137676257462704,32.5725230751003
8.83035714285714,0.680443307323206,0.810778340909215,0.137610429052633,32.5729229748475
8.83045634920635,0.680387917154283,0.810725725160506,0.137544632157279,32.5733228368099
8.83055555555556,0.680332532283596,0.810673108287537,0.137478866761263,32.5737226609934
8.83065476190476,0.680277152710298,0.810620490292954,0.137413132849208,32.5741224474041
8.83075396825397,0.680221778433542,0.810567871179403,0.137347430405745,32.5745221960482
8.83085317460317,0.680166409452482,0.81051525094953,0.137281759415512,32.5749219069318
8.83095238095238,0.68011104576627,0.810462629605978,0.137216119863153,32.5753215800608
8.83105158730159,0.680055687374061,0.810410007151388,0.137150511733318,32.5757212154415
8.83115079365079,0.680000334275008,0.810357383588401,0.137084935010662,32.5761208130799
8.83125,0.679944986468266,0.810304758919658,0.137019389679848,32.576520372982
8.83134920634921,0.67988964395299,0.810252133147798,0.136953875725546,32.576919895154
8.83144841269841,0.679834306728335,0.810199506275456,0.136888393132429,32.577319379602
8.83154761904762,0.679778974793456,0.81014687830527,0.136822941885179,32.577718826332
8.83164682539683,0.679723648147508,0.810094249239875,0.136757521968484,32.5781182353501
8.83174603174603,0.679668326789649,0.810041619081902,0.136692133367036,32.5785176066624
8.83184523809524,0.679613010719033,0.809988987833986,0.136626776065537,32.5789169402749
8.83194444444444,0.679557699934817,0.809936355498757,0.136561450048691,32.5793162361937
8.83204365079365,0.679502394436159,0.809883722078845,0.136496155301212,32.579715494425
8.83214285714286,0.679447094222216,0.809831087576878,0.136430891807818,32.5801147149747
8.83224206349206,0.679391799292145,0.809778451995484,0.136365659553234,32.5805138978489
8.83234126984127,0.679336509645104,0.80972581533729,0.136300458522191,32.5809130430538
8.83244047619048,0.67928122528025,0.809673177604919,0.136235288699427,32.5813121505953
8.83253968253968,0.679225946196744,0.809620538800996,0.136170150069685,32.5817112204795
8.83263888888889,0.679170672393742,0.809567898928142,0.136105042617715,32.5821102527126
8.8327380952381,0.679115403870405,0.80951525798898,0.136039966328273,32.5825092473004
8.8328373015873,0.679060140625892,0.80946261598613,0.135974921186122,32.5829082042492
8.83293650793651,0.679004882659362,0.809409972922209,0.135909907176031,32.5833071235649
8.83303571428571,0.678949629969976,0.809357328799836,0.135844924282774,32.5837060052536
8.83313492063492,0.678894382556893,0.809304683621626,0.135779972491133,32.5841048493214
8.83323412698413,0.678839140419276,0.809252037390195,0.135715051785894,32.5845036557743
8.83333333333333,0.678783903556283,0.809199390108157,0.135650162151852,32.5849024246183
8.83343253968254,0.678728671967077,0.809146741778124,0.135585303573806,32.5853011558596
8.83353174603175,0.678673445650819,0.809094092402707,0.135520476036563,32.5856998495041
8.83363095238095,0.678618224606672,0.809041441984516,0.135455679524935,32.5860985055579
8.83373015873016,0.678563008833796,0.808988790526161,0.13539091402374,32.586497124027
8.83382936507936,0.678507798331356,0.808936138030248,0.135326179517804,32.5868957049176
8.83392857142857,0.678452593098513,0.808883484499385,0.135261475991958,32.5872942482355
8.83402777777778,0.67839739313443,0.808830829936176,0.135196803431038,32.5876927539868
8.83412698412699,0.678342198438272,0.808778174343225,0.135132161819889,32.5880912221777
8.83422619047619,0.678287009009201,0.808725517723135,0.135067551143361,32.5884896528141
8.8343253968254,0.678231824846383,0.808672860078507,0.13500297138631,32.588888045902
8.8344246031746,0.678176645948981,0.808620201411942,0.134938422533598,32.5892864014475
8.83452380952381,0.67812147231616,0.808567541726038,0.134873904570094,32.5896847194566
8.83462301587302,0.678066303947085,0.808514881023394,0.134809417480673,32.5900829999353
8.83472222222222,0.678011140840922,0.808462219306605,0.134744961250215,32.5904812428897
8.83482142857143,0.677955982996835,0.808409556578267,0.134680535863609,32.5908794483257
8.83492063492064,0.677900830413991,0.808356892840973,0.134616141305748,32.5912776162494
8.83501984126984,0.677845683091556,0.808304228097318,0.134551777561532,32.5916757466669
8.83511904761905,0.677790541028697,0.808251562349891,0.134487444615867,32.5920738395841
8.83521825396825,0.677735404224581,0.808198895601284,0.134423142453665,32.592471895007
8.83531746031746,0.677680272678374,0.808146227854086,0.134358871059845,32.5928699129418
8.83541666666667,0.677625146389244,0.808093559110883,0.134294630419332,32.5932678933942
8.83551587301587,0.677570025356359,0.808040889374264,0.134230420517057,32.5936658363705
8.83561507936508,0.677514909578887,0.807988218646812,0.134166241337957,32.5940637418765
8.83571428571429,0.677459799055997,0.807935546931113,0.134102092866976,32.5944616099184
8.83581349206349,0.677404693786857,0.80788287422975,0.134037975089065,32.5948594405021
8.8359126984127,0.677349593770637,0.807830200545303,0.133973887989179,32.5952572336335
8.83601190476191,0.677294499006505,0.807777525880354,0.13390983155228,32.5956549893188
8.83611111111111,0.677239409493631,0.807724850237481,0.133845805763338,32.5960527075639
8.83621031746032,0.677184325231186,0.807672173619262,0.133781810607327,32.5964503883748
8.83630952380952,0.677129246218339,0.807619496028275,0.133717846069228,32.5968480317575
8.83640873015873,0.677074172454262,0.807566817467094,0.133653912134028,32.597245637718
8.83650793650794,0.677019103938124,0.807514137938294,0.133590008786722,32.5976432062623
8.83660714285714,0.676964040669098,0.807461457444448,0.13352613601231,32.5980407373963
8.83670634920635,0.676908982646355,0.807408775988127,0.133462293795796,32.5984382311262
8.83680555555556,0.676853929869067,0.807356093571902,0.133398482122194,32.5988356874578
8.83690476190476,0.676798882336405,0.807303410198342,0.133334700976522,32.5992331063972
8.83700396825397,0.676743840047543,0.807250725870016,0.133270950343806,32.5996304879503
8.83710317460318,0.676688803001652,0.807198040589489,0.133207230209075,32.6000278321231
8.83720238095238,0.676633771197907,0.807145354359329,0.133143540557369,32.6004251389216
8.83730158730159,0.676578744635481,0.807092667182099,0.133079881373731,32.6008224083518
8.83740079365079,0.676523723313547,0.807039979060362,0.133016252643209,32.6012196404196
8.8375,0.676468707231279,0.80698728999668,0.132952654350861,32.6016168351311
8.83759920634921,0.676413696387853,0.806934599993613,0.132889086481749,32.6020139924921
8.83769841269841,0.676358690782441,0.806881909053722,0.132825549020941,32.6024111125088
8.83779761904762,0.67630369041422,0.806829217179564,0.132762041953513,32.602808195187
8.83789682539683,0.676248695282365,0.806776524373696,0.132698565264545,32.6032052405327
8.83799603174603,0.676193705386051,0.806723830638673,0.132635118939125,32.6036022485518
8.83809523809524,0.676138720724453,0.806671135977051,0.132571702962347,32.6039992192505
8.83819444444444,0.67608374129675,0.806618440391383,0.13250831731931,32.6043961526345
8.83829365079365,0.676028767102116,0.806565743884219,0.132444961995121,32.6047930487099
8.83839285714286,0.675973798139729,0.806513046458112,0.132381636974891,32.6051899074827
8.83849206349206,0.675918834408765,0.806460348115611,0.13231834224374,32.6055867289587
8.83859126984127,0.675863875908402,0.806407648859263,0.132255077786792,32.605983513144
8.83869047619048,0.675808922637819,0.806354948691616,0.132191843589179,32.6063802600446
8.83878968253968,0.675753974596193,0.806302247615217,0.132128639636038,32.6067769696662
8.83888888888889,0.675699031782703,0.806249545632608,0.132065465912513,32.607173642015
8.8389880952381,0.675644094196527,0.806196842746334,0.132002322403753,32.6075702770968
8.8390873015873,0.675589161836844,0.806144138958937,0.131939209094915,32.6079668749177
8.83918650793651,0.675534234702834,0.806091434272958,0.131876125971161,32.6083634354835
8.83928571428571,0.675479312793676,0.806038728690936,0.131813073017659,32.6087599588002
8.83938492063492,0.67542439610855,0.805986022215409,0.131750050219585,32.6091564448737
8.83948412698413,0.675369484646636,0.805933314848915,0.13168705756212,32.60955289371
8.83958333333333,0.675314578407116,0.805880606593989,0.13162409503045,32.6099493053151
8.83968253968254,0.675259677389169,0.805827897453167,0.131561162609771,32.6103456796948
8.83978174603175,0.675204781591977,0.805775187428981,0.131498260285281,32.6107420168551
8.83988095238095,0.675149891014722,0.805722476523965,0.131435388042186,32.6111383168019
8.83998015873016,0.675095005656586,0.805669764740648,0.1313725458657,32.6115345795413
8.84007936507937,0.675040125516749,0.80561705208156,0.131309733741039,32.611930805079
8.84017857142857,0.674985250594396,0.805564338549231,0.131246951653431,32.612326993421
8.84027777777778,0.674930380888709,0.805511624146187,0.131184199588106,32.6127231445733
8.84037698412699,0.67487551639887,0.805458908874955,0.1311214775303,32.6131192585418
8.84047619047619,0.674820657124064,0.805406192738058,0.131058785465259,32.6135153353323
8.8405753968254,0.674765803063473,0.805353475738022,0.130996123378231,32.6139113749509
8.8406746031746,0.674710954216283,0.805300757877367,0.130933491254473,32.6143073774035
8.84077380952381,0.674656110581676,0.805248039158615,0.130870889079246,32.6147033426959
8.84087301587302,0.674601272158839,0.805195319584286,0.130808316837821,32.6150992708341
8.84097222222222,0.674546438946955,0.805142599156899,0.130745774515471,32.615495161824
8.84107142857143,0.67449161094521,0.80508987787897,0.130683262097478,32.6158910156715
8.84117063492064,0.67443678815279,0.805037155753017,0.130620779569129,32.6162868323825
8.84126984126984,0.67438197056888,0.804984432781553,0.130558326915717,32.616682611963
8.84136904761905,0.674327158192667,0.804931708967093,0.130495904122543,32.6170783544188
8.84146825396825,0.674272351023336,0.804878984312148,0.130433511174913,32.6174740597559
8.84156746031746,0.674217549060075,0.80482625881923,0.130371148058139,32.6178697279801
8.84166666666667,0.674162752302072,0.80477353249085,0.130308814757539,32.6182653590974
8.84176587301587,0.674107960748513,0.804720805329516,0.13024651125844,32.6186609531136
8.84186507936508,0.674053174398586,0.804668077337734,0.130184237546171,32.6190565100348
8.84196428571429,0.67399839325148,0.804615348518013,0.13012199360607,32.6194520298666
8.84206349206349,0.673943617306382,0.804562618872855,0.130059779423481,32.6198475126151
8.8421626984127,0.673888846562482,0.804509888404766,0.129997594983753,32.6202429582862
8.84226190476191,0.673834081018967,0.804457157116248,0.129935440272243,32.6206383668857
8.84236111111111,0.673779320675028,0.804404425009801,0.129873315274314,32.6210337384196
8.84246031746032,0.673724565529855,0.804351692087927,0.129811219975333,32.6214290728937
8.84255952380952,0.673669815582636,0.804298958353124,0.129749154360675,32.6218243703139
8.84265873015873,0.673615070832563,0.804246223807889,0.129687118415722,32.6222196306861
8.84275793650794,0.673560331278826,0.804193488454719,0.129625112125862,32.6226148540161
8.84285714285714,0.673505596920615,0.80414075229611,0.129563135476487,32.62301004031
8.84295634920635,0.673450867757122,0.804088015334554,0.129501188452997,32.6234051895735
8.84305555555556,0.673396143787538,0.804035277572543,0.129439271040798,32.6238003018125
8.84315476190476,0.673341425011056,0.803982539012572,0.129377383225304,32.624195377033
8.84325396825397,0.673286711426867,0.803929799657128,0.129315524991933,32.6245904152407
8.84335317460318,0.673232003034164,0.803877059508702,0.12925369632611,32.6249854164415
8.84345238095238,0.673177299832139,0.80382431856978,0.129191897213265,32.6253803806414
8.84355158730159,0.673122601819985,0.803771576842849,0.129130127638836,32.6257753078462
8.84365079365079,0.673067908996897,0.803718834330395,0.129068387588266,32.6261701980618
8.84375,0.673013221362066,0.803666091034901,0.129006677047006,32.626565051294
8.84384920634921,0.672958538914688,0.80361334695885,0.128944996000512,32.6269598675487
8.84394841269841,0.672903861653957,0.803560602104723,0.128883344434246,32.6273546468318
8.84404761904762,0.672849189579067,0.803507856475002,0.128821722333676,32.627749389149
8.84414682539682,0.672794522689213,0.803455110072165,0.128760129684278,32.6281440945064
8.84424603174603,0.672739860983591,0.803402362898689,0.128698566471532,32.6285387629097
8.84434523809524,0.672685204461396,0.803349614957052,0.128637032680926,32.6289333943649
8.84444444444444,0.672630553121823,0.803296866249728,0.128575528297954,32.6293279888777
8.84454365079365,0.672575906964068,0.803244116779191,0.128514053308114,32.629722546454
8.84464285714286,0.67252126598733,0.803191366547916,0.128452607696915,32.6301170670996
8.84474206349206,0.672466630190804,0.803138615558373,0.128391191449867,32.6305115508205
8.84484126984127,0.672411999573687,0.803085863813033,0.12832980455249,32.6309059976224
8.84494047619048,0.672357374135177,0.803033111314364,0.128268446990309,32.6313004075113
8.84503968253968,0.672302753874471,0.802980358064835,0.128207118748854,32.6316947804929
8.84513888888889,0.672248138790767,0.802927604066913,0.128145819813662,32.6320891165731
8.84523809523809,0.672193528883265,0.802874849323062,0.128084550170278,32.6324834157577
8.8453373015873,0.672138924151161,0.802822093835747,0.128023309804252,32.6328776780526
8.84543650793651,0.672084324593656,0.802769337607432,0.127962098701139,32.6332719034637
8.84553571428571,0.672029730209948,0.802716580640577,0.127900916846501,32.6336660919967
8.84563492063492,0.671975140999238,0.802663822937643,0.127839764225908,32.6340602436574
8.84573412698413,0.671920556960725,0.80261106450109,0.127778640824934,32.6344543584518
8.84583333333333,0.671865978093609,0.802558305333375,0.127717546629161,32.6348484363857
8.84593253968254,0.67181140439709,0.802505545436956,0.127656481624175,32.6352424774648
8.84603174603175,0.67175683587037,0.802452784814287,0.12759544579557,32.635636481695
8.84613095238095,0.67170227251265,0.802400023467824,0.127534439128946,32.6360304490822
8.84623015873016,0.671647714323131,0.802347261400019,0.12747346160991,32.6364243796321
8.84632936507936,0.671593161301015,0.802294498613324,0.127412513224074,32.6368182733506
8.84642857142857,0.671538613445504,0.802241735110191,0.127351593957056,32.6372121302435
8.84652777777778,0.671484070755801,0.802188970893067,0.12729070379448,32.6376059503166
8.84662698412698,0.671429533231108,0.802136205964401,0.12722984272198,32.6379997335758
8.84672619047619,0.671375000870627,0.802083440326641,0.12716901072519,32.6383934800268
8.8468253968254,0.671320473673563,0.802030673982232,0.127108207789756,32.6387871896755
8.8469246031746,0.67126595163912,0.801977906933617,0.127047433901327,32.6391808625277
8.84702380952381,0.6712114347665,0.801925139183242,0.126986689045559,32.6395744985891
8.84712301587301,0.671156923054908,0.801872370733546,0.126925973208114,32.6399680978657
8.84722222222222,0.67110241650355,0.801819601586972,0.126865286374662,32.6403616603631
8.84732142857143,0.671047915111628,0.801766831745959,0.126804628530876,32.6407551860873
8.84742063492063,0.67099341887835,0.801714061212944,0.126743999662438,32.641148675044
8.84751984126984,0.67093892780292,0.801661289990365,0.126683399755035,32.641542127239
8.84761904761905,0.670884441884544,0.801608518080658,0.126622828794362,32.6419355426781
8.84771825396825,0.670829961122429,0.801555745486257,0.126562286766117,32.6423289213671
8.84781746031746,0.67077548551578,0.801502972209596,0.126501773656008,32.6427222633119
8.84791666666667,0.670721015063805,0.801450198253106,0.126441289449746,32.6431155685181
8.84801587301587,0.67066654976571,0.801397423619219,0.126380834133049,32.6435088369916
8.84811507936508,0.670612089620704,0.801344648310364,0.126320407691644,32.6439020687383
8.84821428571429,0.670557634627992,0.801291872328969,0.12626001011126,32.6442952637638
8.84831349206349,0.670503184786785,0.801239095677462,0.126199641377636,32.644688422074
8.8484126984127,0.670448740096289,0.801186318358268,0.126139301476514,32.6450815436746
8.8485119047619,0.670394300555714,0.801133540373813,0.126078990393645,32.6454746285715
8.84861111111111,0.670339866164268,0.801080761726518,0.126018708114784,32.6458676767704
8.84871031746032,0.670285436921161,0.801027982418808,0.125958454625695,32.6462606882771
8.84880952380952,0.670231012825602,0.800975202453102,0.125898229912145,32.6466536630974
8.84890873015873,0.670176593876802,0.80092242183182,0.12583803395991,32.6470466012371
8.84900793650794,0.670122180073969,0.800869640557381,0.125777866754769,32.6474395027019
8.84910714285714,0.670067771416315,0.800816858632202,0.125717728282513,32.6478323674976
8.84920634920635,0.670013367903051,0.800764076058699,0.125657618528933,32.64822519563
8.84930555555556,0.669958969533387,0.800711292839287,0.125597537479829,32.6486179871048
8.84940476190476,0.669904576306535,0.800658508976379,0.125537485121008,32.6490107419279
8.84950396825397,0.669850188221708,0.800605724472388,0.125477461438281,32.6494034601049
8.84960317460317,0.669795805278116,0.800552939329725,0.125417466417469,32.6497961416418
8.84970238095238,0.669741427474972,0.800500153550799,0.125357500044394,32.6501887865441
8.84980158730159,0.669687054811489,0.800447367138019,0.125297562304889,32.6505813948177
8.84990079365079,0.66963268728688,0.800394580093793,0.12523765318479,32.6509739664684
8.85,0.669578324900358,0.800341792420526,0.125177772669942,32.6513665015018
8.85009920634921,0.669523967651137,0.800289004120623,0.125117920746194,32.6517589999239
8.85019841269841,0.66946961553843,0.800236215196489,0.125058097399402,32.6521514617402
8.85029761904762,0.669415268561452,0.800183425650525,0.124998302615429,32.6525438869566
8.85039682539682,0.669360926719418,0.800130635485133,0.124938536380143,32.6529362755788
8.85049603174603,0.669306590011541,0.800077844702711,0.124878798679418,32.6533286276126
8.85059523809524,0.669252258437038,0.800025053305661,0.124819089499137,32.6537209430637
8.85069444444444,0.669197931995124,0.799972261296378,0.124759408825186,32.6541132219379
8.85079365079365,0.669143610685015,0.799919468677259,0.12469975664346,32.6545054642409
8.85089285714286,0.669089294505926,0.799866675450699,0.124640132939857,32.6548976699784
8.85099206349206,0.669034983457075,0.799813881619091,0.124580537700284,32.6552898391563
8.85109126984127,0.668980677537678,0.799761087184829,0.124520970910654,32.6556819717801
8.85119047619048,0.668926376746951,0.799708292150303,0.124461432556884,32.6560740678558
8.85128968253968,0.668872081084112,0.799655496517904,0.124401922624901,32.6564661273889
8.85138888888889,0.66881779054838,0.79960270029002,0.124342441100634,32.6568581503853
8.85148809523809,0.668763505138971,0.799549903469039,0.124282987970021,32.6572501368507
8.8515873015873,0.668709224855104,0.799497106057347,0.124223563219006,32.6576420867908
8.85168650793651,0.668654949695998,0.79944430805733,0.124164166833539,32.6580340002113
8.85178571428571,0.668600679660872,0.79939150947137,0.124104798799575,32.658425877118
8.85188492063492,0.668546414748944,0.799338710301852,0.124045459103077,32.6588177175165
8.85198412698413,0.668492154959434,0.799285910551155,0.123986147730013,32.6592095214127
8.85208333333333,0.668437900291563,0.799233110221661,0.123926864666359,32.6596012888123
8.85218253968254,0.668383650744551,0.799180309315748,0.123867609898096,32.6599930197209
8.85228174603175,0.668329406317617,0.799127507835794,0.123808383411211,32.6603847141442
8.85238095238095,0.668275167009982,0.799074705784175,0.123749185191697,32.6607763720881
8.85248015873016,0.668220932820868,0.799021903163267,0.123690015225554,32.6611679935581
8.85257936507936,0.668166703749496,0.798969099975444,0.123630873498788,32.6615595785601
8.85267857142857,0.668112479795088,0.798916296223078,0.123571759997413,32.6619511270998
8.85277777777778,0.668058260956865,0.798863491908541,0.123512674707445,32.6623426391827
8.85287698412698,0.66800404723405,0.798810687034202,0.123453617614911,32.6627341148148
8.85297619047619,0.667949838625867,0.798757881602432,0.12339458870584,32.6631255540016
8.8530753968254,0.667895635131536,0.798705075615598,0.123335587966272,32.6635169567488
8.8531746031746,0.667841436750283,0.798652269076066,0.123276615382248,32.6639083230623
8.85327380952381,0.66778724348133,0.798599461986202,0.123217670939819,32.6642996529476
8.85337301587301,0.667733055323901,0.79854665434837,0.123158754625042,32.6646909464104
8.85347222222222,0.66767887227722,0.798493846164931,0.123099866423976,32.6650822034566
8.85357142857143,0.667624694340513,0.79844103743825,0.123041006322694,32.6654734240917
8.85367063492064,0.667570521513003,0.798388228170686,0.122982174307268,32.6658646083215
8.85376984126984,0.667516353793917,0.798335418364597,0.12292337036378,32.6662557561517
8.85386904761905,0.667462191182479,0.798282608022342,0.122864594478317,32.6666468675879
8.85396825396825,0.667408033677915,0.798229797146277,0.122805846636973,32.6670379426358
8.85406746031746,0.667353881279451,0.798176985738758,0.122747126825847,32.6674289813012
8.85416666666667,0.667299733986314,0.798124173802139,0.122688435031046,32.6678199835896
8.85426587301587,0.667245591797731,0.798071361338773,0.122629771238682,32.6682109495069
8.85436507936508,0.667191454712927,0.798018548351012,0.122571135434874,32.6686018790587
8.85446428571429,0.667137322731131,0.797965734841206,0.122512527605746,32.6689927722506
8.85456349206349,0.66708319585157,0.797912920811704,0.122453947737429,32.6693836290883
8.8546626984127,0.667029074073473,0.797860106264854,0.122395395816061,32.6697744495776
8.8547619047619,0.666974957396067,0.797807291203004,0.122336871827785,32.6701652337241
8.85486111111111,0.66692084581858,0.797754475628499,0.122278375758752,32.6705559815334
8.85496031746032,0.666866739340242,0.797701659543682,0.122219907595116,32.6709466930113
8.85505952380952,0.666812637960283,0.797648842950898,0.122161467323041,32.6713373681634
8.85515873015873,0.666758541677931,0.797596025852488,0.122103054928695,32.6717280069954
8.85525793650794,0.666704450492416,0.797543208250792,0.122044670398253,32.6721186095129
8.85535714285714,0.666650364402969,0.79749039014815,0.121986313717897,32.6725091757217
8.85545634920635,0.666596283408819,0.797437571546901,0.121927984873812,32.6728997056273
8.85555555555556,0.666542207509198,0.79738475244938,0.121869683852194,32.6732901992355
8.85565476190476,0.666488136703337,0.797331932857924,0.121811410639241,32.6736806565518
8.85575396825397,0.666434070990466,0.797279112774867,0.12175316522116,32.6740710775821
8.85585317460317,0.666380010369818,0.797226292202542,0.121694947584164,32.6744614623318
8.85595238095238,0.666325954840625,0.797173471143281,0.12163675771447,32.6748518108067
8.85605158730159,0.666271904402119,0.797120649599415,0.121578595598303,32.6752421230125
8.85615079365079,0.666217859053532,0.797067827573273,0.121520461221895,32.6756323989547
8.85625,0.666163818794098,0.797015005067184,0.121462354571483,32.6760226386391
8.85634920634921,0.666109783623049,0.796962182083474,0.12140427563331,32.6764128420712
8.85644841269841,0.666055753539619,0.796909358624469,0.121346224393626,32.6768030092568
8.85654761904762,0.666001728543043,0.796856534692495,0.121288200838688,32.6771931402014
8.85664682539683,0.665947708632553,0.796803710289873,0.121230204954758,32.6775832349107
8.85674603174603,0.665893693807386,0.796750885418927,0.121172236728104,32.6779732933904
8.85684523809524,0.665839684066775,0.796698060081977,0.121114296145001,32.6783633156461
8.85694444444444,0.665785679409955,0.796645234281342,0.12105638319173,32.6787533016834
8.85704365079365,0.665731679836163,0.796592408019342,0.120998497854579,32.679143251508
8.85714285714286,0.665677685344633,0.796539581298292,0.12094064011984,32.6795331651255
8.85724206349206,0.665623695934602,0.796486754120509,0.120882809973815,32.6799230425415
8.85734126984127,0.665569711605306,0.796433926488308,0.120825007402808,32.6803128837617
8.85744047619048,0.665515732355982,0.796381098404002,0.120767232393132,32.6807026887917
8.85753968253968,0.665461758185866,0.796328269869902,0.120709484931107,32.6810924576371
8.85763888888889,0.665407789094197,0.796275440888321,0.120651765003056,32.6814821903036
8.85773809523809,0.665353825080211,0.796222611461568,0.12059407259531,32.6818718867967
8.8578373015873,0.665299866143147,0.796169781591951,0.120536407694208,32.6822615471222
8.85793650793651,0.665245912282241,0.796116951281776,0.120478770286091,32.6826511712855
8.85803571428571,0.665191963496735,0.796064120533352,0.120421160357311,32.6830407592924
8.85813492063492,0.665138019785866,0.796011289348982,0.120363577894224,32.6834303111485
8.85823412698413,0.665084081148872,0.79595845773097,0.120306022883191,32.6838198268593
8.85833333333333,0.665030147584995,0.795905625681617,0.120248495310582,32.6842093064305
8.85843253968254,0.664976219093473,0.795852793203225,0.120190995162771,32.6845987498677
8.85853174603175,0.664922295673546,0.795799960298095,0.120133522426139,32.6849881571765
8.85863095238095,0.664868377324456,0.795747126968523,0.120076077087073,32.6853775283625
8.85873015873016,0.664814464045442,0.795694293216809,0.120018659131968,32.6857668634314
8.85882936507936,0.664760555835746,0.795641459045247,0.119961268547222,32.6861561623887
8.85892857142857,0.664706652694608,0.795588624456132,0.119903905319242,32.68654542524
8.85902777777778,0.664652754621272,0.79553578945176,0.119846569434441,32.6869346519909
8.85912698412698,0.664598861614978,0.79548295403442,0.119789260879236,32.6873238426471
8.85922619047619,0.664544973674968,0.795430118206406,0.119731979640053,32.6877129972141
8.8593253968254,0.664491090800487,0.795377281970006,0.119674725703322,32.6881021156976
8.8594246031746,0.664437212990774,0.795324445327509,0.11961749905548,32.688491198103
8.85952380952381,0.664383340245077,0.795271608281204,0.119560299682973,32.6888802444361
8.85962301587302,0.664329472562636,0.795218770833375,0.119503127572249,32.6892692547024
8.85972222222222,0.664275609942695,0.795165932986309,0.119445982709764,32.6896582289075
8.85982142857143,0.6642217523845,0.795113094742288,0.119388865081981,32.690047167057
8.85992063492064,0.664167899887295,0.795060256103596,0.119331774675369,32.6904360691564
8.86001984126984,0.664114052450323,0.795007417072513,0.119274711476401,32.6908249352115
8.86011904761905,0.664060210072831,0.79495457765132,0.119217675471559,32.6912137652276
8.86021825396825,0.664006372754063,0.794901737842295,0.119160666647331,32.6916025592105
8.86031746031746,0.663952540493266,0.794848897647716,0.119103684990209,32.6919913171657
8.86041666666667,0.663898713289685,0.794796057069859,0.119046730486695,32.6923800390988
8.86051587301587,0.663844891142567,0.794743216111,0.118989803123293,32.6927687250153
8.86061507936508,0.663791074051158,0.794690374773412,0.118932902886516,32.6931573749208
8.86071428571429,0.663737262014705,0.794637533059367,0.118876029762883,32.693545988821
8.86081349206349,0.663683455032455,0.794584690971138,0.118819183738918,32.6939345667213
8.8609126984127,0.663629653103656,0.794531848510993,0.118762364801152,32.6943231086274
8.86101190476191,0.663575856227557,0.794479005681203,0.118705572936124,32.6947116145448
8.86111111111111,0.663522064403405,0.794426162484035,0.118648808130376,32.6951000844791
8.86121031746032,0.663468277630448,0.794373318921756,0.118592070370458,32.6954885184358
8.86130952380952,0.663414495907935,0.794320474996629,0.118535359642926,32.6958769164205
8.86140873015873,0.663360719235116,0.79426763071092,0.118478675934343,32.6962652784387
8.86150793650794,0.66330694761124,0.794214786066892,0.118422019231277,32.6966536044961
8.86160714285714,0.663253181035557,0.794161941066805,0.118365389520302,32.6970418945982
8.86170634920635,0.663199419507317,0.79410909571292,0.118308786788001,32.6974301487505
8.86180555555556,0.663145663025769,0.794056250007495,0.11825221102096,32.6978183669586
8.86190476190476,0.663091911590165,0.79400340395279,0.118195662205772,32.6982065492281
8.86200396825397,0.663038165199757,0.793950557551059,0.118139140329038,32.6985946955644
8.86210317460317,0.662984423853794,0.79389771080456,0.118082645377364,32.6989828059732
8.86220238095238,0.662930687551529,0.793844863715544,0.118026177337361,32.6993708804599
8.86230158730159,0.662876956292213,0.793792016286266,0.117969736195649,32.6997589190302
8.86240079365079,0.662823230075099,0.793739168518977,0.117913321938852,32.7001469216896
8.8625,0.662769508899439,0.793686320415927,0.117856934553601,32.7005348884435
8.86259920634921,0.662715792764487,0.793633471979366,0.117800574026534,32.7009228192977
8.86269841269841,0.662662081669496,0.793580623211542,0.117744240344295,32.7013107142575
8.86279761904762,0.662608375613718,0.7935277741147,0.117687933493532,32.7016985733286
8.86289682539683,0.662554674596408,0.793474924691087,0.117631653460902,32.7020863965164
8.86299603174603,0.662500978616819,0.793422074942947,0.117575400233067,32.7024741838265
8.86309523809524,0.662447287674207,0.793369224872522,0.117519173796696,32.7028619352645
8.86319444444444,0.662393601767826,0.793316374482055,0.117462974138464,32.7032496508358
8.86329365079365,0.662339920896931,0.793263523773785,0.117406801245051,32.703637330546
8.86339285714286,0.662286245060188,0.793210672749997,0.11735065510391,32.7040249744006
8.86349206349206,0.66223257425041,0.793157821413355,0.117294535710464,32.704412582405
8.86359126984127,0.662178908465078,0.79310496976603,0.117238443054823,32.7048001545646
8.86369047619048,0.662125247703436,0.793052117810043,0.117182377124888,32.7051876908844
8.86378968253968,0.662071591964729,0.792999265547413,0.117126337908565,32.7055751913698
8.86388888888889,0.662017941248203,0.79294641298016,0.117070325393764,32.705962656026
8.8639880952381,0.661964295553104,0.792893560110304,0.117014339568399,32.7063500848583
8.8640873015873,0.661910654878678,0.792840706939862,0.116958380420386,32.7067374778719
8.86418650793651,0.661857019224171,0.79278785347085,0.116902447937647,32.707124835072
8.86428571428571,0.661803388588828,0.792734999705286,0.116846542108107,32.7075121564639
8.86438492063492,0.661749762971897,0.792682145645184,0.116790662919694,32.7078994420528
8.86448412698413,0.661696142372623,0.792629291292561,0.116734810360341,32.708286691844
8.86458333333333,0.661642526790253,0.792576436649429,0.116678984417985,32.7086739058426
8.86468253968254,0.661588916224034,0.792523581717803,0.116623185080566,32.709061084054
8.86478174603175,0.661535310673214,0.792470726499695,0.116567412336029,32.7094482264833
8.86488095238095,0.661481710137039,0.792417870997117,0.116511666172321,32.7098353331358
8.86498015873016,0.661428114614756,0.79236501521208,0.116455946577395,32.7102224040168
8.86507936507936,0.661374524105614,0.792312159146594,0.116400253539206,32.7106094391313
8.86517857142857,0.661320938608859,0.79225930280267,0.116344587045714,32.7109964384848
8.86527777777778,0.66126735812374,0.792206446182316,0.116288947084883,32.7113834020823
8.86537698412699,0.661213782649503,0.79215358928754,0.11623333364468,32.7117703299292
8.86547619047619,0.6611602121854,0.79210073212035,0.116177746713076,32.7121572220306
8.8655753968254,0.661106646730676,0.792047874682753,0.116122186278047,32.7125440783918
8.8656746031746,0.661053086284581,0.791995016976754,0.116066652327572,32.712930899018
8.86577380952381,0.660999530846363,0.791942159004358,0.116011144849633,32.7133176839145
8.86587301587302,0.660945980415271,0.791889300767571,0.115955663832217,32.7137044330864
8.86597222222222,0.660892434990554,0.791836442268395,0.115900209263315,32.7140911465389
8.86607142857143,0.660838894571461,0.791783583508834,0.115844781130921,32.7144778242773
8.86617063492064,0.660785359157242,0.791730724490891,0.115789379423034,32.7148644663069
8.86626984126984,0.660731828747145,0.791677865216565,0.115734004127655,32.7152510726327
8.86636904761905,0.660678303340422,0.791625005687859,0.115678655232791,32.7156376432601
8.86646825396825,0.66062478293632,0.791572145906771,0.115623332726451,32.7160241781942
8.86656746031746,0.660571267534091,0.791519285875302,0.11556803659665,32.7164106774403
8.86666666666667,0.660517757132985,0.79146642559545,0.115512766831404,32.7167971410036
8.86676587301587,0.660464251732252,0.791413565069212,0.115457523418736,32.7171835688892
8.86686507936508,0.660410751331141,0.791360704298585,0.11540230634667,32.7175699611025
8.86696428571429,0.660357255928905,0.791307843285567,0.115347115603236,32.7179563176485
8.86706349206349,0.660303765524793,0.791254982032152,0.115291951176467,32.7183426385326
8.8671626984127,0.660250280118058,0.791202120540335,0.1152368130544,32.7187289237598
8.86726190476191,0.660196799707949,0.79114925881211,0.115181701225075,32.7191151733355
8.86736111111111,0.660143324293718,0.79109639684947,0.115126615676538,32.7195013872649
8.86746031746032,0.660089853874617,0.791043534654407,0.115071556396836,32.719887565553
8.86755952380952,0.660036388449898,0.790990672228915,0.115016523374021,32.7202737082052
8.86765873015873,0.659982928018812,0.790937809574983,0.114961516596151,32.7206598152266
8.86775793650794,0.65992947258061,0.790884946694601,0.114906536051285,32.7210458866224
8.86785714285714,0.659876022134546,0.790832083589761,0.114851581727487,32.7214319223979
8.86795634920635,0.659822576679871,0.790779220262449,0.114796653612825,32.7218179225582
8.86805555555556,0.659769136215839,0.790726356714654,0.11474175169537,32.7222038871085
8.86815476190476,0.659715700741701,0.790673492948364,0.114686875963198,32.7225898160541
8.86825396825397,0.65966227025671,0.790620628965565,0.114632026404388,32.7229757094001
8.86835317460318,0.659608844760119,0.790567764768242,0.114577203007023,32.7233615671516
8.86845238095238,0.659555424251182,0.790514900358381,0.114522405759191,32.723747389314
8.86855158730159,0.659502008729152,0.790462035737966,0.114467634648982,32.7241331758924
8.86865079365079,0.659448598193282,0.790409170908982,0.114412889664492,32.7245189268919
8.86875,0.659395192642827,0.790356305873409,0.114358170793818,32.7249046423178
8.86884920634921,0.659341792077038,0.790303440633232,0.114303478025063,32.7252903221753
8.86894841269841,0.659288396495172,0.79025057519043,0.114248811346335,32.7256759664695
8.86904761904762,0.659235005896481,0.790197709546984,0.114194170745742,32.7260615752056
8.86914682539683,0.65918162028022,0.790144843704875,0.114139556211399,32.7264471483889
8.86924603174603,0.659128239645643,0.790091977666081,0.114084967731423,32.7268326860244
8.86934523809524,0.659074863992006,0.790039111432581,0.114030405293938,32.7272181881175
8.86944444444444,0.659021493318562,0.789986245006352,0.113975868887067,32.7276036546731
8.86954365079365,0.658968127624567,0.789933378389371,0.113921358498942,32.7279890856967
8.86964285714286,0.658914766909276,0.789880511583614,0.113866874117694,32.7283744811932
8.86974206349206,0.658861411171945,0.789827644591057,0.113812415731462,32.7287598411679
8.86984126984127,0.658808060411827,0.789774777413673,0.113757983328386,32.729145165626
8.86994047619048,0.65875471462818,0.789721910053438,0.113703576896612,32.7295304545727
8.87003968253968,0.658701373820259,0.789669042512324,0.113649196424288,32.7299157080131
8.87013888888889,0.658648037987321,0.789616174792303,0.113594841899566,32.7303009259523
8.8702380952381,0.65859470712862,0.789563306895348,0.113540513310604,32.7306861083957
8.8703373015873,0.658541381243413,0.789510438823428,0.113486210645562,32.7310712553482
8.87043650793651,0.658488060330958,0.789457570578514,0.113431933892604,32.7314563668152
8.87053571428571,0.65843474439051,0.789404702162576,0.113377683039898,32.7318414428017
8.87063492063492,0.658381433421326,0.789351833577582,0.113323458075616,32.732226483313
8.87073412698413,0.658328127422663,0.7892989648255,0.113269258987933,32.7326114883542
8.87083333333333,0.658274826393778,0.789246095908297,0.113215085765031,32.7329964579305
8.87093253968254,0.658221530333929,0.789193226827939,0.113160938395091,32.733381392047
8.87103174603175,0.658168239242372,0.789140357586393,0.113106816866302,32.7337662907089
8.87113095238095,0.658114953118367,0.789087488185622,0.113052721166854,32.7341511539214
8.87123015873016,0.658061671961169,0.789034618627591,0.112998651284943,32.7345359816896
8.87132936507937,0.658008395770037,0.788981748914264,0.112944607208767,32.7349207740187
8.87142857142857,0.65795512454423,0.788928879047603,0.112890588926531,32.7353055309138
8.87152777777778,0.657901858283005,0.788876009029571,0.112836596426439,32.7356902523801
8.87162698412699,0.657848596985621,0.788823138862128,0.112782629696704,32.7360749384228
8.87172619047619,0.657795340651337,0.788770268547234,0.112728688725539,32.736459589047
8.8718253968254,0.657742089279411,0.78871739808685,0.112674773501162,32.7368442042579
8.8719246031746,0.657688842869103,0.788664527482934,0.112620884011795,32.7372287840605
8.87202380952381,0.657635601419671,0.788611656737445,0.112567020245666,32.7376133284602
8.87212301587302,0.657582364930374,0.788558785852339,0.112513182191002,32.737997837462
8.87222222222222,0.657529133400472,0.788505914829575,0.112459369836039,32.738382311071
8.87232142857143,0.657475906829225,0.788453043671106,0.112405583169014,32.7387667492925
8.87242063492064,0.657422685215893,0.78840017237889,0.112351822178167,32.7391511521315
8.87251984126984,0.657369468559734,0.78834730095488,0.112298086851745,32.7395355195932
8.87261904761905,0.65731625686001,0.788294429401029,0.112244377177996,32.7399198516828
8.87271825396825,0.657263050115981,0.788241557719292,0.112190693145174,32.7403041484054
8.87281746031746,0.657209848326905,0.788188685911619,0.112137034741534,32.7406884097662
8.87291666666667,0.657156651492046,0.788135813979963,0.11208340195534,32.7410726357702
8.87301587301587,0.657103459610664,0.788082941926274,0.112029794774853,32.7414568264227
8.87311507936508,0.657050272682018,0.788030069752503,0.111976213188344,32.7418409817287
8.87321428571429,0.656997090705371,0.787977197460598,0.111922657184084,32.7422251016935
8.87331349206349,0.656943913679984,0.787924325052508,0.11186912675035,32.7426091863221
8.8734126984127,0.656890741605117,0.787871452530181,0.111815621875421,32.7429932356196
8.87351190476191,0.656837574480033,0.787818579895563,0.111762142547581,32.7433772495913
8.87361111111111,0.656784412303993,0.787765707150602,0.111708688755118,32.7437612282422
8.87371031746032,0.65673125507626,0.787712834297241,0.111655260486324,32.7441451715776
8.87380952380952,0.656678102796094,0.787659961337427,0.111601857729494,32.7445290796024
8.87390873015873,0.656624955462759,0.787607088273103,0.111548480472928,32.7449129523219
8.87400793650794,0.656571813075517,0.787554215106212,0.111495128704928,32.7452967897411
8.87410714285714,0.656518675633631,0.787501341838698,0.111441802413801,32.7456805918653
8.87420634920635,0.656465543136362,0.787448468472501,0.111388501587859,32.7460643586995
8.87430555555556,0.656412415582974,0.787395595009562,0.111335226215415,32.7464480902488
8.87440476190476,0.656359292972731,0.787342721451822,0.11128197628479,32.7468317865184
8.87450396825397,0.656306175304895,0.787289847801221,0.111228751784305,32.7472154475135
8.87460317460318,0.65625306257873,0.787236974059698,0.111175552702287,32.747599073239
8.87470238095238,0.656199954793499,0.787184100229189,0.111122379027065,32.7479826637003
8.87480158730159,0.656146851948466,0.787131226311633,0.111069230746974,32.7483662189023
8.87490079365079,0.656093754042895,0.787078352308967,0.111016107850351,32.7487497388501
8.875,0.656040661076051,0.787025478223125,0.110963010325539,32.749133223549
8.87509920634921,0.655987573047196,0.786972604056043,0.110909938160883,32.7495166730041
8.87519841269841,0.655934489955596,0.786919729809656,0.110856891344732,32.7499000872203
8.87529761904762,0.655881411800515,0.786866855485896,0.11080386986544,32.750283466203
8.87539682539682,0.655828338581218,0.786813981086697,0.110750873711364,32.7506668099571
8.87549603174603,0.65577527029697,0.78676110661399,0.110697902870865,32.7510501184877
8.87559523809524,0.655722206947035,0.786708232069708,0.110644957332308,32.7514333918001
8.87569444444444,0.65566914853068,0.78665535745578,0.110592037084061,32.7518166298993
8.87579365079365,0.655616095047168,0.786602482774136,0.110539142114497,32.7521998327904
8.87589285714286,0.655563046495767,0.786549608026706,0.110486272411994,32.7525830004786
8.87599206349206,0.655510002875741,0.786496733215418,0.11043342796493,32.7529661329689
8.87609126984127,0.655456964186358,0.786443858342199,0.110380608761691,32.7533492302664
8.87619047619048,0.655403930426881,0.786390983408976,0.110327814790664,32.7537322923762
8.87628968253968,0.655350901596579,0.786338108417676,0.110275046040242,32.7541153193036
8.87638888888889,0.655297877694717,0.786285233370223,0.110222302498819,32.7544983110534
8.87648809523809,0.655244858720561,0.786232358268543,0.110169584154796,32.754881267631
8.8765873015873,0.655191844673379,0.786179483114559,0.110116890996576,32.7552641890412
8.87668650793651,0.655138835552437,0.786126607910194,0.110064223012567,32.7556470752894
8.87678571428571,0.655085831357002,0.78607373265737,0.110011580191179,32.7560299263805
8.87688492063492,0.655032832086342,0.78602085735801,0.109958962520829,32.7564127423196
8.87698412698413,0.654979837739724,0.785967982014034,0.109906369989933,32.7567955231119
8.87708333333333,0.654926848316416,0.785915106627362,0.109853802586917,32.7571782687624
8.87718253968254,0.654873863815684,0.785862231199913,0.109801260300205,32.7575609792763
8.87728174603175,0.654820884236797,0.785809355733606,0.109748743118229,32.7579436546586
8.87738095238095,0.654767909579023,0.785756480230359,0.109696251029423,32.7583262949144
8.87748015873016,0.654714939841631,0.78570360469209,0.109643784022225,32.7587089000488
8.87757936507936,0.654661975023888,0.785650729120715,0.109591342085078,32.759091470067
8.87767857142857,0.654609015125064,0.785597853518149,0.109538925206426,32.7594740049739
8.87777777777778,0.654556060144426,0.785544977886306,0.109486533374721,32.7598565047747
8.87787698412698,0.654503110081244,0.785492102227103,0.109434166578416,32.7602389694745
8.87797619047619,0.654450164934787,0.78543922654245,0.109381824805968,32.7606213990783
8.8780753968254,0.654397224704323,0.785386350834262,0.109329508045838,32.7610037935912
8.8781746031746,0.654344289389123,0.785333475104451,0.109277216286492,32.7613861530184
8.87827380952381,0.654291358988456,0.785280599354927,0.109224949516399,32.7617684773648
8.87837301587301,0.654238433501591,0.7852277235876,0.109172707724032,32.7621507666357
8.87847222222222,0.654185512927798,0.785174847804381,0.109120490897868,32.762533020836
8.87857142857143,0.654132597266348,0.785121972007179,0.109068299026387,32.7629152399708
8.87867063492063,0.65407968651651,0.785069096197901,0.109016132098074,32.7632974240452
8.87876984126984,0.654026780677554,0.785016220378455,0.108963990101416,32.7636795730644
8.87886904761905,0.653973879748753,0.784963344550748,0.108911873024908,32.7640616870333
8.87896825396825,0.653920983729375,0.784910468716685,0.108859780857044,32.764443765957
8.87906746031746,0.653868092618692,0.784857592878173,0.108807713586325,32.7648258098407
8.87916666666667,0.653815206415976,0.784804717037115,0.108755671201255,32.7652078186893
8.87926587301587,0.653762325120496,0.784751841195414,0.10870365369034,32.765589792508
8.87936507936508,0.653709448731525,0.784698965354975,0.108651661042093,32.7659717313018
8.87946428571429,0.653656577248334,0.784646089517699,0.108599693245029,32.7663536350758
8.87956349206349,0.653603710670195,0.784593213685488,0.108547750287668,32.7667355038351
8.8796626984127,0.653550848996378,0.784540337860242,0.108495832158531,32.7671173375847
8.8797619047619,0.653497992226158,0.784487462043862,0.108443938846148,32.7674991363296
8.87986111111111,0.653445140358805,0.784434586238246,0.108392070339047,32.7678809000751
8.87996031746032,0.653392293393592,0.784381710445293,0.108340226625764,32.768262628826
8.88005952380952,0.653339451329792,0.784328834666901,0.108288407694838,32.7686443225875
8.88015873015873,0.653286614166676,0.784275958904966,0.108236613534811,32.7690259813647
8.88025793650794,0.653233781903518,0.784223083161385,0.108184844134228,32.7694076051626
8.88035714285714,0.653180954539592,0.784170207438055,0.108133099481642,32.7697891939862
8.88045634920635,0.65312813207417,0.784117331736868,0.108081379565604,32.7701707478407
8.88055555555556,0.653075314506525,0.78406445605972,0.108029684374674,32.770552266731
8.88065476190476,0.653022501835931,0.784011580408503,0.107978013897413,32.7709337506622
8.88075396825397,0.652969694061662,0.78395870478511,0.107926368122386,32.7713151996394
8.88085317460317,0.652916891182992,0.783905829191433,0.107874747038162,32.7716966136677
8.88095238095238,0.652864093199194,0.783852953629363,0.107823150633316,32.772077992752
8.88105158730159,0.652811300109542,0.78380007810079,0.107771578896425,32.7724593368975
8.88115079365079,0.652758511913312,0.783747202607603,0.107720031816068,32.7728406461092
8.88125,0.652705728609777,0.783694327151692,0.107668509380832,32.773221920392
8.88134920634921,0.652652950198212,0.783641451734945,0.107617011579304,32.7736031597512
8.88144841269841,0.652600176677892,0.783588576359248,0.107565538400078,32.7739843641917
8.88154761904762,0.652547408048092,0.783535701026488,0.10751408983175,32.7743655337186
8.88164682539682,0.652494644308087,0.783482825738551,0.10746266586292,32.7747466683369
8.88174603174603,0.652441885457151,0.783429950497321,0.107411266482192,32.7751277680516
8.88184523809524,0.652389131494562,0.783377075304685,0.107359891678175,32.7755088328679
8.88194444444444,0.652336382419595,0.783324200162525,0.10730854143948,32.7758898627906
8.88204365079365,0.652283638231525,0.783271325072723,0.107257215754723,32.776270857825
8.88214285714286,0.652230898929628,0.783218450037162,0.107205914612524,32.776651817976
8.88224206349206,0.652178164513181,0.783165575057723,0.107154638001505,32.7770327432486
8.88234126984127,0.65212543498146,0.783112700136287,0.107103385910295,32.777413633648
8.88244047619048,0.652072710333741,0.783059825274733,0.107052158327525,32.777794489179
8.88253968253968,0.6520199905693,0.783006950474941,0.107000955241829,32.7781753098468
8.88263888888889,0.651967275687416,0.782954075738789,0.106949776641846,32.7785560956564
8.88273809523809,0.651914565687364,0.782901201068154,0.10689862251622,32.7789368466129
8.8828373015873,0.651861860568422,0.782848326464914,0.106847492853596,32.7793175627212
8.88293650793651,0.651809160329867,0.782795451930944,0.106796387642626,32.7796982439864
8.88303571428571,0.651756464970977,0.78274257746812,0.106745306871963,32.7800788904134
8.88313492063492,0.651703774491028,0.782689703078316,0.106694250530266,32.7804595020075
8.88323412698413,0.6516510888893,0.782636828763406,0.106643218606196,32.7808400787735
8.88333333333333,0.65159840816507,0.782583954525263,0.10659221108842,32.7812206207165
8.88343253968254,0.651545732317616,0.782531080365761,0.106541227965608,32.7816011278415
8.88353174603175,0.651493061346216,0.782478206286769,0.106490269226432,32.7819816001535
8.88363095238095,0.651440395250149,0.78242533229016,0.106439334859572,32.7823620376576
8.88373015873016,0.651387734028694,0.782372458377803,0.106388424853707,32.7827424403588
8.88382936507936,0.65133507768113,0.782319584551568,0.106337539197523,32.7831228082621
8.88392857142857,0.651282426206734,0.782266710813323,0.10628667787971,32.7835031413725
8.88402777777778,0.651229779604787,0.782213837164936,0.106235840888959,32.783883439695
8.88412698412698,0.651177137874568,0.782160963608274,0.106185028213969,32.7842637032347
8.88422619047619,0.651124501015356,0.782108090145204,0.106134239843439,32.7846439319966
8.8843253968254,0.65107186902643,0.782055216777592,0.106083475766073,32.7850241259856
8.8844246031746,0.651019241907071,0.782002343507301,0.106032735970581,32.7854042852069
8.88452380952381,0.650966619656559,0.781949470336198,0.105982020445675,32.7857844096653
8.88462301587301,0.650914002274174,0.781896597266143,0.10593132918007,32.7861644993659
8.88472222222222,0.650861389759194,0.781843724299001,0.105880662162486,32.7865445543138
8.88482142857143,0.650808782110903,0.781790851436633,0.105830019381648,32.7869245745139
8.88492063492064,0.65075617932858,0.781737978680901,0.105779400826282,32.7873045599713
8.88501984126984,0.650703581411505,0.781685106033665,0.105728806485121,32.7876845106909
8.88511904761905,0.650650988358961,0.781632233496785,0.1056782363469,32.7880644266777
8.88521825396825,0.650598400170227,0.781579361072119,0.105627690400358,32.7884443079368
8.88531746031746,0.650545816844585,0.781526488761526,0.105577168634238,32.7888241544732
8.88541666666667,0.650493238381317,0.781473616566863,0.105526671037287,32.7892039662918
8.88551587301587,0.650440664779705,0.781420744489987,0.105476197598256,32.7895837433977
8.88561507936508,0.650388096039029,0.781367872532754,0.1054257483059,32.7899634857958
8.88571428571429,0.650335532158572,0.781315000697018,0.105375323148976,32.7903431934912
8.88581349206349,0.650282973137616,0.781262128984635,0.105324922116248,32.7907228664889
8.8859126984127,0.650230418975443,0.781209257397458,0.105274545196481,32.7911025047938
8.8860119047619,0.650177869671337,0.78115638593734,0.105224192378446,32.7914821084109
8.88611111111111,0.650125325224578,0.781103514606134,0.105173863650917,32.7918616773453
8.88621031746032,0.65007278563445,0.781050643405689,0.10512355900267,32.7922412116019
8.88630952380952,0.650020250900237,0.780997772337859,0.10507327842249,32.7926207111858
8.88640873015873,0.649967721021221,0.780944901404492,0.105023021899159,32.7930001761018
8.88650793650794,0.649915195996685,0.780892030607438,0.104972789421469,32.7933796063551
8.88660714285714,0.649862675825913,0.780839159948545,0.104922580978213,32.7937590019506
8.88670634920635,0.649810160508189,0.780786289429661,0.104872396558186,32.7941383628932
8.88680555555556,0.649757650042796,0.780733419052632,0.104822236150191,32.794517689188
8.88690476190476,0.649705144429018,0.780680548819306,0.104772099743033,32.7948969808399
8.88700396825397,0.649652643666139,0.780627678731528,0.104721987325519,32.795276237854
8.88710317460317,0.649600147753444,0.780574808791141,0.104671898886462,32.7956554602352
8.88720238095238,0.649547656690217,0.780521938999991,0.10462183441468,32.7960346479885
8.88730158730159,0.649495170475742,0.780469069359921,0.104571793898991,32.7964138011189
8.88740079365079,0.649442689109305,0.780416199872773,0.104521777328221,32.7967929196313
8.8875,0.64939021259019,0.780363330540388,0.104471784691196,32.7971720035308
8.88759920634921,0.649337740917682,0.780310461364609,0.10442181597675,32.7975510528223
8.88769841269841,0.649285274091066,0.780257592347274,0.104371871173717,32.7979300675107
8.88779761904762,0.649232812109629,0.780204723490224,0.104321950270937,32.7983090476012
8.88789682539683,0.649180354972655,0.780151854795298,0.104272053257255,32.7986879930986
8.88799603174603,0.649127902679431,0.780098986264333,0.104222180121516,32.7990669040078
8.88809523809524,0.649075455229242,0.780046117899167,0.104172330852572,32.799445780334
8.88819444444444,0.649023012621374,0.779993249701637,0.104122505439279,32.799824622082
8.88829365079365,0.648970574855114,0.779940381673577,0.104072703870494,32.8002034292569
8.88839285714286,0.648918141929748,0.779887513816824,0.104022926135081,32.8005822018635
8.88849206349206,0.648865713844562,0.779834646133211,0.103973172221906,32.8009609399069
8.88859126984127,0.648813290598844,0.779781778624572,0.10392344211984,32.801339643392
8.88869047619048,0.64876087219188,0.779728911292739,0.103873735817757,32.8017183123238
8.88878968253968,0.648708458622957,0.779676044139546,0.103824053304534,32.8020969467072
8.88888888888889,0.648656049891363,0.779623177166823,0.103774394569055,32.8024755465473
8.88898809523809,0.648603645996385,0.779570310376401,0.103724759600205,32.8028541118489
8.8890873015873,0.64855124693731,0.779517443770109,0.103675148386873,32.8032326426171
8.88918650793651,0.648498852713426,0.779464577349776,0.103625560917953,32.8036111388568
8.88928571428571,0.648446463324022,0.779411711117232,0.103575997182343,32.8039896005729
8.88938492063492,0.648394078768385,0.779358845074303,0.103526457168944,32.8043680277704
8.88948412698413,0.648341699045804,0.779305979222817,0.103476940866661,32.8047464204543
8.88958333333333,0.648289324155566,0.779253113564599,0.103427448264403,32.8051247786295
8.88968253968254,0.648236954096961,0.779200248101475,0.103377979351083,32.805503102301
8.88978174603175,0.648184588869277,0.77914738283527,0.103328534115618,32.8058813914738
8.88988095238095,0.648132228471803,0.779094517767807,0.103279112546928,32.8062596461527
8.88998015873016,0.648079872903829,0.779041652900909,0.103229714633938,32.8066378663427
8.89007936507936,0.648027522164642,0.778988788236399,0.103180340365576,32.8070160520488
8.89017857142857,0.647975176253534,0.778935923776098,0.103130989730775,32.8073942032759
8.89027777777778,0.647922835169793,0.778883059521828,0.103081662718469,32.8077723200291
8.89037698412698,0.647870498912709,0.778830195475408,0.1030323593176,32.8081504023131
8.89047619047619,0.647818167481571,0.778777331638657,0.102983079517111,32.808528450133
8.8905753968254,0.647765840875671,0.778724468013395,0.102933823305949,32.8089064634937
8.8906746031746,0.647713519094298,0.778671604601438,0.102884590673065,32.8092844424002
8.89077380952381,0.647661202136743,0.778618741404606,0.102835381607417,32.8096623868573
8.89087301587302,0.647608890002295,0.778565878424713,0.102786196097961,32.8100402968701
8.89097222222222,0.647556582690247,0.778513015663576,0.102737034133663,32.8104181724434
8.89107142857143,0.647504280199889,0.778460153123009,0.102687895703488,32.8107960135823
8.89117063492064,0.647451982530512,0.778407290804826,0.102638780796407,32.8111738202916
8.89126984126984,0.647399689681406,0.778354428710841,0.102589689401394,32.8115515925763
8.89136904761905,0.647347401651864,0.778301566842867,0.10254062150743,32.8119293304413
8.89146825396825,0.647295118441177,0.778248705202715,0.102491577103494,32.8123070338916
8.89156746031746,0.647242840048637,0.778195843792197,0.102442556178575,32.8126847029321
8.89166666666667,0.647190566473535,0.778142982613122,0.102393558721661,32.8130623375676
8.89176587301587,0.647138297715164,0.778090121667302,0.102344584721747,32.8134399378032
8.89186507936508,0.647086033772816,0.778037260956544,0.102295634167831,32.8138175036438
8.89196428571429,0.647033774645783,0.777984400482656,0.102246707048914,32.8141950350943
8.89206349206349,0.646981520333358,0.777931540247447,0.102197803354001,32.8145725321596
8.8921626984127,0.646929270834833,0.777878680252722,0.102148923072102,32.8149499948447
8.89226190476191,0.646877026149501,0.777825820500289,0.102100066192231,32.8153274231545
8.89236111111111,0.646824786276657,0.777772960991952,0.102051232703404,32.8157048170938
8.89246031746032,0.646772551215591,0.777720101729515,0.102002422594642,32.8160821766677
8.89255952380952,0.646720320965599,0.777667242714782,0.10195363585497,32.8164595018811
8.89265873015873,0.646668095525973,0.777614383949557,0.101904872473417,32.8168367927388
8.89275793650794,0.646615874896007,0.777561525435641,0.101856132439015,32.8172140492458
8.89285714285714,0.646563659074996,0.777508667174835,0.1018074157408,32.817591271407
8.89295634920635,0.646511448062232,0.777455809168941,0.101758722367813,32.8179684592273
8.89305555555556,0.646459241857011,0.777402951419759,0.101710052309098,32.8183456127117
8.89315476190476,0.646407040458627,0.777350093929087,0.101661405553703,32.818722731865
8.89325396825397,0.646354843866373,0.777297236698725,0.101612782090679,32.8190998166922
8.89335317460317,0.646302652079546,0.777244379730469,0.101564181909083,32.8194768671982
8.89345238095238,0.646250465097439,0.777191523026118,0.101515604997973,32.8198538833878
8.89355158730159,0.646198282919348,0.777138666587466,0.101467051346413,32.8202308652661
8.89365079365079,0.646146105544568,0.77708581041631,0.10141852094347,32.8206078128379
8.89375,0.646093932972394,0.777032954514445,0.101370013778216,32.8209847261081
8.89384920634921,0.646041765202122,0.776980098883663,0.101321529839725,32.8213616050816
8.89394841269841,0.645989602233048,0.77692724352576,0.101273069117077,32.8217384497633
8.89404761904762,0.645937444064467,0.776874388442527,0.101224631599353,32.8221152601582
8.89414682539683,0.645885290695676,0.776821533635756,0.101176217275641,32.8224920362712
8.89424603174603,0.64583314212597,0.776768679107237,0.10112782613503,32.822868778107
8.89434523809524,0.645780998354646,0.776715824858762,0.101079458166616,32.8232454856708
8.89444444444444,0.645728859381001,0.77666297089212,0.101031113359495,32.8236221589672
8.89454365079365,0.645676725204331,0.776610117209099,0.100982791702771,32.8239987980013
8.89464285714286,0.645624595823933,0.776557263811488,0.100934493185548,32.824375402778
8.89474206349206,0.645572471239103,0.776504410701073,0.100886217796937,32.824751973302
8.89484126984127,0.64552035144914,0.776451557879642,0.100837965526052,32.8251285095785
8.89494047619048,0.645468236453341,0.77639870534898,0.100789736362008,32.8255050116121
8.89503968253968,0.645416126251003,0.776345853110872,0.100741530293929,32.8258814794079
8.89513888888889,0.645364020841422,0.776293001167102,0.100693347310937,32.8262579129707
8.8952380952381,0.645311920223899,0.776240149519455,0.100645187402164,32.8266343123054
8.8953373015873,0.645259824397731,0.776187298169712,0.100597050556742,32.8270106774169
8.89543650793651,0.645207733362215,0.776134447119657,0.100548936763808,32.82738700831
8.89553571428571,0.64515564711665,0.77608159637107,0.100500846012501,32.8277633049898
8.89563492063492,0.645103565660335,0.776028745925731,0.100452778291966,32.828139567461
8.89573412698413,0.645051488992568,0.775975895785421,0.100404733591352,32.8285157957286
8.89583333333333,0.644999417112649,0.775923045951919,0.100356711899811,32.8288919897974
8.89593253968254,0.644947350019875,0.775870196427003,0.100308713206499,32.8292681496723
8.89603174603175,0.644895287713547,0.77581734721245,0.100260737500575,32.8296442753582
8.89613095238095,0.644843230192963,0.775764498310038,0.100212784771204,32.8300203668599
8.89623015873016,0.644791177457424,0.775711649721543,0.100164855007552,32.8303964241825
8.89632936507936,0.644739129506228,0.775658801448739,0.100116948198792,32.8307724473307
8.89642857142857,0.644687086338676,0.775605953493402,0.100069064334098,32.8311484363094
8.89652777777778,0.644635047954067,0.775553105857305,0.10002120340265,32.8315243911235
8.89662698412699,0.644583014351702,0.77550025854222,0.0999733653936305,32.8319003117778
8.89672619047619,0.644530985530881,0.775447411549923,0.0999255502962268,32.8322761982773
8.8968253968254,0.644478961490905,0.775394564882182,0.0998777580996295,32.8326520506268
8.8969246031746,0.644426942231074,0.77534171854077,0.099829988793033,32.8330278688312
8.89702380952381,0.644374927750689,0.775288872527457,0.0997822423656358,32.8334036528954
8.89712301587302,0.644322918049051,0.775236026844011,0.0997345188066402,32.8337794028242
8.89722222222222,0.644270913125461,0.775183181492201,0.0996868181052525,32.8341551186225
8.89732142857143,0.644218912979221,0.775130336473796,0.0996391402506824,32.8345308002952
8.89742063492064,0.644166917609632,0.775077491790562,0.0995914852321441,32.8349064478471
8.89751984126984,0.644114927015995,0.775024647444266,0.0995438530388551,32.8352820612831
8.89761904761905,0.644062941197613,0.774971803436673,0.0994962436600372,32.8356576406081
8.89771825396825,0.644010960153788,0.774918959769549,0.0994486570849156,32.8360331858269
8.89781746031746,0.643958983883821,0.774866116444657,0.0994010933027198,32.8364086969443
8.89791666666667,0.643907012387015,0.774813273463761,0.0993535523026829,32.8367841739654
8.89801587301587,0.643855045662672,0.774760430828624,0.099306034074042,32.8371596168948
8.89811507936508,0.643803083710095,0.774707588541006,0.0992585386060372,32.8375350257376
8.89821428571429,0.643751126528587,0.774654746602671,0.0992110658879146,32.8379104004984
8.89831349206349,0.643699174117451,0.774601905015377,0.0991636159089223,32.8382857411823
8.8984126984127,0.64364722647599,0.774549063780886,0.0991161886583125,32.838661047794
8.89851190476191,0.643595283603507,0.774496222900954,0.0990687841253417,32.8390363203384
8.89861111111111,0.643543345499306,0.774443382377342,0.09902140229927,32.8394115588203
8.89871031746032,0.643491412162691,0.774390542211806,0.0989740431693616,32.8397867632446
8.89880952380952,0.643439483592964,0.774337702406103,0.0989267067248842,32.8401619336162
8.89890873015873,0.643387559789431,0.774284862961989,0.0988793929551096,32.8405370699399
8.89900793650794,0.643335640751395,0.774232023881219,0.0988321018493135,32.8409121722206
8.89910714285714,0.643283726478161,0.774179185165547,0.0987848333967754,32.841287240463
8.89920634920635,0.643231816969032,0.774126346816728,0.0987375875867784,32.8416622746721
8.89930555555556,0.643179912223315,0.774073508836513,0.09869036440861,32.8420372748527
8.89940476190476,0.643128012240313,0.774020671226657,0.098643163851561,32.8424122410096
8.89950396825397,0.643076117019331,0.773967833988909,0.0985959859049265,32.8427871731478
8.89960317460318,0.643024226559674,0.773914997125019,0.0985488305580046,32.8431620712719
8.89970238095238,0.642972340860649,0.77386216063674,0.0985016978000991,32.8435369353869
8.89980158730159,0.64292045992156,0.77380932452582,0.0984545876205159,32.8439117654976
8.89990079365079,0.642868583741714,0.773756488794007,0.0984075000085654,32.8442865616089
8.9,0.642816712320414,0.773703653443049,0.0983604349535617,32.8446613237255
8.90009920634921,0.642764845656969,0.773650818474693,0.098313392444823,32.8450360518524
8.90019841269841,0.642712983750684,0.773597983890685,0.0982663724716711,32.8454107459943
8.90029761904762,0.642661126600864,0.773545149692771,0.0982193750234318,32.8457854061561
8.90039682539683,0.642609274206817,0.773492315882695,0.0981724000894349,32.8461600323426
8.90049603174603,0.64255742656785,0.773439482462202,0.0981254476590137,32.8465346245587
8.90059523809524,0.642505583683268,0.773386649433034,0.0980785177215057,32.8469091828092
8.90069444444444,0.642453745552379,0.773333816796935,0.098031610266252,32.8472837070989
8.90079365079365,0.642401912174491,0.773280984555645,0.0979847252825978,32.8476581974326
8.90089285714286,0.642350083548909,0.773228152710906,0.097937862759892,32.8480326538152
8.90099206349206,0.642298259674943,0.773175321264459,0.0978910226874873,32.8484070762515
8.90109126984127,0.642246440551898,0.773122490218042,0.0978442050547398,32.8487814647464
8.90119047619048,0.642194626179084,0.773069659573394,0.0977974098510113,32.8491558193045
8.90128968253968,0.642142816555808,0.773016829332255,0.0977506370656656,32.8495301399309
8.90138888888889,0.642091011681379,0.77296399949636,0.0977038866880707,32.8499044266303
8.9014880952381,0.642039211555104,0.772911170067447,0.0976571587075989,32.8502786794074
8.9015873015873,0.641987416176292,0.772858341047251,0.0976104531136261,32.8506528982673
8.90168650793651,0.641935625544251,0.772805512437507,0.0975637698955322,32.8510270832145
8.90178571428571,0.641883839658291,0.772752684239949,0.0975171090427006,32.8514012342541
8.90188492063492,0.64183205851772,0.772699856456312,0.0974704705445191,32.8517753513907
8.90198412698413,0.641780282121847,0.772647029088327,0.0974238543903789,32.8521494346293
8.90208333333333,0.641728510469982,0.772594202137728,0.0973772605696754,32.8525234839745
8.90218253968254,0.641676743561434,0.772541375606244,0.0973306890718076,32.8528974994313
8.90228174603175,0.641624981395513,0.772488549495608,0.0972841398861785,32.8532714810045
8.90238095238095,0.641573223971528,0.772435723807548,0.0972376130021949,32.8536454286988
8.90248015873016,0.64152147128879,0.772382898543794,0.0971911084092675,32.8540193425191
8.90257936507937,0.641469723346608,0.772330073706073,0.0971446260968102,32.8543932224701
8.90267857142857,0.641417980144292,0.772277249296114,0.0970981660542427,32.8547670685568
8.90277777777778,0.641366241681154,0.772224425315644,0.0970517282709865,32.8551408807838
8.90287698412699,0.641314507956504,0.772171601766389,0.0970053127364679,32.855514659156
8.90297619047619,0.641262778969652,0.772118778650073,0.0969589194401167,32.8558884036783
8.9030753968254,0.64121105471991,0.772065955968422,0.0969125483713669,32.8562621143553
8.9031746031746,0.641159335206589,0.772013133723159,0.096866199519656,32.856635791192
8.90327380952381,0.641107620428999,0.771960311916008,0.0968198728744257,32.857009434193
8.90337301587302,0.641055910386452,0.77190749054869,0.0967735684251214,32.8573830433633
8.90347222222222,0.64100420507826,0.771854669622928,0.0967272861611924,32.8577566187076
8.90357142857143,0.640952504503735,0.771801849140442,0.0966810260720917,32.8581301602307
8.90367063492064,0.640900808662188,0.771749029102952,0.0966347881472764,32.8585036679374
8.90376984126984,0.640849117552931,0.771696209512179,0.0965885723762072,32.8588771418324
8.90386904761905,0.640797431175278,0.771643390369839,0.096542378748349,32.8592505819207
8.90396825396825,0.64074574952854,0.771590571677652,0.0964962072531703,32.859623988207
8.90406746031746,0.640694072612028,0.771537753437334,0.0964500578801428,32.859997360696
8.90416666666667,0.640642400425059,0.771484935650602,0.0964039306187442,32.8603706993927
8.90426587301587,0.640590732966942,0.771432118319171,0.0963578254584539,32.8607440043016
8.90436507936508,0.640539070236992,0.771379301444757,0.0963117423887559,32.8611172754278
8.90446428571429,0.640487412234522,0.771326485029074,0.0962656813991381,32.8614905127758
8.90456349206349,0.640435758958845,0.771273669073834,0.0962196424790922,32.8618637163506
8.9046626984127,0.640384110409275,0.771220853580751,0.0961736256181138,32.8622368861569
8.90476190476191,0.640332466585126,0.771168038551536,0.0961276308057023,32.8626100221995
8.90486111111111,0.640280827485711,0.771115223987901,0.096081658031361,32.8629831244832
8.90496031746032,0.640229193110344,0.771062409891556,0.0960357072845971,32.8633561930127
8.90505952380952,0.64017756345834,0.77100959626421,0.0959897785549216,32.8637292277929
8.90515873015873,0.640125938529013,0.770956783107573,0.0959438718318494,32.8641022288284
8.90525793650794,0.640074318321678,0.770903970423353,0.0958979871048991,32.8644751961242
8.90535714285714,0.64002270283565,0.770851158213258,0.0958521243635935,32.864848129685
8.90545634920635,0.639971092070242,0.770798346478993,0.0958062835974588,32.8652210295155
8.90555555555556,0.639919486024771,0.770745535222264,0.0957604647960249,32.8655938956205
8.90565476190476,0.639867884698552,0.770692724444778,0.0957146679488271,32.8659667280049
8.90575396825397,0.6398162880909,0.770639914148239,0.0956688930454028,32.8663395266733
8.90585317460318,0.63976469620113,0.77058710433435,0.0956231400752939,32.8667122916306
8.90595238095238,0.639713109028559,0.770534295004814,0.0955774090280462,32.8670850228815
8.90605158730159,0.639661526572502,0.770481486161333,0.0955316998932093,32.8674577204308
8.90615079365079,0.639609948832275,0.77042867780561,0.0954860126603366,32.8678303842832
8.90625,0.639558375807195,0.770375869939343,0.0954403473189855,32.8682030144436
8.90634920634921,0.639506807496578,0.770323062564235,0.0953947038587171,32.8685756109167
8.90644841269841,0.63945524389974,0.770270255681983,0.0953490822690964,32.8689481737072
8.90654761904762,0.639403685015999,0.770217449294286,0.0953034825396924,32.8693207028199
8.90664682539682,0.63935213084467,0.770164643402842,0.0952579046600779,32.8696931982597
8.90674603174603,0.639300581385072,0.770111838009348,0.0952123486198293,32.8700656600312
8.90684523809524,0.63924903663652,0.770059033115501,0.0951668144085273,32.8704380881392
8.90694444444444,0.639197496598334,0.770006228722995,0.0951213020157562,32.8708104825884
8.90704365079365,0.639145961269829,0.769953424833524,0.0950758114311034,32.8711828433837
8.90714285714286,0.639094430650325,0.769900621448785,0.0950303426441624,32.8715551705298
8.90724206349206,0.639042904739139,0.76984781857047,0.0949848956445284,32.8719274640314
8.90734126984127,0.638991383535589,0.76979501620027,0.0949394704218011,32.8722997238933
8.90744047619048,0.638939867038993,0.769742214339879,0.0948940669655843,32.8726719501203
8.90753968253968,0.638888355248669,0.769689412990987,0.0948486852654853,32.8730441427171
8.90763888888889,0.638836848163936,0.769636612155283,0.0948033253111156,32.8734163016885
8.90773809523809,0.638785345784114,0.769583811834459,0.0947579870920903,32.8737884270391
8.9078373015873,0.63873384810852,0.769531012030202,0.0947126705980286,32.8741605187738
8.90793650793651,0.638682355136473,0.769478212744201,0.0946673758185532,32.8745325768973
8.90803571428571,0.638630866867294,0.769425413978142,0.0946221027432911,32.8749046014144
8.90813492063492,0.6385793833003,0.769372615733713,0.0945768513618728,32.8752765923298
8.90823412698413,0.638527904434813,0.769319818012599,0.0945316216639329,32.8756485496482
8.90833333333333,0.638476430270151,0.769267020816485,0.0944864136391097,32.8760204733745
8.90843253968254,0.638424960805634,0.769214224147056,0.0944412272770455,32.8763923635132
8.90853174603175,0.638373496040582,0.769161428005994,0.0943960625673856,32.8767642200693
8.90863095238095,0.638322035974317,0.769108632394984,0.0943509194997813,32.8771360430473
8.90873015873016,0.638270580606157,0.769055837315706,0.0943057980638857,32.8775078324521
8.90882936507936,0.638219129935424,0.769003042769843,0.0942606982493565,32.8778795882884
8.90892857142857,0.638167683961438,0.768950248759074,0.0942156200458553,32.878251310561
8.90902777777778,0.63811624268352,0.76889745528508,0.0941705634430473,32.8786229992745
8.90912698412698,0.638064806100991,0.76884466234954,0.0941255284306018,32.8789946544338
8.90922619047619,0.638013374213173,0.768791869954132,0.0940805149981919,32.8793662760434
8.9093253968254,0.637961947019386,0.768739078100534,0.0940355231354946,32.8797378641083
8.9094246031746,0.637910524518952,0.768686286790422,0.0939905528321907,32.880109418633
8.90952380952381,0.637859106711193,0.768633496025472,0.0939456040779648,32.8804809396224
8.90962301587301,0.637807693595431,0.76858070580736,0.0939006768625054,32.8808524270812
8.90972222222222,0.637756285170988,0.768527916137761,0.0938557711755049,32.8812238810141
8.90982142857143,0.637704881437185,0.768475127018348,0.0938108870066597,32.8815953014257
8.90992063492063,0.637653482393346,0.768422338450795,0.0937660243456697,32.881966688321
8.91001984126984,0.637602088038792,0.768369550436772,0.0937211831822384,32.8823380417045
8.91011904761905,0.637550698372847,0.768316762977954,0.0936763635060747,32.882709361581
8.91021825396825,0.637499313394834,0.76826397607601,0.0936315653068898,32.8830806479553
8.91031746031746,0.637447933104075,0.76821118973261,0.0935867885743992,32.883451900832
8.91041666666667,0.637396557499893,0.768158403949424,0.0935420332983222,32.8838231202158
8.91051587301587,0.637345186581612,0.768105618728121,0.0934972994683822,32.8841943061116
8.91061507936508,0.637293820348556,0.768052834070368,0.0934525870743063,32.8845654585239
8.91071428571429,0.637242458800047,0.768000049977832,0.0934078961058254,32.8849365774576
8.91081349206349,0.637191101935411,0.767947266452179,0.0933632265526743,32.8853076629173
8.9109126984127,0.63713974975397,0.767894483495077,0.0933185784045918,32.8856787149078
8.9110119047619,0.63708840225505,0.767841701108188,0.0932739516513204,32.8860497334337
8.91111111111111,0.637037059437974,0.767788919293178,0.0932293462826065,32.8864207184998
8.91121031746032,0.636985721302067,0.76773613805171,0.0931847622882004,32.8867916701109
8.91130952380952,0.636934387846654,0.767683357385447,0.0931401996578563,32.8871625882715
8.91140873015873,0.636883059071059,0.767630577296049,0.093095658381332,32.8875334729864
8.91150793650794,0.636831734974606,0.767577797785179,0.0930511384483889,32.8879043242604
8.91160714285714,0.636780415556623,0.767525018854498,0.0930066398487938,32.8882751420981
8.91170634920635,0.636729100816435,0.767472240505664,0.0929621625723157,32.8886459265043
8.91180555555556,0.636677790753365,0.767419462740336,0.0929177066087281,32.8890166774835
8.91190476190476,0.636626485366741,0.767366685560174,0.0928732719478082,32.8893873950407
8.91200396825397,0.636575184655887,0.767313908966834,0.0928288585793372,32.8897580791804
8.91210317460317,0.636523888620131,0.767261132961972,0.0927844664931,32.8901287299073
8.91220238095238,0.636472597258797,0.767208357547246,0.0927400956788856,32.8904993472262
8.91230158730159,0.636421310571214,0.767155582724309,0.0926957461264866,32.8908699311418
8.91240079365079,0.636370028556706,0.767102808494817,0.0926514178256996,32.8912404816587
8.9125,0.6363187512146,0.767050034860423,0.0926071107663251,32.8916109987816
8.91259920634921,0.636267478544224,0.766997261822781,0.0925628249381673,32.8919814825154
8.91269841269841,0.636216210544905,0.766944489383541,0.0925185603310344,32.8923519328645
8.91279761904762,0.636164947215969,0.766891717544357,0.0924743169347385,32.8927223498338
8.91289682539682,0.636113688556744,0.766838946306878,0.0924300947390953,32.8930927334279
8.91299603174603,0.636062434566556,0.766786175672753,0.092385893733924,32.8934630836516
8.91309523809524,0.636011185244735,0.766733405643635,0.0923417139090495,32.8938334005094
8.91319444444444,0.635959940590608,0.766680636221169,0.0922975552542985,32.8942036840062
8.91329365079365,0.635908700603503,0.766627867407004,0.0922534177595023,32.8945739341465
8.91339285714286,0.635857465282748,0.766575099202787,0.0922093014144962,32.8949441509352
8.91349206349206,0.635806234627672,0.766522331610165,0.0921652062091192,32.8953143343768
8.91359126984127,0.635755008637602,0.766469564630782,0.0921211321332141,32.895684484476
8.91369047619048,0.635703787311867,0.766416798266283,0.0920770791766276,32.8960546012376
8.91378968253968,0.635652570649797,0.766364032518313,0.0920330473292105,32.8964246846662
8.91388888888889,0.635601358650719,0.766311267388514,0.0919890365808171,32.8967947347666
8.91398809523809,0.635550151313965,0.76625850287853,0.0919450469213058,32.8971647515432
8.9140873015873,0.635498948638861,0.766205738990001,0.0919010783405387,32.897534735001
8.91418650793651,0.635447750624739,0.76615297572457,0.0918571308283819,32.8979046851445
8.91428571428571,0.635396557270928,0.766100213083875,0.0918132043747052,32.8982746019784
8.91438492063492,0.635345368576758,0.766047451069557,0.0917692989693826,32.8986444855074
8.91448412698413,0.635294184541557,0.765994689683254,0.0917254146022908,32.8990143357362
8.91458333333333,0.635243005164657,0.765941928926606,0.0916815512633127,32.8993841526694
8.91468253968254,0.635191830445389,0.765889168801248,0.091637708942333,32.8997539363118
8.91478174603175,0.635140660383082,0.765836409308817,0.0915938876292408,32.9001236866679
8.91488095238095,0.635089494977067,0.765783650450949,0.0915500873139292,32.9004934037425
8.91498015873016,0.635038334226675,0.76573089222928,0.0915063079862951,32.9008630875402
8.91507936507936,0.634987178131237,0.765678134645443,0.0914625496362393,32.9012327380657
8.91517857142857,0.634936026690084,0.765625377701072,0.0914188122536665,32.9016023553237
8.91527777777778,0.634884879902547,0.7655726213978,0.091375095828485,32.9019719393188
8.91537698412698,0.634833737767958,0.765519865737259,0.0913314003506072,32.9023414900558
8.91547619047619,0.634782600285648,0.76546711072108,0.0912877258099494,32.9027110075391
8.9155753968254,0.63473146745495,0.765414356350894,0.0912440721964316,32.9030804917737
8.9156746031746,0.634680339275194,0.76536160262833,0.0912004394999777,32.9034499427639
8.91577380952381,0.634629215745714,0.765308849555018,0.0911568277105156,32.9038193605147
8.91587301587301,0.634578096865842,0.765256097132586,0.0911132368179768,32.9041887450305
8.91597222222222,0.634526982634908,0.765203345362661,0.0910696668122963,32.9045580963162
8.91607142857143,0.634475873052248,0.76515059424687,0.0910261176834145,32.9049274143762
8.91617063492064,0.634424768117194,0.765097843786841,0.0909825894212742,32.9052966992153
8.91626984126984,0.634373667829077,0.765045093984197,0.0909390820158224,32.9056659508382
8.91636904761905,0.634322572187233,0.764992344840564,0.0908955954570101,32.9060351692494
8.91646825396825,0.634271481190993,0.764939596357565,0.090852129734792,32.9064043544537
8.91656746031746,0.634220394839691,0.764886848536823,0.0908086848391268,32.9067735064557
8.91666666666667,0.634169313132661,0.764834101379961,0.0907652607599769,32.90714262526
8.91676587301587,0.634118236069236,0.7647813548886,0.0907218574873089,32.9075117108714
8.91686507936508,0.634067163648752,0.764728609064362,0.0906784750110928,32.9078807632943
8.91696428571429,0.63401609587054,0.764675863908866,0.0906351133213029,32.9082497825336
8.91706349206349,0.633965032733937,0.764623119423731,0.090591772407917,32.9086187685938
8.9171626984127,0.633913974238276,0.764570375610577,0.0905484522609169,32.9089877214796
8.9172619047619,0.633862920382892,0.764517632471021,0.0905051528702884,32.9093566411956
8.91736111111111,0.63381187116712,0.76446489000668,0.0904618742260209,32.9097255277465
8.91746031746032,0.633760826590294,0.764412148219171,0.0904186163181072,32.9100943811369
8.91755952380952,0.633709786651751,0.764359407110109,0.0903753791365457,32.9104632013715
8.91765873015873,0.633658751350824,0.76430666668111,0.0903321626713371,32.9108319884548
8.91775793650794,0.63360772068685,0.764253926933787,0.0902889669124862,32.9112007423916
8.91785714285714,0.633556694659164,0.764201187869754,0.0902457918500018,32.9115694631864
8.91795634920635,0.633505673267102,0.764148449490624,0.0902026374738966,32.911938150844
8.91805555555556,0.63345465651,0.764095711798008,0.0901595037741872,32.9123068053689
8.91815476190476,0.633403644387194,0.764042974793517,0.090116390740894,32.9126754267657
8.91825396825397,0.63335263689802,0.763990238478762,0.0900732983640412,32.9130440150392
8.91835317460317,0.633301634041815,0.763937502855353,0.0900302266336569,32.9134125701939
8.91845238095238,0.633250635817915,0.763884767924899,0.0899871755397732,32.9137810922345
8.91855158730159,0.633199642225656,0.763832033689007,0.0899441450724257,32.9141495811656
8.91865079365079,0.633148653264377,0.763779300149285,0.0899011352216543,32.9145180369918
8.91875,0.633097668933414,0.763726567307341,0.0898581459775025,32.9148864597178
8.91884920634921,0.633046689232103,0.763673835164779,0.0898151773300176,32.9152548493482
8.91894841269841,0.632995714159783,0.763621103723204,0.0897722292692505,32.9156232058875
8.91904761904762,0.632944743715792,0.763568372984222,0.0897293017852573,32.9159915293406
8.91914682539683,0.632893777899467,0.763515642949437,0.0896863948680965,32.9163598197118
8.91924603174603,0.632842816710146,0.76346291362045,0.0896435085078309,32.9167280770059
8.91934523809524,0.632791860147167,0.763410184998865,0.0896006426945272,32.9170963012276
8.91944444444444,0.632740908209868,0.763357457086283,0.089557797418256,32.9174644923813
8.91954365079365,0.632689960897588,0.763304729884304,0.0895149726690917,32.9178326504718
8.91964285714286,0.632639018209665,0.763252003394528,0.0894721684371126,32.9182007755036
8.91974206349206,0.632588080145438,0.763199277618556,0.0894293847124008,32.9185688674815
8.91984126984127,0.632537146704246,0.763146552557984,0.0893866214850423,32.9189369264098
8.91994047619048,0.632486217885428,0.763093828214411,0.0893438787451271,32.9193049522934
8.92003968253968,0.632435293688324,0.763041104589434,0.0893011564827487,32.9196729451368
8.92013888888889,0.632384374112272,0.762988381684649,0.0892584546880048,32.9200409049447
8.92023809523809,0.632333459156612,0.762935659501652,0.0892157733509968,32.9204088317215
8.9203373015873,0.632282548820684,0.762882938042037,0.08917311246183,32.9207767254721
8.92043650793651,0.632231643103828,0.762830217307398,0.0891304720106131,32.9211445862008
8.92053571428571,0.632180742005384,0.762777497299328,0.08908785198746,32.9215124139124
8.92063492063492,0.632129845524692,0.762724778019421,0.0890452523824872,32.9218802086115
8.92073412698413,0.632078953661094,0.762672059469268,0.0890026731858154,32.9222479703027
8.92083333333333,0.632028066413928,0.76261934165046,0.0889601143875691,32.9226156989905
8.92093253968254,0.631977183782536,0.762566624564587,0.0889175759778769,32.9229833946797
8.92103174603175,0.631926305766259,0.762513908213238,0.0888750579468709,32.9233510573747
8.92113095238095,0.631875432364438,0.762461192598003,0.0888325602846874,32.9237186870801
8.92123015873016,0.631824563576414,0.762408477720469,0.0887900829814665,32.9240862838007
8.92132936507936,0.631773699401529,0.762355763582224,0.0887476260273519,32.924453847541
8.92142857142857,0.631722839839123,0.762303050184854,0.0887051894124914,32.9248213783055
8.92152777777778,0.63167198488854,0.762250337529945,0.0886627731270367,32.9251888760989
8.92162698412698,0.63162113454912,0.762197625619083,0.0886203771611432,32.9255563409257
8.92172619047619,0.631570288820206,0.762144914453851,0.0885780015049702,32.9259237727907
8.9218253968254,0.63151944770114,0.762092204035832,0.0885356461486809,32.9262911716982
8.9219246031746,0.631468611191264,0.76203949436661,0.0884933110824417,32.9266585376531
8.92202380952381,0.631417779289922,0.761986785447767,0.0884509962964247,32.9270258706598
8.92212301587302,0.631366951996455,0.761934077280885,0.0884087017808041,32.9273931707229
8.92222222222222,0.631316129310207,0.761881369867543,0.0883664275257585,32.927760437847
8.92232142857143,0.63126531123052,0.761828663209321,0.0883241735214704,32.9281276720367
8.92242063492064,0.631214497756738,0.761775957307799,0.0882819397581261,32.9284948732966
8.92251984126984,0.631163688888205,0.761723252164556,0.0882397262259157,32.9288620416313
8.92261904761905,0.631112884624263,0.761670547781167,0.0881975329150334,32.9292291770453
8.92271825396825,0.631062084964257,0.761617844159211,0.0881553598156771,32.9295962795433
8.92281746031746,0.63101128990753,0.761565141300263,0.0881132069180484,32.9299633491298
8.92291666666667,0.630960499453426,0.761512439205899,0.0880710742123531,32.9303303858094
8.92301587301587,0.630909713601291,0.761459737877693,0.0880289616888007,32.9306973895867
8.92311507936508,0.630858932350467,0.76140703731722,0.0879868693376044,32.9310643604663
8.92321428571429,0.6308081557003,0.761354337526052,0.0879447971489814,32.9314312984527
8.92331349206349,0.630757383650134,0.761301638505761,0.087902745113153,32.9317982035505
8.9234126984127,0.630706616199314,0.761248940257919,0.0878607132203433,32.9321650757643
8.92351190476191,0.630655853347185,0.761196242784098,0.0878187014607823,32.9325319150987
8.92361111111111,0.630605095093093,0.761143546085867,0.0877767098247021,32.9328987215582
8.92371031746032,0.630554341436383,0.761090850164796,0.0877347383023392,32.9332654951474
8.92380952380952,0.6305035923764,0.761038155022453,0.0876927868839339,32.9336322358709
8.92390873015873,0.63045284791249,0.760985460660406,0.0876508555597305,32.9339989437333
8.92400793650794,0.630402108043999,0.760932767080223,0.087608944319977,32.9343656187391
8.92410714285714,0.630351372770273,0.760880074283469,0.0875670531549254,32.9347322608928
8.92420634920635,0.630300642090658,0.76082738227171,0.0875251820548314,32.9350988701991
8.92430555555556,0.630249916004501,0.760774691046512,0.0874833310099547,32.9354654466626
8.92440476190476,0.630199194511148,0.760722000609437,0.0874415000105589,32.9358319902877
8.92450396825397,0.630148477609945,0.760669310962051,0.0873996890469112,32.936198501079
8.92460317460317,0.63009776530024,0.760616622105915,0.087357898109283,32.9365649790412
8.92470238095238,0.63004705758138,0.760563934042591,0.0873161271879493,32.9369314241787
8.92480158730159,0.629996354452711,0.760511246773641,0.087274376273189,32.9372978364962
8.92490079365079,0.629945655913581,0.760458560300623,0.0872326453552845,32.9376642159981
8.925,0.629894961963339,0.7604058746251,0.0871909344245234,32.9380305626891
8.92509920634921,0.62984427260133,0.76035318974863,0.0871492434711958,32.9383968765737
8.92519841269841,0.629793587826905,0.76030050567277,0.087107572485596,32.9387631576565
8.92529761904762,0.629742907639409,0.760247822399078,0.0870659214580223,32.9391294059419
8.92539682539683,0.629692232038192,0.760195139929111,0.0870242903787768,32.9394956214346
8.92549603174603,0.629641561022601,0.760142458264425,0.0869826792381654,32.9398618041391
8.92559523809524,0.629590894591986,0.760089777406575,0.086941088026498,32.94022795406
8.92569444444444,0.629540232745696,0.760037097357115,0.0868995167340882,32.9405940712018
8.92579365079365,0.629489575483078,0.759984418117599,0.0868579653512535,32.940960155569
8.92589285714286,0.629438922803481,0.759931739689579,0.0868164338683155,32.9413262071663
8.92599206349206,0.629388274706256,0.75987906207461,0.0867749222755992,32.9416922259981
8.92609126984127,0.629337631190752,0.75982638527424,0.0867334305634339,32.942058212069
8.92619047619048,0.629286992256317,0.759773709290023,0.0866919587221525,32.9424241653836
8.92628968253968,0.629236357902302,0.759721034123506,0.0866505067420919,32.9427900859463
8.92638888888889,0.629185728128056,0.759668359776239,0.0866090746135921,32.9431559737618
8.9264880952381,0.62913510293293,0.759615686249772,0.0865676623269989,32.9435218288346
8.9265873015873,0.629084482316274,0.759563013545652,0.08652626987266,32.9438876511691
8.92668650793651,0.629033866277438,0.759510341665426,0.0864848972409278,32.94425344077
8.92678571428571,0.628983254815772,0.75945767061064,0.0864435444221584,32.9446191976418
8.92688492063492,0.628932647930627,0.759405000382839,0.0864022114067117,32.944984921789
8.92698412698413,0.628882045621355,0.759352330983568,0.0863608981849517,32.9453506132161
8.92708333333333,0.628831447887305,0.759299662414372,0.086319604747246,32.9457162719278
8.92718253968254,0.62878085472783,0.759246994676793,0.0862783310839662,32.9460818979284
8.92728174603175,0.62873026614228,0.759194327772374,0.0862370771854876,32.9464474912226
8.92738095238095,0.628679682130007,0.759141661702656,0.0861958430421896,32.9468130518149
8.92748015873016,0.628629102690363,0.759088996469182,0.0861546286444554,32.9471785797099
8.92757936507936,0.6285785278227,0.75903633207349,0.0861134339826719,32.9475440749119
8.92767857142857,0.628527957526369,0.758983668517121,0.0860722590472299,32.9479095374256
8.92777777777778,0.628477391800722,0.758931005801614,0.0860311038285242,32.9482749672555
8.92787698412699,0.628426830645112,0.758878343928505,0.0859899683169529,32.9486403644062
8.92797619047619,0.628376274058893,0.758825682899333,0.0859488525029194,32.9490057288821
8.9280753968254,0.628325722041415,0.758773022715635,0.0859077563768294,32.9493710606877
8.9281746031746,0.628275174592033,0.758720363378945,0.0858666799290933,32.9497363598277
8.92827380952381,0.628224631710098,0.758667704890799,0.0858256231501248,32.9501016263064
8.92837301587302,0.628174093394965,0.758615047252732,0.0857845860303421,32.9504668601285
8.92847222222222,0.628123559645986,0.758562390466277,0.0857435685601666,32.9508320612984
8.92857142857143,0.628073030462515,0.758509734532966,0.0857025707300241,32.9511972298207
8.92867063492064,0.628022505843906,0.758457079454332,0.085661592530344,32.9515623656998
8.92876984126984,0.627971985789512,0.758404425231906,0.0856206339515596,32.9519274689404
8.92886904761905,0.627921470298688,0.758351771867219,0.0855796949841081,32.9522925395469
8.92896825396825,0.627870959370787,0.7582991193618,0.0855387756184304,32.9526575775238
8.92906746031746,0.627820453005164,0.758246467717178,0.0854978758449715,32.9530225828756
8.92916666666667,0.627769951201173,0.758193816934882,0.0854569956541801,32.9533875556069
8.92926587301587,0.62771945395817,0.75814116701644,0.0854161350365087,32.9537524957221
8.92936507936508,0.627668961275508,0.758088517963377,0.0853752939824134,32.9541174032258
8.92946428571429,0.627618473152543,0.758035869777221,0.0853344724823556,32.9544822781224
8.92956349206349,0.62756798958863,0.757983222459497,0.0852936705267988,32.9548471204166
8.9296626984127,0.627517510583124,0.757930576011729,0.0852528881062111,32.9552119301127
8.92976190476191,0.627467036135382,0.757877930435441,0.0852121252110644,32.9555767072153
8.92986111111111,0.627416566244757,0.757825285732156,0.0851713818318344,32.9559414517288
8.92996031746032,0.627366100910607,0.757772641903397,0.0851306579590008,32.9563061636579
8.93005952380952,0.627315640132287,0.757719998950685,0.0850899535830471,32.956670843007
8.93015873015873,0.627265183909153,0.757667356875541,0.0850492686944605,32.9570354897805
8.93025793650794,0.627214732240562,0.757614715679485,0.0850086032837323,32.957400103983
8.93035714285714,0.62716428512587,0.757562075364036,0.0849679573413574,32.957764685619
8.93045634920635,0.627113842564434,0.757509435930714,0.0849273308578349,32.958129234693
8.93055555555556,0.62706340455561,0.757456797381036,0.0848867238236674,32.9584937512095
8.93065476190476,0.627012971098756,0.757404159716519,0.0848461362293617,32.9588582351729
8.93075396825397,0.626962542193228,0.757351522938679,0.0848055680654281,32.9592226865879
8.93085317460318,0.626912117838384,0.757298887049032,0.0847650193223805,32.9595871054587
8.93095238095238,0.626861698033582,0.757246252049094,0.0847244899907383,32.95995149179
8.93105158730159,0.626811282778178,0.757193617940378,0.0846839800610227,32.9603158455862
8.93115079365079,0.626760872071532,0.757140984724398,0.08464348952376,32.9606801668519
8.93125,0.626710465913,0.757088352402665,0.0846030183694797,32.9610444555914
8.93134920634921,0.626660064301941,0.757035720976693,0.0845625665887156,32.9614087118094
8.93144841269841,0.626609667237714,0.756983090447993,0.084522134172005,32.9617729355102
8.93154761904762,0.626559274719676,0.756930460818074,0.0844817211098895,32.9621371266984
8.93164682539683,0.626508886747186,0.756877832088446,0.0844413273929142,32.9625012853785
8.93174603174603,0.626458503319603,0.756825204260619,0.0844009530116282,32.9628654115548
8.93184523809524,0.626408124436287,0.7567725773361,0.0843605979565843,32.963229505232
8.93194444444444,0.626357750096595,0.756719951316398,0.0843202622183395,32.9635935664145
8.93204365079365,0.626307380299888,0.756667326203018,0.0842799457874544,32.9639575951067
8.93214285714286,0.626257015045525,0.756614701997466,0.0842396486544934,32.9643215913132
8.93224206349206,0.626206654332865,0.756562078701248,0.0841993708100249,32.9646855550383
8.93234126984127,0.626156298161268,0.756509456315868,0.0841591122446207,32.9650494862867
8.93244047619048,0.626105946530095,0.756456834842831,0.0841188729488579,32.9654133850628
8.93253968253968,0.626055599438705,0.756404214283638,0.0840786529133159,32.965777251371
8.93263888888889,0.626005256886458,0.756351594639792,0.0840384521285785,32.9661410852158
8.9327380952381,0.625954918872716,0.756298975912795,0.0839982705852333,32.9665048866017
8.9328373015873,0.625904585396838,0.756246358104148,0.0839581082738719,32.9668686555331
8.93293650793651,0.625854256458186,0.756193741215349,0.0839179651850898,32.9672323920145
8.93303571428571,0.62580393205612,0.756141125247899,0.083877841309486,32.9675960960505
8.93313492063492,0.625753612190002,0.756088510203295,0.0838377366376637,32.9679597676454
8.93323412698413,0.625703296859192,0.756035896083037,0.08379765116023,32.9683234068037
8.93333333333333,0.625652986063053,0.75598328288862,0.0837575848677955,32.9686870135299
8.93343253968254,0.625602679800945,0.755930670621541,0.083717537750975,32.9690505878284
8.93353174603175,0.625552378072231,0.755878059283295,0.083677509800387,32.9694141297038
8.93363095238095,0.625502080876273,0.755825448875378,0.0836375010066538,32.9697776391604
8.93373015873016,0.625451788212432,0.755772839399282,0.0835975113604019,32.9701411162027
8.93382936507937,0.62540150008007,0.755720230856501,0.0835575408522607,32.9705045608352
8.93392857142857,0.625351216478551,0.755667623248529,0.0835175894728652,32.9708679730624
8.93402777777778,0.625300937407237,0.755615016576856,0.0834776572128528,32.9712313528887
8.93412698412699,0.625250662865491,0.755562410842974,0.0834377440628652,32.9715947003185
8.93422619047619,0.625200392852675,0.755509806048373,0.0833978500135479,32.9719580153563
8.9343253968254,0.625150127368153,0.755457202194542,0.0833579750555503,32.9723212980065
8.9344246031746,0.625099866411288,0.755404599282971,0.0833181191795257,32.9726845482737
8.93452380952381,0.625049609981444,0.755351997315146,0.0832782823761311,32.9730477661623
8.93462301587302,0.624999358077983,0.755299396292556,0.0832384646360277,32.9734109516766
8.93472222222222,0.62494911070027,0.755246796216687,0.0831986659498802,32.9737741048212
8.93482142857143,0.624898867847669,0.755194197089025,0.0831588863083574,32.9741372256005
8.93492063492064,0.624848629519543,0.755141598911055,0.0831191257021318,32.974500314019
8.93501984126984,0.624798395715258,0.755089001684261,0.0830793841218797,32.9748633700811
8.93511904761905,0.624748166434176,0.755036405410127,0.0830396615582816,32.9752263937912
8.93521825396825,0.624697941675664,0.754983810090135,0.0829999580020215,32.9755893851537
8.93531746031746,0.624647721439085,0.754931215725767,0.0829602734437869,32.9759523441733
8.93541666666667,0.624597505723805,0.754878622318506,0.0829206078742707,32.9763152708541
8.93551587301587,0.624547294529189,0.754826029869831,0.0828809612841682,32.9766781652008
8.93561507936508,0.624497087854602,0.754773438381223,0.0828413336641788,32.9770410272177
8.93571428571429,0.624446885699409,0.754720847854159,0.082801725005006,32.9774038569093
8.93581349206349,0.624396688062976,0.75466825829012,0.0827621352973572,32.97776665428
8.9359126984127,0.624346494944669,0.754615669690582,0.0827225645319433,32.9781294193342
8.93601190476191,0.624296306343854,0.754563082057021,0.0826830126994796,32.9784921520765
8.93611111111111,0.624246122259896,0.754510495390915,0.0826434797906848,32.9788548525111
8.93621031746032,0.624195942692162,0.754457909693739,0.0826039657962816,32.9792175206426
8.93630952380952,0.624145767640019,0.754405324966966,0.0825644707069967,32.9795801564754
8.93640873015873,0.624095597102832,0.754352741212072,0.0825249945135605,32.9799427600139
8.93650793650794,0.624045431079969,0.754300158430528,0.0824855372067073,32.9803053312625
8.93660714285714,0.623995269570797,0.754247576623808,0.0824460987771752,32.9806678702257
8.93670634920635,0.623945112574682,0.754194995793383,0.0824066792157064,32.9810303769078
8.93680555555556,0.623894960090992,0.754142415940723,0.082367278513046,32.9813928513134
8.93690476190476,0.623844812119094,0.7540898370673,0.082327896659945,32.9817552934468
8.93700396825397,0.623794668658356,0.754037259174583,0.0822885336471565,32.9821177033125
8.93710317460318,0.623744529708146,0.753984682264039,0.0822491894654377,32.9824800809148
8.93720238095238,0.623694395267832,0.753932106337137,0.0822098641055502,32.9828424262583
8.93730158730159,0.62364426533678,0.753879531395344,0.082170557558259,32.9832047393473
8.93740079365079,0.623594139914361,0.753826957440126,0.0821312698143332,32.9835670201862
8.9375,0.623544018999942,0.75377438447295,0.0820920008645458,32.9839292687794
8.93759920634921,0.623493902592891,0.753721812495279,0.0820527506996733,32.9842914851315
8.93769841269841,0.623443790692578,0.753669241508579,0.0820135193104965,32.9846536692467
8.93779761904762,0.623393683298371,0.753616671514312,0.0819743066877998,32.9850158211295
8.93789682539682,0.62334358040964,0.753564102513941,0.0819351128223716,32.9853779407843
8.93799603174603,0.623293482025753,0.753511534508928,0.0818959377050041,32.9857400282156
8.93809523809524,0.62324338814608,0.753458967500735,0.0818567813264932,32.9861020834277
8.93819444444444,0.623193298769991,0.75340640149082,0.0818176436776389,32.986464106425
8.93829365079365,0.623143213896854,0.753353836480645,0.0817785247492445,32.986826097212
8.93839285714286,0.623093133526041,0.753301272471669,0.0817394245321186,32.987188055793
8.93849206349206,0.623043057656921,0.753248709465348,0.0817003430170722,32.9875499821725
8.93859126984127,0.622992986288865,0.753196147463142,0.0816612801949206,32.9879118763549
8.93869047619048,0.622942919421242,0.753143586466506,0.081622236056483,32.9882737383445
8.93878968253968,0.622892857053424,0.753091026476897,0.0815832105925825,32.9886355681458
8.93888888888889,0.622842799184781,0.753038467495769,0.081544203794046,32.9889973657632
8.93898809523809,0.622792745814684,0.752985909524577,0.0815052156517042,32.9893591312011
8.9390873015873,0.622742696942504,0.752933352564775,0.0814662461563919,32.9897208644638
8.93918650793651,0.622692652567611,0.752880796617816,0.0814272952989475,32.9900825655558
8.93928571428571,0.622642612689379,0.752828241685152,0.0813883630702134,32.9904442344815
8.93938492063492,0.622592577307177,0.752775687768234,0.0813494494610358,32.9908058712453
8.93948412698413,0.622542546420379,0.752723134868513,0.0813105544622647,32.9911674758515
8.93958333333333,0.622492520028355,0.752670582987439,0.0812716780647541,32.9915290483046
8.93968253968254,0.622442498130478,0.752618032126462,0.0812328202593618,32.9918905886089
8.93978174603175,0.622392480726119,0.752565482287028,0.0811939810369489,32.9922520967688
8.93988095238095,0.622342467814652,0.752512933470588,0.081155160388382,32.9926135727888
8.93998015873016,0.622292459395449,0.752460385678587,0.0811163583045299,32.9929750166732
8.94007936507936,0.622242455467882,0.752407838912472,0.0810775747762658,32.9933364284264
8.94017857142857,0.622192456031325,0.752355293173689,0.0810388097944668,32.9936978080528
8.94027777777778,0.62214246108515,0.752302748463681,0.081000063350014,32.9940591555568
8.94037698412698,0.62209247062873,0.752250204783893,0.0809613354337919,32.9944204709428
8.94047619047619,0.62204248466144,0.752197662135768,0.0809226260366895,32.994781754215
8.9405753968254,0.621992503182652,0.752145120520749,0.0808839351495991,32.9951430053781
8.9406746031746,0.621942526191741,0.752092579940278,0.0808452627634171,32.9955042244362
8.94077380952381,0.621892553688079,0.752040040395795,0.0808066088690438,32.9958654113938
8.94087301587301,0.621842585671042,0.75198750188874,0.0807679734573833,32.9962265662553
8.94097222222222,0.621792622140003,0.751934964420554,0.0807293565193436,32.9965876890251
8.94107142857143,0.621742663094336,0.751882427992675,0.0806907580458364,32.9969487797074
8.94117063492063,0.621692708533417,0.751829892606541,0.0806521780277774,32.9973098383068
8.94126984126984,0.621642758456618,0.751777358263589,0.0806136164560856,32.9976708648276
8.94136904761905,0.621592812863317,0.751724824965256,0.0805750733216856,32.9980318592741
8.94146825396825,0.621542871752888,0.751672292712978,0.0805365486155039,32.9983928216507
8.94156746031746,0.621492935124706,0.75161976150819,0.0804980423284718,32.9987537519618
8.94166666666667,0.621443002978146,0.751567231352325,0.0804595544515242,32.9991146502118
8.94176587301587,0.621393075312583,0.751514702246818,0.0804210849755999,32.999475516405
8.94186507936508,0.621343152127395,0.751462174193102,0.0803826338916417,32.9998363505458
8.94196428571429,0.621293233421955,0.751409647192608,0.080344201190596,33.0001971526385
8.94206349206349,0.621243319195641,0.751357121246767,0.0803057868634132,33.0005579226877
8.9421626984127,0.621193409447828,0.751304596357011,0.0802673909010477,33.0009186606975
8.9422619047619,0.621143504177893,0.75125207252477,0.0802290132944576,33.0012793666723
8.94236111111111,0.621093603385212,0.751199549751471,0.0801906540346048,33.0016400406166
8.94246031746032,0.621043707069163,0.751147028038543,0.0801523131124552,33.0020006825347
8.94255952380952,0.620993815229121,0.751094507387415,0.0801139905189784,33.0023612924309
8.94265873015873,0.620943927864464,0.751041987799513,0.0800756862451482,33.0027218703097
8.94275793650794,0.620894044974568,0.750989469276262,0.0800374002819412,33.0030824161753
8.94285714285714,0.620844166558813,0.750936951819089,0.0799991326203399,33.0034429300321
8.94295634920635,0.620794292616574,0.750884435429418,0.0799608832513289,33.0038034118845
8.94305555555556,0.62074442314723,0.750831920108673,0.0799226521658971,33.0041638617368
8.94315476190476,0.620694558150158,0.750779405858277,0.0798844393550376,33.0045242795934
8.94325396825397,0.620644697624737,0.750726892679652,0.0798462448097469,33.0048846654586
8.94335317460317,0.620594841570344,0.750674380574219,0.0798080685210255,33.0052450193369
8.94345238095238,0.620544989986358,0.750621869543401,0.0797699104798781,33.0056053412324
8.94355158730159,0.620495142872157,0.750569359588616,0.0797317706773128,33.0059656311497
8.94365079365079,0.62044530022712,0.750516850711285,0.0796936491043417,33.006325889093
8.94375,0.620395462050626,0.750464342912825,0.079655545751981,33.0066861150666
8.94384920634921,0.620345628342054,0.750411836194655,0.0796174606112505,33.007046309075
8.94394841269841,0.620295799100783,0.750359330558192,0.0795793936731738,33.0074064711225
8.94404761904762,0.620245974326192,0.750306826004852,0.0795413449287787,33.0077666012134
8.94414682539682,0.620196154017661,0.750254322536051,0.0795033143690964,33.008126699352
8.94424603174603,0.620146338174569,0.750201820153203,0.0794653019851619,33.0084867655428
8.94434523809524,0.620096526796297,0.750149318857724,0.0794273077680153,33.0088467997899
8.94444444444444,0.620046719882224,0.750096818651026,0.0793893317086991,33.0092068020979
8.94454365079365,0.619996917431731,0.750044319534522,0.0793513737982602,33.009566772471
8.94464285714286,0.619947119444197,0.749991821509624,0.0793134340277494,33.0099267109135
8.94474206349206,0.619897325919004,0.749939324577742,0.0792755123882211,33.0102866174298
8.94484126984127,0.619847536855531,0.749886828740289,0.079237608870734,33.0106464920243
8.94494047619048,0.61979775225316,0.749834333998672,0.0791997234663503,33.0110063347011
8.94503968253968,0.619747972111272,0.749781840354301,0.0791618561661362,33.0113661454648
8.94513888888889,0.619698196429248,0.749729347808585,0.0791240069611617,33.0117259243196
8.94523809523809,0.619648425206468,0.74967685636293,0.0790861758425006,33.0120856712699
8.9453373015873,0.619598658442315,0.749624366018744,0.0790483628012309,33.0124453863199
8.94543650793651,0.619548896136171,0.749571876777432,0.0790105678284341,33.0128050694741
8.94553571428571,0.619499138287417,0.749519388640399,0.0789727909151955,33.0131647207367
8.94563492063492,0.619449384895434,0.74946690160905,0.0789350320526047,33.013524340112
8.94573412698413,0.619399635959606,0.749414415684788,0.0788972912317543,33.0138839276044
8.94583333333333,0.619349891479314,0.749361930869017,0.0788595684437422,33.0142434832183
8.94593253968254,0.619300151453941,0.749309447163139,0.078821863679669,33.0146030069578
8.94603174603175,0.61925041588287,0.749256964568555,0.0787841769306393,33.0149624988275
8.94613095238095,0.619200684765483,0.749204483086667,0.0787465081877619,33.0153219588314
8.94623015873016,0.619150958101164,0.749152002718873,0.0787088574421492,33.0156813869741
8.94632936507936,0.619101235889295,0.749099523466573,0.0786712246849174,33.0160407832598
8.94642857142857,0.61905151812926,0.749047045331166,0.0786336099071869,33.0164001476928
8.94652777777778,0.619001804820442,0.748994568314049,0.0785960131000817,33.0167594802775
8.94662698412698,0.618952095962225,0.748942092416619,0.0785584342547298,33.0171187810181
8.94672619047619,0.618902391553993,0.748889617640273,0.0785208733622628,33.017478049919
8.9468253968254,0.61885269159513,0.748837143986406,0.0784833304138164,33.0178372869845
8.9469246031746,0.618802996085019,0.748784671456412,0.0784458054005302,33.0181964922188
8.94702380952381,0.618753305023045,0.748732200051687,0.0784082983135474,33.0185556656264
8.94712301587301,0.618703618408593,0.748679729773622,0.0783708091440153,33.0189148072115
8.94722222222222,0.618653936241046,0.748627260623611,0.0783333378830845,33.0192739169784
8.94732142857143,0.618604258519791,0.748574792603045,0.0782958845219109,33.0196329949314
8.94742063492064,0.618554585244212,0.748522325713315,0.0782584490516528,33.0199920410748
8.94751984126984,0.618504916413693,0.748469859955812,0.0782210314634728,33.020351055413
8.94761904761905,0.618455252027621,0.748417395331926,0.0781836317485375,33.0207100379503
8.94771825396825,0.618405592085381,0.748364931843044,0.0781462498980171,33.0210689886908
8.94781746031746,0.618355936586358,0.748312469490555,0.0781088859030861,33.0214279076391
8.94791666666667,0.618306285529939,0.748260008275845,0.0780715397549223,33.0217867947992
8.94801587301587,0.618256638915508,0.748207548200303,0.0780342114447078,33.0221456501756
8.94811507936508,0.618206996742453,0.748155089265313,0.0779969009636284,33.0225044737726
8.94821428571429,0.618157359010159,0.748102631472261,0.0779596083028737,33.0228632655944
8.94831349206349,0.618107725718013,0.748050174822531,0.0779223334536373,33.0232220256453
8.9484126984127,0.618058096865402,0.747997719317506,0.0778850764071165,33.0235807539296
8.9485119047619,0.618008472451712,0.747945264958569,0.0778478371545126,33.0239394504517
8.94861111111111,0.61795885247633,0.747892811747102,0.0778106156870306,33.0242981152158
8.94871031746032,0.617909236938643,0.747840359684486,0.0777734119958791,33.0246567482262
8.94880952380952,0.61785962583804,0.747787908772103,0.0777362260722718,33.0250153494872
8.94890873015873,0.617810019173906,0.747735459011332,0.077699057907425,33.025373919003
8.94900793650794,0.61776041694563,0.747683010403552,0.077661907492559,33.0257324567781
8.94910714285714,0.6177108191526,0.747630562950141,0.0776247748188985,33.0260909628166
8.94920634920635,0.617661225794203,0.747578116652477,0.0775876598776716,33.0264494371228
8.94930555555556,0.617611636869828,0.747525671511936,0.0775505626601103,33.0268078797011
8.94940476190476,0.617562052378862,0.747473227529896,0.0775134831574508,33.0271662905557
8.94950396825397,0.617512472320695,0.747420784707731,0.0774764213609327,33.0275246696908
8.94960317460317,0.617462896694714,0.747368343046815,0.0774393772617999,33.0278830171109
8.94970238095238,0.617413325500309,0.747315902548523,0.0774023508512998,33.0282413328201
8.94980158730159,0.617363758736868,0.747263463214228,0.0773653421206838,33.0285996168227
8.94990079365079,0.617314196403781,0.747211025045302,0.0773283510612073,33.0289578691231
8.95,0.617264638500437,0.747158588043116,0.0772913776641293,33.0293160897254
8.95009920634921,0.617215085026225,0.747106152209042,0.0772544219207128,33.029674278634
8.95019841269841,0.617165535980535,0.747053717544449,0.0772174838222242,33.0300324358532
8.95029761904762,0.617115991362757,0.747001284050708,0.0771805633599352,33.0303905613872
8.95039682539683,0.61706645117228,0.746948851729186,0.0771436605251197,33.0307486552402
8.95049603174603,0.617016915408495,0.746896420581252,0.0771067753090563,33.0311067174166
8.95059523809524,0.616967384070792,0.746843990608272,0.0770699077030273,33.0314647479206
8.95069444444444,0.616917857158561,0.746791561811613,0.0770330576983186,33.0318227467565
8.95079365079365,0.616868334671193,0.746739134192641,0.0769962252862205,33.0321807139286
8.95089285714286,0.616818816608079,0.746686707752721,0.0769594104580267,33.0325386494411
8.95099206349206,0.61676930296861,0.746634282493216,0.0769226132050348,33.0328965532984
8.95109126984127,0.616719793752176,0.746581858415491,0.0768858335185466,33.0332544255045
8.95119047619048,0.616670288958169,0.746529435520907,0.0768490713898673,33.0336122660639
8.95128968253968,0.61662078858598,0.746477013810827,0.0768123268103064,33.0339700749808
8.95138888888889,0.616571292635001,0.746424593286611,0.0767755997711769,33.0343278522594
8.95148809523809,0.616521801104624,0.746372173949621,0.0767388902637959,33.034685597904
8.9515873015873,0.616472313994241,0.746319755801216,0.0767021982794843,33.0350433119189
8.95168650793651,0.616422831303242,0.746267338842754,0.0766655238095662,33.0354009943083
8.95178571428571,0.616373353031022,0.746214923075595,0.0766288668453712,33.0357586450765
8.95188492063492,0.616323879176973,0.746162508501095,0.0765922273782314,33.0361162642278
8.95198412698413,0.616274409740486,0.746110095120611,0.0765556053994829,33.0364738517663
8.95208333333333,0.616224944720955,0.746057682935499,0.076519000900466,33.0368314076963
8.95218253968254,0.616175484117772,0.746005271947114,0.0764824138725247,33.0371889320222
8.95228174603175,0.616126027930331,0.745952862156811,0.0764458443070068,33.0375464247481
8.95238095238095,0.616076576158025,0.745900453565944,0.0764092921952641,33.0379038858783
8.95248015873016,0.616027128800247,0.745848046175865,0.0763727575286522,33.038261315417
8.95257936507936,0.61597768585639,0.745795639987926,0.0763362402985306,33.0386187133686
8.95267857142857,0.61592824732585,0.74574323500348,0.0762997404962625,33.0389760797371
8.95277777777778,0.615878813208019,0.745690831223876,0.0762632581132152,33.039333414527
8.95287698412698,0.615829383502291,0.745638428650465,0.0762267931407596,33.0396907177424
8.95297619047619,0.615779958208061,0.745586027284595,0.0761903455702707,33.0400479893876
8.9530753968254,0.615730537324723,0.745533627127616,0.0761539153931272,33.0404052294667
8.9531746031746,0.615681120851671,0.745481228180875,0.0761175026007113,33.0407624379842
8.95327380952381,0.615631708788301,0.745428830445719,0.0760811071844103,33.0411196149441
8.95337301587302,0.615582301134007,0.745376433923495,0.0760447291356142,33.0414767603508
8.95347222222222,0.615532897888185,0.745324038615547,0.076008368445717,33.0418338742084
8.95357142857143,0.61548349905023,0.745271644523221,0.075972025106117,33.0421909565212
8.95367063492064,0.615434104619536,0.745219251647861,0.0759356991082159,33.0425480072935
8.95376984126984,0.6153847145955,0.745166859990809,0.0758993904434195,33.0429050265295
8.95386904761905,0.615335328977517,0.745114469553408,0.0758630991031375,33.0432620142334
8.95396825396825,0.615285947764983,0.745062080337001,0.0758268250787833,33.0436189704094
8.95406746031746,0.615236570957294,0.745009692342928,0.0757905683617743,33.0439758950618
8.95416666666667,0.615187198553847,0.744957305572529,0.0757543289435317,33.0443327881948
8.95426587301587,0.615137830554038,0.744904920027144,0.0757181068154804,33.0446896498126
8.95436507936508,0.615088466957263,0.744852535708111,0.0756819019690495,33.0450464799195
8.95446428571429,0.615039107762919,0.74480015261677,0.0756457143956718,33.0454032785197
8.95456349206349,0.614989752970402,0.744747770754456,0.0756095440867838,33.0457600456174
8.9546626984127,0.614940402579111,0.744695390122506,0.0755733910338257,33.0461167812169
8.95476190476191,0.614891056588442,0.744643010722257,0.0755372552282426,33.0464734853223
8.95486111111111,0.614841714997792,0.744590632555043,0.0755011366614823,33.0468301579378
8.95496031746032,0.61479237780656,0.744538255622199,0.0754650353249969,33.0471867990678
8.95505952380952,0.614743045014142,0.744485879925058,0.0754289512102424,33.0475434087165
8.95515873015873,0.614693716619938,0.744433505464953,0.0753928843086785,33.0478999868879
8.95525793650794,0.614644392623343,0.744381132243215,0.0753568346117688,33.0482565335864
8.95535714285714,0.614595073023758,0.744328760261178,0.0753208021109809,33.0486130488162
8.95545634920635,0.61454575782058,0.74427638952017,0.0752847867977861,33.0489695325815
8.95555555555556,0.614496447013208,0.744224020021521,0.0752487886636598,33.0493259848865
8.95565476190476,0.614447140601041,0.744171651766562,0.0752128077000808,33.0496824057354
8.95575396825397,0.614397838583476,0.74411928475662,0.0751768438985323,33.0500387951325
8.95585317460317,0.614348540959915,0.744066918993022,0.0751408972505009,33.0503951530819
8.95595238095238,0.614299247729755,0.744014554477096,0.0751049677474775,33.0507514795878
8.95605158730159,0.614249958892395,0.743962191210167,0.0750690553809563,33.0511077746545
8.95615079365079,0.614200674447236,0.743909829193561,0.0750331601424355,33.0514640382862
8.95625,0.614151394393678,0.743857468428602,0.0749972820234182,33.0518202704871
8.95634920634921,0.614102118731119,0.743805108916616,0.0749614210154099,33.0521764712613
8.95644841269841,0.614052847458961,0.743752750658923,0.0749255771099207,33.0525326406132
8.95654761904762,0.614003580576603,0.743700393656848,0.0748897502984644,33.0528887785468
8.95664682539683,0.613954318083446,0.743648037911711,0.0748539405725586,33.0532448850664
8.95674603174603,0.61390505997889,0.743595683424833,0.0748181479237248,33.0536009601762
8.95684523809524,0.613855806262335,0.743543330197534,0.0747823723434886,33.0539570038804
8.95694444444444,0.613806556933184,0.743490978231135,0.074746613823379,33.0543130161832
8.95704365079365,0.613757311990836,0.743438627526953,0.0747108723549293,33.0546689970887
8.95714285714286,0.613708071434693,0.743386278086306,0.0746751479296763,33.0550249466013
8.95724206349206,0.613658835264157,0.743333929910511,0.074639440539161,33.055380864725
8.95734126984127,0.613609603478628,0.743281583000886,0.074603750174928,33.0557367514642
8.95744047619048,0.613560376077508,0.743229237358744,0.0745680768285258,33.0560926068229
8.95753968253968,0.6135111530602,0.743176892985402,0.0745324204915069,33.0564484308053
8.95763888888889,0.613461934426105,0.743124549882173,0.0744967811554271,33.0568042234157
8.9577380952381,0.613412720174626,0.743072208050371,0.0744611588118473,33.0571599846582
8.9578373015873,0.613363510305165,0.743019867491309,0.0744255534523312,33.0575157145371
8.95793650793651,0.613314304817124,0.742967528206299,0.0743899650684466,33.0578714130565
8.95803571428571,0.613265103709906,0.742915190196651,0.0743543936517652,33.0582270802206
8.95813492063492,0.613215906982914,0.742862853463675,0.0743188391938624,33.0585827160336
8.95823412698413,0.613166714635551,0.742810518008683,0.0742833016863178,33.0589383204996
8.95833333333333,0.61311752666722,0.742758183832982,0.0742477811207146,33.059293893623
8.95843253968254,0.613068343077324,0.742705850937881,0.07421227748864,33.0596494354077
8.95853174603175,0.613019163865267,0.742653519324687,0.0741767907816849,33.0600049458581
8.95863095238095,0.612969989030453,0.742601188994707,0.0741413209914442,33.0603604249783
8.95873015873016,0.612920818572285,0.742548859949247,0.0741058681095166,33.0607158727724
8.95882936507936,0.612871652490168,0.742496532189612,0.0740704321275048,33.0610712892447
8.95892857142857,0.612822490783505,0.742444205717106,0.0740350130370151,33.0614266743994
8.95902777777778,0.612773333451702,0.742391880533034,0.0739996108296577,33.0617820282405
8.95912698412699,0.612724180494161,0.742339556638696,0.0739642254970464,33.0621373507724
8.95922619047619,0.612675031910288,0.742287234035398,0.0739288570308002,33.0624926419991
8.9593253968254,0.612625887699489,0.74223491272444,0.0738935054225404,33.0628479019248
8.9594246031746,0.612576747861167,0.742182592707122,0.0738581706638927,33.0632031305537
8.95952380952381,0.612527612394729,0.742130273984745,0.0738228527464868,33.06355832789
8.95962301587302,0.612478481299579,0.742077956558607,0.0737875516619561,33.0639134939378
8.95972222222222,0.612429354575123,0.742025640430007,0.0737522674019378,33.0642686287013
8.95982142857143,0.612380232220766,0.741973325600243,0.0737169999580732,33.0646237321847
8.95992063492064,0.612331114235915,0.741921012070612,0.0736817493220072,33.0649788043922
8.96001984126984,0.612282000619975,0.74186869984241,0.0736465154853888,33.0653338453278
8.96011904761905,0.612232891372353,0.741816388916933,0.0736112984398707,33.0656888549958
8.96021825396825,0.612183786492454,0.741764079295475,0.0735760981771094,33.0660438334003
8.96031746031746,0.612134685979686,0.74171177097933,0.0735409146887655,33.0663987805455
8.96041666666667,0.612085589833454,0.741659463969792,0.0735057479665032,33.0667536964356
8.96051587301587,0.612036498053167,0.741607158268153,0.0734705980019908,33.0671085810747
8.96061507936508,0.611987410638229,0.741554853875704,0.0734354647868996,33.0674634344669
8.96071428571429,0.611938327588051,0.741502550793738,0.0734003483129068,33.0678182566164
8.96081349206349,0.611889248902037,0.741450249023543,0.0733652485716914,33.0681730475275
8.9609126984127,0.611840174579596,0.741397948566411,0.0733301655549372,33.0685278072041
8.96101190476191,0.611791104620135,0.741345649423628,0.0732950992543315,33.0688825356506
8.96111111111111,0.611742039023063,0.741293351596484,0.0732600496615657,33.0692372328709
8.96121031746032,0.611692977787786,0.741241055086266,0.0732250167683349,33.0695918988694
8.96130952380952,0.611643920913714,0.74118875989426,0.0731900005663384,33.0699465336501
8.96140873015873,0.611594868400255,0.741136466021752,0.0731550010472788,33.0703011372171
8.96150793650794,0.611545820246816,0.741084173470027,0.073120018202863,33.0706557095747
8.96160714285714,0.611496776452808,0.74103188224037,0.0730850520248017,33.071010250727
8.96170634920635,0.611447737017637,0.740979592334063,0.0730501025048093,33.0713647606781
8.96180555555556,0.611398701940715,0.74092730375239,0.0730151696346041,33.0717192394322
8.96190476190476,0.611349671221448,0.740875016496633,0.0729802534059084,33.0720736869934
8.96200396825397,0.611300644859248,0.740822730568072,0.0729453538104482,33.0724281033658
8.96210317460318,0.611251622853523,0.740770445967989,0.0729104708399528,33.0727824885536
8.96220238095238,0.611202605203683,0.740718162697664,0.0728756044861573,33.073136842561
8.96230158730159,0.611153591909138,0.740665880758375,0.0728407547407985,33.073491165392
8.96240079365079,0.611104582969297,0.740613600151402,0.0728059215956179,33.0738454570508
8.9625,0.611055578383572,0.74056132087802,0.0727711050423612,33.0741997175416
8.96259920634921,0.611006578151371,0.740509042939508,0.0727363050727772,33.0745539468685
8.96269841269841,0.610957582272107,0.740456766337141,0.0727015216786193,33.0749081450356
8.96279761904762,0.610908590745188,0.740404491072195,0.0726667548516442,33.075262312047
8.96289682539683,0.610859603570027,0.740352217145944,0.0726320045836128,33.0756164479069
8.96299603174603,0.610810620746033,0.740299944559663,0.0725972708662897,33.0759705526194
8.96309523809524,0.610761642272619,0.740247673314623,0.0725625536914435,33.0763246261887
8.96319444444444,0.610712668149195,0.740195403412098,0.0725278530508464,33.0766786686188
8.96329365079365,0.610663698375174,0.74014313485336,0.0724931689362748,33.0770326799139
8.96339285714286,0.610614732950115,0.740090867638829,0.0724585013439667,33.0773866600771
8.96349206349206,0.610565771875062,0.740038601760498,0.0724238503144981,33.0777406091007
8.96359126984127,0.610516815149867,0.739986337217042,0.07238921585333,33.0780945269856
8.96369047619048,0.610467862773938,0.739934074009679,0.0723545979525912,33.0784484137359
8.96378968253968,0.610418914746678,0.739881812139622,0.0723199966044126,33.0788022693555
8.96388888888889,0.610369971067493,0.739829551608085,0.0722854118009287,33.0791560938485
8.9639880952381,0.610321031735788,0.739777292416282,0.0722508435342774,33.079509887219
8.9640873015873,0.61027209675097,0.739725034565425,0.0722162917965999,33.079863649471
8.96418650793651,0.610223166112445,0.739672778056726,0.0721817565800406,33.0802173806086
8.96428571428571,0.610174239819619,0.739620522891396,0.0721472378767474,33.0805710806357
8.96438492063492,0.610125317871898,0.739568269070646,0.0721127356788713,33.0809247495564
8.96448412698413,0.61007640026869,0.739516016595685,0.0720782499785669,33.0812783873747
8.96458333333333,0.610027487009401,0.739463765467724,0.0720437807679918,33.0816319940947
8.96468253968254,0.609978578093439,0.739411515687969,0.0720093280393072,33.0819855697205
8.96478174603175,0.609929673520212,0.739359267257629,0.0719748917846772,33.082339114256
8.96488095238095,0.609880773289127,0.739307020177911,0.0719404719962697,33.0826926277052
8.96498015873016,0.609831877399592,0.739254774450022,0.0719060686662557,33.0830461100723
8.96507936507937,0.609782985851015,0.739202530075165,0.0718716817868088,33.0833995613612
8.96517857142857,0.609734098642806,0.739150287054548,0.0718373113501078,33.083752981576
8.96527777777778,0.609685215774373,0.739098045389374,0.0718029573483329,33.0841063707206
8.96537698412699,0.609636337245124,0.739045805080847,0.0717686197736686,33.0844597287992
8.96547619047619,0.60958746305447,0.738993566130169,0.0717342986183022,33.0848130558157
8.9655753968254,0.609538593201818,0.738941328538543,0.0716999938744247,33.0851663517742
8.9656746031746,0.60948972768658,0.738889092307171,0.0716657055342302,33.0855196166787
8.96577380952381,0.609440866508165,0.738836857437252,0.0716314335899162,33.0858728505332
8.96587301587302,0.609392009665983,0.738784623929987,0.0715971780336834,33.0862260533417
8.96597222222222,0.609343157159444,0.738732391786576,0.071562938857736,33.0865792251083
8.96607142857143,0.60929430898796,0.738680161008217,0.0715287160542814,33.086932365837
8.96617063492064,0.60924546515094,0.738627931596108,0.0714945096155303,33.0872854755318
8.96626984126984,0.609196625647797,0.738575703551447,0.0714603195336967,33.0876385541967
8.96636904761905,0.609147790477941,0.73852347687543,0.0714261458009979,33.0879916018357
8.96646825396825,0.609098959640784,0.738471251569253,0.0713919884096547,33.0883446184529
8.96656746031746,0.609050133135737,0.73841902763411,0.0713578473518905,33.0886976040522
8.96666666666667,0.609001310962214,0.738366805071198,0.0713237226199335,33.0890505586377
8.96676587301587,0.608952493119625,0.73831458388171,0.0712896142060138,33.0894034822134
8.96686507936508,0.608903679607384,0.738262364066839,0.0712555221023654,33.0897563747834
8.96696428571429,0.608854870424904,0.738210145627777,0.0712214463012254,33.0901092363515
8.96706349206349,0.608806065571597,0.738157928565717,0.0711873867948344,33.0904620669219
8.9671626984127,0.608757265046876,0.738105712881848,0.0711533435754361,33.0908148664984
8.96726190476191,0.608708468850155,0.738053498577363,0.0711193166352778,33.0911676350853
8.96736111111111,0.608659676980847,0.738001285653449,0.0710853059666099,33.0915203726864
8.96746031746032,0.608610889438367,0.737949074111297,0.0710513115616861,33.0918730793057
8.96755952380952,0.608562106222129,0.737896863952095,0.0710173334127635,33.0922257549474
8.96765873015873,0.608513327331547,0.737844655177029,0.0709833715121026,33.0925783996152
8.96775793650794,0.608464552766035,0.737792447787288,0.070949425851967,33.0929310133134
8.96785714285714,0.608415782525009,0.737740241784057,0.0709154964246236,33.0932835960459
8.96795634920635,0.608367016607884,0.737688037168522,0.0708815832223429,33.0936361478166
8.96805555555556,0.608318255014074,0.737635833941867,0.0708476862373981,33.0939886686296
8.96815476190476,0.608269497742995,0.737583632105278,0.0708138054620669,33.0943411584888
8.96825396825397,0.608220744794065,0.737531431659937,0.0707799408886291,33.0946936173984
8.96835317460318,0.608171996166697,0.737479232607027,0.0707460925093684,33.0950460453622
8.96845238095238,0.608123251860309,0.73742703494773,0.0707122603165716,33.0953984423843
8.96855158730159,0.608074511874317,0.737374838683227,0.0706784443025289,33.0957508084687
8.96865079365079,0.608025776208138,0.7373226438147,0.0706446444595338,33.0961031436193
8.96875,0.607977044861188,0.737270450343328,0.0706108607798831,33.0964554478402
8.96884920634921,0.607928317832886,0.73721825827029,0.070577093255877,33.0968077211354
8.96894841269841,0.607879595122648,0.737166067596765,0.0705433418798188,33.0971599635087
8.96904761904762,0.607830876729892,0.737113878323931,0.0705096066440152,33.0975121749644
8.96914682539682,0.607782162654036,0.737061690452966,0.0704758875407765,33.0978643555062
8.96924603174603,0.607733452894498,0.737009503985045,0.0704421845624159,33.0982165051383
8.96934523809524,0.607684747450697,0.736957318921344,0.07040849770125,33.0985686238645
8.96944444444444,0.607636046322051,0.736905135263039,0.070374826949599,33.098920711689
8.96954365079365,0.607587349507978,0.736852953011303,0.0703411722997856,33.0992727686156
8.96964285714286,0.607538657007899,0.736800772167311,0.0703075337441373,33.0996247946484
8.96974206349206,0.607489968821232,0.736748592732237,0.0702739112749837,33.0999767897914
8.96984126984127,0.607441284947398,0.736696414707251,0.0702403048846579,33.1003287540484
8.96994047619048,0.607392605385815,0.736644238093526,0.0702067145654965,33.1006806874236
8.97003968253968,0.607343930135904,0.736592062892233,0.0701731403098394,33.1010325899209
8.97013888888889,0.607295259197085,0.736539889104542,0.0701395821100298,33.1013844615443
8.97023809523809,0.607246592568778,0.736487716731622,0.070106039958414,33.1017363022977
8.9703373015873,0.607197930250405,0.736435545774643,0.0700725138473419,33.1020881121851
8.97043650793651,0.607149272241386,0.736383376234773,0.0700390037691666,33.1024398912106
8.97053571428571,0.607100618541143,0.736331208113178,0.0700055097162445,33.102791639378
8.97063492063492,0.607051969149097,0.736279041411027,0.0699720316809353,33.1031433566914
8.97073412698413,0.607003324064669,0.736226876129484,0.0699385696556021,33.1034950431548
8.97083333333333,0.606954683287281,0.736174712269716,0.0699051236326113,33.1038466987721
8.97093253968254,0.606906046816357,0.736122549832887,0.0698716936043323,33.1041983235472
8.97103174603175,0.606857414651316,0.736070388820161,0.0698382795631379,33.1045499174842
8.97113095238095,0.606808786791584,0.736018229232701,0.0698048815014051,33.1049014805871
8.97123015873016,0.606760163236583,0.735966071071671,0.0697714994115132,33.1052530128597
8.97132936507936,0.606711543985735,0.735913914338232,0.0697381332858449,33.1056045143062
8.97142857142857,0.606662929038464,0.735861759033545,0.0697047831167866,33.1059559849303
8.97152777777778,0.606614318394194,0.735809605158771,0.0696714488967277,33.1063074247362
8.97162698412698,0.606565712052348,0.735757452715069,0.0696381306180611,33.1066588337277
8.97172619047619,0.60651711001235,0.7357053017036,0.069604828273183,33.1070102119089
8.9718253968254,0.606468512273625,0.735653152125521,0.0695715418544927,33.1073615592837
8.9719246031746,0.606419918835597,0.735601003981989,0.0695382713543931,33.107712875856
8.97202380952381,0.60637132969769,0.735548857274164,0.0695050167652902,33.1080641616299
8.97212301587301,0.606322744859331,0.735496712003199,0.0694717780795934,33.1084154166092
8.97222222222222,0.606274164319943,0.735444568170252,0.0694385552897155,33.108766640798
8.97232142857143,0.606225588078953,0.735392425776477,0.0694053483880724,33.1091178342002
8.97242063492063,0.606177016135786,0.735340284823029,0.0693721573670835,33.1094689968198
8.97251984126984,0.606128448489868,0.73528814531106,0.0693389822191709,33.1098201286607
8.97261904761905,0.606079885140625,0.735236007241726,0.0693058229367616,33.1101712297269
8.97271825396825,0.606031326087484,0.735183870616176,0.0692726795122843,33.1105223000224
8.97281746031746,0.605982771329871,0.735131735435564,0.0692395519381715,33.110873339551
8.97291666666667,0.605934220867213,0.735079601701039,0.0692064402068592,33.1112243483168
8.97301587301587,0.605885674698937,0.735027469413752,0.0691733443107866,33.1115753263236
8.97311507936508,0.605837132824471,0.734975338574852,0.0691402642423962,33.1119262735756
8.97321428571429,0.605788595243241,0.734923209185488,0.0691071999941337,33.1122771900765
8.97331349206349,0.605740061954677,0.734871081246809,0.0690741515584484,33.1126280758304
8.9734126984127,0.605691532958205,0.734818954759961,0.0690411189277925,33.1129789308412
8.9735119047619,0.605643008253254,0.734766829726091,0.069008102094622,33.1133297551128
8.97361111111111,0.605594487839253,0.734714706146345,0.0689751010513959,33.1136805486492
8.97371031746032,0.605545971715631,0.734662584021869,0.0689421157905764,33.1140313114544
8.97380952380952,0.605497459881815,0.734610463353807,0.0689091463046294,33.1143820435323
8.97390873015873,0.605448952337237,0.734558344143303,0.0688761925860238,33.1147327448868
8.97400793650794,0.605400449081323,0.734506226391499,0.0688432546272314,33.1150834155219
8.97410714285714,0.605351950113506,0.73445411009954,0.0688103324207288,33.1154340554415
8.97420634920635,0.605303455433214,0.734401995268566,0.0687774259589944,33.1157846646496
8.97430555555556,0.605254965039878,0.734349881899719,0.0687445352345106,33.11613524315
8.97440476190476,0.605206478932928,0.734297769994138,0.0687116602397628,33.1164857909468
8.97450396825397,0.605157997111795,0.734245659552965,0.0686788009672399,33.1168363080439
8.97460317460317,0.60510951957591,0.734193550577337,0.068645957409434,33.1171867944452
8.97470238095238,0.605061046324702,0.734141443068394,0.0686131295588407,33.1175372501547
8.97480158730159,0.605012577357606,0.734089337027272,0.0685803174079588,33.1178876751762
8.97490079365079,0.60496411267405,0.73403723245511,0.0685475209492904,33.1182380695138
8.975,0.604915652273468,0.733985129353042,0.0685147401753408,33.1185884331713
8.97509920634921,0.604867196155291,0.733933027722205,0.0684819750786188,33.1189387661527
8.97519841269841,0.604818744318952,0.733880927563733,0.0684492256516364,33.119289068462
8.97529761904762,0.604770296763883,0.733828828878762,0.0684164918869091,33.119639340103
8.97539682539682,0.604721853489517,0.733776731668423,0.0683837737769554,33.1199895810797
8.97549603174603,0.604673414495286,0.73372463593385,0.0683510713142969,33.120339791396
8.97559523809524,0.604624979780625,0.733672541676175,0.0683183844914598,33.1206899710558
8.97569444444444,0.604576549344966,0.73362044889653,0.0682857133009722,33.1210401200631
8.97579365079365,0.604528123187744,0.733568357596045,0.068253057735366,33.1213902384218
8.97589285714286,0.604479701308391,0.733516267775851,0.0682204177871764,33.1217403261358
8.97599206349206,0.604431283706343,0.733464179437076,0.0681877934489421,33.1220903832091
8.97609126984127,0.604382870381033,0.73341209258085,0.0681551847132047,33.1224404096455
8.97619047619048,0.604334461331897,0.733360007208299,0.0681225915725095,33.122790405449
8.97628968253968,0.604286056558369,0.733307923320552,0.0680900140194049,33.1231403706236
8.97638888888889,0.604237656059884,0.733255840918735,0.0680574520464427,33.123490305173
8.97648809523809,0.604189259835877,0.733203760003974,0.068024905646178,33.1238402091013
8.9765873015873,0.604140867885784,0.733151680577394,0.0679923748111692,33.1241900824124
8.97668650793651,0.604092480209042,0.733099602640119,0.067959859533978,33.1245399251102
8.97678571428571,0.604044096805085,0.733047526193274,0.0679273598071694,33.1248897371985
8.97688492063492,0.60399571767335,0.732995451237981,0.0678948756233117,33.1252395186814
8.97698412698413,0.603947342813274,0.732943377775362,0.0678624069749762,33.1255892695627
8.97708333333333,0.603898972224293,0.73289130580654,0.0678299538547386,33.1259389898464
8.97718253968254,0.603850605905845,0.732839235332636,0.0677975162551769,33.1262886795363
8.97728174603175,0.603802243857367,0.732787166354769,0.0677650941688725,33.1266383386364
8.97738095238095,0.603753886078295,0.73273509887406,0.0677326875884104,33.1269879671506
8.97748015873016,0.603705532568068,0.732683032891627,0.0677002965063788,33.1273375650827
8.97757936507936,0.603657183326124,0.732630968408589,0.0676679209153691,33.1276871324368
8.97767857142857,0.6036088383519,0.732578905426063,0.0676355608079762,33.1280366692167
8.97777777777778,0.603560497644836,0.732526843945166,0.0676032161767983,33.1283861754263
8.97787698412698,0.60351216120437,0.732474783967013,0.0675708870144367,33.1287356510695
8.97797619047619,0.60346382902994,0.732422725492722,0.0675385733134962,33.1290850961502
8.9780753968254,0.603415501120985,0.732370668523405,0.067506275066585,33.1294345106724
8.9781746031746,0.603367177476946,0.732318613060178,0.0674739922663142,33.1297838946399
8.97827380952381,0.603318858097262,0.732266559104154,0.0674417249052988,33.1301332480566
8.97837301587301,0.603270542981372,0.732214506656445,0.0674094729761566,33.1304825709265
8.97847222222222,0.603222232128715,0.732162455718163,0.0673772364715085,33.1308318632534
8.97857142857143,0.603173925538734,0.73211040629042,0.0673450153839801,33.1311811250412
8.97867063492064,0.603125623210868,0.732058358374327,0.0673128097061987,33.1315303562939
8.97876984126984,0.603077325144558,0.732006311970992,0.0672806194307957,33.1318795570153
8.97886904761905,0.603029031339245,0.731954267081526,0.0672484445504057,33.1322287272094
8.97896825396825,0.60298074179437,0.731902223707037,0.0672162850576664,33.1325778668799
8.97906746031746,0.602932456509375,0.731850181848633,0.0671841409452191,33.1329269760309
8.97916666666667,0.602884175483701,0.731798141507421,0.0671520122057082,33.1332760546662
8.97926587301587,0.60283589871679,0.731746102684507,0.0671198988317816,33.1336251027897
8.97936507936508,0.602787626208084,0.731694065380997,0.0670878008160903,33.1339741204053
8.97946428571429,0.602739357957027,0.731642029597996,0.0670557181512889,33.1343231075169
8.97956349206349,0.602691093963059,0.731589995336608,0.0670236508300349,33.1346720641283
8.9796626984127,0.602642834225624,0.731537962597938,0.0669915988449895,33.1350209902435
8.9797619047619,0.602594578744166,0.731485931383088,0.0669595621888171,33.1353698858664
8.97986111111111,0.602546327518128,0.73143390169316,0.0669275408541852,33.1357187510008
8.97996031746032,0.602498080546952,0.731381873529255,0.0668955348337644,33.1360675856507
8.98005952380952,0.602449837830083,0.731329846892476,0.06686354412023,33.1364163898198
8.98015873015873,0.602401599366965,0.731277821783922,0.066831568706259,33.1367651635121
8.98025793650794,0.602353365157043,0.731225798204692,0.0667996085845323,33.1371139067316
8.98035714285714,0.602305135199761,0.731173776155886,0.0667676637477343,33.1374626194819
8.98045634920635,0.602256909494562,0.731121755638601,0.0667357341885524,33.1378113017671
8.98055555555556,0.602208688040894,0.731069736653935,0.0667038198996774,33.1381599535911
8.98065476190476,0.6021604708382,0.731017719202985,0.0666719208738037,33.1385085749576
8.98075396825397,0.602112257885926,0.730965703286846,0.0666400371036284,33.1388571658706
8.98085317460317,0.602064049183518,0.730913688906614,0.0666081685818526,33.139205726334
8.98095238095238,0.602015844730421,0.730861676063384,0.0665763153011803,33.1395542563516
8.98105158730159,0.601967644526083,0.730809664758249,0.0665444772543188,33.1399027559273
8.98115079365079,0.601919448569949,0.730757654992303,0.0665126544339789,33.140251225065
8.98125,0.601871256861465,0.730705646766638,0.0664808468328747,33.1405996637685
8.98134920634921,0.601823069400079,0.730653640082347,0.0664490544437233,33.1409480720418
8.98144841269841,0.601774886185238,0.730601634940519,0.0664172772592452,33.1412964498887
8.98154761904762,0.601726707216389,0.730549631342247,0.066385515272165,33.141644797313
8.98164682539683,0.60167853249298,0.730497629288619,0.0663537684752097,33.1419931143187
8.98174603174603,0.601630362014458,0.730445628780725,0.0663220368611097,33.1423414009096
8.98184523809524,0.601582195780272,0.730393629819654,0.0662903204225991,33.1426896570895
8.98194444444444,0.601534033789869,0.730341632406492,0.066258619152415,33.1430378828624
8.98204365079365,0.601485876042699,0.730289636542326,0.0662269330432978,33.1433860782321
8.98214285714286,0.60143772253821,0.730237642228245,0.0661952620879915,33.1437342432025
8.98224206349206,0.601389573275851,0.730185649465331,0.0661636062792433,33.1440823777774
8.98234126984127,0.601341428255071,0.730133658254672,0.0661319656098034,33.1444304819607
8.98244047619048,0.60129328747532,0.73008166859735,0.0661003400724257,33.1447785557563
8.98253968253968,0.601245150936047,0.73002968049445,0.0660687296598673,33.145126599168
8.98263888888889,0.601197018636703,0.729977693947055,0.0660371343648885,33.1454746121996
8.98273809523809,0.601148890576736,0.729925708956245,0.066005554180253,33.1458225948551
8.9828373015873,0.601100766755599,0.729873725523104,0.0659739890987279,33.1461705471384
8.98293650793651,0.60105264717274,0.729821743648711,0.065942439113083,33.1465184690531
8.98303571428571,0.601004531827612,0.729769763334147,0.0659109042160928,33.1468663606033
8.98313492063492,0.600956420719666,0.729717784580491,0.0658793844005339,33.1472142217927
8.98323412698413,0.600908313848352,0.729665807388823,0.0658478796591864,33.1475620526253
8.98333333333333,0.600860211213123,0.729613831760219,0.0658163899848339,33.1479098531048
8.98343253968254,0.600812112813429,0.729561857695757,0.0657849153702633,33.1482576232352
8.98353174603175,0.600764018648724,0.729509885196514,0.0657534558082648,33.1486053630202
8.98363095238095,0.600715928718459,0.729457914263565,0.0657220112916319,33.1489530724638
8.98373015873016,0.600667843022086,0.729405944897986,0.0656905818131614,33.1493007515698
8.98382936507936,0.60061976155906,0.729353977100852,0.0656591673656534,33.1496484003419
8.98392857142857,0.600571684328832,0.729302010873236,0.0656277679419113,33.1499960187842
8.98402777777778,0.600523611330855,0.729250046216211,0.0655963835347418,33.1503436069003
8.98412698412698,0.600475542564584,0.72919808313085,0.0655650141369551,33.1506911646943
8.98422619047619,0.600427478029472,0.729146121618225,0.0655336597413645,33.1510386921698
8.9843253968254,0.600379417724972,0.729094161679406,0.0655023203407866,33.1513861893308
8.9844246031746,0.600331361650539,0.729042203315464,0.065470995928041,33.1517336561811
8.98452380952381,0.600283309805628,0.728990246527468,0.0654396864959519,33.1520810927245
8.98462301587302,0.600235262189692,0.728938291316488,0.0654083920373454,33.1524284989649
8.98472222222222,0.600187218802188,0.728886337683593,0.0653771125450515,33.1527758749062
8.98482142857143,0.600139179642569,0.728834385629848,0.0653458480119034,33.1531232205521
8.98492063492064,0.600091144710292,0.728782435156322,0.0653145984307376,33.1534705359064
8.98501984126984,0.600043114004812,0.72873048626408,0.0652833637943939,33.1538178209732
8.98511904761905,0.599995087525584,0.728678538954189,0.0652521440957156,33.154165075756
8.98521825396825,0.599947065272064,0.728626593227712,0.0652209393275492,33.1545123002589
8.98531746031746,0.59989904724371,0.728574649085714,0.0651897494827443,33.1548594944857
8.98541666666667,0.599851033439977,0.728522706529259,0.0651585745541541,33.1552066584401
8.98551587301587,0.599803023860322,0.728470765559408,0.065127414534635,33.155553792126
8.98561507936508,0.599755018504202,0.728418826177225,0.0650962694170467,33.1559008955472
8.98571428571429,0.599707017371075,0.72836688838377,0.0650651391942523,33.1562479687076
8.98581349206349,0.599659020460397,0.728314952180104,0.0650340238591181,33.156595011611
8.9859126984127,0.599611027771626,0.728263017567287,0.0650029234045133,33.1569420242612
8.98601190476191,0.599563039304221,0.728211084546379,0.0649718378233117,33.1572890066621
8.98611111111111,0.599515055057639,0.728159153118437,0.0649407671083893,33.1576359588174
8.98621031746032,0.59946707503134,0.72810722328452,0.0649097112526254,33.1579828807311
8.98630952380952,0.599419099224781,0.728055295045686,0.0648786702489032,33.1583297724069
8.98640873015873,0.599371127637421,0.728003368402989,0.0648476440901087,33.1586766338486
8.98650793650794,0.59932316026872,0.727951443357487,0.0648166327691316,33.1590234650601
8.98660714285714,0.599275197118137,0.727899519910234,0.0647856362788645,33.1593702660452
8.98670634920635,0.59922723818513,0.727847598062285,0.0647546546122037,33.1597170368077
8.98680555555556,0.599179283469161,0.727795677814693,0.0647236877620487,33.1600637773514
8.98690476190476,0.59913133296969,0.727743759168512,0.0646927357213021,33.1604104876802
8.98700396825397,0.599083386686175,0.727691842124793,0.0646617984828701,33.1607571677979
8.98710317460317,0.599035444618079,0.727639926684589,0.0646308760396621,33.1611038177082
8.98720238095238,0.598987506764861,0.72758801284895,0.0645999683845907,33.1614504374151
8.98730158730159,0.598939573125983,0.727536100618927,0.0645690755105719,33.1617970269223
8.98740079365079,0.598891643700906,0.727484189995568,0.0645381974105248,33.1621435862336
8.9875,0.598843718489091,0.727432280979923,0.0645073340773726,33.1624901153528
8.98759920634921,0.59879579749,0.727380373573041,0.064476485504041,33.1628366142838
8.98769841269841,0.598747880703095,0.727328467775968,0.0644456516834593,33.1631830830304
8.98779761904762,0.598699968127838,0.727276563589751,0.0644148326085599,33.1635295215964
8.98789682539683,0.598652059763692,0.727224661015437,0.0643840282722787,33.1638759299855
8.98799603174603,0.598604155610119,0.727172760054071,0.064353238667555,33.1642223082017
8.98809523809524,0.598556255666581,0.727120860706697,0.0643224637873313,33.1645686562486
8.98819444444444,0.598508359932543,0.72706896297436,0.0642917036245532,33.1649149741302
8.98829365079365,0.598460468407467,0.727017066858102,0.0642609581721701,33.1652612618501
8.98839285714286,0.598412581090817,0.726965172358967,0.0642302274231343,33.1656075194123
8.98849206349206,0.598364697982057,0.726913279477996,0.0641995113704015,33.1659537468205
8.98859126984127,0.59831681908065,0.726861388216231,0.0641688100069308,33.1662999440786
8.98869047619048,0.598268944386061,0.726809498574711,0.0641381233256846,33.1666461111902
8.98878968253968,0.598221073897755,0.726757610554478,0.0641074513196286,33.1669922481593
8.98888888888889,0.598173207615196,0.726705724156568,0.0640767939817313,33.1673383549897
8.9889880952381,0.598125345537849,0.726653839382023,0.0640461513049658,33.167684431685
8.9890873015873,0.59807748766518,0.726601956231879,0.0640155232823074,33.1680304782492
8.98918650793651,0.598029633996654,0.726550074707173,0.063984909906735,33.168376494686
8.98928571428571,0.597981784531736,0.726498194808942,0.0639543111712308,33.1687224809992
8.98938492063492,0.597933939269893,0.726446316538221,0.0639237270687804,33.1690684371926
8.98948412698413,0.59788609821059,0.726394439896046,0.0638931575923725,33.16941436327
8.98958333333333,0.597838261353295,0.72634256488345,0.0638626027349995,33.1697602592352
8.98968253968254,0.597790428697473,0.726290691501467,0.0638320624896567,33.1701061250921
8.98978174603175,0.597742600242592,0.72623881975113,0.0638015368493429,33.1704519608442
8.98988095238095,0.597694775988118,0.726186949633471,0.0637710258070603,33.1707977664956
8.98998015873016,0.597646955933519,0.726135081149522,0.0637405293558143,33.1711435420499
8.99007936507936,0.597599140078262,0.726083214300314,0.0637100474886136,33.171489287511
8.99017857142857,0.597551328421816,0.726031349086876,0.0636795801984702,33.1718350028826
8.99027777777778,0.597503520963648,0.725979485510238,0.0636491274783995,33.1721806881685
8.99037698412699,0.597455717703227,0.725927623571429,0.0636186893214196,33.1725263433726
8.99047619047619,0.59740791864002,0.725875763271477,0.0635882657205536,33.1728719684985
8.9905753968254,0.597360123773498,0.725823904611409,0.063557856668826,33.1732175635501
8.9906746031746,0.597312333103128,0.725772047592252,0.0635274621592657,33.1735631285311
8.99077380952381,0.597264546628381,0.725720192215031,0.0634970821849044,33.1739086634454
8.99087301587302,0.597216764348725,0.725668338480773,0.0634667167387774,33.1742541682967
8.99097222222222,0.59716898626363,0.725616486390502,0.0634363658139232,33.1745996430888
8.99107142857143,0.597121212372566,0.725564635945241,0.0634060294033837,33.1749450878255
8.99117063492064,0.597073442675004,0.725512787146013,0.063375707500204,33.1752905025105
8.99126984126984,0.597025677170412,0.725460939993842,0.0633454000974325,33.1756358871477
8.99136904761905,0.596977915858264,0.725409094489749,0.0633151071881211,33.1759812417407
8.99146825396825,0.596930158738028,0.725357250634755,0.0632848287653247,33.1763265662935
8.99156746031746,0.596882405809176,0.72530540842988,0.0632545648221019,33.1766718608097
8.99166666666667,0.59683465707118,0.725253567876144,0.0632243153515142,33.1770171252931
8.99176587301587,0.596786912523511,0.725201728974567,0.0631940803466268,33.1773623597475
8.99186507936508,0.59673917216564,0.725149891726165,0.0631638598005075,33.1777075641767
8.99196428571429,0.596691435997041,0.725098056131959,0.0631336537062288,33.1780527385845
8.99206349206349,0.596643704017185,0.725046222192963,0.0631034620568653,33.1783978829745
8.9921626984127,0.596595976225544,0.724994389910195,0.0630732848454951,33.1787429973506
8.99226190476191,0.596548252621592,0.724942559284669,0.0630431220651999,33.1790880817166
8.99236111111111,0.596500533204801,0.724890730317401,0.0630129737090645,33.1794331360762
8.99246031746032,0.596452817974645,0.724838903009406,0.0629828397701772,33.1797781604331
8.99255952380952,0.596405106930597,0.724787077361695,0.0629527202416294,33.1801231547912
8.99265873015873,0.596357400072131,0.724735253375283,0.062922615116516,33.1804681191542
8.99275793650794,0.59630969739872,0.724683431051181,0.0628925243879351,33.1808130535258
8.99285714285714,0.596261998909839,0.7246316103904,0.062862448048988,33.1811579579099
8.99295634920635,0.596214304604962,0.724579791393952,0.0628323860927797,33.1815028323101
8.99305555555556,0.596166614483564,0.724527974062846,0.0628023385124181,33.1818476767303
8.99315476190476,0.596118928545119,0.724476158398092,0.0627723053010146,33.1821924911742
8.99325396825397,0.596071246789104,0.724424344400698,0.0627422864516839,33.1825372756456
8.99335317460318,0.596023569214992,0.724372532071671,0.0627122819575435,33.1828820301482
8.99345238095238,0.59597589582226,0.72432072141202,0.0626822918117157,33.1832267546858
8.99355158730159,0.595928226610383,0.724268912422751,0.0626523160073246,33.183571449262
8.99365079365079,0.595880561578838,0.72421710510487,0.0626223545374981,33.1839161138808
8.99375,0.595832900727101,0.724165299459382,0.0625924073953675,33.1842607485458
8.99384920634921,0.595785244054648,0.724113495487291,0.0625624745740673,33.1846053532608
8.99394841269841,0.595737591560956,0.724061693189601,0.0625325560667354,33.1849499280295
8.99404761904762,0.595689943245502,0.724009892567315,0.0625026518665129,33.1852944728557
8.99414682539683,0.595642299107763,0.723958093621436,0.0624727619665444,33.1856389877431
8.99424603174603,0.595594659147216,0.723906296352965,0.0624428863599777,33.1859834726955
8.99434523809524,0.59554702336334,0.723854500762903,0.0624130250399638,33.1863279277167
8.99444444444444,0.595499391755613,0.72380270685225,0.0623831779996572,33.1866723528103
8.99454365079365,0.595451764323511,0.723750914622007,0.0623533452322155,33.1870167479801
8.99464285714286,0.595404141066514,0.723699124073171,0.0623235267307999,33.1873611132299
8.99474206349206,0.595356521984101,0.723647335206742,0.0622937224885747,33.1877054485634
8.99484126984127,0.595308907075749,0.723595548023715,0.0622639324987072,33.1880497539844
8.99494047619048,0.595261296340939,0.72354376252509,0.062234156754369,33.1883940294965
8.99503968253968,0.59521368977915,0.723491978711861,0.0622043952487342,33.1887382751036
8.99513888888889,0.595166087389861,0.723440196585024,0.0621746479749803,33.1890824908093
8.9952380952381,0.595118489172552,0.723388416145573,0.0621449149262882,33.1894266766175
8.9953373015873,0.595070895126704,0.723336637394504,0.0621151960958421,33.1897708325318
8.99543650793651,0.595023305251795,0.723284860332809,0.0620854914768296,33.190114958556
8.99553571428571,0.594975719547307,0.72323308496148,0.0620558010624415,33.1904590546938
8.99563492063492,0.594928138012721,0.72318131128151,0.062026124845872,33.1908031209489
8.99573412698413,0.594880560647518,0.72312953929389,0.0619964628203185,33.1911471573251
8.99583333333333,0.594832987451178,0.723077768999611,0.0619668149789818,33.1914911638262
8.99593253968254,0.594785418423183,0.723026000399662,0.061937181315066,33.1918351404558
8.99603174603175,0.594737853563015,0.722974233495033,0.0619075618217785,33.1921790872176
8.99613095238095,0.594690292870156,0.722922468286712,0.0618779564923299,33.1925230041155
8.99623015873016,0.594642736344088,0.722870704775687,0.0618483653199344,33.1928668911531
8.99632936507937,0.594595183984293,0.722818942962944,0.0618187882978088,33.1932107483342
8.99642857142857,0.594547635790254,0.722767182849471,0.0617892254191746,33.1935545756625
8.99652777777778,0.594500091761454,0.722715424436254,0.0617596766772554,33.1938983731417
8.99662698412699,0.594452551897376,0.722663667724276,0.0617301420652784,33.1942421407755
8.99672619047619,0.594405016197504,0.722611912714524,0.0617006215764741,33.1945858785677
8.9968253968254,0.59435748466132,0.722560159407979,0.0616711152040765,33.194929586522
8.9969246031746,0.594309957288308,0.722508407805625,0.0616416229413228,33.1952732646421
8.99702380952381,0.594262434077954,0.722456657908445,0.0616121447814534,33.1956169129317
8.99712301587302,0.59421491502974,0.722404909717419,0.0615826807177123,33.1959605313946
8.99722222222222,0.594167400143152,0.722353163233529,0.0615532307433465,33.1963041200345
8.99732142857143,0.594119889417673,0.722301418457755,0.0615237948516065,33.196647678855
8.99742063492064,0.59407238285279,0.722249675391077,0.061494373035746,33.1969912078599
8.99751984126984,0.594024880447987,0.722197934034473,0.0614649652890221,33.197334707053
8.99761904761905,0.59397738220275,0.72214619438892,0.0614355716046952,33.1976781764379
8.99771825396825,0.593929888116565,0.722094456455398,0.0614061919760289,33.1980216160184
8.99781746031746,0.593882398188916,0.722042720234881,0.0613768263962899,33.1983650257981
8.99791666666667,0.593834912419292,0.721990985728347,0.0613474748587493,33.1987084057808
8.99801587301587,0.593787430807177,0.721939252936771,0.0613181373566803,33.1990517559702
8.99811507936508,0.593739953352059,0.721887521861127,0.0612888138833598,33.19939507637
8.99821428571429,0.593692480053424,0.721835792502389,0.0612595044320681,33.1997383669839
8.99831349206349,0.59364501091076,0.72178406486153,0.0612302089960887,33.2000816278156
8.9984126984127,0.593597545923554,0.721732338939524,0.0612009275687085,33.2004248588688
8.99851190476191,0.593550085091293,0.721680614737341,0.0611716601432177,33.2007680601473
8.99861111111111,0.593502628413465,0.721628892255953,0.0611424067129098,33.2011112316547
8.99871031746032,0.593455175889559,0.72157717149633,0.0611131672710815,33.2014543733948
8.99880952380952,0.593407727519062,0.721525452459443,0.061083941811033,33.2017974853712
8.99890873015873,0.593360283301463,0.72147373514626,0.0610547303260677,33.2021405675876
8.99900793650794,0.59331284323625,0.721422019557749,0.0610255328094924,33.2024836200478
8.99910714285714,0.593265407322914,0.721370305694878,0.060996349254617,33.2028266427555
8.99920634920635,0.593217975560942,0.721318593558615,0.060967179654755,33.2031696357143
8.99930555555556,0.593170547949824,0.721266883149925,0.0609380240032226,33.2035125989279
8.99940476190476,0.593123124489051,0.721215174469774,0.0609088822933406,33.2038555324001
8.99950396825397,0.593075705178112,0.721163467519128,0.0608797545184319,33.2041984361346
8.99960317460318,0.593028290016497,0.721111762298949,0.060850640671823,33.204541310135
8.99970238095238,0.592980879003697,0.721060058810202,0.0608215407468439,33.204884154405
8.99980158730159,0.592933472139201,0.72100835705385,0.0607924547368279,33.2052269689483
8.99990079365079,0.592886069422502,0.720956657030855,0.0607633826351114,33.2055697537687
9,0.59283867085309,0.720904958742177,0.0607343244350343,33.2059125088698
9,0.59283867085309,0.720904958742177,7.56073432443503,33.2059125088698
9.00009920634921,0.594176664733614,0.720853541848299,7.5571186380456,33.2069729563855
9.00019841269841,0.595512494439016,0.720802685305875,7.55350468070187,33.208033817901
9.00029761904762,0.596846163135081,0.720752387980133,7.54989245168715,33.2090950923336
9.00039682539682,0.598177674081616,0.720702648750109,7.54628195016461,33.2101567786481
9.00049603174603,0.599507030442377,0.720653466525875,7.54267317527553,33.2112188757771
9.00059523809524,0.600834235285066,0.720604840248538,7.53906612613931,33.2122813826218
9.00069444444444,0.602159291647758,0.720556768845782,7.53546080192344,33.2133442981281
9.00079365079365,0.603482202632917,0.72050925120762,7.5318572018391,33.2144076212873
9.00089285714286,0.604802971330466,0.720462286243308,7.52825532505591,33.2154713510457
9.00099206349206,0.606121600827362,0.720415872863947,7.52465517074456,33.2165354863509
9.00109126984127,0.607438094207524,0.720370009982483,7.52105673807702,33.2176000261523
9.00119047619048,0.60875245455185,0.720324696513706,7.51746002622645,33.2186649694007
9.00128968253968,0.610064684938219,0.720279931374251,7.51386503436728,33.2197303150483
9.00138888888889,0.611374788441489,0.720235713482598,7.51027176167513,33.2207960620491
9.00148809523809,0.612682768133497,0.720192041759072,7.50668020732684,33.2218622093583
9.0015873015873,0.613988627083062,0.72014891512584,7.5030903705005,33.2229287559328
9.00168650793651,0.615292368355979,0.720106332506917,7.49950225037539,33.223995700731
9.00178571428571,0.616593995015028,0.72006429282816,7.49591584613204,33.2250630427128
9.00188492063492,0.617893510119965,0.720022795017273,7.49233115695219,33.2261307808395
9.00198412698413,0.619190916727525,0.719981838003803,7.48874818201879,33.2271989140742
9.00208333333333,0.620486217891427,0.719941420719141,7.48516692051603,33.2282674413811
9.00218253968254,0.621779416662367,0.719901542096526,7.48158737162932,33.2293363617263
9.00228174603175,0.623070516088037,0.719862201071036,7.47800953454524,33.2304056740772
9.00238095238095,0.62435951921306,0.719823396579601,7.47443340845173,33.2314753774028
9.00248015873016,0.625646429079087,0.719785127560988,7.47085899253783,33.2325454706737
9.00257936507936,0.626931248724735,0.719747392955815,7.46728628599383,33.2336159528617
9.00267857142857,0.628213981185599,0.719710191706539,7.46371528801124,33.2346868229405
9.00277777777778,0.629494629494253,0.719673522757467,7.46014599778282,33.235758079885
9.00287698412698,0.630773196680254,0.719637385054747,7.45657841450251,33.2368297226718
9.00297619047619,0.632049685770134,0.719601777546373,7.45301253736552,33.237901750279
9.0030753968254,0.633324099787409,0.719566699182183,7.44944836556824,33.2389741616862
9.0031746031746,0.634596441851557,0.719532148844988,7.44588589826354,33.2400469558279
9.00327380952381,0.635866715051654,0.71949812542311,7.44232513459624,33.2411201316478
9.00337301587301,0.637134922360554,0.719464627877103,7.43876607375183,33.2421936881416
9.00347222222222,0.638401066747383,0.719431655168939,7.43520871491619,33.2432676243061
9.00357142857143,0.639665151177541,0.719399206262009,7.43165305727558,33.2443419391398
9.00367063492063,0.640927178612701,0.71936728012112,7.42809910001663,33.2454166316426
9.00376984126984,0.642187152010824,0.7193358757125,7.42454684232632,33.2464917008155
9.00386904761905,0.643445074326095,0.719304992003794,7.42099628339214,33.2475671456613
9.00396825396825,0.644700948509022,0.719274627964067,7.41744742240181,33.248642965184
9.00406746031746,0.645954777506369,0.7192447825638,7.41390025854349,33.2497191583889
9.00416666666667,0.647206564261174,0.719215454774894,7.41035479100572,33.2507957242831
9.00426587301587,0.648456311712745,0.719186643570668,7.4068110189774,33.2518726618747
9.00436507936508,0.649704022796667,0.719158347925859,7.40326894164782,33.2529499701733
9.00446428571429,0.650949700444795,0.719130566816623,7.39972855820667,33.2540276481902
9.00456349206349,0.652193347585259,0.719103299220534,7.39618986784398,33.2551056949378
9.0046626984127,0.653434967142459,0.719076544116585,7.39265286975019,33.2561841094299
9.0047619047619,0.654674562037071,0.719050300485186,7.38911756311611,33.2572628906819
9.00486111111111,0.655912135186043,0.719024567308166,7.38558394713292,33.2583420377106
9.00496031746032,0.657147689502595,0.718999343568774,7.38205202099218,33.2594215495339
9.00505952380952,0.65838122789622,0.718974628251674,7.37852178388586,33.2605014251716
9.00515873015873,0.659612753272686,0.718950420342952,7.37499323500626,33.2615816636444
9.00525793650794,0.660842268534048,0.71892671883011,7.37146637354604,33.2626622639748
9.00535714285714,0.662069776578586,0.71890352270207,7.3679411986984,33.2637432251866
9.00545634920635,0.663295280300902,0.718880830949171,7.36441770965672,33.2648245463049
9.00555555555556,0.664518782591854,0.71885864256317,7.36089590561487,33.2659062263562
9.00565476190476,0.665740286338573,0.718836956537244,7.35737578576706,33.2669882643687
9.00575396825397,0.666959794424464,0.718815771865988,7.35385734930789,33.2680706593716
9.00585317460317,0.668177309729203,0.718795087545415,7.35034059543234,33.2691534103959
9.00595238095238,0.669392835128742,0.718774902572955,7.34682552333576,33.2702365164737
9.00605158730159,0.670606373495302,0.71875521594746,7.34331213221389,33.2713199766386
9.00615079365079,0.671817927697381,0.718736026669196,7.33980042126286,33.2724037899257
9.00625,0.673027500599747,0.718717333739851,7.33629038967915,33.2734879553715
9.00634920634921,0.674235095063442,0.718699136162529,7.33278203665963,33.2745724720137
9.00644841269841,0.67544071394578,0.718681432941754,7.32927536140157,33.2756573388918
9.00654761904762,0.676644360100351,0.718664223083468,7.32577036310259,33.2767425550463
9.00664682539682,0.677846036377014,0.71864750559503,7.32226704096071,33.2778281195193
9.00674603174603,0.679045745621919,0.718631279485219,7.31876539417426,33.2789140313543
9.00684523809524,0.680243490677441,0.718615543764231,7.31526542194212,33.2800002895963
9.00694444444444,0.681439274382276,0.718600297443683,7.31176712346339,33.2810868932915
9.00704365079365,0.682633099571376,0.718585539536607,7.30827049793758,33.2821738414877
9.00714285714286,0.683824969075966,0.718571269057455,7.30477554456462,33.283261133234
9.00724206349206,0.685014885723545,0.718557485022099,7.30128226254479,33.284348767581
9.00734126984127,0.686202852337885,0.718544186447825,7.29779065107875,33.2854367435805
9.00744047619048,0.687388871739029,0.718531372353343,7.29430070936754,33.286525060286
9.00753968253968,0.688572946743296,0.718519041758776,7.2908124366126,33.2876137167522
9.00763888888889,0.689755080163275,0.718507193685669,7.28732583201572,33.2887027120353
9.00773809523809,0.690935274807829,0.718495827156985,7.28384089477909,33.289792045193
9.0078373015873,0.692113533482095,0.718484941197103,7.28035762410527,33.2908817152841
9.00793650793651,0.693289858987482,0.718474534831822,7.27687601919719,33.2919717213691
9.00803571428571,0.694464254121672,0.718464607088361,7.27339607925818,33.2930620625099
9.00813492063492,0.69563672167862,0.718455156995355,7.26991780349193,33.2941527377696
9.00823412698413,0.696807264448569,0.718446183582857,7.26644119110248,33.2952437462129
9.00833333333333,0.697975885217988,0.718437685882341,7.26296624129438,33.2963350869058
9.00843253968254,0.699142586769669,0.718429662926698,7.25949295327242,33.2974267589157
9.00853174603175,0.700307371882656,0.718422113750236,7.2560213262418,33.2985187613117
9.00863095238095,0.70147024333227,0.718415037388683,7.25255135940813,33.2996110931638
9.00873015873016,0.702631203890104,0.718408432879186,7.24908305197738,33.3007037535439
9.00882936507936,0.703790256324023,0.718402299260308,7.2456164031559,33.3017967415249
9.00892857142857,0.704947403398166,0.718396635572033,7.24215141215043,33.3028900561814
9.00902777777778,0.706102647872943,0.718391440855761,7.23868807816806,33.3039836965893
9.00912698412698,0.707255992505041,0.718386714154312,7.2352264004163,33.305077661826
9.00922619047619,0.708407440047416,0.718382454511925,7.23176637810301,33.3061719509701
9.0093253968254,0.709556993249298,0.718378660974255,7.22830801043644,33.3072665631018
9.0094246031746,0.71070465485619,0.718375332588377,7.22485129662522,33.3083614973026
9.00952380952381,0.71185042760987,0.718372468402784,7.22139623587835,33.3094567526555
9.00962301587301,0.712994314248386,0.718370067467387,7.21794282740522,33.3105523282449
9.00972222222222,0.714136317506076,0.718368128833517,7.21449107041555,33.3116482231565
9.00982142857143,0.715276440113503,0.718366651553922,7.21104096411957,33.3127444364775
9.00992063492064,0.716414684797552,0.718365634682768,7.20759250772777,33.3138409672965
9.01001984126984,0.717551054281364,0.718365077275639,7.20414570045103,33.3149378147036
9.01011904761905,0.718685551284351,0.718364978389541,7.20070054150065,33.3160349777901
9.01021825396825,0.719818178522202,0.718365337082893,7.19725703008828,33.3171324556488
9.01031746031746,0.720948938706876,0.718366152415537,7.19381516542596,33.318230247374
9.01041666666667,0.722077834546605,0.71836742344873,7.19037494672612,33.3193283520613
9.01051587301587,0.723204868745896,0.71836914924515,7.18693637320154,33.3204267688078
9.01061507936508,0.724330044005527,0.718371328868892,7.18349944406541,33.321525496712
9.01071428571429,0.72545336302255,0.718373961385469,7.18006415853129,33.3226245348736
9.01081349206349,0.726574828490289,0.718377045861814,7.17663051581309,33.323723882394
9.0109126984127,0.727694443098342,0.718380581366276,7.17319851512515,33.3248235383759
9.0110119047619,0.728812209532579,0.718384566968625,7.16976815568216,33.3259235019234
9.01111111111111,0.729928130475144,0.718389001740047,7.16633943669918,33.3270237721419
9.01121031746032,0.731042208604467,0.718393884753149,7.16291235739162,33.3281243481384
9.01130952380952,0.732154446595209,0.718399215081954,7.1594869169754,33.3292252290212
9.01140873015873,0.733264847118347,0.718404991801904,7.1560631146667,33.3303264139001
9.01150793650794,0.734373412841115,0.71841121398986,7.15264094968209,33.3314279018861
9.01160714285714,0.735480146427021,0.718417880724101,7.14922042123854,33.3325296920919
9.01170634920635,0.736585050535848,0.718424991084324,7.14580152855341,33.3336317836314
9.01180555555556,0.737688127823649,0.718432544151646,7.14238427084442,33.3347341756199
9.01190476190476,0.73878938094275,0.7184405390086,7.13896864732967,33.3358368671743
9.01200396825397,0.739888812541752,0.718448974739139,7.13555465722765,33.3369398574128
9.01210317460317,0.740986425265528,0.718457850428634,7.13214229975722,33.3380431454548
9.01220238095238,0.742082221755224,0.718467165163873,7.12873157413762,33.3391467304216
9.01230158730159,0.743176204648257,0.718476918033066,7.12532247958848,33.3402506114354
9.01240079365079,0.744268376578321,0.718487108125838,7.1219150153298,33.3413547876201
9.0125,0.745358740175379,0.718497734533232,7.11850918058196,33.3424592581009
9.01259920634921,0.746447298065669,0.718508796347713,7.11510497456571,33.3435640220045
9.01269841269841,0.747534052871717,0.718520292663162,7.11170239650216,33.344669078459
9.01279761904762,0.748619007212276,0.718532222574877,7.1083014456129,33.3457744265937
9.01289682539683,0.749702163702418,0.718544585179577,7.1049021211198,33.3468800655396
9.01299603174603,0.750783524953472,0.718557379575398,7.10150442224511,33.347985994429
9.01309523809524,0.751863093573041,0.718570604861896,7.09810834821151,33.3490922123955
9.01319444444444,0.752940872164999,0.718584260140042,7.09471389824203,33.3501987185743
9.01329365079365,0.754016863329495,0.718598344512229,7.09132107156007,33.3513055121018
9.01339285714286,0.75509106966295,0.718612857082266,7.08792986738943,33.352412592116
9.01349206349206,0.756163493758058,0.718627796955381,7.08454028495428,33.3535199577562
9.01359126984127,0.757234138203787,0.718643163238222,7.08115232347917,33.3546276081632
9.01369047619048,0.758303005585375,0.718658955038854,7.07776598218904,33.3557355424791
9.01378968253968,0.759370098484338,0.718675171466758,7.07438126030919,33.3568437598474
9.01388888888889,0.760435419478459,0.718691811632838,7.0709981570653,33.3579522594131
9.01398809523809,0.761498971141798,0.718708874649414,7.06761667168345,33.3590610403227
9.0140873015873,0.762560756044688,0.718726359630223,7.06423680339008,33.3601701017238
9.01418650793651,0.763620776753746,0.718744265690424,7.06085855141197,33.3612794427658
9.01428571428571,0.764679035831822,0.718762591946591,7.05748191497642,33.362389062599
9.01438492063492,0.765735535838081,0.718781337516717,7.05410689331097,33.3634989603758
9.01448412698413,0.766790279327947,0.718800501520215,7.05073348564357,33.3646091352493
9.01458333333333,0.767843268853116,0.718820083077916,7.04736169120257,33.3657195863744
9.01468253968254,0.768894506961557,0.718840081312067,7.04399150921669,33.3668303129075
9.01478174603175,0.769943996197513,0.718860495346337,7.04062293891504,33.3679413140061
9.01488095238095,0.7709917391015,0.71888132430581,7.03725597952708,33.3690525888294
9.01498015873016,0.772037738210306,0.718902567316991,7.03389063028268,33.3701641365377
9.01507936507936,0.773081996056991,0.718924223507802,7.03052689041208,33.3712759562929
9.01517857142857,0.774124515170891,0.718946292007584,7.02716475914588,33.3723880472584
9.01527777777778,0.775165298077612,0.718968771947096,7.0238042357151,33.3735004085989
9.01537698412698,0.776204347299035,0.718991662458514,7.0204453193511,33.3746130394804
9.01547619047619,0.777241665353313,0.719014962675436,7.01708800928563,33.3757259390704
9.0155753968254,0.778277271007036,0.71903866531391,7.01373230433106,33.3768391001023
9.0156746031746,0.779311182733983,0.719062763205755,7.01037820330769,33.3779525154253
9.01577380952381,0.780343402609297,0.719087255659618,7.00702570545986,33.3790661843826
9.01587301587302,0.781373932706907,0.719112141984594,7.00367481003205,33.3801801063177
9.01597222222222,0.782402775099475,0.719137421490228,7.0003255162691,33.3812942805746
9.01607142857143,0.783429931858404,0.719163093486508,6.99697782341616,33.3824087064976
9.01617063492064,0.784455405053842,0.719189157283874,6.99363173071864,33.3835233834318
9.01626984126984,0.785479196754682,0.71921561219321,6.99028723742228,33.3846383107224
9.01636904761905,0.786501309028561,0.71924245752585,6.9869443427731,33.385753487715
9.01646825396825,0.787521743941858,0.719269692593574,6.98360304601742,33.3868689137559
9.01656746031746,0.788540503559697,0.719297316708611,6.98026334640187,33.3879845881917
9.01666666666667,0.789557589945947,0.719325329183635,6.97692524317334,33.3891005103695
9.01676587301587,0.790573005163221,0.71935372933177,6.97358873557906,33.3902166796366
9.01686507936508,0.791586751272875,0.719382516466586,6.97025382286654,33.391333095341
9.01696428571429,0.792598830335009,0.719411689902102,6.96692050428358,33.3924497568311
9.01706349206349,0.793609244408468,0.719441248952783,6.96358877907827,33.3935666634557
9.0171626984127,0.794617995550855,0.719471192933543,6.96025864649898,33.3946838145639
9.01726190476191,0.795625085818473,0.719501521159741,6.95693010579449,33.3958012095055
9.01736111111111,0.796630517266414,0.719532232947187,6.95360315621375,33.3969188476306
9.01746031746032,0.797634291948499,0.719563327612136,6.95027779700604,33.3980367282896
9.01755952380952,0.798636411917291,0.71959480447129,6.94695402742096,33.3991548508335
9.01765873015873,0.7996368792241,0.719626662841802,6.94363184670838,33.4002732146139
9.01775793650794,0.800635695918978,0.719658902041269,6.94031125411849,33.4013918189824
9.01785714285714,0.801632864050722,0.719691521387737,6.93699224890176,33.4025106632915
9.01795634920635,0.802628385666874,0.719724520199698,6.93367483030896,33.4036297468937
9.01805555555556,0.803622262813717,0.719757897796095,6.93035899759117,33.4047490691424
9.01815476190476,0.80461449753628,0.719791653496316,6.92704474999975,33.4058686293909
9.01825396825397,0.805605091878338,0.719825786620195,6.92373208678636,33.4069884269935
9.01835317460317,0.806594047882405,0.719860296488017,6.92042100720297,33.4081084613046
9.01845238095238,0.807581367589744,0.719895182420513,6.91711151050183,33.409228731679
9.01855158730159,0.80856705304036,0.719930443738861,6.9138035959355,33.4103492374721
9.01865079365079,0.809551106273015,0.719966079764686,6.91049726275678,33.4114699780398
9.01875,0.810533529325174,0.720002089820063,6.90719251021891,33.4125909527381
9.01884920634921,0.81151432423309,0.720038473227512,6.90388933757529,33.4137121609237
9.01894841269841,0.812493493031742,0.720075229310001,6.90058774407966,33.4148336019538
9.01904761904762,0.813471037754856,0.720112357390947,6.89728772898606,33.4159552751859
9.01914682539683,0.814446960434901,0.720149856794213,6.89398929154882,33.4170771799779
9.01924603174603,0.815421263103091,0.720187726844111,6.89069243102258,33.4181993156882
9.01934523809524,0.816393947789383,0.720225966865398,6.88739714666226,33.4193216816756
9.01944444444444,0.817365016522477,0.720264576183281,6.8841034377231,33.4204442772995
9.01954365079365,0.81833447132982,0.720303554123414,6.8808113034606,33.4215671019195
9.01964285714286,0.8193023142376,0.720342900011897,6.8775207431306,33.4226901548958
9.01974206349206,0.820268547270752,0.720382613175279,6.8742317559892,33.423813435589
9.01984126984127,0.821233172452952,0.720422692940556,6.87094434129282,33.42493694336
9.01994047619048,0.822196191806623,0.720463138635173,6.86765849829817,33.4260606775704
9.02003968253968,0.823157607352928,0.720503949587019,6.86437422626225,33.427184637582
9.02013888888889,0.824117421111792,0.720545125124435,6.86109152444233,33.4283088227572
9.0202380952381,0.825075635101842,0.720586664576205,6.85781039209609,33.4294332324586
9.0203373015873,0.826032251340488,0.720628567271564,6.85453082848138,33.4305578660496
9.02043650793651,0.826987271843871,0.720670832540193,6.8512528328564,33.4316827228938
9.02053571428571,0.827940698626878,0.720713459712221,6.84797640447964,33.4328078023552
9.02063492063492,0.828892533703139,0.720756448118223,6.84470154260988,33.4339331037984
9.02073412698413,0.829842779085026,0.720799797089225,6.84142824650622,33.4350586265882
9.02083333333333,0.830791436783659,0.720843505956697,6.83815651542802,33.4361843700902
9.02093253968254,0.831738508808897,0.720887574052558,6.83488634863497,33.43731033367
9.02103174603175,0.832683997169349,0.720932000709174,6.83161774538704,33.438436516694
9.02113095238095,0.833627903872362,0.720976785259359,6.8283507049445,33.4395629185289
9.02123015873016,0.834570230924032,0.721021927036375,6.82508522656793,33.4406895385418
9.02132936507936,0.835510980329196,0.72106742537393,6.82182130951818,33.4418163761002
9.02142857142857,0.836450154091436,0.721113279606181,6.81855895305641,33.4429434305723
9.02152777777778,0.837387754213078,0.721159489067732,6.81529815644409,33.4440707013263
9.02162698412699,0.838323782695205,0.721206053093635,6.81203891894293,33.4451981877313
9.02172619047619,0.839258241537605,0.721252971019388,6.80878123981506,33.4463258891564
9.0218253968254,0.84019113273885,0.721300242180938,6.8055251183228,33.4474538049716
9.0219246031746,0.841122458296241,0.721347865914678,6.80227055372878,33.4485819345468
9.02202380952381,0.842052220205825,0.721395841557451,6.79901754529595,33.4497102772529
9.02212301587302,0.842980420462391,0.721444168446545,6.79576609228755,33.4508388324608
9.02222222222222,0.843907061059475,0.721492845919697,6.79251619396712,33.4519675995421
9.02232142857143,0.844832143989354,0.721541873315092,6.78926784959848,33.4530965778686
9.02242063492064,0.845755671243051,0.721591249971359,6.78602105844577,33.4542257668129
9.02251984126984,0.846677644810331,0.72164097522758,6.78277581977341,33.4553551657476
9.02261904761905,0.847598066679706,0.72169104842328,6.77953213284613,33.456484774046
9.02271825396825,0.84851693883843,0.721741468898434,6.77628999692895,33.4576145910818
9.02281746031746,0.849434263272501,0.721792235993463,6.77304941128718,33.4587446162291
9.02291666666667,0.850350041966662,0.721843349049237,6.76981037518644,33.4598748488625
9.02301587301587,0.851264276904399,0.721894807407071,6.76657288789264,33.4610052883571
9.02311507936508,0.852176970067955,0.721946610408732,6.76333694867194,33.4621359340881
9.02321428571429,0.853088123438279,0.721998757396429,6.76010255679093,33.4632667854315
9.02331349206349,0.853997738995104,0.722051247712823,6.75686971151638,33.4643978417635
9.0234126984127,0.854905818716891,0.72210408070102,6.75363841211537,33.465529102461
9.02351190476191,0.855812364580848,0.722157255704574,6.7504086578553,33.4666605669011
9.02361111111111,0.856717378562924,0.722210772067488,6.74718044800388,33.4677922344615
9.02371031746032,0.857620862637815,0.722264629134211,6.74395378182907,33.4689241045201
9.02380952380952,0.858522818778959,0.722318826249639,6.74072865859917,33.4700561764554
9.02390873015873,0.85942324895854,0.722373362759116,6.73750507758276,33.4711884496464
9.02400793650794,0.860322155147484,0.722428238008436,6.73428303804872,33.4723209234725
9.02410714285714,0.861219539315461,0.722483451343837,6.73106253926622,33.4734535973134
9.02420634920635,0.862115403430887,0.722539002112006,6.72784358050474,33.4745864705495
9.02430555555556,0.863009749460922,0.722594889660078,6.72462616103405,33.4757195425612
9.02440476190476,0.863902579371466,0.722651113335634,6.7214102801242,33.4768528127298
9.02450396825397,0.864793895127169,0.722707672486704,6.71819593704557,33.4779862804369
9.02460317460318,0.865683698691432,0.722764566461766,6.71498313106877,33.4791199450643
9.02470238095238,0.866571992026368,0.722821794609743,6.71177186146484,33.4802538059946
9.02480158730159,0.867458777092866,0.722879356280007,6.708562127505,33.4813878626105
9.02490079365079,0.86834405585055,0.722937250822379,6.70535392846079,33.4825221142953
9.025,0.869227830257788,0.722995477587124,6.70214726360406,33.4836565604329
9.02509920634921,0.87011010227169,0.723054035924959,6.69894213220695,33.4847912004073
9.02519841269841,0.870990873848111,0.723112925187044,6.6957385335419,33.4859260336032
9.02529761904762,0.871870146941652,0.72317214472499,6.69253646688166,33.4870610594056
9.02539682539683,0.872747923505655,0.723231693890854,6.68933593149925,33.4881962771999
9.02549603174603,0.873624205492207,0.72329157203714,6.686136926668,33.4893316863722
9.02559523809524,0.874498994852141,0.723351778516801,6.68293945166155,33.4904672863087
9.02569444444444,0.875372293535031,0.723412312683236,6.67974350575382,33.4916030763962
9.02579365079365,0.876244103489196,0.723473173890292,6.67654908821902,33.4927390560219
9.02589285714286,0.877114426661701,0.723534361492264,6.67335619833169,33.4938752245736
9.02599206349206,0.877983264998353,0.723595874843895,6.67016483536662,33.4950115814393
9.02609126984127,0.878850620443715,0.723657713300375,6.66697499859889,33.4961481260076
9.02619047619048,0.879716494941059,0.72371987621734,6.663786687304,33.4972848576673
9.02628968253968,0.880580890432437,0.723782362950875,6.66059990075761,33.498421775808
9.02638888888889,0.881443808858632,0.723845172857512,6.65741463823572,33.4995588798194
9.0264880952381,0.882305252159171,0.723908305294232,6.65423089901462,33.5006961690919
9.0265873015873,0.883165222272327,0.723971759618462,6.65104868237092,33.5018336430162
9.02668650793651,0.884023721135116,0.724035535188076,6.64786798758151,33.5029713009834
9.02678571428571,0.884880750683296,0.724099631361398,6.64468881392357,33.5041091423851
9.02688492063492,0.885736312851372,0.724164047497196,6.6415111606746,33.5052471666133
9.02698412698413,0.886590409572592,0.724228782954689,6.63833502711237,33.5063853730605
9.02708333333333,0.887443042778947,0.724293837093542,6.63516041251496,33.5075237611197
9.02718253968254,0.888294214401174,0.724359209273866,6.63198731616076,33.5086623301841
9.02728174603175,0.889143926368753,0.724424898856222,6.62881573732843,33.5098010796475
9.02738095238095,0.889992180609906,0.724490905201618,6.62564567529695,33.5109400089041
9.02748015873016,0.890838979051603,0.724557227671507,6.62247712934558,33.5120791173486
9.02757936507937,0.891684323619567,0.724623865627795,6.61931009875384,33.5132184043762
9.02767857142857,0.892528216238231,0.724690818432829,6.61614458280168,33.5143578693821
9.02777777777778,0.893370658830806,0.724758085449407,6.61298058076922,33.5154975117626
9.02787698412699,0.894211653319237,0.724825666040775,6.6098180919369,33.5166373309139
9.02797619047619,0.895051201624212,0.724893559570625,6.60665711558549,33.5177773262328
9.0280753968254,0.895889305665163,0.724961765403097,6.60349765099602,33.5189174971167
9.0281746031746,0.896725967360267,0.72503028290278,6.60033969744985,33.5200578429633
9.02827380952381,0.897561188626443,0.725099111434708,6.59718325422861,33.5211983631706
9.02837301587302,0.898394971379355,0.725168250364363,6.59402832061424,33.5223390571373
9.02847222222222,0.899227317533413,0.725237699057677,6.59087489588898,33.5234799242624
9.02857142857143,0.900058229001769,0.725307456881026,6.58772297933535,33.5246209639454
9.02867063492064,0.900887707696319,0.725377523201237,6.5845725702362,33.5257621755861
9.02876984126984,0.901715755527703,0.725447897385581,6.58142366787464,33.5269035585848
9.02886904761905,0.902542374405306,0.72551857880178,6.5782762715341,33.5280451123424
9.02896825396825,0.903367566237256,0.725589566818,6.57513038049829,33.52918683626
9.02906746031746,0.904191332930438,0.725660860802858,6.57198599405119,33.5303287297393
9.02916666666667,0.905013676390445,0.725732460125415,6.56884311147719,33.5314707921823
9.02926587301587,0.905834598521649,0.725804364155183,6.56570173206087,33.5326130229915
9.02936507936508,0.906654101227155,0.725876572262119,6.56256185508714,33.5337554215699
9.02946428571429,0.907472186408811,0.725949083816628,6.55942347984118,33.5348979873209
9.02956349206349,0.90828885596721,0.726021898189564,6.55628660560851,33.5360407196483
9.0296626984127,0.90910411180169,0.726095014752227,6.55315123167492,33.5371836179564
9.02976190476191,0.90991795581033,0.726168432876365,6.5500173573265,33.5383266816498
9.02986111111111,0.910730389889955,0.726242151934173,6.54688498184965,33.5394699101336
9.02996031746032,0.911541415936135,0.726316171298294,6.54375410453105,33.5406133028136
9.03005952380952,0.912351035843181,0.726390490341819,6.54062472465768,33.5417568590955
9.03015873015873,0.913159251504152,0.726465108438285,6.53749684151684,33.542900578386
9.03025793650794,0.913966064810848,0.726540024961679,6.53437045439608,33.5440444600918
9.03035714285714,0.914771477653814,0.726615239286433,6.5312455625833,33.5451885036203
9.03045634920635,0.915575491922339,0.726690750787428,6.52812216536666,33.5463327083793
9.03055555555556,0.916378109504466,0.726766558839994,6.52500026203458,33.5474770737769
9.03065476190476,0.917179332286952,0.726842662819902,6.52187985187592,33.5486215992217
9.03075396825397,0.917979162155328,0.726919062103378,6.5187609341797,33.5497662841228
9.03085317460318,0.91877760099386,0.726995756067093,6.51564350823527,33.5509111278898
9.03095238095238,0.919574650685555,0.727072744088164,6.51252757333229,33.5520561299324
9.03105158730159,0.920370313112169,0.727150025544157,6.50941312876071,33.5532012896612
9.03115079365079,0.921164590154197,0.727227599813086,6.50630017381079,33.554346606487
9.03125,0.921957483690882,0.72730546627341,6.50318870777306,33.5554920798209
9.03134920634921,0.922748995600208,0.727383624304039,6.50007872993837,33.5566377090746
9.03144841269841,0.923539127758905,0.727462073284327,6.49697023959786,33.5577834936603
9.03154761904762,0.924327882042446,0.727540812594079,6.49386323604296,33.5589294329906
9.03164682539682,0.925115260325049,0.727619841613545,6.49075771856542,33.5600755264783
9.03174603174603,0.925901264479675,0.727699159723423,6.48765368645725,33.561221773537
9.03184523809524,0.926685896378029,0.727778766304859,6.48455113901078,33.5623681735805
9.03194444444444,0.927469157890562,0.727858660739447,6.48145007551865,33.5635147260232
9.03204365079365,0.928251050886476,0.727938842409228,6.47835049527372,33.5646614302797
9.03214285714286,0.929031577233689,0.728019310696689,6.4752523975693,33.5658082857652
9.03224206349206,0.929810738798893,0.728100064984766,6.47215578169886,33.5669552918954
9.03234126984127,0.930588537447513,0.728181104656843,6.46906064695621,33.5681024480863
9.03244047619048,0.931364975043719,0.728262429096751,6.46596699263547,33.5692497537543
9.03253968253968,0.932140053450425,0.728344037688769,6.46287481803102,33.5703972083165
9.03263888888889,0.932913774529289,0.728425929817621,6.45978412243758,33.5715448111901
9.03273809523809,0.933686140140711,0.728508104868482,6.45669490515014,33.572692561793
9.0328373015873,0.934457152143839,0.728590562226973,6.45360716546399,33.5738404595434
9.03293650793651,0.935226812396561,0.728673301279163,6.45052090267474,33.5749885038599
9.03303571428571,0.935995122755513,0.728756321411566,6.44743611607826,33.5761366941618
9.03313492063492,0.936762085076071,0.728839622011148,6.44435280497075,33.5772850298684
9.03323412698413,0.937527701212357,0.728923202465318,6.44127096864867,33.5784335103998
9.03333333333333,0.938291973017238,0.729007062161935,6.43819060640883,33.5795821351765
9.03343253968254,0.939054902342324,0.729091200489307,6.43511171754828,33.5807309036192
9.03353174603175,0.939816491037979,0.729175616836186,6.43203430136436,33.5818798151493
9.03363095238095,0.94057674095328,0.729260310591773,6.42895835715483,33.5830288691885
9.03373015873016,0.94133565393608,0.729345281145716,6.4258838842176,33.5841780651589
9.03382936507936,0.942093231832964,0.729430527888113,6.42281088185094,33.5853274024832
9.03392857142857,0.942849476489264,0.729516050209507,6.41973934935341,33.5864768805844
9.03402777777778,0.943604389749053,0.729601847500888,6.41666928602387,33.5876264988859
9.03412698412698,0.94435797345515,0.729687919153696,6.41360069116146,33.5887762568117
9.03422619047619,0.945110229449116,0.729774264559818,6.41053356406565,33.5899261537862
9.0343253968254,0.945861159571258,0.729860883111586,6.40746790403617,33.591076189234
9.0344246031746,0.946610765660627,0.729947774201782,6.40440371037308,33.5922263625805
9.03452380952381,0.947359049555017,0.730034937223635,6.40134098237671,33.5933766732513
9.03462301587301,0.948106013090966,0.730122371570821,6.39827971934769,33.5945271206724
9.03472222222222,0.948851658103756,0.730210076637464,6.39521992058697,33.5956777042705
9.03482142857143,0.949595986427415,0.730298051818136,6.39216158539577,33.5968284234725
9.03492063492063,0.950338999894712,0.730386296507854,6.38910471307562,33.5979792777057
9.03501984126984,0.951080700337173,0.730474810102088,6.38604930292831,33.5991302663981
9.03511904761905,0.951821089585035,0.730563591996747,6.38299535425604,33.6002813889779
9.03521825396825,0.952560169467311,0.730652641588196,6.37994286636119,33.6014326448738
9.03531746031746,0.953297941811749,0.730741958273242,6.37689183854646,33.6025840335151
9.03541666666667,0.954034408444838,0.730831541449143,6.37384227011488,33.6037355543311
9.03551587301587,0.954769571191813,0.730921390513602,6.37079416036975,33.6048872067521
9.03561507936508,0.955503431876653,0.731011504864771,6.36774750861468,33.6060389902085
9.03571428571429,0.956235992322081,0.731101883901249,6.36470231415357,33.6071909041311
9.03581349206349,0.956967254349564,0.731192527022082,6.36165857629062,33.6083429479512
9.0359126984127,0.957697219779313,0.731283433626764,6.35861629433033,33.6094951211008
9.0360119047619,0.958425890430281,0.731374603115237,6.35557546757748,33.6106474230119
9.03611111111111,0.959153268120169,0.731466034887891,6.35253609533717,33.6117998531173
9.03621031746032,0.959879354665419,0.731557728345561,6.34949817691478,33.61295241085
9.03630952380952,0.960604151881219,0.731649682889532,6.34646171161601,33.6141050956435
9.03640873015873,0.961327661581498,0.731741897921535,6.34342669874681,33.6152579069318
9.03650793650794,0.962049885578943,0.731834372843751,6.34039313761345,33.6164108441492
9.03660714285714,0.962770825684951,0.731927107058804,6.33736102752256,33.6175639067307
9.03670634920635,0.963490483709698,0.732020099969769,6.33433036778098,33.6187170941114
9.03680555555556,0.964208861462088,0.732113350980169,6.33130115769587,33.6198704057272
9.03690476190476,0.964925960749775,0.732206859493971,6.3282733965747,33.621023841014
9.03700396825397,0.965641783379152,0.732300624915594,6.32524708372524,33.6221773994086
9.03710317460317,0.966356331155359,0.732394646649902,6.32222221845553,33.6233310803478
9.03720238095238,0.96706960588228,0.732488924102205,6.31919880007394,33.6244848832692
9.03730158730159,0.967781609362541,0.732583456678264,6.31617682788911,33.6256388076107
9.03740079365079,0.968492343397515,0.732678243784285,6.31315630120999,33.6267928528105
9.0375,0.969201809787316,0.732773284826923,6.31013721934583,33.6279470183075
9.03759920634921,0.969910010330803,0.732868579213279,6.30711958160616,33.6291013035408
9.03769841269841,0.970616946825581,0.732964126350904,6.30410338730084,33.6302557079501
9.03779761904762,0.971322621067997,0.733059925647792,6.30108863573999,33.6314102309754
9.03789682539682,0.972027034853141,0.73315597651239,6.29807532623404,33.6325648720573
9.03799603174603,0.97273018997486,0.733252278353591,6.29506345809369,33.6337196306366
9.03809523809524,0.973432088225714,0.73334883058073,6.29205303063004,33.6348745061549
9.03819444444444,0.974132731397036,0.733445632603597,6.28904404315437,33.6360294980538
9.03829365079365,0.974832121278893,0.733542683832426,6.2860364949783,33.6371846057757
9.03839285714286,0.975530259660097,0.733639983677899,6.28303038541375,33.6383398287632
9.03849206349206,0.976227148328204,0.733737531551145,6.28002571377293,33.6394951664594
9.03859126984127,0.976922789069514,0.733835326863742,6.27702247936835,33.6406506183081
9.03869047619048,0.977617183669071,0.733933369027714,6.27402068151282,33.641806183753
9.03878968253968,0.978310333910661,0.734031657455533,6.27102031951944,33.6429618622387
9.03888888888889,0.979002241576818,0.734130191560119,6.26802139270162,33.6441176532101
9.03898809523809,0.979692908448816,0.734228970754838,6.26502390037304,33.6452735561124
9.0390873015873,0.980382336306677,0.734327994453506,6.26202784184771,33.6464295703915
9.03918650793651,0.981070526929163,0.734427262070385,6.25903321643991,33.6475856954934
9.03928571428571,0.981757482093783,0.734526773020184,6.25604002346423,33.6487419308649
9.03938492063492,0.982443203576788,0.73462652671806,6.25304826223555,33.649898275953
9.03948412698413,0.983127693153185,0.734726522579619,6.25005793206902,33.6510547302051
9.03958333333333,0.983810952596694,0.734826760020912,6.2470690322802,33.6522112930692
9.03968253968254,0.984492983679809,0.734927238458439,6.24408156218481,33.6533679639938
9.03978174603175,0.985173788173758,0.735027957309147,6.24109552109894,33.6545247424275
9.03988095238095,0.985853367848514,0.735128915990431,6.23811090833895,33.6556816278196
9.03998015873016,0.986531724472791,0.735230113920133,6.2351277232215,33.6568386196198
9.04007936507936,0.987208859814052,0.735331550516544,6.23214596506355,33.6579957172783
9.04017857142857,0.987884775638499,0.7354332251984,6.22916563318238,33.6591529202455
9.04027777777778,0.988559473711082,0.735535137384886,6.22618672689552,33.6603102279726
9.04037698412698,0.989232955795492,0.735637286495635,6.22320924552084,33.6614676399108
9.04047619047619,0.989905223654167,0.735739671950727,6.22023318837648,33.6626251555121
9.0405753968254,0.990576279048285,0.735842293170688,6.21725855478089,33.6637827742287
9.0406746031746,0.991246123737773,0.735945149576495,6.21428534405281,33.6649404955134
9.04077380952381,0.991914759481297,0.736048240589569,6.21131355551128,33.6660983188194
9.04087301587301,0.992582188036272,0.736151565631779,6.20834318847565,33.6672562436003
9.04097222222222,0.993248411158861,0.736255124125446,6.20537424226549,33.6684142693102
9.04107142857143,0.993913430603949,0.736358915493332,6.20240671620082,33.6695723954034
9.04117063492064,0.994577248125188,0.736462939158649,6.19944060960183,33.670730621335
9.04126984126984,0.995239865474967,0.736567194545059,6.19647592178905,33.6718889465603
9.04136904761905,0.995901284404419,0.736671681076668,6.19351265208329,33.673047370535
9.04146825396825,0.99656150666342,0.736776398178033,6.19055079980567,33.6742058927155
9.04156746031746,0.997220534000592,0.736881345274154,6.1875903642776,33.6753645125584
9.04166666666667,0.997878368163299,0.736986521790483,6.1846313448208,33.6765232295208
9.04176587301587,0.998535010897649,0.737091927152917,6.18167374075727,33.6776820430602
9.04186507936508,0.999190463948496,0.737197560787802,6.17871755140932,33.6788409526346
9.04196428571429,0.999844729059437,0.737303422121929,6.17576277609955,33.6799999577024
9.04206349206349,1.00049780797281,0.737409510582539,6.17280941415086,33.6811590577226
9.0421626984127,1.00114970242971,0.73751582559732,6.16985746488644,33.6823182521543
9.0422619047619,1.00180041416995,0.737622366594407,6.16690692762979,33.6834775404573
9.04236111111111,1.00244994493211,0.737729133002382,6.16395780170468,33.6846369220917
9.04246031746032,1.00309829645352,0.737836124250278,6.16101008643518,33.6857963965182
9.04255952380952,1.00374547047022,0.737943339767569,6.15806378114574,33.6869559631978
9.04265873015873,1.00439146871703,0.738050778984181,6.155118885161,33.688115621592
9.04275793650794,1.00503629292749,0.738158441330488,6.15217539780594,33.6892753711627
9.04285714285714,1.0056799448339,0.738266326237311,6.14923331840582,33.6904352113721
9.04295634920635,1.00632242616729,0.738374433135916,6.14629264628622,33.6915951416832
9.04305555555556,1.00696373865744,0.738482761458019,6.14335338077301,33.6927551615591
9.04315476190476,1.00760388403289,0.738591310635783,6.14041552119235,33.6939152704634
9.04325396825397,1.00824286402089,0.738700080101819,6.13747906687069,33.6950754678604
9.04335317460317,1.00888068034747,0.738809069289183,6.1345440171348,33.6962357532144
9.04345238095238,1.00951733473738,0.738918277631383,6.13161037131173,33.6973961259905
9.04355158730159,1.01015282891413,0.73902770456237,6.12867812872883,33.6985565856541
9.04365079365079,1.01078716459994,0.739137349516545,6.12574728871374,33.699717131671
9.04375,1.01142034351583,0.739247211928756,6.12281785059441,33.7008777635074
9.04384920634921,1.01205236738152,0.739357291234298,6.11988981369909,33.7020384806302
9.04394841269841,1.01268323791549,0.739467586868917,6.11696317735626,33.7031992825065
9.04404761904762,1.01331295683495,0.739578098268799,6.11403794089485,33.7043601686037
9.04414682539683,1.01394152585588,0.739688824870584,6.11111410364394,33.7055211383901
9.04424603174603,1.01456894669298,0.739799766111358,6.10819166493296,33.7066821913339
9.04434523809524,1.01519522105971,0.739910921428654,6.10527062409165,33.7078433269042
9.04444444444444,1.01582035066827,0.740022290260452,6.10235098045001,33.7090045445702
9.04454365079365,1.0164443372296,0.74013387204518,6.09943273333836,33.7101658438018
9.04464285714286,1.01706718245338,0.740245666221714,6.09651588208734,33.7113272240691
9.04474206349206,1.01768888804804,0.740357672229378,6.09360042602783,33.7124886848427
9.04484126984127,1.01830945572076,0.740469889507941,6.09068636449106,33.7136502255938
9.04494047619048,1.01892888717745,0.740582317497623,6.08777369680854,33.7148118457939
9.04503968253968,1.01954718412278,0.740694955639088,6.08486242231205,33.715973544915
9.04513888888889,1.02016434826016,0.74080780337345,6.08195254033371,33.7171353224293
9.04523809523809,1.02078038129172,0.74092086014227,6.0790440502059,33.7182971778098
9.0453373015873,1.02139528491838,0.741034125387556,6.07613695126133,33.7194591105297
9.04543650793651,1.02200906083976,0.741147598551765,6.07323124283293,33.7206211200628
9.04553571428571,1.02262171075425,0.741261279077797,6.07032692425409,33.7217832058831
9.04563492063492,1.02323323635897,0.741375166409006,6.06742399485834,33.7229453674652
9.04573412698413,1.02384363934979,0.741489259989188,6.06452245397955,33.7241076042842
9.04583333333333,1.02445292142133,0.741603559262591,6.06162230095192,33.7252699158154
9.04593253968254,1.02506108426694,0.741718063673907,6.05872353510991,33.7264323015349
9.04603174603175,1.02566812957874,0.741832772668277,6.05582615578829,33.7275947609188
9.04613095238095,1.02627405904755,0.74194768569129,6.05293016232213,33.728757293444
9.04623015873016,1.02687887436298,0.742062802188981,6.0500355540468,33.7299198985876
9.04632936507936,1.02748257721336,0.742178121607835,6.04714233029796,33.7310825758274
9.04642857142857,1.02808516928577,0.742293643394781,6.04425049041155,33.7322453246412
9.04652777777778,1.02868665226603,0.742409366997199,6.04136003372385,33.7334081445078
9.04662698412698,1.0292870278387,0.742525291862914,6.0384709595714,33.7345710349059
9.04672619047619,1.0298862976871,0.7426414174402,6.03558326729104,33.7357339953151
9.0468253968254,1.03048446349328,0.742757743177778,6.03269695621993,33.736897025215
9.0469246031746,1.03108152693804,0.742874268524819,6.02981202569547,33.738060124086
9.04702380952381,1.03167748970092,0.742990992930934,6.02692847505547,33.7392232914087
9.04712301587302,1.03227235346021,0.743107915846189,6.02404630363793,33.7403865266644
9.04722222222222,1.03286611989294,0.743225036721096,6.02116551078119,33.7415498293344
9.04732142857143,1.03345879067488,0.743342355006612,6.01828609582387,33.7427131989008
9.04742063492064,1.03405036748056,0.743459870154144,6.01540805810489,33.7438766348462
9.04751984126984,1.03464085198323,0.743577581615546,6.01253139696348,33.7450401366533
9.04761904761905,1.0352302458549,0.743695488843119,6.00965611173917,33.7462037038054
9.04771825396825,1.03581855076633,0.743813591289611,6.00678220177176,33.7473673357863
9.04781746031746,1.036405768387,0.743931888408219,6.00390966640138,33.7485310320802
9.04791666666667,1.03699190038516,0.744050379652587,6.00103850496842,33.7496947921717
9.04801587301587,1.03757694842779,0.744169064476805,5.99816871681361,33.7508586155459
9.04811507936508,1.03816091418061,0.744287942335412,5.99530030127793,33.7520225016883
9.04821428571429,1.0387437993081,0.744407012683395,5.99243325770269,33.7531864500847
9.04831349206349,1.03932560547348,0.744526274976188,5.9895675854295,33.7543504602216
9.0484126984127,1.0399063343387,0.744645728669673,5.9867032838002,33.7555145315857
9.04851190476191,1.04048598756447,0.744765373220176,5.98384035215706,33.7566786636643
9.04861111111111,1.04106456681022,0.744885208084475,5.98097878984253,33.7578428559451
9.04871031746032,1.04164207373415,0.745005232719794,5.9781185961994,33.7590071079163
9.04880952380952,1.04221850999321,0.745125446583805,5.97525977057075,33.7601714190662
9.04890873015873,1.04279387724306,0.745245849134625,5.97240231229996,33.761335788884
9.04900793650794,1.04336817713813,0.745366439830822,5.96954622073069,33.762500216859
9.04910714285714,1.04394141133159,0.745487218131409,5.96669149520693,33.7636647024812
9.04920634920635,1.04451358147534,0.745608183495848,5.96383813507294,33.7648292452407
9.04930555555556,1.04508468922005,0.745729335384048,5.96098613967329,33.7659938446285
9.04940476190476,1.04565473621512,0.745850673256366,5.95813550835284,33.7671585001355
9.04950396825397,1.04622372410868,0.745972196573605,5.95528624045675,33.7683232112535
9.04960317460317,1.04679165454763,0.746093904797017,5.95243833533047,33.7694879774745
9.04970238095238,1.04735852917759,0.746215797388301,5.94959179231976,33.7706527982909
9.04980158730159,1.04792434964294,0.746337873809604,5.94674661077066,33.7718176731957
9.04990079365079,1.04848911758682,0.746460133523521,5.94390279002949,33.7729826016822
9.05,1.04905283465105,0.74658257599309,5.94106032944297,33.7741475832443
9.05009920634921,1.04961550247628,0.746705200681803,5.93821922835799,33.7753126173761
9.05019841269841,1.05017712270183,0.746828007053596,5.93537948612179,33.7764777035723
9.05029761904762,1.05073769696582,0.746950994572853,5.93254110208191,33.7776428413281
9.05039682539683,1.05129722690507,0.747074162704406,5.92970407558618,33.7788080301389
9.05049603174603,1.05185571415518,0.747197510913534,5.92686840598272,33.7799732695008
9.05059523809524,1.05241316035046,0.747321038665963,5.92403409261996,33.7811385589101
9.05069444444444,1.052969567124,0.747444745427869,5.92120113484662,33.7823038978637
9.05079365079365,1.05352493610761,0.747568630665872,5.91836953201171,33.7834692858589
9.05089285714286,1.05407926893184,0.747692693847042,5.91553928346456,33.7846347223935
9.05099206349206,1.05463256722601,0.747816934438896,5.91271038855477,33.7858002069655
9.05109126984127,1.05518483261816,0.747941351909398,5.90988284663225,33.7869657390736
9.05119047619048,1.05573606673508,0.74806594572696,5.9070566570472,33.7881313182167
9.05128968253968,1.05628627120231,0.748190715360441,5.90423181915013,33.7892969438945
9.05138888888889,1.05683544764413,0.74831566027915,5.9014083322918,33.7904626156067
9.0514880952381,1.05738359768356,0.748440779952837,5.89858619582338,33.7916283328538
9.0515873015873,1.05793072294237,0.748566073851707,5.89576540909622,33.7927940951364
9.05168650793651,1.05847682504107,0.748691541446408,5.89294597146201,33.7939599019559
9.05178571428571,1.05902190559891,0.748817182208039,5.89012788227273,33.7951257528139
9.05188492063492,1.05956596623391,0.748942995608142,5.88731114088068,33.7962916472124
9.05198412698413,1.0601090085628,0.74906898111871,5.88449574663843,33.797457584654
9.05208333333333,1.06065103420107,0.749195138212183,5.88168169889885,33.7986235646417
9.05218253968254,1.06119204476296,0.749321466361447,5.87886899701513,33.7997895866789
9.05228174603175,1.06173204186143,0.749447965039837,5.87605764034072,33.8009556502693
9.05238095238095,1.06227102710821,0.749574633721135,5.87324762822939,33.8021217549173
9.05248015873016,1.06280900211377,0.749701471879571,5.87043896003522,33.8032879001276
9.05257936507936,1.06334596848731,0.749828478989822,5.86763163511255,33.8044540854054
9.05267857142857,1.06388192783679,0.749955654527012,5.86482565281604,33.8056203102561
9.05277777777778,1.0644168817689,0.750082997966713,5.86202101250066,33.8067865741859
9.05287698412699,1.06495083188909,0.750210508784946,5.85921771352161,33.8079528767012
9.05297619047619,1.06548377980153,0.750338186458177,5.85641575523452,33.8091192173089
9.0530753968254,1.06601572710915,0.75046603046332,5.85361513699518,33.8102855955163
9.0531746031746,1.06654667541363,0.750594040277738,5.85081585815975,33.8114520108312
9.05327380952381,1.06707662631539,0.75072221537924,5.84801791808466,33.8126184627618
9.05337301587302,1.06760558141358,0.750850555246085,5.84522131612665,33.8137849508167
9.05347222222222,1.06813354230612,0.750979059356976,5.84242605164274,33.8149514745051
9.05357142857143,1.06866051058964,0.751107727191065,5.83963212399027,33.8161180333364
9.05367063492064,1.06918648785954,0.751236558227954,5.83683953252686,33.8172846268205
9.05376984126984,1.06971147570997,0.751365551947688,5.83404827661043,33.818451254468
9.05386904761905,1.07023547573379,0.751494707830763,5.8312583555992,33.8196179157896
9.05396825396825,1.07075848952264,0.751624025358121,5.82846976885169,33.8207846102965
9.05406746031746,1.07128051866688,0.751753504011152,5.82568251572671,33.8219513375005
9.05416666666667,1.07180156475563,0.751883143271693,5.82289659558337,33.8231180969137
9.05426587301587,1.07232162937674,0.752012942622029,5.82011200778107,33.8242848880486
9.05436507936508,1.07284071411682,0.752142901544894,5.81732875167948,33.8254517104184
9.05446428571429,1.0733588205612,0.752273019523465,5.81454682663868,33.8266185635364
9.05456349206349,1.07387595029399,0.752403296041371,5.81176623201892,33.8277854469165
9.0546626984127,1.074392104898,0.752533730582686,5.80898696718079,33.828952360073
9.05476190476191,1.07490728595483,0.752664322631934,5.8062090314852,33.8301193025208
9.05486111111111,1.07542149504478,0.752795071674083,5.80343242429331,33.8312862737749
9.05496031746032,1.07593473374693,0.752925977194553,5.80065714496663,33.832453273351
9.05505952380952,1.07644700363908,0.753057038679207,5.79788319286692,33.8336203007652
9.05515873015873,1.0769583062978,0.753188255614358,5.79511056735627,33.834787355534
9.05525793650794,1.07746864329836,0.753319627486767,5.79233926779704,33.8359544371743
9.05535714285714,1.07797801621483,0.75345115378364,5.78956929355192,33.8371215452035
9.05545634920635,1.07848642661997,0.753582833992633,5.78680064398386,33.8382886791394
9.05555555555556,1.07899387608533,0.753714667601849,5.78403331845614,33.8394558385003
9.05565476190476,1.07950036618117,0.753846654099838,5.78126731633231,33.8406230228049
9.05575396825397,1.08000589847652,0.753978792975597,5.77850263697623,33.8417902315723
9.05585317460318,1.08051047453913,0.754111083718573,5.77573927975202,33.8429574643219
9.05595238095238,1.08101409593551,0.754243525818656,5.77297724402421,33.844124720574
9.05605158730159,1.08151676423091,0.754376118766186,5.77021652915751,33.8452919998488
9.05615079365079,1.08201848098932,0.754508862051953,5.76745713451695,33.8464593016672
9.05625,1.08251924777348,0.754641755167191,5.7646990594679,33.8476266255506
9.05634920634921,1.08301906614487,0.754774797603584,5.76194230337598,33.8487939710207
9.05644841269841,1.08351793766372,0.75490798885326,5.75918686560712,33.8499613375997
9.05654761904762,1.084015863889,0.755041328408799,5.75643274552757,33.8511287248101
9.05664682539683,1.08451284637842,0.755174815763225,5.75367994250386,33.8522961321752
9.05674603174603,1.08500888668844,0.755308450410011,5.7509284559028,33.8534635592182
9.05684523809524,1.08550398637426,0.755442231843078,5.74817828509152,33.8546310054633
9.05694444444444,1.08599814698983,0.755576159556793,5.74542942943744,33.8557984704346
9.05704365079365,1.08649137008783,0.755710233045972,5.74268188830828,33.8569659536572
9.05714285714286,1.08698365721971,0.755844451805878,5.73993566107206,33.8581334546561
9.05724206349206,1.08747500993563,0.755978815332221,5.73719074709707,33.859300972957
9.05734126984127,1.08796542978453,0.75611332312116,5.7344471457519,33.8604685080862
9.05744047619048,1.08845491831407,0.756247974669299,5.73170485640552,33.86163605957
9.05753968253968,1.08894347707065,0.756382769473691,5.72896387842709,33.8628036269356
9.05763888888889,1.08943110759943,0.756517707031836,5.72622421118611,33.8639712097102
9.0577380952381,1.08991781144431,0.756652786841684,5.72348585405238,33.8651388074219
9.0578373015873,1.09040359014793,0.756788008401629,5.72074880639599,33.8663064195988
9.05793650793651,1.09088844525168,0.756923371210514,5.71801306758732,33.8674740457698
9.05803571428571,1.09137237829569,0.757058874767631,5.71527863699706,33.8686416854639
9.05813492063492,1.09185539081883,0.757194518572717,5.71254551399619,33.8698093382109
9.05823412698413,1.09233748435872,0.757330302125957,5.709813697956,33.8709770035406
9.05833333333333,1.09281866045172,0.757466224927985,5.70708318824804,33.8721446809837
9.05843253968254,1.09329892063294,0.757602286479882,5.70435398424421,33.873312370071
9.05853174603175,1.09377826643624,0.757738486283176,5.70162608531666,33.8744800703339
9.05863095238095,1.0942566993942,0.757874823839841,5.69889949083786,33.8756477813042
9.05873015873016,1.09473422103816,0.758011298652302,5.69617420018058,33.8768155025141
9.05882936507937,1.09521083289821,0.758147910223431,5.69345021271784,33.8779832334963
9.05892857142857,1.09568653650317,0.758284658056542,5.69072752782306,33.8791509737838
9.05902777777778,1.09616133338061,0.758421541655404,5.68800614486987,33.8803187229102
9.05912698412699,1.09663522505685,0.758558560524229,5.6852860632322,33.8814864804095
9.05922619047619,1.09710821305694,0.758695714167678,5.68256728228432,33.882654245816
9.0593253968254,1.09758029890469,0.758833002090859,5.67984980140076,33.8838220186648
9.0594246031746,1.09805148412265,0.758970423799329,5.67713361995636,33.8849897984909
9.05952380952381,1.09852177023211,0.75910797879909,5.67441873732626,33.8861575848302
9.05962301587302,1.09899115875309,0.759245666596593,5.6717051528859,33.8873253772188
9.05972222222222,1.09945965120439,0.759383486698738,5.668992866011,33.8884931751932
9.05982142857143,1.09992724910352,0.759521438612869,5.66628187607759,33.8896609782906
9.05992063492064,1.10039395396674,0.759659521846779,5.66357218246199,33.8908287860484
9.06001984126984,1.10085976730908,0.759797735908711,5.66086378454084,33.8919965980045
9.06011904761905,1.10132469064428,0.759936080307352,5.65815668169104,33.8931644136972
9.06021825396825,1.10178872548485,0.760074554551839,5.65545087328981,33.8943322326654
9.06031746031746,1.10225187334203,0.760213158151756,5.65274635871462,33.8955000544482
9.06041666666667,1.1027141357258,0.760351890617131,5.65004313734335,33.8966678785852
9.06051587301587,1.1031755141449,0.760490751458444,5.64734120855409,33.8978357046167
9.06061507936508,1.10363601010679,0.760629740186622,5.64464057172522,33.899003532083
9.06071428571429,1.10409562511771,0.760768856313037,5.64194122623544,33.9001713605252
9.06081349206349,1.10455436068261,0.760908099349512,5.63924317146375,33.9013391894847
9.0609126984127,1.1050122183052,0.761047468808313,5.63654640678945,33.9025070185032
9.06101190476191,1.10546919948793,0.761186964202159,5.63385093159212,33.9036748471232
9.06111111111111,1.105925305732,0.761326585044211,5.63115674525165,33.9048426748872
9.06121031746032,1.10638053853734,0.761466330848082,5.62846384714822,33.9060105013384
9.06130952380952,1.10683489940265,0.76160620112783,5.6257722366623,33.9071783260204
9.06140873015873,1.10728838982534,0.761746195397961,5.62308191317469,33.9083461484773
9.06150793650794,1.10774101130159,0.761886313173429,5.62039287606644,33.9095139682534
9.06160714285714,1.10819276532631,0.762026553969634,5.61770512471894,33.9106817848938
9.06170634920635,1.10864365339317,0.762166917302427,5.61501865851384,33.9118495979436
9.06180555555556,1.10909367699457,0.762307402688104,5.61233347683308,33.9130174069487
9.06190476190476,1.10954283762164,0.762448009643407,5.60964957905898,33.9141852114553
9.06200396825397,1.1099911367643,0.762588737685527,5.60696696457407,33.91535301101
9.06210317460318,1.11043857591117,0.762729586332104,5.6042856327612,33.9165208051598
9.06220238095238,1.11088515654962,0.762870555101224,5.60160558300353,33.9176885934524
9.06230158730159,1.1113308801658,0.763011643511421,5.5989268146845,33.9188563754357
9.06240079365079,1.11177574824455,0.763152851081676,5.59624932718785,33.9200241506579
9.0625,1.1122197622695,0.763294177331418,5.59357311989763,33.9211919186681
9.06259920634921,1.112662923723,0.763435621780524,5.59089819219818,33.9223596790153
9.06269841269841,1.11310523408615,0.763577183949318,5.58822454347412,33.9235274312494
9.06279761904762,1.1135466948388,0.76371886335857,5.5855521731104,33.9246951749205
9.06289682539682,1.11398730745953,0.7638606595295,5.58288108049224,33.9258629095791
9.06299603174603,1.11442707342567,0.764002571983774,5.58021126500516,33.9270306347762
9.06309523809524,1.1148659942133,0.764144600243507,5.57754272603499,33.9281983500633
9.06319444444444,1.11530407129724,0.764286743831259,5.57487546296785,33.9293660549923
9.06329365079365,1.11574130615106,0.764429002270042,5.57220947519011,33.9305337491154
9.06339285714286,1.11617770024706,0.764571375083308,5.56954476208856,33.9317014319855
9.06349206349206,1.11661325505629,0.764713861794963,5.56688132305018,33.9328691031557
9.06359126984127,1.11704797204855,0.764856461929359,5.56421915746227,33.9340367621796
9.06369047619048,1.11748185269238,0.764999175011296,5.56155826471244,33.9352044086114
9.06378968253968,1.11791489845507,0.765142000566018,5.55889864418858,33.9363720420055
9.06388888888889,1.11834711080264,0.765284938119221,5.55624029527888,33.9375396619169
9.06398809523809,1.11877849119986,0.765427987197047,5.55358321737186,33.9387072679009
9.0640873015873,1.11920904111026,0.765571147326084,5.55092740985628,33.9398748595133
9.06418650793651,1.11963876199608,0.765714418033369,5.54827287212125,33.9410424363104
9.06428571428571,1.12006765531835,0.765857798846386,5.54561960355614,33.9422099978489
9.06438492063492,1.12049572253679,0.766001289293067,5.54296760355064,33.9433775436859
9.06448412698413,1.12092296510992,0.766144888901792,5.54031687149473,33.944545073379
9.06458333333333,1.12134938449496,0.766288597201386,5.53766740677867,33.9457125864861
9.06468253968254,1.12177498214789,0.766432413721125,5.53501920879304,33.9468800825657
9.06478174603175,1.12219975952345,0.766576337990731,5.53237227692867,33.9480475611767
9.06488095238095,1.12262371807508,0.766720369540371,5.5297266105768,33.9492150218783
9.06498015873016,1.12304685925502,0.766864507900663,5.52708220912885,33.9503824642304
9.06507936507936,1.12346918451421,0.767008752602671,5.52443907197659,33.951549887793
9.06517857142857,1.12389069530237,0.767153103177908,5.52179719851206,33.9527172921268
9.06527777777778,1.12431139306792,0.767297559158332,5.51915658812762,33.9538846767929
9.06537698412698,1.12473127925806,0.767442120076351,5.51651724021592,33.9550520413527
9.06547619047619,1.12515035531873,0.767586785464819,5.5138791541699,33.9562193853682
9.0655753968254,1.12556862269459,0.767731554857037,5.51124232938281,33.9573867084018
9.0656746031746,1.12598608282908,0.767876427786756,5.50860676524818,33.9585540100161
9.06577380952381,1.12640273716435,0.768021403788172,5.50597246115986,33.9597212897746
9.06587301587301,1.12681858714131,0.76816648239593,5.50333941651197,33.9608885472408
9.06597222222222,1.12723363419963,0.768311663145121,5.50070763069894,33.9620557819788
9.06607142857143,1.12764787977769,0.768456945571286,5.49807710311551,33.9632229935533
9.06617063492063,1.12806132531263,0.768602329210411,5.49544783315669,33.9643901815291
9.06626984126984,1.12847397224035,0.768747813598933,5.49281982021777,33.9655573454717
9.06636904761905,1.12888582199546,0.768893398273729,5.49019306369443,33.966724484947
9.06646825396825,1.12929687601135,0.769039082772132,5.48756756298256,33.9678915995213
9.06656746031746,1.12970713572012,0.769184866631919,5.48494331747836,33.9690586887612
9.06666666666667,1.13011660255265,0.769330749391314,5.48232032657835,33.970225752234
9.06676587301587,1.13052527793853,0.769476730588989,5.47969858967932,33.9713927895073
9.06686507936508,1.13093316330612,0.769622809764064,5.47707810617839,33.9725598001491
9.06696428571429,1.13134026008251,0.769768986456106,5.47445887547293,33.9737267837278
9.06706349206349,1.13174656969353,0.76991526020513,5.47184089696066,33.9748937398124
9.0671626984127,1.13215209356377,0.770061630551598,5.46922417003957,33.9760606679723
9.0672619047619,1.13255683311655,0.770208097036419,5.46660869410793,33.9772275677772
9.06736111111111,1.13296078977395,0.770354659200952,5.46399446856433,33.9783944387974
9.06746031746032,1.13336396495677,0.770501316587001,5.46138149280766,33.9795612806035
9.06755952380952,1.13376636008457,0.770648068736817,5.4587697662371,33.9807280927666
9.06765873015873,1.13416797657566,0.770794915193102,5.45615928825212,33.9818948748583
9.06775793650794,1.13456881584708,0.770941855499003,5.45355005825246,33.9830616264505
9.06785714285714,1.13496887931461,0.771088889198113,5.45094207563826,33.9842283471156
9.06795634920635,1.1353681683928,0.771236015834474,5.44833533980984,33.9853950364265
9.06805555555556,1.13576668449492,0.771383234952579,5.44572985016788,33.9865616939565
9.06815476190476,1.13616442903299,0.771530546097362,5.44312560611333,33.9877283192792
9.06825396825397,1.13656140341779,0.77167794881421,5.44052260704744,33.9888949119689
9.06835317460317,1.1369576090588,0.771825442648955,5.43792085237178,33.9900614716001
9.06845238095238,1.1373530473643,0.771973027147877,5.43532034148819,33.9912279977479
9.06855158730159,1.13774771974128,0.772120701857704,5.43272107379881,33.9923944899877
9.06865079365079,1.13814162759548,0.772268466325609,5.4301230487061,33.9935609478954
9.06875,1.13853477233139,0.772416320099217,5.42752626561278,33.9947273710474
9.06884920634921,1.13892715535224,0.772564262726596,5.4249307239219,33.9958937590204
9.06894841269841,1.13931877805999,0.772712293756265,5.4223364230368,33.9970601113917
9.06904761904762,1.13970964185537,0.772860412737188,5.4197433623611,33.9982264277389
9.06914682539682,1.14009974813785,0.773008619218778,5.41715154129873,33.99939270764
9.06924603174603,1.14048909830563,0.773156912750897,5.41456095925389,34.0005589506737
9.06934523809524,1.14087769375565,0.773305292883848,5.41197161563115,34.0017251564189
9.06944444444444,1.14126553588361,0.77345375916839,5.40938350983531,34.0028913244549
9.06954365079365,1.14165262608394,0.773602311155724,5.40679664127148,34.0040574543617
9.06964285714286,1.14203896574984,0.7737509483975,5.40421100934507,34.0052235457194
9.06974206349206,1.14242455625203,0.773899670454448,5.40162661346098,34.0063895981175
9.06984126984127,1.14280939386869,0.774048478959078,5.39904345283579,34.0075556132388
9.06994047619048,1.14319347572685,0.774197375194486,5.39646152673958,34.0087215924121
9.07003968253968,1.14357680274159,0.774346358900934,5.39388083459191,34.0098875354067
9.07013888888889,1.14395937582748,0.774495429818833,5.39130137581258,34.0110534419921
9.07023809523809,1.14434119589865,0.774644587688752,5.38872314982159,34.012219311938
9.0703373015873,1.14472226386872,0.774793832251406,5.3861461560392,34.0133851450141
9.07043650793651,1.14510258065082,0.774943163247667,5.38357039388588,34.0145509409904
9.07053571428571,1.14548214715761,0.775092580418556,5.3809958627823,34.0157166996369
9.07063492063492,1.14586096430125,0.775242083505249,5.3784225621494,34.0168824207239
9.07073412698413,1.14623903299345,0.775391672249076,5.37585049140827,34.0180481040217
9.07083333333333,1.14661635414539,0.77554134639151,5.37327964998036,34.0192137493008
9.07093253968254,1.14699292866779,0.775691105674186,5.37071003728721,34.0203793563319
9.07103174603175,1.14736875747089,0.775840949838888,5.36814165275064,34.0215449248858
9.07113095238095,1.14774384146443,0.775990878627552,5.3655744957927,34.0227104547333
9.07123015873016,1.14811818155767,0.776140891782267,5.36300856583565,34.0238759456456
9.07132936507936,1.1484917786594,0.776290989045274,5.36044386230197,34.0250413973939
9.07142857142857,1.1488646336779,0.776441170158965,5.35788038461438,34.0262068097496
9.07152777777778,1.14923674752099,0.776591434865887,5.35531813219582,34.0273721824841
9.07162698412698,1.149608121096,0.776741782908737,5.35275710446945,34.0285375153691
9.07172619047619,1.14997875530976,0.776892214030365,5.35019730085865,34.0297028081764
9.0718253968254,1.15034865106862,0.777042727973773,5.34763872078705,34.0308680606779
9.0719246031746,1.15071780927847,0.777193324482117,5.34508136367848,34.0320332726457
9.07202380952381,1.15108623084469,0.777344003298703,5.342525228957,34.033198443852
9.07212301587301,1.15145391667218,0.77749476416699,5.33997031604689,34.0343635740693
9.07222222222222,1.15182086766536,0.777645606830592,5.33741662437263,34.0355286630699
9.07232142857143,1.15218708472816,0.777796531033268,5.33486415335903,34.0366937106265
9.07242063492064,1.15255256876403,0.777947536518938,5.33231290243102,34.037858716512
9.07251984126984,1.15291732067594,0.778098623031669,5.32976287101377,34.0390236804992
9.07261904761905,1.15328134136636,0.778249790315682,5.32721405853269,34.0401886023613
9.07271825396825,1.1536446317373,0.77840103811535,5.32466646441343,34.0413534818714
9.07281746031746,1.15400719269027,0.778552366175198,5.32212008808184,34.042518318803
9.07291666666667,1.15436902512628,0.778703774239904,5.319574928964,34.0436831129295
9.07301587301587,1.15473012994589,0.778855262054299,5.31703098648622,34.0448478640245
9.07311507936508,1.15509050804915,0.779006829363363,5.31448826007503,34.046012571862
9.07321428571429,1.15545016033564,0.779158475912232,5.3119467491572,34.0471772362158
9.07331349206349,1.15580908770444,0.779310201446192,5.30940645315969,34.0483418568599
9.0734126984127,1.15616729105416,0.779462005710683,5.30686737150973,34.0495064335687
9.0735119047619,1.15652477128292,0.779613888451296,5.30432950363474,34.0506709661165
9.07361111111111,1.15688152928835,0.779765849413774,5.30179284896238,34.0518354542777
9.07371031746032,1.15723756596761,0.779917888344016,5.29925740692049,34.0529998978272
9.07380952380952,1.15759288221735,0.780070004988065,5.29672317693724,34.0541642965395
9.07390873015873,1.15794747893377,0.780222199092125,5.29419015844094,34.0553286501897
9.07400793650794,1.15830135701256,0.780374470402549,5.29165835086014,34.0564929585529
9.07410714285714,1.15865451734894,0.78052681866584,5.28912775362361,34.0576572214042
9.07420634920635,1.15900696083763,0.780679243628658,5.28659836616037,34.0588214385191
9.07430555555556,1.15935868837287,0.780831745037811,5.28407018789963,34.0599856096731
9.07440476190476,1.15970970084843,0.780984322640262,5.28154321827085,34.0611497346417
9.07450396825397,1.16005999915758,0.781136976183125,5.27901745670372,34.0623138132009
9.07460317460317,1.16040958419311,0.781289705413666,5.27649290262812,34.0634778451265
9.07470238095238,1.16075845684733,0.781442510079306,5.2739695554742,34.0646418301947
9.07480158730159,1.16110661801206,0.781595389927614,5.27144741467229,34.0658057681816
9.07490079365079,1.16145406857864,0.781748344706314,5.26892647965299,34.0669696588636
9.075,1.16180080943792,0.781901374163283,5.26640674984708,34.0681335020173
9.07509920634921,1.16214684148026,0.782054478046548,5.26388822468559,34.0692972974193
9.07519841269841,1.16249216559556,0.782207656104292,5.26137090359975,34.0704610448463
9.07529761904762,1.16283678267321,0.782360908084843,5.25885478602109,34.0716247440754
9.07539682539683,1.16318069360212,0.782514233736688,5.25633987138128,34.0727883948836
9.07549603174603,1.16352389927073,0.782667632808466,5.25382615911224,34.0739519970481
9.07559523809524,1.16386640056698,0.782821105048964,5.25131364864612,34.0751155503463
9.07569444444444,1.16420819837834,0.782974650207126,5.2488023394153,34.0762790545558
9.07579365079365,1.16454929359177,0.783128268032046,5.24629223085238,34.0774425094541
9.07589285714286,1.16488968709377,0.783281958272969,5.24378332239017,34.0786059148191
9.07599206349206,1.16522937977036,0.783435720679295,5.24127561346172,34.0797692704288
9.07609126984127,1.16556837250704,0.783589555000575,5.23876910350031,34.0809325760611
9.07619047619048,1.16590666618887,0.783743460986512,5.23626379193944,34.0820958314944
9.07628968253968,1.1662442617004,0.783897438386962,5.23375967821281,34.083259036507
9.07638888888889,1.16658115992569,0.784051486951933,5.23125676175439,34.0844221908774
9.07648809523809,1.16691736174834,0.784205606431584,5.22875504199834,34.0855852943843
9.0765873015873,1.16725286805144,0.78435979657623,5.22625451837906,34.0867483468064
9.07668650793651,1.16758767971761,0.784514057136336,5.22375519033113,34.0879113479228
9.07678571428571,1.16792179762898,0.784668387862515,5.22125705728947,34.0890742975125
9.07688492063492,1.16825522266719,0.78482278850554,5.21876011868911,34.0902371953547
9.07698412698413,1.16858795571342,0.784977258816331,5.21626437396534,34.0914000412289
9.07708333333333,1.16891999764834,0.785131798545963,5.21376982255369,34.0925628349145
9.07718253968254,1.16925134935215,0.785286407445663,5.21127646388989,34.0937255761911
9.07728174603175,1.16958201170455,0.785441085266808,5.20878429740992,34.0948882648387
9.07738095238095,1.16991198558476,0.78559583176093,5.20629332254996,34.096050900637
9.07748015873016,1.17024127187154,0.785750646679712,5.20380353874644,34.0972134833663
9.07757936507936,1.17056987144313,0.785905529774989,5.201314945436,34.0983760128068
9.07767857142857,1.17089778517731,0.78606048079875,5.1988275420555,34.0995384887388
9.07777777777778,1.17122501395137,0.786215499503134,5.19634132804203,34.1007009109428
9.07787698412698,1.1715515586421,0.786370585640433,5.19385630283292,34.1018632791996
9.07797619047619,1.17187742012583,0.786525738963094,5.19137246586569,34.1030255932898
9.0780753968254,1.17220259927838,0.786680959223711,5.18888981657812,34.1041878529945
9.0781746031746,1.17252709697512,0.786836246175038,5.18640835440816,34.1053500580948
9.07827380952381,1.1728509140909,0.786991599569971,5.1839280787941,34.1065122083718
9.07837301587302,1.1731740515001,0.787147019161565,5.18144898917433,34.107674303607
9.07847222222222,1.17349651007662,0.787302504703029,5.17897108498753,34.1088363435819
9.07857142857143,1.17381829069387,0.787458055947719,5.17649436567257,34.1099983280781
9.07867063492064,1.17413939422478,0.787613672649147,5.17401883066858,34.1111602568774
9.07876984126984,1.17445982154179,0.787769354560976,5.1715444794149,34.1123221297618
9.07886904761905,1.17477957351686,0.78792510143702,5.16907131135107,34.1134839465135
9.07896825396825,1.17509865102145,0.788080913031249,5.1665993259169,34.1146457069145
9.07906746031746,1.17541705492657,0.788236789097781,5.16412852255239,34.1158074107473
9.07916666666667,1.17573478610271,0.788392729390889,5.16165890069778,34.1169690577944
9.07926587301587,1.17605184541989,0.788548733664997,5.15919045979353,34.1181306478385
9.07936507936508,1.17636823374765,0.788704801674683,5.15672319928032,34.1192921806624
9.07946428571429,1.17668395195504,0.788860933174675,5.15425711859907,34.120453656049
9.07956349206349,1.17699900091063,0.789017127919855,5.1517922171909,34.1216150737815
9.0796626984127,1.1773133814825,0.789173385665259,5.14932849449716,34.122776433643
9.07976190476191,1.17762709453825,0.789329706166068,5.14686594995948,34.123937735417
9.07986111111111,1.17794014094498,0.789486089177623,5.14440458301964,34.1250989788869
9.07996031746032,1.17825252156933,0.789642534455415,5.14194439311968,34.1262601638364
9.08005952380952,1.17856423727744,0.789799041755086,5.13948537970186,34.1274212900494
9.08015873015873,1.17887528893497,0.789955610832432,5.13702754220865,34.1285823573097
9.08025793650794,1.1791856774071,0.7901122414434,5.13457088008276,34.1297433654016
9.08035714285714,1.17949540355852,0.79026893334409,5.13211539276713,34.1309043141091
9.08045634920635,1.17980446825343,0.790425686290754,5.12966107970492,34.1320652032168
9.08055555555556,1.18011287235555,0.790582500039796,5.12720794033949,34.133226032509
9.08065476190476,1.18042061672812,0.790739374347774,5.12475597411447,34.1343868017706
9.08075396825397,1.1807277022339,0.790896308971395,5.12230518047368,34.1355475107862
9.08085317460317,1.18103412973515,0.791053303667522,5.11985555886117,34.1367081593409
9.08095238095238,1.18133990009366,0.791210358193168,5.11740710872123,34.1378687472198
9.08105158730159,1.18164501417072,0.791367472305499,5.11495982949836,34.139029274208
9.08115079365079,1.18194947282716,0.791524645761834,5.11251372063726,34.140189740091
9.08125,1.18225327692329,0.791681878319641,5.11006878158294,34.1413501446543
9.08134920634921,1.18255642731896,0.791839169736544,5.10762501178055,34.1425104876835
9.08144841269841,1.18285892487355,0.791996519770319,5.1051824106755,34.1436707689645
9.08154761904762,1.18316077044592,0.792153928178892,5.10274097771342,34.1448309882832
9.08164682539683,1.18346196489446,0.792311394720343,5.10030071234014,34.1459911454258
9.08174603174603,1.18376250907709,0.792468919152904,5.09786161400176,34.1471512401784
9.08184523809524,1.18406240385123,0.79262650123496,5.09542368214458,34.1483112723274
9.08194444444444,1.18436165007381,0.792784140725046,5.09298691621511,34.1494712416594
9.08204365079365,1.18466024860129,0.792941837381853,5.09055131566012,34.1506311479611
9.08214285714286,1.18495820028964,0.79309959096422,5.08811687992657,34.1517909910191
9.08224206349206,1.18525550599435,0.793257401231141,5.08568360846168,34.1529507706206
9.08234126984127,1.18555216657041,0.793415267941763,5.08325150071285,34.1541104865527
9.08244047619048,1.18584818287235,0.793573190855382,5.08082055612774,34.1552701386024
9.08253968253968,1.18614355575419,0.79373116973145,5.07839077415424,34.1564297265573
9.08263888888889,1.18643828606949,0.79388920432957,5.07596215424039,34.1575892502048
9.0827380952381,1.1867323746713,0.794047294409494,5.0735346958346,34.1587487093327
9.0828373015873,1.18702582241221,0.794205439731132,5.07110839838537,34.1599081037287
9.08293650793651,1.1873186301443,0.794363640054541,5.06868326134148,34.1610674331808
9.08303571428571,1.18761079871919,0.794521895139935,5.06625928415194,34.1622266974771
9.08313492063492,1.187902328988,0.794680204747677,5.06383646626595,34.1633858964059
9.08323412698413,1.18819322180137,0.794838568638284,5.06141480713296,34.1645450297554
9.08333333333333,1.18848347800946,0.794996986572424,5.05899430620266,34.1657040973144
9.08343253968254,1.18877309846195,0.795155458310919,5.05657496292493,34.1668630988713
9.08353174603175,1.18906208400801,0.795313983614741,5.05415677674989,34.1680220342151
9.08363095238095,1.18935043549635,0.795472562245016,5.0517397471279,34.1691809031347
9.08373015873016,1.18963815377519,0.795631193963023,5.04932387350951,34.1703397054193
9.08382936507936,1.18992523969226,0.79578987853019,5.04690915534553,34.1714984408579
9.08392857142857,1.19021169409481,0.795948615708101,5.04449559208697,34.1726571092401
9.08402777777778,1.19049751782961,0.79610740525849,5.04208318318509,34.1738157103554
9.08412698412699,1.19078271174294,0.796266246943247,5.0396719280913,34.1749742439934
9.08422619047619,1.19106727668059,0.796425140524406,5.03726182625738,34.176132709944
9.0843253968254,1.19135121348786,0.796584085764161,5.03485287713521,34.177291107997
9.0844246031746,1.1916345230096,0.796743082424857,5.03244508017693,34.1784494379427
9.08452380952381,1.19191720609014,0.796902130268989,5.0300384348349,34.1796076995713
9.08462301587302,1.19219926357334,0.797061229059206,5.02763294056173,34.1807658926731
9.08472222222222,1.19248069630258,0.797220378558309,5.02522859681022,34.1819240170387
9.08482142857143,1.19276150512073,0.797379578529251,5.02282540303342,34.1830820724588
9.08492063492064,1.19304169087021,0.797538828735137,5.0204233586846,34.1842400587241
9.08501984126984,1.19332125439294,0.797698128939225,5.01802246321723,34.1853979756257
9.08511904761905,1.19360019653035,0.797857478904924,5.01562271608505,34.1865558229546
9.08521825396825,1.19387851812339,0.798016878395798,5.01322411674198,34.1877136005022
9.08531746031746,1.19415622001252,0.798176327175561,5.0108266646422,34.1888713080597
9.08541666666667,1.19443330303774,0.79833582500808,5.00843035924009,34.1900289454187
9.08551587301587,1.19470976803854,0.798495371657373,5.00603519999027,34.1911865123709
9.08561507936508,1.19498561585393,0.798654966887616,5.00364118634754,34.1923440087082
9.08571428571429,1.19526084732244,0.798814610463126,5.00124831776703,34.1935014342224
9.08581349206349,1.19553546328211,0.798974302148382,4.99885659370399,34.1946587887057
9.0859126984127,1.1958094645705,0.799134041708012,4.99646601361394,34.1958160719503
9.08601190476191,1.19608285202469,0.799293828906798,4.99407657695261,34.1969732837486
9.08611111111111,1.19635562648127,0.799453663509672,4.99168828317598,34.1981304238932
9.08621031746032,1.19662778877634,0.799613545281719,4.98930113174021,34.1992874921767
9.08630952380952,1.19689933974553,0.799773473988178,4.98691512210172,34.200444488392
9.08640873015873,1.19717028022397,0.799933449394437,4.98453025371716,34.201601412332
9.08650793650794,1.19744061104632,0.800093471266039,4.98214652604337,34.2027582637899
9.08660714285714,1.19771033304674,0.800253539368678,4.97976393853745,34.2039150425588
9.08670634920635,1.19797944705891,0.800413653468201,4.9773824906567,34.2050717484322
9.08680555555556,1.19824795391605,0.800573813330608,4.97500218185865,34.2062283812036
9.08690476190476,1.19851585445085,0.800734018722048,4.97262301160108,34.2073849406666
9.08700396825397,1.19878314949556,0.800894269408827,4.97024497934195,34.2085414266152
9.08710317460318,1.19904983988191,0.801054565157402,4.96786808453945,34.2096978388433
9.08720238095238,1.19931592644117,0.801214905734377,4.96549232665207,34.2108541771449
9.08730158730159,1.19958141000411,0.801375290906514,4.96311770513844,34.2120104413144
9.08740079365079,1.19984629140104,0.801535720440727,4.96074421945743,34.2131666311461
9.0875,1.20011057146174,0.80169619410408,4.95837186906817,34.2143227464346
9.08759920634921,1.20037425101555,0.801856711663791,4.95600065342997,34.2154787869745
9.08769841269841,1.20063733089131,0.80201727288723,4.95363057200239,34.2166347525607
9.08779761904762,1.20089981191738,0.802177877541918,4.95126162424522,34.2177906429882
9.08789682539683,1.20116169492161,0.80233852539553,4.94889380961846,34.218946458052
9.08799603174603,1.20142298073139,0.802499216215892,4.94652712758234,34.2201021975474
9.08809523809524,1.20168367017364,0.802659949770984,4.94416157759731,34.2212578612698
9.08819444444444,1.20194376407476,0.802820725828936,4.94179715912406,34.2224134490147
9.08829365079365,1.20220326326068,0.802981544158031,4.93943387162348,34.2235689605779
9.08839285714286,1.20246216855685,0.803142404526707,4.93707171455671,34.2247243957551
9.08849206349206,1.20272048078824,0.80330330670355,4.93471068738509,34.2258797543423
9.08859126984127,1.20297820077933,0.803464250457303,4.93235078957019,34.2270350361356
9.08869047619048,1.2032353293541,0.803625235556855,4.92999202057385,34.2281902409314
9.08878968253968,1.20349186733607,0.803786261771252,4.92763437985808,34.2293453685259
9.08888888888889,1.20374781554826,0.803947328869692,4.92527786688512,34.2305004187157
9.0889880952381,1.20400317481322,0.804108436621525,4.92292248111746,34.2316553912975
9.0890873015873,1.20425794595299,0.804269584796251,4.9205682220178,34.2328102860682
9.08918650793651,1.20451212978915,0.804430773163526,4.91821508904906,34.2339651028247
9.08928571428571,1.20476572714279,0.804592001493155,4.91586308167438,34.235119841364
9.08938492063492,1.20501873883451,0.804753269555098,4.91351219935716,34.2362745014836
9.08948412698413,1.20527116568443,0.804914577119466,4.91116244156098,34.2374290829807
9.08958333333333,1.20552300851218,0.805075923956521,4.90881380774967,34.2385835856529
9.08968253968254,1.20577426813691,0.805237309836679,4.90646629738728,34.2397380092979
9.08978174603175,1.20602494537728,0.805398734530508,4.90411990993808,34.2408923537136
9.08988095238095,1.20627504105148,0.805560197808729,4.90177464486657,34.2420466186978
9.08998015873016,1.2065245559772,0.805721699442214,4.89943050163748,34.2432008040488
9.09007936507937,1.20677349097166,0.805883239201989,4.89708747971571,34.2443549095647
9.09017857142857,1.20702184685157,0.806044816859228,4.89474557856652,34.245508935044
9.09027777777778,1.20726962443318,0.806206432185262,4.89240479765525,34.2466628802852
9.09037698412699,1.20751682453225,0.806368084951573,4.89006513644753,34.247816745087
9.09047619047619,1.20776344796405,0.806529774929795,4.88772659440921,34.2489705292483
9.0905753968254,1.20800949554338,0.806691501891713,4.88538917100636,34.2501242325679
9.0906746031746,1.20825496808453,0.806853265609268,4.88305286570528,34.251277854845
9.09077380952381,1.20849986640132,0.807015065854548,4.88071767797247,34.252431395879
9.09087301587302,1.20874419130709,0.807176902399798,4.8783836072747,34.2535848554691
9.09097222222222,1.20898794361469,0.807338775017413,4.87605065307893,34.2547382334149
9.09107142857143,1.20923112413649,0.807500683479941,4.87371881485234,34.2558915295162
9.09117063492064,1.20947373368437,0.807662627560081,4.87138809206237,34.2570447435727
9.09126984126984,1.20971577306973,0.807824607030686,4.86905848417666,34.2581978753844
9.09136904761905,1.20995724310347,0.807986621664761,4.86672999066306,34.2593509247514
9.09146825396825,1.21019814459603,0.808148671235463,4.86440261098968,34.2605038914741
9.09156746031746,1.21043847835736,0.808310755516103,4.8620763446248,34.2616567753527
9.09166666666667,1.21067824519691,0.808472874280138,4.85975119103702,34.2628095761879
9.09176587301587,1.21091744592365,0.808635027301184,4.85742714969509,34.2639622937803
9.09186507936508,1.21115608134607,0.808797214353007,4.85510422006799,34.2651149279308
9.09196428571429,1.21139415227219,0.808959435209526,4.85278240162493,34.2662674784404
9.09206349206349,1.21163165950952,0.809121689644811,4.85046169383536,34.2674199451101
9.0921626984127,1.21186860386511,0.809283977433086,4.84814209616895,34.2685723277412
9.09226190476191,1.21210498614549,0.809446298348725,4.84582360809557,34.2697246261352
9.09236111111111,1.21234080715675,0.809608652166257,4.84350622908536,34.2708768400935
9.09246031746032,1.21257606770446,0.80977103866036,4.84118995860864,34.2720289694179
9.09255952380952,1.21281076859373,0.809933457605868,4.83887479613598,34.2731810139102
9.09265873015873,1.21304491062916,0.810095908777764,4.83656074113817,34.2743329733724
9.09275793650794,1.2132784946149,0.810258391951186,4.83424779308622,34.2754848476066
9.09285714285714,1.21351152135457,0.810420906901423,4.83193595145137,34.276636636415
9.09295634920635,1.21374399165136,0.810583453403915,4.82962521570508,34.2777883396001
9.09305555555556,1.21397590630793,0.810746031234259,4.82731558531901,34.2789399569645
9.09315476190476,1.21420726612646,0.810908640168197,4.82500705976513,34.2800914883108
9.09325396825397,1.21443807190869,0.811071279981628,4.82269963851554,34.2812429334418
9.09335317460318,1.21466832445581,0.811233950450603,4.82039332104261,34.2823942921605
9.09345238095238,1.21489802456858,0.811396651351326,4.81808810681893,34.2835455642701
9.09355158730159,1.21512717304725,0.811559382460151,4.8157839953173,34.2846967495738
9.09365079365079,1.21535577069158,0.811722143553585,4.81348098601075,34.285847847875
9.09375,1.21558381830087,0.811884934408289,4.81117907837256,34.2869988589773
9.09384920634921,1.21581131667391,0.812047754801075,4.80887827187619,34.2881497826844
9.09394841269841,1.21603826660903,0.812210604508906,4.80657856599537,34.2893006188
9.09404761904762,1.21626466890404,0.812373483308899,4.80427996020401,34.2904513671283
9.09414682539682,1.2164905243563,0.812536390978324,4.80198245397629,34.2916020274732
9.09424603174603,1.21671583376268,0.812699327294601,4.79968604678659,34.2927525996392
9.09434523809524,1.21694059791955,0.812862292035304,4.7973907381095,34.2939030834305
9.09444444444444,1.2171648176228,0.813025284978159,4.79509652741987,34.2950534786517
9.09454365079365,1.21738849366784,0.813188305901046,4.79280341419272,34.2962037851076
9.09464285714286,1.2176116268496,0.813351354581991,4.79051139790339,34.297354002603
9.09474206349206,1.21783421796253,0.813514430799179,4.78822047802736,34.2985041309428
9.09484126984127,1.21805626780056,0.813677534330944,4.78593065404036,34.2996541699321
9.09494047619048,1.21827777715719,0.813840664955775,4.78364192541834,34.3008041193764
9.09503968253968,1.21849874682538,0.814003822452311,4.78135429163749,34.3019539790808
9.09513888888889,1.21871917759765,0.814167006599343,4.7790677521742,34.3031037488511
9.09523809523809,1.21893907026602,0.814330217175816,4.77678230650511,34.3042534284929
9.0953373015873,1.21915842562201,0.814493453960826,4.77449795410707,34.305403017812
9.09543650793651,1.21937724445668,0.814656716733622,4.77221469445716,34.3065525166145
9.09553571428571,1.21959552756059,0.814820005273605,4.76993252703269,34.3077019247064
9.09563492063492,1.21981327572383,0.814983319360328,4.76765145131117,34.3088512418941
9.09573412698413,1.22003048973598,0.815146658773497,4.76537146677037,34.3100004679838
9.09583333333333,1.22024717038615,0.81531002329297,4.76309257288826,34.3111496027823
9.09593253968254,1.22046331846298,0.815473412698758,4.76081476914304,34.3122986460962
9.09603174603175,1.22067893475461,0.815636826771024,4.75853805501311,34.3134475977323
9.09613095238095,1.2208940200487,0.815800265290079,4.75626242997718,34.3145964574976
9.09623015873016,1.22110857513241,0.815963728036393,4.7539878935141,34.3157452251992
9.09632936507936,1.22132260079243,0.816127214790585,4.75171444510296,34.3168939006445
9.09642857142857,1.22153609781498,0.816290725333427,4.74944208422309,34.3180424836408
9.09652777777778,1.22174906698576,0.816454259445842,4.74717081035404,34.3191909739956
9.09662698412698,1.22196150909002,0.816617816908908,4.74490062297558,34.3203393715168
9.09672619047619,1.22217342491251,0.816781397503852,4.74263152156772,34.3214876760121
9.0968253968254,1.22238481523749,0.816945001012055,4.74036350561068,34.3226358872895
9.0969246031746,1.22259568084874,0.817108627215052,4.7380965745849,34.3237840051571
9.09702380952381,1.22280602252957,0.817272275894526,4.73583072797106,34.3249320294233
9.09712301587301,1.22301584106277,0.817435946832316,4.73356596525005,34.3260799598963
9.09722222222222,1.2232251372307,0.817599639810413,4.73130228590301,34.3272277963849
9.09732142857143,1.22343391181517,0.817763354610958,4.72903968941126,34.3283755386977
9.09742063492063,1.22364216559757,0.817927091016245,4.7267781752564,34.3295231866435
9.09751984126984,1.22384989935875,0.818090848808726,4.72451774292017,34.3306707400313
9.09761904761905,1.22405711387912,0.818254627770993,4.72225839188467,34.3318181986703
9.09771825396825,1.22426380993857,0.818418427685801,4.72000012163211,34.3329655623697
9.09781746031746,1.22446998831653,0.818582248336053,4.71774293164496,34.3341128309389
9.09791666666667,1.22467564979193,0.818746089504807,4.7154868214059,34.3352600041875
9.09801587301587,1.22488079514324,0.81890995097527,4.71323179039788,34.3364070819253
9.09811507936508,1.22508542514841,0.819073832530802,4.71097783810402,34.337554063962
9.09821428571429,1.22528954058492,0.819237733954918,4.70872496400769,34.3387009501076
9.09831349206349,1.22549314222979,0.819401655031282,4.70647316759249,34.3398477401723
9.0984126984127,1.22569623085952,0.819565595543712,4.70422244834224,34.3409944339664
9.0985119047619,1.22589880725014,0.819729555276178,4.70197280574098,34.3421410313002
9.09861111111111,1.2261008721772,0.819893534012803,4.69972423927297,34.3432875319843
9.09871031746032,1.22630242641576,0.820057531537859,4.69747674842271,34.3444339358295
9.09880952380952,1.22650347074039,0.820221547635775,4.69523033267492,34.3455802426465
9.09890873015873,1.2267040059252,0.82038558209113,4.69298499151454,34.3467264522464
9.09900793650794,1.22690403274378,0.820549634688657,4.69074072442669,34.3478725644403
9.09910714285714,1.22710355196926,0.820713705213235,4.68849753089684,34.3490185790395
9.09920634920635,1.22730256437427,0.820877793449903,4.68625541041056,34.3501644958554
9.09930555555556,1.22750107073098,0.821041899183849,4.68401436245371,34.3513103146996
9.09940476190476,1.22769907181105,0.821206022200413,4.68177438651233,34.3524560353837
9.09950396825397,1.22789656838567,0.821370162285089,4.67953548207273,34.3536016577196
9.09960317460317,1.22809356122553,0.821534319223521,4.6772976486214,34.3547471815193
9.09970238095238,1.22829005110085,0.821698492801507,4.67506088564511,34.355892606595
9.09980158730159,1.22848603878138,0.821862682804997,4.6728251926308,34.3570379327589
9.09990079365079,1.22868152503634,0.822026889020093,4.67059056906566,34.3581831598234
9.1,1.22887651063451,0.822191111233049,4.66835701443711,34.3593282876011
9.10009920634921,1.22907099634416,0.822355349230272,4.66612452823278,34.3604733159047
9.10019841269841,1.2292649829331,0.82251960279832,4.66389310994053,34.3616182445471
9.10029761904762,1.22945847116861,0.822683871723906,4.66166275904846,34.3627630733413
9.10039682539682,1.22965146181754,0.822848155793892,4.65943347504486,34.3639078021003
9.10049603174603,1.22984395564623,0.823012454795296,4.65720525741826,34.3650524306376
9.10059523809524,1.23003595342052,0.823176768515283,4.65497810565746,34.3661969587664
9.10069444444444,1.23022745590579,0.823341096741175,4.65275201925143,34.3673413863003
9.10079365079365,1.23041846386692,0.823505439260445,4.65052699768936,34.3684857130532
9.10089285714286,1.23060897806832,0.823669795860717,4.64830304046071,34.3696299388387
9.10099206349206,1.23079899927392,0.823834166329769,4.64608014705511,34.370774063471
9.10109126984127,1.23098852824713,0.823998550455531,4.64385831696247,34.3719180867641
9.10119047619048,1.23117756575091,0.824162948026085,4.64163754967288,34.3730620085323
9.10128968253968,1.23136611254772,0.824327358829664,4.63941784467668,34.3742058285901
9.10138888888889,1.23155416939955,0.824491782654655,4.63719920146443,34.375349546752
9.10148809523809,1.23174173706788,0.824656219289597,4.63498161952691,34.3764931628328
9.1015873015873,1.23192881631374,0.824820668523182,4.63276509835512,34.3776366766472
9.10168650793651,1.23211540789764,0.824985130144251,4.6305496374403,34.3787800880103
9.10178571428571,1.23230151257963,0.825149603941802,4.6283352362739,34.3799233967373
9.10188492063492,1.23248713111927,0.825314089704983,4.6261218943476,34.3810666026433
9.10198412698413,1.23267226427563,0.825478587223094,4.62390961115328,34.3822097055439
9.10208333333333,1.2328569128073,0.825643096285586,4.62169838618313,34.3833527052546
9.10218253968254,1.23304107747238,0.825807616682064,4.61948821892948,34.3844956015911
9.10228174603175,1.23322475902849,0.825972148202286,4.61727910888489,34.3856383943692
9.10238095238095,1.23340795823277,0.826136690636162,4.61507105554218,34.386781083405
9.10248015873016,1.23359067584186,0.826301243773753,4.61286405839438,34.3879236685146
9.10257936507936,1.23377291261194,0.826465807405273,4.61065811693473,34.3890661495143
9.10267857142857,1.23395466929869,0.826630381321088,4.60845323065672,34.3902085262205
9.10277777777778,1.2341359466573,0.826794965311718,4.60624939905405,34.3913507984498
9.10287698412698,1.23431674544248,0.826959559167833,4.60404662162064,34.3924929660188
9.10297619047619,1.23449706640847,0.827124162680257,4.60184489785065,34.3936350287446
9.1030753968254,1.23467691030901,0.827288775639964,4.59964422723845,34.3947769864439
9.1031746031746,1.23485627789735,0.827453397838083,4.59744460927865,34.3959188389341
9.10327380952381,1.23503516992628,0.827618029065893,4.59524604346607,34.3970605860324
9.10337301587301,1.23521358714807,0.827782669114828,4.59304852929576,34.3982022275561
9.10347222222222,1.23539153031455,0.827947317776474,4.59085206626296,34.3993437633229
9.10357142857143,1.23556900017703,0.828111974842564,4.58865665386324,34.4004851931506
9.10367063492064,1.23574599748634,0.828276640104989,4.58646229159229,34.4016265168568
9.10376984126984,1.23592252299284,0.828441313355791,4.58426897894605,34.4027677342598
9.10386904761905,1.2360985774464,0.828605994387164,4.58207671542071,34.4039088451775
9.10396825396825,1.2362741615964,0.828770682991453,4.57988550051266,34.4050498494283
9.10406746031746,1.23644927619173,0.828935378961158,4.57769533371852,34.4061907468306
9.10416666666667,1.23662392198083,0.829100082088929,4.57550621453514,34.4073315372029
9.10426587301587,1.2367980997116,0.82926479216757,4.5733181424596,34.4084722203641
9.10436507936508,1.2369718101315,0.829429508990035,4.57113111698918,34.409612796133
9.10446428571429,1.2371450539875,0.829594232349432,4.56894513762141,34.4107532643284
9.10456349206349,1.23731783202606,0.829758962039021,4.56676020385405,34.4118936247698
9.1046626984127,1.23749014499318,0.829923697852215,4.56457631518505,34.4130338772761
9.1047619047619,1.23766199363436,0.830088439582578,4.56239347111261,34.4141740216671
9.10486111111111,1.23783337869464,0.830253187023827,4.56021167113516,34.4153140577621
9.10496031746032,1.23800430091854,0.830417939969833,4.55803091475131,34.4164539853809
9.10505952380952,1.23817476105013,0.830582698214613,4.55585120145998,34.4175938043434
9.10515873015873,1.23834475983296,0.830747461552344,4.55367253076024,34.4187335144696
9.10525793650794,1.23851429801014,0.83091222977735,4.55149490215142,34.4198731155796
9.10535714285714,1.23868337632425,0.831077002684112,4.54931831513305,34.4210126074937
9.10545634920635,1.23885199551741,0.831241780067258,4.5471427692049,34.4221519900324
9.10555555555556,1.23902015633127,0.831406561721573,4.54496826386696,34.4232912630162
9.10565476190476,1.23918785950695,0.831571347441991,4.54279479861946,34.4244304262659
9.10575396825397,1.23935510578513,0.831736137023599,4.54062237296283,34.4255694796022
9.10585317460317,1.23952189590598,0.831900930261639,4.53845098639774,34.4267084228462
9.10595238095238,1.2396882306092,0.832065726951501,4.53628063842508,34.4278472558192
9.10605158730159,1.23985411063399,0.83223052688873,4.53411132854596,34.4289859783422
9.10615079365079,1.24001953671909,0.832395329869023,4.53194305626174,34.4301245902369
9.10625,1.24018450960273,0.832560135688229,4.52977582107397,34.4312630913247
9.10634920634921,1.24034903002267,0.832724944142348,4.52760962248444,34.4324014814273
9.10644841269841,1.24051309871618,0.832889755027538,4.52544445999513,34.4335397603668
9.10654761904762,1.24067671642004,0.833054568140099,4.52328033310836,34.4346779279649
9.10664682539683,1.24083988387056,0.833219383276492,4.52111724132654,34.435815984044
9.10674603174603,1.24100260180355,0.833384200233327,4.51895518415237,34.4369539284263
9.10684523809524,1.24116487095436,0.833549018807367,4.51679416108876,34.4380917609341
9.10694444444444,1.24132669205782,0.833713838795527,4.51463417163885,34.4392294813902
9.10704365079365,1.24148806584831,0.833878659994874,4.512475215306,34.4403670896173
9.10714285714286,1.2416489930597,0.834043482202628,4.5103172915938,34.4415045854381
9.10724206349206,1.24180947442538,0.834208305216161,4.50816040000606,34.4426419686757
9.10734126984127,1.24196951067828,0.834373128832998,4.50600454004681,34.4437792391533
9.10744047619048,1.24212910255081,0.834537952850814,4.50384971122032,34.4449163966941
9.10753968253968,1.24228825077492,0.834702777067438,4.50169591303108,34.4460534411215
9.10763888888889,1.24244695608207,0.834867601280853,4.49954314498378,34.4471903722593
9.10773809523809,1.24260521920322,0.83503242528919,4.49739140658338,34.448327189931
9.1078373015873,1.24276304086888,0.835197248890736,4.49524069733502,34.4494638939606
9.10793650793651,1.24292042180903,0.835362071883932,4.49309101674406,34.4506004841721
9.10803571428571,1.2430773627532,0.835526894067362,4.49094236431618,34.4517369603895
9.10813492063492,1.24323386443043,0.835691715239772,4.48879473955716,34.4528733224373
9.10823412698413,1.24338992756927,0.835856535200057,4.48664814197308,34.4540095701398
9.10833333333333,1.24354555289777,0.836021353747263,4.48450257107021,34.4551457033217
9.10843253968254,1.24370074114353,0.836186170680591,4.48235802635506,34.4562817218075
9.10853174603175,1.24385549303365,0.836350985799392,4.48021450733437,34.4574176254224
9.10863095238095,1.24400980929472,0.83651579890317,4.47807201351509,34.4585534139911
9.10873015873016,1.24416369065289,0.836680609791582,4.4759305444044,34.4596890873389
9.10882936507936,1.2443171378338,0.836845418264436,4.47379009950971,34.4608246452912
9.10892857142857,1.2444701515626,0.837010224121694,4.47165067833864,34.4619600876732
9.10902777777778,1.24462273256397,0.837175027163468,4.46951228039906,34.4630954143106
9.10912698412698,1.2447748815621,0.837339827190024,4.46737490519905,34.4642306250292
9.10922619047619,1.2449265992807,0.83750462400178,4.4652385522469,34.4653657196548
9.1093253968254,1.24507788644298,0.837669417399306,4.46310322105115,34.4665006980134
9.1094246031746,1.2452287437717,0.837834207183327,4.46096891112052,34.4676355599311
9.10952380952381,1.24537917198908,0.837998993154713,4.45883562196405,34.4687703052343
9.10962301587302,1.24552917181691,0.838163775114494,4.45670335309091,34.4699049337495
9.10972222222222,1.24567874397647,0.838328552863848,4.45457210401054,34.4710394453031
9.10982142857143,1.24582788918855,0.838493326204107,4.45244187423257,34.4721738397219
9.10992063492064,1.24597660817348,0.838658094936756,4.4503126632669,34.4733081168328
9.11001984126984,1.24612490165108,0.83882285886343,4.44818447062362,34.4744422764629
9.11011904761905,1.24627277034069,0.838987617785918,4.44605729581306,34.4755763184392
9.11021825396825,1.24642021496118,0.839152371506161,4.44393113834577,34.476710242589
9.11031746031746,1.24656723623093,0.839317119826252,4.44180599773253,34.4778440487399
9.11041666666667,1.24671383486782,0.839481862548437,4.43968187348433,34.4789777367193
9.11051587301587,1.24686001158926,0.839646599475112,4.4375587651124,34.4801113063551
9.11061507936508,1.24700576711218,0.839811330408829,4.43543667212819,34.481244757475
9.11071428571429,1.24715110215302,0.839976055152288,4.43331559404338,34.4823780899072
9.11081349206349,1.24729601742773,0.840140773508346,4.43119553036986,34.4835113034797
9.1109126984127,1.24744051365177,0.840305485280011,4.42907648061973,34.4846443980209
9.11101190476191,1.24758459154014,0.840470190270438,4.42695844430539,34.4857773733592
9.11111111111111,1.24772825180733,0.84063488828294,4.4248414209394,34.4869102293231
9.11121031746032,1.24787149516736,0.840799579120981,4.42272541003453,34.4880429657415
9.11130952380952,1.24801432233377,0.840964262588178,4.42061041110383,34.4891755824433
9.11140873015873,1.24815673401959,0.841128938488299,4.41849642366053,34.4903080792573
9.11150793650794,1.2482987309374,0.841293606625264,4.41638344721811,34.4914404560128
9.11160714285714,1.24844031379927,0.841458266803146,4.41427148129026,34.4925727125391
9.11170634920635,1.24858148331679,0.841622918826171,4.41216052539091,34.4937048486656
9.11180555555556,1.24872224020107,0.841787562498715,4.41005057903419,34.4948368642219
9.11190476190476,1.24886258516274,0.84195219762531,4.40794164173448,34.4959687590378
9.11200396825397,1.24900251891194,0.842116824010638,4.40583371300638,34.497100532943
9.11210317460317,1.24914204215832,0.842281441459531,4.4037267923647,34.4982321857678
9.11220238095238,1.24928115561106,0.842446049776978,4.40162087932449,34.4993637173421
9.11230158730159,1.24941985997884,0.842610648768117,4.39951597340101,34.5004951274963
9.11240079365079,1.24955815596987,0.842775238238243,4.39741207410973,34.5016264160609
9.1125,1.24969604429185,0.842939817992793,4.39530918096643,34.5027575828664
9.11259920634921,1.24983352565204,0.843104387837366,4.39320729348702,34.5038886277436
9.11269841269841,1.24997060075716,0.843268947577711,4.39110641118766,34.5050195505234
9.11279761904762,1.2501072703135,0.843433497019728,4.38900653358476,34.5061503510367
9.11289682539683,1.25024353502682,0.843598035969469,4.38690766019492,34.5072810291147
9.11299603174603,1.25037939560243,0.84376256423314,4.38480979053499,34.5084115845888
9.11309523809524,1.25051485274513,0.843927081617099,4.38271292412203,34.5095420172904
9.11319444444444,1.25064990715925,0.844091587927854,4.38061706047333,34.510672327051
9.11329365079365,1.25078455954864,0.844256082972068,4.37852219910641,34.5118025137025
9.11339285714286,1.25091881061665,0.844420566556556,4.37642833953901,34.5129325770767
9.11349206349206,1.25105266106615,0.844585038488283,4.37433548128909,34.5140625170055
9.11359126984127,1.25118611159954,0.844749498574369,4.37224362387484,34.5151923333213
9.11369047619048,1.25131916291871,0.844913946622085,4.37015276681468,34.5163220258562
9.11378968253968,1.25145181572508,0.845078382438853,4.36806290962724,34.5174515944428
9.11388888888889,1.2515840707196,0.845242805832253,4.36597405183136,34.5185810389136
9.1139880952381,1.25171592860271,0.845407216610008,4.36388619294619,34.5197103591013
9.1140873015873,1.25184739007438,0.845571614580001,4.361799332491,34.5208395548389
9.11418650793651,1.25197845583408,0.845735999550263,4.35971346998533,34.5219686259594
9.11428571428571,1.25210912658083,0.84590037132898,4.35762860494895,34.5230975722959
9.11438492063492,1.25223940301312,0.84606472972449,4.35554473690184,34.5242263936817
9.11448412698413,1.25236928582899,0.846229074545282,4.35346186536421,34.5253550899503
9.11458333333333,1.25249877572597,0.846393405599997,4.3513799898565,34.5264836609353
9.11468253968254,1.25262787340114,0.84655772269743,4.34929910989938,34.5276121064704
9.11478174603175,1.25275657955107,0.846722025646527,4.34721922501371,34.5287404263896
9.11488095238095,1.25288489487184,0.846886314256386,4.34514033472061,34.5298686205267
9.11498015873016,1.25301282005906,0.84705058833626,4.34306243854143,34.5309966887161
9.11507936507936,1.25314035580785,0.847214847695551,4.34098553599771,34.5321246307919
9.11517857142857,1.25326750281285,0.847379092143815,4.33890962661124,34.5332524465887
9.11527777777778,1.25339426176821,0.84754332149076,4.33683470990402,34.5343801359411
9.11537698412699,1.2535206333676,0.847707535546248,4.33476078539827,34.5355076986838
9.11547619047619,1.25364661830421,0.847871734120287,4.33268785261649,34.5366351346516
9.1155753968254,1.25377221727072,0.848035917023044,4.33061591108134,34.5377624436796
9.1156746031746,1.25389743095936,0.848200084064836,4.32854496031573,34.538889625603
9.11577380952381,1.25402226006185,0.848364235056133,4.32647499984279,34.5400166802571
9.11587301587302,1.25414670526945,0.848528369807557,4.32440602918587,34.5411436074774
9.11597222222222,1.2542707672729,0.84869248812988,4.32233804786856,34.5422704070993
9.11607142857143,1.2543944467625,0.848856589834031,4.32027105541465,34.5433970789587
9.11617063492064,1.25451774442802,0.849020674731086,4.31820505134819,34.5445236228915
9.11626984126984,1.25464066095878,0.849184742632278,4.31614003519342,34.5456500387337
9.11636904761905,1.25476319704361,0.849348793348988,4.31407600647482,34.5467763263214
9.11646825396825,1.25488535337083,0.849512826692754,4.3120129647171,34.547902485491
9.11656746031746,1.2550071306283,0.849676842475261,4.30995090944518,34.5490285160789
9.11666666666667,1.25512852950339,0.849840840508351,4.30788984018422,34.5501544179217
9.11676587301587,1.255249550683,0.850004820604016,4.30582975645961,34.5512801908562
9.11686507936508,1.25537019485351,0.850168782574402,4.3037706577969,34.5524058347192
9.11696428571429,1.25549046270084,0.850332726231803,4.30171254372198,34.5535313493478
9.11706349206349,1.25561035491043,0.850496651388669,4.29965541376089,34.5546567345792
9.1171626984127,1.25572987216723,0.850660557857602,4.29759926743989,34.5557819902506
9.11726190476191,1.25584901515569,0.850824445451356,4.29554410428548,34.5569071161995
9.11736111111111,1.25596778455979,0.850988313982836,4.2934899238244,34.5580321122636
9.11746031746032,1.25608618106303,0.851152163265103,4.29143672558359,34.5591569782805
9.11755952380952,1.25620420534841,0.851315993111365,4.28938450909023,34.5602817140882
9.11765873015873,1.25632185809846,0.851479803334986,4.28733327387171,34.5614063195246
9.11775793650794,1.25643913999523,0.851643593749482,4.28528301945566,34.562530794428
9.11785714285714,1.25655605172026,0.85180736416852,4.28323374536993,34.5636551386367
9.11795634920635,1.25667259395464,0.851971114405919,4.2811854511426,34.5647793519891
9.11805555555556,1.25678876737893,0.852134844275653,4.27913813630196,34.5659034343238
9.11815476190476,1.25690457267325,0.852298553591845,4.27709180037653,34.5670273854796
9.11825396825397,1.25702001051722,0.852462242168773,4.27504644289506,34.5681512052954
9.11835317460318,1.25713508158997,0.852625909820867,4.27300206338651,34.5692748936102
9.11845238095238,1.25724978657014,0.852789556362704,4.2709586613801,34.5703984502631
9.11855158730159,1.25736412613591,0.852953181609022,4.26891623640526,34.5715218750935
9.11865079365079,1.25747810096494,0.853116785374704,4.26687478799161,34.5726451679409
9.11875,1.25759171173444,0.85328036747479,4.26483431566903,34.5737683286448
9.11884920634921,1.25770495912112,0.85344392772447,4.26279481896762,34.5748913570449
9.11894841269841,1.2578178438012,0.853607465939087,4.26075629741769,34.5760142529813
9.11904761904762,1.25793036645043,0.853770981934136,4.25871875054979,34.5771370162939
9.11914682539683,1.25804252774406,0.853934475525265,4.25668217789469,34.5782596468229
9.11924603174603,1.25815432835687,0.854097946528273,4.25464657898338,34.5793821444086
9.11934523809524,1.25826576896314,0.854261394759112,4.25261195334709,34.5805045088915
9.11944444444444,1.25837685023668,0.854424820033888,4.25057830051725,34.5816267401121
9.11954365079365,1.2584875728508,0.854588222168855,4.24854562002553,34.5827488379113
9.11964285714286,1.25859793747835,0.854751600980423,4.24651391140383,34.5838708021299
9.11974206349206,1.25870794479168,0.854914956285154,4.24448317418427,34.584992632609
9.11984126984127,1.25881759546264,0.855078287899763,4.24245340789915,34.5861143291896
9.11994047619048,1.25892689016262,0.855241595641112,4.2404246120811,34.5872358917133
9.12003968253968,1.25903582956252,0.85540487932622,4.23839678626288,34.5883573200213
9.12013888888889,1.25914441433276,0.855568138772259,4.23636992997751,34.5894786139553
9.1202380952381,1.25925264514325,0.855731373796551,4.23434404275823,34.5905997733572
9.1203373015873,1.25936052266344,0.85589458421657,4.23231912413851,34.5917207980686
9.12043650793651,1.25946804756229,0.856057769849944,4.23029517365203,34.5928416879318
9.12053571428571,1.25957522050828,0.856220930514453,4.22827219083271,34.5939624427889
9.12063492063492,1.2596820421694,0.856384066028029,4.22625017521468,34.5950830624821
9.12073412698413,1.25978851321315,0.856547176208756,4.22422912633232,34.596203546854
9.12083333333333,1.25989463430655,0.85671026087487,4.22220904372021,34.5973238957472
9.12093253968254,1.26000040611614,0.85687331984476,4.22018992691316,34.5984441090043
9.12103174603175,1.26010582930798,0.857036352936967,4.21817177544621,34.5995641864684
9.12113095238095,1.26021090454762,0.857199359970184,4.21615458885463,34.6006841279825
9.12123015873016,1.26031563250016,0.857362340763257,4.21413836667389,34.6018039333897
9.12132936507937,1.26042001383019,0.857525295135187,4.21212310843969,34.6029236025333
9.12142857142857,1.26052404920182,0.857688222905118,4.21010881368802,34.6040431352568
9.12152777777778,1.26062773927869,0.857851123892357,4.208095481955,34.6051625314039
9.12162698412699,1.26073108472394,0.858013997916357,4.20608311277703,34.6062817908183
9.12172619047619,1.26083408620024,0.858176844796725,4.20407170569071,34.6074009133438
9.1218253968254,1.26093674436975,0.858339664353222,4.20206126023288,34.6085198988245
9.1219246031746,1.26103905989417,0.858502456405759,4.20005177594061,34.6096387471047
9.12202380952381,1.26114103343471,0.858665220774399,4.19804325235116,34.6107574580285
9.12212301587302,1.2612426656521,0.85882795727936,4.19603568900206,34.6118760314406
9.12222222222222,1.26134395720656,0.858990665741009,4.19402908543103,34.6129944671854
9.12232142857143,1.26144490875785,0.859153345979868,4.19202344117604,34.6141127651078
9.12242063492064,1.26154552096525,0.85931599781661,4.19001875577526,34.6152309250526
9.12251984126984,1.26164579448753,0.859478621072061,4.18801502876711,34.616348946865
9.12261904761905,1.261745729983,0.859641215567198,4.18601225969021,34.61746683039
9.12271825396825,1.26184532810948,0.85980378112315,4.18401044808342,34.618584575473
9.12281746031746,1.26194458952429,0.859966317561204,4.18200959348581,34.6197021819595
9.12291666666667,1.26204351488428,0.860128824702789,4.18000969543672,34.620819649695
9.12301587301587,1.26214210484582,0.860291302369494,4.17801075347566,34.6219369785254
9.12311507936508,1.26224036006478,0.860453750383058,4.17601276714239,34.6230541682965
9.12321428571429,1.26233828119656,0.860616168565374,4.17401573597688,34.6241712188544
9.12331349206349,1.26243586889607,0.860778556738484,4.17201965951934,34.6252881300452
9.1234126984127,1.26253312381772,0.860940914724586,4.1700245373102,34.6264049017153
9.12351190476191,1.26263004661547,0.861103242346027,4.16803036889012,34.6275215337112
9.12361111111111,1.26272663794276,0.861265539425309,4.16603715379997,34.6286380258795
9.12371031746032,1.26282289845257,0.861427805785084,4.16404489158086,34.6297543780668
9.12380952380952,1.26291882879738,0.861590041248157,4.1620535817741,34.6308705901202
9.12390873015873,1.2630144296292,0.861752245637487,4.16006322392127,34.6319866618867
9.12400793650794,1.26310970159955,0.861914418776183,4.15807381756412,34.6331025932134
9.12410714285714,1.26320464535945,0.862076560487508,4.15608536224468,34.6342183839477
9.12420634920635,1.26329926155946,0.862238670594876,4.15409785750515,34.6353340339371
9.12430555555556,1.26339355084963,0.862400748921855,4.15211130288797,34.6364495430291
9.12440476190476,1.26348751387956,0.862562795292161,4.15012569793586,34.6375649110716
9.12450396825397,1.26358115129834,0.862724809529668,4.1481410421917,34.6386801379124
9.12460317460318,1.26367446375456,0.862886791458399,4.14615733519862,34.6397952233996
9.12470238095238,1.26376745189638,0.863048740902529,4.14417457649996,34.6409101673813
9.12480158730159,1.26386011637141,0.863210657686388,4.14219276563929,34.6420249697059
9.12490079365079,1.26395245782683,0.863372541634456,4.14021190216042,34.6431396302219
9.125,1.2640444769093,0.863534392571365,4.13823198560737,34.6442541487778
9.12509920634921,1.26413617426502,0.863696210321902,4.13625301552439,34.6453685252225
9.12519841269841,1.26422755053968,0.863857994711003,4.13427499145596,34.6464827594049
9.12529761904762,1.26431860637851,0.864019745563758,4.13229791294675,34.6475968511739
9.12539682539682,1.26440934242624,0.86418146270541,4.13032177954172,34.6487108003788
9.12549603174603,1.26449975932712,0.864343145961352,4.12834659078599,34.6498246068689
9.12559523809524,1.26458985772492,0.864504795157131,4.12637234622493,34.6509382704937
9.12569444444444,1.26467963826292,0.864666410118447,4.12439904540416,34.6520517911029
9.12579365079365,1.26476910158392,0.864827990671153,4.12242668786945,34.653165168546
9.12589285714286,1.26485824833022,0.864989536641247,4.12045527316691,34.6542784026732
9.12599206349206,1.26494707914366,0.865151047854888,4.11848480084278,34.6553914933343
9.12609126984127,1.26503559466558,0.865312524138384,4.11651527044356,34.6565044403797
9.12619047619048,1.26512379553684,0.865473965318196,4.11454668151597,34.6576172436596
9.12628968253968,1.26521168239782,0.865635371220936,4.11257903360694,34.6587299030245
9.12638888888889,1.2652992558884,0.865796741673369,4.11061232626366,34.659842418325
9.12648809523809,1.26538651664799,0.865958076502413,4.10864655903351,34.660954789412
9.1265873015873,1.26547346531551,0.866119375535137,4.1066817314641,34.6620670161362
9.12668650793651,1.26556010252939,0.866280638598763,4.10471784310329,34.6631790983488
9.12678571428571,1.2656464289276,0.866441865520665,4.10275489349914,34.664291035901
9.12688492063492,1.26573244514759,0.866603056128371,4.10079288219994,34.665402828644
9.12698412698413,1.26581815182636,0.866764210249557,4.09883180875421,34.6665144764293
9.12708333333333,1.26590354960039,0.866925327712057,4.09687167271069,34.6676259791087
9.12718253968254,1.26598863910571,0.867086408343852,4.09491247361834,34.6687373365338
9.12728174603175,1.26607342097784,0.867247451973082,4.09295421102634,34.6698485485565
9.12738095238095,1.26615789585183,0.867408458428029,4.09099688448414,34.6709596150289
9.12748015873016,1.26624206436224,0.867569427537136,4.08904049354136,34.6720705358032
9.12757936507936,1.26632592714315,0.867730359128996,4.08708503774787,34.6731813107318
9.12767857142857,1.26640948482814,0.867891253032353,4.08513051665375,34.674291939667
9.12777777777778,1.26649273771601,0.868052109233452,4.08317692968312,34.6754024226252
9.12787698412698,1.26657568515121,0.868212928157095,4.08122427595646,34.6765127600766
9.12797619047619,1.26665832738223,0.868373709790355,4.07927255500107,34.6776229520337
9.1280753968254,1.26674066474936,0.868534454076583,4.07732176638164,34.6787329984638
9.1281746031746,1.2668226975928,0.868695160959136,4.07537190966304,34.6798428993339
9.12827380952381,1.26690442625266,0.868855830381375,4.07342298441029,34.6809526546111
9.12837301587301,1.26698585106897,0.869016462286662,4.07147499018856,34.6820622642625
9.12847222222222,1.26706697238169,0.869177056618365,4.06952792656321,34.6831717282552
9.12857142857143,1.26714779053069,0.869337613319857,4.06758179309973,34.6842810465563
9.12867063492063,1.26722830585575,0.869498132334511,4.06563658936379,34.6853902191328
9.12876984126984,1.26730851869656,0.869658613605709,4.06369231492118,34.6864992459518
9.12886904761905,1.26738842939275,0.869819057076828,4.06174896933796,34.6876081269804
9.12896825396825,1.26746803828385,0.869979462691258,4.05980655218023,34.6887168621857
9.12906746031746,1.2675473457093,0.870139830392388,4.05786506301431,34.6898254515347
9.12916666666667,1.26762635200847,0.870300160123613,4.05592450140666,34.6909338949945
9.12926587301587,1.26770505752064,0.870460451828329,4.05398486692392,34.6920421925321
9.12936507936508,1.26778346258502,0.870620705449938,4.05204615913288,34.6931503441146
9.12946428571429,1.26786156754071,0.870780920931845,4.05010837760049,34.694258349709
9.12956349206349,1.26793937272674,0.870941098217459,4.04817152189386,34.6953662092825
9.1296626984127,1.26801687848207,0.871101237250193,4.04623559158027,34.696473922802
9.1297619047619,1.26809408514556,0.871261337973463,4.04430058622716,34.6975814902345
9.12986111111111,1.26817099305599,0.871421400330688,4.04236650540212,34.6986889115472
9.12996031746032,1.26824760255206,0.871581424265293,4.0404333486729,34.699796186707
9.13005952380952,1.26832391397237,0.871741409720705,4.03850111560743,34.700903315681
9.13015873015873,1.26839992765546,0.871901356640356,4.0365698057738,34.7020102984362
9.13025793650794,1.26847564393978,0.872061264967682,4.0346394187402,34.7031171349396
9.13035714285714,1.26855106316368,0.872221134646119,4.03270995407509,34.7042238251582
9.13045634920635,1.26862618566545,0.872380965619111,4.03078141134702,34.7053303690591
9.13055555555556,1.26870101178327,0.872540757830104,4.02885379012471,34.7064367666093
9.13065476190476,1.26877554185528,0.872700511222549,4.02692708997703,34.7075430177757
9.13075396825397,1.26884977621948,0.872860225739899,4.02500131047305,34.7086491225254
9.13085317460317,1.26892371521382,0.873019901325612,4.02307645118195,34.7097550808254
9.13095238095238,1.26899735917618,0.873179537923149,4.02115251167312,34.7108608926426
9.13105158730159,1.26907070844431,0.873339135475975,4.01922949151607,34.7119665579441
9.13115079365079,1.26914376335593,0.87349869392756,4.01730739028051,34.7130720766968
9.13125,1.26921652424863,0.873658213221375,4.01538620753627,34.7141774488678
9.13134920634921,1.26928899145995,0.873817693300898,4.01346594285338,34.7152826744241
9.13144841269841,1.26936116532733,0.873977134109608,4.01154659580201,34.7163877533325
9.13154761904762,1.26943304618812,0.874136535590989,4.00962816595248,34.7174926855601
9.13164682539682,1.2695046343796,0.874295897688529,4.00771065287529,34.7185974710738
9.13174603174603,1.26957593023898,0.874455220345721,4.00579405614108,34.7197021098407
9.13184523809524,1.26964693410334,0.874614503506056,4.00387837532072,34.7208066018276
9.13194444444444,1.26971764630973,0.874773747113035,4.00196360998514,34.7219109470016
9.13204365079365,1.26978806719507,0.874932951110161,4.0000497597055,34.7230151453296
9.13214285714286,1.26985819709624,0.87509211544094,3.9981368240531,34.7241191967785
9.13224206349206,1.26992803635,0.875251240048883,3.99622480259939,34.7252231013154
9.13234126984127,1.26999758529304,0.875410324877502,3.99431369491599,34.726326858907
9.13244047619048,1.27006684426198,0.875569369870316,3.9924035005747,34.7274304695205
9.13253968253968,1.27013581359333,0.875728374970846,3.99049421914745,34.7285339331227
9.13263888888889,1.27020449362354,0.875887340122618,3.98858585020635,34.7296372496806
9.13273809523809,1.27027288468896,0.87604626526916,3.98667839332366,34.7307404191611
9.1328373015873,1.27034098712586,0.876205150354004,3.98477184807182,34.7318434415312
9.13293650793651,1.27040880127044,0.876363995320688,3.9828662140234,34.7329463167576
9.13303571428571,1.2704763274588,0.876522800112751,3.98096149075117,34.7340490448075
9.13313492063492,1.27054356602697,0.876681564673738,3.97905767782802,34.7351516256477
9.13323412698413,1.27061051731087,0.876840288947197,3.97715477482701,34.7362540592451
9.13333333333333,1.27067718164637,0.876998972876677,3.97525278132142,34.7373563455666
9.13343253968254,1.27074355936924,0.877157616405734,3.97335169688461,34.7384584845791
9.13353174603175,1.27080965081517,0.877316219477927,3.97145152109014,34.7395604762496
9.13363095238095,1.27087545631976,0.87747478203682,3.96955225351173,34.7406623205449
9.13373015873016,1.27094097621853,0.877633304025978,3.96765389372325,34.7417640174319
9.13382936507936,1.27100621084692,0.877791785388972,3.96575644129874,34.7428655668776
9.13392857142857,1.27107116054028,0.877950226069375,3.9638598958124,34.7439669688488
9.13402777777778,1.27113582563388,0.878108626010765,3.96196425683858,34.7450682233124
9.13412698412698,1.27120020646291,0.878266985156725,3.96006952395181,34.7461693302353
9.13422619047619,1.27126430336248,0.878425303450838,3.95817569672676,34.7472702895843
9.1343253968254,1.27132811666759,0.878583580836694,3.95628277473829,34.7483711013264
9.1344246031746,1.27139164671319,0.878741817257885,3.95439075756139,34.7494717654284
9.13452380952381,1.27145489383413,0.878900012658009,3.95249964477123,34.7505722818572
9.13462301587301,1.27151785836518,0.879058166980664,3.95060943594313,34.7516726505796
9.13472222222222,1.27158054064102,0.879216280169458,3.94872013065256,34.7527728715626
9.13482142857143,1.27164294099626,0.879374352167993,3.94683172847521,34.7538729447729
9.13492063492064,1.27170505976541,0.879532382919884,3.94494422898687,34.7549728701774
9.13501984126984,1.2717668972829,0.879690372368744,3.9430576317635,34.7560726477431
9.13511904761905,1.27182845388309,0.879848320458195,3.94117193638123,34.7571722774366
9.13521825396825,1.27188972990025,0.880006227131857,3.93928714241636,34.7582717592249
9.13531746031746,1.27195072566855,0.880164092333358,3.93740324944535,34.7593710930748
9.13541666666667,1.2720114415221,0.880321916006328,3.93552025704479,34.7604702789531
9.13551587301587,1.27207187779491,0.8804796980944,3.93363816479147,34.7615693168267
9.13561507936508,1.27213203482092,0.880637438541213,3.93175697226233,34.7626682066624
9.13571428571429,1.27219191293398,0.880795137290408,3.92987667903445,34.7637669484271
9.13581349206349,1.27225151246785,0.88095279428563,3.9279972846851,34.7648655420874
9.1359126984127,1.27231083375621,0.881110409470528,3.9261187887917,34.7659639876104
9.1360119047619,1.27236987713267,0.881267982788755,3.92424119093183,34.7670622849627
9.13611111111111,1.27242864293073,0.881425514183967,3.92236449068321,34.7681604341113
9.13621031746032,1.27248713148384,0.881583003599827,3.92048868762375,34.7692584350229
9.13630952380952,1.27254534312532,0.881740450979994,3.91861378133153,34.7703562876642
9.13640873015873,1.27260327818846,0.881897856268138,3.91673977138477,34.7714539920022
9.13650793650794,1.27266093700643,0.882055219407932,3.91486665736185,34.7725515480035
9.13660714285714,1.27271831991233,0.882212540343049,3.91299443884131,34.7736489556351
9.13670634920635,1.27277542723917,0.882369819017169,3.91112311540187,34.7747462148637
9.13680555555556,1.27283225931988,0.882527055373975,3.90925268662238,34.775843325656
9.13690476190476,1.27288881648731,0.882684249357154,3.90738315208188,34.7769402879789
9.13700396825397,1.27294509907422,0.882841400910395,3.90551451135956,34.7780371017992
9.13710317460317,1.27300110741329,0.882998509977392,3.90364676403476,34.7791337670835
9.13720238095238,1.27305684183711,0.883155576501844,3.90177990968701,34.7802302837988
9.13730158730159,1.2731123026782,0.883312600427451,3.89991394789597,34.7813266519117
9.13740079365079,1.27316749026899,0.88346958169792,3.89804887824147,34.782422871389
9.1375,1.27322240494182,0.883626520256958,3.89618470030352,34.7835189421976
9.13759920634921,1.27327704702895,0.88378341604828,3.89432141366226,34.784614864304
9.13769841269841,1.27333141686256,0.883940269015603,3.89245901789799,34.7857106376752
9.13779761904762,1.27338551477474,0.884097079102643,3.89059751259123,34.7868062622778
9.13789682539683,1.27343934109751,0.884253846253127,3.88873689732261,34.7879017380786
9.13799603174603,1.27349289616279,0.884410570410783,3.88687717167292,34.7889970650444
9.13809523809524,1.27354618030242,0.884567251519342,3.88501833522312,34.7900922431418
9.13819444444444,1.27359919384816,0.884723889522539,3.88316038755433,34.7911872723377
9.13829365079365,1.2736519371317,0.884880484364113,3.88130332824784,34.7922821525987
9.13839285714286,1.27370441048462,0.885037035987807,3.87944715688509,34.7933768838915
9.13849206349206,1.27375661423843,0.885193544337368,3.87759187304769,34.794471466183
9.13859126984127,1.27380854872456,0.885350009356546,3.8757374763174,34.7955658994399
9.13869047619048,1.27386021427435,0.885506430989095,3.87388396627614,34.7966601836287
9.13878968253968,1.27391161121905,0.885662809178773,3.87203134250601,34.7977543187164
9.13888888888889,1.27396273988985,0.885819143869341,3.87017960458926,34.7988483046695
9.13898809523809,1.27401360061783,0.885975435004565,3.86832875210829,34.7999421414548
9.1390873015873,1.274064193734,0.886131682528213,3.86647878464568,34.801035829039
9.13918650793651,1.27411451956929,0.886287886384061,3.86462970178413,34.8021293673888
9.13928571428571,1.27416457845453,0.886444046515881,3.86278150310659,34.8032227564709
9.13938492063492,1.27421437072049,0.886600162867456,3.86093418819609,34.8043159962519
9.13948412698413,1.27426389669783,0.886756235382569,3.85908775663583,34.8054090866986
9.13958333333333,1.27431315671715,0.886912264005008,3.85724220800921,34.8065020277777
9.13968253968254,1.27436215110894,0.887068248678565,3.85539754189975,34.8075948194559
9.13978174603175,1.27441088020364,0.887224189347036,3.85355375789115,34.8086874616997
9.13988095238095,1.27445934433159,0.887380085954218,3.85171085556727,34.809779954476
9.13998015873016,1.27450754382303,0.887535938443916,3.84986883451213,34.8108722977513
9.14007936507936,1.27455547900814,0.887691746759936,3.84802769430992,34.8119644914924
9.14017857142857,1.27460315021701,0.887847510846087,3.84618743454497,34.8130565356659
9.14027777777778,1.27465055777965,0.888003230646185,3.8443480548018,34.8141484302384
9.14037698412698,1.27469770202596,0.888158906104047,3.84250955466505,34.8152401751767
9.14047619047619,1.2747445832858,0.888314537163494,3.84067193371956,34.8163317704474
9.1405753968254,1.27479120188892,0.888470123768353,3.83883519155032,34.8174232160171
9.1406746031746,1.27483755816498,0.888625665862453,3.83699932774245,34.8185145118525
9.14077380952381,1.27488365244357,0.888781163389624,3.8351643418813,34.8196056579202
9.14087301587302,1.2749294850542,0.888936616293705,3.83333023355232,34.8206966541869
9.14097222222222,1.27497505632628,0.889092024518535,3.83149700234114,34.8217875006192
9.14107142857143,1.27502036658915,0.88924738800796,3.82966464783355,34.8228781971837
9.14117063492064,1.27506541617207,0.889402706705826,3.82783316961551,34.8239687438472
9.14126984126984,1.2751102054042,0.889557980555986,3.82600256727312,34.8250591405761
9.14136904761905,1.27515473461463,0.889713209502294,3.82417284039267,34.8261493873371
9.14146825396825,1.27519900413235,0.889868393488611,3.82234398856058,34.8272394840968
9.14156746031746,1.2752430142863,0.890023532458798,3.82051601136345,34.8283294308219
9.14166666666667,1.27528676540529,0.890178626356723,3.81868890838805,34.829419227479
9.14176587301587,1.27533025781809,0.890333675126255,3.81686267922129,34.8305088740347
9.14186507936508,1.27537349185336,0.89048867871127,3.81503732345024,34.8315983704555
9.14196428571429,1.27541646783968,0.890643637055644,3.81321284066216,34.8326877167081
9.14206349206349,1.27545918610556,0.89079855010326,3.81138923044444,34.8337769127591
9.1421626984127,1.27550164697941,0.890953417798004,3.80956649238462,34.8348659585751
9.14226190476191,1.27554385078956,0.891108240083763,3.80774462607046,34.8359548541226
9.14236111111111,1.27558579786427,0.891263016904431,3.80592363108985,34.8370435993683
9.14246031746032,1.27562748853169,0.891417748203904,3.8041035070308,34.8381321942787
9.14255952380952,1.27566892311992,0.891572433926083,3.80228425348155,34.8392206388205
9.14265873015873,1.27571010195695,0.891727074014872,3.80046587003044,34.8403089329601
9.14275793650794,1.27575102537069,0.891881668414179,3.79864835626602,34.8413970766642
9.14285714285714,1.27579169368898,0.892036217067916,3.79683171177697,34.8424850698994
9.14295634920635,1.27583210723957,0.892190719919998,3.79501593615213,34.8435729126321
9.14305555555556,1.27587226635011,0.892345176914344,3.79320102898053,34.844660604829
9.14315476190476,1.2759121713482,0.892499587994877,3.79138698985134,34.8457481464566
9.14325396825397,1.27595182256132,0.892653953105525,3.78957381835388,34.8468355374816
9.14335317460317,1.2759912203169,0.892808272190216,3.78776151407766,34.8479227778703
9.14345238095238,1.27603036494226,0.892962545192886,3.78595007661233,34.8490098675894
9.14355158730159,1.27606925676464,0.893116772057472,3.78413950554771,34.8500968066055
9.14365079365079,1.27610789611122,0.893270952727918,3.78232980047374,34.851183594885
9.14375,1.27614628330907,0.893425087148166,3.78052096098062,34.8522702323945
9.14384920634921,1.27618441868518,0.893579175262166,3.77871298665863,34.8533567191005
9.14394841269841,1.27622230256647,0.893733217013872,3.77690587709822,34.8544430549697
9.14404761904762,1.27625993527977,0.893887212347241,3.77509963189002,34.8555292399684
9.14414682539683,1.27629731715183,0.894041161206231,3.7732942506248,34.8566152740632
9.14424603174603,1.27633444850929,0.894195063534809,3.77148973289352,34.8577011572206
9.14434523809524,1.27637132967875,0.894348919276942,3.76968607828727,34.8587868894072
9.14444444444444,1.2764079609867,0.894502728376601,3.76788328639733,34.8598724705895
9.14454365079365,1.27644434275954,0.894656490777763,3.76608135681512,34.860957900734
9.14464285714286,1.2764804753236,0.894810206424405,3.76428028913222,34.8620431798071
9.14474206349206,1.27651635900514,0.894963875260512,3.76248008294039,34.8631283077754
9.14484126984127,1.2765519941303,0.895117497230069,3.76068073783154,34.8642132846054
9.14494047619048,1.27658738102516,0.895271072277068,3.75888225339774,34.8652981102636
9.14503968253968,1.27662252001573,0.895424600345503,3.75708462923122,34.8663827847164
9.14513888888889,1.2766574114279,0.895578081379373,3.75528786492435,34.8674673079304
9.1452380952381,1.2766920555875,0.895731515322676,3.75349196006973,34.868551679872
9.1453373015873,1.27672645282027,0.89588490211942,3.75169691426005,34.8696359005078
9.14543650793651,1.27676060345188,0.896038241713614,3.74990272708819,34.8707199698041
9.14553571428571,1.2767945078079,0.896191534049271,3.74810939814719,34.8718038877275
9.14563492063492,1.27682816621381,0.896344779070408,3.74631692703024,34.8728876542445
9.14573412698413,1.27686157899503,0.896497976721045,3.7445253133307,34.8739712693214
9.14583333333333,1.27689474647689,0.896651126945206,3.7427345566421,34.8750547329248
9.14593253968254,1.27692766898461,0.896804229686919,3.74094465655811,34.8761380450212
9.14603174603175,1.27696034684337,0.896957284890217,3.73915561267257,34.8772212055769
9.14613095238095,1.27699278037822,0.897110292499134,3.7373674245795,34.8783042145585
9.14623015873016,1.27702496991417,0.897263252457711,3.73558009187305,34.8793870719323
9.14632936507936,1.27705691577612,0.897416164709989,3.73379361414755,34.8804697776649
9.14642857142857,1.27708861828889,0.897569029200015,3.73200799099748,34.8815523317227
9.14652777777778,1.27712007777722,0.897721845871841,3.7302232220175,34.882634734072
9.14662698412699,1.27715129456577,0.897874614669522,3.72843930680238,34.8837169846794
9.14672619047619,1.2771822689791,0.898027335537113,3.72665624494715,34.8847990835113
9.1468253968254,1.27721300134172,0.898180008418677,3.72487403604691,34.885881030534
9.1469246031746,1.27724349197801,0.898332633258279,3.72309267969695,34.8869628257141
9.14702380952381,1.27727374121231,0.898485209999989,3.72131217549272,34.888044469018
9.14712301587302,1.27730374936884,0.898637738587881,3.71953252302985,34.889125960412
9.14722222222222,1.27733351677178,0.89879021896603,3.71775372190409,34.8902072998625
9.14732142857143,1.27736304374518,0.898942651078517,3.71597577171139,34.8912884873361
9.14742063492064,1.27739233061303,0.899095034869427,3.71419867204784,34.892369522799
9.14751984126984,1.27742137769923,0.899247370282847,3.71242242250971,34.8934504062177
9.14761904761905,1.27745018532762,0.89939965726287,3.7106470226934,34.8945311375587
9.14771825396825,1.27747875382191,0.899551895753591,3.70887247219551,34.8956117167881
9.14781746031746,1.27750708350577,0.899704085699108,3.70709877061276,34.8966921438726
9.14791666666667,1.27753517470276,0.899856227043527,3.70532591754206,34.8977724187785
9.14801587301587,1.27756302773638,0.900008319730952,3.70355391258048,34.898852541472
9.14811507936508,1.27759064293001,0.900160363705496,3.70178275532521,34.8999325119198
9.14821428571429,1.27761802060698,0.900312358911271,3.70001244537368,34.901012330088
9.14831349206349,1.27764516109053,0.900464305292395,3.69824298232343,34.9020919959431
9.1484126984127,1.27767206470381,0.900616202792991,3.69647436577214,34.9031715094514
9.14851190476191,1.27769873176987,0.900768051357185,3.6947065953177,34.9042508705794
9.14861111111111,1.27772516261172,0.900919850929105,3.69293967055812,34.9053300792933
9.14871031746032,1.27775135755224,0.901071601452885,3.69117359109161,34.9064091355596
9.14880952380952,1.27777731691426,0.901223302872661,3.6894083565165,34.9074880393446
9.14890873015873,1.2778030410205,0.901374955132574,3.68764396643132,34.9085667906146
9.14900793650794,1.27782853019363,0.901526558176768,3.68588042043473,34.9096453893361
9.14910714285714,1.27785378475619,0.901678111949392,3.68411771812557,34.9107238354752
9.14920634920635,1.27787880503069,0.901829616394598,3.68235585910283,34.9118021289985
9.14930555555556,1.2779035913395,0.90198107145654,3.68059484296567,34.9128802698722
9.14940476190476,1.27792814400496,0.902132477079378,3.6788346693134,34.9139582580626
9.14950396825397,1.2779524633493,0.902283833207275,3.67707533774551,34.9150360935361
9.14960317460318,1.27797654969465,0.902435139784401,3.67531684786161,34.916113776259
9.14970238095238,1.27800040336309,0.902586396754921,3.67355919926153,34.9171913061977
9.14980158730159,1.2780240246766,0.902737604063012,3.67180239154524,34.9182686833184
9.14990079365079,1.27804741395707,0.902888761652853,3.67004642431283,34.9193459075875
9.15,1.27807057152631,0.903039869468624,3.6682912971646,34.9204229789713
9.15009920634921,1.27809349770607,0.903190927454512,3.66653700970099,34.9214998974361
9.15019841269841,1.27811619281799,0.903341935554705,3.66478356152261,34.9225766629482
9.15029761904762,1.27813865718362,0.903492893713398,3.66303095223022,34.9236532754739
9.15039682539683,1.27816089112445,0.903643801874787,3.66127918142475,34.9247297349795
9.15049603174603,1.27818289496187,0.903794659983072,3.65952824870728,34.9258060414314
9.15059523809524,1.2782046690172,0.903945467982458,3.65777815367906,34.9268821947957
9.15069444444444,1.27822621361167,0.904096225817153,3.65602889594152,34.9279581950388
9.15079365079365,1.27824752906642,0.904246933431368,3.6542804750962,34.9290340421269
9.15089285714286,1.27826861570251,0.90439759076932,3.65253289074486,34.9301097360264
9.15099206349206,1.27828947384092,0.904548197775228,3.65078614248937,34.9311852767035
9.15109126984127,1.27831010380255,0.904698754393317,3.64904022993178,34.9322606641246
9.15119047619048,1.27833050590821,0.90484926056781,3.64729515267434,34.9333358982558
9.15128968253968,1.27835068047862,0.904999716242939,3.6455509103194,34.9344109790634
9.15138888888889,1.27837062783442,0.905150121362939,3.64380750246951,34.9354859065138
9.1514880952381,1.27839034829619,0.905300475872048,3.64206492872735,34.9365606805731
9.1515873015873,1.27840984218439,0.905450779714508,3.6403231886958,34.9376353012076
9.15168650793651,1.27842910981942,0.905601032834564,3.63858228197787,34.9387097683836
9.15178571428571,1.27844815152159,0.905751235176466,3.63684220817674,34.9397840820673
9.15188492063492,1.27846696761112,0.905901386684468,3.63510296689575,34.9408582422249
9.15198412698413,1.27848555840815,0.906051487302825,3.6333645577384,34.9419322488228
9.15208333333333,1.27850392423275,0.906201536975798,3.63162698030837,34.9430061018271
9.15218253968254,1.27852206540489,0.906351535647653,3.62989023420947,34.9440798012041
9.15228174603175,1.27853998224447,0.906501483262657,3.6281543190457,34.94515334692
9.15238095238095,1.27855767507128,0.906651379765082,3.62641923442119,34.9462267389411
9.15248015873016,1.27857514420505,0.906801225099204,3.62468497994026,34.9472999772335
9.15257936507937,1.27859238996544,0.906951019209303,3.62295155520735,34.9483730617635
9.15267857142857,1.27860941267198,0.90710076203966,3.62121895982714,34.9494459924973
9.15277777777778,1.27862621264416,0.907250453534564,3.6194871934044,34.9505187694011
9.15287698412699,1.27864279020137,0.907400093638304,3.61775625554408,34.9515913924411
9.15297619047619,1.27865914566291,0.907549682295175,3.61602614585129,34.9526638615836
9.1530753968254,1.27867527934801,0.907699219449476,3.61429686393131,34.9537361767947
9.1531746031746,1.2786911915758,0.907848705045509,3.61256840938957,34.9548083380406
9.15327380952381,1.27870688266534,0.907998139027578,3.61084078183167,34.9558803452876
9.15337301587302,1.27872235293561,0.908147521339994,3.60911398086337,34.9569521985018
9.15347222222222,1.27873760270549,0.90829685192707,3.60738800609058,34.9580238976494
9.15357142857143,1.27875263229378,0.908446130733122,3.60566285711939,34.9590954426966
9.15367063492064,1.27876744201922,0.908595357702472,3.60393853355603,34.9601668336095
9.15376984126984,1.27878203220043,0.908744532779444,3.60221503500691,34.9612380703545
9.15386904761905,1.27879640315598,0.908893655908365,3.60049236107858,34.9623091528975
9.15396825396825,1.27881055520433,0.909042727033569,3.59877051137778,34.9633800812049
9.15406746031746,1.27882448866386,0.909191746099392,3.59704948551136,34.9644508552427
9.15416666666667,1.27883820385289,0.90934071305017,3.59532928308641,34.9655214749771
9.15426587301587,1.27885170108964,0.909489627830249,3.59360990371013,34.9665919403744
9.15436507936508,1.27886498069223,0.909638490383975,3.59189134698987,34.9676622514005
9.15446428571429,1.27887804297873,0.909787300655699,3.59017361253316,34.9687324080218
9.15456349206349,1.27889088826709,0.909936058589775,3.5884566999477,34.9698024102044
9.1546626984127,1.27890351687522,0.910084764130562,3.58674060884133,34.9708722579143
9.15476190476191,1.27891592912091,0.910233417222422,3.58502533882206,34.9719419511178
9.15486111111111,1.27892812532187,0.91038201780972,3.58331088949808,34.9730114897809
9.15496031746032,1.27894010579575,0.910530565836826,3.58159726047771,34.9740808738699
9.15505952380952,1.27895187086009,0.910679061248113,3.57988445136944,34.9751501033508
9.15515873015873,1.27896342083237,0.910827503987958,3.57817246178194,34.9762191781897
9.15525793650794,1.27897475602997,0.910975894000742,3.57646129132401,34.9772880983529
9.15535714285714,1.27898587677018,0.911124231230849,3.57475093960464,34.9783568638064
9.15545634920635,1.27899678337023,0.911272515622668,3.57304140623297,34.9794254745163
9.15555555555556,1.27900747614724,0.911420747120592,3.57133269081827,34.9804939304488
9.15565476190476,1.27901795541828,0.911568925669014,3.56962479297005,34.9815622315699
9.15575396825397,1.2790282215003,0.911717051212334,3.5679177122979,34.9826303778458
9.15585317460318,1.27903827471019,0.911865123694956,3.56621144841162,34.9836983692426
9.15595238095238,1.27904811536474,0.912013143061288,3.56450600092114,34.9847662057263
9.15605158730159,1.27905774378068,0.912161109255739,3.56280136943656,34.9858338872631
9.15615079365079,1.27906716027464,0.912309022222724,3.56109755356817,34.9869014138191
9.15625,1.27907636516315,0.912456881906662,3.55939455292637,34.9879687853603
9.15634920634921,1.2790853587627,0.912604688251974,3.55769236712176,34.9890360018528
9.15644841269841,1.27909414138966,0.912752441203087,3.55599099576509,34.9901030632628
9.15654761904762,1.27910271336032,0.91290014070443,3.55429043846727,34.9911699695562
9.15664682539682,1.27911107499091,0.913047786700436,3.55259069483937,34.9922367206992
9.15674603174603,1.27911922659755,0.913195379135542,3.55089176449261,34.9933033166578
9.15684523809524,1.27912716849628,0.913342917954189,3.5491936470384,34.9943697573982
9.15694444444444,1.27913490100308,0.913490403100821,3.54749634208829,34.9954360428863
9.15704365079365,1.27914242443383,0.913637834519889,3.54579984925397,34.9965021730883
9.15714285714286,1.27914973910431,0.913785212155841,3.54410416814735,34.9975681479701
9.15724206349206,1.27915684533025,0.913932535953134,3.54240929838046,34.9986339674979
9.15734126984127,1.27916374342726,0.914079805856228,3.5407152395655,34.9996996316377
9.15744047619048,1.27917043371091,0.914227021809587,3.53902199131482,35.0007651403555
9.15753968253968,1.27917691649664,0.914374183757677,3.53732955324094,35.0018304936173
9.15763888888889,1.27918319209984,0.91452129164497,3.53563792495654,35.0028956913893
9.15773809523809,1.2791892608358,0.914668345415939,3.53394710607447,35.0039607336375
9.1578373015873,1.27919512301974,0.914815345015063,3.53225709620772,35.0050256203278
9.15793650793651,1.27920077896677,0.914962290386825,3.53056789496947,35.0060903514264
9.15803571428571,1.27920622899195,0.915109181475709,3.52887950197304,35.0071549268992
9.15813492063492,1.27921147341024,0.915256018226206,3.5271919168319,35.0082193467122
9.15823412698413,1.27921651253651,0.915402800582808,3.52550513915972,35.0092836108316
9.15833333333333,1.27922134668555,0.915549528490014,3.5238191685703,35.0103477192232
9.15843253968254,1.27922597617208,0.915696201892323,3.5221340046776,35.0114116718531
9.15853174603175,1.27923040131073,0.915842820734243,3.52044964709574,35.0124754686873
9.15863095238095,1.27923462241602,0.915989384960277,3.51876609543906,35.0135391096919
9.15873015873016,1.27923863980243,0.916135894514939,3.51708334932197,35.0146025948328
9.15882936507936,1.27924245378433,0.916282349342747,3.5154014083591,35.0156659240759
9.15892857142857,1.27924606467601,0.916428749388218,3.51372027216521,35.0167290973874
9.15902777777778,1.27924947279168,0.916575094595877,3.51203994035525,35.0177921147332
9.15912698412698,1.27925267844547,0.91672138491025,3.51036041254432,35.0188549760792
9.15922619047619,1.27925568195141,0.916867620275869,3.50868168834765,35.0199176813915
9.1593253968254,1.27925848362346,0.917013800637267,3.50700376738069,35.0209802306361
9.1594246031746,1.2792610837755,0.917159925938984,3.505326649259,35.0220426237788
9.15952380952381,1.27926348272132,0.917305996125561,3.50365033359832,35.0231048607858
9.15962301587301,1.27926568077462,0.917452011141544,3.50197482001456,35.0241669416228
9.15972222222222,1.27926767824903,0.917597970931483,3.50030010812378,35.0252288662561
9.15982142857143,1.27926947545809,0.917743875439932,3.4986261975422,35.0262906346513
9.15992063492063,1.27927107271524,0.917889724611446,3.49695308788621,35.0273522467747
9.16001984126984,1.27927247033388,0.91803551839059,3.49528077877233,35.028413702592
9.16011904761905,1.27927366862728,0.918181256721924,3.49360926981731,35.0294750020692
9.16021825396825,1.27927466790865,0.918326939550017,3.49193856063799,35.0305361451724
9.16031746031746,1.27927546849111,0.918472566819443,3.49026865085141,35.0315971318673
9.16041666666667,1.2792760706877,0.918618138474777,3.48859954007476,35.0326579621201
9.16051587301587,1.27927647481138,0.918763654460599,3.48693122792538,35.0337186358965
9.16061507936508,1.27927668117501,0.918909114721492,3.48526371402078,35.0347791531626
9.16071428571429,1.27927669009139,0.919054519202043,3.48359699797864,35.0358395138842
9.16081349206349,1.27927650187322,0.919199867846843,3.4819310794168,35.0368997180274
9.1609126984127,1.27927611683311,0.919345160600487,3.48026595795324,35.0379597655579
9.1610119047619,1.2792755352836,0.919490397407573,3.47860163320612,35.0390196564418
9.16111111111111,1.27927475753716,0.919635578212703,3.47693810479376,35.0400793906449
9.16121031746032,1.27927378390614,0.919780702960484,3.47527537233464,35.0411389681332
9.16130952380952,1.27927261470283,0.919925771595524,3.47361343544739,35.0421983888725
9.16140873015873,1.27927125023944,0.920070784062437,3.47195229375082,35.0432576528288
9.16150793650794,1.27926969082809,0.920215740305843,3.47029194686386,35.044316759968
9.16160714285714,1.2792679367808,0.920360640270358,3.46863239440568,35.0453757102559
9.16170634920635,1.27926598840954,0.920505483900609,3.46697363599554,35.0464345036585
9.16180555555556,1.27926384602616,0.920650271141225,3.46531567125288,35.0474931401416
9.16190476190476,1.27926150994246,0.920795001936837,3.4636584997973,35.0485516196712
9.16200396825397,1.27925898047014,0.920939676232081,3.46200212124859,35.0496099422131
9.16210317460317,1.27925625792081,0.921084293971597,3.46034653522665,35.0506681077331
9.16220238095238,1.279253342606,0.921228855100029,3.45869174135158,35.0517261161973
9.16230158730159,1.27925023483717,0.921373359562023,3.45703773924362,35.0527839675714
9.16240079365079,1.27924693492569,0.921517807302231,3.4553845285232,35.0538416618213
9.1625,1.27924344318283,0.921662198265308,3.45373210881087,35.0548991989128
9.16259920634921,1.2792397599198,0.921806532395911,3.45208047972736,35.0559565788119
9.16269841269841,1.2792358854477,0.921950809638702,3.45042964089358,35.0570138014844
9.16279761904762,1.27923182007759,0.922095029938349,3.44877959193058,35.0580708668962
9.16289682539682,1.27922756412039,0.92223919323952,3.44713033245957,35.059127775013
9.16299603174603,1.27922311788699,0.922383299486891,3.4454818621019,35.0601845258008
9.16309523809524,1.27921848168815,0.922527348625135,3.44383418047915,35.0612411192254
9.16319444444444,1.27921365583459,0.922671340598935,3.44218728721301,35.0622975552526
9.16329365079365,1.2792086406369,0.922815275352975,3.44054118192533,35.0633538338483
9.16339285714286,1.27920343640563,0.922959152831945,3.43889586423812,35.0644099549782
9.16349206349206,1.27919804345122,0.923102972980537,3.43725133377358,35.0654659186083
9.16359126984127,1.27919246208403,0.923246735743445,3.43560759015404,35.0665217247043
9.16369047619048,1.27918669261434,0.923390441065371,3.43396463300201,35.0675773732321
9.16378968253968,1.27918073535236,0.923534088891017,3.43232246194014,35.0686328641575
9.16388888888889,1.27917459060819,0.923677679165091,3.43068107659127,35.0696881974463
9.16398809523809,1.27916825869187,0.923821211832304,3.42904047657839,35.0707433730644
9.1640873015873,1.27916173991333,0.92396468683737,3.42740066152463,35.0717983909774
9.16418650793651,1.27915503458245,0.924108104125008,3.4257616310533,35.0728532511513
9.16428571428571,1.27914814300899,0.92425146363994,3.42412338478788,35.0739079535518
9.16438492063492,1.27914106550267,0.924394765326892,3.422485922352,35.0749624981447
9.16448412698413,1.27913380237307,0.924538009130596,3.42084924336942,35.0760168848959
9.16458333333333,1.27912635392975,0.924681194995781,3.41921334746414,35.077071113771
9.16468253968254,1.27911872048213,0.924824322867187,3.41757823426025,35.078125184736
9.16478174603175,1.27911090233958,0.924967392689554,3.41594390338203,35.0791790977565
9.16488095238095,1.27910289981138,0.925110404407627,3.4143103544539,35.0802328527984
9.16498015873016,1.27909471320671,0.925253357966155,3.41267758710048,35.0812864498274
9.16507936507936,1.2790863428347,0.92539625330989,3.41104560094651,35.0823398888094
9.16517857142857,1.27907778900437,0.925539090383588,3.40941439561691,35.08339316971
9.16527777777778,1.27906905202466,0.925681869132009,3.40778397073676,35.084446292495
9.16537698412698,1.27906013220442,0.925824589499916,3.40615432593131,35.0854992571303
9.16547619047619,1.27905102985244,0.925967251432076,3.40452546082594,35.0865520635815
9.1655753968254,1.27904174527741,0.926109854873261,3.40289737504624,35.0876047118144
9.1656746031746,1.27903227878793,0.926252399768245,3.40127006821791,35.0886572017948
9.16577380952381,1.27902263069254,0.926394886061807,3.39964353996684,35.0897095334884
9.16587301587301,1.27901280129967,0.926537313698729,3.39801778991909,35.0907617068609
9.16597222222222,1.27900279091767,0.926679682623799,3.39639281770082,35.0918137218782
9.16607142857143,1.27899259985484,0.926821992781802,3.39476862293846,35.0928655785059
9.16617063492064,1.27898222841934,0.926964244117535,3.39314520525851,35.0939172767097
9.16626984126984,1.2789716769193,0.927106436575795,3.39152256428766,35.0949688164555
9.16636904761905,1.27896094566273,0.927248570101382,3.38990069965276,35.0960201977088
9.16646825396825,1.27895003495758,0.927390644639101,3.38827961098082,35.0970714204355
9.16656746031746,1.27893894511171,0.927532660133762,3.38665929789902,35.0981224846013
9.16666666666667,1.27892767643287,0.927674616530176,3.38503976003468,35.0991733901718
9.16676587301587,1.27891622922877,0.927816513773158,3.3834209970153,35.1002241371128
9.16686507936508,1.27890460380701,0.92795835180753,3.38180300846855,35.10127472539
9.16696428571429,1.27889280047512,0.928100130578115,3.38018579402222,35.1023251549692
9.16706349206349,1.27888081954052,0.928241850029739,3.37856935330431,35.1033754258159
9.1671626984127,1.27886866131057,0.928383510107235,3.37695368594295,35.1044255378959
9.1672619047619,1.27885632609256,0.928525110755436,3.37533879156643,35.1054754911749
9.16736111111111,1.27884381419366,0.928666651919181,3.37372466980323,35.1065252856186
9.16746031746032,1.27883112592097,0.928808133543315,3.37211132028193,35.1075749211927
9.16755952380952,1.27881826158153,0.928949555572679,3.37049874263137,35.1086243978628
9.16765873015873,1.27880522148226,0.929090917952126,3.36888693648047,35.1096737155946
9.16775793650794,1.27879200593002,0.929232220626509,3.36727590145834,35.1107228743539
9.16785714285714,1.27877861523158,0.929373463540686,3.36566563719423,35.1117718741062
9.16795634920635,1.27876504969362,0.929514646639516,3.36405614331757,35.1128207148173
9.16805555555556,1.27875130962276,0.929655769867866,3.36244741945796,35.1138693964528
9.16815476190476,1.2787373953255,0.929796833170604,3.36083946524513,35.1149179189784
9.16825396825397,1.27872330710828,0.929937836492602,3.35923228030901,35.1159662823597
9.16835317460317,1.27870904527746,0.930078779778736,3.35762586427966,35.1170144865624
9.16845238095238,1.2786946101393,0.930219662973886,3.35602021678732,35.1180625315521
9.16855158730159,1.27868000199999,0.930360486022935,3.35441533746236,35.1191104172945
9.16865079365079,1.27866522116563,0.930501248870772,3.35281122593536,35.1201581437553
9.16875,1.27865026794223,0.930641951462287,3.35120788183702,35.1212057109
9.16884920634921,1.27863514263574,0.930782593742374,3.34960530479823,35.1222531186943
9.16894841269841,1.278619845552,0.930923175655935,3.34800349444999,35.1233003671039
9.16904761904762,1.27860437699677,0.931063697147868,3.34640245042354,35.1243474560944
9.16914682539683,1.27858873727575,0.931204158163081,3.34480217235023,35.1253943856313
9.16924603174603,1.27857292669453,0.931344558646484,3.34320265986157,35.1264411556804
9.16934523809524,1.27855694555862,0.93148489854299,3.34160391258925,35.1274877662072
9.16944444444444,1.27854079417347,0.931625177797516,3.3400059301651,35.1285342171774
9.16954365079365,1.27852447284442,0.931765396354985,3.33840871222113,35.1295805085565
9.16964285714286,1.27850798187673,0.93190555416032,3.33681225838951,35.1306266403102
9.16974206349206,1.27849132157559,0.932045651158451,3.33521656830255,35.1316726124041
9.16984126984127,1.27847449224609,0.932185687294309,3.33362164159275,35.1327184248037
9.16994047619048,1.27845749419325,0.932325662512831,3.33202747789274,35.1337640774748
9.17003968253968,1.278440327722,0.932465576758957,3.33043407683535,35.1348095703828
9.17013888888889,1.27842299313719,0.93260542997763,3.32884143805353,35.1358549034934
9.17023809523809,1.27840549074359,0.932745222113798,3.32724956118043,35.1369000767721
9.1703373015873,1.27838782084586,0.932884953112411,3.32565844584932,35.1379450901846
9.17043650793651,1.27836998374862,0.933024622918428,3.32406809169364,35.1389899436964
9.17053571428571,1.27835197975636,0.933164231476801,3.32247849834705,35.140034637273
9.17063492063492,1.27833380917353,0.933303778732497,3.32088966544329,35.1410791708802
9.17073412698413,1.27831547230447,0.93344326463048,3.31930159261631,35.1421235444833
9.17083333333333,1.27829696945344,0.933582689115721,3.31771427950019,35.1431677580481
9.17093253968254,1.27827830092462,0.933722052133194,3.31612772572921,35.14421181154
9.17103174603175,1.27825946702211,0.933861353627875,3.31454193093777,35.1452557049247
9.17113095238095,1.27824046804991,0.934000593544747,3.31295689476045,35.1462994381676
9.17123015873016,1.27822130431195,0.934139771828793,3.31137261683199,35.1473430112343
9.17132936507936,1.27820197611209,0.934278888425003,3.30978909678731,35.1483864240905
9.17142857142857,1.27818248375408,0.934417943278368,3.30820633426144,35.1494296767015
9.17152777777778,1.27816282754159,0.934556936333886,3.30662432888963,35.150472769033
9.17162698412698,1.27814300777823,0.934695867536556,3.30504308030726,35.1515157010505
9.17172619047619,1.2781230247675,0.934834736831381,3.30346258814986,35.1525584727195
9.1718253968254,1.27810287881283,0.93497354416337,3.30188285205315,35.1536010840055
9.1719246031746,1.27808257021756,0.935112289477535,3.30030387165297,35.1546435348742
9.17202380952381,1.27806209928495,0.935250972718887,3.2987256465854,35.155685825291
9.17212301587302,1.27804146631818,0.935389593832447,3.29714817648659,35.1567279552214
9.17222222222222,1.27802067162034,0.935528152763237,3.29557146099291,35.1577699246309
9.17232142857143,1.27799971549444,0.935666649456284,3.29399549974086,35.1588117334851
9.17242063492064,1.27797859824341,0.935805083856617,3.29242029236712,35.1598533817494
9.17251984126984,1.27795732017008,0.935943455909271,3.29084583850851,35.1608948693895
9.17261904761905,1.27793588157721,0.936081765559282,3.28927213780204,35.1619361963707
9.17271825396825,1.27791428276749,0.936220012751692,3.28769918988485,35.1629773626585
9.17281746031746,1.27789252404349,0.936358197431545,3.28612699439427,35.1640183682185
9.17291666666667,1.27787060570773,0.936496319543891,3.28455555096778,35.1650592130162
9.17301587301587,1.27784852806263,0.936634379033782,3.282984859243,35.166099897017
9.17311507936508,1.27782629141053,0.936772375846273,3.28141491885774,35.1671404201865
9.17321428571429,1.27780389605369,0.936910309926426,3.27984572944997,35.16818078249
9.17331349206349,1.27778134229428,0.937048181219304,3.27827729065779,35.1692209838932
9.1734126984127,1.27775863043438,0.937185989669976,3.27670960211948,35.1702610243614
9.17351190476191,1.27773576077602,0.937323735223509,3.27514266347352,35.1713009038601
9.17361111111111,1.2777127336211,0.93746141782498,3.27357647435849,35.1723406223548
9.17371031746032,1.27768954927147,0.937599037419469,3.27201103441316,35.173380179811
9.17380952380952,1.27766620802889,0.937736593952057,3.27044634327645,35.174419576194
9.17390873015873,1.27764271019501,0.937874087367831,3.26888240058746,35.1754588114695
9.17400793650794,1.27761905607144,0.938011517611881,3.26731920598543,35.1764978856027
9.17410714285714,1.27759524595967,0.9381488846293,3.26575675910977,35.1775367985592
9.17420634920635,1.27757128016113,0.938286188365187,3.26419505960004,35.1785755503045
9.17430555555556,1.27754715897716,0.938423428764641,3.262634107096,35.1796141408039
9.17440476190476,1.277522882709,0.938560605772769,3.26107390123751,35.1806525700228
9.17450396825397,1.27749845165783,0.938697719334678,3.25951444166465,35.1816908379268
9.17460317460317,1.27747386612474,0.938834769395482,3.25795572801762,35.1827289444813
9.17470238095238,1.27744912641072,0.938971755900297,3.25639775993681,35.1837668896516
9.17480158730159,1.2774242328167,0.939108678794243,3.25484053706273,35.1848046734033
9.17490079365079,1.27739918564351,0.939245538022444,3.25328405903608,35.1858422957016
9.175,1.27737398519191,0.939382333530026,3.25172832549776,35.1868797565121
9.17509920634921,1.27734863176256,0.939519065262121,3.25017333608875,35.1879170558002
9.17519841269841,1.27732312565605,0.939655733163865,3.24861909045026,35.1889541935312
9.17529761904762,1.27729746717288,0.939792337180395,3.2470655882236,35.1899911696706
9.17539682539683,1.27727165661346,0.939928877256855,3.2455128290503,35.1910279841838
9.17549603174603,1.27724569427814,0.94006535333839,3.243960812572,35.1920646370361
9.17559523809524,1.27721958046716,0.940201765370152,3.24240953843055,35.193101128193
9.17569444444444,1.2771933154807,0.940338113297292,3.24085900626791,35.1941374576198
9.17579365079365,1.27716689961882,0.94047439706497,3.23930921572625,35.195173625282
9.17589285714286,1.27714033318154,0.940610616618346,3.23776016644786,35.1962096311449
9.17599206349206,1.27711361646877,0.940746771902586,3.23621185807522,35.1972454751739
9.17609126984127,1.27708674978034,0.940882862862858,3.23466429025096,35.1982811573344
9.17619047619048,1.27705973341601,0.941018889444334,3.23311746261786,35.1993166775917
9.17628968253968,1.27703256767543,0.941154851592192,3.23157137481888,35.2003520359113
9.17638888888889,1.2770052528582,0.941290749251612,3.23002602649712,35.2013872322585
9.1764880952381,1.2769777892638,0.941426582367775,3.22848141729588,35.2024222665986
9.1765873015873,1.27695017719165,0.941562350885871,3.22693754685858,35.2034571388971
9.17668650793651,1.27692241694109,0.94169805475109,3.22539441482882,35.2044918491192
9.17678571428571,1.27689450881137,0.941833693908628,3.22385202085036,35.2055263972303
9.17688492063492,1.27686645310164,0.941969268303684,3.2223103645671,35.2065607831958
9.17698412698413,1.27683825011098,0.94210477788146,3.22076944562314,35.207595006981
9.17708333333333,1.27680990013841,0.942240222587162,3.21922926366271,35.2086290685513
9.17718253968254,1.27678140348282,0.942375602366,3.21768981833021,35.2096629678719
9.17728174603175,1.27675276044305,0.942510917163189,3.21615110927021,35.2106967049083
9.17738095238095,1.27672397131784,0.942646166923945,3.21461313612743,35.2117302796258
9.17748015873016,1.27669503640586,0.942781351593491,3.21307589854675,35.2127636919896
9.17757936507936,1.27666595600569,0.942916471117051,3.21153939617321,35.2137969419651
9.17767857142857,1.27663673041582,0.943051525439854,3.21000362865203,35.2148300295177
9.17777777777778,1.27660735993466,0.943186514507132,3.20846859562857,35.2158629546126
9.17787698412699,1.27657784486054,0.943321438264125,3.20693429674834,35.2168957172152
9.17797619047619,1.27654818549172,0.943456296656067,3.20540073165707,35.2179283172908
9.1780753968254,1.27651838212634,0.943591089628206,3.20386790000058,35.2189607548046
9.1781746031746,1.27648843506249,0.943725817125787,3.2023358014249,35.219993029722
9.17827380952381,1.27645834459815,0.943860479094064,3.20080443557618,35.2210251420083
9.17837301587302,1.27642811103125,0.94399507547829,3.19927380210078,35.2220570916287
9.17847222222222,1.27639773465961,0.944129606223726,3.19774390064517,35.2230888785486
9.17857142857143,1.27636721578097,0.944264071275632,3.19621473085601,35.2241205027333
9.17867063492064,1.27633655469299,0.944398470579277,3.19468629238013,35.225151964148
9.17876984126984,1.27630575169325,0.944532804079928,3.1931585848645,35.226183262758
9.17886904761905,1.27627480707923,0.944667071722862,3.19163160795625,35.2272143985286
9.17896825396825,1.27624372114836,0.944801273453355,3.19010536130269,35.228245371425
9.17906746031746,1.27621249419795,0.944935409216689,3.18857984455128,35.2292761814126
9.17916666666667,1.27618112652525,0.945069478958148,3.18705505734964,35.2303068284566
9.17926587301587,1.27614961842741,0.945203482623021,3.18553099934555,35.2313373125223
9.17936507936508,1.27611797020151,0.945337420156604,3.18400767018692,35.2323676335749
9.17946428571429,1.27608618214454,0.945471291504189,3.18248506952192,35.2333977915797
9.17956349206349,1.27605425455342,0.945605096611077,3.18096319699879,35.2344277865019
9.1796626984127,1.27602218772495,0.945738835422573,3.17944205226594,35.2354576183068
9.17976190476191,1.27598998195589,0.945872507883984,3.17792163497197,35.2364872869596
9.17986111111111,1.27595763754288,0.946006113940622,3.17640194476563,35.2375167924256
9.17996031746032,1.27592515478251,0.946139653537801,3.17488298129583,35.23854613467
9.18005952380952,1.27589253397127,0.946273126620841,3.17336474421163,35.239575313658
9.18015873015873,1.27585977540555,0.946406533135064,3.17184723316227,35.2406043293549
9.18025793650794,1.27582687938168,0.946539873025797,3.17033044779714,35.2416331817259
9.18035714285714,1.27579384619591,0.94667314623837,3.1688143877658,35.2426618707363
9.18045634920635,1.27576067614437,0.946806352718116,3.16729905271795,35.2436903963511
9.18055555555556,1.27572736952316,0.946939492410373,3.16578444230348,35.2447187585358
9.18065476190476,1.27569392662826,0.947072565260484,3.16427055617242,35.2457469572554
9.18075396825397,1.27566034775556,0.947205571213792,3.16275739397497,35.2467749924752
9.18085317460318,1.2756266332009,0.947338510215649,3.16124495536147,35.2478028641604
9.18095238095238,1.27559278326,0.947471382211403,3.15973323998248,35.2488305722762
9.18105158730159,1.27555879822853,0.947604187146414,3.15822224748865,35.2498581167877
9.18115079365079,1.27552467840205,0.94773692496604,3.15671197753083,35.2508854976603
9.18125,1.27549042407605,0.947869595615646,3.15520242976003,35.251912714859
9.18134920634921,1.27545603554594,0.9480021990406,3.15369360382741,35.2529397683491
9.18144841269841,1.27542151310703,0.948134735186273,3.15218549938428,35.2539666580958
9.18154761904762,1.27538685705456,0.948267203998041,3.15067811608214,35.2549933840642
9.18164682539683,1.27535206768368,0.948399605421281,3.14917145357264,35.2560199462195
9.18174603174603,1.27531714528946,0.948531939401377,3.14766551150758,35.2570463445268
9.18184523809524,1.27528209016689,0.948664205883716,3.14616028953893,35.2580725789515
9.18194444444444,1.27524690261086,0.948796404813687,3.14465578731882,35.2590986494585
9.18204365079365,1.2752115829162,0.948928536136684,3.14315200449954,35.2601245560132
9.18214285714286,1.27517613137764,0.949060599798106,3.14164894073354,35.2611502985806
9.18224206349206,1.27514054828983,0.949192595743353,3.14014659567344,35.2621758771259
9.18234126984127,1.27510483394734,0.949324523917832,3.13864496897199,35.2632012916142
9.18244047619048,1.27506898864466,0.949456384266949,3.13714406028217,35.2642265420108
9.18253968253968,1.27503301267617,0.949588176736119,3.13564386925704,35.2652516282807
9.18263888888889,1.27499690633621,0.949719901270758,3.13414439554988,35.2662765503891
9.1827380952381,1.274960669919,0.949851557816285,3.13264563881409,35.2673013083011
9.1828373015873,1.27492430371869,0.949983146318126,3.13114759870325,35.2683259019819
9.18293650793651,1.27488780802934,0.950114666721707,3.12965027487112,35.2693503313966
9.18303571428571,1.27485118314495,0.950246118972461,3.12815366697157,35.2703745965103
9.18313492063492,1.27481442935941,0.950377503015822,3.12665777465869,35.2713986972881
9.18323412698413,1.27477754696653,0.950508818797229,3.12516259758668,35.2724226336952
9.18333333333333,1.27474053626005,0.950640066262125,3.12366813540994,35.2734464056967
9.18343253968254,1.27470339753361,0.950771245355957,3.12217438778302,35.2744700132577
9.18353174603175,1.27466613108079,0.950902356024175,3.1206813543606,35.2754934563433
9.18363095238095,1.27462873719505,0.951033398212233,3.11918903479758,35.2765167349187
9.18373015873016,1.2745912161698,0.951164371865588,3.11769742874896,35.2775398489488
9.18382936507937,1.27455356829834,0.951295276929704,3.11620653586992,35.2785627983989
9.18392857142857,1.27451579387392,0.951426113350042,3.11471635581586,35.2795855832339
9.18402777777778,1.27447789318968,0.951556881072073,3.11322688824226,35.2806082034191
9.18412698412699,1.27443986653868,0.951687580041271,3.11173813280479,35.2816306589195
9.18422619047619,1.27440171421389,0.951818210203111,3.11025008915929,35.2826529497001
9.1843253968254,1.27436343650823,0.951948771503073,3.10876275696175,35.2836750757262
9.1844246031746,1.27432503371449,0.952079263886643,3.10727613586833,35.2846970369626
9.18452380952381,1.2742865061254,0.952209687299307,3.10579022553534,35.2857188333746
9.18462301587302,1.27424785403362,0.952340041686556,3.10430502561927,35.2867404649271
9.18472222222222,1.2742090777317,0.952470326993887,3.10282053577674,35.2877619315853
9.18482142857143,1.27417017751213,0.952600543166799,3.10133675566456,35.2887832333142
9.18492063492064,1.27413115366729,0.952730690150793,3.09985368493969,35.2898043700789
9.18501984126984,1.27409200648949,0.952860767891377,3.09837132325925,35.2908253418444
9.18511904761905,1.27405273627097,0.95299077633406,3.09688967028053,35.2918461485758
9.18521825396825,1.27401334330386,0.953120715424358,3.09540872566095,35.2928667902381
9.18531746031746,1.27397382788024,0.953250585107788,3.09392848905812,35.2938872667964
9.18541666666667,1.27393419029206,0.953380385329871,3.09244896012984,35.2949075782158
9.18551587301587,1.27389443083124,0.953510116036131,3.090970138534,35.2959277244612
9.18561507936508,1.27385454978957,0.953639777172099,3.08949202392871,35.2969477054977
9.18571428571429,1.27381454745878,0.953769368683308,3.0880146159722,35.2979675212903
9.18581349206349,1.27377442413052,0.953898890515293,3.08653791432289,35.298987171804
9.1859126984127,1.27373418009633,0.954028342613595,3.08506191863935,35.300006657004
9.18601190476191,1.27369381564771,0.954157724923758,3.08358662858031,35.3010259768551
9.18611111111111,1.27365333107603,0.95428703739133,3.08211204380467,35.3020451313225
9.18621031746032,1.27361272667262,0.954416279961863,3.08063816397146,35.3030641203711
9.18630952380952,1.27357200272868,0.954545452580911,3.07916498873992,35.3040829439659
9.18640873015873,1.27353115953536,0.954674555194034,3.07769251776941,35.305101602072
9.18650793650794,1.27349019738373,0.954803587746795,3.07622075071947,35.3061200946544
9.18660714285714,1.27344911656474,0.954932550184759,3.07474968724981,35.307138421678
9.18670634920635,1.2734079173693,0.955061442453499,3.07327932702027,35.3081565831078
9.18680555555556,1.27336660008821,0.955190264498588,3.07180966969086,35.3091745789089
9.18690476190476,1.27332516501219,0.955319016265602,3.0703407149218,35.3101924090462
9.18700396825397,1.27328361243188,0.955447697700125,3.06887246237341,35.3112100734847
9.18710317460318,1.27324194263784,0.95557630874774,3.06740491170619,35.3122275721895
9.18720238095238,1.27320015592053,0.955704849354038,3.06593806258082,35.3132449051254
9.18730158730159,1.27315825257036,0.955833319464611,3.0644719146581,35.3142620722574
9.18740079365079,1.27311623287761,0.955961719025055,3.06300646759902,35.3152790735506
9.1875,1.27307409713252,0.956090047980972,3.06154172106475,35.3162959089698
9.18759920634921,1.27303184562522,0.956218306277965,3.06007767471657,35.3173125784801
9.18769841269841,1.27298947864576,0.956346493861642,3.05861432821597,35.3183290820464
9.18779761904762,1.27294699648413,0.956474610677614,3.05715168122456,35.3193454196337
9.18789682539682,1.27290439943019,0.956602656671497,3.05568973340415,35.3203615912069
9.18799603174603,1.27286168777376,0.956730631788911,3.05422848441668,35.321377596731
9.18809523809524,1.27281886180456,0.956858535975477,3.05276793392426,35.3223934361709
9.18819444444444,1.27277592181222,0.956986369176823,3.05130808158918,35.3234091094916
9.18829365079365,1.27273286808629,0.95711413133858,3.04984892707384,35.324424616658
9.18839285714286,1.27268970091625,0.957241822406379,3.04839047004088,35.3254399576349
9.18849206349206,1.27264642059148,0.95736944232586,3.04693271015303,35.3264551323875
9.18859126984127,1.27260302740128,0.957496991042665,3.04547564707322,35.3274701408806
9.18869047619048,1.27255952163488,0.957624468502438,3.04401928046453,35.3284849830791
9.18878968253968,1.27251590358139,0.95775187465083,3.04256360999019,35.3294996589479
9.18888888888889,1.27247217352989,0.957879209433492,3.04110863531361,35.330514168452
9.18898809523809,1.27242833176933,0.958006472796081,3.03965435609834,35.3315285115562
9.1890873015873,1.27238437858859,0.958133664684258,3.03820077200811,35.3325426882256
9.18918650793651,1.27234031427649,0.958260785043687,3.03674788270681,35.3335566984249
9.18928571428571,1.27229613912173,0.958387833820036,3.03529568785847,35.3345705421191
9.18938492063492,1.27225185341295,0.958514810958976,3.03384418712731,35.3355842192731
9.18948412698413,1.2722074574387,0.958641716406183,3.03239338017769,35.3365977298519
9.18958333333333,1.27216295148744,0.958768550107335,3.03094326667415,35.3376110738202
9.18968253968254,1.27211833584756,0.958895312008117,3.02949384628136,35.3386242511429
9.18978174603175,1.27207361080736,0.959022002054216,3.02804511866416,35.3396372617851
9.18988095238095,1.27202877665505,0.959148620191319,3.0265970834876,35.3406501057114
9.18998015873016,1.27198383367877,0.959275166365121,3.02514974041684,35.3416627828869
9.19007936507936,1.27193878216656,0.959401640521322,3.02370308911719,35.3426752932764
9.19017857142857,1.27189362240638,0.959528042605622,3.02225712925418,35.3436876368448
9.19027777777778,1.27184835468612,0.959654372563727,3.02081186049343,35.3446998135569
9.19037698412698,1.27180297929358,0.959780630341347,3.01936728250078,35.3457118233776
9.19047619047619,1.27175749651647,0.959906815884193,3.01792339494219,35.3467236662717
9.1905753968254,1.27171190664242,0.960032929137983,3.01648019748382,35.3477353422042
9.1906746031746,1.27166620995897,0.960158970048437,3.01503768979194,35.3487468511398
9.19077380952381,1.2716204067536,0.960284938561279,3.01359587153304,35.3497581930434
9.19087301587301,1.27157449731367,0.960410834622238,3.01215474237372,35.35076936788
9.19097222222222,1.2715284819265,0.960536658177044,3.01071430198077,35.3517803756142
9.19107142857143,1.27148236087928,0.960662409171434,3.00927455002114,35.352791216211
9.19117063492063,1.27143613445915,0.960788087551146,3.00783548616192,35.3538018896351
9.19126984126984,1.27138980295315,0.960913693261925,3.00639711007036,35.3548123958515
9.19136904761905,1.27134336664824,0.961039226249514,3.00495942141394,35.355822734825
9.19146825396825,1.27129682583131,0.961164686459667,3.00352241986021,35.3568329065203
9.19156746031746,1.27125018078915,0.961290073838135,3.00208610507693,35.3578429109022
9.19166666666667,1.27120343180846,0.961415388330679,3.000650476732,35.3588527479357
9.19176587301587,1.27115657917588,0.961540629883058,2.99921553449349,35.3598624175856
9.19186507936508,1.27110962317795,0.96166579844104,2.99778127802964,35.3608719198165
9.19196428571429,1.27106256410113,0.961790893950392,2.99634770700884,35.3618812545934
9.19206349206349,1.2710154022318,0.961915916356889,2.99491482109965,35.3628904218811
9.1921626984127,1.27096813785625,0.962040865606306,2.99348261997076,35.3638994216443
9.1922619047619,1.27092077126069,0.962165741644424,2.99205110329108,35.3649082538478
9.19236111111111,1.27087330273124,0.962290544417027,2.99062027072962,35.3659169184565
9.19246031746032,1.27082573255396,0.962415273869904,2.98919012195558,35.3669254154351
9.19255952380952,1.27077806101478,0.962539929948846,2.98776065663833,35.3679337447484
9.19265873015873,1.27073028839961,0.962664512599648,2.98633187444739,35.3689419063613
9.19275793650794,1.27068241499421,0.962789021768112,2.98490377505241,35.3699499002384
9.19285714285714,1.27063444108431,0.962913457400036,2.98347635812327,35.3709577263445
9.19295634920635,1.27058636695552,0.96303781944123,2.98204962332997,35.3719653846445
9.19305555555556,1.2705381928934,0.963162107837504,2.98062357034265,35.372972875103
9.19315476190476,1.27048991918338,0.963286322534672,2.97919819883166,35.3739801976849
9.19325396825397,1.27044154611086,0.963410463478552,2.97777350846747,35.3749873523549
9.19335317460317,1.27039307396111,0.963534530614966,2.97634949892072,35.3759943390778
9.19345238095238,1.27034450301935,0.963658523889738,2.97492616986224,35.3770011578183
9.19355158730159,1.2702958335707,0.9637824432487,2.97350352096298,35.3780078085412
9.19365079365079,1.2702470659002,0.963906288637683,2.97208155189408,35.3790142912113
9.19375,1.2701982002928,0.964030060002525,2.97066026232682,35.3800206057931
9.19384920634921,1.27014923703338,0.964153757289065,2.96923965193266,35.3810267522516
9.19394841269841,1.27010017640672,0.964277380443148,2.96781972038321,35.3820327305515
9.19404761904762,1.27005101869754,0.964400929410622,2.96640046735025,35.3830385406574
9.19414682539682,1.27000176419044,0.964524404137339,2.9649818925057,35.3840441825341
9.19424603174603,1.26995241316998,0.964647804569156,2.96356399552166,35.3850496561464
9.19434523809524,1.2699029659206,0.964771130651929,2.9621467760704,35.3860549614589
9.19444444444444,1.26985342272667,0.964894382331523,2.96073023382433,35.3870600984363
9.19454365079365,1.26980378387249,0.965017559553804,2.95931436845604,35.3880650670435
9.19464285714286,1.26975404964226,0.965140662264642,2.95789917963825,35.389069867245
9.19474206349206,1.26970422032009,0.965263690409913,2.95648466704387,35.3900744990057
9.19484126984127,1.26965429619002,0.965386643935494,2.95507083034596,35.3910789622902
9.19494047619048,1.26960427753601,0.965509522787267,2.95365766921775,35.3920832570631
9.19503968253968,1.26955416464192,0.965632326911118,2.95224518333261,35.3930873832893
9.19513888888889,1.26950395779155,0.965755056252935,2.9508333723641,35.3940913409334
9.19523809523809,1.26945365726859,0.965877710758612,2.94942223598592,35.3950951299601
9.1953373015873,1.26940326335666,0.966000290374046,2.94801177387193,35.396098750334
9.19543650793651,1.2693527763393,0.966122795045136,2.94660198569617,35.3971022020199
9.19553571428571,1.26930219649995,0.966245224717789,2.94519287113282,35.3981054849824
9.19563492063492,1.269251524122,0.96636757933791,2.94378442985624,35.3991085991863
9.19573412698413,1.26920075948871,0.966489858851415,2.94237666154091,35.4001115445961
9.19583333333333,1.2691499028833,0.966612063204215,2.94096956586154,35.4011143211766
9.19593253968254,1.26909895458887,0.966734192342231,2.93956314249296,35.4021169288924
9.19603174603175,1.26904791488847,0.966856246211386,2.93815739111015,35.4031193677082
9.19613095238095,1.26899678406504,0.966978224757607,2.93675231138827,35.4041216375887
9.19623015873016,1.26894556240144,0.967100127926824,2.93534790300263,35.4051237384984
9.19632936507936,1.26889425018047,0.967221955664973,2.93394416562871,35.406125670402
9.19642857142857,1.26884284768482,0.96734370791799,2.93254109894216,35.4071274332643
9.19652777777778,1.26879135519711,0.967465384631818,2.93113870261876,35.4081290270498
9.19662698412698,1.26873977110761,0.967586986554913,2.92973697608503,35.4091304525413
9.19672619047619,1.26868809285048,0.967708514836826,2.92833591866533,35.4101317109296
9.1968253968254,1.26863632049783,0.967829969505454,2.92693553004751,35.4111328022611
9.1969246031746,1.26858445414372,0.96795135057936,2.92553580992246,35.412133726573
9.19702380952381,1.26853249388222,0.968072658077073,2.92413675798118,35.4131344839021
9.19712301587301,1.26848043980747,0.968193892017092,2.92273837391478,35.4141350742854
9.19722222222222,1.26842829201358,0.968315052417889,2.92134065741446,35.4151354977598
9.19732142857143,1.26837605059473,0.968436139297899,2.91994360817158,35.4161357543621
9.19742063492064,1.26832371564511,0.968557152675531,2.91854722587758,35.4171358441293
9.19751984126984,1.26827128725892,0.968678092569163,2.91715151022398,35.4181357670981
9.19761904761905,1.26821876553042,0.968798958997141,2.91575646090245,35.4191355233052
9.19771825396825,1.26816615055388,0.968919751977782,2.91436207760475,35.4201351127873
9.19781746031746,1.26811344242358,0.969040471529371,2.91296836002274,35.4211345355813
9.19791666666667,1.26806064123385,0.969161117670164,2.91157530784842,35.4221337917236
9.19801587301587,1.26800774707905,0.969281690418384,2.91018292077386,35.4231328812509
9.19811507936508,1.26795476005353,0.969402189792227,2.90879119849127,35.4241318041999
9.19821428571429,1.26790168025172,0.969522615809854,2.90740014069296,35.425130560607
9.19831349206349,1.26784850776803,0.9696429684894,2.90600974707132,35.4261291505087
9.1984126984127,1.26779524269691,0.969763247848966,2.9046200173189,35.4271275739416
9.1985119047619,1.26774188513285,0.969883453906623,2.90323095112832,35.428125830942
9.19861111111111,1.26768843517036,0.970003586680414,2.90184254819232,35.4291239215463
9.19871031746032,1.26763489290397,0.97012364618835,2.90045480820373,35.430121845791
9.19880952380952,1.26758125842823,0.970243632448407,2.89906773085555,35.4311196037124
9.19890873015873,1.26752753183774,0.970363545478537,2.89768131584083,35.4321171953466
9.19900793650794,1.2674737132271,0.970483385296659,2.89629556285273,35.4331146207301
9.19910714285714,1.26741980269095,0.970603151920661,2.89491047158455,35.434111879899
9.19920634920635,1.26736580032397,0.9707228453684,2.89352604172967,35.4351089728895
9.19930555555556,1.26731170622084,0.970842465657704,2.8921422729816,35.4361058997378
9.19940476190476,1.26725752047627,0.970962012806369,2.89075916503394,35.4371026604799
9.19950396825397,1.26720324318502,0.971081486832161,2.88937671758042,35.4380992551519
9.19960317460317,1.26714887444186,0.971200887752815,2.88799493031486,35.43909568379
9.19970238095238,1.26709441434157,0.971320215586037,2.88661380293119,35.44009194643
9.19980158730159,1.26703986297899,0.9714394703495,2.88523333512347,35.4410880431081
9.19990079365079,1.26698522044897,0.971558652060849,2.88385352658583,35.44208397386
9.2,1.26693048684638,0.971677760737695,2.88247437701255,35.4430797387217
9.20009920634921,1.26687566226612,0.971796796397623,2.881095886098,35.444075337729
9.20019841269841,1.26682074680312,0.971915759058185,2.87971805353662,35.4450707709179
9.20029761904762,1.26676574055234,0.972034648736899,2.87834087902306,35.446066038324
9.20039682539683,1.26671064360876,0.972153465451258,2.87696436225197,35.4470611399832
9.20049603174603,1.26665545606739,0.972272209218723,2.87558850291818,35.4480560759311
9.20059523809524,1.26660017802326,0.972390880056722,2.87421330071659,35.4490508462035
9.20069444444444,1.26654480957143,0.972509477982655,2.87283875534223,35.4500454508359
9.20079365079365,1.266489350807,0.972628003013891,2.87146486649021,35.4510398898641
9.20089285714286,1.26643380182507,0.972746455167768,2.87009163385579,35.4520341633235
9.20099206349206,1.26637816272079,0.972864834461592,2.86871905713431,35.4530282712498
9.20109126984127,1.26632243358932,0.972983140912641,2.86734713602123,35.4540222136784
9.20119047619048,1.26626661452585,0.973101374538161,2.86597587021211,35.4550159906447
9.20128968253968,1.26621070562561,0.973219535355368,2.86460525940262,35.4560096021843
9.20138888888889,1.26615470698384,0.973337623381446,2.86323530328855,35.4570030483326
9.20148809523809,1.26609861869581,0.973455638633551,2.86186600156578,35.4579963291248
9.2015873015873,1.26604244085682,0.973573581128806,2.86049735393032,35.4589894445963
9.20168650793651,1.2659861735622,0.973691450884307,2.85912936007826,35.4599823947825
9.20178571428571,1.2659298169073,0.973809247917112,2.85776201970584,35.4609751797185
9.20188492063492,1.26587337098748,0.973926972244257,2.85639533250938,35.4619677994395
9.20198412698413,1.26581683589817,0.974044623882741,2.85502929818531,35.4629602539809
9.20208333333333,1.26576021173479,0.974162202849538,2.85366391643018,35.4639525433776
9.20218253968254,1.26570349859279,0.974279709161586,2.85229918694062,35.4649446676649
9.20228174603175,1.26564669656767,0.974397142835797,2.85093510941341,35.4659366268778
9.20238095238095,1.26558980575492,0.97451450388905,2.8495716835454,35.4669284210513
9.20248015873016,1.26553282625009,0.974631792338192,2.84820890903359,35.4679200502205
9.20257936507936,1.26547575814873,0.974749008200044,2.84684678557505,35.4689115144202
9.20267857142857,1.26541860154645,0.974866151491392,2.84548531286697,35.4699028136856
9.20277777777778,1.26536135653884,0.974983222228993,2.84412449060666,35.4708939480513
9.20287698412698,1.26530402322156,0.975100220429575,2.84276431849154,35.4718849175524
9.20297619047619,1.26524660169027,0.975217146109833,2.84140479621911,35.4728757222235
9.2030753968254,1.26518909204066,0.975333999286432,2.84004592348702,35.4738663620997
9.2031746031746,1.26513149436847,0.975450779976009,2.83868769999297,35.4748568372154
9.20327380952381,1.26507380876942,0.975567488195165,2.83733012543486,35.4758471476056
9.20337301587302,1.26501603533931,0.975684123960476,2.83597319951061,35.4768372933049
9.20347222222222,1.26495817417392,0.975800687288484,2.83461692191829,35.4778272743478
9.20357142857143,1.26490022536908,0.975917178195702,2.83326129235608,35.4788170907691
9.20367063492064,1.26484218902066,0.976033596698612,2.83190631052224,35.4798067426033
9.20376984126984,1.26478406522452,0.976149942813666,2.83055197611518,35.480796229885
9.20386904761905,1.26472585407657,0.976266216557284,2.82919828883339,35.4817855526486
9.20396825396825,1.26466755567274,0.976382417945857,2.82784524837547,35.4827747109286
9.20406746031746,1.26460917010899,0.976498546995744,2.82649285444015,35.4837637047594
9.20416666666667,1.26455069748132,0.976614603723275,2.82514110672624,35.4847525341755
9.20426587301587,1.26449213788572,0.976730588144747,2.82379000493267,35.4857411992112
9.20436507936508,1.26443349141823,0.97684650027643,2.82243954875849,35.4867296999009
9.20446428571429,1.26437475817493,0.976962340134561,2.82108973790284,35.4877180362787
9.20456349206349,1.26431593825189,0.977078107735345,2.81974057206499,35.4887062083791
9.2046626984127,1.26425703174524,0.977193803094963,2.81839205094429,35.4896942162361
9.20476190476191,1.26419803875112,0.977309426229554,2.81704417424023,35.490682059884
9.20486111111111,1.26413895936569,0.977424977155238,2.8156969416524,35.4916697393569
9.20496031746032,1.26407979368517,0.977540455888098,2.81435035288048,35.4926572546889
9.20505952380952,1.26402054180575,0.977655862444188,2.81300440762427,35.4936446059141
9.20515873015873,1.26396120382371,0.977771196839531,2.81165910558369,35.4946317930666
9.20525793650794,1.2639017798353,0.977886459090121,2.81031444645874,35.4956188161803
9.20535714285714,1.26384226993684,0.97800164921192,2.80897042994957,35.4966056752892
9.20545634920635,1.26378267422465,0.978116767220859,2.8076270557564,35.4975923704273
9.20555555555556,1.26372299279508,0.978231813132841,2.80628432357958,35.4985789016283
9.20565476190476,1.26366322574451,0.978346786963734,2.80494223311956,35.4995652689263
9.20575396825397,1.26360337316936,0.97846168872938,2.8036007840769,35.500551472355
9.20585317460317,1.26354343516605,0.978576518445587,2.80225997615228,35.5015375119482
9.20595238095238,1.26348341183104,0.978691276128136,2.80091980904646,35.5025233877397
9.20605158730159,1.26342330326083,0.978805961792773,2.79958028246035,35.5035090997631
9.20615079365079,1.26336310955192,0.978920575455218,2.79824139609492,35.5044946480522
9.20625,1.26330283080085,0.979035117131156,2.7969031496513,35.5054800326406
9.20634920634921,1.26324246710419,0.979149586836245,2.7955655428307,35.5064652535619
9.20644841269841,1.26318201855853,0.97926398458611,2.79422857533443,35.5074503108496
9.20654761904762,1.26312148526049,0.979378310396347,2.79289224686392,35.5084352045374
9.20664682539683,1.26306086730671,0.97949256428252,2.79155655712073,35.5094199346587
9.20674603174603,1.26300016479387,0.979606746260165,2.79022150580648,35.510404501247
9.20684523809524,1.26293937781865,0.979720856344785,2.78888709262294,35.5113889043357
9.20694444444444,1.26287850647779,0.979834894551854,2.78755331727198,35.5123731439583
9.20704365079365,1.26281755086803,0.979948860896812,2.78622017945557,35.513357220148
9.20714285714286,1.26275651108615,0.980062755395074,2.78488767887578,35.5143411329381
9.20724206349206,1.26269538722896,0.98017657806202,2.78355581523482,35.5153248823621
9.20734126984127,1.26263417939328,0.980290328913001,2.78222458823497,35.5163084684531
9.20744047619048,1.26257288767597,0.980404007963338,2.78089399757866,35.5172918912443
9.20753968253968,1.2625115121739,0.98051761522832,2.77956404296839,35.518275150769
9.20763888888889,1.262450052984,0.980631150723208,2.77823472410677,35.5192582470602
9.2077380952381,1.26238851020319,0.980744614463227,2.77690604069658,35.5202411801511
9.2078373015873,1.26232688392844,0.980858006463577,2.77557799244064,35.5212239500747
9.20793650793651,1.26226517425673,0.980971326739426,2.77425057904189,35.5222065568642
9.20803571428571,1.26220338128507,0.981084575305911,2.7729238002034,35.5231890005524
9.20813492063492,1.26214150511051,0.981197752178137,2.77159765562834,35.5241712811724
9.20823412698413,1.26207954583012,0.981310857371181,2.77027214501998,35.525153398757
9.20833333333333,1.26201750354098,0.981423890900088,2.76894726808172,35.5261353533392
9.20843253968254,1.26195537834022,0.981536852779872,2.76762302451704,35.5271171449519
9.20853174603175,1.26189317032499,0.981649743025518,2.76629941402954,35.5280987736278
9.20863095238095,1.26183087959244,0.981762561651979,2.76497643632295,35.5290802393997
9.20873015873016,1.2617685062398,0.981875308674177,2.76365409110107,35.5300615423005
9.20882936507936,1.26170605036427,0.981987984107006,2.76233237806785,35.5310426823627
9.20892857142857,1.26164351206311,0.982100587965326,2.76101129692731,35.5320236596191
9.20902777777778,1.2615808914336,0.98221312026397,2.7596908473836,35.5330044741023
9.20912698412699,1.26151818857304,0.98232558101774,2.75837102914096,35.533985125845
9.20922619047619,1.26145540357876,0.982437970241401,2.7570518419038,35.5349656148797
9.2093253968254,1.26139253654813,0.982550287949696,2.75573328537655,35.5359459412389
9.2094246031746,1.26132958757852,0.982662534157334,2.75441535926381,35.5369261049552
9.20952380952381,1.26126655676734,0.982774708878992,2.75309806327026,35.5379061060609
9.20962301587302,1.26120344421203,0.982886812129318,2.7517813971007,35.5388859445886
9.20972222222222,1.26114025001006,0.98299884392293,2.75046536046004,35.5398656205706
9.20982142857143,1.26107697425891,0.983110804274415,2.74914995305329,35.5408451340393
9.20992063492064,1.26101361705609,0.983222693198328,2.74783517458557,35.541824485027
9.21001984126984,1.26095017849916,0.983334510709194,2.74652102476213,35.542803673566
9.21011904761905,1.26088665868567,0.98344625682151,2.74520750328829,35.5437826996885
9.21021825396825,1.26082305771322,0.983557931549739,2.74389460986952,35.5447615634267
9.21031746031746,1.26075937567944,0.983669534908314,2.74258234421136,35.5457402648129
9.21041666666667,1.26069561268197,0.98378106691164,2.74127070601949,35.5467188038791
9.21051587301587,1.26063176881848,0.983892527574089,2.73995969499967,35.5476971806576
9.21061507936508,1.26056784418667,0.984003916910004,2.73864931085779,35.5486753951802
9.21071428571429,1.26050383888428,0.984115234933694,2.73733955329986,35.5496534474792
9.21081349206349,1.26043975300905,0.984226481659442,2.73603042203196,35.5506313375864
9.2109126984127,1.26037558665877,0.984337657101497,2.73472191676032,35.5516090655339
9.21101190476191,1.26031133993123,0.98444876127408,2.73341403719124,35.5525866313535
9.21111111111111,1.26024701292428,0.984559794191379,2.73210678303116,35.5535640350772
9.21121031746032,1.26018260573576,0.984670755867554,2.73080015398661,35.5545412767368
9.21130952380952,1.26011811846357,0.984781646316732,2.72949414976424,35.5555183563641
9.21140873015873,1.26005355120561,0.984892465553012,2.72818877007079,35.556495273991
9.21150793650794,1.25998890405983,0.985003213590459,2.72688401461314,35.5574720296491
9.21160714285714,1.25992417712419,0.985113890443111,2.72557988309824,35.5584486233702
9.21170634920635,1.25985937049668,0.985224496124973,2.72427637523319,35.559425055186
9.21180555555556,1.25979448427531,0.98533503065002,2.72297349072516,35.5604013251281
9.21190476190476,1.25972951855813,0.985445494032198,2.72167122928145,35.561377433228
9.21200396825397,1.2596644734432,0.985555886285419,2.72036959060948,35.5623533795175
9.21210317460318,1.25959934902863,0.98566620742357,2.71906857441673,35.5633291640279
9.21220238095238,1.25953414541254,0.9857764574605,2.71776818041086,35.5643047867909
9.21230158730159,1.25946886269308,0.985886636410033,2.71646840829959,35.5652802478378
9.21240079365079,1.25940350096841,0.985996744285961,2.71516925779076,35.5662555472001
9.2125,1.25933806033675,0.986106781102045,2.7138707285923,35.5672306849092
9.21259920634921,1.25927254089632,0.986216746872015,2.71257282041229,35.5682056609964
9.21269841269841,1.25920694274537,0.986326641609573,2.71127553295888,35.5691804754931
9.21279761904762,1.25914126598219,0.986436465328387,2.70997886594036,35.5701551284305
9.21289682539683,1.25907551070508,0.986546218042096,2.70868281906509,35.5711296198399
9.21299603174603,1.25900967701238,0.986655899764309,2.70738739204158,35.5721039497526
9.21309523809524,1.25894376500245,0.986765510508604,2.70609258457842,35.5730781181995
9.21319444444444,1.25887777477366,0.986875050288527,2.70479839638432,35.574052125212
9.21329365079365,1.25881170642445,0.986984519117596,2.7035048271681,35.5750259708212
9.21339285714286,1.25874556005324,0.987093917009297,2.70221187663868,35.575999655058
9.21349206349206,1.25867933575849,0.987203243977084,2.7009195445051,35.5769731779535
9.21359126984127,1.25861303363872,0.987312500034386,2.69962783047649,35.5779465395388
9.21369047619048,1.25854665379242,0.987421685194592,2.69833673426213,35.5789197398447
9.21378968253968,1.25848019631814,0.987530799471069,2.69704625557136,35.5798927789022
9.21388888888889,1.25841366131447,0.98763984287715,2.69575639411365,35.5808656567422
9.2139880952381,1.25834704887999,0.987748815426136,2.69446714959858,35.5818383733956
9.2140873015873,1.25828035911332,0.987857717131302,2.69317852173584,35.5828109288931
9.21418650793651,1.25821359211313,0.987966548005887,2.69189051023522,35.5837833232656
9.21428571428571,1.25814674797808,0.988075308063103,2.69060311480662,35.5847555565438
9.21438492063492,1.25807982680687,0.988183997316131,2.68931633516006,35.5857276287584
9.21448412698413,1.25801282869825,0.98829261577812,2.68803017100565,35.58669953994
9.21458333333333,1.25794575375096,0.988401163462189,2.68674462205363,35.5876712901194
9.21468253968254,1.25787860206378,0.988509640381428,2.68545968801434,35.5886428793271
9.21478174603175,1.25781137373553,0.988618046548893,2.68417536859821,35.5896143075937
9.21488095238095,1.25774406886503,0.988726381977614,2.68289166351581,35.5905855749497
9.21498015873016,1.25767668755116,0.988834646680587,2.6816085724778,35.5915566814256
9.21507936507937,1.2576092298928,0.988942840670779,2.68032609519494,35.592527627052
9.21517857142857,1.25754169598886,0.989050963961124,2.67904423137813,35.5934984118591
9.21527777777778,1.25747408593828,0.989159016564528,2.67776298073835,35.5944690358774
9.21537698412699,1.25740639984003,0.989266998493867,2.67648234298671,35.5954394991372
9.21547619047619,1.25733863779311,0.989374909761984,2.6752023178344,35.5964098016689
9.2155753968254,1.25727079989653,0.989482750381692,2.67392290499275,35.5973799435028
9.2156746031746,1.25720288624934,0.989590520365776,2.67264410417317,35.598349924669
9.21577380952381,1.25713489695061,0.989698219726986,2.6713659150872,35.5993197451978
9.21587301587302,1.25706683209944,0.989805848478046,2.67008833744648,35.6002894051194
9.21597222222222,1.25699869179496,0.989913406631646,2.66881137096276,35.601258904464
9.21607142857143,1.25693047613632,0.990020894200447,2.66753501534791,35.6022282432615
9.21617063492064,1.25686218522269,0.99012831119708,2.66625927031388,35.6031974215421
9.21626984126984,1.25679381915329,0.990235657634143,2.66498413557275,35.6041664393358
9.21636904761905,1.25672537802734,0.990342933524206,2.66370961083671,35.6051352966726
9.21646825396825,1.25665686194409,0.990450138879808,2.66243569581805,35.6061039935825
9.21656746031746,1.25658827100284,0.990557273713457,2.66116239022915,35.6070725300954
9.21666666666667,1.25651960530289,0.990664338037628,2.65988969378257,35.6080409062411
9.21676587301587,1.25645086494358,0.990771331864769,2.65861760619089,35.6090091220496
9.21686507936508,1.25638205002428,0.990878255207296,2.65734612716686,35.6099771775506
9.21696428571429,1.25631316064436,0.990985108077595,2.6560752564233,35.6109450727739
9.21706349206349,1.25624419690325,0.991091890488021,2.65480499367316,35.6119128077493
9.2171626984127,1.25617515890039,0.991198602450898,2.65353533862949,35.6128803825065
9.21726190476191,1.25610604673525,0.991305243978521,2.65226629100546,35.6138477970752
9.21736111111111,1.25603686050732,0.991411815083152,2.65099785051434,35.6148150514849
9.21746031746032,1.25596760031613,0.991518315777024,2.6497300168695,35.6157821457653
9.21755952380952,1.25589826626121,0.99162474607234,2.64846278978444,35.6167490799459
9.21765873015873,1.25582885844216,0.99173110598127,2.64719616897275,35.6177158540564
9.21775793650794,1.25575937695855,0.991837395515957,2.64593015414813,35.6186824681261
9.21785714285714,1.25568982191003,0.99194361468851,2.6446647450244,35.6196489221846
9.21795634920635,1.25562019339625,0.992049763511009,2.64339994131549,35.6206152162612
9.21805555555556,1.25555049151688,0.992155841995505,2.6421357427354,35.6215813503854
9.21815476190476,1.25548071637163,0.992261850154015,2.64087214899832,35.6225473245864
9.21825396825397,1.25541086806023,0.992367787998527,2.63960915981846,35.6235131388937
9.21835317460318,1.25534094668245,0.992473655540999,2.6383467749102,35.6244787933365
9.21845238095238,1.25527095233807,0.992579452793358,2.63708499398799,35.625444287944
9.21855158730159,1.25520088512689,0.9926851797675,2.6358238167664,35.6264096227454
9.21865079365079,1.25513074514876,0.992790836475293,2.63456324296013,35.62737479777
9.21875,1.25506053250354,0.99289642292857,2.63330327228396,35.6283398130468
9.21884920634921,1.25499024729113,0.993001939139137,2.6320439044528,35.6293046686049
9.21894841269841,1.25491988961143,0.993107385118767,2.63078513918165,35.6302693644735
9.21904761904762,1.2548494595644,0.993212760879205,2.62952697618563,35.6312339006815
9.21914682539682,1.25477895724999,0.993318066432163,2.62826941517996,35.632198277258
9.21924603174603,1.25470838276822,0.993423301789324,2.62701245587998,35.6331624942319
9.21934523809524,1.2546377362191,0.99352846696234,2.62575609800114,35.634126551632
9.21944444444444,1.25456701770268,0.993633561962831,2.62450034125898,35.6350904494874
9.21954365079365,1.25449622731903,0.993738586802392,2.62324518536915,35.6360541878269
9.21964285714286,1.25442536516826,0.993843541492577,2.62199063004746,35.6370177666792
9.21974206349206,1.2543544313505,0.99394842604492,2.62073667500975,35.6379811860731
9.21984126984127,1.25428342596589,0.994053240470917,2.61948331997203,35.6389444460375
9.21994047619048,1.25421234911463,0.99415798478204,2.61823056465038,35.6399075466009
9.22003968253968,1.25414120089692,0.994262658989724,2.61697840876101,35.6408704877921
9.22013888888889,1.25406998141299,0.994367263105377,2.61572685202023,35.6418332696397
9.22023809523809,1.25399869076311,0.994471797140377,2.61447589414446,35.6427958921723
9.2203373015873,1.25392732904755,0.994576261106069,2.61322553485023,35.6437583554185
9.22043650793651,1.25385589636663,0.994680655013769,2.61197577385418,35.6447206594068
9.22053571428571,1.2537843928207,0.994784978874762,2.61072661087306,35.6456828041656
9.22063492063492,1.25371281851012,0.994889232700302,2.60947804562372,35.6466447897235
9.22073412698413,1.25364117353527,0.994993416501614,2.60823007782312,35.6476066161089
9.22083333333333,1.25356945799658,0.995097530289891,2.60698270718835,35.6485682833501
9.22093253968254,1.2534976719945,0.995201574076295,2.60573593343657,35.6495297914755
9.22103174603175,1.25342581562949,0.99530554787196,2.60448975628506,35.6504911405134
9.22113095238095,1.25335388900205,0.995409451687985,2.60324417545126,35.6514523304921
9.22123015873016,1.25328189221271,0.995513285535443,2.60199919065265,35.6524133614399
9.22132936507936,1.25320982536201,0.995617049425374,2.60075480160686,35.6533742333848
9.22142857142857,1.25313768855054,0.995720743368787,2.5995110080316,35.6543349463552
9.22152777777778,1.2530654818789,0.995824367376662,2.5982678096447,35.6552955003791
9.22162698412698,1.25299320544771,0.995927921459949,2.59702520616412,35.6562558954847
9.22172619047619,1.25292085935764,0.996031405629564,2.5957831973079,35.6572161317
9.2218253968254,1.25284844370936,0.996134819896397,2.5945417827942,35.658176209053
9.2219246031746,1.25277595860358,0.996238164271303,2.59330096234128,35.6591361275717
9.22202380952381,1.25270340414105,0.996341438765109,2.59206073566753,35.6600958872841
9.22212301587301,1.25263078042251,0.996444643388612,2.59082110249143,35.6610554882181
9.22222222222222,1.25255808754876,0.996547778152577,2.58958206253157,35.6620149304015
9.22232142857143,1.25248532562062,0.996650843067738,2.58834361550665,35.6629742138623
9.22242063492063,1.25241249473892,0.996753838144799,2.58710576113548,35.6639333386282
9.22251984126984,1.25233959500453,0.996856763394437,2.58586849913697,35.6648923047271
9.22261904761905,1.25226662651835,0.99695961882729,2.58463182923018,35.6658511121866
9.22271825396825,1.25219358938129,0.997062404453973,2.58339575113423,35.6668097610345
9.22281746031746,1.2521204836943,0.997165120285068,2.58216026456836,35.6677682512984
9.22291666666667,1.25204730955836,0.997267766331126,2.58092536925193,35.668726583006
9.22301587301587,1.25197406707446,0.997370342602668,2.5796910649044,35.6696847561848
9.22311507936508,1.25190075634363,0.997472849110184,2.57845735124534,35.6706427708625
9.22321428571429,1.25182737746692,0.997575285864134,2.57722422799443,35.6716006270665
9.22331349206349,1.2517539305454,0.997677652874947,2.57599169487145,35.6725583248243
9.2234126984127,1.2516804156802,0.997779950153022,2.57475975159632,35.6735158641635
9.2235119047619,1.25160683297242,0.997882177708726,2.57352839788902,35.6744732451114
9.22361111111111,1.25153318252324,0.997984335552396,2.57229763346968,35.6754304676953
9.22371031746032,1.25145946443384,0.99808642369434,2.57106745805852,35.6763875319427
9.22380952380952,1.25138567880542,0.998188442144834,2.56983787137586,35.6773444378809
9.22390873015873,1.25131182573922,0.998290390914124,2.56860887314216,35.6783011855371
9.22400793650794,1.25123790533651,0.998392270012425,2.56738046307794,35.6792577749386
9.22410714285714,1.25116391769858,0.99849407944992,2.56615264090389,35.6802142061125
9.22420634920635,1.25108986292673,0.998595819236764,2.56492540634076,35.6811704790861
9.22430555555556,1.25101574112233,0.99869748938308,2.56369875910943,35.6821265938865
9.22440476190476,1.25094155238672,0.998799089898962,2.56247269893088,35.6830825505407
9.22450396825397,1.25086729682131,0.998900620794471,2.5612472255262,35.6840383490759
9.22460317460317,1.25079297452752,0.999002082079639,2.5600223386166,35.6849939895191
9.22470238095238,1.2507185856068,0.999103473764468,2.55879803792337,35.6859494718972
9.22480158730159,1.25064413016062,0.999204795858927,2.55757432316794,35.6869047962372
9.22490079365079,1.25056960829047,0.999306048372957,2.55635119407184,35.687859962566
9.225,1.2504950200979,0.999407231316467,2.5551286503567,35.6888149709105
9.22509920634921,1.25042036568445,0.999508344699336,2.55390669174426,35.6897698212976
9.22519841269841,1.2503456451517,0.999609388531412,2.55268531795637,35.690724513754
9.22529761904762,1.25027085860126,0.999710362822513,2.55146452871501,35.6916790483066
9.22539682539682,1.25019600613476,0.999811267582426,2.55024432374223,35.692633424982
9.22549603174603,1.25012108785386,0.999912102820909,2.5490247027602,35.6935876438071
9.22559523809524,1.25004610386024,1.00001286854769,2.54780566549123,35.6945417048083
9.22569444444444,1.24997105425562,1.00011356477245,2.54658721165771,35.6954956080125
9.22579365079365,1.24989593914173,1.00021419150487,2.54536934098215,35.6964493534461
9.22589285714286,1.24982075862035,1.00031474875458,2.54415205318714,35.6974029411357
9.22599206349206,1.24974551279325,1.00041523653118,2.54293534799542,35.6983563711079
9.22609126984127,1.24967020176226,1.00051565484425,2.54171922512982,35.6993096433892
9.22619047619048,1.24959482562922,1.00061600370333,2.54050368431326,35.7002627580059
9.22628968253968,1.249519384496,1.00071628311792,2.53928872526881,35.7012157149846
9.22638888888889,1.2494438784645,1.00081649309752,2.53807434771961,35.7021685143515
9.22648809523809,1.24936830763664,1.00091663365157,2.53686055138893,35.7031211561331
9.2265873015873,1.24929267211437,1.00101670478949,2.53564733600015,35.7040736403557
9.22668650793651,1.24921697199966,1.00111670652068,2.53443470127674,35.7050259670455
9.22678571428571,1.24914120739452,1.00121663885449,2.53322264694229,35.7059781362287
9.22688492063492,1.24906537840098,1.00131650180025,2.53201117272051,35.7069301479316
9.22698412698413,1.24898948512109,1.00141629536725,2.53080027833518,35.7078820021804
9.22708333333333,1.24891352765693,1.00151601956477,2.52958996351025,35.708833699001
9.22718253968254,1.2488375061106,1.00161567440205,2.52838022796974,35.7097852384198
9.22728174603175,1.24876142058426,1.00171525988828,2.52717107143777,35.7107366204627
9.22738095238095,1.24868527118004,1.00181477603265,2.52596249363859,35.7116878451557
9.22748015873016,1.24860905800015,1.00191422284429,2.52475449429655,35.7126389125248
9.22757936507936,1.24853278114679,1.00201360033233,2.52354707313611,35.713589822596
9.22767857142857,1.2484564407222,1.00211290850585,2.52234022988183,35.7145405753952
9.22777777777778,1.24838003682865,1.0022121473739,2.52113396425839,35.7154911709483
9.22787698412698,1.24830356956843,1.0023113169455,2.51992827599058,35.7164416092811
9.22797619047619,1.24822703904387,1.00241041722965,2.51872316480329,35.7173918904194
9.2280753968254,1.24815044535729,1.00250944823531,2.51751863042152,35.7183420143891
9.2281746031746,1.24807378861109,1.00260840997141,2.51631467257039,35.7192919812157
9.22827380952381,1.24799706890765,1.00270730244685,2.51511129097511,35.7202417909251
9.22837301587301,1.2479202863494,1.0028061256705,2.51390848536101,35.721191443543
9.22847222222222,1.24784344103879,1.0029048796512,2.51270625545351,35.7221409390948
9.22857142857143,1.24776653307829,1.00300356439775,2.5115046009782,35.7230902776063
9.22867063492064,1.24768956257042,1.00310217991895,2.5103035216607,35.7240394591029
9.22876984126984,1.2476125296177,1.00320072622352,2.50910301722678,35.7249884836103
9.22886904761905,1.24753543432268,1.0032992033202,2.50790308740232,35.7259373511539
9.22896825396825,1.24745827678795,1.00339761121767,2.50670373191329,35.7268860617591
9.22906746031746,1.24738105711612,1.00349594992458,2.50550495048578,35.7278346154514
9.22916666666667,1.24730377540983,1.00359421944956,2.50430674284598,35.7287830122561
9.22926587301587,1.24722643177173,1.0036924198012,2.50310910872022,35.7297312521986
9.22936507936508,1.24714902630451,1.00379055098808,2.50191204783489,35.7306793353042
9.22946428571429,1.24707155911089,1.00388861301871,2.50071555991652,35.7316272615981
9.22956349206349,1.24699403029361,1.00398660590161,2.49951964469175,35.7325750311057
9.2296626984127,1.24691643995544,1.00408452964525,2.49832430188731,35.733522643852
9.2297619047619,1.24683878819917,1.00418238425807,2.49712953123006,35.7344700998624
9.22986111111111,1.24676107512761,1.00428016974848,2.49593533244694,35.7354173991618
9.22996031746032,1.24668330084363,1.00437788612486,2.49474170526502,35.7363645417754
9.23005952380952,1.24660546545009,1.00447553339557,2.49354864941149,35.7373115277282
9.23015873015873,1.24652756904988,1.00457311156892,2.49235616461363,35.7382583570453
9.23025793650794,1.24644961174594,1.0046706206532,2.49116425059883,35.7392050297517
9.23035714285714,1.24637159364122,1.00476806065667,2.48997290709459,35.7401515458723
9.23045634920635,1.24629351483869,1.00486543158756,2.48878213382851,35.7410979054319
9.23055555555556,1.24621537544137,1.00496273345406,2.48759193052832,35.7420441084556
9.23065476190476,1.24613717555228,1.00505996626435,2.48640229692184,35.7429901549681
9.23075396825397,1.24605891527447,1.00515713002656,2.48521323273701,35.7439360449943
9.23085317460317,1.24598059471105,1.00525422474879,2.48402473770188,35.7448817785588
9.23095238095238,1.2459022139651,1.00535125043912,2.48283681154458,35.7458273556865
9.23105158730159,1.24582377313978,1.00544820710559,2.4816494539934,35.7467727764021
9.23115079365079,1.24574527233824,1.00554509475622,2.48046266477668,35.7477180407302
9.23125,1.24566671166368,1.005641913399,2.47927644362293,35.7486631486954
9.23134920634921,1.2455880912193,1.00573866304187,2.47809079026071,35.7496081003223
9.23144841269841,1.24550941110836,1.00583534369276,2.47690570441871,35.7505528956356
9.23154761904762,1.24543067143412,1.00593195535955,2.47572118582577,35.7514975346596
9.23164682539683,1.24535187229988,1.00602849805012,2.47453723421078,35.7524420174189
9.23174603174603,1.24527301380896,1.00612497177229,2.47335384930277,35.753386343938
9.23184523809524,1.2451940960647,1.00622137653385,2.47217103083087,35.7543305142412
9.23194444444444,1.24511511917048,1.00631771234259,2.4709887785243,35.755274528353
9.23204365079365,1.24503608322971,1.00641397920624,2.46980709211243,35.7562183862976
9.23214285714286,1.2449569883458,1.0065101771325,2.46862597132471,35.7571620880995
9.23224206349206,1.24487783462222,1.00660630612906,2.4674454158907,35.7581056337827
9.23234126984127,1.24479862216244,1.00670236620357,2.46626542554008,35.7590490233717
9.23244047619048,1.24471935106997,1.00679835736363,2.46508600000262,35.7599922568905
9.23253968253968,1.24464002144834,1.00689427961683,2.46390713900822,35.7609353343634
9.23263888888889,1.24456063340111,1.00699013297074,2.46272884228688,35.7618782558145
9.23273809523809,1.24448118703186,1.00708591743287,2.4615511095687,35.7628210212678
9.2328373015873,1.24440168244422,1.00718163301072,2.46037394058391,35.7637636307474
9.23293650793651,1.24432211974181,1.00727727971176,2.4591973350628,35.7647060842774
9.23303571428571,1.2442424990283,1.00737285754341,2.45802129273585,35.7656483818817
9.23313492063492,1.24416282040739,1.00746836651308,2.45684581333359,35.7665905235843
9.23323412698413,1.24408308398278,1.00756380662814,2.45567089658666,35.7675325094091
9.23333333333333,1.24400328985823,1.00765917789594,2.45449654222582,35.7684743393799
9.23343253968254,1.2439234381375,1.00775448032378,2.45332274998194,35.7694160135206
9.23353174603175,1.2438435289244,1.00784971391894,2.452149519586,35.770357531855
9.23363095238095,1.24376356232274,1.00794487868868,2.45097685076909,35.7712988944069
9.23373015873016,1.24368353843637,1.00803997464021,2.44980474326239,35.7722401012
9.23382936507936,1.24360345736917,1.00813500178072,2.44863319679721,35.773181152258
9.23392857142857,1.24352331922504,1.00822996011737,2.44746221110496,35.7741220476046
9.23402777777778,1.24344312410791,1.00832484965729,2.44629178591717,35.7750627872633
9.23412698412698,1.24336287212173,1.00841967040758,2.44512192096546,35.7760033712579
9.23422619047619,1.24328256337049,1.00851442237529,2.44395261598156,35.7769437996118
9.2343253968254,1.2432021979582,1.00860910556747,2.44278387069733,35.7778840723485
9.2344246031746,1.24312177598888,1.00870371999112,2.44161568484469,35.7788241894916
9.23452380952381,1.24304129756661,1.00879826565322,2.44044805815576,35.7797641510645
9.23462301587302,1.24296076279546,1.00889274256071,2.43928099036268,35.7807039570905
9.23472222222222,1.24288017177955,1.0089871507205,2.43811448119773,35.7816436075932
9.23482142857143,1.24279952462301,1.00908149013948,2.4369485303933,35.7825831025957
9.23492063492064,1.24271882143003,1.0091757608245,2.43578313768189,35.7835224421215
9.23501984126984,1.24263806230478,1.00926996278238,2.43461830279611,35.7844616261937
9.23511904761905,1.24255724735149,1.00936409601991,2.43345402546866,35.7854006548357
9.23521825396825,1.2424763766744,1.00945816054385,2.43229030543238,35.7863395280706
9.23531746031746,1.24239545037778,1.00955215636094,2.4311271424202,35.7872782459215
9.23541666666667,1.24231446856593,1.00964608347787,2.42996453616515,35.7882168084117
9.23551587301587,1.24223343134319,1.00973994190131,2.42880248640039,35.7891552155641
9.23561507936508,1.24215233881388,1.0098337316379,2.42764099285918,35.7900934674019
9.23571428571429,1.24207119108241,1.00992745269425,2.42648005527487,35.7910315639481
9.23581349206349,1.24198998825316,1.01002110507693,2.42531967338095,35.7919695052255
9.2359126984127,1.24190873043057,1.0101146887925,2.42415984691098,35.7929072912573
9.23601190476191,1.24182741771909,1.01020820384746,2.42300057559869,35.7938449220663
9.23611111111111,1.24174605022322,1.0103016502483,2.42184185917787,35.7947823976753
9.23621031746032,1.24166462804745,1.01039502800148,2.42068369738241,35.7957197181073
9.23630952380952,1.24158315129632,1.01048833711343,2.41952608994635,35.796656883385
9.23640873015873,1.2415016200744,1.01058157759053,2.41836903660381,35.7975938935311
9.23650793650794,1.24142003448626,1.01067474943915,2.41721253708902,35.7985307485685
9.23660714285714,1.24133839463654,1.01076785266562,2.41605659113633,35.7994674485198
9.23670634920635,1.24125670062987,1.01086088727624,2.41490119848019,35.8004039934076
9.23680555555556,1.24117495257091,1.01095385327729,2.41374635885516,35.8013403832546
9.23690476190476,1.24109315056437,1.01104675067501,2.41259207199591,35.8022766180835
9.23700396825397,1.24101129471495,1.01113957947561,2.41143833763723,35.8032126979166
9.23710317460317,1.24092938512741,1.01123233968526,2.41028515551399,35.8041486227766
9.23720238095238,1.24084742190653,1.01132503131012,2.4091325253612,35.8050843926859
9.23730158730159,1.24076540515709,1.0114176543563,2.40798044691396,35.8060200076671
9.23740079365079,1.24068333498393,1.01151020882989,2.40682891990746,35.8069554677424
9.2375,1.2406012114919,1.01160269473696,2.40567794407706,35.8078907729342
9.23759920634921,1.24051903478588,1.01169511208352,2.40452751915818,35.808825923265
9.23769841269841,1.24043680497076,1.01178746087558,2.40337764488635,35.8097609187569
9.23779761904762,1.2403545221515,1.01187974111909,2.40222832099723,35.8106957594323
9.23789682539683,1.24027218643303,1.01197195282,2.40107954722656,35.8116304453135
9.23799603174603,1.24018979792036,1.01206409598421,2.39993132331021,35.8125649764225
9.23809523809524,1.24010735671847,1.0121561706176,2.39878364898417,35.8134993527815
9.23819444444444,1.24002486293243,1.012248176726,2.3976365239845,35.8144335744128
9.23829365079365,1.23994231666728,1.01234011431523,2.3964899480474,35.8153676413382
9.23839285714286,1.23985971802812,1.01243198339107,2.39534392090916,35.81630155358
9.23849206349206,1.23977706712006,1.01252378395928,2.39419844230621,35.8172353111602
9.23859126984127,1.23969436404825,1.01261551602557,2.39305351197505,35.8181689141006
9.23869047619048,1.23961160891785,1.01270717959564,2.39190912965231,35.8191023624233
9.23878968253968,1.23952880183406,1.01279877467514,2.39076529507472,35.8200356561502
9.23888888888889,1.23944594290211,1.01289030126972,2.38962200797911,35.8209687953031
9.2389880952381,1.23936303222724,1.01298175938495,2.38847926810247,35.8219017799038
9.2390873015873,1.23928006991472,1.01307314902642,2.38733707518183,35.8228346099743
9.23918650793651,1.23919705606986,1.01316447019966,2.38619542895437,35.8237672855361
9.23928571428571,1.23911399079798,1.01325572291018,2.38505432915736,35.8246998066112
9.23938492063492,1.23903087420445,1.01334690716345,2.38391377552819,35.825632173221
9.23948412698413,1.23894770639463,1.01343802296493,2.38277376780435,35.8265643853875
9.23958333333333,1.23886448747393,1.01352907032002,2.38163430572345,35.827496443132
9.23968253968254,1.23878121754779,1.01362004923412,2.3804953890232,35.8284283464763
9.23978174603175,1.23869789672167,1.01371095971257,2.37935701744141,35.8293600954418
9.23988095238095,1.23861452510105,1.0138018017607,2.37821919071602,35.8302916900502
9.23998015873016,1.23853110279144,1.0138925753838,2.37708190858506,35.8312231303228
9.24007936507936,1.23844762989839,1.01398328058714,2.37594517078669,35.8321544162811
9.24017857142857,1.23836410652746,1.01407391737594,2.37480897705915,35.8330855479466
9.24027777777778,1.23828053278423,1.01416448575542,2.37367332714081,35.8340165253406
9.24037698412699,1.23819690877433,1.01425498573074,2.37253822077012,35.8349473484844
9.24047619047619,1.23811323460341,1.01434541730704,2.3714036576857,35.8358780173993
9.2405753968254,1.23802951037712,1.01443578048943,2.37026963762622,35.8368085321066
9.2406746031746,1.23794573620117,1.01452607528299,2.36913616033048,35.8377388926275
9.24077380952381,1.23786191218129,1.01461630169277,2.36800322553738,35.8386690989833
9.24087301587302,1.23777803842322,1.01470645972379,2.36687083298594,35.839599151195
9.24097222222222,1.23769411503273,1.01479654938103,2.36573898241529,35.8405290492838
9.24107142857143,1.23761014211563,1.01488657066945,2.36460767356465,35.8414587932708
9.24117063492064,1.23752611977776,1.01497652359398,2.36347690617337,35.842388383177
9.24126984126984,1.23744204812495,1.01506640815951,2.3623466799809,35.8433178190235
9.24136904761905,1.23735792726311,1.01515622437092,2.36121699472679,35.8442471008312
9.24146825396825,1.23727375729812,1.01524597223303,2.36008785015071,35.845176228621
9.24156746031746,1.23718953833593,1.01533565175064,2.35895924599244,35.846105202414
9.24166666666667,1.23710527048251,1.01542526292854,2.35783118199187,35.8470340222308
9.24176587301587,1.23702095384382,1.01551480577146,2.35670365788897,35.8479626880925
9.24186507936508,1.2369365885259,1.01560428028413,2.35557667342385,35.8488912000197
9.24196428571429,1.23685217463478,1.0156936864712,2.35445022833674,35.8498195580333
9.24206349206349,1.23676771227652,1.01578302433735,2.35332432236794,35.8507477621539
9.2421626984127,1.23668320155722,1.01587229388719,2.35219895525789,35.8516758124023
9.24226190476191,1.236598642583,1.01596149512532,2.35107412674711,35.8526037087991
9.24236111111111,1.23651403546001,1.01605062805628,2.34994983657626,35.8535314513649
9.24246031746032,1.2364293802944,1.01613969268461,2.34882608448608,35.8544590401204
9.24255952380952,1.23634467719239,1.01622868901481,2.34770287021743,35.855386475086
9.24265873015873,1.2362599262602,1.01631761705135,2.3465801935113,35.8563137562823
9.24275793650794,1.23617512760408,1.01640647679866,2.34545805410875,35.8572408837298
9.24285714285714,1.23609028133031,1.01649526826115,2.34433645175098,35.8581678574489
9.24295634920635,1.23600538754518,1.0165839914432,2.34321538617927,35.85909467746
9.24305555555556,1.23592044635504,1.01667264634915,2.34209485713505,35.8600213437834
9.24315476190476,1.23583545786624,1.01676123298331,2.34097486435981,35.8609478564396
9.24325396825397,1.23575042218515,1.01684975134998,2.33985540759518,35.8618742154488
9.24335317460318,1.2356653394182,1.01693820145341,2.33873648658288,35.8628004208312
9.24345238095238,1.23558020967181,1.01702658329781,2.33761810106478,35.8637264726072
9.24355158730159,1.23549503305245,1.01711489688738,2.3365002507828,35.8646523707968
9.24365079365079,1.2354098096666,1.01720314222629,2.33538293547901,35.8655781154203
9.24375,1.23532453962079,1.01729131931866,2.33426615489558,35.8665037064977
9.24384920634921,1.23523922302155,1.0173794281686,2.33314990877476,35.8674291440492
9.24394841269841,1.23515385997546,1.01746746878018,2.33203419685896,35.8683544280948
9.24404761904762,1.23506845058909,1.01755544115743,2.33091901889066,35.8692795586545
9.24414682539683,1.23498299496909,1.01764334530437,2.32980437461245,35.8702045357482
9.24424603174603,1.23489749322208,1.01773118122497,2.32869026376705,35.871129359396
9.24434523809524,1.23481194545476,1.01781894892318,2.32757668609728,35.8720540296178
9.24444444444444,1.23472635177381,1.01790664840293,2.32646364134606,35.8729785464333
9.24454365079365,1.23464071228596,1.01799427966809,2.32535112925642,35.8739029098624
9.24464285714286,1.23455502709796,1.01808184272253,2.3242391495715,35.874827119925
9.24474206349206,1.2344692963166,1.01816933757007,2.32312770203457,35.8757511766408
9.24484126984127,1.23438352004868,1.0182567642145,2.32201678638896,35.8766750800295
9.24494047619048,1.23429769840103,1.01834412265959,2.32090640237818,35.8775988301108
9.24503968253968,1.2342118314805,1.01843141290908,2.31979654974578,35.8785224269043
9.24513888888889,1.23412591939399,1.01851863496667,2.31868722823545,35.8794458704297
9.2452380952381,1.23403996224841,1.01860578883602,2.31757843759098,35.8803691607066
9.2453373015873,1.23395396015068,1.01869287452079,2.31647017755629,35.8812922977545
9.24543650793651,1.23386791320778,1.01877989202459,2.31536244787538,35.8822152815929
9.24553571428571,1.2337818215267,1.01886684135099,2.31425524829237,35.8831381122414
9.24563492063492,1.23369568521445,1.01895372250354,2.31314857855149,35.8840607897192
9.24573412698413,1.23360950437807,1.01904053548578,2.31204243839708,35.8849833140459
9.24583333333333,1.23352327912463,1.01912728030118,2.31093682757358,35.8859056852408
9.24593253968254,1.23343700956124,1.01921395695321,2.30983174582556,35.8868279033232
9.24603174603175,1.233350695795,1.0193005654453,2.30872719289767,35.8877499683125
9.24613095238095,1.23326433793308,1.01938710578083,2.30762316853469,35.8886718802278
9.24623015873016,1.23317793608264,1.01947357796319,2.30651967248149,35.8895936390885
9.24632936507937,1.23309149035088,1.01955998199571,2.30541670448306,35.8905152449137
9.24642857142857,1.23300500084504,1.01964631788168,2.30431426428451,35.8914366977225
9.24652777777778,1.23291846767237,1.0197325856244,2.30321235163105,35.8923579975341
9.24662698412699,1.23283189094014,1.0198187852271,2.30211096626799,35.8932791443676
9.24672619047619,1.23274527075567,1.01990491669299,2.30101010794075,35.894200138242
9.2468253968254,1.23265860722629,1.01999098002527,2.29990977639486,35.8951209791763
9.2469246031746,1.23257190045935,1.02007697522709,2.29880997137596,35.8960416671896
9.24702380952381,1.23248515056225,1.02016290230156,2.29771069262982,35.8969622023006
9.24712301587302,1.23239835764239,1.02024876125179,2.29661193990227,35.8978825845284
9.24722222222222,1.23231152180722,1.02033455208082,2.2955137129393,35.8988028138917
9.24732142857143,1.23222464316419,1.0204202747917,2.29441601148698,35.8997228904095
9.24742063492064,1.23213772182081,1.02050592938742,2.29331883529149,35.9006428141006
9.24751984126984,1.23205075788458,1.02059151587096,2.29222218409912,35.9015625849836
9.24761904761905,1.23196375146306,1.02067703424525,2.29112605765628,35.9024822030773
9.24771825396825,1.23187670266381,1.0207624845132,2.29003045570947,35.9034016684004
9.24781746031746,1.23178961159444,1.0208478666777,2.28893537800531,35.9043209809716
9.24791666666667,1.23170247836255,1.02093318074157,2.28784082429055,35.9052401408095
9.24801587301587,1.23161530307581,1.02101842670766,2.286746794312,35.9061591479326
9.24811507936508,1.23152808584189,1.02110360457873,2.28565328781662,35.9070780023594
9.24821428571429,1.2314408267685,1.02118871435756,2.28456030455146,35.9079967041086
9.24831349206349,1.23135352596335,1.02127375604685,2.28346784426368,35.9089152531986
9.2484126984127,1.23126618353422,1.02135872964931,2.28237590670054,35.9098336496478
9.24851190476191,1.23117879958887,1.02144363516761,2.28128449160944,35.9107518934746
9.24861111111111,1.23109137423512,1.02152847260437,2.28019359873786,35.9116699846974
9.24871031746032,1.2310039075808,1.0216132419622,2.27910322783339,35.9125879233345
9.24880952380952,1.23091639973378,1.02169794324366,2.27801337864374,35.9135057094042
9.24890873015873,1.23082885080193,1.02178257645132,2.27692405091673,35.9144233429247
9.24900793650794,1.23074126089318,1.02186714158766,2.27583524440027,35.9153408239144
9.24910714285714,1.23065363011547,1.02195163865518,2.2747469588424,35.9162581523913
9.24920634920635,1.23056595857675,1.02203606765633,2.27365919399125,35.9171753283737
9.24930555555556,1.23047824638503,1.02212042859352,2.27257194959507,35.9180923518796
9.24940476190476,1.23039049364832,1.02220472146915,2.27148522540223,35.9190092229271
9.24950396825397,1.23030270047467,1.02228894628557,2.2703990211612,35.9199259415343
9.24960317460318,1.23021486697215,1.02237310304511,2.26931333662053,35.9208425077192
9.24970238095238,1.23012699324887,1.02245719175006,2.26822817152892,35.9217589214997
9.24980158730159,1.23003907941293,1.0225412124027,2.26714352563516,35.9226751828938
9.24990079365079,1.2299511255725,1.02262516500527,2.26605939868814,35.9235912919194
9.25,1.22986313183576,1.02270904955996,2.26497579043688,35.9245072485944
9.25009920634921,1.2297750983109,1.02279286606895,2.26389270063049,35.9254230529365
9.25019841269841,1.22968702510616,1.02287661453438,2.2628101290182,35.9263387049636
9.25029761904762,1.2295989123298,1.02296029495838,2.26172807534935,35.9272542046934
9.25039682539682,1.22951076009009,1.02304390734302,2.26064653937337,35.9281695521437
9.25049603174603,1.22942256849536,1.02312745169036,2.25956552083982,35.9290847473321
9.25059523809524,1.22933433765392,1.02321092800242,2.25848501949836,35.9299997902763
9.25069444444444,1.22924606767415,1.02329433628118,2.25740503509875,35.9309146809939
9.25079365079365,1.22915775866444,1.02337767652862,2.25632556739087,35.9318294195026
9.25089285714286,1.2290694107332,1.02346094874667,2.25524661612473,35.9327440058197
9.25099206349206,1.22898102398887,1.02354415293721,2.2541681810504,35.9336584399629
9.25109126984127,1.22889259853992,1.02362728910212,2.25309026191809,35.9345727219495
9.25119047619048,1.22880413449484,1.02371035724325,2.25201285847812,35.9354868517971
9.25128968253968,1.22871563196216,1.02379335736239,2.2509359704809,35.9364008295231
9.25138888888889,1.22862709105042,1.02387628946133,2.24985959767697,35.9373146551448
9.25148809523809,1.2285385118682,1.02395915354181,2.24878373981695,35.9382283286795
9.2515873015873,1.22844989452409,1.02404194960556,2.24770839665161,35.9391418501445
9.25168650793651,1.22836123912673,1.02412467765425,2.24663356793179,35.9400552195571
9.25178571428571,1.22827254578476,1.02420733768954,2.24555925340846,35.9409684369345
9.25188492063492,1.22818381460686,1.02428992971305,2.24448545283268,35.9418815022939
9.25198412698413,1.22809504570175,1.02437245372639,2.24341216595565,35.9427944156525
9.25208333333333,1.22800623917814,1.02445490973111,2.24233939252866,35.9437071770273
9.25218253968254,1.22791739514481,1.02453729772875,2.24126713230309,35.9446197864354
9.25228174603175,1.22782851371052,1.02461961772081,2.24019538503044,35.945532243894
9.25238095238095,1.22773959498411,1.02470186970876,2.23912415046237,35.9464445494198
9.25248015873016,1.2276506390744,1.02478405369405,2.23805342835057,35.9473567030301
9.25257936507936,1.22756164609025,1.02486616967808,2.23698321844688,35.9482687047416
9.25267857142857,1.22747261614057,1.02494821766223,2.23591352050324,35.9491805545713
9.25277777777778,1.22738354933425,1.02503019764786,2.23484433427171,35.9500922525361
9.25287698412698,1.22729444578026,1.02511210963628,2.23377565950443,35.9510037986527
9.25297619047619,1.22720530558755,1.02519395362878,2.23270749595369,35.9519151929381
9.2530753968254,1.22711612886512,1.02527572962662,2.23163984337185,35.9528264354088
9.2531746031746,1.227026915722,1.02535743763103,2.2305727015114,35.9537375260817
9.25327380952381,1.22693766626723,1.0254390776432,2.22950607012494,35.9546484649734
9.25337301587301,1.22684838060988,1.02552064966431,2.22843994896516,35.9555592521006
9.25347222222222,1.22675905885907,1.02560215369547,2.22737433778487,35.9564698874798
9.25357142857143,1.22666970112391,1.02568358973782,2.226309236337,35.9573803711278
9.25367063492063,1.22658030751357,1.0257649577924,2.22524464437458,35.9582907030609
9.25376984126984,1.22649087813722,1.02584625786028,2.22418056165072,35.9592008832958
9.25386904761905,1.22640141310407,1.02592748994246,2.22311698791869,35.9601109118489
9.25396825396825,1.22631191252334,1.02600865403993,2.22205392293185,35.9610207887365
9.25406746031746,1.22622237650432,1.02608975015363,2.22099136644365,35.9619305139752
9.25416666666667,1.22613280515627,1.0261707782845,2.21992931820766,35.9628400875813
9.25426587301587,1.22604319858851,1.02625173843341,2.21886777797756,35.9637495095711
9.25436507936508,1.22595355691038,1.02633263060124,2.21780674550714,35.9646587799608
9.25446428571429,1.22586388023124,1.02641345478881,2.2167462205503,35.9655678987668
9.25456349206349,1.22577416866049,1.02649421099692,2.21568620286104,35.9664768660053
9.2546626984127,1.22568442230755,1.02657489922635,2.21462669219348,35.9673856816924
9.2547619047619,1.22559464128186,1.02665551947782,2.21356768830184,35.9682943458444
9.25486111111111,1.22550482569288,1.02673607175204,2.21250919094045,35.9692028584772
9.25496031746032,1.22541497565013,1.02681655604971,2.21145119986375,35.9701112196071
9.25505952380952,1.22532509126311,1.02689697237145,2.21039371482629,35.97101942925
9.25515873015873,1.22523517264139,1.02697732071788,2.20933673558272,35.9719274874219
9.25525793650794,1.22514521989453,1.0270576010896,2.20828026188781,35.9728353941388
9.25535714285714,1.22505523313215,1.02713781348716,2.20722429349644,35.9737431494166
9.25545634920635,1.22496521246386,1.02721795791107,2.2061688301636,35.9746507532713
9.25555555555556,1.22487515799933,1.02729803436184,2.20511387164437,35.9755582057187
9.25565476190476,1.22478506984824,1.02737804283993,2.20405941769395,35.9764655067746
9.25575396825397,1.22469494812029,1.02745798334577,2.20300546806765,35.9773726564548
9.25585317460317,1.22460479292523,1.02753785587976,2.20195202252089,35.978279654775
9.25595238095238,1.2245146043728,1.02761766044227,2.2008990808092,35.9791865017511
9.25605158730159,1.22442438257281,1.02769739703365,2.19984664268821,35.9800931973986
9.25615079365079,1.22433412763506,1.0277770656542,2.19879470791367,35.9809997417332
9.25625,1.22424383966939,1.02785666630421,2.19774327624142,35.9819061347706
9.25634920634921,1.22415351878567,1.02793619898392,2.19669234742742,35.9828123765262
9.25644841269841,1.2240631650938,1.02801566369356,2.19564192122776,35.9837184670157
9.25654761904762,1.22397277870369,1.0280950604333,2.1945919973986,35.9846244062545
9.25664682539682,1.22388235972528,1.02817438920332,2.19354257569623,35.9855301942581
9.25674603174603,1.22379190826856,1.02825365000373,2.19249365587703,35.986435831042
9.25684523809524,1.22370142444352,1.02833284283463,2.19144523769754,35.9873413166215
9.25694444444444,1.22361090836019,1.02841196769608,2.19039732091435,35.988246651012
9.25704365079365,1.22352036012861,1.02849102458813,2.18934990528418,35.9891518342289
9.25714285714286,1.22342977985887,1.02857001351078,2.18830299056387,35.9900568662873
9.25724206349206,1.22333916766106,1.02864893446399,2.18725657651035,35.9909617472026
9.25734126984127,1.22324852364533,1.02872778744772,2.18621066288068,35.99186647699
9.25744047619048,1.22315784792182,1.02880657246188,2.18516524943199,35.9927710556646
9.25753968253968,1.22306714060073,1.02888528950635,2.18412033592157,35.9936754832417
9.25763888888889,1.22297640179225,1.02896393858098,2.18307592210678,35.9945797597363
9.25773809523809,1.22288563160663,1.02904251968559,2.18203200774511,35.9954838851634
9.2578373015873,1.22279483015412,1.02912103281997,2.18098859259414,35.9963878595382
9.25793650793651,1.22270399754503,1.02919947798389,2.17994567641157,35.9972916828757
9.25803571428571,1.22261313388966,1.02927785517707,2.17890325895521,35.9981953551907
9.25813492063492,1.22252223929835,1.02935616439922,2.17786133998298,35.9990988764983
9.25823412698413,1.22243131388148,1.02943440564999,2.17681991925289,36.0000022468133
9.25833333333333,1.22234035774944,1.02951257892903,2.1757789965231,36.0009054661506
9.25843253968254,1.22224937101264,1.02959068423594,2.17473857155183,36.001808534525
9.25853174603175,1.22215835378154,1.02966872157031,2.17369864409744,36.0027114519512
9.25863095238095,1.22206730616661,1.02974669093167,2.17265921391839,36.0036142184442
9.25873015873016,1.22197622827835,1.02982459231955,2.17162028077324,36.0045168340185
9.25882936507936,1.22188512022729,1.02990242573343,2.17058184442067,36.0054192986889
9.25892857142857,1.22179398212398,1.02998019117275,2.16954390461947,36.0063216124699
9.25902777777778,1.221702814079,1.03005788863696,2.16850646112853,36.0072237753763
9.25912698412698,1.22161161620295,1.03013551812543,2.16746951370685,36.0081257874225
9.25922619047619,1.22152038860647,1.03021307963754,2.16643306211355,36.0090276486231
9.2593253968254,1.22142913140021,1.03029057317261,2.16539710610784,36.0099293589927
9.2594246031746,1.22133784469486,1.03036799872994,2.16436164544904,36.0108309185456
9.25952380952381,1.22124652860114,1.03044535630881,2.16332667989661,36.0117323272964
9.25962301587301,1.22115518322978,1.03052264590846,2.16229220921008,36.0126335852594
9.25972222222222,1.22106380869153,1.0305998675281,2.16125823314909,36.0135346924489
9.25982142857143,1.22097240509721,1.0306770211669,2.16022475147344,36.0144356488793
9.25992063492064,1.22088097255761,1.03075410682401,2.15919176394297,36.0153364545649
9.26001984126984,1.22078951118359,1.03083112449856,2.15815927031768,36.0162371095199
9.26011904761905,1.22069802108601,1.03090807418963,2.15712727035765,36.0171376137585
9.26021825396825,1.22060650237577,1.03098495589628,2.15609576382308,36.018037967295
9.26031746031746,1.22051495516379,1.03106176961752,2.15506475047427,36.0189381701434
9.26041666666667,1.22042337956103,1.03113851535237,2.15403423007163,36.0198382223179
9.26051587301587,1.22033177567845,1.03121519309979,2.1530042023757,36.0207381238326
9.26061507936508,1.22024014362705,1.0312918028587,2.1519746671471,36.0216378747014
9.26071428571429,1.22014848351788,1.03136834462801,2.15094562414657,36.0225374749384
9.26081349206349,1.22005679546197,1.0314448184066,2.14991707313497,36.0234369245576
9.2609126984127,1.21996507957041,1.03152122419332,2.14888901387324,36.0243362235728
9.2610119047619,1.21987333595432,1.03159756198696,2.14786144612246,36.025235371998
9.26111111111111,1.21978156472481,1.03167383178632,2.1468343696438,36.026134369847
9.26121031746032,1.21968976599305,1.03175003359014,2.14580778419853,36.0270332171337
9.26130952380952,1.21959793987024,1.03182616739715,2.14478168954807,36.0279319138718
9.26140873015873,1.21950608646757,1.03190223320603,2.1437560854539,36.0288304600751
9.26150793650794,1.2194142058963,1.03197823101545,2.14273097167765,36.0297288557573
9.26160714285714,1.21932229826768,1.03205416082404,2.14170634798101,36.0306271009321
9.26170634920635,1.219230363693,1.03213002263038,2.14068221412583,36.0315251956131
9.26180555555556,1.21913840228359,1.03220581643306,2.13965856987403,36.032423139814
9.26190476190476,1.2190464141508,1.03228154223061,2.13863541498766,36.0333209335482
9.26200396825397,1.21895439940598,1.03235720002153,2.13761274922888,36.0342185768294
9.26210317460317,1.21886235816054,1.0324327898043,2.13659057235994,36.035116069671
9.26220238095238,1.21877029052591,1.03250831157736,2.13556888414321,36.0360134120865
9.26230158730159,1.21867819661352,1.03258376533914,2.13454768434117,36.0369106040893
9.26240079365079,1.21858607653487,1.03265915108801,2.13352697271641,36.0378076456929
9.2625,1.21849393040145,1.03273446882234,2.13250674903163,36.0387045369105
9.26259920634921,1.21840175832479,1.03280971854043,2.13148701304962,36.0396012777555
9.26269841269841,1.21830956041645,1.03288490024059,2.13046776453329,36.0404978682413
9.26279761904762,1.21821733678801,1.03296001392108,2.12944900324569,36.0413943083809
9.26289682539683,1.21812508755108,1.03303505958012,2.12843072894993,36.0422905981877
9.26299603174603,1.21803281281729,1.03311003721593,2.12741294140926,36.0431867376748
9.26309523809524,1.21794051269831,1.03318494682667,2.12639564038701,36.0440827268554
9.26319444444444,1.21784818730582,1.03325978841047,2.12537882564664,36.0449785657426
9.26329365079365,1.21775583675154,1.03333456196546,2.12436249695173,36.0458742543494
9.26339285714286,1.2176634611472,1.0334092674897,2.12334665406594,36.0467697926889
9.26349206349206,1.21757106060458,1.03348390498125,2.12233129675306,36.047665180774
9.26359126984127,1.21747863523547,1.03355847443813,2.12131642477696,36.0485604186178
9.26369047619048,1.21738618515168,1.03363297585831,2.12030203790167,36.0494555062332
9.26378968253968,1.21729371046507,1.03370740923976,2.11928813589128,36.050350443633
9.26388888888889,1.21720121128751,1.03378177458041,2.11827471851,36.0512452308302
9.26398809523809,1.21710868773089,1.03385607187814,2.11726178552217,36.0521398678375
9.2640873015873,1.21701613990714,1.03393030113082,2.11624933669222,36.0530343546677
9.26418650793651,1.21692356792821,1.0340044623363,2.11523737178467,36.0539286913335
9.26428571428571,1.21683097190609,1.03407855549236,2.1142258905642,36.0548228778478
9.26438492063492,1.21673835195277,1.03415258059679,2.11321489279557,36.0557169142231
9.26448412698413,1.21664570818028,1.03422653764732,2.11220437824364,36.0566108004721
9.26458333333333,1.21655304070069,1.03430042664167,2.11119434667338,36.0575045366074
9.26468253968254,1.21646034962607,1.03437424757752,2.11018479784988,36.0583981226416
9.26478174603175,1.21636763506854,1.03444800045252,2.10917573153833,36.0592915585871
9.26488095238095,1.21627489714024,1.03452168526429,2.10816714750404,36.0601848444566
9.26498015873016,1.21618213595332,1.03459530201042,2.10715904551242,36.0610779802625
9.26507936507936,1.21608935161997,1.03466885068846,2.10615142532899,36.0619709660171
9.26517857142857,1.21599654425242,1.03474233129596,2.10514428671937,36.062863801733
9.26527777777778,1.2159037139629,1.0348157438304,2.10413762944931,36.0637564874224
9.26537698412698,1.21581086086368,1.03488908828925,2.10313145328465,36.0646490230976
9.26547619047619,1.21571798506705,1.03496236466995,2.10212575799134,36.065541408771
9.2655753968254,1.21562508668535,1.0350355729699,2.10112054333545,36.0664336444547
9.2656746031746,1.2155321658309,1.03510871318649,2.10011580908313,36.0673257301611
9.26577380952381,1.2154392226161,1.03518178531705,2.0991115550007,36.0682176659023
9.26587301587302,1.21534625715334,1.0352547893589,2.09810778085452,36.0691094516903
9.26597222222222,1.21525326955504,1.03532772530932,2.0971044864111,36.0700010875374
9.26607142857143,1.21516025993366,1.03540059316557,2.09610167143704,36.0708925734556
9.26617063492064,1.21506722840168,1.03547339292488,2.09509933569906,36.0717839094569
9.26626984126984,1.21497417507161,1.03554612458442,2.09409747896398,36.0726750955533
9.26636904761905,1.21488110005597,1.03561878814137,2.09309610099873,36.0735661317568
9.26646825396825,1.21478800346733,1.03569138359285,2.09209520157035,36.0744570180793
9.26656746031746,1.21469488541826,1.03576391093596,2.09109478044599,36.0753477545327
9.26666666666667,1.21460174602139,1.03583637016778,2.09009483739292,36.0762383411288
9.26676587301587,1.21450858538935,1.03590876128535,2.08909537217849,36.0771287778795
9.26686507936508,1.21441540363481,1.03598108428567,2.08809638457018,36.0780190647966
9.26696428571429,1.21432220087045,1.03605333916572,2.08709787433558,36.0789092018917
9.26706349206349,1.21422897720899,1.03612552592245,2.08609984124237,36.0797991891767
9.2671626984127,1.21413573276317,1.03619764455277,2.08510228505835,36.0806890266632
9.26726190476191,1.21404246764578,1.03626969505358,2.08410520555145,36.0815787143628
9.26736111111111,1.21394918196959,1.03634167742172,2.08310860248968,36.0824682522871
9.26746031746032,1.21385587584744,1.03641359165403,2.08211247564116,36.0833576404477
9.26755952380952,1.21376254939217,1.03648543774729,2.08111682477414,36.0842468788561
9.26765873015873,1.21366920271666,1.03655721569828,2.08012164965694,36.0851359675238
9.26775793650794,1.21357583593381,1.03662892550372,2.07912695005803,36.0860249064623
9.26785714285714,1.21348244915655,1.03670056716032,2.07813272574597,36.0869136956831
9.26795634920635,1.21338904249783,1.03677214066476,2.07713897648943,36.0878023351974
9.26805555555556,1.21329561607064,1.03684364601366,2.07614570205718,36.0886908250167
9.26815476190476,1.21320216998798,1.03691508320365,2.07515290221812,36.0895791651522
9.26825396825397,1.21310870436288,1.03698645223131,2.07416057674123,36.0904673556153
9.26835317460317,1.21301521930841,1.03705775309318,2.07316872539563,36.0913553964172
9.26845238095238,1.21292171493765,1.03712898578579,2.07217734795053,36.092243287569
9.26855158730159,1.21282819136372,1.03720015030562,2.07118644417525,36.0931310290821
9.26865079365079,1.21273464869975,1.03727124664913,2.0701960138392,36.0940186209675
9.26875,1.21264108705891,1.03734227481275,2.06920605671195,36.0949060632363
9.26884920634921,1.21254750655439,1.03741323479289,2.06821657256315,36.0957933558995
9.26894841269841,1.21245390729941,1.03748412658589,2.06722756116253,36.0966804989683
9.26904761904762,1.21236028940722,1.03755495018811,2.06623902227997,36.0975674924536
9.26914682539683,1.21226665299109,1.03762570559584,2.06525095568544,36.0984543363664
9.26924603174603,1.21217299816431,1.03769639280536,2.06426336114903,36.0993410307175
9.26934523809524,1.21207932504021,1.03776701181292,2.06327623844092,36.100227575518
9.26944444444444,1.21198563373213,1.03783756261473,2.06228958733142,36.1011139707785
9.26954365079365,1.21189192435347,1.03790804520697,2.06130340759092,36.1020002165101
9.26964285714286,1.21179819701761,1.0379784595858,2.06031769898996,36.1028863127233
9.26974206349206,1.21170445183799,1.03804880574734,2.05933246129914,36.103772259429
9.26984126984127,1.21161068892807,1.03811908368767,2.05834769428922,36.1046580566379
9.26994047619048,1.21151690840132,1.03818929340287,2.05736339773103,36.1055437043607
9.27003968253968,1.21142311037126,1.03825943488896,2.05637957139551,36.106429202608
9.27013888888889,1.21132929495142,1.03832950814194,2.05539621505373,36.1073145513903
9.2702380952381,1.21123546225537,1.03839951315778,2.05441332847687,36.1081997507183
9.2703373015873,1.21114161239668,1.03846944993242,2.05343091143619,36.1090848006025
9.27043650793651,1.21104774548898,1.03853931846176,2.05244896370309,36.1099697010534
9.27053571428571,1.21095386164591,1.03860911874169,2.05146748504906,36.1108544520814
9.27063492063492,1.21085996098113,1.03867885076805,2.0504864752457,36.111739053697
9.27073412698413,1.21076604360833,1.03874851453667,2.04950593406471,36.1126235059106
9.27083333333333,1.21067210964125,1.03881811004331,2.04852586127793,36.1135078087325
9.27093253968254,1.21057815919361,1.03888763728375,2.04754625665728,36.1143919621729
9.27103174603175,1.2104841923792,1.0389570962537,2.0465671199748,36.1152759662423
9.27113095238095,1.21039020931182,1.03902648694885,2.04558845100263,36.1161598209508
9.27123015873016,1.21029621010529,1.03909580936489,2.04461024951303,36.1170435263087
9.27132936507936,1.21020219487346,1.03916506349742,2.04363251527836,36.1179270823261
9.27142857142857,1.21010816373021,1.03923424934207,2.0426552480711,36.1188104890131
9.27152777777778,1.21001411678944,1.03930336689439,2.04167844766382,36.1196937463799
9.27162698412699,1.20992005416509,1.03937241614994,2.0407021138292,36.1205768544366
9.27172619047619,1.20982597597112,1.03944139710422,2.03972624634007,36.121459813193
9.2718253968254,1.2097318823215,1.03951030975271,2.03875084496931,36.1223426226594
9.2719246031746,1.20963777333025,1.03957915409086,2.03777590948995,36.1232252828455
9.27202380952381,1.2095436491114,1.03964793011409,2.03680143967511,36.1241077937614
9.27212301587302,1.20944950977903,1.03971663781779,2.03582743529801,36.1249901554169
9.27222222222222,1.20935535544721,1.03978527719732,2.03485389613201,36.1258723678218
9.27232142857143,1.20926118623006,1.03985384824801,2.03388082195054,36.126754430986
9.27242063492064,1.20916700224173,1.03992235096514,2.03290821252718,36.1276363449193
9.27251984126984,1.20907280359638,1.039990785344,2.03193606763558,36.1285181096314
9.27261904761905,1.20897859040821,1.04005915137981,2.03096438704952,36.1293997251319
9.27271825396825,1.20888436279144,1.04012744906777,2.02999317054288,36.1302811914307
9.27281746031746,1.20879012086032,1.04019567840307,2.02902241788966,36.1311625085373
9.27291666666667,1.20869586472912,1.04026383938085,2.02805212886396,36.1320436764612
9.27301587301587,1.20860159451214,1.04033193199622,2.02708230323999,36.1329246952122
9.27311507936508,1.20850731032371,1.04039995624426,2.02611294079206,36.1338055647997
9.27321428571429,1.20841301227819,1.04046791212002,2.02514404129461,36.1346862852331
9.27331349206349,1.20831870048994,1.04053579961853,2.02417560452217,36.135566856522
9.2734126984127,1.20822437507339,1.04060361873478,2.02320763024939,36.1364472786758
9.27351190476191,1.20813003614296,1.04067136946373,2.02224011825101,36.1373275517038
9.27361111111111,1.2080356838131,1.04073905180031,2.02127306830191,36.1382076756155
9.27371031746032,1.20794131819832,1.04080666573942,2.02030648017704,36.13908765042
9.27380952380952,1.20784693941311,1.04087421127592,2.0193403536515,36.1399674761268
9.27390873015873,1.20775254757201,1.04094168840466,2.01837468850046,36.140847152745
9.27400793650794,1.2076581427896,1.04100909712044,2.01740948449922,36.1417266802839
9.27410714285714,1.20756372518046,1.04107643741804,2.0164447414232,36.1426060587525
9.27420634920635,1.2074692948592,1.0411437092922,2.01548045904789,36.1434852881602
9.27430555555556,1.20737485194048,1.04121091273765,2.01451663714893,36.1443643685158
9.27440476190476,1.20728039653895,1.04127804774907,2.01355327550204,36.1452432998286
9.27450396825397,1.20718592876933,1.04134511432111,2.01259037388307,36.1461220821075
9.27460317460318,1.20709144874632,1.0414121124484,2.01162793206794,36.1470007153616
9.27470238095238,1.20699695658469,1.04147904212552,2.01066594983275,36.1478791995998
9.27480158730159,1.2069024523992,1.04154590334705,2.00970442695364,36.1487575348309
9.27490079365079,1.20680793630466,1.04161269610752,2.00874336320688,36.149635721064
9.275,1.2067134084159,1.04167942040142,2.00778275836887,36.1505137583077
9.27509920634921,1.20661886884776,1.04174607622324,2.00682261221609,36.1513916465711
9.27519841269841,1.20652431771514,1.0418126635674,2.00586292452514,36.1522693858627
9.27529761904762,1.20642975513294,1.04187918242833,2.00490369507273,36.1531469761915
9.27539682539683,1.20633518121609,1.04194563280039,2.00394492363567,36.154024417566
9.27549603174603,1.20624059607956,1.04201201467794,2.0029866099909,36.154901709995
9.27559523809524,1.20614599983832,1.04207832805531,2.00202875391544,36.155778853487
9.27569444444444,1.2060513926074,1.04214457292676,2.00107135518644,36.1566558480507
9.27579365079365,1.20595677450184,1.04221074928658,2.00011441358116,36.1575326936946
9.27589285714286,1.20586214563669,1.04227685712897,1.99915792887694,36.1584093904274
9.27599206349206,1.20576750612706,1.04234289644813,1.99820190085126,36.1592859382573
9.27609126984127,1.20567285608805,1.04240886723825,1.99724632928169,36.160162337193
9.27619047619048,1.20557819563482,1.04247476949343,1.99629121394593,36.1610385872428
9.27628968253968,1.20548352488254,1.0425406032078,1.99533655462177,36.1619146884151
9.27638888888889,1.2053888439464,1.04260636837543,1.99438235108711,36.1627906407183
9.2764880952381,1.20529415294163,1.04267206499035,1.99342860311997,36.1636664441607
9.2765873015873,1.20519945198348,1.04273769304658,1.99247531049846,36.1645420987505
9.27668650793651,1.20510474118723,1.04280325253811,1.99152247300081,36.1654176044959
9.27678571428571,1.20501002066818,1.04286874345889,1.99057009040536,36.1662929614053
9.27688492063492,1.20491529054165,1.04293416580283,1.98961816249055,36.1671681694867
9.27698412698413,1.20482054890029,1.0429995204425,1.98866668865909,36.1680432296475
9.27708333333333,1.20472579377761,1.04306480827176,1.98771566832623,36.1689181428158
9.27718253968254,1.20463102518201,1.04313002932444,1.98676510128598,36.1697929090392
9.27728174603175,1.20453624312196,1.0431951836343,1.98581498733237,36.1706675283653
9.27738095238095,1.20444144760594,1.04326027123511,1.98486532625953,36.1715420008417
9.27748015873016,1.20434663864251,1.04332529216058,1.98391611786165,36.1724163265158
9.27757936507937,1.20425181624021,1.04339024644442,1.98296736193298,36.1732905054351
9.27767857142857,1.20415698040767,1.0434551341203,1.98201905826786,36.1741645376471
9.27777777777778,1.20406213115354,1.04351995522185,1.98107120666066,36.1750384231992
9.27787698412699,1.2039672684865,1.0435847097827,1.98012380690584,36.1759121621388
9.27797619047619,1.20387239241528,1.04364939783643,1.97917685879793,36.1767857545131
9.2780753968254,1.20377750294864,1.0437140194166,1.97823036213152,36.1776592003697
9.2781746031746,1.20368260009539,1.04377857455673,1.97728431670126,36.1785324997556
9.27827380952381,1.20358768386437,1.04384306329035,1.97633872230187,36.1794056527183
9.27837301587302,1.20349275426446,1.04390748565091,1.97539357872814,36.1802786593049
9.27847222222222,1.20339781130458,1.04397184167187,1.97444888577494,36.1811515195626
9.27857142857143,1.2033028549937,1.04403613138665,1.97350464323718,36.1820242335387
9.27867063492064,1.20320788534079,1.04410035482864,1.97256085090986,36.1828968012801
9.27876984126984,1.20311290235491,1.0441645120312,1.97161750858803,36.1837692228341
9.27886904761905,1.20301790604512,1.04422860302768,1.97067461606682,36.1846414982477
9.27896825396825,1.20292289642054,1.04429262785138,1.96973217314141,36.1855136275679
9.27906746031746,1.20282787349032,1.04435658653559,1.96879017960706,36.1863856108418
9.27916666666667,1.20273283726364,1.04442047911356,1.96784863525912,36.1872574481164
9.27926587301587,1.20263778774974,1.04448430561851,1.96690753989296,36.1881291394385
9.27936507936508,1.20254272495788,1.04454806608365,1.96596689330404,36.1890006848551
9.27946428571429,1.20244764889738,1.04461176054214,1.96502669528789,36.1898720844132
9.27956349206349,1.20235255957756,1.04467538902713,1.9640869456401,36.1907433381595
9.2796626984127,1.20225745700782,1.04473895157173,1.96314764415633,36.1916144461408
9.27976190476191,1.20216234119758,1.04480244820904,1.9622087906323,36.192485408404
9.27986111111111,1.20206721215629,1.0448658789721,1.96127038486381,36.1933562249959
9.27996031746032,1.20197206989346,1.04492924389396,1.96033242664672,36.1942268959631
9.28005952380952,1.20187691441863,1.04499254300762,1.95939491577696,36.1950974213524
9.28015873015873,1.20178174574136,1.04505577634605,1.95845785205051,36.1959678012104
9.28025793650794,1.20168656387127,1.0451189439422,1.95752123526344,36.1968380355837
9.28035714285714,1.20159136881802,1.045182045829,1.95658506521187,36.1977081245191
9.28045634920635,1.2014961605913,1.04524508203934,1.95564934169201,36.198578068063
9.28055555555556,1.20140093920083,1.04530805260609,1.95471406450009,36.1994478662619
9.28065476190476,1.20130570465639,1.04537095756208,1.95377923343247,36.2003175191625
9.28075396825397,1.20121045696778,1.04543379694011,1.95284484828554,36.2011870268112
9.28085317460318,1.20111519614486,1.04549657077299,1.95191090885575,36.2020563892544
9.28095238095238,1.20101992219749,1.04555927909346,1.95097741493963,36.2029256065386
9.28105158730159,1.20092463513562,1.04562192193424,1.95004436633377,36.2037946787101
9.28115079365079,1.2008293349692,1.04568449932804,1.94911176283485,36.2046636058153
9.28125,1.20073402170822,1.04574701130753,1.94817960423959,36.2055323879006
9.28134920634921,1.20063869536274,1.04580945790536,1.94724789034477,36.2064010250121
9.28144841269841,1.20054335594282,1.04587183915413,1.94631662094728,36.2072695171963
9.28154761904762,1.20044800345858,1.04593415508644,1.94538579584403,36.2081378644993
9.28164682539682,1.20035263792018,1.04599640573485,1.94445541483202,36.2090060669673
9.28174603174603,1.20025725933782,1.0460585911319,1.94352547770831,36.2098741246465
9.28184523809524,1.20016186772171,1.04612071131008,1.94259598427004,36.210742037583
9.28194444444444,1.20006646308214,1.04618276630187,1.94166693431441,36.211609805823
9.28204365079365,1.19997104542942,1.04624475613974,1.94073832763865,36.2124774294125
9.28214285714286,1.19987561477388,1.04630668085608,1.93981016404013,36.2133449083976
9.28224206349206,1.19978017112592,1.04636854048331,1.93888244331624,36.2142122428242
9.28234126984127,1.19968471449597,1.04643033505379,1.93795516526443,36.2150794327384
9.28244047619048,1.19958924489448,1.04649206459986,1.93702832968224,36.2159464781862
9.28253968253968,1.19949376233196,1.04655372915382,1.93610193636727,36.2168133792133
9.28263888888889,1.19939826681896,1.04661532874797,1.93517598511718,36.2176801358658
9.28273809523809,1.19930275836604,1.04667686341455,1.9342504757297,36.2185467481895
9.2828373015873,1.19920723698383,1.04673833318581,1.93332540800263,36.2194132162302
9.28293650793651,1.19911170268298,1.04679973809392,1.93240078173383,36.2202795400337
9.28303571428571,1.19901615547419,1.04686107817108,1.93147659672125,36.2211457196458
9.28313492063492,1.1989205953682,1.04692235344942,1.93055285276287,36.2220117551122
9.28323412698413,1.19882502237577,1.04698356396106,1.92962954965677,36.2228776464786
9.28333333333333,1.19872943650772,1.0470447097381,1.92870668720107,36.2237433937908
9.28343253968254,1.1986338377749,1.04710579081258,1.92778426519397,36.2246089970942
9.28353174603175,1.19853822618819,1.04716680721655,1.92686228343374,36.2254744564346
9.28363095238095,1.19844260175853,1.04722775898202,1.92594074171872,36.2263397718575
9.28373015873016,1.19834696449688,1.04728864614095,1.92501963984731,36.2272049434085
9.28382936507936,1.19825131441423,1.04734946872531,1.92409897761797,36.2280699711331
9.28392857142857,1.19815565152165,1.04741022676701,1.92317875482924,36.2289348550767
9.28402777777778,1.1980599758302,1.04747092029796,1.92225897127971,36.2297995952849
9.28412698412698,1.197964287351,1.04753154935001,1.92133962676806,36.230664191803
9.28422619047619,1.19786858609523,1.04759211395501,1.92042072109301,36.2315286446765
9.2843253968254,1.19777287207406,1.04765261414477,1.91950225405338,36.2323929539507
9.2844246031746,1.19767714529874,1.04771304995107,1.91858422544802,36.2332571196709
9.28452380952381,1.19758140578055,1.04777342140567,1.91766663507588,36.2341211418824
9.28462301587301,1.19748565353079,1.04783372854031,1.91674948273595,36.2349850206306
9.28472222222222,1.19738988856083,1.04789397138667,1.9158327682273,36.2358487559606
9.28482142857143,1.19729411088203,1.04795414997644,1.91491649134908,36.2367123479176
9.28492063492063,1.19719832050585,1.04801426434126,1.91400065190047,36.2375757965468
9.28501984126984,1.19710251744374,1.04807431451275,1.91308524968074,36.2384391018934
9.28511904761905,1.19700670170721,1.0481343005225,1.91217028448925,36.2393022640025
9.28521825396825,1.19691087330781,1.04819422240207,1.91125575612539,36.2401652829192
9.28531746031746,1.19681503225711,1.048254080183,1.91034166438863,36.2410281586884
9.28541666666667,1.19671917856675,1.04831387389679,1.90942800907851,36.2418908913553
9.28551587301587,1.19662331224838,1.04837360357492,1.90851478999462,36.2427534809647
9.28561507936508,1.19652743331369,1.04843326924884,1.90760200693664,36.2436159275618
9.28571428571429,1.19643154177444,1.04849287094999,1.90668965970431,36.2444782311913
9.28581349206349,1.19633563764239,1.04855240870975,1.90577774809743,36.2453403918983
9.2859126984127,1.19623972092936,1.04861188255949,1.90486627191588,36.2462024097274
9.2860119047619,1.1961437916472,1.04867129253056,1.90395523095958,36.2470642847237
9.28611111111111,1.1960478498078,1.04873063865426,1.90304462502854,36.2479260169318
9.28621031746032,1.19595189542311,1.04878992096189,1.90213445392284,36.2487876063966
9.28630952380952,1.19585592850508,1.04884913948469,1.90122471744261,36.2496490531628
9.28640873015873,1.19575994906572,1.0489082942539,1.90031541538806,36.2505103572751
9.28650793650794,1.19566395711708,1.04896738530073,1.89940654755945,36.2513715187782
9.28660714285714,1.19556795267124,1.04902641265634,1.89849811375715,36.2522325377167
9.28670634920635,1.19547193574034,1.04908537635189,1.89759011378153,36.2530934141352
9.28680555555556,1.19537590633652,1.04914427641848,1.89668254743309,36.2539541480784
9.28690476190476,1.195279864472,1.04920311288722,1.89577541451235,36.2548147395907
9.28700396825397,1.19518381015901,1.04926188578917,1.89486871481992,36.2556751887167
9.28710317460317,1.19508774340983,1.04932059515535,1.89396244815648,36.2565354955009
9.28720238095238,1.19499166423678,1.04937924101679,1.89305661432277,36.2573956599877
9.28730158730159,1.19489557265221,1.04943782340445,1.89215121311959,36.2582556822216
9.28740079365079,1.19479946866851,1.0494963423493,1.89124624434782,36.259115562247
9.2875,1.19470335229813,1.04955479788226,1.89034170780839,36.2599753001082
9.28759920634921,1.19460722355352,1.04961319003422,1.88943760330232,36.2608348958496
9.28769841269841,1.19451108244721,1.04967151883605,1.88853393063068,36.2616943495154
9.28779761904762,1.19441492899173,1.0497297843186,1.88763068959461,36.2625536611499
9.28789682539682,1.19431876319968,1.04978798651268,1.88672787999531,36.2634128307975
9.28799603174603,1.19422258508368,1.04984612544908,1.88582550163406,36.2642718585022
9.28809523809524,1.1941263946564,1.04990420115855,1.88492355431221,36.2651307443083
9.28819444444444,1.19403019193054,1.04996221367182,1.88402203783117,36.2659894882599
9.28829365079365,1.19393397691883,1.0500201630196,1.8831209519924,36.2668480904011
9.28839285714286,1.19383774963407,1.05007804923256,1.88222029659745,36.2677065507761
9.28849206349206,1.19374151008907,1.05013587234135,1.88132007144794,36.2685648694288
9.28859126984127,1.19364525829668,1.0501936323766,1.88042027634552,36.2694230464033
9.28869047619048,1.1935489942698,1.05025132936888,1.87952091109196,36.2702810817436
9.28878968253968,1.19345271802137,1.05030896334877,1.87862197548905,36.2711389754936
9.28888888888889,1.19335642956437,1.05036653434681,1.87772346933868,36.2719967276973
9.28898809523809,1.19326012891179,1.05042404239349,1.87682539244278,36.2728543383986
9.2890873015873,1.19316381607669,1.05048148751931,1.87592774460338,36.2737118076413
9.28918650793651,1.19306749107217,1.05053886975472,1.87503052562253,36.2745691354693
9.28928571428571,1.19297115391135,1.05059618913013,1.8741337353024,36.2754263219264
9.28938492063492,1.19287480460739,1.05065344567596,1.87323737344518,36.2762833670563
9.28948412698413,1.19277844317349,1.05071063942257,1.87234143985314,36.2771402709028
9.28958333333333,1.19268206962292,1.0507677704003,1.87144593432866,36.2779970335096
9.28968253968254,1.19258568396894,1.05082483863947,1.87055085667414,36.2788536549204
9.28978174603175,1.19248928622487,1.05088184417036,1.86965620669204,36.2797101351789
9.28988095238095,1.19239287640408,1.05093878702323,1.86876198418492,36.2805664743286
9.28998015873016,1.19229645451996,1.05099566722832,1.86786818895538,36.2814226724131
9.29007936507936,1.19220002058595,1.05105248481583,1.86697482080611,36.282278729476
9.29017857142857,1.19210357461553,1.05110923981594,1.86608187953985,36.2831346455609
9.29027777777778,1.1920071166222,1.05116593225878,1.86518936495942,36.2839904207111
9.29037698412698,1.19191064661952,1.0512225621745,1.86429727686768,36.2848460549703
9.29047619047619,1.19181416462108,1.05127912959316,1.8634056150676,36.2857015483817
9.2905753968254,1.19171767064052,1.05133563454486,1.86251437936218,36.2865569009888
9.2906746031746,1.19162116469149,1.05139207705961,1.8616235695545,36.2874121128351
9.29077380952381,1.19152464678771,1.05144845716743,1.86073318544771,36.2882671839637
9.29087301587301,1.19142811694292,1.0515047748983,1.85984322684502,36.2891221144181
9.29097222222222,1.1913315751709,1.05156103028218,1.85895369354969,36.2899769042414
9.29107142857143,1.19123502148548,1.05161722334898,1.85806458536511,36.290831553477
9.29117063492064,1.19113845590051,1.05167335412862,1.85717590209468,36.2916860621681
9.29126984126984,1.19104187842991,1.05172942265097,1.85628764354187,36.2925404303578
9.29136904761905,1.1909452890876,1.05178542894585,1.85539980951023,36.2933946580893
9.29146825396825,1.19084868788756,1.0518413730431,1.85451239980337,36.2942487454057
9.29156746031746,1.19075207484381,1.0518972549725,1.85362541422499,36.29510269235
9.29166666666667,1.19065544997041,1.05195307476381,1.85273885257882,36.2959564989655
9.29176587301587,1.19055881328144,1.05200883244676,1.85185271466868,36.296810165295
9.29186507936508,1.19046216479104,1.05206452805105,1.85096700029845,36.2976636913816
9.29196428571429,1.19036550451337,1.05212016160637,1.85008170927209,36.2985170772682
9.29206349206349,1.19026883246265,1.05217573314236,1.84919684139361,36.2993703229978
9.2921626984127,1.19017214865312,1.05223124268864,1.84831239646708,36.3002234286133
9.2922619047619,1.19007545309907,1.05228669027481,1.84742837429667,36.3010763941575
9.29236111111111,1.18997874581482,1.05234207593044,1.84654477468658,36.3019292196733
9.29246031746032,1.18988202681473,1.05239739968505,1.84566159744109,36.3027819052036
9.29255952380952,1.18978529611321,1.05245266156817,1.84477884236457,36.303634450791
9.29265873015873,1.1896885537247,1.05250786160928,1.84389650926143,36.3044868564783
9.29275793650794,1.18959179966368,1.05256299983782,1.84301459793615,36.3053391223082
9.29285714285714,1.18949503394466,1.05261807628324,1.84213310819327,36.3061912483235
9.29295634920635,1.1893982565822,1.05267309097492,1.84125203983743,36.3070432345667
9.29305555555556,1.18930146759089,1.05272804394224,1.8403713926733,36.3078950810805
9.29315476190476,1.18920466698537,1.05278293521454,1.83949116650563,36.3087467879075
9.29325396825397,1.18910785478031,1.05283776482115,1.83861136113924,36.3095983550902
9.29335317460317,1.18901103099042,1.05289253279134,1.83773197637901,36.3104497826713
9.29345238095238,1.18891419563045,1.05294723915438,1.83685301202991,36.311301070693
9.29355158730159,1.18881734871519,1.05300188393951,1.83597446789694,36.3121522191981
9.29365079365079,1.18872049025945,1.05305646717593,1.83509634378519,36.3130032282288
9.29375,1.18862362027812,1.05311098889281,1.83421863949982,36.3138540978275
9.29384920634921,1.18852673878608,1.05316544911931,1.83334135484603,36.3147048280367
9.29394841269841,1.18842984579829,1.05321984788455,1.83246448962912,36.3155554188988
9.29404761904762,1.18833294132972,1.05327418521762,1.83158804365445,36.3164058704559
9.29414682539683,1.18823602539539,1.0533284611476,1.83071201672742,36.3172561827503
9.29424603174603,1.18813909801037,1.05338267570351,1.82983640865354,36.3181063558245
9.29434523809524,1.18804215918974,1.05343682891437,1.82896121923835,36.3189563897204
9.29444444444444,1.18794520894865,1.05349092080917,1.82808644828746,36.3198062844804
9.29454365079365,1.18784824730226,1.05354495141687,1.82721209560658,36.3206560401466
9.29464285714286,1.18775127426579,1.05359892076638,1.82633816100144,36.321505656761
9.29474206349206,1.18765428985449,1.05365282888661,1.82546464427788,36.3223551343659
9.29484126984127,1.18755729408365,1.05370667580643,1.82459154524178,36.3232044730033
9.29494047619048,1.18746028696859,1.05376046155469,1.8237188636991,36.3240536727151
9.29503968253968,1.18736326852469,1.05381418616021,1.82284659945585,36.3249027335434
9.29513888888889,1.18726623876735,1.05386784965177,1.82197475231812,36.3257516555302
9.29523809523809,1.18716919771202,1.05392145205814,1.82110332209207,36.3266004387174
9.2953373015873,1.18707214537416,1.05397499340805,1.82023230858392,36.3274490831469
9.29543650793651,1.18697508176932,1.0540284737302,1.81936171159995,36.3282975888606
9.29553571428571,1.18687800691304,1.05408189305328,1.81849153094654,36.3291459559003
9.29563492063492,1.18678092082093,1.05413525140594,1.8176217664301,36.3299941843078
9.29573412698413,1.18668382350861,1.0541885488168,1.81675241785711,36.330842274125
9.29583333333333,1.18658671499178,1.05424178531446,1.81588348503413,36.3316902253935
9.29593253968254,1.18648959528614,1.05429496092748,1.81501496776779,36.3325380381551
9.29603174603175,1.18639246440744,1.0543480756844,1.81414686586477,36.3333857124515
9.29613095238095,1.18629532237148,1.05440112961374,1.81327917913184,36.3342332483243
9.29623015873016,1.18619816919409,1.05445412274397,1.81241190737581,36.3350806458152
9.29632936507936,1.18610100489113,1.05450705510357,1.81154505040358,36.3359279049657
9.29642857142857,1.18600382947851,1.05455992672095,1.8106786080221,36.3367750258174
9.29652777777778,1.18590664297219,1.05461273762452,1.8098125800384,36.3376220084119
9.29662698412698,1.18580944538813,1.05466548784265,1.80894696625957,36.3384688527906
9.29672619047619,1.18571223674237,1.05471817740369,1.80808176649276,36.3393155589951
9.2968253968254,1.18561501705096,1.05477080633596,1.8072169805452,36.3401621270667
9.2969246031746,1.18551778633002,1.05482337466774,1.80635260822418,36.3410085570468
9.29702380952381,1.18542054459567,1.0548758824273,1.80548864933706,36.3418548489769
9.29712301587302,1.18532329186409,1.05492832964287,1.80462510369127,36.3427010028983
9.29722222222222,1.18522602815151,1.05498071634267,1.8037619710943,36.3435470188523
9.29732142857143,1.18512875347416,1.05503304255486,1.80289925135371,36.3443928968802
9.29742063492064,1.18503146784836,1.05508530830761,1.80203694427712,36.3452386370232
9.29751984126984,1.18493417129043,1.05513751362904,1.80117504967222,36.3460842393226
9.29761904761905,1.18483686381673,1.05518965854724,1.80031356734678,36.3469297038195
9.29771825396825,1.18473954544369,1.05524174309028,1.79945249710861,36.3477750305551
9.29781746031746,1.18464221618774,1.0552937672862,1.79859183876562,36.3486202195706
9.29791666666667,1.18454487606538,1.05534573116302,1.79773159212577,36.349465270907
9.29801587301587,1.18444752509313,1.05539763474872,1.79687175699707,36.3503101846054
9.29811507936508,1.18435016328754,1.05544947807126,1.79601233318763,36.3511549607068
9.29821428571429,1.18425279066524,1.05550126115857,1.79515332050561,36.3519995992523
9.29831349206349,1.18415540724284,1.05555298403855,1.79429471875922,36.3528441002827
9.2984126984127,1.18405801303704,1.05560464673907,1.79343652775677,36.3536884638391
9.29851190476191,1.18396060806456,1.05565624928799,1.79257874730662,36.3545326899624
9.29861111111111,1.18386319234214,1.05570779171312,1.79172137721719,36.3553767786934
9.29871031746032,1.18376576588659,1.05575927404226,1.79086441729699,36.356220730073
9.29880952380952,1.18366832871473,1.05581069630316,1.79000786735457,36.3570645441419
9.29890873015873,1.18357088084345,1.05586205852356,1.78915172719856,36.3579082209411
9.29900793650794,1.18347342228964,1.05591336073118,1.78829599663765,36.3587517605112
9.29910714285714,1.18337595307027,1.05596460295368,1.78744067548062,36.359595162893
9.29920634920635,1.18327847320232,1.05601578521873,1.78658576353628,36.3604384281271
9.29930555555556,1.18318098270281,1.05606690755395,1.78573126061353,36.3612815562542
9.29940476190476,1.18308348158881,1.05611796998694,1.78487716652134,36.362124547315
9.29950396825397,1.18298596987743,1.05616897254526,1.78402348106873,36.36296740135
9.29960317460317,1.18288844758581,1.05621991525645,1.78317020406481,36.3638101183998
9.29970238095238,1.18279091473113,1.05627079814804,1.78231733531874,36.364652698505
9.29980158730159,1.18269337133061,1.05632162124751,1.78146487463973,36.365495141706
9.29990079365079,1.1825958174015,1.05637238458232,1.78061282183709,36.3663374480433
9.3,1.18249825296111,1.05642308817989,1.7797611767202,36.3671796175574
9.30009920634921,1.18240067802677,1.05647373206763,1.77890993909848,36.3680216502887
9.30019841269841,1.18230309261586,1.05652431627292,1.77805910878142,36.3688635462776
9.30029761904762,1.18220549674578,1.0565748408231,1.77720868557859,36.3697053055643
9.30039682539683,1.18210789043399,1.0566253057455,1.77635866929962,36.3705469281893
9.30049603174603,1.18201027369798,1.0566757110674,1.77550905975421,36.3713884141928
9.30059523809524,1.18191264655528,1.05672605681607,1.77465985675212,36.3722297636151
9.30069444444444,1.18181500902346,1.05677634301875,1.77381106010319,36.3730709764963
9.30079365079365,1.18171736112011,1.05682656970264,1.77296266961731,36.3739120528768
9.30089285714286,1.18161970286289,1.05687673689493,1.77211468510446,36.3747529927965
9.30099206349206,1.18152203426948,1.05692684462278,1.77126710637465,36.3755937962958
9.30109126984127,1.18142435535761,1.0569768929133,1.770419933238,36.3764344634147
9.30119047619048,1.18132666614502,1.05702688179359,1.76957316550466,36.3772749941932
9.30128968253968,1.18122896664952,1.05707681129073,1.76872680298488,36.3781153886714
9.30138888888889,1.18113125688895,1.05712668143176,1.76788084548894,36.3789556468893
9.3014880952381,1.18103353688119,1.05717649224369,1.76703529282722,36.3797957688869
9.3015873015873,1.18093580664414,1.05722624375351,1.76619014481016,36.3806357547041
9.30168650793651,1.18083806619576,1.05727593598818,1.76534540124824,36.3814756043808
9.30178571428571,1.18074031555405,1.05732556897464,1.76450106195205,36.3823153179569
9.30188492063492,1.18064255473704,1.05737514273977,1.76365712673221,36.3831548954723
9.30198412698413,1.18054478376278,1.05742465731047,1.76281359539942,36.3839943369668
9.30208333333333,1.1804470026494,1.05747411271358,1.76197046776445,36.3848336424802
9.30218253968254,1.18034921141504,1.05752350897592,1.76112774363814,36.3856728120522
9.30228174603175,1.18025141007788,1.05757284612428,1.76028542283138,36.3865118457225
9.30238095238095,1.18015359865615,1.05762212418544,1.75944350515516,36.3873507435309
9.30248015873016,1.1800557771681,1.05767134318612,1.75860199042049,36.3881895055171
9.30257936507936,1.17995794563205,1.05772050315304,1.75776087843849,36.3890281317206
9.30267857142857,1.17986010406632,1.05776960411287,1.75692016902031,36.389866622181
9.30277777777778,1.17976225248931,1.05781864609228,1.75607986197721,36.390704976938
9.30287698412699,1.17966439091941,1.05786762911789,1.75523995712047,36.391543196031
9.30297619047619,1.1795665193751,1.0579165532163,1.75440045426147,36.3923812794996
9.3030753968254,1.17946863787485,1.05796541841408,1.75356135321166,36.3932192273833
9.3031746031746,1.17937074643722,1.05801422473778,1.75272265378252,36.3940570397214
9.30327380952381,1.17927284508076,1.0580629722139,1.75188435578563,36.3948947165535
9.30337301587302,1.17917493382409,1.05811166086894,1.75104645903263,36.3957322579189
9.30347222222222,1.17907701268585,1.05816029072936,1.75020896333521,36.3965696638569
9.30357142857143,1.17897908168473,1.05820886182159,1.74937186850516,36.3974069344069
9.30367063492064,1.17888114083946,1.05825737417204,1.74853517435431,36.3982440696081
9.30376984126984,1.1787831901688,1.05830582780708,1.74769888069456,36.3990810694999
9.30386904761905,1.17868522969156,1.05835422275306,1.74686298733788,36.3999179341215
9.30396825396825,1.17858725942657,1.0584025590363,1.74602749409631,36.400754663512
9.30406746031746,1.17848927939272,1.05845083668311,1.74519240078197,36.4015912577106
9.30416666666667,1.17839128960892,1.05849905571974,1.744357707207,36.4024277167565
9.30426587301587,1.17829329009413,1.05854721617242,1.74352341318367,36.4032640406887
9.30436507936508,1.17819528086734,1.05859531806739,1.74268951852425,36.4041002295464
9.30446428571429,1.1780972619476,1.05864336143081,1.74185602304115,36.4049362833685
9.30456349206349,1.17799923335398,1.05869134628884,1.7410229265468,36.4057722021941
9.3046626984127,1.17790119510557,1.05873927266761,1.74019022885369,36.4066079860622
9.30476190476191,1.17780314722155,1.05878714059322,1.73935792977441,36.4074436350117
9.30486111111111,1.17770508972109,1.05883495009174,1.73852602912158,36.4082791490815
9.30496031746032,1.17760702262342,1.05888270118922,1.73769452670793,36.4091145283106
9.30505952380952,1.17750894594781,1.05893039391167,1.73686342234622,36.4099497727377
9.30515873015873,1.17741085971356,1.05897802828508,1.73603271584929,36.4107848824017
9.30525793650794,1.17731276394002,1.05902560433541,1.73520240703004,36.4116198573414
9.30535714285714,1.17721465864656,1.0590731220886,1.73437249570147,36.4124546975955
9.30545634920635,1.17711654385262,1.05912058157055,1.73354298167659,36.4132894032029
9.30555555555556,1.17701841957764,1.05916798280714,1.73271386476853,36.4141239742021
9.30565476190476,1.17692028584112,1.05921532582422,1.73188514479045,36.4149584106318
9.30575396825397,1.17682214266261,1.05926261064761,1.7310568215556,36.4157927125308
9.30585317460318,1.17672399006167,1.05930983730311,1.73022889487727,36.4166268799375
9.30595238095238,1.17662582805793,1.05935700581649,1.72940136456886,36.4174609128906
9.30605158730159,1.17652765667102,1.05940411621348,1.72857423044381,36.4182948114286
9.30615079365079,1.17642947592065,1.05945116851979,1.72774749231562,36.4191285755901
9.30625,1.17633128582653,1.05949816276111,1.72692114999786,36.4199622054134
9.30634920634921,1.17623308640845,1.0595450989631,1.72609520330418,36.4207957009371
9.30644841269841,1.1761348776862,1.05959197715138,1.72526965204829,36.4216290621996
9.30654761904762,1.17603665967964,1.05963879735156,1.72444449604397,36.4224622892392
9.30664682539683,1.17593843240864,1.05968555958921,1.72361973510505,36.4232953820944
9.30674603174603,1.17584019589312,1.05973226388986,1.72279536904545,36.4241283408034
9.30684523809524,1.17574195015305,1.05977891027905,1.72197139767914,36.4249611654046
9.30694444444444,1.17564369520844,1.05982549878226,1.72114782082018,36.4257938559361
9.30704365079365,1.1755454310793,1.05987202942495,1.72032463828266,36.4266264124363
9.30714285714286,1.17544715778573,1.05991850223256,1.71950184988076,36.4274588349433
9.30724206349206,1.17534887534784,1.05996491723049,1.71867945542873,36.4282911234954
9.30734126984127,1.17525058378577,1.06001127444412,1.71785745474088,36.4291232781306
9.30744047619048,1.17515228311974,1.06005757389881,1.71703584763159,36.429955298887
9.30753968253968,1.17505397336995,1.06010381561987,1.71621463391531,36.4307871858028
9.30763888888889,1.1749556545567,1.06014999963261,1.71539381340654,36.431618938916
9.3077380952381,1.17485732670027,1.06019612596228,1.71457338591986,36.4324505582645
9.3078373015873,1.17475898982103,1.06024219463414,1.71375335126992,36.4332820438864
9.30793650793651,1.17466064393935,1.06028820567339,1.71293370927143,36.4341133958197
9.30803571428571,1.17456228907567,1.06033415910521,1.71211445973917,36.4349446141022
9.30813492063492,1.17446392525043,1.06038005495478,1.71129560248798,36.4357756987719
9.30823412698413,1.17436555248416,1.0604258932472,1.71047713733278,36.4366066498665
9.30833333333333,1.17426717079737,1.0604716740076,1.70965906408855,36.437437467424
9.30843253968254,1.17416878021066,1.06051739726103,1.70884138257033,36.4382681514821
9.30853174603175,1.17407038074464,1.06056306303254,1.70802409259324,36.4390987020786
9.30863095238095,1.17397197241997,1.06060867134717,1.70720719397246,36.4399291192513
9.30873015873016,1.17387355525733,1.06065422222988,1.70639068652323,36.4407594030377
9.30882936507937,1.17377512927747,1.06069971570566,1.70557457006085,36.4415895534757
9.30892857142857,1.17367669450116,1.06074515179943,1.70475884440073,36.4424195706028
9.30902777777778,1.1735782509492,1.06079053053609,1.70394350935831,36.4432494544567
9.30912698412699,1.17347979864245,1.06083585194054,1.7031285647491,36.4440792050748
9.30922619047619,1.17338133760179,1.06088111603762,1.70231401038868,36.4449088224949
9.3093253968254,1.17328286784814,1.06092632285216,1.70149984609269,36.4457383067544
9.3094246031746,1.17318438940248,1.06097147240895,1.70068607167686,36.4465676578907
9.30952380952381,1.17308590228581,1.06101656473276,1.69987268695697,36.4473968759414
9.30962301587302,1.17298740651916,1.06106159984834,1.69905969174886,36.4482259609438
9.30972222222222,1.17288890212362,1.06110657778039,1.69824708586845,36.4490549129354
9.30982142857143,1.17279038912031,1.0611514985536,1.69743486913172,36.4498837319535
9.30992063492064,1.17269186753039,1.06119636219264,1.69662304135472,36.4507124180355
9.31001984126984,1.17259333737505,1.06124116872212,1.69581160235357,36.4515409712185
9.31011904761905,1.17249479867552,1.06128591816666,1.69500055194445,36.45236939154
9.31021825396825,1.17239625145309,1.06133061055082,1.69418988994361,36.4531976790372
9.31031746031746,1.17229769572905,1.06137524589916,1.69337961616735,36.4540258337472
9.31041666666667,1.17219913152477,1.06141982423619,1.69256973043208,36.4548538557072
9.31051587301587,1.17210055886163,1.06146434558641,1.69176023255424,36.4556817449543
9.31061507936508,1.17200197776107,1.06150880997427,1.69095112235035,36.4565095015258
9.31071428571429,1.17190338824454,1.06155321742422,1.69014239963699,36.4573371254586
9.31081349206349,1.17180479033355,1.06159756796067,1.68933406423081,36.4581646167898
9.3109126984127,1.17170618404965,1.06164186160798,1.68852611594852,36.4589919755565
9.31101190476191,1.17160756941442,1.06168609839053,1.68771855460693,36.4598192017956
9.31111111111111,1.17150894644947,1.06173027833262,1.68691138002286,36.460646295544
9.31121031746032,1.17141031517648,1.06177440145857,1.68610459201325,36.4614732568387
9.31130952380952,1.17131167561713,1.06181846779263,1.68529819039508,36.4623000857167
9.31140873015873,1.17121302779317,1.06186247735906,1.6844921749854,36.4631267822146
9.31150793650794,1.17111437172637,1.06190643018206,1.68368654560132,36.4639533463695
9.31160714285714,1.17101570743854,1.06195032628583,1.68288130206005,36.4647797782181
9.31170634920635,1.17091703495153,1.06199416569451,1.68207644417881,36.4656060777971
9.31180555555556,1.17081835428724,1.06203794843224,1.68127197177494,36.4664322451433
9.31190476190476,1.17071966546761,1.06208167452314,1.68046788466582,36.4672582802934
9.31200396825397,1.17062096851458,1.06212534399126,1.67966418266891,36.4680841832841
9.31210317460318,1.17052226345018,1.06216895686066,1.67886086560173,36.468909954152
9.31220238095238,1.17042355029645,1.06221251315535,1.67805793328186,36.4697355929337
9.31230158730159,1.17032482907547,1.06225601289934,1.67725538552695,36.4705610996659
9.31240079365079,1.17022609980937,1.06229945611659,1.67645322215473,36.471386474385
9.3125,1.17012736252031,1.06234284283102,1.67565144298299,36.4722117171276
9.31259920634921,1.17002861723048,1.06238617306656,1.67485004782957,36.4730368279302
9.31269841269841,1.16992986396213,1.06242944684708,1.6740490365124,36.4738618068292
9.31279761904762,1.16983110273753,1.06247266419644,1.67324840884946,36.4746866538612
9.31289682539682,1.169732333579,1.06251582513846,1.67244816465882,36.4755113690623
9.31299603174603,1.16963355650889,1.06255892969695,1.67164830375859,36.4763359524691
9.31309523809524,1.1695347715496,1.06260197789566,1.67084882596696,36.4771604041179
9.31319444444444,1.16943597872356,1.06264496975835,1.67004973110218,36.4779847240449
9.31329365079365,1.16933717805324,1.06268790530873,1.66925101898258,36.4788089122864
9.31339285714286,1.16923836956115,1.06273078457049,1.66845268942655,36.4796329688788
9.31349206349206,1.16913955326983,1.06277360756728,1.66765474225254,36.4804568938581
9.31359126984127,1.16904072920188,1.06281637432275,1.66685717727908,36.4812806872605
9.31369047619048,1.16894189737991,1.06285908486048,1.66605999432476,36.4821043491223
9.31378968253968,1.16884305782659,1.06290173920407,1.66526319320823,36.4829278794795
9.31388888888889,1.16874421056462,1.06294433737705,1.66446677374821,36.4837512783682
9.31398809523809,1.16864535561674,1.06298687940295,1.6636707357635,36.4845745458245
9.3140873015873,1.16854649300574,1.06302936530527,1.66287507907294,36.4853976818844
9.31418650793651,1.16844762275443,1.06307179510746,1.66207980349548,36.4862206865838
9.31428571428571,1.16834874488566,1.06311416883297,1.66128490885009,36.4870435599588
9.31438492063492,1.16824985942233,1.0631564865052,1.66049039495583,36.4878663020452
9.31448412698413,1.16815096638738,1.06319874814754,1.65969626163184,36.488688912879
9.31458333333333,1.16805206580377,1.06324095378335,1.65890250869729,36.489511392496
9.31468253968254,1.16795315769453,1.06328310343594,1.65810913597145,36.4903337409321
9.31478174603175,1.16785424208268,1.06332519712863,1.65731614327363,36.4911559582231
9.31488095238095,1.16775531899134,1.06336723488467,1.65652353042325,36.4919780444047
9.31498015873016,1.16765638844361,1.06340921672732,1.65573129723974,36.4927999995127
9.31507936507936,1.16755745046268,1.06345114267978,1.65493944354265,36.4936218235828
9.31517857142857,1.16745850507173,1.06349301276526,1.65414796915156,36.4944435166506
9.31527777777778,1.16735955229402,1.0635348270069,1.65335687388612,36.4952650787519
9.31537698412698,1.16726059215282,1.06357658542785,1.65256615756607,36.4960865099223
9.31547619047619,1.16716162467145,1.0636182880512,1.6517758200112,36.4969078101972
9.3155753968254,1.16706264987328,1.06365993490004,1.65098586104137,36.4977289796124
9.3156746031746,1.1669636677817,1.06370152599741,1.6501962804765,36.4985500182032
9.31577380952381,1.16686467842014,1.06374306136633,1.64940707813659,36.4993709260053
9.31587301587301,1.16676568181208,1.06378454102981,1.6486182538417,36.500191703054
9.31597222222222,1.16666667798103,1.0638259650108,1.64782980741196,36.5010123493848
9.31607142857143,1.16656766695055,1.06386733333225,1.64704173866755,36.5018328650331
9.31617063492063,1.16646864874422,1.06390864601706,1.64625404742874,36.5026532500343
9.31626984126984,1.16636962338567,1.06394990308812,1.64546673351585,36.5034735044237
9.31636904761905,1.16627059089856,1.06399110456828,1.6446797967493,36.5042936282366
9.31646825396825,1.16617155130662,1.06403225048037,1.64389323694953,36.5051136215083
9.31656746031746,1.16607250463357,1.0640733408472,1.64310705393707,36.505933484274
9.31666666666667,1.1659734509032,1.06411437569153,1.64232124753251,36.5067532165689
9.31676587301587,1.16587439013934,1.06415535503611,1.64153581755653,36.5075728184283
9.31686507936508,1.16577532236584,1.06419627890366,1.64075076382984,36.5083922898872
9.31696428571429,1.1656762476066,1.06423714731686,1.63996608617325,36.5092116309809
9.31706349206349,1.16557716588556,1.06427796029838,1.63918178440762,36.5100308417443
9.3171626984127,1.1654780772267,1.06431871787085,1.63839785835386,36.5108499222125
9.3172619047619,1.16537898165403,1.06435942005687,1.63761430783299,36.5116688724206
9.31736111111111,1.1652798791916,1.06440006687903,1.63683113266607,36.5124876924036
9.31746031746032,1.16518076986351,1.06444065835987,1.63604833267422,36.5133063821964
9.31755952380952,1.16508165369388,1.06448119452192,1.63526590767864,36.514124941834
9.31765873015873,1.16498253070689,1.06452167538767,1.6344838575006,36.5149433713512
9.31775793650794,1.16488340092674,1.06456210097959,1.63370218196141,36.5157616707829
9.31785714285714,1.16478426437767,1.06460247132012,1.63292088088249,36.516579840164
9.31795634920635,1.16468512108399,1.06464278643167,1.6321399540853,36.5173978795293
9.31805555555556,1.16458597106999,1.06468304633662,1.63135940139137,36.5182157889136
9.31815476190476,1.16448681436006,1.06472325105734,1.6305792226223,36.5190335683515
9.31825396825397,1.16438765097859,1.06476340061614,1.62979941759974,36.5198512178779
9.31835317460317,1.16428848095002,1.06480349503534,1.62901998614544,36.5206687375273
9.31845238095238,1.16418930429882,1.0648435343372,1.62824092808119,36.5214861273345
9.31855158730159,1.16409012104952,1.06488351854397,1.62746224322885,36.5223033873341
9.31865079365079,1.16399093122666,1.06492344767787,1.62668393141036,36.5231205175607
9.31875,1.16389173485485,1.06496332176108,1.62590599244772,36.5239375180487
9.31884920634921,1.16379253195871,1.06500314081577,1.62512842616299,36.5247543888329
9.31894841269841,1.16369332256292,1.06504290486408,1.62435123237831,36.5255711299475
9.31904761904762,1.16359410669218,1.06508261392811,1.62357441091587,36.5263877414272
9.31914682539682,1.16349488437124,1.06512226802993,1.62279796159794,36.5272042233063
9.31924603174603,1.1633956556249,1.06516186719161,1.62202188424685,36.5280205756193
9.31934523809524,1.16329642047797,1.06520141143517,1.62124617868501,36.5288367984006
9.31944444444444,1.16319717895532,1.06524090078259,1.62047084473488,36.5296528916843
9.31954365079365,1.16309793108185,1.06528033525585,1.619695882219,36.530468855505
9.31964285714286,1.1629986768825,1.06531971487689,1.61892129095997,36.5312846898968
9.31974206349206,1.16289941638226,1.06535903966762,1.61814707078045,36.532100394894
9.31984126984127,1.16280014960613,1.06539830964993,1.61737322150317,36.5329159705308
9.31994047619048,1.16270087657919,1.06543752484568,1.61659974295095,36.5337314168415
9.32003968253968,1.16260159732652,1.06547668527668,1.61582663494664,36.5345467338601
9.32013888888889,1.16250231187325,1.06551579096475,1.61505389731319,36.5353619216208
9.32023809523809,1.16240302024457,1.06555484193166,1.61428152987359,36.5361769801576
9.3203373015873,1.16230372246568,1.06559383819916,1.61350953245091,36.5369919095047
9.32043650793651,1.16220441856183,1.06563277978896,1.61273790486829,36.5378067096961
9.32053571428571,1.16210510855831,1.06567166672275,1.61196664694893,36.5386213807657
9.32063492063492,1.16200579248045,1.06571049902221,1.6111957585161,36.5394359227476
9.32073412698413,1.16190647035361,1.06574927670895,1.61042523939312,36.5402503356757
9.32083333333333,1.1618071422032,1.0657879998046,1.60965508940343,36.5410646195838
9.32093253968254,1.16170780805466,1.06582666833073,1.60888530837047,36.5418787745059
9.32103174603175,1.16160846793347,1.06586528230889,1.60811589611779,36.5426928004757
9.32113095238095,1.16150912186516,1.06590384176061,1.60734685246898,36.5435066975272
9.32123015873016,1.16140976987528,1.06594234670738,1.60657817724773,36.5443204656941
9.32132936507936,1.16131041198942,1.06598079717068,1.60580987027776,36.5451341050101
9.32142857142857,1.16121104823324,1.06601919317194,1.60504193138288,36.5459476155089
9.32152777777778,1.16111167863239,1.06605753473258,1.60427436038696,36.5467609972243
9.32162698412698,1.1610123032126,1.06609582187399,1.60350715711394,36.54757425019
9.32172619047619,1.16091292199961,1.06613405461751,1.60274032138782,36.5483873744394
9.3218253968254,1.16081353501922,1.06617223298449,1.60197385303267,36.5492003700062
9.3219246031746,1.16071414229725,1.06621035699622,1.60120775187264,36.5500132369241
9.32202380952381,1.16061474385958,1.06624842667399,1.60044201773193,36.5508259752264
9.32212301587301,1.1605153397321,1.06628644203903,1.5996766504348,36.5516385849468
9.32222222222222,1.16041592994077,1.06632440311257,1.59891164980559,36.5524510661187
9.32232142857143,1.16031651451157,1.06636230991579,1.59814701566873,36.5532634187755
9.32242063492064,1.16021709347051,1.06640016246987,1.59738274784868,36.5540756429506
9.32251984126984,1.16011766684367,1.06643796079594,1.59661884616997,36.5548877386774
9.32261904761905,1.16001823465713,1.0664757049151,1.59585531045721,36.5556997059893
9.32271825396825,1.15991879693705,1.06651339484844,1.59509214053508,36.5565115449195
9.32281746031746,1.15981935370958,1.06655103061701,1.59432933622831,36.5573232555014
9.32291666666667,1.15971990500096,1.06658861224184,1.59356689736171,36.5581348377683
9.32301587301587,1.15962045083743,1.06662613974392,1.59280482376016,36.5589462917532
9.32311507936508,1.15952099124529,1.06666361314423,1.5920431152486,36.5597576174894
9.32321428571429,1.15942152625086,1.0667010324637,1.59128177165203,36.5605688150101
9.32331349206349,1.15932205588052,1.06673839772326,1.59052079279553,36.5613798843485
9.3234126984127,1.15922258016067,1.06677570894377,1.58976017850423,36.5621908255375
9.3235119047619,1.15912309911776,1.06681296614612,1.58899992860336,36.5630016386102
9.32361111111111,1.15902361277828,1.06685016935112,1.58824004291817,36.5638123235998
9.32371031746032,1.15892412116875,1.06688731857959,1.58748052127401,36.5646228805392
9.32380952380952,1.15882462431574,1.06692441385229,1.5867213634963,36.5654333094613
9.32390873015873,1.15872512224584,1.06696145518997,1.5859625694105,36.5662436103992
9.32400793650794,1.15862561498569,1.06699844261336,1.58520413884217,36.5670537833856
9.32410714285714,1.15852610256197,1.06703537614315,1.5844460716169,36.5678638284536
9.32420634920635,1.15842658500141,1.0670722558,1.58368836756037,36.5686737456359
9.32430555555556,1.15832706233075,1.06710908160454,1.58293102649834,36.5694835349654
9.32440476190476,1.15822753457679,1.0671458535774,1.58217404825659,36.5702931964748
9.32450396825397,1.15812800176637,1.06718257173915,1.58141743266102,36.5711027301969
9.32460317460317,1.15802846392634,1.06721923611034,1.58066117953757,36.5719121361645
9.32470238095238,1.15792892108364,1.0672558467115,1.57990528871224,36.5727214144101
9.32480158730159,1.15782937326519,1.06729240356314,1.57914976001112,36.5735305649665
9.32490079365079,1.157729820498,1.06732890668571,1.57839459326034,36.5743395878664
9.325,1.15763026280908,1.06736535609966,1.57763978828612,36.5751484831422
9.32509920634921,1.1575307002255,1.06740175182541,1.57688534491473,36.5759572508266
9.32519841269841,1.15743113277437,1.06743809388335,1.57613126297252,36.5767658909521
9.32529761904762,1.15733156048282,1.06747438229383,1.5753775422859,36.5775744035512
9.32539682539683,1.15723198337804,1.0675106170772,1.57462418268135,36.5783827886564
9.32549603174603,1.15713240148724,1.06754679825374,1.57387118398542,36.5791910463001
9.32559523809524,1.15703281483769,1.06758292584374,1.57311854602471,36.5799991765148
9.32569444444444,1.15693322345667,1.06761899986745,1.5723662686259,36.5808071793328
9.32579365079365,1.15683362737153,1.06765502034509,1.57161435161575,36.5816150547864
9.32589285714286,1.15673402660963,1.06769098729684,1.57086279482105,36.582422802908
9.32599206349206,1.15663442119839,1.06772690074289,1.5701115980687,36.5832304237299
9.32609126984127,1.15653481116527,1.06776276070337,1.56936076118564,36.5840379172844
9.32619047619048,1.15643519653774,1.06779856719837,1.56861028399887,36.5848452836035
9.32628968253968,1.15633557734333,1.067834320248,1.56786016633548,36.5856525227197
9.32638888888889,1.15623595360962,1.0678700198723,1.56711040802263,36.5864596346649
9.32648809523809,1.15613632536421,1.0679056660913,1.56636100888751,36.5872666194714
9.3265873015873,1.15603669263474,1.06794125892501,1.56561196875741,36.5880734771712
9.32668650793651,1.15593705544889,1.06797679839338,1.56486328745966,36.5888802077964
9.32678571428571,1.15583741383438,1.06801228451637,1.56411496482171,36.589686811379
9.32688492063492,1.15573776781898,1.06804771731389,1.56336700067103,36.5904932879511
9.32698412698413,1.15563811743049,1.06808309680583,1.56261939483515,36.5912996375447
9.32708333333333,1.15553846269673,1.06811842301205,1.56187214714169,36.5921058601916
9.32718253968254,1.15543880364558,1.06815369595238,1.56112525741835,36.5929119559238
9.32728174603175,1.15533914030496,1.06818891564663,1.56037872549285,36.5937179247731
9.32738095238095,1.15523947270282,1.06822408211458,1.55963255119303,36.5945237667715
9.32748015873016,1.15513980086716,1.06825919537597,1.55888673434676,36.5953294819507
9.32757936507936,1.15504012482599,1.06829425545054,1.55814127478198,36.5961350703426
9.32767857142857,1.15494044460739,1.06832926235796,1.55739617232673,36.5969405319788
9.32777777777778,1.15484076023947,1.06836421611792,1.55665142680907,36.5977458668911
9.32787698412698,1.15474107175037,1.06839911675004,1.55590703805716,36.5985510751113
9.32797619047619,1.15464137916828,1.06843396427394,1.55516300589921,36.5993561566709
9.3280753968254,1.15454168252141,1.0684687587092,1.55441933016351,36.6001611116016
9.3281746031746,1.15444198183803,1.06850350007538,1.5536760106784,36.600965939935
9.32827380952381,1.15434227714645,1.06853818839201,1.55293304727232,36.6017706417027
9.32837301587302,1.15424256847499,1.06857282367858,1.55219043977373,36.6025752169363
9.32847222222222,1.15414285585204,1.06860740595457,1.55144818801118,36.6033796656671
9.32857142857143,1.154043139306,1.06864193523943,1.55070629181331,36.6041839879267
9.32867063492064,1.15394341886535,1.06867641155257,1.54996475100878,36.6049881837466
9.32876984126984,1.15384369455856,1.06871083491337,1.54922356542636,36.6057922531582
9.32886904761905,1.15374396641417,1.06874520534121,1.54848273489485,36.6065961961928
9.32896825396825,1.15364423446075,1.06877952285541,1.54774225924315,36.6074000128818
9.32906746031746,1.15354449872691,1.06881378747528,1.5470021383002,36.6082037032565
9.32916666666667,1.1534447592413,1.0688479992201,1.54626237189503,36.6090072673483
9.32926587301587,1.1533450160326,1.06888215810913,1.54552295985671,36.6098107051883
9.32936507936508,1.15324526912953,1.06891626416157,1.54478390201441,36.6106140168078
9.32946428571429,1.15314551856087,1.06895031739664,1.54404519819733,36.611417202238
9.32956349206349,1.1530457643554,1.06898431783349,1.54330684823477,36.6122202615101
9.3296626984127,1.15294600654198,1.06901826549126,1.54256885195608,36.6130231946552
9.32976190476191,1.15284624514948,1.06905216038908,1.54183120919067,36.6138260017043
9.32986111111111,1.15274648020682,1.06908600254601,1.54109391976805,36.6146286826887
9.32996031746032,1.15264671174296,1.06911979198112,1.54035698351775,36.6154312376393
9.33005952380952,1.15254693978688,1.06915352871344,1.5396204002694,36.6162336665871
9.33015873015873,1.15244716436763,1.06918721276197,1.53888416985269,36.6170359695631
9.33025793650794,1.15234738551428,1.06922084414568,1.53814829209736,36.6178381465983
9.33035714285714,1.15224760325593,1.06925442288352,1.53741276683325,36.6186401977235
9.33045634920635,1.15214781762173,1.0692879489944,1.53667759389023,36.6194421229697
9.33055555555556,1.15204802864088,1.06932142249721,1.53594277309827,36.6202439223677
9.33065476190476,1.1519482363426,1.06935484341083,1.53520830428738,36.6210455959484
9.33075396825397,1.15184844075615,1.06938821175408,1.53447418728764,36.6218471437425
9.33085317460317,1.15174864191084,1.06942152754576,1.53374042192923,36.6226485657808
9.33095238095238,1.15164883983602,1.06945479080467,1.53300700804235,36.623449862094
9.33105158730159,1.15154903456105,1.06948800154954,1.5322739454573,36.6242510327128
9.33115079365079,1.15144922611536,1.06952115979911,1.53154123400443,36.6250520776679
9.33125,1.15134941452842,1.06955426557207,1.53080887351416,36.62585299699
9.33134920634921,1.15124959982971,1.06958731888708,1.53007686381699,36.6266537907095
9.33144841269841,1.15114978204877,1.0696203197628,1.52934520474347,36.6274544588572
9.33154761904762,1.15104996121518,1.06965326821782,1.52861389612423,36.6282550014635
9.33164682539683,1.15095013735855,1.06968616427075,1.52788293778994,36.629055418559
9.33174603174603,1.15085031050852,1.06971900794012,1.52715232957138,36.6298557101742
9.33184523809524,1.1507504806948,1.06975179924449,1.52642207129936,36.6306558763394
9.33194444444444,1.1506506479471,1.06978453820233,1.52569216280477,36.6314559170852
9.33204365079365,1.15055081229519,1.06981722483214,1.52496260391857,36.6322558324418
9.33214285714286,1.15045097376889,1.06984985915235,1.52423339447179,36.6330556224397
9.33224206349206,1.15035113239803,1.06988244118139,1.52350453429551,36.6338552871092
9.33234126984127,1.1502512882125,1.06991497093765,1.52277602322089,36.6346548264806
9.33244047619048,1.15015144124221,1.06994744843948,1.52204786107917,36.6354542405841
9.33253968253968,1.15005159151713,1.06997987370523,1.52132004770162,36.63625352945
9.33263888888889,1.14995173906726,1.0700122467532,1.5205925829196,36.6370526931085
9.3327380952381,1.14985188392263,1.07004456760168,1.51986546656455,36.6378517315897
9.3328373015873,1.14975202611333,1.07007683626891,1.51913869846795,36.6386506449238
9.33293650793651,1.14965216566946,1.07010905277312,1.51841227846137,36.6394494331409
9.33303571428571,1.14955230262117,1.07014121713251,1.51768620637643,36.6402480962711
9.33313492063492,1.14945243699866,1.07017332936524,1.51696048204482,36.6410466343443
9.33323412698413,1.14935256883217,1.07020538948946,1.5162351052983,36.6418450473907
9.33333333333333,1.14925269815195,1.07023739752329,1.5155100759687,36.6426433354403
9.33343253968254,1.14915282498831,1.0702693534848,1.51478539388791,36.6434414985228
9.33353174603175,1.14905294937161,1.07030125739205,1.51406105888789,36.6442395366684
9.33363095238095,1.14895307133223,1.07033310926308,1.51333707080067,36.6450374499069
9.33373015873016,1.14885319090058,1.07036490911589,1.51261342945834,36.645835238268
9.33382936507936,1.14875330810714,1.07039665696846,1.51189013469306,36.6466329017818
9.33392857142857,1.1486534229824,1.07042835283873,1.51116718633706,36.6474304404779
9.33402777777778,1.14855353555689,1.07045999674461,1.51044458422263,36.6482278543861
9.33412698412699,1.14845364586121,1.07049158870401,1.50972232818213,36.6490251435362
9.33422619047619,1.14835375392596,1.07052312873479,1.509000418048,36.6498223079578
9.3343253968254,1.14825385978181,1.07055461685478,1.50827885365272,36.6506193476807
9.3344246031746,1.14815396345943,1.07058605308179,1.50755763482887,36.6514162627344
9.33452380952381,1.14805406498957,1.07061743743361,1.50683676140906,36.6522130531487
9.33462301587302,1.147954164403,1.07064876992798,1.506116233226,36.653009718953
9.33472222222222,1.14785426173052,1.07068005058264,1.50539605011244,36.6538062601769
9.33482142857143,1.14775435700299,1.07071127941527,1.50467621190121,36.6546026768499
9.33492063492064,1.14765445025129,1.07074245644356,1.50395671842521,36.6553989690015
9.33501984126984,1.14755454150634,1.07077358168513,1.50323756951741,36.6561951366612
9.33511904761905,1.14745463079912,1.07080465515762,1.50251876501083,36.6569911798584
9.33521825396825,1.14735471816061,1.07083567687859,1.50180030473857,36.6577870986225
9.33531746031746,1.14725480362187,1.07086664686562,1.50108218853379,36.6585828929828
9.33541666666667,1.14715488721397,1.07089756513623,1.50036441622972,36.6593785629687
9.33551587301587,1.14705496896803,1.07092843170794,1.49964698765966,36.6601741086094
9.33561507936508,1.1469550489152,1.0709592465982,1.49892990265696,36.6609695299343
9.33571428571429,1.14685512708669,1.07099000982448,1.49821316105508,36.6617648269726
9.33581349206349,1.14675520351373,1.07102072140419,1.4974967626875,36.6625599997534
9.3359126984127,1.14665527822758,1.07105138135472,1.49678070738778,36.663355048306
9.33601190476191,1.14655535125957,1.07108198969345,1.49606499498956,36.6641499726595
9.33611111111111,1.14645542264103,1.0711125464377,1.49534962532654,36.664944772843
9.33621031746032,1.14635549240337,1.07114305160479,1.49463459823248,36.6657394488855
9.33630952380952,1.146255560578,1.071173505212,1.49391991354121,36.6665340008162
9.33640873015873,1.14615562719639,1.07120390727658,1.49320557108663,36.6673284286641
9.33650793650794,1.14605569229005,1.07123425781576,1.4924915707027,36.6681227324581
9.33660714285714,1.14595575589052,1.07126455684674,1.49177791222347,36.6689169122272
9.33670634920635,1.14585581802937,1.07129480438669,1.49106459548302,36.6697109680003
9.33680555555556,1.14575587873824,1.07132500045275,1.49035162031553,36.6705048998063
9.33690476190476,1.14565593804877,1.07135514506203,1.48963898655523,36.6712987076741
9.33700396825397,1.14555599599268,1.07138523823164,1.48892669403641,36.6720923916325
9.33710317460318,1.14545605260168,1.07141527997862,1.48821474259343,36.6728859517103
9.33720238095238,1.14535610790756,1.07144527032,1.48750313206076,36.6736793879363
9.33730158730159,1.14525616194213,1.0714752092728,1.48679186227286,36.6744727003392
9.33740079365079,1.14515621473724,1.07150509685399,1.48608093306433,36.6752658889478
9.3375,1.14505626632479,1.07153493308051,1.48537034426978,36.6760589537906
9.33759920634921,1.14495631673669,1.0715647179693,1.48466009572392,36.6768518948964
9.33769841269841,1.14485636600492,1.07159445153724,1.48395018726153,36.6776447122937
9.33779761904762,1.14475641416149,1.0716241338012,1.48324061871742,36.6784374060112
9.33789682539683,1.14465646123843,1.07165376477801,1.4825313899265,36.6792299760774
9.33799603174603,1.14455650726784,1.07168334448449,1.48182250072375,36.6800224225208
9.33809523809524,1.14445655228184,1.07171287293743,1.4811139509442,36.6808147453698
9.33819444444444,1.14435659631257,1.07174235015356,1.48040574042294,36.6816069446531
9.33829365079365,1.14425663939226,1.07177177614963,1.47969786899515,36.6823990203989
9.33839285714286,1.14415668155312,1.07180115094234,1.47899033649607,36.6831909726357
9.33849206349206,1.14405672282744,1.07183047454834,1.47828314276099,36.6839828013918
9.33859126984127,1.14395676324754,1.0718597469843,1.47757628762528,36.6847745066957
9.33869047619048,1.14385680284576,1.07188896826682,1.47686977092439,36.6855660885755
9.33878968253968,1.14375684165451,1.07191813841249,1.47616359249382,36.6863575470595
9.33888888888889,1.1436568797062,1.07194725743787,1.47545775216913,36.6871488821761
9.3389880952381,1.14355691703331,1.0719763253595,1.47475224978596,36.6879400939533
9.3390873015873,1.14345695366835,1.07200534219389,1.47404708518002,36.6887311824194
9.33918650793651,1.14335698964386,1.0720343079575,1.47334225818707,36.6895221476026
9.33928571428571,1.14325702499244,1.0720632226668,1.47263776864296,36.6903129895309
9.33938492063492,1.14315705974669,1.07209208633819,1.47193361638359,36.6911037082324
9.33948412698413,1.1430570939393,1.07212089898809,1.47122980124493,36.6918943037352
9.33958333333333,1.14295712760295,1.07214966063284,1.47052632306301,36.6926847760673
9.33968253968254,1.14285716077038,1.0721783712888,1.46982318167395,36.6934751252567
9.33978174603175,1.14275719347438,1.07220703097227,1.4691203769139,36.6942653513313
9.33988095238095,1.14265722574776,1.07223563969954,1.46841790861913,36.6950554543191
9.33998015873016,1.14255725762338,1.07226419748687,1.46771577662592,36.695845434248
9.34007936507937,1.14245728913413,1.07229270435047,1.46701398077064,36.6966352911459
9.34017857142857,1.14235732031295,1.07232116030656,1.46631252088974,36.6974250250405
9.34027777777778,1.1422573511928,1.0723495653713,1.46561139681974,36.6982146359597
9.34037698412699,1.14215738180669,1.07237791956084,1.46491060839719,36.6990041239312
9.34047619047619,1.14205741218768,1.0724062228913,1.46421015545873,36.6997934889829
9.3405753968254,1.14195744236885,1.07243447537876,1.46351003784109,36.7005827311423
9.3406746031746,1.14185747238333,1.07246267703929,1.46281025538102,36.7013718504373
9.34077380952381,1.14175750226427,1.07249082788892,1.46211080791536,36.7021608468954
9.34087301587302,1.1416575320449,1.07251892794366,1.46141169528103,36.7029497205442
9.34097222222222,1.14155756175843,1.07254697721948,1.460712917315,36.7037384714114
9.34107142857143,1.14145759143816,1.07257497573235,1.46001447385431,36.7045270995245
9.34117063492064,1.14135762111741,1.07260292349817,1.45931636473607,36.705315604911
9.34126984126984,1.14125765082953,1.07263082053285,1.45861858979744,36.7061039875984
9.34136904761905,1.14115768060791,1.07265866685225,1.45792114887568,36.7068922476141
9.34146825396825,1.141057710486,1.07268646247222,1.45722404180809,36.7076803849857
9.34156746031746,1.14095774049727,1.07271420740856,1.45652726843203,36.7084683997405
9.34166666666667,1.14085777067522,1.07274190167706,1.45583082858498,36.7092562919059
9.34176587301587,1.1407578010534,1.07276954529348,1.45513472210442,36.7100440615092
9.34186507936508,1.14065783166542,1.07279713827355,1.45443894882793,36.7108317085777
9.34196428571429,1.14055786254489,1.07282468063296,1.45374350859315,36.7116192331386
9.34206349206349,1.14045789372548,1.07285217238739,1.4530484012378,36.7124066352193
9.3421626984127,1.1403579252409,1.07287961355249,1.45235362659965,36.713193914847
9.34226190476191,1.14025795712488,1.07290700414387,1.45165918451654,36.7139810720488
9.34236111111111,1.14015798941122,1.07293434417712,1.45096507482638,36.7147681068519
9.34246031746032,1.14005802213372,1.07296163366782,1.45027129736715,36.7155550192833
9.34255952380952,1.13995805532626,1.07298887263148,1.4495778519769,36.7163418093703
9.34265873015873,1.13985808902273,1.07301606108363,1.44888473849373,36.7171284771398
9.34275793650794,1.13975812325706,1.07304319903973,1.44819195675581,36.7179150226189
9.34285714285714,1.13965815806323,1.07307028651525,1.44749950660141,36.7187014458345
9.34295634920635,1.13955819347526,1.0730973235256,1.44680738786882,36.7194877468137
9.34305555555556,1.13945822952719,1.07312431008617,1.44611560039641,36.7202739255833
9.34315476190476,1.13935826625312,1.07315124621235,1.44542414402265,36.7210599821703
9.34325396825397,1.13925830368718,1.07317813191947,1.44473301858604,36.7218459166015
9.34335317460318,1.13915834186353,1.07320496722284,1.44404222392515,36.7226317289038
9.34345238095238,1.13905838081638,1.07323175213775,1.44335175987864,36.723417419104
9.34355158730159,1.13895842057998,1.07325848667945,1.44266162628522,36.7242029872288
9.34365079365079,1.13885846118861,1.07328517086318,1.44197182298366,36.7249884333051
9.34375,1.13875850267659,1.07331180470414,1.44128234981281,36.7257737573594
9.34384920634921,1.13865854507829,1.0733383882175,1.44059320661158,36.7265589594186
9.34394841269841,1.1385585884281,1.07336492141841,1.43990439321895,36.7273440395092
9.34404761904762,1.13845863276047,1.07339140432199,1.43921590947397,36.7281289976578
9.34414682539682,1.13835867810986,1.07341783694332,1.43852775521575,36.7289138338912
9.34424603174603,1.1382587245108,1.07344421929748,1.43783993028347,36.7296985482358
9.34434523809524,1.13815877199784,1.0734705513995,1.43715243451639,36.7304831407181
9.34444444444444,1.13805882060557,1.07349683326438,1.4364652677538,36.7312676113647
9.34454365079365,1.13795887036862,1.07352306490711,1.43577842983509,36.7320519602019
9.34464285714286,1.13785892132167,1.07354924634263,1.43509192059971,36.7328361872564
9.34474206349206,1.13775897349942,1.07357537758589,1.43440573988718,36.7336202925544
9.34484126984127,1.13765902693662,1.07360145865176,1.43371988753708,36.7344042761223
9.34494047619048,1.13755908166805,1.07362748955512,1.43303436338905,36.7351881379864
9.34503968253968,1.13745913772855,1.07365347031082,1.43234916728281,36.7359718781732
9.34513888888889,1.13735919515296,1.07367940093366,1.43166429905814,36.7367554967088
9.34523809523809,1.1372592539762,1.07370528143843,1.43097975855488,36.7375389936195
9.3453373015873,1.13715931423321,1.07373111183989,1.43029554561296,36.7383223689315
9.34543650793651,1.13705937595895,1.07375689215277,1.42961166007236,36.739105622671
9.34553571428571,1.13695943918846,1.07378262239178,1.42892810177312,36.7398887548642
9.34563492063492,1.13685950395679,1.07380830257159,1.42824487055536,36.7406717655372
9.34573412698413,1.13675957029902,1.07383393270684,1.42756196625927,36.741454654716
9.34583333333333,1.1366596382503,1.07385951281217,1.42687938872509,36.7422374224268
9.34593253968254,1.1365597078458,1.07388504290215,1.42619713779314,36.7430200686955
9.34603174603175,1.13645977912072,1.07391052299135,1.4255152133038,36.7438025935482
9.34613095238095,1.13635985211033,1.07393595309431,1.42483361509753,36.7445849970108
9.34623015873016,1.13625992684989,1.07396133322554,1.42415234301484,36.7453672791093
9.34632936507936,1.13616000337475,1.07398666339952,1.42347139689631,36.7461494398696
9.34642857142857,1.13606008172026,1.07401194363071,1.42279077658261,36.7469314793175
9.34652777777778,1.13596016192183,1.07403717393352,1.42211048191443,36.7477133974789
9.34662698412698,1.13586024401489,1.07406235432236,1.42143051273257,36.7484951943796
9.34672619047619,1.13576032803495,1.0740874848116,1.42075086887788,36.7492768700454
9.3468253968254,1.1356604140175,1.07411256541558,1.42007155019128,36.750058424502
9.3469246031746,1.13556050199811,1.07413759614861,1.41939255651375,36.7508398577752
9.34702380952381,1.13546059201237,1.07416257702498,1.41871388768635,36.7516211698906
9.34712301587301,1.13536068409593,1.07418750805896,1.41803554355019,36.7524023608739
9.34722222222222,1.13526077828445,1.07421238926476,1.41735752394645,36.7531834307507
9.34732142857143,1.13516087461365,1.07423722065661,1.4166798287164,36.7539643795466
9.34742063492063,1.13506097311927,1.07426200224866,1.41600245770135,36.7547452072872
9.34751984126984,1.13496107383711,1.07428673405508,1.41532541074267,36.755525913998
9.34761904761905,1.134861176803,1.07431141608997,1.41464868768185,36.7563064997045
9.34771825396825,1.1347612820528,1.07433604836744,1.41397228836038,36.7570869644322
9.34781746031746,1.13466138962242,1.07436063090156,1.41329621261986,36.7578673082065
9.34791666666667,1.1345614995478,1.07438516370634,1.41262046030194,36.7586475310528
9.34801587301587,1.13446161186492,1.07440964679582,1.41194503124834,36.7594276329965
9.34811507936508,1.13436172660981,1.07443408018396,1.41126992530085,36.760207614063
9.34821428571429,1.13426184381852,1.07445846388473,1.41059514230132,36.7609874742775
9.34831349206349,1.13416196352716,1.07448279791204,1.40992068209167,36.7617672136654
9.3484126984127,1.13406208577186,1.07450708227981,1.40924654451389,36.7625468322519
9.3485119047619,1.13396221058879,1.07453131700189,1.40857272941004,36.7633263300621
9.34861111111111,1.13386233801418,1.07455550209214,1.40789923662223,36.7641057071214
9.34871031746032,1.13376246808427,1.07457963756437,1.40722606599266,36.7648849634548
9.34880952380952,1.13366260083535,1.07460372343236,1.40655321736358,36.7656640990875
9.34890873015873,1.13356273630376,1.07462775970988,1.40588069057731,36.7664431140446
9.34900793650794,1.13346287452586,1.07465174641066,1.40520848547624,36.7672220083512
9.34910714285714,1.13336301553807,1.0746756835484,1.40453660190282,36.7680007820322
9.34920634920635,1.13326315937682,1.07469957113678,1.40386503969959,36.7687794351127
9.34930555555556,1.1331633060786,1.07472340918946,1.40319379870913,36.7695579676177
9.34940476190476,1.13306345567994,1.07474719772004,1.4025228787741,36.770336379572
9.34950396825397,1.13296360821739,1.07477093674213,1.40185227973721,36.7711146710007
9.34960317460317,1.13286376372756,1.07479462626929,1.40118200144126,36.7718928419285
9.34970238095238,1.13276392224708,1.07481826631506,1.40051204372911,36.7726708923804
9.34980158730159,1.13266408381264,1.07484185689296,1.39984240644367,36.7734488223811
9.34990079365079,1.13256424846095,1.07486539801645,1.39917308942795,36.7742266319555
9.35,1.13246441622876,1.07488888969901,1.39850409252499,36.7750043211282
9.35009920634921,1.13236458715287,1.07491233195405,1.39783541557793,36.775781889924
9.35019841269841,1.13226476127011,1.07493572479497,1.39716705842995,36.7765593383676
9.35029761904762,1.13216493861735,1.07495906823516,1.39649902092431,36.7773366664837
9.35039682539682,1.13206511923149,1.07498236228794,1.39583130290433,36.7781138742969
9.35049603174603,1.13196530314949,1.07500560696665,1.39516390421341,36.7788909618318
9.35059523809524,1.13186549040834,1.07502880228456,1.39449682469501,36.7796679291129
9.35069444444444,1.13176568104506,1.07505194825494,1.39383006419265,36.7804447761648
9.35079365079365,1.1316658750967,1.07507504489102,1.39316362254993,36.7812215030119
9.35089285714286,1.13156607260038,1.07509809220601,1.39249749961049,36.7819981096789
9.35099206349206,1.13146627359324,1.07512109021308,1.39183169521808,36.78277459619
9.35109126984127,1.13136647811245,1.07514403892539,1.39116620921648,36.7835509625698
9.35119047619048,1.13126668619523,1.07516693835606,1.39050104144955,36.7843272088425
9.35128968253968,1.13116689787884,1.07518978851818,1.38983619176122,36.7851033350326
9.35138888888889,1.13106711320058,1.07521258942481,1.38917165999548,36.7858793411644
9.35148809523809,1.13096733219777,1.07523534108901,1.3885074459964,36.7866552272621
9.3515873015873,1.13086755490779,1.07525804352378,1.38784354960809,36.78743099335
9.35168650793651,1.13076778136806,1.0752806967421,1.38717997067475,36.7882066394524
9.35178571428571,1.13066801161601,1.07530330075692,1.38651670904065,36.7889821655934
9.35188492063492,1.13056824568915,1.07532585558119,1.38585376455011,36.7897575717971
9.35198412698413,1.13046848362499,1.0753483612278,1.38519113704752,36.7905328580878
9.35208333333333,1.1303687254611,1.07537081770962,1.38452882637735,36.7913080244895
9.35218253968254,1.13026897123509,1.07539322503949,1.38386683238413,36.7920830710262
9.35228174603175,1.1301692209846,1.07541558323024,1.38320515491244,36.7928579977221
9.35238095238095,1.13006947474731,1.07543789229465,1.38254379380697,36.7936328046011
9.35248015873016,1.12996973256093,1.07546015224548,1.38188274891242,36.7944074916873
9.35257936507936,1.12986999446324,1.07548236309548,1.3812220200736,36.7951820590044
9.35267857142857,1.12977026049202,1.07550452485734,1.38056160713537,36.7959565065765
9.35277777777778,1.12967053068511,1.07552663754375,1.37990150994265,36.7967308344275
9.35287698412698,1.12957080508039,1.07554870116735,1.37924172834045,36.7975050425812
9.35297619047619,1.12947108371576,1.07557071574077,1.37858226217383,36.7982791310613
9.3530753968254,1.12937136662919,1.07559268127661,1.37792311128792,36.7990530998918
9.3531746031746,1.12927165385866,1.07561459778743,1.37726427552791,36.7998269490963
9.35327380952381,1.12917194544219,1.07563646528577,1.37660575473907,36.8006006786986
9.35337301587301,1.12907224141786,1.07565828378415,1.37594754876673,36.8013742887224
9.35347222222222,1.12897254182377,1.07568005329504,1.37528965745628,36.8021477791914
9.35357142857143,1.12887284669808,1.07570177383091,1.37463208065319,36.8029211501291
9.35367063492064,1.12877315607895,1.07572344540419,1.373974818203,36.8036944015591
9.35376984126984,1.12867347000461,1.07574506802728,1.37331786995129,36.8044675335052
9.35386904761905,1.12857378851332,1.07576664171254,1.37266123574374,36.8052405459907
9.35396825396825,1.12847411164339,1.07578816647233,1.37200491542607,36.8060134390392
9.35406746031746,1.12837443943314,1.07580964231897,1.37134890884409,36.8067862126742
9.35416666666667,1.12827477192096,1.07583106926474,1.37069321584365,36.8075588669191
9.35426587301587,1.12817510914526,1.07585244732191,1.3700378362707,36.8083314017973
9.35436507936508,1.12807545114449,1.07587377650272,1.36938276997123,36.8091038173323
9.35446428571429,1.12797579795715,1.07589505681936,1.3687280167913,36.8098761135473
9.35456349206349,1.12787614962176,1.07591628828402,1.36807357657705,36.8106482904657
9.3546626984127,1.1277765061769,1.07593747090886,1.36741944917468,36.8114203481108
9.3547619047619,1.12767686766117,1.07595860470599,1.36676563443045,36.8121922865059
9.35486111111111,1.12757723411322,1.07597968968752,1.3661121321907,36.8129641056741
9.35496031746032,1.12747760557174,1.07600072586551,1.36545894230182,36.8137358056387
9.35505952380952,1.12737798207544,1.07602171325199,1.36480606461029,36.8145073864228
9.35515873015873,1.1272783636631,1.076042651859,1.36415349896264,36.8152788480495
9.35525793650794,1.12717875037351,1.0760635416985,1.36350124520547,36.8160501905421
9.35535714285714,1.1270791422455,1.07608438278247,1.36284930318544,36.8168214139235
9.35545634920635,1.12697953931797,1.07610517512282,1.3621976727493,36.8175925182167
9.35555555555556,1.12687994162982,1.07612591873146,1.36154635374384,36.8183635034449
9.35565476190476,1.12678034922002,1.07614661362027,1.36089534601592,36.8191343696309
9.35575396825397,1.12668076212754,1.07616725980109,1.3602446494125,36.8199051167978
9.35585317460317,1.12658118039144,1.07618785728575,1.35959426378056,36.8206757449684
9.35595238095238,1.12648160405078,1.07620840608602,1.35894418896717,36.8214462541656
9.35605158730159,1.12638203314466,1.07622890621369,1.35829442481948,36.8222166444123
9.35615079365079,1.12628246771224,1.07624935768047,1.35764497118468,36.8229869157313
9.35625,1.1261829077927,1.07626976049809,1.35699582791004,36.8237570681454
9.35634920634921,1.12608335342528,1.07629011467822,1.3563469948429,36.8245271016774
9.35644841269841,1.12598380464922,1.07631042023251,1.35569847183065,36.8252970163499
9.35654761904762,1.12588426150384,1.07633067717259,1.35505025872078,36.8260668121857
9.35664682539683,1.12578472402848,1.07635088551005,1.35440235536082,36.8268364892075
9.35674603174603,1.12568519226252,1.07637104525647,1.35375476159836,36.8276060474379
9.35684523809524,1.12558566624538,1.07639115642339,1.3531074772811,36.8283754868994
9.35694444444444,1.12548614601651,1.07641121902233,1.35246050225674,36.8291448076148
9.35704365079365,1.1253866316154,1.07643123306475,1.35181383637311,36.8299140096064
9.35714285714286,1.1252871230816,1.07645119856214,1.35116747947808,36.8306830928969
9.35724206349206,1.12518762045468,1.07647111552591,1.35052143141957,36.8314520575086
9.35734126984127,1.12508812377425,1.07649098396748,1.3498756920456,36.8322209034642
9.35744047619048,1.12498863307995,1.07651080389821,1.34923026120424,36.8329896307859
9.35753968253968,1.12488914841148,1.07653057532945,1.34858513874362,36.8337582394961
9.35763888888889,1.12478966980857,1.07655029827253,1.34794032451195,36.8345267296173
9.35773809523809,1.12469019731098,1.07656997273873,1.3472958183575,36.8352951011717
9.3578373015873,1.12459073095851,1.07658959873933,1.34665162012862,36.8360633541817
9.35793650793651,1.12449127079101,1.07660917628555,1.34600772967369,36.8368314886695
9.35803571428571,1.12439181684836,1.07662870538861,1.34536414684121,36.8375995046572
9.35813492063492,1.12429236917049,1.07664818605968,1.3447208714797,36.8383674021673
9.35823412698413,1.12419292779734,1.07666761830993,1.34407790343779,36.8391351812217
9.35833333333333,1.12409349276892,1.07668700215048,1.34343524256412,36.8399028418427
9.35843253968254,1.12399406412527,1.07670633759242,1.34279288870746,36.8406703840523
9.35853174603175,1.12389464190646,1.07672562464682,1.3421508417166,36.8414378078726
9.35863095238095,1.12379522615259,1.07674486332474,1.34150910144042,36.8422051133258
9.35873015873016,1.12369581690384,1.07676405363717,1.34086766772786,36.8429723004337
9.35882936507936,1.12359641420037,1.07678319559512,1.34022654042792,36.8437393692183
9.35892857142857,1.12349701808244,1.07680228920954,1.33958571938968,36.8445063197017
9.35902777777778,1.12339762859029,1.07682133449136,1.33894520446228,36.8452731519058
9.35912698412698,1.12329824576425,1.07684033145149,1.33830499549494,36.8460398658523
9.35922619047619,1.12319886964465,1.0768592801008,1.33766509233691,36.8468064615633
9.3593253968254,1.12309950027188,1.07687818045014,1.33702549483755,36.8475729390604
9.3594246031746,1.12300013768635,1.07689703251033,1.33638620284625,36.8483392983656
9.35952380952381,1.12290078192855,1.07691583629217,1.33574721621252,36.8491055395006
9.35962301587302,1.12280143303895,1.07693459180641,1.33510853478587,36.849871662487
9.35972222222222,1.1227020910581,1.07695329906381,1.33447015841592,36.8506376673467
9.35982142857143,1.12260275602657,1.07697195807506,1.33383208695235,36.8514035541013
9.35992063492064,1.12250342798499,1.07699056885085,1.3331943202449,36.8521693227724
9.36001984126984,1.12240410697401,1.07700913140184,1.33255685814337,36.8529349733816
9.36011904761905,1.12230479303431,1.07702764573865,1.33191970049765,36.8537005059505
9.36021825396825,1.12220548620663,1.07704611187188,1.33128284715768,36.8544659205007
9.36031746031746,1.12210618653174,1.0770645298121,1.33064629797346,36.8552312170537
9.36041666666667,1.12200689405045,1.07708289956985,1.33001005279508,36.8559963956309
9.36051587301587,1.1219076088036,1.07710122115566,1.32937411147268,36.8567614562539
9.36061507936508,1.12180833083209,1.07711949458,1.32873847385647,36.857526398944
9.36071428571429,1.12170906017682,1.07713771985335,1.32810313979672,36.8582912237226
9.36081349206349,1.12160979687878,1.07715589698612,1.32746810914378,36.8590559306111
9.3609126984127,1.12151054097895,1.07717402598873,1.32683338174806,36.8598205196308
9.36101190476191,1.12141129251838,1.07719210687156,1.32619895746005,36.8605849908031
9.36111111111111,1.12131205153816,1.07721013964495,1.32556483613028,36.8613493441491
9.36121031746032,1.12121281807938,1.07722812431923,1.32493101760937,36.8621135796902
9.36130952380952,1.12111359218322,1.07724606090468,1.32429750174799,36.8628776974474
9.36140873015873,1.12101437389086,1.07726394941158,1.3236642883969,36.8636416974421
9.36150793650794,1.12091516324354,1.07728178985017,1.3230313774069,36.8644055796953
9.36160714285714,1.12081596028253,1.07729958223065,1.32239876862887,36.8651693442282
9.36170634920635,1.12071676504914,1.0773173265632,1.32176646191376,36.8659329910618
9.36180555555556,1.12061757758472,1.07733502285799,1.32113445711258,36.8666965202171
9.36190476190476,1.12051839793065,1.07735267112514,1.32050275407642,36.8674599317153
9.36200396825397,1.12041922612837,1.07737027137476,1.31987135265641,36.8682232255773
9.36210317460317,1.12032006221934,1.0773878236169,1.31924025270377,36.868986401824
9.36220238095238,1.12022090624506,1.07740532786162,1.31860945406979,36.8697494604763
9.36230158730159,1.12012175824707,1.07742278411894,1.3179789566058,36.8705124015553
9.36240079365079,1.12002261826695,1.07744019239884,1.31734876016322,36.8712752250816
9.3625,1.11992348634633,1.07745755271128,1.31671886459354,36.8720379310762
9.36259920634921,1.11982436252686,1.0774748650662,1.3160892697483,36.8728005195599
9.36269841269841,1.11972524685023,1.0774921294735,1.31545997547912,36.8735629905533
9.36279761904762,1.11962613935819,1.07750934594307,1.31483098163767,36.8743253440774
9.36289682539683,1.1195270400925,1.07752651448475,1.31420228807571,36.8750875801527
9.36299603174603,1.11942794909498,1.07754363510836,1.31357389464505,36.8758496987999
9.36309523809524,1.11932886640748,1.0775607078237,1.31294580119758,36.8766117000397
9.36319444444444,1.11922979207189,1.07757773264053,1.31231800758523,36.8773735838928
9.36329365079365,1.11913072613013,1.07759470956861,1.31169051366004,36.8781353503796
9.36339285714286,1.11903166862417,1.07761163861763,1.31106331927407,36.8788969995207
9.36349206349206,1.11893261959602,1.07762851979728,1.31043642427948,36.8796585313367
9.36359126984127,1.11883357908773,1.07764535311722,1.30980982852849,36.880419945848
9.36369047619048,1.11873454714137,1.07766213858707,1.30918353187337,36.8811812430752
9.36378968253968,1.11863552379906,1.07767887621644,1.30855753416649,36.8819424230385
9.36388888888889,1.11853650910297,1.0776955660149,1.30793183526024,36.8827034857585
9.3639880952381,1.11843750309529,1.077712207992,1.30730643500713,36.8834644312555
9.3640873015873,1.11833850581826,1.07772880215725,1.30668133325969,36.8842252595497
9.36418650793651,1.11823951731415,1.07774534852014,1.30605652987056,36.8849859706616
9.36428571428571,1.11814053762529,1.07776184709013,1.3054320246924,36.8857465646114
9.36438492063492,1.11804156679401,1.07777829787667,1.30480781757798,36.8865070414193
9.36448412698413,1.11794260486273,1.07779470088915,1.30418390838011,36.8872674011056
9.36458333333333,1.11784365187385,1.07781105613695,1.30356029695167,36.8880276436904
9.36468253968254,1.11774470786986,1.07782736362943,1.30293698314562,36.8887877691938
9.36478174603175,1.11764577289325,1.07784362337591,1.30231396681497,36.889547777636
9.36488095238095,1.11754684698658,1.07785983538568,1.30169124781281,36.8903076690371
9.36498015873016,1.11744793019243,1.07787599966802,1.30106882599229,36.8910674434171
9.36507936507936,1.11734902255342,1.07789211623216,1.30044670120664,36.891827100796
9.36517857142857,1.11725012411221,1.07790818508732,1.29982487330913,36.8925866411938
9.36527777777778,1.11715123491151,1.07792420624267,1.29920334215312,36.8933460646306
9.36537698412699,1.11705235499405,1.07794017970738,1.29858210759203,36.8941053711261
9.36547619047619,1.11695348440261,1.07795610549058,1.29796116947935,36.8948645607004
9.3655753968254,1.11685462318,1.07797198360137,1.29734052766862,36.8956236333732
9.3656746031746,1.11675577136909,1.07798781404882,1.29672018201348,36.8963825891645
9.36577380952381,1.11665692901276,1.07800359684198,1.2961001323676,36.8971414280939
9.36587301587302,1.11655809615394,1.07801933198987,1.29548037858474,36.8979001501814
9.36597222222222,1.11645927283561,1.07803501950147,1.29486092051873,36.8986587554466
9.36607142857143,1.11636045910077,1.07805065938575,1.29424175802344,36.8994172439092
9.36617063492064,1.11626165499248,1.07806625165165,1.29362289095283,36.900175615589
9.36626984126984,1.11616286055382,1.07808179630808,1.29300431916093,36.9009338705055
9.36636904761905,1.1160640758279,1.0780972933639,1.29238604250182,36.9016920086784
9.36646825396825,1.11596530085791,1.07811274282798,1.29176806082965,36.9024500301273
9.36656746031746,1.11586653568703,1.07812814470914,1.29115037399866,36.9032079348717
9.36666666666667,1.11576778035851,1.07814349901618,1.29053298186312,36.9039657229312
9.36676587301587,1.11566903491564,1.07815880575786,1.2899158842774,36.9047233943252
9.36686507936508,1.11557029940171,1.07817406494293,1.2892990810959,36.9054809490732
9.36696428571429,1.1154715738601,1.07818927658009,1.28868257217313,36.9062383871946
9.36706349206349,1.1153728583342,1.07820444067805,1.28806635736365,36.9069957087089
9.3671626984127,1.11527415286744,1.07821955724544,1.28745043652207,36.9077529136354
9.36726190476191,1.1151754575033,1.07823462629091,1.28683480950308,36.9085100019934
9.36736111111111,1.11507677228528,1.07824964782305,1.28621947616144,36.9092669738023
9.36746031746032,1.11497809725693,1.07826462185045,1.28560443635198,36.9100238290812
9.36755952380952,1.11487943246184,1.07827954838164,1.28498968992958,36.9107805678496
9.36765873015873,1.11478077794365,1.07829442742515,1.2843752367492,36.9115371901265
9.36775793650794,1.11468213374601,1.07830925898946,1.28376107666586,36.9122936959312
9.36785714285714,1.11458349991263,1.07832404308305,1.28314720953466,36.9130500852828
9.36795634920635,1.11448487648724,1.07833877971435,1.28253363521076,36.9138063582004
9.36805555555556,1.11438626351364,1.07835346889176,1.28192035354937,36.9145625147031
9.36815476190476,1.11428766103565,1.07836811062367,1.28130736440579,36.91531855481
9.36825396825397,1.11418906909711,1.07838270491843,1.28069466763538,36.9160744785401
9.36835317460318,1.11409048774193,1.07839725178437,1.28008226309355,36.9168302859124
9.36845238095238,1.11399191701404,1.07841175122978,1.27947015063582,36.9175859769458
9.36855158730159,1.11389335695742,1.07842620326293,1.27885833011773,36.9183415516594
9.36865079365079,1.11379480761607,1.07844060789206,1.27824680139491,36.9190970100719
9.36875,1.11369626903406,1.0784549651254,1.27763556432305,36.9198523522022
9.36884920634921,1.11359774125547,1.07846927497112,1.27702461875792,36.9206075780693
9.36894841269841,1.11349922432443,1.07848353743738,1.27641396455533,36.9213626876919
9.36904761904762,1.1134007182851,1.07849775253232,1.27580360157118,36.9221176810887
9.36914682539683,1.1133022231817,1.07851192026404,1.27519352966144,36.9228725582786
9.36924603174603,1.11320373905847,1.07852604064061,1.27458374868212,36.9236273192802
9.36934523809524,1.11310526595968,1.07854011367009,1.27397425848932,36.9243819641123
9.36944444444444,1.11300680392967,1.07855413936048,1.2733650589392,36.9251364927934
9.36954365079365,1.11290835301278,1.0785681177198,1.272756149888,36.9258909053422
9.36964285714286,1.11280991325343,1.07858204875599,1.27214753119199,36.9266452017773
9.36974206349206,1.11271148469605,1.07859593247699,1.27153920270755,36.9273993821173
9.36984126984127,1.11261306738511,1.07860976889073,1.2709311642911,36.9281534463806
9.36994047619048,1.11251466136513,1.07862355800507,1.27032341579914,36.9289073945858
9.37003968253968,1.11241626668066,1.07863729982787,1.26971595708823,36.9296612267513
9.37013888888889,1.11231788337629,1.07865099436695,1.269108788015,36.9304149428956
9.3702380952381,1.11221951149666,1.07866464163013,1.26850190843614,36.9311685430371
9.3703373015873,1.11212115108643,1.07867824162515,1.26789531820841,36.9319220271941
9.37043650793651,1.11202280219031,1.07869179435978,1.26728901718865,36.932675395385
9.37053571428571,1.11192446485305,1.07870529984172,1.26668300523374,36.9334286476281
9.37063492063492,1.11182613911944,1.07871875807867,1.26607728220066,36.9341817839416
9.37073412698413,1.11172782503428,1.07873216907827,1.26547184794644,36.9349348043439
9.37083333333333,1.11162952264246,1.07874553284816,1.26486670232816,36.9356877088531
9.37093253968254,1.11153123198886,1.07875884939596,1.26426184520299,36.9364404974875
9.37103174603175,1.11143295311844,1.07877211872922,1.26365727642817,36.9371931702651
9.37113095238095,1.11133468607615,1.07878534085551,1.26305299586098,36.9379457272041
9.37123015873016,1.11123643090703,1.07879851578235,1.2624490033588,36.9386981683226
9.37132936507937,1.11113818765613,1.07881164351722,1.26184529877904,36.9394504936387
9.37142857142857,1.11103995636854,1.07882472406759,1.26124188197922,36.9402027031703
9.37152777777778,1.11094173708939,1.0788377574409,1.2606387528169,36.9409547969355
9.37162698412699,1.11084352986386,1.07885074364456,1.2600359111497,36.9417067749523
9.37172619047619,1.11074533473715,1.07886368268595,1.25943335683533,36.9424586372385
9.3718253968254,1.11064715175451,1.07887657457244,1.25883108973155,36.9432103838121
9.3719246031746,1.11054898096123,1.07888941931133,1.25822910969619,36.943962014691
9.37202380952381,1.11045082240264,1.07890221690994,1.25762741658715,36.944713529893
9.37212301587302,1.1103526761241,1.07891496737553,1.2570260102624,36.9454649294359
9.37222222222222,1.110254542171,1.07892767071536,1.25642489057996,36.9462162133375
9.37232142857143,1.1101564205888,1.07894032693662,1.25582405739795,36.9469673816156
9.37242063492064,1.11005831142297,1.07895293604652,1.25522351057451,36.9477184342878
9.37251984126984,1.10996021471903,1.07896549805221,1.2546232499679,36.9484693713718
9.37261904761905,1.10986213052254,1.07897801296083,1.2540232754364,36.9492201928854
9.37271825396825,1.10976405887909,1.07899048077948,1.25342358683838,36.9499708988461
9.37281746031746,1.10966599983432,1.07900290151524,1.25282418403227,36.9507214892715
9.37291666666667,1.1095679534339,1.07901527517516,1.25222506687659,36.9514719641792
9.37301587301587,1.10946991972354,1.07902760176626,1.25162623522989,36.9522223235868
9.37311507936508,1.10937189874899,1.07903988129553,1.25102768895081,36.9529725675116
9.37321428571429,1.10927389055605,1.07905211376994,1.25042942789805,36.9537226959712
9.37331349206349,1.10917589519053,1.07906429919643,1.24983145193037,36.9544727089831
9.3734126984127,1.1090779126983,1.07907643758191,1.24923376090662,36.9552226065646
9.37351190476191,1.10897994312527,1.07908852893327,1.24863635468569,36.9559723887331
9.37361111111111,1.10888198588133,1.07910057351249,1.24803923312229,36.956722055763
9.37371031746032,1.10878403705651,1.07911257291242,1.24744239605359,36.9574716092692
9.37380952380952,1.1086860959737,1.07912452742771,1.24684584334584,36.9582210495584
9.37390873015873,1.10858816263079,1.07913643708215,1.24624957487036,36.9589703766646
9.37400793650794,1.10849023702566,1.07914830189953,1.24565359049852,36.9597195906215
9.37410714285714,1.10839231915623,1.0791601219036,1.24505789010173,36.9604686914629
9.37420634920635,1.10829440902041,1.07917189711813,1.24446247355146,36.9612176792226
9.37430555555556,1.10819650661614,1.07918362756685,1.24386734071918,36.9619665539345
9.37440476190476,1.10809861194135,1.07919531327349,1.24327249147646,36.9627153156323
9.37450396825397,1.10800072499401,1.07920695426177,1.24267792569485,36.9634639643496
9.37460317460318,1.10790284577208,1.07921855055539,1.24208364324599,36.9642125001204
9.37470238095238,1.10780497427356,1.07923010217805,1.24148964400152,36.9649609229782
9.37480158730159,1.10770711049642,1.07924160915342,1.24089592783315,36.9657092329568
9.37490079365079,1.10760925443867,1.07925307150517,1.24030249461263,36.9664574300899
9.375,1.10751140609835,1.07926448925695,1.23970934421173,36.9672055144112
9.37509920634921,1.10741356547347,1.07927586243241,1.23911647650228,36.9679534859543
9.37519841269841,1.10731573256208,1.07928719105516,1.23852389135615,36.9687013447529
9.37529761904762,1.10721790736224,1.07929847514884,1.23793158864523,36.9694490908406
9.37539682539682,1.10712008987201,1.07930971473704,1.23733956824149,36.9701967242511
9.37549603174603,1.10702228008948,1.07932090984335,1.2367478300169,36.9709442450179
9.37559523809524,1.10692447801275,1.07933206049136,1.23615637384349,36.9716916531746
9.37569444444444,1.10682668363991,1.07934316670462,1.23556519959334,36.9724389487549
9.37579365079365,1.10672889696908,1.0793542285067,1.23497430713854,36.9731861317922
9.37589285714286,1.1066311179984,1.07936524592113,1.23438369635128,36.9739332023201
9.37599206349206,1.10653334672601,1.07937621897145,1.23379336710372,36.9746801603722
9.37609126984127,1.10643558315006,1.07938714768116,1.23320331926812,36.975427005982
9.37619047619048,1.10633782726873,1.07939803207377,1.23261355271673,36.9761737391829
9.37628968253968,1.10624007908019,1.07940887217278,1.23202406732189,36.9769203600085
9.37638888888889,1.10614233858264,1.07941966800166,1.23143486295594,36.9776668684922
9.37648809523809,1.10604460577428,1.07943041958388,1.23084593949128,36.9784132646675
9.3765873015873,1.10594688065334,1.07944112694289,1.23025729680036,36.9791595485678
9.37668650793651,1.10584916321803,1.07945179010214,1.22966893475565,36.9799057202266
9.37678571428571,1.10575145346662,1.07946240908504,1.22908085322969,36.9806517796772
9.37688492063492,1.10565375139734,1.07947298391503,1.22849305209502,36.9813977269532
9.37698412698413,1.10555605700847,1.0794835146155,1.22790553122425,36.9821435620878
9.37708333333333,1.10545837029828,1.07949400120984,1.22731829049004,36.9828892851144
9.37718253968254,1.10536069126508,1.07950444372143,1.22673132976506,36.9836348960664
9.37728174603175,1.10526301990716,1.07951484217364,1.22614464892203,36.9843803949772
9.37738095238095,1.10516535622285,1.07952519658982,1.22555824783374,36.98512578188
9.37748015873016,1.10506770021048,1.07953550699331,1.22497212637299,36.9858710568082
9.37757936507936,1.10497005186837,1.07954577340744,1.22438628441263,36.9866162197951
9.37767857142857,1.10487241119491,1.07955599585554,1.22380072182554,36.9873612708739
9.37777777777778,1.10477477818844,1.07956617436089,1.22321543848467,36.9881062100779
9.37787698412698,1.10467715284735,1.07957630894679,1.22263043426299,36.9888510374404
9.37797619047619,1.10457953517003,1.07958639963653,1.2220457090335,36.9895957529946
9.3780753968254,1.10448192515488,1.07959644645336,1.22146126266927,36.9903403567737
9.3781746031746,1.10438432280033,1.07960644942055,1.22087709504339,36.991084848811
9.37827380952381,1.10428672810481,1.07961640856132,1.220293206029,36.9918292291396
9.37837301587301,1.10418914106675,1.07962632389891,1.21970959549928,36.9925734977927
9.37847222222222,1.10409156168461,1.07963619545654,1.21912626332744,36.9933176548035
9.37857142857143,1.10399398995685,1.07964602325741,1.21854320938675,36.9940617002052
9.37867063492063,1.10389642588196,1.07965580732472,1.21796043355051,36.9948056340308
9.37876984126984,1.10379886945843,1.07966554768163,1.21737793569206,36.9955494563135
9.37886904761905,1.10370132068477,1.07967524435131,1.21679571568478,36.9962931670864
9.37896825396825,1.10360377955948,1.07968489735693,1.21621377340211,36.9970367663826
9.37906746031746,1.10350624608111,1.07969450672161,1.2156321087175,36.9977802542352
9.37916666666667,1.10340872024818,1.0797040724685,1.21505072150447,36.9985236306772
9.37926587301587,1.10331120205926,1.07971359462069,1.21446961163655,36.9992668957416
9.37936507936508,1.10321369151291,1.07972307320131,1.21388877898735,37.0000100494616
9.37946428571429,1.10311618860771,1.07973250823344,1.21330822343048,37.0007530918701
9.37956349206349,1.10301869334225,1.07974189974015,1.21272794483962,37.0014960230002
9.3796626984127,1.10292120571514,1.07975124774452,1.21214794308849,37.0022388428848
9.3797619047619,1.10282372572499,1.07976055226959,1.21156821805083,37.0029815515569
9.37986111111111,1.10272625337043,1.07976981333841,1.21098876960044,37.0037241490494
9.37996031746032,1.10262878865011,1.07977903097401,1.21040959761115,37.0044666353953
9.38005952380952,1.10253133156267,1.07978820519941,1.20983070195685,37.0052090106276
9.38015873015873,1.10243388210679,1.0797973360376,1.20925208251144,37.0059512747791
9.38025793650794,1.10233644028113,1.07980642351157,1.20867373914888,37.0066934278828
9.38035714285714,1.1022390060844,1.07981546764431,1.20809567174319,37.0074354699715
9.38045634920635,1.1021415795153,1.07982446845879,1.20751788016839,37.0081774010782
9.38055555555556,1.10204416057254,1.07983342597795,1.20694036429857,37.0089192212356
9.38065476190476,1.10194674925485,1.07984234022473,1.20636312400785,37.0096609304766
9.38075396825397,1.10184934556097,1.07985121122207,1.20578615917039,37.010402528834
9.38085317460317,1.10175194948965,1.07986003899288,1.2052094696604,37.0111440163407
9.38095238095238,1.10165456103967,1.07986882356007,1.20463305535212,37.0118853930295
9.38105158730159,1.10155718020979,1.07987756494651,1.20405691611985,37.0126266589331
9.38115079365079,1.10145980699882,1.07988626317511,1.2034810518379,37.0133678140843
9.38125,1.10136244140555,1.07989491826871,1.20290546238065,37.0141088585159
9.38134920634921,1.10126508342879,1.07990353025018,1.2023301476225,37.0148497922605
9.38144841269841,1.10116773306739,1.07991209914234,1.20175510743791,37.015590615351
9.38154761904762,1.10107039032017,1.07992062496805,1.20118034170137,37.0163313278201
9.38164682539682,1.10097305518599,1.0799291077501,1.20060585028742,37.0170719297003
9.38174603174603,1.10087572766371,1.0799375475113,1.20003163307062,37.0178124210245
9.38184523809524,1.10077840775222,1.07994594427444,1.19945768992558,37.0185528018253
9.38194444444444,1.1006810954504,1.0799542980623,1.19888402072697,37.0192930721353
9.38204365079365,1.10058379075716,1.07996260889766,1.1983106253495,37.0200332319872
9.38214285714286,1.10048649367141,1.07997087680325,1.19773750366788,37.0207732814135
9.38224206349206,1.10038920419208,1.07997910180182,1.1971646555569,37.021513220447
9.38234126984127,1.10029192231811,1.0799872839161,1.19659208089139,37.0222530491202
9.38244047619048,1.10019464804845,1.07999542316881,1.1960197795462,37.0229927674656
9.38253968253968,1.10009738138207,1.08000351958264,1.19544775139623,37.0237323755159
9.38263888888889,1.10000012231794,1.0800115731803,1.19487599631643,37.0244718733036
9.38273809523809,1.09990287085506,1.08001958398445,1.19430451418179,37.0252112608612
9.3828373015873,1.09980562699242,1.08002755201777,1.19373330486732,37.0259505382213
9.38293650793651,1.09970839072904,1.0800354773029,1.1931623682481,37.0266897054163
9.38303571428571,1.09961116206395,1.08004335986249,1.19259170419923,37.0274287624787
9.38313492063492,1.09951394099619,1.08005119971917,1.19202131259586,37.0281677094411
9.38323412698413,1.09941672752482,1.08005899689555,1.19145119331318,37.0289065463358
9.38333333333333,1.09931952164888,1.08006675141424,1.19088134622642,37.0296452731954
9.38343253968254,1.09922232336747,1.08007446329782,1.19031177121085,37.0303838900522
9.38353174603175,1.09912513267967,1.08008213256888,1.18974246814179,37.0311223969387
9.38363095238095,1.09902794958458,1.08008975924998,1.18917343689459,37.0318607938873
9.38373015873016,1.09893077408132,1.08009734336367,1.18860467734465,37.0325990809304
9.38382936507936,1.09883360616901,1.08010488493249,1.18803618936739,37.0333372581003
9.38392857142857,1.0987364458468,1.08011238397898,1.1874679728383,37.0340753254294
9.38402777777778,1.09863929311383,1.08011984052565,1.1869000276329,37.03481328295
9.38412698412698,1.09854214796928,1.080127254595,1.18633235362673,37.0355511306945
9.38422619047619,1.09844501041231,1.08013462620952,1.18576495069542,37.0362888686952
9.3843253968254,1.09834788044211,1.08014195539169,1.18519781871459,37.0370264969844
9.3844246031746,1.09825075805789,1.08014924216398,1.18463095755992,37.0377640155944
9.38452380952381,1.09815364325886,1.08015648654884,1.18406436710715,37.0385014245574
9.38462301587301,1.09805653604425,1.08016368856871,1.18349804723203,37.0392387239057
9.38472222222222,1.0979594364133,1.08017084824602,1.18293199781037,37.0399759136716
9.38482142857143,1.09786234436525,1.08017796560319,1.18236621871801,37.0407129938872
9.38492063492064,1.09776525989937,1.08018504066261,1.18180070983085,37.0414499645849
9.38501984126984,1.09766818301495,1.08019207344668,1.18123547102481,37.0421868257967
9.38511904761905,1.09757111371125,1.08019906397778,1.18067050217586,37.0429235775548
9.38521825396825,1.0974740519876,1.08020601227827,1.18010580316001,37.0436602198915
9.38531746031746,1.09737699784329,1.08021291837051,1.17954137385332,37.0443967528389
9.38541666666667,1.09727995127766,1.08021978227683,1.17897721413187,37.0451331764291
9.38551587301587,1.09718291229005,1.08022660401957,1.17841332387181,37.0458694906943
9.38561507936508,1.0970858808798,1.08023338362104,1.17784970294929,37.0466056956665
9.38571428571429,1.09698885704628,1.08024012110355,1.17728635124055,37.0473417913779
9.38581349206349,1.09689184078887,1.08024681648938,1.17672326862183,37.0480777778605
9.3859126984127,1.09679483210695,1.08025346980081,1.17616045496944,37.0488136551464
9.3860119047619,1.09669783099992,1.08026008106011,1.17559791015971,37.0495494232677
9.38611111111111,1.09660083746721,1.08026665028953,1.17503563406903,37.0502850822564
9.38621031746032,1.09650385150822,1.08027317751131,1.1744736265738,37.0510206321444
9.38630952380952,1.0964068731224,1.08027966274769,1.1739118875505,37.0517560729639
9.38640873015873,1.09630990230921,1.08028610602087,1.17335041687563,37.0524914047468
9.38650793650794,1.0962129390681,1.08029250735306,1.17278921442574,37.0532266275251
9.38660714285714,1.09611598339855,1.08029886676645,1.1722282800774,37.0539617413307
9.38670634920635,1.09601903530004,1.08030518428321,1.17166761370725,37.0546967461957
9.38680555555556,1.09592209477209,1.08031145992553,1.17110721519195,37.0554316421519
9.38690476190476,1.09582516181419,1.08031769371553,1.1705470844082,37.0561664292312
9.38700396825397,1.09572823642588,1.08032388567538,1.16998722123277,37.0569011074655
9.38710317460317,1.0956313186067,1.08033003582719,1.16942762554244,37.0576356768869
9.38720238095238,1.09553440835618,1.08033614419309,1.16886829721404,37.058370137527
9.38730158730159,1.0954375056739,1.08034221079517,1.16830923612444,37.0591044894178
9.38740079365079,1.09534061055944,1.08034823565552,1.16775044215055,37.0598387325912
9.3875,1.09524372301237,1.08035421879623,1.16719191516934,37.0605728670789
9.38759920634921,1.0951468430323,1.08036016023935,1.16663365505779,37.0613068929128
9.38769841269841,1.09504997061884,1.08036606000695,1.16607566169295,37.0620408101247
9.38779761904762,1.09495310577161,1.08037191812106,1.16551793495188,37.0627746187463
9.38789682539683,1.09485624849026,1.08037773460371,1.16496047471172,37.0635083188095
9.38799603174603,1.09475939877442,1.08038350947692,1.16440328084961,37.064241910346
9.38809523809524,1.09466255662378,1.08038924276268,1.16384635324277,37.0649753933875
9.38819444444444,1.09456572203799,1.080394934483,1.16328969176842,37.0657087679657
9.38829365079365,1.09446889501674,1.08040058465984,1.16273329630386,37.0664420341125
9.38839285714286,1.09437207555974,1.08040619331518,1.16217716672641,37.0671751918594
9.38849206349206,1.0942752636667,1.08041176047097,1.16162130291344,37.0679082412382
9.38859126984127,1.09417845933734,1.08041728614914,1.16106570474234,37.0686411822805
9.38869047619048,1.0940816625714,1.08042277037163,1.16051037209057,37.0693740150181
9.38878968253968,1.09398487336862,1.08042821316034,1.15995530483561,37.0701067394824
9.38888888888889,1.09388809172878,1.0804336145372,1.15940050285499,37.0708393557052
9.38898809523809,1.09379131765163,1.08043897452407,1.15884596602629,37.0715718637181
9.3890873015873,1.09369455113698,1.08044429314285,1.15829169422711,37.0723042635526
9.38918650793651,1.09359779218461,1.0804495704154,1.15773768733512,37.0730365552404
9.38928571428571,1.09350104079435,1.08045480636356,1.15718394522798,37.073768738813
9.38938492063492,1.09340429696601,1.08046000100919,1.15663046778345,37.074500814302
9.38948412698413,1.09330756069943,1.08046515437411,1.15607725487931,37.0752327817388
9.38958333333333,1.09321083199446,1.08047026648013,1.15552430639336,37.0759646411551
9.38968253968254,1.09311411085096,1.08047533734907,1.15497162220346,37.0766963925823
9.38978174603175,1.0930173972688,1.0804803670027,1.15441920218752,37.077428036052
9.38988095238095,1.09292069124787,1.0804853554628,1.15386704622347,37.0781595715955
9.38998015873016,1.09282399278808,1.08049030275115,1.15331515418929,37.0788909992445
9.39007936507936,1.09272730188932,1.08049520888949,1.152763525963,37.0796223190302
9.39017857142857,1.09263061855153,1.08050007389957,1.15221216142268,37.0803535309842
9.39027777777778,1.09253394277464,1.08050489780312,1.15166106044641,37.0810846351379
9.39037698412698,1.09243727455859,1.08050968062184,1.15111022291234,37.0818156315227
9.39047619047619,1.09234061390336,1.08051442237744,1.15055964869867,37.08254652017
9.3905753968254,1.0922439608089,1.08051912309161,1.15000933768362,37.0832773011111
9.3906746031746,1.09214731527522,1.08052378278604,1.14945928974545,37.0840079743774
9.39077380952381,1.0920506773023,1.08052840148238,1.14890950476247,37.0847385400003
9.39087301587302,1.09195404689016,1.08053297920229,1.14835998261304,37.0854689980111
9.39097222222222,1.09185742403881,1.08053751596741,1.14781072317554,37.086199348441
9.39107142857143,1.09176080874831,1.08054201179937,1.14726172632842,37.0869295913215
9.39117063492064,1.09166420101868,1.08054646671977,1.14671299195013,37.0876597266838
9.39126984126984,1.09156760085001,1.08055088075024,1.1461645199192,37.0883897545592
9.39136904761905,1.09147100824234,1.08055525391235,1.14561631011418,37.089119674979
9.39146825396825,1.09137442319578,1.08055958622768,1.14506836241366,37.0898494879743
9.39156746031746,1.09127784571043,1.0805638777178,1.14452067669629,37.0905791935764
9.39166666666667,1.09118127578638,1.08056812840427,1.14397325284074,37.0913087918165
9.39176587301587,1.09108471342376,1.08057233830861,1.14342609072573,37.0920382827259
9.39186507936508,1.09098815862271,1.08057650745237,1.14287919023003,37.0927676663357
9.39196428571429,1.09089161138338,1.08058063585705,1.14233255123242,37.093496942677
9.39206349206349,1.09079507170593,1.08058472354416,1.14178617361177,37.0942261117811
9.3921626984127,1.09069853959052,1.08058877053519,1.14124005724694,37.0949551736791
9.39226190476191,1.09060201503734,1.08059277685162,1.14069420201686,37.0956841284022
9.39236111111111,1.0905054980466,1.08059674251491,1.1401486078005,37.0964129759813
9.39246031746032,1.09040898861849,1.08060066754651,1.13960327447687,37.0971417164477
9.39255952380952,1.09031248675325,1.08060455196787,1.13905820192502,37.0978703498323
9.39265873015873,1.09021599245111,1.08060839580041,1.13851339002402,37.0985988761663
9.39275793650794,1.09011950571231,1.08061219906555,1.13796883865302,37.0993272954808
9.39285714285714,1.09002302653712,1.08061596178469,1.13742454769119,37.1000556078067
9.39295634920635,1.0899265549258,1.08061968397923,1.13688051701773,37.1007838131752
9.39305555555556,1.08983009087864,1.08062336567053,1.13633674651189,37.1015119116171
9.39315476190476,1.08973363439595,1.08062700687997,1.13579323605298,37.1022399031635
9.39325396825397,1.08963718547801,1.08063060762889,1.13524998552033,37.1029677878454
9.39335317460317,1.08954074412517,1.08063416793865,1.1347069947933,37.1036955656938
9.39345238095238,1.08944431033775,1.08063768783055,1.13416426375133,37.1044232367395
9.39355158730159,1.0893478841161,1.08064116732593,1.13362179227387,37.1051508010136
9.39365079365079,1.08925146546059,1.08064460644609,1.13307958024042,37.1058782585469
9.39375,1.08915505437157,1.08064800521231,1.1325376275305,37.1066056093704
9.39384920634921,1.08905865084943,1.08065136364587,1.13199593402372,37.107332853515
9.39394841269841,1.08896225489458,1.08065468176803,1.1314544995997,37.1080599910115
9.39404761904762,1.08886586650742,1.08065795960006,1.13091332413809,37.1087870218907
9.39414682539683,1.08876948568838,1.08066119716319,1.13037240751859,37.1095139461837
9.39424603174603,1.08867311243787,1.08066439447865,1.12983174962097,37.1102407639211
9.39434523809524,1.08857674675637,1.08066755156764,1.12929135032499,37.1109674751338
9.39444444444444,1.08848038864431,1.08067066845139,1.12875120951049,37.1116940798526
9.39454365079365,1.08838403810217,1.08067374515107,1.12821132705734,37.1124205781083
9.39464285714286,1.08828769513044,1.08067678168787,1.12767170284545,37.1131469699316
9.39474206349206,1.08819135972962,1.08067977808294,1.12713233675477,37.1138732553535
9.39484126984127,1.0880950319002,1.08068273435745,1.12659322866528,37.1145994344044
9.39494047619048,1.08799871164272,1.08068565053253,1.12605437845703,37.1153255071153
9.39503968253968,1.0879023989577,1.08068852662931,1.12551578601008,37.1160514735168
9.39513888888889,1.0878060938457,1.0806913626689,1.12497745120455,37.1167773336397
9.3952380952381,1.08770979630726,1.08069415867241,1.1244393739206,37.1175030875145
9.3953373015873,1.08761350634297,1.08069691466093,1.12390155403842,37.1182287351721
9.39543650793651,1.0875172239534,1.08069963065554,1.12336399143826,37.118954276643
9.39553571428571,1.08742094913914,1.08070230667729,1.12282668600039,37.1196797119578
9.39563492063492,1.08732468190082,1.08070494274725,1.12228963760512,37.1204050411473
9.39573412698413,1.08722842223905,1.08070753888646,1.12175284613283,37.121130264242
9.39583333333333,1.08713217015445,1.08071009511594,1.12121631146392,37.1218553812726
9.39593253968254,1.08703592564769,1.0807126114567,1.12068003347882,37.1225803922696
9.39603174603175,1.08693968871941,1.08071508792975,1.12014401205802,37.1233052972635
9.39613095238095,1.08684345937028,1.08071752455608,1.11960824708205,37.124030096285
9.39623015873016,1.086747237601,1.08071992135667,1.11907273843148,37.1247547893646
9.39632936507936,1.08665102341225,1.08072227835248,1.1185374859869,37.1254793765328
9.39642857142857,1.08655481680474,1.08072459556447,1.11800248962897,37.1262038578201
9.39652777777778,1.08645861777919,1.08072687301357,1.11746774923839,37.1269282332571
9.39662698412698,1.08636242633633,1.08072911072072,1.11693326469587,37.1276525028741
9.39672619047619,1.08626624247692,1.08073130870682,1.11639903588218,37.1283766667017
9.3968253968254,1.0861700662017,1.08073346699278,1.11586506267816,37.1291007247703
9.3969246031746,1.08607389751145,1.08073558559949,1.11533134496464,37.1298246771104
9.39702380952381,1.08597773640695,1.08073766454784,1.11479788262252,37.1305485237524
9.39712301587302,1.08588158288899,1.08073970385867,1.11426467553274,37.1312722647266
9.39722222222222,1.08578543695839,1.08074170355285,1.11373172357628,37.1319959000635
9.39732142857143,1.08568929861596,1.08074366365122,1.11319902663414,37.1327194297935
9.39742063492064,1.08559316786253,1.0807455841746,1.1126665845874,37.133442853947
9.39751984126984,1.08549704469895,1.08074746514381,1.11213439731715,37.1341661725542
9.39761904761905,1.08540092912608,1.08074930657966,1.11160246470453,37.1348893856455
9.39771825396825,1.08530482114478,1.08075110850292,1.11107078663072,37.1356124932513
9.39781746031746,1.08520872075594,1.08075287093438,1.11053936297695,37.1363354954018
9.39791666666667,1.08511262796045,1.08075459389481,1.11000819362448,37.1370583921273
9.39801587301587,1.08501654275922,1.08075627740495,1.10947727845462,37.1377811834582
9.39811507936508,1.08492046515317,1.08075792148555,1.10894661734871,37.1385038694246
9.39821428571429,1.08482439514323,1.08075952615734,1.10841621018813,37.1392264500569
9.39831349206349,1.08472833273035,1.08076109144102,1.10788605685433,37.1399489253852
9.3984126984127,1.08463227791547,1.08076261735731,1.10735615722876,37.1406712954397
9.39851190476191,1.08453623069958,1.08076410392689,1.10682651119294,37.1413935602508
9.39861111111111,1.08444019108365,1.08076555117044,1.10629711862842,37.1421157198485
9.39871031746032,1.08434415906867,1.08076695910862,1.10576797941679,37.1428377742631
9.39880952380952,1.08424813465566,1.08076832776209,1.10523909343968,37.1435597235246
9.39890873015873,1.08415211784563,1.08076965715149,1.10471046057877,37.1442815676633
9.39900793650794,1.08405610863961,1.08077094729744,1.10418208071578,37.1450033067093
9.39910714285714,1.08396010703865,1.08077219822056,1.10365395373246,37.1457249406927
9.39920634920635,1.0838641130438,1.08077340994145,1.10312607951061,37.1464464696435
9.39930555555556,1.08376812665613,1.08077458248071,1.10259845793206,37.1471678935919
9.39940476190476,1.08367214787673,1.08077571585891,1.10207108887871,37.147889212568
9.39950396825397,1.08357617670669,1.08077681009661,1.10154397223246,37.1486104266018
9.39960317460317,1.08348021314711,1.08077786521436,1.10101710787528,37.1493315357234
9.39970238095238,1.0833842571991,1.08077888123272,1.10049049568916,37.1500525399627
9.39980158730159,1.08328830886382,1.0807798581722,1.09996413555617,37.1507734393498
9.39990079365079,1.08319236814239,1.08078079605332,1.09943802735838,37.1514942339147
9.4,1.08309643503597,1.08078169489658,1.09891217097792,37.1522149236873
9.40009920634921,1.08300050954573,1.08078255472247,1.09838656629696,37.1529355086977
9.40019841269841,1.08290459167285,1.08078337555147,1.0978612131977,37.1536559889758
9.40029761904762,1.08280868141853,1.08078415740405,1.09733611156238,37.1543763645516
9.40039682539683,1.08271277878397,1.08078490030066,1.09681126127332,37.1550966354549
9.40049603174603,1.08261688377038,1.08078560426173,1.09628666221282,37.1558168017156
9.40059523809524,1.08252099637901,1.08078626930769,1.09576231426327,37.1565368633638
9.40069444444444,1.08242511661109,1.08078689545897,1.09523821730708,37.1572568204291
9.40079365079365,1.08232924446787,1.08078748273595,1.0947143712267,37.1579766729416
9.40089285714286,1.08223337995063,1.08078803115904,1.09419077590463,37.1586964209311
9.40099206349206,1.08213752306065,1.08078854074861,1.09366743122341,37.1594160644273
9.40109126984127,1.08204167379922,1.08078901152502,1.09314433706561,37.1601356034602
9.40119047619048,1.08194583216763,1.08078944350862,1.09262149331384,37.1608550380595
9.40128968253968,1.08184999816723,1.08078983671977,1.09209889985078,37.1615743682551
9.40138888888889,1.08175417179932,1.08079019117877,1.09157655655912,37.1622935940766
9.4014880952381,1.08165835306526,1.08079050690596,1.09105446332161,37.1630127155539
9.4015873015873,1.0815625419664,1.08079078392162,1.09053262002102,37.1637317327168
9.40168650793651,1.0814667385041,1.08079102224606,1.09001102654018,37.1644506455948
9.40178571428571,1.08137094267976,1.08079122189954,1.08948968276195,37.1651694542179
9.40188492063492,1.08127515449475,1.08079138290234,1.08896858856925,37.1658881586156
9.40198412698413,1.08117937395049,1.0807915052747,1.08844774384501,37.1666067588177
9.40208333333333,1.08108360104839,1.08079158903687,1.08792714847223,37.1673252548538
9.40218253968254,1.08098783578988,1.08079163420907,1.08740680233393,37.1680436467537
9.40228174603175,1.08089207817641,1.08079164081152,1.08688670531318,37.1687619345469
9.40238095238095,1.08079632820942,1.08079160886442,1.0863668572931,37.169480118263
9.40248015873016,1.08070058589039,1.08079153838795,1.08584725815684,37.1701981979318
9.40257936507937,1.0806048512208,1.08079142940231,1.08532790778758,37.1709161735828
9.40267857142857,1.08050912420213,1.08079128192764,1.08480880606857,37.1716340452456
9.40277777777778,1.08041340483589,1.08079109598411,1.08428995288308,37.1723518129497
9.40287698412699,1.08031769312361,1.08079087159186,1.08377134811442,37.1730694767247
9.40297619047619,1.0802219890668,1.080790608771,1.08325299164596,37.1737870366002
9.4030753968254,1.08012629266701,1.08079030754166,1.08273488336109,37.1745044926057
9.4031746031746,1.0800306039258,1.08078996792394,1.08221702314325,37.1752218447707
9.40327380952381,1.07993492284473,1.08078958993793,1.08169941087593,37.1759390931248
9.40337301587302,1.07983924942538,1.0807891736037,1.08118204644263,37.1766562376973
9.40347222222222,1.07974358366934,1.08078871894132,1.08066492972694,37.1773732785178
9.40357142857143,1.07964792557821,1.08078822597085,1.08014806061244,37.1780902156157
9.40367063492064,1.07955227515362,1.08078769471232,1.07963143898278,37.1788070490204
9.40376984126984,1.07945663239719,1.08078712518575,1.07911506472165,37.1795237787615
9.40386904761905,1.07936099731056,1.08078651741118,1.07859893771278,37.1802404048682
9.40396825396825,1.07926536989539,1.08078587140858,1.07808305783994,37.1809569273701
9.40406746031746,1.07916975015334,1.08078518719797,1.07756742498692,37.1816733462964
9.40416666666667,1.0790741380861,1.0807844647993,1.07705203903758,37.1823896616766
9.40426587301587,1.07897853369534,1.08078370423256,1.07653689987582,37.1831058735399
9.40436507936508,1.07888293698278,1.08078290551769,1.07602200738557,37.1838219819158
9.40446428571429,1.07878734795014,1.08078206867462,1.0755073614508,37.1845379868336
9.40456349206349,1.07869176659914,1.0807811937233,1.07499296195551,37.1852538883226
9.4046626984127,1.07859619293152,1.08078028068362,1.07447880878378,37.185969686412
9.40476190476191,1.07850062694903,1.0807793295755,1.07396490181968,37.1866853811311
9.40486111111111,1.07840506865345,1.08077834041883,1.07345124094737,37.1874009725093
9.40496031746032,1.07830951804654,1.08077731323347,1.07293782605102,37.1881164605757
9.40505952380952,1.07821397513011,1.0807762480393,1.07242465701485,37.1888318453597
9.40515873015873,1.07811843990595,1.08077514485617,1.07191173372311,37.1895471268903
9.40525793650794,1.07802291237588,1.08077400370392,1.07139905606011,37.1902623051969
9.40535714285714,1.07792739254173,1.08077282460238,1.0708866239102,37.1909773803086
9.40545634920635,1.07783188040534,1.08077160757135,1.07037443715775,37.1916923522546
9.40555555555556,1.07773637596855,1.08077035263064,1.06986249568719,37.1924072210641
9.40565476190476,1.07764087923325,1.08076905980005,1.06935079938297,37.1931219867661
9.40575396825397,1.07754539020129,1.08076772909935,1.06883934812963,37.1938366493899
9.40585317460318,1.07744990887459,1.08076636054829,1.0683281418117,37.1945512089646
9.40595238095238,1.07735443525503,1.08076495416665,1.06781718031376,37.1952656655192
9.40605158730159,1.07725896934454,1.08076350997415,1.06730646352045,37.1959800190829
9.40615079365079,1.07716351114503,1.08076202799052,1.06679599131645,37.1966942696847
9.40625,1.07706806065846,1.08076050823548,1.06628576358645,37.1974084173537
9.40634920634921,1.07697261788677,1.08075895072873,1.06577578021521,37.1981224621189
9.40644841269841,1.07687718283193,1.08075735548996,1.06526604108753,37.1988364040093
9.40654761904762,1.07678175549592,1.08075572253884,1.06475654608824,37.1995502430541
9.40664682539682,1.07668633588072,1.08075405189504,1.06424729510223,37.2002639792821
9.40674603174603,1.07659092398834,1.08075234357822,1.06373828801439,37.2009776127224
9.40684523809524,1.0764955198208,1.08075059760801,1.0632295247097,37.201691143404
9.40694444444444,1.07640012338011,1.08074881400404,1.06272100507315,37.2024045713557
9.40704365079365,1.07630473466833,1.08074699278592,1.06221272898978,37.2031178966066
9.40714285714286,1.07620935368749,1.08074513397326,1.06170469634467,37.2038311191855
9.40724206349206,1.07611398043968,1.08074323758564,1.06119690702295,37.2045442391215
9.40734126984127,1.07601861492696,1.08074130364265,1.06068936090978,37.2052572564433
9.40744047619048,1.07592325715143,1.08073933216384,1.06018205789036,37.2059701711798
9.40753968253968,1.07582790711518,1.08073732316878,1.05967499784994,37.20668298336
9.40763888888889,1.07573256482033,1.08073527667699,1.0591681806738,37.2073956930127
9.40773809523809,1.07563723026901,1.08073319270801,1.05866160624728,37.2081083001667
9.4078373015873,1.07554190346336,1.08073107128135,1.05815527445573,37.2088208048509
9.40793650793651,1.07544658440552,1.08072891241651,1.05764918518458,37.209533207094
9.40803571428571,1.07535127309767,1.08072671613298,1.05714333831927,37.2102455069249
9.40813492063492,1.07525596954198,1.08072448245025,1.05663773374528,37.2109577043723
9.40823412698413,1.07516067374063,1.08072221138776,1.05613237134817,37.211669799465
9.40833333333333,1.07506538569584,1.08071990296499,1.05562725101349,37.2123817922318
9.40843253968254,1.07497010540981,1.08071755720135,1.05512237262686,37.2130936827014
9.40853174603174,1.07487483288477,1.0807151741163,1.05461773607395,37.2138054709025
9.40863095238095,1.07477956812296,1.08071275372922,1.05411334124043,37.2145171568638
9.40873015873016,1.07468431112663,1.08071029605954,1.05360918801206,37.2152287406141
9.40882936507936,1.07458906189805,1.08070780112664,1.05310527627462,37.2159402221819
9.40892857142857,1.07449382043949,1.08070526894989,1.05260160591392,37.216651601596
9.40902777777778,1.07439858675324,1.08070269954866,1.05209817681582,37.2173628788851
9.40912698412698,1.0743033608416,1.0807000929423,1.05159498886622,37.2180740540776
9.40922619047619,1.07420814270688,1.08069744915015,1.05109204195108,37.2187851272024
9.4093253968254,1.07411293235142,1.08069476819155,1.05058933595637,37.2194960982879
9.4094246031746,1.07401772977754,1.08069205008579,1.05008687076811,37.2202069673628
9.40952380952381,1.0739225349876,1.08068929485219,1.04958464627238,37.2209177344556
9.40962301587301,1.07382734798397,1.08068650251004,1.04908266235528,37.2216283995949
9.40972222222222,1.07373216876902,1.0806836730786,1.04858091890296,37.2223389628093
9.40982142857143,1.07363699734514,1.08068080657715,1.04807941580161,37.2230494241273
9.40992063492063,1.07354183371472,1.08067790302494,1.04757815293746,37.2237597835773
9.41001984126984,1.07344667788019,1.08067496244121,1.04707713019678,37.224470041188
9.41011904761905,1.07335152984396,1.08067198484518,1.04657634746587,37.2251801969877
9.41021825396825,1.07325638960848,1.08066897025607,1.04607580463111,37.225890251005
9.41031746031746,1.0731612571762,1.08066591869308,1.04557550157888,37.2266002032684
9.41041666666667,1.07306613254957,1.0806628301754,1.04507543819562,37.2273100538061
9.41051587301587,1.07297101573108,1.0806597047222,1.0445756143678,37.2280198026468
9.41061507936508,1.07287590672322,1.08065654235266,1.04407602998194,37.2287294498188
9.41071428571429,1.07278080552847,1.08065334308592,1.0435766849246,37.2294389953505
9.41081349206349,1.07268571214936,1.08065010694112,1.04307757908238,37.2301484392704
9.4109126984127,1.07259062658842,1.08064683393739,1.04257871234192,37.2308577816066
9.4110119047619,1.07249554884817,1.08064352409385,1.0420800845899,37.2315670223877
9.41111111111111,1.07240047893117,1.08064017742959,1.04158169571305,37.232276161642
9.41121031746032,1.07230541683998,1.08063679396371,1.04108354559813,37.2329851993977
9.41130952380952,1.07221036257718,1.08063337371528,1.04058563413194,37.2336941356833
9.41140873015873,1.07211531614535,1.08062991670336,1.04008796120134,37.234402970527
9.41150793650794,1.0720202775471,1.08062642294701,1.0395905266932,37.235111703957
9.41160714285714,1.07192524678503,1.08062289246527,1.03909333049444,37.2358203360017
9.41170634920635,1.07183022386177,1.08061932527717,1.03859637249206,37.2365288666893
9.41180555555556,1.07173520877996,1.08061572140171,1.03809965257306,37.2372372960481
9.41190476190476,1.07164020154225,1.08061208085791,1.03760317062448,37.2379456241062
9.41200396825397,1.0715452021513,1.08060840366474,1.03710692653342,37.2386538508919
9.41210317460317,1.07145021060979,1.08060468984119,1.03661092018701,37.2393619764333
9.41220238095238,1.07135522692039,1.08060093940623,1.03611515147242,37.2400700007587
9.41230158730159,1.07126025108582,1.08059715237879,1.03561962027688,37.2407779238963
9.41240079365079,1.07116528310879,1.08059332877783,1.03512432648764,37.2414857458741
9.4125,1.07107032299201,1.08058946862227,1.03462926999199,37.2421934667203
9.41259920634921,1.07097537073822,1.08058557193102,1.03413445067728,37.2429010864631
9.41269841269841,1.07088042635018,1.08058163872298,1.03363986843088,37.2436086051304
9.41279761904762,1.07078548983065,1.08057766901705,1.03314552314021,37.2443160227506
9.41289682539682,1.07069056118239,1.0805736628321,1.03265141469274,37.2450233393515
9.41299603174603,1.0705956404082,1.080569620187,1.03215754297597,37.2457305549613
9.41309523809524,1.07050072751088,1.08056554110059,1.03166390787744,37.246437669608
9.41319444444444,1.07040582249324,1.08056142559172,1.03117050928473,37.2471446833196
9.41329365079365,1.07031092535809,1.08055727367922,1.03067734708549,37.2478515961242
9.41339285714286,1.07021603610829,1.08055308538189,1.03018442116736,37.2485584080498
9.41349206349206,1.07012115474667,1.08054886071854,1.02969173141806,37.2492651191244
9.41359126984127,1.0700262812761,1.08054459970796,1.02919927772534,37.2499717293759
9.41369047619048,1.06993141569945,1.08054030236893,1.02870705997698,37.2506782388323
9.41378968253968,1.06983655801961,1.0805359687202,1.02821507806083,37.2513846475215
9.41388888888889,1.06974170823948,1.08053159878054,1.02772333186474,37.2520909554715
9.41398809523809,1.06964686636197,1.08052719256868,1.02723182127664,37.2527971627102
9.4140873015873,1.06955203238999,1.08052275010334,1.02674054618447,37.2535032692655
9.41418650793651,1.0694572063265,1.08051827140325,1.02624950647624,37.2542092751653
9.41428571428571,1.06936238817443,1.0805137564871,1.02575870203998,37.2549151804374
9.41438492063492,1.06926757793675,1.08050920537358,1.02526813276376,37.2556209851098
9.41448412698413,1.06917277561643,1.08050461808138,1.02477779853571,37.2563266892101
9.41458333333333,1.06907798121645,1.08049999462914,1.02428769924398,37.2570322927664
9.41468253968254,1.06898319473982,1.08049533503553,1.02379783477678,37.2577377958064
9.41478174603175,1.06888841618955,1.08049063931919,1.02330820502235,37.2584431983579
9.41488095238095,1.06879364556865,1.08048590749873,1.02281880986896,37.2591485004486
9.41498015873016,1.06869888288017,1.08048113959279,1.02232964920495,37.2598537021064
9.41507936507936,1.06860412812715,1.08047633561995,1.02184072291868,37.260558803359
9.41517857142857,1.06850938131266,1.0804714955988,1.02135203089854,37.2612638042341
9.41527777777778,1.06841464243976,1.08046661954793,1.020863573033,37.2619687047595
9.41537698412698,1.06831991151154,1.08046170748589,1.02037534921054,37.2626735049629
9.41547619047619,1.0682251885311,1.08045675943125,1.01988735931968,37.263378204872
9.4155753968254,1.06813047350155,1.08045177540253,1.019399603249,37.2640828045144
9.4156746031746,1.06803576642601,1.08044675541827,1.01891208088711,37.2647873039178
9.41577380952381,1.06794106730762,1.08044169949697,1.01842479212265,37.26549170311
9.41587301587301,1.06784637614953,1.08043660765715,1.01793773684433,37.2661960021184
9.41597222222222,1.06775169295489,1.08043147991728,1.01745091494088,37.2669002009708
9.41607142857143,1.06765701772688,1.08042631629585,1.01696432630106,37.2676042996947
9.41617063492064,1.06756235046868,1.08042111681132,1.0164779708137,37.2683082983178
9.41626984126984,1.06746769118349,1.08041588148215,1.01599184836766,37.2690121968676
9.41636904761905,1.06737303987452,1.08041061032676,1.01550595885183,37.2697159953717
9.41646825396825,1.067278396545,1.08040530336359,1.01502030215515,37.2704196938576
9.41656746031746,1.06718376119815,1.08039996061105,1.01453487816661,37.2711232923529
9.41666666666667,1.06708913383723,1.08039458208755,1.01404968677522,37.271826790885
9.41676587301587,1.06699451446549,1.08038916781147,1.01356472787005,37.2725301894816
9.41686507936508,1.06689990308621,1.08038371780119,1.01308000134019,37.2732334881701
9.41696428571429,1.06680529970267,1.08037823207507,1.0125955070748,37.2739366869779
9.41706349206349,1.06671070431817,1.08037271065146,1.01211124496306,37.2746397859325
9.4171626984127,1.06661611693601,1.08036715354871,1.0116272148942,37.2753427850614
9.4172619047619,1.06652153755953,1.08036156078514,1.01114341675748,37.2760456843921
9.41736111111111,1.06642696619204,1.08035593237906,1.01065985044222,37.2767484839518
9.41746031746032,1.06633240283691,1.08035026834878,1.01017651583775,37.2774511837681
9.41755952380952,1.06623784749749,1.08034456871259,1.00969341283348,37.2781537838683
9.41765873015873,1.06614330017716,1.08033883348875,1.00921054131883,37.2788562842797
9.41775793650794,1.06604876087928,1.08033306269554,1.00872790118328,37.2795586850299
9.41785714285714,1.06595422960728,1.08032725635121,1.00824549231635,37.280260986146
9.41795634920635,1.06585970636454,1.08032141447399,1.00776331460758,37.2809631876554
9.41805555555556,1.0657651911545,1.08031553708212,1.00728136794657,37.2816652895855
9.41815476190476,1.06567068398058,1.0803096241938,1.00679965222296,37.2823672919635
9.41825396825397,1.06557618484624,1.08030367582725,1.00631816732643,37.2830691948167
9.41835317460317,1.06548169375493,1.08029769200064,1.0058369131467,37.2837709981725
9.41845238095238,1.06538721071012,1.08029167273215,1.00535588957352,37.2844727020579
9.41855158730159,1.06529273571531,1.08028561803995,1.00487509649671,37.2851743065004
9.41865079365079,1.06519826877397,1.08027952794219,1.00439453380609,37.2858758115271
9.41875,1.06510380988963,1.08027340245701,1.00391420139156,37.2865772171652
9.41884920634921,1.06500935906581,1.08026724160253,1.00343409914303,37.287278523442
9.41894841269841,1.06491491630603,1.08026104539687,1.00295422695048,37.2879797303846
9.41904761904762,1.06482048161384,1.08025481385813,1.0024745847039,37.2886808380201
9.41914682539683,1.06472605499281,1.0802485470044,1.00199517229335,37.2893818463758
9.41924603174603,1.0646316364465,1.08024224485375,1.00151598960892,37.2900827554788
9.41934523809524,1.06453722597849,1.08023590742426,1.00103703654074,37.2907835653562
9.41944444444444,1.06444282359239,1.08022953473397,1.00055831297897,37.291484276035
9.41954365079365,1.0643484292918,1.08022312680091,1.00007981881383,37.2921848875425
9.41964285714286,1.06425404308033,1.08021668364313,0.999601553935566,37.2928853999057
9.41974206349206,1.06415966496164,1.08021020527862,0.999123518234478,37.2935858131516
9.41984126984127,1.06406529493935,1.08020369172539,0.998645711600899,37.2942861273073
9.41994047619048,1.06397093301713,1.08019714300144,0.998168133925205,37.2949863423999
9.42003968253968,1.06387657919865,1.08019055912473,0.997690785097812,37.2956864584563
9.42013888888889,1.06378223348759,1.08018394011323,0.997213665009177,37.2963864755036
9.42023809523809,1.06368789588765,1.0801772859849,0.996736773549801,37.2970863935688
9.4203373015873,1.06359356640253,1.08017059675767,0.996260110610223,37.2977862126788
9.42043650793651,1.06349924503596,1.08016387244946,0.995783676081024,37.2984859328606
9.42053571428571,1.06340493179166,1.0801571130782,0.99530746985282,37.2991855541412
9.42063492063492,1.06331062667339,1.08015031866178,0.994831491816287,37.2998850765474
9.42073412698413,1.06321632968489,1.08014348921809,0.994355741862121,37.3005845001062
9.42083333333333,1.06312204082995,1.08013662476501,0.99388021988107,37.3012838248446
9.42093253968254,1.06302776011234,1.0801297253204,0.993404925763918,37.3019830507893
9.42103174603175,1.06293348753586,1.08012279090212,0.992929859401494,37.3026821779674
9.42113095238095,1.06283922310432,1.08011582152799,0.992455020684665,37.3033812064055
9.42123015873016,1.06274496682153,1.08010881721586,0.991980409504341,37.3040801361307
9.42132936507936,1.06265071869133,1.08010177798353,0.991506025751472,37.3047789671696
9.42142857142857,1.06255647871756,1.0800947038488,0.991031869317049,37.3054776995492
9.42152777777778,1.06246224690408,1.08008759482947,0.990557940092106,37.3061763332962
9.42162698412698,1.06236802325476,1.08008045094331,0.990084237967716,37.3068748684375
9.42172619047619,1.06227380777348,1.08007327220807,0.989610762834993,37.3075733049997
9.4218253968254,1.06217960046414,1.08006605864153,0.989137514585093,37.3082716430097
9.4219246031746,1.06208540133064,1.0800588102614,0.988664493109213,37.3089698824942
9.42202380952381,1.0619912103769,1.08005152708543,0.988191698298584,37.3096680234799
9.42212301587302,1.06189702760686,1.08004420913132,0.987719130044497,37.3103660659935
9.42222222222222,1.06180285302445,1.08003685641677,0.987246788238267,37.3110640100618
9.42232142857143,1.06170868663365,1.08002946895948,0.986774672771253,37.3117618557114
9.42242063492064,1.0616145284384,1.08002204677712,0.986302783534858,37.3124596029689
9.42251984126984,1.06152037844271,1.08001458988735,0.985831120420524,37.3131572518612
9.42261904761905,1.06142623665055,1.08000709830782,0.985359683319737,37.3138548024147
9.42271825396825,1.06133210306595,1.07999957205618,0.98488847212402,37.3145522546561
9.42281746031746,1.06123797769291,1.07999201115005,0.984417486724939,37.315249608612
9.42291666666667,1.06114386053547,1.07998441560704,0.983946727014103,37.3159468643091
9.42301587301587,1.06104975159767,1.07997678544476,0.983476192883159,37.3166440217739
9.42311507936508,1.06095565088356,1.07996912068079,0.983005884223796,37.3173410810329
9.42321428571429,1.06086155839723,1.07996142133271,0.982535800927744,37.3180380421128
9.42331349206349,1.06076747414274,1.07995368741809,0.982065942886775,37.31873490504
9.4234126984127,1.0606733981242,1.07994591895447,0.981596309992702,37.3194316698411
9.42351190476191,1.06057933034571,1.07993811595939,0.98112690213737,37.3201283365426
9.42361111111111,1.06048527081138,1.07993027845039,0.980657719212688,37.320824905171
9.42371031746032,1.06039121952535,1.07992240644496,0.980188761110584,37.3215213757527
9.42380952380952,1.06029717649176,1.07991449996063,0.979720027723036,37.3222177483143
9.42390873015873,1.06020314171478,1.07990655901486,0.979251518942059,37.3229140228822
9.42400793650794,1.06010911519855,1.07989858362515,0.978783234659714,37.3236101994828
9.42410714285714,1.06001509694728,1.07989057380895,0.978315174768099,37.3243062781425
9.42420634920635,1.05992108696514,1.07988252958371,0.977847339159356,37.3250022588877
9.42430555555556,1.05982708525635,1.07987445096688,0.977379727725666,37.3256981417449
9.42440476190476,1.05973309182513,1.07986633797588,0.976912340359252,37.3263939267405
9.42450396825397,1.0596391066757,1.07985819062812,0.976445176952378,37.3270896139006
9.42460317460317,1.05954512981231,1.07985000894101,0.975978237397348,37.3277852032518
9.42470238095238,1.05945116123922,1.07984179293193,0.975511521586509,37.3284806948204
9.42480158730159,1.05935720096068,1.07983354261825,0.975045029412247,37.3291760886326
9.42490079365079,1.05926324898099,1.07982525801736,0.974578760766991,37.3298713847148
9.425,1.05916930530444,1.07981693914658,0.974112715543202,37.3305665830933
9.42509920634921,1.05907536993532,1.07980858602327,0.973646893633405,37.3312616837943
9.42519841269841,1.05898144287797,1.07980019866475,0.973181294930143,37.3319566868441
9.42529761904762,1.0588875241367,1.07979177708833,0.972715919326009,37.332651592269
9.42539682539683,1.05879361371586,1.07978332131131,0.972250766713637,37.3333464000951
9.42549603174603,1.05869971161981,1.07977483135099,0.971785836985699,37.3340411103487
9.42559523809524,1.05860581785292,1.07976630722464,0.971321130034912,37.334735723056
9.42569444444444,1.05851193241956,1.07975774894952,0.970856645754033,37.3354302382432
9.42579365079365,1.05841805532413,1.07974915654288,0.970392384035857,37.3361246559365
9.42589285714286,1.05832418657103,1.07974053002196,0.969928344773225,37.3368189761619
9.42599206349206,1.05823032616468,1.07973186940399,0.969464527859014,37.3375131989457
9.42609126984127,1.05813647410951,1.07972317470619,0.969000933186147,37.3382073243139
9.42619047619048,1.05804263040996,1.07971444594574,0.968537560647583,37.3389013522928
9.42628968253968,1.05794879507048,1.07970568313985,0.968074410136327,37.3395952829083
9.42638888888889,1.05785496809555,1.07969688630569,0.967611481545421,37.3402891161866
9.4264880952381,1.05776114948964,1.07968805546041,0.967148774767944,37.3409828521538
9.4265873015873,1.05766733925725,1.07967919062118,0.966686289697035,37.3416764908358
9.42668650793651,1.05757353740288,1.07967029180513,0.966224026225853,37.3423700322588
9.42678571428571,1.05747974393105,1.07966135902939,0.965761984247607,37.3430634764487
9.42688492063492,1.05738595884628,1.07965239231107,0.965300163655546,37.3437568234316
9.42698412698413,1.05729218215312,1.07964339166727,0.964838564342959,37.3444500732334
9.42708333333333,1.05719841385612,1.07963435711508,0.964377186203177,37.3451432258802
9.42718253968254,1.05710465395985,1.07962528867157,0.963916029129573,37.3458362813979
9.42728174603175,1.05701090246889,1.07961618635382,0.963455093015559,37.3465292398125
9.42738095238095,1.05691715938783,1.07960705017886,0.962994377754589,37.3472221011498
9.42748015873016,1.05682342472128,1.07959788016375,0.96253388324016,37.3479148654359
9.42757936507936,1.05672969847385,1.0795886763255,0.962073609365806,37.3486075326966
9.42767857142857,1.05663598065016,1.07957943868113,0.961613556025105,37.3493001029579
9.42777777777778,1.05654227125487,1.07957016724764,0.961153723111675,37.3499925762455
9.42787698412698,1.05644857029263,1.07956086204202,0.960694110519176,37.3506849525854
9.42797619047619,1.05635487776809,1.07955152308124,0.960234718141302,37.3513772320034
9.4280753968254,1.05626119368595,1.07954215038227,0.959775545871806,37.3520694145253
9.4281746031746,1.05616751805088,1.07953274396206,0.959316593604465,37.3527615001771
9.42827380952381,1.05607385086761,1.07952330383755,0.958857861233103,37.3534534889844
9.42837301587302,1.05598019214083,1.07951383002566,0.958399348651583,37.354145380973
9.42847222222222,1.05588654187529,1.0795043225433,0.957941055753812,37.3548371761688
9.42857142857143,1.05579290007572,1.07949478140739,0.957482982433735,37.3555288745975
9.42867063492064,1.05569926674687,1.0794852066348,0.957025128585341,37.3562204762848
9.42876984126984,1.05560564189352,1.07947559824241,0.956567494102659,37.3569119812565
9.42886904761905,1.05551202552043,1.07946595624709,0.956110078879757,37.3576033895383
9.42896825396825,1.05541841763241,1.07945628066569,0.955652882810748,37.3582947011559
9.42906746031746,1.05532481823424,1.07944657151504,0.955195905789782,37.358985916135
9.42916666666667,1.05523122733076,1.07943682881197,0.954739147711053,37.3596770345012
9.42926587301587,1.05513764492679,1.0794270525733,0.954282608468794,37.3603680562803
9.42936507936508,1.05504407102716,1.07941724281582,0.953826287957281,37.3610589814978
9.42946428571429,1.05495050563673,1.07940739955633,0.953370186070823,37.3617498101794
9.42956349206349,1.05485694876038,1.0793975228116,0.952914302703789,37.3624405423507
9.4296626984127,1.05476340040296,1.07938761259839,0.952458637750573,37.3631311780373
9.42976190476191,1.05466986056939,1.07937766893345,0.952003191105612,37.3638217172648
9.42986111111111,1.05457632926455,1.07936769183353,0.951547962663387,37.3645121600587
9.42996031746032,1.05448280649336,1.07935768131534,0.951092952318419,37.3652025064447
9.43005952380952,1.05438929226076,1.07934763739561,0.950638159965271,37.3658927564482
9.43015873015873,1.05429578657168,1.07933756009103,0.950183585498545,37.3665829100948
9.43025793650794,1.05420228943107,1.0793274494183,0.949729228812886,37.36727296741
9.43035714285714,1.0541088008439,1.07931730539407,0.94927508980298,37.3679629284192
9.43045634920635,1.05401532081515,1.07930712803503,0.948821168363553,37.3686527931481
9.43055555555556,1.05392184934981,1.07929691735783,0.948367464389372,37.3693425616219
9.43065476190476,1.05382838645287,1.07928667337909,0.947913977775247,37.3700322338663
9.43075396825397,1.05373493212936,1.07927639611544,0.947460708416026,37.3707218099066
9.43085317460317,1.05364148638431,1.07926608558351,0.9470076562066,37.3714112897683
9.43095238095238,1.05354804922274,1.07925574179989,0.946554821041895,37.3721006734767
9.43105158730159,1.05345462064972,1.07924536478116,0.946102202816895,37.3727899610573
9.43115079365079,1.05336120067031,1.07923495454391,0.945649801426609,37.3734791525354
9.43125,1.05326778928958,1.07922451110469,0.94519761676609,37.3741682479364
9.43134920634921,1.05317438651264,1.07921403448007,0.944745648730437,37.3748572472857
9.43144841269841,1.05308099234456,1.07920352468657,0.944293897214783,37.3755461506085
9.43154761904762,1.05298760679048,1.07919298174072,0.943842362114308,37.3762349579303
9.43164682539683,1.05289422985552,1.07918240565904,0.943391043324231,37.3769236692763
9.43174603174603,1.05280086154482,1.07917179645803,0.942939940739812,37.3776122846718
9.43184523809524,1.05270750186353,1.07916115415417,0.942489054256352,37.3783008041421
9.43194444444444,1.05261415081682,1.07915047876394,0.942038383769192,37.3789892277124
9.43204365079365,1.05252080840985,1.0791397703038,0.941587929173717,37.379677555408
9.43214285714286,1.05242747464783,1.07912902879021,0.941137690365349,37.3803657872542
9.43224206349206,1.05233414953595,1.07911825423961,0.940687667239555,37.3810539232761
9.43234126984127,1.05224083307943,1.07910744666841,0.940237859691841,37.3817419634989
9.43244047619048,1.05214752528348,1.07909660609303,0.939788267617748,37.3824299079479
9.43253968253968,1.05205422615337,1.07908573252988,0.939338890912876,37.3831177566482
9.43263888888889,1.05196093569432,1.07907482599534,0.938889729472849,37.383805509625
9.4327380952381,1.05186765391162,1.07906388650578,0.938440783193338,37.3844931669034
9.4328373015873,1.05177438081052,1.07905291407758,0.937992051970053,37.3851807285085
9.43293650793651,1.05168111639633,1.07904190872708,0.937543535698747,37.3858681944656
9.43303571428571,1.05158786067435,1.07903087047061,0.937095234275215,37.3865555647996
9.43313492063492,1.05149461364988,1.07901979932451,0.93664714759529,37.3872428395356
9.43323412698413,1.05140137532826,1.07900869530509,0.936199275554848,37.3879300186988
9.43333333333333,1.05130814571482,1.07899755842865,0.935751618049806,37.3886171023141
9.43343253968254,1.05121492481491,1.07898638871148,0.935304174976122,37.3893040904067
9.43353174603175,1.0511217126339,1.07897518616985,0.934856946229794,37.3899909830015
9.43363095238095,1.05102850917716,1.07896395082002,0.934409931706862,37.3906777801236
9.43373015873016,1.05093531445008,1.07895268267825,0.933963131303408,37.391364481798
9.43382936507937,1.05084212845807,1.07894138176078,0.933516544915553,37.3920510880496
9.43392857142857,1.05074895120653,1.07893004808383,0.933070172439454,37.3927375989034
9.43402777777778,1.05065578270089,1.07891868166361,0.932624013771327,37.3934240143844
9.43412698412699,1.0505626229466,1.07890728251632,0.932178068807411,37.3941103345175
9.43422619047619,1.05046947194909,1.07889585065816,0.931732337443993,37.3947965593277
9.4343253968254,1.05037632971384,1.0788843861053,0.931286819577399,37.3954826888398
9.4344246031746,1.05028319624631,1.0788728888739,0.930841515103997,37.3961687230787
9.43452380952381,1.050190071552,1.07886135898011,0.930396423920198,37.3968546620694
9.43462301587302,1.05009695563641,1.07884979644007,0.929951545922451,37.3975405058367
9.43472222222222,1.05000384850505,1.07883820126991,0.929506881007247,37.3982262544054
9.43482142857143,1.04991075016344,1.07882657348574,0.92906242907112,37.3989119078004
9.43492063492064,1.04981766061713,1.07881491310366,0.928618190010641,37.3995974660465
9.43501984126984,1.04972457987166,1.07880322013975,0.928174163722426,37.4002829291685
9.43511904761905,1.0496315079326,1.0787914946101,0.927730350103131,37.4009682971912
9.43521825396825,1.04953844480552,1.07877973653077,0.927286749049451,37.4016535701394
9.43531746031746,1.049445390496,1.07876794591781,0.926843360458125,37.4023387480378
9.43541666666667,1.04935234500966,1.07875612278725,0.926400184225925,37.4030238309113
9.43551587301587,1.04925930835209,1.07874426715512,0.925957220249682,37.4037088187845
9.43561507936508,1.04916628052894,1.07873237903743,0.925514468426252,37.4043937116821
9.43571428571429,1.04907326154582,1.07872045845019,0.925071928652536,37.4050785096289
9.43581349206349,1.0489802514084,1.07870850540939,0.924629600825478,37.4057632126495
9.4359126984127,1.04888725012234,1.07869651993099,0.92418748484206,37.4064478207687
9.43601190476191,1.0487942576933,1.07868450203097,0.923745580599308,37.407132334011
9.43611111111111,1.04870127412699,1.07867245172526,0.923303887994287,37.4078167524012
9.43621031746032,1.04860829942909,1.07866036902982,0.922862406924105,37.4085010759638
9.43630952380952,1.04851533360532,1.07864825396057,0.92242113728591,37.4091853047236
9.43640873015873,1.0484223766614,1.07863610653341,0.921980078976891,37.409869438705
9.43650793650794,1.04832942860307,1.07862392676425,0.921539231894277,37.4105534779327
9.43660714285714,1.04823648943608,1.07861171466898,0.921098595935341,37.4112374224312
9.43670634920635,1.0481435591662,1.07859947026348,0.920658170997394,37.4119212722251
9.43680555555556,1.04805063779919,1.0785871935636,0.920217956977789,37.412605027339
9.43690476190476,1.04795772534084,1.0785748845852,0.919777953773915,37.4132886877974
9.43700396825397,1.04786482179696,1.07856254334411,0.91933816128322,37.4139722536247
9.43710317460318,1.04777192717335,1.07855016985616,0.918898579403173,37.4146557248455
9.43720238095238,1.04767904147584,1.07853776413717,0.918459208031291,37.4153391014844
9.43730158730159,1.04758616471026,1.07852532620293,0.918020047065135,37.4160223835656
9.43740079365079,1.04749329688246,1.07851285606923,0.917581096402302,37.4167055711138
9.4375,1.04740043799831,1.07850035375186,0.917142355940433,37.4173886641533
9.43759920634921,1.04730758806368,1.07848781926656,0.916703825577211,37.4180716627086
9.43769841269841,1.04721474708445,1.07847525262909,0.916265505210357,37.4187545668041
9.43779761904762,1.04712191506653,1.07846265385519,0.915827394737636,37.4194373764642
9.43789682539682,1.04702909201582,1.07845002296059,0.915389494056852,37.4201200917132
9.43799603174603,1.04693627793825,1.07843735996099,0.914951803065851,37.4208027125755
9.43809523809524,1.04684347283976,1.07842466487211,0.914514321662519,37.4214852390756
9.43819444444444,1.04675067672628,1.07841193770962,0.914077049744785,37.4221676712377
9.43829365079365,1.0466578896038,1.0783991784892,0.913639987210618,37.4228500090861
9.43839285714286,1.04656511147827,1.07838638722651,0.913203133958021,37.4235322526452
9.43849206349206,1.04647234235568,1.07837356393721,0.912766489885057,37.4242144019392
9.43859126984127,1.04637958224204,1.07836070863694,0.912330054889813,37.4248964569925
9.43869047619048,1.04628683114335,1.07834782134131,0.911893828870421,37.4255784178292
9.43878968253968,1.04619408906563,1.07833490206594,0.911457811725056,37.4262602844737
9.43888888888889,1.04610135601493,1.07832195082644,0.911022003351933,37.4269420569502
9.43898809523809,1.04600863199729,1.07830896763838,0.910586403649308,37.4276237352829
9.4390873015873,1.04591591701876,1.07829595251735,0.910151012515478,37.4283053194961
9.43918650793651,1.04582321108544,1.07828290547891,0.909715829848782,37.4289868096138
9.43928571428571,1.04573051420339,1.07826982653861,0.909280855547598,37.4296682056603
9.43938492063492,1.04563782637872,1.07825671571198,0.908846089510348,37.4303495076598
9.43948412698413,1.04554514761753,1.07824357301456,0.908411531635493,37.4310307156363
9.43958333333333,1.04545247792596,1.07823039846185,0.907977181821534,37.4317118296141
9.43968253968254,1.04535981731013,1.07821719206936,0.907543039967017,37.4323928496173
9.43978174603174,1.0452671657762,1.07820395385257,0.907109105970525,37.4330737756698
9.43988095238095,1.04517452333031,1.07819068382695,0.906675379730678,37.433754607796
9.43998015873016,1.04508188997866,1.07817738200798,0.906241861146154,37.4344353460197
9.44007936507936,1.04498926572742,1.0781640484111,0.905808550115655,37.4351159903651
9.44017857142857,1.04489665058278,1.07815068305176,0.905375446537931,37.4357965408563
9.44027777777778,1.04480404455097,1.07813728594536,0.90494255031177,37.4364769975172
9.44037698412698,1.04471144763819,1.07812385710734,0.904509861336004,37.4371573603718
9.44047619047619,1.0446188598507,1.07811039655308,0.904077379509504,37.4378376294443
9.4405753968254,1.04452628119472,1.07809690429798,0.903645104731184,37.4385178047584
9.4406746031746,1.04443371167653,1.07808338035741,0.903213036899996,37.4391978863384
9.44077380952381,1.0443411513024,1.07806982474673,0.902781175914938,37.439877874208
9.44087301587301,1.0442486000786,1.0780562374813,0.902349521675043,37.4405577683912
9.44097222222222,1.04415605801145,1.07804261857645,0.90191807407939,37.441237568912
9.44107142857143,1.04406352510724,1.07802896804751,0.901486833027097,37.4419172757942
9.44117063492063,1.0439710013723,1.0780152859098,0.901055798417322,37.4425968890619
9.44126984126984,1.04387848681296,1.0780015721786,0.900624970149266,37.4432764087388
9.44136904761905,1.04378598143557,1.07798782686921,0.900194348122165,37.4439558348488
9.44146825396825,1.0436934852465,1.0779740499969,0.899763932235311,37.4446351674158
9.44156746031746,1.0436009982521,1.07796024157694,0.899333722388024,37.4453144064636
9.44166666666667,1.04350852045877,1.07794640162458,0.898903718479667,37.445993552016
9.44176587301587,1.04341605187291,1.07793253015506,0.898473920409646,37.446672604097
9.44186507936508,1.04332359250091,1.07791862718359,0.898044328077407,37.4473515627301
9.44196428571429,1.04323114234921,1.0779046927254,0.897614941382438,37.4480304279393
9.44206349206349,1.04313870142424,1.07789072679568,0.897185760224266,37.4487091997483
9.4421626984127,1.04304626973244,1.07787672940963,0.896756784502463,37.4493878781809
9.4422619047619,1.04295384728027,1.0778627005824,0.896328014116638,37.4500664632607
9.44236111111111,1.04286143407421,1.07784864032918,0.895899448966444,37.4507449550116
9.44246031746032,1.04276903012073,1.07783454866511,0.895471088951572,37.4514233534571
9.44255952380952,1.04267663542635,1.07782042560533,0.895042933971757,37.4521016586211
9.44265873015873,1.04258424999755,1.07780627116495,0.894614983926774,37.4527798705272
9.44275793650794,1.04249187384087,1.07779208535911,0.894187238716438,37.4534579891991
9.44285714285714,1.04239950696283,1.07777786820289,0.893759698240601,37.4541360146603
9.44295634920635,1.04230714936999,1.07776361971138,0.893332362399172,37.4548139469346
9.44305555555556,1.04221480106891,1.07774933989966,0.892905231092084,37.4554917860456
9.44315476190476,1.04212246206615,1.07773502878279,0.892478304219318,37.4561695320168
9.44325396825397,1.04203013236829,1.07772068637582,0.892051581680894,37.4568471848719
9.44335317460317,1.04193781198194,1.0777063126938,0.891625063376875,37.4575247446344
9.44345238095238,1.0418455009137,1.07769190775173,0.891198749207364,37.458202211328
9.44355158730159,1.04175319917019,1.07767747156465,0.890772639072504,37.458879584976
9.44365079365079,1.04166090675805,1.07766300414754,0.890346732872482,37.4595568656022
9.44375,1.04156862368392,1.07764850551539,0.889921030507524,37.4602340532299
9.44384920634921,1.04147634995445,1.07763397568319,0.889495531877896,37.4609111478827
9.44394841269841,1.04138408557633,1.07761941466589,0.889070236883909,37.4615881495842
9.44404761904762,1.04129183055623,1.07760482247844,0.888645145425909,37.4622650583577
9.44414682539682,1.04119958490085,1.07759019913578,0.888220257404289,37.4629418742267
9.44424603174603,1.0411073486169,1.07757554465284,0.88779557271948,37.4636185972146
9.44434523809524,1.04101512171109,1.07756085904453,0.887371091271948,37.464295227345
9.44444444444444,1.04092290419016,1.07754614232575,0.886946812962219,37.4649717646412
9.44454365079365,1.04083069606086,1.07753139451138,0.886522737690842,37.4656482091266
9.44464285714286,1.04073849732994,1.0775166156163,0.886098865358413,37.4663245608246
9.44474206349206,1.04064630800417,1.07750180565538,0.885675195865567,37.4670008197585
9.44484126984127,1.04055412809034,1.07748696464346,0.885251729112984,37.4676769859518
9.44494047619048,1.04046195759524,1.07747209259539,0.88482846500138,37.4683530594277
9.44503968253968,1.04036979652567,1.07745718952598,0.884405403431518,37.4690290402096
9.44513888888889,1.04027764488847,1.07744225545005,0.883982544304198,37.4697049283208
9.44523809523809,1.04018550269045,1.0774272903824,0.88355988752026,37.4703807237847
9.4453373015873,1.04009336993847,1.07741229433782,0.88313743298059,37.4710564266244
9.44543650793651,1.04000124663938,1.07739726733108,0.88271518058611,37.4717320368632
9.44553571428571,1.03990913280006,1.07738220937694,0.882293130237786,37.4724075545245
9.44563492063492,1.03981702842738,1.07736712049016,0.881871281836623,37.4730829796314
9.44573412698413,1.03972493352824,1.07735200068547,0.88144963528367,37.4737583122072
9.44583333333333,1.03963284810954,1.07733684997761,0.881028190480008,37.4744335522751
9.44593253968254,1.03954077217821,1.07732166838127,0.880606947326779,37.4751086998582
9.44603174603175,1.03944870574118,1.07730645591116,0.880185905725146,37.4757837549798
9.44613095238095,1.03935664880539,1.07729121258197,0.879765065576322,37.476458717663
9.44623015873016,1.0392646013778,1.07727593840837,0.879344426781558,37.477133587931
9.44632936507936,1.03917256346538,1.07726063340503,0.878923989242148,37.4778083658069
9.44642857142857,1.0390805350751,1.0772452975866,0.878503752859427,37.4784830513138
9.44652777777778,1.03898851621398,1.0772299309677,0.87808371753477,37.4791576444749
9.44662698412698,1.038896506889,1.07721453356298,0.877663883169594,37.4798321453132
9.44672619047619,1.0388045071072,1.07719910538704,0.877244249665356,37.4805065538518
9.4468253968254,1.03871251687559,1.07718364645448,0.876824816923555,37.4811808701137
9.4469246031746,1.03862053620124,1.07716815677988,0.87640558484573,37.4818550941221
9.44702380952381,1.03852856509118,1.07715263637783,0.875986553333463,37.4825292259
9.44712301587301,1.0384366035525,1.07713708526289,0.875567722288376,37.4832032654703
9.44722222222222,1.03834465159227,1.0771215034496,0.875149091612131,37.4838772128561
9.44732142857143,1.03825270921758,1.07710589095251,0.874730661206425,37.4845510680804
9.44742063492064,1.03816077643555,1.07709024778613,0.874312430973017,37.4852248311661
9.44751984126984,1.03806885325329,1.07707457396498,0.873894400813685,37.4858985021362
9.44761904761905,1.03797693967794,1.07705886950357,0.873476570630257,37.4865720810136
9.44771825396825,1.03788503571663,1.07704313441637,0.873058940324602,37.4872455678214
9.44781746031746,1.03779314137652,1.07702736871787,0.872641509798627,37.4879189625823
9.44791666666667,1.03770125666478,1.07701157242253,0.872224278954284,37.4885922653193
9.44801587301587,1.0376093815886,1.07699574554479,0.871807247693562,37.4892654760553
9.44811507936508,1.03751751615516,1.07697988809909,0.871390415918496,37.4899385948132
9.44821428571429,1.03742566037167,1.07696400009986,0.870973783531158,37.4906116216158
9.44831349206349,1.03733381424535,1.07694808156151,0.870557350433662,37.4912845564859
9.4484126984127,1.03724197778344,1.07693213249845,0.870141116528163,37.4919573994464
9.4485119047619,1.03715015099316,1.07691615292505,0.869725081716859,37.4926301505202
9.44861111111111,1.03705833388179,1.07690014285569,0.869309245901986,37.4933028097299
9.44871031746032,1.03696652645658,1.07688410230474,0.868893608985823,37.4939753770984
9.44880952380952,1.03687472872482,1.07686803128655,0.868478170870684,37.4946478526485
9.44890873015873,1.0367829406938,1.07685192981545,0.868062931458941,37.4953202364029
9.44900793650794,1.03669116237083,1.07683579790576,0.86764789065299,37.4959925283843
9.44910714285714,1.03659939376323,1.07681963557181,0.867233048355273,37.4966647286155
9.44920634920635,1.03650763487831,1.07680344282789,0.866818404468274,37.4973368371192
9.44930555555556,1.03641588572344,1.07678721968828,0.866403958894518,37.4980088539181
9.44940476190476,1.03632414630596,1.07677096616727,0.865989711536572,37.4986807790349
9.44950396825397,1.03623241663323,1.07675468227911,0.86557566229704,37.4993526124922
9.44960317460317,1.03614069671265,1.07673836803806,0.865161811078572,37.5000243543126
9.44970238095238,1.0360489865516,1.07672202345835,0.864748157783857,37.5006960045189
9.44980158730159,1.03595728615749,1.0767056485542,0.864334702315624,37.5013675631337
9.44990079365079,1.03586559553774,1.07668924333984,0.863921444576644,37.5020390301795
9.45,1.03577391469977,1.07667280782945,0.86350838446973,37.5027104056789
9.45009920634921,1.03568224365103,1.07665634203723,0.863095521897735,37.5033816896546
9.45019841269841,1.03559058239897,1.07663984597736,0.862682856763552,37.5040528821291
9.45029761904762,1.03549893095107,1.07662331966398,0.862270388970112,37.5047239831249
9.45039682539683,1.03540728931479,1.07660676311126,0.861858118420402,37.5053949926646
9.45049603174603,1.03531565749763,1.07659017633334,0.861446045017432,37.5060659107707
9.45059523809524,1.0352240355071,1.07657355934432,0.861034168664264,37.5067367374657
9.45069444444444,1.03513242335072,1.07655691215834,0.860622489263994,37.5074074727721
9.45079365079365,1.03504082103601,1.07654023478948,0.860211006719764,37.5080781167124
9.45089285714286,1.03494922857051,1.07652352725184,0.859799720934755,37.508748669309
9.45099206349206,1.03485764596178,1.07650678955949,0.859388631812189,37.5094191305844
9.45109126984127,1.03476607321739,1.07649002172649,0.858977739255331,37.510089500561
9.45119047619048,1.03467451034492,1.0764732237669,0.858567043167484,37.5107597792612
9.45128968253968,1.03458295735195,1.07645639569474,0.858156543451995,37.5114299667075
9.45138888888889,1.0344914142461,1.07643953752405,0.85774624001225,37.5121000629222
9.45148809523809,1.03439988103497,1.07642264926883,0.857336132751677,37.5127700679277
9.4515873015873,1.03430835772621,1.07640573094309,0.856926221573745,37.5134399817464
9.45168650793651,1.03421684432744,1.07638878256082,0.856516506381962,37.5141098044006
9.45178571428571,1.03412534084632,1.07637180413598,0.856106987079876,37.5147795359126
9.45188492063492,1.03403384729053,1.07635479568255,0.855697663571088,37.5154491763047
9.45198412698413,1.03394236366773,1.07633775721446,0.855288535759227,37.5161187255993
9.45208333333333,1.03385088998562,1.07632068874566,0.854879603547965,37.5167881838187
9.45218253968254,1.03375942625191,1.07630359029008,0.854470866841019,37.517457550985
9.45228174603175,1.03366797247431,1.07628646186162,0.854062325542143,37.5181268271207
9.45238095238095,1.03357652866054,1.07626930347419,0.853653979555137,37.5187960122478
9.45248015873016,1.03348509481836,1.07625211514166,0.853245828783836,37.5194651063886
9.45257936507936,1.03339367095551,1.07623489687793,0.852837873132122,37.5201341095654
9.45267857142857,1.03330225707975,1.07621764869684,0.852430112503913,37.5208030218004
9.45277777777778,1.03321085319888,1.07620037061225,0.852022546803172,37.5214718431157
9.45287698412698,1.03311945932068,1.07618306263799,0.8516151759339,37.5221405735334
9.45297619047619,1.03302807545295,1.0761657247879,0.851207999800141,37.5228092130759
9.4530753968254,1.0329367016035,1.07614835707578,0.85080101830598,37.5234777617651
9.4531746031746,1.03284533778017,1.07613095951543,0.850394231355541,37.5241462196232
9.45327380952381,1.0327539839908,1.07611353212064,0.849987638852986,37.5248145866724
9.45337301587302,1.03266264024324,1.07609607490519,0.849581240702534,37.5254828629347
9.45347222222222,1.03257130654536,1.07607858788283,0.849175036808427,37.5261510484321
9.45357142857143,1.03247998290503,1.07606107106732,0.848769027074956,37.5268191431869
9.45367063492064,1.03238866933015,1.07604352447239,0.84836321140645,37.5274871472209
9.45376984126984,1.03229736582861,1.07602594811177,0.847957589707282,37.5281550605564
9.45386904761905,1.03220607240834,1.07600834199917,0.847552161881864,37.5288228832152
9.45396825396825,1.03211478907726,1.07599070614829,0.847146927834651,37.5294906152194
9.45406746031746,1.03202351584331,1.07597304057282,0.846741887470137,37.5301582565909
9.45416666666667,1.03193225271444,1.07595534528643,0.846337040692857,37.5308258073518
9.45426587301587,1.03184099969862,1.07593762030278,0.84593238740739,37.5314932675241
9.45436507936508,1.03174975680383,1.07591986563552,0.845527927518353,37.5321606371296
9.45446428571429,1.03165852403806,1.0759020812983,0.845123660930404,37.5328279161903
9.45456349206349,1.0315673014093,1.07588426730473,0.844719587548244,37.5334951047282
9.4546626984127,1.03147608892559,1.07586642366843,0.844315707276615,37.534162202765
9.45476190476191,1.03138488659493,1.075848550403,0.843912020020293,37.5348292103228
9.45486111111111,1.03129369442537,1.07583064752202,0.843508525684112,37.5354961274234
9.45496031746032,1.03120251242497,1.07581271503906,0.843105224172931,37.5361629540886
9.45505952380952,1.03111134060179,1.0757947529677,0.842702115391654,37.5368296903403
9.45515873015873,1.03102017896391,1.07577676132148,0.84229919924523,37.5374963362004
9.45525793650794,1.03092902751941,1.07575874011394,0.841896475638644,37.5381628916906
9.45535714285714,1.0308378862764,1.0757406893586,0.841493944476925,37.5388293568328
9.45545634920635,1.030746755243,1.07572260906897,0.841091605665143,37.5394957316487
9.45555555555556,1.03065563442732,1.07570449925856,0.840689459108409,37.5401620161601
9.45565476190476,1.03056452383751,1.07568635994085,0.840287504711873,37.5408282103888
9.45575396825397,1.03047342348173,1.07566819112931,0.839885742380729,37.5414943143565
9.45585317460317,1.03038233336813,1.07564999283741,0.83948417202021,37.5421603280849
9.45595238095238,1.03029125350489,1.0756317650786,0.83908279353559,37.5428262515958
9.45605158730159,1.03020018390021,1.07561350786631,0.838681606832187,37.5434920849108
9.45615079365079,1.03010912456228,1.07559522121397,0.838280611815356,37.5441578280517
9.45625,1.03001807549931,1.07557690513499,0.837879808390489,37.5448234810401
9.45634920634921,1.02992703671955,1.07555855964277,0.837479196463037,37.5454890438977
9.45644841269841,1.02983600823121,1.0755401847507,0.837078775938474,37.5461545166461
9.45654761904762,1.02974499004256,1.07552178047215,0.836678546722321,37.5468198993069
9.45664682539683,1.02965398216186,1.07550334682048,0.836278508720139,37.5474851919017
9.45674603174603,1.02956298459739,1.07548488380905,0.835878661837533,37.5481503944522
9.45684523809524,1.02947199735743,1.07546639145119,0.835479005980146,37.5488155069799
9.45694444444444,1.02938102045029,1.07544786976022,0.835079541053664,37.5494805295065
9.45704365079365,1.02929005388428,1.07542931874946,0.834680266963811,37.5501454620533
9.45714285714286,1.02919909766772,1.07541073843221,0.834281183616356,37.550810304642
9.45724206349206,1.02910815180896,1.07539212882174,0.833882290917107,37.5514750572942
9.45734126984127,1.02901721631634,1.07537348993135,0.833483588771913,37.5521397200313
9.45744047619048,1.02892629119823,1.07535482177429,0.833085077086665,37.5528042928747
9.45753968253968,1.02883537646301,1.0753361243638,0.832686755767294,37.5534687758461
9.45763888888889,1.02874447211906,1.07531739771313,0.832288624719772,37.5541331689668
9.4577380952381,1.02865357817478,1.07529864183551,0.831890683850107,37.5547974722583
9.4578373015873,1.0285626946386,1.07527985674413,0.831492933064365,37.5554616857421
9.45793650793651,1.02847182151893,1.07526104245221,0.831095372268637,37.5561258094395
9.45803571428571,1.02838095882421,1.07524219897293,0.830698001369057,37.556789843372
9.45813492063492,1.02829010656289,1.07522332631946,0.830300820271806,37.557453787561
9.45823412698413,1.02819926474344,1.07520442450496,0.829903828883099,37.5581176420278
9.45833333333333,1.02810843337433,1.07518549354259,0.829507027109199,37.5587814067937
9.45843253968254,1.02801761246405,1.07516653344548,0.829110414856406,37.5594450818803
9.45853174603175,1.0279268020211,1.07514754422676,0.82871399203106,37.5601086673087
9.45863095238095,1.027836002054,1.07512852589954,0.828317758539546,37.5607721631003
9.45873015873016,1.02774521257126,1.07510947847691,0.827921714288287,37.5614355692764
9.45882936507936,1.02765443358143,1.07509040197197,0.827525859183748,37.5620988858583
9.45892857142857,1.02756366509306,1.07507129639779,0.827130193132435,37.5627621128673
9.45902777777778,1.0274729071147,1.07505216176743,0.826734716040895,37.5634252503246
9.45912698412698,1.02738215965494,1.07503299809394,0.826339427815717,37.5640882982515
9.45922619047619,1.02729142272237,1.07501380539035,0.825944328363523,37.5647512566691
9.4593253968254,1.02720069632557,1.0749945836697,0.825549417590995,37.5654141255988
9.4594246031746,1.02710998047317,1.07497533294499,0.82515469540484,37.5660769050617
9.45952380952381,1.02701927517379,1.07495605322922,0.824760161711808,37.566739595079
9.45962301587302,1.02692858043607,1.07493674453539,0.824365816418694,37.5674021956719
9.45972222222222,1.02683789626865,1.07491740687645,0.823971659432331,37.5680647068615
9.45982142857143,1.02674722268021,1.07489804026538,0.823577690659596,37.568727128669
9.45992063492064,1.02665655967941,1.07487864471513,0.823183910007403,37.5693894611155
9.46001984126984,1.02656590727494,1.07485922023863,0.822790317382713,37.5700517042221
9.46011904761905,1.0264752654755,1.07483976684881,0.822396912692522,37.5707138580099
9.46021825396825,1.02638463428981,1.07482028455857,0.82200369584387,37.5713759225
9.46031746031746,1.02629401372658,1.07480077338083,0.821610666743838,37.5720378977135
9.46041666666667,1.02620340379456,1.07478123332845,0.821217825299548,37.5726997836714
9.46051587301587,1.02611280450249,1.07476166441433,0.820825171418161,37.5733615803948
9.46061507936508,1.02602221585914,1.07474206665131,0.820432705006883,37.5740232879046
9.46071428571429,1.02593163787328,1.07472244005226,0.820040425972952,37.574684906222
9.46081349206349,1.0258410705537,1.07470278463,0.819648334223665,37.5753464353678
9.4609126984127,1.0257505139092,1.07468310039736,0.819256429666344,37.5760078753631
9.46101190476191,1.02565996794858,1.07466338736716,0.818864712208356,37.5766692262289
9.46111111111111,1.02556943268068,1.07464364555219,0.81847318175711,37.577330487986
9.46121031746032,1.02547890811433,1.07462387496523,0.818081838220057,37.5779916606555
9.46130952380952,1.02538839425837,1.07460407561907,0.817690681504687,37.5786527442582
9.46140873015873,1.02529789112168,1.07458424752647,0.817299711518533,37.5793137388151
9.46150793650794,1.02520739871312,1.07456439070017,0.816908928169168,37.579974644347
9.46160714285714,1.02511691704158,1.07454450515291,0.816518331364205,37.5806354608749
9.46170634920635,1.02502644611596,1.07452459089741,0.816127921011301,37.5812961884195
9.46180555555556,1.02493598594517,1.07450464794639,0.815737697018152,37.5819568270018
9.46190476190476,1.02484553653813,1.07448467631255,0.815347659292493,37.5826173766426
9.46200396825397,1.02475509790379,1.07446467600857,0.814957807742105,37.5832778373627
9.46210317460317,1.02466467005108,1.07444464704713,0.814568142274807,37.5839382091829
9.46220238095238,1.02457425298897,1.07442458944088,0.814178662798453,37.584598492124
9.46230158730159,1.02448384672644,1.07440450320249,0.813789369220956,37.5852586862067
9.46240079365079,1.02439345127247,1.07438438834458,0.813400261450253,37.5859187914519
9.4625,1.02430306663606,1.07436424487978,0.813011339394328,37.5865788078802
9.46259920634921,1.02421269282621,1.0743440728207,0.812622602961205,37.5872387355125
9.46269841269841,1.02412232985196,1.07432387217994,0.81223405205895,37.5878985743694
9.46279761904762,1.02403197772234,1.07430364297008,0.811845686595669,37.5885583244716
9.46289682539683,1.02394163644639,1.07428338520371,0.811457506479511,37.5892179858399
9.46299603174603,1.02385130603318,1.07426309889338,0.811069511618665,37.5898775584948
9.46309523809524,1.02376098649178,1.07424278405164,0.810681701921359,37.5905370424571
9.46319444444444,1.02367067783128,1.07422244069103,0.810294077295865,37.5911964377473
9.46329365079365,1.02358038006077,1.07420206882407,0.809906637650495,37.5918557443862
9.46339285714286,1.02349009318936,1.07418166846328,0.809519382893602,37.5925149623943
9.46349206349206,1.02339981722619,1.07416123962115,0.80913231293358,37.5931740917923
9.46359126984127,1.02330955218037,1.07414078231017,0.808745427678863,37.5938331326007
9.46369047619048,1.02321929806107,1.07412029654282,0.808358727037924,37.5944920848401
9.46378968253968,1.02312905487743,1.07409978233155,0.80797221091929,37.595150948531
9.46388888888889,1.02303882263865,1.07407923968881,0.807585879231512,37.595809723694
9.4639880952381,1.02294860135389,1.07405866862705,0.807199731883191,37.5964684103496
9.4640873015873,1.02285839103235,1.07403806915869,0.806813768782968,37.5971270085184
9.46418650793651,1.02276819168325,1.07401744129613,0.806427989839522,37.5977855182208
9.46428571428571,1.02267800331582,1.07399678505178,0.806042394961577,37.5984439394772
9.46438492063492,1.02258782593927,1.07397610043802,0.805656984057896,37.5991022723083
9.46448412698413,1.02249765956287,1.07395538746723,0.805271757037284,37.5997605167344
9.46458333333333,1.02240750419587,1.07393464615176,0.804886713808586,37.600418672776
9.46468253968254,1.02231735984754,1.07391387650398,0.804501854280688,37.6010767404534
9.46478174603175,1.02222722652717,1.07389307853621,0.804117178362519,37.6017347197872
9.46488095238095,1.02213710424406,1.07387225226078,0.803732685963046,37.6023926107976
9.46498015873016,1.02204699300751,1.07385139769,0.80334837699128,37.6030504135051
9.46507936507937,1.02195689282685,1.07383051483617,0.802964251356272,37.6037081279301
9.46517857142857,1.02186680371141,1.07380960371157,0.802580308967107,37.6043657540928
9.46527777777778,1.02177672567054,1.07378866432849,0.802196549732928,37.6050232920137
9.46537698412699,1.02168665871359,1.07376769669917,0.801812973562906,37.6056807417131
9.46547619047619,1.02159660284995,1.07374670083588,0.801429580366254,37.6063381032111
9.4655753968254,1.02150655808899,1.07372567675085,0.801046370052229,37.6069953765283
9.4656746031746,1.02141652444012,1.07370462445629,0.800663342530128,37.6076525616847
9.46577380952381,1.02132650191273,1.07368354396443,0.800280497709288,37.6083096587008
9.46587301587302,1.02123649051626,1.07366243528746,0.799897835499088,37.6089666675966
9.46597222222222,1.02114649026013,1.07364129843757,0.799515355808949,37.6096235883926
9.46607142857143,1.0210565011538,1.07362013342694,0.799133058548332,37.6102804211088
9.46617063492064,1.02096652320672,1.07359894026771,0.798750943626739,37.6109371657655
9.46626984126984,1.02087655642836,1.07357771897205,0.798369010953714,37.611593822383
9.46636904761905,1.02078660082821,1.07355646955209,0.79798726043884,37.6122503909812
9.46646825396825,1.02069665641576,1.07353519201995,0.797605691991743,37.6129068715805
9.46656746031746,1.02060672320053,1.07351388638775,0.79722430552209,37.6135632642009
9.46666666666667,1.02051680119203,1.07349255266758,0.796843100939581,37.6142195688627
9.46676587301587,1.0204268903998,1.07347119087154,0.796462078153978,37.6148757855858
9.46686507936508,1.02033699083338,1.07344980101168,0.796081237075063,37.6155319143904
9.46696428571429,1.02024710250233,1.07342838310009,0.795700577612668,37.6161879552967
9.46706349206349,1.02015722541623,1.0734069371488,0.795320099676664,37.6168439083246
9.4671626984127,1.02006735958466,1.07338546316985,0.794939803176963,37.6174997734942
9.46726190476191,1.01997750501721,1.07336396117526,0.794559688023519,37.6181555508256
9.46736111111111,1.01988766172349,1.07334243117705,0.794179754126327,37.6188112403388
9.46746031746032,1.01979782971312,1.07332087318722,0.793800001395423,37.6194668420538
9.46755952380952,1.01970800899574,1.07329928721775,0.793420429740885,37.6201223559906
9.46765873015873,1.01961819958099,1.07327767328062,0.793041039072828,37.6207777821692
9.46775793650794,1.01952840147853,1.07325603138779,0.792661829301412,37.6214331206096
9.46785714285714,1.01943861469803,1.0732343615512,0.792282800336838,37.6220883713317
9.46795634920635,1.01934883924917,1.0732126637828,0.791903952089346,37.6227435343554
9.46805555555556,1.01925907514166,1.0731909380945,0.791525284469218,37.6233986097008
9.46815476190476,1.01916932238518,1.07316918449822,0.791146797386773,37.6240535973876
9.46825396825397,1.01907958098948,1.07314740300586,0.790768490752385,37.6247084974358
9.46835317460318,1.01898985096428,1.0731255936293,0.790390364476452,37.6253633098653
9.46845238095238,1.01890013231932,1.07310375638042,0.790012418469423,37.6260180346959
9.46855158730159,1.01881042506437,1.07308189127108,0.789634652641785,37.6266726719475
9.46865079365079,1.01872072920919,1.07305999831313,0.789257066904064,37.6273272216399
9.46875,1.01863104476357,1.0730380775184,0.788879661166832,37.627981683793
9.46884920634921,1.0185413717373,1.07301612889872,0.788502435340698,37.6286360584265
9.46894841269841,1.01845171014019,1.0729941524659,0.788125389336313,37.6292903455603
9.46904761904762,1.01836205998205,1.07297214823174,0.78774852306437,37.6299445452141
9.46914682539682,1.01827242127273,1.07295011620803,0.787371836435604,37.6305986574077
9.46924603174603,1.01818279402207,1.07292805640653,0.786995329360787,37.6312526821609
9.46934523809524,1.01809317823992,1.07290596883902,0.786619001750736,37.6319066194933
9.46944444444444,1.01800357393615,1.07288385351723,0.786242853516308,37.6325604694247
9.46954365079365,1.01791398112066,1.07286171045291,0.7858668845684,37.6332142319749
9.46964285714286,1.01782439980332,1.07283953965778,0.785491094817945,37.6338679071634
9.46974206349206,1.01773482999405,1.07281734114354,0.785115484175935,37.63452149501
9.46984126984127,1.01764527170276,1.07279511492191,0.784740052553383,37.6351749955343
9.46994047619048,1.0175557249394,1.07277286100457,0.784364799861354,37.635828408756
9.47003968253968,1.0174661897139,1.07275057940318,0.783989726010948,37.6364817346948
9.47013888888889,1.01737666603623,1.07272827012941,0.783614830913311,37.6371349733701
9.47023809523809,1.01728715391634,1.07270593319492,0.783240114479627,37.6377881248017
9.4703373015873,1.01719765336423,1.07268356861133,0.782865576621122,37.6384411890091
9.47043650793651,1.01710816438988,1.07266117639027,0.782491217249064,37.6390941660119
9.47053571428571,1.01701868700331,1.07263875654335,0.78211703627476,37.6397470558297
9.47063492063492,1.01692922121453,1.07261630908217,0.78174303360956,37.6403998584819
9.47073412698413,1.01683976703358,1.07259383401832,0.781369209164854,37.6410525739882
9.47083333333333,1.01675032447049,1.07257133136337,0.780995562852073,37.641705202368
9.47093253968254,1.01666089353533,1.07254880112888,0.780622094582689,37.6423577436409
9.47103174603174,1.01657147423817,1.0725262433264,0.780248804268217,37.6430101978262
9.47113095238095,1.01648206658908,1.07250365796747,0.779875691820205,37.6436625649436
9.47123015873016,1.01639267059816,1.0724810450636,0.779502757150258,37.6443148450125
9.47132936507936,1.01630328627551,1.07245840462632,0.779130000170008,37.6449670380522
9.47142857142857,1.01621391363126,1.07243573666712,0.778757420791133,37.6456191440823
9.47152777777778,1.01612455267554,1.07241304119749,0.778385018925351,37.646271163122
9.47162698412698,1.01603520341849,1.07239031822889,0.778012794484422,37.646923095191
9.47172619047619,1.01594586587026,1.0723675677728,0.777640747380147,37.6475749403084
9.4718253968254,1.01585654004103,1.07234478984065,0.777268877524367,37.6482266984937
9.4719246031746,1.01576722594097,1.0723219844439,0.776897184828965,37.6488783697663
9.47202380952381,1.01567792358029,1.07229915159395,0.776525669205864,37.6495299541454
9.47212301587301,1.01558863296918,1.07227629130223,0.77615433056703,37.6501814516505
9.47222222222222,1.01549935411786,1.07225340358012,0.775783168824469,37.6508328623007
9.47232142857143,1.01541008703656,1.07223048843902,0.775412183890227,37.6514841861155
9.47242063492063,1.01532083173554,1.07220754589031,0.775041375676393,37.652135423114
9.47251984126984,1.01523158822503,1.07218457594533,0.774670744095095,37.6527865733156
9.47261904761905,1.01514235651532,1.07216157861544,0.774300289058497,37.6534376367395
9.47271825396825,1.01505313661668,1.07213855391198,0.773930010478823,37.654088613405
9.47281746031746,1.01496392853941,1.07211550184627,0.773559908268319,37.6547395033312
9.47291666666667,1.01487473229381,1.07209242242962,0.773189982339277,37.6553903065373
9.47301587301587,1.01478554789019,1.07206931567333,0.772820232604032,37.6560410230426
9.47311507936508,1.0146963753389,1.07204618158868,0.772450658974959,37.6566916528663
9.47321428571429,1.01460721465026,1.07202302018696,0.772081261364476,37.6573421960275
9.47331349206349,1.01451806583465,1.07199983147941,0.771712039685038,37.6579926525453
9.4734126984127,1.01442892890242,1.0719766154773,0.771342993849145,37.6586430224389
9.4735119047619,1.01433980386396,1.07195337219185,0.770974123769335,37.6592933057273
9.47361111111111,1.0142506905313,1.07193010171192,0.770605429367261,37.6599435025075
9.47371031746032,1.01416158768193,1.07190680453082,0.770236910614632,37.6605936132809
9.47380952380952,1.01407249510264,1.07188348074599,0.769868567441293,37.6612436381525
9.47390873015873,1.01398341279079,1.07186013037238,0.769500399767799,37.6618935771448
9.47400793650794,1.01389434074375,1.07183675342497,0.769132407514729,37.6625434302804
9.47410714285714,1.01380527895889,1.07181334991871,0.768764590602682,37.6631931975818
9.47420634920635,1.01371622743358,1.07178991986853,0.768396948952299,37.6638428790713
9.47430555555556,1.01362718616519,1.07176646328939,0.768029482484229,37.6644924747716
9.47440476190476,1.01353815515112,1.07174298019621,0.767662191119155,37.6651419847051
9.47450396825397,1.01344913438875,1.07171947060392,0.76729507477778,37.6657914088942
9.47460317460317,1.01336012387546,1.07169593452745,0.766928133380838,37.6664407473614
9.47470238095238,1.01327112360865,1.07167237198171,0.766561366849084,37.6670900001292
9.47480158730159,1.01318213358572,1.07164878298161,0.766194775103301,37.6677391672199
9.47490079365079,1.01309315380406,1.07162516754205,0.765828358064296,37.6683882486561
9.475,1.01300418426107,1.07160152567793,0.765462115652902,37.6690372444602
9.47509920634921,1.01291522495417,1.07157785740414,0.765096047789977,37.6696861546546
9.47519841269841,1.01282627588077,1.07155416273558,0.764730154396404,37.6703349792616
9.47529761904762,1.01273733703827,1.07153044168711,0.764364435393092,37.6709837183038
9.47539682539682,1.01264840842411,1.07150669427361,0.763998890700974,37.6716323718034
9.47549603174603,1.01255949003569,1.07148292050994,0.763633520241012,37.6722809397829
9.47559523809524,1.01247058187045,1.07145912041098,0.763268323934184,37.6729294222648
9.47569444444444,1.01238168392581,1.07143529399157,0.76290330170151,37.6735778192712
9.47579365079365,1.0122927961992,1.07141144126656,0.762538453464021,37.6742261308247
9.47589285714286,1.01220391868807,1.07138756225079,0.762173779142778,37.6748743569475
9.47599206349206,1.01211505138985,1.07136365695911,0.761809278658867,37.675522497662
9.47609126984127,1.01202619430199,1.07133972540633,0.761444951933399,37.6761705529907
9.47619047619048,1.01193734742193,1.0713157676073,0.761080798887511,37.6768185229557
9.47628968253968,1.01184851074712,1.07129178357682,0.760716819442366,37.6774664075795
9.47638888888889,1.01175968427501,1.0712677733297,0.76035301351915,37.6781142068843
9.47648809523809,1.01167086800308,1.07124373688076,0.759989381039077,37.6787619208925
9.4765873015873,1.01158206192877,1.07121967424479,0.759625921923385,37.6794095496264
9.47668650793651,1.01149326604955,1.07119558543659,0.759262636093337,37.6800570931082
9.47678571428571,1.01140448036289,1.07117147047095,0.758899523470223,37.6807045513604
9.47688492063492,1.01131570486627,1.07114732936264,0.758536583975356,37.6813519244051
9.47698412698413,1.01122693955716,1.07112316212644,0.758173817530076,37.6819992122646
9.47708333333333,1.01113818443303,1.07109896877713,0.757811224055743,37.6826464149612
9.47718253968254,1.01104943949138,1.07107474932946,0.757448803473757,37.6832935325173
9.47728174603175,1.01096070472969,1.0710505037982,0.757086555705529,37.6839405649549
9.47738095238095,1.01087198014545,1.07102623219809,0.7567244806725,37.6845875122964
9.47748015873016,1.01078326573615,1.07100193454388,0.756362578296136,37.685234374564
9.47757936507936,1.0106945614993,1.07097761085031,0.756000848497928,37.68588115178
9.47767857142857,1.01060586743239,1.07095326113212,0.755639291199394,37.6865278439665
9.47777777777778,1.01051718353293,1.07092888540402,0.755277906322075,37.6871744511458
9.47787698412698,1.01042850979843,1.07090448368075,0.75491669378754,37.6878209733401
9.47797619047619,1.0103398462264,1.07088005597701,0.754555653517382,37.6884674105716
9.4780753968254,1.01025119281436,1.07085560230751,0.754194785433218,37.6891137628625
9.4781746031746,1.01016254955983,1.07083112268697,0.753834089456693,37.689760030235
9.47827380952381,1.01007391646032,1.07080661713006,0.753473565509474,37.6904062127112
9.47837301587301,1.00998529351338,1.0707820856515,0.753113213513258,37.6910523103133
9.47847222222222,1.00989668071652,1.07075752826595,0.752753033389763,37.6916983230636
9.47857142857143,1.00980807806728,1.07073294498809,0.75239302506073,37.6923442509841
9.47867063492064,1.00971948556321,1.07070833583261,0.752033188447938,37.692990094097
9.47876984126984,1.00963090320184,1.07068370081417,0.751673523473179,37.6936358524245
9.47886904761905,1.00954233098071,1.07065903994742,0.751314030058273,37.6942815259886
9.47896825396825,1.00945376889738,1.07063435324702,0.750954708125067,37.6949271148116
9.47906746031746,1.0093652169494,1.07060964072761,0.750595557595433,37.6955726189155
9.47916666666667,1.00927667513433,1.07058490240385,0.750236578391267,37.6962180383224
9.47926587301587,1.00918814344971,1.07056013829036,0.749877770434493,37.6968633730544
9.47936507936508,1.00909962189313,1.07053534840178,0.749519133647057,37.6975086231337
9.47946428571429,1.00901111046215,1.07051053275273,0.749160667950934,37.6981537885824
9.47956349206349,1.00892260915432,1.07048569135782,0.748802373268121,37.6987988694224
9.4796626984127,1.00883411796724,1.07046082423167,0.748444249520642,37.699443865676
9.4797619047619,1.00874563689848,1.07043593138889,0.748086296630546,37.7000887773651
9.47986111111111,1.00865716594562,1.07041101284407,0.747728514519909,37.7007336045118
9.47996031746032,1.00856870510624,1.0703860686118,0.747370903110828,37.7013783471381
9.48005952380952,1.00848025437793,1.07036109870667,0.747013462325426,37.7020230052662
9.48015873015873,1.0083918137583,1.07033610314327,0.746656192085862,37.7026675789181
9.48025793650794,1.00830338324492,1.07031108193617,0.746299092314307,37.7033120681157
9.48035714285714,1.00821496283541,1.07028603509994,0.745942162932962,37.7039564728811
9.48045634920635,1.00812655252736,1.07026096264913,0.745585403864053,37.7046007932363
9.48055555555556,1.00803815231839,1.07023586459831,0.745228815029833,37.7052450292034
9.48065476190476,1.0079497622061,1.07021074096203,0.744872396352579,37.7058891808043
9.48075396825397,1.00786138218811,1.07018559175484,0.744516147754594,37.706533248061
9.48085317460317,1.00777301226203,1.07016041699126,0.744160069158204,37.7071772309954
9.48095238095238,1.00768465242549,1.07013521668583,0.743804160485764,37.7078211296297
9.48105158730159,1.00759630267612,1.07010999085308,0.743448421659652,37.7084649439857
9.48115079365079,1.00750796301153,1.07008473950754,0.743092852602271,37.7091086740855
9.48125,1.00741963342937,1.0700594626637,0.742737453236052,37.7097523199509
9.48134920634921,1.00733131392727,1.07003416033609,0.742382223483448,37.7103958816038
9.48144841269841,1.00724300450287,1.07000883253919,0.74202716326694,37.7110393590664
9.48154761904762,1.00715470515381,1.06998347928752,0.741672272509028,37.7116827523604
9.48164682539683,1.00706641587775,1.06995810059556,0.741317551132253,37.7123260615079
9.48174603174603,1.00697813667232,1.06993269647778,0.740962999059164,37.7129692865306
9.48184523809524,1.00688986753519,1.06990726694868,0.740608616212345,37.7136124274506
9.48194444444444,1.00680160846402,1.06988181202272,0.7402544025144,37.7142554842898
9.48204365079365,1.00671335945646,1.06985633171436,0.739900357887964,37.7148984570699
9.48214285714286,1.00662512051018,1.06983082603807,0.739546482255691,37.715541345813
9.48224206349206,1.00653689162284,1.0698052950083,0.739192775540266,37.7161841505409
9.48234126984127,1.00644867279213,1.06977973863949,0.738839237664397,37.7168268712754
9.48244047619048,1.00636046401572,1.06975415694609,0.738485868550815,37.7174695080385
9.48253968253968,1.00627226529129,1.06972854994253,0.738132668122282,37.7181120608519
9.48263888888889,1.00618407661652,1.06970291764324,0.737779636301579,37.7187545297376
9.48273809523809,1.00609589798909,1.06967726006264,0.737426773011517,37.7193969147174
9.4828373015873,1.00600772940671,1.06965157721516,0.737074078174931,37.7200392158131
9.48293650793651,1.00591957086705,1.06962586911519,0.73672155171468,37.7206814330466
9.48303571428571,1.00583142236783,1.06960013577715,0.736369193553645,37.7213235664396
9.48313492063492,1.00574328390674,1.06957437721544,0.736017003614746,37.721965616014
9.48323412698413,1.00565515548149,1.06954859344443,0.735664981820916,37.7226075817915
9.48333333333333,1.00556703708979,1.06952278447853,0.735313128095114,37.7232494637941
9.48343253968254,1.00547892872935,1.06949695033212,0.734961442360328,37.7238912620434
9.48353174603175,1.00539083039788,1.06947109101955,0.734609924539569,37.7245329765612
9.48363095238095,1.0053027420931,1.06944520655521,0.734258574555877,37.7251746073694
9.48373015873016,1.00521466381275,1.06941929695346,0.733907392332312,37.7258161544897
9.48382936507936,1.00512659555454,1.06939336222865,0.733556377791963,37.7264576179438
9.48392857142857,1.00503853731621,1.06936740239513,0.733205530857945,37.7270989977535
9.48402777777778,1.00495048909549,1.06934141746725,0.732854851453394,37.7277402939405
9.48412698412698,1.00486245089012,1.06931540745933,0.732504339501477,37.7283815065267
9.48422619047619,1.00477442269783,1.06928937238572,0.732153994925381,37.7290226355336
9.4843253968254,1.00468640451639,1.06926331226074,0.731803817648323,37.7296636809831
9.4844246031746,1.00459839634353,1.06923722709871,0.731453807593541,37.7303046428968
9.48452380952381,1.004510398177,1.06921111691394,0.731103964684298,37.7309455212965
9.48462301587302,1.00442241001457,1.06918498172074,0.730754288843892,37.7315863162039
9.48472222222222,1.00433443185399,1.06915882153341,0.730404779995637,37.7322270276406
9.48482142857143,1.00424646369303,1.06913263636625,0.730055438062872,37.7328676556283
9.48492063492064,1.00415850552945,1.06910642623353,0.729706262968966,37.7335082001887
9.48501984126984,1.00407055736103,1.06908019114956,0.72935725463731,37.7341486613435
9.48511904761905,1.00398261918553,1.06905393112859,0.729008412991322,37.7347890391143
9.48521825396825,1.00389469100074,1.06902764618491,0.728659737954445,37.7354293335229
9.48531746031746,1.00380677280444,1.06900133633278,0.728311229450147,37.7360695445907
9.48541666666667,1.00371886459441,1.06897500158645,0.727962887401921,37.7367096723396
9.48551587301587,1.00363096636845,1.06894864196018,0.727614711733287,37.7373497167911
9.48561507936508,1.00354307812434,1.06892225746822,0.727266702367789,37.7379896779668
9.48571428571429,1.00345519985988,1.0688958481248,0.726918859228996,37.7386295558883
9.48581349206349,1.00336733157287,1.06886941394417,0.726571182240503,37.7392693505773
9.4859126984127,1.00327947326111,1.06884295494053,0.726223671325931,37.7399090620554
9.48601190476191,1.00319162492242,1.06881647112813,0.725876326408921,37.7405486903441
9.48611111111111,1.00310378655459,1.06878996252117,0.725529147413153,37.7411882354651
9.48621031746032,1.00301595815546,1.06876342913387,0.725182134262318,37.7418276974399
9.48630952380952,1.00292813972282,1.06873687098042,0.724835286880138,37.7424670762901
9.48640873015873,1.00284033125452,1.06871028807503,0.724488605190361,37.7431063720373
9.48650793650794,1.00275253274836,1.06868368043189,0.724142089116758,37.7437455847029
9.48660714285714,1.00266474420219,1.06865704806518,0.723795738583128,37.7443847143087
9.48670634920635,1.00257696561382,1.06863039098908,0.723449553513293,37.745023760876
9.48680555555556,1.00248919698111,1.06860370921777,0.723103533831101,37.7456627244265
9.48690476190476,1.00240143830188,1.0685770027654,0.722757679460427,37.7463016049817
9.48700396825397,1.00231368957399,1.06855027164615,0.722411990325169,37.746940402563
9.48710317460317,1.00222595079527,1.06852351587417,0.722066466349252,37.7475791171921
9.48720238095238,1.00213822196359,1.06849673546361,0.721721107456626,37.7482177488903
9.48730158730159,1.00205050307679,1.0684699304286,0.721375913571265,37.7488562976793
9.48740079365079,1.00196279413273,1.06844310078329,0.72103088461717,37.7494947635804
9.4875,1.00187509512927,1.06841624654181,0.720686020518362,37.7501331466152
9.48759920634921,1.00178740606428,1.06838936771828,0.720341321198902,37.7507714468052
9.48769841269841,1.00169972693563,1.06836246432682,0.719996786582861,37.7514096641718
9.48779761904762,1.00161205774119,1.06833553638154,0.719652416594341,37.7520477987364
9.48789682539683,1.00152439847883,1.06830858389654,0.719308211157469,37.7526858505206
9.48799603174603,1.00143674914644,1.06828160688594,0.718964170196398,37.7533238195457
9.48809523809524,1.0013491097419,1.06825460536382,0.718620293635306,37.7539617058333
9.48819444444444,1.0012614802631,1.06822757934427,0.718276581398395,37.7545995094046
9.48829365079365,1.00117386070793,1.06820052884137,0.717933033409894,37.7552372302813
9.48839285714286,1.00108625107427,1.0681734538692,0.717589649594057,37.7558748684846
9.48849206349206,1.00099865136004,1.06814635444183,0.717246429875164,37.7565124240359
9.48859126984127,1.00091106156312,1.06811923057331,0.716903374177518,37.7571498969568
9.48869047619048,1.00082348168143,1.06809208227772,0.716560482425449,37.7577872872685
9.48878968253968,1.00073591171288,1.0680649095691,0.716217754543313,37.7584245949925
9.48888888888889,1.00064835165538,1.06803771246149,0.71587519045549,37.7590618201501
9.4889880952381,1.00056080150684,1.06801049096894,0.715532790086382,37.7596989627627
9.4890873015873,1.00047326126518,1.06798324510547,0.715190553360428,37.7603360228516
9.48918650793651,1.00038573092833,1.06795597488512,0.714848480202082,37.7609730004383
9.48928571428571,1.00029821049421,1.06792868032191,0.714506570535824,37.761609895544
9.48938492063492,1.00021069996076,1.06790136142985,0.714164824286162,37.7622467081901
9.48948412698413,1.00012319932591,1.06787401822295,0.713823241377629,37.762883438398
9.48958333333333,1.00003570858759,1.06784665071521,0.713481821734782,37.7635200861889
9.48968253968254,0.999948227743758,1.06781925892063,0.713140565282206,37.7641566515842
9.48978174603175,0.999860756792346,1.0677918428532,0.712799471944507,37.7647931346051
9.48988095238095,0.999773295731307,1.06776440252691,0.712458541646321,37.7654295352731
9.48998015873016,0.999685844558593,1.06773693795573,0.712117774312306,37.7660658536093
9.49007936507936,0.99959840327216,1.06770944915363,0.711777169867148,37.7667020896351
9.49017857142857,0.999510971869969,1.06768193613458,0.711436728235556,37.7673382433717
9.49027777777778,0.999423550349983,1.06765439891255,0.711096449342266,37.7679743148404
9.49037698412698,0.999336138710168,1.06762683750148,0.710756333112038,37.7686103040625
9.49047619047619,0.999248736948494,1.06759925191533,0.710416379469653,37.7692462110593
9.4905753968254,0.999161345062939,1.06757164216803,0.710076588339933,37.7698820358519
9.4906746031746,0.999073963051478,1.06754400827352,0.709736959647709,37.7705177784617
9.49077380952381,0.998986590912094,1.06751635024574,0.709397493317843,37.7711534389098
9.49087301587302,0.998899228642771,1.0674886680986,0.709058189275223,37.7717890172175
9.49097222222222,0.998811876241499,1.06746096184602,0.708719047444761,37.772424513406
9.49107142857143,0.998724533706269,1.06743323150191,0.708380067751396,37.7730599274965
9.49117063492064,0.998637201035079,1.06740547708019,0.70804125012009,37.7736952595102
9.49126984126984,0.998549878225928,1.06737769859474,0.707702594475833,37.7743305094683
9.49136904761905,0.998462565276819,1.06734989605946,0.707364100743638,37.7749656773921
9.49146825396825,0.99837526218576,1.06732206948825,0.707025768848546,37.7756007633026
9.49156746031746,0.998287968950761,1.06729421889497,0.70668759871562,37.7762357672211
9.49166666666667,0.998200685569836,1.06726634429351,0.706349590269951,37.7768706891687
9.49176587301587,0.998113412041004,1.06723844569773,0.706011743436655,37.7775055291666
9.49186507936508,0.998026148362285,1.06721052312149,0.705674058140872,37.778140287236
9.49196428571429,0.997938894531705,1.06718257657866,0.705336534307763,37.7787749633979
9.49206349206349,0.997851650547294,1.06715460608309,0.704999171862529,37.7794095576736
9.4921626984127,0.997764416407084,1.06712661164861,0.704661970730383,37.780044070084
9.49226190476191,0.99767719210911,1.06709859328907,0.704324930836567,37.7806785006505
9.49236111111111,0.997589977651414,1.06707055101829,0.703988052106348,37.781312849394
9.49246031746032,0.997502773032037,1.06704248485011,0.703651334465018,37.7819471163358
9.49255952380952,0.997415578249027,1.06701439479835,0.703314777837897,37.7825813014968
9.49265873015873,0.997328393300435,1.06698628087682,0.702978382150327,37.7832154048982
9.49275793650794,0.997241218184315,1.06695814309932,0.702642147327678,37.783849426561
9.49285714285714,0.997154052898726,1.06692998147966,0.702306073295344,37.7844833665064
9.49295634920635,0.997066897441728,1.06690179603164,0.701970159978744,37.7851172247554
9.49305555555556,0.996979751811387,1.06687358676904,0.701634407303323,37.7857510013291
9.49315476190476,0.996892616005771,1.06684535370565,0.701298815194551,37.7863846962484
9.49325396825397,0.996805490022954,1.06681709685525,0.700963383577924,37.7870183095346
9.49335317460317,0.996718373861012,1.0667888162316,0.700628112378963,37.7876518412086
9.49345238095238,0.996631267518022,1.06676051184848,0.70029300152321,37.7882852912914
9.49355158730159,0.996544170992072,1.06673218371963,0.699958050936244,37.788918659804
9.49365079365079,0.996457084281246,1.06670383185883,0.699623260543659,37.7895519467676
9.49375,0.996370007383636,1.0666754562798,0.699288630271077,37.790185152203
9.49384920634921,0.996282940297335,1.0666470569963,0.698954160044146,37.7908182761314
9.49394841269841,0.996195883020442,1.06661863402206,0.698619849788538,37.7914513185736
9.49404761904762,0.996108835551059,1.0665901873708,0.698285699429951,37.7920842795506
9.49414682539683,0.99602179788729,1.06656171705625,0.69795170889411,37.7927171590836
9.49424603174603,0.995934770027245,1.06653322309213,0.697617878106763,37.7933499571933
9.49434523809524,0.995847751969035,1.06650470549215,0.697284206993685,37.7939826739008
9.49444444444444,0.995760743710778,1.06647616427001,0.696950695480675,37.7946153092271
9.49454365079365,0.995673745250593,1.06644759943941,0.696617343493558,37.7952478631931
9.49464285714286,0.995586756586603,1.06641901101404,0.696284150958185,37.7958803358197
9.49474206349206,0.995499777716935,1.06639039900759,0.695951117800431,37.7965127271278
9.49484126984127,0.99541280863972,1.06636176343374,0.695618243946197,37.7971450371385
9.49494047619048,0.995325849353092,1.06633310430616,0.695285529321406,37.7977772658725
9.49503968253968,0.995238899855191,1.06630442163852,0.694952973852017,37.7984094133509
9.49513888888889,0.995151960144156,1.06627571544449,0.694620577464004,37.7990414795945
9.4952380952381,0.995065030218134,1.06624698573771,0.694288340083369,37.7996734646242
9.4953373015873,0.994978110075272,1.06621823253185,0.69395626163614,37.8003053684609
9.49543650793651,0.994891199713725,1.06618945584053,0.693624342048369,37.8009371911255
9.49553571428571,0.994804299131647,1.0661606556774,0.693292581246135,37.8015689326389
9.49563492063492,0.994717408327199,1.0661318320561,0.692960979155542,37.8022005930219
9.49573412698413,0.994630527298543,1.06610298499024,0.692629535702719,37.8028321722954
9.49583333333333,0.994543656043848,1.06607411449345,0.69229825081382,37.8034636704803
9.49593253968254,0.994456794561284,1.06604522057933,0.691967124415026,37.8040950875973
9.49603174603175,0.994369942849025,1.0660163032615,0.69163615643254,37.8047264236673
9.49613095238095,0.994283100905248,1.06598736255356,0.691305346792595,37.8053576787112
9.49623015873016,0.994196268728137,1.0659583984691,0.690974695421445,37.8059888527498
9.49632936507937,0.994109446315875,1.06592941102171,0.690644202245371,37.8066199458038
9.49642857142857,0.994022633666651,1.06590040022498,0.690313867190677,37.8072509578941
9.49652777777778,0.99393583077866,1.06587136609247,0.689983690183702,37.8078818890416
9.49662698412699,0.993849037650095,1.06584230863777,0.689653671150799,37.8085127392669
9.49672619047619,0.993762254279159,1.06581322787443,0.68932381001835,37.8091435085908
9.4968253968254,0.993675480664052,1.06578412381602,0.688994106712765,37.8097741970342
9.4969246031746,0.993588716802984,1.06575499647608,0.688664561160475,37.8104048046178
9.49702380952381,0.993501962694164,1.06572584586816,0.688335173287939,37.8110353313624
9.49712301587302,0.993415218335807,1.06569667200581,0.688005943021642,37.8116657772887
9.49722222222222,0.99332848372613,1.06566747490255,0.687676870288092,37.8122961424175
9.49732142857143,0.993241758863356,1.06563825457192,0.687347955013824,37.8129264267695
9.49742063492064,0.993155043745709,1.06560901102743,0.687019197125397,37.8135566303654
9.49751984126984,0.993068338371419,1.06557974428261,0.686690596549398,37.814186753226
9.49761904761905,0.992981642738718,1.06555045435096,0.686362153212437,37.8148167953719
9.49771825396825,0.992894956845842,1.06552114124598,0.686033867041149,37.815446756824
9.49781746031746,0.992808280691031,1.06549180498118,0.685705737962196,37.8160766376028
9.49791666666667,0.992721614272527,1.06546244557005,0.68537776590226,37.8167064377291
9.49801587301587,0.992634957588579,1.06543306302606,0.685049950788062,37.8173361572236
9.49811507936508,0.992548310637438,1.0654036573627,0.684722292546335,37.8179657961069
9.49821428571429,0.992461673417357,1.06537422859345,0.684394791103841,37.8185953543997
9.49831349206349,0.992375045926594,1.06534477673176,0.684067446387369,37.8192248321228
9.4984126984127,0.992288428163412,1.06531530179111,0.683740258323731,37.8198542292966
9.49851190476191,0.992201820126075,1.06528580378494,0.683413226839767,37.820483545942
9.49861111111111,0.992115221812851,1.0652562827267,0.68308635186234,37.8211127820794
9.49871031746032,0.992028633222015,1.06522673862985,0.68275963331834,37.8217419377297
9.49880952380952,0.991942054351841,1.06519717150781,0.682433071134681,37.8223710129133
9.49890873015873,0.99185548520061,1.06516758137401,0.682106665238303,37.8230000076509
9.49900793650794,0.991768925766605,1.06513796824188,0.681780415556172,37.8236289219631
9.49910714285714,0.991682376048113,1.06510833212484,0.681454322015279,37.8242577558706
9.49920634920635,0.991595836043424,1.0650786730363,0.681128384542639,37.8248865093939
9.49930555555556,0.991509305750834,1.06504899098966,0.680802603065295,37.8255151825535
9.49940476190476,0.991422785168638,1.06501928599834,0.680476977510307,37.8261437753702
9.49950396825397,0.991336274295142,1.06498955807571,0.680151507804778,37.8267722878644
9.49960317460318,0.991249773128648,1.06495980723517,0.67982619387582,37.8274007200567
9.49970238095238,0.991163281667466,1.0649300334901,0.679501035650576,37.8280290719678
9.49980158730159,0.991076799909909,1.06490023685388,0.679176033056213,37.828657343618
9.49990079365079,0.990990327854291,1.06487041733988,0.678851186019927,37.829285535028
9.5,0.990903865498934,1.06484057496145,0.678526494468934,37.8299136462184
9.50009920634921,0.990817412842161,1.06481070973196,0.67820195833048,37.8305416772096
9.50019841269841,0.990730969882299,1.06478082166476,0.677877577531834,37.8311696280221
9.50029761904762,0.990644536617678,1.06475091077319,0.67755335200029,37.8317974986765
9.50039682539682,0.990558113046632,1.0647209770706,0.677229281663169,37.8324252891933
9.50049603174603,0.9904716991675,1.06469102057032,0.676905366447817,37.833052999593
9.50059523809524,0.990385294978624,1.06466104128566,0.676581606281603,37.833680629896
9.50069444444444,0.990298900478347,1.06463103922997,0.676258001091921,37.834308180123
9.50079365079365,0.990212515665021,1.06460101441654,0.675934550806199,37.8349356502942
9.50089285714286,0.990126140536996,1.06457096685869,0.675611255351882,37.8355630404302
9.50099206349206,0.99003977509263,1.06454089656972,0.67528811465644,37.8361903505515
9.50109126984127,0.989953419330282,1.06451080356293,0.674965128647372,37.8368175806785
9.50119047619048,0.989867073248315,1.06448068785161,0.674642297252199,37.8374447308317
9.50128968253968,0.989780736845096,1.06445054944905,0.674319620398472,37.8380718010314
9.50138888888889,0.989694410118997,1.06442038836851,0.673997098013762,37.8386987912982
9.50148809523809,0.98960809306839,1.06439020462328,0.67367473002567,37.8393257016525
9.5015873015873,0.989521785691656,1.06435999822662,0.673352516361819,37.8399525321146
9.50168650793651,0.989435487987174,1.06432976919179,0.673030456949858,37.8405792827049
9.50178571428571,0.98934919995333,1.06429951753204,0.672708551717463,37.841205953444
9.50188492063492,0.989262921588514,1.06426924326063,0.672386800592335,37.8418325443521
9.50198412698413,0.989176652891117,1.06423894639079,0.672065203502198,37.8424590554497
9.50208333333333,0.989090393859536,1.06420862693576,0.671743760374803,37.8430854867571
9.50218253968254,0.989004144492169,1.06417828490877,0.671422471137923,37.8437118382947
9.50228174603175,0.988917904787423,1.06414792032305,0.671101335719368,37.8443381100829
9.50238095238095,0.988831674743702,1.0641175331918,0.670780354046961,37.844964302142
9.50248015873016,0.988745454359419,1.06408712352825,0.670459526048553,37.8455904144924
9.50257936507936,0.988659243632986,1.0640566913456,0.670138851652023,37.8462164471544
9.50267857142857,0.988573042562822,1.06402623665705,0.669818330785273,37.8468424001483
9.50277777777778,0.988486851147349,1.06399575947578,0.669497963376232,37.8474682734945
9.50287698412698,0.988400669384992,1.06396525981499,0.669177749352853,37.8480940672133
9.50297619047619,0.98831449727418,1.06393473768787,0.668857688643117,37.848719781325
9.5030753968254,0.988228334813345,1.06390419310757,0.668537781175025,37.8493454158499
9.5031746031746,0.988142182000924,1.06387362608728,0.66821802687661,37.8499709708083
9.50327380952381,0.988056038835355,1.06384303664016,0.667898425675926,37.8505964462205
9.50337301587301,0.987969905315084,1.06381242477936,0.667578977501052,37.8512218421068
9.50347222222222,0.987883781438556,1.06378179051803,0.667259682280095,37.8518471584874
9.50357142857143,0.987797667204222,1.06375113386931,0.666940539941186,37.8524723953826
9.50367063492063,0.987711562610536,1.06372045484636,0.666621550412477,37.8530975528127
9.50376984126984,0.987625467655958,1.06368975346229,0.666302713622159,37.8537226307978
9.50386904761905,0.987539382338949,1.06365902973023,0.665984029498433,37.8543476293584
9.50396825396825,0.987453306657972,1.06362828366331,0.665665497969534,37.8549725485145
9.50406746031746,0.987367240611499,1.06359751527464,0.665347118963717,37.8555973882865
9.50416666666667,0.987281184198,1.06356672457733,0.665028892409268,37.8562221486945
9.50426587301587,0.987195137415952,1.06353591158447,0.664710818234493,37.8568468297588
9.50436507936508,0.987109100263835,1.06350507630917,0.664392896367727,37.8574714314995
9.50446428571429,0.987023072740133,1.06347421876452,0.664075126737329,37.8580959539369
9.50456349206349,0.986937054843332,1.06344333896359,0.663757509271683,37.8587203970911
9.5046626984127,0.986851046571923,1.06341243691947,0.6634400438992,37.8593447609824
9.5047619047619,0.9867650479244,1.06338151264522,0.663122730548314,37.8599690456309
9.50486111111111,0.986679058899262,1.06335056615392,0.662805569147486,37.8605932510568
9.50496031746032,0.98659307949501,1.06331959745861,0.662488559625202,37.8612173772802
9.50505952380952,0.986507109710149,1.06328860657237,0.662171701909973,37.8618414243213
9.50515873015873,0.986421149543187,1.06325759350822,0.661854995930331,37.8624653922002
9.50525793650794,0.986335198992639,1.06322655827922,0.661538441614847,37.8630892809371
9.50535714285714,0.986249258057019,1.0631955008984,0.661222038892103,37.8637130905521
9.50545634920635,0.986163326734848,1.06316442137878,0.660905787690713,37.8643368210654
9.50555555555556,0.986077405024649,1.06313331973339,0.660589687939314,37.864960472497
9.50565476190476,0.98599149292495,1.06310219597525,0.66027373956657,37.865584044867
9.50575396825397,0.985905590434279,1.06307105011737,0.659957942501168,37.8662075381956
9.50585317460317,0.985819697551173,1.06303988217275,0.659642296671823,37.8668309525029
9.50595238095238,0.98573381427417,1.06300869215439,0.659326802007275,37.8674542878088
9.50605158730159,0.985647940601809,1.06297748007528,0.659011458436287,37.8680775441336
9.50615079365079,0.985562076532638,1.06294624594841,0.65869626588765,37.8687007214973
9.50625,0.985476222065204,1.06291498978676,0.658381224290179,37.8693238199199
9.50634920634921,0.985390377198061,1.0628837116033,0.658066333572715,37.8699468394215
9.50644841269841,0.985304541929764,1.062852411411,0.657751593664123,37.8705697800222
9.50654761904762,0.985218716258873,1.06282108922283,0.657437004493295,37.871192641742
9.50664682539683,0.985132900183951,1.06278974505173,0.657122565989144,37.8718154246008
9.50674603174603,0.985047093703566,1.06275837891067,0.65680827808062,37.8724381286189
9.50684523809524,0.98496129681629,1.06272699081257,0.656494140696686,37.873060753816
9.50694444444444,0.984875509520694,1.06269558077039,0.656180153766334,37.8736833002124
9.50704365079365,0.984789731815359,1.06266414879705,0.655866317218583,37.8743057678279
9.50714285714286,0.984703963698865,1.06263269490547,0.655552630982477,37.8749281566827
9.50724206349206,0.984618205169797,1.06260121910858,0.655239094987083,37.8755504667965
9.50734126984127,0.984532456226745,1.06256972141929,0.654925709161496,37.8761726981896
9.50744047619048,0.984446716868301,1.0625382018505,0.654612473434835,37.8767948508817
9.50753968253968,0.984360987093061,1.06250666041513,0.654299387736245,37.8774169248929
9.50763888888889,0.984275266899625,1.06247509712605,0.653986451994896,37.8780389202432
9.50773809523809,0.984189556286596,1.06244351199617,0.653673666139984,37.8786608369524
9.5078373015873,0.984103855252581,1.06241190503836,0.653361030100729,37.8792826750406
9.50793650793651,0.984018163796192,1.0623802762655,0.653048543806377,37.8799044345276
9.50803571428571,0.983932481916042,1.06234862569047,0.6527362071862,37.8805261154335
9.50813492063492,0.983846809610748,1.06231695332612,0.652424020169491,37.881147717778
9.50823412698413,0.983761146878935,1.06228525918531,0.652111982685579,37.8817692415812
9.50833333333333,0.983675493719225,1.0622535432809,0.651800094663809,37.8823906868629
9.50843253968254,0.983589850130249,1.06222180562573,0.651488356033553,37.8830120536431
9.50853174603175,0.983504216110639,1.06219004623265,0.651176766724209,37.8836333419416
9.50863095238095,0.98341859165903,1.06215826511449,0.6508653266652,37.8842545517782
9.50873015873016,0.983332976774063,1.06212646228407,0.650554035785976,37.884875683173
9.50882936507936,0.98324737145438,1.06209463775421,0.65024289401601,37.8854967361457
9.50892857142857,0.98316177569863,1.06206279153775,0.649931901284803,37.8861177107162
9.50902777777778,0.983076189505463,1.06203092364747,0.649621057521879,37.8867386069044
9.50912698412698,0.982990612873532,1.06199903409619,0.649310362656788,37.8873594247301
9.50922619047619,0.982905045801497,1.06196712289671,0.648999816619106,37.8879801642131
9.5093253968254,0.982819488288018,1.06193519006181,0.648689419338433,37.8886008253734
9.5094246031746,0.982733940331762,1.06190323560428,0.648379170744396,37.8892214082306
9.50952380952381,0.982648401931396,1.0618712595369,0.648069070766647,37.8898419128046
9.50962301587302,0.982562873085592,1.06183926187245,0.647759119334858,37.8904623391152
9.50972222222222,0.982477353793029,1.06180724262368,0.647449316378739,37.8910826871823
9.50982142857143,0.982391844052385,1.06177520180337,0.647139661828015,37.8917029570256
9.50992063492064,0.982306343862343,1.06174313942427,0.646830155612438,37.8923231486649
9.51001984126984,0.982220853221592,1.06171105549912,0.646520797661786,37.8929432621199
9.51011904761905,0.982135372128821,1.06167895004067,0.646211587905864,37.8935632974106
9.51021825396825,0.982049900582724,1.06164682306166,0.645902526274499,37.8941832545565
9.51031746031746,0.981964438582,1.06161467457481,0.645593612697547,37.8948031335775
9.51041666666667,0.981878986125351,1.06158250459285,0.645284847104886,37.8954229344933
9.51051587301587,0.981793543211481,1.06155031312851,0.644976229426423,37.8960426573236
9.51061507936508,0.9817081098391,1.06151810019448,0.644667759592086,37.8966623020883
9.51071428571429,0.98162268600692,1.06148586580348,0.644359437531833,37.8972818688069
9.51081349206349,0.981537271713656,1.06145360996821,0.644051263175643,37.8979013574993
9.5109126984127,0.98145186695803,1.06142133270136,0.643743236453524,37.8985207681851
9.5110119047619,0.981366471738764,1.06138903401562,0.643435357295506,37.8991401008841
9.51111111111111,0.981281086054584,1.06135671392367,0.643127625631644,37.8997593556159
9.51121031746032,0.981195709904224,1.06132437243819,0.642820041392027,37.9003785324003
9.51130952380952,0.981110343286416,1.06129200957185,0.642512604506758,37.9009976312568
9.51140873015873,0.981024986199898,1.06125962533731,0.642205314905972,37.9016166522052
9.51150793650794,0.980939638643412,1.06122721974723,0.641898172519827,37.9022355952652
9.51160714285714,0.980854300615704,1.06119479281426,0.641591177278505,37.9028544604564
9.51170634920635,0.980768972115521,1.06116234455104,0.641284329112217,37.9034732477984
9.51180555555556,0.980683653141618,1.06112987497022,0.640977627951197,37.9040919573109
9.51190476190476,0.980598343692749,1.06109738408443,0.640671073725704,37.9047105890136
9.51200396825397,0.980513043767675,1.06106487190629,0.640364666366024,37.905329142926
9.51210317460317,0.980427753365158,1.06103233844843,0.640058405802467,37.9059476190678
9.51220238095238,0.980342472483967,1.06099978372347,0.639752291965368,37.9065660174585
9.51230158730159,0.980257201122872,1.060967207744,0.63944632478509,37.9071843381179
9.51240079365079,0.980171939280646,1.06093461052263,0.639140504192018,37.9078025810655
9.5125,0.980086686956069,1.06090199207197,0.638834830116564,37.9084207463208
9.51259920634921,0.98000144414792,1.0608693524046,0.638529302489161,37.9090388339035
9.51269841269841,0.979916210854987,1.0608366915331,0.638223921240281,37.9096568438332
9.51279761904762,0.979830987076059,1.06080400947005,0.637918686300406,37.9102747761294
9.51289682539683,0.979745772809926,1.06077130622803,0.63761359760005,37.9108926308116
9.51299603174603,0.979660568055386,1.06073858181961,0.637308655069752,37.9115104078995
9.51309523809524,0.979575372811238,1.06070583625733,0.637003858640074,37.9121281074125
9.51319444444444,0.979490187076286,1.06067306955377,0.636699208241608,37.9127457293702
9.51329365079365,0.979405010849336,1.06064028172145,0.636394703804966,37.9133632737922
9.51339285714286,0.9793198441292,1.06060747277294,0.636090345260789,37.9139807406979
9.51349206349206,0.979234686914692,1.06057464272076,0.635786132539742,37.9145981301069
9.51359126984127,0.979149539204629,1.06054179157743,0.635482065572516,37.9152154420387
9.51369047619048,0.979064400997834,1.0605089193555,0.635178144289827,37.9158326765128
9.51378968253968,0.978979272293131,1.06047602606747,0.634874368622415,37.9164498335486
9.51388888888889,0.97889415308935,1.06044311172585,0.634570738501048,37.9170669131657
9.51398809523809,0.978809043385323,1.06041017634316,0.634267253856517,37.9176839153835
9.5140873015873,0.978723943179885,1.06037721993188,0.633963914619636,37.9183008402215
9.51418650793651,0.978638852471878,1.06034424250452,0.633660720721255,37.9189176876992
9.51428571428571,0.978553771260144,1.06031124407355,0.633357672092239,37.9195344578361
9.51438492063492,0.978468699543531,1.06027822465147,0.63305476866348,37.9201511506515
9.51448412698413,0.978383637320889,1.06024518425075,0.632752010365897,37.9207677661649
9.51458333333333,0.978298584591072,1.06021212288385,0.632449397130434,37.9213843043957
9.51468253968254,0.978213541352938,1.06017904056324,0.632146928888061,37.9220007653634
9.51478174603175,0.97812850760535,1.06014593730137,0.631844605569772,37.9226171490874
9.51488095238095,0.978043483347172,1.0601128131107,0.631542427106586,37.9232334555871
9.51498015873016,0.977958468577273,1.06007966800367,0.631240393429551,37.9238496848819
9.51507936507936,0.977873463294526,1.06004650199272,0.630938504469736,37.9244658369912
9.51517857142857,0.977788467497806,1.06001331509027,0.630636760158237,37.9250819119344
9.51527777777778,0.977703481185994,1.05998010730877,0.630335160426175,37.9256979097308
9.51537698412698,0.977618504357973,1.05994687866062,0.630033705204698,37.9263138303999
9.51547619047619,0.977533537012631,1.05991362915825,0.629732394424977,37.9269296739609
9.5155753968254,0.977448579148855,1.05988035881405,0.629431228018206,37.9275454404334
9.5156746031746,0.977363630765545,1.05984706764043,0.629130205915615,37.9281611298365
9.51577380952381,0.977278691861595,1.0598137556498,0.628829328048449,37.9287767421897
9.51587301587302,0.977193762435908,1.05978042285453,0.628528594347981,37.9293922775122
9.51597222222222,0.977108842487388,1.05974706926701,0.62822800474551,37.9300077358235
9.51607142857143,0.977023932014946,1.05971369489962,0.62792755917236,37.9306231171428
9.51617063492064,0.976939031017493,1.05968029976472,0.62762725755988,37.9312384214894
9.51626984126984,0.976854139493946,1.0596468838747,0.627327099839445,37.9318536488827
9.51636904761905,0.976769257443223,1.0596134472419,0.627027085942455,37.9324687993419
9.51646825396825,0.97668438486425,1.05957998987867,0.626727215800336,37.9330838728864
9.51656746031746,0.976599521755952,1.05954651179738,0.626427489344539,37.9336988695354
9.51666666666667,0.976514668117261,1.05951301301034,0.626127906506539,37.9343137893082
9.51676587301587,0.97642982394711,1.05947949352991,0.625828467217838,37.934928632224
9.51686507936508,0.976344989244438,1.05944595336841,0.625529171409963,37.9355433983022
9.51696428571429,0.976260164008187,1.05941239253816,0.625230019014467,37.9361580875619
9.51706349206349,0.9761753482373,1.05937881105149,0.624931009962922,37.9367727000225
9.5171626984127,0.976090541930728,1.05934520892069,0.62463214418694,37.9373872357031
9.51726190476191,0.976005745087424,1.05931158615808,0.624333421618145,37.938001694623
9.51736111111111,0.975920957706343,1.05927794277595,0.624034842188189,37.9386160768014
9.51746031746032,0.975836179786445,1.05924427878659,0.623736405828753,37.9392303822575
9.51755952380952,0.975751411326693,1.0592105942023,0.623438112471541,37.9398446110105
9.51765873015873,0.975666652326054,1.05917688903535,0.623139962048281,37.9404587630797
9.51775793650794,0.9755819027835,1.05914316329802,0.62284195449073,37.9410728384842
9.51785714285714,0.975497162698004,1.05910941700257,0.622544089730666,37.9416868372432
9.51795634920635,0.975412432068545,1.05907565016127,0.622246367699896,37.9423007593759
9.51805555555556,0.975327710894103,1.05904186278637,0.621948788330251,37.9429146049014
9.51815476190476,0.975242999173665,1.05900805489012,0.621651351553587,37.9435283738389
9.51825396825397,0.975158296906219,1.05897422648477,0.621354057301786,37.9441420662077
9.51835317460317,0.975073604090758,1.05894037758255,0.621056905506754,37.9447556820267
9.51845238095238,0.974988920726278,1.0589065081957,0.620759896100424,37.9453692213152
9.51855158730159,0.974904246811777,1.05887261833643,0.620463029014749,37.9459826840923
9.51865079365079,0.974819582346261,1.05883870801698,0.620166304181721,37.9465960703771
9.51875,0.974734927328736,1.05880477724955,0.619869721533343,37.9472093801887
9.51884920634921,0.974650281758213,1.05877082604635,0.61957328100165,37.9478226135463
9.51894841269841,0.974565645633707,1.05873685441958,0.619276982518701,37.9484357704689
9.51904761904762,0.974481018954234,1.05870286238144,0.618980826016579,37.9490488509756
9.51914682539683,0.974396401718817,1.05866884994411,0.618684811427395,37.9496618550856
9.51924603174603,0.974311793926481,1.05863481711978,0.618388938683283,37.9502747828179
9.51934523809524,0.974227195576255,1.05860076392062,0.618093207716404,37.9508876341916
9.51944444444444,0.974142606667172,1.05856669035882,0.617797618458944,37.9515004092257
9.51954365079365,0.974058027198266,1.05853259644652,0.617502170843114,37.9521131079393
9.51964285714286,0.97397345716858,1.05849848219588,0.617206864801149,37.9527257303514
9.51974206349206,0.973888896577154,1.05846434761907,0.616911700265313,37.9533382764812
9.51984126984127,0.973804345423038,1.05843019272823,0.616616677167891,37.9539507463475
9.51994047619048,0.973719803705281,1.05839601753549,0.616321795441196,37.9545631399695
9.52003968253968,0.973635271422937,1.058361822053,0.616027055017563,37.9551754573662
9.52013888888889,0.973550748575065,1.05832760629287,0.615732455829362,37.9557876985566
9.5202380952381,0.973466235160727,1.05829337026724,0.615437997808978,37.9563998635597
9.5203373015873,0.973381731178988,1.05825911398821,0.615143680888824,37.9570119523944
9.52043650793651,0.973297236628917,1.0582248374679,0.614849505001339,37.9576239650799
9.52053571428571,0.973212751509585,1.05819054071842,0.614555470078989,37.958235901635
9.52063492063492,0.973128275820069,1.05815622375185,0.614261576054262,37.9588477620787
9.52073412698413,0.97304380955945,1.05812188658029,0.613967822859674,37.95945954643
9.52083333333333,0.972959352726809,1.05808752921582,0.613674210427766,37.9600712547079
9.52093253968254,0.972874905321236,1.05805315167053,0.613380738691103,37.9606828869313
9.52103174603175,0.972790467341819,1.05801875395649,0.613087407582277,37.9612944431191
9.52113095238095,0.972706038787654,1.05798433608576,0.612794217033904,37.9619059232904
9.52123015873016,0.972621619657839,1.05794989807041,0.612501166978626,37.962517327464
9.52132936507936,0.972537209951474,1.0579154399225,0.612208257349109,37.9631286556588
9.52142857142857,0.972452809667666,1.05788096165406,0.611915488078048,37.9637399078937
9.52152777777778,0.972368418805522,1.05784646327714,0.611622859098155,37.9643510841878
9.52162698412699,0.972284037364156,1.05781194480379,0.611330370342182,37.9649621845598
9.52172619047619,0.972199665342685,1.05777740624602,0.611038021742893,37.9655732090287
9.5218253968254,0.972115302740227,1.05774284761587,0.610745813233082,37.9661841576133
9.5219246031746,0.972030949555906,1.05770826892536,0.610453744745569,37.9667950303325
9.52202380952381,0.97194660578885,1.05767367018649,0.610161816213197,37.9674058272052
9.52212301587302,0.971862271438188,1.05763905141127,0.609870027568838,37.9680165482503
9.52222222222222,0.971777946503055,1.0576044126117,0.609578378745387,37.9686271934866
9.52232142857143,0.97169363098259,1.05756975379978,0.609286869675763,37.9692377629329
9.52242063492064,0.971609324875933,1.0575350749875,0.608995500292913,37.9698482566082
9.52251984126984,0.971525028182231,1.05750037618683,0.608704270529808,37.9704586745311
9.52261904761905,0.971440740900631,1.05746565740976,0.608413180319445,37.9710690167206
9.52271825396825,0.971356463030286,1.05743091866824,0.608122229594846,37.9716792831955
9.52281746031746,0.971272194570353,1.05739615997426,0.607831418289058,37.9722894739745
9.52291666666667,0.971187935519992,1.05736138133976,0.607540746335153,37.9728995890766
9.52301587301587,0.971103685878364,1.05732658277669,0.607250213666227,37.9735096285204
9.52311507936508,0.971019445644639,1.057291764297,0.60695982021541,37.9741195923247
9.52321428571429,0.970935214817986,1.05725692591263,0.606669565915846,37.9747294805084
9.52331349206349,0.970850993397581,1.05722206763552,0.606379450700711,37.9753392930902
9.5234126984127,0.9707667813826,1.05718718947759,0.606089474503202,37.9759490300889
9.52351190476191,0.970682578772226,1.05715229145076,0.605799637256546,37.9765586915232
9.52361111111111,0.970598385565643,1.05711737356694,0.605509938893992,37.9771682774119
9.52371031746032,0.970514201762041,1.05708243583805,0.605220379348815,37.9777777877738
9.52380952380952,0.970430027360611,1.05704747827599,0.604930958554316,37.9783872226274
9.52390873015873,0.970345862360552,1.05701250089266,0.604641676443822,37.9789965819917
9.52400793650794,0.970261706761061,1.05697750369994,0.604352532950683,37.9796058658853
9.52410714285714,0.970177560561342,1.05694248670972,0.604063528008277,37.9802150743269
9.52420634920635,0.970093423760603,1.05690744993388,0.603774661550006,37.9808242073352
9.52430555555556,0.970009296358055,1.05687239338429,0.603485933509296,37.9814332649289
9.52440476190476,0.96992517835291,1.05683731707282,0.603197343819601,37.9820422471267
9.52450396825397,0.969841069744387,1.05680222101132,0.602908892414395,37.9826511539474
9.52460317460318,0.96975697053171,1.05676710521166,0.60262057922719,37.9832599854095
9.52470238095238,0.969672880714102,1.05673196968568,0.602332404191509,37.9838687415317
9.52480158730159,0.969588800290792,1.05669681444522,0.602044367240909,37.9844774223327
9.52490079365079,0.969504729261012,1.05666163950212,0.601756468308967,37.9850860278312
9.525,0.969420667624,1.0566264448682,0.601468707329288,37.9856945580457
9.52509920634921,0.969336615378994,1.0565912305553,0.601181084235504,37.986303012995
9.52519841269841,0.969252572525238,1.05655599657523,0.600893598961269,37.9869113926976
9.52529761904762,0.96916853906198,1.05652074293979,0.600606251440264,37.9875196971722
9.52539682539683,0.969084514988469,1.05648546966081,0.600319041606196,37.9881279264374
9.52549603174603,0.969000500303961,1.05645017675006,0.600031969392795,37.9887360805117
9.52559523809524,0.968916495007713,1.05641486421936,0.59974503473382,37.9893441594139
9.52569444444444,0.968832499098986,1.05637953208048,0.599458237563052,37.9899521631625
9.52579365079365,0.968748512577047,1.05634418034521,0.599171577814299,37.990560091776
9.52589285714286,0.968664535441164,1.05630880902533,0.598885055421393,37.9911679452731
9.52599206349206,0.968580567690608,1.05627341813259,0.598598670318189,37.9917757236723
9.52609126984127,0.968496609324657,1.05623800767876,0.598312422438578,37.9923834269921
9.52619047619048,0.968412660342591,1.05620257767561,0.598026311716466,37.9929910552513
9.52628968253968,0.968328720743693,1.05616712813488,0.597740338085787,37.9935986084681
9.52638888888889,0.968244790527249,1.05613165906831,0.5974545014805,37.9942060866613
9.5264880952381,0.968160869692551,1.05609617048765,0.59716880183459,37.9948134898494
9.5265873015873,0.968076958238893,1.05606066240463,0.596883239082068,37.9954208180508
9.52668650793651,0.967993056165573,1.05602513483097,0.596597813156969,37.9960280712842
9.52678571428571,0.967909163471893,1.05598958777839,0.596312523993354,37.9966352495679
9.52688492063492,0.967825280157157,1.05595402125861,0.59602737152531,37.9972423529205
9.52698412698413,0.967741406220674,1.05591843528333,0.595742355686948,37.9978493813606
9.52708333333333,0.967657541661758,1.05588282986426,0.595457476412405,37.9984563349065
9.52718253968254,0.967573686479724,1.0558472050131,0.595172733635844,37.9990632135767
9.52728174603175,0.967489840673892,1.05581156074153,0.594888127291451,37.9996700173899
9.52738095238095,0.967406004243585,1.05577589706123,0.594603657313442,38.0002767463643
9.52748015873016,0.96732217718813,1.05574021398389,0.594319323636049,38.0008834005184
9.52757936507937,0.96723835950686,1.05570451152118,0.594035126193544,38.0014899798708
9.52767857142857,0.967154551199107,1.05566878968475,0.593751064920213,38.0020964844398
9.52777777777778,0.967070752264209,1.05563304848628,0.59346713975037,38.0027029142439
9.52787698412699,0.966986962701508,1.05559728793741,0.593183350618354,38.0033092693016
9.52797619047619,0.96690318251035,1.0555615080498,0.592899697458531,38.0039155496311
9.5280753968254,0.966819411690084,1.05552570883507,0.592616180205291,38.004521755251
9.5281746031746,0.966735650240061,1.05548989030488,0.59233279879305,38.0051278861796
9.52827380952381,0.966651898159637,1.05545405247084,0.592049553156249,38.0057339424353
9.52837301587302,0.966568155448174,1.05541819534458,0.591766443229354,38.0063399240366
9.52847222222222,0.966484422105034,1.05538231893771,0.591483468946857,38.0069458310018
9.52857142857143,0.966400698129584,1.05534642326185,0.591200630243276,38.0075516633493
9.52867063492064,0.966316983521195,1.05531050832861,0.590917927053153,38.0081574210975
9.52876984126984,0.966233278279241,1.05527457414957,0.590635359311055,38.0087631042646
9.52886904761905,0.9661495824031,1.05523862073634,0.590352926951576,38.0093687128691
9.52896825396826,0.966065895892154,1.05520264810049,0.590070629909331,38.0099742469293
9.52906746031746,0.965982218745788,1.05516665625361,0.58978846811897,38.0105797064636
9.52916666666667,0.965898550963391,1.05513064520728,0.58950644151516,38.0111850914902
9.52926587301587,0.965814892544356,1.05509461497306,0.589224550032594,38.0117904020275
9.52936507936508,0.965731243488078,1.05505856556251,0.588942793605994,38.0123956380939
9.52946428571429,0.965647603793958,1.05502249698719,0.588661172170103,38.0130007997075
9.52956349206349,0.965563973461399,1.05498640925865,0.588379685659693,38.0136058868868
9.5296626984127,0.965480352489807,1.05495030238843,0.588098334009559,38.0142108996499
9.52976190476191,0.965396740878594,1.05491417638807,0.587817117154522,38.0148158380153
9.52986111111111,0.965313138627174,1.0548780312691,0.58753603502943,38.0154207020011
9.52996031746032,0.965229545734965,1.05484186704305,0.587255087569154,38.0160254916256
9.53005952380952,0.965145962201389,1.05480568372143,0.586974274708591,38.0166302069072
9.53015873015873,0.96506238802587,1.05476948131577,0.586693596382664,38.017234847864
9.53025793650794,0.964978823207838,1.05473325983756,0.586413052526321,38.0178394145143
9.53035714285714,0.964895267746725,1.05469701929831,0.586132643074535,38.0184439068763
9.53045634920635,0.964811721641966,1.05466075970952,0.585852367962301,38.0190483249683
9.53055555555556,0.964728184893003,1.05462448108266,0.585572227124651,38.0196526688085
9.53065476190476,0.964644657499279,1.05458818342924,0.585292220496629,38.0202569384151
9.53075396825397,0.96456113946024,1.05455186676071,0.585012348013311,38.0208611338063
9.53085317460318,0.964477630775338,1.05451553108855,0.584732609609797,38.0214652550004
9.53095238095238,0.964394131444027,1.05447917642424,0.584453005221212,38.0220693020154
9.53105158730159,0.964310641465764,1.05444280277921,0.584173534782707,38.0226732748697
9.53115079365079,0.964227160840011,1.05440641016494,0.583894198229457,38.0232771735813
9.53125,0.964143689566233,1.05436999859286,0.583614995496664,38.0238809981684
9.53134920634921,0.9640602276439,1.05433356807441,0.583335926519555,38.0244847486493
9.53144841269841,0.963976775072484,1.05429711862104,0.583056991233381,38.0250884250421
9.53154761904762,0.963893331851461,1.05426065024416,0.582778189573421,38.0256920273649
9.53164682539682,0.96380989798031,1.0542241629552,0.582499521474976,38.0262955556358
9.53174603174603,0.963726473458516,1.05418765676557,0.582220986873376,38.026899009873
9.53184523809524,0.963643058285565,1.05415113168669,0.581942585703972,38.0275023900947
9.53194444444444,0.963559652460947,1.05411458772995,0.581664317902141,38.0281056963189
9.53204365079365,0.963476255984158,1.05407802490677,0.581386183403294,38.0287089285637
9.53214285714286,0.963392868854696,1.05404144322852,0.581108182142857,38.0293120868473
9.53224206349206,0.963309491072061,1.05400484270659,0.580830314056283,38.0299151711877
9.53234126984127,0.963226122635759,1.05396822335236,0.580552579079055,38.0305181816031
9.53244047619048,0.9631427635453,1.05393158517721,0.580274977146676,38.0311211181115
9.53253968253968,0.963059413800195,1.05389492819251,0.579997508194678,38.031723980731
9.53263888888889,0.962976073399961,1.0538582524096,0.579720172158616,38.0323267694797
9.53273809523809,0.962892742344117,1.05382155783986,0.579442968974073,38.0329294843756
9.5328373015873,0.962809420632187,1.05378484449462,0.579165898576655,38.0335321254367
9.53293650793651,0.962726108263698,1.05374811238524,0.578888960901994,38.0341346926812
9.53303571428571,0.962642805238181,1.05371136152304,0.578612155885748,38.034737186127
9.53313492063492,0.962559511555169,1.05367459191936,0.5783354834636,38.0353396057922
9.53323412698413,0.962476227214202,1.05363780358552,0.578058943571257,38.0359419516949
9.53333333333333,0.96239295221482,1.05360099653285,0.577782536144454,38.0365442238529
9.53343253968254,0.962309686556568,1.05356417077264,0.577506261118945,38.0371464222843
9.53353174603175,0.962226430238997,1.05352732631622,0.577230118430522,38.0377485470072
9.53363095238095,0.962143183261657,1.05349046317488,0.576954108014991,38.0383505980395
9.53373015873016,0.962059945624107,1.05345358135991,0.576678229808187,38.0389525753992
9.53382936507936,0.961976717325904,1.05341668088261,0.57640248374597,38.0395544791042
9.53392857142857,0.961893498366613,1.05337976175425,0.576126869764226,38.0401563091726
9.53402777777778,0.961810288745801,1.05334282398611,0.575851387798865,38.0407580656223
9.53412698412698,0.961727088463037,1.05330586758946,0.575576037785824,38.0413597484713
9.53422619047619,0.961643897517898,1.05326889257557,0.575300819661064,38.0419613577374
9.5343253968254,0.96156071590996,1.05323189895568,0.575025733360573,38.0425628934387
9.5344246031746,0.961477543638806,1.05319488674106,0.574750778820362,38.0431643555931
9.53452380952381,0.96139438070402,1.05315785594295,0.574475955976469,38.0437657442185
9.53462301587301,0.961311227105191,1.05312080657259,0.574201264764958,38.0443670593328
9.53472222222222,0.961228082841912,1.05308373864121,0.573926705121916,38.0449683009539
9.53482142857143,0.961144947913779,1.05304665216004,0.573652276983458,38.0455694690997
9.53492063492063,0.961061822320391,1.05300954714029,0.573377980285718,38.0461705637881
9.53501984126984,0.960978706061354,1.0529724235932,0.573103814964867,38.0467715850371
9.53511904761905,0.960895599136272,1.05293528152995,0.572829780957094,38.0473725328644
9.53521825396825,0.960812501544758,1.05289812096176,0.572555878198611,38.047973407288
9.53531746031746,0.960729413286425,1.05286094189983,0.572282106625659,38.0485742083257
9.53541666666667,0.960646334360891,1.05282374435534,0.572008466174505,38.0491749359954
9.53551587301587,0.960563264767779,1.05278652833948,0.57173495678144,38.0497755903149
9.53561507936508,0.960480204506712,1.05274929386342,0.571461578382778,38.0503761713021
9.53571428571429,0.960397153577321,1.05271204093835,0.571188330914863,38.0509766789747
9.53581349206349,0.960314111979237,1.05267476957542,0.570915214314062,38.0515771133507
9.5359126984127,0.960231079712097,1.0526374797858,0.570642228516766,38.0521774744478
9.5360119047619,0.96014805677554,1.05260017158064,0.570369373459394,38.0527777622839
9.53611111111111,0.96006504316921,1.05256284497109,0.570096649078389,38.0533779768767
9.53621031746032,0.959982038892755,1.05252549996828,0.569824055310218,38.0539781182441
9.53630952380952,0.959899043945824,1.05248813658337,0.569551592091377,38.0545781864038
9.53640873015873,0.95981605832807,1.05245075482747,0.569279259358379,38.0551781813737
9.53650793650794,0.959733082039156,1.05241335471171,0.569007057047778,38.0557781031715
9.53660714285714,0.959650115078739,1.05237593624721,0.568734985096139,38.0563779518149
9.53670634920635,0.959567157446487,1.05233849944507,0.568463043440057,38.0569777273217
9.53680555555556,0.959484209142067,1.05230104431642,0.568191232016153,38.0575774297097
9.53690476190476,0.959401270165153,1.05226357087233,0.567919550761072,38.0581770589966
9.53700396825397,0.95931834051542,1.05222607912392,0.567647999611487,38.0587766152002
9.53710317460317,0.959235420192548,1.05218856908225,0.567376578504092,38.0593760983381
9.53720238095238,0.959152509196221,1.05215104075843,0.567105287375611,38.0599755084282
9.53730158730159,0.959069607526125,1.05211349416351,0.56683412616279,38.0605748454881
9.53740079365079,0.958986715181952,1.05207592930858,0.566563094802402,38.0611741095354
9.5375,0.958903832163396,1.05203834620469,0.566292193231244,38.0617733005881
9.53759920634921,0.958820958470154,1.05200074486289,0.566021421386141,38.0623724186636
9.53769841269841,0.958738094101928,1.05196312529425,0.565750779203939,38.0629714637797
9.53779761904762,0.958655239058425,1.0519254875098,0.565480266621515,38.0635704359541
9.53789682539683,0.95857239333935,1.05188783152059,0.565209883575762,38.0641693352044
9.53799603174603,0.95848955694442,1.05185015733764,0.564939630003613,38.0647681615483
9.53809523809524,0.958406729873348,1.05181246497198,0.564669505842014,38.0653669150035
9.53819444444444,0.958323912125856,1.05177475443464,0.56439951102794,38.0659655955876
9.53829365079365,0.958241103701666,1.05173702573662,0.564129645498392,38.0665642033182
9.53839285714286,0.958158304600505,1.05169927888894,0.563859909190396,38.067162738213
9.53849206349206,0.958075514822104,1.05166151390259,0.563590302041003,38.0677612002896
9.53859126984127,0.957992734366198,1.05162373078858,0.56332082398729,38.0683595895656
9.53869047619048,0.957909963232524,1.05158592955789,0.563051474966359,38.0689579060586
9.53878968253968,0.957827201420824,1.0515481102215,0.562782254915337,38.0695561497862
9.53888888888889,0.957744448930844,1.0515102727904,0.562513163771376,38.070154320766
9.53898809523809,0.957661705762331,1.05147241727556,0.562244201471655,38.0707524190157
9.5390873015873,0.957578971915039,1.05143454368793,0.561975367953377,38.0713504445527
9.53918650793651,0.957496247388724,1.05139665203849,0.561706663153771,38.0719483973946
9.53928571428571,0.957413532183146,1.05135874233818,0.56143808701009,38.0725462775591
9.53938492063492,0.957330826298066,1.05132081459794,0.561169639459611,38.0731440850636
9.53948412698413,0.957248129733255,1.05128286882874,0.560901320439645,38.0737418199258
9.53958333333333,0.957165442488481,1.05124490504149,0.560633129887519,38.0743394821631
9.53968253968254,0.957082764563519,1.05120692324712,0.560365067740588,38.0749370717931
9.53978174603175,0.957000095958148,1.05116892345656,0.560097133936233,38.0755345888333
9.53988095238095,0.956917436672148,1.05113090568073,0.55982932841186,38.0761320333012
9.53998015873016,0.956834786705305,1.05109286993054,0.5595616511049,38.0767294052144
9.54007936507936,0.956752146057408,1.05105481621689,0.55929410195281,38.0773267045904
9.54017857142857,0.95666951472825,1.05101674455067,0.559026680893073,38.0779239314466
9.54027777777778,0.956586892717625,1.05097865494279,0.558759387863195,38.0785210858005
9.54037698412698,0.956504280025335,1.05094054740413,0.558492222800709,38.0791181676696
9.54047619047619,0.956421676651183,1.05090242194556,0.558225185643174,38.0797151770714
9.5405753968254,0.956339082594975,1.05086427857797,0.557958276328173,38.0803121140234
9.5406746031746,0.956256497856523,1.05082611731222,0.557691494793315,38.080908978543
9.54077380952381,0.956173922435641,1.05078793815917,0.557424840976233,38.0815057706476
9.54087301587302,0.956091356332145,1.05074974112968,0.557158314814584,38.0821024903548
9.54097222222222,0.95600879954586,1.0507115262346,0.55689191624606,38.0826991376819
9.54107142857143,0.95592625207661,1.05067329348477,0.556625645208368,38.0832957126463
9.54117063492064,0.955843713924223,1.05063504289103,0.556359501639242,38.0838922152656
9.54126984126984,0.955761185088532,1.05059677446422,0.556093485476444,38.0844886455571
9.54136904761905,0.955678665569373,1.05055848821515,0.555827596657759,38.0850850035381
9.54146825396825,0.955596155366586,1.05052018415464,0.555561835121,38.0856812892262
9.54156746031746,0.955513654480015,1.05048186229352,0.555296200804003,38.0862775026387
9.54166666666667,0.955431162909505,1.05044352264258,0.555030693644631,38.0868736437929
9.54176587301587,0.95534868065491,1.05040516521264,0.554765313580771,38.0874697127063
9.54186507936508,0.955266207716081,1.05036679001447,0.554500060550335,38.0880657093963
9.54196428571429,0.955183744092878,1.05032839705888,0.554234934491263,38.0886616338801
9.54206349206349,0.955101289785162,1.05028998635664,0.553969935341518,38.0892574861752
9.5421626984127,0.955018844792799,1.05025155791854,0.553705063039088,38.0898532662988
9.5422619047619,0.954936409115656,1.05021311175534,0.553440317521988,38.0904489742684
9.54236111111111,0.954853982753607,1.0501746478778,0.553175698728253,38.0910446101013
9.54246031746032,0.954771565706528,1.05013616629669,0.552911206595957,38.0916401738147
9.54255952380952,0.954689157974299,1.05009766702276,0.552646841063186,38.092235665426
9.54265873015873,0.954606759556802,1.05005915006675,0.552382602068055,38.0928310849525
9.54275793650794,0.954524370453926,1.05002061543941,0.552118489548705,38.0934264324115
9.54285714285714,0.954441990665561,1.04998206315147,0.551854503443303,38.0940217078203
9.54295634920635,0.954359620191601,1.04994349321366,0.55159064369004,38.0946169111962
9.54305555555556,0.954277259031944,1.04990490563669,0.551326910227133,38.0952120425565
9.54315476190476,0.954194907186492,1.04986630043129,0.551063302992825,38.0958071019184
9.54325396825397,0.95411256465515,1.04982767760816,0.550799821925383,38.0964020892991
9.54335317460317,0.954030231437827,1.04978903717802,0.550536466963101,38.0969970047161
9.54345238095238,0.953947907534435,1.04975037915155,0.550273238044296,38.0975918481864
9.54355158730159,0.953865592944891,1.04971170353944,0.550010135107312,38.0981866197274
9.54365079365079,0.953783287669114,1.0496730103524,0.549747158090519,38.0987813193562
9.54375,0.953700991707028,1.04963429960108,0.54948430693231,38.0993759470901
9.54384920634921,0.953618705058559,1.04959557129617,0.549221581571102,38.0999705029464
9.54394841269841,0.953536427723639,1.04955682544833,0.548958981945348,38.1005649869422
9.54404761904762,0.953454159702202,1.04951806206823,0.548696507993513,38.1011593990947
9.54414682539683,0.953371900994186,1.04947928116652,0.548434159654094,38.1017537394211
9.54424603174603,0.953289651599532,1.04944048275385,0.548171936865612,38.1023480079387
9.54434523809524,0.953207411518186,1.04940166684086,0.547909839566613,38.1029422046646
9.54444444444444,0.953125180750097,1.04936283343818,0.547647867695669,38.1035363296159
9.54454365079365,0.953042959295217,1.04932398255646,0.547386021191376,38.1041303828098
9.54464285714286,0.952960747153502,1.04928511420631,0.547124299992359,38.1047243642636
9.54474206349206,0.952878544324912,1.04924622839835,0.546862704037264,38.1053182739942
9.54484126984127,0.95279635080941,1.0492073251432,0.546601233264764,38.105912112019
9.54494047619048,0.952714166606964,1.04916840445146,0.546339887613558,38.106505878355
9.54503968253968,0.952631991717544,1.04912946633373,0.54607866702237,38.1070995730194
9.54513888888889,0.952549826141125,1.0490905108006,0.545817571429949,38.1076931960292
9.54523809523809,0.952467669877684,1.04905153786267,0.54555660077507,38.1082867474016
9.5453373015873,0.952385522927203,1.04901254753052,0.545295754996528,38.1088802271536
9.54543650793651,0.952303385289668,1.04897353981471,0.545035034033156,38.1094736353025
9.54553571428571,0.952221256965067,1.04893451472583,0.544774437823801,38.1100669718653
9.54563492063492,0.952139137953392,1.04889547227443,0.544513966307339,38.110660236859
9.54573412698413,0.952057028254641,1.04885641247108,0.544253619422671,38.1112534303007
9.54583333333333,0.951974927868813,1.04881733532632,0.543993397108723,38.1118465522076
9.54593253968254,0.95189283679591,1.0487782408507,0.543733299304448,38.1124396025966
9.54603174603175,0.951810755035941,1.04873912905476,0.543473325948823,38.1130325814848
9.54613095238095,0.951728682588916,1.04869999994903,0.54321347698085,38.1136254888893
9.54623015873016,0.951646619454849,1.04866085354405,0.542953752339557,38.1142183248271
9.54632936507936,0.951564565633758,1.04862168985032,0.542694151963998,38.1148110893152
9.54642857142857,0.951482521125665,1.04858250887837,0.542434675793251,38.1154037823707
9.54652777777778,0.951400485930595,1.04854331063871,0.54217532376642,38.1159964040105
9.54662698412698,0.951318460048578,1.04850409514183,0.541916095822635,38.1165889542517
9.54672619047619,0.951236443479644,1.04846486239824,0.541656991901049,38.1171814331113
9.5468253968254,0.95115443622383,1.04842561241842,0.54139801194084,38.1177738406063
9.5469246031746,0.951072438281178,1.04838634521287,0.541139155881219,38.1183661767537
9.54702380952381,0.950990449651729,1.04834706079205,0.540880423661414,38.1189584415703
9.54712301587302,0.950908470335532,1.04830775916645,0.540621815220681,38.1195506350733
9.54722222222222,0.950826500332636,1.04826844034652,0.540363330498302,38.1201427572795
9.54732142857143,0.950744539643096,1.04822910434273,0.540104969433582,38.120734808206
9.54742063492064,0.95066258826697,1.04818975116553,0.539846731965854,38.1213267878696
9.54751984126984,0.950580646204319,1.04815038082538,0.539588618034476,38.1219186962874
9.54761904761905,0.950498713455209,1.0481109933327,0.539330627578829,38.1225105334762
9.54771825396825,0.950416790019709,1.04807158869794,0.539072760538322,38.123102299453
9.54781746031746,0.950334875897891,1.04803216693154,0.538815016852388,38.1236939942346
9.54791666666667,0.950252971089831,1.0479927280439,0.538557396460487,38.1242856178381
9.54801587301587,0.950171075595609,1.04795327204545,0.538299899302102,38.1248771702802
9.54811507936508,0.950089189415309,1.04791379894661,0.538042525316743,38.125468651578
9.54821428571429,0.950007312549018,1.04787430875777,0.537785274443943,38.1260600617482
9.54831349206349,0.949925444996825,1.04783480148934,0.537528146623261,38.1266514008078
9.5484126984127,0.949843586758826,1.0477952771517,0.537271141794288,38.1272426687737
9.54851190476191,0.949761737835119,1.04775573575526,0.537014259896631,38.1278338656626
9.54861111111111,0.949679898225805,1.04771617731038,0.536757500869928,38.1284249914915
9.54871031746032,0.94959806793099,1.04767660182744,0.536500864653838,38.1290160462773
9.54880952380952,0.949516246950782,1.04763700931682,0.53624435118805,38.1296070300366
9.54890873015873,0.949434435285294,1.04759739978887,0.535987960412274,38.1301979427865
9.54900793650794,0.949352632934642,1.04755777325395,0.535731692266249,38.1307887845437
9.54910714285714,0.949270839898946,1.04751812972242,0.535475546689738,38.131379555325
9.54920634920635,0.949189056178329,1.04747846920461,0.535219523622528,38.1319702551473
9.54930555555556,0.949107281772918,1.04743879171087,0.534963623004433,38.1325608840273
9.54940476190476,0.949025516682845,1.04739909725152,0.534707844775292,38.1331514419819
9.54950396825397,0.948943760908242,1.0473593858369,0.534452188874969,38.1337419290279
9.54960317460317,0.948862014449249,1.04731965747733,0.534196655243354,38.1343323451819
9.54970238095238,0.948780277306007,1.04727991218311,0.533941243820361,38.1349226904609
9.54980158730159,0.94869854947866,1.04724014996456,0.533685954545928,38.1355129648815
9.54990079365079,0.948616830967359,1.04720037083198,0.533430787360026,38.1361031684606
9.55,0.948535121772256,1.04716057479567,0.533175742202643,38.1366933012149
9.55009920634921,0.948453421893506,1.04712076186591,0.532920819013796,38.137283363161
9.55019841269841,0.94837173133127,1.04708093205299,0.532666017733526,38.1378733543159
9.55029761904762,0.94829005008571,1.04704108536718,0.532411338301899,38.1384632746961
9.55039682539683,0.948208378156995,1.04700122181876,0.532156780659009,38.1390531243185
9.55049603174603,0.948126715545294,1.046961341418,0.531902344744973,38.1396429031997
9.55059523809524,0.948045062250783,1.04692144417515,0.531648030499933,38.1402326113565
9.55069444444444,0.947963418273638,1.04688153010047,0.531393837864058,38.1408222488054
9.55079365079365,0.947881783614042,1.04684159920419,0.531139766777542,38.1414118155634
9.55089285714286,0.94780015827218,1.04680165149658,0.530885817180604,38.1420013116469
9.55099206349206,0.947718542248241,1.04676168698785,0.530631989013487,38.1425907370728
9.55109126984127,0.947636935542417,1.04672170568824,0.530378282216462,38.1431800918576
9.55119047619048,0.947555338154904,1.04668170760798,0.530124696729823,38.143769376018
9.55128968253968,0.947473750085901,1.04664169275727,0.529871232493888,38.1443585895708
9.55138888888889,0.947392171335615,1.04660166114633,0.529617889449009,38.1449477325325
9.5514880952381,0.947310601904249,1.04656161278537,0.529364667535553,38.1455368049197
9.5515873015873,0.947229041792017,1.04652154768457,0.529111566693917,38.1461258067492
9.55168650793651,0.94714749099913,1.04648146585415,0.528858586864523,38.1467147380375
9.55178571428571,0.947065949525809,1.04644136730427,0.528605727987818,38.1473035988012
9.55188492063492,0.946984417372274,1.04640125204512,0.528352990004273,38.147892389057
9.55198412698413,0.94690289453875,1.04636112008689,0.528100372854387,38.1484811088215
9.55208333333333,0.946821381025467,1.04632097143972,0.527847876478684,38.1490697581112
9.55218253968254,0.946739876832657,1.04628080611379,0.52759550081771,38.1496583369428
9.55228174603175,0.946658381960556,1.04624062411925,0.52734324581204,38.1502468453328
9.55238095238095,0.946576896409404,1.04620042546626,0.527091111402274,38.1508352832978
9.55248015873016,0.946495420179444,1.04616021016495,0.526839097529035,38.1514236508543
9.55257936507936,0.946413953270923,1.04611997822546,0.526587204132973,38.152011948019
9.55267857142857,0.946332495684093,1.04607972965793,0.526335431154764,38.1526001748084
9.55277777777778,0.946251047419206,1.04603946447248,0.526083778535104,38.153188331239
9.55287698412699,0.946169608476522,1.04599918267923,0.525832246214726,38.1537764173273
9.55297619047619,0.946088178856303,1.04595888428829,0.525580834134378,38.1543644330899
9.5530753968254,0.946006758558813,1.04591856930977,0.525329542234836,38.1549523785433
9.5531746031746,0.94592534758432,1.04587823775377,0.525078370456902,38.155540253704
9.55327380952381,0.945843945933099,1.04583788963039,0.524827318741404,38.1561280585885
9.55337301587302,0.945762553605424,1.04579752494972,0.524576387029193,38.1567157932134
9.55347222222222,0.945681170601576,1.04575714372184,0.524325575261148,38.157303457595
9.55357142857143,0.945599796921838,1.04571674595682,0.524074883378172,38.1578910517499
9.55367063492064,0.945518432566497,1.04567633166473,0.523824311321193,38.1584785756946
9.55376984126984,0.945437077535843,1.04563590085565,0.523573859031165,38.1590660294456
9.55386904761905,0.945355731830172,1.04559545353962,0.523323526449068,38.1596534130192
9.55396825396825,0.945274395449781,1.04555498972671,0.523073313515905,38.1602407264319
9.55406746031746,0.945193068394972,1.04551450942696,0.522823220172708,38.1608279697003
9.55416666666667,0.945111750666049,1.0454740126504,0.52257324636053,38.1614151428406
9.55426587301587,0.945030442263321,1.04543349940708,0.52232339202045,38.1620022458694
9.55436507936508,0.944949143187103,1.04539296970702,0.52207365709358,38.1625892788031
9.55446428571429,0.944867853437709,1.04535242356024,0.521824041521047,38.1631762416581
9.55456349206349,0.94478657301546,1.04531186097676,0.521574545244009,38.1637631344508
9.5546626984127,0.944705301920678,1.04527128196659,0.521325168203648,38.1643499571976
9.55476190476191,0.944624040153691,1.04523068653973,0.52107591034117,38.1649367099148
9.55486111111111,0.94454278771483,1.04519007470618,0.520826771597809,38.165523392619
9.55496031746032,0.944461544604428,1.04514944647594,0.520577751914822,38.1661100053264
9.55505952380952,0.944380310822824,1.04510880185898,0.520328851233492,38.1666965480534
9.55515873015873,0.944299086370359,1.04506814086529,0.520080069495129,38.1672830208164
9.55525793650794,0.94421787124738,1.04502746350483,0.519831406641066,38.1678694236318
9.55535714285714,0.944136665454233,1.04498676978759,0.519582862612662,38.1684557565158
9.55545634920635,0.944055468991273,1.04494605972351,0.519334437351303,38.1690420194849
9.55555555555556,0.943974281858855,1.04490533332256,0.519086130798398,38.1696282125553
9.55565476190476,0.943893104057339,1.04486459059468,0.518837942895382,38.1702143357434
9.55575396825397,0.943811935587087,1.04482383154982,0.518589873583714,38.1708003890655
9.55585317460318,0.943730776448468,1.04478305619791,0.518341922804885,38.171386372538
9.55595238095238,0.943649626641853,1.04474226454888,0.518094090500404,38.171972286177
9.55605158730159,0.943568486167616,1.04470145661266,0.517846376611808,38.172558129999
9.55615079365079,0.943487355026134,1.04466063239917,0.517598781080658,38.1731439040201
9.55625,0.943406233217789,1.04461979191831,0.517351303848542,38.1737296082568
9.55634920634921,0.943325120742966,1.04457893518,0.517103944857073,38.1743152427252
9.55644841269841,0.943244017602055,1.04453806219414,0.516856704047888,38.1749008074416
9.55654761904762,0.943162923795447,1.04449717297061,0.516609581362652,38.1754863024222
9.55664682539683,0.943081839323539,1.04445626751932,0.516362576743053,38.1760717276834
9.55674603174603,0.943000764186731,1.04441534585013,0.516115690130805,38.1766570832414
9.55684523809524,0.942919698385426,1.04437440797293,0.515868921467647,38.1772423691123
9.55694444444444,0.942838641920031,1.04433345389759,0.515622270695345,38.1778275853125
9.55704365079365,0.942757594790957,1.04429248363397,0.515375737755689,38.1784127318582
9.55714285714286,0.942676556998619,1.04425149719192,0.515129322590493,38.1789978087655
9.55724206349206,0.942595528543432,1.0442104945813,0.514883025141596,38.1795828160506
9.55734126984127,0.942514509425821,1.04416947581196,0.51463684535087,38.1801677537298
9.55744047619048,0.94243349964621,1.04412844089373,0.514390783160204,38.1807526218193
9.55753968253968,0.942352499205029,1.04408738983645,0.514144838511514,38.1813374203352
9.55763888888889,0.942271508102708,1.04404632264994,0.513899011346742,38.1819221492937
9.5577380952381,0.942190526339686,1.04400523934403,0.513653301607857,38.182506808711
9.5578373015873,0.9421095539164,1.04396413992853,0.51340770923685,38.1830913986033
9.55793650793651,0.942028590833296,1.04392302441325,0.513162234175741,38.1836759189866
9.55803571428571,0.941947637090819,1.04388189280799,0.512916876366573,38.1842603698771
9.55813492063492,0.941866692689421,1.04384074512255,0.512671635751414,38.184844751291
9.55823412698413,0.941785757629556,1.04379958136673,0.512426512272358,38.1854290632445
9.55833333333333,0.941704831911681,1.04375840155029,0.512181505871527,38.1860133057535
9.55843253968254,0.94162391553626,1.04371720568303,0.511936616491063,38.1865974788343
9.55853174603175,0.941543008503755,1.04367599377472,0.511691844073139,38.1871815825029
9.55863095238095,0.941462110814638,1.04363476583512,0.511447188559948,38.1877656167755
9.55873015873016,0.941381222469379,1.04359352187399,0.51120264989371,38.1883495816681
9.55882936507937,0.941300343468456,1.04355226190109,0.510958228016675,38.1889334771968
9.55892857142857,0.941219473812348,1.04351098592617,0.510713922871115,38.1895173033777
9.55902777777778,0.941138613501538,1.04346969395896,0.510469734399324,38.1901010602269
9.55912698412699,0.941057762536515,1.04342838600921,0.510225662543625,38.1906847477604
9.55922619047619,0.940976920917767,1.04338706208664,0.509981707246367,38.1912683659943
9.5593253968254,0.94089608864579,1.04334572220097,0.509737868449921,38.1918519149446
9.5594246031746,0.940815265721082,1.04330436636193,0.509494146096687,38.1924353946275
9.55952380952381,0.940734452144143,1.04326299457923,0.509250540129088,38.1930188050588
9.55962301587302,0.940653647915481,1.04322160686257,0.509007050489573,38.1936021462546
9.55972222222222,0.940572853035602,1.04318020322165,0.508763677120616,38.194185418231
9.55982142857143,0.940492067505021,1.04313878366616,0.508520419964717,38.1947686210039
9.55992063492064,0.940411291324252,1.0430973482058,0.508277278964401,38.1953517545894
9.56001984126984,0.940330524493816,1.04305589685024,0.508034254062219,38.1959348190035
9.56011904761905,0.940249767014237,1.04301442960916,0.507791345200747,38.1965178142621
9.56021825396826,0.940169018886039,1.04297294649222,0.507548552322581,38.1971007403812
9.56031746031746,0.940088280109757,1.0429314475091,0.507305875370355,38.1976835973768
9.56041666666667,0.940007550685923,1.04288993266944,0.507063314286718,38.1982663852648
9.56051587301587,0.939926830615075,1.0428484019829,0.506820869014346,38.1988491040613
9.56061507936508,0.939846119897756,1.04280685545912,0.506578539495943,38.1994317537821
9.56071428571429,0.939765418534509,1.04276529310775,0.506336325674235,38.2000143344433
9.56081349206349,0.939684726525884,1.0427237149384,0.506094227491976,38.2005968460607
9.5609126984127,0.939604043872434,1.04268212096072,0.505852244891944,38.2011792886502
9.56101190476191,0.939523370574715,1.04264051118432,0.505610377816943,38.2017616622278
9.56111111111111,0.939442706633286,1.04259888561881,0.505368626209803,38.2023439668095
9.56121031746032,0.939362052048711,1.04255724427381,0.505126990013378,38.202926202411
9.56130952380952,0.939281406821557,1.0425155871589,0.504885469170547,38.2035083690483
9.56140873015873,0.939200770952395,1.0424739142837,0.504644063624216,38.2040904667373
9.56150793650794,0.939120144441798,1.04243222565779,0.504402773317315,38.2046724954939
9.56160714285714,0.939039527290346,1.04239052129076,0.5041615981928,38.205254455334
9.56170634920635,0.938958919498618,1.04234880119218,0.50392053819365,38.2058363462733
9.56180555555556,0.938878321067202,1.04230706537162,0.503679593262876,38.2064181683279
9.56190476190476,0.938797731996686,1.04226531383865,0.503438763343508,38.2069999215134
9.56200396825397,0.938717152287662,1.04222354660282,0.503198048378604,38.2075816058458
9.56210317460318,0.938636581940727,1.04218176367371,0.502957448311244,38.2081632213409
9.56220238095238,0.938556020956479,1.04213996506084,0.502716963084538,38.2087447680146
9.56230158730159,0.938475469335524,1.04209815077376,0.502476592641619,38.2093262458826
9.56240079365079,0.938394927078467,1.042056320822,0.502236336925645,38.2099076549608
9.5625,0.938314394185919,1.0420144752151,0.5019961958798,38.210488995265
9.56259920634921,0.938233870658495,1.04197261396258,0.501756169447293,38.2110702668109
9.56269841269841,0.938153356496813,1.04193073707395,0.501516257571359,38.2116514696145
9.56279761904762,0.938072851701494,1.04188884455873,0.501276460195259,38.2122326036913
9.56289682539682,0.937992356273163,1.04184693642642,0.501036777262276,38.2128136690574
9.56299603174603,0.937911870212451,1.04180501268652,0.500797208715723,38.2133946657283
9.56309523809524,0.937831393519988,1.04176307334851,0.500557754498934,38.2139755937198
9.56319444444444,0.93775092619641,1.0417211184219,0.500318414555268,38.2145564530478
9.56329365079365,0.937670468242359,1.04167914791615,0.500079188828118,38.215137243728
9.56339285714286,0.937590019658477,1.04163716184075,0.499840077260893,38.2157179657761
9.56349206349206,0.937509580445412,1.04159516020515,0.49960107979703,38.2162986192078
9.56359126984127,0.937429150603813,1.04155314301883,0.499362196379992,38.2168792040388
9.56369047619048,0.937348730134337,1.04151111029123,0.499123426953267,38.217459720285
9.56378968253968,0.937268319037639,1.04146906203182,0.498884771460368,38.2180401679619
9.56388888888889,0.937187917314383,1.04142699825002,0.498646229844834,38.2186205470853
9.56398809523809,0.937107524965233,1.04138491895529,0.498407802050229,38.2192008576709
9.5640873015873,0.937027141990858,1.04134282415704,0.498169488020142,38.2197810997344
9.56418650793651,0.93694676839193,1.04130071386472,0.497931287698188,38.2203612732914
9.56428571428571,0.936866404169127,1.04125858808772,0.497693201028007,38.2209413783577
9.56438492063492,0.936786049323127,1.04121644683548,0.497455227953265,38.2215214149488
9.56448412698413,0.936705703854614,1.0411742901174,0.497217368417652,38.2221013830805
9.56458333333333,0.936625367764275,1.04113211794287,0.496979622364885,38.2226812827684
9.56468253968254,0.9365450410528,1.0410899303213,0.496741989738701,38.2232611140281
9.56478174603175,0.936464723720885,1.04104772726207,0.496504470482874,38.2238408768752
9.56488095238095,0.936384415769227,1.04100550877456,0.496267064541192,38.2244205713255
9.56498015873016,0.936304117198528,1.04096327486816,0.496029771857474,38.2250001973945
9.56507936507936,0.936223828009493,1.04092102555223,0.495792592375562,38.2255797550978
9.56517857142857,0.936143548202831,1.04087876083613,0.495555526039324,38.2261592444511
9.56527777777778,0.936063277779254,1.04083648072924,0.495318572792653,38.2267386654698
9.56537698412698,0.935983016739478,1.04079418524089,0.495081732579469,38.2273180181697
9.56547619047619,0.935902765084224,1.04075187438044,0.494845005343716,38.2278973025663
9.5655753968254,0.935822522814215,1.04070954815722,0.494608391029362,38.2284765186752
9.5656746031746,0.935742289930177,1.04066720658057,0.494371889580404,38.2290556665119
9.56577380952381,0.935662066432842,1.04062484965982,0.494135500940861,38.229634746092
9.56587301587301,0.935581852322944,1.04058247740429,0.493899225054778,38.230213757431
9.56597222222222,0.935501647601221,1.04054008982329,0.493663061866227,38.2307927005446
9.56607142857143,0.935421452268414,1.04049768692614,0.493427011319303,38.2313715754482
9.56617063492063,0.935341266325267,1.04045526872214,0.493191073358126,38.2319503821573
9.56626984126984,0.935261089772532,1.04041283522059,0.492955247926849,38.2325291206876
9.56636904761905,0.93518092261096,1.04037038643078,0.492719534969639,38.2331077910544
9.56646825396825,0.935100764841308,1.04032792236199,0.492483934430696,38.2336863932733
9.56656746031746,0.935020616464334,1.0402854430235,0.492248446254242,38.2342649273599
9.56666666666667,0.934940477480803,1.04024294842459,0.492013070384525,38.2348433933295
9.56676587301587,0.934860347891482,1.04020043857453,0.491777806765818,38.2354217911977
9.56686507936508,0.93478022769714,1.04015791348257,0.491542655342422,38.23600012098
9.56696428571429,0.934700116898553,1.04011537315798,0.49130761605866,38.2365783826918
9.56706349206349,0.934620015496499,1.04007281760999,0.491072688858881,38.2371565763486
9.5671626984127,0.934539923491759,1.04003024684786,0.490837873687461,38.2377347019658
9.5672619047619,0.934459840885118,1.03998766088081,0.4906031704888,38.2383127595589
9.56736111111111,0.934379767677365,1.03994505971809,0.490368579207323,38.2388907491434
9.56746031746032,0.934299703869293,1.03990244336891,0.490134099787483,38.2394686707346
9.56755952380952,0.934219649461698,1.0398598118425,0.489899732173754,38.240046524348
9.56765873015873,0.934139604455379,1.03981716514806,0.489665476310636,38.2406243099989
9.56775793650794,0.934059568851141,1.0397745032948,0.489431332142661,38.241202027703
9.56785714285714,0.93397954264979,1.03973182629193,0.48919729961438,38.2417796774754
9.56795634920635,0.933899525852137,1.03968913414864,0.488963378670369,38.2423572593316
9.56805555555556,0.933819518458996,1.03964642687411,0.488729569255233,38.242934773287
9.56815476190476,0.933739520471186,1.03960370447752,0.488495871313598,38.243512219357
9.56825396825397,0.933659531889527,1.03956096696807,0.488262284790119,38.2440895975569
9.56835317460317,0.933579552714845,1.0395182143549,0.488028809629475,38.2446669079021
9.56845238095238,0.93349958294797,1.0394754466472,0.487795445776371,38.245244150408
9.56855158730159,0.933419622589733,1.0394326638541,0.487562193175536,38.2458213250899
9.56865079365079,0.93333967164097,1.03938986598478,0.487329051771725,38.2463984319632
9.56875,0.933259730102522,1.03934705304836,0.487096021509718,38.2469754710431
9.56884920634921,0.933179797975232,1.039304225054,0.486863102334323,38.2475524423451
9.56894841269841,0.933099875259946,1.03926138201083,0.486630294190369,38.2481293458844
9.56904761904762,0.933019961957517,1.03921852392796,0.486397597022712,38.2487061816764
9.56914682539683,0.932940058068796,1.03917565081453,0.486165010776233,38.2492829497363
9.56924603174603,0.932860163594644,1.03913276267965,0.485932535395844,38.2498596500794
9.56934523809524,0.932780278535921,1.03908985953243,0.485700170826473,38.2504362827211
9.56944444444444,0.932700402893494,1.03904694138196,0.485467917013081,38.2510128476766
9.56954365079365,0.93262053666823,1.03900400823736,0.485235773900649,38.2515893449612
9.56964285714286,0.932540679861002,1.0389610601077,0.485003741434186,38.2521657745901
9.56974206349206,0.932460832472687,1.03891809700208,0.484771819558725,38.2527421365787
9.56984126984127,0.932380994504164,1.03887511892956,0.484540008219327,38.2533184309421
9.56994047619048,0.932301165956316,1.03883212589924,0.484308307361075,38.2538946576957
9.57003968253968,0.932221346830031,1.03878911792016,0.484076716929079,38.2544708168546
9.57013888888889,0.932141537126199,1.03874609500139,0.483845236868475,38.255046908434
9.57023809523809,0.932061736845715,1.03870305715199,0.483613867124424,38.2556229324493
9.5703373015873,0.931981945989476,1.038660004381,0.48338260764211,38.2561988889156
9.57043650793651,0.931902164558385,1.03861693669747,0.483151458366746,38.2567747778481
9.57053571428571,0.931822392553347,1.03857385411043,0.482920419243568,38.257350599262
9.57063492063492,0.931742629975268,1.03853075662891,0.482689490217835,38.2579263531726
9.57073412698413,0.931662876825065,1.03848764426194,0.482458671234839,38.2585020395949
9.57083333333333,0.931583133103651,1.03844451701853,0.482227962239892,38.2590776585442
9.57093253968254,0.931503398811948,1.03840137490769,0.48199736317833,38.2596532100357
9.57103174603175,0.931423673950877,1.03835821793843,0.481766873995517,38.2602286940844
9.57113095238095,0.931343958521367,1.03831504611976,0.481536494636842,38.2608041107056
9.57123015873016,0.931264252524348,1.03827185946065,0.481306225047718,38.2613794599144
9.57132936507936,0.931184555960755,1.03822865797011,0.481076065173585,38.261954741726
9.57142857142857,0.931104868831524,1.03818544165711,0.480846014959907,38.2625299561554
9.57152777777778,0.931025191137599,1.03814221053062,0.480616074352176,38.2631051032178
9.57162698412698,0.930945522879924,1.03809896459962,0.480386243295905,38.2636801829284
9.57172619047619,0.930865864059448,1.03805570387307,0.480156521736635,38.2642551953021
9.5718253968254,0.930786214677124,1.03801242835993,0.479926909619934,38.2648301403542
9.5719246031746,0.930706574733907,1.03796913806914,0.479697406891391,38.2654050180997
9.57202380952381,0.930626944230758,1.03792583300965,0.479468013496623,38.2659798285537
9.57212301587302,0.930547323168639,1.0378825131904,0.479238729381271,38.2665545717313
9.57222222222222,0.930467711548518,1.03783917862033,0.479009554491006,38.2671292476475
9.57232142857143,0.930388109371367,1.03779582930835,0.47878048877152,38.2677038563174
9.57242063492064,0.930308516638159,1.03775246526339,0.478551532168529,38.2682783977562
9.57251984126984,0.930228933349871,1.03770908649437,0.478322684627777,38.2688528719787
9.57261904761905,0.930149359507487,1.03766569301018,0.478093946095034,38.2694272790001
9.57271825396825,0.93006979511199,1.03762228481975,0.477865316516093,38.2700016188354
9.57281746031746,0.92999024016437,1.03757886193194,0.477636795836773,38.2705758914997
9.57291666666667,0.92991069466562,1.03753542435567,0.47740838400292,38.2711500970079
9.57301587301587,0.929831158616734,1.03749197209982,0.477180080960403,38.271724235375
9.57311507936508,0.929751632018714,1.03744850517325,0.476951886655118,38.2722983066161
9.57321428571429,0.929672114872563,1.03740502358485,0.476723801032986,38.2728723107461
9.57331349206349,0.929592607179288,1.03736152734347,0.476495824039952,38.2734462477801
9.5734126984127,0.929513108939899,1.03731801645798,0.47626795562199,38.2740201177331
9.5735119047619,0.929433620155411,1.03727449093724,0.476040195725094,38.2745939206199
9.57361111111111,0.929354140778508,1.03723095080849,0.47581254430091,38.2751676564737
9.57371031746032,0.929274670509829,1.03718739619476,0.475585001332132,38.2757413254219
9.57380952380952,0.929195209295992,1.03714382712479,0.475357566775464,38.2763149274989
9.57390873015873,0.929115757134932,1.03710024360776,0.475130240581851,38.2768884627196
9.57400793650794,0.929036314024586,1.03705664565283,0.474903022702254,38.2774619310993
9.57410714285714,0.928956879962891,1.03701303326918,0.474675913087648,38.2780353326529
9.57420634920635,0.928877454947787,1.03696940646597,0.474448911689027,38.2786086673956
9.57430555555556,0.928798038977214,1.03692576525235,0.474222018457396,38.2791819353423
9.57440476190476,0.928718632049114,1.03688210963747,0.47399523334378,38.2797551365081
9.57450396825397,0.928639234161428,1.0368384396305,0.473768556299216,38.2803282709082
9.57460317460317,0.928559845312103,1.03679475524057,0.47354198727476,38.2809013385574
9.57470238095238,0.928480465499082,1.03675105647683,0.47331552622148,38.2814743394709
9.57480158730159,0.928401094720313,1.03670734334843,0.473089173090464,38.2820472736637
9.57490079365079,0.928321732973744,1.0366636158645,0.472862927832812,38.2826201411508
9.575,0.928242380257323,1.03661987403418,0.472636790399641,38.2831929419473
9.57509920634921,0.928163036569001,1.03657611786659,0.472410760742081,38.2837656760682
9.57519841269841,0.928083701906731,1.03653234737087,0.472184838811286,38.2843383435284
9.57529761904762,0.928004376268465,1.03648856255614,0.471959024558416,38.284910944343
9.57539682539683,0.927925059652157,1.03644476343153,0.471733317934653,38.2854834785271
9.57549603174603,0.927845752055764,1.03640095000615,0.47150771889119,38.2860559460956
9.57559523809524,0.927766453477241,1.03635712228911,0.471282227379238,38.2866283470635
9.57569444444444,0.927687163914547,1.03631328028953,0.471056843350025,38.2872006814458
9.57579365079365,0.927607883365642,1.03626942401651,0.470831566754792,38.2877729492575
9.57589285714286,0.927528611828486,1.03622555347916,0.470606397544797,38.2883451505136
9.57599206349206,0.927449349301041,1.03618166868659,0.470381335671313,38.2889172852291
9.57609126984127,0.92737009578127,1.03613776964788,0.47015638108563,38.2894893534189
9.57619047619048,0.927290851267137,1.03609385637214,0.469931533739052,38.290061355098
9.57628968253968,0.927211615756609,1.03604992886845,0.4697067935829,38.2906332902815
9.57638888888889,0.927132389247652,1.03600598714591,0.46948216056851,38.2912051589842
9.57648809523809,0.927053171738235,1.0359620312136,0.469257634647234,38.2917769612212
9.5765873015873,0.926973963226326,1.03591806108059,0.469033215770435,38.2923486970073
9.57668650793651,0.926894763709898,1.03587407675597,0.468808903889503,38.2929203663576
9.57678571428571,0.926815573186922,1.03583007824882,0.468584698955834,38.2934919692869
9.57688492063492,0.926736391655371,1.0357860655682,0.468360600920841,38.2940635058103
9.57698412698413,0.926657219113221,1.03574203872318,0.468136609735955,38.2946349759427
9.57708333333333,0.926578055558447,1.03569799772282,0.467912725352622,38.2952063796989
9.57718253968254,0.926498900989025,1.0356539425762,0.467688947722302,38.295777717094
9.57728174603175,0.926419755402935,1.03560987329236,0.467465276796472,38.2963489881428
9.57738095238095,0.926340618798157,1.03556578988035,0.467241712526626,38.2969201928604
9.57748015873016,0.92626149117267,1.03552169234924,0.467018254864271,38.2974913312615
9.57757936507936,0.926182372524458,1.03547758070807,0.46679490376093,38.2980624033612
9.57767857142857,0.926103262851504,1.03543345496589,0.466571659168145,38.2986334091742
9.57777777777778,0.926024162151793,1.03538931513173,0.466348521037469,38.2992043487156
9.57787698412698,0.92594507042331,1.03534516121463,0.466125489320473,38.2997752220003
9.57797619047619,0.925865987664044,1.03530099322362,0.465902563968745,38.3003460290431
9.5780753968254,0.925786913871981,1.03525681116775,0.465679744933882,38.3009167698589
9.5781746031746,0.925707849045114,1.03521261505603,0.465457032167509,38.3014874444626
9.57827380952381,0.925628793181433,1.0351684048975,0.465234425621256,38.3020580528691
9.57837301587302,0.92554974627893,1.03512418070117,0.465011925246773,38.3026285950932
9.57847222222222,0.925470708335598,1.03507994247605,0.464789530995723,38.3031990711499
9.57857142857143,0.925391679349434,1.03503569023117,0.464567242819787,38.3037694810541
9.57867063492064,0.925312659318432,1.03499142397554,0.464345060670662,38.3043398248205
9.57876984126984,0.92523364824059,1.03494714371816,0.464122984500058,38.304910102464
9.57886904761905,0.925154646113908,1.03490284946804,0.463901014259704,38.3054803139996
9.57896825396825,0.925075652936385,1.03485854123418,0.463679149901341,38.306050459442
9.57906746031746,0.924996668706022,1.03481421902557,0.463457391376729,38.3066205388062
9.57916666666667,0.924917693420823,1.03476988285122,0.463235738637642,38.3071905521069
9.57926587301587,0.92483872707879,1.0347255327201,0.463014191635869,38.307760499359
9.57936507936508,0.924759769677929,1.03468116864122,0.462792750323217,38.3083303805773
9.57946428571429,0.924680821216247,1.03463679062355,0.462571414651505,38.3089001957766
9.57956349206349,0.924601881691749,1.03459239867608,0.46235018457257,38.3094699449719
9.5796626984127,0.924522951102448,1.03454799280778,0.462129060038267,38.3100396281779
9.57976190476191,0.924444029446351,1.03450357302763,0.461908041000464,38.3106092454094
9.57986111111111,0.924365116721471,1.0344591393446,0.461687127411043,38.3111787966812
9.57996031746032,0.92428621292582,1.03441469176765,0.461466319221904,38.3117482820082
9.58005952380952,0.924207318057412,1.03437023030575,0.461245616384962,38.3123177014052
9.58015873015873,0.924128432114263,1.03432575496787,0.461025018852148,38.3128870548869
9.58025793650794,0.924049555094389,1.03428126576296,0.460804526575408,38.3134563424682
9.58035714285714,0.923970686995808,1.03423676269996,0.460584139506705,38.3140255641638
9.58045634920635,0.923891827816538,1.03419224578785,0.460363857598015,38.3145947199886
9.58055555555556,0.923812977554601,1.03414771503555,0.460143680801332,38.3151638099573
9.58065476190476,0.923734136208017,1.03410317045202,0.459923609068665,38.3157328340847
9.58075396825397,0.92365530377481,1.0340586120462,0.459703642352039,38.3163017923856
9.58085317460317,0.923576480253004,1.03401403982703,0.459483780603494,38.3168706848748
9.58095238095238,0.923497665640624,1.03396945380343,0.459264023775086,38.317439511567
9.58105158730159,0.923418859935696,1.03392485398435,0.459044371818883,38.3180082724769
9.58115079365079,0.92334006313625,1.0338802403787,0.458824824686979,38.3185769676194
9.58125,0.923261275240314,1.03383561299541,0.458605382331474,38.3191455970092
9.58134920634921,0.923182496245918,1.03379097184341,0.458386044704486,38.3197141606611
9.58144841269841,0.923103726151095,1.0337463169316,0.458166811758148,38.3202826585897
9.58154761904762,0.923024964953877,1.03370164826892,0.457947683444612,38.3208510908099
9.58164682539683,0.922946212652299,1.03365696586425,0.457728659716042,38.3214194573363
9.58174603174603,0.922867469244397,1.03361226972652,0.45750974052462,38.3219877581838
9.58184523809524,0.922788734728206,1.03356755986463,0.457290925822542,38.3225559933669
9.58194444444444,0.922710009101766,1.03352283628747,0.457072215562021,38.3231241629005
9.58204365079365,0.922631292363115,1.03347809900395,0.456853609695285,38.3236922667993
9.58214285714286,0.922552584510294,1.03343334802296,0.456635108174577,38.324260305078
9.58224206349206,0.922473885541346,1.03338858335339,0.456416710952157,38.3248282777513
9.58234126984127,0.922395195454313,1.03334380500413,0.456198417980299,38.3253961848339
9.58244047619048,0.92231651424724,1.03329901298406,0.455980229211295,38.3259640263405
9.58253968253968,0.922237841918171,1.03325420730207,0.455762144597448,38.3265318022858
9.58263888888889,0.922159178465157,1.03320938796702,0.455544164091086,38.3270995126846
9.5827380952381,0.922080523886243,1.0331645549878,0.455326287644543,38.3276671575514
9.5828373015873,0.922001878179479,1.03311970837327,0.455108515210173,38.3282347369009
9.58293650793651,0.921923241342916,1.0330748481323,0.454890846740344,38.328802250748
9.58303571428571,0.921844613374607,1.03302997427376,0.454673282187441,38.3293696991072
9.58313492063492,0.921765994272605,1.03298508680651,0.454455821503864,38.3299370819931
9.58323412698413,0.921687384034963,1.0329401857394,0.454238464642029,38.3305043994206
9.58333333333333,0.921608782659739,1.03289527108129,0.454021211554368,38.3310716514042
9.58343253968254,0.921530190144989,1.03285034284103,0.453804062193328,38.3316388379585
9.58353174603175,0.921451606488772,1.03280540102747,0.453587016511371,38.3322059590984
9.58363095238095,0.921373031689148,1.03276044564944,0.453370074460976,38.3327730148383
9.58373015873016,0.921294465744177,1.0327154767158,0.453153235994636,38.333340005193
9.58382936507936,0.921215908651921,1.03267049423538,0.452936501064863,38.3339069301771
9.58392857142857,0.921137360410445,1.03262549821701,0.452719869624181,38.3344737898051
9.58402777777778,0.921058821017811,1.03258048866952,0.452503341625128,38.3350405840919
9.58412698412699,0.920980290472089,1.03253546560174,0.452286917020266,38.335607313052
9.58422619047619,0.920901768771344,1.03249042902249,0.452070595762166,38.3361739766999
9.5843253968254,0.920823255913645,1.0324453789406,0.451854377803415,38.3367405750504
9.5844246031746,0.920744751897061,1.03240031536489,0.451638263096617,38.337307108118
9.58452380952381,0.920666256719665,1.03235523830415,0.451422251594391,38.3378735759174
9.58462301587302,0.920587770379527,1.03231014776722,0.451206343249372,38.3384399784632
9.58472222222222,0.920509292874723,1.03226504376289,0.450990538014211,38.3390063157699
9.58482142857143,0.920430824203327,1.03221992629996,0.450774835841573,38.3395725878523
9.58492063492064,0.920352364363415,1.03217479538725,0.450559236684141,38.3401387947247
9.58501984126984,0.920273913353064,1.03212965103354,0.450343740494612,38.340704936402
9.58511904761905,0.920195471170354,1.03208449324762,0.4501283472257,38.3412710128985
9.58521825396825,0.920117037813364,1.0320393220383,0.449913056830133,38.341837024229
9.58531746031746,0.920038613280175,1.03199413741436,0.449697869260655,38.342402970408
9.58541666666667,0.919960197568871,1.03194893938457,0.449482784470028,38.3429688514501
9.58551587301587,0.919881790677534,1.03190372795773,0.449267802411023,38.3435346673698
9.58561507936508,0.919803392604251,1.0318585031426,0.449052923036438,38.3441004181817
9.58571428571429,0.919725003347108,1.03181326494797,0.448838146299077,38.3446661039004
9.58581349206349,0.919646622904192,1.0317680133826,0.448623472151763,38.3452317245404
9.5859126984127,0.919568251273591,1.03172274845526,0.448408900547334,38.3457972801162
9.58601190476191,0.919489888453397,1.03167747017471,0.448194431438645,38.3463627706425
9.58611111111111,0.919411534441701,1.03163217854971,0.447980064778564,38.3469281961337
9.58621031746032,0.919333189236595,1.03158687358903,0.447765800519977,38.3474935566045
9.58630952380952,0.919254852836173,1.03154155530141,0.447551638615786,38.3480588520693
9.58640873015873,0.919176525238531,1.0314962236956,0.447337579018906,38.3486240825426
9.58650793650794,0.919098206441765,1.03145087878036,0.44712362168227,38.349189248039
9.58660714285714,0.919019896443973,1.03140552056442,0.446909766558827,38.3497543485731
9.58670634920635,0.918941595243254,1.03136014905653,0.446696013601538,38.3503193841592
9.58680555555556,0.918863302837708,1.03131476426542,0.446482362763385,38.350884354812
9.58690476190476,0.918785019225438,1.03126936619983,0.446268813997361,38.3514492605459
9.58700396825397,0.918706744404544,1.03122395486849,0.446055367256475,38.3520141013755
9.58710317460318,0.918628478373133,1.03117853028012,0.445842022493757,38.3525788773153
9.58720238095238,0.918550221129309,1.03113309244344,0.445628779662248,38.3531435883797
9.58730158730159,0.91847197267118,1.03108764136719,0.445415638715004,38.3537082345832
9.58740079365079,0.918393732996852,1.03104217706007,0.445202599605099,38.3542728159403
9.5875,0.918315502104436,1.03099669953079,0.444989662285621,38.3548373324656
9.58759920634921,0.918237279992041,1.03095120878808,0.444776826709675,38.3554017841734
9.58769841269841,0.91815906665778,1.03090570484063,0.44456409283038,38.3559661710783
9.58779761904762,0.918080862099766,1.03086018769715,0.444351460600874,38.3565304931947
9.58789682539683,0.918002666316112,1.03081465736634,0.444138929974306,38.357094750537
9.58799603174603,0.917924479304935,1.0307691138569,0.443926500903844,38.3576589431199
9.58809523809524,0.917846301064351,1.03072355717752,0.443714173342671,38.3582230709576
9.58819444444444,0.917768131592478,1.03067798733688,0.443501947243984,38.3587871340647
9.58829365079365,0.917689970887436,1.03063240434369,0.443289822560999,38.3593511324556
9.58839285714286,0.917611818947346,1.03058680820661,0.443077799246944,38.3599150661448
9.58849206349206,0.917533675770327,1.03054119893433,0.442865877255061,38.3604789351466
9.58859126984127,0.917455541354507,1.03049557653554,0.442654056538618,38.3610427394756
9.58869047619048,0.917377415698007,1.03044994101889,0.442442337050888,38.3616064791461
9.58878968253968,0.917299298798954,1.03040429239306,0.442230718745164,38.3621701541726
9.58888888888889,0.917221190655474,1.03035863066672,0.442019201574753,38.3627337645695
9.5889880952381,0.917143091265697,1.03031295584854,0.441807785492978,38.3632973103512
9.5890873015873,0.917065000627751,1.03026726794716,0.441596470453179,38.3638607915321
9.58918650793651,0.916986918739767,1.03022156697125,0.44138525640871,38.3644242081267
9.58928571428571,0.916908845599878,1.03017585292947,0.441174143312943,38.3649875601493
9.58938492063492,0.916830781206217,1.03013012583045,0.440963131119263,38.3655508476144
9.58948412698413,0.916752725556918,1.03008438568286,0.440752219781071,38.3661140705362
9.58958333333333,0.916674678650117,1.03003863249533,0.440541409251786,38.3666772289294
9.58968253968254,0.916596640483951,1.02999286627649,0.44033069948484,38.3672403228081
9.58978174603175,0.91651861105656,1.029947087035,0.440120090433682,38.3678033521869
9.58988095238095,0.916440590366082,1.02990129477948,0.439909582051777,38.36836631708
9.58998015873016,0.916362578410657,1.02985548951856,0.439699174292601,38.3689292175019
9.59007936507937,0.91628457518843,1.02980967126087,0.439488867109655,38.3694920534669
9.59017857142857,0.916206580697544,1.02976384001503,0.439278660456449,38.3700548249893
9.59027777777778,0.916128594936142,1.02971799578967,0.439068554286509,38.3706175320837
9.59037698412699,0.916050617902372,1.02967213859339,0.438858548553377,38.3711801747642
9.59047619047619,0.91597264959438,1.02962626843482,0.438648643210613,38.3717427530453
9.5905753968254,0.915894690010315,1.02958038532255,0.438438838211789,38.3723052669413
9.5906746031746,0.915816739148327,1.02953448926521,0.438229133510496,38.3728677164666
9.59077380952381,0.915738797006567,1.02948858027139,0.438019529060339,38.3734301016354
9.59087301587302,0.915660863583187,1.02944265834969,0.437810024814937,38.3739924224622
9.59097222222222,0.915582938876341,1.02939672350871,0.437600620727929,38.3745546789612
9.59107142857143,0.915505022884184,1.02935077575704,0.437391316752965,38.3751168711468
9.59117063492064,0.915427115604873,1.02930481510327,0.437182112843715,38.3756789990334
9.59126984126984,0.915349217036564,1.02925884155599,0.43697300895386,38.3762410626351
9.59136904761905,0.915271327177416,1.02921285512378,0.436764005037101,38.3768030619664
9.59146825396826,0.915193446025589,1.02916685581522,0.436555101047148,38.3773649970415
9.59156746031746,0.915115573579246,1.02912084363889,0.436346296937739,38.3779268678748
9.59166666666667,0.915037709836548,1.02907481860337,0.436137592662617,38.3784886744805
9.59176587301587,0.914959854795659,1.02902878071721,0.435928988175542,38.379050416873
9.59186507936508,0.914882008454744,1.02898272998899,0.435720483430293,38.3796120950665
9.59196428571429,0.91480417081197,1.02893666642727,0.435512078380662,38.3801737090754
9.59206349206349,0.914726341865504,1.02889059004061,0.435303772980458,38.3807352589138
9.5921626984127,0.914648521613515,1.02884450083757,0.435095567183505,38.3812967445962
9.59226190476191,0.914570710054173,1.0287983988267,0.434887460943643,38.3818581661367
9.59236111111111,0.91449290718565,1.02875228401655,0.434679454214728,38.3824195235497
9.59246031746032,0.914415113006118,1.02870615641566,0.434471546950631,38.3829808168493
9.59255952380952,0.914337327513752,1.02866001603259,0.434263739105239,38.3835420460499
9.59265873015873,0.914259550706726,1.02861386287586,0.434056030632454,38.3841032111658
9.59275793650794,0.914181782583218,1.02856769695402,0.433848421486194,38.3846643122111
9.59285714285714,0.914104023141405,1.0285215182756,0.433640911620394,38.3852253492002
9.59295634920635,0.914026272379464,1.02847532684912,0.433433500988999,38.3857863221472
9.59305555555556,0.913948530295579,1.02842912268312,0.433226189545981,38.3863472310664
9.59315476190476,0.91387079688793,1.02838290578612,0.433018977245318,38.3869080759721
9.59325396825397,0.9137930721547,1.02833667616664,0.432811864041006,38.3874688568784
9.59335317460318,0.913715356094073,1.02829043383319,0.432604849887057,38.3880295737997
9.59345238095238,0.913637648704234,1.02824417879429,0.432397934737498,38.3885902267501
9.59355158730159,0.913559949983371,1.02819791105844,0.432191118546374,38.3891508157438
9.59365079365079,0.91348225992967,1.02815163063416,0.431984401267743,38.3897113407951
9.59375,0.913404578541322,1.02810533752994,0.431777782855679,38.3902718019182
9.59384920634921,0.913326905816516,1.02805903175429,0.431571263264274,38.3908321991272
9.59394841269841,0.913249241753445,1.0280127133157,0.431364842447632,38.3913925324364
9.59404761904762,0.913171586350301,1.02796638222267,0.431158520359876,38.39195280186
9.59414682539682,0.91309393960528,1.02792003848368,0.430952296955143,38.3925130074122
9.59424603174603,0.913016301516576,1.02787368210722,0.430746172187586,38.3930731491071
9.59434523809524,0.912938672082386,1.02782731310177,0.430540146011373,38.3936332269589
9.59444444444444,0.912861051300907,1.02778093147582,0.430334218380686,38.3941932409819
9.59454365079365,0.912783439170341,1.02773453723784,0.43012838924973,38.3947531911902
9.59464285714286,0.912705835688888,1.0276881303963,0.429922658572718,38.3953130775979
9.59474206349206,0.912628240854748,1.02764171095967,0.429717026303881,38.3958729002193
9.59484126984127,0.912550654666127,1.02759527893642,0.429511492397466,38.3964326590685
9.59494047619048,0.912473077121227,1.02754883433501,0.429306056807735,38.3969923541596
9.59503968253968,0.912395508218255,1.02750237716391,0.429100719488966,38.3975519855068
9.59513888888889,0.912317947955418,1.02745590743156,0.428895480395453,38.3981115531243
9.59523809523809,0.912240396330923,1.02740942514642,0.428690339481506,38.3986710570262
9.5953373015873,0.912162853342981,1.02736293031693,0.428485296701449,38.3992304972267
9.59543650793651,0.912085318989803,1.02731642295156,0.428280352009624,38.3997898737398
9.59553571428571,0.9120077932696,1.02726990305873,0.428075505360386,38.4003491865797
9.59563492063492,0.911930276180585,1.02722337064689,0.427870756708107,38.4009084357606
9.59573412698413,0.911852767720974,1.02717682572447,0.427666106007176,38.4014676212965
9.59583333333333,0.911775267888983,1.02713026829991,0.427461553211995,38.4020267432017
9.59593253968254,0.911697776682826,1.02708369838164,0.427257098276981,38.4025858014901
9.59603174603175,0.911620294100726,1.02703711597807,0.427052741156573,38.4031447961759
9.59613095238095,0.9115428201409,1.02699052109765,0.42684848180522,38.4037037272733
9.59623015873016,0.911465354801569,1.02694391374877,0.426644320177387,38.4042625947963
9.59632936507936,0.911387898080956,1.02689729393987,0.426440256227555,38.404821398759
9.59642857142857,0.911310449977285,1.02685066167935,0.426236289910222,38.4053801391755
9.59652777777778,0.911233010488779,1.02680401697562,0.426032421179901,38.4059388160599
9.59662698412698,0.911155579613666,1.0267573598371,0.42582864999112,38.4064974294262
9.59672619047619,0.911078157350172,1.02671069027217,0.425624976298423,38.4070559792887
9.5968253968254,0.911000743696525,1.02666400828924,0.42542140005637,38.4076144656613
9.5969246031746,0.910923338650957,1.02661731389671,0.425217921219537,38.4081728885581
9.59702380952381,0.910845942211698,1.02657060710297,0.425014539742514,38.4087312479932
9.59712301587301,0.91076855437698,1.02652388791641,0.424811255579908,38.4092895439806
9.59722222222222,0.910691175145037,1.02647715634541,0.424608068686342,38.4098477765344
9.59732142857143,0.910613804514103,1.02643041239836,0.424404979016453,38.4104059456687
9.59742063492063,0.910536442482415,1.02638365608363,0.424201986524893,38.4109640513975
9.59751984126984,0.910459089048212,1.02633688740961,0.423999091166337,38.4115220937349
9.59761904761905,0.910381744209731,1.02629010638467,0.423796292895466,38.4120800726948
9.59771825396825,0.910304407965213,1.02624331301716,0.423593591666981,38.4126379882914
9.59781746031746,0.910227080312898,1.02619650731547,0.423390987435599,38.4131958405387
9.59791666666667,0.910149761251029,1.02614968928795,0.423188480156051,38.4137536294506
9.59801587301587,0.91007245077785,1.02610285894296,0.422986069783085,38.4143113550413
9.59811507936508,0.909995148891607,1.02605601628887,0.422783756271464,38.4148690173247
9.59821428571429,0.909917855590544,1.02600916133401,0.422581539575968,38.4154266163148
9.59831349206349,0.909840570872912,1.02596229408674,0.42237941965139,38.4159841520257
9.5984126984127,0.909763294736957,1.0259154145554,0.42217739645254,38.4165416244714
9.5985119047619,0.90968602718093,1.02586852274835,0.421975469934245,38.4170990336659
9.59861111111111,0.909608768203083,1.02582161867391,0.421773640051347,38.4176563796231
9.59871031746032,0.909531517801668,1.02577470234043,0.421571906758701,38.4182136623571
9.59880952380952,0.90945427597494,1.02572777375623,0.421370270011181,38.4187708818819
9.59890873015873,0.909377042721152,1.02568083292964,0.421168729763673,38.4193280382114
9.59900793650794,0.909299818038564,1.025633879869,0.420967285971085,38.4198851313597
9.59910714285714,0.909222601925431,1.02558691458262,0.420765938588336,38.4204421613406
9.59920634920635,0.909145394380013,1.02553993707882,0.42056468757036,38.4209991281682
9.59930555555556,0.909068195400571,1.02549294736592,0.420363532872109,38.4215560318565
9.59940476190476,0.908991004985365,1.02544594545223,0.420162474448549,38.4221128724193
9.59950396825397,0.908913823132659,1.02539893134606,0.419961512254662,38.4226696498708
9.59960317460317,0.908836649840718,1.02535190505571,0.419760646245446,38.4232263642247
9.59970238095238,0.908759485107805,1.02530486658949,0.419559876375916,38.4237830154951
9.59980158730159,0.908682328932189,1.0252578159557,0.419359202601099,38.424339603696
9.59990079365079,0.908605181312136,1.02521075316263,0.419158624876042,38.4248961288412
9.6,0.908528042245917,1.02516367821858,0.418958143155804,38.4254525909447
9.60009920634921,0.908450911731801,1.02511659113183,0.418757757395462,38.4260089900204
9.60019841269841,0.90837378976806,1.02506949191067,0.418557467550108,38.4265653260823
9.60029761904762,0.908296676352969,1.02502238056338,0.418357273574849,38.4271215991443
9.60039682539683,0.908219571484799,1.02497525709824,0.418157175424806,38.4276778092203
9.60049603174603,0.908142475161828,1.02492812152353,0.417957173055122,38.4282339563243
9.60059523809524,0.908065387382332,1.02488097384752,0.41775726642095,38.42879004047
9.60069444444444,0.90798830814459,1.02483381407847,0.41755745547746,38.4293460616715
9.60079365079365,0.90791123744688,1.02478664222466,0.417357740179837,38.4299020199427
9.60089285714286,0.907834175287484,1.02473945829435,0.417158120483283,38.4304579152974
9.60099206349206,0.907757121664682,1.02469226229578,0.416958596343014,38.4310137477495
9.60109126984127,0.90768007657676,1.02464505423723,0.416759167714265,38.431569517313
9.60119047619048,0.907603040022,1.02459783412695,0.416559834552282,38.4321252240017
9.60128968253968,0.907526011998688,1.02455060197317,0.41636059681233,38.4326808678295
9.60138888888889,0.907448992505113,1.02450335778415,0.416161454449688,38.4332364488103
9.60148809523809,0.907371981539561,1.02445610156813,0.415962407419653,38.4337919669579
9.6015873015873,0.907294979100322,1.02440883333335,0.415763455677534,38.4343474222863
9.60168650793651,0.907217985185688,1.02436155308804,0.415564599178658,38.4349028148092
9.60178571428571,0.90714099979395,1.02431426084044,0.415365837878368,38.4354581445406
9.60188492063492,0.9070640229234,1.02426695659877,0.415167171732018,38.4360134114943
9.60198412698413,0.906987054572336,1.02421964037126,0.414968600694989,38.4365686156841
9.60208333333333,0.906910094739052,1.02417231216613,0.414770124722665,38.4371237571239
9.60218253968254,0.906833143421845,1.02412497199161,0.414571743770453,38.4376788358276
9.60228174603175,0.906756200619014,1.0240776198559,0.414373457793771,38.438233851809
9.60238095238095,0.906679266328859,1.02403025576722,0.414175266748058,38.4387888050819
9.60248015873016,0.906602340549679,1.02398287973378,0.413977170588764,38.4393436956601
9.60257936507936,0.906525423279778,1.02393549176379,0.413779169271356,38.4398985235575
9.60267857142857,0.90644851451746,1.02388809186543,0.413581262751319,38.4404532887879
9.60277777777778,0.906371614261028,1.02384068004693,0.41338345098415,38.4410079913651
9.60287698412698,0.906294722508789,1.02379325631646,0.413185733925364,38.4415626313029
9.60297619047619,0.906217839259051,1.02374582068222,0.412988111530491,38.4421172086152
9.6030753968254,0.906140964510121,1.0236983731524,0.412790583755077,38.4426717233157
9.6031746031746,0.90606409826031,1.02365091373519,0.412593150554683,38.4432261754182
9.60327380952381,0.905987240507929,1.02360344243877,0.412395811884886,38.4437805649366
9.60337301587302,0.905910391251288,1.02355595927131,0.412198567701275,38.4443348918846
9.60347222222222,0.905833550488705,1.02350846424099,0.412001417959466,38.444889156276
9.60357142857143,0.905756718218493,1.02346095735599,0.411804362615078,38.4454433581246
9.60367063492064,0.905679894438967,1.02341343862447,0.411607401623751,38.4459974974441
9.60376984126984,0.905603079148446,1.0233659080546,0.411410534941141,38.4465515742485
9.60386904761905,0.905526272345248,1.02331836565454,0.411213762522918,38.4471055885513
9.60396825396825,0.905449474027694,1.02327081143245,0.41101708432477,38.4476595403664
9.60406746031746,0.905372684194104,1.02322324539648,0.410820500302397,38.4482134297075
9.60416666666667,0.905295902842801,1.02317566755478,0.410624010411519,38.4487672565885
9.60426587301587,0.905219129972109,1.02312807791551,0.410427614607867,38.449321021023
9.60436507936508,0.905142365580352,1.02308047648682,0.410231312847193,38.4498747230247
9.60446428571429,0.905065609665858,1.02303286327683,0.410035105085259,38.4504283626076
9.60456349206349,0.904988862226955,1.02298523829369,0.409838991277848,38.4509819397852
9.6046626984127,0.90491212326197,1.02293760154554,0.409642971380754,38.4515354545713
9.6047619047619,0.904835392769234,1.0228899530405,0.409447045349789,38.4520889069797
9.60486111111111,0.904758670747077,1.02284229278671,0.409251213140779,38.452642297024
9.60496031746032,0.904681957193835,1.0227946207923,0.409055474709571,38.4531956247181
9.60505952380952,0.904605252107839,1.02274693706537,0.408859830012022,38.4537488900755
9.60515873015873,0.904528555487427,1.02269924161406,0.408664279004006,38.4543020931101
9.60525793650794,0.904451867330933,1.02265153444647,0.408468821641412,38.4548552338355
9.60535714285714,0.904375187636696,1.02260381557072,0.408273457880146,38.4554083122655
9.60545634920635,0.904298516403055,1.02255608499492,0.408078187676131,38.4559613284137
9.60555555555556,0.904221853628349,1.02250834272717,0.407883010985301,38.4565142822938
9.60565476190476,0.904145199310922,1.02246058877558,0.407687927763611,38.4570671739196
9.60575396825397,0.904068553449115,1.02241282314824,0.407492937967028,38.4576200033047
9.60585317460317,0.903991916041273,1.02236504585324,0.407298041551536,38.4581727704628
9.60595238095238,0.903915287085741,1.02231725689869,0.407103238473135,38.4587254754075
9.60605158730159,0.903838666580866,1.02226945629266,0.40690852868784,38.4592781181526
9.60615079365079,0.903762054524995,1.02222164404325,0.406713912151681,38.4598306987118
9.60625,0.903685450916479,1.02217382015853,0.406519388820705,38.4603832170986
9.60634920634921,0.903608855753665,1.02212598464658,0.406324958650972,38.4609356733268
9.60644841269841,0.90353226903491,1.02207813751548,0.406130621598564,38.46148806741
9.60654761904762,0.903455690758563,1.0220302787733,0.405936377619572,38.4620403993618
9.60664682539683,0.90337912092298,1.02198240842811,0.405742226670106,38.462592669196
9.60674603174603,0.903302559526516,1.02193452648798,0.405548168706289,38.4631448769261
9.60684523809524,0.903226006567528,1.02188663296096,0.405354203684263,38.4636970225658
9.60694444444444,0.903149462044374,1.02183872785511,0.405160331560183,38.4642491061287
9.60704365079365,0.903072925955414,1.02179081117849,0.404966552290222,38.4648011276286
9.60714285714286,0.902996398299007,1.02174288293915,0.404772865830565,38.4653530870788
9.60724206349206,0.902919879073517,1.02169494314514,0.404579272137417,38.4659049844932
9.60734126984127,0.902843368277306,1.02164699180451,0.404385771166995,38.4664568198854
9.60744047619048,0.902766865908738,1.02159902892528,0.404192362875535,38.4670085932689
9.60753968253968,0.90269037196618,1.02155105451552,0.403999047219285,38.4675603046573
9.60763888888889,0.902613886447998,1.02150306858324,0.403805824154512,38.4681119540643
9.60773809523809,0.902537409352561,1.02145507113648,0.403612693637496,38.4686635415034
9.6078373015873,0.902460940678237,1.02140706218326,0.403419655624533,38.4692150669884
9.60793650793651,0.902384480423399,1.02135904173163,0.403226710071938,38.4697665305326
9.60803571428571,0.902308028586418,1.02131100978958,0.403033856936039,38.4703179321498
9.60813492063492,0.902231585165667,1.02126296636515,0.402841096173179,38.4708692718536
9.60823412698413,0.902155150159521,1.02121491146635,0.402648427739717,38.4714205496574
9.60833333333333,0.902078723566356,1.02116684510119,0.402455851592028,38.4719717655749
9.60843253968254,0.90200230538455,1.02111876727767,0.402263367686504,38.4725229196196
9.60853174603175,0.901925895612479,1.02107067800381,0.40207097597955,38.4730740118052
9.60863095238095,0.901849494248525,1.0210225772876,0.401878676427588,38.4736250421452
9.60873015873016,0.901773101291068,1.02097446513704,0.401686468987057,38.474176010653
9.60882936507936,0.901696716738491,1.02092634156013,0.401494353614409,38.4747269173424
9.60892857142857,0.901620340589176,1.02087820656486,0.401302330266113,38.4752777622268
9.60902777777778,0.901543972841509,1.02083006015922,0.401110398898655,38.4758285453198
9.60912698412698,0.901467613493875,1.02078190235119,0.400918559468534,38.476379266635
9.60922619047619,0.901391262544663,1.02073373314875,0.400726811932266,38.4769299261857
9.6093253968254,0.901314919992259,1.02068555255988,0.400535156246381,38.4774805239857
9.6094246031746,0.901238585835055,1.02063736059256,0.40034359236743,38.4780310600484
9.60952380952381,0.901162260071442,1.02058915725475,0.400152120251974,38.4785815343874
9.60962301587302,0.901085942699812,1.02054094255443,0.399960739856592,38.4791319470161
9.60972222222222,0.901009633718558,1.02049271649956,0.399769451137877,38.479682297948
9.60982142857143,0.900933333126077,1.0204444790981,0.39957825405244,38.4802325871968
9.60992063492064,0.900857040920762,1.02039623035802,0.399387148556905,38.4807828147759
9.61001984126984,0.900780757101013,1.02034797028725,0.399196134607915,38.4813329806987
9.61011904761905,0.900704481665228,1.02029969889377,0.399005212162126,38.4818830849789
9.61021825396825,0.900628214611807,1.0202514161855,0.398814381176209,38.4824331276298
9.61031746031746,0.900551955939151,1.02020312217041,0.398623641606854,38.4829831086651
9.61041666666667,0.900475705645663,1.02015481685642,0.398432993410764,38.4835330280981
9.61051587301587,0.900399463729747,1.02010650025148,0.398242436544658,38.4840828859423
9.61061507936508,0.900323230189807,1.02005817236353,0.398051970965272,38.4846326822112
9.61071428571429,0.90024700502425,1.02000983320049,0.397861596629356,38.4851824169184
9.61081349206349,0.900170788231483,1.01996148277029,0.397671313493673,38.4857320900772
9.6109126984127,0.900094579809916,1.01991312108085,0.397481121515011,38.4862817017011
9.61101190476191,0.900018379757959,1.01986474814011,0.397291020650166,38.4868312518036
9.61111111111111,0.899942188074024,1.01981636395597,0.397101010855949,38.4873807403981
9.61121031746032,0.899866004756522,1.01976796853635,0.39691109208919,38.4879301674981
9.61130952380952,0.899789829803868,1.01971956188916,0.396721264306734,38.488479533117
9.61140873015873,0.899713663214478,1.01967114402231,0.396531527465441,38.4890288372683
9.61150793650794,0.899637504986767,1.01962271494371,0.396341881522186,38.4895780799654
9.61160714285714,0.899561355119153,1.01957427466125,0.396152326433862,38.4901272612218
9.61170634920635,0.899485213610056,1.01952582318284,0.395962862157375,38.4906763810508
9.61180555555556,0.899409080457895,1.01947736051636,0.395773488649648,38.4912254394659
9.61190476190476,0.899332955661094,1.01942888666971,0.395584205867619,38.4917744364806
9.61200396825397,0.899256839218073,1.01938040165078,0.395395013768244,38.4923233721081
9.61210317460317,0.899180731127258,1.01933190546745,0.39520591230849,38.492872246362
9.61220238095238,0.899104631387073,1.0192833981276,0.395016901445345,38.4934210592556
9.61230158730159,0.899028539995945,1.01923487963911,0.394827981135806,38.4939698108024
9.61240079365079,0.898952456952304,1.01918635000986,0.394639151336894,38.4945185010158
9.6125,0.898876382254577,1.01913780924771,0.394450412005641,38.495067129909
9.61259920634921,0.898800315901195,1.01908925736054,0.394261763099094,38.4956156974956
9.61269841269841,0.898724257890591,1.0190406943562,0.394073204574316,38.496164203789
9.61279761904762,0.898648208221196,1.01899212024256,0.393884736388387,38.4967126488024
9.61289682539683,0.898572166891445,1.01894353502749,0.393696358498402,38.4972610325493
9.61299603174603,0.898496133899774,1.01889493871882,0.393508070861471,38.497809355043
9.61309523809524,0.89842010924462,1.01884633132441,0.39331987343472,38.498357616297
9.61319444444444,0.898344092924421,1.01879771285212,0.393131766175293,38.4989058163245
9.61329365079365,0.898268084937616,1.01874908330978,0.392943749040345,38.499453955139
9.61339285714286,0.898192085282645,1.01870044270524,0.39275582198705,38.5000020327537
9.61349206349206,0.898116093957951,1.01865179104633,0.392567984972597,38.5005500491821
9.61359126984127,0.898040110961977,1.01860312834088,0.392380237954191,38.5010980044375
9.61369047619048,0.897964136293167,1.01855445459674,0.392192580889052,38.5016458985332
9.61378968253968,0.897888169949967,1.01850576982172,0.392005013734412,38.5021937314826
9.61388888888889,0.897812211930824,1.01845707402366,0.391817536447529,38.502741503299
9.6139880952381,0.897736262234186,1.01840836721036,0.391630148985667,38.5032892139957
9.6140873015873,0.897660320858504,1.01835964938966,0.391442851306109,38.5038368635861
9.61418650793651,0.897584387802227,1.01831092056936,0.391255643366152,38.5043844520835
9.61428571428571,0.897508463063808,1.01826218075727,0.391068525123112,38.5049319795011
9.61438492063492,0.897432546641699,1.01821342996121,0.390881496534317,38.5054794458524
9.61448412698413,0.897356638534357,1.01816466818897,0.390694557557114,38.5060268511506
9.61458333333333,0.897280738740236,1.01811589544836,0.390507708148862,38.5065741954089
9.61468253968254,0.897204847257793,1.01806711174718,0.390320948266939,38.5071214786408
9.61478174603175,0.897128964085488,1.01801831709322,0.390134277868738,38.5076687008595
9.61488095238095,0.89705308922178,1.01796951149426,0.389947696911665,38.5082158620784
9.61498015873016,0.896977222665129,1.01792069495811,0.389761205353145,38.5087629623105
9.61507936507936,0.896901364413998,1.01787186749254,0.389574803150616,38.5093100015694
9.61517857142857,0.896825514466851,1.01782302910533,0.389388490261534,38.5098569798682
9.61527777777778,0.896749672822151,1.01777417980426,0.389202266643366,38.5104038972203
9.61537698412699,0.896673839478367,1.0177253195971,0.389016132253604,38.5109507536388
9.61547619047619,0.896598014433964,1.01767644849163,0.388830087049748,38.511497549137
9.6155753968254,0.896522197687411,1.01762756649562,0.388644130989313,38.5120442837283
9.6156746031746,0.896446389237178,1.01757867361682,0.388458264029835,38.5125909574258
9.61577380952381,0.896370589081736,1.017529769863,0.388272486128861,38.5131375702429
9.61587301587302,0.896294797219558,1.01748085524192,0.388086797243956,38.5136841221927
9.61597222222222,0.896219013649117,1.01743192976132,0.387901197332699,38.5142306132885
9.61607142857143,0.896143238368889,1.01738299342897,0.387715686352687,38.5147770435436
9.61617063492064,0.896067471377349,1.0173340462526,0.387530264261532,38.5153234129712
9.61626984126984,0.895991712672974,1.01728508823997,0.387344931016859,38.5158697215845
9.61636904761905,0.895915962254244,1.01723611939881,0.387159686576312,38.5164159693967
9.61646825396825,0.895840220119639,1.01718713973686,0.386974530897549,38.516962156421
9.61656746031746,0.895764486267639,1.01713814926185,0.386789463938243,38.5175082826708
9.61666666666667,0.895688760696728,1.01708914798152,0.386604485656086,38.5180543481591
9.61676587301587,0.895613043405388,1.0170401359036,0.386419596008778,38.5186003528992
9.61686507936508,0.895537334392106,1.01699111303579,0.386234794954047,38.5191462969043
9.61696428571429,0.895461633655368,1.01694207938584,0.386050082449626,38.5196921801876
9.61706349206349,0.895385941193662,1.01689303496145,0.385865458453268,38.5202380027623
9.6171626984127,0.895310257005475,1.01684397977034,0.385680922922739,38.5207837646416
9.61726190476191,0.895234581089299,1.01679491382022,0.385496475815825,38.5213294658387
9.61736111111111,0.895158913443625,1.0167458371188,0.385312117090324,38.5218751063667
9.61746031746032,0.895083254066945,1.01669674967377,0.38512784670405,38.5224206862389
9.61755952380952,0.895007602957754,1.01664765149285,0.384943664614835,38.5229662054683
9.61765873015873,0.894931960114546,1.01659854258373,0.384759570780524,38.5235116640683
9.61775793650794,0.894856325535818,1.0165494229541,0.384575565158979,38.5240570620518
9.61785714285714,0.894780699220069,1.01650029261165,0.384391647708077,38.5246023994322
9.61795634920635,0.894705081165797,1.01645115156407,0.384207818385712,38.5251476762225
9.61805555555556,0.894629471371502,1.01640199981905,0.384024077149792,38.525692892436
9.61815476190476,0.894553869835686,1.01635283738426,0.383840423958242,38.5262380480857
9.61825396825397,0.894478276556851,1.01630366426738,0.383656858768999,38.5267831431848
9.61835317460318,0.894402691533502,1.01625448047609,0.383473381540023,38.5273281777464
9.61845238095238,0.894327114764146,1.01620528601806,0.383289992229284,38.5278731517837
9.61855158730159,0.894251546247287,1.01615608090095,0.383106690794769,38.5284180653098
9.61865079365079,0.894175985981435,1.01610686513243,0.382923477194479,38.5289629183379
9.61875,0.894100433965097,1.01605763872016,0.382740351386434,38.529507710881
9.61884920634921,0.894024890196786,1.01600840167179,0.382557313328667,38.5300524429522
9.61894841269841,0.893949354675011,1.01595915399498,0.382374362979228,38.5305971145648
9.61904761904762,0.893873827398288,1.01590989569738,0.382191500296181,38.5311417257317
9.61914682539683,0.893798308365129,1.01586062678664,0.382008725237608,38.5316862764662
9.61924603174603,0.89372279757405,1.0158113472704,0.381826037761606,38.5322307667812
9.61934523809524,0.893647295023569,1.0157620571563,0.381643437826286,38.53277519669
9.61944444444444,0.893571800712203,1.01571275645198,0.381460925389776,38.5333195662055
9.61954365079365,0.893496314638472,1.01566344516507,0.381278500410219,38.5338638753409
9.61964285714286,0.893420836800896,1.01561412330321,0.381096162845775,38.5344081241092
9.61974206349206,0.893345367197997,1.01556479087401,0.380913912654619,38.5349523125236
9.61984126984127,0.893269905828297,1.01551544788511,0.380731749794938,38.5354964405971
9.61994047619048,0.893194452690324,1.01546609434412,0.380549674224943,38.5360405083428
9.62003968253968,0.893119007782601,1.01541673025866,0.380367685902853,38.5365845157737
9.62013888888889,0.893043571103656,1.01536735563635,0.380185784786907,38.5371284629029
9.6202380952381,0.892968142652016,1.01531797048479,0.380003970835356,38.5376723497435
9.6203373015873,0.892892722426212,1.0152685748116,0.379822244006469,38.5382161763085
9.62043650793651,0.892817310424774,1.01521916862437,0.379640604258532,38.538759942611
9.62053571428571,0.892741906646234,1.0151697519307,0.379459051549843,38.539303648664
9.62063492063492,0.892666511089126,1.0151203247382,0.379277585838718,38.5398472944805
9.62073412698413,0.892591123751984,1.01507088705446,0.379096207083488,38.5403908800736
9.62083333333333,0.892515744633344,1.01502143888706,0.378914915242501,38.5409344054563
9.62093253968254,0.892440373731743,1.0149719802436,0.378733710274118,38.5414778706417
9.62103174603175,0.89236501104572,1.01492251113165,0.378552592136719,38.5420212756427
9.62113095238095,0.892289656573814,1.01487303155881,0.378371560788696,38.5425646204724
9.62123015873016,0.892214310314567,1.01482354153263,0.37819061618846,38.5431079051438
9.62132936507937,0.892138972266519,1.01477404106071,0.378009758294433,38.5436511296699
9.62142857142857,0.892063642428216,1.01472453015061,0.37782898706506,38.5441942940638
9.62152777777778,0.891988320798202,1.01467500880989,0.377648302458796,38.5447373983383
9.62162698412699,0.891913007375023,1.01462547704612,0.377467704434112,38.5452804425066
9.62172619047619,0.891837702157226,1.01457593486686,0.377287192949497,38.5458234265815
9.6218253968254,0.891762405143359,1.01452638227967,0.377106767963453,38.5463663505762
9.6219246031746,0.891687116331973,1.01447681929209,0.3769264294345,38.5469092145035
9.62202380952381,0.891611835721619,1.01442724591169,0.376746177321173,38.5474520183764
9.62212301587302,0.891536563310849,1.01437766214601,0.376566011582021,38.547994762208
9.62222222222222,0.891461299098217,1.01432806800258,0.376385932175611,38.5485374460112
9.62232142857143,0.891386043082277,1.01427846348896,0.376205939060525,38.549080069799
9.62242063492064,0.891310795261586,1.01422884861267,0.376026032195359,38.5496226335843
9.62251984126984,0.891235555634702,1.01417922338126,0.375846211538726,38.55016513738
9.62261904761905,0.891160324200182,1.01412958780224,0.375666477049255,38.5507075811993
9.62271825396825,0.891085100956588,1.01407994188316,0.375486828685591,38.5512499650549
9.62281746031746,0.891009885902479,1.01403028563152,0.37530726640639,38.5517922889598
9.62291666666667,0.890934679036419,1.01398061905486,0.375127790170333,38.552334552927
9.62301587301587,0.890859480356973,1.01393094216068,0.374948399936109,38.5528767569694
9.62311507936508,0.890784289862704,1.01388125495651,0.374769095662424,38.5534189011
9.62321428571429,0.89070910755218,1.01383155744985,0.374589877308002,38.5539609853316
9.62331349206349,0.890633933423967,1.01378184964821,0.374410744831579,38.5545030096772
9.6234126984127,0.890558767476635,1.01373213155909,0.374231698191911,38.5550449741497
9.62351190476191,0.890483609708754,1.01368240318999,0.374052737347765,38.5555868787621
9.62361111111111,0.890408460118895,1.01363266454841,0.373873862257928,38.5561287235272
9.62371031746032,0.890333318705631,1.01358291564185,0.3736950728812,38.5566705084579
9.62380952380952,0.890258185467536,1.01353315647778,0.373516369176398,38.5572122335672
9.62390873015873,0.890183060403185,1.01348338706371,0.373337751102352,38.5577538988679
9.62400793650794,0.890107943511155,1.01343360740711,0.373159218617912,38.5582955043729
9.62410714285714,0.890032834790023,1.01338381751546,0.37298077168194,38.5588370500952
9.62420634920635,0.889957734238369,1.01333401739624,0.372802410253315,38.5593785360476
9.62430555555556,0.889882641854772,1.01328420705692,0.372624134290929,38.5599199622429
9.62440476190476,0.889807557637816,1.01323438650497,0.372445943753698,38.5604613286942
9.62450396825397,0.889732481586081,1.01318455574786,0.372267838600545,38.5610026354141
9.62460317460318,0.889657413698153,1.01313471479306,0.372089818790412,38.5615438824157
9.62470238095238,0.889582353972617,1.01308486364801,0.371911884282255,38.5620850697117
9.62480158730159,0.88950730240806,1.01303500232019,0.371734035035048,38.562626197315
9.62490079365079,0.889432259003069,1.01298513081703,0.371556271007778,38.5631672652386
9.625,0.889357223756234,1.012935249146,0.371378592159451,38.5637082734951
9.62509920634921,0.889282196666144,1.01288535731454,0.371200998449086,38.5642492220975
9.62519841269841,0.889207177731393,1.01283545533009,0.371023489835718,38.5647901110587
9.62529761904762,0.889132166950573,1.01278554320009,0.370846066278399,38.5653309403914
9.62539682539682,0.889057164322278,1.01273562093198,0.370668727736194,38.5658717101084
9.62549603174603,0.888982169845104,1.01268568853319,0.370491474168188,38.5664124202227
9.62559523809524,0.888907183517648,1.01263574601115,0.370314305533477,38.566953070747
9.62569444444444,0.888832205338507,1.01258579337329,0.370137221791175,38.5674936616942
9.62579365079365,0.88875723530628,1.01253583062703,0.36996022290041,38.568034193077
9.62589285714286,0.88868227341957,1.01248585777979,0.36978330882033,38.5685746649084
9.62599206349206,0.888607319676978,1.01243587483899,0.369606479510095,38.569115077201
9.62609126984127,0.888532374077107,1.01238588181204,0.36942973492888,38.5696554299677
9.62619047619048,0.888457436618561,1.01233587870634,0.369253075035878,38.5701957232212
9.62628968253968,0.888382507299946,1.01228586552932,0.369076499790296,38.5707359569745
9.62638888888889,0.888307586119868,1.01223584228836,0.368900009151357,38.5712761312402
9.62648809523809,0.888232673076938,1.01218580899087,0.3687236030783,38.5718162460312
9.6265873015873,0.888157768169763,1.01213576564425,0.36854728153038,38.5723563013603
9.62668650793651,0.888082871396954,1.01208571225589,0.368371044466866,38.5728962972401
9.62678571428571,0.888007982757125,1.01203564883318,0.368194891847046,38.5734362336835
9.62688492063492,0.887933102248887,1.0119855753835,0.368018823630219,38.5739761107033
9.62698412698413,0.887858229870856,1.01193549191424,0.367842839775703,38.5745159283122
9.62708333333333,0.887783365621647,1.01188539843278,0.367666940242832,38.575055686523
9.62718253968254,0.887708509499878,1.01183529494649,0.367491124990953,38.5755953853484
9.62728174603175,0.887633661504167,1.01178518146275,0.367315393979428,38.5761350248012
9.62738095238095,0.887558821633133,1.01173505798892,0.367139747167642,38.5766746048941
9.62748015873016,0.887483989885399,1.01168492453238,0.366964184514987,38.5772141256399
9.62757936507936,0.887409166259586,1.01163478110049,0.366788705980875,38.5777535870512
9.62767857142857,0.887334350754317,1.0115846277006,0.366613311524732,38.578292989141
9.62777777777778,0.887259543368217,1.01153446434007,0.366438001106001,38.5788323319218
9.62787698412698,0.887184744099912,1.01148429102626,0.366262774684139,38.5793716154064
9.62797619047619,0.88710995294803,1.01143410776651,0.366087632218621,38.5799108396075
9.6280753968254,0.887035169911199,1.01138391456818,0.365912573668934,38.5804500045378
9.6281746031746,0.886960394988049,1.01133371143859,0.365737598994585,38.5809891102101
9.62827380952381,0.886885628177212,1.01128349838511,0.365562708155094,38.581528156637
9.62837301587301,0.886810869477318,1.01123327541505,0.365387901109998,38.5820671438313
9.62847222222222,0.886736118887003,1.01118304253575,0.365213177818847,38.5826060718056
9.62857142857143,0.886661376404901,1.01113279975455,0.365038538241209,38.5831449405726
9.62867063492063,0.886586642029648,1.01108254707876,0.364863982336668,38.5836837501451
9.62876984126984,0.886511915759881,1.01103228451572,0.36468951006482,38.5842225005358
9.62886904761905,0.88643719759424,1.01098201207273,0.364515121385285,38.5847611917572
9.62896825396825,0.886362487531364,1.01093172975713,0.364340816257689,38.5852998238221
9.62906746031746,0.886287785569896,1.01088143757621,0.364166594641679,38.5858383967432
9.62916666666667,0.886213091708477,1.01083113553729,0.363992456496916,38.586376910533
9.62926587301587,0.88613840594575,1.01078082364768,0.363818401783078,38.5869153652044
9.62936507936508,0.886063728280362,1.01073050191468,0.363644430459856,38.5874537607699
9.62946428571429,0.885989058710959,1.01068017034558,0.36347054248696,38.5879920972422
9.62956349206349,0.885914397236188,1.01062982894769,0.363296737824113,38.588530374634
9.6296626984127,0.885839743854697,1.01057947772829,0.363123016431054,38.5890685929578
9.6297619047619,0.885765098565138,1.01052911669468,0.36294937826754,38.5896067522264
9.62986111111111,0.885690461366162,1.01047874585415,0.362775823293341,38.5901448524524
9.62996031746032,0.885615832256421,1.01042836521397,0.362602351468244,38.5906828936484
9.63005952380952,0.885541211234569,1.01037797478142,0.36242896275205,38.591220875827
9.63015873015873,0.885466598299262,1.01032757456378,0.362255657104579,38.5917587990009
9.63025793650794,0.885391993449155,1.01027716456833,0.36208243448566,38.5922966631827
9.63035714285714,0.885317396682908,1.01022674480233,0.361909294855149,38.592834468385
9.63045634920635,0.885242807999178,1.01017631527305,0.361736238172907,38.5933722146204
9.63055555555556,0.885168227396627,1.01012587598774,0.361563264398815,38.5939099019016
9.63065476190476,0.885093654873916,1.01007542695368,0.361390373492769,38.594447530241
9.63075396825397,0.885019090429708,1.01002496817812,0.361217565414681,38.5949850996514
9.63085317460317,0.884944534062666,1.00997449966831,0.361044840124478,38.5955226101453
9.63095238095238,0.884869985771456,1.00992402143149,0.360872197582103,38.5960600617354
9.63105158730159,0.884795445554746,1.00987353347492,0.360699637747516,38.5965974544341
9.63115079365079,0.884720913411202,1.00982303580584,0.36052716058069,38.5971347882541
9.63125,0.884646389339494,1.00977252843148,0.360354766041616,38.597672063208
9.63134920634921,0.884571873338293,1.00972201135909,0.360182454090298,38.5982092793083
9.63144841269841,0.88449736540627,1.00967148459589,0.36001022468676,38.5987464365676
9.63154761904762,0.884422865542099,1.00962094814912,0.359838077791037,38.5992835349985
9.63164682539682,0.884348373744453,1.00957040202599,0.359666013363182,38.5998205746135
9.63174603174603,0.884273890012007,1.00951984623374,0.359494031363261,38.6003575554252
9.63184523809524,0.88419941434344,1.00946928077958,0.359322131751363,38.6008944774462
9.63194444444444,0.884124946737429,1.00941870567073,0.359150314487585,38.6014313406889
9.63204365079365,0.884050487192654,1.0093681209144,0.358978579532042,38.6019681451659
9.63214285714286,0.883976035707795,1.0093175265178,0.358806926844865,38.6025048908898
9.63224206349206,0.883901592281533,1.00926692248814,0.358635356386201,38.6030415778732
9.63234126984127,0.883827156912553,1.00921630883261,0.358463868116212,38.6035782061284
9.63244047619048,0.883752729599539,1.00916568555842,0.358292461995075,38.6041147756681
9.63253968253968,0.883678310341176,1.00911505267277,0.358121137982984,38.6046512865048
9.63263888888889,0.883603899136151,1.00906441018284,0.357949896040149,38.605187738651
9.63273809523809,0.883529495983153,1.00901375809582,0.357778736126793,38.6057241321192
9.6328373015873,0.883455100880871,1.00896309641891,0.357607658203158,38.6062604669219
9.63293650793651,0.883380713827996,1.00891242515928,0.357436662229499,38.6067967430716
9.63303571428571,0.88330633482322,1.00886174432411,0.357265748166088,38.6073329605809
9.63313492063492,0.883231963865236,1.00881105392058,0.357094915973213,38.6078691194621
9.63323412698413,0.883157600952738,1.00876035395586,0.356924165611174,38.6084052197279
9.63333333333333,0.883083246084424,1.00870964443712,0.356753497040295,38.6089412613907
9.63343253968254,0.88300889925899,1.00865892537152,0.356582910220907,38.609477244463
9.63353174603175,0.882934560475134,1.00860819676624,0.356412405113361,38.6100131689572
9.63363095238095,0.882860229731557,1.00855745862841,0.356241981678022,38.6105490348858
9.63373015873016,0.882785907026958,1.00850671096522,0.356071639875271,38.6110848422614
9.63382936507936,0.88271159236004,1.00845595378379,0.355901379665506,38.6116205910963
9.63392857142857,0.882637285729508,1.00840518709129,0.355731201009138,38.6121562814031
9.63402777777778,0.882562987134065,1.00835441089487,0.355561103866596,38.6126919131941
9.63412698412698,0.882488696572417,1.00830362520165,0.355391088198325,38.6132274864819
9.63422619047619,0.882414414043272,1.00825283001878,0.355221153964782,38.6137630012788
9.6343253968254,0.882340139545339,1.0082020253534,0.355051301126445,38.6142984575974
9.6344246031746,0.882265873077327,1.00815121121264,0.354881529643803,38.6148338554501
9.63452380952381,0.882191614637947,1.00810038760363,0.354711839477362,38.6153691948493
9.63462301587301,0.882117364225912,1.00804955453349,0.354542230587646,38.6159044758074
9.63472222222222,0.882043121839935,1.00799871200934,0.354372702935189,38.6164396983369
9.63482142857143,0.881968887478731,1.00794786003832,0.35420325648055,38.6169748624501
9.63492063492064,0.881894661141018,1.00789699862752,0.354033891184294,38.6175099681596
9.63501984126984,0.881820442825511,1.00784612778406,0.353864607007008,38.6180450154776
9.63511904761905,0.88174623253093,1.00779524751506,0.353695403909291,38.6185800044167
9.63521825396825,0.881672030255995,1.00774435782761,0.353526281851759,38.6191149349893
9.63531746031746,0.881597835999427,1.00769345872882,0.353357240795044,38.6196498072076
9.63541666666667,0.881523649759948,1.00764255022579,0.353188280699793,38.6201846210842
9.63551587301587,0.881449471536283,1.00759163232562,0.353019401526669,38.6207193766315
9.63561507936508,0.881375301327156,1.00754070503539,0.352850603236351,38.6212540738617
9.63571428571429,0.881301139131294,1.00748976836219,0.352681885789533,38.6217887127873
9.63581349206349,0.881226984947424,1.00743882231312,0.352513249146925,38.6223232934207
9.6359126984127,0.881152838774276,1.00738786689525,0.352344693269252,38.6228578157742
9.6360119047619,0.881078700610579,1.00733690211566,0.352176218117256,38.6233922798603
9.63611111111111,0.881004570455066,1.00728592798142,0.352007823651694,38.6239266856912
9.63621031746032,0.880930448306466,1.00723494449962,0.351839509833335,38.6244610332794
9.63630952380952,0.880856334163517,1.00718395167731,0.351671276622972,38.6249953226372
9.63640873015873,0.880782228024954,1.00713294952157,0.351503123981407,38.6255295537769
9.63650793650794,0.880708129889511,1.00708193803945,0.35133505186946,38.626063726711
9.63660714285714,0.880634039755928,1.00703091723801,0.351167060247965,38.6265978414517
9.63670634920635,0.880559957622943,1.00697988712432,0.350999149077773,38.6271318980113
9.63680555555556,0.880485883489296,1.00692884770542,0.350831318319751,38.6276658964024
9.63690476190476,0.880411817353729,1.00687779898835,0.35066356793478,38.628199836637
9.63700396825397,0.880337759214985,1.00682674098018,0.350495897883759,38.6287337187277
9.63710317460317,0.880263709071809,1.00677567368793,0.3503283081276,38.6292675426866
9.63720238095238,0.880189666922945,1.00672459711864,0.350160798627233,38.6298013085262
9.63730158730159,0.880115632767139,1.00667351127936,0.349993369343602,38.6303350162587
9.63740079365079,0.880041606603142,1.00662241617712,0.349826020237667,38.6308686658965
9.6375,0.8799675884297,1.00657131181893,0.349658751270405,38.6314022574519
9.63759920634921,0.879893578245565,1.00652019821184,0.349491562402807,38.631935790937
9.63769841269841,0.879819576049487,1.00646907536285,0.349324453595877,38.6324692663644
9.63779761904762,0.879745581840223,1.00641794327899,0.349157424810645,38.6330026837462
9.63789682539683,0.879671595616524,1.00636680196728,0.348990476008145,38.6335360430947
9.63799603174603,0.879597617377146,1.00631565143472,0.348823607149431,38.6340693444223
9.63809523809524,0.879523647120847,1.00626449168832,0.348656818195575,38.6346025877411
9.63819444444444,0.879449684846383,1.0062133227351,0.34849010910766,38.6351357730636
9.63829365079365,0.879375730552516,1.00616214458205,0.348323479846789,38.6356689004018
9.63839285714286,0.879301784238005,1.00611095723617,0.348156930374078,38.6362019697682
9.63849206349206,0.879227845901612,1.00605976070445,0.347990460650659,38.636734981175
9.63859126984127,0.8791539155421,1.00600855499389,0.347824070637681,38.6372679346344
9.63869047619048,0.879079993158234,1.00595734011148,0.347657760296307,38.6378008301587
9.63878968253968,0.87900607874878,1.00590611606419,0.347491529587716,38.6383336677601
9.63888888888889,0.878932172312505,1.00585488285903,0.347325378473104,38.6388664474509
9.63898809523809,0.878858273848176,1.00580364050295,0.347159306913682,38.6393991692433
9.6390873015873,0.878784383354563,1.00575238900294,0.346993314870675,38.6399318331496
9.63918650793651,0.878710500830437,1.00570112836597,0.346827402305324,38.640464439182
9.63928571428571,0.878636626274571,1.005649858599,0.346661569178889,38.6409969873527
9.63938492063492,0.878562759685737,1.00559857970901,0.346495815452644,38.641529477674
9.63948412698413,0.878488901062711,1.00554729170295,0.346330141087876,38.642061910158
9.63958333333333,0.878415050404267,1.00549599458779,0.346164546045889,38.642594284817
9.63968253968254,0.878341207709184,1.00544468837047,0.345999030288005,38.6431266016632
9.63978174603175,0.878267372976239,1.00539337305795,0.345833593775559,38.6436588607088
9.63988095238095,0.878193546204213,1.00534204865718,0.345668236469903,38.644191061966
9.63998015873016,0.878119727391885,1.0052907151751,0.345502958332403,38.644723205447
9.64007936507936,0.87804591653804,1.00523937261866,0.345337759324442,38.6452552911639
9.64017857142857,0.877972113641459,1.00518802099479,0.34517263940742,38.6457873191291
9.64027777777778,0.877898318700927,1.00513666031043,0.34500759854275,38.6463192893546
9.64037698412698,0.877824531715232,1.00508529057251,0.344842636691861,38.6468512018527
9.64047619047619,0.877750752683159,1.00503391178796,0.3446777538162,38.6473830566355
9.6405753968254,0.877676981603498,1.0049825239637,0.344512949877227,38.6479148537151
9.6406746031746,0.877603218475038,1.00493112710665,0.344348224836417,38.6484465931039
9.64077380952381,0.877529463296571,1.00487972122374,0.344183578655266,38.6489782748138
9.64087301587302,0.877455716066889,1.00482830632188,0.344019011295281,38.6495098988572
9.64097222222222,0.877381976784786,1.00477688240798,0.343854522717984,38.6500414652461
9.64107142857143,0.877308245449056,1.00472544948895,0.343690112884916,38.6505729739926
9.64117063492064,0.877234522058496,1.00467400757169,0.343525781757632,38.651104425109
9.64126984126984,0.877160806611903,1.0046225566631,0.343361529297701,38.6516358186074
9.64136904761905,0.877087099108076,1.00457109677009,0.34319735546671,38.6521671544999
9.64146825396825,0.877013399545814,1.00451962789955,0.343033260226261,38.6526984327986
9.64156746031746,0.876939707923921,1.00446815005837,0.342869243537972,38.6532296535158
9.64166666666667,0.876866024241196,1.00441666325344,0.342705305363476,38.6537608166634
9.64176587301587,0.876792348496445,1.00436516749164,0.342541445664421,38.6542919222536
9.64186507936508,0.876718680688473,1.00431366277985,0.342377664402472,38.6548229702986
9.64196428571429,0.876645020816086,1.00426214912496,0.342213961539309,38.6553539608104
9.64206349206349,0.876571368878092,1.00421062653383,0.342050337036629,38.6558848938011
9.6421626984127,0.876497724873297,1.00415909501335,0.341886790856139,38.6564157692829
9.64226190476191,0.876424088800516,1.00410755457037,0.341723322959573,38.6569465872679
9.64236111111111,0.876350460658557,1.00405600521177,0.34155993330867,38.6574773477681
9.64246031746032,0.876276840446235,1.00400444694439,0.341396621865188,38.6580080507957
9.64255952380952,0.876203228162362,1.00395287977512,0.341233388590902,38.6585386963627
9.64265873015873,0.876129623805754,1.00390130371078,0.341070233447602,38.6590692844812
9.64275793650794,0.876056027375227,1.00384971875825,0.340907156397092,38.6595998151632
9.64285714285714,0.8759824388696,1.00379812492437,0.340744157401194,38.660130288421
9.64295634920635,0.875908858287691,1.00374652221597,0.340581236421745,38.6606607042664
9.64305555555556,0.875835285628321,1.00369491063991,0.340418393420596,38.6611910627116
9.64315476190476,0.875761720890311,1.00364329020302,0.340255628359616,38.6617213637687
9.64325396825397,0.875688164072484,1.00359166091214,0.340092941200687,38.6622516074497
9.64335317460317,0.875614615173664,1.00354002277409,0.339930331905711,38.6627817937666
9.64345238095238,0.875541074192677,1.00348837579571,0.3397678004366,38.6633119227316
9.64355158730159,0.875467541128348,1.00343671998382,0.339605346755286,38.6638419943565
9.64365079365079,0.875394015979507,1.00338505534524,0.339442970823713,38.6643720086536
9.64375,0.875320498744982,1.00333338188679,0.339280672603848,38.6649019656347
9.64384920634921,0.875246989423605,1.00328169961529,0.339118452057664,38.6654318653121
9.64394841269841,0.875173488014206,1.00323000853754,0.338956309147156,38.6659617076975
9.64404761904762,0.875099994515619,1.00317830866035,0.338794243834332,38.6664914928032
9.64414682539683,0.875026508926678,1.00312659999054,0.338632256081217,38.6670212206411
9.64424603174603,0.874953031246218,1.00307488253489,0.33847034584985,38.6675508912232
9.64434523809524,0.874879561473076,1.00302315630021,0.338308513102288,38.6680805045615
9.64444444444444,0.874806099606091,1.00297142129329,0.338146757800601,38.668610060668
9.64454365079365,0.874732645644102,1.00291967752093,0.337985079906878,38.6691395595548
9.64464285714286,0.87465919958595,1.00286792498991,0.33782347938322,38.6696690012338
9.64474206349206,0.874585761430475,1.00281616370702,0.337661956191746,38.670198385717
9.64484126984127,0.874512331176522,1.00276439367903,0.337500510294589,38.6707277130164
9.64494047619048,0.874438908822935,1.00271261491273,0.3373391416539,38.6712569831439
9.64503968253968,0.87436549436856,1.00266082741489,0.337177850231843,38.6717861961117
9.64513888888889,0.874292087812242,1.00260903119228,0.337016635990598,38.6723153519316
9.6452380952381,0.874218689152832,1.00255722625167,0.336855498892366,38.6728444506155
9.6453373015873,0.874145298389179,1.00250541259983,0.336694438899355,38.6733734921756
9.64543650793651,0.874071915520133,1.00245359024351,0.336533455973795,38.6739024766236
9.64553571428571,0.873998540544546,1.00240175918947,0.336372550077929,38.6744314039717
9.64563492063492,0.873925173461271,1.00234991944447,0.336211721174015,38.6749602742317
9.64573412698413,0.873851814269164,1.00229807101526,0.336050969224329,38.6754890874155
9.64583333333333,0.87377846296708,1.00224621390859,0.335890294191162,38.6760178435352
9.64593253968254,0.873705119553877,1.0021943481312,0.335729696036818,38.6765465426026
9.64603174603175,0.873631784028411,1.00214247368983,0.335569174723621,38.6770751846298
9.64613095238095,0.873558456389545,1.00209059059122,0.335408730213907,38.6776037696286
9.64623015873016,0.873485136636137,1.00203869884211,0.33524836247003,38.6781322976109
9.64632936507936,0.873411824767051,1.00198679844922,0.335088071454358,38.6786607685887
9.64642857142857,0.87333852078115,1.00193488941928,0.334927857129275,38.6791891825739
9.64652777777778,0.873265224677299,1.00188297175903,0.334767719457182,38.6797175395783
9.64662698412699,0.873191936454363,1.00183104547517,0.334607658400492,38.680245839614
9.64672619047619,0.873118656111211,1.00177911057443,0.334447673921641,38.6807740826929
9.6468253968254,0.87304538364671,1.00172716706352,0.334287765983073,38.6813022688267
9.6469246031746,0.872972119059731,1.00167521494916,0.334127934547252,38.6818303980274
9.64702380952381,0.872898862349144,1.00162325423804,0.333968179576654,38.682358470307
9.64712301587302,0.872825613513823,1.00157128493688,0.333808501033775,38.6828864856772
9.64722222222222,0.87275237255264,1.00151930705238,0.333648898881124,38.68341444415
9.64732142857143,0.872679139464471,1.00146732059123,0.333489373081226,38.6839423457373
9.64742063492064,0.872605914248191,1.00141532556012,0.333329923596621,38.6844701904509
9.64751984126984,0.872532696902679,1.00136332196576,0.333170550389867,38.6849979783027
9.64761904761905,0.872459487426813,1.00131130981482,0.333011253423535,38.6855257093045
9.64771825396825,0.872386285819472,1.001259289114,0.332852032660214,38.6860533834683
9.64781746031746,0.872313092079539,1.00120725986996,0.332692888062506,38.6865810008058
9.64791666666667,0.872239906205896,1.0011552220894,0.332533819593031,38.687108561329
9.64801587301587,0.872166728197426,1.00110317577898,0.332374827214424,38.6876360650496
9.64811507936508,0.872093558053014,1.00105112094537,0.332215910889332,38.6881635119796
9.64821428571429,0.872020395771548,1.00099905759524,0.332057070580427,38.6886909021307
9.64831349206349,0.871947241351914,1.00094698573527,0.331898306250387,38.6892182355148
9.6484126984127,0.871874094793002,1.0008949053721,0.33173961786191,38.6897455121438
9.64851190476191,0.871800956093702,1.00084281651239,0.331581005377709,38.6902727320294
9.64861111111111,0.871727825252905,1.00079071916281,0.331422468760513,38.6907998951834
9.64871031746032,0.871654702269503,1.00073861333,0.331264007973066,38.6913270016178
9.64880952380952,0.871581587142392,1.0006864990206,0.331105622978128,38.6918540513443
9.64890873015873,0.871508479870465,1.00063437624127,0.330947313738474,38.6923810443747
9.64900793650794,0.87143538045262,1.00058224499864,0.330789080216895,38.6929079807208
9.64910714285714,0.871362288887754,1.00053010529935,0.3306309223762,38.6934348603944
9.64920634920635,0.871289205174766,1.00047795715003,0.330472840179209,38.6939616834074
9.64930555555556,0.871216129312557,1.00042580055732,0.330314833588762,38.6944884497714
9.64940476190476,0.871143061300029,1.00037363552785,0.330156902567712,38.6950151594984
9.64950396825397,0.871070001136083,1.00032146206823,0.329999047078928,38.6955418126
9.64960317460318,0.870996948819624,1.00026928018509,0.329841267085294,38.6960684090881
9.64970238095238,0.870923904349558,1.00021708988504,0.329683562549714,38.6965949489744
9.64980158730159,0.870850867724792,1.00016489117471,0.329525933435104,38.6971214322707
9.64990079365079,0.870777838944232,1.00011268406069,0.329368379704394,38.6976478589888
9.65,0.87070481800679,1.00006046854961,0.329210901320533,38.6981742291405
9.65009920634921,0.870631804911374,1.00000824464805,0.329053498246484,38.6987005427374
9.65019841269841,0.870558799656896,0.999956012362631,0.328896170445227,38.6992267997913
9.65029761904762,0.870485802242271,0.99990377169994,0.328738917879755,38.6997530003141
9.65039682539683,0.870412812666411,0.999851522666574,0.328581740513079,38.7002791443174
9.65049603174603,0.870339830928233,0.999799265269122,0.328424638308225,38.7008052318129
9.65059523809524,0.870266857026653,0.999746999514174,0.328267611228235,38.7013312628125
9.65069444444444,0.87019389096059,0.999694725408312,0.328110659236166,38.7018572373278
9.65079365079365,0.870120932728962,0.999642442958117,0.327953782295091,38.7023831553706
9.65089285714286,0.870047982330691,0.999590152170166,0.327796980368098,38.7029090169525
9.65099206349206,0.869975039764698,0.999537853051035,0.327640253418292,38.7034348220854
9.65109126984127,0.869902105029905,0.999485545607292,0.327483601408791,38.7039605707809
9.65119047619048,0.86982917812524,0.999433229845506,0.327327024302733,38.7044862630508
9.65128968253968,0.869756259049626,0.999380905772242,0.327170522063269,38.7050118989066
9.65138888888889,0.869683347801991,0.999328573394058,0.327014094653565,38.7055374783603
9.6514880952381,0.869610444381262,0.999276232717513,0.326857742036803,38.7060630014233
9.6515873015873,0.869537548786371,0.999223883749161,0.326701464176182,38.7065884681075
9.65168650793651,0.869464661016246,0.999171526495552,0.326545261034915,38.7071138784245
9.65178571428571,0.86939178106982,0.999119160963233,0.326389132576232,38.707639232386
9.65188492063492,0.869318908946027,0.999066787158749,0.326233078763378,38.7081645300037
9.65198412698413,0.869246044643802,0.999014405088639,0.326077099559613,38.7086897712892
9.65208333333333,0.869173188162079,0.998962014759442,0.325921194928215,38.7092149562543
9.65218253968254,0.869100339499797,0.998909616177691,0.325765364832474,38.7097400849106
9.65228174603175,0.869027498655893,0.998857209349916,0.325609609235699,38.7102651572697
9.65238095238095,0.868954665629308,0.998804794282646,0.325453928101212,38.7107901733434
9.65248015873016,0.868881840418981,0.998752370982403,0.325298321392354,38.7113151331432
9.65257936507937,0.868809023023856,0.998699939455708,0.325142789072476,38.7118400366808
9.65267857142857,0.868736213442876,0.998647499709079,0.324987331104952,38.7123648839679
9.65277777777778,0.868663411674986,0.998595051749029,0.324831947453167,38.7128896750161
9.65287698412699,0.868590617719132,0.998542595582069,0.324676638080523,38.713414409837
9.65297619047619,0.86851783157426,0.998490131214706,0.324521402950435,38.7139390884423
9.6530753968254,0.868445053239321,0.998437658653444,0.324366242026338,38.7144637108437
9.6531746031746,0.868372282713263,0.998385177904783,0.324211155271679,38.7149882770526
9.65327380952381,0.868299519995037,0.998332688975221,0.324056142649924,38.7155127870808
9.65337301587302,0.868226765083596,0.99828019187125,0.323901204124551,38.7160372409398
9.65347222222222,0.868154017977894,0.998227686599362,0.323746339659056,38.7165616386413
9.65357142857143,0.868081278676886,0.998175173166044,0.32359154921695,38.7170859801969
9.65367063492064,0.868008547179527,0.998122651577779,0.32343683276176,38.7176102656182
9.65376984126984,0.867935823484775,0.998070121841048,0.323282190257028,38.7181344949167
9.65386904761905,0.86786310759159,0.998017583962328,0.323127621666313,38.7186586681041
9.65396825396825,0.86779039949893,0.997965037948093,0.322973126953188,38.7191827851919
9.65406746031746,0.867717699205756,0.997912483804812,0.32281870608124,38.7197068461918
9.65416666666667,0.867645006711033,0.997859921538954,0.322664359014078,38.7202308511154
9.65426587301587,0.867572322013724,0.997807351156981,0.322510085715322,38.7207547999741
9.65436507936508,0.867499645112793,0.997754772665355,0.322355886148606,38.7212786927796
9.65446428571429,0.867426976007207,0.997702186070531,0.322201760277584,38.7218025295434
9.65456349206349,0.867354314695934,0.997649591378965,0.322047708065923,38.7223263102771
9.6546626984127,0.867281661177942,0.997596988597105,0.321893729477306,38.7228500349923
9.65476190476191,0.867209015452201,0.9975443777314,0.321739824475432,38.7233737037005
9.65486111111111,0.867136377517684,0.997491758788292,0.321585993024015,38.7238973164132
9.65496031746032,0.867063747373362,0.997439131774223,0.321432235086786,38.7244208731421
9.65505952380952,0.866991125018211,0.997386496695628,0.32127855062749,38.7249443738986
9.65515873015873,0.866918510451203,0.997333853558942,0.32112493960989,38.7254678186943
9.65525793650794,0.866845903671318,0.997281202370594,0.320971401997762,38.7259912075407
9.65535714285714,0.866773304677532,0.997228543137013,0.320817937754898,38.7265145404494
9.65545634920635,0.866700713468823,0.99717587586462,0.320664546845107,38.7270378174318
9.65555555555556,0.866628130044173,0.997123200559837,0.320511229232212,38.7275610384995
9.65565476190476,0.866555554402563,0.997070517229081,0.320357984880056,38.7280842036641
9.65575396825397,0.866482986542977,0.997017825878764,0.320204813752493,38.7286073129369
9.65585317460318,0.866410426464397,0.996965126515298,0.320051715813393,38.7291303663296
9.65595238095238,0.866337874165811,0.996912419145089,0.319898691026644,38.7296533638536
9.65605158730159,0.866265329646203,0.996859703774541,0.319745739356147,38.7301763055205
9.65615079365079,0.866192792904563,0.996806980410053,0.31959286076582,38.7306991913416
9.65625,0.866120263939879,0.996754249058023,0.319440055219597,38.7312220213286
9.65634920634921,0.866047742751141,0.996701509724844,0.319287322681428,38.7317447954928
9.65644841269841,0.865975229337342,0.996648762416906,0.319134663115278,38.7322675138459
9.65654761904762,0.865902723697475,0.996596007140596,0.318982076485126,38.7327901763992
9.65664682539682,0.865830225830533,0.996543243902298,0.318829562754969,38.7333127831642
9.65674603174603,0.865757735735513,0.996490472708391,0.318677121888819,38.7338353341524
9.65684523809524,0.865685253411412,0.996437693565252,0.318524753850703,38.7343578293753
9.65694444444444,0.865612778857226,0.996384906479256,0.318372458604666,38.7348802688443
9.65704365079365,0.865540312071955,0.99633211145677,0.318220236114762,38.7354026525708
9.65714285714286,0.865467853054602,0.996279308504164,0.318068086345072,38.7359249805664
9.65724206349206,0.865395401804166,0.9962264976278,0.317916009259682,38.7364472528424
9.65734126984127,0.865322958319652,0.996173678834038,0.3177640048227,38.7369694694104
9.65744047619048,0.865250522600064,0.996120852129235,0.317612072998245,38.7374916302817
9.65753968253968,0.865178094644407,0.996068017519744,0.317460213750456,38.7380137354678
9.65763888888889,0.865105674451689,0.996015175011915,0.317308427043485,38.7385357849801
9.65773809523809,0.865033262020918,0.995962324612096,0.3171567128415,38.73905777883
9.6578373015873,0.864960857351103,0.995909466326628,0.317005071108686,38.739579717029
9.65793650793651,0.864888460441255,0.995856600161853,0.316853501809241,38.7401015995885
9.65803571428571,0.864816071290386,0.995803726124106,0.316702004907382,38.7406234265198
9.65813492063492,0.864743689897509,0.995750844219722,0.316550580367339,38.7411451978344
9.65823412698413,0.86467131626164,0.99569795445503,0.316399228153359,38.7416669135438
9.65833333333333,0.864598950381793,0.995645056836356,0.316247948229705,38.7421885736592
9.65843253968254,0.864526592256987,0.995592151370025,0.316096740560653,38.7427101781921
9.65853174603175,0.864454241886238,0.995539238062355,0.315945605110496,38.7432317271539
9.65863095238095,0.864381899268568,0.995486316919664,0.315794541843546,38.743753220556
9.65873015873016,0.864309564402997,0.995433387948266,0.315643550724127,38.7442746584097
9.65882936507936,0.864237237288548,0.995380451154469,0.31549263171658,38.7447960407264
9.65892857142857,0.864164917924244,0.99532750654458,0.315341784785259,38.7453173675176
9.65902777777778,0.864092606309109,0.995274554124903,0.315191009894538,38.7458386387945
9.65912698412698,0.864020302442169,0.995221593901738,0.315040307008803,38.7463598545685
9.65922619047619,0.863948006322453,0.99516862588138,0.314889676092458,38.746881014851
9.6593253968254,0.863875717948988,0.995115650070124,0.314739117109922,38.7474021196534
9.6594246031746,0.863803437320804,0.995062666474258,0.314588630025628,38.7479231689869
9.65952380952381,0.863731164436933,0.995009675100071,0.314438214804026,38.748444162863
9.65962301587301,0.863658899296406,0.994956675953844,0.314287871409584,38.748965101293
9.65972222222222,0.863586641898258,0.994903669041857,0.314137599806781,38.7494859842882
9.65982142857143,0.863514392241524,0.994850654370388,0.313987399960115,38.75000681186
9.65992063492063,0.863442150325238,0.994797631945709,0.313837271834098,38.7505275840197
9.66001984126984,0.863369916148439,0.994744601774089,0.313687215393258,38.7510483007786
9.66011904761905,0.863297689710167,0.994691563861796,0.313537230602141,38.751568962148
9.66021825396825,0.86322547100946,0.994638518215092,0.313387317425305,38.7520895681393
9.66031746031746,0.86315326004536,0.994585464840238,0.313237475827326,38.7526101187637
9.66041666666667,0.86308105681691,0.99453240374349,0.313087705772795,38.7531306140326
9.66051587301587,0.863008861323153,0.9944793349311,0.312938007226317,38.7536510539573
9.66061507936508,0.862936673563135,0.994426258409319,0.312788380152515,38.7541714385491
9.66071428571429,0.862864493535901,0.994373174184393,0.312638824516028,38.7546917678192
9.66081349206349,0.8627923212405,0.994320082262565,0.312489340281508,38.7552120417791
9.6609126984127,0.86272015667598,0.994266982650074,0.312339927413624,38.7557322604398
9.6610119047619,0.862647999841391,0.994213875353158,0.312190585877062,38.7562524238128
9.66111111111111,0.862575850735785,0.994160760378048,0.312041315636522,38.7567725319093
9.66121031746032,0.862503709358215,0.994107637730976,0.31189211665672,38.7572925847406
9.66130952380952,0.862431575707734,0.994054507418166,0.311742988902387,38.7578125823179
9.66140873015873,0.862359449783398,0.994001369445842,0.311593932338271,38.7583325246526
9.66150793650794,0.862287331584262,0.993948223820224,0.311444946929133,38.7588524117559
9.66160714285714,0.862215221109386,0.993895070547528,0.311296032639756,38.7593722436389
9.66170634920635,0.862143118357829,0.993841909633967,0.311147189434932,38.7598920203131
9.66180555555556,0.862071023328649,0.993788741085751,0.310998417279471,38.7604117417896
9.66190476190476,0.861998936020909,0.993735564909085,0.310849716138199,38.7609314080797
9.66200396825397,0.861926856433673,0.993682381110173,0.310701085975956,38.7614510191946
9.66210317460317,0.861854784566003,0.993629189695215,0.310552526757601,38.7619705751455
9.66220238095238,0.861782720416966,0.993575990670406,0.310404038448005,38.7624900759438
9.66230158730159,0.861710663985627,0.99352278404194,0.310255621012056,38.7630095216005
9.66240079365079,0.861638615271055,0.993469569816006,0.310107274414659,38.763528912127
9.6625,0.86156657427232,0.99341634799879,0.309958998620733,38.7640482475345
9.66259920634921,0.861494540988491,0.993363118596476,0.309810793595213,38.7645675278341
9.66269841269841,0.86142251541864,0.993309881615242,0.30966265930305,38.765086753037
9.66279761904762,0.861350497561841,0.993256637061265,0.30951459570921,38.7656059231546
9.66289682539682,0.861278487417167,0.993203384940717,0.309366602778676,38.7661250381979
9.66299603174603,0.861206484983694,0.993150125259768,0.309218680476444,38.7666440981782
9.66309523809524,0.861134490260499,0.993096858024586,0.30907082876753,38.7671631031067
9.66319444444444,0.861062503246661,0.993043583241331,0.308923047616962,38.7676820529945
9.66329365079365,0.860990523941258,0.992990300916164,0.308775336989785,38.7682009478528
9.66339285714286,0.860918552343371,0.992937011055241,0.308627696851058,38.7687197876929
9.66349206349206,0.860846588452082,0.992883713664715,0.308480127165858,38.7692385725258
9.66359126984127,0.860774632266474,0.992830408750735,0.308332627899277,38.7697573023628
9.66369047619048,0.860702683785632,0.992777096319446,0.308185199016422,38.7702759772151
9.66378968253968,0.860630743008641,0.992723776376993,0.308037840482416,38.7707945970937
9.66388888888889,0.860558809934588,0.992670448929514,0.307890552262397,38.7713131620099
9.66398809523809,0.860486884562562,0.992617113983145,0.307743334321519,38.7718316719747
9.6640873015873,0.860414966891652,0.99256377154402,0.307596186624954,38.7723501269994
9.66418650793651,0.860343056920948,0.992510421618267,0.307449109137885,38.7728685270951
9.66428571428571,0.860271154649544,0.992457064212012,0.307302101825515,38.7733868722729
9.66438492063492,0.860199260076532,0.992403699331379,0.30715516465306,38.773905162544
9.66448412698413,0.860127373201006,0.992350326982485,0.307008297585751,38.7744233979195
9.66458333333333,0.860055494022063,0.992296947171449,0.306861500588839,38.7749415784105
9.66468253968254,0.8599836225388,0.992243559904382,0.306714773627588,38.7754597040281
9.66478174603175,0.859911758750315,0.992190165187394,0.306568116667275,38.7759777747835
9.66488095238095,0.859839902655708,0.99213676302659,0.306421529673197,38.7764957906878
9.66498015873016,0.85976805425408,0.992083353428073,0.306275012610663,38.7770137517521
9.66507936507936,0.859696213544533,0.992029936397943,0.306128565445001,38.7775316579874
9.66517857142857,0.859624380526171,0.991976511942295,0.305982188141553,38.778049509405
9.66527777777778,0.859552555198098,0.991923080067223,0.305835880665675,38.7785673060158
9.66537698412698,0.85948073755942,0.991869640778814,0.305689642982742,38.779085047831
9.66547619047619,0.859408927609245,0.991816194083156,0.305543475058142,38.7796027348617
9.6655753968254,0.859337125346681,0.991762739986331,0.30539737685728,38.7801203671189
9.6656746031746,0.859265330770839,0.991709278494418,0.305251348345577,38.7806379446138
9.66577380952381,0.859193543880828,0.991655809613492,0.305105389488468,38.7811554673574
9.66587301587301,0.859121764675762,0.991602333349628,0.304959500251405,38.7816729353607
9.66597222222222,0.859049993154753,0.991548849708892,0.304813680599853,38.7821903486349
9.66607142857143,0.858978229316918,0.991495358697352,0.3046679304993,38.7827077071911
9.66617063492064,0.858906473161372,0.991441860321071,0.30452224991524,38.7832250110401
9.66626984126984,0.858834724687233,0.991388354586107,0.30437663881319,38.7837422601932
9.66636904761905,0.85876298389362,0.991334841498516,0.304231097158678,38.7842594546614
9.66646825396825,0.858691250779652,0.99128132106435,0.30408562491725,38.7847765944556
9.66656746031746,0.85861952534445,0.99122779328966,0.303940222054467,38.785293679587
9.66666666666667,0.858547807587138,0.991174258180489,0.303794888535907,38.7858107100667
9.66676587301587,0.858476097506839,0.991120715742882,0.30364962432716,38.7863276859055
9.66686507936508,0.858404395102678,0.991067165982877,0.303504429393837,38.7868446071146
9.66696428571429,0.858332700373782,0.99101360890651,0.30335930370156,38.7873614737049
9.66706349206349,0.858261013319277,0.990960044519814,0.303214247215968,38.7878782856875
9.6671626984127,0.858189333938294,0.990906472828816,0.303069259902716,38.7883950430735
9.6672619047619,0.858117662229961,0.990852893839544,0.302924341727476,38.7889117458737
9.66736111111111,0.858045998193411,0.990799307558019,0.302779492655934,38.7894283940993
9.66746031746032,0.857974341827776,0.990745713990261,0.30263471265379,38.7899449877612
9.66755952380952,0.85790269313219,0.990692113142285,0.302490001686765,38.7904615268705
9.66765873015873,0.857831052105789,0.990638505020105,0.30234535972059,38.790978011438
9.66775793650794,0.857759418747709,0.990584889629728,0.302200786721015,38.7914944414748
9.66785714285714,0.857687793057088,0.99053126697716,0.302056282653803,38.7920108169919
9.66795634920635,0.857616175033064,0.990477637068404,0.301911847484736,38.7925271380003
9.66805555555556,0.857544564674778,0.990423999909459,0.301767481179609,38.793043404511
9.66815476190476,0.857472961981372,0.990370355506321,0.301623183704234,38.7935596165348
9.66825396825397,0.857401366951989,0.990316703864981,0.301478955024438,38.7940757740828
9.66835317460317,0.857329779585772,0.990263044991429,0.301334795106063,38.794591877166
9.66845238095238,0.857258199881867,0.99020937889165,0.301190703914968,38.7951079257953
9.66855158730159,0.85718662783942,0.990155705571627,0.301046681417028,38.7956239199816
9.66865079365079,0.857115063457581,0.990102025037339,0.300902727578132,38.7961398597359
9.66875,0.857043506735497,0.990048337294761,0.300758842364185,38.7966557450692
9.66884920634921,0.856971957672319,0.989994642349865,0.300615025741108,38.7971715759924
9.66894841269841,0.856900416267198,0.98994094020862,0.300471277674837,38.7976873525164
9.66904761904762,0.85682888251929,0.989887230876993,0.300327598131327,38.7982030746522
9.66914682539683,0.856757356427746,0.989833514360945,0.300183987076545,38.7987187424106
9.66924603174603,0.856685837991724,0.989779790666435,0.300040444476474,38.7992343558027
9.66934523809524,0.856614327210379,0.989726059799418,0.299896970297113,38.7997499148393
9.66944444444444,0.856542824082869,0.989672321765848,0.299753564504478,38.8002654195313
9.66954365079365,0.856471328608355,0.989618576571672,0.299610227064599,38.8007808698897
9.66964285714286,0.856399840785997,0.989564824222836,0.299466957943523,38.8012962659254
9.66974206349206,0.856328360614956,0.989511064725282,0.299323757107311,38.8018116076493
9.66984126984127,0.856256888094396,0.98945729808495,0.29918062452204,38.8023268950722
9.66994047619048,0.856185423223481,0.989403524307774,0.299037560153805,38.8028421282051
9.67003968253968,0.856113966001378,0.989349743399688,0.298894563968714,38.8033573070588
9.67013888888889,0.856042516427252,0.989295955366618,0.29875163593289,38.8038724316442
9.67023809523809,0.855971074500272,0.989242160214492,0.298608776012476,38.8043875019723
9.6703373015873,0.855899640219608,0.989188357949231,0.298465984173626,38.8049025180539
9.67043650793651,0.855828213584429,0.989134548576753,0.298323260382509,38.8054174798998
9.67053571428571,0.85575679459391,0.989080732102975,0.298180604605318,38.805932387521
9.67063492063492,0.855685383247223,0.989026908533809,0.298038016808252,38.8064472409282
9.67073412698413,0.855613979543542,0.988973077875162,0.29789549695753,38.8069620401325
9.67083333333333,0.855542583482044,0.988919240132942,0.297753045019387,38.8074767851445
9.67093253968254,0.855471195061905,0.988865395313049,0.297610660960071,38.8079914759752
9.67103174603175,0.855399814282304,0.988811543421382,0.297468344745848,38.8085061126354
9.67113095238095,0.85532844114242,0.988757684463837,0.297326096343,38.8090206951359
9.67123015873016,0.855257075641435,0.988703818446305,0.297183915717822,38.8095352234876
9.67132936507936,0.85518571777853,0.988649945374676,0.297041802836627,38.8100496977014
9.67142857142857,0.85511436755289,0.988596065254835,0.296899757665743,38.810564117788
9.67152777777778,0.855043024963699,0.988542178092663,0.296757780171514,38.8110784837582
9.67162698412698,0.854971690010142,0.98848828389404,0.296615870320299,38.811592795623
9.67172619047619,0.854900362691408,0.988434382664841,0.296474028078472,38.812107053393
9.6718253968254,0.854829043006685,0.988380474410937,0.296332253412425,38.8126212570792
9.6719246031746,0.854757730955161,0.988326559138196,0.296190546288561,38.8131354066924
9.67202380952381,0.85468642653603,0.988272636852486,0.296048906673307,38.8136495022432
9.67212301587302,0.854615129748484,0.988218707559668,0.295907334533098,38.8141635437426
9.67222222222222,0.854543840591715,0.988164771265599,0.295765829834386,38.8146775312013
9.67232142857143,0.854472559064918,0.988110827976136,0.295624392543641,38.8151914646301
9.67242063492064,0.854401285167291,0.98805687769713,0.295483022627347,38.8157053440398
9.67251984126984,0.85433001889803,0.988002920434429,0.295341720052004,38.8162191694412
9.67261904761905,0.854258760256334,0.98794895619388,0.295200484784129,38.816732940845
9.67271825396825,0.854187509241402,0.987894984981323,0.295059316790252,38.8172466582621
9.67281746031746,0.854116265852438,0.987841006802598,0.29491821603692,38.8177603217032
9.67291666666667,0.854045030088642,0.98778702166354,0.294777182490696,38.8182739311791
9.67301587301587,0.853973801949218,0.98773302956998,0.294636216118158,38.8187874867004
9.67311507936508,0.853902581433373,0.987679030527747,0.294495316885901,38.8193009882781
9.67321428571429,0.853831368540311,0.987625024542666,0.294354484760534,38.8198144359228
9.67331349206349,0.853760163269242,0.987571011620559,0.294213719708683,38.8203278296452
9.6734126984127,0.853688965619371,0.987516991767243,0.294073021696985,38.8208411694562
9.67351190476191,0.853617775589913,0.987462964988536,0.293932390692102,38.8213544553664
9.67361111111111,0.853546593168212,0.987408931294328,0.293791826664149,38.8218676873906
9.67371031746032,0.853475418279772,0.987354890715586,0.293651329602253,38.822380865564
9.67380952380952,0.853404250910512,0.987300843262191,0.293510899479654,38.8228939899012
9.67390873015873,0.853333091058954,0.987246788939666,0.293370536266063,38.8234070604125
9.67400793650794,0.85326193872362,0.987192727753534,0.293230239931201,38.8239200771082
9.67410714285714,0.85319079390303,0.987138659709316,0.293090010444798,38.8244330399985
9.67420634920635,0.853119656595707,0.987084584812528,0.292949847776595,38.8249459490939
9.67430555555556,0.853048526800174,0.987030503068689,0.292809751896341,38.8254588044046
9.67440476190476,0.852977404514955,0.986976414483312,0.292669722773797,38.8259716059408
9.67450396825397,0.852906289738572,0.986922319061909,0.292529760378731,38.826484353713
9.67460317460317,0.852835182469552,0.986868216809991,0.292389864680923,38.8269970477314
9.67470238095238,0.852764082706418,0.986814107733066,0.292250035650161,38.8275096880063
9.67480158730159,0.852692990447697,0.986759991836642,0.292110273256243,38.8280222745479
9.67490079365079,0.852621905691914,0.98670586912622,0.291970577468976,38.8285348073666
9.675,0.852550828437596,0.986651739607307,0.29183094825818,38.8290472864727
9.67509920634921,0.852479758683272,0.986597603285402,0.291691385593681,38.8295597118763
9.67519841269841,0.852408696427468,0.986543460166002,0.291551889445316,38.8300720835879
9.67529761904762,0.852337641668712,0.986489310254606,0.291412459782931,38.8305844016176
9.67539682539683,0.852266594405535,0.986435153556708,0.291273096576383,38.8310966659758
9.67549603174603,0.852195554636464,0.986380990077801,0.291133799795538,38.8316088766727
9.67559523809524,0.852124522360031,0.986326819823375,0.29099456941027,38.8321210337186
9.67569444444444,0.852053497574765,0.98627264279892,0.290855405390466,38.8326331371238
9.67579365079365,0.851982480279199,0.986218459009923,0.29071630770602,38.8331451868984
9.67589285714286,0.851911470471863,0.986164268461868,0.290577276326837,38.8336571830528
9.67599206349206,0.851840468151289,0.986110071160238,0.29043831122283,38.8341691255973
9.67609126984127,0.851769473316012,0.986055867110516,0.290299412363924,38.834681014542
9.67619047619048,0.851698485964563,0.986001656318179,0.290160579720052,38.8351928498973
9.67628968253968,0.851627506095476,0.985947438788705,0.290021813261158,38.8357046316733
9.67638888888889,0.851556533707286,0.985893214527569,0.289883112957191,38.8362163598804
9.6764880952381,0.851485568798529,0.985838983540246,0.28974447877812,38.8367280345288
9.6765873015873,0.85141461136774,0.985784745832205,0.289605910693913,38.8372396556286
9.67668650793651,0.851343661413455,0.985730501408917,0.289467408674552,38.8377512231902
9.67678571428571,0.851272718934209,0.985676250275848,0.28932897269003,38.8382627372238
9.67688492063492,0.851201783928542,0.985621992438465,0.289190602710347,38.8387741977396
9.67698412698413,0.851130856394989,0.98556772790223,0.289052298705514,38.8392856047479
9.67708333333333,0.85105993633209,0.985513456672605,0.288914060645551,38.8397969582588
9.67718253968254,0.850989023738384,0.985459178755051,0.288775888500489,38.8403082582826
9.67728174603175,0.850918118612409,0.985404894155024,0.288637782240367,38.8408195048296
9.67738095238095,0.850847220952706,0.98535060287798,0.288499741835235,38.8413306979099
9.67748015873016,0.850776330757815,0.985296304929374,0.288361767255152,38.8418418375337
9.67757936507936,0.850705448026277,0.985242000314656,0.288223858470187,38.8423529237114
9.67767857142857,0.850634572756634,0.985187689039276,0.288086015450417,38.842863956453
9.67777777777778,0.850563704947428,0.985133371108684,0.287948238165932,38.8433749357688
9.67787698412699,0.8504928445972,0.985079046528322,0.287810526586827,38.843885861669
9.67797619047619,0.850421991704496,0.985024715303638,0.287672880683213,38.8443967341638
9.6780753968254,0.850351146267859,0.984970377440073,0.287535300425205,38.8449075532634
9.6781746031746,0.850280308285833,0.984916032943065,0.287397785782931,38.845418318978
9.67827380952381,0.850209477756963,0.984861681818055,0.287260336726526,38.8459290313179
9.67837301587302,0.850138654679793,0.984807324070476,0.287122953226136,38.8464396902931
9.67847222222222,0.850067839052871,0.984752959705765,0.286985635251918,38.8469502959138
9.67857142857143,0.849997030874743,0.984698588729353,0.286848382774037,38.8474608481904
9.67867063492064,0.849926230143956,0.98464421114667,0.286711195762667,38.8479713471329
9.67876984126984,0.849855436859057,0.984589826963145,0.286574074187993,38.8484817927516
9.67886904761905,0.849784651018595,0.984535436184205,0.286437018020211,38.8489921850566
9.67896825396825,0.849713872621118,0.984481038815272,0.286300027229523,38.849502524058
9.67906746031746,0.849643101665176,0.984426634861771,0.286163101786143,38.8500128097662
9.67916666666667,0.849572338149319,0.984372224329121,0.286026241660295,38.8505230421912
9.67926587301587,0.849501582072096,0.984317807222741,0.285889446822213,38.8510332213432
9.67936507936508,0.849430833432059,0.984263383548047,0.285752717242135,38.8515433472323
9.67946428571429,0.84936009222776,0.984208953310455,0.28561605289032,38.8520534198688
9.67956349206349,0.84928935845775,0.984154516515377,0.285479453737026,38.8525634392629
9.6796626984127,0.849218632120583,0.984100073168224,0.285342919752526,38.8530734054246
9.67976190476191,0.84914791321481,0.984045623274404,0.2852064509071,38.8535833183641
9.67986111111111,0.849077201738987,0.983991166839324,0.28507004717104,38.8540931780915
9.67996031746032,0.849006497691666,0.98393670386839,0.284933708514646,38.8546029846171
9.68005952380952,0.848935801071404,0.983882234367004,0.28479743490823,38.855112737951
9.68015873015873,0.848865111876755,0.983827758340566,0.284661226322109,38.8556224381033
9.68025793650794,0.848794430106274,0.983773275794477,0.284525082726615,38.8561320850841
9.68035714285714,0.84872375575852,0.983718786734133,0.284389004092087,38.8566416789037
9.68045634920635,0.848653088832048,0.983664291164929,0.284252990388873,38.8571512195721
9.68055555555556,0.848582429325417,0.983609789092259,0.284117041587332,38.8576607070994
9.68065476190476,0.848511777237183,0.983555280521513,0.283981157657832,38.8581701414959
9.68075396825397,0.848441132565907,0.983500765458081,0.283845338570752,38.8586795227716
9.68085317460318,0.848370495310146,0.983446243907349,0.283709584296477,38.8591888509367
9.68095238095238,0.848299865468461,0.983391715874704,0.283573894805407,38.8596981260012
9.68105158730159,0.848229243039413,0.983337181365529,0.283438270067949,38.8602073479754
9.68115079365079,0.848158628021562,0.983282640385205,0.283302710054518,38.8607165168692
9.68125,0.84808802041347,0.983228092939112,0.283167214735541,38.861225632693
9.68134920634921,0.848017420213698,0.983173539032627,0.283031784081454,38.8617346954567
9.68144841269841,0.847946827420808,0.983118978671125,0.282896418062702,38.8622437051704
9.68154761904762,0.847876242033365,0.983064411859981,0.282761116649741,38.8627526618444
9.68164682539683,0.847805664049932,0.983009838604566,0.282625879813034,38.8632615654886
9.68174603174603,0.847735093469072,0.982955258910249,0.282490707523058,38.8637704161132
9.68184523809524,0.84766453028935,0.982900672782398,0.282355599750296,38.8642792137283
9.68194444444444,0.847593974509332,0.98284608022638,0.282220556465242,38.864787958344
9.68204365079365,0.847523426127584,0.982791481247558,0.282085577638399,38.8652966499703
9.68214285714286,0.847452885142672,0.982736875851293,0.281950663240281,38.8658052886175
9.68224206349206,0.847382351553163,0.982682264042946,0.281815813241411,38.8663138742955
9.68234126984127,0.847311825357623,0.982627645827873,0.281681027612319,38.8668224070144
9.68244047619048,0.847241306554622,0.982573021211434,0.28154630632355,38.8673308867844
9.68253968253968,0.847170795142728,0.982518390198979,0.281411649345656,38.8678393136155
9.68263888888889,0.84710029112051,0.982463752795863,0.281277056649198,38.8683476875179
9.6827380952381,0.847029794486538,0.982409109007435,0.281142528204746,38.8688560085014
9.6828373015873,0.846959305239381,0.982354458839042,0.281008063982881,38.8693642765764
9.68293650793651,0.846888823377611,0.982299802296032,0.280873663954195,38.8698724917527
9.68303571428571,0.8468183488998,0.982245139383748,0.280739328089286,38.8703806540406
9.68313492063492,0.846747881804518,0.982190470107534,0.280605056358766,38.87088876345
9.68323412698413,0.846677422090338,0.982135794472728,0.280470848733253,38.871396819991
9.68333333333333,0.846606969755833,0.982081112484671,0.280336705183376,38.8719048236737
9.68343253968254,0.846536524799578,0.982026424148697,0.280202625679775,38.8724127745082
9.68353174603175,0.846466087220144,0.981971729470142,0.280068610193098,38.8729206725044
9.68363095238095,0.846395657016109,0.981917028454338,0.279934658694002,38.8734285176725
9.68373015873016,0.846325234186046,0.981862321106616,0.279800771153156,38.8739363100225
9.68382936507937,0.84625481872853,0.981807607432304,0.279666947541235,38.8744440495644
9.68392857142857,0.846184410642141,0.981752887436729,0.27953318782893,38.8749517363084
9.68402777777778,0.846114009925452,0.981698161125216,0.279399491986936,38.8754593702643
9.68412698412699,0.846043616577042,0.981643428503088,0.279265859985959,38.8759669514424
9.68422619047619,0.845973230595489,0.981588689575665,0.279132291796716,38.8764744798525
9.6843253968254,0.845902851979372,0.981533944348266,0.278998787389931,38.8769819555048
9.6844246031746,0.845832480727268,0.981479192826208,0.278865346736342,38.8774893784093
9.68452380952381,0.845762116837758,0.981424435014807,0.278731969806691,38.877996748576
9.68462301587302,0.845691760309423,0.981369670919374,0.278598656571735,38.8785040660149
9.68472222222222,0.845621411140842,0.981314900545222,0.278465407002238,38.8790113307361
9.68482142857143,0.845551069330596,0.981260123897659,0.278332221068973,38.8795185427495
9.68492063492064,0.845480734877269,0.981205340981992,0.278199098742725,38.8800257020653
9.68501984126984,0.845410407779441,0.981150551803527,0.278066039994287,38.8805328086934
9.68511904761905,0.845340088035697,0.981095756367566,0.277933044794461,38.8810398626438
9.68521825396825,0.845269775644618,0.981040954679411,0.277800113114061,38.8815468639265
9.68531746031746,0.845199470604789,0.980986146744361,0.277667244923907,38.8820538125516
9.68541666666667,0.845129172914796,0.980931332567714,0.277534440194834,38.8825607085291
9.68551587301587,0.845058882573223,0.980876512154766,0.277401698897684,38.8830675518689
9.68561507936508,0.844988599578655,0.980821685510809,0.277269021003305,38.883574342581
9.68571428571429,0.844918323929679,0.980766852641135,0.277136406482561,38.8840810806755
9.68581349206349,0.844848055624881,0.980712013551033,0.277003855306321,38.8845877661624
9.6859126984127,0.84477779466285,0.980657168245792,0.276871367445467,38.8850943990516
9.68601190476191,0.844707541042171,0.980602316730696,0.276738942870886,38.8856009793531
9.68611111111111,0.844637294761435,0.98054745901103,0.276606581553481,38.886107507077
9.68621031746032,0.84456705581923,0.980492595092075,0.276474283464159,38.8866139822331
9.68630952380952,0.844496824214145,0.98043772497911,0.27634204857384,38.8871204048316
9.68640873015873,0.844426599944771,0.980382848677415,0.276209876853452,38.8876267748823
9.68650793650794,0.844356383009698,0.980327966192264,0.276077768273934,38.8881330923952
9.68660714285714,0.844286173407517,0.980273077528931,0.275945722806233,38.8886393573804
9.68670634920635,0.84421597113682,0.980218182692689,0.275813740421308,38.8891455698477
9.68680555555556,0.844145776196198,0.980163281688807,0.275681821090123,38.8896517298072
9.68690476190476,0.844075588584246,0.980108374522554,0.275549964783659,38.8901578372689
9.68700396825397,0.844005408299556,0.980053461199195,0.275418171472901,38.8906638922426
9.68710317460318,0.843935235340723,0.979998541723995,0.275286441128846,38.8911698947383
9.68720238095238,0.84386506970634,0.979943616102216,0.275154773722499,38.8916758447661
9.68730158730159,0.843794911395003,0.979888684339117,0.275023169224875,38.8921817423358
9.68740079365079,0.843724760405307,0.979833746439958,0.274891627607001,38.8926875874574
9.6875,0.843654616735848,0.979778802409995,0.27476014883991,38.8931933801409
9.68759920634921,0.843584480385223,0.979723852254482,0.274628732894648,38.8936991203961
9.68769841269841,0.84351435135203,0.97966889597867,0.274497379742268,38.8942048082332
9.68779761904762,0.843444229634865,0.979613933587812,0.274366089353835,38.8947104436619
9.68789682539682,0.843374115232328,0.979558965087155,0.274234861700422,38.8952160266923
9.68799603174603,0.843304008143016,0.979503990481946,0.274103696753112,38.8957215573342
9.68809523809524,0.84323390836553,0.979449009777429,0.273972594482998,38.8962270355977
9.68819444444444,0.84316381589847,0.979394022978847,0.273841554861183,38.8967324614926
9.68829365079365,0.843093730740434,0.97933903009144,0.273710577858777,38.8972378350288
9.68839285714286,0.843023652890027,0.979284031120448,0.273579663446906,38.8977431562164
9.68849206349206,0.842953582345848,0.979229026071108,0.273448811596699,38.8982484250651
9.68859126984127,0.8428835191065,0.979174014948653,0.273318022279297,38.898753641585
9.68869047619048,0.842813463170585,0.979118997758317,0.273187295465852,38.8992588057859
9.68878968253968,0.842743414536707,0.97906397450533,0.273056631127523,38.8997639176779
9.68888888888889,0.842673373203469,0.979008945194923,0.272926029235481,38.9002689772707
9.68898809523809,0.842603339169476,0.978953909832321,0.272795489760906,38.9007739845743
9.6890873015873,0.842533312433334,0.978898868422749,0.272665012674988,38.9012789395986
9.68918650793651,0.842463292993646,0.978843820971432,0.272534597948924,38.9017838423535
9.68928571428571,0.84239328084902,0.978788767483589,0.272404245553925,38.9022886928489
9.68938492063492,0.842323275998061,0.97873370796444,0.272273955461208,38.9027934910947
9.68948412698413,0.842253278439378,0.978678642419202,0.272143727642002,38.9032982371009
9.68958333333333,0.842183288171577,0.978623570853091,0.272013562067545,38.9038029308772
9.68968253968254,0.842113305193267,0.978568493271319,0.271883458709083,38.9043075724337
9.68978174603175,0.842043329503056,0.978513409679098,0.271753417537873,38.9048121617801
9.68988095238095,0.841973361099554,0.978458320081638,0.271623438525185,38.9053166989264
9.68998015873016,0.841903399981371,0.978403224484147,0.271493521642293,38.9058211838824
9.69007936507936,0.841833446147118,0.978348122891828,0.271363666860483,38.9063256166581
9.69017857142857,0.841763499595405,0.978293015309886,0.271233874151051,38.9068299972633
9.69027777777778,0.841693560324843,0.978237901743523,0.271104143485303,38.9073343257079
9.69037698412698,0.841623628334045,0.978182782197938,0.270974474834554,38.9078386020017
9.69047619047619,0.841553703621624,0.978127656678329,0.270844868170128,38.9083428261547
9.6905753968254,0.841483786186192,0.978072525189892,0.27071532346336,38.9088469981767
9.6906746031746,0.841413876026363,0.978017387737819,0.270585840685594,38.9093511180775
9.69077380952381,0.841343973140752,0.977962244327304,0.270456419808183,38.9098551858671
9.69087301587301,0.841274077527973,0.977907094963535,0.270327060802492,38.9103592015553
9.69097222222222,0.841204189186643,0.977851939651702,0.270197763639892,38.9108631651519
9.69107142857143,0.841134308115375,0.977796778396989,0.270068528291767,38.9113670766669
9.69117063492063,0.841064434312788,0.977741611204581,0.269939354729509,38.91187093611
9.69126984126984,0.840994567777497,0.977686438079658,0.269810242924519,38.9123747434911
9.69136904761905,0.840924708508122,0.977631259027403,0.269681192848211,38.91287849882
9.69146825396825,0.84085485650328,0.977576074052994,0.269552204472006,38.9133822021067
9.69156746031746,0.840785011761589,0.977520883161605,0.269423277767333,38.9138858533609
9.69166666666667,0.84071517428167,0.977465686358411,0.269294412705635,38.9143894525924
9.69176587301587,0.84064534406214,0.977410483648585,0.269165609258361,38.9148929998112
9.69186507936508,0.840575521101622,0.977355275037297,0.269036867396971,38.915396495027
9.69196428571429,0.840505705398736,0.977300060529715,0.268908187092934,38.9158999382498
9.69206349206349,0.840435896952102,0.977244840131005,0.268779568317732,38.9164033294892
9.6921626984127,0.840366095760344,0.977189613846333,0.268651011042851,38.9169066687551
9.6922619047619,0.840296301822084,0.97713438168086,0.268522515239791,38.9174099560574
9.69236111111111,0.840226515135944,0.977079143639747,0.26839408088006,38.9179131914059
9.69246031746032,0.840156735700549,0.977023899728152,0.268265707935177,38.9184163748104
9.69255952380952,0.840086963514523,0.976968649951232,0.268137396376668,38.9189195062807
9.69265873015873,0.84001719857649,0.976913394314143,0.268009146176071,38.9194225858267
9.69275793650794,0.839947440885075,0.976858132822035,0.267880957304931,38.919925613458
9.69285714285714,0.839877690438905,0.976802865480061,0.267752829734809,38.9204285891846
9.69295634920635,0.839807947236606,0.976747592293369,0.267624763437269,38.9209315130163
9.69305555555556,0.839738211276805,0.976692313267106,0.267496758383886,38.9214343849628
9.69315476190476,0.839668482558129,0.976637028406417,0.267368814546247,38.921937205034
9.69325396825397,0.839598761079207,0.976581737716444,0.267240931895946,38.9224399732396
9.69335317460317,0.839529046838667,0.976526441202329,0.26711311040459,38.9229426895894
9.69345238095238,0.839459339835138,0.976471138869211,0.266985350043791,38.9234453540933
9.69355158730159,0.839389640067249,0.976415830722226,0.266857650785175,38.923947966761
9.69365079365079,0.839319947533632,0.976360516766511,0.266730012600375,38.9244505276023
9.69375,0.839250262232916,0.976305197007197,0.266602435461035,38.924953036627
9.69384920634921,0.839180584163734,0.976249871449417,0.266474919338808,38.9254554938448
9.69394841269841,0.839110913324717,0.976194540098299,0.266347464205357,38.9259578992656
9.69404761904762,0.839041249714497,0.97613920295897,0.266220070032355,38.9264602528992
9.69414682539682,0.838971593331708,0.976083860036557,0.266092736791483,38.9269625547552
9.69424603174603,0.838901944174982,0.976028511336182,0.265965464454433,38.9274648048435
9.69434523809524,0.838832302242955,0.975973156862967,0.265838252992908,38.9279670031739
9.69444444444444,0.838762667534261,0.975917796622031,0.265711102378619,38.928469149756
9.69454365079365,0.838693040047534,0.975862430618493,0.265584012583285,38.9289712445997
9.69464285714286,0.838623419781412,0.975807058857467,0.265456983578639,38.9294732877147
9.69474206349206,0.83855380673453,0.975751681344067,0.26533001533642,38.9299752791109
9.69484126984127,0.838484200905525,0.975696298083404,0.265203107828377,38.9304772187978
9.69494047619048,0.838414602293034,0.975640909080589,0.265076261026271,38.9309791067854
9.69503968253968,0.838345010895695,0.975585514340729,0.26494947490187,38.9314809430832
9.69513888888889,0.838275426712147,0.97553011386893,0.264822749426953,38.9319827277012
9.69523809523809,0.838205849741029,0.975474707670296,0.264696084573309,38.932484460649
9.6953373015873,0.83813627998098,0.975419295749928,0.264569480312737,38.9329861419364
9.69543650793651,0.838066717430641,0.975363878112927,0.264442936617042,38.933487771573
9.69553571428571,0.837997162088653,0.97530845476439,0.264316453458044,38.9339893495688
9.69563492063492,0.837927613953655,0.975253025709414,0.26419003080757,38.9344908759332
9.69573412698413,0.837858073024291,0.975197590953091,0.264063668637453,38.9349923506763
9.69583333333333,0.837788539299203,0.975142150500517,0.263937366919545,38.9354937738075
9.69593253968254,0.837719012777033,0.975086704356779,0.2638111256257,38.9359951453367
9.69603174603175,0.837649493456426,0.975031252526966,0.263684944727783,38.9364964652736
9.69613095238095,0.837579981336025,0.974975795016164,0.26355882419767,38.9369977336279
9.69623015873016,0.837510476414475,0.974920331829458,0.263432764007246,38.9374989504093
9.69632936507936,0.83744097869042,0.974864862971929,0.263306764128406,38.9380001156276
9.69642857142857,0.837371488162507,0.974809388448659,0.263180824533054,38.9385012292924
9.69652777777778,0.837302004829381,0.974753908264726,0.263054945193104,38.9390022914135
9.69662698412698,0.83723252868969,0.974698422425206,0.26292912608048,38.9395033020005
9.69672619047619,0.837163059742081,0.974642930935173,0.262803367167116,38.9400042610632
9.6968253968254,0.837093597985201,0.9745874337997,0.262677668424954,38.9405051686113
9.6969246031746,0.837024143417699,0.974531931023859,0.262552029825948,38.9410060246545
9.69702380952381,0.836954696038225,0.974476422612717,0.262426451342059,38.9415068292024
9.69712301587301,0.836885255845427,0.974420908571341,0.26230093294526,38.9420075822648
9.69722222222222,0.836815822837954,0.974365388904795,0.26217547460753,38.9425082838513
9.69732142857143,0.83674639701446,0.974309863618143,0.262050076300865,38.9430089339717
9.69742063492064,0.836676978373594,0.974254332716446,0.261924737997264,38.9435095326356
9.69751984126984,0.836607566914008,0.974198796204763,0.261799459668737,38.9440100798528
9.69761904761905,0.836538162634354,0.974143254088149,0.261674241287305,38.9445105756328
9.69771825396825,0.836468765533286,0.974087706371661,0.261549082824998,38.9450110199854
9.69781746031746,0.836399375609456,0.974032153060351,0.261423984253856,38.9455114129202
9.69791666666667,0.836329992861519,0.973976594159271,0.261298945545927,38.946011754447
9.69801587301587,0.836260617288129,0.973921029673469,0.261173966673272,38.9465120445753
9.69811507936508,0.83619124888794,0.973865459607992,0.261049047607958,38.9470122833149
9.69821428571429,0.83612188765961,0.973809883967886,0.260924188322063,38.9475124706755
9.69831349206349,0.836052533601793,0.973754302758194,0.260799388787677,38.9480126066666
9.6984126984127,0.835983186713146,0.973698715983957,0.260674648976897,38.9485126912979
9.6985119047619,0.835913846992327,0.973643123650215,0.260549968861829,38.9490127245792
9.69861111111111,0.835844514437993,0.973587525762005,0.260425348414591,38.94951270652
9.69871031746032,0.835775189048802,0.973531922324361,0.260300787607308,38.95001263713
9.69880952380952,0.835705870823415,0.973476313342319,0.260176286412119,38.9505125164189
9.69890873015873,0.835636559760489,0.973420698820909,0.260051844801169,38.9510123443962
9.69900793650794,0.835567255858686,0.973365078765162,0.259927462746613,38.9515121210717
9.69910714285714,0.835497959116665,0.973309453180103,0.259803140220617,38.952011846455
9.69920634920635,0.835428669533088,0.97325382207076,0.259678877195356,38.9525115205557
9.69930555555556,0.835359387106616,0.973198185442155,0.259554673643014,38.9530111433835
9.69940476190476,0.835290111835911,0.973142543299311,0.259430529535785,38.953510714948
9.69950396825397,0.835220843719637,0.973086895647247,0.259306444845873,38.9540102352588
9.69960317460317,0.835151582756456,0.973031242490982,0.259182419545493,38.9545097043255
9.69970238095238,0.835082328945032,0.97297558383553,0.259058453606866,38.9550091221579
9.69980158730159,0.83501308228403,0.972919919685906,0.258934547002227,38.9555084887654
9.69990079365079,0.834943842772115,0.972864250047122,0.258810699703818,38.9560078041577
9.7,0.834874610407952,0.972808574924188,0.25868691168389,38.9565070683445
9.70009920634921,0.834805385190206,0.972752894322112,0.258563182914706,38.9570062813353
9.70019841269841,0.834736167117545,0.972697208245899,0.258439513368536,38.9575054431398
9.70029761904762,0.834666956188637,0.972641516700555,0.258315903017664,38.9580045537676
9.70039682539683,0.834597752402148,0.972585819691081,0.25819235183438,38.9585036132282
9.70049603174603,0.834528555756746,0.972530117222478,0.258068859790984,38.9590026215313
9.70059523809524,0.834459366251102,0.972474409299744,0.257945426859786,38.9595015786865
9.70069444444444,0.834390183883883,0.972418695927874,0.257822053013106,38.9600004847034
9.70079365079365,0.83432100865376,0.972362977111865,0.257698738223273,38.9604993395915
9.70089285714286,0.834251840559404,0.972307252856707,0.257575482462627,38.9609981433606
9.70099206349206,0.834182679599485,0.972251523167391,0.257452285703517,38.9614968960201
9.70109126984127,0.834113525772674,0.972195788048906,0.257329147918301,38.9619955975796
9.70119047619048,0.834044379077645,0.972140047506239,0.257206069079348,38.9624942480488
9.70128968253968,0.833975239513069,0.972084301544374,0.257083049159034,38.9629928474372
9.70138888888889,0.833906107077619,0.972028550168293,0.256960088129748,38.9634913957544
9.70148809523809,0.833836981769971,0.971972793382978,0.256837185963887,38.9639898930099
9.7015873015873,0.833767863588797,0.971917031193407,0.256714342633857,38.9644883392135
9.70168650793651,0.833698752532772,0.971861263604555,0.256591558112074,38.9649867343745
9.70178571428571,0.833629648600573,0.9718054906214,0.256468832370967,38.9654850785027
9.70188492063492,0.833560551790874,0.971749712248914,0.25634616538297,38.9659833716075
9.70198412698413,0.833491462102354,0.971693928492067,0.256223557120528,38.9664816136985
9.70208333333333,0.833422379533688,0.971638139355828,0.256101007556097,38.9669798047853
9.70218253968254,0.833353304083554,0.971582344845165,0.255978516662141,38.9674779448775
9.70228174603175,0.83328423575063,0.971526544965042,0.255856084411135,38.9679760339845
9.70238095238095,0.833215174533596,0.971470739720422,0.255733710775563,38.9684740721161
9.70248015873016,0.833146120431129,0.971414929116267,0.255611395727918,38.9689720592816
9.70257936507936,0.833077073441911,0.971359113157536,0.255489139240705,38.9694699954907
9.70267857142857,0.833008033564621,0.971303291849186,0.255366941286436,38.9699678807529
9.70277777777778,0.832939000797941,0.971247465196172,0.255244801837634,38.9704657150777
9.70287698412698,0.832869975140551,0.971191633203448,0.255122720866831,38.9709634984747
9.70297619047619,0.832800956591135,0.971135795875964,0.25500069834657,38.9714612309535
9.7030753968254,0.832731945148373,0.971079953218671,0.254878734249402,38.9719589125235
9.7031746031746,0.83266294081095,0.971024105236515,0.254756828547887,38.9724565431943
9.70327380952381,0.832593943577549,0.970968251934443,0.254634981214599,38.9729541229754
9.70337301587302,0.832524953446855,0.970912393317398,0.254513192222117,38.9734516518763
9.70347222222222,0.832455970417551,0.970856529390321,0.254391461543032,38.9739491299067
9.70357142857143,0.832386994488325,0.970800660158152,0.254269789149944,38.9744465570759
9.70367063492064,0.83231802565786,0.970744785625829,0.254148175015463,38.9749439333935
9.70376984126984,0.832249063924845,0.970688905798288,0.254026619112207,38.9754412588691
9.70386904761905,0.832180109287964,0.970633020680461,0.253905121412806,38.9759385335121
9.70396825396825,0.832111161745908,0.970577130277282,0.253783681889899,38.9764357573321
9.70406746031746,0.832042221297362,0.970521234593679,0.253662300516134,38.9769329303386
9.70416666666667,0.831973287941016,0.970465333634581,0.253540977264168,38.977430052541
9.70426587301587,0.83190436167556,0.970409427404914,0.25341971210667,38.9779271239489
9.70436507936508,0.831835442499682,0.970353515909602,0.253298505016318,38.9784241445718
9.70446428571429,0.831766530412073,0.970297599153566,0.253177355965797,38.9789211144191
9.70456349206349,0.831697625411424,0.970241677141727,0.253056264927804,38.9794180335005
9.7046626984127,0.831628727496426,0.970185749879003,0.252935231875045,38.9799149018253
9.70476190476191,0.831559836665771,0.97012981737031,0.252814256780238,38.980411719403
9.70486111111111,0.831490952918152,0.970073879620562,0.252693339616108,38.9809084862432
9.70496031746032,0.831422076252262,0.970017936634672,0.25257248035539,38.9814052023553
9.70505952380952,0.831353206666794,0.96996198841755,0.252451678970829,38.9819018677489
9.70515873015873,0.831284344160443,0.969906034974105,0.252330935435178,38.9823984824333
9.70525793650794,0.831215488731902,0.969850076309241,0.252210249721204,38.9828950464181
9.70535714285714,0.831146640379868,0.969794112427866,0.252089621801679,38.9833915597127
9.70545634920635,0.831077799103035,0.969738143334879,0.251969051649388,38.9838880223266
9.70555555555556,0.831008964900101,0.969682169035183,0.251848539237123,38.9843844342694
9.70565476190476,0.830940137769762,0.969626189533675,0.251728084537687,38.9848807955503
9.70575396825397,0.830871317710716,0.969570204835253,0.251607687523894,38.985377106179
9.70585317460317,0.830802504721661,0.969514214944811,0.251487348168565,38.9858733661649
9.70595238095238,0.830733698801295,0.969458219867241,0.251367066444532,38.9863695755174
9.70605158730159,0.830664899948317,0.969402219607435,0.251246842324636,38.986865734246
9.70615079365079,0.830596108161426,0.96934621417028,0.251126675781729,38.9873618423601
9.70625,0.830527323439324,0.969290203560666,0.251006566788672,38.9878578998693
9.70634920634921,0.830458545780711,0.969234187783475,0.250886515318337,38.9883539067828
9.70644841269841,0.830389775184287,0.969178166843591,0.250766521343602,38.9888498631103
9.70654761904762,0.830321011648756,0.969122140745895,0.250646584837357,38.9893457688611
9.70664682539683,0.830252255172819,0.969066109495267,0.250526705772503,38.9898416240447
9.70674603174603,0.83018350575518,0.969010073096582,0.250406884121948,38.9903374286704
9.70684523809524,0.830114763394541,0.968954031554716,0.250287119858611,38.9908331827478
9.70694444444444,0.830046028089606,0.968897984874543,0.250167412955421,38.9913288862863
9.70704365079365,0.829977299839082,0.968841933060933,0.250047763385316,38.9918245392953
9.70714285714286,0.829908578641671,0.968785876118756,0.249928171121244,38.9923201417843
9.70724206349206,0.829839864496081,0.968729814052879,0.249808636136162,38.9928156937626
9.70734126984127,0.829771157401017,0.968673746868168,0.249689158403037,38.9933111952396
9.70744047619048,0.829702457355187,0.968617674569485,0.249569737894847,38.9938066462249
9.70753968253968,0.829633764357297,0.968561597161693,0.249450374584577,38.9943020467278
9.70763888888889,0.829565078406055,0.96850551464965,0.249331068445223,38.9947973967577
9.7077380952381,0.82949639950017,0.968449427038215,0.249211819449794,38.995292696324
9.7078373015873,0.829427727638351,0.968393334332242,0.249092627571302,38.9957879454362
9.70793650793651,0.829359062819308,0.968337236536587,0.248973492782774,38.9962831441037
9.70803571428571,0.82929040504175,0.968281133656099,0.248854415057244,38.9967782923358
9.70813492063492,0.829221754304388,0.968225025695629,0.248735394367757,38.9972733901419
9.70823412698413,0.829153110605934,0.968168912660025,0.248616430687367,38.9977684375316
9.70833333333333,0.829084473945099,0.968112794554132,0.248497523989137,38.998263434514
9.70843253968254,0.829015844320595,0.968056671382795,0.248378674246141,38.9987583810987
9.70853174603175,0.828947221731136,0.968000543150854,0.248259881431463,38.9992532772951
9.70863095238095,0.828878606175434,0.967944409863151,0.248141145518194,38.9997481231124
9.70873015873016,0.828809997652203,0.967888271524523,0.248022466479438,39.0002429185602
9.70882936507936,0.828741396160159,0.967832128139806,0.247903844288306,39.0007376636478
9.70892857142857,0.828672801698016,0.967775979713834,0.247785278917921,39.0012323583845
9.70902777777778,0.82860421426449,0.967719826251439,0.247666770341413,39.0017270027798
9.70912698412699,0.828535633858296,0.967663667757451,0.247548318531922,39.002221596843
9.70922619047619,0.828467060478152,0.9676075042367,0.247429923462602,39.0027161405834
9.7093253968254,0.828398494122775,0.96755133569401,0.247311585106612,39.0032106340106
9.7094246031746,0.828329934790883,0.967495162134206,0.247193303437122,39.0037050771337
9.70952380952381,0.828261382481194,0.967438983562111,0.247075078427312,39.0041994699623
9.70962301587302,0.828192837192426,0.967382799982545,0.24695691005037,39.0046938125056
9.70972222222222,0.828124298923301,0.967326611400327,0.246838798279497,39.005188104773
9.70982142857143,0.828055767672536,0.967270417820272,0.2467207430879,39.0056823467739
9.70992063492064,0.827987243438854,0.967214219247195,0.246602744448799,39.0061765385175
9.71001984126984,0.827918726220974,0.96715801568591,0.246484802335421,39.0066706800134
9.71011904761905,0.827850216017619,0.967101807141226,0.246366916721004,39.0071647712708
9.71021825396825,0.827781712827511,0.967045593617952,0.246249087578795,39.007658812299
9.71031746031746,0.827713216649373,0.966989375120895,0.246131314882051,39.0081528031074
9.71041666666667,0.827644727481928,0.96693315165486,0.246013598604039,39.0086467437054
9.71051587301587,0.8275762453239,0.966876923224649,0.245895938718035,39.0091406341022
9.71061507936508,0.827507770174012,0.966820689835063,0.245778335197324,39.0096344743073
9.71071428571429,0.827439302030991,0.966764451490901,0.245660788015205,39.0101282643299
9.71081349206349,0.827370840893562,0.966708208196961,0.245543297144981,39.0106220041794
9.7109126984127,0.827302386760451,0.966651959958037,0.245425862559967,39.0111156938651
9.71101190476191,0.827233939630384,0.966595706778921,0.245308484233487,39.0116093333963
9.71111111111111,0.827165499502089,0.966539448664406,0.245191162138878,39.0121029227823
9.71121031746032,0.827097066374293,0.966483185619281,0.245073896249481,39.0125964620326
9.71130952380952,0.827028640245725,0.966426917648331,0.244956686538651,39.0130899511563
9.71140873015873,0.826960221115113,0.966370644756344,0.244839532979751,39.0135833901628
9.71150793650794,0.826891808981187,0.966314366948101,0.244722435546154,39.0140767790614
9.71160714285714,0.826823403842677,0.966258084228384,0.244605394211243,39.0145701178614
9.71170634920635,0.826755005698313,0.966201796601973,0.244488408948409,39.0150634065721
9.71180555555556,0.826686614546826,0.966145504073645,0.244371479731056,39.0155566452029
9.71190476190476,0.826618230386947,0.966089206648175,0.244254606532594,39.016049833763
9.71200396825397,0.82654985321741,0.966032904330337,0.244137789326444,39.0165429722617
9.71210317460318,0.826481483036945,0.965976597124901,0.244021028086037,39.0170360607083
9.71220238095238,0.826413119844288,0.965920285036639,0.243904322784816,39.0175290991121
9.71230158730159,0.826344763638172,0.965863968070318,0.243787673396229,39.0180220874824
9.71240079365079,0.82627641441733,0.965807646230702,0.243671079893736,39.0185150258285
9.7125,0.826208072180498,0.965751319522557,0.243554542250807,39.0190079141597
9.71259920634921,0.826139736926411,0.965694987950643,0.243438060440921,39.0195007524852
9.71269841269841,0.826071408653806,0.96563865151972,0.243321634437568,39.0199935408144
9.71279761904762,0.826003087361418,0.965582310234546,0.243205264214245,39.0204862791564
9.71289682539683,0.825934773047985,0.965525964099878,0.243088949744461,39.0209789675207
9.71299603174603,0.825866465712244,0.965469613120469,0.242972691001733,39.0214716059164
9.71309523809524,0.825798165352934,0.96541325730107,0.24285648795959,39.0219641943528
9.71319444444444,0.825729871968793,0.965356896646432,0.242740340591568,39.0224567328391
9.71329365079365,0.825661585558561,0.965300531161304,0.242624248871214,39.0229492213848
9.71339285714286,0.825593306120977,0.965244160850431,0.242508212772085,39.0234416599989
9.71349206349206,0.825525033654782,0.965187785718557,0.242392232267747,39.0239340486908
9.71359126984127,0.825456768158716,0.965131405770423,0.242276307331775,39.0244263874698
9.71369047619048,0.825388509631522,0.965075021010772,0.242160437937756,39.024918676345
9.71378968253968,0.825320258071941,0.965018631444341,0.242044624059284,39.0254109153257
9.71388888888889,0.825252013478716,0.964962237075867,0.241928865669965,39.0259031044212
9.7139880952381,0.82518377585059,0.964905837910083,0.241813162743413,39.0263952436407
9.7140873015873,0.825115545186307,0.964849433951723,0.241697515253252,39.0268873329935
9.71418650793651,0.82504732148461,0.964793025205515,0.241581923173115,39.0273793724888
9.71428571428571,0.824979104744246,0.964736611676191,0.241466386476647,39.0278713621358
9.71438492063492,0.824910894963958,0.964680193368474,0.241350905137499,39.0283633019437
9.71448412698413,0.824842692142493,0.964623770287091,0.241235479129336,39.0288551919219
9.71458333333333,0.824774496278598,0.964567342436764,0.24112010842583,39.0293470320795
9.71468253968254,0.824706307371018,0.964510909822214,0.241004793000662,39.0298388224258
9.71478174603175,0.824638125418503,0.964454472448159,0.240889532827525,39.0303305629699
9.71488095238095,0.8245699504198,0.964398030319316,0.24077432788012,39.0308222537212
9.71498015873016,0.824501782373658,0.9643415834404,0.240659178132158,39.0313138946887
9.71507936507937,0.824433621278824,0.964285131816123,0.240544083557357,39.0318054858818
9.71517857142857,0.824365467134051,0.964228675451197,0.240429044129453,39.0322970273097
9.71527777777778,0.824297319938087,0.964172214350332,0.240314059822183,39.0327885189814
9.71537698412699,0.824229179689685,0.964115748518233,0.240199130609297,39.0332799609064
9.71547619047619,0.824161046387594,0.964059277959606,0.240084256464555,39.0337713530937
9.7155753968254,0.824092920030568,0.964002802679153,0.239969437361725,39.0342626955526
9.7156746031746,0.824024800617358,0.963946322681577,0.239854673274586,39.0347539882923
9.71577380952381,0.823956688146718,0.963889837971576,0.239739964176927,39.0352452313219
9.71587301587302,0.823888582617401,0.963833348553848,0.239625310042545,39.0357364246508
9.71597222222222,0.823820484028161,0.963776854433087,0.239510710845249,39.0362275682879
9.71607142857143,0.823752392377753,0.963720355613987,0.239396166558856,39.0367186622426
9.71617063492064,0.823684307664933,0.96366385210124,0.239281677157192,39.0372097065241
9.71626984126984,0.823616229888456,0.963607343899534,0.239167242614095,39.0377007011414
9.71636904761905,0.823548159047078,0.963550831013558,0.239052862903411,39.0381916461039
9.71646825396825,0.823480095139556,0.963494313447997,0.238938537998996,39.0386825414206
9.71656746031746,0.823412038164648,0.963437791207533,0.238824267874713,39.0391733871008
9.71666666666667,0.823343988121112,0.96338126429685,0.238710052504443,39.0396641831536
9.71676587301587,0.823275945007707,0.963324732720627,0.238595891862067,39.0401549295882
9.71686507936508,0.823207908823191,0.96326819648354,0.23848178592148,39.0406456264137
9.71696428571429,0.823139879566324,0.963211655590267,0.238367734656588,39.0411362736394
9.71706349206349,0.823071857235866,0.963155110045481,0.238253738041304,39.0416268712744
9.7171626984127,0.823003841830579,0.963098559853854,0.238139796049551,39.0421174193279
9.71726190476191,0.822935833349223,0.963042005020054,0.238025908655263,39.0426079178089
9.71736111111111,0.822867831790561,0.962985445548752,0.237912075832382,39.0430983667267
9.71746031746032,0.822799837153354,0.962928881444611,0.237798297554863,39.0435887660904
9.71755952380952,0.822731849436365,0.962872312712297,0.237684573796666,39.0440791159092
9.71765873015873,0.822663868638359,0.962815739356472,0.237570904531763,39.0445694161922
9.71775793650794,0.822595894758099,0.962759161381795,0.237457289734137,39.0450596669486
9.71785714285714,0.82252792779435,0.962702578792924,0.237343729377779,39.0455498681875
9.71795634920635,0.822459967745877,0.962645991594517,0.237230223436689,39.046040019918
9.71805555555556,0.822392014611445,0.962589399791226,0.237116771884877,39.0465301221493
9.71815476190476,0.822324068389822,0.962532803387704,0.237003374696366,39.0470201748904
9.71825396825397,0.822256129079773,0.962476202388603,0.236890031845184,39.0475101781507
9.71835317460318,0.822188196680067,0.96241959679857,0.236776743305371,39.0480001319391
9.71845238095238,0.822120271189471,0.962362986622251,0.236663509050977,39.0484900362648
9.71855158730159,0.822052352606753,0.96230637186429,0.236550329056059,39.0489798911369
9.71865079365079,0.821984440930683,0.962249752529332,0.236437203294687,39.0494696965645
9.71875,0.82191653616003,0.962193128622015,0.236324131740939,39.0499594525568
9.71884920634921,0.821848638293564,0.962136500146979,0.236211114368903,39.0504491591229
9.71894841269841,0.821780747330056,0.96207986710886,0.236098151152676,39.0509388162718
9.71904761904762,0.821712863268278,0.962023229512293,0.235985242066366,39.0514284240128
9.71914682539682,0.821644986107,0.96196658736191,0.235872387084089,39.0519179823548
9.71924603174603,0.821577115844996,0.961909940662343,0.235759586179972,39.0524074913071
9.71934523809524,0.821509252481038,0.96185328941822,0.235646839328152,39.0528969508786
9.71944444444444,0.821441396013899,0.961796633634168,0.235534146502773,39.0533863610786
9.71954365079365,0.821373546442353,0.961739973314811,0.235421507677991,39.0538757219161
9.71964285714286,0.821305703765176,0.961683308464774,0.235308922827972,39.0543650334002
9.71974206349206,0.821237867981142,0.961626639088676,0.235196391926892,39.0548542955399
9.71984126984127,0.821170039089026,0.961569965191138,0.235083914948933,39.0553435083445
9.71994047619048,0.821102217087606,0.961513286776776,0.234971491868291,39.0558326718229
9.72003968253968,0.821034401975657,0.961456603850204,0.234859122659169,39.0563217859842
9.72013888888889,0.820966593751958,0.961399916416038,0.23474680729578,39.0568108508376
9.72023809523809,0.820898792415285,0.961343224478886,0.234634545752349,39.0572998663921
9.7203373015873,0.820830997964417,0.96128652804336,0.234522338003106,39.0577888326568
9.72043650793651,0.820763210398133,0.961229827114066,0.234410184022296,39.0582777496407
9.72053571428571,0.820695429715213,0.961173121695609,0.23429808378417,39.058766617353
9.72063492063492,0.820627655914437,0.961116411792593,0.23418603726299,39.0592554358026
9.72073412698413,0.820559888994585,0.961059697409619,0.234074044433028,39.0597442049987
9.72083333333333,0.820492128954438,0.961002978551288,0.233962105268564,39.0602329249504
9.72093253968254,0.820424375792778,0.960946255222196,0.233850219743889,39.0607215956666
9.72103174603175,0.820356629508386,0.960889527426938,0.233738387833303,39.0612102171564
9.72113095238095,0.820288890100048,0.960832795170109,0.233626609511118,39.061698789429
9.72123015873016,0.820221157566544,0.960776058456301,0.233514884751652,39.0621873124933
9.72132936507936,0.82015343190666,0.960719317290102,0.233403213529236,39.0626757863583
9.72142857142857,0.82008571311918,0.960662571676102,0.233291595818208,39.0631642110333
9.72152777777778,0.820018001202888,0.960605821618885,0.233180031592917,39.0636525865271
9.72162698412698,0.819950296156571,0.960549067123035,0.233068520827721,39.0641409128488
9.72172619047619,0.819882597979014,0.960492308193135,0.232957063496989,39.0646291900075
9.7218253968254,0.819814906669004,0.960435544833764,0.232845659575098,39.0651174180122
9.7219246031746,0.819747222225328,0.960378777049501,0.232734309036435,39.0656055968719
9.72202380952381,0.819679544646774,0.960322004844921,0.232623011855398,39.0660937265957
9.72212301587301,0.81961187393213,0.960265228224598,0.232511768006393,39.0665818071926
9.72222222222222,0.819544210080185,0.960208447193105,0.232400577463837,39.0670698386716
9.72232142857143,0.819476553089728,0.960151661755011,0.232289440202156,39.0675578210418
9.72242063492063,0.81940890295955,0.960094871914886,0.232178356195785,39.0680457543121
9.72251984126984,0.81934125968844,0.960038077677294,0.232067325419169,39.0685336384916
9.72261904761905,0.819273623275191,0.959981279046801,0.231956347846765,39.0690214735893
9.72271825396825,0.819205993718593,0.959924476027969,0.231845423453036,39.0695092596142
9.72281746031746,0.819138371017439,0.959867668625358,0.231734552212457,39.0699969965753
9.72291666666667,0.819070755170521,0.959810856843527,0.231623734099512,39.0704846844816
9.72301587301587,0.819003146176633,0.959754040687032,0.231512969088695,39.0709723233422
9.72311507936508,0.818935544034568,0.959697220160428,0.231402257154509,39.071459913166
9.72321428571429,0.818867948743121,0.959640395268267,0.231291598271466,39.071947453962
9.72331349206349,0.818800360301087,0.959583566015101,0.23118099241409,39.0724349457392
9.7234126984127,0.818732778707261,0.959526732405476,0.231070439556913,39.0729223885066
9.7235119047619,0.818665203960439,0.959469894443942,0.230959939674477,39.0734097822733
9.72361111111111,0.818597636059417,0.959413052135041,0.230849492741333,39.0738971270482
9.72371031746032,0.818530075002994,0.959356205483317,0.230739098732043,39.0743844228402
9.72380952380952,0.818462520789966,0.959299354493311,0.230628757621177,39.0748716696584
9.72390873015873,0.818394973419131,0.959242499169562,0.230518469383317,39.0753588675118
9.72400793650794,0.818327432889288,0.959185639516605,0.230408233993052,39.0758460164093
9.72410714285714,0.818259899199238,0.959128775538978,0.230298051424983,39.0763331163598
9.72420634920635,0.818192372347779,0.959071907241212,0.230187921653719,39.0768201673725
9.72430555555556,0.818124852333712,0.959015034627839,0.23007784465388,39.0773071694562
9.72440476190476,0.818057339155838,0.958958157703388,0.229967820400095,39.0777941226199
9.72450396825397,0.817989832812958,0.958901276472386,0.229857848867001,39.0782810268725
9.72460317460317,0.817922333303875,0.958844390939358,0.229747930029248,39.0787678822232
9.72470238095238,0.817854840627391,0.958787501108827,0.229638063861493,39.0792546886807
9.72480158730159,0.81778735478231,0.958730606985315,0.229528250338403,39.079741446254
9.72490079365079,0.817719875767434,0.958673708573342,0.229418489434657,39.0802281549522
9.725,0.817652403581569,0.958616805877423,0.22930878112494,39.0807148147841
9.72509920634921,0.817584938223519,0.958559898902076,0.22919912538395,39.0812014257587
9.72519841269841,0.817517479692089,0.958502987651813,0.229089522186392,39.081687987885
9.72529761904762,0.817450027986085,0.958446072131147,0.228979971506983,39.0821745011719
9.72539682539682,0.817382583104314,0.958389152344585,0.228870473320448,39.0826609656283
9.72549603174603,0.817315145045583,0.958332228296636,0.228761027601521,39.0831473812632
9.72559523809524,0.817247713808699,0.958275299991807,0.22865163432495,39.0836337480855
9.72569444444444,0.817180289392471,0.9582183674346,0.228542293465487,39.0841200661042
9.72579365079365,0.817112871795707,0.958161430629518,0.228433004997897,39.0846063353281
9.72589285714286,0.817045461017217,0.958104489581059,0.228323768896954,39.0850925557662
9.72599206349206,0.81697805705581,0.958047544293723,0.228214585137441,39.0855787274275
9.72609126984127,0.816910659910296,0.957990594772004,0.228105453694151,39.0860648503208
9.72619047619048,0.816843269579487,0.957933641020397,0.227996374541888,39.0865509244551
9.72628968253968,0.816775886062193,0.957876683043394,0.227887347655464,39.0870369498392
9.72638888888889,0.816708509357228,0.957819720845484,0.2277783730097,39.0875229264822
9.72648809523809,0.816641139463402,0.957762754431157,0.227669450579429,39.0880088543929
9.7265873015873,0.81657377637953,0.957705783804897,0.227560580339493,39.0884947335802
9.72668650793651,0.816506420104425,0.957648808971189,0.227451762264741,39.088980564053
9.72678571428571,0.816439070636901,0.957591829934516,0.227342996330036,39.0894663458203
9.72688492063492,0.816371727975773,0.957534846699358,0.227234282510247,39.0899520788908
9.72698412698413,0.816304392119855,0.957477859270191,0.227125620780254,39.0904377632737
9.72708333333333,0.816237063067966,0.957420867651495,0.227017011114949,39.0909233989776
9.72718253968254,0.816169740818919,0.957363871847742,0.226908453489229,39.0914089860116
9.72728174603175,0.816102425371533,0.957306871863405,0.226799947878005,39.0918945243845
9.72738095238095,0.816035116724624,0.957249867702955,0.226691494256195,39.0923800141052
9.72748015873016,0.815967814877012,0.957192859370859,0.226583092598727,39.0928654551826
9.72757936507936,0.815900519827514,0.957135846871586,0.226474742880539,39.0933508476255
9.72767857142857,0.815833231574949,0.957078830209598,0.22636644507658,39.0938361914429
9.72777777777778,0.815765950118138,0.95702180938936,0.226258199161806,39.0943214866436
9.72787698412698,0.8156986754559,0.956964784415331,0.226150005111184,39.0948067332366
9.72797619047619,0.815631407587056,0.95690775529197,0.226041862899692,39.0952919312305
9.7280753968254,0.815564146510428,0.956850722023735,0.225933772502316,39.0957770806345
9.7281746031746,0.815496892224838,0.95679368461508,0.225825733894052,39.0962621814572
9.72827380952381,0.815429644729107,0.956736643070457,0.225717747049905,39.0967472337077
9.72837301587301,0.815362404022059,0.956679597394318,0.225609811944891,39.0972322373946
9.72847222222222,0.815295170102517,0.956622547591112,0.225501928554034,39.097717192527
9.72857142857143,0.815227942969306,0.956565493665285,0.225394096852371,39.0982020991136
9.72867063492064,0.81516072262125,0.956508435621284,0.225286316814945,39.0986869571633
9.72876984126984,0.815093509057175,0.956451373463551,0.22517858841681,39.099171766685
9.72886904761905,0.815026302275905,0.956394307196527,0.22507091163303,39.0996565276874
9.72896825396825,0.814959102276268,0.956337236824651,0.224963286438678,39.1001412401796
9.72906746031746,0.814891909057091,0.956280162352361,0.224855712808837,39.1006259041702
9.72916666666667,0.8148247226172,0.956223083784091,0.2247481907186,39.1011105196681
9.72926587301587,0.814757542955423,0.956166001124276,0.224640720143069,39.1015950866823
9.72936507936508,0.81469037007059,0.956108914377347,0.224533301057357,39.1020796052214
9.72946428571429,0.814623203961528,0.956051823547733,0.224425933436584,39.1025640752944
9.72956349206349,0.814556044627068,0.955994728639861,0.224318617255883,39.10304849691
9.7296626984127,0.81448889206604,0.955937629658157,0.224211352490393,39.1035328700771
9.7297619047619,0.814421746277275,0.955880526607044,0.224104139115267,39.1040171948046
9.72986111111111,0.814354607259604,0.955823419490945,0.223996977105663,39.1045014711012
9.72996031746032,0.814287475011856,0.955766308314278,0.223889866436751,39.1049856989758
9.73005952380952,0.814220349532868,0.955709193081463,0.223782807083714,39.1054698784371
9.73015873015873,0.814153230821471,0.955652073796913,0.223675799021738,39.1059540094941
9.73025793650794,0.814086118876498,0.955594950465044,0.223568842226023,39.1064380921554
9.73035714285714,0.814019013696784,0.955537823090267,0.223461936671778,39.10692212643
9.73045634920635,0.813951915281162,0.955480691676991,0.22335508233422,39.1074061123266
9.73055555555556,0.813884823628468,0.955423556229625,0.223248279188579,39.107890049854
9.73065476190476,0.813817738737537,0.955366416752575,0.223141527210091,39.108373939021
9.73075396825397,0.813750660607207,0.955309273250245,0.223034826374003,39.1088577798364
9.73085317460317,0.813683589236313,0.955252125727036,0.222928176655573,39.1093415723091
9.73095238095238,0.813616524623693,0.95519497418735,0.222821578030067,39.1098253164478
9.73105158730159,0.813549466768184,0.955137818635583,0.222715030472761,39.1103090122613
9.73115079365079,0.813482415668626,0.955080659076132,0.222608533958942,39.1107926597584
9.73125,0.813415371323857,0.955023495513392,0.222502088463904,39.1112762589478
9.73134920634921,0.813348333732716,0.954966327951755,0.222395693962954,39.1117598098384
9.73144841269841,0.813281302894043,0.954909156395611,0.222289350431404,39.112243312439
9.73154761904762,0.81321427880668,0.954851980849348,0.222183057844582,39.1127267667582
9.73164682539683,0.813147261469468,0.954794801317353,0.222076816177821,39.113210172805
9.73174603174603,0.813080250881248,0.954737617804011,0.221970625406464,39.113693530588
9.73184523809524,0.813013247040862,0.954680430313704,0.221864485505865,39.114176840116
9.73194444444444,0.812946249947153,0.954623238850812,0.221758396451388,39.1146601013978
9.73204365079365,0.812879259598965,0.954566043419714,0.221652358218405,39.1151433144422
9.73214285714286,0.812812275995142,0.954508844024787,0.221546370782298,39.1156264792579
9.73224206349206,0.812745299134527,0.954451640670405,0.221440434118461,39.1161095958537
9.73234126984127,0.812678329015966,0.954394433360941,0.221334548202294,39.1165926642384
9.73244047619048,0.812611365638305,0.954337222100766,0.221228713009209,39.1170756844206
9.73253968253968,0.812544409000389,0.954280006894249,0.221122928514628,39.1175586564091
9.73263888888889,0.812477459101066,0.954222787745757,0.221017194693981,39.1180415802128
9.73273809523809,0.812410515939182,0.954165564659654,0.220911511522708,39.1185244558403
9.7328373015873,0.812343579513586,0.954108337640304,0.220805878976261,39.1190072833003
9.73293650793651,0.812276649823124,0.954051106692066,0.220700297030096,39.1194900626017
9.73303571428571,0.812209726866648,0.953993871819302,0.220594765659687,39.1199727937531
9.73313492063492,0.812142810643005,0.953936633026368,0.220489284840512,39.1204554767633
9.73323412698413,0.812075901151047,0.953879390317618,0.220383854548058,39.120938111641
9.73333333333333,0.812008998389622,0.953822143697406,0.220278474757825,39.121420698395
9.73343253968254,0.811942102357584,0.953764893170084,0.220173145445321,39.121903237034
9.73353174603175,0.811875213053782,0.95370763874,0.220067866586062,39.1223857275666
9.73363095238095,0.81180833047707,0.953650380411502,0.219962638155578,39.1228681700017
9.73373015873016,0.811741454626299,0.953593118188935,0.219857460129405,39.1233505643479
9.73382936507936,0.811674585500324,0.953535852076643,0.219752332483089,39.123832910614
9.73392857142857,0.811607723097998,0.953478582078967,0.219647255192187,39.1243152088087
9.73402777777778,0.811540867418176,0.953421308200246,0.219542228232266,39.1247974589406
9.73412698412698,0.811474018459711,0.953364030444819,0.2194372515789,39.1252796610185
9.73422619047619,0.811407176221461,0.953306748817021,0.219332325207676,39.1257618150512
9.7343253968254,0.811340340702281,0.953249463321185,0.219227449094188,39.1262439210472
9.7344246031746,0.811273511901026,0.953192173961642,0.21912262321404,39.1267259790153
9.73452380952381,0.811206689816556,0.953134880742724,0.219017847542849,39.1272079889643
9.73462301587302,0.811139874447727,0.953077583668757,0.218913122056237,39.1276899509027
9.73472222222222,0.811073065793397,0.953020282744069,0.218808446729839,39.1281718648393
9.73482142857143,0.811006263852426,0.952962977972981,0.218703821539298,39.1286537307828
9.73492063492064,0.810939468623672,0.952905669359816,0.218599246460266,39.1291355487418
9.73501984126984,0.810872680105997,0.952848356908895,0.218494721468406,39.1296173187251
9.73511904761905,0.810805898298259,0.952791040624535,0.218390246539391,39.1300990407413
9.73521825396825,0.81073912319932,0.952733720511052,0.218285821648903,39.1305807147992
9.73531746031746,0.810672354808041,0.952676396572761,0.218181446772634,39.1310623409073
9.73541666666667,0.810605593123285,0.952619068813973,0.218077121886284,39.1315439190744
9.73551587301587,0.810538838143914,0.952561737238999,0.217972846965565,39.1320254493091
9.73561507936508,0.810472089868792,0.952504401852146,0.217868621986198,39.1325069316201
9.73571428571429,0.810405348296781,0.952447062657722,0.217764446923912,39.1329883660161
9.73581349206349,0.810338613426748,0.95238971966003,0.217660321754448,39.1334697525057
9.7359126984127,0.810271885257554,0.952332372863373,0.217556246453554,39.1339510910976
9.73601190476191,0.810205163788068,0.952275022272051,0.217452220996992,39.1344323818004
9.73611111111111,0.810138449017155,0.952217667890364,0.21734824536053,39.1349136246229
9.73621031746032,0.810071740943681,0.952160309722606,0.217244319519947,39.1353948195736
9.73630952380952,0.810005039566512,0.952102947773073,0.21714044345103,39.1358759666612
9.73640873015873,0.809938344884518,0.952045582046058,0.217036617129577,39.1363570658944
9.73650793650794,0.809871656896566,0.951988212545851,0.216932840531397,39.1368381172818
9.73660714285714,0.809804975601524,0.95193083927674,0.216829113632307,39.137319120832
9.73670634920635,0.809738300998262,0.951873462243013,0.216725436408132,39.1378000765537
9.73680555555556,0.809671633085649,0.951816081448954,0.216621808834711,39.1382809844555
9.73690476190476,0.809604971862557,0.951758696898846,0.216518230887889,39.1387618445461
9.73700396825397,0.809538317327855,0.95170130859697,0.216414702543523,39.1392426568341
9.73710317460317,0.809471669480415,0.951643916547605,0.216311223777477,39.139723421328
9.73720238095238,0.80940502831911,0.951586520755027,0.216207794565627,39.1402041380367
9.73730158730159,0.809338393842812,0.951529121223513,0.216104414883858,39.1406848069686
9.73740079365079,0.809271766050393,0.951471717957333,0.216001084708064,39.1411654281323
9.7375,0.809205144940728,0.951414310960761,0.21589780401415,39.1416460015366
9.73759920634921,0.809138530512691,0.951356900238065,0.21579457277803,39.14212652719
9.73769841269841,0.809071922765157,0.951299485793512,0.215691390975628,39.1426070051012
9.73779761904762,0.809005321697001,0.951242067631368,0.215588258582876,39.1430874352787
9.73789682539683,0.808938727307098,0.951184645755895,0.215485175575717,39.1435678177311
9.73799603174603,0.808872139594325,0.951127220171355,0.215382141930104,39.1440481524671
9.73809523809524,0.80880555855756,0.951069790882008,0.215279157621999,39.1445284394952
9.73819444444444,0.808738984195679,0.951012357892111,0.215176222627374,39.1450086788242
9.73829365079365,0.808672416507561,0.950954921205919,0.215073336922211,39.1454888704624
9.73839285714286,0.808605855492084,0.950897480827685,0.2149705004825,39.1459690144187
9.73849206349206,0.808539301148127,0.950840036761662,0.214867713284243,39.1464491107014
9.73859126984127,0.80847275347457,0.950782589012099,0.214764975303449,39.1469291593194
9.73869047619048,0.808406212470294,0.950725137583243,0.21466228651614,39.147409160281
9.73878968253968,0.808339678134179,0.950667682479341,0.214559646898345,39.1478891135949
9.73888888888889,0.808273150465106,0.950610223704634,0.214457056426101,39.1483690192698
9.7389880952381,0.808206629461958,0.950552761263367,0.214354515075462,39.1488488773141
9.7390873015873,0.808140115123617,0.950495295159779,0.214252022822484,39.1493286877364
9.73918650793651,0.808073607448966,0.950437825398107,0.214149579643237,39.1498084505454
9.73928571428571,0.808007106436889,0.950380351982587,0.214047185513797,39.1502881657495
9.73938492063492,0.807940612086269,0.950322874917453,0.213944840410253,39.1507678333574
9.73948412698413,0.807874124395991,0.950265394206937,0.213842544308702,39.1512474533777
9.73958333333333,0.807807643364941,0.95020790985527,0.213740297185252,39.1517270258188
9.73968253968254,0.807741168992004,0.950150421866679,0.213638099016019,39.1522065506894
9.73978174603175,0.807674701276067,0.950092930245391,0.213535949777129,39.1526860279979
9.73988095238095,0.807608240216016,0.950035434995629,0.21343384944472,39.1531654577531
9.73998015873016,0.807541785810739,0.949977936121616,0.213331797994936,39.1536448399633
9.74007936507936,0.807475338059124,0.949920433627572,0.213229795403933,39.1541241746372
9.74017857142857,0.807408896960059,0.949862927517716,0.213127841647876,39.1546034617833
9.74027777777778,0.807342462512433,0.949805417796263,0.213025936702939,39.1550827014102
9.74037698412699,0.807276034715136,0.949747904467428,0.212924080545307,39.1555618935263
9.74047619047619,0.807209613567059,0.949690387535424,0.212822273151175,39.1560410381403
9.7405753968254,0.807143199067092,0.949632867004461,0.212720514496746,39.1565201352607
9.7406746031746,0.807076791214126,0.949575342878748,0.212618804558234,39.156999184896
9.74077380952381,0.807010390007053,0.949517815162491,0.212517143311861,39.1574781870547
9.74087301587302,0.806943995444765,0.949460283859895,0.21241553073386,39.1579571417453
9.74097222222222,0.806877607526156,0.949402748975163,0.212313966800474,39.1584360489765
9.74107142857143,0.806811226250119,0.949345210512495,0.212212451487954,39.1589149087567
9.74117063492064,0.806744851615548,0.94928766847609,0.212110984772563,39.1593937210944
9.74126984126984,0.806678483621337,0.949230122870145,0.212009566630571,39.1598724859982
9.74136904761905,0.806612122266381,0.949172573698854,0.21190819703826,39.1603512034765
9.74146825396825,0.806545767549577,0.949115020966411,0.21180687597192,39.1608298735379
9.74156746031746,0.80647941946982,0.949057464677006,0.211705603407852,39.161308496191
9.74166666666667,0.806413078026007,0.948999904834829,0.211604379322366,39.1617870714441
9.74176587301587,0.806346743217036,0.948942341444067,0.211503203691782,39.1622655993058
9.74186507936508,0.806280415041804,0.948884774508904,0.211402076492426,39.1627440797847
9.74196428571429,0.80621409349921,0.948827204033523,0.211300997700642,39.1632225128891
9.74206349206349,0.806147778588154,0.948769630022107,0.211199967292776,39.1637008986276
9.7421626984127,0.806081470307533,0.948712052478834,0.211098985245187,39.1641792370088
9.74226190476191,0.80601516865625,0.948654471407882,0.210998051534242,39.164657528041
9.74236111111111,0.805948873633203,0.948596886813425,0.21089716613632,39.1651357717328
9.74246031746032,0.805882585237295,0.948539298699637,0.210796329027808,39.1656139680927
9.74255952380952,0.805816303467426,0.94848170707069,0.210695540185102,39.1660921171292
9.74265873015873,0.8057500283225,0.948424111930753,0.210594799584609,39.1665702188506
9.74275793650794,0.805683759801419,0.948366513283993,0.210494107202746,39.1670482732656
9.74285714285714,0.805617497903087,0.948308911134575,0.210393463015938,39.1675262803826
9.74295634920635,0.805551242626407,0.948251305486665,0.210292867000621,39.16800424021
9.74305555555556,0.805484993970285,0.948193696344422,0.210192319133241,39.1684821527564
9.74315476190476,0.805418751933624,0.948136083712008,0.210091819390252,39.1689600180301
9.74325396825397,0.805352516515331,0.948078467593578,0.209991367748118,39.1694378360397
9.74335317460318,0.805286287714311,0.94802084799329,0.209890964183314,39.1699156067937
9.74345238095238,0.805220065529472,0.947963224915297,0.209790608672324,39.1703933303004
9.74355158730159,0.805153849959721,0.947905598363751,0.209690301191642,39.1708710065684
9.74365079365079,0.805087641003965,0.947847968342801,0.209590041717772,39.1713486356061
9.74375,0.805021438661113,0.947790334856597,0.209489830227224,39.1718262174219
9.74384920634921,0.804955242930074,0.947732697909283,0.209389666696523,39.1723037520243
9.74394841269841,0.804889053809758,0.947675057505004,0.209289551102201,39.1727812394218
9.74404761904762,0.804822871299073,0.947617413647902,0.209189483420799,39.1732586796228
9.74414682539683,0.804756695396931,0.947559766342117,0.209089463628869,39.1737360726357
9.74424603174603,0.804690526102243,0.947502115591787,0.208989491702972,39.1742134184689
9.74434523809524,0.80462436341392,0.947444461401048,0.208889567619679,39.174690717131
9.74444444444444,0.804558207330875,0.947386803774035,0.20878969135557,39.1751679686303
9.74454365079365,0.804492057852021,0.947329142714879,0.208689862887237,39.1756451729753
9.74464285714286,0.80442591497627,0.947271478227712,0.208590082191277,39.1761223301744
9.74474206349206,0.804359778702537,0.947213810316661,0.208490349244302,39.176599440236
9.74484126984127,0.804293649029735,0.947156138985853,0.208390664022929,39.1770765031686
9.74494047619048,0.804227525956781,0.947098464239413,0.208291026503789,39.1775535189806
9.74503968253968,0.804161409482589,0.947040786081463,0.20819143666352,39.1780304876803
9.74513888888889,0.804095299606076,0.946983104516124,0.208091894478769,39.1785074092762
9.7452380952381,0.804029196326158,0.946925419547514,0.207992399926195,39.1789842837768
9.7453373015873,0.803963099641752,0.94686773117975,0.207892952982465,39.1794611111904
9.74543650793651,0.803897009551776,0.946810039416946,0.207793553624257,39.1799378915254
9.74553571428571,0.803830926055149,0.946752344263216,0.207694201828256,39.1804146247902
9.74563492063492,0.803764849150788,0.94669464572267,0.207594897571159,39.1808913109933
9.74573412698413,0.803698778837614,0.946636943799417,0.207495640829674,39.1813679501431
9.74583333333333,0.803632715114546,0.946579238497563,0.207396431580514,39.1818445422478
9.74593253968254,0.803566657980505,0.946521529821215,0.207297269800407,39.182321087316
9.74603174603175,0.803500607434412,0.946463817774475,0.207198155466086,39.182797585356
9.74613095238095,0.803434563475188,0.946406102361443,0.207099088554297,39.1832740363763
9.74623015873016,0.803368526101755,0.946348383586219,0.207000069041794,39.1837504403851
9.74632936507937,0.803302495313036,0.946290661452899,0.20690109690534,39.1842267973909
9.74642857142857,0.803236471107955,0.946232935965581,0.206802172121711,39.1847031074021
9.74652777777778,0.803170453485435,0.946175207128355,0.20670329466769,39.185179370427
9.74662698412699,0.803104442444401,0.946117474945315,0.206604464520069,39.185655586474
9.74672619047619,0.803038437983776,0.946059739420548,0.206505681655651,39.1861317555515
9.7468253968254,0.802972440102488,0.946002000558142,0.206406946051249,39.1866078776679
9.7469246031746,0.802906448799461,0.945944258362184,0.206308257683685,39.1870839528315
9.74702380952381,0.802840464073622,0.945886512836755,0.20620961652979,39.1875599810506
9.74712301587302,0.802774485923899,0.945828763985938,0.206111022566406,39.1880359623338
9.74722222222222,0.802708514349218,0.945771011813811,0.206012475770383,39.1885118966892
9.74732142857143,0.802642549348509,0.945713256324454,0.205913976118583,39.1889877841253
9.74742063492064,0.802576590920699,0.94565549752194,0.205815523587876,39.1894636246505
9.74751984126984,0.802510639064719,0.945597735410345,0.205717118155142,39.189939418273
9.74761904761905,0.802444693779497,0.945539969993739,0.205618759797271,39.1904151650012
9.74771825396825,0.802378755063964,0.945482201276193,0.205520448491161,39.1908908648435
9.74781746031746,0.802312822917051,0.945424429261773,0.205422184213721,39.1913665178082
9.74791666666667,0.80224689733769,0.945366653954546,0.205323966941872,39.1918421239037
9.74801587301587,0.802180978324813,0.945308875358577,0.205225796652542,39.1923176831383
9.74811507936508,0.802115065877352,0.945251093477926,0.205127673322667,39.1927931955203
9.74821428571429,0.80204915999424,0.945193308316654,0.205029596929195,39.193268661058
9.74831349206349,0.801983260674412,0.945135519878819,0.204931567449085,39.1937440797599
9.7484126984127,0.801917367916801,0.945077728168477,0.204833584859303,39.1942194516342
9.74851190476191,0.801851481720341,0.945019933189681,0.204735649136825,39.1946947766892
9.74861111111111,0.80178560208397,0.944962134946485,0.204637760258639,39.1951700549333
9.74871031746032,0.801719729006621,0.944904333442938,0.204539918201739,39.1956452863748
9.74880952380952,0.801653862487232,0.944846528683089,0.204442122943131,39.196120471022
9.74890873015873,0.80158800252474,0.944788720670983,0.204344374459832,39.1965956088832
9.74900793650794,0.801522149118082,0.944730909410666,0.204246672728865,39.1970706999668
9.74910714285714,0.801456302266196,0.944673094906179,0.204149017727265,39.197545744281
9.74920634920635,0.801390461968021,0.944615277161563,0.204051409432078,39.1980207418341
9.74930555555556,0.801324628222495,0.944557456180856,0.203953847820354,39.1984956926345
9.74940476190476,0.801258801028561,0.944499631968095,0.203856332869161,39.1989705966905
9.74950396825397,0.801192980385156,0.944441804527315,0.20375886455557,39.1994454540103
9.74960317460318,0.801127166291222,0.944383973862548,0.203661442856665,39.1999202646023
9.74970238095238,0.8010613587457,0.944326139977825,0.203564067749537,39.2003950284747
9.74980158730159,0.800995557747533,0.944268302877175,0.20346673921129,39.2008697456359
9.74990079365079,0.800929763295663,0.944210462564623,0.203369457219035,39.201344416094
9.75,0.800863975389032,0.944152619044196,0.203272221749893,39.2018190398575
9.75009920634921,0.800798194026585,0.944094772319916,0.203175032780997,39.2022936169346
9.75019841269841,0.800732419207265,0.944036922395803,0.203077890289486,39.2027681473336
9.75029761904762,0.800666650930018,0.943979069275876,0.202980794252511,39.2032426310627
9.75039682539682,0.800600889193788,0.943921212964154,0.202883744647233,39.2037170681302
9.75049603174603,0.800535133997521,0.94386335346465,0.202786741450821,39.2041914585445
9.75059523809524,0.800469385340164,0.943805490781378,0.202689784640455,39.2046658023137
9.75069444444444,0.800403643220663,0.943747624918348,0.202592874193325,39.2051400994461
9.75079365079365,0.800337907637966,0.94368975587957,0.202496010086627,39.2056143499501
9.75089285714286,0.800272178591021,0.943631883669051,0.202399192297572,39.2060885538338
9.75099206349206,0.800206456078777,0.943574008290797,0.202302420803379,39.2065627111055
9.75109126984127,0.800140740100182,0.943516129748811,0.202205695581273,39.2070368217735
9.75119047619048,0.800075030654186,0.943458248047093,0.202109016608494,39.2075108858461
9.75128968253968,0.80000932773974,0.943400363189644,0.202012383862288,39.2079849033314
9.75138888888889,0.799943631355795,0.943342475180461,0.201915797319912,39.2084588742377
9.75148809523809,0.7998779415013,0.943284584023539,0.201819256958633,39.2089327985734
9.7515873015873,0.799812258175209,0.943226689722871,0.201722762755726,39.2094066763465
9.75168650793651,0.799746581376474,0.94316879228245,0.201626314688477,39.2098805075655
9.75178571428571,0.799680911104047,0.943110891706265,0.201529912734183,39.2103542922384
9.75188492063492,0.799615247356883,0.943052987998303,0.201433556870147,39.2108280303736
9.75198412698413,0.799549590133935,0.94299508116255,0.201337247073685,39.2113017219792
9.75208333333333,0.799483939434157,0.942937171202991,0.201240983322122,39.2117753670636
9.75218253968254,0.799418295256506,0.942879258123606,0.201144765592791,39.2122489656348
9.75228174603175,0.799352657599936,0.942821341928375,0.201048593863035,39.2127225177012
9.75238095238095,0.799287026463404,0.942763422621277,0.200952468110209,39.213196023271
9.75248015873016,0.799221401845867,0.942705500206288,0.200856388311677,39.2136694823524
9.75257936507936,0.799155783746282,0.942647574687381,0.200760354444809,39.2141428949536
9.75267857142857,0.799090172163607,0.942589646068528,0.20066436648699,39.2146162610829
9.75277777777778,0.799024567096801,0.9425317143537,0.200568424415611,39.2150895807483
9.75287698412698,0.798958968544822,0.942473779546864,0.200472528208073,39.2155628539582
9.75297619047619,0.79889337650663,0.942415841651987,0.200376677841789,39.2160360807208
9.7530753968254,0.798827790981186,0.942357900673032,0.200280873294178,39.2165092610442
9.7531746031746,0.798762211967449,0.942299956613963,0.200185114542673,39.2169823949367
9.75327380952381,0.798696639464381,0.942242009478739,0.200089401564713,39.2174554824065
9.75337301587301,0.798631073470945,0.942184059271319,0.199993734337748,39.2179285234617
9.75347222222222,0.798565513986101,0.942126105995658,0.199898112839238,39.2184015181105
9.75357142857143,0.798499961008813,0.942068149655712,0.199802537046653,39.2188744663612
9.75367063492063,0.798434414538044,0.942010190255433,0.199707006937471,39.2193473682219
9.75376984126984,0.798368874572759,0.941952227798771,0.19961152248918,39.2198202237008
9.75386904761905,0.798303341111921,0.941894262289675,0.199516083679281,39.2202930328061
9.75396825396825,0.798237814154497,0.941836293732092,0.199420690485281,39.220765795546
9.75406746031746,0.798172293699452,0.941778322129966,0.199325342884696,39.2212385119286
9.75416666666667,0.798106779745751,0.941720347487239,0.199230040855056,39.2217111819622
9.75426587301587,0.798041272292361,0.941662369807854,0.199134784373895,39.2221838056548
9.75436507936508,0.79797577133825,0.941604389095748,0.199039573418763,39.2226563830148
9.75446428571429,0.797910276882386,0.941546405354858,0.198944407967213,39.2231289140501
9.75456349206349,0.797844788923737,0.941488418589119,0.198849287996813,39.2236013987691
9.7546626984127,0.797779307461271,0.941430428802464,0.198754213485139,39.2240738371798
9.7547619047619,0.797713832493959,0.941372435998824,0.198659184409775,39.2245462292904
9.75486111111111,0.79764836402077,0.941314440182128,0.198564200748316,39.2250185751091
9.75496031746032,0.797582902040675,0.941256441356302,0.198469262478368,39.225490874644
9.75505952380952,0.797517446552645,0.941198439525273,0.198374369577544,39.2259631279034
9.75515873015873,0.797451997555652,0.941140434692963,0.198279522023468,39.2264353348952
9.75525793650794,0.797386555048667,0.941082426863293,0.198184719793773,39.2269074956277
9.75535714285714,0.797321119030664,0.941024416040183,0.198089962866105,39.2273796101091
9.75545634920635,0.797255689500617,0.94096640222755,0.197995251218114,39.2278516783473
9.75555555555556,0.797190266457498,0.940908385429309,0.197900584827465,39.2283237003507
9.75565476190476,0.797124849900283,0.940850365649374,0.197805963671829,39.2287956761273
9.75575396825397,0.797059439827946,0.940792342891656,0.197711387728888,39.2292676056853
9.75585317460317,0.796994036239463,0.940734317160064,0.197616856976333,39.2297394890328
9.75595238095238,0.79692863913381,0.940676288458506,0.197522371391866,39.2302113261779
9.75605158730159,0.796863248509963,0.940618256790888,0.197427930953198,39.2306831171287
9.75615079365079,0.7967978643669,0.940560222161112,0.197333535638049,39.2311548618934
9.75625,0.796732486703599,0.940502184573082,0.19723918542415,39.2316265604801
9.75634920634921,0.796667115519037,0.940444144030695,0.19714488028924,39.2320982128968
9.75644841269841,0.796601750812194,0.940386100537851,0.197050620211069,39.2325698191518
9.75654761904762,0.796536392582049,0.940328054098445,0.196956405167396,39.2330413792532
9.75664682539682,0.796471040827582,0.94027000471637,0.19686223513599,39.2335128932089
9.75674603174603,0.796405695547772,0.940211952395518,0.196768110094629,39.2339843610272
9.75684523809524,0.796340356741603,0.940153897139781,0.196674030021103,39.2344557827162
9.75694444444444,0.796275024408055,0.940095838953045,0.196579994893209,39.2349271582839
9.75704365079365,0.796209698546109,0.940037777839196,0.196486004688753,39.2353984877384
9.75714285714286,0.79614437915475,0.939979713802119,0.196392059385554,39.2358697710879
9.75724206349206,0.79607906623296,0.939921646845695,0.196298158961439,39.2363410083404
9.75734126984127,0.796013759779723,0.939863576973805,0.196204303394243,39.236812199504
9.75744047619048,0.795948459794023,0.939805504190326,0.196110492661813,39.2372833445868
9.75753968253968,0.795883166274845,0.939747428499136,0.196016726742005,39.237754443597
9.75763888888889,0.795817879221174,0.939689349904108,0.195923005612683,39.2382254965425
9.75773809523809,0.795752598631997,0.939631268409115,0.195829329251725,39.2386965034315
9.7578373015873,0.795687324506301,0.939573184018027,0.195735697637013,39.239167464272
9.75793650793651,0.795622056843071,0.939515096734712,0.195642110746443,39.2396383790721
9.75803571428571,0.795556795641297,0.939457006563037,0.195548568557919,39.2401092478399
9.75813492063492,0.795491540899965,0.939398913506866,0.195455071049355,39.2405800705834
9.75823412698413,0.795426292618064,0.939340817570062,0.195361618198672,39.2410508473108
9.75833333333333,0.795361050794585,0.939282718756485,0.195268209983807,39.24152157803
9.75843253968254,0.795295815428517,0.939224617069995,0.195174846382701,39.2419922627492
9.75853174603175,0.795230586518851,0.939166512514448,0.195081527373306,39.2424629014764
9.75863095238095,0.795165364064577,0.939108405093698,0.194988252933585,39.2429334942196
9.75873015873016,0.795100148064686,0.939050294811598,0.194895023041509,39.2434040409869
9.75882936507936,0.795034938518172,0.938992181671999,0.194801837675059,39.2438745417864
9.75892857142857,0.794969735424025,0.938934065678751,0.194708696812227,39.2443449966261
9.75902777777778,0.794904538781241,0.938875946835699,0.194615600431014,39.2448154055141
9.75912698412698,0.794839348588812,0.938817825146689,0.19452254850943,39.2452857684584
9.75922619047619,0.794774164845732,0.938759700615563,0.194429541025495,39.2457560854669
9.7593253968254,0.794708987550996,0.938701573246164,0.194336577957239,39.2462263565479
9.7594246031746,0.794643816703601,0.938643443042329,0.194243659282701,39.2466965817093
9.75952380952381,0.79457865230254,0.938585310007897,0.19415078497993,39.2471667609591
9.75962301587301,0.794513494346812,0.938527174146701,0.194057955026984,39.2476368943054
9.75972222222222,0.794448342835412,0.938469035462575,0.193965169401932,39.2481069817561
9.75982142857143,0.79438319776734,0.938410893959352,0.193872428082854,39.2485770233194
9.75992063492064,0.794318059141592,0.938352749640859,0.193779731047835,39.2490470190032
9.76001984126984,0.794252926957168,0.938294602510925,0.193687078274974,39.2495169688156
9.76011904761905,0.794187801213067,0.938236452573375,0.193594469742378,39.2499868727646
9.76021825396825,0.794122681908287,0.938178299832032,0.193501905428162,39.2504567308582
9.76031746031746,0.794057569041831,0.938120144290717,0.193409385310454,39.2509265431043
9.76041666666667,0.793992462612698,0.938061985953251,0.19331690936739,39.2513963095111
9.76051587301587,0.79392736261989,0.93800382482345,0.193224477577115,39.2518660300865
9.76061507936508,0.793862269062408,0.937945660905131,0.193132089917784,39.2523357048385
9.76071428571429,0.793797181939257,0.937887494202106,0.193039746367562,39.2528053337751
9.76081349206349,0.793732101249437,0.937829324718189,0.192947446904625,39.2532749169043
9.7609126984127,0.793667026991954,0.937771152457188,0.192855191507156,39.2537444542342
9.7610119047619,0.793601959165812,0.937712977422911,0.19276298015335,39.2542139457726
9.76111111111111,0.793536897770014,0.937654799619165,0.192670812821409,39.2546833915276
9.76121031746032,0.793471842803565,0.937596619049752,0.192578689489547,39.2551527915073
9.76130952380952,0.793406794265474,0.937538435718475,0.192486610135988,39.2556221457195
9.76140873015873,0.793341752154745,0.937480249629135,0.192394574738964,39.2560914541722
9.76150793650794,0.793276716470385,0.937422060785529,0.192302583276718,39.2565607168734
9.76160714285714,0.793211687211402,0.937363869191452,0.1922106357275,39.2570299338312
9.76170634920635,0.793146664376804,0.9373056748507,0.192118732069574,39.2574991050534
9.76180555555556,0.7930816479656,0.937247477767065,0.192026872281209,39.2579682305481
9.76190476190476,0.793016637976798,0.937189277944336,0.191935056340687,39.2584373103232
9.76200396825397,0.792951634409408,0.937131075386302,0.191843284226299,39.2589063443867
9.76210317460317,0.792886637262441,0.937072870096749,0.191751555916345,39.2593753327466
9.76220238095238,0.792821646534907,0.937014662079461,0.191659871389135,39.2598442754107
9.76230158730159,0.792756662225817,0.936956451338222,0.191568230622987,39.2603131723871
9.76240079365079,0.792691684334184,0.93689823787681,0.191476633596233,39.2607820236837
9.7625,0.79262671285902,0.936840021699006,0.191385080287209,39.2612508293085
9.76259920634921,0.792561747799338,0.936781802808585,0.191293570674266,39.2617195892695
9.76269841269841,0.79249678915415,0.936723581209321,0.19120210473576,39.2621883035744
9.76279761904762,0.792431836922472,0.936665356904988,0.191110682450061,39.2626569722315
9.76289682539683,0.792366891103319,0.936607129899357,0.191019303795546,39.2631255952484
9.76299603174603,0.792301951695704,0.936548900196196,0.190927968750601,39.2635941726333
9.76309523809524,0.792237018698645,0.936490667799271,0.190836677293624,39.264062704394
9.76319444444444,0.792172092111157,0.936432432712347,0.190745429403022,39.2645311905385
9.76329365079365,0.792107171932257,0.936374194939188,0.19065422505721,39.2649996310746
9.76339285714286,0.792042258160963,0.936315954483555,0.190563064234614,39.2654680260104
9.76349206349206,0.791977350796292,0.936257711349205,0.19047194691367,39.2659363753538
9.76359126984127,0.791912449837263,0.936199465539896,0.190380873072823,39.2664046791126
9.76369047619048,0.791847555282895,0.936141217059384,0.190289842690528,39.2668729372949
9.76378968253968,0.791782667132207,0.936082965911421,0.190198855745249,39.2673411499084
9.76388888888889,0.79171778538422,0.936024712099758,0.19010791221546,39.2678093169612
9.76398809523809,0.791652910037955,0.935966455628144,0.190017012079646,39.2682774384612
9.7640873015873,0.791588041092432,0.935908196500328,0.1899261553163,39.2687455144162
9.76418650793651,0.791523178546672,0.935849934720052,0.189835341903923,39.2692135448342
9.76428571428571,0.7914583223997,0.935791670291063,0.189744571821031,39.269681529723
9.76438492063492,0.791393472650538,0.9357334032171,0.189653845046145,39.2701494690906
9.76448412698413,0.791328629298209,0.935675133501903,0.189563161557798,39.2706173629449
9.76458333333333,0.791263792341736,0.935616861149209,0.18947252133453,39.2710852112938
9.76468253968254,0.791198961780146,0.935558586162755,0.189381924354895,39.2715530141451
9.76478174603175,0.791134137612462,0.935500308546272,0.189291370597451,39.2720207715068
9.76488095238095,0.79106931983771,0.935442028303494,0.189200860040771,39.2724884833868
9.76498015873016,0.791004508454917,0.935383745438149,0.189110392663435,39.2729561497929
9.76507936507936,0.790939703463109,0.935325459953966,0.189019968444033,39.273423770733
9.76517857142857,0.790874904861314,0.935267171854669,0.188929587361165,39.273891346215
9.76527777777778,0.790810112648558,0.935208881143983,0.188839249393439,39.2743588762468
9.76537698412698,0.790745326823872,0.93515058782563,0.188748954519476,39.2748263608362
9.76547619047619,0.790680547386284,0.935092291903329,0.188658702717904,39.2752937999912
9.7655753968254,0.790615774334823,0.935033993380798,0.188568493967361,39.2757611937195
9.7656746031746,0.790551007668518,0.934975692261753,0.188478328246494,39.2762285420292
9.76577380952381,0.790486247386402,0.934917388549908,0.188388205533964,39.276695844928
9.76587301587302,0.790421493487505,0.934859082248976,0.188298125808435,39.2771631024237
9.76597222222222,0.790356745970858,0.934800773362666,0.188208089048587,39.2776303145244
9.76607142857143,0.790292004835495,0.934742461894686,0.188118095233105,39.2780974812377
9.76617063492064,0.790227270080448,0.934684147848742,0.188028144340685,39.2785646025716
9.76626984126984,0.790162541704749,0.93462583122854,0.187938236350034,39.279031678534
9.76636904761905,0.790097819707434,0.93456751203778,0.187848371239867,39.2794987091326
9.76646825396825,0.790033104087536,0.934509190280163,0.18775854898891,39.2799656943753
9.76656746031746,0.789968394844091,0.934450865959388,0.187668769575898,39.28043263427
9.76666666666667,0.789903691976134,0.934392539079151,0.187579032979575,39.2808995288245
9.76676587301587,0.789838995482701,0.934334209643146,0.187489339178695,39.2813663780467
9.76686507936508,0.789774305362829,0.934275877655066,0.187399688152024,39.2818331819444
9.76696428571429,0.789709621615554,0.934217543118601,0.187310079878333,39.2822999405253
9.76706349206349,0.789644944239916,0.934159206037441,0.187220514336408,39.2827666537974
9.7671626984127,0.789580273234951,0.93410086641527,0.187130991505039,39.2832333217685
9.76726190476191,0.789515608599699,0.934042524255774,0.187041511363031,39.2836999444464
9.76736111111111,0.789450950333201,0.933984179562637,0.186952073889196,39.2841665218389
9.76746031746032,0.789386298434494,0.933925832339539,0.186862679062355,39.2846330539539
9.76755952380952,0.78932165290262,0.933867482590157,0.186773326861341,39.2850995407991
9.76765873015873,0.78925701373662,0.93380913031817,0.186684017264994,39.2855659823824
9.76775793650794,0.789192380935536,0.933750775527252,0.186594750252166,39.2860323787116
9.76785714285714,0.78912775449841,0.933692418221076,0.186505525801717,39.2864987297945
9.76795634920635,0.789063134424283,0.933634058403313,0.186416343892517,39.2869650356389
9.76805555555556,0.788998520712201,0.933575696077633,0.186327204503446,39.2874312962526
9.76815476190476,0.788933913361206,0.933517331247701,0.186238107613394,39.2878975116435
9.76825396825397,0.788869312370343,0.933458963917183,0.186149053201261,39.2883636818192
9.76835317460317,0.788804717738656,0.933400594089743,0.186060041245954,39.2888298067877
9.76845238095238,0.788740129465192,0.933342221769041,0.185971071726393,39.2892958865567
9.76855158730159,0.788675547548996,0.933283846958737,0.185882144621505,39.289761921134
9.76865079365079,0.788610971989114,0.933225469662487,0.185793259910229,39.2902279105274
9.76875,0.788546402784595,0.933167089883948,0.185704417571512,39.2906938547446
9.76884920634921,0.788481839934486,0.933108707626773,0.185615617584313,39.2911597537936
9.76894841269841,0.788417283437834,0.933050322894614,0.185526859927597,39.2916256076819
9.76904761904762,0.788352733293689,0.932991935691119,0.18543814458034,39.2920914164175
9.76914682539683,0.7882881895011,0.932933546019936,0.185349471521531,39.2925571800081
9.76924603174603,0.788223652059117,0.932875153884711,0.185260840730163,39.2930228984614
9.76934523809524,0.78815912096679,0.932816759289087,0.185172252185242,39.2934885717853
9.76944444444444,0.78809459622317,0.932758362236706,0.185083705865785,39.2939541999875
9.76954365079365,0.788030077827309,0.932699962731207,0.184995201750815,39.2944197830757
9.76964285714286,0.787965565778259,0.932641560776229,0.184906739819367,39.2948853210578
9.76974206349206,0.787901060075072,0.932583156375408,0.184818320050485,39.2953508139415
9.76984126984127,0.787836560716802,0.932524749532376,0.184729942423224,39.2958162617346
9.76994047619048,0.787772067702502,0.932466340250766,0.184641606916647,39.2962816644447
9.77003968253968,0.787707581031227,0.932407928534208,0.184553313509826,39.2967470220797
9.77013888888889,0.78764310070203,0.932349514386329,0.184465062181844,39.2972123346474
9.7702380952381,0.78757862671397,0.932291097810756,0.184376852911795,39.2976776021553
9.7703373015873,0.7875141590661,0.932232678811113,0.18428868567878,39.2981428246114
9.77043650793651,0.787449697757477,0.932174257391022,0.184200560461912,39.2986080020233
9.77053571428571,0.787385242787158,0.932115833554104,0.184112477240311,39.2990731343988
9.77063492063492,0.787320794154202,0.932057407303975,0.184024435993108,39.2995382217456
9.77073412698413,0.787256351857665,0.931998978644253,0.183936436699445,39.3000032640715
9.77083333333333,0.787191915896607,0.931940547578552,0.183848479338473,39.3004682613841
9.77093253968254,0.787127486270087,0.931882114110484,0.18376056388935,39.3009332136913
9.77103174603175,0.787063062977165,0.931823678243659,0.183672690331247,39.3013981210007
9.77113095238095,0.786998646016901,0.931765239981686,0.183584858643343,39.30186298332
9.77123015873016,0.786934235388356,0.931706799328172,0.183497068804828,39.302327800657
9.77132936507936,0.786869831090591,0.93164835628672,0.1834093207949,39.3027925730195
9.77142857142857,0.786805433122668,0.931589910860934,0.183321614592767,39.303257300415
9.77152777777778,0.786741041483651,0.931531463054413,0.183233950177648,39.3037219828513
9.77162698412699,0.786676656172601,0.931473012870757,0.18314632752877,39.3041866203362
9.77172619047619,0.786612277188583,0.931414560313563,0.183058746625371,39.3046512128773
9.7718253968254,0.786547904530661,0.931356105386424,0.182971207446698,39.3051157604824
9.7719246031746,0.786483538197899,0.931297648092935,0.182883709972007,39.3055802631591
9.77202380952381,0.786419178189363,0.931239188436685,0.182796254180566,39.3060447209152
9.77212301587302,0.78635482450412,0.931180726421264,0.18270884005165,39.3065091337583
9.77222222222222,0.786290477141234,0.931122262050258,0.182621467564544,39.3069735016961
9.77232142857143,0.786226136099773,0.931063795327252,0.182534136698544,39.3074378247364
9.77242063492064,0.786161801378805,0.93100532625583,0.182446847432956,39.3079021028868
9.77251984126984,0.786097472977398,0.930946854839573,0.182359599747093,39.3083663361549
9.77261904761905,0.786033150894619,0.930888381082059,0.182272393620281,39.3088305245486
9.77271825396825,0.785968835129539,0.930829904986865,0.182185229031853,39.3092946680754
9.77281746031746,0.785904525681228,0.930771426557568,0.182098105961153,39.3097587667431
9.77291666666667,0.785840222548754,0.930712945797739,0.182011024387533,39.3102228205593
9.77301587301587,0.785775925731189,0.930654462710951,0.181923984290359,39.3106868295317
9.77311507936508,0.785711635227605,0.930595977300772,0.181836985648999,39.311150793668
9.77321428571429,0.785647351037073,0.930537489570771,0.181750028442841,39.3116147129757
9.77331349206349,0.785583073158666,0.930478999524512,0.181663112651273,39.3120785874627
9.7734126984127,0.785518801591457,0.930420507165559,0.181576238253699,39.3125424171366
9.77351190476191,0.785454536334519,0.930362012497474,0.181489405229528,39.3130062020049
9.77361111111111,0.785390277383997,0.930303515524569,0.18140261356033,39.3134699420762
9.77371031746032,0.785326024720773,0.930245016254963,0.181315863239517,39.3139336373626
9.77380952380952,0.785261778340678,0.930186514692735,0.181229154250588,39.3143972878723
9.77390873015873,0.78519753824266,0.930128010841146,0.181142486574839,39.3148608936125
9.77400793650794,0.785133304425663,0.93006950470346,0.181055860193576,39.3153244545905
9.77410714285714,0.785069076888633,0.930010996282936,0.180969275088108,39.3157879708136
9.77420634920635,0.785004855630517,0.929952485582833,0.180882731239751,39.316251442289
9.77430555555556,0.784940640650261,0.92989397260641,0.180796228629828,39.3167148690239
9.77440476190476,0.784876431946813,0.929835457356924,0.180709767239665,39.3171782510258
9.77450396825397,0.784812229519119,0.929776939837629,0.180623347050598,39.3176415883018
9.77460317460318,0.784748033366126,0.92971842005178,0.180536968043964,39.3181048808592
9.77470238095238,0.784683843486784,0.929659898002632,0.180450630201113,39.3185681287053
9.77480158730159,0.784619659880039,0.929601373693435,0.180364333503393,39.3190313318472
9.77490079365079,0.784555482544841,0.929542847127442,0.180278077932164,39.3194944902924
9.775,0.784491311480138,0.929484318307902,0.180191863468789,39.319957604048
9.77509920634921,0.784427146684878,0.929425787238064,0.180105690094637,39.3204206731212
9.77519841269841,0.784362988158012,0.929367253921174,0.180019557791085,39.3208836975194
9.77529761904762,0.784298835898488,0.92930871836048,0.179933466539513,39.3213466772498
9.77539682539683,0.784234689905257,0.929250180559227,0.179847416321309,39.3218096123196
9.77549603174603,0.784170550177267,0.929191640520658,0.179761407117868,39.3222725027361
9.77559523809524,0.784106416713471,0.929133098248017,0.179675438910588,39.3227353485066
9.77569444444444,0.784042289512818,0.929074553744544,0.179589511680875,39.3231981496382
9.77579365079365,0.783978168574259,0.929016007013482,0.17950362541014,39.3236609061382
9.77589285714286,0.783914053896746,0.928957458058068,0.1794177800798,39.3241236180139
9.77599206349206,0.78384994547923,0.928898906881541,0.17933197567128,39.3245862852725
9.77609126984127,0.783785843320662,0.928840353487137,0.179246212166007,39.3250489079213
9.77619047619048,0.783721747419996,0.928781797878094,0.179160489545419,39.3255114859674
9.77628968253968,0.783657657776183,0.928723240057645,0.179074807790955,39.3259740194181
9.77638888888889,0.783593574388176,0.928664680029024,0.178989166884064,39.3264365082807
9.7764880952381,0.783529497254928,0.928606117795463,0.178903566806198,39.3268989525623
9.7765873015873,0.783465426375393,0.928547553360193,0.178818007538817,39.3273613522702
9.77668650793651,0.783401361748523,0.928488986726445,0.178732489063385,39.3278237074117
9.77678571428571,0.783337303373272,0.928430417897446,0.178647011361374,39.3282860179939
9.77688492063492,0.783273251248595,0.928371846876425,0.17856157441426,39.3287482840241
9.77698412698413,0.783209205373447,0.928313273666608,0.178476178203527,39.3292105055095
9.77708333333333,0.78314516574678,0.92825469827122,0.178390822710664,39.3296726824573
9.77718253968254,0.783081132367552,0.928196120693486,0.178305507917166,39.3301348148747
9.77728174603175,0.783017105234716,0.928137540936628,0.178220233804533,39.3305969027691
9.77738095238095,0.782953084347228,0.928078959003867,0.178135000354273,39.3310589461475
9.77748015873016,0.782889069704045,0.928020374898426,0.178049807547898,39.3315209450171
9.77757936507937,0.782825061304121,0.927961788623522,0.177964655366926,39.3319828993853
9.77767857142857,0.782761059146414,0.927903200182374,0.177879543792884,39.3324448092592
9.77777777777778,0.782697063229881,0.9278446095782,0.177794472807302,39.3329066746461
9.77787698412699,0.782633073553479,0.927786016814216,0.177709442391716,39.333368495553
9.77797619047619,0.782569090116163,0.927727421893635,0.177624452527669,39.3338302719873
9.7780753968254,0.782505112916893,0.927668824819672,0.177539503196709,39.3342920039561
9.7781746031746,0.782441141954626,0.927610225595538,0.177454594380392,39.3347536914667
9.77827380952381,0.782377177228319,0.927551624224446,0.177369726060278,39.3352153345262
9.77837301587302,0.782313218736932,0.927493020709605,0.177284898217933,39.3356769331419
9.77847222222222,0.782249266479423,0.927434415054224,0.177200110834929,39.3361384873209
9.77857142857143,0.782185320454752,0.92737580726151,0.177115363892846,39.3365999970705
9.77867063492064,0.782121380661876,0.927317197334671,0.177030657373268,39.3370614623977
9.77876984126984,0.782057447099756,0.927258585276912,0.176945991257785,39.3375228833099
9.77886904761905,0.781993519767352,0.927199971091436,0.176861365527994,39.3379842598143
9.77896825396825,0.781929598663624,0.927141354781448,0.176776780165496,39.3384455919179
9.77906746031746,0.78186568378753,0.927082736350147,0.176692235151899,39.338906879628
9.77916666666667,0.781801775138035,0.927024115800737,0.17660773046882,39.3393681229518
9.77926587301587,0.781737872714097,0.926965493136415,0.176523266097877,39.3398293218964
9.77936507936508,0.781673976514679,0.926906868360381,0.176438842020697,39.3402904764691
9.77946428571429,0.781610086538741,0.926848241475831,0.176354458218912,39.3407515866771
9.77956349206349,0.781546202785245,0.926789612485961,0.17627011467416,39.3412126525274
9.7796626984127,0.781482325253154,0.926730981393967,0.176185811368085,39.3416736740273
9.77976190476191,0.78141845394143,0.926672348203042,0.176101548282338,39.342134651184
9.77986111111111,0.781354588849035,0.926613712916378,0.176017325398573,39.3425955840046
9.77996031746032,0.781290729974934,0.926555075537167,0.175933142698454,39.3430564724963
9.78005952380952,0.781226877318088,0.926496436068599,0.175849000163648,39.3435173166663
9.78015873015873,0.781163030877461,0.926437794513863,0.175764897775829,39.3439781165217
9.78025793650794,0.781099190652018,0.926379150876147,0.175680835516676,39.3444388720698
9.78035714285714,0.781035356640722,0.926320505158636,0.175596813367877,39.3448995833176
9.78045634920635,0.780971528842538,0.926261857364518,0.175512831311122,39.3453602502724
9.78055555555556,0.78090770725643,0.926203207496975,0.175428889328108,39.3458208729412
9.78065476190476,0.780843891881364,0.926144555559192,0.175344987400542,39.3462814513314
9.78075396825397,0.780780082716305,0.92608590155435,0.175261125510131,39.3467419854499
9.78085317460318,0.780716279760218,0.92602724548563,0.175177303638592,39.3472024753041
9.78095238095238,0.780652483012069,0.925968587356212,0.175093521767646,39.347662920901
9.78105158730159,0.780588692470825,0.925909927169274,0.17500977987902,39.3481233222478
9.78115079365079,0.780524908135451,0.925851264927993,0.174926077954449,39.3485836793516
9.78125,0.780461130004915,0.925792600635546,0.174842415975672,39.3490439922196
9.78134920634921,0.780397358078183,0.925733934295107,0.174758793924434,39.349504260859
9.78144841269841,0.780333592354223,0.92567526590985,0.174675211782486,39.3499644852769
9.78154761904762,0.780269832832002,0.925616595482948,0.174591669531587,39.3504246654804
9.78164682539682,0.780206079510489,0.925557923017572,0.1745081671535,39.3508848014767
9.78174603174603,0.78014233238865,0.925499248516892,0.174424704629993,39.3513448932729
9.78184523809524,0.780078591465455,0.925440571984078,0.174341281942843,39.3518049408761
9.78194444444444,0.780014856739873,0.925381893422297,0.17425789907383,39.3522649442936
9.78204365079365,0.779951128210871,0.925323212834716,0.174174556004741,39.3527249035325
9.78214285714286,0.779887405877421,0.925264530224501,0.174091252717371,39.3531848185998
9.78224206349206,0.77982368973849,0.925205845594816,0.174007989193518,39.3536446895027
9.78234126984127,0.77975997979305,0.925147158948825,0.173924765414988,39.3541045162484
9.78244047619048,0.779696276040071,0.925088470289689,0.173841581363591,39.3545642988439
9.78253968253968,0.779632578478522,0.925029779620569,0.173758437021145,39.3550240372965
9.78263888888889,0.779568887107374,0.924971086944625,0.173675332369472,39.3554837316132
9.78273809523809,0.779505201925598,0.924912392265016,0.173592267390402,39.3559433818011
9.7828373015873,0.779441522932167,0.924853695584899,0.17350924206577,39.3564029878674
9.78293650793651,0.77937785012605,0.92479499690743,0.173426256377417,39.3568625498193
9.78303571428571,0.779314183506221,0.924736296235765,0.173343310307188,39.3573220676637
9.78313492063492,0.779250523071651,0.924677593573056,0.173260403836939,39.3577815414079
9.78323412698413,0.779186868821313,0.924618888922457,0.173177536948526,39.358240971059
9.78333333333333,0.779123220754179,0.92456018228712,0.173094709623815,39.358700356624
9.78343253968254,0.779059578869223,0.924501473670194,0.173011921844678,39.3591596981102
9.78353174603175,0.778995943165416,0.924442763074828,0.172929173592988,39.3596189955245
9.78363095238095,0.778932313641735,0.924384050504172,0.172846464850632,39.3600782488742
9.78373015873016,0.778868690297152,0.924325335961371,0.172763795599497,39.3605374581663
9.78382936507936,0.778805073130641,0.924266619449572,0.172681165821478,39.3609966234079
9.78392857142857,0.778741462141177,0.924207900971919,0.172598575498475,39.3614557446062
9.78402777777778,0.778677857327735,0.924149180531555,0.172516024612394,39.3619148217682
9.78412698412698,0.778614258689289,0.924090458131623,0.172433513145149,39.362373854901
9.78422619047619,0.778550666224815,0.924031733775262,0.172351041078657,39.3628328440118
9.7843253968254,0.778487079933288,0.923973007465615,0.172268608394844,39.3632917891076
9.7844246031746,0.778423499813685,0.923914279205817,0.172186215075639,39.3637506901956
9.78452380952381,0.778359925864981,0.923855548999009,0.172103861102979,39.3642095472828
9.78462301587301,0.778296358086154,0.923796816848325,0.172021546458807,39.3646683603764
9.78472222222222,0.778232796476179,0.923738082756901,0.171939271125071,39.3651271294833
9.78482142857143,0.778169241034033,0.92367934672787,0.171857035083724,39.3655858546108
9.78492063492063,0.778105691758695,0.923620608764366,0.171774838316728,39.3660445357659
9.78501984126984,0.77804214864914,0.92356186886952,0.171692680806048,39.3665031729557
9.78511904761905,0.777978611704349,0.923503127046463,0.171610562533657,39.3669617661872
9.78521825396825,0.777915080923298,0.923444383298323,0.171528483481533,39.3674203154677
9.78531746031746,0.777851556304967,0.92338563762823,0.171446443631659,39.367878820804
9.78541666666667,0.777788037848333,0.923326890039311,0.171364442966027,39.3683372822034
9.78551587301587,0.777724525552376,0.923268140534689,0.171282481466633,39.3687956996729
9.78561507936508,0.777661019416076,0.923209389117492,0.171200559115477,39.3692540732195
9.78571428571429,0.777597519438411,0.923150635790841,0.171118675894568,39.3697124028505
9.78581349206349,0.777534025618362,0.923091880557859,0.17103683178592,39.3701706885727
9.7859126984127,0.777470537954909,0.923033123421668,0.170955026771554,39.3706289303934
9.7860119047619,0.777407056447032,0.922974364385386,0.170873260833494,39.3710871283195
9.78611111111111,0.777343581093712,0.922915603452134,0.170791533953773,39.3715452823582
9.78621031746032,0.777280111893931,0.922856840625028,0.170709846114428,39.3720033925164
9.78630952380952,0.777216648846669,0.922798075907185,0.170628197297504,39.3724614588014
9.78640873015873,0.777153191950908,0.92273930930172,0.17054658748505,39.3729194812201
9.78650793650794,0.777089741205629,0.922680540811746,0.17046501665912,39.3733774597796
9.78660714285714,0.777026296609816,0.922621770440379,0.170383484801779,39.3738353944869
9.78670634920635,0.77696285816245,0.922562998190728,0.170301991895093,39.3742932853492
9.78680555555556,0.776899425862516,0.922504224065905,0.170220537921135,39.3747511323734
9.78690476190476,0.776835999708994,0.922445448069019,0.170139122861986,39.3752089355667
9.78700396825397,0.776772579700869,0.922386670203177,0.170057746699731,39.3756666949361
9.78710317460317,0.776709165837125,0.922327890471488,0.16997640941646,39.3761244104886
9.78720238095238,0.776645758116745,0.922269108877057,0.169895110994273,39.3765820822313
9.78730158730159,0.776582356538713,0.922210325422988,0.169813851415271,39.3770397101713
9.78740079365079,0.776518961102014,0.922151540112386,0.169732630661565,39.3774972943155
9.7875,0.776455571805633,0.922092752948352,0.16965144871527,39.377954834671
9.78759920634921,0.776392188648555,0.922033963933988,0.169570305558508,39.378412331245
9.78769841269841,0.776328811629765,0.921975173072394,0.169489201173404,39.3788697840443
9.78779761904762,0.776265440748248,0.921916380366669,0.169408135542094,39.3793271930761
9.78789682539682,0.776202076002991,0.92185758581991,0.169327108646715,39.3797845583474
9.78799603174603,0.776138717392979,0.921798789435213,0.169246120469413,39.3802418798653
9.78809523809524,0.776075364917201,0.921739991215675,0.16916517099234,39.3806991576367
9.78819444444444,0.776012018574641,0.92168119116439,0.169084260197652,39.3811563916687
9.78829365079365,0.775948678364287,0.92162238928445,0.169003388067513,39.3816135819684
9.78839285714286,0.775885344285127,0.921563585578948,0.168922554584092,39.3820707285427
9.78849206349206,0.775822016336148,0.921504780050973,0.168841759729563,39.3825278313987
9.78859126984127,0.775758694516338,0.921445972703616,0.168761003486108,39.3829848905435
9.78869047619048,0.775695378824686,0.921387163539964,0.168680285835913,39.383441905984
9.78878968253968,0.775632069260179,0.921328352563106,0.168599606761172,39.3838988777272
9.78888888888889,0.775568765821806,0.921269539776126,0.168518966244083,39.3843558057803
9.78898809523809,0.775505468508557,0.92121072518211,0.168438364266851,39.3848126901501
9.7890873015873,0.775442177319421,0.921151908784142,0.168357800811688,39.3852695308439
9.78918650793651,0.775378892253387,0.921093090585303,0.168277275860809,39.3857263278684
9.78928571428571,0.775315613309446,0.921034270588676,0.168196789396437,39.3861830812308
9.78938492063492,0.775252340486588,0.92097544879734,0.168116341400802,39.3866397909382
9.78948412698413,0.775189073783802,0.920916625214373,0.168035931856137,39.3870964569974
9.78958333333333,0.77512581320008,0.920857799842855,0.167955560744684,39.3875530794155
9.78968253968254,0.775062558734414,0.920798972685862,0.167875228048689,39.3880096581995
9.78978174603175,0.774999310385794,0.920740143746469,0.167794933750405,39.3884661933564
9.78988095238095,0.774936068153212,0.92068131302775,0.16771467783209,39.3889226848933
9.78998015873016,0.77487283203566,0.920622480532779,0.167634460276009,39.3893791328171
9.79007936507936,0.77480960203213,0.920563646264628,0.167554281064433,39.3898355371348
9.79017857142857,0.774746378141615,0.920504810226366,0.167474140179636,39.3902918978534
9.79027777777778,0.774683160363107,0.920445972421065,0.167394037603903,39.39074821498
9.79037698412698,0.7746199486956,0.920387132851791,0.167313973319521,39.3912044885215
9.79047619047619,0.774556743138087,0.920328291521613,0.167233947308785,39.391660718485
9.7905753968254,0.774493543689561,0.920269448433597,0.167153959553995,39.3921169048773
9.7906746031746,0.774430350349017,0.920210603590807,0.167074010037457,39.3925730477056
9.79077380952381,0.774367163115448,0.920151756996308,0.166994098741484,39.3930291469767
9.79087301587301,0.77430398198785,0.920092908653161,0.166914225648393,39.3934852026978
9.79097222222222,0.774240806965216,0.920034058564428,0.166834390740508,39.3939412148757
9.79107142857143,0.774177638046542,0.91997520673317,0.166754594000161,39.3943971835175
9.79117063492064,0.774114475230825,0.919916353162446,0.166674835409687,39.3948531086301
9.79126984126984,0.774051318517058,0.919857497855313,0.166595114951429,39.3953089902205
9.79136904761905,0.773988167904238,0.919798640814829,0.166515432607733,39.3957648282958
9.79146825396825,0.773925023391362,0.919739782044048,0.166435788360954,39.3962206228628
9.79156746031746,0.773861884977425,0.919680921546025,0.166356182193453,39.3966763739286
9.79166666666667,0.773798752661426,0.919622059323814,0.166276614087594,39.3971320815002
9.79176587301587,0.773735626442359,0.919563195380465,0.16619708402575,39.3975877455845
9.79186507936508,0.773672506319224,0.919504329719032,0.166117591990299,39.3980433661884
9.79196428571429,0.773609392291018,0.919445462342562,0.166038137963625,39.398498943319
9.79206349206349,0.773546284356738,0.919386593254105,0.165958721928116,39.3989544769832
9.7921626984127,0.773483182515383,0.919327722456707,0.16587934386617,39.399409967188
9.7922619047619,0.773420086765952,0.919268849953416,0.165800003760187,39.3998654139404
9.79236111111111,0.773356997107443,0.919209975747275,0.165720701592576,39.4003208172473
9.79246031746032,0.773293913538854,0.919151099841329,0.165641437345749,39.4007761771156
9.79255952380952,0.773230836059187,0.919092222238621,0.165562211002127,39.4012314935524
9.79265873015873,0.77316776466744,0.919033342942192,0.165483022544136,39.4016867665646
9.79275793650794,0.773104699362614,0.918974461955083,0.165403871954206,39.4021419961592
9.79285714285714,0.773041640143708,0.918915579280332,0.165324759214775,39.4025971823431
9.79295634920635,0.772978587009724,0.918856694920978,0.165245684308287,39.4030523251232
9.79305555555556,0.772915539959661,0.918797808880058,0.165166647217192,39.4035074245066
9.79315476190476,0.772852498992522,0.918738921160606,0.165087647923944,39.4039624805001
9.79325396825397,0.772789464107307,0.918680031765658,0.165008686411004,39.4044174931108
9.79335317460317,0.772726435303018,0.918621140698248,0.164929762660841,39.4048724623455
9.79345238095238,0.772663412578657,0.918562247961406,0.164850876655928,39.4053273882112
9.79355158730159,0.772600395933226,0.918503353558164,0.164772028378743,39.4057822707149
9.79365079365079,0.772537385365728,0.918444457491552,0.164693217811772,39.4062371098635
9.79375,0.772474380875166,0.918385559764598,0.164614444937506,39.4066919056639
9.79384920634921,0.772411382460543,0.918326660380331,0.164535709738443,39.407146658123
9.79394841269841,0.772348390120861,0.918267759341774,0.164457012197084,39.4076013672479
9.79404761904762,0.772285403855125,0.918208856651957,0.164378352295941,39.4080560330455
9.79414682539683,0.77222242366234,0.9181499523139,0.164299730017527,39.4085106555226
9.79424603174603,0.772159449541509,0.918091046330627,0.164221145344364,39.4089652346862
9.79434523809524,0.772096481491636,0.91803213870516,0.164142598258978,39.4094197705433
9.79444444444444,0.772033519511727,0.91797322944052,0.164064088743903,39.4098742631008
9.79454365079365,0.771970563600786,0.917914318539725,0.163985616781677,39.4103287123655
9.79464285714286,0.771907613757819,0.917855406005793,0.163907182354846,39.4107831183445
9.79474206349206,0.771844669981832,0.917796491841742,0.16382878544596,39.4112374810446
9.79484126984127,0.771781732271831,0.917737576050587,0.163750426037576,39.4116918004728
9.79494047619048,0.771718800626822,0.917678658635343,0.163672104112257,39.412146076636
9.79503968253968,0.771655875045811,0.917619739599023,0.163593819652571,39.4126003095411
9.79513888888889,0.771592955527805,0.917560818944639,0.163515572641093,39.413054499195
9.79523809523809,0.771530042071812,0.917501896675204,0.163437363060404,39.4135086456046
9.7953373015873,0.771467134676838,0.917442972793725,0.163359190893091,39.4139627487769
9.79543650793651,0.771404233341891,0.917384047303212,0.163281056121745,39.4144168087188
9.79553571428571,0.771341338065981,0.917325120206674,0.163202958728966,39.4148708254372
9.79563492063492,0.771278448848114,0.917266191507116,0.163124898697359,39.4153247989389
9.79573412698413,0.7712155656873,0.917207261207543,0.163046876009534,39.4157787292309
9.79583333333333,0.771152688582546,0.91714832931096,0.162968890648107,39.4162326163202
9.79593253968254,0.771089817532863,0.917089395820369,0.1628909425957,39.4166864602135
9.79603174603175,0.77102695253726,0.917030460738772,0.162813031834942,39.4171402609178
9.79613095238095,0.770964093594746,0.91697152406917,0.162735158348468,39.41759401844
9.79623015873016,0.770901240704332,0.916912585814562,0.162657322118918,39.4180477327871
9.79632936507936,0.770838393865027,0.916853645977946,0.162579523128937,39.4185014039658
9.79642857142857,0.770775553075843,0.91679470456232,0.162501761361179,39.4189550319831
9.79652777777778,0.770712718335789,0.916735761570678,0.162424036798301,39.4194086168459
9.79662698412698,0.770649889643878,0.916676817006016,0.162346349422968,39.4198621585611
9.79672619047619,0.77058706699912,0.916617870871328,0.16226869921785,39.4203156571356
9.7968253968254,0.770524250400528,0.916558923169605,0.162191086165623,39.4207691125762
9.7969246031746,0.770461439847112,0.916499973903839,0.162113510248967,39.4212225248898
9.79702380952381,0.770398635337887,0.91644102307702,0.162035971450574,39.4216758940834
9.79712301587302,0.770335836871864,0.916382070692137,0.161958469753136,39.4221292201638
9.79722222222222,0.770273044448056,0.916323116752177,0.161881005139353,39.4225825031379
9.79732142857143,0.770210258065476,0.916264161260127,0.161803577591932,39.4230357430126
9.79742063492064,0.770147477723138,0.916205204218972,0.161726187093583,39.4234889397947
9.79751984126984,0.770084703420055,0.916146245631697,0.161648833627025,39.4239420934912
9.79761904761905,0.770021935155241,0.916087285501284,0.161571517174981,39.4243952041089
9.79771825396825,0.769959172927711,0.916028323830715,0.161494237720183,39.4248482716546
9.79781746031746,0.76989641673648,0.915969360622972,0.161416995245364,39.4253012961353
9.79791666666667,0.769833666580561,0.915910395881032,0.161339789733267,39.4257542775578
9.79801587301587,0.76977092245897,0.915851429607875,0.161262621166641,39.426207215929
9.79811507936508,0.769708184370724,0.915792461806478,0.161185489528237,39.4266601112558
9.79821428571429,0.769645452314836,0.915733492479817,0.161108394800817,39.427112963545
9.79831349206349,0.769582726290324,0.915674521630866,0.161031336967145,39.4275657728034
9.7984126984127,0.769520006296203,0.915615549262599,0.160954316009992,39.4280185390381
9.79851190476191,0.769457292331491,0.915556575377989,0.160877331912138,39.4284712622557
9.79861111111111,0.769394584395204,0.915497599980007,0.160800384656366,39.4289239424632
9.79871031746032,0.769331882486359,0.915438623071623,0.160723474225464,39.4293765796674
9.79880952380952,0.769269186603974,0.915379644655806,0.160646600602228,39.4298291738752
9.79890873015873,0.769206496747066,0.915320664735524,0.16056976376946,39.4302817250934
9.79900793650794,0.769143812914654,0.915261683313743,0.160492963709967,39.4307342333289
9.79910714285714,0.769081135105755,0.915202700393429,0.160416200406562,39.4311866985885
9.79920634920635,0.769018463319389,0.915143715977546,0.160339473842064,39.4316391208792
9.79930555555556,0.768955797554574,0.915084730069057,0.1602627839993,39.4320915002076
9.79940476190476,0.76889313781033,0.915025742670924,0.160186130861099,39.4325438365807
9.79950396825397,0.768830484085675,0.914966753786108,0.160109514410299,39.4329961300054
9.79960317460317,0.76876783637963,0.914907763417568,0.160032934629744,39.4334483804884
9.79970238095238,0.768705194691215,0.914848771568264,0.159956391502283,39.4339005880366
9.79980158730159,0.768642559019449,0.914789778241151,0.15987988501077,39.4343527526568
9.79990079365079,0.768579929363353,0.914730783439186,0.159803415138065,39.4348048743559
9.8,0.768517305721949,0.914671787165324,0.159726981867038,39.4352569531407
9.80009920634921,0.768454688094258,0.91461278942252,0.159650585180561,39.4357089890181
9.80019841269841,0.768392076479301,0.914553790213724,0.159574225061512,39.4361609819948
9.80029761904762,0.768329470876099,0.91449478954189,0.159497901492777,39.4366129320777
9.80039682539683,0.768266871283675,0.914435787409966,0.159421614457246,39.4370648392737
9.80049603174603,0.768204277701052,0.914376783820902,0.159345363937817,39.4375167035895
9.80059523809524,0.768141690127251,0.914317778777647,0.159269149917391,39.437968525032
9.80069444444444,0.768079108561295,0.914258772283145,0.159192972378878,39.438420303608
9.80079365079365,0.768016533002208,0.914199764340344,0.159116831305193,39.4388720393244
9.80089285714286,0.767953963449014,0.914140754952187,0.159040726679256,39.4393237321879
9.80099206349206,0.767891399900735,0.914081744121619,0.158964658483994,39.4397753822053
9.80109126984127,0.767828842356397,0.914022731851579,0.158888626702339,39.4402269893836
9.80119047619048,0.767766290815022,0.913963718145011,0.158812631317231,39.4406785537294
9.80128968253968,0.767703745275637,0.913904703004852,0.158736672311613,39.4411300752497
9.80138888888889,0.767641205737264,0.913845686434042,0.158660749668436,39.4415815539512
9.8014880952381,0.767578672198932,0.913786668435518,0.158584863370657,39.4420329898407
9.8015873015873,0.767516144659664,0.913727649012217,0.158509013401239,39.4424843829251
9.80168650793651,0.767453623118486,0.913668628167073,0.158433199743149,39.4429357332111
9.80178571428571,0.767391107574424,0.91360960590302,0.158357422379363,39.4433870407056
9.80188492063492,0.767328598026505,0.913550582222991,0.15828168129286,39.4438383054153
9.80198412698413,0.767266094473755,0.913491557129917,0.158205976466626,39.4442895273471
9.80208333333333,0.767203596915201,0.913432530626729,0.158130307883655,39.4447407065077
9.80218253968254,0.76714110534987,0.913373502716356,0.158054675526944,39.445191842904
9.80228174603175,0.76707861977679,0.913314473401725,0.157979079379497,39.4456429365428
9.80238095238095,0.767016140194989,0.913255442685764,0.157903519424325,39.4460939874308
9.80248015873016,0.766953666603494,0.913196410571398,0.157827995644444,39.4465449955748
9.80257936507936,0.766891199001334,0.913137377061552,0.157752508022877,39.4469959609817
9.80267857142857,0.766828737387538,0.913078342159149,0.15767705654265,39.4474468836582
9.80277777777778,0.766766281761134,0.91301930586711,0.157601641186798,39.4478977636111
9.80287698412699,0.766703832121151,0.912960268188358,0.157526261938361,39.4483486008473
9.80297619047619,0.76664138846662,0.912901229125811,0.157450918780385,39.4487993953734
9.8030753968254,0.766578950796569,0.912842188682389,0.157375611695923,39.4492501471962
9.8031746031746,0.76651651911003,0.912783146861009,0.157300340668032,39.4497008563226
9.80327380952381,0.766454093406031,0.912724103664588,0.157225105679775,39.4501515227594
9.80337301587302,0.766391673683605,0.912665059096039,0.157149906714224,39.4506021465133
9.80347222222222,0.766329259941781,0.912606013158278,0.157074743754453,39.451052727591
9.80357142857143,0.766266852179592,0.912546965854217,0.156999616783544,39.4515032659994
9.80367063492064,0.766204450396068,0.912487917186767,0.156924525784585,39.4519537617452
9.80376984126984,0.766142054590241,0.91242886715884,0.156849470740671,39.4524042148353
9.80386904761905,0.766079664761143,0.912369815773343,0.156774451634899,39.4528546252763
9.80396825396825,0.766017280907808,0.912310763033186,0.156699468450377,39.453304993075
9.80406746031746,0.765954903029266,0.912251708941276,0.156624521170215,39.4537553182383
9.80416666666667,0.765892531124552,0.912192653500517,0.156549609777532,39.4542056007728
9.80426587301587,0.765830165192698,0.912133596713815,0.15647473425545,39.4546558406854
9.80436507936508,0.765767805232737,0.912074538584072,0.156399894587099,39.4551060379828
9.80446428571429,0.765705451243705,0.912015479114192,0.156325090755616,39.4555561926717
9.80456349206349,0.765643103224634,0.911956418307076,0.15625032274414,39.4560063047589
9.8046626984127,0.76558076117456,0.911897356165623,0.156175590535821,39.4564563742512
9.80476190476191,0.765518425092516,0.911838292692731,0.15610089411381,39.4569064011554
9.80486111111111,0.765456094977538,0.911779227891299,0.156026233461268,39.4573563854781
9.80496031746032,0.765393770828661,0.911720161764223,0.155951608561359,39.4578063272262
9.80505952380952,0.76533145264492,0.911661094314398,0.155877019397255,39.4582562264063
9.80515873015873,0.765269140425352,0.911602025544718,0.155802465952133,39.4587060830253
9.80525793650794,0.765206834168992,0.911542955458076,0.155727948209176,39.4591558970898
9.80535714285714,0.765144533874876,0.911483884057364,0.155653466151574,39.4596056686067
9.80545634920635,0.765082239542042,0.911424811345472,0.155579019762521,39.4600553975826
9.80555555555556,0.765019951169526,0.911365737325289,0.155504609025219,39.4605050840244
9.80565476190476,0.764957668756365,0.911306661999704,0.155430233922875,39.4609547279386
9.80575396825397,0.764895392301597,0.911247585371604,0.155355894438701,39.4614043293322
9.80585317460318,0.764833121804259,0.911188507443874,0.155281590555916,39.4618538882118
9.80595238095238,0.764770857263391,0.9111294282194,0.155207322257747,39.4623034045842
9.80605158730159,0.76470859867803,0.911070347701064,0.155133089527423,39.462752878456
9.80615079365079,0.764646346047215,0.91101126589175,0.155058892348182,39.4632023098341
9.80625,0.764584099369984,0.910952182794338,0.154984730703266,39.4636516987251
9.80634920634921,0.764521858645378,0.910893098411708,0.154910604575924,39.4641010451358
9.80644841269841,0.764459623872435,0.91083401274674,0.154836513949411,39.4645503490729
9.80654761904762,0.764397395050195,0.91077492580231,0.154762458806988,39.4649996105431
9.80664682539683,0.764335172177699,0.910715837581295,0.15468843913192,39.4654488295532
9.80674603174603,0.764272955253986,0.910656748086571,0.154614454907482,39.4658980061098
9.80684523809524,0.764210744278098,0.910597657321012,0.154540506116952,39.4663471402198
9.80694444444444,0.764148539249075,0.91053856528749,0.154466592743614,39.4667962318897
9.80704365079365,0.764086340165959,0.910479471988878,0.154392714770758,39.4672452811264
9.80714285714286,0.764024147027791,0.910420377428046,0.154318872181682,39.4676942879365
9.80724206349206,0.763961959833613,0.910361281607864,0.154245064959688,39.4681432523268
9.80734126984127,0.763899778582466,0.910302184531199,0.154171293088083,39.468592174304
9.80744047619048,0.763837603273394,0.910243086200919,0.154097556550184,39.4690410538747
9.80753968253968,0.76377543390544,0.910183986619891,0.15402385532931,39.4694898910457
9.80763888888889,0.763713270477645,0.910124885790978,0.153950189408787,39.4699386858237
9.8077380952381,0.763651112989054,0.910065783717044,0.153876558771948,39.4703874382155
9.8078373015873,0.763588961438709,0.910006680400952,0.153802963402132,39.4708361482276
9.80793650793651,0.763526815825655,0.909947575845564,0.153729403282682,39.4712848158668
9.80803571428571,0.763464676148936,0.909888470053738,0.153655878396948,39.4717334411398
9.80813492063492,0.763402542407596,0.909829363028335,0.153582388728287,39.4721820240533
9.80823412698413,0.763340414600679,0.909770254772211,0.153508934260062,39.472630564614
9.80833333333333,0.763278292727232,0.909711145288224,0.153435514975639,39.4730790628286
9.80843253968254,0.763216176786298,0.909652034579228,0.153362130858393,39.4735275187038
9.80853174603175,0.763154066776924,0.909592922648079,0.153288781891705,39.4739759322463
9.80863095238095,0.763091962698155,0.909533809497629,0.15321546805896,39.4744243034627
9.80873015873016,0.763029864549037,0.90947469513073,0.15314218934355,39.4748726323598
9.80882936507937,0.762967772328617,0.909415579550232,0.153068945728873,39.4753209189442
9.80892857142857,0.762905686035942,0.909356462758986,0.152995737198333,39.4757691632226
9.80902777777778,0.762843605670058,0.90929734475984,0.152922563735341,39.4762173652018
9.80912698412699,0.762781531230013,0.909238225555641,0.152849425323311,39.4766655248883
9.80922619047619,0.762719462714854,0.909179105149235,0.152776321945666,39.4771136422889
9.8093253968254,0.762657400123629,0.909119983543466,0.152703253585834,39.4775617174103
9.8094246031746,0.762595343455387,0.90906086074118,0.152630220227247,39.4780097502591
9.80952380952381,0.762533292709175,0.909001736745217,0.152557221853347,39.4784577408419
9.80962301587302,0.762471247884043,0.90894261155842,0.152484258447578,39.4789056891656
9.80972222222222,0.762409208979038,0.908883485183629,0.152411329993392,39.4793535952367
9.80982142857143,0.762347175993211,0.908824357623683,0.152338436474247,39.4798014590618
9.80992063492064,0.762285148925611,0.90876522888142,0.152265577873606,39.4802492806478
9.81001984126984,0.762223127775289,0.908706098959675,0.152192754174939,39.4806970600012
9.81011904761905,0.762161112541293,0.908646967861286,0.152119965361722,39.4811447971288
9.81021825396825,0.762099103222674,0.908587835589086,0.152047211417436,39.4815924920371
9.81031746031746,0.762037099818483,0.908528702145907,0.151974492325566,39.4820401447328
9.81041666666667,0.761975102327772,0.908469567534584,0.15190180806961,39.4824877552227
9.81051587301587,0.761913110749591,0.908410431757945,0.151829158633065,39.4829353235132
9.81061507936508,0.761851125082992,0.908351294818822,0.151756543999436,39.4833828496112
9.81071428571429,0.761789145327027,0.908292156720042,0.151683964152234,39.4838303335233
9.81081349206349,0.761727171480747,0.908233017464433,0.151611419074978,39.4842777752561
9.8109126984127,0.761665203543206,0.908173877054821,0.15153890875119,39.4847251748162
9.81101190476191,0.761603241513456,0.90811473549403,0.151466433164399,39.4851725322104
9.81111111111111,0.76154128539055,0.908055592784886,0.15139399229814,39.4856198474452
9.81121031746032,0.761479335173541,0.907996448930209,0.151321586135956,39.4860671205273
9.81130952380952,0.761417390861483,0.907937303932823,0.151249214661392,39.4865143514634
9.81140873015873,0.761355452453429,0.907878157795546,0.151176877858002,39.4869615402601
9.81150793650794,0.761293519948434,0.907819010521199,0.151104575709344,39.487408686924
9.81160714285714,0.761231593345553,0.907759862112599,0.151032308198985,39.4878557914618
9.81170634920635,0.761169672643839,0.907700712572563,0.150960075310494,39.4883028538802
9.81180555555556,0.761107757842348,0.907641561903906,0.150887877027448,39.4887498741857
9.81190476190476,0.761045848940135,0.907582410109444,0.150815713333432,39.4891968523849
9.81200396825397,0.760983945936256,0.907523257191989,0.150743584212032,39.4896437884846
9.81210317460318,0.760922048829767,0.907464103154354,0.150671489646845,39.4900906824914
9.81220238095238,0.760860157619723,0.907404947999349,0.150599429621471,39.4905375344118
9.81230158730159,0.760798272305182,0.907345791729784,0.150527404119517,39.4909843442525
9.81240079365079,0.7607363928852,0.907286634348468,0.150455413124595,39.4914311120202
9.8125,0.760674519358833,0.907227475858209,0.150383456620325,39.4918778377214
9.81259920634921,0.76061265172514,0.907168316261812,0.15031153459033,39.4923245213629
9.81269841269841,0.760550789983177,0.907109155562082,0.150239647018241,39.4927711629511
9.81279761904762,0.760488934132003,0.907049993761824,0.150167793887695,39.4932177624927
9.81289682539682,0.760427084170675,0.90699083086384,0.150095975182335,39.4936643199944
9.81299603174603,0.760365240098253,0.906931666870932,0.150024190885809,39.4941108354628
9.81309523809524,0.760303401913795,0.906872501785901,0.149952440981771,39.4945573089044
9.81319444444444,0.760241569616359,0.906813335611544,0.149880725453882,39.4950037403259
9.81329365079365,0.760179743205005,0.906754168350661,0.149809044285807,39.4954501297339
9.81339285714286,0.760117922678793,0.906695000006048,0.149737397461221,39.495896477135
9.81349206349206,0.760056108036783,0.906635830580502,0.149665784963801,39.4963427825359
9.81359126984127,0.759994299278035,0.906576660076817,0.149594206777231,39.496789045943
9.81369047619048,0.759932496401609,0.906517488497786,0.149522662885202,39.4972352673631
9.81378968253968,0.759870699406566,0.906458315846201,0.14945115327141,39.4976814468027
9.81388888888889,0.759808908291967,0.906399142124853,0.149379677919556,39.4981275842684
9.81398809523809,0.759747123056873,0.906339967336533,0.149308236813349,39.4985736797669
9.8140873015873,0.759685343700346,0.906280791484029,0.149236829936504,39.4990197333047
9.81418650793651,0.759623570221448,0.906221614570128,0.14916545727274,39.4994657448884
9.81428571428571,0.75956180261924,0.906162436597617,0.149094118805783,39.4999117145246
9.81438492063492,0.759500040892786,0.906103257569281,0.149022814519366,39.50035764222
9.81448412698413,0.759438285041148,0.906044077487904,0.148951544397226,39.500803527981
9.81458333333333,0.759376535063389,0.905984896356269,0.148880308423107,39.5012493718143
9.81468253968254,0.759314790958573,0.905925714177158,0.14880910658076,39.5016951737265
9.81478174603175,0.759253052725761,0.90586653095335,0.148737938853939,39.5021409337242
9.81488095238095,0.75919132036402,0.905807346687626,0.148666805226407,39.5025866518139
9.81498015873016,0.759129593872413,0.905748161382764,0.148595705681933,39.5030323280023
9.81507936507936,0.759067873250005,0.90568897504154,0.148524640204289,39.5034779622959
9.81517857142857,0.75900615849586,0.905629787666731,0.148453608777255,39.5039235547012
9.81527777777778,0.758944449609042,0.905570599261111,0.148382611384618,39.504369105225
9.81537698412698,0.758882746588619,0.905511409827454,0.148311648010168,39.5048146138736
9.81547619047619,0.758821049433655,0.905452219368531,0.148240718637703,39.5052600806539
9.8155753968254,0.758759358143215,0.905393027887115,0.148169823251027,39.5057055055722
9.8156746031746,0.758697672716367,0.905333835385975,0.14809896183395,39.5061508886351
9.81577380952381,0.758635993152176,0.90527464186788,0.148028134370287,39.5065962298493
9.81587301587301,0.75857431944971,0.905215447335597,0.147957340843859,39.5070415292213
9.81597222222222,0.758512651608035,0.905156251791893,0.147886581238494,39.5074867867577
9.81607142857143,0.758450989626219,0.905097055239533,0.147815855538026,39.507932002465
9.81617063492063,0.75838933350333,0.905037857681282,0.147745163726294,39.5083771763498
9.81626984126984,0.758327683238433,0.904978659119901,0.147674505787141,39.5088223084186
9.81636904761905,0.7582660388306,0.904919459558154,0.147603881704423,39.5092673986781
9.81646825396825,0.758204400278898,0.904860258998801,0.147533291461994,39.5097124471347
9.81656746031746,0.758142767582396,0.904801057444601,0.147462735043718,39.5101574537951
9.81666666666667,0.758081140740162,0.904741854898313,0.147392212433465,39.5106024186657
9.81676587301587,0.758019519751266,0.904682651362693,0.147321723615109,39.5110473417532
9.81686507936508,0.757957904614777,0.904623446840498,0.147251268572532,39.5114922230641
9.81696428571429,0.757896295329767,0.904564241334482,0.14718084728962,39.5119370626049
9.81706349206349,0.757834691895304,0.904505034847399,0.147110459750268,39.5123818603822
9.8171626984127,0.757773094310458,0.904445827382001,0.147040105938373,39.5128266164026
9.8172619047619,0.757711502574302,0.904386618941039,0.146969785837841,39.5132713306725
9.81736111111111,0.757649916685906,0.904327409527265,0.146899499432583,39.5137160031985
9.81746031746032,0.757588336644341,0.904268199143425,0.146829246706517,39.5141606339872
9.81755952380952,0.757526762448679,0.904208987792269,0.146759027643564,39.5146052230451
9.81765873015873,0.757465194097992,0.904149775476543,0.146688842227653,39.5150497703787
9.81775793650794,0.757403631591351,0.904090562198992,0.146618690442719,39.5154942759946
9.81785714285714,0.757342074927831,0.90403134796236,0.146548572272705,39.5159387398993
9.81795634920635,0.757280524106502,0.903972132769391,0.146478487701556,39.5163831620993
9.81805555555556,0.757218979126439,0.903912916622827,0.146408436713224,39.5168275426012
9.81815476190476,0.757157439986715,0.903853699525407,0.146338419291669,39.5172718814115
9.81825396825397,0.757095906686402,0.903794481479873,0.146268435420856,39.5177161785367
9.81835317460317,0.757034379224577,0.903735262488961,0.146198485084754,39.5181604339834
9.81845238095238,0.756972857600311,0.90367604255541,0.146128568267341,39.5186046477581
9.81855158730159,0.75691134181268,0.903616821681955,0.146058684952599,39.5190488198673
9.81865079365079,0.756849831860759,0.903557599871331,0.145988835124516,39.5194929503174
9.81875,0.756788327743622,0.903498377126272,0.145919018767088,39.5199370391152
9.81884920634921,0.756726829460346,0.90343915344951,0.145849235864314,39.520381086267
9.81894841269841,0.756665337010005,0.903379928843777,0.145779486400201,39.5208250917793
9.81904761904762,0.756603850391675,0.903320703311803,0.145709770358762,39.5212690556587
9.81914682539682,0.756542369604434,0.903261476856318,0.145640087724014,39.5217129779118
9.81924603174603,0.756480894647356,0.903202249480046,0.145570438479982,39.522156858545
9.81934523809524,0.75641942551952,0.903143021185719,0.145500822610697,39.5226006975647
9.81944444444444,0.756357962220001,0.903083791976059,0.145431240100195,39.5230444949776
9.81954365079365,0.756296504747879,0.903024561853791,0.145361690932517,39.5234882507902
9.81964285714286,0.756235053102229,0.902965330821639,0.145292175091713,39.5239319650089
9.81974206349206,0.756173607282131,0.902906098882325,0.145222692561836,39.5243756376402
9.81984126984127,0.756112167286661,0.902846866038569,0.145153243326946,39.5248192686907
9.81994047619048,0.7560507331149,0.90278763229309,0.14508382737111,39.5252628581668
9.82003968253968,0.755989304765925,0.902728397648608,0.145014444678399,39.525706406075
9.82013888888889,0.755927882238815,0.90266916210784,0.144945095232892,39.5261499124219
9.82023809523809,0.755866465532651,0.902609925673502,0.144875779018672,39.5265933772139
9.8203373015873,0.755805054646511,0.902550688348308,0.14480649601983,39.5270368004575
9.82043650793651,0.755743649579475,0.902491450134973,0.144737246220461,39.5274801821593
9.82053571428571,0.755682250330625,0.902432211036209,0.144668029604668,39.5279235223256
9.82063492063492,0.755620856899039,0.902372971054728,0.144598846156557,39.5283668209631
9.82073412698413,0.755559469283799,0.90231373019324,0.144529695860243,39.5288100780781
9.82083333333333,0.755498087483987,0.902254488454454,0.144460578699846,39.5292532936772
9.82093253968254,0.755436711498683,0.902195245841078,0.144391494659492,39.5296964677668
9.82103174603175,0.755375341326969,0.902136002355819,0.144322443723312,39.5301396003534
9.82113095238095,0.755313976967927,0.902076758001382,0.144253425875443,39.5305826914436
9.82123015873016,0.75525261842064,0.902017512780473,0.144184441100031,39.5310257410437
9.82132936507936,0.755191265684189,0.901958266695793,0.144115489381223,39.5314687491603
9.82142857142857,0.755129918757658,0.901899019750046,0.144046570703176,39.5319117157998
9.82152777777778,0.75506857764013,0.901839771945932,0.143977685050051,39.5323546409687
9.82162698412698,0.755007242330688,0.901780523286151,0.143908832406016,39.5327975246735
9.82172619047619,0.754945912828415,0.901721273773401,0.143840012755244,39.5332403669206
9.8218253968254,0.754884589132396,0.90166202341038,0.143771226081915,39.5336831677166
9.8219246031746,0.754823271241715,0.901602772199785,0.143702472370214,39.5341259270678
9.82202380952381,0.754761959155456,0.90154352014431,0.143633751604332,39.5345686449807
9.82212301587301,0.754700652872705,0.901484267246648,0.143565063768467,39.5350113214619
9.82222222222222,0.754639352392545,0.901425013509493,0.143496408846821,39.5354539565177
9.82232142857143,0.754578057714063,0.901365758935537,0.143427786823605,39.5358965501547
9.82242063492064,0.754516768836345,0.90130650352747,0.143359197683033,39.5363391023792
9.82251984126984,0.754455485758476,0.901247247287981,0.143290641409328,39.5367816131977
9.82261904761905,0.754394208479543,0.901187990219758,0.143222117986715,39.5372240826168
9.82271825396825,0.754332936998631,0.901128732325489,0.143153627399428,39.5376665106428
9.82281746031746,0.754271671314829,0.901069473607857,0.143085169631706,39.5381088972822
9.82291666666667,0.754210411427222,0.901010214069549,0.143016744667794,39.5385512425414
9.82301587301587,0.754149157334899,0.900950953713248,0.142948352491944,39.5389935464269
9.82311507936508,0.754087909036946,0.900891692541635,0.142879993088412,39.5394358089452
9.82321428571429,0.754026666532453,0.900832430557392,0.14281166644146,39.5398780301026
9.82331349206349,0.753965429820507,0.900773167763199,0.142743372535359,39.5403202099057
9.8234126984127,0.753904198900197,0.900713904161734,0.142675111354382,39.5407623483608
9.8235119047619,0.753842973770611,0.900654639755675,0.142606882882812,39.5412044454744
9.82361111111111,0.753781754430839,0.900595374547699,0.142538687104933,39.541646501253
9.82371031746032,0.753720540879969,0.900536108540479,0.142470524005039,39.5420885157029
9.82380952380952,0.753659333117092,0.900476841736691,0.142402393567431,39.5425304888307
9.82390873015873,0.753598131141298,0.900417574139007,0.142334295776411,39.5429724206427
9.82400793650794,0.753536934951678,0.900358305750099,0.14226623061629,39.5434143111453
9.82410714285714,0.75347574454732,0.900299036572638,0.142198198071385,39.5438561603451
9.82420634920635,0.753414559927317,0.900239766609293,0.14213019812602,39.5442979682484
9.82430555555556,0.75335338109076,0.900180495862731,0.142062230764521,39.5447397348616
9.82440476190476,0.753292208036739,0.90012122433562,0.141994295971224,39.5451814601913
9.82450396825397,0.753231040764346,0.900061952030626,0.14192639373047,39.5456231442437
9.82460317460317,0.753169879272674,0.900002678950413,0.141858524026604,39.5460647870254
9.82470238095238,0.753108723560815,0.899943405097645,0.14179068684398,39.5465063885427
9.82480158730159,0.753047573627861,0.899884130474984,0.141722882166955,39.546947948802
9.82490079365079,0.752986429472905,0.899824855085091,0.141655109979894,39.5473894678098
9.825,0.752925291095041,0.899765578930627,0.141587370267167,39.5478309455726
9.82509920634921,0.752864158493361,0.899706302014249,0.141519663013151,39.5482723820966
9.82519841269841,0.752803031666958,0.899647024338615,0.141451988202228,39.5487137773883
9.82529761904762,0.752741910614928,0.899587745906383,0.141384345818786,39.5491551314542
9.82539682539683,0.752680795336365,0.899528466720208,0.141316735847219,39.5495964443005
9.82549603174603,0.752619685830363,0.899469186782743,0.141249158271928,39.5500377159339
9.82559523809524,0.752558582096017,0.899409906096641,0.141181613077318,39.5504789463605
9.82569444444444,0.752497484132422,0.899350624664554,0.141114100247802,39.5509201355869
9.82579365079365,0.752436391938674,0.899291342489133,0.141046619767798,39.5513612836194
9.82589285714286,0.752375305513868,0.899232059573027,0.140979171621729,39.5518023904645
9.82599206349206,0.752314224857099,0.899172775918885,0.140911755794027,39.5522434561285
9.82609126984127,0.752253149967466,0.899113491529353,0.140844372269126,39.5526844806178
9.82619047619048,0.752192080844063,0.899054206407078,0.140777021031468,39.5531254639389
9.82628968253968,0.752131017485987,0.898994920554703,0.140709702065502,39.5535664060981
9.82638888888889,0.752069959892337,0.898935633974874,0.140642415355681,39.5540073071018
9.82648809523809,0.75200890806221,0.898876346670232,0.140575160886466,39.5544481669564
9.8265873015873,0.751947861994702,0.898817058643418,0.140507938642321,39.5548889856683
9.82668650793651,0.751886821688911,0.898757769897071,0.140440748607718,39.5553297632438
9.82678571428571,0.751825787143938,0.898698480433833,0.140373590767137,39.5557704996895
9.82688492063492,0.751764758358879,0.89863919025634,0.140306465105059,39.5562111950115
9.82698412698413,0.751703735332834,0.898579899367229,0.140239371605976,39.5566518492164
9.82708333333333,0.751642718064902,0.898520607769134,0.140172310254381,39.5570924623104
9.82718253968254,0.751581706554183,0.898461315464691,0.140105281034777,39.5575330343001
9.82728174603175,0.751520700799775,0.898402022456532,0.140038283931672,39.5579735651917
9.82738095238095,0.751459700800779,0.898342728747289,0.139971318929579,39.5584140549916
9.82748015873016,0.751398706556296,0.898283434339593,0.139904386013017,39.5588545037062
9.82757936507936,0.751337718065425,0.898224139236073,0.139837485166512,39.5592949113419
9.82767857142857,0.751276735327268,0.898164843439358,0.139770616374595,39.559735277905
9.82777777777778,0.751215758340926,0.898105546952075,0.139703779621804,39.5601756034019
9.82787698412698,0.751154787105501,0.89804624977685,0.139636974892682,39.560615887839
9.82797619047619,0.751093821620093,0.897986951916307,0.139570202171778,39.5610561312226
9.8280753968254,0.751032861883805,0.897927653373071,0.139503461443647,39.5614963335591
9.8281746031746,0.750971907895739,0.897868354149764,0.13943675269285,39.5619364948549
9.82827380952381,0.750910959654998,0.897809054249007,0.139370075903956,39.5623766151163
9.82837301587302,0.750850017160685,0.897749753673421,0.139303431061538,39.5628166943497
9.82847222222222,0.750789080411903,0.897690452425624,0.139236818150173,39.5632567325614
9.82857142857143,0.750728149407755,0.897631150508234,0.139170237154447,39.5636967297577
9.82867063492064,0.750667224147345,0.897571847923869,0.139103688058952,39.5641366859451
9.82876984126984,0.750606304629778,0.897512544675143,0.139037170848285,39.5645766011299
9.82886904761905,0.750545390854156,0.897453240764671,0.138970685507047,39.5650164753185
9.82896825396825,0.750484482819586,0.897393936195065,0.138904232019849,39.565456308517
9.82906746031746,0.750423580525171,0.897334630968939,0.138837810371305,39.5658961007321
9.82916666666667,0.750362683970017,0.897275325088902,0.138771420546036,39.5663358519699
9.82926587301587,0.75030179315323,0.897216018557564,0.13870506252867,39.5667755622368
9.82936507936508,0.750240908073915,0.897156711377534,0.138638736303837,39.5672152315392
9.82946428571429,0.750180028731178,0.897097403551419,0.138572441856179,39.5676548598833
9.82956349206349,0.750119155124125,0.897038095081826,0.138506179170339,39.5680944472756
9.8296626984127,0.750058287251862,0.896978785971358,0.138439948230967,39.5685339937224
9.82976190476191,0.749997425113499,0.89691947622262,0.138373749022721,39.5689734992299
9.82986111111111,0.74993656870814,0.896860165838215,0.138307581530264,39.5694129638046
9.82996031746032,0.749875718034894,0.896800854820744,0.138241445738263,39.5698523874527
9.83005952380952,0.749814873092868,0.896741543172807,0.138175341631395,39.5702917701807
9.83015873015873,0.74975403388117,0.896682230897004,0.138109269194338,39.5707311119947
9.83025793650794,0.749693200398909,0.896622917995932,0.13804322841178,39.5711704129012
9.83035714285714,0.749632372645193,0.896563604472187,0.137977219268412,39.5716096729064
9.83045634920635,0.749571550619131,0.896504290328367,0.137911241748935,39.5720488920168
9.83055555555556,0.749510734319832,0.896444975567064,0.137845295838051,39.5724880702385
9.83065476190476,0.749449923746406,0.896385660190873,0.137779381520471,39.572927207578
9.83075396825397,0.749389118897962,0.896326344202385,0.137713498780912,39.5733663040415
9.83085317460317,0.749328319773611,0.896267027604192,0.137647647604096,39.5738053596354
9.83095238095238,0.749267526372462,0.896207710398882,0.13758182797475,39.574244374366
9.83105158730159,0.749206738693627,0.896148392589045,0.13751603987761,39.5746833482395
9.83115079365079,0.749145956736216,0.896089074177267,0.137450283297415,39.5751222812624
9.83125,0.74908518049934,0.896029755166136,0.137384558218913,39.5755611734408
9.83134920634921,0.749024409982112,0.895970435558237,0.137318864626854,39.5760000247812
9.83144841269841,0.748963645183642,0.895911115356152,0.137253202505997,39.5764388352898
9.83154761904762,0.748902886103042,0.895851794562466,0.137187571841106,39.5768776049729
9.83164682539683,0.748842132739426,0.895792473179759,0.137121972616951,39.5773163338368
9.83174603174603,0.748781385091906,0.895733151210611,0.137056404818308,39.5777550218879
9.83184523809524,0.748720643159593,0.895673828657603,0.136990868429959,39.5781936691323
9.83194444444444,0.748659906941603,0.895614505523311,0.136925363436691,39.5786322755765
9.83204365079365,0.748599176437048,0.895555181810314,0.1368598898233,39.5790708412267
9.83214285714286,0.748538451645041,0.895495857521186,0.136794447574584,39.5795093660893
9.83224206349206,0.748477732564698,0.895436532658502,0.136729036675349,39.5799478501704
9.83234126984127,0.748417019195132,0.895377207224835,0.136663657110408,39.5803862934764
9.83244047619048,0.748356311535457,0.895317881222758,0.136598308864577,39.5808246960136
9.83253968253968,0.74829560958479,0.895258554654842,0.136532991922682,39.5812630577883
9.83263888888889,0.748234913342243,0.895199227523655,0.136467706269549,39.5817013788067
9.8327380952381,0.748174222806935,0.895139899831768,0.136402451890017,39.5821396590751
9.8328373015873,0.74811353797798,0.895080571581748,0.136337228768927,39.5825778985999
9.83293650793651,0.748052858854495,0.895021242776161,0.136272036891126,39.5830160973873
9.83303571428571,0.747992185435595,0.894961913417572,0.136206876241468,39.5834542554435
9.83313492063492,0.747931517720397,0.894902583508545,0.136141746804812,39.5838923727749
9.83323412698413,0.747870855708018,0.894843253051644,0.136076648566024,39.5843304493878
9.83333333333333,0.747810199397576,0.894783922049428,0.136011581509974,39.5847684852883
9.83343253968254,0.747749548788188,0.89472459050446,0.135946545621541,39.5852064804828
9.83353174603175,0.747688903878971,0.894665258419298,0.135881540885608,39.5856444349776
9.83363095238095,0.747628264669043,0.8946059257965,0.135816567287064,39.5860823487789
9.83373015873016,0.747567631157524,0.894546592638624,0.135751624810805,39.5865202218929
9.83382936507936,0.747507003343531,0.894487258948226,0.135686713441731,39.586958054326
9.83392857142857,0.747446381226184,0.894427924727859,0.135621833164751,39.5873958460845
9.83402777777778,0.747385764804602,0.894368589980077,0.135556983964776,39.5878335971745
9.83412698412699,0.747325154077902,0.894309254707432,0.135492165826726,39.5882713076023
9.83422619047619,0.747264549045208,0.894249918912477,0.135427378735527,39.5887089773742
9.8343253968254,0.747203949705638,0.894190582597761,0.13536262267611,39.5891466064965
9.8344246031746,0.747143356058312,0.894131245765832,0.135297897633411,39.5895841949754
9.83452380952381,0.747082768102351,0.894071908419238,0.135233203592374,39.5900217428171
9.83462301587302,0.747022185836876,0.894012570560525,0.135168540537948,39.5904592500279
9.83472222222222,0.746961609261008,0.89395323219224,0.135103908455087,39.5908967166141
9.83482142857143,0.746901038373869,0.893893893316925,0.135039307328753,39.591334142582
9.83492063492064,0.746840473174581,0.893834553937123,0.134974737143912,39.5917715279376
9.83501984126984,0.746779913662264,0.893775214055378,0.134910197885537,39.5922088726874
9.83511904761905,0.746719359836043,0.893715873674228,0.134845689538607,39.5926461768375
9.83521825396825,0.746658811695039,0.893656532796214,0.134781212088107,39.5930834403942
9.83531746031746,0.746598269238376,0.893597191423874,0.134716765519028,39.5935206633638
9.83541666666667,0.746537732465176,0.893537849559744,0.134652349816366,39.5939578457524
9.83551587301587,0.746477201374563,0.893478507206361,0.134587964965123,39.5943949875663
9.83561507936508,0.746416675965661,0.893419164366259,0.134523610950309,39.5948320888117
9.83571428571429,0.746356156237594,0.893359821041973,0.134459287756939,39.5952691494949
9.83581349206349,0.746295642189487,0.893300477236034,0.134394995370032,39.5957061696222
9.8359126984127,0.746235133820463,0.893241132950973,0.134330733774616,39.5961431491996
9.83601190476191,0.746174631129649,0.893181788189321,0.134266502955722,39.5965800882335
9.83611111111111,0.746114134116169,0.893122442953607,0.13420230289839,39.5970169867301
9.83621031746032,0.746053642779148,0.893063097246358,0.134138133587663,39.5974538446957
9.83630952380952,0.745993157117713,0.893003751070101,0.134073995008593,39.5978906621363
9.83640873015873,0.74593267713099,0.892944404427361,0.134009887146235,39.5983274390583
9.83650793650794,0.745872202818104,0.892885057320662,0.133945809985652,39.5987641754679
9.83660714285714,0.745811734178183,0.892825709752528,0.133881763511912,39.5992008713713
9.83670634920635,0.745751271210353,0.892766361725479,0.133817747710089,39.5996375267748
9.83680555555556,0.745690813913742,0.892707013242038,0.133753762565264,39.6000741416844
9.83690476190476,0.745630362287478,0.892647664304723,0.133689808062523,39.6005107161065
9.83700396825397,0.745569916330687,0.892588314916053,0.133625884186957,39.6009472500472
9.83710317460318,0.745509476042498,0.892528965078543,0.133561990923665,39.6013837435129
9.83720238095238,0.74544904142204,0.892469614794713,0.133498128257752,39.6018201965096
9.83730158730159,0.745388612468442,0.892410264067075,0.133434296174328,39.6022566090436
9.83740079365079,0.745328189180831,0.892350912898144,0.133370494658507,39.602692981121
9.8375,0.745267771558338,0.892291561290432,0.133306723695413,39.6031293127482
9.83759920634921,0.745207359600092,0.892232209246449,0.133242983270173,39.6035656039312
9.83769841269841,0.745146953305222,0.892172856768708,0.133179273367921,39.6040018546764
9.83779761904762,0.74508655267286,0.892113503859715,0.133115593973797,39.6044380649898
9.83789682539683,0.745026157702134,0.89205415052198,0.133051945072947,39.6048742348777
9.83799603174603,0.744965768392176,0.891994796758008,0.132988326650522,39.6053103643463
9.83809523809524,0.744905384742117,0.891935442570306,0.132924738691681,39.6057464534018
9.83819444444444,0.744845006751088,0.891876087961377,0.132861181181588,39.6061825020504
9.83829365079365,0.744784634418221,0.891816732933725,0.132797654105411,39.6066185102982
9.83839285714286,0.744724267742646,0.891757377489852,0.132734157448327,39.6070544781515
9.83849206349206,0.744663906723498,0.891698021632258,0.132670691195517,39.6074904056164
9.83859126984127,0.744603551359906,0.891638665363442,0.132607255332168,39.6079262926991
9.83869047619048,0.744543201651006,0.891579308685905,0.132543849843475,39.6083621394058
9.83878968253968,0.744482857595929,0.891519951602142,0.132480474714637,39.6087979457427
9.83888888888889,0.744422519193809,0.89146059411465,0.13241712993086,39.609233711716
9.8389880952381,0.74436218644378,0.891401236225924,0.132353815477354,39.6096694373318
9.8390873015873,0.744301859344974,0.891341877938458,0.132290531339338,39.6101051225964
9.83918650793651,0.744241537896527,0.891282519254744,0.132227277502035,39.6105407675158
9.83928571428571,0.744181222097572,0.891223160177273,0.132164053950674,39.6109763720963
9.83938492063492,0.744120911947244,0.891163800708537,0.13210086067049,39.611411936344
9.83948412698413,0.744060607444679,0.891104440851023,0.132037697646725,39.6118474602652
9.83958333333333,0.744000308589011,0.89104508060722,0.131974564864626,39.6122829438659
9.83968253968254,0.743940015379376,0.890985719979614,0.131911462309447,39.6127183871524
9.83978174603175,0.743879727814911,0.890926358970692,0.131848389966445,39.6131537901308
9.83988095238095,0.74381944589475,0.890866997582937,0.131785347820888,39.6135891528073
9.83998015873016,0.74375916961803,0.890807635818833,0.131722335858045,39.614024475188
9.84007936507937,0.743698898983888,0.890748273680861,0.131659354063193,39.6144597572791
9.84017857142857,0.743638633991461,0.890688911171504,0.131596402421617,39.6148949990868
9.84027777777778,0.743578374639887,0.89062954829324,0.131533480918605,39.6153302006171
9.84037698412699,0.743518120928303,0.890570185048548,0.131470589539452,39.6157653618764
9.84047619047619,0.743457872855846,0.890510821439905,0.131407728269458,39.6162004828706
9.8405753968254,0.743397630421655,0.890451457469788,0.131344897093931,39.6166355636061
9.8406746031746,0.743337393624869,0.890392093140672,0.131282095998184,39.6170706040888
9.84077380952381,0.743277162464625,0.89033272845503,0.131219324967536,39.6175056043251
9.84087301587302,0.743216936940063,0.890273363415336,0.131156583987311,39.6179405643209
9.84097222222222,0.743156717050323,0.89021399802406,0.13109387304284,39.6183754840825
9.84107142857143,0.743096502794543,0.890154632283673,0.13103119211946,39.618810363616
9.84117063492064,0.743036294171863,0.890095266196644,0.130968541202513,39.6192452029276
9.84126984126984,0.742976091181424,0.890035899765442,0.130905920277349,39.6196800020233
9.84136904761905,0.742915893822367,0.889976532992533,0.130843329329321,39.6201147609094
9.84146825396825,0.742855702093831,0.889917165880382,0.130780768343791,39.620549479592
9.84156746031746,0.742795515994957,0.889857798431455,0.130718237306124,39.6209841580771
9.84166666666667,0.742735335524888,0.889798430648214,0.130655736201695,39.621418796371
9.84176587301587,0.742675160682765,0.889739062533123,0.130593265015881,39.6218533944797
9.84186507936508,0.742614991467728,0.889679694088641,0.130530823734066,39.6222879524094
9.84196428571429,0.742554827878922,0.889620325317228,0.130468412341641,39.6227224701663
9.84206349206349,0.742494669915488,0.889560956221344,0.130406030824003,39.6231569477564
9.8421626984127,0.742434517576568,0.889501586803446,0.130343679166554,39.6235913851858
9.84226190476191,0.742374370861306,0.88944221706599,0.130281357354702,39.6240257824608
9.84236111111111,0.742314229768845,0.889382847011431,0.130219065373861,39.6244601395874
9.84246031746032,0.742254094298328,0.889323476642223,0.130156803209452,39.6248944565717
9.84255952380952,0.7421939644489,0.88926410596082,0.1300945708469,39.6253287334199
9.84265873015873,0.742133840219705,0.889204734969671,0.130032368271639,39.625762970138
9.84275793650794,0.742073721609886,0.889145363671229,0.129970195469106,39.6261971667323
9.84285714285714,0.74201360861859,0.889085992067942,0.129908052424746,39.6266313232087
9.84295634920635,0.741953501244959,0.889026620162259,0.129845939124008,39.6270654395735
9.84305555555556,0.74189339948814,0.888967247956625,0.129783855552348,39.6274995158326
9.84315476190476,0.74183330334728,0.888907875453488,0.129721801695229,39.6279335519924
9.84325396825397,0.741773212821522,0.888848502655293,0.129659777538119,39.6283675480587
9.84335317460318,0.741713127910015,0.888789129564481,0.129597783066491,39.6288015040378
9.84345238095238,0.741653048611903,0.888729756183496,0.129535818265826,39.6292354199357
9.84355158730159,0.741592974926334,0.888670382514778,0.129473883121609,39.6296692957586
9.84365079365079,0.741532906852455,0.888611008560768,0.129411977619332,39.6301031315125
9.84375,0.741472844389413,0.888551634323904,0.129350101744493,39.6305369272036
9.84384920634921,0.741412787536355,0.888492259806624,0.129288255482596,39.6309706828379
9.84394841269841,0.74135273629243,0.888432885011365,0.129226438819151,39.6314043984216
9.84404761904762,0.741292690656785,0.888373509940561,0.129164651739673,39.6318380739607
9.84414682539682,0.741232650628569,0.888314134596646,0.129102894229683,39.6322717094613
9.84424603174603,0.741172616206931,0.888254758982054,0.12904116627471,39.6327053049295
9.84434523809524,0.74111258739102,0.888195383099217,0.128979467860288,39.6331388603715
9.84444444444444,0.741052564179985,0.888136006950564,0.128917798971955,39.6335723757932
9.84454365079365,0.740992546572975,0.888076630538524,0.128856159595256,39.6340058512008
9.84464285714286,0.740932534569142,0.888017253865528,0.128794549715745,39.6344392866003
9.84474206349206,0.740872528167634,0.887957876934001,0.128732969318979,39.6348726819979
9.84484126984127,0.740812527367602,0.88789849974637,0.12867141839052,39.6353060373996
9.84494047619048,0.740752532168197,0.887839122305058,0.128609896915938,39.6357393528115
9.84503968253968,0.74069254256857,0.88777974461249,0.128548404880809,39.6361726282396
9.84513888888889,0.740632558567872,0.887720366671089,0.128486942270713,39.6366058636901
9.84523809523809,0.740572580165255,0.887660988483274,0.128425509071239,39.6370390591691
9.8453373015873,0.74051260735987,0.887601610051467,0.128364105267979,39.6374722146825
9.84543650793651,0.740452640150871,0.887542231378085,0.128302730846532,39.6379053302365
9.84553571428571,0.740392678537408,0.887482852465547,0.128241385792504,39.6383384058371
9.84563492063492,0.740332722518636,0.88742347331627,0.128180070091507,39.6387714414904
9.84573412698413,0.740272772093707,0.887364093932668,0.128118783729156,39.6392044372025
9.84583333333333,0.740212827261774,0.887304714317156,0.128057526691075,39.6396373929794
9.84593253968254,0.740152888021991,0.887245334472147,0.127996298962894,39.6400703088271
9.84603174603175,0.740092954373511,0.887185954400052,0.127935100530246,39.6405031847519
9.84613095238095,0.74003302631549,0.887126574103283,0.127873931378774,39.6409360207596
9.84623015873016,0.739973103847082,0.887067193584248,0.127812791494125,39.6413688168564
9.84632936507936,0.739913186967441,0.887007812845357,0.12775168086195,39.6418015730483
9.84642857142857,0.739853275675722,0.886948431889016,0.12769059946791,39.6422342893414
9.84652777777778,0.739793369971081,0.886889050717631,0.127629547297668,39.6426669657417
9.84662698412698,0.739733469852672,0.886829669333607,0.127568524336896,39.6430996022552
9.84672619047619,0.739673575319653,0.886770287739348,0.12750753057127,39.6435321988881
9.8468253968254,0.73961368637118,0.886710905937257,0.127446565986474,39.6439647556463
9.8469246031746,0.739553803006407,0.886651523929733,0.127385630568196,39.644397272536
9.84702380952381,0.739493925224494,0.886592141719178,0.12732472430213,39.6448297495631
9.84712301587301,0.739434053024596,0.886532759307991,0.127263847173977,39.6452621867337
9.84722222222222,0.739374186405871,0.88647337669857,0.127202999169444,39.6456945840538
9.84732142857143,0.739314325367476,0.88641399389331,0.127142180274244,39.6461269415295
9.84742063492063,0.73925446990857,0.886354610894608,0.127081390474094,39.6465592591668
9.84751984126984,0.739194620028309,0.886295227704856,0.127020629754719,39.6469915369718
9.84761904761905,0.739134775725854,0.886235844326451,0.126959898101851,39.6474237749504
9.84771825396825,0.739074937000363,0.886176460761782,0.126899195501226,39.6478559731088
9.84781746031746,0.739015103850995,0.886117077013241,0.126838521938585,39.6482881314529
9.84791666666667,0.738955276276909,0.886057693083216,0.126777877399677,39.6487202499887
9.84801587301587,0.738895454277265,0.885998308974098,0.126717261870257,39.6491523287223
9.84811507936508,0.738835637851222,0.885938924688272,0.126656675336084,39.6495843676598
9.84821428571429,0.738775826997942,0.885879540228125,0.126596117782926,39.6500163668071
9.84831349206349,0.738716021716583,0.885820155596042,0.126535589196553,39.6504483261702
9.8484126984127,0.738656222006308,0.885760770794407,0.126475089562746,39.6508802457552
9.8485119047619,0.738596427866277,0.885701385825602,0.126414618867286,39.6513121255682
9.84861111111111,0.738536639295652,0.885642000692008,0.126354177095966,39.651743965615
9.84871031746032,0.738476856293593,0.885582615396006,0.126293764234581,39.6521757659018
9.84880952380952,0.738417078859264,0.885523229939975,0.126233380268932,39.6526075264345
9.84890873015873,0.738357306991826,0.885463844326293,0.126173025184828,39.6530392472192
9.84900793650794,0.738297540690441,0.885404458557335,0.126112698968083,39.6534709282618
9.84910714285714,0.738237779954273,0.88534507263548,0.126052401604517,39.6539025695684
9.84920634920635,0.738178024782485,0.885285686563099,0.125992133079956,39.654334171145
9.84930555555556,0.73811827517424,0.885226300342568,0.125931893380231,39.6547657329976
9.84940476190476,0.738058531128701,0.885166913976257,0.125871682491181,39.6551972551322
9.84950396825397,0.737998792645033,0.885107527466537,0.12581150039865,39.6556287375547
9.84960317460317,0.737939059722399,0.885048140815779,0.125751347088486,39.6560601802712
9.84970238095238,0.737879332359965,0.884988754026351,0.125691222546547,39.6564915832878
9.84980158730159,0.737819610556894,0.88492936710062,0.125631126758693,39.6569229466103
9.84990079365079,0.737759894312352,0.884869980040952,0.125571059710792,39.6573542702448
9.85,0.737700183625505,0.884810592849713,0.125511021388718,39.6577855541972
9.85009920634921,0.737640478495518,0.884751205529265,0.125451011778351,39.6582167984736
9.85019841269841,0.737580778921557,0.884691818081973,0.125391030865576,39.65864800308
9.85029761904762,0.737521084902788,0.884632430510197,0.125331078636284,39.6590791680223
9.85039682539682,0.737461396438377,0.884573042816298,0.125271155076374,39.6595102933065
9.85049603174603,0.737401713527491,0.884513655002634,0.125211260171747,39.6599413789386
9.85059523809524,0.737342036169299,0.884454267071565,0.125151393908316,39.6603724249247
9.85069444444444,0.737282364362966,0.884394879025446,0.125091556271993,39.6608034312706
9.85079365079365,0.737222698107661,0.884335490866634,0.125031747248702,39.6612343979823
9.85089285714286,0.737163037402551,0.884276102597483,0.124971966824369,39.6616653250659
9.85099206349206,0.737103382246805,0.884216714220345,0.124912214984927,39.6620962125273
9.85109126984127,0.737043732639591,0.884157325737575,0.124852491716316,39.6625270603725
9.85119047619048,0.736984088580077,0.884097937151521,0.124792797004481,39.6629578686074
9.85128968253968,0.736924450067434,0.884038548464535,0.124733130835373,39.6633886372381
9.85138888888889,0.736864817100831,0.883979159678964,0.124673493194949,39.6638193662704
9.85148809523809,0.736805189679436,0.883919770797157,0.124613884069173,39.6642500557105
9.8515873015873,0.73674556780242,0.883860381821459,0.124554303444013,39.6646807055641
9.85168650793651,0.736685951468954,0.883800992754216,0.124494751305445,39.6651113158374
9.85178571428571,0.736626340678207,0.883741603597771,0.12443522763945,39.6655418865362
9.85188492063492,0.736566735429351,0.883682214354468,0.124375732432014,39.6659724176665
9.85198412698413,0.736507135721555,0.883622825026647,0.12431626566913,39.6664029092343
9.85208333333333,0.736447541553994,0.88356343561665,0.124256827336798,39.6668333612456
9.85218253968254,0.736387952925836,0.883504046126816,0.124197417421023,39.6672637737062
9.85228174603175,0.736328369836256,0.883444656559483,0.124138035907814,39.6676941466222
9.85238095238095,0.736268792284424,0.883385266916988,0.12407868278319,39.6681244799995
9.85248015873016,0.736209220269514,0.883325877201666,0.124019358033173,39.668554773844
9.85257936507936,0.736149653790697,0.883266487415852,0.123960061643791,39.6689850281618
9.85267857142857,0.736090092847148,0.883207097561879,0.12390079360108,39.6694152429587
9.85277777777778,0.73603053743804,0.883147707642081,0.123841553891079,39.6698454182406
9.85287698412698,0.735970987562546,0.883088317658787,0.123782342499836,39.6702755540137
9.85297619047619,0.73591144321984,0.883028927614328,0.123723159413403,39.6707056502837
9.8530753968254,0.735851904409096,0.882969537511032,0.12366400461784,39.6711357070566
9.8531746031746,0.735792371129489,0.882910147351228,0.123604878099209,39.6715657243384
9.85327380952381,0.735732843380195,0.88285075713724,0.123545779843582,39.671995702135
9.85337301587301,0.735673321160387,0.882791366871396,0.123486709837036,39.6724256404524
9.85347222222222,0.73561380446924,0.882731976556018,0.123427668065651,39.6728555392964
9.85357142857143,0.735554293305932,0.88267258619343,0.123368654515519,39.673285398673
9.85367063492064,0.735494787669639,0.882613195785953,0.123309669172732,39.6737152185882
9.85376984126984,0.735435287559535,0.882553805335908,0.123250712023391,39.6741449990478
9.85386904761905,0.735375792974798,0.882494414845614,0.123191783053602,39.6745747400578
9.85396825396825,0.735316303914604,0.88243502431739,0.123132882249477,39.6750044416242
9.85406746031746,0.735256820378131,0.882375633753553,0.123074009597135,39.6754341037527
9.85416666666667,0.735197342364556,0.882316243156417,0.1230151650827,39.6758637264495
9.85426587301587,0.735137869873057,0.882256852528299,0.122956348692302,39.6762933097204
9.85436507936508,0.735078402902811,0.882197461871512,0.122897560412078,39.6767228535712
9.85446428571429,0.735018941452998,0.882138071188367,0.122838800228168,39.677152358008
9.85456349206349,0.734959485522794,0.882078680481176,0.122780068126722,39.6775818230366
9.8546626984127,0.73490003511138,0.88201928975225,0.122721364093893,39.678011248663
9.8547619047619,0.734840590217934,0.881959899003896,0.122662688115841,39.678440634893
9.85486111111111,0.734781150841636,0.881900508238423,0.122604040178732,39.6788699817327
9.85496031746032,0.734721716981665,0.881841117458137,0.122545420268738,39.6792992891878
9.85505952380952,0.734662288637202,0.881781726665343,0.122486828372038,39.6797285572643
9.85515873015873,0.734602865807426,0.881722335862347,0.122428264474815,39.6801577859681
9.85525793650794,0.734543448491519,0.88166294505145,0.122369728563258,39.6805869753052
9.85535714285714,0.73448403668866,0.881603554234954,0.122311220623564,39.6810161252813
9.85545634920635,0.734424630398032,0.881544163415161,0.122252740641935,39.6814452359025
9.85555555555556,0.734365229618816,0.881484772594369,0.122194288604577,39.6818743071746
9.85565476190476,0.734305834350192,0.881425381774877,0.122135864497705,39.6823033391034
9.85575396825397,0.734246444591344,0.881365990958981,0.122077468307538,39.682732331695
9.85585317460317,0.734187060341454,0.881306600148979,0.122019100020302,39.6831612849552
9.85595238095238,0.734127681599703,0.881247209347165,0.121960759622229,39.6835901988899
9.85605158730159,0.734068308365275,0.881187818555832,0.121902447099556,39.684019073505
9.85615079365079,0.734008940637354,0.881128427777273,0.121844162438526,39.6844479088063
9.85625,0.733949578415121,0.881069037013779,0.121785905625389,39.6848767047998
9.85634920634921,0.733890221697762,0.88100964626764,0.121727676646401,39.6853054614914
9.85644841269841,0.733830870484459,0.880950255541145,0.121669475487822,39.6857341788869
9.85654761904762,0.733771524774399,0.880890864836582,0.121611302135921,39.6861628569922
9.85664682539683,0.733712184566764,0.880831474156238,0.12155315657697,39.6865914958132
9.85674603174603,0.73365284986074,0.880772083502399,0.121495038797249,39.6870200953558
9.85684523809524,0.733593520655512,0.880712692877347,0.121436948783044,39.6874486556258
9.85694444444444,0.733534196950265,0.880653302283366,0.121378886520644,39.6878771766292
9.85704365079365,0.733474878744185,0.880593911722739,0.121320851996349,39.6883056583717
9.85714285714286,0.733415566036459,0.880534521197746,0.12126284519646,39.6887341008594
9.85724206349206,0.733356258826271,0.880475130710667,0.121204866107287,39.689162504098
9.85734126984127,0.73329695711281,0.88041574026378,0.121146914715144,39.6895908680934
9.85744047619048,0.733237660895261,0.880356349859362,0.121088991006354,39.6900191928515
9.85753968253968,0.733178370172812,0.880296959499689,0.121031094967243,39.6904474783781
9.85763888888889,0.73311908494465,0.880237569187036,0.120973226584144,39.6908757246792
9.85773809523809,0.733059805209963,0.880178178923678,0.120915385843396,39.6913039317605
9.8578373015873,0.733000530967939,0.880118788711886,0.120857572731344,39.691732099628
9.85793650793651,0.732941262217766,0.880059398553931,0.120799787234337,39.6921602282874
9.85803571428571,0.732881998958633,0.880000008452085,0.120742029338736,39.6925883177448
9.85813492063492,0.732822741189729,0.879940618408616,0.1206842990309,39.6930163680058
9.85823412698413,0.732763488910243,0.879881228425793,0.1206265962972,39.6934443790764
9.85833333333333,0.732704242119364,0.87982183850588,0.12056892112401,39.6938723509625
9.85843253968254,0.732645000816282,0.879762448651146,0.120511273497711,39.6943002836698
9.85853174603175,0.732585765000187,0.879703058863853,0.120453653404688,39.6947281772042
9.85863095238095,0.73252653467027,0.879643669146265,0.120396060831336,39.6951560315716
9.85873015873016,0.73246730982572,0.879584279500644,0.120338495764053,39.6955838467778
9.85882936507936,0.732408090465729,0.87952488992925,0.120280958189243,39.6960116228286
9.85892857142857,0.732348876589487,0.879465500434344,0.120223448093316,39.69643935973
9.85902777777778,0.732289668196187,0.879406111018184,0.12016596546269,39.6968670574877
9.85912698412698,0.73223046528502,0.879346721683027,0.120108510283787,39.6972947161075
9.85922619047619,0.732171267855178,0.87928733243113,0.120051082543035,39.6977223355955
9.8593253968254,0.732112075905854,0.879227943264747,0.119993682226868,39.6981499159572
9.8594246031746,0.732052889436238,0.879168554186132,0.119936309321726,39.6985774571987
9.85952380952381,0.731993708445526,0.879109165197538,0.119878963814058,39.6990049593256
9.85962301587302,0.73193453293291,0.879049776301217,0.119821645690314,39.6994324223439
9.85972222222222,0.731875362897584,0.878990387499419,0.119764354936953,39.6998598462594
9.85982142857143,0.73181619833874,0.878930998794392,0.119707091540439,39.7002872310779
9.85992063492064,0.731757039255574,0.878871610188386,0.119649855487242,39.7007145768053
9.86001984126984,0.731697885647279,0.878812221683646,0.119592646763839,39.7011418834473
9.86011904761905,0.73163873751305,0.878752833282419,0.119535465356711,39.7015691510098
9.86021825396825,0.731579594852082,0.878693444986948,0.119478311252347,39.7019963794985
9.86031746031746,0.73152045766357,0.878634056799478,0.119421184437241,39.7024235689194
9.86041666666667,0.73146132594671,0.878574668722249,0.119364084897893,39.7028507192783
9.86051587301587,0.731402199700697,0.878515280757504,0.119307012620808,39.7032778305809
9.86061507936508,0.731343078924727,0.878455892907482,0.119249967592499,39.7037049028331
9.86071428571429,0.731283963617997,0.878396505174422,0.119192949799483,39.7041319360406
9.86081349206349,0.731224853779703,0.878337117560561,0.119135959228285,39.7045589302094
9.8609126984127,0.731165749409041,0.878277730068134,0.119078995865434,39.7049858853451
9.86101190476191,0.73110665050521,0.878218342699378,0.119022059697466,39.7054128014537
9.86111111111111,0.731047557067407,0.878158955456527,0.118965150710924,39.7058396785409
9.86121031746032,0.730988469094829,0.878099568341813,0.118908268892354,39.7062665166125
9.86130952380952,0.730929386586675,0.878040181357468,0.118851414228311,39.7066933156743
9.86140873015873,0.730870309542143,0.877980794505722,0.118794586705354,39.7071200757321
9.86150793650794,0.730811237960431,0.877921407788804,0.118737786310048,39.7075467967918
9.86160714285714,0.730752171840738,0.877862021208943,0.118681013028966,39.7079734788591
9.86170634920635,0.730693111182264,0.877802634768365,0.118624266848685,39.7084001219398
9.86180555555556,0.730634055984207,0.877743248469297,0.118567547755788,39.7088267260397
9.86190476190476,0.730575006245769,0.877683862313962,0.118510855736865,39.7092532911646
9.86200396825397,0.730515961966148,0.877624476304584,0.118454190778512,39.7096798173203
9.86210317460317,0.730456923144545,0.877565090443386,0.11839755286733,39.7101063045126
9.86220238095238,0.73039788978016,0.877505704732588,0.118340941989926,39.7105327527473
9.86230158730159,0.730338861872196,0.877446319174411,0.118284358132913,39.7109591620301
9.86240079365079,0.730279839419851,0.877386933771071,0.118227801282911,39.7113855323669
9.8625,0.730220822422329,0.877327548524789,0.118171271426546,39.7118118637634
9.86259920634921,0.730161810878831,0.87726816343778,0.118114768550448,39.7122381562254
9.86269841269841,0.730102804788559,0.87720877851226,0.118058292641256,39.7126644097587
9.86279761904762,0.730043804150715,0.877149393750441,0.118001843685611,39.713090624369
9.86289682539683,0.729984808964502,0.877090009154538,0.117945421670163,39.7135168000622
9.86299603174603,0.729925819229124,0.877030624726761,0.117889026581568,39.713942936844
9.86309523809524,0.729866834943782,0.876971240469322,0.117832658406486,39.7143690347201
9.86319444444444,0.72980785610768,0.876911856384429,0.117776317131585,39.7147950936965
9.86329365079365,0.729748882720023,0.876852472474291,0.117720002743537,39.7152211137787
9.86339285714286,0.729689914780014,0.876793088741116,0.117663715229022,39.7156470949726
9.86349206349206,0.729630952286858,0.876733705187107,0.117607454574724,39.716073037284
9.86359126984127,0.729571995239759,0.876674321814472,0.117551220767334,39.7164989407187
9.86369047619048,0.729513043637923,0.876614938625412,0.117495013793549,39.7169248052822
9.86378968253968,0.729454097480553,0.87655555562213,0.117438833640073,39.7173506309806
9.86388888888889,0.729395156766856,0.876496172806827,0.117382680293613,39.7177764178194
9.8639880952381,0.729336221496038,0.876436790181705,0.117326553740885,39.7182021658045
9.8640873015873,0.729277291667305,0.87637740774896,0.11727045396861,39.7186278749417
9.86418650793651,0.729218367279863,0.876318025510791,0.117214380963514,39.7190535452366
9.86428571428571,0.729159448332918,0.876258643469395,0.117158334712329,39.719479176695
9.86438492063492,0.729100534825678,0.876199261626966,0.117102315201795,39.7199047693227
9.86448412698413,0.72904162675735,0.8761398799857,0.117046322418657,39.7203303231254
9.86458333333333,0.728982724127141,0.876080498547788,0.116990356349663,39.7207558381089
9.86468253968254,0.72892382693426,0.876021117315422,0.116934416981573,39.7211813142789
9.86478174603175,0.728864935177913,0.875961736290794,0.116878504301146,39.7216067516411
9.86488095238095,0.728806048857309,0.875902355476093,0.116822618295153,39.7220321502014
9.86498015873016,0.728747167971658,0.875842974873506,0.116766758950368,39.7224575099654
9.86507936507936,0.728688292520168,0.875783594485222,0.116710926253571,39.7228828309389
9.86517857142857,0.728629422502048,0.875724214313425,0.116655120191548,39.7233081131276
9.86527777777778,0.728570557916508,0.875664834360302,0.116599340751092,39.7237333565372
9.86537698412699,0.728511698762757,0.875605454628034,0.116543587919,39.7241585611736
9.86547619047619,0.728452845040005,0.875546075118806,0.116487861682078,39.7245837270424
9.8655753968254,0.728393996747464,0.875486695834798,0.116432162027136,39.7250088541493
9.8656746031746,0.728335153884343,0.87542731677819,0.116376488940989,39.7254339425001
9.86577380952381,0.728276316449854,0.875367937951161,0.116320842410461,39.7258589921005
9.86587301587302,0.728217484443208,0.875308559355889,0.116265222422378,39.7262840029563
9.86597222222222,0.728158657863615,0.875249180994551,0.116209628963576,39.7267089750731
9.86607142857143,0.728099836710289,0.875189802869322,0.116154062020894,39.7271339084567
9.86617063492064,0.728041020982441,0.875130424982375,0.116098521581177,39.7275588031128
9.86626984126984,0.727982210679283,0.875071047335885,0.11604300763128,39.7279836590471
9.86636904761905,0.727923405800029,0.875011669932024,0.115987520158058,39.7284084762653
9.86646825396825,0.72786460634389,0.874952292772961,0.115932059148376,39.7288332547732
9.86656746031746,0.727805812310081,0.874892915860866,0.115876624589105,39.7292579945765
9.86666666666667,0.727747023697814,0.874833539197909,0.115821216467119,39.7296826956809
9.86676587301587,0.727688240506304,0.874774162786255,0.115765834769301,39.730107358092
9.86686507936508,0.727629462734764,0.874714786628071,0.115710479482537,39.7305319818157
9.86696428571429,0.727570690382409,0.874655410725523,0.115655150593724,39.7309565668575
9.86706349206349,0.727511923448455,0.874596035080773,0.115599848089759,39.7313811132233
9.8671626984127,0.727453161932114,0.874536659695984,0.115544571957549,39.7318056209186
9.86726190476191,0.727394405832604,0.874477284573319,0.115489322184005,39.7322300899494
9.86736111111111,0.727335655149139,0.874417909714936,0.115434098756045,39.7326545203211
9.86746031746032,0.727276909880935,0.874358535122995,0.115378901660593,39.7330789120395
9.86755952380952,0.727218170027208,0.874299160799653,0.115323730884577,39.7335032651104
9.86765873015873,0.727159435587175,0.874239786747068,0.115268586414934,39.7339275795393
9.86775793650794,0.727100706560053,0.874180412967395,0.115213468238605,39.7343518553321
9.86785714285714,0.727041982945057,0.874121039462788,0.115158376342537,39.7347760924944
9.86795634920635,0.726983264741406,0.874061666235401,0.115103310713684,39.7352002910318
9.86805555555556,0.726924551948317,0.874002293287385,0.115048271339005,39.7356244509502
9.86815476190476,0.726865844565008,0.873942920620892,0.114993258205465,39.7360485722551
9.86825396825397,0.726807142590696,0.87388354823807,0.114938271300037,39.7364726549522
9.86835317460318,0.726748446024601,0.873824176141068,0.114883310609695,39.7368966990473
9.86845238095238,0.72668975486594,0.873764804332035,0.114828376121426,39.737320704546
9.86855158730159,0.726631069113934,0.873705432813115,0.114773467822217,39.737744671454
9.86865079365079,0.726572388767801,0.873646061586455,0.114718585699064,39.738168599777
9.86875,0.72651371382676,0.873586690654197,0.114663729738968,39.7385924895206
9.86884920634921,0.726455044290032,0.873527320018484,0.114608899928935,39.7390163406906
9.86894841269841,0.726396380156837,0.873467949681459,0.11455409625598,39.7394401532926
9.86904761904762,0.726337721426394,0.873408579645261,0.11449931870712,39.7398639273322
9.86914682539683,0.726279068097925,0.873349209912029,0.114444567269381,39.7402876628152
9.86924603174603,0.726220420170651,0.873289840483901,0.114389841929795,39.7407113597472
9.86934523809524,0.726161777643793,0.873230471363014,0.114335142675397,39.7411350181339
9.86944444444444,0.726103140516572,0.873171102551504,0.114280469493231,39.7415586379809
9.86954365079365,0.72604450878821,0.873111734051505,0.114225822370345,39.7419822192939
9.86964285714286,0.725985882457929,0.873052365865151,0.114171201293795,39.7424057620787
9.86974206349206,0.725927261524953,0.872992997994573,0.114116606250641,39.7428292663407
9.86984126984127,0.725868645988502,0.872933630441902,0.114062037227949,39.7432527320858
9.86994047619048,0.7258100358478,0.872874263209269,0.114007494212793,39.7436761593194
9.87003968253968,0.725751431102072,0.872814896298801,0.113952977192252,39.7440995480474
9.87013888888889,0.72569283175054,0.872755529712627,0.11389848615341,39.7445228982754
9.8702380952381,0.725634237792428,0.872696163452872,0.113844021083357,39.744946210009
9.8703373015873,0.725575649226959,0.872636797521663,0.113789581969191,39.7453694832538
9.87043650793651,0.72551706605336,0.872577431921121,0.113735168798013,39.7457927180155
9.87053571428571,0.725458488270853,0.872518066653371,0.113680781556933,39.7462159142998
9.87063492063492,0.725399915878665,0.872458701720534,0.113626420233064,39.7466390721123
9.87073412698413,0.72534134887602,0.87239933712473,0.113572084813527,39.7470621914587
9.87083333333333,0.725282787262144,0.872339972868078,0.113517775285449,39.7474852723445
9.87093253968254,0.725224231036263,0.872280608952697,0.113463491635962,39.7479083147755
9.87103174603175,0.725165680197603,0.872221245380704,0.113409233852204,39.7483313187573
9.87113095238095,0.72510713474539,0.872161882154214,0.11335500192132,39.7487542842954
9.87123015873016,0.725048594678852,0.872102519275341,0.113300795830459,39.7491772113956
9.87132936507937,0.724990059997213,0.872043156746199,0.113246615566778,39.7496001000635
9.87142857142857,0.724931530699704,0.871983794568901,0.113192461117439,39.7500229503046
9.87152777777778,0.72487300678555,0.871924432745557,0.113138332469611,39.7504457621247
9.87162698412699,0.72481448825398,0.871865071278278,0.113084229610468,39.7508685355294
9.87172619047619,0.724755975104222,0.871805710169172,0.113030152527189,39.7512912705243
9.8718253968254,0.724697467335504,0.871746349420346,0.112976101206961,39.751713967115
9.8719246031746,0.724638964947055,0.871686989033907,0.112922075636976,39.7521366253071
9.87202380952381,0.724580467938104,0.87162762901196,0.112868075804431,39.7525592451063
9.87212301587302,0.72452197630788,0.871568269356609,0.112814101696531,39.7529818265182
9.87222222222222,0.724463490055613,0.871508910069957,0.112760153300486,39.7534043695484
9.87232142857143,0.724405009180532,0.871449551154105,0.112706230603511,39.7538268742025
9.87242063492064,0.724346533681868,0.871390192611155,0.112652333592828,39.7542493404862
9.87251984126984,0.724288063558852,0.871330834443206,0.112598462255666,39.754671768405
9.87261904761905,0.724229598810713,0.871271476652354,0.112544616579257,39.7550941579645
9.87271825396825,0.724171139436683,0.871212119240699,0.112490796550843,39.7555165091705
9.87281746031746,0.724112685435992,0.871152762210334,0.112437002157667,39.7559388220284
9.87291666666667,0.724054236807874,0.871093405563356,0.112383233386982,39.7563610965439
9.87301587301587,0.72399579355156,0.871034049301858,0.112329490226047,39.7567833327226
9.87311507936508,0.723937355666281,0.870974693427932,0.112275772662123,39.7572055305701
9.87321428571429,0.72387892315127,0.870915337943668,0.112222080682482,39.7576276900921
9.87331349206349,0.72382049600576,0.870855982851158,0.112168414274398,39.758049811294
9.8734126984127,0.723762074228984,0.87079662815249,0.112114773425154,39.7584718941815
9.87351190476191,0.723703657820175,0.870737273849751,0.112061158122035,39.7588939387602
9.87361111111111,0.723645246778018,0.870677919945013,0.112007568353665,39.7593159450357
9.87371031746032,0.723586841098338,0.870618566440196,0.111954004115995,39.7597379130138
9.87380952380952,0.72352844077978,0.870559213337168,0.111900465398839,39.7601598426998
9.87390873015873,0.723470045821568,0.870499860637803,0.111846952190648,39.760581734099
9.87400793650794,0.72341165622293,0.870440508343976,0.111793464479879,39.7610035872167
9.87410714285714,0.723353271983094,0.870381156457558,0.111740002254991,39.7614254020584
9.87420634920635,0.723294893101286,0.870321804980424,0.111686565504448,39.7618471786293
9.87430555555556,0.723236519576734,0.870262453914442,0.111633154216717,39.7622689169346
9.87440476190476,0.723178151408665,0.870203103261486,0.111579768380268,39.7626906169798
9.87450396825397,0.723119788596309,0.870143753023426,0.111526407983576,39.7631122787702
9.87460317460318,0.723061431138891,0.87008440320213,0.11147307301512,39.7635339023111
9.87470238095238,0.723003079035641,0.870025053799468,0.11141976346338,39.7639554876077
9.87480158730159,0.722944732285787,0.869965704817307,0.111366479316842,39.7643770346655
9.87490079365079,0.722886390888558,0.869906356257515,0.111313220563996,39.7647985434896
9.875,0.722828054843181,0.869847008121958,0.111259987193333,39.7652200140855
9.87509920634921,0.722769724148887,0.869787660412503,0.111206779193352,39.7656414464585
9.87519841269841,0.722711398804903,0.869728313131015,0.111153596552551,39.7660628406138
9.87529761904762,0.72265307881046,0.869668966279358,0.111100439259435,39.7664841965568
9.87539682539682,0.722594764164786,0.869609619859396,0.111047307302511,39.7669055142927
9.87549603174603,0.722536454867111,0.869550273872992,0.11099420067029,39.7673267938269
9.87559523809524,0.722478150916666,0.869490928322009,0.110941119351288,39.7677480351647
9.87569444444444,0.722419852312679,0.869431583208308,0.110888063334023,39.7681692383114
9.87579365079365,0.72236155905438,0.869372238533749,0.110835032607016,39.7685904032723
9.87589285714286,0.722303271141002,0.869312894300195,0.110782027158796,39.7690115300527
9.87599206349206,0.722244988571773,0.869253550509503,0.11072904697789,39.7694326186579
9.87609126984127,0.722186711345925,0.869194207163534,0.110676092052833,39.7698536690932
9.87619047619048,0.722128439462687,0.869134864264145,0.110623162372161,39.7702746813639
9.87628968253968,0.722070172921292,0.869075521813193,0.110570257924414,39.7706956554753
9.87638888888889,0.72201191172097,0.869016179812536,0.110517378698138,39.7711165914327
9.87648809523809,0.721953655860953,0.868956838264029,0.110464524681881,39.7715374892413
9.8765873015873,0.721895405340471,0.868897497169528,0.110411695864194,39.7719583489066
9.87668650793651,0.721837160158758,0.868838156530887,0.110358892233632,39.7723791704338
9.87678571428571,0.721778920315044,0.86877881634996,0.110306113778755,39.7727999538281
9.87688492063492,0.721720685808562,0.868719476628601,0.110253360488126,39.7732206990949
9.87698412698413,0.721662456638544,0.868660137368661,0.11020063235031,39.7736414062394
9.87708333333333,0.721604232804222,0.868600798571993,0.110147929353879,39.774062075267
9.87718253968254,0.721546014304829,0.868541460240448,0.110095251487406,39.7744827061829
9.87728174603175,0.721487801139597,0.868482122375875,0.110042598739468,39.7749032989925
9.87738095238095,0.72142959330776,0.868422784980126,0.109989971098647,39.775323853701
9.87748015873016,0.721371390808551,0.868363448055048,0.109937368553528,39.7757443703136
9.87757936507936,0.721313193641202,0.868304111602491,0.1098847910927,39.7761648488358
9.87767857142857,0.721255001804949,0.868244775624301,0.109832238704754,39.7765852892727
9.87777777777778,0.721196815299023,0.868185440122325,0.109779711378287,39.7770056916297
9.87787698412698,0.721138634122659,0.86812610509841,0.109727209101898,39.7774260559119
9.87797619047619,0.72108045827509,0.8680667705544,0.10967473186419,39.7778463821248
9.8780753968254,0.721022287755552,0.868007436492141,0.109622279653771,39.7782666702736
9.8781746031746,0.720964122563278,0.867948102913477,0.109569852459251,39.7786869203636
9.87827380952381,0.720905962697502,0.867888769820251,0.109517450269245,39.7791071324
9.87837301587301,0.72084780815746,0.867829437214305,0.109465073072371,39.7795273063881
9.87847222222222,0.720789658942387,0.867770105097481,0.10941272085725,39.7799474423332
9.87857142857143,0.720731515051516,0.867710773471621,0.109360393612508,39.7803675402405
9.87867063492063,0.720673376484085,0.867651442338565,0.109308091326774,39.7807876001154
9.87876984126984,0.720615243239326,0.867592111700152,0.10925581398868,39.7812076219632
9.87886904761905,0.720557115316478,0.867532781558222,0.109203561586864,39.781627605789
9.87896825396825,0.720498992714775,0.867473451914613,0.109151334109965,39.7820475515981
9.87906746031746,0.720440875433453,0.867414122771163,0.109099131546628,39.7824674593959
9.87916666666667,0.720382763471748,0.867354794129709,0.109046953885499,39.7828873291875
9.87926587301587,0.720324656828897,0.867295465992087,0.108994801115231,39.7833071609783
9.87936507936508,0.720266555504136,0.867236138360132,0.108942673224477,39.7837269547735
9.87946428571429,0.720208459496701,0.867176811235679,0.108890570201897,39.7841467105785
9.87956349206349,0.72015036880583,0.867117484620562,0.108838492036153,39.7845664283983
9.8796626984127,0.720092283430759,0.867058158516615,0.108786438715911,39.7849861082383
9.8797619047619,0.720034203370726,0.86699883292567,0.10873441022984,39.7854057501039
9.87986111111111,0.719976128624967,0.86693950784956,0.108682406566614,39.7858253540001
9.87996031746032,0.719918059192721,0.866880183290115,0.108630427714909,39.7862449199323
9.88005952380952,0.719859995073225,0.866820859249166,0.108578473663407,39.7866644479058
9.88015873015873,0.719801936265717,0.866761535728543,0.108526544400792,39.7870839379258
9.88025793650794,0.719743882769433,0.866702212730074,0.10847463991575,39.7875033899975
9.88035714285714,0.719685834583615,0.86664289025559,0.108422760196976,39.7879228041262
9.88045634920635,0.719627791707499,0.866583568306917,0.108370905233164,39.7883421803172
9.88055555555556,0.719569754140325,0.866524246885881,0.108319075013014,39.7887615185757
9.88065476190476,0.71951172188133,0.866464925994311,0.108267269525227,39.789180818907
9.88075396825397,0.719453694929754,0.86640560563403,0.10821548875851,39.7896000813162
9.88085317460317,0.719395673284835,0.866346285806865,0.108163732701574,39.7900193058088
9.88095238095238,0.719337656945814,0.866286966514638,0.108112001343132,39.7904384923898
9.88105158730159,0.719279645911929,0.866227647759175,0.108060294671902,39.7908576410646
9.88115079365079,0.71922164018242,0.866168329542296,0.108008612676605,39.7912767518384
9.88125,0.719163639756527,0.866109011865825,0.107956955345967,39.7916958247165
9.88134920634921,0.71910564463349,0.866049694731583,0.107905322668714,39.792114859704
9.88144841269841,0.719047654812549,0.865990378141391,0.107853714633581,39.7925338568063
9.88154761904762,0.718989670292945,0.865931062097067,0.107802131229302,39.7929528160285
9.88164682539682,0.718931691073917,0.865871746600433,0.107750572444618,39.793371737376
9.88174603174603,0.718873717154706,0.865812431653304,0.107699038268271,39.7937906208539
9.88184523809524,0.718815748534554,0.865753117257502,0.107647528689009,39.7942094664675
9.88194444444444,0.718757785212702,0.865693803414841,0.107596043695583,39.794628274222
9.88204365079365,0.71869982718839,0.865634490127139,0.107544583276746,39.7950470441227
9.88214285714286,0.71864187446086,0.865575177396211,0.107493147421257,39.7954657761748
9.88224206349206,0.718583927029354,0.865515865223872,0.107441736117878,39.7958844703835
9.88234126984127,0.718525984893113,0.865456553611936,0.107390349355373,39.7963031267541
9.88244047619048,0.718468048051379,0.865397242562217,0.107338987122513,39.7967217452918
9.88253968253968,0.718410116503394,0.865337932076528,0.10728764940807,39.7971403260018
9.88263888888889,0.718352190248401,0.865278622156681,0.107236336200819,39.7975588688893
9.88273809523809,0.718294269285642,0.865219312804487,0.107185047489542,39.7979773739597
9.8828373015873,0.718236353614359,0.865160004021757,0.107133783263023,39.798395841218
9.88293650793651,0.718178443233796,0.865100695810302,0.107082543510048,39.7988142706696
9.88303571428571,0.718120538143195,0.865041388171929,0.107031328219409,39.7992326623196
9.88313492063492,0.7180626383418,0.864982081108449,0.106980137379902,39.7996510161734
9.88323412698413,0.718004743828853,0.864922774621668,0.106928970980322,39.800069332236
9.88333333333333,0.717946854603598,0.864863468713395,0.106877829009476,39.8004876105128
9.88343253968254,0.71788897066528,0.864804163385435,0.106826711456166,39.8009058510089
9.88353174603175,0.717831092013141,0.864744858639595,0.106775618309205,39.8013240537296
9.88363095238095,0.717773218646427,0.864685554477679,0.106724549557403,39.80174221868
9.88373015873016,0.71771535056438,0.864626250901492,0.10667350518958,39.8021603458655
9.88382936507936,0.717657487766246,0.864566947912838,0.106622485194554,39.8025784352912
9.88392857142857,0.717599630251268,0.864507645513518,0.106571489561151,39.8029964869623
9.88402777777778,0.717541778018693,0.864448343705337,0.106520518278199,39.8034145008841
9.88412698412698,0.717483931067764,0.864389042490094,0.106469571334529,39.8038324770617
9.88422619047619,0.717426089397726,0.864329741869592,0.106418648718976,39.8042504155005
9.8843253968254,0.717368253007826,0.86427044184563,0.106367750420381,39.8046683162055
9.8844246031746,0.717310421897308,0.864211142420007,0.106316876427585,39.805086179182
9.88452380952381,0.717252596065418,0.864151843594522,0.106266026729435,39.8055040044352
9.88462301587301,0.717194775511401,0.864092545370973,0.106215201314781,39.8059217919703
9.88472222222222,0.717136960234504,0.864033247751157,0.106164400172477,39.8063395417926
9.88482142857143,0.717079150233973,0.863973950736872,0.106113623291381,39.8067572539071
9.88492063492064,0.717021345509054,0.863914654329913,0.106062870660354,39.8071749283192
9.88501984126984,0.716963546058994,0.863855358532075,0.10601214226826,39.807592565034
9.88511904761905,0.716905751883039,0.863796063345152,0.105961438103968,39.8080101640568
9.88521825396825,0.716847962980437,0.863736768770939,0.105910758156351,39.8084277253927
9.88531746031746,0.716790179350434,0.863677474811228,0.105860102414284,39.8088452490469
9.88541666666667,0.716732400992277,0.863618181467811,0.105809470866648,39.8092627350247
9.88551587301587,0.716674627905213,0.863558888742481,0.105758863502324,39.8096801833312
9.88561507936508,0.716616860088491,0.863499596637027,0.1057082803102,39.8100975939716
9.88571428571429,0.716559097541359,0.863440305153242,0.105657721279168,39.8105149669512
9.88581349206349,0.716501340263063,0.863381014292912,0.105607186398121,39.810932302275
9.8859126984127,0.716443588252852,0.863321724057829,0.105556675655957,39.8113495999484
9.8860119047619,0.716385841509974,0.863262434449779,0.105506189041577,39.8117668599765
9.88611111111111,0.716328100033678,0.863203145470551,0.105455726543889,39.8121840823645
9.88621031746032,0.716270363823211,0.863143857121929,0.105405288151799,39.8126012671176
9.88630952380952,0.716212632877825,0.863084569405701,0.105354873854222,39.8130184142409
9.88640873015873,0.716154907196766,0.863025282323653,0.105304483640073,39.8134355237397
9.88650793650794,0.716097186779285,0.862965995877568,0.105254117498274,39.8138525956192
9.88660714285714,0.71603947162463,0.86290671006923,0.105203775417747,39.8142696298845
9.88670634920635,0.715981761732051,0.862847424900423,0.10515345738742,39.8146866265408
9.88680555555556,0.715924057100797,0.862788140372929,0.105103163396224,39.8151035855934
9.88690476190476,0.715866357730119,0.862728856488529,0.105052893433095,39.8155205070473
9.88700396825397,0.715808663619267,0.862669573249005,0.105002647486971,39.8159373909078
9.88710317460317,0.71575097476749,0.862610290656136,0.104952425546793,39.81635423718
9.88720238095238,0.715693291174039,0.862551008711703,0.104902227601508,39.8167710458692
9.88730158730159,0.715635612838165,0.862491727417484,0.104852053640066,39.8171878169805
9.88740079365079,0.715577939759118,0.862432446775258,0.104801903651419,39.8176045505191
9.8875,0.715520271936149,0.862373166786802,0.104751777624525,39.8180212464901
9.88759920634921,0.715462609368509,0.862313887453892,0.104701675548345,39.8184379048988
9.88769841269841,0.71540495205545,0.862254608778304,0.104651597411842,39.8188545257503
9.88779761904762,0.715347299996223,0.862195330761815,0.104601543203985,39.8192711090497
9.88789682539683,0.715289653190079,0.862136053406199,0.104551512913745,39.8196876548024
9.88799603174603,0.715232011636271,0.86207677671323,0.104501506530099,39.8201041630133
9.88809523809524,0.71517437533405,0.86201750068468,0.104451524042024,39.8205206336878
9.88819444444444,0.715116744282669,0.861958225322322,0.104401565438504,39.8209370668309
9.88829365079365,0.715059118481379,0.861898950627929,0.104351630708525,39.8213534624478
9.88839285714286,0.715001497929433,0.861839676603271,0.104301719841077,39.8217698205438
9.88849206349206,0.714943882626085,0.861780403250119,0.104251832825155,39.8221861411239
9.88859126984127,0.714886272570585,0.861721130570241,0.104201969649755,39.8226024241933
9.88869047619048,0.714828667762189,0.861661858565409,0.104152130303879,39.8230186697573
9.88878968253968,0.714771068200149,0.861602587237388,0.104102314776531,39.8234348778209
9.88888888888889,0.714713473883717,0.861543316587948,0.10405252305672,39.8238510483893
9.88898809523809,0.714655884812149,0.861484046618854,0.104002755133459,39.8242671814677
9.8890873015873,0.714598300984697,0.861424777331874,0.103953010995763,39.8246832770612
9.88918650793651,0.714540722400615,0.861365508728771,0.103903290632651,39.825099335175
9.88928571428571,0.714483149059157,0.861306240811312,0.103853594033148,39.8255153558143
9.88938492063492,0.714425580959579,0.861246973581261,0.10380392118628,39.8259313389841
9.88948412698413,0.714368018101134,0.86118770704038,0.103754272081078,39.8263472846898
9.88958333333333,0.714310460483076,0.861128441190432,0.103704646706576,39.8267631929363
9.88968253968254,0.714252908104661,0.861069176033179,0.103655045051812,39.8271790637289
9.88978174603175,0.714195360965143,0.861009911570382,0.103605467105828,39.8275948970728
9.88988095238095,0.714137819063778,0.860950647803802,0.103555912857669,39.8280106929729
9.88998015873016,0.714080282399821,0.860891384735198,0.103506382296384,39.8284264514347
9.89007936507936,0.714022750972527,0.86083212236633,0.103456875411027,39.828842172463
9.89017857142857,0.713965224781153,0.860772860698955,0.103407392190652,39.8292578560632
9.89027777777778,0.713907703824953,0.860713599734832,0.103357932624322,39.8296735022404
9.89037698412698,0.713850188103184,0.860654339475717,0.103308496701098,39.8300891109996
9.89047619047619,0.713792677615101,0.860595079923367,0.103259084410049,39.8305046823461
9.8905753968254,0.713735172359963,0.860535821079537,0.103209695740247,39.830920216285
9.8906746031746,0.713677672337023,0.860476562945982,0.103160330680764,39.8313357128214
9.89077380952381,0.713620177545541,0.860417305524456,0.103110989220682,39.8317511719605
9.89087301587302,0.713562687984772,0.860358048816712,0.103061671349081,39.8321665937074
9.89097222222222,0.713505203653974,0.860298792824504,0.103012377055048,39.8325819780672
9.89107142857143,0.713447724552404,0.860239537549582,0.102963106327671,39.8329973250452
9.89117063492064,0.713390250679319,0.8601802829937,0.102913859156045,39.8334126346463
9.89126984126984,0.713332782033977,0.860121029158606,0.102864635529267,39.8338279068758
9.89136904761905,0.713275318615636,0.86006177604605,0.102815435436436,39.8342431417388
9.89146825396825,0.713217860423553,0.860002523657783,0.102766258866658,39.8346583392405
9.89156746031746,0.713160407456986,0.859943271995552,0.102717105809039,39.8350734993858
9.89166666666667,0.713102959715195,0.859884021061105,0.102667976252693,39.8354886221801
9.89176587301587,0.713045517197437,0.85982477085619,0.102618870186734,39.8359037076284
9.89186507936508,0.712988079902971,0.859765521382552,0.102569787600282,39.8363187557358
9.89196428571429,0.712930647831056,0.859706272641936,0.102520728482459,39.8367337665075
9.89206349206349,0.712873220980952,0.859647024636089,0.102471692822391,39.8371487399486
9.8921626984127,0.712815799351915,0.859587777366753,0.102422680609208,39.8375636760643
9.89226190476191,0.712758382943207,0.859528530835674,0.102373691832045,39.8379785748595
9.89236111111111,0.712700971754088,0.859469285044593,0.10232472648004,39.8383934363396
9.89246031746032,0.712643565783816,0.859410039995252,0.102275784542332,39.8388082605095
9.89255952380952,0.712586165031652,0.859350795689394,0.102226866008067,39.8392230473745
9.89265873015873,0.712528769496856,0.859291552128757,0.102177970866394,39.8396377969396
9.89275793650794,0.712471379178687,0.859232309315084,0.102129099106465,39.8400525092099
9.89285714285714,0.712413994076407,0.859173067250112,0.102080250717435,39.8404671841907
9.89295634920635,0.712356614189276,0.85911382593558,0.102031425688464,39.8408818218869
9.89305555555556,0.712299239516554,0.859054585373226,0.101982624008715,39.8412964223037
9.89315476190476,0.712241870057503,0.858995345564787,0.101933845667356,39.8417109854462
9.89325396825397,0.712184505811383,0.858936106512,0.101885090653557,39.8421255113196
9.89335317460317,0.712127146777457,0.8588768682166,0.101836358956492,39.8425399999289
9.89345238095238,0.712069792954985,0.858817630680322,0.10178765056534,39.8429544512792
9.89355158730159,0.712012444343229,0.858758393904901,0.101738965469281,39.8433688653758
9.89365079365079,0.711955100941451,0.858699157892069,0.101690303657501,39.8437832422236
9.89375,0.711897762748913,0.858639922643561,0.101641665119191,39.8441975818278
9.89384920634921,0.711840429764877,0.858580688161108,0.101593049843541,39.8446118841934
9.89394841269841,0.711783101988606,0.858521454446441,0.101544457819749,39.8450261493257
9.89404761904762,0.711725779419361,0.858462221501292,0.101495889037014,39.8454403772297
9.89414682539683,0.711668462056406,0.85840298932739,0.101447343484541,39.8458545679105
9.89424603174603,0.711611149899004,0.858343757926465,0.101398821151537,39.8462687213731
9.89434523809524,0.711553842946418,0.858284527300245,0.101350322027213,39.8466828376228
9.89444444444444,0.71149654119791,0.858225297450459,0.101301846100784,39.8470969166646
9.89454365079365,0.711439244652745,0.858166068378832,0.101253393361468,39.8475109585036
9.89464285714286,0.711381953310185,0.858106840087093,0.101204963798487,39.847924963145
9.89474206349206,0.711324667169496,0.858047612576966,0.101156557401068,39.8483389305937
9.89484126984127,0.711267386229939,0.857988385850177,0.101108174158441,39.8487528608549
9.89494047619048,0.711210110490781,0.85792915990845,0.101059814059837,39.8491667539337
9.89503968253968,0.711152839951284,0.857869934753509,0.101011477094495,39.8495806098352
9.89513888888889,0.711095574610713,0.857810710387076,0.100963163251654,39.8499944285645
9.8952380952381,0.711038314468334,0.857751486810875,0.10091487252056,39.8504082101267
9.8953373015873,0.710981059523411,0.857692264026627,0.10086660489046,39.8508219545268
9.89543650793651,0.710923809775208,0.857633042036051,0.100818360350606,39.85123566177
9.89553571428571,0.710866565222992,0.85757382084087,0.100770138890253,39.8516493318613
9.89563492063492,0.710809325866027,0.857514600442801,0.10072194049866,39.8520629648059
9.89573412698413,0.710752091703579,0.857455380843564,0.10067376516509,39.8524765606087
9.89583333333333,0.710694862734914,0.857396162044876,0.100625612878809,39.852890119275
9.89593253968254,0.710637638959297,0.857336944048456,0.100577483629088,39.8533036408098
9.89603174603175,0.710580420375995,0.857277726856018,0.100529377405201,39.8537171252181
9.89613095238095,0.710523206984273,0.857218510469281,0.100481294196423,39.8541305725051
9.89623015873016,0.710465998783399,0.857159294889958,0.100433233992038,39.8545439826758
9.89632936507936,0.710408795772638,0.857100080119764,0.10038519678133,39.8549573557353
9.89642857142857,0.710351597951258,0.857040866160412,0.100337182553586,39.8553706916887
9.89652777777778,0.710294405318526,0.856981653013617,0.1002891912981,39.8557839905411
9.89662698412699,0.710237217873707,0.856922440681089,0.100241223004166,39.8561972522975
9.89672619047619,0.710180035616071,0.856863229164541,0.100193277661086,39.8566104769631
9.8968253968254,0.710122858544884,0.856804018465685,0.100145355258162,39.8570236645428
9.8969246031746,0.710065686659414,0.856744808586229,0.100097455784701,39.8574368150418
9.89702380952381,0.710008519958929,0.856685599527884,0.100049579230014,39.8578499284652
9.89712301587302,0.709951358442697,0.856626391292357,0.100001725583414,39.8582630048179
9.89722222222222,0.709894202109985,0.856567183881359,0.0999538948342205,39.8586760441052
9.89732142857143,0.709837050960063,0.856507977296595,0.0999060869717543,39.859089046332
9.89742063492064,0.709779904992199,0.856448771539772,0.099858301985341,39.8595020115034
9.89751984126984,0.709722764205661,0.856389566612597,0.0998105398643096,39.8599149396245
9.89761904761905,0.709665628599718,0.856330362516774,0.0997628005979928,39.8603278307003
9.89771825396825,0.70960849817364,0.856271159254009,0.099715084175727,39.860740684736
9.89781746031746,0.709551372926696,0.856211956826004,0.0996673905868524,39.8611535017366
9.89791666666667,0.709494252858154,0.856152755234464,0.0996197198207126,39.8615662817071
9.89801587301587,0.709437137967285,0.856093554481091,0.0995720718666551,39.8619790246526
9.89811507936508,0.709380028253358,0.856034354567584,0.0995244467140305,39.8623917305781
9.89821428571429,0.709322923715644,0.855975155495649,0.0994768443521948,39.8628043994888
9.89831349206349,0.709265824353412,0.855915957266982,0.0994292647705058,39.8632170313897
9.8984126984127,0.709208730165933,0.855856759883285,0.0993817079583259,39.8636296262858
9.89851190476191,0.709151641152477,0.855797563346256,0.0993341739050207,39.8640421841822
9.89861111111111,0.709094557312315,0.855738367657593,0.09928666259996,39.864454705084
9.89871031746032,0.709037478644717,0.855679172818995,0.0992391740325169,39.8648671889961
9.89880952380952,0.708980405148955,0.855619978832156,0.0991917081920683,39.8652796359238
9.89890873015873,0.7089233368243,0.855560785698775,0.0991442650679949,39.8656920458719
9.89900793650794,0.708866273670022,0.855501593420545,0.0990968446496809,39.8661044188456
9.89910714285714,0.708809215685395,0.855442401999162,0.0990494469265143,39.8665167548499
9.89920634920635,0.708752162869688,0.855383211436319,0.0990020718878868,39.8669290538898
9.89930555555556,0.708695115222175,0.85532402173371,0.0989547195231937,39.8673413159705
9.89940476190476,0.708638072742127,0.855264832893028,0.0989073898218341,39.8677535410969
9.89950396825397,0.708581035428816,0.855205644915963,0.0988600827732106,39.8681657292741
9.89960317460318,0.708524003281515,0.855146457804207,0.0988127983667289,39.8685778805072
9.89970238095238,0.708466976299496,0.855087271559451,0.0987655365918006,39.8689899948011
9.89980158730159,0.708409954482033,0.855028086183385,0.0987182974378386,39.869402072161
9.89990079365079,0.708352937828397,0.854968901677697,0.0986710808942603,39.8698141125918
9.9,0.708295926337863,0.854909718044075,0.0986238869504871,39.8702261160986
9.90009920634921,0.708238920009703,0.854850535284208,0.0985767155959435,39.8706380826865
9.90019841269841,0.708181918843192,0.854791353399781,0.0985295668200582,39.8710500123605
9.90029761904762,0.708124922837601,0.854732172392481,0.0984824406122634,39.8714619051256
9.90039682539683,0.708067931992206,0.854672992263995,0.0984353369619948,39.8718737609868
9.90049603174603,0.70801094630628,0.854613813016005,0.098388255858692,39.8722855799493
9.90059523809524,0.707953965779098,0.854554634650196,0.0983411972917983,39.8726973620179
9.90069444444444,0.707896990409934,0.854495457168253,0.0982941612507605,39.8731091071978
9.90079365079365,0.707840020198062,0.854436280571856,0.0982471477250293,39.873520815494
9.90089285714286,0.707783055142757,0.854377104862689,0.0982001567040589,39.8739324869115
9.90099206349206,0.707726095243293,0.854317930042432,0.0981531881773074,39.8743441214554
9.90109126984127,0.707669140498946,0.854258756112765,0.0981062421342356,39.8747557191307
9.90119047619048,0.707612190908992,0.854199583075369,0.0980593185643103,39.8751672799423
9.90128968253968,0.707555246472705,0.854140410931923,0.0980124174569997,39.8755788038954
9.90138888888889,0.707498307189361,0.854081239684105,0.0979655388017767,39.8759902909949
9.9014880952381,0.707441373058237,0.854022069333593,0.0979186825881176,39.8764017412459
9.9015873015873,0.707384444078606,0.853962899882063,0.0978718488055024,39.8768131546533
9.90168650793651,0.707327520249747,0.853903731331192,0.0978250374434149,39.8772245312223
9.90178571428571,0.707270601570935,0.853844563682656,0.0977782484913425,39.8776358709579
9.90188492063492,0.707213688041446,0.853785396938129,0.0977314819387763,39.878047173865
9.90198412698413,0.707156779660558,0.853726231099285,0.0976847377752113,39.8784584399487
9.90208333333333,0.707099876427547,0.853667066167798,0.0976380159901457,39.8788696692139
9.90218253968254,0.707042978341689,0.85360790214534,0.0975913165730819,39.8792808616658
9.90228174603175,0.706986085402263,0.853548739033584,0.0975446395135256,39.8796920173093
9.90238095238095,0.706929197608545,0.8534895768342,0.0974979848009865,39.8801031361495
9.90248015873016,0.706872314959813,0.85343041554886,0.0974513524249776,39.8805142181913
9.90257936507937,0.706815437455344,0.853371255179232,0.0974047423750153,39.8809252634397
9.90267857142857,0.706758565094417,0.853312095726987,0.0973581546406215,39.8813362718999
9.90277777777778,0.70670169787631,0.853252937193793,0.0973115892113197,39.8817472435767
9.90287698412699,0.706644835800301,0.853193779581317,0.097265046076638,39.8821581784752
9.90297619047619,0.706587978865668,0.853134622891228,0.097218525226108,39.8825690766004
9.9030753968254,0.706531127071689,0.853075467125189,0.097172026649265,39.8829799379573
9.9031746031746,0.706474280417644,0.853016312284869,0.0971255503356479,39.8833907625509
9.90327380952381,0.706417438902811,0.852957158371931,0.0970790962747996,39.8838015503863
9.90337301587302,0.70636060252647,0.852898005388039,0.0970326644562663,39.8842123014683
9.90347222222222,0.706303771287899,0.852838853334858,0.0969862548695982,39.8846230158021
9.90357142857143,0.706246945186379,0.852779702214049,0.096939867504349,39.8850336933926
9.90367063492064,0.706190124221188,0.852720552027276,0.096893502350076,39.8854443342448
9.90376984126984,0.706133308391607,0.852661402776198,0.0968471593963405,39.8858549383638
9.90386904761905,0.706076497696916,0.852602254462478,0.0968008386327071,39.8862655057544
9.90396825396825,0.706019692136394,0.852543107087775,0.0967545400487445,39.8866760364218
9.90406746031746,0.705962891709322,0.852483960653747,0.096708263634024,39.8870865303709
9.90416666666667,0.705906096414981,0.852424815162055,0.0966620093781228,39.8874969876066
9.90426587301587,0.705849306252651,0.852365670614356,0.0966157772706199,39.8879074081341
9.90436507936508,0.705792521221613,0.852306527012306,0.0965695673010984,39.8883177919583
9.90446428571429,0.705735741321149,0.852247384357562,0.0965233794591452,39.8887281390841
9.90456349206349,0.705678966550538,0.85218824265178,0.0964772137343509,39.8891384495166
9.9046626984127,0.705622196909064,0.852129101896616,0.0964310701163098,39.8895487232608
9.90476190476191,0.705565432396006,0.852069962093722,0.0963849485946198,39.8899589603216
9.90486111111111,0.705508673010648,0.852010823244753,0.0963388491588826,39.890369160704
9.90496031746032,0.705451918752271,0.851951685351362,0.0962927717987034,39.8907793244131
9.90505952380952,0.705395169620156,0.8518925484152,0.0962467165036912,39.8911894514538
9.90515873015873,0.705338425613587,0.85183341243792,0.0962006832634588,39.891599541831
9.90525793650794,0.705281686731846,0.851774277421172,0.0961546720676225,39.8920095955499
9.90535714285714,0.705224952974215,0.851715143366605,0.0961086829058024,39.8924196126152
9.90545634920635,0.705168224339977,0.851656010275871,0.0960627157676221,39.8928295930321
9.90555555555556,0.705111500828414,0.851596878150615,0.0960167706427085,39.8932395368056
9.90565476190476,0.705054782438812,0.851537746992489,0.095970847520694,39.8936494439405
9.90575396825397,0.704998069170452,0.851478616803137,0.0959249463912127,39.8940593144418
9.90585317460318,0.704941361022618,0.851419487584207,0.095879067243903,39.8944691483147
9.90595238095238,0.704884657994594,0.851360359337345,0.0958332100684071,39.8948789455639
9.90605158730159,0.704827960085663,0.851301232064196,0.0957873748543709,39.8952887061945
9.90615079365079,0.70477126729511,0.851242105766403,0.0957415615914439,39.8956984302115
9.90625,0.704714579622219,0.851182980445611,0.0956957702692792,39.8961081176198
9.90634920634921,0.704657897066274,0.851123856103462,0.0956500008775338,39.8965177684244
9.90644841269841,0.70460121962656,0.8510647327416,0.0956042534058682,39.8969273826303
9.90654761904762,0.704544547302362,0.851005610361665,0.0955585278439468,39.8973369602425
9.90664682539682,0.704487880092963,0.850946488965298,0.0955128241814373,39.8977465012658
9.90674603174603,0.704431217997651,0.85088736855414,0.0954671424080115,39.8981560057054
9.90684523809524,0.704374561015709,0.850828249129829,0.0954214825133447,39.898565473566
9.90694444444444,0.704317909146423,0.850769130694005,0.0953758444871158,39.8989749048528
9.90704365079365,0.704261262389078,0.850710013248305,0.0953302283190069,39.8993842995707
9.90714285714286,0.704204620742962,0.850650896794368,0.0952846339987056,39.8997936577246
9.90724206349206,0.704147984207359,0.850591781333829,0.0952390615159014,39.9002029793194
9.90734126984127,0.704091352781556,0.850532666868325,0.0951935108602879,39.9006122643602
9.90744047619048,0.704034726464839,0.85047355339949,0.0951479820215625,39.901021512852
9.90753968253968,0.703978105256494,0.850414440928959,0.0951024749894264,39.9014307247996
9.90763888888889,0.703921489155809,0.850355329458366,0.0950569897535844,39.901839900208
9.90773809523809,0.70386487816207,0.850296218989344,0.0950115263037448,39.9022490390822
9.9078373015873,0.703808272274563,0.850237109523525,0.0949660846296199,39.9026581414271
9.90793650793651,0.703751671492577,0.850178001062541,0.0949206647209254,39.9030672072478
9.90803571428571,0.703695075815399,0.850118893608023,0.0948752665673809,39.903476236549
9.90813492063492,0.703638485242316,0.850059787161601,0.0948298901587096,39.9038852293359
9.90823412698413,0.703581899772616,0.850000681724904,0.0947845354846383,39.9042941856133
9.90833333333333,0.703525319405586,0.849941577299562,0.0947392025348976,39.9047031053862
9.90843253968254,0.703468744140516,0.849882473887203,0.0946938912992218,39.9051119886595
9.90853174603175,0.703412173976692,0.849823371489452,0.0946486017673482,39.9055208354382
9.90863095238095,0.703355608913404,0.849764270107939,0.0946033339290195,39.9059296457272
9.90873015873016,0.703299048949941,0.849705169744288,0.0945580877739806,39.9063384195315
9.90882936507936,0.70324249408559,0.849646070400125,0.0945128632919804,39.906747156856
9.90892857142857,0.703185944319641,0.849586972077075,0.0944676604727715,39.9071558577057
9.90902777777778,0.703129399651384,0.849527874776761,0.0944224793061103,39.9075645220855
9.90912698412698,0.703072860080107,0.849468778500806,0.0943773197817569,39.9079731500003
9.90922619047619,0.7030163256051,0.849409683250833,0.0943321818894749,39.9083817414552
9.9093253968254,0.702959796225652,0.849350589028464,0.0942870656190317,39.9087902964549
9.9094246031746,0.702903271941054,0.849291495835319,0.0942419709601985,39.9091988150045
9.90952380952381,0.702846752750595,0.849232403673019,0.09419689790275,39.9096072971088
9.90962301587301,0.702790238653566,0.849173312543184,0.0941518464364647,39.9100157427729
9.90972222222222,0.702733729649257,0.849114222447432,0.0941068165511246,39.9104241520017
9.90982142857143,0.702677225736958,0.849055133387382,0.0940618082365157,39.9108325248001
9.90992063492063,0.702620726915961,0.848996045364651,0.0940168214824274,39.9112408611729
9.91001984126984,0.702564233185555,0.848936958380855,0.0939718562786523,39.9116491611253
9.91011904761905,0.702507744545033,0.848877872437612,0.0939269126149884,39.912057424662
9.91021825396825,0.702451260993686,0.848818787536536,0.0938819904812358,39.912465651788
9.91031746031746,0.702394782530805,0.848759703679242,0.0938370898671987,39.9128738425083
9.91041666666667,0.702338309155681,0.848700620867344,0.0937922107626849,39.9132819968277
9.91051587301587,0.702281840867606,0.848641539102456,0.0937473531575062,39.9136901147513
9.91061507936508,0.702225377665873,0.848582458386189,0.0937025170414778,39.9140981962838
9.91071428571429,0.702168919549773,0.848523378720155,0.0936577024044185,39.9145062414303
9.91081349206349,0.702112466518599,0.848464300105967,0.0936129092361513,39.9149142501956
9.9109126984127,0.702056018571643,0.848405222545233,0.0935681375265023,39.9153222225848
9.9110119047619,0.701999575708198,0.848346146039564,0.0935233872653015,39.9157301586026
9.91111111111111,0.701943137927557,0.848287070590569,0.0934786584423828,39.916138058254
9.91121031746032,0.701886705229012,0.848227996199856,0.0934339510475835,39.916545921544
9.91130952380952,0.701830277611857,0.848168922869032,0.0933892650707446,39.9169537484775
9.91140873015873,0.701773855075386,0.848109850599705,0.093344600501711,39.9173615390593
9.91150793650794,0.701717437618891,0.84805077939348,0.0932999573303303,39.9177692932944
9.91160714285714,0.701661025241667,0.847991709251964,0.0932553355464562,39.9181770111876
9.91170634920635,0.701604617943007,0.84793264017676,0.0932107351399436,39.918584692744
9.91180555555556,0.701548215722206,0.847873572169474,0.0931661561006521,39.9189923379684
9.91190476190476,0.701491818578558,0.847814505231707,0.0931215984184449,39.9193999468658
9.91200396825397,0.701435426511357,0.847755439365064,0.0930770620831889,39.919807519441
9.91210317460317,0.701379039519898,0.847696374571145,0.0930325470847545,39.9202150556989
9.91220238095238,0.701322657603475,0.847637310851552,0.0929880534130161,39.9206225556445
9.91230158730159,0.701266280761384,0.847578248207886,0.0929435810578515,39.9210300192826
9.91240079365079,0.701209908992919,0.847519186641746,0.0928991300091423,39.9214374466182
9.9125,0.701153542297377,0.847460126154732,0.0928547002567739,39.9218448376561
9.91259920634921,0.701097180674052,0.847401066748441,0.0928102917906351,39.9222521924014
9.91269841269841,0.70104082412224,0.847342008424471,0.0927659046006187,39.9226595108588
9.91279761904762,0.700984472641237,0.84728295118442,0.0927215386766209,39.9230667930333
9.91289682539682,0.700928126230339,0.847223895029883,0.0926771940085418,39.9234740389297
9.91299603174603,0.700871784888841,0.847164839962456,0.0926328705862845,39.923881248553
9.91309523809524,0.700815448616042,0.847105785983735,0.0925885683997576,39.9242884219081
9.91319444444444,0.700759117411237,0.847046733095312,0.0925442874388715,39.9246955589998
9.91329365079365,0.700702791273722,0.846987681298782,0.092500027693541,39.9251026598331
9.91339285714286,0.700646470202796,0.846928630595738,0.0924557891536845,39.9255097244128
9.91349206349206,0.700590154197754,0.84686958098777,0.0924115718092241,39.9259167527439
9.91359126984127,0.700533843257893,0.846810532476472,0.0923673756500857,39.9263237448312
9.91369047619048,0.700477537382513,0.846751485063432,0.0923232006661987,39.9267307006796
9.91378968253968,0.700421236570909,0.846692438750241,0.0922790468474964,39.9271376202941
9.91388888888889,0.70036494082238,0.846633393538489,0.0922349141839154,39.9275445036794
9.91398809523809,0.700308650136224,0.846574349429763,0.0921908026653965,39.9279513508406
9.9140873015873,0.700252364511738,0.846515306425651,0.0921467122818838,39.9283581617824
9.91418650793651,0.700196083948222,0.846456264527741,0.0921026430233252,39.9287649365097
9.91428571428571,0.700139808444974,0.846397223737619,0.0920585948796724,39.9291716750275
9.91438492063492,0.700083538001291,0.846338184056871,0.0920145678408805,39.9295783773407
9.91448412698413,0.700027272616473,0.846279145487079,0.0919705618969079,39.929985043454
9.91458333333333,0.69997101228982,0.846220108029831,0.0919265770377186,39.9303916733725
9.91468253968254,0.69991475702063,0.84616107168671,0.0918826132532781,39.9307982671009
9.91478174603175,0.699858506808203,0.846102036459297,0.0918386705335566,39.9312048246441
9.91488095238095,0.699802261651838,0.846043002349175,0.0917947488685277,39.9316113460071
9.91498015873016,0.699746021550836,0.845983969357926,0.0917508482481688,39.9320178311946
9.91507936507936,0.699689786504494,0.845924937487129,0.0917069686624609,39.9324242802117
9.91517857142857,0.699633556512115,0.845865906738366,0.0916631101013888,39.9328306930631
9.91527777777778,0.699577331572998,0.845806877113215,0.0916192725549409,39.9332370697537
9.91537698412698,0.699521111686443,0.845747848613255,0.0915754560131094,39.9336434102884
9.91547619047619,0.699464896851752,0.845688821240063,0.09153166046589,39.9340497146721
9.9155753968254,0.699408687068224,0.845629794995218,0.0914878859032821,39.9344559829096
9.9156746031746,0.699352482335161,0.845570769880294,0.0914441323152891,39.9348622150058
9.91577380952381,0.699296282651864,0.845511745896869,0.0914003996919176,39.9352684109656
9.91587301587301,0.699240088017635,0.845452723046516,0.0913566880231783,39.9356745707939
9.91597222222222,0.699183898431773,0.84539370133081,0.0913129972990848,39.9360806944954
9.91607142857143,0.699127713893583,0.845334680751326,0.0912693275096561,39.9364867820751
9.91617063492064,0.699071534402365,0.845275661309636,0.0912256786449132,39.9368928335379
9.91626984126984,0.69901535995742,0.845216643007311,0.0911820506948815,39.9372988488885
9.91636904761905,0.698959190558053,0.845157625845924,0.0911384436495898,39.9377048281319
9.91646825396825,0.698903026203564,0.845098609827046,0.0910948574990707,39.9381107712729
9.91656746031746,0.698846866893256,0.845039594952245,0.0910512922333607,39.9385166783164
9.91666666666667,0.698790712626433,0.844980581223093,0.0910077478424996,39.9389225492672
9.91676587301587,0.698734563402396,0.844921568641156,0.0909642243165313,39.9393283841302
9.91686507936508,0.698678419220449,0.844862557208004,0.090920721645503,39.9397341829103
9.91696428571429,0.698622280079896,0.844803546925203,0.0908772398194658,39.9401399456122
9.91706349206349,0.698566145980039,0.844744537794321,0.0908337788284744,39.9405456722409
9.9171626984127,0.698510016920182,0.844685529816922,0.0907903386625873,39.9409513628012
9.9172619047619,0.698453892899629,0.844626522994572,0.0907469193118665,39.941357017298
9.91736111111111,0.698397773917684,0.844567517328835,0.0907035207663779,39.9417626357361
9.91746031746032,0.69834165997365,0.844508512821274,0.0906601430161903,39.9421682181203
9.91755952380952,0.698285551066834,0.844449509473455,0.0906167860513781,39.9425737644556
9.91765873015873,0.698229447196538,0.844390507286937,0.0905734498620175,39.9429792747467
9.91775793650794,0.698173348362067,0.844331506263284,0.090530134438189,39.9433847489985
9.91785714285714,0.698117254562727,0.844272506404055,0.0904868397699768,39.9437901872158
9.91795634920635,0.698061165797822,0.844213507710811,0.0904435658474689,39.9441955894036
9.91805555555556,0.698005082066657,0.844154510185111,0.0904003126607567,39.9446009555665
9.91815476190476,0.697949003368538,0.844095513828514,0.0903570801999356,39.9450062857096
9.91825396825397,0.697892929702771,0.844036518642579,0.0903138684551045,39.9454115798375
9.91835317460317,0.69783686106866,0.843977524628861,0.0902706774163661,39.9458168379552
9.91845238095238,0.697780797465513,0.843918531788919,0.0902275070738265,39.9462220600675
9.91855158730159,0.697724738892634,0.843859540124308,0.0901843574175959,39.9466272461793
9.91865079365079,0.69766868534933,0.843800549636582,0.0901412284377879,39.9470323962953
9.91875,0.697612636834908,0.843741560327297,0.0900981201245198,39.9474375104204
9.91884920634921,0.697556593348674,0.843682572198007,0.0900550324679127,39.9478425885594
9.91894841269841,0.697500554889935,0.843623585250263,0.0900119654580908,39.9482476307172
9.91904761904762,0.697444521457998,0.84356459948562,0.0899689190851835,39.9486526368986
9.91914682539683,0.69738849305217,0.843505614905628,0.0899258933393225,39.9490576071085
9.91924603174603,0.697332469671758,0.843446631511839,0.0898828882106436,39.9494625413515
9.91934523809524,0.69727645131607,0.843387649305802,0.0898399036892861,39.9498674396327
9.91944444444444,0.697220437984413,0.843328668289067,0.0897969397653932,39.9502723019568
9.91954365079365,0.697164429676096,0.843269688463184,0.0897539964291117,39.9506771283287
9.91964285714286,0.697108426390426,0.843210709829699,0.0897110736705922,39.9510819187531
9.91974206349206,0.697052428126711,0.843151732390162,0.0896681714799889,39.9514866732349
9.91984126984127,0.69699643488426,0.843092756146117,0.0896252898474596,39.9518913917789
9.91994047619048,0.696940446662381,0.843033781099112,0.0895824287631659,39.95229607439
9.92003968253968,0.696884463460383,0.842974807250691,0.089539588217273,39.9527007210729
9.92013888888889,0.696828485277574,0.842915834602399,0.08949676819995,39.9531053318325
9.92023809523809,0.696772512113265,0.84285686315578,0.0894539687013693,39.9535099066736
9.9203373015873,0.696716543966764,0.842797892912377,0.0894111897117073,39.9539144456011
9.92043650793651,0.696660580837379,0.842738923873732,0.0893684312211435,39.9543189486196
9.92053571428571,0.696604622724423,0.842679956041388,0.0893256932198625,39.9547234157341
9.92063492063492,0.696548669627203,0.842620989416886,0.0892829756980513,39.9551278469494
9.92073412698413,0.69649272154503,0.842562024001765,0.0892402786459008,39.9555322422703
9.92083333333333,0.696436778477214,0.842503059797566,0.0891976020536058,39.9559366017015
9.92093253968254,0.696380840423065,0.842444096805827,0.0891549459113646,39.956340925248
9.92103174603175,0.696324907381894,0.842385135028086,0.0891123102093793,39.9567452129144
9.92113095238095,0.696268979353011,0.842326174465881,0.0890696949378558,39.9571494647057
9.92123015873016,0.696213056335727,0.842267215120749,0.0890271000870035,39.9575536806266
9.92132936507936,0.696157138329353,0.842208256994226,0.0889845256470354,39.957957860682
9.92142857142857,0.6961012253332,0.842149300087847,0.0889419716081685,39.9583620048766
9.92152777777778,0.69604531734658,0.842090344403147,0.0888994379606232,39.9587661132152
9.92162698412698,0.695989414368804,0.84203138994166,0.0888569246946237,39.9591701857027
9.92172619047619,0.695933516399184,0.841972436704919,0.0888144318003979,39.9595742223439
9.9218253968254,0.695877623437032,0.841913484694456,0.0887719592681774,39.9599782231435
9.9219246031746,0.695821735481658,0.841854533911803,0.0887295070881968,39.9603821881064
9.92202380952381,0.695765852532378,0.841795584358493,0.0886870752506961,39.9607861172373
9.92212301587302,0.695709974588501,0.841736636036054,0.0886446637459175,39.9611900105411
9.92222222222222,0.695654101649342,0.841677688946018,0.0886022725641072,39.9615938680225
9.92232142857143,0.695598233714212,0.841618743089912,0.0885599016955152,39.9619976896864
9.92242063492064,0.695542370782425,0.841559798469265,0.0885175511303952,39.9624014755375
9.92251984126984,0.695486512853294,0.841500855085605,0.0884752208590044,39.9628052255807
9.92261904761905,0.695430659926131,0.841441912940458,0.088432910871604,39.9632089398207
9.92271825396825,0.695374812000251,0.841382972035351,0.0883906211584585,39.9636126182623
9.92281746031746,0.695318969074967,0.841324032371809,0.0883483517098365,39.9640162609104
9.92291666666667,0.695263131149593,0.841265093951357,0.08830610251601,39.9644198677696
9.92301587301587,0.695207298223444,0.841206156775519,0.0882638735672548,39.9648234388448
9.92311507936508,0.695151470295831,0.841147220845818,0.0882216648538503,39.9652269741408
9.92321428571429,0.695095647366072,0.841088286163778,0.0881794763660796,39.9656304736624
9.92331349206349,0.695039829433479,0.841029352730919,0.0881373080942295,39.9660339374144
9.9234126984127,0.694984016497368,0.840970420548762,0.0880951600285901,39.9664373654014
9.92351190476191,0.694928208557053,0.84091148961883,0.0880530321594565,39.9668407576284
9.92361111111111,0.69487240561185,0.840852559942642,0.0880109244771261,39.9672441141001
9.92371031746032,0.694816607661074,0.840793631521715,0.0879688369719005,39.9676474348213
9.92380952380952,0.694760814704039,0.84073470435757,0.0879267696340848,39.9680507197968
9.92390873015873,0.694705026740063,0.840675778451723,0.087884722453988,39.9684539690312
9.92400793650794,0.69464924376846,0.840616853805692,0.0878426954219227,39.9688571825295
9.92410714285714,0.694593465788546,0.840557930420993,0.0878006885282052,39.9692603602964
9.92420634920635,0.694537692799638,0.840499008299141,0.0877587017631554,39.9696635023367
9.92430555555556,0.694481924801052,0.840440087441651,0.087716735117097,39.9700666086551
9.92440476190476,0.694426161792104,0.840381167850038,0.0876747885803573,39.9704696792565
9.92450396825397,0.694370403772111,0.840322249525815,0.0876328621432674,39.9708727141455
9.92460317460317,0.694314650740389,0.840263332470494,0.0875909557961619,39.971275713327
9.92470238095238,0.694258902696256,0.840204416685587,0.0875490695293792,39.9716786768058
9.92480158730159,0.694203159639029,0.840145502172607,0.0875072033332614,39.9720816045865
9.92490079365079,0.694147421568024,0.840086588933062,0.0874653571981538,39.972484496674
9.925,0.694091688482561,0.840027676968464,0.0874235311144067,39.9728873530731
9.92509920634921,0.694035960381956,0.839968766280322,0.0873817250723729,39.9732901737884
9.92519841269841,0.693980237265527,0.839909856870143,0.0873399390624091,39.9736929588249
9.92529761904762,0.693924519132593,0.839850948739437,0.0872981730748758,39.9740957081871
9.92539682539683,0.693868805982471,0.839792041889709,0.0872564271001372,39.97449842188
9.92549603174603,0.693813097814479,0.839733136322467,0.0872147011285611,39.9749010999082
9.92559523809524,0.693757394627938,0.839674232039216,0.087172995150519,39.9753037422766
9.92569444444444,0.693701696422164,0.83961532904146,0.0871313091563863,39.9757063489898
9.92579365079365,0.693646003196477,0.839556427330704,0.0870896431365418,39.9761089200526
9.92589285714286,0.693590314950197,0.839497526908452,0.0870479970813681,39.9765114554699
9.92599206349206,0.693534631682642,0.839438627776206,0.0870063709812514,39.9769139552463
9.92609126984127,0.693478953393132,0.839379729935469,0.0869647648265818,39.9773164193866
9.92619047619048,0.693423280080987,0.839320833387742,0.0869231786077528,39.9777188478956
9.92628968253968,0.693367611745526,0.839261938134525,0.0868816123151618,39.978121240778
9.92638888888889,0.693311948386068,0.839203044177318,0.0868400659392093,39.9785235980385
9.9264880952381,0.693256290001936,0.839144151517621,0.086798539470301,39.978925919682
9.9265873015873,0.693200636592449,0.839085260156933,0.0867570328988449,39.9793282057131
9.92668650793651,0.693144988156926,0.839026370096752,0.0867155462152528,39.9797304561366
9.92678571428571,0.69308934469469,0.838967481338573,0.0866740794099406,39.9801326709573
9.92688492063492,0.693033706205061,0.838908593883895,0.0866326324733278,39.98053485018
9.92698412698413,0.69297807268736,0.838849707734212,0.0865912053958374,39.9809369938092
9.92708333333333,0.692922444140907,0.83879082289102,0.0865497981678962,39.9813391018499
9.92718253968254,0.692866820565026,0.838731939355812,0.0865084107799347,39.9817411743067
9.92728174603175,0.692811201959036,0.838673057130083,0.086467043222387,39.9821432111844
9.92738095238095,0.69275558832226,0.838614176215326,0.0864256954856911,39.9825452124877
9.92748015873016,0.69269997965402,0.838555296613033,0.0863843675602885,39.9829471782214
9.92757936507936,0.692644375953638,0.838496418324694,0.0863430594366242,39.9833491083901
9.92767857142857,0.692588777220435,0.838437541351801,0.0863017711051474,39.9837510029988
9.92777777777778,0.692533183453736,0.838378665695845,0.0862605025563105,39.984152862052
9.92787698412699,0.692477594652861,0.838319791358313,0.0862192537805692,39.9845546855545
9.92797619047619,0.692422010817134,0.838260918340696,0.0861780247683847,39.984956473511
9.9280753968254,0.692366431945878,0.838202046644481,0.0861368155102199,39.9853582259264
9.9281746031746,0.692310858038417,0.838143176271155,0.0860956259965423,39.9857599428052
9.92827380952381,0.692255289094073,0.838084307222205,0.0860544562178228,39.9861616241523
9.92837301587302,0.692199725112169,0.838025439499116,0.0860133061645361,39.9865632699724
9.92847222222222,0.692144166092031,0.837966573103375,0.0859721758271605,39.9869648802702
9.92857142857143,0.692088612032981,0.837907708036464,0.0859310651961782,39.9873664550504
9.92867063492064,0.692033062934343,0.837848844299868,0.0858899742620748,39.9877679943178
9.92876984126984,0.691977518795442,0.83778998189507,0.0858489030153398,39.9881694980771
9.92886904761905,0.691921979615602,0.837731120823552,0.0858078514464664,39.9885709663329
9.92896825396825,0.691866445394148,0.837672261086796,0.0857668195459511,39.9889723990901
9.92906746031746,0.691810916130404,0.837613402686283,0.0857258073042946,39.9893737963534
9.92916666666667,0.691755391823695,0.837554545623492,0.0856848147120011,39.9897751581274
9.92926587301587,0.691699872473347,0.837495689899903,0.0856438417595782,39.990176484417
9.92936507936508,0.691644358078684,0.837436835516995,0.085602888437537,39.9905777752267
9.92946428571429,0.691588848639032,0.837377982476246,0.0855619547363939,39.9909790305614
9.92956349206349,0.691533344153718,0.837319130779133,0.0855210406466672,39.9913802504258
9.9296626984127,0.691477844622065,0.837260280427134,0.0854801461588793,39.9917814348245
9.92976190476191,0.691422350043402,0.837201431421723,0.0854392712635567,39.9921825837623
9.92986111111111,0.691366860417053,0.837142583764377,0.0853984159512292,39.9925836972439
9.92996031746032,0.691311375742344,0.837083737456569,0.0853575802124305,39.9929847752741
9.93005952380952,0.691255896018604,0.837024892499773,0.0853167640376978,39.9933858178574
9.93015873015873,0.691200421245157,0.836966048895463,0.0852759674175722,39.9937868249987
9.93025793650794,0.691144951421331,0.836907206645111,0.0852351903425984,39.9941877967026
9.93035714285714,0.691089486546454,0.836848365750188,0.0851944328033246,39.9945887329739
9.93045634920635,0.691034026619851,0.836789526212166,0.085153694790303,39.9949896338172
9.93055555555556,0.690978571640851,0.836730688032514,0.0851129762940893,39.9953904992373
9.93065476190476,0.690923121608782,0.836671851212703,0.0850722773052429,39.9957913292389
9.93075396825397,0.69086767652297,0.836613015754201,0.0850315978143268,39.9961921238266
9.93085317460318,0.690812236382743,0.836554181658475,0.0849909378119073,39.9965928830053
9.93095238095238,0.690756801187431,0.836495348926995,0.0849502972885561,39.9969936067795
9.93105158730159,0.690701370936361,0.836436517561226,0.0849096762348466,39.997394295154
9.93115079365079,0.690645945628861,0.836377687562634,0.0848690746413567,39.9977949481335
9.93125,0.690590525264261,0.836318858932685,0.0848284924986679,39.9981955657227
9.93134920634921,0.690535109841889,0.836260031672844,0.0847879297973655,39.9985961479262
9.93144841269841,0.690479699361074,0.836201205784573,0.0847473865280383,39.9989966947488
9.93154761904762,0.690424293821144,0.836142381269337,0.0847068626812788,39.9993972061952
9.93164682539683,0.690368893221431,0.836083558128598,0.0846663582476833,39.9997976822701
9.93174603174603,0.690313497561262,0.836024736363817,0.0846258732178518,40.0001981229781
9.93184523809524,0.690258106839967,0.835965915976456,0.0845854075823879,40.000598528324
9.93194444444444,0.690202721056877,0.835907096967975,0.0845449613318988,40.0009988983124
9.93204365079365,0.690147340211322,0.835848279339834,0.0845045344569956,40.001399232948
9.93214285714286,0.690091964302631,0.835789463093491,0.084464126948293,40.0017995322356
9.93224206349206,0.690036593330135,0.835730648230404,0.0844237387964092,40.0021997961798
9.93234126984127,0.689981227293164,0.835671834752032,0.0843833699919658,40.0026000247853
9.93244047619048,0.689925866191051,0.835613022659831,0.0843430205255895,40.0030002180568
9.93253968253968,0.689870510023124,0.835554211955257,0.0843026903879093,40.0034003759989
9.93263888888889,0.689815158788715,0.835495402639766,0.0842623795695582,40.0038004986164
9.9327380952381,0.689759812487157,0.835436594714812,0.084222088061173,40.0042005859139
9.9328373015873,0.689704471117779,0.835377788181849,0.0841818158533942,40.0046006378962
9.93293650793651,0.689649134679914,0.835318983042331,0.0841415629368659,40.0050006545678
9.93303571428571,0.689593803172893,0.83526017929771,0.0841013293022358,40.0054006359335
9.93313492063492,0.689538476596048,0.835201376949438,0.0840611149401556,40.005800581998
9.93323412698413,0.689483154948712,0.835142575998966,0.0840209198412804,40.0062004927659
9.93333333333333,0.689427838230217,0.835083776447744,0.0839807439962691,40.0066003682419
9.93343253968254,0.689372526439895,0.835024978297223,0.0839405873957843,40.0070002084307
9.93353174603175,0.689317219577079,0.83496618154885,0.0839004500304921,40.0074000133369
9.93363095238095,0.689261917641102,0.834907386204076,0.0838603318910626,40.0077997829653
9.93373015873016,0.689206620631297,0.834848592264346,0.0838202329681692,40.0081995173205
9.93382936507937,0.689151328546996,0.834789799731108,0.0837801532524889,40.0085992164072
9.93392857142857,0.689096041387534,0.834731008605808,0.0837400927347036,40.00899888023
9.93402777777778,0.689040759152244,0.834672218889893,0.0837000514054974,40.0093985087936
9.93412698412699,0.68898548184046,0.834613430584806,0.0836600292555587,40.0097981021027
9.93422619047619,0.688930209451515,0.834554643691991,0.0836200262755795,40.0101976601619
9.9343253968254,0.688874941984744,0.834495858212892,0.0835800424562556,40.0105971829759
9.9344246031746,0.688819679439481,0.834437074148952,0.0835400777882863,40.0109966705494
9.93452380952381,0.688764421815061,0.834378291501612,0.0835001322623748,40.0113961228871
9.93462301587302,0.688709169110817,0.834319510272314,0.0834602058692277,40.0117955399935
9.93472222222222,0.688653921326085,0.834260730462499,0.0834202985995555,40.0121949218735
9.93482142857143,0.688598678460199,0.834201952073605,0.0833804104440724,40.0125942685315
9.93492063492064,0.688543440512496,0.834143175107073,0.0833405413934961,40.0129935799723
9.93501984126984,0.688488207482309,0.83408439956434,0.0833006914385482,40.0133928562005
9.93511904761905,0.688432979368976,0.834025625446844,0.0832608605699539,40.0137920972209
9.93521825396825,0.68837775617183,0.833966852756023,0.083221048778442,40.014191303038
9.93531746031746,0.688322537890208,0.833908081493311,0.0831812560547445,40.0145904736565
9.93541666666667,0.688267324523447,0.833849311660146,0.0831414823895987,40.014989609081
9.93551587301587,0.688212116070882,0.833790543257963,0.083101727773744,40.0153887093163
9.93561507936508,0.688156912531849,0.833731776288194,0.0830619921979241,40.0157877743669
9.93571428571429,0.688101713905686,0.833673010752274,0.0830222756528862,40.0161868042375
9.93581349206349,0.688046520191729,0.833614246651635,0.0829825781293812,40.0165857989328
9.9359126984127,0.687991331389315,0.83355548398771,0.0829428996181639,40.0169847584574
9.93601190476191,0.687936147497781,0.833496722761929,0.0829032401099924,40.017383682816
9.93611111111111,0.687880968516464,0.833437962975723,0.082863599595629,40.0177825720131
9.93621031746032,0.687825794444702,0.833379204630523,0.0828239780658393,40.0181814260535
9.93630952380952,0.687770625281831,0.833320447727757,0.0827843755113926,40.0185802449418
9.93640873015873,0.687715461027191,0.833261692268854,0.0827447919230621,40.0189790286826
9.93650793650794,0.687660301680119,0.833202938255242,0.0827052272916245,40.0193777772806
9.93660714285714,0.687605147239953,0.833144185688347,0.0826656816078602,40.0197764907404
9.93670634920635,0.687549997706031,0.833085434569596,0.0826261548625533,40.0201751690667
9.93680555555556,0.687494853077691,0.833026684900415,0.0825866470464912,40.020573812264
9.93690476190476,0.687439713354274,0.832967936682229,0.0825471581504664,40.0209724203371
9.93700396825397,0.687384578535117,0.832909189916462,0.0825076881652734,40.0213709932905
9.93710317460318,0.687329448619559,0.832850444604537,0.0824682370817113,40.021769531129
9.93720238095238,0.68727432360694,0.832791700747878,0.0824288048905825,40.022168033857
9.93730158730159,0.687219203496599,0.832732958347906,0.0823893915826933,40.0225665014794
9.93740079365079,0.687164088287876,0.832674217406043,0.0823499971488535,40.0229649340006
9.9375,0.687108977980109,0.83261547792371,0.0823106215798767,40.0233633314254
9.93759920634921,0.68705387257264,0.832556739902326,0.0822712648665803,40.0237616937583
9.93769841269841,0.686998772064808,0.832498003343311,0.0822319269997852,40.024160021004
9.93779761904762,0.686943676455953,0.832439268248084,0.082192607970316,40.0245583131671
9.93789682539682,0.686888585745416,0.832380534618061,0.0821533077690011,40.0249565702523
9.93799603174603,0.686833499932537,0.832321802454662,0.0821140263866724,40.0253547922641
9.93809523809524,0.686778419016658,0.832263071759301,0.0820747638141657,40.0257529792072
9.93819444444444,0.686723342997119,0.832204342533395,0.0820355200423203,40.0261511310862
9.93829365079365,0.68666827187326,0.832145614778358,0.0819962950619789,40.0265492479058
9.93839285714286,0.686613205644425,0.832086888495606,0.0819570888639891,40.0269473296705
9.93849206349206,0.686558144309953,0.832028163686551,0.0819179014392009,40.027345376385
9.93859126984127,0.686503087869188,0.831969440352607,0.0818787327784684,40.0277433880539
9.93869047619048,0.68644803632147,0.831910718495186,0.0818395828726493,40.0281413646818
9.93878968253968,0.686392989666141,0.831851998115699,0.0818004517126053,40.0285393062733
9.93888888888889,0.686337947902545,0.831793279215558,0.0817613392892014,40.0289372128331
9.93898809523809,0.686282911030022,0.831734561796171,0.0817222455933066,40.0293350843657
9.9390873015873,0.686227879047916,0.831675845858949,0.0816831706157932,40.0297329208758
9.93918650793651,0.686172851955569,0.831617131405301,0.0816441143475376,40.030130722368
9.93928571428571,0.686117829752325,0.831558418436633,0.0816050767794196,40.0305284888469
9.93938492063492,0.686062812437526,0.831499706954354,0.0815660579023229,40.0309262203171
9.93948412698413,0.686007800010515,0.831440996959871,0.0815270577071346,40.0313239167832
9.93958333333333,0.685952792470636,0.831382288454588,0.0814880761847458,40.0317215782498
9.93968253968254,0.685897789817233,0.831323581439911,0.0814491133260511,40.0321192047215
9.93978174603175,0.685842792049649,0.831264875917243,0.0814101691219483,40.032516796203
9.93988095238095,0.685787799167229,0.831206171887991,0.0813712435633404,40.0329143526988
9.93998015873016,0.685732811169315,0.831147469353556,0.0813323366411326,40.0333118742136
9.94007936507936,0.685677828055254,0.83108876831534,0.0812934483462342,40.0337093607519
9.94017857142857,0.685622849824389,0.831030068774745,0.0812545786695584,40.0341068123184
9.94027777777778,0.685567876476065,0.830971370733173,0.0812157276020218,40.0345042289176
9.94037698412698,0.685512908009626,0.830912674192022,0.081176895134545,40.0349016105541
9.94047619047619,0.685457944424418,0.830853979152693,0.0811380812580519,40.0352989572326
9.9405753968254,0.685402985719786,0.830795285616584,0.0810992859634703,40.0356962689577
9.9406746031746,0.685348031895075,0.830736593585094,0.0810605092417319,40.0360935457338
9.94077380952381,0.68529308294963,0.83067790305962,0.0810217510837716,40.0364907875657
9.94087301587301,0.685238138882798,0.830619214041557,0.0809830114805284,40.036887994458
9.94097222222222,0.685183199693925,0.830560526532304,0.0809442904229448,40.0372851664151
9.94107142857143,0.685128265382356,0.830501840533253,0.0809055879019669,40.0376823034418
9.94117063492063,0.685073335947437,0.830443156045801,0.0808669039085447,40.0380794055426
9.94126984126984,0.685018411388515,0.83038447307134,0.0808282384336312,40.038476472722
9.94136904761905,0.684963491704937,0.830325791611265,0.0807895914681848,40.0388735049847
9.94146825396825,0.68490857689605,0.830267111666967,0.0807509630031658,40.0392705023354
9.94156746031746,0.684853666961199,0.830208433239838,0.0807123530295389,40.0396674647784
9.94166666666667,0.684798761899734,0.830149756331269,0.0806737615382724,40.0400643923185
9.94176587301587,0.684743861711,0.83009108094265,0.0806351885203383,40.0404612849602
9.94186507936508,0.684688966394345,0.830032407075372,0.0805966339667123,40.0408581427082
9.94196428571429,0.684634075949117,0.829973734730822,0.0805580978683736,40.0412549655669
9.94206349206349,0.684579190374664,0.829915063910388,0.0805195802163055,40.041651753541
9.9421626984127,0.684524309670334,0.829856394615459,0.0804810810014945,40.042048506635
9.9422619047619,0.684469433835474,0.829797726847422,0.0804426002149312,40.0424452248535
9.94236111111111,0.684414562869433,0.829739060607661,0.0804041378476096,40.0428419082012
9.94246031746032,0.684359696771561,0.829680395897562,0.0803656938905275,40.0432385566825
9.94255952380952,0.684304835541205,0.829621732718511,0.0803272683346864,40.0436351703021
9.94265873015873,0.684249979177714,0.82956307107189,0.0802888611710913,40.0440317490646
9.94275793650794,0.684195127680437,0.829504410959082,0.0802504723907507,40.0444282929744
9.94285714285714,0.684140281048724,0.829445752381472,0.080212101984678,40.0448248020362
9.94295634920635,0.684085439281924,0.82938709534044,0.0801737499438891,40.0452212762546
9.94305555555556,0.684030602379387,0.829328439837368,0.0801354162594036,40.0456177156341
9.94315476190476,0.683975770340462,0.829269785873635,0.0800971009222453,40.0460141201792
9.94325396825397,0.683920943164499,0.829211133450622,0.0800588039234414,40.0464104898946
9.94335317460317,0.68386612085085,0.829152482569707,0.0800205252540227,40.0468068247849
9.94345238095238,0.683811303398862,0.829093833232268,0.0799822649050239,40.0472031248545
9.94355158730159,0.683756490807888,0.829035185439684,0.0799440228674834,40.0475993901081
9.94365079365079,0.683701683077278,0.82897653919333,0.0799057991324431,40.0479956205502
9.94375,0.683646880206382,0.828917894494583,0.0798675936909487,40.0483918161854
9.94384920634921,0.683592082194552,0.828859251344819,0.0798294065340495,40.0487879770182
9.94394841269841,0.683537289041139,0.828800609745412,0.0797912376527985,40.0491841030532
9.94404761904762,0.683482500745494,0.828741969697736,0.0797530870382526,40.0495801942949
9.94414682539682,0.683427717306969,0.828683331203165,0.079714954681472,40.049976250748
9.94424603174603,0.683372938724914,0.828624694263069,0.0796768405735205,40.050372272417
9.94434523809524,0.683318164998684,0.828566058878823,0.0796387447054667,40.0507682593064
9.94444444444444,0.683263396127628,0.828507425051797,0.0796006670683816,40.0511642114208
9.94454365079365,0.683208632111101,0.828448792783362,0.0795626076533404,40.0515601287647
9.94464285714286,0.683153872948453,0.828390162074887,0.0795245664514219,40.0519560113427
9.94474206349206,0.683099118639038,0.828331532927741,0.0794865434537085,40.0523518591593
9.94484126984127,0.683044369182208,0.828272905343292,0.0794485386512866,40.0527476722192
9.94494047619048,0.682989624577317,0.828214279322908,0.0794105520352459,40.0531434505268
9.94503968253968,0.682934884823716,0.828155654867957,0.07937258359668,40.0535391940866
9.94513888888889,0.682880149920761,0.828097031979804,0.0793346333266861,40.0539349029033
9.94523809523809,0.682825419867803,0.828038410659814,0.0792967012163653,40.0543305769814
9.9453373015873,0.682770694664197,0.827979790909353,0.079258787256822,40.0547262163255
9.94543650793651,0.682715974309297,0.827921172729785,0.0792208914391647,40.05512182094
9.94553571428571,0.682661258802457,0.827862556122473,0.0791830137545052,40.0555173908295
9.94563492063492,0.68260654814303,0.827803941088779,0.0791451541939592,40.0559129259986
9.94573412698413,0.68255184233037,0.827745327630065,0.0791073127486456,40.0563084264518
9.94583333333333,0.682497141363834,0.827686715747693,0.0790694894096885,40.0567038921936
9.94593253968254,0.682442445242775,0.827628105443024,0.0790316841682139,40.0570993232286
9.94603174603175,0.682387753966548,0.827569496717418,0.0789938970153524,40.0574947195613
9.94613095238095,0.682333067534508,0.827510889572232,0.078956127942238,40.0578900811962
9.94623015873016,0.682278385946011,0.827452284008827,0.0789183769400085,40.058285408138
9.94632936507936,0.682223709200412,0.827393680028558,0.0788806439998052,40.0586807003911
9.94642857142857,0.682169037297066,0.827335077632784,0.0788429291127734,40.05907595796
9.94652777777778,0.682114370235329,0.827276476822861,0.0788052322700619,40.0594711808493
9.94662698412698,0.682059708014557,0.827217877600144,0.0787675534628231,40.0598663690636
9.94672619047619,0.682005050634107,0.827159279965989,0.0787298926822133,40.0602615226072
9.9468253968254,0.681950398093334,0.827100683921749,0.0786922499193923,40.0606566414849
9.9469246031746,0.681895750391595,0.827042089468777,0.0786546251655236,40.0610517257011
9.94702380952381,0.681841107528246,0.826983496608427,0.0786170184117745,40.0614467752603
9.94712301587301,0.681786469502645,0.826924905342051,0.0785794296493161,40.061841790167
9.94722222222222,0.681731836314148,0.826866315670999,0.0785418588693221,40.0622367704259
9.94732142857143,0.681677207962113,0.826807727596623,0.0785043060629721,40.0626317160413
9.94742063492064,0.681622584445896,0.826749141120273,0.0784667712214475,40.0630266270179
9.94751984126984,0.681567965764857,0.826690556243298,0.0784292543359339,40.0634215033601
9.94761904761905,0.681513351918351,0.826631972967045,0.0783917553976207,40.0638163450725
9.94771825396825,0.681458742905737,0.826573391292864,0.0783542743977008,40.0642111521596
9.94781746031746,0.681404138726373,0.826514811222101,0.0783168113273711,40.0646059246259
9.94791666666667,0.681349539379618,0.826456232756102,0.0782793661778318,40.0650006624759
9.94801587301587,0.681294944864829,0.826397655896214,0.0782419389402872,40.0653953657141
9.94811507936508,0.681240355181365,0.82633908064378,0.0782045296059447,40.0657900343452
9.94821428571429,0.681185770328585,0.826280507000147,0.0781671381660161,40.0661846683734
9.94831349206349,0.681131190305848,0.826221934966656,0.0781297646117163,40.0665792678035
9.9484126984127,0.681076615112513,0.82616336454465,0.0780924089342643,40.0669738326398
9.9485119047619,0.681022044747939,0.826104795735473,0.0780550711248824,40.067368362887
9.94861111111111,0.680967479211486,0.826046228540465,0.0780177511747968,40.0677628585495
9.94871031746032,0.680912918502513,0.825987662960966,0.077980449075237,40.0681573196317
9.94880952380952,0.680858362620381,0.825929098998318,0.0779431648174374,40.0685517461384
9.94890873015873,0.680803811564448,0.82587053665386,0.0779058983926348,40.0689461380738
9.94900793650794,0.680749265334076,0.825811975928929,0.0778686497920701,40.0693404954426
9.94910714285714,0.680694723928625,0.825753416824865,0.0778314190069878,40.0697348182492
9.94920634920635,0.680640187347455,0.825694859343003,0.0777942060286363,40.0701291064982
9.94930555555556,0.680585655589926,0.825636303484681,0.0777570108482676,40.070523360194
9.94940476190476,0.680531128655401,0.825577749251234,0.0777198334571373,40.0709175793412
9.94950396825397,0.680476606543238,0.825519196643998,0.0776826738465046,40.0713117639443
9.94960317460317,0.680422089252802,0.825460645664306,0.0776455320076326,40.0717059140076
9.94970238095238,0.680367576783451,0.825402096313492,0.0776084079317881,40.0721000295358
9.94980158730159,0.680313069134548,0.82534354859289,0.0775713016102413,40.0724941105334
9.94990079365079,0.680258566305455,0.825285002503831,0.0775342130342664,40.0728881570048
9.95,0.680204068295534,0.825226458047648,0.0774971421951411,40.0732821689545
9.95009920634921,0.680149575104146,0.82516791522567,0.0774600890841469,40.0736761463871
9.95019841269841,0.680095086730653,0.825109374039227,0.0774230536925682,40.074070089307
9.95029761904762,0.68004060317442,0.82505083448965,0.0773860360116951,40.0744639977186
9.95039682539683,0.679986124434808,0.824992296578267,0.0773490360328193,40.0748578716266
9.95049603174603,0.679931650511179,0.824933760306406,0.0773120537472372,40.0752517110354
9.95059523809524,0.679877181402897,0.824875225675395,0.0772750891462485,40.0756455159494
9.95069444444444,0.679822717109326,0.824816692686559,0.0772381422211568,40.0760392863732
9.95079365079365,0.679768257629827,0.824758161341225,0.0772012129632693,40.0764330223112
9.95089285714286,0.679713802963766,0.824699631640717,0.077164301363897,40.076826723768
9.95099206349206,0.679659353110505,0.824641103586361,0.0771274074143543,40.077220390748
9.95109126984127,0.679604908069408,0.82458257717948,0.0770905311059595,40.0776140232557
9.95119047619048,0.67955046783984,0.824524052421397,0.0770536724300347,40.0780076212955
9.95128968253968,0.679496032421164,0.824465529313434,0.0770168313779054,40.0784011848721
9.95138888888889,0.679441601812745,0.824407007856913,0.0769800079409011,40.0787947139897
9.95148809523809,0.679387176013948,0.824348488053154,0.0769432021103545,40.079188208653
9.9515873015873,0.679332755024138,0.824289969903479,0.0769064138776026,40.0795816688664
9.95168650793651,0.679278338842677,0.824231453409206,0.0768696432339851,40.0799750946343
9.95178571428571,0.679223927468934,0.824172938571654,0.0768328901708471,40.0803684859613
9.95188492063492,0.679169520902273,0.824114425392142,0.0767961546795358,40.0807618428518
9.95198412698413,0.679115119142058,0.824055913871986,0.0767594367514027,40.0811551653102
9.95208333333333,0.679060722187656,0.823997404012504,0.0767227363778028,40.0815484533412
9.95218253968254,0.679006330038433,0.823938895815011,0.076686053550095,40.0819417069491
9.95228174603175,0.678951942693754,0.823880389280823,0.0766493882596417,40.0823349261383
9.95238095238095,0.678897560152986,0.823821884411253,0.0766127404978091,40.0827281109135
9.95248015873016,0.678843182415494,0.823763381207617,0.0765761102559671,40.083121261279
9.95257936507936,0.678788809480646,0.823704879671226,0.0765394975254891,40.0835143772392
9.95267857142857,0.678734441347808,0.823646379803394,0.0765029022977524,40.0839074587988
9.95277777777778,0.678680078016348,0.823587881605432,0.0764663245641379,40.0843005059621
9.95287698412698,0.678625719485631,0.823529385078651,0.07642976431603,40.0846935187335
9.95297619047619,0.678571365755025,0.823470890224361,0.0763932215448172,40.0850864971177
9.9530753968254,0.678517016823898,0.823412397043873,0.0763566962418914,40.0854794411189
9.9531746031746,0.678462672691616,0.823353905538493,0.0763201883986476,40.0858723507417
9.95327380952381,0.678408333357549,0.823295415709532,0.0762836980064862,40.0862652259906
9.95337301587302,0.678353998821064,0.823236927558296,0.0762472250568097,40.08665806687
9.95347222222222,0.678299669081529,0.823178441086093,0.0762107695410247,40.0870508733842
9.95357142857143,0.678245344138312,0.823119956294227,0.0761743314505417,40.087443645538
9.95367063492064,0.678191023990781,0.823061473184005,0.0761379107767746,40.0878363833355
9.95376984126984,0.678136708638306,0.823002991756732,0.0761015075111414,40.0882290867814
9.95386904761905,0.678082398080255,0.82294451201371,0.0760651216450631,40.08862175588
9.95396825396825,0.678028092315996,0.822886033956244,0.0760287531699652,40.0890143906359
9.95406746031746,0.6779737913449,0.822827557585635,0.0759924020772762,40.0894069910534
9.95416666666667,0.677919495166336,0.822769082903186,0.0759560683584287,40.089799557137
9.95426587301587,0.677865203779672,0.822710609910197,0.0759197520048588,40.0901920888912
9.95436507936508,0.677810917184279,0.822652138607969,0.0758834530080064,40.0905845863204
9.95446428571429,0.677756635379526,0.822593668997802,0.0758471713593149,40.090977049429
9.95456349206349,0.677702358364784,0.822535201080995,0.0758109070502317,40.0913694782216
9.9546626984127,0.677648086139422,0.822476734858844,0.0757746600722069,40.0917618727025
9.95476190476191,0.677593818702812,0.82241827033265,0.0757384304166964,40.0921542328762
9.95486111111111,0.677539556054324,0.822359807503708,0.0757022180751577,40.0925465587471
9.95496031746032,0.677485298193328,0.822301346373314,0.0756660230390528,40.0929388503196
9.95505952380952,0.677431045119195,0.822242886942764,0.0756298452998474,40.0933311075983
9.95515873015873,0.677376796831297,0.822184429213353,0.0755936848490107,40.0937233305875
9.95525793650794,0.677322553329004,0.822125973186373,0.0755575416780158,40.0941155192917
9.95535714285714,0.677268314611689,0.82206751886312,0.0755214157783393,40.0945076737153
9.95545634920635,0.677214080678722,0.822009066244885,0.0754853071414615,40.0948997938627
9.95555555555556,0.677159851529476,0.82195061533296,0.0754492157588665,40.0952918797385
9.95565476190476,0.677105627163322,0.821892166128637,0.0754131416220421,40.0956839313469
9.95575396825397,0.677051407579633,0.821833718633205,0.0753770847224796,40.0960759486925
9.95585317460317,0.67699719277778,0.821775272847955,0.0753410450516741,40.0964679317797
9.95595238095238,0.676942982757137,0.821716828774176,0.0753050226011244,40.0968598806128
9.95605158730159,0.676888777517077,0.821658386413155,0.075269017362333,40.0972517951965
9.95615079365079,0.67683457705697,0.82159994576618,0.0752330293268055,40.0976436755349
9.95625,0.676780381376193,0.82154150683454,0.0751970584860527,40.0980355216327
9.95634920634921,0.676726190474116,0.82148306961952,0.0751611048315876,40.0984273334942
9.95644841269841,0.676672004350114,0.821424634122404,0.0751251683549274,40.0988191111238
9.95654761904762,0.67661782300356,0.821366200344479,0.0750892490475931,40.099210854526
9.95664682539683,0.676563646433828,0.821307768287028,0.0750533469011091,40.0996025637051
9.95674603174603,0.676509474640292,0.821249337951334,0.0750174619070038,40.0999942386657
9.95684523809524,0.676455307622326,0.821190909338681,0.0749815940568089,40.100385879412
9.95694444444444,0.676401145379303,0.82113248245035,0.0749457433420603,40.1007774859487
9.95704365079365,0.676346987910599,0.821074057287622,0.074909909754297,40.1011690582799
9.95714285714286,0.676292835215589,0.821015633851778,0.0748740932850622,40.1015605964103
9.95724206349206,0.676238687293646,0.820957212144098,0.0748382939259025,40.1019521003441
9.95734126984127,0.676184544144146,0.820898792165861,0.0748025116683683,40.1023435700859
9.95744047619048,0.676130405766465,0.820840373918345,0.0747667465040135,40.1027350056399
9.95753968253968,0.676076272159976,0.820781957402829,0.0747309984243958,40.1031264070107
9.95763888888889,0.676022143324056,0.820723542620587,0.0746952674210763,40.1035177742027
9.9577380952381,0.675968019258081,0.820665129572899,0.0746595534856209,40.1039091072201
9.9578373015873,0.675913899961426,0.820606718261039,0.074623856609598,40.1043004060676
9.95793650793651,0.675859785433468,0.820548308686282,0.07458817678458,40.1046916707494
9.95803571428571,0.675805675673582,0.820489900849902,0.0745525140021429,40.1050829012699
9.95813492063492,0.675751570681145,0.820431494753173,0.0745168682538667,40.1054740976337
9.95823412698413,0.675697470455534,0.820373090397367,0.0744812395313349,40.105865259845
9.95833333333333,0.675643374996125,0.820314687783756,0.0744456278261345,40.1062563879083
9.95843253968254,0.675589284302295,0.820256286913612,0.0744100331298566,40.106647481828
9.95853174603175,0.675535198373421,0.820197887788205,0.0743744554340955,40.1070385416085
9.95863095238095,0.675481117208881,0.820139490408806,0.0743388947304497,40.1074295672542
9.95873015873016,0.675427040808052,0.820081094776683,0.074303351010521,40.1078205587695
9.95882936507936,0.675372969170311,0.820022700893105,0.0742678242659149,40.1082115161588
9.95892857142857,0.675318902295036,0.81996430875934,0.0742323144882409,40.1086024394264
9.95902777777778,0.675264840181606,0.819905918376655,0.0741968216691118,40.1089933285768
9.95912698412699,0.675210782829397,0.819847529746316,0.0741613458001438,40.1093841836144
9.95922619047619,0.67515673023779,0.819789142869589,0.0741258868729583,40.1097750045436
9.9593253968254,0.675102682406162,0.81973075774774,0.0740904448791788,40.1101657913687
9.9594246031746,0.675048639333891,0.819672374382032,0.074055019810433,40.1105565440942
9.95952380952381,0.674994601020358,0.819613992773728,0.0740196116583522,40.1109472627244
9.95962301587302,0.67494056746494,0.819555612924093,0.0739842204145715,40.1113379472637
9.95972222222222,0.674886538667017,0.819497234834387,0.0739488460707299,40.1117285977166
9.95982142857143,0.674832514625968,0.819438858505873,0.0739134886184695,40.1121192140874
9.95992063492064,0.674778495341173,0.81938048393981,0.0738781480494366,40.1125097963804
9.96001984126984,0.674724480812012,0.81932211113746,0.073842824355281,40.1129003446002
9.96011904761905,0.674670471037864,0.819263740100081,0.0738075175276562,40.113290858751
9.96021825396825,0.674616466018109,0.819205370828932,0.0737722275582193,40.1136813388372
9.96031746031746,0.674562465752129,0.819147003325271,0.0737369544386313,40.1140717848633
9.96041666666667,0.674508470239302,0.819088637590355,0.0737016981605566,40.1144621968336
9.96051587301587,0.67445447947901,0.81903027362544,0.0736664587156635,40.1148525747524
9.96061507936508,0.674400493470633,0.818971911431783,0.0736312360956234,40.1152429186243
9.96071428571429,0.674346512213554,0.818913551010638,0.0735960302921129,40.1156332284534
9.96081349206349,0.674292535707152,0.81885519236326,0.0735608412968107,40.1160235042443
9.9609126984127,0.674238563950808,0.818796835490902,0.0735256691013999,40.1164137460013
9.96101190476191,0.674184596943906,0.818738480394818,0.0734905136975671,40.1168039537287
9.96111111111111,0.674130634685825,0.81868012707626,0.0734553750770026,40.117194127431
9.96121031746032,0.674076677175949,0.818621775536478,0.0734202532314005,40.1175842671125
9.96130952380952,0.674022724413658,0.818563425776725,0.0733851481524583,40.1179743727776
9.96140873015873,0.673968776398335,0.81850507779825,0.0733500598318776,40.1183644444306
9.96150793650794,0.673914833129363,0.818446731602302,0.0733149882613634,40.118754482076
9.96160714285714,0.673860894606124,0.81838838719013,0.0732799334326243,40.119144485718
9.96170634920635,0.673806960828001,0.818330044562983,0.073244895337373,40.1195344553611
9.96180555555556,0.673753031794377,0.818271703722107,0.0732098739673254,40.1199243910096
9.96190476190476,0.673699107504634,0.818213364668749,0.0731748693142014,40.1203142926679
9.96200396825397,0.673645187958156,0.818155027404154,0.0731398813697245,40.1207041603404
9.96210317460318,0.673591273154326,0.818096691929569,0.0731049101256213,40.1210939940313
9.96220238095238,0.673537363092528,0.818038358246237,0.0730699555736237,40.1214837937452
9.96230158730159,0.673483457772147,0.817980026355403,0.0730350177054657,40.1218735594862
9.96240079365079,0.673429557192565,0.817921696258309,0.0730000965128855,40.1222632912589
9.9625,0.673375661353167,0.817863367956197,0.0729651919876251,40.1226529890675
9.96259920634921,0.673321770253337,0.81780504145031,0.07293030412143,40.1230426529164
9.96269841269841,0.673267883892459,0.817746716741888,0.0728954329060495,40.12343228281
9.96279761904762,0.673214002269919,0.817688393832171,0.0728605783332366,40.1238218787525
9.96289682539683,0.673160125385102,0.8176300727224,0.0728257403947479,40.1242114407485
9.96299603174603,0.673106253237391,0.817571753413811,0.0727909190823436,40.1246009688022
9.96309523809524,0.673052385826172,0.817513435907645,0.0727561143877879,40.1249904629179
9.96319444444444,0.672998523150831,0.817455120205137,0.0727213263028484,40.1253799231001
9.96329365079365,0.672944665210754,0.817396806307526,0.0726865548192966,40.125769349353
9.96339285714286,0.672890812005325,0.817338494216046,0.0726517999289073,40.1261587416811
9.96349206349206,0.672836963533932,0.817280183931933,0.0726170616234595,40.1265481000887
9.96359126984127,0.672783119795958,0.817221875456421,0.072582339894735,40.12693742458
9.96369047619048,0.672729280790792,0.817163568790745,0.0725476347345209,40.1273267151595
9.96378968253968,0.67267544651782,0.817105263936137,0.0725129461346065,40.1277159718315
9.96388888888889,0.672621616976428,0.81704696089383,0.0724782740867853,40.1281051946004
9.9639880952381,0.672567792166002,0.816988659665056,0.0724436185828544,40.1284943834704
9.9640873015873,0.672513972085931,0.816930360251045,0.0724089796146147,40.128883538446
9.96418650793651,0.672460156735601,0.816872062653029,0.0723743571738708,40.1292726595314
9.96428571428571,0.672406346114399,0.816813766872236,0.0723397512524308,40.1296617467311
9.96438492063492,0.672352540221713,0.816755472909895,0.0723051618421066,40.1300508000493
9.96448412698413,0.67229873905693,0.816697180767234,0.0722705889347138,40.1304398194903
9.96458333333333,0.672244942619438,0.816638890445482,0.0722360325220717,40.1308288050586
9.96468253968254,0.672191150908626,0.816580601945864,0.0722014925960033,40.1312177567585
9.96478174603175,0.672137363923881,0.816522315269608,0.072166969148335,40.1316066745942
9.96488095238095,0.672083581664591,0.816464030417937,0.0721324621708973,40.1319955585701
9.96498015873016,0.672029804130147,0.816405747392077,0.0720979716555243,40.1323844086906
9.96507936507937,0.671976031319934,0.816347466193251,0.0720634975940529,40.1327732249599
9.96517857142857,0.671922263233344,0.816289186822683,0.0720290399783257,40.1331620073825
9.96527777777778,0.671868499869765,0.816230909281597,0.0719945988001871,40.1335507559625
9.96537698412699,0.671814741228587,0.816172633571212,0.0719601740514859,40.1339394707045
9.96547619047619,0.671760987309197,0.81611435969275,0.0719257657240745,40.1343281516126
9.9655753968254,0.671707238110988,0.816056087647433,0.071891373809809,40.1347167986912
9.9656746031746,0.671653493633347,0.815997817436478,0.0718569983005492,40.1351054119446
9.96577380952381,0.671599753875665,0.815939549061106,0.0718226391881586,40.1354939913772
9.96587301587302,0.671546018837332,0.815881282522535,0.0717882964645042,40.1358825369933
9.96597222222222,0.671492288517738,0.815823017821982,0.0717539701214571,40.1362710487972
9.96607142857143,0.671438562916274,0.815764754960663,0.0717196601508915,40.1366595267931
9.96617063492064,0.671384842032331,0.815706493939796,0.0716853665446859,40.1370479709856
9.96626984126984,0.671331125865299,0.815648234760595,0.071651089294722,40.1374363813787
9.96636904761905,0.671277414414569,0.815589977424276,0.0716168283928855,40.1378247579769
9.96646825396825,0.671223707679533,0.815531721932052,0.0715825838310656,40.1382131007845
9.96656746031746,0.671170005659581,0.815473468285136,0.0715483556011546,40.1386014098058
9.96666666666667,0.671116308354106,0.815415216484742,0.0715141436950503,40.1389896850451
9.96676587301587,0.671062615762499,0.81535696653208,0.0714799481046525,40.1393779265067
9.96686507936508,0.671008927884152,0.815298718428364,0.0714457688218651,40.1397661341949
9.96696428571429,0.670955244718457,0.815240472174802,0.0714116058385958,40.140154308114
9.96706349206349,0.670901566264806,0.815182227772604,0.0713774591467559,40.1405424482684
9.9671626984127,0.670847892522592,0.81512398522298,0.0713433287382606,40.1409305546624
9.96726190476191,0.670794223491207,0.815065744527138,0.0713092146050285,40.1413186273002
9.96736111111111,0.670740559170044,0.815007505686285,0.0712751167389821,40.1417066661861
9.96746031746032,0.670686899558496,0.814949268701629,0.0712410351320475,40.1420946713246
9.96755952380952,0.670633244655956,0.814891033574376,0.0712069697761542,40.1424826427197
9.96765873015873,0.670579594461817,0.814832800305731,0.071172920663236,40.142870580376
9.96775793650794,0.670525948975473,0.814774568896899,0.0711388877852299,40.1432584842976
9.96785714285714,0.670472308196318,0.814716339349084,0.0711048711340768,40.1436463544889
9.96795634920635,0.670418672123745,0.81465811166349,0.0710708707017211,40.1440341909542
9.96805555555556,0.670365040757147,0.814599885841318,0.0710368864801106,40.1444219936977
9.96815476190476,0.670311414095921,0.814541661883772,0.0710029184611981,40.1448097627237
9.96825396825397,0.670257792139459,0.814483439792053,0.0709689666369386,40.1451974980367
9.96835317460318,0.670204174887157,0.814425219567361,0.0709350309992916,40.1455851996407
9.96845238095238,0.670150562338408,0.814367001210896,0.0709011115402197,40.1459728675403
9.96855158730159,0.670096954492609,0.814308784723856,0.0708672082516897,40.1463605017395
9.96865079365079,0.670043351349154,0.814250570107442,0.070833321125672,40.1467481022428
9.96875,0.669989752907437,0.814192357362849,0.0707994501541404,40.1471356690544
9.96884920634921,0.669936159166856,0.814134146491276,0.0707655953290726,40.1475232021785
9.96894841269841,0.669882570126804,0.814075937493919,0.0707317566424501,40.1479107016196
9.96904761904762,0.669828985786678,0.814017730371972,0.0706979340862577,40.1482981673819
9.96914682539682,0.669775406145875,0.813959525126632,0.0706641276524842,40.1486855994696
9.96924603174603,0.669721831203789,0.813901321759092,0.0706303373331221,40.149072997887
9.96934523809524,0.669668260959817,0.813843120270546,0.0705965631201673,40.1494603626385
9.96944444444444,0.669614695413356,0.813784920662187,0.0705628050056198,40.1498476937283
9.96954365079365,0.669561134563802,0.813726722935205,0.0705290629814824,40.1502349911607
9.96964285714286,0.669507578410553,0.813668527090794,0.0704953370397632,40.15062225494
9.96974206349206,0.669454026953005,0.813610333130144,0.0704616271724726,40.1510094850704
9.96984126984127,0.669400480190555,0.813552141054444,0.0704279333716251,40.1513966815562
9.96994047619048,0.669346938122601,0.813493950864884,0.0703942556292389,40.1517838444018
9.97003968253968,0.66929340074854,0.813435762562653,0.0703605939373358,40.1521709736113
9.97013888888889,0.66923986806777,0.813377576148937,0.0703269482879414,40.1525580691891
9.97023809523809,0.669186340079689,0.813319391624926,0.0702933186730849,40.1529451311394
9.9703373015873,0.669132816783695,0.813261208991803,0.0702597050847993,40.1533321594665
9.97043650793651,0.669079298179186,0.813203028250756,0.0702261075151212,40.1537191541746
9.97053571428571,0.66902578426556,0.81314484940297,0.0701925259560908,40.1541061152682
9.97063492063492,0.668972275042216,0.813086672449628,0.0701589603997521,40.1544930427513
9.97073412698413,0.668918770508553,0.813028497391915,0.0701254108381528,40.1548799366283
9.97083333333333,0.66886527066397,0.812970324231013,0.0700918772633442,40.1552667969035
9.97093253968254,0.668811775507866,0.812912152968104,0.0700583596673814,40.155653623581
9.97103174603175,0.668758285039638,0.812853983604369,0.0700248580423226,40.1560404166653
9.97113095238095,0.66870479925869,0.81279581614099,0.0699913723802311,40.1564271761605
9.97123015873016,0.668651318164418,0.812737650579147,0.0699579026731724,40.1568139020709
9.97132936507936,0.668597841756224,0.812679486920019,0.0699244489132166,40.1572005944007
9.97142857142857,0.668544370033506,0.812621325164784,0.0698910110924367,40.1575872531543
9.97152777777778,0.668490902995666,0.81256316531462,0.0698575892029102,40.1579738783359
9.97162698412698,0.668437440642103,0.812505007370706,0.0698241832367177,40.1583604699497
9.97172619047619,0.668383982972218,0.812446851334216,0.0697907931859438,40.158747028
9.9718253968254,0.668330529985412,0.812388697206327,0.0697574190426766,40.1591335524911
9.9719246031746,0.668277081681086,0.812330544988214,0.069724060799008,40.1595200434272
9.97202380952381,0.66822363805864,0.812272394681052,0.0696907184470335,40.1599065008125
9.97212301587301,0.668170199117476,0.812214246286013,0.0696573919788525,40.1602929246514
9.97222222222222,0.668116764856995,0.812156099804272,0.0696240813865676,40.160679314948
9.97232142857143,0.6680633352766,0.812097955237,0.0695907866622857,40.1610656717067
9.97242063492063,0.66800991037569,0.812039812585368,0.069557507798117,40.1614519949316
9.97251984126984,0.667956490153669,0.811981671850547,0.0695242447861749,40.161838284627
9.97261904761905,0.667903074609939,0.811923533033709,0.069490997618578,40.1622245407972
9.97271825396825,0.667849663743902,0.811865396136022,0.0694577662874473,40.1626107634465
9.97281746031746,0.66779625755496,0.811807261158655,0.0694245507849077,40.1629969525789
9.97291666666667,0.667742856042516,0.811749128102776,0.0693913511030879,40.1633831081989
9.97301587301587,0.667689459205973,0.811690996969552,0.0693581672341203,40.1637692303106
9.97311507936508,0.667636067044733,0.81163286776015,0.0693249991701411,40.1641553189184
9.97321428571429,0.667582679558201,0.811574740475735,0.0692918469032898,40.1645413740263
9.97331349206349,0.667529296745779,0.811516615117473,0.06925871042571,40.1649273956387
9.9734126984127,0.667475918606871,0.811458491686529,0.0692255897295488,40.1653133837598
9.9735119047619,0.66742254514088,0.811400370184065,0.0691924848069569,40.1656993383939
9.97361111111111,0.667369176346899,0.811342250609864,0.0691593956579658,40.1660852595434
9.97371031746032,0.667315812222433,0.811284132956507,0.0691263223236117,40.166471147202
9.97380952380952,0.667262452766619,0.811226017223614,0.0690932648047243,40.1668570013718
9.97390873015873,0.667209097978931,0.811167903412272,0.0690602230937646,40.1672428220571
9.97400793650794,0.66715574785884,0.811109791523568,0.0690271971831965,40.1676286092619
9.97410714285714,0.66710240240582,0.811051681558589,0.0689941870654885,40.1680143629904
9.97420634920635,0.667049061619341,0.810993573518421,0.0689611927331111,40.1684000832466
9.97430555555556,0.666995725498875,0.81093546740415,0.0689282141785385,40.1687857700348
9.97440476190476,0.666942394043892,0.81087736321686,0.0688952513942482,40.169171423359
9.97450396825397,0.666889067253863,0.810819260957635,0.068862304372721,40.1695570432233
9.97460317460317,0.666835745128257,0.810761160627559,0.0688293731064412,40.1699426296319
9.97470238095238,0.666782427666546,0.810703062227717,0.068796457587896,40.1703281825888
9.97480158730159,0.666729114868196,0.810644965759191,0.0687635578095762,40.1707137020983
9.97490079365079,0.666675806732678,0.810586871223063,0.0687306737639758,40.1710991881643
9.975,0.66662250325946,0.810528778620416,0.0686978054435921,40.171484640791
9.97509920634921,0.66656920444801,0.81047068795233,0.0686649528409257,40.1718700599826
9.97519841269841,0.666515910297795,0.810412599219888,0.0686321159484805,40.1722554457431
9.97529761904762,0.666462620808283,0.810354512424169,0.0685992947587637,40.1726407980767
9.97539682539682,0.666409335978941,0.810296427566254,0.0685664892642858,40.1730261169875
9.97549603174603,0.666356055809234,0.810238344647221,0.06853369945756,40.1734114024795
9.97559523809524,0.66630278029863,0.810180263668152,0.0685009253311045,40.1737966545569
9.97569444444444,0.666249509446594,0.810122184630123,0.0684681668774391,40.1741818732238
9.97579365079365,0.666196243252591,0.810064107534212,0.0684354240890874,40.1745670584842
9.97589285714286,0.666142981716086,0.810006032381498,0.0684026969585766,40.1749522103424
9.97599206349206,0.666089724836544,0.809947959173058,0.0683699854784368,40.1753373288025
9.97609126984127,0.666036472613428,0.809889887909968,0.0683372896412016,40.1757224138684
9.97619047619048,0.665983225046203,0.809831818593304,0.0683046094394078,40.1761074655444
9.97628968253968,0.665929982134332,0.809773751224142,0.0682719448655957,40.1764924838345
9.97638888888889,0.665876743877277,0.809715685803557,0.0682392959123087,40.1768774687428
9.97648809523809,0.665823510274502,0.809657622332623,0.0682066625720935,40.1772624202735
9.9765873015873,0.665770281325469,0.809599560812416,0.0681740448375002,40.1776473384306
9.97668650793651,0.665717057029639,0.809541501244007,0.0681414427010821,40.1780322232183
9.97678571428571,0.665663837386473,0.809483443628472,0.0681088561553959,40.1784170746407
9.97688492063492,0.665610622395433,0.809425387966882,0.0680762851930015,40.1788018927017
9.97698412698413,0.665557412055979,0.809367334260308,0.0680437298064617,40.1791866774057
9.97708333333333,0.665504206367572,0.809309282509824,0.0680111899883439,40.1795714287566
9.97718253968254,0.665451005329671,0.809251232716501,0.0679786657312176,40.1799561467585
9.97728174603175,0.665397808941736,0.809193184881409,0.0679461570276558,40.1803408314156
9.97738095238095,0.665344617203226,0.809135139005618,0.0679136638702349,40.1807254827319
9.97748015873016,0.6652914301136,0.809077095090198,0.0678811862515348,40.1811101007116
9.97757936507936,0.665238247672315,0.809019053136219,0.0678487241641383,40.1814946853587
9.97767857142857,0.66518506987883,0.808961013144749,0.0678162776006319,40.1818792366774
9.97777777777778,0.665131896732602,0.808902975116856,0.067783846553605,40.1822637546717
9.97787698412698,0.665078728233088,0.808844939053608,0.0677514310156507,40.1826482393457
9.97797619047619,0.665025564379745,0.808786904956073,0.0677190309793652,40.1830326907035
9.9780753968254,0.66497240517203,0.808728872825316,0.0676866464373478,40.1834171087493
9.9781746031746,0.664919250609397,0.808670842662406,0.0676542773822015,40.1838014934871
9.97827380952381,0.664866100691303,0.808612814468406,0.0676219238065323,40.1841858449209
9.97837301587301,0.664812955417204,0.808554788244383,0.0675895857029496,40.1845701630549
9.97847222222222,0.664759814786551,0.808496763991401,0.0675572630640657,40.1849544478933
9.97857142857143,0.664706678798803,0.808438741710526,0.0675249558824974,40.18533869944
9.97867063492064,0.664653547453411,0.80838072140282,0.0674926641508635,40.1857229176991
9.97876984126984,0.66460042074983,0.808322703069347,0.0674603878617867,40.1861071026748
9.97886904761905,0.664547298687513,0.80826468671117,0.0674281270078928,40.1864912543711
9.97896825396825,0.664494181265912,0.808206672329352,0.067395881581811,40.1868753727922
9.97906746031746,0.66444106848448,0.808148659924953,0.0673636515761737,40.187259457942
9.97916666666667,0.664387960342669,0.808090649499036,0.0673314369836167,40.1876435098248
9.97926587301587,0.66433485683993,0.808032641052662,0.0672992377967791,40.1880275284445
9.97936507936508,0.664281757975715,0.80797463458689,0.0672670540083032,40.1884115138053
9.97946428571429,0.664228663749474,0.807916630102781,0.0672348856108348,40.1887954659112
9.97956349206349,0.664175574160659,0.807858627601395,0.0672027325970226,40.1891793847663
9.9796626984127,0.664122489208718,0.807800627083789,0.067170594959519,40.1895632703748
9.9797619047619,0.664069408893102,0.807742628551024,0.0671384726909795,40.1899471227407
9.97986111111111,0.664016333213261,0.807684632004156,0.067106365784063,40.190330941868
9.97996031746032,0.663963262168641,0.807626637444242,0.0670742742314312,40.1907147277609
9.98005952380952,0.663910195758694,0.807568644872341,0.0670421980257503,40.1910984804234
9.98015873015873,0.663857133982865,0.807510654289508,0.0670101371596887,40.1914821998596
9.98025793650794,0.663804076840605,0.807452665696801,0.0669780916259184,40.1918658860737
9.98035714285714,0.663751024331358,0.807394679095273,0.0669460614171147,40.1922495390696
9.98045634920635,0.663697976454574,0.80733669448598,0.0669140465259562,40.1926331588514
9.98055555555556,0.663644933209697,0.807278711869977,0.0668820469451249,40.1930167454233
9.98065476190476,0.663591894596174,0.807220731248318,0.066850062667306,40.1934002987892
9.98075396825397,0.663538860613451,0.807162752622056,0.0668180936851879,40.1937838189534
9.98085317460317,0.663485831260973,0.807104775992244,0.0667861399914625,40.1941673059197
9.98095238095238,0.663432806538186,0.807046801359935,0.0667542015788249,40.1945507596924
9.98105158730159,0.663379786444534,0.80698882872618,0.0667222784399735,40.1949341802755
9.98115079365079,0.66332677097946,0.806930858092033,0.0666903705676099,40.1953175676731
9.98125,0.663273760142409,0.806872889458543,0.0666584779544393,40.1957009218892
9.98134920634921,0.663220753932825,0.806814922826761,0.0666266005931698,40.1960842429279
9.98144841269841,0.663167752350149,0.806756958197737,0.0665947384765126,40.1964675307932
9.98154761904762,0.663114755393825,0.806698995572521,0.0665628915971835,40.1968507854894
9.98164682539683,0.663061763063296,0.806641034952163,0.0665310599479003,40.1972340070203
9.98174603174603,0.663008775358003,0.80658307633771,0.0664992435213843,40.1976171953901
9.98184523809524,0.662955792277387,0.806525119730211,0.0664674423103604,40.1980003506029
9.98194444444444,0.66290281382089,0.806467165130714,0.0664356563075567,40.1983834726627
9.98204365079365,0.662849839987952,0.806409212540265,0.0664038855057044,40.1987665615736
9.98214285714286,0.662796870778013,0.806351261959912,0.0663721298975384,40.1991496173396
9.98224206349206,0.662743906190513,0.8062933133907,0.0663403894757964,40.1995326399649
9.98234126984127,0.662690946224893,0.806235366833676,0.0663086642332199,40.1999156294534
9.98244047619048,0.66263799088059,0.806177422289884,0.0662769541625533,40.2002985858093
9.98253968253968,0.662585040157045,0.806119479760369,0.0662452592565445,40.2006815090365
9.98263888888889,0.662532094053694,0.806061539246176,0.0662135795079447,40.2010643991393
9.98273809523809,0.662479152569976,0.806003600748348,0.0661819149095083,40.2014472561215
9.9828373015873,0.662426215705329,0.805945664267929,0.0661502654539929,40.2018300799874
9.98293650793651,0.662373283459188,0.80588772980596,0.0661186311341594,40.2022128707409
9.98303571428571,0.662320355830993,0.805829797363485,0.0660870119427727,40.2025956283862
9.98313492063492,0.662267432820178,0.805771866941545,0.0660554078726002,40.2029783529271
9.98323412698413,0.662214514426181,0.805713938541182,0.0660238189164128,40.203361044368
9.98333333333333,0.662161600648436,0.805656012163436,0.0659922450669847,40.2037437027127
9.98343253968254,0.662108691486378,0.805598087809348,0.0659606863170933,40.2041263279653
9.98353174603175,0.662055786939443,0.805540165479957,0.0659291426595196,40.20450892013
9.98363095238095,0.662002887007064,0.805482245176304,0.0658976140870477,40.2048914792107
9.98373015873016,0.661949991688677,0.805424326899425,0.0658661005924649,40.2052740052115
9.98382936507936,0.661897100983714,0.805366410650361,0.0658346021685619,40.2056564981364
9.98392857142857,0.661844214891609,0.805308496430148,0.0658031188081328,40.2060389579896
9.98402777777778,0.661791333411794,0.805250584239825,0.0657716505039749,40.2064213847751
9.98412698412698,0.661738456543702,0.805192674080427,0.0657401972488888,40.2068037784968
9.98422619047619,0.661685584286766,0.805134765952992,0.0657087590356783,40.207186139159
9.9843253968254,0.661632716640417,0.805076859858555,0.0656773358571507,40.2075684667655
9.9844246031746,0.661579853604085,0.805018955798152,0.065645927706116,40.2079507613206
9.98452380952381,0.661526995177202,0.804961053772817,0.0656145345753888,40.2083330228281
9.98462301587302,0.661474141359199,0.804903153783586,0.0655831564577859,40.2087152512922
9.98472222222222,0.661421292149506,0.804845255831491,0.0655517933461275,40.209097446717
9.98482142857143,0.661368447547553,0.804787359917567,0.0655204452332374,40.2094796091064
9.98492063492064,0.661315607552768,0.804729466042847,0.0654891121119425,40.2098617384645
9.98501984126984,0.661262772164581,0.804671574208362,0.0654577939750731,40.2102438347954
9.98511904761905,0.66120994138242,0.804613684415145,0.0654264908154628,40.2106258981031
9.98521825396825,0.661157115205713,0.804555796664227,0.0653952026259484,40.2110079283916
9.98531746031746,0.661104293633889,0.804497910956639,0.0653639293993701,40.211389925665
9.98541666666667,0.661051476666374,0.804440027293412,0.0653326711285714,40.2117718899274
9.98551587301587,0.660998664302596,0.804382145675576,0.0653014278063989,40.2121538211828
9.98561507936508,0.660945856541981,0.80432426610416,0.0652701994257028,40.2125357194351
9.98571428571429,0.660893053383956,0.804266388580193,0.0652389859793364,40.2129175846885
9.98581349206349,0.660840254827946,0.804208513104704,0.0652077874601563,40.2132994169471
9.9859126984127,0.660787460873376,0.80415063967872,0.065176603861022,40.2136812162147
9.98601190476191,0.660734671519672,0.80409276830327,0.0651454351747977,40.2140629824956
9.98611111111111,0.660681886766258,0.804034898979381,0.0651142813943494,40.2144447157936
9.98621031746032,0.660629106612559,0.803977031708078,0.065083142512547,40.214826416113
9.98630952380952,0.660576331057999,0.803919166490389,0.0650520185222635,40.2152080834576
9.98640873015873,0.660523560102001,0.803861303327339,0.0650209094163755,40.2155897178315
9.98650793650794,0.660470793743988,0.803803442219952,0.0649898151877626,40.2159713192389
9.98660714285714,0.660418031983382,0.803745583169253,0.0649587358293078,40.2163528876836
9.98670634920635,0.660365274819607,0.803687726176268,0.0649276713338975,40.2167344231698
9.98680555555556,0.660312522252083,0.803629871242018,0.0648966216944213,40.2171159257014
9.98690476190476,0.660259774280233,0.803572018367527,0.064865586903772,40.2174973952825
9.98700396825397,0.660207030903478,0.803514167553819,0.0648345669548459,40.2178788319172
9.98710317460317,0.660154292121238,0.803456318801914,0.0648035618405425,40.2182602356095
9.98720238095238,0.660101557932934,0.803398472112835,0.0647725715537645,40.2186416063633
9.98730158730159,0.660048828337985,0.803340627487604,0.0647415960874181,40.2190229441828
9.98740079365079,0.659996103335811,0.803282784927239,0.0647106354344123,40.219404249072
9.9875,0.659943382925832,0.803224944432762,0.0646796895876605,40.2197855210348
9.98759920634921,0.659890667107466,0.803167106005193,0.0646487585400783,40.2201667600753
9.98769841269841,0.659837955880132,0.803109269645551,0.064617842284585,40.2205479661976
9.98779761904762,0.659785249243248,0.803051435354854,0.0645869408141032,40.2209291394057
9.98789682539683,0.659732547196231,0.802993603134121,0.0645560541215587,40.2213102797036
9.98799603174603,0.659679849738498,0.802935772984369,0.0645251821998807,40.2216913870953
9.98809523809524,0.659627156869467,0.802877944906616,0.0644943250420017,40.2220724615849
9.98819444444444,0.659574468588553,0.802820118901878,0.0644634826408575,40.2224535031763
9.98829365079365,0.659521784895173,0.802762294971172,0.064432654989387,40.2228345118736
9.98839285714286,0.659469105788743,0.802704473115513,0.0644018420805327,40.2232154876809
9.98849206349206,0.659416431268677,0.802646653335917,0.0643710439072403,40.2235964306021
9.98859126984127,0.659363761334391,0.802588835633399,0.0643402604624586,40.2239773406412
9.98869047619048,0.659311095985299,0.802531020008972,0.0643094917391399,40.2243582178024
9.98878968253968,0.659258435220815,0.802473206463651,0.0642787377302397,40.2247390620896
9.98888888888889,0.659205779040352,0.802415394998448,0.0642479984287165,40.2251198735068
9.9889880952381,0.659153127443326,0.802357585614378,0.0642172738275332,40.225500652058
9.9890873015873,0.659100480429147,0.802299778312452,0.064186563919655,40.2258813977473
9.98918650793651,0.659047837997229,0.802241973093682,0.0641558686980503,40.2262621105787
9.98928571428571,0.658995200146984,0.80218416995908,0.0641251881556914,40.2266427905562
9.98938492063492,0.658942566877824,0.802126368909655,0.0640945222855536,40.2270234376838
9.98948412698413,0.658889938189159,0.80206856994642,0.0640638710806154,40.2274040519656
9.98958333333333,0.658837314080401,0.802010773070383,0.0640332345338587,40.2277846334055
9.98968253968254,0.658784694550961,0.801952978282553,0.0640026126382689,40.2281651820076
9.98978174603175,0.658732079600248,0.801895185583941,0.0639720053868343,40.2285456977758
9.98988095238095,0.658679469227673,0.801837394975554,0.0639414127725468,40.2289261807142
9.98998015873016,0.658626863432645,0.8017796064584,0.0639108347884016,40.2293066308269
9.99007936507936,0.658574262214573,0.801721820033487,0.0638802714273969,40.2296870481177
9.99017857142857,0.658521665572865,0.801664035701821,0.0638497226825346,40.2300674325908
9.99027777777778,0.65846907350693,0.801606253464409,0.0638191885468195,40.2304477842501
9.99037698412699,0.658416486016174,0.801548473322257,0.0637886690132596,40.2308281030997
9.99047619047619,0.658363903100008,0.801490695276371,0.0637581640748673,40.2312083891435
9.9905753968254,0.658311324757836,0.801432919327755,0.063727673724657,40.2315886423855
9.9906746031746,0.658258750989066,0.801375145477414,0.063697197955647,40.2319688628299
9.99077380952381,0.658206181793105,0.801317373726352,0.0636667367608586,40.2323490504805
9.99087301587302,0.658153617169357,0.801259604075573,0.0636362901333168,40.2327292053414
9.99097222222222,0.658101057117229,0.801201836526079,0.0636058580660495,40.2331093274166
9.99107142857143,0.658048501636125,0.801144071078873,0.0635754405520881,40.2334894167101
9.99117063492064,0.657995950725451,0.801086307734958,0.0635450375844673,40.2338694732259
9.99126984126984,0.65794340438461,0.801028546495334,0.0635146491562251,40.234249496968
9.99136904761905,0.657890862613006,0.800970787361002,0.0634842752604026,40.2346294879404
9.99146825396825,0.657838325410044,0.800913030332964,0.0634539158900445,40.2350094461471
9.99156746031746,0.657785792775126,0.800855275412219,0.0634235710381986,40.2353893715921
9.99166666666667,0.657733264707655,0.800797522599768,0.063393240697916,40.2357692642795
9.99176587301587,0.657680741207033,0.800739771896608,0.0633629248622512,40.2361491242131
9.99186507936508,0.657628222272662,0.800682023303738,0.0633326235242616,40.2365289513971
9.99196428571429,0.657575707903944,0.800624276822158,0.0633023366770089,40.2369087458354
9.99206349206349,0.657523198100281,0.800566532452864,0.0632720643135571,40.2372885075319
9.9921626984127,0.657470692861073,0.800508790196854,0.0632418064269739,40.2376682364908
9.99226190476191,0.657418192185719,0.800451050055123,0.0632115630103301,40.238047932716
9.99236111111111,0.657365696073622,0.80039331202867,0.0631813340567,40.2384275962115
9.99246031746032,0.657313204524179,0.800335576118488,0.0631511195591611,40.2388072269813
9.99255952380952,0.65726071753679,0.800277842325573,0.0631209195107942,40.2391868250293
9.99265873015873,0.657208235110855,0.80022011065092,0.0630907339046835,40.2395663903597
9.99275793650794,0.657155757245771,0.800162381095524,0.0630605627339163,40.2399459229763
9.99285714285714,0.657103283940937,0.800104653660377,0.0630304059915834,40.2403254228832
9.99295634920635,0.65705081519575,0.800046928346473,0.0630002636707787,40.2407048900844
9.99305555555556,0.656998351009607,0.799989205154805,0.0629701357645995,40.2410843245838
9.99315476190476,0.656945891381906,0.799931484086364,0.0629400222661465,40.2414637263854
9.99325396825397,0.656893436312044,0.799873765142144,0.0629099231685236,40.2418430954933
9.99335317460318,0.656840985799414,0.799816048323133,0.0628798384648375,40.2422224319115
9.99345238095238,0.656788539843415,0.799758333630325,0.0628497681481995,40.2426017356438
9.99355158730159,0.656736098443441,0.799700621064709,0.0628197122117231,40.2429810066944
9.99365079365079,0.656683661598888,0.799642910627275,0.0627896706485252,40.2433602450671
9.99375,0.656631229309149,0.799585202319012,0.0627596434517263,40.243739450766
9.99384920634921,0.656578801573619,0.799527496140909,0.06272963061445,40.2441186237951
9.99394841269841,0.656526378391692,0.799469792093953,0.0626996321298233,40.2444977641583
9.99404761904762,0.65647395976276,0.799412090179134,0.0626696479909766,40.2448768718596
9.99414682539683,0.656421545686218,0.799354390397438,0.0626396781910432,40.2452559469031
9.99424603174603,0.656369136161457,0.799296692749852,0.0626097227231602,40.2456349892927
9.99434523809524,0.65631673118787,0.799238997237363,0.0625797815804676,40.2460139990323
9.99444444444444,0.656264330764848,0.799181303860956,0.062549854756109,40.246392976126
9.99454365079365,0.656211934891784,0.799123612621617,0.062519942243231,40.2467719205778
9.99464285714286,0.656159543568068,0.79906592352033,0.0624900440349837,40.2471508323916
9.99474206349206,0.65610715679309,0.79900823655808,0.0624601601245205,40.2475297115714
9.99484126984127,0.656054774566241,0.79895055173585,0.0624302905049976,40.2479085581212
9.99494047619048,0.656002396886911,0.798892869054625,0.0624004351695757,40.248287372045
9.99503968253968,0.655950023754489,0.798835188515388,0.0623705941114177,40.2486661533467
9.99513888888889,0.655897655168365,0.79877751011912,0.0623407673236901,40.2490449020303
9.9952380952381,0.655845291127927,0.798719833866803,0.0623109547995627,40.2494236180998
9.9953373015873,0.655792931632564,0.79866215975942,0.0622811565322086,40.2498023015592
9.99543650793651,0.655740576681662,0.79860448779795,0.0622513725148044,40.2501809524125
9.99553571428571,0.655688226274611,0.798546817983375,0.0622216027405296,40.2505595706636
9.99563492063492,0.655635880410796,0.798489150316674,0.0621918472025674,40.2509381563165
9.99573412698413,0.655583539089605,0.798431484798827,0.062162105894104,40.2513167093751
9.99583333333333,0.655531202310424,0.798373821430813,0.062132378808329,40.2516952298435
9.99593253968254,0.655478870072639,0.79831616021361,0.0621026659384353,40.2520737177256
9.99603174603175,0.655426542375636,0.798258501148196,0.0620729672776191,40.2524521730254
9.99613095238095,0.655374219218799,0.798200844235549,0.06204328281908,40.2528305957469
9.99623015873016,0.655321900601514,0.798143189476646,0.0620136125560208,40.253208985894
9.99632936507937,0.655269586523164,0.798085536872463,0.061983956481647,40.2535873434707
9.99642857142857,0.655217276983135,0.798027886423977,0.0619543145891689,40.253965668481
9.99652777777778,0.655164971980809,0.797970238132163,0.0619246868717989,40.2543439609288
9.99662698412699,0.65511267151557,0.797912591997995,0.0618950733227528,40.2547222208181
9.99672619047619,0.6550603755868,0.79785494802245,0.0618654739352499,40.2551004481529
9.9968253968254,0.655008084193882,0.7977973062065,0.0618358887025129,40.2554786429371
9.9969246031746,0.654955797336198,0.79773966655112,0.0618063176177676,40.2558568051747
9.99702380952381,0.65490351501313,0.797682029057282,0.0617767606742431,40.2562349348697
9.99712301587302,0.654851237224059,0.797624393725959,0.061747217865172,40.256613032026
9.99722222222222,0.654798963968366,0.797566760558123,0.0617176891837899,40.2569910966476
9.99732142857143,0.654746695245431,0.797509129554745,0.061688174623336,40.2573691287385
9.99742063492064,0.654694431054634,0.797451500716798,0.0616586741770527,40.2577471283025
9.99751984126984,0.654642171395356,0.797393874045251,0.0616291878381854,40.2581250953438
9.99761904761905,0.654589916266975,0.797336249541075,0.0615997155999833,40.2585030298662
9.99771825396825,0.65453766566887,0.79727862720524,0.0615702574556985,40.2588809318737
9.99781746031746,0.654485419600419,0.797221007038713,0.0615408133985862,40.2592588013703
9.99791666666667,0.654433178061002,0.797163389042465,0.061511383421906,40.2596366383599
9.99801587301587,0.654380941049996,0.797105773217464,0.0614819675189198,40.2600144428464
9.99811507936508,0.654328708566777,0.797048159564676,0.0614525656828927,40.2603922148339
9.99821428571429,0.654276480610724,0.796990548085071,0.0614231779070938,40.2607699543263
9.99831349206349,0.654224257181213,0.796932938779613,0.0613938041847948,40.2611476613275
9.9984126984127,0.654172038277619,0.796875331649269,0.0613644445092713,40.2615253358416
9.99851190476191,0.654119823899319,0.796817726695006,0.0613350988738017,40.2619029778723
9.99861111111111,0.654067614045687,0.796760123917788,0.0613057672716681,40.2622805874239
9.99871031746032,0.6540154087161,0.79670252331858,0.0612764496961555,40.2626581645
9.99880952380952,0.653963207909932,0.796644924898346,0.0612471461405526,40.2630357091048
9.99890873015873,0.653911011626556,0.796587328658051,0.0612178565981511,40.2634132212421
9.99900793650794,0.653858819865347,0.796529734598657,0.0611885810622462,40.263790700916
9.99910714285714,0.653806632625678,0.796472142721127,0.0611593195261362,40.2641681481303
9.99920634920635,0.653754449906922,0.796414553026424,0.0611300719831228,40.2645455628891
9.99930555555556,0.653702271708452,0.796356965515508,0.0611008384265106,40.2649229451962
9.99940476190476,0.65365009802964,0.796299380189343,0.0610716188496088,40.2653002950557
9.99950396825397,0.653597928869858,0.796241797048888,0.0610424132457284,40.2656776124714
9.99960317460318,0.653545764228478,0.796184216095104,0.0610132216081844,40.2660548974473
9.99970238095238,0.65349360410487,0.796126637328951,0.060984043930295,40.2664321499874
9.99980158730159,0.653441448498406,0.796069060751388,0.0609548802053816,40.2668093700956
9.99990079365079,0.653389297408455,0.796011486363374,0.060925730426769,40.2671865577758
10,0.653337150834388,0.795953914165867,0.0608965945877853,40.2675637130321
10,0.653337150834388,0.795953914165867,7.56089659458779,40.2675637130321
10.0000992063492,0.654670397015747,0.795896623828198,7.55728083051912,40.2686585580598
10.0001984126984,0.656001479568164,0.795839894263208,7.55366679568935,40.2697538143075
10.0002976190476,0.65733040162666,0.79578372438548,7.55005448918859,40.2708494807487
10.0003968253968,0.658657166245936,0.795728113064496,7.54644391018002,40.2719455563735
10.000496031746,0.659981776508219,0.795673059203178,7.5428350578049,40.2730420401426
10.0005952380952,0.661304235523267,0.795618561737883,7.53922793118264,40.2741389309875
10.0006944444444,0.662624546446918,0.795564619598122,7.5356225295141,40.2752362278467
10.0007936507937,0.663942712409079,0.795511231677278,7.53201885204408,40.2763339296745
10.0008928571429,0.665258736498654,0.795458396884034,7.52841689794227,40.2774320354061
10.0009920634921,0.666572621801211,0.795406114128996,7.52481666637914,40.2785305439797
10.0010912698413,0.66788437139891,0.795354382324691,7.52121815652609,40.279629454336
10.0011904761905,0.669193988370527,0.79530320038557,7.5176213675554,40.2807287654187
10.0012896825397,0.670501475791446,0.795252567228009,7.51402629864026,40.281828476174
10.0013888888889,0.671806836733664,0.795202481770303,7.51043294895475,40.2829285855512
10.0014880952381,0.67311007426579,0.795152942932674,7.50684131767386,40.2840290925021
10.0015873015873,0.674411191453045,0.795103949637265,7.50325140397345,40.2851299959814
10.0016865079365,0.67571019135726,0.795055500808141,7.49966320703028,40.2862312949465
10.0017857142857,0.677007077036879,0.795007595371293,7.49607672602202,40.2873329883576
10.0018849206349,0.678301851546959,0.794960232254631,7.49249196012722,40.2884350751778
10.0019841269841,0.679594517939165,0.794913410387992,7.48890890852532,40.2895375543727
10.0020833333333,0.680885079261779,0.794867128703133,7.48532757039668,40.290640424911
10.0021825396825,0.682173538559689,0.794821386133735,7.48174794492252,40.2917436857638
10.0022817460317,0.683459898874416,0.794776181615402,7.47817003128493,40.2928473359054
10.002380952381,0.684744163244039,0.794731514085662,7.47459382866703,40.2939513743124
10.0024801587302,0.686026334703302,0.794687382483965,7.4710193362527,40.2950557999646
10.0025793650794,0.687306416283541,0.794643785751683,7.46744655322675,40.2961606118442
10.0026785714286,0.688584411012707,0.794600722832112,7.46387547877488,40.2972658089365
10.0027777777778,0.68986032191536,0.794558192670472,7.46030611208371,40.2983713902294
10.002876984127,0.691134152012674,0.794516194213904,7.45673845234072,40.2994773547136
10.0029761904762,0.692405904322431,0.794474726411473,7.45317249873432,40.3005837013825
10.0030753968254,0.69367558185903,0.794433788214167,7.44960825045379,40.3016904292324
10.0031746031746,0.694943187776792,0.794393378502151,7.446045706669,40.3027975371632
10.0032738095238,0.696208725205757,0.794353496160209,7.44248486654701,40.3039050240724
10.003373015873,0.697472197118554,0.794314140148767,7.43892572927382,40.3050128889557
10.0034722222222,0.698733606484094,0.794275309429669,7.43536829403584,40.30612113081
10.0035714285714,0.699992956267561,0.794237002966182,7.43181256001982,40.3072297486339
10.0036706349206,0.701250249430418,0.79419921972299,7.42825852641289,40.3083387414273
10.0037698412698,0.702505488930423,0.794161958666199,7.4247061924025,40.3094481081913
10.003869047619,0.703758677721555,0.794125218763336,7.42115555717662,40.3105578479287
10.0039682539683,0.705009818754127,0.794088998983348,7.41760661992343,40.3116679596436
10.0040674603175,0.706258914974708,0.7940532982966,7.41405937983156,40.3127784423416
10.0041666666667,0.707505969326145,0.794018115674879,7.41051383608998,40.3138892950296
10.0042658730159,0.708750984747562,0.793983450091393,7.40696998788805,40.3150005167159
10.0043650793651,0.70999396417436,0.793949300520769,7.40342783441549,40.3161121064103
10.0044642857143,0.711234910538217,0.793915665939055,7.3998873748624,40.317224063124
10.0045634920635,0.712473826767086,0.793882545323717,7.39634860841923,40.3183363858695
10.0046626984127,0.7137107157852,0.793849937653644,7.39281153427682,40.319449073661
10.0047619047619,0.714945580513067,0.793817841909145,7.38927615162639,40.3205621255137
10.0048611111111,0.716178423867473,0.793786257071948,7.3857424596595,40.3216755404446
10.0049603174603,0.717409248761478,0.793755182125201,7.3822104575681,40.3227893174719
10.0050595238095,0.718638058104423,0.793724616053473,7.37868014454451,40.3239034556152
10.0051587301587,0.719864854801924,0.793694557842754,7.37515151978142,40.3250179538956
10.0052579365079,0.721089641755889,0.793665006480453,7.37162458247184,40.3261328113357
10.0053571428571,0.722312421864455,0.793635960955399,7.36809933180929,40.3272480269592
10.0054563492063,0.723533198022086,0.793607420257843,7.36457576698753,40.3283635997916
10.0055555555556,0.724751973119506,0.793579383379455,7.36105388720072,40.3294795288595
10.0056547619048,0.725968750043714,0.793551849313324,7.35753369164341,40.3305958131912
10.005753968254,0.727183531677988,0.793524817053962,7.35401517951051,40.331712451816
10.0058531746032,0.728396320901882,0.793498285597299,7.3504983499973,40.3328294437651
10.0059523809524,0.729607120591227,0.793472253940686,7.34698320229943,40.3339467880708
10.0060515873016,0.730815933618132,0.793446721082894,7.34346973561293,40.3350644837669
10.0061507936508,0.732022762850981,0.793421686024116,7.3399579491342,40.3361825298886
10.00625,0.733227611154436,0.793397147765962,7.33644784205998,40.3373009254725
10.0063492063492,0.734430481389436,0.793373105311465,7.33293941358743,40.3384196695566
10.0064484126984,0.735631376413196,0.793349557665076,7.32943266291404,40.3395387611805
10.0065476190476,0.73683029907921,0.793326503832669,7.3259275892377,40.340658199385
10.0066468253968,0.738027252237245,0.793303942821536,7.32242419175665,40.3417779832123
10.006746031746,0.739222238733366,0.793281873640389,7.31892246966945,40.3428981117061
10.0068452380952,0.740415261409862,0.793260295299363,7.3154224221752,40.3440185839116
10.0069444444444,0.741606323105349,0.79323920681001,7.3119240484732,40.3451393988752
10.0070436507937,0.742795426654706,0.793218607185303,7.30842734776319,40.3462605556449
10.0071428571429,0.743982574889086,0.793198495439638,7.30493231924526,40.34738205327
10.0072420634921,0.745167770635919,0.793178870588827,7.30143896211988,40.3485038908014
10.0073412698413,0.746351016718913,0.793159731650105,7.2979472755879,40.3496260672911
10.0074404761905,0.747532315958053,0.793141077642127,7.29445725885052,40.3507485817927
10.0075396825397,0.748711671169601,0.793122907584967,7.29096891110933,40.3518714333612
10.0076388888889,0.749889085166094,0.79310522050012,7.28748223156629,40.3529946210531
10.0077380952381,0.751064560756348,0.793088015410502,7.2839972194237,40.3541181439262
10.0078373015873,0.752238100745455,0.793071291340447,7.28051387388428,40.3552420010397
10.0079365079365,0.753409707934784,0.793055047315713,7.27703219415108,40.3563661914542
10.0080357142857,0.754579385121982,0.793039282363474,7.27355217942754,40.3574907142318
10.0081349206349,0.75574713510097,0.793023995512326,7.27007382891746,40.3586155684361
10.0082341269841,0.756912960661965,0.793009185792287,7.26659714182498,40.3597407531318
10.0083333333333,0.758076864591411,0.792994852234793,7.26312211735473,40.3608662673854
10.0084325396825,0.759238849672079,0.7929809938727,7.25964875471159,40.3619921102644
10.0085317460317,0.760398918682997,0.792967609740286,7.25617705310084,40.3631182808381
10.008630952381,0.761557074399474,0.792954698873248,7.25270701172815,40.364244778177
10.0087301587302,0.762713319593095,0.792942260308703,7.24923862979953,40.365371601353
10.0088293650794,0.763867657031719,0.79293029308519,7.2457719065214,40.3664987494395
10.0089285714286,0.765020089479485,0.792918796242666,7.24230684110052,40.3676262215114
10.0090277777778,0.766170619696808,0.79290776882251,7.23884343274403,40.3687540166447
10.009126984127,0.76731925044038,0.79289720986752,7.23538168065945,40.3698821339172
10.0092261904762,0.768465984463169,0.792887118421915,7.23192158405465,40.3710105724077
10.0093253968254,0.769610824514422,0.792877493531333,7.22846314213789,40.3721393311969
10.0094246031746,0.770753773339659,0.792868334242835,7.2250063541178,40.3732684093665
10.0095238095238,0.771894833680682,0.792859639604899,7.22155121920337,40.3743978059998
10.009623015873,0.773034008275567,0.792851408667425,7.21809773660396,40.3755275201814
10.0097222222222,0.774171299858681,0.792843640481732,7.21464590552925,40.3766575509976
10.0098214285714,0.775306711160624,0.792836334100562,7.21119572518946,40.3777878975357
10.0099206349206,0.776440244908319,0.792829488578075,7.20774719479501,40.3789185588846
10.0100198412698,0.77757190382495,0.79282310296985,7.20430031355675,40.3800495341349
10.010119047619,0.778701690629976,0.792817176332889,7.20085508068589,40.381180822378
10.0102182539683,0.779829608039136,0.792811707725613,7.19741149539402,40.3823124227073
10.0103174603175,0.780955658764445,0.792806696207864,7.19396955689311,40.3834443342174
10.0104166666667,0.782079845514194,0.792802140840901,7.19052926439548,40.3845765560041
10.0105158730159,0.783202170992951,0.792798040687409,7.18709061711382,40.3857090871648
10.0106150793651,0.784322637901562,0.792794394811488,7.18365361426122,40.3868419267985
10.0107142857143,0.785441248937149,0.79279120227866,7.18021825505111,40.3879750740054
10.0108134920635,0.78655800679311,0.792788462155868,7.17678453869731,40.3891085278869
10.0109126984127,0.787672914159122,0.792786173511475,7.17335246441399,40.3902422875464
10.0110119047619,0.788785973721137,0.792784335415264,7.16992203141571,40.3913763520881
10.0111111111111,0.789897188161386,0.792782946938438,7.1664932389174,40.3925107206179
10.0112103174603,0.79100656015839,0.79278200715362,7.1630660861343,40.3936453922433
10.0113095238095,0.792114092386902,0.792781515134854,7.15964057228216,40.3947803660728
10.0114087301587,0.793219787517998,0.792781469957603,7.15621669657699,40.3959156412166
10.0115079365079,0.794323648219016,0.792781870698753,7.15279445823517,40.3970512167863
10.0116071428571,0.795425677153569,0.792782716436606,7.1493738564735,40.3981870918947
10.0117063492063,0.796525876981548,0.792784006250888,7.14595489050912,40.3993232656562
10.0118055555556,0.797624250359122,0.792785739222744,7.14253755955953,40.4004597371867
10.0119047619048,0.798720799938736,0.792787914434738,7.13912186284264,40.4015965056033
10.012003968254,0.799815528369111,0.792790530970855,7.13570779957671,40.4027335700245
10.0121031746032,0.800908438295246,0.792793587916502,7.13229536898035,40.4038709295705
10.0122023809524,0.801999532358417,0.792797084358504,7.12888457027258,40.4050085833627
10.0123015873016,0.803088813196176,0.792801019385106,7.12547540267276,40.4061465305238
10.0124007936508,0.804176283442352,0.792805392085976,7.12206786540063,40.4072847701781
10.0125,0.805261945727053,0.792810201552199,7.11866195767631,40.4084233014514
10.0125992063492,0.80634580267666,0.792815446876282,7.11525767872027,40.4095621234707
10.0126984126984,0.80742785691385,0.792821127152153,7.11185502775333,40.4107012353644
10.0127976190476,0.808508111057528,0.792827241475157,7.1084540039968,40.4118406362626
10.0128968253968,0.809586567722925,0.792833788942063,7.10505460667222,40.4129803252965
10.012996031746,0.81066322952153,0.792840768651058,7.10165683500157,40.4141203015988
10.0130952380952,0.811738099061112,0.79284817970175,7.09826068820718,40.4152605643037
10.0131944444444,0.812811178945715,0.792856021195166,7.09486616551175,40.4164011125469
10.0132936507937,0.813882471775661,0.792864292233756,7.09147326613837,40.4175419454651
10.0133928571429,0.814951980147547,0.792872991921388,7.08808198931047,40.4186830621969
10.0134920634921,0.816019706654249,0.79288211936335,7.08469233425188,40.419824461882
10.0135912698413,0.81708565388492,0.792891673666351,7.08130430018678,40.4209661436617
10.0136904761905,0.818149824424988,0.792901653938522,7.07791788633973,40.4221081066786
10.0137896825397,0.819212220856159,0.79291205928941,7.07453309193567,40.4232503500767
10.0138888888889,0.820272845756416,0.792922888829986,7.07114991619989,40.4243928730015
10.0139880952381,0.821331701700019,0.79293414167264,7.06776835835806,40.4255356745998
10.0140873015873,0.822388791257505,0.792945816931182,7.06438841763623,40.42667875402
10.0141865079365,0.823444116995701,0.792957913720842,7.06101009326076,40.4278221104117
10.0142857142857,0.824497681477669,0.792970431158271,7.05763338445852,40.4289657429261
10.0143849206349,0.825549487262791,0.792983368361539,7.05425829045663,40.4301096507156
10.0144841269841,0.826599536906711,0.792996724450138,7.0508848104826,40.4312538329343
10.0145833333333,0.827647832961349,0.79301049854498,7.04751294376433,40.4323982887374
10.0146825396825,0.828694377974906,0.793024689768395,7.04414268953009,40.4335430172817
10.0147817460317,0.829739174491854,0.793039297244136,7.0407740470085,40.4346880177255
10.014880952381,0.830782225052946,0.793054320097374,7.03740701542858,40.4358332892282
10.0149801587302,0.83182353219521,0.793069757454702,7.03404159401971,40.4369788309509
10.0150793650794,0.832863098451953,0.793085608444132,7.03067778201162,40.4381246420561
10.0151785714286,0.833900926352756,0.793101872195096,7.02731557863445,40.4392707217075
10.0152777777778,0.834937018423479,0.793118547838449,7.02395498311866,40.4404170690704
10.015376984127,0.835971377186259,0.793135634506463,7.02059599469514,40.4415636833114
10.0154761904762,0.837004005159508,0.793153131332831,7.0172386125951,40.4427105635987
10.0155753968254,0.838034921858956,0.793171030733698,7.013882835619,40.4438577023624
10.0156746031746,0.839064146498191,0.793189325244501,7.01052866257581,40.4450050921521
10.0157738095238,0.840091681138659,0.793208014179265,7.00717609271011,40.4461527323166
10.015873015873,0.84111752784063,0.793227096852445,7.00382512526669,40.4473006222051
10.0159722222222,0.842141688663141,0.793246572578932,7.00047575949066,40.448448761167
10.0160714285714,0.843164165664013,0.793266440674046,6.99712799462742,40.4495971485524
10.0161706349206,0.844184960899848,0.793286700453541,6.99378182992268,40.4507457837117
10.0162698412698,0.845204076426028,0.793307351233606,6.99043726462244,40.4518946659957
10.016369047619,0.846221514296721,0.793328392330858,6.987094297973,40.4530437947557
10.0164682539683,0.847237276564872,0.793349823062349,6.98375292922094,40.4541931693432
10.0165674603175,0.848251365282211,0.793371642745564,6.98041315761316,40.4553427891106
10.0166666666667,0.84926378249925,0.793393850698421,6.97707498239684,40.4564926534101
10.0167658730159,0.850274530265282,0.793416446239267,6.97373840281945,40.4576427615948
10.0168650793651,0.851283610628381,0.793439428686886,6.97040341812878,40.4587931130181
10.0169642857143,0.852291025635406,0.793462797360491,6.9670700275729,40.4599437070337
10.0170634920635,0.853296777331993,0.793486551579731,6.96373823040017,40.4610945429958
10.0171626984127,0.854300867762579,0.793510690664684,6.96040802585922,40.4622456202591
10.0172619047619,0.855303298970339,0.793535213935863,6.95707941319909,40.4633969381785
10.0173611111111,0.856304072997269,0.793560120714212,6.95375239166899,40.4645484961096
10.0174603174603,0.857303191884138,0.793585410321109,6.95042696051848,40.4657002934083
10.0175595238095,0.858300657670494,0.793611082078363,6.9471031189974,40.4668523294308
10.0176587301587,0.859296472394666,0.793637135308217,6.9437808663559,40.468004603534
10.0177579365079,0.860290638093767,0.793663569333347,6.94046020184442,40.4691571150749
10.0178571428571,0.861283156803691,0.793690383476858,6.93714112471369,40.4703098634111
10.0179563492063,0.862274030559114,0.793717577062292,6.93382363421475,40.4714628479006
10.0180555555556,0.863263261393494,0.793745149413621,6.93050772959892,40.4726160679019
10.0181547619048,0.864250851339071,0.79377309985525,6.92719341011782,40.4737695227738
10.018253968254,0.865236802426866,0.793801427712017,6.92388067502339,40.4749232118756
10.0183531746032,0.866221116686683,0.793830132309192,6.92056952356782,40.4760771345669
10.0184523809524,0.867203796147108,0.793859212972477,6.91725995500364,40.4772312902079
10.0185515873016,0.868184842835508,0.793888669028009,6.91395196858366,40.4783856781591
10.0186507936508,0.869164258778045,0.793918499802355,6.91064556356092,40.4795402977814
10.01875,0.870142045999624,0.793948704622514,6.90734073918892,40.4806951484363
10.0188492063492,0.871118206523973,0.793979282815921,6.90403749472131,40.4818502294854
10.0189484126984,0.872092742373584,0.794010233710441,6.90073582941209,40.4830055402911
10.0190476190476,0.873065655569737,0.794041556634371,6.89743574251554,40.484161080216
10.0191468253968,0.874036948132489,0.794073250916443,6.89413723328624,40.4853168486231
10.019246031746,0.875006622080681,0.79410531588582,6.89084030097907,40.4864728448759
10.0193452380952,0.875974679431936,0.794137750872096,6.88754494484922,40.4876290683384
10.0194444444444,0.876941122202658,0.794170555205302,6.88425116415214,40.4887855183748
10.0195436507937,0.877905952408034,0.794203728215896,6.88095895814362,40.4899421943499
10.0196428571429,0.878869172062033,0.794237269234773,6.8776683260797,40.4910990956288
10.0197420634921,0.879830783177404,0.794271177593259,6.87437926721676,40.4922562215773
10.0198412698413,0.88079078776568,0.794305452623111,6.87109178081145,40.4934135715612
10.0199404761905,0.881749187837174,0.794340093656521,6.86780586612071,40.4945711449471
10.0200396825397,0.882705985400983,0.794375100026113,6.8645215224018,40.4957289411017
10.0201388888889,0.883661182464997,0.794410471064943,6.86123874891222,40.4968869593924
10.0202380952381,0.884614781035852,0.794446206106498,6.85795754490989,40.4980451991869
10.0203373015873,0.885566783119,0.794482304484701,6.85467790965291,40.4992036598532
10.0204365079365,0.886517190718665,0.794518765533905,6.85139984239971,40.50036234076
10.0205357142857,0.887466005837854,0.794555588588896,6.84812334240901,40.5015212412762
10.0206349206349,0.888413230478353,0.794592772984893,6.84484840893984,40.5026803607711
10.0207341269841,0.889358866640732,0.794630318057548,6.84157504125151,40.5038396986147
10.0208333333333,0.890302916324343,0.794668223142943,6.83830323860365,40.5049992541771
10.0209325396825,0.891245381527317,0.794706487577597,6.83503300025616,40.506159026829
10.0210317460317,0.892186264246571,0.794745110698458,6.83176432546926,40.5073190159415
10.021130952381,0.8931255664778,0.794784091842907,6.82849721350344,40.508479220886
10.0212301587302,0.894063290215485,0.794823430348758,6.82523166361951,40.5096396410346
10.0213293650794,0.894999437452885,0.794863125554259,6.82196767507856,40.5108002757594
10.0214285714286,0.895934010182044,0.794903176798088,6.81870524714198,40.5119611244334
10.0215277777778,0.896867010393785,0.794943583419357,6.81544437907146,40.5131221864296
10.021626984127,0.897798440077728,0.79498434475761,6.81218507012893,40.5142834611218
10.0217261904762,0.898728301222236,0.795025460152825,6.80892731957678,40.5154449478839
10.0218253968254,0.899656595814492,0.79506692894541,6.80567112667752,40.5166066460903
10.0219246031746,0.900583325840448,0.795108750476208,6.80241649069403,40.517768555116
10.0220238095238,0.901508493284838,0.795150924086492,6.79916341088948,40.5189306743363
10.022123015873,0.902432100131177,0.795193449117971,6.79591188652733,40.5200930031268
10.0222222222222,0.903354148361765,0.795236324912783,6.79266191687134,40.5212555408637
10.0223214285714,0.90427463995768,0.795279550813502,6.78941350118556,40.5224182869236
10.0224206349206,0.905193576898785,0.79532312616313,6.78616663873435,40.5235812406834
10.0225198412698,0.906110961163722,0.795367050305106,6.78292132878235,40.5247444015206
10.022619047619,0.907026794729918,0.7954113225833,6.77967757059451,40.5259077688129
10.0227182539683,0.907941079573579,0.795455942342013,6.77643536343606,40.5270713419388
10.0228174603175,0.908853817669696,0.795500908925981,6.77319470657255,40.5282351202766
10.0229166666667,0.909765010992038,0.79554622168037,6.76995559926979,40.5293991032057
10.0230158730159,0.91067466151316,0.795591879950782,6.76671804079393,40.5305632901056
10.0231150793651,0.911582771204408,0.795637883083249,6.76348203041134,40.531727680356
10.0232142857143,0.912489342035876,0.795684230424235,6.76024756738882,40.5328922733375
10.0233134920635,0.913394375976473,0.795730921320638,6.75701465099336,40.5340570684307
10.0234126984127,0.91429787499388,0.795777955119788,6.75378328049225,40.535222065017
10.0235119047619,0.915199841054561,0.795825331169448,6.7505534551531,40.5363872624778
10.0236111111111,0.91610027612376,0.795873048817814,6.74732517424383,40.5375526601953
10.0237103174603,0.916999182165503,0.795921107413512,6.74409843703263,40.5387182575519
10.0238095238095,0.917896561142599,0.795969506305604,6.74087324278798,40.5398840539305
10.0239087301587,0.918792415016637,0.796018244843582,6.7376495907787,40.5410500487145
10.0240079365079,0.91968674574799,0.796067322377372,6.73442748027386,40.5422162412875
10.0241071428571,0.920579555295812,0.796116738257331,6.73120691054284,40.5433826310338
10.0242063492063,0.921470845618039,0.796166491834251,6.72798788085532,40.5445492173378
10.0243055555556,0.922360618671388,0.796216582459354,6.72477039048129,40.5457159995846
10.0244047619048,0.92324887641136,0.796267009484296,6.72155443869101,40.5468829771596
10.024503968254,0.924135620792236,0.796317772261165,6.71834002475504,40.5480501494487
10.0246031746032,0.925020853767092,0.796368870142482,6.71512714794422,40.5492175158381
10.0247023809524,0.925904577287748,0.7964203024812,6.71191580752977,40.5503850757145
10.0248015873016,0.926786793304845,0.796472068630705,6.70870600278313,40.551552828465
10.0249007936508,0.927667503767792,0.796524167944815,6.70549773297602,40.5527207734771
10.025,0.92854671062478,0.796576599777781,6.70229099738052,40.5538889101389
10.0250992063492,0.929424415822782,0.796629363484287,6.69908579526895,40.5550572378386
10.0251984126984,0.930300621307552,0.796682458419449,6.69588212591395,40.5562257559651
10.0252976190476,0.931175329023628,0.796735883938815,6.69267998858847,40.5573944639075
10.0253968253968,0.932048540914329,0.796789639398366,6.68947938256572,40.5585633610556
10.025496031746,0.932920258921755,0.796843724154516,6.68628030711925,40.5597324467993
10.0255952380952,0.933790484986789,0.796898137564112,6.68308276152287,40.5609017205292
10.0256944444444,0.934659221049095,0.796952878984431,6.6798867450507,40.5620711816362
10.0257936507937,0.935526469047121,0.797007947773186,6.67669225697715,40.5632408295116
10.0258928571429,0.936392230918093,0.79706334328852,6.67349929657694,40.5644106635471
10.0259920634921,0.937256508598022,0.797119064889009,6.67030786312508,40.5655806831349
10.0260912698413,0.938119304021712,0.797175111933664,6.66711795589682,40.5667508876676
10.0261904761905,0.938980619122714,0.797231483781923,6.66392957416785,40.5679212765383
10.0262896825397,0.939840455833396,0.797288179793663,6.66074271721402,40.5690918491403
10.0263888888889,0.940698816084894,0.797345199329189,6.65755738431152,40.5702626048675
10.0264880952381,0.941555701807129,0.797402541749241,6.65437357473684,40.5714335431142
10.0265873015873,0.942411114928803,0.79746020641499,6.65119128776676,40.5726046632751
10.0266865079365,0.943265057377399,0.797518192688041,6.64801052267836,40.5737759647453
10.0267857142857,0.944117531079182,0.79757649993043,6.64483127874902,40.5749474469204
10.0268849206349,0.9449685379592,0.797635127504627,6.6416535552564,40.5761191091963
10.0269841269841,0.945818079941281,0.797694074773533,6.63847735147848,40.5772909509695
10.0270833333333,0.946666158948038,0.797753341100484,6.63530266669351,40.5784629716366
10.0271825396825,0.947512776900864,0.797812925849245,6.63212950018006,40.5796351705951
10.0272817460317,0.948357935719932,0.797872828384017,6.62895785121697,40.5808075472424
10.027380952381,0.9492016373242,0.797933048069431,6.62578771908341,40.5819801009768
10.0274801587302,0.950043883631408,0.797993584270552,6.62261910305882,40.5831528311966
10.0275793650794,0.950884676558086,0.798054436352879,6.61945200242289,40.5843257373009
10.0276785714286,0.951724018019514,0.798115603682339,6.61628641645575,40.5854988186888
10.0277777777778,0.952561909929789,0.798177085625295,6.6131223444377,40.5866720747604
10.027876984127,0.953398354201777,0.798238881548542,6.60995978564937,40.5878455049156
10.0279761904762,0.954233352747126,0.798300990819307,6.60679873937167,40.5890191085551
10.0280753968254,0.955066907476267,0.798363412805251,6.60363920488584,40.59019288508
10.0281746031746,0.955899020298411,0.798426146874465,6.60048118147339,40.5913668338917
10.0282738095238,0.956729693121552,0.798489192395476,6.59732466841614,40.592540954392
10.028373015873,0.957558927852467,0.798552548737239,6.5941696649962,40.5937152459833
10.0284722222222,0.958386726396712,0.798616215269146,6.59101617049597,40.5948897080682
10.0285714285714,0.959213090658629,0.798680191361019,6.58786418419816,40.59606434005
10.0286706349206,0.960038022541338,0.798744476383113,6.58471370538577,40.5972391413322
10.0287698412698,0.960861523946743,0.798809069706116,6.58156473334209,40.5984141113187
10.028869047619,0.961683596775529,0.798873970701148,6.57841726735071,40.599589249414
10.0289682539683,0.962504242927164,0.798939178739762,6.57527130669552,40.6007645550228
10.0290674603175,0.963323464299908,0.799004693193945,6.57212685066066,40.6019400275506
10.0291666666667,0.96414126279077,0.799070513436111,6.56898389853069,40.6031156664028
10.0292658730159,0.964957640295574,0.799136638839114,6.56584244959034,40.6042914709856
10.0293650793651,0.965772598708915,0.799203068776236,6.56270250312469,40.6054674407055
10.0294642857143,0.96658613992417,0.799269802621191,6.55956405841911,40.6066435749695
10.0295634920635,0.967398265833497,0.79933683974813,6.55642711475925,40.6078198731849
10.0296626984127,0.968208978327837,0.799404179531631,6.55329167143107,40.6089963347594
10.0297619047619,0.969018279296914,0.799471821346709,6.55015772772082,40.6101729591014
10.0298611111111,0.96982617062923,0.799539764568809,6.54702528291507,40.6113497456193
10.0299603174603,0.970632654212074,0.79960800857381,6.54389433630065,40.6125266937223
10.0300595238095,0.971437731931512,0.799676552738021,6.54076488716471,40.6137038028199
10.0301587301587,0.972241405672394,0.799745396438188,6.53763693479469,40.6148810723218
10.0302579365079,0.973043677318355,0.799814539051484,6.53451047847831,40.6160585016385
10.0303571428571,0.973844548751806,0.799883979955521,6.53138551750362,40.6172360901806
10.0304563492063,0.974644021853944,0.799953718528337,6.52826205115893,40.6184138373593
10.0305555555556,0.975442098504758,0.800023754148408,6.52514007873283,40.6195917425862
10.0306547619048,0.976238780582985,0.800094086194638,6.52201959951433,40.6207698052732
10.030753968254,0.977034069966178,0.800164714046366,6.51890061279258,40.6219480248329
10.0308531746032,0.977827968530661,0.800235637083364,6.51578311785711,40.623126400678
10.0309523809524,0.978620478151538,0.800306854685836,6.51266711399772,40.6243049322218
10.0310515873016,0.979411600702698,0.800378366234418,6.50955260050452,40.625483618878
10.0311507936508,0.980201338056809,0.800450171110179,6.50643957666789,40.6266624600607
10.03125,0.980989692085322,0.800522268694619,6.50332804177854,40.6278414551844
10.0313492063492,0.981776664658472,0.800594658369674,6.50021799512746,40.6290206036641
10.0314484126984,0.982562257645271,0.80066733951771,6.49710943600592,40.6301999049152
10.0315476190476,0.983346472913518,0.800740311521526,6.49400236370553,40.6313793583533
10.0316468253968,0.984129312329791,0.800813573764353,6.49089677751814,40.6325589633949
10.031746031746,0.98491077775945,0.800887125629855,6.48779267673594,40.6337387194564
10.0318452380952,0.985690871066638,0.80096096650213,6.4846900606514,40.634918625955
10.0319444444444,0.98646959411428,0.801035095765706,6.48158892855729,40.6360986823081
10.0320436507937,0.987246948764093,0.801109512805547,6.47848927974662,40.6372788879337
10.0321428571429,0.988022936876543,0.801184217007044,6.47539111351284,40.6384592422501
10.0322420634921,0.988797560310911,0.801259207756026,6.47229442914955,40.6396397446759
10.0323412698413,0.98957082092525,0.801334484438753,6.46919922595072,40.6408203946305
10.0324404761905,0.990342720576392,0.801410046441915,6.46610550321058,40.6420011915333
10.0325396825397,0.991113261119955,0.801485893152638,6.46301326022368,40.6431821348044
10.0326388888889,0.991882444410336,0.801562023958478,6.45992249628486,40.6443632238642
10.0327380952381,0.992650272300715,0.801638438247426,6.45683321068925,40.6455444581336
10.0328373015873,0.993416746643052,0.801715135407903,6.45374540273227,40.6467258370339
10.0329365079365,0.994181869288093,0.801792114828765,6.45065907170967,40.6479073599867
10.0330357142857,0.994945642085361,0.801869375899298,6.44757421691746,40.6490890264142
10.0331349206349,0.995708066883164,0.801946918009223,6.44449083765195,40.6502708357389
10.0332341269841,0.996469145528592,0.802024740548691,6.44140893320977,40.6514527873839
10.0333333333333,0.997228879867516,0.802102842908288,6.43832850288782,40.6526348807724
10.0334325396825,0.997987271744588,0.802181224479031,6.43524954598331,40.6538171153283
10.0335317460317,0.998744323003254,0.802259884652372,6.43217206179369,40.6549994904758
10.033630952381,0.999500035485709,0.80233882282019,6.42909604961686,40.6561820056396
10.0337301587302,1.00025441103296,0.802418038374802,6.42602150875086,40.6573646602447
10.0338293650794,1.0010074514848,0.802497530708956,6.42294843849409,40.6585474537167
10.0339285714286,1.00175915867977,0.802577299215832,6.41987683814522,40.6597303854815
10.0340277777778,1.00250953445524,0.802657343289042,6.41680670700325,40.6609134549654
10.034126984127,1.00325858064731,0.802737662322631,6.41373804436744,40.6620966615951
10.0342261904762,1.00400629909091,0.802818255711079,6.41067084953738,40.6632800047979
10.0343253968254,1.00475269161972,0.802899122849295,6.40760512181294,40.6644634840013
10.0344246031746,1.00549776006621,0.802980263132622,6.40454086049427,40.6656470986335
10.0345238095238,1.00624150626163,0.803061675956835,6.40147806488185,40.6668308481228
10.034623015873,1.00698393203604,0.803143360718143,6.39841673427643,40.6680147318981
10.0347222222222,1.00772503921823,0.803225316813186,6.39535686797906,40.6691987493887
10.0348214285714,1.00846482963581,0.803307543639038,6.39229846529109,40.6703829000243
10.0349206349206,1.00920330511516,0.803390040593204,6.38924152551418,40.6715671832351
10.0350198412698,1.00994046748146,0.803472807073623,6.38618604795022,40.6727515984516
10.035119047619,1.01067631855863,0.803555842478664,6.38313203190153,40.6739361451048
10.0352182539683,1.01141086016941,0.803639146207132,6.38007947667061,40.6751208226261
10.0353174603175,1.0121440941353,0.803722717658261,6.37702838156028,40.6763056304474
10.0354166666667,1.01287602227661,0.803806556231722,6.37397874587367,40.6774905680008
10.0355158730159,1.01360664641239,0.803890661327614,6.37093056891421,40.6786756347191
10.0356150793651,1.01433596836051,0.803975032346472,6.3678838499856,40.6798608300353
10.0357142857143,1.0150639899376,0.804059668689261,6.36483858839188,40.6810461533829
10.0358134920635,1.01579071295909,0.80414456975738,6.36179478343733,40.682231604196
10.0359126984127,1.01651613923916,0.80422973495266,6.35875243442658,40.6834171819087
10.0360119047619,1.01724027059081,0.804315163677365,6.35571154066452,40.684602885956
10.0361111111111,1.0179631088258,0.804400855334191,6.35267210145635,40.685788715773
10.0362103174603,1.01868465575468,0.804486809326267,6.34963411610757,40.6869746707954
10.0363095238095,1.01940491318677,0.804573025057154,6.34659758392396,40.6881607504591
10.0364087301587,1.02012388293018,0.804659501930846,6.34356250421161,40.6893469542007
10.0365079365079,1.02084156679182,0.804746239351772,6.34052887627686,40.690533281457
10.0366071428571,1.02155796657734,0.804833236724786,6.33749669942647,40.6917197316654
10.0367063492063,1.0222730840912,0.804920493455183,6.33446597296738,40.6929063042635
10.0368055555556,1.02298692113664,0.805008008948687,6.33143669620685,40.6940929986896
10.0369047619048,1.02369947951569,0.805095782611453,6.32840886845246,40.6952798143821
10.037003968254,1.02441076102914,0.805183813850072,6.32538248901205,40.6964667507802
10.0371031746032,1.02512076747658,0.805272102071564,6.32235755719379,40.6976538073232
10.0372023809524,1.02582950065638,0.805360646683384,6.31933407230614,40.698840983451
10.0373015873016,1.02653696236567,0.80544944709342,6.31631203365784,40.7000282786037
10.0374007936508,1.02724315440039,0.80553850270999,6.31329144055794,40.7012156922222
10.0375,1.02794807855526,0.805627812941846,6.31027229231578,40.7024032237475
10.0375992063492,1.02865173662375,0.805717377198174,6.307254588241,40.7035908726211
10.0376984126984,1.02935413039816,0.805807194888589,6.30423832764353,40.704778638285
10.0377976190476,1.03005526166953,0.805897265423141,6.30122350983361,40.7059665201816
10.0378968253968,1.0307551322277,0.805987588212313,6.29821013412175,40.7071545177537
10.037996031746,1.03145374386131,0.806078162667021,6.29519819981874,40.7083426304444
10.0380952380952,1.03215109835773,0.806168988198609,6.29218770623578,40.7095308576974
10.0381944444444,1.03284719750317,0.806260064218858,6.28917865268424,40.7107191989568
10.0382936507937,1.03354204308258,0.806351390139981,6.28617103847584,40.711907653667
10.0383928571429,1.03423563687972,0.806442965374622,6.28316486292257,40.713096221273
10.0384920634921,1.03492798067711,0.806534789335859,6.28016012533673,40.71428490122
10.0385912698413,1.03561907625607,0.806626861437202,6.27715682503094,40.7154736929539
10.0386904761905,1.03630892539669,0.806719181092593,6.27415496131807,40.7166625959208
10.0387896825397,1.03699752987785,0.806811747716407,6.27115453351133,40.7178516095672
10.0388888888889,1.03768489147721,0.806904560723453,6.26815554092418,40.7190407333403
10.0389880952381,1.0383710119712,0.80699761952897,6.26515798287043,40.7202299666873
10.0390873015873,1.03905589313504,0.80709092354863,6.26216185866414,40.7214193090563
10.0391865079365,1.03973953674275,0.80718447219854,6.25916716761969,40.7226087598954
10.0392857142857,1.0404219445671,0.807278264895236,6.25617390905174,40.7237983186533
10.0393849206349,1.04110311837966,0.80737230105569,6.25318208227527,40.7249879847793
10.0394841269841,1.04178305995079,0.807466580097305,6.25019168660549,40.7261777577228
10.0395833333333,1.04246177104961,0.807561101437914,6.24720272135805,40.7273676369337
10.0396825396825,1.04313925344403,0.807655864495787,6.24421518584875,40.7285576218625
10.0397817460317,1.04381550890075,0.807750868689624,6.24122907939375,40.72974771196
10.039880952381,1.04449053918525,0.807846113438558,6.23824440130949,40.7309379066775
10.0399801587302,1.04516434606178,0.807941598162154,6.23526115091271,40.7321282054665
10.0400793650794,1.04583693129339,0.808037322280412,6.23227932752045,40.7333186077791
10.0401785714286,1.0465082966419,0.808133285213762,6.22929893045005,40.7345091130679
10.0402777777778,1.0471784438679,0.808229486383066,6.22631995901913,40.7356997207857
10.040376984127,1.0478473747308,0.808325925209621,6.22334241254562,40.7368904303859
10.0404761904762,1.04851509098876,0.808422601115156,6.22036629034774,40.7380812413223
10.0405753968254,1.04918159439872,0.80851951352183,6.217391591744,40.739272153049
10.0406746031746,1.04984688671642,0.808616661852238,6.21441831605323,40.7404631650207
10.0407738095238,1.05051096969638,0.808714045529405,6.21144646259453,40.7416542766923
10.040873015873,1.05117384509188,0.808811663976791,6.20847603068731,40.7428454875194
10.0409722222222,1.05183551465502,0.808909516618287,6.20550701965122,40.7440367969577
10.0410714285714,1.05249598013664,0.809007602878215,6.20253942880635,40.7452282044637
10.0411706349206,1.05315524328638,0.809105922181331,6.19957325747294,40.7464197094939
10.0412698412698,1.05381330585268,0.809204473952826,6.1966085049716,40.7476113115056
10.041369047619,1.05447016958273,0.80930325761832,6.1936451706232,40.7488030099563
10.0414682539683,1.05512583622252,0.809402272603866,6.19068325374892,40.7499948043039
10.0415674603175,1.05578030751683,0.809501518335952,6.18772275367024,40.751186694007
10.0416666666667,1.0564335852092,0.809600994241496,6.18476366970894,40.7523786785242
10.0417658730159,1.05708567104197,0.809700699747851,6.18180600118709,40.7535707573149
10.0418650793651,1.05773656675625,0.809800634282798,6.17884974742705,40.7547629298387
10.0419642857143,1.05838627409194,0.809900797274557,6.17589490775147,40.7559551955557
10.0420634920635,1.05903479478771,0.810001188151774,6.17294148148333,40.7571475539264
10.0421626984127,1.05968213058103,0.810101806343534,6.16998946794587,40.7583400044118
10.0422619047619,1.06032828320814,0.810202651279348,6.16703886646264,40.7595325464732
10.0423611111111,1.06097325440407,0.810303722389165,6.16408967635749,40.7607251795724
10.0424603174603,1.06161704590262,0.810405019103364,6.16114189695451,40.7619179031715
10.0425595238095,1.06225965943637,0.810506540852756,6.15819552757823,40.7631107167333
10.0426587301587,1.06290109673671,0.810608287068586,6.15525056755334,40.7643036197207
10.0427579365079,1.06354135953377,0.81071025718253,6.15230701620487,40.7654966115972
10.0428571428571,1.06418044955649,0.810812450626699,6.14936487285814,40.7666896918267
10.0429563492063,1.0648183685326,0.810914866833634,6.14642413683877,40.7678828598735
10.0430555555556,1.06545511818858,0.81101750523631,6.14348480747269,40.7690761152024
10.0431547619048,1.06609070024972,0.811120365268134,6.1405468840861,40.7702694572784
10.043253968254,1.06672511644008,0.811223446362947,6.13761036600552,40.7714628855672
10.0433531746032,1.06735836848251,0.811326747955019,6.13467525255775,40.7726563995348
10.0434523809524,1.06799045809862,0.811430269479056,6.13174154306988,40.7738499986475
10.0435515873016,1.06862138700882,0.811534010370195,6.12880923686933,40.7750436823723
10.0436507936508,1.06925115693231,0.811637970064007,6.12587833328377,40.7762374501763
10.04375,1.06987976958705,0.811742147996493,6.12294883164121,40.7774313015273
10.0438492063492,1.0705072266898,0.811846543604089,6.12002073126992,40.7786252358933
10.0439484126984,1.0711335299561,0.811951156323664,6.11709403149844,40.779819252743
10.0440476190476,1.07175868110025,0.812055985592514,6.11416873165574,40.7810133515451
10.0441468253968,1.07238268183536,0.812161030848374,6.11124483107095,40.7822075317692
10.044246031746,1.0730055338733,0.812266291529409,6.10832232907353,40.783401792885
10.0443452380952,1.07362723892475,0.812371767074217,6.10540122499326,40.7845961343627
10.0444444444444,1.07424779869914,0.812477456921828,6.10248151816018,40.785790555673
10.0445436507937,1.0748672149047,0.812583360511705,6.09956320790467,40.7869850562868
10.0446428571429,1.07548548924844,0.812689477283743,6.09664629355737,40.7881796356758
10.0447420634921,1.07610262343616,0.812795806678271,6.09373077444922,40.7893742933117
10.0448412698413,1.07671861917241,0.812902348136048,6.09081664991149,40.790569028667
10.0449404761905,1.07733347816055,0.813009101098268,6.0879039192757,40.7917638412143
10.0450396825397,1.07794720210273,0.813116065006556,6.08499258187369,40.7929587304269
10.0451388888889,1.07855979269986,0.81322323930297,6.08208263703761,40.7941536957782
10.0452380952381,1.07917125165163,0.813330623430002,6.07917408409987,40.7953487367424
10.0453373015873,1.07978158065654,0.813438216830573,6.0762669223932,40.7965438527939
10.0454365079365,1.08039078141184,0.813546018948042,6.07336115125058,40.7977390434075
10.0455357142857,1.08099885561357,0.813654029226194,6.07045677000542,40.7989343080584
10.0456349206349,1.08160580495657,0.813762247109251,6.06755377799127,40.8001296462225
10.0457341269841,1.08221163113445,0.813870672041867,6.06465217454206,40.8013250573757
10.0458333333333,1.08281633583958,0.813979303469127,6.06175195899198,40.8025205409948
10.0459325396825,1.08341992076316,0.814088140836551,6.05885313067554,40.8037160965565
10.0460317460317,1.08402238759513,0.814197183590088,6.05595568892753,40.8049117235383
10.046130952381,1.08462373802423,0.814306431176123,6.05305963308305,40.8061074214181
10.0462301587302,1.08522397373798,0.814415883041471,6.05016496247749,40.807303189674
10.0463293650794,1.08582309642267,0.814525538633383,6.04727167644652,40.8084990277846
10.0464285714286,1.0864211077634,0.814635397399537,6.04437977432614,40.8096949352292
10.0465277777778,1.08701800944402,0.81474545878805,6.04148925545262,40.8108909114871
10.046626984127,1.08761380314718,0.814855722247466,6.03860011916253,40.8120869560383
10.0467261904762,1.08820849055432,0.814966187226765,6.03571236479274,40.8132830683631
10.0468253968254,1.08880207334563,0.815076853175357,6.03282599168041,40.8144792479423
10.0469246031746,1.08939455320012,0.81518771954309,6.02994099916297,40.815675494257
10.0470238095238,1.08998593179555,0.815298785780236,6.02705738657825,40.8168718067889
10.047123015873,1.09057621080848,0.815410051337505,6.02417515326427,40.81806818502
10.0472222222222,1.09116539191425,0.815521515666039,6.02129429855938,40.8192646284327
10.0473214285714,1.09175347678697,0.815633178217414,6.01841482180221,40.82046113651
10.0474206349206,1.09234046709956,0.815745038443634,6.01553672233171,40.821657708735
10.0475198412698,1.09292636452369,0.815857095797139,6.01265999948712,40.8228543445915
10.047619047619,1.09351117072983,0.815969349730802,6.00978465260797,40.8240510435637
10.0477182539683,1.09409488738722,0.816081799697927,6.00691068103408,40.8252478051362
10.0478174603175,1.0946775161639,0.81619444515225,6.00403808410559,40.8264446287938
10.0479166666667,1.09525905872667,0.816307285547941,6.00116686116291,40.8276415140219
10.0480158730159,1.09583951674113,0.816420320339602,5.99829701154677,40.8288384603065
10.0481150793651,1.09641889187165,0.816533548982267,5.99542853459817,40.8300354671338
10.0482142857143,1.0969971857814,0.816646970931405,5.99256142965841,40.8312325339903
10.0483134920635,1.0975744001323,0.816760585642913,5.98969569606912,40.8324296603633
10.0484126984127,1.09815053658509,0.816874392573126,5.98683133317214,40.8336268457402
10.0485119047619,1.09872559679925,0.816988391178806,5.98396834030976,40.834824089609
10.0486111111111,1.09929958243307,0.817102580917151,5.98110671682442,40.836021391458
10.0487103174603,1.09987249514363,0.817216961245792,5.97824646205892,40.8372187507759
10.0488095238095,1.10044433658677,0.817331531622791,5.97538757535634,40.838416167052
10.0489087301587,1.10101510841712,0.817446291506642,5.97253005606006,40.839613639776
10.0490079365079,1.10158481228808,0.817561240356273,5.96967390351375,40.8408111684377
10.0491071428571,1.10215344985187,0.817676377631044,5.9668191170614,40.8420087525278
10.0492063492063,1.10272102275944,0.817791702790748,5.96396569604727,40.8432063915371
10.0493055555556,1.10328753266057,0.817907215295609,5.96111363981591,40.8444040849569
10.0494047619048,1.10385298120378,0.818022914606286,5.9582629477122,40.8456018322789
10.049503968254,1.1044173700364,0.818138800183869,5.95541361908129,40.8467996329953
10.0496031746032,1.10498070080453,0.818254871489881,5.95256565326864,40.8479974865986
10.0497023809524,1.10554297515306,0.818371127986276,5.94971904961998,40.8491953925819
10.0498015873016,1.10610419472566,0.818487569135442,5.94687380748137,40.8503933504385
10.0499007936508,1.10666436116478,0.818604194400202,5.94402992619911,40.8515913596624
10.05,1.10722347611163,0.818721003243806,5.94118740511991,40.8527894197477
10.0500992063492,1.10778154120624,0.81883799512994,5.93834624359067,40.8539875301891
10.0501984126984,1.10833855808741,0.818955169522723,5.93550644095861,40.8551856904818
10.0502976190476,1.10889452839271,0.819072525886705,5.93266799657125,40.8563839001213
10.0503968253968,1.10944945375849,0.819190063686869,5.92983090977643,40.8575821586035
10.050496031746,1.1100033358199,0.819307782388631,5.92699517992225,40.8587804654248
10.0505952380952,1.11055617621086,0.819425681457839,5.92416080635713,40.8599788200819
10.0506944444444,1.11110797656408,0.819543760360774,5.92132778842978,40.8611772220722
10.0507936507937,1.11165873851104,0.81966201856415,5.9184961254892,40.8623756708932
10.0508928571429,1.112208463682,0.819780455535112,5.91566581688468,40.863574166043
10.0509920634921,1.11275715370603,0.819899070741238,5.91283686196584,40.86477270702
10.0510912698413,1.11330481021095,0.820017863650541,5.91000926008255,40.8659712933232
10.0511904761905,1.11385143482337,0.820136833731462,5.90718301058502,40.8671699244519
10.0512896825397,1.11439702916869,0.820255980452879,5.90435811282371,40.8683685999059
10.0513888888889,1.1149415948711,0.820375303284101,5.90153456614938,40.8695673191852
10.0514880952381,1.11548513355354,0.820494801694866,5.89871236991318,40.8707660817905
10.0515873015873,1.11602764683775,0.82061447515535,5.89589152346644,40.8719648872229
10.0516865079365,1.11656913634427,0.82073432313616,5.89307202616083,40.8731637349836
10.0517857142857,1.1171096036924,0.820854345108333,5.89025387734832,40.8743626245746
10.0518849206349,1.11764905050022,0.820974540543341,5.88743707638116,40.8755615554982
10.0519841269841,1.1181874783846,0.821094908913089,5.88462162261191,40.8767605272571
10.0520833333333,1.1187248889612,0.821215449689912,5.88180751539342,40.8779595393543
10.0521825396825,1.11926128384445,0.821336162346579,5.87899475407885,40.8791585912934
10.0522817460317,1.11979666464755,0.821457046356293,5.87618333802163,40.8803576825785
10.052380952381,1.12033103298252,0.821578101192687,5.87337326657551,40.8815568127138
10.0524801587302,1.12086439046012,0.821699326329828,5.87056453909452,40.8827559812041
10.0525793650794,1.12139673868992,0.821820721242215,5.867757154933,40.8839551875548
10.0526785714286,1.12192807928026,0.82194228540478,5.86495111344557,40.8851544312714
10.0527777777778,1.12245841383827,0.822064018292887,5.86214641398715,40.88635371186
10.052876984127,1.12298774396985,0.822185919382334,5.85934305591294,40.8875530288272
10.0529761904762,1.12351607127968,0.822307988149348,5.85654103857852,40.8887523816798
10.0530753968254,1.12404339737125,0.822430224070593,5.85374036133966,40.8899517699251
10.0531746031746,1.12456972384679,0.822552626623162,5.85094102355248,40.891151193071
10.0532738095238,1.12509505230734,0.822675195284583,5.84814302457337,40.8923506506256
10.053373015873,1.12561938435273,0.822797929532816,5.84534636375905,40.8935501420975
10.0534722222222,1.12614272158154,0.822920828846252,5.8425510404665,40.8947496669957
10.0535714285714,1.12666506559116,0.823043892703716,5.83975705405301,40.8959492248298
10.0536706349206,1.12718641797774,0.823167120584466,5.83696440387619,40.8971488151094
10.0537698412698,1.12770678033624,0.82329051196819,5.8341730892939,40.8983484373451
10.053869047619,1.12822615426037,0.823414066335012,5.83138310966433,40.8995480910474
10.0539682539683,1.12874454134265,0.823537783165487,5.82859446434595,40.9007477757275
10.0540674603175,1.12926194317436,0.823661661940601,5.82580715269754,40.9019474908969
10.0541666666667,1.12977836134557,0.823785702141776,5.82302117407817,40.9031472360677
10.0542658730159,1.13029379744514,0.823909903250862,5.8202365278472,40.9043470107522
10.0543650793651,1.13080825306071,0.824034264750147,5.81745321336425,40.9055468144633
10.0544642857143,1.13132172977868,0.824158786122346,5.81467122998935,40.9067466467141
10.0545634920635,1.13183422918425,0.824283466850609,5.81189057708272,40.9079465070184
10.0546626984127,1.13234575286141,0.824408306418521,5.80911125400491,40.9091463948903
10.0547619047619,1.13285630239292,0.824533304310095,5.80633326011676,40.9103463098442
10.0548611111111,1.13336587936032,0.82465846000978,5.80355659477941,40.9115462513951
10.0549603174603,1.13387448534394,0.824783773002457,5.80078125735429,40.9127462190584
10.0550595238095,1.13438212192288,0.824909242773437,5.79800724720314,40.9139462123497
10.0551587301587,1.13488879067505,0.825034868808467,5.79523456368799,40.9151462307854
10.0552579365079,1.1353944931771,0.825160650593724,5.79246320617115,40.916346273882
10.0553571428571,1.13589923100449,0.82528658761582,5.78969317401526,40.9175463411566
10.0554563492063,1.13640300573147,0.825412679361796,5.78692446658322,40.9187464321266
10.0555555555556,1.13690581893104,0.825538925319129,5.78415708323825,40.91994654631
10.0556547619048,1.137407672175,0.825665324975727,5.78139102334386,40.9211466832249
10.055753968254,1.13790856703394,0.825791877819931,5.77862628626385,40.9223468423903
10.0558531746032,1.13840850507723,0.825918583340515,5.77586287136227,40.9235470233251
10.0559523809524,1.13890748787299,0.826045441026683,5.77310077800361,40.924747225549
10.0560515873016,1.13940551698817,0.826172450368073,5.77034000555252,40.925947448582
10.0561507936508,1.13990259398847,0.826299610854757,5.76758055337399,40.9271476919445
10.05625,1.14039872043838,0.826426921977239,5.76482242083329,40.9283479551572
10.0563492063492,1.14089389790117,0.826554383226454,5.76206560729601,40.9295482377416
10.0564484126984,1.14138812793891,0.826681994093772,5.75931011212803,40.9307485392192
10.0565476190476,1.14188141211242,0.826809754070992,5.75655593469551,40.9319488591122
10.0566468253968,1.14237375198132,0.82693766265035,5.75380307436493,40.9331491969431
10.056746031746,1.14286514910402,0.82706571932451,5.75105153050305,40.9343495522348
10.0568452380952,1.14335560503769,0.827193923586572,5.74830130247692,40.9355499245108
10.0569444444444,1.14384512133831,0.827322274930067,5.74555238965391,40.9367503132947
10.0570436507937,1.14433369956062,0.827450772848959,5.74280479140167,40.9379507181108
10.0571428571429,1.14482134125814,0.827579416837644,5.74005850708814,40.9391511384838
10.0572420634921,1.14530804798318,0.827708206390952,5.73731353608157,40.9403515739387
10.0573412698413,1.14579382128685,0.827837141004145,5.73456987775045,40.9415520240009
10.0574404761905,1.146278662719,0.827966220172914,5.73182753146371,40.9427524881965
10.0575396825397,1.1467625738283,0.828095443393387,5.72908649659043,40.9439529660516
10.0576388888889,1.14724555616218,0.828224810162124,5.72634677250004,40.945153457093
10.0577380952381,1.14772761126687,0.828354319976116,5.72360835856227,40.946353960848
10.0578373015873,1.14820874068736,0.828483972332787,5.72087125414714,40.9475544768441
10.0579365079365,1.14868894596744,0.828613766729995,5.71813545862496,40.9487550046092
10.0580357142857,1.14916822864967,0.828743702666028,5.71540097136634,40.9499555436719
10.0581349206349,1.1496465902754,0.828873779639609,5.71266779174219,40.951156093561
10.0582341269841,1.15012403238477,0.829003997149891,5.70993591912372,40.9523566538057
10.0583333333333,1.15060055651667,0.829134354696462,5.70720535288242,40.9535572239358
10.0584325396825,1.1510761642088,0.829264851779341,5.70447609239009,40.9547578034814
10.0585317460317,1.15155085699764,0.829395487898981,5.70174813701882,40.955958391973
10.058630952381,1.15202463641845,0.829526262556266,5.699021486141,40.9571589889415
10.0587301587302,1.15249750400525,0.829657175252512,5.69629613912932,40.9583595939184
10.0588293650794,1.15296946129089,0.829788225489473,5.69357209535671,40.9595602064355
10.0589285714286,1.15344050980694,0.829919412769325,5.69084935419652,40.960760826025
10.0590277777778,1.15391065108381,0.830050736594687,5.6881279150223,40.9619614522195
10.059126984127,1.15437988665065,0.830182196468605,5.6854077772079,40.9631620845521
10.0592261904762,1.15484821803541,0.830313791894558,5.6826889401275,40.9643627225564
10.0593253968254,1.15531564676483,0.830445522376461,5.67997140315554,40.9655633657661
10.0594246031746,1.15578217436441,0.830577387418657,5.67725516566679,40.9667640137158
10.0595238095238,1.15624780235845,0.830709386525924,5.6745402270363,40.96796466594
10.059623015873,1.15671253227002,0.830841519203472,5.67182658663941,40.969165321974
10.0597222222222,1.15717636562099,0.830973784956945,5.66911424385177,40.9703659813534
10.0598214285714,1.15763930393198,0.831106183292416,5.66640319804932,40.9715666436143
10.0599206349206,1.15810134872243,0.831238713716393,5.66369344860829,40.972767308293
10.0600198412698,1.15856250151054,0.831371375735818,5.66098499490522,40.9739679749265
10.060119047619,1.15902276381328,0.831504168858063,5.65827783631693,40.975168643052
10.0602182539683,1.15948213714643,0.831637092590933,5.65557197222055,40.9763693122072
10.0603174603175,1.15994062302455,0.831770146442668,5.65286740199346,40.9775699819303
10.0604166666667,1.16039822296095,0.831903329921935,5.65016412501344,40.9787706517599
10.0605158730159,1.16085493846775,0.832036642537838,5.64746214065848,40.9799713212348
10.0606150793651,1.16131077105584,0.832170083799914,5.64476144830687,40.9811719898945
10.0607142857143,1.1617657222349,0.83230365321813,5.64206204733723,40.9823726572789
10.0608134920635,1.1622197935134,0.832437350302887,5.63936393712845,40.9835733229281
10.0609126984127,1.16267298639856,0.832571174565018,5.63666711705973,40.9847739863829
10.0610119047619,1.16312530239642,0.832705125515789,5.63397158651056,40.9859746471843
10.0611111111111,1.16357674301177,0.832839202666899,5.63127734486073,40.9871753048738
10.0612103174603,1.16402730974821,0.832973405530477,5.62858439149032,40.9883759589934
10.0613095238095,1.1644770041081,0.833107733619088,5.6258927257797,40.9895766090854
10.0614087301587,1.16492582759259,0.833242186445728,5.62320234710956,40.9907772546925
10.0615079365079,1.16537378170161,0.833376763523824,5.62051325486087,40.9919778953581
10.0616071428571,1.16582086793387,0.833511464367239,5.61782544841489,40.9931785306256
10.0617063492063,1.16626708778688,0.833646288490265,5.61513892715319,40.9943791600392
10.0618055555556,1.16671244275691,0.83378123540763,5.61245369045759,40.9955797831433
10.0619047619048,1.16715693433902,0.833916304634491,5.60976973771032,40.9967803994828
10.062003968254,1.16760056402705,0.834051495686438,5.60708706829378,40.9979810086029
10.0621031746032,1.16804333331361,0.834186808079498,5.60440568159074,40.9991816100495
10.0622023809524,1.16848524369013,0.834322241330125,5.60172557698424,41.0003822033686
10.0623015873016,1.16892629664678,0.834457794955209,5.5990467538576,41.0015827881069
10.0624007936508,1.16936649367254,0.834593468472071,5.59636921159447,41.0027833638113
10.0625,1.16980583625515,0.834729261398465,5.59369294957879,41.0039839300292
10.0625992063492,1.17024432588115,0.834865173252577,5.59101796719477,41.0051844863086
10.0626984126984,1.17068196403585,0.835001203553027,5.58834426382693,41.0063850321975
10.0627976190476,1.17111875220335,0.835137351818867,5.58567183886011,41.0075855672448
10.0628968253968,1.17155469186652,0.83527361756958,5.58300069167941,41.0087860909994
10.062996031746,1.17198978450704,0.835410000325083,5.58033082167025,41.0099866030111
10.0630952380952,1.17242403160533,0.835546499605725,5.57766222821833,41.0111871028296
10.0631944444444,1.17285743464063,0.835683114932289,5.57499491070965,41.0123875900053
10.0632936507937,1.17328999509094,0.83581984582599,5.57232886853049,41.0135880640891
10.0633928571429,1.17372171443305,0.835956691808472,5.5696641010675,41.0147885246322
10.0634920634921,1.17415259414252,0.836093652401815,5.56700060770754,41.0159889711861
10.0635912698413,1.17458263569371,0.836230727128533,5.56433838783779,41.017189403303
10.0636904761905,1.17501184055976,0.836367915511569,5.56167744084575,41.0183898205353
10.0637896825397,1.17544021021257,0.836505217074301,5.55901776611919,41.019590222436
10.0638888888889,1.17586774612285,0.836642631340538,5.55635936304619,41.0207906085582
10.0639880952381,1.17629444976008,0.836780157834522,5.55370223101511,41.0219909784559
10.0640873015873,1.17672032259251,0.836917796080928,5.55104636941463,41.0231913316831
10.0641865079365,1.17714536608719,0.837055545604864,5.5483917776337,41.0243916677944
10.0642857142857,1.17756958170995,0.837193405931869,5.54573845506159,41.0255919863448
10.0643849206349,1.17799297092539,0.837331376587916,5.54308640108785,41.0267922868899
10.0644841269841,1.1784155351969,0.83746945709941,5.54043561510233,41.0279925689853
10.0645833333333,1.17883727598665,0.837607646993187,5.53778609649518,41.0291928321874
10.0646825396825,1.1792581947556,0.837745945796519,5.53513784465684,41.030393076053
10.0647817460317,1.17967829296348,0.837884353037109,5.53249085897802,41.031593300139
10.064880952381,1.1800975720688,0.838022868243089,5.52984513884982,41.0327935040031
10.0649801587302,1.18051603352886,0.838161490943028,5.52720068366353,41.0339936872032
10.0650793650794,1.18093367879975,0.838300220665927,5.52455749281079,41.0351938492976
10.0651785714286,1.18135050933633,0.838439056941219,5.52191556568351,41.0363939898453
10.0652777777778,1.18176652659224,0.838577999298768,5.51927490167393,41.0375941084054
10.065376984127,1.1821817320199,0.838717047268873,5.51663550017454,41.0387942045375
10.0654761904762,1.18259612707053,0.838856200382264,5.51399736057816,41.0399942778018
10.0655753968254,1.18300971319411,0.838995458170104,5.5113604822779,41.0411943277587
10.0656746031746,1.18342249183941,0.839134820163988,5.50872486466717,41.0423943539692
10.0657738095238,1.183834464454,0.839274285895945,5.50609050713965,41.0435943559945
10.065873015873,1.1842456324842,0.839413854898435,5.50345740908935,41.0447943333965
10.0659722222222,1.18465599737514,0.839553526704351,5.50082556991056,41.0459942857373
10.0660714285714,1.18506556057071,0.839693300847019,5.49819498899786,41.0471942125795
10.0661706349206,1.18547432351359,0.839833176860198,5.49556566574613,41.0483941134862
10.0662698412698,1.18588228764525,0.839973154278079,5.49293759955053,41.0495939880207
10.066369047619,1.18628945440593,0.840113232635283,5.49031078980658,41.050793835747
10.0664682539683,1.18669582523466,0.840253411466867,5.48768523591005,41.0519936562293
10.0665674603175,1.18710140156924,0.84039369030832,5.48506093725697,41.0531934490324
10.0666666666667,1.18750618484627,0.840534068695562,5.48243789324373,41.0543932137214
10.0667658730159,1.18791017650113,0.840674546164947,5.47981610326697,41.0555929498618
10.0668650793651,1.18831337796796,0.840815122253262,5.47719556672366,41.0567926570196
10.0669642857143,1.1887157906797,0.840955796497724,5.47457628301105,41.0579923347613
10.0670634920635,1.18911741606807,0.841096568435986,5.47195825152667,41.0591919826536
10.0671626984127,1.18951825556357,0.84123743760613,5.46934147166838,41.0603916002637
10.0672619047619,1.18991831059548,0.841378403546674,5.46672594283431,41.0615911871594
10.0673611111111,1.19031758259187,0.841519465796565,5.4641116644229,41.0627907429087
10.0674603174603,1.19071607297959,0.841660623895185,5.46149863583288,41.0639902670802
10.0675595238095,1.19111378318425,0.841801877382349,5.45888685646327,41.0651897592427
10.0676587301587,1.19151071463028,0.841943225798302,5.4562763257134,41.0663892189656
10.0677579365079,1.19190686874086,0.842084668683725,5.45366704298285,41.0675886458187
10.0678571428571,1.19230224693797,0.842226205579727,5.45105900767161,41.0687880393722
10.0679563492063,1.19269685064235,0.842367836027853,5.44845221917985,41.0699873991967
10.0680555555556,1.19309068127355,0.84250955957008,5.44584667690808,41.0711867248632
10.0681547619048,1.1934837402499,0.842651375748817,5.44324238025709,41.0723860159432
10.068253968254,1.19387602898848,0.842793284106906,5.440639328628,41.0735852720086
10.0683531746032,1.19426754890518,0.842935284187621,5.4380375214222,41.0747844926316
10.0684523809524,1.19465830141467,0.843077375534669,5.43543695804136,41.0759836773851
10.0685515873016,1.1950482879304,0.843219557692189,5.43283763788749,41.0771828258421
10.0686507936508,1.19543750986459,0.843361830204753,5.43023956036287,41.0783819375763
10.06875,1.19582596862825,0.843504192617367,5.42764272487006,41.0795810121616
10.0688492063492,1.19621366563119,0.843646644475466,5.42504713081195,41.0807800491724
10.0689484126984,1.19660060228196,0.84378918532492,5.42245277759172,41.0819790481835
10.0690476190476,1.19698677998793,0.843931814712032,5.41985966461281,41.0831780087703
10.0691468253968,1.19737220015523,0.844074532183536,5.417267791279,41.0843769305084
10.069246031746,1.1977568641888,0.844217337286602,5.41467715699432,41.0855758129739
10.0693452380952,1.19814077349232,0.844360229568825,5.41208776116317,41.0867746557434
10.0694444444444,1.19852392946829,0.844503208578239,5.40949960319019,41.0879734583937
10.0695436507937,1.19890633351796,0.844646273863309,5.40691268248032,41.0891722205022
10.0696428571429,1.19928798704139,0.844789424972934,5.4043269984388,41.0903709416467
10.0697420634921,1.1996688914374,0.844932661456442,5.40174255047116,41.0915696214055
10.0698412698413,1.20004904810362,0.845075982863596,5.39915933798325,41.0927682593572
10.0699404761905,1.20042845843642,0.845219388744592,5.39657736038119,41.0939668550807
10.0700396825397,1.200807123831,0.845362878650057,5.39399661707141,41.0951654081557
10.0701388888889,1.20118504568129,0.84550645213105,5.39141710746063,41.096363918162
10.0702380952381,1.20156222538006,0.845650108739066,5.38883883095587,41.0975623846798
10.0703373015873,1.2019386643188,0.845793848026028,5.38626178696445,41.0987608072901
10.0704365079365,1.20231436388784,0.845937669544296,5.38368597489397,41.0999591855738
10.0705357142857,1.20268932154902,0.846081574441938,5.38111139401846,41.1011575207215
10.0706349206349,1.20306353233404,0.846225564850862,5.3785380435471,41.102355814915
10.0707341269841,1.20343699707604,0.846369640544089,5.37596592289921,41.103554067957
10.0708333333333,1.20380971667495,0.846513801267443,5.3733950314968,41.1047522796225
10.0709325396825,1.20418169203024,0.846658046766897,5.37082536876201,41.1059504496866
10.0710317460317,1.20455292404093,0.846802376788567,5.36825693411722,41.1071485779249
10.071130952381,1.20492341360555,0.846946791078716,5.36568972698506,41.1083466641128
10.0712301587302,1.20529316162217,0.84709128938375,5.36312374678836,41.1095447080259
10.0713293650794,1.20566216898841,0.847235871450221,5.36055899295017,41.11074270944
10.0714285714286,1.20603043660141,0.847380537024825,5.35799546489379,41.1119406681311
10.0715277777778,1.20639796535785,0.847525285854405,5.35543316204273,41.1131385838751
10.071626984127,1.20676475615395,0.847670117685948,5.35287208382071,41.1143364564483
10.0717261904762,1.20713080988543,0.847815032266585,5.35031222965168,41.1155342856269
10.0718253968254,1.2074961274476,0.847960029343594,5.34775359895983,41.1167320711875
10.0719246031746,1.20786070973526,0.848105108664397,5.34519619116955,41.1179298129065
10.0720238095238,1.20822455764277,0.848250269976561,5.34264000570548,41.1191275105608
10.072123015873,1.208587672064,0.848395513027798,5.34008504199245,41.1203251639272
10.0722222222222,1.20895005389238,0.848540837565968,5.3375312994555,41.1215227727827
10.0723214285714,1.20931170402085,0.848686243339068,5.33497877752,41.1227203369044
10.0724206349206,1.20967262334191,0.848831730095249,5.33242747561142,41.1239178560696
10.0725198412698,1.21003281274758,0.848977297582802,5.32987739315551,41.1251153300557
10.072619047619,1.21039227312941,0.849122945550166,5.32732852957824,41.1263127586402
10.0727182539683,1.21075100537849,0.849268673745922,5.32478088430578,41.1275101416008
10.0728174603175,1.21110901038545,0.849414481918799,5.32223445676455,41.1287074787153
10.0729166666667,1.21146628904044,0.849560369817669,5.31968924638118,41.1299047697617
10.0730158730159,1.21182284223316,0.84970633719155,5.31714525258254,41.1311020145181
10.0731150793651,1.21217867085283,0.849852383789605,5.31460247479569,41.1322992127626
10.0732142857143,1.21253377578822,0.849998509361141,5.31206091244795,41.1334963642736
10.0733134920635,1.21288815792762,0.850144713655611,5.30952056496683,41.1346934688297
10.0734126984127,1.21324181815886,0.850290996422614,5.30698143178009,41.1358905262093
10.0735119047619,1.21359475736931,0.850437357411891,5.30444351231571,41.1370875361914
10.0736111111111,1.21394697644586,0.850583796373333,5.30190680600188,41.1382844985547
10.0737103174603,1.21429847627496,0.850730313056972,5.29937131226698,41.1394814130784
10.0738095238095,1.21464925774256,0.850876907212985,5.29683703053973,41.1406782795416
10.0739087301587,1.21499932173416,0.851023578591695,5.29430396024896,41.1418750977236
10.0740079365079,1.21534866913481,0.851170326943571,5.29177210082375,41.1430718674038
10.0741071428571,1.21569730082907,0.851317152019227,5.28924145169343,41.1442685883618
10.0742063492063,1.21604521770105,0.85146405356942,5.28671201228752,41.1454652603774
10.0743055555556,1.21639242063439,0.851611031345055,5.2841837820358,41.1466618832303
10.0744047619048,1.21673891051226,0.85175808509718,5.28165676036823,41.1478584567006
10.074503968254,1.21708468821736,0.851905214576988,5.27913094671503,41.1490549805683
10.0746031746032,1.21742975463195,0.852052419535818,5.27660634050663,41.1502514546138
10.0747023809524,1.21777411063779,0.852199699725154,5.27408294117367,41.1514478786174
10.0748015873016,1.2181177571162,0.852347054896624,5.27156074814704,41.1526442523597
10.0749007936508,1.21846069494803,0.852494484802002,5.26903976085783,41.1538405756212
10.075,1.21880292501364,0.852641989193206,5.26651997873737,41.1550368481829
10.0750992063492,1.21914444819296,0.852789567822302,5.26400140121721,41.1562330698256
10.0751984126984,1.21948526536543,0.852937220441499,5.26148402772907,41.1574292403304
10.0752976190476,1.21982537741004,0.853084946803149,5.25896785770502,41.1586253594786
10.0753968253968,1.2201647852053,0.85323274665975,5.25645289057724,41.1598214270513
10.075496031746,1.22050348962926,0.853380619763949,5.25393912577817,41.1610174428303
10.0755952380952,1.2208414915595,0.853528565868534,5.25142656274047,41.1622134065969
10.0756944444444,1.22117879187315,0.853676584726438,5.24891520089703,41.1634093181331
10.0757936507937,1.22151539144687,0.853824676090743,5.24640503968096,41.1646051772207
10.0758928571429,1.22185129115683,0.853972839714671,5.24389607852558,41.1658009836416
10.0759920634921,1.22218649187876,0.854121075351592,5.24138831686446,41.1669967371781
10.0760912698413,1.22252099448793,0.854269382755021,5.23888175413137,41.1681924376125
10.0761904761905,1.22285479985911,0.854417761678616,5.23637638976032,41.1693880847271
10.0762896825397,1.22318790886663,0.854566211876184,5.23387222318553,41.1705836783045
10.0763888888889,1.22352032238436,0.854714733101672,5.23136925384144,41.1717792181275
10.0764880952381,1.22385204128569,0.854863325109177,5.22886748116274,41.1729747039789
10.0765873015873,1.22418306644354,0.855011987652937,5.22636690458432,41.1741701356416
10.0766865079365,1.22451339873038,0.855160720487339,5.22386752354125,41.1753655128988
10.0767857142857,1.22484303901821,0.855309523366909,5.22136933746896,41.1765608355336
10.0768849206349,1.22517198817856,0.855458396046324,5.21887234580297,41.1777561033295
10.0769841269841,1.22550024708249,0.855607338280404,5.21637654797907,41.17895131607
10.0770833333333,1.2258278166006,0.855756349824114,5.21388194343327,41.1801464735387
10.0771825396825,1.22615469760303,0.855905430432564,5.21138853160181,41.1813415755195
10.0772817460317,1.22648089095944,0.856054579861008,5.20889631192114,41.1825366217961
10.077380952381,1.22680639753904,0.856203797864848,5.20640528382796,41.1837316121528
10.0774801587302,1.22713121821057,0.856353084199628,5.20391544675915,41.1849265463737
10.0775793650794,1.2274553538423,0.856502438621038,5.20142680015185,41.186121424243
10.0776785714286,1.22777880530202,0.856651860884914,5.19893934344342,41.1873162455454
10.0777777777778,1.2281015734571,0.856801350747237,5.19645307607142,41.1885110100653
10.077876984127,1.22842365917439,0.856950907964131,5.19396799747366,41.1897057175875
10.0779761904762,1.2287450633203,0.857100532291867,5.19148410708816,41.1909003678969
10.0780753968254,1.22906578676079,0.85725022348686,5.18900140435315,41.1920949607785
10.0781746031746,1.22938583036133,0.857399981305674,5.18651988870708,41.1932894960175
10.0782738095238,1.22970519498692,0.857549805505009,5.1840395595887,41.194483973399
10.078373015873,1.23002388150212,0.857699695841719,5.1815604164369,41.1956783927086
10.0784722222222,1.23034189077101,0.857849652072799,5.17908245869081,41.1968727537318
10.0785714285714,1.23065922365719,0.85799967395539,5.17660568578979,41.1980670562542
10.0786706349206,1.23097588102383,0.858149761246777,5.17413009717343,41.1992613000617
10.0787698412698,1.23129186373359,0.858299913704393,5.17165569228154,41.2004554849403
10.078869047619,1.23160717264871,0.858450131085812,5.16918247055414,41.201649610676
10.0789682539683,1.23192180863093,0.858600413148756,5.16671043143149,41.202843677055
10.0790674603175,1.23223577254154,0.85875075965109,5.16423957435407,41.2040376838638
10.0791666666667,1.23254906524136,0.858901170350826,5.16176989876258,41.2052316308888
10.0792658730159,1.23286168759074,0.859051645006121,5.15930140409794,41.2064255179167
10.0793650793651,1.23317364044958,0.859202183375274,5.1568340898013,41.2076193447342
10.0794642857143,1.23348492467729,0.859352785216734,5.15436795531403,41.2088131111283
10.0795634920635,1.23379554113284,0.85950345028909,5.15190300007773,41.210006816886
10.0796626984127,1.23410549067472,0.859654178351081,5.14943922353418,41.2112004617944
10.0797619047619,1.23441477416095,0.859804969161585,5.14697662512548,41.212394045641
10.0798611111111,1.2347233924491,0.85995582247963,5.14451520429387,41.213587568213
10.0799603174603,1.23503134639625,0.860106738064388,5.14205496048184,41.2147810292982
10.0800595238095,1.23533863685905,0.860257715675176,5.13959589313208,41.2159744286843
10.0801587301587,1.23564526469365,0.860408755071454,5.13713800168755,41.217167766159
10.0802579365079,1.23595123075575,0.86055985601283,5.13468128559139,41.2183610415105
10.0803571428571,1.23625653590059,0.860711018259056,5.13222574428699,41.2195542545268
10.0804563492063,1.23656118098292,0.860862241570029,5.12977137721794,41.2207474049961
10.0805555555556,1.23686516685706,0.861013525705789,5.12731818382808,41.221940492707
10.0806547619048,1.23716849437684,0.861164870426525,5.12486616356146,41.2231335174479
10.080753968254,1.23747116439563,0.861316275492568,5.12241531586235,41.2243264790076
10.0808531746032,1.23777317776632,0.861467740664395,5.11996564017524,41.2255193771747
10.0809523809524,1.23807453534137,0.861619265702628,5.11751713594486,41.2267122117383
10.0810515873016,1.23837523797274,0.861770850368035,5.11506980261615,41.2279049824874
10.0811507936508,1.23867528651194,0.86192249442153,5.11262363963424,41.2290976892114
10.08125,1.23897468181001,0.862074197624166,5.11017864644459,41.2302903316994
10.0813492063492,1.23927342471752,0.862225959737147,5.10773482249278,41.231482909741
10.0814484126984,1.2395715160846,0.862377780521821,5.10529216722465,41.2326754231259
10.0815476190476,1.23986895676087,0.86252965973968,5.10285068008625,41.2338678716437
10.0816468253968,1.24016574759553,0.862681597152362,5.10041036052387,41.2350602550844
10.081746031746,1.24046188943727,0.862833592521648,5.09797120798402,41.236252573238
10.0818452380952,1.24075738313436,0.862985645609468,5.09553322191342,41.2374448258947
10.0819444444444,1.24105222953457,0.863137756177893,5.09309640175903,41.2386370128448
10.0820436507937,1.24134642948521,0.863289923989141,5.09066074696803,41.2398291338787
10.0821428571429,1.24163998383315,0.863442148805575,5.0882262569878,41.241021188787
10.0822420634921,1.24193289342475,0.863594430389703,5.08579293126599,41.2422131773604
10.0823412698413,1.24222515910595,0.863746768504177,5.08336076925042,41.2434050993897
10.0824404761905,1.24251678172219,0.863899162911796,5.08092977038918,41.244596954666
10.0825396825397,1.24280776211847,0.864051613375502,5.07849993413056,41.2457887429803
10.0826388888889,1.2430981011393,0.864204119658386,5.07607125992303,41.2469804641239
10.0827380952381,1.24338779962874,0.864356681523676,5.0736437472154,41.2481721178882
10.0828373015873,1.24367685843037,0.864509298734753,5.0712173954566,41.2493637040647
10.0829365079365,1.24396527838734,0.86466197105514,5.06879220409583,41.2505552224451
10.0830357142857,1.24425306034229,0.864814698248505,5.06636817258248,41.2517466728212
10.0831349206349,1.24454020513741,0.864967480078661,5.06394530036619,41.2529380549848
10.0832341269841,1.24482671361444,0.865120316309568,5.06152358689682,41.2541293687281
10.0833333333333,1.24511258661464,0.865273206705328,5.05910303162444,41.2553206138433
10.0834325396825,1.24539782497881,0.865426151030189,5.05668363399936,41.2565117901227
10.0835317460317,1.24568242954726,0.865579149048546,5.0542653934721,41.2577028973588
10.083630952381,1.24596640115988,0.865732200524936,5.05184830949342,41.2588939353442
10.0837301587302,1.24624974065606,0.865885305224044,5.04943238151427,41.2600849038717
10.0838293650794,1.24653244887473,0.866038462910699,5.04701760898587,41.261275802734
10.0839285714286,1.24681452665436,0.866191673349873,5.04460399135962,41.2624666317243
10.0840277777778,1.24709597483295,0.866344936306686,5.04219152808718,41.2636573906357
10.084126984127,1.24737679424805,0.866498251546403,5.03978021862036,41.2648480792615
10.0842261904762,1.24765698573671,0.86665161883443,5.03737006241134,41.2660386973951
10.0843253968254,1.24793655013556,0.866805037936323,5.03496105891237,41.2672292448301
10.0844246031746,1.24821548828071,0.86695850861778,5.03255320757601,41.2684197213602
10.0845238095238,1.24849380100786,0.867112030644645,5.03014650785501,41.2696101267792
10.084623015873,1.2487714891522,0.867265603782908,5.02774095920235,41.270800460881
10.0847222222222,1.24904855354849,0.867419227798703,5.02533656107124,41.2719907234598
10.0848214285714,1.24932499503099,0.867572902458309,5.0229333129151,41.2731809143098
10.0849206349206,1.24960081443352,0.86772662752815,5.02053121418759,41.2743710332255
10.0850198412698,1.24987601258942,0.867880402774796,5.01813026434258,41.2755610800012
10.085119047619,1.25015059033158,0.868034227964962,5.01573046283417,41.2767510544317
10.0852182539683,1.2504245484924,0.868188102865505,5.01333180911668,41.2779409563117
10.0853174603175,1.25069788790385,0.868342027243432,5.01093430264466,41.2791307854362
10.0854166666667,1.25097060939739,0.868496000865892,5.00853794287287,41.2803205416002
10.0855158730159,1.25124271380404,0.868650023500179,5.00614272925631,41.2815102245989
10.0856150793651,1.25151420195437,0.868804094913734,5.00374866125015,41.2826998342276
10.0857142857143,1.25178507467845,0.86895821487414,5.00135573830991,41.2838893702819
10.0858134920635,1.2520553328059,0.869112383149127,4.9989639598912,41.2850788325572
10.0859126984127,1.25232497716589,0.86926659950657,4.99657332544992,41.2862682208493
10.0860119047619,1.25259400858708,0.869420863714489,4.99418383444217,41.2874575349541
10.0861111111111,1.25286242789772,0.86957517554105,4.99179548632428,41.2886467746676
10.0862103174603,1.25313023592555,0.869729534754561,4.98940828055281,41.289835939786
10.0863095238095,1.25339743349788,0.869883941123479,4.98702221658454,41.2910250301055
10.0864087301587,1.25366402144151,0.870038394416403,4.98463729387646,41.2922140454225
10.0865079365079,1.25393000058283,0.870192894402079,4.98225351188581,41.2934029855335
10.0866071428571,1.25419537174771,0.870347440849396,4.97987087007002,41.2945918502354
10.0867063492063,1.25446013576159,0.870502033527391,4.97748936788677,41.2957806393248
10.0868055555556,1.25472429344943,0.870656672205242,4.97510900479395,41.2969693525987
10.0869047619048,1.25498784563573,0.870811356652277,4.97272978024968,41.2981579898543
10.087003968254,1.25525079314453,0.870966086637964,4.97035169371231,41.2993465508888
10.0871031746032,1.25551313679938,0.871120861931922,4.96797474464036,41.3005350354995
10.0872023809524,1.25577487742339,0.871275682303907,4.96559893249268,41.3017234434838
10.0873015873016,1.2560360158392,0.871430547523827,4.96322425672826,41.3029117746396
10.0874007936508,1.25629655286896,0.871585457361733,4.96085071680632,41.3041000287644
10.0875,1.25655648933439,0.87174041158782,4.95847831218633,41.3052882056563
10.0875992063492,1.25681582605672,0.871895409972428,4.95610704232797,41.3064763051133
10.0876984126984,1.25707456385673,0.872050452286044,4.95373690669113,41.3076643269335
10.0877976190476,1.25733270355473,0.872205538299299,4.95136790473595,41.3088522709152
10.0878968253968,1.25759024597054,0.872360667782969,4.94900003592277,41.310040136857
10.087996031746,1.25784719192355,0.872515840507974,4.94663329971218,41.3112279245574
10.0880952380952,1.25810354223267,0.87267105624538,4.94426769556496,41.3124156338151
10.0881944444444,1.25835929771635,0.872826314766399,4.94190322294214,41.3136032644289
10.0882936507937,1.25861445919255,0.872981615842388,4.93953988130496,41.314790816198
10.0883928571429,1.25886902747879,0.873136959244846,4.93717767011489,41.3159782889213
10.0884920634921,1.25912300339212,0.87329234474542,4.93481658883362,41.3171656823982
10.0885912698413,1.25937638774913,0.873447772115904,4.93245663692302,41.3183529964281
10.0886904761905,1.25962918136591,0.87360324112823,4.9300978138453,41.3195402308104
10.0887896825397,1.25988138505813,0.873758751554481,4.9277401190628,41.320727385345
10.0888888888889,1.26013299964097,0.873914303166885,4.92538355203808,41.3219144598315
10.0889880952381,1.26038402592914,0.874069895737811,4.92302811223396,41.3231014540699
10.0890873015873,1.26063446473691,0.874225529039778,4.92067379911347,41.3242883678603
10.0891865079365,1.26088431687805,0.874381202845446,4.91832061213986,41.3254752010029
10.0892857142857,1.26113358316588,0.874536916927623,4.9159685507766,41.3266619532981
10.0893849206349,1.26138226441328,0.87469267105926,4.9136176144874,41.3278486245463
10.0894841269841,1.26163036143261,0.874848465013453,4.91126780273619,41.3290352145482
10.0895833333333,1.26187787503581,0.875004298563446,4.90891911498709,41.3302217231045
10.0896825396825,1.26212480603434,0.875160171482624,4.9065715507045,41.3314081500162
10.0897817460317,1.26237115523918,0.87531608354452,4.90422510935299,41.3325944950842
10.089880952381,1.26261692346087,0.87547203452281,4.90187979039739,41.3337807581097
10.0899801587302,1.26286211150947,0.875628024191317,4.89953559330273,41.334966938894
10.0900793650794,1.26310672019458,0.875784052324011,4.89719251753424,41.3361530372386
10.0901785714286,1.26335075032531,0.875940118694998,4.89485056255748,41.337339052945
10.0902777777778,1.26359420271035,0.876096223078538,4.89250972783813,41.3385249858149
10.090376984127,1.26383707815788,0.876252365249035,4.8901700128421,41.3397108356502
10.0904761904762,1.26407937747563,0.876408544981034,4.88783141703557,41.3408966022529
10.0905753968254,1.26432110147089,0.876564762049228,4.88549393988491,41.342082285425
10.0906746031746,1.26456225095044,0.876721016228456,4.88315758085672,41.3432678849689
10.0907738095238,1.26480282672063,0.876877307293698,4.88082233941783,41.3444534006868
10.090873015873,1.26504282958733,0.877033635020084,4.87848821503529,41.3456388323814
10.0909722222222,1.26528226035593,0.877189999182885,4.87615520717637,41.3468241798553
10.0910714285714,1.26552111983139,0.87734639955752,4.87382331530856,41.3480094429113
10.0911706349206,1.26575940881816,0.87750283591955,4.87149253889959,41.3491946213523
10.0912698412698,1.26599712812027,0.877659308044685,4.86916287741739,41.3503797149813
10.091369047619,1.26623427854124,0.877815815708776,4.86683433033013,41.3515647236017
10.0914682539683,1.26647086088417,0.877972358687821,4.86450689710621,41.3527496470167
10.0915674603175,1.26670687595166,0.878128936757966,4.8621805772142,41.3539344850298
10.0916666666667,1.26694232454584,0.878285549695495,4.859855370123,41.3551192374445
10.0917658730159,1.26717720746841,0.878442197276842,4.85753127530163,41.3563039040647
10.0918650793651,1.26741152552058,0.878598879278585,4.85520829221939,41.3574884846943
10.0919642857143,1.26764527950309,0.878755595477449,4.85288642034576,41.3586729791372
10.0920634920635,1.26787847021623,0.8789123456503,4.8505656591505,41.3598573871976
10.0921626984127,1.26811109845981,0.879069129574153,4.84824600810353,41.3610417086797
10.0922619047619,1.26834316503319,0.879225947026166,4.84592746667505,41.3622259433881
10.0923611111111,1.26857467073524,0.879382797783642,4.84361003433544,41.3634100911273
10.0924603174603,1.26880561636439,0.879539681624029,4.84129371055534,41.3645941517019
10.0925595238095,1.2690360027186,0.879696598324922,4.83897849480558,41.3657781249168
10.0926587301587,1.26926583059535,0.879853547664058,4.83666438655723,41.366962010577
10.0927579365079,1.26949510079165,0.880010529419321,4.83435138528159,41.3681458084875
10.0928571428571,1.26972381410408,0.88016754336874,4.83203949045017,41.3693295184537
10.0929563492063,1.26995197132872,0.880324589290489,4.82972870153471,41.3705131402808
10.0930555555556,1.2701795732612,0.880481666962888,4.82741901800713,41.3716966737744
10.0931547619048,1.27040662069667,0.880638776164397,4.82511043933969,41.3728801187401
10.093253968254,1.27063311442984,0.880795916673627,4.82280296500476,41.3740634749838
10.0933531746032,1.27085905525492,0.880953088269333,4.82049659447498,41.3752467423112
10.0934523809524,1.27108444396568,0.881110290730412,4.8181913272232,41.3764299205286
10.0935515873016,1.27130928135542,0.88126752383591,4.81588716272249,41.377613009442
10.0936507936508,1.27153356821697,0.881424787365015,4.81358410044616,41.3787960088579
10.09375,1.27175730534269,0.881582081097061,4.81128213986773,41.3799789185826
10.0938492063492,1.27198049352449,0.881739404811527,4.80898128046095,41.3811617384227
10.0939484126984,1.2722031335538,0.881896758288039,4.80668152169979,41.3823444681851
10.0940476190476,1.27242522622159,0.882054141306364,4.80438286305844,41.3835271076764
10.0941468253968,1.27264677231835,0.882211553646418,4.80208530401133,41.3847096567039
10.094246031746,1.27286777263414,0.88236899508826,4.79978884403309,41.3858921150745
10.0943452380952,1.27308822795851,0.882526465412095,4.7974934825986,41.3870744825957
10.0944444444444,1.27330813908058,0.882683964398271,4.79519921918292,41.3882567590747
10.0945436507937,1.27352750678899,0.882841491827287,4.79290605326135,41.3894389443191
10.0946428571429,1.27374633187191,0.882999047479776,4.79061398430949,41.3906210381366
10.0947420634921,1.27396461511705,0.883156631136526,4.78832301180305,41.3918030403351
10.0948412698413,1.27418235731164,0.883314242578467,4.78603313521802,41.3929849507225
10.0949404761905,1.27439955924248,0.883471881586673,4.7837443540306,41.3941667691068
10.0950396825397,1.27461622169587,0.883629547942365,4.78145666771722,41.3953484952963
10.0951388888889,1.27483234545766,0.883787241426907,4.77917007575453,41.3965301290994
10.0952380952381,1.27504793131323,0.88394496182181,4.77688457761941,41.3977116703246
10.0953373015873,1.27526298004748,0.884102708908728,4.77460017278894,41.3988931187804
10.0954365079365,1.27547749244488,0.884260482469461,4.77231686074046,41.4000744742757
10.0955357142857,1.27569146928941,0.884418282285954,4.77003464095151,41.4012557366194
10.0956349206349,1.27590491136458,0.884576108140299,4.76775351289984,41.4024369056205
10.0957341269841,1.27611781945344,0.884733959814729,4.76547347606346,41.4036179810881
10.0958333333333,1.27633019433859,0.884891837091626,4.76319452992058,41.4047989628317
10.0959325396825,1.27654203680213,0.885049739753514,4.76091667394963,41.4059798506606
10.0960317460317,1.27675334762574,0.885207667583067,4.75863990762924,41.4071606443844
10.096130952381,1.27696412759059,0.885365620363095,4.75636423043836,41.4083413438128
10.0962301587302,1.27717437747741,0.885523597876561,4.75408964185607,41.4095219487558
10.0963293650794,1.27738409806646,0.885681599906571,4.75181614136168,41.4107024590232
10.0964285714286,1.27759329013753,0.885839626236375,4.74954372843477,41.4118828744253
10.0965277777778,1.27780195446995,0.885997676649369,4.74727240255509,41.4130631947722
10.096626984127,1.27801009184257,0.886155750929094,4.74500216320267,41.4142434198744
10.0967261904762,1.2782177030338,0.886313848859235,4.7427330098577,41.4154235495424
10.0968253968254,1.27842478882156,0.886471970223624,4.74046494200065,41.4166035835869
10.0969246031746,1.27863134998332,0.886630114806236,4.73819795911219,41.4177835218187
10.0970238095238,1.27883738729607,0.886788282391192,4.7359320606732,41.4189633640487
10.097123015873,1.27904290153635,0.886946472762758,4.7336672461648,41.420143110088
10.0972222222222,1.27924789348022,0.887104685705346,4.73140351506834,41.4213227597479
10.0973214285714,1.27945236390329,0.887262921003511,4.72914086686537,41.4225023128395
10.0974206349206,1.27965631358069,0.887421178441955,4.72687930103768,41.4236817691746
10.0975198412698,1.27985974328709,0.887579457805526,4.72461881706725,41.4248611285646
10.097619047619,1.28006265379669,0.887737758879211,4.72235941443637,41.4260403908213
10.0977182539683,1.28026504588324,0.887896081448149,4.72010109262748,41.4272195557567
10.0978174603175,1.28046692032,0.888054425297621,4.71784385112325,41.4283986231827
10.0979166666667,1.28066827787979,0.888212790213052,4.71558768940657,41.4295775929115
10.0980158730159,1.28086911933494,0.888371175980016,4.71333260696059,41.4307564647554
10.0981150793651,1.28106944545733,0.888529582384228,4.71107860326864,41.4319352385268
10.0982142857143,1.28126925701837,0.888688009211551,4.7088256778143,41.4331139140384
10.0983134920635,1.281468554789,0.88884645624799,4.70657383008137,41.4342924911027
10.0984126984127,1.28166733953971,0.889004923279697,4.70432305955386,41.4354709695327
10.0985119047619,1.2818656120405,0.88916341009297,4.70207336571601,41.4366493491414
10.0986111111111,1.28206337306093,0.88932191647425,4.6998247480523,41.4378276297418
10.0987103174603,1.28226062337007,0.889480442210124,4.69757720604742,41.4390058111472
10.0988095238095,1.28245736373654,0.889638987087324,4.69533073918626,41.440183893171
10.0989087301587,1.28265359492849,0.889797550892726,4.69308534695398,41.4413618756267
10.0990079365079,1.28284931771361,0.889956133413356,4.69084102883589,41.442539758328
10.0991071428571,1.28304453285912,0.890114734436376,4.68859778431765,41.4437175410887
10.0992063492063,1.28323924113176,0.890273353749101,4.68635561288502,41.4448952237226
10.0993055555556,1.28343344329782,0.890431991138986,4.68411451402404,41.4460728060438
10.0994047619048,1.28362714012314,0.890590646393636,4.68187448722095,41.4472502878666
10.099503968254,1.28382033237306,0.890749319300796,4.67963553196224,41.4484276690053
10.0996031746032,1.28401302081247,0.89090800964836,4.67739764773459,41.4496049492744
10.0997023809524,1.2842052062058,0.891066717224365,4.67516083402494,41.4507821284884
10.0998015873016,1.284396889317,0.891225441816994,4.67292509032043,41.4519592064621
10.0999007936508,1.28458807090958,0.891384183214573,4.67069041610842,41.4531361830104
10.1,1.28477875174656,0.891542941205576,4.66845681087652,41.4543130579483
10.1000992063492,1.2849689325905,0.89170171557862,4.66622427411252,41.4554898310909
10.1001984126984,1.2851586142035,0.891860506122468,4.66399280530448,41.4566665022536
10.1002976190476,1.28534779734719,0.892019312626028,4.66176240394065,41.4578430712517
10.1003968253968,1.28553648278273,0.892178134878353,4.65953306950952,41.4590195379009
10.100496031746,1.28572467127082,0.892336972668641,4.65730480149976,41.4601959020168
10.1005952380952,1.2859123635717,0.892495825786234,4.65507759940037,41.4613721634152
10.1006944444444,1.28609956044513,0.892654694020619,4.65285146270048,41.4625483219121
10.1007936507937,1.28628626265042,0.892813577161431,4.65062639088946,41.4637243773236
10.1008928571429,1.28647247094641,0.892972474998447,4.64840238345691,41.4649003294659
10.1009920634921,1.28665818609146,0.893131387321591,4.64617943989265,41.4660761781555
10.1010912698413,1.28684340884347,0.893290313920931,4.64395755968675,41.4672519232088
10.1011904761905,1.2870281399599,0.89344925458668,4.64173674232945,41.4684275644424
10.1012896825397,1.28721238019771,0.893608209109196,4.63951698731127,41.4696031016732
10.1013888888889,1.28739613031342,0.893767177278983,4.63729829412292,41.4707785347181
10.1014880952381,1.28757939106306,0.89392615888669,4.63508066225534,41.471953863394
10.1015873015873,1.2877621632022,0.894085153723109,4.63286409119969,41.4731290875183
10.1016865079365,1.28794444748598,0.894244161579179,4.63064858044736,41.4743042069082
10.1017857142857,1.28812624466901,0.894403182245984,4.62843412948997,41.4754792213811
10.1018849206349,1.2883075555055,0.894562215514752,4.62622073781934,41.4766541307548
10.1019841269841,1.28848838074915,0.89472126117686,4.62400840492751,41.4778289348468
10.1020833333333,1.28866872115321,0.894880319023821,4.62179713030681,41.4790036334751
10.1021825396825,1.28884857747046,0.895039388847302,4.61958691344973,41.4801782264577
10.1022817460317,1.28902795045323,0.895198470439112,4.61737775384898,41.4813527136127
10.102380952381,1.28920684085335,0.895357563591204,4.61516965099752,41.4825270947584
10.1024801587302,1.28938524942223,0.895516668095677,4.61296260438852,41.4837013697132
10.1025793650794,1.28956317691077,0.895675783744777,4.61075661351538,41.4848755382956
10.1026785714286,1.28974062406943,0.89583491033089,4.60855167787172,41.4860496003243
10.1027777777778,1.2899175916482,0.895994047646552,4.60634779695138,41.4872235556182
10.102876984127,1.29009408039661,0.896153195484442,4.60414497024844,41.4883974039961
10.1029761904762,1.29027009106371,0.896312353637385,4.60194319725718,41.4895711452773
10.1030753968254,1.29044562439809,0.896471521898348,4.59974247747211,41.4907447792808
10.1031746031746,1.29062068114788,0.896630700060448,4.59754281038798,41.4919183058261
10.1032738095238,1.29079526206074,0.896789887916942,4.59534419549973,41.4930917247326
10.103373015873,1.29096936788386,0.896949085261237,4.59314663230257,41.49426503582
10.1034722222222,1.29114299936398,0.897108291886882,4.59095012029186,41.4954382389081
10.1035714285714,1.29131615724736,0.897267507587569,4.58875465896329,41.4966113338167
10.1036706349206,1.29148884227978,0.89742673215714,4.58656024781269,41.4977843203659
10.1037698412698,1.2916610552066,0.897585965389579,4.58436688633613,41.4989571983759
10.103869047619,1.29183279677266,0.897745207079015,4.58217457402992,41.500129967667
10.1039682539683,1.29200406772238,0.897904457019724,4.57998331039057,41.5013026280595
10.1040674603175,1.29217486879969,0.898063715006125,4.57779309491484,41.5024751793742
10.1041666666667,1.29234520074805,0.898222980832784,4.5756039270997,41.5036476214317
10.1042658730159,1.29251506431047,0.89838225429441,4.57341580644233,41.5048199540529
10.1043650793651,1.29268446022949,0.898541535185858,4.57122873244015,41.5059921770588
10.1044642857143,1.29285338924718,0.898700823302128,4.56904270459081,41.5071642902704
10.1045634920635,1.29302185210515,0.898860118438366,4.56685772239217,41.5083362935091
10.1046626984127,1.29318984954454,0.899019420389862,4.5646737853423,41.5095081865962
10.1047619047619,1.29335738230601,0.89917872895205,4.56249089293954,41.5106799693533
10.1048611111111,1.29352445112979,0.899338043920512,4.5603090446824,41.5118516416021
10.1049603174603,1.29369105675562,0.899497365090974,4.55812824006961,41.5130232031643
10.1050595238095,1.29385719992277,0.899656692259303,4.55594847860021,41.5141946538619
10.1051587301587,1.29402288137006,0.899816025221517,4.55376975977337,41.5153659935169
10.1052579365079,1.29418810183583,0.899975363773775,4.55159208308853,41.5165372219517
10.1053571428571,1.29435286205796,0.900134707712383,4.54941544804533,41.5177083389884
10.1054563492063,1.29451716277387,0.900294056833793,4.54723985414364,41.5188793444496
10.1055555555556,1.29468100472052,0.900453410934599,4.54506530088356,41.520050238158
10.1056547619048,1.29484438863437,0.900612769811543,4.54289178776541,41.5212210199363
10.105753968254,1.29500731525146,0.90077213326151,4.54071931428973,41.5223916896073
10.1058531746032,1.29516978530733,0.90093150108153,4.53854787995729,41.5235622469941
10.1059523809524,1.29533179953708,0.901090873068781,4.53637748426908,41.5247326919198
10.1060515873016,1.29549335867531,0.901250249020582,4.5342081267263,41.5259030242078
10.1061507936508,1.29565446345619,0.901409628734401,4.5320398068304,41.5270732436815
10.10625,1.29581511461341,0.901569012007847,4.52987252408303,41.5282433501645
10.1063492063492,1.2959753128802,0.901728398638677,4.52770627798607,41.5294133434803
10.1064484126984,1.29613505898931,0.901887788424794,4.52554106804161,41.5305832234531
10.1065476190476,1.29629435367302,0.902047181164241,4.52337689375203,41.5317529899065
10.1066468253968,1.29645319766318,0.90220657665521,4.52121375461985,41.5329226426649
10.106746031746,1.29661159169114,0.902365974696038,4.51905165014785,41.5340921815524
10.1068452380952,1.2967695364878,0.902525375085206,4.51689057983903,41.5352616063933
10.1069444444444,1.29692703278359,0.902684777621341,4.51473054319661,41.5364309170124
10.1070436507937,1.29708408130847,0.902844182103215,4.51257153972403,41.5376001132341
10.1071428571429,1.29724068279194,0.903003588329743,4.51041356892496,41.5387691948833
10.1072420634921,1.29739683796304,0.903162996099987,4.5082566303033,41.5399381617849
10.1073412698413,1.29755254755033,0.903322405213154,4.50610072336316,41.541107013764
10.1074404761905,1.29770781228191,0.903481815468597,4.50394584760888,41.5422757506457
10.1075396825397,1.29786263288543,0.90364122666581,4.50179200254502,41.5434443722555
10.1076388888889,1.29801701008804,0.903800638604437,4.49963918767637,41.5446128784187
10.1077380952381,1.29817094461646,0.903960051084264,4.49748740250793,41.545781268961
10.1078373015873,1.29832443719692,0.904119463905223,4.49533664654493,41.5469495437081
10.1079365079365,1.29847748855521,0.904278876867393,4.49318691929281,41.5481177024859
10.1080357142857,1.29863009941661,0.904438289770993,4.4910382202573,41.5492857451204
10.1081349206349,1.29878227050599,0.90459770241639,4.48889054894427,41.5504536714378
10.1082341269841,1.2989340025477,0.904757114604098,4.48674390485984,41.5516214812643
10.1083333333333,1.29908529626567,0.904916526134773,4.48459828751037,41.5527891744264
10.1084325396825,1.29923615238334,0.905075936809218,4.48245369640242,41.5539567507505
10.1085317460317,1.29938657162369,0.90523534642838,4.4803101310428,41.5551242100635
10.108630952381,1.29953655470923,0.905394754793352,4.47816759093851,41.5562915521922
10.1087301587302,1.29968610236201,0.90555416170537,4.4760260755968,41.5574587769634
10.1088293650794,1.29983521530362,0.905713566965818,4.47388558452513,41.5586258842043
10.1089285714286,1.29998389425516,0.905872970376222,4.4717461172312,41.5597928737422
10.1090277777778,1.30013213993729,0.906032371738256,4.46960767322291,41.5609597454043
10.109126984127,1.3002799530702,0.906191770853737,4.4674702520084,41.5621264990183
10.1092261904762,1.3004273343736,0.906351167524628,4.46533385309603,41.5632931344117
10.1093253968254,1.30057428456674,0.906510561553037,4.46319847599437,41.5644596514124
10.1094246031746,1.30072080436843,0.906669952741217,4.4610641202122,41.5656260498482
10.1095238095238,1.30086689449697,0.906829340891564,4.45893078525861,41.5667923295472
10.109623015873,1.30101255567023,0.906988725806622,4.45679847064282,41.5679584903375
10.1097222222222,1.3011577886056,0.907148107289079,4.45466717587431,41.5691245320476
10.1098214285714,1.30130259402,0.907307485141768,4.45253690046276,41.5702904545058
10.1099206349206,1.30144697262989,0.907466859167667,4.45040764391811,41.5714562575408
10.1100198412698,1.30159092515126,0.907626229169899,4.44827940575049,41.5726219409813
10.110119047619,1.30173445229965,0.907785594951732,4.44615218547028,41.573787504656
10.1102182539683,1.30187755479012,0.907944956316581,4.44402598258806,41.5749529483942
10.1103174603175,1.30202023333726,0.908104313068002,4.44190079661465,41.5761182720248
10.1104166666667,1.3021624886552,0.908263665009699,4.43977662706109,41.5772834753771
10.1105158730159,1.30230432145762,0.908423011945522,4.43765347343863,41.5784485582807
10.1106150793651,1.30244573245771,0.908582353679462,4.43553133525876,41.5796135205649
10.1107142857143,1.3025867223682,0.908741690015659,4.43341021203319,41.5807783620595
10.1108134920635,1.30272729190137,0.908901020758396,4.43129010327384,41.5819430825942
10.1109126984127,1.30286744176902,0.909060345712104,4.42917100849285,41.5831076819992
10.1110119047619,1.30300717268248,0.909219664681353,4.42705292720265,41.5842721601043
10.1111111111111,1.30314648535262,0.909378977470863,4.4249358589158,41.5854365167399
10.1112103174603,1.30328538048986,0.909538283885498,4.42281980314513,41.5866007517363
10.1113095238095,1.30342385880412,0.909697583730266,4.4207047594037,41.5877648649241
10.1114087301587,1.3035619210049,0.909856876810323,4.41859072720476,41.5889288561337
10.1115079365079,1.30369956780119,0.910016162930966,4.41647770606182,41.5900927251961
10.1116071428571,1.30383679990154,0.91017544189764,4.41436569548858,41.591256471942
10.1117063492063,1.30397361801402,0.910334713515934,4.412254694999,41.5924200962026
10.1118055555556,1.30411002284625,0.910493977591581,4.41014470410722,41.593583597809
10.1119047619048,1.30424601510538,0.910653233930462,4.40803572232765,41.5947469765925
10.112003968254,1.30438159549808,0.910812482338599,4.40592774917488,41.5959102323845
10.1121031746032,1.30451676473057,0.910971722622164,4.40382078416376,41.5970733650167
10.1122023809524,1.30465152350859,0.911130954587469,4.40171482680934,41.5982363743208
10.1123015873016,1.30478587253744,0.911290178040974,4.39960987662689,41.5993992601285
10.1124007936508,1.30491981252193,0.911449392789287,4.3975059331319,41.600562022272
10.1125,1.30505334416641,0.911608598639151,4.39540299584014,41.6017246605833
10.1125992063492,1.30518646817477,0.911767795397464,4.39330106426754,41.6028871748946
10.1126984126984,1.30531918525043,0.911926982871266,4.39120013793027,41.6040495650384
10.1127976190476,1.30545149609634,0.91208616086774,4.38910021634473,41.6052118308472
10.1128968253968,1.30558340141499,0.912245329194217,4.38700129902754,41.6063739721537
10.112996031746,1.30571490190841,0.912404487658172,4.38490338549553,41.6075359887906
10.1130952380952,1.30584599827816,0.912563636067223,4.38280647526578,41.608697880591
10.1131944444444,1.30597669122532,0.912722774229137,4.38071056785558,41.6098596473878
10.1132936507937,1.30610698145053,0.912881901951824,4.37861566278243,41.6110212890143
10.1133928571429,1.30623686965393,0.913041019043337,4.37652175956407,41.6121828053038
10.1134920634921,1.30636635653524,0.913200125311877,4.37442885771847,41.6133441960899
10.1135912698413,1.30649544279368,0.91335922056579,4.3723369567638,41.6145054612061
10.1136904761905,1.30662412912801,0.913518304613565,4.37024605621847,41.6156666004862
10.1137896825397,1.30675241623654,0.913677377263837,4.36815615560111,41.616827613764
10.1138888888889,1.30688030481709,0.91383643832539,4.36606725443055,41.6179885008736
10.1139880952381,1.30700779556702,0.913995487607143,4.36397935222591,41.6191492616492
10.1140873015873,1.30713488918325,0.91415452491817,4.36189244850647,41.620309895925
10.1141865079365,1.30726158636221,0.914313550067686,4.35980654279175,41.6214704035356
10.1142857142857,1.30738788779987,0.914472562865052,4.35772163460149,41.6226307843153
10.1143849206349,1.30751379419172,0.914631563119772,4.35563772345567,41.623791038099
10.1144841269841,1.30763930623282,0.914790550641498,4.35355480887448,41.6249511647215
10.1145833333333,1.30776442461773,0.914949525240025,4.35147289037832,41.6261111640178
10.1146825396825,1.30788915004055,0.915108486725294,4.34939196748785,41.6272710358229
10.1147817460317,1.30801348319494,0.915267434907391,4.34731203972391,41.6284307799721
10.114880952381,1.30813742477407,0.915426369596546,4.34523310660761,41.6295903963009
10.1149801587302,1.30826097547064,0.915585290603135,4.34315516766024,41.6307498846446
10.1150793650794,1.30838413597691,0.91574419773768,4.34107822240334,41.6319092448391
10.1151785714286,1.30850690698464,0.915903090810846,4.33900227035866,41.63306847672
10.1152777777778,1.30862928918516,0.916061969633444,4.33692731104818,41.6342275801232
10.115376984127,1.30875128326931,0.916220834016432,4.33485334399408,41.635386554885
10.1154761904762,1.30887288992747,0.916379683770908,4.33278036871884,41.6365454008413
10.1155753968254,1.30899410984956,0.916538518708119,4.33070838474507,41.6377041178287
10.1156746031746,1.30911494372502,0.916697338639457,4.32863739159565,41.6388627056835
10.1157738095238,1.30923539224285,0.916856143376459,4.32656738879367,41.6400211642423
10.115873015873,1.30935545609156,0.917014932730805,4.32449837586246,41.6411794933419
10.1159722222222,1.30947513595921,0.917173706514322,4.32243035232555,41.6423376928191
10.1160714285714,1.30959443253338,0.917332464538981,4.3203633177067,41.6434957625111
10.1161706349206,1.30971334650119,0.917491206616899,4.31829727152992,41.6446537022548
10.1162698412698,1.3098318785493,0.917649932560338,4.3162322133194,41.6458115118877
10.116369047619,1.30995002936391,0.917808642181703,4.31416814259958,41.646969191247
10.1164682539683,1.31006779963073,0.917967335293548,4.31210505889512,41.6481267401705
10.1165674603175,1.31018519003503,0.918126011708568,4.31004296173091,41.6492841584957
10.1166666666667,1.31030220126159,0.918284671239605,4.30798185063203,41.6504414460605
10.1167658730159,1.31041883399475,0.918443313699646,4.30592172512384,41.6515986027028
10.1168650793651,1.31053508891837,0.918601938901826,4.30386258473184,41.6527556282608
10.1169642857143,1.31065096671585,0.918760546659417,4.30180442898186,41.6539125225726
10.1170634920635,1.31076646807011,0.918919136785842,4.29974725739989,41.6550692854768
10.1171626984127,1.31088159366362,0.91907770909467,4.29769106951213,41.6562259168116
10.1172619047619,1.31099634417838,0.919236263399612,4.29563586484503,41.6573824164159
10.1173611111111,1.31111072029593,0.919394799514525,4.29358164292527,41.6585387841283
10.1174603174603,1.31122472269733,0.919553317253412,4.29152840327972,41.6596950197878
10.1175595238095,1.31133835206318,0.91971181643042,4.28947614543551,41.6608511232334
10.1176587301587,1.31145160907363,0.919870296859841,4.28742486891997,41.6620070943044
10.1177579365079,1.31156449440833,0.920028758356112,4.28537457326067,41.66316293284
10.1178571428571,1.31167700874651,0.920187200733817,4.28332525798538,41.6643186386796
10.1179563492063,1.31178915276689,0.920345623807682,4.28127692262211,41.665474211663
10.1180555555556,1.31190092714775,0.92050402739258,4.2792295666991,41.6666296516297
10.1181547619048,1.3120123325669,0.92066241130353,4.2771831897448,41.6677849584197
10.118253968254,1.31212336970169,0.920820775355692,4.27513779128789,41.668940131873
10.1183531746032,1.31223403922898,0.920979119364378,4.27309337085723,41.6700951718297
10.1184523809524,1.31234434182519,0.921137443145035,4.27104992798201,41.67125007813
10.1185515873016,1.31245427816627,0.921295746513265,4.26900746219155,41.6724048506144
10.1186507936508,1.31256384892769,0.921454029284808,4.26696597301542,41.6735594891235
10.11875,1.31267305478448,0.921612291275555,4.26492545998341,41.6747139934978
10.1188492063492,1.31278189641117,0.921770532301537,4.26288592262553,41.6758683635782
10.1189484126984,1.31289037448185,0.921928752178932,4.26084736047204,41.6770225992057
10.1190476190476,1.31299848967014,0.922086950724065,4.25880977305338,41.6781767002213
10.1191468253968,1.3131062426492,0.922245127753402,4.25677315990026,41.6793306664663
10.119246031746,1.31321363409169,0.922403283083557,4.25473752054357,41.680484497782
10.1193452380952,1.31332066466985,0.922561416531288,4.25270285451446,41.6816381940099
10.1194444444444,1.31342733505544,0.922719527913499,4.25066916134428,41.6827917549916
10.1195436507937,1.31353364591973,0.922877617047239,4.2486364405646,41.6839451805689
10.1196428571429,1.31363959793355,0.923035683749699,4.24660469170723,41.6850984705837
10.1197420634921,1.31374519176727,0.92319372783822,4.24457391430421,41.6862516248781
10.1198412698413,1.31385042809076,0.923351749130286,4.24254410788774,41.6874046432942
10.1199404761905,1.31395530757346,0.923509747443522,4.24051527199037,41.6885575256742
10.1200396825397,1.31405983088433,0.923667722595704,4.23848740614475,41.6897102718607
10.1201388888889,1.31416399869186,0.92382567440475,4.23646050988381,41.6908628816963
10.1202380952381,1.31426781166408,0.923983602688725,4.23443458274069,41.6920153550235
10.1203373015873,1.31437127046856,0.924141507265837,4.23240962424876,41.6931676916854
10.1204365079365,1.31447437577239,0.924299387954439,4.2303856339416,41.6943198915249
10.1205357142857,1.3145771282422,0.924457244573031,4.22836261135304,41.695471954385
10.1206349206349,1.31467952854416,0.924615076940257,4.2263405560171,41.6966238801091
10.1207341269841,1.31478157734398,0.924772884874906,4.22431946746804,41.6977756685405
10.1208333333333,1.31488327530688,0.924930668195912,4.22229934524035,41.6989273195229
10.1209325396825,1.31498462309763,0.925088426722354,4.22028018886874,41.7000788328997
10.1210317460317,1.31508562138054,0.925246160273456,4.21826199788813,41.7012302085149
10.121130952381,1.31518627081945,0.925403868668587,4.21624477183367,41.7023814462124
10.1212301587302,1.31528657207773,0.925561551727263,4.21422851024075,41.7035325458362
10.1213293650794,1.31538652581829,0.925719209269144,4.21221321264493,41.7046835072306
10.1214285714286,1.31548613270356,0.92587684111403,4.21019887858209,41.7058343302399
10.1215277777778,1.31558539339552,0.926034447081873,4.20818550758825,41.7069850147085
10.121626984127,1.31568430855568,0.926192026992767,4.20617309919967,41.7081355604812
10.1217261904762,1.31578287884508,0.926349580666953,4.20416165295286,41.7092859674026
10.1218253968254,1.31588110492431,0.926507107924815,4.20215116838452,41.7104362353176
10.1219246031746,1.31597898745347,0.926664608586882,4.2001416450316,41.7115863640712
10.1220238095238,1.31607652709222,0.92682208247383,4.19813308243125,41.7127363535087
10.122123015873,1.31617372449973,0.926979529406477,4.19612548012087,41.7138862034753
10.1222222222222,1.31627058033471,0.927136949205789,4.19411883763806,41.7150359138164
10.1223214285714,1.31636709525542,0.927294341692876,4.19211315452065,41.7161854843776
10.1224206349206,1.31646326991965,0.927451706688993,4.19010843030671,41.7173349150046
10.1225198412698,1.31655910498471,0.92760904401554,4.1881046645345,41.7184842055432
10.122619047619,1.31665460110744,0.927766353494061,4.18610185674253,41.7196333558394
10.1227182539683,1.31674975894425,0.927923634946247,4.18410000646952,41.7207823657394
10.1228174603175,1.31684457915105,0.928080888193936,4.1820991132544,41.7219312350893
10.1229166666667,1.3169390623833,0.928238113059103,4.18009917663639,41.7230799637355
10.1230158730159,1.31703320929598,0.928395309363875,4.17810019615486,41.7242285515246
10.1231150793651,1.31712702054363,0.928552476930524,4.17610217134944,41.7253769983032
10.1232142857143,1.31722049678029,0.928709615581464,4.17410510175995,41.7265253039181
10.1233134920635,1.31731363865957,0.928866725139256,4.17210898692646,41.7276734682162
10.1234126984127,1.31740644683458,0.929023805426605,4.17011382638927,41.7288214910446
10.1235119047619,1.317498921958,0.929180856266362,4.16811961968889,41.7299693722505
10.1236111111111,1.31759106468202,0.929337877481523,4.16612636636605,41.7311171116811
10.1237103174603,1.31768287565836,0.929494868895228,4.1641340659617,41.732264709184
10.1238095238095,1.31777435553829,0.929651830330763,4.16214271801703,41.7334121646068
10.1239087301587,1.31786550497262,0.929808761611558,4.16015232207345,41.7345594777972
10.1240079365079,1.31795632461166,0.929965662561191,4.15816287767258,41.7357066486031
10.1241071428571,1.3180468151053,0.93012253300338,4.15617438435628,41.7368536768724
10.1242063492063,1.31813697710293,0.930279372761993,4.15418684166661,41.7380005624534
10.1243055555556,1.3182268112535,0.930436181661043,4.15220024914585,41.7391473051943
10.1244047619048,1.31831631820546,0.930592959524681,4.15021460633658,41.7402939049435
10.124503968254,1.31840549860682,0.930749706177211,4.14822991278151,41.7414403615497
10.1246031746032,1.31849435310513,0.930906421443078,4.1462461680236,41.7425866748613
10.1247023809524,1.31858288234746,0.931063105146874,4.14426337160606,41.7437328447274
10.1248015873016,1.31867108698041,0.931219757113336,4.1422815230723,41.7448788709968
10.1249007936508,1.31875896765012,0.931376377167344,4.14030062196594,41.7460247535187
10.125,1.31884652500228,0.931532965133925,4.13832066783086,41.7471704921423
10.1250992063492,1.3189337596821,0.931689520838251,4.13634166021114,41.7483160867168
10.1251984126984,1.31902067233431,0.931846044105637,4.13436359865108,41.749461537092
10.1252976190476,1.3191072636032,0.932002534761546,4.13238648269522,41.7506068431173
10.1253968253968,1.31919353413258,0.932158992631584,4.13041031188831,41.7517520046426
10.125496031746,1.31927948456579,0.932315417541503,4.12843508577533,41.7528970215178
10.1255952380952,1.31936511554574,0.932471809317199,4.12646080390147,41.7540418935929
10.1256944444444,1.31945042771481,0.932628167784714,4.12448746581217,41.7551866207181
10.1257936507937,1.31953542171498,0.932784492770237,4.12251507105304,41.7563312027437
10.1258928571429,1.31962009818773,0.932940784100096,4.12054361917001,41.7574756395202
10.1259920634921,1.31970445777406,0.93309704160077,4.11857310970914,41.7586199308981
10.1260912698413,1.31978850111454,0.933253265098881,4.11660354221675,41.7597640767283
10.1261904761905,1.31987222884926,0.933409454421196,4.11463491623938,41.7609080768614
10.1262896825397,1.31995564161784,0.933565609394626,4.1126672313238,41.7620519311486
10.1263888888889,1.32003874005943,0.93372172984623,4.11070048701699,41.763195639441
10.1264880952381,1.32012152481273,0.933877815603209,4.10873468286616,41.7643392015898
10.1265873015873,1.32020399651596,0.93403386649291,4.10676981841875,41.7654826174465
10.1266865079365,1.32028615580688,0.934189882342827,4.10480589322241,41.7666258868626
10.1267857142857,1.32036800332279,0.934345862980595,4.10284290682502,41.7677690096897
10.1268849206349,1.32044953970051,0.934501808233998,4.10088085877469,41.7689119857797
10.1269841269841,1.32053076557641,0.934657717930964,4.09891974861974,41.7700548149845
10.1270833333333,1.32061168158638,0.934813591899564,4.09695957590873,41.7711974971562
10.1271825396825,1.32069228836586,0.934969429968016,4.09500034019042,41.772340032147
10.1272817460317,1.32077258654981,0.935125231964685,4.09304204101379,41.7734824198093
10.127380952381,1.32085257677273,0.935280997718075,4.09108467792811,41.7746246599956
10.1274801587302,1.32093225966865,0.93543672705684,4.08912825048279,41.7757667525585
10.1275793650794,1.32101163587115,0.935592419809779,4.08717275822751,41.7769086973507
10.1276785714286,1.32109070601332,0.935748075805833,4.08521820071215,41.7780504942251
10.1277777777778,1.32116947072781,0.935903694874091,4.08326457748682,41.7791921430348
10.127876984127,1.32124793064678,0.936059276843786,4.08131188810186,41.780333643633
10.1279761904762,1.32132608640195,0.936214821544296,4.07936013210784,41.781474995873
10.1280753968254,1.32140393862454,0.936370328805144,4.07740930905553,41.7826161996081
10.1281746031746,1.32148148794535,0.936525798455998,4.07545941849594,41.783757254692
10.1282738095238,1.32155873499467,0.936681230326672,4.07351045998031,41.7848981609784
10.128373015873,1.32163568040234,0.936836624247123,4.07156243306007,41.7860389183211
10.1284722222222,1.32171232479776,0.936991980047455,4.06961533728691,41.7871795265741
10.1285714285714,1.32178866880982,0.937147297557916,4.06766917221273,41.7883199855916
10.1286706349206,1.32186471306697,0.9373025766089,4.06572393738965,41.7894602952277
10.1287698412698,1.3219404581972,0.937457817030947,4.06377963236999,41.790600455337
10.128869047619,1.32201590482802,0.937613018654736,4.06183625670638,41.7917404657738
10.1289682539683,1.32209105358648,0.937768181311099,4.05989380995157,41.7928803263929
10.1290674603175,1.32216590438893,0.937923305159251,4.05795229141797,41.7940200373903
10.1291666666667,1.32224045659915,0.938078390601271,4.05601170029886,41.7951595992116
10.1292658730159,1.32231471053624,0.938233437589172,4.05407203615772,41.796299011833
10.1293650793651,1.32238866653032,0.938388446069798,4.05213329856215,41.7974382752252
10.1294642857143,1.32246232491142,0.938543415989993,4.05019548707996,41.7985773893589
10.1295634920635,1.32253568600952,0.9386983472966,4.04825860127906,41.7997163542047
10.1296626984127,1.32260875015451,0.938853239936464,4.04632264072758,41.8008551697335
10.1297619047619,1.32268151767621,0.939008093856428,4.04438760499377,41.8019938359157
10.1298611111111,1.32275398890436,0.939162909003335,4.04245349364604,41.8031323527222
10.1299603174603,1.32282616416865,0.939317685324031,4.04052030625299,41.8042707201235
10.1300595238095,1.32289804379866,0.939472422765359,4.03858804238334,41.8054089380903
10.1301587301587,1.32296962812393,0.939627121274164,4.03665670160599,41.8065470065933
10.1302579365079,1.3230409174739,0.939781780797292,4.03472628348999,41.8076849256032
10.1303571428571,1.32311191217796,0.939936401281583,4.03279678760459,41.8088226950904
10.1304563492063,1.3231826125654,0.940090982673883,4.03086821351916,41.8099603150258
10.1305555555556,1.32325301896547,0.940245524921037,4.02894056080322,41.8110977853798
10.1306547619048,1.32332313170731,0.940400027969889,4.02701382902647,41.8122351061231
10.130753968254,1.32339295112001,0.940554491767285,4.02508801775877,41.8133722772264
10.1308531746032,1.32346247753258,0.940708916260068,4.02316312657013,41.8145092986601
10.1309523809524,1.32353171127396,0.940863301395084,4.02123915503072,41.8156461703949
10.1310515873016,1.32360065267301,0.941017647119177,4.01931610271089,41.8167828924014
10.1311507936508,1.32366930205851,0.941171953379193,4.01739396918112,41.8179194646502
10.13125,1.32373765975919,0.941326220121975,4.01547275401206,41.8190558871118
10.1313492063492,1.32380572610368,0.94148044729437,4.01355245677454,41.8201921597567
10.1314484126984,1.32387350142055,0.941634634843222,4.01163307703951,41.8213282825556
10.1315476190476,1.32394098603829,0.941788782715376,4.00971461437812,41.822464255479
10.1316468253968,1.32400818028533,0.941942890857678,4.00779706836164,41.8236000784974
10.131746031746,1.32407508449001,0.942096959216974,4.00588043856152,41.8247357515814
10.1318452380952,1.32414169898061,0.942250987740107,4.0039647245494,41.8258712747014
10.1319444444444,1.32420802408532,0.942404976373924,4.00204992589703,41.827006647828
10.1320436507937,1.32427406013227,0.942558925065269,4.00013604217634,41.8281418709317
10.1321428571429,1.32433980744951,0.942712833760989,3.99822307295942,41.829276943983
10.1322420634921,1.32440526636502,0.94286670240793,3.99631101781851,41.8304118669525
10.1323412698413,1.32447043720671,0.943020530952936,3.99439987632603,41.8315466398105
10.1324404761905,1.3245353203024,0.943174319342855,3.99248964805453,41.8326812625276
10.1325396825397,1.32459991597985,0.94332806752453,3.99058033257675,41.8338157350743
10.1326388888889,1.32466422456674,0.94348177544481,3.98867192946556,41.834950057421
10.1327380952381,1.32472824639069,0.943635443050538,3.98676443829402,41.8360842295381
10.1328373015873,1.32479198177924,0.943789070288563,3.98485785863533,41.8372182513962
10.1329365079365,1.32485543105983,0.943942657105728,3.98295219006284,41.8383521229657
10.1330357142857,1.32491859455986,0.944096203448882,3.9810474321501,41.8394858442169
10.1331349206349,1.32498147260666,0.94424970926487,3.97914358447077,41.8406194151204
10.1332341269841,1.32504406552745,0.944403174500539,3.97724064659867,41.8417528356466
10.1333333333333,1.3251063736494,0.944556599102734,3.97533861810787,41.8428861057659
10.1334325396825,1.32516839729961,0.944709983018301,3.97343749857248,41.8440192254487
10.1335317460317,1.32523013680511,0.944863326194089,3.97153728756684,41.8451521946653
10.133630952381,1.32529159249283,0.945016628576942,3.96963798466542,41.8462850133863
10.1337301587302,1.32535276468964,0.945169890113708,3.96773958944286,41.8474176815819
10.1338293650794,1.32541365372236,0.945323110751234,3.96584210147397,41.8485501992226
10.1339285714286,1.32547425991769,0.945476290436366,3.96394552033369,41.8496825662788
10.1340277777778,1.32553458360231,0.945629429115951,3.96204984559715,41.8508147827207
10.134126984127,1.32559462510277,0.945782526736837,3.96015507683963,41.8519468485188
10.1342261904762,1.32565438474559,0.94593558324587,3.95826121363656,41.8530787636434
10.1343253968254,1.3257138628572,0.946088598589896,3.95636825556353,41.8542105280648
10.1344246031746,1.32577305976396,0.946241572715764,3.95447620219631,41.8553421417534
10.1345238095238,1.32583197579214,0.946394505570321,3.95258505311081,41.8564736046796
10.134623015873,1.32589061126796,0.946547397100413,3.9506948078831,41.8576049168136
10.1347222222222,1.32594896651755,0.946700247252891,3.9488054660894,41.8587360781258
10.1348214285714,1.32600704186698,0.946853055974597,3.94691702730614,41.8598670885864
10.1349206349206,1.32606483764223,0.947005823212381,3.94502949110985,41.8609979481658
10.1350198412698,1.32612235416923,0.94715854891309,3.94314285707726,41.8621286568342
10.135119047619,1.3261795917738,0.947311233023572,3.94125712478522,41.863259214562
10.1352182539683,1.32623655078172,0.947463875490676,3.93937229381077,41.8643896213194
10.1353174603175,1.32629323151868,0.947616476261247,3.9374883637311,41.8655198770768
10.1354166666667,1.3263496343103,0.947769035282135,3.93560533412357,41.8666499818042
10.1355158730159,1.32640575948213,0.947921552500188,3.93372320456567,41.8677799354722
10.1356150793651,1.32646160735964,0.948074027862252,3.93184197463509,41.8689097380507
10.1357142857143,1.32651717826823,0.948226461315176,3.92996164390965,41.8700393895102
10.1358134920635,1.32657247253322,0.948378852805809,3.92808221196733,41.8711688898209
10.1359126984127,1.32662749047988,0.948531202280998,3.9262036783863,41.8722982389529
10.1360119047619,1.32668223243336,0.948683509687592,3.92432604274484,41.8734274368765
10.1361111111111,1.32673669871878,0.948835774972438,3.92244930462143,41.874556483562
10.1362103174603,1.32679088966118,0.948987998082388,3.92057346359468,41.8756853789794
10.1363095238095,1.3268448055855,0.949140178964286,3.91869851924341,41.8768141230991
10.1364087301587,1.32689844681663,0.949292317564981,3.91682447114655,41.8779427158912
10.1365079365079,1.32695181367937,0.949444413831324,3.9149513188832,41.8790711573259
10.1366071428571,1.32700490649847,0.949596467710161,3.91307906203262,41.8801994473734
10.1367063492063,1.32705772559859,0.949748479148343,3.91120770017425,41.8813275860038
10.1368055555556,1.32711027130431,0.949900448092718,3.90933723288765,41.8824555731873
10.1369047619048,1.32716254394016,0.950052374490134,3.90746765975258,41.8835834088941
10.137003968254,1.32721454383056,0.95020425828744,3.90559898034893,41.8847110930943
10.1371031746032,1.32726627129989,0.950356099431486,3.90373119425678,41.8858386257581
10.1372023809524,1.32731772667244,0.950507897869121,3.90186430105633,41.8869660068556
10.1373015873016,1.32736891027244,0.950659653547194,3.89999830032797,41.8880932363569
10.1374007936508,1.32741982242402,0.950811366412553,3.89813319165223,41.8892203142321
10.1375,1.32747046345127,0.950963036412048,3.89626897460983,41.8903472404514
10.1375992063492,1.32752083367817,0.951114663492528,3.89440564878161,41.8914740149848
10.1376984126984,1.32757093342866,0.951266247600846,3.89254321374857,41.8926006378026
10.1377976190476,1.32762076302658,0.951417788683845,3.89068166909194,41.8937271088746
10.1378968253968,1.32767032279572,0.951569286688378,3.88882101439302,41.8948534281711
10.137996031746,1.32771961305978,0.951720741561295,3.88696124923332,41.8959795956621
10.1380952380952,1.32776863414238,0.951872153249444,3.8851023731945,41.8971056113177
10.1381944444444,1.32781738636709,0.952023521699676,3.88324438585836,41.8982314751079
10.1382936507937,1.32786587005739,0.952174846858841,3.88138728680688,41.8993571870028
10.1383928571429,1.32791408553669,0.952326128673788,3.8795310756222,41.9004827469725
10.1384920634921,1.32796203312832,0.952477367091367,3.87767575188661,41.9016081549869
10.1385912698413,1.32800971315555,0.952628562058428,3.87582131518256,41.9027334110162
10.1386904761905,1.32805712594156,0.952779713521822,3.87396776509267,41.9038585150303
10.1387896825397,1.32810427180947,0.952930821428398,3.87211510119971,41.9049834669993
10.1388888888889,1.32815115108232,0.953081885725006,3.87026332308661,41.9061082668932
10.1389880952381,1.32819776408308,0.953232906358498,3.86841243033646,41.9072329146819
10.1390873015873,1.32824411113463,0.953383883275722,3.86656242253252,41.9083574103356
10.1391865079365,1.32829019255981,0.953534816423533,3.86471329925816,41.9094817538241
10.1392857142857,1.32833600868136,0.953685705748775,3.86286506009701,41.9106059451174
10.1393849206349,1.32838155982194,0.953836551198302,3.86101770463278,41.9117299841856
10.1394841269841,1.32842684630416,0.953987352718964,3.85917123244934,41.9128538709986
10.1395833333333,1.32847186845054,0.954138110257612,3.85732564313075,41.9139776055263
10.1396825396825,1.32851662658354,0.954288823761097,3.85548093626122,41.9151011877387
10.1397817460317,1.32856112102553,0.954439493176269,3.85363711142511,41.9162246176058
10.139880952381,1.32860535209882,0.954590118449979,3.85179416820695,41.9173478950975
10.1399801587302,1.32864932012563,0.954740699529079,3.84995210619142,41.9184710201838
10.1400793650794,1.32869302542813,0.954891236360419,3.84811092496338,41.9195939928345
10.1401785714286,1.32873646832839,0.95504172889085,3.84627062410782,41.9207168130195
10.1402777777778,1.32877964914843,0.955192177067224,3.84443120320991,41.9218394807089
10.140376984127,1.32882256821018,0.955342580836392,3.84259266185498,41.9229619958724
10.1404761904762,1.3288652258355,0.955492940145205,3.8407549996285,41.92408435848
10.1405753968254,1.32890762234619,0.955643254940514,3.83891821611612,41.9252065685016
10.1406746031746,1.32894975806395,0.955793525169173,3.83708231090362,41.9263286259071
10.1407738095238,1.32899163331043,0.955943750778029,3.835247283577,41.9274505306662
10.140873015873,1.32903324840719,0.956093931713936,3.83341313372238,41.928572282749
10.1409722222222,1.32907460367573,0.956244067923746,3.83157986092601,41.9296938821252
10.1410714285714,1.32911569943746,0.95639415935431,3.82974746477435,41.9308153287647
10.1411706349206,1.32915653601374,0.95654420595248,3.827915944854,41.9319366226374
10.1412698412698,1.32919711372584,0.956694207665107,3.82608530075171,41.9330577637131
10.141369047619,1.32923743289495,0.956844164439045,3.82425553205441,41.9341787519616
10.1414682539683,1.3292774938422,0.956994076221144,3.82242663834916,41.9352995873528
10.1415674603175,1.32931729688864,0.957143942958256,3.82059861922321,41.9364202698564
10.1416666666667,1.32935684235524,0.957293764597235,3.81877147426396,41.9375407994423
10.1417658730159,1.32939613056292,0.957443541084932,3.81694520305896,41.9386611760802
10.1418650793651,1.32943516183251,0.957593272368198,3.81511980519592,41.9397813997401
10.1419642857143,1.32947393648475,0.957742958393888,3.81329528026273,41.9409014703915
10.1420634920635,1.32951245484034,0.957892599108852,3.81147162784741,41.9420213880045
10.1421626984127,1.32955071721987,0.958042194459946,3.80964884753814,41.9431411525486
10.1422619047619,1.3295887239439,0.958191744394018,3.80782693892332,41.9442607639938
10.1423611111111,1.32962647533287,0.958341248857922,3.80600590159143,41.9453802223096
10.1424603174603,1.32966397170718,0.958490707798511,3.80418573513116,41.946499527466
10.1425595238095,1.32970121338714,0.958640121162638,3.80236643913133,41.9476186794326
10.1426587301587,1.32973820069299,0.958789488897156,3.80054801318093,41.9487376781791
10.1427579365079,1.3297749339449,0.958938810948917,3.79873045686912,41.9498565236754
10.1428571428571,1.32981141346297,0.959088087264775,3.79691376978521,41.950975215891
10.1429563492063,1.3298476395672,0.959237317791582,3.79509795151866,41.9520937547959
10.1430555555556,1.32988361257756,0.959386502476192,3.7932830016591,41.9532121403595
10.1431547619048,1.3299193328139,0.959535641265458,3.79146891979633,41.9543303725517
10.143253968254,1.32995480059604,0.959684734106232,3.78965570552029,41.9554484513422
10.1433531746032,1.32999001624369,0.959833780945368,3.78784335842109,41.9565663767006
10.1434523809524,1.3300249800765,0.95998278172972,3.786031878089,41.9576841485966
10.1435515873016,1.33005969241406,0.960131736406141,3.78422126411445,41.9588017669998
10.1436507936508,1.33009415357587,0.960280644921486,3.78241151608798,41.9599192318801
10.14375,1.33012836388135,0.960429507222605,3.78060263360041,41.9610365432069
10.1438492063492,1.33016232364986,0.960578323256353,3.77879461624261,41.96215370095
10.1439484126984,1.33019603320069,0.960727092969584,3.77698746360565,41.9632707050789
10.1440476190476,1.33022949285305,0.960875816309153,3.77518117528075,41.9643875555634
10.1441468253968,1.33026270292607,0.961024493221912,3.77337575085929,41.9655042523731
10.144246031746,1.33029566373881,0.961173123654715,3.77157118993282,41.9666207954775
10.1443452380952,1.33032837561026,0.961321707554418,3.76976749209303,41.9677371848464
10.1444444444444,1.33036083885934,0.961470244867872,3.7679646569318,41.9688534204492
10.1445436507937,1.33039305380488,0.961618735541934,3.76616268404114,41.9699695022557
10.1446428571429,1.33042502076565,0.961767179523456,3.76436157301323,41.9710854302353
10.1447420634921,1.33045674006035,0.961915576759293,3.76256132344042,41.9722012043577
10.1448412698413,1.3304882120076,0.9620639271963,3.7607619349152,41.9733168245925
10.1449404761905,1.33051943692594,0.96221223078133,3.75896340703023,41.9744322909092
10.1450396825397,1.33055041513384,0.962360487461238,3.75716573937834,41.9755476032774
10.1451388888889,1.3305811469497,0.962508697182881,3.75536893155247,41.9766627616667
10.1452380952381,1.33061163269185,0.962656859893109,3.75357298314581,41.9777777660466
10.1453373015873,1.33064187267854,0.962804975538779,3.75177789375164,41.9788926163866
10.1454365079365,1.33067186722795,0.962953044066746,3.74998366296341,41.9800073126562
10.1455357142857,1.33070161665817,0.963101065423864,3.74819029037474,41.9811218548251
10.1456349206349,1.33073112128725,0.963249039556987,3.7463977755794,41.9822362428627
10.1457341269841,1.33076038143313,0.963396966412972,3.74460611817133,41.9833504767386
10.1458333333333,1.3307893974137,0.963544845938673,3.74281531774462,41.9844645564222
10.1459325396825,1.33081816954676,0.963692678080945,3.74102537389353,41.985578481883
10.1460317460317,1.33084669815006,0.963840462786643,3.73923628621247,41.9866922530906
10.146130952381,1.33087498354126,0.963988200002622,3.73744805429601,41.9878058700143
10.1462301587302,1.33090302603793,0.964135889675738,3.73566067773889,41.9889193326238
10.1463293650794,1.33093082595761,0.964283531752846,3.733874156136,41.9900326408885
10.1464285714286,1.33095838361772,0.964431126180801,3.73208848908238,41.9911457947777
10.1465277777778,1.33098569933564,0.964578672906459,3.73030367617326,41.9922587942611
10.146626984127,1.33101277342865,0.964726171876677,3.72851971700397,41.993371639308
10.1467261904762,1.33103960621398,0.964873623038307,3.72673661117009,41.9944843298878
10.1468253968254,1.33106619800877,0.965021026338206,3.72495435826729,41.9955968659701
10.1469246031746,1.3310925491301,0.965168381723231,3.72317295789142,41.9967092475242
10.1470238095238,1.33111865989497,0.965315689140236,3.72139240963849,41.9978214745195
10.147123015873,1.33114453062029,0.965462948536079,3.71961271310466,41.9989335469255
10.1472222222222,1.33117016162292,0.965610159857614,3.71783386788625,42.0000454647116
10.1473214285714,1.33119555321963,0.965757323051698,3.71605587357977,42.0011572278471
10.1474206349206,1.33122070572714,0.965904438065187,3.71427872978185,42.0022688363015
10.1475198412698,1.33124561946207,0.966051504844937,3.7125024360893,42.0033802900441
10.147619047619,1.33127029474097,0.966198523337804,3.71072699209908,42.0044915890443
10.1477182539683,1.33129473188034,0.966345493490645,3.70895239740831,42.0056027332716
10.1478174603175,1.33131893119657,0.966492415250315,3.70717865161429,42.0067137226951
10.1479166666667,1.331342893006,0.966639288563672,3.70540575431446,42.0078245572844
10.1480158730159,1.3313666176249,0.966786113377571,3.70363370510641,42.0089352370087
10.1481150793651,1.33139010536946,0.966932889638872,3.70186250358789,42.0100457618374
10.1482142857143,1.33141335655578,0.967079617294426,3.70009214935686,42.0111561317398
10.1483134920635,1.33143637149991,0.967226296291093,3.69832264201139,42.0122663466852
10.1484126984127,1.33145915051781,0.967372926575729,3.69655398114971,42.013376406643
10.1485119047619,1.33148169392538,0.967519508095191,3.69478616637022,42.0144863115825
10.1486111111111,1.33150400203843,0.967666040796337,3.69301919727149,42.015596061473
10.1487103174603,1.33152607517272,0.967812524626022,3.69125307345223,42.0167056562837
10.1488095238095,1.33154791364392,0.967958959531104,3.68948779451132,42.0178150959839
10.1489087301587,1.33156951776761,0.96810534545844,3.6877233600478,42.0189243805431
10.1490079365079,1.33159088785934,0.968251682354888,3.68595976966087,42.0200335099303
10.1491071428571,1.33161202423454,0.968397970167304,3.68419702294988,42.0211424841149
10.1492063492063,1.3316329272086,0.968544208842545,3.68243511951435,42.0222513030662
10.1493055555556,1.33165359709682,0.96869039832747,3.68067405895395,42.0233599667533
10.1494047619048,1.33167403421443,0.968836538568935,3.67891384086853,42.0244684751456
10.149503968254,1.33169423887658,0.968982629513798,3.67715446485807,42.0255768282123
10.1496031746032,1.33171421139836,0.969128671108919,3.67539593052271,42.0266850259226
10.1497023809524,1.33173395209478,0.969274663301151,3.67363823746281,42.0277930682457
10.1498015873016,1.33175346128077,0.969420606037354,3.67188138527882,42.0289009551509
10.1499007936508,1.3317727392712,0.969566499264386,3.67012537357136,42.0300086866073
10.15,1.33179178638085,0.969712342929104,3.66837020194124,42.0311162625842
10.1500992063492,1.33181060292443,0.969858136978367,3.6666158699894,42.0322236830508
10.1501984126984,1.33182918921658,0.970003881359032,3.66486237731695,42.0333309479762
10.1502976190476,1.33184754557188,0.970149576017957,3.66310972352518,42.0344380573296
10.1503968253968,1.33186567230482,0.970295220902001,3.66135790821549,42.0355450110802
10.150496031746,1.33188356972981,0.970440815958022,3.65960693098949,42.0366518091972
10.1505952380952,1.3319012381612,0.970586361132878,3.65785679144893,42.0377584516497
10.1506944444444,1.33191867791326,0.970731856373428,3.65610748919571,42.0388649384069
10.1507936507937,1.3319358893002,0.970877301626529,3.6543590238319,42.0399712694379
10.1508928571429,1.33195287263613,0.97102269683904,3.65261139495972,42.0410774447119
10.1509920634921,1.3319696282351,0.97116804195782,3.65086460218157,42.042183464198
10.1510912698413,1.3319861564111,0.971313336929729,3.64911864509997,42.0432893278653
10.1511904761905,1.33200245747803,0.971458581701622,3.64737352331767,42.0443950356829
10.1512896825397,1.33201853174971,0.97160377622036,3.64562923643751,42.0455005876199
10.1513888888889,1.33203437953991,0.971748920432801,3.64388578406252,42.0466059836455
10.1514880952381,1.3320500011623,0.971894014285804,3.64214316579587,42.0477112237287
10.1515873015873,1.33206539693049,0.972039057726229,3.64040138124093,42.0488163078387
10.1516865079365,1.33208056715802,0.972184050700934,3.63866043000117,42.0499212359444
10.1517857142857,1.33209551215836,0.972328993156779,3.63692031168028,42.051026008015
10.1518849206349,1.33211023224488,0.972473885040622,3.63518102588208,42.0521306240195
10.1519841269841,1.3321247277309,0.972618726299323,3.63344257221053,42.053235083927
10.1520833333333,1.33213899892967,0.97276351687974,3.63170495026979,42.0543393877066
10.1521825396825,1.33215304615434,0.972908256728734,3.62996815966416,42.0554435353272
10.1522817460317,1.33216686971802,0.973052945793164,3.62823219999809,42.056547526758
10.152380952381,1.33218046993372,0.973197584019889,3.6264970708762,42.0576513619679
10.1524801587302,1.33219384711438,0.973342171355768,3.62476277190328,42.058755040926
10.1525793650794,1.33220700157289,0.973486707747664,3.62302930268424,42.0598585636013
10.1526785714286,1.33221993362203,0.973631193142432,3.62129666282422,42.0609619299628
10.1527777777778,1.33223264357453,0.973775627486934,3.61956485192845,42.0620651399795
10.152876984127,1.33224513174304,0.973920010728029,3.61783386960236,42.0631681936203
10.1529761904762,1.33225739844014,0.974064342812578,3.61610371545152,42.0642710908543
10.1530753968254,1.33226944397834,0.97420862368744,3.61437438908167,42.0653738316505
10.1531746031746,1.33228126867005,0.974352853299476,3.61264589009869,42.0664764159778
10.1532738095238,1.33229287282765,0.974497031595546,3.61091821810865,42.0675788438052
10.153373015873,1.3323042567634,0.974641158522509,3.60919137271776,42.0686811151016
10.1534722222222,1.33231542078953,0.974785234027226,3.6074653535324,42.069783229836
10.1535714285714,1.33232636521815,0.974929258056557,3.60574016015908,42.0708851879774
10.1536706349206,1.33233709036135,0.975073230557363,3.60401579220452,42.0719869894946
10.1537698412698,1.33234759653109,0.975217151476504,3.60229224927556,42.0730886343566
10.153869047619,1.33235788403931,0.975361020760841,3.6005695309792,42.0741901225323
10.1539682539683,1.33236795319783,0.975504838357233,3.59884763692263,42.0752914539907
10.1540674603175,1.33237780431842,0.975648604212545,3.59712656671315,42.0763926287006
10.1541666666667,1.33238743771278,0.975792318273632,3.5954063199583,42.0774936466309
10.1542658730159,1.33239685369253,0.975935980487357,3.5936868962657,42.0785945077505
10.1543650793651,1.33240605256921,0.976079590800581,3.59196829524315,42.0796952120284
10.1544642857143,1.33241503465429,0.976223149160165,3.59025051649864,42.0807957594333
10.1545634920635,1.33242380025917,0.976366655512971,3.58853355964028,42.0818961499342
10.1546626984127,1.33243234969517,0.976510109805858,3.58681742427637,42.0829963835
10.1547619047619,1.33244068327355,0.976653511985688,3.58510211001535,42.0840964600993
10.1548611111111,1.33244880130549,0.976796861999323,3.58338761646582,42.0851963797013
10.1549603174603,1.33245670410208,0.976940159793623,3.58167394323656,42.0862961422745
10.1550595238095,1.33246439197436,0.977083405315451,3.57996108993648,42.087395747788
10.1551587301587,1.33247186523327,0.977226598511666,3.57824905617467,42.0884951962105
10.1552579365079,1.33247912418972,0.977369739329132,3.57653784156038,42.0895944875109
10.1553571428571,1.33248616915449,0.977512827714708,3.57482744570301,42.0906936216579
10.1554563492063,1.33249300043833,0.977655863615258,3.57311786821211,42.0917925986203
10.1555555555556,1.3324996183519,0.977798846977644,3.5714091086974,42.092891418367
10.1556547619048,1.33250602320579,0.977941777748724,3.5697011667688,42.0939900808668
10.155753968254,1.33251221531051,0.978084655875362,3.56799404203633,42.0950885860884
10.1558531746032,1.33251819497649,0.978227481304421,3.56628773411018,42.0961869340006
10.1559523809524,1.33252396251412,0.978370253982761,3.56458224260073,42.0972851245722
10.1560515873016,1.33252951823367,0.978512973857245,3.56287756711848,42.0983831577719
10.1561507936508,1.33253486244537,0.978655640874735,3.56117370727411,42.0994810335685
10.15625,1.33253999545937,0.978798254982093,3.55947066267847,42.1005787519307
10.1563492063492,1.33254491758572,0.978940816126182,3.55776843294256,42.1016763128273
10.1564484126984,1.33254962913445,0.979083324253863,3.55606701767753,42.1027737162271
10.1565476190476,1.33255413041546,0.979225779311999,3.55436641649469,42.1038709620986
10.1566468253968,1.33255842173861,0.979368181247452,3.55266662900553,42.1049680504107
10.156746031746,1.33256250341367,0.979510530007085,3.55096765482169,42.1060649811321
10.1568452380952,1.33256637575035,0.97965282553776,3.54926949355494,42.1071617542315
10.1569444444444,1.33257003905828,0.979795067786341,3.54757214481726,42.1082583696775
10.1570436507937,1.33257349364701,0.979937256699691,3.54587560822073,42.1093548274389
10.1571428571429,1.33257673982603,0.980079392224669,3.54417988337768,42.1104511274843
10.1572420634921,1.33257977790474,0.980221474308141,3.5424849699005,42.1115472697824
10.1573412698413,1.33258260819249,0.980363502896969,3.5407908674018,42.1126432543019
10.1574404761905,1.33258523099852,0.980505477938016,3.53909757549433,42.1137390810114
10.1575396825397,1.33258764663203,0.980647399378145,3.537405093791,42.1148347498796
10.1576388888889,1.33258985540213,0.980789267164219,3.53571342190488,42.1159302608751
10.1577380952381,1.33259185761786,0.980931081243102,3.5340225594492,42.1170256139667
10.1578373015873,1.33259365358819,0.981072841561656,3.53233250603735,42.1181208091228
10.1579365079365,1.33259524362201,0.981214548066745,3.53064326128289,42.1192158463122
10.1580357142857,1.33259662802814,0.981356200705233,3.52895482479951,42.1203107255034
10.1581349206349,1.33259780711532,0.981497799423982,3.52726719620109,42.121405446665
10.1582341269841,1.33259878119223,0.981639344169856,3.52558037510166,42.1225000097658
10.1583333333333,1.33259955056746,0.981780834889719,3.5238943611154,42.1235944147741
10.1584325396825,1.33260011554954,0.981922271530435,3.52220915385667,42.1246886616588
10.1585317460317,1.33260047644692,0.982063654038869,3.52052475293993,42.1257827503882
10.158630952381,1.33260063356797,0.98220498236188,3.51884115797992,42.126876680931
10.1587301587302,1.33260058722101,0.982346256446336,3.51715836859142,42.1279704532558
10.1588293650794,1.33260033771425,0.982487476239099,3.51547638438942,42.1290640673312
10.1589285714286,1.33259988535585,0.982628641687034,3.51379520498908,42.1301575231256
10.1590277777778,1.3325992304539,0.982769752737005,3.51211483000568,42.1312508206076
10.159126984127,1.33259837331641,0.982910809335875,3.5104352590547,42.1323439597458
10.1592261904762,1.3325973142513,0.98305181143051,3.50875649175175,42.1334369405086
10.1593253968254,1.33259605356644,0.983192758967772,3.50707852771263,42.1345297628647
10.1594246031746,1.33259459156962,0.983333651894528,3.50540136655326,42.1356224267825
10.1595238095238,1.33259292856855,0.98347449015764,3.50372500788976,42.1367149322305
10.159623015873,1.33259106487087,0.983615273703974,3.50204945133838,42.1378072791772
10.1597222222222,1.33258900078415,0.983756002480394,3.50037469651554,42.1388994675912
10.1598214285714,1.33258673661588,0.983896676433764,3.49870074303783,42.1399914974409
10.1599206349206,1.33258427267347,0.98403729551095,3.49702759052197,42.1410833686948
10.1600198412698,1.33258160926428,0.984177859658817,3.49535523858485,42.1421750813214
10.160119047619,1.33257874669558,0.984318368824228,3.49368368684358,42.1432666352891
10.1602182539683,1.33257568527455,0.984458822954048,3.49201293491533,42.1443580305663
10.1603174603175,1.33257242530834,0.984599221995142,3.4903429824175,42.1454492671216
10.1604166666667,1.33256896710398,0.984739565894377,3.48867382896761,42.1465403449235
10.1605158730159,1.33256531096845,0.984879854598616,3.48700547418337,42.1476312639402
10.1606150793651,1.33256145720866,0.985020088054725,3.48533791768263,42.1487220241402
10.1607142857143,1.33255740613144,0.985160266209568,3.4836711590834,42.1498126254921
10.1608134920635,1.33255315804354,0.985300389010012,3.48200519800386,42.1509030679641
10.1609126984127,1.33254871325164,0.985440456402922,3.48034003406234,42.1519933515247
10.1610119047619,1.33254407206236,0.985580468335163,3.47867566687733,42.1530834761423
10.1611111111111,1.33253923478222,0.985720424753601,3.47701209606749,42.1541734417853
10.1612103174603,1.33253420171769,0.9858603256051,3.47534932125163,42.1552632484221
10.1613095238095,1.33252897317515,0.986000170836527,3.47368734204871,42.156352896021
10.1614087301587,1.33252354946093,0.986139960394748,3.47202615807788,42.1574423845504
10.1615079365079,1.33251793088125,0.98627969422663,3.4703657689584,42.1585317139787
10.1616071428571,1.33251211774228,0.986419372279035,3.46870617430976,42.1596208842743
10.1617063492063,1.33250611035013,0.986558994498831,3.46704737375156,42.1607098954054
10.1618055555556,1.3324999090108,0.986698560832883,3.46538936690355,42.1617987473405
10.1619047619048,1.33249351403023,0.986838071228059,3.46373215338567,42.1628874400478
10.162003968254,1.33248692571432,0.986977525631223,3.462075732818,42.1639759734958
10.1621031746032,1.33248014436884,0.987116923989243,3.4604201048208,42.1650643476526
10.1622023809524,1.33247317029952,0.987256266248984,3.45876526901447,42.1661525624867
10.1623015873016,1.33246600381202,0.987395552357313,3.45711122501957,42.1672406179663
10.1624007936508,1.33245864521191,0.987534782261096,3.45545797245684,42.1683285140598
10.1625,1.33245109480469,0.987673955907199,3.45380551094715,42.1694162507353
10.1625992063492,1.3324433528958,0.987813073242489,3.45215384011155,42.1705038279613
10.1626984126984,1.33243541979058,0.987952134213833,3.45050295957125,42.171591245706
10.1627976190476,1.33242729579433,0.988091138768098,3.44885286894761,42.1726785039376
10.1628968253968,1.33241898121224,0.988230086852149,3.44720356786215,42.1737656026244
10.162996031746,1.33241047634945,0.988368978412855,3.44555505593653,42.1748525417348
10.1630952380952,1.33240178151103,0.988507813397081,3.44390733279263,42.1759393212368
10.1631944444444,1.33239289700196,0.988646591751694,3.44226039805245,42.1770259410988
10.1632936507937,1.33238382312716,0.988785313423561,3.44061425133813,42.178112401289
10.1633928571429,1.33237456019146,0.98892397835955,3.438968892272,42.1791987017756
10.1634920634921,1.33236510849963,0.989062586506528,3.43732432047654,42.1802848425269
10.1635912698413,1.33235546835636,0.989201137811361,3.43568053557439,42.181370823511
10.1636904761905,1.33234564006627,0.989339632220918,3.43403753718834,42.1824566446962
10.1637896825397,1.33233562393391,0.989478069682065,3.43239532494136,42.1835423060507
10.1638888888889,1.33232542026375,0.989616450141669,3.43075389845656,42.1846278075426
10.1639880952381,1.33231502936018,0.9897547735466,3.42911325735722,42.1857131491401
10.1640873015873,1.33230445152753,0.989893039843722,3.42747340126678,42.1867983308114
10.1641865079365,1.33229368707005,0.990031248979906,3.42583432980882,42.1878833525247
10.1642857142857,1.33228273629192,0.990169400902017,3.42419604260711,42.1889682142482
10.1643849206349,1.33227159949723,0.990307495556925,3.42255853928557,42.1900529159499
10.1644841269841,1.33226027699002,0.990445532891497,3.42092181946824,42.1911374575981
10.1645833333333,1.33224876907425,0.9905835128526,3.4192858827794,42.1922218391608
10.1646825396825,1.33223707605379,0.990721435387102,3.41765072884343,42.1933060606063
10.1647817460317,1.33222519823245,0.990859300441871,3.41601635728487,42.1943901219026
10.164880952381,1.33221313591397,0.990997107963776,3.41438276772845,42.1954740230179
10.1649801587302,1.33220088940201,0.991134857899684,3.41274995979902,42.1965577639202
10.1650793650794,1.33218845900015,0.991272550196465,3.41111793312163,42.1976413445777
10.1651785714286,1.33217584501192,0.991410184800985,3.40948668732146,42.1987247649584
10.1652777777778,1.33216304774074,0.991547761660114,3.40785622202386,42.1998080250306
10.165376984127,1.33215006748998,0.99168528072072,3.40622653685435,42.2008911247621
10.1654761904762,1.33213690456294,0.991822741929672,3.40459763143858,42.2019740641212
10.1655753968254,1.33212355926284,0.991960145233837,3.4029695054024,42.2030568430758
10.1656746031746,1.33211003189282,0.992097490580086,3.40134215837179,42.2041394615941
10.1657738095238,1.33209632275594,0.992234777915285,3.39971558997289,42.2052219196441
10.165873015873,1.33208243215522,0.992372007186304,3.39808979983201,42.2063042171938
10.1659722222222,1.33206836039357,0.992509178340015,3.39646478757561,42.2073863542113
10.1660714285714,1.33205410777384,0.992646291323281,3.39484055283034,42.2084683306646
10.1661706349206,1.33203967459881,0.992783346082974,3.39321709522297,42.2095501465218
10.1662698412698,1.33202506117118,0.992920342565962,3.39159441438045,42.2106318017507
10.166369047619,1.33201026779358,0.993057280719116,3.38997250992988,42.2117132963196
10.1664682539683,1.33199529476857,0.993194160489304,3.38835138149852,42.2127946301963
10.1665674603175,1.33198014239862,0.993330981823394,3.3867310287138,42.2138758033489
10.1666666666667,1.33196481098616,0.993467744668258,3.3851114512033,42.2149568157453
10.1667658730159,1.3319493008335,0.993604448970763,3.38349264859476,42.2160376673535
10.1668650793651,1.33193361224291,0.99374109467778,3.38187462051608,42.2171183581416
10.1669642857143,1.33191774551658,0.993877681736178,3.38025736659533,42.2181988880774
10.1670634920635,1.33190170095662,0.994014210092827,3.37864088646073,42.2192792571289
10.1671626984127,1.33188547886508,0.994150679694595,3.37702517974065,42.2203594652641
10.1672619047619,1.3318690795439,0.994287090488353,3.37541024606364,42.2214395124509
10.1673611111111,1.331852503295,0.994423442420971,3.37379608505839,42.2225193986573
10.1674603174603,1.33183575042019,0.994559735439321,3.37218269635374,42.2235991238512
10.1675595238095,1.3318188212212,0.994695969490268,3.37057007957876,42.2246786880005
10.1676587301587,1.33180171599972,0.994832144520684,3.36895823436259,42.2257580910732
10.1677579365079,1.33178443505734,0.99496826047744,3.36734716033458,42.226837333037
10.1678571428571,1.33176697869558,0.995104317307405,3.36573685712422,42.22791641386
10.1679563492063,1.3317493472159,0.995240314957451,3.36412732436117,42.22899533351
10.1680555555556,1.33173154091967,0.995376253374446,3.36251856167524,42.230074091955
10.1681547619048,1.33171356010819,0.995512132505262,3.3609105686964,42.2311526891627
10.168253968254,1.33169540508269,0.995647952296768,3.3593033450548,42.2322311251012
10.1683531746032,1.33167707614433,0.995783712695836,3.35769689038073,42.2333093997381
10.1684523809524,1.33165857359419,0.995919413649335,3.35609120430463,42.2343875130415
10.1685515873016,1.33163989773328,0.996055055104137,3.35448628645712,42.2354654649791
10.1686507936508,1.33162104886252,0.996190637007112,3.35288213646898,42.2365432555188
10.16875,1.33160202728279,0.996326159305131,3.35127875397113,42.2376208846284
10.1688492063492,1.33158283329487,0.996461621945064,3.34967613859467,42.2386983522757
10.1689484126984,1.33156346719947,0.996597024873785,3.34807428997082,42.2397756584287
10.1690476190476,1.33154392929723,0.99673236803816,3.34647320773104,42.240852803055
10.1691468253968,1.33152421988872,0.996867651385062,3.34487289150687,42.2419297861226
10.169246031746,1.33150433927442,0.997002874861364,3.34327334093005,42.2430066075991
10.1693452380952,1.33148428775476,0.997138038413934,3.34167455563246,42.2440832674524
10.1694444444444,1.33146406563009,0.997273141989646,3.34007653524616,42.2451597656503
10.1695436507937,1.33144367320067,0.99740818553537,3.33847927940334,42.2462361021606
10.1696428571429,1.33142311076669,0.997543168997977,3.33688278773637,42.2473122769509
10.1697420634921,1.3314023786283,0.99767809232434,3.33528705987779,42.2483882899892
10.1698412698413,1.33138147708552,0.997812955461328,3.33369209546028,42.2494641412431
10.1699404761905,1.33136040643835,0.997947758355815,3.33209789411667,42.2505398306804
10.1700396825397,1.33133916698668,0.998082500954671,3.33050445547998,42.2516153582689
10.1701388888889,1.33131775903034,0.998217183204769,3.32891177918338,42.2526907239762
10.1702380952381,1.33129618286909,0.99835180505298,3.32731986486018,42.2537659277701
10.1703373015873,1.3312744388026,0.998486366446175,3.32572871214386,42.2548409696184
10.1704365079365,1.33125252713049,0.99862086733123,3.32413832066805,42.2559158494887
10.1705357142857,1.3312304481523,0.998755307655011,3.3225486900666,42.2569905673487
10.1706349206349,1.33120820216747,0.998889687364393,3.32095981997344,42.2580651231662
10.1707341269841,1.3311857894754,0.999024006406248,3.3193717100227,42.2591395169088
10.1708333333333,1.3311632103754,0.999158264727448,3.31778435984865,42.2602137485442
10.1709325396825,1.33114046516671,0.999292462274865,3.31619776908573,42.2612878180401
10.1710317460317,1.3311175541485,0.999426598995372,3.31461193736855,42.2623617253642
10.171130952381,1.33109447761985,0.999560674835841,3.31302686433186,42.2634354704841
10.1712301587302,1.33107123587979,0.999694689743144,3.31144254961058,42.2645090533674
10.1713293650794,1.33104782922726,0.999828643664155,3.30985899283979,42.265582473982
10.1714285714286,1.33102425796113,0.999962536545745,3.30827619365472,42.2666557322952
10.1715277777778,1.3310005223802,1.00009636833479,3.30669415169078,42.2677288282749
10.171626984127,1.33097662278319,1.00023013897815,3.30511286658352,42.2688017618887
10.1717261904762,1.33095255946875,1.00036384842272,3.30353233796865,42.269874533104
10.1718253968254,1.33092833273546,1.00049749661535,3.30195256548205,42.2709471418887
10.1719246031746,1.33090394288183,1.00063108350293,3.30037354875973,42.2720195882102
10.1720238095238,1.33087939020627,1.00076460903233,3.29879528743793,42.2730918720362
10.172123015873,1.33085467500714,1.00089807315041,3.29721778115298,42.2741639933342
10.1722222222222,1.33082979758274,1.00103147580406,3.2956410295414,42.2752359520719
10.1723214285714,1.33080475823125,1.00116481694015,3.29406503223986,42.2763077482168
10.1724206349206,1.33077955725082,1.00129809650554,3.29248978888518,42.2773793817365
10.1725198412698,1.33075419493951,1.00143131444711,3.29091529911436,42.2784508525985
10.172619047619,1.33072867159531,1.00156447071174,3.28934156256455,42.2795221607704
10.1727182539683,1.33070298751612,1.0016975652463,3.28776857887307,42.2805933062198
10.1728174603175,1.33067714299979,1.00183059799767,3.28619634767737,42.2816642889141
10.1729166666667,1.33065113834409,1.00196356891271,3.28462486861509,42.282735108821
10.1730158730159,1.33062497384669,1.0020964779383,3.28305414132403,42.283805765908
10.1731150793651,1.33059864980523,1.00222932502131,3.28148416544211,42.2848762601425
10.1732142857143,1.33057216651725,1.00236211010862,3.27991494060747,42.285946591492
10.1733134920635,1.33054552428021,1.0024948331471,3.27834646645835,42.2870167599242
10.1734126984127,1.33051872339152,1.00262749408363,3.27677874263318,42.2880867654064
10.1735119047619,1.3304917641485,1.00276009286508,3.27521176877056,42.2891566079062
10.1736111111111,1.33046464684839,1.00289262943832,3.27364554450924,42.2902262873911
10.1737103174603,1.33043737178838,1.00302510375023,3.27208006948811,42.2912958038284
10.1738095238095,1.33040993926557,1.00315751574768,3.27051534334624,42.2923651571858
10.1739087301587,1.33038234957698,1.00328986537755,3.26895136572285,42.2934343474306
10.1740079365079,1.33035460301957,1.00342215258671,3.26738813625733,42.2945033745303
10.1741071428571,1.33032669989023,1.00355437732203,3.26582565458922,42.2955722384524
10.1742063492063,1.33029864048575,1.00368653953039,3.26426392035821,42.2966409391642
10.1743055555556,1.33027042510288,1.00381863915867,3.26270293320419,42.2977094766333
10.1744047619048,1.33024205403827,1.00395067615374,3.26114269276715,42.298777850827
10.174503968254,1.33021352758851,1.00408265046246,3.25958319868729,42.2998460617128
10.1746031746032,1.33018484605011,1.00421456203173,3.25802445060495,42.300914109258
10.1747023809524,1.33015600971951,1.00434641080841,3.25646644816062,42.3019819934301
10.1748015873016,1.33012701889309,1.00447819673938,3.25490919099496,42.3030497141965
10.1749007936508,1.33009787386712,1.00460991977151,3.25335267874877,42.3041172715246
10.175,1.33006857493783,1.00474157985168,3.25179691106308,42.3051846653817
10.1750992063492,1.33003912240136,1.00487317692676,3.25024188757899,42.3062518957352
10.1751984126984,1.33000951655378,1.00500471094363,3.24868760793781,42.3073189625525
10.1752976190476,1.32997975769109,1.00513618184917,3.24713407178099,42.3083858658009
10.1753968253968,1.32994984610922,1.00526758959024,3.24558127875015,42.3094526054478
10.175496031746,1.32991978210401,1.00539893411373,3.24402922848706,42.3105191814605
10.1755952380952,1.32988956597124,1.0055302153665,3.24247792063366,42.3115855938064
10.1756944444444,1.32985919800661,1.00566143329544,3.24092735483204,42.3126518424528
10.1757936507937,1.32982867850574,1.00579258784743,3.23937753072445,42.3137179273671
10.1758928571429,1.32979800776421,1.00592367896933,3.23782844795331,42.3147838485164
10.1759920634921,1.32976718607747,1.00605470660802,3.2362801061612,42.3158496058683
10.1760912698413,1.32973621374096,1.00618567071037,3.23473250499084,42.3169151993899
10.1761904761905,1.32970509104998,1.00631657122328,3.23318564408512,42.3179806290485
10.1762896825397,1.32967381829982,1.0064474080936,3.2316395230871,42.3190458948114
10.1763888888889,1.32964239578565,1.00657818126822,3.23009414163996,42.320110996646
10.1764880952381,1.32961082380258,1.00670889069401,3.22854949938713,42.3211759345195
10.1765873015873,1.32957910264567,1.00683953631784,3.2270055959721,42.3222407083991
10.1766865079365,1.32954723260986,1.00697011808661,3.22546243103856,42.3233053182521
10.1767857142857,1.32951521399005,1.00710063594717,3.22392000423037,42.3243697640458
10.1768849206349,1.32948304708107,1.00723108984641,3.22237831519153,42.3254340457473
10.1769841269841,1.32945073217765,1.0073614797312,3.22083736356621,42.3264981633241
10.1770833333333,1.32941826957446,1.00749180554842,3.21929714899874,42.3275621167431
10.1771825396825,1.32938565956611,1.00762206724494,3.2177576711336,42.3286259059718
10.1772817460317,1.32935290244712,1.00775226476765,3.21621892961544,42.3296895309773
10.177380952381,1.32931999851193,1.00788239806342,3.21468092408906,42.3307529917268
10.1774801587302,1.32928694805492,1.00801246707913,3.21314365419942,42.3318162881875
10.1775793650794,1.32925375137039,1.00814247176164,3.21160711959167,42.3328794203266
10.1776785714286,1.32922040875258,1.00827241205785,3.21007131991106,42.3339423881113
10.1777777777778,1.32918692049563,1.00840228791463,3.20853625480306,42.3350051915087
10.177876984127,1.32915328689363,1.00853209927885,3.20700192391324,42.3360678304862
10.1779761904762,1.32911950824059,1.00866184609739,3.2054683268874,42.3371303050107
10.1780753968254,1.32908558483044,1.00879152831712,3.20393546337145,42.3381926150494
10.1781746031746,1.32905151695703,1.00892114588494,3.20240333301146,42.3392547605696
10.1782738095238,1.32901730491416,1.0090506987477,3.20087193545368,42.3403167415384
10.178373015873,1.32898294899554,1.00918018685229,3.19934127034451,42.3413785579228
10.1784722222222,1.3289484494948,1.0093096101456,3.1978113373305,42.34244020969
10.1785714285714,1.32891380670552,1.00943896857448,3.19628213605838,42.3435016968072
10.1786706349206,1.32887902092119,1.00956826208583,3.19475366617502,42.3445630192414
10.1787698412698,1.32884409243521,1.00969749062652,3.19322592732746,42.3456241769598
10.178869047619,1.32880902154094,1.00982665414343,3.1916989191629,42.3466851699295
10.1789682539683,1.32877380853165,1.00995575258343,3.1901726413287,42.3477459981175
10.1790674603175,1.32873845370053,1.01008478589341,3.18864709347237,42.3488066614909
10.1791666666667,1.32870295734071,1.01021375402023,3.18712227524158,42.3498671600168
10.1792658730159,1.32866731974523,1.01034265691079,3.18559818628418,42.3509274936623
10.1793650793651,1.32863154120708,1.01047149451195,3.18407482624813,42.3519876623945
10.1794642857143,1.32859562201915,1.0106002667706,3.18255219478164,42.3530476661804
10.1795634920635,1.32855956247427,1.01072897363361,3.18103029153299,42.354107504987
10.1796626984127,1.3285233628652,1.01085761504787,3.17950911615066,42.3551671787814
10.1797619047619,1.32848702348462,1.01098619096024,3.17798866828327,42.3562266875306
10.1798611111111,1.32845054462514,1.01111470131761,3.17646894757963,42.3572860312017
10.1799603174603,1.32841392657928,1.01124314606686,3.17494995368869,42.3583452097616
10.1800595238095,1.32837716963952,1.01137152515487,3.17343168625954,42.3594042231774
10.1801587301587,1.32834027409822,1.01149983852851,3.17191414494147,42.3604630714161
10.1802579365079,1.32830324024772,1.01162808613466,3.17039732938391,42.3615217544447
10.1803571428571,1.32826606838025,1.0117562679202,3.16888123923644,42.3625802722301
10.1804563492063,1.32822875878796,1.01188438383201,3.16736587414881,42.3636386247395
10.1805555555556,1.32819131176297,1.01201243381697,3.16585123377093,42.3646968119396
10.1806547619048,1.32815372759727,1.01214041782196,3.16433731775287,42.3657548337976
10.180753968254,1.32811600658282,1.01226833579386,3.16282412574486,42.3668126902803
10.1808531746032,1.32807814901148,1.01239618767955,3.16131165739726,42.3678703813547
10.1809523809524,1.32804015517506,1.01252397342589,3.15979991236066,42.3689279069878
10.1810515873016,1.32800202536527,1.01265169297979,3.15828889028574,42.3699852671465
10.1811507936508,1.32796375987377,1.0127793462881,3.15677859082336,42.3710424617978
10.18125,1.32792535899213,1.01290693329772,3.15526901362457,42.3720994909085
10.1813492063492,1.32788682301186,1.01303445395552,3.15376015834053,42.3731563544456
10.1814484126984,1.32784815222437,1.01316190820839,3.15225202462259,42.374213052376
10.1815476190476,1.32780934692103,1.01328929600319,3.15074461212225,42.3752695846666
10.1816468253968,1.32777040739312,1.01341661728682,3.14923792049118,42.3763259512842
10.181746031746,1.32773133393184,1.01354387200614,3.1477319493812,42.3773821521959
10.1818452380952,1.32769212682833,1.01367106010805,3.14622669844429,42.3784381873684
10.1819444444444,1.32765278637365,1.01379818153942,3.14472216733259,42.3794940567687
10.1820436507937,1.32761331285879,1.01392523624712,3.1432183556984,42.3805497603636
10.1821428571429,1.32757370657464,1.01405222417805,3.14171526319418,42.38160529812
10.1822420634921,1.32753396781207,1.01417914527908,3.14021288947254,42.3826606700046
10.1823412698413,1.32749409686182,1.01430599949709,3.13871123418626,42.3837158759845
10.1824404761905,1.3274540940146,1.01443278677896,3.1372102969883,42.3847709160263
10.1825396825397,1.32741395956101,1.01455950707156,3.13571007753174,42.385825790097
10.1826388888889,1.32737369379161,1.01468616032179,3.13421057546985,42.3868804981634
10.1827380952381,1.32733329699687,1.01481274647652,3.13271179045603,42.3879350401922
10.1828373015873,1.32729276946717,1.01493926548264,3.13121372214386,42.3889894161503
10.1829365079365,1.32725211149285,1.01506571728701,3.12971637018709,42.3900436260046
10.1830357142857,1.32721132336415,1.01519210183653,3.12821973423959,42.3910976697217
10.1831349206349,1.32717040537125,1.01531841907807,3.12672381395544,42.3921515472684
10.1832341269841,1.32712935780425,1.01544466895851,3.12522860898883,42.3932052586117
10.1833333333333,1.32708818095318,1.01557085142474,3.12373411899415,42.3942588037182
10.1834325396825,1.32704687510799,1.01569696642364,3.12224034362593,42.3953121825546
10.1835317460317,1.32700544055856,1.01582301390208,3.12074728253886,42.3963653950879
10.183630952381,1.32696387759471,1.01594899380695,3.11925493538779,42.3974184412846
10.1837301587302,1.32692218650616,1.01607490608513,3.11776330182773,42.3984713211116
10.1838293650794,1.32688036758258,1.0162007506835,3.11627238151384,42.3995240345356
10.1839285714286,1.32683842111354,1.01632652754893,3.11478217410148,42.4005765815233
10.1840277777778,1.32679634738857,1.01645223662833,3.11329267924612,42.4016289620415
10.184126984127,1.3267541466971,1.01657787786855,3.11180389660342,42.4026811760568
10.1842261904762,1.3267118193285,1.01670345121649,3.11031582582917,42.403733223536
10.1843253968254,1.32666936557206,1.01682895661902,3.10882846657936,42.4047851044457
10.1844246031746,1.32662678571699,1.01695439402304,3.1073418185101,42.4058368187528
10.1845238095238,1.32658408005244,1.01707976337541,3.10585588127768,42.4068883664238
10.184623015873,1.32654124886748,1.01720506462302,3.10437065453856,42.4079397474254
10.1847222222222,1.32649829245111,1.01733029771276,3.10288613794933,42.4089909617243
10.1848214285714,1.32645521109224,1.0174554625915,3.10140233116676,42.4100420092872
10.1849206349206,1.32641200507974,1.01758055920613,3.09991923384778,42.4110928900807
10.1850198412698,1.32636867470237,1.01770558750353,3.09843684564946,42.4121436040715
10.185119047619,1.32632522024883,1.01783054743057,3.09695516622906,42.4131941512262
10.1852182539683,1.32628164200776,1.01795543893415,3.09547419524398,42.4142445315115
10.1853174603175,1.32623794026771,1.01808026196115,3.09399393235176,42.415294744894
10.1854166666667,1.32619411531715,1.01820501645844,3.09251437721016,42.4163447913403
10.1855158730159,1.32615016744451,1.01832970237291,3.09103552947704,42.417394670817
10.1856150793651,1.3261060969381,1.01845431965144,3.08955738881044,42.4184443832908
10.1857142857143,1.32606190408619,1.01857886824091,3.08807995486858,42.4194939287281
10.1858134920635,1.32601758917697,1.01870334808821,3.08660322730979,42.4205433070957
10.1859126984127,1.32597315249854,1.01882775914022,3.08512720579261,42.4215925183602
10.1860119047619,1.32592859433895,1.01895210134382,3.08365188997572,42.422641562488
10.1861111111111,1.32588391498616,1.0190763746459,3.08217727951794,42.4236904394458
10.1862103174603,1.32583911472807,1.01920057899333,3.08070337407829,42.4247391492001
10.1863095238095,1.32579419385248,1.019324714333,3.07923017331591,42.4257876917175
10.1864087301587,1.32574915264715,1.0194487806118,3.07775767689013,42.4268360669645
10.1865079365079,1.32570399139974,1.0195727777766,3.07628588446041,42.4278842749077
10.1866071428571,1.32565871039785,1.01969670577429,3.07481479568641,42.4289323155136
10.1867063492063,1.32561330992901,1.01982056455175,3.0733444102279,42.4299801887487
10.1868055555556,1.32556779028066,1.01994435405586,3.07187472774483,42.4310278945797
10.1869047619048,1.32552215174017,1.02006807423352,3.07040574789735,42.4320754329729
10.187003968254,1.32547639459486,1.02019172503159,3.06893747034571,42.4331228038948
10.1871031746032,1.32543051913194,1.02031530639697,3.06746989475035,42.4341700073121
10.1872023809524,1.32538452563858,1.02043881827654,3.06600302077186,42.4352170431911
10.1873015873016,1.32533841440185,1.02056226061718,3.06453684807099,42.4362639114984
10.1874007936508,1.32529218570875,1.02068563336577,3.06307137630866,42.4373106122004
10.1875,1.32524583984623,1.02080893646921,3.06160660514592,42.4383571452636
10.1875992063492,1.32519937710114,1.02093216987436,3.06014253424403,42.4394035106545
10.1876984126984,1.32515279776028,1.02105533352813,3.05867916326435,42.4404497083395
10.1877976190476,1.32510610211034,1.02117842737738,3.05721649186845,42.441495738285
10.1878968253968,1.32505929043797,1.02130145136901,3.05575451971803,42.4425416004576
10.187996031746,1.32501236302973,1.02142440544989,3.05429324647496,42.4435872948237
10.1880952380952,1.32496532017212,1.02154728956692,3.05283267180127,42.4446328213496
10.1881944444444,1.32491816215155,1.02167010366697,3.05137279535915,42.4456781800018
10.1882936507937,1.32487088925437,1.02179284769694,3.04991361681092,42.4467233707467
10.1883928571429,1.32482350176684,1.02191552160369,3.04845513581913,42.4477683935507
10.1884920634921,1.32477599997517,1.02203812533413,3.04699735204642,42.4488132483802
10.1885912698413,1.32472838416547,1.02216065883513,3.04554026515562,42.4498579352017
10.1886904761905,1.3246806546238,1.02228312205358,3.04408387480971,42.4509024539814
10.1887896825397,1.32463281163613,1.02240551493636,3.04262818067185,42.4519468046857
10.1888888888889,1.32458485548836,1.02252783743036,3.04117318240532,42.4529909872811
10.1889880952381,1.32453678646631,1.02265008948246,3.0397188796736,42.4540350017339
10.1890873015873,1.32448860485576,1.02277227103954,3.0382652721403,42.4550788480105
10.1891865079365,1.32444031094236,1.0228943820485,3.03681235946922,42.4561225260771
10.1892857142857,1.32439190501174,1.02301642245621,3.03536014132428,42.4571660359001
10.1893849206349,1.32434338734942,1.02313839220957,3.0339086173696,42.4582093774459
10.1894841269841,1.32429475824086,1.02326029125545,3.03245778726942,42.4592525506809
10.1895833333333,1.32424601797146,1.02338211954074,3.03100765068818,42.4602955555712
10.1896825396825,1.32419716682651,1.02350387701233,3.02955820729045,42.4613383920832
10.1897817460317,1.32414820509127,1.0236255636171,3.02810945674095,42.4623810601833
10.189880952381,1.32409913305089,1.02374717930193,3.02666139870461,42.4634235598377
10.1899801587302,1.32404995099047,1.02386872401372,3.02521403284648,42.4644658910127
10.1900793650794,1.32400065919502,1.02399019769934,3.02376735883177,42.4655080536745
10.1901785714286,1.32395125794948,1.02411160030569,3.02232137632586,42.4665500477896
10.1902777777778,1.32390174753874,1.02423293177965,3.02087608499429,42.4675918733241
10.190376984127,1.32385212824757,1.0243541920681,3.01943148450274,42.4686335302443
10.1904761904762,1.32380240036072,1.02447538111793,3.01798757451708,42.4696750185164
10.1905753968254,1.32375256416282,1.02459649887602,3.01654435470332,42.4707163381067
10.1906746031746,1.32370261993844,1.02471754528927,3.01510182472764,42.4717574889815
10.1907738095238,1.3236525679721,1.02483852030455,3.01365998425636,42.4727984711069
10.190873015873,1.32360240854822,1.02495942386876,3.01221883295598,42.4738392844492
10.1909722222222,1.32355214195115,1.02508025592878,3.01077837049315,42.4748799289747
10.1910714285714,1.32350176846518,1.02520101643149,3.00933859653469,42.4759204046494
10.1911706349206,1.32345128837451,1.02532170532378,3.00789951074756,42.4769607114397
10.1912698412698,1.32340070196327,1.02544232255254,3.00646111279888,42.4780008493117
10.191369047619,1.32335000951552,1.02556286806466,3.00502340235598,42.4790408182316
10.1914682539683,1.32329921131526,1.02568334180701,3.00358637908628,42.4800806181656
10.1915674603175,1.32324830764638,1.02580374372649,3.00215004265739,42.4811202490798
10.1916666666667,1.32319729879273,1.02592407376999,3.00071439273709,42.4821597109405
10.1917658730159,1.32314618503808,1.02604433188438,2.99927942899331,42.4831990037137
10.1918650793651,1.32309496666612,1.02616451801657,2.99784515109412,42.4842381273657
10.1919642857143,1.32304364396045,1.02628463211342,2.99641155870777,42.4852770818626
10.1920634920635,1.32299221720463,1.02640467412183,2.99497865150269,42.4863158671705
10.1921626984127,1.32294068668213,1.0265246439887,2.99354642914741,42.4873544832555
10.1922619047619,1.32288905267634,1.02664454166089,2.99211489131069,42.4883929300838
10.1923611111111,1.32283731547058,1.02676436708531,2.99068403766139,42.4894312076215
10.1924603174603,1.32278547534811,1.02688412020883,2.98925386786857,42.4904693158347
10.1925595238095,1.32273353259209,1.02700380097835,2.98782438160142,42.4915072546895
10.1926587301587,1.32268148748564,1.02712340934075,2.98639557852931,42.492545024152
10.1927579365079,1.32262934031177,1.02724294524292,2.98496745832175,42.4935826241883
10.1928571428571,1.32257709135345,1.02736240863175,2.98354002064846,42.4946200547645
10.1929563492063,1.32252474089354,1.02748179945412,2.98211326517925,42.4956573158466
10.1930555555556,1.32247228921487,1.02760111765692,2.98068719158412,42.4966944074006
10.1931547619048,1.32241973660015,1.02772036318704,2.97926179953325,42.4977313293928
10.193253968254,1.32236708333206,1.02783953599137,2.97783708869695,42.498768081789
10.1933531746032,1.32231432969318,1.02795863601679,2.97641305874569,42.4998046645554
10.1934523809524,1.32226147596601,1.0280776632102,2.97498970935013,42.500841077658
10.1935515873016,1.322208522433,1.02819661751847,2.97356704018105,42.5018773210628
10.1936507936508,1.32215546937651,1.0283154988885,2.97214505090941,42.5029133947359
10.19375,1.32210231707884,1.02843430726718,2.97072374120633,42.5039492986432
10.1938492063492,1.32204906582219,1.02855304260139,2.9693031107431,42.5049850327508
10.1939484126984,1.32199571588872,1.02867170483802,2.96788315919114,42.5060205970246
10.1940476190476,1.32194226756049,1.02879029392396,2.96646388622205,42.5070559914307
10.1941468253968,1.3218887211195,1.0289088098061,2.96504529150758,42.5080912159351
10.194246031746,1.32183507684767,1.02902725243133,2.96362737471964,42.5091262705036
10.1943452380952,1.32178133502685,1.02914562174654,2.96221013553033,42.5101611551024
10.1944444444444,1.32172749593881,1.0292639176986,2.96079357361187,42.5111958696973
10.1945436507937,1.32167355986526,1.02938214023442,2.95937768863665,42.5122304142543
10.1946428571429,1.32161952708783,1.02950028930087,2.95796248027723,42.5132647887394
10.1947420634921,1.32156539788806,1.02961836484486,2.95654794820631,42.5142989931186
10.1948412698413,1.32151117254745,1.02973636681326,2.95513409209677,42.5153330273576
10.1949404761905,1.32145685134738,1.02985429515297,2.95372091162164,42.5163668914225
10.1950396825397,1.32140243456921,1.02997214981087,2.95230840645411,42.5174005852792
10.1951388888889,1.32134792249418,1.03008993073386,2.95089657626753,42.5184341088936
10.1952380952381,1.32129331540349,1.03020763786882,2.94948542073541,42.5194674622317
10.1953373015873,1.32123861357824,1.03032527116265,2.94807493953142,42.5205006452592
10.1954365079365,1.32118381729947,1.03044283056222,2.94666513232938,42.5215336579421
10.1955357142857,1.32112892684815,1.03056031601443,2.94525599880329,42.5225665002464
10.1956349206349,1.32107394250517,1.03067772746618,2.94384753862729,42.5235991721378
10.1957341269841,1.32101886455134,1.03079506486434,2.94243975147567,42.5246316735822
10.1958333333333,1.32096369326741,1.03091232815581,2.94103263702293,42.5256640045455
10.1959325396825,1.32090842893405,1.03102951728748,2.93962619494369,42.5266961649936
10.1960317460317,1.32085307183185,1.03114663220623,2.93822042491272,42.5277281548923
10.196130952381,1.32079762224134,1.03126367285896,2.93681532660497,42.5287599742075
10.1962301587302,1.32074208044296,1.03138063919256,2.93541089969554,42.5297916229049
10.1963293650794,1.3206864467171,1.03149753115391,2.9340071438597,42.5308231009504
10.1964285714286,1.32063072134404,1.03161434868991,2.93260405877288,42.5318544083098
10.1965277777778,1.32057490460403,1.03173109174745,2.93120164411065,42.532885544949
10.196626984127,1.32051899677721,1.03184776027341,2.92979989954875,42.5339165108337
10.1967261904762,1.32046299814366,1.03196435421468,2.92839882476309,42.5349473059298
10.1968253968254,1.32040690898339,1.03208087351817,2.92699841942973,42.535977930203
10.1969246031746,1.32035072957633,1.03219731813074,2.92559868322488,42.5370083836191
10.1970238095238,1.32029446020234,1.03231368799931,2.92419961582494,42.5380386661439
10.197123015873,1.32023810114121,1.03242998307075,2.92280121690643,42.5390687777432
10.1972222222222,1.32018165267265,1.03254620329195,2.92140348614604,42.5400987183827
10.1973214285714,1.32012511507629,1.03266234860981,2.92000642322066,42.5411284880282
10.1974206349206,1.32006848863171,1.03277841897122,2.9186100278073,42.5421580866454
10.1975198412698,1.32001177361839,1.03289441432307,2.91721429958312,42.5431875142
10.197619047619,1.31995497031575,1.03301033461225,2.91581923822548,42.5442167706579
10.1977182539683,1.31989807900312,1.03312617978564,2.91442484341185,42.5452458559847
10.1978174603175,1.31984109995979,1.03324194979015,2.9130311148199,42.5462747701461
10.1979166666667,1.31978403346495,1.03335764457265,2.91163805212745,42.5473035131079
10.1980158730159,1.31972687979772,1.03347326408005,2.91024565501246,42.5483320848357
10.1981150793651,1.31966963923715,1.03358880825923,2.90885392315308,42.5493604852953
10.1982142857143,1.31961231206221,1.03370427705708,2.90746285622759,42.5503887144524
10.1983134920635,1.3195548985518,1.0338196704205,2.90607245391444,42.5514167722725
10.1984126984127,1.31949739898475,1.03393498829637,2.90468271589226,42.5524446587215
10.1985119047619,1.31943981360486,1.03405023064643,2.90329364183522,42.5534723737801
10.1986111111111,1.31938213973941,1.03416539866805,2.90190523104298,42.5544999186881
10.1987103174603,1.31932437564432,1.03428049315981,2.90051748296356,42.5555272942779
10.1988095238095,1.31926652140834,1.03439551414177,2.899130397291,42.5565545005881
10.1989087301587,1.31920857712029,1.03451046163396,2.89774397371936,42.5575815376571
10.1990079365079,1.31915054286901,1.03462533565638,2.89635821194287,42.5586084055237
10.1991071428571,1.31909241874335,1.03474013622898,2.89497311165582,42.5596351042262
10.1992063492063,1.3190342048322,1.03485486337171,2.89358867255263,42.5606616338031
10.1993055555556,1.31897590122451,1.03496951710447,2.89220489432782,42.5616879942928
10.1994047619048,1.31891750800921,1.03508409744712,2.89082177667603,42.5627141857337
10.199503968254,1.3188590252753,1.0351986044195,2.889439319292,42.5637402081642
10.1996031746032,1.31880045311179,1.03531303804143,2.88805752187056,42.5647660616225
10.1997023809524,1.31874179160772,1.03542739833267,2.88667638410668,42.5657917461469
10.1998015873016,1.31868304085218,1.03554168531296,2.88529590569541,42.5668172617756
10.1999007936508,1.31862420093427,1.03565589900203,2.88391608633192,42.5678426085468
10.2,1.31856527194312,1.03577003941954,2.88253692571147,42.5688677864988
10.2000992063492,1.31850625396791,1.03588410658514,2.88115842352946,42.5698927956695
10.2001984126984,1.31844714709782,1.03599810051846,2.87978057948135,42.5709176360972
10.2002976190476,1.31838795142209,1.03611202123907,2.87840339326278,42.5719423078198
10.2003968253968,1.31832866702997,1.03622586876652,2.87702686456942,42.5729668108753
10.200496031746,1.31826929401075,1.03633964312034,2.87565099309708,42.5739911453017
10.2005952380952,1.31820983245375,1.03645334432001,2.87427577854169,42.575015311137
10.2006944444444,1.31815028244832,1.03656697238498,2.87290122059925,42.576039308419
10.2007936507937,1.31809064408383,1.0366805273347,2.87152731896592,42.5770631371857
10.2008928571429,1.31803091744969,1.03679400918854,2.87015407333791,42.5780867974747
10.2009920634921,1.31797110263535,1.03690741796586,2.86878148341158,42.579110289324
10.2010912698413,1.31791119973026,1.03702075368601,2.86740954888337,42.5801336127712
10.2011904761905,1.31785120882394,1.03713401636826,2.86603826944985,42.5811567678542
10.2012896825397,1.3177911300059,1.0372472060319,2.86466764480768,42.5821797546104
10.2013888888889,1.31773096336571,1.03736032269615,2.86329767465363,42.5832025730777
10.2014880952381,1.31767070899295,1.03747336638022,2.86192835868459,42.5842252232935
10.2015873015873,1.31761036697726,1.03758633710327,2.86055969659753,42.5852477052955
10.2016865079365,1.31754993740827,1.03769923488444,2.85919168808954,42.5862700191212
10.2017857142857,1.31748942037567,1.03781205974285,2.85782433285784,42.5872921648081
10.2018849206349,1.31742881596917,1.03792481169756,2.85645763059974,42.5883141423936
10.2019841269841,1.31736812427851,1.03803749076762,2.85509158101265,42.5893359519151
10.2020833333333,1.31730734539345,1.03815009697203,2.85372618379408,42.5903575934101
10.2021825396825,1.31724647940381,1.03826263032979,2.85236143864167,42.5913790669158
10.2022817460317,1.31718552639941,1.03837509085983,2.85099734525316,42.5924003724696
10.202380952381,1.31712448647012,1.03848747858107,2.84963390332637,42.5934215101087
10.2024801587302,1.31706335970582,1.0385997935124,2.84827111255928,42.5944424798704
10.2025793650794,1.31700214619644,1.03871203567266,2.84690897264993,42.5954632817918
10.2026785714286,1.31694084603193,1.03882420508068,2.84554748329649,42.5964839159102
10.2027777777778,1.31687945930227,1.03893630175525,2.84418664419723,42.5975043822626
10.202876984127,1.31681798609748,1.03904832571512,2.84282645505052,42.5985246808861
10.2029761904762,1.3167564265076,1.03916027697902,2.84146691555486,42.5995448118178
10.2030753968254,1.3166947806227,1.03927215556564,2.84010802540884,42.6005647750947
10.2031746031746,1.31663304853288,1.03938396149364,2.83874978431113,42.6015845707537
10.2032738095238,1.31657123032828,1.03949569478165,2.83739219196059,42.6026041988319
10.203373015873,1.31650932609907,1.03960735544827,2.8360352480561,42.603623659366
10.2034722222222,1.31644733593543,1.03971894351206,2.8346789522967,42.6046429523929
10.2035714285714,1.31638525992759,1.03983045899157,2.83332330438149,42.6056620779495
10.2036706349206,1.31632309816581,1.03994190190528,2.83196830400973,42.6066810360726
10.2037698412698,1.31626085074037,1.04005327227168,2.83061395088075,42.6076998267989
10.203869047619,1.31619851774158,1.04016457010919,2.82926024469401,42.608718450165
10.2039682539683,1.31613609925979,1.04027579543623,2.82790718514905,42.6097369062078
10.2040674603175,1.31607359538538,1.04038694827118,2.82655477194555,42.6107551949639
10.2041666666667,1.31601100620875,1.04049802863237,2.82520300478327,42.6117733164697
10.2042658730159,1.31594833182033,1.04060903653811,2.82385188336209,42.612791270762
10.2043650793651,1.3158855723106,1.04071997200669,2.82250140738199,42.6138090578772
10.2044642857143,1.31582272777004,1.04083083505636,2.82115157654307,42.6148266778518
10.2045634920635,1.31575979828919,1.04094162570532,2.81980239054553,42.6158441307223
10.2046626984127,1.31569678395861,1.04105234397177,2.81845384908964,42.6168614165251
10.2047619047619,1.31563368486887,1.04116298987385,2.81710595187588,42.6178785352965
10.2048611111111,1.31557050111059,1.0412735634297,2.81575869860472,42.618895487073
10.2049603174603,1.31550723277443,1.04138406465738,2.81441208897681,42.6199122718908
10.2050595238095,1.31544387995106,1.04149449357497,2.81306612269287,42.6209288897861
10.2051587301587,1.31538044273119,1.04160485020048,2.81172079945375,42.6219453407953
10.2052579365079,1.31531692120555,1.04171513455192,2.81037611896039,42.6229616249546
10.2053571428571,1.31525331546492,1.04182534664724,2.80903208091385,42.6239777422999
10.2054563492063,1.31518962560009,1.04193548650437,2.8076886850153,42.6249936928676
10.2055555555556,1.31512585170189,1.04204555414121,2.80634593096599,42.6260094766937
10.2056547619048,1.31506199386118,1.04215554957563,2.80500381846732,42.6270250938142
10.205753968254,1.31499805216885,1.04226547282545,2.80366234722075,42.6280405442651
10.2058531746032,1.31493402671582,1.04237532390849,2.80232151692789,42.6290558280825
10.2059523809524,1.31486991759303,1.04248510284252,2.80098132729043,42.6300709453022
10.2060515873016,1.31480572489147,1.04259480964526,2.79964177801018,42.6310858959601
10.2061507936508,1.31474144870215,1.04270444433444,2.79830286878902,42.6321006800922
10.20625,1.31467708911611,1.04281400692772,2.79696459932902,42.6331152977341
10.2063492063492,1.31461264622441,1.04292349744275,2.79562696933227,42.6341297489218
10.2064484126984,1.31454812011816,1.04303291589713,2.79428997850103,42.635144033691
10.2065476190476,1.31448351088849,1.04314226230846,2.79295362653762,42.6361581520773
10.2066468253968,1.31441881862657,1.04325153669428,2.79161791314449,42.6371721041165
10.206746031746,1.31435404342357,1.0433607390721,2.7902828380242,42.6381858898443
10.2068452380952,1.31428918537072,1.04346986945941,2.78894840087941,42.6391995092961
10.2069444444444,1.31422424455928,1.04357892787366,2.78761460141288,42.6402129625076
10.2070436507937,1.31415922108052,1.04368791433227,2.78628143932749,42.6412262495143
10.2071428571429,1.31409411502576,1.04379682885263,2.78494891432623,42.6422393703516
10.2072420634921,1.31402892648634,1.0439056714521,2.78361702611219,42.6432523250552
10.2073412698413,1.31396365555364,1.044014442148,2.78228577438855,42.6442651136603
10.2074404761905,1.31389830231905,1.04412314095764,2.78095515885863,42.6452777362023
10.2075396825397,1.31383286687401,1.04423176789826,2.77962517922584,42.6462901927166
10.2076388888889,1.31376734930997,1.0443403229871,2.77829583519367,42.6473024832386
10.2077380952381,1.31370174971845,1.04444880624135,2.77696712646579,42.6483146078033
10.2078373015873,1.31363606819095,1.0445572176782,2.77563905274591,42.6493265664462
10.2079365079365,1.31357030481903,1.04466555731475,2.77431161373787,42.6503383592024
10.2080357142857,1.31350445969429,1.04477382516813,2.77298480914561,42.651349986107
10.2081349206349,1.31343853290832,1.04488202125541,2.7716586386732,42.6523614471953
10.2082341269841,1.31337252455277,1.04499014559361,2.77033310202478,42.6533727425021
10.2083333333333,1.31330643471933,1.04509819819975,2.76900819890463,42.6543838720627
10.2084325396825,1.31324026349969,1.04520617909081,2.76768392901713,42.655394835912
10.2085317460317,1.31317401098559,1.04531408828372,2.76636029206674,42.656405634085
10.208630952381,1.31310767726879,1.04542192579541,2.76503728775807,42.6574162666166
10.2087301587302,1.31304126244109,1.04552969164274,2.76371491579581,42.6584267335418
10.2088293650794,1.31297476659432,1.04563738584257,2.76239317588476,42.6594370348953
10.2089285714286,1.31290818982034,1.04574500841172,2.76107206772982,42.6604471707121
10.2090277777778,1.31284153221102,1.04585255936696,2.75975159103603,42.6614571410269
10.209126984127,1.31277479385828,1.04596003872507,2.75843174550848,42.6624669458744
10.2092261904762,1.31270797485408,1.04606744650274,2.75711253085244,42.6634765852894
10.2093253968254,1.31264107529038,1.04617478271667,2.75579394677322,42.6644860593066
10.2094246031746,1.3125740952592,1.04628204738353,2.75447599297629,42.6654953679605
10.2095238095238,1.31250703485257,1.04638924051993,2.75315866916718,42.6665045112859
10.209623015873,1.31243989416256,1.04649636214247,2.75184197505156,42.6675134893172
10.2097222222222,1.31237267328127,1.04660341226772,2.7505259103352,42.668522302089
10.2098214285714,1.31230537230083,1.0467103909122,2.74921047472396,42.6695309496358
10.2099206349206,1.31223799131339,1.0468172980924,2.74789566792383,42.670539431992
10.2100198412698,1.31217053041114,1.04692413382481,2.74658148964089,42.6715477491921
10.210119047619,1.3121029896863,1.04703089812585,2.74526793958135,42.6725559012704
10.2102182539683,1.31203536923112,1.04713759101192,2.74395501745149,42.6735638882613
10.2103174603175,1.31196766913788,1.0472442124994,2.74264272295774,42.6745717101992
10.2104166666667,1.31189988949888,1.04735076260463,2.74133105580661,42.6755793671181
10.2105158730159,1.31183203040648,1.04745724134391,2.74002001570471,42.6765868590525
10.2106150793651,1.31176409195302,1.04756364873352,2.73870960235877,42.6775941860365
10.2107142857143,1.31169607423093,1.04766998478971,2.73739981547565,42.6786013481042
10.2108134920635,1.31162797733262,1.04777624952868,2.73609065476228,42.6796083452898
10.2109126984127,1.31155980135056,1.04788244296661,2.73478211992572,42.6806151776274
10.2110119047619,1.31149154637724,1.04798856511966,2.73347421067312,42.681621845151
10.2111111111111,1.31142321250518,1.04809461600395,2.73216692671174,42.6826283478946
10.2112103174603,1.31135479982692,1.04820059563555,2.73086026774896,42.6836346858922
10.2113095238095,1.31128630843506,1.04830650403052,2.72955423349226,42.6846408591777
10.2114087301587,1.3112177384222,1.04841234120488,2.72824882364923,42.6856468677851
10.2115079365079,1.31114908988098,1.04851810717463,2.72694403792755,42.6866527117482
10.2116071428571,1.31108036290407,1.04862380195571,2.72563987603503,42.6876583911008
10.2117063492063,1.31101155758419,1.04872942556406,2.72433633767958,42.6886639058767
10.2118055555556,1.31094267401405,1.04883497801556,2.72303342256922,42.6896692561097
10.2119047619048,1.31087371228642,1.04894045932609,2.72173113041205,42.6906744418335
10.212003968254,1.3108046724941,1.04904586951147,2.72042946091632,42.6916794630818
10.2121031746032,1.31073555472991,1.04915120858751,2.71912841379034,42.6926843198881
10.2122023809524,1.3106663590867,1.04925647656996,2.7178279887426,42.6936890122862
10.2123015873016,1.31059708565735,1.04936167347456,2.71652818548161,42.6946935403095
10.2124007936508,1.31052773453478,1.04946679931702,2.71522900371605,42.6956979039917
10.2125,1.31045830581193,1.049571854113,2.71393044315467,42.6967021033661
10.2125992063492,1.31038879958178,1.04967683787816,2.71263250350634,42.6977061384664
10.2126984126984,1.31031921593733,1.04978175062809,2.71133518448005,42.6987100093257
10.2127976190476,1.31024955497161,1.04988659237837,2.71003848578489,42.6997137159777
10.2128968253968,1.31017981677769,1.04999136314455,2.70874240713003,42.7007172584556
10.212996031746,1.31011000144866,1.05009606294213,2.70744694822479,42.7017206367926
10.2130952380952,1.31004010907766,1.05020069178661,2.70615210877856,42.7027238510222
10.2131944444444,1.30997013975782,1.05030524969342,2.70485788850087,42.7037269011775
10.2132936507937,1.30990009358235,1.05040973667799,2.70356428710134,42.7047297872917
10.2133928571429,1.30982997064445,1.0505141527557,2.70227130428969,42.705732509398
10.2134920634921,1.30975977103737,1.0506184979419,2.70097893977575,42.7067350675295
10.2135912698413,1.30968949485439,1.05072277225192,2.69968719326946,42.7077374617193
10.2136904761905,1.30961914218882,1.05082697570105,2.69839606448089,42.7087396920004
10.2137896825397,1.30954871313398,1.05093110830454,2.69710555312019,42.7097417584059
10.2138888888889,1.30947820778326,1.05103517007762,2.69581565889762,42.7107436609687
10.2139880952381,1.30940762623003,1.05113916103548,2.69452638152355,42.7117453997217
10.2140873015873,1.30933696856774,1.05124308119329,2.69323772070845,42.712746974698
10.2141865079365,1.30926623488984,1.05134693056618,2.69194967616292,42.7137483859302
10.2142857142857,1.30919542528982,1.05145070916925,2.69066224759764,42.7147496334514
10.2143849206349,1.30912453986119,1.05155441701756,2.68937543472341,42.7157507172941
10.2144841269841,1.3090535786975,1.05165805412615,2.68808923725114,42.7167516374913
10.2145833333333,1.30898254189233,1.05176162051002,2.68680365489184,42.7177523940756
10.2146825396825,1.3089114295393,1.05186511618415,2.68551868735663,42.7187529870797
10.2147817460317,1.30884024173203,1.05196854116347,2.68423433435674,42.7197534165363
10.214880952381,1.3087689785642,1.0520718954629,2.68295059560349,42.7207536824779
10.2149801587302,1.30869764012951,1.05217517909731,2.68166747080835,42.7217537849371
10.2150793650794,1.30862622652168,1.05227839208154,2.68038495968282,42.7227537239465
10.2151785714286,1.30855473783448,1.05238153443041,2.67910306193862,42.7237534995385
10.2152777777778,1.30848317416169,1.0524846061587,2.67782177728747,42.7247531117456
10.215376984127,1.30841153559714,1.05258760728115,2.67654110544124,42.7257525606002
10.2154761904762,1.30833982223468,1.05269053781249,2.67526104611193,42.7267518461347
10.2155753968254,1.30826803416819,1.0527933977674,2.6739815990116,42.7277509683815
10.2156746031746,1.30819617149157,1.05289618716054,2.67270276385245,42.7287499273729
10.2157738095238,1.30812423429877,1.05299890600652,2.67142454034678,42.729748723141
10.215873015873,1.30805222268376,1.05310155431994,2.67014692820699,42.7307473557183
10.2159722222222,1.30798013674054,1.05320413211535,2.66886992714559,42.7317458251368
10.2160714285714,1.30790797656314,1.05330663940728,2.66759353687521,42.7327441314287
10.2161706349206,1.30783574224563,1.05340907621023,2.66631775710856,42.7337422746262
10.2162698412698,1.30776343388209,1.05351144253866,2.66504258755849,42.7347402547613
10.216369047619,1.30769105156666,1.053613738407,2.66376802793793,42.7357380718662
10.2164682539683,1.30761859539347,1.05371596382965,2.66249407795993,42.7367357259727
10.2165674603175,1.30754606545672,1.05381811882098,2.66122073733762,42.7377332171129
10.2166666666667,1.30747346185061,1.05392020339532,2.65994800578431,42.7387305453187
10.2167658730159,1.3074007846694,1.05402221756697,2.65867588301334,42.7397277106221
10.2168650793651,1.30732803400735,1.05412416135022,2.65740436873819,42.7407247130548
10.2169642857143,1.30725520995876,1.05422603475929,2.65613346267244,42.7417215526487
10.2170634920635,1.30718231261798,1.0543278378084,2.65486316452978,42.7427182294357
10.2171626984127,1.30710934207936,1.05442957051173,2.65359347402401,42.7437147434474
10.2172619047619,1.3070362984373,1.05453123288342,2.65232439086903,42.7447110947156
10.2173611111111,1.30696318178622,1.05463282493757,2.65105591477886,42.7457072832719
10.2174603174603,1.30688999222058,1.05473434668828,2.6497880454676,42.7467033091481
10.2175595238095,1.30681672983487,1.0548357981496,2.64852078264949,42.7476991723757
10.2176587301587,1.30674339472359,1.05493717933554,2.64725412603886,42.7486948729862
10.2177579365079,1.30666998698129,1.05503849026008,2.64598807535015,42.7496904110113
10.2178571428571,1.30659650670256,1.05513973093718,2.64472263029789,42.7506857864823
10.2179563492063,1.30652295398199,1.05524090138077,2.64345779059676,42.7516809994308
10.2180555555556,1.30644932891421,1.05534200160473,2.64219355596148,42.7526760498883
10.2181547619048,1.30637563159391,1.05544303162292,2.64092992610697,42.7536709378859
10.218253968254,1.30630186211577,1.05554399144917,2.63966690074817,42.7546656634552
10.2183531746032,1.30622802057452,1.05564488109728,2.63840447960018,42.7556602266275
10.2184523809524,1.30615410706491,1.055745700581,2.63714266237817,42.7566546274339
10.2185515873016,1.30608012168174,1.05584644991407,2.63588144879745,42.7576488659058
10.2186507936508,1.30600606451982,1.05594712911019,2.63462083857342,42.7586429420743
10.21875,1.305931935674,1.05604773818303,2.63336083142158,42.7596368559705
10.2188492063492,1.30585773523915,1.05614827714621,2.63210142705756,42.7606306076258
10.2189484126984,1.30578346331019,1.05624874601336,2.63084262519708,42.761624197071
10.2190476190476,1.30570911998205,1.05634914479803,2.62958442555597,42.7626176243373
10.2191468253968,1.3056347053497,1.05644947351378,2.62832682785016,42.7636108894557
10.219246031746,1.30556021950813,1.0565497321741,2.62706983179571,42.7646039924571
10.2193452380952,1.30548566255239,1.05664992079247,2.62581343710876,42.7655969333725
10.2194444444444,1.30541103457752,1.05675003938235,2.62455764350558,42.7665897122329
10.2195436507937,1.30533633567862,1.05685008795714,2.62330245070251,42.767582329069
10.2196428571429,1.3052615659508,1.05695006653023,2.62204785841606,42.7685747839116
10.2197420634921,1.30518672548922,1.05704997511496,2.6207938663628,42.7695670767917
10.2198412698413,1.30511181438906,1.05714981372465,2.61954047425941,42.7705592077399
10.2199404761905,1.30503683274552,1.05724958237259,2.61828768182269,42.771551176787
10.2200396825397,1.30496178065384,1.05734928107204,2.61703548876953,42.7725429839636
10.2201388888889,1.3048866582093,1.05744890983621,2.61578389481696,42.7735346293004
10.2202380952381,1.3048114655072,1.0575484686783,2.61453289968208,42.774526112828
10.2203373015873,1.30473620264286,1.05764795761147,2.61328250308212,42.775517434577
10.2204365079365,1.30466086971165,1.05774737664884,2.6120327047344,42.7765085945778
10.2205357142857,1.30458546680896,1.05784672580351,2.61078350435637,42.777499592861
10.2206349206349,1.30450999403022,1.05794600508853,2.60953490166557,42.7784904294571
10.2207341269841,1.30443445147086,1.05804521451696,2.60828689637964,42.7794811043965
10.2208333333333,1.30435883922639,1.05814435410177,2.60703948821636,42.7804716177095
10.2209325396825,1.3042831573923,1.05824342385595,2.60579267689358,42.7814619694266
10.2210317460317,1.30420740606414,1.05834242379243,2.60454646212925,42.7824521595779
10.221130952381,1.30413158533748,1.0584413539241,2.6033008436415,42.7834421881939
10.2212301587302,1.30405569530793,1.05854021426386,2.6020558211485,42.7844320553046
10.2213293650794,1.30397973607112,1.05863900482452,2.60081139436852,42.7854217609404
10.2214285714286,1.30390370772271,1.05873772561892,2.59956756301999,42.7864113051314
10.2215277777778,1.3038276103584,1.05883637665981,2.5983243268214,42.7874006879077
10.221626984127,1.3037514440739,1.05893495795996,2.59708168549137,42.7883899092995
10.2217261904762,1.30367520896498,1.05903346953206,2.59583963874862,42.7893789693366
10.2218253968254,1.30359890512742,1.05913191138881,2.59459818631199,42.7903678680493
10.2219246031746,1.30352253265703,1.05923028354285,2.5933573279004,42.7913566054674
10.2220238095238,1.30344609164966,1.0593285860068,2.59211706323289,42.7923451816209
10.222123015873,1.30336958220117,1.05942681879326,2.59087739202863,42.7933335965397
10.2222222222222,1.30329300440749,1.05952498191476,2.58963831400687,42.7943218502537
10.2223214285714,1.30321635836454,1.05962307538384,2.58839982888697,42.7953099427926
10.2224206349206,1.30313964416828,1.05972109921298,2.58716193638841,42.7962978741864
10.2225198412698,1.30306286191472,1.05981905341466,2.58592463623073,42.7972856444647
10.222619047619,1.30298601169988,1.05991693800128,2.58468792813368,42.7982732536573
10.2227182539683,1.30290909361981,1.06001475298526,2.58345181181701,42.7992607017938
10.2228174603175,1.3028321077706,1.06011249837894,2.58221628700064,42.8002479889039
10.2229166666667,1.30275505424838,1.06021017419467,2.58098135340456,42.8012351150172
10.2230158730159,1.30267793314928,1.06030778044475,2.57974701074889,42.8022220801632
10.2231150793651,1.30260074456948,1.06040531714144,2.57851325875386,42.8032088843716
10.2232142857143,1.30252348860519,1.06050278429697,2.57728009713978,42.8041955276718
10.2233134920635,1.30244616535265,1.06060018192357,2.5760475256271,42.8051820100932
10.2234126984127,1.30236877490812,1.06069751003339,2.57481554393636,42.8061683316653
10.2235119047619,1.3022913173679,1.06079476863858,2.5735841517882,42.8071544924175
10.2236111111111,1.30221379282833,1.06089195775124,2.57235334890339,42.8081404923791
10.2237103174603,1.30213620138576,1.06098907738347,2.57112313500279,42.8091263315795
10.2238095238095,1.30205854313657,1.06108612754729,2.56989350980736,42.8101120100478
10.2239087301587,1.30198081817719,1.06118310825473,2.56866447303818,42.8110975278134
10.2240079365079,1.30190302660406,1.06128001951777,2.56743602441643,42.8120828849055
10.2241071428571,1.30182516851367,1.06137686134835,2.56620816366343,42.8130680813531
10.2242063492063,1.30174724400253,1.06147363375841,2.56498089050055,42.8140531171855
10.2243055555556,1.30166925316716,1.06157033675981,2.56375420464931,42.8150379924317
10.2244047619048,1.30159119610416,1.06166697036442,2.56252810583132,42.8160227071208
10.224503968254,1.3015130729101,1.06176353458407,2.5613025937683,42.8170072612818
10.2246031746032,1.30143488368163,1.06186002943053,2.56007766818208,42.8179916549436
10.2247023809524,1.3013566285154,1.06195645491558,2.55885332879458,42.8189758881353
10.2248015873016,1.30127830750811,1.06205281105094,2.55762957532785,42.8199599608857
10.2249007936508,1.30119992075648,1.0621490978483,2.55640640750405,42.8209438732237
10.225,1.30112146835725,1.06224531531933,2.55518382504541,42.8219276251781
10.2250992063492,1.30104295040721,1.06234146347567,2.55396182767432,42.8229112167777
10.2251984126984,1.30096436700317,1.0624375423289,2.55274041511323,42.8238946480513
10.2252976190476,1.30088571824197,1.06253355189061,2.55151958708472,42.8248779190276
10.2253968253968,1.30080700422049,1.06262949217233,2.55029934331148,42.8258610297353
10.225496031746,1.30072822503562,1.06272536318556,2.54907968351628,42.8268439802029
10.2255952380952,1.30064938078431,1.06282116494178,2.54786060742205,42.8278267704592
10.2256944444444,1.3005704715635,1.06291689745242,2.54664211475178,42.8288094005328
10.2257936507937,1.3004914974702,1.0630125607289,2.54542420522859,42.829791870452
10.2258928571429,1.30041245860143,1.0631081547826,2.54420687857568,42.8307741802455
10.2259920634921,1.30033335505423,1.06320367962485,2.54299013451639,42.8317563299416
10.2260912698413,1.3002541869257,1.06329913526699,2.54177397277415,42.8327383195689
10.2261904761905,1.30017495431295,1.06339452172028,2.5405583930725,42.8337201491557
10.2262896825397,1.30009565731313,1.06348983899598,2.53934339513509,42.8347018187304
10.2263888888889,1.3000162960234,1.0635850871053,2.53812897868567,42.8356833283212
10.2264880952381,1.29993687054097,1.06368026605944,2.5369151434481,42.8366646779565
10.2265873015873,1.29985738096307,1.06377537586955,2.53570188914635,42.8376458676644
10.2266865079365,1.29977782738698,1.06387041654676,2.5344892155045,42.8386268974732
10.2267857142857,1.29969820990998,1.06396538810215,2.53327712224673,42.8396077674111
10.2268849206349,1.2996185286294,1.06406029054678,2.53206560909733,42.8405884775062
10.2269841269841,1.2995387836426,1.06415512389169,2.53085467578068,42.8415690277865
10.2270833333333,1.29945897504696,1.06424988814786,2.52964432202132,42.8425494182802
10.2271825396825,1.2993791029399,1.06434458332627,2.52843454754383,42.8435296490151
10.2272817460317,1.29929916741886,1.06443920943784,2.52722535207295,42.8445097200194
10.227380952381,1.29921916858132,1.06453376649348,2.52601673533349,42.845489631321
10.2274801587302,1.29913910652479,1.06462825450405,2.52480869705038,42.8464693829477
10.2275793650794,1.29905898134681,1.0647226734804,2.52360123694867,42.8474489749275
10.2276785714286,1.29897879314493,1.06481702343332,2.5223943547535,42.8484284072881
10.2277777777778,1.29889854201676,1.0649113043736,2.52118805019012,42.8494076800574
10.227876984127,1.29881822805993,1.06500551631197,2.5199823229839,42.8503867932632
10.2279761904762,1.29873785137209,1.06509965925914,2.51877717286031,42.851365746933
10.2280753968254,1.29865741205094,1.06519373322579,2.5175725995449,42.8523445410947
10.2281746031746,1.29857691019418,1.06528773822257,2.51636860276338,42.8533231757759
10.2282738095238,1.29849634589957,1.0653816742601,2.51516518224153,42.8543016510041
10.228373015873,1.29841571926489,1.06547554134894,2.51396233770524,42.855279966807
10.2284722222222,1.29833503038794,1.06556933949967,2.51276006888049,42.8562581232121
10.2285714285714,1.29825427936656,1.06566306872279,2.51155837549344,42.8572361202469
10.2286706349206,1.29817346629863,1.06575672902879,2.51035725727028,42.8582139579388
10.2287698412698,1.29809259128204,1.06585032042812,2.50915671393734,42.8591916363153
10.228869047619,1.29801165441473,1.06594384293122,2.50795674522105,42.8601691554038
10.2289682539683,1.29793065579464,1.06603729654847,2.50675735084794,42.8611465152316
10.2290674603175,1.29784959551978,1.06613068129024,2.50555853054467,42.862123715826
10.2291666666667,1.29776847368816,1.06622399716685,2.50436028403797,42.8631007572143
10.2292658730159,1.29768729039783,1.06631724418859,2.50316261105472,42.8640776394237
10.2293650793651,1.29760604574688,1.06641042236574,2.50196551132188,42.8650543624815
10.2294642857143,1.29752473983341,1.06650353170852,2.50076898456653,42.8660309264148
10.2295634920635,1.29744337275557,1.06659657222714,2.49957303051583,42.8670073312508
10.2296626984127,1.29736194461153,1.06668954393176,2.49837764889709,42.8679835770165
10.2297619047619,1.29728045549948,1.06678244683253,2.49718283943769,42.8689596637389
10.2298611111111,1.29719890551766,1.06687528093955,2.49598860186514,42.8699355914452
10.2299603174603,1.29711729476434,1.06696804626289,2.49479493590703,42.8709113601623
10.2300595238095,1.2970356233378,1.06706074281259,2.49360184129111,42.8718869699171
10.2301587301587,1.29695389133637,1.06715337059867,2.49240931774519,42.8728624207365
10.2302579365079,1.2968720988584,1.06724592963111,2.49121736499719,42.8738377126475
10.2303571428571,1.29679024600227,1.06733841991984,2.49002598277515,42.8748128456768
10.2304563492063,1.2967083328664,1.06743084147479,2.48883517080722,42.8757878198512
10.2305555555556,1.29662635954923,1.06752319430583,2.48764492882165,42.8767626351975
10.2306547619048,1.29654432614923,1.06761547842283,2.4864552565468,42.8777372917424
10.230753968254,1.29646223276491,1.06770769383559,2.48526615371112,42.8787117895126
10.2308531746032,1.2963800794948,1.06779984055391,2.48407762004321,42.8796861285348
10.2309523809524,1.29629786643746,1.06789191858754,2.48288965527172,42.8806603088355
10.2310515873016,1.29621559369149,1.0679839279462,2.48170225912546,42.8816343304413
10.2311507936508,1.29613326135552,1.0680758686396,2.48051543133331,42.8826081933789
10.23125,1.29605086952819,1.06816774067738,2.47932917162428,42.8835818976745
10.2313492063492,1.2959684183082,1.06825954406918,2.47814347972747,42.8845554433549
10.2314484126984,1.29588590779426,1.06835127882459,2.47695835537208,42.8855288304462
10.2315476190476,1.29580333808511,1.06844294495318,2.47577379828747,42.8865020589751
10.2316468253968,1.29572070927953,1.06853454246449,2.47458980820305,42.8874751289677
10.231746031746,1.29563802147633,1.068626071368,2.47340638484835,42.8884480404504
10.2318452380952,1.29555527477434,1.0687175316732,2.47222352795303,42.8894207934495
10.2319444444444,1.29547246927243,1.06880892338952,2.47104123724682,42.8903933879913
10.2320436507937,1.2953896050695,1.06890024652636,2.46985951245959,42.8913658241018
10.2321428571429,1.29530668226447,1.06899150109311,2.46867835332129,42.8923381018074
10.2322420634921,1.2952237009563,1.0690826870991,2.46749775956201,42.8933102211341
10.2323412698413,1.29514066124397,1.06917380455364,2.46631773091193,42.894282182108
10.2324404761905,1.29505756322651,1.06926485346601,2.46513826710131,42.8952539847552
10.2325396825397,1.29497440700296,1.06935583384546,2.46395936786057,42.8962256291017
10.2326388888889,1.2948911926724,1.06944674570121,2.4627810329202,42.8971971151735
10.2327380952381,1.29480792033394,1.06953758904243,2.4616032620108,42.8981684429965
10.2328373015873,1.29472459008671,1.06962836387828,2.46042605486309,42.8991396125966
10.2329365079365,1.29464120202988,1.06971907021788,2.45924941120788,42.9001106239997
10.2330357142857,1.29455775626267,1.06980970807032,2.45807333077612,42.9010814772316
10.2331349206349,1.29447425288428,1.06990027744464,2.45689781329884,42.9020521723182
10.2332341269841,1.29439069199398,1.06999077834989,2.45572285850717,42.9030227092852
10.2333333333333,1.29430707369107,1.07008121079504,2.45454846613237,42.9039930881583
10.2334325396825,1.29422339807486,1.07017157478906,2.45337463590579,42.9049633089631
10.2335317460317,1.29413966524469,1.07026187034088,2.45220136755889,42.9059333717254
10.233630952381,1.29405587529996,1.0703520974594,2.45102866082325,42.9069032764708
10.2337301587302,1.29397202834007,1.07044225615348,2.44985651543055,42.9078730232248
10.2338293650794,1.29388812446446,1.07053234643195,2.44868493111256,42.908842612013
10.2339285714286,1.2938041637726,1.07062236830362,2.44751390760118,42.9098120428608
10.2340277777778,1.29372014636399,1.07071232177725,2.44634344462841,42.9107813157938
10.234126984127,1.29363607233817,1.07080220686159,2.44517354192636,42.9117504308373
10.2342261904762,1.29355194179469,1.07089202356533,2.44400419922723,42.9127193880168
10.2343253968254,1.29346775483315,1.07098177189716,2.44283541626335,42.9136881873576
10.2344246031746,1.29338351155317,1.07107145186572,2.44166719276713,42.914656828885
10.2345238095238,1.2932992120544,1.07116106347962,2.44049952847113,42.9156253126243
10.234623015873,1.29321485643653,1.07125060674743,2.43933242310798,42.9165936386007
10.2347222222222,1.29313044479925,1.0713400816777,2.43816587641043,42.9175618068395
10.2348214285714,1.29304597724233,1.07142948827896,2.43699988811133,42.9185298173658
10.2349206349206,1.29296145386553,1.07151882655968,2.43583445794365,42.9194976702047
10.2350198412698,1.29287687476865,1.07160809652831,2.43466958564046,42.9204653653813
10.235119047619,1.29279224005153,1.07169729819327,2.43350527093492,42.9214329029207
10.2352182539683,1.29270754981403,1.07178643156296,2.43234151356033,42.922400282848
10.2353174603175,1.29262280415605,1.07187549664573,2.43117831325008,42.923367505188
10.2354166666667,1.2925380031775,1.0719644934499,2.43001566973766,42.9243345699658
10.2355158730159,1.29245314697835,1.07205342198377,2.42885358275668,42.9253014772062
10.2356150793651,1.29236823565858,1.0721422822556,2.42769205204086,42.9262682269341
10.2357142857143,1.29228326931819,1.07223107427361,2.426531077324,42.9272348191744
10.2358134920635,1.29219824805725,1.072319798046,2.42537065834003,42.9282012539518
10.2359126984127,1.29211317197581,1.07240845358095,2.42421079482298,42.9291675312911
10.2360119047619,1.292028041174,1.07249704088657,2.42305148650702,42.9301336512171
10.2361111111111,1.29194285575194,1.07258555997099,2.42189273312637,42.9310996137544
10.2362103174603,1.29185761580979,1.07267401084225,2.42073453441539,42.9320654189276
10.2363095238095,1.29177232144776,1.07276239350841,2.41957689010854,42.9330310667614
10.2364087301587,1.29168697276607,1.07285070797747,2.41841979994039,42.9339965572804
10.2365079365079,1.29160156986498,1.07293895425741,2.41726326364562,42.934961890509
10.2366071428571,1.29151611284477,1.07302713235616,2.41610728095901,42.9359270664719
10.2367063492063,1.29143060180576,1.07311524228164,2.41495185161545,42.9368920851934
10.2368055555556,1.2913450368483,1.07320328404172,2.41379697534993,42.937856946698
10.2369047619048,1.29125941807276,1.07329125764427,2.41264265189756,42.9388216510101
10.237003968254,1.29117374557955,1.07337916309708,2.41148888099355,42.939786198154
10.2371031746032,1.29108801946912,1.07346700040795,2.41033566237322,42.940750588154
10.2372023809524,1.29100223984192,1.07355476958462,2.40918299577199,42.9417148210345
10.2373015873016,1.29091640679846,1.07364247063483,2.4080308809254,42.9426788968196
10.2374007936508,1.29083052043926,1.07373010356624,2.40687931756907,42.9436428155336
10.2375,1.29074458086489,1.07381766838653,2.40572830543877,42.9446065772007
10.2375992063492,1.29065858817592,1.07390516510332,2.40457784427034,42.9455701818449
10.2376984126984,1.29057254247299,1.07399259372419,2.40342793379975,42.9465336294904
10.2377976190476,1.29048644385673,1.07407995425672,2.40227857376307,42.9474969201612
10.2378968253968,1.29040029242784,1.07416724670843,2.40112976389645,42.9484600538813
10.237996031746,1.29031408828701,1.07425447108681,2.3999815039362,42.9494230306748
10.2380952380952,1.290227831535,1.07434162739934,2.39883379361869,42.9503858505656
10.2381944444444,1.29014152227256,1.07442871565345,2.39768663268043,42.9513485135775
10.2382936507937,1.2900551606005,1.07451573585654,2.396540020858,42.9523110197345
10.2383928571429,1.28996874661964,1.07460268801598,2.39539395788814,42.9532733690603
10.2384920634921,1.28988228043086,1.0746895721391,2.39424844350765,42.9542355615789
10.2385912698413,1.28979576213504,1.07477638823323,2.39310347745345,42.9551975973139
10.2386904761905,1.2897091918331,1.07486313630562,2.39195905946258,42.9561594762891
10.2387896825397,1.289622569626,1.07494981636353,2.39081518927217,42.9571211985281
10.2388888888889,1.28953589561471,1.07503642841416,2.38967186661946,42.9580827640547
10.2389880952381,1.28944916990024,1.0751229724647,2.38852909124183,42.9590441728924
10.2390873015873,1.28936239258365,1.07520944852229,2.38738686287672,42.9600054250647
10.2391865079365,1.289275563766,1.07529585659405,2.3862451812617,42.9609665205953
10.2392857142857,1.28918868354839,1.07538219668707,2.38510404613444,42.9619274595077
10.2393849206349,1.28910175203195,1.07546846880838,2.38396345723273,42.9628882418252
10.2394841269841,1.28901476931786,1.07555467296503,2.38282341429445,42.9638488675714
10.2395833333333,1.2889277355073,1.07564080916399,2.38168391705759,42.9648093367696
10.2396825396825,1.28884065070149,1.07572687741222,2.38054496526025,42.9657696494432
10.2397817460317,1.28875351500169,1.07581287771664,2.37940655864066,42.9667298056155
10.239880952381,1.28866632850919,1.07589881008416,2.37826869693711,42.9676898053098
10.2399801587302,1.28857909132529,1.07598467452162,2.37713137988804,42.9686496485493
10.2400793650794,1.28849180355134,1.07607047103587,2.37599460723198,42.9696093353572
10.2401785714286,1.28840446528872,1.0761561996337,2.37485837870756,42.9705688657567
10.2402777777778,1.28831707663883,1.07624186032187,2.37372269405353,42.9715282397709
10.240376984127,1.2882296377031,1.07632745310712,2.37258755300871,42.972487457423
10.2404761904762,1.288142148583,1.07641297799616,2.37145295531211,42.973446518736
10.2405753968254,1.28805460938003,1.07649843499564,2.37031890070277,42.9744054237328
10.2406746031746,1.28796702019571,1.07658382411222,2.36918538891987,42.9753641724365
10.2407738095238,1.2878793811316,1.07666914535249,2.36805241970268,42.9763227648701
10.240873015873,1.28779169228927,1.07675439872304,2.36691999279059,42.9772812010564
10.2409722222222,1.28770395377036,1.07683958423041,2.36578810792309,42.9782394810183
10.2410714285714,1.2876161656765,1.0769247018811,2.36465676483979,42.9791976047787
10.2411706349206,1.28752832810937,1.0770097516816,2.36352596328039,42.9801555723603
10.2412698412698,1.28744044117068,1.07709473363836,2.36239570298471,42.9811133837859
10.241369047619,1.28735250496217,1.0771796477578,2.36126598369267,42.9820710390783
10.2414682539683,1.2872645195856,1.07726449404629,2.3601368051443,42.9830285382601
10.2415674603175,1.28717648514276,1.07734927251019,2.35900816707973,42.983985881354
10.2416666666667,1.2870884017355,1.07743398315582,2.35788006923921,42.9849430683825
10.2417658730159,1.28700026946566,1.07751862598947,2.35675251136309,42.9859000993684
10.2418650793651,1.28691208843513,1.0776032010174,2.35562549319182,42.986856974334
10.2419642857143,1.28682385874584,1.07768770824582,2.35449901446597,42.987813693302
10.2420634920635,1.28673558049973,1.07777214768095,2.35337307492622,42.9887702562947
10.2421626984127,1.28664725379877,1.07785651932893,2.35224767431334,42.9897266633346
10.2422619047619,1.28655887874499,1.0779408231959,2.35112281236822,42.9906829144442
10.2423611111111,1.28647045544041,1.07802505928796,2.34999848883184,42.9916390096456
10.2424603174603,1.28638198398711,1.07810922761117,2.34887470344532,42.9925949489614
10.2425595238095,1.28629346448718,1.07819332817157,2.34775145594985,42.9935507324137
10.2426587301587,1.28620489704276,1.07827736097515,2.34662874608675,42.9945063600248
10.2427579365079,1.28611628175601,1.0783613260279,2.34550657359744,42.9954618318169
10.2428571428571,1.28602761872912,1.07844522333575,2.34438493822345,42.9964171478122
10.2429563492063,1.2859389080643,1.0785290529046,2.34326383970641,42.9973723080328
10.2430555555556,1.2858501498638,1.07861281474033,2.34214327778807,42.9983273125008
10.2431547619048,1.28576134422992,1.0786965088488,2.34102325221027,42.9992821612383
10.243253968254,1.28567249126496,1.0787801352358,2.33990376271498,43.0002368542672
10.2433531746032,1.28558359107126,1.07886369390712,2.33878480904424,43.0011913916096
10.2434523809524,1.28549464375119,1.0789471848685,2.33766639094024,43.0021457732874
10.2435515873016,1.28540564940715,1.07903060812567,2.33654850814526,43.0030999993226
10.2436507936508,1.28531660814158,1.07911396368431,2.33543116040168,43.0040540697369
10.24375,1.28522752005694,1.07919725155007,2.33431434745199,43.0050079845523
10.2438492063492,1.28513838525573,1.07928047172857,2.33319806903879,43.0059617437905
10.2439484126984,1.28504920384045,1.0793636242254,2.33208232490478,43.0069153474734
10.2440476190476,1.28495997591368,1.07944670904612,2.33096711479278,43.0078687956225
10.2441468253968,1.28487070157798,1.07952972619626,2.3298524384457,43.0088220882597
10.244246031746,1.28478138093597,1.0796126756813,2.32873829560658,43.0097752254065
10.2443452380952,1.28469201409031,1.07969555750671,2.32762468601855,43.0107282070846
10.2444444444444,1.28460260114365,1.07977837167793,2.32651160942485,43.0116810333156
10.2445436507937,1.28451314219871,1.07986111820034,2.32539906556883,43.012633704121
10.2446428571429,1.28442363735821,1.07994379707932,2.32428705419393,43.0135862195223
10.2447420634921,1.28433408672493,1.0800264083202,2.32317557504374,43.0145385795409
10.2448412698413,1.28424449040166,1.08010895192829,2.3220646278619,43.0154907841984
10.2449404761905,1.28415484849122,1.08019142790885,2.32095421239221,43.016442833516
10.2450396825397,1.28406516109646,1.08027383626712,2.31984432837855,43.0173947275152
10.2451388888889,1.28397542832028,1.08035617700832,2.3187349755649,43.0183464662173
10.2452380952381,1.28388565026559,1.08043845013762,2.31762615369537,43.0192980496435
10.2453373015873,1.28379582703533,1.08052065566015,2.31651786251416,43.0202494778151
10.2454365079365,1.28370595873249,1.08060279358104,2.31541010176558,43.0212007507534
10.2455357142857,1.28361604546005,1.08068486390537,2.31430287119404,43.0221518684794
10.2456349206349,1.28352608732107,1.08076686663818,2.31319617054409,43.0231028310143
10.2457341269841,1.28343608441861,1.08084880178448,2.31208999956034,43.0240536383792
10.2458333333333,1.28334603685577,1.08093066934928,2.31098435798754,43.0250042905951
10.2459325396825,1.28325594473567,1.08101246933751,2.30987924557054,43.0259547876832
10.2460317460317,1.28316580816147,1.0810942017541,2.30877466205429,43.0269051296643
10.246130952381,1.28307562723635,1.08117586660394,2.30767060718385,43.0278553165595
10.2462301587302,1.28298540206354,1.08125746389189,2.30656708070439,43.0288053483896
10.2463293650794,1.28289513274629,1.08133899362277,2.30546408236118,43.0297552251755
10.2464285714286,1.28280481938786,1.08142045580138,2.30436161189961,43.030704946938
10.2465277777778,1.28271446209158,1.08150185043248,2.30325966906518,43.031654513698
10.246626984127,1.28262406096077,1.0815831775208,2.30215825360347,43.0326039254762
10.2467261904762,1.28253361609881,1.08166443707103,2.30105736526019,43.0335531822934
10.2468253968254,1.28244312760909,1.08174562908785,2.29995700378116,43.0345022841702
10.2469246031746,1.28235259559505,1.0818267535759,2.29885716891228,43.0354512311272
10.2470238095238,1.28226202016015,1.08190781053977,2.29775786039958,43.0364000231852
10.247123015873,1.28217140140786,1.08198879998403,2.2966590779892,43.0373486603646
10.2472222222222,1.28208073944173,1.08206972191323,2.29556082142737,43.038297142686
10.2473214285714,1.28199003436528,1.08215057633187,2.29446309046044,43.03924547017
10.2474206349206,1.28189928628211,1.08223136324443,2.29336588483487,43.0401936428369
10.2475198412698,1.28180849529583,1.08231208265536,2.29226920429721,43.0411416607073
10.247619047619,1.28171766151007,1.08239273456906,2.29117304859414,43.0420895238015
10.2477182539683,1.2816267850285,1.08247331898992,2.29007741747242,43.0430372321398
10.2478174603175,1.28153586595483,1.08255383592229,2.28898231067892,43.0439847857427
10.2479166666667,1.28144490439279,1.08263428537048,2.28788772796067,43.0449321846303
10.2480158730159,1.28135390044615,1.08271466733877,2.28679366906474,43.045879428823
10.2481150793651,1.28126285421868,1.08279498183143,2.28570013373833,43.0468265183408
10.2482142857143,1.28117176581422,1.08287522885267,2.28460712172877,43.0477734532041
10.2483134920635,1.28108063533661,1.08295540840669,2.28351463278345,43.0487202334329
10.2484126984127,1.28098946288975,1.08303552049764,2.28242266664991,43.0496668590473
10.2485119047619,1.28089824857753,1.08311556512964,2.28133122307577,43.0506133300674
10.2486111111111,1.28080699250391,1.0831955423068,2.28024030180879,43.0515596465133
10.2487103174603,1.28071569477285,1.08327545203317,2.27914990259679,43.0525058084048
10.2488095238095,1.28062435548837,1.08335529431279,2.27806002518774,43.053451815762
10.2489087301587,1.28053297475449,1.08343506914965,2.27697066932969,43.0543976686047
10.2490079365079,1.28044155267528,1.08351477654773,2.27588183477081,43.0553433669529
10.2491071428571,1.28035008935483,1.08359441651095,2.27479352125937,43.0562889108264
10.2492063492063,1.28025858489727,1.08367398904322,2.27370572854376,43.057234300245
10.2493055555556,1.28016703940674,1.08375349414842,2.27261845637244,43.0581795352284
10.2494047619048,1.28007545298745,1.08383293183038,2.27153170449404,43.0591246157963
10.249503968254,1.27998382574359,1.08391230209291,2.27044547265725,43.0600695419686
10.2496031746032,1.27989215777941,1.08399160493978,2.26935976061088,43.0610143137647
10.2497023809524,1.2798004491992,1.08407084037475,2.26827456810384,43.0619589312044
10.2498015873016,1.27970870010726,1.08415000840153,2.26718989488516,43.0629033943072
10.2499007936508,1.27961691060791,1.08422910902379,2.26610574070396,43.0638477030926
10.25,1.27952508080553,1.08430814224518,2.26502210530948,43.0647918575803
10.2500992063492,1.27943321080452,1.08438710806933,2.26393898845108,43.0657358577895
10.2501984126984,1.27934130070929,1.08446600649981,2.26285638987819,43.0666797037398
10.2502976190476,1.27924935062431,1.08454483754019,2.26177430934037,43.0676233954506
10.2503968253968,1.27915736065407,1.08462360119398,2.2606927465873,43.0685669329412
10.250496031746,1.27906533090307,1.08470229746468,2.25961170136875,43.0695103162309
10.2505952380952,1.27897326147587,1.08478092635573,2.25853117343459,43.070453545339
10.2506944444444,1.27888115247705,1.08485948787058,2.25745116253481,43.0713966202848
10.2507936507937,1.27878900401121,1.08493798201261,2.25637166841949,43.0723395410875
10.2508928571429,1.27869681618299,1.08501640878519,2.25529269083886,43.0732823077662
10.2509920634921,1.27860458909706,1.08509476819164,2.25421422954321,43.0742249203401
10.2510912698413,1.27851232285811,1.08517306023527,2.25313628428297,43.0751673788282
10.2511904761905,1.27842001757088,1.08525128491934,2.25205885480864,43.0761096832497
10.2512896825397,1.27832767334013,1.0853294422471,2.25098194087087,43.0770518336236
10.2513888888889,1.27823529027064,1.08540753222174,2.24990554222038,43.0779938299689
10.2514880952381,1.27814286846723,1.08548555484643,2.24882965860802,43.0789356723044
10.2515873015873,1.27805040803475,1.08556351012432,2.24775428978474,43.0798773606491
10.2516865079365,1.27795790907808,1.08564139805852,2.24667943550159,43.080818895022
10.2517857142857,1.27786537170213,1.0857192186521,2.24560509550975,43.0817602754418
10.2518849206349,1.27777279601185,1.0857969719081,2.24453126956048,43.0827015019273
10.2519841269841,1.27768018211219,1.08587465782955,2.24345795740516,43.0836425744973
10.2520833333333,1.27758753010817,1.08595227641941,2.24238515879528,43.0845834931706
10.2521825396825,1.27749484010481,1.08602982768065,2.24131287348243,43.0855242579658
10.2522817460317,1.27740211220717,1.08610731161617,2.24024110121829,43.0864648689015
10.252380952381,1.27730934652035,1.08618472822887,2.23916984175471,43.0874053259965
10.2524801587302,1.27721654314947,1.08626207752159,2.23809909484357,43.0883456292692
10.2525793650794,1.27712370219967,1.08633935949717,2.23702886023691,43.0892857787382
10.2526785714286,1.27703082377614,1.08641657415838,2.23595913768685,43.0902257744221
10.2527777777778,1.27693790798409,1.086493721508,2.23488992694562,43.0911656163392
10.252876984127,1.27684495492877,1.08657080154874,2.23382122776557,43.0921053045081
10.2529761904762,1.27675196471544,1.0866478142833,2.23275303989915,43.0930448389471
10.2530753968254,1.27665893744941,1.08672475971435,2.23168536309891,43.0939842196746
10.2531746031746,1.27656587323601,1.08680163784451,2.23061819711751,43.0949234467089
10.2532738095238,1.27647277218061,1.08687844867639,2.22955154170773,43.0958625200682
10.253373015873,1.27637963438859,1.08695519221255,2.22848539662245,43.0968014397709
10.2534722222222,1.27628645996539,1.08703186845553,2.22741976161464,43.0977402058352
10.2535714285714,1.27619324901645,1.08710847740783,2.22635463643741,43.0986788182791
10.2536706349206,1.27610000164726,1.08718501907193,2.22529002084394,43.099617277121
10.2537698412698,1.27600671796333,1.08726149345027,2.22422591458754,43.1005555823787
10.253869047619,1.27591339807021,1.08733790054525,2.22316231742164,43.1014937340705
10.2539682539683,1.27582004207347,1.08741424035925,2.22209922909975,43.1024317322143
10.2540674603175,1.27572665007872,1.08749051289462,2.22103664937549,43.1033695768282
10.2541666666667,1.27563322219159,1.08756671815367,2.2199745780026,43.10430726793
10.2542658730159,1.27553975851775,1.08764285613869,2.21891301473493,43.1052448055377
10.2543650793651,1.27544625916289,1.08771892685191,2.21785195932641,43.1061821896692
10.2544642857143,1.27535272423274,1.08779493029557,2.21679141153111,43.1071194203423
10.2545634920635,1.27525915383306,1.08787086647184,2.21573137110318,43.1080564975749
10.2546626984127,1.27516554806963,1.08794673538288,2.2146718377969,43.1089934213846
10.2547619047619,1.27507190704826,1.08802253703081,2.21361281136665,43.1099301917892
10.2548611111111,1.2749782308748,1.08809827141773,2.2125542915669,43.1108668088064
10.2549603174603,1.27488451965514,1.08817393854569,2.21149627815225,43.1118032724539
10.2550595238095,1.27479077349518,1.08824953841672,2.21043877087739,43.1127395827492
10.2551587301587,1.27469699250084,1.08832507103281,2.20938176949713,43.11367573971
10.2552579365079,1.27460317677811,1.08840053639594,2.20832527376637,43.1146117433539
10.2553571428571,1.27450932643298,1.08847593450802,2.20726928344016,43.1155475936982
10.2554563492063,1.27441544157148,1.08855126537097,2.2062137982736,43.1164832907605
10.2555555555556,1.27432152229966,1.08862652898664,2.20515881802194,43.1174188345582
10.2556547619048,1.27422756872362,1.08870172535687,2.2041043424405,43.1183542251087
10.255753968254,1.27413358094947,1.08877685448348,2.20305037128475,43.1192894624294
10.2558531746032,1.27403955908336,1.08885191636823,2.20199690431022,43.1202245465376
10.2559523809524,1.27394550323147,1.08892691101285,2.20094394127259,43.1211594774506
10.2560515873016,1.27385141350001,1.08900183841908,2.19989148192762,43.1220942551856
10.2561507936508,1.27375728999522,1.08907669858856,2.19883952603119,43.1230288797598
10.25625,1.27366313282336,1.08915149152297,2.19778807333928,43.1239633511904
10.2563492063492,1.27356894209075,1.0892262172239,2.19673712360798,43.1248976694946
10.2564484126984,1.2734747179037,1.08930087569294,2.19568667659348,43.1258318346894
10.2565476190476,1.27338046036858,1.08937546693164,2.1946367320521,43.126765846792
10.2566468253968,1.27328616959178,1.08944999094152,2.19358728974024,43.1276997058192
10.256746031746,1.27319184567972,1.08952444772407,2.1925383494144,43.1286334117883
10.2568452380952,1.27309748873885,1.08959883728073,2.19148991083124,43.1295669647159
10.2569444444444,1.27300309887565,1.08967315961294,2.19044197374748,43.1305003646192
10.2570436507937,1.27290867619664,1.08974741472207,2.18939453791995,43.131433611515
10.2571428571429,1.27281422080834,1.0898216026095,2.18834760310561,43.13236670542
10.2572420634921,1.27271973281735,1.08989572327655,2.18730116906151,43.1332996463512
10.2573412698413,1.27262521233025,1.08996977672452,2.1862552355448,43.1342324343253
10.2574404761905,1.27253065945369,1.09004376295466,2.18520980231275,43.1351650693589
10.2575396825397,1.27243607429431,1.09011768196822,2.18416486912274,43.1360975514689
10.2576388888889,1.27234145695883,1.09019153376638,2.18312043573225,43.1370298806719
10.2577380952381,1.27224680755395,1.09026531835033,2.18207650189887,43.1379620569844
10.2578373015873,1.27215212618643,1.09033903572119,2.18103306738029,43.1388940804231
10.2579365079365,1.27205741296306,1.09041268588007,2.17999013193432,43.1398259510045
10.2580357142857,1.27196266799064,1.09048626882805,2.17894769531887,43.1407576687451
10.2581349206349,1.27186789137603,1.09055978456616,2.17790575729195,43.1416892336614
10.2582341269841,1.27177308322609,1.09063323309541,2.17686431761168,43.1426206457699
10.2583333333333,1.27167824364773,1.09070661441679,2.17582337603631,43.1435519050869
10.2584325396825,1.27158337274789,1.09077992853123,2.17478293232417,43.1444830116287
10.2585317460317,1.27148847063353,1.09085317543966,2.1737429862337,43.1454139654117
10.258630952381,1.27139353741164,1.09092635514295,2.17270353752345,43.1463447664523
10.2587301587302,1.27129857318925,1.09099946764195,2.17166458595209,43.1472754147665
10.2588293650794,1.27120357807342,1.09107251293749,2.17062613127838,43.1482059103708
10.2589285714286,1.27110855217122,1.09114549103035,2.1695881732612,43.1491362532811
10.2590277777778,1.27101349558978,1.09121840192127,2.16855071165952,43.1500664435138
10.259126984127,1.27091840843624,1.091291245611,2.16751374623243,43.1509964810847
10.2592261904762,1.27082329081778,1.09136402210022,2.16647727673913,43.1519263660101
10.2593253968254,1.2707281428416,1.09143673138958,2.16544130293892,43.152856098306
10.2594246031746,1.27063296461495,1.09150937347972,2.16440582459121,43.1537856779883
10.2595238095238,1.27053775624508,1.09158194837123,2.16337084145551,43.1547151050731
10.259623015873,1.27044251783929,1.09165445606468,2.16233635329145,43.1556443795761
10.2597222222222,1.27034724950492,1.09172689656059,2.16130235985875,43.1565735015133
10.2598214285714,1.27025195134931,1.09179926985947,2.16026886091726,43.1575024709006
10.2599206349206,1.27015662347986,1.09187157596179,2.15923585622692,43.1584312877537
10.2600198412698,1.27006126600399,1.09194381486799,2.15820334554778,43.1593599520884
10.260119047619,1.26996587902913,1.09201598657846,2.15717132864,43.1602884639205
10.2602182539683,1.26987046266278,1.09208809109358,2.15613980526385,43.1612168232656
10.2603174603175,1.26977501701244,1.0921601284137,2.15510877517969,43.1621450301394
10.2604166666667,1.26967954218564,1.09223209853912,2.15407823814801,43.1630730845575
10.2605158730159,1.26958403828997,1.09230400147013,2.15304819392939,43.1640009865355
10.2606150793651,1.26948850543301,1.09237583720695,2.15201864228453,43.1649287360889
10.2607142857143,1.26939294372239,1.09244760574983,2.15098958297423,43.1658563332333
10.2608134920635,1.26929735326578,1.09251930709892,2.14996101575939,43.1667837779841
10.2609126984127,1.26920173417086,1.09259094125439,2.14893294040103,43.1677110703568
10.2610119047619,1.26910608654536,1.09266250821635,2.14790535666028,43.1686382103667
10.2611111111111,1.26901041049702,1.0927340079849,2.14687826429835,43.1695651980292
10.2612103174603,1.26891470613363,1.09280544056008,2.14585166307658,43.1704920333597
10.2613095238095,1.268818973563,1.09287680594191,2.14482555275644,43.1714187163735
10.2614087301587,1.26872321289296,1.0929481041304,2.14379993309946,43.1723452470856
10.2615079365079,1.26862742423139,1.0930193351255,2.14277480386729,43.1732716255115
10.2616071428571,1.26853160768619,1.09309049892713,2.14175016482171,43.1741978516663
10.2617063492063,1.2684357633653,1.0931615955352,2.14072601572459,43.175123925565
10.2618055555556,1.26833989137666,1.09323262494957,2.13970235633789,43.1760498472229
10.2619047619048,1.26824399182828,1.09330358717007,2.13867918642372,43.1769756166549
10.262003968254,1.26814806482818,1.09337448219651,2.13765650574426,43.1779012338761
10.2621031746032,1.2680521104844,1.09344531002864,2.13663431406181,43.1788266989015
10.2622023809524,1.26795612890504,1.09351607066621,2.13561261113878,43.1797520117461
10.2623015873016,1.26786012019821,1.09358676410892,2.13459139673768,43.1806771724247
10.2624007936508,1.26776408447204,1.09365739035646,2.13357067062114,43.1816021809523
10.2625,1.26766802183472,1.09372794940845,2.13255043255188,43.1825270373436
10.2625992063492,1.26757193239443,1.0937984412645,2.13153068229273,43.1834517416136
10.2626984126984,1.26747581625943,1.09386886592421,2.13051141960664,43.1843762937769
10.2627976190476,1.26737967353797,1.09393922338711,2.12949264425666,43.1853006938483
10.2628968253968,1.26728350433835,1.09400951365271,2.12847435600595,43.1862249418425
10.262996031746,1.26718730876889,1.09407973672051,2.12745655461776,43.1871490377741
10.2630952380952,1.26709108693794,1.09414989258995,2.12643923985548,43.1880729816578
10.2631944444444,1.2669948389539,1.09421998126045,2.12542241148257,43.1889967735081
10.2632936507937,1.26689856492517,1.09429000273139,2.12440606926262,43.1899204133396
10.2633928571429,1.2668022649602,1.09435995700214,2.12339021295933,43.1908439011669
10.2634920634921,1.26670593916747,1.09442984407201,2.12237484233648,43.1917672370043
10.2635912698413,1.26660958765548,1.09449966394031,2.121359957158,43.1926904208663
10.2636904761905,1.26651321053277,1.09456941660628,2.12034555718789,43.1936134527674
10.2637896825397,1.2664168079079,1.09463910206916,2.11933164219026,43.1945363327218
10.2638888888889,1.26632037988947,1.09470872032814,2.11831821192936,43.1954590607439
10.2639880952381,1.26622392658611,1.09477827138239,2.1173052661695,43.196381636848
10.2640873015873,1.26612744810648,1.09484775523104,2.11629280467514,43.1973040610483
10.2641865079365,1.26603094455925,1.09491717187319,2.11528082721081,43.1982263333591
10.2642857142857,1.26593441605315,1.09498652130792,2.11426933354119,43.1991484537946
10.2643849206349,1.26583786269693,1.09505580353425,2.11325832343102,43.2000704223688
10.2644841269841,1.26574128459936,1.0951250185512,2.11224779664519,43.2009922390958
10.2645833333333,1.26564468186925,1.09519416635773,2.11123775294866,43.2019139039898
10.2646825396825,1.26554805461545,1.09526324695279,2.11022819210652,43.2028354170648
10.2647817460317,1.2654514029468,1.0953322603353,2.10921911388396,43.2037567783347
10.264880952381,1.26535472697223,1.09540120650412,2.10821051804628,43.2046779878135
10.2649801587302,1.26525802680065,1.09547008545811,2.10720240435888,43.2055990455152
10.2650793650794,1.26516130254102,1.09553889719608,2.10619477258728,43.2065199514536
10.2651785714286,1.26506455430233,1.09560764171681,2.10518762249708,43.2074407056425
10.2652777777778,1.26496778219361,1.09567631901906,2.10418095385403,43.2083613080958
10.265376984127,1.2648709863239,1.09574492910153,2.10317476642395,43.2092817588272
10.2654761904762,1.26477416680228,1.09581347196293,2.10216905997279,43.2102020578505
10.2655753968254,1.26467732373786,1.09588194760191,2.10116383426658,43.2111222051794
10.2656746031746,1.26458045723978,1.09595035601709,2.10015908907148,43.2120422008275
10.2657738095238,1.26448356741721,1.09601869720706,2.09915482415376,43.2129620448084
10.265873015873,1.26438665437936,1.09608697117038,2.09815103927979,43.2138817371357
10.2659722222222,1.26428971823545,1.09615517790559,2.09714773421604,43.214801277823
10.2660714285714,1.26419275909475,1.09622331741117,2.09614490872909,43.2157206668838
10.2661706349206,1.26409577706654,1.0962913896856,2.09514256258564,43.2166399043316
10.2662698412698,1.26399877226015,1.09635939472731,2.09414069555247,43.2175589901797
10.266369047619,1.26390174478493,1.09642733253469,2.0931393073965,43.2184779244416
10.2664682539683,1.26380469475026,1.09649520310612,2.09213839788473,43.2193967071307
10.2665674603175,1.26370762226556,1.09656300643993,2.09113796678428,43.2203153382603
10.2666666666667,1.26361052744026,1.09663074253444,2.09013801386238,43.2212338178436
10.2667658730159,1.26351341038384,1.09669841138791,2.08913853888637,43.222152145894
10.2668650793651,1.2634162712058,1.09676601299859,2.08813954162366,43.2230703224246
10.2669642857143,1.26331911001568,1.09683354736469,2.08714102184183,43.2239883474486
10.2670634920635,1.26322192692303,1.09690101448438,2.08614297930851,43.2249062209792
10.2671626984127,1.26312472203746,1.09696841435582,2.08514541379146,43.2258239430294
10.2672619047619,1.26302749546858,1.09703574697712,2.08414832505857,43.2267415136124
10.2673611111111,1.26293024732605,1.09710301234636,2.08315171287779,43.2276589327411
10.2674603174603,1.26283297771955,1.09717021046159,2.08215557701723,43.2285762004286
10.2675595238095,1.2627356867588,1.09723734132083,2.08115991724505,43.2294933166877
10.2676587301587,1.26263837455354,1.09730440492208,2.08016473332956,43.2304102815315
10.2677579365079,1.26254104121355,1.09737140126328,2.07917002503916,43.2313270949728
10.2678571428571,1.26244368684864,1.09743833034236,2.07817579214236,43.2322437570244
10.2679563492063,1.26234631156863,1.09750519215722,2.07718203440777,43.2331602676992
10.2680555555556,1.26224891548339,1.09757198670571,2.07618875160413,43.2340766270099
10.2681547619048,1.26215149870282,1.09763871398567,2.07519594350026,43.2349928349693
10.268253968254,1.26205406133684,1.09770537399489,2.07420360986509,43.23590889159
10.2683531746032,1.26195660349542,1.09777196673113,2.07321175046769,43.2368247968848
10.2684523809524,1.26185912528853,1.09783849219213,2.07222036507719,43.2377405508662
10.2685515873016,1.2617616268262,1.09790495037559,2.07122945346286,43.2386561535468
10.2686507936508,1.26166410821847,1.09797134127918,2.07023901539405,43.2395716049392
10.26875,1.26156656957541,1.09803766490053,2.06924905064026,43.2404869050559
10.2688492063492,1.26146901100714,1.09810392123727,2.06825955897106,43.2414020539093
10.2689484126984,1.26137143262379,1.09817011028695,2.06727054015613,43.2423170515119
10.2690476190476,1.26127383453553,1.09823623204712,2.06628199396528,43.2432318978761
10.2691468253968,1.26117621685255,1.0983022865153,2.06529392016839,43.2441465930143
10.269246031746,1.26107857968509,1.09836827368895,2.06430631853549,43.2450611369388
10.2693452380952,1.26098092314341,1.09843419356554,2.06331918883669,43.2459755296618
10.2694444444444,1.26088324733779,1.09850004614247,2.0623325308422,43.2468897711957
10.2695436507937,1.26078555237854,1.09856583141712,2.06134634432237,43.2478038615526
10.2696428571429,1.26068783837603,1.09863154938686,2.06036062904762,43.2487178007448
10.2697420634921,1.26059010544063,1.09869720004899,2.05937538478851,43.2496315887843
10.2698412698413,1.26049235368275,1.09876278340081,2.05839061131568,43.2505452256833
10.2699404761905,1.26039458321282,1.09882829943958,2.05740630839989,43.2514587114538
10.2700396825397,1.26029679414132,1.09889374816251,2.05642247581201,43.2523720461079
10.2701388888889,1.26019898657875,1.0989591295668,2.05543911332299,43.2532852296575
10.2702380952381,1.26010116063563,1.09902444364962,2.05445622070395,43.2541982621147
10.2703373015873,1.26000331642254,1.09908969040808,2.05347379772606,43.2551111434913
10.2704365079365,1.25990545405005,1.09915486983929,2.0524918441606,43.2560238737992
10.2705357142857,1.2598075736288,1.09921998194032,2.05151035977898,43.2569364530503
10.2706349206349,1.25970967526942,1.0992850267082,2.05052934435271,43.2578488812564
10.2707341269841,1.25961175908261,1.09935000413992,2.04954879765341,43.2587611584291
10.2708333333333,1.25951382517907,1.09941491423246,2.04856871945279,43.2596732845804
10.2709325396825,1.25941587366955,1.09947975698276,2.04758910952269,43.2605852597219
10.2710317460317,1.25931790466481,1.09954453238772,2.04660996763504,43.2614970838652
10.271130952381,1.25921991827567,1.09960924044423,2.04563129356188,43.2624087570219
10.2712301587302,1.25912191461295,1.09967388114911,2.04465308707537,43.2633202792037
10.2713293650794,1.25902389378751,1.09973845449919,2.04367534794776,43.2642316504221
10.2714285714286,1.25892585591025,1.09980296049124,2.04269807595141,43.2651428706886
10.2715277777778,1.25882780109209,1.099867399122,2.0417212708588,43.2660539400147
10.271626984127,1.25872972944399,1.09993177038821,2.0407449324425,43.2669648584118
10.2717261904762,1.25863164107692,1.09999607428653,2.03976906047521,43.2678756258914
10.2718253968254,1.2585335361019,1.10006031081362,2.03879365472972,43.2687862424647
10.2719246031746,1.25843541462998,1.1001244799661,2.03781871497892,43.2696967081431
10.2720238095238,1.25833727677223,1.10018858174057,2.03684424099583,43.270607022938
10.272123015873,1.25823912263976,1.10025261613357,2.03587023255355,43.2715171868605
10.2722222222222,1.25814095234369,1.10031658314163,2.03489668942531,43.2724271999218
10.2723214285714,1.25804276599519,1.10038048276124,2.03392361138443,43.2733370621333
10.2724206349206,1.25794456370547,1.10044431498887,2.03295099820435,43.2742467735059
10.2725198412698,1.25784634558573,1.10050807982094,2.03197884965862,43.2751563340508
10.272619047619,1.25774811174725,1.10057177725386,2.03100716552087,43.2760657437791
10.2727182539683,1.2576498623013,1.10063540728398,2.03003594556488,43.2769750027018
10.2728174603175,1.2575515973592,1.10069896990765,2.02906518956449,43.2778841108299
10.2729166666667,1.2574533170323,1.10076246512116,2.02809489729369,43.2787930681744
10.2730158730159,1.25735502143197,1.10082589292079,2.02712506852655,43.2797018747461
10.2731150793651,1.25725671066962,1.10088925330276,2.02615570303724,43.280610530556
10.2732142857143,1.25715838485668,1.1009525462633,2.02518680060008,43.2815190356149
10.2733134920635,1.25706004410463,1.10101577179857,2.02421836098946,43.2824273899336
10.2734126984127,1.25696168852496,1.10107892990472,2.02325038397987,43.2833355935229
10.2735119047619,1.2568633182292,1.10114202057786,2.02228286934594,43.2842436463935
10.2736111111111,1.25676493332891,1.10120504381407,2.02131581686238,43.2851515485562
10.2737103174603,1.25666653393566,1.1012679996094,2.02034922630403,43.2860593000215
10.2738095238095,1.25656812016109,1.10133088795985,2.01938309744581,43.2869669008001
10.2739087301587,1.25646969211684,1.10139370886143,2.01841743006277,43.2878743509026
10.2740079365079,1.25637124991459,1.10145646231007,2.01745222393005,43.2887816503396
10.2741071428571,1.25627279366604,1.10151914830171,2.01648747882291,43.2896887991215
10.2742063492063,1.25617432348294,1.10158176683222,2.01552319451671,43.2905957972588
10.2743055555556,1.25607583947705,1.10164431789746,2.01455937078693,43.291502644762
10.2744047619048,1.25597734176018,1.10170680149327,2.01359600740914,43.2924093416415
10.274503968254,1.25587883044415,1.10176921761543,2.01263310415902,43.2933158879076
10.2746031746032,1.25578030564083,1.1018315662597,2.01167066081234,43.2942222835707
10.2747023809524,1.2556817674621,1.10189384742182,2.01070867714505,43.2951285286411
10.2748015873016,1.25558321601988,1.10195606109749,2.00974715293312,43.2960346231289
10.2749007936508,1.25548465142613,1.10201820728236,2.00878608795266,43.2969405670445
10.275,1.25538607379283,1.10208028597207,2.00782548197991,43.297846360398
10.2750992063492,1.25528748323198,1.10214229716223,2.00686533479117,43.2987520031996
10.2751984126984,1.25518887985562,1.10220424084841,2.0059056461629,43.2996574954593
10.2752976190476,1.25509026377584,1.10226611702614,2.00494641587161,43.3005628371872
10.2753968253968,1.25499163510472,1.10232792569093,2.00398764369398,43.3014680283934
10.275496031746,1.25489299395441,1.10238966683826,2.00302932940674,43.3023730690879
10.2755952380952,1.25479434043706,1.10245134046357,2.00207147278676,43.3032779592805
10.2756944444444,1.25469567466487,1.10251294656227,2.00111407361101,43.3041826989813
10.2757936507937,1.25459699675005,1.10257448512975,2.00015713165656,43.3050872882002
10.2758928571429,1.25449830680487,1.10263595616134,1.99920064670061,43.3059917269469
10.2759920634921,1.2543996049416,1.10269735965237,1.99824461852042,43.3068960152312
10.2760912698413,1.25430089127256,1.10275869559812,1.9972890468934,43.3078001530631
10.2761904761905,1.25420216591008,1.10281996399385,1.99633393159706,43.3087041404521
10.2762896825397,1.25410342896655,1.10288116483477,1.99537927240902,43.3096079774079
10.2763888888889,1.25400468055437,1.10294229811607,1.99442506910698,43.3105116639404
10.2764880952381,1.25390592078597,1.10300336383292,1.99347132146877,43.311415200059
10.2765873015873,1.25380714977382,1.10306436198042,1.99251802927232,43.3123185857734
10.2766865079365,1.2537083676304,1.10312529255369,1.99156519229568,43.313221821093
10.2767857142857,1.25360957446825,1.10318615554778,1.99061281031698,43.3141249060276
10.2768849206349,1.25351077039992,1.10324695095772,1.98966088311449,43.3150278405864
10.2769841269841,1.25341195553799,1.10330767877851,1.98870941046656,43.3159306247789
10.2770833333333,1.25331312999508,1.10336833900512,1.98775839215166,43.3168332586146
10.2771825396825,1.25321429388384,1.10342893163248,1.98680782794836,43.3177357421028
10.2772817460317,1.25311544731694,1.10348945665548,1.98585771763535,43.3186380752529
10.277380952381,1.25301659040708,1.10354991406902,1.98490806099142,43.3195402580741
10.2774801587302,1.25291772326701,1.10361030386791,1.98395885779545,43.3204422905756
10.2775793650794,1.25281884600948,1.10367062604698,1.98301010782645,43.3213441727668
10.2776785714286,1.2527199587473,1.10373088060099,1.98206181086354,43.3222459046568
10.2777777777778,1.25262106159329,1.10379106752469,1.98111396668594,43.3231474862547
10.277876984127,1.25252215466032,1.1038511868128,1.98016657507296,43.3240489175696
10.2779761904762,1.25242323806125,1.10391123845998,1.97921963580403,43.3249501986107
10.2780753968254,1.25232431190903,1.1039712224609,1.9782731486587,43.3258513293869
10.2781746031746,1.25222537631658,1.10403113881016,1.97732711341661,43.3267523099072
10.2782738095238,1.25212643139689,1.10409098750235,1.97638152985751,43.3276531401806
10.278373015873,1.25202747726297,1.10415076853203,1.97543639776126,43.3285538202161
10.2784722222222,1.25192851402786,1.10421048189371,1.97449171690783,43.3294543500224
10.2785714285714,1.25182954180462,1.10427012758189,1.97354748707729,43.3303547296085
10.2786706349206,1.25173056070635,1.10432970559102,1.97260370804982,43.3312549589832
10.2787698412698,1.25163157084619,1.10438921591552,1.97166037960571,43.3321550381552
10.278869047619,1.25153257233728,1.1044486585498,1.97071750152536,43.3330549671332
10.2789682539683,1.25143356529283,1.10450803348821,1.96977507358926,43.3339547459261
10.2790674603175,1.25133454982604,1.10456734072509,1.96883309557802,43.3348543745424
10.2791666666667,1.25123552605017,1.10462658025473,1.96789156727237,43.3357538529907
10.2792658730159,1.25113649407851,1.10468575207139,1.96695048845312,43.3366531812797
10.2793650793651,1.25103745402435,1.10474485616932,1.96600985890121,43.3375523594179
10.2794642857143,1.25093840600105,1.10480389254272,1.96506967839767,43.3384513874139
10.2795634920635,1.25083935012196,1.10486286118575,1.96412994672364,43.339350265276
10.2796626984127,1.2507402865005,1.10492176209257,1.96319066366039,43.3402489930127
10.2797619047619,1.25064121520926,1.104980595275,1.96225182898165,43.3411475706507
10.2798611111111,1.25054213376526,1.10503936185371,1.96131344199261,43.3420459993528
10.2799603174603,1.25044304065595,1.1050980625234,1.96037550220287,43.3429442798441
10.2800595238095,1.25034393588772,1.10515669731806,1.95943800940957,43.3438424121727
10.2801587301587,1.25024481946697,1.10521526627169,1.95850096340992,43.3447403963862
10.2802579365079,1.25014569140018,1.10527376941823,1.95756436400119,43.3456382325325
10.2803571428571,1.25004655169382,1.10533220679161,1.95662821098073,43.3465359206593
10.2804563492063,1.24994740035443,1.10539057842572,1.95569250414594,43.3474334608144
10.2805555555556,1.24984823738859,1.10544888435443,1.95475724329427,43.3483308530455
10.2806547619048,1.24974906280291,1.10550712461157,1.9538224282233,43.3492280974001
10.280753968254,1.24964987660404,1.10556529923096,1.95288805873061,43.350125193926
10.2808531746032,1.24955067879868,1.10562340824639,1.95195413461386,43.3510221426708
10.2809523809524,1.24945146939354,1.10568145169161,1.9510206556708,43.351918943682
10.2810515873016,1.24935224839542,1.10573942960035,1.95008762169921,43.3528155970071
10.2811507936508,1.24925301581111,1.10579734200631,1.94915503249696,43.3537121026937
10.28125,1.24915377164746,1.10585518894317,1.94822288786198,43.3546084607892
10.2813492063492,1.24905451591136,1.10591297044456,1.94729118759226,43.3555046713412
10.2814484126984,1.24895524860975,1.10597068654412,1.94635993148587,43.3564007343969
10.2815476190476,1.24885596974958,1.10602833727541,1.94542911934093,43.3572966500038
10.2816468253968,1.24875667933786,1.10608592267202,1.94449875095563,43.3581924182092
10.281746031746,1.24865737738165,1.10614344276747,1.94356882612822,43.3590880390605
10.2818452380952,1.24855806388802,1.10620089759528,1.94263934465703,43.3599835126049
10.2819444444444,1.24845873886411,1.10625828718891,1.94171030634044,43.3608788388897
10.2820436507937,1.24835940231706,1.10631561158182,1.9407817109769,43.3617740179622
10.2821428571429,1.2482600542541,1.10637287080743,1.93985355836494,43.3626690498695
10.2822420634921,1.24816069468246,1.10643006489914,1.93892584830314,43.3635639346587
10.2823412698413,1.24806132360942,1.10648719389031,1.93799858059014,43.3644586723771
10.2824404761905,1.24796194104231,1.1065442578143,1.93707175502466,43.3653532630718
10.2825396825397,1.24786254698849,1.1066012567044,1.93614537140548,43.3662477067897
10.2826388888889,1.24776314145535,1.1066581905939,1.93521942953144,43.3671420035779
10.2827380952381,1.24766372445035,1.10671505951606,1.93429392920145,43.3680361534835
10.2828373015873,1.24756429598095,1.1067718635041,1.93336887021449,43.3689301565534
10.2829365079365,1.24746485605468,1.10682860259124,1.9324442523696,43.3698240128346
10.2830357142857,1.24736540467909,1.10688527681064,1.93152007546588,43.370717722374
10.2831349206349,1.24726594186179,1.10694188619544,1.93059633930252,43.3716112852184
10.2832341269841,1.24716646761041,1.10699843077877,1.92967304367873,43.3725047014148
10.2833333333333,1.24706698193262,1.10705491059371,1.92875018839383,43.3733979710099
10.2834325396825,1.24696748483615,1.10711132567333,1.92782777324719,43.3742910940506
10.2835317460317,1.24686797632874,1.10716767605066,1.92690579803822,43.3751840705836
10.283630952381,1.2467684564182,1.1072239617587,1.92598426256644,43.3760769006555
10.2837301587302,1.24666892511235,1.10728018283044,1.92506316663142,43.3769695843133
10.2838293650794,1.24656938241907,1.10733633929883,1.92414251003278,43.3778621216034
10.2839285714286,1.24646982834628,1.10739243119679,1.92322229257022,43.3787545125725
10.2840277777778,1.24637026290192,1.10744845855721,1.92230251404348,43.3796467572673
10.284126984127,1.24627068609399,1.10750442141296,1.92138317425242,43.3805388557343
10.2842261904762,1.24617109793051,1.10756031979689,1.9204642729969,43.38143080802
10.2843253968254,1.24607149841956,1.1076161537418,1.91954581007689,43.382322614171
10.2844246031746,1.24597188756925,1.10767192328048,1.91862778529241,43.3832142742337
10.2845238095238,1.24587226538773,1.10772762844569,1.91771019844355,43.3841057882546
10.284623015873,1.24577263188318,1.10778326927014,1.91679304933046,43.3849971562802
10.2847222222222,1.24567298706384,1.10783884578656,1.91587633775336,43.3858883783567
10.2848214285714,1.24557333093797,1.1078943580276,1.91496006351254,43.3867794545306
10.2849206349206,1.24547366351387,1.10794980602591,1.91404422640834,43.3876703848481
10.2850198412698,1.2453739847999,1.10800518981412,1.91312882624116,43.3885611693557
10.285119047619,1.24527429480444,1.10806050942481,1.91221386281151,43.3894518080994
10.2852182539683,1.24517459353592,1.10811576489054,1.91129933591992,43.3903423011257
10.2853174603175,1.24507488100279,1.10817095624384,1.910385245367,43.3912326484805
10.2854166666667,1.24497515721357,1.10822608351723,1.90947159095343,43.3921228502102
10.2855158730159,1.24487542217679,1.10828114674318,1.90855837247996,43.3930129063609
10.2856150793651,1.24477567590105,1.10833614595415,1.90764558974738,43.3939028169787
10.2857142857143,1.24467591839495,1.10839108118255,1.90673324255657,43.3947925821096
10.2858134920635,1.24457614966716,1.10844595246078,1.90582133070847,43.3956822017997
10.2859126984127,1.24447636972639,1.10850075982121,1.90490985400408,43.396571676095
10.2860119047619,1.24437657858137,1.10855550329618,1.90399881224446,43.3974610050415
10.2861111111111,1.24427677624089,1.108610182918,1.90308820523076,43.3983501886852
10.2862103174603,1.24417696271375,1.10866479871895,1.90217803276418,43.3992392270719
10.2863095238095,1.24407713800883,1.1087193507313,1.90126829464597,43.4001281202475
10.2864087301587,1.24397730213501,1.10877383898726,1.90035899067747,43.401016868258
10.2865079365079,1.24387745510124,1.10882826351905,1.89945012066006,43.4019054711491
10.2866071428571,1.24377759691649,1.10888262435883,1.89854168439522,43.4027939289667
10.2867063492063,1.24367772758978,1.10893692153875,1.89763368168448,43.4036822417564
10.2868055555556,1.24357784713016,1.10899115509093,1.89672611232942,43.4045704095641
10.2869047619048,1.24347795554673,1.10904532504745,1.8958189761317,43.4054584324353
10.287003968254,1.24337805284862,1.10909943144038,1.89491227289304,43.4063463104159
10.2871031746032,1.243278139045,1.10915347430175,1.89400600241524,43.4072340435515
10.2872023809524,1.24317821414509,1.10920745366358,1.89310016450013,43.4081216318876
10.2873015873016,1.24307827815815,1.10926136955783,1.89219475894966,43.4090090754698
10.2874007936508,1.24297833109345,1.10931522201646,1.89128978556579,43.4098963743436
10.2875,1.24287837296034,1.10936901107139,1.89038524415057,43.4107835285547
10.2875992063492,1.24277840376818,1.10942273675452,1.88948113450613,43.4116705381485
10.2876984126984,1.24267842352639,1.10947639909771,1.88857745643464,43.4125574031703
10.2877976190476,1.24257843224441,1.10952999813281,1.88767420973835,43.4134441236658
10.2878968253968,1.24247842993173,1.10958353389162,1.88677139421958,43.4143306996801
10.287996031746,1.24237841659788,1.10963700640593,1.88586900968067,43.4152171312588
10.2880952380952,1.24227839225243,1.1096904157075,1.88496705592411,43.4161034184471
10.2881944444444,1.24217835690498,1.10974376182806,1.88406553275239,43.4169895612903
10.2882936507937,1.24207831056518,1.1097970447993,1.88316443996808,43.4178755598337
10.2883928571429,1.24197825324272,1.1098502646529,1.88226377737381,43.4187614141225
10.2884920634921,1.24187818494732,1.10990342142051,1.8813635447723,43.419647124202
10.2885912698413,1.24177810568875,1.10995651513374,1.88046374196631,43.4205326901173
10.2886904761905,1.2416780154768,1.11000954582418,1.87956436875868,43.4214181119135
10.2887896825397,1.24157791432133,1.11006251352339,1.8786654249523,43.4223033896358
10.2888888888889,1.24147780223221,1.11011541826291,1.87776691035015,43.4231885233292
10.2889880952381,1.24137767921937,1.11016826007425,1.87686882475524,43.4240735130388
10.2890873015873,1.24127754529277,1.11022103898888,1.87597116797069,43.4249583588096
10.2891865079365,1.24117740046241,1.11027375503825,1.87507393979965,43.4258430606865
10.2892857142857,1.24107724473833,1.11032640825379,1.87417714004535,43.4267276187147
10.2893849206349,1.24097707813061,1.11037899866689,1.87328076851108,43.4276120329389
10.2894841269841,1.24087690064937,1.11043152630893,1.87238482500018,43.428496303404
10.2895833333333,1.24077671230476,1.11048399121123,1.87148930931611,43.429380430155
10.2896825396825,1.24067651310699,1.11053639340511,1.87059422126234,43.4302644132366
10.2897817460317,1.2405763030663,1.11058873292186,1.86969956064243,43.4311482526937
10.289880952381,1.24047608219295,1.11064100979273,1.86880532725999,43.432031948571
10.2899801587302,1.24037585049726,1.11069322404895,1.86791152091871,43.4329155009133
10.2900793650794,1.2402756079896,1.11074537572172,1.86701814142234,43.4337989097652
10.2901785714286,1.24017535468035,1.11079746484221,1.8661251885747,43.4346821751715
10.2902777777778,1.24007509057995,1.11084949144158,1.86523266217966,43.4355652971767
10.290376984127,1.23997481569888,1.11090145555093,1.86434056204118,43.4364482758255
10.2904761904762,1.23987453004764,1.11095335720136,1.86344888796327,43.4373311111626
10.2905753968254,1.23977423363678,1.11100519642392,1.86255763975,43.4382138032323
10.2906746031746,1.23967392647691,1.11105697324966,1.86166681720551,43.4390963520793
10.2907738095238,1.23957360857865,1.11110868770958,1.86077642013402,43.439978757748
10.290873015873,1.23947327995267,1.11116033983466,1.8598864483398,43.4408610202829
10.2909722222222,1.23937294060969,1.11121192965584,1.85899690162717,43.4417431397285
10.2910714285714,1.23927259056044,1.11126345720406,1.85810777980057,43.442625116129
10.2911706349206,1.23917222981572,1.1113149225102,1.85721908266445,43.443506949529
10.2912698412698,1.23907185838637,1.11136632560514,1.85633081002335,43.4443886399726
10.291369047619,1.23897147628323,1.11141766651971,1.85544296168187,43.4452701875042
10.2914682539683,1.23887108351723,1.11146894528472,1.85455553744467,43.4461515921682
10.2915674603175,1.23877068009931,1.11152016193097,1.85366853711649,43.4470328540086
10.2916666666667,1.23867026604046,1.1115713164892,1.85278196050212,43.4479139730698
10.2917658730159,1.23856984135169,1.11162240899015,1.85189580740643,43.4487949493959
10.2918650793651,1.23846940604408,1.11167343946451,1.85101007763434,43.449675783031
10.2919642857143,1.23836896012873,1.11172440794296,1.85012477099084,43.4505564740193
10.2920634920635,1.23826850361678,1.11177531445615,1.849239887281,43.4514370224049
10.2921626984127,1.23816803651941,1.11182615903468,1.84835542630995,43.4523174282318
10.2922619047619,1.23806755884785,1.11187694170916,1.84747138788286,43.4531976915439
10.2923611111111,1.23796707061336,1.11192766251014,1.84658777180499,43.4540778123854
10.2924603174603,1.23786657182723,1.11197832146815,1.84570457788166,43.4549577908002
10.2925595238095,1.23776606250082,1.11202891861371,1.84482180591826,43.4558376268322
10.2926587301587,1.23766554264549,1.11207945397729,1.84393945572025,43.4567173205253
10.2927579365079,1.23756501227268,1.11212992758935,1.84305752709314,43.4575968719233
10.2928571428571,1.23746447139383,1.11218033948029,1.8421760198425,43.4584762810702
10.2929563492063,1.23736392002044,1.11223068968053,1.84129493377399,43.4593555480096
10.2930555555556,1.23726335816406,1.11228097822043,1.84041426869333,43.4602346727854
10.2931547619048,1.23716278583625,1.11233120513033,1.83953402440627,43.4611136554413
10.293253968254,1.23706220304864,1.11238137044053,1.83865420071868,43.4619924960211
10.2933531746032,1.23696160981288,1.11243147418133,1.83777479743646,43.4628711945684
10.2934523809524,1.23686100614067,1.11248151638298,1.83689581436559,43.4637497511268
10.2935515873016,1.23676039204373,1.1125314970757,1.8360172513121,43.46462816574
10.2936507936508,1.23665976753385,1.11258141628971,1.8351391080821,43.4655064384515
10.29375,1.23655913262283,1.11263127405516,1.83426138448176,43.466384569305
10.2938492063492,1.23645848732253,1.11268107040222,1.83338408031731,43.4672625583439
10.2939484126984,1.23635783164484,1.11273080536099,1.83250719539505,43.4681404056117
10.2940476190476,1.23625716560169,1.11278047896156,1.83163072952137,43.4690181111519
10.2941468253968,1.23615648920506,1.11283009123401,1.83075468250268,43.4698956750079
10.294246031746,1.23605580246694,1.11287964220835,1.82987905414549,43.4707730972232
10.2943452380952,1.2359551053994,1.11292913191459,1.82900384425636,43.471650377841
10.2944444444444,1.23585439801452,1.11297856038273,1.82812905264191,43.4725275169048
10.2945436507937,1.23575368032443,1.11302792764269,1.82725467910884,43.4734045144577
10.2946428571429,1.2356529523413,1.11307723372442,1.82638072346392,43.4742813705432
10.2947420634921,1.23555221407732,1.1131264786578,1.82550718551395,43.4751580852044
10.2948412698413,1.23545146554476,1.11317566247271,1.82463406506584,43.4760346584846
10.2949404761905,1.2353507067559,1.11322478519897,1.82376136192654,43.4769110904269
10.2950396825397,1.23524993772305,1.1132738468664,1.82288907590308,43.4777873810745
10.2951388888889,1.23514915845859,1.1133228475048,1.82201720680252,43.4786635304705
10.2952380952381,1.23504836897492,1.1133717871439,1.82114575443204,43.479539538658
10.2953373015873,1.23494756928448,1.11342066581345,1.82027471859885,43.4804154056801
10.2954365079365,1.23484675939976,1.11346948354314,1.81940409911021,43.4812911315797
10.2955357142857,1.23474593933328,1.11351824036265,1.8185338957735,43.4821667164
10.2956349206349,1.23464510909759,1.11356693630162,1.81766410839611,43.4830421601837
10.2957341269841,1.23454426870531,1.11361557138966,1.81679473678554,43.4839174629739
10.2958333333333,1.23444341816907,1.11366414565637,1.81592578074933,43.4847926248135
10.2959325396825,1.23434255750154,1.11371265913131,1.81505724009507,43.4856676457453
10.2960317460317,1.23424168671546,1.11376111184401,1.81418911463045,43.4865425258122
10.296130952381,1.23414080582358,1.11380950382399,1.81332140416322,43.4874172650569
10.2962301587302,1.23403991483869,1.11385783510071,1.81245410850116,43.4882918635224
10.2963293650794,1.23393901377364,1.11390610570363,1.81158722745217,43.4891663212512
10.2964285714286,1.23383810264129,1.11395431566217,1.81072076082416,43.4900406382862
10.2965277777778,1.23373718145458,1.11400246500573,1.80985470842515,43.4909148146699
10.296626984127,1.23363625022644,1.11405055376367,1.8089890700632,43.4917888504451
10.2967261904762,1.23353530896988,1.11409858196534,1.80812384554645,43.4926627456544
10.2968253968254,1.23343435769794,1.11414654964004,1.80725903468309,43.4935365003404
10.2969246031746,1.23333339642368,1.11419445681706,1.80639463728138,43.4944101145456
10.2970238095238,1.23323242516021,1.11424230352566,1.80553065314966,43.4952835883125
10.297123015873,1.2331314439207,1.11429008979506,1.80466708209633,43.4961569216836
10.2972222222222,1.23303045271833,1.11433781565447,1.80380392392983,43.4970301147015
10.2973214285714,1.23292945156634,1.11438548113305,1.80294117845871,43.4979031674086
10.2974206349206,1.23282844047799,1.11443308625996,1.80207884549154,43.4987760798472
10.2975198412698,1.2327274194666,1.11448063106431,1.80121692483698,43.4996488520597
10.297619047619,1.23262638854551,1.11452811557518,1.80035541630376,43.5005214840884
10.2977182539683,1.23252534772811,1.11457553982165,1.79949431970066,43.5013939759758
10.2978174603175,1.23242429702784,1.11462290383275,1.79863363483654,43.502266327764
10.2979166666667,1.23232323645815,1.11467020763747,1.79777336152031,43.5031385394953
10.2980158730159,1.23222216603256,1.11471745126481,1.79691349956095,43.5040106112119
10.2981150793651,1.23212108576462,1.11476463474371,1.79605404876752,43.504882542956
10.2982142857143,1.2320199956679,1.11481175810309,1.79519500894913,43.5057543347697
10.2983134920635,1.23191889575604,1.11485882137185,1.79433637991496,43.5066259866953
10.2984126984127,1.23181778604269,1.11490582457886,1.79347816147424,43.5074974987747
10.2985119047619,1.23171666654157,1.11495276775295,1.7926203534363,43.50836887105
10.2986111111111,1.23161553726642,1.11499965092294,1.79176295561052,43.5092401035633
10.2987103174603,1.23151439823102,1.11504647411761,1.79090596780632,43.5101111963566
10.2988095238095,1.23141324944918,1.11509323736572,1.79004938983322,43.5109821494718
10.2989087301587,1.23131209093478,1.115139940696,1.78919322150079,43.5118529629508
10.2990079365079,1.23121092270172,1.11518658413714,1.78833746261867,43.5127236368356
10.2991071428571,1.23110974476393,1.11523316771782,1.78748211299655,43.513594171168
10.2992063492063,1.23100855713539,1.11527969146669,1.78662717244422,43.51446456599
10.2993055555556,1.23090735983013,1.11532615541236,1.78577264077149,43.5153348213432
10.2994047619048,1.2308061528622,1.11537255958342,1.78491851778828,43.5162049372695
10.299503968254,1.2307049362457,1.11541890400843,1.78406480330454,43.5170749138106
10.2996031746032,1.23060370999477,1.11546518871594,1.7832114971303,43.5179447510082
10.2997023809524,1.23050247412358,1.11551141373443,1.78235859907566,43.5188144489041
10.2998015873016,1.23040122864636,1.1155575790924,1.78150610895079,43.5196840075399
10.2999007936508,1.23029997357735,1.11560368481829,1.78065402656589,43.5205534269572
10.3,1.23019870893085,1.11564973094053,1.77980235173128,43.5214227071976
10.3000992063492,1.2300974347212,1.1156957174875,1.7789510842573,43.5222918483026
10.3001984126984,1.22999615096277,1.11574164448759,1.77810022395438,43.5231608503139
10.3002976190476,1.22989485766997,1.11578751196912,1.77724977063301,43.5240297132728
10.3003968253968,1.22979355485726,1.11583331996041,1.77639972410373,43.5248984372209
10.300496031746,1.22969224253913,1.11587906848974,1.77555008417718,43.5257670221996
10.3005952380952,1.2295909207301,1.11592475758538,1.77470085066402,43.5266354682504
10.3006944444444,1.22948958944476,1.11597038727554,1.77385202337501,43.5275037754145
10.3007936507937,1.2293882486977,1.11601595758843,1.77300360212097,43.5283719437334
10.3008928571429,1.22928689850359,1.11606146855222,1.77215558671277,43.5292399732483
10.3009920634921,1.2291855388771,1.11610692019506,1.77130797696136,43.5301078640005
10.3010912698413,1.22908416983297,1.11615231254506,1.77046077267776,43.5309756160313
10.3011904761905,1.22898279138597,1.11619764563031,1.76961397367303,43.5318432293819
10.3012896825397,1.22888140355089,1.11624291947888,1.76876757975832,43.5327107040935
10.3013888888889,1.2287800063426,1.11628813411879,1.76792159074483,43.5335780402073
10.3014880952381,1.22867859977597,1.11633328957807,1.76707600644385,43.5344452377644
10.3015873015873,1.22857718386593,1.11637838588467,1.76623082666671,43.5353122968058
10.3016865079365,1.22847575862744,1.11642342306656,1.76538605122481,43.5361792173726
10.3017857142857,1.22837432407552,1.11646840115165,1.76454167992962,43.5370459995059
10.3018849206349,1.22827288022519,1.11651332016785,1.76369771259268,43.5379126432467
10.3019841269841,1.22817142709156,1.11655818014302,1.76285414902558,43.5387791486359
10.3020833333333,1.22806996468972,1.11660298110499,1.76201098903999,43.5396455157145
10.3021825396825,1.22796849303486,1.11664772308158,1.76116823244764,43.5405117445235
10.3022817460317,1.22786701214217,1.11669240610058,1.76032587906033,43.5413778351035
10.302380952381,1.22776552202689,1.11673703018974,1.75948392868991,43.5422437874956
10.3024801587302,1.2276640227043,1.11678159537679,1.75864238114832,43.5431096017406
10.3025793650794,1.22756251418972,1.11682610168942,1.75780123624754,43.5439752778791
10.3026785714286,1.22746099649851,1.11687054915532,1.75696049379964,43.544840815952
10.3027777777778,1.22735946964607,1.11691493780212,1.75612015361673,43.545706216
10.302876984127,1.22725793364783,1.11695926765745,1.755280215511,43.5465714780639
10.3029761904762,1.22715638851927,1.1170035387489,1.75444067929472,43.5474366021841
10.3030753968254,1.22705483427591,1.11704775110401,1.7536015447802,43.5483015884014
10.3031746031746,1.22695327093331,1.11709190475034,1.75276281177982,43.5491664367564
10.3032738095238,1.22685169850705,1.11713599971538,1.75192448010604,43.5500311472896
10.303373015873,1.22675011701278,1.11718003602662,1.75108654957136,43.5508957200416
10.3034722222222,1.22664852646616,1.1172240137115,1.75024901998838,43.5517601550529
10.3035714285714,1.22654692688291,1.11726793279745,1.74941189116972,43.552624452364
10.3036706349206,1.22644531827879,1.11731179331186,1.74857516292812,43.5534886120152
10.3037698412698,1.22634370066958,1.1173555952821,1.74773883507634,43.554352634047
10.303869047619,1.22624207407112,1.1173993387355,1.74690290742723,43.5552165184999
10.3039682539683,1.22614043849927,1.11744302369939,1.7460673797937,43.556080265414
10.3040674603175,1.22603879396995,1.11748665020104,1.74523225198871,43.5569438748298
10.3041666666667,1.22593714049911,1.11753021826772,1.74439752382531,43.5578073467876
10.3042658730159,1.22583547810274,1.11757372792664,1.7435631951166,43.5586706813275
10.3043650793651,1.22573380679686,1.11761717920501,1.74272926567574,43.5595338784899
10.3044642857143,1.22563212659754,1.11766057213001,1.74189573531599,43.5603969383149
10.3045634920635,1.22553043752089,1.11770390672877,1.74106260385063,43.5612598608426
10.3046626984127,1.22542873958306,1.11774718302841,1.74022987109304,43.5621226461133
10.3047619047619,1.22532703280023,1.11779040105603,1.73939753685664,43.5629852941669
10.3048611111111,1.22522531718863,1.11783356083868,1.73856560095493,43.5638478050437
10.3049603174603,1.22512359276452,1.11787666240341,1.73773406320147,43.5647101787835
10.3050595238095,1.22502185954421,1.11791970577721,1.7369029234099,43.5655724154265
10.3051587301587,1.22492011754404,1.11796269098706,1.73607218139389,43.5664345150125
10.3052579365079,1.22481836678039,1.11800561805991,1.73524183696722,43.5672964775816
10.3053571428571,1.22471660726969,1.1180484870227,1.7344118899437,43.5681583031736
10.3054563492063,1.2246148390284,1.1180912979023,1.73358234013722,43.5690199918285
10.3055555555556,1.22451306207301,1.1181340507256,1.73275318736174,43.5698815435861
10.3056547619048,1.22441127642008,1.11817674551942,1.73192443143128,43.5707429584861
10.305753968254,1.22430948208617,1.11821938231059,1.73109607215992,43.5716042365685
10.3058531746032,1.22420767908791,1.11826196112587,1.73026810936181,43.5724653778729
10.3059523809524,1.22410586744196,1.11830448199204,1.72944054285118,43.5733263824391
10.3060515873016,1.22400404716502,1.11834694493582,1.72861337244229,43.5741872503067
10.3061507936508,1.22390221827382,1.1183893499839,1.72778659794951,43.5750479815155
10.30625,1.22380038078514,1.11843169716297,1.72696021918724,43.5759085761051
10.3063492063492,1.2236985347158,1.11847398649967,1.72613423596996,43.576769034115
10.3064484126984,1.22359668008265,1.1185162180206,1.72530864811221,43.5776293555849
10.3065476190476,1.22349481690259,1.11855839175237,1.7244834554286,43.5784895405542
10.3066468253968,1.22339294519255,1.11860050772154,1.7236586577338,43.5793495890626
10.306746031746,1.2232910649695,1.11864256595464,1.72283425484256,43.5802095011494
10.3068452380952,1.22318917625047,1.11868456647817,1.72201024656968,43.5810692768541
10.3069444444444,1.2230872790525,1.11872650931861,1.72118663273002,43.5819289162161
10.3070436507937,1.22298537339268,1.11876839450241,1.72036341313853,43.5827884192749
10.3071428571429,1.22288345928815,1.11881022205601,1.71954058761021,43.5836477860697
10.3072420634921,1.22278153675608,1.11885199200578,1.71871815596012,43.5845070166399
10.3073412698413,1.22267960581367,1.1188937043781,1.71789611800339,43.5853661110248
10.3074404761905,1.22257766647818,1.11893535919932,1.71707447355522,43.5862250692636
10.3075396825397,1.22247571876689,1.11897695649573,1.71625322243088,43.5870838913956
10.3076388888889,1.22237376269714,1.11901849629362,1.7154323644457,43.5879425774599
10.3077380952381,1.2222717982863,1.11905997861925,1.71461189941505,43.5888011274958
10.3078373015873,1.22216982555176,1.11910140349885,1.71379182715442,43.5896595415424
10.3079365079365,1.22206784451098,1.11914277095862,1.71297214747931,43.5905178196387
10.3080357142857,1.22196585518144,1.11918408102473,1.71215286020533,43.5913759618238
10.3081349206349,1.22186385758067,1.11922533372332,1.71133396514811,43.5922339681369
10.3082341269841,1.22176185172624,1.11926652908052,1.71051546212339,43.5930918386168
10.3083333333333,1.22165983763574,1.11930766712241,1.70969735094696,43.5939495733026
10.3084325396825,1.22155781532682,1.11934874787505,1.70887963143465,43.5948071722332
10.3085317460317,1.22145578481717,1.11938977136448,1.7080623034024,43.5956646354476
10.308630952381,1.2213537461245,1.11943073761671,1.70724536666617,43.5965219629845
10.3087301587302,1.22125169926658,1.11947164665771,1.70642882104203,43.597379154883
10.3088293650794,1.22114964426121,1.11951249851343,1.70561266634607,43.5982362111818
10.3089285714286,1.22104758112623,1.11955329320979,1.70479690239448,43.5990931319196
10.3090277777778,1.22094550987952,1.11959403077269,1.70398152900352,43.5999499171354
10.309126984127,1.220843430539,1.11963471122801,1.70316654598947,43.6008065668677
10.3092261904762,1.22074134312263,1.11967533460156,1.70235195316873,43.6016630811552
10.3093253968254,1.22063924764841,1.11971590091918,1.70153775035772,43.6025194600368
10.3094246031746,1.22053714413437,1.11975641020664,1.70072393737296,43.6033757035509
10.3095238095238,1.2204350325986,1.11979686248969,1.69991051403101,43.6042318117363
10.309623015873,1.2203329130592,1.11983725779407,1.69909748014852,43.6050877846314
10.3097222222222,1.22023078553434,1.11987759614548,1.69828483554217,43.6059436222748
10.3098214285714,1.2201286500422,1.11991787756959,1.69747258002875,43.606799324705
10.3099206349206,1.22002650660103,1.11995810209204,1.69666071342508,43.6076548919606
10.3100198412698,1.2199243552291,1.11999826973846,1.69584923554806,43.6085103240799
10.310119047619,1.21982219594471,1.12003838053442,1.69503814621466,43.6093656211014
10.3102182539683,1.21972002876624,1.1200784345055,1.6942274452419,43.6102207830635
10.3103174603175,1.21961785371205,1.12011843167722,1.69341713244686,43.6110758100045
10.3104166666667,1.2195156708006,1.12015837207509,1.69260720764674,43.6119307019628
10.3105158730159,1.21941348005035,1.1201982557246,1.69179767065873,43.6127854589766
10.3106150793651,1.2193112814798,1.12023808265118,1.69098852130014,43.6136400810842
10.3107142857143,1.21920907510751,1.12027785288027,1.69017975938832,43.6144945683238
10.3108134920635,1.21910686095208,1.12031756643725,1.68937138474068,43.6153489207337
10.3109126984127,1.21900463903212,1.1203572233475,1.68856339717472,43.616203138352
10.3110119047619,1.2189024093663,1.12039682363636,1.687755796508,43.6170572212168
10.3111111111111,1.21880017197334,1.12043636732913,1.68694858255811,43.6179111693664
10.3112103174603,1.21869792687197,1.1204758544511,1.68614175514276,43.6187649828386
10.3113095238095,1.21859567408099,1.12051528502753,1.68533531407968,43.6196186616716
10.3114087301587,1.21849341361922,1.12055465908364,1.68452925918669,43.6204722059035
10.3115079365079,1.21839114550553,1.12059397664464,1.68372359028168,43.6213256155721
10.3116071428571,1.21828886975882,1.12063323773569,1.68291830718257,43.6221788907154
10.3117063492063,1.21818658639803,1.12067244238195,1.6821134097074,43.6230320313714
10.3118055555556,1.21808429544215,1.12071159060852,1.68130889767421,43.623885037578
10.3119047619048,1.21798199691019,1.12075068244051,1.68050477090117,43.6247379093729
10.312003968254,1.21787969082123,1.12078971790296,1.67970102920648,43.6255906467941
10.3121031746032,1.21777737719437,1.12082869702091,1.67889767240841,43.6264432498793
10.3122023809524,1.21767505604873,1.12086761981938,1.6780947003253,43.6272957186663
10.3123015873016,1.21757272740351,1.12090648632333,1.67729211277554,43.6281480531929
10.3124007936508,1.21747039127792,1.12094529655773,1.67648990957761,43.6290002534966
10.3125,1.21736804769123,1.12098405054748,1.67568809055003,43.6298523196153
10.3125992063492,1.21726569666272,1.12102274831749,1.67488665551142,43.6307042515865
10.3126984126984,1.21716333821175,1.12106138989262,1.67408560428043,43.6315560494479
10.3127976190476,1.21706097235768,1.12109997529771,1.67328493667578,43.632407713237
10.3128968253968,1.21695859911993,1.12113850455758,1.67248465251629,43.6332592429914
10.312996031746,1.21685621851796,1.121176977697,1.6716847516208,43.6341106387486
10.3130952380952,1.21675383057126,1.12121539474074,1.67088523380824,43.634961900546
10.3131944444444,1.21665143529937,1.12125375571352,1.67008609889761,43.6358130284212
10.3132936507937,1.21654903272186,1.12129206064004,1.66928734670795,43.6366640224116
10.3133928571429,1.21644662285834,1.12133030954498,1.6684889770584,43.6375148825545
10.3134920634921,1.21634420572848,1.12136850245297,1.66769098976813,43.6383656088874
10.3135912698413,1.21624178135195,1.12140663938864,1.66689338465641,43.6392162014474
10.3136904761905,1.2161393497485,1.12144472037658,1.66609616154255,43.6400666602721
10.3137896825397,1.21603691093789,1.12148274544134,1.66529932024594,43.6409169853985
10.3138888888889,1.21593446493993,1.12152071460746,1.66450286058602,43.641767176864
10.3139880952381,1.21583201177448,1.12155862789946,1.6637067823823,43.6426172347057
10.3140873015873,1.21572955146142,1.12159648534179,1.66291108545437,43.6434671589609
10.3141865079365,1.21562708402068,1.12163428695892,1.66211576962188,43.6443169496666
10.3142857142857,1.21552460947224,1.12167203277527,1.66132083470452,43.6451666068601
10.3143849206349,1.21542212783609,1.12170972281523,1.66052628052209,43.6460161305782
10.3144841269841,1.21531963913228,1.12174735710317,1.65973210689442,43.6468655208582
10.3145833333333,1.2152171433809,1.12178493566343,1.65893831364141,43.6477147777371
10.3146825396825,1.21511464060208,1.12182245852032,1.65814490058304,43.6485639012517
10.3147817460317,1.21501213081598,1.12185992569813,1.65735186753934,43.6494128914391
10.314880952381,1.2149096140428,1.1218973372211,1.65655921433043,43.6502617483363
10.3149801587302,1.21480709030279,1.12193469311348,1.65576694077648,43.65111047198
10.3150793650794,1.21470455961624,1.12197199339945,1.6549750466977,43.6519590624072
10.3151785714286,1.21460202200346,1.12200923810319,1.6541835319144,43.6528075196546
10.3152777777778,1.21449947748482,1.12204642724885,1.65339239624696,43.6536558437592
10.315376984127,1.21439692608071,1.12208356086054,1.65260163951579,43.6545040347576
10.3154761904762,1.21429436781159,1.12212063896236,1.65181126154139,43.6553520926866
10.3155753968254,1.21419180269792,1.12215766157835,1.65102126214433,43.656200017583
10.3156746031746,1.21408923076024,1.12219462873257,1.65023164114522,43.6570478094833
10.3157738095238,1.21398665201909,1.12223154044901,1.64944239836477,43.6578954684242
10.315873015873,1.21388406649507,1.12226839675165,1.64865353362373,43.6587429944424
10.3159722222222,1.21378147420884,1.12230519766444,1.64786504674292,43.6595903875744
10.3160714285714,1.21367887518105,1.1223419432113,1.64707693754323,43.6604376478568
10.3161706349206,1.21357626943243,1.12237863341614,1.64628920584561,43.6612847753261
10.3162698412698,1.21347365698373,1.12241526830281,1.64550185147108,43.6621317700187
10.316369047619,1.21337103785575,1.12245184789516,1.64471487424073,43.6629786319712
10.3164682539683,1.21326841206933,1.12248837221699,1.64392827397571,43.66382536122
10.3165674603175,1.21316577964534,1.12252484129209,1.64314205049723,43.6646719578015
10.3166666666667,1.21306314060468,1.12256125514422,1.64235620362657,43.665518421752
10.3167658730159,1.21296049496833,1.1225976137971,1.64157073318508,43.6663647531078
10.3168650793651,1.21285784275725,1.12263391727444,1.64078563899417,43.6672109519054
10.3169642857143,1.2127551839925,1.12267016559991,1.64000092087531,43.6680570181808
10.3170634920635,1.21265251869514,1.12270635879715,1.63921657865005,43.6689029519705
10.3171626984127,1.21254984688628,1.12274249688977,1.63843261214,43.6697487533106
10.3172619047619,1.21244716858707,1.12277857990138,1.63764902116682,43.6705944222372
10.3173611111111,1.21234448381869,1.12281460785552,1.63686580555227,43.6714399587865
10.3174603174603,1.21224179260239,1.12285058077574,1.63608296511813,43.6722853629947
10.3175595238095,1.21213909495942,1.12288649868554,1.63530049968628,43.6731306348978
10.3176587301587,1.2120363909111,1.12292236160839,1.63451840907866,43.6739757745318
10.3177579365079,1.21193368047877,1.12295816956776,1.63373669311725,43.6748207819329
10.3178571428571,1.21183096368381,1.12299392258705,1.63295535162414,43.675665657137
10.3179563492063,1.21172824054766,1.12302962068967,1.63217438442145,43.67651040018
10.3180555555556,1.21162551109178,1.12306526389898,1.63139379133138,43.6773550110978
10.3181547619048,1.21152277533767,1.12310085223832,1.63061357217619,43.6781994899265
10.318253968254,1.21142003330687,1.123136385731,1.62983372677821,43.6790438367018
10.3183531746032,1.21131728502098,1.12317186440031,1.62905425495982,43.6798880514596
10.3184523809524,1.2112145305016,1.1232072882695,1.62827515654349,43.6807321342356
10.3185515873016,1.21111176977042,1.1232426573618,1.62749643135173,43.6815760850657
10.3186507936508,1.21100900284911,1.12327797170041,1.62671807920715,43.6824199039857
10.31875,1.21090622975944,1.1233132313085,1.62594009993239,43.6832635910311
10.3188492063492,1.21080345052317,1.12334843620922,1.62516249335017,43.6841071462377
10.3189484126984,1.21070066516213,1.12338358642569,1.62438525928327,43.6849505696412
10.3190476190476,1.21059787369818,1.12341868198099,1.62360839755456,43.6857938612771
10.3191468253968,1.21049507615321,1.12345372289818,1.62283190798693,43.686637021181
10.319246031746,1.21039227254916,1.12348870920031,1.62205579040337,43.6874800493886
10.3193452380952,1.21028946290801,1.12352364091037,1.62128004462695,43.6883229459353
10.3194444444444,1.21018664725178,1.12355851805134,1.62050467048075,43.6891657108566
10.3195436507937,1.21008382560252,1.12359334064617,1.61972966778796,43.690008344188
10.3196428571429,1.20998099798232,1.12362810871779,1.61895503637183,43.6908508459649
10.3197420634921,1.20987816441333,1.12366282228909,1.61818077605566,43.6916932162228
10.3198412698413,1.20977532491772,1.12369748138293,1.61740688666282,43.6925354549969
10.3199404761905,1.2096724795177,1.12373208602216,1.61663336801676,43.6933775623226
10.3200396825397,1.20956962823552,1.12376663622959,1.61586021994098,43.6942195382353
10.3201388888889,1.20946677109348,1.12380113202801,1.61508744225904,43.6950613827701
10.3202380952381,1.2093639081139,1.12383557344015,1.61431503479459,43.6959030959624
10.3203373015873,1.20926103931916,1.12386996048877,1.61354299737132,43.6967446778474
10.3204365079365,1.20915816473167,1.12390429319654,1.612771329813,43.6975861284602
10.3205357142857,1.20905528437389,1.12393857158616,1.61200003194347,43.698427447836
10.3206349206349,1.20895239826829,1.12397279568026,1.61122910358661,43.69926863601
10.3207341269841,1.2088495064374,1.12400696550146,1.61045854456638,43.7001096930171
10.3208333333333,1.20874660890381,1.12404108107234,1.60968835470683,43.7009506188925
10.3209325396825,1.20864370569011,1.12407514241548,1.60891853383205,43.7017914136712
10.3210317460317,1.20854079681894,1.1241091495534,1.60814908176619,43.7026320773882
10.321130952381,1.20843788231301,1.12414310250861,1.60737999833347,43.7034726100784
10.3212301587302,1.20833496219503,1.12417700130359,1.60661128335818,43.7043130117768
10.3213293650794,1.20823203648776,1.12421084596078,1.60584293666468,43.7051532825183
10.3214285714286,1.20812910521402,1.12424463650262,1.6050749580774,43.7059934223378
10.3215277777778,1.20802616839664,1.12427837295148,1.6043073474208,43.70683343127
10.321626984127,1.20792322605852,1.12431205532976,1.60354010451946,43.7076733093499
10.3217261904762,1.20782027822256,1.12434568365977,1.60277322919797,43.7085130566121
10.3218253968254,1.20771732491174,1.12437925796383,1.60200672128103,43.7093526730915
10.3219246031746,1.20761436614906,1.12441277826423,1.60124058059338,43.7101921588227
10.3220238095238,1.20751140195755,1.12444624458322,1.60047480695983,43.7110315138404
10.322123015873,1.20740843236031,1.12447965694303,1.59970940020527,43.7118707381794
10.3222222222222,1.20730545738043,1.12451301536586,1.59894436015462,43.7127098318741
10.3223214285714,1.2072024770411,1.12454631987388,1.59817968663292,43.7135487949592
10.3224206349206,1.2070994913655,1.12457957048924,1.59741537946523,43.7143876274693
10.3225198412698,1.20699650037687,1.12461276723406,1.59665143847668,43.7152263294389
10.322619047619,1.20689350409849,1.12464591013041,1.59588786349249,43.7160649009024
10.3227182539683,1.20679050255368,1.12467899920037,1.59512465433792,43.7169033418945
10.3228174603175,1.20668749576579,1.12471203446597,1.59436181083831,43.7177416524493
10.3229166666667,1.20658448375822,1.12474501594921,1.59359933281907,43.7185798326015
10.3230158730159,1.20648146655441,1.12477794367207,1.59283722010565,43.7194178823854
10.3231150793651,1.20637844417782,1.12481081765651,1.59207547252359,43.7202558018352
10.3232142857143,1.20627541665197,1.12484363792444,1.5913140898985,43.7210935909854
10.3233134920635,1.20617238400042,1.12487640449776,1.59055307205602,43.7219312498701
10.3234126984127,1.20606934624676,1.12490911739833,1.58979241882189,43.7227687785237
10.3235119047619,1.20596630341461,1.124941776648,1.58903213002191,43.7236061769804
10.3236111111111,1.20586325552765,1.12497438226857,1.58827220548193,43.7244434452743
10.3237103174603,1.2057602026096,1.12500693428184,1.58751264502786,43.7252805834396
10.3238095238095,1.20565714468419,1.12503943270954,1.58675344848573,43.7261175915105
10.3239087301587,1.20555408177523,1.12507187757343,1.58599461568157,43.7269544695209
10.3240079365079,1.20545101390653,1.12510426889518,1.5852361464415,43.7277912175051
10.3241071428571,1.20534794110197,1.12513660669649,1.58447804059171,43.7286278354969
10.3242063492063,1.20524486338546,1.12516889099898,1.58372029795845,43.7294643235305
10.3243055555556,1.20514178078094,1.12520112182428,1.58296291836805,43.7303006816397
10.3244047619048,1.2050386933124,1.12523329919398,1.58220590164687,43.7311369098586
10.324503968254,1.20493560100386,1.12526542312963,1.58144924762137,43.731973008221
10.3246031746032,1.20483250387939,1.12529749365278,1.58069295611807,43.7328089767608
10.3247023809524,1.2047294019631,1.12532951078492,1.57993702696354,43.7336448155118
10.3248015873016,1.20462629527913,1.12536147454754,1.57918145998443,43.7344805245079
10.3249007936508,1.20452318385165,1.12539338496208,1.57842625500744,43.7353161037829
10.325,1.20442006770491,1.12542524204997,1.57767141185935,43.7361515533704
10.3250992063492,1.20431694686315,1.12545704583261,1.576916930367,43.7369868733042
10.3251984126984,1.20421382135067,1.12548879633135,1.57616281035729,43.7378220636181
10.3252976190476,1.20411069119183,1.12552049356754,1.57540905165721,43.7386571243456
10.3253968253968,1.204007556411,1.12555213756249,1.57465565409378,43.7394920555204
10.325496031746,1.20390441703259,1.12558372833748,1.57390261749411,43.740326857176
10.3255952380952,1.20380127308108,1.12561526591378,1.57314994168536,43.7411615293461
10.3256944444444,1.20369812458095,1.1256467503126,1.57239762649477,43.7419960720642
10.3257936507937,1.20359497155675,1.12567818155514,1.57164567174963,43.7428304853637
10.3258928571429,1.20349181403305,1.12570955966259,1.57089407727732,43.7436647692782
10.3259920634921,1.20338865203448,1.12574088465607,1.57014284290525,43.7444989238411
10.3260912698413,1.20328548558567,1.12577215655672,1.56939196846092,43.7453329490857
10.3261904761905,1.20318231471134,1.12580337538562,1.5686414537719,43.7461668450456
10.3262896825397,1.20307913943622,1.12583454116383,1.56789129866581,43.7470006117539
10.3263888888889,1.20297595978508,1.12586565391239,1.56714150297033,43.7478342492441
10.3264880952381,1.20287277578273,1.12589671365229,1.56639206651323,43.7486677575494
10.3265873015873,1.20276958745403,1.12592772040453,1.56564298912233,43.7495011367031
10.3266865079365,1.20266639482387,1.12595867419004,1.5648942706255,43.7503343867384
10.3267857142857,1.20256319791718,1.12598957502975,1.56414591085071,43.7511675076884
10.3268849206349,1.20245999675893,1.12602042294456,1.56339790962598,43.7520004995864
10.3269841269841,1.20235679137415,1.12605121795532,1.56265026677939,43.7528333624654
10.3270833333333,1.20225358178786,1.12608196008289,1.56190298213908,43.7536660963586
10.3271825396825,1.20215036802517,1.12611264934808,1.56115605553327,43.7544987012991
10.3272817460317,1.2020471501112,1.12614328577166,1.56040948679024,43.7553311773198
10.327380952381,1.20194392807113,1.12617386937438,1.55966327573833,43.7561635244538
10.3274801587302,1.20184070193015,1.12620440017699,1.55891742220596,43.756995742734
10.3275793650794,1.20173747171352,1.12623487820018,1.5581719260216,43.7578278321934
10.3276785714286,1.20163423744652,1.12626530346462,1.55742678701379,43.7586597928649
10.3277777777778,1.20153099915448,1.12629567599096,1.55668200501113,43.7594916247814
10.327876984127,1.20142775686277,1.12632599579981,1.55593757984231,43.7603233279757
10.3279761904762,1.20132451059678,1.12635626291176,1.55519351133605,43.7611549024807
10.3280753968254,1.20122126038197,1.12638647734738,1.55444979932117,43.761986348329
10.3281746031746,1.20111800624381,1.12641663912719,1.5537064436265,43.7628176655536
10.3282738095238,1.20101474820783,1.12644674827171,1.55296344408103,43.763648854187
10.328373015873,1.2009114862996,1.1264768048014,1.55222080051372,43.7644799142621
10.3284722222222,1.2008082205447,1.12650680873673,1.55147851275364,43.7653108458114
10.3285714285714,1.2007049509688,1.12653676009811,1.55073658062993,43.7661416488676
10.3286706349206,1.20060167759755,1.12656665890593,1.54999500397178,43.7669723234633
10.3287698412698,1.20049840045669,1.12659650518057,1.54925378260845,43.767802869631
10.328869047619,1.20039511957198,1.12662629894237,1.54851291636927,43.7686332874033
10.3289682539683,1.20029183496921,1.12665604021163,1.54777240508362,43.7694635768127
10.3290674603175,1.20018854667422,1.12668572900864,1.54703224858097,43.7702937378917
10.3291666666667,1.20008525471288,1.12671536535365,1.54629244669083,43.7711237706728
10.3292658730159,1.19998195911113,1.12674494926689,1.5455529992428,43.7719536751882
10.3293650793651,1.1998786598949,1.12677448076856,1.54481390606652,43.7727834514704
10.3294642857143,1.1997753570902,1.12680395987884,1.54407516699173,43.7736130995518
10.3295634920635,1.19967205072306,1.12683338661787,1.54333678184819,43.7744426194647
10.3296626984127,1.19956874081956,1.12686276100576,1.54259875046575,43.7752720112414
10.3297619047619,1.19946542740581,1.1268920830626,1.54186107267434,43.7761012749141
10.3298611111111,1.19936211050796,1.12692135280846,1.54112374830394,43.776930410515
10.3299603174603,1.19925879015221,1.12695057026337,1.54038677718459,43.7777594180764
10.3300595238095,1.19915546636479,1.12697973544734,1.5396501591464,43.7785882976303
10.3301587301587,1.19905213917197,1.12700884838034,1.53891389401954,43.779417049209
10.3302579365079,1.19894880860006,1.12703790908232,1.53817798163427,43.7802456728446
10.3303571428571,1.1988454746754,1.1270669175732,1.53744242182088,43.7810741685691
10.3304563492063,1.1987421374244,1.12709587387288,1.53670721440975,43.7819025364145
10.3305555555556,1.19863879687348,1.12712477800123,1.53597235923131,43.7827307764128
10.3306547619048,1.19853545304911,1.12715362997809,1.53523785611607,43.7835588885962
10.330753968254,1.19843210597779,1.12718242982326,1.53450370489461,43.7843868729963
10.3308531746032,1.19832875568607,1.12721117755653,1.53376990539754,43.7852147296453
10.3309523809524,1.19822540220055,1.12723987319765,1.53303645745558,43.786042458575
10.3310515873016,1.19812204554783,1.12726851676636,1.53230336089949,43.7868700598172
10.3311507936508,1.1980186857546,1.12729710828235,1.53157061556008,43.7876975334037
10.33125,1.19791532284756,1.1273256477653,1.53083822126828,43.7885248793664
10.3313492063492,1.19781195685344,1.12735413523484,1.53010617785503,43.789352097737
10.3314484126984,1.19770858779904,1.12738257071061,1.52937448515137,43.7901791885471
10.3315476190476,1.19760521571117,1.12741095421218,1.52864314298838,43.7910061518287
10.3316468253968,1.19750184061671,1.12743928575911,1.52791215119722,43.7918329876132
10.331746031746,1.19739846254254,1.12746756537095,1.52718150960911,43.7926596959323
10.3318452380952,1.19729508151561,1.12749579306719,1.52645121805535,43.7934862768177
10.3319444444444,1.19719169756291,1.12752396886732,1.52572127636728,43.7943127303008
10.3320436507937,1.19708831071145,1.12755209279077,1.52499168437633,43.7951390564133
10.3321428571429,1.19698492098829,1.12758016485699,1.52426244191398,43.7959652551867
10.3322420634921,1.19688152842053,1.12760818508535,1.52353354881178,43.7967913266524
10.3323412698413,1.19677813303531,1.12763615349524,1.52280500490135,43.7976172708418
10.3324404761905,1.1966747348598,1.12766407010598,1.52207681001436,43.7984430877865
10.3325396825397,1.19657133392123,1.12769193493688,1.52134896398257,43.7992687775177
10.3326388888889,1.19646793024684,1.12771974800724,1.52062146663777,43.8000943400669
10.3327380952381,1.19636452386394,1.1277475093363,1.51989431781186,43.8009197754653
10.3328373015873,1.19626111479986,1.1277752189433,1.51916751733677,43.8017450837442
10.3329365079365,1.19615770308198,1.12780287684743,1.51844106504452,43.802570264935
10.3330357142857,1.1960542887377,1.12783048306786,1.51771496076717,43.8033953190688
10.3331349206349,1.19595087179449,1.12785803762375,1.51698920433687,43.8042202461768
10.3332341269841,1.19584745227983,1.12788554053421,1.51626379558581,43.8050450462903
10.3333333333333,1.19574403022125,1.12791299181832,1.51553873434627,43.8058697194402
10.3334325396825,1.19564060564634,1.12794039149515,1.51481402045059,43.8066942656579
10.3335317460317,1.19553717858269,1.12796773958373,1.51408965373115,43.8075186849742
10.333630952381,1.19543374905796,1.12799503610307,1.51336563402044,43.8083429774203
10.3337301587302,1.19533031709984,1.12802228107214,1.51264196115097,43.8091671430272
10.3338293650794,1.19522688273606,1.12804947450989,1.51191863495535,43.8099911818258
10.3339285714286,1.19512344599438,1.12807661643525,1.51119565526623,43.8108150938471
10.3340277777778,1.19502000690262,1.12810370686712,1.51047302191636,43.8116388791221
10.334126984127,1.19491656548862,1.12813074582435,1.5097507347385,43.8124625376816
10.3342261904762,1.19481312178027,1.12815773332578,1.50902879356553,43.8132860695564
10.3343253968254,1.19470967580549,1.12818466939024,1.50830719823038,43.8141094747774
10.3344246031746,1.19460622759225,1.12821155403649,1.50758594856603,43.8149327533755
10.3345238095238,1.19450277716856,1.12823838728331,1.50686504440553,43.8157559053812
10.334623015873,1.19439932456246,1.1282651691494,1.506144485582,43.8165789308255
10.3347222222222,1.19429586980202,1.12829189965348,1.50542427192863,43.8174018297389
10.3348214285714,1.19419241291539,1.12831857881422,1.50470440327867,43.8182246021521
10.3349206349206,1.19408895393071,1.12834520665026,1.50398487946543,43.8190472480959
10.3350198412698,1.19398549287619,1.12837178318022,1.5032657003223,43.8198697676008
10.335119047619,1.19388202978007,1.12839830842268,1.50254686568273,43.8206921606973
10.3352182539683,1.19377856467064,1.12842478239621,1.50182837538022,43.821514427416
10.3353174603175,1.1936750975762,1.12845120511934,1.50111022924836,43.8223365677875
10.3354166666667,1.19357162852513,1.12847757661058,1.50039242712078,43.8231585818422
10.3355158730159,1.19346815754581,1.12850389688841,1.49967496883119,43.8239804696105
10.3356150793651,1.1933646846667,1.12853016597126,1.49895785421337,43.824802231123
10.3357142857143,1.19326120991626,1.12855638387758,1.49824108310117,43.8256238664099
10.3358134920635,1.19315773332301,1.12858255062574,1.49752465532847,43.8264453755016
10.3359126984127,1.19305425491551,1.12860866623413,1.49680857072927,43.8272667584285
10.3360119047619,1.19295077472236,1.12863473072107,1.49609282913758,43.8280880152209
10.3361111111111,1.19284729277218,1.12866074410487,1.49537743038751,43.828909145909
10.3362103174603,1.19274380909366,1.12868670640383,1.49466237431323,43.829730150523
10.3363095238095,1.19264032371551,1.12871261763619,1.49394766074896,43.8305510290932
10.3364087301587,1.19253683666649,1.12873847782019,1.49323328952901,43.8313717816498
10.3365079365079,1.19243334797537,1.12876428697403,1.49251926048774,43.8321924082227
10.3366071428571,1.192329857671,1.12879004511586,1.49180557345958,43.8330129088423
10.3367063492063,1.19222636578226,1.12881575226385,1.49109222827902,43.8338332835385
10.3368055555556,1.19212287233804,1.12884140843611,1.49037922478061,43.8346535323415
10.3369047619048,1.1920193773673,1.12886701365072,1.48966656279899,43.8354736552811
10.337003968254,1.19191588089903,1.12889256792576,1.48895424216884,43.8362936523875
10.3371031746032,1.19181238296226,1.12891807127924,1.48824226272491,43.8371135236905
10.3372023809524,1.19170888358605,1.12894352372917,1.48753062430204,43.8379332692201
10.3373015873016,1.19160538279953,1.12896892529355,1.4868193267351,43.8387528890062
10.3374007936508,1.19150188063182,1.1289942759903,1.48610836985904,43.8395723830786
10.3375,1.19139837711212,1.12901957583736,1.48539775350889,43.8403917514672
10.3375992063492,1.19129487226966,1.12904482485262,1.48468747751973,43.8412109942017
10.3376984126984,1.1911913661337,1.12907002305395,1.48397754172669,43.8420301113119
10.3377976190476,1.19108785873355,1.12909517045919,1.483267945965,43.8428491028277
10.3378968253968,1.19098435009855,1.12912026708614,1.48255869006994,43.8436679687785
10.337996031746,1.19088084025808,1.12914531295259,1.48184977387684,43.8444867091943
10.3380952380952,1.19077732924156,1.1291703080763,1.48114119722112,43.8453053241045
10.3381944444444,1.19067381707847,1.12919525247499,1.48043295993825,43.8461238135388
10.3382936507937,1.1905703037983,1.12922014616636,1.47972506186377,43.8469421775267
10.3383928571429,1.19046678943059,1.12924498916809,1.47901750283329,43.8477604160979
10.3384920634921,1.19036327400492,1.12926978149782,1.47831028268247,43.8485785292819
10.3385912698413,1.19025975755092,1.12929452317317,1.47760340124705,43.8493965171081
10.3386904761905,1.19015624009824,1.12931921421172,1.47689685836284,43.8502143796059
10.3387896825397,1.19005272167658,1.12934385463104,1.47619065386571,43.8510321168049
10.3388888888889,1.18994920231569,1.12936844444866,1.47548478759158,43.8518497287344
10.3389880952381,1.18984568204533,1.12939298368208,1.47477925937646,43.8526672154237
10.3390873015873,1.18974216089532,1.12941747234878,1.4740740690564,43.8534845769022
10.3391865079365,1.18963863889553,1.12944191046622,1.47336921646753,43.8543018131992
10.3392857142857,1.18953511607584,1.12946629805182,1.47266470144606,43.855118924344
10.3393849206349,1.1894315924662,1.12949063512296,1.47196052382823,43.8559359103658
10.3394841269841,1.18932806809658,1.12951492169702,1.47125668345038,43.8567527712938
10.3395833333333,1.18922454299698,1.12953915779133,1.47055318014889,43.8575695071572
10.3396825396825,1.18912101719747,1.12956334342321,1.46985001376022,43.8583861179851
10.3397817460317,1.18901749072814,1.12958747860993,1.4691471841209,43.8592026038067
10.339880952381,1.18891396361912,1.12961156336877,1.4684446910675,43.8600189646509
10.3399801587302,1.18881043590057,1.12963559771693,1.46774253443668,43.860835200547
10.3400793650794,1.18870690760272,1.12965958167163,1.46704071406514,43.8616513115239
10.3401785714286,1.18860337875582,1.12968351525003,1.4663392297897,43.8624672976105
10.3402777777778,1.18849984939015,1.12970739846927,1.46563808144719,43.8632831588359
10.340376984127,1.18839631953603,1.12973123134649,1.46493726887452,43.8640988952289
10.3404761904762,1.18829278922385,1.12975501389876,1.46423679190866,43.8649145068186
10.3405753968254,1.18818925848401,1.12977874614314,1.46353665038668,43.8657299936336
10.3406746031746,1.18808572734695,1.12980242809667,1.46283684414567,43.8665453557029
10.3407738095238,1.18798219584317,1.12982605977635,1.46213737302281,43.8673605930553
10.340873015873,1.18787866400319,1.12984964119917,1.46143823685534,43.8681757057195
10.3409722222222,1.18777513185757,1.12987317238206,1.46073943548057,43.8689906937242
10.3410714285714,1.18767159943692,1.12989665334196,1.46004096873587,43.8698055570983
10.3411706349206,1.18756806677188,1.12992008409576,1.45934283645867,43.8706202958703
10.3412698412698,1.18746453389314,1.12994346466032,1.45864503848648,43.871434910069
10.341369047619,1.18736100083142,1.12996679505248,1.45794757465687,43.8722493997228
10.3414682539683,1.18725746761749,1.12999007528906,1.45725044480747,43.8730637648605
10.3415674603175,1.18715393428214,1.13001330538683,1.45655364877597,43.8738780055105
10.3416666666667,1.18705040085622,1.13003648536256,1.45585718640014,43.8746921217014
10.3417658730159,1.1869468673706,1.13005961523297,1.45516105751782,43.8755061134617
10.3418650793651,1.18684333385621,1.13008269501475,1.4544652619669,43.8763199808198
10.3419642857143,1.18673980034401,1.13010572472459,1.45376979958533,43.8771337238042
10.3420634920635,1.186636266865,1.13012870437913,1.45307467021115,43.8779473424432
10.3421626984127,1.18653273345021,1.13015163399497,1.45237987368243,43.8787608367653
10.3422619047619,1.18642920013073,1.13017451358872,1.45168540983735,43.8795742067987
10.3423611111111,1.18632566693766,1.13019734317694,1.45099127851412,43.8803874525718
10.3424603174603,1.18622213390217,1.13022012277615,1.45029747955102,43.8812005741128
10.3425595238095,1.18611860105545,1.13024285240286,1.44960401278642,43.88201357145
10.3426587301587,1.18601506842874,1.13026553207354,1.44891087805873,43.8828264446116
10.3427579365079,1.18591153605331,1.13028816180466,1.44821807520643,43.8836391936258
10.3428571428571,1.18580800396048,1.13031074161263,1.44752560406808,43.8844518185207
10.3429563492063,1.18570447218159,1.13033327151384,1.44683346448228,43.8852643193244
10.3430555555556,1.18560094074805,1.13035575152467,1.4461416562877,43.8860766960651
10.3431547619048,1.18549740969129,1.13037818166144,1.44545017932312,43.8868889487707
10.343253968254,1.18539387904277,1.13040056194048,1.44475903342733,43.8877010774693
10.3433531746032,1.185290348834,1.13042289237806,1.44406821843921,43.8885130821889
10.3434523809524,1.18518681909655,1.13044517299045,1.44337773419769,43.8893249629575
10.3435515873016,1.185083289862,1.13046740379385,1.44268758054179,43.890136719803
10.3436507936508,1.18497976116197,1.13048958480449,1.44199775731058,43.8909483527532
10.34375,1.18487623302814,1.13051171603853,1.4413082643432,43.8917598618361
10.3438492063492,1.18477270549221,1.13053379751211,1.44061910147885,43.8925712470795
10.3439484126984,1.18466917858593,1.13055582924135,1.43993026855679,43.8933825085112
10.3440476190476,1.1845656523411,1.13057781124234,1.43924176541636,43.894193646159
10.3441468253968,1.18446212678952,1.13059974353114,1.43855359189697,43.8950046600505
10.344246031746,1.18435860196308,1.13062162612378,1.43786574783807,43.8958155502136
10.3443452380952,1.18425507789368,1.13064345903627,1.43717823307919,43.896626316676
10.3444444444444,1.18415155461325,1.13066524228459,1.43649104745994,43.8974369594652
10.3445436507937,1.18404803215379,1.13068697588468,1.43580419081996,43.8982474786088
10.3446428571429,1.18394451054731,1.13070865985247,1.43511766299899,43.8990578741346
10.3447420634921,1.18384098982589,1.13073029420385,1.43443146383683,43.8998681460699
10.3448412698413,1.18373747002161,1.13075187895469,1.43374559317332,43.9006782944425
10.3449404761905,1.18363395116663,1.13077341412083,1.43306005084839,43.9014883192796
10.3450396825397,1.18353043329313,1.13079489971808,1.43237483670203,43.9022982206089
10.3451388888889,1.18342691643331,1.13081633576222,1.4316899505743,43.9031079984577
10.3452380952381,1.18332340061945,1.13083772226901,1.4310053923053,43.9039176528535
10.3453373015873,1.18321988588385,1.13085905925417,1.43032116173522,43.9047271838236
10.3454365079365,1.18311637225884,1.1308803467334,1.42963725870432,43.9055365913953
10.3455357142857,1.18301285977679,1.13090158472238,1.4289536830529,43.906345875596
10.3456349206349,1.18290934847013,1.13092277323676,1.42827043462136,43.907155036453
10.3457341269841,1.18280583837132,1.13094391229213,1.42758751325013,43.9079640739934
10.3458333333333,1.18270232951284,1.13096500190411,1.42690491877972,43.9087729882445
10.3459325396825,1.18259882192724,1.13098604208824,1.42622265105072,43.9095817792336
10.3460317460317,1.18249531564709,1.13100703286006,1.42554070990376,43.9103904469876
10.346130952381,1.182391810705,1.13102797423508,1.42485909517955,43.9111989915338
10.3462301587302,1.18228830713363,1.13104886622877,1.42417780671887,43.9120074128993
10.3463293650794,1.18218480496567,1.13106970885658,1.42349684436256,43.9128157111111
10.3464285714286,1.18208130423385,1.13109050213394,1.42281620795151,43.9136238861962
10.3465277777778,1.18197780497094,1.13111124607623,1.4221358973267,43.9144319381817
10.346626984127,1.18187430720976,1.13113194069883,1.42145591232915,43.9152398670944
10.3467261904762,1.18177081098316,1.13115258601707,1.42077625279998,43.9160476729614
10.3468253968254,1.18166731632402,1.13117318204627,1.42009691858035,43.9168553558095
10.3469246031746,1.18156382326528,1.13119372880171,1.41941790951148,43.9176629156656
10.3470238095238,1.1814603318399,1.13121422629864,1.41873922543468,43.9184703525566
10.347123015873,1.18135684208089,1.13123467455229,1.4180608661913,43.9192776665093
10.3472222222222,1.1812533540213,1.13125507357786,1.41738283162277,43.9200848575503
10.3473214285714,1.18114986769422,1.13127542339053,1.41670512157058,43.9208919257066
10.3474206349206,1.18104638313278,1.13129572400543,1.4160277358763,43.9216988710048
10.3475198412698,1.18094290037013,1.13131597543768,1.41535067438154,43.9225056934716
10.347619047619,1.18083941943948,1.13133617770238,1.41467393692799,43.9233123931336
10.3477182539683,1.18073594037409,1.13135633081457,1.41399752335742,43.9241189700175
10.3478174603175,1.18063246320722,1.13137643478931,1.41332143351163,43.9249254241498
10.3479166666667,1.18052898797221,1.13139648964158,1.41264566723251,43.9257317555572
10.3480158730159,1.18042551470242,1.13141649538638,1.41197022436202,43.9265379642661
10.3481150793651,1.18032204343125,1.13143645203864,1.41129510474217,43.9273440503031
10.3482142857143,1.18021857419215,1.1314563596133,1.41062030821503,43.9281500136946
10.3483134920635,1.18011510701858,1.13147621812523,1.40994583462276,43.9289558544671
10.3484126984127,1.18001164194408,1.13149602758932,1.40927168380757,43.9297615726469
10.3485119047619,1.1799081790022,1.1315157880204,1.40859785561173,43.9305671682604
10.3486111111111,1.17980471822655,1.13153549943328,1.40792434987759,43.9313726413341
10.3487103174603,1.17970125965075,1.13155516184274,1.40725116644756,43.9321779918941
10.3488095238095,1.17959780330849,1.13157477526355,1.40657830516411,43.9329832199668
10.3489087301587,1.17949434923349,1.13159433971042,1.40590576586977,43.9337883255784
10.3490079365079,1.1793908974595,1.13161385519805,1.40523354840715,43.9345933087552
10.3491071428571,1.17928744802032,1.13163332174112,1.40456165261893,43.9353981695233
10.3492063492063,1.17918400094978,1.13165273935428,1.40389007834784,43.9362029079089
10.3493055555556,1.17908055628177,1.13167210805214,1.40321882543668,43.9370075239381
10.3494047619048,1.17897711405018,1.13169142784928,1.40254789372831,43.937812017637
10.349503968254,1.17887367428898,1.13171069876027,1.40187728306567,43.9386163890317
10.3496031746032,1.17877023703216,1.13172992079964,1.40120699329176,43.9394206381481
10.3497023809524,1.17866680231376,1.1317490939819,1.40053702424962,43.9402247650124
10.3498015873016,1.17856337016783,1.13176821832152,1.3998673757824,43.9410287696505
10.3499007936508,1.17845994062851,1.13178729383296,1.39919804773329,43.9418326520882
10.35,1.17835651372993,1.13180632053063,1.39852903994554,43.9426364123516
10.3500992063492,1.17825308950628,1.13182529842893,1.39786035226248,43.9434400504665
10.3501984126984,1.1781496679918,1.13184422754223,1.3971919845275,43.9442435664587
10.3502976190476,1.17804624922075,1.13186310788487,1.39652393658405,43.9450469603541
10.3503968253968,1.17794283322745,1.13188193947115,1.39585620827565,43.9458502321784
10.350496031746,1.17783942004624,1.13190072231535,1.39518879944588,43.9466533819574
10.3505952380952,1.1777360097115,1.13191945643175,1.39452170993841,43.9474564097168
10.3506944444444,1.17763260225767,1.13193814183455,1.39385493959695,43.9482593154823
10.3507936507937,1.1775291977192,1.13195677853797,1.39318848826527,43.9490620992796
10.3508928571429,1.17742579613062,1.13197536655617,1.39252235578723,43.9498647611343
10.3509920634921,1.17732239752645,1.13199390590329,1.39185654200673,43.9506673010719
10.3510912698413,1.17721900194128,1.13201239659347,1.39119104676776,43.9514697191181
10.3511904761905,1.17711560940974,1.13203083864077,1.39052586991436,43.9522720152984
10.3512896825397,1.17701221996649,1.13204923205926,1.38986101129064,43.9530741896383
10.3513888888889,1.17690883364623,1.13206757686299,1.38919647074077,43.9538762421632
10.3514880952381,1.1768054504837,1.13208587306594,1.38853224810898,43.9546781728986
10.3515873015873,1.17670207051369,1.13210412068211,1.3878683432396,43.95547998187
10.3516865079365,1.17659869377101,1.13212231972543,1.38720475597698,43.9562816691026
10.3517857142857,1.17649532029053,1.13214047020983,1.38654148616557,43.9570832346218
10.3518849206349,1.17639195010714,1.13215857214921,1.38587853364986,43.957884678453
10.3519841269841,1.17628858325578,1.13217662555743,1.38521589827441,43.9586860006215
10.3520833333333,1.17618521977143,1.13219463044833,1.38455357988387,43.9594872011524
10.3521825396825,1.17608185968911,1.13221258683571,1.38389157832294,43.9602882800711
10.3522817460317,1.17597850304387,1.13223049473338,1.38322989343637,43.9610892374026
10.352380952381,1.17587514987082,1.13224835415507,1.38256852506899,43.9618900731722
10.3524801587302,1.17577180020508,1.13226616511452,1.38190747306569,43.962690787405
10.3525793650794,1.17566845408183,1.13228392762542,1.38124673727144,43.9634913801261
10.3526785714286,1.17556511153628,1.13230164170145,1.38058631753126,43.9642918513606
10.3527777777778,1.17546177260369,1.13231930735625,1.37992621369024,43.9650922011335
10.352876984127,1.17535843731936,1.13233692460345,1.37926642559354,43.9658924294697
10.3529761904762,1.17525510571861,1.13235449345661,1.37860695308637,43.9666925363943
10.3530753968254,1.17515177783681,1.13237201392932,1.37794779601402,43.9674925219323
10.3531746031746,1.17504845370939,1.1323894860351,1.37728895422184,43.9682923861085
10.3532738095238,1.17494513337178,1.13240690978745,1.37663042755526,43.9690921289478
10.353373015873,1.17484181685948,1.13242428519986,1.37597221585975,43.969891750475
10.3534722222222,1.17473850420801,1.13244161228577,1.37531431898085,43.9706912507151
10.3535714285714,1.17463519545296,1.1324588910586,1.37465673676419,43.9714906296927
10.3536706349206,1.17453189062992,1.13247612153175,1.37399946905545,43.9722898874326
10.3537698412698,1.17442858977454,1.13249330371859,1.37334251570037,43.9730890239596
10.353869047619,1.17432529292251,1.13251043763245,1.37268587654475,43.9738880392983
10.3539682539683,1.17422200010956,1.13252752328665,1.37202955143447,43.9746869334734
10.3540674603175,1.17411871137145,1.13254456069446,1.37137354021547,43.9754857065096
10.3541666666667,1.17401542674399,1.13256154986915,1.37071784273377,43.9762843584313
10.3542658730159,1.17391214626302,1.13257849082394,1.37006245883542,43.9770828892633
10.3543650793651,1.17380886996442,1.13259538357202,1.36940738836656,43.9778812990301
10.3544642857143,1.17370559788413,1.13261222812658,1.36875263117341,43.978679587756
10.3545634920635,1.1736023300581,1.13262902450076,1.36809818710222,43.9794777554657
10.3546626984127,1.17349906652233,1.13264577270767,1.36744405599932,43.9802758021836
10.3547619047619,1.17339580731287,1.13266247276039,1.36679023771112,43.9810737279341
10.3548611111111,1.1732925524658,1.132679124672,1.36613673208408,43.9818715327415
10.3549603174603,1.17318930201723,1.13269572845553,1.36548353896472,43.9826692166303
10.3550595238095,1.17308605600333,1.13271228412397,1.36483065819966,43.9834667796247
10.3551587301587,1.1729828144603,1.13272879169031,1.36417808963553,43.984264221749
10.3552579365079,1.17287957742438,1.1327452511675,1.36352583311907,43.9850615430275
10.3553571428571,1.17277634493184,1.13276166256845,1.36287388849708,43.9858587434844
10.3554563492063,1.172673117019,1.13277802590607,1.36222225561639,43.9866558231439
10.3555555555556,1.17256989372222,1.13279434119322,1.36157093432395,43.9874527820302
10.3556547619048,1.17246667507789,1.13281060844273,1.36091992446672,43.9882496201674
10.355753968254,1.17236346112245,1.13282682766742,1.36026922589177,43.9890463375796
10.3558531746032,1.17226025189238,1.13284299888008,1.35961883844622,43.9898429342909
10.3559523809524,1.17215704742419,1.13285912209344,1.35896876197724,43.9906394103253
10.3560515873016,1.17205384775443,1.13287519732026,1.35831899633209,43.9914357657069
10.3561507936508,1.17195065291969,1.13289122457321,1.35766954135807,43.9922320004595
10.35625,1.17184746295662,1.13290720386499,1.35702039690257,43.9930281146072
10.3563492063492,1.17174427790187,1.13292313520822,1.35637156281304,43.9938241081739
10.3564484126984,1.17164109779217,1.13293901861552,1.35572303893697,43.9946199811835
10.3565476190476,1.17153792266426,1.13295485409949,1.35507482512196,43.9954157336597
10.3566468253968,1.17143475255493,1.13297064167269,1.35442692121564,43.9962113656265
10.356746031746,1.17133158750102,1.13298638134764,1.35377932706572,43.9970068771076
10.3568452380952,1.17122842753939,1.13300207313686,1.35313204251996,43.9978022681267
10.3569444444444,1.17112527270694,1.13301771705281,1.35248506742621,43.9985975387077
10.3570436507937,1.17102212304064,1.13303331310796,1.35183840163237,43.9993926888742
10.3571428571429,1.17091897857746,1.13304886131471,1.3511920449864,44.0001877186499
10.3572420634921,1.17081583935443,1.13306436168547,1.35054599733634,44.0009826280584
10.3573412698413,1.17071270540862,1.13307981423261,1.34990025853029,44.0017774171233
10.3574404761905,1.17060957677713,1.13309521896845,1.34925482841642,44.0025720858682
10.3575396825397,1.17050645349711,1.13311057590532,1.34860970684295,44.0033666343166
10.3576388888889,1.17040333560574,1.13312588505549,1.34796489365817,44.0041610624921
10.3577380952381,1.17030022314025,1.13314114643122,1.34732038871045,44.0049553704181
10.3578373015873,1.1701971161379,1.13315636004473,1.34667619184822,44.0057495581181
10.3579365079365,1.17009401463598,1.13317152590823,1.34603230291996,44.0065436256154
10.3580357142857,1.16999091867185,1.13318664403389,1.34538872177423,44.0073375729336
10.3581349206349,1.16988782828288,1.13320171443385,1.34474544825966,44.0081314000958
10.3582341269841,1.16978474350649,1.13321673712023,1.34410248222493,44.0089251071256
10.3583333333333,1.16968166438015,1.13323171210512,1.3434598235188,44.009718694046
10.3584325396825,1.16957859094135,1.13324663940057,1.34281747199008,44.0105121608805
10.3585317460317,1.16947552322763,1.13326151901862,1.34217542748766,44.0113055076522
10.358630952381,1.16937246127658,1.13327635097128,1.34153368986049,44.0120987343844
10.3587301587302,1.1692694051258,1.13329113527052,1.34089225895757,44.0128918411002
10.3588293650794,1.16916635481295,1.13330587192829,1.340251134628,44.0136848278227
10.3589285714286,1.16906331037574,1.13332056095652,1.33961031672091,44.0144776945751
10.3590277777778,1.16896027185189,1.1333352023671,1.33896980508553,44.0152704413804
10.359126984127,1.16885723927918,1.13334979617189,1.33832959957111,44.0160630682617
10.3592261904762,1.16875421269543,1.13336434238273,1.33768970002701,44.016855575242
10.3593253968254,1.16865119213849,1.13337884101143,1.33705010630264,44.0176479623442
10.3594246031746,1.16854817764624,1.13339329206978,1.33641081824745,44.0184402295914
10.3595238095238,1.16844516925664,1.13340769556954,1.335771835711,44.0192323770064
10.359623015873,1.16834216700764,1.13342205152242,1.33513315854289,44.0200244046122
10.3597222222222,1.16823917093727,1.13343635994013,1.33449478659279,44.0208163124315
10.3598214285714,1.16813618108356,1.13345062083434,1.33385671971042,44.0216081004873
10.3599206349206,1.16803319748461,1.13346483421669,1.3332189577456,44.0223997688022
10.3600198412698,1.16793022017855,1.13347900009881,1.33258150054817,44.0231913173991
10.360119047619,1.16782724920356,1.13349311849227,1.33194434796809,44.0239827463008
10.3602182539683,1.16772428459782,1.13350718940864,1.33130749985533,44.0247740555298
10.3603174603175,1.16762132639961,1.13352121285946,1.33067095605996,44.0255652451089
10.3604166666667,1.16751837464719,1.13353518885622,1.33003471643211,44.0263563150608
10.3605158730159,1.16741542937891,1.13354911741041,1.32939878082198,44.0271472654079
10.3606150793651,1.16731249063312,1.13356299853347,1.32876314907981,44.027938096173
10.3607142857143,1.16720955844823,1.13357683223682,1.32812782105593,44.0287288073785
10.3608134920635,1.16710663286269,1.13359061853187,1.32749279660072,44.029519399047
10.3609126984127,1.16700371391497,1.13360435742997,1.32685807556465,44.030309871201
10.3610119047619,1.16690080164361,1.13361804894247,1.32622365779823,44.0311002238628
10.3611111111111,1.16679789608716,1.13363169308067,1.32558954315205,44.031890457055
10.3612103174603,1.16669499728423,1.13364528985586,1.32495573147675,44.0326805707999
10.3613095238095,1.16659210527347,1.1336588392793,1.32432222262306,44.0334705651198
10.3614087301587,1.16648922009354,1.1336723413622,1.32368901644175,44.0342604400372
10.3615079365079,1.16638634178318,1.13368579611577,1.32305611278366,44.0350501955743
10.3616071428571,1.16628347038114,1.13369920355119,1.32242351149972,44.0358398317533
10.3617063492063,1.16618060592622,1.13371256367959,1.32179121244089,44.0366293485965
10.3618055555556,1.16607774845726,1.13372587651209,1.32115921545822,44.0374187461262
10.3619047619048,1.16597489801313,1.13373914205979,1.32052752040282,44.0382080243644
10.362003968254,1.16587205463277,1.13375236033373,1.31989612712586,44.0389971833333
10.3621031746032,1.16576921835511,1.13376553134496,1.31926503547858,44.0397862230551
10.3622023809524,1.16566638921917,1.13377865510447,1.31863424531227,44.0405751435518
10.3623015873016,1.16556356726397,1.13379173162325,1.31800375647833,44.0413639448454
10.3624007936508,1.16546075252859,1.13380476091225,1.31737356882816,44.042152626958
10.3625,1.16535794505215,1.13381774298239,1.31674368221328,44.0429411899116
10.3625992063492,1.16525514487379,1.13383067784455,1.31611409648526,44.0437296337281
10.3626984126984,1.16515235203272,1.13384356550962,1.31548481149572,44.0445179584295
10.3627976190476,1.16504956656816,1.13385640598841,1.31485582709637,44.0453061640375
10.3628968253968,1.16494678851938,1.13386919929176,1.31422714313895,44.0460942505742
10.362996031746,1.16484401792571,1.13388194543043,1.31359875947531,44.0468822180613
10.3630952380952,1.16474125482648,1.13389464441519,1.31297067595732,44.0476700665206
10.3631944444444,1.1646384992611,1.13390729625676,1.31234289243696,44.0484577959739
10.3632936507937,1.16453575126898,1.13391990096584,1.31171540876624,44.049245406443
10.3633928571429,1.1644330108896,1.13393245855311,1.31108822479726,44.0500328979494
10.3634920634921,1.16433027816247,1.1339449690292,1.31046134038216,44.050820270515
10.3635912698413,1.16422755312714,1.13395743240473,1.30983475537317,44.0516075241614
10.3636904761905,1.16412483582318,1.13396984869029,1.30920846962257,44.0523946589101
10.3637896825397,1.16402212629024,1.13398221789645,1.30858248298271,44.0531816747828
10.3638888888889,1.16391942456797,1.13399454003373,1.30795679530601,44.0539685718009
10.3639880952381,1.16381673069607,1.13400681511264,1.30733140644495,44.0547553499861
10.3640873015873,1.16371404471431,1.13401904314365,1.30670631625208,44.0555420093598
10.3641865079365,1.16361136666245,1.13403122413723,1.30608152458001,44.0563285499435
10.3642857142857,1.16350869658033,1.13404335810378,1.30545703128142,44.0571149717585
10.3643849206349,1.16340603450781,1.1340554450537,1.30483283620904,44.0579012748263
10.3644841269841,1.16330338048478,1.13406748499736,1.3042089392157,44.0586874591683
10.3645833333333,1.16320073455119,1.1340794779451,1.30358534015425,44.0594735248058
10.3646825396825,1.16309809674703,1.13409142390722,1.30296203887765,44.06025947176
10.3647817460317,1.1629954671123,1.13410332289401,1.3023390352389,44.0610453000523
10.364880952381,1.16289284568708,1.13411517491573,1.30171632909106,44.0618310097039
10.3649801587302,1.16279023251147,1.1341269799826,1.30109392028727,44.062616600736
10.3650793650794,1.16268762762559,1.13413873810482,1.30047180868074,44.0634020731697
10.3651785714286,1.16258503106963,1.13415044929257,1.29984999412473,44.0641874270263
10.3652777777778,1.16248244288381,1.13416211355598,1.29922847647256,44.0649726623268
10.365376984127,1.16237986310838,1.13417373090517,1.29860725557764,44.0657577790924
10.3654761904762,1.16227729178364,1.13418530135024,1.29798633129344,44.066542777344
10.3655753968254,1.16217472894993,1.13419682490124,1.29736570347347,44.0673276571027
10.3656746031746,1.16207217464762,1.1342083015682,1.29674537197134,44.0681124183895
10.3657738095238,1.16196962891713,1.13421973136113,1.2961253366407,44.0688970612253
10.365873015873,1.1618670917989,1.13423111429001,1.29550559733527,44.0696815856311
10.3659722222222,1.16176456333344,1.13424245036479,1.29488615390885,44.0704659916278
10.3660714285714,1.16166204356128,1.13425373959538,1.29426700621528,44.0712502792362
10.3661706349206,1.16155953252298,1.13426498199169,1.2936481541085,44.0720344484772
10.3662698412698,1.16145703025916,1.13427617756357,1.29302959744249,44.0728184993715
10.366369047619,1.16135453681048,1.13428732632087,1.29241133607129,44.07360243194
10.3664682539683,1.16125205221761,1.1342984282734,1.29179336984902,44.0743862462034
10.3665674603175,1.1611495765213,1.13430948343094,1.29117569862987,44.0751699421824
10.3666666666667,1.1610471097623,1.13432049180324,1.29055832226809,44.0759535198976
10.3667658730159,1.16094465198144,1.13433145340003,1.28994124061798,44.0767369793698
10.3668650793651,1.16084220321955,1.13434236823102,1.28932445353392,44.0775203206195
10.3669642857143,1.16073976351752,1.13435323630587,1.28870796087036,44.0783035436673
10.3670634920635,1.16063733291629,1.13436405763422,1.28809176248182,44.0790866485338
10.3671626984127,1.16053491145682,1.1343748322257,1.28747585822285,44.0798696352395
10.3672619047619,1.1604324991801,1.13438556008989,1.28686024794811,44.0806525038049
10.3673611111111,1.1603300961272,1.13439624123635,1.2862449315123,44.0814352542505
10.3674603174603,1.16022770233918,1.13440687567461,1.28562990877018,44.0822178865966
10.3675595238095,1.16012531785718,1.13441746341419,1.2850151795766,44.0830004008637
10.3676587301587,1.16002294272236,1.13442800446455,1.28440074378646,44.0837827970722
10.3677579365079,1.15992057697593,1.13443849883514,1.28378660125471,44.0845650752423
10.3678571428571,1.15981822065911,1.1344489465354,1.28317275183641,44.0853472353945
10.3679563492063,1.1597158738132,1.1344593475747,1.28255919538664,44.0861292775489
10.3680555555556,1.15961353647951,1.13446970196243,1.28194593176056,44.0869112017258
10.3681547619048,1.15951120869941,1.13448000970791,1.28133296081341,44.0876930079455
10.368253968254,1.1594088905143,1.13449027082045,1.28072028240048,44.088474696228
10.3683531746032,1.15930658196561,1.13450048530935,1.28010789637712,44.0892562665937
10.3684523809524,1.15920428309482,1.13451065318385,1.27949580259878,44.0900377190624
10.3685515873016,1.15910199394345,1.13452077445318,1.27888400092092,44.0908190536545
10.3686507936508,1.15899971455306,1.13453084912654,1.27827249119912,44.0916002703898
10.36875,1.15889744496524,1.1345408772131,1.27766127328899,44.0923813692885
10.3688492063492,1.15879518522163,1.13455085872201,1.27705034704621,44.0931623503706
10.3689484126984,1.15869293536391,1.13456079366238,1.27643971232655,44.0939432136559
10.3690476190476,1.15859069543378,1.1345706820433,1.27582936898581,44.0947239591644
10.3691468253968,1.15848846547301,1.13458052387383,1.27521931687988,44.0955045869161
10.369246031746,1.15838624552339,1.13459031916301,1.27460955586471,44.0962850969308
10.3693452380952,1.15828403562674,1.13460006791983,1.27400008579632,44.0970654892284
10.3694444444444,1.15818183582495,1.13460977015328,1.27339090653077,44.0978457638285
10.3695436507937,1.15807964615992,1.13461942587231,1.27278201792422,44.0986259207511
10.3696428571429,1.15797746667361,1.13462903508583,1.27217341983287,44.0994059600159
10.3697420634921,1.157875297408,1.13463859780274,1.271565112113,44.1001858816426
10.3698412698413,1.15777313840512,1.13464811403191,1.27095709462094,44.1009656856508
10.3699404761905,1.15767098970705,1.13465758378217,1.27034936721312,44.1017453720602
10.3700396825397,1.1575688513559,1.13466700706234,1.269741929746,44.1025249408905
10.3701388888889,1.1574667233938,1.1346763838812,1.26913478207611,44.1033043921612
10.3702380952381,1.15736460586295,1.1346857142475,1.26852792406006,44.1040837258919
10.3703373015873,1.15726249880558,1.13469499816997,1.26792135555452,44.1048629421021
10.3704365079365,1.15716040226395,1.1347042356573,1.26731507641621,44.1056420408113
10.3705357142857,1.15705831628037,1.13471342671818,1.26670908650194,44.106421022039
10.3706349206349,1.15695624089718,1.13472257136125,1.26610338566857,44.1071998858046
10.3707341269841,1.15685417615677,1.13473166959511,1.26549797377303,44.1079786321275
10.3708333333333,1.15675212210155,1.13474072142837,1.26489285067231,44.1087572610271
10.3709325396825,1.156650078774,1.13474972686957,1.26428801622348,44.1095357725227
10.3710317460317,1.15654804621662,1.13475868592725,1.26368347028366,44.1103141666337
10.371130952381,1.15644602447194,1.13476759860993,1.26307921271005,44.1110924433792
10.3712301587302,1.15634401358256,1.13477646492606,1.26247524335989,44.1118706027786
10.3713293650794,1.15624201359108,1.13478528488411,1.2618715620905,44.1126486448511
10.3714285714286,1.15614002454018,1.1347940584925,1.26126816875928,44.1134265696159
10.3715277777778,1.15603804647254,1.13480278575961,1.26066506322369,44.1142043770921
10.371626984127,1.15593607943092,1.13481146669382,1.26006224534123,44.1149820672988
10.3717261904762,1.15583412345808,1.13482010130346,1.25945971496949,44.1157596402551
10.3718253968254,1.15573217859685,1.13482868959684,1.25885747196613,44.1165370959801
10.3719246031746,1.15563024489008,1.13483723158226,1.25825551618884,44.1173144344929
10.3720238095238,1.15552832238067,1.13484572726795,1.25765384749543,44.1180916558123
10.372123015873,1.15542641111156,1.13485417666215,1.25705246574371,44.1188687599574
10.3722222222222,1.15532451112571,1.13486257977305,1.25645137079162,44.1196457469472
10.3723214285714,1.15522262246615,1.13487093660884,1.25585056249713,44.1204226168005
10.3724206349206,1.15512074517593,1.13487924717765,1.25525004071827,44.1211993695362
10.3725198412698,1.15501887929815,1.1348875114876,1.25464980531315,44.1219760051731
10.372619047619,1.15491702487592,1.13489572954677,1.25404985613995,44.1227525237301
10.3727182539683,1.15481518195244,1.13490390136324,1.25345019305691,44.1235289252259
10.3728174603175,1.15471335057091,1.13491202694502,1.25285081592231,44.1243052096793
10.3729166666667,1.15461153077457,1.13492010630013,1.25225172459454,44.125081377109
10.3730158730159,1.15450972260673,1.13492813943653,1.25165291893203,44.1258574275336
10.3731150793651,1.15440792611072,1.1349361263622,1.25105439879328,44.126633360972
10.3732142857143,1.15430614132989,1.13494406708503,1.25045616403685,44.1274091774425
10.3733134920635,1.15420436830766,1.13495196161293,1.24985821452138,44.128184876964
10.3734126984127,1.15410260708748,1.13495980995376,1.24926055010555,44.1289604595549
10.3735119047619,1.15400085771283,1.13496761211537,1.24866317064813,44.1297359252337
10.3736111111111,1.15389912022725,1.13497536810555,1.24806607600794,44.130511274019
10.3737103174603,1.15379739467429,1.1349830779321,1.24746926604388,44.1312865059292
10.3738095238095,1.15369568109757,1.13499074160276,1.2468727406149,44.1320616209827
10.3739087301587,1.15359397954073,1.13499835912528,1.24627649958003,44.1328366191981
10.3740079365079,1.15349229004745,1.13500593050734,1.24568054279835,44.1336115005936
10.3741071428571,1.15339061266146,1.13501345575661,1.24508487012902,44.1343862651875
10.3742063492063,1.15328894742652,1.13502093488074,1.24448948143125,44.1351609129983
10.3743055555556,1.15318729438644,1.13502836788735,1.24389437656433,44.1359354440442
10.3744047619048,1.15308565358505,1.13503575478403,1.24329955538761,44.1367098583434
10.374503968254,1.15298402506623,1.13504309557833,1.24270501776051,44.1374841559142
10.3746031746032,1.15288240887392,1.13505039027779,1.2421107635425,44.1382583367747
10.3747023809524,1.15278080505206,1.13505763888991,1.24151679259314,44.1390324009431
10.3748015873016,1.15267921364466,1.13506484142217,1.24092310477202,44.1398063484375
10.3749007936508,1.15257763469576,1.13507199788201,1.24032969993883,44.1405801792761
10.375,1.15247606824943,1.13507910827687,1.23973657795331,44.1413538934768
10.3750992063492,1.1523745143498,1.13508617261413,1.23914373867527,44.1421274910578
10.3751984126984,1.15227297304101,1.13509319090116,1.23855118196459,44.142900972037
10.3752976190476,1.15217144436728,1.1351001631453,1.23795890768119,44.1436743364324
10.3753968253968,1.15206992837282,1.13510708935386,1.23736691568508,44.144447584262
10.375496031746,1.15196842510193,1.13511396953412,1.23677520583633,44.1452207155436
10.3755952380952,1.15186693459891,1.13512080369333,1.23618377799508,44.1459937302951
10.3756944444444,1.15176545690812,1.13512759183873,1.23559263202152,44.1467666285344
10.3757936507937,1.15166399207394,1.1351343339775,1.23500176777592,44.1475394102793
10.3758928571429,1.15156254014082,1.13514103011684,1.23441118511862,44.1483120755475
10.3759920634921,1.15146110115323,1.13514768026387,1.23382088391,44.1490846243569
10.3760912698413,1.15135967515568,1.13515428442571,1.23323086401053,44.1498570567251
10.3761904761905,1.15125826219272,1.13516084260945,1.23264112528074,44.1506293726699
10.3762896825397,1.15115686230893,1.13516735482216,1.23205166758122,44.1514015722088
10.3763888888889,1.15105547554896,1.13517382107085,1.23146249077263,44.1521736553596
10.3764880952381,1.15095410195747,1.13518024136255,1.23087359471568,44.1529456221398
10.3765873015873,1.15085274157916,1.13518661570423,1.23028497927118,44.153717472567
10.3766865079365,1.1507513944588,1.13519294410283,1.22969664429996,44.1544892066588
10.3767857142857,1.15065006064115,1.13519922656527,1.22910858966296,44.1552608244325
10.3768849206349,1.15054874017106,1.13520546309846,1.22852081522115,44.1560323259058
10.3769841269841,1.15044743309338,1.13521165370925,1.22793332083559,44.156803711096
10.3770833333333,1.15034613945303,1.13521779840449,1.22734610636739,44.1575749800206
10.3771825396825,1.15024485929495,1.13522389719098,1.22675917167773,44.1583461326969
10.3772817460317,1.15014359266412,1.13522995007551,1.22617251662786,44.1591171691423
10.377380952381,1.15004233960556,1.13523595706483,1.2255861410791,44.1598880893741
10.3774801587302,1.14994110016435,1.13524191816567,1.22500004489281,44.1606588934096
10.3775793650794,1.14983987438558,1.13524783338473,1.22441422793044,44.161429581266
10.3776785714286,1.14973866204166,1.13525370283756,1.22382869005451,44.1622001530701
10.3777777777778,1.14963745926866,1.13525952809077,1.22324343114433,44.1629706104085
10.377876984127,1.14953626479884,1.13526530967308,1.22265845107739,44.1637409538232
10.3779761904762,1.14943507862999,1.13527104760785,1.22207374972753,44.1645111833475
10.3780753968254,1.14933390075989,1.13527674191838,1.22148932696862,44.165281299015
10.3781746031746,1.14923273118636,1.13528239262801,1.22090518267456,44.166051300859
10.3782738095238,1.14913156990721,1.13528799976003,1.22032131671932,44.1668211889129
10.378373015873,1.14903041692028,1.13529356333772,1.21973772897688,44.1675909632101
10.3784722222222,1.1489292722234,1.13529908338438,1.21915441932128,44.1683606237839
10.3785714285714,1.14882813581442,1.13530455992325,1.21857138762659,44.1691301706678
10.3786706349206,1.14872700769123,1.13530999297759,1.21798863376692,44.1698996038951
10.3787698412698,1.14862588785168,1.13531538257065,1.21740615761642,44.1706689234991
10.378869047619,1.14852477629367,1.13532072872565,1.2168239590493,44.1714381295131
10.3789682539683,1.14842367301511,1.1353260314658,1.21624203793978,44.1722072219704
10.3790674603175,1.14832257801391,1.13533129081432,1.21566039416215,44.1729762009043
10.3791666666667,1.14822149128798,1.1353365067944,1.2150790275907,44.1737450663481
10.3792658730159,1.14812041283527,1.13534167942921,1.2144979380998,44.174513818335
10.3793650793651,1.14801934265373,1.13534680874192,1.21391712556385,44.1752824568983
10.3794642857143,1.14791828074131,1.13535189475569,1.21333658985728,44.1760509820711
10.3795634920635,1.14781722709598,1.13535693749366,1.21275633085455,44.1768193938868
10.3796626984127,1.14771618171574,1.13536193697897,1.2121763484302,44.1775876923784
10.3797619047619,1.14761514459858,1.13536689323473,1.21159664245877,44.1783558775793
10.3798611111111,1.1475141157425,1.13537180628405,1.21101721281487,44.1791239495225
10.3799603174603,1.14741309514553,1.13537667615002,1.21043805937312,44.1798919082412
10.3800595238095,1.14731208280569,1.13538150285574,1.20985918200821,44.1806597537686
10.3801587301587,1.14721107872103,1.13538628642427,1.20928058059485,44.1814274861378
10.3802579365079,1.1471100828896,1.13539102687866,1.20870225500779,44.1821951053819
10.3803571428571,1.14700909530947,1.13539572424198,1.20812420512184,44.1829626115339
10.3804563492063,1.14690811597871,1.13540037853724,1.20754643081184,44.1837300046271
10.3805555555556,1.14680714489543,1.13540498978748,1.20696893195266,44.1844972846944
10.3806547619048,1.14670618205772,1.1354095580157,1.20639170841922,44.1852644517689
10.380753968254,1.14660522746369,1.13541408324491,1.20581476008648,44.1860315058837
10.3808531746032,1.14650428111147,1.13541856549808,1.20523808682944,44.1867984470717
10.3809523809524,1.14640334299919,1.1354230047982,1.20466168852313,44.1875652753661
10.3810515873016,1.14630241312502,1.13542740116822,1.20408556504264,44.1883319907997
10.3811507936508,1.1462014914871,1.1354317546311,1.20350971626308,44.1890985934057
10.38125,1.14610057808361,1.13543606520978,1.20293414205961,44.1898650832168
10.3813492063492,1.14599967291274,1.13544033292717,1.20235884230744,44.1906314602662
10.3814484126984,1.14589877597268,1.1354445578062,1.2017838168818,44.1913977245868
10.3815476190476,1.14579788726164,1.13544873986976,1.20120906565798,44.1921638762114
10.3816468253968,1.14569700677784,1.13545287914074,1.20063458851129,44.1929299151731
10.381746031746,1.14559613451952,1.13545697564203,1.2000603853171,44.1936958415046
10.3818452380952,1.14549527048491,1.13546102939649,1.1994864559508,44.1944616552389
10.3819444444444,1.14539441467227,1.13546504042696,1.19891280028784,44.1952273564089
10.3820436507937,1.14529356707988,1.1354690087563,1.19833941820371,44.1959929450473
10.3821428571429,1.145192727706,1.13547293440733,1.19776630957391,44.1967584211872
10.3822420634921,1.14509189654894,1.13547681740286,1.19719347427402,44.1975237848612
10.3823412698413,1.14499107360698,1.13548065776571,1.19662091217963,44.1982890361022
10.3824404761905,1.14489025887846,1.13548445551866,1.19604862316639,44.199054174943
10.3825396825397,1.14478945236169,1.1354882106845,1.19547660710999,44.1998192014165
10.3826388888889,1.14468865405502,1.13549192328599,1.19490486388614,44.2005841155552
10.3827380952381,1.14458786395679,1.13549559334589,1.1943333933706,44.2013489173921
10.3828373015873,1.14448708206536,1.13549922088695,1.19376219543919,44.2021136069599
10.3829365079365,1.14438630837912,1.13550280593189,1.19319126996774,44.2028781842912
10.3830357142857,1.14428554289644,1.13550634850344,1.19262061683214,44.2036426494188
10.3831349206349,1.14418478561573,1.1355098486243,1.19205023590831,44.2044070023755
10.3832341269841,1.14408403653538,1.13551330631718,1.19148012707222,44.2051712431938
10.3833333333333,1.14398329565383,1.13551672160475,1.19091029019986,44.2059353719066
10.3834325396825,1.14388256296951,1.13552009450968,1.1903407251673,44.2066993885463
10.3835317460317,1.14378183848086,1.13552342505464,1.18977143185061,44.2074632931457
10.383630952381,1.14368112218634,1.13552671326227,1.18920241012592,44.2082270857374
10.3837301587302,1.14358041408442,1.13552995915522,1.18863365986939,44.208990766354
10.3838293650794,1.14347971417357,1.13553316275609,1.18806518095723,44.2097543350282
10.3839285714286,1.14337902245229,1.1355363240875,1.18749697326569,44.2105177917924
10.3840277777778,1.14327833891909,1.13553944317206,1.18692903667105,44.2112811366793
10.384126984127,1.14317766357247,1.13554252003234,1.18636137104964,44.2120443697215
10.3842261904762,1.14307699641097,1.13554555469093,1.18579397627782,44.2128074909514
10.3843253968254,1.14297633743313,1.13554854717039,1.18522685223201,44.2135705004016
10.3844246031746,1.14287568663749,1.13555149749326,1.18465999878864,44.2143333981047
10.3845238095238,1.14277504402263,1.13555440568208,1.18409341582422,44.2150961840931
10.384623015873,1.14267440958711,1.13555727175939,1.18352710321526,44.2158588583993
10.3847222222222,1.14257378332952,1.13556009574769,1.18296106083833,44.2166214210558
10.3848214285714,1.14247316524846,1.13556287766949,1.18239528857004,44.217383872095
10.3849206349206,1.14237255534254,1.13556561754727,1.18182978628704,44.2181462115495
10.3850198412698,1.14227195361038,1.13556831540352,1.18126455386603,44.2189084394515
10.385119047619,1.14217136005062,1.13557097126071,1.18069959118372,44.2196705558336
10.3852182539683,1.14207077466191,1.13557358514128,1.18013489811689,44.2204325607282
10.3853174603175,1.14197019744289,1.13557615706767,1.17957047454235,44.2211944541676
10.3854166666667,1.14186962839225,1.13557868706232,1.17900632033695,44.2219562361841
10.3855158730159,1.14176906750865,1.13558117514765,1.17844243537758,44.2227179068103
10.3856150793651,1.1416685147908,1.13558362134605,1.17787881954116,44.2234794660783
10.3857142857143,1.1415679702374,1.13558602567993,1.17731547270467,44.2242409140206
10.3858134920635,1.14146743384716,1.13558838817165,1.17675239474512,44.2250022506695
10.3859126984127,1.14136690561881,1.13559070884361,1.17618958553956,44.2257634760572
10.3860119047619,1.1412663855511,1.13559298771814,1.17562704496508,44.2265245902161
10.3861111111111,1.14116587364278,1.13559522481759,1.17506477289882,44.2272855931783
10.3862103174603,1.14106536989261,1.1355974201643,1.17450276921794,44.2280464849763
10.3863095238095,1.14096487429936,1.13559957378059,1.17394103379965,44.2288072656422
10.3864087301587,1.14086438686183,1.13560168568876,1.17337956652121,44.2295679352083
10.3865079365079,1.14076390757881,1.13560375591112,1.17281836725992,44.2303284937067
10.3866071428571,1.14066343644911,1.13560578446994,1.1722574358931,44.2310889411697
10.3867063492063,1.14056297347156,1.1356077713875,1.17169677229813,44.2318492776295
10.3868055555556,1.140462518645,1.13560971668605,1.17113637635242,44.2326095031182
10.3869047619048,1.14036207196826,1.13561162038786,1.17057624793343,44.233369617668
10.387003968254,1.14026163344021,1.13561348251514,1.17001638691864,44.2341296213111
10.3871031746032,1.14016120305972,1.13561530309013,1.1694567931856,44.2348895140796
10.3872023809524,1.14006078082567,1.13561708213504,1.16889746661186,44.2356492960055
10.3873015873016,1.13996036673696,1.13561881967207,1.16833840707507,44.2364089671211
10.3874007936508,1.13985996079248,1.1356205157234,1.16777961445285,44.2371685274584
10.3875,1.13975956299116,1.13562217031121,1.16722108862292,44.2379279770494
10.3875992063492,1.13965917333193,1.13562378345766,1.166662829463,44.2386873159262
10.3876984126984,1.13955879181373,1.13562535518491,1.16610483685087,44.239446544121
10.3877976190476,1.13945841843551,1.13562688551509,1.16554711066434,44.2402056616656
10.3878968253968,1.13935805319623,1.13562837447033,1.16498965078128,44.2409646685922
10.387996031746,1.13925769609488,1.13562982207274,1.16443245707958,44.2417235649326
10.3880952380952,1.13915734713044,1.13563122834443,1.16387552943717,44.2424823507191
10.3881944444444,1.13905700630191,1.13563259330749,1.16331886773204,44.2432410259834
10.3882936507937,1.13895667360831,1.13563391698399,1.16276247184219,44.2439995907575
10.3883928571429,1.13885634904865,1.13563519939601,1.16220634164569,44.2447580450735
10.3884920634921,1.13875603262198,1.1356364405656,1.16165047702063,44.2455163889632
10.3885912698413,1.13865572432734,1.13563764051479,1.16109487784515,44.2462746224585
10.3886904761905,1.1385554241638,1.13563879926562,1.16053954399743,44.2470327455914
10.3887896825397,1.13845513213041,1.13563991684011,1.15998447535569,44.2477907583938
10.3888888888889,1.13835484822627,1.13564099326026,1.15942967179818,44.2485486608975
10.3889880952381,1.13825457245047,1.13564202854807,1.15887513320321,44.2493064531343
10.3890873015873,1.13815430480212,1.13564302272551,1.15832085944911,44.2500641351362
10.3891865079365,1.13805404528033,1.13564397581457,1.15776685041425,44.250821706935
10.3892857142857,1.13795379388424,1.13564488783718,1.15721310597707,44.2515791685625
10.3893849206349,1.13785355061299,1.13564575881531,1.15665962601601,44.2523365200504
10.3894841269841,1.13775331546573,1.13564658877088,1.15610641040959,44.2530937614306
10.3895833333333,1.13765308844163,1.13564737772582,1.15555345903634,44.2538508927349
10.3896825396825,1.13755286953986,1.13564812570203,1.15500077177484,44.254607913995
10.3897817460317,1.13745265875962,1.13564883272141,1.15444834850371,44.2553648252426
10.389880952381,1.13735245610011,1.13564949880584,1.15389618910162,44.2561216265096
10.3899801587302,1.13725226156054,1.1356501239772,1.15334429344725,44.2568783178276
10.3900793650794,1.13715207514013,1.13565070825735,1.15279266141936,44.2576348992283
10.3901785714286,1.13705189683813,1.13565125166814,1.15224129289672,44.2583913707434
10.3902777777778,1.13695172665377,1.1356517542314,1.15169018775816,44.2591477324046
10.390376984127,1.13685156458633,1.13565221596896,1.15113934588254,44.2599039842436
10.3904761904762,1.13675141063506,1.13565263690262,1.15058876714877,44.2606601262919
10.3905753968254,1.13665126479927,1.1356530170542,1.15003845143577,44.2614161585813
10.3906746031746,1.13655112707824,1.13565335644547,1.14948839862254,44.2621720811434
10.3907738095238,1.13645099747127,1.13565365509822,1.1489386085881,44.2629278940097
10.390873015873,1.1363508759777,1.1356539130342,1.14838908121151,44.2636835972119
10.3909722222222,1.13625076259685,1.13565413027518,1.14783981637188,44.2644391907815
10.3910714285714,1.13615065732807,1.13565430684287,1.14729081394835,44.2651946747501
10.3911706349206,1.1360505601707,1.13565444275903,1.14674207382011,44.2659500491492
10.3912698412698,1.13595047112412,1.13565453804536,1.14619359586637,44.2667053140104
10.391369047619,1.1358503901877,1.13565459272356,1.14564537996641,44.2674604693652
10.3914682539683,1.13575031736084,1.13565460681532,1.14509742599952,44.2682155152451
10.3915674603175,1.13565025264294,1.13565458034233,1.14454973384505,44.2689704516816
10.3916666666667,1.13555019603341,1.13565451332625,1.14400230338239,44.2697252787062
10.3917658730159,1.13545014753167,1.13565440578873,1.14345513449097,44.2704799963503
10.3918650793651,1.13535010713718,1.13565425775142,1.14290822705024,44.2712346046453
10.3919642857143,1.13525007484936,1.13565406923595,1.14236158093972,44.2719891036228
10.3920634920635,1.13515005066769,1.13565384026394,1.14181519603894,44.2727434933142
10.3921626984127,1.13505003459165,1.13565357085699,1.14126907222751,44.2734977737508
10.3922619047619,1.1349500266207,1.1356532610367,1.14072320938503,44.274251944964
10.3923611111111,1.13485002675436,1.13565291082465,1.14017760739118,44.2750060069852
10.3924603174603,1.13475003499212,1.13565252024241,1.13963226612568,44.2757599598458
10.3925595238095,1.13465005133352,1.13565208931154,1.13908718546825,44.2765138035771
10.3926587301587,1.13455007577808,1.13565161805358,1.13854236529871,44.2772675382105
10.3927579365079,1.13445010832534,1.13565110649006,1.13799780549686,44.2780211637773
10.3928571428571,1.13435014897487,1.13565055464252,1.13745350594257,44.2787746803088
10.3929563492063,1.13425019772623,1.13564996253246,1.13690946651577,44.2795280878362
10.3930555555556,1.13415025457899,1.13564933018137,1.13636568709639,44.2802813863909
10.3931547619048,1.13405031953276,1.13564865761074,1.13582216756442,44.2810345760042
10.393253968254,1.13395039258713,1.13564794484204,1.1352789077999,44.2817876567072
10.3933531746032,1.13385047374172,1.13564719189674,1.13473590768289,44.2825406285312
10.3934523809524,1.13375056299616,1.13564639879629,1.1341931670935,44.2832934915074
10.3935515873016,1.13365066035008,1.13564556556211,1.13365068591188,44.2840462456671
10.3936507936508,1.13355076580314,1.13564469221564,1.13310846401822,44.2847988910414
10.39375,1.13345087935499,1.13564377877829,1.13256650129275,44.2855514276616
10.3938492063492,1.13335100100531,1.13564282527146,1.13202479761575,44.2863038555587
10.3939484126984,1.1332511307538,1.13564183171654,1.13148335286752,44.2870561747639
10.3940476190476,1.13315126860013,1.1356407981349,1.13094216692841,44.2878083853084
10.3941468253968,1.13305141454403,1.1356397245479,1.13040123967882,44.2885604872232
10.394246031746,1.13295156858522,1.13563861097691,1.12986057099918,44.2893124805396
10.3943452380952,1.13285173072343,1.13563745744326,1.12932016076995,44.2900643652885
10.3944444444444,1.1327519009584,1.13563626396828,1.12878000887166,44.2908161415011
10.3945436507937,1.13265207928989,1.13563503057327,1.12824011518484,44.2915678092084
10.3946428571429,1.13255226571768,1.13563375727956,1.12770047959011,44.2923193684415
10.3947420634921,1.13245246024153,1.13563244410843,1.12716110196808,44.2930708192314
10.3948412698413,1.13235266286124,1.13563109108115,1.12662198219943,44.2938221616092
10.3949404761905,1.13225287357662,1.135629698219,1.12608312016487,44.2945733956058
10.3950396825397,1.13215309238749,1.13562826554323,1.12554451574516,44.2953245212522
10.3951388888889,1.13205331929366,1.13562679307509,1.1250061688211,44.2960755385794
10.3952380952381,1.13195355429498,1.1356252808358,1.1244680792735,44.2968264476185
10.3953373015873,1.13185379739131,1.13562372884659,1.12393024698325,44.2975772484002
10.3954365079365,1.1317540485825,1.13562213712865,1.12339267183127,44.2983279409557
10.3955357142857,1.13165430786843,1.1356205057032,1.12285535369851,44.2990785253157
10.3956349206349,1.13155457524898,1.1356188345914,1.12231829246596,44.2998290015112
10.3957341269841,1.13145485072407,1.13561712381443,1.12178148801466,44.3005793695731
10.3958333333333,1.13135513429358,1.13561537339345,1.12124494022568,44.3013296295323
10.3959325396825,1.13125542595746,1.1356135833496,1.12070864898015,44.3020797814196
10.3960317460317,1.13115572571562,1.13561175370402,1.1201726141592,44.3028298252659
10.396130952381,1.13105603356803,1.13560988447783,1.11963683564405,44.3035797611021
10.3962301587302,1.13095634951463,1.13560797569214,1.11910131331593,44.3043295889589
10.3963293650794,1.13085667355539,1.13560602736805,1.11856604705611,44.3050793088671
10.3964285714286,1.1307570056903,1.13560403952664,1.11803103674591,44.3058289208576
10.3965277777778,1.13065734591936,1.13560201218899,1.11749628226668,44.3065784249612
10.396626984127,1.13055769424255,1.13559994537616,1.11696178349984,44.3073278212085
10.3967261904762,1.13045805065991,1.1355978391092,1.1164275403268,44.3080771096304
10.3968253968254,1.13035841517146,1.13559569340915,1.11589355262905,44.3088262902576
10.3969246031746,1.13025878777724,1.13559350829702,1.11535982028812,44.3095753631208
10.3970238095238,1.1301591684773,1.13559128379384,1.11482634318555,44.3103243282507
10.397123015873,1.13005955727172,1.13558901992061,1.11429312120295,44.311073185678
10.3972222222222,1.12995995416055,1.13558671669831,1.11376015422195,44.3118219354335
10.3973214285714,1.1298603591439,1.13558437414792,1.11322744212423,44.3125705775477
10.3974206349206,1.12976077222186,1.13558199229041,1.11269498479152,44.3133191120513
10.3975198412698,1.12966119339454,1.13557957114672,1.11216278210557,44.314067538975
10.397619047619,1.12956162266206,1.13557711073781,1.11163083394818,44.3148158583493
10.3977182539683,1.12946206002457,1.13557461108459,1.1110991402012,44.3155640702049
10.3978174603175,1.1293625054822,1.13557207220799,1.11056770074649,44.3163121745724
10.3979166666667,1.12926295903512,1.1355694941289,1.11003651546599,44.3170601714824
10.3980158730159,1.1291634206835,1.13556687686823,1.10950558424165,44.3178080609654
10.3981150793651,1.12906389042751,1.13556422044684,1.10897490695548,44.318555843052
10.3982142857143,1.12896436826736,1.13556152488562,1.1084444834895,44.3193035177728
10.3983134920635,1.12886485420325,1.13555879020541,1.10791431372582,44.3200510851581
10.3984126984127,1.1287653482354,1.13555601642705,1.10738439754655,44.3207985452386
10.3985119047619,1.12866585036403,1.13555320357139,1.10685473483384,44.3215458980448
10.3986111111111,1.12856636058939,1.13555035165923,1.10632532546991,44.3222931436071
10.3987103174603,1.12846687891174,1.13554746071139,1.105796169337,44.323040281956
10.3988095238095,1.12836740533133,1.13554453074866,1.10526726631738,44.3237873131219
10.3989087301587,1.12826793984844,1.13554156179183,1.10473861629338,44.3245342371354
10.3990079365079,1.12816848246336,1.13553855386166,1.10421021914737,44.3252810540267
10.3991071428571,1.1280690331764,1.13553550697891,1.10368207476175,44.3260277638264
10.3992063492063,1.12796959198787,1.13553242116434,1.10315418301895,44.3267743665648
10.3993055555556,1.12787015889808,1.13552929643867,1.10262654380147,44.3275208622723
10.3994047619048,1.12777073390738,1.13552613282263,1.10209915699183,44.3282672509793
10.399503968254,1.12767131701611,1.13552293033693,1.10157202247259,44.3290135327161
10.3996031746032,1.12757190822463,1.13551968900227,1.10104514012636,44.3297597075131
10.3997023809524,1.12747250753332,1.13551640883933,1.10051850983578,44.3305057754006
10.3998015873016,1.12737311494255,1.13551308986879,1.09999213148354,44.3312517364088
10.3999007936508,1.12727373045273,1.13550973211131,1.09946600495237,44.3319975905682
10.4,1.12717435406426,1.13550633558754,1.09894013012502,44.3327433379089
10.4000992063492,1.12707498577756,1.13550290031812,1.09841450688431,44.3334889784613
10.4001984126984,1.12697562559305,1.13549942632367,1.09788913511308,44.3342345122556
10.4002976190476,1.12687627351119,1.13549591362481,1.09736401469421,44.334979939322
10.4003968253968,1.12677692953242,1.13549236224214,1.09683914551064,44.3357252596908
10.400496031746,1.12667759365722,1.13548877219625,1.09631452744534,44.3364704733922
10.4005952380952,1.12657826588605,1.13548514350771,1.09579016038129,44.3372155804563
10.4006944444444,1.12647894621941,1.1354814761971,1.09526604420157,44.3379605809134
10.4007936507937,1.12637963465781,1.13547777028496,1.09474217878924,44.3387054747936
10.4008928571429,1.12628033120174,1.13547402579183,1.09421856402745,44.3394502621271
10.4009920634921,1.12618103585175,1.13547024273825,1.09369519979935,44.3401949429441
10.4010912698413,1.12608174860836,1.13546642114473,1.09317208598816,44.3409395172745
10.4011904761905,1.12598246947213,1.13546256103178,1.09264922247712,44.3416839851486
10.4012896825397,1.12588319844361,1.13545866241988,1.09212660914953,44.3424283465965
10.4013888888889,1.12578393552338,1.13545472532953,1.09160424588871,44.3431726016482
10.4014880952381,1.12568468071202,1.13545074978118,1.09108213257803,44.3439167503338
10.4015873015873,1.12558543401013,1.13544673579529,1.09056026910091,44.3446607926834
10.4016865079365,1.12548619541832,1.13544268339231,1.09003865534078,44.345404728727
10.4017857142857,1.1253869649372,1.13543859259268,1.08951729118115,44.3461485584946
10.4018849206349,1.1252877425674,1.1354344634168,1.08899617650554,44.3468922820162
10.4019841269841,1.12518852830958,1.13543029588509,1.08847531119752,44.3476358993219
10.4020833333333,1.12508932216439,1.13542609001794,1.0879546951407,44.3483794104416
10.4021825396825,1.12499012413248,1.13542184583575,1.08743432821874,44.3491228154053
10.4022817460317,1.12489093421455,1.13541756335887,1.08691421031532,44.3498661142429
10.402380952381,1.12479175241128,1.13541324260767,1.08639434131417,44.3506093069844
10.4024801587302,1.12469257872337,1.13540888360249,1.08587472109908,44.3513523936597
10.4025793650794,1.12459341315154,1.13540448636368,1.08535534955384,44.3520953742987
10.4026785714286,1.12449425569652,1.13540005091155,1.08483622656231,44.3528382489314
10.4027777777778,1.12439510635904,1.13539557726641,1.08431735200839,44.3535810175876
10.402876984127,1.12429596513985,1.13539106544857,1.08379872577601,44.3543236802971
10.4029761904762,1.12419683203971,1.13538651547831,1.08328034774914,44.3550662370899
10.4030753968254,1.1240977070594,1.13538192737591,1.08276221781179,44.3558086879957
10.4031746031746,1.12399859019971,1.13537730116162,1.08224433584801,44.3565510330445
10.4032738095238,1.12389948146142,1.1353726368557,1.08172670174191,44.3572932722659
10.403373015873,1.12380038084535,1.13536793447839,1.08120931537761,44.3580354056899
10.4034722222222,1.12370128835232,1.13536319404992,1.08069217663929,44.3587774333462
10.4035714285714,1.12360220398316,1.13535841559049,1.08017528541116,44.3595193552645
10.4036706349206,1.12350312773871,1.13535359912031,1.07965864157747,44.3602611714746
10.4037698412698,1.12340405961984,1.13534874465957,1.07914224502253,44.3610028820063
10.403869047619,1.12330499962741,1.13534385222845,1.07862609563067,44.3617444868893
10.4039682539683,1.12320594776229,1.13533892184711,1.07811019328625,44.3624859861533
10.4040674603175,1.12310690402538,1.13533395353571,1.07759453787371,44.363227379828
10.4041666666667,1.12300786841759,1.13532894731439,1.07707912927748,44.3639686679431
10.4042658730159,1.12290884093983,1.13532390320327,1.07656396738208,44.3647098505282
10.4043650793651,1.12280982159302,1.13531882122248,1.07604905207203,44.365450927613
10.4044642857143,1.12271081037811,1.13531370139213,1.07553438323192,44.3661918992272
10.4045634920635,1.12261180729605,1.13530854373229,1.07501996074635,44.3669327654004
10.4046626984127,1.12251281234779,1.13530334826306,1.07450578449999,44.3676735261622
10.4047619047619,1.12241382553431,1.13529811500451,1.07399185437754,44.3684141815421
10.4048611111111,1.12231484685661,1.13529284397668,1.07347817026372,44.3691547315699
10.4049603174603,1.12221587631566,1.13528753519963,1.07296473204333,44.369895176275
10.4050595238095,1.1221169139125,1.13528218869339,1.07245153960117,44.370635515687
10.4051587301587,1.12201795964813,1.13527680447797,1.0719385928221,44.3713757498354
10.4052579365079,1.12191901352359,1.1352713825734,1.07142589159103,44.3721158787499
10.4053571428571,1.12182007553993,1.13526592299965,1.07091343579289,44.3728559024598
10.4054563492063,1.1217211456982,1.13526042577673,1.07040122531266,44.3735958209947
10.4055555555556,1.12162222399948,1.13525489092459,1.06988926003537,44.3743356343841
10.4056547619048,1.12152331044483,1.1352493184632,1.06937753984605,44.3750753426574
10.405753968254,1.12142440503536,1.13524370841251,1.06886606462983,44.3758149458442
10.4058531746032,1.12132550777217,1.13523806079245,1.06835483427184,44.3765544439737
10.4059523809524,1.12122661865638,1.13523237562295,1.06784384865726,44.3772938370756
10.4060515873016,1.12112773768911,1.13522665292392,1.06733310767131,44.3780331251792
10.4061507936508,1.1210288648715,1.13522089271525,1.06682261119926,44.3787723083138
10.40625,1.12093000020471,1.13521509501684,1.06631235912639,44.3795113865089
10.4063492063492,1.1208311436899,1.13520925984856,1.06580235133805,44.3802503597939
10.4064484126984,1.12073229532823,1.13520338723028,1.06529258771963,44.380989228198
10.4065476190476,1.12063345512091,1.13519747718183,1.06478306815655,44.3817279917508
10.4066468253968,1.12053462306913,1.13519152972307,1.06427379253426,44.3824666504814
10.406746031746,1.1204357991741,1.13518554487383,1.06376476073828,44.3832052044191
10.4068452380952,1.12033698343704,1.1351795226539,1.06325597265413,44.3839436535934
10.4069444444444,1.12023817585919,1.1351734630831,1.06274742816741,44.3846819980335
10.4070436507936,1.12013937644179,1.13516736618123,1.06223912716374,44.3854202377686
10.4071428571429,1.12004058518609,1.13516123196804,1.06173106952877,44.386158372828
10.4072420634921,1.11994180209339,1.13515506046332,1.06122325514823,44.386896403241
10.4073412698413,1.11984302716494,1.13514885168682,1.06071568390784,44.3876343290367
10.4074404761905,1.11974426040205,1.13514260565828,1.06020835569339,44.3883721502445
10.4075396825397,1.11964550180602,1.13513632239742,1.05970127039071,44.3891098668934
10.4076388888889,1.11954675137816,1.13513000192397,1.05919442788566,44.3898474790128
10.4077380952381,1.11944800911982,1.13512364425764,1.05868782806414,44.3905849866316
10.4078373015873,1.11934927503232,1.13511724941811,1.0581814708121,44.3913223897792
10.4079365079365,1.11925054911702,1.13511081742506,1.05767535601553,44.3920596884847
10.4080357142857,1.11915183137528,1.13510434829818,1.05716948356044,44.3927968827771
10.4081349206349,1.11905312180849,1.13509784205711,1.05666385333292,44.3935339726857
10.4082341269841,1.11895442041802,1.1350912987215,1.05615846521905,44.3942709582395
10.4083333333333,1.11885572720528,1.13508471831098,1.05565331910499,44.3950078394675
10.4084325396825,1.11875704217169,1.13507810084517,1.05514841487692,44.3957446163989
10.4085317460317,1.11865836531865,1.13507144634369,1.05464375242108,44.3964812890628
10.408630952381,1.11855969664761,1.13506475482613,1.05413933162371,44.3972178574881
10.4087301587302,1.11846103616002,1.13505802631207,1.05363515237114,44.3979543217039
10.4088293650794,1.11836238385733,1.13505126082109,1.05313121454972,44.3986906817392
10.4089285714286,1.11826373974102,1.13504445837274,1.05262751804582,44.399426937623
10.4090277777778,1.11816510381257,1.13503761898659,1.05212406274588,44.4001630893844
10.409126984127,1.11806647607346,1.13503074268215,1.05162084853636,44.4008991370522
10.4092261904762,1.11796785652522,1.13502382947896,1.05111787530378,44.4016350806554
10.4093253968254,1.11786924516935,1.13501687939653,1.05061514293467,44.4023709202231
10.4094246031746,1.11777064200739,1.13500989245435,1.05011265131564,44.403106655784
10.4095238095238,1.11767204704087,1.13500286867193,1.0496104003333,44.4038422873672
10.409623015873,1.11757346027136,1.13499580806872,1.04910838987433,44.4045778150015
10.4097222222222,1.11747488170041,1.1349887106642,1.04860661982544,44.4053132387158
10.4098214285714,1.1173763113296,1.13498157647782,1.04810509007338,44.406048558539
10.4099206349206,1.11727774916053,1.13497440552901,1.04760380050493,44.4067837745
10.4100198412698,1.11717919519479,1.13496719783721,1.04710275100693,44.4075188866275
10.410119047619,1.11708064943399,1.13495995342182,1.04660194146624,44.4082538949505
10.4102182539683,1.11698211187977,1.13495267230226,1.04610137176978,44.4089887994977
10.4103174603175,1.11688358253375,1.13494535449791,1.04560104180451,44.409723600298
10.4104166666667,1.11678506139759,1.13493800002816,1.0451009514574,44.4104582973801
10.4105158730159,1.11668654847294,1.13493060891236,1.04460110061549,44.4111928907728
10.4106150793651,1.11658804376147,1.13492318116987,1.04410148916586,44.4119273805049
10.4107142857143,1.11648954726487,1.13491571682004,1.04360211699561,44.4126617666051
10.4108134920635,1.11639105898484,1.1349082158822,1.0431029839919,44.4133960491022
10.4109126984127,1.11629257892308,1.13490067837567,1.04260409004192,44.4141302280248
10.4110119047619,1.11619410708131,1.13489310431974,1.04210543503289,44.4148643034016
10.4111111111111,1.11609564346126,1.13488549373372,1.04160701885211,44.4155982752614
10.4112103174603,1.11599718806467,1.13487784663689,1.04110884138687,44.4163321436329
10.4113095238095,1.11589874089331,1.13487016304851,1.04061090252453,44.4170659085446
10.4114087301587,1.11580030194892,1.13486244298785,1.04011320215249,44.4177995700253
10.4115079365079,1.1157018712333,1.13485468647416,1.03961574015818,44.4185331281035
10.4116071428571,1.11560344874823,1.13484689352665,1.03911851642906,44.419266582808
10.4117063492063,1.11550503449551,1.13483906416456,1.03862153085266,44.4199999341672
10.4118055555556,1.11540662847696,1.1348311984071,1.03812478331654,44.4207331822098
10.4119047619048,1.11530823069441,1.13482329627346,1.03762827370828,44.4214663269643
10.412003968254,1.11520984114968,1.13481535778283,1.03713200191553,44.4221993684593
10.4121031746032,1.11511145984463,1.13480738295438,1.03663596782595,44.4229323067234
10.4122023809524,1.11501308678112,1.13479937180728,1.03614017132726,44.4236651417851
10.4123015873016,1.11491472196102,1.13479132436066,1.03564461230722,44.4243978736729
10.4124007936508,1.11481636538622,1.13478324063367,1.03514929065362,44.4251305024154
10.4125,1.11471801705861,1.13477512064544,1.0346542062543,44.4258630280409
10.4125992063492,1.1146196769801,1.13476696441507,1.03415935899714,44.426595450578
10.4126984126984,1.11452134515262,1.13475877196166,1.03366474877006,44.4273277700551
10.4127976190476,1.11442302157808,1.13475054330431,1.033170375461,44.4280599865007
10.4128968253968,1.11432470625844,1.13474227846209,1.03267623895797,44.4287920999432
10.412996031746,1.11422639919565,1.13473397745407,1.032182339149,44.4295241104111
10.4130952380952,1.11412810039168,1.13472564029929,1.03168867592218,44.4302560179327
10.4131944444444,1.1140298098485,1.1347172670168,1.03119524916561,44.4309878225364
10.4132936507937,1.11393152756811,1.13470885762562,1.03070205876747,44.4317195242507
10.4133928571429,1.11383325355252,1.13470041214478,1.03020910461594,44.4324511231038
10.4134920634921,1.11373498780373,1.13469193059326,1.02971638659927,44.4331826191241
10.4135912698413,1.11363673032376,1.13468341299008,1.02922390460574,44.43391401234
10.4136904761905,1.11353848111467,1.13467485935419,1.02873165852366,44.4346453027797
10.4137896825397,1.1134402401785,1.13466626970458,1.02823964824139,44.4353764904716
10.4138888888889,1.11334200751731,1.1346576440602,1.02774787364733,44.4361075754439
10.4139880952381,1.11324378313317,1.13464898243999,1.02725633462993,44.436838557725
10.4140873015873,1.11314556702817,1.13464028486287,1.02676503107766,44.4375694373431
10.4141865079365,1.11304735920441,1.13463155134778,1.02627396287904,44.4383002143265
10.4142857142857,1.11294915966399,1.13462278191362,1.02578312992264,44.4390308887033
10.4143849206349,1.11285096840904,1.13461397657928,1.02529253209705,44.4397614605018
10.4144841269841,1.11275278544169,1.13460513536364,1.02480216929092,44.4404919297502
10.4145833333333,1.11265461076408,1.13459625828558,1.02431204139292,44.4412222964767
10.4146825396825,1.11255644437837,1.13458734536395,1.02382214829178,44.4419525607095
10.4147817460317,1.11245828628673,1.1345783966176,1.02333248987627,44.4426827224767
10.414880952381,1.11236013649133,1.13456941206536,1.02284306603518,44.4434127818065
10.4149801587302,1.11226199499438,1.13456039172606,1.02235387665735,44.444142738727
10.4150793650794,1.11216386179807,1.1345513356185,1.02186492163167,44.4448725932664
10.4151785714286,1.11206573690462,1.13454224376149,1.02137620084706,44.4456023454526
10.4152777777778,1.11196762031625,1.13453311617381,1.02088771419249,44.446331995314
10.415376984127,1.11186951203521,1.13452395287423,1.02039946155695,44.4470615428784
10.4154761904762,1.11177141206374,1.13451475388152,1.01991144282949,44.447790988174
10.4155753968254,1.11167332040411,1.13450551921441,1.0194236578992,44.4485203312288
10.4156746031746,1.11157523705859,1.13449624889166,1.01893610665519,44.4492495720708
10.4157738095238,1.11147716202947,1.13448694293199,1.01844878898664,44.4499787107281
10.415873015873,1.11137909531905,1.13447760135411,1.01796170478274,44.4507077472287
10.4159722222222,1.11128103692963,1.13446822417671,1.01747485393275,44.4514366816006
10.4160714285714,1.11118298686354,1.1344588114185,1.01698823632593,44.4521655138717
10.4161706349206,1.11108494512312,1.13444936309814,1.01650185185164,44.4528942440701
10.4162698412698,1.1109869117107,1.1344398792343,1.01601570039922,44.4536228722236
10.416369047619,1.11088888662865,1.13443035984564,1.01552978185809,44.4543513983601
10.4164682539683,1.11079086987933,1.13442080495078,1.01504409611768,44.4550798225077
10.4165674603175,1.11069286146512,1.13441121456838,1.01455864306749,44.4558081446942
10.4166666666667,1.11059486138842,1.13440158871703,1.01407342259704,44.4565363649476
10.4167658730159,1.11049686965163,1.13439192741534,1.0135884345959,44.4572644832956
10.4168650793651,1.11039888625717,1.13438223068191,1.01310367895368,44.4579924997661
10.4169642857143,1.11030091120747,1.13437249853531,1.01261915556002,44.4587204143871
10.4170634920635,1.11020294450496,1.13436273099411,1.01213486430461,44.4594482271863
10.4171626984127,1.1101049861521,1.13435292807687,1.01165080507717,44.4601759381916
10.4172619047619,1.11000703615135,1.13434308980214,1.01116697776749,44.4609035474307
10.4173611111111,1.10990909450518,1.13433321618844,1.01068338226535,44.4616310549315
10.4174603174603,1.10981116121609,1.13432330725429,1.01020001846062,44.4623584607217
10.4175595238095,1.10971323628657,1.1343133630182,1.00971688624318,44.4630857648291
10.4176587301587,1.10961531971914,1.13430338349866,1.00923398550296,44.4638129672815
10.4177579365079,1.10951741151631,1.13429336871416,1.00875131612993,44.4645400681065
10.4178571428571,1.10941951168062,1.13428331868318,1.00826887801409,44.4652670673319
10.4179563492063,1.10932162021462,1.13427323342416,1.00778667104551,44.4659939649855
10.4180555555556,1.10922373712087,1.13426311295555,1.00730469511426,44.4667207610949
10.4181547619048,1.10912586240193,1.1342529572958,1.00682295011048,44.4674474556877
10.418253968254,1.10902799606038,1.13424276646332,1.00634143592434,44.4681740487917
10.4183531746032,1.10893013809883,1.13423254047652,1.00586015244605,44.4689005404345
10.4184523809524,1.10883228851987,1.1342222793538,1.00537909956586,44.4696269306437
10.4185515873016,1.10873444732613,1.13421198311355,1.00489827717406,44.4703532194469
10.4186507936508,1.10863661452023,1.13420165177414,1.00441768516098,44.4710794068719
10.41875,1.10853879010481,1.13419128535393,1.003937323417,44.4718054929461
10.4188492063492,1.10844097408252,1.13418088387128,1.00345719183252,44.4725314776971
10.4189484126984,1.10834316645604,1.13417044734452,1.002977290298,44.4732573611525
10.4190476190476,1.10824536722803,1.13415997579197,1.00249761870392,44.4739831433399
10.4191468253968,1.10814757640119,1.13414946923196,1.00201817694083,44.4747088242867
10.419246031746,1.10804979397821,1.13413892768278,1.0015389648993,44.4754344040206
10.4193452380952,1.10795201996181,1.13412835116272,1.00105998246994,44.4761598825689
10.4194444444444,1.10785425435471,1.13411773969005,1.00058122954339,44.4768852599593
10.4195436507937,1.10775649715964,1.13410709328306,1.00010270601036,44.4776105362192
10.4196428571429,1.10765874837935,1.13409641195998,0.999624411761585,44.478335711376
10.4197420634921,1.10756100801661,1.13408569573905,0.999146346687829,44.4790607854572
10.4198412698413,1.10746327607418,1.13407494463852,0.99866851067991,44.4797857584903
10.4199404761905,1.10736555255485,1.13406415867659,0.998190903628683,44.4805106305026
10.4200396825397,1.1072678374614,1.13405333787146,0.997713525425042,44.4812354015216
10.4201388888889,1.10717013079665,1.13404248224134,0.997236375959923,44.4819600715746
10.4202380952381,1.10707243256342,1.1340315918044,0.9967594551243,44.4826846406891
10.4203373015873,1.10697474276453,1.13402066657881,0.996282762809189,44.4834091088924
10.4204365079365,1.10687706140283,1.13400970658272,0.995806298905646,44.4841334762119
10.4205357142857,1.10677938848116,1.13399871183428,0.99533006330476,44.4848577426748
10.4206349206349,1.1066817240024,1.13398768235163,0.99485405589768,44.4855819083086
10.4207341269841,1.10658406796942,1.13397661815288,0.994378276575577,44.4863059731405
10.4208333333333,1.10648642038512,1.13396551925614,0.993902725229667,44.4870299371978
10.4209325396825,1.10638878125238,1.1339543856795,0.993427401751206,44.4877538005079
10.4210317460317,1.10629115057414,1.13394321744106,0.992952306031493,44.4884775630978
10.421130952381,1.1061935283533,1.13393201455887,0.992477437961865,44.4892012249951
10.4212301587302,1.10609591459281,1.13392077705101,0.992002797433698,44.4899247862267
10.4213293650794,1.10599830929561,1.13390950493551,0.991528384338412,44.4906482468201
10.4214285714286,1.10590071246466,1.13389819823041,0.991054198567464,44.4913716068023
10.4215277777778,1.10580312410294,1.13388685695374,0.990580240012352,44.4920948662007
10.421626984127,1.10570554421344,1.13387548112351,0.990106508564616,44.4928180250423
10.4217261904762,1.10560797279913,1.13386407075771,0.989633004115834,44.4935410833543
10.4218253968254,1.10551040986304,1.13385262587434,0.989159726557625,44.4942640411639
10.4219246031746,1.10541285540818,1.13384114649136,0.988686675781648,44.4949868984982
10.4220238095238,1.10531530943758,1.13382963262674,0.988213851679598,44.4957096553844
10.422123015873,1.10521777195429,1.13381808429843,0.987741254143225,44.4964323118495
10.4222222222222,1.10512024296136,1.13380650152437,0.987268883064305,44.4971548679207
10.4223214285714,1.10502272246185,1.13379488432249,0.986796738334657,44.497877323625
10.4224206349206,1.10492521045885,1.13378323271069,0.986324819846142,44.4985996789895
10.4225198412698,1.10482770695544,1.13377154670688,0.985853127490661,44.4993219340412
10.422619047619,1.10473021195473,1.13375982632896,0.985381661160155,44.5000440888073
10.4227182539683,1.10463272545983,1.13374807159479,0.984910420746605,44.5007661433146
10.4228174603175,1.10453524747386,1.13373628252225,0.984439406142033,44.5014880975903
10.4229166666667,1.10443777799997,1.13372445912918,0.9839686172385,44.5022099516612
10.4230158730159,1.10434031704129,1.13371260143344,0.983498053928109,44.5029317055545
10.4231150793651,1.104242864601,1.13370070945284,0.983027716103002,44.5036533592971
10.4232142857143,1.10414542068227,1.13368878320521,0.98255760365536,44.5043749129158
10.4233134920635,1.10404798528827,1.13367682270835,0.982087716477408,44.5050963664377
10.4234126984127,1.10395055842221,1.13366482798005,0.981618054461409,44.5058177198897
10.4235119047619,1.1038531400873,1.1336527990381,0.981148617499658,44.5065389732987
10.4236111111111,1.10375573028675,1.13364073590027,0.980679405484512,44.5072601266916
10.4237103174603,1.1036583290238,1.1336286385843,0.980210418308349,44.5079811800952
10.4238095238095,1.10356093630168,1.13361650710795,0.979741655863592,44.5087021335365
10.4239087301587,1.10346355212366,1.13360434148895,0.979273118042706,44.5094229870423
10.4240079365079,1.10336617649301,1.13359214174502,0.978804804738196,44.5101437406394
10.4241071428571,1.103268809413,1.13357990789386,0.978336715842605,44.5108643943546
10.4242063492063,1.10317145088692,1.13356763995318,0.97786885124852,44.5115849482148
10.4243055555556,1.10307410091807,1.13355533794065,0.977401210848564,44.5123054022468
10.4244047619048,1.10297675950978,1.13354300187396,0.976933794535404,44.5130257564773
10.424503968254,1.10287942666536,1.13353063177075,0.976466602201745,44.5137460109331
10.4246031746032,1.10278210238816,1.13351822764868,0.975999633740333,44.514466165641
10.4247023809524,1.10268478668152,1.13350578952538,0.975532889043955,44.5151862206276
10.4248015873016,1.10258747954881,1.13349331741848,0.975066368005436,44.5159061759198
10.4249007936508,1.1024901809934,1.13348081134559,0.974600070517644,44.5166260315443
10.425,1.10239289101868,1.1334682713243,0.974133996473478,44.5173457875277
10.4250992063492,1.10229560962804,1.13345569737221,0.9736681457659,44.5180654438967
10.4251984126984,1.10219833682489,1.13344308950688,0.973202518287889,44.518785000678
10.4252976190476,1.10210107261266,1.13343044774589,0.972737113932473,44.5195044578982
10.4253968253968,1.10200381699477,1.13341777210679,0.972271932592721,44.520223815584
10.425496031746,1.10190656997467,1.13340506260711,0.971806974161741,44.520943073762
10.4255952380952,1.10180933155583,1.13339231926437,0.97134223853268,44.5216622324588
10.4256944444444,1.10171210174169,1.1333795420961,0.970877725598727,44.522381291701
10.4257936507937,1.10161488053575,1.1333667311198,0.970413435253112,44.5231002515153
10.4258928571429,1.1015176679415,1.13335388635295,0.969949367389103,44.523819111928
10.4259920634921,1.10142046396244,1.13334100781304,0.969485521900009,44.524537872966
10.4260912698413,1.10132326860209,1.13332809551753,0.969021898679181,44.5252565346555
10.4261904761905,1.10122608186397,1.13331514948387,0.968558497620008,44.5259750970233
10.4262896825397,1.10112890375163,1.13330216972952,0.96809531861592,44.5266935600958
10.4263888888889,1.10103173426861,1.13328915627189,0.967632361560387,44.5274119238994
10.4264880952381,1.10093457341848,1.1332761091284,0.967169626346914,44.5281301884607
10.4265873015873,1.1008374212048,1.13326302831647,0.966707112869064,44.5288483538062
10.4266865079365,1.10074027763118,1.13324991385348,0.966244821020422,44.5295664199623
10.4267857142857,1.10064314270121,1.13323676575682,0.965782750694618,44.5302843869554
10.4268849206349,1.10054601641849,1.13322358404385,0.965320901785326,44.531002254812
10.4269841269841,1.10044889878664,1.13321036873194,0.964859274186255,44.5317200235585
10.4270833333333,1.10035178980931,1.13319711983842,0.964397867791159,44.5324376932212
10.4271825396825,1.10025468949014,1.13318383738063,0.96393668249383,44.5331552638266
10.4272817460317,1.10015759783279,1.1331705213759,0.963475718188099,44.5338727354011
10.427380952381,1.10006051484091,1.13315717184153,0.963014974767841,44.5345901079709
10.4274801587302,1.09996344051821,1.13314378879481,0.962554452126967,44.5353073815625
10.4275793650794,1.09986637486836,1.13313037225304,0.962094150159431,44.5360245562021
10.4276785714286,1.09976931789507,1.13311692223348,0.961634068759227,44.5367416319161
10.4277777777778,1.09967226960207,1.1331034387534,0.961174207820388,44.5374586087307
10.427876984127,1.09957522999307,1.13308992183004,0.960714567236988,44.5381754866723
10.4279761904762,1.09947819907182,1.13307637148064,0.960255146903135,44.5388922657672
10.4280753968254,1.09938117684206,1.13306278772243,0.959795946712996,44.5396089460415
10.4281746031746,1.09928416330758,1.13304917057261,0.959336966560759,44.5403255275215
10.4282738095238,1.09918715847213,1.13303552004838,0.95887820634066,44.5410420102334
10.428373015873,1.0990901623395,1.13302183616694,0.958419665946974,44.5417583942035
10.4284722222222,1.0989931749135,1.13300811894546,0.957961345274015,44.542474679458
10.4285714285714,1.09889619619794,1.1329943684011,0.95750324421614,44.543190866023
10.4286706349206,1.09879922619664,1.13298058455102,0.957045362667745,44.5439069539247
10.4287698412698,1.09870226491343,1.13296676741235,0.956587700523265,44.5446229431893
10.428869047619,1.09860531235217,1.13295291700222,0.956130257677178,44.5453388338429
10.4289682539683,1.0985083685167,1.13293903333775,0.955673034023999,44.5460546259116
10.4290674603175,1.0984114334109,1.13292511643603,0.955216029458285,44.5467703194216
10.4291666666667,1.09831450703865,1.13291116631417,0.954759243874634,44.547485914399
10.4292658730159,1.09821758940384,1.13289718298923,0.954302677167683,44.5482014108697
10.4293650793651,1.09812068051039,1.1328831664783,0.95384632923211,44.54891680886
10.4294642857143,1.0980237803622,1.13286911679841,0.953390199962626,44.5496321083958
10.4295634920635,1.09792688896321,1.13285503396661,0.952934289254002,44.5503473095033
10.4296626984127,1.09783000631736,1.13284091799994,0.95247859700103,44.5510624122083
10.4297619047619,1.0977331324286,1.13282676891541,0.952023123098548,44.551777416537
10.4298611111111,1.09763626730089,1.13281258673003,0.951567867441436,44.5524923225154
10.4299603174603,1.09753941093822,1.13279837146079,0.951112829924612,44.5532071301693
10.4300595238095,1.09744256334456,1.13278412312467,0.950658010443036,44.5539218395249
10.4301587301587,1.09734572452393,1.13276984173865,0.950203408891706,44.5546364506081
10.4302579365079,1.09724889448033,1.13275552731968,0.949749025165664,44.5553509634447
10.4303571428571,1.09715207321779,1.1327411798847,0.949294859159989,44.5560653780608
10.4304563492063,1.09705526074033,1.13272679945066,0.948840910769801,44.5567796944822
10.4305555555556,1.09695845705202,1.13271238603447,0.948387179890261,44.5574939127348
10.4306547619048,1.0968616621569,1.13269793965304,0.947933666416569,44.5582080328446
10.430753968254,1.09676487605906,1.13268346032327,0.947480370243967,44.5589220548374
10.4308531746032,1.09666809876256,1.13266894806205,0.947027291267736,44.559635978739
10.4309523809524,1.09657133027151,1.13265440288624,0.946574429383191,44.5603498045753
10.4310515873016,1.09647457059002,1.13263982481271,0.946121784485707,44.5610635323722
10.4311507936508,1.0963778197222,1.13262521385831,0.945669356470678,44.5617771621554
10.43125,1.09628107767218,1.13261057003987,0.945217145233548,44.5624906939507
10.4313492063492,1.0961843444441,1.13259589337422,0.944765150669799,44.563204127784
10.4314484126984,1.09608762004212,1.13258118387817,0.944313372674953,44.563917463681
10.4315476190476,1.09599090447041,1.13256644156852,0.943861811144573,44.5646307016674
10.4316468253968,1.09589419773314,1.13255166646206,0.943410465974263,44.5653438417691
10.431746031746,1.09579749983449,1.13253685857557,0.942959337059666,44.5660568840116
10.4318452380952,1.09570081077868,1.13252201792581,0.942508424296466,44.5667698284209
10.4319444444444,1.09560413056991,1.13250714452953,0.942057727580387,44.5674826750224
10.4320436507937,1.09550745921241,1.13249223840347,0.941607246807192,44.568195423842
10.4321428571429,1.09541079671042,1.13247729956437,0.941156981872687,44.5689080749053
10.4322420634921,1.09531414306818,1.13246232802892,0.940706932672715,44.569620628238
10.4323412698413,1.09521749828995,1.13244732381385,0.940257099103162,44.5703330838657
10.4324404761905,1.09512086238001,1.13243228693584,0.939807481059948,44.571045441814
10.4325396825397,1.09502423534264,1.13241721741156,0.939358078439048,44.5717577021086
10.4326388888889,1.09492761718213,1.1324021152577,0.938908891136464,44.572469864775
10.4327380952381,1.0948310079028,1.13238698049089,0.93845991904824,44.5731819298388
10.4328373015873,1.09473440750895,1.13237181312779,0.938011162070464,44.5738938973257
10.4329365079365,1.09463781600494,1.13235661318503,0.937562620099261,44.5746057672612
10.4330357142857,1.09454123339508,1.13234138067922,0.937114293030797,44.5753175396707
10.4331349206349,1.09444465968375,1.13232611562698,0.936666180761281,44.5760292145799
10.4332341269841,1.09434809487531,1.13231081804489,0.936218283186958,44.5767407920143
10.4333333333333,1.09425153897413,1.13229548794954,0.935770600204117,44.5774522719993
10.4334325396825,1.09415499198461,1.1322801253575,0.935323131709084,44.5781636545605
10.4335317460317,1.09405845391114,1.13226473028532,0.934875877598228,44.5788749397233
10.433630952381,1.09396192475815,1.13224930274957,0.934428837767957,44.5795861275132
10.4337301587302,1.09386540453005,1.13223384276675,0.933982012114719,44.5802972179556
10.4338293650794,1.09376889323129,1.13221835035341,0.933535400535002,44.581008211076
10.4339285714286,1.09367239086631,1.13220282552605,0.933089002925329,44.5817191068998
10.4340277777778,1.09357589743958,1.13218726830117,0.932642819182282,44.5824299054523
10.434126984127,1.09347941295557,1.13217167869525,0.932196849202463,44.583140606759
10.4342261904762,1.09338293741876,1.13215605672476,0.931751092882523,44.5838512108452
10.4343253968254,1.09328647083365,1.13214040240618,0.93130555011915,44.5845617177363
10.4344246031746,1.09319001320475,1.13212471575594,0.930860220809075,44.5852721274577
10.4345238095238,1.09309356453657,1.13210899679049,0.930415104849069,44.5859824400346
10.434623015873,1.09299712483366,1.13209324552624,0.929970202135941,44.5866926554925
10.4347222222222,1.09290069410055,1.13207746197962,0.929525512566543,44.5874027738565
10.4348214285714,1.09280427234179,1.13206164616703,0.929081036037765,44.588112795152
10.4349206349206,1.09270785956197,1.13204579810485,0.928636772446539,44.5888227194042
10.4350198412698,1.09261145576565,1.13202991780945,0.928192721689835,44.5895325466385
10.435119047619,1.09251506095743,1.13201400529722,0.927748883664667,44.59024227688
10.4352182539683,1.09241867514191,1.13199806058448,0.927305258268085,44.590951910154
10.4353174603175,1.09232229832371,1.1319820836876,0.926861845397182,44.5916614464857
10.4354166666667,1.09222593050745,1.13196607462289,0.926418644949085,44.5923708859004
10.4355158730159,1.09212957169776,1.13195003340667,0.925975656820978,44.5930802284231
10.4356150793651,1.09203322189931,1.13193396005525,0.925532880910067,44.5937894740791
10.4357142857143,1.09193688111675,1.13191785458492,0.925090317113608,44.5944986228935
10.4358134920635,1.09184054935476,1.13190171701195,0.924647965328891,44.5952076748915
10.4359126984127,1.09174422661802,1.13188554735262,0.924205825453252,44.5959166300982
10.4360119047619,1.09164791291123,1.13186934562318,0.923763897384064,44.5966254885387
10.4361111111111,1.0915516082391,1.13185311183988,0.923322181018741,44.5973342502382
10.4362103174603,1.09145531260635,1.13183684601894,0.922880676254738,44.5980429152217
10.4363095238095,1.09135902601771,1.13182054817659,0.922439382989549,44.5987514835143
10.4364087301587,1.09126274847793,1.13180421832903,0.92199830112071,44.599459955141
10.4365079365079,1.09116647999176,1.13178785649245,0.921557430545795,44.6001683301269
10.4366071428571,1.09107022056398,1.13177146268305,0.921116771162419,44.6008766084971
10.4367063492063,1.09097397019936,1.13175503691699,0.920676322868239,44.6015847902765
10.4368055555556,1.09087772890269,1.13173857921043,0.92023608556095,44.6022928754902
10.4369047619048,1.09078149667879,1.13172208957952,0.919796059138282,44.6030008641631
10.437003968254,1.09068527353246,1.13170556804039,0.919356243498023,44.6037087563202
10.4371031746032,1.09058905946853,1.13168901460917,0.918916638537985,44.6044165519865
10.4372023809524,1.09049285449184,1.13167242930195,0.918477244156024,44.605124251187
10.4373015873016,1.09039665860725,1.13165581213486,0.918038060250037,44.6058318539465
10.4374007936508,1.09030047181961,1.13163916312396,0.917599086717961,44.6065393602899
10.4375,1.0902042941338,1.13162248228534,0.917160323457774,44.6072467702423
10.4375992063492,1.09010812555471,1.13160576963505,0.916721770367494,44.6079540838284
10.4376984126984,1.09001196608723,1.13158902518914,0.916283427345178,44.6086613010732
10.4377976190476,1.08991581573629,1.13157224896366,0.915845294288925,44.6093684220014
10.4378968253968,1.08981967450678,1.13155544097463,0.915407371096874,44.610075446638
10.437996031746,1.08972354240367,1.13153860123806,0.914969657667203,44.6107823750078
10.4380952380952,1.08962741943187,1.13152172976996,0.914532153898132,44.6114892071356
10.4381944444444,1.08953130559637,1.13150482658631,0.914094859687919,44.6121959430463
10.4382936507936,1.08943520090212,1.13148789170308,0.913657774934864,44.6129025827645
10.4383928571429,1.0893391053541,1.13147092513626,0.913220899537301,44.6136091263151
10.4384920634921,1.08924301895731,1.13145392690178,0.912784233393621,44.6143155737228
10.4385912698413,1.08914694171676,1.13143689701559,0.91234777640224,44.6150219250124
10.4386904761905,1.08905087363745,1.13141983549362,0.911911528461617,44.6157281802087
10.4387896825397,1.08895481472443,1.13140274235179,0.911475489470253,44.6164343393362
10.4388888888889,1.08885876498272,1.13138561760599,0.911039659326689,44.6171404024198
10.4389880952381,1.08876272441739,1.13136846127213,0.910604037929507,44.6178463694842
10.4390873015873,1.08866669303349,1.13135127336608,0.910168625177328,44.6185522405539
10.4391865079365,1.0885706708361,1.13133405390371,0.909733420968813,44.6192580156537
10.4392857142857,1.08847465783031,1.13131680290087,0.909298425202664,44.6199636948083
10.4393849206349,1.08837865402122,1.13129952037342,0.908863637777624,44.6206692780422
10.4394841269841,1.08828265941393,1.13128220633718,0.908429058592475,44.62137476538
10.4395833333333,1.08818667401358,1.13126486080798,0.907994687546039,44.6220801568464
10.4396825396825,1.08809069782529,1.13124748380161,0.907560524537181,44.622785452466
10.4397817460317,1.08799473085422,1.13123007533388,0.907126569464801,44.6234906522634
10.439880952381,1.08789877310552,1.13121263542058,0.906692822227839,44.624195756263
10.4399801587302,1.08780282458436,1.13119516407746,0.90625928272529,44.6249007644895
10.4400793650794,1.08770688529593,1.13117766132029,0.905825950856171,44.6256056769674
10.4401785714286,1.08761095524541,1.13116012716482,0.905392826519547,44.6263104937212
10.4402777777778,1.08751503443802,1.13114256162679,0.904959909614522,44.6270152147754
10.440376984127,1.08741912287897,1.13112496472191,0.904527200040241,44.6277198401545
10.4404761904762,1.08732322057349,1.13110733646589,0.904094697695888,44.628424369883
10.4405753968254,1.08722732752682,1.13108967687445,0.903662402480689,44.6291288039854
10.4406746031746,1.08713144374422,1.13107198596325,0.903230314293909,44.629833142486
10.4407738095238,1.08703556923095,1.13105426374799,0.902798433034853,44.6305373854094
10.440873015873,1.08693970399228,1.13103651024431,0.902366758602868,44.6312415327799
10.4409722222222,1.08684384803351,1.13101872546787,0.901935290897339,44.631945584622
10.4410714285714,1.08674800135994,1.13100090943431,0.901504029817692,44.63264954096
10.4411706349206,1.08665216397687,1.13098306215926,0.901072975263396,44.6333534018183
10.4412698412698,1.08655633588963,1.13096518365832,0.900642127133955,44.6340571672213
10.441369047619,1.08646051710356,1.1309472739471,0.900211485328912,44.6347608371934
10.4414682539683,1.08636470762401,1.1309293330412,0.899781049747864,44.6354644117588
10.4415674603175,1.08626890745633,1.13091136095618,0.899350820290435,44.6361678909419
10.4416666666667,1.0861731166059,1.13089335770762,0.898920796856291,44.636871274767
10.4417658730159,1.08607733507809,1.13087532331106,0.898490979345141,44.6375745632584
10.4418650793651,1.08598156287831,1.13085725778206,0.898061367656733,44.6382777564404
10.4419642857143,1.08588580001196,1.13083916113613,0.897631961690856,44.6389808543372
10.4420634920635,1.08579004648446,1.13082103338879,0.897202761347338,44.6396838569731
10.4421626984127,1.08569430230124,1.13080287455556,0.896773766526047,44.6403867643723
10.4422619047619,1.08559856746774,1.13078468465192,0.896344977126895,44.641089576559
10.4423611111111,1.08550284198941,1.13076646369336,0.895916393049829,44.6417922935575
10.4424603174603,1.08540712587173,1.13074821169533,0.89548801419484,44.6424949153919
10.4425595238095,1.08531141912016,1.13072992867331,0.895059840461957,44.6431974420864
10.4426587301587,1.0852157217402,1.13071161464273,0.894631871751251,44.6438998736653
10.4427579365079,1.08512003373735,1.13069326961903,0.894204107962833,44.6446022101525
10.4428571428571,1.08502435511712,1.13067489361763,0.893776548996846,44.6453044515723
10.4429563492063,1.08492868588504,1.13065648665393,0.893349194753494,44.6460065979488
10.4430555555556,1.08483302604665,1.13063804874334,0.892922045133002,44.646708649306
10.4431547619048,1.08473737560748,1.13061957990123,0.892495100035642,44.6474106056682
10.443253968254,1.08464173457311,1.13060108014298,0.892068359361725,44.6481124670593
10.4433531746032,1.08454610294911,1.13058254948394,0.891641823011602,44.6488142335035
10.4434523809524,1.08445048074105,1.13056398793947,0.891215490885667,44.6495159050247
10.4435515873016,1.08435486795454,1.13054539552491,0.890789362884351,44.6502174816471
10.4436507936508,1.08425926459518,1.13052677225556,0.890363438908127,44.6509189633945
10.44375,1.0841636706686,1.13050811814676,0.889937718857508,44.6516203502912
10.4438492063492,1.08406808618041,1.13048943321379,0.889512202633048,44.6523216423609
10.4439484126984,1.08397251113628,1.13047071747194,0.889086890135339,44.6530228396278
10.4440476190476,1.08387694554184,1.13045197093649,0.888661781265015,44.6537239421158
10.4441468253968,1.08378138940277,1.1304331936227,0.888236875922751,44.6544249498487
10.444246031746,1.08368584272475,1.13041438554582,0.887812174009259,44.6551258628507
10.4443452380952,1.08359030551346,1.13039554672109,0.887387675425289,44.6558266811456
10.4444444444444,1.08349477777462,1.13037667716374,0.886963380071646,44.6565274047572
10.4445436507937,1.08339925951393,1.13035777688898,0.886539287849161,44.6572280337096
10.4446428571429,1.08330375073711,1.13033884591202,0.886115398658707,44.6579285680265
10.4447420634921,1.08320825144992,1.13031988424804,0.885691712401201,44.6586290077318
10.4448412698413,1.08311276165808,1.13030089191222,0.885268228977597,44.6593293528494
10.4449404761905,1.08301728136738,1.13028186891973,0.884844948288892,44.6600296034032
10.4450396825397,1.08292181058358,1.13026281528573,0.884421870236122,44.6607297594169
10.4451388888889,1.08282634931246,1.13024373102535,0.883998994720362,44.6614298209144
10.4452380952381,1.08273089755982,1.13022461615373,0.883576321642729,44.6621297879194
10.4453373015873,1.08263545533148,1.13020547068597,0.883153850904381,44.6628296604557
10.4454365079365,1.08254002263324,1.1301862946372,0.882731582406514,44.6635294385472
10.4455357142857,1.08244459947095,1.1301670880225,0.882309516050366,44.6642291222175
10.4456349206349,1.08234918585045,1.13014785085695,0.881887651737213,44.6649287114903
10.4457341269841,1.08225378177758,1.13012858315563,0.881465989368374,44.6656282063895
10.4458333333333,1.08215838725823,1.13010928493358,0.881044528845201,44.6663276069387
10.4459325396825,1.08206300229827,1.13008995620586,0.880623270069104,44.6670269131616
10.4460317460317,1.08196762690359,1.1300705969875,0.880202212941514,44.6677261250819
10.446130952381,1.0818722610801,1.13005120729352,0.879781357363912,44.6684252427233
10.4462301587302,1.08177690483371,1.13003178713892,0.879360703237816,44.6691242661093
10.4463293650794,1.08168155817034,1.13001233653871,0.878940250464786,44.6698231952637
10.4464285714286,1.08158622109594,1.12999285550787,0.87851999894642,44.6705220302101
10.4465277777778,1.08149089361645,1.12997334406137,0.878099948584358,44.6712207709721
10.446626984127,1.08139557573784,1.12995380221417,0.877680099280281,44.6719194175732
10.4467261904762,1.08130026746608,1.12993422998122,0.877260450935908,44.6726179700371
10.4468253968254,1.08120496880716,1.12991462737746,0.876841003453,44.6733164283873
10.4469246031746,1.08110967976707,1.1298949944178,0.876421756733357,44.6740147926474
10.4470238095238,1.08101440035183,1.12987533111717,0.876002710678821,44.6747130628409
10.447123015873,1.08091913056746,1.12985563749047,0.875583865191273,44.6754112389913
10.4472222222222,1.08082387041998,1.12983591355257,0.875165220172634,44.6761093211221
10.4473214285714,1.08072861991545,1.12981615931835,0.874746775524859,44.676807309257
10.4474206349206,1.08063337905992,1.12979637480269,0.874328531149963,44.6775052034192
10.4475198412698,1.08053814785946,1.12977656002043,0.873910486949982,44.6782030036323
10.447619047619,1.08044292632014,1.1297567149864,0.873492642826997,44.6789007099198
10.4477182539683,1.08034771444808,1.12973683971545,0.873074998683133,44.679598322305
10.4478174603175,1.08025251224935,1.12971693422237,0.87265755442055,44.6802958408115
10.4479166666667,1.08015731973009,1.12969699852198,0.872240309941453,44.6809932654625
10.4480158730159,1.08006213689642,1.12967703262907,0.871823265148085,44.6816905962816
10.4481150793651,1.07996696375448,1.12965703655841,0.87140641994273,44.682387833292
10.4482142857143,1.07987180031042,1.12963701032478,0.87098977422771,44.6830849765172
10.4483134920635,1.0797766465704,1.12961695394292,0.870573327905392,44.6837820259806
10.4484126984127,1.0796815025406,1.12959686742757,0.870157080878178,44.6844789817053
10.4485119047619,1.07958636822721,1.12957675079348,0.869741033048513,44.6851758437149
10.4486111111111,1.07949124363642,1.12955660405535,0.869325184318882,44.6858726120325
10.4487103174603,1.07939612877445,1.1295364272279,0.868909534591811,44.6865692866815
10.4488095238095,1.07930102364751,1.12951622032581,0.868494083769857,44.6872658676852
10.4489087301587,1.07920592826184,1.12949598336378,0.86807883175564,44.6879623550668
10.4490079365079,1.07911084262369,1.12947571635646,0.867663778451798,44.6886587488496
10.4491071428571,1.07901576673932,1.12945541931852,0.867248923761018,44.6893550490568
10.4492063492063,1.07892070061499,1.1294350922646,0.866834267586026,44.6900512557117
10.4493055555556,1.07882564425698,1.12941473520934,0.866419809829589,44.6907473688374
10.4494047619048,1.0787305976716,1.12939434816736,0.866005550394512,44.6914433884572
10.449503968254,1.07863556086513,1.12937393115326,0.865591489183644,44.6921393145942
10.4496031746032,1.07854053384391,1.12935348418164,0.865177626099871,44.6928351472716
10.4497023809524,1.07844551661426,1.1293330072671,0.864763961046121,44.6935308865126
10.4498015873016,1.07835050918251,1.1293125004242,0.864350493925361,44.6942265323402
10.4499007936508,1.07825551155503,1.1292919636675,0.8639372246406,44.6949220847777
10.45,1.07816052373818,1.12927139701155,0.863524153094886,44.6956175438482
10.4500992063492,1.07806554573832,1.12925080047089,0.863111279191307,44.6963129095747
10.4501984126984,1.07797057756186,1.12923017406004,0.862698602832992,44.6970081819802
10.4502976190476,1.07787561921518,1.12920951779352,0.862286123923104,44.697703361088
10.4503968253968,1.07778067070471,1.12918883168583,0.861873842364864,44.698398446921
10.450496031746,1.07768573203686,1.12916811575145,0.861461758061515,44.6990934395023
10.4505952380952,1.07759080321807,1.12914737000485,0.861049870916348,44.6997883388549
10.4506944444444,1.07749588425478,1.12912659446052,0.860638180832691,44.7004831450018
10.4507936507937,1.07740097515346,1.12910578913289,0.860226687713915,44.701177857966
10.4508928571429,1.07730607592057,1.1290849540364,0.859815391463431,44.7018724777705
10.4509920634921,1.0772111865626,1.12906408918549,0.859404291984689,44.7025670044383
10.4510912698413,1.07711630708604,1.12904319459457,0.858993389181181,44.7032614379923
10.4511904761905,1.0770214374974,1.12902227027804,0.858582682956436,44.7039557784555
10.4512896825397,1.07692657780319,1.1290013162503,0.858172173214027,44.7046500258507
10.4513888888889,1.07683172800995,1.12898033252572,0.857761859857565,44.705344180201
10.4514880952381,1.07673688812421,1.12895931911867,0.857351742790702,44.7060382415291
10.4515873015873,1.07664205815254,1.12893827604351,0.856941821917131,44.706732209858
10.4516865079365,1.07654723810148,1.12891720331457,0.856532097140583,44.7074260852106
10.4517857142857,1.07645242797763,1.1288961009462,0.856122568364825,44.7081198676097
10.4518849206349,1.07635762778756,1.1288749689527,0.855713235493681,44.7088135570781
10.4519841269841,1.07626283753789,1.12885380734839,0.855304098430999,44.7095071536387
10.4520833333333,1.07616805723522,1.12883261614756,0.854895157080673,44.7102006573143
10.4521825396825,1.07607328688617,1.12881139536449,0.854486411346635,44.7108940681276
10.4522817460317,1.07597852649739,1.12879014501345,0.854077861132861,44.7115873861015
10.452380952381,1.07588377607552,1.12876886510871,0.853669506343363,44.7122806112588
10.4524801587302,1.07578903562722,1.1287475556645,0.853261346882195,44.7129737436222
10.4525793650794,1.07569430515916,1.12872621669506,0.852853382653453,44.7136667832143
10.4526785714286,1.07559958467802,1.12870484821462,0.852445613561272,44.7143597300581
10.4527777777778,1.0755048741905,1.12868345023737,0.852038039509825,44.7150525841761
10.452876984127,1.07541017370331,1.12866202277753,0.85163066040333,44.7157453455911
10.4529761904762,1.07531548322317,1.12864056584928,0.85122347614604,44.7164380143257
10.4530753968254,1.0752208027568,1.12861907946678,0.850816486642251,44.7171305904027
10.4531746031746,1.07512613231094,1.12859756364421,0.850409691796301,44.7178230738446
10.4532738095238,1.07503147189236,1.1285760183957,0.850003091512559,44.7185154646742
10.453373015873,1.07493682150782,1.12855444373541,0.849596685695453,44.719207762914
10.4534722222222,1.07484218116409,1.12853283967745,0.849190474249434,44.7198999685867
10.4535714285714,1.07474755086797,1.12851120623593,0.848784457079,44.7205920817148
10.4536706349206,1.07465293062626,1.12848954342496,0.848378634088686,44.721284102321
10.4537698412698,1.07455832044577,1.12846785125862,0.847973005183071,44.7219760304278
10.453869047619,1.07446372033332,1.128446129751,0.847567570266773,44.7226678660578
10.4539682539683,1.07436913029575,1.12842437891615,0.84716232924445,44.7233596092335
10.4540674603175,1.07427455033991,1.12840259876813,0.846757282020798,44.7240512599775
10.4541666666667,1.07417998047267,1.12838078932098,0.846352428500558,44.7247428183121
10.4542658730159,1.07408542070089,1.12835895058873,0.845947768588508,44.7254342842601
10.4543650793651,1.07399087103145,1.12833708258539,0.845543302189466,44.7261256578438
10.4544642857143,1.07389633147127,1.12831518532497,0.845139029208292,44.7268169390857
10.4545634920635,1.07380180202723,1.12829325882146,0.844734949549885,44.7275081280083
10.4546626984127,1.07370728270626,1.12827130308884,0.844331063119184,44.728199224634
10.4547619047619,1.07361277351529,1.12824931814108,0.843927369821165,44.7288902289852
10.4548611111111,1.07351827446128,1.12822730399213,0.843523869560858,44.7295811410844
10.4549603174603,1.07342378555116,1.12820526065593,0.843120562243318,44.7302719609539
10.4550595238095,1.07332930679191,1.12818318814643,0.842717447773646,44.7309626886162
10.4551587301587,1.07323483819051,1.12816108647753,0.842314526056983,44.7316533240936
10.4552579365079,1.07314037975394,1.12813895566314,0.841911796998509,44.7323438674084
10.4553571428571,1.07304593148922,1.12811679571717,0.841509260503446,44.7330343185831
10.4554563492063,1.07295149340334,1.12809460665348,0.841106916477056,44.7337246776399
10.4555555555556,1.07285706550335,1.12807238848596,0.840704764824641,44.7344149446011
10.4556547619048,1.07276264779628,1.12805014122846,0.840302805451542,44.7351051194892
10.455753968254,1.07266824028917,1.12802786489483,0.839901038263141,44.7357952023262
10.4558531746032,1.07257384298909,1.12800555949891,0.839499463164862,44.7364851931346
10.4559523809524,1.07247945590311,1.1279832250545,0.839098080062168,44.7371750919365
10.4560515873016,1.07238507903832,1.12796086157544,0.83869688886056,44.7378648987542
10.4561507936508,1.07229071240182,1.12793846907551,0.838295889465583,44.73855461361
10.45625,1.0721963560007,1.1279160475685,0.837895081782815,44.7392442365261
10.4563492063492,1.0721020098421,1.12789359706818,0.83749446571789,44.7399337675246
10.4564484126984,1.07200767393315,1.12787111758832,0.837094041176466,44.7406232066277
10.4565476190476,1.07191334828098,1.12784860914267,0.836693808064249,44.7413125538576
10.4566468253968,1.07181903289276,1.12782607174496,0.836293766286983,44.7420018092366
10.456746031746,1.07172472777566,1.12780350540892,0.835893915750451,44.7426909727866
10.4568452380952,1.07163043293685,1.12778091014826,0.835494256360481,44.7433800445299
10.4569444444444,1.07153614838352,1.12775828597668,0.835094788022935,44.7440690244885
10.4570436507937,1.07144187412288,1.12773563290788,0.834695510643721,44.7447579126846
10.4571428571429,1.07134761016215,1.12771295095553,0.834296424128784,44.7454467091403
10.4572420634921,1.07125335650854,1.1276902401333,0.833897528384109,44.7461354138776
10.4573412698413,1.0711591131693,1.12766750045484,0.833498823315723,44.7468240269185
10.4574404761905,1.07106488015169,1.12764473193378,0.833100308829693,44.7475125482852
10.4575396825397,1.07097065746295,1.12762193458376,0.832701984832125,44.7482009779996
10.4576388888889,1.07087644511037,1.1275991084184,0.832303851229166,44.7488893160838
10.4577380952381,1.07078224310124,1.1275762534513,0.831905907926997,44.7495775625598
10.4578373015873,1.07068805144284,1.12755336969605,0.831508154831857,44.7502657174496
10.4579365079365,1.07059387014249,1.12753045716623,0.831110591850009,44.750953780775
10.4580357142857,1.07049969920752,1.12750751587542,0.83071321888776,44.7516417525582
10.4581349206349,1.07040553864525,1.12748454583716,0.830316035851459,44.7523296328209
10.4582341269841,1.07031138846303,1.127461547065,0.829919042647493,44.7530174215853
10.4583333333333,1.07021724866821,1.12743851957247,0.829522239182291,44.7537051188731
10.4584325396825,1.07012311926818,1.1274154633731,0.829125625362323,44.7543927247063
10.4585317460317,1.07002900027029,1.12739237848038,0.828729201094097,44.7550802391068
10.458630952381,1.06993489168196,1.12736926490783,0.828332966284164,44.7557676620964
10.4587301587302,1.06984079351058,1.12734612266891,0.827936920839111,44.756454993697
10.4588293650794,1.06974670576357,1.1273229517771,0.827541064665569,44.7571422339305
10.4589285714286,1.06965262844835,1.12729975224586,0.827145397670209,44.7578293828186
10.4590277777778,1.06955856157237,1.12727652408864,0.826749919759741,44.7585164403833
10.459126984127,1.06946450514308,1.12725326731887,0.826354630840915,44.7592034066462
10.4592261904762,1.06937045916794,1.12722998194998,0.825959530820516,44.7598902816292
10.4593253968254,1.06927642365442,1.12720666799537,0.825564619605387,44.7605770653541
10.4594246031746,1.06918239861002,1.12718332546845,0.825169897102394,44.7612637578426
10.4595238095238,1.06908838404223,1.1271599543826,0.824775363218448,44.7619503591164
10.459623015873,1.06899437995857,1.1271365547512,0.8243810178605,44.7626368691974
10.4597222222222,1.06890038636654,1.1271131265876,0.823986860935543,44.7633232881071
10.4598214285714,1.0688064032737,1.12708966990516,0.82359289235061,44.7640096158674
10.4599206349206,1.06871243068759,1.12706618471722,0.823199112012772,44.7646958524998
10.4600198412698,1.06861846861575,1.12704267103711,0.822805519829143,44.7653819980262
10.460119047619,1.06852451706577,1.12701912887813,0.822412115706875,44.7660680524681
10.4602182539683,1.06843057604523,1.12699555825358,0.822018899553161,44.7667540158471
10.4603174603175,1.06833664556171,1.12697195917677,0.821625871275236,44.767439888185
10.4604166666667,1.06824272562283,1.12694833166097,0.821233030780374,44.7681256695033
10.4605158730159,1.06814881623619,1.12692467571943,0.820840377975887,44.7688113598236
10.4606150793651,1.06805491740944,1.12690099136543,0.820447912769131,44.7694969591675
10.4607142857143,1.0679610291502,1.12687727861219,0.820055635067493,44.7701824675567
10.4608134920635,1.06786715146614,1.12685353747294,0.819663544778421,44.7708678850126
10.4609126984127,1.06777328436491,1.12682976796091,0.819271641809383,44.7715532115568
10.4610119047619,1.0676794278542,1.1268059700893,0.818879926067895,44.7722384472108
10.4611111111111,1.06758558194169,1.1267821438713,0.818488397461511,44.7729235919962
10.4612103174603,1.06749174663507,1.12675828932009,0.818097055897829,44.7736086459344
10.4613095238095,1.06739792194207,1.12673440644884,0.817705901284482,44.774293609047
10.4614087301587,1.0673041078704,1.12671049527071,0.817314933529149,44.7749784813554
10.4615079365079,1.06721030442781,1.12668655579885,0.816924152539545,44.7756632628811
10.4616071428571,1.06711651162203,1.12666258804637,0.816533558223427,44.7763479536455
10.4617063492063,1.06702272946082,1.12663859202642,0.816143150488592,44.7770325536701
10.4618055555556,1.06692895795196,1.12661456775208,0.815752929242878,44.7777170629762
10.4619047619048,1.06683519710324,1.12659051523647,0.81536289439416,44.7784014815853
10.462003968254,1.06674144692243,1.12656643449266,0.814973045850358,44.7790858095188
10.4621031746032,1.06664770741736,1.12654232553372,0.814583383519428,44.779770046798
10.4622023809524,1.06655397859583,1.12651818837272,0.814193907309364,44.7804541934444
10.4623015873016,1.06646026046568,1.1264940230227,0.813804617128215,44.7811382494791
10.4624007936508,1.06636655303475,1.1264698294967,0.813415512884054,44.7818222149237
10.4625,1.06627285631089,1.12644560780774,0.813026594485,44.7825060897994
10.4625992063492,1.06617917030196,1.12642135796884,0.812637861839212,44.7831898741275
10.4626984126984,1.06608549501586,1.12639707999299,0.812249314854889,44.7838735679293
10.4627976190476,1.06599183046045,1.12637277389318,0.811860953440272,44.784557171226
10.4628968253968,1.06589817664365,1.12634843968238,0.811472777503638,44.785240684039
10.462996031746,1.06580453357337,1.12632407737356,0.811084786953311,44.7859241063895
10.4630952380952,1.06571090125752,1.12629968697967,0.810696981697648,44.7866074382986
10.4631944444444,1.06561727970406,1.12627526851364,0.81030936164505,44.7872906797878
10.4632936507937,1.06552366892091,1.12625082198841,0.80992192670396,44.787973830878
10.4633928571429,1.06543006891606,1.12622634741689,0.809534676782856,44.7886568915906
10.4634920634921,1.06533647969746,1.12620184481198,0.809147611790262,44.7893398619467
10.4635912698413,1.06524290127309,1.12617731418657,0.808760731634738,44.7900227419675
10.4636904761905,1.06514933365097,1.12615275555354,0.808374036224881,44.790705531674
10.4637896825397,1.06505577683908,1.12612816892576,0.807987525469344,44.7913882310876
10.4638888888889,1.06496223084546,1.12610355431607,0.807601199276803,44.7920708402291
10.4639880952381,1.06486869567812,1.12607891173733,0.807215057555981,44.7927533591199
10.4640873015873,1.06477517134513,1.12605424120236,0.80682910021564,44.7934357877809
10.4641865079365,1.06468165785452,1.12602954272397,0.806443327164584,44.7941181262333
10.4642857142857,1.06458815521436,1.12600481631498,0.806057738311657,44.794800374498
10.4643849206349,1.06449466343273,1.12598006198818,0.805672333565741,44.7954825325963
10.4644841269841,1.06440118251773,1.12595527975635,0.805287112835759,44.7961646005489
10.4645833333333,1.06430771247745,1.12593046963226,0.804902076030677,44.7968465783771
10.4646825396825,1.06421425332001,1.12590563162866,0.804517223059499,44.7975284661019
10.4647817460317,1.06412080505353,1.1258807657583,0.804132553831267,44.7982102637441
10.464880952381,1.06402736768615,1.12585587203392,0.803748068255069,44.7988919713247
10.4649801587302,1.06393394122602,1.12583095046823,0.803363766240027,44.7995735888649
10.4650793650794,1.0638405256813,1.12580600107395,0.802979647695309,44.8002551163854
10.4651785714286,1.06374712106016,1.12578102386376,0.802595712530113,44.8009365539072
10.4652777777778,1.06365372737079,1.12575601885036,0.802211960653696,44.8016179014513
10.465376984127,1.06356034462137,1.12573098604642,0.801828391975339,44.8022991590385
10.4654761904762,1.06346697282013,1.1257059254646,0.801445006404367,44.8029803266898
10.4655753968254,1.06337361197528,1.12568083711753,0.801061803850148,44.803661404426
10.4656746031746,1.06328026209505,1.12565572101788,0.800678784222087,44.8043423922679
10.4657738095238,1.06318692318768,1.12563057717824,0.800295947429632,44.8050232902365
10.465873015873,1.06309359526143,1.12560540561125,0.79991329338227,44.8057040983526
10.4659722222222,1.06300027832458,1.12558020632949,0.799530821989528,44.8063848166369
10.4660714285714,1.06290697238538,1.12555497934555,0.799148533160974,44.8070654451103
10.4661706349206,1.06281367745215,1.12552972467202,0.798766426806215,44.8077459837936
10.4662698412698,1.06272039353317,1.12550444232145,0.7983845028349,44.8084264327076
10.466369047619,1.06262712063677,1.1254791323064,0.798002761156718,44.809106791873
10.4664682539683,1.06253385877126,1.1254537946394,0.797621201681395,44.8097870613105
10.4665674603175,1.062440607945,1.12542842933298,0.797239824318703,44.810467241041
10.4666666666667,1.06234736816632,1.12540303639966,0.796858628978443,44.8111473310851
10.4667658730159,1.06225413944359,1.12537761585194,0.796477615570478,44.8118273314635
10.4668650793651,1.06216092178519,1.12535216770231,0.796096784004689,44.812507242197
10.4669642857143,1.06206771519949,1.12532669196325,0.795716134191008,44.8131870633062
10.4670634920635,1.0619745196949,1.12530118864722,0.795335666039403,44.8138667948117
10.4671626984127,1.06188133527982,1.12527565776669,0.794955379459887,44.8145464367343
10.4672619047619,1.06178816196268,1.12525009933408,0.794575274362509,44.8152259890945
10.4673611111111,1.06169499975191,1.12522451336185,0.794195350657359,44.815905451913
10.4674603174603,1.06160184865594,1.12519889986239,0.79381560825457,44.8165848252103
10.4675595238095,1.06150870868325,1.12517325884812,0.793436047064311,44.8172641090072
10.4676587301587,1.06141557984229,1.12514759033143,0.793056666996795,44.8179433033241
10.4677579365079,1.06132246214154,1.1251218943247,0.792677467962274,44.8186224081816
10.4678571428571,1.06122935558951,1.12509617084031,0.79229844987104,44.8193014236003
10.4679563492063,1.06113626019468,1.12507041989061,0.791919612633424,44.8199803496006
10.4680555555556,1.06104317596559,1.12504464148795,0.791540956159799,44.8206591862033
10.4681547619048,1.06095010291074,1.12501883564465,0.791162480360573,44.8213379334286
10.468253968254,1.06085704103869,1.12499300237305,0.790784185146209,44.8220165912972
10.4683531746032,1.06076399035798,1.12496714168544,0.790406070427194,44.8226951598295
10.4684523809524,1.06067095087717,1.12494125359414,0.790028136114064,44.8233736390459
10.4685515873016,1.06057792260485,1.12491533811141,0.789650382117391,44.824052028967
10.4686507936508,1.06048490554959,1.12488939524955,0.789272808347789,44.8247303296131
10.46875,1.06039189972,1.1248634250208,0.788895414715912,44.8254085410047
10.4688492063492,1.06029890512468,1.12483742743741,0.788518201132455,44.8260866631622
10.4689484126984,1.06020592177226,1.12481140251163,0.788141167508152,44.826764696106
10.4690476190476,1.06011294967137,1.12478535025567,0.787764313753779,44.8274426398564
10.4691468253968,1.06001998883065,1.12475927068175,0.787387639780151,44.8281204944338
10.469246031746,1.05992703925876,1.12473316380207,0.787011145498122,44.8287982598587
10.4693452380952,1.05983410096437,1.12470702962882,0.786634830818589,44.8294759361512
10.4694444444444,1.05974117395617,1.12468086817417,0.786258695652486,44.8301535233318
10.4695436507936,1.05964825824284,1.12465467945028,0.785882739910792,44.8308310214207
10.4696428571429,1.05955535383308,1.12462846346932,0.785506963504516,44.8315084304383
10.4697420634921,1.05946246073563,1.12460222024341,0.785131366344727,44.8321857504047
10.4698412698413,1.05936957895919,1.1245759497847,0.784755948342515,44.8328629813404
10.4699404761905,1.05927670851252,1.12454965210528,0.784380709409017,44.8335401232655
10.4700396825397,1.05918384940436,1.12452332721727,0.784005649455411,44.8342171762002
10.4701388888889,1.05909100164348,1.12449697513276,0.783630768392914,44.8348941401649
10.4702380952381,1.05899816523866,1.12447059586382,0.783256066132785,44.8355710151797
10.4703373015873,1.05890534019867,1.12444418942253,0.782881542586321,44.8362478012647
10.4704365079365,1.05881252653233,1.12441775582093,0.782507197664861,44.8369244984402
10.4705357142857,1.05871972424843,1.12439129507108,0.782133031279783,44.8376011067264
10.4706349206349,1.05862693335581,1.124364807185,0.781759043342506,44.8382776261434
10.4707341269841,1.05853415386329,1.1243382921747,0.781385233764489,44.8389540567113
10.4708333333333,1.05844138577973,1.12431175005221,0.781011602457232,44.8396303984502
10.4709325396825,1.05834862911397,1.12428518082951,0.780638149332273,44.8403066513803
10.4710317460317,1.0582558838749,1.12425858451858,0.780264874301194,44.8409828155217
10.471130952381,1.0581631500714,1.1242319611314,0.779891777275607,44.8416588908944
10.4712301587302,1.05807042771235,1.12420531067992,0.779518858167185,44.8423348775185
10.4713293650794,1.05797771680666,1.12417863317609,0.779146116887623,44.8430107754141
10.4714285714286,1.05788501736325,1.12415192863184,0.77877355334866,44.8436865846012
10.4715277777778,1.05779232939105,1.1241251970591,0.778401167462079,44.8443623050997
10.471626984127,1.057699652899,1.12409843846977,0.7780289591397,44.8450379369298
10.4717261904762,1.05760698789605,1.12407165287575,0.777656928293386,44.8457134801115
10.4718253968254,1.05751433439116,1.12404484028894,0.777285074835037,44.8463889346646
10.4719246031746,1.05742169239332,1.12401800072119,0.776913398676596,44.8470643006092
10.4720238095238,1.05732906191151,1.12399113418437,0.776541899730044,44.8477395779653
10.472123015873,1.05723644295473,1.12396424069034,0.776170577907405,44.8484147667527
10.4722222222222,1.05714383553199,1.12393732025093,0.775799433120741,44.8490898669913
10.4723214285714,1.05705123965231,1.12391037287796,0.775428465282155,44.8497648787012
10.4724206349206,1.05695865532474,1.12388339858325,0.77505767430379,44.8504398019022
10.4725198412698,1.05686608255832,1.12385639737859,0.77468706009783,44.8511146366141
10.472619047619,1.0567735213621,1.12382936927578,0.774316622576493,44.8517893828569
10.4727182539683,1.05668097174516,1.1238023142866,0.773946361652053,44.8524640406504
10.4728174603175,1.05658843371658,1.1237752324228,0.773576277236809,44.8531386100144
10.4729166666667,1.05649590728545,1.12374812369614,0.773206369243106,44.8538130909688
10.4730158730159,1.05640339246089,1.12372098811836,0.772836637583328,44.8544874835333
10.4731150793651,1.05631088925201,1.12369382570119,0.772467082169901,44.8551617877278
10.4732142857143,1.05621839766794,1.12366663645635,0.772097702915289,44.855836003572
10.4733134920635,1.05612591771781,1.12363942039553,0.771728499731998,44.8565101310858
10.4734126984127,1.0560334494108,1.12361217753044,0.771359472532573,44.8571841702888
10.4735119047619,1.05594099275605,1.12358490787274,0.770990621229601,44.8578581212008
10.4736111111111,1.05584854776275,1.12355761143411,0.770621945735706,44.8585319838415
10.4737103174603,1.05575611444008,1.12353028822621,0.770253445963557,44.8592057582307
10.4738095238095,1.05566369279726,1.12350293826067,0.769885121825858,44.859879444388
10.4739087301587,1.05557128284348,1.12347556154913,0.769516973235359,44.8605530423332
10.4740079365079,1.05547888458798,1.12344815810321,0.769149000104844,44.8612265520858
10.4741071428571,1.05538649803998,1.12342072793451,0.768781202347136,44.8618999736655
10.4742063492063,1.05529412320875,1.12339327105464,0.768413579875114,44.8625733070921
10.4743055555556,1.05520176010353,1.12336578747516,0.768046132601679,44.863246552385
10.4744047619048,1.05510940873361,1.12333827720766,0.767678860439781,44.863919709564
10.474503968254,1.05501706910826,1.12331074026369,0.767311763302406,44.8645927786485
10.4746031746032,1.05492474123678,1.1232831766548,0.766944841102585,44.8652657596583
10.4747023809524,1.05483242512847,1.12325558639252,0.766578093753385,44.8659386526128
10.4748015873016,1.05474012079266,1.12322796948837,0.766211521167915,44.8666114575316
10.4749007936508,1.05464782823868,1.12320032595388,0.765845123259325,44.8672841744343
10.475,1.05455554747587,1.12317265580052,0.765478899940806,44.8679568033404
10.4750992063492,1.05446327851358,1.1231449590398,0.765112851125584,44.8686293442694
10.4751984126984,1.05437102136118,1.12311723568318,0.764746976726932,44.8693017972407
10.4752976190476,1.05427877602805,1.12308948574213,0.764381276658159,44.869974162274
10.4753968253968,1.05418654252358,1.12306170922809,0.764015750832616,44.8706464393886
10.475496031746,1.05409432085716,1.1230339061525,0.763650399163694,44.8713186286039
10.4755952380952,1.05400211103822,1.1230060765268,0.763285221564817,44.8719907299395
10.4756944444444,1.05390991307618,1.12297822036238,0.76292021794947,44.8726627434148
10.4757936507937,1.05381772698048,1.12295033767066,0.762555388231156,44.8733346690492
10.4758928571429,1.05372555276056,1.12292242846302,0.762190732323427,44.874006506862
10.4759920634921,1.05363339042589,1.12289449275085,0.761826250139877,44.8746782568727
10.4760912698413,1.05354123998593,1.12286653054549,0.761461941594137,44.8753499191006
10.4761904761905,1.05344910145018,1.12283854185832,0.761097806599879,44.8760214935651
10.4762896825397,1.05335697482813,1.12281052670066,0.760733845070816,44.8766929802855
10.4763888888889,1.05326486012929,1.12278248508385,0.760370056920701,44.8773643792811
10.4764880952381,1.05317275736317,1.12275441701921,0.760006442063327,44.8780356905713
10.4765873015873,1.05308066653932,1.12272632251803,0.759643000412528,44.8787069141754
10.4766865079365,1.05298858766726,1.12269820159162,0.759279731882177,44.8793780501126
10.4767857142857,1.05289652075657,1.12267005425124,0.758916636386189,44.8800490984022
10.4768849206349,1.0528044658168,1.12264188050818,0.758553713838517,44.8807200590635
10.4769841269841,1.05271242285754,1.12261368037368,0.758190964153155,44.8813909321157
10.4770833333333,1.05262039188837,1.12258545385898,0.757828387244132,44.882061717578
10.4771825396825,1.0525283729189,1.12255720097534,0.757465983025537,44.8827324154697
10.4772817460317,1.05243636595875,1.12252892173395,0.757103751411475,44.8834030258099
10.477380952381,1.05234437101753,1.12250061614603,0.756741692316105,44.8840735486178
10.4774801587302,1.05225238810489,1.12247228422277,0.75637980565362,44.8847439839127
10.4775793650794,1.05216041723048,1.12244392597536,0.756018091338257,44.8854143317136
10.4776785714286,1.05206845832628,1.12241554144537,0.755656549287966,44.88608459207
10.4777777777778,1.051976510289,1.1223871310792,0.755295179471761,44.8867547654347
10.477876984127,1.05188457275547,1.12235869503268,0.754933981828207,44.8874248519709
10.4779761904762,1.05179264572307,1.12233023332048,0.754572956279402,44.8880948517007
10.4780753968254,1.05170072918916,1.12230174595722,0.754212102747468,44.8887647646465
10.4781746031746,1.05160882315113,1.12227323295755,0.75385142115455,44.8894345908306
10.4782738095238,1.05151692760633,1.12224469433608,0.75349091142282,44.8901043302751
10.478373015873,1.05142504255216,1.12221613010745,0.753130573474474,44.8907739830025
10.4784722222222,1.051333167986,1.12218754028625,0.752770407231735,44.8914435490348
10.4785714285714,1.05124130390523,1.12215892488712,0.752410412616842,44.8921130283944
10.4786706349206,1.05114945030724,1.12213028392464,0.752050589552076,44.8927824211035
10.4787698412698,1.05105760718944,1.12210161741342,0.751690937959728,44.8934517271843
10.478869047619,1.0509657745492,1.12207292536804,0.751331457762119,44.894120946659
10.4789682539683,1.05087395238395,1.1220442078031,0.750972148881594,44.8947900795499
10.4790674603175,1.05078214069107,1.12201546473316,0.750613011240524,44.8954591258791
10.4791666666667,1.05069033946798,1.12198669617282,0.750254044761302,44.8961280856689
10.4792658730159,1.05059854871209,1.12195790213663,0.74989524936635,44.8967969589415
10.4793650793651,1.05050676842081,1.12192908263915,0.749536624978112,44.8974657457189
10.4794642857143,1.05041499859156,1.12190023769495,0.749178171519057,44.8981344460235
10.4795634920635,1.05032323922176,1.12187136731857,0.748819888911681,44.8988030598774
10.4796626984127,1.05023149030884,1.12184247152456,0.748461777078502,44.8994715873026
10.4797619047619,1.05013975185023,1.12181355032745,0.748103835942064,44.9001400283215
10.4798611111111,1.05004802384335,1.12178460374178,0.747746065424937,44.9008083829561
10.4799603174603,1.04995630628564,1.12175563178207,0.747388465449714,44.9014766512285
10.4800595238095,1.04986459917454,1.12172663446284,0.74703103593901,44.902144833161
10.4801587301587,1.0497729025075,1.12169761179862,0.746673776815477,44.9028129287756
10.4802579365079,1.04968121628195,1.12166856380391,0.746316688001779,44.9034809380945
10.4803571428571,1.04958954049535,1.1216394904932,0.74595976942061,44.9041488611397
10.4804563492063,1.04949787514515,1.121610391881,0.745603020994686,44.9048166979333
10.4805555555556,1.04940622022881,1.1215812679818,0.745246442646753,44.9054844484975
10.4806547619048,1.04931457574378,1.12155211881009,0.744890034299576,44.9061521128544
10.480753968254,1.04922294168753,1.12152294438034,0.744533795875949,44.906819691026
10.4808531746032,1.04913131805753,1.12149374470702,0.744177727298689,44.9074871830344
10.4809523809524,1.04903970485123,1.12146451980461,0.743821828490639,44.9081545889016
10.4810515873016,1.04894810206613,1.12143526968757,0.743466099374666,44.9088219086497
10.4811507936508,1.04885650969969,1.12140599437034,0.743110539873662,44.9094891423009
10.48125,1.04876492774939,1.12137669386738,0.742755149910543,44.910156289877
10.4813492063492,1.04867335621272,1.12134736819314,0.742399929408252,44.9108233514002
10.4814484126984,1.04858179508717,1.12131801736205,0.742044878289754,44.9114903268925
10.4815476190476,1.04849024437022,1.12128864138855,0.741689996478038,44.9121572163759
10.4816468253968,1.04839870405937,1.12125924028705,0.741335283896128,44.9128240198724
10.481746031746,1.04830717415212,1.12122981407198,0.74098074046706,44.913490737404
10.4818452380952,1.04821565464597,1.12120036275776,0.740626366113902,44.9141573689928
10.4819444444444,1.04812414553841,1.12117088635879,0.740272160759743,44.9148239146606
10.4820436507937,1.04803264682697,1.12114138488947,0.739918124327699,44.9154903744296
10.4821428571429,1.04794115850915,1.1211118583642,0.739564256740911,44.9161567483216
10.4822420634921,1.04784968058247,1.12108230679738,0.739210557922545,44.9168230363587
10.4823412698413,1.04775821304444,1.12105273020338,0.738857027795789,44.9174892385628
10.4824404761905,1.04766675589259,1.12102312859658,0.73850366628386,44.9181553549559
10.4825396825397,1.04757530912444,1.12099350199136,0.738150473309998,44.9188213855599
10.4826388888889,1.04748387273752,1.12096385040209,0.737797448797466,44.9194873303968
10.4827380952381,1.04739244672936,1.12093417384312,0.737444592669556,44.9201531894884
10.4828373015873,1.0473010310975,1.1209044723288,0.73709190484958,44.9208189628568
10.4829365079365,1.04720962583948,1.1208747458735,0.736739385260879,44.9214846505238
10.4830357142857,1.04711823095284,1.12084499449155,0.736387033826811,44.9221502525114
10.4831349206349,1.04702684643512,1.12081521819729,0.736034850470776,44.9228157688414
10.4832341269841,1.04693547228387,1.12078541700504,0.735682835116182,44.9234811995357
10.4833333333333,1.04684410849666,1.12075559092915,0.735330987686469,44.9241465446163
10.4834325396825,1.04675275507103,1.12072573998391,0.734979308105099,44.9248118041051
10.4835317460317,1.04666141200454,1.12069586418366,0.734627796295561,44.9254769780238
10.483630952381,1.04657007929475,1.12066596354269,0.734276452181369,44.9261420663944
10.4837301587302,1.04647875693925,1.12063603807531,0.733925275686059,44.9268070692387
10.4838293650794,1.04638744493558,1.12060608779582,0.733574266733197,44.9274719865786
10.4839285714286,1.04629614328133,1.12057611271849,0.733223425246368,44.9281368184359
10.4840277777778,1.04620485197408,1.12054611285763,0.732872751149186,44.9288015648325
10.484126984127,1.0461135710114,1.1205160882275,0.732522244365288,44.9294662257902
10.4842261904762,1.04602230039088,1.12048603884238,0.732171904818336,44.9301308013308
10.4843253968254,1.04593104011011,1.12045596471653,0.731821732432018,44.9307952914761
10.4844246031746,1.04583979016667,1.12042586586421,0.731471727130046,44.931459696248
10.4845238095238,1.04574855055817,1.12039574229969,0.731121888836152,44.9321240156682
10.484623015873,1.0456573212822,1.1203655940372,0.730772217474107,44.9327882497586
10.4847222222222,1.04556610233635,1.12033542109099,0.730422712967693,44.9334523985409
10.4848214285714,1.04547489371824,1.1203052234753,0.73007337524072,44.9341164620369
10.4849206349206,1.04538369542548,1.12027500120435,0.729724204217027,44.9347804402683
10.4850198412698,1.04529250745567,1.12024475429238,0.729375199820473,44.9354443332571
10.485119047619,1.04520132980644,1.12021448275359,0.729026361974945,44.9361081410248
10.4852182539683,1.04511016247539,1.12018418660221,0.728677690604353,44.9367718635933
10.4853174603175,1.04501900546015,1.12015386585244,0.728329185632633,44.9374355009842
10.4854166666667,1.04492785875835,1.12012352051849,0.727980846983745,44.9380990532194
10.4855158730159,1.04483672236762,1.12009315061454,0.727632674581676,44.9387625203206
10.4856150793651,1.04474559628558,1.12006275615478,0.727284668350434,44.9394259023094
10.4857142857143,1.04465448050988,1.12003233715341,0.726936828214056,44.9400891992076
10.4858134920635,1.04456337503815,1.12000189362459,0.726589154096601,44.9407524110369
10.4859126984127,1.04447227986804,1.1199714255825,0.726241645922154,44.9414155378191
10.4860119047619,1.04438119499719,1.11994093304131,0.725894303614819,44.9420785795757
10.4861111111111,1.04429012042326,1.11991041601517,0.725547127098741,44.9427415363285
10.4862103174603,1.04419905614389,1.11987987451824,0.725200116298074,44.9434044080991
10.4863095238095,1.04410800215674,1.11984930856466,0.724853271137002,44.9440671949093
10.4864087301587,1.04401695845947,1.11981871816858,0.724506591539734,44.9447298967806
10.4865079365079,1.04392592504976,1.11978810334414,0.724160077430504,44.9453925137348
10.4866071428571,1.04383490192525,1.11975746410546,0.723813728733572,44.9460550457935
10.4867063492063,1.04374388908363,1.11972680046667,0.723467545373219,44.9467174929782
10.4868055555556,1.04365288652257,1.11969611244188,0.723121527273755,44.9473798553108
10.4869047619048,1.04356189423974,1.11966540004522,0.722775674359513,44.9480421328127
10.487003968254,1.04347091223282,1.11963466329078,0.722429986554851,44.9487043255056
10.4871031746032,1.04337994049951,1.11960390219266,0.722084463784151,44.9493664334112
10.4872023809524,1.04328897903749,1.11957311676497,0.721739105971823,44.9500284565509
10.4873015873016,1.04319802784444,1.11954230702178,0.721393913042297,44.9506903949465
10.4874007936508,1.04310708691807,1.11951147297719,0.721048884920032,44.9513522486195
10.4875,1.04301615625607,1.11948061464527,0.720704021529506,44.9520140175914
10.4875992063492,1.04292523585615,1.11944973204009,0.720359322795234,44.952675701884
10.4876984126984,1.04283432571601,1.11941882517571,0.720014788641745,44.9533373015186
10.4877976190476,1.04274342583335,1.1193878940662,0.719670418993594,44.9539988165169
10.4878968253968,1.0426525362059,1.1193569387256,0.719326213775365,44.9546602469005
10.487996031746,1.04256165683136,1.11932595916797,0.718982172911662,44.9553215926908
10.4880952380952,1.04247078770745,1.11929495540735,0.718638296327119,44.9559828539094
10.4881944444444,1.0423799288319,1.11926392745777,0.71829458394639,44.9566440305779
10.4882936507937,1.04228908020243,1.11923287533326,0.717951035694157,44.9573051227178
10.4883928571429,1.04219824181678,1.11920179904784,0.717607651495127,44.9579661303505
10.4884920634921,1.04210741367267,1.11917069861554,0.717264431274029,44.9586270534977
10.4885912698413,1.04201659576784,1.11913957405037,0.716921374955619,44.9592878921807
10.4886904761905,1.04192578810003,1.11910842536632,0.716578482464678,44.9599486464211
10.4887896825397,1.04183499066699,1.11907725257741,0.716235753726012,44.9606093162404
10.4888888888889,1.04174420346646,1.11904605569761,0.71589318866445,44.9612699016601
10.4889880952381,1.04165342649618,1.11901483474094,0.715550787204843,44.9619304027016
10.4890873015873,1.04156265975393,1.11898358972136,0.71520854927208,44.9625908193863
10.4891865079365,1.04147190323744,1.11895232065284,0.714866474791061,44.9632511517358
10.4892857142857,1.04138115694449,1.11892102754938,0.714524563686716,44.9639113997715
10.4893849206349,1.04129042087283,1.11888971042491,0.714182815883999,44.9645715635149
10.4894841269841,1.04119969502024,1.11885836929342,0.713841231307889,44.9652316429873
10.4895833333333,1.04110897938448,1.11882700416884,0.71349980988339,44.9658916382102
10.4896825396825,1.04101827396332,1.11879561506512,0.713158551535533,44.966551549205
10.4897817460317,1.04092757875456,1.11876420199622,0.712817456189369,44.9672113759932
10.489880952381,1.04083689375596,1.11873276497605,0.712476523769978,44.9678711185961
10.4899801587302,1.04074621896532,1.11870130401855,0.712135754202464,44.9685307770351
10.4900793650794,1.04065555438041,1.11866981913764,0.711795147411955,44.9691903513316
10.4901785714286,1.04056489999904,1.11863831034724,0.711454703323603,44.9698498415071
10.4902777777778,1.040474255819,1.11860677766127,0.711114421862588,44.9705092475828
10.490376984127,1.04038362183808,1.11857522109362,0.710774302954112,44.9711685695802
10.4904761904762,1.04029299805409,1.11854364065819,0.710434346523398,44.9718278075206
10.4905753968254,1.04020238446483,1.11851203636889,0.710094552495708,44.9724869614254
10.4906746031746,1.04011178106811,1.11848040823959,0.709754920796314,44.9731460313159
10.4907738095238,1.04002118786175,1.11844875628418,0.70941545135052,44.9738050172134
10.490873015873,1.03993060484356,1.11841708051653,0.709076144083652,44.9744639191393
10.4909722222222,1.03984003201136,1.11838538095052,0.708736998921063,44.975122737115
10.4910714285714,1.03974946936298,1.11835365760001,0.708398015788128,44.9757814711616
10.4911706349206,1.03965891689623,1.11832191047885,0.70805919461025,44.9764401213006
10.4912698412698,1.03956837460895,1.1182901396009,0.707720535312856,44.9770986875533
10.491369047619,1.03947784249897,1.11825834498001,0.707382037821396,44.9777571699409
10.4914682539683,1.03938732056413,1.11822652663001,0.707043702061348,44.9784155684846
10.4915674603175,1.03929680880227,1.11819468456474,0.706705527958211,44.9790738832059
10.4916666666667,1.03920630721123,1.11816281879803,0.706367515437513,44.979732114126
10.4917658730159,1.03911581578887,1.11813092934369,0.706029664424803,44.9803902612661
10.4918650793651,1.03902533453302,1.11809901621556,0.705691974845657,44.9810483246476
10.4919642857143,1.03893486344154,1.11806707942743,0.705354446625672,44.9817063042915
10.4920634920635,1.0388444025123,1.11803511899311,0.705017079690482,44.9823642002193
10.4921626984127,1.03875395174314,1.1180031349264,0.704679873965732,44.9830220124521
10.4922619047619,1.03866351113195,1.1179711272411,0.704342829377097,44.9836797410112
10.4923611111111,1.03857308067657,1.11793909595099,0.704005945850278,44.9843373859177
10.4924603174603,1.0384826603749,1.11790704106985,0.703669223310999,44.984994947193
10.4925595238095,1.03839225022479,1.11787496261146,0.703332661685009,44.9856524248581
10.4926587301587,1.03830185022413,1.11784286058958,0.702996260898083,44.9863098189344
10.4927579365079,1.0382114603708,1.11781073501799,0.702660020876021,44.9869671294429
10.4928571428571,1.03812108066269,1.11777858591043,0.702323941544645,44.987624356405
10.4929563492063,1.03803071109767,1.11774641328066,0.701988022829806,44.9882814998417
10.4930555555556,1.03794035167366,1.11771421714243,0.701652264657378,44.9889385597742
10.4931547619048,1.03785000238853,1.11768199750947,0.701316666953258,44.9895955362237
10.493253968254,1.0377596632402,1.11764975439551,0.70098122964337,44.9902524292114
10.4933531746032,1.03766933422655,1.1176174878143,0.700645952653663,44.9909092387583
10.4934523809524,1.03757901534551,1.11758519777954,0.700310835910105,44.9915659648858
10.4935515873016,1.03748870659497,1.11755288430496,0.699975879338704,44.9922226076147
10.4936507936508,1.03739840797285,1.11752054740426,0.699641082865477,44.9928791669664
10.49375,1.03730811947707,1.11748818709114,0.699306446416473,44.9935356429619
10.4938492063492,1.03721784110554,1.11745580337932,0.698971969917764,44.9941920356224
10.4939484126984,1.03712757285619,1.11742339628247,0.698637653295447,44.9948483449688
10.4940476190476,1.03703731472695,1.11739096581429,0.698303496475646,44.9955045710224
10.4941468253968,1.03694706671575,1.11735851198846,0.697969499384506,44.9961607138042
10.494246031746,1.03685682882051,1.11732603481864,0.6976356619482,44.9968167733354
10.4943452380952,1.03676660103918,1.11729353431852,0.697301984092926,44.9974727496369
10.4944444444444,1.0366763833697,1.11726101050174,0.696968465744903,44.9981286427298
10.4945436507937,1.03658617581,1.11722846338198,0.69663510683038,44.9987844526353
10.4946428571429,1.03649597835805,1.11719589297288,0.696301907275627,44.9994401793743
10.4947420634921,1.03640579101178,1.11716329928808,0.69596886700694,45.0000958229679
10.4948412698413,1.03631561376916,1.11713068234122,0.695635985950641,45.0007513834372
10.4949404761905,1.03622544662814,1.11709804214594,0.695303264033072,45.0014068608031
10.4950396825397,1.03613528958668,1.11706537871587,0.694970701180611,45.0020622550868
10.4951388888889,1.03604514264275,1.11703269206463,0.69463829731965,45.0027175663091
10.4952380952381,1.03595500579431,1.11699998220582,0.694306052376609,45.0033727944912
10.4953373015873,1.03586487903934,1.11696724915307,0.693973966277935,45.004027939654
10.4954365079365,1.03577476237581,1.11693449291997,0.693642038950096,45.0046830018185
10.4955357142857,1.0356846558017,1.11690171352012,0.693310270319588,45.0053379810058
10.4956349206349,1.03559455931499,1.11686891096712,0.692978660312932,45.0059928772367
10.4957341269841,1.03550447291367,1.11683608527455,0.69264720885667,45.0066476905323
10.4958333333333,1.03541439659573,1.11680323645599,0.692315915877374,45.0073024209135
10.4959325396825,1.03532433035916,1.11677036452501,0.691984781301637,45.0079570684013
10.4960317460317,1.03523427420195,1.11673746949518,0.691653805056078,45.0086116330166
10.496130952381,1.0351442281221,1.11670455138007,0.691322987067343,45.0092661147804
10.4962301587302,1.03505419211762,1.11667161019324,0.690992327262099,45.0099205137136
10.4963293650794,1.03496416618652,1.11663864594822,0.690661825567041,45.0105748298371
10.4964285714286,1.03487415032679,1.11660565865856,0.690331481908883,45.0112290631719
10.4965277777778,1.03478414453646,1.11657264833782,0.690001296214377,45.0118832137389
10.496626984127,1.03469414881355,1.11653961499951,0.689671268410286,45.0125372815589
10.4967261904762,1.03460416315607,1.11650655865716,0.689341398423405,45.013191266653
10.4968253968254,1.03451418756204,1.1164734793243,0.689011686180552,45.0138451690419
10.4969246031746,1.03442422202949,1.11644037701444,0.688682131608568,45.0144989887465
10.4970238095238,1.03433426655646,1.11640725174108,0.688352734634322,45.0151527257878
10.497123015873,1.03424432114098,1.11637410351774,0.688023495184707,45.0158063801866
10.4972222222222,1.03415438578108,1.11634093235791,0.68769441318664,45.0164599519637
10.4973214285714,1.03406446047481,1.11630773827507,0.687365488567062,45.0171134411401
10.4974206349206,1.0339745452202,1.11627452128272,0.687036721252942,45.0177668477365
10.4975198412698,1.03388464001531,1.11624128139434,0.686708111171272,45.0184201717739
10.497619047619,1.0337947448582,1.11620801862339,0.686379658249067,45.019073413273
10.4977182539683,1.0337048597469,1.11617473298336,0.68605136241337,45.0197265722546
10.4978174603175,1.03361498467949,1.11614142448768,0.685723223591247,45.0203796487396
10.4979166666667,1.03352511965401,1.11610809314983,0.685395241709786,45.0210326427488
10.4980158730159,1.03343526466855,1.11607473898326,0.685067416696111,45.0216855543031
10.4981150793651,1.03334541972116,1.1160413620014,0.684739748477358,45.0223383834231
10.4982142857143,1.03325558480993,1.1160079622177,0.684412236980695,45.0229911301296
10.4983134920635,1.03316575993291,1.11597453964558,0.684084882133311,45.0236437944436
10.4984126984127,1.0330759450882,1.11594109429848,0.683757683862422,45.0242963763857
10.4985119047619,1.03298614027387,1.11590762618981,0.683430642095269,45.0249488759767
10.4986111111111,1.03289634548802,1.11587413533298,0.683103756759117,45.0256012932373
10.4987103174603,1.03280656072872,1.11584062174142,0.682777027781256,45.0262536281884
10.4988095238095,1.03271678599408,1.11580708542851,0.682450455089001,45.0269058808506
10.4989087301587,1.03262702128218,1.11577352640766,0.682124038609691,45.0275580512447
10.4990079365079,1.03253726659114,1.11573994469225,0.681797778270693,45.0282101393915
10.4991071428571,1.03244752191904,1.11570634029568,0.681471673999395,45.0288621453116
10.4992063492063,1.03235778726401,1.11567271323131,0.681145725723211,45.0295140690257
10.4993055555556,1.03226806262414,1.11563906351253,0.680819933369581,45.0301659105547
10.4994047619048,1.03217834799755,1.1156053911527,0.680494296865964,45.0308176699191
10.499503968254,1.03208864338237,1.11557169616518,0.680168816139859,45.0314693471397
10.4996031746032,1.0319989487767,1.11553797856332,0.679843491118774,45.0321209422371
10.4997023809524,1.03190926417868,1.11550423836048,0.679518321730249,45.0327724552321
10.4998015873016,1.03181958958642,1.11547047556999,0.679193307901846,45.0334238861452
10.4999007936508,1.03172992499807,1.11543669020521,0.678868449561154,45.0340752349973
10.5,1.03164027041175,1.11540288227945,0.678543746635786,45.0347265018088
10.5000992063492,1.03155062582561,1.11536905180604,0.678219199053381,45.0353776866006
10.5001984126984,1.03146099123778,1.11533519879831,0.677894806741601,45.0360287893931
10.5002976190476,1.03137136664641,1.11530132326956,0.677570569628133,45.0366798102071
10.5003968253968,1.03128175204964,1.11526742523311,0.677246487640691,45.0373307490632
10.500496031746,1.03119214744564,1.11523350470225,0.676922560707012,45.037981605982
10.5005952380952,1.03110255283255,1.11519956169028,0.676598788754858,45.0386323809841
10.5006944444444,1.03101296820853,1.1151655962105,0.676275171712012,45.0392830740901
10.5007936507937,1.03092339357174,1.11513160827618,0.675951709506294,45.0399336853206
10.5008928571429,1.03083382892036,1.11509759790061,0.675628402065537,45.0405842146962
10.5009920634921,1.03074427425254,1.11506356509706,0.675305249317603,45.0412346622375
10.5010912698413,1.03065472956646,1.11502950987879,0.674982251190378,45.0418850279651
10.5011904761905,1.0305651948603,1.11499543225906,0.674659407611773,45.0425353118995
10.5012896825397,1.03047567013224,1.11496133225113,0.674336718509725,45.0431855140613
10.5013888888889,1.03038615538045,1.11492720986825,0.674014183812195,45.0438356344711
10.5014880952381,1.03029665060313,1.11489306512367,0.673691803447168,45.0444856731493
10.5015873015873,1.03020715579846,1.1148588980306,0.673369577342656,45.0451356301166
10.5016865079365,1.03011767096464,1.1148247086023,0.673047505426694,45.0457855053934
10.5017857142857,1.03002819609986,1.11479049685198,0.672725587627342,45.0464352990003
10.5018849206349,1.02993873120233,1.11475626279286,0.672403823872686,45.0470850109579
10.5019841269841,1.02984927627024,1.11472200643815,0.672082214090835,45.0477346412865
10.5020833333333,1.02975983130181,1.11468772780107,0.671760758209926,45.0483841900068
10.5021825396825,1.02967039629524,1.11465342689481,0.671439456158112,45.0490336571392
10.5022817460317,1.02958097124875,1.11461910373258,0.671118307863589,45.0496830427042
10.502380952381,1.02949155616056,1.11458475832755,0.67079731325456,45.0503323467223
10.5024801587302,1.02940215102888,1.11455039069291,0.670476472259261,45.0509815692139
10.5025793650794,1.02931275585195,1.11451600084184,0.67015578480595,45.0516307101996
10.5026785714286,1.02922337062798,1.11448158878752,0.669835250822911,45.0522797696997
10.5027777777778,1.02913399535521,1.1144471545431,0.669514870238454,45.0529287477348
10.502876984127,1.02904463003188,1.11441269812176,0.669194642980913,45.0535776443252
10.5029761904762,1.02895527465622,1.11437821953663,0.668874568978645,45.0542264594915
10.5030753968254,1.02886592922647,1.11434371880088,0.668554648160034,45.054875193254
10.5031746031746,1.02877659374088,1.11430919592763,0.668234880453489,45.0555238456331
10.5032738095238,1.0286872681977,1.11427465093004,0.667915265787443,45.0561724166494
10.503373015873,1.02859795259517,1.11424008382122,0.667595804090354,45.0568209063231
10.5034722222222,1.02850864693156,1.11420549461431,0.667276495290704,45.0574693146747
10.5035714285714,1.02841935120513,1.11417088332242,0.666957339317002,45.0581176417246
10.5036706349206,1.02833006541413,1.11413624995866,0.666638336097775,45.0587658874932
10.5037698412698,1.02824078955683,1.11410159453615,0.66631948556159,45.0594140520008
10.503869047619,1.0281515236315,1.11406691706798,0.666000787637025,45.0600621352678
10.5039682539683,1.02806226763642,1.11403221756724,0.665682242252687,45.0607101373145
10.5040674603175,1.02797302156985,1.11399749604703,0.665363849337207,45.0613580581614
10.5041666666667,1.02788378543009,1.11396275252043,0.665045608819242,45.0620058978288
10.5042658730159,1.02779455921541,1.11392798700052,0.664727520627475,45.062653656337
10.5043650793651,1.02770534292409,1.11389319950036,0.664409584690611,45.0633013337064
10.5044642857143,1.02761613655443,1.11385839003303,0.664091800937382,45.0639489299572
10.5045634920635,1.02752694010473,1.11382355861158,0.663774169296544,45.0645964451098
10.5046626984127,1.02743775357327,1.11378870524906,0.663456689696878,45.0652438791846
10.5047619047619,1.02734857695837,1.11375382995853,0.663139362067191,45.0658912322017
10.5048611111111,1.02725941025832,1.11371893275302,0.662822186336312,45.0665385041816
10.5049603174603,1.02717025347142,1.11368401364557,0.662505162433097,45.0671856951445
10.5050595238095,1.027081106596,1.11364907264921,0.662188290286428,45.0678328051106
10.5051587301587,1.02699196963036,1.11361410977697,0.661871569825204,45.0684798341004
10.5052579365079,1.02690284257283,1.11357912504186,0.661555000978364,45.0691267821339
10.5053571428571,1.02681372542172,1.11354411845689,0.66123858367486,45.0697736492315
10.5054563492063,1.02672461817536,1.11350909003508,0.660922317843671,45.0704204354135
10.5055555555556,1.02663552083208,1.11347403978941,0.660606203413801,45.0710671407001
10.5056547619048,1.02654643339021,1.11343896773289,0.660290240314281,45.0717137651114
10.505753968254,1.02645735584807,1.1134038738785,0.659974428474164,45.0723603086679
10.5058531746032,1.02636828820402,1.11336875823923,0.65965876782253,45.0730067713896
10.5059523809524,1.0262792304564,1.11333362082805,0.659343258288482,45.0736531532968
10.5060515873016,1.02619018260354,1.11329846165793,0.659027899801151,45.0742994544097
10.5061507936508,1.0261011446438,1.11326328074184,0.658712692289688,45.0749456747485
10.50625,1.02601211657553,1.11322807809274,0.658397635683274,45.0755918143334
10.5063492063492,1.02592309839709,1.11319285372358,0.658082729911112,45.0762378731846
10.5064484126984,1.02583409010683,1.1131576076473,0.657767974902429,45.0768838513223
10.5065476190476,1.02574509170312,1.11312233987685,0.65745337058648,45.0775297487666
10.5066468253968,1.02565610318432,1.11308705042517,0.657138916892537,45.0781755655377
10.506746031746,1.02556712454881,1.11305173930517,0.656824613749912,45.0788213016558
10.5068452380952,1.02547815579495,1.11301640652979,0.656510461087929,45.079466957141
10.5069444444444,1.02538919692113,1.11298105211195,0.656196458835939,45.0801125320134
10.5070436507937,1.02530024792572,1.11294567606454,0.655882606923322,45.0807580262932
10.5071428571429,1.0252113088071,1.11291027840049,0.655568905279478,45.0814034400006
10.5072420634921,1.02512237956367,1.11287485913269,0.655255353833835,45.0820487731556
10.5073412698413,1.02503346019381,1.11283941827403,0.654941952515845,45.0826940257783
10.5074404761905,1.02494455069592,1.1128039558374,0.654628701254984,45.0833391978889
10.5075396825397,1.02485565106839,1.11276847183568,0.654315599980754,45.0839842895074
10.5076388888889,1.02476676130963,1.11273296628176,0.654002648622682,45.0846293006541
10.5077380952381,1.02467788141804,1.11269743918849,0.653689847110319,45.0852742313488
10.5078373015873,1.02458901139203,1.11266189056874,0.653377195373241,45.0859190816117
10.5079365079365,1.02450015123,1.11262632043538,0.65306469334105,45.086563851463
10.5080357142857,1.02441130093038,1.11259072880125,0.65275234094337,45.0872085409225
10.5081349206349,1.02432246049157,1.1125551156792,0.652440138109849,45.0878531500105
10.5082341269841,1.02423362991201,1.11251948108207,0.652128084770171,45.0884976787469
10.5083333333333,1.02414480919012,1.11248382502269,0.651816180854031,45.0891421271518
10.5084325396825,1.02405599832432,1.1124481475139,0.651504426291155,45.0897864952452
10.5085317460317,1.02396719731305,1.11241244856852,0.651192821011294,45.0904307830472
10.508630952381,1.02387840615474,1.11237672819936,0.650881364944222,45.0910749905777
10.5087301587302,1.02378962484784,1.11234098641923,0.650570058019738,45.0917191178568
10.5088293650794,1.02370085339078,1.11230522324094,0.650258900167668,45.0923631649045
10.5089285714286,1.02361209178201,1.11226943867729,0.649947891317861,45.0930071317407
10.5090277777778,1.02352334001997,1.11223363274108,0.649637031400192,45.0936510183855
10.509126984127,1.02343459810313,1.11219780544508,0.649326320344559,45.0942948248588
10.5092261904762,1.02334586602994,1.11216195680208,0.649015758080887,45.0949385511807
10.5093253968254,1.02325714379885,1.11212608682486,0.648705344539125,45.0955821973711
10.5094246031746,1.02316843140833,1.11209019552618,0.648395079649246,45.0962257634498
10.5095238095238,1.02307972885685,1.11205428291882,0.648084963341249,45.096869249437
10.509623015873,1.02299103614288,1.11201834901551,0.647774995545153,45.0975126553525
10.5097222222222,1.02290235326489,1.11198239382903,0.647465176191015,45.0981559812163
10.5098214285714,1.02281368022135,1.11194641737211,0.647155505208904,45.0987992270483
10.5099206349206,1.02272501701075,1.11191041965749,0.646845982528917,45.0994423928685
10.5100198412698,1.02263636363157,1.11187440069792,0.646536608081178,45.1000854786966
10.510119047619,1.0225477200823,1.11183836050611,0.646227381795835,45.1007284845528
10.5102182539683,1.02245908636143,1.11180229909478,0.645918303603059,45.1013714104567
10.5103174603175,1.02237046246745,1.11176621647666,0.645609373433049,45.1020142564285
10.5104166666667,1.02228184839886,1.11173011266446,0.645300591216026,45.1026570224878
10.5105158730159,1.02219324415417,1.11169398767088,0.644991956882237,45.1032997086547
10.5106150793651,1.02210464973187,1.11165784150861,0.644683470361955,45.103942314949
10.5107142857143,1.02201606513047,1.11162167419036,0.644375131585477,45.1045848413905
10.5108134920635,1.02192749034849,1.1115854857288,0.644066940483123,45.1052272879991
10.5109126984127,1.02183892538444,1.11154927613662,0.64375889698524,45.1058696547946
10.5110119047619,1.02175037023684,1.11151304542649,0.6434510010222,45.106511941797
10.5111111111111,1.02166182490421,1.11147679361108,0.643143252524395,45.107154149026
10.5112103174603,1.02157328938508,1.11144052070306,0.642835651422254,45.1077962765014
10.5113095238095,1.02148476367797,1.11140422671508,0.642528197646218,45.1084383242431
10.5114087301587,1.02139624778142,1.11136791165979,0.642220891126759,45.109080292271
10.5115079365079,1.02130774169396,1.11133157554985,0.641913731794372,45.1097221806047
10.5116071428571,1.02121924541413,1.11129521839788,0.641606719579577,45.1103639892641
10.5117063492063,1.02113075894048,1.11125884021652,0.64129985441292,45.1110057182689
10.5118055555556,1.02104228227155,1.1112224410184,0.64099313622497,45.1116473676391
10.5119047619048,1.02095381540589,1.11118602081614,0.640686564946323,45.1122889373943
10.512003968254,1.02086535834205,1.11114957962235,0.640380140507599,45.1129304275543
10.5121031746032,1.0207769110786,1.11111311744965,0.640073862839442,45.1135718381389
10.5122023809524,1.02068847361408,1.11107663431065,0.639767731872521,45.1142131691678
10.5123015873016,1.02060004594707,1.11104013021792,0.639461747537531,45.1148544206607
10.5124007936508,1.02051162807612,1.11100360518408,0.639155909765192,45.1154955926375
10.5125,1.02042321999982,1.11096705922171,0.638850218486246,45.1161366851179
10.5125992063492,1.02033482171672,1.11093049234338,0.63854467363146,45.1167776981215
10.5126984126984,1.02024643322543,1.11089390456167,0.638239275131634,45.1174186316681
10.5127976190476,1.0201580545245,1.11085729588915,0.637934022917584,45.1180594857774
10.5128968253968,1.02006968561253,1.11082066633838,0.637628916920153,45.118700260469
10.512996031746,1.0199813264881,1.11078401592192,0.637323957070208,45.1193409557628
10.5130952380952,1.0198929771498,1.11074734465231,0.637019143298644,45.1199815716784
10.5131944444444,1.01980463759624,1.11071065254211,0.636714475536378,45.1206221082354
10.5132936507937,1.019716307826,1.11067393960385,0.636409953714354,45.1212625654536
10.5133928571429,1.01962798783769,1.11063720585007,0.636105577763537,45.1219029433525
10.5134920634921,1.01953967762992,1.11060045129329,0.635801347614923,45.1225432419519
10.5135912698413,1.01945137720129,1.11056367594603,0.635497263199526,45.1231834612715
10.5136904761905,1.01936308655041,1.11052687982081,0.635193324448391,45.1238236013308
10.5137896825397,1.0192748056759,1.11049006293013,0.634889531292583,45.1244636621494
10.5138888888889,1.01918653457637,1.11045322528651,0.634585883663195,45.1251036437471
10.5139880952381,1.01909827325046,1.11041636690243,0.634282381491344,45.1257435461435
10.5140873015873,1.01901002169678,1.11037948779039,0.633979024708166,45.1263833693581
10.5141865079365,1.01892177991397,1.11034258796288,0.633675813244838,45.1270231134106
10.5142857142857,1.01883354790065,1.11030566743237,0.633372747032545,45.1276627783205
10.5143849206349,1.01874532565547,1.11026872621134,0.633069826002504,45.1283023641075
10.5144841269841,1.01865711317706,1.11023176431225,0.632767050085957,45.1289418707911
10.5145833333333,1.01856891046407,1.11019478174757,0.632464419214168,45.1295812983909
10.5146825396825,1.01848071751514,1.11015777852976,0.632161933318429,45.1302206469266
10.5147817460317,1.01839253432892,1.11012075467126,0.631859592330055,45.1308599164176
10.514880952381,1.01830436090407,1.11008371018452,0.631557396180387,45.1314991068835
10.5149801587302,1.01821619723924,1.11004664508197,0.631255344800789,45.1321382183438
10.5150793650794,1.01812804333309,1.11000955937606,0.630953438122653,45.1327772508182
10.5151785714286,1.01803989918428,1.10997245307919,0.630651676077392,45.1334162043261
10.5152777777778,1.0179517647915,1.10993532620381,0.630350058596447,45.134055078887
10.515376984127,1.01786364015339,1.10989817876231,0.630048585611282,45.1346938745205
10.5154761904762,1.01777552526865,1.10986101076711,0.629747257053386,45.1353325912461
10.5155753968254,1.01768742013594,1.10982382223061,0.629446072854271,45.1359712290833
10.5156746031746,1.01759932475394,1.10978661316522,0.629145032945483,45.1366097880516
10.5157738095238,1.01751123912135,1.1097493835833,0.628844137258582,45.1372482681705
10.515873015873,1.01742316323685,1.10971213349727,0.628543385725158,45.1378866694594
10.5159722222222,1.01733509709913,1.10967486291949,0.628242778276823,45.1385249919379
10.5160714285714,1.01724704070688,1.10963757186233,0.627942314845217,45.1391632356254
10.5161706349206,1.01715899405881,1.10960026033816,0.627641995362002,45.1398014005413
10.5162698412698,1.01707095715362,1.10956292835936,0.627341819758868,45.1404394867052
10.516369047619,1.01698292999,1.10952557593826,0.627041787967527,45.1410774941364
10.5164682539683,1.01689491256668,1.10948820308722,0.626741899919717,45.1417154228545
10.5165674603175,1.01680690488235,1.10945080981858,0.626442155547201,45.1423532728787
10.5166666666667,1.01671890693575,1.10941339614469,0.626142554781767,45.1429910442287
10.5167658730159,1.01663091872558,1.10937596207786,0.625843097555227,45.1436287369237
10.5168650793651,1.01654294025057,1.10933850763044,0.625543783799419,45.1442663509831
10.5169642857143,1.01645497150945,1.10930103281474,0.625244613446204,45.1449038864265
10.5170634920635,1.01636701250094,1.10926353764306,0.624945586427466,45.1455413432732
10.5171626984127,1.01627906322378,1.10922602212773,0.624646702675125,45.1461787215425
10.5172619047619,1.0161911236767,1.10918848628104,0.624347962121113,45.1468160212538
10.5173611111111,1.01610319385845,1.10915093011529,0.624049364697392,45.1474532424266
10.5174603174603,1.01601527376777,1.10911335364276,0.623750910335949,45.1480903850802
10.5175595238095,1.0159273634034,1.10907575687575,0.623452598968794,45.1487274492338
10.5176587301587,1.01583946276409,1.10903813982654,0.623154430527965,45.149364434907
10.5177579365079,1.0157515718486,1.10900050250739,0.622856404945521,45.150001342119
10.5178571428571,1.01566369065569,1.10896284493056,0.622558522153549,45.1506381708892
10.5179563492063,1.01557581918412,1.10892516710833,0.622260782084159,45.1512749212369
10.5180555555556,1.01548795743264,1.10888746905295,0.621963184669488,45.1519115931814
10.5181547619048,1.01540010540003,1.10884975077667,0.621665729841695,45.1525481867421
10.518253968254,1.01531226308506,1.10881201229172,0.621368417532965,45.1531847019381
10.5183531746032,1.0152244304865,1.10877425361035,0.621071247675509,45.1538211387889
10.5184523809524,1.01513660760314,1.10873647474478,0.620774220201562,45.1544574973138
10.5185515873016,1.01504879443375,1.10869867570725,0.620477335043379,45.1550937775319
10.5186507936508,1.01496099097711,1.10866085650997,0.620180592133253,45.1557299794627
10.51875,1.01487319723202,1.10862301716515,0.619883991403489,45.1563661031253
10.5188492063492,1.01478541319727,1.10858515768501,0.619587532786422,45.157002148539
10.5189484126984,1.01469763887165,1.10854727808174,0.619291216214411,45.1576381157231
10.5190476190476,1.01460987425396,1.10850937836754,0.61899504161984,45.1582740046968
10.5191468253968,1.01452211934301,1.1084714585546,0.618699008935118,45.1589098154794
10.519246031746,1.01443437413759,1.10843351865511,0.618403118092679,45.1595455480901
10.5193452380952,1.01434663863652,1.10839555868123,0.61810736902498,45.1601812025481
10.5194444444444,1.01425891283862,1.10835757864515,0.617811761664506,45.1608167788726
10.5195436507937,1.01417119674269,1.10831957855903,0.617516295943765,45.1614522770829
10.5196428571429,1.01408349034756,1.10828155843503,0.617220971795289,45.1620876971981
10.5197420634921,1.01399579365204,1.1082435182853,0.616925789151638,45.1627230392375
10.5198412698413,1.01390810665497,1.10820545812199,0.616630747945393,45.1633583032203
10.5199404761905,1.01382042935518,1.10816737795725,0.616335848109162,45.1639934891655
10.5200396825397,1.0137327617515,1.10812927780321,0.616041089575574,45.1646285970925
10.5201388888889,1.01364510384276,1.108091157672,0.615746472277294,45.1652636270203
10.5202380952381,1.01355745562781,1.10805301757575,0.615451996147,45.1658985789681
10.5203373015873,1.01346981710548,1.10801485752657,0.6151576611174,45.1665334529551
10.5204365079365,1.01338218827464,1.10797667753659,0.614863467121225,45.1671682490005
10.5205357142857,1.01329456913412,1.10793847761789,0.614569414091232,45.1678029671232
10.5206349206349,1.01320695968278,1.1079002577826,0.614275501960202,45.1684376073426
10.5207341269841,1.01311935991948,1.10786201804279,0.613981730660943,45.1690721696777
10.5208333333333,1.01303176984308,1.10782375841057,0.613688100126284,45.1697066541476
10.5209325396825,1.01294418945245,1.107785478898,0.613394610289083,45.1703410607714
10.5210317460317,1.01285661874645,1.10774717951718,0.613101261082221,45.1709753895683
10.521130952381,1.01276905772395,1.10770886028017,0.612808052438602,45.1716096405573
10.5212301587302,1.01268150638383,1.10767052119904,0.612514984291158,45.1722438137575
10.5213293650794,1.01259396472497,1.10763216228585,0.612222056572845,45.1728779091879
10.5214285714286,1.01250643274624,1.10759378355265,0.611929269216643,45.1735119268678
10.5215277777778,1.01241891044654,1.10755538501149,0.611636622155552,45.1741458668161
10.521626984127,1.01233139782475,1.10751696667441,0.611344115322612,45.1747797290518
10.5217261904762,1.01224389487977,1.10747852855344,0.611051748650872,45.1754135135941
10.5218253968254,1.01215640161048,1.10744007066062,0.610759522073413,45.176047220462
10.5219246031746,1.0120689180158,1.10740159300798,0.61046743552334,45.1766808496745
10.5220238095238,1.01198144409461,1.10736309560752,0.610175488933781,45.1773144012506
10.522123015873,1.01189397984584,1.10732457847126,0.609883682237891,45.1779478752093
10.5222222222222,1.01180652526838,1.10728604161122,0.60959201536885,45.1785812715698
10.5223214285714,1.01171908036115,1.10724748503938,0.609300488259861,45.1792145903509
10.5224206349206,1.01163164512307,1.10720890876774,0.609009100844153,45.1798478315716
10.5225198412698,1.01154421955306,1.1071703128083,0.608717853054979,45.1804809952511
10.522619047619,1.01145680365003,1.10713169717303,0.60842674482562,45.1811140814082
10.5227182539683,1.01136939741292,1.10709306187391,0.608135776089376,45.1817470900619
10.5228174603175,1.01128200084066,1.10705440692291,0.607844946779578,45.1823800212312
10.5229166666667,1.01119461393218,1.107015732332,0.607554256829578,45.183012874935
10.5230158730159,1.01110723668641,1.10697703811313,0.60726370617275,45.1836456511924
10.5231150793651,1.0110198691023,1.10693832427826,0.606973294742504,45.1842783500222
10.5232142857143,1.0109325111788,1.10689959083935,0.606683022472266,45.1849109714434
10.5233134920635,1.01084516291484,1.10686083780831,0.606392889295486,45.1855435154749
10.5234126984127,1.01075782430939,1.1068220651971,0.606102895145642,45.1861759821357
10.5235119047619,1.01067049536139,1.10678327301765,0.605813039956237,45.1868083714446
10.5236111111111,1.0105831760698,1.10674446128186,0.605523323660797,45.1874406834206
10.5237103174603,1.01049586643359,1.10670563000168,0.605233746192874,45.1880729180826
10.5238095238095,1.01040856645171,1.10666677918899,0.604944307486046,45.1887050754494
10.5239087301587,1.01032127612315,1.10662790885572,0.604655007473913,45.1893371555401
10.5240079365079,1.01023399544686,1.10658901901376,0.604365846090102,45.1899691583733
10.5241071428571,1.01014672442182,1.10655010967501,0.604076823268265,45.1906010839681
10.5242063492063,1.01005946304702,1.10651118085135,0.603787938942077,45.1912329323432
10.5243055555556,1.00997221132144,1.10647223255466,0.603499193045239,45.1918647035176
10.5244047619048,1.00988496924405,1.10643326479682,0.603210585511478,45.1924963975101
10.524503968254,1.00979773681385,1.10639427758971,0.60292211627454,45.1931280143395
10.5246031746032,1.00971051402984,1.10635527094518,0.602633785268208,45.1937595540247
10.5247023809524,1.009623300891,1.10631624487509,0.602345592426278,45.1943910165845
10.5248015873016,1.00953609739635,1.10627719939131,0.602057537682577,45.1950224020377
10.5249007936508,1.00944890354487,1.10623813450566,0.601769620970954,45.1956537104031
10.525,1.00936171933558,1.10619905023,0.601481842225283,45.1962849416996
10.5250992063492,1.00927454476748,1.10615994657617,0.601194201379465,45.196916095946
10.5251984126984,1.0091873798396,1.10612082355597,0.600906698367425,45.1975471731609
10.5252976190476,1.00910022455094,1.10608168118125,0.600619333123111,45.1981781733633
10.5253968253968,1.00901307890053,1.10604251946382,0.600332105580498,45.1988090965719
10.525496031746,1.00892594288738,1.10600333841549,0.600045015673585,45.1994399428054
10.5255952380952,1.00883881651054,1.10596413804806,0.599758063336397,45.2000707120827
10.5256944444444,1.00875169976902,1.10592491837334,0.599471248502982,45.2007014044225
10.5257936507937,1.00866459266187,1.10588567940311,0.599184571107413,45.2013320198435
10.5258928571429,1.00857749518812,1.10584642114917,0.598898031083789,45.2019625583644
10.5259920634921,1.0084904073468,1.10580714362329,0.59861162836623,45.2025930200041
10.5260912698413,1.00840332913697,1.10576784683725,0.598325362888892,45.2032234047812
10.5261904761905,1.00831626055768,1.10572853080283,0.598039234585944,45.2038537127145
10.5262896825397,1.00822920160796,1.10568919553178,0.597753243391583,45.2044839438227
10.5263888888889,1.00814215228689,1.10564984103587,0.597467389240033,45.2051140981244
10.5264880952381,1.00805511259351,1.10561046732684,0.597181672065541,45.2057441756384
10.5265873015873,1.0079680825269,1.10557107441645,0.59689609180238,45.2063741763833
10.5266865079365,1.0078810620861,1.10553166231642,0.596610648384847,45.2070041003779
10.5267857142857,1.0077940512702,1.1054922310385,0.596325341747264,45.2076339476408
10.5268849206349,1.00770705007827,1.10545278059442,0.596040171823979,45.2082637181907
10.5269841269841,1.00762005850937,1.10541331099589,0.595755138549362,45.2088934120462
10.5270833333333,1.00753307656259,1.10537382225463,0.595470241857812,45.209523029226
10.5271825396825,1.00744610423702,1.10533431438236,0.595185481683748,45.2101525697488
10.5272817460317,1.00735914153173,1.10529478739078,0.594900857961619,45.2107820336332
10.527380952381,1.00727218844582,1.10525524129158,0.594616370625894,45.2114114208977
10.5274801587302,1.00718524497838,1.10521567609646,0.594332019611067,45.2120407315611
10.5275793650794,1.00709831112851,1.10517609181711,0.594047804851665,45.212669965642
10.5276785714286,1.0070113868953,1.10513648846521,0.593763726282231,45.2132991231589
10.5277777777778,1.00692447227787,1.10509686605243,0.593479783837336,45.2139282041305
10.527876984127,1.00683756727531,1.10505722459045,0.593195977451575,45.2145572085753
10.5279761904762,1.00675067188673,1.10501756409091,0.592912307059568,45.215186136512
10.5280753968254,1.00666378611126,1.10497788456549,0.592628772595961,45.2158149879591
10.5281746031746,1.006576909948,1.10493818602584,0.592345373995424,45.2164437629352
10.5282738095238,1.00649004339608,1.10489846848359,0.592062111192651,45.2170724614588
10.528373015873,1.00640318645462,1.1048587319504,0.591778984122362,45.2177010835486
10.5284722222222,1.00631633912275,1.10481897643789,0.591495992719302,45.218329629223
10.5285714285714,1.0062295013996,1.10477920195768,0.59121313691824,45.2189580985007
10.5286706349206,1.0061426732843,1.10473940852141,0.590930416653971,45.2195864914001
10.5287698412698,1.006055854776,1.10469959614069,0.590647831861313,45.2202148079397
10.528869047619,1.00596904587383,1.10465976482713,0.590365382475111,45.2208430481382
10.5289682539683,1.00588224657693,1.10461991459233,0.59008306843023,45.221471212014
10.5290674603175,1.00579545688447,1.10458004544789,0.58980088966157,45.2220992995856
10.5291666666667,1.00570867679558,1.1045401574054,0.589518846104048,45.2227273108715
10.5292658730159,1.00562190630943,1.10450025047645,0.589236937692605,45.2233552458902
10.5293650793651,1.00553514542516,1.10446032467262,0.588955164362211,45.2239831046602
10.5294642857143,1.00544839414196,1.10442038000549,0.588673526047857,45.2246108872
10.5295634920635,1.00536165245897,1.10438041648662,0.588392022684564,45.225238593528
10.5296626984127,1.00527492037537,1.10434043412757,0.588110654207372,45.2258662236627
10.5297619047619,1.00518819789033,1.10430043293991,0.587829420551349,45.2264937776226
10.5298611111111,1.00510148500303,1.10426041293517,0.587548321651589,45.2271212554261
10.5299603174603,1.00501478171264,1.10422037412492,0.587267357443209,45.2277486570916
10.5300595238095,1.00492808801835,1.10418031652069,0.586986527861349,45.2283759826375
10.5301587301587,1.00484140391935,1.104140240134,0.586705832841178,45.2290032320824
10.5302579365079,1.00475472941483,1.10410014497639,0.586425272317888,45.2296304054446
10.5303571428571,1.00466806450397,1.10406003105938,0.586144846226695,45.2302575027426
10.5304563492064,1.00458140918598,1.10401989839449,0.585864554502837,45.2308845239946
10.5305555555556,1.00449476346005,1.10397974699321,0.585584397081587,45.2315114692192
10.5306547619048,1.00440812732539,1.10393957686707,0.585304373898234,45.2321383384347
10.530753968254,1.00432150078121,1.10389938802755,0.585024484888093,45.2327651316595
10.5308531746032,1.00423488382671,1.10385918048614,0.584744729986506,45.233391848912
10.5309523809524,1.00414827646112,1.10381895425434,0.584465109128837,45.2340184902105
10.5310515873016,1.00406167868364,1.10377870934362,0.584185622250479,45.2346450555734
10.5311507936508,1.0039750904935,1.10373844576545,0.583906269286845,45.2352715450191
10.53125,1.00388851188992,1.10369816353131,0.583627050173378,45.2358979585659
10.5313492063492,1.00380194287214,1.10365786265266,0.583347964845541,45.236524296232
10.5314484126984,1.00371538343938,1.10361754314094,0.583069013238824,45.237150558036
10.5315476190476,1.00362883359087,1.10357720500762,0.582790195288744,45.2377767439961
10.5316468253968,1.00354229332586,1.10353684826414,0.582511510930838,45.2384028541305
10.531746031746,1.00345576264359,1.10349647292193,0.582232960100673,45.2390288884577
10.5318452380952,1.0033692415433,1.10345607899243,0.581954542733837,45.2396548469958
10.5319444444444,1.00328273002423,1.10341566648706,0.581676258765941,45.2402807297633
10.5320436507937,1.00319622808566,1.10337523541725,0.581398108132632,45.2409065367784
10.5321428571429,1.00310973572682,1.10333478579441,0.581120090769569,45.2415322680593
10.5322420634921,1.00302325294697,1.10329431762995,0.580842206612442,45.2421579236243
10.5323412698413,1.00293677974539,1.10325383093526,0.580564455596964,45.2427835034918
10.5324404761905,1.00285031612133,1.10321332572176,0.580286837658874,45.2434090076799
10.5325396825397,1.00276386207407,1.10317280200083,0.580009352733935,45.244034436207
10.5326388888889,1.00267741760287,1.10313225978385,0.579732000757935,45.2446597890912
10.5327380952381,1.00259098270702,1.10309169908221,0.579454781666688,45.2452850663508
10.5328373015873,1.00250455738579,1.10305111990727,0.57917769539603,45.2459102680039
10.5329365079365,1.00241814163847,1.10301052227041,0.578900741881826,45.246535394069
10.5330357142857,1.00233173546435,1.10296990618299,0.578623921059963,45.247160444564
10.5331349206349,1.0022453388627,1.10292927165636,0.578347232866352,45.2477854195074
10.5332341269841,1.00215895183284,1.10288861870187,0.578070677236932,45.2484103189171
10.5333333333333,1.00207257437405,1.10284794733086,0.577794254107664,45.2490351428115
10.5334325396825,1.00198620648563,1.10280725755468,0.577517963414532,45.2496598912088
10.5335317460317,1.00189984816689,1.10276654938466,0.577241805093556,45.250284564127
10.533630952381,1.00181349941714,1.10272582283212,0.576965779080767,45.2509091615844
10.5337301587302,1.00172716023568,1.10268507790838,0.576689885312228,45.2515336835991
10.5338293650794,1.00164083062184,1.10264431462475,0.576414123724024,45.2521581301894
10.5339285714286,1.00155451057492,1.10260353299255,0.576138494252268,45.2527825013732
10.5340277777778,1.00146820009426,1.10256273302308,0.575862996833095,45.2534067971688
10.534126984127,1.00138189917917,1.10252191472763,0.575587631402667,45.2540310175943
10.5342261904762,1.00129560782898,1.10248107811749,0.575312397897168,45.2546551626679
10.5343253968254,1.00120932604303,1.10244022320396,0.57503729625281,45.2552792324076
10.5344246031746,1.00112305382065,1.1023993499983,0.574762326405828,45.2559032268315
10.5345238095238,1.00103679116118,1.10235845851179,0.574487488292482,45.2565271459578
10.534623015873,1.00095053806396,1.10231754875569,0.574212781849058,45.2571509898045
10.5347222222222,1.00086429452834,1.10227662074128,0.573938207011866,45.2577747583898
10.5348214285714,1.00077806055366,1.10223567447979,0.573663763717239,45.2583984517317
10.5349206349206,1.00069183613928,1.10219470998249,0.573389451901536,45.2590220698483
10.5350198412698,1.00060562128455,1.10215372726062,0.573115271501147,45.2596456127576
10.535119047619,1.00051941598883,1.1021127263254,0.572841222452478,45.2602690804778
10.5352182539683,1.00043322025149,1.10207170718808,0.572567304691963,45.2608924730268
10.5353174603175,1.00034703407189,1.10203066985988,0.572293518156062,45.2615157904227
10.5354166666667,1.00026085744941,1.10198961435202,0.572019862781258,45.2621390326836
10.5355158730159,1.00017469038341,1.10194854067572,0.571746338504061,45.2627621998275
10.5356150793651,1.00008853287327,1.10190744884217,0.571472945261003,45.2633852918724
10.5357142857143,1.00000238491837,1.10186633886258,0.571199682988644,45.2640083088362
10.5358134920635,0.999916246518093,1.10182521074816,0.570926551623566,45.2646312507371
10.5359126984127,0.999830117671832,1.10178406451008,0.570653551102379,45.265254117593
10.5360119047619,0.999743998378973,1.10174290015953,0.570380681361714,45.265876909422
10.5361111111111,0.99965788863891,1.10170171770769,0.570107942338231,45.2664996262419
10.5362103174603,0.999571788451042,1.10166051716574,0.569835333968611,45.2671222680708
10.5363095238095,0.999485697814768,1.10161929854483,0.569562856189562,45.2677448349266
10.5364087301587,0.999399616729492,1.10157806185614,0.569290508937813,45.2683673268274
10.5365079365079,0.999313545194624,1.10153680711081,0.569018292150129,45.268989743791
10.5366071428571,0.999227483209574,1.10149553431999,0.568746205763288,45.2696120858354
10.5367063492063,0.999141430773757,1.10145424349482,0.568474249714097,45.2702343529786
10.5368055555556,0.999055387886591,1.10141293464645,0.568202423939388,45.2708565452385
10.5369047619048,0.998969354547498,1.101371607786,0.567930728376017,45.271478662633
10.537003968254,0.998883330755902,1.10133026292459,0.567659162960867,45.27210070518
10.5371031746032,0.998797316511233,1.10128890007336,0.567387727630842,45.2727226728975
10.5372023809524,0.998711311812922,1.1012475192434,0.567116422322876,45.2733445658033
10.5373015873016,0.998625316660405,1.10120612044583,0.566845246973923,45.2739663839154
10.5374007936508,0.99853933105312,1.10116470369175,0.566574201520965,45.2745881272515
10.5375,0.99845335499051,1.10112326899225,0.566303285901008,45.2752097958298
10.5375992063492,0.998367388472021,1.10108181635842,0.566032500051081,45.2758313896679
10.5376984126984,0.998281431497103,1.10104034580135,0.565761843908241,45.2764529087837
10.5377976190476,0.998195484065207,1.10099885733212,0.565491317409568,45.2770743531952
10.5378968253968,0.99810954617579,1.10095735096178,0.565220920492163,45.2776957229202
10.537996031746,0.998023617828312,1.10091582670143,0.564950653093163,45.2783170179765
10.5380952380952,0.997937699022237,1.1008742845621,0.564680515149721,45.2789382383819
10.5381944444444,0.99785178975703,1.10083272455485,0.564410506599015,45.2795593841544
10.5382936507937,0.997765890032162,1.10079114669074,0.56414062737825,45.2801804553116
10.5383928571429,0.997679999847106,1.10074955098081,0.563870877424655,45.2808014518715
10.5384920634921,0.99759411920134,1.10070793743608,0.563601256675486,45.2814223738518
10.5385912698413,0.997508248094343,1.1006663060676,0.56333176506802,45.2820432212704
10.5386904761905,0.9974223865256,1.10062465688638,0.563062402539561,45.2826639941449
10.5387896825397,0.997336534494598,1.10058298990345,0.56279316902744,45.2832846924934
10.5388888888889,0.997250692000828,1.10054130512981,0.562524064469008,45.2839053163334
10.5389880952381,0.997164859043784,1.10049960257648,0.562255088801646,45.2845258656828
10.5390873015873,0.997079035622964,1.10045788225445,0.561986241962755,45.2851463405593
10.5391865079365,0.99699322173787,1.10041614417472,0.561717523889764,45.2857667409807
10.5392857142857,0.996907417388005,1.10037438834828,0.561448934520127,45.2863870669647
10.5393849206349,0.996821622572877,1.10033261478611,0.561180473791318,45.2870073185292
10.5394841269841,0.996735837291999,1.10029082349918,0.560912141640845,45.2876274956918
10.5395833333333,0.996650061544887,1.10024901449848,0.560643938006234,45.2882475984702
10.5396825396825,0.996564295331057,1.10020718779495,0.560375862825037,45.2888676268822
10.5397817460317,0.996478538650033,1.10016534339958,0.560107916034831,45.2894875809455
10.539880952381,0.99639279150134,1.10012348132329,0.559840097573218,45.2901074606778
10.5399801587302,0.996307053884505,1.10008160157706,0.559572407377826,45.2907272660968
10.5400793650794,0.996221325799063,1.1000397041718,0.559304845386305,45.2913469972201
10.5401785714286,0.996135607244549,1.09999778911847,0.559037411536334,45.2919666540655
10.5402777777778,0.996049898220501,1.09995585642799,0.558770105765612,45.2925862366507
10.540376984127,0.995964198726464,1.09991390611128,0.558502928011867,45.2932057449933
10.5404761904762,0.995878508761982,1.09987193817927,0.558235878212849,45.2938251791109
10.5405753968254,0.995792828326606,1.09982995264286,0.557968956306336,45.2944445390213
10.5406746031746,0.995707157419889,1.09978794951296,0.557702162230127,45.2950638247421
10.5407738095238,0.995621496041387,1.09974592880047,0.557435495922049,45.2956830362909
10.540873015873,0.99553584419066,1.09970389051629,0.557168957319948,45.2963021736853
10.5409722222222,0.995450201867272,1.0996618346713,0.556902546361707,45.2969212369431
10.5410714285714,0.995364569070791,1.09961976127638,0.556636262985224,45.2975402260817
10.5411706349206,0.995278945800785,1.09957767034241,0.556370107128421,45.2981591411188
10.5412698412698,0.995193332056831,1.09953556188027,0.556104078729252,45.298777982072
10.541369047619,0.995107727838503,1.09949343590082,0.555838177725689,45.2993967489589
10.5414682539683,0.995022133145384,1.09945129241491,0.555572404055732,45.3000154417972
10.5415674603175,0.994936547977058,1.09940913143339,0.555306757657407,45.3006340606043
10.5416666666667,0.994850972333113,1.09936695296713,0.555041238468761,45.3012526053978
10.5417658730159,0.994765406213139,1.09932475702695,0.554775846427871,45.3018710761954
10.5418650793651,0.994679849616731,1.09928254362369,0.554510581472834,45.3024894730145
10.5419642857143,0.994594302543488,1.09924031276818,0.554245443541775,45.3031077958728
10.5420634920635,0.99450876499301,1.09919806447124,0.553980432572843,45.3037260447878
10.5421626984127,0.994423236964904,1.0991557987437,0.55371554850421,45.3043442197769
10.5422619047619,0.994337718458778,1.09911351559636,0.553450791274076,45.3049623208578
10.5423611111111,0.994252209474241,1.09907121504002,0.553186160820661,45.305580348048
10.5424603174603,0.994166710010913,1.09902889708549,0.552921657082219,45.3061983013649
10.5425595238095,0.994081220068411,1.09898656174357,0.55265727999702,45.3068161808261
10.5426587301587,0.993995739646357,1.09894420902503,0.552393029503362,45.3074339864492
10.5427579365079,0.993910268744377,1.09890183894066,0.552128905539567,45.3080517182514
10.5428571428571,0.9938248073621,1.09885945150124,0.551864908043984,45.3086693762505
10.5429563492063,0.993739355499159,1.09881704671753,0.551601036954985,45.3092869604638
10.5430555555556,0.99365391315519,1.09877462460031,0.551337292210966,45.3099044709088
10.5431547619048,0.993568480329833,1.09873218516032,0.551073673750351,45.310521907603
10.543253968254,0.993483057022731,1.09868972840832,0.550810181511585,45.3111392705639
10.5433531746032,0.993397643233531,1.09864725435506,0.550546815433141,45.3117565598088
10.5434523809524,0.993312238961882,1.09860476301128,0.550283575453516,45.3123737753552
10.5435515873016,0.993226844207438,1.09856225438771,0.55002046151123,45.3129909172207
10.5436507936508,0.993141458969856,1.09851972849508,0.549757473544831,45.3136079854225
10.54375,0.993056083248796,1.09847718534411,0.549494611492889,45.3142249799781
10.5438492063492,0.992970717043922,1.09843462494552,0.549231875293997,45.3148419009049
10.5439484126984,0.992885360354903,1.09839204731002,0.548969264886783,45.3154587482204
10.5440476190476,0.992800013181407,1.09834945244832,0.54870678020989,45.3160755219419
10.5441468253968,0.992714675523111,1.09830684037111,0.548444421201987,45.3166922220868
10.544246031746,0.992629347379691,1.09826421108909,0.54818218780177,45.3173088486725
10.5443452380952,0.992544028750828,1.09822156461294,0.54792007994796,45.3179254017164
10.5444444444444,0.992458719636207,1.09817890095335,0.547658097579301,45.3185418812359
10.5445436507937,0.992373420035517,1.09813622012099,0.547396240634564,45.3191582872482
10.5446428571429,0.992288129948449,1.09809352212653,0.547134509052543,45.3197746197708
10.5447420634921,0.992202849374698,1.09805080698063,0.546872902772058,45.320390878821
10.5448412698413,0.992117578313962,1.09800807469395,0.546611421731954,45.3210070644161
10.5449404761905,0.992032316765943,1.09796532527715,0.5463500658711,45.3216231765736
10.5450396825397,0.991947064730347,1.09792255874087,0.54608883512839,45.3222392153106
10.5451388888889,0.991861822206882,1.09787977509574,0.545827729442743,45.3228551806446
10.5452380952381,0.991776589195262,1.09783697435241,0.545566748753104,45.3234710725927
10.5453373015873,0.9916913656952,1.0977941565215,0.545305892998437,45.3240868911725
10.5454365079365,0.991606151706417,1.09775132161363,0.545045162117743,45.324702636401
10.5455357142857,0.991520947228637,1.09770846963941,0.544784556050037,45.3253183082956
10.5456349206349,0.991435752261584,1.09766560060947,0.544524074734363,45.3259339068737
10.5457341269841,0.991350566804989,1.0976227145344,0.544263718109788,45.3265494321524
10.5458333333333,0.991265390858584,1.0975798114248,0.544003486115405,45.3271648841491
10.5459325396825,0.991180224422107,1.09753689129127,0.543743378690333,45.3277802628809
10.5460317460317,0.991095067495296,1.09749395414439,0.543483395773714,45.3283955683652
10.546130952381,0.991009920077896,1.09745099999473,0.543223537304716,45.3290108006192
10.5462301587302,0.990924782169654,1.09740802885289,0.54296380322253,45.3296259596601
10.5463293650794,0.990839653770319,1.09736504072942,0.542704193466375,45.3302410455051
10.5464285714286,0.990754534879646,1.09732203563488,0.542444707975492,45.3308560581716
10.5465277777778,0.990669425497392,1.09727901357985,0.542185346689149,45.3314709976766
10.546626984127,0.990584325623317,1.09723597457485,0.541926109546637,45.3320858640374
10.5467261904762,0.990499235257187,1.09719291863045,0.541666996487272,45.3327006572712
10.5468253968254,0.990414154398768,1.09714984575718,0.541408007450394,45.3333153773952
10.5469246031746,0.990329083047832,1.09710675596557,0.541149142375374,45.3339300244266
10.5470238095238,0.990244021204154,1.09706364926615,0.540890401201601,45.3345445983825
10.547123015873,0.990158968867511,1.09702052566945,0.540631783868491,45.3351590992802
10.5472222222222,0.990073926037686,1.09697738518597,0.540373290315484,45.3357735271367
10.5473214285714,0.989988892714463,1.09693422782623,0.540114920482047,45.3363878819693
10.5474206349206,0.98990386889763,1.09689105360074,0.53985667430767,45.3370021637951
10.5475198412698,0.98981885458698,1.09684786251998,0.539598551731869,45.3376163726312
10.547619047619,0.989733849782307,1.09680465459445,0.539340552694183,45.3382305084947
10.5477182539683,0.989648854483412,1.09676142983464,0.539082677134178,45.3388445714029
10.5478174603175,0.989563868690095,1.09671818825103,0.538824924991443,45.3394585613728
10.5479166666667,0.989478892402163,1.09667492985409,0.538567296205595,45.3400724784214
10.5480158730159,0.989393925619425,1.09663165465428,0.538309790716271,45.3406863225661
10.5481150793651,0.989308968341694,1.09658836266208,0.538052408463138,45.3413000938237
10.5482142857143,0.989224020568785,1.09654505388794,0.537795149385883,45.3419137922114
10.5483134920635,0.989139082300518,1.09650172834231,0.537538013424218,45.3425274177464
10.5484126984127,0.989054153536718,1.09645838603563,0.537281000517889,45.3431409704456
10.5485119047619,0.988969234277209,1.09641502697835,0.537024110606657,45.3437544503261
10.5486111111111,0.988884324521823,1.09637165118088,0.53676734363031,45.3443678574051
10.5487103174603,0.988799424270392,1.09632825865367,0.536510699528661,45.3449811916995
10.5488095238095,0.988714533522753,1.09628484940714,0.536254178241549,45.3455944532264
10.5489087301587,0.988629652278747,1.09624142345169,0.535997779708838,45.3462076420028
10.5490079365079,0.988544780538218,1.09619798079773,0.535741503870415,45.3468207580458
10.5491071428571,0.988459918301012,1.09615452145568,0.535485350666194,45.3474338013724
10.5492063492063,0.988375065566982,1.09611104543593,0.535229320036113,45.3480467719996
10.5493055555556,0.98829022233598,1.09606755274886,0.534973411920133,45.3486596699444
10.5494047619048,0.988205388607864,1.09602404340487,0.534717626258244,45.3492724952238
10.549503968254,0.988120564382496,1.09598051741433,0.534461962990456,45.3498852478549
10.5496031746032,0.98803574965974,1.09593697478762,0.534206422056807,45.3504979278545
10.5497023809524,0.987950944439465,1.0958934155351,0.53395100339736,45.3511105352397
10.5498015873016,0.98786614872154,1.09584983966714,0.533695706952197,45.3517230700275
10.5499007936508,0.987781362505843,1.09580624719409,0.533440532661439,45.3523355322347
10.55,0.987696585792251,1.09576263812631,0.533185480465217,45.3529479218785
10.5500992063492,0.987611818580647,1.09571901247413,0.532930550303693,45.3535602389757
10.5501984126984,0.987527060870914,1.09567537024789,0.532675742117053,45.3541724835432
10.5502976190476,0.987442312662944,1.09563171145794,0.532421055845509,45.354784655598
10.5503968253968,0.987357573956626,1.09558803611458,0.532166491429297,45.3553967551571
10.550496031746,0.987272844751858,1.09554434422815,0.531912048808678,45.3560087822373
10.5505952380952,0.987188125048539,1.09550063580896,0.531657727923937,45.3566207368556
10.5506944444444,0.98710341484657,1.09545691086731,0.531403528715384,45.3572326190288
10.5507936507937,0.987018714145859,1.09541316941351,0.531149451123356,45.3578444287739
10.5508928571429,0.986934022946315,1.09536941145786,0.530895495088212,45.3584561661078
10.5509920634921,0.986849341247851,1.09532563701064,0.530641660550338,45.3590678310473
10.5510912698413,0.986764669050383,1.09528184608215,0.530387947450144,45.3596794236094
10.5511904761905,0.986680006353831,1.09523803868265,0.530134355728064,45.3602909438108
10.5512896825397,0.986595353158118,1.09519421482243,0.529880885324555,45.3609023916685
10.5513888888889,0.986510709463173,1.09515037451175,0.529627536180107,45.3615137671993
10.5514880952381,0.986426075268925,1.09510651776087,0.529374308235228,45.36212507042
10.5515873015873,0.986341450575308,1.09506264458004,0.52912120143045,45.3627363013476
10.5516865079365,0.986256835382259,1.09501875497953,0.528868215706334,45.3633474599987
10.5517857142857,0.986172229689719,1.09497484896956,0.528615351003463,45.3639585463903
10.5518849206349,0.986087633497632,1.09493092656038,0.528362607262446,45.3645695605392
10.5519841269841,0.986003046805945,1.09488698776222,0.528109984423915,45.3651805024622
10.5520833333333,0.98591846961461,1.0948430325853,0.527857482428531,45.3657913721761
10.5521825396825,0.985833901923582,1.09479906103985,0.527605101216976,45.3664021696976
10.5522817460317,0.985749343732818,1.09475507313608,0.527352840729958,45.3670128950436
10.552380952381,0.98566479504228,1.09471106888419,0.527100700908211,45.3676235482309
10.5524801587302,0.985580255851933,1.09466704829439,0.526848681692491,45.3682341292762
10.5525793650794,0.985495726161745,1.09462301137687,0.526596783023582,45.3688446381963
10.5526785714286,0.985411205971688,1.09457895814183,0.526345004842292,45.3694550750079
10.5527777777778,0.985326695281736,1.09453488859945,0.526093347089449,45.3700654397279
10.552876984127,0.985242194091871,1.0944908027599,0.525841809705916,45.3706757323729
10.5529761904762,0.985157702402074,1.09444670063337,0.525590392632574,45.3712859529596
10.5530753968254,0.985073220212329,1.09440258223001,0.525339095810329,45.3718961015049
10.5531746031746,0.984988747522627,1.09435844755999,0.525087919180112,45.3725061780255
10.5532738095238,0.98490428433296,1.09431429663346,0.524836862682881,45.3731161825379
10.553373015873,0.984819830643325,1.09427012946057,0.524585926259616,45.3737261150591
10.5534722222222,0.98473538645372,1.09422594605146,0.524335109851325,45.3743359756056
10.5535714285714,0.984650951764149,1.09418174641627,0.524084413399037,45.3749457641942
10.5536706349206,0.984566526574617,1.09413753056513,0.52383383684381,45.3755554808415
10.5537698412698,0.984482110885137,1.09409329850817,0.523583380126724,45.3761651255642
10.553869047619,0.984397704695719,1.09404905025551,0.523333043188884,45.3767746983791
10.5539682539683,0.984313308006382,1.09400478581726,0.523082825971422,45.3773841993026
10.5540674603175,0.984228920817146,1.09396050520352,0.522832728415492,45.3779936283516
10.5541666666667,0.984144543128035,1.09391620842439,0.522582750462276,45.3786029855427
10.5542658730159,0.984060174939074,1.09387189548999,0.522332892052974,45.3792122708925
10.5543650793651,0.983975816250297,1.09382756641038,0.522083153128824,45.3798214844176
10.5544642857143,0.983891467061736,1.09378322119566,0.521833533631076,45.3804306261347
10.5545634920635,0.98380712737343,1.09373885985591,0.521584033501011,45.3810396960603
10.5546626984127,0.983722797185419,1.09369448240119,0.521334652679933,45.3816486942112
10.5547619047619,0.983638476497748,1.09365008884158,0.521085391109171,45.3822576206038
10.5548611111111,0.983554165310465,1.09360567918712,0.520836248730079,45.3828664752549
10.5549603174603,0.983469863623621,1.09356125344789,0.520587225484037,45.383475258181
10.5550595238095,0.983385571437272,1.09351681163391,0.520338321312449,45.3840839693986
10.5551587301587,0.983301288751475,1.09347235375525,0.520089536156742,45.3846926089244
10.5552579365079,0.983217015566293,1.09342787982193,0.519840869958371,45.3853011767749
10.5553571428571,0.983132751881791,1.09338338984398,0.519592322658814,45.3859096729667
10.5554563492063,0.983048497698038,1.09333888383143,0.519343894199575,45.3865180975163
10.5555555555556,0.982964253015105,1.0932943617943,0.519095584522181,45.3871264504403
10.5556547619048,0.982880017833069,1.0932498237426,0.518847393568186,45.3877347317553
10.555753968254,0.982795792152008,1.09320526968633,0.518599321279163,45.3883429414777
10.5558531746032,0.982711575972006,1.09316069963551,0.518351367596723,45.388951079624
10.5559523809524,0.982627369293149,1.09311611360011,0.51810353246249,45.3895591462109
10.5560515873016,0.982543172115526,1.09307151159014,0.517855815818115,45.3901671412547
10.5561507936508,0.982458984439229,1.09302689361557,0.517608217605276,45.3907750647721
10.55625,0.982374806264356,1.09298225968638,0.517360737765676,45.3913829167795
10.5563492063492,0.982290637591007,1.09293760981255,0.51711337624104,45.3919906972934
10.5564484126984,0.982206478419284,1.09289294400404,0.516866132973121,45.3925984063302
10.5565476190476,0.982122328749295,1.0928482622708,0.516619007903696,45.3932060439065
10.5566468253968,0.98203818858115,1.0928035646228,0.516372000974565,45.3938136100387
10.556746031746,0.981954057914962,1.09275885106997,0.516125112127556,45.3944211047432
10.5568452380952,0.98186993675085,1.09271412162227,0.515878341304519,45.3950285280366
10.5569444444444,0.981785825088933,1.09266937628962,0.51563168844733,45.3956358799352
10.5570436507937,0.981701722929335,1.09262461508196,0.515385153497891,45.3962431604556
10.5571428571429,0.981617630272185,1.09257983800922,0.515138736398126,45.3968503696141
10.5572420634921,0.981533547117612,1.0925350450813,0.514892437089983,45.3974575074271
10.5573412698413,0.981449473465754,1.09249023630812,0.514646255515445,45.3980645739111
10.5574404761905,0.981365409316746,1.09244541169959,0.514400191616507,45.3986715690825
10.5575396825397,0.98128135467073,1.09240057126561,0.514154245335195,45.3992784929576
10.5576388888889,0.981197309527852,1.09235571501606,0.51390841661356,45.3998853455529
10.5577380952381,0.98111327388826,1.09231084296086,0.513662705393675,45.4004921268848
10.5578373015873,0.981029247752105,1.09226595510986,0.513417111617641,45.4010988369695
10.5579365079365,0.980945231119542,1.09222105147295,0.513171635227581,45.4017054758236
10.5580357142857,0.980861223990732,1.09217613206001,0.512926276165646,45.4023120434634
10.5581349206349,0.980777226365834,1.09213119688089,0.51268103437401,45.4029185399051
10.5582341269841,0.980693238245017,1.09208624594545,0.51243590979487,45.4035249651652
10.5583333333333,0.980609259628448,1.09204127926355,0.512190902370452,45.4041313192601
10.5584325396825,0.9805252905163,1.09199629684504,0.511946012043004,45.4047376022059
10.5585317460317,0.980441330908749,1.09195129869975,0.5117012387548,45.4053438140192
10.558630952381,0.980357380805975,1.09190628483753,0.511456582448138,45.4059499547161
10.5587301587302,0.980273440208159,1.09186125526819,0.511212043065337,45.406556024313
10.5588293650794,0.980189509115491,1.09181621000157,0.510967620548754,45.4071620228263
10.5589285714286,0.980105587528158,1.09177114904748,0.510723314840756,45.4077679502721
10.5590277777778,0.980021675446355,1.09172607241573,0.510479125883743,45.4083738066668
10.559126984127,0.979937772870278,1.09168098011613,0.510235053620137,45.4089795920267
10.5592261904762,0.979853879800128,1.09163587215848,0.509991097992385,45.409585306368
10.5593253968254,0.979769996236108,1.09159074855257,0.509747258942959,45.410190949707
10.5594246031746,0.979686122178425,1.09154560930819,0.509503536414358,45.4107965220601
10.5595238095238,0.979602257627291,1.09150045443512,0.509259930349102,45.4114020234433
10.559623015873,0.979518402582918,1.09145528394315,0.509016440689739,45.412007453873
10.5597222222222,0.979434557045526,1.09141009784203,0.508773067378841,45.4126128133654
10.5598214285714,0.979350721015334,1.09136489614153,0.508529810359004,45.4132181019368
10.5599206349206,0.979266894492567,1.09131967885141,0.50828666957285,45.4138233196033
10.5600198412698,0.979183077477454,1.09127444598143,0.508043644963024,45.4144284663813
10.560119047619,0.979099269970225,1.09122919754133,0.507800736472198,45.4150335422868
10.5602182539683,0.979015471971115,1.09118393354085,0.507557944043065,45.4156385473361
10.5603174603175,0.978931683480365,1.09113865398972,0.507315267618353,45.4162434815454
10.5604166666667,0.978847904498213,1.09109335889768,0.507072707140802,45.4168483449308
10.5605158730159,0.978764135024907,1.09104804827444,0.506830262553185,45.4174531375086
10.5606150793651,0.978680375060695,1.09100272212973,0.506587933798296,45.418057859295
10.5607142857143,0.978596624605829,1.09095738047325,0.506345720818956,45.418662510306
10.5608134920635,0.978512883660564,1.09091202331471,0.50610362355801,45.4192670905579
10.5609126984127,0.97842915222516,1.09086665066382,0.505861641958327,45.4198716000667
10.5610119047619,0.978345430299879,1.09082126253025,0.505619775962803,45.4204760388487
10.5611111111111,0.978261717884988,1.09077585892371,0.505378025514357,45.42108040692
10.5612103174603,0.978178014980755,1.09073043985386,0.505136390555933,45.4216847042967
10.5613095238095,0.978094321587454,1.09068500533039,0.504894871030501,45.4222889309949
10.5614087301587,0.978010637705361,1.09063955536297,0.504653466881055,45.4228930870308
10.5615079365079,0.977926963334757,1.09059408996126,0.504412178050613,45.4234971724204
10.5616071428571,0.977843298475924,1.09054860913492,0.504171004482221,45.4241011871799
10.5617063492064,0.977759643129148,1.0905031128936,0.503929946118943,45.4247051313252
10.5618055555556,0.977675997294721,1.09045760124694,0.50368900290388,45.4253090048727
10.5619047619048,0.977592360972937,1.09041207420459,0.503448174780146,45.4259128078382
10.562003968254,0.977508734164092,1.09036653177618,0.503207461690885,45.4265165402378
10.5621031746032,0.977425116868487,1.09032097397133,0.502966863579264,45.4271202020877
10.5622023809524,0.977341509086426,1.09027540079968,0.502726380388478,45.4277237934039
10.5623015873016,0.977257910818217,1.09022981227084,0.502486012061743,45.4283273142024
10.5624007936508,0.97717432206417,1.09018420839441,0.502245758542302,45.4289307644993
10.5625,0.977090742824601,1.09013858918,0.502005619773423,45.4295341443106
10.5625992063492,0.977007173099826,1.09009295463721,0.501765595698398,45.4301374536523
10.5626984126984,0.976923612890168,1.09004730477564,0.501525686260545,45.4307406925404
10.5627976190476,0.976840062195952,1.09000163960487,0.501285891403204,45.431343860991
10.5628968253968,0.976756521017505,1.08995595913447,0.501046211069744,45.4319469590201
10.562996031746,0.97667298935516,1.08991026337404,0.500806645203556,45.4325499866437
10.5630952380952,0.976589467209252,1.08986455233312,0.500567193748056,45.4331529438777
10.5631944444444,0.976505954580118,1.0898188260213,0.500327856646683,45.4337558307381
10.5632936507937,0.976422451468102,1.08977308444812,0.50008863384291,45.4343586472409
10.5633928571429,0.97633895787355,1.08972732762314,0.499849525280223,45.4349613934021
10.5634920634921,0.97625547379681,1.08968155555589,0.49961053090214,45.4355640692376
10.5635912698413,0.976171999238235,1.08963576825593,0.499371650652202,45.4361666747634
10.5636904761905,0.976088534198181,1.08958996573279,0.499132884473973,45.4367692099954
10.5637896825397,0.976005078677007,1.08954414799599,0.498894232311044,45.4373716749495
10.5638888888889,0.975921632675077,1.08949831505505,0.498655694107031,45.4379740696418
10.5639880952381,0.975838196192756,1.08945246691949,0.498417269805574,45.4385763940881
10.5640873015873,0.975754769230415,1.08940660359882,0.498178959350338,45.4391786483043
10.5641865079365,0.975671351788427,1.08936072510255,0.497940762685013,45.4397808323064
10.5642857142857,0.975587943867168,1.08931483144016,0.497702679753313,45.4403829461101
10.5643849206349,0.975504545467019,1.08926892262117,0.497464710498979,45.4409849897316
10.5644841269841,0.975421156588364,1.08922299865504,0.497226854865774,45.4415869631865
10.5645833333333,0.97533777723159,1.08917705955126,0.496989112797489,45.4421888664909
10.5646825396825,0.975254407397085,1.08913110531931,0.496751484237933,45.4427906996605
10.5647817460317,0.975171047085247,1.08908513596865,0.496513969130952,45.4433924627112
10.564880952381,0.975087696296473,1.08903915150874,0.496276567420408,45.4439941556589
10.5649801587302,0.975004355031162,1.08899315194905,0.496039279050189,45.4445957785195
10.5650793650794,0.974921023289719,1.08894713729902,0.495802103964207,45.4451973313087
10.5651785714286,0.974837701072553,1.08890110756811,0.495565042106402,45.4457988140425
10.5652777777778,0.974754388380075,1.08885506276573,0.495328093420737,45.4464002267366
10.565376984127,0.974671085212699,1.08880900290134,0.4950912578512,45.4470015694069
10.5654761904762,0.974587791570844,1.08876292798436,0.494854535341804,45.4476028420691
10.5655753968254,0.974504507454932,1.0887168380242,0.494617925836586,45.4482040447391
10.5656746031746,0.974421232865388,1.08867073303029,0.49438142927961,45.4488051774327
10.5657738095238,0.97433796780264,1.08862461301203,0.494145045614963,45.4494062401657
10.565873015873,0.97425471226712,1.08857847797882,0.493908774786756,45.4500072329538
10.5659722222222,0.974171466259265,1.08853232794007,0.493672616739128,45.4506081558129
10.5660714285714,0.974088229779514,1.08848616290517,0.49343657141624,45.4512090087586
10.5661706349206,0.974005002828307,1.08843998288349,0.493200638762277,45.4518097918068
10.5662698412698,0.973921785406093,1.08839378788443,0.492964818721455,45.4524105049732
10.566369047619,0.973838577513321,1.08834757791735,0.492729111238009,45.4530111482736
10.5664682539683,0.973755379150443,1.08830135299162,0.4924935162562,45.4536117217237
10.5665674603175,0.973672190317915,1.08825511311661,0.492258033720313,45.4542122253391
10.5666666666667,0.973589011016198,1.08820885830167,0.492022663574661,45.4548126591358
10.5667658730159,0.973505841245755,1.08816258855615,0.49178740576358,45.4554130231293
10.5668650793651,0.973422681007052,1.0881163038894,0.491552260231429,45.4560133173354
10.5669642857143,0.973339530300559,1.08807000431074,0.491317226922595,45.4566135417698
10.5670634920635,0.973256389126752,1.08802368982953,0.491082305781488,45.4572136964482
10.5671626984127,0.973173257486105,1.08797736045507,0.490847496752544,45.4578137813862
10.5672619047619,0.973090135379101,1.0879310161967,0.490612799780223,45.4584137965996
10.5673611111111,0.973007022806223,1.08788465706372,0.490378214809009,45.459013742104
10.5674603174603,0.972923919767959,1.08783828306546,0.490143741783413,45.459613617915
10.5675595238095,0.972840826264799,1.0877918942112,0.489909380647969,45.4602134240485
10.5676587301587,0.972757742297237,1.08774549051024,0.489675131347235,45.4608131605199
10.5677579365079,0.972674667865774,1.08769907197189,0.4894409938258,45.461412827345
10.5678571428571,0.972591602970908,1.08765263860541,0.489206968028271,45.4620124245393
10.5679563492063,0.972508547613146,1.0876061904201,0.488973053899281,45.4626119521185
10.5680555555556,0.972425501792995,1.08755972742522,0.488739251383491,45.4632114100983
10.5681547619048,0.972342465510968,1.08751324963004,0.488505560425583,45.4638107984942
10.568253968254,0.972259438767579,1.08746675704383,0.488271980970267,45.4644101173219
10.5683531746032,0.972176421563347,1.08742024967583,0.488038512962276,45.4650093665969
10.5684523809524,0.972093413898794,1.0873737275353,0.487805156346368,45.4656085463348
10.5685515873016,0.972010415774446,1.08732719063149,0.487571911067326,45.4662076565513
10.5686507936508,0.971927427190832,1.08728063897362,0.487338777069959,45.4668066972618
10.56875,0.971844448148484,1.08723407257094,0.4871057542991,45.4674056684821
10.5688492063492,0.971761478647938,1.08718749143266,0.486872842699606,45.4680045702276
10.5689484126984,0.971678518689735,1.08714089556801,0.48664004221636,45.4686034025138
10.5690476190476,0.971595568274415,1.0870942849862,0.48640735279427,45.4692021653565
10.5691468253968,0.971512627402526,1.08704765969645,0.486174774378264,45.469800858771
10.569246031746,0.971429696074618,1.08700101970794,0.485942306913306,45.4703994827729
10.5693452380952,0.971346774291245,1.08695436502988,0.485709950344375,45.4709980373777
10.5694444444444,0.971263862052962,1.08690769567146,0.485477704616478,45.4715965226011
10.5695436507937,0.97118095936033,1.08686101164187,0.485245569674646,45.4721949384583
10.5696428571429,0.971098066213913,1.08681431295028,0.485013545463936,45.4727932849651
10.5697420634921,0.971015182614278,1.08676759960586,0.48478163192943,45.4733915621368
10.5698412698413,0.970932308561995,1.08672087161778,0.484549829016233,45.4739897699891
10.5699404761905,0.970849444057638,1.0866741289952,0.484318136669478,45.4745879085372
10.5700396825397,0.970766589101785,1.08662737174729,0.484086554834318,45.4751859777968
10.5701388888889,0.970683743695016,1.08658059988318,0.483855083455937,45.4757839777832
10.5702380952381,0.970600907837917,1.08653381341201,0.483623722479538,45.476381908512
10.5703373015873,0.970518081531075,1.08648701234294,0.483392471850354,45.4769797699986
10.5704365079365,0.970435264775082,1.08644019668508,0.483161331513638,45.4775775622585
10.5705357142857,0.970352457570532,1.08639336644756,0.482930301414672,45.4781752853071
10.5706349206349,0.970269659918022,1.08634652163951,0.482699381498756,45.4787729391597
10.5707341269841,0.970186871818156,1.08629966227003,0.482468571711228,45.4793705238319
10.5708333333333,0.970104093271539,1.08625278834824,0.482237871997439,45.4799680393391
10.5709325396825,0.970021324278778,1.08620589988323,0.482007282302769,45.4805654856966
10.5710317460317,0.969938564840487,1.08615899688411,0.481776802572621,45.4811628629199
10.571130952381,0.969855814957281,1.08611207935995,0.481546432752425,45.4817601710243
10.5712301587302,0.969773074629778,1.08606514731985,0.481316172787635,45.4823574100253
10.5713293650794,0.969690343858601,1.08601820077289,0.481086022623731,45.4829545799383
10.5714285714286,0.969607622644376,1.08597123972812,0.480855982206216,45.4835516807785
10.5715277777778,0.969524910987734,1.08592426419463,0.480626051480619,45.4841487125614
10.571626984127,0.969442208889305,1.08587727418147,0.480396230392493,45.4847456753023
10.5717261904762,0.969359516349727,1.0858302696977,0.480166518887416,45.4853425690166
10.5718253968254,0.96927683336964,1.08578325075236,0.479936916910993,45.4859393937196
10.5719246031746,0.969194159949686,1.0857362173545,0.47970742440885,45.4865361494267
10.5720238095238,0.969111496090513,1.08568916951315,0.479478041326642,45.4871328361531
10.572123015873,0.969028841792769,1.08564210723735,0.479248767610041,45.4877294539143
10.5722222222222,0.968946197057111,1.08559503053611,0.479019603204758,45.4883260027254
10.5723214285714,0.968863561884194,1.08554793941847,0.478790548056517,45.4889224826019
10.5724206349206,0.968780936274679,1.08550083389342,0.47856160211107,45.489518893559
10.5725198412698,0.96869832022923,1.08545371396998,0.478332765314193,45.490115235612
10.572619047619,0.968615713748514,1.08540657965716,0.47810403761169,45.4907115087762
10.5727182539683,0.968533116833203,1.08535943096393,0.477875418949387,45.4913077130668
10.5728174603175,0.96845052948397,1.0853122678993,0.477646909273135,45.4919038484992
10.5729166666667,0.968367951701494,1.08526509047225,0.477418508528812,45.4924999150887
10.5730158730159,0.968285383486456,1.08521789869175,0.477190216662318,45.4930959128503
10.5731150793651,0.96820282483954,1.08517069256677,0.47696203361958,45.4936918417995
10.5732142857143,0.968120275761436,1.08512347210629,0.476733959346549,45.4942877019514
10.5733134920635,0.968037736252834,1.08507623731926,0.476505993789201,45.4948834933213
10.5734126984127,0.967955206314429,1.08502898821464,0.476278136893537,45.4954792159244
10.5735119047619,0.967872685946922,1.08498172480137,0.476050388605582,45.496074869776
10.5736111111111,0.967790175151011,1.08493444708839,0.475822748871383,45.4966704548911
10.5737103174603,0.967707673927406,1.08488715508464,0.475595217637023,45.4972659712851
10.5738095238095,0.967625182276813,1.08483984879906,0.475367794848598,45.4978614189731
10.5739087301587,0.967542700199946,1.08479252824056,0.475140480452233,45.4984567979704
10.5740079365079,0.96746022769752,1.08474519341806,0.474913274394078,45.499052108292
10.5741071428571,0.967377764770255,1.08469784434048,0.474686176620308,45.4996473499533
10.5742063492063,0.967295311418874,1.08465048101673,0.474459187077124,45.5002425229692
10.5743055555556,0.967212867644103,1.08460310345569,0.474232305710747,45.5008376273551
10.5744047619048,0.967130433446671,1.08455571166627,0.474005532467429,45.5014326631261
10.574503968254,0.967048008827312,1.08450830565737,0.473778867293443,45.5020276302972
10.5746031746032,0.966965593786763,1.08446088543785,0.473552310135088,45.5026225288836
10.5747023809524,0.966883188325764,1.08441345101659,0.473325860938689,45.5032173589006
10.5748015873016,0.966800792445058,1.08436600240247,0.473099519650592,45.5038121203631
10.5749007936508,0.966718406145392,1.08431853960436,0.472873286217173,45.5044068132863
10.575,0.966636029427517,1.08427106263111,0.47264716058483,45.5050014376854
10.5750992063492,0.966553662292186,1.08422357149157,0.472421142699983,45.5055959935753
10.5751984126984,0.966471304740159,1.08417606619459,0.472195232509085,45.5061904809713
10.5752976190476,0.966388956772194,1.08412854674902,0.471969429958607,45.5067848998883
10.5753968253968,0.966306618389058,1.08408101316368,0.471743734995047,45.5073792503416
10.575496031746,0.966224289591517,1.08403346544741,0.471518147564927,45.507973532346
10.5755952380952,0.966141970380342,1.08398590360904,0.471292667614793,45.5085677459168
10.5756944444444,0.96605966075631,1.08393832765738,0.47106729509122,45.5091618910689
10.5757936507937,0.965977360720197,1.08389073760123,0.470842029940804,45.5097559678175
10.5758928571429,0.965895070272785,1.08384313344942,0.470616872110167,45.5103499761775
10.5759920634921,0.96581278941486,1.08379551521073,0.470391821545956,45.510943916164
10.5760912698413,0.96573051814721,1.08374788289396,0.470166878194841,45.511537787792
10.5761904761905,0.965648256470628,1.08370023650791,0.469942042003521,45.5121315910766
10.5762896825397,0.965566004385908,1.08365257606134,0.469717312918716,45.5127253260327
10.5763888888889,0.96548376189385,1.08360490156304,0.469492690887173,45.5133189926753
10.5764880952381,0.965401528995256,1.08355721302179,0.469268175855663,45.5139125910195
10.5765873015873,0.965319305690931,1.08350951044633,0.469043767770978,45.5145061210803
10.5766865079365,0.965237091981686,1.08346179384544,0.468819466579945,45.5150995828726
10.5767857142857,0.965154887868334,1.08341406322786,0.468595272229408,45.5156929764113
10.5768849206349,0.96507269335169,1.08336631860234,0.468371184666236,45.5162863017116
10.5769841269841,0.964990508432575,1.08331855997763,0.468147203837324,45.5168795587883
10.5770833333333,0.96490833311181,1.08327078736245,0.467923329689593,45.5174727476563
10.5771825396825,0.964826167390225,1.08322300076553,0.467699562169989,45.5180658683307
10.5772817460317,0.964744011268647,1.08317520019561,0.467475901225481,45.5186589208264
10.577380952381,0.964661864747911,1.08312738566139,0.467252346803063,45.5192519051583
10.5774801587302,0.964579727828854,1.08307955717159,0.467028898849755,45.5198448213413
10.5775793650794,0.964497600512317,1.08303171473492,0.466805557312601,45.5204376693903
10.5776785714286,0.96441548278024,1.08298385836717,0.466582322140934,45.5210304493274
10.5777777777778,0.964333374362665,1.08293598817874,0.466359193315555,45.521623161269
10.577876984127,0.9642512751698,1.08288810421168,0.466136170798508,45.5222158052629
10.5779761904762,0.964169185199593,1.08284020647493,0.465913254541693,45.5228083813243
10.5780753968254,0.964087104449992,1.08279229497748,0.465690444497022,45.523400889468
10.5781746031746,0.964005032918949,1.08274436972828,0.46546774061643,45.5239933297091
10.5782738095238,0.963922970604414,1.08269643073628,0.46524514285186,45.5245857020624
10.578373015873,0.963840917504339,1.08264847801044,0.465022651155273,45.5251780065429
10.5784722222222,0.963758873616678,1.0826005115597,0.464800265478644,45.5257702431657
10.5785714285714,0.963676838939385,1.08255253139302,0.464577985773965,45.5263624119455
10.5786706349206,0.963594813470417,1.08250453751933,0.464355811993242,45.5269545128974
10.5787698412698,0.963512797207731,1.08245652994757,0.464133744088498,45.5275465460363
10.578869047619,0.963430790149284,1.08240850868668,0.46391178201177,45.5281385113771
10.5789682539683,0.963348792293037,1.08236047374559,0.46368992571511,45.5287304089347
10.5790674603175,0.96326680363695,1.08231242513323,0.463468175150587,45.5293222387241
10.5791666666667,0.963184824178986,1.08226436285853,0.463246530270284,45.5299140007601
10.5792658730159,0.963102853917107,1.08221628693041,0.4630249910263,45.5305056950578
10.5793650793651,0.963020892849278,1.08216819735778,0.462803557370749,45.5310973216319
10.5794642857143,0.962938940973466,1.08212009414958,0.46258222925576,45.5316888804975
10.5795634920635,0.962856998287635,1.0820719773147,0.462361006633475,45.5322803716694
10.5796626984127,0.962775064789756,1.08202384686206,0.46213988945606,45.5328717951624
10.5797619047619,0.962693140477797,1.08197570280057,0.461918877675687,45.5334631509915
10.5798611111111,0.962611225349728,1.08192754513912,0.461697971244548,45.5340544391716
10.5799603174603,0.962529319403522,1.08187937388663,0.461477170114848,45.5346456597176
10.5800595238095,0.962447422637152,1.08183118905198,0.461256474238809,45.5352368126443
10.5801587301587,0.962365535048591,1.08178299064406,0.461035883568668,45.5358278979666
10.5802579365079,0.962283656635815,1.08173477867178,0.460815398056676,45.5364189156993
10.5803571428571,0.962201787396801,1.08168655314401,0.460595017655102,45.5370098658574
10.5804563492063,0.962119927329526,1.08163831406964,0.460374742316228,45.5376007484557
10.5805555555556,0.962038076431969,1.08159006145756,0.460154571992352,45.5381915635091
10.5806547619048,0.961956234702111,1.08154179531663,0.459934506635788,45.5387823110324
10.580753968254,0.961874402137934,1.08149351565573,0.459714546198864,45.5393729910405
10.5808531746032,0.961792578737419,1.08144522248373,0.459494690633925,45.5399636035481
10.5809523809524,0.961710764498551,1.0813969158095,0.459274939893331,45.5405541485702
10.5810515873016,0.961628959419313,1.0813485956419,0.459055293929452,45.5411446261216
10.5811507936508,0.961547163497695,1.0813002619898,0.458835752694686,45.5417350362171
10.58125,0.961465376731683,1.08125191486204,0.458616316141435,45.5423253788715
10.5813492063492,0.961383599119265,1.0812035542675,0.45839698422212,45.5429156540997
10.5814484126984,0.961301830658432,1.08115518021501,0.458177756889177,45.5435058619165
10.5815476190476,0.961220071347175,1.08110679271342,0.457958634095058,45.5440960023367
10.5816468253968,0.961138321183485,1.08105839177158,0.457739615792229,45.5446860753751
10.581746031746,0.961056580165357,1.08100997739834,0.457520701933172,45.5452760810465
10.5818452380952,0.960974848290786,1.08096154960252,0.457301892470387,45.5458660193657
10.5819444444444,0.960893125557767,1.08091310839296,0.457083187356384,45.5464558903475
10.5820436507937,0.960811411964298,1.0808646537785,0.456864586543693,45.5470456940067
10.5821428571429,0.960729707508378,1.08081618576796,0.456646089984858,45.5476354303582
10.5822420634921,0.960648012188005,1.08076770437016,0.456427697632436,45.5482250994166
10.5823412698413,0.960566326001181,1.08071920959393,0.456209409439003,45.5488147011967
10.5824404761905,0.960484648945909,1.0806707014481,0.455991225357149,45.5494042357135
10.5825396825397,0.960402981020189,1.08062217994146,0.455773145339474,45.5499937029815
10.5826388888889,0.96032132222203,1.08057364508283,0.455555169338606,45.5505831030156
10.5827380952381,0.960239672549435,1.08052509688103,0.455337297307176,45.5511724358305
10.5828373015873,0.960158032000412,1.08047653534486,0.455119529197837,45.5517617014411
10.5829365079365,0.960076400572969,1.08042796048311,0.454901864963255,45.552350899862
10.5830357142857,0.959994778265116,1.08037937230459,0.45468430455611,45.552940031108
10.5831349206349,0.959913165074862,1.0803307708181,0.454466847929101,45.5535290951939
10.5832341269841,0.959831561000219,1.08028215603242,0.45424949503494,45.5541180921344
10.5833333333333,0.959749966039202,1.08023352795634,0.454032245826353,45.5547070219442
10.5834325396825,0.959668380189824,1.08018488659866,0.453815100256085,45.555295884638
10.5835317460317,0.9595868034501,1.08013623196815,0.453598058276894,45.5558846802307
10.583630952381,0.959505235818048,1.08008756407359,0.453381119841553,45.5564734087369
10.5837301587302,0.959423677291685,1.08003888292376,0.453164284902851,45.5570620701714
10.5838293650794,0.95934212786903,1.07999018852742,0.452947553413594,45.5576506645488
10.5839285714286,0.959260587548103,1.07994148089336,0.4527309253266,45.5582391918839
10.5840277777778,0.959179056326926,1.07989276003033,0.452514400594702,45.5588276521914
10.584126984127,0.959097534203523,1.0798440259471,0.452297979170756,45.559416045486
10.5842261904762,0.959016021175917,1.07979527865243,0.452081661007626,45.5600043717824
10.5843253968254,0.958934517242133,1.07974651815507,0.451865446058191,45.5605926310953
10.5844246031746,0.958853022400198,1.07969774446378,0.451649334275349,45.5611808234393
10.5845238095238,0.958771536648139,1.07964895758731,0.451433325612012,45.5617689488292
10.584623015873,0.958690059983985,1.0796001575344,0.451217420021106,45.5623570072797
10.5847222222222,0.958608592405766,1.07955134431379,0.451001617455574,45.5629449988054
10.5848214285714,0.958527133911514,1.07950251793423,0.450785917868374,45.563532923421
10.5849206349206,0.958445684499261,1.07945367840446,0.450570321212479,45.5641207811412
10.5850198412698,0.95836424416704,1.0794048257332,0.450354827440878,45.5647085719806
10.585119047619,0.958282812912887,1.07935595992918,0.450139436506574,45.565296295954
10.5852182539683,0.958201390734837,1.07930708100114,0.449924148362586,45.5658839530759
10.5853174603175,0.958119977630929,1.0792581889578,0.44970896296195,45.566471543361
10.5854166666667,0.9580385735992,1.07920928380787,0.449493880257715,45.567059066824
10.5855158730159,0.95795717863769,1.07916036556007,0.449278900202943,45.5676465234795
10.5856150793651,0.957875792744441,1.07911143422313,0.449064022750721,45.5682339133421
10.5857142857143,0.957794415917494,1.07906248980574,0.448849247854142,45.5688212364266
10.5858134920635,0.957713048154894,1.07901353231661,0.448634575466316,45.5694084927474
10.5859126984127,0.957631689454684,1.07896456176446,0.448420005540371,45.5699956823193
10.5860119047619,0.957550339814911,1.07891557815798,0.448205538029449,45.5705828051569
10.5861111111111,0.957468999233622,1.07886658150586,0.447991172886706,45.5711698612748
10.5862103174603,0.957387667708864,1.0788175718168,0.447776910065315,45.5717568506876
10.5863095238095,0.957306345238688,1.0787685490995,0.447562749518465,45.5723437734099
10.5864087301587,0.957225031821144,1.07871951336264,0.447348691199358,45.5729306294564
10.5865079365079,0.957143727454284,1.0786704646149,0.447134735061214,45.5735174188415
10.5866071428571,0.957062432136162,1.07862140286497,0.446920881057265,45.5741041415801
10.5867063492063,0.956981145864831,1.07857232812152,0.446707129140762,45.5746907976865
10.5868055555556,0.956899868638347,1.07852324039323,0.44649347926497,45.5752773871755
10.5869047619048,0.956818600454766,1.07847413968876,0.446279931383167,45.5758639100615
10.587003968254,0.956737341312147,1.0784250260168,0.446066485448647,45.5764503663593
10.5871031746032,0.95665609120855,1.07837589938599,0.445853141414725,45.5770367560833
10.5872023809524,0.956574850142035,1.07832675980501,0.445639899234726,45.5776230792481
10.5873015873016,0.956493618110663,1.07827760728251,0.445426758861991,45.5782093358683
10.5874007936508,0.956412395112497,1.07822844182715,0.445213720249875,45.5787955259586
10.5875,0.956331181145601,1.07817926344758,0.445000783351752,45.5793816495333
10.5875992063492,0.956249976208041,1.07813007215244,0.444787948121008,45.5799677066071
10.5876984126984,0.956168780297882,1.07808086795038,0.444575214511047,45.5805536971946
10.5877976190476,0.956087593413194,1.07803165085005,0.444362582475286,45.5811396213102
10.5878968253968,0.956006415552044,1.07798242086008,0.444150051967159,45.5817254789686
10.587996031746,0.955925246712503,1.07793317798911,0.443937622940114,45.5823112701843
10.5880952380952,0.955844086892642,1.07788392224576,0.443725295347616,45.5828969949717
10.5881944444444,0.955762936090534,1.07783465363868,0.443513069143144,45.5834826533455
10.5882936507937,0.955681794304252,1.07778537217648,0.443300944280193,45.5840682453202
10.5883928571429,0.955600661531872,1.07773607786778,0.443088920712273,45.5846537709102
10.5884920634921,0.955519537771469,1.07768677072121,0.442876998392906,45.5852392301301
10.5885912698413,0.955438423021122,1.07763745074538,0.442665177275639,45.5858246229945
10.5886904761905,0.955357317278909,1.07758811794891,0.442453457314026,45.5864099495178
10.5887896825397,0.95527622054291,1.0775387723404,0.442241838461637,45.5869952097145
10.5888888888889,0.955195132811205,1.07748941392845,0.44203032067206,45.5875804035992
10.5889880952381,0.955114054081878,1.07744004272168,0.441818903898897,45.5881655311862
10.5890873015873,0.955032984353012,1.07739065872868,0.441607588095765,45.5887505924902
10.5891865079365,0.954951923622691,1.07734126195804,0.441396373216297,45.5893355875257
10.5892857142857,0.954870871889001,1.07729185241837,0.441185259214141,45.589920516307
10.5893849206349,0.95478982915003,1.07724243011824,0.440974246042961,45.5905053788487
10.5894841269841,0.954708795403866,1.07719299506625,0.440763333656435,45.5910901751652
10.5895833333333,0.954627770648598,1.07714354727097,0.440552522008259,45.5916749052711
10.5896825396825,0.954546754882318,1.077094086741,0.44034181105214,45.5922595691807
10.5897817460317,0.954465748103117,1.0770446134849,0.440131200741805,45.5928441669086
10.589880952381,0.954384750309089,1.07699512751125,0.439920691030994,45.5934286984693
10.5899801587302,0.954303761498326,1.07694562882861,0.439710281873459,45.5940131638771
10.5900793650794,0.954222781668927,1.07689611744556,0.439499973222976,45.5945975631465
10.5901785714286,0.954141810818988,1.07684659337066,0.43928976503333,45.595181896292
10.5902777777778,0.954060848946607,1.07679705661247,0.439079657258321,45.595766163328
10.590376984127,0.953979896049883,1.07674750717954,0.438869649851767,45.5963503642689
10.5904761904762,0.953898952126916,1.07669794508043,0.438659742767501,45.5969344991292
10.5905753968254,0.953818017175808,1.0766483703237,0.438449935959369,45.5975185679234
10.5906746031746,0.953737091194663,1.07659878291787,0.438240229381234,45.5981025706657
10.5907738095238,0.953656174181584,1.07654918287151,0.438030622986975,45.5986865073708
10.590873015873,0.953575266134676,1.07649957019315,0.437821116730486,45.5992703780528
10.5909722222222,0.953494367052048,1.07644994489133,0.437611710565675,45.5998541827264
10.5910714285714,0.953413476931805,1.07640030697458,0.437402404446467,45.6004379214059
10.5911706349206,0.953332595772057,1.07635065645143,0.437193198326802,45.6010215941056
10.5912698412698,0.953251723570915,1.07630099333041,0.436984092160634,45.6016052008401
10.591369047619,0.95317086032649,1.07625131762005,0.436775085901934,45.6021887416236
10.5914682539683,0.953090006036894,1.07620162932886,0.436566179504684,45.6027722164707
10.5915674603175,0.953009160700242,1.07615192846537,0.436357372922892,45.6033556253956
10.5916666666667,0.952928324314648,1.07610221503808,0.436148666110571,45.6039389684127
10.5917658730159,0.95284749687823,1.07605248905552,0.435940059021752,45.6045222455365
10.5918650793651,0.952766678389103,1.07600275052618,0.435731551610483,45.6051054567813
10.5919642857143,0.952685868845389,1.07595299945857,0.435523143830826,45.6056886021615
10.5920634920635,0.952605068245205,1.0759032358612,0.435314835636858,45.6062716816914
10.5921626984127,0.952524276586673,1.07585345974255,0.435106626982674,45.6068546953854
10.5922619047619,0.952443493867917,1.07580367111114,0.43489851782238,45.6074376432579
10.5923611111111,0.952362720087058,1.07575386997544,0.434690508110102,45.6080205253232
10.5924603174603,0.952281955242223,1.07570405634394,0.434482597799978,45.6086033415956
10.5925595238095,0.952201199331537,1.07565423022514,0.434274786846162,45.6091860920896
10.5926587301587,0.952120452353128,1.07560439162751,0.434067075202825,45.6097687768194
10.5927579365079,0.952039714305123,1.07555454055953,0.433859462824151,45.6103513957994
10.5928571428571,0.951958985185653,1.07550467702968,0.43365194966434,45.6109339490439
10.5929563492064,0.951878264992847,1.07545480104642,0.433444535677607,45.6115164365672
10.5930555555556,0.95179755372484,1.07540491261823,0.433237220818187,45.6120988583837
10.5931547619048,0.951716851379764,1.07535501175358,0.433030005040325,45.6126812145077
10.593253968254,0.951636157955754,1.07530509846091,0.432822888298282,45.6132635049535
10.5933531746032,0.951555473450944,1.07525517274871,0.432615870546335,45.6138457297354
10.5934523809524,0.951474797863473,1.07520523462541,0.432408951738777,45.6144278888678
10.5935515873016,0.951394131191479,1.07515528409947,0.432202131829915,45.6150099823648
10.5936507936508,0.9513134734331,1.07510532117934,0.431995410774073,45.6155920102409
10.59375,0.951232824586477,1.07505534587347,0.43178878852559,45.6161739725103
10.5938492063492,0.951152184649753,1.0750053581903,0.431582265038819,45.6167558691873
10.5939484126984,0.95107155362107,1.07495535813827,0.431375840268129,45.6173377002861
10.5940476190476,0.950990931498573,1.07490534572581,0.431169514167905,45.6179194658212
10.5941468253968,0.950910318280406,1.07485532096135,0.430963286692547,45.6185011658067
10.594246031746,0.950829713964718,1.07480528385334,0.43075715779647,45.6190828002569
10.5943452380952,0.950749118549655,1.07475523441019,0.430551127434105,45.6196643691861
10.5944444444444,0.950668532033365,1.07470517264032,0.430345195559895,45.6202458726085
10.5945436507937,0.950587954414002,1.07465509855215,0.430139362128306,45.6208273105385
10.5946428571429,0.950507385689715,1.07460501215411,0.429933627093813,45.6214086829902
10.5947420634921,0.950426825858658,1.07455491345461,0.429727990410907,45.621989989978
10.5948412698413,0.950346274918984,1.07450480246205,0.429522452034096,45.622571231516
10.5949404761905,0.950265732868849,1.07445467918484,0.429317011917902,45.6231524076185
10.5950396825397,0.950185199706409,1.07440454363138,0.429111670016864,45.6237335182998
10.5951388888889,0.950104675429821,1.07435439581008,0.428906426285534,45.624314563574
10.5952380952381,0.950024160037245,1.07430423572933,0.428701280678481,45.6248955434555
10.5953373015873,0.94994365352684,1.07425406339753,0.42849623315029,45.6254764579584
10.5954365079365,0.949863155896768,1.07420387882306,0.428291283655559,45.626057307097
10.5955357142857,0.949782667145192,1.07415368201431,0.428086432148903,45.6266380908854
10.5956349206349,0.949702187270274,1.07410347297967,0.427881678584952,45.627218809338
10.5957341269841,0.94962171627018,1.07405325172752,0.427677022918352,45.6277994624688
10.5958333333333,0.949541254143076,1.07400301826623,0.427472465103763,45.6283800502922
10.5959325396825,0.949460800887128,1.07395277260417,0.427268005095859,45.6289605728222
10.5960317460317,0.949380356500507,1.07390251474973,0.427063642849336,45.6295410300732
10.596130952381,0.949299920981382,1.07385224471126,0.426859378318899,45.6301214220592
10.5962301587302,0.949219494327924,1.07380196249713,0.426655211459268,45.6307017487946
10.5963293650794,0.949139076538304,1.0737516681157,0.426451142225183,45.6312820102934
10.5964285714286,0.949058667610697,1.07370136157534,0.426247170571396,45.6318622065698
10.5965277777778,0.948978267543277,1.07365104288438,0.426043296452674,45.6324423376381
10.596626984127,0.948897876334219,1.07360071205119,0.425839519823801,45.6330224035124
10.5967261904762,0.948817493981701,1.0735503690841,0.425635840639575,45.6336024042068
10.5968253968254,0.948737120483902,1.07350001399148,0.425432258854812,45.6341823397356
10.5969246031746,0.948656755838999,1.07344964678165,0.42522877442434,45.6347622101128
10.5970238095238,0.948576400045176,1.07339926746296,0.425025387303005,45.6353420153527
10.597123015873,0.948496053100612,1.07334887604374,0.424822097445665,45.6359217554693
10.5972222222222,0.948415715003492,1.07329847253232,0.424618904807198,45.6365014304769
10.5973214285714,0.948335385751999,1.07324805693702,0.424415809342493,45.6370810403896
10.5974206349206,0.948255065344319,1.07319762926619,0.424212811006454,45.6376605852214
10.5975198412698,0.948174753778639,1.07314718952813,0.424009909754008,45.6382400649866
10.597619047619,0.948094451053148,1.07309673773116,0.423807105540089,45.6388194796993
10.5977182539683,0.948014157166034,1.07304627388361,0.423604398319649,45.6393988293736
10.5978174603175,0.947933872115488,1.07299579799377,0.423401788047656,45.6399781140236
10.5979166666667,0.947853595899701,1.07294531006997,0.423199274679092,45.6405573336634
10.5980158730159,0.947773328516866,1.0728948101205,0.422996858168956,45.6411364883072
10.5981150793651,0.947693069965177,1.07284429815367,0.422794538472262,45.641715577969
10.5982142857143,0.94761282024283,1.07279377417777,0.422592315544037,45.642294602663
10.5983134920635,0.947532579348021,1.07274323820111,0.422390189339328,45.6428735624032
10.5984126984127,0.947452347278948,1.07269269023197,0.422188159813192,45.6434524572038
10.5985119047619,0.947372124033809,1.07264213027865,0.421986226920705,45.6440312870788
10.5986111111111,0.947291909610805,1.07259155834942,0.421784390616957,45.6446100520424
10.5987103174603,0.947211704008137,1.07254097445257,0.421582650857054,45.6451887521085
10.5988095238095,0.947131507224009,1.07249037859639,0.421381007596116,45.6457673872914
10.5989087301587,0.947051319256621,1.07243977078914,0.421179460789278,45.646345957605
10.5990079365079,0.946971140104182,1.0723891510391,0.420978010391696,45.6469244630634
10.5991071428571,0.946890969764897,1.07233851935454,0.420776656358534,45.6475029036808
10.5992063492063,0.946810808236973,1.07228787574372,0.420575398644975,45.648081279471
10.5993055555556,0.946730655518619,1.07223722021492,0.420374237206216,45.6486595904483
10.5994047619048,0.946650511608045,1.07218655277637,0.420173171997471,45.6492378366267
10.599503968254,0.946570376503461,1.07213587343635,0.419972202973968,45.6498160180202
10.5996031746032,0.946490250203081,1.07208518220311,0.419771330090949,45.6503941346428
10.5997023809524,0.946410132705117,1.07203447908489,0.419570553303675,45.6509721865086
10.5998015873016,0.946330024007784,1.07198376408995,0.41936987256742,45.6515501736317
10.5999007936508,0.946249924109299,1.07193303722652,0.419169287837473,45.652128096026
10.6,0.946169833007878,1.07188229850285,0.418968799069139,45.6527059537056
10.6000992063492,0.94608975070174,1.07183154792717,0.418768406217739,45.6532837466845
10.6001984126984,0.946009677189104,1.07178078550771,0.418568109238609,45.6538614749768
10.6002976190476,0.945929612468191,1.07173001125272,0.418367908087099,45.6544391385964
10.6003968253968,0.945849556537222,1.0716792251704,0.418167802718573,45.6550167375574
10.600496031746,0.945769509394423,1.07162842726899,0.417967793088418,45.6555942718737
10.6005952380952,0.945689471038017,1.07157761755671,0.417767879152029,45.6561717415594
10.6006944444444,0.945609441466229,1.07152679604177,0.417568060864818,45.6567491466285
10.6007936507937,0.945529420677286,1.07147596273239,0.417368338182213,45.6573264870949
10.6008928571429,0.945449408669417,1.07142511763678,0.417168711059656,45.6579037629726
10.6009920634921,0.945369405440851,1.07137426076314,0.416969179452607,45.6584809742757
10.6010912698413,0.945289410989818,1.07132339211969,0.416769743316539,45.6590581210181
10.6011904761905,0.945209425314549,1.07127251171461,0.416570402606941,45.6596352032138
10.6012896825397,0.945129448413279,1.07122161955611,0.416371157279318,45.6602122208767
10.6013888888889,0.945049480284241,1.07117071565239,0.416172007289189,45.6607891740209
10.6014880952381,0.94496952092567,1.07111980001162,0.415972952592089,45.6613660626602
10.6015873015873,0.944889570335804,1.07106887264201,0.41577399314357,45.6619428868088
10.6016865079365,0.944809628512879,1.07101793355174,0.415575128899197,45.6625196464804
10.6017857142857,0.944729695455135,1.07096698274897,0.41537635981455,45.663096341689
10.6018849206349,0.944649771160811,1.07091602024191,0.415177685845224,45.6636729724487
10.6019841269841,0.944569855628151,1.07086504603871,0.414979106946837,45.6642495387733
10.6020833333333,0.944489948855396,1.07081406014755,0.414780623075012,45.6648260406768
10.6021825396825,0.94441005084079,1.07076306257661,0.414582234185392,45.6654024781731
10.6022817460317,0.944330161582579,1.07071205333403,0.414383940233635,45.6659788512762
10.602380952381,0.944250281079007,1.07066103242799,0.414185741175414,45.6665551599999
10.6024801587302,0.944170409328324,1.07060999986664,0.413987636966417,45.6671314043582
10.6025793650794,0.944090546328778,1.07055895565814,0.413789627562349,45.667707584365
10.6026785714286,0.944010692078618,1.07050789981064,0.413591712918929,45.6682837000343
10.6027777777778,0.943930846576096,1.07045683233229,0.413393892991892,45.6688597513799
10.602876984127,0.943851009819465,1.07040575323123,0.413196167736986,45.6694357384157
10.6029761904762,0.943771181806977,1.07035466251561,0.412998537109978,45.6700116611557
10.6030753968254,0.943691362536888,1.07030356019356,0.412801001066649,45.6705875196136
10.6031746031746,0.943611552007454,1.07025244627322,0.412603559562793,45.6711633138036
10.6032738095238,0.943531750216932,1.07020132076272,0.412406212554223,45.6717390437393
10.603373015873,0.943451957163579,1.0701501836702,0.412208959996761,45.6723147094347
10.6034722222222,0.943372172845657,1.07009903500376,0.412011801846257,45.6728903109037
10.6035714285714,0.943292397261427,1.07004787477155,0.411814738058564,45.6734658481601
10.6036706349206,0.943212630409149,1.06999670298168,0.411617768589554,45.6740413212179
10.6037698412698,0.943132872287088,1.06994551964225,0.411420893395116,45.6746167300908
10.603869047619,0.943053122893507,1.0698943247614,0.411224112431154,45.6751920747928
10.6039682539683,0.942973382226673,1.06984311834722,0.411027425653585,45.6757673553377
10.6040674603175,0.942893650284853,1.06979190040782,0.410830833018344,45.6763425717393
10.6041666666667,0.942813927066315,1.0697406709513,0.41063433448138,45.6769177240116
10.6042658730159,0.942734212569328,1.06968942998577,0.410437929998658,45.6774928121683
10.6043650793651,0.942654506792163,1.06963817751931,0.410241619526158,45.6780678362233
10.6044642857143,0.942574809733091,1.06958691356003,0.410045403019875,45.6786427961904
10.6045634920635,0.942495121390386,1.06953563811601,0.40984928043582,45.6792176920835
10.6046626984127,0.942415441762322,1.06948435119534,0.409653251730019,45.6797925239164
10.6047619047619,0.942335770847174,1.0694330528061,0.409457316858513,45.6803672917029
10.6048611111111,0.942256108643219,1.06938174295637,0.409261475777357,45.6809419954568
10.6049603174603,0.942176455148735,1.06933042165423,0.409065728442627,45.681516635192
10.6050595238095,0.942096810362001,1.06927908890775,0.408870074810409,45.6820912109222
10.6051587301587,0.942017174281298,1.06922774472501,0.408674514836806,45.6826657226613
10.6052579365079,0.941937546904907,1.06917638911406,0.408479048477935,45.6832401704231
10.6053571428571,0.94185792823111,1.06912502208297,0.40828367568993,45.6838145542213
10.6054563492063,0.941778318258192,1.06907364363981,0.40808839642894,45.6843888740698
10.6055555555556,0.941698716984438,1.06902225379262,0.407893210651128,45.6849631299823
10.6056547619048,0.941619124408134,1.06897085254947,0.407698118312675,45.6855373219727
10.605753968254,0.941539540527568,1.0689194399184,0.407503119369774,45.6861114500547
10.6058531746032,0.941459965341029,1.06886801590746,0.407308213778637,45.6866855142421
10.6059523809524,0.941380398846806,1.06881658052469,0.407113401495489,45.6872595145487
10.6060515873016,0.941300841043192,1.06876513377814,0.40691868247657,45.6878334509882
10.6061507936508,0.941221291928478,1.06871367567584,0.406724056678137,45.6884073235744
10.60625,0.941141751500958,1.06866220622583,0.406529524056461,45.6889811323211
10.6063492063492,0.941062219758925,1.06861072543613,0.406335084567826,45.689554877242
10.6064484126984,0.94098269670068,1.06855923331478,0.40614073816854,45.6901285583509
10.6065476190476,0.940903182324516,1.0685077298698,0.405946484814918,45.6907021756615
10.6066468253968,0.940823676628734,1.06845621510921,0.405752324463293,45.6912757291875
10.606746031746,0.940744179611633,1.06840468904103,0.405558257070012,45.6918492189428
10.6068452380952,0.940664691271513,1.06835315167326,0.40536428259144,45.6924226449409
10.6069444444444,0.940585211606677,1.06830160301394,0.405170400983955,45.6929960071958
10.6070436507937,0.940505740615429,1.06825004307105,0.404976612203952,45.6935693057211
10.6071428571429,0.940426278296073,1.06819847185261,0.40478291620784,45.6941425405304
10.6072420634921,0.940346824646914,1.06814688936662,0.404589312952044,45.6947157116376
10.6073412698413,0.940267379666261,1.06809529562108,0.404395802393004,45.6952888190564
10.6074404761905,0.94018794335242,1.06804369062397,0.404202384487176,45.6958618628004
10.6075396825397,0.940108515703702,1.0679920743833,0.404009059191031,45.6964348428833
10.6076388888889,0.940029096718418,1.06794044690705,0.403815826461055,45.697007759319
10.6077380952381,0.939949686394879,1.06788880820321,0.40362268625375,45.697580612121
10.6078373015873,0.939870284731397,1.06783715827975,0.40342963852563,45.698153401303
10.6079365079365,0.939790891726289,1.06778549714466,0.403236683233232,45.6987261268788
10.6080357142857,0.939711507377869,1.06773382480591,0.403043820333102,45.699298788862
10.6081349206349,0.939632131684454,1.06768214127147,0.402851049781803,45.6998713872663
10.6082341269841,0.939552764644362,1.06763044654932,0.402658371535913,45.7004439221054
10.6083333333333,0.939473406255913,1.06757874064741,0.402465785552025,45.701016393393
10.6084325396825,0.939394056517426,1.06752702357372,0.402273291786749,45.7015888011427
10.6085317460317,0.939314715427223,1.06747529533619,0.40208089019671,45.7021611453681
10.608630952381,0.939235382983628,1.06742355594279,0.401888580738545,45.702733426083
10.6087301587302,0.939156059184964,1.06737180540147,0.401696363368912,45.703305643301
10.6088293650794,0.939076744029556,1.06732004372017,0.40150423804448,45.7038777970358
10.6089285714286,0.938997437515731,1.06726827090685,0.401312204721934,45.7044498873009
10.6090277777778,0.938918139641817,1.06721648696944,0.401120263357977,45.7050219141101
10.609126984127,0.938838850406142,1.06716469191588,0.400928413909324,45.7055938774769
10.6092261904762,0.938759569807037,1.06711288575412,0.400736656332707,45.7061657774151
10.6093253968254,0.938680297842832,1.06706106849208,0.40054499058487,45.7067376139382
10.6094246031746,0.938601034511862,1.06700924013769,0.400353416622582,45.7073093870598
10.6095238095238,0.938521779812459,1.06695740069888,0.400161934402617,45.7078810967936
10.609623015873,0.938442533742958,1.06690555018357,0.399970543881768,45.7084527431533
10.6097222222222,0.938363296301696,1.06685368859969,0.399779245016844,45.7090243261523
10.6098214285714,0.938284067487011,1.06680181595514,0.399588037764669,45.7095958458043
10.6099206349206,0.938204847297239,1.06674993225784,0.399396922082082,45.710167302123
10.6100198412698,0.938125635730723,1.06669803751571,0.399205897925937,45.7107386951219
10.610119047619,0.938046432785801,1.06664613173664,0.399014965253104,45.7113100248146
10.6102182539683,0.937967238460818,1.06659421492855,0.398824124020468,45.7118812912147
10.6103174603175,0.937888052754116,1.06654228709932,0.39863337418493,45.7124524943358
10.6104166666667,0.93780887566404,1.06649034825687,0.398442715703406,45.7130236341915
10.6105158730159,0.937729707188936,1.06643839840908,0.398252148532826,45.7135947107953
10.6106150793651,0.937650547327152,1.06638643756384,0.398061672630138,45.7141657241608
10.6107142857143,0.937571396077034,1.06633446572904,0.397871287952303,45.7147366743017
10.6108134920635,0.937492253436933,1.06628248291256,0.397680994456295,45.7153075612314
10.6109126984127,0.937413119405201,1.06623048912229,0.397490792099113,45.7158783849636
10.6110119047619,0.937333993980188,1.0661784843661,0.397300680837761,45.7164491455117
10.6111111111111,0.937254877160249,1.06612646865186,0.397110660629264,45.7170198428893
10.6112103174603,0.937175768943737,1.06607444198745,0.396920731430659,45.7175904771101
10.6113095238095,0.937096669329008,1.06602240438073,0.396730893199001,45.7181610481874
10.6114087301587,0.937017578314419,1.06597035583958,0.396541145891358,45.718731556135
10.6115079365079,0.936938495898329,1.06591829637184,0.396351489464815,45.7193020009662
10.6116071428571,0.936859422079095,1.06586622598537,0.396161923876473,45.7198723826947
10.6117063492063,0.93678035685508,1.06581414468804,0.395972449083446,45.7204427013339
10.6118055555556,0.936701300224644,1.06576205248769,0.395783065042865,45.7210129568974
10.6119047619048,0.936622252186151,1.06570994939217,0.395593771711876,45.7215831493988
10.612003968254,0.936543212737964,1.06565783540932,0.395404569047641,45.7221532788514
10.6121031746032,0.93646418187845,1.06560571054699,0.395215457007335,45.7227233452689
10.6122023809524,0.936385159605974,1.06555357481301,0.395026435548151,45.7232933486647
10.6123015873016,0.936306145918903,1.06550142821522,0.394837504627294,45.7238632890524
10.6124007936508,0.936227140815609,1.06544927076145,0.394648664201992,45.7244331664454
10.6125,0.936148144294461,1.06539710245953,0.394459914229479,45.7250029808572
10.6125992063492,0.93606915635383,1.06534492331728,0.39427125466701,45.7255727323013
10.6126984126984,0.935990176992088,1.06529273334253,0.394082685471852,45.7261424207913
10.6127976190476,0.93591120620761,1.06524053254309,0.393894206601291,45.7267120463405
10.6128968253968,0.935832243998771,1.06518832092678,0.393705818012624,45.7272816089625
10.612996031746,0.935753290363947,1.06513609850141,0.393517519663168,45.7278511086707
10.6130952380952,0.935674345301515,1.06508386527479,0.393329311510252,45.7284205454786
10.6131944444444,0.935595408809855,1.06503162125472,0.393141193511221,45.7289899193997
10.6132936507937,0.935516480887345,1.06497936644901,0.392953165623437,45.7295592304475
10.6133928571429,0.935437561532368,1.06492710086545,0.392765227804274,45.7301284786353
10.6134920634921,0.935358650743306,1.06487482451185,0.392577380011125,45.7306976639766
10.6135912698413,0.935279748518542,1.06482253739599,0.392389622201397,45.7312667864849
10.6136904761905,0.935200854856462,1.06477023952566,0.392201954332511,45.7318358461737
10.6137896825397,0.935121969755449,1.06471793090866,0.392014376361902,45.7324048430563
10.6138888888889,0.935043093213894,1.06466561155275,0.391826888247029,45.7329737771462
10.6139880952381,0.934964225230183,1.06461328146572,0.391639489945357,45.7335426484568
10.6140873015873,0.934885365802707,1.06456094065535,0.391452181414368,45.7341114570016
10.6141865079365,0.934806514929856,1.06450858912941,0.391264962611563,45.734680202794
10.6142857142857,0.934727672610023,1.06445622689566,0.391077833494455,45.7352488858473
10.6143849206349,0.934648838841601,1.06440385396188,0.390890794020573,45.735817506175
10.6144841269841,0.934570013622984,1.06435147033583,0.390703844147464,45.7363860637906
10.6145833333333,0.934491196952567,1.06429907602526,0.390516983832685,45.7369545587074
10.6146825396825,0.934412388828749,1.06424667103794,0.390330213033814,45.7375229909388
10.6147817460317,0.934333589249927,1.06419425538161,0.390143531708441,45.7380913604982
10.614880952381,0.9342547982145,1.06414182906403,0.389956939814172,45.738659667399
10.6149801587302,0.93417601572087,1.06408939209294,0.389770437308629,45.7392279116546
10.6150793650794,0.934097241767437,1.06403694447609,0.389584024149448,45.7397960932784
10.6151785714286,0.934018476352605,1.06398448622122,0.389397700294283,45.7403642122838
10.6152777777778,0.933939719474778,1.06393201733606,0.389211465700796,45.7409322686841
10.615376984127,0.933860971132362,1.06387953782834,0.389025320326678,45.7415002624927
10.6154761904762,0.933782231323763,1.0638270477058,0.388839264129623,45.7420681937229
10.6155753968254,0.93370350004739,1.06377454697617,0.388653297067345,45.7426360623882
10.6156746031746,0.93362477730165,1.06372203564716,0.388467419097574,45.7432038685019
10.6157738095238,0.933546063084956,1.0636695137265,0.388281630178052,45.7437716120773
10.615873015873,0.933467357395717,1.06361698122191,0.38809593026654,45.7443392931278
10.6159722222222,0.933388660232348,1.06356443814109,0.387910319320813,45.7449069116668
10.6160714285714,0.933309971593261,1.06351188449176,0.387724797298661,45.7454744677075
10.6161706349206,0.933231291476872,1.06345932028163,0.387539364157889,45.7460419612634
10.6162698412698,0.933152619881598,1.0634067455184,0.387354019856319,45.7466093923477
10.616369047619,0.933073956805856,1.06335416020978,0.387168764351787,45.7471767609737
10.6164682539683,0.932995302248064,1.06330156436345,0.386983597602144,45.7477440671549
10.6165674603175,0.932916656206643,1.06324895798712,0.386798519565258,45.7483113109045
10.6166666666667,0.932838018680015,1.06319634108847,0.386613530199011,45.7488784922359
10.6167658730159,0.9327593896666,1.06314371367519,0.386428629461298,45.7494456111623
10.6168650793651,0.932680769164824,1.06309107575497,0.386243817310037,45.750012667697
10.6169642857143,0.932602157173111,1.06303842733549,0.386059093703153,45.7505796618534
10.6170634920635,0.932523553689888,1.06298576842442,0.385874458598591,45.7511465936448
10.6171626984127,0.932444958713581,1.06293309902945,0.38568991195431,45.7517134630844
10.6172619047619,0.932366372242619,1.06288041915824,0.385505453728284,45.7522802701856
10.6173611111111,0.932287794275432,1.06282772881845,0.385321083878502,45.7528470149616
10.6174603174603,0.932209224810451,1.06277502801777,0.38513680236297,45.7534136974257
10.6175595238095,0.932130663846108,1.06272231676384,0.384952609139708,45.7539803175912
10.6176587301587,0.932052111380836,1.06266959506432,0.384768504166753,45.7545468754714
10.6177579365079,0.93197356741307,1.06261686292688,0.384584487402153,45.7551133710794
10.6178571428571,0.931895031941246,1.06256412035915,0.384400558803978,45.7556798044287
10.6179563492063,0.931816504963801,1.0625113673688,0.384216718330307,45.7562461755325
10.6180555555556,0.931737986479173,1.06245860396347,0.384032965939239,45.756812484404
10.6181547619048,0.931659476485802,1.06240583015079,0.383849301588885,45.7573787310564
10.618253968254,0.931580974982127,1.06235304593841,0.383665725237371,45.757944915503
10.6183531746032,0.931502481966592,1.06230025133396,0.383482236842845,45.7585110377572
10.6184523809524,0.93142399743764,1.06224744634507,0.383298836363463,45.759077097832
10.6185515873016,0.931345521393714,1.06219463097938,0.383115523757399,45.7596430957407
10.6186507936508,0.93126705383326,1.06214180524451,0.382932298982842,45.7602090314966
10.61875,0.931188594754725,1.06208896914808,0.382749161997997,45.7607749051129
10.6188492063492,0.931110144156557,1.06203612269771,0.382566112761083,45.7613407166028
10.6189484126984,0.931031702037206,1.06198326590101,0.382383151230335,45.7619064659795
10.6190476190476,0.93095326839512,1.06193039876561,0.382200277364004,45.7624721532563
10.6191468253968,0.930874843228753,1.0618775212991,0.382017491120356,45.7630377784464
10.619246031746,0.930796426536557,1.0618246335091,0.381834792457672,45.7636033415629
10.6193452380952,0.930718018316986,1.0617717354032,0.381652181334248,45.764168842619
10.6194444444444,0.930639618568495,1.06171882698901,0.381469657708397,45.7647342816281
10.6195436507937,0.930561227289541,1.06166590827413,0.381287221538446,45.7652996586032
10.6196428571429,0.930482844478582,1.06161297926614,0.381104872782736,45.7658649735575
10.6197420634921,0.930404470134075,1.06156003997264,0.380922611399627,45.7664302265042
10.6198412698413,0.930326104254481,1.0615070904012,0.380740437347489,45.7669954174566
10.6199404761905,0.930247746838264,1.06145413055943,0.380558350584715,45.7675605464277
10.6200396825397,0.930169397883883,1.06140116045489,0.380376351069707,45.7681256134308
10.6201388888889,0.930091057389803,1.06134818009516,0.380194438760884,45.7686906184791
10.6202380952381,0.93001272535449,1.06129518948782,0.38001261361668,45.7692555615856
10.6203373015873,0.929934401776409,1.06124218864043,0.379830875595547,45.7698204427635
10.6204365079365,0.929856086654028,1.06118917756056,0.379649224655948,45.7703852620261
10.6205357142857,0.929777779985815,1.06113615625579,0.379467660756365,45.7709500193864
10.6206349206349,0.92969948177024,1.06108312473365,0.379286183855293,45.7715147148576
10.6207341269841,0.929621192005775,1.06103008300172,0.379104793911244,45.7720793484528
10.6208333333333,0.929542910690891,1.06097703106755,0.378923490882745,45.7726439201853
10.6209325396825,0.929464637824062,1.06092396893869,0.378742274728337,45.773208430068
10.6210317460317,0.929386373403763,1.06087089662268,0.378561145406578,45.7737728781142
10.621130952381,0.92930811742847,1.06081781412707,0.378380102876041,45.7743372643369
10.6212301587302,0.929229869896659,1.0607647214594,0.378199147095313,45.7749015887493
10.6213293650794,0.929151630806808,1.0607116186272,0.378018278022995,45.7754658513646
10.6214285714286,0.929073400157399,1.06065850563802,0.377837495617711,45.7760300521957
10.6215277777778,0.928995177946912,1.06060538249938,0.377656799838093,45.7765941912559
10.621626984127,0.928916964173828,1.06055224921881,0.37747619064279,45.7771582685582
10.6217261904762,0.92883875883663,1.06049910580383,0.377295667990467,45.7777222841157
10.6218253968254,0.928760561933804,1.06044595226197,0.377115231839804,45.7782862379415
10.6219246031746,0.928682373463835,1.06039278860074,0.376934882149495,45.7788501300488
10.6220238095238,0.928604193425209,1.06033961482766,0.376754618878253,45.7794139604506
10.622123015873,0.928526021816414,1.06028643095024,0.376574441984802,45.7799777291599
10.6222222222222,0.928447858635941,1.06023323697599,0.376394351427885,45.7805414361899
10.6223214285714,0.928369703882279,1.06018003291241,0.376214347166259,45.7811050815537
10.6224206349206,0.92829155755392,1.060126818767,0.376034429158694,45.7816686652642
10.6225198412698,0.928213419649357,1.06007359454726,0.375854597363979,45.7822321873347
10.622619047619,0.928135290167084,1.06002036026069,0.375674851740917,45.782795647778
10.6227182539683,0.928057169105597,1.05996711591478,0.375495192248326,45.7833590466074
10.6228174603175,0.927979056463391,1.05991386151702,0.375315618845036,45.7839223838358
10.6229166666667,0.927900952238966,1.05986059707488,0.375136131489901,45.7844856594763
10.6230158730159,0.92782285643082,1.05980732259586,0.374956730141784,45.785048873542
10.6231150793651,0.927744769037452,1.05975403808744,0.374777414759563,45.7856120260458
10.6232142857143,0.927666690057366,1.05970074355708,0.374598185302134,45.7861751170008
10.6233134920635,0.927588619489062,1.05964743901226,0.374419041728407,45.7867381464201
10.6234126984127,0.927510557331046,1.05959412446045,0.374239983997306,45.7873011143167
10.6235119047619,0.927432503581821,1.05954079990912,0.374061012067774,45.7878640207036
10.6236111111111,0.927354458239895,1.05948746536572,0.373882125898766,45.7884268655938
10.6237103174603,0.927276421303775,1.05943412083771,0.373703325449253,45.7889896490003
10.6238095238095,0.92719839277197,1.05938076633256,0.373524610678223,45.7895523709362
10.6239087301587,0.927120372642989,1.05932740185771,0.373345981544678,45.7901150314144
10.6240079365079,0.927042360915344,1.05927402742062,0.373167438007636,45.790677630448
10.6241071428571,0.926964357587547,1.05922064302872,0.372988980026129,45.7912401680499
10.6242063492063,0.926886362658111,1.05916724868947,0.372810607559205,45.7918026442332
10.6243055555556,0.926808376125551,1.0591138444103,0.372632320565926,45.7923650590109
10.6244047619048,0.926730397988384,1.05906043019864,0.372454119005376,45.7929274123958
10.624503968254,0.926652428245127,1.05900700606194,0.372276002836646,45.7934897044011
10.6246031746032,0.926574466894298,1.05895357200762,0.372097972018846,45.7940519350396
10.6247023809524,0.926496513934417,1.0589001280431,0.371920026511101,45.7946141043244
10.6248015873016,0.926418569364004,1.05884667417581,0.371742166272552,45.7951762122684
10.6249007936508,0.926340633181583,1.05879321041317,0.371564391262353,45.7957382588846
10.625,0.926262705385675,1.0587397367626,0.371386701439676,45.7963002441859
10.6250992063492,0.926184785974805,1.0586862532315,0.371209096763707,45.7968621681854
10.6251984126984,0.9261068749475,1.0586327598273,0.371031577193648,45.7974240308959
10.6252976190476,0.926028972302286,1.05857925655739,0.370854142688716,45.7979858323304
10.6253968253968,0.925951078037691,1.05852574342918,0.370676793208144,45.7985475725018
10.625496031746,0.925873192152246,1.05847222045007,0.370499528711178,45.7991092514232
10.6255952380952,0.925795314644479,1.05841868762745,0.370322349157081,45.7996708691073
10.6256944444444,0.925717445512923,1.05836514496873,0.370145254505134,45.8002324255672
10.6257936507937,0.925639584756111,1.05831159248128,0.369968244714625,45.8007939208158
10.6258928571429,0.925561732372577,1.05825803017251,0.369791319744871,45.801355354866
10.6259920634921,0.925483888360858,1.05820445804978,0.369614479555191,45.8019167277307
10.6260912698413,0.925406052719489,1.05815087612049,0.369437724104927,45.8024780394228
10.6261904761905,0.925328225447008,1.05809728439201,0.369261053353433,45.8030392899553
10.6262896825397,0.925250406541955,1.05804368287171,0.369084467260079,45.803600479341
10.6263888888889,0.925172596002869,1.05799007156697,0.368907965784252,45.8041616075928
10.6264880952381,0.925094793828293,1.05793645048514,0.368731548885352,45.8047226747237
10.6265873015873,0.925017000016768,1.05788281963361,0.368555216522797,45.8052836807465
10.6266865079365,0.92493921456684,1.05782917901972,0.368378968656016,45.8058446256741
10.6267857142857,0.924861437477052,1.05777552865084,0.368202805244459,45.8064055095195
10.6268849206349,0.924783668745952,1.05772186853431,0.368026726247587,45.8069663322954
10.6269841269841,0.924705908372087,1.0576681986775,0.367850731624878,45.8075270940148
10.6270833333333,0.924628156354006,1.05761451908774,0.367674821335825,45.8080877946905
10.6271825396825,0.924550412690259,1.05756082977239,0.367498995339937,45.8086484343354
10.6272817460317,0.924472677379395,1.05750713073879,0.367323253596735,45.8092090129624
10.627380952381,0.924394950419971,1.05745342199426,0.367147596065763,45.8097695305843
10.6274801587302,0.924317231810537,1.05739970354616,0.366972022706573,45.810329987214
10.6275793650794,0.92423952154965,1.0573459754018,0.366796533478736,45.8108903828643
10.6276785714286,0.924161819635865,1.05729223756852,0.366621128341835,45.811450717548
10.6277777777778,0.924084126067739,1.05723849005364,0.366445807255472,45.8120109912781
10.627876984127,0.924006440843831,1.05718473286449,0.366270570179263,45.8125712040673
10.6279761904762,0.923928763962702,1.05713096600838,0.366095417072838,45.8131313559285
10.6280753968254,0.92385109542291,1.05707718949263,0.365920347895845,45.8136914468745
10.6281746031746,0.92377343522302,1.05702340332455,0.365745362607946,45.8142514769182
10.6282738095238,0.923695783361595,1.05696960751145,0.365570461168816,45.8148114460723
10.628373015873,0.923618139837198,1.05691580206063,0.36539564353815,45.8153713543497
10.6284722222222,0.923540504648395,1.0568619869794,0.365220909675655,45.8159312017631
10.6285714285714,0.923462877793755,1.05680816227506,0.365046259541054,45.8164909883255
10.6286706349206,0.923385259271844,1.05675432795489,0.364871693094086,45.8170507140495
10.6287698412698,0.923307649081232,1.0567004840262,0.364697210294502,45.817610378948
10.628869047619,0.923230047220491,1.05664663049627,0.364522811102076,45.8181699830339
10.6289682539683,0.923152453688192,1.0565927673724,0.364348495476592,45.8187295263198
10.6290674603175,0.923074868482909,1.05653889466185,0.364174263377848,45.8192890088185
10.6291666666667,0.922997291603214,1.05648501237191,0.36400011476566,45.8198484305429
10.6292658730159,0.922919723047685,1.05643112050986,0.363826049599858,45.8204077915058
10.6293650793651,0.922842162814897,1.05637721908297,0.363652067840289,45.8209670917198
10.6294642857143,0.922764610903429,1.05632330809851,0.363478169446814,45.8215263311978
10.6295634920635,0.92268706731186,1.05626938756374,0.36330435437931,45.8220855099526
10.6296626984127,0.92260953203877,1.05621545748593,0.363130622597668,45.8226446279968
10.6297619047619,0.922532005082742,1.05616151787234,0.362956974061796,45.8232036853433
10.6298611111111,0.922454486442356,1.05610756873022,0.362783408731617,45.8237626820048
10.6299603174603,0.922376976116199,1.05605361006683,0.362609926567068,45.8243216179941
10.6300595238095,0.922299474102854,1.05599964188942,0.362436527528104,45.8248804933238
10.6301587301587,0.922221980400909,1.05594566420523,0.362263211574692,45.8254393080068
10.6302579365079,0.922144495008951,1.05589167702151,0.362089978666815,45.8259980620557
10.6303571428571,0.922067017925569,1.0558376803455,0.361916828764476,45.8265567554834
10.6304563492063,0.921989549149353,1.05578367418443,0.361743761827688,45.8271153883025
10.6305555555556,0.921912088678895,1.05572965854554,0.361570777816481,45.8276739605258
10.6306547619048,0.921834636512787,1.05567563343606,0.361397876690901,45.8282324721659
10.630753968254,0.921757192649622,1.05562159886321,0.361225058411008,45.8287909232356
10.6308531746032,0.921679757087997,1.05556755483422,0.361052322936878,45.8293493137476
10.6309523809524,0.921602329826506,1.05551350135631,0.360879670228603,45.8299076437146
10.6310515873016,0.921524910863748,1.0554594384367,0.360707100246289,45.8304659131493
10.6311507936508,0.921447500198321,1.0554053660826,0.360534612950059,45.8310241220645
10.63125,0.921370097828824,1.05535128430122,0.360362208300051,45.8315822704727
10.6313492063492,0.92129270375386,1.05529719309976,0.360189886256416,45.8321403583867
10.6314484126984,0.921215317972029,1.05524309248545,0.360017646779323,45.8326983858192
10.6315476190476,0.921137940481936,1.05518898246546,0.359845489828956,45.8332563527828
10.6316468253968,0.921060571282185,1.05513486304701,0.359673415365513,45.8338142592903
10.631746031746,0.920983210371382,1.05508073423728,0.359501423349207,45.8343721053542
10.6318452380952,0.920905857748135,1.05502659604347,0.359329513740271,45.8349298909873
10.6319444444444,0.920828513411051,1.05497244847276,0.359157686498948,45.8354876162023
10.6320436507937,0.920751177358741,1.05491829153235,0.358985941585498,45.8360452810118
10.6321428571429,0.920673849589814,1.0548641252294,0.358814278960197,45.8366028854284
10.6322420634921,0.920596530102884,1.05480994957111,0.358642698583335,45.8371604294648
10.6323412698413,0.920519218896563,1.05475576456463,0.358471200415219,45.8377179131336
10.6324404761905,0.920441915969465,1.05470157021715,0.358299784416171,45.8382753364475
10.6325396825397,0.920364621320206,1.05464736653584,0.358128450546526,45.8388326994192
10.6326388888889,0.920287334947404,1.05459315352785,0.357957198766639,45.8393900020612
10.6327380952381,0.920210056849675,1.05453893120036,0.357786029036875,45.8399472443862
10.6328373015873,0.92013278702564,1.05448469956051,0.357614941317618,45.8405044264068
10.6329365079365,0.920055525473919,1.05443045861546,0.357443935569267,45.8410615481356
10.6330357142857,0.919978272193133,1.05437620837237,0.357273011752234,45.8416186095854
10.6331349206349,0.919901027181905,1.05432194883838,0.35710216982695,45.8421756107685
10.6332341269841,0.91982379043886,1.05426768002065,0.356931409753855,45.8427325516978
10.6333333333333,0.919746561962623,1.0542134019263,0.356760731493414,45.8432894323857
10.6334325396825,0.91966934175182,1.05415911456249,0.3565901350061,45.8438462528449
10.6335317460317,0.91959212980508,1.05410481793634,0.356419620252403,45.844403013088
10.633630952381,0.919514926121031,1.05405051205498,0.356249187192828,45.8449597131275
10.6337301587302,0.919437730698303,1.05399619692556,0.356078835787898,45.8455163529761
10.6338293650794,0.919360543535529,1.05394187255519,0.355908565998147,45.8460729326464
10.6339285714286,0.91928336463134,1.05388753895099,0.355738377784128,45.8466294521508
10.6340277777778,0.91920619398437,1.05383319612009,0.355568271106408,45.8471859115021
10.634126984127,0.919129031593254,1.05377884406959,0.355398245925569,45.8477423107127
10.6342261904762,0.919051877456629,1.05372448280663,0.355228302202208,45.8482986497952
10.6343253968254,0.918974731573133,1.05367011233829,0.35505843989694,45.8488549287623
10.6344246031746,0.918897593941403,1.05361573267169,0.354888658970391,45.8494111476263
10.6345238095238,0.91882046456008,1.05356134381393,0.354718959383207,45.8499673064
10.634623015873,0.918743343427805,1.05350694577212,0.354549341096045,45.8505234050958
10.6347222222222,0.918666230543219,1.05345253855334,0.354379804069579,45.8510794437264
10.6348214285714,0.918589125904969,1.05339812216469,0.354210348264502,45.8516354223041
10.6349206349206,0.918512029511696,1.05334369661327,0.354040973641517,45.8521913408417
10.6350198412698,0.918434941362049,1.05328926190614,0.353871680161345,45.8527471993515
10.635119047619,0.918357861454673,1.05323481805041,0.353702467784722,45.8533029978462
10.6352182539683,0.918280789788217,1.05318036505315,0.353533336472398,45.8538587363383
10.6353174603175,0.918203726361332,1.05312590292144,0.35336428618514,45.8544144148402
10.6354166666667,0.918126671172667,1.05307143166235,0.353195316883729,45.8549700333645
10.6355158730159,0.918049624220875,1.05301695128294,0.353026428528964,45.8555255919237
10.6356150793651,0.917972585504609,1.0529624617903,0.352857621081656,45.8560810905303
10.6357142857143,0.917895555022524,1.05290796319148,0.352688894502633,45.8566365291969
10.6358134920635,0.917818532773275,1.05285345549353,0.352520248752739,45.8571919079358
10.6359126984127,0.91774151875552,1.05279893870353,0.352351683792831,45.8577472267597
10.6360119047619,0.917664512967916,1.05274441282852,0.352183199583785,45.858302485681
10.6361111111111,0.917587515409122,1.05268987787555,0.352014796086488,45.8588576847121
10.6362103174603,0.917510526077799,1.05263533385167,0.351846473261843,45.8594128238656
10.6363095238095,0.91743354497261,1.05258078076392,0.351678231070775,45.859967903154
10.6364087301587,0.917356572092217,1.05252621861936,0.351510069474216,45.8605229225897
10.6365079365079,0.917279607435285,1.052471647425,0.351341988433118,45.8610778821851
10.6366071428571,0.917202651000478,1.05241706718789,0.351173987908445,45.8616327819529
10.6367063492063,0.917125702786464,1.05236247791506,0.351006067861179,45.8621876219053
10.6368055555556,0.917048762791911,1.05230787961354,0.350838228252318,45.8627424020549
10.6369047619048,0.916971831015486,1.05225327229034,0.350670469042871,45.8632971224141
10.637003968254,0.916894907455862,1.0521986559525,0.350502790193868,45.8638517829953
10.6371031746032,0.916817992111708,1.05214403060702,0.35033519166635,45.8644063838111
10.6372023809524,0.916741084981698,1.05208939626093,0.350167673421376,45.8649609248739
10.6373015873016,0.916664186064507,1.05203475292124,0.350000235420018,45.865515406196
10.6374007936508,0.916587295358808,1.05198010059495,0.349832877623366,45.8660698277899
10.6375,0.916510412863279,1.05192543928906,0.349665599992523,45.8666241896681
10.6375992063492,0.916433538576596,1.05187076901059,0.349498402488608,45.8671784918429
10.6376984126984,0.916356672497439,1.05181608976652,0.349331285072754,45.8677327343268
10.6377976190476,0.916279814624488,1.05176140156386,0.349164247706116,45.8682869171322
10.6378968253968,0.916202964956424,1.05170670440959,0.348997290349856,45.8688410402716
10.637996031746,0.91612612349193,1.05165199831071,0.348830412965156,45.8693951037572
10.6380952380952,0.916049290229688,1.05159728327419,0.34866361551321,45.8699491076015
10.6381944444444,0.915972465168385,1.05154255930703,0.348496897955232,45.870503051817
10.6382936507937,0.915895648306706,1.0514878264162,0.348330260252446,45.8710569364159
10.6383928571429,0.915818839643338,1.05143308460867,0.348163702366095,45.8716107614108
10.6384920634921,0.91574203917697,1.05137833389141,0.347997224257438,45.8721645268139
10.6385912698413,0.915665246906291,1.05132357427141,0.347830825887745,45.8727182326377
10.6386904761905,0.915588462829994,1.05126880575561,0.347664507218306,45.8732718788945
10.6387896825397,0.915511686946769,1.05121402835099,0.347498268210423,45.8738254655967
10.6388888888889,0.91543491925531,1.0511592420645,0.347332108825416,45.8743789927567
10.6389880952381,0.915358159754311,1.0511044469031,0.347166029024619,45.8749324603868
10.6390873015873,0.915281408442469,1.05104964287374,0.347000028769381,45.8754858684994
10.6391865079365,0.91520466531848,1.05099482998337,0.346834108021064,45.8760392171068
10.6392857142857,0.915127930381043,1.05094000823894,0.346668266741053,45.8765925062215
10.6393849206349,0.915051203628858,1.05088517764739,0.346502504890741,45.8771457358556
10.6394841269841,0.914974485060625,1.05083033821566,0.346336822431539,45.8776989060217
10.6395833333333,0.914897774675045,1.05077548995068,0.346171219324874,45.878252016732
10.6396825396825,0.914821072470822,1.0507206328594,0.346005695532186,45.8788050679989
10.6397817460317,0.91474437844666,1.05066576694873,0.345840251014933,45.8793580598346
10.639880952381,0.914667692601265,1.0506108922256,0.345674885734586,45.8799109922515
10.6399801587302,0.914591014933343,1.05055600869694,0.345509599652633,45.880463865262
10.6400793650794,0.914514345441603,1.05050111636967,0.345344392730577,45.8810166788783
10.6401785714286,0.914437684124753,1.0504462152507,0.345179264929937,45.8815694331128
10.6402777777778,0.914361030981504,1.05039130534695,0.345014216212244,45.8821221279777
10.640376984127,0.914284386010568,1.05033638666533,0.344849246539049,45.8826747634854
10.6404761904762,0.914207749210657,1.05028145921274,0.344684355871916,45.8832273396482
10.6405753968254,0.914131120580486,1.05022652299609,0.344519544172424,45.8837798564784
10.6406746031746,0.914054500118767,1.05017157802228,0.344354811402166,45.8843323139882
10.6407738095238,0.913977887824221,1.0501166242982,0.344190157522756,45.8848847121899
10.640873015873,0.913901283695564,1.05006166183076,0.344025582495817,45.8854370510959
10.6409722222222,0.913824687731515,1.05000669062683,0.343861086282992,45.8859893307184
10.6410714285714,0.913748099930793,1.04995171069331,0.343696668845935,45.8865415510696
10.6411706349206,0.91367152029212,1.04989672203707,0.343532330146319,45.8870937121619
10.6412698412698,0.913594948814219,1.04984172466501,0.34336807014583,45.8876458140076
10.641369047619,0.913518385495813,1.049786718584,0.343203888806171,45.8881978566188
10.6414682539683,0.913441830335627,1.04973170380091,0.343039786089059,45.8887498400078
10.6415674603175,0.913365283332388,1.04967668032262,0.342875761956228,45.8893017641869
10.6416666666667,0.913288744484823,1.04962164815599,0.342711816369425,45.8898536291684
10.6417658730159,0.91321221379166,1.04956660730788,0.342547949290414,45.8904054349644
10.6418650793651,0.913135691251629,1.04951155778516,0.342384160680974,45.8909571815872
10.6419642857143,0.913059176863462,1.04945649959468,0.342220450502899,45.8915088690491
10.6420634920635,0.912982670625891,1.0494014327433,0.342056818718,45.8920604973623
10.6421626984127,0.912906172537647,1.04934635723788,0.341893265288098,45.8926120665391
10.6422619047619,0.912829682597468,1.04929127308525,0.341729790175039,45.8931635765915
10.6423611111111,0.912753200804089,1.04923618029226,0.341566393340676,45.8937150275319
10.6424603174603,0.912676727156246,1.04918107886576,0.34140307474688,45.8942664193725
10.6425595238095,0.912600261652679,1.04912596881258,0.341239834355537,45.8948177521254
10.6426587301587,0.912523804292126,1.04907085013956,0.341076672128549,45.895369025803
10.6427579365079,0.912447355073329,1.04901572285353,0.340913588027834,45.8959202404173
10.6428571428571,0.912370913995029,1.04896058696132,0.340750582015323,45.8964713959807
10.6429563492063,0.912294481055969,1.04890544246975,0.340587654052964,45.8970224925052
10.6430555555556,0.912218056254894,1.04885028938564,0.340424804102721,45.8975735300031
10.6431547619048,0.91214163959055,1.04879512771582,0.340262032126571,45.8981245084865
10.643253968254,0.912065231061683,1.0487399574671,0.340099338086509,45.8986754279677
10.6433531746032,0.911988830667042,1.04868477864628,0.339936721944543,45.8992262884588
10.6434523809524,0.911912438405375,1.04862959126019,0.339774183662698,45.899777089972
10.6435515873016,0.911836054275433,1.04857439531562,0.339611723203013,45.9003278325194
10.6436507936508,0.911759678275967,1.04851919081938,0.339449340527543,45.9008785161133
10.64375,0.911683310405732,1.04846397777827,0.33928703559836,45.9014291407657
10.6438492063492,0.911606950663481,1.04840875619907,0.33912480837755,45.9019797064889
10.6439484126984,0.911530599047969,1.0483535260886,0.338962658827213,45.902530213295
10.6440476190476,0.911454255557952,1.04829828745362,0.338800586909466,45.9030806611961
10.6441468253968,0.91137792019219,1.04824304030094,0.33863859258644,45.9036310502044
10.644246031746,0.911301592949439,1.04818778463733,0.338476675820282,45.904181380332
10.6443452380952,0.911225273828461,1.04813252046957,0.338314836573156,45.904731651591
10.6444444444444,0.911148962828018,1.04807724780444,0.338153074807239,45.9052818639936
10.6445436507937,0.911072659946871,1.0480219666487,0.337991390484724,45.905832017552
10.6446428571429,0.910996365183784,1.04796667700914,0.337829783567819,45.9063821122781
10.6447420634921,0.910920078537524,1.04791137889252,0.337668254018749,45.9069321481843
10.6448412698413,0.910843800006855,1.04785607230559,0.337506801799752,45.9074821252824
10.6449404761905,0.910767529590545,1.04780075725513,0.337345426873084,45.9080320435848
10.6450396825397,0.910691267287363,1.04774543374788,0.337184129201014,45.9085819031034
10.6451388888889,0.910615013096079,1.0476901017906,0.337022908745825,45.9091317038504
10.6452380952381,0.910538767015464,1.04763476139004,0.336861765469822,45.9096814458378
10.6453373015873,0.910462529044291,1.04757941255294,0.336700699335319,45.9102311290778
10.6454365079365,0.910386299181333,1.04752405528606,0.336539710304646,45.9107807535825
10.6455357142857,0.910310077425364,1.04746868959612,0.336378798340152,45.9113303193639
10.6456349206349,0.910233863775161,1.04741331548987,0.336217963404197,45.9118798264341
10.6457341269841,0.910157658229502,1.04735793297404,0.336057205459159,45.9124292748052
10.6458333333333,0.910081460787163,1.04730254205536,0.33589652446743,45.9129786644893
10.6459325396825,0.910005271446926,1.04724714274056,0.335735920391419,45.9135279954983
10.6460317460317,0.90992909020757,1.04719173503636,0.335575393193548,45.9140772678445
10.646130952381,0.909852917067878,1.04713631894948,0.335414942836256,45.9146264815398
10.6462301587302,0.909776752026634,1.04708089448664,0.335254569281998,45.9151756365964
10.6463293650794,0.909700595082621,1.04702546165455,0.335094272493243,45.9157247330261
10.6464285714286,0.909624446234625,1.04697002045993,0.334934052432474,45.9162737708412
10.6465277777778,0.909548305481434,1.04691457090948,0.334773909062194,45.9168227500536
10.646626984127,0.909472172821834,1.04685911300991,0.334613842344913,45.9173716706754
10.6467261904762,0.909396048254617,1.04680364676791,0.334453852243168,45.9179205327185
10.6468253968254,0.909319931778572,1.04674817219019,0.334293938719502,45.9184693361952
10.6469246031746,0.909243823392491,1.04669268928343,0.334134101736477,45.9190180811172
10.6470238095238,0.909167723095167,1.04663719805434,0.333974341256669,45.9195667674968
10.647123015873,0.909091630885395,1.04658169850959,0.33381465724267,45.9201153953458
10.6472222222222,0.909015546761969,1.04652619065588,0.333655049657089,45.9206639646764
10.6473214285714,0.908939470723687,1.04647067449988,0.333495518462546,45.9212124755005
10.6474206349206,0.908863402769346,1.04641515004828,0.333336063621682,45.9217609278301
10.6475198412698,0.908787342897746,1.04635961730774,0.333176685097148,45.9223093216772
10.647619047619,0.908711291107685,1.04630407628493,0.333017382851614,45.9228576570538
10.6477182539683,0.908635247397967,1.04624852698654,0.332858156847765,45.9234059339719
10.6478174603175,0.908559211767394,1.04619296941922,0.332699007048298,45.9239541524435
10.6479166666667,0.908483184214769,1.04613740358963,0.332539933415929,45.9245023124806
10.6480158730159,0.908407164738899,1.04608182950443,0.332380935913388,45.9250504140951
10.6481150793651,0.908331153338587,1.04602624717028,0.332222014503419,45.9255984572991
10.6482142857143,0.908255150012645,1.04597065659383,0.332063169148787,45.9261464421044
10.6483134920635,0.908179154759879,1.04591505778173,0.331904399812265,45.9266943685231
10.6484126984127,0.908103167579099,1.04585945074062,0.331745706456645,45.9272422365671
10.6485119047619,0.908027188469117,1.04580383547714,0.331587089044734,45.9277900462484
10.6486111111111,0.907951217428746,1.04574821199794,0.331428547539354,45.9283377975789
10.6487103174603,0.907875254456798,1.04569258030965,0.331270081903342,45.9288854905706
10.6488095238095,0.907799299552089,1.04563694041891,0.331111692099552,45.9294331252354
10.6489087301587,0.907723352713435,1.04558129233233,0.330953378090851,45.9299807015852
10.6490079365079,0.907647413939653,1.04552563605655,0.330795139840124,45.9305282196321
10.6491071428571,0.907571483229562,1.04546997159819,0.330636977310268,45.9310756793878
10.6492063492063,0.907495560581981,1.04541429896388,0.330478890464198,45.9316230808645
10.6493055555556,0.907419645995731,1.04535861816021,0.330320879264844,45.9321704240739
10.6494047619048,0.907343739469635,1.04530292919381,0.330162943675151,45.9327177090279
10.649503968254,0.907267841002515,1.0452472320713,0.330005083658079,45.9332649357386
10.6496031746032,0.907191950593196,1.04519152679926,0.3298472991766,45.9338121042179
10.6497023809524,0.907116068240505,1.04513581338431,0.329689590193711,45.9343592144775
10.6498015873016,0.907040193943268,1.04508009183305,0.329531956672416,45.9349062665294
10.6499007936508,0.906964327700314,1.04502436215207,0.329374398575736,45.9354532603856
10.65,0.906888469510471,1.04496862434796,0.329216915866708,45.9360001960579
10.6500992063492,0.906812619372571,1.04491287842732,0.329059508508384,45.9365470735582
10.6501984126984,0.906736777285446,1.04485712439674,0.328902176463833,45.9370938928984
10.6502976190476,0.906660943247927,1.04480136226279,0.328744919696136,45.9376406540903
10.6503968253968,0.906585117258851,1.04474559203205,0.328587738168392,45.9381873571459
10.650496031746,0.906509299317052,1.04468981371111,0.328430631843715,45.938734002077
10.6505952380952,0.906433489421366,1.04463402730653,0.328273600685235,45.9392805888955
10.6506944444444,0.906357687570633,1.04457823282489,0.328116644656094,45.9398271176132
10.6507936507937,0.906281893763691,1.04452243027275,0.327959763719453,45.9403735882421
10.6508928571429,0.90620610799938,1.04446661965668,0.327802957838487,45.9409200007939
10.6509920634921,0.906130330276542,1.04441080098324,0.327646226976387,45.9414663552805
10.6510912698413,0.90605456059402,1.04435497425898,0.327489571096355,45.9420126517138
10.6511904761905,0.905978798950658,1.04429913949046,0.327332990161617,45.9425588901056
10.6512896825397,0.905903045345301,1.04424329668423,0.327176484135407,45.9431050704677
10.6513888888889,0.905827299776795,1.04418744584683,0.327020052980978,45.9436511928119
10.6514880952381,0.905751562243989,1.04413158698482,0.326863696661595,45.9441972571502
10.6515873015873,0.905675832745731,1.04407572010473,0.326707415140542,45.9447432634943
10.6516865079365,0.905600111280872,1.04401984521309,0.326551208381117,45.9452892118561
10.6517857142857,0.905524397848261,1.04396396231645,0.326395076346631,45.9458351022473
10.6518849206349,0.905448692446753,1.04390807142134,0.326239019000414,45.9463809346798
10.6519841269841,0.905372995075201,1.04385217253428,0.32608303630581,45.9469267091654
10.6520833333333,0.905297305732459,1.04379626566179,0.325927128226177,45.9474724257159
10.6521825396825,0.905221624417384,1.04374035081041,0.32577129472489,45.9480180843431
10.6522817460317,0.905145951128833,1.04368442798663,0.325615535765339,45.9485636850587
10.652380952381,0.905070285865666,1.04362849719699,0.325459851310929,45.9491092278747
10.6524801587302,0.904994628626741,1.043572558448,0.32530424132508,45.9496547128027
10.6525793650794,0.904918979410918,1.04351661174615,0.325148705771226,45.9502001398545
10.6526785714286,0.904843338217063,1.04346065709796,0.324993244612823,45.950745509042
10.6527777777778,0.904767705044037,1.04340469450992,0.324837857813334,45.9512908203769
10.652876984127,0.904692079890705,1.04334872398854,0.324682545336242,45.9518360738709
10.6529761904762,0.904616462755933,1.04329274554031,0.324527307145044,45.9523812695359
10.6530753968254,0.904540853638588,1.04323675917173,0.324372143203253,45.9529264073836
10.6531746031746,0.904465252537538,1.04318076488927,0.324217053474395,45.9534714874257
10.6532738095238,0.904389659451653,1.04312476269943,0.324062037922014,45.9540165096741
10.653373015873,0.904314074379804,1.04306875260869,0.32390709650967,45.9545614741404
10.6534722222222,0.904238497320863,1.04301273462353,0.323752229200935,45.9551063808364
10.6535714285714,0.904162928273702,1.04295670875041,0.3235974359594,45.9556512297738
10.6536706349206,0.904087367237197,1.04290067499583,0.323442716748668,45.9561960209645
10.6537698412698,0.904011814210222,1.04284463336624,0.323288071532359,45.95674075442
10.653869047619,0.903936269191655,1.0427885838681,0.323133500274109,45.9572854301522
10.6539682539683,0.903860732180373,1.04273252650789,0.322979002937568,45.9578300481728
10.6540674603175,0.903785203175256,1.04267646129206,0.322824579486401,45.9583746084934
10.6541666666667,0.903709682175184,1.04262038822707,0.322670229884292,45.9589191111259
10.6542658730159,0.90363416917904,1.04256430731937,0.322515954094936,45.9594635560818
10.6543650793651,0.903558664185706,1.0425082185754,0.322361752082045,45.960007943373
10.6544642857143,0.903483167194065,1.04245212200162,0.322207623809346,45.9605522730111
10.6545634920635,0.903407678203004,1.04239601760447,0.322053569240582,45.9610965450078
10.6546626984127,0.903332197211409,1.04233990539039,0.321899588339511,45.9616407593748
10.6547619047619,0.903256724218168,1.04228378536581,0.321745681069907,45.9621849161238
10.6548611111111,0.903181259222169,1.04222765753717,0.321591847395557,45.9627290152665
10.6549603174603,0.903105802222303,1.0421715219109,0.321438087280265,45.9632730568146
10.6550595238095,0.903030353217461,1.04211537849341,0.321284400687853,45.9638170407797
10.6551587301587,0.902954912206536,1.04205922729115,0.321130787582153,45.9643609671735
10.6552579365079,0.902879479188421,1.04200306831052,0.320977247927015,45.9649048360078
10.6553571428571,0.902804054162012,1.04194690155794,0.320823781686306,45.965448647294
10.6554563492063,0.902728637126205,1.04189072703983,0.320670388823906,45.965992401044
10.6555555555556,0.902653228079897,1.0418345447626,0.320517069303709,45.9665360972694
10.6556547619048,0.902577827021988,1.04177835473265,0.32036382308963,45.9670797359818
10.655753968254,0.902502433951376,1.04172215695639,0.320210650145594,45.9676233171928
10.6558531746032,0.902427048866964,1.04166595144021,0.320057550435544,45.9681668409142
10.6559523809524,0.902351671767653,1.04160973819052,0.319904523923436,45.9687103071575
10.6560515873016,0.902276302652347,1.04155351721371,0.319751570573243,45.9692537159344
10.6561507936508,0.902200941519951,1.04149728851617,0.319598690348953,45.9697970672565
10.65625,0.90212558836937,1.04144105210428,0.319445883214571,45.9703403611355
10.6563492063492,0.902050243199513,1.04138480798444,0.319293149134113,45.9708835975829
10.6564484126984,0.901974906009287,1.04132855616301,0.319140488071616,45.9714267766104
10.6565476190476,0.901899576797601,1.04127229664639,0.318987899991127,45.9719698982296
10.6566468253968,0.901824255563368,1.04121602944093,0.318835384856713,45.9725129624521
10.656746031746,0.901748942305498,1.04115975455302,0.318682942632452,45.9730559692895
10.6568452380952,0.901673637022906,1.04110347198903,0.318530573282441,45.9735989187534
10.6569444444444,0.901598339714505,1.0410471817553,0.318378276770791,45.9741418108554
10.6570436507937,0.90152305037921,1.04099088385822,0.318226053061624,45.9746846456071
10.6571428571429,0.90144776901594,1.04093457830413,0.318073902119088,45.9752274230201
10.6572420634921,0.901372495623613,1.04087826509939,0.317921823907336,45.975770143106
10.6573412698413,0.901297230201147,1.04082194425035,0.317769818390542,45.9763128058764
10.6574404761905,0.901221972747464,1.04076561576335,0.317617885532892,45.9768554113427
10.6575396825397,0.901146723261484,1.04070927964476,0.317466025298589,45.9773979595167
10.6576388888889,0.901071481742132,1.0406529359009,0.317314237651852,45.9779404504098
10.6577380952381,0.90099624818833,1.04059658453811,0.317162522556914,45.9784828840337
10.6578373015873,0.900921022599005,1.04054022556273,0.317010879978024,45.9790252603998
10.6579365079365,0.900845804973084,1.04048385898109,0.316859309879446,45.9795675795198
10.6580357142857,0.900770595309493,1.04042748479952,0.316707812225461,45.9801098414052
10.6581349206349,0.900695393607162,1.04037110302434,0.316556386980361,45.9806520460675
10.6582341269841,0.900620199865022,1.04031471366188,0.316405034108459,45.9811941935182
10.6583333333333,0.900545014082004,1.04025831671845,0.316253753574079,45.9817362837691
10.6584325396825,0.90046983625704,1.04020191220037,0.316102545341563,45.9822783168314
10.6585317460317,0.900394666389064,1.04014550011396,0.315951409375264,45.9828202927168
10.658630952381,0.900319504477012,1.04008908046551,0.315800345639559,45.9833622114369
10.6587301587302,0.90024435051982,1.04003265326135,0.315649354098832,45.983904073003
10.6588293650794,0.900169204516426,1.03997621850776,0.315498434717485,45.9844458774268
10.6589285714286,0.900094066465768,1.03991977621105,0.315347587459937,45.9849876247198
10.6590277777778,0.900018936366786,1.03986332637751,0.31519681229062,45.9855293148934
10.659126984127,0.899943814218422,1.03980686901344,0.315046109173983,45.9860709479592
10.6592261904762,0.899868700019617,1.03975040412513,0.314895478074489,45.9866125239286
10.6593253968254,0.899793593769317,1.03969393171885,0.314744918956617,45.9871540428132
10.6594246031746,0.899718495466464,1.03963745180091,0.314594431784861,45.9876955046244
10.6595238095238,0.899643405110006,1.03958096437756,0.314444016523732,45.9882369093738
10.659623015873,0.89956832269889,1.0395244694551,0.314293673137754,45.9887782570728
10.6597222222222,0.899493248232064,1.03946796703978,0.314143401591467,45.9893195477329
10.6598214285714,0.899418181708478,1.03941145713789,0.313993201849428,45.9898607813655
10.6599206349206,0.899343123127083,1.03935493975569,0.313843073876207,45.9904019579822
10.6600198412698,0.89926807248683,1.03929841489944,0.313693017636389,45.9909430775944
10.660119047619,0.899193029786674,1.03924188257541,0.31354303309458,45.9914841402136
10.6602182539683,0.89911799502557,1.03918534278984,0.313393120215393,45.9920251458512
10.6603174603175,0.899042968202472,1.03912879554899,0.313243278963464,45.9925660945187
10.6604166666667,0.898967949316337,1.03907224085912,0.313093509303437,45.9931069862274
10.6605158730159,0.898892938366125,1.03901567872646,0.312943811199978,45.993647820989
10.6606150793651,0.898817935350794,1.03895910915727,0.312794184617763,45.9941885988148
10.6607142857143,0.898742940269305,1.03890253215778,0.312644629521488,45.9947293197162
10.6608134920635,0.89866795312062,1.03884594773422,0.312495145875861,45.9952699837046
10.6609126984127,0.898592973903702,1.03878935589284,0.312345733645606,45.9958105907916
10.6610119047619,0.898518002617515,1.03873275663987,0.312196392795464,45.9963511409885
10.6611111111111,0.898443039261025,1.03867614998152,0.312047123290189,45.9968916343068
10.6612103174603,0.898368083833198,1.03861953592403,0.311897925094553,45.9974320707578
10.6613095238095,0.898293136333003,1.03856291447362,0.31174879817334,45.997972450353
10.6614087301587,0.898218196759408,1.0385062856365,0.311599742491352,45.9985127731037
10.6615079365079,0.898143265111383,1.03844964941888,0.311450758013404,45.9990530390215
10.6616071428571,0.898068341387902,1.03839300582698,0.311301844704331,45.9995932481176
10.6617063492063,0.897993425587936,1.03833635486701,0.311153002528979,46.0001334004034
10.6618055555556,0.897918517710459,1.03827969654517,0.311004231452209,46.0006734958905
10.6619047619048,0.897843617754447,1.03822303086765,0.310855531438901,46.0012135345901
10.662003968254,0.897768725718876,1.03816635784067,0.310706902453947,46.0017535165136
10.6621031746032,0.897693841602723,1.03810967747041,0.310558344462255,46.0022934416724
10.6622023809524,0.897618965404968,1.03805298976306,0.31040985742875,46.0028333100778
10.6623015873016,0.89754409712459,1.03799629472481,0.310261441318371,46.0033731217413
10.6624007936508,0.897469236760571,1.03793959236186,0.310113096096073,46.0039128766743
10.6625,0.897394384311894,1.03788288268036,0.309964821726824,46.0044525748879
10.6625992063492,0.897319539777541,1.03782616568652,0.309816618175612,46.0049922163937
10.6626984126984,0.897244703156499,1.0377694413865,0.309668485407435,46.005531801203
10.6627976190476,0.897169874447753,1.03771270978647,0.309520423387311,46.0060713293271
10.6628968253968,0.89709505365029,1.0376559708926,0.30937243208027,46.0066108007773
10.662996031746,0.897020240763099,1.03759922471105,0.309224511451357,46.0071502155651
10.6630952380952,0.89694543578517,1.037542471248,0.309076661465638,46.0076895737017
10.6631944444444,0.896870638715495,1.03748571050959,0.308928882088188,46.0082288751984
10.6632936507937,0.896795849553064,1.03742894250199,0.3087811732841,46.0087681200666
10.6633928571429,0.896721068296873,1.03737216723133,0.308633535018482,46.0093073083177
10.6634920634921,0.896646294945914,1.03731538470379,0.308485967256457,46.0098464399628
10.6635912698413,0.896571529499185,1.03725859492548,0.308338469963165,46.0103855150134
10.6636904761905,0.896496771955682,1.03720179790257,0.308191043103758,46.0109245334808
10.6637896825397,0.896422022314404,1.03714499364119,0.308043686643406,46.0114634953762
10.6638888888889,0.896347280574349,1.03708818214748,0.307896400547295,46.0120024007109
10.6639880952381,0.89627254673452,1.03703136342756,0.307749184780623,46.0125412494963
10.6640873015873,0.896197820793917,1.03697453748757,0.307602039308607,46.0130800417437
10.6641865079365,0.896123102751545,1.03691770433363,0.307454964096477,46.0136187774642
10.6642857142857,0.896048392606406,1.03686086397187,0.307307959109479,46.0141574566693
10.6643849206349,0.895973690357508,1.0368040164084,0.307161024312875,46.0146960793702
10.6644841269841,0.895898996003855,1.03674716164934,0.307014159671938,46.0152346455782
10.6645833333333,0.895824309544458,1.0366902997008,0.306867365151967,46.0157731553044
10.6646825396825,0.895749630978325,1.0366334305689,0.306720640718265,46.0163116085603
10.6647817460317,0.895674960304466,1.03657655425974,0.306573986336155,46.0168500053571
10.664880952381,0.895600297521894,1.03651967077942,0.306427401970977,46.0173883457059
10.6649801587302,0.89552564262962,1.03646278013404,0.306280887588082,46.0179266296182
10.6650793650794,0.89545099562666,1.0364058823297,0.30613444315284,46.018464857105
10.6651785714286,0.895376356512028,1.03634897737249,0.305988068630635,46.0190030281778
10.6652777777778,0.895301725284741,1.03629206526851,0.305841763986867,46.0195411428476
10.665376984127,0.895227101943816,1.03623514602383,0.30569552918695,46.0200792011258
10.6654761904762,0.895152486488273,1.03617821964454,0.305549364196314,46.0206172030236
10.6655753968254,0.895077878917133,1.03612128613673,0.305403268980406,46.0211551485522
10.6656746031746,0.895003279229415,1.03606434550646,0.305257243504685,46.0216930377229
10.6657738095238,0.894928687424143,1.03600739775982,0.305111287734628,46.0222308705467
10.665873015873,0.89485410350034,1.03595044290287,0.304965401635726,46.0227686470351
10.6659722222222,0.894779527457032,1.03589348094168,0.304819585173485,46.0233063671991
10.6660714285714,0.894704959293245,1.03583651188231,0.30467383831343,46.0238440310501
10.6661706349206,0.894630399008006,1.03577953573083,0.304528161021097,46.0243816385991
10.6662698412698,0.894555846600345,1.03572255249329,0.304382553262039,46.0249191898574
10.666369047619,0.89448130206929,1.03566556217574,0.304237015001825,46.0254566848362
10.6664682539683,0.894406765413874,1.03560856478425,0.304091546206037,46.0259941235466
10.6665674603175,0.894332236633128,1.03555156032484,0.303946146840274,46.0265315059999
10.6666666666667,0.894257715726085,1.03549454880357,0.303800816870151,46.0270688322073
10.6667658730159,0.894183202691782,1.03543753022648,0.303655556261298,46.0276061021799
10.6668650793651,0.894108697529253,1.03538050459961,0.303510364979359,46.0281433159289
10.6669642857143,0.894034200237536,1.03532347192899,0.303365242989995,46.0286804734654
10.6670634920635,0.893959710815668,1.03526643222065,0.303220190258881,46.0292175748007
10.6671626984127,0.893885229262691,1.03520938548062,0.303075206751708,46.0297546199458
10.6672619047619,0.893810755577645,1.03515233171492,0.302930292434183,46.030291608912
10.6673611111111,0.893736289759571,1.03509527092958,0.302785447272026,46.0308285417104
10.6674603174603,0.893661831807511,1.03503820313062,0.302640671230974,46.0313654183521
10.6675595238095,0.893587381720514,1.03498112832404,0.302495964276782,46.0319022388484
10.6676587301587,0.893512939497622,1.03492404651586,0.302351326375216,46.0324390032102
10.6677579365079,0.893438505137883,1.03486695771209,0.302206757492059,46.0329757114488
10.6678571428571,0.893364078640346,1.03480986191874,0.30206225759311,46.0335123635753
10.6679563492063,0.893289660004059,1.0347527591418,0.301917826644181,46.0340489596008
10.6680555555556,0.893215249228072,1.03469564938727,0.301773464611103,46.0345854995365
10.6681547619048,0.893140846311439,1.03463853266115,0.301629171459719,46.0351219833934
10.668253968254,0.893066451253211,1.03458140896943,0.301484947155889,46.0356584111827
10.6683531746032,0.892992064052443,1.03452427831811,0.301340791665488,46.0361947829155
10.6684523809524,0.89291768470819,1.03446714071315,0.301196704954407,46.0367310986028
10.6685515873016,0.892843313219509,1.03440999616056,0.301052686988551,46.0372673582559
10.6686507936508,0.892768949585458,1.03435284466629,0.300908737733841,46.0378035618857
10.66875,0.892694593805096,1.03429568623634,0.300764857156214,46.0383397095035
10.6688492063492,0.892620245877483,1.03423852087668,0.300621045221622,46.0388758011202
10.6689484126984,0.892545905801679,1.03418134859326,0.300477301896029,46.0394118367469
10.6690476190476,0.892471573576749,1.03412416939207,0.300333627145422,46.0399478163948
10.6691468253968,0.892397249201757,1.03406698327905,0.300190020935797,46.0404837400749
10.669246031746,0.892322932675766,1.03400979026018,0.300046483233167,46.0410196077983
10.6693452380952,0.892248623997845,1.0339525903414,0.29990301400356,46.041555419576
10.6694444444444,0.892174323167059,1.03389538352867,0.29975961321302,46.0420911754191
10.6695436507937,0.892100030182479,1.03383816982794,0.299616280827606,46.0426268753387
10.6696428571429,0.892025745043173,1.03378094924515,0.299473016813393,46.0431625193458
10.6697420634921,0.891951467748213,1.03372372178625,0.299329821136471,46.0436981074515
10.6698412698413,0.891877198296672,1.03366648745718,0.299186693762945,46.0442336396668
10.6699404761905,0.891802936687623,1.03360924626387,0.299043634658934,46.0447691160028
10.6700396825397,0.891728682920141,1.03355199821226,0.298900643790576,46.0453045364705
10.6701388888889,0.891654436993301,1.03349474330827,0.298757721124021,46.0458399010809
10.6702380952381,0.891580198906183,1.03343748155784,0.298614866625435,46.0463752098451
10.6703373015873,0.891505968657862,1.03338021296688,0.298472080261002,46.0469104627741
10.6704365079365,0.89143174624742,1.03332293754132,0.298329361996915,46.0474456598789
10.6705357142857,0.891357531673938,1.03326565528707,0.298186711799391,46.0479808011705
10.6706349206349,0.891283324936497,1.03320836621005,0.298044129634657,46.0485158866599
10.6707341269841,0.891209126034181,1.03315107031616,0.297901615468955,46.0490509163582
10.6708333333333,0.891134934966074,1.03309376761132,0.297759169268545,46.0495858902764
10.6709325396825,0.891060751731263,1.03303645810143,0.297616790999699,46.0501208084254
10.6710317460317,0.890986576328834,1.03297914179238,0.297474480628707,46.0506556708162
10.671130952381,0.890912408757875,1.03292181869008,0.297332238121875,46.0511904774599
10.6712301587302,0.890838249017476,1.03286448880042,0.297190063445521,46.0517252283674
10.6713293650794,0.890764097106728,1.03280715212928,0.297047956565981,46.0522599235497
10.6714285714286,0.890689953024722,1.03274980868257,0.296905917449605,46.0527945630178
10.6715277777778,0.890615816770551,1.03269245846615,0.296763946062761,46.0533291467827
10.671626984127,0.890541688343309,1.03263510148592,0.296622042371828,46.0538636748553
10.6717261904762,0.890467567742093,1.03257773774774,0.296480206343203,46.0543981472466
10.6718253968254,0.890393454965999,1.0325203672575,0.2963384379433,46.0549325639675
10.6719246031746,0.890319350014124,1.03246299002106,0.296196737138542,46.0554669250291
10.6720238095238,0.890245252885568,1.0324056060443,0.296055103895376,46.0560012304422
10.672123015873,0.890171163579432,1.03234821533307,0.295913538180259,46.0565354802178
10.6722222222222,0.890097082094816,1.03229081789324,0.295772039959664,46.0570696743669
10.6723214285714,0.890023008430824,1.03223341373067,0.295630609200079,46.0576038129004
10.6724206349206,0.88994894258656,1.03217600285121,0.295489245868009,46.0581378958293
10.6725198412698,0.889874884561128,1.03211858526071,0.295347949929973,46.0586719231644
10.672619047619,0.889800834353636,1.03206116096502,0.295206721352506,46.0592058949167
10.6727182539683,0.88972679196319,1.03200372996998,0.295065560102157,46.0597398110971
10.6728174603175,0.889652757388901,1.03194629228144,0.294924466145492,46.0602736717166
10.6729166666667,0.889578730629877,1.03188884790524,0.294783439449092,46.060807476786
10.6730158730159,0.88950471168523,1.03183139684721,0.294642479979553,46.0613412263163
10.6731150793651,0.889430700554073,1.03177393911318,0.294501587703486,46.0618749203184
10.6732142857143,0.889356697235519,1.03171647470898,0.294360762587518,46.0624085588031
10.6733134920635,0.889282701728683,1.03165900364043,0.294220004598292,46.0629421417814
10.6734126984127,0.889208714032681,1.03160152591336,0.294079313702462,46.0634756692642
10.6735119047619,0.889134734146631,1.03154404153359,0.293938689866705,46.0640091412623
10.6736111111111,0.889060762069652,1.03148655050693,0.293798133057708,46.0645425577867
10.6737103174603,0.888986797800863,1.0314290528392,0.293657643242174,46.0650759188482
10.6738095238095,0.888912841339385,1.0313715485362,0.293517220386821,46.0656092244577
10.6739087301587,0.88883889268434,1.03131403760373,0.293376864458385,46.066142474626
10.6740079365079,0.888764951834853,1.03125652004761,0.293236575423614,46.0666756693641
10.6741071428571,0.888691018790046,1.03119899587363,0.293096353249273,46.0672088086828
10.6742063492063,0.888617093549047,1.03114146508759,0.292956197902142,46.067741892593
10.6743055555556,0.888543176110982,1.03108392769527,0.292816109349017,46.0682749211055
10.6744047619048,0.88846926647498,1.03102638370247,0.292676087556709,46.0688078942311
10.674503968254,0.88839536464017,1.03096883311498,0.292536132492044,46.0693408119808
10.6746031746032,0.888321470605683,1.03091127593858,0.292396244121864,46.0698736743654
10.6747023809524,0.888247584370651,1.03085371217904,0.292256422413025,46.0704064813956
10.6748015873016,0.888173705934207,1.03079614184214,0.292116667332399,46.0709392330824
10.6749007936508,0.888099835295484,1.03073856493366,0.291976978846872,46.0714719294365
10.675,0.88802597245362,1.03068098145936,0.291837356923352,46.0720045704689
10.6750992063492,0.887952117407751,1.03062339142502,0.291697801528753,46.0725371561902
10.6751984126984,0.887878270157015,1.03056579483639,0.29155831263001,46.0730696866114
10.6752976190476,0.887804430700551,1.03050819169924,0.291418890194073,46.0736021617432
10.6753968253968,0.887730599037499,1.03045058201931,0.291279534187904,46.0741345815965
10.675496031746,0.887656775167001,1.03039296580238,0.291140244578484,46.074666946182
10.6755952380952,0.8875829590882,1.03033534305418,0.291001021332806,46.0751992555106
10.6756944444444,0.887509150800241,1.03027771378046,0.290861864417884,46.075731509593
10.6757936507937,0.887435350302267,1.03022007798697,0.29072277380074,46.0762637084401
10.6758928571429,0.887361557593426,1.03016243567944,0.290583749448417,46.0767958520627
10.6759920634921,0.887287772672867,1.03010478686361,0.29044479132797,46.0773279404714
10.6760912698413,0.887213995539736,1.03004713154523,0.290305899406472,46.0778599736771
10.6761904761905,0.887140226193186,1.02998946973001,0.29016707365101,46.0783919516907
10.6762896825397,0.887066464632366,1.02993180142368,0.290028314028684,46.0789238745227
10.6763888888889,0.886992710856429,1.02987412663198,0.289889620506613,46.0794557421841
10.6764880952381,0.886918964864531,1.02981644536061,0.289750993051931,46.0799875546856
10.6765873015873,0.886845226655825,1.0297587576153,0.289612431631787,46.0805193120378
10.6766865079365,0.886771496229468,1.02970106340176,0.289473936213343,46.0810510142517
10.6767857142857,0.886697773584617,1.0296433627257,0.289335506763778,46.0815826613379
10.6768849206349,0.886624058720431,1.02958565559283,0.289197143250287,46.0821142533072
10.6769841269841,0.886550351636069,1.02952794200886,0.289058845640079,46.0826457901703
10.6770833333333,0.886476652330694,1.02947022197948,0.28892061390038,46.0831772719379
10.6771825396825,0.886402960803467,1.0294124955104,0.288782447998431,46.0837086986209
10.6772817460317,0.886329277053551,1.0293547626073,0.288644347901486,46.0842400702299
10.677380952381,0.886255601080112,1.02929702327588,0.288506313576816,46.0847713867756
10.6774801587302,0.886181932882315,1.02923927752183,0.288368344991709,46.0853026482688
10.6775793650794,0.886108272459328,1.02918152535082,0.288230442113466,46.0858338547202
10.6776785714286,0.886034619805742,1.0291237667701,0.28809260491081,46.086365006142
10.6777777777778,0.88596097485518,1.02906600180739,0.287954833371999,46.0868961025664
10.677876984127,0.885887337584917,1.0290082304753,0.287817127473635,46.0874271440109
10.6779761904762,0.885813707993477,1.02895045277922,0.287679487186019,46.0879581304856
10.6780753968254,0.885740086079384,1.02889266872456,0.287541912479461,46.088489062001
10.6781746031746,0.88566647184116,1.02883487831669,0.287404403324277,46.0890199385672
10.6782738095238,0.88559286527733,1.028777081561,0.287266959690797,46.0895507601945
10.678373015873,0.88551926638642,1.02871927846288,0.287129581549359,46.0900815268932
10.6784722222222,0.885445675166953,1.02866146902771,0.286992268870309,46.0906122386737
10.6785714285714,0.885372091617457,1.02860365326086,0.286855021624003,46.0911428955461
10.6786706349206,0.885298515736457,1.02854583116773,0.286717839780809,46.0916734975207
10.6787698412698,0.885224947522481,1.02848800275368,0.286580723311101,46.0922040446077
10.678869047619,0.885151386974056,1.02843016802408,0.286443672185265,46.0927345368175
10.6789682539683,0.88507783408971,1.02837232698432,0.286306686373695,46.0932649741604
10.6790674603175,0.885004288867972,1.02831447963976,0.286169765846795,46.0937953566464
10.6791666666667,0.884930751307371,1.02825662599577,0.286032910574978,46.094325684286
10.6792658730159,0.884857221406436,1.02819876605772,0.285896120528668,46.0948559570893
10.6793650793651,0.884783699163697,1.02814089983098,0.285759395678294,46.0953861750666
10.6794642857143,0.884710184577687,1.0280830273209,0.285622735994303,46.0959163382282
10.6795634920635,0.884636677646936,1.02802514853284,0.285486141447144,46.0964464465842
10.6796626984127,0.884563178369975,1.02796726347218,0.285349612007277,46.096976500145
10.6797619047619,0.884489686745338,1.02790937214425,0.285213147645174,46.0975064989207
10.6798611111111,0.884416202771556,1.02785147455443,0.285076748331313,46.0980364429216
10.6799603174603,0.884342726447164,1.02779357070806,0.284940414036184,46.098566332158
10.6800595238095,0.884269257770695,1.02773566061049,0.284804144730286,46.09909616664
10.6801587301587,0.884195796740684,1.02767774426708,0.284667940384126,46.0996259463779
10.6802579365079,0.884122343355666,1.02761982168317,0.284531800968223,46.1001556713819
10.6803571428571,0.884048897614176,1.02756189286411,0.284395726453103,46.1006853416622
10.6804563492063,0.883975459514752,1.02750395781524,0.284259716809303,46.1012149572291
10.6805555555556,0.883902029055928,1.02744601654191,0.28412377200737,46.1017445180928
10.6806547619048,0.883828606236243,1.02738806904944,0.283987892017858,46.1022740242634
10.680753968254,0.883755191054235,1.02733011534319,0.283852076811333,46.1028034757512
10.6808531746032,0.883681783508439,1.02727215542849,0.283716326358367,46.1033328725664
10.6809523809524,0.883608383597398,1.02721418931067,0.283580640629548,46.1038622147192
10.6810515873016,0.88353499131965,1.02715621699507,0.283445019595468,46.1043915022198
10.6811507936508,0.883461606673735,1.02709823848701,0.283309463226729,46.1049207350784
10.68125,0.883388229658192,1.02704025379182,0.283173971493944,46.1054499133052
10.6813492063492,0.883314860271564,1.02698226291484,0.283038544367734,46.1059790369104
10.6814484126984,0.883241498512391,1.02692426586138,0.282903181818732,46.1065081059042
10.6815476190476,0.883168144379216,1.02686626263677,0.282767883817577,46.1070371202967
10.6816468253968,0.88309479787058,1.02680825324633,0.28263265033492,46.1075660800983
10.681746031746,0.883021458985028,1.02675023769538,0.28249748134142,46.108094985319
10.6818452380952,0.882948127721103,1.02669221598923,0.282362376807748,46.108623835969
10.6819444444444,0.882874804077349,1.0266341881332,0.282227336704581,46.1091526320585
10.6820436507937,0.88280148805231,1.0265761541326,0.282092361002608,46.1096813735977
10.6821428571429,0.882728179644533,1.02651811399275,0.281957449672526,46.1102100605968
10.6822420634921,0.882654878852563,1.02646006771896,0.281822602685043,46.1107386930659
10.6823412698413,0.882581585674945,1.02640201531652,0.281687820010873,46.1112672710153
10.6824404761905,0.882508300110228,1.02634395679075,0.281553101620745,46.1117957944549
10.6825396825397,0.882435022156958,1.02628589214696,0.281418447485394,46.1123242633952
10.6826388888889,0.882361751813684,1.02622782139043,0.281283857575565,46.1128526778461
10.6827380952381,0.882288489078954,1.02616974452648,0.281149331862012,46.1133810378179
10.6828373015873,0.882215233951317,1.0261116615604,0.281014870315499,46.1139093433207
10.6829365079365,0.882141986429322,1.02605357249748,0.280880472906799,46.1144375943646
10.6830357142857,0.88206874651152,1.02599547734302,0.280746139606695,46.1149657909599
10.6831349206349,0.881995514196461,1.02593737610232,0.28061187038598,46.1154939331167
10.6832341269841,0.881922289482697,1.02587926878065,0.280477665215455,46.116022020845
10.6833333333333,0.881849072368779,1.02582115538332,0.280343524065932,46.1165500541551
10.6834325396825,0.881775862853259,1.0257630359156,0.280209446908231,46.1170780330571
10.6835317460317,0.881702660934691,1.02570491038279,0.280075433713183,46.1176059575611
10.683630952381,0.881629466611627,1.02564677879015,0.279941484451628,46.1181338276773
10.6837301587302,0.881556279882622,1.02558864114299,0.279807599094414,46.1186616434158
10.6838293650794,0.881483100746229,1.02553049744656,0.279673777612399,46.1191894047868
10.6839285714286,0.881409929201004,1.02547234770615,0.279540019976454,46.1197171118003
10.6840277777778,0.881336765245502,1.02541419192704,0.279406326157454,46.1202447644664
10.684126984127,0.88126360887828,1.0253560301145,0.279272696126288,46.1207723627954
10.6842261904762,0.881190460097894,1.02529786227379,0.279139129853852,46.1212999067973
10.6843253968254,0.8811173189029,1.02523968841019,0.279005627311051,46.1218273964822
10.6844246031746,0.881044185291858,1.02518150852897,0.278872188468802,46.1223548318603
10.6845238095238,0.880971059263323,1.02512332263538,0.278738813298029,46.1228822129417
10.684623015873,0.880897940815857,1.0250651307347,0.278605501769666,46.1234095397364
10.6847222222222,0.880824829948017,1.02500693283218,0.278472253854658,46.1239368122547
10.6848214285714,0.880751726658363,1.02494872893308,0.278339069523957,46.1244640305065
10.6849206349206,0.880678630945456,1.02489051904267,0.278205948748528,46.124991194502
10.6850198412698,0.880605542807857,1.02483230316619,0.278072891499342,46.1255183042513
10.685119047619,0.880532462244127,1.02477408130891,0.27793989774738,46.1260453597645
10.6852182539683,0.880459389252827,1.02471585347606,0.277806967463635,46.1265723610516
10.6853174603175,0.88038632383252,1.02465761967291,0.277674100619105,46.1270993081229
10.6854166666667,0.880313265981771,1.0245993799047,0.277541297184804,46.1276262009882
10.6855158730159,0.880240215699142,1.02454113417667,0.27740855713175,46.1281530396579
10.6856150793651,0.880167172983196,1.02448288249407,0.277275880430972,46.1286798241418
10.6857142857143,0.880094137832499,1.02442462486215,0.277143267053509,46.1292065544502
10.6858134920635,0.880021110245616,1.02436636128614,0.277010716970408,46.1297332305931
10.6859126984127,0.879948090221113,1.02430809177128,0.276878230152728,46.1302598525805
10.6860119047619,0.879875077757555,1.0242498163228,0.276745806571536,46.1307864204226
10.6861111111111,0.87980207285351,1.02419153494595,0.276613446197908,46.1313129341293
10.6862103174603,0.879729075507544,1.02413324764595,0.27648114900293,46.1318393937109
10.6863095238095,0.879656085718227,1.02407495442804,0.276348914957697,46.1323657991773
10.6864087301587,0.879583103484125,1.02401665529744,0.276216744033315,46.1328921505385
10.6865079365079,0.879510128803808,1.02395835025938,0.276084636200898,46.1334184478048
10.6866071428571,0.879437161675846,1.02390003931909,0.275952591431569,46.133944690986
10.6867063492063,0.879364202098808,1.02384172248178,0.275820609696463,46.1344708800924
10.6868055555556,0.879291250071263,1.02378339975269,0.275688690966721,46.1349970151338
10.6869047619048,0.879218305591786,1.02372507113702,0.275556835213497,46.1355230961205
10.687003968254,0.879145368658947,1.02366673664,0.275425042407953,46.1360491230623
10.6871031746032,0.879072439271317,1.02360839626684,0.275293312521259,46.1365750959695
10.6872023809524,0.87899951742747,1.02355005002275,0.275161645524596,46.1371010148519
10.6873015873016,0.878926603125978,1.02349169791295,0.275030041389155,46.1376268797197
10.6874007936508,0.878853696365416,1.02343333994265,0.274898500086135,46.1381526905829
10.6875,0.878780797144357,1.02337497611704,0.274767021586746,46.1386784474515
10.6875992063492,0.878707905461377,1.02331660644135,0.274635605862205,46.1392041503355
10.6876984126984,0.878635021315051,1.02325823092077,0.274504252883742,46.139729799245
10.6877976190476,0.878562144703955,1.0231998495605,0.274372962622593,46.14025539419
10.6878968253968,0.878489275626665,1.02314146236575,0.274241735050006,46.1407809351806
10.687996031746,0.878416414081758,1.02308306934171,0.274110570137237,46.1413064222267
10.6880952380952,0.878343560067812,1.02302467049358,0.273979467855552,46.1418318553384
10.6881944444444,0.878270713583405,1.02296626582655,0.273848428176227,46.1423572345256
10.6882936507937,0.878197874627114,1.02290785534582,0.273717451070545,46.1428825597985
10.6883928571429,0.878125043197521,1.02284943905657,0.273586536509803,46.143407831167
10.6884920634921,0.878052219293204,1.02279101696399,0.273455684465305,46.143933048641
10.6885912698413,0.877979402912743,1.02273258907328,0.273324894908363,46.1444582122307
10.6886904761905,0.87790659405472,1.02267415538961,0.2731941678103,46.1449833219461
10.6887896825397,0.877833792717714,1.02261571591816,0.273063503142449,46.145508377797
10.6888888888889,0.87776099890031,1.02255727066413,0.27293290087615,46.1460333797936
10.6889880952381,0.877688212601087,1.02249881963268,0.272802360982757,46.1465583279457
10.6890873015873,0.877615433818631,1.02244036282899,0.272671883433629,46.1470832222635
10.6891865079365,0.877542662551523,1.02238190025825,0.272541468200136,46.1476080627569
10.6892857142857,0.877469898798348,1.02232343192561,0.272411115253658,46.1481328494359
10.6893849206349,0.877397142557691,1.02226495783626,0.272280824565585,46.1486575823105
10.6894841269841,0.877324393828136,1.02220647799536,0.272150596107314,46.1491822613906
10.6895833333333,0.877251652608269,1.02214799240808,0.272020429850255,46.1497068866862
10.6896825396825,0.877178918896676,1.02208950107959,0.271890325765824,46.1502314582073
10.6897817460317,0.877106192691943,1.02203100401504,0.271760283825447,46.150755975964
10.689880952381,0.87703347399266,1.0219725012196,0.271630304000563,46.1512804399661
10.6899801587302,0.876960762797411,1.02191399269844,0.271500386262618,46.1518048502236
10.6900793650794,0.876888059104787,1.02185547845669,0.271370530583067,46.1523292067464
10.6901785714286,0.876815362913376,1.02179695849954,0.271240736933374,46.1528535095447
10.6902777777778,0.876742674221767,1.02173843283212,0.271111005285014,46.1533777586283
10.690376984127,0.87666999302855,1.02167990145958,0.270981335609471,46.1539019540071
10.6904761904762,0.876597319332316,1.02162136438709,0.270851727878238,46.1544260956912
10.6905753968254,0.876524653131654,1.02156282161978,0.270722182062818,46.1549501836904
10.6906746031746,0.876451994425158,1.02150427316281,0.270592698134723,46.1554742180148
10.6907738095238,0.876379343211419,1.02144571902131,0.270463276065475,46.1559981986743
10.690873015873,0.87630669948903,1.02138715920044,0.270333915826606,46.1565221256788
10.6909722222222,0.876234063256583,1.02132859370532,0.270204617389656,46.1570459990382
10.6910714285714,0.876161434512672,1.0212700225411,0.270075380726175,46.1575698187626
10.6911706349206,0.876088813255892,1.02121144571292,0.269946205807722,46.1580935848618
10.6912698412698,0.876016199484836,1.02115286322591,0.269817092605866,46.1586172973458
10.691369047619,0.875943593198101,1.02109427508519,0.269688041092189,46.1591409562246
10.6914682539683,0.875870994394283,1.02103568129592,0.269559051238276,46.1596645615079
10.6915674603175,0.875798403071977,1.0209770818632,0.269430123015725,46.1601881132059
10.6916666666667,0.875725819229781,1.02091847679218,0.269301256396144,46.1607116113283
10.6917658730159,0.875653242866292,1.02085986608796,0.269172451351148,46.1612350558852
10.6918650793651,0.875580673980107,1.02080124975569,0.269043707852365,46.1617584468864
10.6919642857143,0.875508112569826,1.02074262780047,0.268915025871428,46.1622817843419
10.6920634920635,0.875435558634047,1.02068400022744,0.268786405379984,46.1628050682615
10.6921626984127,0.87536301217137,1.0206253670417,0.268657846349686,46.1633282986552
10.6922619047619,0.875290473180395,1.02056672824836,0.268529348752198,46.163851475533
10.6923611111111,0.875217941659722,1.02050808385256,0.268400912559195,46.1643745989046
10.6924603174603,0.875145417607954,1.02044943385939,0.268272537742358,46.16489766878
10.6925595238095,0.875072901023691,1.02039077827396,0.268144224273379,46.1654206851691
10.6926587301587,0.875000391905535,1.02033211710139,0.268015972123961,46.1659436480818
10.6927579365079,0.874927890252089,1.02027345034677,0.267887781265814,46.1664665575281
10.6928571428571,0.874855396061958,1.02021477801523,0.267759651670661,46.1669894135177
10.6929563492063,0.874782909333745,1.02015610011184,0.26763158331023,46.1675122160606
10.6930555555556,0.874710430066054,1.02009741664172,0.267503576156262,46.1680349651667
10.6931547619048,0.87463795825749,1.02003872760997,0.267375630180505,46.1685576608458
10.693253968254,0.874565493906658,1.01998003302167,0.267247745354718,46.1690803031079
10.6933531746032,0.874493037012165,1.01992133288193,0.26711992165067,46.1696028919628
10.6934523809524,0.874420587572617,1.01986262719584,0.266992159040137,46.1701254274205
10.6935515873016,0.874348145586621,1.01980391596848,0.266864457494907,46.1706479094906
10.6936507936508,0.874275711052785,1.01974519920495,0.266736816986776,46.1711703381833
10.69375,0.874203283969716,1.01968647691033,0.26660923748755,46.1716927135082
10.6938492063492,0.874130864336025,1.01962774908971,0.266481718969045,46.1722150354754
10.6939484126984,0.874058452150319,1.01956901574817,0.266354261403085,46.1727373040946
10.6940476190476,0.873986047411209,1.01951027689079,0.266226864761506,46.1732595193757
10.6941468253968,0.873913650117305,1.01945153252265,0.26609952901615,46.1737816813286
10.694246031746,0.873841260267217,1.01939278264882,0.265972254138869,46.1743037899631
10.6943452380952,0.873768877859557,1.01933402727439,0.26584504010153,46.1748258452891
10.6944444444444,0.873696502892938,1.01927526640442,0.265717886876003,46.1753478473165
10.6945436507937,0.873624135365972,1.01921650004399,0.26559079443417,46.175869796055
10.6946428571429,0.873551775277271,1.01915772819817,0.265463762747922,46.1763916915146
10.6947420634921,0.873479422625449,1.01909895087202,0.26533679178916,46.176913533705
10.6948412698413,0.87340707740912,1.01904016807061,0.265209881529794,46.1774353226362
10.6949404761905,0.8733347396269,1.018981379799,0.265083031941743,46.1779570583179
10.6950396825397,0.873262409277402,1.01892258606225,0.264956242996937,46.17847874076
10.6951388888889,0.873190086359242,1.01886378686543,0.264829514667315,46.1790003699724
10.6952380952381,0.873117770871038,1.0188049822136,0.264702846924824,46.1795219459648
10.6953373015873,0.873045462811405,1.0187461721118,0.264576239741422,46.1800434687471
10.6954365079365,0.872973162178961,1.01868735656509,0.264449693089075,46.1805649383291
10.6955357142857,0.872900868972324,1.01862853557852,0.264323206939761,46.1810863547207
10.6956349206349,0.872828583190112,1.01856970915715,0.264196781265465,46.1816077179316
10.6957341269841,0.872756304830943,1.01851087730603,0.264070416038182,46.1821290279717
10.6958333333333,0.872684033893438,1.01845204003019,0.263944111229918,46.1826502848508
10.6959325396825,0.872611770376217,1.01839319733468,0.263817866812688,46.1831714885787
10.6960317460317,0.8725395142779,1.01833434922456,0.263691682758515,46.1836926391652
10.696130952381,0.872467265597108,1.01827549570484,0.263565559039431,46.1842137366202
10.6962301587302,0.872395024332463,1.01821663678059,0.263439495627481,46.1847347809534
10.6963293650794,0.872322790482586,1.01815777245682,0.263313492494716,46.1852557721746
10.6964285714286,0.872250564046101,1.01809890273858,0.263187549613197,46.1857767102936
10.6965277777778,0.87217834502163,1.01804002763091,0.263061666954997,46.1862975953203
10.696626984127,0.872106133407798,1.01798114713882,0.262935844492196,46.1868184272644
10.6967261904762,0.872033929203229,1.01792226126735,0.262810082196883,46.1873392061357
10.6968253968254,0.871961732406547,1.01786337002153,0.26268438004116,46.187859931944
10.6969246031746,0.871889543016378,1.01780447340638,0.262558737997134,46.1883806046991
10.6970238095238,0.871817361031347,1.01774557142693,0.262433156036924,46.1889012244108
10.697123015873,0.871745186450082,1.01768666408819,0.262307634132658,46.1894217910889
10.6972222222222,0.871673019271209,1.01762775139519,0.262182172256473,46.1899423047431
10.6973214285714,0.871600859493356,1.01756883335294,0.262056770380518,46.1904627653832
10.6974206349206,0.87152870711515,1.01750990996647,0.261931428476948,46.190983173019
10.6975198412698,0.871456562135221,1.01745098124077,0.26180614651793,46.1915035276603
10.697619047619,0.871384424552198,1.01739204718087,0.261680924475638,46.1920238293168
10.6977182539683,0.871312294364709,1.01733310779178,0.261555762322258,46.1925440779983
10.6978174603175,0.871240171571386,1.0172741630785,0.261430660029983,46.1930642737146
10.6979166666667,0.871168056170859,1.01721521304604,0.261305617571019,46.1935844164754
10.6980158730159,0.87109594816176,1.0171562576994,0.261180634917577,46.1941045062904
10.6981150793651,0.871023847542719,1.01709729704359,0.261055712041881,46.1946245431696
10.6982142857143,0.87095175431237,1.0170383310836,0.260930848916163,46.1951445271224
10.6983134920635,0.870879668469346,1.01697935982443,0.260806045512664,46.1956644581589
10.6984126984127,0.870807590012279,1.01692038327109,0.260681301803637,46.1961843362886
10.6985119047619,0.870735518939804,1.01686140142856,0.260556617761341,46.1967041615214
10.6986111111111,0.870663455250555,1.01680241430184,0.260431993358047,46.1972239338669
10.6987103174603,0.870591398943167,1.01674342189592,0.260307428566033,46.197743653335
10.6988095238095,0.870519350016277,1.01668442421578,0.26018292335759,46.1982633199353
10.6989087301587,0.870447308468519,1.01662542126642,0.260058477705017,46.1987829336776
10.6990079365079,0.870375274298531,1.01656641305281,0.25993409158062,46.1993024945716
10.6991071428571,0.87030324750495,1.01650739957995,0.259809764956719,46.199822002627
10.6992063492063,0.870231228086414,1.01644838085281,0.259685497805638,46.2003414578537
10.6993055555556,0.870159216041561,1.01638935687637,0.259561290099716,46.2008608602613
10.6994047619048,0.870087211369029,1.01633032765561,0.259437141811297,46.2013802098594
10.699503968254,0.870015214067458,1.01627129319551,0.259313052912738,46.201899506658
10.6996031746032,0.869943224135488,1.01621225350103,0.259189023376402,46.2024187506666
10.6997023809524,0.869871241571759,1.01615320857715,0.259065053174666,46.2029379418949
10.6998015873016,0.869799266374913,1.01609415842885,0.258941142279911,46.2034570803528
10.6999007936508,0.86972729854359,1.01603510306107,0.258817290664532,46.2039761660498
10.7,0.869655338076433,1.0159760424788,0.258693498300931,46.2044951989958
10.7000992063492,0.869583384972084,1.015916976687,0.258569765161521,46.2050141792004
10.7001984126984,0.869511439229186,1.01585790569062,0.258446091218722,46.2055331066732
10.7002976190476,0.869439500846383,1.01579882949464,0.258322476444967,46.2060519814241
10.7003968253968,0.86936756982232,1.01573974810399,0.258198920812697,46.2065708034627
10.700496031746,0.869295646155641,1.01568066152365,0.258075424294361,46.2070895727987
10.7005952380952,0.869223729844991,1.01562156975857,0.257951986862419,46.2076082894418
10.7006944444444,0.869151820889016,1.01556247281369,0.257828608489339,46.2081269534016
10.7007936507937,0.869079919286362,1.01550337069398,0.257705289147601,46.2086455646879
10.7008928571429,0.869008025035676,1.01544426340437,0.257582028809693,46.2091641233104
10.7009920634921,0.868936138135606,1.01538515094981,0.257458827448111,46.2096826292787
10.7010912698413,0.8688642585848,1.01532603333526,0.257335685035364,46.2102010826025
10.7011904761905,0.868792386381905,1.01526691056564,0.257212601543966,46.2107194832915
10.7012896825397,0.868720521525571,1.01520778264591,0.257089576946445,46.2112378313553
10.7013888888889,0.868648664014448,1.015148649581,0.256966611215336,46.2117561268036
10.7014880952381,0.868576813847186,1.01508951137584,0.256843704323183,46.2122743696462
10.7015873015873,0.868504971022435,1.01503036803538,0.256720856242541,46.2127925598925
10.7016865079365,0.868433135538845,1.01497121956454,0.256598066945971,46.2133106975525
10.7017857142857,0.868361307395071,1.01491206596826,0.256475336406052,46.2138287826355
10.7018849206349,0.868289486589762,1.01485290725147,0.256352664595363,46.2143468151515
10.7019841269841,0.868217673121573,1.01479374341909,0.256230051486496,46.2148647951099
10.7020833333333,0.868145866989157,1.01473457447605,0.256107497052055,46.2153827225204
10.7021825396825,0.868074068191166,1.01467540042727,0.255985001264649,46.2159005973927
10.7022817460317,0.868002276726257,1.01461622127768,0.255862564096899,46.2164184197365
10.702380952381,0.867930492593083,1.01455703703219,0.255740185521436,46.2169361895613
10.7024801587302,0.8678587157903,1.01449784769572,0.255617865510899,46.2174539068769
10.7025793650794,0.867786946316564,1.01443865327319,0.255495604037937,46.2179715716928
10.7026785714286,0.867715184170532,1.0143794537695,0.255373401075209,46.2184891840188
10.7027777777778,0.86764342935086,1.01432024918959,0.255251256595382,46.2190067438643
10.702876984127,0.867571681856207,1.01426103953834,0.255129170571135,46.2195242512391
10.7029761904762,0.867499941685231,1.01420182482068,0.255007142975153,46.2200417061528
10.7030753968254,0.867428208836589,1.0141426050415,0.254885173780134,46.2205591086151
10.7031746031746,0.867356483308941,1.01408338020572,0.254763262958782,46.2210764586354
10.7032738095238,0.867284765100948,1.01402415031823,0.254641410483815,46.2215937562236
10.703373015873,0.86721305421127,1.01396491538393,0.254519616327957,46.2221110013891
10.7034722222222,0.867141350638567,1.01390567540773,0.254397880463942,46.2226281941416
10.7035714285714,0.8670696543815,1.01384643039451,0.254276202864513,46.2231453344907
10.7036706349206,0.866997965438732,1.01378718034918,0.254154583502425,46.223662422446
10.7037698412698,0.866926283808926,1.01372792527663,0.254033022350439,46.2241794580171
10.703869047619,0.866854609490743,1.01366866518175,0.253911519381328,46.2246964412137
10.7039682539683,0.866782942482848,1.01360940006942,0.253790074567873,46.2252133720453
10.7040674603175,0.866711282783904,1.01355012994454,0.253668687882867,46.2257302505215
10.7041666666667,0.866639630392577,1.01349085481199,0.253547359299108,46.226247076652
10.7042658730159,0.866567985307531,1.01343157467664,0.253426088789409,46.2267638504463
10.7043650793651,0.866496347527432,1.0133722895434,0.253304876326587,46.227280571914
10.7044642857143,0.866424717050947,1.01331299941712,0.253183721883472,46.2277972410647
10.7045634920635,0.866353093876741,1.0132537043027,0.253062625432903,46.228313857908
10.7046626984127,0.866281478003482,1.01319440420499,0.252941586947726,46.2288304224535
10.7047619047619,0.866209869429839,1.01313509912889,0.252820606400801,46.2293469347107
10.7048611111111,0.86613826815448,1.01307578907927,0.252699683764995,46.2298633946893
10.7049603174603,0.866066674176073,1.01301647406098,0.252578819013183,46.2303798023988
10.7050595238095,0.865995087493287,1.0129571540789,0.252458012118251,46.2308961578487
10.7051587301587,0.865923508104794,1.01289782913789,0.252337263053095,46.2314124610488
10.7052579365079,0.865851936009263,1.01283849924282,0.252216571790619,46.2319287120084
10.7053571428571,0.865780371205365,1.01277916439856,0.252095938303738,46.2324449107373
10.7054563492063,0.865708813691773,1.01271982460995,0.251975362565376,46.2329610572449
10.7055555555556,0.865637263467158,1.01266047988186,0.251854844548465,46.2334771515408
10.7056547619048,0.865565720530192,1.01260113021915,0.251734384225949,46.2339931936347
10.705753968254,0.865494184879549,1.01254177562666,0.25161398157078,46.2345091835359
10.7058531746032,0.865422656513903,1.01248241610926,0.251493636555919,46.2350251212541
10.7059523809524,0.865351135431929,1.01242305167179,0.251373349154337,46.2355410067989
10.7060515873016,0.8652796216323,1.01236368231911,0.251253119339016,46.2360568401797
10.7061507936508,0.865208115113691,1.01230430805604,0.251132947082943,46.2365726214062
10.70625,0.86513661587478,1.01224492888746,0.251012832359122,46.2370883504879
10.7063492063492,0.865065123914243,1.01218554481818,0.250892775140559,46.2376040274342
10.7064484126984,0.864993639230756,1.01212615585307,0.250772775400274,46.2381196522548
10.7065476190476,0.864922161822998,1.01206676199695,0.250652833111294,46.2386352249592
10.7066468253968,0.864850691689645,1.01200736325466,0.250532948246657,46.239150745557
10.706746031746,0.864779228829377,1.01194795963104,0.250413120779409,46.2396662140575
10.7068452380952,0.864707773240873,1.01188855113092,0.250293350682608,46.2401816304704
10.7069444444444,0.864636324922812,1.01182913775913,0.250173637929318,46.2406969948053
10.7070436507937,0.864564883873875,1.0117697195205,0.250053982492616,46.2412123070715
10.7071428571429,0.864493450092742,1.01171029641986,0.249934384345586,46.2417275672787
10.7072420634921,0.864422023578094,1.01165086846204,0.249814843461322,46.2422427754364
10.7073412698413,0.864350604328614,1.01159143565186,0.249695359812928,46.242757931554
10.7074404761905,0.864279192342984,1.01153199799413,0.249575933373518,46.2432730356411
10.7075396825397,0.864207787619886,1.01147255549369,0.249456564116214,46.2437880877072
10.7076388888889,0.864136390158004,1.01141310815534,0.249337252014146,46.2443030877618
10.7077380952381,0.864064999956022,1.01135365598391,0.24921799704046,46.2448180358144
10.7078373015873,0.863993617012625,1.0112941989842,0.249098799168305,46.2453329318745
10.7079365079365,0.863922241326497,1.01123473716104,0.248979658370841,46.2458477759516
10.7080357142857,0.863850872896325,1.01117527051922,0.24886057462124,46.2463625680552
10.7081349206349,0.863779511720793,1.01111579906357,0.248741547892679,46.2468773081947
10.7082341269841,0.86370815779859,1.01105632279887,0.248622578158349,46.2473919963798
10.7083333333333,0.863636811128401,1.01099684172995,0.248503665391448,46.2479066326198
10.7084325396825,0.863565471708915,1.0109373558616,0.248384809565183,46.2484212169243
10.7085317460317,0.86349413953882,1.01087786519862,0.248266010652773,46.2489357493027
10.708630952381,0.863422814616805,1.01081836974582,0.248147268627443,46.2494502297646
10.7087301587302,0.863351496941559,1.01075886950798,0.248028583462431,46.2499646583193
10.7088293650794,0.863280186511772,1.0106993644899,0.247909955130983,46.2504790349764
10.7089285714286,0.863208883326135,1.01063985469638,0.247791383606353,46.2509933597454
10.7090277777778,0.863137587383337,1.01058034013221,0.247672868861806,46.2515076326356
10.709126984127,0.863066298682071,1.01052082080217,0.247554410870616,46.2520218536567
10.7092261904762,0.862995017221029,1.01046129671105,0.247436009606069,46.252536022818
10.7093253968254,0.862923742998904,1.01040176786365,0.247317665041456,46.253050140129
10.7094246031746,0.862852476014388,1.01034223426473,0.247199377150081,46.2535642055991
10.7095238095238,0.862781216266175,1.01028269591909,0.247081145905255,46.2540782192379
10.709623015873,0.86270996375296,1.0102231528315,0.246962971280301,46.2545921810548
10.7097222222222,0.862638718473436,1.01016360500675,0.246844853248549,46.2551060910592
10.7098214285714,0.8625674804263,1.01010405244959,0.24672679178334,46.2556199492605
10.7099206349206,0.862496249610247,1.01004449516482,0.246608786858023,46.2561337556683
10.7100198412698,0.862425026023973,1.0099849331572,0.24649083844596,46.256647510292
10.710119047619,0.862353809666175,1.0099253664315,0.246372946520517,46.257161213141
10.7102182539683,0.862282600535551,1.00986579499249,0.246255111055075,46.2576748642247
10.7103174603175,0.862211398630799,1.00980621884493,0.246137332023021,46.2581884635526
10.7104166666667,0.862140203950616,1.0097466379936,0.246019609397752,46.2587020111342
10.7105158730159,0.862069016493702,1.00968705244324,0.245901943152675,46.2592155069787
10.7106150793651,0.861997836258756,1.00962746219863,0.245784333261205,46.2597289510958
10.7107142857143,0.86192666324448,1.00956786726452,0.245666779696772,46.2602423434948
10.7108134920635,0.861855497449573,1.00950826764566,0.245549282432808,46.2607556841851
10.7109126984127,0.861784338872736,1.00944866334682,0.245431841442758,46.2612689731761
10.7110119047619,0.861713187512671,1.00938905437274,0.245314456700078,46.2617822104773
10.7111111111111,0.861642043368081,1.00932944072818,0.24519712817823,46.2622953960981
10.7112103174603,0.861570906437667,1.00926982241788,0.245079855850688,46.2628085300479
10.7113095238095,0.861499776720134,1.00921019944659,0.244962639690934,46.2633216123361
10.7114087301587,0.861428654214185,1.00915057181905,0.244845479672461,46.2638346429721
10.7115079365079,0.861357538918525,1.00909093954002,0.24472837576877,46.2643476219653
10.7116071428571,0.861286430831859,1.00903130261422,0.244611327953373,46.2648605493251
10.7117063492063,0.861215329952891,1.0089716610464,0.244494336199789,46.265373425061
10.7118055555556,0.861144236280329,1.0089120148413,0.24437740048155,46.2658862491823
10.7119047619048,0.861073149812878,1.00885236400365,0.244260520772194,46.2663990216983
10.712003968254,0.861002070549245,1.00879270853818,0.24414369704527,46.2669117426186
10.7121031746032,0.860930998488138,1.00873304844963,0.244026929274336,46.2674244119525
10.7122023809524,0.860859933628266,1.00867338374273,0.243910217432962,46.2679370297094
10.7123015873016,0.860788875968338,1.0086137144222,0.243793561494724,46.2684495958986
10.7124007936508,0.860717825507061,1.00855404049277,0.24367696143321,46.2689621105295
10.7125,0.860646782243147,1.00849436195916,0.243560417222015,46.2694745736116
10.7125992063492,0.860575746175304,1.0084346788261,0.243443928834745,46.2699869851542
10.7126984126984,0.860504717302245,1.0083749910983,0.243327496245017,46.2704993451667
10.7127976190476,0.860433695622681,1.00831529878049,0.243211119426453,46.2710116536584
10.7128968253968,0.860362681135323,1.00825560187737,0.243094798352689,46.2715239106387
10.712996031746,0.860291673838883,1.00819590039367,0.242978532997369,46.272036116117
10.7130952380952,0.860220673732076,1.0081361943341,0.242862323334145,46.2725482701026
10.7131944444444,0.860149680813614,1.00807648370336,0.242746169336681,46.273060372605
10.7132936507937,0.860078695082211,1.00801676850616,0.242630070978648,46.2735724236334
10.7133928571429,0.860007716536583,1.00795704874722,0.242514028233728,46.2740844231972
10.7134920634921,0.859936745175443,1.00789732443123,0.242398041075612,46.2745963713058
10.7135912698413,0.859865780997508,1.0078375955629,0.242282109477999,46.2751082679685
10.7136904761905,0.859794824001495,1.00777786214693,0.242166233414603,46.2756201131947
10.7137896825397,0.859723874186119,1.00771812418802,0.242050412859141,46.2761319069937
10.7138888888889,0.859652931550098,1.00765838169086,0.241934647785341,46.2766436493748
10.7139880952381,0.859581996092151,1.00759863466016,0.241818938166944,46.2771553403475
10.7140873015873,0.859511067810994,1.0075388831006,0.241703283977696,46.2776669799209
10.7141865079365,0.859440146705348,1.00747912701687,0.241587685191355,46.2781785681046
10.7142857142857,0.859369232773931,1.00741936641366,0.241472141781688,46.2786901049077
10.7143849206349,0.859298326015464,1.00735960129567,0.241356653722471,46.2792015903397
10.7144841269841,0.859227426428667,1.00729983166757,0.24124122098749,46.2797130244098
10.7145833333333,0.859156534012261,1.00724005753406,0.241125843550541,46.2802244071275
10.7146825396825,0.859085648764968,1.0071802788998,0.241010521385427,46.2807357385019
10.7147817460317,0.859014770685509,1.00712049576949,0.240895254465964,46.2812470185424
10.714880952381,0.858943899772608,1.0070607081478,0.240780042765975,46.2817582472584
10.7149801587302,0.858873036024988,1.0070009160394,0.240664886259293,46.2822694246591
10.7150793650794,0.858802179441371,1.00694111944897,0.240549784919759,46.2827805507539
10.7151785714286,0.858731330020484,1.00688131838118,0.240434738721229,46.2832916255521
10.7152777777778,0.85866048776105,1.0068215128407,0.240319747637562,46.2838026490629
10.715376984127,0.858589652661796,1.0067617028322,0.24020481164263,46.2843136212958
10.7154761904762,0.858518824721446,1.00670188836035,0.240089930710313,46.2848245422599
10.7155753968254,0.858448003938727,1.0066420694298,0.239975104814501,46.2853354119646
10.7156746031746,0.858377190312366,1.00658224604523,0.239860333929094,46.2858462304192
10.7157738095238,0.858306383841091,1.00652241821129,0.239745618028001,46.2863569976329
10.715873015873,0.858235584523629,1.00646258593264,0.23963095708514,46.2868677136151
10.7159722222222,0.85816479235871,1.00640274921394,0.239516351074439,46.2873783783751
10.7160714285714,0.858094007345062,1.00634290805984,0.239401799969835,46.2878889919221
10.7161706349206,0.858023229481415,1.006283062475,0.239287303745275,46.2883995542654
10.7162698412698,0.857952458766499,1.00622321246407,0.239172862374716,46.2889100654143
10.716369047619,0.857881695199045,1.00616335803168,0.239058475832124,46.2894205253781
10.7164682539683,0.857810938777784,1.00610349918251,0.238944144091473,46.289930934166
10.7165674603175,0.857740189501447,1.00604363592117,0.238829867126747,46.2904412917874
10.7166666666667,0.857669447368769,1.00598376825233,0.238715644911943,46.2909515982514
10.7167658730159,0.85759871237848,1.00592389618062,0.238601477421064,46.2914618535674
10.7168650793651,0.857527984529315,1.00586401971068,0.238487364628122,46.2919720577447
10.7169642857143,0.857457263820008,1.00580413884715,0.23837330650714,46.2924822107924
10.7170634920635,0.857386550249293,1.00574425359467,0.23825930303215,46.2929923127198
10.7171626984127,0.857315843815904,1.00568436395786,0.238145354177194,46.2935023635363
10.7172619047619,0.857245144518578,1.00562446994136,0.238031459916324,46.294012363251
10.7173611111111,0.857174452356051,1.0055645715498,0.237917620223598,46.2945223118733
10.7174603174603,0.85710376732706,1.00550466878781,0.237803835073088,46.2950322094123
10.7175595238095,0.85703308943034,1.00544476166001,0.237690104438873,46.2955420558773
10.7176587301587,0.856962418664631,1.00538485017103,0.237576428295042,46.2960518512775
10.7177579365079,0.856891755028671,1.00532493432548,0.237462806615694,46.2965615956222
10.7178571428571,0.856821098521197,1.005265014128,0.237349239374935,46.2970712889207
10.7179563492063,0.856750449140951,1.00520508958319,0.237235726546884,46.2975809311821
10.7180555555556,0.856679806886669,1.00514516069568,0.237122268105666,46.2980905224158
10.7181547619048,0.856609171757096,1.00508522747007,0.23700886402542,46.2986000626308
10.718253968254,0.85653854375097,1.00502528991099,0.236895514280291,46.2991095518365
10.7183531746032,0.856467922867033,1.00496534802303,0.236782218844433,46.2996189900421
10.7184523809524,0.856397309104028,1.00490540181082,0.236668977692012,46.3001283772568
10.7185515873016,0.856326702460696,1.00484545127895,0.236555790797202,46.3006377134898
10.7186507936508,0.856256102935782,1.00478549643203,0.236442658134186,46.3011469987504
10.71875,0.856185510528027,1.00472553727467,0.236329579677158,46.3016562330477
10.7188492063492,0.856114925236178,1.00466557381147,0.23621655540032,46.302165416391
10.7189484126984,0.856044347058978,1.00460560604701,0.236103585277885,46.3026745487894
10.7190476190476,0.855973775995172,1.00454563398591,0.235990669284073,46.3031836302523
10.7191468253968,0.855903212043507,1.00448565763276,0.235877807393116,46.3036926607888
10.719246031746,0.855832655202729,1.00442567699214,0.235764999579255,46.304201640408
10.7193452380952,0.855762105471584,1.00436569206866,0.235652245816739,46.3047105691192
10.7194444444444,0.85569156284882,1.0043057028669,0.235539546079828,46.3052194469317
10.7195436507937,0.855621027333184,1.00424570939144,0.235426900342789,46.3057282738545
10.7196428571429,0.855550498923426,1.00418571164688,0.235314308579904,46.3062370498969
10.7197420634921,0.855479977618295,1.0041257096378,0.235201770765459,46.3067457750681
10.7198412698413,0.855409463416539,1.00406570336878,0.235089286873752,46.3072544493772
10.7199404761905,0.855338956316909,1.00400569284439,0.234976856879089,46.3077630728334
10.7200396825397,0.855268456318156,1.00394567806922,0.234864480755787,46.308271645446
10.7201388888889,0.855197963419031,1.00388565904785,0.234752158478171,46.3087801672241
10.7202380952381,0.855127477618284,1.00382563578484,0.234639890020577,46.3092886381768
10.7203373015873,0.85505699891467,1.00376560828477,0.234527675357349,46.3097970583134
10.7204365079365,0.85498652730694,1.00370557655221,0.234415514462842,46.310305427643
10.7205357142857,0.854916062793847,1.00364554059173,0.234303407311419,46.3108137461748
10.7206349206349,0.854845605374146,1.0035855004079,0.234191353877454,46.311322013918
10.7207341269841,0.854775155046591,1.00352545600527,0.234079354135329,46.3118302308817
10.7208333333333,0.854704711809937,1.00346540738841,0.233967408059435,46.312338397075
10.7209325396825,0.854634275662939,1.00340535456189,0.233855515624176,46.3128465125072
10.7210317460317,0.854563846604352,1.00334529753026,0.233743676803959,46.3133545771874
10.721130952381,0.854493424632935,1.00328523629807,0.233631891573209,46.3138625911247
10.7212301587302,0.854423009747444,1.00322517086989,0.233520159906355,46.3143705543283
10.7213293650794,0.854352601946636,1.00316510125026,0.233408481777835,46.3148784668074
10.7214285714286,0.85428220122927,1.00310502744374,0.233296857162099,46.315386328571
10.7215277777778,0.854211807594104,1.00304494945487,0.233185286033604,46.3158941396284
10.721626984127,0.854141421039897,1.00298486728821,0.23307376836682,46.3164018999886
10.7217261904762,0.85407104156541,1.00292478094829,0.232962304136223,46.3169096096608
10.7218253968254,0.854000669169402,1.00286469043967,0.232850893316299,46.3174172686542
10.7219246031746,0.853930303850634,1.00280459576688,0.232739535881547,46.3179248769779
10.7220238095238,0.853859945607868,1.00274449693446,0.23262823180647,46.3184324346409
10.722123015873,0.853789594439866,1.00268439394695,0.232516981065584,46.3189399416525
10.7222222222222,0.85371925034539,1.00262428680889,0.232405783633415,46.3194473980218
10.7223214285714,0.853648913323202,1.0025641755248,0.232294639484495,46.3199548037578
10.7224206349206,0.853578583372067,1.00250406009923,0.23218354859337,46.3204621588697
10.7225198412698,0.853508260490748,1.0024439405367,0.23207251093459,46.3209694633666
10.722619047619,0.853437944678011,1.00238381684174,0.231961526482721,46.3214767172576
10.7227182539683,0.85336763593262,1.00232368901887,0.231850595212333,46.3219839205519
10.7228174603175,0.853297334253342,1.00226355707263,0.231739717098009,46.3224910732585
10.7229166666667,0.853227039638941,1.00220342100752,0.23162889211434,46.3229981753866
10.7230158730159,0.853156752088185,1.00214328082808,0.231518120235925,46.3235052269452
10.7231150793651,0.853086471599841,1.00208313653882,0.231407401437374,46.3240122279435
10.7232142857143,0.853016198172678,1.00202298814426,0.231296735693308,46.3245191783905
10.7233134920635,0.852945931805462,1.0019628356489,0.231186122978355,46.3250260782954
10.7234126984127,0.852875672496964,1.00190267905727,0.231075563267153,46.3255329276672
10.7235119047619,0.852805420245953,1.00184251837388,0.23096505653435,46.3260397265151
10.7236111111111,0.852735175051198,1.00178235360323,0.230854602754605,46.326546474848
10.7237103174603,0.85266493691147,1.00172218474983,0.230744201902582,46.3270531726752
10.7238095238095,0.85259470582554,1.00166201181819,0.230633853952959,46.3275598200057
10.7239087301587,0.85252448179218,1.00160183481281,0.230523558880422,46.3280664168485
10.7240079365079,0.852454264810161,1.00154165373818,0.230413316659664,46.3285729632128
10.7241071428571,0.852384054878258,1.00148146859882,0.230303127265393,46.3290794591076
10.7242063492063,0.852313851995242,1.00142127939921,0.230192990672321,46.329585904542
10.7243055555556,0.852243656159887,1.00136108614385,0.230082906855173,46.330092299525
10.7244047619048,0.852173467370968,1.00130088883724,0.229972875788681,46.3305986440658
10.724503968254,0.85210328562726,1.00124068748386,0.229862897447587,46.3311049381733
10.7246031746032,0.852033110927537,1.00118048208822,0.229752971806645,46.3316111818568
10.7247023809524,0.851962943270576,1.00112027265478,0.229643098840615,46.3321173751251
10.7248015873016,0.851892782655154,1.00106005918805,0.229533278524269,46.3326235179874
10.7249007936508,0.851822629080046,1.0009998416925,0.229423510832387,46.3331296104527
10.725,0.851752482544031,1.00093962017261,0.229313795739758,46.3336356525301
10.7250992063492,0.851682343045886,1.00087939463288,0.229204133221183,46.3341416442287
10.7251984126984,0.851612210584391,1.00081916507776,0.229094523251471,46.3346475855574
10.7252976190476,0.851542085158324,1.00075893151175,0.228984965805439,46.3351534765253
10.7253968253968,0.851471966766465,1.0006986939393,0.228875460857915,46.3356593171414
10.725496031746,0.851401855407593,1.00063845236491,0.228766008383736,46.3361651074149
10.7255952380952,0.85133175108049,1.00057820679303,0.22865660835775,46.3366708473547
10.7256944444444,0.851261653783938,1.00051795722814,0.228547260754814,46.3371765369699
10.7257936507937,0.851191563516717,1.0004577036747,0.228437965549792,46.3376821762694
10.7258928571429,0.851121480277611,1.00039744613718,0.22832872271756,46.3381877652624
10.7259920634921,0.851051404065402,1.00033718462004,0.228219532233003,46.3386933039578
10.7260912698413,0.850981334878873,1.00027691912773,0.228110394071014,46.3391987923647
10.7261904761905,0.850911272716808,1.00021664966473,0.228001308206498,46.3397042304921
10.7262896825397,0.850841217577992,1.00015637623548,0.227892274614367,46.340209618349
10.7263888888889,0.850771169461211,1.00009609884445,0.227783293269544,46.3407149559444
10.7264880952381,0.850701128365248,1.00003581749608,0.227674364146961,46.3412202432874
10.7265873015873,0.850631094288891,0.999975532194822,0.227565487221559,46.3417254803869
10.7266865079365,0.850561067230927,0.999915242945131,0.22745666246829,46.3422306672519
10.7267857142857,0.850491047190141,0.999854949751453,0.227347889862114,46.3427358038916
10.7268849206349,0.850421034165323,0.999794652618233,0.227239169378001,46.3432408903147
10.7269841269841,0.850351028155259,0.999734351549913,0.227130500990928,46.3437459265305
10.7270833333333,0.850281029158739,0.999674046550937,0.227021884675889,46.3442509125477
10.7271825396825,0.850211037174554,0.999613737625743,0.226913320407879,46.3447558483756
10.7272817460317,0.850141052201491,0.99955342477877,0.226804808161906,46.345260734023
10.727380952381,0.850071074238342,0.999493108014454,0.226696347912989,46.3457655694989
10.7274801587302,0.850001103283897,0.999432787337228,0.226587939636152,46.3462703548123
10.7275793650794,0.849931139336949,0.999372462751523,0.226479583306434,46.3467750899722
10.7276785714286,0.849861182396288,0.999312134261772,0.226371278898879,46.3472797749877
10.7277777777778,0.849791232460708,0.999251801872401,0.226263026388543,46.3477844098675
10.727876984127,0.849721289529002,0.999191465587837,0.22615482575049,46.3482889946208
10.7279761904762,0.849651353599963,0.999131125412504,0.226046676959794,46.3487935292566
10.7280753968254,0.849581424672385,0.999070781350825,0.22593857999154,46.3492980137837
10.7281746031746,0.849511502745063,0.99901043340722,0.22583053482082,46.3498024482111
10.7282738095238,0.849441587816793,0.998950081586107,0.225722541422736,46.3503068325479
10.728373015873,0.84937167988637,0.998889725891904,0.225614599772402,46.350811166803
10.7284722222222,0.849301778952589,0.998829366329025,0.225506709844936,46.3513154509853
10.7285714285714,0.849231885014249,0.998769002901883,0.225398871615473,46.3518196851037
10.7286706349206,0.849161998070147,0.998708635614889,0.225291085059152,46.3523238691674
10.7287698412698,0.849092118119081,0.998648264472452,0.225183350151123,46.3528280031851
10.728869047619,0.849022245159848,0.998587889478979,0.225075666866544,46.3533320871659
10.7289682539683,0.848952379191248,0.998527510638875,0.224968035180586,46.3538361211187
10.7290674603175,0.848882520212081,0.998467127956543,0.224860455068426,46.3543401050525
10.7291666666667,0.848812668221147,0.998406741436385,0.224752926505252,46.3548440389761
10.7292658730159,0.848742823217245,0.9983463510828,0.224645449466261,46.3553479228986
10.7293650793651,0.848672985199178,0.998285956900185,0.224538023926661,46.3558517568288
10.7294642857143,0.848603154165747,0.998225558892937,0.224430649861667,46.3563555407758
10.7295634920635,0.848533330115754,0.998165157065448,0.224323327246505,46.3568592747484
10.7296626984127,0.848463513048003,0.99810475142211,0.22421605605641,46.3573629587555
10.7297619047619,0.848393702961295,0.998044341967314,0.224108836266628,46.3578665928061
10.7298611111111,0.848323899854435,0.997983928705447,0.224001667852411,46.3583701769092
10.7299603174603,0.848254103726227,0.997923511640894,0.223894550789023,46.3588737110735
10.7300595238095,0.848184314575478,0.99786309077804,0.223787485051739,46.3593771953082
10.7301587301587,0.848114532400991,0.997802666121268,0.223680470615841,46.359880629622
10.7302579365079,0.848044757201573,0.997742237674957,0.223573507456619,46.3603840140239
10.7303571428571,0.84797498897603,0.997681805443486,0.223466595549377,46.3608873485227
10.7304563492063,0.84790522772317,0.997621369431231,0.223359734869424,46.3613906331275
10.7305555555556,0.847835473441799,0.997560929642566,0.223252925392082,46.3618938678471
10.7306547619048,0.847765726130727,0.997500486081864,0.22314616709268,46.3623970526904
10.730753968254,0.847695985788761,0.997440038753495,0.223039459946557,46.3629001876663
10.7308531746032,0.847626252414712,0.997379587661829,0.222932803929063,46.3634032727837
10.7309523809524,0.847556526007388,0.997319132811231,0.222826199015556,46.3639063080516
10.7310515873016,0.8474868065656,0.997258674206068,0.222719645181403,46.3644092934787
10.7311507936508,0.847417094088159,0.9971982118507,0.222613142401982,46.364912229074
10.73125,0.847347388573876,0.997137745749491,0.22250669065268,46.3654151148464
10.7313492063492,0.847277690021563,0.997077275906798,0.222400289908892,46.3659179508048
10.7314484126984,0.847207998430031,0.997016802326978,0.222293940146024,46.366420736958
10.7315476190476,0.847138313798096,0.996956325014389,0.222187641339492,46.3669234733149
10.7316468253968,0.847068636124571,0.996895843973381,0.222081393464721,46.3674261598845
10.731746031746,0.846998965408268,0.996835359208308,0.221975196497145,46.3679287966755
10.7318452380952,0.846929301648002,0.996774870723518,0.221869050412206,46.3684313836969
10.7319444444444,0.84685964484259,0.996714378523358,0.221762955185359,46.3689339209574
10.7320436507937,0.846789994990845,0.996653882612175,0.221656910792065,46.3694364084661
10.7321428571429,0.846720352091586,0.996593382994313,0.221550917207797,46.3699388462317
10.7322420634921,0.846650716143627,0.996532879674112,0.221444974408036,46.3704412342631
10.7323412698413,0.846581087145787,0.996472372655913,0.221339082368273,46.3709435725692
10.7324404761905,0.846511465096884,0.996411861944054,0.221233241064009,46.3714458611589
10.7325396825397,0.846441849995735,0.996351347542871,0.221127450470753,46.3719481000409
10.7326388888889,0.84637224184116,0.996290829456698,0.221021710564025,46.3724502892241
10.7327380952381,0.846302640631978,0.996230307689867,0.220916021319353,46.3729524287174
10.7328373015873,0.846233046367009,0.996169782246708,0.220810382712277,46.3734545185297
10.7329365079365,0.846163459045072,0.996109253131549,0.220704794718342,46.3739565586697
10.7330357142857,0.846093878664991,0.996048720348719,0.220599257313108,46.3744585491463
10.7331349206349,0.846024305225586,0.99598818390254,0.220493770472141,46.3749604899684
10.7332341269841,0.845954738725679,0.995927643797336,0.220388334171017,46.3754623811448
10.7333333333333,0.845885179164093,0.995867100037427,0.220282948385322,46.3759642226843
10.7334325396825,0.845815626539651,0.995806552627131,0.22017761309065,46.3764660145957
10.7335317460317,0.845746080851176,0.995746001570766,0.220072328262607,46.3769677568879
10.733630952381,0.845676542097494,0.995685446872647,0.219967093876807,46.3774694495697
10.7337301587302,0.845607010277429,0.995624888537086,0.219861909908873,46.37797109265
10.7338293650794,0.845537485389805,0.995564326568395,0.219756776334437,46.3784726861375
10.7339285714286,0.84546796743345,0.995503760970883,0.219651693129144,46.378974230041
10.7340277777778,0.845398456407189,0.995443191748857,0.219546660268644,46.3794757243694
10.734126984127,0.845328952309849,0.995382618906622,0.2194416777286,46.3799771691316
10.7342261904762,0.845259455140258,0.995322042448481,0.219336745484681,46.3804785643362
10.7343253968254,0.845189964897244,0.995261462378738,0.219231863512569,46.3809799099921
10.7344246031746,0.845120481579634,0.995200878701689,0.219127031787952,46.3814812061082
10.7345238095238,0.84505100518626,0.995140291421634,0.219022250286533,46.3819824526931
10.734623015873,0.84498153571595,0.995079700542868,0.218917518984018,46.3824836497558
10.7347222222222,0.844912073167535,0.995019106069686,0.218812837856125,46.3829847973049
10.7348214285714,0.844842617539844,0.994958508006378,0.218708206878584,46.3834858953494
10.7349206349206,0.84477316883171,0.994897906357235,0.21860362602713,46.383986943898
10.7350198412698,0.844703727041963,0.994837301126545,0.218499095277512,46.3844879429594
10.735119047619,0.844634292169437,0.994776692318594,0.218394614605484,46.3849888925426
10.7352182539683,0.844564864212965,0.994716079937666,0.218290183986812,46.3854897926561
10.7353174603175,0.844495443171378,0.994655463988044,0.218185803397273,46.385990643309
10.7354166666667,0.844426029043513,0.994594844474007,0.218081472812649,46.3864914445098
10.7355158730159,0.844356621828202,0.994534221399835,0.217977192208736,46.3869921962674
10.7356150793651,0.844287221524282,0.994473594769803,0.217872961561337,46.3874928985906
10.7357142857143,0.844217828130587,0.994412964588187,0.217768780846265,46.3879935514881
10.7358134920635,0.844148441645953,0.994352330859259,0.217664650039343,46.3884941549687
10.7359126984127,0.844079062069217,0.994291693587289,0.2175605691164,46.3889947090412
10.7360119047619,0.844009689399218,0.994231052776548,0.217456538053282,46.3894952137143
10.7361111111111,0.843940323634792,0.994170408431301,0.217352556825838,46.3899956689968
10.7362103174603,0.843870964774777,0.994109760555813,0.217248625409928,46.3904960748975
10.7363095238095,0.843801612818012,0.994049109154349,0.217144743781423,46.3909964314251
10.7364087301587,0.843732267763336,0.993988454231168,0.2170409119162,46.3914967385883
10.7365079365079,0.84366292960959,0.99392779579053,0.216937129790151,46.3919969963959
10.7366071428571,0.843593598355614,0.993867133836693,0.216833397379171,46.3924972048567
10.7367063492063,0.843524274000248,0.993806468373912,0.216729714659171,46.3929973639793
10.7368055555556,0.843454956542334,0.99374579940644,0.216626081606065,46.3934974737727
10.7369047619048,0.843385645980715,0.993685126938529,0.216522498195783,46.3939975342453
10.737003968254,0.843316342314231,0.993624450974428,0.216418964404258,46.3944975454062
10.7371031746032,0.843247045541728,0.993563771518386,0.216315480207438,46.3949975072638
10.7372023809524,0.843177755662048,0.993503088574648,0.216212045581277,46.3954974198271
10.7373015873016,0.843108472674035,0.993442402147457,0.216108660501741,46.3959972831046
10.7374007936508,0.843039196576534,0.993381712241056,0.2160053249448,46.3964970971052
10.7375,0.842969927368391,0.993321018859686,0.215902038886443,46.3969968618376
10.7375992063492,0.842900665048451,0.993260322007584,0.21579880230266,46.3974965773104
10.7376984126984,0.84283140961556,0.993199621688985,0.215695615169455,46.3979962435325
10.7377976190476,0.842762161068565,0.993138917908126,0.215592477462838,46.3984958605124
10.7378968253968,0.842692919406315,0.993078210669238,0.215489389158832,46.398995428259
10.737996031746,0.842623684627655,0.993017499976551,0.215386350233467,46.399494946781
10.7380952380952,0.842554456731436,0.992956785834294,0.215283360662784,46.3999944160869
10.7381944444444,0.842485235716505,0.992896068246693,0.215180420422833,46.4004938361857
10.7382936507937,0.842416021581713,0.992835347217974,0.215077529489673,46.4009932070859
10.7383928571429,0.84234681432591,0.992774622752359,0.214974687839373,46.4014925287963
10.7384920634921,0.842277613947946,0.992713894854069,0.21487189544801,46.4019918013255
10.7385912698413,0.842208420446672,0.992653163527322,0.214769152291674,46.4024910246823
10.7386904761905,0.84213923382094,0.992592428776337,0.21466645834646,46.4029901988753
10.7387896825397,0.842070054069602,0.992531690605327,0.214563813588477,46.4034893239133
10.7388888888889,0.84200088119151,0.992470949018505,0.214461217993838,46.4039883998049
10.7389880952381,0.841931715185519,0.992410204020085,0.214358671538671,46.4044874265588
10.7390873015873,0.841862556050482,0.992349455614274,0.214256174199112,46.4049864041837
10.7391865079365,0.841793403785254,0.992288703805281,0.214153725951304,46.4054853326882
10.7392857142857,0.841724258388689,0.99222794859731,0.214051326771401,46.4059842120812
10.7393849206349,0.841655119859642,0.992167189994565,0.213948976635567,46.4064830423711
10.7394841269841,0.841585988196971,0.992106428001247,0.213846675519975,46.4069818235667
10.7395833333333,0.84151686339953,0.992045662621558,0.213744423400808,46.4074805556767
10.7396825396825,0.841447745466178,0.991984893859693,0.213642220254256,46.4079792387097
10.7397817460317,0.841378634395771,0.99192412171985,0.213540066056523,46.4084778726745
10.739880952381,0.841309530187168,0.991863346206222,0.213437960783818,46.4089764575796
10.7399801587302,0.841240432839229,0.991802567323002,0.213335904412362,46.4094749934337
10.7400793650794,0.84117134235081,0.991741785074379,0.213233896918385,46.4099734802454
10.7401785714286,0.841102258720774,0.991680999464541,0.213131938278127,46.4104719180235
10.7402777777778,0.841033181947979,0.991620210497675,0.213030028467835,46.4109703067766
10.740376984127,0.840964112031286,0.991559418177965,0.212928167463767,46.4114686465133
10.7404761904762,0.840895048969558,0.991498622509594,0.212826355242194,46.4119669372423
10.7405753968254,0.840825992761656,0.991437823496742,0.212724591779391,46.4124651789722
10.7406746031746,0.840756943406442,0.991377021143589,0.212622877051645,46.4129633717116
10.7407738095238,0.840687900902779,0.99131621545431,0.212521211035252,46.4134615154693
10.740873015873,0.840618865249531,0.99125540643308,0.212419593706518,46.4139596102537
10.7409722222222,0.840549836445562,0.991194594084072,0.212318025041757,46.4144576560737
10.7410714285714,0.840480814489736,0.991133778411458,0.212216505017295,46.4149556529377
10.7411706349206,0.840411799380919,0.991072959419406,0.212115033609466,46.4154536008545
10.7412698412698,0.840342791117976,0.991012137112083,0.212013610794612,46.4159514998326
10.741369047619,0.840273789699773,0.990951311493654,0.211912236549087,46.4164493498806
10.7414682539683,0.840204795125177,0.990890482568283,0.211810910849254,46.4169471510073
10.7415674603175,0.840135807393055,0.990829650340131,0.211709633671484,46.4174449032211
10.7416666666667,0.840066826502276,0.990768814813358,0.211608404992159,46.4179426065308
10.7417658730159,0.839997852451707,0.99070797599212,0.21150722478767,46.4184402609449
10.7418650793651,0.839928885240216,0.990647133880573,0.211406093034415,46.4189378664721
10.7419642857143,0.839859924866675,0.990586288482872,0.211305009708808,46.4194354231209
10.7420634920635,0.839790971329953,0.990525439803169,0.211203974787266,46.4199329309
10.7421626984127,0.83972202462892,0.990464587845611,0.211102988246218,46.4204303898179
10.7422619047619,0.839653084762447,0.990403732614349,0.211002050062102,46.4209277998832
10.7423611111111,0.839584151729406,0.990342874113527,0.210901160211366,46.4214251611047
10.7424603174603,0.839515225528669,0.990282012347289,0.210800318670467,46.4219224734907
10.7425595238095,0.839446306159108,0.990221147319779,0.210699525415872,46.42241973705
10.7426587301587,0.839377393619597,0.990160279035135,0.210598780424057,46.4229169517912
10.7427579365079,0.839308487909009,0.990099407497497,0.210498083671508,46.4234141177227
10.7428571428571,0.839239589026219,0.990038532711001,0.210397435134719,46.4239112348533
10.7429563492063,0.839170696970102,0.98997765467978,0.210296834790196,46.4244083031914
10.7430555555556,0.839101811739532,0.989916773407969,0.210196282614452,46.4249053227457
10.7431547619048,0.839032933333385,0.989855888899696,0.210095778584011,46.4254022935246
10.743253968254,0.838964061750539,0.989795001159092,0.209995322675405,46.425899215537
10.7433531746032,0.838895196989869,0.989734110190282,0.209894914865177,46.4263960887911
10.7434523809524,0.838826339050254,0.989673215997392,0.20979455512988,46.4268929132958
10.7435515873016,0.838757487930571,0.989612318584545,0.209694243446075,46.4273896890594
10.7436507936508,0.8386886436297,0.989551417955861,0.209593979790332,46.4278864160906
10.74375,0.838619806146519,0.98949051411546,0.209493764139232,46.4283830943979
10.7438492063492,0.838550975479907,0.989429607067459,0.209393596469364,46.42887972399
10.7439484126984,0.838482151628745,0.989368696815974,0.209293476757329,46.4293763048752
10.7440476190476,0.838413334591914,0.989307783365116,0.209193404979734,46.4298728370623
10.7441468253968,0.838344524368294,0.989246866718999,0.209093381113198,46.4303693205597
10.744246031746,0.838275720956769,0.989185946881731,0.208993405134349,46.430865755376
10.7443452380952,0.838206924356219,0.98912502385742,0.208893477019824,46.4313621415197
10.7444444444444,0.838138134565527,0.989064097650172,0.208793596746269,46.4318584789994
10.7445436507937,0.838069351583578,0.989003168264091,0.208693764290341,46.4323547678237
10.7446428571429,0.838000575409255,0.988942235703277,0.208593979628705,46.4328510080009
10.7447420634921,0.837931806041443,0.988881299971832,0.208494242738036,46.4333471995398
10.7448412698413,0.837863043479025,0.988820361073852,0.208394553595018,46.4338433424488
10.7449404761905,0.837794287720889,0.988759419013435,0.208294912176347,46.4343394367365
10.7450396825397,0.837725538765921,0.988698473794674,0.208195318458726,46.4348354824113
10.7451388888889,0.837656796613006,0.988637525421662,0.208095772418867,46.4353314794818
10.7452380952381,0.837588061261032,0.988576573898489,0.207996274033492,46.4358274279566
10.7453373015873,0.837519332708886,0.988515619229244,0.207896823279335,46.4363233278441
10.7454365079365,0.837450610955458,0.988454661418012,0.207797420133136,46.4368191791528
10.7455357142857,0.837381895999635,0.988393700468878,0.207698064571645,46.4373149818913
10.7456349206349,0.837313187840307,0.988332736385925,0.207598756571624,46.4378107360681
10.7457341269841,0.837244486476363,0.988271769173234,0.207499496109842,46.4383064416917
10.7458333333333,0.837175791906695,0.988210798834883,0.207400283163079,46.4388020987706
10.7459325396825,0.837107104130193,0.988149825374949,0.207301117708123,46.4392977073133
10.7460317460317,0.837038423145748,0.988088848797508,0.207201999721772,46.4397932673283
10.746130952381,0.836969748952253,0.988027869106632,0.207102929180834,46.440288778824
10.7462301587302,0.8369010815486,0.987966886306392,0.207003906062126,46.4407842418091
10.7463293650794,0.836832420933681,0.987905900400857,0.206904930342474,46.4412796562919
10.7464285714286,0.836763767106391,0.987844911394096,0.206806001998717,46.4417750222811
10.7465277777778,0.836695120065625,0.987783919290173,0.206707121007698,46.4422703397849
10.746626984127,0.836626479810276,0.987722924093151,0.206608287346273,46.4427656088121
10.7467261904762,0.836557846339239,0.987661925807093,0.206509500991306,46.4432608293709
10.7468253968254,0.836489219651411,0.987600924436057,0.206410761919671,46.44375600147
10.7469246031746,0.836420599745688,0.987539919984101,0.206312070108252,46.4442511251177
10.7470238095238,0.836351986620966,0.987478912455282,0.206213425533942,46.4447462003226
10.747123015873,0.836283380276143,0.987417901853653,0.206114828173642,46.4452412270932
10.7472222222222,0.836214780710117,0.987356888183265,0.206016278004266,46.4457362054378
10.7473214285714,0.836146187921787,0.987295871448169,0.205917775002735,46.446231135365
10.7474206349206,0.836077601910051,0.987234851652414,0.205819319145978,46.4467260168832
10.7475198412698,0.836009022673808,0.987173828800044,0.205720910410937,46.4472208500009
10.747619047619,0.835940450211959,0.987112802895104,0.205622548774562,46.4477156347266
10.7477182539683,0.835871884523405,0.987051773941638,0.205524234213811,46.4482103710687
10.7478174603175,0.835803325607045,0.986990741943683,0.205425966705652,46.4487050590356
10.7479166666667,0.835734773461784,0.98692970690528,0.205327746227066,46.4491996986359
10.7480158730159,0.835666228086522,0.986868668830466,0.20522957275504,46.4496942898779
10.7481150793651,0.835597689480162,0.986807627723274,0.20513144626657,46.4501888327701
10.7482142857143,0.835529157641607,0.986746583587738,0.205033366738663,46.450683327321
10.7483134920635,0.835460632569762,0.986685536427888,0.204935334148335,46.451177773539
10.7484126984127,0.83539211426353,0.986624486247753,0.204837348472612,46.4516721714324
10.7485119047619,0.835323602721817,0.986563433051359,0.204739409688529,46.4521665210099
10.7486111111111,0.835255097943528,0.986502376842733,0.20464151777313,46.4526608222797
10.7487103174603,0.835186599927569,0.986441317625897,0.204543672703469,46.4531550752504
10.7488095238095,0.835118108672846,0.986380255404872,0.204445874456611,46.4536492799303
10.7489087301587,0.835049624178266,0.986319190183678,0.204348123009627,46.4541434363279
10.7490079365079,0.834981146442738,0.986258121966332,0.2042504183396,46.4546375444516
10.7491071428571,0.834912675465169,0.986197050756849,0.204152760423622,46.4551316043099
10.7492063492063,0.834844211244467,0.986135976559243,0.204055149238795,46.455625615911
10.7493055555556,0.834775753779542,0.986074899377525,0.203957584762228,46.4561195792636
10.7494047619048,0.834707303069304,0.986013819215706,0.203860066971044,46.4566134943758
10.749503968254,0.834638859112663,0.985952736077792,0.203762595842371,46.4571073612563
10.7496031746032,0.83457042190853,0.985891649967791,0.203665171353348,46.4576011799133
10.7497023809524,0.834501991455816,0.985830560889705,0.203567793481125,46.4580949503553
10.7498015873016,0.834433567753433,0.985769468847536,0.20347046220286,46.4585886725908
10.7499007936508,0.834365150800294,0.985708373845286,0.20337317749572,46.459082346628
10.75,0.834296740595311,0.985647275886951,0.203275939336882,46.4595759724753
10.7500992063492,0.834228337137398,0.985586174976529,0.203178747703533,46.4600695501413
10.7501984126984,0.834159940425468,0.985525071118013,0.20308160257287,46.4605630796342
10.7502976190476,0.834091550458437,0.985463964315396,0.202984503922096,46.4610565609625
10.7503968253968,0.83402316723522,0.985402854572668,0.202887451728429,46.4615499941345
10.750496031746,0.833954790754732,0.985341741893818,0.202790445969092,46.4620433791587
10.7505952380952,0.83388642101589,0.985280626282833,0.202693486621319,46.4625367160433
10.7506944444444,0.833818058017609,0.985219507743696,0.202596573662354,46.4630300047968
10.7507936507937,0.833749701758807,0.985158386280391,0.202499707069448,46.4635232454277
10.7508928571429,0.833681352238403,0.9850972618969,0.202402886819866,46.4640164379441
10.7509920634921,0.833613009455314,0.985036134597201,0.20230611289088,46.4645095823545
10.7510912698413,0.83354467340846,0.98497500438527,0.202209385259769,46.4650026786673
10.7511904761905,0.83347634409676,0.984913871265084,0.202112703903826,46.4654957268909
10.7512896825397,0.833408021519133,0.984852735240615,0.202016068800349,46.4659887270335
10.7513888888889,0.833339705674501,0.984791596315834,0.20191947992665,46.4664816791036
10.7514880952381,0.833271396561784,0.984730454494711,0.201822937260048,46.4669745831095
10.7515873015873,0.833203094179903,0.984669309781214,0.20172644077787,46.4674674390596
10.7516865079365,0.833134798527782,0.984608162179307,0.201629990457456,46.4679602469622
10.7517857142857,0.833066509604341,0.984547011692955,0.201533586276152,46.4684530068257
10.7518849206349,0.832998227408506,0.984485858326119,0.201437228211317,46.4689457186585
10.7519841269841,0.832929951939199,0.984424702082759,0.201340916240316,46.4694383824687
10.7520833333333,0.832861683195344,0.984363542966832,0.201244650340526,46.4699309982649
10.7521825396825,0.832793421175867,0.984302380982295,0.201148430489333,46.4704235660553
10.7522817460317,0.832725165879692,0.984241216133101,0.201052256664129,46.4709160858484
10.752380952381,0.832656917305746,0.984180048423204,0.200956128842323,46.4714085576523
10.7524801587302,0.832588675452955,0.984118877856552,0.200860047001326,46.4719009814755
10.7525793650794,0.832520440320246,0.984057704437095,0.200764011118562,46.4723933573262
10.7526785714286,0.832452211906547,0.983996528168778,0.200668021171465,46.4728856852129
10.7527777777778,0.832383990210784,0.983935349055546,0.200572077137476,46.4733779651438
10.752876984127,0.832315775231888,0.983874167101341,0.200476178994048,46.4738701971272
10.7529761904762,0.832247566968786,0.983812982310104,0.200380326718641,46.4743623811715
10.7530753968254,0.83217936542041,0.983751794685773,0.200284520288728,46.474854517285
10.7531746031746,0.832111170585688,0.983690604232286,0.200188759681786,46.475346605476
10.7532738095238,0.832042982463551,0.983629410953577,0.200093044875308,46.4758386457528
10.753373015873,0.831974801052931,0.983568214853579,0.199997375846791,46.4763306381237
10.7534722222222,0.83190662635276,0.983507015936223,0.199901752573745,46.476822582597
10.7535714285714,0.831838458361969,0.983445814205438,0.199806175033688,46.4773144791811
10.7536706349206,0.831770297079492,0.98338460966515,0.199710643204147,46.4778063278841
10.7537698412698,0.831702142504261,0.983323402319286,0.199615157062658,46.4782981287145
10.753869047619,0.831633994635212,0.983262192171768,0.19951971658677,46.4787898816805
10.7539682539683,0.831565853471278,0.983200979226519,0.199424321754039,46.4792815867904
10.7540674603175,0.831497719011395,0.983139763487457,0.199328972542029,46.4797732440526
10.7541666666667,0.831429591254497,0.9830785449585,0.199233668928316,46.4802648534752
10.7542658730159,0.831361470199522,0.983017323643563,0.199138410890485,46.4807564150665
10.7543650793651,0.831293355845405,0.982956099546561,0.199043198406128,46.481247928835
10.7544642857143,0.831225248191084,0.982894872671405,0.19894803145285,46.4817393947887
10.7545634920635,0.831157147235496,0.982833643022004,0.198852910008263,46.4822308129361
10.7546626984127,0.83108905297758,0.982772410602267,0.198757834049991,46.4827221832853
10.7547619047619,0.831020965416274,0.9827111754161,0.198662803555664,46.4832135058447
10.7548611111111,0.830952884550517,0.982649937467407,0.198567818502924,46.4837047806225
10.7549603174603,0.830884810379251,0.98258869676009,0.198472878869422,46.4841960076271
10.7550595238095,0.830816742901414,0.982527453298049,0.198377984632818,46.4846871868665
10.7551587301587,0.830748682115948,0.982466207085183,0.198283135770782,46.4851783183492
10.7552579365079,0.830680628021793,0.982404958125386,0.198188332260991,46.4856694020834
10.7553571428571,0.830612580617894,0.982343706422556,0.198093574081138,46.4861604380773
10.7554563492063,0.830544539903191,0.982282451980585,0.197998861208918,46.4866514263391
10.7555555555556,0.830476505876628,0.982221194803361,0.197904193622041,46.4871423668772
10.7556547619048,0.830408478537148,0.982159934894776,0.197809571298221,46.4876332596998
10.755753968254,0.830340457883696,0.982098672258714,0.197714994215188,46.4881241048151
10.7558531746032,0.830272443915216,0.982037406899062,0.197620462350675,46.4886149022314
10.7559523809524,0.830204436630653,0.981976138819702,0.197525975682429,46.4891056519569
10.7560515873016,0.830136436028954,0.981914868024515,0.197431534188205,46.4895963539999
10.7561507936508,0.830068442109064,0.98185359451738,0.197337137845768,46.4900870083685
10.75625,0.83000045486993,0.981792318302174,0.19724278663289,46.4905776150711
10.7563492063492,0.8299324743105,0.981731039382774,0.197148480527356,46.4910681741158
10.7564484126984,0.829864500429721,0.981669757763051,0.197054219506959,46.4915586855108
10.7565476190476,0.829796533226542,0.981608473446879,0.196960003549501,46.4920491492645
10.7566468253968,0.829728572699913,0.981547186438125,0.196865832632793,46.492539565385
10.756746031746,0.82966061884878,0.981485896740657,0.196771706734657,46.4930299338805
10.7568452380952,0.829592671672097,0.981424604358343,0.196677625832924,46.4935202547593
10.7569444444444,0.829524731168813,0.981363309295044,0.196583589905435,46.4940105280296
10.7570436507937,0.829456797337879,0.981302011554624,0.196489598930038,46.4945007536996
10.7571428571429,0.829388870178248,0.981240711140942,0.196395652884593,46.4949909317774
10.7572420634921,0.82932094968887,0.981179408057856,0.196301751746969,46.4954810622714
10.7573412698413,0.829253035868698,0.981118102309221,0.196207895495044,46.4959711451896
10.7574404761905,0.829185128716687,0.981056793898894,0.196114084106706,46.4964611805404
10.7575396825397,0.82911722823179,0.980995482830724,0.196020317559851,46.4969511683319
10.7576388888889,0.829049334412961,0.980934169108564,0.195926595832386,46.4974411085722
10.7577380952381,0.828981447259155,0.980872852736261,0.195832918902228,46.4979310012697
10.7578373015873,0.828913566769327,0.980811533717661,0.195739286747301,46.4984208464325
10.7579365079365,0.828845692942434,0.98075021205661,0.195645699345541,46.4989106440687
10.7580357142857,0.828777825777432,0.98068888775695,0.195552156674892,46.4994003941866
10.7581349206349,0.828709965273278,0.980627560822522,0.195458658713308,46.4998900967943
10.7582341269841,0.828642111428928,0.980566231257163,0.195365205438751,46.5003797519001
10.7583333333333,0.828574264243343,0.980504899064713,0.195271796829197,46.5008693595121
10.7584325396825,0.82850642371548,0.980443564249005,0.195178432862627,46.5013589196384
10.7585317460317,0.828438589844299,0.980382226813872,0.195085113517032,46.5018484322873
10.758630952381,0.828370762628759,0.980320886763146,0.194991838770414,46.5023378974669
10.7587301587302,0.828302942067821,0.980259544100656,0.194898608600784,46.5028273151855
10.7588293650794,0.828235128160444,0.980198198830229,0.194805422986162,46.503316685451
10.7589285714286,0.828167320905592,0.980136850955691,0.194712281904577,46.5038060082718
10.7590277777778,0.828099520302225,0.980075500480865,0.194619185334069,46.504295283656
10.759126984127,0.828031726349305,0.980014147409572,0.194526133252686,46.5047845116117
10.7592261904762,0.827963939045797,0.979952791745632,0.194433125638487,46.505273692147
10.7593253968254,0.827896158390663,0.979891433492863,0.194340162469539,46.5057628252703
10.7594246031746,0.827828384382867,0.97983007265508,0.19424724372392,46.5062519109895
10.7595238095238,0.827760617021374,0.979768709236098,0.194154369379715,46.5067409493128
10.759623015873,0.827692856305149,0.979707343239729,0.194061539415021,46.5072299402485
10.7597222222222,0.827625102233157,0.979645974669781,0.193968753807943,46.5077188838045
10.7598214285714,0.827557354804366,0.979584603530064,0.193876012536596,46.5082077799892
10.7599206349206,0.827489614017741,0.979523229824384,0.193783315579106,46.5086966288105
10.7600198412698,0.827421879872249,0.979461853556545,0.193690662913605,46.5091854302766
10.760119047619,0.82735415236686,0.979400474730349,0.193598054518237,46.5096741843958
10.7602182539683,0.82728643150054,0.979339093349597,0.193505490371156,46.510162891176
10.7603174603175,0.827218717272259,0.979277709418087,0.193412970450522,46.5106515506254
10.7604166666667,0.827151009680986,0.979216322939616,0.193320494734509,46.5111401627522
10.7605158730159,0.827083308725691,0.979154933917978,0.193228063201297,46.5116287275644
10.7606150793651,0.827015614405345,0.979093542356966,0.193135675829077,46.5121172450702
10.7607142857143,0.826947926718918,0.979032148260372,0.19304333259605,46.5126057152778
10.7608134920635,0.826880245665383,0.978970751631983,0.192951033480424,46.5130941381951
10.7609126984127,0.82681257124371,0.978909352475588,0.19285877846042,46.5135825138304
10.7610119047619,0.826744903452874,0.97884795079497,0.192766567514266,46.5140708421916
10.7611111111111,0.826677242291846,0.978786546593913,0.1926744006202,46.514559123287
10.7612103174603,0.8266095877596,0.978725139876198,0.192582277756468,46.5150473571247
10.7613095238095,0.826541939855112,0.978663730645605,0.19249019890133,46.5155355437127
10.7614087301587,0.826474298577356,0.978602318905911,0.192398164033052,46.5160236830591
10.7615079365079,0.826406663925306,0.978540904660892,0.192306173129908,46.5165117751721
10.7616071428571,0.82633903589794,0.97847948791432,0.192214226170186,46.5169998200597
10.7617063492063,0.826271414494233,0.978418068669969,0.192122323132179,46.51748781773
10.7618055555556,0.826203799713162,0.978356646931606,0.192030463994192,46.517975768191
10.7619047619048,0.826136191553704,0.978295222703001,0.191938648734539,46.518463671451
10.762003968254,0.826068590014838,0.978233795987918,0.191846877331544,46.518951527518
10.7621031746032,0.826000995095542,0.978172366790123,0.191755149763539,46.5194393363999
10.7622023809524,0.825933406794796,0.978110935113377,0.191663466008866,46.5199270981051
10.7623015873016,0.825865825111578,0.978049500961439,0.191571826045878,46.5204148126413
10.7624007936508,0.825798250044869,0.977988064338069,0.191480229852936,46.5209024800169
10.7625,0.82573068159365,0.977926625247022,0.19138867740841,46.5213901002398
10.7625992063492,0.825663119756902,0.977865183692053,0.19129716869068,46.5218776733181
10.7626984126984,0.825595564533606,0.977803739676914,0.191205703678136,46.5223651992599
10.7627976190476,0.825528015922745,0.977742293205356,0.191114282349178,46.5228526780732
10.7628968253968,0.825460473923302,0.977680844281127,0.191022904682215,46.5233401097661
10.762996031746,0.825392938534261,0.977619392907975,0.190931570655664,46.5238274943466
10.7630952380952,0.825325409754604,0.977557939089643,0.190840280247952,46.5243148318229
10.7631944444444,0.825257887583317,0.977496482829875,0.190749033437518,46.5248021222028
10.7632936507937,0.825190372019385,0.977435024132411,0.190657830202807,46.5252893654946
10.7633928571429,0.825122863061792,0.977373563000991,0.190566670522275,46.5257765617062
10.7634920634921,0.825055360709526,0.977312099439352,0.190475554374388,46.5262637108457
10.7635912698413,0.824987864961573,0.977250633451228,0.190384481737621,46.5267508129211
10.7636904761905,0.824920375816919,0.977189165040353,0.190293452590458,46.5272378679405
10.7637896825397,0.824852893274553,0.977127694210458,0.190202466911393,46.5277248759118
10.7638888888889,0.824785417333462,0.977066220965273,0.19011152467893,46.5282118368432
10.7639880952381,0.824717947992636,0.977004745308525,0.190020625871581,46.5286987507427
10.7640873015873,0.824650485251064,0.97694326724394,0.189929770467869,46.5291856176182
10.7641865079365,0.824583029107735,0.97688178677524,0.189838958446324,46.5296724374779
10.7642857142857,0.82451557956164,0.976820303906148,0.18974818978549,46.5301592103296
10.7643849206349,0.82444813661177,0.976758818640385,0.189657464463916,46.5306459361816
10.7644841269841,0.824380700257116,0.976697330981667,0.189566782460163,46.5311326150417
10.7645833333333,0.824313270496671,0.976635840933711,0.1894761437528,46.5316192469179
10.7646825396825,0.824245847329427,0.976574348500231,0.189385548320407,46.5321058318184
10.7647817460317,0.824178430754376,0.976512853684938,0.189294996141572,46.5325923697511
10.764880952381,0.824111020770513,0.976451356491543,0.189204487194893,46.533078860724
10.7649801587302,0.824043617376831,0.976389856923754,0.189114021458978,46.5335653047451
10.7650793650794,0.823976220572326,0.976328354985278,0.189023598912443,46.5340517018224
10.7651785714286,0.823908830355992,0.976266850679819,0.188933219533916,46.534538051964
10.7652777777778,0.823841446726825,0.976205344011079,0.188842883302033,46.5350243551777
10.765376984127,0.823774069683821,0.97614383498276,0.188752590195437,46.5355106114717
10.7654761904762,0.823706699225978,0.976082323598559,0.188662340192786,46.5359968208538
10.7655753968254,0.823639335352293,0.976020809862173,0.188572133272743,46.5364829833321
10.7656746031746,0.823571978061762,0.975959293777298,0.18848196941398,46.5369690989147
10.7657738095238,0.823504627353385,0.975897775347626,0.188391848595184,46.5374551676093
10.765873015873,0.823437283226162,0.975836254576848,0.188301770795046,46.5379411894241
10.7659722222222,0.823369945679091,0.975774731468654,0.188211735992269,46.538427164367
10.7660714285714,0.823302614711172,0.97571320602673,0.188121744165564,46.538913092446
10.7661706349206,0.823235290321407,0.975651678254762,0.188031795293652,46.539398973669
10.7662698412698,0.823167972508795,0.975590148156433,0.187941889355265,46.5398848080441
10.766369047619,0.82310066127234,0.975528615735424,0.187852026329142,46.5403705955791
10.7664682539683,0.823033356611042,0.975467080995415,0.187762206194033,46.5408563362822
10.7665674603175,0.822966058523905,0.975405543940084,0.187672428928697,46.5413420301611
10.7666666666667,0.822898767009932,0.975344004573105,0.187582694511903,46.541827677224
10.7667658730159,0.822831482068126,0.975282462898154,0.187493002922429,46.5423132774786
10.7668650793651,0.822764203697493,0.975220918918901,0.187403354139062,46.5427988309331
10.7669642857143,0.822696931897037,0.975159372639016,0.1873137481406,46.5432843375953
10.7670634920635,0.822629666665763,0.975097824062168,0.187224184905849,46.5437697974733
10.7671626984127,0.822562408002676,0.975036273192021,0.187134664413623,46.5442552105748
10.7672619047619,0.822495155906785,0.974974720032242,0.187045186642751,46.544740576908
10.7673611111111,0.822427910377096,0.974913164586492,0.186955751572067,46.5452258964807
10.7674603174603,0.822360671412616,0.97485160685843,0.186866359180414,46.5457111693008
10.7675595238095,0.822293439012354,0.974790046851716,0.186777009446647,46.5461963953763
10.7676587301587,0.822226213175318,0.974728484570006,0.186687702349628,46.5466815747152
10.7677579365079,0.822158993900518,0.974666920016954,0.186598437868232,46.5471667073254
10.7678571428571,0.822091781186962,0.974605353196213,0.186509215981339,46.5476517932148
10.7679563492063,0.822024575033662,0.974543784111434,0.186420036667842,46.5481368323912
10.7680555555556,0.821957375439627,0.974482212766265,0.186330899906642,46.5486218248628
10.7681547619048,0.821890182403871,0.974420639164353,0.18624180567665,46.5491067706373
10.768253968254,0.821822995925403,0.974359063309344,0.186152753956786,46.5495916697226
10.7683531746032,0.821755816003237,0.974297485204879,0.186063744725979,46.5500765221268
10.7684523809524,0.821688642636386,0.974235904854601,0.185974777963169,46.5505613278577
10.7685515873016,0.821621475823862,0.974174322262148,0.185885853647304,46.5510460869233
10.7686507936508,0.821554315564681,0.974112737431156,0.185796971757342,46.5515307993313
10.76875,0.821487161857856,0.974051150365264,0.185708132272251,46.5520154650898
10.7688492063492,0.821420014702403,0.973989561068103,0.185619335171008,46.5525000842066
10.7689484126984,0.821352874097338,0.973927969543304,0.1855305804326,46.5529846566897
10.7690476190476,0.821285740041676,0.973866375794498,0.185441868036022,46.5534691825469
10.7691468253968,0.821218612534435,0.973804779825312,0.18535319796028,46.5539536617862
10.769246031746,0.821151491574631,0.973743181639372,0.185264570184388,46.5544380944154
10.7693452380952,0.821084377161282,0.973681581240301,0.185175984687372,46.5549224804423
10.7694444444444,0.821017269293407,0.973619978631722,0.185087441448264,46.555406819875
10.7695436507937,0.820950167970024,0.973558373817254,0.184998940446109,46.5558911127213
10.7696428571429,0.820883073190153,0.973496766800515,0.184910481659959,46.556375358989
10.7697420634921,0.820815984952814,0.973435157585122,0.184822065068876,46.5568595586861
10.7698412698413,0.820748903257027,0.973373546174689,0.184733690651932,46.5573437118204
10.7699404761905,0.820681828101814,0.973311932572827,0.184645358388209,46.5578278183999
10.7700396825397,0.820614759486195,0.973250316783148,0.184557068256796,46.5583118784322
10.7701388888889,0.820547697409192,0.973188698809259,0.184468820236794,46.5587958919255
10.7702380952381,0.820480641869829,0.973127078654768,0.184380614307313,46.5592798588874
10.7703373015873,0.820413592867129,0.973065456323279,0.184292450447472,46.5597637793259
10.7704365079365,0.820346550400115,0.973003831818395,0.1842043286364,46.5602476532488
10.7705357142857,0.820279514467812,0.972942205143716,0.184116248853234,46.560731480664
10.7706349206349,0.820212485069244,0.972880576302841,0.184028211077123,46.5612152615793
10.7707341269841,0.820145462203437,0.972818945299368,0.183940215287222,46.5616989960027
10.7708333333333,0.820078445869416,0.97275731213689,0.183852261462699,46.5621826839418
10.7709325396825,0.820011436066208,0.972695676819002,0.18376434958273,46.5626663254047
10.7710317460317,0.81994443279284,0.972634039349294,0.183676479626499,46.5631499203991
10.771130952381,0.819877436048339,0.972572399731356,0.183588651573202,46.5636334689329
10.7712301587302,0.819810445831733,0.972510757968774,0.183500865402044,46.564116971014
10.7713293650794,0.819743462142051,0.972449114065136,0.183413121092237,46.5646004266501
10.7714285714286,0.819676484978322,0.972387468024023,0.183325418623006,46.565083835849
10.7715277777778,0.819609514339575,0.972325819849017,0.183237757973582,46.5655671986187
10.771626984127,0.81954255022484,0.972264169543698,0.183150139123209,46.566050514967
10.7717261904762,0.819475592633149,0.972202517111644,0.183062562051138,46.5665337849017
10.7718253968254,0.819408641563532,0.972140862556431,0.18297502673663,46.5670170084305
10.7719246031746,0.819341697015021,0.972079205881632,0.182887533158957,46.5675001855614
10.7720238095238,0.819274758986649,0.97201754709082,0.182800081297398,46.5679833163021
10.772123015873,0.819207827477448,0.971955886187564,0.182712671131242,46.5684664006606
10.7722222222222,0.819140902486452,0.971894223175433,0.18262530263979,46.5689494386444
10.7723214285714,0.819073984012695,0.971832558057993,0.182537975802349,46.5694324302616
10.7724206349206,0.81900707205521,0.971770890838808,0.182450690598237,46.5699153755199
10.7725198412698,0.818940166613034,0.97170922152144,0.182363447006782,46.5703982744271
10.772619047619,0.818873267685201,0.97164755010945,0.182276245007322,46.570881126991
10.7727182539683,0.818806375270748,0.971585876606397,0.182189084579202,46.5713639332194
10.7728174603175,0.81873948936871,0.971524201015837,0.182101965701778,46.5718466931201
10.7729166666667,0.818672609978126,0.971462523341325,0.182014888354416,46.572329406701
10.7730158730159,0.818605737098034,0.971400843586413,0.181927852516491,46.5728120739697
10.7731150793651,0.818538870727469,0.971339161754652,0.181840858167385,46.5732946949342
10.7732142857143,0.818472010865473,0.971277477849591,0.181753905286496,46.5737772696021
10.7733134920635,0.818405157511084,0.971215791874778,0.181666993853224,46.5742597979812
10.7734126984127,0.818338310663343,0.971154103833758,0.181580123846984,46.5747422800795
10.7735119047619,0.818271470321288,0.971092413730073,0.181493295247197,46.5752247159045
10.7736111111111,0.818204636483962,0.971030721567265,0.181406508033295,46.5757071054642
10.7737103174603,0.818137809150406,0.970969027348873,0.181319762184719,46.5761894487662
10.7738095238095,0.818070988319662,0.970907331078435,0.181233057680919,46.5766717458184
10.7739087301587,0.818004173990771,0.970845632759486,0.181146394501357,46.5771539966286
10.7740079365079,0.817937366162778,0.970783932395559,0.181059772625501,46.5776362012044
10.7741071428571,0.817870564834725,0.970722229990187,0.18097319203283,46.5781183595536
10.7742063492063,0.817803770005658,0.970660525546898,0.180886652702834,46.5786004716841
10.7743055555556,0.81773698167462,0.970598819069222,0.18080015461501,46.5790825376036
10.7744047619048,0.817670199840657,0.970537110560683,0.180713697748866,46.5795645573198
10.774503968254,0.817603424502814,0.970475400024806,0.180627282083918,46.5800465308405
10.7746031746032,0.817536655660137,0.970413687465112,0.180540907599693,46.5805284581735
10.7747023809524,0.817469893311675,0.970351972885122,0.180454574275727,46.5810103393264
10.7748015873016,0.817403137456473,0.970290256288355,0.180368282091566,46.5814921743071
10.7749007936508,0.817336388093581,0.970228537678326,0.180282031026764,46.5819739631232
10.775,0.817269645222045,0.97016681705855,0.180195821060886,46.5824557057826
10.7750992063492,0.817202908840916,0.970105094432539,0.180109652173505,46.5829374022929
10.7751984126984,0.817136178949242,0.970043369803803,0.180023524344206,46.583419052662
10.7752976190476,0.817069455546074,0.969981643175852,0.179937437552579,46.5839006568974
10.7753968253968,0.817002738630463,0.969919914552192,0.179851391778228,46.5843822150071
10.775496031746,0.816936028201458,0.969858183936328,0.179765387000765,46.5848637269986
10.7755952380952,0.816869324258113,0.969796451331763,0.179679423199811,46.5853451928797
10.7756944444444,0.816802626799479,0.969734716741997,0.179593500354995,46.5858266126582
10.7757936507937,0.816735935824609,0.96967298017053,0.179507618445959,46.5863079863418
10.7758928571429,0.816669251332556,0.969611241620859,0.179421777452353,46.5867893139381
10.7759920634921,0.816602573322374,0.969549501096478,0.179335977353834,46.5872705954549
10.7760912698413,0.816535901793116,0.969487758600881,0.17925021813007,46.5877518308999
10.7761904761905,0.81646923674384,0.96942601413756,0.179164499760743,46.5882330202809
10.7762896825397,0.816402578173599,0.969364267710004,0.179078822225537,46.5887141636054
10.7763888888889,0.816335926081449,0.9693025193217,0.178993185504151,46.5891952608813
10.7764880952381,0.816269280466448,0.969240768976135,0.17890758957629,46.5896763121163
10.7765873015873,0.816202641327652,0.969179016676791,0.178822034421671,46.5901573173179
10.7766865079365,0.816136008664118,0.96911726242715,0.178736520020018,46.590638276494
10.7767857142857,0.816069382474905,0.969055506230693,0.178651046351067,46.5911191896522
10.7768849206349,0.816002762759071,0.968993748090897,0.178565613394562,46.5916000568003
10.7769841269841,0.815936149515675,0.968931988011237,0.178480221130257,46.5920808779458
10.7770833333333,0.815869542743778,0.968870225995189,0.178394869537915,46.5925616530965
10.7771825396825,0.81580294244244,0.968808462046224,0.178309558597309,46.5930423822601
10.7772817460317,0.81573634861072,0.968746696167813,0.178224288288221,46.5935230654443
10.777380952381,0.815669761247681,0.968684928363424,0.178139058590442,46.5940037026567
10.7774801587302,0.815603180352385,0.968623158636522,0.178053869483775,46.594484293905
10.7775793650794,0.815536605923892,0.968561386990572,0.177968720948028,46.5949648391969
10.7776785714286,0.81547003796016,0.968499613429331,0.177883612963891,46.5954453385404
10.7777777777778,0.815403476444389,0.968437837960348,0.177798545524102,46.5959257919468
10.777876984127,0.815336921370373,0.968376060588183,0.17771351861421,46.5964061994247
10.7779761904762,0.81527037273705,0.968314281316012,0.177628532215877,46.5968865609815
10.7780753968254,0.815203830543362,0.968252500147009,0.17754358631077,46.5973668766244
10.7781746031746,0.815137294788248,0.968190717084348,0.177458680880562,46.5978471463607
10.7782738095238,0.815070765470649,0.968128932131203,0.177373815906932,46.5983273701978
10.778373015873,0.815004242589507,0.968067145290744,0.177288991371565,46.5988075481428
10.7784722222222,0.814937726143762,0.968005356566143,0.177204207256152,46.5992876802031
10.7785714285714,0.814871216132356,0.967943565960567,0.177119463542388,46.599767766386
10.7786706349206,0.814804712554231,0.967881773477186,0.177034760211977,46.6002478066986
10.7787698412698,0.814738215408329,0.967819979119166,0.176950097246627,46.6007278011484
10.778869047619,0.814671724693593,0.967758182889673,0.176865474628051,46.6012077497426
10.7789682539683,0.814605240408964,0.967696384791872,0.176780892337969,46.6016876524884
10.7790674603175,0.814538762553387,0.967634584828925,0.176696350358107,46.6021675093932
10.7791666666667,0.814472291125804,0.967572783003996,0.176611848670197,46.6026473204642
10.7792658730159,0.81440582612516,0.967510979320245,0.176527387255977,46.6031270857086
10.7793650793651,0.814339367550398,0.967449173780834,0.17644296609719,46.6036068051338
10.7794642857143,0.814272915400463,0.967387366388919,0.176358585175584,46.604086478747
10.7795634920635,0.814206469674298,0.967325557147659,0.176274244472915,46.6045661065554
10.7796626984127,0.814140030370848,0.967263746060211,0.176189943970943,46.6050456885664
10.7797619047619,0.81407359748906,0.967201933129731,0.176105683651436,46.6055252247873
10.7798611111111,0.814007171027877,0.967140118359371,0.176021463496166,46.6060047152251
10.7799603174603,0.813940750986245,0.967078301752285,0.175937283486911,46.6064841598873
10.7800595238095,0.813874337363112,0.967016483311626,0.175853143605455,46.606963558781
10.7801587301587,0.813807930157421,0.966954663040544,0.175769043833589,46.6074429119136
10.7802579365079,0.813741529368121,0.966892840942188,0.175684984153108,46.6079222192923
10.7803571428571,0.813675134994159,0.966831017019707,0.175600964545815,46.6084014809242
10.7804563492063,0.81360874703448,0.966769191276249,0.175516984993516,46.6088806968168
10.7805555555556,0.813542365488032,0.966707363714958,0.175433045478025,46.6093598669772
10.7806547619048,0.813475990353763,0.966645534338982,0.175349145981163,46.6098389914127
10.780753968254,0.813409621630622,0.966583703151463,0.175265286484754,46.6103180701305
10.7808531746032,0.813343259317557,0.966521870155544,0.175181466970628,46.6107971031378
10.7809523809524,0.813276903413515,0.966460035354367,0.175097687420624,46.611276090442
10.7810515873016,0.813210553917446,0.966398198751072,0.175013947816583,46.6117550320502
10.7811507936508,0.813144210828299,0.966336360348798,0.174930248140354,46.6122339279697
10.78125,0.813077874145023,0.966274520150684,0.174846588373792,46.6127127782077
10.7813492063492,0.813011543866568,0.966212678159866,0.174762968498757,46.6131915827715
10.7814484126984,0.812945219991884,0.96615083437948,0.174679388497115,46.6136703416683
10.7815476190476,0.812878902519922,0.966088988812661,0.174595848350737,46.6141490549053
10.7816468253968,0.812812591449631,0.966027141462542,0.174512348041503,46.6146277224897
10.781746031746,0.812746286779963,0.965965292332256,0.174428887551295,46.6151063444288
10.7818452380952,0.812679988509869,0.965903441424933,0.174345466862004,46.6155849207298
10.7819444444444,0.8126136966383,0.965841588743704,0.174262085955524,46.6160634514
10.7820436507937,0.812547411164207,0.965779734291697,0.174178744813755,46.6165419364465
10.7821428571429,0.812481132086544,0.965717878072041,0.174095443418607,46.6170203758766
10.7822420634921,0.812414859404263,0.965656020087862,0.174012181751992,46.6174987696975
10.7823412698413,0.812348593116316,0.965594160342285,0.173928959795828,46.6179771179164
10.7824404761905,0.812282333221656,0.965532298838435,0.173845777532041,46.6184554205406
10.7825396825397,0.812216079719235,0.965470435579435,0.17376263494256,46.6189336775772
10.7826388888889,0.812149832608009,0.965408570568406,0.173679532009322,46.6194118890334
10.7827380952381,0.81208359188693,0.96534670380847,0.173596468714269,46.6198900549166
10.7828373015873,0.812017357554952,0.965284835302745,0.173513445039349,46.6203681752338
10.7829365079365,0.81195112961103,0.965222965054351,0.173430460966516,46.6208462499923
10.7830357142857,0.811884908054118,0.965161093066406,0.17334751647773,46.6213242791993
10.7831349206349,0.811818692883172,0.965099219342024,0.173264611554956,46.621802262862
10.7832341269841,0.811752484097146,0.965037343884321,0.173181746180166,46.6222802009876
10.7833333333333,0.811686281694997,0.964975466696412,0.173098920335336,46.6227580935834
10.7834325396825,0.811620085675679,0.964913587781408,0.173016134002451,46.6232359406564
10.7835317460317,0.811553896038148,0.96485170714242,0.172933387163498,46.623713742214
10.783630952381,0.811487712781363,0.964789824782561,0.172850679800474,46.6241914982633
10.7837301587302,0.811421535904279,0.96472794070494,0.172768011895378,46.6246692088114
10.7838293650794,0.811355365405853,0.964666054912663,0.172685383430217,46.6251468738657
10.7839285714286,0.811289201285042,0.964604167408838,0.172602794387004,46.6256244934333
10.7840277777778,0.811223043540804,0.964542278196572,0.172520244747757,46.6261020675213
10.784126984127,0.811156892172096,0.964480387278967,0.172437734494499,46.626579596137
10.7842261904762,0.811090747177878,0.964418494659129,0.172355263609261,46.6270570792876
10.7843253968254,0.811024608557106,0.96435660034016,0.172272832074078,46.6275345169802
10.7844246031746,0.810958476308741,0.96429470432516,0.172190439870992,46.6280119092221
10.7845238095238,0.81089235043174,0.964232806617229,0.172108086982051,46.6284892560203
10.784623015873,0.810826230925064,0.964170907219467,0.172025773389307,46.6289665573822
10.7847222222222,0.810760117787672,0.964109006134972,0.171943499074821,46.6294438133148
10.7848214285714,0.810694011018523,0.964047103366839,0.171861264020656,46.6299210238253
10.7849206349206,0.810627910616578,0.963985198918165,0.171779068208884,46.630398188921
10.7850198412698,0.810561816580797,0.963923292792042,0.171696911621581,46.630875308609
10.785119047619,0.810495728910141,0.963861384991566,0.171614794240831,46.6313523828964
10.7852182539683,0.810429647603572,0.963799475519828,0.171532716048721,46.6318294117905
10.7853174603175,0.81036357266005,0.963737564379918,0.171450677027347,46.6323063952984
10.7854166666667,0.810297504078537,0.963675651574927,0.171368677158807,46.6327833334273
10.7855158730159,0.810231441857995,0.963613737107942,0.171286716425208,46.6332602261843
10.7856150793651,0.810165385997386,0.963551820982051,0.171204794808661,46.6337370735766
10.7857142857143,0.810099336495673,0.963489903200341,0.171122912291285,46.6342138756114
10.7858134920635,0.810033293351818,0.963427983765896,0.171041068855203,46.6346906322958
10.7859126984127,0.809967256564784,0.9633660626818,0.170959264482544,46.635167343637
10.7860119047619,0.809901226133536,0.963304139951136,0.170877499155443,46.6356440096421
10.7861111111111,0.809835202057035,0.963242215576986,0.170795772856042,46.6361206303184
10.7862103174603,0.809769184334248,0.96318028956243,0.170714085566487,46.6365972056729
10.7863095238095,0.809703172964137,0.963118361910547,0.170632437268931,46.6370737357128
10.7864087301587,0.809637167945667,0.963056432624416,0.170550827945533,46.6375502204453
10.7865079365079,0.809571169277802,0.962994501707113,0.170469257578456,46.6380266598775
10.7866071428571,0.809505176959509,0.962932569161715,0.170387726149872,46.6385030540165
10.7867063492063,0.809439190989753,0.962870634991295,0.170306233641957,46.6389794028696
10.7868055555556,0.809373211367498,0.962808699198928,0.170224780036893,46.6394557064438
10.7869047619048,0.809307238091712,0.962746761787687,0.170143365316867,46.6399319647463
10.787003968254,0.80924127116136,0.962684822760641,0.170061989464073,46.6404081777842
10.7871031746032,0.80917531057541,0.962622882120862,0.169980652460711,46.6408843455647
10.7872023809524,0.809109356332827,0.962560939871417,0.169899354288985,46.6413604680949
10.7873015873016,0.809043408432579,0.962498996015376,0.169818094931109,46.6418365453819
10.7874007936508,0.808977466873633,0.962437050555804,0.169736874369297,46.642312577433
10.7875,0.808911531654957,0.962375103495767,0.169655692585774,46.6427885642551
10.7875992063492,0.80884560277552,0.96231315483833,0.169574549562769,46.6432645058555
10.7876984126984,0.808779680234289,0.962251204586554,0.169493445282515,46.6437404022413
10.7877976190476,0.808713764030232,0.962189252743504,0.169412379727253,46.6442162534195
10.7878968253968,0.80864785416232,0.962127299312239,0.16933135287923,46.6446920593974
10.787996031746,0.80858195062952,0.962065344295817,0.169250364720697,46.6451678201821
10.7880952380952,0.808516053430803,0.9620033876973,0.169169415233914,46.6456435357806
10.7881944444444,0.808450162565138,0.961941429519745,0.169088504401143,46.6461192062001
10.7882936507937,0.808384278031496,0.961879469766206,0.169007632204655,46.6465948314477
10.7883928571429,0.808318399828846,0.961817508439739,0.168926798626725,46.6470704115306
10.7884920634921,0.80825252795616,0.961755545543399,0.168846003649635,46.6475459464558
10.7885912698413,0.808186662412407,0.961693581080238,0.168765247255672,46.6480214362305
10.7886904761905,0.80812080319656,0.961631615053307,0.168684529427128,46.6484968808618
10.7887896825397,0.80805495030759,0.961569647465657,0.168603850146304,46.6489722803567
10.7888888888889,0.807989103744468,0.961507678320338,0.168523209395503,46.6494476347225
10.7889880952381,0.807923263506167,0.961445707620397,0.168442607157037,46.6499229439662
10.7890873015873,0.807857429591659,0.961383735368882,0.168362043413221,46.6503982080948
10.7891865079365,0.807791601999917,0.961321761568839,0.16828151814638,46.6508734271156
10.7892857142857,0.807725780729913,0.961259786223311,0.16820103133884,46.6513486010357
10.7893849206349,0.807659965780621,0.961197809335343,0.168120582972935,46.651823729862
10.7894841269841,0.807594157151014,0.961135830907976,0.168040173031005,46.6522988136018
10.7895833333333,0.807528354840067,0.961073850944254,0.167959801495398,46.6527738522621
10.7896825396825,0.807462558846754,0.961011869447215,0.167879468348464,46.65324884585
10.7897817460317,0.807396769170048,0.960949886419898,0.16779917357256,46.6537237943727
10.789880952381,0.807330985808924,0.960887901865342,0.16771891715005,46.6541986978371
10.7899801587302,0.807265208762358,0.960825915786582,0.167638699063303,46.6546735562504
10.7900793650794,0.807199438029324,0.960763928186655,0.167558519294695,46.6551483696198
10.7901785714286,0.807133673608799,0.960701939068594,0.167478377826605,46.6556231379522
10.7902777777778,0.807067915499758,0.960639948435434,0.167398274641421,46.6560978612548
10.790376984127,0.807002163701177,0.960577956290205,0.167318209721535,46.6565725395346
10.7904761904762,0.806936418212033,0.960515962635938,0.167238183049346,46.6570471727988
10.7905753968254,0.806870679031302,0.960453967475664,0.167158194607258,46.6575217610543
10.7906746031746,0.806804946157962,0.960391970812412,0.167078244377681,46.6579963043084
10.7907738095238,0.806739219590989,0.960329972649207,0.166998332343031,46.6584708025681
10.790873015873,0.806673499329361,0.960267972989078,0.16691845848573,46.6589452558404
10.7909722222222,0.806607785372056,0.960205971835047,0.166838622788205,46.6594196641324
10.7910714285714,0.806542077718053,0.960143969190141,0.16675882523289,46.6598940274512
10.7911706349206,0.80647637636633,0.960081965057381,0.166679065802226,46.6603683458039
10.7912698412698,0.806410681315866,0.96001995943979,0.166599344478655,46.6608426191976
10.791369047619,0.806344992565639,0.959957952340387,0.166519661244631,46.6613168476392
10.7914682539683,0.806279310114629,0.959895943762192,0.166440016082609,46.6617910311359
10.7915674603175,0.806213633961816,0.959833933708224,0.166360408975053,46.6622651696948
10.7916666666667,0.806147964106179,0.959771922181499,0.166280839904431,46.6627392633229
10.7917658730159,0.806082300546699,0.959709909185033,0.166201308853217,46.6632133120272
10.7918650793651,0.806016643282356,0.959647894721841,0.166121815803893,46.6636873158149
10.7919642857143,0.805950992312131,0.959585878794937,0.166042360738943,46.664161274693
10.7920634920635,0.805885347635005,0.959523861407332,0.16596294364086,46.6646351886685
10.7921626984127,0.80581970924996,0.959461842562038,0.165883564492143,46.6651090577485
10.7922619047619,0.805754077155976,0.959399822262066,0.165804223275294,46.6655828819401
10.7923611111111,0.805688451352037,0.959337800510425,0.165724919972823,46.6660566612503
10.7924603174603,0.805622831837124,0.95927577731012,0.165645654567244,46.6665303956861
10.7925595238095,0.80555721861022,0.959213752664161,0.165566427041082,46.6670040852546
10.7926587301587,0.805491611670307,0.959151726575553,0.165487237376861,46.6674777299629
10.7927579365079,0.80542601101637,0.959089699047299,0.165408085557116,46.667951329818
10.7928571428571,0.80536041664739,0.959027670082402,0.165328971564384,46.668424884827
10.7929563492063,0.805294828562353,0.958965639683866,0.165249895381211,46.6688983949968
10.7930555555556,0.805229246760241,0.958903607854691,0.165170856990146,46.6693718603345
10.7931547619048,0.80516367124004,0.958841574597876,0.165091856373747,46.6698452808472
10.793253968254,0.805098102000733,0.95877953991642,0.165012893514576,46.6703186565419
10.7933531746032,0.805032539041306,0.958717503813321,0.164933968395199,46.6707919874257
10.7934523809524,0.804966982360744,0.958655466291574,0.164855080998193,46.6712652735055
10.7935515873016,0.804901431958031,0.958593427354176,0.164776231306136,46.6717385147884
10.7936507936508,0.804835887832155,0.95853138700412,0.164697419301613,46.6722117112815
10.79375,0.8047703499821,0.958469345244398,0.164618644967217,46.6726848629917
10.7938492063492,0.804704818406854,0.958407302078003,0.164539908285544,46.6731579699261
10.7939484126984,0.804639293105402,0.958345257507924,0.164461209239197,46.6736310320918
10.7940476190476,0.804573774076732,0.958283211537152,0.164382547810787,46.6741040494956
10.7941468253968,0.804508261319831,0.958221164168675,0.164303923982927,46.6745770221448
10.794246031746,0.804442754833686,0.95815911540548,0.164225337738239,46.6750499500462
10.7943452380952,0.804377254617286,0.958097065250552,0.164146789059349,46.6755228332069
10.7944444444444,0.804311760669618,0.958035013706876,0.164068277928888,46.675995671634
10.7945436507937,0.80424627298967,0.957972960777437,0.163989804329497,46.6764684653344
10.7946428571429,0.804180791576432,0.957910906465216,0.163911368243818,46.6769412143151
10.7947420634921,0.804115316428891,0.957848850773194,0.163832969654501,46.6774139185832
10.7948412698413,0.804049847546038,0.957786793704352,0.163754608544203,46.6778865781457
10.7949404761905,0.803984384926861,0.95772473526167,0.163676284895585,46.6783591930095
10.7950396825397,0.803918928570351,0.957662675448124,0.163597998691315,46.6788317631818
10.7951388888889,0.803853478475498,0.957600614266691,0.163519749914065,46.6793042886694
10.7952380952381,0.803788034641292,0.957538551720347,0.163441538546515,46.6797767694795
10.7953373015873,0.803722597066724,0.957476487812066,0.163363364571351,46.6802492056189
10.7954365079365,0.803657165750783,0.957414422544821,0.163285227971261,46.6807215970948
10.7955357142857,0.803591740692463,0.957352355921586,0.163207128728945,46.6811939439141
10.7956349206349,0.803526321890755,0.95729028794533,0.163129066827104,46.6816662460837
10.7957341269841,0.80346090934465,0.957228218619023,0.163051042248448,46.6821385036108
10.7958333333333,0.80339550305314,0.957166147945635,0.162973054975689,46.6826107165023
10.7959325396825,0.803330103015218,0.957104075928131,0.162895104991548,46.6830828847651
10.7960317460317,0.803264709229877,0.95704200256948,0.162817192278752,46.6835550084063
10.796130952381,0.803199321696109,0.956979927872645,0.162739316820032,46.6840270874329
10.7962301587302,0.803133940412908,0.956917851840591,0.162661478598125,46.6844991218519
10.7963293650794,0.803068565379268,0.956855774476281,0.162583677595776,46.6849711116702
10.7964285714286,0.803003196594181,0.956793695782676,0.162505913795734,46.6854430568948
10.7965277777778,0.802937834056643,0.956731615762737,0.162428187180753,46.6859149575327
10.796626984127,0.802872477765648,0.956669534419423,0.162350497733595,46.6863868135909
10.7967261904762,0.80280712772019,0.956607451755694,0.162272845437027,46.6868586250764
10.7968253968254,0.802741783919266,0.956545367774504,0.162195230273822,46.6873303919962
10.7969246031746,0.802676446361868,0.956483282478811,0.162117652226758,46.6878021143571
10.7970238095238,0.802611115046994,0.95642119587157,0.16204011127862,46.6882737921663
10.797123015873,0.80254578997364,0.956359107955734,0.161962607412198,46.6887454254306
10.7972222222222,0.802480471140801,0.956297018734255,0.161885140610289,46.6892170141571
10.7973214285714,0.802415158547475,0.956234928210085,0.161807710855694,46.6896885583527
10.7974206349206,0.802349852192657,0.956172836386175,0.161730318131221,46.6901600580244
10.7975198412698,0.802284552075345,0.956110743265472,0.161652962419684,46.6906315131791
10.797619047619,0.802219258194537,0.956048648850925,0.161575643703903,46.6911029238238
10.7977182539683,0.802153970549229,0.955986553145481,0.161498361966703,46.6915742899655
10.7978174603175,0.80208868913842,0.955924456152085,0.161421117190915,46.6920456116112
10.7979166666667,0.802023413961108,0.955862357873682,0.161343909359377,46.6925168887677
10.7980158730159,0.801958145016292,0.955800258313214,0.161266738454931,46.6929881214421
10.7981150793651,0.80189288230297,0.955738157473624,0.161189604460426,46.6934593096413
10.7982142857143,0.801827625820142,0.955676055357854,0.161112507358717,46.6939304533723
10.7983134920635,0.801762375566806,0.955613951968842,0.161035447132665,46.694401552642
10.7984126984127,0.801697131541962,0.955551847309526,0.160958423765134,46.6948726074574
10.7985119047619,0.801631893744611,0.955489741382847,0.160881437238999,46.6953436178254
10.7986111111111,0.801566662173753,0.955427634191738,0.160804487537138,46.6958145837529
10.7987103174603,0.801501436828389,0.955365525739136,0.160727574642433,46.696285505247
10.7988095238095,0.801436217707518,0.955303416027974,0.160650698537776,46.6967563823145
10.7989087301587,0.801371004810143,0.955241305061185,0.16057385920606,46.6972272149625
10.7990079365079,0.801305798135264,0.955179192841702,0.160497056630189,46.6976980031978
10.7991071428571,0.801240597681883,0.955117079372454,0.160420290793069,46.6981687470273
10.7992063492063,0.801175403449003,0.955054964656371,0.160343561677613,46.6986394464582
10.7993055555556,0.801110215435626,0.954992848696381,0.160266869266741,46.6991101014971
10.7994047619048,0.801045033640754,0.954930731495411,0.160190213543377,46.6995807121512
10.799503968254,0.80097985806339,0.954868613056388,0.160113594490452,46.7000512784273
10.7996031746032,0.800914688702537,0.954806493382236,0.160037012090903,46.7005218003323
10.7997023809524,0.800849525557199,0.954744372475879,0.159960466327671,46.7009922778733
10.7998015873016,0.800784368626379,0.954682250340239,0.159883957183706,46.7014627110571
10.7999007936508,0.800719217909081,0.954620126978237,0.159807484641961,46.7019330998906
10.8,0.80065407340431,0.954558002392795,0.159731048685396,46.7024034443808
10.8000992063492,0.800588935111071,0.954495876586831,0.159654649296978,46.7028737445346
10.8001984126984,0.800523803028368,0.954433749563262,0.159578286459677,46.7033440003589
10.8002976190476,0.800458677155207,0.954371621325006,0.159501960156472,46.7038142118606
10.8003968253968,0.800393557490592,0.954309491874978,0.159425670370346,46.7042843790467
10.800496031746,0.800328444033531,0.954247361216093,0.159349417084288,46.7047545019241
10.8005952380952,0.800263336783028,0.954185229351263,0.159273200281292,46.7052245804997
10.8006944444444,0.80019823573809,0.954123096283402,0.159197019944361,46.7056946147804
10.8007936507937,0.800133140897724,0.954060962015419,0.1591208760565,46.7061646047731
10.8008928571429,0.800068052260937,0.953998826550225,0.159044768600722,46.7066345504847
10.8009920634921,0.800002969826736,0.953936689890728,0.158968697560046,46.7071044519222
10.8010912698413,0.799937893594128,0.953874552039837,0.158892662917496,46.7075743090924
10.8011904761905,0.799872823562122,0.953812413000457,0.158816664656103,46.7080441220022
10.8012896825397,0.799807759729725,0.953750272775493,0.158740702758901,46.7085138906586
10.8013888888889,0.799742702095945,0.953688131367849,0.158664777208933,46.7089836150685
10.8014880952381,0.799677650659792,0.953625988780429,0.158588887989247,46.7094532952387
10.8015873015873,0.799612605420275,0.953563845016135,0.158513035082897,46.7099229311762
10.8016865079365,0.799547566376402,0.953501700077866,0.158437218472941,46.7103925228878
10.8017857142857,0.799482533527184,0.953439553968523,0.158361438142446,46.7108620703804
10.8018849206349,0.79941750687163,0.953377406691003,0.158285694074481,46.711331573661
10.8019841269841,0.79935248640875,0.953315258248204,0.158209986252125,46.7118010327365
10.8020833333333,0.799287472137554,0.953253108643022,0.158134314658459,46.7122704476136
10.8021825396825,0.799222464057054,0.953190957878351,0.158058679276573,46.7127398182994
10.8022817460317,0.79915746216626,0.953128805957086,0.157983080089561,46.7132091448007
10.802380952381,0.799092466464185,0.953066652882118,0.157907517080523,46.7136784271243
10.8024801587302,0.799027476949838,0.953004498656339,0.157831990232566,46.7141476652773
10.8025793650794,0.798962493622232,0.95294234328264,0.157756499528801,46.7146168592664
10.8026785714286,0.79889751648038,0.952880186763909,0.157681044952347,46.7150860090985
10.8027777777778,0.798832545523293,0.952818029103034,0.157605626486328,46.7155551147805
10.802876984127,0.798767580749984,0.952755870302902,0.15753024411387,46.7160241763193
10.8029761904762,0.798702622159467,0.952693710366399,0.157454897818114,46.7164931937218
10.8030753968254,0.798637669750755,0.95263154929641,0.157379587582198,46.7169621669948
10.8031746031746,0.798572723522862,0.952569387095816,0.157304313389269,46.7174310961453
10.8032738095238,0.798507783474801,0.952507223767502,0.157229075222482,46.71789998118
10.803373015873,0.798442849605586,0.952445059314347,0.157153873064994,46.7183688221058
10.8034722222222,0.798377921914233,0.952382893739232,0.15707870689997,46.7188376189297
10.8035714285714,0.798313000399755,0.952320727045034,0.157003576710581,46.7193063716585
10.8036706349206,0.798248085061168,0.952258559234633,0.156928482480003,46.719775080299
10.8037698412698,0.798183175897488,0.952196390310903,0.156853424191419,46.7202437448582
10.803869047619,0.798118272907729,0.952134220276721,0.156778401828016,46.7207123653428
10.8039682539683,0.798053376090909,0.95207204913496,0.156703415372989,46.7211809417597
10.8040674603175,0.797988485446042,0.952009876888494,0.156628464809537,46.7216494741158
10.8041666666667,0.797923600972146,0.951947703540194,0.156553550120866,46.722117962418
10.8042658730159,0.797858722668238,0.95188552909293,0.156478671290188,46.7225864066731
10.8043650793651,0.797793850533333,0.951823353549572,0.156403828300718,46.7230548068879
10.8044642857143,0.79772898456645,0.95176117691299,0.156329021135682,46.7235231630694
10.8045634920635,0.797664124766608,0.951698999186049,0.156254249778308,46.7239914752243
10.8046626984127,0.797599271132823,0.951636820371615,0.156179514211831,46.7244597433595
10.8047619047619,0.797534423664114,0.951574640472555,0.156104814419491,46.7249279674818
10.8048611111111,0.797469582359499,0.95151245949173,0.156030150384536,46.7253961475981
10.8049603174603,0.797404747217998,0.951450277432004,0.155955522090217,46.7258642837153
10.8050595238095,0.797339918238629,0.951388094296239,0.155880929519793,46.7263323758402
10.8051587301587,0.797275095420412,0.951325910087294,0.155806372656529,46.7268004239795
10.8052579365079,0.797210278762366,0.951263724808029,0.155731851483693,46.7272684281403
10.8053571428571,0.797145468263512,0.951201538461301,0.155657365984562,46.7277363883292
10.8054563492063,0.79708066392287,0.951139351049968,0.155582916142418,46.7282043045531
10.8055555555556,0.79701586573946,0.951077162576884,0.155508501940547,46.7286721768189
10.8056547619048,0.796951073712304,0.951014973044905,0.155434123362245,46.7291400051334
10.805753968254,0.796886287840422,0.950952782456884,0.155359780390808,46.7296077895034
10.8058531746032,0.796821508122835,0.950890590815672,0.155285473009543,46.7300755299357
10.8059523809524,0.796756734558567,0.950828398124121,0.155211201201761,46.7305432264373
10.8060515873016,0.796691967146638,0.950766204385082,0.155136964950779,46.7310108790148
10.8061507936508,0.796627205886071,0.950704009601402,0.155062764239919,46.7314784876751
10.80625,0.79656245077589,0.950641813775929,0.154988599052509,46.7319460524251
10.8063492063492,0.796497701815116,0.95057961691151,0.154914469371884,46.7324135732716
10.8064484126984,0.796432959002772,0.950517419010989,0.154840375181385,46.7328810502213
10.8065476190476,0.796368222337883,0.950455220077212,0.154766316464356,46.7333484832811
10.8066468253968,0.796303491819472,0.95039302011302,0.154692293204151,46.7338158724579
10.806746031746,0.796238767446564,0.950330819121256,0.154618305384126,46.7342832177583
10.8068452380952,0.796174049218181,0.95026861710476,0.154544352987645,46.7347505191893
10.8069444444444,0.79610933713335,0.950206414066372,0.154470435998078,46.7352177767577
10.8070436507937,0.796044631191096,0.95014421000893,0.1543965543988,46.7356849904702
10.8071428571429,0.795979931390442,0.950082004935272,0.154322708173192,46.7361521603336
10.8072420634921,0.795915237730416,0.950019798848233,0.154248897304641,46.7366192863549
10.8073412698413,0.795850550210041,0.949957591750647,0.154175121776539,46.7370863685407
10.8074404761905,0.795785868828346,0.94989538364535,0.154101381572287,46.7375534068979
10.8075396825397,0.795721193584356,0.949833174535174,0.154027676675287,46.7380204014332
10.8076388888889,0.795656524477099,0.94977096442295,0.153954007068951,46.7384873521535
10.8077380952381,0.7955918615056,0.949708753311508,0.153880372736695,46.7389542590656
10.8078373015873,0.795527204668887,0.949646541203678,0.15380677366194,46.7394211221762
10.8079365079365,0.795462553965988,0.949584328102287,0.153733209828115,46.7398879414922
10.8080357142857,0.795397909395931,0.949522114010162,0.153659681218654,46.7403547170204
10.8081349206349,0.795333270957744,0.949459898930129,0.153586187816995,46.7408214487675
10.8082341269841,0.795268638650454,0.949397682865012,0.153512729606585,46.7412881367403
10.8083333333333,0.795204012473092,0.949335465817635,0.153439306570875,46.7417547809456
10.8084325396825,0.795139392424685,0.94927324779082,0.153365918693321,46.7422213813902
10.8085317460317,0.795074778504264,0.949211028787388,0.153292565957388,46.7426879380809
10.808630952381,0.795010170710858,0.949148808810159,0.153219248346543,46.7431544510245
10.8087301587302,0.794945569043496,0.949086587861951,0.153145965844262,46.7436209202277
10.8088293650794,0.794880973501208,0.949024365945582,0.153072718434024,46.7440873456973
10.8089285714286,0.794816384083027,0.948962143063869,0.152999506099318,46.7445537274402
10.8090277777778,0.794751800787982,0.948899919219627,0.152926328823634,46.745020065463
10.809126984127,0.794687223615103,0.94883769441567,0.152853186590471,46.7454863597725
10.8092261904762,0.794622652563424,0.948775468654811,0.152780079383333,46.7459526103756
10.8093253968254,0.794558087631974,0.948713241939863,0.152707007185729,46.746418817279
10.8094246031746,0.794493528819787,0.948651014273634,0.152633969981176,46.7468849804894
10.8095238095238,0.794428976125894,0.948588785658936,0.152560967753195,46.7473511000136
10.809623015873,0.794364429549327,0.948526556098576,0.152488000485313,46.7478171758585
10.8097222222222,0.79429988908912,0.948464325595362,0.152415068161063,46.7482832080306
10.8098214285714,0.794235354744306,0.948402094152099,0.152342170763984,46.7487491965369
10.8099206349206,0.794170826513918,0.948339861771593,0.152269308277622,46.7492151413841
10.8100198412698,0.794106304396989,0.948277628456648,0.152196480685527,46.749681042579
10.810119047619,0.794041788392554,0.948215394210066,0.152123687971256,46.7501469001282
10.8102182539683,0.793977278499647,0.948153159034647,0.152050930118371,46.7506127140385
10.8103174603175,0.793912774717302,0.948090922933193,0.151978207110439,46.7510784843168
10.8104166666667,0.793848277044554,0.948028685908504,0.151905518931037,46.7515442109697
10.8105158730159,0.793783785480439,0.947966447963376,0.151832865563743,46.7520098940041
10.8106150793651,0.793719300023992,0.947904209100607,0.151760246992144,46.7524755334265
10.8107142857143,0.793654820674248,0.947841969322993,0.151687663199831,46.7529411292439
10.8108134920635,0.793590347430244,0.947779728633327,0.151615114170401,46.753406681463
10.8109126984127,0.793525880291015,0.947717487034404,0.151542599887459,46.7538721900904
10.8110119047619,0.793461419255599,0.947655244529015,0.151470120334613,46.754337655133
10.8111111111111,0.793396964323032,0.947593001119952,0.151397675495478,46.7548030765974
10.8112103174603,0.793332515492351,0.947530756810005,0.151325265353676,46.7552684544904
10.8113095238095,0.793268072762594,0.947468511601962,0.151252889892833,46.7557337888188
10.8114087301587,0.793203636132798,0.94740626549861,0.151180549096581,46.7561990795893
10.8115079365079,0.793139205602002,0.947344018502737,0.15110824294856,46.7566643268086
10.8116071428571,0.793074781169243,0.947281770617128,0.151035971432414,46.7571295304835
10.8117063492063,0.793010362833561,0.947219521844567,0.150963734531792,46.7575946906206
10.8118055555556,0.792945950593994,0.947157272187836,0.15089153223035,46.7580598072268
10.8119047619048,0.792881544449581,0.947095021649718,0.150819364511752,46.7585248803087
10.812003968254,0.792817144399363,0.947032770232994,0.150747231359665,46.7589899098731
10.8121031746032,0.792752750442378,0.946970517940442,0.150675132757761,46.7594548959266
10.8122023809524,0.792688362577668,0.946908264774842,0.150603068689721,46.7599198384761
10.8123015873016,0.792623980804271,0.946846010738971,0.15053103913923,46.7603847375282
10.8124007936508,0.792559605121229,0.946783755835604,0.150459044089979,46.7608495930897
10.8125,0.792495235527582,0.946721500067517,0.150387083525665,46.7613144051672
10.8125992063492,0.792430872022373,0.946659243437484,0.150315157429991,46.7617791737675
10.8126984126984,0.792366514604642,0.946596985948276,0.150243265786665,46.7622438988973
10.8127976190476,0.792302163273431,0.946534727602666,0.150171408579402,46.7627085805633
10.8128968253968,0.792237818027783,0.946472468403424,0.150099585791922,46.7631732187723
10.812996031746,0.792173478866739,0.946410208353318,0.150027797407952,46.7636378135309
10.8130952380952,0.792109145789342,0.946347947455118,0.149956043411224,46.7641023648458
10.8131944444444,0.792044818794636,0.94628568571159,0.149884323785475,46.7645668727238
10.8132936507937,0.791980497881663,0.946223423125498,0.149812638514449,46.7650313371716
10.8133928571429,0.791916183049467,0.94616115969961,0.149740987581897,46.7654957581957
10.8134920634921,0.791851874297092,0.946098895436687,0.149669370971573,46.7659601358031
10.8135912698413,0.791787571623583,0.946036630339492,0.149597788667239,46.7664244700003
10.8136904761905,0.791723275027982,0.945974364410785,0.149526240652662,46.7668887607941
10.8137896825397,0.791658984509336,0.945912097653328,0.149454726911616,46.7673530081911
10.8138888888889,0.79159470006669,0.945849830069878,0.149383247427878,46.767817212198
10.8139880952381,0.791530421699087,0.945787561663194,0.149311802185234,46.7682813728216
10.8140873015873,0.791466149405575,0.945725292436031,0.149240391167474,46.7687454900685
10.8141865079365,0.791401883185198,0.945663022391146,0.149169014358394,46.7692095639455
10.8142857142857,0.791337623037003,0.945600751531292,0.149097671741798,46.7696735944591
10.8143849206349,0.791273368960037,0.945538479859222,0.149026363301493,46.7701375816162
10.8144841269841,0.791209120953346,0.945476207377688,0.148955089021293,46.7706015254233
10.8145833333333,0.791144879015978,0.945413934089442,0.148883848885018,46.7710654258872
10.8146825396825,0.791080643146979,0.945351659997232,0.148812642876493,46.7715292830145
10.8147817460317,0.791016413345396,0.945289385103806,0.148741470979549,46.7719930968119
10.814880952381,0.790952189610279,0.945227109411913,0.148670333178026,46.7724568672862
10.8149801587302,0.790887971940675,0.945164832924298,0.148599229455766,46.7729205944439
10.8150793650794,0.790823760335633,0.945102555643707,0.148528159796617,46.7733842782917
10.8151785714286,0.790759554794202,0.945040277572883,0.148457124184435,46.7738479188364
10.8152777777778,0.79069535531543,0.944977998714568,0.14838612260308,46.7743115160846
10.815376984127,0.790631161898367,0.944915719071505,0.148315155036419,46.774775070043
10.8154761904762,0.790566974542062,0.944853438646434,0.148244221468325,46.7752385807182
10.8155753968254,0.790502793245566,0.944791157442093,0.148173321882676,46.7757020481168
10.8156746031746,0.790438618007929,0.944728875461221,0.148102456263355,46.7761654722457
10.8157738095238,0.790374448828201,0.944666592706555,0.148031624594254,46.7766288531114
10.815873015873,0.790310285705433,0.94460430918083,0.147960826859267,46.7770921907206
10.8159722222222,0.790246128638676,0.944542024886781,0.147890063042298,46.7775554850799
10.8160714285714,0.790181977626982,0.944479739827142,0.147819333127252,46.778018736196
10.8161706349206,0.790117832669401,0.944417454004644,0.147748637098044,46.7784819440756
10.8162698412698,0.790053693764986,0.944355167422019,0.147677974938591,46.7789451087253
10.816369047619,0.789989560912791,0.944292880081997,0.147607346632822,46.7794082301518
10.8164682539683,0.789925434111866,0.944230591987307,0.147536752164666,46.7798713083617
10.8165674603175,0.789861313361265,0.944168303140676,0.147466191518059,46.7803343433617
10.8166666666667,0.789797198660041,0.944106013544831,0.147395664676944,46.7807973351584
10.8167658730159,0.789733090007247,0.944043723202498,0.147325171625271,46.7812602837585
10.8168650793651,0.789668987401937,0.943981432116399,0.147254712346993,46.7817231891685
10.8169642857143,0.789604890843166,0.94391914028926,0.14718428682607,46.7821860513953
10.8170634920635,0.789540800329986,0.9438568477238,0.147113895046469,46.7826488704453
10.8171626984127,0.789476715861454,0.943794554422742,0.147043536992161,46.7831116463253
10.8172619047619,0.789412637436623,0.943732260388805,0.146973212647124,46.7835743790419
10.8173611111111,0.789348565054549,0.943669965624706,0.146902921995343,46.7840370686017
10.8174603174603,0.789284498714288,0.943607670133164,0.146832665020805,46.7844997150113
10.8175595238095,0.789220438414894,0.943545373916895,0.146762441707507,46.7849623182774
10.8176587301587,0.789156384155425,0.943483076978614,0.14669225203945,46.7854248784067
10.8177579365079,0.789092335934936,0.943420779321033,0.146622096000639,46.7858873954057
10.8178571428571,0.789028293752484,0.943358480946867,0.14655197357509,46.786349869281
10.8179563492063,0.788964257607127,0.943296181858826,0.14648188474682,46.7868123000394
10.8180555555556,0.78890022749792,0.943233882059622,0.146411829499854,46.7872746876874
10.8181547619048,0.788836203423923,0.943171581551963,0.146341807818222,46.7877370322316
10.818253968254,0.788772185384191,0.943109280338557,0.146271819685961,46.7881993336787
10.8183531746032,0.788708173377785,0.943046978422111,0.146201865087112,46.7886615920353
10.8184523809524,0.788644167403761,0.942984675805331,0.146131944005724,46.7891238073081
10.8185515873016,0.788580167461179,0.942922372490922,0.14606205642585,46.7895859795035
10.8186507936508,0.788516173549097,0.942860068481587,0.14599220233155,46.7900481086283
10.81875,0.788452185666575,0.942797763780028,0.14592238170689,46.7905101946891
10.8188492063492,0.788388203812672,0.942735458388947,0.14585259453594,46.7909722376924
10.8189484126984,0.788324227986448,0.942673152311044,0.145782840802778,46.7914342376449
10.8190476190476,0.788260258186963,0.942610845549016,0.145713120491488,46.7918961945532
10.8191468253968,0.788196294413278,0.942548538105563,0.145643433586157,46.7923581084239
10.819246031746,0.788132336664452,0.942486229983379,0.14557378007088,46.7928199792636
10.8193452380952,0.788068384939548,0.942423921185162,0.145504159929759,46.7932818070789
10.8194444444444,0.788004439237627,0.942361611713606,0.145434573146901,46.7937435918764
10.8195436507937,0.787940499557749,0.942299301571403,0.145365019706416,46.7942053336627
10.8196428571429,0.787876565898977,0.942236990761244,0.145295499592423,46.7946670324445
10.8197420634921,0.787812638260374,0.942174679285822,0.145226012789046,46.7951286882282
10.8198412698413,0.787748716641,0.942112367147826,0.145156559280416,46.7955903010205
10.8199404761905,0.78768480103992,0.942050054349943,0.145087139050667,46.7960518708281
10.8200396825397,0.787620891456196,0.941987740894862,0.145017752083941,46.7965133976574
10.8201388888889,0.787556987888891,0.941925426785269,0.144948398364386,46.7969748815151
10.8202380952381,0.78749309033707,0.941863112023848,0.144879077876155,46.7974363224078
10.8203373015873,0.787429198799795,0.941800796613283,0.144809790603406,46.797897720342
10.8204365079365,0.787365313276131,0.941738480556258,0.144740536530306,46.7983590753244
10.8205357142857,0.787301433765142,0.941676163855453,0.144671315641024,46.7988203873614
10.8206349206349,0.787237560265894,0.941613846513549,0.144602127919737,46.7992816564598
10.8207341269841,0.787173692777451,0.941551528533225,0.144532973350628,46.7997428826261
10.8208333333333,0.787109831298878,0.94148920991716,0.144463851917885,46.8002040658669
10.8209325396825,0.787045975829242,0.941426890668031,0.144394763605703,46.8006652061887
10.8210317460317,0.786982126367608,0.941364570788512,0.144325708398281,46.8011263035981
10.821130952381,0.786918282913043,0.94130225028128,0.144256686279825,46.8015873581017
10.8212301587302,0.786854445464612,0.941239929149006,0.144187697234547,46.8020483697061
10.8213293650794,0.786790614021383,0.941177607394364,0.144118741246665,46.8025093384179
10.8214285714286,0.786726788582422,0.941115285020025,0.144049818300402,46.8029702642435
10.8215277777778,0.786662969146798,0.941052962028659,0.143980928379987,46.8034311471896
10.821626984127,0.786599155713577,0.940990638422935,0.143912071469655,46.8038919872628
10.8217261904762,0.786535348281828,0.940928314205519,0.143843247553648,46.8043527844695
10.8218253968254,0.786471546850618,0.94086598937908,0.143774456616212,46.8048135388164
10.8219246031746,0.786407751419017,0.940803663946282,0.143705698641599,46.8052742503101
10.8220238095238,0.786343961986094,0.94074133790979,0.143636973614069,46.8057349189571
10.822123015873,0.786280178550916,0.940679011272267,0.143568281517886,46.8061955447639
10.8222222222222,0.786216401112554,0.940616684036373,0.143499622337319,46.8066561277371
10.8223214285714,0.786152629670078,0.940554356204771,0.143430996056646,46.8071166678832
10.8224206349206,0.786088864222557,0.940492027780121,0.143362402660148,46.8075771652089
10.8225198412698,0.786025104769061,0.940429698765081,0.143293842132112,46.8080376197206
10.822619047619,0.785961351308662,0.940367369162307,0.143225314456833,46.808498031425
10.8227182539683,0.78589760384043,0.940305038974456,0.14315681961861,46.8089584003285
10.8228174603175,0.785833862363437,0.940242708204184,0.143088357601748,46.8094187264377
10.8229166666667,0.785770126876752,0.940180376854144,0.143019928390558,46.8098790097591
10.8230158730159,0.78570639737945,0.940118044926988,0.142951531969358,46.8103392502994
10.8231150793651,0.7856426738706,0.940055712425369,0.14288316832247,46.8107994480649
10.8232142857143,0.785578956349276,0.939993379351937,0.142814837434223,46.8112596030624
10.8233134920635,0.785515244814551,0.93993104570934,0.142746539288951,46.8117197152983
10.8234126984127,0.785451539265496,0.939868711500228,0.142678273870996,46.8121797847791
10.8235119047619,0.785387839701186,0.939806376727248,0.142610041164702,46.8126398115114
10.8236111111111,0.785324146120694,0.939744041393044,0.142541841154423,46.8130997955017
10.8237103174603,0.785260458523092,0.93968170550026,0.142473673824515,46.8135597367566
10.8238095238095,0.785196776907457,0.939619369051543,0.142405539159345,46.8140196352825
10.8239087301587,0.785133101272861,0.939557032049534,0.14233743714328,46.8144794910861
10.8240079365079,0.78506943161838,0.939494694496873,0.142269367760696,46.8149393041738
10.8241071428571,0.785005767943089,0.9394323563962,0.142201330995975,46.8153990745521
10.8242063492063,0.784942110246062,0.939370017750156,0.142133326833504,46.8158588022276
10.8243055555556,0.784878458526375,0.939307678561376,0.142065355257675,46.8163184872068
10.8244047619048,0.784814812783105,0.939245338832499,0.141997416252889,46.8167781294963
10.824503968254,0.784751173015326,0.939182998566159,0.141929509803549,46.8172377291024
10.8246031746032,0.784687539222116,0.939120657764991,0.141861635894067,46.8176972860319
10.8247023809524,0.78462391140255,0.939058316431628,0.141793794508858,46.8181568002911
10.8248015873016,0.784560289555707,0.938995974568701,0.141725985632345,46.8186162718866
10.8249007936508,0.784496673680663,0.938933632178842,0.141658209248956,46.8190757008248
10.825,0.784433063776495,0.938871289264681,0.141590465343125,46.8195350871124
10.8250992063492,0.784369459842283,0.938808945828845,0.141522753899293,46.8199944307558
10.8251984126984,0.784305861877102,0.938746601873961,0.141455074901903,46.8204537317616
10.8252976190476,0.784242269880033,0.938684257402658,0.141387428335409,46.8209129901361
10.8253968253968,0.784178683850154,0.938621912417559,0.141319814184268,46.821372205886
10.825496031746,0.784115103786543,0.938559566921289,0.141252232432943,46.8218313790177
10.8255952380952,0.784051529688281,0.938497220916469,0.141184683065903,46.8222905095377
10.8256944444444,0.783987961554446,0.938434874405723,0.141117166067622,46.8227495974526
10.8257936507937,0.783924399384119,0.938372527391669,0.141049681422583,46.8232086427688
10.8258928571429,0.783860843176379,0.938310179876929,0.140982229115271,46.8236676454928
10.8259920634921,0.783797292930307,0.938247831864118,0.140914809130179,46.8241266056312
10.8260912698413,0.783733748644985,0.938185483355855,0.140847421451806,46.8245855231903
10.8261904761905,0.783670210319491,0.938123134354756,0.140780066064654,46.8250443981767
10.8262896825397,0.78360667795291,0.938060784863435,0.140712742953236,46.8255032305969
10.8263888888889,0.78354315154432,0.937998434884506,0.140645452102065,46.8259620204574
10.8264880952381,0.783479631092805,0.93793608442058,0.140578193495665,46.8264207677647
10.8265873015873,0.783416116597447,0.93787373347427,0.140510967118563,46.8268794725252
10.8266865079365,0.783352608057328,0.937811382048184,0.140443772955291,46.8273381347454
10.8267857142857,0.783289105471531,0.937749030144934,0.140376610990391,46.8277967544318
10.8268849206349,0.783225608839139,0.937686677767125,0.140309481208406,46.8282553315909
10.8269841269841,0.783162118159236,0.937624324917365,0.140242383593888,46.8287138662292
10.8270833333333,0.783098633430905,0.93756197159826,0.140175318131393,46.8291723583531
10.8271825396825,0.783035154653229,0.937499617812412,0.140108284805485,46.8296308079691
10.8272817460317,0.782971681825294,0.937437263562426,0.140041283600731,46.8300892150836
10.827380952381,0.782908214946184,0.937374908850904,0.139974314501707,46.8305475797033
10.8274801587302,0.782844754014983,0.937312553680446,0.139907377492991,46.8310059018344
10.8275793650794,0.782781299030776,0.937250198053653,0.139840472559172,46.8314641814836
10.8276785714286,0.782717849992649,0.937187841973122,0.13977359968484,46.8319224186572
10.8277777777778,0.782654406899688,0.937125485441451,0.139706758854592,46.8323806133617
10.827876984127,0.782590969750978,0.937063128461236,0.139639950053034,46.8328387656035
10.8279761904762,0.782527538545607,0.937000771035073,0.139573173264774,46.8332968753893
10.8280753968254,0.782464113282659,0.936938413165555,0.139506428474428,46.8337549427253
10.8281746031746,0.782400693961222,0.936876054855274,0.139439715666616,46.8342129676181
10.8282738095238,0.782337280580384,0.936813696106824,0.139373034825967,46.834670950074
10.828373015873,0.782273873139231,0.936751336922794,0.139306385937112,46.8351288900997
10.8284722222222,0.782210471636852,0.936688977305774,0.139239768984691,46.8355867877015
10.8285714285714,0.782147076072334,0.936626617258351,0.139173183953348,46.8360446428858
10.8286706349206,0.782083686444766,0.936564256783113,0.139106630827734,46.8365024556591
10.8287698412698,0.782020302753236,0.936501895882646,0.139040109592504,46.8369602260279
10.828869047619,0.781956924996833,0.936439534559534,0.138973620232321,46.8374179539987
10.8289682539683,0.781893553174646,0.93637717281636,0.138907162731854,46.8378756395777
10.8290674603175,0.781830187285765,0.936314810655708,0.138840737075775,46.8383332827716
10.8291666666667,0.78176682732928,0.936252448080159,0.138774343248764,46.8387908835867
10.8292658730159,0.781703473304279,0.936190085092292,0.138707981235508,46.8392484420295
10.8293650793651,0.781640125209855,0.936127721694687,0.138641651020697,46.8397059581064
10.8294642857143,0.781576783045097,0.936065357889921,0.138575352589028,46.8401634318238
10.8295634920635,0.781513446809096,0.93600299368057,0.138509085925205,46.8406208631883
10.8296626984127,0.781450116500942,0.935940629069211,0.138442851013936,46.8410782522061
10.8297619047619,0.781386792119729,0.935878264058418,0.138376647839937,46.8415355988838
10.8298611111111,0.781323473664548,0.935815898650764,0.138310476387929,46.8419929032278
10.8299603174603,0.781260161134491,0.935753532848821,0.138244336642636,46.8424501652444
10.8300595238095,0.78119685452865,0.935691166655161,0.138178228588793,46.8429073849402
10.8301587301587,0.781133553846117,0.935628800072351,0.138112152211136,46.8433645623216
10.8302579365079,0.781070259085986,0.935566433102962,0.138046107494411,46.8438216973949
10.8303571428571,0.78100697024735,0.93550406574956,0.137980094423366,46.8442787901666
10.8304563492063,0.780943687329302,0.935441698014713,0.137914112982758,46.8447358406432
10.8305555555556,0.780880410330936,0.935379329900984,0.137848163157348,46.8451928488309
10.8306547619048,0.780817139251347,0.935316961410938,0.137782244931904,46.8456498147363
10.830753968254,0.780753874089628,0.935254592547138,0.137716358291199,46.8461067383658
10.8308531746032,0.780690614844874,0.935192223312145,0.137650503220011,46.8465636197258
10.8309523809524,0.780627361516181,0.935129853708521,0.137584679703127,46.8470204588226
10.8310515873016,0.780564114102643,0.935067483738823,0.137518887725337,46.8474772556628
10.8311507936508,0.780500872603355,0.93500511340561,0.137453127271435,46.8479340102527
10.83125,0.780437637017415,0.934942742711441,0.137387398326228,46.8483907225986
10.8313492063492,0.780374407343918,0.934880371658869,0.137321700874523,46.8488473927071
10.8314484126984,0.78031118358196,0.934818000250451,0.137256034901132,46.8493040205845
10.8315476190476,0.780247965730639,0.934755628488739,0.137190400390878,46.8497606062372
10.8316468253968,0.780184753789051,0.934693256376287,0.137124797328585,46.8502171496717
10.831746031746,0.780121547756293,0.934630883915645,0.137059225699085,46.8506736508942
10.8318452380952,0.780058347631463,0.934568511109363,0.136993685487216,46.8511301099113
10.8319444444444,0.779995153413659,0.934506137959991,0.136928176677822,46.8515865267293
10.8320436507937,0.779931965101978,0.934443764470076,0.136862699255751,46.8520429013546
10.8321428571429,0.779868782695521,0.934381390642166,0.136797253205859,46.8524992337935
10.8322420634921,0.779805606193384,0.934319016478804,0.136731838513007,46.8529555240526
10.8323412698413,0.779742435594668,0.934256641982537,0.136666455162062,46.8534117721381
10.8324404761905,0.779679270898471,0.934194267155906,0.136601103137896,46.8538679780565
10.8325396825397,0.779616112103893,0.934131892001455,0.136535782425388,46.8543241418141
10.8326388888889,0.779552959210034,0.934069516521723,0.136470493009422,46.8547802634174
10.8327380952381,0.779489812215994,0.934007140719251,0.136405234874889,46.8552363428727
10.8328373015873,0.779426671120875,0.933944764596578,0.136340008006685,46.8556923801863
10.8329365079365,0.779363535923775,0.93388238815624,0.136274812389712,46.8561483753647
10.8330357142857,0.779300406623798,0.933820011400775,0.136209648008877,46.8566043284143
10.8331349206349,0.779237283220043,0.933757634332717,0.136144514849095,46.8570602393413
10.8332341269841,0.779174165711613,0.9336952569546,0.136079412895284,46.8575161081523
10.8333333333333,0.779111054097609,0.933632879268957,0.13601434213237,46.8579719348535
10.8334325396825,0.779047948377134,0.933570501278319,0.135949302545285,46.8584277194513
10.8335317460317,0.77898484854929,0.933508122985218,0.135884294118965,46.8588834619522
10.833630952381,0.77892175461318,0.933445744392183,0.135819316838353,46.8593391623624
10.8337301587302,0.778858666567907,0.933383365501741,0.135754370688398,46.8597948206883
10.8338293650794,0.778795584412575,0.93332098631642,0.135689455654055,46.8602504369364
10.8339285714286,0.778732508146287,0.933258606838746,0.135624571720283,46.8607060111128
10.8340277777778,0.778669437768147,0.933196227071244,0.135559718872051,46.8611615432241
10.834126984127,0.778606373277259,0.933133847016436,0.135494897094327,46.8616170332766
10.8342261904762,0.778543314672728,0.933071466676846,0.135430106372093,46.8620724812766
10.8343253968254,0.778480261953659,0.933009086054995,0.135365346690332,46.8625278872305
10.8344246031746,0.778417215119158,0.932946705153404,0.135300618034032,46.8629832511446
10.8345238095238,0.778354174168328,0.93288432397459,0.13523592038819,46.8634385730253
10.834623015873,0.778291139100277,0.932821942521072,0.135171253737807,46.863893852879
10.8347222222222,0.778228109914109,0.932759560795367,0.13510661806789,46.8643490907119
10.8348214285714,0.778165086608932,0.93269717879999,0.135042013363453,46.8648042865305
10.8349206349206,0.778102069183852,0.932634796537456,0.134977439609514,46.8652594403411
10.8350198412698,0.778039057637976,0.932572414010277,0.134912896791097,46.86571455215
10.835119047619,0.77797605197041,0.932510031220966,0.134848384893235,46.8661696219635
10.8352182539683,0.777913052180263,0.932447648172034,0.134783903900963,46.8666246497881
10.8353174603175,0.777850058266642,0.932385264865991,0.134719453799323,46.86707963563
10.8354166666667,0.777787070228656,0.932322881305344,0.134655034573364,46.8675345794956
10.8355158730159,0.777724088065412,0.932260497492603,0.13459064620814,46.8679894813912
10.8356150793651,0.777661111776018,0.932198113430271,0.134526288688709,46.8684443413231
10.8357142857143,0.777598141359585,0.932135729120856,0.13446196200014,46.8688991592978
10.8358134920635,0.777535176815221,0.932073344566862,0.134397666127503,46.8693539353214
10.8359126984127,0.777472218142036,0.93201095977079,0.134333401055875,46.8698086694004
10.8360119047619,0.77740926533914,0.931948574735143,0.13426916677034,46.870263361541
10.8361111111111,0.777346318405642,0.931886189462421,0.134204963255987,46.8707180117497
10.8362103174603,0.777283377340653,0.931823803955124,0.13414079049791,46.8711726200327
10.8363095238095,0.777220442143283,0.93176141821575,0.134076648481212,46.8716271863963
10.8364087301587,0.777157512812644,0.931699032246795,0.134012537190997,46.8720817108469
10.8365079365079,0.777094589347847,0.931636646050757,0.13394845661238,46.8725361933907
10.8366071428571,0.777031671748003,0.931574259630129,0.133884406730478,46.8729906340342
10.8367063492063,0.776968760012224,0.931511872987405,0.133820387530415,46.8734450327835
10.8368055555556,0.776905854139623,0.931449486125079,0.133756398997322,46.8738993896451
10.8369047619048,0.776842954129311,0.93138709904564,0.133692441116335,46.8743537046252
10.837003968254,0.776780059980401,0.93132471175158,0.133628513872595,46.8748079777302
10.8371031746032,0.776717171692006,0.931262324245386,0.133564617251249,46.8752622089663
10.8372023809524,0.77665428926324,0.931199936529548,0.133500751237452,46.8757163983399
10.8373015873016,0.776591412693216,0.931137548606552,0.133436915816363,46.8761705458573
10.8374007936508,0.776528541981047,0.931075160478884,0.133373110973147,46.8766246515247
10.8375,0.776465677125849,0.931012772149027,0.133309336692975,46.8770787153486
10.8375992063492,0.776402818126736,0.930950383619466,0.133245592961023,46.877532737335
10.8376984126984,0.776339964982821,0.930887994892681,0.133181879762476,46.8779867174905
10.8377976190476,0.776277117693221,0.930825605971155,0.13311819708252,46.8784406558213
10.8378968253968,0.77621427625705,0.930763216857367,0.133054544906351,46.8788945523336
10.837996031746,0.776151440673424,0.930700827553796,0.132990923219169,46.8793484070338
10.8380952380952,0.776088610941459,0.930638438062919,0.13292733200618,46.8798022199281
10.8381944444444,0.776025787060272,0.930576048387212,0.132863771252595,46.8802559910229
10.8382936507937,0.775962969028977,0.93051365852915,0.132800240943634,46.8807097203244
10.8383928571429,0.775900156846694,0.930451268491209,0.132736741064519,46.8811634078389
10.8384920634921,0.775837350512537,0.93038887827586,0.13267327160048,46.8816170535728
10.8385912698413,0.775774550025624,0.930326487885574,0.132609832536751,46.8820706575322
10.8386904761905,0.775711755385075,0.930264097322824,0.132546423858576,46.8825242197235
10.8387896825397,0.775648966590006,0.930201706590079,0.132483045551201,46.882977740153
10.8388888888889,0.775586183639535,0.930139315689806,0.132419697599878,46.8834312188269
10.8389880952381,0.775523406532781,0.930076924624473,0.132356379989866,46.8838846557516
10.8390873015873,0.775460635268863,0.930014533396545,0.13229309270643,46.8843380509332
10.8391865079365,0.775397869846899,0.929952142008488,0.132229835734841,46.8847914043781
10.8392857142857,0.77533511026601,0.929889750462764,0.132166609060374,46.8852447160925
10.8393849206349,0.775272356525315,0.929827358761838,0.132103412668313,46.8856979860827
10.8394841269841,0.775209608623933,0.929764966908169,0.132040246543944,46.886151214355
10.8395833333333,0.775146866560985,0.929702574904219,0.131977110672562,46.8866044009157
10.8396825396825,0.775084130335592,0.929640182752446,0.131914005039466,46.8870575457709
10.8397817460317,0.775021399946874,0.929577790455308,0.131850929629963,46.8875106489271
10.839880952381,0.774958675393953,0.929515398015261,0.131787884429363,46.8879637103903
10.8399801587302,0.774895956675949,0.929453005434762,0.131724869422984,46.888416730167
10.8400793650794,0.774833243791984,0.929390612716265,0.131661884596147,46.8888697082634
10.8401785714286,0.774770536741181,0.929328219862223,0.131598929934185,46.8893226446856
10.8402777777778,0.774707835522662,0.929265826875088,0.13153600542243,46.88977553944
10.840376984127,0.77464514013555,0.929203433757312,0.131473111046223,46.8902283925329
10.8404761904762,0.774582450578966,0.929141040511344,0.131410246790911,46.8906812039704
10.8405753968254,0.774519766852035,0.929078647139632,0.131347412641846,46.8911339737589
10.8406746031746,0.77445708895388,0.929016253644625,0.131284608584387,46.8915867019045
10.8407738095238,0.774394416883624,0.928953860028768,0.131221834603897,46.8920393884136
10.840873015873,0.774331750640392,0.928891466294508,0.131159090685746,46.8924920332923
10.8409722222222,0.774269090223307,0.928829072444287,0.13109637681531,46.892944636547
10.8410714285714,0.774206435631495,0.928766678480549,0.131033692977971,46.8933971981838
10.8411706349206,0.77414378686408,0.928704284405735,0.130971039159116,46.8938497182091
10.8412698412698,0.774081143920188,0.928641890222287,0.130908415344139,46.894302196629
10.841369047619,0.774018506798943,0.928579495932643,0.130845821518438,46.8947546334497
10.8414682539683,0.773955875499472,0.928517101539243,0.130783257667419,46.8952070286776
10.8415674603175,0.7738932500209,0.928454707044521,0.130720723776491,46.8956593823188
10.8416666666667,0.773830630362355,0.928392312450916,0.130658219831074,46.8961116943797
10.8417658730159,0.773768016522963,0.928329917760862,0.130595745816588,46.8965639648663
10.8418650793651,0.77370540850185,0.928267522976793,0.130533301718462,46.897016193785
10.8419642857143,0.773642806298144,0.928205128101141,0.130470887522131,46.897468381142
10.8420634920635,0.773580209910972,0.928142733136337,0.130408503213034,46.8979205269434
10.8421626984127,0.773517619339462,0.928080338084812,0.130346148776617,46.8983726311956
10.8422619047619,0.773455034582743,0.928017942948995,0.130283824198333,46.8988246939048
10.8423611111111,0.773392455639942,0.927955547731313,0.130221529463638,46.8992767150771
10.8424603174603,0.773329882510188,0.927893152434194,0.130159264557997,46.8997286947188
10.8425595238095,0.77326731519261,0.927830757060063,0.130097029466878,46.9001806328361
10.8426587301587,0.773204753686338,0.927768361611345,0.130034824175758,46.9006325294353
10.8427579365079,0.773142197990501,0.927705966090462,0.129972648670116,46.9010843845224
10.8428571428571,0.773079648104228,0.927643570499837,0.12991050293544,46.9015361981039
10.8429563492063,0.773017104026651,0.927581174841891,0.129848386957223,46.9019879701858
10.8430555555556,0.772954565756898,0.927518779119043,0.129786300720962,46.9024397007744
10.8431547619048,0.772892033294101,0.927456383333714,0.129724244212164,46.9028913898759
10.843253968254,0.772829506637392,0.927393987488319,0.129662217416337,46.9033430374964
10.8433531746032,0.7727669857859,0.927331591585277,0.129600220318998,46.9037946436423
10.8434523809524,0.772704470738759,0.927269195627,0.12953825290567,46.9042462083197
10.8435515873016,0.772641961495099,0.927206799615905,0.129476315161879,46.9046977315347
10.8436507936508,0.772579458054053,0.927144403554403,0.12941440707316,46.9051492132937
10.84375,0.772516960414753,0.927082007444907,0.129352528625052,46.9056006536028
10.8438492063492,0.772454468576332,0.927019611289827,0.129290679803101,46.9060520524681
10.8439484126984,0.772391982537924,0.926957215091572,0.129228860592857,46.906503409896
10.8440476190476,0.77232950229866,0.926894818852552,0.129167070979878,46.9069547258925
10.8441468253968,0.772267027857675,0.926832422575172,0.129105310949727,46.907406000464
10.844246031746,0.772204559214103,0.92677002626184,0.129043580487973,46.9078572336165
10.8443452380952,0.772142096367079,0.926707629914959,0.128981879580189,46.9083084253562
10.8444444444444,0.772079639315735,0.926645233536934,0.128920208211958,46.9087595756894
10.8445436507937,0.772017188059207,0.926582837130167,0.128858566368863,46.9092106846223
10.8446428571429,0.771954742596631,0.92652044069706,0.128796954036499,46.9096617521609
10.8447420634921,0.771892302927141,0.926458044240013,0.128735371200464,46.9101127783115
10.8448412698413,0.771829869049874,0.926395647761425,0.128673817846361,46.9105637630803
10.8449404761905,0.771767440963965,0.926333251263693,0.128612293959799,46.9110147064735
10.8450396825397,0.77170501866855,0.926270854749216,0.128550799526395,46.9114656084972
10.8451388888889,0.771642602162766,0.926208458220388,0.12848933453177,46.9119164691576
10.8452380952381,0.77158019144575,0.926146061679603,0.128427898961551,46.9123672884609
10.8453373015873,0.771517786516639,0.926083665129256,0.128366492801371,46.9128180664133
10.8454365079365,0.771455387374569,0.926021268571738,0.12830511603687,46.9132688030208
10.8455357142857,0.77139299401868,0.92595887200944,0.128243768653691,46.9137194982898
10.8456349206349,0.771330606448108,0.925896475444753,0.128182450637486,46.9141701522263
10.8457341269841,0.771268224661992,0.925834078880065,0.128121161973912,46.9146207648365
10.8458333333333,0.771205848659471,0.925771682317763,0.12805990264863,46.9150713361267
10.8459325396825,0.771143478439683,0.925709285760234,0.127998672647309,46.9155218661029
10.8460317460317,0.771081114001766,0.925646889209863,0.127937471955622,46.9159723547713
10.846130952381,0.771018755344863,0.925584492669034,0.12787630055925,46.916422802138
10.8462301587302,0.770956402468111,0.925522096140131,0.12781515844388,46.9168732082093
10.8463293650794,0.770894055370651,0.925459699625535,0.127754045595201,46.9173235729913
10.8464285714286,0.770831714051622,0.925397303127627,0.127692961998913,46.9177738964901
10.8465277777778,0.770769378510166,0.925334906648786,0.127631907640717,46.9182241787119
10.846626984127,0.770707048745423,0.92527251019139,0.127570882506324,46.9186744196629
10.8467261904762,0.770644724756535,0.925210113757818,0.127509886581448,46.9191246193491
10.8468253968254,0.770582406542642,0.925147717350444,0.12744891985181,46.9195747777768
10.8469246031746,0.770520094102888,0.925085320971643,0.127387982303136,46.9200248949521
10.8470238095238,0.770457787436412,0.925022924623791,0.12732707392116,46.9204749708811
10.847123015873,0.770395486542359,0.924960528309258,0.12726619469162,46.9209250055699
10.8472222222222,0.770333191419871,0.924898132030416,0.12720534460026,46.9213749990248
10.8473214285714,0.77027090206809,0.924835735789637,0.127144523632831,46.9218249512518
10.8474206349206,0.770208618486159,0.924773339589288,0.127083731775087,46.9222748622571
10.8475198412698,0.770146340673222,0.924710943431737,0.127022969012791,46.9227247320468
10.847619047619,0.770084068628423,0.924648547319352,0.126962235331711,46.9231745606271
10.8477182539683,0.770021802350907,0.924586151254499,0.12690153071762,46.9236243480041
10.8478174603175,0.769959541839817,0.924523755239542,0.126840855156298,46.9240740941839
10.8479166666667,0.769897287094298,0.924461359276843,0.126780208633529,46.9245237991727
10.8480158730159,0.769835038113494,0.924398963368766,0.126719591135105,46.9249734629765
10.8481150793651,0.769772794896552,0.924336567517672,0.126659002646823,46.9254230856015
10.8482142857143,0.769710557442617,0.92427417172592,0.126598443154485,46.9258726670539
10.8483134920635,0.769648325750833,0.924211775995869,0.126537912643901,46.9263222073397
10.8484126984127,0.769586099820349,0.924149380329876,0.126477411100884,46.9267717064651
10.8485119047619,0.769523879650309,0.924086984730298,0.126416938511255,46.9272211644361
10.8486111111111,0.769461665239861,0.924024589199491,0.12635649486084,46.927670581259
10.8487103174603,0.769399456588151,0.923962193739809,0.126296080135471,46.9281199569398
10.8488095238095,0.769337253694327,0.923899798353604,0.126235694320985,46.9285692914847
10.8489087301587,0.769275056557536,0.923837403043228,0.126175337403228,46.9290185848997
10.8490079365079,0.769212865176926,0.923775007811031,0.126115009368046,46.929467837191
10.8491071428571,0.769150679551646,0.923712612659365,0.126054710201298,46.9299170483646
10.8492063492063,0.769088499680843,0.923650217590576,0.125994439888844,46.9303662184267
10.8493055555556,0.769026325563667,0.923587822607013,0.125934198416551,46.9308153473834
10.8494047619048,0.768964157199266,0.923525427711021,0.125873985770291,46.9312644352408
10.849503968254,0.76890199458679,0.923463032904945,0.125813801935944,46.931713482005
10.8496031746032,0.768839837725389,0.923400638191128,0.125753646899395,46.9321624876821
10.8497023809524,0.768777686614211,0.923338243571915,0.125693520646533,46.9326114522782
10.8498015873016,0.768715541252408,0.923275849049645,0.125633423163255,46.9330603757994
10.8499007936508,0.768653401639129,0.923213454626659,0.125573354435464,46.9335092582518
10.85,0.768591267773526,0.923151060305297,0.125513314449067,46.9339580996414
10.8500992063492,0.76852913965475,0.923088666087896,0.125453303189979,46.9344068999745
10.8501984126984,0.768467017281951,0.923026271976793,0.125393320644118,46.934855659257
10.8502976190476,0.768404900654282,0.922963877974324,0.125333366797411,46.935304377495
10.8503968253968,0.768342789770894,0.922901484082823,0.12527344163579,46.9357530546947
10.850496031746,0.768280684630938,0.922839090304623,0.125213545145189,46.9362016908622
10.8505952380952,0.76821858523357,0.922776696642059,0.125153677311556,46.9366502860034
10.8506944444444,0.768156491577941,0.922714303097459,0.125093838120836,46.9370988401246
10.8507936507937,0.768094403663203,0.922651909673154,0.125034027558986,46.9375473532318
10.8508928571429,0.76803232148851,0.922589516371473,0.124974245611967,46.937995825331
10.8509920634921,0.767970245053017,0.922527123194744,0.124914492265743,46.9384442564283
10.8510912698413,0.767908174355876,0.922464730145292,0.124854767506289,46.9388926465299
10.8511904761905,0.767846109396242,0.922402337225443,0.124795071319582,46.9393409956417
10.8512896825397,0.76778405017327,0.922339944437522,0.124735403691607,46.93978930377
10.8513888888889,0.767721996686114,0.922277551783851,0.124675764608352,46.9402375709206
10.8514880952381,0.76765994893393,0.922215159266753,0.124616154055815,46.9406857970998
10.8515873015873,0.767597906915872,0.922152766888547,0.124556572019996,46.9411339823136
10.8516865079365,0.767535870631097,0.922090374651554,0.124497018486904,46.941582126568
10.8517857142857,0.76747384007876,0.922027982558091,0.124437493442551,46.9420302298691
10.8518849206349,0.767411815258018,0.921965590610477,0.124377996872957,46.9424782922229
10.8519841269841,0.767349796168027,0.921903198811026,0.124318528764146,46.9429263136356
10.8520833333333,0.767287782807944,0.921840807162055,0.12425908910215,46.9433742941132
10.8521825396825,0.767225775176927,0.921778415665877,0.124199677873006,46.9438222336618
10.8522817460317,0.767163773274133,0.921716024324804,0.124140295062755,46.9442701322873
10.852380952381,0.767101777098719,0.921653633141149,0.124080940657447,46.9447179899959
10.8524801587302,0.767039786649843,0.921591242117221,0.124021614643136,46.9451658067937
10.8525793650794,0.766977801926664,0.921528851255329,0.123962317005882,46.9456135826866
10.8526785714286,0.76691582292834,0.921466460557782,0.12390304773175,46.9460613176807
10.8527777777778,0.766853849654031,0.921404070026886,0.123843806806813,46.9465090117821
10.852876984127,0.766791882102894,0.921341679664947,0.123784594217148,46.9469566649968
10.8529761904762,0.766729920274091,0.92127928947427,0.12372540994884,46.9474042773308
10.8530753968254,0.76666796416678,0.921216899457158,0.123666253987976,46.9478518487903
10.8531746031746,0.766606013780121,0.921154509615913,0.123607126320653,46.9482993793812
10.8532738095238,0.766544069113276,0.921092119952837,0.123548026932971,46.9487468691096
10.853373015873,0.766482130165404,0.921029730470229,0.123488955811038,46.9491943179815
10.8534722222222,0.766420196935665,0.920967341170388,0.123429912940965,46.949641726003
10.8535714285714,0.766358269423223,0.920904952055612,0.123370898308873,46.9500890931801
10.8536706349206,0.766296347627238,0.920842563128198,0.123311911900885,46.9505364195188
10.8537698412698,0.766234431546872,0.92078017439044,0.123252953703132,46.9509837050251
10.853869047619,0.766172521181287,0.920717785844633,0.12319402370175,46.9514309497052
10.8539682539683,0.766110616529646,0.92065539749307,0.123135121882881,46.9518781535649
10.8540674603175,0.76604871759111,0.920593009338042,0.123076248232672,46.9523253166105
10.8541666666667,0.765986824364843,0.920530621381841,0.123017402737278,46.9527724388478
10.8542658730159,0.765924936850008,0.920468233626756,0.122958585382858,46.9532195202829
10.8543650793651,0.765863055045769,0.920405846075076,0.122899796155577,46.9536665609218
10.8544642857143,0.765801178951289,0.920343458729087,0.122841035041607,46.9541135607705
10.8545634920635,0.765739308565733,0.920281071591077,0.122782302027125,46.9545605198352
10.8546626984127,0.765677443888265,0.920218684663329,0.122723597098314,46.9550074381216
10.8547619047619,0.76561558491805,0.920156297948127,0.122664920241362,46.955454315636
10.8548611111111,0.765553731654252,0.920093911447755,0.122606271442465,46.9559011523843
10.8549603174603,0.765491884096036,0.920031525164493,0.122547650687822,46.9563479483725
10.8550595238095,0.765430042242569,0.919969139100623,0.12248905796364,46.9567947036067
10.8551587301587,0.765368206093017,0.919906753258423,0.122430493256132,46.9572414180927
10.8552579365079,0.765306375646545,0.919844367640171,0.122371956551516,46.9576880918367
10.8553571428571,0.76524455090232,0.919781982248145,0.122313447836015,46.9581347248447
10.8554563492063,0.765182731859509,0.91971959708462,0.122254967095859,46.9585813171226
10.8555555555556,0.765120918517278,0.91965721215187,0.122196514317284,46.9590278686765
10.8556547619048,0.765059110874795,0.91959482745217,0.122138089486531,46.9594743795124
10.855753968254,0.764997308931228,0.91953244298779,0.122079692589848,46.9599208496361
10.8558531746032,0.764935512685744,0.919470058761004,0.122021323613487,46.9603672790539
10.8559523809524,0.764873722137511,0.919407674774079,0.121962982543709,46.9608136677716
10.8560515873016,0.764811937285699,0.919345291029286,0.121904669366776,46.9612600157952
10.8561507936508,0.764750158129475,0.919282907528891,0.121846384068961,46.9617063231308
10.85625,0.764688384668009,0.919220524275163,0.12178812663654,46.9621525897843
10.8563492063492,0.76462661690047,0.919158141270364,0.121729897055795,46.9625988157617
10.8564484126984,0.764564854826027,0.91909575851676,0.121671695313014,46.9630450010691
10.8565476190476,0.764503098443852,0.919033376016615,0.121613521394492,46.9634911457123
10.8566468253968,0.764441347753113,0.91897099377219,0.121555375286529,46.9639372496974
10.856746031746,0.764379602752982,0.918908611785746,0.12149725697543,46.9643833130303
10.8568452380952,0.764317863442629,0.918846230059541,0.121439166447508,46.9648293357171
10.8569444444444,0.764256129821225,0.918783848595836,0.121381103689079,46.9652753177637
10.8570436507937,0.764194401887941,0.918721467396887,0.121323068686466,46.9657212591761
10.8571428571429,0.76413267964195,0.918659086464949,0.121265061426,46.9661671599603
10.8572420634921,0.764070963082423,0.918596705802279,0.121207081894015,46.9666130201222
10.8573412698413,0.764009252208533,0.91853432541113,0.121149130076852,46.9670588396679
10.8574404761905,0.763947547019451,0.918471945293755,0.121091205960858,46.9675046186032
10.8575396825397,0.763885847514351,0.918409565452405,0.121033309532386,46.9679503569342
10.8576388888889,0.763824153692406,0.91834718588933,0.120975440777793,46.9683960546668
10.8577380952381,0.76376246555279,0.91828480660678,0.120917599683444,46.968841711807
10.8578373015873,0.763700783094675,0.918222427607003,0.12085978623571,46.9692873283608
10.8579365079365,0.763639106317235,0.918160048892246,0.120802000420966,46.9697329043341
10.8580357142857,0.763577435219647,0.918097670464754,0.120744242225594,46.9701784397328
10.8581349206349,0.763515769801083,0.918035292326773,0.120686511635982,46.9706239345631
10.8582341269841,0.763454110060719,0.917972914480545,0.120628808638523,46.9710693888307
10.8583333333333,0.76339245599773,0.917910536928313,0.120571133219618,46.9715148025416
10.8584325396825,0.763330807611291,0.917848159672318,0.12051348536567,46.9719601757019
10.8585317460317,0.763269164900578,0.9177857827148,0.120455865063092,46.9724055083174
10.858630952381,0.763207527864766,0.917723406057999,0.120398272298299,46.9728508003942
10.8587301587302,0.763145896503033,0.917661029704151,0.120340707057716,46.9732960519381
10.8588293650794,0.763084270814555,0.917598653655493,0.12028316932777,46.9737412629551
10.8589285714286,0.763022650798509,0.91753627791426,0.120225659094896,46.9741864334512
10.8590277777778,0.762961036454072,0.917473902482688,0.120168176345535,46.9746315634323
10.859126984127,0.762899427780421,0.917411527363008,0.120110721066132,46.9750766529043
10.8592261904762,0.762837824776734,0.917349152557453,0.120053293243139,46.9755217018732
10.8593253968254,0.762776227442189,0.917286778068254,0.119995892863016,46.975966710345
10.8594246031746,0.762714635775964,0.917224403897639,0.119938519912223,46.9764116783255
10.8595238095238,0.762653049777239,0.917162030047838,0.119881174377234,46.9768566058207
10.859623015873,0.762591469445192,0.917099656521079,0.119823856244521,46.9773014928365
10.8597222222222,0.762529894779002,0.917037283319586,0.119766565500567,46.977746339379
10.8598214285714,0.76246832577785,0.916974910445586,0.119709302131859,46.9781911454539
10.8599206349206,0.762406762440913,0.916912537901302,0.119652066124889,46.9786359110672
10.8600198412698,0.762345204767374,0.916850165688957,0.119594857466157,46.9790806362249
10.860119047619,0.762283652756411,0.916787793810772,0.119537676142167,46.9795253209329
10.8602182539683,0.762222106407206,0.916725422268967,0.11948052213943,46.9799699651971
10.8603174603175,0.76216056571894,0.916663051065763,0.119423395444462,46.9804145690235
10.8604166666667,0.762099030690794,0.916600680203376,0.119366296043786,46.9808591324179
10.8605158730159,0.762037501321949,0.916538309684025,0.119309223923928,46.9813036553862
10.8606150793651,0.761975977611587,0.916475939509924,0.119252179071425,46.9817481379345
10.8607142857143,0.761914459558891,0.916413569683289,0.119195161472814,46.9821925800686
10.8608134920635,0.761852947163042,0.916351200206332,0.119138171114642,46.9826369817944
10.8609126984127,0.761791440423223,0.916288831081266,0.11908120798346,46.9830813431179
10.8610119047619,0.761729939338619,0.916226462310303,0.119024272065825,46.9835256640448
10.8611111111111,0.761668443908411,0.916164093895653,0.118967363348302,46.9839699445813
10.8612103174603,0.761606954131783,0.916101725839524,0.118910481817459,46.9844141847331
10.8613095238095,0.76154547000792,0.916039358144124,0.11885362745987,46.9848583845062
10.8614087301587,0.761483991536005,0.915976990811659,0.118796800262116,46.9853025439065
10.8615079365079,0.761422518715223,0.915914623844336,0.118740000210785,46.9857466629399
10.8616071428571,0.761361051544758,0.915852257244357,0.118683227292468,46.9861907416122
10.8617063492063,0.761299590023796,0.915789891013927,0.118626481493763,46.9866347799295
10.8618055555556,0.761238134151521,0.915727525155248,0.118569762801276,46.9870787778975
10.8619047619048,0.76117668392712,0.915665159670519,0.118513071201615,46.9875227355222
10.862003968254,0.761115239349778,0.915602794561941,0.118456406681397,46.9879666528095
10.8621031746032,0.761053800418682,0.915540429831713,0.118399769227243,46.9884105297653
10.8622023809524,0.760992367133018,0.915478065482031,0.118343158825781,46.9888543663954
10.8623015873016,0.760930939491972,0.915415701515092,0.118286575463644,46.9892981627058
10.8624007936508,0.760869517494732,0.915353337933089,0.11823001912747,46.9897419187023
10.8625,0.760808101140485,0.91529097473822,0.118173489803907,46.9901856343909
10.8625992063492,0.760746690428419,0.915228611932675,0.118116987479605,46.9906293097773
10.8626984126984,0.760685285357722,0.915166249518646,0.118060512141219,46.9910729448676
10.8627976190476,0.760623885927581,0.915103887498323,0.118004063775413,46.9915165396676
10.8628968253968,0.760562492137187,0.915041525873896,0.117947642368856,46.9919600941831
10.862996031746,0.760501103985726,0.914979164647553,0.117891247908221,46.99240360842
10.8630952380952,0.760439721472388,0.914916803821481,0.117834880380188,46.9928470823843
10.8631944444444,0.760378344596364,0.914854443397865,0.117778539771445,46.9932905160817
10.8632936507937,0.760316973356841,0.914792083378891,0.117722226068682,46.9937339095183
10.8633928571429,0.760255607753011,0.914729723766741,0.117665939258597,46.9941772626997
10.8634920634921,0.760194247784064,0.914667364563598,0.117609679327894,46.994620575632
10.8635912698413,0.760132893449189,0.914605005771644,0.117553446263283,46.995063848321
10.8636904761905,0.760071544747579,0.914542647393058,0.117497240051478,46.9955070807725
10.8637896825397,0.760010201678423,0.91448028943002,0.1174410606792,46.9959502729924
10.8638888888889,0.759948864240913,0.914417931884706,0.117384908133177,46.9963934249866
10.8639880952381,0.759887532434243,0.914355574759294,0.117328782400142,46.9968365367609
10.8640873015873,0.759826206257602,0.914293218055959,0.117272683466832,46.9972796083212
10.8641865079365,0.759764885710184,0.914230861776876,0.117216611319994,46.9977226396734
10.8642857142857,0.75970357079118,0.914168505924217,0.117160565946376,46.9981656308233
10.8643849206349,0.759642261499785,0.914106150500155,0.117104547332736,46.9986085817768
10.8644841269841,0.759580957835191,0.91404379550686,0.117048555465835,46.9990514925396
10.8645833333333,0.759519659796591,0.913981440946502,0.116992590332441,46.9994943631178
10.8646825396825,0.759458367383179,0.913919086821249,0.116936651919328,46.9999371935171
10.8647817460317,0.75939708059415,0.913856733133269,0.116880740213275,47.0003799837434
10.864880952381,0.759335799428697,0.913794379884729,0.116824855201068,47.0008227338025
10.8649801587302,0.759274523886015,0.913732027077792,0.116768996869499,47.0012654437002
10.8650793650794,0.759213253965299,0.913669674714624,0.116713165205364,47.0017081134425
10.8651785714286,0.759151989665745,0.913607322797386,0.116657360195466,47.0021507430352
10.8652777777778,0.759090730986547,0.913544971328241,0.116601581826615,47.002593332484
10.865376984127,0.759029477926901,0.913482620309348,0.116545830085624,47.0030358817949
10.8654761904762,0.758968230486005,0.913420269742867,0.116490104959315,47.0034783909736
10.8655753968254,0.758906988663053,0.913357919630958,0.116434406434514,47.0039208600261
10.8656746031746,0.758845752457243,0.913295569975775,0.116378734498053,47.0043632889581
10.8657738095238,0.758784521867771,0.913233220779475,0.116323089136771,47.0048056777755
10.865873015873,0.758723296893835,0.913170872044214,0.116267470337511,47.005248026484
10.8659722222222,0.758662077534633,0.913108523772144,0.116211878087123,47.0056903350897
10.8660714285714,0.758600863789361,0.913046175965417,0.116156312372462,47.0061326035982
10.8661706349206,0.758539655657218,0.912983828626185,0.116100773180391,47.0065748320154
10.8662698412698,0.758478453137403,0.912921481756599,0.116045260497776,47.0070170203471
10.866369047619,0.758417256229114,0.912859135358806,0.115989774311491,47.0074591685991
10.8664682539683,0.75835606493155,0.912796789434955,0.115934314608414,47.0079012767773
10.8665674603175,0.758294879243911,0.912734443987193,0.115878881375432,47.0083433448875
10.8666666666667,0.758233699165395,0.912672099017664,0.115823474599433,47.0087853729355
10.8667658730159,0.758172524695204,0.912609754528514,0.115768094267316,47.009227360927
10.8668650793651,0.758111355832535,0.912547410521883,0.115712740365981,47.0096693088681
10.8669642857143,0.758050192576591,0.912485066999917,0.115657412882339,47.0101112167643
10.8670634920635,0.757989034926573,0.912422723964756,0.115602111803303,47.0105530846216
10.8671626984127,0.75792788288168,0.912360381418538,0.115546837115792,47.0109949124458
10.8672619047619,0.757866736441115,0.912298039363402,0.115491588806733,47.0114367002427
10.8673611111111,0.757805595604079,0.912235697801486,0.115436366863058,47.011878448018
10.8674603174603,0.757744460369774,0.912173356734926,0.115381171271703,47.0123201557776
10.8675595238095,0.757683330737401,0.912111016165857,0.115326002019613,47.0127618235273
10.8676587301587,0.757622206706164,0.912048676096414,0.115270859093736,47.0132034512728
10.8677579365079,0.757561088275265,0.911986336528728,0.115215742481028,47.0136450390201
10.8678571428571,0.757499975443907,0.911923997464932,0.11516065216845,47.0140865867748
10.8679563492063,0.757438868211294,0.911861658907155,0.115105588142968,47.0145280945428
10.8680555555556,0.757377766576628,0.911799320857528,0.115050550391555,47.0149695623299
10.8681547619048,0.757316670539115,0.911736983318178,0.114995538901189,47.0154109901419
10.868253968254,0.757255580097958,0.911674646291233,0.114940553658855,47.0158523779845
10.8683531746032,0.757194495252361,0.911612309778817,0.114885594651543,47.0162937258636
10.8684523809524,0.75713341600153,0.911549973783057,0.114830661866249,47.0167350337849
10.8685515873016,0.757072342344669,0.911487638306075,0.114775755289975,47.0171763017542
10.8686507936508,0.757011274280985,0.911425303349995,0.114720874909728,47.0176175297773
10.86875,0.756950211809681,0.911362968916936,0.114666020712523,47.0180587178601
10.8688492063492,0.756889154929966,0.91130063500902,0.114611192685379,47.0184998660082
10.8689484126984,0.756828103641044,0.911238301628366,0.11455639081532,47.0189409742274
10.8690476190476,0.756767057942122,0.91117596877709,0.114501615089379,47.0193820425236
10.8691468253968,0.756706017832407,0.91111363645731,0.114446865494592,47.0198230709025
10.869246031746,0.756644983311107,0.911051304671142,0.114392142018001,47.0202640593698
10.8693452380952,0.756583954377428,0.910988973420699,0.114337444646656,47.0207050079315
10.8694444444444,0.756522931030578,0.910926642708094,0.114282773367611,47.0211459165931
10.8695436507937,0.756461913269765,0.910864312535441,0.114228128167927,47.0215867853606
10.8696428571429,0.756400901094197,0.910801982904849,0.114173509034669,47.0220276142396
10.8697420634921,0.756339894503084,0.910739653818428,0.11411891595491,47.0224684032359
10.8698412698413,0.756278893495633,0.910677325278287,0.114064348915727,47.0229091523554
10.8699404761905,0.756217898071054,0.910614997286533,0.114009807904205,47.0233498616037
10.8700396825397,0.756156908228557,0.910552669845273,0.113955292907432,47.0237905309866
10.8701388888889,0.75609592396735,0.910490342956613,0.113900803912506,47.0242311605099
10.8702380952381,0.756034945286645,0.910428016622654,0.113846340906527,47.0246717501794
10.8703373015873,0.755973972185652,0.910365690845501,0.113791903876601,47.0251123000007
10.8704365079365,0.75591300466358,0.910303365627256,0.113737492809842,47.0255528099797
10.8705357142857,0.755852042719641,0.910241040970018,0.11368310769337,47.0259932801222
10.8706349206349,0.755791086353046,0.910178716875887,0.113628748514308,47.0264337104337
10.8707341269841,0.755730135563007,0.910116393346961,0.113574415259787,47.0268741009202
10.8708333333333,0.755669190348734,0.910054070385337,0.113520107916944,47.0273144515874
10.8709325396825,0.755608250709441,0.909991747993112,0.113465826472921,47.0277547624409
10.8710317460317,0.75554731664434,0.909929426172379,0.113411570914866,47.0281950334866
10.871130952381,0.755486388152643,0.909867104925233,0.113357341229932,47.0286352647302
10.8712301587302,0.755425465233563,0.909804784253766,0.113303137405281,47.0290754561774
10.8713293650794,0.755364547886312,0.909742464160068,0.113248959428076,47.029515607834
10.8714285714286,0.755303636110106,0.909680144646231,0.113194807285491,47.0299557197057
10.8715277777778,0.755242729904158,0.909617825714344,0.113140680964702,47.0303957917983
10.871626984127,0.755181829267681,0.909555507366493,0.113086580452893,47.0308358241175
10.8717261904762,0.75512093419989,0.909493189604766,0.113032505737252,47.0312758166689
10.8718253968254,0.7550600447,0.909430872431249,0.112978456804975,47.0317157694585
10.8719246031746,0.754999160767226,0.909368555848025,0.112924433643262,47.0321556824918
10.8720238095238,0.754938282400782,0.909306239857178,0.11287043623932,47.0325955557746
10.872123015873,0.754877409599885,0.90924392446079,0.112816464580361,47.0330353893127
10.8722222222222,0.75481654236375,0.909181609660942,0.112762518653604,47.0334751831117
10.8723214285714,0.754755680691593,0.909119295459713,0.112708598446273,47.0339149371774
10.8724206349206,0.754694824582631,0.909056981859182,0.112654703945597,47.0343546515156
10.8725198412698,0.754633974036081,0.908994668861427,0.112600835138814,47.0347943261319
10.872619047619,0.754573129051158,0.908932356468524,0.112546992013163,47.035233961032
10.8727182539683,0.754512289627082,0.908870044682547,0.112493174555894,47.0356735562217
10.8728174603175,0.754451455763067,0.908807733505571,0.112439382754258,47.0361131117066
10.8729166666667,0.754390627458335,0.90874542293967,0.112385616595516,47.0365526274926
10.8730158730159,0.754329804712102,0.908683112986914,0.112331876066933,47.0369921035853
10.8731150793651,0.754268987523586,0.908620803649374,0.11227816115578,47.0374315399904
10.8732142857143,0.754208175892007,0.908558494929119,0.112224471849333,47.0378709367136
10.8733134920635,0.754147369816582,0.908496186828218,0.112170808134876,47.0383102937607
10.8734126984127,0.754086569296533,0.908433879348738,0.112117169999696,47.0387496111373
10.8735119047619,0.754025774331078,0.908371572492745,0.112063557431088,47.0391888888492
10.8736111111111,0.753964984919437,0.908309266262302,0.112009970416352,47.039628126902
10.8737103174603,0.75390420106083,0.908246960659475,0.111956408942794,47.0400673253014
10.8738095238095,0.753843422754478,0.908184655686325,0.111902872997726,47.0405064840532
10.8739087301587,0.753782649999601,0.908122351344914,0.111849362568466,47.0409456031631
10.8740079365079,0.753721882795421,0.908060047637302,0.111795877642338,47.0413846826367
10.8741071428571,0.753661121141159,0.907997744565548,0.11174241820667,47.0418237224797
10.8742063492063,0.753600365036036,0.907935442131709,0.111688984248799,47.0422627226979
10.8743055555556,0.753539614479274,0.907873140337842,0.111635575756064,47.0427016832969
10.8744047619048,0.753478869470097,0.907810839186004,0.111582192715815,47.0431406042824
10.874503968254,0.753418130007725,0.907748538678248,0.111528835115402,47.0435794856601
10.8746031746032,0.753357396091382,0.907686238816628,0.111475502942186,47.0440183274357
10.8747023809524,0.753296667720292,0.907623939603195,0.111422196183529,47.0444571296149
10.8748015873016,0.753235944893676,0.907561641040001,0.111368914826804,47.0448958922033
10.8749007936508,0.75317522761076,0.907499343129095,0.111315658859385,47.0453346152066
10.875,0.753114515870767,0.907437045872526,0.111262428268656,47.0457732986306
10.8750992063492,0.753053809672921,0.907374749272342,0.111209223042004,47.0462119424808
10.8751984126984,0.752993109016446,0.907312453330589,0.111156043166823,47.046650546763
10.8752976190476,0.752932413900568,0.907250158049311,0.111102888630512,47.0470891114828
10.8753968253968,0.752871724324512,0.907187863430554,0.111049759420477,47.047527636646
10.875496031746,0.752811040287503,0.907125569476359,0.110996655524129,47.0479661222581
10.8755952380952,0.752750361788766,0.907063276188769,0.110943576928886,47.0484045683249
10.8756944444444,0.752689688827529,0.907000983569823,0.110890523622171,47.048842974852
10.8757936507937,0.752629021403015,0.906938691621562,0.110837495591411,47.0492813418451
10.8758928571429,0.752568359514454,0.906876400346024,0.110784492824043,47.0497196693099
10.8759920634921,0.752507703161072,0.906814109745245,0.110731515307507,47.050157957252
10.8760912698413,0.752447052342095,0.906751819821263,0.110678563029249,47.050596205677
10.8761904761905,0.75238640705675,0.906689530576111,0.110625635976722,47.0510344145907
10.8762896825397,0.752325767304267,0.906627242011823,0.110572734137383,47.0514725839987
10.8763888888889,0.752265133083873,0.906564954130432,0.110519857498697,47.0519107139066
10.8764880952381,0.752204504394795,0.906502666933968,0.110467006048133,47.0523488043201
10.8765873015873,0.752143881236263,0.906440380424463,0.110414179773167,47.0527868552449
10.8766865079365,0.752083263607506,0.906378094603945,0.110361378661281,47.0532248666866
10.8767857142857,0.752022651507752,0.906315809474442,0.110308602699962,47.0536628386508
10.8768849206349,0.751962044936232,0.906253525037981,0.110255851876703,47.0541007711433
10.8769841269841,0.751901443892174,0.906191241296587,0.110203126179003,47.0545386641696
10.8770833333333,0.75184084837481,0.906128958252285,0.110150425594368,47.0549765177354
10.8771825396825,0.751780258383369,0.906066675907098,0.110097750110308,47.0554143318464
10.8772817460317,0.751719673917081,0.906004394263047,0.110045099714339,47.0558521065081
10.877380952381,0.751659094975179,0.905942113322155,0.109992474393984,47.0562898417263
10.8774801587302,0.751598521556893,0.905879833086441,0.109939874136772,47.0567275375065
10.8775793650794,0.751537953661454,0.905817553557923,0.109887298930237,47.0571651938544
10.8776785714286,0.751477391287747,0.905755274738666,0.109834748762452,47.0576028107757
10.8777777777778,0.75141683443004,0.905692996631285,0.109782223628914,47.0580403882754
10.877876984127,0.751356283085942,0.905630719237826,0.109729723520694,47.0584779263589
10.8779761904762,0.751295737254682,0.905568442560098,0.109677248426469,47.0589154250316
10.8780753968254,0.751235196935487,0.905506166599914,0.109624798334918,47.0593528842989
10.8781746031746,0.751174662127587,0.905443891359083,0.109572373234725,47.059790304166
10.8782738095238,0.751114132830209,0.905381616839416,0.109519973114579,47.0602276846384
10.878373015873,0.751053609042582,0.90531934304272,0.10946759796317,47.0606650257214
10.8784722222222,0.750993090763935,0.905257069970806,0.109415247769193,47.0611023274205
10.8785714285714,0.750932577993497,0.90519479762548,0.109362922521346,47.0615395897409
10.8786706349206,0.750872070730496,0.905132526008548,0.109310622208331,47.061976812688
10.8787698412698,0.750811568974161,0.905070255121818,0.109258346818854,47.0624139962672
10.878869047619,0.750751072723724,0.905007984967095,0.109206096341624,47.0628511404839
10.8789682539683,0.750690581978412,0.904945715546184,0.109153870765354,47.0632882453434
10.8790674603175,0.750630096737456,0.904883446860889,0.109101670078761,47.063725310851
10.8791666666667,0.750569617000086,0.904821178913013,0.109049494270564,47.0641623370122
10.8792658730159,0.750509142765531,0.90475891170436,0.108997343329486,47.0645993238323
10.8793650793651,0.750448674033021,0.904696645236731,0.108945217244256,47.0650362713166
10.8794642857143,0.750388210801788,0.904634379511928,0.108893116003604,47.0654731794704
10.8795634920635,0.750327753071061,0.904572114531751,0.108841039596264,47.0659100482993
10.8796626984127,0.750267300840071,0.904509850298001,0.108788988010975,47.0663468778084
10.8797619047619,0.75020685410805,0.904447586812476,0.108736961236478,47.0667836680031
10.8798611111111,0.750146412874227,0.904385324076976,0.108684959261519,47.0672204188889
10.8799603174603,0.750085977137835,0.904323062093298,0.108632982074847,47.067657130471
10.8800595238095,0.750025546898104,0.90426080086324,0.108581029665213,47.0680938027548
10.8801587301587,0.749965122154266,0.904198540388599,0.108529102021375,47.0685304357457
10.8802579365079,0.749904702905552,0.904136280671168,0.108477199132091,47.0689670294489
10.8803571428571,0.749844289151196,0.904074021712746,0.108425320986126,47.0694035838699
10.8804563492063,0.749783880890428,0.904011763515126,0.108373467572246,47.0698400990139
10.8805555555556,0.74972347812248,0.903949506080101,0.108321638879222,47.0702765748864
10.8806547619048,0.749663080846586,0.903887249409465,0.108269834895829,47.0707130114926
10.880753968254,0.749602689061977,0.90382499350501,0.108218055610843,47.0711494088379
10.8808531746032,0.749542302767886,0.903762738368529,0.108166301013047,47.0715857669277
10.8809523809524,0.749481921963546,0.903700484001811,0.108114571091225,47.0720220857672
10.8810515873016,0.74942154664819,0.903638230406648,0.108062865834166,47.0724583653619
10.8811507936508,0.74936117682105,0.903575977584829,0.108011185230662,47.072894605717
10.88125,0.749300812481361,0.903513725538143,0.10795952926951,47.0733308068379
10.8813492063492,0.749240453628355,0.903451474268378,0.107907897939508,47.0737669687299
10.8814484126984,0.749180100261267,0.903389223777322,0.10785629122946,47.0742030913983
10.8815476190476,0.749119752379329,0.903326974066763,0.107804709128172,47.0746391748485
10.8816468253968,0.749059409981777,0.903264725138485,0.107753151624456,47.0750752190859
10.881746031746,0.748999073067842,0.903202476994274,0.107701618707123,47.0755112241157
10.8818452380952,0.748938741636762,0.903140229635916,0.107650110364994,47.0759471899432
10.8819444444444,0.748878415687769,0.903077983065195,0.107598626586887,47.0763831165739
10.8820436507937,0.748818095220098,0.903015737283895,0.107547167361629,47.076819004013
10.8821428571429,0.748757780232985,0.902953492293797,0.107495732678048,47.0772548522658
10.8822420634921,0.748697470725663,0.902891248096684,0.107444322524976,47.0776906613377
10.8823412698413,0.748637166697368,0.902829004694338,0.107392936891247,47.078126431234
10.8824404761905,0.748576868147336,0.902766762088538,0.107341575765702,47.07856216196
10.8825396825397,0.7485165750748,0.902704520281066,0.107290239137183,47.0789978535211
10.8826388888889,0.748456287478998,0.9026422792737,0.107238926994537,47.0794335059225
10.8827380952381,0.748396005359165,0.902580039068219,0.107187639326614,47.0798691191696
10.8828373015873,0.748335728714536,0.902517799666402,0.107136376122267,47.0803046932677
10.8829365079365,0.748275457544348,0.902455561070024,0.107085137370354,47.0807402282221
10.8830357142857,0.748215191847837,0.902393323280863,0.107033923059736,47.0811757240381
10.8831349206349,0.74815493162424,0.902331086300695,0.106982733179276,47.0816111807211
10.8832341269841,0.748094676872791,0.902268850131295,0.106931567717843,47.0820465982764
10.8833333333333,0.748034427592729,0.902206614774437,0.10688042666431,47.0824819767092
10.8834325396825,0.747974183783291,0.902144380231896,0.106829310007551,47.0829173160248
10.8835317460317,0.747913945443713,0.902082146505443,0.106778217736445,47.0833526162287
10.883630952381,0.747853712573232,0.902019913596853,0.106727149839875,47.0837878773261
10.8837301587302,0.747793485171086,0.901957681507896,0.106676106306727,47.0842230993222
10.8838293650794,0.747733263236513,0.901895450240344,0.106625087125891,47.0846582822225
10.8839285714286,0.747673046768749,0.901833219795967,0.10657409228626,47.0850934260322
10.8840277777778,0.747612835767034,0.901770990176534,0.106523121776731,47.0855285307567
10.884126984127,0.747552630230604,0.901708761383814,0.106472175586205,47.0859635964011
10.8842261904762,0.747492430158697,0.901646533419577,0.106421253703586,47.0863986229709
10.8843253968254,0.747432235550554,0.901584306285589,0.106370356117782,47.0868336104713
10.8844246031746,0.74737204640541,0.901522079983617,0.106319482817704,47.0872685589077
10.8845238095238,0.747311862722506,0.901459854515428,0.106268633792267,47.0877034682852
10.884623015873,0.747251684501081,0.901397629882786,0.106217809030391,47.0881383386093
10.8847222222222,0.747191511740371,0.901335406087457,0.106167008520996,47.0885731698853
10.8848214285714,0.747131344439618,0.901273183131206,0.10611623225301,47.0890079621183
10.8849206349206,0.747071182598061,0.901210961015795,0.106065480215362,47.0894427153138
10.8850198412698,0.747011026214939,0.901148739742988,0.106014752396985,47.089877429477
10.885119047619,0.746950875289491,0.901086519314546,0.105964048786816,47.0903121046132
10.8852182539683,0.746890729820958,0.90102429973223,0.105913369373794,47.0907467407276
10.8853174603175,0.746830589808578,0.900962080997802,0.105862714146865,47.0911813378257
10.8854166666667,0.746770455251593,0.900899863113022,0.105812083094975,47.0916158959126
10.8855158730159,0.746710326149243,0.900837646079648,0.105761476207075,47.0920504149937
10.8856150793651,0.746650202500767,0.900775429899439,0.105710893472122,47.0924848950743
10.8857142857143,0.746590084305407,0.900713214574154,0.105660334879072,47.0929193361596
10.8858134920635,0.746529971562403,0.90065100010555,0.105609800416888,47.0933537382549
10.8859126984127,0.746469864270997,0.900588786495382,0.105559290074536,47.0937881013656
10.8860119047619,0.746409762430428,0.900526573745408,0.105508803840984,47.0942224254968
10.8861111111111,0.746349666039939,0.900464361857381,0.105458341705207,47.0946567106539
10.8862103174603,0.74628957509877,0.900402150833057,0.105407903656179,47.0950909568421
10.8863095238095,0.746229489606165,0.900339940674189,0.105357489682881,47.0955251640668
10.8864087301587,0.746169409561363,0.900277731382532,0.105307099774298,47.0959593323332
10.8865079365079,0.746109334963607,0.900215522959836,0.105256733919416,47.0963934616466
10.8866071428571,0.746049265812139,0.900153315407854,0.105206392107226,47.0968275520122
10.8867063492063,0.745989202106202,0.900091108728337,0.105156074326723,47.0972616034354
10.8868055555556,0.745929143845037,0.900028902923034,0.105105780566905,47.0976956159214
10.8869047619048,0.745869091027887,0.899966697993697,0.105055510816773,47.0981295894755
10.887003968254,0.745809043653995,0.899904493942073,0.105005265065334,47.098563524103
10.8871031746032,0.745749001722604,0.899842290769911,0.104955043301595,47.0989974198091
10.8872023809524,0.745688965232956,0.899780088478958,0.10490484551457,47.0994312765991
10.8873015873016,0.745628934184295,0.899717887070962,0.104854671693275,47.0998650944783
10.8874007936508,0.745568908575865,0.899655686547669,0.104804521826729,47.1002988734519
10.8875,0.745508888406908,0.899593486910824,0.104754395903956,47.1007326135252
10.8875992063492,0.745448873676668,0.899531288162172,0.104704293913983,47.1011663147035
10.8876984126984,0.745388864384388,0.899469090303456,0.10465421584584,47.101599976992
10.8877976190476,0.745328860529315,0.899406893336421,0.104604161688563,47.1020336003961
10.8878968253968,0.74526886211069,0.89934469726281,0.104554131431189,47.1024671849209
10.887996031746,0.74520886912776,0.899282502084364,0.104504125062759,47.1029007305717
10.8880952380952,0.745148881579767,0.899220307802825,0.104454142572318,47.1033342373538
10.8881944444444,0.745088899465957,0.899158114419934,0.104404183948915,47.1037677052725
10.8882936507937,0.745028922785575,0.89909592193743,0.104354249181603,47.104201134333
10.8883928571429,0.744968951537864,0.899033730357052,0.104304338259437,47.1046345245405
10.8884920634921,0.744908985722072,0.89897153968054,0.104254451171477,47.1050678759004
10.8885912698413,0.744849025337442,0.898909349909632,0.104204587906786,47.1055011884178
10.8886904761905,0.744789070383221,0.898847161046064,0.104154748454431,47.1059344620981
10.8887896825397,0.744729120858653,0.898784973091573,0.104104932803482,47.1063676969464
10.8888888888889,0.744669176762985,0.898722786047894,0.104055140943014,47.1068008929681
10.8889880952381,0.744609238095463,0.898660599916764,0.104005372862103,47.1072340501683
10.8890873015873,0.744549304855332,0.898598414699917,0.103955628549831,47.1076671685524
10.8891865079365,0.744489377041839,0.898536230399085,0.103905907995282,47.1081002481256
10.8892857142857,0.74442945465423,0.898474047016003,0.103856211187547,47.1085332888931
10.8893849206349,0.744369537691753,0.898411864552403,0.103806538115715,47.1089662908602
10.8894841269841,0.744309626153653,0.898349683010017,0.103756888768884,47.1093992540321
10.8895833333333,0.744249720039178,0.898287502390575,0.103707263136152,47.109832178414
10.8896825396825,0.744189819347574,0.898225322695809,0.103657661206622,47.1102650640113
10.8897817460317,0.74412992407809,0.898163143927447,0.103608082969401,47.1106979108291
10.889880952381,0.744070034229971,0.898100966087218,0.103558528413598,47.1111307188728
10.8899801587302,0.744010149802466,0.898038789176851,0.103508997528328,47.1115634881474
10.8900793650794,0.743950270794823,0.897976613198074,0.103459490302708,47.1119962186583
10.8901785714286,0.74389039720629,0.897914438152612,0.103410006725859,47.1124289104107
10.8902777777778,0.743830529036113,0.897852264042194,0.103360546786905,47.1128615634099
10.890376984127,0.743770666283543,0.897790090868543,0.103311110474974,47.1132941776611
10.8904761904762,0.743710808947826,0.897727918633385,0.103261697779199,47.1137267531695
10.8905753968254,0.743650957028212,0.897665747338444,0.103212308688714,47.1141592899403
10.8906746031746,0.743591110523949,0.897603576985442,0.103162943192659,47.1145917879788
10.8907738095238,0.743531269434286,0.897541407576104,0.103113601280176,47.1150242472902
10.890873015873,0.743471433758472,0.897479239112152,0.103064282940412,47.1154566678798
10.8909722222222,0.743411603495757,0.897417071595306,0.103014988162517,47.1158890497527
10.8910714285714,0.743351778645389,0.897354905027287,0.102965716935643,47.1163213929142
10.8911706349206,0.743291959206618,0.897292739409815,0.102916469248948,47.1167536973696
10.8912698412698,0.743232145178695,0.89723057474461,0.102867245091593,47.117185963124
10.891369047619,0.743172336560867,0.89716841103339,0.102818044452741,47.1176181901827
10.8914682539683,0.743112533352387,0.897106248277872,0.102768867321562,47.1180503785509
10.8915674603175,0.743052735552503,0.897044086479775,0.102719713687225,47.1184825282338
10.8916666666667,0.742992943160466,0.896981925640815,0.102670583538907,47.1189146392367
10.8917658730159,0.742933156175526,0.896919765762707,0.102621476865787,47.1193467115648
10.8918650793651,0.742873374596935,0.896857606847167,0.102572393657045,47.1197787452232
10.8919642857143,0.742813598423943,0.896795448895909,0.102523333901869,47.1202107402172
10.8920634920635,0.7427538276558,0.896733291910647,0.102474297589449,47.1206426965521
10.8921626984127,0.742694062291758,0.896671135893094,0.102425284708975,47.121074614233
10.8922619047619,0.742634302331069,0.896608980844962,0.102376295249648,47.1215064932652
10.8923611111111,0.742574547772984,0.896546826767964,0.102327329200666,47.1219383336538
10.8924603174603,0.742514798616754,0.89648467366381,0.102278386551233,47.1223701354041
10.8925595238095,0.742455054861632,0.89642252153421,0.102229467290557,47.1228018985213
10.8926587301587,0.742395316506868,0.896360370380875,0.10218057140785,47.1232336230106
10.8927579365079,0.742335583551715,0.896298220205513,0.102131698892326,47.1236653088772
10.8928571428571,0.742275855995426,0.896236071009832,0.102082849733203,47.1240969561264
10.8929563492063,0.742216133837253,0.89617392279554,0.102034023919705,47.1245285647632
10.8930555555556,0.742156417076449,0.896111775564343,0.101985221441055,47.1249601347931
10.8931547619048,0.742096705712265,0.896049629317949,0.101936442286485,47.125391666221
10.893253968254,0.742036999743956,0.895987484058062,0.101887686445226,47.1258231590523
10.8933531746032,0.741977299170773,0.895925339786387,0.101838953906515,47.1262546132922
10.8934523809524,0.741917603991972,0.895863196504629,0.101790244659592,47.1266860289458
10.8935515873016,0.741857914206804,0.89580105421449,0.101741558693702,47.1271174060183
10.8936507936508,0.741798229814522,0.895738912917673,0.10169289599809,47.1275487445151
10.89375,0.741738550814382,0.895676772615882,0.101644256562009,47.1279800444412
10.8938492063492,0.741678877205638,0.895614633310816,0.101595640374714,47.1284113058018
10.8939484126984,0.741619208987542,0.895552495004177,0.101547047425461,47.1288425286022
10.8940476190476,0.741559546159349,0.895490357697665,0.101498477703514,47.1292737128475
10.8941468253968,0.741499888720315,0.895428221392978,0.101449931198137,47.1297048585429
10.894246031746,0.741440236669692,0.895366086091816,0.101401407898599,47.1301359656937
10.8943452380952,0.741380590006736,0.895303951795876,0.101352907794174,47.130567034305
10.8944444444444,0.741320948730701,0.895241818506856,0.101304430874136,47.1309980643821
10.8945436507937,0.741261312840843,0.895179686226452,0.101255977127767,47.13142905593
10.8946428571429,0.741201682336417,0.89511755495636,0.10120754654435,47.1318600089541
10.8947420634921,0.741142057216679,0.895055424698274,0.101159139113172,47.1322909234594
10.8948412698413,0.741082437480883,0.894993295453891,0.101110754823523,47.1327217994512
10.8949404761905,0.741022823128285,0.894931167224902,0.101062393664698,47.1331526369346
10.8950396825397,0.740963214158141,0.894869040013002,0.101014055625994,47.1335834359149
10.8951388888889,0.740903610569707,0.894806913819882,0.100965740696714,47.1340141963973
10.8952380952381,0.74084401236224,0.894744788647235,0.100917448866162,47.1344449183868
10.8953373015873,0.740784419534996,0.894682664496752,0.100869180123648,47.1348756018887
10.8954365079365,0.74072483208723,0.894620541370122,0.100820934458483,47.1353062469082
10.8955357142857,0.7406652500182,0.894558419269036,0.100772711859984,47.1357368534505
10.8956349206349,0.740605673327163,0.894496298195182,0.10072451231747,47.1361674215207
10.8957341269841,0.740546102013376,0.894434178150248,0.100676335820264,47.136597951124
10.8958333333333,0.740486536076095,0.894372059135923,0.100628182357694,47.1370284422655
10.8959325396825,0.740426975514578,0.894309941153893,0.100580051919089,47.1374588949506
10.8960317460317,0.740367420328082,0.894247824205843,0.100531944493784,47.1378893091843
10.896130952381,0.740307870515866,0.894185708293461,0.100483860071116,47.1383196849717
10.8962301587302,0.740248326077186,0.89412359341843,0.100435798640427,47.1387500223182
10.8963293650794,0.740188787011301,0.894061479582434,0.100387760191061,47.1391803212288
10.8964285714286,0.740129253317468,0.893999366787157,0.100339744712368,47.1396105817087
10.8965277777778,0.740069724994947,0.893937255034282,0.100291752193699,47.1400408037632
10.896626984127,0.740010202042994,0.89387514432549,0.100243782624408,47.1404709873973
10.8967261904762,0.739950684460871,0.893813034662464,0.100195835993858,47.1409011326162
10.8968253968254,0.739891172247834,0.893750926046883,0.10014791229141,47.141331239425
10.8969246031746,0.739831665403142,0.893688818480428,0.10010001150643,47.1417613078291
10.8970238095238,0.739772163926056,0.893626711964778,0.10005213362829,47.1421913378335
10.897123015873,0.739712667815833,0.893564606501612,0.100004278646362,47.1426213294433
10.8972222222222,0.739653177071735,0.893502502092606,0.0999564465500236,47.1430512826638
10.8973214285714,0.739593691693018,0.89344039873944,0.0999086373286566,47.1434811975001
10.8974206349206,0.739534211678945,0.893378296443789,0.0998608509716453,47.1439110739573
10.8975198412698,0.739474737028775,0.893316195207328,0.0998130874683778,47.1443409120407
10.897619047619,0.739415267741766,0.893254095031734,0.099765346808246,47.1447707117553
10.8977182539683,0.739355803817181,0.89319199591868,0.0997176289806454,47.1452004731064
10.8978174603175,0.739296345254279,0.89312989786984,0.099669933974975,47.1456301960991
10.8979166666667,0.739236892052321,0.893067800886888,0.0996222617806375,47.1460598807385
10.8980158730159,0.739177444210567,0.893005704971496,0.0995746123870392,47.1464895270298
10.8981150793651,0.739118001728278,0.892943610125334,0.0995269857835893,47.1469191349781
10.8982142857143,0.739058564604716,0.892881516350075,0.0994793819597026,47.1473487045887
10.8983134920635,0.738999132839141,0.892819423647389,0.0994318009047957,47.1477782358665
10.8984126984127,0.738939706430815,0.892757332018945,0.0993842426082892,47.1482077288169
10.8985119047619,0.738880285379,0.892695241466413,0.0993367070596075,47.1486371834449
10.8986111111111,0.738820869682957,0.89263315199146,0.0992891942481786,47.1490665997557
10.8987103174603,0.738761459341947,0.892571063595754,0.099241704163434,47.1494959777545
10.8988095238095,0.738702054355233,0.892508976280962,0.0991942367948088,47.1499253174463
10.8989087301587,0.738642654722078,0.89244689004875,0.099146792131742,47.1503546188363
10.8990079365079,0.738583260441742,0.892384804900783,0.0990993701636759,47.1507838819297
10.8991071428571,0.73852387151349,0.892322720838727,0.0990519708800565,47.1512131067316
10.8992063492063,0.738464487936582,0.892260637864245,0.0990045942703335,47.1516422932471
10.8993055555556,0.738405109710284,0.892198555979001,0.0989572403239601,47.1520714414814
10.8994047619048,0.738345736833856,0.892136475184657,0.0989099090303931,47.1525005514397
10.899503968254,0.738286369306562,0.892074395482876,0.098862600379093,47.1529296231269
10.8996031746032,0.738227007127666,0.892012316875318,0.0988153143595232,47.1533586565484
10.8997023809524,0.738167650296431,0.891950239363646,0.0987680509611528,47.1537876517092
10.8998015873016,0.738108298812121,0.891888162949517,0.0987208101734524,47.1542166086145
10.8999007936508,0.738048952674,0.891826087634593,0.0986735919858968,47.1546455272693
10.9,0.737989611881331,0.89176401342053,0.0986263963879647,47.1550744076789
10.9000992063492,0.737930276433378,0.891701940308988,0.0985792233691381,47.1555032498483
10.9001984126984,0.737870946329407,0.891639868301623,0.0985320729189028,47.1559320537827
10.9002976190476,0.73781162156868,0.891577797400093,0.0984849450267482,47.1563608194872
10.9003968253968,0.737752302150463,0.891515727606051,0.0984378396821672,47.1567895469669
10.900496031746,0.737692988074021,0.891453658921155,0.0983907568746565,47.157218236227
10.9005952380952,0.737633679338618,0.891391591347058,0.0983436965937161,47.1576468872726
10.9006944444444,0.73757437594352,0.891329524885413,0.09829665882885,47.1580755001088
10.9007936507937,0.737515077887992,0.891267459537875,0.0982496435695655,47.1585040747407
10.9008928571429,0.737455785171299,0.891205395306095,0.0982026508053736,47.1589326111735
10.9009920634921,0.737396497792706,0.891143332191726,0.0981556805257891,47.1593611094122
10.9010912698413,0.737337215751479,0.891081270196416,0.0981087327203296,47.1597895694621
10.9011904761905,0.737277939046886,0.891019209321819,0.0980618073785181,47.1602179913281
10.9012896825397,0.73721866767819,0.890957149569582,0.0980149044898795,47.1606463750155
10.9013888888889,0.73715940164466,0.890895090941356,0.0979680240439429,47.1610747205293
10.9014880952381,0.73710014094556,0.890833033438787,0.0979211660302411,47.1615030278747
10.9015873015873,0.737040885580158,0.890770977063525,0.0978743304383103,47.1619312970567
10.9016865079365,0.73698163554772,0.890708921817214,0.0978275172576904,47.1623595280806
10.9017857142857,0.736922390847513,0.890646867701502,0.097780726477925,47.1627877209513
10.9018849206349,0.736863151478804,0.890584814718035,0.0977339580885613,47.163215875674
10.9019841269841,0.736803917440861,0.890522762868456,0.09768721207915,47.1636439922539
10.9020833333333,0.73674468873295,0.89046071215441,0.0976404884392454,47.164072070696
10.9021825396825,0.736685465354339,0.89039866257754,0.0975937871584056,47.1645001110054
10.9022817460317,0.736626247304296,0.89033661413949,0.0975471082261922,47.1649281131872
10.902380952381,0.736567034582089,0.8902745668419,0.0975004516321704,47.1653560772466
10.9024801587302,0.736507827186986,0.890212520686413,0.097453817365909,47.1657840031887
10.9025793650794,0.736448625118253,0.890150475674668,0.0974072054169797,47.1662118910184
10.9026785714286,0.736389428375161,0.890088431808307,0.09736061577496,47.1666397407411
10.9027777777778,0.736330236956978,0.890026389088967,0.0973140484294288,47.1670675523617
10.902876984127,0.736271050862972,0.889964347518289,0.0972675033699694,47.1674953258854
10.9029761904762,0.736211870092413,0.889902307097909,0.0972209805861687,47.1679230613172
10.9030753968254,0.736152694644568,0.889840267829465,0.0971744800676172,47.1683507586622
10.9031746031746,0.736093524518707,0.889778229714594,0.097128001803909,47.1687784179256
10.9032738095238,0.7360343597141,0.88971619275493,0.0970815457846417,47.1692060391125
10.903373015873,0.735975200230016,0.88965415695211,0.0970351119994168,47.1696336222279
10.9034722222222,0.735916046065724,0.889592122307767,0.0969887004378392,47.1700611672769
10.9035714285714,0.735856897220495,0.889530088823536,0.0969423110895174,47.1704886742646
10.9036706349206,0.735797753693598,0.889468056501049,0.0968959439440636,47.1709161431962
10.9037698412698,0.735738615484303,0.889406025341939,0.0968495989910936,47.1713435740767
10.903869047619,0.73567948259188,0.889343995347837,0.0968032762202267,47.1717709669111
10.9039682539683,0.735620355015601,0.889281966520375,0.096756975621086,47.1721983217046
10.9040674603175,0.735561232754735,0.889219938861181,0.0967106971832974,47.1726256384624
10.9041666666667,0.735502115808554,0.889157912371888,0.0966644408964924,47.1730529171893
10.9042658730159,0.735443004176328,0.889095887054123,0.0966182067503043,47.1734801578906
10.9043650793651,0.735383897857329,0.889033862909514,0.0965719947343704,47.1739073605713
10.9044642857143,0.735324796850827,0.888971839939689,0.0965258048383319,47.1743345252366
10.9045634920635,0.735265701156094,0.888909818146275,0.0964796370518334,47.1747616518914
10.9046626984127,0.735206610772402,0.888847797530898,0.0964334913645232,47.1751887405409
10.9047619047619,0.735147525699022,0.888785778095183,0.0963873677660531,47.1756157911901
10.9048611111111,0.735088445935226,0.888723759840755,0.0963412662460788,47.1760428038442
10.9049603174603,0.735029371480287,0.888661742769238,0.0962951867942593,47.1764697785081
10.9050595238095,0.734970302333476,0.888599726882256,0.0962491294002573,47.176896715187
10.9051587301587,0.734911238494066,0.888537712181431,0.0962030940537392,47.177323613886
10.9052579365079,0.734852179961329,0.888475698668385,0.096157080744375,47.1777504746102
10.9053571428571,0.734793126734539,0.88841368634474,0.0961110894618382,47.1781772973645
10.9054563492063,0.734734078812967,0.888351675212117,0.0960651201958059,47.1786040821541
10.9055555555556,0.734675036195887,0.888289665272133,0.0960191729359585,47.179030828984
10.9056547619048,0.734615998882572,0.88822765652641,0.0959732476719814,47.1794575378594
10.905753968254,0.734556966872296,0.888165648976567,0.0959273443935621,47.1798842087852
10.9058531746032,0.734497940164333,0.88810364262422,0.0958814630903923,47.1803108417666
10.9059523809524,0.734438918757954,0.888041637470987,0.0958356037521671,47.1807374368086
10.9060515873016,0.734379902652436,0.887979633518485,0.0957897663685855,47.1811639939162
10.9061507936508,0.734320891847051,0.887917630768329,0.0957439509293498,47.1815905130947
10.90625,0.734261886341073,0.887855629222134,0.0956981574241661,47.1820169943489
10.9063492063492,0.734202886133778,0.887793628881515,0.0956523858427442,47.182443437684
10.9064484126984,0.734143891224439,0.887731629748085,0.0956066361747974,47.182869843105
10.9065476190476,0.734084901612331,0.887669631823458,0.0955609084100425,47.183296210617
10.9066468253968,0.73402591729673,0.887607635109245,0.0955152025382,47.1837225402251
10.906746031746,0.733966938276909,0.88754563960706,0.0954695185489942,47.1841488319343
10.9068452380952,0.733907964552144,0.887483645318511,0.0954238564321527,47.1845750857496
10.9069444444444,0.733848996121711,0.88742165224521,0.0953782161774069,47.1850013016762
10.9070436507937,0.733790032984884,0.887359660388766,0.0953325977744911,47.185427479719
10.9071428571429,0.733731075140939,0.887297669750789,0.0952870012131452,47.1858536198832
10.9072420634921,0.733672122589154,0.887235680332886,0.0952414264831108,47.1862797221738
10.9073412698413,0.733613175328802,0.887173692136665,0.0951958735741336,47.1867057865957
10.9074404761905,0.733554233359161,0.887111705163733,0.0951503424759631,47.1871318131542
10.9075396825397,0.733495296679506,0.887049719415695,0.0951048331783523,47.1875578018542
10.9076388888889,0.733436365289114,0.886987734894158,0.0950593456710578,47.1879837527008
10.9077380952381,0.733377439187262,0.886925751600726,0.0950138799438399,47.188409665699
10.9078373015873,0.733318518373226,0.886863769537003,0.0949684359864625,47.1888355408539
10.9079365079365,0.733259602846284,0.886801788704592,0.094923013788693,47.1892613781705
10.9080357142857,0.733200692605711,0.886739809105097,0.0948776133403025,47.1896871776538
10.9081349206349,0.733141787650787,0.886677830740119,0.0948322346310657,47.190112939309
10.9082341269841,0.733082887980787,0.886615853611259,0.094786877650761,47.190538663141
10.9083333333333,0.73302399359499,0.886553877720118,0.0947415423891702,47.1909643491549
10.9084325396825,0.732965104492673,0.886491903068296,0.0946962288360789,47.1913899973557
10.9085317460317,0.732906220673114,0.886429929657392,0.0946509369812757,47.1918156077485
10.908630952381,0.732847342135591,0.886367957489005,0.0946056668145544,47.1922411803383
10.9087301587302,0.732788468879383,0.886305986564733,0.0945604183257109,47.1926667151301
10.9088293650794,0.732729600903768,0.886244016886173,0.0945151915045452,47.193092212129
10.9089285714286,0.732670738208025,0.886182048454921,0.0944699863408608,47.19351767134
10.9090277777778,0.732611880791431,0.886120081272573,0.094424802824465,47.1939430927682
10.909126984127,0.732553028653266,0.886058115340724,0.0943796409451685,47.1943684764185
10.9092261904762,0.73249418179281,0.885996150660968,0.0943345006927859,47.194793822296
10.9093253968254,0.73243534020934,0.8859341872349,0.0942893820571351,47.1952191304058
10.9094246031746,0.732376503902137,0.885872225064112,0.0942442850280378,47.1956444007528
10.9095238095238,0.73231767287048,0.885810264150196,0.0941992095953192,47.1960696333421
10.909623015873,0.732258847113649,0.885748304494745,0.0941541557488084,47.1964948281787
10.9097222222222,0.732200026630923,0.885686346099349,0.0941091234783376,47.1969199852677
10.9098214285714,0.732141211421583,0.885624388965599,0.0940641127737431,47.1973451046141
10.9099206349206,0.732082401484909,0.885562433095083,0.0940191236248646,47.1977701862228
10.9100198412698,0.732023596820179,0.885500478489391,0.0939741560215447,47.1981952300989
10.910119047619,0.731964797426677,0.885438525150111,0.0939292099536316,47.1986202362475
10.9102182539683,0.731906003303683,0.885376573078831,0.0938842854109753,47.1990452046735
10.9103174603175,0.731847214450476,0.885314622277137,0.09383938238343,47.199470135382
10.9104166666667,0.731788430866338,0.885252672746616,0.0937945008608534,47.199895028378
10.9105158730159,0.731729652550551,0.885190724488853,0.0937496408331068,47.2003198836665
10.9106150793651,0.731670879502395,0.885128777505432,0.0937048022900553,47.2007447012525
10.9107142857143,0.731612111721151,0.885066831797939,0.0936599852215676,47.201169481141
10.9108134920635,0.731553349206102,0.885004887367955,0.0936151896175157,47.2015942233371
10.9109126984127,0.73149459195653,0.884942944217064,0.0935704154677756,47.2020189278458
10.9110119047619,0.731435839971715,0.884881002346848,0.0935256627622267,47.202443594672
10.9111111111111,0.731377093250941,0.884819061758888,0.0934809314907521,47.2028682238208
10.9112103174603,0.73131835179349,0.884757122454764,0.0934362216432384,47.2032928152973
10.9113095238095,0.731259615598643,0.884695184436057,0.0933915332095758,47.2037173691063
10.9114087301587,0.731200884665685,0.884633247704346,0.0933468661796584,47.2041418852529
10.9115079365079,0.731142158993896,0.884571312261208,0.093302220543383,47.2045663637422
10.9116071428571,0.731083438582561,0.884509378108224,0.0932575962906519,47.204990804579
10.9117063492063,0.731024723430962,0.884447445246968,0.0932129934113692,47.2054152077685
10.9118055555556,0.730966013538383,0.884385513679019,0.0931684118954433,47.2058395733156
10.9119047619048,0.730907308904107,0.88432358340595,0.0931238517327862,47.2062639012254
10.912003968254,0.730848609527418,0.884261654429339,0.0930793129133133,47.2066881915028
10.9121031746032,0.730789915407599,0.884199726750758,0.093034795426944,47.2071124441528
10.9122023809524,0.730731226543935,0.884137800371782,0.0929902992636009,47.2075366591804
10.9123015873016,0.730672542935708,0.884075875293984,0.0929458244132104,47.2079608365907
10.9124007936508,0.730613864582205,0.884013951518936,0.0929013708657027,47.2083849763885
10.9125,0.730555191482708,0.88395202904821,0.0928569386110112,47.208809078579
10.9125992063492,0.730496523636503,0.883890107883376,0.0928125276390733,47.2092331431672
10.9126984126984,0.730437861042873,0.883828188026005,0.0927681379398298,47.2096571701579
10.9127976190476,0.730379203701105,0.883766269477666,0.0927237695032251,47.2100811595562
10.9128968253968,0.730320551610483,0.883704352239929,0.0926794223192073,47.2105051113671
10.912996031746,0.730261904770292,0.88364243631436,0.0926350963777275,47.2109290255956
10.9130952380952,0.730203263179818,0.883580521702529,0.0925907916687422,47.2113529022466
10.9131944444444,0.730144626838346,0.883518608406002,0.0925465081822097,47.2117767413252
10.9132936507937,0.730085995745161,0.883456696426345,0.0925022459080926,47.2122005428363
10.9133928571429,0.730027369899551,0.883394785765123,0.0924580048363568,47.212624306785
10.9134920634921,0.7299687493008,0.883332876423901,0.0924137849569723,47.2130480331762
10.9135912698413,0.729910133948195,0.883270968404243,0.0923695862599123,47.2134717220149
10.9136904761905,0.729851523841022,0.883209061707713,0.0923254087351538,47.213895373306
10.9137896825397,0.729792918978568,0.883147156335872,0.0922812523726774,47.2143189870546
10.9138888888889,0.729734319360119,0.883085252290284,0.0922371171624673,47.2147425632657
10.9139880952381,0.729675724984962,0.883023349572509,0.0921930030945113,47.2151661019441
10.9140873015873,0.729617135852385,0.882961448184108,0.0921489101588007,47.215589603095
10.9141865079365,0.729558551961673,0.88289954812664,0.0921048383453307,47.2160130667232
10.9142857142857,0.729499973312115,0.882837649401666,0.0920607876440998,47.2164364928338
10.9143849206349,0.729441399902999,0.882775752010743,0.0920167580451104,47.2168598814317
10.9144841269841,0.72938283173361,0.882713855955429,0.0919727495383676,47.2172832325219
10.9145833333333,0.729324268803238,0.882651961237282,0.0919287621138822,47.2177065461094
10.9146825396825,0.72926571111117,0.882590067857858,0.0918847957616665,47.2181298221991
10.9147817460317,0.729207158656695,0.882528175818713,0.0918408504717374,47.218553060796
10.914880952381,0.729148611439101,0.882466285121401,0.0917969262341152,47.2189762619051
10.9149801587302,0.729090069457677,0.882404395767478,0.0917530230388237,47.2193994255313
10.9150793650794,0.729031532711709,0.882342507758497,0.0917091408758905,47.2198225516797
10.9151785714286,0.728973001200489,0.88228062109601,0.0916652797353467,47.2202456403552
10.9152777777778,0.728914474923304,0.882218735781571,0.0916214396072271,47.2206686915627
10.915376984127,0.728855953879443,0.88215685181673,0.09157762048157,47.2210917053072
10.9154761904762,0.728797438068197,0.882094969203039,0.0915338223484175,47.2215146815937
10.9155753968254,0.728738927488853,0.882033087942049,0.0914900451978151,47.2219376204271
10.9156746031746,0.728680422140703,0.881971208035307,0.0914462890198121,47.2223605218124
10.9157738095238,0.728621922023035,0.881909329484364,0.0914025538044612,47.2227833857546
10.915873015873,0.728563427135139,0.881847452290768,0.0913588395418189,47.2232062122586
10.9159722222222,0.728504937476305,0.881785576456065,0.0913151462219446,47.2236290013293
10.9160714285714,0.728446453045825,0.881723701981803,0.0912714738349032,47.2240517529718
10.9161706349206,0.728387973842988,0.881661828869528,0.0912278223707613,47.224474467191
10.9162698412698,0.728329499867084,0.881599957120786,0.0911841918195898,47.2248971439918
10.916369047619,0.728271031117405,0.881538086737121,0.0911405821714632,47.2253197833792
10.9164682539683,0.728212567593241,0.881476217720076,0.0910969934164596,47.2257423853582
10.9165674603175,0.728154109293883,0.881414350071197,0.0910534255446608,47.2261649499337
10.9166666666667,0.728095656218623,0.881352483792024,0.0910098785461519,47.2265874771106
10.9167658730159,0.728037208366752,0.8812906188841,0.090966352411022,47.2270099668939
10.9168650793651,0.727978765737561,0.881228755348967,0.0909228471293636,47.2274324192885
10.9169642857143,0.727920328330342,0.881166893188164,0.0908793626912729,47.2278548342994
10.9170634920635,0.727861896144387,0.881105032403232,0.0908358990868497,47.2282772119316
10.9171626984127,0.727803469178988,0.88104317299571,0.0907924563061972,47.2286995521899
10.9172619047619,0.727745047433437,0.880981314967137,0.0907490343394226,47.2291218550794
10.9173611111111,0.727686630907026,0.88091945831905,0.0907056331766364,47.2295441206049
10.9174603174603,0.727628219599048,0.880857603052985,0.0906622528079522,47.2299663487715
10.9175595238095,0.727569813508796,0.880795749170482,0.0906188932234892,47.230388539584
10.9176587301587,0.727511412635562,0.880733896673073,0.090575554413368,47.2308106930473
10.9177579365079,0.727453016978639,0.880672045562296,0.0905322363677138,47.2312328091665
10.9178571428571,0.727394626537321,0.880610195839683,0.0904889390766553,47.2316548879465
10.9179563492063,0.727336241310901,0.88054834750677,0.0904456625303246,47.2320769293922
10.9180555555556,0.727277861298672,0.880486500565088,0.0904024067188578,47.2324989335085
10.9181547619048,0.727219486499928,0.88042465501617,0.0903591716323942,47.2329209003003
10.918253968254,0.727161116913963,0.880362810861547,0.0903159572610771,47.2333428297727
10.9183531746032,0.72710275254007,0.880300968102751,0.0902727635950531,47.2337647219305
10.9184523809524,0.727044393377544,0.880239126741312,0.0902295906244726,47.2341865767786
10.9185515873016,0.726986039425679,0.88017728677876,0.0901864383394896,47.2346083943221
10.9186507936508,0.72692769068377,0.880115448216622,0.0901433067302615,47.2350301745658
10.91875,0.72686934715111,0.880053611056428,0.0901001957869496,47.2354519175146
10.9188492063492,0.726811008826996,0.879991775299704,0.0900571054997186,47.2358736231735
10.9189484126984,0.72675267571072,0.879929940947977,0.0900140358587364,47.2362952915474
10.9190476190476,0.72669434780158,0.879868108002775,0.0899709868541761,47.2367169226412
10.9191468253968,0.72663602509887,0.879806276465622,0.0899279584762128,47.2371385164598
10.919246031746,0.726577707601886,0.879744446338042,0.0898849507150258,47.2375600730082
10.9193452380952,0.726519395309923,0.879682617621561,0.0898419635607977,47.2379815922914
10.9194444444444,0.726461088222277,0.8796207903177,0.0897989970037152,47.2384030743141
10.9195436507937,0.726402786338243,0.879558964427983,0.0897560510339683,47.2388245190813
10.9196428571429,0.726344489657118,0.879497139953932,0.0897131256417506,47.239245926598
10.9197420634921,0.726286198178199,0.879435316897068,0.0896702208172594,47.2396672968691
10.9198412698413,0.72622791190078,0.879373495258911,0.0896273365506957,47.2400886298994
10.9199404761905,0.72616963082416,0.879311675040982,0.089584472832264,47.240509925694
10.9200396825397,0.726111354947634,0.879249856244799,0.0895416296521724,47.2409311842576
10.9201388888889,0.7260530842705,0.879188038871882,0.0894988070006326,47.2413524055952
10.9202380952381,0.725994818792055,0.879126222923747,0.08945600486786,47.2417735897118
10.9203373015873,0.725936558511595,0.879064408401913,0.0894132232440735,47.2421947366122
10.9204365079365,0.725878303428418,0.879002595307894,0.0893704621194952,47.2426158463014
10.9205357142857,0.725820053541822,0.878940783643208,0.0893277214843524,47.2430369187842
10.9206349206349,0.725761808851105,0.878878973409369,0.0892850013288742,47.2434579540656
10.9207341269841,0.725703569355563,0.878817164607892,0.0892423016432942,47.2438789521505
10.9208333333333,0.725645335054496,0.87875535724029,0.0891996224178494,47.2442999130437
10.9209325396825,0.725587105947202,0.878693551308077,0.0891569636427803,47.2447208367502
10.9210317460317,0.725528882032978,0.878631746812764,0.0891143253083313,47.2451417232749
10.921130952381,0.725470663311123,0.878569943755863,0.0890717074047501,47.2455625726226
10.9212301587302,0.725412449780937,0.878508142138885,0.0890291099222883,47.2459833847984
10.9213293650794,0.725354241441717,0.878446341963341,0.0889865328512009,47.246404159807
10.9214285714286,0.725296038292762,0.878384543230739,0.0889439761817467,47.2468248976534
10.9215277777778,0.725237840333373,0.878322745942589,0.0889014399041878,47.2472455983425
10.921626984127,0.725179647562847,0.878260950100398,0.0888589240087904,47.2476662618792
10.9217261904762,0.725121459980486,0.878199155705675,0.0888164284858238,47.2480868882683
10.9218253968254,0.725063277585587,0.878137362759926,0.0887739533255613,47.2485074775148
10.9219246031746,0.725005100377451,0.878075571264657,0.0887314985182789,47.2489280296235
10.9220238095238,0.724946928355379,0.878013781221373,0.0886890640542583,47.2493485445994
10.922123015873,0.724888761518669,0.87795199263158,0.0886466499237828,47.2497690224473
10.9222222222222,0.724830599866624,0.877890205496781,0.08860425611714,47.2501894631722
10.9223214285714,0.724772443398542,0.877828419818479,0.0885618826246211,47.2506098667788
10.9224206349206,0.724714292113724,0.877766635598177,0.088519529436521,47.2510302332722
10.9225198412698,0.724656146011472,0.877704852837378,0.088477196543138,47.2514505626571
10.922619047619,0.724598005091086,0.877643071537582,0.0884348839347741,47.2518708549386
10.9227182539683,0.724539869351867,0.87758129170029,0.0883925916017352,47.2522911101213
10.9228174603175,0.724481738793116,0.877519513327001,0.0883503195343303,47.2527113282104
10.9229166666667,0.724423613414136,0.877457736419216,0.0883080677228724,47.2531315092105
10.9230158730159,0.724365493214227,0.877395960978432,0.0882658361576779,47.2535516531267
10.9231150793651,0.724307378192691,0.877334187006147,0.088223624829067,47.2539717599637
10.9232142857143,0.724249268348831,0.877272414503859,0.0881814337273634,47.2543918297265
10.9233134920635,0.724191163681947,0.877210643473063,0.0881392628428943,47.25481186242
10.9234126984127,0.724133064191343,0.877148873915255,0.0880971121659901,47.255231858049
10.9235119047619,0.724074969876321,0.877087105831931,0.0880549816869866,47.2556518166183
10.9236111111111,0.724016880736183,0.877025339224585,0.0880128713962214,47.2560717381329
10.9237103174603,0.723958796770232,0.87696357409471,0.087970781284036,47.2564916225977
10.9238095238095,0.723900717977772,0.8769018104438,0.0879287113407761,47.2569114700175
10.9239087301587,0.723842644358104,0.876840048273347,0.0878866615567905,47.2573312803972
10.9240079365079,0.723784575910533,0.876778287584842,0.0878446319224318,47.2577510537416
10.9241071428571,0.723726512634361,0.876716528379777,0.0878026224280563,47.2581707900556
10.9242063492063,0.723668454528893,0.876654770659641,0.0877606330640238,47.2585904893442
10.9243055555556,0.723610401593431,0.876593014425924,0.0877186638206978,47.2590101516121
10.9244047619048,0.72355235382728,0.876531259680114,0.0876767146884452,47.2594297768642
10.924503968254,0.723494311229743,0.876469506423701,0.0876347856576368,47.2598493651054
10.9246031746032,0.723436273800126,0.876407754658171,0.0875928767186468,47.2602689163406
10.9247023809524,0.723378241537731,0.876346004385011,0.0875509878618531,47.2606884305746
10.9248015873016,0.723320214441864,0.876284255605708,0.0875091190776372,47.2611079078122
10.9249007936508,0.723262192511829,0.876222508321745,0.0874672703563836,47.2615273480585
10.925,0.723204175746932,0.876160762534609,0.0874254416884823,47.2619467513181
10.9250992063492,0.723146164146477,0.876099018245784,0.087383633064325,47.2623661175959
10.9251984126984,0.723088157709769,0.876037275456752,0.0873418444743075,47.2627854468969
10.9252976190476,0.723030156436114,0.875975534168996,0.0873000759088296,47.2632047392259
10.9253968253968,0.722972160324817,0.875913794383999,0.0872583273582943,47.2636239945876
10.925496031746,0.722914169375183,0.875852056103241,0.0872165988131084,47.2640432129871
10.9255952380952,0.722856183586519,0.875790319328203,0.0871748902636824,47.2644623944291
10.9256944444444,0.722798202958131,0.875728584060364,0.0871332017004302,47.2648815389184
10.9257936507937,0.722740227489324,0.875666850301205,0.0870915331137694,47.26530064646
10.9258928571429,0.722682257179405,0.875605118052203,0.0870498844941213,47.2657197170587
10.9259920634921,0.722624292027681,0.875543387314836,0.0870082558319108,47.2661387507194
10.9260912698413,0.722566332033457,0.875481658090582,0.0869666471175662,47.2665577474468
10.9261904761905,0.722508377196042,0.875419930380916,0.0869250583415196,47.2669767072458
10.9262896825397,0.72245042751474,0.875358204187315,0.0868834894942068,47.2673956301213
10.9263888888889,0.72239248298886,0.875296479511252,0.0868419405660664,47.2678145160782
10.9264880952381,0.72233454361771,0.875234756354204,0.0868004115475425,47.2682333651212
10.9265873015873,0.722276609400596,0.875173034717644,0.086758902429081,47.2686521772551
10.9266865079365,0.722218680336826,0.875111314603043,0.086717413201132,47.269070952485
10.9267857142857,0.722160756425708,0.875049596011876,0.0866759438541493,47.2694896908155
10.9268849206349,0.722102837666549,0.874987878945613,0.0866344943785902,47.2699083922516
10.9269841269841,0.722044924058658,0.874926163405725,0.0865930647649158,47.270327056798
10.9270833333333,0.721987015601343,0.874864449393682,0.0865516550035904,47.2707456844596
10.9271825396825,0.721929112293913,0.874802736910955,0.0865102650850825,47.2711642752412
10.9272817460317,0.721871214135675,0.87474102595901,0.0864688949998636,47.2715828291477
10.927380952381,0.721813321125939,0.874679316539318,0.0864275447384093,47.2720013461839
10.9274801587302,0.721755433264014,0.874617608653345,0.0863862142911986,47.2724198263547
10.9275793650794,0.721697550549208,0.874555902302558,0.0863449036487141,47.2728382696648
10.9276785714286,0.721639672980831,0.874494197488423,0.086303612801442,47.2732566761191
10.9277777777778,0.721581800558192,0.874432494212405,0.0862623417398722,47.2736750457224
10.927876984127,0.721523933280599,0.874370792475969,0.0862210904544976,47.2740933784796
10.9279761904762,0.721466071147365,0.87430909228058,0.0861798589358165,47.2745116743955
10.9280753968254,0.721408214157799,0.874247393627699,0.0861386471743288,47.2749299334749
10.9281746031746,0.721350362311209,0.874185696518791,0.086097455160539,47.2753481557226
10.9282738095238,0.721292515606907,0.874124000955317,0.086056282884955,47.2757663411435
10.928373015873,0.721234674044202,0.874062306938738,0.0860151303380882,47.2761844897423
10.9284722222222,0.721176837622406,0.874000614470515,0.0859739975104539,47.276602601524
10.9285714285714,0.721119006340829,0.873938923552107,0.0859328843925707,47.2770206764932
10.9286706349206,0.721061180198781,0.873877234184974,0.085891790974961,47.2774387146549
10.9287698412698,0.721003359195575,0.873815546370574,0.0858507172481509,47.2778567160139
10.928869047619,0.72094554333052,0.873753860110364,0.0858096632026698,47.2782746805749
10.9289682539683,0.720887732602928,0.873692175405803,0.0857686288290511,47.2786926083429
10.9290674603175,0.720829927012111,0.873630492258347,0.0857276141178314,47.2791104993225
10.9291666666667,0.72077212655738,0.87356881066945,0.0856866190595513,47.2795283535187
10.9292658730159,0.720714331238047,0.873507130640569,0.0856456436447547,47.2799461709362
10.9293650793651,0.720656541053424,0.873445452173156,0.0856046878639888,47.2803639515799
10.9294642857143,0.720598756002823,0.873383775268667,0.0855637517078059,47.2807816954545
10.9295634920635,0.720540976085557,0.873322099928554,0.0855228351667603,47.2811994025649
10.9296626984127,0.720483201300938,0.873260426154269,0.0854819382314105,47.2816170729158
10.9297619047619,0.720425431648279,0.873198753947264,0.0854410608923186,47.2820347065121
10.9298611111111,0.720367667126892,0.87313708330899,0.0854002031400504,47.2824523033587
10.9299603174603,0.72030990773609,0.873075414240897,0.085359364965175,47.2828698634602
10.9300595238095,0.720252153475186,0.873013746744435,0.0853185463582656,47.2832873868215
10.9301587301587,0.720194404343495,0.872952080821051,0.0852777473098985,47.2837048734475
10.9302579365079,0.720136660340328,0.872890416472195,0.085236967810654,47.2841223233428
10.9303571428571,0.720078921464999,0.872828753699314,0.0851962078511158,47.2845397365124
10.9304563492063,0.720021187716824,0.872767092503854,0.0851554674218712,47.2849571129609
10.9305555555556,0.719963459095114,0.872705432887262,0.0851147465135114,47.2853744526933
10.9306547619048,0.719905735599185,0.872643774850983,0.0850740451166308,47.2857917557143
10.930753968254,0.71984801722835,0.872582118396461,0.0850333632218278,47.2862090220287
10.9308531746032,0.719790303981924,0.87252046352514,0.0849927008197035,47.2866262516413
10.9309523809524,0.719732595859221,0.872458810238465,0.0849520579008645,47.2870434445568
10.9310515873016,0.719674892859558,0.872397158537877,0.0849114344559193,47.2874606007802
10.9311507936508,0.719617194982247,0.872335508424819,0.0848708304754805,47.2878777203161
10.93125,0.719559502226604,0.872273859900731,0.0848302459501645,47.2882948031694
10.9313492063492,0.719501814591945,0.872212212967054,0.0847896808705911,47.2887118493449
10.9314484126984,0.719444132077585,0.872150567625228,0.0847491352273839,47.2891288588473
10.9315476190476,0.719386454682839,0.872088923876692,0.0847086090111698,47.2895458316815
10.9316468253968,0.719328782407023,0.872027281722885,0.0846681022125797,47.2899627678522
10.931746031746,0.719271115249453,0.871965641165244,0.0846276148222479,47.2903796673642
10.9318452380952,0.719213453209444,0.871904002205207,0.0845871468308122,47.2907965302223
10.9319444444444,0.719155796286314,0.871842364844209,0.0845466982289143,47.2912133564312
10.9320436507937,0.719098144479378,0.871780729083687,0.0845062690071994,47.2916301459959
10.9321428571429,0.719040497787953,0.871719094925075,0.0844658591563162,47.292046898921
10.9322420634921,0.718982856211356,0.871657462369808,0.0844254686669171,47.2924636152113
10.9323412698413,0.718925219748902,0.871595831419318,0.0843850975296576,47.2928802948716
10.9324404761905,0.718867588399911,0.871534202075041,0.0843447457351983,47.2932969379068
10.9325396825397,0.718809962163698,0.871472574338408,0.084304413274202,47.2937135443214
10.9326388888889,0.718752341039581,0.871410948210849,0.0842641001373354,47.2941301141204
10.9327380952381,0.718694725026877,0.871349323693797,0.0842238063152691,47.2945466473086
10.9328373015873,0.718637114124904,0.87128770078868,0.0841835317986771,47.2949631438906
10.9329365079365,0.71857950833298,0.87122607949693,0.0841432765782371,47.2953796038713
10.9330357142857,0.718521907650423,0.871164459819974,0.0841030406446303,47.2957960272554
10.9331349206349,0.718464312076551,0.87110284175924,0.0840628239885417,47.2962124140477
10.9332341269841,0.718406721610681,0.871041225316157,0.0840226266006598,47.296628764253
10.9333333333333,0.718349136252134,0.87097961049215,0.0839824484716766,47.2970450778761
10.9334325396825,0.718291556000227,0.870917997288646,0.083942289592288,47.2974613549216
10.9335317460317,0.718233980854278,0.87085638570707,0.0839021499531932,47.2978775953944
10.933630952381,0.718176410813608,0.870794775748847,0.0838620295450953,47.2982937992993
10.9337301587302,0.718118845877535,0.870733167415401,0.0838219283587007,47.298709966641
10.9338293650794,0.718061286045377,0.870671560708154,0.0837818463847192,47.2991260974243
10.9339285714286,0.718003731316456,0.87060995562853,0.0837417836138656,47.2995421916539
10.9340277777778,0.717946181690091,0.870548352177951,0.0837017400368568,47.2999582493346
10.934126984127,0.7178886371656,0.870486750357838,0.0836617156444137,47.3003742704711
10.9342261904762,0.717831097742304,0.870425150169611,0.0836217104272611,47.3007902550683
10.9343253968254,0.717773563419524,0.870363551614689,0.0835817243761271,47.3012062031308
10.9344246031746,0.717716034196578,0.870301954694493,0.0835417574817437,47.3016221146635
10.9345238095238,0.717658510072789,0.870240359410441,0.0835018097348462,47.3020379896711
10.934623015873,0.717600991047476,0.87017876576395,0.0834618811261738,47.3024538281583
10.9347222222222,0.717543477119959,0.870117173756438,0.0834219716464691,47.3028696301299
10.9348214285714,0.717485968289561,0.87005558338932,0.0833820812864784,47.3032853955906
10.9349206349206,0.717428464555602,0.869993994664013,0.0833422100369518,47.3037011245453
10.9350198412698,0.717370965917402,0.869932407581931,0.0833023578886425,47.3041168169986
10.935119047619,0.717313472374285,0.869870822144489,0.0832625248323079,47.3045324729553
10.9352182539683,0.71725598392557,0.869809238353101,0.0832227108587087,47.3049480924201
10.9353174603175,0.717198500570579,0.869747656209178,0.0831829159586086,47.3053636753979
10.9354166666667,0.717141022308636,0.869686075714135,0.0831431401227768,47.3057792218932
10.9355158730159,0.717083549139061,0.869624496869382,0.0831033833419842,47.306194731911
10.9356150793651,0.717026081061178,0.869562919676329,0.0830636456070061,47.3066102054559
10.9357142857143,0.716968618074307,0.869501344136388,0.0830239269086213,47.3070256425327
10.9358134920635,0.716911160177772,0.869439770250968,0.0829842272376122,47.3074410431461
10.9359126984127,0.716853707370895,0.869378198021477,0.0829445465847648,47.3078564073009
10.9360119047619,0.716796259653,0.869316627449324,0.0829048849408688,47.3082717350017
10.9361111111111,0.716738817023409,0.869255058535915,0.0828652422967174,47.3086870262534
10.9362103174603,0.716681379481445,0.869193491282658,0.0828256186431075,47.3091022810607
10.9363095238095,0.716623947026432,0.869131925690959,0.0827860139708395,47.3095174994282
10.9364087301587,0.716566519657693,0.869070361762223,0.0827464282707177,47.3099326813609
10.9365079365079,0.716509097374551,0.869008799497854,0.0827068615335495,47.3103478268633
10.9366071428571,0.716451680176332,0.868947238899258,0.0826673137501465,47.3107629359402
10.9367063492063,0.716394268062358,0.868885679967836,0.0826277849113234,47.3111780085963
10.9368055555556,0.716336861031952,0.86882412270499,0.0825882750078984,47.3115930448365
10.9369047619048,0.716279459084442,0.868762567112125,0.0825487840306946,47.3120080446653
10.937003968254,0.71622206221915,0.868701013190641,0.0825093119705372,47.3124230080876
10.9371031746032,0.716164670435401,0.868639460941937,0.0824698588182557,47.312837935108
10.9372023809524,0.71610728373252,0.868577910367414,0.082430424564683,47.3132528257314
10.9373015873016,0.716049902109832,0.868516361468471,0.0823910092006557,47.3136676799623
10.9374007936508,0.715992525566661,0.868454814246507,0.082351612717014,47.3140824978056
10.9375,0.715935154102334,0.868393268702919,0.0823122351046017,47.314497279266
10.9375992063492,0.715877787716175,0.868331724839104,0.0822728763542663,47.3149120243481
10.9376984126984,0.715820426407511,0.868270182656459,0.0822335364568588,47.3153267330568
10.9377976190476,0.715763070175666,0.868208642156379,0.0821942154032339,47.3157414053966
10.9378968253968,0.715705719019967,0.868147103340259,0.0821549131842498,47.3161560413725
10.937996031746,0.715648372939741,0.868085566209494,0.0821156297907685,47.316570640989
10.9380952380952,0.715591031934312,0.868024030765477,0.0820763652136554,47.3169852042509
10.9381944444444,0.715533696003008,0.867962497009601,0.0820371194437796,47.3173997311628
10.9382936507937,0.715476365145154,0.867900964943257,0.0819978924720133,47.3178142217296
10.9383928571429,0.715419039360079,0.867839434567839,0.0819586842892339,47.318228675956
10.9384920634921,0.715361718647109,0.867777905884737,0.0819194948863208,47.3186430938465
10.9385912698413,0.71530440300557,0.867716378895341,0.0818803242541576,47.3190574754061
10.9386904761905,0.715247092434791,0.86765485360104,0.0818411723836314,47.3194718206393
10.9387896825397,0.715189786934098,0.867593330003223,0.0818020392656329,47.3198861295508
10.9388888888889,0.715132486502818,0.867531808103278,0.0817629248910567,47.3203004021454
10.9389880952381,0.715075191140281,0.867470287902593,0.0817238292508006,47.3207146384279
10.9390873015873,0.715017900845813,0.867408769402554,0.0816847523357664,47.3211288384028
10.9391865079365,0.714960615618742,0.867347252604547,0.0816456941368592,47.3215430020749
10.9392857142857,0.714903335458397,0.867285737509958,0.0816066546449878,47.321957129449
10.9393849206349,0.714846060364106,0.867224224120171,0.0815676338510647,47.3223712205296
10.9394841269841,0.714788790335198,0.86716271243657,0.081528631746006,47.3227852753216
10.9395833333333,0.714731525371001,0.867101202460539,0.0814896483207313,47.3231992938296
10.9396825396825,0.714674265470844,0.867039694193459,0.0814506835661639,47.3236132760582
10.9397817460317,0.714617010634056,0.866978187636713,0.0814117374732302,47.3240272220123
10.939880952381,0.714559760859966,0.866916682791683,0.0813728100328618,47.3244411316965
10.9399801587302,0.714502516147904,0.866855179659748,0.0813339012359922,47.3248550051155
10.9400793650794,0.714445276497199,0.866793678242289,0.0812950110735592,47.325268842274
10.9401785714286,0.71438804190718,0.866732178540684,0.081256139536504,47.3256826431767
10.9402777777778,0.714330812377179,0.866670680556312,0.0812172866157718,47.3260964078283
10.940376984127,0.714273587906523,0.866609184290551,0.0811784523023109,47.3265101362335
10.9404761904762,0.714216368494545,0.866547689744777,0.0811396365870737,47.326923828397
10.9405753968254,0.714159154140573,0.866486196920367,0.0811008394610158,47.3273374843234
10.9406746031746,0.714101944843938,0.866424705818697,0.0810620609150968,47.3277511040174
10.9407738095238,0.714044740603972,0.866363216441142,0.0810233009402796,47.3281646874838
10.940873015873,0.713987541420004,0.866301728789076,0.0809845595275308,47.3285782347272
10.9409722222222,0.713930347291366,0.866240242863872,0.0809458366678207,47.3289917457524
10.9410714285714,0.713873158217389,0.866178758666904,0.0809071323521231,47.3294052205639
10.9411706349206,0.713815974197404,0.866117276199544,0.0808684465714155,47.3298186591665
10.9412698412698,0.713758795230741,0.866055795463161,0.0808297793166784,47.3302320615649
10.941369047619,0.713701621316735,0.86599431645913,0.0807911305788977,47.3306454277637
10.9414682539683,0.713644452454715,0.865932839188819,0.0807525003490609,47.3310587577677
10.9415674603175,0.713587288644014,0.865871363653598,0.0807138886181601,47.3314720515814
10.9416666666667,0.713530129883964,0.865809889854835,0.0806752953771908,47.3318853092097
10.9417658730159,0.713472976173897,0.865748417793898,0.0806367206171521,47.3322985306571
10.9418650793651,0.713415827513146,0.865686947472155,0.0805981643290467,47.3327117159283
10.9419642857143,0.713358683901043,0.865625478890973,0.080559626503881,47.3331248650281
10.9420634920635,0.71330154533692,0.865564012051718,0.0805211071326651,47.333537977961
10.9421626984127,0.713244411820112,0.865502546955754,0.0804826062064123,47.3339510547318
10.9422619047619,0.71318728334995,0.865441083604447,0.08044412371614,47.3343640953451
10.9423611111111,0.713130159925768,0.86537962199916,0.080405659652869,47.3347770998056
10.9424603174603,0.713073041546899,0.865318162141257,0.0803672140076236,47.335190068118
10.9425595238095,0.713015928212677,0.8652567040321,0.080328786771432,47.335603000287
10.9426587301587,0.712958819922436,0.865195247673052,0.0802903779353256,47.3360158963171
10.9427579365079,0.712901716675509,0.865133793065472,0.0802519874903393,47.3364287562132
10.9428571428571,0.712844618471231,0.865072340210722,0.080213615427513,47.3368415799797
10.9429563492063,0.712787525308935,0.865010889110162,0.0801752617378886,47.3372543676215
10.9430555555556,0.712730437187957,0.864949439765151,0.0801369264125123,47.3376671191431
10.9431547619048,0.71267335410763,0.864887992177046,0.0800986094424336,47.3380798345493
10.943253968254,0.712616276067289,0.864826546347207,0.080060310818706,47.3384925138446
10.9433531746032,0.71255920306627,0.864765102276989,0.0800220305323863,47.3389051570338
10.9434523809524,0.712502135103906,0.86470365996775,0.0799837685745351,47.3393177641215
10.9435515873016,0.712445072179534,0.864642219420844,0.0799455249362166,47.3397303351124
10.9436507936508,0.712388014292488,0.864580780637627,0.0799072996084984,47.3401428700111
10.94375,0.712330961442105,0.864519343619454,0.079869092582452,47.3405553688223
10.9438492063492,0.712273913627719,0.864457908367677,0.0798309038491523,47.3409678315506
10.9439484126984,0.712216870848666,0.864396474883649,0.0797927333996779,47.3413802582007
10.9440476190476,0.712159833104283,0.864335043168724,0.0797545812251111,47.3417926487773
10.9441468253968,0.712102800393906,0.864273613224251,0.0797164473165377,47.3422050032849
10.944246031746,0.71204577271687,0.864212185051582,0.0796783316650465,47.3426173217283
10.9443452380952,0.711988750072513,0.864150758652068,0.0796402342617317,47.3430296041121
10.9444444444444,0.711931732460171,0.864089334027057,0.0796021550976893,47.3434418504409
10.9445436507937,0.711874719879181,0.864027911177899,0.0795640941640198,47.3438540607194
10.9446428571429,0.711817712328879,0.863966490105942,0.0795260514518268,47.3442662349522
10.9447420634921,0.711760709808604,0.863905070812532,0.0794880269522179,47.344678373144
10.9448412698413,0.711703712317691,0.863843653299017,0.0794500206563043,47.3450904752995
10.9449404761905,0.711646719855479,0.863782237566743,0.0794120325552007,47.3455025414232
10.9450396825397,0.711589732421306,0.863720823617054,0.0793740626400252,47.3459145715198
10.9451388888889,0.711532750014508,0.863659411451296,0.0793361109019,47.3463265655939
10.9452380952381,0.711475772634424,0.863598001070813,0.0792981773319505,47.3467385236502
10.9453373015873,0.711418800280392,0.863536592476946,0.079260261921306,47.3471504456934
10.9454365079365,0.71136183295175,0.863475185671041,0.0792223646610991,47.347562331728
10.9455357142857,0.711304870647837,0.863413780654437,0.0791844855424662,47.3479741817587
10.9456349206349,0.71124791336799,0.863352377428476,0.0791466245565475,47.3483859957902
10.9457341269841,0.711190961111549,0.863290975994498,0.0791087816944858,47.348797773827
10.9458333333333,0.711134013877854,0.863229576353845,0.0790709569474296,47.3492095158738
10.9459325396825,0.711077071666242,0.863168178507854,0.0790331503065291,47.3496212219353
10.9460317460317,0.711020134476054,0.863106782457864,0.0789953617629388,47.350032892016
10.946130952381,0.710963202306627,0.863045388205212,0.0789575913078167,47.3504445261206
10.9462301587302,0.710906275157303,0.862983995751236,0.0789198389323245,47.3508561242537
10.9463293650794,0.710849353027421,0.862922605097273,0.0788821046276275,47.35126768642
10.9464285714286,0.71079243591632,0.862861216244657,0.0788443883848945,47.3516792126241
10.9465277777778,0.710735523823341,0.862799829194723,0.0788066901952981,47.3520907028705
10.946626984127,0.710678616747823,0.862738443948807,0.0787690100500144,47.352502157164
10.9467261904762,0.710621714689108,0.862677060508241,0.078731347940223,47.3529135755091
10.9468253968254,0.710564817646535,0.862615678874358,0.0786937038571075,47.3533249579106
10.9469246031746,0.710507925619445,0.862554299048491,0.0786560777918546,47.3537363043729
10.9470238095238,0.71045103860718,0.862492921031971,0.078618469735655,47.3541476149007
10.947123015873,0.71039415660908,0.862431544826129,0.0785808796797028,47.3545588894986
10.9472222222222,0.710337279624485,0.862370170432294,0.0785433076151954,47.3549701281713
10.9473214285714,0.710280407652739,0.862308797851797,0.0785057535333351,47.3553813309234
10.9474206349206,0.710223540693182,0.862247427085966,0.0784682174253264,47.3557924977594
10.9475198412698,0.710166678745156,0.86218605813613,0.0784306992823779,47.3562036286841
10.947619047619,0.710109821808003,0.862124691003615,0.078393199095702,47.3566147237019
10.9477182539683,0.710052969881064,0.862063325689748,0.0783557168565144,47.3570257828176
10.9478174603175,0.709996122963682,0.862001962195856,0.0783182525560347,47.3574368060357
10.9479166666667,0.709939281055199,0.861940600523263,0.0782808061854857,47.3578477933609
10.9480158730159,0.709882444154958,0.861879240673294,0.0782433777360943,47.3582587447977
10.9481150793651,0.7098256122623,0.861817882647274,0.0782059671990908,47.3586696603508
10.9482142857143,0.70976878537657,0.861756526446524,0.078168574565709,47.3590805400247
10.9483134920635,0.709711963497109,0.861695172072369,0.0781311998271865,47.3594913838241
10.9484126984127,0.709655146623262,0.861633819526129,0.0780938429747644,47.3599021917536
10.9485119047619,0.709598334754371,0.861572468809126,0.0780565039996874,47.3603129638178
10.9486111111111,0.709541527889779,0.86151111992268,0.078019182893204,47.3607237000213
10.9487103174603,0.70948472602883,0.86144977286811,0.0779818796465654,47.3611344003687
10.9488095238095,0.709427929170869,0.861388427646737,0.0779445942510284,47.3615450648646
10.9489087301587,0.709371137315239,0.861327084259879,0.0779073266978517,47.3619556935135
10.9490079365079,0.709314350461284,0.861265742708853,0.0778700769782979,47.3623662863202
10.9491071428571,0.709257568608348,0.861204402994977,0.0778328450836337,47.3627768432891
10.9492063492063,0.709200791755776,0.861143065119565,0.0777956310051288,47.3631873644249
10.9493055555556,0.709144019902912,0.861081729083935,0.0777584347340571,47.3635978497322
10.9494047619048,0.709087253049102,0.861020394889402,0.0777212562616957,47.3640082992156
10.949503968254,0.709030491193689,0.860959062537278,0.0776840955793255,47.3644187128796
10.9496031746032,0.708973734336019,0.860897732028879,0.077646952678231,47.3648290907289
10.9497023809524,0.708916982475438,0.860836403365516,0.0776098275497003,47.365239432768
10.9498015873016,0.70886023561129,0.860775076548502,0.077572720185025,47.3656497390016
10.9499007936508,0.708803493742922,0.860713751579149,0.0775356305755006,47.3660600094342
10.95,0.708746756869678,0.860652428458767,0.0774985587124258,47.3664702440705
10.9500992063492,0.708690024990905,0.860591107188667,0.0774615045871032,47.3668804429149
10.9501984126984,0.708633298105948,0.860529787770156,0.0774244681908385,47.3672906059721
10.9502976190476,0.708576576214155,0.860468470204546,0.0773874495149424,47.3677007332467
10.9503968253968,0.708519859314871,0.860407154493144,0.0773504485507278,47.3681108247432
10.950496031746,0.708463147407443,0.860345840637256,0.0773134652895117,47.3685208804663
10.9505952380952,0.708406440491217,0.860284528638191,0.0772764997226146,47.3689309004205
10.9506944444444,0.708349738565541,0.860223218497252,0.0772395518413608,47.3693408846104
10.9507936507937,0.708293041629762,0.860161910215747,0.0772026216370781,47.3697508330406
10.9508928571429,0.708236349683226,0.860100603794979,0.0771657091010979,47.3701607457157
10.9509920634921,0.70817966272528,0.860039299236253,0.0771288142247553,47.3705706226401
10.9510912698413,0.708122980755274,0.859977996540871,0.0770919369993888,47.3709804638186
10.9511904761905,0.708066303772553,0.859916695710137,0.0770550774163408,47.3713902692557
10.9512896825397,0.708009631776466,0.859855396745351,0.0770182354669572,47.3718000389559
10.9513888888889,0.707952964766361,0.859794099647815,0.0769814111425873,47.3722097729239
10.9514880952381,0.707896302741586,0.85973280441883,0.0769446044345844,47.3726194711641
10.9515873015873,0.707839645701489,0.859671511059695,0.0769078153343051,47.3730291336813
10.9516865079365,0.707782993645418,0.859610219571709,0.0768710438331093,47.3734387604799
10.9517857142857,0.707726346572724,0.859548929956172,0.0768342899223619,47.3738483515645
10.9518849206349,0.707669704482753,0.85948764221438,0.0767975535934298,47.3742579069396
10.9519841269841,0.707613067374856,0.85942635634763,0.0767608348376844,47.3746674266099
10.9520833333333,0.707556435248381,0.859365072357219,0.0767241336465004,47.37507691058
10.9521825396825,0.707499808102677,0.859303790244443,0.076687450011256,47.3754863588543
10.9522817460317,0.707443185937095,0.859242510010596,0.0766507839233335,47.3758957714374
10.952380952381,0.707386568750983,0.859181231656972,0.0766141353741182,47.3763051483339
10.9524801587302,0.707329956543691,0.859119955184866,0.0765775043549995,47.3767144895484
10.9525793650794,0.70727334931457,0.859058680595569,0.0765408908573703,47.3771237950855
10.9526785714286,0.707216747062969,0.858997407890375,0.0765042948726268,47.3775330649496
10.9527777777778,0.707160149788238,0.858936137070574,0.0764677163921693,47.3779422991453
10.952876984127,0.707103557489729,0.858874868137458,0.0764311554074013,47.3783514976772
10.9529761904762,0.707046970166791,0.858813601092317,0.07639461190973,47.3787606605499
10.9530753968254,0.706990387818776,0.858752335936439,0.0763580858905666,47.3791697877679
10.9531746031746,0.706933810445033,0.858691072671113,0.0763215773413248,47.3795788793357
10.9532738095238,0.706877238044915,0.858629811297629,0.0762850862534239,47.379987935258
10.953373015873,0.706820670617773,0.858568551817273,0.076248612618285,47.3803969555392
10.9534722222222,0.706764108162957,0.858507294231332,0.0762121564273335,47.3808059401839
10.9535714285714,0.70670755067982,0.858446038541091,0.0761757176719983,47.3812148891966
10.9536706349206,0.706650998167713,0.858384784747836,0.0761392963437121,47.381623802582
10.9537698412698,0.706594450625989,0.858323532852852,0.0761028924339109,47.3820326803445
10.953869047619,0.706537908053998,0.858262282857422,0.0760665059340346,47.3824415224888
10.9539682539683,0.706481370451094,0.85820103476283,0.0760301368355265,47.3828503290192
10.9540674603175,0.706424837816628,0.858139788570358,0.0759937851298336,47.3832590999405
10.9541666666667,0.706368310149954,0.858078544281288,0.0759574508084067,47.3836678352571
10.9542658730159,0.706311787450423,0.858017301896901,0.0759211338626999,47.3840765349735
10.9543650793651,0.706255269717389,0.857956061418477,0.075884834284171,47.3844851990944
10.9544642857143,0.706198756950205,0.857894822847297,0.0758485520642815,47.3848938276242
10.9545634920635,0.706142249148223,0.857833586184639,0.0758122871944965,47.3853024205675
10.9546626984127,0.706085746310797,0.857772351431781,0.0757760396662841,47.3857109779288
10.9547619047619,0.706029248437282,0.857711118590003,0.0757398094711178,47.3861194997127
10.9548611111111,0.70597275552703,0.857649887660579,0.0757035966004727,47.3865279859237
10.9549603174603,0.705916267579395,0.857588658644788,0.0756674010458285,47.3869364365664
10.9550595238095,0.705859784593732,0.857527431543904,0.0756312227986683,47.3873448516451
10.9551587301587,0.705803306569393,0.857466206359202,0.0755950618504788,47.3877532311646
10.9552579365079,0.705746833505735,0.857404983091956,0.0755589181927505,47.3881615751293
10.9553571428571,0.70569036540211,0.857343761743441,0.0755227918169771,47.3885698835438
10.9554563492063,0.705633902257874,0.857282542314928,0.0754866827146564,47.3889781564125
10.9555555555556,0.705577444072382,0.85722132480769,0.0754505908772895,47.3893863937401
10.9556547619048,0.705520990844988,0.857160109222999,0.0754145162963811,47.389794595531
10.955753968254,0.705464542575048,0.857098895562125,0.0753784589634398,47.3902027617897
10.9558531746032,0.705408099261917,0.857037683826339,0.0753424188699775,47.3906108925209
10.9559523809524,0.70535166090495,0.856976474016909,0.0753063960075099,47.3910189877289
10.9560515873016,0.705295227503503,0.856915266135105,0.0752703903675562,47.3914270474184
10.9561507936508,0.705238799056931,0.856854060182193,0.0752344019416388,47.3918350715939
10.95625,0.705182375564591,0.856792856159443,0.0751984307212851,47.3922430602598
10.9563492063492,0.705125957025839,0.856731654068121,0.0751624766980247,47.3926510134207
10.9564484126984,0.705069543440032,0.856670453909492,0.0751265398633914,47.3930589310811
10.9565476190476,0.705013134806524,0.856609255684822,0.0750906202089223,47.3934668132455
10.9566468253968,0.704956731124674,0.856548059395375,0.0750547177261585,47.3938746599185
10.956746031746,0.704900332393837,0.856486865042415,0.0750188324066445,47.3942824711046
10.9568452380952,0.704843938613371,0.856425672627206,0.0749829642419284,47.3946902468082
10.9569444444444,0.704787549782632,0.856364482151009,0.0749471132235619,47.3950979870339
10.9570436507937,0.704731165900979,0.856303293615087,0.0749112793431004,47.3955056917861
10.9571428571429,0.704674786967768,0.856242107020701,0.074875462592103,47.3959133610695
10.9572420634921,0.704618412982356,0.856180922369111,0.0748396629621321,47.3963209948885
10.9573412698413,0.704562043944103,0.856119739661577,0.074803880444754,47.3967285932477
10.9574404761905,0.704505679852364,0.856058558899358,0.0747681150315386,47.3971361561514
10.9575396825397,0.7044493207065,0.855997380083712,0.0747323667140591,47.3975436836043
10.9576388888889,0.704392966505866,0.855936203215897,0.0746966354838923,47.3979511756108
10.9577380952381,0.704336617249823,0.85587502829717,0.0746609213326197,47.3983586321755
10.9578373015873,0.704280272937729,0.855813855328788,0.0746252242518249,47.3987660533028
10.9579365079365,0.704223933568942,0.855752684312006,0.0745895442330961,47.3991734389972
10.9580357142857,0.704167599142821,0.855691515248078,0.0745538812680245,47.3995807892633
10.9581349206349,0.704111269658725,0.85563034813826,0.0745182353482054,47.3999881041056
10.9582341269841,0.704054945116013,0.855569182983804,0.0744826064652374,47.4003953835284
10.9583333333333,0.703998625514045,0.855508019785964,0.0744469946107229,47.4008026275365
10.9584325396825,0.703942310852181,0.855446858545991,0.0744113997762677,47.4012098361341
10.9585317460317,0.703886001129779,0.855385699265137,0.0743758219534815,47.4016170093259
10.958630952381,0.7038296963462,0.855324541944653,0.0743402611339773,47.4020241471164
10.9587301587302,0.703773396500803,0.855263386585789,0.074304717309372,47.4024312495099
10.9588293650794,0.70371710159295,0.855202233189794,0.0742691904712859,47.4028383165111
10.9589285714286,0.703660811621999,0.855141081757917,0.0742336806113431,47.4032453481243
10.9590277777778,0.703604526587312,0.855079932291406,0.074198187721171,47.4036523443542
10.959126984127,0.703548246488248,0.855018784791508,0.0741627117924005,47.4040593052051
10.9592261904762,0.70349197132417,0.854957639259471,0.0741272528166673,47.4044662306816
10.9593253968254,0.703435701094438,0.854896495696539,0.0740918107856094,47.4048731207882
10.9594246031746,0.703379435798414,0.854835354103959,0.0740563856908689,47.4052799755292
10.9595238095238,0.703323175435457,0.854774214482974,0.0740209775240914,47.4056867949094
10.959623015873,0.70326692000493,0.854713076834828,0.0739855862769261,47.406093578933
10.9597222222222,0.703210669506195,0.854651941160766,0.0739502119410261,47.4065003276046
10.9598214285714,0.703154423938613,0.854590807462029,0.0739148545080476,47.4069070409287
10.9599206349206,0.703098183301546,0.854529675739858,0.073879513969651,47.4073137189097
10.9600198412698,0.703041947594356,0.854468545995497,0.0738441903174998,47.4077203615522
10.960119047619,0.702985716816406,0.854407418230183,0.0738088835432615,47.4081269688605
10.9602182539683,0.702929490967058,0.854346292445158,0.073773593638607,47.4085335408393
10.9603174603175,0.702873270045674,0.85428516864166,0.0737383205952108,47.4089400774929
10.9604166666667,0.702817054051618,0.854224046820928,0.0737030644047511,47.4093465788258
10.9605158730159,0.702760842984251,0.8541629269842,0.0736678250589096,47.4097530448426
10.9606150793651,0.702704636842937,0.85410180913271,0.0736326025493714,47.4101594755476
10.9607142857143,0.70264843562704,0.854040693267699,0.0735973968678263,47.4105658709454
10.9608134920635,0.702592239335923,0.853979579390399,0.0735622080059666,47.4109722310404
10.9609126984127,0.70253604796895,0.853918467502047,0.0735270359554883,47.4113785558371
10.9610119047619,0.702479861525483,0.853857357603876,0.0734918807080915,47.41178484534
10.9611111111111,0.702423680004888,0.85379624969712,0.0734567422554794,47.4121910995535
10.9612103174603,0.702367503406527,0.853735143783011,0.0734216205893592,47.412597318482
10.9613095238095,0.702311331729766,0.853674039862783,0.0733865157014416,47.4130035021302
10.9614087301587,0.702255164973968,0.853612937937665,0.0733514275834408,47.4134096505023
10.9615079365079,0.702199003138499,0.85355183800889,0.0733163562270748,47.413815763603
10.9616071428571,0.702142846222722,0.853490740077686,0.073281301624065,47.4142218414366
10.9617063492063,0.702086694226003,0.853429644145285,0.0732462637661366,47.4146278840075
10.9618055555556,0.702030547147707,0.853368550212913,0.0732112426450184,47.4150338913204
10.9619047619048,0.701974404987198,0.8533074582818,0.0731762382524426,47.4154398633796
10.962003968254,0.701918267743843,0.853246368353172,0.0731412505801452,47.4158458001895
10.9621031746032,0.701862135417006,0.853185280428255,0.0731062796198653,47.4162517017547
10.9622023809524,0.701806008006053,0.853124194508277,0.0730713253633472,47.4166575680796
10.9623015873016,0.701749885510351,0.853063110594463,0.073036387802337,47.4170633991686
10.9624007936508,0.701693767929266,0.853002028688036,0.0730014669285851,47.4174691950263
10.9625,0.701637655262162,0.852940948790221,0.0729665627338456,47.4178749556569
10.9625992063492,0.701581547508407,0.852879870902241,0.0729316752098762,47.4182806810651
10.9626984126984,0.701525444667368,0.852818795025318,0.0728968043484381,47.4186863712553
10.9627976190476,0.70146934673841,0.852757721160675,0.0728619501412961,47.4190920262318
10.9628968253968,0.701413253720901,0.852696649309531,0.0728271125802187,47.4194976459992
10.962996031746,0.701357165614207,0.852635579473109,0.072792291656978,47.4199032305619
10.9630952380952,0.701301082417696,0.852574511652626,0.0727574873633497,47.4203087799243
10.9631944444444,0.701245004130735,0.852513445849303,0.0727226996911129,47.4207142940909
10.9632936507937,0.701188930752691,0.852452382064358,0.0726879286320508,47.4211197730662
10.9633928571429,0.701132862282932,0.852391320299008,0.0726531741779498,47.4215252168545
10.9634920634921,0.701076798720826,0.852330260554471,0.0726184363206,47.4219306254603
10.9635912698413,0.70102074006574,0.852269202831961,0.0725837150517948,47.4223359988881
10.9636904761905,0.700964686317044,0.852208147132696,0.0725490103633324,47.4227413371422
10.9637896825397,0.700908637474104,0.852147093457891,0.0725143222470133,47.4231466402272
10.9638888888889,0.70085259353629,0.852086041808759,0.0724796506946421,47.4235519081475
10.9639880952381,0.700796554502971,0.852024992186513,0.0724449956980271,47.4239571409074
10.9640873015873,0.700740520373514,0.851963944592367,0.07241035724898,47.4243623385115
10.9641865079365,0.700684491147288,0.851902899027533,0.0723757353393162,47.4247675009642
10.9642857142857,0.700628466823664,0.851841855493222,0.0723411299608548,47.4251726282698
10.9643849206349,0.70057244740201,0.851780813990646,0.0723065411054183,47.4255777204329
10.9644841269841,0.700516432881695,0.851719774521013,0.0722719687648333,47.4259827774579
10.9645833333333,0.700460423262089,0.851658737085533,0.0722374129309293,47.4263877993492
10.9646825396825,0.700404418542562,0.851597701685416,0.07220287359554,47.4267927861111
10.9647817460317,0.700348418722483,0.851536668321868,0.0721683507505023,47.4271977377483
10.964880952381,0.700292423801224,0.851475636996098,0.0721338443876572,47.427602654265
10.9649801587302,0.700236433778153,0.851414607709312,0.0720993544988487,47.4280075356657
10.9650793650794,0.70018044865264,0.851353580462715,0.0720648810759245,47.4284123819548
10.9651785714286,0.700124468424058,0.851292555257514,0.0720304241107369,47.4288171931368
10.9652777777778,0.700068493091776,0.851231532094913,0.0719959835951407,47.429221969216
10.965376984127,0.700012522655166,0.851170510976115,0.0719615595209946,47.4296267101969
10.9654761904762,0.699956557113598,0.851109491902323,0.071927151880161,47.430031416084
10.9655753968254,0.699900596466444,0.851048474874741,0.0718927606645059,47.4304360868815
10.9656746031746,0.699844640713075,0.85098745989457,0.0718583858658989,47.430840722594
10.9657738095238,0.699788689852861,0.850926446963011,0.0718240274762132,47.4312453232259
10.965873015873,0.699732743885176,0.850865436081264,0.0717896854873256,47.4316498887816
10.9659722222222,0.699676802809391,0.85080442725053,0.0717553598911166,47.4320544192654
10.9660714285714,0.699620866624878,0.850743420472006,0.0717210506794702,47.4324589146818
10.9661706349206,0.699564935331008,0.850682415746892,0.0716867578442741,47.4328633750353
10.9662698412698,0.699509008927155,0.850621413076385,0.0716524813774195,47.4332678003302
10.966369047619,0.699453087412691,0.850560412461682,0.0716182212708013,47.4336721905709
10.9664682539683,0.699397170786988,0.85049941390398,0.071583977516318,47.4340765457619
10.9665674603175,0.699341259049419,0.850438417404472,0.0715497501058713,47.4344808659075
10.9666666666667,0.699285352199358,0.850377422964356,0.0715155390313678,47.4348851510122
10.9667658730159,0.699229450236176,0.850316430584825,0.0714813442847163,47.4352894010803
10.9668650793651,0.699173553159249,0.850255440267073,0.0714471658578299,47.4356936161163
10.9669642857143,0.699117660967949,0.850194452012291,0.071413003742625,47.4360977961246
10.9670634920635,0.699061773661649,0.850133465821674,0.0713788579310219,47.4365019411096
10.9671626984127,0.699005891239724,0.850072481696411,0.0713447284149442,47.4369060510756
10.9672619047619,0.698950013701548,0.850011499637693,0.0713106151863195,47.4373101260271
10.9673611111111,0.698894141046493,0.849950519646711,0.0712765182370786,47.4377141659685
10.9674603174603,0.698838273273936,0.849889541724654,0.0712424375591564,47.4381181709042
10.9675595238095,0.69878241038325,0.849828565872711,0.0712083731444908,47.4385221408385
10.9676587301587,0.69872655237381,0.84976759209207,0.0711743249850238,47.438926075776
10.9677579365079,0.69867069924499,0.849706620383917,0.0711402930727009,47.4393299757208
10.9678571428571,0.698614850996166,0.84964565074944,0.071106277399471,47.4397338406775
10.9679563492063,0.698559007626712,0.849584683189824,0.0710722779572869,47.4401376706505
10.9680555555556,0.698503169136003,0.849523717706254,0.0710382947381044,47.4405414656441
10.9681547619048,0.698447335523416,0.849462754299916,0.0710043277338843,47.4409452256628
10.968253968254,0.698391506788326,0.849401792971993,0.0709703769365896,47.4413489507109
10.9683531746032,0.698335682930108,0.849340833723668,0.0709364423381875,47.4417526407927
10.9684523809524,0.698279863948139,0.849279876556124,0.0709025239306487,47.4421562959128
10.9685515873016,0.698224049841794,0.849218921470542,0.0708686217059476,47.4425599160755
10.9686507936508,0.69816824061045,0.849157968468104,0.0708347356560621,47.4429635012851
10.96875,0.698112436253483,0.849097017549989,0.0708008657729738,47.443367051546
10.9688492063492,0.698056636770269,0.849036068717379,0.0707670120486678,47.4437705668627
10.9689484126984,0.698000842160185,0.84897512197145,0.070733174475133,47.4441740472396
10.9690476190476,0.697945052422609,0.848914177313383,0.0706993530443617,47.4445774926809
10.9691468253968,0.697889267556916,0.848853234744354,0.07066554774835,47.4449809031911
10.969246031746,0.697833487562485,0.84879229426554,0.0706317585790975,47.4453842787745
10.9693452380952,0.697777712438693,0.848731355878119,0.0705979855286074,47.4457876194356
10.9694444444444,0.697721942184916,0.848670419583264,0.0705642285888866,47.4461909251787
10.9695436507937,0.697666176800533,0.848609485382151,0.0705304877519451,47.4465941960082
10.9696428571429,0.697610416284922,0.848548553275955,0.0704967630097979,47.4469974319284
10.9697420634921,0.697554660637461,0.848487623265849,0.0704630543544622,47.4474006329438
10.9698412698413,0.697498909857527,0.848426695353005,0.0704293617779594,47.4478037990586
10.9699404761905,0.697443163944499,0.848365769538596,0.0703956852723142,47.4482069302774
10.9700396825397,0.697387422897757,0.848304845823793,0.0703620248295553,47.4486100266044
10.9701388888889,0.697331686716677,0.848243924209768,0.0703283804417148,47.449013088044
10.9702380952381,0.697275955400639,0.848183004697689,0.0702947521008284,47.4494161146006
10.9703373015873,0.697220228949023,0.848122087288726,0.0702611397989355,47.4498191062785
10.9704365079365,0.697164507361206,0.848061171984048,0.0702275435280791,47.4502220630822
10.9705357142857,0.697108790636569,0.848000258784823,0.0701939632803057,47.4506249850159
10.9706349206349,0.697053078774491,0.847939347692218,0.0701603990476655,47.4510278720841
10.9707341269841,0.696997371774352,0.8478784387074,0.0701268508222124,47.451430724291
10.9708333333333,0.69694166963553,0.847817531831535,0.0700933185960038,47.4518335416412
10.9709325396825,0.696885972357407,0.847756627065787,0.0700598023611006,47.4522363241389
10.9710317460317,0.696830279939362,0.847695724411321,0.0700263021095671,47.4526390717884
10.971130952381,0.696774592380776,0.847634823869302,0.0699928178334725,47.4530417845942
10.9712301587302,0.696718909681028,0.847573925440893,0.0699593495248881,47.4534444625606
10.9713293650794,0.696663231839501,0.847513029127255,0.0699258971758895,47.453847105692
10.9714285714286,0.696607558855574,0.847452134929551,0.0698924607785556,47.4542497139927
10.9715277777778,0.696551890728628,0.847391242848941,0.0698590403249693,47.454652287467
10.971626984127,0.696496227458044,0.847330352886586,0.0698256358072168,47.4550548261194
10.9717261904762,0.696440569043204,0.847269465043646,0.0697922472173881,47.4554573299541
10.9718253968254,0.696384915483489,0.84720857932128,0.0697588745475766,47.4558597989755
10.9719246031746,0.696329266778281,0.847147695720646,0.0697255177898797,47.456262233188
10.9720238095238,0.696273622926961,0.847086814242901,0.0696921769363979,47.456664632596
10.972123015873,0.696217983928911,0.847025934889203,0.0696588519792357,47.4570669972037
10.9722222222222,0.696162349783514,0.846965057660708,0.0696255429105011,47.4574693270155
10.9723214285714,0.696106720490151,0.846904182558571,0.0695922497223057,47.4578716220358
10.9724206349206,0.696051096048204,0.846843309583947,0.0695589724067646,47.4582738822689
10.9725198412698,0.695995476457057,0.84678243873799,0.0695257109559962,47.4586761077191
10.972619047619,0.695939861716092,0.846721570021855,0.069492465362124,47.4590782983908
10.9727182539683,0.695884251824692,0.846660703436693,0.0694592356172733,47.4594804542884
10.9728174603175,0.69582864678224,0.846599838983657,0.069426021713574,47.4598825754161
10.9729166666667,0.695773046588119,0.846538976663898,0.0693928236431593,47.4602846617783
10.9730158730159,0.695717451241713,0.846478116478566,0.0693596413981661,47.4606867133794
10.9731150793651,0.695661860742404,0.846417258428813,0.0693264749707348,47.4610887302236
10.9732142857143,0.695606275089578,0.846356402515787,0.0692933243530096,47.4614907123154
10.9733134920635,0.695550694282617,0.846295548740637,0.0692601895371382,47.461892659659
10.9734126984127,0.695495118320905,0.846234697104511,0.0692270705152719,47.4622945722588
10.9735119047619,0.695439547203827,0.846173847608555,0.0691939672795656,47.4626964501191
10.9736111111111,0.695383980930767,0.846113000253918,0.069160879822178,47.4630982932443
10.9737103174603,0.695328419501109,0.846052155041744,0.0691278081352711,47.4635001016386
10.9738095238095,0.695272862914239,0.845991311973179,0.0690947522110107,47.4639018753064
10.9739087301587,0.695217311169541,0.845930471049367,0.0690617120415664,47.4643036142521
10.9740079365079,0.695161764266398,0.845869632271451,0.0690286876191104,47.46470531848
10.9741071428571,0.695106222204199,0.845808795640577,0.0689956789358204,47.4651069879943
10.9742063492063,0.695050684982327,0.845747961157885,0.0689626859838762,47.4655086227994
10.9743055555556,0.694995152600167,0.845687128824517,0.0689297087554616,47.4659102228997
10.9744047619048,0.694939625057106,0.845626298641615,0.068896747242764,47.4663117882995
10.974503968254,0.69488410235253,0.845565470610319,0.0688638014379745,47.466713319003
10.9746031746032,0.694828584485823,0.845504644731769,0.0688308713332878,47.4671148150146
10.9747023809524,0.694773071456373,0.845443821007102,0.0687979569209021,47.4675162763386
10.9748015873016,0.694717563263565,0.845382999437459,0.0687650581930194,47.4679177029794
10.9749007936508,0.694662059906786,0.845322180023976,0.0687321751418451,47.4683190949413
10.975,0.694606561385423,0.845261362767791,0.0686993077595884,47.4687204522285
10.9750992063492,0.694551067698862,0.845200547670039,0.068666456038462,47.4691217748454
10.9751984126984,0.69449557884649,0.845139734731856,0.0686336199706822,47.4695230627963
10.9752976190476,0.694440094827694,0.845078923954377,0.068600799548469,47.4699243160855
10.9753968253968,0.694384615641862,0.845018115338736,0.068567994764046,47.4703255347173
10.975496031746,0.69432914128838,0.844957308886066,0.0685352056096399,47.4707267186961
10.9755952380952,0.694273671766638,0.844896504597501,0.0685024320774823,47.4711278680261
10.9756944444444,0.694218207076022,0.844835702474173,0.0684696741598073,47.4715289827117
10.9757936507937,0.69416274721592,0.844774902517212,0.0684369318488528,47.4719300627571
10.9758928571429,0.69410729218572,0.84471410472775,0.0684042051368605,47.4723311081667
10.9759920634921,0.69405184198481,0.844653309106916,0.0683714940160755,47.4727321189448
10.9760912698413,0.69399639661258,0.844592515655841,0.0683387984787468,47.4731330950956
10.9761904761905,0.693940956068416,0.844531724375652,0.0683061185171268,47.4735340366236
10.9762896825397,0.693885520351709,0.844470935267477,0.0682734541234716,47.4739349435329
10.9763888888889,0.693830089461846,0.844410148332444,0.0682408052900409,47.4743358158279
10.9764880952381,0.693774663398218,0.84434936357168,0.0682081720090979,47.4747366535129
10.9765873015873,0.693719242160212,0.84428858098631,0.0681755542729096,47.4751374565921
10.9766865079365,0.693663825747219,0.844227800577459,0.0681429520737465,47.47553822507
10.9767857142857,0.693608414158628,0.844167022346252,0.0681103654038827,47.4759389589507
10.9768849206349,0.693553007393829,0.844106246293812,0.068077794255596,47.4763396582386
10.9769841269841,0.693497605452211,0.844045472421263,0.0680452386211672,47.476740322938
10.9770833333333,0.693442208333164,0.843984700729728,0.0680126984928823,47.4771409530531
10.9771825396825,0.693386816036079,0.843923931220327,0.0679801738630293,47.4775415485883
10.9772817460317,0.693331428560347,0.843863163894183,0.0679476647239006,47.4779421095478
10.977380952381,0.693276045905357,0.843802398752415,0.0679151710677917,47.478342635936
10.9774801587302,0.6932206680705,0.843741635796143,0.0678826928870023,47.4787431277571
10.9775793650794,0.693165295055166,0.843680875026486,0.0678502301738352,47.4791435850154
10.9776785714286,0.693109926859013,0.843620116443894,0.0678177829238125,47.4795440077143
10.9777777777778,0.693054563485174,0.843559360039929,0.0677853511752476,47.4799443958469
10.977876984127,0.692999204934179,0.84349860581257,0.0677529349356775,47.4803447494135
10.9779761904762,0.692943851205321,0.843437853762903,0.0677205341977023,47.4807450684184
10.9780753968254,0.692888502297894,0.843377103892014,0.0676881489539251,47.4811453528658
10.9781746031746,0.692833158211192,0.843316356200987,0.0676557791969526,47.4815456027599
10.9782738095238,0.692777818944512,0.843255610690905,0.0676234249193945,47.4819458181051
10.978373015873,0.69272248449715,0.843194867362853,0.0675910861138641,47.4823459989055
10.9784722222222,0.692667154868403,0.843134126217911,0.0675587627729772,47.4827461451653
10.9785714285714,0.692611830057573,0.843073387257161,0.0675264548893544,47.4831462568888
10.9786706349206,0.692556510063958,0.843012650481685,0.0674941624556183,47.4835463340801
10.9787698412698,0.69250119488686,0.84295191589256,0.0674618854643951,47.4839463767436
10.978869047619,0.692445884525581,0.842891183490868,0.0674296239083144,47.4843463848835
10.9789682539683,0.692390578979424,0.842830453277685,0.0673973777800091,47.4847463585039
10.9790674603175,0.692335278247694,0.842769725254088,0.0673651470721151,47.4851462976091
10.9791666666667,0.692279982329696,0.842708999421155,0.067332931777272,47.4855462022033
10.9792658730159,0.692224691224736,0.842648275779961,0.0673007318881224,47.4859460722907
10.9793650793651,0.692169404932123,0.842587554331581,0.0672685473973123,47.4863459078756
10.9794642857143,0.692114123451164,0.842526835077088,0.0672363782974909,47.4867457089622
10.9795634920635,0.69205884678117,0.842466118017557,0.0672042245813109,47.4871454755546
10.9796626984127,0.692003574921451,0.84240540315406,0.0671720862414279,47.4875452076571
10.9797619047619,0.691948307871319,0.842344690487667,0.0671399632705011,47.487944905274
10.9798611111111,0.691893045630087,0.84228398001945,0.067107855661193,47.4883445684093
10.9799603174603,0.691837788197068,0.842223271750479,0.0670757634061688,47.4887441970674
10.9800595238095,0.691782535571578,0.842162565681824,0.0670436864980982,47.4891437912524
10.9801587301587,0.691727287752934,0.842101861814552,0.0670116249296532,47.4895433509686
10.9802579365079,0.691672044740451,0.842041160149732,0.0669795786935092,47.4899428762201
10.9803571428571,0.691616806533448,0.841980460688429,0.066947547782345,47.4903423670112
10.9804563492063,0.691561573131244,0.84191976343171,0.0669155321888429,47.4907418233461
10.9805555555556,0.69150634453316,0.841859068380641,0.0668835319056881,47.4911412452289
10.9806547619048,0.691451120738516,0.841798375536285,0.0668515469255694,47.4915406326639
10.980753968254,0.691395901746636,0.841737684899706,0.0668195772411786,47.4919399856553
10.9808531746032,0.691340687556843,0.841676996471966,0.0667876228452112,47.4923393042073
10.9809523809524,0.691285478168461,0.841616310254128,0.0667556837303654,47.4927385883241
10.9810515873016,0.691230273580816,0.841555626247253,0.0667237598893433,47.4931378380098
10.9811507936508,0.691175073793234,0.841494944452401,0.0666918513148499,47.4935370532687
10.98125,0.691119878805043,0.841434264870632,0.0666599579995935,47.493936234105
10.9813492063492,0.691064688615573,0.841373587503003,0.0666280799362859,47.4943353805229
10.9814484126984,0.691009503224151,0.841312912350573,0.0665962171176416,47.4947344925265
10.9815476190476,0.690954322630111,0.8412522394144,0.0665643695363796,47.49513357012
10.9816468253968,0.690899146832784,0.84119156869554,0.0665325371852211,47.4955326133078
10.981746031746,0.690843975831502,0.841130900195047,0.0665007200568909,47.4959316220938
10.9818452380952,0.6907888096256,0.841070233913977,0.066468918144117,47.4963305964824
10.9819444444444,0.690733648214413,0.841009569853383,0.0664371314396309,47.4967295364777
10.9820436507937,0.690678491597276,0.840948908014318,0.0664053599361672,47.4971284420839
10.9821428571429,0.690623339773528,0.840888248397835,0.0663736036264638,47.4975273133052
10.9822420634921,0.690568192742507,0.840827591004985,0.066341862503262,47.4979261501458
10.9823412698413,0.690513050503551,0.840766935836819,0.0663101365593064,47.4983249526098
10.9824404761905,0.690457913056002,0.840706282894386,0.0662784257873446,47.4987237207014
10.9825396825397,0.6904027803992,0.840645632178735,0.0662467301801278,47.4991224544249
10.9826388888889,0.69034765253249,0.840584983690915,0.0662150497304105,47.4995211537844
10.9827380952381,0.690292529455213,0.840524337431973,0.0661833844309501,47.4999198187841
10.9828373015873,0.690237411166714,0.840463693402955,0.0661517342745077,47.5003184494281
10.9829365079365,0.69018229766634,0.840403051604907,0.0661200992538471,47.5007170457207
10.9830357142857,0.690127188953437,0.840342412038874,0.0660884793617366,47.501115607666
10.9831349206349,0.690072085027354,0.840281774705901,0.0660568745909467,47.5015141352681
10.9832341269841,0.690016985887438,0.84022113960703,0.0660252849342513,47.5019126285314
10.9833333333333,0.689961891533041,0.840160506743305,0.0659937103844279,47.5023110874598
10.9834325396825,0.689906801963512,0.840099876115766,0.0659621509342571,47.5027095120577
10.9835317460317,0.689851717178204,0.840039247725454,0.0659306065765229,47.5031079023291
10.983630952381,0.689796637176471,0.839978621573411,0.0658990773040124,47.5035062582783
10.9837301587302,0.689741561957666,0.839917997660674,0.0658675631095162,47.5039045799094
10.9838293650794,0.689686491521145,0.839857375988283,0.0658360639858281,47.5043028672266
10.9839285714286,0.689631425866264,0.839796756557275,0.0658045799257451,47.504701120234
10.9840277777778,0.689576364992381,0.839736139368688,0.0657731109220677,47.5050993389358
10.984126984127,0.689521308898853,0.839675524423556,0.0657416569675994,47.5054975233362
10.9842261904762,0.689466257585041,0.839614911722915,0.0657102180551471,47.5058956734393
10.9843253968254,0.689411211050305,0.8395543012678,0.0656787941775212,47.5062937892494
10.9844246031746,0.689356169294006,0.839493693059243,0.0656473853275347,47.5066918707705
10.9845238095238,0.689301132315508,0.83943308709828,0.0656159914980051,47.5070899180068
10.984623015873,0.689246100114174,0.83937248338594,0.0655846126817523,47.5074879309624
10.9847222222222,0.689191072689369,0.839311881923256,0.0655532488715994,47.5078859096416
10.9848214285714,0.689136050040459,0.839251282711257,0.0655219000603732,47.5082838540485
10.9849206349206,0.68908103216681,0.839190685750973,0.0654905662409036,47.5086817641872
10.9850198412698,0.689026019067791,0.839130091043434,0.0654592474060238,47.509079640062
10.985119047619,0.688971010742772,0.839069498589666,0.0654279435485703,47.5094774816768
10.9852182539683,0.688916007191121,0.839008908390697,0.0653966546613828,47.509875289036
10.9853174603175,0.68886100841221,0.838948320447554,0.0653653807373045,47.5102730621435
10.9854166666667,0.688806014405412,0.838887734761261,0.0653341217691817,47.5106708010037
10.9855158730159,0.688751025170099,0.838827151332844,0.0653028777498639,47.5110685056206
10.9856150793651,0.688696040705646,0.838766570163327,0.0652716486722043,47.5114661759985
10.9857142857143,0.688641061011429,0.838705991253732,0.0652404345290588,47.5118638121413
10.9858134920635,0.688586086086824,0.838645414605082,0.0652092353132871,47.5122614140533
10.9859126984127,0.688531115931208,0.838584840218398,0.0651780510177515,47.5126589817386
10.9860119047619,0.68847615054396,0.838524268094701,0.0651468816353189,47.5130565152014
10.9861111111111,0.68842118992446,0.838463698235011,0.0651157271588582,47.5134540144458
10.9862103174603,0.688366234072089,0.838403130640348,0.065084587581242,47.5138514794759
10.9863095238095,0.688311282986228,0.838342565311728,0.0650534628953463,47.5142489102959
10.9864087301587,0.68825633666626,0.83828200225017,0.0650223530940502,47.51464630691
10.9865079365079,0.68820139511157,0.838221441456691,0.0649912581702363,47.5150436693221
10.9866071428571,0.688146458321541,0.838160882932305,0.0649601781167903,47.5154409975366
10.9867063492063,0.68809152629556,0.838100326678028,0.0649291129266012,47.5158382915575
10.9868055555556,0.688036599033015,0.838039772694875,0.0648980625925615,47.5162355513889
10.9869047619048,0.687981676533293,0.837979220983858,0.0648670271075667,47.516632777035
10.987003968254,0.687926758795783,0.837918671545991,0.0648360064645157,47.5170299684999
10.9871031746032,0.687871845819876,0.837858124382284,0.0648050006563107,47.5174271257878
10.9872023809524,0.687816937604963,0.837797579493749,0.0647740096758572,47.5178242489027
10.9873015873016,0.687762034150437,0.837737036881397,0.064743033516064,47.5182213378488
10.9874007936508,0.68770713545569,0.837676496546235,0.0647120721698427,47.5186183926303
10.9875,0.687652241520118,0.837615958489274,0.0646811256301095,47.5190154132512
10.9875992063492,0.687597352343116,0.837555422711521,0.0646501938897825,47.5194123997156
10.9876984126984,0.687542467924081,0.837494889213982,0.0646192769417837,47.5198093520278
10.9877976190476,0.68748758826241,0.837434357997664,0.0645883747790383,47.5202062701918
10.9878968253968,0.687432713357503,0.837373829063572,0.0645574873944747,47.5206031542117
10.987996031746,0.687377843208758,0.837313302412711,0.0645266147810247,47.5210000040916
10.9880952380952,0.687322977815577,0.837252778046084,0.0644957569316233,47.5213968198358
10.9881944444444,0.687268117177362,0.837192255964693,0.0644649138392088,47.5217936014482
10.9882936507937,0.687213261293516,0.837131736169542,0.0644340854967229,47.522190348933
10.9883928571429,0.687158410163442,0.837071218661632,0.0644032718971105,47.5225870622944
10.9884920634921,0.687103563786547,0.837010703441962,0.0643724730333198,47.5229837415363
10.9885912698413,0.687048722162235,0.836950190511533,0.0643416888983021,47.5233803866631
10.9886904761905,0.686993885289915,0.836889679871343,0.0643109194850124,47.5237769976786
10.9887896825397,0.686939053168995,0.83682917152239,0.0642801647864085,47.5241735745872
10.9888888888889,0.686884225798883,0.836768665465671,0.0642494247954514,47.5245701173928
10.9889880952381,0.686829403178991,0.836708161702184,0.0642186995051066,47.5249666260995
10.9890873015873,0.68677458530873,0.836647660232924,0.0641879889083415,47.5253631007116
10.9891865079365,0.686719772187512,0.836587161058884,0.0641572929981273,47.5257595412331
10.9892857142857,0.686664963814752,0.83652666418106,0.0641266117674384,47.526155947668
10.9893849206349,0.686610160189863,0.836466169600445,0.0640959452092527,47.5265523200206
10.9894841269841,0.686555361312261,0.83640567731803,0.0640652933165511,47.5269486582948
10.9895833333333,0.686500567181364,0.836345187334808,0.0640346560823179,47.5273449624949
10.9896825396825,0.686445777796589,0.836284699651769,0.0640040334995408,47.5277412326248
10.9897817460317,0.686390993157355,0.836224214269902,0.0639734255612106,47.5281374686888
10.989880952381,0.686336213263082,0.836163731190198,0.0639428322603216,47.5285336706908
10.9899801587302,0.686281438113191,0.836103250413645,0.0639122535898711,47.5289298386351
10.9900793650794,0.686226667707103,0.836042771941229,0.0638816895428599,47.5293259725256
10.9901785714286,0.686171902044243,0.835982295773939,0.063851140112292,47.5297220723665
10.9902777777778,0.686117141124035,0.835921821912758,0.0638206052911748,47.5301181381619
10.990376984127,0.686062384945902,0.835861350358673,0.0637900850725184,47.5305141699158
10.9904761904762,0.686007633509273,0.835800881112668,0.0637595794493375,47.5309101676324
10.9905753968254,0.685952886813575,0.835740414175727,0.0637290884146489,47.5313061313158
10.9906746031746,0.685898144858235,0.835679949548831,0.0636986119614731,47.53170206097
10.9907738095238,0.685843407642684,0.835619487232964,0.0636681500828337,47.5320979565991
10.990873015873,0.685788675166351,0.835559027229105,0.0636377027717577,47.5324938182072
10.9909722222222,0.68573394742867,0.835498569538236,0.0636072700212756,47.5328896457983
10.9910714285714,0.685679224429071,0.835438114161335,0.0635768518244208,47.5332854393767
10.9911706349206,0.685624506166989,0.835377661099381,0.0635464481742303,47.5336811989463
10.9912698412698,0.685569792641859,0.835317210353352,0.0635160590637442,47.5340769245113
10.991369047619,0.685515083853117,0.835256761924225,0.063485684486006,47.5344726160757
10.9914682539683,0.6854603798002,0.835196315812976,0.0634553244340623,47.5348682736435
10.9915674603175,0.685405680482545,0.835135872020581,0.0634249789009632,47.535263897219
10.9916666666667,0.685350985899591,0.835075430548013,0.0633946478797621,47.5356594868061
10.9917658730159,0.68529629605078,0.835014991396248,0.0633643313635154,47.5360550424089
10.9918650793651,0.68524161093555,0.834954554566256,0.0633340293452826,47.5364505640315
10.9919642857143,0.685186930553347,0.834894120059012,0.0633037418181277,47.536846051678
10.9920634920635,0.685132254903612,0.834833687875486,0.0632734687751168,47.5372415053525
10.9921626984127,0.68507758398579,0.834773258016649,0.0632432102093196,47.5376369250589
10.9922619047619,0.685022917799326,0.834712830483471,0.063212966113809,47.5380323108015
10.9923611111111,0.684968256343666,0.83465240527692,0.0631827364816613,47.5384276625842
10.9924603174603,0.684913599618259,0.834591982397964,0.0631525213059562,47.5388229804111
10.9925595238095,0.684858947622553,0.834531561847571,0.0631223205797766,47.5392182642863
10.9926587301587,0.684804300355998,0.834471143626707,0.0630921342962084,47.5396135142139
10.9927579365079,0.684749657818043,0.834410727736338,0.0630619624483413,47.5400087301979
10.9928571428571,0.684695020008142,0.834350314177428,0.0630318050292678,47.5404039122424
10.9929563492063,0.684640386925746,0.834289902950943,0.063001662032084,47.5407990603514
10.9930555555556,0.68458575857031,0.834229494057844,0.0629715334498893,47.541194174529
10.9931547619048,0.684531134941289,0.834169087499095,0.0629414192757861,47.5415892547793
10.993253968254,0.684476516038139,0.834108683275656,0.0629113195028803,47.5419843011064
10.9933531746032,0.684421901860315,0.834048281388489,0.0628812341242806,47.5423793135142
10.9934523809524,0.684367292407278,0.833987881838554,0.0628511631331004,47.5427742920068
10.9935515873016,0.684312687678487,0.833927484626811,0.0628211065224548,47.5431692365883
10.9936507936508,0.684258087673401,0.833867089754217,0.062791064285463,47.5435641472628
10.99375,0.684203492391481,0.83380669722173,0.0627610364152471,47.5439590240343
10.9938492063492,0.684148901832191,0.833746307030306,0.0627310229049328,47.5443538669068
10.9939484126984,0.684094315994993,0.833685919180903,0.0627010237476488,47.5447486758844
10.9940476190476,0.684039734879352,0.833625533674474,0.0626710389365274,47.5451434509712
10.9941468253968,0.683985158484734,0.833565150511975,0.062641068464704,47.5455381921712
10.994246031746,0.683930586810605,0.833504769694358,0.0626111123253172,47.5459328994884
10.9943452380952,0.683876019856434,0.833444391222576,0.062581170511509,47.5463275729269
10.9944444444444,0.683821457621687,0.833384015097582,0.0625512430164248,47.5467222124907
10.9945436507937,0.683766900105837,0.833323641320327,0.062521329833213,47.547116818184
10.9946428571429,0.683712347308352,0.83326326989176,0.0624914309550256,47.5475113900106
10.9947420634921,0.683657799228706,0.833202900812832,0.0624615463750176,47.5479059279747
10.9948412698413,0.68360325586637,0.83314253408449,0.0624316760863471,47.5483004320804
10.9949404761905,0.683548717220821,0.833082169707683,0.0624018200821766,47.5486949023315
10.9950396825397,0.683494183291532,0.833021807683358,0.0623719783556707,47.5490893387323
10.9951388888889,0.683439654077979,0.832961448012462,0.0623421508999976,47.5494837412867
10.9952380952381,0.683385129579641,0.832901090695939,0.0623123377083288,47.5498781099987
10.9953373015873,0.683330609795994,0.832840735734734,0.0622825387738393,47.5502724448724
10.9954365079365,0.683276094726519,0.832780383129791,0.0622527540897072,47.5506667459118
10.9955357142857,0.683221584370696,0.832720032882053,0.0622229836491138,47.551061013121
10.9956349206349,0.683167078728006,0.832659684992462,0.0621932274452438,47.551455246504
10.9957341269841,0.683112577797932,0.832599339461961,0.0621634854712853,47.5518494460647
10.9958333333333,0.683058081579958,0.832538996291488,0.0621337577204295,47.5522436118074
10.9959325396825,0.683003590073567,0.832478655481984,0.0621040441858709,47.5526377437359
10.9960317460317,0.682949103278247,0.832418317034389,0.0620743448608074,47.5530318418543
10.996130952381,0.682894621193483,0.832357980949639,0.0620446597384401,47.5534259061666
10.9962301587302,0.682840143818763,0.832297647228673,0.0620149888119734,47.5538199366769
10.9963293650794,0.682785671153576,0.832237315872426,0.0619853320746146,47.5542139333891
10.9964285714286,0.682731203197413,0.832176986881836,0.0619556895195755,47.5546078963074
10.9965277777778,0.682676739949765,0.832116660257837,0.0619260611400699,47.5550018254356
10.996626984127,0.682622281410123,0.832056336001362,0.0618964469293153,47.5553957207779
10.9967261904762,0.68256782757798,0.831996014113346,0.0618668468805327,47.5557895823382
10.9968253968254,0.682513378452831,0.83193569459472,0.0618372609869461,47.5561834101207
10.9969246031746,0.682458934034171,0.831875377446417,0.0618076892417828,47.5565772041292
10.9970238095238,0.682404494321497,0.831815062669366,0.0617781316382737,47.5569709643678
10.997123015873,0.682350059314305,0.8317547502645,0.0617485881696526,47.5573646908405
10.9972222222222,0.682295629012094,0.831694440232745,0.0617190588291568,47.5577583835513
10.9973214285714,0.682241203414364,0.831634132575032,0.0616895436100269,47.5581520425043
10.9974206349206,0.682186782520615,0.831573827292287,0.0616600425055067,47.5585456677034
10.9975198412698,0.682132366330348,0.831513524385438,0.0616305555088432,47.5589392591527
10.997619047619,0.682077954843068,0.83145322385541,0.0616010826132869,47.5593328168562
10.9977182539683,0.682023548058276,0.831392925703129,0.0615716238120915,47.5597263408179
10.9978174603175,0.681969145975478,0.831332629929519,0.0615421790985134,47.5601198310417
10.9979166666667,0.68191474859418,0.831272336535504,0.0615127484658139,47.5605132875317
10.9980158730159,0.681860355913889,0.831212045522006,0.0614833319072559,47.5609067102919
10.9981150793651,0.681805967934113,0.831151756889948,0.0614539294161063,47.5613000993263
10.9982142857143,0.681751584654361,0.831091470640251,0.0614245409856352,47.5616934546389
10.9983134920635,0.681697206074143,0.831031186773835,0.061395166609116,47.5620867762337
10.9984126984127,0.68164283219297,0.83097090529162,0.0613658062798254,47.5624800641147
10.9985119047619,0.681588463010354,0.830910626194524,0.0613364599910433,47.5628733182859
10.9986111111111,0.681534098525809,0.830850349483465,0.061307127736053,47.5632665387512
10.9987103174603,0.681479738738848,0.830790075159361,0.061277809508141,47.5636597255148
10.9988095238095,0.681425383648988,0.830729803223128,0.061248505300597,47.5640528785805
10.9989087301587,0.681371033255745,0.83066953367568,0.0612192151067143,47.5644459979524
10.9990079365079,0.681316687558637,0.830609266517934,0.0611899389197892,47.5648390836345
10.9991071428571,0.681262346557181,0.830549001750803,0.0611606767331212,47.5652321356307
10.9992063492063,0.681208010250898,0.8304887393752,0.0611314285400135,47.5656251539451
10.9993055555556,0.681153678639307,0.830428479392036,0.0611021943337719,47.5660181385816
10.9994047619048,0.681099351721932,0.830368221802225,0.0610729741077065,47.5664110895443
10.999503968254,0.681045029498295,0.830307966606676,0.06104376785513,47.566804006837
10.9996031746032,0.68099071196792,0.8302477138063,0.0610145755693582,47.5671968904639
10.9997023809524,0.680936399130332,0.830187463402005,0.0609853972437107,47.5675897404288
10.9998015873016,0.680882090985056,0.830127215394699,0.0609562328715101,47.5679825567358
10.9999007936508,0.68082778753162,0.83006696978529,0.0609270824460823,47.5683753393889
11,0.680773488769552,0.830006726574685,0.0608979459607566,47.5687680883919
11,0.680773488769552,0.830006726574685,7.56089794596076,47.5687680883919
11.0000992063492,0.682104582915243,0.829946765411459,7.55728218134023,47.569878525835
11.0001984126984,0.683433513777156,0.829887365232113,7.55366814575961,47.5709893733432
11.0002976190476,0.684760284219034,0.829828524942646,7.55005583849593,47.5721006298668
11.0003968253968,0.686084897310543,0.829770243454189,7.54644525873083,47.5732122943521
11.000496031746,0.687407356169759,0.829712519670819,7.54283640564956,47.5743243657364
11.0005952380952,0.688727663963169,0.829655352489556,7.53922927844107,47.5754368429474
11.0006944444444,0.690045823874372,0.829598740809159,7.53562387623444,47.5765497249187
11.0007936507937,0.691361839010744,0.829542683541427,7.5320201981537,47.5776630106008
11.0008928571429,0.692675712458311,0.829487179598835,7.52841824338287,47.578776698941
11.0009920634921,0.693987447299998,0.829432227895432,7.52481801110555,47.5798907888884
11.0010912698413,0.695297046615559,0.829377827346844,7.5212195005051,47.5810052793934
11.0011904761905,0.696604513481596,0.829323976870271,7.51762271076457,47.5821201694085
11.0012896825397,0.697909850971557,0.829270675384492,7.51402764106676,47.5832354578874
11.0013888888889,0.699213062155735,0.829217921809858,7.51043429059417,47.5843511437857
11.0014880952381,0.70051415010127,0.829165715068299,7.50684265852899,47.5854672260605
11.0015873015873,0.701813117872151,0.829114054083317,7.50325274405315,47.5865837036707
11.0016865079365,0.703109968529211,0.829062937779994,7.49966454634829,47.5877005755767
11.0017857142857,0.70440470513013,0.829012365084985,7.49607806459575,47.5888178407406
11.0018849206349,0.705697330729436,0.828962334926522,7.4924932979766,47.5899354981261
11.0019841269841,0.706987848378501,0.828912846234411,7.4889102456716,47.5910535466985
11.0020833333333,0.708276261125547,0.828863897940036,7.48532890686124,47.5921719854248
11.0021825396825,0.70956257201564,0.828815488976355,7.48174928072573,47.5932908132737
11.0022817460317,0.71084678409071,0.828767618277903,7.47817136644492,47.5944100292155
11.002380952381,0.712128900389483,0.828720284780791,7.47459516319854,47.5955296322219
11.0024801587302,0.713408923947582,0.828673487422704,7.47102067016587,47.5966496212666
11.0025793650794,0.714686857797461,0.828627225142903,7.46744788652598,47.5977699953247
11.0026785714286,0.715962704968419,0.828581496882227,7.46387681145762,47.5988907533731
11.0027777777778,0.717236468486603,0.828536301583089,7.46030744413927,47.6000118943901
11.002876984127,0.718508151375004,0.828491638189478,7.45673978374911,47.6011334173559
11.0029761904762,0.719777756653463,0.828447505646958,7.45317382946507,47.6022553212522
11.0030753968254,0.721045287338665,0.82840390290267,7.44960958046474,47.6033776050624
11.0031746031746,0.722310746581478,0.828360828843941,7.44604703594574,47.6045002677046
11.0032738095238,0.723574137506718,0.828318282365427,7.44248619511059,47.6056233081038
11.003373015873,0.724835463086838,0.828276262427507,7.43892705714435,47.6067467252557
11.0034722222222,0.726094726290573,0.828234767991981,7.43536962123247,47.6078705181576
11.0035714285714,0.727351930082935,0.828193798022072,7.43181388656078,47.608994685808
11.0036706349206,0.728607077425216,0.82815335148242,7.42825985231549,47.6101192272071
11.0037698412698,0.729860171275007,0.828113427339087,7.42470751768317,47.6112441413563
11.003869047619,0.731111214586123,0.828074024559555,7.42115688185091,47.6123694272584
11.0039682539683,0.732360210308713,0.828035142112728,7.41760794400603,47.6134950839176
11.0040674603175,0.733607161389188,0.827996778968928,7.41406070333631,47.6146211103398
11.0041666666667,0.734852070770238,0.827958934099898,7.41051515902988,47.615747505532
11.0042658730159,0.736094941390833,0.827921606478804,7.4069713102753,47.6168742685026
11.0043650793651,0.737335776186221,0.827884795080228,7.40342915626147,47.6180013982617
11.0044642857143,0.738574578087931,0.827848498880176,7.39988869617773,47.6191288938205
11.0045634920635,0.739811350023773,0.827812716856072,7.39634992921375,47.6202567541917
11.0046626984127,0.741046094917832,0.827777447986764,7.39281285455963,47.6213849783897
11.0047619047619,0.742278815690478,0.827742691252517,7.38927747140584,47.6225135654298
11.0048611111111,0.743509515258355,0.827708445635016,7.38574377894323,47.6236425143291
11.0049603174603,0.744738196534392,0.827674710117371,7.38221177636305,47.624771824106
11.0050595238095,0.745964862427793,0.827641483684106,7.37868146285692,47.6259014937803
11.0051587301587,0.747189515844045,0.827608765321172,7.37515283761686,47.6270315223731
11.0052579365079,0.748412159684928,0.827576554015934,7.37162589983523,47.6281619089072
11.0053571428571,0.749632796848454,0.827544848757184,7.36810064870491,47.6292926524066
11.0054563492063,0.750851430228963,0.827513648535129,7.36457708341903,47.6304237518967
11.0055555555556,0.752068062717059,0.827482952341398,7.36105520317115,47.6315552064043
11.0056547619048,0.753282697199626,0.827452759169043,7.35753500715521,47.6326870149578
11.005753968254,0.754495336559825,0.827423068012534,7.35401649456556,47.6338191765868
11.0058531746032,0.755705983677099,0.82739387786776,7.35049966459691,47.6349516903224
11.0059523809524,0.756914641427169,0.827365187732034,7.34698451644437,47.6360845551972
11.0060515873016,0.758121312682036,0.827336996604087,7.34347104930344,47.6372177702451
11.0061507936508,0.759326000309982,0.827309303484071,7.33995926236999,47.6383513345014
11.00625,0.760528707175566,0.827282107373558,7.3364491548403,47.6394852470028
11.0063492063492,0.761729436139629,0.827255407275543,7.33294072591101,47.6406195067875
11.0064484126984,0.762928190059288,0.827229202194437,7.32943397477916,47.6417541128951
11.0065476190476,0.764124971787944,0.827203491136075,7.32592890064219,47.6428890643665
11.0066468253968,0.765319784175275,0.827178273107712,7.3224255026979,47.6440243602442
11.006746031746,0.766512630067254,0.82715354711802,7.31892378014445,47.645159999572
11.0068452380952,0.767703512306087,0.827129312177097,7.31542373218052,47.646295981395
11.0069444444444,0.768892433730307,0.827105567296457,7.31192535800502,47.6474323047599
11.0070436507937,0.77007939717471,0.827082311489037,7.30842865681733,47.6485689687148
11.0071428571429,0.771264405470372,0.827059543769192,7.30493362781718,47.6497059723091
11.0072420634921,0.772447461444649,0.827037263152699,7.3014402702047,47.6508433145936
11.0073412698413,0.773628567921175,0.827015468656757,7.29794858318042,47.6519809946207
11.0074404761905,0.774807727719866,0.826994159299981,7.29445856594524,47.6531190114439
11.0075396825397,0.775984943656916,0.826973334102411,7.29097021770044,47.6542573641186
11.0076388888889,0.777160218544797,0.826952992085506,7.28748353764771,47.655396051701
11.0077380952381,0.778333555192263,0.826933132272143,7.28399852498911,47.6565350732493
11.0078373015873,0.779504956404347,0.826913753686622,7.28051517892709,47.6576744278226
11.0079365079365,0.780674424982362,0.826894855354664,7.27703349866449,47.6588141144818
11.0080357142857,0.781841963723898,0.826876436303408,7.27355348340452,47.659954132289
11.0081349206349,0.783007575422827,0.826858495561415,7.2700751323508,47.6610944803078
11.0082341269841,0.784171262869316,0.826841032158666,7.26659844470728,47.6622351576032
11.0083333333333,0.785333028849763,0.826824045126562,7.26312341967843,47.6633761632415
11.0084325396825,0.786492876146894,0.826807533497927,7.25965005646897,47.6645174962906
11.0085317460317,0.787650807539699,0.826791496307001,7.25617835428407,47.6656591558197
11.008630952381,0.788806825803446,0.826775932589448,7.25270831232925,47.6668011408994
11.0087301587302,0.789960933709683,0.826760841382351,7.24923992981046,47.6679434506018
11.0088293650794,0.79111313402624,0.826746221724214,7.245773205934,47.6690860840004
11.0089285714286,0.792263429517223,0.826732072654961,7.24230813990657,47.6702290401699
11.0090277777778,0.793411822943019,0.826718393215935,7.23884473093527,47.6713723181867
11.009126984127,0.794558317060294,0.826705182449903,7.23538297822756,47.6725159171284
11.0092261904762,0.795702914621996,0.82669243940105,7.23192288099131,47.6736598360743
11.0093253968254,0.796845618377349,0.826680163114981,7.22846443843476,47.6748040741047
11.0094246031746,0.797986431071859,0.826668352638723,7.22500764976655,47.6759486303016
11.0095238095238,0.79912535544731,0.826657007020722,7.2215525141957,47.6770935037484
11.009623015873,0.800262394241767,0.826646125310846,7.2180990309316,47.6782386935298
11.0097222222222,0.801397550189588,0.826635706560381,7.21464719918402,47.679384198732
11.0098214285714,0.802530826021367,0.826625749822036,7.21119701816321,47.6805300184425
11.0099206349206,0.803662224464021,0.82661625414994,7.2077484870797,47.6816761517503
11.0100198412698,0.804791748240732,0.82660721859964,7.20430160514444,47.6828225977458
11.010119047619,0.805919400070963,0.826598642228107,7.20085637156878,47.6839693555209
11.0102182539683,0.807045182670455,0.82659052409373,7.19741278556442,47.6851164241688
11.0103174603175,0.808169098751228,0.826582863256319,7.19397084634349,47.686263802784
11.0104166666667,0.809291151021583,0.826575658777104,7.19053055311849,47.6874114904627
11.0105158730159,0.810411342186101,0.826568909718737,7.18709190510229,47.6885594863023
11.0106150793651,0.81152967494564,0.826562615145289,7.18365490150816,47.6897077894017
11.0107142857143,0.81264615199734,0.826556774122251,7.18021954154977,47.6908563988612
11.0108134920635,0.813760776034619,0.826551385716537,7.17678582444116,47.6920053137823
11.0109126984127,0.814873549747176,0.826546448996478,7.17335374939676,47.6931545332684
11.0110119047619,0.815984475820987,0.826541963031827,7.16992331563138,47.6943040564238
11.0111111111111,0.81709355693831,0.826537926893759,7.16649452236022,47.6954538823545
11.0112103174603,0.818200795777697,0.826534339654867,7.16306736879884,47.6966040101679
11.0113095238095,0.819306195013933,0.826531200389166,7.15964185416329,47.6977544389726
11.0114087301587,0.82040975731813,0.826528508172089,7.1562179776699,47.698905167879
11.0115079365079,0.821511485357663,0.826526262080494,7.1527957385354,47.7000561959984
11.0116071428571,0.822611381796187,0.826524461192654,7.14937513597695,47.701207522444
11.0117063492063,0.823709449293635,0.826523104588267,7.14595616921205,47.7023591463302
11.0118055555556,0.824805690506222,0.826522191348449,7.14253883745862,47.7035110667727
11.0119047619048,0.825900108086442,0.826521720555736,7.13912313993495,47.7046632828887
11.012003968254,0.826992704683066,0.826521691294086,7.13570907585972,47.705815793797
11.0121031746032,0.828083482941147,0.826522102648878,7.132296644452,47.7069685986176
11.0122023809524,0.829172445502018,0.826522953706908,7.12888584493125,47.7081216964718
11.0123015873016,0.83025959500329,0.826524243556396,7.12547667651729,47.7092750864827
11.0124007936508,0.831344934078853,0.826525971286982,7.12206913843036,47.7104287677744
11.0125,0.832428465358879,0.826528135989723,7.11866322989108,47.7115827394727
11.0125992063492,0.833510191469817,0.826530736757101,7.11525895012044,47.7127370007047
11.0126984126984,0.834590115034412,0.826533772683016,7.11185629833978,47.713891550599
11.0127976190476,0.835668238671644,0.826537242862788,7.10845527377096,47.7150463882853
11.0128968253968,0.836744564996815,0.826541146393159,7.1050558756361,47.7162015128951
11.012996031746,0.837819096621494,0.826545482372291,7.10165810315775,47.7173569235612
11.0130952380952,0.838891836153529,0.826550249899765,7.09826195555883,47.7185126194177
11.0131944444444,0.839962786197047,0.826555448076583,7.09486743206267,47.7196685996002
11.0132936507937,0.841031949352455,0.82656107600517,7.09147453189296,47.7208248632456
11.0133928571429,0.842099328216438,0.826567132789369,7.0880832542738,47.7219814094925
11.0134920634921,0.843164925381963,0.826573617534442,7.08469359842967,47.7231382374805
11.0135912698413,0.844228743438276,0.826580529347075,7.08130556358543,47.724295346351
11.0136904761905,0.8452907849709,0.826587867335371,7.07791914896633,47.7254527352466
11.0137896825397,0.846351052561641,0.826595630608857,7.07453435379801,47.7266104033112
11.0138888888889,0.847409548788582,0.826603818278478,7.07115117730649,47.7277683496905
11.0139880952381,0.848466276226088,0.826612429456599,7.06776961871818,47.7289265735312
11.0140873015873,0.8495212374448,0.826621463257007,7.06438967725988,47.7300850739817
11.0141865079365,0.850574435011655,0.826630918794909,7.06101135215872,47.7312438501917
11.0142857142857,0.851625871489828,0.826640795186931,7.05763464264236,47.7324029013122
11.0143849206349,0.852675549438814,0.826651091551123,7.05425954793872,47.7335622264957
11.0144841269841,0.853723471414374,0.826661807006951,7.05088606727614,47.7347218248963
11.0145833333333,0.854769639968549,0.826672940675304,7.04751419988334,47.7358816956693
11.0146825396825,0.855814057649658,0.826684491678491,7.04414394498944,47.7370418379714
11.0147817460317,0.856856727002303,0.826696459140242,7.04077530182394,47.7382022509608
11.014880952381,0.857897650567361,0.826708842185706,7.03740826961673,47.7393629337971
11.0149801587302,0.858936830881992,0.826721639941454,7.03404284759808,47.7405238856412
11.0150793650794,0.859974270479634,0.826734851535476,7.03067903499865,47.7416851056556
11.0151785714286,0.861009971890004,0.826748476097183,7.02731683104949,47.7428465930042
11.0152777777778,0.862043937639101,0.826762512757407,7.02395623498204,47.7440083468521
11.015376984127,0.8630761702492,0.8267769606484,7.02059724602811,47.7451703663659
11.0154761904762,0.864106672238859,0.826791818903834,7.01723986341991,47.7463326507138
11.0155753968254,0.865135463527319,0.826807079780731,7.01388408593663,47.7474951921684
11.0156746031746,0.866162563726719,0.826822735657319,7.01052991236542,47.7486579831239
11.0157738095238,0.867187974891221,0.826838785850466,7.00717734195108,47.7498210229319
11.015873015873,0.868211699073834,0.826855229677465,7.00382637393859,47.7509843109446
11.0159722222222,0.869233738326354,0.826872066456031,7.00047700757325,47.7521478465145
11.0160714285714,0.870254094699376,0.826889295504308,6.99712924210067,47.7533116289944
11.0161706349206,0.871272770242301,0.826906916140861,6.99378307676675,47.7544756577378
11.0162698412698,0.87228976700333,0.826924927684682,6.99043851081768,47.7556399320983
11.016369047619,0.873305087029464,0.826943329455185,6.98709554349996,47.7568044514301
11.0164682539683,0.874318732366509,0.826962120772213,6.98375417406037,47.7579692150878
11.0165674603175,0.875330705059071,0.826981300956031,6.980414401746,47.7591342224264
11.0166666666667,0.876341007150557,0.827000869327327,6.97707622580422,47.7602994728013
11.0167658730159,0.877349640683179,0.827020825207219,6.9737396454827,47.7614649655683
11.0168650793651,0.878356607697948,0.827041167917244,6.97040466002942,47.7626307000836
11.0169642857143,0.879361910234678,0.827061896779367,6.96707126869263,47.7637966757039
11.0170634920635,0.880365550331983,0.827083011115977,6.9637394707209,47.7649628917862
11.0171626984127,0.881367530027296,0.827104510249889,6.96040926536303,47.766129347688
11.0172619047619,0.882367851356808,0.82712639350434,6.95708065186827,47.7672960427672
11.0173611111111,0.883366516355554,0.827148660202994,6.95375362948601,47.7684629763821
11.0174603174603,0.884363527057356,0.827171309669939,6.95042819746599,47.7696301478914
11.0175595238095,0.88535888549484,0.827194341229687,6.94710435505826,47.7707975566542
11.0176587301587,0.886352593699431,0.827217754207177,6.94378210151313,47.7719652020301
11.0177579365079,0.887344653701358,0.827241547927769,6.94046143608124,47.7731330833791
11.0178571428571,0.888335067529652,0.827265721717252,6.93714235801352,47.7743012000614
11.0179563492063,0.889323837212144,0.827290274901837,6.93382486656117,47.7754695514379
11.0180555555556,0.890310964775468,0.82731520680816,6.93050896097571,47.7766381368698
11.0181547619048,0.89129645224506,0.827340516763282,6.92719464050895,47.7778069557187
11.018253968254,0.892280301645157,0.827366204094689,6.92388190441299,47.7789760073466
11.0183531746032,0.893262514998799,0.827392268130293,6.92057075194023,47.780145291116
11.0184523809524,0.894243094327827,0.827418708198428,6.91726118234336,47.7813148063897
11.0185515873016,0.895222041652883,0.827445523627854,6.91395319487538,47.782484552531
11.0186507936508,0.896199358993426,0.827472713747756,6.91064678878952,47.7836545289036
11.01875,0.897175048367677,0.827500277887744,6.90734196333946,47.7848247348715
11.0188492063492,0.898149111792696,0.827528215377852,6.90403871777902,47.7859951697993
11.0189484126984,0.899121551284334,0.82755652554854,6.90073705136238,47.7871658330519
11.0190476190476,0.900092368857243,0.82758520773069,6.897436963344,47.7883367239946
11.0191468253968,0.901061566524877,0.827614261255611,6.89413845297865,47.7895078419933
11.019246031746,0.902029146299492,0.827643685455037,6.89084151952137,47.790679186414
11.0193452380952,0.902995110192146,0.827673479661126,6.88754616222753,47.7918507566233
11.0194444444444,0.903959460212698,0.82770364320646,6.88425238035278,47.7930225519883
11.0195436507937,0.904922198369809,0.827734175424047,6.88096017315305,47.7941945718763
11.0196428571429,0.905883326670943,0.827765075647319,6.87766953988458,47.7953668156552
11.0197420634921,0.906842847122364,0.827796343210132,6.87438047980392,47.7965392826932
11.0198412698413,0.90780076172914,0.82782797744677,6.87109299216788,47.797711972359
11.0199404761905,0.908757072495138,0.827859977691937,6.8678070762336,47.7988848840216
11.0200396825397,0.90971178142303,0.827892343280766,6.86452273125849,47.8000580170504
11.0201388888889,0.9106648905143,0.827925073548812,6.86123995650022,47.8012313708155
11.0202380952381,0.911616401769198,0.827958167832055,6.85795875121691,47.8024049446871
11.0203373015873,0.91256631718681,0.827991625466901,6.85467911466679,47.8035787380359
11.0204365079365,0.913514638765016,0.828025445790181,6.85140104610849,47.804752750233
11.0205357142857,0.914461368500496,0.828059628139148,6.8481245448009,47.8059269806501
11.0206349206349,0.91540650838873,0.828094171851482,6.8448496100032,47.807101428659
11.0207341269841,0.916350060424001,0.828129076265289,6.84157624097489,47.8082760936322
11.0208333333333,0.917292026599396,0.828164340719096,6.83830443697575,47.8094509749424
11.0209325396825,0.9182324089068,0.828199964551858,6.83503419726586,47.8106260719629
11.0210317460317,0.919171209336903,0.828235947102953,6.83176552110559,47.8118013840672
11.021130952381,0.920108429879195,0.828272287712184,6.82849840775562,47.8129769106294
11.0212301587302,0.921044072521969,0.828308985719779,6.8252328564769,47.814152651024
11.0213293650794,0.921978139252318,0.828346040466391,6.82196886653071,47.8153286046257
11.0214285714286,0.92291063205614,0.828383451293098,6.81870643717858,47.81650477081
11.0215277777778,0.923841552918131,0.828421217541402,6.81544556768239,47.8176811489524
11.021626984127,0.924770903821805,0.828459338553229,6.81218625730421,47.8188577384291
11.0217261904762,0.925698686749437,0.828497813670931,6.8089285053066,47.8200345386166
11.0218253968254,0.926624903682144,0.828536642237285,6.80567231095224,47.8212115488918
11.0219246031746,0.927549556599831,0.828575823595492,6.80241767350416,47.8223887686321
11.0220238095238,0.928472647481205,0.828615357089177,6.79916459222569,47.8235661972152
11.022123015873,0.929394178303774,0.828655242062391,6.79591306638046,47.8247438340193
11.0222222222222,0.93031415104385,0.82869547785961,6.79266309523238,47.825921678423
11.0223214285714,0.931232567676546,0.828736063825734,6.78941467804567,47.8270997298053
11.0224206349206,0.932149430175774,0.828776999306087,6.78616781408484,47.8282779875456
11.0225198412698,0.933064740514253,0.828818283646419,6.78292250261468,47.8294564510237
11.022619047619,0.9339785006635,0.828859916192904,6.77967874290031,47.8306351196199
11.0227182539683,0.934890712593834,0.828901896292142,6.77643653420712,47.8318139927149
11.0228174603175,0.935801378274378,0.828944223291155,6.7731958758008,47.8329930696897
11.0229166666667,0.936710499673054,0.828986896537393,6.76995676694733,47.8341723499257
11.0230158730159,0.93761807875659,0.829029915378729,6.766719206913,47.835351832805
11.0231150793651,0.938524117490523,0.829073279163462,6.76348319496434,47.8365315177098
11.0232142857143,0.939428617839158,0.829116987240312,6.76024873036831,47.8377114040228
11.0233134920635,0.940331581765639,0.829161038958428,6.75701581239204,47.8388914911272
11.0234126984127,0.941233011231898,0.829205433667383,6.75378444030299,47.8400717784065
11.0235119047619,0.94213290819867,0.829250170717172,6.75055461336891,47.8412522652448
11.0236111111111,0.943031274625492,0.829295249458218,6.74732633085787,47.8424329510263
11.0237103174603,0.9439281124707,0.829340669241367,6.7440995920382,47.8436138351359
11.0238095238095,0.944823423691436,0.82938642941789,6.74087439617857,47.8447949169588
11.0239087301587,0.945717210243642,0.829432529339484,6.73765074254789,47.8459761958807
11.0240079365079,0.94660947408206,0.829478968358268,6.73442863041543,47.8471576712875
11.0241071428571,0.947500217160237,0.829525745826787,6.73120805905069,47.8483393425657
11.0242063492063,0.948389441430519,0.829572861098013,6.72798902772351,47.8495212091023
11.0243055555556,0.949277148844057,0.82962031352534,6.72477153570401,47.8507032702844
11.0244047619048,0.950163341350801,0.829668102462587,6.72155558226262,47.8518855254997
11.024503968254,0.951048020899503,0.829716227263999,6.71834116667003,47.8530679741365
11.0246031746032,0.951931189437732,0.829764687284245,6.71512828819722,47.8542506155832
11.0247023809524,0.952812848911818,0.829813481878418,6.71191694611557,47.8554334492286
11.0248015873016,0.953693001266933,0.829862610402037,6.70870713969665,47.8566164744623
11.0249007936508,0.954571648447036,0.829912072211045,6.70549886821234,47.857799690674
11.025,0.95544879239489,0.82996186666181,6.70229213093483,47.8589830972538
11.0250992063492,0.956324435052059,0.830011993111125,6.69908692713662,47.8601666935923
11.0251984126984,0.957198578358908,0.830062450916207,6.69588325609047,47.8613504790806
11.0252976190476,0.958071224254604,0.830113239434699,6.69268111706947,47.8625344531101
11.0253968253968,0.958942374677117,0.830164358024667,6.68948050934699,47.8637186150725
11.025496031746,0.959812031563219,0.830215806044603,6.68628143219669,47.8649029643602
11.0255952380952,0.960680196848481,0.830267582853423,6.68308388489253,47.8660875003658
11.0256944444444,0.96154687246728,0.830319687810469,6.67988786670878,47.8672722224825
11.0257936507937,0.962412060352791,0.830372120275506,6.67669337691998,47.8684571301036
11.0258928571429,0.963275762436993,0.830424879608725,6.67350041480098,47.8696422226231
11.0259920634921,0.964137980650667,0.830477965170741,6.67030897962693,47.8708274994353
11.0260912698413,0.964998716923406,0.830531376322595,6.66711907067321,47.872012959935
11.0261904761905,0.965857973183571,0.830585112425751,6.66393068721567,47.8731986035173
11.0262896825397,0.966715751358359,0.830639172842098,6.66074382853026,47.8743844295778
11.0263888888889,0.967572053373758,0.830693556933951,6.65755849389333,47.8755704375124
11.0264880952381,0.968426881154557,0.830748264064049,6.6543746825815,47.8767566267175
11.0265873015873,0.969280236624348,0.830803293595555,6.65119239387167,47.87794299659
11.0266865079365,0.970132121705525,0.830858644892059,6.64801162704106,47.879129546527
11.0267857142857,0.970982538319281,0.830914317317573,6.64483238136718,47.8803162759262
11.0268849206349,0.971831488385613,0.830970310236536,6.64165465612783,47.8815031841857
11.0269841269841,0.972678973823321,0.831026623013809,6.6384784506011,47.8826902707038
11.0270833333333,0.973524996550005,0.831083255014681,6.63530376406539,47.8838775348796
11.0271825396825,0.974369558482067,0.831140205604863,6.63213059579938,47.8850649761121
11.0272817460317,0.975212661534711,0.831197474150493,6.62895894508207,47.8862525938013
11.027380952381,0.976054307621942,0.831255060018132,6.62578881119272,47.8874403873471
11.0274801587302,0.97689449865657,0.831312962574767,6.62262019341091,47.8886283561502
11.0275793650794,0.977733236550215,0.831371181187809,6.61945309101647,47.8898164996114
11.0276785714286,0.978570523213265,0.831429715225092,6.61628750328965,47.8910048171322
11.0277777777778,0.979406360554946,0.831488564054879,6.61312342951086,47.8921933081142
11.027876984127,0.980240750483272,0.831547727045853,6.60996086896087,47.8933819719597
11.0279761904762,0.98107369490506,0.831607203567127,6.60679982092072,47.8945708080713
11.0280753968254,0.981905195725929,0.831666992988233,6.60364028467176,47.895759815852
11.0281746031746,0.982735254850299,0.831727094679132,6.60048225949562,47.8969489947052
11.0282738095238,0.983563874181394,0.831787508010208,6.59732574467426,47.8981383440347
11.028373015873,0.984391055621237,0.831848232352271,6.5941707394899,47.899327863245
11.0284722222222,0.985216801070655,0.831909267076552,6.59101724322506,47.9005175517405
11.0285714285714,0.986041112429274,0.831970611554712,6.58786525516258,47.9017074089264
11.0286706349206,0.986863991595526,0.832032265158834,6.58471477458556,47.9028974342081
11.0287698412698,0.987685440466642,0.832094227261424,6.58156580077743,47.9040876269917
11.028869047619,0.988505460938654,0.832156497235417,6.5784183330219,47.9052779866834
11.0289682539683,0.989324054906399,0.832219074454169,6.57527237060296,47.90646851269
11.0290674603175,0.990141224263525,0.832281958291464,6.57212791280488,47.9076592044186
11.0291666666667,0.990956970902447,0.832345148121506,6.56898495891234,47.9088500612767
11.0292658730159,0.991771296714419,0.832408643318928,6.56584350821018,47.9100410826725
11.0293650793651,0.992584203589482,0.832472443258787,6.56270355998359,47.9112322680142
11.0294642857143,0.993395693416482,0.832536547316563,6.55956511351806,47.9124236167107
11.0295634920635,0.994205768083063,0.832600954868163,6.55642816809936,47.9136151281712
11.0296626984127,0.995014429475675,0.832665665289917,6.55329272301355,47.9148068018054
11.0297619047619,0.995821679479568,0.83273067795858,6.55015877754703,47.9159986370233
11.0298611111111,0.996627519978792,0.832795992251332,6.54702633098643,47.9171906332354
11.0299603174603,0.997431952856201,0.832861607545779,6.54389538261873,47.9183827898525
11.0300595238095,0.998234979993452,0.832927523219949,6.54076593173117,47.9195751062859
11.0301587301587,0.999036603271001,0.832993738652297,6.53763797761131,47.9207675819474
11.0302579365079,0.999836824568106,0.833060253221702,6.53451151954699,47.9219602162491
11.0303571428571,1.00063564576283,0.833127066307467,6.53138655682635,47.9231530086036
11.0304563492063,1.00143306873203,0.833194177289322,6.52826308873783,47.9243459584237
11.0305555555556,1.0022290953514,0.83326158554742,6.52514111457012,47.9255390651228
11.0306547619048,1.00302372749536,0.833329290462337,6.52202063361232,47.9267323281148
11.030753968254,1.0038169670372,0.833397291415077,6.51890164515371,47.9279257468138
11.0308531746032,1.00460881584899,0.833465587787067,6.51578414848392,47.9291193206344
11.0309523809524,1.0053992758016,0.83353417896016,6.51266814289286,47.9303130489916
11.0310515873016,1.00618834876471,0.833603064316632,6.50955362767072,47.931506931301
11.0311507936508,1.00697603660679,0.833672243239185,6.50644060210803,47.9327009669782
11.03125,1.00776234119512,0.833741715110945,6.50332906549557,47.9338951554397
11.0313492063492,1.00854726439578,0.833811479315464,6.50021901712443,47.935089496102
11.0314484126984,1.00933080807364,0.833881535236716,6.49711045628602,47.9362839883823
11.0315476190476,1.0101129740924,0.833951882259104,6.49400338227201,47.9374786316981
11.0316468253968,1.01089376431453,0.834022519767452,6.49089779437438,47.9386734254673
11.031746031746,1.01167318060132,0.83409344714701,6.48779369188541,47.9398683691082
11.0318452380952,1.01245122481287,0.834164663783452,6.48469107409767,47.9410634620396
11.0319444444444,1.01322789880805,0.83423616906288,6.48158994030403,47.9422587036806
11.0320436507937,1.01400320444459,0.834307962371816,6.4784902897976,47.9434540934508
11.0321428571429,1.01477714357893,0.83438004309721,6.47539212187193,47.9446496307703
11.0322420634921,1.0155497180664,0.834452410626435,6.47229543582073,47.9458453150593
11.0323412698413,1.01632092976109,0.834525064347289,6.46920023093804,47.9470411457388
11.0324404761905,1.0170907805159,0.834598003647997,6.46610650651821,47.94823712223
11.0325396825397,1.01785927218253,0.834671227917206,6.46301426185588,47.9494332439544
11.0326388888889,1.01862640661148,0.834744736543988,6.45992349624598,47.9506295103343
11.0327380952381,1.01939218565207,0.834818528917841,6.45683420898373,47.9518259207919
11.0328373015873,1.02015661115238,0.834892604428687,6.45374639936468,47.9530224747504
11.0329365079365,1.02091968495935,0.834966962466874,6.45066006668462,47.9542191716328
11.0330357142857,1.02168140891866,0.835041602423172,6.44757521023969,47.955416010863
11.0331349206349,1.02244178487484,0.835116523688778,6.44449182932629,47.9566129918651
11.0332341269841,1.0232008146712,0.835191725655313,6.44140992324113,47.9578101140636
11.0333333333333,1.02395850014986,0.835267207714823,6.43832949128121,47.9590073768835
11.0334325396825,1.02471484315173,0.835342969259778,6.43525053274383,47.9602047797502
11.0335317460317,1.02546984551655,0.835419009683075,6.43217304692653,47.9614023220894
11.033630952381,1.0262235090828,0.835495328378032,6.42909703312729,47.9626000033274
11.0337301587302,1.02697583568784,0.835571924738394,6.42602249064425,47.9637978228907
11.0338293650794,1.02772682716778,0.835648798158332,6.42294941877589,47.9649957802064
11.0339285714286,1.02847648535755,0.835725948032438,6.41987781682098,47.966193874702
11.0340277777778,1.02922481209087,0.835803373755733,6.41680768407859,47.9673921058052
11.034126984127,1.02997180920028,0.83588107472366,6.41373901984809,47.9685904729444
11.0342261904762,1.03071747851712,0.835959050332087,6.41067182342914,47.9697889755483
11.0343253968254,1.03146182187151,0.836037299977308,6.40760609412169,47.9709876130459
11.0344246031746,1.03220484109239,0.836115823056041,6.40454183122599,47.9721863848668
11.0345238095238,1.0329465380075,0.836194618965427,6.40147903404259,47.9733852904409
11.034623015873,1.03368691444337,0.836273687103035,6.39841770187234,47.9745843291984
11.0347222222222,1.03442597222536,0.836353026866857,6.39535783401636,47.9757835005703
11.0348214285714,1.0351637131776,0.836432637655309,6.39229942977609,47.9769828039877
11.0349206349206,1.03590013912303,0.836512518867234,6.38924248845326,47.9781822388821
11.0350198412698,1.03663525188343,0.836592669901898,6.38618700934985,47.9793818046855
11.035119047619,1.0373690532793,0.83667309015899,6.38313299176826,47.9805815008304
11.0352182539683,1.03810154513002,0.836753779038628,6.38008043501106,47.9817813267495
11.0353174603175,1.03883272925374,0.836834735941352,6.37702933838117,47.9829812818761
11.0354166666667,1.0395626074674,0.836915960268127,6.37397970118179,47.984181365644
11.0355158730159,1.04029118158678,0.836997451420344,6.37093152271641,47.985381577487
11.0356150793651,1.04101845342642,0.837079208799816,6.36788480228884,47.9865819168398
11.0357142857143,1.04174442479968,0.837161231808784,6.36483953920316,47.9877823831372
11.0358134920635,1.04246909751873,0.837243519849911,6.36179573276377,47.9889829758145
11.0359126984127,1.04319247339453,0.837326072326288,6.35875338227533,47.9901836943074
11.0360119047619,1.04391455423685,0.837408888641426,6.35571248704284,47.9913845380521
11.0361111111111,1.04463534185424,0.837491968199266,6.35267304637155,47.9925855064852
11.0362103174603,1.04535483805409,0.837575310404169,6.34963505956705,47.9937865990435
11.0363095238095,1.04607304464256,0.837658914660925,6.34659852593519,47.9949878151646
11.0364087301587,1.04678996342463,0.837742780374745,6.34356344478213,47.9961891542861
11.0365079365079,1.04750559620407,0.837826906951268,6.34052981541428,47.9973906158463
11.0366071428571,1.04821994478345,0.837911293796554,6.33749763713848,47.9985921992838
11.0367063492063,1.04893301096415,0.837995940317091,6.33446690926173,47.9997939040376
11.0368055555556,1.04964479654635,0.83808084591979,6.33143763109136,48.0009957295473
11.0369047619048,1.05035530332904,0.838166010011989,6.32840980193503,48.0021976752525
11.037003968254,1.05106453311,0.838251432001447,6.32538342110064,48.0033997405938
11.0371031746032,1.05177248768581,0.838337111296351,6.32235848789644,48.0046019250116
11.0372023809524,1.05247916885186,0.838423047305311,6.31933500163094,48.0058042279471
11.0373015873016,1.05318457840234,0.838509239437363,6.31631296161297,48.007006648842
11.0374007936508,1.05388871813024,0.838595687101967,6.31329236715162,48.008209187138
11.0375,1.05459158982735,0.838682389709006,6.31027321755632,48.0094118422775
11.0375992063492,1.05529319528428,0.838769346668792,6.30725551213675,48.0106146137033
11.0376984126984,1.0559935362904,0.838856557392058,6.30423925020294,48.0118175008586
11.0377976190476,1.05669261463393,0.838944021289962,6.30122443106515,48.0130205031869
11.0378968253968,1.05739043210187,0.839031737774089,6.29821105403399,48.0142236201323
11.037996031746,1.05808699048001,0.839119706256449,6.2951991184203,48.0154268511392
11.0380952380952,1.05878229155296,0.839207926149472,6.29218862353535,48.0166301956525
11.0381944444444,1.05947633710412,0.839296396866017,6.28917956869055,48.0178336531172
11.0382936507937,1.0601691289157,0.839385117819366,6.2861719531977,48.0190372229792
11.0383928571429,1.06086066876871,0.839474088423228,6.28316577636884,48.0202409046845
11.0384920634921,1.06155095844296,0.839563308091734,6.28016103751635,48.0214446976796
11.0385912698413,1.06223999971707,0.839652776239442,6.27715773595288,48.0226486014113
11.0386904761905,1.06292779436844,0.839742492281332,6.27415587099138,48.0238526153271
11.0387896825397,1.0636143441733,0.839832455632811,6.27115544194511,48.0250567388746
11.0388888888889,1.06429965090667,0.839922665709711,6.2681564481276,48.0262609715019
11.0389880952381,1.06498371634236,0.840013121928286,6.26515888885269,48.0274653126577
11.0390873015873,1.06566654225299,0.840103823705218,6.26216276343452,48.028669761791
11.0391865079365,1.06634813040999,0.840194770457611,6.25916807118751,48.029874318351
11.0392857142857,1.06702848258359,0.840285961602996,6.25617481142639,48.0310789817876
11.0393849206349,1.06770760054281,0.840377396559328,6.25318298346619,48.032283751551
11.0394841269841,1.0683854860555,0.840469074744987,6.25019258662217,48.0334886270919
11.0395833333333,1.06906214088826,0.840560995578775,6.24720362021002,48.0346936078612
11.0396825396825,1.06973756680653,0.840653158479922,6.24421608354562,48.0358986933105
11.0397817460317,1.07041176557456,0.840745562868082,6.24122997594517,48.0371038828916
11.039880952381,1.07108473895537,0.840838208163333,6.23824529672515,48.0383091760568
11.0399801587302,1.07175648871081,0.840931093786178,6.23526204520237,48.0395145722588
11.0400793650794,1.07242701660152,0.841024219157546,6.23228022069391,48.0407200709506
11.0401785714286,1.07309632438693,0.841117583698789,6.22929982251715,48.041925671586
11.0402777777778,1.0737644138253,0.841211186831683,6.22632084998978,48.0431313736186
11.040376984127,1.07443128667367,0.841305027978433,6.22334330242976,48.0443371765031
11.0404761904762,1.07509694468788,0.841399106561664,6.22036717915537,48.045543079694
11.0405753968254,1.07576138962259,0.841493422004427,6.21739247948517,48.0467490826466
11.0406746031746,1.07642462323125,0.841587973730199,6.21441920273802,48.0479551848165
11.0407738095238,1.07708664726611,0.841682761162882,6.21144734823308,48.0491613856596
11.040873015873,1.07774746347822,0.841777783726801,6.2084769152898,48.0503676846325
11.0409722222222,1.07840707361745,0.841873040846708,6.20550790322787,48.051574081192
11.0410714285714,1.07906547943245,0.841968531947775,6.20254031136743,48.0527805747952
11.0411706349206,1.07972268267067,0.842064256455603,6.19957413902878,48.0539871649
11.0412698412698,1.08037868507839,0.842160213796219,6.19660938553253,48.0551938509642
11.041369047619,1.08103348840067,0.84225640339607,6.19364605019963,48.0564006324465
11.0414682539683,1.08168709438137,0.842352824682031,6.19068413235129,48.0576075088058
11.0415674603175,1.08233950476316,0.842449477081402,6.18772363130904,48.0588144795014
11.0416666666667,1.08299072128752,0.842546360021905,6.18476454639468,48.060021543993
11.0417658730159,1.0836407456947,0.84264347293169,6.18180687693033,48.0612287017407
11.0418650793651,1.08428957972379,0.842740815239329,6.17885062223838,48.0624359522052
11.0419642857143,1.08493722511267,0.84283838637382,6.17589578164155,48.0636432948475
11.0420634920635,1.085583683598,0.842936185764586,6.17294235446283,48.0648507291288
11.0421626984127,1.08622895691526,0.843034212841474,6.1699903400255,48.066058254511
11.0422619047619,1.08687304679874,0.843132467034757,6.16703973765315,48.0672658704564
11.0423611111111,1.08751595498153,0.84323094777513,6.16409054666967,48.0684735764276
11.0424603174603,1.0881576831955,0.843329654493718,6.16114276639919,48.0696813718875
11.0425595238095,1.08879823317134,0.843428586622064,6.15819639616627,48.0708892562998
11.0426587301587,1.08943760663853,0.843527743592139,6.15525143529562,48.0720972291282
11.0427579365079,1.09007580532538,0.843627124836341,6.15230788311232,48.0733052898371
11.0428571428571,1.09071283095896,0.843726729787489,6.14936573894172,48.0745134378912
11.0429563492063,1.09134868526517,0.843826557878828,6.14642500210948,48.0757216727555
11.0430555555556,1.09198336996871,0.843926608544029,6.14348567194154,48.0769299938957
11.0431547619048,1.09261688679308,0.844026881217187,6.14054774776416,48.0781384007776
11.043253968254,1.09324923746057,0.84412737533282,6.13761122890386,48.0793468928676
11.0433531746032,1.09388042369228,0.844228090325874,6.13467611468749,48.0805554696326
11.0434523809524,1.09451044720813,0.844329025631716,6.13174240444218,48.0817641305396
11.0435515873016,1.0951393097268,0.844430180686141,6.12881009749535,48.0829728750563
11.0436507936508,1.09576701296581,0.844531554925367,6.12587919317472,48.0841817026507
11.04375,1.09639355864147,0.844633147786037,6.12294969080831,48.0853906127913
11.0438492063492,1.09701894846888,0.844734958705219,6.12002158972444,48.0865996049469
11.0439484126984,1.09764318416197,0.844836987120407,6.11709488925166,48.0878086785867
11.0440476190476,1.09826626743343,0.844939232469516,6.11416958871897,48.0890178331805
11.0441468253968,1.09888819999479,0.845041694190889,6.11124568745553,48.0902270681982
11.044246031746,1.09950898355637,0.845144371723293,6.10832318479082,48.0914363831105
11.0443452380952,1.10012861982727,0.845247264505919,6.10540208005463,48.0926457773882
11.0444444444444,1.10074711051543,0.845350371978384,6.10248237257705,48.0938552505027
11.0445436507937,1.10136445732756,0.845453693580729,6.09956406168847,48.0950648019257
11.0446428571429,1.1019806619692,0.84555722875342,6.09664714671955,48.0962744311293
11.0447420634921,1.10259572614466,0.845660976937347,6.09373162700126,48.0974841375862
11.0448412698413,1.10320965155708,0.845764937573825,6.09081750186487,48.0986939207693
11.0449404761905,1.10382243990839,0.845869110104594,6.08790477064195,48.099903780152
11.0450396825397,1.10443409289931,0.845973493971819,6.08499343266435,48.1011137152082
11.0451388888889,1.10504461222938,0.84607808861809,6.08208348726422,48.102323725412
11.0452380952381,1.10565399959694,0.846182893486421,6.07917493377401,48.1035338102381
11.0453373015873,1.10626225669912,0.84628790802025,6.07626777152647,48.1047439691616
11.0454365079365,1.10686938523188,0.846393131663443,6.07336199985458,48.1059542016579
11.0455357142857,1.10747538688993,0.846498563860286,6.07045761809177,48.107164507203
11.0456349206349,1.10808026336683,0.846604204055492,6.06755462557163,48.108374885273
11.0457341269841,1.10868401635492,0.8467100516942,6.06465302162807,48.1095853353448
11.0458333333333,1.10928664754535,0.846816106221972,6.06175280559532,48.1107958568955
11.0459325396825,1.10988815862806,0.846922367084795,6.0588539768079,48.1120064494025
11.0460317460317,1.11048855129182,0.847028833729083,6.05595653460061,48.1132171123439
11.046130952381,1.11108782722416,0.847135505601671,6.05306047830856,48.114427845198
11.0462301587302,1.11168598811144,0.847242382149821,6.05016580726716,48.1156386474436
11.0463293650794,1.11228303563882,0.84734946282122,6.04727252081209,48.1168495185599
11.0464285714286,1.11287897149026,0.847456747063978,6.04438061827935,48.1180604580265
11.0465277777778,1.11347379734851,0.847564234326631,6.04149009900524,48.1192714653235
11.046626984127,1.11406751489514,0.847671924058139,6.03860096232632,48.1204825399312
11.0467261904762,1.11466012581051,0.847779815707889,6.03571320757949,48.1216936813306
11.0468253968254,1.11525163177379,0.84788790872569,6.03282683410191,48.1229048890028
11.0469246031746,1.11584203446294,0.847996202561778,6.02994184123101,48.1241161624297
11.0470238095238,1.11643133555472,0.848104696666809,6.02705822830464,48.1253275010931
11.047123015873,1.11701953672472,0.848213390491869,6.02417599466082,48.1265389044758
11.0472222222222,1.11760663964729,0.848322283488468,6.0212951396379,48.1277503720606
11.0473214285714,1.11819264599562,0.848431375108538,6.01841566257453,48.1289619033308
11.0474206349206,1.11877755744169,0.848540664804439,6.01553756280967,48.1301734977702
11.0475198412698,1.11936137565626,0.848650152028953,6.01266083968254,48.1313851548629
11.047619047619,1.11994410230892,0.848759836235288,6.00978549253269,48.1325968740936
11.0477182539683,1.12052573906805,0.848869716877077,6.00691152069996,48.1338086549472
11.0478174603175,1.12110628760084,0.848979793408377,6.00403892352446,48.1350204969091
11.0479166666667,1.12168574957326,0.849090065283671,6.00116770034662,48.1362323994652
11.0480158730159,1.12226412665011,0.849200531957864,5.99829785050716,48.1374443621017
11.0481150793651,1.12284142049497,0.849311192886289,5.99542937334709,48.1386563843052
11.0482142857143,1.12341763277023,0.849422047524702,5.99256226820772,48.1398684655628
11.0483134920635,1.1239927651371,0.849533095329283,5.98969653443066,48.141080605362
11.0484126984127,1.12456681925556,0.849644335756641,5.98683217135777,48.1422928031907
11.0485119047619,1.1251397967844,0.849755768263802,5.98396917833132,48.1435050585372
11.0486111111111,1.12571169938122,0.849867392308224,5.98110755469376,48.1447173708901
11.0487103174603,1.12628252870243,0.849979207347785,5.97824729978788,48.1459297397387
11.0488095238095,1.12685228640322,0.850091212840792,5.97538841295675,48.1471421645724
11.0489087301587,1.1274209741376,0.850203408245974,5.97253089354377,48.1483546448813
11.0490079365079,1.12798859355838,0.850315793022484,5.96967474089259,48.1495671801556
11.0491071428571,1.12855514631716,0.850428366629901,5.96681995434719,48.1507797698863
11.0492063492063,1.12912063406434,0.85054112852823,5.96396653325183,48.1519924135645
11.0493055555556,1.12968505844915,0.850654078177898,5.96111447695106,48.1532051106818
11.0494047619048,1.13024842111959,0.850767215039759,5.95826378478974,48.1544178607303
11.049503968254,1.13081072372248,0.85088053857509,5.95541445611303,48.1556306632024
11.0496031746032,1.13137196790342,0.850994048245595,5.95256649026636,48.1568435175909
11.0497023809524,1.13193215530685,0.851107743513399,5.94971988659547,48.1580564233892
11.0498015873016,1.13249128757598,0.851221623841057,5.94687464444641,48.1592693800908
11.0499007936508,1.13304936635284,0.851335688691545,5.94403076316545,48.1604823871901
11.05,1.13360639327824,0.851449937528263,5.94118824209932,48.1616954441813
11.0500992063492,1.13416236999181,0.851564369815038,5.93834708059487,48.1629085505595
11.0501984126984,1.13471729813198,0.85167898501612,5.93550727799935,48.16412170582
11.0502976190476,1.13527117933597,0.851793782596187,5.93266883366024,48.1653349094586
11.0503968253968,1.13582401523983,0.851908762020338,5.92983174692538,48.1665481609714
11.050496031746,1.13637580747837,0.852023922754099,5.92699601714285,48.1677614598551
11.0505952380952,1.13692655768523,0.852139264263419,5.92416164366105,48.1689748056066
11.0506944444444,1.13747626749286,0.852254786014674,5.92132862582869,48.1701881977233
11.0507936507937,1.13802493853249,0.852370487474662,5.91849696299474,48.1714016357031
11.0508928571429,1.13857257243415,0.852486368110608,5.9156666545085,48.1726151190442
11.0509920634921,1.1391191708267,0.852602427390161,5.91283769971954,48.1738286472452
11.0510912698413,1.13966473533777,0.852718664781394,5.91001009797773,48.1750422198053
11.0511904761905,1.14020926759381,0.852835079752806,5.90718384863325,48.176255836224
11.0512896825397,1.14075276922007,0.85295167177332,5.90435895103657,48.177469496001
11.0513888888889,1.1412952418406,0.853068440312285,5.90153540453841,48.1786831986368
11.0514880952381,1.14183668707824,0.85318538483947,5.89871320848989,48.179896943632
11.0515873015873,1.14237710655465,0.853302504825076,5.89589236224234,48.1811107304879
11.0516865079365,1.14291650189028,0.853419799739723,5.89307286514741,48.1823245587059
11.0517857142857,1.14345487470439,0.853537269054458,5.89025471655703,48.183538427788
11.0518849206349,1.14399222661505,0.853654912240754,5.88743791582344,48.1847523372366
11.0519841269841,1.1445285592391,0.853772728770505,5.88462246229917,48.1859662865545
11.0520833333333,1.14506387419221,0.853890718116034,5.88180835533707,48.1871802752449
11.0521825396825,1.14559817308884,0.854008879750086,5.87899559429024,48.1883943028114
11.0522817460317,1.14613145754227,0.854127213145832,5.87618417851211,48.1896083687581
11.052380952381,1.14666372916455,0.854245717776866,5.8733741073564,48.1908224725895
11.0524801587302,1.14719498956656,0.854364393117209,5.87056538017712,48.1920366138103
11.0525793650794,1.14772524035797,0.854483238641305,5.86775799632857,48.1932507919259
11.0526785714286,1.14825448314725,0.854602253824024,5.86495195516535,48.194465006442
11.0527777777778,1.14878271954167,0.85472143814066,5.86214725604236,48.1956792568646
11.052876984127,1.14930995114732,0.854840791066933,5.85934389831475,48.1968935427004
11.0529761904762,1.14983617956906,0.854960312078984,5.85654188133809,48.1981078634561
11.0530753968254,1.15036140641058,0.855080000653383,5.85374120446813,48.1993222186393
11.0531746031746,1.15088563327437,0.855199856267122,5.85094186706093,48.2005366077576
11.0532738095238,1.1514088617617,0.855319878397621,5.84814386847288,48.2017510303192
11.053373015873,1.15193109347266,0.855440066522721,5.84534720806064,48.2029654858327
11.0534722222222,1.15245233000615,0.855560420120689,5.84255188518119,48.2041799738072
11.0535714285714,1.15297257295984,0.855680938670218,5.83975789919176,48.205394493752
11.0536706349206,1.15349182393023,0.855801621650425,5.83696524944993,48.206609045177
11.0537698412698,1.15401008451261,0.85592246854085,5.83417393531355,48.2078236275925
11.053869047619,1.15452735630108,0.856043478821461,5.83138395614075,48.209038240509
11.0539682539683,1.15504364088853,0.856164651972648,5.82859531128999,48.2102528834377
11.0540674603175,1.15555893986667,0.856285987475227,5.82580800011999,48.21146755589
11.0541666666667,1.15607325482599,0.856407484810438,5.82302202198979,48.212682257378
11.0542658730159,1.15658658735579,0.856529143459947,5.82023737625872,48.2138969874138
11.0543650793651,1.1570989390442,0.856650962905846,5.81745406228636,48.2151117455102
11.0544642857143,1.15761031147808,0.856772942630645,5.8146720794327,48.2163265311804
11.0545634920635,1.15812070624318,0.856895082117285,5.81189142705793,48.2175413439379
11.0546626984127,1.15863012492398,0.857017380849131,5.80911210452255,48.2187561832967
11.0547619047619,1.15913856910381,0.857139838309973,5.80633411118736,48.2199710487712
11.0548611111111,1.15964604036477,0.857262453984022,5.80355744641347,48.2211859398762
11.0549603174603,1.16015254028778,0.857385227355918,5.80078210956227,48.222400856127
11.0550595238095,1.16065807045257,0.857508157910724,5.79800809999545,48.223615797039
11.0551587301587,1.16116263243764,0.857631245133927,5.79523541707499,48.2248307621285
11.0552579365079,1.16166622782031,0.857754488511441,5.79246406016318,48.2260457509117
11.0553571428571,1.16216885817672,0.857877887529602,5.7896940286226,48.2272607629058
11.0554563492063,1.16267052508178,0.858001441675173,5.78692532181611,48.2284757976278
11.0555555555556,1.16317123010922,0.85812515043534,5.78415793910689,48.2296908545955
11.0556547619048,1.16367097483157,0.858249013297715,5.78139187985839,48.230905933327
11.055753968254,1.16416976082016,0.858373029750334,5.77862714343438,48.2321210333409
11.0558531746032,1.16466758964512,0.858497199281659,5.77586372919887,48.2333361541561
11.0559523809524,1.16516446287538,0.858621521380574,5.77310163651629,48.234551295292
11.0560515873016,1.16566038207867,0.85874599553639,5.77034086475123,48.2357664562683
11.0561507936508,1.16615534882154,0.858870621238842,5.76758141326865,48.2369816366051
11.05625,1.16664936466932,0.858995397978091,5.76482328143378,48.2381968358232
11.0563492063492,1.16714243118615,0.859120325244721,5.76206646861214,48.2394120534436
11.0564484126984,1.16763454993498,0.859245402529741,5.75931097416957,48.2406272889875
11.0565476190476,1.16812572247755,0.859370629324586,5.75655679747218,48.241842541977
11.0566468253968,1.1686159503744,0.859496005121114,5.75380393788639,48.2430578119342
11.056746031746,1.16910523518489,0.85962152941161,5.75105239477891,48.2442730983818
11.0568452380952,1.16959357846717,0.85974720168878,5.74830216751676,48.245488400843
11.0569444444444,1.17008098177818,0.85987302144576,5.74555325546723,48.2467037188411
11.0570436507937,1.17056744667368,0.859998988176105,5.74280565799792,48.2479190519001
11.0571428571429,1.17105297470822,0.8601251013738,5.74005937447673,48.2491343995444
11.0572420634921,1.17153756743516,0.86025136053325,5.73731440427184,48.2503497612987
11.0573412698413,1.17202122640667,0.860377765149291,5.7345707467517,48.2515651366881
11.0574404761905,1.1725039531737,0.860504314717175,5.73182840128516,48.2527805252382
11.0575396825397,1.17298574928601,0.860631008732585,5.72908736724128,48.2539959264749
11.0576388888889,1.17346661629216,0.860757846691629,5.7263476439894,48.2552113399248
11.0577380952381,1.17394655573953,0.860884828090836,5.7236092308992,48.2564267651145
11.0578373015873,1.17442556917429,0.861011952427162,5.72087212734065,48.2576422015713
11.0579365079365,1.17490365814139,0.861139219197988,5.71813633268399,48.2588576488229
11.0580357142857,1.17538082418462,0.861266627901119,5.71540184629979,48.2600731063973
11.0581349206349,1.17585706884655,0.861394178034786,5.71266866755888,48.261288573823
11.0582341269841,1.17633239366855,0.861521869097642,5.70993679583241,48.2625040506288
11.0583333333333,1.1768068001908,0.861649700588767,5.70720623049182,48.263719536344
11.0584325396825,1.17728028995228,0.861777672007665,5.70447697090883,48.2649350304984
11.0585317460317,1.17775286449076,0.861905782854265,5.7017490164555,48.2661505326221
11.058630952381,1.17822452534285,0.862034032628921,5.69902236650412,48.2673660422455
11.0587301587302,1.17869527404391,0.862162420832411,5.69629702042733,48.2685815588998
11.0588293650794,1.17916511212814,0.86229094696594,5.693572977598,48.2697970821161
11.0589285714286,1.17963404112851,0.862419610531132,5.69085023738942,48.2710126114264
11.0590277777778,1.18010206257683,0.862548411030041,5.68812879917506,48.2722281463627
11.059126984127,1.18056917800368,0.862677347965145,5.68540866232871,48.2734436864578
11.0592261904762,1.18103538893846,0.862806420839346,5.68268982622448,48.2746592312445
11.0593253968254,1.18150069690936,0.86293562915597,5.67997229023675,48.2758747802564
11.0594246031746,1.18196510344338,0.86306497241877,5.67725605374022,48.2770903330274
11.0595238095238,1.18242861006632,0.863194450131921,5.67454111610986,48.2783058890915
11.059623015873,1.18289121830279,0.863324061800023,5.67182747672096,48.2795214479837
11.0597222222222,1.18335292967617,0.863453806928104,5.66911513494909,48.2807370092388
11.0598214285714,1.18381374570869,0.863583685021614,5.66640409017011,48.2819525723925
11.0599206349206,1.18427366792134,0.863713695586426,5.66369434176019,48.2831681369806
11.0600198412698,1.18473269783393,0.863843838128843,5.6609858890958,48.2843837025396
11.060119047619,1.18519083696507,0.863974112155587,5.65827873155367,48.285599268606
11.0602182539683,1.18564808683219,0.864104517173809,5.65557286851088,48.2868148347172
11.0603174603175,1.18610444895148,0.864235052691084,5.65286829934472,48.2880304004107
11.0604166666667,1.18655992483797,0.864365718215408,5.65016502343291,48.2892459652243
11.0605158730159,1.18701451600547,0.864496513255207,5.64746304015335,48.2904615286967
11.0606150793651,1.1874682239666,0.864627437319327,5.64476234888428,48.2916770903665
11.0607142857143,1.18792105023278,0.864758489917043,5.64206294900421,48.2928926497731
11.0608134920635,1.18837299631424,0.864889670558053,5.63936483989197,48.2941082064559
11.0609126984127,1.18882406372,0.865020978752478,5.63666802092669,48.2953237599552
11.0610119047619,1.18927425395789,0.865152414010867,5.63397249148777,48.2965393098114
11.0611111111111,1.18972356853453,0.86528397584419,5.63127825095491,48.2977548555654
11.0612103174603,1.19017200895536,0.865415663763846,5.62858529870814,48.2989703967584
11.0613095238095,1.19061957672461,0.865547477281654,5.62589363412775,48.3001859329322
11.0614087301587,1.19106627334531,0.865679415909863,5.62320325659432,48.301401463629
11.0615079365079,1.1915121003193,0.865811479161142,5.62051416548876,48.3026169883912
11.0616071428571,1.19195705914722,0.865943666548588,5.61782636019225,48.3038325067618
11.0617063492063,1.1924011513285,0.86607597758572,5.61513984008626,48.3050480182842
11.0618055555556,1.19284437836139,0.866208411786486,5.61245460455254,48.3062635225022
11.0619047619048,1.19328674174293,0.866340968665251,5.60977065297324,48.3074790189599
11.062003968254,1.19372824296896,0.866473647736814,5.60708798473069,48.3086945072021
11.0621031746032,1.19416888353413,0.866606448516392,5.60440659920754,48.3099099867736
11.0622023809524,1.1946086649319,0.86673937051963,5.60172649578675,48.31112545722
11.0623015873016,1.1950475886545,0.866872413262596,5.59904767385159,48.3123409180871
11.0624007936508,1.195485656193,0.867005576261786,5.59637013278559,48.3135563689212
11.0625,1.19592286903725,0.867138859034116,5.59369387197261,48.3147718092689
11.0625992063492,1.19635922867589,0.867272261096929,5.59101889079678,48.3159872386775
11.0626984126984,1.1967947365964,0.867405781967995,5.58834518864253,48.3172026566942
11.0627976190476,1.19722939428503,0.867539421165504,5.5856727648946,48.3184180628672
11.0628968253968,1.19766320322685,0.867673178208075,5.58300161893802,48.3196334567447
11.062996031746,1.19809616490571,0.867807052614749,5.5803317501581,48.3208488378755
11.0630952380952,1.19852828080427,0.867941043904993,5.57766315794046,48.3220642058088
11.0631944444444,1.19895955240402,0.868075151598699,5.57499584167102,48.3232795600941
11.0632936507937,1.19938998118522,0.868209375216185,5.57232980073593,48.3244949002814
11.0633928571429,1.19981956862693,0.868343714278187,5.56966503452179,48.3257102259212
11.0634920634921,1.20024831620703,0.868478168305874,5.56700154241535,48.3269255365642
11.0635912698413,1.20067622540219,0.868612736820836,5.5643393238037,48.3281408317618
11.0636904761905,1.20110329768789,0.868747419345088,5.56167837807424,48.3293561110655
11.0637896825397,1.20152953453841,0.86888221540107,5.55901870461465,48.3305713740274
11.0638888888889,1.20195493742683,0.869017124511647,5.5563603028129,48.3317866202
11.0639880952381,1.20237950782502,0.869152146200107,5.55370317205727,48.3330018491362
11.0640873015873,1.20280324720368,0.869287279990166,5.55104731173634,48.3342170603893
11.0641865079365,1.20322615703229,0.869422525405962,5.54839272123896,48.3354322535131
11.0642857142857,1.20364823877913,0.869557881972058,5.54573939995431,48.3366474280616
11.0643849206349,1.20406949391129,0.869693349213443,5.54308734727183,48.3378625835894
11.0644841269841,1.20448992389467,0.869828926655529,5.54043656258128,48.3390777196515
11.0645833333333,1.20490953019396,0.869964613824156,5.5377870452727,48.3402928358032
11.0646825396825,1.20532831427264,0.870100410245585,5.53513879473645,48.3415079316004
11.0647817460317,1.20574627759303,0.870236315446505,5.53249181036311,48.3427230065993
11.064880952381,1.20616342161621,0.870372328954024,5.5298460915437,48.3439380603564
11.0649801587302,1.20657974780209,0.870508450295682,5.52720163766941,48.3451530924288
11.0650793650794,1.20699525760937,0.87064467899944,5.52455844813175,48.346368102374
11.0651785714286,1.20740995249554,0.870781014593683,5.52191652232257,48.3475830897497
11.0652777777778,1.20782383391692,0.870917456607223,5.51927585963396,48.3487980541144
11.065376984127,1.20823690332862,0.871054004569296,5.51663645945833,48.3500129950267
11.0654761904762,1.20864916218453,0.871190658009562,5.5139983211884,48.3512279120456
11.0655753968254,1.20906061193739,0.871327416458106,5.51136144421717,48.3524428047307
11.0656746031746,1.20947125403868,0.871464279445438,5.50872582793792,48.353657672642
11.0657738095238,1.20988108993874,0.871601246502492,5.50609147174426,48.3548725153398
11.065873015873,1.21029012108668,0.871738317160628,5.50345837503007,48.3560873323848
11.0659722222222,1.21069834893041,0.871875490951631,5.50082653718954,48.3573021233382
11.0660714285714,1.21110577491666,0.872012767407708,5.49819595761713,48.3585168877616
11.0661706349206,1.21151240049094,0.872150146061494,5.49556663570762,48.359731625217
11.0662698412698,1.21191822709759,0.872287626446049,5.49293857085606,48.3609463352669
11.066369047619,1.21232325617973,0.872425208094851,5.49031176245787,48.362161017474
11.0664682539683,1.21272748917927,0.872562890541811,5.48768620990867,48.3633756714016
11.0665674603175,1.21313092753696,0.872700673321262,5.48506191260443,48.3645902966134
11.0666666666667,1.21353357269233,0.872838555967959,5.48243886994139,48.3658048926733
11.0667658730159,1.2139354260837,0.872976538017086,5.47981708131609,48.3670194591461
11.0668650793651,1.21433648914821,0.87311461900425,5.47719654612539,48.3682339955964
11.0669642857143,1.2147367633218,0.873252798465481,5.47457726376641,48.3694485015896
11.0670634920635,1.21513625003921,0.873391075937235,5.47195923363659,48.3706629766915
11.0671626984127,1.21553495073398,0.873529450956394,5.46934245513365,48.3718774204682
11.0672619047619,1.21593286683844,0.873667923060264,5.46672692765563,48.3730918324863
11.0673611111111,1.21632999978375,0.873806491786575,5.46411265060082,48.3743062123127
11.0674603174603,1.21672635099984,0.873945156673481,5.46149962336786,48.3755205595148
11.0675595238095,1.21712192191548,0.874083917259564,5.45888784535564,48.3767348736605
11.0676587301587,1.21751671395819,0.874222773083827,5.45627731596338,48.3779491543178
11.0677579365079,1.21791072855435,0.874361723685701,5.45366803459053,48.3791634010556
11.0678571428571,1.2183039671291,0.874500768605038,5.45106000063696,48.3803776134427
11.0679563492063,1.21869643110638,0.874639907382117,5.44845321350273,48.3815917910486
11.0680555555556,1.21908812190897,0.874779139557643,5.44584767258822,48.3828059334433
11.0681547619048,1.21947904095842,0.874918464672743,5.44324337729412,48.384020040197
11.068253968254,1.21986918967509,0.875057882268971,5.44064032702139,48.3852341108803
11.0683531746032,1.22025856947814,0.875197391888304,5.43803852117132,48.3864481450645
11.0684523809524,1.22064718178554,0.875336993073146,5.43543795914547,48.387662142321
11.0685515873016,1.22103502801405,0.875476685366322,5.43283864034569,48.3888761022218
11.0686507936508,1.22142210957924,0.875616468311086,5.43024056417416,48.3900900243392
11.06875,1.22180842789547,0.875756341451113,5.42764373003332,48.391303908246
11.0688492063492,1.22219398437593,0.875896304330506,5.42504813732592,48.3925177535154
11.0689484126984,1.22257878043258,0.876036356493791,5.42245378545501,48.393731559721
11.0690476190476,1.2229628174762,0.876176497485917,5.41986067382393,48.3949453264367
11.0691468253968,1.22334609691637,0.876316726852262,5.4172688018363,48.396159053237
11.069246031746,1.22372862016146,0.876457044138628,5.41467816889603,48.3973727396968
11.0693452380952,1.22411038861865,0.876597448891235,5.41208877440741,48.3985863853913
11.0694444444444,1.22449140369393,0.876737940656736,5.40950061777493,48.3997999898961
11.0695436507937,1.22487166679209,0.876878518982205,5.4069136984034,48.4010135527873
11.0696428571429,1.22525117931669,0.877019183415142,5.40432801569794,48.4022270736415
11.0697420634921,1.22562994267015,0.87715993350347,5.40174356906395,48.4034405520355
11.0698412698413,1.22600795825363,0.877300768795538,5.39916035790714,48.4046539875467
11.0699404761905,1.22638522746715,0.877441688840121,5.3965783816335,48.4058673797527
11.0700396825397,1.22676175170948,0.877582693186415,5.39399763964933,48.4070807282319
11.0701388888889,1.22713753237823,0.877723781384045,5.39141813136121,48.4082940325626
11.0702380952381,1.22751257086978,0.877864952983059,5.38883985617604,48.4095072923239
11.0703373015873,1.22788686857935,0.878006207533927,5.38626281350098,48.4107205070951
11.0704365079365,1.22826042690093,0.878147544587549,5.38368700274352,48.4119336764562
11.0705357142857,1.22863324722732,0.878288963695245,5.38111242331142,48.4131467999872
11.0706349206349,1.22900533095013,0.878430464408763,5.37853907461275,48.4143598772689
11.0707341269841,1.22937667945976,0.878572046280276,5.37596695605584,48.4155729078823
11.0708333333333,1.22974729407186,0.878713708892232,5.37339606704703,48.4167858914389
11.0709325396825,1.23011716969347,0.878855454426828,5.37082640679137,48.4179988301703
11.0710317460317,1.23048630317601,0.878997284273481,5.36825797457676,48.4192117255082
11.071130952381,1.23085469541256,0.879139198180547,5.36569076982613,48.4204245772306
11.0712301587302,1.23122234729577,0.879281195896525,5.3631247919626,48.4216373851151
11.0713293650794,1.2315892597178,0.879423277170052,5.36056004040956,48.4228501489397
11.0714285714286,1.23195543357037,0.879565441749912,5.35799651459058,48.4240628684827
11.0715277777778,1.23232086974473,0.879707689385026,5.35543421392947,48.4252755435223
11.071626984127,1.2326855691317,0.879850019824459,5.35287313785026,48.4264881738369
11.0717261904762,1.23304953262162,0.879992432817419,5.35031328577722,48.4277007592049
11.0718253968254,1.23341276110438,0.880134928113254,5.34775465713481,48.428913299405
11.0719246031746,1.2337752554694,0.880277505461455,5.34519725134773,48.4301257942161
11.0720238095238,1.23413701660566,0.880420164611652,5.34264106784092,48.431338243417
11.072123015873,1.23449804540167,0.880562905313621,5.34008610603951,48.4325506467869
11.0722222222222,1.23485834274551,0.88070572731728,5.33753236536884,48.4337630041048
11.0723214285714,1.23521790952476,0.880848630372681,5.33497984525456,48.4349753151501
11.0724206349206,1.23557674662658,0.880991614230026,5.33242854512246,48.4361875797023
11.0725198412698,1.23593485493765,0.881134678639657,5.32987846439856,48.4373997975409
11.072619047619,1.23629223534419,0.881277823352056,5.32732960250913,48.4386119684456
11.0727182539683,1.236648888732,0.881421048117849,5.32478195888065,48.4398240921964
11.0728174603175,1.23700481598638,0.881564352687802,5.32223553293982,48.4410361685731
11.0729166666667,1.23736001799218,0.881707736812823,5.31969032411357,48.4422481973559
11.0730158730159,1.23771449563383,0.881851200243963,5.31714633182904,48.4434601783251
11.0731150793651,1.23806824979525,0.881994742732414,5.31460355551361,48.4446721112609
11.0732142857143,1.23842128135994,0.88213836402951,5.31206199459486,48.445883995944
11.0733134920635,1.23877359121092,0.882282063886726,5.30952164850062,48.4470958321549
11.0734126984127,1.23912518023078,0.88242584205568,5.30698251665892,48.4483076196745
11.0735119047619,1.23947604930162,0.882569698288132,5.30444459849802,48.4495193582836
11.0736111111111,1.23982619930511,0.882713632335983,5.30190789344641,48.4507310477633
11.0737103174603,1.24017563112245,0.882857643951277,5.29937240093276,48.4519426878947
11.0738095238095,1.24052434563438,0.883001732886195,5.29683812038606,48.4531542784592
11.0739087301587,1.2408723437212,0.883145898893067,5.29430505123544,48.4543658192382
11.0740079365079,1.24121962626272,0.88329014172436,5.29177319291027,48.4555773100133
11.0741071428571,1.24156619413833,0.883434461132685,5.28924254484014,48.4567887505661
11.0742063492063,1.24191204822694,0.883578856870793,5.28671310645487,48.4580001406785
11.0743055555556,1.242257189407,0.883723328691579,5.28418487718451,48.4592114801325
11.0744047619048,1.24260161855653,0.883867876348078,5.28165785645932,48.4604227687101
11.074503968254,1.24294533655307,0.884012499593468,5.27913204370978,48.4616340061936
11.0746031746032,1.2432883442737,0.884157198181068,5.27660743836661,48.4628451923654
11.0747023809524,1.24363064259506,0.884301971864339,5.27408403986073,48.464056327008
11.0748015873016,1.24397223239331,0.884446820396884,5.27156184762331,48.4652674099039
11.0749007936508,1.24431311454418,0.884591743532449,5.26904086108572,48.466478440836
11.075,1.24465328992292,0.884736741024918,5.26652107967955,48.4676894195871
11.0750992063492,1.24499275940433,0.884881812628321,5.26400250283664,48.4689003459403
11.0751984126984,1.24533152386277,0.88502695809683,5.26148512998899,48.4701112196788
11.0752976190476,1.24566958417211,0.885172177184753,5.25896896056893,48.4713220405857
11.0753968253968,1.24600694120578,0.885317469646545,5.25645399400893,48.4725328084445
11.075496031746,1.24634359583677,0.885462835236803,5.2539402297417,48.4737435230389
11.0755952380952,1.24667954893758,0.885608273710264,5.25142766720016,48.4749541841524
11.0756944444444,1.24701480138028,0.885753784821806,5.24891630581749,48.476164791569
11.0757936507937,1.24734935403646,0.885899368326452,5.24640614502705,48.4773753450725
11.0758928571429,1.24768320777727,0.886045023979363,5.24389718426246,48.478585844447
11.0759920634921,1.2480163634734,0.886190751535845,5.24138942295754,48.4797962894768
11.0760912698413,1.24834882199508,0.886336550751344,5.23888286054633,48.4810066799462
11.0761904761905,1.24868058421208,0.886482421381448,5.23637749646311,48.4822170156397
11.0762896825397,1.24901165099371,0.886628363181888,5.23387333014237,48.4834272963419
11.0763888888889,1.24934202320884,0.886774375908535,5.23137036101882,48.4846375218376
11.0764880952381,1.24967170172587,0.886920459317403,5.22886858852741,48.4858476919116
11.0765873015873,1.25000068741274,0.887066613164648,5.2263680121033,48.487057806349
11.0766865079365,1.25032898113694,0.887212837206569,5.22386863118183,48.4882678649348
11.0767857142857,1.2506565837655,0.887359131199602,5.22137044519868,48.4894778674544
11.0768849206349,1.25098349616498,0.887505494900328,5.21887345358964,48.4906878136932
11.0769841269841,1.25130971920152,0.887651928065471,5.21637765579077,48.4918977034368
11.0770833333333,1.25163525374076,0.887798430451896,5.21388305123834,48.4931075364707
11.0771825396825,1.2519601006479,0.88794500181661,5.21138963936885,48.4943173125809
11.0772817460317,1.2522842607877,0.888091641916759,5.20889741961901,48.4955270315532
11.077380952381,1.25260773502443,0.888238350509635,5.20640639142577,48.4967366931737
11.0774801587302,1.25293052422193,0.888385127352669,5.20391655422628,48.4979462972286
11.0775793650794,1.25325262924357,0.888531972203435,5.20142790745795,48.4991558435043
11.0776785714286,1.25357405095227,0.888678884819648,5.19894045055837,48.5003653317873
11.0777777777778,1.25389479021048,0.888825864959166,5.19645418296539,48.501574761864
11.077876984127,1.25421484788021,0.888972912379988,5.19396910411704,48.5027841335214
11.0779761904762,1.254534224823,0.889120026840254,5.19148521345162,48.5039934465462
11.0780753968254,1.25485292189993,0.889267208098248,5.18900251040762,48.5052027007254
11.0781746031746,1.25517093997164,0.889414455912397,5.18652099442373,48.5064118958462
11.0782738095238,1.2554882798983,0.889561770041261,5.18404066493896,48.5076210316958
11.078373015873,1.25580494253962,0.889709150243552,5.18156152139244,48.5088301080617
11.0784722222222,1.25612092875487,0.88985659627812,5.17908356322357,48.5100391247313
11.0785714285714,1.25643623940284,0.890004107903957,5.17660678987196,48.5112480814923
11.0786706349206,1.25675087534187,0.890151684880195,5.17413120077744,48.5124569781326
11.0787698412698,1.25706483742986,0.890299326966111,5.17165679538008,48.51366581444
11.078869047619,1.25737812652423,0.890447033921121,5.16918357312014,48.5148745902026
11.0789682539683,1.25769074348196,0.890594805504785,5.16671153343814,48.5160833052086
11.0790674603175,1.25800268915957,0.890742641476804,5.1642406757748,48.5172919592463
11.0791666666667,1.2583139644131,0.890890541597021,5.16177099957106,48.5185005521042
11.0792658730159,1.25862457009816,0.891038505625419,5.15930250426811,48.5197090835708
11.0793650793651,1.25893450706989,0.891186533322125,5.15683518930733,48.520917553435
11.0794642857143,1.25924377618299,0.891334624447408,5.15436905413033,48.5221259614854
11.0795634920635,1.25955237829167,0.891482778761676,5.15190409817897,48.5233343075112
11.0796626984127,1.25986031424973,0.891630996025485,5.14944032089525,48.5245425913015
11.0797619047619,1.26016758491045,0.891779275999523,5.14697772172154,48.5257508126455
11.0798611111111,1.26047419112672,0.891927618444628,5.14451630010031,48.5269589713325
11.0799603174603,1.26078013375091,0.892076023121778,5.14205605547429,48.5281670671521
11.0800595238095,1.26108541363499,0.89222448979209,5.13959698728642,48.529375099894
11.0801587301587,1.26139003163044,0.892373018216826,5.13713909497988,48.5305830693479
11.0802579365079,1.26169398858828,0.892521608157389,5.13468237799807,48.5317909753037
11.0803571428571,1.26199728535909,0.892670259375322,5.13222683578461,48.5329988175515
11.0804563492063,1.26229992279298,0.892818971632313,5.12977246778333,48.5342065958815
11.0805555555556,1.26260190173962,0.892967744690189,5.12731927343831,48.535414310084
11.0806547619048,1.26290322304819,0.893116578310921,5.12486725219383,48.5366219599494
11.080753968254,1.26320388756745,0.893265472256619,5.1224164034944,48.5378295452683
11.0808531746032,1.26350389614569,0.893414426289537,5.11996672678475,48.5390370658313
11.0809523809524,1.26380324963072,0.893563440172071,5.11751822150983,48.5402445214295
11.0810515873016,1.26410194886993,0.893712513666758,5.11507088711483,48.5414519118536
11.0811507936508,1.26439999471023,0.893861646536279,5.1126247230451,48.5426592368949
11.08125,1.26469738799806,0.89401083854345,5.11017972874635,48.5438664963445
11.0813492063492,1.26499412957945,0.894160089451236,5.10773590366437,48.5450736899939
11.0814484126984,1.26529022029992,0.894309399022742,5.10529324724524,48.5462808176345
11.0815476190476,1.26558566100458,0.894458767021213,5.10285175893525,48.5474878790579
11.0816468253968,1.26588045253803,0.894608193210038,5.10041143818091,48.548694874056
11.081746031746,1.26617459574446,0.894757677352746,5.09797228442895,48.5499018024207
11.0818452380952,1.26646809146758,0.894907219213009,5.09553429712633,48.5511086639439
11.0819444444444,1.26676094055066,0.895056818554641,5.09309747572024,48.5523154584178
11.0820436507937,1.26705314383648,0.895206475141597,5.09066181965808,48.5535221856348
11.0821428571429,1.26734470216739,0.895356188737973,5.08822732838746,48.5547288453873
11.0822420634921,1.26763561638528,0.89550595910801,5.08579400135625,48.5559354374677
11.0823412698413,1.26792588733158,0.895655786016086,5.0833618380125,48.5571419616689
11.0824404761905,1.26821551584726,0.895805669226726,5.08093083780452,48.5583484177837
11.0825396825397,1.26850450277283,0.895955608504592,5.07850100018082,48.5595548056049
11.0826388888889,1.26879284894836,0.896105603614494,5.07607232459011,48.5607611249258
11.0827380952381,1.26908055521344,0.896255654321376,5.0736448104814,48.5619673755395
11.0828373015873,1.26936762240721,0.896405760390328,5.07121845730386,48.5631735572394
11.0829365079365,1.26965405136836,0.896555921586583,5.06879326450689,48.5643796698189
11.0830357142857,1.26993984293512,0.896706137675515,5.06636923154012,48.5655857130717
11.0831349206349,1.27022499794526,0.896856408422637,5.06394635785339,48.5667916867916
11.0832341269841,1.2705095172361,0.897006733593607,5.06152464289679,48.5679975907725
11.0833333333333,1.27079340164449,0.897157112954225,5.0591040861206,48.5692034248083
11.0834325396825,1.27107665200683,0.89730754627043,5.05668468697536,48.5704091886932
11.0835317460317,1.27135926915907,0.897458033308306,5.05426644491179,48.5716148822214
11.083630952381,1.27164125393669,0.897608573834076,5.05184935938087,48.5728205051876
11.0837301587302,1.27192260717472,0.897759167614106,5.04943342983378,48.574026057386
11.0838293650794,1.27220332970774,0.897909814414905,5.04701865572193,48.5752315386115
11.0839285714286,1.27248342236985,0.898060514003121,5.04460503649695,48.5764369486589
11.0840277777778,1.27276288599471,0.898211266145547,5.0421925716107,48.5776422873231
11.084126984127,1.27304172141553,0.898362070609119,5.03978126051522,48.5788475543991
11.0842261904762,1.27331992946504,0.898512927160906,5.03737110266288,48.5800527496823
11.0843253968254,1.27359751097554,0.898663835568128,5.03496209750616,48.5812578729679
11.0844246031746,1.27387446677885,0.898814795598144,5.03255424449782,48.5824629240514
11.0845238095238,1.27415079770634,0.898965807018454,5.03014754309081,48.5836679027284
11.084623015873,1.27442650458892,0.899116869596701,5.02774199273833,48.5848728087947
11.0847222222222,1.27470158825706,0.899267983100668,5.0253375928938,48.5860776420461
11.0848214285714,1.27497604954075,0.899419147298283,5.02293434301084,48.5872824022787
11.0849206349206,1.27524988926954,0.899570361957612,5.02053224254331,48.5884870892886
11.0850198412698,1.27552310827251,0.899721626846866,5.0181312909453,48.589691702872
11.085119047619,1.27579570737829,0.899872941734396,5.0157314876711,48.5908962428254
11.0852182539683,1.27606768741505,0.900024306388694,5.01333283217525,48.5921007089453
11.0853174603175,1.2763390492105,0.900175720578397,5.01093532391249,48.5933051010283
11.0854166666667,1.27660979359191,0.900327184072281,5.00853896233779,48.5945094188713
11.0855158730159,1.27687992138607,0.900478696639264,5.00614374690634,48.5957136622712
11.0856150793651,1.27714943341932,0.90063025804841,5.00374967707354,48.5969178310251
11.0857142857143,1.27741833051756,0.900781868068917,5.00135675229507,48.5981219249302
11.0858134920635,1.2776866135062,0.90093352647013,4.99896497202678,48.5993259437837
11.0859126984127,1.27795428321022,0.901085233021536,4.99657433572474,48.6005298873832
11.0860119047619,1.27822134045413,0.901236987492762,4.99418484284526,48.6017337555263
11.0861111111111,1.278487786062,0.901388789653579,4.99179649284487,48.6029375480106
11.0862103174603,1.27875362085741,0.901540639273896,4.98940928518032,48.6041412646341
11.0863095238095,1.27901884566352,0.901692536123769,4.98702321930858,48.6053449051947
11.0864087301587,1.279283461303,0.901844479973391,4.98463829468685,48.6065484694906
11.0865079365079,1.27954746859809,0.9019964705931,4.98225451077255,48.60775195732
11.0866071428571,1.27981086837055,0.902148507753373,4.97987186702333,48.6089553684813
11.0867063492063,1.28007366144171,0.902300591224833,4.97749036289704,48.610158702773
11.0868055555556,1.28033584863241,0.90245272077824,4.97510999785177,48.6113619599939
11.0869047619048,1.28059743076306,0.902604896184499,4.97273077134583,48.6125651399426
11.087003968254,1.28085840865359,0.902757117214656,4.97035268283776,48.6137682424181
11.0871031746032,1.28111878312351,0.9029093836399,4.96797573178627,48.6149712672195
11.0872023809524,1.28137855499182,0.903061695231557,4.96559991765041,48.6161742141459
11.0873015873016,1.2816377250771,0.903214051761101,4.96322523988934,48.6173770829966
11.0874007936508,1.28189629419748,0.903366453000145,4.96085169796249,48.6185798735712
11.0875,1.28215426317059,0.903518898720442,4.95847929132951,48.6197825856691
11.0875992063492,1.28241163281365,0.903671388693892,4.95610801945025,48.6209852190902
11.0876984126984,1.28266840394339,0.90382392269253,4.95373788178481,48.6221877736342
11.0877976190476,1.2829245773761,0.90397650048854,4.95136887779351,48.6233902491011
11.0878968253968,1.28318015392761,0.904129121854241,4.94900100693687,48.624592645291
11.087996031746,1.28343513441328,0.904281786562099,4.94663426867566,48.6257949620043
11.0880952380952,1.28368951964804,0.904434494384719,4.94426866247085,48.6269971990412
11.0881944444444,1.28394331044634,0.90458724509485,4.94190418778365,48.6281993562023
11.0882936507937,1.28419650762217,0.904740038465379,4.93954084407549,48.6294014332882
11.0883928571429,1.28444911198908,0.90489287426934,4.93717863080801,48.6306034300997
11.0884920634921,1.28470112436016,0.905045752279904,4.93481754744308,48.6318053464377
11.0885912698413,1.28495254554803,0.905198672270389,4.93245759344276,48.6330071821032
11.0886904761905,1.28520337636486,0.905351634014247,4.93009876826944,48.6342089368975
11.0887896825397,1.28545361762237,0.905504637285079,4.92774107138562,48.6354106106217
11.0888888888889,1.28570327013181,0.905657681856625,4.92538450225406,48.6366122030774
11.0889880952381,1.28595233470398,0.905810767502768,4.92302906033774,48.6378137140661
11.0890873015873,1.28620081214922,0.905963893997531,4.92067474509988,48.6390151433896
11.0891865079365,1.28644870327742,0.90611706111508,4.91832155600389,48.6402164908496
11.0892857142857,1.28669600889801,0.906270268629723,4.91596949251343,48.6414177562481
11.0893849206349,1.28694272981995,0.906423516315909,4.91361855409238,48.6426189393873
11.0894841269841,1.28718886685176,0.906576803948229,4.91126874020484,48.6438200400693
11.0895833333333,1.2874344208015,0.906730131301417,4.90892005031511,48.6450210580965
11.0896825396825,1.28767939247676,0.906883498150347,4.90657248388774,48.6462219932714
11.0897817460317,1.28792378268469,0.907036904270035,4.9042260403875,48.6474228453967
11.089880952381,1.28816759223196,0.907190349435641,4.90188071927938,48.6486236142751
11.0899801587302,1.28841082192482,0.907343833422465,4.89953652002857,48.6498242997095
11.0900793650794,1.28865347256903,0.90749735600595,4.89719344210049,48.6510249015029
11.0901785714286,1.28889554496989,0.907650916961677,4.89485148496085,48.6522254194585
11.0902777777778,1.28913703993228,0.907804516065373,4.8925106480755,48.6534258533795
11.090376984127,1.28937795826058,0.907958153092906,4.89017093091053,48.6546262030695
11.0904761904762,1.28961830075874,0.908111827820285,4.88783233293226,48.6558264683319
11.0905753968254,1.28985806823024,0.908265540023661,4.88549485360726,48.6570266489705
11.0906746031746,1.29009726147811,0.908419289479327,4.88315849240227,48.658226744789
11.0907738095238,1.29033588130492,0.908573075963719,4.88082324878429,48.6594267555915
11.090873015873,1.29057392851279,0.908726899253412,4.87848912222054,48.6606266811819
11.0909722222222,1.29081140390336,0.908880759125126,4.87615611217844,48.6618265213646
11.0910714285714,1.29104830827784,0.909034655355719,4.87382421812566,48.6630262759439
11.0911706349206,1.29128464243697,0.909188587722195,4.87149343953007,48.6642259447242
11.0912698412698,1.29152040718103,0.909342556001697,4.86916377585979,48.6654255275102
11.091369047619,1.29175560330986,0.909496559971511,4.86683522658313,48.6666250241066
11.0914682539683,1.29199023162281,0.909650599409064,4.86450779116864,48.6678244343183
11.0915674603175,1.29222429291882,0.909804674091928,4.86218146908506,48.6690237579503
11.0916666666667,1.29245778799632,0.909958783797809,4.85985625980146,48.6702229948078
11.0917658730159,1.29269071765331,0.910112928304563,4.857532162787,48.671422144696
11.0918650793651,1.29292308268735,0.910267107390184,4.85520917751114,48.6726212074204
11.0919642857143,1.29315488389551,0.910421320832809,4.85288730344352,48.6738201827864
11.0920634920635,1.29338612207442,0.910575568410716,4.85056654005404,48.6750190705999
11.0921626984127,1.29361679802025,0.910729849902325,4.84824688681281,48.6762178706665
11.0922619047619,1.29384691252871,0.910884165086199,4.84592834319014,48.6774165827922
11.0923611111111,1.29407646639507,0.91103851374104,4.8436109086566,48.6786152067831
11.0924603174603,1.29430546041411,0.911192895645695,4.84129458268295,48.6798137424454
11.0925595238095,1.29453389538018,0.911347310579152,4.83897936474019,48.6810121895855
11.0926587301587,1.29476177208716,0.911501758320538,4.83666525429955,48.6822105480097
11.0927579365079,1.29498909132848,0.911656238649126,4.83435225083245,48.6834088175248
11.0928571428571,1.29521585389711,0.911810751344329,4.83204035381058,48.6846069979373
11.0929563492063,1.29544206058556,0.911965296185699,4.8297295627058,48.6858050890543
11.0930555555556,1.2956677121859,0.912119872952938,4.82741987699021,48.6870030906828
11.0931547619048,1.29589280948971,0.912274481425878,4.8251112961362,48.6882010026297
11.093253968254,1.29611735328813,0.912429121384501,4.82280381961628,48.6893988247024
11.0933531746032,1.29634134437185,0.91258379260893,4.82049744690324,48.6905965567084
11.0934523809524,1.2965647835311,0.912738494879429,4.81819217747008,48.6917941984551
11.0935515873016,1.29678767155565,0.912893227976402,4.81588801079002,48.6929917497501
11.0936507936508,1.29701000923481,0.913047991680397,4.8135849463365,48.6941892104014
11.09375,1.29723179735744,0.913202785772104,4.81128298358318,48.6953865802168
11.0938492063492,1.29745303671193,0.913357610032353,4.80898212200398,48.6965838590043
11.0939484126984,1.29767372808622,0.913512464242118,4.80668236107298,48.6977810465722
11.0940476190476,1.2978938722678,0.913667348182512,4.80438370026453,48.6989781427288
11.0941468253968,1.29811347004369,0.913822261634792,4.80208613905319,48.7001751472826
11.094246031746,1.29833252220047,0.913977204380356,4.79978967691374,48.7013720600421
11.0943452380952,1.29855102952425,0.914132176200745,4.79749431332117,48.702568880816
11.0944444444444,1.29876899280067,0.91428717687764,4.79520004775072,48.7037656094133
11.0945436507937,1.29898641281496,0.914442206192868,4.7929068796778,48.7049622456429
11.0946428571429,1.29920329035182,0.914597263928388,4.79061480857815,48.7061587893139
11.0947420634921,1.29941962619557,0.914752349866311,4.78832383392762,48.7073552402356
11.0948412698413,1.29963542113001,0.914907463788886,4.78603395520234,48.7085515982173
11.0949404761905,1.29985067593852,0.915062605478504,4.78374517187864,48.7097478630686
11.0950396825397,1.30006539140402,0.915217774717697,4.78145748343308,48.7109440345991
11.0951388888889,1.30027956830896,0.91537297128914,4.77917088934244,48.7121401126186
11.0952380952381,1.30049320743533,0.91552819497565,4.77688538908374,48.713336096937
11.0953373015873,1.30070630956467,0.915683445560184,4.7746009821342,48.7145319873644
11.0954365079365,1.30091887547808,0.915838722825842,4.77231766797127,48.7157277837109
11.0955357142857,1.30113090595617,0.915994026555867,4.77003544607263,48.7169234857869
11.0956349206349,1.30134240177912,0.916149356533641,4.76775431591616,48.7181190934028
11.0957341269841,1.30155336372663,0.916304712542691,4.76547427698,48.7193146063691
11.0958333333333,1.30176379257797,0.916460094366683,4.76319532874249,48.7205100244967
11.0959325396825,1.30197368911193,0.916615501789427,4.76091747068217,48.7217053475962
11.0960317460317,1.30218305410685,0.916770934594876,4.75864070227783,48.7229005754788
11.096130952381,1.30239188834062,0.916926392567117,4.75636502300851,48.7240957079555
11.0962301587302,1.30260019259065,0.917081875490388,4.75409043235343,48.7252907448375
11.0963293650794,1.30280796763393,0.917237383149065,4.75181692979204,48.7264856859362
11.0964285714286,1.30301521424695,0.917392915327666,4.74954451480402,48.7276805310631
11.0965277777778,1.30322193320578,0.91754847181085,4.74727318686927,48.7288752800299
11.096626984127,1.30342812528602,0.917704052383421,4.7450029454679,48.7300699326483
11.0967261904762,1.3036337912628,0.91785965683032,4.74273379008027,48.7312644887302
11.0968253968254,1.30383893191081,0.918015284936634,4.74046572018693,48.7324589480876
11.0969246031746,1.30404354800427,0.91817093648759,4.73819873526869,48.7336533105328
11.0970238095238,1.30424764031696,0.918326611268556,4.73593283480655,48.734847575878
11.097123015873,1.30445120962218,0.918482309065044,4.73366801828175,48.7360417439357
11.0972222222222,1.30465425669279,0.918638029662706,4.73140428517575,48.7372358145183
11.0973214285714,1.30485678230118,0.918793772847337,4.72914163497023,48.7384297874387
11.0974206349206,1.30505878721931,0.918949538404872,4.72688006714708,48.7396236625096
11.0975198412698,1.30526027221864,0.919105326121392,4.72461958118841,48.740817439544
11.097619047619,1.30546123807021,0.919261135783113,4.72236017657662,48.7420111183549
11.0977182539683,1.30566168554459,0.919416967176398,4.72010185279425,48.7432046987557
11.0978174603175,1.30586161541188,0.91957282008775,4.71784460932411,48.7443981805596
11.0979166666667,1.30606102844175,0.919728694303816,4.71558844564919,48.7455915635803
11.0980158730159,1.30625992540338,0.919884589611382,4.71333336125275,48.7467848476311
11.0981150793651,1.30645830706552,0.920040505797378,4.71107935561824,48.7479780325261
11.0982142857143,1.30665617419646,0.920196442648873,4.70882642822934,48.7491711180789
11.0983134920635,1.30685352756401,0.92035239995308,4.70657457856997,48.7503641041037
11.0984126984127,1.30705036793555,0.920508377497354,4.70432380612425,48.7515569904146
11.0985119047619,1.30724669607799,0.920664375069192,4.70207411037653,48.7527497768259
11.0986111111111,1.30744251275778,0.92082039245623,4.69982549081138,48.7539424631519
11.0987103174603,1.30763781874092,0.920976429446249,4.69757794691361,48.7551350492074
11.0988095238095,1.30783261479295,0.92113248582717,4.69533147816823,48.7563275348068
11.0989087301587,1.30802690167895,0.921288561387058,4.69308608406048,48.7575199197651
11.0990079365079,1.30822068016355,0.921444655914118,4.6908417640758,48.7587122038972
11.0991071428571,1.30841395101092,0.921600769196694,4.68859851769993,48.7599043870181
11.0992063492063,1.30860671498477,0.921756901023277,4.68635634441875,48.7610964689432
11.0993055555556,1.30879897284835,0.921913051182498,4.6841152437184,48.7622884494876
11.0994047619048,1.30899072536446,0.922069219463129,4.68187521508523,48.763480328467
11.099503968254,1.30918197329544,0.922225405654085,4.67963625800582,48.7646721056969
11.0996031746032,1.30937271740317,0.922381609544421,4.67739837196696,48.765863780993
11.0997023809524,1.30956295844909,0.922537830923335,4.67516155645568,48.7670553541713
11.0998015873016,1.30975269719414,0.922694069580168,4.67292581095923,48.7682468250477
11.0999007936508,1.30994193439886,0.9228503253044,4.67069113496506,48.7694381934384
11.1,1.31013067082329,0.923006597885655,4.66845752796088,48.7706294591596
11.1000992063492,1.31031890722702,0.923162887113699,4.66622498943459,48.7718206220278
11.1001984126984,1.31050664436921,0.923319192778438,4.66399351887433,48.7730116818595
11.1002976190476,1.31069388300853,0.923475514669921,4.66176311576845,48.7742026384713
11.1003968253968,1.3108806239032,0.923631852578339,4.65953377960554,48.7753934916801
11.100496031746,1.31106686781101,0.923788206294026,4.65730550987437,48.7765842413028
11.1005952380952,1.31125261548924,0.923944575607453,4.65507830606403,48.7777748871564
11.1006944444444,1.31143786769477,0.924100960309237,4.65285216766373,48.7789654290582
11.1007936507937,1.31162262518398,0.924257360190136,4.65062709416294,48.7801558668255
11.1008928571429,1.31180688871283,0.92441377504105,4.64840308505136,48.7813462002757
11.1009920634921,1.31199065903678,0.924570204653021,4.6461801398189,48.7825364292265
11.1010912698413,1.31217393691086,0.924726648817231,4.6439582579557,48.7837265534956
11.1011904761905,1.31235672308965,0.924883107325007,4.64173743895213,48.7849165729008
11.1012896825397,1.31253901832725,0.925039579967814,4.63951768229876,48.7861064872601
11.1013888888889,1.31272082337733,0.925196066537262,4.6372989874864,48.7872962963917
11.1014880952381,1.31290213899306,0.925352566825101,4.63508135400608,48.7884860001138
11.1015873015873,1.3130829659272,0.925509080623223,4.63286478134906,48.7896755982448
11.1016865079365,1.31326330493203,0.925665607723664,4.63064926900679,48.7908650906032
11.1017857142857,1.31344315675936,0.925822147918598,4.628434816471,48.7920544770078
11.1018849206349,1.31362252216058,0.925978701000343,4.62622142323358,48.7932437572772
11.1019841269841,1.31380140188659,0.926135266761362,4.62400908878665,48.7944329312304
11.1020833333333,1.31397979668785,0.926291844994251,4.62179781262264,48.7956219986864
11.1021825396825,1.31415770731434,0.926448435491756,4.61958759423411,48.7968109594645
11.1022817460317,1.31433513451562,0.926605038046762,4.61737843311386,48.7979998133839
11.102380952381,1.31451207904075,0.926761652452295,4.61517032875492,48.7991885602642
11.1024801587302,1.31468854163838,0.926918278501526,4.61296328065055,48.8003771999248
11.1025793650794,1.31486452305666,0.927074915987762,4.61075728829423,48.8015657321855
11.1026785714286,1.3150400240433,0.927231564704459,4.60855235117965,48.8027541568662
11.1027777777778,1.31521504534557,0.927388224445208,4.60634846880074,48.8039424737868
11.102876984127,1.31538958771026,0.927544895003747,4.60414564065165,48.8051306827674
11.1029761904762,1.31556365188369,0.927701576173953,4.60194386622673,48.8063187836283
11.1030753968254,1.31573723861177,0.927858267749846,4.59974314502059,48.8075067761899
11.1031746031746,1.31591034863991,0.928014969525587,4.59754347652802,48.8086946602727
11.1032738095238,1.31608298271308,0.928171681295478,4.59534486024408,48.8098824356972
11.103373015873,1.31625514157579,0.928328402853966,4.59314729566401,48.8110701022844
11.1034722222222,1.3164268259721,0.928485133995639,4.59095078228327,48.8122576598551
11.1035714285714,1.3165980366456,0.928641874515222,4.58875531959762,48.8134451082303
11.1036706349206,1.31676877433943,0.928798624207587,4.58656090710295,48.8146324472312
11.1037698412698,1.31693903979626,0.928955382867746,4.58436754429542,48.8158196766791
11.103869047619,1.31710883375834,0.929112150290853,4.58217523067138,48.8170067963955
11.1039682539683,1.31727815696742,0.929268926272205,4.57998396572745,48.8181938062019
11.1040674603175,1.31744701016482,0.929425710607238,4.57779374896042,48.8193807059201
11.1041666666667,1.31761539409138,0.929582503091533,4.57560457986735,48.8205674953717
11.1042658730159,1.31778330948751,0.929739303520811,4.57341645794549,48.821754174379
11.1043650793651,1.31795075709314,0.929896111690935,4.57122938269232,48.8229407427638
11.1044642857143,1.31811773764776,0.930052927397909,4.56904335360555,48.8241272003485
11.1045634920635,1.31828425189039,0.930209750437882,4.56685837018312,48.8253135469554
11.1046626984127,1.31845030055959,0.93036658060714,4.56467443192316,48.8264997824071
11.1047619047619,1.31861588439348,0.930523417702115,4.56249153832406,48.8276859065261
11.1048611111111,1.31878100412972,0.930680261519378,4.56030968888441,48.8288719191352
11.1049603174603,1.31894566050549,0.930837111855647,4.558128883103,48.8300578200573
11.1050595238095,1.31910985425754,0.930993968507772,4.55594912047894,48.8312436091154
11.1051587301587,1.31927358612214,0.931150831272753,4.55377040051144,48.8324292861328
11.1052579365079,1.31943685683513,0.931307699947729,4.55159272270002,48.8336148509326
11.1053571428571,1.31959966713187,0.931464574329983,4.54941608654436,48.8348003033383
11.1054563492063,1.31976201774727,0.931621454216936,4.54724049154441,48.8359856431735
11.1055555555556,1.31992390941578,0.931778339406155,4.54506593720031,48.8371708702618
11.1056547619048,1.3200853428714,0.931935229695344,4.54289242301245,48.8383559844271
11.105753968254,1.32024631884766,0.932092124882354,4.54071994848143,48.8395409854934
11.1058531746032,1.32040683807766,0.932249024765175,4.53854851310807,48.8407258732846
11.1059523809524,1.32056690129401,0.932405929141937,4.5363781163934,48.8419106476251
11.1060515873016,1.32072650922888,0.932562837810917,4.53420875783871,48.8430953083392
11.1061507936508,1.32088566261398,0.932719750570528,4.53204043694548,48.8442798552513
11.10625,1.32104436218056,0.932876667219329,4.52987315321541,48.8454642881861
11.1063492063492,1.32120260865943,0.933033587556019,4.52770690615046,48.8466486069684
11.1064484126984,1.32136040278091,0.933190511379442,4.52554169525274,48.8478328114229
11.1065476190476,1.3215177452749,0.933347438488576,4.5233775200247,48.8490169013748
11.1066468253968,1.3216746368708,0.933504368682548,4.5212143799689,48.8502008766492
11.106746031746,1.3218310782976,0.933661301760625,4.51905227458818,48.8513847370713
11.1068452380952,1.3219870702838,0.933818237522215,4.51689120338558,48.8525684824666
11.1069444444444,1.32214261355746,0.933975175766869,4.51473116586437,48.8537521126605
11.1070436507937,1.32229770884616,0.934132116294278,4.51257216152805,48.8549356274789
11.1071428571429,1.32245235687705,0.934289058904277,4.51041418988033,48.8561190267474
11.1072420634921,1.32260655837681,0.934446003396841,4.50825725042515,48.8573023102921
11.1073412698413,1.32276031407166,0.934602949572088,4.50610134266666,48.858485477939
11.1074404761905,1.32291362468738,0.934759897230276,4.50394646610927,48.8596685295142
11.1075396825397,1.32306649094926,0.934916846171808,4.50179262025756,48.8608514648443
11.1076388888889,1.32321891358217,0.935073796197226,4.49963980461637,48.8620342837555
11.1077380952381,1.32337089331049,0.935230747107215,4.49748801869076,48.8632169860746
11.1078373015873,1.32352243085818,0.935387698702601,4.49533726198598,48.8643995716282
11.1079365079365,1.3236735269487,0.935544650784355,4.49318753400752,48.8655820402432
11.1080357142857,1.32382418230508,0.935701603153583,4.49103883426115,48.8667643917467
11.1081349206349,1.32397439764989,0.935858555611539,4.48889116225277,48.8679466259657
11.1082341269841,1.32412417370524,0.936015507959617,4.48674451748856,48.8691287427275
11.1083333333333,1.32427351119279,0.936172459999353,4.48459889947491,48.8703107418596
11.1084325396825,1.32442241083371,0.936329411532423,4.48245430771841,48.8714926231894
11.1085317460317,1.32457087334877,0.936486362360648,4.48031074172591,48.8726743865446
11.108630952381,1.32471889945822,0.936643312285987,4.47816820100446,48.873856031753
11.1087301587302,1.32486648988191,0.936800261110546,4.47602668506133,48.8750375586425
11.1088293650794,1.3250136453392,0.936957208636567,4.47388619340402,48.8762189670413
11.1089285714286,1.32516036654899,0.937114154666437,4.47174672554026,48.8774002567774
11.1090277777778,1.32530665422973,0.937271099002685,4.46960828097799,48.8785814276792
11.109126984127,1.32545250909944,0.937428041447981,4.46747085922538,48.8797624795752
11.1092261904762,1.32559793187563,0.937584981805137,4.46533445979082,48.880943412294
11.1093253968254,1.3257429232754,0.937741919877106,4.46319908218292,48.8821242256642
11.1094246031746,1.32588748401536,0.937898855466987,4.46106472591049,48.8833049195148
11.1095238095238,1.32603161481169,0.938055788378013,4.45893139048264,48.8844854936747
11.109623015873,1.32617531638008,0.938212718413563,4.45679907540863,48.885665947973
11.1097222222222,1.32631858943581,0.938369645377161,4.45466778019795,48.8868462822391
11.1098214285714,1.32646143469365,0.938526569072469,4.45253750436033,48.8880264963022
11.1099206349206,1.32660385286795,0.93868348930329,4.45040824740573,48.8892065899919
11.1100198412698,1.32674584467259,0.938840405873573,4.44828000884431,48.8903865631378
11.110119047619,1.32688741082099,0.938997318587404,4.44615278818646,48.8915664155697
11.1102182539683,1.32702855202612,0.939154227249014,4.4440265849428,48.8927461471176
11.1103174603175,1.32716926900048,0.939311131662776,4.44190139862417,48.8939257576115
11.1104166666667,1.32730956245614,0.939468031633202,4.43977722874163,48.8951052468816
11.1105158730159,1.32744943310468,0.939624926964948,4.43765407480646,48.8962846147581
11.1106150793651,1.32758888165724,0.939781817462812,4.43553193633017,48.8974638610715
11.1107142857143,1.32772790882451,0.939938702931733,4.43341081282449,48.8986429856525
11.1108134920635,1.32786651531671,0.940095583176791,4.43129070380137,48.8998219883316
11.1109126984127,1.3280047018436,0.940252458003211,4.42917160877295,48.9010008689398
11.1110119047619,1.32814246911449,0.940409327216355,4.42705352725169,48.902179627308
11.1111111111111,1.32827981783823,0.94056619062173,4.42493645875017,48.9033582632673
11.1112103174603,1.32841674872322,0.940723048024984,4.42282040278125,48.904536776649
11.1113095238095,1.3285532624774,0.940879899231908,4.42070535885798,48.9057151672845
11.1114087301587,1.32868935980825,0.941036744048434,4.41859132649365,48.9068934350051
11.1115079365079,1.32882504142279,0.941193582280635,4.41647830520178,48.9080715796427
11.1116071428571,1.32896030802759,0.941350413734726,4.41436629449608,48.9092496010289
11.1117063492063,1.32909516032875,0.941507238217065,4.41225529389052,48.9104274989956
11.1118055555556,1.32922959903193,0.941664055534151,4.41014530289927,48.9116052733749
11.1119047619048,1.32936362484232,0.941820865492625,4.40803632103674,48.912782923999
11.112003968254,1.32949723846466,0.941977667899269,4.40592834781754,48.9139604507001
11.1121031746032,1.32963044060323,0.942134462561008,4.40382138275652,48.9151378533107
11.1122023809524,1.32976323196186,0.942291249284909,4.40171542536875,48.9163151316633
11.1123015873016,1.32989561324391,0.942448027878179,4.39961047516952,48.9174922855907
11.1124007936508,1.33002758515228,0.942604798148171,4.3975065316743,48.9186693149256
11.1125,1.33015914838944,0.942761559902372,4.3954035943989,48.919846219501
11.1125992063492,1.33029030365737,0.942918312948418,4.39330166285925,48.9210229991501
11.1126984126984,1.33042105165761,0.943075057094085,4.39120073657151,48.922199653706
11.1127976190476,1.33055139309125,0.943231792147288,4.3891008150521,48.923376183002
11.1128968253968,1.3306813286589,0.943388517916089,4.38700189781765,48.9245525868718
11.112996031746,1.33081085906073,0.943545234208686,4.38490398438499,48.9257288651489
11.1130952380952,1.33093998499646,0.943701940833424,4.3828070742712,48.9269050176671
11.1131944444444,1.33106870716532,0.943858637598786,4.38071116699358,48.9280810442602
11.1132936507937,1.33119702626612,0.944015324313399,4.37861626206963,48.9292569447623
11.1133928571429,1.3313249429972,0.94417200078603,4.3765223590171,48.9304327190075
11.1134920634921,1.33145245805643,0.94432866682559,4.37442945735395,48.9316083668301
11.1135912698413,1.33157957214123,0.944485322241131,4.37233755659836,48.9327838880645
11.1136904761905,1.33170628594858,0.944641966841846,4.37024665626874,48.9339592825454
11.1137896825397,1.33183260017498,0.94479860043707,4.36815675588371,48.9351345501073
11.1138888888889,1.33195851551649,0.944955222836283,4.3660678549621,48.9363096905851
11.1139880952381,1.33208403266869,0.945111833849099,4.36397995302304,48.9374847038137
11.1140873015873,1.33220915232672,0.945268433285281,4.36189304958581,48.9386595896282
11.1141865079365,1.33233387518527,0.945425020954732,4.3598071441699,48.9398343478638
11.1142857142857,1.33245820193856,0.945581596667497,4.35772223629508,48.9410089783559
11.1143849206349,1.33258213328035,0.94573816023376,4.35563832548129,48.9421834809399
11.1144841269841,1.33270566990395,0.945894711463852,4.35355541124874,48.9433578554515
11.1145833333333,1.33282881250221,0.94605125016824,4.35147349311783,48.9445321017263
11.1146825396825,1.33295156176753,0.946207776157537,4.34939257060918,48.9457062196004
11.1147817460317,1.33307391839184,0.946364289242497,4.34731264324366,48.9468802089095
11.114880952381,1.33319588306663,0.946520789234015,4.34523371054234,48.9480540694901
11.1149801587302,1.33331745648291,0.946677275943127,4.34315577202652,48.9492278011782
11.1150793650794,1.33343863933125,0.946833749181014,4.34107882721773,48.9504014038102
11.1151785714286,1.33355943230177,0.946990208758994,4.33900287563771,48.9515748772228
11.1152777777778,1.3336798360841,0.947146654488532,4.33692791680842,48.9527482212526
11.115376984127,1.33379985136746,0.947303086181233,4.33485395025202,48.9539214357365
11.1154761904762,1.33391947884056,0.947459503648839,4.332780975491,48.9550945205112
11.1155753968254,1.3340387191917,0.947615906703241,4.33070899204795,48.9562674754139
11.1156746031746,1.33415757310869,0.947772295156468,4.32863799944572,48.9574403002818
11.1157738095238,1.3342760412789,0.947928668820692,4.32656799720741,48.9586129949523
11.115873015873,1.33439412438923,0.948085027508226,4.32449898485632,48.9597855592627
11.1159722222222,1.33451182312615,0.948241371031526,4.32243096191596,48.9609579930508
11.1160714285714,1.33462913817564,0.948397699203188,4.32036392791009,48.9621302961541
11.1161706349206,1.33474607022324,0.948554011835952,4.31829788236268,48.9633024684106
11.1162698412698,1.33486261995403,0.948710308742697,4.31623282479792,48.9644745096583
11.116369047619,1.33497878805264,0.948866589736447,4.31416875474023,48.9656464197353
11.1164682539683,1.33509457520322,0.949022854630366,4.31210567171424,48.9668181984799
11.1165674603175,1.33520998208948,0.949179103237759,4.31004357524482,48.9679898457304
11.1166666666667,1.33532500939468,0.949335335372076,4.30798246485705,48.9691613613253
11.1167658730159,1.33543965780162,0.949491550846905,4.30592234007623,48.9703327451034
11.1168650793651,1.33555392799261,0.94964774947598,4.30386320042787,48.9715039969035
11.1169642857143,1.33566782064956,0.94980393107317,4.30180504543777,48.9726751165643
11.1170634920635,1.33578133645387,0.949960095452493,4.29974787463189,48.973846103925
11.1171626984127,1.33589447608652,0.950116242428105,4.29769168753641,48.9750169588249
11.1172619047619,1.33600724022801,0.950272371814306,4.29563648367775,48.9761876811031
11.1173611111111,1.33611962955839,0.950428483425535,4.29358226258256,48.9773582705991
11.1174603174603,1.33623164475725,0.950584577076376,4.2915290237777,48.9785287271526
11.1175595238095,1.33634328650374,0.950740652581553,4.28947676679026,48.9796990506032
11.1176587301587,1.33645455547653,0.950896709755931,4.28742549114755,48.9808692407909
11.1177579365079,1.33656545235385,0.951052748414519,4.28537519637709,48.9820392975554
11.1178571428571,1.33667597781345,0.951208768372465,4.28332588200665,48.9832092207371
11.1179563492063,1.33678613253265,0.951364769445063,4.28127754756419,48.9843790101761
11.1180555555556,1.3368959171883,0.951520751447744,4.27923019257793,48.9855486657129
11.1181547619048,1.33700533245679,0.951676714196084,4.27718381657627,48.9867181871878
11.118253968254,1.33711437901405,0.9518326575058,4.27513841908788,48.9878875744416
11.1183531746032,1.33722305753558,0.951988581192753,4.27309399964158,48.9890568273151
11.1184523809524,1.33733136869638,0.952144485072939,4.27105055776652,48.9902259456491
11.1185515873016,1.33743931317102,0.952300368962502,4.26900809299199,48.9913949292846
11.1186507936508,1.33754689163362,0.952456232677727,4.26696660484751,48.992563778063
11.11875,1.33765410475782,0.95261207603504,4.26492609286286,48.9937324918253
11.1188492063492,1.33776095321681,0.952767898851008,4.26288655656801,48.9949010704132
11.1189484126984,1.33786743768334,0.952923700942341,4.26084799549316,48.9960695136682
11.1190476190476,1.33797355882967,0.953079482125891,4.25881040916873,48.997237821432
11.1191468253968,1.33807931732764,0.953235242218651,4.25677379712538,48.9984059935463
11.119246031746,1.3381847138486,0.953390981037755,4.25473815889398,48.9995740298532
11.1193452380952,1.33828974906347,0.953546698400481,4.25270349400562,49.0007419301948
11.1194444444444,1.33839442364269,0.953702394124247,4.25066980199161,49.0019096944133
11.1195436507937,1.33849873825626,0.953858068026614,4.2486370823835,49.0030773223511
11.1196428571429,1.33860269357372,0.954013719925284,4.24660533471304,49.0042448138507
11.1197420634921,1.33870629026414,0.954169349638101,4.24457455851221,49.0054121687546
11.1198412698413,1.33880952899614,0.954324956983054,4.24254475331321,49.0065793869058
11.1199404761905,1.3389124104379,0.954480541778265,4.2405159186485,49.0077464681469
11.1200396825397,1.33901493525711,0.954636103842006,4.23848805405072,49.0089134123212
11.1201388888889,1.33911710412102,0.95479164299269,4.23646115905273,49.0100802192717
11.1202380952381,1.33921891769644,0.954947159048868,4.23443523318764,49.0112468888417
11.1203373015873,1.3393203766497,0.955102651829236,4.23241027598876,49.0124134208747
11.1204365079365,1.33942148164667,0.955258121152631,4.23038628698963,49.0135798152142
11.1205357142857,1.33952223335277,0.955413566838031,4.22836326572403,49.0147460717039
11.1206349206349,1.33962263243298,0.955568988704556,4.22634121172593,49.0159121901876
11.1207341269841,1.3397226795518,0.95572438657147,4.22432012452954,49.0170781705094
11.1208333333333,1.33982237537327,0.955879760258176,4.2223000036693,49.0182440125131
11.1209325396825,1.339921720561,0.956035109584219,4.22028084867986,49.0194097160432
11.1210317460317,1.34002071577811,0.956190434369288,4.21826265909609,49.0205752809439
11.121130952381,1.34011936168729,0.956345734433212,4.21624543445311,49.0217407070597
11.1212301587302,1.34021765895076,0.956501009595963,4.21422917428622,49.0229059942353
11.1213293650794,1.34031560823028,0.956656259677655,4.21221387813095,49.0240711423154
11.1214285714286,1.34041321018716,0.956811484498539,4.21019954552312,49.0252361511448
11.1215277777778,1.34051046548225,0.956966683879014,4.20818617599869,49.0264010205686
11.121626984127,1.34060737477594,0.957121857639619,4.20617376909388,49.0275657504319
11.1217261904762,1.34070393872817,0.957277005601034,4.20416232434511,49.0287303405801
11.1218253968254,1.34080015799842,0.957432127584082,4.20215184128905,49.0298947908584
11.1219246031746,1.3408960332457,0.957587223409725,4.20014231946258,49.0310591011126
11.1220238095238,1.34099156512858,0.95774229289907,4.1981337584028,49.0322232711881
11.122123015873,1.34108675430518,0.957897335873365,4.19612615764703,49.0333873009309
11.1222222222222,1.34118160143313,0.958052352153999,4.19411951673283,49.0345511901869
11.1223214285714,1.34127610716963,0.958207341562503,4.19211383519796,49.0357149388022
11.1224206349206,1.34137027217142,0.958362303920551,4.19010911258042,49.0368785466229
11.1225198412698,1.34146409709478,0.958517239049956,4.18810534841842,49.0380420134954
11.122619047619,1.34155758259552,0.958672146772677,4.1861025422504,49.0392053392662
11.1227182539683,1.34165072932901,0.958827026910811,4.18410069361502,49.0403685237819
11.1228174603175,1.34174353795017,0.9589818792866,4.18209980205114,49.0415315668892
11.1229166666667,1.34183600911342,0.959136703722424,4.18009986709792,49.042694468435
11.1230158730159,1.34192814347278,0.959291500040806,4.17810088829466,49.0438572282662
11.1231150793651,1.34201994168178,0.959446268064415,4.17610286518091,49.0450198462301
11.1232142857143,1.34211140439348,0.959601007616056,4.17410579729644,49.0461823221738
11.1233134920635,1.34220253226053,0.95975571851868,4.17210968418126,49.0473446559449
11.1234126984127,1.34229332593507,0.959910400595377,4.17011452537558,49.0485068473907
11.1235119047619,1.34238378606881,0.960065053669381,4.16812032041983,49.049668896359
11.1236111111111,1.34247391331301,0.960219677564066,4.1661270688547,49.0508308026976
11.1237103174603,1.34256370831846,0.960374272102949,4.16413477022105,49.0519925662544
11.1238095238095,1.34265317173549,0.960528837109688,4.16214342406002,49.0531541868774
11.1239087301587,1.34274230421399,0.960683372408084,4.16015302991291,49.0543156644149
11.1240079365079,1.34283110640336,0.960837877822079,4.15816358732129,49.0554769987152
11.1241071428571,1.34291957895258,0.960992353175756,4.15617509582693,49.0566381896266
11.1242063492063,1.34300772251016,0.961146798293342,4.15418755497184,49.0577992369979
11.1243055555556,1.34309553772413,0.961301212999205,4.15220096429822,49.0589601406778
11.1244047619048,1.3431830252421,0.961455597117852,4.15021532334854,49.0601209005151
11.124503968254,1.3432701857112,0.961609950473934,4.14823063166547,49.0612815163587
11.1246031746032,1.3433570197781,0.961764272892245,4.14624688879189,49.0624419880578
11.1247023809524,1.34344352808904,0.961918564197721,4.14426409427091,49.0636023154617
11.1248015873016,1.34352971128976,0.962072824215436,4.14228224764587,49.0647624984198
11.1249007936508,1.34361557002559,0.962227052770611,4.14030134846032,49.0659225367815
11.125,1.34370110494136,0.962381249688604,4.13832139625804,49.0670824303965
11.1250992063492,1.34378631668147,0.962535414794919,4.13634239058304,49.0682421791146
11.1251984126984,1.34387120588986,0.962689547915198,4.13436433097954,49.0694017827857
11.1252976190476,1.34395577321,0.962843648875227,4.132387216992,49.0705612412598
11.1253968253968,1.34404001928491,0.962997717500935,4.13041104816508,49.0717205543872
11.125496031746,1.34412394475716,0.963151753618389,4.12843582404367,49.0728797220181
11.1255952380952,1.34420755026885,0.963305757053802,4.12646154417288,49.074038744003
11.1256944444444,1.34429083646164,0.963459727633525,4.12448820809807,49.0751976201925
11.1257936507937,1.34437380397671,0.963613665184057,4.12251581536476,49.0763563504373
11.1258928571429,1.3444564534548,0.963767569532028,4.12054436551879,49.0775149345882
11.1259920634921,1.34453878553619,0.96392144050422,4.11857385810614,49.0786733724961
11.1260912698413,1.34462080086069,0.964075277927552,4.11660429267304,49.0798316640123
11.1261904761905,1.34470250006768,0.964229081629087,4.11463566876593,49.0809898089879
11.1262896825397,1.34478388379605,0.964382851436029,4.1126679859315,49.0821478072743
11.1263888888889,1.34486495268426,0.964536587175722,4.11070124371664,49.083305658723
11.1264880952381,1.3449457073703,0.964690288675655,4.10873544166846,49.0844633631857
11.1265873015873,1.3450261484917,0.964843955763455,4.10677057933431,49.085620920514
11.1266865079365,1.34510627668555,0.964997588266896,4.10480665626176,49.08677833056
11.1267857142857,1.34518609258845,0.965151186013888,4.10284367199858,49.0879355931757
11.1268849206349,1.34526559683658,0.965304748832488,4.1008816260928,49.0890927082131
11.1269841269841,1.34534479006564,0.965458276550891,4.09892051809263,49.0902496755247
11.1270833333333,1.34542367291088,0.965611768997435,4.09696034754654,49.0914064949628
11.1271825396825,1.34550224600709,0.965765226000601,4.0950011140032,49.0925631663801
11.1272817460317,1.34558050998861,0.965918647389013,4.0930428170115,49.0937196896291
11.127380952381,1.34565846548931,0.966072032991429,4.09108545612058,49.0948760645628
11.1274801587302,1.34573611314262,0.966225382636759,4.08912903087979,49.096032291034
11.1275793650794,1.34581345358149,0.966378696154048,4.08717354083869,49.097188368896
11.1276785714286,1.34589048743843,0.966531973372487,4.08521898554706,49.0983442980019
11.1277777777778,1.3459672153455,0.966685214121405,4.08326536455492,49.099500078205
11.127876984127,1.34604363793428,0.966838418230277,4.0813126774125,49.1006557093589
11.1279761904762,1.3461197558359,0.966991585528716,4.07936092367027,49.1018111913172
11.1280753968254,1.34619556968106,0.967144715846479,4.07741010287889,49.1029665239337
11.1281746031746,1.34627108009996,0.967297809013463,4.07546021458928,49.1041217070622
11.1282738095238,1.34634628772236,0.96745086485971,4.07351125835256,49.1052767405567
11.128373015873,1.34642119317758,0.967603883215401,4.07156323372008,49.1064316242714
11.1284722222222,1.34649579709447,0.967756863910859,4.0696161402434,49.1075863580606
11.1285714285714,1.34657010010141,0.967909806776549,4.06766997747433,49.1087409417787
11.1286706349206,1.34664410282633,0.968062711643081,4.06572474496488,49.1098953752803
11.1287698412698,1.34671780589673,0.968215578341203,4.06378044226725,49.1110496584201
11.128869047619,1.34679120993961,0.968368406701803,4.06183706893396,49.1122037910527
11.1289682539683,1.34686431558154,0.968521196555916,4.05989462451768,49.1133577730333
11.1290674603175,1.34693712344862,0.968673947734717,4.0579531085713,49.1145116042169
11.1291666666667,1.34700963416651,0.968826660069521,4.05601252064796,49.1156652844587
11.1292658730159,1.34708184836039,0.968979333391786,4.054072860301,49.116818813614
11.1293650793651,1.347153766655,0.969131967533114,4.052134127084,49.1179721915383
11.1294642857143,1.34722538967461,0.969284562325245,4.05019632055075,49.1191254180872
11.1295634920635,1.34729671804305,0.969437117600063,4.04825944025529,49.1202784931166
11.1296626984127,1.34736775194224,0.969589633392862,4.04632348560565,49.121431416694
11.1297619047619,1.34743849052443,0.969742110203189,4.04438845572286,49.1225841893689
11.1298611111111,1.34750893402975,0.969894548019133,4.04245435014565,49.1237368111551
11.1299603174603,1.34757908278357,0.970046946789161,4.04052116844298,49.1248892820249
11.1300595238095,1.34764893711119,0.970199306461739,4.038588910184,49.1260416019507
11.1301587301587,1.34771849733786,0.970351626985333,4.03665757493799,49.1271937709049
11.1302579365079,1.34778776378873,0.970503908308408,4.03472716227437,49.1283457888598
11.1303571428571,1.34785673678891,0.970656150379421,4.0327976717628,49.1294976557878
11.1304563492063,1.34792541666341,0.970808353146835,4.03086910297302,49.1306493716611
11.1305555555556,1.34799380373721,0.970960516559109,4.02894145547496,49.1318009364522
11.1306547619048,1.34806189833518,0.971112640564699,4.02701472883869,49.1329523501333
11.130753968254,1.34812970078215,0.971264725112061,4.02508892263447,49.1341036126768
11.1308531746032,1.34819721140287,0.971416770149648,4.02316403643268,49.135254724055
11.1309523809524,1.34826443052202,0.971568775625914,4.02124006980389,49.1364056842401
11.1310515873016,1.3483313584642,0.971720741489308,4.01931702231883,49.1375564932044
11.1311507936508,1.34839799555397,0.97187266768828,4.01739489354835,49.1387071509203
11.13125,1.3484643421158,0.972024554171278,4.01547368306351,49.1398576573599
11.1313492063492,1.34853039847409,0.972176400886748,4.01355339043549,49.1410080124956
11.1314484126984,1.34859616495317,0.972328207783133,4.01163401523565,49.1421582162995
11.1315476190476,1.34866164187731,0.972479974808877,4.0097155570355,49.143308268744
11.1316468253968,1.34872682957072,0.972631701912421,4.00779801540671,49.1444581698012
11.131746031746,1.34879172835751,0.972783389042207,4.00588138992108,49.1456079194434
11.1318452380952,1.34885633856174,0.972935036146669,4.00396568015066,49.1467575176428
11.1319444444444,1.34892066050741,0.973086643174245,4.00205088566756,49.1479069643716
11.1320436507937,1.34898469451843,0.973238210073371,4.0001370060441,49.149056259602
11.1321428571429,1.34904844091865,0.973389736792479,3.99822404085273,49.1502054033061
11.1322420634921,1.34911190003185,0.973541223280003,3.99631198966608,49.1513543954562
11.1323412698413,1.34917507218176,0.973692669484371,3.99440085205693,49.1525032360244
11.1324404761905,1.349237957692,0.973844075354013,3.99249062759823,49.1536519249829
11.1325396825397,1.34930055688615,0.973995440837355,3.99058131586306,49.1548004623038
11.1326388888889,1.34936287008772,0.974146765882824,3.9886729164247,49.1559488479593
11.1327380952381,1.34942489762014,0.974298050438843,3.98676542885655,49.1570970819215
11.1328373015873,1.34948663980678,0.974449294453835,3.9848588527322,49.1582451641625
11.1329365079365,1.34954809697093,0.97460049787622,3.98295318762538,49.1593930946545
11.1330357142857,1.34960926943583,0.974751660654418,3.98104843310997,49.1605408733695
11.1331349206349,1.34967015752462,0.974902782736846,3.97914458876005,49.1616885002797
11.1332341269841,1.3497307615604,0.975053864071923,3.97724165414978,49.1628359753571
11.1333333333333,1.3497910818662,0.975204904608058,3.97533962885359,49.1639832985738
11.1334325396825,1.34985111876495,0.975355904293667,3.97343851244599,49.1651304699019
11.1335317460317,1.34991087257953,0.975506863077162,3.97153830450166,49.1662774893135
11.133630952381,1.34997034363278,0.975657780906951,3.96963900459544,49.1674243567806
11.1337301587302,1.35002953224741,0.975808657731444,3.96774061230235,49.1685710722752
11.1338293650794,1.35008843874612,0.975959493499046,3.96584312719755,49.1697176357694
11.1339285714286,1.3501470634515,0.976110288158164,3.96394654885635,49.1708640472352
11.1340277777778,1.35020540668608,0.9762610416572,3.96205087685425,49.1720103066446
11.134126984127,1.35026346877234,0.976411753944556,3.96015611076687,49.1731564139697
11.1342261904762,1.35032125003267,0.976562424968632,3.95826225017002,49.1743023691824
11.1343253968254,1.3503787507894,0.976713054677829,3.95636929463966,49.1754481722548
11.1344246031746,1.35043597136478,0.976863643020541,3.9544772437519,49.1765938231587
11.1345238095238,1.35049291208101,0.977014189945166,3.95258609708302,49.1777393218663
11.134623015873,1.3505495732602,0.977164695400097,3.95069585420945,49.1788846683493
11.1347222222222,1.35060595522441,0.977315159333729,3.94880651470776,49.18002986258
11.1348214285714,1.35066205829561,0.977465581694449,3.94691807815475,49.18117490453
11.1349206349206,1.35071788279573,0.977615962430647,3.94503054412731,49.1823197941714
11.1350198412698,1.35077342904659,0.977766301490712,3.9431439122025,49.1834645314762
11.135119047619,1.35082869736998,0.97791659882303,3.94125818195755,49.1846091164162
11.1352182539683,1.3508836880876,0.978066854375985,3.93937335296986,49.1857535489634
11.1353174603175,1.35093840152108,0.978217068097961,3.93748942481696,49.1868978290896
11.1354166666667,1.350992837992,0.978367239937338,3.93560639707655,49.1880419567667
11.1355158730159,1.35104699782184,0.978517369842497,3.93372426932651,49.1891859319667
11.1356150793651,1.35110088133203,0.978667457761816,3.93184304114485,49.1903297546614
11.1357142857143,1.35115448884394,0.978817503643672,3.92996271210976,49.1914734248227
11.1358134920635,1.35120782067885,0.97896750743644,3.92808328179957,49.1926169424224
11.1359126984127,1.35126087715798,0.979117469088493,3.92620474979277,49.1937603074324
11.1360119047619,1.35131365860248,0.979267388548204,3.92432711566804,49.1949035198245
11.1361111111111,1.35136616533344,0.979417265763943,3.92245037900418,49.1960465795705
11.1362103174603,1.35141839767186,0.97956710068408,3.92057453938013,49.1971894866424
11.1363095238095,1.35147035593869,0.979716893256979,3.9186995963751,49.1983322410119
11.1364087301587,1.3515220404548,0.979866643431008,3.91682554956833,49.1994748426507
11.1365079365079,1.351573451541,0.98001635115453,3.91495239853929,49.2006172915307
11.1366071428571,1.35162458951802,0.980166016375909,3.91308014286758,49.2017595876238
11.1367063492063,1.35167545470653,0.980315639043505,3.91120878213297,49.2029017309015
11.1368055555556,1.35172604742712,0.980465219105678,3.90933831591539,49.2040437213359
11.1369047619048,1.35177636800032,0.980614756510785,3.90746874379492,49.2051855588984
11.137003968254,1.3518264167466,0.980764251207183,3.9056000653518,49.2063272435611
11.1371031746032,1.35187619398633,0.980913703143227,3.90373228016644,49.2074687752955
11.1372023809524,1.35192570003984,0.981063112267269,3.90186538781941,49.2086101540735
11.1373015873016,1.35197493522738,0.981212478527661,3.89999938789142,49.2097513798667
11.1374007936508,1.35202389986914,0.981361801872753,3.89813427996335,49.2108924526468
11.1375,1.35207259428521,0.981511082250893,3.89627006361624,49.2120333723857
11.1375992063492,1.35212101879565,0.981660319610429,3.89440673843129,49.2131741390549
11.1376984126984,1.35216917372044,0.981809513899707,3.89254430398982,49.2143147526261
11.1377976190476,1.35221705937946,0.981958665067066,3.89068275987341,49.2154552130711
11.1378968253968,1.35226467609256,0.982107773060852,3.8888221056637,49.2165955203616
11.137996031746,1.35231202417951,0.982256837829405,3.88696234094252,49.217735674469
11.1380952380952,1.35235910396,0.982405859321063,3.88510346529187,49.2188756753653
11.1381944444444,1.35240591575367,0.982554837484164,3.88324547829388,49.2200155230218
11.1382936507937,1.35245245988005,0.982703772267043,3.88138837953089,49.2211552174104
11.1383928571429,1.35249873665866,0.982852663618035,3.87953216858534,49.2222947585027
11.1384920634921,1.3525447464089,0.983001511485473,3.87767684503986,49.2234341462702
11.1385912698413,1.35259048945013,0.983150315817687,3.87582240847725,49.2245733806846
11.1386904761905,1.35263596610163,0.983299076563007,3.87396885848044,49.2257124617174
11.1387896825397,1.35268117668261,0.983447793669761,3.87211619463253,49.2268513893403
11.1388888888889,1.35272612151221,0.983596467086276,3.87026441651679,49.2279901635249
11.1389880952381,1.35277080090952,0.983745096760875,3.86841352371664,49.2291287842426
11.1390873015873,1.35281521519352,0.983893682641882,3.86656351581566,49.2302672514652
11.1391865079365,1.35285936468316,0.984042224677621,3.86471439239755,49.2314055651641
11.1392857142857,1.35290324969731,0.984190722816408,3.86286615304626,49.2325437253109
11.1393849206349,1.35294687055475,0.984339177006563,3.86101879734583,49.2336817318772
11.1394841269841,1.35299022757422,0.984487587196403,3.85917232488047,49.2348195848343
11.1395833333333,1.35303332107438,0.984635953334243,3.85732673523454,49.235957284154
11.1396825396825,1.35307615137382,0.984784275368397,3.85548202799259,49.2370948298077
11.1397817460317,1.35311871879104,0.984932553247178,3.8536382027393,49.2382322217669
11.139880952381,1.35316102364452,0.985080786918896,3.85179525905952,49.239369460003
11.1399801587302,1.35320306625262,0.985228976331859,3.84995319653825,49.2405065444877
11.1400793650794,1.35324484693366,0.985377121434376,3.84811201476067,49.2416434751923
11.1401785714286,1.35328636600589,0.985525222174751,3.8462717133121,49.2427802520883
11.1402777777778,1.35332762378747,0.98567327850129,3.84443229177802,49.2439168751472
11.140376984127,1.35336862059651,0.985821290362296,3.84259374974408,49.2450533443405
11.1404761904762,1.35340935675105,0.985969257706068,3.84075608679607,49.2461896596395
11.1405753968254,1.35344983256905,0.986117180480907,3.83891930251997,49.2473258210157
11.1406746031746,1.35349004836841,0.986265058635113,3.83708339650185,49.2484618284406
11.1407738095238,1.35353000446695,0.986412892116978,3.83524836832805,49.2495976818856
11.140873015873,1.35356970118244,0.9865606808748,3.83341421758498,49.2507333813219
11.1409722222222,1.35360913883257,0.98670842485687,3.83158094385923,49.2518689267212
11.1410714285714,1.35364831773495,0.986856124011481,3.82974854673757,49.2530043180547
11.1411706349206,1.35368723820713,0.987003778286924,3.8279170258069,49.2541395552938
11.1412698412698,1.3537259005666,0.987151387631485,3.82608638065429,49.2552746384099
11.141369047619,1.35376430513077,0.987298951993454,3.82425661086697,49.2564095673743
11.1414682539683,1.35380245221698,0.987446471321114,3.82242771603234,49.2575443421585
11.1415674603175,1.35384034214251,0.98759394556275,3.82059969573795,49.2586789627337
11.1416666666667,1.35387797522455,0.987741374666644,3.81877254957148,49.2598134290713
11.1417658730159,1.35391535178025,0.987888758581077,3.81694627712083,49.2609477411426
11.1418650793651,1.35395247212667,0.988036097254327,3.81512087797399,49.2620818989189
11.1419642857143,1.35398933658081,0.988183390634672,3.81329635171917,49.2632159023716
11.1420634920635,1.3540259454596,0.988330638670389,3.81147269794471,49.2643497514719
11.1421626984127,1.35406229907989,0.988477841309753,3.80964991623907,49.2654834461912
11.1422619047619,1.35409839775848,0.988624998501033,3.80782800619096,49.2666169865007
11.1423611111111,1.35413424181207,0.988772110192503,3.80600696738919,49.2677503723716
11.1424603174603,1.35416983155734,0.988919176332432,3.80418679942273,49.2688836037754
11.1425595238095,1.35420516731084,0.989066196869088,3.8023675018807,49.2700166806831
11.1426587301587,1.35424024938911,0.989213171750738,3.80054907435242,49.271149603066
11.1427579365079,1.35427507810858,0.989360100925646,3.79873151642732,49.2722823708955
11.1428571428571,1.35430965378562,0.989506984342076,3.79691482769503,49.2734149841427
11.1429563492063,1.35434397673654,0.98965382194829,3.79509900774531,49.2745474427788
11.1430555555556,1.35437804727758,0.989800613692548,3.79328405616809,49.2756797467751
11.1431547619048,1.3544118657249,0.989947359523108,3.79146997255346,49.2768118961027
11.143253968254,1.35444543239459,0.990094059388227,3.78965675649167,49.2779438907329
11.1433531746032,1.35447874760269,0.990240713236162,3.78784440757313,49.2790757306368
11.1434523809524,1.35451181166516,0.990387321015165,3.78603292538839,49.2802074157856
11.1435515873016,1.35454462489788,0.99053388267349,3.78422230952818,49.2813389461505
11.1436507936508,1.35457718761667,0.990680398159388,3.78241255958336,49.2824703217027
11.14375,1.35460950013729,0.990826867421106,3.78060367514502,49.2836015424132
11.1438492063492,1.35464156277541,0.990973290406892,3.77879565580433,49.2847326082533
11.1439484126984,1.35467337584666,0.991119667064993,3.77698850115266,49.285863519194
11.1440476190476,1.35470493966656,0.991265997343653,3.77518221078151,49.2869942752064
11.1441468253968,1.3547362545506,0.991412281191115,3.77337678428257,49.2881248762618
11.144246031746,1.35476732081417,0.99155851855562,3.77157222124768,49.2892553223312
11.1443452380952,1.35479813877263,0.991704709385408,3.76976852126881,49.2903856133856
11.1444444444444,1.35482870874122,0.991850853628717,3.76796568393813,49.2915157493962
11.1445436507937,1.35485903103515,0.991996951233784,3.76616370884795,49.2926457303341
11.1446428571429,1.35488910596955,0.992143002148843,3.76436259559073,49.2937755561704
11.1447420634921,1.35491893385947,0.992289006322129,3.76256234375911,49.294905226876
11.1448412698413,1.35494851501991,0.992434963701872,3.76076295294587,49.296034742422
11.1449404761905,1.35497784976578,0.992580874236304,3.75896442274396,49.2971641027796
11.1450396825397,1.35500693841194,0.992726737873653,3.75716675274649,49.2982933079196
11.1451388888889,1.35503578127316,0.992872554562147,3.75536994254669,49.2994223578132
11.1452380952381,1.35506437866416,0.993018324250009,3.75357399173803,49.3005512524314
11.1453373015873,1.35509273089958,0.993164046885465,3.75177889991407,49.3016799917451
11.1454365079365,1.355120838294,0.993309722416736,3.74998466666856,49.3028085757254
11.1455357142857,1.35514870116192,0.993455350792044,3.74819129159538,49.3039370043432
11.1456349206349,1.35517631981777,0.993600931959608,3.7463987742886,49.3050652775696
11.1457341269841,1.35520369457593,0.993746465867646,3.74460711434243,49.3061933953755
11.1458333333333,1.35523082575069,0.993891952464373,3.74281631135126,49.3073213577318
11.1459325396825,1.35525771365627,0.994037391698005,3.7410263649096,49.3084491646096
11.1460317460317,1.35528435860684,0.994182783516754,3.73923727461217,49.3095768159797
11.146130952381,1.35531076091648,0.994328127868831,3.73744904005379,49.3107043118132
11.1462301587302,1.35533692089922,0.994473424702447,3.7356616608295,49.3118316520809
11.1463293650794,1.355362838869,0.994618673965809,3.73387513653445,49.3129588367537
11.1464285714286,1.35538851513971,0.994763875607124,3.73208946676397,49.3140858658026
11.1465277777778,1.35541395002517,0.994909029574598,3.73030465111355,49.3152127391985
11.146626984127,1.3554391438391,0.995054135816435,3.72852068917882,49.3163394569122
11.1467261904762,1.35546409689519,0.995199194280835,3.72673758055562,49.3174660189147
11.1468253968254,1.35548880950704,0.995344204915998,3.72495532483988,49.3185924251767
11.1469246031746,1.35551328198819,0.995489167670124,3.72317392162775,49.3197186756693
11.1470238095238,1.35553751465211,0.99563408249141,3.72139337051548,49.3208447703632
11.147123015873,1.35556150781218,0.995778949328051,3.71961367109953,49.3219707092292
11.1472222222222,1.35558526178174,0.995923768128243,3.71783482297649,49.3230964922383
11.1473214285714,1.35560877687405,0.996068538840176,3.71605682574312,49.3242221193613
11.1474206349206,1.35563205340229,0.996213261412042,3.71427967899633,49.3253475905689
11.1475198412698,1.3556550916796,0.996357935792031,3.7125033823332,49.326472905832
11.147619047619,1.355677892019,0.99650256192833,3.71072793535095,49.3275980651214
11.1477182539683,1.3557004547335,0.996647139769125,3.70895333764699,49.3287230684079
11.1478174603175,1.355722780136,0.996791669262601,3.70717958881886,49.3298479156623
11.1479166666667,1.35574486853934,0.996936150356941,3.70540668846428,49.3309726068553
11.1480158730159,1.35576672025631,0.997080583000327,3.7036346361811,49.3320971419577
11.1481150793651,1.35578833559959,0.997224967140939,3.70186343156733,49.3332215209403
11.1482142857143,1.35580971488184,0.997369302726953,3.70009307422121,49.3343457437738
11.1483134920635,1.35583085841561,0.997513589706548,3.69832356374106,49.335469810429
11.1484126984127,1.3558517665134,0.997657828027897,3.69655489972537,49.3365937208766
11.1485119047619,1.35587243948764,0.997802017639176,3.69478708177282,49.3377174750873
11.1486111111111,1.35589287765069,0.997946158488556,3.69302010948222,49.3388410730319
11.1487103174603,1.35591308131484,0.998090250524207,3.69125398245255,49.339964514681
11.1488095238095,1.3559330507923,0.998234293694298,3.68948870028295,49.3410878000053
11.1489087301587,1.35595278639524,0.998378287946997,3.68772426257272,49.3422109289756
11.1490079365079,1.35597228843573,0.998522233230469,3.68596066892131,49.3433339015625
11.1491071428571,1.35599155722578,0.998666129492879,3.68419791892833,49.3444567177367
11.1492063492063,1.35601059307734,0.998809976682388,3.68243601219357,49.3455793774688
11.1493055555556,1.35602939630227,0.998953774747159,3.68067494831695,49.3467018807295
11.1494047619048,1.3560479672124,0.999097523635349,3.67891472689856,49.3478242274894
11.149503968254,1.35606630611944,0.999241223295118,3.67715534753866,49.3489464177192
11.1496031746032,1.35608441333508,0.999384873674623,3.67539680983762,49.3500684513896
11.1497023809524,1.35610228917089,0.999528474722015,3.67363911339606,49.351190328471
11.1498015873016,1.35611993393842,0.999672026385449,3.67188225781469,49.3523120489342
11.1499007936508,1.35613734794912,0.999815528613077,3.67012624269439,49.3534336127497
11.15,1.35615453151438,0.999958981353049,3.6683710676362,49.3545550198881
11.1500992063492,1.35617148494553,1.00010238455351,3.66661673224132,49.35567627032
11.1501984126984,1.3561882085538,1.00024573816262,3.66486323611112,49.356797364016
11.1502976190476,1.35620470265039,1.0003890421285,3.66311057884712,49.3579183009466
11.1503968253968,1.3562209675464,1.00053229639932,3.66135876005099,49.3590390810824
11.150496031746,1.35623700355288,1.0006755009232,3.65960777932457,49.3601597043939
11.1505952380952,1.35625281098081,1.00081865564829,3.65785763626986,49.3612801708518
11.1506944444444,1.35626839014108,1.00096176052274,3.65610833048901,49.3624004804264
11.1507936507937,1.35628374134454,1.00110481549467,3.65435986158434,49.3635206330883
11.1508928571429,1.35629886490195,1.00124782051222,3.65261222915832,49.3646406288081
11.1509920634921,1.35631376112401,1.00139077552353,3.65086543281357,49.3657604675563
11.1510912698413,1.35632843032134,1.00153368047673,3.64911947215287,49.3668801493032
11.1511904761905,1.3563428728045,1.00167653531995,3.64737434677922,49.3679996740195
11.1512896825397,1.35635708888399,1.00181934000132,3.64563005629569,49.3691190416756
11.1513888888889,1.35637107887023,1.00196209446896,3.64388660030555,49.3702382522419
11.1514880952381,1.35638484307355,1.00210479867101,3.64214397841223,49.371357305689
11.1515873015873,1.35639838180426,1.00224745255559,3.64040219021931,49.3724762019872
11.1516865079365,1.35641169537255,1.00239005607082,3.63866123533053,49.373594941107
11.1517857142857,1.35642478408858,1.00253260916483,3.6369211133498,49.3747135230189
11.1518849206349,1.35643764826241,1.00267511178572,3.63518182388117,49.3758319476932
11.1519841269841,1.35645028820405,1.00281756388163,3.63344336652887,49.3769502151004
11.1520833333333,1.35646270422345,1.00295996540067,3.63170574089727,49.3780683252108
11.1521825396825,1.35647489663045,1.00310231629096,3.62996894659091,49.379186277995
11.1522817460317,1.35648686573487,1.0032446165006,3.62823298321448,49.3803040734232
11.152380952381,1.35649861184642,1.00338686597771,3.62649785037284,49.3814217114658
11.1524801587302,1.35651013527477,1.0035290646704,3.62476354767099,49.3825391920933
11.1525793650794,1.35652143632951,1.00367121252678,3.6230300747141,49.3836565152759
11.1526785714286,1.35653251532016,1.00381330949496,3.62129743110753,49.384773680984
11.1527777777778,1.35654337255616,1.00395535552304,3.61956561645675,49.385890689188
11.152876984127,1.35655400834691,1.00409735055913,3.61783463036742,49.3870075398582
11.1529761904762,1.35656442300171,1.00423929455133,3.61610447244532,49.3881242329649
11.1530753968254,1.3565746168298,1.00438118744774,3.61437514229644,49.3892407684785
11.1531746031746,1.35658459014036,1.00452302919646,3.6126466395269,49.3903571463692
11.1532738095238,1.3565943432425,1.00466481974559,3.61091896374297,49.3914733666073
11.153373015873,1.35660387644525,1.00480655904323,3.6091921145511,49.3925894291632
11.1534722222222,1.35661319005758,1.00494824703746,3.60746609155789,49.3937053340071
11.1535714285714,1.35662228438838,1.00508988367639,3.6057408943701,49.3948210811093
11.1536706349206,1.35663115974649,1.0052314689081,3.60401652259465,49.39593667044
11.1537698412698,1.35663981644066,1.00537300268069,3.60229297583861,49.3970521019695
11.153869047619,1.35664825477957,1.00551448494224,3.60057025370923,49.3981673756681
11.1539682539683,1.35665647507186,1.00565591564085,3.59884835581388,49.399282491506
11.1540674603175,1.35666447762607,1.00579729472459,3.59712728176011,49.4003974494533
11.1541666666667,1.35667226275069,1.00593862214154,3.59540703115568,49.4015122494804
11.1542658730159,1.35667983075412,1.0060798978398,3.59368760360842,49.4026268915575
11.1543650793651,1.35668718194471,1.00622112176745,3.59196899872637,49.4037413756547
11.1544642857143,1.35669431663074,1.00636229387255,3.59025121611772,49.4048557017422
11.1545634920635,1.35670123512041,1.00650341410319,3.58853425539082,49.4059698697902
11.1546626984127,1.35670793772185,1.00664448240745,3.58681811615416,49.4070838797689
11.1547619047619,1.35671442474313,1.0067854987334,3.58510279801642,49.4081977316485
11.1548611111111,1.35672069649226,1.00692646302911,3.58338830058642,49.4093114253991
11.1549603174603,1.35672675327715,1.00706737524265,3.58167462347313,49.4104249609908
11.1550595238095,1.35673259540566,1.0072082353221,3.57996176628571,49.4115383383938
11.1551587301587,1.35673822318559,1.00734904321552,3.57824972863345,49.4126515575783
11.1552579365079,1.35674363692466,1.00748979887098,3.57653851012581,49.4137646185143
11.1553571428571,1.35674883693052,1.00763050223654,3.5748281103724,49.414877521172
11.1554563492063,1.35675382351074,1.00777115326026,3.57311852898301,49.4159902655214
11.1555555555556,1.35675859697284,1.00791175189022,3.57140976556753,49.4171028515328
11.1556547619048,1.35676315762427,1.00805229807446,3.56970181973613,49.418215279176
11.155753968254,1.3567675057724,1.00819279176104,3.56799469109901,49.4193275484213
11.1558531746032,1.35677164172454,1.00833323289804,3.5662883792666,49.4204396592386
11.1559523809524,1.35677556578791,1.00847362143349,3.56458288384946,49.4215516115981
11.1560515873016,1.35677927826969,1.00861395731545,3.56287820445832,49.4226634054698
11.1561507936508,1.35678277947697,1.00875424049198,3.56117434070407,49.4237750408238
11.15625,1.35678606971679,1.00889447091112,3.55947129219775,49.42488651763
11.1563492063492,1.35678914929609,1.00903464852093,3.55776905855058,49.4259978358585
11.1564484126984,1.35679201852178,1.00917477326946,3.55606763937391,49.4271089954794
11.1565476190476,1.35679467770067,1.00931484510474,3.55436703427926,49.4282199964625
11.1566468253968,1.35679712713951,1.00945486397482,3.55266724287832,49.4293308387779
11.156746031746,1.35679936714498,1.00959482982776,3.55096826478293,49.4304415223957
11.1568452380952,1.3568013980237,1.00973474261157,3.54927009960509,49.4315520472857
11.1569444444444,1.35680322008221,1.00987460227432,3.54757274695694,49.432662413418
11.1570436507937,1.35680483362699,1.01001440876403,3.5458762064508,49.4337726207626
11.1571428571429,1.35680623896443,1.01015416202875,3.54418047769917,49.4348826692892
11.1572420634921,1.35680743640088,1.0102938620165,3.54248556031467,49.435992558968
11.1573412698413,1.35680842624261,1.01043350867532,3.54079145391009,49.4371022897688
11.1574404761905,1.3568092087958,1.01057310195324,3.53909815809838,49.4382118616616
11.1575396825397,1.35680978436659,1.0107126417983,3.53740567249265,49.4393212746163
11.1576388888889,1.35681015326103,1.01085212815852,3.53571399670618,49.4404305286028
11.1577380952381,1.35681031578512,1.01099156098192,3.53402313035238,49.441539623591
11.1578373015873,1.35681027224478,1.01113094021654,3.53233307304485,49.4426485595507
11.1579365079365,1.35681002294586,1.0112702658104,3.53064382439733,49.4437573364519
11.1580357142857,1.35680956819413,1.01140953771151,3.52895538402372,49.4448659542645
11.1581349206349,1.35680890829532,1.01154875586791,3.52726775153809,49.4459744129583
11.1582341269841,1.35680804355506,1.01168792022761,3.52558092655466,49.4470827125031
11.1583333333333,1.35680697427894,1.01182703073863,3.52389490868781,49.4481908528689
11.1584325396825,1.35680570077244,1.01196608734898,3.52220969755208,49.4492988340254
11.1585317460317,1.35680422334102,1.01210509000668,3.52052529276214,49.4504066559424
11.158630952381,1.35680254229004,1.01224403865974,3.51884169393289,49.4515143185899
11.1587301587302,1.35680065792479,1.01238293325618,3.51715890067933,49.4526218219375
11.1588293650794,1.35679857055051,1.01252177374399,3.51547691261664,49.4537291659552
11.1589285714286,1.35679628047235,1.0126605600712,3.51379572936014,49.4548363506127
11.1590277777778,1.3567937879954,1.01279929218581,3.51211535052532,49.4559433758797
11.159126984127,1.35679109342468,1.01293797003581,3.51043577572784,49.4570502417261
11.1592261904762,1.35678819706515,1.01307659356923,3.50875700458351,49.4581569481216
11.1593253968254,1.35678509922168,1.01321516273405,3.5070790367083,49.459263495036
11.1594246031746,1.35678180019909,1.01335367747828,3.50540187171832,49.4603698824391
11.1595238095238,1.35677830030213,1.01349213774992,3.50372550922987,49.4614761103005
11.159623015873,1.35677459983546,1.01363054349696,3.50204994885939,49.46258217859
11.1597222222222,1.35677069910369,1.01376889466741,3.50037519022349,49.4636880872773
11.1598214285714,1.35676659841136,1.01390719120924,3.49870123293892,49.4647938363322
11.1599206349206,1.35676229806293,1.01404543307047,3.4970280766226,49.4658994257243
11.1600198412698,1.3567577983628,1.01418362019907,3.4953557208916,49.4670048554234
11.160119047619,1.35675309961531,1.01432175254304,3.4936841653632,49.4681101253991
11.1602182539683,1.3567482021247,1.01445983005036,3.49201340965477,49.4692152356211
11.1603174603175,1.35674310619517,1.01459785266903,3.49034345338386,49.470320186059
11.1604166666667,1.35673781213084,1.01473582034702,3.4886742961682,49.4714249766826
11.1605158730159,1.35673232023576,1.01487373303232,3.48700593762565,49.4725296074615
11.1606150793651,1.35672663081392,1.0150115906729,3.48533837737425,49.4736340783653
11.1607142857143,1.35672074416922,1.01514939321676,3.48367161503218,49.4747383893636
11.1608134920635,1.3567146606055,1.01528714061187,3.4820056502178,49.4758425404262
11.1609126984127,1.35670838042656,1.0154248328062,3.48034048254962,49.4769465315225
11.1610119047619,1.35670190393607,1.01556246974773,3.47867611164629,49.4780503626222
11.1611111111111,1.3566952314377,1.01570005138443,3.47701253712666,49.479154033695
11.1612103174603,1.35668836323499,1.01583757766428,3.4753497586097,49.4802575447103
11.1613095238095,1.35668129963146,1.01597504853525,3.47368777571455,49.4813608956379
11.1614087301587,1.35667404093052,1.0161124639453,3.47202658806053,49.4824640864471
11.1615079365079,1.35666658743553,1.01624982384241,3.47036619526706,49.4835671171077
11.1616071428571,1.35665893944979,1.01638712817453,3.46870659695381,49.4846699875892
11.1617063492063,1.35665109727652,1.01652437688963,3.46704779274054,49.485772697861
11.1618055555556,1.35664306121886,1.01666156993568,3.46538978224718,49.4868752478928
11.1619047619048,1.35663483157991,1.01679870726063,3.46373256509384,49.4879776376541
11.162003968254,1.35662640866267,1.01693578881245,3.46207614090076,49.4890798671143
11.1621031746032,1.35661779277008,1.01707281453909,3.46042050928836,49.4901819362431
11.1622023809524,1.35660898420502,1.01720978438851,3.45876566987721,49.4912838450098
11.1623015873016,1.3565999832703,1.01734669830867,3.45711162228805,49.4923855933841
11.1624007936508,1.35659079026865,1.01748355624751,3.45545836614176,49.4934871813353
11.1625,1.35658140550274,1.01762035815299,3.45380590105939,49.4945886088329
11.1625992063492,1.35657182927517,1.01775710397306,3.45215422666215,49.4956898758465
11.1626984126984,1.35656206188846,1.01789379365566,3.4505033425714,49.4967909823455
11.1627976190476,1.35655210364507,1.01803042714875,3.44885324840868,49.4978919282992
11.1628968253968,1.35654195484739,1.01816700440027,3.44720394379565,49.4989927136773
11.162996031746,1.35653161579775,1.01830352535816,3.44555542835416,49.500093338449
11.1630952380952,1.3565210867984,1.01843998997036,3.44390770170623,49.5011938025838
11.1631944444444,1.35651036815151,1.01857639818482,3.44226076347401,49.5022941060511
11.1632936507937,1.3564994601592,1.01871274994948,3.44061461327982,49.5033942488204
11.1633928571429,1.35648836312352,1.01884904521226,3.43896925074613,49.504494230861
11.1634920634921,1.35647707734643,1.01898528392111,3.43732467549559,49.5055940521422
11.1635912698413,1.35646560312985,1.01912146602397,3.43568088715098,49.5066937126336
11.1636904761905,1.35645394077561,1.01925759146876,3.43403788533526,49.5077932123044
11.1637896825397,1.35644209058547,1.01939366020341,3.43239566967154,49.508892551124
11.1638888888889,1.35643005286114,1.01952967217586,3.4307542397831,49.5099917290618
11.1639880952381,1.35641782790424,1.01966562733403,3.42911359529336,49.511090746087
11.1640873015873,1.35640541601633,1.01980152562585,3.42747373582591,49.5121896021691
11.1641865079365,1.3563928174989,1.01993736699924,3.42583466100451,49.5132882972773
11.1642857142857,1.35638003265338,1.02007315140213,3.42419637045305,49.514386831381
11.1643849206349,1.3563670617811,1.02020887878244,3.42255886379561,49.5154852044495
11.1644841269841,1.35635390518337,1.02034454908808,3.42092214065638,49.5165834164521
11.1645833333333,1.35634056316138,1.02048016226699,3.4192862006598,49.517681467358
11.1646825396825,1.35632703601628,1.02061571826706,3.41765104343038,49.5187793571365
11.1647817460317,1.35631332404915,1.02075121703623,3.41601666859282,49.5198770857569
11.164880952381,1.35629942756099,1.0208866585224,3.41438307577198,49.5209746531885
11.1649801587302,1.35628534685274,1.02102204267349,3.41275026459288,49.5220720594005
11.1650793650794,1.35627108222526,1.0211573694374,3.41111823468069,49.5231693043622
11.1651785714286,1.35625663397936,1.02129263876204,3.40948698566076,49.5242663880428
11.1652777777778,1.35624200241576,1.02142785059533,3.40785651715858,49.5253633104115
11.165376984127,1.35622718783511,1.02156300488516,3.40622682879979,49.5264600714376
11.1654761904762,1.35621219053802,1.02169810157945,3.40459792021022,49.5275566710902
11.1655753968254,1.356197010825,1.02183314062609,3.40296979101583,49.5286531093385
11.1656746031746,1.3561816489965,1.02196812197299,3.40134244084274,49.5297493861518
11.1657738095238,1.3561661053529,1.02210304556805,3.39971586931726,49.5308455014992
11.165873015873,1.35615038019452,1.02223791135916,3.39809007606582,49.5319414553499
11.1659722222222,1.3561344738216,1.02237271929422,3.39646506071502,49.5330372476731
11.1660714285714,1.35611838653432,1.02250746932112,3.39484082289165,49.5341328784378
11.1661706349206,1.35610211863278,1.02264216138776,3.39321736222262,49.5352283476133
11.1662698412698,1.35608567041701,1.02277679544203,3.39159467833501,49.5363236551688
11.166369047619,1.35606904218699,1.02291137143183,3.38997277085607,49.5374188010732
11.1664682539683,1.35605223424261,1.02304588930503,3.38835163941318,49.5385137852958
11.1665674603175,1.35603524688369,1.02318034900952,3.38673128363392,49.5396086078056
11.1666666666667,1.35601808041001,1.0233147504932,3.38511170314599,49.5407032685718
11.1667658730159,1.35600073512125,1.02344909370394,3.38349289757728,49.5417977675635
11.1668650793651,1.35598321131702,1.02358337858963,3.38187486655581,49.5428921047496
11.1669642857143,1.35596550929689,1.02371760509815,3.38025760970979,49.5439862800994
11.1670634920635,1.35594762936033,1.02385177317737,3.37864112666756,49.5450802935819
11.1671626984127,1.35592957180676,1.02398588277518,3.37702541705763,49.546174145166
11.1672619047619,1.35591133693551,1.02411993383945,3.37541048050868,49.547267834821
11.1673611111111,1.35589292504588,1.02425392631806,3.37379631664953,49.5483613625158
11.1674603174603,1.35587433643705,1.02438786015887,3.37218292510915,49.5494547282194
11.1675595238095,1.35585557140816,1.02452173530976,3.37057030551672,49.550547931901
11.1676587301587,1.35583663025829,1.0246555517186,3.36895845750154,49.5516409735293
11.1677579365079,1.35581751328644,1.02478930933325,3.36734738069306,49.5527338530736
11.1678571428571,1.35579822079152,1.02492300810159,3.36573707472091,49.5538265705028
11.1679563492063,1.3557787530724,1.02505664797148,3.36412753921486,49.5549191257858
11.1680555555556,1.35575911042786,1.02519022889078,3.36251877380486,49.5560115188917
11.1681547619048,1.35573929315664,1.02532375080735,3.36091077812101,49.5571037497894
11.168253968254,1.35571930155738,1.02545721366905,3.35930355179357,49.5581958184479
11.1683531746032,1.35569913592866,1.02559061742375,3.35769709445294,49.5592877248361
11.1684523809524,1.35567879656899,1.02572396201929,3.3560914057297,49.560379468923
11.1685515873016,1.35565828377683,1.02585724740354,3.3544864852546,49.5614710506775
11.1686507936508,1.35563759785054,1.02599047352435,3.35288233265852,49.5625624700685
11.16875,1.35561673908843,1.02612364032956,3.35127894757251,49.563653727065
11.1688492063492,1.35559570778874,1.02625674776704,3.34967632962778,49.5647448216358
11.1689484126984,1.35557450424963,1.02638979578464,3.34807447845568,49.5658357537499
11.1690476190476,1.3555531287692,1.02652278433018,3.34647339368778,49.5669265233761
11.1691468253968,1.35553158164548,1.02665571335154,3.34487307495575,49.5680171304834
11.169246031746,1.35550986317643,1.02678858279654,3.34327352189143,49.5691075750405
11.1693452380952,1.35548797365993,1.02692139261303,3.34167473412682,49.5701978570163
11.1694444444444,1.35546591339382,1.02705414274886,3.34007671129409,49.5712879763798
11.1695436507937,1.35544368267584,1.02718683315185,3.33847945302555,49.5723779330998
11.1696428571429,1.35542128180367,1.02731946376986,3.3368829589537,49.573467727145
11.1697420634921,1.35539871107492,1.02745203455072,3.33528722871117,49.5745573584843
11.1698412698413,1.35537597078715,1.02758454544226,3.33369226193075,49.5756468270866
11.1699404761905,1.35535306123782,1.02771699639231,3.3320980582454,49.5767361329206
11.1700396825397,1.35532998272434,1.02784938734872,3.33050461728824,49.5778252759551
11.1701388888889,1.35530673554405,1.0279817182593,3.32891193869254,49.578914256159
11.1702380952381,1.35528331999421,1.02811398907188,3.32732002209174,49.580003073501
11.1703373015873,1.35525973637203,1.0282461997343,3.32572886711942,49.5810917279499
11.1704365079365,1.35523598497462,1.02837835019439,3.32413847340932,49.5821802194745
11.1705357142857,1.35521206609905,1.02851044039995,3.32254884059538,49.5832685480434
11.1706349206349,1.35518798004231,1.02864247029882,3.32095996831166,49.5843567136256
11.1707341269841,1.35516372710132,1.02877443983881,3.31937185619238,49.5854447161896
11.1708333333333,1.35513930757293,1.02890634896775,3.31778450387192,49.5865325557042
11.1709325396825,1.35511472175393,1.02903819763346,3.31619791098483,49.5876202321382
11.1710317460317,1.35508996994102,1.02916998578374,3.31461207716582,49.5887077454603
11.171130952381,1.35506505243086,1.02930171336642,3.31302700204975,49.5897950956391
11.1712301587302,1.35503996952001,1.02943338032931,3.31144268527162,49.5908822826433
11.1713293650794,1.35501472150498,1.02956498662021,3.30985912646664,49.5919693064417
11.1714285714286,1.35498930868221,1.02969653218695,3.30827632527012,49.593056167003
11.1715277777778,1.35496373134806,1.02982801697731,3.30669428131758,49.5941428642957
11.171626984127,1.35493798979884,1.02995944093913,3.30511299424466,49.5952293982885
11.1717261904762,1.35491208433076,1.03009080402019,3.30353246368718,49.5963157689502
11.1718253968254,1.35488601524,1.0302221061683,3.30195268928112,49.5974019762493
11.1719246031746,1.35485978282264,1.03035334733127,3.30037367066258,49.5984880201544
11.1720238095238,1.3548333873747,1.03048452745689,3.29879540746789,49.5995739006343
11.172123015873,1.35480682919213,1.03061564649296,3.2972178993335,49.6006596176574
11.1722222222222,1.35478010857081,1.03074670438729,3.29564114589599,49.6017451711925
11.1723214285714,1.35475322580657,1.03087770108766,3.29406514679215,49.602830561208
11.1724206349206,1.35472618119513,1.03100863654186,3.29248990165889,49.6039157876727
11.1725198412698,1.35469897503218,1.03113951069771,3.29091541013331,49.605000850555
11.172619047619,1.35467160761333,1.03127032350297,3.28934167185264,49.6060857498236
11.1727182539683,1.35464407923411,1.03140107490545,3.28776868645429,49.607170485447
11.1728174603175,1.35461639018998,1.03153176485292,3.28619645357581,49.6082550573937
11.1729166666667,1.35458854077634,1.03166239329319,3.28462497285493,49.6093394656323
11.1730158730159,1.35456053128853,1.03179296017402,3.28305424392953,49.6104237101314
11.1731150793651,1.3545323620218,1.03192346544321,3.28148426643764,49.6115077908594
11.1732142857143,1.35450403327134,1.03205390904854,3.27991504001746,49.6125917077849
11.1733134920635,1.35447554533227,1.03218429093778,3.27834656430735,49.6136754608764
11.1734126984127,1.35444689849965,1.03231461105872,3.27677883894579,49.6147590501024
11.1735119047619,1.35441809306845,1.03244486935912,3.2752118635715,49.6158424754313
11.1736111111111,1.3543891293336,1.03257506578677,3.2736456378233,49.6169257368317
11.1737103174603,1.35436000758993,1.03270520028944,3.27208016134016,49.618008834272
11.1738095238095,1.35433072813221,1.0328352728149,3.27051543376125,49.6190917677207
11.1739087301587,1.35430129125517,1.03296528331093,3.26895145472586,49.6201745371463
11.1740079365079,1.35427169725342,1.03309523172528,3.26738822387346,49.6212571425171
11.1741071428571,1.35424194642154,1.03322511800573,3.26582574084368,49.6223395838017
11.1742063492063,1.35421203905403,1.03335494210005,3.26426400527631,49.6234218609685
11.1743055555556,1.35418197544531,1.03348470395599,3.26270301681128,49.6245039739858
11.1744047619048,1.35415175588974,1.03361440352133,3.26114277508869,49.6255859228221
11.174503968254,1.35412138068162,1.03374404074381,3.25958327974881,49.6266677074458
11.1746031746032,1.35409085011516,1.03387361557121,3.25802453043206,49.6277493278252
11.1747023809524,1.35406016448453,1.03400312795127,3.25646652677901,49.6288307839289
11.1748015873016,1.35402932408379,1.03413257783176,3.25490926843039,49.629912075725
11.1749007936508,1.35399832920696,1.03426196516043,3.25335275502709,49.6309932031821
11.175,1.35396718014799,1.03439128988504,3.25179698621019,49.6320741662685
11.1750992063492,1.35393587720075,1.03452055195332,3.2502419616209,49.6331549649524
11.1751984126984,1.35390442065904,1.03464975131304,3.24868768090058,49.6342355992023
11.1752976190476,1.35387281081661,1.03477888791195,3.24713414369076,49.6353160689865
11.1753968253968,1.35384104796712,1.03490796169778,3.24558134963313,49.6363963742733
11.175496031746,1.35380913240417,1.03503697261829,3.24402929836954,49.637476515031
11.1755952380952,1.35377706442129,1.03516592062121,3.242477989542,49.6385564912279
11.1756944444444,1.35374484431193,1.0352948056543,3.24092742279266,49.6396363028324
11.1757936507937,1.35371247236949,1.03542362766529,3.23937759776386,49.6407159498126
11.1758928571429,1.35367994888728,1.03555238660192,3.23782851409808,49.641795432137
11.1759920634921,1.35364727415857,1.03568108241192,3.23628017143795,49.6428747497736
11.1760912698413,1.35361444847653,1.03580971504304,3.23473256942629,49.6439539026909
11.1761904761905,1.35358147213427,1.03593828444301,3.23318570770604,49.6450328908571
11.1762896825397,1.35354834542484,1.03606679055955,3.23163958592033,49.6461117142403
11.1763888888889,1.35351506864122,1.03619523334041,3.23009420371242,49.6471903728089
11.1764880952381,1.35348164207631,1.03632361273331,3.22854956072577,49.648268866531
11.1765873015873,1.35344806602294,1.03645192868598,3.22700565660396,49.6493471953749
11.1766865079365,1.35341434077388,1.03658018114614,3.22546249099075,49.6504253593088
11.1767857142857,1.35338046662184,1.03670837006152,3.22392006353005,49.6515033583009
11.1768849206349,1.35334644385944,1.03683649537984,3.22237837386593,49.6525811923193
11.1769841269841,1.35331227277924,1.03696455704883,3.22083742164261,49.6536588613323
11.1770833333333,1.35327795367372,1.0370925550162,3.21929720650449,49.654736365308
11.1771825396825,1.35324348683532,1.03722048922968,3.21775772809612,49.6558137042146
11.1772817460317,1.35320887255638,1.03734835963697,3.21621898606219,49.6568908780202
11.177380952381,1.35317411112919,1.0374761661858,3.21468098004757,49.657967886693
11.1774801587302,1.35313920284595,1.03760390882388,3.21314370969729,49.6590447302011
11.1775793650794,1.35310414799882,1.03773158749892,3.21160717465653,49.6601214085127
11.1776785714286,1.35306894687986,1.03785920215864,3.21007137457062,49.6611979215958
11.1777777777778,1.35303359978109,1.03798675275073,3.20853630908507,49.6622742694185
11.177876984127,1.35299810699443,1.03811423922291,3.20700197784552,49.6633504519491
11.1779761904762,1.35296246881177,1.03824166152289,3.20546838049783,49.6644264691555
11.1780753968254,1.35292668552489,1.03836901959836,3.20393551668794,49.6655023210058
11.1781746031746,1.35289075742552,1.03849631339704,3.202403386062,49.6665780074682
11.1782738095238,1.35285468480533,1.03862354286662,3.20087198826629,49.6676535285106
11.178373015873,1.35281846795589,1.0387507079548,3.19934132294727,49.6687288841012
11.1784722222222,1.35278210716875,1.03887780860928,3.19781138975155,49.669804074208
11.1785714285714,1.35274560273534,1.03900484477775,3.19628218832591,49.6708790987989
11.1786706349206,1.35270895494705,1.03913181640792,3.19475371831726,49.6719539578422
11.1787698412698,1.35267216409519,1.03925872344747,3.19322597937269,49.6730286513057
11.178869047619,1.35263523047101,1.0393855658441,3.19169897113946,49.6741031791575
11.1789682539683,1.35259815436568,1.0395123435455,3.19017269326496,49.6751775413655
11.1790674603175,1.3525609360703,1.03963905649935,3.18864714539677,49.6762517378979
11.1791666666667,1.35252357587592,1.03976570465334,3.18712232718259,49.6773257687225
11.1792658730159,1.35248607407351,1.03989228795516,3.18559823827032,49.6783996338074
11.1793650793651,1.35244843095395,1.04001880635249,3.18407487830797,49.6794733331204
11.1794642857143,1.35241064680807,1.04014525979301,3.18255224694379,49.6805468666297
11.1795634920635,1.35237272192665,1.04027164822441,3.1810303438261,49.681620234303
11.1796626984127,1.35233465660036,1.04039797159436,3.17950916860343,49.6826934361084
11.1797619047619,1.35229645111983,1.04052422985054,3.17798872092445,49.6837664720138
11.1798611111111,1.35225810577562,1.04065042294063,3.17646900043799,49.6848393419871
11.1799603174603,1.35221962085819,1.0407765508123,3.17495000679305,49.6859120459962
11.1800595238095,1.35218099665797,1.04090261341322,3.17343173963877,49.6869845840091
11.1801587301587,1.35214223346531,1.04102861069107,3.17191419862448,49.6880569559936
11.1802579365079,1.35210333157047,1.04115454259351,3.17039738339963,49.6891291619176
11.1803571428571,1.35206429126366,1.04128040906821,3.16888129361385,49.690201201749
11.1804563492063,1.35202511283502,1.04140621006285,3.16736592891693,49.6912730754556
11.1805555555556,1.35198579657461,1.04153194552508,3.16585128895882,49.6923447830054
11.1806547619048,1.35194634277244,1.04165761540256,3.16433737338962,49.6934163243662
11.180753968254,1.35190675171843,1.04178321964297,3.16282418185959,49.6944876995057
11.1808531746032,1.35186702370244,1.04190875819396,3.16131171401914,49.695558908392
11.1809523809524,1.35182715901427,1.04203423100318,3.15979996951887,49.6966299509927
11.1810515873016,1.35178715794362,1.0421596380183,3.15828894800952,49.6977008272757
11.1811507936508,1.35174702078017,1.04228497918697,3.15677864914198,49.6987715372088
11.18125,1.35170674781348,1.04241025445684,3.15526907256731,49.6998420807598
11.1813492063492,1.35166633933307,1.04253546377558,3.15376021793672,49.7009124578965
11.1814484126984,1.35162579562839,1.04266060709082,3.15225208490159,49.7019826685867
11.1815476190476,1.35158511698881,1.04278568435021,3.15074467311344,49.7030527127981
11.1816468253968,1.35154430370364,1.04291069550141,3.14923798222397,49.7041225904985
11.181746031746,1.35150335606211,1.04303564049207,3.14773201188504,49.7051923016557
11.1818452380952,1.35146227435339,1.04316051926981,3.14622676174865,49.7062618462374
11.1819444444444,1.35142105886658,1.0432853317823,3.14472223146696,49.7073312242113
11.1820436507937,1.3513797098907,1.04341007797716,3.14321842069231,49.7084004355452
11.1821428571429,1.35133822771473,1.04353475780205,3.14171532907717,49.7094694802068
11.1822420634921,1.35129661262754,1.04365937120459,3.14021295627421,49.7105383581639
11.1823412698413,1.35125486491795,1.04378391813242,3.13871130193619,49.711607069384
11.1824404761905,1.35121298487474,1.04390839853319,3.13721036571612,49.7126756138349
11.1825396825397,1.35117097278656,1.04403281235451,3.13571014726709,49.7137439914843
11.1826388888889,1.35112882894204,1.04415715954403,3.1342106462424,49.7148122022998
11.1827380952381,1.35108655362972,1.04428144004938,3.13271186229547,49.7158802462492
11.1828373015873,1.35104414713808,1.04440565381818,3.13121379507991,49.7169481233001
11.1829365079365,1.35100160975552,1.04452980079805,3.12971644424947,49.71801583342
11.1830357142857,1.35095894177038,1.04465388093664,3.12821980945806,49.7190833765768
11.1831349206349,1.35091614347092,1.04477789418155,3.12672389035976,49.7201507527379
11.1832341269841,1.35087321514535,1.04490184048042,3.1252286866088,49.7212179618711
11.1833333333333,1.35083015708179,1.04502571978086,3.12373419785956,49.7222850039439
11.1834325396825,1.35078696956831,1.04514953203049,3.12224042376661,49.7233518789239
11.1835317460317,1.35074365289289,1.04527327717693,3.12074736398464,49.7244185867787
11.183630952381,1.35070020734345,1.0453969551678,3.11925501816853,49.725485127476
11.1837301587302,1.35065663320785,1.04552056595071,3.1177633859733,49.7265515009832
11.1838293650794,1.35061293077387,1.04564410947327,3.11627246705411,49.7276177072681
11.1839285714286,1.35056910032922,1.0457675856831,3.11478226106635,49.728683746298
11.1840277777778,1.35052514216155,1.0458909945278,3.1132927676655,49.7297496180406
11.184126984127,1.35048105655843,1.04601433595499,3.11180398650723,49.7308153224635
11.1842261904762,1.35043684380737,1.04613760991227,3.11031591724734,49.731880859534
11.1843253968254,1.3503925041958,1.04626081634724,3.10882855954182,49.7329462292199
11.1844246031746,1.3503480380111,1.04638395520751,3.10734191304681,49.7340114314885
11.1845238095238,1.35030344554055,1.04650702644068,3.1058559774186,49.7350764663074
11.184623015873,1.3502587270714,1.04663002999435,3.10437075231365,49.7361413336441
11.1847222222222,1.35021388289079,1.04675296581612,3.10288623738857,49.7372060334661
11.1848214285714,1.35016891328582,1.04687583385358,3.10140243230013,49.7382705657408
11.1849206349206,1.35012381854352,1.04699863405434,3.09991933670527,49.7393349304358
11.1850198412698,1.35007859895082,1.04712136636599,3.09843695026107,49.7403991275185
11.185119047619,1.35003325479463,1.04724403073611,3.09695527262478,49.7414631569563
11.1852182539683,1.34998778636174,1.04736662711231,3.09547430345381,49.7425270187167
11.1853174603175,1.3499421939389,1.04748915544217,3.09399404240571,49.7435907127671
11.1854166666667,1.3498964778128,1.04761161567327,3.09251448913824,49.744654239075
11.1855158730159,1.34985063827002,1.0477340077532,3.09103564330926,49.7457175976077
11.1856150793651,1.34980467559712,1.04785633162955,3.08955750457682,49.7467807883327
11.1857142857143,1.34975859008056,1.04797858724991,3.08808007259912,49.7478438112174
11.1858134920635,1.34971238200674,1.04810077456184,3.08660334703452,49.7489066662292
11.1859126984127,1.34966605166198,1.04822289351294,3.08512732754153,49.7499693533354
11.1860119047619,1.34961959933255,1.04834494405078,3.08365201377884,49.7510318725034
11.1861111111111,1.34957302530463,1.04846692612294,3.08217740540527,49.7520942237007
11.1862103174603,1.34952632986435,1.04858883967699,3.08070350207984,49.7531564068944
11.1863095238095,1.34947951329776,1.0487106846605,3.07923030346168,49.7542184220521
11.1864087301587,1.34943257589084,1.04883246102106,3.07775780921012,49.755280269141
11.1865079365079,1.34938551792951,1.04895416870622,3.07628601898462,49.7563419481284
11.1866071428571,1.34933833969961,1.04907580766356,3.07481493244482,49.7574034589817
11.1867063492063,1.34929104148691,1.04919737784064,3.07334454925049,49.7584648016682
11.1868055555556,1.34924362357713,1.04931887918504,3.07187486906158,49.7595259761553
11.1869047619048,1.34919608625589,1.04944031164431,3.07040589153823,49.7605869824101
11.187003968254,1.34914842980877,1.04956167516602,3.06893761634067,49.7616478203999
11.1871031746032,1.34910065452127,1.04968296969772,3.06747004312935,49.7627084900921
11.1872023809524,1.34905276067881,1.04980419518699,3.06600317156483,49.7637689914539
11.1873015873016,1.34900474856675,1.04992535158137,3.06453700130786,49.7648293244526
11.1874007936508,1.34895661847038,1.05004643882842,3.06307153201935,49.7658894890554
11.1875,1.34890837067493,1.0501674568757,3.06160676336034,49.7669494852296
11.1875992063492,1.34886000546554,1.05028840567075,3.06014269499207,49.7680093129424
11.1876984126984,1.34881152312731,1.05040928516114,3.05867932657589,49.769068972161
11.1877976190476,1.34876292394524,1.05053009529441,3.05721665777336,49.7701284628526
11.1878968253968,1.34871420820427,1.05065083601811,3.05575468824616,49.7711877849844
11.187996031746,1.34866537618929,1.05077150727979,3.05429341765615,49.7722469385237
11.1880952380952,1.3486164281851,1.05089210902698,3.05283284566534,49.7733059234376
11.1881944444444,1.34856736447644,1.05101264120725,3.0513729719359,49.7743647396933
11.1882936507937,1.34851818534796,1.05113310376812,3.04991379613014,49.775423387258
11.1883928571429,1.34846889108428,1.05125349665714,3.04845531791058,49.7764818660988
11.1884920634921,1.34841948196992,1.05137381982184,3.04699753693986,49.7775401761828
11.1885912698413,1.34836995828934,1.05149407320977,3.04554045288078,49.7785983174773
11.1886904761905,1.34832032032694,1.05161425676846,3.0440840653963,49.7796562899493
11.1887896825397,1.34827056836702,1.05173437044545,3.04262837414955,49.7807140935661
11.1888888888889,1.34822070269385,1.05185441418826,3.04117337880381,49.7817717282946
11.1889880952381,1.34817072359161,1.05197438794443,3.03971907902251,49.782829194102
11.1890873015873,1.3481206313444,1.05209429166149,3.03826547446927,49.7838864909554
11.1891865079365,1.34807042623629,1.05221412528696,3.03681256480783,49.784943618822
11.1892857142857,1.34802010855123,1.05233388876838,3.03536034970212,49.7860005776687
11.1893849206349,1.34796967857315,1.05245358205326,3.03390882881621,49.7870573674626
11.1894841269841,1.34791913658586,1.05257320508913,3.03245800181433,49.7881139881709
11.1895833333333,1.34786848287315,1.05269275782352,3.03100786836088,49.7891704397605
11.1896825396825,1.34781771771871,1.05281224020393,3.02955842812041,49.7902267221985
11.1897817460317,1.34776684140616,1.0529316521779,3.02810968075761,49.791282835452
11.189880952381,1.34771585421908,1.05305099369293,3.02666162593739,49.7923387794879
11.1899801587302,1.34766475644094,1.05317026469655,3.02521426332476,49.7933945542734
11.1900793650794,1.34761354835518,1.05328946513626,3.0237675925849,49.7944501597753
11.1901785714286,1.34756223024514,1.05340859495958,3.02232161338317,49.7955055959607
11.1902777777778,1.3475108023941,1.05352765411402,3.02087632538507,49.7965608627967
11.190376984127,1.34745926508529,1.05364664254709,3.01943172825625,49.7976159602501
11.1904761904762,1.34740761860183,1.05376556020629,3.01798782166255,49.798670888288
11.1905753968254,1.34735586322682,1.05388440703913,3.01654460526994,49.7997256468773
11.1906746031746,1.34730399924326,1.05400318299312,3.01510207874456,49.8007802359849
11.1907738095238,1.34725202693407,1.05412188801576,3.01366024175272,49.8018346555779
11.190873015873,1.34719994658214,1.05424052205455,3.01221909396086,49.8028889056232
11.1909722222222,1.34714775847025,1.05435908505698,3.01077863503561,49.8039429860876
11.1910714285714,1.34709546288115,1.05447757697057,3.00933886464374,49.8049968969382
11.1911706349206,1.34704306009748,1.05459599774279,3.00789978245218,49.8060506381418
11.1912698412698,1.34699055040183,1.05471434732116,3.00646138812802,49.8071042096653
11.191369047619,1.34693793407674,1.05483262565316,3.00502368133852,49.8081576114757
11.1914682539683,1.34688521140465,1.05495083268628,3.0035866617511,49.8092108435397
11.1915674603175,1.34683238266795,1.05506896836802,3.00215032903331,49.8102639058244
11.1916666666667,1.34677944814894,1.05518703264585,3.00071468285288,49.8113167982965
11.1917658730159,1.34672640812988,1.05530502546728,2.99927972287771,49.8123695209229
11.1918650793651,1.34667326289293,1.05542294677978,2.99784544877583,49.8134220736705
11.1919642857143,1.34662001272021,1.05554079653084,2.99641186021545,49.8144744565061
11.1920634920635,1.34656665789375,1.05565857466794,2.99497895686493,49.8155266693965
11.1921626984127,1.34651319869552,1.05577628113856,2.99354673839279,49.8165787123086
11.1922619047619,1.34645963540742,1.05589391589018,2.99211520446772,49.8176305852092
11.1923611111111,1.34640596831128,1.05601147887028,2.99068435475855,49.8186822880651
11.1924603174603,1.34635219768885,1.05612897002634,2.98925418893428,49.8197338208431
11.1925595238095,1.34629832382183,1.05624638930582,2.98782470666406,49.8207851835099
11.1926587301587,1.34624434699184,1.0563637366562,2.98639590761722,49.8218363760324
11.1927579365079,1.34619026748043,1.05648101202496,2.9849677914632,49.8228873983773
11.1928571428571,1.34613608556908,1.05659821535956,2.98354035787168,49.8239382505114
11.1929563492063,1.34608180153921,1.05671534660747,2.98211360651243,49.8249889324014
11.1930555555556,1.34602741567217,1.05683240571615,2.9806875370554,49.8260394440141
11.1931547619048,1.34597292824922,1.05694939263308,2.97926214917069,49.8270897853162
11.193253968254,1.34591833955158,1.05706630730571,2.97783744252859,49.8281399562745
11.1933531746032,1.34586364986038,1.05718314968151,2.97641341679951,49.8291899568556
11.1934523809524,1.34580885945668,1.05729991970794,2.97499007165404,49.8302397870263
11.1935515873016,1.3457539686215,1.05741661733245,2.97356740676292,49.8312894467533
11.1936507936508,1.34569897763575,1.0575332425025,2.97214542179705,49.8323389360032
11.19375,1.3456438867803,1.05764979516556,2.97072411642751,49.8333882547428
11.1938492063492,1.34558869633593,1.05776627526906,2.9693034903255,49.8344374029387
11.1939484126984,1.34553340658338,1.05788268276047,2.96788354316241,49.8354863805575
11.1940476190476,1.34547801780328,1.05799901758724,2.96646427460978,49.836535187566
11.1941468253968,1.34542253027623,1.05811527969681,2.9650456843393,49.8375838239308
11.194246031746,1.34536694428274,1.05823146903663,2.96362777202281,49.8386322896185
11.1943452380952,1.34531126010325,1.05834758555415,2.96221053733236,49.8396805845957
11.1944444444444,1.34525547801813,1.05846362919681,2.9607939799401,49.8407287088292
11.1945436507937,1.34519959830771,1.05857959991206,2.95937809951837,49.8417766622853
11.1946428571429,1.3451436212522,1.05869549764734,2.95796289573967,49.8428244449309
11.1947420634921,1.34508754713178,1.05881132235008,2.95654836827662,49.8438720567325
11.1948412698413,1.34503137622655,1.05892707396773,2.95513451680206,49.8449194976566
11.1949404761905,1.34497510881654,1.05904275244771,2.95372134098894,49.8459667676698
11.1950396825397,1.3449187451817,1.05915835773748,2.95230884051038,49.8470138667388
11.1951388888889,1.34486228560193,1.05927388978445,2.95089701503968,49.84806079483
11.1952380952381,1.34480573035705,1.05938934853607,2.94948586425027,49.84910755191
11.1953373015873,1.34474907972682,1.05950473393976,2.94807538781576,49.8501541379454
11.1954365079365,1.3446923339909,1.05962004594295,2.94666558540991,49.8512005529026
11.1955357142857,1.34463549342893,1.05973528449307,2.94525645670665,49.8522467967483
11.1956349206349,1.34457855832044,1.05985044953754,2.94384800138003,49.8532928694488
11.1957341269841,1.3445215289449,1.05996554102379,2.9424402191043,49.8543387709708
11.1958333333333,1.34446440558173,1.06008055889924,2.94103310955387,49.8553845012807
11.1959325396825,1.34440718851027,1.0601955031113,2.93962667240329,49.856430060345
11.1960317460317,1.34434987800977,1.06031037360741,2.93822090732726,49.8574754481302
11.196130952381,1.34429247435944,1.06042517033498,2.93681581400067,49.8585206646028
11.1962301587302,1.34423497783841,1.06053989324142,2.93541139209854,49.8595657097292
11.1963293650794,1.34417738872574,1.06065454227415,2.93400764129605,49.8606105834758
11.1964285714286,1.34411970730041,1.06076911738058,2.93260456126857,49.8616552858091
11.1965277777778,1.34406193384136,1.06088361850813,2.9312021516916,49.8626998166956
11.196626984127,1.34400406862742,1.06099804560419,2.9298004122408,49.8637441761016
11.1967261904762,1.3439461119374,1.06111239861619,2.928399342592,49.8647883639937
11.1968253968254,1.34388806404999,1.06122667749153,2.92699894242118,49.8658323803381
11.1969246031746,1.34382992524385,1.06134088217761,2.92559921140448,49.8668762251013
11.1970238095238,1.34377169579754,1.06145501262183,2.92420014921821,49.8679198982496
11.197123015873,1.34371337598958,1.0615690687716,2.92280175553883,49.8689633997496
11.1972222222222,1.34365496609841,1.06168305057433,2.92140403004293,49.8700067295675
11.1973214285714,1.34359646640238,1.06179695797739,2.92000697240733,49.8710498876696
11.1974206349206,1.34353787717981,1.06191079092821,2.91861058230895,49.8720928740224
11.1975198412698,1.34347919870891,1.06202454937416,2.91721485942488,49.8731356885922
11.197619047619,1.34342043126786,1.06213823326265,2.91581980343238,49.8741783313454
11.1977182539683,1.34336157513473,1.06225184254106,2.91442541400886,49.8752208022481
11.1978174603175,1.34330263058755,1.0623653771568,2.91303169083189,49.8762631012669
11.1979166666667,1.34324359790428,1.06247883705724,2.9116386335792,49.877305228368
11.1980158730159,1.3431844773628,1.06259222218977,2.91024624192868,49.8783471835176
11.1981150793651,1.34312526924091,1.06270553250179,2.90885451555838,49.8793889666821
11.1982142857143,1.34306597381637,1.06281876794067,2.9074634541465,49.8804305778278
11.1983134920635,1.34300659136686,1.0629319284538,2.90607305737141,49.8814720169209
11.1984126984127,1.34294712216997,1.06304501398856,2.90468332491163,49.8825132839277
11.1985119047619,1.34288756650324,1.06315802449233,2.90329425644585,49.8835543788145
11.1986111111111,1.34282792464415,1.06327095991249,2.90190585165291,49.8845953015474
11.1987103174603,1.34276819687009,1.06338382019642,2.90051811021178,49.8856360520928
11.1988095238095,1.34270838345839,1.06349660529148,2.89913103180167,49.8866766304169
11.1989087301587,1.34264848468631,1.06360931514506,2.89774461610188,49.8877170364859
11.1990079365079,1.34258850083104,1.06372194970453,2.89635886279187,49.888757270266
11.1991071428571,1.3425284321697,1.06383450891725,2.8949737715513,49.8897973317234
11.1992063492063,1.34246827897935,1.0639469927306,2.89358934205994,49.8908372208243
11.1993055555556,1.34240804153697,1.06405940109194,2.89220557399776,49.8918769375349
11.1994047619048,1.34234772011947,1.06417173394864,2.89082246704486,49.8929164818214
11.199503968254,1.34228731381643,1.06428399175106,2.88944002072799,49.8939558541629
11.1996031746032,1.34222681930585,1.06439617596773,2.88805823428112,49.894995056076
11.1997023809524,1.342166236447,1.06450828671569,2.88667710736973,49.8960340876983
11.1998015873016,1.34210556532623,1.06462032401569,2.88529663968938,49.8970729490691
11.1999007936508,1.34204480602991,1.06473228788841,2.88391683093573,49.8981116402277
11.2,1.34198395864445,1.06484417835451,2.88253768080457,49.8991501612132
11.2000992063492,1.34192302325629,1.06495599543463,2.88115918899176,49.9001885120648
11.2001984126984,1.3418619999519,1.06506773914935,2.87978135519327,49.9012266928217
11.2002976190476,1.3418008888178,1.06517940951923,2.87840417910524,49.902264703523
11.2003968253968,1.3417396899405,1.06529100656482,2.87702766042385,49.9033025442076
11.200496031746,1.3416784034066,1.0654025303066,2.87565179884539,49.9043402149148
11.2005952380952,1.34161702930267,1.06551398076505,2.87427659406628,49.9053777156834
11.2006944444444,1.34155556771536,1.0656253579606,2.87290204578303,49.9064150465524
11.2007936507937,1.34149401873134,1.06573666191364,2.87152815369228,49.9074522075606
11.2008928571429,1.34143238243729,1.06584789264455,2.87015491749074,49.9084891987471
11.2009920634921,1.34137065891994,1.06595905017367,2.86878233687525,49.9095260201506
11.2010912698413,1.34130884826606,1.06607013452129,2.86741041154277,49.9105626718098
11.2011904761905,1.34124695056244,1.06618114570769,2.86603914119033,49.9115991537637
11.2012896825397,1.34118496589591,1.06629208375312,2.86466852551508,49.9126354660508
11.2013888888889,1.34112289435331,1.06640294867777,2.86329856421431,49.91367160871
11.2014880952381,1.34106073602154,1.06651374050181,2.86192925698536,49.9147075817797
11.2015873015873,1.34099849098752,1.06662445924541,2.86056060352571,49.9157433852988
11.2016865079365,1.34093615933819,1.06673510492865,2.85919260353293,49.9167790193056
11.2017857142857,1.34087374116055,1.06684567757163,2.85782525670474,49.9178144838388
11.2018849206349,1.34081123654162,1.06695617719438,2.85645856273891,49.9188497789369
11.2019841269841,1.34074864556843,1.06706660381692,2.85509252133335,49.9198849046382
11.2020833333333,1.34068596832807,1.06717695745923,2.85372713218605,49.9209198609813
11.2021825396825,1.34062320490765,1.06728723814125,2.85236239499513,49.9219546480046
11.2022817460317,1.34056035539431,1.06739744588291,2.85099830945882,49.9229892657463
11.202380952381,1.34049741987524,1.06750758070408,2.84963487527542,49.9240237142448
11.2024801587302,1.34043439843764,1.06761764262462,2.84827209214338,49.9250579935384
11.2025793650794,1.34037129116874,1.06772763166434,2.84690995976123,49.9260921036652
11.2026785714286,1.34030809815583,1.06783754784304,2.84554847782762,49.9271260446636
11.2027777777778,1.34024481948621,1.06794739118046,2.84418764604129,49.9281598165716
11.202876984127,1.3401814552472,1.06805716169632,2.84282746410111,49.9291934194274
11.2029761904762,1.34011800552619,1.06816685941032,2.84146793170602,49.9302268532691
11.2030753968254,1.34005447041056,1.06827648434212,2.84010904855511,49.9312601181347
11.2031746031746,1.33999084998776,1.06838603651133,2.83875081434753,49.9322932140622
11.2032738095238,1.33992714434524,1.06849551593754,2.8373932287826,49.9333261410896
11.203373015873,1.3398633535705,1.06860492264033,2.83603629155968,49.9343588992549
11.2034722222222,1.33979947775108,1.06871425663921,2.83468000237828,49.9353914885959
11.2035714285714,1.33973551697452,1.06882351795368,2.83332436093799,49.9364239091505
11.2036706349206,1.33967147132842,1.0689327066032,2.83196936693851,49.9374561609565
11.2037698412698,1.33960734090041,1.0690418226072,2.83061502007967,49.9384882440517
11.203869047619,1.33954312577814,1.06915086598508,2.82926132006138,49.9395201584739
11.2039682539683,1.3394788260493,1.06925983675621,2.82790826658367,49.9405519042607
11.2040674603175,1.33941444180161,1.06936873493992,2.82655585934666,49.9415834814499
11.2041666666667,1.33934997312282,1.0694775605555,2.82520409805061,49.942614890079
11.2042658730159,1.33928542010071,1.06958631362223,2.82385298239585,49.9436461301857
11.2043650793651,1.3392207828231,1.06969499415934,2.82250251208283,49.9446772018076
11.2044642857143,1.33915606137784,1.06980360218604,2.82115268681211,49.9457081049821
11.2045634920635,1.33909125585281,1.0699121377215,2.81980350628436,49.9467388397468
11.2046626984127,1.33902636633592,1.07002060078485,2.81845497020033,49.947769406139
11.2047619047619,1.33896139291511,1.0701289913952,2.81710707826092,49.9487998041962
11.2048611111111,1.33889633567835,1.07023730957163,2.81575983016711,49.9498300339558
11.2049603174603,1.33883119471367,1.07034555533317,2.81441322561998,49.9508600954552
11.2050595238095,1.33876597010909,1.07045372869885,2.81306726432074,49.9518899887315
11.2051587301587,1.33870066195268,1.07056182968762,2.81172194597067,49.9529197138221
11.2052579365079,1.33863527033256,1.07066985831845,2.81037727027119,49.9539492707641
11.2053571428571,1.33856979533685,1.07077781461023,2.80903323692382,49.9549786595949
11.2054563492063,1.33850423705373,1.07088569858185,2.80768984563017,49.9560078803514
11.2055555555556,1.33843859557139,1.07099351025216,2.80634709609197,49.9570369330709
11.2056547619048,1.33837287097806,1.07110124963997,2.80500498801105,49.9580658177904
11.205753968254,1.33830706336201,1.07120891676407,2.80366352108936,49.959094534547
11.2058531746032,1.33824117281154,1.0713165116432,2.80232269502894,49.9601230833775
11.2059523809524,1.33817519941497,1.07142403429609,2.80098250953194,49.9611514643191
11.2060515873016,1.33810914326065,1.07153148474141,2.79964296430062,49.9621796774086
11.2061507936508,1.33804300443699,1.07163886299782,2.79830405903733,49.9632077226829
11.20625,1.33797678303241,1.07174616908395,2.79696579344458,49.9642356001788
11.2063492063492,1.33791047913535,1.07185340301837,2.79562816722492,49.9652633099332
11.2064484126984,1.33784409283432,1.07196056481965,2.79429118008104,49.9662908519828
11.2065476190476,1.33777762421782,1.07206765450631,2.79295483171573,49.9673182263644
11.2066468253968,1.33771107337441,1.07217467209684,2.79161912183188,49.9683454331147
11.206746031746,1.33764444039267,1.0722816176097,2.79028405013251,49.9693724722703
11.2068452380952,1.33757772536121,1.07238849106332,2.78894961632071,49.9703993438678
11.2069444444444,1.3375109283687,1.07249529247609,2.78761582009971,49.9714260479439
11.2070436507937,1.33744404950379,1.07260202186637,2.78628266117282,49.972452584535
11.2071428571429,1.33737708885521,1.07270867925249,2.78495013924347,49.9734789536777
11.2072420634921,1.3373100465117,1.07281526465275,2.78361825401521,49.9745051554085
11.2073412698413,1.33724292256203,1.07292177808541,2.78228700519166,49.9755311897637
11.2074404761905,1.33717571709501,1.07302821956871,2.78095639247658,49.9765570567799
11.2075396825397,1.33710843019948,1.07313458912084,2.77962641557383,49.9775827564933
11.2076388888889,1.33704106196431,1.07324088675998,2.77829707418733,49.9786082889403
11.2077380952381,1.3369736124784,1.07334711250425,2.7769683680212,49.9796336541571
11.2078373015873,1.33690608183069,1.07345326637176,2.77564029677959,49.98065885218
11.2079365079365,1.33683847011015,1.07355934838059,2.77431286016677,49.9816838830453
11.2080357142857,1.33677077740577,1.07366535854876,2.77298605788714,49.982708746789
11.2081349206349,1.33670300380659,1.07377129689429,2.77165988964518,49.9837334434473
11.2082341269841,1.33663514940166,1.07387716343515,2.7703343551455,49.9847579730563
11.2083333333333,1.33656721428009,1.07398295818927,2.76900945409279,49.9857823356522
11.2084325396825,1.336499198531,1.07408868117457,2.76768518619187,49.9868065312708
11.2085317460317,1.33643110224355,1.07419433240893,2.76636155114766,49.9878305599481
11.208630952381,1.33636292550692,1.07429991191018,2.76503854866517,49.9888544217202
11.2087301587302,1.33629466841035,1.07440541969614,2.76371617844954,49.989878116623
11.2088293650794,1.33622633104309,1.07451085578459,2.762394440206,49.9909016446922
11.2089285714286,1.33615791349443,1.07461622019327,2.76107333363989,49.9919250059638
11.2090277777778,1.33608941585367,1.07472151293991,2.75975285845667,49.9929482004735
11.209126984127,1.33602083821018,1.07482673404217,2.75843301436187,49.9939712282571
11.2092261904762,1.33595218065334,1.07493188351771,2.75711380106118,49.9949940893503
11.2093253968254,1.33588344327256,1.07503696138415,2.75579521826036,49.9960167837888
11.2094246031746,1.33581462615729,1.07514196765907,2.75447726566529,49.9970393116082
11.2095238095238,1.335745729397,1.07524690236002,2.75315994298193,49.9980616728442
11.209623015873,1.33567675308121,1.07535176550453,2.75184324991638,49.9990838675323
11.2097222222222,1.33560769729947,1.07545655711008,2.75052718617483,50.000105895708
11.2098214285714,1.33553856214133,1.07556127719413,2.74921175146357,50.0011277574069
11.2099206349206,1.33546934769642,1.0756659257741,2.74789694548902,50.0021494526644
11.2100198412698,1.33540005405437,1.07577050286738,2.74658276795769,50.003170981516
11.210119047619,1.33533068130485,1.07587500849133,2.74526921857619,50.0041923439969
11.2102182539683,1.33526122953757,1.07597944266327,2.74395629705125,50.0052135401426
11.2103174603175,1.33519169884225,1.0760838054005,2.7426440030897,50.0062345699884
11.2104166666667,1.33512208930867,1.07618809672028,2.74133233639847,50.0072554335695
11.2105158730159,1.33505240102662,1.07629231663984,2.74002129668461,50.0082761309211
11.2106150793651,1.33498263408593,1.07639646517637,2.73871088365526,50.0092966620786
11.2107142857143,1.33491278857647,1.07650054234704,2.73740109701769,50.0103170270769
11.2108134920635,1.33484286458814,1.07660454816898,2.73609193647927,50.0113372259513
11.2109126984127,1.33477286221084,1.07670848265929,2.73478340174745,50.0123572587368
11.2110119047619,1.33470278153456,1.07681234583504,2.73347549252981,50.0133771254685
11.2111111111111,1.33463262264927,1.07691613771325,2.73216820853403,50.0143968261814
11.2112103174603,1.33456238564499,1.07701985831094,2.7308615494679,50.0154163609104
11.2113095238095,1.33449207061179,1.07712350764507,2.72955551503932,50.0164357296905
11.2114087301587,1.33442167763975,1.07722708573258,2.72825010495628,50.0174549325566
11.2115079365079,1.33435120681899,1.07733059259037,2.72694531892689,50.0184739695435
11.2116071428571,1.33428065823965,1.07743402823532,2.72564115665937,50.019492840686
11.2117063492063,1.33421003199193,1.07753739268427,2.72433761786203,50.020511546019
11.2118055555556,1.33413932816603,1.07764068595402,2.72303470224329,50.0215300855772
11.2119047619048,1.33406854685219,1.07774390806135,2.7217324095117,50.0225484593952
11.212003968254,1.33399768814071,1.07784705902301,2.72043073937589,50.0235666675078
11.2121031746032,1.33392675212188,1.0779501388557,2.71912969154458,50.0245847099497
11.2122023809524,1.33385573888606,1.0780531475761,2.71782926572666,50.0256025867552
11.2123015873016,1.33378464852361,1.07815608520086,2.71652946163108,50.0266202979592
11.2124007936508,1.33371348112494,1.07825895174659,2.71523027896689,50.027637843596
11.2125,1.3336422367805,1.07836174722988,2.71393171744326,50.0286552237001
11.2125992063492,1.33357091558074,1.07846447166726,2.71263377676948,50.029672438306
11.2126984126984,1.33349951761617,1.07856712507527,2.71133645665492,50.0306894874481
11.2127976190476,1.33342804297733,1.07866970747038,2.71003975680907,50.0317063711608
11.2128968253968,1.33335649175478,1.07877221886904,2.70874367694153,50.0327230894784
11.212996031746,1.33328486403912,1.07887465928768,2.707448216762,50.0337396424352
11.2130952380952,1.33321315992098,1.07897702874268,2.70615337598029,50.0347560300654
11.2131944444444,1.33314137949102,1.07907932725039,2.7048591543063,50.0357722524033
11.2132936507937,1.33306952283993,1.07918155482714,2.70356555145007,50.036788309483
11.2133928571429,1.33299759005845,1.07928371148922,2.70227256712172,50.0378042013387
11.2134920634921,1.33292558123733,1.07938579725289,2.70098020103148,50.0388199280045
11.2135912698413,1.33285349646735,1.07948781213436,2.69968845288967,50.0398354895146
11.2136904761905,1.33278133583935,1.07958975614984,2.69839732240678,50.0408508859028
11.2137896825397,1.33270909944418,1.07969162931548,2.69710680929334,50.0418661172032
11.2138888888889,1.33263678737271,1.07979343164741,2.69581691326,50.0428811834497
11.2139880952381,1.33256439971587,1.07989516316173,2.69452763401754,50.0438960846763
11.2140873015873,1.33249193656461,1.0799968238745,2.69323897127682,50.0449108209169
11.2141865079365,1.33241939800991,1.08009841380175,2.69195092474882,50.0459253922053
11.2142857142857,1.33234678414279,1.08019993295948,2.69066349414462,50.0469397985752
11.2143849206349,1.33227409505428,1.08030138136365,2.68937667917542,50.0479540400606
11.2144841269841,1.33220133083548,1.08040275903021,2.68809047955251,50.048968116695
11.2145833333333,1.33212849157748,1.08050406597504,2.6868048949873,50.0499820285122
11.2146825396825,1.33205557737143,1.08060530221403,2.68551992519129,50.0509957755459
11.2147817460317,1.3319825883085,1.080706467763,2.68423556987609,50.0520093578297
11.214880952381,1.3319095244799,1.08080756263776,2.68295182875344,50.0530227753971
11.2149801587302,1.33183638597686,1.08090858685409,2.68166870153515,50.0540360282817
11.2150793650794,1.33176317289066,1.08100954042772,2.68038618793315,50.0550491165171
11.2151785714286,1.3316898853126,1.08111042337436,2.67910428765951,50.0560620401366
11.2152777777778,1.33161652333401,1.08121123570968,2.67782300042636,50.0570747991736
11.215376984127,1.33154308704625,1.08131197744933,2.67654232594595,50.0580873936617
11.2154761904762,1.33146957654073,1.08141264860891,2.67526226393065,50.0590998236342
11.2155753968254,1.33139599190887,1.08151324920401,2.67398281409291,50.0601120891243
11.2156746031746,1.33132233324214,1.08161377925017,2.67270397614532,50.0611241901653
11.2157738095238,1.33124860063203,1.08171423876291,2.67142574980055,50.0621361267906
11.215873015873,1.33117479417005,1.08181462775769,2.67014813477138,50.0631478990332
11.2159722222222,1.33110091394778,1.08191494624998,2.66887113077071,50.0641595069265
11.2160714285714,1.3310269600568,1.08201519425518,2.66759473751153,50.0651709505034
11.2161706349206,1.33095293258874,1.08211537178869,2.66631895470695,50.0661822297971
11.2162698412698,1.33087883163523,1.08221547886584,2.66504378207018,50.0671933448406
11.216369047619,1.33080465728798,1.08231551550197,2.66376921931453,50.0682042956671
11.2164682539683,1.3307304096387,1.08241548171235,2.66249526615343,50.0692150823093
11.2165674603175,1.33065608877913,1.08251537751225,2.66122192230039,50.0702257048004
11.2166666666667,1.33058169480106,1.08261520291687,2.65994918746908,50.0712361631732
11.2167658730159,1.3305072277963,1.08271495794142,2.65867706137322,50.0722464574605
11.2168650793651,1.3304326878567,1.08281464260105,2.65740554372667,50.0732565876952
11.2169642857143,1.33035807507413,1.08291425691087,2.65613463424337,50.0742665539101
11.2170634920635,1.33028338954051,1.083013800886,2.6548643326374,50.0752763561379
11.2171626984127,1.33020863134777,1.08311327454147,2.6535946386229,50.0762859944114
11.2172619047619,1.33013380058789,1.08321267789233,2.65232555191417,50.0772954687632
11.2173611111111,1.33005889735288,1.08331201095357,2.65105707222558,50.078304779226
11.2174603174603,1.32998392173476,1.08341127374014,2.64978919927161,50.0793139258324
11.2175595238095,1.32990887382561,1.08351046626699,2.64852193276686,50.080322908615
11.2176587301587,1.32983375371753,1.083609588549,2.64725527242602,50.0813317276062
11.2177579365079,1.32975856150266,1.08370864060104,2.64598921796391,50.0823403828386
11.2178571428571,1.32968329727315,1.08380762243795,2.64472376909543,50.0833488743447
11.2179563492063,1.32960796112121,1.08390653407453,2.6434589255356,50.0843572021567
11.2180555555556,1.32953255313907,1.08400537552554,2.64219468699952,50.0853653663073
11.2181547619048,1.32945707341898,1.08410414680572,2.64093105320247,50.0863733668286
11.218253968254,1.32938152205323,1.08420284792978,2.63966802385977,50.0873812037529
11.2183531746032,1.32930589913417,1.08430147891238,2.63840559868685,50.0883888771126
11.2184523809524,1.32923020475413,1.08440003976817,2.63714377739926,50.0893963869399
11.2185515873016,1.32915443900551,1.08449853051175,2.63588255971266,50.0904037332669
11.2186507936508,1.32907860198073,1.08459695115769,2.63462194534282,50.0914109161259
11.21875,1.32900269377224,1.08469530172054,2.6333619340056,50.0924179355489
11.2188492063492,1.32892671447254,1.08479358221481,2.63210252541697,50.093424791568
11.2189484126984,1.32885066417412,1.08489179265497,2.63084371929302,50.0944314842153
11.2190476190476,1.32877454296955,1.08498993305547,2.62958551534994,50.0954380135227
11.2191468253968,1.32869835095141,1.08508800343072,2.62832791330401,50.0964443795223
11.219246031746,1.3286220882123,1.0851860037951,2.62707091287164,50.0974505822459
11.2193452380952,1.32854575484487,1.08528393416295,2.62581451376934,50.0984566217254
11.2194444444444,1.3284693509418,1.0853817945486,2.62455871571371,50.0994624979928
11.2195436507937,1.3283928765958,1.08547958496633,2.62330351842146,50.1004682110798
11.2196428571429,1.32831633189961,1.08557730543038,2.62204892160946,50.1014737610182
11.2197420634921,1.328239716946,1.08567495595497,2.6207949249946,50.1024791478397
11.2198412698413,1.32816303182777,1.08577253655429,2.61954152829394,50.1034843715761
11.2199404761905,1.32808627663776,1.0858700472425,2.61828873122461,50.104489432259
11.2200396825397,1.32800945146885,1.08596748803371,2.61703653350387,50.10549432992
11.2201388888889,1.32793255641393,1.08606485894201,2.61578493484907,50.1064990645908
11.2202380952381,1.32785559156593,1.08616215998146,2.61453393497768,50.1075036363029
11.2203373015873,1.32777855701782,1.08625939116608,2.61328353360727,50.1085080450877
11.2204365079365,1.32770145286259,1.08635655250986,2.61203373045551,50.1095122909769
11.2205357142857,1.32762427919328,1.08645364402677,2.61078452524018,50.1105163740017
11.2206349206349,1.32754703610294,1.08655066573073,2.60953591767918,50.1115202941937
11.2207341269841,1.32746972368466,1.08664761763563,2.6082879074905,50.1125240515842
11.2208333333333,1.32739234203158,1.08674449975533,2.60704049439223,50.1135276462045
11.2209325396825,1.32731489123685,1.08684131210367,2.60579367810259,50.1145310780859
11.2210317460317,1.32723737139365,1.08693805469445,2.60454745833988,50.1155343472597
11.221130952381,1.3271597825952,1.08703472754142,2.60330183482255,50.1165374537571
11.2212301587302,1.32708212493477,1.08713133065831,2.6020568072691,50.1175403976092
11.2213293650794,1.32700439850563,1.08722786405884,2.60081237539818,50.1185431788472
11.2214285714286,1.3269266034011,1.08732432775667,2.59956853892851,50.1195457975023
11.2215277777778,1.32684873971452,1.08742072176542,2.59832529757895,50.1205482536054
11.221626984127,1.32677080753928,1.08751704609871,2.59708265106845,50.1215505471876
11.2217261904762,1.3266928069688,1.08761330077011,2.59584059911606,50.1225526782799
11.2218253968254,1.3266147380965,1.08770948579315,2.59459914144096,50.1235546469132
11.2219246031746,1.32653660101588,1.08780560118134,2.59335827776241,50.1245564531185
11.2220238095238,1.32645839582044,1.08790164694816,2.59211800779978,50.1255580969266
11.222123015873,1.32638012260371,1.08799762310703,2.59087833127257,50.1265595783685
11.2222222222222,1.32630178145928,1.08809352967139,2.58963924790036,50.1275608974748
11.2223214285714,1.32622337248074,1.08818936665459,2.58840075740284,50.1285620542763
11.2224206349206,1.32614489576173,1.08828513406998,2.58716285949983,50.1295630488038
11.2225198412698,1.32606635139592,1.08838083193088,2.58592555391121,50.130563881088
11.222619047619,1.32598773947702,1.08847646025056,2.58468884035703,50.1315645511595
11.2227182539683,1.32590906009874,1.08857201904227,2.5834527185574,50.132565059049
11.2228174603175,1.32583031335486,1.08866750831923,2.58221718823254,50.1335654047869
11.2229166666667,1.32575149933917,1.08876292809461,2.58098224910279,50.1345655884039
11.2230158730159,1.3256726181455,1.08885827838158,2.57974790088859,50.1355656099305
11.2231150793651,1.32559366986772,1.08895355919323,2.57851414331049,50.136565469397
11.2232142857143,1.3255146545997,1.08904877054267,2.57728097608913,50.1375651668341
11.2233134920635,1.32543557243538,1.08914391244293,2.57604839894528,50.1385647022719
11.2234126984127,1.32535642346871,1.08923898490705,2.5748164115998,50.139564075741
11.2235119047619,1.32527720779368,1.08933398794801,2.57358501377367,50.1405632872716
11.2236111111111,1.32519792550431,1.08942892157877,2.57235420518797,50.1415623368939
11.2237103174603,1.32511857669465,1.08952378581224,2.57112398556387,50.1425612246383
11.2238095238095,1.32503916145879,1.08961858066132,2.56989435462267,50.1435599505349
11.2239087301587,1.32495967989084,1.08971330613887,2.56866531208577,50.1445585146138
11.2240079365079,1.32488013208495,1.08980796225771,2.56743685767466,50.1455569169054
11.2241071428571,1.32480051813529,1.08990254903064,2.56620899111097,50.1465551574395
11.2242063492063,1.32472083813609,1.08999706647042,2.56498171211641,50.1475532362462
11.2243055555556,1.32464109218158,1.09009151458978,2.5637550204128,50.1485511533557
11.2244047619048,1.32456128036604,1.09018589340141,2.56252891572207,50.1495489087978
11.224503968254,1.32448140278378,1.09028020291797,2.56130339776625,50.1505465026025
11.2246031746032,1.32440145952914,1.09037444315211,2.5600784662675,50.1515439347996
11.2247023809524,1.32432145069649,1.09046861411641,2.55885412094804,50.1525412054192
11.2248015873016,1.32424137638023,1.09056271582345,2.55763036153024,50.1535383144909
11.2249007936508,1.3241612366748,1.09065674828577,2.55640718773657,50.1545352620446
11.225,1.32408103167466,1.09075071151585,2.55518459928958,50.15553204811
11.2250992063492,1.32400076147432,1.09084460552618,2.55396259591194,50.1565286727169
11.2251984126984,1.32392042616831,1.09093843032918,2.55274117732645,50.1575251358949
11.2252976190476,1.32384002585119,1.09103218593728,2.55152034325599,50.1585214376736
11.2253968253968,1.32375956061755,1.09112587236283,2.55030009342354,50.1595175780827
11.225496031746,1.32367903056203,1.09121948961818,2.54908042755219,50.1605135571518
11.2255952380952,1.32359843577929,1.09131303771563,2.54786134536518,50.1615093749102
11.2256944444444,1.32351777636401,1.09140651666747,2.5466428465858,50.1625050313876
11.2257936507937,1.32343705241091,1.09149992648593,2.54542493093747,50.1635005266135
11.2258928571429,1.32335626401476,1.09159326718323,2.54420759814371,50.1644958606171
11.2259920634921,1.32327541127035,1.09168653877154,2.54299084792816,50.1654910334279
11.2260912698413,1.32319449427248,1.09177974126301,2.54177468001455,50.1664860450752
11.2261904761905,1.32311351311601,1.09187287466976,2.54055909412672,50.1674808955883
11.2262896825397,1.32303246789584,1.09196593900387,2.53934408998863,50.1684755849965
11.2263888888889,1.32295135870686,1.09205893427738,2.53812966732432,50.169470113329
11.2264880952381,1.32287018564403,1.09215186050231,2.53691582585797,50.1704644806151
11.2265873015873,1.32278894880233,1.09224471769064,2.53570256531383,50.1714586868838
11.2266865079365,1.32270764827676,1.09233750585434,2.53448988541629,50.1724527321642
11.2267857142857,1.32262628416238,1.09243022500531,2.53327778588982,50.1734466164855
11.2268849206349,1.32254485655426,1.09252287515545,2.53206626645901,50.1744403398767
11.2269841269841,1.3224633655475,1.09261545631661,2.53085532684854,50.1754339023667
11.2270833333333,1.32238181123725,1.0927079685006,2.52964496678324,50.1764273039846
11.2271825396825,1.32230019371867,1.09280041171923,2.528435185988,50.1774205447593
11.2272817460317,1.32221851308697,1.09289278598425,2.52722598418783,50.1784136247197
11.227380952381,1.32213676943738,1.09298509130739,2.52601736110786,50.1794065438945
11.2274801587302,1.32205496286517,1.09307732770033,2.5248093164733,50.1803993023127
11.2275793650794,1.32197309346564,1.09316949517474,2.52360185000949,50.1813919000029
11.2276785714286,1.32189116133413,1.09326159374225,2.52239496144187,50.182384336994
11.2277777777778,1.32180916656598,1.09335362341444,2.52118865049597,50.1833766133147
11.227876984127,1.32172710925661,1.0934455842029,2.51998291689746,50.1843687289935
11.2279761904762,1.32164498950143,1.09353747611914,2.51877776037209,50.1853606840592
11.2280753968254,1.32156280739591,1.09362929917467,2.51757318064572,50.1863524785403
11.2281746031746,1.32148056303553,1.09372105338095,2.51636917744431,50.1873441124654
11.2282738095238,1.32139825651582,1.09381273874941,2.51516575049396,50.1883355858629
11.228373015873,1.32131588793234,1.09390435529146,2.51396289952083,50.1893268987614
11.2284722222222,1.32123345738067,1.09399590301847,2.5127606242512,50.1903180511893
11.2285714285714,1.32115096495642,1.09408738194177,2.5115589244115,50.191309043175
11.2286706349206,1.32106841075526,1.09417879207267,2.51035779972821,50.1922998747468
11.2287698412698,1.32098579487286,1.09427013342244,2.50915724992794,50.1932905459332
11.228869047619,1.32090311740494,1.09436140600232,2.5079572747374,50.1942810567623
11.2289682539683,1.32082037844724,1.09445260982352,2.50675787388342,50.1952714072624
11.2290674603175,1.32073757809555,1.0945437448972,2.50555904709292,50.1962615974617
11.2291666666667,1.32065471644567,1.09463481123453,2.50436079409293,50.1972516273885
11.2292658730159,1.32057179359346,1.09472580884659,2.50316311461059,50.1982414970708
11.2293650793651,1.32048880963477,1.09481673774448,2.50196600837315,50.1992312065367
11.2294642857143,1.32040576466552,1.09490759793924,2.50076947510795,50.2002207558144
11.2295634920635,1.32032265878165,1.09499838944188,2.49957351454247,50.2012101449318
11.2296626984127,1.32023949207913,1.09508911226338,2.49837812640425,50.2021993739169
11.2297619047619,1.32015626465396,1.09517976641469,2.49718331042097,50.2031884427977
11.2298611111111,1.32007297660218,1.09527035190672,2.49598906632042,50.2041773516021
11.2299603174603,1.31998962801984,1.09536086875037,2.49479539383045,50.2051661003579
11.2300595238095,1.31990621900306,1.09545131695648,2.49360229267908,50.206154689093
11.2301587301587,1.31982274964796,1.09554169653586,2.4924097625944,50.2071431178353
11.2302579365079,1.31973922005071,1.09563200749931,2.49121780330462,50.2081313866123
11.2303571428571,1.31965563030749,1.09572224985759,2.49002641453803,50.209119495452
11.2304563492063,1.31957198051454,1.0958124236214,2.48883559602305,50.2101074443819
11.2305555555556,1.31948827076812,1.09590252880145,2.48764534748821,50.2110952334298
11.2306547619048,1.31940450116451,1.09599256540838,2.48645566866213,50.2120828626232
11.230753968254,1.31932067180003,1.09608253345283,2.48526655927355,50.2130703319897
11.2308531746032,1.31923678277105,1.09617243294539,2.4840780190513,50.2140576415568
11.2309523809524,1.31915283417394,1.09626226389661,2.48289004772433,50.2150447913521
11.2310515873016,1.31906882610514,1.09635202631702,2.4817026450217,50.216031781403
11.2311507936508,1.31898475866107,1.09644172021712,2.48051581067257,50.2170186117369
11.23125,1.31890063193824,1.09653134560737,2.47932954440619,50.2180052823812
11.2313492063492,1.31881644603315,1.0966209024982,2.47814384595195,50.2189917933633
11.2314484126984,1.31873220104235,1.09671039090001,2.4769587150393,50.2199781447105
11.2315476190476,1.31864789706242,1.09679981082317,2.47577415139786,50.22096433645
11.2316468253968,1.31856353418996,1.096889162278,2.47459015475731,50.2219503686091
11.231746031746,1.31847911252163,1.09697844527481,2.47340672484744,50.222936241215
11.2318452380952,1.31839463215409,1.09706765982387,2.47222386139816,50.2239219542948
11.2319444444444,1.31831009318406,1.09715680593541,2.47104156413947,50.2249075078757
11.2320436507937,1.31822549570826,1.09724588361964,2.4698598328015,50.2258929019848
11.2321428571429,1.31814083982347,1.09733489288673,2.46867866711446,50.2268781366491
11.2322420634921,1.3180561256265,1.09742383374682,2.46749806680869,50.2278632118956
11.2323412698413,1.31797135321417,1.09751270621001,2.46631803161461,50.2288481277513
11.2324404761905,1.31788652268335,1.09760151028638,2.46513856126277,50.2298328842431
11.2325396825397,1.31780163413094,1.09769024598597,2.46395965548382,50.230817481398
11.2326388888889,1.31771668765388,1.09777891331879,2.46278131400852,50.2318019192427
11.2327380952381,1.31763168334911,1.09786751229482,2.46160353656771,50.2327861978042
11.2328373015873,1.31754662131365,1.097956042924,2.46042632289238,50.2337703171092
11.2329365079365,1.3174615016445,1.09804450521624,2.45924967271357,50.2347542771844
11.2330357142857,1.31737632443874,1.09813289918143,2.4580735857625,50.2357380780566
11.2331349206349,1.31729108979344,1.09822122482941,2.45689806177043,50.2367217197524
11.2332341269841,1.31720579780574,1.09830948217,2.45572310046877,50.2377052022984
11.2333333333333,1.31712044857279,1.09839767121298,2.454548701589,50.2386885257214
11.2334325396825,1.31703504219176,1.0984857919681,2.45337486486274,50.2396716900477
11.2335317460317,1.31694957875989,1.09857384444508,2.45220159002169,50.240654695304
11.233630952381,1.31686405837442,1.0986618286536,2.45102887679767,50.2416375415168
11.2337301587302,1.31677848113263,1.09874974460332,2.44985672492261,50.2426202287124
11.2338293650794,1.31669284713184,1.09883759230386,2.44868513412853,50.2436027569174
11.2339285714286,1.31660715646939,1.09892537176481,2.44751410414757,50.244585126158
11.2340277777778,1.31652140924266,1.09901308299573,2.44634363471198,50.2455673364606
11.234126984127,1.31643560554906,1.09910072600613,2.4451737255541,50.2465493878515
11.2342261904762,1.31634974548603,1.09918830080551,2.44400437640638,50.247531280357
11.2343253968254,1.31626382915104,1.09927580740333,2.4428355870014,50.2485130140033
11.2344246031746,1.31617785664161,1.09936324580902,2.4416673570718,50.2494945888165
11.2345238095238,1.31609182805526,1.09945061603197,2.44049968635039,50.2504760048229
11.234623015873,1.31600574348958,1.09953791808154,2.43933257457003,50.2514572620485
11.2347222222222,1.31591960304215,1.09962515196707,2.43816602146371,50.2524383605194
11.2348214285714,1.31583340681062,1.09971231769784,2.43700002676452,50.2534193002616
11.2349206349206,1.31574715489265,1.09979941528313,2.43583459020566,50.2544000813012
11.2350198412698,1.31566084738593,1.09988644473216,2.43466971152045,50.2553807036641
11.235119047619,1.3155744843882,1.09997340605414,2.43350539044228,50.2563611673762
11.2352182539683,1.31548806599722,1.10006029925824,2.43234162670469,50.2573414724634
11.2353174603175,1.31540159231078,1.10014712435359,2.43117842004128,50.2583216189516
11.2354166666667,1.31531506342671,1.10023388134929,2.43001577018581,50.2593016068665
11.2355158730159,1.31522847944286,1.10032057025441,2.42885367687209,50.2602814362339
11.2356150793651,1.31514184045713,1.100407191078,2.42769213983409,50.2612611070797
11.2357142857143,1.31505514656743,1.10049374382906,2.42653115880584,50.2622406194293
11.2358134920635,1.31496839787173,1.10058022851656,2.4253707335215,50.2632199733087
11.2359126984127,1.31488159446799,1.10066664514945,2.42421086371533,50.2641991687433
11.2360119047619,1.31479473645425,1.10075299373662,2.42305154912172,50.2651782057587
11.2361111111111,1.31470782392855,1.10083927428697,2.42189278947513,50.2661570843805
11.2362103174603,1.31462085698898,1.10092548680933,2.42073458451014,50.2671358046342
11.2363095238095,1.31453383573364,1.10101163131251,2.41957693396144,50.2681143665452
11.2364087301587,1.31444676026068,1.1010977078053,2.41841983756383,50.2690927701391
11.2365079365079,1.31435963066829,1.10118371629644,2.41726329505221,50.2700710154411
11.2366071428571,1.31427244705466,1.10126965679464,2.41610730616158,50.2710491024767
11.2367063492063,1.31418520951804,1.10135552930859,2.41495187062705,50.2720270312712
11.2368055555556,1.3140979181567,1.10144133384695,2.41379698818386,50.2730048018498
11.2369047619048,1.31401057306895,1.10152707041831,2.41264265856732,50.2739824142379
11.237003968254,1.31392317435313,1.10161273903128,2.41148888151286,50.2749598684606
11.2371031746032,1.3138357221076,1.1016983396944,2.41033565675603,50.275937164543
11.2372023809524,1.31374821643077,1.10178387241619,2.40918298403247,50.2769143025104
11.2373015873016,1.31366065742107,1.10186933720515,2.40803086307792,50.2778912823879
11.2374007936508,1.31357304517696,1.10195473406972,2.40687929362825,50.2788681042004
11.2375,1.31348537979695,1.10204006301834,2.40572827541943,50.279844767973
11.2375992063492,1.31339766137955,1.10212532405938,2.40457780818752,50.2808212737307
11.2376984126984,1.31330989002334,1.10221051720122,2.40342789166871,50.2817976214984
11.2377976190476,1.3132220658269,1.10229564245217,2.40227852559926,50.2827738113011
11.2378968253968,1.31313418888886,1.10238069982053,2.40112970971558,50.2837498431635
11.237996031746,1.31304625930788,1.10246568931457,2.39998144375416,50.2847257171107
11.2380952380952,1.31295827718264,1.1025506109425,2.3988337274516,50.2857014331673
11.2381944444444,1.31287024261187,1.10263546471253,2.39768656054461,50.286676991358
11.2382936507937,1.31278215569432,1.10272025063283,2.39653994277,50.2876523917077
11.2383928571429,1.31269401652878,1.10280496871151,2.3953938738647,50.2886276342411
11.2384920634921,1.31260582521405,1.10288961895669,2.39424835356573,50.2896027189826
11.2385912698413,1.312517581849,1.10297420137643,2.39310338161022,50.2905776459571
11.2386904761905,1.3124292865325,1.10305871597876,2.39195895773542,50.291552415189
11.2387896825397,1.31234093936346,1.1031431627717,2.39081508167867,50.2925270267028
11.2388888888889,1.31225254044084,1.10322754176319,2.38967175317741,50.2935014805231
11.2389880952381,1.31216408986359,1.1033118529612,2.38852897196923,50.2944757766744
11.2390873015873,1.31207558773075,1.10339609637361,2.38738673779178,50.295449915181
11.2391865079365,1.31198703414134,1.10348027200831,2.38624505038282,50.2964238960673
11.2392857142857,1.31189842919444,1.10356437987313,2.38510390948025,50.2973977193577
11.2393849206349,1.31180977298915,1.10364841997588,2.38396331482204,50.2983713850764
11.2394841269841,1.31172106562461,1.10373239232434,2.38282326614628,50.2993448932479
11.2395833333333,1.31163230719999,1.10381629692625,2.38168376319118,50.3003182438962
11.2396825396825,1.3115434978145,1.10390013378933,2.38054480569502,50.3012914370456
11.2397817460317,1.31145463756735,1.10398390292124,2.37940639339623,50.3022644727202
11.239880952381,1.31136572655782,1.10406760432964,2.37826852603332,50.3032373509442
11.2399801587302,1.3112767648852,1.10415123802215,2.37713120334491,50.3042100717417
11.2400793650794,1.31118775264883,1.10423480400633,2.37599442506974,50.3051826351366
11.2401785714286,1.31109868994806,1.10431830228975,2.37485819094662,50.3061550411531
11.2402777777778,1.31100957688228,1.10440173287992,2.37372250071451,50.307127289815
11.240376984127,1.31092041355092,1.10448509578432,2.37258735411244,50.3080993811463
11.2404761904762,1.31083120005344,1.1045683910104,2.37145275087959,50.3090713151709
11.2405753968254,1.31074193648933,1.1046516185656,2.37031869075521,50.3100430919127
11.2406746031746,1.3106526229581,1.10473477845728,2.36918517347867,50.3110147113955
11.2407738095238,1.31056325955931,1.10481787069281,2.36805219878943,50.311986173643
11.240873015873,1.31047384639254,1.10490089527951,2.36691976642708,50.312957478679
11.2409722222222,1.31038438355741,1.10498385222467,2.3657878761313,50.3139286265272
11.2410714285714,1.31029487115357,1.10506674153555,2.36465652764188,50.3148996172113
11.2411706349206,1.3102053092807,1.10514956321937,2.36352572069873,50.315870450755
11.2412698412698,1.3101156980385,1.10523231728333,2.36239545504184,50.3168411271817
11.241369047619,1.31002603752673,1.10531500373458,2.36126573041133,50.3178116465151
11.2414682539683,1.30993632784516,1.10539762258027,2.36013654654741,50.3187820087787
11.2415674603175,1.3098465690936,1.10548017382747,2.35900790319041,50.319752213996
11.2416666666667,1.30975676137189,1.10556265748326,2.35787980008076,50.3207222621904
11.2417658730159,1.3096669047799,1.10564507355466,2.35675223695899,50.3216921533853
11.2418650793651,1.30957699941754,1.10572742204868,2.35562521356573,50.3226618876041
11.2419642857143,1.30948704538474,1.10580970297229,2.35449872964176,50.3236314648702
11.2420634920635,1.30939704278147,1.1058919163324,2.35337278492793,50.3246008852067
11.2421626984127,1.30930699170773,1.10597406213594,2.35224737916518,50.3255701486371
11.2422619047619,1.30921689226356,1.10605614038976,2.35112251209459,50.3265392551844
11.2423611111111,1.30912674454901,1.10613815110071,2.34999818345734,50.3275082048719
11.2424603174603,1.30903654866418,1.10622009427559,2.3488743929947,50.3284769977228
11.2425595238095,1.30894630470921,1.10630196992116,2.34775114044806,50.32944563376
11.2426587301587,1.30885601278425,1.10638377804418,2.34662842555891,50.3304141130068
11.2427579365079,1.30876567298949,1.10646551865135,2.34550624806886,50.3313824354861
11.2428571428571,1.30867528542516,1.10654719174933,2.34438460771961,50.332350601221
11.2429563492063,1.30858485019151,1.10662879734479,2.34326350425296,50.3333186102343
11.2430555555556,1.30849436738884,1.10671033544432,2.34214293741085,50.334286462549
11.2431547619048,1.30840383711745,1.10679180605451,2.34102290693528,50.335254158188
11.243253968254,1.30831325947771,1.1068732091819,2.33990341256841,50.3362216971742
11.2433531746032,1.30822263457,1.106954544833,2.33878445405244,50.3371890795303
11.2434523809524,1.30813196249473,1.10703581301429,2.33766603112975,50.3381563052791
11.2435515873016,1.30804124335236,1.10711701373223,2.33654814354277,50.3391233744433
11.2436507936508,1.30795047724335,1.10719814699323,2.33543079103407,50.3400902870457
11.24375,1.30785966426823,1.10727921280367,2.3343139733463,50.3410570431088
11.2438492063492,1.30776880452753,1.1073602111699,2.33319769022224,50.3420236426554
11.2439484126984,1.30767789812184,1.10744114209825,2.33208194140475,50.3429900857079
11.2440476190476,1.30758694515176,1.107522005595,2.33096672663683,50.343956372289
11.2441468253968,1.30749594571793,1.1076028016664,2.32985204566155,50.3449225024211
11.244246031746,1.30740489992103,1.10768353031868,2.32873789822212,50.3458884761268
11.2443452380952,1.30731380786175,1.10776419155802,2.32762428406183,50.3468542934284
11.2444444444444,1.30722266964083,1.10784478539059,2.32651120292409,50.3478199543483
11.2445436507937,1.30713148535904,1.1079253118225,2.32539865455241,50.3487854589089
11.2446428571429,1.30704025511718,1.10800577085986,2.32428663869042,50.3497508071325
11.2447420634921,1.30694897901609,1.10808616250871,2.32317515508183,50.3507159990414
11.2448412698413,1.30685765715661,1.1081664867751,2.32206420347047,50.3516810346579
11.2449404761905,1.30676628963966,1.108246743665,2.32095378360031,50.3526459140041
11.2450396825397,1.30667487656616,1.10832693318439,2.31984389521537,50.3536106371022
11.2451388888889,1.30658341803706,1.1084070553392,2.31873453805981,50.3545752039743
11.2452380952381,1.30649191415337,1.10848711013533,2.31762571187788,50.3555396146426
11.2453373015873,1.3064003650161,1.10856709757863,2.31651741641394,50.356503869129
11.2454365079365,1.3063087707263,1.10864701767495,2.31540965141248,50.3574679674557
11.2455357142857,1.30621713138508,1.10872687043008,2.31430241661806,50.3584319096446
11.2456349206349,1.30612544709353,1.1088066558498,2.31319571177536,50.3593956957176
11.2457341269841,1.30603371795283,1.10888637393984,2.31208953662918,50.3603593256966
11.2458333333333,1.30594194406414,1.1089660247059,2.31098389092442,50.3613227996035
11.2459325396825,1.3058501255287,1.10904560815365,2.30987877440606,50.3622861174602
11.2460317460317,1.30575826244773,1.10912512428875,2.30877418681923,50.3632492792884
11.246130952381,1.30566635492253,1.10920457311678,2.30767012790914,50.3642122851099
11.2462301587302,1.3055744030544,1.10928395464333,2.3065665974211,50.3651751349464
11.2463293650794,1.30548240694469,1.10936326887394,2.30546359510053,50.3661378288196
11.2464285714286,1.30539036669478,1.10944251581411,2.30436112069299,50.3671003667511
11.2465277777778,1.30529828240606,1.10952169546934,2.30325917394411,50.3680627487626
11.246626984127,1.30520615417999,1.10960080784505,2.30215775459963,50.3690249748755
11.2467261904762,1.30511398211802,1.10967985294666,2.30105686240541,50.3699870451115
11.2468253968254,1.30502176632167,1.10975883077956,2.2999564971074,50.370948959492
11.2469246031746,1.30492950689247,1.10983774134909,2.29885665845167,50.3719107180385
11.2470238095238,1.30483720393199,1.10991658466056,2.29775734618439,50.3728723207724
11.247123015873,1.30474485754182,1.10999536071927,2.29665856005185,50.3738337677151
11.2472222222222,1.3046524678236,1.11007406953045,2.29556029980041,50.3747950588878
11.2473214285714,1.30456003487899,1.11015271109933,2.29446256517658,50.3757561943121
11.2474206349206,1.30446755880969,1.1102312854311,2.29336535592694,50.376717174009
11.2475198412698,1.30437503971742,1.11030979253091,2.29226867179821,50.3776779979998
11.247619047619,1.30428247770394,1.11038823240387,2.2911725125372,50.3786386663057
11.2477182539683,1.30418987287105,1.11046660505509,2.29007687789081,50.3795991789479
11.2478174603175,1.30409722532055,1.11054491048961,2.28898176760605,50.3805595359476
11.2479166666667,1.30400453515433,1.11062314871245,2.28788718143009,50.3815197373256
11.2480158730159,1.30391180247425,1.11070131972862,2.28679311911014,50.3824797831032
11.2481150793651,1.30381902738223,1.11077942354307,2.28569958039355,50.3834396733013
11.2482142857143,1.30372620998024,1.11085746016072,2.28460656502775,50.3843994079409
11.2483134920635,1.30363335037025,1.11093542958648,2.28351407276031,50.3853589870429
11.2484126984127,1.30354044865427,1.1110133318252,2.28242210333889,50.3863184106282
11.2485119047619,1.30344750493435,1.11109116688171,2.28133065651125,50.3872776787177
11.2486111111111,1.30335451931258,1.11116893476082,2.28023973202526,50.3882367913321
11.2487103174603,1.30326149189106,1.11124663546728,2.2791493296289,50.3891957484923
11.2488095238095,1.30316842277194,1.11132426900583,2.27805944907027,50.390154550219
11.2489087301587,1.30307531205739,1.11140183538117,2.27697009009754,50.3911131965329
11.2490079365079,1.30298215984961,1.11147933459797,2.27588125245902,50.3920716874547
11.2491071428571,1.30288896625086,1.11155676666086,2.27479293590311,50.3930300230049
11.2492063492063,1.30279573136339,1.11163413157445,2.27370514017832,50.3939882032043
11.2493055555556,1.3027024552895,1.11171142934331,2.27261786503326,50.3949462280733
11.2494047619048,1.30260913813155,1.11178865997197,2.27153111021668,50.3959040976325
11.249503968254,1.30251577999188,1.11186582346494,2.27044487547739,50.3968618119023
11.2496031746032,1.30242238097291,1.1119429198267,2.26935916056432,50.3978193709032
11.2497023809524,1.30232894117706,1.11201994906169,2.26827396522653,50.3987767746555
11.2498015873016,1.30223546070679,1.11209691117431,2.26718928921316,50.3997340231798
11.2499007936508,1.3021419396646,1.11217380616894,2.26610513227346,50.4006911164962
11.25,1.30204837815301,1.11225063404994,2.26502149415679,50.4016480546251
11.2500992063492,1.30195477627459,1.1123273948216,2.26393837461263,50.4026048375867
11.2501984126984,1.30186113413192,1.11240408848821,2.26285577339054,50.4035614654012
11.2502976190476,1.30176745182763,1.11248071505401,2.26177369024021,50.4045179380889
11.2503968253968,1.30167372946437,1.11255727452323,2.26069212491142,50.4054742556699
11.250496031746,1.30157996714483,1.11263376690004,2.25961107715407,50.4064304181642
11.2505952380952,1.30148616497172,1.11271019218859,2.25853054671816,50.407386425592
11.2506944444444,1.30139232304781,1.11278655039301,2.25745053335378,50.4083422779732
11.2507936507937,1.30129844147586,1.11286284151737,2.25637103681114,50.4092979753279
11.2508928571429,1.30120452035869,1.11293906556573,2.25529205684059,50.4102535176759
11.2509920634921,1.30111055979916,1.11301522254211,2.25421359319253,50.4112089050374
11.2510912698413,1.30101655990013,1.11309131245049,2.2531356456175,50.412164137432
11.2511904761905,1.30092252076453,1.11316733529484,2.25205821386613,50.4131192148796
11.2512896825397,1.30082844249528,1.11324329107908,2.25098129768916,50.4140741374001
11.2513888888889,1.30073432519537,1.1133191798071,2.24990489683746,50.4150289050133
11.2514880952381,1.30064016896781,1.11339500148275,2.24882901106196,50.4159835177387
11.2515873015873,1.30054597391562,1.11347075610986,2.24775364011374,50.4169379755962
11.2516865079365,1.30045174014189,1.11354644369224,2.24667878374396,50.4178922786054
11.2517857142857,1.30035746774971,1.11362206423363,2.2456044417039,50.4188464267859
11.2518849206349,1.30026315684221,1.11369761773777,2.24453061374494,50.4198004201572
11.2519841269841,1.30016880752257,1.11377310420835,2.24345729961857,50.420754258739
11.2520833333333,1.30007441989399,1.11384852364904,2.24238449907638,50.4217079425507
11.2521825396825,1.29997999405968,1.11392387606348,2.24131221187007,50.4226614716118
11.2522817460317,1.29988553012292,1.11399916145525,2.24024043775144,50.4236148459418
11.252380952381,1.299791028187,1.11407437982793,2.23916917647242,50.4245680655599
11.2524801587302,1.29969648835524,1.11414953118506,2.23809842778502,50.4255211304856
11.2525793650794,1.29960191073101,1.11422461553013,2.23702819144137,50.4264740407382
11.2526785714286,1.29950729541769,1.11429963286662,2.2359584671937,50.4274267963369
11.2527777777778,1.2994126425187,1.11437458319796,2.23488925479434,50.428379397301
11.252876984127,1.29931795213751,1.11444946652757,2.23382055399575,50.4293318436497
11.2529761904762,1.29922322437758,1.1145242828588,2.23275236455047,50.4302841354022
11.2530753968254,1.29912845934246,1.11459903219501,2.23168468621116,50.4312362725776
11.2531746031746,1.29903365713567,1.1146737145395,2.23061751873058,50.4321882551949
11.2532738095238,1.29893881786081,1.11474832989554,2.2295508618616,50.4331400832733
11.253373015873,1.2988439416215,1.11482287826639,2.22848471535721,50.4340917568317
11.2534722222222,1.29874902852136,1.11489735965525,2.22741907897048,50.4350432758892
11.2535714285714,1.29865407866409,1.1149717740653,2.2263539524546,50.4359946404646
11.2536706349206,1.29855909215339,1.11504612149969,2.22528933556286,50.4369458505769
11.2537698412698,1.29846406909301,1.11512040196153,2.22422522804866,50.437896906245
11.253869047619,1.29836900958672,1.11519461545391,2.22316162966553,50.4388478074876
11.2539682539683,1.29827391373832,1.11526876197986,2.22209854016707,50.4397985543235
11.2540674603175,1.29817878165165,1.11534284154242,2.22103595930701,50.4407491467716
11.2541666666667,1.29808361343059,1.11541685414456,2.21997388683916,50.4416995848505
11.2542658730159,1.29798840917903,1.11549079978924,2.21891232251746,50.4426498685788
11.2543650793651,1.29789316900091,1.11556467847938,2.21785126609595,50.4435999979753
11.2544642857143,1.29779789300019,1.11563849021786,2.21679071732878,50.4445499730586
11.2545634920635,1.29770258128087,1.11571223500754,2.21573067597019,50.4454997938471
11.2546626984127,1.29760723394699,1.11578591285124,2.21467114177456,50.4464494603595
11.2547619047619,1.2975118511026,1.11585952375176,2.21361211449633,50.4473989726142
11.2548611111111,1.29741643285179,1.11593306771184,2.21255359389009,50.4483483306297
11.2549603174603,1.2973209792987,1.11600654473422,2.21149557971051,50.4492975344243
11.2550595238095,1.29722549054748,1.11607995482159,2.21043807171238,50.4502465840165
11.2551587301587,1.29712996670231,1.11615329797661,2.20938106965058,50.4511954794247
11.2552579365079,1.29703440786743,1.11622657420192,2.2083245732801,50.452144220667
11.2553571428571,1.29693881414708,1.11629978350009,2.20726858235606,50.4530928077618
11.2554563492063,1.29684318564556,1.1163729258737,2.20621309663367,50.4540412407273
11.2555555555556,1.29674752246717,1.11644600132529,2.20515811586824,50.4549895195816
11.2556547619048,1.29665182471627,1.11651900985734,2.20410363981519,50.455937644343
11.255753968254,1.29655609249723,1.11659195147233,2.20304966823004,50.4568856150296
11.2558531746032,1.29646032591448,1.11666482617269,2.20199620086844,50.4578334316594
11.2559523809524,1.29636452507246,1.11673763396082,2.20094323748613,50.4587810942504
11.2560515873016,1.29626869007565,1.1168103748391,2.19989077783894,50.4597286028207
11.2561507936508,1.29617282102854,1.11688304880985,2.19883882168284,50.4606759573883
11.25625,1.2960769180357,1.11695565587539,2.19778736877388,50.461623157971
11.2563492063492,1.29598098120168,1.11702819603798,2.19673641886824,50.4625702045867
11.2564484126984,1.2958850106311,1.11710066929987,2.19568597172217,50.4635170972534
11.2565476190476,1.29578900642859,1.11717307566326,2.19463602709207,50.4644638359888
11.2566468253968,1.29569296869882,1.11724541513033,2.19358658473442,50.4654104208106
11.256746031746,1.2955968975465,1.11731768770323,2.19253764440578,50.4663568517367
11.2568452380952,1.29550079307635,1.11738989338405,2.1914892058629,50.4673031287847
11.2569444444444,1.29540465539314,1.11746203217489,2.19044126886256,50.4682492519723
11.2570436507937,1.29530848460167,1.11753410407778,2.18939383316166,50.4691952213171
11.2571428571429,1.29521228080677,1.11760610909475,2.18834689851724,50.4701410368367
11.2572420634921,1.2951160441133,1.11767804722776,2.1873004646864,50.4710866985487
11.2573412698413,1.29501977462615,1.11774991847878,2.18625453142638,50.4720322064705
11.2574404761905,1.29492347245025,1.11782172284971,2.18520909849452,50.4729775606197
11.2575396825397,1.29482713769055,1.11789346034244,2.18416416564825,50.4739227610137
11.2576388888889,1.29473077045205,1.11796513095883,2.18311973264513,50.4748678076699
11.2577380952381,1.29463437083976,1.11803673470068,2.18207579924281,50.4758127006056
11.2578373015873,1.29453793895874,1.11810827156979,2.18103236519905,50.4767574398382
11.2579365079365,1.29444147491407,1.11817974156792,2.17998943027171,50.4777020253849
11.2580357142857,1.29434497881087,1.11825114469677,2.17894699421878,50.4786464572631
11.2581349206349,1.29424845075429,1.11832248095806,2.17790505679833,50.4795907354899
11.2582341269841,1.29415189084952,1.11839375035342,2.17686361776853,50.4805348600825
11.2583333333333,1.29405529920175,1.11846495288449,2.17582267688771,50.481478831058
11.2584325396825,1.29395867591624,1.11853608855286,2.17478223391425,50.4824226484336
11.2585317460317,1.29386202109827,1.11860715736009,2.17374228860665,50.4833663122262
11.258630952381,1.29376533485314,1.1186781593077,2.17270284072352,50.4843098224531
11.2587301587302,1.2936686172862,1.1187490943972,2.17166389002359,50.485253179131
11.2588293650794,1.29357186850281,1.11881996263004,2.17062543626568,50.486196382277
11.2589285714286,1.29347508860839,1.11889076400766,2.16958747920872,50.4871394319079
11.2590277777778,1.29337827770837,1.11896149853146,2.16855001861174,50.4880823280408
11.259126984127,1.29328143590821,1.11903216620279,2.1675130542339,50.4890250706923
11.2592261904762,1.29318456331343,1.119102767023,2.16647658583443,50.4899676598793
11.2593253968254,1.29308766002954,1.11917330099339,2.16544061317269,50.4909100956186
11.2594246031746,1.29299072616212,1.11924376811522,2.16440513600815,50.4918523779268
11.2595238095238,1.29289376181677,1.11931416838973,2.16337015410038,50.4927945068208
11.259623015873,1.29279676709911,1.11938450181812,2.16233566720905,50.493736482317
11.2597222222222,1.2926997421148,1.11945476840157,2.16130167509392,50.4946783044322
11.2598214285714,1.29260268696953,1.11952496814122,2.16026817751492,50.4956199731829
11.2599206349206,1.29250560176904,1.11959510103817,2.15923517423202,50.4965614885856
11.2600198412698,1.29240848661907,1.1196651670935,2.15820266500531,50.4975028506569
11.260119047619,1.29231134162542,1.11973516630825,2.15717064959502,50.4984440594131
11.2602182539683,1.29221416689391,1.11980509868343,2.15613912776146,50.4993851148708
11.2603174603175,1.29211696253038,1.11987496422001,2.15510809926503,50.5003260170464
11.2604166666667,1.29201972864073,1.11994476291895,2.15407756386627,50.5012667659561
11.2605158730159,1.29192246533087,1.12001449478115,2.1530475213258,50.5022073616162
11.2606150793651,1.29182517270674,1.1200841598075,2.15201797140438,50.5031478040431
11.2607142857143,1.29172785087434,1.12015375799885,2.15098891386283,50.5040880932531
11.2608134920635,1.29163049993966,1.120223289356,2.14996034846211,50.5050282292622
11.2609126984127,1.29153312000877,1.12029275387974,2.14893227496329,50.5059682120866
11.2610119047619,1.29143571118772,1.12036215157083,2.14790469312751,50.5069080417426
11.2611111111111,1.29133827358264,1.12043148242998,2.14687760271606,50.5078477182461
11.2612103174603,1.29124080729965,1.12050074645788,2.14585100349029,50.5087872416132
11.2613095238095,1.29114331244494,1.12056994365518,2.14482489521171,50.5097266118599
11.2614087301587,1.29104578912471,1.12063907402251,2.14379927764191,50.5106658290023
11.2615079365079,1.29094823744519,1.12070813756044,2.14277415054256,50.5116048930562
11.2616071428571,1.29085065751266,1.12077713426955,2.14174951367548,50.5125438040375
11.2617063492063,1.2907530494334,1.12084606415035,2.14072536680258,50.5134825619621
11.2618055555556,1.29065541331377,1.12091492720333,2.13970170968586,50.5144211668458
11.2619047619048,1.29055774926011,1.12098372342896,2.13867854208745,50.5153596187045
11.262003968254,1.29046005737883,1.12105245282766,2.13765586376957,50.5162979175538
11.2621031746032,1.29036233777635,1.12112111539983,2.13663367449456,50.5172360634094
11.2622023809524,1.29026459055914,1.12118971114583,2.13561197402486,50.5181740562871
11.2623015873016,1.29016681583368,1.12125824006599,2.13459076212301,50.5191118962025
11.2624007936508,1.29006901370651,1.1213267021606,2.13357003855166,50.5200495831712
11.2625,1.28997118428417,1.12139509742994,2.13254980307357,50.5209871172087
11.2625992063492,1.28987332767325,1.12146342587423,2.13153005545162,50.5219244983306
11.2626984126984,1.28977544398038,1.12153168749368,2.13051079544874,50.5228617265523
11.2627976190476,1.28967753331221,1.12159988228845,2.12949202282805,50.5237988018893
11.2628968253968,1.28957959577542,1.12166801025868,2.12847373735273,50.524735724357
11.262996031746,1.28948163147673,1.12173607140447,2.12745593878605,50.5256724939708
11.2630952380952,1.28938364052288,1.1218040657259,2.12643862689141,50.5266091107461
11.2631944444444,1.28928562302066,1.121871993223,2.12542180143233,50.527545574698
11.2632936507937,1.28918757907687,1.12193985389578,2.1244054621724,50.5284818858419
11.2633928571429,1.28908950879837,1.12200764774422,2.12338960887534,50.5294180441931
11.2634920634921,1.28899141229203,1.12207537476825,2.12237424130497,50.5303540497666
11.2635912698413,1.28889328966474,1.12214303496778,2.12135935922523,50.5312899025776
11.2636904761905,1.28879514102347,1.12221062834269,2.12034496240014,50.5322256026413
11.2637896825397,1.28869696647517,1.12227815489283,2.11933105059385,50.5331611499727
11.2638888888889,1.28859876612685,1.12234561461801,2.1183176235706,50.5340965445869
11.2639880952381,1.28850054008555,1.122413007518,2.11730468109474,50.5350317864988
11.2640873015873,1.28840228845834,1.12248033359256,2.11629222293074,50.5359668757235
11.2641865079365,1.28830401135231,1.1225475928414,2.11528024884315,50.5369018122757
11.2642857142857,1.28820570887459,1.1226147852642,2.11426875859667,50.5378365961705
11.2643849206349,1.28810738113236,1.12268191086061,2.11325775195605,50.5387712274227
11.2644841269841,1.2880090282328,1.12274896963025,2.1122472286862,50.5397057060471
11.2645833333333,1.28791065028314,1.12281596157271,2.11123718855209,50.5406400320584
11.2646825396825,1.28781224739065,1.12288288668754,2.11022763131883,50.5415742054714
11.2647817460317,1.28771381966261,1.12294974497426,2.10921855675161,50.5425082263008
11.264880952381,1.28761536720636,1.12301653643235,2.10820996461576,50.5434420945612
11.2649801587302,1.28751689012923,1.12308326106128,2.10720185467668,50.5443758102673
11.2650793650794,1.28741838853863,1.12314991886046,2.1061942266999,50.5453093734337
11.2651785714286,1.28731986254197,1.1232165098293,2.10518708045105,50.5462427840748
11.2652777777778,1.28722131224671,1.12328303396714,2.10418041569586,50.5471760422053
11.265376984127,1.28712273776032,1.12334949127332,2.10317423220018,50.5481091478396
11.2654761904762,1.28702413919032,1.12341588174712,2.10216852972995,50.5490421009921
11.2655753968254,1.28692551664426,1.12348220538781,2.10116330805123,50.5499749016772
11.2656746031746,1.28682687022972,1.12354846219463,2.10015856693016,50.5509075499093
11.2657738095238,1.28672820005432,1.12361465216676,2.09915430613304,50.5518400457027
11.265873015873,1.28662950622569,1.12368077530337,2.09815052542622,50.5527723890717
11.2659722222222,1.2865307888515,1.12374683160359,2.0971472245762,50.5537045800305
11.2660714285714,1.28643204803948,1.12381282106653,2.09614440334955,50.5546366185933
11.2661706349206,1.28633328389735,1.12387874369125,2.09514206151297,50.5555685047744
11.2662698412698,1.28623449653289,1.12394459947678,2.09414019883326,50.5565002385878
11.266369047619,1.28613568605391,1.12401038842213,2.09313881507731,50.5574318200477
11.2664682539683,1.28603685256823,1.12407611052627,2.09213791001215,50.5583632491681
11.2665674603175,1.28593799618372,1.12414176578814,2.09113748340488,50.559294525963
11.2666666666667,1.28583911700829,1.12420735420664,2.09013753502274,50.5602256504464
11.2667658730159,1.28574021514986,1.12427287578064,2.08913806463305,50.5611566226323
11.2668650793651,1.2856412907164,1.124338330509,2.08813907200326,50.5620874425346
11.2669642857143,1.28554234381591,1.1244037183905,2.0871405569009,50.5630181101671
11.2670634920635,1.2854433745564,1.12446903942394,2.08614251909361,50.5639486255437
11.2671626984127,1.28534438304595,1.12453429360806,2.08514495834916,50.5648789886782
11.2672619047619,1.28524536939263,1.12459948094156,2.08414787443542,50.5658091995843
11.2673611111111,1.28514633370459,1.12466460142313,2.08315126712035,50.5667392582757
11.2674603174603,1.28504727608996,1.12472965505141,2.08215513617202,50.5676691647662
11.2675595238095,1.28494819665693,1.12479464182501,2.08115948135861,50.5685989190694
11.2676587301587,1.28484909551374,1.12485956174252,2.08016430244842,50.5695285211988
11.2677579365079,1.28474997276862,1.1249244148025,2.07916959920983,50.5704579711682
11.2678571428571,1.28465082852986,1.12498920100344,2.07817537141135,50.5713872689909
11.2679563492063,1.28455166290578,1.12505392034385,2.07718161882158,50.5723164146806
11.2680555555556,1.28445247600472,1.12511857282217,2.07618834120923,50.5732454082505
11.2681547619048,1.28435326793506,1.12518315843682,2.07519553834312,50.5741742497143
11.268253968254,1.28425403880521,1.1252476771862,2.07420320999219,50.5751029390853
11.2683531746032,1.28415478872362,1.12531212906865,2.07321135592545,50.5760314763767
11.2684523809524,1.28405551779876,1.12537651408249,2.07221997591205,50.576959861602
11.2685515873016,1.28395622613913,1.12544083222603,2.07122906972123,50.5778880947743
11.2686507936508,1.28385691385328,1.12550508349751,2.07023863712233,50.578816175907
11.26875,1.28375758104978,1.12556926789517,2.06924867788483,50.5797441050132
11.2688492063492,1.28365822783723,1.12563338541719,2.06825919177829,50.5806718821061
11.2689484126984,1.28355885432426,1.12569743606174,2.06727017857237,50.5815995071988
11.2690476190476,1.28345946061955,1.12576141982695,2.06628163803684,50.5825269803043
11.2691468253968,1.28336004683178,1.12582533671091,2.06529356994159,50.5834543014358
11.269246031746,1.2832606130697,1.12588918671168,2.06430597405662,50.5843814706062
11.2693452380952,1.28316115944206,1.1259529698273,2.063318850152,50.5853084878285
11.2694444444444,1.28306168605766,1.12601668605578,2.06233219799795,50.5862353531157
11.2695436507937,1.28296219302533,1.12608033539506,2.06134601736477,50.5871620664806
11.2696428571429,1.28286268045392,1.12614391784309,2.06036030802288,50.5880886279361
11.2697420634921,1.28276314845233,1.12620743339778,2.05937506974279,50.5890150374951
11.2698412698413,1.28266359712947,1.12627088205698,2.05839030229513,50.5899412951702
11.2699404761905,1.28256402659431,1.12633426381855,2.05740600545064,50.5908674009742
11.2700396825397,1.28246443695582,1.12639757868027,2.05642217898016,50.59179335492
11.2701388888889,1.28236482832303,1.12646082663993,2.0554388226546,50.59271915702
11.2702380952381,1.282265200805,1.12652400769527,2.05445593624507,50.593644807287
11.2703373015873,1.28216555451079,1.12658712184399,2.05347351952269,50.5945703057336
11.2704365079365,1.28206588954953,1.12665016908377,2.05249157225873,50.5954956523722
11.2705357142857,1.28196620603036,1.12671314941225,2.05151009422457,50.5964208472155
11.2706349206349,1.28186650406246,1.12677606282704,2.05052908519168,50.597345890276
11.2707341269841,1.28176678375504,1.12683890932573,2.04954854493165,50.5982707815659
11.2708333333333,1.28166704521735,1.12690168890585,2.04856847321616,50.5991955210979
11.2709325396825,1.28156728855865,1.12696440156492,2.04758886981701,50.6001201088841
11.2710317460317,1.28146751388826,1.12702704730042,2.0466097345061,50.6010445449371
11.271130952381,1.28136772131552,1.12708962610981,2.04563106705545,50.601968829269
11.2712301587302,1.28126791094978,1.12715213799049,2.04465286723716,50.6028929618922
11.2713293650794,1.28116808290047,1.12721458293986,2.04367513482346,50.6038169428187
11.2714285714286,1.281068237277,1.12727696095525,2.04269786958667,50.6047407720609
11.2715277777778,1.28096837418885,1.127339272034,2.04172107129924,50.6056644496309
11.271626984127,1.28086849374551,1.12740151617339,2.04074473973368,50.6065879755408
11.2717261904762,1.28076859605652,1.12746369337068,2.03976887466267,50.6075113498026
11.2718253968254,1.28066868123144,1.12752580362308,2.03879347585895,50.6084345724284
11.2719246031746,1.28056874937986,1.12758784692778,2.03781854309538,50.6093576434302
11.2720238095238,1.28046880061141,1.12764982328195,2.03684407614492,50.6102805628199
11.272123015873,1.28036883503574,1.12771173268271,2.03587007478065,50.6112033306094
11.2722222222222,1.28026885276255,1.12777357512715,2.03489653877574,50.6121259468107
11.2723214285714,1.28016885390156,1.12783535061234,2.03392346790348,50.6130484114356
11.2724206349206,1.28006883856253,1.12789705913529,2.03295086193727,50.6139707244958
11.2725198412698,1.27996880685523,1.12795870069301,2.03197872065059,50.6148928860033
11.272619047619,1.27986875888949,1.12802027528246,2.03100704381705,50.6158148959696
11.2727182539683,1.27976869477515,1.12808178290056,2.03003583121036,50.6167367544065
11.2728174603175,1.27966861462211,1.12814322354423,2.02906508260434,50.6176584613256
11.2729166666667,1.27956851854027,1.12820459721032,2.0280947977729,50.6185800167386
11.2730158730159,1.27946840663958,1.12826590389567,2.02712497649009,50.619501420657
11.2731150793651,1.27936827903002,1.12832714359708,2.02615561853002,50.6204226730924
11.2732142857143,1.2792681358216,1.12838831631132,2.02518672366695,50.6213437740564
11.2733134920635,1.27916797712435,1.12844942203513,2.02421829167523,50.6222647235602
11.2734126984127,1.27906780304836,1.1285104607652,2.02325032232931,50.6231855216155
11.2735119047619,1.27896761370373,1.12857143249822,2.02228281540374,50.6241061682336
11.2736111111111,1.2788674092006,1.12863233723082,2.0213157706732,50.6250266634258
11.2737103174603,1.27876718964914,1.1286931749596,2.02034918791246,50.6259470072035
11.2738095238095,1.27866695515954,1.12875394568115,2.01938306689639,50.6268671995779
11.2739087301587,1.27856670584205,1.12881464939201,2.01841740739999,50.6277872405603
11.2740079365079,1.27846644180693,1.12887528608868,2.01745220919834,50.6287071301619
11.2741071428571,1.27836616316447,1.12893585576764,2.01648747206664,50.6296268683939
11.2742063492063,1.27826587002501,1.12899635842535,2.01552319578021,50.6305464552673
11.2743055555556,1.27816556249891,1.1290567940582,2.01455938011444,50.6314658907934
11.2744047619048,1.27806524069657,1.12911716266259,2.01359602484486,50.6323851749831
11.274503968254,1.2779649047284,1.12917746423486,2.0126331297471,50.6333043078475
11.2746031746032,1.27786455470487,1.12923769877132,2.01167069459686,50.6342232893975
11.2747023809524,1.27776419073646,1.12929786626827,2.01070871917001,50.6351421196441
11.2748015873016,1.2776638129337,1.12935796672195,2.00974720324248,50.6360607985982
11.2749007936508,1.27756342140714,1.12941800012857,2.00878614659032,50.6369793262707
11.275,1.27746301626737,1.12947796648433,2.00782554898968,50.6378977026724
11.2750992063492,1.27736259762501,1.12953786578538,2.00686541021683,50.6388159278141
11.2751984126984,1.2772621655907,1.12959769802784,2.00590573004814,50.6397340017065
11.2752976190476,1.27716172027512,1.12965746320781,2.00494650826007,50.6406519243604
11.2753968253968,1.277061261789,1.12971716132133,2.00398774462921,50.6415696957864
11.275496031746,1.27696079024307,1.12977679236443,2.00302943893226,50.6424873159952
11.2755952380952,1.27686030574811,1.12983635633311,2.00207159094599,50.6434047849974
11.2756944444444,1.27675980841493,1.12989585322332,2.00111420044731,50.6443221028036
11.2757936507937,1.27665929835438,1.12995528303099,2.00015726721322,50.6452392694243
11.2758928571429,1.27655877567732,1.13001464575202,1.99920079102085,50.64615628487
11.2759920634921,1.27645824049467,1.13007394138226,1.9982447716474,50.6470731491511
11.2760912698413,1.27635769291736,1.13013316991756,1.99728920887019,50.6479898622781
11.2761904761905,1.27625713305635,1.1301923313537,1.99633410246667,50.6489064242613
11.2762896825397,1.27615656102266,1.13025142568645,1.99537945221438,50.6498228351111
11.2763888888889,1.27605597692731,1.13031045291155,1.99442525789095,50.6507390948378
11.2764880952381,1.27595538088137,1.1303694130247,1.99347151927413,50.6516552034516
11.2765873015873,1.27585477299594,1.13042830602156,1.99251823614179,50.6525711609628
11.2766865079365,1.27575415338215,1.13048713189777,1.99156540827188,50.6534869673817
11.2767857142857,1.27565352215115,1.13054589064893,1.99061303544248,50.6544026227182
11.2768849206349,1.27555287941414,1.13060458227062,1.98966111743175,50.6553181269826
11.2769841269841,1.27545222528235,1.13066320675838,1.98870965401799,50.656233480185
11.2770833333333,1.27535155986703,1.1307217641077,1.98775864497958,50.6571486823353
11.2771825396825,1.27525088327948,1.13078025431407,1.98680809009501,50.6580637334436
11.2772817460317,1.27515019563101,1.13083867737293,1.98585798914288,50.6589786335199
11.277380952381,1.27504949703298,1.13089703327968,1.98490834190191,50.6598933825741
11.2774801587302,1.27494878759677,1.13095532202971,1.98395914815091,50.660807980616
11.2775793650794,1.27484806743379,1.13101354361835,1.98301040766877,50.6617224276556
11.2776785714286,1.27474733665551,1.13107169804092,1.98206212023456,50.6626367237026
11.2777777777778,1.2746465953734,1.1311297852927,1.9811142856274,50.6635508687668
11.277876984127,1.27454584369897,1.13118780536894,1.98016690362652,50.664464862858
11.2779761904762,1.27444508174376,1.13124575826486,1.97921997401127,50.6653787059859
11.2780753968254,1.27434430961937,1.13130364397562,1.9782734965611,50.6662923981601
11.2781746031746,1.27424352743738,1.1313614624964,1.97732747105556,50.6672059393903
11.2782738095238,1.27414273530946,1.13141921382229,1.97638189727433,50.668119329686
11.278373015873,1.27404193334726,1.1314768979484,1.97543677499718,50.6690325690569
11.2784722222222,1.27394112166249,1.13153451486977,1.97449210400397,50.6699456575124
11.2785714285714,1.27384030036689,1.13159206458142,1.97354788407469,50.670858595062
11.2786706349206,1.27373946957223,1.13164954707834,1.97260411498944,50.6717713817152
11.2787698412698,1.27363862939031,1.13170696235549,1.9716607965284,50.6726840174813
11.278869047619,1.27353777993297,1.13176431040779,1.97071792847188,50.6735965023698
11.2789682539683,1.27343692131206,1.13182159123014,1.9697755106003,50.6745088363899
11.2790674603175,1.27333605363948,1.13187880481739,1.96883354269414,50.675421019551
11.2791666666667,1.27323517702717,1.13193595116437,1.96789202453406,50.6763330518623
11.2792658730159,1.27313429158709,1.13199303026587,1.96695095590077,50.677244933333
11.2793650793651,1.27303339743122,1.13205004211666,1.96601033657511,50.6781566639723
11.2794642857143,1.27293249467159,1.13210698671146,1.96507016633802,50.6790682437893
11.2795634920635,1.27283158342026,1.13216386404497,1.96413044497053,50.6799796727932
11.2796626984127,1.27273066378932,1.13222067411186,1.96319117225381,50.680890950993
11.2797619047619,1.27262973589088,1.13227741690676,1.96225234796912,50.6818020783978
11.2798611111111,1.27252879983711,1.13233409242427,1.96131397189781,50.6827130550165
11.2799603174603,1.27242785574018,1.13239070065895,1.96037604382137,50.683623880858
11.2800595238095,1.27232690371231,1.13244724160535,1.95943856352136,50.6845345559314
11.2801587301587,1.27222594386576,1.13250371525797,1.95850153077948,50.6854450802455
11.2802579365079,1.27212497631279,1.13256012161126,1.95756494537751,50.6863554538091
11.2803571428571,1.27202400116573,1.13261646065969,1.95662880709736,50.687265676631
11.2804563492063,1.27192301853692,1.13267273239764,1.95569311572102,50.68817574872
11.2805555555556,1.27182202853873,1.1327289368195,1.95475787103059,50.6890856700848
11.2806547619048,1.27172103128358,1.1327850739196,1.95382307280831,50.6899954407342
11.280753968254,1.2716200268839,1.13284114369225,1.95288872083649,50.6909050606767
11.2808531746032,1.27151901545216,1.13289714613173,1.95195481489757,50.691814529921
11.2809523809524,1.27141799710088,1.13295308123229,1.95102135477407,50.6927238484757
11.2810515873016,1.27131697194259,1.13300894898813,1.95008834024864,50.6936330163492
11.2811507936508,1.27121593969109,1.13306474956644,1.9491557710308,50.6945420337276
11.28125,1.27111489726713,1.13312048434402,1.94822364632933,50.6954509020357
11.2813492063492,1.27101384400447,1.13317615364672,1.94729196581756,50.6963596216208
11.2814484126984,1.2709127799086,1.13323175750862,1.94636072929412,50.6972681925307
11.2815476190476,1.27081170498504,1.13328729596378,1.94542993655772,50.6981766148135
11.2816468253968,1.27071061923935,1.1333427690462,1.94449958740711,50.6990848885168
11.281746031746,1.27060952267714,1.13339817678987,1.94356968164112,50.6999930136887
11.2818452380952,1.27050841530404,1.13345351922876,1.94264021905863,50.7009009903768
11.2819444444444,1.27040729712575,1.13350879639681,1.94171119945861,50.7018088186291
11.2820436507937,1.27030616814797,1.13356400832791,1.94078262264007,50.7027164984931
11.2821428571429,1.27020502837648,1.13361915505594,1.9398544884021,50.7036240300167
11.2822420634921,1.27010387781708,1.13367423661477,1.93892679654385,50.7045314132475
11.2823412698413,1.2700027164756,1.1337292530382,1.93799954686454,50.7054386482331
11.2824404761905,1.26990154435793,1.13378420436003,1.93707273916344,50.7063457350213
11.2825396825397,1.26980036146999,1.13383909061404,1.9361463732399,50.7072526736595
11.2826388888889,1.26969916781773,1.13389391183395,1.93522044889332,50.7081594641954
11.2827380952381,1.26959796340716,1.13394866805349,1.93429496592318,50.7090661066765
11.2828373015873,1.26949674824432,1.13400335930634,1.93336992412902,50.7099726011502
11.2829365079365,1.26939552233529,1.13405798562614,1.93244532331044,50.7108789476641
11.2830357142857,1.26929428568618,1.13411254704654,1.93152116326711,50.7117851462655
11.2831349206349,1.26919303830316,1.13416704360113,1.93059744379876,50.712691197002
11.2832341269841,1.26909178019242,1.13422147532348,1.92967416470519,50.7135970999208
11.2833333333333,1.2689905113602,1.13427584224715,1.92875132578626,50.7145028550693
11.2834325396825,1.26888923181278,1.13433014440563,1.9278289268419,50.7154084624948
11.2835317460317,1.26878794155647,1.13438438183244,1.92690696767209,50.7163139222446
11.283630952381,1.26868664059764,1.13443855456102,1.9259854480769,50.7172192343659
11.2837301587302,1.26858532894268,1.13449266262482,1.92506436785645,50.718124398906
11.2838293650794,1.26848400659802,1.13454670605723,1.92414372681092,50.719029415912
11.2839285714286,1.26838267357015,1.13460068489164,1.92322352474056,50.7199342854312
11.2840277777778,1.26828132986557,1.13465459916139,1.9223037614457,50.7208390075106
11.284126984127,1.26817997549085,1.13470844889982,1.9213844367267,50.7217435821972
11.2842261904762,1.26807861045257,1.13476223414021,1.92046555038401,50.7226480095383
11.2843253968254,1.26797723475738,1.13481595491583,1.91954710221815,50.7235522895808
11.2844246031746,1.26787584841195,1.13486961125992,1.91862909202969,50.7244564223717
11.2845238095238,1.267774451423,1.1349232032057,1.91771151961926,50.725360407958
11.284623015873,1.26767304379726,1.13497673078634,1.91679438478758,50.7262642463867
11.2847222222222,1.26757162554155,1.13503019403501,1.9158776873354,50.7271679377045
11.2848214285714,1.2674701966627,1.13508359298483,1.91496142706357,50.7280714819585
11.2849206349206,1.26736875716757,1.1351369276689,1.91404560377298,50.7289748791954
11.2850198412698,1.26726730706308,1.13519019812029,1.91313021726458,50.7298781294621
11.285119047619,1.26716584635618,1.13524340437206,1.91221526733942,50.7307812328053
11.2852182539683,1.26706437505387,1.13529654645721,1.91130075379859,50.7316841892719
11.2853174603175,1.26696289316317,1.13534962440874,1.91038667644324,50.7325869989085
11.2854166666667,1.26686140069116,1.13540263825961,1.9094730350746,50.7334896617618
11.2855158730159,1.26675989764496,1.13545558804275,1.90855982949394,50.7343921778784
11.2856150793651,1.2666583840317,1.13550847379107,1.90764705950263,50.7352945473051
11.2857142857143,1.26655685985858,1.13556129553745,1.90673472490208,50.7361967700883
11.2858134920635,1.26645532513283,1.13561405331474,1.90582282549377,50.7370988462748
11.2859126984127,1.26635377986172,1.13566674715575,1.90491136107924,50.7380007759109
11.2860119047619,1.26625222405257,1.13571937709329,1.90400033146011,50.7389025590432
11.2861111111111,1.26615065771271,1.13577194316013,1.90308973643805,50.7398041957182
11.2862103174603,1.26604908084955,1.13582444538899,1.9021795758148,50.7407056859823
11.2863095238095,1.2659474934705,1.13587688381261,1.90126984939217,50.7416070298819
11.2864087301587,1.26584589558303,1.13592925846365,1.90036055697202,50.7425082274635
11.2865079365079,1.26574428719466,1.13598156937477,1.89945169835628,50.7434092787732
11.2866071428571,1.26564266831294,1.13603381657861,1.89854327334697,50.7443101838576
11.2867063492063,1.26554103894544,1.13608600010776,1.89763528174615,50.7452109427628
11.2868055555556,1.2654393990998,1.13613811999479,1.89672772335594,50.7461115555351
11.2869047619048,1.26533774878369,1.13619017627226,1.89582059797853,50.7470120222208
11.287003968254,1.2652360880048,1.13624216897267,1.89491390541619,50.7479123428659
11.2871031746032,1.2651344167709,1.13629409812853,1.89400764547123,50.7488125175168
11.2872023809524,1.26503273508975,1.13634596377228,1.89310181794605,50.7497125462194
11.2873015873016,1.26493104296919,1.13639776593637,1.8921964226431,50.75061242902
11.2874007936508,1.26482934041709,1.1364495046532,1.89129145936489,50.7515121659646
11.2875,1.26472762744135,1.13650117995514,1.890386927914,50.7524117570991
11.2875992063492,1.26462590404991,1.13655279187456,1.88948282809309,50.7533112024698
11.2876984126984,1.26452417025076,1.13660434044377,1.88857915970486,50.7542105021224
11.2877976190476,1.26442242605192,1.13665582569506,1.88767592255209,50.7551096561029
11.2878968253968,1.26432067146145,1.13670724766071,1.88677311643762,50.7560086644573
11.287996031746,1.26421890648747,1.13675860637295,1.88587074116435,50.7569075272314
11.2880952380952,1.2641171311381,1.136809901864,1.88496879653527,50.7578062444712
11.2881944444444,1.26401534542155,1.13686113416603,1.8840672823534,50.7587048162223
11.2882936507937,1.26391354934602,1.13691230331122,1.88316619842184,50.7596032425306
11.2883928571429,1.26381174291978,1.13696340933167,1.88226554454376,50.7605015234419
11.2884920634921,1.26370992615114,1.1370144522595,1.88136532052239,50.7613996590018
11.2885912698413,1.26360809904842,1.13706543212678,1.88046552616102,50.7622976492562
11.2886904761905,1.26350626162003,1.13711634896555,1.87956616126301,50.7631954942505
11.2887896825397,1.26340441387437,1.13716720280784,1.87866722563178,50.7640931940306
11.2888888888889,1.26330255581991,1.13721799368562,1.87776871907083,50.7649907486419
11.2889880952381,1.26320068746514,1.13726872163086,1.8768706413837,50.76588815813
11.2890873015873,1.26309880881861,1.1373193866755,1.87597299237402,50.7667854225405
11.2891865079365,1.2629969198889,1.13736998885144,1.87507577184546,50.7676825419189
11.2892857142857,1.26289502068463,1.13742052819055,1.87417897960178,50.7685795163107
11.2893849206349,1.26279311121445,1.1374710047247,1.87328261544678,50.7694763457613
11.2894841269841,1.26269119148707,1.13752141848571,1.87238667918434,50.7703730303161
11.2895833333333,1.26258926151122,1.13757176950536,1.87149117061842,50.7712695700205
11.2896825396825,1.26248732129569,1.13762205781542,1.87059608955301,50.7721659649199
11.2897817460317,1.26238537084928,1.13767228344765,1.86970143579218,50.7730622150596
11.289880952381,1.26228341018086,1.13772244643374,1.86880720914008,50.7739583204848
11.2899801587302,1.26218143929933,1.13777254680538,1.86791340940089,50.7748542812409
11.2900793650794,1.26207945821361,1.13782258459422,1.8670200363789,50.7757500973731
11.2901785714286,1.2619774669327,1.13787255983191,1.86612708987842,50.7766457689265
11.2902777777778,1.2618754654656,1.13792247255003,1.86523456970385,50.7775412959463
11.290376984127,1.26177345382137,1.13797232278015,1.86434247565965,50.7784366784777
11.2904761904762,1.26167143200911,1.13802211055384,1.86345080755036,50.7793319165658
11.2905753968254,1.26156940003795,1.13807183590259,1.86255956518055,50.7802270102556
11.2906746031746,1.26146735791707,1.13812149885791,1.86166874835488,50.7811219595921
11.2907738095238,1.26136530565568,1.13817109945124,1.86077835687807,50.7820167646205
11.290873015873,1.26126324326304,1.13822063771404,1.8598883905549,50.7829114253857
11.2909722222222,1.26116117074843,1.1382701136777,1.85899884919022,50.7838059419326
11.2910714285714,1.2610590881212,1.1383195273736,1.85810973258895,50.7847003143061
11.2911706349206,1.26095699539073,1.13836887883309,1.85722104055607,50.7855945425511
11.2912698412698,1.26085489256641,1.1384181680875,1.85633277289661,50.7864886267125
11.291369047619,1.26075277965771,1.13846739516812,1.85544492941569,50.7873825668351
11.2914682539683,1.26065065667411,1.13851656010621,1.85455750991847,50.7882763629638
11.2915674603175,1.26054852362516,1.13856566293302,1.85367051421019,50.7891700151431
11.2916666666667,1.26044638052042,1.13861470367976,1.85278394209617,50.790063523418
11.2917658730159,1.2603442273695,1.13866368237762,1.85189779338175,50.7909568878331
11.2918650793651,1.26024206418205,1.13871259905774,1.85101206787237,50.791850108433
11.2919642857143,1.26013989096778,1.13876145375126,1.85012676537354,50.7927431852624
11.2920634920635,1.2600377077364,1.13881024648928,1.84924188569081,50.7936361183659
11.2921626984127,1.25993551449768,1.13885897730287,1.8483574286298,50.7945289077881
11.2922619047619,1.25983331126145,1.13890764622307,1.8474733939962,50.7954215535735
11.2923611111111,1.25973109803754,1.13895625328091,1.84658978159578,50.7963140557667
11.2924603174603,1.25962887483585,1.13900479850737,1.84570659123434,50.7972064144121
11.2925595238095,1.25952664166631,1.13905328193342,1.84482382271778,50.7980986295541
11.2926587301587,1.25942439853889,1.13910170358998,1.84394147585205,50.7989907012373
11.2927579365079,1.25932214546358,1.13915006350797,1.84305955044316,50.7998826295059
11.2928571428571,1.25921988245045,1.13919836171827,1.84217804629719,50.8007744144044
11.2929563492063,1.25911760950959,1.13924659825172,1.84129696322028,50.801666055977
11.2930555555556,1.25901532665111,1.13929477313914,1.84041630101864,50.8025575542681
11.2931547619048,1.25891303388518,1.13934288641134,1.83953605949854,50.8034489093219
11.293253968254,1.25881073122202,1.13939093809907,1.83865623846633,50.8043401211826
11.2933531746032,1.25870841867187,1.13943892823309,1.8377768377284,50.8052311898946
11.2934523809524,1.25860609624502,1.1394868568441,1.83689785709122,50.8061221155018
11.2935515873016,1.25850376395179,1.13953472396278,1.83601929636132,50.8070128980486
11.2936507936508,1.25840142180255,1.13958252961979,1.83514115534531,50.8079035375789
11.29375,1.2582990698077,1.13963027384576,1.83426343384983,50.8087940341368
11.2938492063492,1.25819670797769,1.13967795667129,1.83338613168163,50.8096843877665
11.2939484126984,1.258094336323,1.13972557812696,1.83250924864748,50.8105745985119
11.2940476190476,1.25799195485417,1.1397731382433,1.83163278455425,50.811464666417
11.2941468253968,1.25788956358175,1.13982063705084,1.83075673920886,50.8123545915258
11.294246031746,1.25778716251634,1.13986807458006,1.8298811124183,50.8132443738821
11.2943452380952,1.2576847516686,1.13991545086143,1.8290059039896,50.81413401353
11.2944444444444,1.2575823310492,1.13996276592539,1.8281311137299,50.8150235105131
11.2945436507937,1.25747990066887,1.14001001980232,1.82725674144636,50.8159128648755
11.2946428571429,1.25737746053837,1.14005721252263,1.82638278694624,50.8168020766607
11.2947420634921,1.2572750106685,1.14010434411665,1.82550925003684,50.8176911459128
11.2948412698413,1.25717255107011,1.14015141461471,1.82463613052553,50.8185800726752
11.2949404761905,1.25707008175407,1.1401984240471,1.82376342821976,50.8194688569919
11.2950396825397,1.25696760273132,1.1402453724441,1.82289114292702,50.8203574989064
11.2951388888889,1.2568651140128,1.14029225983594,1.8220192744549,50.8212459984624
11.2952380952381,1.25676261560953,1.14033908625283,1.82114782261101,50.8221343557034
11.2953373015873,1.25666010753253,1.14038585172495,1.82027678720306,50.8230225706732
11.2954365079365,1.2565575897929,1.14043255628248,1.8194061680388,50.8239106434152
11.2955357142857,1.25645506240175,1.14047919995552,1.81853596492608,50.8247985739729
11.2956349206349,1.25635252537024,1.14052578277418,1.81766617767279,50.8256863623899
11.2957341269841,1.25624997870958,1.14057230476854,1.81679680608686,50.8265740087096
11.2958333333333,1.25614742243099,1.14061876596864,1.81592784997634,50.8274615129754
11.2959325396825,1.25604485654576,1.1406651664045,1.8150593091493,50.8283488752307
11.2960317460317,1.25594228106521,1.14071150610611,1.8141911834139,50.8292360955188
11.296130952381,1.25583969600069,1.14075778510342,1.81332347257835,50.8301231738832
11.2962301587302,1.25573710136361,1.14080400342638,1.81245617645093,50.8310101103671
11.2963293650794,1.2556344971654,1.14085016110489,1.81158929483999,50.8318969050137
11.2964285714286,1.25553188341754,1.14089625816883,1.81072282755394,50.8327835578664
11.2965277777778,1.25542926013154,1.14094229464804,1.80985677440126,50.8336700689682
11.296626984127,1.25532662731897,1.14098827057236,1.80899113519047,50.8345564383625
11.2967261904762,1.25522398499141,1.14103418597157,1.8081259097302,50.8354426660923
11.2968253968254,1.2551213331605,1.14108004087545,1.8072610978291,50.8363287522008
11.2969246031746,1.25501867183793,1.14112583531373,1.8063966992959,50.837214696731
11.2970238095238,1.2549160010354,1.14117156931613,1.80553271393943,50.8381004997261
11.297123015873,1.25481332076467,1.14121724291232,1.80466914156852,50.8389861612289
11.2972222222222,1.25471063103754,1.14126285613197,1.80380598199212,50.8398716812825
11.2973214285714,1.25460793186584,1.14130840900471,1.80294323501922,50.8407570599299
11.2974206349206,1.25450522326144,1.14135390156013,1.80208090045887,50.841642297214
11.2975198412698,1.25440250523625,1.14139933382781,1.80121897812019,50.8425273931776
11.297619047619,1.25429977780224,1.14144470583729,1.80035746781237,50.8434123478637
11.2977182539683,1.2541970409714,1.1414900176181,1.79949636934467,50.8442971613151
11.2978174603175,1.25409429475575,1.14153526919971,1.79863568252641,50.8451818335746
11.2979166666667,1.25399153916737,1.14158046061159,1.79777540716695,50.846066364685
11.2980158730159,1.25388877421837,1.14162559188318,1.79691554307576,50.8469507546889
11.2981150793651,1.2537859999209,1.14167066304389,1.79605609006233,50.8478350036292
11.2982142857143,1.25368321628716,1.14171567412308,1.79519704793625,50.8487191115484
11.2983134920635,1.25358042332938,1.14176062515011,1.79433841650716,50.8496030784893
11.2984126984127,1.25347762105983,1.14180551615431,1.79348019558475,50.8504869044945
11.2985119047619,1.25337480949082,1.14185034716497,1.79262238497882,50.8513705896064
11.2986111111111,1.25327198863469,1.14189511821136,1.79176498449918,50.8522541338678
11.2987103174603,1.25316915850385,1.14193982932271,1.79090799395574,50.8531375373211
11.2988095238095,1.25306631911071,1.14198448052824,1.79005141315847,50.8540208000088
11.2989087301587,1.25296347046775,1.14202907185713,1.78919524191738,50.8549039219734
11.2990079365079,1.25286061258748,1.14207360333854,1.78833948004258,50.8557869032573
11.2991071428571,1.25275774548245,1.1421180750016,1.78748412734422,50.8566697439029
11.2992063492063,1.25265486916525,1.1421624868754,1.78662918363253,50.8575524439525
11.2993055555556,1.25255198364849,1.14220683898903,1.7857746487178,50.8584350034486
11.2994047619048,1.25244908894486,1.14225113137152,1.78492052241037,50.8593174224334
11.299503968254,1.25234618506706,1.1422953640519,1.78406680452067,50.8601997009491
11.2996031746032,1.25224327202784,1.14233953705914,1.78321349485918,50.8610818390381
11.2997023809524,1.25214034983998,1.14238365042223,1.78236059323645,50.8619638367425
11.2998015873016,1.25203741851631,1.14242770417008,1.78150809946308,50.8628456941046
11.2999007936508,1.2519344780697,1.1424716983316,1.78065601334975,50.8637274111664
11.3,1.25183152851305,1.14251563293568,1.77980433470721,50.8646089879702
11.3000992063492,1.25172856985931,1.14255950801117,1.77895306334627,50.8654904245579
11.3001984126984,1.25162560212146,1.14260332358688,1.77810219907779,50.8663717209716
11.3002976190476,1.25152262531253,1.14264707969161,1.77725174171271,50.8672528772534
11.3003968253968,1.25141963944559,1.14269077635414,1.77640169106203,50.8681338934453
11.300496031746,1.25131664453374,1.14273441360319,1.77555204693682,50.8690147695892
11.3005952380952,1.25121364059012,1.14277799146748,1.7747028091482,50.869895505727
11.3006944444444,1.25111062762792,1.1428215099757,1.77385397750737,50.8707761019007
11.3007936507937,1.25100760566036,1.1428649691565,1.7730055518256,50.8716565581522
11.3008928571429,1.2509045747007,1.14290836903851,1.77215753191419,50.8725368745232
11.3009920634921,1.25080153476226,1.14295170965033,1.77130991758455,50.8734170510555
11.3010912698413,1.25069848585836,1.14299499102054,1.77046270864813,50.8742970877911
11.3011904761905,1.25059542800239,1.14303821317767,1.76961590491645,50.8751769847715
11.3012896825397,1.25049236120778,1.14308137615025,1.76876950620108,50.8760567420385
11.3013888888889,1.25038928548798,1.14312447996677,1.76792351231367,50.8769363596339
11.3014880952381,1.25028620085651,1.14316752465568,1.76707792306596,50.8778158375992
11.3015873015873,1.25018310732689,1.14321051024543,1.7662327382697,50.878695175976
11.3016865079365,1.25008000491271,1.14325343676441,1.76538795773674,50.8795743748061
11.3017857142857,1.24997689362759,1.14329630424101,1.76454358127899,50.8804534341308
11.3018849206349,1.2498737734852,1.14333911270358,1.76369960870842,50.8813323539918
11.3019841269841,1.24977064449922,1.14338186218044,1.76285603983706,50.8822111344306
11.3020833333333,1.24966750668341,1.14342455269988,1.76201287447703,50.8830897754885
11.3021825396825,1.24956436005153,1.14346718429018,1.76117011244048,50.8839682772071
11.3022817460317,1.24946120461741,1.14350975697957,1.76032775353964,50.8848466396278
11.302380952381,1.24935804039491,1.14355227079626,1.75948579758682,50.8857248627919
11.3024801587302,1.24925486739793,1.14359472576844,1.75864424439436,50.8866029467408
11.3025793650794,1.2491516856404,1.14363712192427,1.75780309377471,50.8874808915157
11.3026785714286,1.2490484951363,1.14367945929187,1.75696234554034,50.888358697158
11.3027777777778,1.24894529589965,1.14372173789934,1.75612199950381,50.8892363637089
11.302876984127,1.24884208794451,1.14376395777476,1.75528205547773,50.8901138912097
11.3029761904762,1.24873887128497,1.14380611894617,1.75444251327481,50.8909912797014
11.3030753968254,1.24863564593517,1.1438482214416,1.75360337270778,50.8918685292253
11.3031746031746,1.24853241190928,1.14389026528902,1.75276463358947,50.8927456398225
11.3032738095238,1.24842916922153,1.1439322505164,1.75192629573273,50.8936226115341
11.303373015873,1.24832591788617,1.14397417715168,1.75108835895053,50.8944994444012
11.3034722222222,1.24822265791748,1.14401604522276,1.75025082305587,50.8953761384647
11.3035714285714,1.24811938932982,1.14405785475751,1.74941368786182,50.8962526937657
11.3036706349206,1.24801611213755,1.1440996057838,1.74857695318152,50.8971291103451
11.3037698412698,1.24791282635508,1.14414129832945,1.74774061882817,50.8980053882439
11.303869047619,1.24780953199688,1.14418293242224,1.74690468461504,50.898881527503
11.3039682539683,1.24770622907743,1.14422450808995,1.74606915035545,50.8997575281633
11.3040674603175,1.24760291761127,1.14426602536031,1.74523401586282,50.9006333902656
11.3041666666667,1.24749959761297,1.14430748426104,1.74439928095059,50.9015091138507
11.3042658730159,1.24739626909714,1.14434888481983,1.7435649454323,50.9023846989595
11.3043650793651,1.24729293207844,1.14439022706432,1.74273100912152,50.9032601456325
11.3044642857143,1.24718958657156,1.14443151102215,1.74189747183194,50.9041354539107
11.3045634920635,1.24708623259123,1.14447273672091,1.74106433337725,50.9050106238346
11.3046626984127,1.24698287015222,1.14451390418819,1.74023159357126,50.905885655445
11.3047619047619,1.24687949926934,1.14455501345152,1.7393992522278,50.9067605487824
11.3048611111111,1.24677611995746,1.14459606453843,1.73856730916079,50.9076353038874
11.3049603174603,1.24667273223144,1.14463705747639,1.73773576418421,50.9085099208007
11.3050595238095,1.24656933610623,1.14467799229289,1.73690461711211,50.9093843995627
11.3051587301587,1.2464659315968,1.14471886901534,1.73607386775859,50.9102587402139
11.3052579365079,1.24636251871815,1.14475968767115,1.73524351593783,50.9111329427949
11.3053571428571,1.24625909748534,1.14480044828771,1.73441356146406,50.912007007346
11.3054563492063,1.24615566791345,1.14484115089237,1.7335840041516,50.9128809339077
11.3055555555556,1.24605223001761,1.14488179551244,1.7327548438148,50.9137547225204
11.3056547619048,1.245948783813,1.14492238217522,1.7319260802681,50.9146283732243
11.305753968254,1.24584532931481,1.14496291090798,1.731097713326,50.9155018860598
11.3058531746032,1.2457418665383,1.14500338173797,1.73026974280306,50.9163752610673
11.3059523809524,1.24563839549876,1.14504379469238,1.7294421685139,50.9172484982869
11.3060515873016,1.24553491621151,1.14508414979841,1.72861499027323,50.9181215977588
11.3061507936508,1.24543142869192,1.14512444708321,1.7277882078958,50.9189945595233
11.30625,1.24532793295539,1.14516468657391,1.72696182119642,50.9198673836206
11.3063492063492,1.24522442901738,1.14520486829762,1.72613582998998,50.9207400700906
11.3064484126984,1.24512091689337,1.14524499228139,1.72531023409144,50.9216126189737
11.3065476190476,1.24501739659887,1.14528505855229,1.72448503331581,50.9224850303097
11.3066468253968,1.24491386814947,1.14532506713732,1.72366022747817,50.9233573041388
11.306746031746,1.24481033156077,1.14536501806348,1.72283581639366,50.924229440501
11.3068452380952,1.2447067868484,1.14540491135773,1.7220117998775,50.9251014394362
11.3069444444444,1.24460323402805,1.145444747047,1.72118817774496,50.9259733009844
11.3070436507937,1.24449967311546,1.1454845251582,1.72036494981138,50.9268450251854
11.3071428571429,1.24439610412637,1.14552424571821,1.71954211589216,50.9277166120792
11.3072420634921,1.2442925270766,1.14556390875387,1.71871967580277,50.9285880617056
11.3073412698413,1.24418894198199,1.14560351429202,1.71789762935874,50.9294593741045
11.3074404761905,1.24408534885842,1.14564306235944,1.71707597637568,50.9303305493156
11.3075396825397,1.24398174772182,1.14568255298291,1.71625471666925,50.9312015873787
11.3076388888889,1.24387813858814,1.14572198618915,1.71543385005518,50.9320724883334
11.3077380952381,1.24377452147339,1.1457613620049,1.71461337634926,50.9329432522196
11.3078373015873,1.24367089639361,1.14580068045682,1.71379329536734,50.9338138790768
11.3079365079365,1.24356726336489,1.14583994157158,1.71297360692535,50.9346843689447
11.3080357142857,1.24346362240333,1.14587914537581,1.71215431083927,50.9355547218629
11.3081349206349,1.24335997352511,1.14591829189609,1.71133540692516,50.936424937871
11.3082341269841,1.24325631674643,1.14595738115902,1.71051689499913,50.9372950170085
11.3083333333333,1.24315265208351,1.14599641319113,1.70969877487737,50.9381649593148
11.3084325396825,1.24304897955265,1.14603538801894,1.70888104637612,50.9390347648296
11.3085317460317,1.24294529917017,1.14607430566894,1.70806370931169,50.9399044335922
11.308630952381,1.24284161095242,1.1461131661676,1.70724676350045,50.940773965642
11.3087301587302,1.2427379149158,1.14615196954134,1.70643020875886,50.9416433610185
11.3088293650794,1.24263421107675,1.14619071581657,1.70561404490339,50.9425126197609
11.3089285714286,1.24253049945175,1.14622940501968,1.70479827175065,50.9433817419086
11.3090277777778,1.24242678005731,1.146268037177,1.70398288911726,50.9442507275009
11.309126984127,1.24232305291,1.14630661231488,1.70316789681991,50.9451195765771
11.3092261904762,1.24221931802642,1.14634513045959,1.70235329467537,50.9459882891764
11.3093253968254,1.24211557542319,1.14638359163741,1.70153908250047,50.9468568653379
11.3094246031746,1.24201182511699,1.14642199587457,1.7007252601121,50.9477253051008
11.3095238095238,1.24190806712455,1.1464603431973,1.69991182732722,50.9485936085043
11.309623015873,1.24180430146262,1.14649863363177,1.69909878396286,50.9494617755875
11.3097222222222,1.24170052814799,1.14653686720414,1.69828612983609,50.9503298063895
11.3098214285714,1.2415967471975,1.14657504394054,1.69747386476409,50.9511977009492
11.3099206349206,1.24149295862803,1.14661316386707,1.69666198856405,50.9520654593057
11.3100198412698,1.24138916245649,1.1466512270098,1.69585050105327,50.952933081498
11.310119047619,1.24128535869983,1.14668923339478,1.69503940204909,50.9538005675651
11.3102182539683,1.24118154737504,1.14672718304802,1.69422869136892,50.9546679175457
11.3103174603175,1.24107772849917,1.14676507599552,1.69341836883024,50.9555351314789
11.3104166666667,1.24097390208929,1.14680291226323,1.69260843425059,50.9564022094035
11.3105158730159,1.24087006816251,1.1468406918771,1.69179888744758,50.9572691513583
11.3106150793651,1.24076622673598,1.14687841486302,1.69098972823887,50.9581359573821
11.3107142857143,1.2406623778269,1.14691608124687,1.69018095644221,50.9590026275136
11.3108134920635,1.24055852145249,1.14695369105452,1.68937257187539,50.9598691617916
11.3109126984127,1.24045465763003,1.14699124431177,1.68856457435628,50.9607355602549
11.3110119047619,1.24035078637684,1.14702874104443,1.6877569637028,50.9616018229419
11.3111111111111,1.24024690771026,1.14706618127826,1.68694973973296,50.9624679498915
11.3112103174603,1.24014302164768,1.147103565039,1.68614290226481,50.9633339411421
11.3113095238095,1.24003912820654,1.14714089235237,1.68533645111648,50.9641997967325
11.3114087301587,1.23993522740431,1.14717816324404,1.68453038610615,50.965065516701
11.3115079365079,1.23983131925849,1.14721537773968,1.68372470705207,50.9659311010863
11.3116071428571,1.23972740378664,1.14725253586491,1.68291941377257,50.9667965499268
11.3117063492063,1.23962348100634,1.14728963764533,1.68211450608603,50.9676618632609
11.3118055555556,1.23951955093523,1.14732668310652,1.68130998381089,50.9685270411271
11.3119047619048,1.23941561359098,1.14736367227403,1.68050584676568,50.9693920835638
11.312003968254,1.23931166899128,1.14740060517336,1.67970209476896,50.9702569906094
11.3121031746032,1.2392077171539,1.14743748183001,1.67889872763939,50.971121762302
11.3122023809524,1.23910375809662,1.14747430226944,1.67809574519565,50.9719863986801
11.3123015873016,1.23899979183727,1.14751106651709,1.67729314725654,50.9728508997819
11.3124007936508,1.23889581839371,1.14754777459836,1.67649093364088,50.9737152656457
11.3125,1.23879183778385,1.14758442653863,1.67568910416757,50.9745794963096
11.3125992063492,1.23868785002565,1.14762102236325,1.67488765865559,50.9754435918118
11.3126984126984,1.23858385513708,1.14765756209754,1.67408659692395,50.9763075521905
11.3127976190476,1.23847985313617,1.14769404576681,1.67328591879177,50.9771713774837
11.3128968253968,1.23837584404098,1.14773047339631,1.67248562407819,50.9780350677296
11.312996031746,1.23827182786964,1.14776684501128,1.67168571260244,50.9788986229662
11.3130952380952,1.23816780464027,1.14780316063695,1.67088618418381,50.9797620432314
11.3131944444444,1.23806377437106,1.14783942029849,1.67008703864166,50.9806253285633
11.3132936507937,1.23795973708024,1.14787562402105,1.66928827579539,50.9814884789999
11.3133928571429,1.23785569278608,1.14791177182978,1.66848989546452,50.9823514945791
11.3134920634921,1.23775164150687,1.14794786374976,1.66769189746857,50.9832143753386
11.3135912698413,1.23764758326096,1.14798389980607,1.66689428162716,50.9840771213165
11.3136904761905,1.23754351806674,1.14801988002376,1.66609704775997,50.9849397325506
11.3137896825397,1.23743944594263,1.14805580442785,1.66530019568674,50.9858022090785
11.3138888888889,1.23733536690709,1.14809167304331,1.66450372522729,50.9866645509382
11.3139880952381,1.23723128097861,1.14812748589513,1.66370763620148,50.9875267581673
11.3140873015873,1.23712718817576,1.14816324300822,1.66291192842924,50.9883888308035
11.3141865079365,1.2370230885171,1.1481989444075,1.66211660173059,50.9892507688846
11.3142857142857,1.23691898202126,1.14823459011785,1.66132165592559,50.9901125724481
11.3143849206349,1.2368148687069,1.14827018016411,1.66052709083437,50.9909742415316
11.3144841269841,1.23671074859272,1.14830571457111,1.65973290627712,50.9918357761728
11.3145833333333,1.23660662169747,1.14834119336364,1.65893910207412,50.9926971764092
11.3146825396825,1.23650248803991,1.14837661656647,1.65814567804567,50.9935584422783
11.3147817460317,1.23639834763888,1.14841198420435,1.65735263401217,50.9944195738177
11.314880952381,1.23629420051323,1.14844729630198,1.65655996979409,50.9952805710646
11.3149801587302,1.23619004668186,1.14848255288404,1.65576768521194,50.9961414340567
11.3150793650794,1.23608588616371,1.14851775397521,1.65497578008631,50.9970021628312
11.3151785714286,1.23598171897776,1.14855289960009,1.65418425423783,50.9978627574255
11.3152777777778,1.23587754514303,1.14858798978329,1.65339310748724,50.998723217877
11.315376984127,1.23577336467858,1.1486230245494,1.6526023396553,50.999583544223
11.3154761904762,1.2356691776035,1.14865800392294,1.65181195056287,51.0004437365007
11.3155753968254,1.23556498393693,1.14869292792844,1.65102194003085,51.0013037947474
11.3156746031746,1.23546078369805,1.14872779659039,1.65023230788021,51.0021637190002
11.3157738095238,1.23535657690608,1.14876260993325,1.64944305393199,51.0030235092964
11.315873015873,1.23525236358027,1.14879736798146,1.64865417800729,51.0038831656731
11.3159722222222,1.23514814373992,1.14883207075942,1.64786567992729,51.0047426881674
11.3160714285714,1.23504391740436,1.14886671829151,1.64707755951321,51.0056020768164
11.3161706349206,1.23493968459298,1.14890131060208,1.64628981658635,51.0064613316571
11.3162698412698,1.23483544532518,1.14893584771545,1.64550245096807,51.0073204527267
11.316369047619,1.23473119962042,1.14897032965592,1.64471546247981,51.0081794400619
11.3164682539683,1.2346269474982,1.14900475644776,1.64392885094305,51.0090382936999
11.3165674603175,1.23452268897805,1.1490391281152,1.64314261617935,51.0098970136775
11.3166666666667,1.23441842407955,1.14907344468246,1.64235675801033,51.0107556000316
11.3167658730159,1.2343141528223,1.14910770617373,1.64157127625767,51.0116140527991
11.3168650793651,1.23420987522597,1.14914191261315,1.64078617074313,51.0124723720169
11.3169642857143,1.23410559131024,1.14917606402486,1.64000144128852,51.0133305577217
11.3170634920635,1.23400130109486,1.14921016043296,1.63921708771572,51.0141886099502
11.3171626984127,1.23389700459958,1.14924420186152,1.63843310984667,51.0150465287394
11.3172619047619,1.23379270184423,1.14927818833459,1.63764950750339,51.0159043141258
11.3173611111111,1.23368839284865,1.14931211987618,1.63686628050796,51.0167619661461
11.3174603174603,1.23358407763274,1.14934599651029,1.63608342868249,51.017619484837
11.3175595238095,1.23347975621643,1.14937981826087,1.63530095184922,51.0184768702351
11.3176587301587,1.23337542861969,1.14941358515186,1.63451884983039,51.0193341223769
11.3177579365079,1.23327109486253,1.14944729720717,1.63373712244833,51.0201912412991
11.3178571428571,1.23316675496501,1.14948095445067,1.63295576952547,51.0210482270382
11.3179563492063,1.2330624089472,1.14951455690622,1.63217479088426,51.0219050796306
11.3180555555556,1.23295805682925,1.14954810459764,1.63139418634721,51.0227617991128
11.3181547619048,1.23285369863132,1.14958159754872,1.63061395573693,51.0236183855212
11.318253968254,1.23274933437362,1.14961503578323,1.62983409887608,51.0244748388923
11.3183531746032,1.23264496407639,1.14964841932492,1.62905461558737,51.0253311592624
11.3184523809524,1.23254058775994,1.14968174819749,1.62827550569359,51.0261873466678
11.3185515873016,1.23243620544458,1.14971502242462,1.62749676901759,51.0270434011449
11.3186507936508,1.23233181715069,1.14974824202998,1.62671840538229,51.0278993227298
11.31875,1.23222742289867,1.1497814070372,1.62594041461067,51.028755111459
11.3188492063492,1.23212302270897,1.14981451746987,1.62516279652577,51.0296107673685
11.3189484126984,1.23201861660207,1.14984757335156,1.62438555095071,51.0304662904945
11.3190476190476,1.23191420459851,1.14988057470582,1.62360867770866,51.0313216808733
11.3191468253968,1.23180978671885,1.14991352155618,1.62283217662286,51.0321769385408
11.319246031746,1.2317053629837,1.14994641392612,1.62205604751661,51.0330320635333
11.3193452380952,1.23160093341369,1.14997925183909,1.62128029021329,51.0338870558867
11.3194444444444,1.23149649802953,1.15001203531854,1.62050490453633,51.0347419156372
11.3195436507937,1.23139205685193,1.15004476438788,1.61972989030922,51.0355966428206
11.3196428571429,1.23128760990165,1.15007743907047,1.61895524735554,51.0364512374729
11.3197420634921,1.23118315719951,1.15011005938968,1.61818097549891,51.0373056996301
11.3198412698413,1.23107869876635,1.15014262536881,1.61740707456303,51.0381600293281
11.3199404761905,1.23097423462304,1.15017513703118,1.61663354437164,51.0390142266028
11.3200396825397,1.23086976479052,1.15020759440005,1.61586038474858,51.0398682914899
11.3201388888889,1.23076528928975,1.15023999749866,1.61508759551773,51.0407222240253
11.3202380952381,1.23066080814173,1.15027234635021,1.61431517650305,51.0415760242448
11.3203373015873,1.2305563213675,1.15030464097789,1.61354312752855,51.0424296921841
11.3204365079365,1.23045182898815,1.15033688140487,1.61277144841831,51.0432832278789
11.3205357142857,1.2303473310248,1.15036906765426,1.61200013899648,51.044136631365
11.3206349206349,1.23024282749861,1.15040119974918,1.61122919908727,51.0449899026779
11.3207341269841,1.23013831843077,1.15043327771268,1.61045862851494,51.0458430418533
11.3208333333333,1.23003380384255,1.15046530156783,1.60968842710387,51.0466960489267
11.3209325396825,1.2299292837552,1.15049727133763,1.60891859467844,51.0475489239338
11.3210317460317,1.22982475819006,1.15052918704507,1.60814913106312,51.0484016669101
11.321130952381,1.22972022716849,1.15056104871312,1.60738003608245,51.049254277891
11.3212301587302,1.22961569071188,1.15059285636471,1.60661130956103,51.050106756912
11.3213293650794,1.22951114884168,1.15062461002275,1.60584295132353,51.0509591040086
11.3214285714286,1.22940660157936,1.15065630971012,1.60507496119467,51.0518113192161
11.3215277777778,1.22930204894644,1.15068795544966,1.60430733899924,51.05266340257
11.321626984127,1.22919749096448,1.1507195472642,1.60354008456211,51.0535153541055
11.3217261904762,1.22909292765509,1.15075108517654,1.6027731977082,51.0543671738581
11.3218253968254,1.22898835903989,1.15078256920944,1.6020066782625,51.0552188618628
11.3219246031746,1.22888378514057,1.15081399938564,1.60124052605006,51.0560704181551
11.3220238095238,1.22877920597884,1.15084537572786,1.600474740896,51.0569218427702
11.322123015873,1.22867462157646,1.15087669825878,1.5997093226255,51.0577731357431
11.3222222222222,1.22857003195524,1.15090796700105,1.5989442710638,51.0586242971091
11.3223214285714,1.22846543713699,1.15093918197731,1.59817958603624,51.0594753269033
11.3224206349206,1.22836083714361,1.15097034321015,1.59741526736817,51.0603262251608
11.3225198412698,1.228256231997,1.15100145072215,1.59665131488504,51.0611769919166
11.322619047619,1.22815162171913,1.15103250453586,1.59588772841236,51.0620276272057
11.3227182539683,1.22804700633198,1.15106350467378,1.5951245077757,51.0628781310633
11.3228174603175,1.2279423858576,1.15109445115842,1.59436165280069,51.0637285035242
11.3229166666667,1.22783776031805,1.15112534401223,1.59359916331304,51.0645787446233
11.3230158730159,1.22773312973546,1.15115618325764,1.5928370391385,51.0654288543957
11.3231150793651,1.22762849413197,1.15118696891707,1.59207528010292,51.0662788328761
11.3232142857143,1.22752385352978,1.15121770101289,1.59131388603219,51.0671286800994
11.3233134920635,1.22741920795113,1.15124837956746,1.59055285675226,51.0679783961004
11.3234126984127,1.22731455741828,1.15127900460309,1.58979219208916,51.0688279809139
11.3235119047619,1.22720990195355,1.15130957614208,1.58903189186898,51.0696774345747
11.3236111111111,1.2271052415793,1.1513400942067,1.58827195591787,51.0705267571174
11.3237103174603,1.2270005763179,1.15137055881919,1.58751238406205,51.0713759485768
11.3238095238095,1.22689590619181,1.15140097000176,1.58675317612781,51.0722250089875
11.3239087301587,1.22679123122348,1.1514313277766,1.5859943319415,51.0730739383841
11.3240079365079,1.22668655143543,1.15146163216586,1.58523585132953,51.0739227368012
11.3241071428571,1.22658186685022,1.15149188319166,1.58447773411837,51.0747714042734
11.3242063492063,1.22647717749042,1.15152208087612,1.58371998013457,51.0756199408353
11.3243055555556,1.22637248337868,1.1515522252413,1.58296258920473,51.0764683465213
11.3244047619048,1.22626778453765,1.15158231630926,1.58220556115554,51.0773166213659
11.324503968254,1.22616308099006,1.151612354102,1.58144889581372,51.0781647654035
11.3246031746032,1.22605837275865,1.15164233864151,1.58069259300607,51.0790127786686
11.3247023809524,1.22595365986621,1.15167226994977,1.57993665255947,51.0798606611955
11.3248015873016,1.22584894233557,1.1517021480487,1.57918107430084,51.0807084130185
11.3249007936508,1.2257442201896,1.1517319729602,1.57842585805718,51.0815560341721
11.325,1.2256394934512,1.15176174470617,1.57767100365555,51.0824035246904
11.3250992063492,1.22553476214333,1.15179146330844,1.57691651092308,51.0832508846077
11.3251984126984,1.22543002628896,1.15182112878885,1.57616237968695,51.0840981139583
11.3252976190476,1.22532528591114,1.15185074116919,1.57540860977443,51.0849452127763
11.3253968253968,1.22522054103292,1.15188030047122,1.57465520101282,51.0857921810959
11.325496031746,1.22511579167742,1.15190980671668,1.57390215322953,51.0866390189512
11.3255952380952,1.22501103786777,1.1519392599273,1.57314946625199,51.0874857263763
11.3256944444444,1.22490627962717,1.15196866012474,1.57239713990771,51.0883323034053
11.3257936507937,1.22480151697884,1.15199800733067,1.57164517402429,51.0891787500723
11.3258928571429,1.22469674994605,1.15202730156672,1.57089356842936,51.0900250664111
11.3259920634921,1.22459197855209,1.15205654285449,1.57014232295063,51.0908712524559
11.3260912698413,1.22448720282033,1.15208573121554,1.56939143741586,51.0917173082405
11.3261904761905,1.22438242277413,1.15211486667143,1.56864091165292,51.0925632337988
11.3262896825397,1.22427763843693,1.15214394924368,1.56789074548968,51.0934090291648
11.3263888888889,1.22417284983219,1.15217297895377,1.56714093875412,51.0942546943722
11.3264880952381,1.22406805698341,1.15220195582316,1.56639149127428,51.0951002294549
11.3265873015873,1.22396325991414,1.1522308798733,1.56564240287824,51.0959456344468
11.3266865079365,1.22385845864796,1.15225975112557,1.56489367339417,51.0967909093814
11.3267857142857,1.22375365320848,1.15228856960138,1.56414530265031,51.0976360542926
11.3268849206349,1.22364884361939,1.15231733532206,1.56339729047493,51.0984810692141
11.3269841269841,1.22354402990436,1.15234604830894,1.5626496366964,51.0993259541795
11.3270833333333,1.22343921208716,1.15237470858331,1.56190234114313,51.1001707092224
11.3271825396825,1.22333439019156,1.15240331616644,1.56115540364361,51.1010153343765
11.3272817460317,1.22322956424137,1.15243187107958,1.56040882402639,51.1018598296753
11.327380952381,1.22312473426047,1.15246037334393,1.55966260212009,51.1027041951523
11.3274801587302,1.22301990027275,1.15248882298067,1.55891673775339,51.1035484308411
11.3275793650794,1.22291506230215,1.15251722001098,1.55817123075502,51.1043925367752
11.3276785714286,1.22281022037265,1.15254556445596,1.5574260809538,51.1052365129879
11.3277777777778,1.22270537450828,1.15257385633673,1.55668128817861,51.1060803595127
11.327876984127,1.22260052473309,1.15260209567435,1.55593685225838,51.106924076383
11.3279761904762,1.22249567107117,1.15263028248988,1.55519277302211,51.1077676636321
11.3280753968254,1.22239081354668,1.15265841680433,1.55444905029887,51.1086111212934
11.3281746031746,1.22228595218378,1.15268649863869,1.5537056839178,51.1094544494001
11.3282738095238,1.22218108700669,1.15271452801392,1.55296267370809,51.1102976479855
11.328373015873,1.22207621803968,1.15274250495095,1.55222001949901,51.1111407170828
11.3284722222222,1.22197134530704,1.1527704294707,1.55147772111989,51.1119836567252
11.3285714285714,1.22186646883311,1.15279830159404,1.55073577840011,51.1128264669459
11.3286706349206,1.22176158864226,1.15282612134182,1.54999419116914,51.113669147778
11.3287698412698,1.22165670475892,1.15285388873487,1.54925295925648,51.1145116992546
11.328869047619,1.22155181720752,1.15288160379397,1.54851208249174,51.1153541214088
11.3289682539683,1.22144692601259,1.15290926653991,1.54777156070456,51.1161964142737
11.3290674603175,1.22134203119864,1.15293687699341,1.54703139372466,51.1170385778822
11.3291666666667,1.22123713279025,1.1529644351752,1.54629158138182,51.1178806122672
11.3292658730159,1.22113223081204,1.15299194110595,1.54555212350587,51.1187225174619
11.3293650793651,1.22102732528867,1.15301939480632,1.54481301992675,51.119564293499
11.3294642857143,1.22092241624482,1.15304679629694,1.54407427047441,51.1204059404115
11.3295634920635,1.22081750370524,1.15307414559841,1.54333587497889,51.1212474582322
11.3296626984127,1.22071258769469,1.1531014427313,1.5425978332703,51.122088846994
11.3297619047619,1.22060766823799,1.15312868771616,1.54186014517882,51.1229301067295
11.3298611111111,1.22050274535999,1.15315588057351,1.54112281053468,51.1237712374717
11.3299603174603,1.22039781908559,1.15318302132384,1.54038582916817,51.1246122392532
11.3300595238095,1.22029288943971,1.1532101099876,1.53964920090966,51.1254531121067
11.3301587301587,1.22018795644733,1.15323714658524,1.53891292558957,51.1262938560649
11.3302579365079,1.22008302013347,1.15326413113716,1.5381770030384,51.1271344711604
11.3303571428571,1.21997808052317,1.15329106366374,1.53744143308671,51.1279749574258
11.3304563492063,1.21987313764152,1.15331794418532,1.53670621556511,51.1288153148937
11.3305555555556,1.21976819151366,1.15334477272224,1.5359713503043,51.1296555435967
11.3306547619048,1.21966324216475,1.15337154929478,1.53523683713503,51.1304956435672
11.330753968254,1.21955828962001,1.15339827392322,1.53450267588811,51.1313356148377
11.3308531746032,1.21945333390468,1.1534249466278,1.53376886639443,51.1321754574408
11.3309523809524,1.21934837504406,1.15345156742872,1.53303540848493,51.1330151714087
11.3310515873016,1.21924341306348,1.15347813634618,1.53230230199063,51.1338547567739
11.3311507936508,1.2191384479883,1.15350465340032,1.53156954674258,51.1346942135688
11.33125,1.21903347984394,1.15353111861128,1.53083714257195,51.1355335418257
11.3313492063492,1.21892850865583,1.15355753199915,1.53010508930994,51.1363727415767
11.3314484126984,1.21882353444948,1.15358389358402,1.52937338678781,51.1372118128544
11.3315476190476,1.2187185572504,1.15361020338592,1.5286420348369,51.1380507556908
11.3316468253968,1.21861357708417,1.15363646142488,1.5279110332886,51.1388895701181
11.331746031746,1.21850859397639,1.15366266772088,1.52718038197439,51.1397282561686
11.3318452380952,1.21840360795271,1.15368882229389,1.5264500807258,51.1405668138743
11.3319444444444,1.21829861903882,1.15371492516383,1.52572012937441,51.1414052432674
11.3320436507937,1.21819362726044,1.15374097635063,1.52499052775188,51.14224354438
11.3321428571429,1.21808863264334,1.15376697587414,1.52426127568994,51.1430817172441
11.3322420634921,1.21798363521332,1.15379292375424,1.52353237302038,51.1439197618916
11.3323412698413,1.21787863499623,1.15381882001073,1.52280381957505,51.1447576783547
11.3324404761905,1.21777363201796,1.15384466466342,1.52207561518586,51.1455954666652
11.3325396825397,1.21766862630442,1.15387045773207,1.52134775968481,51.1464331268551
11.3326388888889,1.21756361788159,1.15389619923643,1.52062025290391,51.1472706589562
11.3327380952381,1.21745860677547,1.15392188919619,1.51989309467532,51.1481080630005
11.3328373015873,1.2173535930121,1.15394752763106,1.51916628483119,51.1489453390197
11.3329365079365,1.21724857661756,1.15397311456068,1.51843982320377,51.1497824870456
11.3330357142857,1.21714355761798,1.15399865000469,1.51771370962536,51.15061950711
11.3331349206349,1.21703853603953,1.15402413398268,1.51698794392833,51.1514563992447
11.3332341269841,1.2169335119084,1.15404956651423,1.51626252594512,51.1522931634813
11.3333333333333,1.21682848525083,1.15407494761888,1.51553745550823,51.1531297998515
11.3334325396825,1.21672345609312,1.15410027731615,1.51481273245022,51.153966308387
11.3335317460317,1.21661842446157,1.15412555562553,1.51408835660373,51.1548026891193
11.333630952381,1.21651339038256,1.15415078256649,1.51336432780145,51.1556389420801
11.3337301587302,1.21640835388248,1.15417595815845,1.51264064587613,51.1564750673009
11.3338293650794,1.21630331498777,1.15420108242083,1.51191731066061,51.1573110648132
11.3339285714286,1.21619827372491,1.154226155373,1.51119432198777,51.1581469346485
11.3340277777778,1.21609323012043,1.15425117703432,1.51047167969056,51.1589826768382
11.334126984127,1.21598818420089,1.1542761474241,1.509749383602,51.1598182914138
11.3342261904762,1.21588313599287,1.15430106656164,1.50902743355519,51.1606537784066
11.3343253968254,1.21577808552303,1.15432593446621,1.50830582938326,51.1614891378481
11.3344246031746,1.21567303281804,1.15435075115706,1.50758457091943,51.1623243697696
11.3345238095238,1.21556797790462,1.15437551665338,1.50686365799697,51.1631594742023
11.334623015873,1.21546292080953,1.15440023097437,1.50614309044924,51.1639944511775
11.3347222222222,1.21535786155957,1.15442489413919,1.50542286810963,51.1648293007264
11.3348214285714,1.21525280018156,1.15444950616695,1.50470299081161,51.1656640228804
11.3349206349206,1.21514773670241,1.15447406707677,1.50398345838873,51.1664986176705
11.3350198412698,1.215042671149,1.15449857688771,1.50326427067458,51.1673330851278
11.335119047619,1.21493760354832,1.15452303561882,1.50254542750283,51.1681674252836
11.3352182539683,1.21483253392734,1.15454744328912,1.50182692870722,51.1690016381688
11.3353174603175,1.21472746231312,1.1545717999176,1.50110877412153,51.1698357238146
11.3354166666667,1.21462238873271,1.15459610552322,1.50039096357963,51.1706696822518
11.3355158730159,1.21451731321325,1.15462036012492,1.49967349691544,51.1715035135117
11.3356150793651,1.21441223578188,1.1546445637416,1.49895637396295,51.172337217625
11.3357142857143,1.2143071564658,1.15466871639213,1.49823959455622,51.1731707946228
11.3358134920635,1.21420207529224,1.15469281809538,1.49752315852937,51.1740042445358
11.3359126984127,1.21409699228848,1.15471686887017,1.49680706571658,51.174837567395
11.3360119047619,1.21399190748183,1.15474086873528,1.49609131595209,51.1756707632313
11.3361111111111,1.21388682089965,1.15476481770949,1.49537590907024,51.1765038320753
11.3362103174603,1.21378173256932,1.15478871581153,1.49466084490538,51.1773367739579
11.3363095238095,1.21367664251829,1.15481256306013,1.49394612329197,51.1781695889099
11.3364087301587,1.21357155077403,1.15483635947396,1.49323174406451,51.1790022769618
11.3365079365079,1.21346645736404,1.15486010507168,1.49251770705758,51.1798348381445
11.3366071428571,1.21336136231588,1.15488379987192,1.49180401210581,51.1806672724885
11.3367063492063,1.21325626565714,1.15490744389328,1.49109065904391,51.1814995800245
11.3368055555556,1.21315116741545,1.15493103715433,1.49037764770664,51.1823317607831
11.3369047619048,1.21304606761848,1.15495457967363,1.48966497792883,51.1831638147947
11.337003968254,1.21294096629396,1.15497807146967,1.48895264954538,51.18399574209
11.3371031746032,1.21283586346961,1.15500151256097,1.48824066239125,51.1848275426994
11.3372023809524,1.21273075917324,1.15502490296597,1.48752901630147,51.1856592166533
11.3373015873016,1.21262565343268,1.15504824270312,1.48681771111113,51.1864907639823
11.3374007936508,1.21252054627579,1.15507153179081,1.48610674665539,51.1873221847166
11.3375,1.21241543773048,1.15509477024743,1.48539612276946,51.1881534788867
11.3375992063492,1.21231032782471,1.15511795809133,1.48468583928863,51.1889846465229
11.3376984126984,1.21220521658646,1.15514109534084,1.48397589604825,51.1898156876556
11.3377976190476,1.21210010404377,1.15516418201424,1.48326629288373,51.1906466023149
11.3378968253968,1.21199499022468,1.1551872181298,1.48255702963056,51.1914773905311
11.337996031746,1.21188987515733,1.15521020370578,1.48184810612428,51.1923080523344
11.3380952380952,1.21178475886985,1.15523313876036,1.48113952220049,51.1931385877551
11.3381944444444,1.21167964139043,1.15525602331175,1.48043127769487,51.1939689968232
11.3382936507937,1.2115745227473,1.1552788573781,1.47972337244316,51.1947992795689
11.3383928571429,1.21146940296872,1.15530164097754,1.47901580628116,51.1956294360223
11.3384920634921,1.211364282083,1.15532437412816,1.47830857904474,51.1964594662134
11.3385912698413,1.21125916011849,1.15534705684805,1.47760169056982,51.1972893701722
11.3386904761905,1.21115403710357,1.15536968915524,1.47689514069242,51.1981191479287
11.3387896825397,1.21104891306667,1.15539227106775,1.47618892924859,51.198948799513
11.3388888888889,1.21094378803625,1.15541480260358,1.47548305607446,51.1997783249549
11.3389880952381,1.21083866204082,1.15543728378069,1.47477752100622,51.2006077242843
11.3390873015873,1.21073353510892,1.15545971461701,1.47407232388013,51.2014369975311
11.3391865079365,1.21062840726913,1.15548209513044,1.4733674645325,51.2022661447251
11.3392857142857,1.21052327855009,1.15550442533887,1.47266294279973,51.2030951658962
11.3393849206349,1.21041814898044,1.15552670526015,1.47195875851827,51.2039240610741
11.3394841269841,1.21031301858891,1.15554893491209,1.47125491152462,51.2047528302886
11.3395833333333,1.21020788740422,1.15557111431251,1.47055140165537,51.2055814735693
11.3396825396825,1.21010275545516,1.15559324347915,1.46984822874717,51.206409990946
11.3397817460317,1.20999762277056,1.15561532242977,1.46914539263672,51.2072383824483
11.339880952381,1.20989248937927,1.15563735118208,1.46844289316081,51.2080666481058
11.3399801587302,1.2097873553102,1.15565932975375,1.46774073015626,51.2088947879481
11.3400793650794,1.20968222059228,1.15568125816245,1.46703890345997,51.2097228020049
11.3401785714286,1.20957708525451,1.15570313642581,1.46633741290893,51.2105506903055
11.3402777777778,1.20947194932589,1.15572496456142,1.46563625834017,51.2113784528795
11.340376984127,1.2093668128355,1.15574674258686,1.46493543959079,51.2122060897564
11.3404761904762,1.20926167581243,1.15576847051968,1.46423495649794,51.2130336009655
11.3405753968254,1.20915653828581,1.15579014837739,1.46353480889885,51.2138609865364
11.3406746031746,1.20905140028484,1.15581177617748,1.46283499663082,51.2146882464983
11.3407738095238,1.20894626183872,1.15583335393742,1.4621355195312,51.2155153808807
11.340873015873,1.20884112297673,1.15585488167463,1.46143637743742,51.2163423897127
11.3409722222222,1.20873598372814,1.15587635940653,1.46073757018697,51.2171692730238
11.3410714285714,1.20863084412232,1.1558977871505,1.46003909761738,51.2179960308431
11.3411706349206,1.20852570418862,1.15591916492388,1.45934095956629,51.2188226631998
11.3412698412698,1.20842056395647,1.15594049274399,1.45864315587137,51.2196491701232
11.341369047619,1.20831542345534,1.15596177062815,1.45794568637037,51.2204755516424
11.3414682539683,1.2082102827147,1.1559829985936,1.4572485509011,51.2213018077865
11.3415674603175,1.20810514176411,1.1560041766576,1.45655174930142,51.2221279385846
11.3416666666667,1.20800000063313,1.15602530483735,1.4558552814093,51.2229539440658
11.3417658730159,1.20789485935138,1.15604638315003,1.45515914706272,51.2237798242591
11.3418650793651,1.20778971794853,1.15606741161282,1.45446334609977,51.2246055791935
11.3419642857143,1.20768457645426,1.15608839024282,1.45376787835856,51.225431208898
11.3420634920635,1.2075794348983,1.15610931905715,1.45307274367731,51.2262567134014
11.3421626984127,1.20747429331044,1.15613019807288,1.45237794189428,51.2270820927328
11.3422619047619,1.20736915172049,1.15615102730705,1.45168347284779,51.2279073469209
11.3423611111111,1.20726401015831,1.15617180677668,1.45098933637623,51.2287324759947
11.3424603174603,1.20715886865378,1.15619253649877,1.45029553231808,51.2295574799829
11.3425595238095,1.20705372723684,1.15621321649026,1.44960206051185,51.2303823589143
11.3426587301587,1.20694858593746,1.15623384676811,1.44890892079612,51.2312071128177
11.3427579365079,1.20684344478566,1.1562544273492,1.44821611300955,51.2320317417217
11.3428571428571,1.20673830381149,1.15627495825044,1.44752363699086,51.2328562456551
11.3429563492063,1.20663316304504,1.15629543948865,1.44683149257883,51.2336806246466
11.3430555555556,1.20652802251644,1.15631587108067,1.4461396796123,51.2345048787247
11.3431547619048,1.20642288225587,1.15633625304329,1.44544819793019,51.2353290079181
11.343253968254,1.20631774229353,1.15635658539329,1.44475704737148,51.2361530122552
11.3433531746032,1.20621260265968,1.15637686814739,1.4440662277752,51.2369768917647
11.3434523809524,1.20610746338461,1.15639710132232,1.44337573898046,51.237800646475
11.3435515873016,1.20600232449865,1.15641728493475,1.44268558082644,51.2386242764147
11.3436507936508,1.20589718603217,1.15643741900135,1.44199575315236,51.2394477816121
11.34375,1.20579204801558,1.15645750353874,1.44130625579753,51.2402711620956
11.3438492063492,1.20568691047933,1.15647753856352,1.44061708860131,51.2410944178937
11.3439484126984,1.2055817734539,1.15649752409227,1.43992825140313,51.2419175490347
11.3440476190476,1.20547663696983,1.15651746014153,1.43923974404248,51.2427405555468
11.3441468253968,1.20537150105768,1.15653734672782,1.43855156635893,51.2435634374584
11.344246031746,1.20526636574807,1.15655718386763,1.4378637181921,51.2443861947978
11.3443452380952,1.20516123107164,1.15657697157742,1.43717619938168,51.2452088275931
11.3444444444444,1.20505609705908,1.15659670987363,1.43648900976742,51.2460313358725
11.3445436507937,1.20495096374112,1.15661639877266,1.43580214918912,51.2468537196642
11.3446428571429,1.20484583114852,1.15663603829089,1.4351156174867,51.2476759789964
11.3447420634921,1.20474069931209,1.15665562844467,1.43442941450009,51.248498113897
11.3448412698413,1.20463556826268,1.15667516925033,1.4337435400693,51.2493201243943
11.3449404761905,1.20453043803117,1.15669466072416,1.43305799403441,51.2501420105162
11.3450396825397,1.20442530864849,1.15671410288243,1.43237277623556,51.2509637722907
11.3451388888889,1.2043201801456,1.15673349574138,1.43168788651296,51.2517854097458
11.3452380952381,1.20421505255352,1.15675283931722,1.43100332470687,51.2526069229094
11.3453373015873,1.20410992590327,1.15677213362614,1.43031909065764,51.2534283118095
11.3454365079365,1.20400480022596,1.15679137868429,1.42963518420567,51.2542495764738
11.3455357142857,1.2038996755527,1.1568105745078,1.42895160519142,51.2550707169304
11.3456349206349,1.20379455191466,1.15682972111277,1.42826835345543,51.255891733207
11.3457341269841,1.20368942934304,1.15684881851527,1.42758542883828,51.2567126253313
11.3458333333333,1.20358430786909,1.15686786673136,1.42690283118064,51.2575333933311
11.3459325396825,1.20347918752408,1.15688686577705,1.42622056032323,51.2583540372342
11.3460317460317,1.20337406833934,1.15690581566832,1.42553861610684,51.2591745570683
11.346130952381,1.20326895034624,1.15692471642115,1.42485699837233,51.259994952861
11.3462301587302,1.20316383357617,1.15694356805146,1.42417570696061,51.2608152246398
11.3463293650794,1.20305871806057,1.15696237057516,1.42349474171268,51.2616353724326
11.3464285714286,1.20295360383094,1.15698112400813,1.42281410246957,51.2624553962667
11.3465277777778,1.20284849091879,1.15699982836622,1.42213378907241,51.2632752961698
11.346626984127,1.20274337935567,1.15701848366526,1.42145380136236,51.2640950721693
11.3467261904762,1.2026382691732,1.15703708992104,1.42077413918068,51.2649147242927
11.3468253968254,1.20253316040301,1.15705564714933,1.42009480236867,51.2657342525675
11.3469246031746,1.20242805307678,1.15707415536586,1.4194157907677,51.2665536570211
11.3470238095238,1.20232294722623,1.15709261458636,1.41873710421921,51.2673729376808
11.347123015873,1.20221784288312,1.1571110248265,1.4180587425647,51.268192094574
11.3472222222222,1.20211274007925,1.15712938610194,1.41738070564574,51.2690111277281
11.3473214285714,1.20200763884646,1.15714769842831,1.41670299330395,51.2698300371702
11.3474206349206,1.20190253921662,1.15716596182121,1.41602560538105,51.2706488229278
11.3475198412698,1.20179744122166,1.15718417629622,1.41534854171877,51.2714674850279
11.347619047619,1.20169234489353,1.15720234186888,1.41467180215896,51.2722860234979
11.3477182539683,1.20158725026423,1.1572204585547,1.4139953865435,51.2731044383647
11.3478174603175,1.2014821573658,1.15723852636918,1.41331929471435,51.2739227296557
11.3479166666667,1.20137706623031,1.15725654532779,1.41264352651353,51.2747408973979
11.3480158730159,1.20127197688989,1.15727451544594,1.41196808178313,51.2755589416183
11.3481150793651,1.20116688937668,1.15729243673906,1.41129296036528,51.276376862344
11.3482142857143,1.20106180372288,1.15731030922252,1.41061816210221,51.2771946596021
11.3483134920635,1.20095671996073,1.15732813291166,1.4099436868362,51.2780123334194
11.3484126984127,1.20085163812251,1.15734590782183,1.40926953440958,51.2788298838229
11.3485119047619,1.20074655824052,1.1573636339683,1.40859570466477,51.2796473108396
11.3486111111111,1.20064148034713,1.15738131136635,1.40792219744424,51.2804646144963
11.3487103174603,1.20053640447473,1.15739894003121,1.40724901259053,51.2812817948199
11.3488095238095,1.20043133065574,1.15741651997811,1.40657614994625,51.2820988518372
11.3489087301587,1.20032625892266,1.15743405122222,1.40590360935405,51.282915785575
11.3490079365079,1.20022118930798,1.1574515337787,1.40523139065666,51.2837325960601
11.3491071428571,1.20011612184427,1.15746896766268,1.4045594936969,51.2845492833191
11.3492063492063,1.20001105656411,1.15748635288926,1.40388791831762,51.2853658473788
11.3493055555556,1.19990599350014,1.15750368947351,1.40321666436175,51.2861822882659
11.3494047619048,1.19980093268503,1.15752097743048,1.40254573167228,51.2869986060069
11.349503968254,1.19969587415149,1.15753821677519,1.40187512009226,51.2878148006286
11.3496031746032,1.19959081793227,1.15755540752263,1.40120482946481,51.2886308721574
11.3497023809524,1.19948576406017,1.15757254968775,1.40053485963313,51.2894468206198
11.3498015873016,1.19938071256802,1.15758964328551,1.39986521044045,51.2902626460425
11.3499007936508,1.19927566348868,1.15760668833079,1.3991958817301,51.2910783484519
11.35,1.19917061685508,1.15762368483847,1.39852687334546,51.2918939278744
11.3500992063492,1.19906557270014,1.15764063282342,1.39785818512997,51.2927093843365
11.3501984126984,1.19896053105688,1.15765753230046,1.39718981692714,51.2935247178645
11.3502976190476,1.19885549195831,1.15767438328437,1.39652176858054,51.2943399284849
11.3503968253968,1.19875045543751,1.15769118578993,1.39585403993382,51.2951550162238
11.350496031746,1.19864542152758,1.15770793983188,1.39518663083066,51.2959699811077
11.3505952380952,1.19854039026167,1.15772464542492,1.39451954111486,51.2967848231627
11.3506944444444,1.19843536167298,1.15774130258375,1.39385277063024,51.2975995424151
11.3507936507937,1.19833033579473,1.15775791132302,1.39318631922069,51.2984141388912
11.3508928571429,1.19822531266018,1.15777447165736,1.39252018673019,51.299228612617
11.3509920634921,1.19812029230264,1.15779098360136,1.39185437300274,51.3000429636188
11.3510912698413,1.19801527475547,1.15780744716961,1.39118887788246,51.3008571919225
11.3511904761905,1.19791026005205,1.15782386237665,1.3905237012135,51.3016712975544
11.3512896825397,1.1978052482258,1.157840229237,1.38985884284007,51.3024852805404
11.3513888888889,1.19770023931019,1.15785654776514,1.38919430260646,51.3032991409065
11.3514880952381,1.19759523333873,1.15787281797555,1.38853008035703,51.3041128786788
11.3515873015873,1.19749023034495,1.15788903988264,1.38786617593619,51.3049264938832
11.3516865079365,1.19738523036246,1.15790521350084,1.38720258918843,51.3057399865456
11.3517857142857,1.19728023342486,1.15792133884451,1.38653931995828,51.3065533566919
11.3518849206349,1.19717523956584,1.15793741592802,1.38587636809036,51.3073666043479
11.3519841269841,1.19707024881908,1.15795344476567,1.38521373342933,51.3081797295395
11.3520833333333,1.19696526121833,1.15796942537178,1.38455141581995,51.3089927322925
11.3521825396825,1.19686027679739,1.1579853577606,1.38388941510703,51.3098056126327
11.3522817460317,1.19675529559006,1.15800124194638,1.38322773113541,51.3106183705857
11.352380952381,1.19665031763022,1.15801707794333,1.38256636375005,51.3114310061772
11.3524801587302,1.19654534295177,1.15803286576563,1.38190531279594,51.3122435194331
11.3525793650794,1.19644037158864,1.15804860542744,1.38124457811815,51.3130559103788
11.3526785714286,1.19633540357483,1.15806429694289,1.38058415956179,51.31386817904
11.3527777777778,1.19623043894435,1.15807994032608,1.37992405697207,51.3146803254423
11.352876984127,1.19612547773126,1.15809553559109,1.37926427019424,51.3154923496112
11.3529761904762,1.19602051996967,1.15811108275195,1.37860479907363,51.3163042515722
11.3530753968254,1.19591556569372,1.15812658182269,1.37794564345562,51.3171160313509
11.3531746031746,1.19581061493758,1.15814203281729,1.37728680318566,51.3179276889727
11.3532738095238,1.19570566773548,1.15815743574973,1.37662827810928,51.3187392244629
11.353373015873,1.19560072412167,1.15817279063393,1.37597006807205,51.319550637847
11.3534722222222,1.19549578413046,1.15818809748379,1.37531217291961,51.3203619291504
11.3535714285714,1.19539084779619,1.15820335631321,1.37465459249769,51.3211730983984
11.3536706349206,1.19528591515323,1.15821856713602,1.37399732665206,51.3219841456162
11.3537698412698,1.19518098623601,1.15823372996606,1.37334037522855,51.3227950708292
11.353869047619,1.19507606107898,1.15824884481712,1.37268373807308,51.3236058740626
11.3539682539683,1.19497113971663,1.15826391170297,1.37202741503161,51.3244165553415
11.3540674603175,1.19486622218352,1.15827893063734,1.37137140595018,51.3252271146913
11.3541666666667,1.19476130851421,1.15829390163395,1.37071571067489,51.3260375521369
11.3542658730159,1.19465639874332,1.15830882470648,1.3700603290519,51.3268478677035
11.3543650793651,1.19455149290551,1.15832369986859,1.36940526092745,51.3276580614162
11.3544642857143,1.19444659103547,1.15833852713391,1.36875050614781,51.3284681333001
11.3545634920635,1.19434169316795,1.15835330651605,1.36809606455937,51.3292780833801
11.3546626984127,1.19423679933771,1.15836803802856,1.36744193600853,51.3300879116813
11.3547619047619,1.19413190957958,1.158382721685,1.36678812034179,51.3308976182286
11.3548611111111,1.1940270239284,1.15839735749889,1.3661346174057,51.3317072030469
11.3549603174603,1.19392214241908,1.15841194548372,1.36548142704686,51.3325166661611
11.3550595238095,1.19381726508654,1.15842648565295,1.36482854911199,51.3333260075961
11.3551587301587,1.19371239196577,1.15844097802001,1.36417598344781,51.3341352273768
11.3552579365079,1.19360752309177,1.15845542259831,1.36352372990115,51.3349443255278
11.3553571428571,1.19350265849961,1.15846981940122,1.36287178831886,51.3357533020741
11.3554563492063,1.19339779822436,1.15848416844211,1.36222015854791,51.3365621570403
11.3555555555556,1.19329294230118,1.15849846973429,1.36156884043529,51.3373708904511
11.3556547619048,1.19318809076522,1.15851272329106,1.36091783382808,51.3381795023312
11.355753968254,1.1930832436517,1.15852692912569,1.36026713857341,51.3389879927053
11.3558531746032,1.19297840099588,1.15854108725142,1.35961675451848,51.3397963615979
11.3559523809524,1.19287356283304,1.15855519768145,1.35896668151055,51.3406046090337
11.3560515873016,1.19276872919852,1.15856926042898,1.35831691939697,51.3414127350372
11.3561507936508,1.19266390012768,1.15858327550715,1.35766746802511,51.3422207396329
11.35625,1.19255907565595,1.15859724292911,1.35701832724245,51.3430286228454
11.3563492063492,1.19245425581877,1.15861116270794,1.35636949689651,51.343836384699
11.3564484126984,1.19234944065162,1.15862503485673,1.35572097683486,51.3446440252182
11.3565476190476,1.19224463019005,1.15863885938852,1.35507276690518,51.3454515444274
11.3566468253968,1.19213982446962,1.15865263631633,1.35442486695518,51.346258942351
11.356746031746,1.19203502352593,1.15866636565314,1.35377727683264,51.3470662190133
11.3568452380952,1.19193022739465,1.15868004741192,1.35312999638541,51.3478733744386
11.3569444444444,1.19182543611145,1.15869368160561,1.35248302546141,51.3486804086511
11.3570436507937,1.19172064971206,1.15870726824711,1.3518363639086,51.3494873216752
11.3571428571429,1.19161586823227,1.15872080734929,1.35119001157504,51.350294113535
11.3572420634921,1.19151109170786,1.15873429892502,1.35054396830883,51.3511007842547
11.3573412698413,1.19140632017469,1.15874774298711,1.34989823395814,51.3519073338585
11.3574404761905,1.19130155366865,1.15876113954836,1.34925280837121,51.3527137623704
11.3575396825397,1.19119679222566,1.15877448862153,1.34860769139634,51.3535200698145
11.3576388888889,1.19109203588169,1.15878779021937,1.3479628828819,51.354326256215
11.3577380952381,1.19098728467274,1.1588010443546,1.34731838267632,51.3551323215958
11.3578373015873,1.19088253863487,1.15881425103988,1.34667419062809,51.3559382659809
11.3579365079365,1.19077779780416,1.15882741028789,1.34603030658577,51.3567440893944
11.3580357142857,1.19067306221673,1.15884052211125,1.345386730398,51.35754979186
11.3581349206349,1.19056833190874,1.15885358652256,1.34474346191345,51.3583553734017
11.3582341269841,1.19046360691641,1.15886660353439,1.34410050098089,51.3591608340435
11.3583333333333,1.19035888727598,1.15887957315929,1.34345784744914,51.359966173809
11.3584325396825,1.19025417302373,1.15889249540978,1.34281550116707,51.3607713927221
11.3585317460317,1.19014946419599,1.15890537029835,1.34217346198365,51.3615764908067
11.358630952381,1.19004476082911,1.15891819783745,1.34153172974787,51.3623814680864
11.3587301587302,1.18994006295951,1.15893097803954,1.34089030430883,51.363186324585
11.3588293650794,1.18983537062362,1.158943710917,1.34024918551566,51.3639910603261
11.3589285714286,1.18973068385793,1.15895639648222,1.33960837321757,51.3647956753333
11.3590277777778,1.18962600269895,1.15896903474755,1.33896786726383,51.3656001696304
11.359126984127,1.18952132718326,1.15898162572532,1.33832766750379,51.3664045432409
11.3592261904762,1.18941665734746,1.15899416942782,1.33768777378685,51.3672087961883
11.3593253968254,1.18931199322817,1.15900666586731,1.33704818596246,51.3680129284962
11.3594246031746,1.1892073348621,1.15901911505605,1.33640890388016,51.3688169401881
11.3595238095238,1.18910268228595,1.15903151700623,1.33576992738957,51.3696208312874
11.359623015873,1.18899803553648,1.15904387173005,1.33513125634032,51.3704246018175
11.3597222222222,1.18889339465051,1.15905617923966,1.33449289058215,51.371228251802
11.3598214285714,1.18878875966486,1.15906843954719,1.33385482996486,51.372031781264
11.3599206349206,1.18868413061642,1.15908065266474,1.33321707433828,51.3728351902271
11.3600198412698,1.1885795075421,1.15909281860439,1.33257962355236,51.3736384787144
11.360119047619,1.18847489047887,1.15910493737817,1.33194247745706,51.3744416467493
11.3602182539683,1.18837027946372,1.15911700899812,1.33130563590245,51.375244694355
11.3603174603175,1.18826567453369,1.15912903347621,1.33066909873863,51.3760476215548
11.3604166666667,1.18816107572587,1.15914101082442,1.33003286581579,51.3768504283717
11.3605158730159,1.18805648307735,1.15915294105466,1.32939693698417,51.377653114829
11.3606150793651,1.18795189662532,1.15916482417887,1.32876131209408,51.3784556809498
11.3607142857143,1.18784731640695,1.1591766602089,1.32812599099588,51.3792581267572
11.3608134920635,1.18774274245949,1.15918844915661,1.32749097354004,51.3800604522742
11.3609126984127,1.18763817482022,1.15920019103383,1.32685625957702,51.3808626575238
11.3610119047619,1.18753361352644,1.15921188585235,1.32622184895743,51.3816647425291
11.3611111111111,1.18742905861553,1.15922353362394,1.32558774153189,51.3824667073131
11.3612103174603,1.18732451012486,1.15923513436034,1.32495393715108,51.3832685518985
11.3613095238095,1.18721996809188,1.15924668807326,1.32432043566578,51.3840702763085
11.3614087301587,1.18711543255407,1.15925819477438,1.32368723692682,51.3848718805658
11.3615079365079,1.18701090354893,1.15926965447537,1.32305434078508,51.3856733646933
11.3616071428571,1.18690638111402,1.15928106718785,1.32242174709152,51.3864747287137
11.3617063492063,1.18680186528693,1.15929243292342,1.32178945569716,51.3872759726499
11.3618055555556,1.18669735610531,1.15930375169365,1.3211574664531,51.3880770965247
11.3619047619048,1.18659285360681,1.1593150235101,1.32052577921047,51.3888781003607
11.362003968254,1.18648835782916,1.15932624838428,1.3198943938205,51.3896789841806
11.3621031746032,1.18638386881011,1.15933742632768,1.31926331013446,51.390479748007
11.3622023809524,1.18627938658744,1.15934855735175,1.3186325280037,51.3912803918627
11.3623015873016,1.186174911199,1.15935964146795,1.31800204727964,51.3920809157702
11.3624007936508,1.18607044268265,1.15937067868767,1.31737186781373,51.392881319752
11.3625,1.18596598107631,1.15938166902229,1.31674198945754,51.3936816038307
11.3625992063492,1.18586152641792,1.15939261248316,1.31611241206265,51.3944817680288
11.3626984126984,1.18575707874548,1.15940350908161,1.31548313548074,51.3952818123688
11.3627976190476,1.18565263809701,1.15941435882893,1.31485415956355,51.396081736873
11.3628968253968,1.1855482045106,1.15942516173639,1.31422548416286,51.396881541564
11.362996031746,1.18544377802434,1.15943591781523,1.31359710913055,51.397681226464
11.3630952380952,1.18533935867639,1.15944662707667,1.31296903431855,51.3984807915954
11.3631944444444,1.18523494650493,1.15945728953188,1.31234125957883,51.3992802369806
11.3632936507937,1.18513054154821,1.15946790519202,1.31171378476347,51.4000795626418
11.3633928571429,1.18502614384447,1.15947847406823,1.31108660972458,51.4008787686012
11.3634920634921,1.18492175343204,1.1594889961716,1.31045973431436,51.4016778548811
11.3635912698413,1.18481737034926,1.1594994715132,1.30983315838505,51.4024768215037
11.3636904761905,1.18471299463451,1.15950990010409,1.30920688178897,51.4032756684912
11.3637896825397,1.18460862632624,1.15952028195528,1.30858090437849,51.4040743958656
11.3638888888889,1.18450426546289,1.15953061707776,1.30795522600607,51.404873003649
11.3639880952381,1.18439991208298,1.1595409054825,1.30732984652423,51.4056714918636
11.3640873015873,1.18429556622507,1.15955114718042,1.30670476578553,51.4064698605313
11.3641865079365,1.18419122792772,1.15956134218244,1.30607998364261,51.4072681096742
11.3642857142857,1.18408689722957,1.15957149049943,1.30545549994818,51.4080662393142
11.3643849206349,1.18398257416929,1.15958159214224,1.30483131455501,51.4088642494733
11.3644841269841,1.18387825878557,1.1595916471217,1.30420742731594,51.4096621401733
11.3645833333333,1.18377395111717,1.15960165544861,1.30358383808385,51.4104599114362
11.3646825396825,1.18366965120287,1.15961161713372,1.30296054671173,51.4112575632838
11.3647817460317,1.1835653590815,1.15962153218779,1.30233755305259,51.4120550957379
11.364880952381,1.1834610747919,1.15963140062152,1.30171485695953,51.4128525088203
11.3649801587302,1.18335679837301,1.1596412224456,1.30109245828571,51.4136498025528
11.3650793650794,1.18325252986374,1.15965099767068,1.30047035688435,51.414446976957
11.3651785714286,1.18314826930309,1.1596607263074,1.29984855260875,51.4152440320547
11.3652777777778,1.18304401673009,1.15967040836636,1.29922704531224,51.4160409678676
11.365376984127,1.18293977218378,1.15968004385812,1.29860583484824,51.4168377844172
11.3654761904762,1.18283553570328,1.15968963279324,1.29798492107026,51.4176344817251
11.3655753968254,1.18273130732773,1.15969917518222,1.29736430383182,51.418431059813
11.3656746031746,1.18262708709631,1.15970867103558,1.29674398298655,51.4192275187023
11.3657738095238,1.18252287504823,1.15971812036375,1.29612395838811,51.4200238584146
11.365873015873,1.18241867122277,1.15972752317719,1.29550422989025,51.4208200789713
11.3659722222222,1.18231447565922,1.15973687948629,1.29488479734678,51.4216161803939
11.3660714285714,1.18221028839692,1.15974618930143,1.29426566061156,51.4224121627038
11.3661706349206,1.18210610947525,1.15975545263297,1.29364681953853,51.4232080259224
11.3662698412698,1.18200193893364,1.15976466949123,1.29302827398169,51.424003770071
11.366369047619,1.18189777681153,1.15977383988651,1.29241002379511,51.4247993951709
11.3664682539683,1.18179362314844,1.15978296382907,1.29179206883291,51.4255949012435
11.3665674603175,1.18168947798389,1.15979204132915,1.2911744089493,51.4263902883099
11.3666666666667,1.18158534135748,1.15980107239696,1.29055704399852,51.4271855563914
11.3667658730159,1.1814812133088,1.1598100570427,1.28993997383491,51.4279807055093
11.3668650793651,1.18137709387753,1.15981899527651,1.28932319831284,51.4287757356846
11.3669642857143,1.18127298310336,1.15982788710853,1.28870671728679,51.4295706469385
11.3670634920635,1.18116888102603,1.15983673254886,1.28809053061126,51.4303654392921
11.3671626984127,1.18106478768532,1.15984553160756,1.28747463814085,51.4311601127665
11.3672619047619,1.18096070312104,1.1598542842947,1.28685903973018,51.4319546673827
11.3673611111111,1.18085662737304,1.15986299062027,1.28624373523399,51.4327491031616
11.3674603174603,1.18075256048123,1.15987165059428,1.28562872450704,51.4335434201244
11.3675595238095,1.18064850248554,1.15988026422669,1.28501400740418,51.4343376182919
11.3676587301587,1.18054445342594,1.15988883152743,1.28439958378031,51.4351316976851
11.3677579365079,1.18044041334246,1.1598973525064,1.28378545349041,51.4359256583248
11.3678571428571,1.18033638227514,1.15990582717349,1.28317161638951,51.4367195002318
11.3679563492063,1.18023236026408,1.15991425553855,1.28255807233272,51.4375132234271
11.3680555555556,1.18012834734941,1.1599226376114,1.2819448211752,51.4383068279314
11.3681547619048,1.18002434357131,1.15993097340184,1.28133186277217,51.4391003137654
11.368253968254,1.17992034896999,1.15993926291963,1.28071919697895,51.4398936809499
11.3683531746032,1.17981636358571,1.15994750617452,1.28010682365087,51.4406869295056
11.3684523809524,1.17971238745875,1.15995570317621,1.27949474264339,51.4414800594531
11.3685515873016,1.17960842062946,1.1599638539344,1.27888295381197,51.4422730708131
11.3686507936508,1.17950446313819,1.15997195845873,1.27827145701218,51.4430659636061
11.36875,1.17940051502537,1.15998001675884,1.27766025209963,51.4438587378528
11.3688492063492,1.17929657633145,1.15998802884433,1.27704933893002,51.4446513935738
11.3689484126984,1.17919264709691,1.15999599472478,1.27643871735908,51.4454439307894
11.3690476190476,1.17908872736229,1.16000391440972,1.27582838724263,51.4462363495202
11.3691468253968,1.17898481716816,1.16001178790867,1.27521834843656,51.4470286497866
11.369246031746,1.17888091655513,1.16001961523114,1.27460860079679,51.447820831609
11.3693452380952,1.17877702556385,1.16002739638657,1.27399914417935,51.4486128950079
11.3694444444444,1.17867314423501,1.1600351313844,1.2733899784403,51.4494048400036
11.3695436507937,1.17856927260934,1.16004282023404,1.27278110343578,51.4501966666164
11.3696428571429,1.17846541072761,1.16005046294488,1.27217251902199,51.4509883748666
11.3697420634921,1.17836155863062,1.16005805952625,1.2715642250552,51.4517799647744
11.3698412698413,1.17825771635923,1.16006560998748,1.27095622139174,51.4525714363602
11.3699404761905,1.17815388395433,1.16007311433788,1.27034850788801,51.453362789644
11.3700396825397,1.17805006145683,1.1600805725867,1.26974108440047,51.4541540246461
11.3701388888889,1.17794624890772,1.16008798474319,1.26913395078564,51.4549451413865
11.3702380952381,1.17784244634799,1.16009535081655,1.26852710690012,51.4557361398855
11.3703373015873,1.1777386538187,1.16010267081598,1.26792055260056,51.4565270201631
11.3704365079365,1.17763487136093,1.16010994475064,1.26731428774368,51.4573177822392
11.3705357142857,1.1775310990158,1.16011717262964,1.26670831218626,51.458108426134
11.3706349206349,1.17742733682449,1.16012435446209,1.26610262578516,51.4588989518675
11.3707341269841,1.1773235848282,1.16013149025707,1.26549722839729,51.4596893594594
11.3708333333333,1.17721984306817,1.16013858002361,1.26489211987963,51.4604796489299
11.3709325396825,1.1771161115857,1.16014562377075,1.26428730008922,51.4612698202987
11.3710317460317,1.1770123904221,1.16015262150746,1.26368276888317,51.4620598735858
11.371130952381,1.17690867961873,1.16015957324272,1.26307852611866,51.4628498088109
11.3712301587302,1.17680497921701,1.16016647898545,1.26247457165292,51.4636396259938
11.3713293650794,1.17670128925838,1.16017333874456,1.26187090534325,51.4644293251544
11.3714285714286,1.17659760978432,1.16018015252893,1.26126752704703,51.4652189063123
11.3715277777778,1.17649394083636,1.16018692034741,1.26066443662169,51.4660083694873
11.371626984127,1.17639028245605,1.16019364220883,1.26006163392472,51.4667977146989
11.3717261904762,1.17628663468501,1.16020031812198,1.25945911881369,51.467586941967
11.3718253968254,1.17618299756486,1.16020694809563,1.25885689114622,51.4683760513109
11.3719246031746,1.1760793711373,1.16021353213852,1.25825495078,51.4691650427505
11.3720238095238,1.17597575544405,1.16022007025936,1.25765329757279,51.4699539163051
11.372123015873,1.17587215052687,1.16022656246684,1.25705193138242,51.4707426719943
11.3722222222222,1.17576855642756,1.16023300876961,1.25645085206676,51.4715313098376
11.3723214285714,1.17566497318795,1.1602394091763,1.25585005948377,51.4723198298544
11.3724206349206,1.17556140084994,1.16024576369552,1.25524955349146,51.4731082320642
11.3725198412698,1.17545783945544,1.16025207233583,1.25464933394792,51.4738965164863
11.372619047619,1.17535428904641,1.16025833510578,1.25404940071128,51.4746846831402
11.3727182539683,1.17525074966485,1.1602645520139,1.25344975363976,51.4754727320451
11.3728174603175,1.1751472213528,1.16027072306867,1.25285039259163,51.4762606632203
11.3729166666667,1.17504370415234,1.16027684827855,1.25225131742523,51.4770484766851
11.3730158730159,1.17494019810559,1.16028292765197,1.25165252799897,51.4778361724588
11.3731150793651,1.1748367032547,1.16028896119735,1.25105402417132,51.4786237505605
11.3732142857143,1.17473321964188,1.16029494892307,1.2504558058008,51.4794112110094
11.3733134920635,1.17462974730936,1.16030089083747,1.24985787274601,51.4801985538247
11.3734126984127,1.17452628629943,1.16030678694887,1.24926022486562,51.4809857790254
11.3735119047619,1.17442283665438,1.16031263726558,1.24866286201836,51.4817728866307
11.3736111111111,1.17431939841659,1.16031844179587,1.24806578406302,51.4825598766596
11.3737103174603,1.17421597162846,1.16032420054796,1.24746899085845,51.483346749131
11.3738095238095,1.1741125563324,1.16032991353008,1.24687248226358,51.4841335040641
11.3739087301587,1.17400915257091,1.16033558075041,1.2462762581374,51.4849201414777
11.3740079365079,1.1739057603865,1.1603412022171,1.24568031833895,51.4857066613908
11.3741071428571,1.17380237982172,1.16034677793829,1.24508466272735,51.4864930638223
11.3742063492063,1.17369901091917,1.16035230792207,1.24448929116178,51.487279348791
11.3743055555556,1.17359565372148,1.16035779217653,1.24389420350149,51.4880655163158
11.3744047619048,1.17349230827133,1.1603632307097,1.24329939960579,51.4888515664154
11.374503968254,1.17338897461144,1.1603686235296,1.24270487933406,51.4896374991087
11.3746031746032,1.17328565278454,1.16037397064422,1.24211064254573,51.4904233144143
11.3747023809524,1.17318234283345,1.16037927206154,1.24151668910031,51.491209012351
11.3748015873016,1.17307904480099,1.16038452778947,1.24092301885737,51.4919945929375
11.3749007936508,1.17297575873003,1.16038973783593,1.24032963167654,51.4927800561924
11.375,1.17287248466349,1.16039490220879,1.23973652741752,51.4935654021342
11.3750992063492,1.17276922264432,1.16040002091591,1.23914370594008,51.4943506307817
11.3751984126984,1.17266597271551,1.16040509396511,1.23855116710404,51.4951357421533
11.3752976190476,1.17256273492009,1.16041012136419,1.2379589107693,51.4959207362675
11.3753968253968,1.17245950930114,1.16041510312092,1.23736693679582,51.4967056131429
11.375496031746,1.17235629590176,1.16042003924303,1.23677524504361,51.4974903727979
11.3755952380952,1.17225309476511,1.16042492973823,1.23618383537277,51.498275015251
11.3756944444444,1.17214990593438,1.16042977461422,1.23559270764345,51.4990595405205
11.3757936507937,1.17204672945279,1.16043457387865,1.23500186171586,51.4998439486248
11.3758928571429,1.17194356536361,1.16043932753914,1.2344112974503,51.5006282395822
11.3759920634921,1.17184041371017,1.1604440356033,1.23382101470709,51.501412413411
11.3760912698413,1.17173727453579,1.16044869807871,1.23323101334667,51.5021964701295
11.3761904761905,1.17163414788389,1.1604533149729,1.23264129322949,51.502980409756
11.3762896825397,1.17153103379787,1.1604578862934,1.23205185421611,51.5037642323086
11.3763888888889,1.17142793232121,1.16046241204769,1.23146269616712,51.5045479378056
11.3764880952381,1.17132484349742,1.16046689224325,1.23087381894321,51.505331526265
11.3765873015873,1.17122176737005,1.16047132688749,1.2302852224051,51.506114997705
11.3766865079365,1.17111870398268,1.16047571598784,1.22969690641359,51.5068983521437
11.3767857142857,1.17101565337894,1.16048005955167,1.22910887082955,51.5076815895992
11.3768849206349,1.1709126156025,1.16048435758632,1.22852111551391,51.5084647100893
11.3769841269841,1.17080959069706,1.16048861009913,1.22793364032766,51.5092477136323
11.3770833333333,1.17070657870637,1.16049281709739,1.22734644513186,51.5100306002459
11.3771825396825,1.17060357967421,1.16049697858837,1.22675952978764,51.5108133699482
11.3772817460317,1.17050059364442,1.16050109457931,1.22617289415618,51.511596022757
11.377380952381,1.17039762066085,1.16050516507741,1.22558653809873,51.5123785586902
11.3774801587302,1.17029466076741,1.16050919008987,1.22500046147663,51.5131609777656
11.3775793650794,1.17019171400804,1.16051316962385,1.22441466415124,51.513943280001
11.3776785714286,1.17008878042674,1.16051710368646,1.22382914598401,51.5147254654143
11.3777777777778,1.16998586006751,1.16052099228481,1.22324390683647,51.5155075340232
11.377876984127,1.16988295297443,1.16052483542598,1.22265894657018,51.5162894858452
11.3779761904762,1.16978005919161,1.16052863311701,1.22207426504678,51.5170713208983
11.3780753968254,1.16967717876317,1.16053238536492,1.22148986212799,51.5178530391999
11.3781746031746,1.16957431173331,1.1605360921767,1.22090573767557,51.5186346407678
11.3782738095238,1.16947145814625,1.16053975355932,1.22032189155136,51.5194161256195
11.378373015873,1.16936861804624,1.16054336951969,1.21973832361726,51.5201974937725
11.3784722222222,1.1692657914776,1.16054694006475,1.21915503373524,51.5209787452444
11.3785714285714,1.16916297848466,1.16055046520135,1.21857202176733,51.5217598800527
11.3786706349206,1.1690601791118,1.16055394493636,1.21798928757562,51.5225408982148
11.3787698412698,1.16895739340345,1.16055737927659,1.21740683102226,51.5233217997482
11.378869047619,1.16885462140407,1.16056076822885,1.2168246519695,51.5241025846702
11.3789682539683,1.16875186315814,1.1605641117999,1.21624275027962,51.5248832529983
11.3790674603175,1.16864911871023,1.16056740999648,1.21566112581496,51.5256638047498
11.3791666666667,1.1685463881049,1.1605706628253,1.21507977843796,51.526444239942
11.3792658730159,1.16844367138677,1.16057387029305,1.21449870801108,51.5272245585921
11.3793650793651,1.1683409686005,1.16057703240638,1.21391791439689,51.5280047607175
11.3794642857143,1.1682382797908,1.16058014917193,1.213337397458,51.5287848463352
11.3795634920635,1.1681356050024,1.1605832205963,1.21275715705707,51.5295648154626
11.3796626984127,1.16803294156733,1.16058624776678,1.21217719307998,51.5303446692026
11.3797619047619,1.16793028668656,1.16058923182144,1.21159750542153,51.5311244087088
11.3798611111111,1.16782764035761,1.1605921727835,1.2110180939567,51.5319040340147
11.3799603174603,1.16772500257821,1.16059507067609,1.21043895856049,51.5326835451534
11.3800595238095,1.16762237334613,1.1605979255223,1.20986009910797,51.5334629421582
11.3801587301587,1.16751975265914,1.16060073734523,1.20928151547424,51.5342422250624
11.3802579365079,1.16741714051501,1.16060350616795,1.20870320753443,51.5350213938991
11.3803571428571,1.16731453691156,1.16060623201355,1.20812517516373,51.5358004487016
11.3804563492063,1.16721194184658,1.16060891490507,1.20754741823735,51.5365793895029
11.3805555555556,1.16710935531788,1.16061155486556,1.20696993663055,51.5373582163364
11.3806547619048,1.16700677732331,1.16061415191806,1.20639273021863,51.5381369292351
11.380753968254,1.16690420786069,1.16061670608558,1.20581579887692,51.5389155282322
11.3808531746032,1.16680164692788,1.16061921739114,1.2052391424808,51.5396940133609
11.3809523809524,1.16669909452274,1.16062168585773,1.20466276090568,51.5404723846541
11.3810515873016,1.16659655064315,1.16062411150834,1.20408665402703,51.5412506421451
11.3811507936508,1.16649401528699,1.16062649436594,1.20351082172034,51.5420287858668
11.38125,1.16639148845217,1.1606288344535,1.20293526386115,51.5428068158525
11.3813492063492,1.16628897013658,1.16063113179396,1.20235998032503,51.5435847321351
11.3814484126984,1.16618646033816,1.16063338641026,1.2017849709876,51.5443625347476
11.3815476190476,1.16608395905484,1.16063559832533,1.20121023572451,51.5451402237232
11.3816468253968,1.16598146628455,1.16063776756208,1.20063577441147,51.5459177990948
11.381746031746,1.16587898202526,1.16063989414342,1.20006158692421,51.5466952608954
11.3818452380952,1.16577650627492,1.16064197809223,1.19948767313849,51.547472609158
11.3819444444444,1.16567403903153,1.16064401943139,1.19891403293015,51.5482498439156
11.3820436507937,1.16557158029307,1.16064601818378,1.19834066617504,51.5490269652011
11.3821428571429,1.16546913005754,1.16064797437224,1.19776757274904,51.5498039730475
11.3822420634921,1.16536668832296,1.16064988801961,1.1971947525281,51.5505808674877
11.3823412698413,1.16526425508735,1.16065175914874,1.1966222053882,51.5513576485546
11.3824404761905,1.16516183034874,1.16065358778242,1.19604993120534,51.5521343162812
11.3825396825397,1.16505941410519,1.16065537394349,1.19547792985558,51.5529108707003
11.3826388888889,1.16495700635476,1.16065711765472,1.19490620121502,51.5536873118447
11.3827380952381,1.16485460709551,1.1606588189389,1.19433474515978,51.5544636397474
11.3828373015873,1.16475221632552,1.1606604778188,1.19376356156606,51.5552398544412
11.3829365079365,1.1646498340429,1.16066209431719,1.19319265031005,51.5560159559589
11.3830357142857,1.16454746024574,1.1606636684568,1.19262201126802,51.5567919443333
11.3831349206349,1.16444509493217,1.16066520026038,1.19205164431625,51.5575678195973
11.3832341269841,1.16434273810031,1.16066668975064,1.19148154933109,51.5583435817836
11.3833333333333,1.16424038974831,1.16066813695031,1.1909117261889,51.559119230925
11.3834325396825,1.16413804987431,1.16066954188207,1.1903421747661,51.5598947670543
11.3835317460317,1.16403571847647,1.16067090456862,1.18977289493915,51.5606701902041
11.383630952381,1.16393339555298,1.16067222503263,1.18920388658454,51.5614455004074
11.3837301587302,1.16383108110202,1.16067350329676,1.1886351495788,51.5622206976967
11.3838293650794,1.16372877512179,1.16067473938368,1.1880666837985,51.5629957821047
11.3839285714286,1.16362647761049,1.16067593331601,1.18749848912026,51.5637707536642
11.3840277777778,1.16352418856635,1.16067708511638,1.18693056542073,51.5645456124079
11.384126984127,1.1634219079876,1.16067819480742,1.1863629125766,51.5653203583684
11.3842261904762,1.16331963587248,1.16067926241172,1.18579553046461,51.5660949915783
11.3843253968254,1.16321737221925,1.16068028795188,1.18522841896153,51.5668695120702
11.3844246031746,1.16311511702618,1.16068127145048,1.18466157794417,51.5676439198769
11.3845238095238,1.16301287029154,1.16068221293008,1.18409500728938,51.5684182150309
11.384623015873,1.16291063201363,1.16068311241325,1.18352870687406,51.5691923975648
11.3847222222222,1.16280840219074,1.16068396992253,1.18296267657514,51.5699664675112
11.3848214285714,1.16270618082119,1.16068478548044,1.18239691626958,51.5707404249026
11.3849206349206,1.16260396790331,1.16068555910952,1.18183142583442,51.5715142697716
11.3850198412698,1.16250176343543,1.16068629083227,1.18126620514668,51.5722880021508
11.385119047619,1.1623995674159,1.16068698067118,1.18070125408348,51.5730616220726
11.3852182539683,1.16229737984307,1.16068762864875,1.18013657252193,51.5738351295695
11.3853174603175,1.16219520071532,1.16068823478744,1.17957216033921,51.5746085246742
11.3854166666667,1.16209303003104,1.16068879910971,1.17900801741253,51.5753818074189
11.3855158730159,1.1619908677886,1.16068932163802,1.17844414361914,51.5761549778362
11.3856150793651,1.16188871398643,1.16068980239481,1.17788053883633,51.5769280359586
11.3857142857143,1.16178656862294,1.16069024140249,1.17731720294144,51.5777009818185
11.3858134920635,1.16168443169655,1.16069063868348,1.17675413581184,51.5784738154483
11.3859126984127,1.16158230320571,1.16069099426018,1.17619133732492,51.5792465368804
11.3860119047619,1.16148018314887,1.16069130815499,1.17562880735816,51.5800191461473
11.3861111111111,1.16137807152448,1.16069158039028,1.17506654578903,51.5807916432812
11.3862103174603,1.16127596833103,1.16069181098841,1.17450455249506,51.5815640283146
11.3863095238095,1.16117387356701,1.16069199997174,1.17394282735383,51.5823363012799
11.3864087301587,1.1610717872309,1.16069214736261,1.17338137024295,51.5831084622093
11.3865079365079,1.16096970932122,1.16069225318336,1.17282018104007,51.5838805111351
11.3866071428571,1.16086763983649,1.16069231745629,1.17225925962287,51.5846524480898
11.3867063492063,1.16076557877524,1.16069234020372,1.17169860586909,51.5854242731056
11.3868055555556,1.16066352613602,1.16069232144794,1.1711382196565,51.5861959862147
11.3869047619048,1.16056148191738,1.16069226121123,1.1705781008629,51.5869675874495
11.387003968254,1.16045944611789,1.16069215951586,1.17001824936614,51.5877390768422
11.3871031746032,1.16035741873612,1.1606920163841,1.16945866504412,51.588510454425
11.3872023809524,1.16025539977067,1.16069183183818,1.16889934777476,51.5892817202302
11.3873015873016,1.16015338922014,1.16069160590034,1.16834029743604,51.59005287429
11.3874007936508,1.16005138708314,1.16069133859281,1.16778151390595,51.5908239166366
11.3875,1.15994939335829,1.16069102993779,1.16722299706255,51.5915948473021
11.3875992063492,1.15984740804424,1.16069067995748,1.16666474678393,51.5923656663188
11.3876984126984,1.15974543113963,1.16069028867408,1.16610676294822,51.5931363737187
11.3877976190476,1.15964346264311,1.16068985610976,1.16554904543358,51.5939069695342
11.3878968253968,1.15954150255337,1.16068938228667,1.16499159411822,51.5946774537971
11.387996031746,1.15943955086907,1.16068886722697,1.1644344088804,51.5954478265398
11.3880952380952,1.15933760758893,1.1606883109528,1.16387748959839,51.5962180877942
11.3881944444444,1.15923567271163,1.16068771348629,1.16332083615053,51.5969882375925
11.3882936507937,1.1591337462359,1.16068707484955,1.16276444841519,51.5977582759667
11.3883928571429,1.15903182816047,1.16068639506469,1.16220832627077,51.598528202949
11.3884920634921,1.15892991848407,1.16068567415379,1.16165246959571,51.5992980185712
11.3885912698413,1.15882801720547,1.16068491213894,1.16109687826852,51.6000677228656
11.3886904761905,1.15872612432341,1.16068410904221,1.1605415521677,51.600837315864
11.3887896825397,1.15862423983668,1.16068326488564,1.15998649117184,51.6016067975986
11.3888888888889,1.15852236374406,1.16068237969129,1.15943169515954,51.6023761681012
11.3889880952381,1.15842049604435,1.16068145348118,1.15887716400944,51.6031454274038
11.3890873015873,1.15831863673636,1.16068048627734,1.15832289760023,51.6039145755385
11.3891865079365,1.1582167858189,1.16067947810178,1.15776889581064,51.6046836125371
11.3892857142857,1.15811494329082,1.16067842897648,1.15721515851942,51.6054525384317
11.3893849206349,1.15801310915095,1.16067733892344,1.15666168560541,51.606221353254
11.3894841269841,1.15791128339816,1.16067620796463,1.15610847694743,51.6069900570361
11.3895833333333,1.1578094660313,1.160675036122,1.15555553242437,51.6077586498097
11.3896825396825,1.15770765704926,1.16067382341751,1.15500285191516,51.6085271316068
11.3897817460317,1.15760585645092,1.16067256987309,1.15445043529877,51.6092955024593
11.389880952381,1.15750406423519,1.16067127551067,1.1538982824542,51.6100637623989
11.3899801587302,1.15740228040098,1.16066994035215,1.15334639326049,51.6108319114576
11.3900793650794,1.15730050494722,1.16066856441945,1.15279476759673,51.6115999496671
11.3901785714286,1.15719873787283,1.16066714773444,1.15224340534205,51.6123678770593
11.3902777777778,1.15709697917678,1.16066569031902,1.15169230637562,51.6131356936659
11.390376984127,1.15699522885801,1.16066419219503,1.15114147057663,51.6139033995187
11.3904761904762,1.1568934869155,1.16066265338433,1.15059089782433,51.6146709946495
11.3905753968254,1.15679175334822,1.16066107390878,1.150040587998,51.61543847909
11.3906746031746,1.15669002815519,1.16065945379018,1.14949054097698,51.616205852872
11.3907738095238,1.15658831133539,1.16065779305037,1.14894075664062,51.6169731160272
11.390873015873,1.15648660288785,1.16065609171115,1.14839123486833,51.6177402685872
11.3909722222222,1.15638490281159,1.1606543497943,1.14784197553956,51.6185073105839
11.3910714285714,1.15628321110566,1.16065256732162,1.14729297853379,51.6192742420488
11.3911706349206,1.1561815277691,1.16065074431487,1.14674424373054,51.6200410630136
11.3912698412698,1.15607985280098,1.16064888079581,1.14619577100938,51.62080777351
11.391369047619,1.15597818620038,1.16064697678618,1.14564756024991,51.6215743735696
11.3914682539683,1.15587652796637,1.16064503230773,1.14509961133177,51.6223408632241
11.3915674603175,1.15577487809806,1.16064304738216,1.14455192413465,51.623107242505
11.3916666666667,1.15567323659456,1.1606410220312,1.14400449853827,51.623873511444
11.3917658730159,1.15557160345498,1.16063895627654,1.14345733442239,51.6246396700725
11.3918650793651,1.15546997867846,1.16063685013986,1.14291043166683,51.6254057184223
11.3919642857143,1.15536836226414,1.16063470364284,1.14236379015141,51.6261716565248
11.3920634920635,1.15526675421118,1.16063251680714,1.14181740975603,51.6269374844116
11.3921626984127,1.15516515451875,1.16063028965442,1.1412712903606,51.6277032021142
11.3922619047619,1.15506356318601,1.16062802220631,1.14072543184508,51.6284688096641
11.3923611111111,1.15496198021217,1.16062571448443,1.1401798340895,51.6292343070928
11.3924603174603,1.15486040559643,1.16062336651041,1.13963449697387,51.6299996944318
11.3925595238095,1.15475883933799,1.16062097830584,1.1390894203783,51.6307649717126
11.3926587301587,1.15465728143608,1.16061854989232,1.13854460418289,51.6315301389666
11.3927579365079,1.15455573188993,1.16061608129142,1.13800004826781,51.6322951962252
11.3928571428571,1.1544541906988,1.16061357252471,1.13745575251327,51.63306014352
11.3929563492063,1.15435265786195,1.16061102361375,1.1369117167995,51.6338249808822
11.3930555555556,1.15425113337864,1.16060843458008,1.13636794100679,51.6345897083433
11.3931547619048,1.15414961724815,1.16060580544523,1.13582442501545,51.6353543259347
11.393253968254,1.15404810946979,1.16060313623073,1.13528116870585,51.6361188336877
11.3933531746032,1.15394661004285,1.16060042695806,1.13473817195839,51.6368832316337
11.3934523809524,1.15384511896665,1.16059767764875,1.13419543465352,51.6376475198041
11.3935515873016,1.15374363624052,1.16059488832426,1.1336529566717,51.6384116982302
11.3936507936508,1.1536421618638,1.16059205900606,1.13311073789347,51.6391757669432
11.39375,1.15354069583584,1.16058918971563,1.13256877819938,51.6399397259745
11.3938492063492,1.153439238156,1.1605862804744,1.13202707747004,51.6407035753554
11.3939484126984,1.15333778882367,1.16058333130381,1.13148563558608,51.6414673151171
11.3940476190476,1.15323634783821,1.16058034222529,1.13094445242819,51.642230945291
11.3941468253968,1.15313491519904,1.16057731326024,1.13040352787709,51.6429944659081
11.394246031746,1.15303349090556,1.16057424443007,1.12986286181353,51.6437578769999
11.3943452380952,1.15293207495719,1.16057113575617,1.12932245411832,51.6445211785974
11.3944444444444,1.15283066735336,1.16056798725991,1.12878230467229,51.6452843707319
11.3945436507937,1.15272926809352,1.16056479896265,1.12824241335633,51.6460474534346
11.3946428571429,1.15262787717713,1.16056157088575,1.12770278005136,51.6468104267367
11.3947420634921,1.15252649460363,1.16055830305055,1.12716340463833,51.6475732906692
11.3948412698413,1.15242512037253,1.16055499547838,1.12662428699825,51.6483360452634
11.3949404761905,1.1523237544833,1.16055164819055,1.12608542701215,51.6490986905504
11.3950396825397,1.15222239693545,1.16054826120837,1.12554682456111,51.6498612265613
11.3951388888889,1.15212104772849,1.16054483455314,1.12500847952626,51.6506236533272
11.3952380952381,1.15201970686195,1.16054136824612,1.12447039178874,51.6513859708791
11.3953373015873,1.15191837433535,1.16053786230859,1.12393256122976,51.6521481792483
11.3954365079365,1.15181705014826,1.16053431676182,1.12339498773057,51.6529102784657
11.3955357142857,1.15171573430022,1.16053073162703,1.12285767117243,51.6536722685623
11.3956349206349,1.1516144267908,1.16052710692547,1.12232061143667,51.6544341495693
11.3957341269841,1.1515131276196,1.16052344267836,1.12178380840464,51.6551959215175
11.3958333333333,1.1514118367862,1.16051973890691,1.12124726195774,51.6559575844382
11.3959325396825,1.15131055429021,1.16051599563231,1.12071097197741,51.6567191383621
11.3960317460317,1.15120928013124,1.16051221287575,1.12017493834513,51.6574805833203
11.396130952381,1.15110801430892,1.1605083906584,1.11963916094242,51.6582419193438
11.3962301587302,1.1510067568229,1.16050452900143,1.11910363965083,51.6590031464635
11.3963293650794,1.15090550767282,1.16050062792598,1.11856837435196,51.6597642647103
11.3964285714286,1.15080426685835,1.1604966874532,1.11803336492745,51.6605252741152
11.3965277777778,1.15070303437916,1.1604927076042,1.11749861125898,51.6612861747091
11.396626984127,1.15060181023493,1.1604886884001,1.11696411322825,51.6620469665228
11.3967261904762,1.15050059442537,1.16048462986201,1.11642987071703,51.6628076495873
11.3968253968254,1.15039938695018,1.16048053201101,1.11589588360713,51.6635682239334
11.3969246031746,1.15029818780908,1.16047639486819,1.11536215178036,51.6643286895919
11.3970238095238,1.15019699700181,1.1604722184546,1.11482867511862,51.6650890465937
11.397123015873,1.15009581452811,1.1604680027913,1.11429545350382,51.6658492949696
11.3972222222222,1.14999464038773,1.16046374789934,1.1137624868179,51.6666094347505
11.3973214285714,1.14989347458044,1.16045945379975,1.11322977494288,51.667369465967
11.3974206349206,1.14979231710602,1.16045512051354,1.11269731776078,51.6681293886501
11.3975198412698,1.14969116796425,1.16045074806172,1.11216511515369,51.6688892028303
11.397619047619,1.14959002715495,1.16044633646529,1.11163316700371,51.6696489085387
11.3977182539683,1.14948889467791,1.16044188574522,1.111101473193,51.6704085058057
11.3978174603175,1.14938777053298,1.16043739592249,1.11057003360377,51.6711679946622
11.3979166666667,1.14928665471997,1.16043286701807,1.11003884811823,51.6719273751389
11.3980158730159,1.14918554723874,1.16042829905288,1.10950791661868,51.6726866472665
11.3981150793651,1.14908444808915,1.16042369204788,1.10897723898743,51.6734458110756
11.3982142857143,1.14898335727107,1.16041904602398,1.10844681510681,51.674204866597
11.3983134920635,1.14888227478438,1.16041436100209,1.10791664485925,51.6749638138612
11.3984126984127,1.14878120062897,1.16040963700312,1.10738672812717,51.675722652899
11.3985119047619,1.14868013480476,1.16040487404795,1.10685706479304,51.6764813837409
11.3986111111111,1.14857907731164,1.16040007215746,1.10632765473939,51.6772400064175
11.3987103174603,1.14847802814956,1.1603952313525,1.10579849784876,51.6779985209595
11.3988095238095,1.14837698731845,1.16039035165394,1.10526959400374,51.6787569273974
11.3989087301587,1.14827595481827,1.16038543308261,1.10474094308698,51.6795152257618
11.3990079365079,1.14817493064897,1.16038047565934,1.10421254498115,51.6802734160833
11.3991071428571,1.14807391481053,1.16037547940494,1.10368439956896,51.6810314983924
11.3992063492063,1.14797290730294,1.16037044434023,1.10315650673316,51.6817894727196
11.3993055555556,1.14787190812619,1.16036537048598,1.10262886635655,51.6825473390954
11.3994047619048,1.14777091728029,1.16036025786299,1.10210147832196,51.6833050975504
11.399503968254,1.14766993476527,1.16035510649202,1.10157434251227,51.684062748115
11.3996031746032,1.14756896058115,1.16034991639382,1.10104745881039,51.6848202908196
11.3997023809524,1.14746799472798,1.16034468758914,1.10052082709927,51.6855777256949
11.3998015873016,1.14736703720581,1.16033942009872,1.09999444726191,51.6863350527711
11.3999007936508,1.14726608801471,1.16033411394327,1.09946831918133,51.6870922720787
11.4,1.14716514715476,1.1603287691435,1.09894244274062,51.6878493836482
11.4000992063492,1.14706421462604,1.1603233857201,1.09841681782288,51.6886063875099
11.4001984126984,1.14696329042866,1.16031796369378,1.09789144431127,51.6893632836942
11.4002976190476,1.14686237456274,1.16031250308518,1.09736632208898,51.6901200722315
11.4003968253968,1.14676146702838,1.16030700391499,1.09684145103925,51.6908767531521
11.400496031746,1.14666056782574,1.16030146620384,1.09631683104533,51.6916333264865
11.4005952380952,1.14655967695496,1.16029588997237,1.09579246199056,51.6923897922648
11.4006944444444,1.14645879441619,1.16029027524121,1.09526834375827,51.6931461505175
11.4007936507937,1.1463579202096,1.16028462203097,1.09474447623186,51.6939024012749
11.4008928571429,1.14625705433539,1.16027893036226,1.09422085929476,51.6946585445671
11.4009920634921,1.14615619679374,1.16027320025565,1.09369749283045,51.6954145804246
11.4010912698413,1.14605534758485,1.16026743173174,1.09317437672243,51.6961705088775
11.4011904761905,1.14595450670894,1.16026162481107,1.09265151085426,51.6969263299562
11.4012896825397,1.14585367416625,1.16025577951422,1.09212889510953,51.6976820436908
11.4013888888889,1.14575284995701,1.16024989586172,1.09160652937186,51.6984376501115
11.4014880952381,1.14565203408146,1.1602439738741,1.09108441352494,51.6991931492486
11.4015873015873,1.14555122653989,1.16023801357187,1.09056254745247,51.6999485411323
11.4016865079365,1.14545042733255,1.16023201497555,1.0900409310382,51.7007038257926
11.4017857142857,1.14534963645973,1.16022597810562,1.08951956416592,51.7014590032599
11.4018849206349,1.14524885392173,1.16021990298258,1.08899844671947,51.7022140735642
11.4019841269841,1.14514807971887,1.16021378962688,1.08847757858271,51.7029690367356
11.4020833333333,1.14504731385145,1.160207638059,1.08795695963955,51.7037238928044
11.4021825396825,1.14494655631981,1.16020144829936,1.08743658977395,51.7044786418005
11.4022817460317,1.1448458071243,1.16019522036842,1.08691646886989,51.7052332837542
11.402380952381,1.14474506626527,1.16018895428658,1.08639659681141,51.7059878186954
11.4024801587302,1.14464433374308,1.16018265007427,1.08587697348257,51.7067422466542
11.4025793650794,1.14454360955812,1.16017630775188,1.08535759876748,51.7074965676606
11.4026785714286,1.14444289371077,1.16016992733979,1.08483847255029,51.7082507817449
11.4027777777778,1.14434218620144,1.16016350885838,1.0843195947152,51.7090048889368
11.402876984127,1.14424148703053,1.16015705232802,1.08380096514642,51.7097588892664
11.4029761904762,1.14414079619847,1.16015055776906,1.08328258372824,51.7105127827638
11.4030753968254,1.1440401137057,1.16014402520182,1.08276445034496,51.7112665694589
11.4031746031746,1.14393943955266,1.16013745464665,1.08224656488093,51.7120202493817
11.4032738095238,1.14383877373981,1.16013084612386,1.08172892722053,51.712773822562
11.403373015873,1.14373811626763,1.16012419965374,1.08121153724821,51.71352728903
11.4034722222222,1.14363746713659,1.1601175152566,1.08069439484841,51.7142806488154
11.4035714285714,1.14353682634718,1.16011079295271,1.08017749990566,51.7150339019482
11.4036706349206,1.14343619389992,1.16010403276233,1.0796608523045,51.7157870484583
11.4037698412698,1.14333556979531,1.16009723470573,1.07914445192951,51.7165400883756
11.403869047619,1.1432349540339,1.16009039880314,1.07862829866534,51.7172930217299
11.4039682539683,1.1431343466162,1.16008352507481,1.07811239239664,51.7180458485511
11.4040674603175,1.14303374754279,1.16007661354094,1.07759673300812,51.718798568869
11.4041666666667,1.14293315681421,1.16006966422174,1.07708132038453,51.7195511827134
11.4042658730159,1.14283257443104,1.16006267713742,1.07656615441066,51.7203036901142
11.4043650793651,1.14273200039388,1.16005565230816,1.07605123497134,51.7210560911012
11.4044642857143,1.1426314347033,1.16004858975412,1.07553656195143,51.7218083857041
11.4045634920635,1.14253087735994,1.16004148949548,1.07502213523584,51.7225605739527
11.4046626984127,1.14243032836439,1.16003435155236,1.07450795470952,51.7233126558767
11.4047619047619,1.1423297877173,1.16002717594493,1.07399402025745,51.724064631506
11.4048611111111,1.14222925541931,1.16001996269329,1.07348033176466,51.7248165008701
11.4049603174603,1.14212873147108,1.16001271181755,1.07296688911622,51.7255682639989
11.4050595238095,1.14202821587326,1.16000542333783,1.07245369219723,51.7263199209221
11.4051587301587,1.14192770862654,1.15999809727421,1.07194074089284,51.7270714716692
11.4052579365079,1.14182720973161,1.15999073364676,1.07142803508824,51.72782291627
11.4053571428571,1.14172671918917,1.15998333247556,1.07091557466865,51.7285742547542
11.4054563492063,1.14162623699992,1.15997589378065,1.07040335951934,51.7293254871514
11.4055555555556,1.1415257631646,1.15996841758207,1.06989138952561,51.7300766134911
11.4056547619048,1.14142529768394,1.15996090389985,1.06937966457281,51.7308276338031
11.405753968254,1.14132484055869,1.15995335275402,1.06886818454633,51.7315785481169
11.4058531746032,1.1412243917896,1.15994576416457,1.06835694933159,51.7323293564622
11.4059523809524,1.14112395137745,1.1599381381515,1.06784595881406,51.7330800588684
11.4060515873016,1.14102351932301,1.15993047473479,1.06733521287923,51.7338306553651
11.4061507936508,1.14092309562709,1.15992277393441,1.06682471141267,51.7345811459819
11.40625,1.14082268029048,1.15991503577031,1.06631445429995,51.7353315307483
11.4063492063492,1.14072227331399,1.15990726026245,1.06580444142669,51.7360818096938
11.4064484126984,1.14062187469847,1.15989944743076,1.06529467267857,51.736831982848
11.4065476190476,1.14052148444475,1.15989159729515,1.06478514794128,51.7375820502403
11.4066468253968,1.14042110255367,1.15988370987554,1.06427586710058,51.7383320119001
11.406746031746,1.14032072902611,1.15987578519182,1.06376683004224,51.739081867857
11.4068452380952,1.14022036386293,1.15986782326389,1.06325803665209,51.7398316181404
11.4069444444444,1.14012000706502,1.15985982411161,1.06274948681599,51.7405812627797
11.4070436507936,1.14001965863328,1.15985178775486,1.06224118041985,51.7413308018044
11.4071428571429,1.13991931856861,1.15984371421346,1.0617331173496,51.7420802352438
11.4072420634921,1.13981898687194,1.15983560350728,1.06122529749125,51.7428295631273
11.4073412698413,1.1397186635442,1.15982745565613,1.06071772073081,51.7435787854843
11.4074404761905,1.13961834858633,1.15981927067982,1.06021038695433,51.7443279023442
11.4075396825397,1.13951804199928,1.15981104859816,1.05970329604794,51.7450769137362
11.4076388888889,1.13941774378402,1.15980278943095,1.05919644789776,51.7458258196899
11.4077380952381,1.13931745394154,1.15979449319795,1.05868984238999,51.7465746202343
11.4078373015873,1.13921717247281,1.15978615991894,1.05818347941084,51.747323315399
11.4079365079365,1.13911689937884,1.15977778961366,1.05767735884657,51.7480719052131
11.4080357142857,1.13901663466064,1.15976938230187,1.0571714805835,51.7488203897059
11.4081349206349,1.13891637831924,1.1597609380033,1.05666584450796,51.7495687689067
11.4082341269841,1.13881613035566,1.15975245673766,1.05616045050634,51.7503170428448
11.4083333333333,1.13871589077097,1.15974393852465,1.05565529846506,51.7510652115493
11.4084325396825,1.13861565956621,1.15973538338399,1.05515038827058,51.7518132750495
11.4085317460317,1.13851543674246,1.15972679133534,1.0546457198094,51.7525612333746
11.408630952381,1.13841522230079,1.15971816239838,1.05414129296805,51.7533090865539
11.4087301587302,1.1383150162423,1.15970949659277,1.05363710763315,51.7540568346163
11.4088293650794,1.1382148185681,1.15970079393816,1.05313316369129,51.7548044775913
11.4089285714286,1.1381146292793,1.15969205445418,1.05262946102913,51.7555520155078
11.4090277777778,1.13801444837703,1.15968327816046,1.0521259995334,51.756299448395
11.409126984127,1.13791427586243,1.1596744650766,1.05162277909081,51.757046776282
11.4092261904762,1.13781411173664,1.15966561522221,1.05111979958816,51.757793999198
11.4093253968254,1.13771395600084,1.15965672861688,1.05061706091226,51.7585411171721
11.4094246031746,1.13761380865619,1.15964780528018,1.05011456294998,51.7592881302332
11.4095238095238,1.13751366970388,1.15963884523168,1.04961230558822,51.7600350384106
11.409623015873,1.13741353914511,1.15962984849092,1.04911028871391,51.7607818417332
11.4097222222222,1.13731341698108,1.15962081507745,1.04860851221404,51.76152854023
11.4098214285714,1.13721330321302,1.1596117450108,1.04810697597563,51.7622751339302
11.4099206349206,1.13711319784215,1.15960263831048,1.04760567988574,51.7630216228627
11.4100198412698,1.13701310086973,1.159593494996,1.04710462383147,51.7637680070564
11.410119047619,1.13691301229699,1.15958431508685,1.04660380769996,51.7645142865405
11.4102182539683,1.13681293212522,1.1595750986025,1.04610323137839,51.7652604613438
11.4103174603175,1.13671286035569,1.15956584556244,1.04560289475398,51.7660065314953
11.4104166666667,1.13661279698968,1.15955655598611,1.04510279771399,51.766752497024
11.4105158730159,1.1365127420285,1.15954722989297,1.04460294014571,51.7674983579587
11.4106150793651,1.13641269547347,1.15953786730243,1.0441033219365,51.7682441143284
11.4107142857143,1.13631265732589,1.15952846823393,1.04360394297372,51.7689897661619
11.4108134920635,1.13621262758711,1.15951903270688,1.0431048031448,51.7697353134883
11.4109126984127,1.13611260625848,1.15950956074066,1.0426059023372,51.7704807563362
11.4110119047619,1.13601259334135,1.15950005235467,1.04210724043841,51.7712260947347
11.4111111111111,1.1359125888371,1.15949050756828,1.04160881733598,51.7719713287124
11.4112103174603,1.1358125927471,1.15948092640086,1.04111063291748,51.7727164582983
11.4113095238095,1.13571260507275,1.15947130887174,1.04061268707053,51.7734614835212
11.4114087301587,1.13561262581546,1.15946165500027,1.04011497968279,51.7742064044098
11.4115079365079,1.13551265497663,1.15945196480577,1.03961751064196,51.774951220993
11.4116071428571,1.1354126925577,1.15944223830756,1.03912027983577,51.7756959332995
11.4117063492063,1.1353127385601,1.15943247552493,1.03862328715201,51.776440541358
11.4118055555556,1.13521279298529,1.15942267647719,1.03812653247849,51.7771850451974
11.4119047619048,1.13511285583473,1.1594128411836,1.03763001570307,51.7779294448463
11.412003968254,1.13501292710988,1.15940296966344,1.03713373671365,51.7786737403334
11.4121031746032,1.13491300681225,1.15939306193595,1.03663769539817,51.7794179316875
11.4122023809524,1.13481309494332,1.15938311802038,1.0361418916446,51.7801620189373
11.4123015873016,1.1347131915046,1.15937313793596,1.03564632534096,51.7809060021114
11.4124007936508,1.13461329649762,1.1593631217019,1.03515099637531,51.7816498812384
11.4125,1.13451340992389,1.15935306933742,1.03465590463574,51.782393656347
11.4125992063492,1.13441353178498,1.15934298086171,1.0341610500104,51.7831373274659
11.4126984126984,1.13431366208242,1.15933285629395,1.03366643238746,51.7838808946237
11.4127976190476,1.13421380081779,1.15932269565331,1.03317205165513,51.7846243578489
11.4128968253968,1.13411394799267,1.15931249895895,1.03267790770167,51.7853677171702
11.412996031746,1.13401410360864,1.15930226623002,1.03218400041538,51.7861109726161
11.4130952380952,1.1339142676673,1.15929199748565,1.03169032968459,51.7868541242151
11.4131944444444,1.13381444017026,1.15928169274496,1.03119689539769,51.7875971719959
11.4132936507937,1.13371462111916,1.15927135202707,1.03070369744308,51.788340115987
11.4133928571429,1.13361481051562,1.15926097535108,1.03021073570923,51.7890829562168
11.4134920634921,1.1335150083613,1.15925056273606,1.02971801008463,51.7898256927139
11.4135912698413,1.13341521465784,1.1592401142011,1.02922552045782,51.7905683255068
11.4136904761905,1.13331542940692,1.15922962976527,1.02873326671736,51.7913108546239
11.4137896825397,1.13321565261022,1.1592191094476,1.02824124875188,51.7920532800938
11.4138888888889,1.13311588426944,1.15920855326715,1.02774946645003,51.7927956019448
11.4139880952381,1.13301612438627,1.15919796124294,1.02725791970051,51.7935378202053
11.4140873015873,1.13291637296244,1.15918733339398,1.02676660839205,51.7942799349039
11.4141865079365,1.13281662999967,1.15917666973927,1.02627553241343,51.7950219460689
11.4142857142857,1.1327168954997,1.15916597029782,1.02578469165346,51.7957638537287
11.4143849206349,1.13261716946428,1.1591552350886,1.02529408600099,51.7965056579117
11.4144841269841,1.13251745189517,1.15914446413058,1.02480371534493,51.7972473586462
11.4145833333333,1.13241774279415,1.15913365744271,1.0243135795742,51.7979889559606
11.4146825396825,1.132318042163,1.15912281504394,1.02382367857778,51.7987304498832
11.4147817460317,1.13221835000352,1.1591119369532,1.02333401224469,51.7994718404424
11.414880952381,1.13211866631752,1.15910102318941,1.02284458046397,51.8002131276664
11.4149801587302,1.13201899110681,1.15909007377148,1.02235538312473,51.8009543115835
11.4150793650794,1.13191932437323,1.1590790887183,1.02186642011609,51.8016953922221
11.4151785714286,1.13181966611862,1.15906806804876,1.02137769132723,51.8024363696104
11.4152777777778,1.13172001634483,1.15905701178174,1.02088919664737,51.8031772437766
11.415376984127,1.13162037505373,1.15904591993609,1.02040093596575,51.803918014749
11.4154761904762,1.13152074224721,1.15903479253066,1.01991290917168,51.8046586825558
11.4155753968254,1.13142111792714,1.15902362958429,1.01942511615447,51.8053992472252
11.4156746031746,1.13132150209542,1.1590124311158,1.01893755680352,51.8061397087853
11.4157738095238,1.13122189475398,1.15900119714401,1.01845023100822,51.8068800672645
11.415873015873,1.13112229590473,1.15898992768772,1.01796313865804,51.8076203226908
11.4159722222222,1.1310227055496,1.15897862276571,1.01747627964246,51.8083604750924
11.4160714285714,1.13092312369055,1.15896728239677,1.01698965385101,51.8091005244975
11.4161706349206,1.13082355032953,1.15895590659966,1.01650326117328,51.8098404709341
11.4162698412698,1.13072398546852,1.15894449539312,1.01601710149887,51.8105803144303
11.416369047619,1.13062442910949,1.15893304879592,1.01553117471744,51.8113200550144
11.4164682539683,1.13052488125443,1.15892156682676,1.01504548071867,51.8120596927143
11.4165674603175,1.13042534190536,1.15891004950438,1.0145600193923,51.8127992275581
11.4166666666667,1.13032581106428,1.15889849684748,1.01407479062811,51.8135386595738
11.4167658730159,1.13022628873323,1.15888690887474,1.01358979431589,51.8142779887896
11.4168650793651,1.13012677491424,1.15887528560486,1.01310503034551,51.8150172152334
11.4169642857143,1.13002726960936,1.1588636270565,1.01262049860686,51.8157563389332
11.4170634920635,1.12992777282065,1.15885193324831,1.01213619898986,51.8164953599171
11.4171626984127,1.1298282845502,1.15884020419896,1.01165213138449,51.817234278213
11.4172619047619,1.12972880480008,1.15882843992706,1.01116829568076,51.817973093849
11.4173611111111,1.12962933357239,1.15881664045125,1.01068469176872,51.8187118068528
11.4174603174603,1.12952987086923,1.15880480579013,1.01020131953846,51.8194504172526
11.4175595238095,1.12943041669274,1.15879293596231,1.00971817888011,51.8201889250762
11.4176587301587,1.12933097104503,1.15878103098636,1.00923526968385,51.8209273303515
11.4177579365079,1.12923153392826,1.15876909088086,1.00875259183987,51.8216656331064
11.4178571428571,1.12913210534457,1.15875711566437,1.00827014523845,51.8224038333689
11.4179563492063,1.12903268529613,1.15874510535546,1.00778792976985,51.8231419311667
11.4180555555556,1.12893327378512,1.15873305997264,1.00730594532442,51.8238799265278
11.4181547619048,1.12883387081373,1.15872097953446,1.00682419179252,51.82461781948
11.418253968254,1.12873447638416,1.15870886405942,1.00634266906457,51.8253556100511
11.4183531746032,1.12863509049862,1.15869671356604,1.00586137703101,51.8260932982689
11.4184523809524,1.12853571315933,1.15868452807279,1.00538031558233,51.8268308841612
11.4185515873016,1.12843634436853,1.15867230759816,1.00489948460907,51.8275683677559
11.4186507936508,1.12833698412846,1.15866005216062,1.00441888400178,51.8283057490807
11.41875,1.12823763244139,1.15864776177862,1.00393851365109,51.8290430281633
11.4188492063492,1.12813828930958,1.1586354364706,1.00345837344763,51.8297802050315
11.4189484126984,1.12803895473532,1.15862307625501,1.00297846328211,51.830517279713
11.4190476190476,1.12793962872089,1.15861068115024,1.00249878304524,51.8312542522356
11.4191468253968,1.1278403112686,1.15859825117473,1.0020193326278,51.8319911226269
11.419246031746,1.12774100238077,1.15858578634685,1.00154011192059,51.8327278909147
11.4193452380952,1.12764170205972,1.15857328668499,1.00106112081447,51.8334645571265
11.4194444444444,1.12754241030779,1.15856075220753,1.00058235920032,51.8342011212902
11.4195436507937,1.12744312712734,1.15854818293283,1.00010382696907,51.8349375834332
11.4196428571429,1.12734385252072,1.15853557887922,0.999625524011686,51.8356739435833
11.4197420634921,1.12724458649031,1.15852294006506,0.99914745021918,51.836410201768
11.4198412698413,1.1271453290385,1.15851026650866,0.998669605482598,51.837146358015
11.4199404761905,1.12704608016767,1.15849755822833,0.998191989693028,51.8378824123519
11.4200396825397,1.12694683988024,1.15848481524239,0.997714602741597,51.8386183648062
11.4201388888889,1.12684760817862,1.1584720375691,0.997237444519473,51.8393542154055
11.4202380952381,1.12674838506526,1.15845922522676,0.996760514917863,51.8400899641774
11.4203373015873,1.12664917054258,1.15844637823362,0.996283813828014,51.8408256111493
11.4204365079365,1.12654996461305,1.15843349660794,0.995807341141214,51.8415611563488
11.4205357142857,1.12645076727913,1.15842058036795,0.995331096748783,51.8422965998034
11.4206349206349,1.1263515785433,1.1584076295319,0.9948550805421,51.8430319415406
11.4207341269841,1.12625239840804,1.15839464411799,0.994379292412566,51.8437671815879
11.4208333333333,1.12615322687586,1.15838162414443,0.993903732251628,51.8445023199727
11.4209325396825,1.12605406394927,1.15836856962941,0.993428399950772,51.8452373567225
11.4210317460317,1.1259549096308,1.15835548059111,0.992953295401524,51.8459722918648
11.421130952381,1.12585576392296,1.15834235704771,0.99247841849545,51.8467071254268
11.4212301587302,1.12575662682832,1.15832919901736,0.992003769124158,51.8474418574361
11.4213293650794,1.12565749834944,1.1583160065182,0.991529347179292,51.8481764879201
11.4214285714286,1.12555837848887,1.15830277956837,0.991055152552538,51.8489110169061
11.4215277777778,1.1254592672492,1.15828951818599,0.990581185135623,51.8496454444214
11.421626984127,1.12536016463303,1.15827622238917,0.990107444820311,51.8503797704935
11.4217261904762,1.12526107064296,1.158262892196,0.989633931498408,51.8511139951497
11.4218253968254,1.1251619852816,1.15824952762458,0.98916064506176,51.8518481184173
11.4219246031746,1.12506290855158,1.15823612869298,0.988687585402252,51.8525821403236
11.4220238095238,1.12496384045554,1.15822269541925,0.988214752411802,51.8533160608958
11.422123015873,1.12486478099613,1.15820922782146,0.987742145982389,51.8540498801614
11.4222222222222,1.12476573017601,1.15819572591763,0.98726976600601,51.8547835981475
11.4223214285714,1.12466668799786,1.15818218972579,0.98679761237471,51.8555172148814
11.4224206349206,1.12456765446435,1.15816861926396,0.986325684980575,51.8562507303904
11.4225198412698,1.1244686295782,1.15815501455014,0.985853983715728,51.8569841447016
11.422619047619,1.12436961334209,1.15814137560232,0.985382508472333,51.8577174578423
11.4227182539683,1.12427060575877,1.15812770243847,0.984911259142596,51.8584506698397
11.4228174603175,1.12417160683094,1.15811399507657,0.984440235618759,51.8591837807209
11.4229166666667,1.12407261656136,1.15810025353457,0.983969437793108,51.8599167905131
11.4230158730159,1.12397363495279,1.15808647783041,0.983498865557966,51.8606496992436
11.4231150793651,1.12387466200798,1.15807266798203,0.983028518805696,51.8613825069393
11.4232142857143,1.12377569772971,1.15805882400733,0.982558397428702,51.8621152136275
11.4233134920635,1.12367674212077,1.15804494592424,0.982088501319427,51.8628478193353
11.4234126984127,1.12357779518397,1.15803103375063,0.981618830370356,51.8635803240896
11.4235119047619,1.12347885692211,1.1580170875044,0.981149384474004,51.8643127279178
11.4236111111111,1.12337992733802,1.15800310720342,0.980680163522948,51.8650450308467
11.4237103174603,1.12328100643454,1.15798909286555,0.980211167409785,51.8657772329036
11.4238095238095,1.1231820942145,1.15797504450863,0.979742396027156,51.8665093341153
11.4239087301587,1.12308319068076,1.1579609621505,0.979273849267745,51.8672413345089
11.4240079365079,1.12298429583621,1.15794684580898,0.978805527024274,51.8679732341115
11.4241071428571,1.12288540968371,1.15793269550188,0.978337429189506,51.8687050329501
11.4242063492063,1.12278653222616,1.15791851124701,0.977869555656243,51.8694367310516
11.4243055555556,1.12268766346646,1.15790429306215,0.977401906317327,51.870168328443
11.4244047619048,1.12258880340753,1.15789004096508,0.976934481065641,51.8708998251512
11.424503968254,1.1224899520523,1.15787575497356,0.976467279794106,51.8716312212033
11.4246031746032,1.1223911094037,1.15786143510534,0.976000302395684,51.8723625166261
11.4247023809524,1.12229227546468,1.15784708137817,0.975533548763378,51.8730937114466
11.4248015873016,1.12219345023821,1.15783269380976,0.975067018790227,51.8738248056916
11.4249007936508,1.12209463372727,1.15781827241784,0.974600712369315,51.874555799388
11.425,1.12199582593482,1.15780381722012,0.974134629393755,51.8752866925628
11.4250992063492,1.12189702686388,1.15778932823427,0.973668769756722,51.8760174852427
11.4251984126984,1.12179823651744,1.15777480547799,0.973203133351411,51.8767481774547
11.4252976190476,1.12169945489853,1.15776024896895,0.972737720071062,51.8774787692255
11.4253968253968,1.12160068201018,1.15774565872479,0.972272529808956,51.878209260582
11.425496031746,1.12150191785543,1.15773103476316,0.971807562458415,51.8789396515509
11.4255952380952,1.12140316243734,1.1577163771017,0.971342817912798,51.8796699421592
11.4256944444444,1.12130441575896,1.15770168575803,0.970878296065506,51.8804001324334
11.4257936507937,1.12120567782338,1.15768696074976,0.970413996809979,51.8811302224005
11.4258928571429,1.12110694863369,1.15767220209447,0.969949920039698,51.881860212087
11.4259920634921,1.12100822819299,1.15765740980977,0.969486065648183,51.8825901015199
11.4260912698413,1.12090951650438,1.15764258391321,0.969022433528993,51.8833198907258
11.4261904761905,1.12081081357099,1.15762772442237,0.968559023575728,51.8840495797313
11.4262896825397,1.12071211939596,1.15761283135479,0.968095835682029,51.8847791685633
11.4263888888889,1.12061343398243,1.157597904728,0.967632869741574,51.8855086572483
11.4264880952381,1.12051475733355,1.15758294455954,0.967170125648077,51.886238045813
11.4265873015873,1.12041608945251,1.15756795086692,0.96670760329531,51.8869673342842
11.4266865079365,1.12031743034248,1.15755292366764,0.966245302577066,51.8876965226883
11.4267857142857,1.12021878000664,1.15753786297918,0.965783223387183,51.888425611052
11.4268849206349,1.12012013844822,1.15752276881903,0.965321365619541,51.8891545994021
11.4269841269841,1.12002150567041,1.15750764120466,0.964859729168059,51.8898834877649
11.4270833333333,1.11992288167646,1.15749248015351,0.964398313926694,51.8906122761671
11.4271825396825,1.11982426646959,1.15747728568302,0.963937119789447,51.8913409646354
11.4272817460317,1.11972566005305,1.15746205781064,0.963476146650355,51.8920695531961
11.427380952381,1.11962706243012,1.15744679655377,0.963015394403496,51.8927980418759
11.4274801587302,1.11952847360405,1.15743150192982,0.962554862942989,51.8935264307013
11.4275793650794,1.11942989357814,1.15741617395619,0.962094552162992,51.8942547196988
11.4276785714286,1.11933132235568,1.15740081265025,0.961634461957702,51.8949829088949
11.4277777777778,1.11923275993999,1.15738541802939,0.961174592221358,51.895710998316
11.427876984127,1.11913420633437,1.15736999011095,0.960714942848238,51.8964389879887
11.4279761904762,1.11903566154216,1.15735452891229,0.960255513732652,51.8971668779393
11.4280753968254,1.1189371255667,1.15733903445074,0.95979630476897,51.8978946681944
11.4281746031746,1.11883859841135,1.15732350674361,0.959337315851584,51.8986223587803
11.4282738095238,1.11874008007947,1.15730794580823,0.958878546874931,51.8993499497234
11.428373015873,1.11864157057444,1.15729235166189,0.958419997733488,51.9000774410503
11.4284722222222,1.11854306989965,1.15727672432188,0.957961668321772,51.9008048327871
11.4285714285714,1.11844457805849,1.15726106380547,0.957503558534339,51.9015321249603
11.4286706349206,1.11834609505438,1.15724537012993,0.957045668265787,51.9022593175963
11.4287698412698,1.11824762089074,1.1572296433125,0.956587997410752,51.9029864107214
11.428869047619,1.11814915557101,1.15721388337043,0.956130545863909,51.9037134043619
11.4289682539683,1.11805069909863,1.15719809032095,0.955673313519977,51.9044402985441
11.4290674603175,1.11795225147706,1.15718226418126,0.95521630027371,51.9051670932944
11.4291666666667,1.11785381270976,1.15716640496858,0.954759506019906,51.9058937886389
11.4292658730159,1.11775538280023,1.15715051270009,0.954302930653399,51.9066203846041
11.4293650793651,1.11765696175195,1.15713458739298,0.953846574069066,51.907346881216
11.4294642857143,1.11755854956842,1.1571186290644,0.953390436161816,51.9080732785011
11.4295634920635,1.11746014625317,1.15710263773153,0.952934516826617,51.9087995764854
11.4296626984127,1.11736175180971,1.15708661341149,0.952478815958459,51.9095257751953
11.4297619047619,1.11726336624159,1.15707055612143,0.952023333452376,51.9102518746569
11.4298611111111,1.11716498955235,1.15705446587846,0.951568069203444,51.9109778748963
11.4299603174603,1.11706662174556,1.1570383426997,0.951113023106778,51.9117037759399
11.4300595238095,1.1169682628248,1.15702218660223,0.950658195057533,51.9124295778136
11.4301587301587,1.11686991279363,1.15700599760314,0.950203584950903,51.9131552805437
11.4302579365079,1.11677157165567,1.15698977571951,0.949749192682124,51.9138808841564
11.4303571428571,1.11667323941452,1.15697352096839,0.94929501814647,51.9146063886776
11.4304563492063,1.1165749160738,1.15695723336684,0.948841061239256,51.9153317941336
11.4305555555556,1.11647660163713,1.15694091293188,0.948387321855835,51.9160571005503
11.4306547619048,1.11637829610817,1.15692455968055,0.947933799891602,51.9167823079539
11.430753968254,1.11627999949056,1.15690817362986,0.947480495241991,51.9175074163704
11.4308531746032,1.11618171178796,1.15689175479681,0.947027407802475,51.918232425826
11.4309523809524,1.11608343300407,1.15687530319838,0.946574537468564,51.9189573363465
11.4310515873016,1.11598516314256,1.15685881885155,0.946121884135821,51.919682147958
11.4311507936508,1.11588690220714,1.1568423017733,0.945669447699836,51.9204068606866
11.43125,1.11578865020151,1.15682575198057,0.945217228056241,51.9211314745582
11.4313492063492,1.1156904071294,1.1568091694903,0.94476522510071,51.9218559895987
11.4314484126984,1.11559217299454,1.15679255431942,0.944313438728956,51.9225804058342
11.4315476190476,1.11549394780069,1.15677590648485,0.943861868836732,51.9233047232906
11.4316468253968,1.11539573155159,1.1567592260035,0.94341051531983,51.9240289419938
11.431746031746,1.11529752425102,1.15674251289226,0.942959378074085,51.9247530619697
11.4318452380952,1.11519932590275,1.156725767168,0.942508456995367,51.9254770832443
11.4319444444444,1.11510113651059,1.15670898884761,0.942057751979591,51.9262010058435
11.4320436507937,1.11500295607833,1.15669217794794,0.941607262922707,51.926924829793
11.4321428571429,1.11490478460978,1.15667533448583,0.94115698972071,51.9276485551188
11.4322420634921,1.11480662210878,1.15665845847811,0.94070693226963,51.9283721818467
11.4323412698413,1.11470846857916,1.15664154994162,0.940257090465541,51.9290957100026
11.4324404761905,1.11461032402478,1.15662460889315,0.939807464204547,51.9298191396122
11.4325396825397,1.11451218844949,1.15660763534952,0.939358053382813,51.9305424707015
11.4326388888889,1.11441406185717,1.1565906293275,0.938908857896524,51.931265703296
11.4327380952381,1.1143159442517,1.15657359084386,0.938459877641912,51.9319888374218
11.4328373015873,1.11421783563697,1.15655651991538,0.938011112515248,51.9327118731044
11.4329365079365,1.11411973601691,1.1565394165588,0.937562562412844,51.9334348103697
11.4330357142857,1.11402164539541,1.15652228079086,0.937114227231051,51.9341576492434
11.4331349206349,1.11392356377643,1.15650511262828,0.936666106866259,51.9348803897512
11.4332341269841,1.11382549116388,1.15648791208779,0.936218201214901,51.9356030319189
11.4333333333333,1.11372742756174,1.15647067918607,0.935770510173445,51.936325575772
11.4334325396825,1.11362937297397,1.15645341393984,0.935323033638405,51.9370480213363
11.4335317460317,1.11353132740454,1.15643611636576,0.934875771506329,51.9377703686375
11.433630952381,1.11343329085743,1.15641878648049,0.934428723673808,51.9384926177013
11.4337301587302,1.11333526333666,1.15640142430071,0.933981890037473,51.9392147685531
11.4338293650794,1.11323724484623,1.15638402984304,0.933535270493993,51.9399368212187
11.4339285714286,1.11313923539017,1.15636660312412,0.933088864940074,51.9406587757237
11.4340277777778,1.1130412349725,1.15634914416057,0.932642673272476,51.9413806320937
11.434126984127,1.11294324359728,1.156331652969,0.932196695387983,51.9421023903542
11.4342261904762,1.11284526126856,1.156314129566,0.931750931183426,51.9428240505309
11.4343253968254,1.11274728799041,1.15629657396816,0.931305380555674,51.9435456126492
11.4344246031746,1.11264932376692,1.15627898619204,0.930860043401635,51.9442670767347
11.4345238095238,1.11255136860217,1.15626136625421,0.930414919618261,51.944988442813
11.434623015873,1.11245342250026,1.15624371417121,0.929970009102538,51.9457097109095
11.4347222222222,1.11235548546532,1.15622602995959,0.929525311751498,51.9464308810497
11.4348214285714,1.11225755750147,1.15620831363586,0.929080827462208,51.9471519532592
11.4349206349206,1.11215963861285,1.15619056521654,0.928636556131778,51.9478729275634
11.4350198412698,1.1120617288036,1.15617278471812,0.928192497657355,51.9485938039877
11.435119047619,1.1119638280779,1.1561549721571,0.92774865193613,51.9493145825576
11.4352182539683,1.1118659364399,1.15613712754995,0.927305018865329,51.9500352632985
11.4353174603175,1.1117680538938,1.15611925091314,0.926861598342222,51.9507558462358
11.4354166666667,1.11167018044379,1.15610134226311,0.92641839026411,51.951476331395
11.4355158730159,1.11157231609408,1.15608340161631,0.925975394528354,51.9521967188013
11.4356150793651,1.11147446084889,1.15606542898917,0.925532611032335,51.9529170084803
11.4357142857143,1.11137661471245,1.1560474243981,0.925090039673482,51.9536372004572
11.4358134920635,1.111278777689,1.15602938785951,0.924647680349261,51.9543572947573
11.4359126984127,1.11118094978279,1.15601131938979,0.924205532957182,51.955077291406
11.4360119047619,1.11108313099809,1.15599321900532,0.92376359739479,51.9557971904287
11.4361111111111,1.11098532133918,1.15597508672248,0.923321873559673,51.9565169918506
11.4362103174603,1.11088752081034,1.15595692255761,0.922880361349459,51.957236695697
11.4363095238095,1.11078972941587,1.15593872652706,0.922439060661814,51.9579563019931
11.4364087301587,1.11069194716009,1.15592049864718,0.921997971394446,51.9586758107643
11.4365079365079,1.11059417404732,1.15590223893426,0.921557093445101,51.9593952220357
11.4366071428571,1.11049641008189,1.15588394740464,0.921116426711566,51.9601145358327
11.4367063492063,1.11039865526814,1.1558656240746,0.920675971091667,51.9608337521804
11.4368055555556,1.11030090961044,1.15584726896043,0.920235726483271,51.961552871104
11.4369047619048,1.11020317311316,1.1558288820784,0.919795692784278,51.9622718926287
11.437003968254,1.11010544578067,1.15581046344478,0.919355869892646,51.9629908167796
11.4371031746032,1.11000772761736,1.15579201307581,0.918916257706355,51.963709643582
11.4372023809524,1.10991001862765,1.15577353098773,0.918476856123432,51.964428373061
11.4373015873016,1.10981231881594,1.15575501719677,0.918037665041942,51.9651470052418
11.4374007936508,1.10971462818666,1.15573647171915,0.917598684359991,51.9658655401493
11.4375,1.10961694674426,1.15571789457106,0.917159913975724,51.9665839778088
11.4375992063492,1.10951927449317,1.15569928576869,0.916721353787326,51.9673023182453
11.4376984126984,1.10942161143786,1.15568064532823,0.916283003693024,51.9680205614839
11.4377976190476,1.10932395758281,1.15566197326583,0.915844863591081,51.9687387075496
11.4378968253968,1.10922631293249,1.15564326959766,0.915406933379804,51.9694567564676
11.437996031746,1.1091286774914,1.15562453433985,0.914969212957537,51.9701747082628
11.4380952380952,1.10903105126406,1.15560576750854,0.914531702222665,51.9708925629602
11.4381944444444,1.10893343425497,1.15558696911985,0.914094401073612,51.9716103205849
11.4382936507936,1.10883582646868,1.15556813918988,0.913657309408843,51.9723279811619
11.4383928571429,1.10873822790971,1.15554927773472,0.913220427126857,51.9730455447161
11.4384920634921,1.10864063858264,1.15553038477046,0.912783754126209,51.9737630112725
11.4385912698413,1.10854305849201,1.15551146031317,0.912347290305479,51.974480380856
11.4386904761905,1.10844548764241,1.15549250437891,0.911911035563289,51.9751976534916
11.4387896825397,1.10834792603842,1.15547351698373,0.911474989798304,51.9759148292042
11.4388888888889,1.10825037368465,1.15545449814365,0.911039152909228,51.9766319080186
11.4389880952381,1.1081528305857,1.15543544787471,0.910603524794805,51.9773488899599
11.4390873015873,1.1080552967462,1.15541636619292,0.910168105353817,51.9780657750528
11.4391865079365,1.10795777217078,1.15539725311427,0.909732894485088,51.9787825633223
11.4392857142857,1.10786025686409,1.15537810865476,0.909297892087483,51.9794992547932
11.4393849206349,1.10776275083079,1.15535893283035,0.908863098059902,51.9802158494903
11.4394841269841,1.10766525407554,1.15533972565701,0.908428512301291,51.9809323474384
11.4395833333333,1.10756776660302,1.1553204871507,0.907994134710631,51.9816487486623
11.4396825396825,1.10747028841793,1.15530121732735,0.907559965186946,51.9823650531869
11.4397817460317,1.10737281952497,1.15528191620289,0.907126003629298,51.983081261037
11.439880952381,1.10727535992885,1.15526258379324,0.906692249936784,51.9837973722372
11.4399801587302,1.10717790963431,1.15524322011429,0.906258704008557,51.9845133868124
11.4400793650794,1.10708046864607,1.15522382518195,0.905825365743795,51.9852293047872
11.4401785714286,1.10698303696889,1.1552043990121,0.90539223504172,51.9859451261864
11.4402777777778,1.10688561460754,1.15518494162059,0.904959311801593,51.9866608510348
11.440376984127,1.10678820156677,1.15516545302329,0.904526595922717,51.9873764793569
11.4404761904762,1.10669079785138,1.15514593323605,0.904094087304432,51.9880920111775
11.4405753968254,1.10659340346616,1.15512638227468,0.903661785846122,51.9888074465213
11.4406746031746,1.10649601841593,1.15510680015503,0.903229691447207,51.9895227854129
11.4407738095238,1.10639864270549,1.15508718689288,0.902797804007149,51.990238027877
11.440873015873,1.10630127633967,1.15506754250405,0.902366123425449,51.9909531739381
11.4409722222222,1.10620391932333,1.15504786700431,0.901934649601649,51.9916682236209
11.4410714285714,1.10610657166131,1.15502816040943,0.901503382435328,51.9923831769499
11.4411706349206,1.10600923335848,1.15500842273519,0.901072321826109,51.9930980339499
11.4412698412698,1.10591190441972,1.15498865399733,0.900641467673652,51.9938127946452
11.441369047619,1.1058145848499,1.15496885421157,0.900210819877652,51.9945274590606
11.4414682539683,1.10571727465394,1.15494902339366,0.899780378337861,51.9952420272205
11.4415674603175,1.10561997383675,1.1549291615593,0.899350142954053,51.9959564991494
11.4416666666667,1.10552268240324,1.1549092687242,0.898920113626049,51.9966708748719
11.4417658730159,1.10542540035835,1.15488934490404,0.89849029025371,51.9973851544125
11.4418650793651,1.10532812770702,1.1548693901145,0.898060672736934,51.9980993377956
11.4419642857143,1.10523086445422,1.15484940437125,0.897631260975662,51.9988134250457
11.4420634920635,1.10513361060491,1.15482938768994,0.897202054869874,51.9995274161873
11.4421626984127,1.10503636616406,1.15480934008621,0.89677305431959,52.0002413112448
11.4422619047619,1.10493913113669,1.15478926157569,0.896344259224868,52.0009551102427
11.4423611111111,1.10484190552778,1.154769152174,0.895915669485809,52.0016688132054
11.4424603174603,1.10474468934235,1.15474901189675,0.895487285002551,52.0023824201572
11.4425595238095,1.10464748258543,1.15472884075953,0.895059105675275,52.0030959311225
11.4426587301587,1.10455028526206,1.15470863877791,0.894631131404197,52.0038093461258
11.4427579365079,1.10445309737728,1.15468840596748,0.894203362089579,52.0045226651913
11.4428571428571,1.10435591893615,1.1546681423438,0.893775797631712,52.0052358883435
11.4429563492063,1.10425874994376,1.15464784792239,0.893348437930948,52.0059490156066
11.4430555555556,1.10416159040518,1.15462752271881,0.892921282887657,52.006662047005
11.4431547619048,1.1040644403255,1.15460716674857,0.89249433240226,52.007374982563
11.443253968254,1.10396729970984,1.15458678002719,0.892067586375214,52.0080878223048
11.4433531746032,1.10387016856332,1.15456636257016,0.891641044707018,52.0088005662547
11.4434523809524,1.10377304689106,1.15454591439297,0.891214707298209,52.0095132144371
11.4435515873016,1.10367593469821,1.15452543551109,0.890788574049365,52.0102257668761
11.4436507936508,1.10357883198991,1.15450492593999,0.890362644861105,52.0109382235959
11.44375,1.10348173877134,1.15448438569511,0.889936919634085,52.0116505846209
11.4438492063492,1.10338465504768,1.15446381479191,0.889511398269004,52.0123628499751
11.4439484126984,1.10328758082409,1.1544432132458,0.889086080666599,52.0130750196828
11.4440476190476,1.1031905161058,1.15442258107219,0.888660966727646,52.0137870937682
11.4441468253968,1.10309346089801,1.1544019182865,0.888236056352964,52.0144990722554
11.444246031746,1.10299641520593,1.15438122490412,0.887811349443409,52.0152109551685
11.4443452380952,1.10289937903481,1.15436050094041,0.887386845899872,52.0159227425318
11.4444444444444,1.10280235238989,1.15433974641076,0.886962545623302,52.0166344343693
11.4445436507937,1.10270533527643,1.15431896133051,0.886538448514669,52.017346030705
11.4446428571429,1.1026083276997,1.15429814571502,0.886114554474991,52.0180575315633
11.4447420634921,1.10251132966497,1.1542772995796,0.885690863405322,52.018768936968
11.4448412698413,1.10241434117754,1.15425642293959,0.885267375206761,52.0194802469432
11.4449404761905,1.10231736224271,1.15423551581029,0.884844089780442,52.0201914615131
11.4450396825397,1.1022203928658,1.15421457820699,0.884421007027542,52.0209025807015
11.4451388888889,1.10212343305213,1.15419361014498,0.883998126849277,52.0216136045327
11.4452380952381,1.10202648280704,1.15417261163953,0.883575449146902,52.0223245330305
11.4453373015873,1.10192954213588,1.15415158270591,0.883152973821714,52.023035366219
11.4454365079365,1.10183261104401,1.15413052335935,0.882730700775047,52.0237461041221
11.4455357142857,1.1017356895368,1.1541094336151,0.882308629908277,52.0244567467638
11.4456349206349,1.10163877761964,1.15408831348839,0.88188676112282,52.0251672941681
11.4457341269841,1.10154187529793,1.15406716299441,0.88146509432013,52.0258777463588
11.4458333333333,1.10144498257705,1.15404598214838,0.881043629401697,52.02658810336
11.4459325396825,1.10134809946245,1.15402477096548,0.880622366269066,52.0272983651955
11.4460317460317,1.10125122595955,1.15400352946089,0.880201304823809,52.0280085318892
11.446130952381,1.10115436207379,1.15398225764978,0.879780444967537,52.028718603465
11.4462301587302,1.10105750781061,1.15396095554729,0.879359786601908,52.0294285799467
11.4463293650794,1.1009606631755,1.15393962316857,0.878939329628614,52.0301384613583
11.4464285714286,1.10086382817392,1.15391826052875,0.87851907394939,52.0308482477235
11.4465277777778,1.10076700281136,1.15389686764294,0.878099019466009,52.0315579390662
11.446626984127,1.10067018709332,1.15387544452625,0.877679166080287,52.0322675354102
11.4467261904762,1.10057338102531,1.15385399119378,0.877259513694078,52.0329770367793
11.4468253968254,1.10047658461286,1.15383250766059,0.876840062209274,52.0336864431972
11.4469246031746,1.10037979786149,1.15381099394177,0.876420811527809,52.0343957546878
11.4470238095238,1.10028302077676,1.15378945005238,0.876001761551657,52.0351049712747
11.447123015873,1.10018625336422,1.15376787600745,0.875582912182832,52.0358140929818
11.4472222222222,1.10008949562943,1.15374627182202,0.875164263323386,52.0365231198328
11.4473214285714,1.09999274757799,1.15372463751111,0.874745814875407,52.0372320518513
11.4474206349206,1.09989600921547,1.15370297308973,0.87432756674104,52.037940889061
11.4475198412698,1.09979928054749,1.15368127857288,0.873909518822451,52.0386496314857
11.447619047619,1.09970256157965,1.15365955397555,0.873491671021854,52.039358279149
11.4477182539683,1.09960585231759,1.15363779931271,0.8730740232415,52.0400668320746
11.4478174603175,1.09950915276695,1.15361601459932,0.872656575383684,52.0407752902861
11.4479166666667,1.09941246293336,1.15359419985033,0.872239327350736,52.0414836538072
11.4480158730159,1.09931578282249,1.15357235508069,0.871822279045029,52.0421919226613
11.4481150793651,1.09921911244002,1.15355048030531,0.871405430368976,52.0429000968723
11.4482142857143,1.09912245179163,1.15352857553911,0.870988781225027,52.0436081764636
11.4483134920635,1.09902580088301,1.153506640797,0.870572331515677,52.0443161614588
11.4484126984127,1.09892915971987,1.15348467609386,0.870156081143455,52.0450240518814
11.4485119047619,1.09883252830793,1.15346268144457,0.869740030010934,52.0457318477551
11.4486111111111,1.09873590665292,1.153440656864,0.869324178020725,52.0464395491033
11.4487103174603,1.09863929476058,1.15341860236701,0.868908525075479,52.0471471559496
11.4488095238095,1.09854269263666,1.15339651796844,0.868493071077883,52.0478546683174
11.4489087301587,1.09844610028693,1.15337440368311,0.868077815930678,52.0485620862302
11.4490079365079,1.09834951771716,1.15335225952585,0.86766275953663,52.0492694097116
11.4491071428571,1.09825294493315,1.15333008551147,0.867247901798549,52.0499766387849
11.4492063492063,1.09815638194069,1.15330788165476,0.866833242619288,52.0506837734737
11.4493055555556,1.09805982874558,1.1532856479705,0.866418781901735,52.0513908138013
11.4494047619048,1.09796328535367,1.15326338447347,0.866004519548822,52.0520977597912
11.449503968254,1.09786675177077,1.15324109117842,0.865590455463519,52.0528046114667
11.4496031746032,1.09777022800273,1.1532187681001,0.865176589548837,52.0535113688513
11.4497023809524,1.09767371405541,1.15319641525325,0.864762921707825,52.0542180319683
11.4498015873016,1.09757720993469,1.1531740326526,0.864349451843573,52.0549246008412
11.4499007936508,1.09748071564643,1.15315162031284,0.863936179859212,52.0556310754931
11.45,1.09738423119653,1.15312917824869,0.863523105657911,52.0563374559476
11.4500992063492,1.09728775659089,1.15310670647483,0.86311022914288,52.0570437422278
11.4501984126984,1.09719129183543,1.15308420500593,0.862697550217368,52.0577499343571
11.4502976190476,1.09709483693607,1.15306167385667,0.862285068784658,52.0584560323588
11.4503968253968,1.09699839189875,1.15303911304169,0.861872784748093,52.0591620362561
11.450496031746,1.09690195672943,1.15301652257563,0.861460698011034,52.0598679460724
11.4505952380952,1.09680553143405,1.15299390247313,0.861048808476891,52.0605737618309
11.4506944444444,1.0967091160186,1.15297125274879,0.860637116049114,52.0612794835547
11.4507936507937,1.09661271048906,1.15294857341723,0.860225620631189,52.0619851112672
11.4508928571429,1.09651631485141,1.15292586449303,0.859814322126647,52.0626906449915
11.4509920634921,1.09641992911168,1.15290312599078,0.859403220439056,52.0633960847508
11.4510912698413,1.09632355327587,1.15288035792504,0.858992315472024,52.0641014305683
11.4511904761905,1.09622718735003,1.15285756031037,0.8585816071292,52.0648066824672
11.4512896825397,1.09613083134017,1.15283473316132,0.85817109531427,52.0655118404706
11.4513888888889,1.09603448525238,1.15281187649242,0.857760779930965,52.0662169046017
11.4514880952381,1.09593814909269,1.15278899031819,0.857350660883051,52.0669218748835
11.4515873015873,1.0958418228672,1.15276607465314,0.856940738074336,52.0676267513392
11.4516865079365,1.09574550658199,1.15274312951176,0.856531011408667,52.0683315339919
11.4517857142857,1.09564920024316,1.15272015490855,0.856121480789928,52.0690362228646
11.4518849206349,1.09555290385681,1.15269715085797,0.855712146122055,52.0697408179804
11.4519841269841,1.09545661742908,1.15267411737449,0.855303007309012,52.0704453193624
11.4520833333333,1.0953603409661,1.15265105447255,0.854894064254805,52.0711497270336
11.4521825396825,1.095264074474,1.1526279621666,0.85448531686348,52.0718540410171
11.4522817460317,1.09516781795895,1.15260484047106,0.854076765039125,52.0725582613357
11.452380952381,1.09507157142712,1.15258168940034,0.853668408685867,52.0732623880126
11.4524801587302,1.09497533488468,1.15255850896884,0.853260247707873,52.0739664210708
11.4525793650794,1.09487910833783,1.15253529919096,0.852852282009348,52.0746703605331
11.4526785714286,1.09478289179277,1.15251206008108,0.852444511494539,52.0753742064225
11.4527777777778,1.09468668525571,1.15248879165355,0.852036936067732,52.076077958762
11.452876984127,1.09459048873289,1.15246549392273,0.851629555633255,52.0767816175745
11.4529761904762,1.09449430223053,1.15244216690297,0.851222370095471,52.0774851828829
11.4530753968254,1.09439812575488,1.1524188106086,0.850815379358788,52.0781886547101
11.4531746031746,1.09430195931222,1.15239542505392,0.850408583327651,52.078892033079
11.4532738095238,1.0942058029088,1.15237201025326,0.85000198190654,52.0795953180125
11.453373015873,1.09410965655092,1.1523485662209,0.849595574999993,52.0802985095334
11.4534722222222,1.09401352024487,1.15232509297113,0.849189362512567,52.0810016076645
11.4535714285714,1.09391739399695,1.15230159051822,0.848783344348869,52.0817046124287
11.4536706349206,1.09382127781348,1.15227805887643,0.848377520413545,52.0824075238488
11.4537698412698,1.0937251717008,1.15225449806,0.847971890611278,52.0831103419476
11.453869047619,1.09362907566524,1.15223090808316,0.847566454846794,52.0838130667478
11.4539682539683,1.09353298971316,1.15220728896015,0.847161213024858,52.0845156982723
11.4540674603175,1.09343691385092,1.15218364070517,0.846756165050274,52.0852182365438
11.4541666666667,1.0933408480849,1.15215996333242,0.846351310827887,52.085920681585
11.4542658730159,1.09324479242148,1.15213625685609,0.845946650262581,52.0866230334187
11.4543650793651,1.09314874686707,1.15211252129036,0.845542183259279,52.0873252920676
11.4544642857143,1.09305271142807,1.15208875664938,0.845137909722948,52.0880274575544
11.4545634920635,1.09295668611091,1.15206496294731,0.844733829558589,52.0887295299018
11.4546626984127,1.09286067092201,1.15204114019829,0.844329942671249,52.0894315091324
11.4547619047619,1.09276466586784,1.15201728841644,0.843926248966003,52.0901333952689
11.4548611111111,1.09266867095483,1.15199340761589,0.843522748347988,52.0908351883339
11.4549603174603,1.09257268618947,1.15196949781073,0.843119440722361,52.0915368883501
11.4550595238095,1.09247671157822,1.15194555901506,0.842716325994325,52.0922384953401
11.4551587301587,1.09238074712759,1.15192159124296,0.842313404069124,52.0929400093265
11.4552579365079,1.09228479284407,1.15189759450849,0.84191067485204,52.0936414303319
11.4553571428571,1.09218884873418,1.15187356882571,0.841508138248398,52.0943427583788
11.4554563492063,1.09209291480445,1.15184951420867,0.84110579416356,52.0950439934898
11.4555555555556,1.0919969910614,1.1518254306714,0.840703642502928,52.0957451356875
11.4556547619048,1.0919010775116,1.15180131822791,0.840301683171944,52.0964461849944
11.455753968254,1.0918051741616,1.15177717689222,0.839899916076092,52.097147141433
11.4558531746032,1.09170928101797,1.15175300667832,0.839498341120895,52.0978480050258
11.4559523809524,1.09161339808729,1.1517288076002,0.839096958211913,52.0985487757953
11.4560515873016,1.09151752537617,1.15170457967183,0.83869576725475,52.099249453764
11.4561507936508,1.09142166289121,1.15168032290718,0.838294768155047,52.0999500389543
11.45625,1.09132581063902,1.15165603732017,0.83789396081848,52.1006505313887
11.4563492063492,1.09122996862624,1.15163172292477,0.837493345150783,52.1013509310896
11.4564484126984,1.09113413685951,1.15160737973489,0.837092921057711,52.1020512380795
11.4565476190476,1.09103831534548,1.15158300776444,0.836692688445066,52.1027514523807
11.4566468253968,1.09094250409082,1.15155860702733,0.836292647218689,52.1034515740156
11.456746031746,1.09084670310219,1.15153417753744,0.835892797284462,52.1041516030066
11.4568452380952,1.09075091238629,1.15150971930865,0.835493138548306,52.1048515393761
11.4569444444444,1.09065513194982,1.15148523235483,0.835093670916181,52.1055513831464
11.4570436507937,1.09055936179948,1.15146071668983,0.834694394294088,52.1062511343399
11.4571428571429,1.09046360194201,1.15143617232749,0.834295308588069,52.1069507929788
11.4572420634921,1.09036785238413,1.15141159928165,0.833896413704204,52.1076503590855
11.4573412698413,1.09027211313258,1.15138699756611,0.833497709548613,52.1083498326824
11.4574404761905,1.09017638419413,1.15136236719469,0.833099196027456,52.1090492137915
11.4575396825397,1.09008066557554,1.15133770818117,0.832700873046935,52.1097485024353
11.4576388888889,1.0899849572836,1.15131302053935,0.832302740513289,52.1104476986359
11.4577380952381,1.08988925932508,1.15128830428299,0.831904798332791,52.1111468024157
11.4578373015873,1.08979357170681,1.15126355942584,0.831507046411775,52.1118458137967
11.4579365079365,1.08969789443558,1.15123878598166,0.831109484656593,52.1125447328013
11.4580357142857,1.08960222751823,1.15121398396418,0.830712112973645,52.1132435594517
11.4581349206349,1.08950657096159,1.15118915338712,0.830314931269371,52.1139422937699
11.4582341269841,1.08941092477251,1.15116429426419,0.829917939450249,52.1146409357782
11.4583333333333,1.08931528895786,1.15113940660908,0.829521137422801,52.1153394854988
11.4584325396825,1.0892196635245,1.1511144904355,0.829124525093582,52.1160379429537
11.4585317460317,1.08912404847932,1.15108954575711,0.828728102369195,52.1167363081651
11.458630952381,1.08902844382921,1.15106457258757,0.828331869156277,52.1174345811551
11.4587301587302,1.08893284958108,1.15103957094053,0.827935825361507,52.1181327619458
11.4588293650794,1.08883726574185,1.15101454082964,0.827539970891603,52.1188308505592
11.4589285714286,1.08874169231845,1.15098948226851,0.827144305653325,52.1195288470176
11.4590277777778,1.08864612931781,1.15096439527077,0.826748829553469,52.1202267513428
11.459126984127,1.0885505767469,1.15093927985002,0.826353542498875,52.1209245635569
11.4592261904762,1.08845503461267,1.15091413601985,0.825958444396416,52.121622283682
11.4593253968254,1.0883595029221,1.15088896379383,0.82556353515302,52.1223199117401
11.4594246031746,1.08826398168218,1.15086376318554,0.825168814675639,52.1230174477532
11.4595238095238,1.0881684708999,1.15083853420853,0.824774282871271,52.1237148917432
11.459623015873,1.08807297058229,1.15081327687635,0.824379939646955,52.1244122437321
11.4597222222222,1.08797748073635,1.15078799120252,0.823985784909766,52.125109503742
11.4598214285714,1.08788200136912,1.15076267720057,0.823591818566823,52.1258066717946
11.4599206349206,1.08778653248765,1.15073733488399,0.823198040525283,52.126503747912
11.4600198412698,1.087691074099,1.1507119642663,0.822804450692343,52.1272007321161
11.460119047619,1.08759562621023,1.15068656536097,0.822411048975241,52.1278976244287
11.4602182539683,1.08750018882842,1.15066113818147,0.822017835281251,52.1285944248717
11.4603174603175,1.08740476196066,1.15063568274127,0.821624809517693,52.1292911334671
11.4604166666667,1.08730934561406,1.15061019905381,0.821231971591921,52.1299877502367
11.4605158730159,1.08721393979572,1.15058468713253,0.820839321411334,52.1306842752022
11.4606150793651,1.08711854451279,1.15055914699085,0.820446858883366,52.1313807083857
11.4607142857143,1.08702315977238,1.15053357864218,0.820054583915489,52.1320770498087
11.4608134920635,1.08692778558165,1.15050798209993,0.819662496415229,52.1327732994933
11.4609126984127,1.08683242194777,1.15048235737749,0.819270596290138,52.1334694574611
11.4610119047619,1.0867370688779,1.15045670448822,0.818878883447812,52.1341655237339
11.4611111111111,1.08664172637922,1.1504310234455,0.818487357795885,52.1348614983335
11.4612103174603,1.08654639445894,1.15040531426268,0.818096019242033,52.1355573812816
11.4613095238095,1.08645107312426,1.15037957695309,0.817704867693972,52.1362531726
11.4614087301587,1.08635576238239,1.15035381153007,0.817313903059457,52.1369488723103
11.4615079365079,1.08626046224056,1.15032801800694,0.816923125246284,52.1376444804343
11.4616071428571,1.08616517270603,1.15030219639699,0.816532534162288,52.1383399969937
11.4617063492063,1.08606989378603,1.15027634671353,0.816142129715343,52.1390354220101
11.4618055555556,1.08597462548783,1.15025046896983,0.815751911813365,52.1397307555052
11.4619047619048,1.08587936781871,1.15022456317916,0.815361880364307,52.1404259975007
11.462003968254,1.08578412078596,1.15019862935478,0.814972035276165,52.1411211480181
11.4621031746032,1.08568888439687,1.15017266750993,0.814582376456974,52.1418162070791
11.4622023809524,1.08559365865876,1.15014667765786,0.814192903814801,52.1425111747054
11.4623015873016,1.08549844357895,1.15012065981177,0.813803617257773,52.1432060509184
11.4624007936508,1.08540323916476,1.15009461398489,0.813414516694037,52.1439008357397
11.4625,1.08530804542355,1.1500685401904,0.813025602031789,52.144595529191
11.4625992063492,1.08521286236267,1.15004243844149,0.812636873179261,52.1452901312938
11.4626984126984,1.08511768998949,1.15001630875134,0.812248330044727,52.1459846420696
11.4627976190476,1.08502252831138,1.14999015113311,0.811859972536501,52.1466790615399
11.4628968253968,1.08492737733575,1.14996396559995,0.811471800562937,52.1473733897262
11.462996031746,1.08483223706999,1.14993775216499,0.811083814032427,52.1480676266501
11.4630952380952,1.08473710752151,1.14991151084137,0.810696012853406,52.1487617723329
11.4631944444444,1.08464198869775,1.14988524164219,0.810308396934345,52.1494558267962
11.4632936507937,1.08454688060613,1.14985894458057,0.809920966183759,52.1501497900615
11.4633928571429,1.08445178325411,1.14983261966958,0.809533720510199,52.1508436621501
11.4634920634921,1.08435669664915,1.14980626692231,0.809146659822259,52.1515374430834
11.4635912698413,1.08426162079872,1.14977988635183,0.808759784028571,52.152231132883
11.4636904761905,1.0841665557103,1.14975347797119,0.808373093037803,52.1529247315701
11.4637896825397,1.08407150139139,1.14972704179342,0.807986586758676,52.1536182391662
11.4638888888889,1.08397645784949,1.14970057783157,0.807600265099939,52.1543116556925
11.4639880952381,1.08388142509213,1.14967408609866,0.807214127970383,52.1550049811706
11.4640873015873,1.08378640312682,1.14964756660768,0.806828175278841,52.1556982156216
11.4641865079365,1.08369139196112,1.14962101937164,0.806442406934184,52.156391359067
11.4642857142857,1.08359639160257,1.14959444440351,0.806056822845323,52.157084411528
11.4643849206349,1.08350140205874,1.14956784171627,0.805671422921211,52.157777373026
11.4644841269841,1.0834064233372,1.14954121132288,0.805286207070838,52.1584702435821
11.4645833333333,1.08331145544554,1.14951455323628,0.804901175203237,52.1591630232178
11.4646825396825,1.08321649839137,1.14948786746941,0.804516327227479,52.1598557119541
11.4647817460317,1.08312155218228,1.1494611540352,0.804131663052673,52.1605483098125
11.464880952381,1.0830266168259,1.14943441294655,0.803747182587973,52.161240816814
11.4649801587302,1.08293169232987,1.14940764421636,0.803362885742567,52.1619332329799
11.4650793650794,1.08283677870183,1.14938084785753,0.802978772425687,52.1626255583315
11.4651785714286,1.08274187594943,1.14935402388292,0.802594842546599,52.1633177928898
11.4652777777778,1.08264698408035,1.14932717230541,0.802211096014623,52.1640099366761
11.465376984127,1.08255210310226,1.14930029313784,0.801827532739104,52.1647019897115
11.4654761904762,1.08245723302285,1.14927338639306,0.801444152629433,52.1653939520171
11.4655753968254,1.08236237384983,1.14924645208388,0.80106095559504,52.1660858236141
11.4656746031746,1.08226752559091,1.14921949022314,0.800677941545395,52.1667776045236
11.4657738095238,1.08217268825382,1.14919250082363,0.800295110390006,52.1674692947667
11.465873015873,1.08207786184629,1.14916548389814,0.799912462038425,52.1681608943644
11.4659722222222,1.08198304637607,1.14913843945946,0.799529996400241,52.1688524033379
11.4660714285714,1.08188824185092,1.14911136752035,0.799147713385083,52.1695438217082
11.4661706349206,1.08179344827861,1.14908426809357,0.798765612902621,52.1702351494963
11.4662698412698,1.08169866566693,1.14905714119187,0.798383694862563,52.1709263867233
11.466369047619,1.08160389402367,1.14902998682797,0.798001959174659,52.1716175334102
11.4664682539683,1.08150913335663,1.14900280501461,0.797620405748698,52.1723085895779
11.4665674603175,1.08141438367365,1.14897559576448,0.797239034494508,52.1729995552475
11.4666666666667,1.08131964498253,1.14894835909028,0.796857845321953,52.17369043044
11.4667658730159,1.08122491729113,1.1489210950047,0.796476838140953,52.1743812151762
11.4668650793651,1.0811302006073,1.14889380352042,0.79609601286145,52.1750719094772
11.4669642857143,1.0810354949389,1.14886648465009,0.795715369393433,52.1757625133638
11.4670634920635,1.0809408002938,1.14883913840636,0.79533490764693,52.1764530268571
11.4671626984127,1.0808461166799,1.14881176480187,0.794954627532008,52.1771434499778
11.4672619047619,1.08075144410509,1.14878436384925,0.794574528958777,52.1778337827469
11.4673611111111,1.08065678257728,1.14875693556111,0.794194611837383,52.1785240251852
11.4674603174603,1.0805621321044,1.14872947995005,0.793814876078015,52.1792141773136
11.4675595238095,1.08046749269437,1.14870199702866,0.7934353215909,52.179904239153
11.4676587301587,1.08037286435515,1.14867448680951,0.793055948286305,52.1805942107242
11.4677579365079,1.08027824709468,1.14864694930518,0.792676756074539,52.1812840920479
11.4678571428571,1.08018364092093,1.14861938452822,0.792297744865947,52.1819738831451
11.4679563492063,1.0800890458419,1.14859179249117,0.791918914570917,52.1826635840364
11.4680555555556,1.07999446186555,1.14856417320656,0.791540265099876,52.1833531947427
11.4681547619048,1.07989988899991,1.1485365266869,0.791161796363286,52.1840427152848
11.468253968254,1.07980532725297,1.14850885294471,0.790783508271665,52.1847321456833
11.4683531746032,1.07971077663278,1.14848115199248,0.790405400735552,52.185421485959
11.4684523809524,1.07961623714736,1.14845342384269,0.790027473665534,52.1861107361326
11.4685515873016,1.07952170880476,1.14842566850781,0.789649726972239,52.1867998962249
11.4686507936508,1.07942719161304,1.1483978860003,0.789272160566331,52.1874889662565
11.46875,1.07933268558027,1.14837007633261,0.788894774358518,52.1881779462481
11.4688492063492,1.07923819071455,1.14834223951717,0.788517568259545,52.1888668362203
11.4689484126984,1.07914370702395,1.1483143755664,0.788140542180198,52.1895556361939
11.4690476190476,1.07904923451659,1.14828648449272,0.787763696031303,52.1902443461894
11.4691468253968,1.07895477320059,1.14825856630852,0.787387029723725,52.1909329662275
11.469246031746,1.07886032308407,1.14823062102619,0.787010543168369,52.1916214963287
11.4693452380952,1.07876588417518,1.1482026486581,0.786634236276182,52.1923099365137
11.4694444444444,1.07867145648206,1.14817464921663,0.786258108958148,52.192998286803
11.4695436507936,1.07857704001289,1.14814662271411,0.785882161125293,52.1936865472173
11.4696428571429,1.07848263477583,1.1481185691629,0.785506392688675,52.194374717777
11.4697420634921,1.07838824077908,1.14809048857531,0.78513080355941,52.1950627985026
11.4698412698413,1.07829385803083,1.14806238096366,0.784755393648639,52.1957507894148
11.4699404761905,1.07819948653929,1.14803424634026,0.784380162867545,52.196438690534
11.4700396825397,1.07810512631268,1.14800608471739,0.784005111127352,52.1971265018808
11.4701388888889,1.07801077735924,1.14797789610734,0.783630238339326,52.1978142234755
11.4702380952381,1.07791643968721,1.14794968052238,0.78325554441477,52.1985018553387
11.4703373015873,1.07782211330485,1.14792143797476,0.782881029265028,52.1991893974908
11.4704365079365,1.07772779822042,1.14789316847672,0.782506692801484,52.1998768499522
11.4705357142857,1.07763349444221,1.1478648720405,0.782132534935563,52.2005642127434
11.4706349206349,1.0775392019785,1.14783654867831,0.781758555578728,52.2012514858848
11.4707341269841,1.0774449208376,1.14780819840237,0.781384754642481,52.2019386693968
11.4708333333333,1.07735065102782,1.14777982122487,0.781011132038368,52.2026257632997
11.4709325396825,1.07725639255748,1.147751417158,0.780637687677971,52.203312767614
11.4710317460317,1.07716214543493,1.14772298621392,0.780264421472913,52.2039996823599
11.471130952381,1.0770679096685,1.1476945284048,0.779891333334853,52.2046865075579
11.4712301587302,1.07697368526657,1.14766604374279,0.779518423175503,52.2053732432282
11.4713293650794,1.0768794722375,1.14763753224002,0.779145690906601,52.2060598893912
11.4714285714286,1.07678527058968,1.14760899390861,0.778773136439931,52.2067464460671
11.4715277777778,1.0766910803315,1.14758042876069,0.778400759687313,52.2074329132763
11.471626984127,1.07659690147136,1.14755183680835,0.778028560560611,52.208119291039
11.4717261904762,1.07650273401768,1.14752321806368,0.777656538971728,52.2088055793754
11.4718253968254,1.0764085779789,1.14749457253876,0.777284694832605,52.2094917783059
11.4719246031746,1.07631443336345,1.14746590024565,0.776913028055224,52.2101778878505
11.4720238095238,1.07622030017979,1.14743720119641,0.776541538551609,52.2108639080296
11.472123015873,1.07612617843637,1.14740847540307,0.776170226233818,52.2115498388634
11.4722222222222,1.07603206814168,1.14737972287767,0.775799091013956,52.212235680372
11.4723214285714,1.07593796930421,1.14735094363223,0.775428132804164,52.2129214325755
11.4724206349206,1.07584388193244,1.14732213767874,0.775057351516622,52.2136070954943
11.4725198412698,1.07574980603489,1.1472933050292,0.774686747063553,52.2142926691483
11.472619047619,1.07565574162007,1.1472644456956,0.774316319357212,52.2149781535578
11.4727182539683,1.07556168869654,1.14723555968991,0.77394606830991,52.2156635487428
11.4728174603175,1.07546764727282,1.14720664702407,0.773575993833984,52.2163488547234
11.4729166666667,1.07537361735748,1.14717770771005,0.773206095841814,52.2170340715198
11.4730158730159,1.07527959895907,1.14714874175976,0.772836374245822,52.2177191991519
11.4731150793651,1.07518559208619,1.14711974918514,0.772466828958466,52.21840423764
11.4732142857143,1.07509159674742,1.14709072999809,0.772097459892248,52.2190891870039
11.4733134920635,1.07499761295136,1.14706168421052,0.771728266959709,52.2197740472637
11.4734126984127,1.07490364070663,1.1470326118343,0.771359250073428,52.2204588184395
11.4735119047619,1.07480968002185,1.14700351288131,0.770990409146025,52.2211435005513
11.4736111111111,1.07471573090566,1.14697438736342,0.770621744090161,52.221828093619
11.4737103174603,1.07462179336671,1.14694523529248,0.770253254818535,52.2225125976626
11.4738095238095,1.07452786741365,1.14691605668032,0.769884941243887,52.2231970127021
11.4739087301587,1.07443395305517,1.14688685153877,0.769516803278996,52.2238813387574
11.4740079365079,1.07434005029993,1.14685761987964,0.769148840836682,52.2245655758485
11.4741071428571,1.07424615915664,1.14682836171475,0.7687810538298,52.2252497239952
11.4742063492063,1.074152279634,1.14679907705587,0.768413442171258,52.2259337832175
11.4743055555556,1.07405841174073,1.14676976591479,0.76804600577399,52.2266177535352
11.4744047619048,1.07396455548555,1.14674042830328,0.767678744550976,52.2273016349683
11.474503968254,1.07387071087722,1.14671106423308,0.767311658415234,52.2279854275366
11.4746031746032,1.07377687792448,1.14668167371595,0.766944747279822,52.22866913126
11.4747023809524,1.07368305663609,1.14665225676362,0.766578011057841,52.2293527461582
11.4748015873016,1.07358924702083,1.1466228133878,0.766211449662426,52.2300362722511
11.4749007936508,1.07349544908748,1.1465933436002,0.765845063006759,52.2307197095586
11.475,1.07340166284485,1.14656384741251,0.765478851004055,52.2314030581003
11.4750992063492,1.07330788830175,1.14653432483643,0.765112813567574,52.2320863178961
11.4751984126984,1.07321412546699,1.14650477588362,0.764746950610613,52.2327694889658
11.4752976190476,1.0731203743494,1.14647520056574,0.764381262046511,52.233452571329
11.4753968253968,1.07302663495784,1.14644559889444,0.764015747788644,52.2341355650055
11.475496031746,1.07293290730116,1.14641597088136,0.76365040775043,52.2348184700151
11.4755952380952,1.07283919138823,1.14638631653811,0.763285241845323,52.2355012863775
11.4756944444444,1.07274548722791,1.14635663587632,0.762920249986828,52.2361840141123
11.4757936507937,1.07265179482912,1.14632692890758,0.762555432088479,52.2368666532392
11.4758928571429,1.07255811420074,1.14629719564348,0.762190788063851,52.2375492037779
11.4759920634921,1.07246444535169,1.1462674360956,0.761826317826564,52.2382316657481
11.4760912698413,1.0723707882909,1.1462376502755,0.761462021290272,52.2389140391693
11.4761904761905,1.0722771430273,1.14620783819472,0.761097898368674,52.2395963240612
11.4762896825397,1.07218350956984,1.14617799986483,0.760733948975504,52.2402785204434
11.4763888888889,1.07208988792748,1.14614813529733,0.76037017302454,52.2409606283356
11.4764880952381,1.0719962781092,1.14611824450376,0.760006570429598,52.2416426477572
11.4765873015873,1.07190268012396,1.14608832749561,0.759643141104535,52.2423245787278
11.4766865079365,1.07180909398078,1.14605838428437,0.759279884963245,52.2430064212671
11.4767857142857,1.07171551968865,1.14602841488153,0.758916801919666,52.2436881753945
11.4768849206349,1.07162195725659,1.14599841929856,0.758553891887772,52.2443698411296
11.4769841269841,1.07152840669364,1.14596839754691,0.758191154781581,52.2450514184918
11.4770833333333,1.07143486800882,1.14593834963803,0.757828590515142,52.2457329075007
11.4771825396825,1.0713413412112,1.14590827558336,0.75746619900256,52.2464143081758
11.4772817460317,1.07124782630983,1.1458781753943,0.757103980157966,52.2470956205365
11.477380952381,1.0711543233138,1.14584804908228,0.756741933895535,52.2477768446022
11.4774801587302,1.07106083223219,1.14581789665869,0.756380060129483,52.2484579803925
11.4775793650794,1.07096735307409,1.14578771813491,0.756018358774063,52.2491390279267
11.4776785714286,1.07087388584861,1.14575751352232,0.755656829743572,52.2498199872243
11.4777777777778,1.07078043056489,1.14572728283228,0.755295472952343,52.2505008583046
11.477876984127,1.07068698723205,1.14569702607615,0.754934288314751,52.2511816411871
11.4779761904762,1.07059355585922,1.14566674326525,0.754573275745211,52.2518623358911
11.4780753968254,1.07050013645558,1.14563643441091,0.754212435158176,52.2525429424359
11.4781746031746,1.07040672903029,1.14560609952446,0.753851766468141,52.2532234608409
11.4782738095238,1.07031333359253,1.14557573861718,0.75349126958964,52.2539038911255
11.478373015873,1.07021995015148,1.14554535170038,0.753130944437248,52.2545842333089
11.4784722222222,1.07012657871634,1.14551493878532,0.752770790925578,52.2552644874105
11.4785714285714,1.07003321929634,1.14548449988328,0.752410808969278,52.2559446534495
11.4786706349206,1.0699398719007,1.14545403500551,0.75205099848305,52.2566247314452
11.4787698412698,1.06984653653865,1.14542354416325,0.751691359381627,52.2573047214168
11.478869047619,1.06975321321945,1.14539302736773,0.751331891579778,52.2579846233836
11.4789682539683,1.06965990195234,1.14536248463017,0.750972594992319,52.2586644373649
11.4790674603175,1.06956660274661,1.14533191596179,0.750613469534101,52.2593441633798
11.4791666666667,1.06947331561153,1.14530132137376,0.750254515120018,52.2600238014476
11.4792658730159,1.0693800405564,1.14527070087728,0.749895731665003,52.2607033515874
11.4793650793651,1.06928677759053,1.14524005448351,0.749537119084029,52.2613828138184
11.4794642857143,1.06919352672323,1.14520938220363,0.749178677292106,52.2620621881598
11.4795634920635,1.06910028796383,1.14517868404876,0.748820406204289,52.2627414746307
11.4796626984127,1.06900706058108,1.14514796031976,0.748462305772136,52.2634206735401
11.4797619047619,1.0689138438085,1.14511721133037,0.748104375953641,52.2640997852096
11.4798611111111,1.06882063764339,1.14508643709513,0.74774661667161,52.2647788096614
11.4799603174603,1.0687274420831,1.14505563762854,0.747389027848875,52.2654577469178
11.4800595238095,1.06863425712499,1.14502481294508,0.747031609408284,52.2661365970008
11.4801587301587,1.06854108276643,1.14499396305924,0.746674361272726,52.2668153599327
11.4802579365079,1.06844791900479,1.14496308798552,0.746317283365101,52.2674940357356
11.4803571428571,1.06835476583742,1.14493218773837,0.745960375608337,52.2681726244316
11.4804563492063,1.06826162326172,1.14490126233228,0.745603637925386,52.2688511260429
11.4805555555556,1.06816849127505,1.14487031178171,0.745247070239227,52.2695295405916
11.4806547619048,1.06807536987479,1.14483933610111,0.74489067247286,52.2702078680998
11.480753968254,1.06798225905833,1.14480833530494,0.744534444549314,52.2708861085896
11.4808531746032,1.06788915882305,1.14477730940765,0.74417838639164,52.2715642620832
11.4809523809524,1.06779606916636,1.14474625842367,0.743822497922913,52.2722423286027
11.4810515873016,1.06770299008563,1.14471518236745,0.743466779066234,52.2729203081701
11.4811507936508,1.06760992157827,1.1446840812534,0.743111229744729,52.2735982008075
11.48125,1.06751686364168,1.14465295509596,0.742755849881548,52.2742760065371
11.4813492063492,1.06742381627327,1.14462180390954,0.742400639399865,52.2749537253808
11.4814484126984,1.06733077947043,1.14459062770855,0.742045598222879,52.2756313573608
11.4815476190476,1.06723775323059,1.14455942650739,0.741690726273809,52.2763089024991
11.4816468253968,1.06714473755115,1.14452820032048,0.741336023475913,52.2769863608178
11.481746031746,1.06705173242954,1.1444969491622,0.74098148975246,52.2776637323389
11.4818452380952,1.06695873786317,1.14446567304693,0.740627125026747,52.2783410170844
11.4819444444444,1.06686575384948,1.14443437198908,0.740272929222097,52.2790182150763
11.4820436507937,1.06677278038588,1.14440304600299,0.739918902261855,52.2796953263368
11.4821428571429,1.06667981746982,1.14437169510306,0.739565044069394,52.2803723508877
11.4822420634921,1.06658686509872,1.14434031930365,0.73921135456811,52.2810492887512
11.4823412698413,1.06649392327003,1.1443089186191,0.738857833681424,52.2817261399492
11.4824404761905,1.06640099198118,1.14427749306378,0.73850448133278,52.2824029045037
11.4825396825397,1.06630807122962,1.14424604265204,0.73815129744565,52.2830795824366
11.4826388888889,1.06621516101281,1.14421456739821,0.737798281943527,52.2837561737701
11.4827380952381,1.06612226132819,1.14418306731663,0.737445434749931,52.2844326785259
11.4828373015873,1.06602937217321,1.14415154242163,0.737092755788405,52.2851090967262
11.4829365079365,1.06593649354534,1.14411999272754,0.736740244982519,52.2857854283928
11.4830357142857,1.06584362544204,1.14408841824866,0.73638790225586,52.2864616735477
11.4831349206349,1.06575076786077,1.14405681899932,0.736035727532055,52.2871378322129
11.4832341269841,1.06565792079901,1.14402519499382,0.735683720734743,52.2878139044102
11.4833333333333,1.06556508425423,1.14399354624646,0.73533188178759,52.2884898901617
11.4834325396825,1.0654722582239,1.14396187277153,0.734980210614288,52.2891657894892
11.4835317460317,1.06537944270549,1.14393017458333,0.734628707138553,52.2898416024146
11.483630952381,1.06528663769651,1.14389845169613,0.734277371284125,52.2905173289598
11.4837301587302,1.06519384319442,1.14386670412422,0.733926202974771,52.2911929691468
11.4838293650794,1.06510105919673,1.14383493188186,0.733575202134279,52.2918685229975
11.4839285714286,1.06500828570092,1.14380313498332,0.733224368686466,52.2925439905336
11.4840277777778,1.06491552270449,1.14377131344286,0.73287370255517,52.2932193717771
11.484126984127,1.06482277020493,1.14373946727473,0.732523203664255,52.2938946667499
11.4842261904762,1.06473002819976,1.14370759649318,0.732172871937609,52.2945698754739
11.4843253968254,1.06463729668649,1.14367570111245,0.731822707299147,52.2952449979707
11.4844246031746,1.06454457566261,1.14364378114679,0.731472709672805,52.2959200342625
11.4845238095238,1.06445186512564,1.1436118366104,0.731122878982541,52.2965949843709
11.484623015873,1.0643591650731,1.14357986751754,0.730773215152352,52.2972698483177
11.4847222222222,1.06426647550252,1.1435478738824,0.730423718106245,52.2979446261249
11.4848214285714,1.0641737964114,1.14351585571921,0.730074387768256,52.2986193178143
11.4849206349206,1.06408112779729,1.14348381304216,0.729725224062445,52.2992939234076
11.4850198412698,1.06398846965771,1.14345174586547,0.729376226912899,52.2999684429266
11.485119047619,1.0638958219902,1.14341965420332,0.729027396243727,52.3006428763932
11.4852182539683,1.06380318479229,1.14338753806991,0.728678731979064,52.3013172238291
11.4853174603175,1.06371055806152,1.14335539747942,0.72833023404307,52.3019914852562
11.4854166666667,1.06361794179545,1.14332323244602,0.727981902359928,52.3026656606961
11.4855158730159,1.0635253359916,1.14329104298389,0.727633736853848,52.3033397501707
11.4856150793651,1.06343274064755,1.14325882910719,0.727285737449061,52.3040137537018
11.4857142857143,1.06334015576083,1.14322659083009,0.726937904069827,52.304687671311
11.4858134920635,1.06324758132902,1.14319432816673,0.726590236640428,52.3053615030201
11.4859126984127,1.06315501734966,1.14316204113127,0.72624273508517,52.3060352488509
11.4860119047619,1.06306246382033,1.14312972973785,0.725895399328381,52.3067089088251
11.4861111111111,1.06296992073859,1.1430973940006,0.725548229294427,52.3073824829644
11.4862103174603,1.06287738810201,1.14306503393365,0.725201224907683,52.3080559712905
11.4863095238095,1.06278486590818,1.14303264955114,0.724854386092556,52.3087293738252
11.4864087301587,1.06269235415466,1.14300024086717,0.724507712773475,52.3094026905901
11.4865079365079,1.06259985283904,1.14296780789586,0.724161204874896,52.3100759216069
11.4866071428571,1.0625073619589,1.14293535065133,0.723814862321297,52.3107490668974
11.4867063492063,1.06241488151184,1.14290286914766,0.723468685037183,52.3114221264832
11.4868055555556,1.06232241149544,1.14287036339896,0.723122672947083,52.3120951003859
11.4869047619048,1.0622299519073,1.14283783341932,0.722776825975549,52.3127679886273
11.487003968254,1.06213750274502,1.14280527922281,0.72243114404716,52.313440791229
11.4871031746032,1.0620450640062,1.14277270082352,0.722085627086518,52.3141135082126
11.4872023809524,1.06195263568845,1.14274009823552,0.721740275018251,52.3147861395998
11.4873015873016,1.06186021778937,1.14270747147288,0.72139508776701,52.3154586854123
11.4874007936508,1.06176781030659,1.14267482054965,0.721050065257472,52.3161311456716
11.4875,1.0616754132377,1.14264214547989,0.720705207414332,52.3168035203994
11.4875992063492,1.06158302658033,1.14260944627766,0.720360514162326,52.3174758096173
11.4876984126984,1.06149065033212,1.14257672295698,0.7200159854262,52.3181480133469
11.4877976190476,1.06139828449067,1.1425439755319,0.719671621130728,52.3188201316098
11.4878968253968,1.06130592905362,1.14251120401645,0.71932742120071,52.3194921644276
11.487996031746,1.06121358401861,1.14247840842466,0.71898338556097,52.3201641118219
11.4880952380952,1.06112124938327,1.14244558877054,0.718639514136357,52.3208359738143
11.4881944444444,1.06102892514524,1.14241274506811,0.718295806851744,52.3215077504263
11.4882936507937,1.06093661130216,1.14237987733138,0.717952263632028,52.3221794416794
11.4883928571429,1.06084430785168,1.14234698557435,0.717608884402134,52.3228510475954
11.4884920634921,1.06075201479145,1.14231406981101,0.717265669087008,52.3235225681956
11.4885912698413,1.06065973211912,1.14228113005535,0.716922617611621,52.3241940035017
11.4886904761905,1.06056745983235,1.14224816632136,0.716579729900971,52.3248653535352
11.4887896825397,1.06047519792879,1.14221517862302,0.716237005880078,52.3255366183175
11.4888888888889,1.06038294640613,1.14218216697429,0.715894445473988,52.3262077978703
11.4889880952381,1.06029070526201,1.14214913138916,0.715552048607767,52.3268788922151
11.4890873015873,1.06019847449411,1.14211607188157,0.715209815206518,52.3275499013733
11.4891865079365,1.0601062541001,1.14208298846548,0.714867745195358,52.3282208253664
11.4892857142857,1.06001404407767,1.14204988115485,0.71452583849943,52.328891664216
11.4893849206349,1.05992184442449,1.1420167499636,0.714184095043902,52.3295624179435
11.4894841269841,1.05982965513824,1.1419835949057,0.713842514753969,52.3302330865703
11.4895833333333,1.05973747621662,1.14195041599505,0.713501097554849,52.3309036701181
11.4896825396825,1.05964530765731,1.1419172132456,0.713159843371783,52.3315741686082
11.4897817460317,1.05955314945801,1.14188398667125,0.71281875213004,52.3322445820621
11.489880952381,1.05946100161641,1.14185073628593,0.712477823754911,52.3329149105012
11.4899801587302,1.05936886413022,1.14181746210354,0.712137058171713,52.3335851539469
11.4900793650794,1.05927673699715,1.14178416413798,0.711796455305787,52.3342553124208
11.4901785714286,1.05918462021489,1.14175084240315,0.711456015082499,52.3349253859442
11.4902777777778,1.05909251378116,1.14171749691295,0.711115737427239,52.3355953745386
11.490376984127,1.05900041769368,1.14168412768125,0.710775622265422,52.3362652782253
11.4904761904762,1.05890833195016,1.14165073472194,0.710435669522483,52.3369350970258
11.4905753968254,1.05881625654832,1.14161731804888,0.710095879123896,52.3376048309614
11.4906746031746,1.0587241914859,1.14158387767595,0.709756250995145,52.3382744800536
11.4907738095238,1.05863213676061,1.14155041361701,0.709416785061744,52.3389440443238
11.490873015873,1.05854009237019,1.14151692588591,0.70907748124923,52.3396135237932
11.4909722222222,1.05844805831238,1.1414834144965,0.708738339483166,52.3402829184833
11.4910714285714,1.05835603458491,1.14144987946263,0.708399359689141,52.3409522284155
11.4911706349206,1.05826402118553,1.14141632079813,0.708060541792764,52.341621453611
11.4912698412698,1.05817201811198,1.14138273851683,0.707721885719675,52.3422905940913
11.491369047619,1.05808002536201,1.14134913263257,0.707383391395532,52.3429596498777
11.4914682539683,1.05798804293337,1.14131550315917,0.707045058746023,52.3436286209914
11.4915674603175,1.05789607082381,1.14128185011042,0.706706887696858,52.3442975074539
11.4916666666667,1.05780410903111,1.14124817350016,0.706368878173772,52.3449663092865
11.4917658730159,1.05771215755301,1.14121447334217,0.706031030102525,52.3456350265104
11.4918650793651,1.05762021638729,1.14118074965026,0.7056933434089,52.346303659147
11.4919642857143,1.05752828553171,1.14114700243822,0.705355818018703,52.3469722072175
11.4920634920635,1.05743636498405,1.14111323171983,0.705018453857776,52.3476406707433
11.4921626984127,1.05734445474208,1.14107943750887,0.704681250851973,52.3483090497455
11.4922619047619,1.05725255480358,1.14104561981912,0.704344208927176,52.3489773442456
11.4923611111111,1.05716066516634,1.14101177866434,0.704007328009293,52.3496455542648
11.4924603174603,1.05706878582814,1.14097791405829,0.703670608024256,52.3503136798243
11.4925595238095,1.05697691678678,1.14094402601474,0.703334048898022,52.3509817209453
11.4926587301587,1.05688505804003,1.14091011454743,0.702997650556572,52.3516496776492
11.4927579365079,1.05679320958571,1.1408761796701,0.702661412925911,52.3523175499571
11.4928571428571,1.05670137142161,1.1408422213965,0.702325335932071,52.3529853378903
11.4929563492063,1.05660954354554,1.14080823974035,0.701989419501107,52.3536530414701
11.4930555555556,1.05651772595529,1.14077423471539,0.701653663559098,52.3543206607175
11.4931547619048,1.05642591864869,1.14074020633533,0.701318068032149,52.3549881956539
11.493253968254,1.05633412162354,1.14070615461389,0.700982632846389,52.3556556463004
11.4933531746032,1.05624233487766,1.14067207956478,0.700647357927971,52.3563230126782
11.4934523809524,1.05615055840888,1.1406379812017,0.700312243203069,52.3569902948086
11.4935515873016,1.05605879221501,1.14060385953835,0.699977288597895,52.3576574927126
11.4936507936508,1.05596703629389,1.14056971458842,0.699642494038673,52.3583246064115
11.49375,1.05587529064334,1.1405355463656,0.699307859451654,52.3589916359265
11.4938492063492,1.05578355526119,1.14050135488357,0.698973384763114,52.3596585812786
11.4939484126984,1.0556918301453,1.140467140156,0.698639069899356,52.360325442489
11.4940476190476,1.05560011529349,1.14043290219655,0.698304914786706,52.3609922195789
11.4941468253968,1.05550841070361,1.1403986410189,0.697970919351513,52.3616589125695
11.494246031746,1.05541671637351,1.1403643566367,0.697637083520153,52.3623255214818
11.4943452380952,1.05532503230104,1.1403300490636,0.697303407219026,52.3629920463369
11.4944444444444,1.05523335848405,1.14029571831323,0.696969890374557,52.363658487156
11.4945436507937,1.05514169492041,1.14026136439926,0.696636532913194,52.3643248439602
11.4946428571429,1.05505004160797,1.1402269873353,0.696303334761412,52.3649911167706
11.4947420634921,1.0549583985446,1.14019258713498,0.695970295845708,52.3656573056083
11.4948412698413,1.05486676572816,1.14015816381192,0.695637416092606,52.3663234104943
11.4949404761905,1.05477514315653,1.14012371737975,0.695304695428648,52.3669894314498
11.4950396825397,1.05468353082759,1.14008924785207,0.694972133780417,52.3676553684957
11.4951388888889,1.05459192873921,1.14005475524248,0.694639731074503,52.3683212216532
11.4952380952381,1.05450033688927,1.14002023956458,0.694307487237529,52.3689869909434
11.4953373015873,1.05440875527565,1.13998570083196,0.693975402196141,52.3696526763872
11.4954365079365,1.05431718389626,1.13995113905822,0.693643475877008,52.3703182780057
11.4955357142857,1.05422562274898,1.13991655425693,0.693311708206828,52.37098379582
11.4956349206349,1.0541340718317,1.13988194644166,0.692980099112319,52.3716492298511
11.4957341269841,1.05404253114232,1.13984731562598,0.692648648520226,52.3723145801199
11.4958333333333,1.05395100067875,1.13981266182347,0.692317356357318,52.3729798466476
11.4959325396825,1.05385948043889,1.13977798504766,0.691986222550389,52.373645029455
11.4960317460317,1.05376797042065,1.13974328531213,0.691655247026258,52.3743101285633
11.496130952381,1.05367647062194,1.1397085626304,0.691324429711767,52.3749751439933
11.4962301587302,1.05358498104069,1.13967381701602,0.690993770533784,52.3756400757662
11.4963293650794,1.0534935016748,1.13963904848253,0.690663269419201,52.3763049239028
11.4964285714286,1.0534020325222,1.13960425704345,0.690332926294931,52.3769696884241
11.4965277777778,1.05331057358082,1.1395694427123,0.690002741087925,52.3776343693511
11.496626984127,1.05321912484858,1.1395346055026,0.689672713725143,52.3782989667047
11.4967261904762,1.05312768632343,1.13949974542786,0.689342844133577,52.378963480506
11.4968253968254,1.05303625800329,1.13946486250158,0.689013132240241,52.3796279107757
11.4969246031746,1.05294483988611,1.13942995673727,0.688683577972177,52.3802922575349
11.4970238095238,1.05285343196983,1.13939502814841,0.688354181256448,52.3809565208045
11.497123015873,1.05276203425239,1.13936007674849,0.688024942020144,52.3816207006054
11.4972222222222,1.05267064673175,1.139325102551,0.687695860190379,52.3822847969585
11.4973214285714,1.05257926940586,1.1392901055694,0.68736693569429,52.3829488098847
11.4974206349206,1.05248790227267,1.13925508581717,0.687038168459042,52.3836127394049
11.4975198412698,1.05239654533015,1.13922004330778,0.686709558411822,52.3842765855401
11.497619047619,1.05230519857626,1.13918497805467,0.686381105479842,52.3849403483109
11.4977182539683,1.05221386200897,1.1391498900713,0.686052809590339,52.3856040277385
11.4978174603175,1.05212253562624,1.13911477937111,0.685724670670575,52.3862676238436
11.4979166666667,1.05203121942605,1.13907964596755,0.685396688647831,52.386931136647
11.4980158730159,1.05193991340639,1.13904448987405,0.685068863449427,52.3875945661697
11.4981150793651,1.05184861756522,1.13900931110404,0.684741195002695,52.3882579124324
11.4982142857143,1.05175733190054,1.13897410967094,0.684413683234994,52.3889211754561
11.4983134920635,1.05166605641033,1.13893888558817,0.684086328073709,52.3895843552615
11.4984126984127,1.05157479109258,1.13890363886913,0.683759129446249,52.3902474518695
11.4985119047619,1.05148353594528,1.13886836952724,0.683432087280049,52.3909104653008
11.4986111111111,1.05139229096644,1.13883307757589,0.683105201502565,52.3915733955764
11.4987103174603,1.05130105615406,1.13879776302847,0.682778472041283,52.3922362427169
11.4988095238095,1.05120983150613,1.13876242589838,0.68245189882371,52.3928990067432
11.4989087301587,1.05111861702068,1.13872706619899,0.682125481777377,52.3935616876761
11.4990079365079,1.0510274126957,1.13869168394368,0.681799220829843,52.3942242855364
11.4991071428571,1.05093621852922,1.13865627914581,0.681473115908688,52.3948868003448
11.4992063492063,1.05084503451925,1.13862085181877,0.681147166941519,52.395549232122
11.4993055555556,1.05075386066381,1.13858540197589,0.680821373855967,52.3962115808889
11.4994047619048,1.05066269696093,1.13854992963053,0.680495736579683,52.3968738466663
11.499503968254,1.05057154340864,1.13851443479604,0.680170255040356,52.3975360294747
11.4996031746032,1.05048040000497,1.13847891748577,0.679844929165686,52.398198129335
11.4997023809524,1.05038926674795,1.13844337771303,0.679519758883403,52.398860146268
11.4998015873016,1.05029814363563,1.13840781549118,0.67919474412126,52.3995220802943
11.4999007936508,1.05020703066604,1.13837223083351,0.678869884807036,52.4001839314346
11.5,1.05011592783724,1.13833662375336,0.678545180868535,52.4008456997096
11.5000992063492,1.05002483514726,1.13830099426404,0.678220632233584,52.4015073851401
11.5001984126984,1.04993375259417,1.13826534237884,0.677896238830036,52.4021689877468
11.5002976190476,1.04984268017601,1.13822966811108,0.677572000585767,52.4028305075503
11.5003968253968,1.04975161789085,1.13819397147403,0.67724791742868,52.4034919445713
11.500496031746,1.04966056573675,1.138158252481,0.676923989286701,52.4041532988304
11.5005952380952,1.04956952371178,1.13812251114526,0.676600216087781,52.4048145703484
11.5006944444444,1.049478491814,1.13808674748009,0.676276597759891,52.4054757591459
11.5007936507937,1.04938747004149,1.13805096149876,0.675953134231039,52.4061368652436
11.5008928571429,1.04929645839232,1.13801515321453,0.675629825429247,52.406797888662
11.5009920634921,1.04920545686458,1.13797932264066,0.675306671282564,52.4074588294218
11.5010912698413,1.04911446545634,1.13794346979041,0.674983671719064,52.4081196875437
11.5011904761905,1.04902348416569,1.13790759467702,0.674660826666846,52.4087804630483
11.5012896825397,1.04893251299073,1.13787169731374,0.674338136054032,52.4094411559561
11.5013888888889,1.04884155192955,1.13783577771379,0.674015599808771,52.4101017662878
11.5014880952381,1.04875060098024,1.1377998358904,0.673693217859235,52.410762294064
11.5015873015873,1.0486596601409,1.13776387185681,0.673370990133622,52.4114227393053
11.5016865079365,1.04856872940964,1.13772788562623,0.673048916560153,52.4120831020322
11.5017857142857,1.04847780878456,1.13769187721186,0.672726997067075,52.4127433822654
11.5018849206349,1.04838689826378,1.13765584662692,0.672405231582659,52.4134035800254
11.5019841269841,1.0482959978454,1.13761979388461,0.6720836200352,52.4140636953327
11.5020833333333,1.04820510752755,1.13758371899811,0.671762162353018,52.4147237282079
11.5021825396825,1.04811422730834,1.13754762198063,0.671440858464455,52.4153836786717
11.5022817460317,1.0480233571859,1.13751150284533,0.671119708297887,52.4160435467444
11.502380952381,1.04793249715836,1.1374753616054,0.670798711781706,52.4167033324466
11.5024801587302,1.04784164722384,1.13743919827401,0.67047786884433,52.417363035799
11.5025793650794,1.04775080738049,1.13740301286432,0.670157179414202,52.4180226568219
11.5026785714286,1.04765997762644,1.13736680538949,0.669836643419791,52.4186821955359
11.5027777777778,1.04756915795982,1.13733057586268,0.669516260789588,52.4193416519614
11.502876984127,1.04747834837879,1.13729432429703,0.669196031452111,52.4200010261191
11.5029761904762,1.04738754888149,1.13725805070568,0.668875955335902,52.4206603180294
11.5030753968254,1.04729675946608,1.13722175510178,0.668556032369528,52.4213195277127
11.5031746031746,1.0472059801307,1.13718543749844,0.668236262481579,52.4219786551896
11.5032738095238,1.04711521087353,1.13714909790879,0.667916645600671,52.4226377004805
11.503373015873,1.0470244516927,1.13711273634596,0.667597181655444,52.4232966636058
11.5034722222222,1.0469337025864,1.13707635282305,0.667277870574564,52.4239555445861
11.5035714285714,1.0468429635528,1.13703994735317,0.666958712286721,52.4246143434417
11.5036706349206,1.04675223459005,1.13700351994942,0.666639706720623,52.4252730601931
11.5037698412698,1.04666151569634,1.13696707062489,0.666320853805018,52.4259316948608
11.503869047619,1.04657080686985,1.13693059939268,0.666002153468666,52.4265902474651
11.5039682539683,1.04648010810875,1.13689410626586,0.665683605640354,52.4272487180265
11.5040674603175,1.04638941941124,1.13685759125752,0.665365210248896,52.4279071065653
11.5041666666667,1.0462987407755,1.13682105438072,0.665046967223128,52.4285654131021
11.5042658730159,1.04620807219973,1.13678449564854,0.664728876491913,52.4292236376571
11.5043650793651,1.04611741368212,1.13674791507402,0.664410937984136,52.4298817802508
11.5044642857143,1.04602676522086,1.13671131267023,0.66409315162871,52.4305398409035
11.5045634920635,1.04593612681417,1.1366746884502,0.66377551735457,52.4311978196357
11.5046626984127,1.04584549846024,1.13663804242699,0.663458035090676,52.4318557164677
11.5047619047619,1.04575488015729,1.13660137461363,0.663140704766013,52.4325135314197
11.5048611111111,1.04566427190353,1.13656468502315,0.662823526309591,52.4331712645123
11.5049603174603,1.04557367369717,1.13652797366858,0.662506499650445,52.4338289157658
11.5050595238095,1.04548308553644,1.13649124056292,0.662189624717632,52.4344864852004
11.5051587301587,1.04539250741956,1.13645448571921,0.661872901440233,52.4351439728365
11.5052579365079,1.04530193934475,1.13641770915043,0.661556329747365,52.4358013786944
11.5053571428571,1.04521138131024,1.1363809108696,0.661239909568154,52.4364587027945
11.5054563492063,1.04512083331427,1.13634409088971,0.66092364083176,52.437115945157
11.5055555555556,1.04503029535507,1.13630724922374,0.660607523467363,52.4377731058023
11.5056547619048,1.04493976743088,1.13627038588468,0.660291557404171,52.4384301847506
11.505753968254,1.04484924953995,1.13623350088552,0.659975742571414,52.4390871820222
11.5058531746032,1.04475874168053,1.13619659423921,0.65966007889835,52.4397440976375
11.5059523809524,1.04466824385085,1.13615966595873,0.659344566314257,52.4404009316166
11.5060515873016,1.04457775604919,1.13612271605704,0.659029204748441,52.4410576839798
11.5061507936508,1.04448727827378,1.13608574454709,0.658713994130232,52.4417143547475
11.50625,1.0443968105229,1.13604875144183,0.658398934388984,52.4423709439398
11.5063492063492,1.04430635279481,1.1360117367542,0.658084025454077,52.443027451577
11.5064484126984,1.04421590508777,1.13597470049713,0.657769267254913,52.4436838776793
11.5065476190476,1.04412546740006,1.13593764268357,0.657454659720921,52.444340222267
11.5066468253968,1.04403503972995,1.13590056332643,0.657140202781549,52.4449964853603
11.506746031746,1.04394462207571,1.13586346243863,0.656825896366284,52.4456526669793
11.5068452380952,1.04385421443564,1.13582634003309,0.656511740404623,52.4463087671444
11.5069444444444,1.043763816808,1.13578919612271,0.656197734826093,52.4469647858756
11.5070436507937,1.04367342919109,1.13575203072039,0.655883879560245,52.4476207231932
11.5071428571429,1.04358305158321,1.13571484383904,0.655570174536656,52.4482765791173
11.5072420634921,1.04349268398264,1.13567763549154,0.655256619684925,52.4489323536683
11.5073412698413,1.04340232638768,1.13564040569077,0.654943214934677,52.4495880468661
11.5074404761905,1.04331197879664,1.13560315444961,0.654629960215564,52.450243658731
11.5075396825397,1.04322164120781,1.13556588178094,0.654316855457258,52.4508991892831
11.5076388888889,1.04313131361952,1.13552858769762,0.654003900589459,52.4515546385426
11.5077380952381,1.04304099603006,1.13549127221252,0.653691095541891,52.4522100065296
11.5078373015873,1.04295068843776,1.13545393533847,0.653378440244302,52.4528652932643
11.5079365079365,1.04286039084092,1.13541657708835,0.653065934626464,52.4535204987668
11.5080357142857,1.04277010323789,1.13537919747498,0.652753578618176,52.4541756230571
11.5081349206349,1.04267982562696,1.1353417965112,0.652441372149255,52.4548306661555
11.5082341269841,1.04258955800649,1.13530437420986,0.652129315149557,52.4554856280819
11.5083333333333,1.0424993003748,1.13526693058376,0.651817407548948,52.4561405088566
11.5084325396825,1.04240905273022,1.13522946564574,0.651505649277325,52.4567953084996
11.5085317460317,1.0423188150711,1.1351919794086,0.651194040264608,52.457450027031
11.508630952381,1.04222858739577,1.13515447188515,0.650882580440742,52.4581046644708
11.5087301587302,1.04213836970259,1.1351169430882,0.650571269735697,52.4587592208391
11.5088293650794,1.04204816198989,1.13507939303054,0.650260108079469,52.459413696156
11.5089285714286,1.04195796425604,1.13504182172496,0.649949095402074,52.4600680904416
11.5090277777778,1.04186777649938,1.13500422918425,0.649638231633559,52.4607224037158
11.509126984127,1.04177759871829,1.13496661542118,0.64932751670399,52.4613766359988
11.5092261904762,1.04168743091112,1.13492898044853,0.649016950543461,52.4620307873105
11.5093253968254,1.04159727307623,1.13489132427907,0.64870653308209,52.462684857671
11.5094246031746,1.041507125212,1.13485364692555,0.648396264250018,52.4633388471003
11.5095238095238,1.0414169873168,1.13481594840073,0.648086143977412,52.4639927556184
11.509623015873,1.041326859389,1.13477822871736,0.64777617219446,52.4646465832453
11.5097222222222,1.04123674142699,1.13474048788818,0.647466348831386,52.465300330001
11.5098214285714,1.04114663342915,1.13470272592593,0.647156673818427,52.4659539959055
11.5099206349206,1.04105653539386,1.13466494284335,0.646847147085848,52.4666075809788
11.5100198412698,1.04096644731952,1.13462713865315,0.646537768563938,52.4672610852408
11.510119047619,1.04087636920452,1.13458931336807,0.646228538183013,52.4679145087115
11.5102182539683,1.04078630104725,1.1345514670008,0.645919455873411,52.4685678514109
11.5103174603175,1.04069624284612,1.13451359956407,0.645610521565496,52.469221113359
11.5104166666667,1.04060619459953,1.13447571107057,0.645301735189657,52.4698742945756
11.5105158730159,1.04051615630588,1.134437801533,0.644993096676307,52.4705273950807
11.5106150793651,1.0404261279636,1.13439987096405,0.644684605955883,52.4711804148942
11.5107142857143,1.04033610957108,1.13436191937641,0.644376262958848,52.4718333540361
11.5108134920635,1.04024610112675,1.13432394678276,0.644068067615688,52.4724862125262
11.5109126984127,1.04015610262902,1.13428595319576,0.643760019856915,52.4731389903846
11.5110119047619,1.04006611407633,1.13424793862809,0.643452119613065,52.473791687631
11.5111111111111,1.0399761354671,1.1342099030924,0.643144366814695,52.4744443042854
11.5112103174603,1.03988616679976,1.13417184660136,0.642836761392398,52.4750968403676
11.5113095238095,1.03979620807275,1.13413376916761,0.642529303276781,52.4757492958976
11.5114087301587,1.0397062592845,1.1340956708038,0.642221992398477,52.4764016708952
11.5115079365079,1.03961632043345,1.13405755152256,0.641914828688147,52.4770539653803
11.5116071428571,1.03952639151805,1.13401941133653,0.641607812076473,52.4777061793727
11.5117063492063,1.03943647253675,1.13398125025834,0.641300942494165,52.4783583128923
11.5118055555556,1.039346563488,1.13394306830059,0.640994219871955,52.479010365959
11.5119047619048,1.03925666437025,1.13390486547592,0.640687644140602,52.4796623385925
11.512003968254,1.03916677518196,1.13386664179692,0.640381215230887,52.4803142308126
11.5121031746032,1.03907689592159,1.13382839727621,0.640074933073617,52.4809660426393
11.5122023809524,1.03898702658761,1.13379013192637,0.639768797599625,52.4816177740924
11.5123015873016,1.03889716717848,1.13375184576001,0.639462808739765,52.4822694251915
11.5124007936508,1.03880731769269,1.13371353878969,0.63915696642492,52.4829209959566
11.5125,1.03871747812869,1.13367521102801,0.638851270585995,52.4835724864074
11.5125992063492,1.03862764848498,1.13363686248754,0.638545721153914,52.4842238965637
11.5126984126984,1.03853782876003,1.13359849318085,0.638240318059643,52.4848752264453
11.5127976190476,1.03844801895233,1.13356010312049,0.637935061234154,52.4855264760719
11.5128968253968,1.03835821906037,1.13352169231903,0.637629950608454,52.4861776454634
11.512996031746,1.03826842908263,1.13348326078901,0.637324986113569,52.4868287346394
11.5130952380952,1.03817864901763,1.13344480854298,0.637020167680553,52.4874797436198
11.5131944444444,1.03808887886385,1.13340633559348,0.636715495240484,52.4881306724242
11.5132936507937,1.03799911861979,1.13336784195304,0.636410968724465,52.4887815210724
11.5133928571429,1.03790936828397,1.13332932763419,0.636106588063622,52.4894322895842
11.5134920634921,1.0378196278549,1.13329079264944,0.635802353189107,52.4900829779792
11.5135912698413,1.03772989733107,1.13325223701132,0.635498264032096,52.4907335862771
11.5136904761905,1.03764017671102,1.13321366073233,0.635194320523791,52.4913841144977
11.5137896825397,1.03755046599327,1.13317506382498,0.634890522595416,52.4920345626607
11.5138888888889,1.03746076517632,1.13313644630176,0.634586870178222,52.4926849307857
11.5139880952381,1.03737107425872,1.13309780817517,0.634283363203484,52.4933352188924
11.5140873015873,1.03728139323898,1.13305914945768,0.633980001602496,52.4939854270005
11.5141865079365,1.03719172211565,1.1330204701618,0.633676785306591,52.4946355551298
11.5142857142857,1.03710206088726,1.13298177029997,0.633373714247114,52.4952856032997
11.5143849206349,1.03701240955235,1.13294304988468,0.633070788355438,52.49593557153
11.5144841269841,1.03692276810947,1.13290430892839,0.63276800756296,52.4965854598404
11.5145833333333,1.03683313655715,1.13286554744355,0.632465371801104,52.4972352682505
11.5146825396825,1.03674351489396,1.13282676544262,0.632162881001315,52.4978849967798
11.5147817460317,1.03665390311844,1.13278796293804,0.631860535095067,52.4985346454481
11.514880952381,1.03656430122915,1.13274913994224,0.631558334013855,52.4991842142749
11.5149801587302,1.03647470922466,1.13271029646767,0.631256277689199,52.49983370328
11.5150793650794,1.03638512710352,1.13267143252675,0.630954366052647,52.5004831124827
11.5151785714286,1.0362955548643,1.13263254813189,0.630652599035768,52.5011324419028
11.5152777777778,1.03620599250558,1.13259364329553,0.630350976570156,52.5017816915599
11.515376984127,1.03611644002592,1.13255471803006,0.630049498587431,52.5024308614735
11.5154761904762,1.03602689742391,1.13251577234789,0.629748165019238,52.5030799516632
11.5155753968254,1.03593736469813,1.13247680626142,0.629446975797241,52.5037289621486
11.5156746031746,1.03584784184716,1.13243781978304,0.629145930853141,52.5043778929492
11.5157738095238,1.03575832886959,1.13239881292513,0.628845030118652,52.5050267440846
11.515873015873,1.03566882576401,1.13235978570009,0.628544273525517,52.5056755155743
11.5159722222222,1.03557933252901,1.13232073812028,0.628243661005502,52.5063242074379
11.5160714285714,1.03548984916319,1.13228167019807,0.627943192490401,52.5069728196949
11.5161706349206,1.03540037566516,1.13224258194582,0.627642867912028,52.5076213523648
11.5162698412698,1.03531091203352,1.1322034733759,0.627342687202226,52.5082698054671
11.516369047619,1.03522145826688,1.13216434450065,0.627042650292859,52.5089181790214
11.5164682539683,1.03513201436384,1.13212519533242,0.626742757115818,52.5095664730471
11.5165674603175,1.03504258032303,1.13208602588354,0.626443007603018,52.5102146875637
11.5166666666667,1.03495315614306,1.13204683616636,0.626143401686399,52.5108628225908
11.5167658730159,1.03486374182255,1.1320076261932,0.625843939297924,52.5115108781478
11.5168650793651,1.03477433736014,1.13196839597638,0.625544620369582,52.5121588542542
11.5169642857143,1.03468494275444,1.13192914552822,0.625245444833387,52.5128067509294
11.5170634920635,1.03459555800409,1.13188987486103,0.624946412621373,52.5134545681929
11.5171626984127,1.03450618310773,1.13185058398711,0.624647523665609,52.5141023060642
11.5172619047619,1.03441681806399,1.13181127291876,0.624348777898181,52.5147499645626
11.5173611111111,1.03432746287152,1.13177194166828,0.624050175251198,52.5153975437077
11.5174603174603,1.03423811752896,1.13173259024794,0.623751715656798,52.5160450435189
11.5175595238095,1.03414878203497,1.13169321867004,0.623453399047143,52.5166924640155
11.5176587301587,1.03405945638819,1.13165382694685,0.623155225354416,52.517339805217
11.5177579365079,1.03397014058728,1.13161441509064,0.62285719451083,52.5179870671429
11.5178571428571,1.0338808346309,1.13157498311366,0.622559306448619,52.5186342498124
11.5179563492063,1.03379153851771,1.13153553102819,0.622261561100042,52.519281353245
11.5180555555556,1.03370225224638,1.13149605884646,0.621963958397383,52.5199283774601
11.5181547619048,1.03361297581558,1.13145656658073,0.621666498272953,52.5205753224771
11.518253968254,1.03352370922399,1.13141705424324,0.621369180659083,52.5212221883153
11.5183531746032,1.03343445247027,1.13137752184622,0.621072005488132,52.5218689749941
11.5184523809524,1.0333452055531,1.1313379694019,0.620774972692483,52.5225156825328
11.5185515873016,1.03325596847118,1.1312983969225,0.620478082204538,52.5231623109509
11.5186507936508,1.03316674122319,1.13125880442023,0.620181333956739,52.5238088602675
11.51875,1.03307752380782,1.13121919190732,0.619884727881537,52.5244553305022
11.5188492063492,1.03298831622375,1.13117955939596,0.619588263911414,52.5251017216741
11.5189484126984,1.0328991184697,1.13113990689835,0.619291941978874,52.5257480338027
11.5190476190476,1.03280993054435,1.13110023442669,0.61899576201645,52.5263942669072
11.5191468253968,1.03272075244642,1.13106054199317,0.618699723956696,52.5270404210069
11.519246031746,1.0326315841746,1.13102082960996,0.618403827732191,52.5276864961212
11.5193452380952,1.03254242572762,1.13098109728924,0.618108073275539,52.5283324922693
11.5194444444444,1.03245327710418,1.13094134504318,0.617812460519371,52.5289784094705
11.5195436507937,1.032364138303,1.13090157288395,0.617516989396338,52.5296242477441
11.5196428571429,1.03227500932281,1.1308617808237,0.617221659839119,52.5302700071094
11.5197420634921,1.03218589016232,1.13082196887458,0.616926471780418,52.5309156875856
11.5198412698413,1.03209678082027,1.13078213704875,0.616631425152961,52.5315612891919
11.5199404761905,1.03200768129538,1.13074228535835,0.6163365198895,52.5322068119477
11.5200396825397,1.03191859158638,1.1307024138155,0.616041755922808,52.5328522558722
11.5201388888889,1.03182951169203,1.13066252243233,0.615747133185695,52.5334976209845
11.5202380952381,1.03174044161106,1.13062261122098,0.615452651610981,52.5341429073039
11.5203373015873,1.03165138134221,1.13058268019355,0.615158311131518,52.5347881148497
11.5204365079365,1.03156233088423,1.13054272936216,0.614864111680181,52.535433243641
11.5205357142857,1.03147329023587,1.13050275873892,0.614570053189868,52.5360782936971
11.5206349206349,1.03138425939589,1.13046276833591,0.614276135593506,52.5367232650372
11.5207341269841,1.03129523836305,1.13042275816525,0.613982358824042,52.5373681576803
11.5208333333333,1.0312062271361,1.13038272823901,0.61368872281445,52.5380129716458
11.5209325396825,1.03111722571382,1.13034267856928,0.613395227497729,52.5386577069528
11.5210317460317,1.03102823409497,1.13030260916813,0.613101872806901,52.5393023636204
11.521130952381,1.03093925227833,1.13026252004763,0.612808658675013,52.5399469416679
11.5212301587302,1.03085028026266,1.13022241121986,0.612515585035138,52.5405914411143
11.5213293650794,1.03076131804675,1.13018228269686,0.612222651820373,52.5412358619789
11.5214285714286,1.03067236562937,1.13014213449069,0.611929858963838,52.5418802042807
11.5215277777778,1.03058342300933,1.13010196661339,0.611637206398676,52.5425244680389
11.521626984127,1.0304944901854,1.13006177907702,0.611344694058065,52.5431686532726
11.5217261904762,1.03040556715637,1.1300215718936,0.611052321875196,52.543812760001
11.5218253968254,1.03031665392105,1.12998134507516,0.610760089783289,52.5444567882431
11.5219246031746,1.03022775047823,1.12994109863373,0.610467997715589,52.545100738018
11.5220238095238,1.03013885682671,1.12990083258132,0.610176045605365,52.5457446093448
11.522123015873,1.0300499729653,1.12986054692994,0.609884233385909,52.5463884022427
11.5222222222222,1.02996109889282,1.12982024169161,0.609592560990541,52.5470321167307
11.5223214285714,1.02987223460806,1.12977991687832,0.609301028352603,52.5476757528279
11.5224206349206,1.02978338010986,1.12973957250207,0.609009635405463,52.5483193105533
11.5225198412698,1.02969453539702,1.12969920857484,0.608718382082513,52.548962789926
11.522619047619,1.02960570046838,1.12965882510862,0.60842726831717,52.549606190965
11.5227182539683,1.02951687532275,1.12961842211538,0.608136294042875,52.5502495136895
11.5228174603175,1.02942805995897,1.1295779996071,0.607845459193094,52.5508927581184
11.5229166666667,1.02933925437588,1.12953755759574,0.607554763701318,52.5515359242707
11.5230158730159,1.0292504585723,1.12949709609325,0.607264207501057,52.5521790121656
11.5231150793651,1.02916167254708,1.1294566151116,0.60697379052586,52.5528220218219
11.5232142857143,1.02907289629906,1.12941611466273,0.606683512709288,52.5534649532587
11.5233134920635,1.02898412982709,1.12937559475858,0.606393373984929,52.5541078064951
11.5234126984127,1.02889537313002,1.12933505541109,0.606103374286397,52.5547505815499
11.5235119047619,1.0288066262067,1.12929449663218,0.60581351354733,52.5553932784422
11.5236111111111,1.028717889056,1.12925391843379,0.605523791701391,52.556035897191
11.5237103174603,1.02862916167676,1.12921332082782,0.605234208682269,52.5566784378153
11.5238095238095,1.02854044406786,1.1291727038262,0.604944764423675,52.5573209003339
11.5239087301587,1.02845173622817,1.12913206744083,0.604655458859345,52.5579632847659
11.5240079365079,1.02836303815654,1.1290914116836,0.604366291923042,52.5586055911301
11.5241071428571,1.02827434985186,1.12905073656642,0.604077263548551,52.5592478194457
11.5242063492063,1.02818567131301,1.12901004210117,0.603788373669684,52.5598899697314
11.5243055555556,1.02809700253887,1.12896932829974,0.603499622220275,52.5605320420062
11.5244047619048,1.02800834352831,1.128928595174,0.603211009134184,52.5611740362891
11.524503968254,1.02791969428023,1.12888784273582,0.602922534345292,52.5618159525989
11.5246031746032,1.02783105479353,1.12884707099708,0.602634197787516,52.5624577909546
11.5247023809524,1.02774242506709,1.12880627996962,0.602345999394786,52.563099551375
11.5248015873016,1.02765380509981,1.12876546966531,0.60205793910106,52.563741233879
11.5249007936508,1.02756519489059,1.12872464009599,0.601770016840321,52.5643828384856
11.525,1.02747659443835,1.1286837912735,0.601482232546578,52.5650243652135
11.5250992063492,1.02738800374198,1.12864292320968,0.601194586153861,52.5656658140818
11.5251984126984,1.0272994228004,1.12860203591636,0.600907077596229,52.5663071851092
11.5252976190476,1.02721085161253,1.12856112940537,0.600619706807762,52.5669484783145
11.5253968253968,1.02712229017728,1.12852020368852,0.600332473722567,52.5675896937167
11.525496031746,1.02703373849357,1.12847925877763,0.600045378274774,52.5682308313346
11.5255952380952,1.02694519656034,1.1284382946845,0.599758420398539,52.568871891187
11.5256944444444,1.0268566643765,1.12839731142093,0.599471600028042,52.5695128732927
11.5257936507937,1.026768141941,1.12835630899873,0.599184917097487,52.5701537776706
11.5258928571429,1.02667962925276,1.12831528742967,0.598898371541104,52.5707946043394
11.5259920634921,1.02659112631073,1.12827424672555,0.598611963293143,52.5714353533181
11.5260912698413,1.02650263311385,1.12823318689814,0.598325692287889,52.5720760246253
11.5261904761905,1.02641414966107,1.12819210795921,0.598039558459643,52.5727166182798
11.5262896825397,1.02632567595132,1.12815100992053,0.597753561742731,52.5733571343005
11.5263888888889,1.02623721198358,1.12810989279385,0.597467702071506,52.5739975727061
11.5264880952381,1.02614875775679,1.12806875659094,0.597181979380346,52.5746379335154
11.5265873015873,1.02606031326991,1.12802760132355,0.596896393603651,52.5752782167471
11.5266865079365,1.0259718785219,1.1279864270034,0.596610944675848,52.57591842242
11.5267857142857,1.02588345351174,1.12794523364225,0.596325632531387,52.5765585505529
11.5268849206349,1.02579503823839,1.12790402125182,0.596040457104745,52.5771986011644
11.5269841269841,1.02570663270082,1.12786278984383,0.595755418330421,52.5778385742734
11.5270833333333,1.02561823689801,1.12782153943001,0.59547051614294,52.5784784698985
11.5271825396825,1.02552985082895,1.12778027002207,0.595185750476851,52.5791182880585
11.5272817460317,1.0254414744926,1.12773898163172,0.594901121266728,52.579758028772
11.527380952381,1.02535310788797,1.12769767427066,0.59461662844717,52.5803976920578
11.5274801587302,1.02526475101404,1.12765634795058,0.594332271952795,52.5810372779346
11.5275793650794,1.02517640386981,1.12761500268317,0.59404805171826,52.581676786421
11.5276785714286,1.02508806645427,1.12757363848013,0.593763967678233,52.5823162175357
11.5277777777778,1.02499973876642,1.12753225535312,0.593480019767411,52.5829555712975
11.527876984127,1.02491142080527,1.12749085331381,0.593196207920516,52.5835948477249
11.5279761904762,1.02482311256982,1.12744943237389,0.592912532072293,52.5842340468367
11.5280753968254,1.02473481405909,1.127407992545,0.592628992157515,52.5848731686514
11.5281746031746,1.02464652527208,1.1273665338388,0.592345588110975,52.5855122131878
11.5282738095238,1.02455824620782,1.12732505626694,0.592062319867496,52.5861511804644
11.528373015873,1.02446997686533,1.12728355984107,0.59177918736192,52.5867900704999
11.5284722222222,1.02438171724363,1.12724204457281,0.591496190529118,52.587428883313
11.5285714285714,1.02429346734174,1.12720051047381,0.591213329303983,52.5880676189222
11.5286706349206,1.02420522715871,1.12715895755568,0.590930603621435,52.5887062773461
11.5287698412698,1.02411699669356,1.12711738583005,0.590648013416416,52.5893448586033
11.528869047619,1.02402877594534,1.12707579530854,0.590365558623894,52.5899833627125
11.5289682539683,1.02394056491307,1.12703418600274,0.590083239178858,52.5906217896923
11.5290674603175,1.02385236359582,1.12699255792426,0.589801055016333,52.5912601395611
11.5291666666667,1.02376417199262,1.1269509110847,0.589519006071357,52.5918984123376
11.5292658730159,1.02367599010253,1.12690924549565,0.589237092278995,52.5925366080403
11.5293650793651,1.02358781792461,1.12686756116869,0.588955313574339,52.5931747266878
11.5294642857143,1.02349965545791,1.1268258581154,0.588673669892504,52.5938127682987
11.5295634920635,1.02341150270149,1.12678413634735,0.588392161168631,52.5944507328915
11.5296626984127,1.02332335965442,1.12674239587612,0.588110787337885,52.5950886204847
11.5297619047619,1.02323522631577,1.12670063671326,0.587829548335454,52.5957264310968
11.5298611111111,1.0231471026846,1.12665885887032,0.587548444096554,52.5963641647464
11.5299603174603,1.02305898876001,1.12661706235887,0.587267474556422,52.597001821452
11.5300595238095,1.02297088454105,1.12657524719043,0.586986639650321,52.5976394012321
11.5301587301587,1.02288279002683,1.12653341337655,0.586705939313541,52.5982769041052
11.5302579365079,1.02279470521641,1.12649156092876,0.586425373481393,52.5989143300898
11.5303571428571,1.0227066301089,1.12644968985859,0.586144942089215,52.5995516792044
11.5304563492064,1.02261856470338,1.12640780017756,0.585864645072364,52.6001889514674
11.5305555555556,1.02253050899895,1.12636589189717,0.585584482366235,52.6008261468973
11.5306547619048,1.0224424629947,1.12632396502895,0.585304453906234,52.6014632655126
11.530753968254,1.02235442668975,1.12628201958439,0.585024559627798,52.6021003073317
11.5308531746032,1.0222664000832,1.12624005557498,0.584744799466387,52.6027372723731
11.5309523809524,1.02217838317416,1.12619807301223,0.584465173357485,52.6033741606552
11.5310515873016,1.02209037596173,1.12615607190761,0.584185681236602,52.6040109721965
11.5311507936508,1.02200237844505,1.1261140522726,0.583906323039272,52.6046477070154
11.53125,1.02191439062322,1.12607201411869,0.583627098701055,52.6052843651303
11.5313492063492,1.02182641249536,1.12602995745733,0.583348008157533,52.6059209465596
11.5314484126984,1.02173844406062,1.12598788229998,0.583069051344314,52.6065574513217
11.5315476190476,1.02165048531811,1.12594578865811,0.582790228197031,52.6071938794351
11.5316468253968,1.02156253626698,1.12590367654316,0.582511538651341,52.6078302309181
11.531746031746,1.02147459690634,1.12586154596657,0.582232982642926,52.608466505789
11.5318452380952,1.02138666723536,1.1258193969398,0.581954560107492,52.6091027040663
11.5319444444444,1.02129874725317,1.12577722947425,0.581676270980768,52.6097388257684
11.5320436507937,1.02121083695891,1.12573504358138,0.581398115198515,52.6103748709136
11.5321428571429,1.02112293635175,1.12569283927258,0.581120092696511,52.6110108395202
11.5322420634921,1.02103504543082,1.12565061655929,0.580842203410561,52.6116467316066
11.5323412698413,1.0209471641953,1.12560837545291,0.580564447276494,52.6122825471911
11.5324404761905,1.02085929264433,1.12556611596483,0.580286824230164,52.6129182862922
11.5325396825397,1.02077143077709,1.12552383810647,0.580009334207451,52.613553948928
11.5326388888889,1.02068357859275,1.1254815418892,0.579731977144257,52.6141895351169
11.5327380952381,1.02059573609046,1.12543922732443,0.579454752976511,52.6148250448773
11.5328373015873,1.02050790326942,1.12539689442351,0.579177661640165,52.6154604782274
11.5329365079365,1.02042008012878,1.12535454319784,0.578900703071197,52.6160958351855
11.5330357142857,1.02033226666775,1.12531217365877,0.578623877205609,52.6167311157699
11.5331349206349,1.02024446288549,1.12526978581768,0.578347183979426,52.617366319999
11.5332341269841,1.02015666878121,1.12522737968591,0.578070623328701,52.6180014478909
11.5333333333333,1.02006888435409,1.12518495527482,0.577794195189509,52.6186364994639
11.5334325396825,1.01998110960331,1.12514251259574,0.577517899497947,52.6192714747363
11.5335317460317,1.0198933445281,1.12510005166003,0.577241736190147,52.6199063737264
11.533630952381,1.01980558912764,1.12505757247901,0.576965705202256,52.6205411964524
11.5337301587302,1.01971784340114,1.12501507506401,0.576689806470446,52.6211759429324
11.5338293650794,1.01963010734781,1.12497255942636,0.576414039930918,52.6218106131849
11.5339285714286,1.01954238096686,1.12493002557735,0.576138405519895,52.6224452072279
11.5340277777778,1.0194546642575,1.12488747352832,0.575862903173625,52.6230797250798
11.534126984127,1.01936695721896,1.12484490329055,0.575587532828381,52.6237141667586
11.5342261904762,1.01927925985046,1.12480231487535,0.57531229442046,52.6243485322827
11.5343253968254,1.01919157215122,1.12475970829401,0.575037187886184,52.6249828216701
11.5344246031746,1.01910389412047,1.12471708355782,0.574762213161899,52.6256170349392
11.5345238095238,1.01901622575744,1.12467444067805,0.574487370183978,52.626251172108
11.534623015873,1.01892856706138,1.12463177966598,0.574212658888815,52.6268852331948
11.5347222222222,1.01884091803151,1.12458910053288,0.573938079212832,52.6275192182177
11.5348214285714,1.01875327866708,1.12454640329001,0.573663631092473,52.6281531271948
11.5349206349206,1.01866564896734,1.12450368794863,0.573389314464204,52.6287869601444
11.5350198412698,1.01857802893154,1.12446095451999,0.573115129264527,52.6294207170845
11.535119047619,1.01849041855892,1.12441820301533,0.572841075429958,52.6300543980333
11.5352182539683,1.01840281784876,1.1243754334459,0.57256715289704,52.630688003009
11.5353174603175,1.01831522680029,1.12433264582292,0.572293361602341,52.6313215320296
11.5354166666667,1.0182276454128,1.12428984015763,0.572019701482454,52.6319549851132
11.5355158730159,1.01814007368554,1.12424701646124,0.571746172473996,52.632588362278
11.5356150793651,1.01805251161779,1.12420417474498,0.57147277451361,52.6332216635421
11.5357142857143,1.01796495920881,1.12416131502005,0.571199507537962,52.6338548889236
11.5358134920635,1.01787741645789,1.12411843729765,0.570926371483743,52.6344880384405
11.5359126984127,1.0177898833643,1.12407554158899,0.57065336628767,52.6351211121109
11.5360119047619,1.01770235992733,1.12403262790525,0.570380491886483,52.635754109953
11.5361111111111,1.01761484614627,1.12398969625763,0.570107748216947,52.6363870319846
11.5362103174603,1.0175273420204,1.1239467466573,0.569835135215852,52.637019878224
11.5363095238095,1.01743984754902,1.12390377911544,0.569562652820012,52.6376526486892
11.5364087301587,1.01735236273142,1.12386079364322,0.569290300966262,52.6382853433982
11.5365079365079,1.01726488756692,1.1238177902518,0.569018079591475,52.638917962369
11.5366071428571,1.0171774220548,1.12377476895234,0.568745988632533,52.6395505056197
11.5367063492063,1.01708996619439,1.12373172975599,0.568474028026351,52.6401829731683
11.5368055555556,1.01700251998498,1.12368867267389,0.568202197709865,52.6408153650327
11.5369047619048,1.01691508342589,1.12364559771719,0.567930497620038,52.6414476812311
11.537003968254,1.01682765651645,1.12360250489702,0.567658927693857,52.6420799217814
11.5371031746032,1.01674023925597,1.12355939422451,0.567387487868332,52.6427120867016
11.5372023809524,1.01665283164377,1.12351626571078,0.567116178080501,52.6433441760096
11.5373015873016,1.01656543367919,1.12347311936694,0.566844998267423,52.6439761897235
11.5374007936508,1.01647804536156,1.12342995520411,0.566573948366183,52.6446081278613
11.5375,1.0163906666902,1.12338677323339,0.566303028313893,52.6452399904408
11.5375992063492,1.01630329766446,1.12334357346588,0.566032238047685,52.6458717774801
11.5376984126984,1.01621593828369,1.12330035591267,0.565761577504719,52.646503488997
11.5377976190476,1.01612858854721,1.12325712058485,0.565491046622179,52.6471351250096
11.5378968253968,1.01604124845439,1.1232138674935,0.56522064533727,52.6477666855357
11.537996031746,1.01595391800458,1.1231705966497,0.564950373587232,52.6483981705934
11.5380952380952,1.01586659719712,1.12312730806452,0.564680231309318,52.6490295802004
11.5381944444444,1.01577928603139,1.12308400174901,0.564410218440812,52.6496609143747
11.5382936507937,1.01569198450673,1.12304067771425,0.564140334919019,52.6502921731343
11.5383928571429,1.01560469262252,1.12299733597127,0.563870580681271,52.650923356497
11.5384920634921,1.01551741037812,1.12295397653113,0.563600955664925,52.6515544644807
11.5385912698413,1.01543013777291,1.12291059940486,0.56333145980736,52.6521854971033
11.5386904761905,1.01534287480627,1.12286720460351,0.563062093045983,52.6528164543826
11.5387896825397,1.01525562147756,1.12282379213809,0.562792855318223,52.6534473363366
11.5388888888889,1.01516837778618,1.12278036201963,0.562523746561535,52.6540781429831
11.5389880952381,1.0150811437315,1.12273691425916,0.562254766713397,52.6547088743399
11.5390873015873,1.01499391931293,1.12269344886767,0.561985915711315,52.6553395304249
11.5391865079365,1.01490670452984,1.12264996585618,0.561717193492815,52.6559701112559
11.5392857142857,1.01481949938165,1.12260646523568,0.561448599995451,52.6566006168508
11.5393849206349,1.01473230386774,1.12256294701716,0.561180135156798,52.6572310472273
11.5394841269841,1.01464511798752,1.12251941121163,0.560911798914464,52.6578614024034
11.5395833333333,1.0145579417404,1.12247585783005,0.560643591206074,52.6584916823968
11.5396825396825,1.01447077512578,1.1224322868834,0.560375511969277,52.6591218872252
11.5397817460317,1.01438361814308,1.12238869838265,0.560107561141751,52.6597520169066
11.539880952381,1.01429647079172,1.12234509233877,0.559839738661197,52.6603820714587
11.5399801587302,1.01420933307111,1.12230146876272,0.559572044465339,52.6610120508993
11.5400793650794,1.01412220498068,1.12225782766544,0.559304478491928,52.6616419552461
11.5401785714286,1.01403508651985,1.12221416905789,0.559037040678738,52.6622717845169
11.5402777777778,1.01394797768807,1.122170492951,0.558769730963569,52.6629015387295
11.540376984127,1.01386087848475,1.12212679935571,0.558502549284244,52.6635312179016
11.5404761904762,1.01377378890933,1.12208308828296,0.558235495578612,52.6641608220509
11.5405753968254,1.01368670896127,1.12203935974365,0.557968569784546,52.6647903511953
11.5406746031746,1.01359963863999,1.12199561374871,0.557701771839943,52.6654198053524
11.5407738095238,1.01351257794495,1.12195185030905,0.557435101682727,52.6660491845399
11.540873015873,1.0134255268756,1.12190806943558,0.55716855925084,52.6666784887757
11.5409722222222,1.01333848543139,1.1218642711392,0.556902144482261,52.6673077180773
11.5410714285714,1.01325145361178,1.12182045543079,0.556635857314983,52.6679368724624
11.5411706349206,1.01316443141623,1.12177662232126,0.556369697687026,52.6685659519489
11.5412698412698,1.01307741884421,1.12173277182147,0.556103665536437,52.6691949565543
11.541369047619,1.01299041589517,1.12168890394232,0.555837760801284,52.6698238862963
11.5414682539683,1.01290342256861,1.12164501869466,0.555571983419664,52.6704527411927
11.5415674603175,1.01281643886398,1.12160111608936,0.555306333329694,52.671081521261
11.5416666666667,1.01272946478076,1.12155719613728,0.555040810469519,52.6717102265189
11.5417658730159,1.01264250031845,1.12151325884928,0.554775414777308,52.6723388569842
11.5418650793651,1.01255554547651,1.12146930423619,0.554510146191253,52.6729674126743
11.5419642857143,1.01246860025445,1.12142533230887,0.554245004649573,52.673595893607
11.5420634920635,1.01238166465174,1.12138134307815,0.55397999009051,52.6742242997999
11.5421626984127,1.01229473866789,1.12133733655485,0.553715102452331,52.6748526312706
11.5422619047619,1.0122078223024,1.12129331274981,0.553450341673328,52.6754808880367
11.5423611111111,1.01212091555477,1.12124927167383,0.553185707691812,52.6761090701158
11.5424603174603,1.01203401842449,1.12120521333774,0.552921200446133,52.6767371775255
11.5425595238095,1.01194713091109,1.12116113775233,0.552656819874653,52.6773652102835
11.5426587301587,1.01186025301407,1.12111704492841,0.55239256591576,52.6779931684072
11.5427579365079,1.01177338473295,1.12107293487677,0.552128438507871,52.6786210519143
11.5428571428571,1.01168652606724,1.1210288076082,0.551864437589424,52.6792488608224
11.5429563492063,1.01159967701648,1.12098466313349,0.551600563098884,52.679876595149
11.5430555555556,1.01151283758018,1.1209405014634,0.551336814974739,52.6805042549116
11.5431547619048,1.01142600775787,1.12089632260872,0.551073193155502,52.6811318401278
11.543253968254,1.01133918754909,1.1208521265802,0.550809697579711,52.6817593508152
11.5433531746032,1.01125237695337,1.12080791338861,0.550546328185929,52.6823867869913
11.5434523809524,1.01116557597025,1.12076368304469,0.550283084912743,52.6830141486736
11.5435515873016,1.01107878459928,1.1207194355592,0.550019967698764,52.6836414358796
11.5436507936508,1.01099200283999,1.12067517094288,0.549756976482629,52.6842686486268
11.54375,1.01090523069195,1.12063088920647,0.549494111202999,52.6848957869328
11.5438492063492,1.0108184681547,1.12058659036069,0.549231371798556,52.685522850815
11.5439484126984,1.01073171522779,1.12054227441626,0.548968758208016,52.686149840291
11.5440476190476,1.0106449719108,1.12049794138392,0.548706270370113,52.6867767553782
11.5441468253968,1.01055823820328,1.12045359127436,0.548443908223604,52.687403596094
11.544246031746,1.0104715141048,1.1204092240983,0.548181671707273,52.6880303624561
11.5443452380952,1.01038479961492,1.12036483986643,0.547919560759931,52.6886570544817
11.5444444444444,1.01029809473323,1.12032043858946,0.547657575320409,52.6892836721884
11.5445436507937,1.0102113994593,1.12027602027807,0.547395715327566,52.6899102155936
11.5446428571429,1.0101247137927,1.12023158494294,0.547133980720285,52.6905366847148
11.5447420634921,1.01003803773303,1.12018713259475,0.546872371437472,52.6911630795694
11.5448412698413,1.00995137127987,1.12014266324418,0.546610887418059,52.6917894001747
11.5449404761905,1.00986471443281,1.12009817690188,0.546349528601003,52.6924156465484
11.5450396825397,1.00977806719144,1.12005367357853,0.546088294925285,52.6930418187076
11.5451388888889,1.00969142955537,1.12000915328476,0.54582718632991,52.6936679166699
11.5452380952381,1.00960480152418,1.11996461603124,0.545566202753909,52.6942939404526
11.5453373015873,1.00951818309749,1.1199200618286,0.545305344136333,52.6949198900732
11.5454365079365,1.00943157427491,1.11987549068747,0.545044610416268,52.695545765549
11.5455357142857,1.00934497505604,1.1198309026185,0.544784001532816,52.6961715668973
11.5456349206349,1.00925838544049,1.1197862976323,0.544523517425104,52.6967972941356
11.5457341269841,1.0091718054279,1.1197416757395,0.544263158032287,52.6974229472812
11.5458333333333,1.00908523501787,1.1196970369507,0.544002923293542,52.6980485263514
11.5459325396825,1.00899867421004,1.11965238127651,0.543742813148073,52.6986740313637
11.5460317460317,1.00891212300402,1.11960770872754,0.543482827535105,52.6992994623353
11.546130952381,1.00882558139946,1.11956301931438,0.543222966393891,52.6999248192835
11.5462301587302,1.00873904939598,1.11951831304762,0.542963229663708,52.7005501022258
11.5463293650794,1.00865252699323,1.11947358993784,0.542703617283856,52.7011753111794
11.5464285714286,1.00856601419084,1.11942884999562,0.542444129193662,52.7018004461615
11.5465277777778,1.00847951098847,1.11938409323154,0.542184765332475,52.7024255071896
11.546626984127,1.00839301738575,1.11933931965615,0.541925525639671,52.7030504942809
11.5467261904762,1.00830653338235,1.11929452928003,0.54166641005465,52.7036754074527
11.5468253968254,1.00822005897791,1.11924972211372,0.54140741851683,52.7043002467223
11.5469246031746,1.0081335941721,1.11920489816777,0.54114855096567,52.704925012107
11.5470238095238,1.00804713896457,1.11916005745273,0.540889807340639,52.7055497036239
11.547123015873,1.007960693355,1.11911519997913,0.540631187581234,52.7061743212904
11.5472222222222,1.00787425734305,1.1190703257575,0.540372691626978,52.7067988651238
11.5473214285714,1.0077878309284,1.11902543479838,0.540114319417419,52.7074233351412
11.5474206349206,1.00770141411071,1.11898052711227,0.539856070892129,52.7080477313599
11.5475198412698,1.00761500688968,1.11893560270969,0.539597945990704,52.7086720537971
11.547619047619,1.00752860926497,1.11889066160115,0.539339944652766,52.7092963024701
11.5477182539683,1.00744222123628,1.11884570379716,0.539082066817959,52.709920477396
11.5478174603175,1.0073558428033,1.1188007293082,0.538824312425955,52.7105445785921
11.5479166666667,1.00726947396572,1.11875573814476,0.538566681416449,52.7111686060756
11.5480158730159,1.00718311472324,1.11871073031734,0.53830917372916,52.7117925598636
11.5481150793651,1.00709676507555,1.11866570583641,0.538051789303832,52.7124164399734
11.5482142857143,1.00701042502235,1.11862066471244,0.537794528080234,52.7130402464221
11.5483134920635,1.00692409456337,1.1185756069559,0.537537389998158,52.7136639792269
11.5484126984127,1.00683777369829,1.11853053257725,0.537280374997426,52.714287638405
11.5485119047619,1.00675146242685,1.11848544158694,0.53702348301788,52.7149112239734
11.5486111111111,1.00666516074875,1.11844033399543,0.536766713999385,52.7155347359495
11.5487103174603,1.00657886866371,1.11839520981315,0.536510067881835,52.7161581743502
11.5488095238095,1.00649258617147,1.11835006905055,0.536253544605145,52.7167815391928
11.5489087301587,1.00640631327173,1.11830491171806,0.535997144109258,52.7174048304943
11.5490079365079,1.00632004996425,1.11825973782609,0.535740866334138,52.7180280482719
11.5491071428571,1.00623379624874,1.11821454738508,0.535484711219777,52.7186511925427
11.5492063492063,1.00614755212494,1.11816934040543,0.535228678706189,52.7192742633238
11.5493055555556,1.00606131759261,1.11812411689756,0.534972768733414,52.7198972606323
11.5494047619048,1.00597509265147,1.11807887687187,0.534716981241516,52.7205201844853
11.549503968254,1.00588887730128,1.11803362033874,0.534461316170586,52.7211430348999
11.5496031746032,1.00580267154179,1.11798834730858,0.534205773460735,52.7217658118931
11.5497023809524,1.00571647537276,1.11794305779177,0.533950353052102,52.722388515482
11.5498015873016,1.00563028879393,1.11789775179868,0.533695054884847,52.7230111456837
11.5499007936508,1.00554411180507,1.11785242933969,0.533439878899164,52.7236337025152
11.55,1.00545794440595,1.11780709042517,0.533184825035261,52.7242561859937
11.5500992063492,1.00537178659634,1.11776173506548,0.532929893233376,52.724878596136
11.5501984126984,1.00528563837599,1.11771636327097,0.532675083433769,52.7255009329592
11.5502976190476,1.0051994997447,1.11767097505199,0.532420395576727,52.7261231964805
11.5503968253968,1.00511337070223,1.11762557041889,0.53216582960256,52.7267453867167
11.550496031746,1.00502725124838,1.11758014938201,0.531911385451603,52.727367503685
11.5505952380952,1.00494114138291,1.11753471195167,0.531657063064216,52.7279895474022
11.5506944444444,1.00485504110563,1.11748925813821,0.531402862380783,52.7286115178855
11.5507936507937,1.00476895041632,1.11744378795194,0.531148783341714,52.7292334151517
11.5508928571429,1.00468286931478,1.11739830140318,0.530894825887441,52.7298552392179
11.5509920634921,1.00459679780081,1.11735279850223,0.530640989958424,52.7304769901011
11.5510912698413,1.0045107358742,1.1173072792594,0.530387275495146,52.7310986678182
11.5511904761905,1.00442468353477,1.11726174368499,0.530133682438113,52.7317202723861
11.5512896825397,1.00433864078232,1.11721619178929,0.529880210727854,52.7323418038219
11.5513888888889,1.00425260761667,1.11717062358258,0.529626860304934,52.7329632621424
11.5514880952381,1.00416658403763,1.11712503907514,0.529373631109929,52.7335846473647
11.5515873015873,1.00408057004501,1.11707943827725,0.529120523083447,52.7342059595056
11.5516865079365,1.00399456563865,1.11703382119917,0.528867536166117,52.734827198582
11.5517857142857,1.00390857081837,1.11698818785117,0.528614670298595,52.735448364611
11.5518849206349,1.00382258558399,1.11694253824349,0.528361925421561,52.7360694576093
11.5519841269841,1.00373660993536,1.1168968723864,0.528109301475718,52.7366904775939
11.5520833333333,1.0036506438723,1.11685119029013,0.527856798401798,52.7373114245817
11.5521825396825,1.00356468739465,1.11680549196493,0.527604416140552,52.7379322985895
11.5522817460317,1.00347874050226,1.11675977742102,0.527352154632759,52.7385530996344
11.552380952381,1.00339280319498,1.11671404666864,0.527100013819223,52.739173827733
11.5524801587302,1.00330687547264,1.116668299718,0.52684799364077,52.7397944829023
11.5525793650794,1.00322095733512,1.11662253657932,0.526596094038254,52.7404150651592
11.5526785714286,1.00313504878226,1.1165767572628,0.526344314952551,52.7410355745205
11.5527777777778,1.00304914981392,1.11653096177866,0.526092656324558,52.741656011003
11.552876984127,1.00296326042997,1.11648515013709,0.525841118095209,52.7422763746236
11.5529761904762,1.00287738063027,1.11643932234828,0.525589700205452,52.742896665399
11.5530753968254,1.00279151041469,1.11639347842241,0.525338402596261,52.7435168833463
11.5531746031746,1.00270564978311,1.11634761836967,0.525087225208636,52.744137028482
11.5532738095238,1.00261979873541,1.11630174220023,0.524836167983602,52.7447571008231
11.553373015873,1.00253395727145,1.11625584992425,0.524585230862208,52.7453771003864
11.5534722222222,1.00244812539114,1.11620994155191,0.524334413785528,52.7459970271886
11.5535714285714,1.00236230309435,1.11616401709336,0.52408371669466,52.7466168812465
11.5536706349206,1.00227649038098,1.11611807655874,0.523833139530727,52.7472366625769
11.5537698412698,1.00219068725091,1.1160721199582,0.523582682234877,52.7478563711966
11.553869047619,1.00210489370405,1.11602614730189,0.523332344748283,52.7484760071224
11.5539682539683,1.0020191097403,1.11598015859993,0.523082127012141,52.7490955703709
11.5540674603175,1.00193333535956,1.11593415386245,0.522832028967672,52.749715060959
11.5541666666667,1.00184757056175,1.11588813309957,0.522582050556123,52.7503344789034
11.5542658730159,1.00176181534676,1.11584209632141,0.522332191718761,52.7509538242208
11.5543650793651,1.00167606971451,1.11579604353808,0.522082452396888,52.7515730969279
11.5544642857143,1.00159033366493,1.11574997475968,0.52183283253182,52.7521922970415
11.5545634920635,1.00150460719793,1.11570388999631,0.521583332064904,52.7528114245783
11.5546626984127,1.00141889031345,1.11565778925807,0.521333950937507,52.753430479555
11.5547619047619,1.00133318301139,1.11561167255503,0.521084689091024,52.7540494619883
11.5548611111111,1.00124748529171,1.11556553989728,0.520835546466873,52.7546683718948
11.5549603174603,1.00116179715433,1.11551939129489,0.520586523006497,52.7552872092913
11.5550595238095,1.00107611859919,1.11547322675793,0.520337618651364,52.7559059741945
11.5551587301587,1.00099044962624,1.11542704629647,0.520088833342966,52.7565246666209
11.5552579365079,1.00090479023541,1.11538084992056,0.51984016702282,52.7571432865873
11.5553571428571,1.00081914042666,1.11533463764025,0.519591619632467,52.7577618341104
11.5554563492063,1.00073350019994,1.11528840946559,0.519343191113475,52.7583803092067
11.5555555555556,1.0006478695552,1.11524216540661,0.519094881407434,52.7589987118929
11.5556547619048,1.00056224849241,1.11519590547336,0.518846690455959,52.7596170421856
11.555753968254,1.00047663701152,1.11514962967585,0.518598618200686,52.7602353001016
11.5558531746032,1.0003910351125,1.11510333802412,0.518350664583288,52.7608534856573
11.5559523809524,1.00030544279532,1.11505703052817,0.51810282954545,52.7614715988694
11.5560515873016,1.00021986005996,1.11501070719802,0.517855113028887,52.7620896397545
11.5561507936508,1.00013428690638,1.11496436804366,0.517607514975336,52.7627076083292
11.55625,1.00004872333457,1.11491801307511,0.517360035326561,52.7633255046101
11.5563492063492,0.99996316934451,1.11487164230235,0.51711267402435,52.7639433286138
11.5564484126984,0.999877624936186,1.11482525573536,0.516865431010515,52.7645610803568
11.5565476190476,0.999792090109588,1.11477885338414,0.516618306226893,52.7651787598557
11.5566468253968,0.999706564864708,1.11473243525865,0.516371299615345,52.7657963671271
11.556746031746,0.999621049201543,1.11468600136886,0.516124411117759,52.7664139021875
11.5568452380952,0.999535543120092,1.11463955172474,0.515877640676045,52.7670313650535
11.5569444444444,0.999450046620359,1.11459308633625,0.515630988232138,52.7676487557416
11.5570436507937,0.99936455970235,1.11454660521333,0.515384453727999,52.7682660742684
11.5571428571429,0.999279082366076,1.11450010836593,0.515138037105612,52.7688833206503
11.5572420634921,0.999193614611547,1.11445359580399,0.514891738306984,52.7695004949039
11.5573412698413,0.999108156438784,1.11440706753745,0.514645557274154,52.7701175970456
11.5574404761905,0.999022707847805,1.11436052357623,0.514399493949179,52.7707346270921
11.5575396825397,0.998937268838634,1.11431396393026,0.514153548274142,52.7713515850598
11.5576388888889,0.998851839411298,1.11426738860945,0.513907720191149,52.7719684709651
11.5577380952381,0.998766419565827,1.11422079762371,0.513662009642335,52.7725852848246
11.5578373015873,0.998681009302255,1.11417419098296,0.513416416569856,52.7732020266547
11.5579365079365,0.99859560862062,1.11412756869707,0.513170940915894,52.7738186964719
11.5580357142857,0.998510217520962,1.11408093077596,0.512925582622654,52.7744352942927
11.5581349206349,0.998424836003325,1.11403427722951,0.512680341632369,52.7750518201335
11.5582341269841,0.998339464067756,1.11398760806759,0.512435217887293,52.7756682740107
11.5583333333333,0.998254101714307,1.11394092330009,0.512190211329707,52.7762846559408
11.5584325396825,0.998168748943031,1.11389422293687,0.511945321901916,52.7769009659402
11.5585317460317,0.998083405753986,1.1138475069878,0.511700549546248,52.7775172040254
11.558630952381,0.997998072147234,1.11380077546274,0.511455894205059,52.7781333702127
11.5587301587302,0.997912748122838,1.11375402837153,0.511211355820724,52.7787494645186
11.5588293650794,0.997827433680868,1.11370726572403,0.510966934335652,52.7793654869594
11.5589285714286,0.997742128821394,1.11366048753007,0.510722629692268,52.7799814375516
11.5590277777778,0.997656833544491,1.11361369379949,0.510478441833024,52.7805973163115
11.559126984127,0.997571547850236,1.11356688454211,0.510234370700398,52.7812131232556
11.5592261904762,0.997486271738713,1.11352005976777,0.509990416236892,52.7818288584001
11.5593253968254,0.997401005210005,1.11347321948628,0.509746578385032,52.7824445217615
11.5594246031746,0.997315748264201,1.11342636370744,0.509502857087369,52.7830601133561
11.5595238095238,0.997230500901393,1.11337949244107,0.509259252286479,52.7836756332003
11.559623015873,0.997145263121676,1.11333260569696,0.509015763924961,52.7842910813104
11.5597222222222,0.997060034925148,1.11328570348491,0.508772391945441,52.7849064577027
11.5598214285714,0.996974816311912,1.1132387858147,0.508529136290569,52.7855217623936
11.5599206349206,0.996889607282073,1.11319185269612,0.508285996903018,52.7861369953993
11.5600198412698,0.99680440783574,1.11314490413894,0.508042973725487,52.7867521567363
11.560119047619,0.996719217973025,1.11309794015293,0.5078000667007,52.7873672464208
11.5602182539683,0.996634037694042,1.11305096074786,0.507557275771401,52.787982264469
11.5603174603175,0.996548866998914,1.11300396593349,0.50731460088037,52.7885972108974
11.5604166666667,0.996463705887761,1.11295695571956,0.5070720419704,52.7892120857222
11.5605158730159,0.996378554360709,1.11290993011583,0.506829598984313,52.7898268889596
11.5606150793651,0.996293412417887,1.11286288913203,0.506587271864956,52.7904416206259
11.5607142857143,0.99620828005943,1.11281583277791,0.506345060555201,52.7910562807375
11.5608134920635,0.996123157285471,1.11276876106318,0.506102964997941,52.7916708693104
11.5609126984127,0.996038044096151,1.11272167399758,0.505860985136099,52.7922853863611
11.5610119047619,0.995952940491613,1.11267457159082,0.505619120912619,52.7928998319057
11.5611111111111,0.995867846472004,1.11262745385261,0.50537737227047,52.7935142059605
11.5612103174603,0.995782762037472,1.11258032079266,0.505135739152647,52.7941285085416
11.5613095238095,0.995697687188172,1.11253317242066,0.504894221502168,52.7947427396654
11.5614087301587,0.995612621924259,1.11248600874632,0.504652819262077,52.795356899348
11.5615079365079,0.995527566245894,1.11243882977932,0.504411532375442,52.7959709876057
11.5616071428571,0.995442520153241,1.11239163552935,0.504170360785356,52.7965850044545
11.5617063492064,0.995357483646464,1.11234442600607,0.503929304434933,52.7971989499108
11.5618055555556,0.995272456725736,1.11229720121916,0.503688363267321,52.7978128239907
11.5619047619048,0.995187439391231,1.11224996117829,0.503447537225683,52.7984266267104
11.562003968254,0.995102431643124,1.11220270589311,0.503206826253211,52.7990403580859
11.5621031746032,0.995017433481597,1.11215543537327,0.502966230293121,52.7996540181337
11.5622023809524,0.994932444906833,1.11210814962843,0.502725749288653,52.8002676068696
11.5623015873016,0.99484746591902,1.11206084866823,0.502485383183071,52.80088112431
11.5624007936508,0.994762496518348,1.1120135325023,0.502245131919666,52.8014945704709
11.5625,0.994677536705011,1.11196620114027,0.502004995441751,52.8021079453684
11.5625992063492,0.994592586479207,1.11191885459176,0.501764973692667,52.8027212490188
11.5626984126984,0.994507645841137,1.1118714928664,0.501525066615775,52.8033344814381
11.5627976190476,0.994422714791005,1.11182411597379,0.501285274154466,52.8039476426424
11.5628968253968,0.994337793329019,1.11177672392354,0.50104559625215,52.8045607326479
11.562996031746,0.994252881455389,1.11172931672525,0.500806032852265,52.8051737514705
11.5630952380952,0.994167979170332,1.11168189438852,0.500566583898274,52.8057866991265
11.5631944444444,0.994083086474063,1.11163445692293,0.50032724933366,52.8063995756319
11.5632936507937,0.993998203366806,1.11158700433807,0.500088029101941,52.8070123810028
11.5633928571429,0.993913329848785,1.11153953664352,0.499848923146648,52.8076251152551
11.5634920634921,0.993828465920227,1.11149205384884,0.499609931411344,52.8082377784051
11.5635912698413,0.993743611581366,1.1114445559636,0.499371053839612,52.8088503704687
11.5636904761905,0.993658766832435,1.11139704299737,0.499132290375063,52.809462891462
11.5637896825397,0.993573931673673,1.11134951495968,0.49889364096133,52.8100753414011
11.5638888888889,0.993489106105322,1.1113019718601,0.498655105542074,52.8106877203018
11.5639880952381,0.993404290127627,1.11125441370817,0.498416684060976,52.8113000281804
11.5640873015873,0.993319483740837,1.11120684051341,0.498178376461746,52.8119122650528
11.5641865079365,0.993234686945204,1.11115925228536,0.497940182688117,52.812524430935
11.5642857142857,0.993149899740984,1.11111164903355,0.497702102683846,52.8131365258429
11.5643849206349,0.993065122128434,1.11106403076749,0.497464136392714,52.8137485497927
11.5644841269841,0.992980354107818,1.1110163974967,0.49722628375853,52.8143605028003
11.5645833333333,0.992895595679402,1.11096874923068,0.496988544725123,52.8149723848816
11.5646825396825,0.992810846843453,1.11092108597893,0.496750919236346,52.8155841960526
11.5647817460317,0.992726107600247,1.11087340775095,0.496513407236088,52.8161959363294
11.564880952381,0.992641377950057,1.11082571455623,0.496276008668249,52.8168076057278
11.5649801587302,0.992556657893164,1.11077800640424,0.496038723476759,52.8174192042639
11.5650793650794,0.992471947429849,1.11073028330448,0.495801551605573,52.8180307319534
11.5651785714286,0.992387246560401,1.11068254526641,0.495564492998669,52.8186421888125
11.5652777777778,0.992302555285107,1.11063479229949,0.495327547600053,52.819253574857
11.565376984127,0.992217873604261,1.11058702441319,0.49509071535375,52.8198648901028
11.5654761904762,0.992133201518159,1.11053924161696,0.494853996203816,52.8204761345659
11.5655753968254,0.992048539027102,1.11049144392025,0.494617390094327,52.8210873082621
11.5656746031746,0.991963886131392,1.1104436313325,0.494380896969385,52.8216984112074
11.5657738095238,0.991879242831336,1.11039580386314,0.494144516773117,52.8223094434177
11.565873015873,0.991794609127244,1.11034796152162,0.493908249449674,52.8229204049087
11.5659722222222,0.99170998501943,1.11030010431734,0.493672094943233,52.8235312956965
11.5660714285714,0.99162537050821,1.11025223225974,0.493436053197993,52.8241421157969
11.5661706349206,0.991540765593904,1.11020434535822,0.493200124158178,52.8247528652257
11.5662698412698,0.991456170276838,1.1101564436222,0.492964307768043,52.8253635439988
11.566369047619,0.991371584557337,1.11010852706107,0.49272860397186,52.8259741521321
11.5664682539683,0.991287008435732,1.11006059568422,0.492493012713927,52.8265846896414
11.5665674603175,0.991202441912358,1.11001264950106,0.492257533938569,52.8271951565424
11.5666666666667,0.99111788498755,1.10996468852096,0.492022167590134,52.8278055528512
11.5667658730159,0.991033337661651,1.1099167127533,0.491786913612994,52.8284158785834
11.5668650793651,0.990948799935004,1.10986872220745,0.491551771951547,52.8290261337549
11.5669642857143,0.990864271807958,1.10982071689278,0.491316742550216,52.8296363183815
11.5670634920635,0.990779753280862,1.10977269681866,0.491081825353448,52.8302464324789
11.5671626984127,0.990695244354071,1.10972466199442,0.490847020305713,52.8308564760631
11.5672619047619,0.990610745027943,1.10967661242943,0.490612327351508,52.8314664491497
11.5673611111111,0.99052625530284,1.10962854813303,0.490377746435353,52.8320763517545
11.5674603174603,0.990441775179126,1.10958046911455,0.490143277501795,52.8326861838934
11.5675595238095,0.990357304657168,1.10953237538332,0.489908920495402,52.833295945582
11.5676587301587,0.990272843737338,1.10948426694867,0.489674675360766,52.8339056368361
11.5677579365079,0.990188392420012,1.10943614381992,0.489440542042513,52.8345152576715
11.5678571428571,0.990103950705568,1.10938800600639,0.489206520485283,52.8351248081039
11.5679563492063,0.990019518594387,1.10933985351737,0.488972610633744,52.8357342881491
11.5680555555556,0.989935096086855,1.10929168636218,0.488738812432591,52.8363436978227
11.5681547619048,0.989850683183359,1.10924350455011,0.48850512582654,52.8369530371405
11.568253968254,0.989766279884292,1.10919530809044,0.488271550760333,52.8375623061182
11.5683531746032,0.989681886190049,1.10914709699247,0.488038087178738,52.8381715047715
11.5684523809524,0.989597502101029,1.10909887126547,0.487804735026546,52.8387806331161
11.5685515873016,0.989513127617633,1.10905063091871,0.487571494248573,52.8393896911676
11.5686507936508,0.989428762740268,1.10900237596147,0.487338364789661,52.8399986789419
11.56875,0.989344407469343,1.10895410640299,0.487105346594673,52.8406075964544
11.5688492063492,0.98926006180527,1.10890582225255,0.486872439608501,52.841216443721
11.5689484126984,0.989175725748464,1.10885752351938,0.486639643776058,52.8418252207572
11.5690476190476,0.989091399299345,1.10880921021273,0.486406959042285,52.8424339275788
11.5691468253968,0.989007082458334,1.10876088234183,0.486174385352142,52.8430425642013
11.569246031746,0.988922775225859,1.10871253991593,0.485941922650623,52.8436511306404
11.5693452380952,0.98883847760235,1.10866418294424,0.485709570882739,52.8442596269118
11.5694444444444,0.988754189588238,1.10861581143599,0.485477329993528,52.844868053031
11.5695436507937,0.98866991118396,1.10856742540038,0.485245199928051,52.8454764090136
11.5696428571429,0.988585642389956,1.10851902484664,0.485013180631395,52.8460846948754
11.5697420634921,0.988501383206668,1.10847060978395,0.484781272048673,52.8466929106318
11.5698412698413,0.988417133634544,1.10842218022152,0.48454947412502,52.8473010562985
11.5699404761905,0.988332893674032,1.10837373616853,0.484317786805598,52.8479091318911
11.5700396825397,0.988248663325587,1.10832527763418,0.484086210035591,52.8485171374251
11.5701388888889,0.988164442589665,1.10827680462764,0.48385474376021,52.8491250729161
11.5702380952381,0.988080231466726,1.10822831715808,0.483623387924689,52.8497329383797
11.5703373015873,0.987996029957234,1.10817981523468,0.483392142474288,52.8503407338314
11.5704365079365,0.987911838061656,1.10813129886658,0.483161007354291,52.8509484592869
11.5705357142857,0.987827655780461,1.10808276806296,0.482929982510006,52.8515561147615
11.5706349206349,0.987743483114123,1.10803422283295,0.482699067886763,52.852163700271
11.5707341269841,0.987659320063121,1.10798566318571,0.482468263429927,52.8527712158307
11.5708333333333,0.987575166627935,1.10793708913036,0.482237569084876,52.8533786614563
11.5709325396825,0.987491022809048,1.10788850067605,0.482006984797018,52.8539860371631
11.5710317460317,0.987406888606948,1.1078398978319,0.481776510511784,52.8545933429669
11.571130952381,0.987322764022125,1.10779128060703,0.481546146174631,52.8552005788829
11.5712301587302,0.987238649055075,1.10774264901055,0.481315891731039,52.8558077449268
11.5713293650794,0.987154543706294,1.10769400305157,0.481085747126514,52.8564148411141
11.5714285714286,0.987070447976284,1.1076453427392,0.480855712306586,52.8570218674601
11.5715277777778,0.986986361865549,1.10759666808253,0.48062578721681,52.8576288239804
11.571626984127,0.986902285374597,1.10754797909065,0.480395971802765,52.8582357106904
11.5717261904762,0.986818218503939,1.10749927577266,0.480166266010056,52.8588425276056
11.5718253968254,0.98673416125409,1.10745055813762,0.47993666978431,52.8594492747415
11.5719246031746,0.986650113625568,1.10740182619462,0.479707183071181,52.8600559521134
11.5720238095238,0.986566075618894,1.10735307995271,0.479477805816348,52.8606625597368
11.572123015873,0.986482047234593,1.10730431942097,0.479248537965509,52.8612690976272
11.5722222222222,0.986398028473195,1.10725554460844,0.479019379464397,52.8618755658
11.5723214285714,0.98631401933523,1.10720675552419,0.478790330258762,52.8624819642705
11.5724206349206,0.986230019821234,1.10715795217724,0.478561390294379,52.8630882930542
11.5725198412698,0.986146029931745,1.10710913457665,0.47833255951705,52.8636945521665
11.572619047619,0.986062049667305,1.10706030273145,0.478103837872599,52.8643007416228
11.5727182539683,0.98597807902846,1.10701145665065,0.477875225306879,52.8649068614384
11.5728174603175,0.985894118015759,1.10696259634329,0.477646721765762,52.8655129116287
11.5729166666667,0.985810166629753,1.10691372181837,0.477418327195149,52.8661188922092
11.5730158730159,0.985726224870998,1.10686483308491,0.477190041540964,52.8667248031951
11.5731150793651,0.985642292740053,1.10681593015191,0.476961864749155,52.8673306446018
11.5732142857143,0.985558370237481,1.10676701302837,0.476733796765696,52.8679364164447
11.5733134920635,0.985474457363847,1.10671808172327,0.476505837536584,52.8685421187391
11.5734126984127,0.985390554119721,1.10666913624561,0.476277987007843,52.8691477515003
11.5735119047619,0.985306660505676,1.10662017660437,0.476050245125519,52.8697533147437
11.5736111111111,0.985222776522286,1.10657120280851,0.47582261183568,52.8703588084845
11.5737103174603,0.985138902170133,1.10652221486701,0.475595087084431,52.8709642327382
11.5738095238095,0.985055037449799,1.10647321278884,0.475367670817888,52.87156958752
11.5739087301587,0.98497118236187,1.10642419658294,0.475140362982197,52.8721748728451
11.5740079365079,0.984887336906936,1.10637516625826,0.47491316352353,52.872780088729
11.5741071428571,0.98480350108559,1.10632612182376,0.474686072388078,52.8733852351868
11.5742063492063,0.984719674898428,1.10627706328837,0.474459089522065,52.8739903122338
11.5743055555556,0.984635858346051,1.10622799066103,0.474232214871732,52.8745953198853
11.5744047619048,0.984552051429062,1.10617890395065,0.474005448383349,52.8752002581567
11.574503968254,0.984468254148068,1.10612980316617,0.473778790003209,52.875805127063
11.5746031746032,0.984384466503678,1.1060806883165,0.47355223967763,52.8764099266196
11.5747023809524,0.984300688496507,1.10603155941055,0.473325797352956,52.8770146568417
11.5748015873016,0.984216920127172,1.10598241645722,0.473099462975552,52.8776193177445
11.5749007936508,0.984133161396292,1.10593325946541,0.472873236491811,52.8782239093433
11.575,0.984049412304492,1.10588408844401,0.472647117848149,52.8788284316533
11.5750992063492,0.983965672852397,1.10583490340191,0.472421106991005,52.8794328846897
11.5751984126984,0.983881943040641,1.105785704348,0.47219520386685,52.8800372684676
11.5752976190476,0.983798222869857,1.10573649129113,0.471969408422171,52.8806415830024
11.5753968253968,0.983714512340682,1.10568726424019,0.471743720603485,52.8812458283091
11.575496031746,0.983630811453757,1.10563802320404,0.471518140357329,52.881850004403
11.5755952380952,0.983547120209726,1.10558876819153,0.471292667630268,52.8824541112992
11.5756944444444,0.983463438609237,1.10553949921151,0.471067302368892,52.8830581490128
11.5757936507937,0.983379766652941,1.10549021627284,0.470842044519813,52.8836621175592
11.5758928571429,0.983296104341492,1.10544091938434,0.47061689402967,52.8842660169533
11.5759920634921,0.983212451675549,1.10539160855486,0.470391850845125,52.8848698472104
11.5760912698413,0.983128808655773,1.10534228379322,0.470166914912865,52.8854736083455
11.5761904761905,0.983045175282828,1.10529294510824,0.469942086179604,52.8860773003739
11.5762896825397,0.982961551557383,1.10524359250874,0.469717364592076,52.8866809233106
11.5763888888889,0.982877937480109,1.10519422600353,0.469492750097044,52.8872844771708
11.5764880952381,0.982794333051682,1.10514484560141,0.469268242641293,52.8878879619695
11.5765873015873,0.982710738272778,1.10509545131119,0.46904384217163,52.8884913777218
11.5766865079365,0.982627153144082,1.10504604314165,0.468819548634897,52.889094724443
11.5767857142857,0.982543577666277,1.10499662110159,0.468595361977949,52.8896980021479
11.5768849206349,0.982460011840052,1.10494718519977,0.468371282147673,52.8903012108518
11.5769841269841,0.9823764556661,1.10489773544499,0.468147309090975,52.8909043505697
11.5770833333333,0.982292909145116,1.104848271846,0.467923442754791,52.8915074213166
11.5771825396825,0.982209372277798,1.10479879441157,0.467699683086078,52.8921104231076
11.5772817460317,0.982125845064849,1.10474930315047,0.467476030031818,52.8927133559578
11.577380952381,0.982042327506975,1.10469979807143,0.467252483539019,52.8933162198822
11.5774801587302,0.981958819604884,1.10465027918321,0.467029043554714,52.8939190148958
11.5775793650794,0.98187532135929,1.10460074649454,0.466805710025958,52.8945217410137
11.5776785714286,0.981791832770907,1.10455120001417,0.466582482899833,52.8951243982508
11.5777777777778,0.981708353840456,1.10450163975081,0.466359362123445,52.8957269866223
11.577876984127,0.981624884568659,1.1044520657132,0.466136347643925,52.8963295061431
11.5779761904762,0.981541424956242,1.10440247791004,0.465913439408427,52.8969319568281
11.5780753968254,0.981457975003934,1.10435287635006,0.465690637364127,52.8975343386925
11.5781746031746,0.981374534712469,1.10430326104194,0.465467941458238,52.8981366517512
11.5782738095238,0.981291104082584,1.1042536319944,0.465245351637984,52.8987388960191
11.578373015873,0.981207683115017,1.10420398921613,0.465022867850619,52.8993410715112
11.5784722222222,0.981124271810513,1.10415433271581,0.464800490043421,52.8999431782425
11.5785714285714,0.981040870169817,1.10410466250212,0.464578218163694,52.900545216228
11.5786706349206,0.98095747819368,1.10405497858374,0.464356052158763,52.9011471854825
11.5787698412698,0.980874095882855,1.10400528096935,0.464133991975982,52.9017490860211
11.578869047619,0.980790723238099,1.1039555696676,0.463912037562728,52.9023509178587
11.5789682539683,0.980707360260172,1.10390584468715,0.463690188866401,52.9029526810101
11.5790674603175,0.980624006949838,1.10385610603665,0.463468445834428,52.9035543754904
11.5791666666667,0.980540663307863,1.10380635372476,0.463246808414259,52.9041560013144
11.5792658730159,0.980457329335019,1.10375658776011,0.463025276553369,52.904757558497
11.5793650793651,0.980374005032079,1.10370680815133,0.462803850199258,52.9053590470531
11.5794642857143,0.980290690399821,1.10365701490706,0.46258252929945,52.9059604669977
11.5795634920635,0.980207385439024,1.10360720803592,0.462361313801492,52.9065618183455
11.5796626984127,0.980124089968644,1.10355738761501,0.462140203675384,52.9071631011795
11.5797619047619,0.980040803799061,1.10350755372413,0.461919198895086,52.9077643155849
11.5798611111111,0.979957526928208,1.10345770637216,0.461698299412936,52.9083654615768
11.5799603174603,0.979874259354036,1.10340784556796,0.461477505181286,52.9089665391699
11.5800595238095,0.979791001074497,1.1033579713204,0.461256816152501,52.9095675483793
11.5801587301587,0.979707752087545,1.10330808363833,0.461036232278965,52.9101684892197
11.5802579365079,0.979624512391133,1.10325818253061,0.460815753513074,52.9107693617062
11.5803571428571,0.979541281983218,1.10320826800609,0.460595379807239,52.9113701658537
11.5804563492063,0.979458060861755,1.10315834007363,0.460375111113889,52.9119709016769
11.5805555555556,0.979374849024705,1.10310839874208,0.460154947385466,52.9125715691909
11.5806547619048,0.979291646470024,1.10305844402026,0.459934888574427,52.9131721684105
11.580753968254,0.979208453195674,1.10300847591703,0.459714934633247,52.9137726993505
11.5808531746032,0.979125269199617,1.10295849444123,0.459495085514412,52.9143731620259
11.5809523809524,0.979042094479815,1.10290849960168,0.459275341170426,52.9149735564515
11.5810515873016,0.978958929034231,1.10285849140721,0.459055701553805,52.9155738826422
11.5811507936508,0.978875772860832,1.10280846986666,0.458836166617089,52.9161741406129
11.58125,0.978792625957585,1.10275843498885,0.458616736312824,52.9167743303784
11.5813492063492,0.978709488322456,1.10270838678259,0.458397410593573,52.9173744519536
11.5814484126984,0.978626359953414,1.10265832525672,0.458178189411916,52.9179745053534
11.5815476190476,0.978543240848429,1.10260825042003,0.457959072720448,52.9185744905925
11.5816468253968,0.978460131005473,1.10255816228135,0.457740060471779,52.9191744076858
11.581746031746,0.978377030422518,1.10250806084947,0.457521152618533,52.9197742566482
11.5818452380952,0.978293939097537,1.10245794613321,0.45730234911335,52.9203740374945
11.5819444444444,0.978210857028505,1.10240781814137,0.457083649908887,52.9209737502395
11.5820436507937,0.978127784213398,1.10235767688274,0.456865054957813,52.9215733948981
11.5821428571429,0.978044720650194,1.10230752236613,0.456646564212815,52.9221729714851
11.5822420634921,0.977961666336871,1.10225735460031,0.456428177626594,52.9227724800152
11.5823412698413,0.977878621271409,1.10220717359408,0.456209895151865,52.9233719205034
11.5824404761905,0.977795585451787,1.10215697935623,0.45599171674136,52.9239712929644
11.5825396825397,0.977712558875988,1.10210677189554,0.455773642347823,52.924570597413
11.5826388888889,0.977629541541996,1.10205655122078,0.455555671924021,52.9251698338641
11.5827380952381,0.977546533447795,1.10200631734074,0.455337805422729,52.9257690023324
11.5828373015873,0.97746353459137,1.10195607026418,0.455120042796738,52.9263681028327
11.5829365079365,0.977380544970709,1.10190580999988,0.454902383998856,52.9269671353798
11.5830357142857,0.977297564583799,1.10185553655659,0.454684828981907,52.9275660999886
11.5831349206349,0.977214593428629,1.10180524994309,0.454467377698726,52.9281649966737
11.5832341269841,0.97713163150319,1.10175495016813,0.454250030102168,52.9287638254499
11.5833333333333,0.977048678805474,1.10170463724047,0.454032786145101,52.9293625863321
11.5834325396825,0.976965735333473,1.10165431116886,0.453815645780408,52.929961279335
11.5835317460317,0.976882801085181,1.10160397196205,0.453598608960988,52.9305599044734
11.583630952381,0.976799876058593,1.10155361962879,0.453381675639754,52.9311584617619
11.5837301587302,0.976716960251706,1.10150325417782,0.453164845769636,52.9317569512155
11.5838293650794,0.976634053662517,1.10145287561788,0.452948119303578,52.9323553728487
11.5839285714286,0.976551156289026,1.10140248395771,0.452731496194539,52.9329537266765
11.5840277777778,0.976468268129231,1.10135207920604,0.452514976395491,52.9335520127134
11.584126984127,0.976385389181135,1.10130166137161,0.452298559859429,52.9341502309744
11.5842261904762,0.97630251944274,1.10125123046313,0.452082246539356,52.934748381474
11.5843253968254,0.976219658912049,1.10120078648934,0.451866036388292,52.935346464227
11.5844246031746,0.976136807587067,1.10115032945896,0.451649929359273,52.9359444792481
11.5845238095238,0.9760539654658,1.10109985938069,0.451433925405348,52.9365424265522
11.584623015873,0.975971132546256,1.10104937626326,0.451218024479585,52.9371403061538
11.5847222222222,0.975888308826442,1.10099888011538,0.451002226535063,52.9377381180677
11.5848214285714,0.975805494304369,1.10094837094576,0.450786531524879,52.9383358623087
11.5849206349206,0.975722688978046,1.10089784876309,0.450570939402145,52.9389335388913
11.5850198412698,0.975639892845487,1.10084731357609,0.450355450119987,52.9395311478304
11.585119047619,0.975557105904704,1.10079676539344,0.450140063631547,52.9401286891406
11.5852182539683,0.975474328153711,1.10074620422385,0.449924779889983,52.9407261628365
11.5853174603175,0.975391559590524,1.100695630076,0.449709598848465,52.941323568933
11.5854166666667,0.975308800213161,1.10064504295859,0.449494520460182,52.9419209074447
11.5855158730159,0.975226050019637,1.1005944428803,0.449279544678334,52.9425181783862
11.5856150793651,0.975143309007975,1.10054382984981,0.449064671456144,52.9431153817722
11.5857142857143,0.975060577176193,1.1004932038758,0.448849900746842,52.9437125176174
11.5858134920635,0.974977854522313,1.10044256496695,0.448635232503677,52.9443095859366
11.5859126984127,0.974895141044358,1.10039191313192,0.448420666679912,52.9449065867442
11.5860119047619,0.974812436740352,1.10034124837939,0.448206203228825,52.9455035200551
11.5861111111111,0.97472974160832,1.10029057071803,0.447991842103711,52.9461003858838
11.5862103174603,0.974647055646289,1.10023988015649,0.447777583257879,52.9466971842449
11.5863095238095,0.974564378852285,1.10018917670343,0.447563426644652,52.9472939151533
11.5864087301587,0.974481711224338,1.10013846036752,0.447349372217371,52.9478905786234
11.5865079365079,0.974399052760478,1.1000877311574,0.44713541992939,52.94848717467
11.5866071428571,0.974316403458736,1.10003698908173,0.446921569734078,52.9490837033076
11.5867063492063,0.974233763317144,1.09998623414914,0.446707821584822,52.9496801645509
11.5868055555556,0.974151132333736,1.09993546636829,0.44649417543502,52.9502765584145
11.5869047619048,0.974068510506547,1.09988468574781,0.44628063123809,52.950872884913
11.587003968254,0.973985897833611,1.09983389229634,0.446067188947457,52.9514691440611
11.5871031746032,0.973903294312968,1.09978308602251,0.445853848516575,52.9520653358734
11.5872023809524,0.973820699942656,1.09973226693496,0.445640609898901,52.9526614603644
11.5873015873016,0.973738114720713,1.09968143504231,0.445427473047912,52.9532575175488
11.5874007936508,0.97365553864518,1.09963059035319,0.445214437917099,52.9538535074412
11.5875,0.9735729717141,1.09957973287621,0.445001504459968,52.9544494300562
11.5875992063492,0.973490413925516,1.09952886261999,0.444788672630042,52.9550452854083
11.5876984126984,0.973407865277472,1.09947797959315,0.444575942380857,52.9556410735122
11.5877976190476,0.973325325768014,1.0994270838043,0.444363313665967,52.9562367943824
11.5878968253968,0.973242795395188,1.09937617526204,0.444150786438938,52.9568324480335
11.587996031746,0.973160274157042,1.09932525397499,0.443938360653353,52.9574280344802
11.5880952380952,0.973077762051626,1.09927431995173,0.44372603626281,52.9580235537368
11.5881944444444,0.97299525907699,1.09922337320088,0.443513813220922,52.9586190058182
11.5882936507937,0.972912765231185,1.09917241373101,0.443301691481318,52.9592143907386
11.5883928571429,0.972830280512264,1.09912144155074,0.443089670997641,52.9598097085129
11.5884920634921,0.972747804918281,1.09907045666863,0.442877751723546,52.9604049591554
11.5885912698413,0.972665338447292,1.09901945909329,0.442665933612713,52.9610001426808
11.5886904761905,0.972582881097353,1.09896844883329,0.442454216618829,52.9615952591036
11.5887896825397,0.972500432866521,1.0989174258972,0.442242600695598,52.9621903084383
11.5888888888889,0.972417993752855,1.09886639029361,0.44203108579674,52.9627852906995
11.5889880952381,0.972335563754416,1.09881534203109,0.441819671875988,52.9633802059017
11.5890873015873,0.972253142869263,1.0987642811182,0.441608358887094,52.9639750540595
11.5891865079365,0.97217073109546,1.09871320756352,0.441397146783821,52.9645698351873
11.5892857142857,0.972088328431071,1.0986621213756,0.441186035519951,52.9651645492997
11.5893849206349,0.972005934874159,1.098611022563,0.440975025049279,52.9657591964111
11.5894841269841,0.971923550422791,1.09855991113428,0.440764115325616,52.9663537765362
11.5895833333333,0.971841175075034,1.09850878709799,0.440553306302787,52.9669482896894
11.5896825396825,0.971758808828957,1.09845765046269,0.440342597934633,52.9675427358852
11.5897817460317,0.971676451682629,1.09840650123691,0.440131990175012,52.9681371151382
11.589880952381,0.97159410363412,1.0983553394292,0.439921482977794,52.9687314274627
11.5899801587302,0.971511764681502,1.0983041650481,0.439711076296864,52.9693256728734
11.5900793650794,0.971429434822849,1.09825297810215,0.439500770086128,52.9699198513846
11.5901785714286,0.971347114056237,1.09820177859988,0.439290564299502,52.9705139630109
11.5902777777778,0.971264802379738,1.09815056654983,0.439080458890917,52.9711080077668
11.590376984127,0.971182499791432,1.0980993419605,0.438870453814321,52.9717019856667
11.5904761904762,0.971100206289395,1.09804810484044,0.438660549023678,52.9722958967251
11.5905753968254,0.971017921871706,1.09799685519817,0.438450744472964,52.9728897409564
11.5906746031746,0.970935646536447,1.09794559304219,0.438241040116172,52.9734835183752
11.5907738095238,0.970853380281698,1.09789431838102,0.438031435907312,52.9740772289958
11.590873015873,0.970771123105543,1.09784303122318,0.437821931800407,52.9746708728328
11.5909722222222,0.970688875006064,1.09779173157717,0.437612527749495,52.9752644499006
11.5910714285714,0.970606635981349,1.09774041945149,0.437403223708631,52.9758579602135
11.5911706349206,0.970524406029482,1.09768909485465,0.437194019631883,52.9764514037862
11.5912698412698,0.970442185148551,1.09763775779515,0.436984915473337,52.9770447806329
11.591369047619,0.970359973336646,1.09758640828147,0.43677591118709,52.9776380907682
11.5914682539683,0.970277770591854,1.09753504632212,0.436567006727256,52.9782313342065
11.5915674603175,0.97019557691227,1.09748367192557,0.43635820204797,52.9788245109621
11.5916666666667,0.970113392295984,1.09743228510032,0.436149497103374,52.9794176210495
11.5917658730159,0.970031216741091,1.09738088585484,0.435940891847629,52.9800106644832
11.5918650793651,0.969949050245684,1.09732947419761,0.43573238623491,52.9806036412774
11.5919642857143,0.96986689280786,1.09727805013712,0.435523980219407,52.9811965514468
11.5920634920635,0.969784744425717,1.09722661368182,0.435315673755328,52.9817893950055
11.5921626984127,0.969702605097351,1.0971751648402,0.435107466796893,52.9823821719681
11.5922619047619,0.969620474820864,1.09712370362071,0.434899359298338,52.9829748823489
11.5923611111111,0.969538353594355,1.09707223003182,0.434691351213915,52.9835675261624
11.5924603174603,0.969456241415926,1.09702074408198,0.434483442497891,52.9841601034228
11.5925595238095,0.969374138283682,1.09696924577966,0.434275633104547,52.9847526141447
11.5926587301587,0.969292044195725,1.0969177351333,0.434067922988181,52.9853450583423
11.5927579365079,0.969209959150162,1.09686621215135,0.433860312103106,52.98593743603
11.5928571428571,0.9691278831451,1.09681467684227,0.433652800403648,52.9865297472223
11.5929563492064,0.969045816178644,1.09676312921449,0.433445387844148,52.9871219919334
11.5930555555556,0.968963758248908,1.09671156927645,0.433238074378969,52.9877141701778
11.5931547619048,0.968881709353999,1.09665999703659,0.433030859962481,52.9883062819697
11.593253968254,0.968799669492029,1.09660841250335,0.432823744549074,52.9888983273236
11.5933531746032,0.968717638661112,1.09655681568515,0.432616728093151,52.9894903062538
11.5934523809524,0.968635616859361,1.09650520659041,0.432409810549129,52.9900822187746
11.5935515873016,0.968553604084891,1.09645358522757,0.432202991871444,52.9906740649003
11.5936507936508,0.968471600335818,1.09640195160505,0.431996272014545,52.9912658446454
11.59375,0.96838960561026,1.09635030573125,0.431789650932895,52.9918575580242
11.5938492063492,0.968307619906337,1.0962986476146,0.431583128580975,52.9924492050509
11.5939484126984,0.968225643222167,1.0962469772635,0.43137670491328,52.9930407857398
11.5940476190476,0.968143675555872,1.09619529468636,0.431170379884318,52.9936323001054
11.5941468253968,0.968061716905574,1.0961435998916,0.430964153448616,52.9942237481619
11.594246031746,0.967979767269397,1.09609189288759,0.430758025560714,52.9948151299237
11.5943452380952,0.967897826645466,1.09604017368276,0.430551996175167,52.9954064454049
11.5944444444444,0.967815895031905,1.09598844228548,0.430346065246543,52.9959976946201
11.5945436507937,0.967733972426844,1.09593669870415,0.430140232729435,52.9965888775833
11.5946428571429,0.96765205882841,1.09588494294717,0.42993449857844,52.997179994309
11.5947420634921,0.967570154234732,1.0958331750229,0.429728862748174,52.9977710448114
11.5948412698413,0.967488258643941,1.09578139493974,0.42952332519327,52.9983620291048
11.5949404761905,0.96740637205417,1.09572960270607,0.429317885868374,52.9989529472034
11.5950396825397,0.967324494463551,1.09567779833025,0.429112544728149,52.9995437991217
11.5951388888889,0.967242625870218,1.09562598182066,0.42890730172727,53.0001345848738
11.5952380952381,0.967160766272308,1.09557415318567,0.428702156820432,53.0007253044739
11.5953373015873,0.967078915667957,1.09552231243365,0.428497109962341,53.0013159579365
11.5954365079365,0.966997074055303,1.09547045957295,0.42829216110772,53.0019065452756
11.5955357142857,0.966915241432484,1.09541859461194,0.428087310211307,53.0024970665057
11.5956349206349,0.966833417797642,1.09536671755897,0.427882557227856,53.0030875216408
11.5957341269841,0.966751603148918,1.09531482842239,0.427677902112134,53.0036779106954
11.5958333333333,0.966669797484454,1.09526292721055,0.427473344818926,53.0042682336835
11.5959325396825,0.966588000802394,1.0952110139318,0.427268885303028,53.0048584906195
11.5960317460317,0.966506213100884,1.09515908859449,0.427064523519258,53.0054486815177
11.596130952381,0.966424434378071,1.09510715120694,0.426860259422444,53.0060388063921
11.5962301587302,0.966342664632101,1.0950552017775,0.42665609296743,53.0066288652571
11.5963293650794,0.966260903861123,1.0950032403145,0.426452024109075,53.0072188581268
11.5964285714286,0.966179152063288,1.09495126682628,0.426248052802254,53.0078087850156
11.5965277777778,0.966097409236746,1.09489928132114,0.426044179001858,53.0083986459375
11.596626984127,0.966015675379649,1.09484728380743,0.425840402662792,53.0089884409068
11.5967261904762,0.965933950490152,1.09479527429346,0.425636723739975,53.0095781699378
11.5968253968254,0.965852234566408,1.09474325278755,0.425433142188345,53.0101678330446
11.5969246031746,0.965770527606575,1.09469121929801,0.42522965796285,53.0107574302414
11.5970238095238,0.965688829608808,1.09463917383314,0.425026271018458,53.0113469615424
11.597123015873,0.965607140571267,1.09458711640127,0.42482298131015,53.0119364269618
11.5972222222222,0.96552546049211,1.09453504701069,0.424619788792922,53.0125258265138
11.5973214285714,0.965443789369499,1.0944829656697,0.424416693421786,53.0131151602125
11.5974206349206,0.965362127201595,1.09443087238661,0.424213695151766,53.0137044280721
11.5975198412698,0.965280473986562,1.0943787671697,0.424010793937909,53.0142936301069
11.597619047619,0.965198829722564,1.09432665002726,0.42380798973527,53.0148827663309
11.5977182539683,0.965117194407766,1.09427452096759,0.423605282498921,53.0154718367584
11.5978174603175,0.965035568040336,1.09422237999897,0.423402672183951,53.0160608414035
11.5979166666667,0.96495395061844,1.09417022712968,0.423200158745461,53.0166497802803
11.5980158730159,0.964872342140249,1.09411806236799,0.42299774213857,53.017238653403
11.5981150793651,0.964790742603932,1.09406588572219,0.422795422318411,53.0178274607857
11.5982142857143,0.964709152007662,1.09401369720054,0.422593199240133,53.0184162024426
11.5983134920635,0.96462757034961,1.09396149681132,0.422391072858899,53.0190048783879
11.5984126984127,0.964545997627951,1.09390928456279,0.422189043129888,53.0195934886356
11.5985119047619,0.96446443384086,1.0938570604632,0.421987110008295,53.0201820331999
11.5986111111111,0.964382878986513,1.09380482452083,0.421785273449328,53.0207705120949
11.5987103174603,0.964301333063088,1.09375257674392,0.421583533408211,53.0213589253347
11.5988095238095,0.964219796068762,1.09370031714073,0.421381889840185,53.0219472729335
11.5989087301587,0.964138268001717,1.0936480457195,0.421180342700502,53.0225355549053
11.5990079365079,0.964056748860133,1.09359576248848,0.420978891944437,53.0231237712643
11.5991071428571,0.963975238642194,1.09354346745593,0.420777537527273,53.0237119220246
11.5992063492063,0.963893737346081,1.09349116063006,0.42057627940431,53.0243000072003
11.5993055555556,0.963812244969981,1.09343884201912,0.420375117530864,53.0248880268054
11.5994047619048,0.963730761512078,1.09338651163135,0.420174051862265,53.0254759808541
11.599503968254,0.963649286970561,1.09333416947497,0.41997308235386,53.0260638693604
11.5996031746032,0.963567821343617,1.09328181555821,0.419772208961011,53.0266516923385
11.5997023809524,0.963486364629435,1.09322944988929,0.419571431639093,53.0272394498023
11.5998015873016,0.963404916826208,1.09317707247644,0.419370750343498,53.0278271417661
11.5999007936508,0.963323477932125,1.09312468332786,0.419170165029633,53.0284147682438
11.6,0.963242047945382,1.09307228245178,0.41896967565292,53.0290023292495
11.6000992063492,0.963160626864171,1.0930198698564,0.418769282168797,53.0295898247973
11.6001984126984,0.963079214686688,1.09296744554993,0.418568984532716,53.0301772549013
11.6002976190476,0.962997811411131,1.09291500954057,0.418368782700144,53.0307646195754
11.6003968253968,0.962916417035695,1.09286256183653,0.418168676626562,53.0313519188338
11.600496031746,0.962835031558583,1.092810102446,0.417968666267474,53.0319391526905
11.6005952380952,0.962753654977993,1.09275763137717,0.417768751578389,53.0325263211595
11.6006944444444,0.962672287292128,1.09270514863825,0.417568932514837,53.0331134242548
11.6007936507937,0.962590928499188,1.09265265423741,0.41736920903236,53.0337004619906
11.6008928571429,0.96250957859738,1.09260014818283,0.417169581086519,53.0342874343808
11.6009920634921,0.962428237584907,1.09254763048271,0.416970048632887,53.0348743414394
11.6010912698413,0.962346905459976,1.09249510114522,0.416770611627053,53.0354611831805
11.6011904761905,0.962265582220795,1.09244256017853,0.416571270024622,53.0360479596181
11.6012896825397,0.962184267865571,1.09239000759081,0.416372023781213,53.0366346707662
11.6013888888889,0.962102962392516,1.09233744339024,0.416172872852462,53.0372213166388
11.6014880952381,0.96202166579984,1.09228486758498,0.415973817194018,53.0378078972499
11.6015873015873,0.961940378085756,1.09223228018318,0.415774856761547,53.0383944126136
11.6016865079365,0.961859099248477,1.09217968119302,0.41557599151073,53.0389808627437
11.6017857142857,0.961777829286217,1.09212707062264,0.415377221397262,53.0395672476543
11.6018849206349,0.961696568197192,1.09207444848019,0.41517854637685,53.0401535673594
11.6019841269841,0.961615315979621,1.09202181477383,0.414979966405228,53.040739821873
11.6020833333333,0.961534072631721,1.0919691695117,0.414781481438133,53.041326011209
11.6021825396825,0.961452838151711,1.09191651270194,0.414583091431322,53.0419121353814
11.6022817460317,0.961371612537812,1.0918638443527,0.414384796340567,53.0424981944042
11.602380952381,0.961290395788247,1.0918111644721,0.414186596121654,53.0430841882913
11.6024801587302,0.961209187901238,1.09175847306829,0.413988490730386,53.0436701170568
11.6025793650794,0.96112798887501,1.09170577014939,0.413790480122579,53.0442559807145
11.6026785714286,0.961046798707787,1.09165305572352,0.413592564254067,53.0448417792784
11.6027777777778,0.960965617397798,1.09160032979881,0.413394743080698,53.0454275127625
11.602876984127,0.960884444943269,1.09154759238339,0.413197016558333,53.0460131811807
11.6029761904762,0.96080328134243,1.09149484348536,0.412999384642852,53.046598784547
11.6030753968254,0.96072212659351,1.09144208311284,0.412801847290148,53.0471843228753
11.6031746031746,0.960640980694743,1.09138931127394,0.412604404456128,53.0477697961794
11.6032738095238,0.960559843644359,1.09133652797677,0.412407056096717,53.0483552044735
11.603373015873,0.960478715440593,1.09128373322943,0.412209802167852,53.0489405477713
11.6034722222222,0.960397596081681,1.09123092704002,0.412012642625491,53.0495258260867
11.6035714285714,0.960316485565859,1.09117810941664,0.411815577425601,53.0501110394338
11.6036706349206,0.960235383891363,1.09112528036738,0.411618606524167,53.0506961878264
11.6037698412698,0.960154291056433,1.09107243990033,0.411421729877189,53.0512812712784
11.603869047619,0.960073207059309,1.09101958802359,0.411224947440681,53.0518662898038
11.6039682539683,0.959992131898232,1.09096672474523,0.411028259170674,53.0524512434164
11.6040674603175,0.959911065571444,1.09091385007333,0.410831665023213,53.0530361321301
11.6041666666667,0.959830008077188,1.09086096401598,0.410635164954358,53.0536209559587
11.6042658730159,0.959748959413709,1.09080806658125,0.410438758920185,53.0542057149163
11.6043650793651,0.959667919579254,1.09075515777721,0.410242446876786,53.0547904090167
11.6044642857143,0.959586888572068,1.09070223761193,0.410046228780266,53.0553750382737
11.6045634920635,0.959505866390401,1.09064930609347,0.409850104586746,53.0559596027012
11.6046626984127,0.959424853032502,1.0905963632299,0.409654074252364,53.0565441023131
11.6047619047619,0.959343848496622,1.09054340902926,0.409458137733271,53.0571285371233
11.6048611111111,0.959262852781011,1.09049044349963,0.409262294985631,53.0577129071456
11.6049603174603,0.959181865883925,1.09043746664905,0.409066545965632,53.0582972123939
11.6050595238095,0.959100887803617,1.09038447848557,0.408870890629469,53.0588814528819
11.6051587301587,0.959019918538342,1.09033147901723,0.408675328933353,53.0594656286237
11.6052579365079,0.958938958086358,1.09027846825208,0.408479860833514,53.060049739633
11.6053571428571,0.958858006445921,1.09022544619815,0.408284486286193,53.0606337859236
11.6054563492063,0.958777063615291,1.09017241286349,0.408089205247649,53.0612177675094
11.6055555555556,0.958696129592729,1.09011936825612,0.407894017674155,53.0618016844042
11.6056547619048,0.958615204376496,1.09006631238408,0.407698923522,53.0623855366219
11.605753968254,0.958534287964854,1.09001324525539,0.407503922747488,53.0629693241762
11.6058531746032,0.958453380356067,1.08996016687807,0.407309015306937,53.0635530470811
11.6059523809524,0.958372481548401,1.08990707726014,0.407114201156682,53.0641367053502
11.6060515873016,0.958291591540122,1.08985397640962,0.406919480253073,53.0647202989975
11.6061507936508,0.958210710329497,1.08980086433453,0.406724852552473,53.0653038280366
11.60625,0.958129837914796,1.08974774104286,0.406530318011262,53.0658872924815
11.6063492063492,0.958048974294285,1.08969460654264,0.406335876585834,53.0664706923459
11.6064484126984,0.95796811946624,1.08964146084186,0.406141528232602,53.0670540276436
11.6065476190476,0.957887273428931,1.08958830394852,0.405947272907991,53.0676372983884
11.6066468253968,0.957806436180632,1.08953513587063,0.405753110568441,53.0682205045941
11.606746031746,0.957725607719617,1.08948195661616,0.405559041170406,53.0688036462744
11.6068452380952,0.957644788044162,1.08942876619313,0.40536506467036,53.0693867234432
11.6069444444444,0.957563977152545,1.0893755646095,0.405171181024787,53.0699697361142
11.6070436507937,0.957483175043043,1.08932235187327,0.404977390190189,53.0705526843011
11.6071428571429,0.957402381713936,1.08926912799242,0.404783692123082,53.0711355680179
11.6072420634921,0.957321597163506,1.08921589297492,0.404590086779999,53.0717183872781
11.6073412698413,0.957240821390032,1.08916264682875,0.404396574117486,53.0723011420955
11.6074404761905,0.9571600543918,1.08910938956189,0.404203154092106,53.072883832484
11.6075396825397,0.957079296167092,1.08905612118229,0.404009826660436,53.0734664584572
11.6076388888889,0.956998546714195,1.08900284169792,0.403816591779068,53.0740490200289
11.6077380952381,0.956917806031395,1.08894955111675,0.403623449404611,53.0746315172129
11.6078373015873,0.956837074116979,1.08889624944674,0.403430399493684,53.0752139500228
11.6079365079365,0.956756350969238,1.08884293669583,0.403237442002932,53.0757963184724
11.6080357142857,0.956675636586462,1.08878961287198,0.403044576889004,53.0763786225755
11.6081349206349,0.956594930966941,1.08873627798314,0.402851804108571,53.0769608623457
11.6082341269841,0.956514234108969,1.08868293203726,0.402659123618314,53.0775430377967
11.6083333333333,0.956433546010839,1.08862957504227,0.402466535374934,53.0781251489424
11.6084325396825,0.956352866670847,1.08857620700611,0.402274039335145,53.0787071957963
11.6085317460317,0.956272196087289,1.08852282793673,0.402081635455676,53.0792891783722
11.608630952381,0.956191534258461,1.08846943784205,0.401889323693271,53.0798710966838
11.6087301587302,0.956110881182664,1.08841603673001,0.401697104004691,53.0804529507448
11.6088293650794,0.956030236858196,1.08836262460852,0.40150497634671,53.0810347405688
11.6089285714286,0.955949601283359,1.08830920148552,0.40131294067612,53.0816164661696
11.6090277777778,0.955868974456456,1.08825576736891,0.401120996949724,53.0821981275609
11.609126984127,0.955788356375788,1.08820232226662,0.400929145124344,53.0827797247563
11.6092261904762,0.955707747039662,1.08814886618657,0.400737385156815,53.0833612577695
11.6093253968254,0.955627146446382,1.08809539913665,0.400545717003987,53.0839427266142
11.6094246031746,0.955546554594258,1.08804192112478,0.40035414062273,53.0845241313041
11.6095238095238,0.955465971481596,1.08798843215886,0.400162655969924,53.0851054718527
11.609623015873,0.955385397106705,1.0879349322468,0.399971263002464,53.0856867482738
11.6097222222222,0.955304831467897,1.08788142139647,0.399779961677263,53.086267960581
11.6098214285714,0.955224274563484,1.08782789961579,0.399588751951248,53.086849108788
11.6099206349206,0.955143726391778,1.08777436691265,0.399397633781361,53.0874301929084
11.6100198412698,0.955063186951094,1.08772082329492,0.399206607124559,53.0880112129559
11.610119047619,0.954982656239747,1.08766726877049,0.399015671937815,53.088592168944
11.6102182539683,0.954902134256054,1.08761370334725,0.398824828178117,53.0891730608865
11.6103174603175,0.954821620998333,1.08756012703307,0.398634075802469,53.089753888797
11.6104166666667,0.954741116464903,1.08750653983582,0.398443414767887,53.090334652689
11.6105158730159,0.954660620654083,1.08745294176338,0.398252845031407,53.0909153525762
11.6106150793651,0.954580133564196,1.08739933282362,0.398062366550075,53.0914959884722
11.6107142857143,0.954499655193565,1.08734571302439,0.397871979280957,53.0920765603907
11.6108134920635,0.954419185540511,1.08729208237356,0.397681683181128,53.0926570683452
11.6109126984127,0.954338724603363,1.087238440879,0.397491478207688,53.0932375123494
11.6110119047619,0.954258272380445,1.08718478854854,0.397301364317745,53.0938178924167
11.6111111111111,0.954177828870085,1.08713112539006,0.397111341468422,53.094398208561
11.6112103174603,0.954097394070611,1.08707745141138,0.396921409616859,53.0949784607956
11.6113095238095,0.954016967980354,1.08702376662037,0.396731568720212,53.0955586491343
11.6114087301587,0.953936550597644,1.08697007102485,0.39654181873565,53.0961387735906
11.6115079365079,0.953856141920814,1.08691636463268,0.39635215962036,53.096718834178
11.6116071428571,0.953775741948197,1.08686264745168,0.396162591331542,53.0972988309102
11.6117063492063,0.953695350678128,1.08680891948969,0.395973113826411,53.0978787638007
11.6118055555556,0.953614968108942,1.08675518075453,0.395783727062199,53.0984586328631
11.6119047619048,0.953534594238977,1.08670143125404,0.395594430996153,53.099038438111
11.612003968254,0.953454229066572,1.08664767099603,0.395405225585533,53.0996181795578
11.6121031746032,0.953373872590064,1.08659389998833,0.395216110787616,53.1001978572173
11.6122023809524,0.953293524807796,1.08654011823875,0.395027086559694,53.1007774711028
11.6123015873016,0.953213185718107,1.0864863257551,0.394838152859072,53.101357021228
11.6124007936508,0.953132855319344,1.08643252254519,0.394649309643076,53.1019365076064
11.6125,0.953052533609848,1.08637870861684,0.394460556869043,53.1025159302515
11.6125992063492,0.952972220587967,1.08632488397784,0.394271894494325,53.1030952891768
11.6126984126984,0.952891916252046,1.08627104863599,0.394083322476288,53.103674584396
11.6127976190476,0.952811620600433,1.08621720259909,0.393894840772318,53.1042538159225
11.6128968253968,0.952731333631477,1.08616334587494,0.393706449339811,53.1048329837698
11.612996031746,0.952651055343529,1.08610947847131,0.393518148136182,53.1054120879515
11.6130952380952,0.952570785734939,1.08605560039601,0.393329937118858,53.105991128481
11.6131944444444,0.952490524804061,1.08600171165682,0.393141816245285,53.1065701053719
11.6132936507937,0.952410272549249,1.08594781226151,0.39295378547292,53.1071490186377
11.6133928571429,0.952330028968857,1.08589390221786,0.392765844759239,53.1077278682919
11.6134920634921,0.952249794061242,1.08583998153365,0.392577994061731,53.1083066543479
11.6135912698413,0.952169567824761,1.08578605021665,0.3923902333379,53.1088853768192
11.6136904761905,0.952089350257773,1.08573210827462,0.392202562545267,53.1094640357195
11.6137896825397,0.952009141358637,1.08567815571533,0.392014981641363,53.110042631062
11.6138888888889,0.951928941125715,1.08562419254654,0.391827490583745,53.1106211628603
11.6139880952381,0.95184874955737,1.08557021877602,0.391640089329975,53.111199631128
11.6140873015873,0.951768566651964,1.0855162344115,0.391452777837634,53.1117780358783
11.6141865079365,0.951688392407861,1.08546223946076,0.391265556064318,53.1123563771249
11.6142857142857,0.951608226823429,1.08540823393152,0.391078423967638,53.1129346548811
11.6143849206349,0.951528069897034,1.08535421783155,0.39089138150522,53.1135128691605
11.6144841269841,0.951447921627044,1.08530019116857,0.390704428634706,53.1140910199765
11.6145833333333,0.951367782011828,1.08524615395034,0.390517565313753,53.1146691073425
11.6146825396825,0.951287651049758,1.08519210618458,0.390330791500032,53.1152471312719
11.6147817460317,0.951207528739205,1.08513804787903,0.39014410715123,53.1158250917783
11.614880952381,0.951127415078542,1.08508397904141,0.389957512225051,53.116402988875
11.6149801587302,0.951047310066144,1.08502989967946,0.389771006679211,53.1169808225755
11.6150793650794,0.950967213700385,1.08497580980089,0.389584590471443,53.1175585928932
11.6151785714286,0.950887125979643,1.08492170941342,0.389398263559495,53.1181362998415
11.6152777777778,0.950807046902294,1.08486759852477,0.389212025901127,53.1187139434339
11.615376984127,0.95072697646672,1.08481347714266,0.389025877454124,53.1192915236838
11.6154761904762,0.950646914671299,1.08475934527478,0.388839818176275,53.1198690406045
11.6155753968254,0.950566861514413,1.08470520292886,0.388653848025391,53.1204464942095
11.6156746031746,0.950486816994445,1.08465105011258,0.388467966959294,53.1210238845122
11.6157738095238,0.950406781109779,1.08459688683366,0.388282174935823,53.121601211526
11.615873015873,0.950326753858799,1.08454271309979,0.388096471912834,53.1221784752642
11.6159722222222,0.950246735239891,1.08448852891865,0.387910857848196,53.1227556757403
11.6160714285714,0.950166725251444,1.08443433429795,0.387725332699793,53.1233328129677
11.6161706349206,0.950086723891846,1.08438012924536,0.387539896425525,53.1239098869596
11.6162698412698,0.950006731159487,1.08432591376858,0.387354548983308,53.1244868977296
11.616369047619,0.949926747052757,1.08427168787528,0.387169290331071,53.125063845291
11.6164682539683,0.949846771570049,1.08421745157314,0.386984120426761,53.1256407296571
11.6165674603175,0.949766804709757,1.08416320486983,0.386799039228338,53.1262175508414
11.6166666666667,0.949686846470275,1.08410894777303,0.386614046693778,53.1267943088571
11.6167658730159,0.949606896849997,1.0840546802904,0.386429142781069,53.1273710037176
11.6168650793651,0.949526955847324,1.0840004024296,0.386244327448224,53.1279476354363
11.6169642857143,0.949447023460652,1.0839461141983,0.38605960065326,53.1285242040265
11.6170634920635,0.94936709968838,1.08389181560416,0.385874962354216,53.1291007095017
11.6171626984127,0.949287184528909,1.08383750665483,0.385690412509142,53.129677151875
11.6172619047619,0.949207277980642,1.08378318735796,0.385505951076106,53.1302535311598
11.6173611111111,0.94912738004198,1.0837288577212,0.385321578013191,53.1308298473696
11.6174603174603,0.949047490711329,1.08367451775219,0.385137293278493,53.1314061005175
11.6175595238095,0.948967609987093,1.08362016745858,0.384953096830126,53.131982290617
11.6176587301587,0.94888773786768,1.083565806848,0.384768988626217,53.1325584176813
11.6177579365079,0.948807874351497,1.08351143592809,0.38458496862491,53.1331344817237
11.6178571428571,0.948728019436953,1.08345705470649,0.384401036784363,53.1337104827577
11.6179563492063,0.948648173122459,1.08340266319081,0.38421719306275,53.1342864207964
11.6180555555556,0.948568335406425,1.08334826138869,0.38403343741826,53.1348622958531
11.6181547619048,0.948488506287265,1.08329384930775,0.383849769809095,53.1354381079412
11.618253968254,0.948408685763391,1.08323942695561,0.383666190193474,53.1360138570741
11.6183531746032,0.948328873833221,1.08318499433988,0.383482698529635,53.1365895432648
11.6184523809524,0.948249070495169,1.08313055146818,0.383299294775826,53.1371651665268
11.6185515873016,0.948169275747653,1.08307609834811,0.38311597889031,53.1377407268733
11.6186507936508,0.948089489589092,1.08302163498729,0.382932750831369,53.1383162243175
11.61875,0.948009712017905,1.0829671613933,0.382749610557298,53.1388916588729
11.6188492063492,0.947929943032513,1.08291267757377,0.382566558026406,53.1394670305526
11.6189484126984,0.947850182631339,1.08285818353627,0.38238359319702,53.1400423393698
11.6190476190476,0.947770430812807,1.08280367928841,0.38220071602748,53.140617585338
11.6191468253968,0.94769068757534,1.08274916483777,0.382017926476142,53.1411927684702
11.619246031746,0.947610952917364,1.08269464019194,0.381835224501377,53.1417678887798
11.6193452380952,0.947531226837307,1.08264010535851,0.381652610061572,53.14234294628
11.6194444444444,0.947451509333597,1.08258556034505,0.381470083115128,53.142917940984
11.6195436507937,0.947371800404663,1.08253100515914,0.381287643620463,53.1434928729051
11.6196428571429,0.947292100048936,1.08247643980836,0.381105291536007,53.1440677420565
11.6197420634921,0.947212408264847,1.08242186430028,0.380923026820209,53.1446425484515
11.6198412698413,0.947132725050829,1.08236727864246,0.380740849431528,53.1452172921033
11.6199404761905,0.947053050405318,1.08231268284246,0.380558759328447,53.145791973025
11.6200396825397,0.946973384326748,1.08225807690786,0.380376756469455,53.14636659123
11.6201388888889,0.946893726813557,1.0822034608462,0.380194840813062,53.1469411467314
11.6202380952381,0.94681407786418,1.08214883466504,0.38001301231779,53.1475156395424
11.6203373015873,0.946734437477059,1.08209419837194,0.379831270942178,53.1480900696763
11.6204365079365,0.946654805650632,1.08203955197444,0.379649616644779,53.1486644371462
11.6205357142857,0.946575182383342,1.08198489548008,0.379468049384162,53.1492387419653
11.6206349206349,0.946495567673631,1.0819302288964,0.379286569118911,53.1498129841469
11.6207341269841,0.946415961519942,1.08187555223096,0.379105175807626,53.1503871637041
11.6208333333333,0.946336363920722,1.08182086549127,0.37892386940892,53.1509612806501
11.6209325396825,0.946256774874415,1.08176616868487,0.378742649881424,53.151535334998
11.6210317460317,0.94617719437947,1.0817114618193,0.378561517183781,53.1521093267611
11.621130952381,0.946097622434335,1.08165674490207,0.378380471274653,53.1526832559526
11.6212301587302,0.946018059037459,1.08160201794071,0.378199512112714,53.1532571225855
11.6213293650794,0.945938504187294,1.08154728094273,0.378018639656653,53.1538309266731
11.6214285714286,0.945858957882292,1.08149253391566,0.377837853865179,53.1544046682284
11.6215277777778,0.945779420120907,1.081437776867,0.377657154697012,53.1549783472648
11.621626984127,0.945699890901593,1.08138300980427,0.377476542110887,53.1555519637952
11.6217261904762,0.945620370222806,1.08132823273497,0.377296016065555,53.156125517833
11.6218253968254,0.945540858083003,1.0812734456666,0.377115576519783,53.1566990093911
11.6219246031746,0.945461354480642,1.08121864860666,0.376935223432353,53.1572724384827
11.6220238095238,0.945381859414183,1.08116384156266,0.376754956762061,53.1578458051211
11.622123015873,0.945302372882085,1.08110902454207,0.376574776467719,53.1584191093192
11.6222222222222,0.945222894882812,1.0810541975524,0.376394682508155,53.1589923510903
11.6223214285714,0.945143425414825,1.08099936060113,0.376214674842212,53.1595655304474
11.6224206349206,0.94506396447659,1.08094451369574,0.376034753428746,53.1601386474036
11.6225198412698,0.944984512066571,1.08088965684371,0.37585491822663,53.1607117019722
11.622619047619,0.944905068183235,1.08083479005252,0.375675169194753,53.1612846941661
11.6227182539683,0.944825632825051,1.08077991332964,0.375495506292018,53.1618576239985
11.6228174603175,0.944746205990485,1.08072502668255,0.37531592947734,53.1624304914825
11.6229166666667,0.94466678767801,1.08067013011871,0.375136438709659,53.1630032966312
11.6230158730159,0.944587377886097,1.08061522364558,0.374957033947921,53.1635760394576
11.6231150793651,0.944507976613218,1.08056030727063,0.374777715151089,53.1641487199749
11.6232142857143,0.944428583857847,1.08050538100131,0.374598482278144,53.1647213381962
11.6233134920635,0.944349199618459,1.08045044484508,0.374419335288079,53.1652938941344
11.6234126984127,0.94426982389353,1.08039549880939,0.374240274139904,53.1658663878028
11.6235119047619,0.944190456681538,1.08034054290168,0.374061298792644,53.1664388192143
11.6236111111111,0.94411109798096,1.0802855771294,0.373882409205339,53.167011188382
11.6237103174603,0.944031747790278,1.0802306015,0.373703605337044,53.1675834953191
11.6238095238095,0.943952406107972,1.08017561602091,0.37352488714683,53.1681557400385
11.6239087301587,0.943873072932524,1.08012062069956,0.373346254593783,53.1687279225532
11.6240079365079,0.943793748262417,1.08006561554339,0.373167707637003,53.1693000428765
11.6241071428571,0.943714432096137,1.08001060055983,0.372989246235606,53.1698721010212
11.6242063492063,0.943635124432168,1.0799555757563,0.372810870348724,53.1704440970005
11.6243055555556,0.943555825268998,1.07990054114022,0.3726325799355,53.1710160308273
11.6244047619048,0.943476534605116,1.07984549671901,0.372454374955102,53.1715879025148
11.624503968254,0.94339725243901,1.07979044250009,0.372276255366703,53.1721597120758
11.6246031746032,0.943317978769171,1.07973537849087,0.372098221129496,53.1727314595236
11.6247023809524,0.943238713594091,1.07968030469875,0.371920272202688,53.173303144871
11.6248015873016,0.943159456912263,1.07962522113116,0.371742408545502,53.173874768131
11.6249007936508,0.943080208722182,1.07957012779548,0.371564630117174,53.1744463293168
11.625,0.943000969022341,1.07951502469911,0.371386936876958,53.1750178284413
11.6250992063492,0.942921737811239,1.07945991184946,0.371209328784123,53.1755892655176
11.6251984126984,0.942842515087373,1.07940478925392,0.371031805797951,53.1761606405585
11.6252976190476,0.942763300849242,1.07934965691987,0.37085436787774,53.1767319535771
11.6253968253968,0.942684095095345,1.0792945148547,0.370677014982805,53.1773032045864
11.625496031746,0.942604897824185,1.0792393630658,0.370499747072475,53.1778743935994
11.6255952380952,0.942525709034265,1.07918420156054,0.370322564106093,53.1784455206291
11.6256944444444,0.942446528724087,1.07912903034631,0.370145466043019,53.1790165856884
11.6257936507937,0.942367356892155,1.07907384943047,0.369968452842624,53.1795875887903
11.6258928571429,0.942288193536979,1.0790186588204,0.369791524464304,53.1801585299478
11.6259920634921,0.942209038657065,1.07896345852346,0.369614680867461,53.1807294091738
11.6260912698413,0.94212989225092,1.07890824854702,0.369437922011514,53.1813002264814
11.6261904761905,0.942050754317055,1.07885302889843,0.3692612478559,53.1818709818834
11.6262896825397,0.941971624853981,1.07879779958506,0.369084658360069,53.1824416753928
11.6263888888889,0.94189250386021,1.07874256061426,0.368908153483486,53.1830123070226
11.6264880952381,0.941813391334255,1.07868731199338,0.368731733185633,53.1835828767857
11.6265873015873,0.941734287274631,1.07863205372977,0.368555397426004,53.1841533846951
11.6266865079365,0.941655191679854,1.07857678583077,0.368379146164113,53.1847238307636
11.6267857142857,0.94157610454844,1.07852150830372,0.368202979359485,53.1852942150043
11.6268849206349,0.941497025878908,1.07846622115596,0.368026896971661,53.1858645374299
11.6269841269841,0.941417955669778,1.07841092439483,0.3678508989602,53.1864347980536
11.6270833333333,0.941338893919569,1.07835561802766,0.367674985284672,53.1870049968881
11.6271825396825,0.941259840626804,1.07830030206178,0.367499155904666,53.1875751339465
11.6272817460317,0.941180795790005,1.0782449765045,0.367323410779781,53.1881452092415
11.627380952381,0.941101759407697,1.07818964136316,0.36714774986964,53.1887152227862
11.6274801587302,0.941022731478406,1.07813429664508,0.366972173133874,53.1892851745933
11.6275793650794,0.940943712000657,1.07807894235756,0.36679668053213,53.1898550646759
11.6276785714286,0.940864700972979,1.07802357850791,0.366621272024072,53.1904248930468
11.6277777777778,0.940785698393901,1.07796820510346,0.366445947569378,53.1909946597189
11.627876984127,0.940706704261952,1.0779128221515,0.366270707127743,53.1915643647051
11.6279761904762,0.940627718575664,1.07785742965934,0.366095550658874,53.1921340080182
11.6280753968254,0.94054874133357,1.07780202763428,0.365920478122497,53.1927035896712
11.6281746031746,0.940469772534203,1.0777466160836,0.36574548947835,53.1932731096768
11.6282738095238,0.940390812176099,1.07769119501461,0.365570584686188,53.1938425680481
11.628373015873,0.940311860257793,1.0776357644346,0.36539576370578,53.1944119647978
11.6284722222222,0.940232916777823,1.07758032435084,0.365221026496913,53.1949812999388
11.6285714285714,0.940153981734728,1.07752487477063,0.365046373019385,53.195550573484
11.6286706349206,0.940075055127047,1.07746941570124,0.364871803233012,53.1961197854461
11.6287698412698,0.93999613695332,1.07741394714996,0.364697317097623,53.1966889358382
11.628869047619,0.939917227212091,1.07735846912404,0.364522914573067,53.1972580246729
11.6289682539683,0.939838325901904,1.07730298163077,0.364348595619204,53.1978270519632
11.6290674603175,0.939759433021302,1.07724748467742,0.36417436019591,53.1983960177218
11.6291666666667,0.939680548568831,1.07719197827123,0.364000208263075,53.1989649219617
11.6292658730159,0.939601672543038,1.07713646241948,0.363826139780606,53.1995337646955
11.6293650793651,0.939522804942472,1.07708093712943,0.363652154708426,53.2001025459363
11.6294642857143,0.939443945765681,1.07702540240831,0.363478253006471,53.2006712656967
11.6295634920635,0.939365095011217,1.0769698582634,0.363304434634693,53.2012399239895
11.6296626984127,0.93928625267763,1.07691430470193,0.363130699553059,53.2018085208277
11.6297619047619,0.939207418763475,1.07685874173115,0.362957047721553,53.202377056224
11.6298611111111,0.939128593267304,1.0768031693583,0.362783479100171,53.2029455301912
11.6299603174603,0.939049776187675,1.07674758759062,0.362609993648928,53.203513942742
11.6300595238095,0.938970967523142,1.07669199643534,0.36243659132785,53.2040822938894
11.6301587301587,0.938892167272264,1.0766363958997,0.362263272096982,53.204650583646
11.6302579365079,0.938813375433599,1.07658078599091,0.362090035916379,53.2052188120247
11.6303571428571,0.938734592005709,1.07652516671622,0.361916882746121,53.2057869790382
11.6304563492063,0.938655816987155,1.07646953808283,0.361743812546293,53.2063550846994
11.6305555555556,0.938577050376498,1.07641390009797,0.361570825276999,53.2069231290209
11.6306547619048,0.938498292172303,1.07635825276885,0.36139792089836,53.2074911120156
11.630753968254,0.938419542373135,1.07630259610269,0.36122509937051,53.2080590336962
11.6308531746032,0.938340800977559,1.07624693010669,0.361052360653598,53.2086268940755
11.6309523809524,0.938262067984144,1.07619125478806,0.36087970470779,53.2091946931662
11.6310515873016,0.938183343391458,1.076135570154,0.360707131493266,53.2097624309811
11.6311507936508,0.93810462719807,1.07607987621171,0.36053464097022,53.210330107533
11.63125,0.938025919402551,1.07602417296839,0.360362233098864,53.2108977228345
11.6313492063492,0.937947220003475,1.07596846043123,0.360189907839424,53.2114652768984
11.6314484126984,0.937868528999413,1.07591273860741,0.360017665152139,53.2120327697374
11.6315476190476,0.937789846388941,1.07585700750413,0.359845504997268,53.2126002013644
11.6316468253968,0.937711172170634,1.07580126712857,0.35967342733508,53.2131675717919
11.631746031746,0.937632506343068,1.0757455174879,0.359501432125861,53.2137348810327
11.6318452380952,0.937553848904824,1.07568975858931,0.359329519329916,53.2143021290996
11.6319444444444,0.93747519985448,1.07563399043996,0.35915768890756,53.2148693160053
11.6320436507937,0.937396559190616,1.07557821304704,0.358985940819126,53.2154364417623
11.6321428571429,0.937317926911814,1.07552242641769,0.358814275024961,53.2160035063836
11.6322420634921,0.937239303016657,1.0754666305591,0.358642691485427,53.2165705098817
11.6323412698413,0.93716068750373,1.07541082547841,0.358471190160903,53.2171374522693
11.6324404761905,0.937082080371617,1.07535501118278,0.35829977101178,53.2177043335593
11.6325396825397,0.937003481618905,1.07529918767938,0.358128433998469,53.2182711537641
11.6326388888889,0.936924891244182,1.07524335497534,0.357957179081391,53.2188379128966
11.6327380952381,0.936846309246037,1.07518751307782,0.357786006220985,53.2194046109693
11.6328373015873,0.93676773562306,1.07513166199396,0.357614915377706,53.2199712479951
11.6329365079365,0.936689170373843,1.0750758017309,0.357443906512022,53.2205378239865
11.6330357142857,0.936610613496977,1.07501993229579,0.357272979584418,53.2211043389562
11.6331349206349,0.936532064991057,1.07496405369574,0.357102134555392,53.2216707929168
11.6332341269841,0.936453524854677,1.07490816593791,0.356931371385458,53.2222371858811
11.6333333333333,0.936374993086435,1.0748522690294,0.356760690035149,53.2228035178617
11.6334325396825,0.936296469684926,1.07479636297735,0.356590090465008,53.2233697888712
11.6335317460317,0.936217954648751,1.07474044778889,0.356419572635596,53.2239359989223
11.633630952381,0.936139447976508,1.07468452347112,0.356249136507488,53.2245021480276
11.6337301587302,0.936060949666798,1.07462859003116,0.356078782041274,53.2250682361998
11.6338293650794,0.935982459718224,1.07457264747613,0.355908509197561,53.2256342634515
11.6339285714286,0.935903978129388,1.07451669581314,0.355738317936969,53.2262002297952
11.6340277777778,0.935825504898896,1.07446073504928,0.355568208220135,53.2267661352438
11.634126984127,0.935747040025354,1.07440476519166,0.35539818000771,53.2273319798096
11.6342261904762,0.935668583507367,1.07434878624739,0.35522823326036,53.2278977635055
11.6343253968254,0.935590135343545,1.07429279822355,0.355058367938768,53.228463486344
11.6344246031746,0.935511695532496,1.07423680112724,0.354888584003631,53.2290291483376
11.6345238095238,0.935433264072832,1.07418079496554,0.35471888141566,53.2295947494991
11.634623015873,0.935354840963164,1.07412477974555,0.354549260135583,53.230160289841
11.6347222222222,0.935276426202103,1.07406875547435,0.354379720124141,53.2307257693758
11.6348214285714,0.935198019788266,1.07401272215901,0.354210261342095,53.2312911881163
11.6349206349206,0.935119621720268,1.07395667980662,0.354040883750218,53.2318565460749
11.6350198412698,0.935041231996725,1.07390062842424,0.353871587309296,53.2324218432643
11.635119047619,0.934962850616254,1.07384456801894,0.353702371980134,53.232987079697
11.6352182539683,0.934884477577475,1.0737884985978,0.353533237723549,53.2335522553856
11.6353174603175,0.934806112879008,1.07373242016788,0.353364184500377,53.2341173703427
11.6354166666667,0.934727756519474,1.07367633273623,0.353195212271465,53.2346824245809
11.6355158730159,0.934649408497495,1.07362023630991,0.353026320997678,53.2352474181126
11.6356150793651,0.934571068811696,1.07356413089598,0.352857510639896,53.2358123509505
11.6357142857143,0.934492737460701,1.07350801650148,0.352688781159013,53.2363772231072
11.6358134920635,0.934414414443137,1.07345189313347,0.352520132515939,53.2369420345951
11.6359126984127,0.93433609975763,1.07339576079899,0.352351564671599,53.2375067854268
11.6360119047619,0.93425779340281,1.07333961950508,0.352183077586934,53.2380714756148
11.6361111111111,0.934179495377306,1.07328346925877,0.352014671222898,53.2386361051718
11.6362103174603,0.934101205679748,1.0732273100671,0.351846345540461,53.2392006741101
11.6363095238095,0.93402292430877,1.07317114193711,0.351678100500612,53.2397651824424
11.6364087301587,0.933944651263004,1.07311496487582,0.35150993606435,53.2403296301812
11.6365079365079,0.933866386541086,1.07305877889025,0.351341852192692,53.2408940173389
11.6366071428571,0.93378813014165,1.07300258398742,0.35117384884667,53.2414583439282
11.6367063492063,0.933709882063334,1.07294638017436,0.351005925987329,53.2420226099615
11.6368055555556,0.933631642304776,1.07289016745808,0.350838083575731,53.2425868154513
11.6369047619048,0.933553410864615,1.07283394584559,0.350670321572955,53.2431509604101
11.637003968254,0.933475187741491,1.0727777153439,0.350502639940091,53.2437150448504
11.6371031746032,0.933396972934047,1.07272147596002,0.350335038638247,53.2442790687848
11.6372023809524,0.933318766440926,1.07266522770094,0.350167517628547,53.2448430322256
11.6373015873016,0.933240568260771,1.07260897057367,0.350000076872128,53.2454069351855
11.6374007936508,0.933162378392228,1.07255270458519,0.349832716330143,53.2459707776768
11.6375,0.933084196833943,1.07249642974252,0.34966543596376,53.2465345597121
11.6375992063492,0.933006023584564,1.07244014605262,0.349498235734163,53.2470982813038
11.6376984126984,0.93292785864274,1.07238385352249,0.349331115602548,53.2476619424644
11.6377976190476,0.932849702007121,1.07232755215911,0.349164075530134,53.2482255432063
11.6378968253968,0.932771553676359,1.07227124196947,0.348997115478147,53.2487890835421
11.637996031746,0.932693413649106,1.07221492296053,0.348830235407832,53.2493525634841
11.6380952380952,0.932615281924016,1.07215859513926,0.348663435280448,53.2499159830449
11.6381944444444,0.932537158499744,1.07210225851265,0.34849671505727,53.2504793422368
11.6382936507937,0.932459043374945,1.07204591308766,0.348330074699588,53.2510426410724
11.6383928571429,0.932380936548277,1.07198955887124,0.348163514168706,53.251605879564
11.6384920634921,0.9323028380184,1.07193319587036,0.347997033425946,53.2521690577241
11.6385912698413,0.932224747783971,1.07187682409198,0.347830632432643,53.2527321755651
11.6386904761905,0.932146665843653,1.07182044354305,0.347664311150147,53.2532952330995
11.6387896825397,0.932068592196107,1.07176405423052,0.347498069539824,53.2538582303396
11.6388888888889,0.931990526839997,1.07170765616133,0.347331907563055,53.2544211672979
11.6389880952381,0.931912469773988,1.07165124934243,0.347165825181238,53.2549840439869
11.6390873015873,0.931834420996744,1.07159483378077,0.346999822355782,53.2555468604188
11.6391865079365,0.931756380506933,1.07153840948328,0.346833899048113,53.2561096166062
11.6392857142857,0.931678348303223,1.07148197645688,0.346668055219677,53.2566723125614
11.6393849206349,0.931600324384284,1.07142553470853,0.346502290831929,53.2572349482968
11.6394841269841,0.931522308748786,1.07136908424513,0.34633660584634,53.2577975238249
11.6395833333333,0.9314443013954,1.07131262507362,0.3461710002244,53.2583600391579
11.6396825396825,0.9313663023228,1.07125615720092,0.34600547392761,53.2589224943083
11.6397817460317,0.93128831152966,1.07119968063394,0.345840026917489,53.2594848892885
11.639880952381,0.931210329014655,1.0711431953796,0.345674659155568,53.2600472241108
11.6399801587302,0.931132354776461,1.07108670144482,0.345509370603398,53.2606094987877
11.6400793650794,0.931054388813756,1.07103019883649,0.345344161222541,53.2611717133314
11.6401785714286,0.93097643112522,1.07097368756154,0.345179030974575,53.2617338677544
11.6402777777778,0.930898481709532,1.07091716762684,0.345013979821096,53.262295962069
11.640376984127,0.930820540565373,1.07086063903932,0.344849007723712,53.2628579962875
11.6404761904762,0.930742607691427,1.07080410180585,0.344684114644047,53.2634199704224
11.6405753968254,0.930664683086377,1.07074755593334,0.344519300543741,53.2639818844859
11.6406746031746,0.930586766748906,1.07069100142867,0.344354565384446,53.2645437384905
11.6407738095238,0.930508858677703,1.07063443829873,0.344189909127837,53.2651055324483
11.640873015873,0.930430958871454,1.0705778665504,0.344025331735597,53.2656672663719
11.6409722222222,0.930353067328849,1.07052128619056,0.343860833169425,53.2662289402734
11.6410714285714,0.930275184048575,1.07046469722609,0.343696413391038,53.2667905541653
11.6411706349206,0.930197309029325,1.07040809966385,0.343532072362167,53.2673521080599
11.6412698412698,0.93011944226979,1.07035149351073,0.343367810044556,53.2679136019694
11.641369047619,0.930041583768664,1.07029487877357,0.343203626399968,53.2684750359062
11.6414682539683,0.929963733524642,1.07023825545926,0.343039521390179,53.2690364098826
11.6415674603175,0.929885891536418,1.07018162357464,0.34287549497698,53.2695977239109
11.6416666666667,0.92980805780269,1.07012498312658,0.342711547122177,53.2701589780034
11.6417658730159,0.929730232322157,1.07006833412193,0.342547677787594,53.2707201721724
11.6418650793651,0.929652415093516,1.07001167656753,0.342383886935067,53.2712813064301
11.6419642857143,0.92957460611547,1.06995501047024,0.342220174526448,53.271842380789
11.6420634920635,0.929496805386719,1.0698983358369,0.342056540523605,53.2724033952612
11.6421626984127,0.929419012905965,1.06984165267434,0.341892984888418,53.2729643498591
11.6422619047619,0.929341228671915,1.06978496098942,0.34172950758279,53.2735252445949
11.6423611111111,0.929263452683273,1.06972826078895,0.341566108568633,53.2740860794808
11.6424603174603,0.929185684938746,1.06967155207977,0.341402787807873,53.2746468545293
11.6425595238095,0.92910792543704,1.06961483486872,0.341239545262455,53.2752075697524
11.6426587301587,0.929030174176866,1.0695581091626,0.341076380894337,53.2757682251625
11.6427579365079,0.928952431156932,1.06950137496826,0.340913294665494,53.2763288207719
11.6428571428571,0.928874696375951,1.06944463229249,0.340750286537914,53.2768893565927
11.6429563492063,0.928796969832635,1.06938788114212,0.340587356473603,53.2774498326372
11.6430555555556,0.928719251525697,1.06933112152396,0.340424504434578,53.2780102489178
11.6431547619048,0.928641541453854,1.06927435344481,0.340261730382876,53.2785706054465
11.643253968254,0.928563839615819,1.06921757691149,0.340099034280547,53.2791309022357
11.6433531746032,0.928486146010312,1.06916079193079,0.339936416089655,53.2796911392975
11.6434523809524,0.92840846063605,1.06910399850951,0.33977387577228,53.2802513166443
11.6435515873016,0.928330783491753,1.06904719665445,0.339611413290519,53.2808114342881
11.6436507936508,0.928253114576142,1.06899038637239,0.33944902860648,53.2813714922413
11.64375,0.928175453887939,1.06893356767014,0.339286721682293,53.281931490516
11.6438492063492,0.928097801425868,1.06887674055447,0.339124492480097,53.2824914291245
11.6439484126984,0.928020157188653,1.06881990503216,0.33896234096205,53.283051308079
11.6440476190476,0.92794252117502,1.06876306111,0.338800267090321,53.2836111273916
11.6441468253968,0.927864893383695,1.06870620879476,0.338638270827098,53.2841708870745
11.644246031746,0.927787273813407,1.06864934809321,0.338476352134583,53.28473058714
11.6443452380952,0.927709662462884,1.06859247901213,0.338314510974994,53.2852902276003
11.6444444444444,0.927632059330859,1.06853560155827,0.338152747310562,53.2858498084674
11.6445436507937,0.927554464416061,1.06847871573841,0.337991061103535,53.2864093297536
11.6446428571429,0.927476877717225,1.0684218215593,0.337829452316177,53.2869687914711
11.6447420634921,0.927399299233083,1.06836491902769,0.337667920910764,53.2875281936321
11.6448412698413,0.927321728962372,1.06830800815035,0.33750646684959,53.2880875362486
11.6449404761905,0.927244166903828,1.06825108893402,0.337345090094964,53.288646819333
11.6450396825397,0.927166613056189,1.06819416138545,0.337183790609209,53.2892060428972
11.6451388888889,0.927089067418192,1.06813722551138,0.337022568354662,53.2897652069535
11.6452380952381,0.92701152998858,1.06808028131855,0.336861423293681,53.2903243115141
11.6453373015873,0.926934000766093,1.0680233288137,0.336700355388633,53.290883356591
11.6454365079365,0.926856479749473,1.06796636800357,0.336539364601902,53.2914423421964
11.6455357142857,0.926778966937464,1.06790939889487,0.336378450895889,53.2920012683425
11.6456349206349,0.926701462328812,1.06785242149435,0.336217614233007,53.2925601350414
11.6457341269841,0.926623965922261,1.06779543580873,0.336056854575688,53.2931189423052
11.6458333333333,0.92654647771656,1.06773844184472,0.335896171886376,53.293677690146
11.6459325396825,0.926468997710457,1.06768143960905,0.335735566127531,53.294236378576
11.6460317460317,0.926391525902701,1.06762442910842,0.335575037261629,53.2947950076072
11.646130952381,0.926314062292044,1.06756741034956,0.335414585251162,53.2953535772518
11.6462301587302,0.926236606877237,1.06751038333916,0.335254210058634,53.2959120875219
11.6463293650794,0.926159159657035,1.06745334808394,0.335093911646568,53.2964705384297
11.6464285714286,0.92608172063019,1.06739630459059,0.334933689977499,53.2970289299871
11.6465277777778,0.92600428979546,1.06733925286581,0.33477354501398,53.2975872622062
11.646626984127,0.925926867151599,1.0672821929163,0.334613476718574,53.2981455350993
11.6467261904762,0.925849452697369,1.06722512474875,0.334453485053869,53.2987037486784
11.6468253968254,0.925772046431527,1.06716804836985,0.334293569982459,53.2992619029554
11.6469246031746,0.925694648352833,1.06711096378628,0.334133731466957,53.2998199979427
11.6470238095238,0.92561725846005,1.06705387100473,0.33397396946999,53.3003780336521
11.647123015873,0.925539876751941,1.06699677003187,0.333814283954202,53.3009360100957
11.6472222222222,0.925462503227269,1.06693966087439,0.33365467488225,53.3014939272857
11.6473214285714,0.925385137884799,1.06688254353895,0.333495142216807,53.3020517852341
11.6474206349206,0.925307780723299,1.06682541803222,0.333335685920562,53.302609583953
11.6475198412698,0.925230431741536,1.06676828436087,0.333176305956219,53.3031673234543
11.647619047619,0.925153090938279,1.06671114253156,0.333017002286496,53.3037250037503
11.6477182539683,0.925075758312297,1.06665399255095,0.332857774874127,53.3042826248528
11.6478174603175,0.924998433862363,1.0665968344257,0.332698623681863,53.3048401867739
11.6479166666667,0.924921117587248,1.06653966816246,0.332539548672466,53.3053976895257
11.6480158730159,0.924843809485726,1.06648249376788,0.332380549808717,53.3059551331202
11.6481150793651,0.924766509556572,1.0664253112486,0.332221627053408,53.3065125175695
11.6482142857143,0.924689217798563,1.06636812061128,0.332062780369355,53.3070698428855
11.6483134920635,0.924611934210475,1.06631092186255,0.331904009719379,53.3076271090803
11.6484126984127,0.924534658791088,1.06625371500904,0.331745315066321,53.3081843161659
11.6485119047619,0.92445739153918,1.0661965000574,0.331586696373038,53.3087414641542
11.6486111111111,0.924380132453533,1.06613927701425,0.331428153602399,53.3092985530574
11.6487103174603,0.924302881532928,1.06608204588622,0.331269686717292,53.3098555828874
11.6488095238095,0.92422563877615,1.06602480667993,0.331111295680616,53.3104125536562
11.6489087301587,0.924148404181982,1.065967559402,0.330952980455289,53.3109694653758
11.6490079365079,0.92407117774921,1.06591030405906,0.330794741004242,53.3115263180582
11.6491071428571,0.923993959476621,1.06585304065771,0.330636577290423,53.3120831117154
11.6492063492063,0.923916749363003,1.06579576920457,0.330478489276792,53.3126398463593
11.6493055555556,0.923839547407145,1.06573848970625,0.330320476926329,53.313196522002
11.6494047619048,0.923762353607838,1.06568120216934,0.330162540202024,53.3137531386553
11.649503968254,0.923685167963874,1.06562390660045,0.330004679066885,53.3143096963314
11.6496031746032,0.923607990474044,1.06556660300619,0.329846893483934,53.3148661950421
11.6497023809524,0.923530821137144,1.06550929139314,0.329689183416213,53.3154226347993
11.6498015873016,0.923453659951969,1.06545197176789,0.329531548826772,53.3159790156152
11.6499007936508,0.923376506917316,1.06539464413704,0.329373989678681,53.3165353375015
11.65,0.923299362031981,1.06533730850717,0.329216505935023,53.3170916004703
11.6500992063492,0.923222225294764,1.06527996488486,0.329059097558897,53.3176478045335
11.6501984126984,0.923145096704464,1.06522261327669,0.328901764513416,53.3182039497031
11.6502976190476,0.923067976259884,1.06516525368924,0.328744506761711,53.3187600359909
11.6503968253968,0.922990863959825,1.06510788612907,0.328587324266925,53.3193160634089
11.650496031746,0.922913759803092,1.06505051060276,0.328430216992219,53.3198720319691
11.6505952380952,0.922836663788488,1.06499312711688,0.328273184900767,53.3204279416833
11.6506944444444,0.922759575914821,1.06493573567798,0.328116227955759,53.3209837925635
11.6507936507937,0.922682496180897,1.06487833629263,0.327959346120401,53.3215395846215
11.6508928571429,0.922605424585525,1.06482092896738,0.327802539357913,53.3220953178694
11.6509920634921,0.922528361127514,1.06476351370879,0.327645807631531,53.322650992319
11.6510912698413,0.922451305805675,1.06470609052339,0.327489150904503,53.3232066079821
11.6511904761905,0.922374258618822,1.06464865941775,0.3273325691401,53.3237621648708
11.6512896825397,0.922297219565766,1.06459122039841,0.327176062301602,53.3243176629969
11.6513888888889,0.922220188645322,1.0645337734719,0.327019630352304,53.3248731023722
11.6514880952381,0.922143165856306,1.06447631864476,0.326863273255518,53.3254284830087
11.6515873015873,0.922066151197535,1.06441885592352,0.326706990974571,53.3259838049183
11.6516865079365,0.921989144667827,1.06436138531472,0.326550783472806,53.3265390681128
11.6517857142857,0.921912146266001,1.06430390682489,0.326394650713579,53.327094272604
11.6518849206349,0.921835155990877,1.06424642046053,0.326238592660264,53.327649418404
11.6519841269841,0.921758173841278,1.06418892622819,0.326082609276247,53.3282045055244
11.6520833333333,0.921681199816025,1.06413142413437,0.325926700524932,53.3287595339773
11.6521825396825,0.921604233913944,1.06407391418559,0.325770866369736,53.3293145037744
11.6522817460317,0.921527276133859,1.06401639638835,0.325615106774094,53.3298694149276
11.652380952381,0.921450326474597,1.06395887074918,0.325459421701453,53.3304242674487
11.6524801587302,0.921373384934986,1.06390133727456,0.325303811115278,53.3309790613496
11.6525793650794,0.921296451513852,1.06384379597101,0.325148274979045,53.3315337966421
11.6526785714286,0.92121952621003,1.06378624684502,0.324992813256253,53.3320884733381
11.6527777777778,0.921142609022347,1.06372868990309,0.324837425910408,53.3326430914494
11.652876984127,0.921065699949638,1.0636711251517,0.324682112905035,53.3331976509878
11.6529761904762,0.920988798990736,1.06361355259735,0.324526874203674,53.3337521519651
11.6530753968254,0.920911906144476,1.06355597224652,0.324371709769881,53.3343065943931
11.6531746031746,0.920835021409693,1.06349838410569,0.324216619567224,53.3348609782837
11.6532738095238,0.920758144785225,1.06344078818134,0.324061603559289,53.3354153036487
11.653373015873,0.920681276269911,1.06338318447995,0.323906661709678,53.3359695704999
11.6534722222222,0.920604415862589,1.06332557300799,0.323751793982005,53.336523778849
11.6535714285714,0.920527563562102,1.06326795377193,0.323597000339901,53.3370779287079
11.6536706349206,0.92045071936729,1.06321032677823,0.323442280747013,53.3376320200884
11.6537698412698,0.920373883276998,1.06315269203336,0.323287635167003,53.3381860530022
11.653869047619,0.920297055290069,1.06309504954377,0.323133063563545,53.3387400274612
11.6539682539683,0.92022023540535,1.06303739931593,0.322978565900333,53.3392939434771
11.6540674603175,0.920143423621686,1.06297974135628,0.322824142141071,53.3398478010617
11.6541666666667,0.920066619937927,1.06292207567127,0.322669792249486,53.3404016002267
11.6542658730159,0.919989824352922,1.06286440226735,0.322515516189312,53.340955340984
11.6543650793651,0.919913036865521,1.06280672115097,0.322361313924302,53.3415090233452
11.6544642857143,0.919836257474575,1.06274903232856,0.322207185418225,53.3420626473222
11.6545634920635,0.919759486178938,1.06269133580656,0.322053130634862,53.3426162129267
11.6546626984127,0.919682722977463,1.0626336315914,0.321899149538012,53.3431697201705
11.6547619047619,0.919605967869006,1.06257591968952,0.321745242091489,53.3437231690652
11.6548611111111,0.919529220852424,1.06251820010734,0.321591408259121,53.3442765596227
11.6549603174603,0.919452481926573,1.06246047285128,0.321437648004752,53.3448298918547
11.6550595238095,0.919375751090313,1.06240273792777,0.32128396129224,53.3453831657729
11.6551587301587,0.919299028342503,1.06234499534322,0.32113034808546,53.3459363813891
11.6552579365079,0.919222313682006,1.06228724510404,0.320976808348301,53.3464895387149
11.6553571428571,0.919145607107683,1.06222948721666,0.320823342044669,53.347042637762
11.6554563492063,0.919068908618398,1.06217172168746,0.320669949138481,53.3475956785423
11.6555555555556,0.918992218213014,1.06211394852287,0.320516629593672,53.3481486610675
11.6556547619048,0.918915535890402,1.06205616772928,0.320363383374196,53.3487015853491
11.655753968254,0.918838861649425,1.06199837931308,0.320210210444016,53.349254451399
11.6558531746032,0.918762195488953,1.06194058328068,0.320057110767112,53.3498072592287
11.6559523809524,0.918685537407855,1.06188277963846,0.319904084307481,53.3503600088502
11.6560515873016,0.918608887405002,1.06182496839281,0.319751131029133,53.3509127002749
11.6561507936508,0.918532245479266,1.06176714955013,0.319598250896095,53.3514653335146
11.65625,0.918455611629521,1.06170932311678,0.319445443872407,53.352017908581
11.6563492063492,0.918378985854641,1.06165148909914,0.319292709922127,53.3525704254858
11.6564484126984,0.918302368153502,1.0615936475036,0.319140049009326,53.3531228842406
11.6565476190476,0.918225758524979,1.06153579833653,0.318987461098092,53.3536752848571
11.6566468253968,0.918149156967952,1.06147794160429,0.318834946152526,53.354227627347
11.656746031746,0.9180725634813,1.06142007731325,0.318682504136745,53.3547799117219
11.6568452380952,0.917995978063903,1.06136220546977,0.318530135014883,53.3553321379936
11.6569444444444,0.917919400714642,1.06130432608021,0.318377838751087,53.3558843061735
11.6570436507937,0.9178428314324,1.06124643915093,0.318225615309519,53.3564364162735
11.6571428571429,0.917766270216063,1.06118854468827,0.318073464654359,53.3569884683051
11.6572420634921,0.917689717064515,1.0611306426986,0.317921386749801,53.35754046228
11.6573412698413,0.917613171976641,1.06107273318825,0.317769381560051,53.3580923982098
11.6574404761905,0.917536634951331,1.06101481616357,0.317617449049335,53.3586442761061
11.6575396825397,0.917460105987472,1.06095689163089,0.317465589181891,53.3591960959807
11.6576388888889,0.917383585083956,1.06089895959656,0.317313801921973,53.359747857845
11.6577380952381,0.917307072239672,1.06084102006691,0.317162087233851,53.3602995617108
11.6578373015873,0.917230567453513,1.06078307304827,0.317010445081809,53.3608512075895
11.6579365079365,0.917154070724374,1.06072511854696,0.316858875430147,53.361402795493
11.6580357142857,0.917077582051149,1.06066715656931,0.316707378243181,53.3619543254327
11.6581349206349,0.917001101432733,1.06060918712163,0.316555953485239,53.3625057974202
11.6582341269841,0.916924628868025,1.06055121021026,0.316404601120669,53.3630572114672
11.6583333333333,0.916848164355922,1.06049322584149,0.316253321113829,53.3636085675853
11.6584325396825,0.916771707895325,1.06043523402164,0.316102113429097,53.364159865786
11.6585317460317,0.916695259485133,1.06037723475702,0.315950978030861,53.364711106081
11.658630952381,0.916618819124249,1.06031922805393,0.315799914883532,53.3652622884817
11.6587301587302,0.916542386811577,1.06026121391867,0.315648923951528,53.3658134129998
11.6588293650794,0.916465962546021,1.06020319235755,0.315498005199286,53.3663644796469
11.6589285714286,0.916389546326487,1.06014516337684,0.315347158591259,53.3669154884346
11.6590277777778,0.91631313815188,1.06008712698286,0.315196384091913,53.3674664393743
11.659126984127,0.91623673802111,1.06002908318188,0.31504568166573,53.3680173324777
11.6592261904762,0.916160345933085,1.05997103198019,0.314895051277208,53.3685681677563
11.6593253968254,0.916083961886716,1.05991297338406,0.31474449289086,53.3691189452216
11.6594246031746,0.916007585880915,1.05985490739979,0.314594006471213,53.3696696648853
11.6595238095238,0.915931217914594,1.05979683403364,0.314443591982811,53.3702203267589
11.659623015873,0.915854857986667,1.05973875329189,0.314293249390211,53.3707709308538
11.6597222222222,0.91577850609605,1.05968066518081,0.314142978657987,53.3713214771817
11.6598214285714,0.915702162241659,1.05962256970665,0.313992779750727,53.371871965754
11.6599206349206,0.915625826422412,1.05956446687568,0.313842652633036,53.3724223965823
11.6600198412698,0.915549498637226,1.05950635669417,0.313692597269531,53.3729727696782
11.660119047619,0.915473178885024,1.05944823916836,0.313542613624849,53.3735230850531
11.6602182539683,0.915396867164725,1.05939011430452,0.313392701663639,53.3740733427185
11.6603174603175,0.915320563475252,1.05933198210888,0.313242861350564,53.374623542686
11.6604166666667,0.91524426781553,1.0592738425877,0.313093092650305,53.3751736849671
11.6605158730159,0.915167980184482,1.05921569574721,0.312943395527557,53.3757237695732
11.6606150793651,0.915091700581034,1.05915754159367,0.312793769947029,53.3762737965159
11.6607142857143,0.915015429004115,1.05909938013329,0.312644215873448,53.3768237658067
11.6608134920635,0.914939165452651,1.05904121137233,0.312494733271554,53.377373677457
11.6609126984127,0.914862909925574,1.058983035317,0.312345322106103,53.3779235314783
11.6610119047619,0.914786662421813,1.05892485197353,0.312195982341866,53.3784733278822
11.6611111111111,0.914710422940301,1.05886666134815,0.312046713943629,53.37902306668
11.6612103174603,0.914634191479971,1.05880846344708,0.311897516876194,53.3795727478834
11.6613095238095,0.914557968039757,1.05875025827653,0.311748391104377,53.3801223715036
11.6614087301587,0.914481752618595,1.05869204584272,0.31159933659301,53.3806719375523
11.6615079365079,0.914405545215421,1.05863382615186,0.311450353306938,53.3812214460408
11.6616071428571,0.914329345829174,1.05857559921015,0.311301441211028,53.3817708969806
11.6617063492063,0.914253154458794,1.0585173650238,0.311152600270155,53.3823202903832
11.6618055555556,0.91417697110322,1.05845912359902,0.311003830449211,53.38286962626
11.6619047619048,0.914100795761395,1.05840087494199,0.310855131713105,53.3834189046225
11.662003968254,0.91402462843226,1.05834261905891,0.310706504026759,53.383968125482
11.6621031746032,0.91394846911476,1.05828435595598,0.310557947355112,53.3845172888501
11.6622023809524,0.91387231780784,1.05822608563938,0.310409461663118,53.3850663947382
11.6623015873016,0.913796174510446,1.05816780811529,0.310261046915744,53.3856154431576
11.6624007936508,0.913720039221527,1.05810952338991,0.310112703077975,53.3861644341199
11.6625,0.91364391194003,1.0580512314694,0.30996443011481,53.3867133676363
11.6625992063492,0.913567792664907,1.05799293235994,0.309816227991264,53.3872622437184
11.6626984126984,0.913491681395108,1.0579346260677,0.309668096672365,53.3878110623776
11.6627976190476,0.913415578129585,1.05787631259885,0.309520036123158,53.3883598236252
11.6628968253968,0.913339482867292,1.05781799195956,0.309372046308703,53.3889085274727
11.662996031746,0.913263395607184,1.05775966415599,0.309224127194074,53.3894571739315
11.6630952380952,0.913187316348217,1.0577013291943,0.309076278744364,53.3900057630129
11.6631944444444,0.913111245089348,1.05764298708063,0.308928500924677,53.3905542947283
11.6632936507937,0.913035181829537,1.05758463782116,0.308780793700134,53.3911027690891
11.6633928571429,0.912959126567741,1.05752628142202,0.308633157035871,53.3916511861068
11.6634920634921,0.912883079302922,1.05746791788935,0.308485590897038,53.3921995457926
11.6635912698413,0.912807040034043,1.05740954722932,0.308338095248803,53.3927478481579
11.6636904761905,0.912731008760065,1.05735116944804,0.308190670056346,53.3932960932142
11.6637896825397,0.912654985479955,1.05729278455166,0.308043315284864,53.3938442809728
11.6638888888889,0.912578970192676,1.05723439254632,0.307896030899569,53.394392411445
11.6639880952381,0.912502962897197,1.05717599343813,0.307748816865688,53.3949404846422
11.6640873015873,0.912426963592484,1.05711758723323,0.307601673148464,53.3954885005757
11.6641865079365,0.912350972277508,1.05705917393775,0.307454599713154,53.396036459257
11.6642857142857,0.912274988951239,1.05700075355779,0.307307596525031,53.3965843606972
11.6643849206349,0.912199013612647,1.05694232609949,0.307160663549382,53.3971322049079
11.6644841269841,0.912123046260706,1.05688389156894,0.307013800751509,53.3976799919002
11.6645833333333,0.912047086894391,1.05682544997227,0.306867008096734,53.3982277216856
11.6646825396825,0.911971135512676,1.05676700131557,0.306720285550388,53.3987753942753
11.6647817460317,0.911895192114538,1.05670854560496,0.306573633077821,53.3993230096807
11.664880952381,0.911819256698954,1.05665008284653,0.306427050644396,53.3998705679131
11.6649801587302,0.911743329264903,1.05659161304639,0.306280538215492,53.4004180689839
11.6650793650794,0.911667409811366,1.05653313621062,0.306134095756503,53.4009655129042
11.6651785714286,0.911591498337322,1.05647465234531,0.30598772323284,53.4015128996855
11.6652777777778,0.911515594841755,1.05641616145656,0.305841420609927,53.402060229339
11.665376984127,0.911439699323649,1.05635766355045,0.305695187853203,53.402607501876
11.6654761904762,0.911363811781987,1.05629915863306,0.305549024928124,53.4031547173078
11.6655753968254,0.911287932215757,1.05624064671047,0.30540293180016,53.4037018756458
11.6656746031746,0.911212060623945,1.05618212778874,0.305256908434797,53.4042489769011
11.6657738095238,0.911136197005539,1.05612360187397,0.305110954797536,53.4047960210851
11.665873015873,0.91106034135953,1.0560650689722,0.304965070853892,53.405343008209
11.6659722222222,0.910984493684907,1.05600652908952,0.304819256569394,53.4058899382841
11.6660714285714,0.910908653980663,1.05594798223197,0.304673511909593,53.4064368113218
11.6661706349206,0.910832822245792,1.05588942840562,0.304527836840049,53.4069836273331
11.6662698412698,0.910756998479288,1.05583086761653,0.304382231326337,53.4075303863294
11.666369047619,0.910681182680146,1.05577229987074,0.304236695334051,53.408077088322
11.6664682539683,0.910605374847363,1.05571372517431,0.304091228828797,53.4086237333221
11.6665674603175,0.910529574979937,1.05565514353328,0.303945831776197,53.409170321341
11.6666666666667,0.910453783076867,1.05559655495369,0.303800504141889,53.4097168523898
11.6667658730159,0.910377999137153,1.05553795944158,0.303655245891526,53.4102633264799
11.6668650793651,0.910302223159798,1.05547935700299,0.303510056990776,53.4108097436224
11.6669642857143,0.910226455143804,1.05542074764396,0.303364937405321,53.4113561038286
11.6670634920635,0.910150695088175,1.0553621313705,0.303219887100861,53.4119024071097
11.6671626984127,0.910074942991916,1.05530350818866,0.303074906043109,53.412448653477
11.6672619047619,0.909999198854033,1.05524487810444,0.302929994197793,53.4129948429416
11.6673611111111,0.909923462673535,1.05518624112388,0.302785151530658,53.4135409755147
11.6674603174603,0.909847734449428,1.05512759725298,0.30264037800746,53.4140870512076
11.6675595238095,0.909772014180726,1.05506894649776,0.302495673593978,53.4146330700315
11.6676587301587,0.909696301866437,1.05501028886423,0.302351038256,53.4151790319976
11.6677579365079,0.909620597505575,1.0549516243584,0.30220647195933,53.415724937117
11.6678571428571,0.909544901097153,1.05489295298628,0.302061974669788,53.416270785401
11.6679563492063,0.909469212640186,1.05483427475385,0.30191754635321,53.4168165768608
11.6680555555556,0.909393532133689,1.05477558966713,0.301773186975446,53.4173623115074
11.6681547619048,0.909317859576681,1.0547168977321,0.30162889650236,53.4179079893522
11.668253968254,0.909242194968179,1.05465819895475,0.301484674899835,53.4184536104063
11.6683531746032,0.909166538307203,1.05459949334107,0.301340522133766,53.4189991746808
11.6684523809524,0.909090889592774,1.05454078089705,0.301196438170065,53.4195446821869
11.6685515873016,0.909015248823914,1.05448206162867,0.301052422974657,53.4200901329358
11.6686507936508,0.908939615999645,1.05442333554191,0.300908476513484,53.4206355269386
11.66875,0.908863991118993,1.05436460264273,0.300764598752503,53.4211808642065
11.6688492063492,0.908788374180983,1.05430586293711,0.300620789657686,53.4217261447507
11.6689484126984,0.90871276518464,1.05424711643103,0.300477049195018,53.4222713685822
11.6690476190476,0.908637164128995,1.05418836313044,0.300333377330505,53.4228165357123
11.6691468253968,0.908561571013076,1.05412960304131,0.300189774030164,53.423361646152
11.669246031746,0.908485985835913,1.05407083616959,0.300046239260026,53.4239066999125
11.6693452380952,0.908410408596538,1.05401206252124,0.299902772986141,53.4244516970049
11.6694444444444,0.908334839293984,1.05395328210221,0.29975937517457,53.4249966374404
11.6695436507937,0.908259277927284,1.05389449491846,0.299616045791393,53.42554152123
11.6696428571429,0.908183724495474,1.05383570097592,0.299472784802703,53.426086348385
11.6697420634921,0.90810817899759,1.05377690028054,0.299329592174608,53.4266311189163
11.6698412698413,0.908032641432669,1.05371809283826,0.299186467873234,53.427175832835
11.6699404761905,0.907957111799751,1.05365927865501,0.299043411864718,53.4277204901524
11.6700396825397,0.907881590097876,1.05360045773673,0.298900424115216,53.4282650908795
11.6701388888889,0.907806076326084,1.05354163008935,0.298757504590896,53.4288096350274
11.6702380952381,0.907730570483418,1.05348279571879,0.298614653257945,53.4293541226072
11.6703373015873,0.907655072568921,1.05342395463097,0.298471870082561,53.4298985536299
11.6704365079365,0.907579582581638,1.05336510683182,0.298329155030958,53.4304429281067
11.6705357142857,0.907504100520616,1.05330625232726,0.29818650806937,53.4309872460486
11.6706349206349,0.907428626384902,1.05324739112318,0.298043929164042,53.4315315074667
11.6707341269841,0.907353160173544,1.05318852322552,0.297901418281233,53.432075712372
11.6708333333333,0.907277701885591,1.05312964864016,0.29775897538722,53.4326198607758
11.6709325396825,0.907202251520094,1.05307076737302,0.297616600448294,53.4331639526889
11.6710317460317,0.907126809076105,1.05301187943,0.297474293430762,53.4337079881224
11.671130952381,0.907051374552678,1.05295298481699,0.297332054300944,53.4342519670874
11.6712301587302,0.906975947948866,1.05289408353988,0.297189883025178,53.4347958895951
11.6713293650794,0.906900529263726,1.05283517560458,0.297047779569816,53.4353397556563
11.6714285714286,0.906825118496314,1.05277626101695,0.296905743901225,53.4358835652821
11.6715277777778,0.906749715645688,1.0527173397829,0.296763775985788,53.4364273184836
11.671626984127,0.906674320710906,1.0526584119083,0.296621875789902,53.4369710152718
11.6717261904762,0.906598933691031,1.05259947739903,0.296480043279979,53.4375146556577
11.6718253968254,0.906523554585122,1.05254053626096,0.296338278422449,53.4380582396524
11.6719246031746,0.906448183392243,1.05248158849996,0.296196581183752,53.4386017672669
11.6720238095238,0.906372820111458,1.05242263412191,0.29605495153035,53.4391452385121
11.672123015873,0.906297464741832,1.05236367313266,0.295913389428715,53.4396886533992
11.6722222222222,0.906222117282432,1.05230470553808,0.295771894845337,53.440232011939
11.6723214285714,0.906146777732325,1.05224573134403,0.295630467746719,53.4407753141426
11.6724206349206,0.906071446090579,1.05218675055636,0.29548910809938,53.4413185600211
11.6725198412698,0.905996122356265,1.05212776318092,0.295347815869854,53.4418617495853
11.672619047619,0.905920806528454,1.05206876922357,0.295206591024692,53.4424048828463
11.6727182539683,0.905845498606218,1.05200976869014,0.295065433530459,53.4429479598151
11.6728174603175,0.905770198588631,1.05195076158649,0.294924343353733,53.4434909805027
11.6729166666667,0.905694906474767,1.05189174791844,0.294783320461111,53.4440339449199
11.6730158730159,0.905619622263703,1.05183272769184,0.294642364819203,53.4445768530779
11.6731150793651,0.905544345954515,1.05177370091252,0.294501476394635,53.4451197049875
11.6732142857143,0.905469077546282,1.0517146675863,0.294360655154047,53.4456625006598
11.6733134920635,0.905393817038084,1.05165562771902,0.294219901064095,53.4462052401056
11.6734126984127,0.905318564429001,1.05159658131649,0.29407921409145,53.446747923336
11.6735119047619,0.905243319718115,1.05153752838454,0.2939385942028,53.4472905503619
11.6736111111111,0.90516808290451,1.05147846892898,0.293798041364846,53.4478331211942
11.6737103174603,0.90509285398727,1.05141940295562,0.293657555544305,53.448375635844
11.6738095238095,0.90501763296548,1.05136033047028,0.293517136707909,53.448918094322
11.6739087301587,0.904942419838227,1.05130125147876,0.293376784822404,53.4494604966393
11.6740079365079,0.9048672146046,1.05124216598686,0.293236499854554,53.4500028428068
11.6741071428571,0.904792017263686,1.05118307400039,0.293096281771136,53.4505451328354
11.6742063492063,0.904716827814577,1.05112397552515,0.292956130538943,53.4510873667361
11.6743055555556,0.904641646256365,1.05106487056691,0.292816046124784,53.4516295445197
11.6744047619048,0.904566472588141,1.05100575913149,0.29267602849548,53.4521716661972
11.674503968254,0.904491306809,1.05094664122466,0.292536077617871,53.4527137317795
11.6746031746032,0.904416148918037,1.0508875168522,0.292396193458811,53.4532557412774
11.6747023809524,0.904340998914348,1.05082838601991,0.292256375985168,53.453797694702
11.6748015873016,0.904265856797031,1.05076924873355,0.292116625163826,53.454339592064
11.6749007936508,0.904190722565184,1.0507101049989,0.291976940961683,53.4548814333744
11.675,0.904115596217909,1.05065095482173,0.291837323345657,53.4554232186441
11.6750992063492,0.904040477754305,1.05059179820782,0.291697772282676,53.4559649478839
11.6751984126984,0.903965367173475,1.05053263516291,0.291558287739684,53.4565066211047
11.6752976190476,0.903890264474523,1.05047346569279,0.291418869683642,53.4570482383174
11.6753968253968,0.903815169656554,1.05041428980319,0.291279518081525,53.457589799533
11.675496031746,0.903740082718673,1.05035510749989,0.291140232900324,53.4581313047621
11.6755952380952,0.903665003659987,1.05029591878863,0.291001014107044,53.4586727540158
11.6756944444444,0.903589932479605,1.05023672367515,0.290861861668706,53.4592141473048
11.6757936507937,0.903514869176636,1.05017752216521,0.290722775552346,53.4597554846401
11.6758928571429,0.903439813750192,1.05011831426455,0.290583755725015,53.4602967660324
11.6759920634921,0.903364766199384,1.0500590999789,0.290444802153781,53.4608379914926
11.6760912698413,0.903289726523325,1.04999987931401,0.290305914805724,53.4613791610316
11.6761904761905,0.90321469472113,1.04994065227559,0.290167093647942,53.4619202746602
11.6762896825397,0.903139670791913,1.04988141886939,0.290028338647546,53.4624613323893
11.6763888888889,0.903064654734792,1.04982217910113,0.289889649771662,53.4630023342295
11.6764880952381,0.902989646548885,1.04976293297653,0.289751026987436,53.4635432801919
11.6765873015873,0.902914646233312,1.04970368050131,0.289612470262025,53.4640841702872
11.6766865079365,0.902839653787191,1.04964442168119,0.289473979562601,53.4646250045262
11.6767857142857,0.902764669209646,1.04958515652188,0.289335554856351,53.4651657829197
11.6768849206349,0.902689692499798,1.04952588502908,0.28919719611048,53.4657065054786
11.6769841269841,0.902614723656772,1.04946660720852,0.289058903292206,53.4662471722136
11.6770833333333,0.902539762679692,1.04940732306588,0.288920676368763,53.4667877831356
11.6771825396825,0.902464809567686,1.04934803260687,0.288782515307399,53.4673283382553
11.6772817460317,0.90238986431988,1.04928873583719,0.288644420075379,53.4678688375836
11.677380952381,0.902314926935403,1.04922943276253,0.288506390639982,53.4684092811312
11.6774801587302,0.902239997413385,1.04917012338858,0.288368426968502,53.4689496689088
11.6775793650794,0.902165075752958,1.04911080772103,0.288230529028249,53.4694900009274
11.6776785714286,0.902090161953254,1.04905148576556,0.288092696786549,53.4700302771977
11.6777777777778,0.902015256013406,1.04899215752785,0.287954930210741,53.4705704977303
11.677876984127,0.901940357932548,1.04893282301358,0.287817229268178,53.4711106625362
11.6779761904762,0.901865467709817,1.04887348222842,0.287679593926235,53.471650771626
11.6780753968254,0.901790585344351,1.04881413517805,0.287542024152296,53.4721908250106
11.6781746031746,0.901715710835287,1.04875478186813,0.287404519913762,53.4727308227006
11.6782738095238,0.901640844181766,1.04869542230433,0.287267081178049,53.4732707647068
11.678373015873,0.901565985382927,1.0486360564923,0.287129707912587,53.47381065104
11.6784722222222,0.901491134437912,1.04857668443772,0.286992400084825,53.4743504817109
11.6785714285714,0.901416291345865,1.04851730614622,0.286855157662223,53.4748902567303
11.6786706349206,0.901341456105931,1.04845792162347,0.286717980612258,53.4754299761088
11.6787698412698,0.901266628717253,1.04839853087511,0.286580868902422,53.4759696398573
11.678869047619,0.901191809178981,1.04833913390679,0.286443822500224,53.4765092479863
11.6789682539683,0.90111699749026,1.04827973072414,0.286306841373185,53.4770488005068
11.6790674603175,0.901042193650241,1.04822032133281,0.286169925488842,53.4775882974293
11.6791666666667,0.900967397658074,1.04816090573843,0.28603307481475,53.4781277387645
11.6792658730159,0.90089260951291,1.04810148394664,0.285896289318476,53.4786671245233
11.6793650793651,0.900817829213901,1.04804205596306,0.285759568967602,53.4792064547163
11.6794642857143,0.900743056760203,1.04798262179333,0.28562291372973,53.4797457293541
11.6795634920635,0.90066829215097,1.04792318144305,0.285486323572471,53.4802849484475
11.6796626984127,0.900593535340849,1.04786373493285,0.285349798477376,53.4808241120223
11.6797619047619,0.900518786282431,1.0478042822837,0.285213338428446,53.4813632201044
11.6798611111111,0.900444044974235,1.04774482350093,0.285076943396254,53.4819022727042
11.6799603174603,0.900369311414789,1.04768535858986,0.284940613351377,53.4824412698318
11.6800595238095,0.900294585602618,1.04762588755582,0.284804348264404,53.4829802114976
11.6801587301587,0.900219867536248,1.04756641040412,0.284668148105933,53.4835190977119
11.6802579365079,0.900145157214208,1.04750692714009,0.28453201284657,53.4840579284848
11.6803571428571,0.900070454635024,1.04744743776903,0.284395942456932,53.4845967038267
11.6804563492063,0.899995759797226,1.04738794229627,0.284259936907645,53.4851354237477
11.6805555555556,0.899921072699341,1.04732844072712,0.284123996169344,53.4856740882582
11.6806547619048,0.899846393339899,1.04726893306689,0.283988120212673,53.4862126973684
11.680753968254,0.899771721717431,1.04720941932089,0.283852309008286,53.4867512510885
11.6808531746032,0.899697057830465,1.04714989949442,0.283716562526846,53.4872897494288
11.6809523809524,0.899622401677534,1.04709037359279,0.283580880739027,53.4878281923995
11.6810515873016,0.89954775325717,1.04703084162131,0.283445263615512,53.4883665800109
11.6811507936508,0.899473112567903,1.04697130358527,0.28330971112699,53.4889049122732
11.68125,0.899398479608267,1.04691175948998,0.283174223244163,53.4894431891966
11.6813492063492,0.899323854376795,1.04685220934073,0.283038799937742,53.4899814107913
11.6814484126984,0.899249236872019,1.04679265314282,0.282903441178445,53.4905195770677
11.6815476190476,0.899174627092475,1.04673309090155,0.282768146937003,53.4910576880358
11.6816468253968,0.899100025036697,1.0466735226222,0.282632917184152,53.491595743706
11.681746031746,0.89902543070322,1.04661394831006,0.282497751890642,53.4921337440884
11.6818452380952,0.89895084409058,1.04655436797043,0.282362651027229,53.4926716891934
11.6819444444444,0.898876265197313,1.04649478160858,0.28222761456468,53.4932095790309
11.6820436507937,0.898801694021956,1.04643518922981,0.282092642473771,53.4937474136114
11.6821428571429,0.898727130563046,1.0463755908394,0.281957734725288,53.494285192945
11.6822420634921,0.898652574819122,1.04631598644263,0.281822891290024,53.4948229170419
11.6823412698413,0.89857802678872,1.04625637604477,0.281688112138783,53.4953605859123
11.6824404761905,0.898503486470381,1.04619675965111,0.281553397242381,53.4958981995665
11.6825396825397,0.898428953862645,1.04613713726691,0.28141874657164,53.4964357580145
11.6826388888889,0.89835442896405,1.04607750889745,0.281284160097391,53.4969732612667
11.6827380952381,0.898279911773138,1.04601787454801,0.281149637790478,53.4975107093332
11.6828373015873,0.898205402288449,1.04595823422385,0.28101517962175,53.4980481022242
11.6829365079365,0.898130900508526,1.04589858793024,0.280880785562068,53.4985854399498
11.6830357142857,0.89805640643191,1.04583893567245,0.280746455582302,53.4991227225204
11.6831349206349,0.897981920057143,1.04577927745573,0.280612189653331,53.499659949946
11.6832341269841,0.89790744138277,1.04571961328536,0.280477987746045,53.5001971222368
11.6833333333333,0.897832970407333,1.04565994316658,0.28034384983134,53.5007342394031
11.6834325396825,0.897758507129378,1.04560026710466,0.280209775880124,53.501271301455
11.6835317460317,0.897684051547448,1.04554058510486,0.280075765863314,53.5018083084026
11.683630952381,0.89760960366009,1.04548089717243,0.279941819751837,53.5023452602562
11.6837301587302,0.897535163465849,1.04542120331261,0.279807937516627,53.5028821570259
11.6838293650794,0.89746073096327,1.04536150353067,0.279674119128628,53.5034189987218
11.6839285714286,0.897386306150902,1.04530179783185,0.279540364558798,53.5039557853543
11.6840277777778,0.897311889027292,1.04524208622139,0.279406673778098,53.5044925169332
11.684126984127,0.897237479590988,1.04518236870455,0.279273046757502,53.505029193469
11.6842261904762,0.897163077840538,1.04512264528656,0.279139483467993,53.5055658149717
11.6843253968254,0.897088683774491,1.04506291597266,0.279005983880562,53.5061023814514
11.6844246031746,0.897014297391397,1.0450031807681,0.27887254796621,53.5066388929183
11.6845238095238,0.896939918689806,1.04494343967811,0.278739175695949,53.5071753493827
11.684623015873,0.896865547668268,1.04488369270793,0.278605867040797,53.5077117508545
11.6847222222222,0.896791184325336,1.04482393986279,0.278472621971785,53.5082480973439
11.6848214285714,0.89671682865956,1.04476418114791,0.278339440459952,53.5087843888612
11.6849206349206,0.896642480669492,1.04470441656854,0.278206322476345,53.5093206254164
11.6850198412698,0.896568140353686,1.0446446461299,0.278073267992022,53.5098568070196
11.685119047619,0.896493807710695,1.04458486983721,0.27794027697805,53.5103929336811
11.6852182539683,0.896419482739073,1.0445250876957,0.277807349405506,53.5109290054109
11.6853174603175,0.896345165437372,1.04446529971059,0.277674485245473,53.5114650222191
11.6854166666667,0.89627085580415,1.0444055058871,0.27754168446905,53.5120009841159
11.6855158730159,0.896196553837962,1.04434570623045,0.27740894704734,53.5125368911114
11.6856150793651,0.896122259537363,1.04428590074586,0.277276272951457,53.5130727432157
11.6857142857143,0.896047972900909,1.04422608943853,0.277143662152524,53.5136085404389
11.6858134920635,0.895973693927159,1.04416627231369,0.277011114621674,53.5141442827912
11.6859126984127,0.895899422614668,1.04410644937653,0.276878630330048,53.5146799702827
11.6860119047619,0.895825158961997,1.04404662063228,0.276746209248799,53.5152156029234
11.6861111111111,0.895750902967702,1.04398678608614,0.276613851349087,53.5157511807235
11.6862103174603,0.895676654630343,1.04392694574331,0.276481556602082,53.5162867036931
11.6863095238095,0.895602413948481,1.043867099609,0.276349324978964,53.5168221718423
11.6864087301587,0.895528180920674,1.0438072476884,0.276217156450922,53.5173575851811
11.6865079365079,0.895453955545485,1.04374738998672,0.276085050989154,53.5178929437197
11.6866071428571,0.895379737821473,1.04368752650916,0.275953008564868,53.5184282474682
11.6867063492063,0.895305527747202,1.0436276572609,0.275821029149282,53.5189634964366
11.6868055555556,0.895231325321232,1.04356778224715,0.27568911271362,53.5194986906351
11.6869047619048,0.895157130542128,1.0435079014731,0.275557259229121,53.5200338300738
11.687003968254,0.895082943408453,1.04344801494392,0.275425468667029,53.5205689147626
11.6871031746032,0.89500876391877,1.04338812266482,0.275293740998599,53.5211039447117
11.6872023809524,0.894934592071644,1.04332822464098,0.275162076195095,53.5216389199313
11.6873015873016,0.894860427865641,1.04326832087758,0.27503047422779,53.5221738404312
11.6874007936508,0.894786271299325,1.04320841137981,0.274898935067967,53.5227087062217
11.6875,0.894712122371263,1.04314849615284,0.274767458686919,53.5232435173128
11.6875992063492,0.894637981080021,1.04308857520186,0.274636045055947,53.5237782737145
11.6876984126984,0.894563847424167,1.04302864853204,0.274504694146362,53.524312975437
11.6877976190476,0.894489721402267,1.04296871614855,0.274373405929484,53.5248476224903
11.6878968253968,0.894415603012891,1.04290877805657,0.274242180376644,53.5253822148844
11.687996031746,0.894341492254607,1.04284883426127,0.274111017459181,53.5259167526294
11.6880952380952,0.894267389125985,1.04278888476781,0.273979917148442,53.5264512357354
11.6881944444444,0.894193293625594,1.04272892958138,0.273848879415787,53.5269856642124
11.6882936507937,0.894119205752003,1.04266896870712,0.27371790423258,53.5275200380705
11.6883928571429,0.894045125503785,1.0426090021502,0.273586991570202,53.5280543573197
11.6884920634921,0.893971052879511,1.04254902991579,0.273456141400038,53.52858862197
11.6885912698413,0.893896987877753,1.04248905200904,0.273325353693482,53.5291228320315
11.6886904761905,0.893822930497083,1.04242906843512,0.27319462842194,53.5296569875143
11.6887896825397,0.893748880736074,1.04236907919917,0.273063965556826,53.5301910884283
11.6888888888889,0.8936748385933,1.04230908430636,0.272933365069564,53.5307251347837
11.6889880952381,0.893600804067334,1.04224908376183,0.272802826931586,53.5312591265904
11.6890873015873,0.893526777156752,1.04218907757073,0.272672351114336,53.5317930638584
11.6891865079365,0.893452757860128,1.04212906573822,0.272541937589264,53.5323269465979
11.6892857142857,0.893378746176038,1.04206904826943,0.272411586327833,53.5328607748188
11.6893849206349,0.893304742103059,1.04200902516951,0.272281297301512,53.5333945485311
11.6894841269841,0.893230745639766,1.04194899644361,0.272151070481783,53.5339282677448
11.6895833333333,0.893156756784738,1.04188896209687,0.272020905840133,53.5344619324701
11.6896825396825,0.893082775536552,1.04182892213442,0.271890803348063,53.5349955427168
11.6897817460317,0.893008801893786,1.04176887656139,0.271760762977077,53.5355290984951
11.689880952381,0.892934835855019,1.04170882538294,0.271630784698699,53.5360625998148
11.6899801587302,0.892860877418831,1.04164876860419,0.271500868484451,53.5365960466861
11.6900793650794,0.892786926583802,1.04158870623026,0.271371014305872,53.5371294391188
11.6901785714286,0.892712983348512,1.04152863826629,0.271241222134506,53.5376627771231
11.6902777777778,0.892639047711541,1.04146856471742,0.271111491941909,53.5381960607089
11.690376984127,0.892565119671472,1.04140848558875,0.270981823699645,53.5387292898862
11.6904761904762,0.892491199226887,1.04134840088542,0.270852217379288,53.5392624646651
11.6905753968254,0.892417286376368,1.04128831061254,0.270722672952421,53.5397955850554
11.6906746031746,0.892343381118498,1.04122821477525,0.270593190390638,53.5403286510672
11.6907738095238,0.89226948345186,1.04116811337864,0.270463769665539,53.5408616627105
11.690873015873,0.89219559337504,1.04110800642785,0.270334410748736,53.5413946199952
11.6909722222222,0.892121710886622,1.04104789392799,0.270205113611851,53.5419275229313
11.6910714285714,0.89204783598519,1.04098777588416,0.270075878226512,53.5424603715289
11.6911706349206,0.891973968669332,1.04092765230147,0.269946704564361,53.5429931657978
11.6912698412698,0.891900108937631,1.04086752318505,0.269817592597044,53.5435259057481
11.691369047619,0.891826256788677,1.04080738853998,0.269688542296223,53.5440585913897
11.6914682539683,0.891752412221056,1.04074724837139,0.269559553633563,53.5445912227327
11.6915674603175,0.891678575233357,1.04068710268436,0.269430626580743,53.5451237997868
11.6916666666667,0.891604745824167,1.040626951484,0.269301761109448,53.5456563225622
11.6917658730159,0.891530923992076,1.04056679477542,0.269172957191374,53.5461887910688
11.6918650793651,0.891457109735673,1.0405066325637,0.269044214798228,53.5467212053165
11.6919642857143,0.891383303053548,1.04044646485394,0.268915533901722,53.5472535653153
11.6920634920635,0.891309503944291,1.04038629165123,0.268786914473582,53.5477858710751
11.6921626984127,0.891235712406494,1.04032611296067,0.268658356485541,53.5483181226059
11.6922619047619,0.891161928438749,1.04026592878735,0.268529859909341,53.5488503199177
11.6923611111111,0.891088152039647,1.04020573913635,0.268401424716736,53.5493824630203
11.6924603174603,0.891014383207781,1.04014554401276,0.268273050879486,53.5499145519237
11.6925595238095,0.890940621941745,1.04008534342167,0.268144738369362,53.550446586638
11.6926587301587,0.890866868240132,1.04002513736815,0.268016487158145,53.5509785671729
11.6927579365079,0.890793122101536,1.03996492585728,0.267888297217623,53.5515104935384
11.6928571428571,0.890719383524553,1.03990470889414,0.267760168519598,53.5520423657445
11.6929563492063,0.890645652507777,1.03984448648382,0.267632101035878,53.5525741838011
11.6930555555556,0.890571929049805,1.03978425863137,0.26750409473828,53.5531059477181
11.6931547619048,0.890498213149233,1.03972402534189,0.267376149598631,53.5536376575054
11.693253968254,0.890424504804658,1.03966378662043,0.267248265588769,53.554169313173
11.6933531746032,0.890350804014677,1.03960354247206,0.267120442680539,53.5547009147308
11.6934523809524,0.890277110777889,1.03954329290186,0.266992680845796,53.5552324621887
11.6935515873016,0.890203425092892,1.03948303791488,0.266864980056407,53.5557639555566
11.6936507936508,0.890129746958285,1.0394227775162,0.266737340284244,53.5562953948443
11.69375,0.890056076372667,1.03936251171086,0.266609761501191,53.556826780062
11.6938492063492,0.889982413334639,1.03930224050393,0.266482243679142,53.5573581112193
11.6939484126984,0.889908757842802,1.03924196390047,0.266354786789999,53.5578893883263
11.6940476190476,0.889835109895756,1.03918168190553,0.266227390805673,53.5584206113928
11.6941468253968,0.889761469492104,1.03912139452417,0.266100055698087,53.5589517804287
11.694246031746,0.889687836630447,1.03906110176144,0.265972781439168,53.559482895444
11.6943452380952,0.889614211309389,1.03900080362238,0.26584556800086,53.5600139564485
11.6944444444444,0.889540593527533,1.03894050011205,0.265718415355111,53.560544963452
11.6945436507937,0.889466983283482,1.03888019123549,0.265591323473879,53.5610759164646
11.6946428571429,0.889393380575842,1.03881987699774,0.265464292329133,53.5616068154961
11.6947420634921,0.889319785403217,1.03875955740385,0.26533732189285,53.5621376605563
11.6948412698413,0.889246197764212,1.03869923245886,0.265210412137016,53.5626684516551
11.6949404761905,0.889172617657434,1.03863890216781,0.265083563033629,53.5631991888025
11.6950396825397,0.889099045081489,1.03857856653572,0.264956774554694,53.5637298720082
11.6951388888889,0.889025480034983,1.03851822556765,0.264830046672225,53.5642605012822
11.6952380952381,0.888951922516526,1.03845787926861,0.264703379358248,53.5647910766344
11.6953373015873,0.888878372524725,1.03839752764364,0.264576772584796,53.5653215980745
11.6954365079365,0.888804830058188,1.03833717069778,0.264450226323913,53.5658520656125
11.6955357142857,0.888731295115525,1.03827680843603,0.26432374054765,53.5663824792583
11.6956349206349,0.888657767695345,1.03821644086344,0.26419731522807,53.5669128390216
11.6957341269841,0.888584247796258,1.03815606798503,0.264070950337243,53.5674431449123
11.6958333333333,0.888510735416876,1.03809568980581,0.263944645847252,53.5679733969404
11.6959325396825,0.88843723055581,1.0380353063308,0.263818401730187,53.5685035951156
11.6960317460317,0.888363733211672,1.03797491756503,0.263692217958146,53.5690337394477
11.696130952381,0.888290243383074,1.0379145235135,0.263566094503239,53.5695638299467
11.6962301587302,0.888216761068628,1.03785412418124,0.263440031337584,53.5700938666224
11.6963293650794,0.88814328626695,1.03779371957325,0.263314028433308,53.5706238494846
11.6964285714286,0.888069818976651,1.03773330969455,0.263188085762549,53.5711537785432
11.6965277777778,0.887996359196348,1.03767289455013,0.263062203297453,53.571683653808
11.696626984127,0.887922906924654,1.03761247414502,0.262936381010176,53.5722134752887
11.6967261904762,0.887849462160186,1.0375520484842,0.262810618872884,53.5727432429954
11.6968253968254,0.88777602490156,1.0374916175727,0.26268491685775,53.5732729569377
11.6969246031746,0.887702595147392,1.03743118141549,0.262559274936959,53.5738026171256
11.6970238095238,0.887629172896299,1.03737074001759,0.262433693082704,53.5743322235687
11.697123015873,0.8875557581469,1.03731029338399,0.262308171267188,53.5748617762771
11.6972222222222,0.887482350897811,1.03724984151969,0.262182709462622,53.5753912752604
11.6973214285714,0.887408951147653,1.03718938442967,0.26205730764123,53.5759207205285
11.6974206349206,0.887335558895045,1.03712892211894,0.261931965775242,53.5764501120911
11.6975198412698,0.887262174138606,1.03706845459247,0.261806683836897,53.5769794499582
11.697619047619,0.887188796876957,1.03700798185525,0.261681461798447,53.5775087341395
11.6977182539683,0.887115427108718,1.03694750391228,0.261556299632149,53.5780379646449
11.6978174603175,0.887042064832512,1.03688702076853,0.261431197310273,53.578567141484
11.6979166666667,0.88696871004696,1.03682653242899,0.261306154805095,53.5790962646668
11.6980158730159,0.886895362750684,1.03676603889863,0.261181172088905,53.579625334203
11.6981150793651,0.886822022942308,1.03670554018244,0.261056249133997,53.5801543501024
11.6982142857143,0.886748690620454,1.03664503628538,0.260931385912678,53.5806833123748
11.6983134920635,0.886675365783749,1.03658452721244,0.260806582397264,53.58121222103
11.6984126984127,0.886602048430815,1.03652401296858,0.26068183856008,53.5817410760777
11.6985119047619,0.886528738560278,1.03646349355878,0.260557154373459,53.5822698775279
11.6986111111111,0.886455436170763,1.036402968988,0.260432529809745,53.5827986253901
11.6987103174603,0.886382141260897,1.03634243926122,0.260307964841289,53.5833273196744
11.6988095238095,0.886308853829307,1.03628190438338,0.260183459440458,53.5838559603903
11.6989087301587,0.886235573874621,1.03622136435947,0.260059013579621,53.5843845475476
11.6990079365079,0.886162301395465,1.03616081919443,0.259934627231159,53.5849130811563
11.6991071428571,0.886089036390469,1.03610026889323,0.259810300367463,53.5854415612259
11.6992063492063,0.88601577885826,1.03603971346082,0.259686032960933,53.5859699877663
11.6993055555556,0.885942528797469,1.03597915290216,0.259561824983978,53.5864983607873
11.6994047619048,0.885869286206726,1.0359185872222,0.259437676409017,53.5870266802985
11.699503968254,0.88579605108466,1.03585801642589,0.259313587208478,53.5875549463099
11.6996031746032,0.885722823429903,1.03579744051819,0.259189557354798,53.588083158831
11.6997023809524,0.885649603241087,1.03573685950404,0.259065586820424,53.5886113178717
11.6998015873016,0.885576390516844,1.03567627338838,0.258941675577812,53.5891394234418
11.6999007936508,0.885503185255806,1.03561568217616,0.258817823599428,53.5896674755508
11.7,0.885429987456606,1.03555508587232,0.258694030857748,53.5901954742088
11.7000992063492,0.885356797117878,1.03549448448181,0.258570297325254,53.5907234194252
11.7001984126984,0.885283614238255,1.03543387800955,0.25844662297444,53.59125131121
11.7002976190476,0.885210438816374,1.03537326646049,0.258323007777812,53.5917791495728
11.7003968253968,0.88513727085087,1.03531264983955,0.258199451707881,53.5923069345234
11.700496031746,0.885064110340377,1.03525202815168,0.258075954737169,53.5928346660714
11.7005952380952,0.884990957283533,1.0351914014018,0.257952516838207,53.5933623442267
11.7006944444444,0.884917811678975,1.03513076959484,0.257829137983535,53.593889968999
11.7007936507937,0.884844673525339,1.03507013273572,0.257705818145704,53.5944175403979
11.7008928571429,0.884771542821263,1.03500949082938,0.257582557297274,53.5949450584333
11.7009920634921,0.884698419565387,1.03494884388073,0.257459355410813,53.5954725231147
11.7010912698413,0.884625303756349,1.0348881918947,0.2573362124589,53.595999934452
11.7011904761905,0.884552195392789,1.0348275348762,0.257213128414122,53.5965272924549
11.7012896825397,0.884479094473346,1.03476687283016,0.257090103249075,53.597054597133
11.7013888888889,0.884406000996661,1.03470620576148,0.256967136936368,53.5975818484961
11.7014880952381,0.884332914961377,1.03464553367508,0.256844229448615,53.5981090465539
11.7015873015873,0.884259836366133,1.03458485657588,0.256721380758441,53.5986361913161
11.7016865079365,0.884186765209571,1.03452417446877,0.25659859083848,53.5991632827924
11.7017857142857,0.884113701490337,1.03446348735868,0.256475859661379,53.5996903209924
11.7018849206349,0.884040645207071,1.0344027952505,0.256353187199789,53.600217305926
11.7019841269841,0.883967596358419,1.03434209814913,0.256230573426373,53.6007442376027
11.7020833333333,0.883894554943024,1.03428139605949,0.256108018313804,53.6012711160322
11.7021825396825,0.883821520959532,1.03422068898648,0.255985521834763,53.6017979412244
11.7022817460317,0.883748494406587,1.03415997693498,0.25586308396194,53.6023247131888
11.702380952381,0.883675475282836,1.03409925990989,0.255740704668037,53.6028514319351
11.7024801587302,0.883602463586925,1.03403853791612,0.255618383925762,53.603378097473
11.7025793650794,0.8835294593175,1.03397781095855,0.255496121707835,53.6039047098122
11.7026785714286,0.883456462473211,1.03391707904207,0.255373917986984,53.6044312689623
11.7027777777778,0.883383473052704,1.03385634217157,0.255251772735947,53.6049577749331
11.702876984127,0.883310491054628,1.03379560035194,0.255129685927472,53.6054842277342
11.7029761904762,0.883237516477633,1.03373485358807,0.255007657534314,53.6060106273753
11.7030753968254,0.883164549320367,1.03367410188484,0.25488568752924,53.606536973866
11.7031746031746,0.883091589581481,1.03361334524712,0.254763775885024,53.607063267216
11.7032738095238,0.883018637259626,1.0335525836798,0.254641922574454,53.6075895074349
11.703373015873,0.882945692353454,1.03349181718775,0.254520127570321,53.6081156945325
11.7034722222222,0.882872754861615,1.03343104577586,0.254398390845431,53.6086418285183
11.7035714285714,0.882799824782763,1.03337026944899,0.254276712372595,53.6091679094021
11.7036706349206,0.882726902115549,1.03330948821201,0.254155092124636,53.6096939371935
11.7037698412698,0.882653986858628,1.0332487020698,0.254033530074385,53.610219911902
11.703869047619,0.882581079010654,1.03318791102723,0.253912026194685,53.6107458335375
11.7039682539683,0.88250817857028,1.03312711508915,0.253790580458384,53.6112717021094
11.7040674603175,0.882435285536161,1.03306631426044,0.253669192838344,53.6117975176275
11.7041666666667,0.882362399906954,1.03300550854596,0.253547863307433,53.6123232801014
11.7042658730159,0.882289521681315,1.03294469795056,0.25342659183853,53.6128489895407
11.7043650793651,0.882216650857899,1.0328838824791,0.253305378404523,53.613374645955
11.7044642857143,0.882143787435364,1.03282306213645,0.25318422297831,53.613900249354
11.7045634920635,0.882070931412367,1.03276223692745,0.253063125532797,53.6144257997474
11.7046626984127,0.881998082787567,1.03270140685696,0.252942086040898,53.6149512971446
11.7047619047619,0.881925241559623,1.03264057192984,0.252821104475543,53.6154767415555
11.7048611111111,0.881852407727193,1.03257973215092,0.252700180809665,53.6160021329895
11.7049603174603,0.881779581288938,1.03251888752506,0.252579315016208,53.6165274714562
11.7050595238095,0.881706762243518,1.03245803805709,0.252458507068127,53.6170527569654
11.7051587301587,0.881633950589593,1.03239718375188,0.252337756938383,53.6175779895266
11.7052579365079,0.881561146325825,1.03233632461425,0.25221706459995,53.6181031691494
11.7053571428571,0.881488349450876,1.03227546064904,0.252096430025809,53.6186282958434
11.7054563492063,0.881415559963408,1.0322145918611,0.251975853188953,53.6191533696183
11.7055555555556,0.881342777862084,1.03215371825526,0.25185533406238,53.6196783904836
11.7056547619048,0.881270003145568,1.03209283983635,0.251734872619102,53.6202033584489
11.705753968254,0.881197235812523,1.0320319566092,0.251614468832139,53.6207282735239
11.7058531746032,0.881124475861615,1.03197106857865,0.251494122674518,53.621253135718
11.7059523809524,0.881051723291508,1.03191017574952,0.251373834119278,53.621777945041
11.7060515873016,0.880978978100869,1.03184927812665,0.251253603139466,53.6223027015024
11.7061507936508,0.880906240288361,1.03178837571484,0.251133429708138,53.6228274051117
11.70625,0.880833509852654,1.03172746851893,0.251013313798365,53.6233520558786
11.7063492063492,0.880760786792414,1.03166655654374,0.250893255383218,53.6238766538127
11.7064484126984,0.880688071106309,1.03160563979408,0.250773254435785,53.6244011989235
11.7065476190476,0.880615362793007,1.03154471827478,0.250653310929159,53.6249256912205
11.7066468253968,0.880542661851176,1.03148379199065,0.250533424836444,53.6254501307135
11.706746031746,0.880469968279487,1.03142286094649,0.250413596130754,53.6259745174119
11.7068452380952,0.880397282076609,1.03136192514713,0.250293824785211,53.6264988513253
11.7069444444444,0.880324603241212,1.03130098459736,0.250174110772948,53.6270231324632
11.7070436507937,0.880251931771968,1.03124003930201,0.250054454067105,53.6275473608353
11.7071428571429,0.880179267667548,1.03117908926586,0.249934854640835,53.6280715364511
11.7072420634921,0.880106610926623,1.03111813449374,0.249815312467296,53.6285956593201
11.7073412698413,0.880033961547868,1.03105717499043,0.249695827519658,53.629119729452
11.7074404761905,0.879961319529953,1.03099621076075,0.249576399771102,53.6296437468562
11.7075396825397,0.879888684871554,1.03093524180948,0.249457029194814,53.6301677115423
11.7076388888889,0.879816057571343,1.03087426814142,0.249337715763992,53.6306916235198
11.7077380952381,0.879743437627996,1.03081328976136,0.249218459451845,53.6312154827984
11.7078373015873,0.879670825040189,1.03075230667411,0.249099260231589,53.6317392893875
11.7079365079365,0.879598219806597,1.03069131888445,0.248980118076449,53.6322630432966
11.7080357142857,0.879525621925896,1.03063032639716,0.248861032959661,53.6327867445354
11.7081349206349,0.879453031396762,1.03056932921704,0.248742004854469,53.6333103931133
11.7082341269841,0.879380448217874,1.03050832734886,0.248623033734129,53.6338339890399
11.7083333333333,0.879307872387909,1.03044732079742,0.248504119571902,53.6343575323247
11.7084325396825,0.879235303905546,1.03038630956749,0.248385262341062,53.6348810229772
11.7085317460317,0.879162742769463,1.03032529366385,0.248266462014892,53.635404461007
11.708630952381,0.87909018897834,1.03026427309128,0.248147718566683,53.6359278464236
11.7087301587302,0.879017642530856,1.03020324785455,0.248029031969736,53.6364511792364
11.7088293650794,0.878945103425693,1.03014221795844,0.247910402197361,53.6369744594551
11.7089285714286,0.878872571661532,1.03008118340772,0.247791829222878,53.6374976870891
11.7090277777778,0.878800047237054,1.03002014420715,0.247673313019617,53.6380208621479
11.709126984127,0.878727530150939,1.02995910036151,0.247554853560915,53.6385439846411
11.7092261904762,0.878655020401874,1.02989805187556,0.247436450820122,53.6390670545781
11.7093253968254,0.878582517988539,1.02983699875407,0.247318104770594,53.6395900719684
11.7094246031746,0.878510022909619,1.02977594100179,0.247199815385699,53.6401130368217
11.7095238095238,0.878437535163799,1.02971487862349,0.247081582638812,53.6406359491472
11.709623015873,0.878365054749761,1.02965381162392,0.246963406503319,53.6411588089546
11.7097222222222,0.878292581666193,1.02959274000785,0.246845286952614,53.6416816162533
11.7098214285714,0.87822011591178,1.02953166378001,0.246727223960103,53.6422043710529
11.7099206349206,0.878147657485208,1.02947058294518,0.246609217499199,53.6427270733628
11.7100198412698,0.878075206385164,1.0294094975081,0.246491267543324,53.6432497231924
11.710119047619,0.878002762610336,1.02934840747351,0.246373374065911,53.6437723205514
11.7102182539683,0.877930326159412,1.02928731284617,0.246255537040403,53.6442948654491
11.7103174603175,0.877857897031079,1.02922621363081,0.24613775644025,53.644817357895
11.7104166666667,0.877785475224028,1.02916510983219,0.246020032238913,53.6453397978986
11.7105158730159,0.877713060736948,1.02910400145503,0.245902364409862,53.6458621854695
11.7106150793651,0.877640653568527,1.02904288850409,0.245784752926575,53.6463845206169
11.7107142857143,0.877568253717459,1.0289817709841,0.245667197762543,53.6469068033505
11.7108134920635,0.877495861182433,1.0289206488998,0.245549698891264,53.6474290336797
11.7109126984127,0.877423475962142,1.02885952225591,0.245432256286245,53.6479512116139
11.7110119047619,0.877351098055277,1.02879839105717,0.245314869921003,53.6484733371626
11.7111111111111,0.877278727460532,1.02873725530831,0.245197539769063,53.6489954103353
11.7112103174603,0.877206364176599,1.02867611501406,0.245080265803963,53.6495174311414
11.7113095238095,0.877134008202173,1.02861497017914,0.244963047999247,53.6500393995903
11.7114087301587,0.877061659535947,1.02855382080828,0.244845886328469,53.6505613156916
11.7115079365079,0.876989318176618,1.0284926669062,0.244728780765194,53.6510831794546
11.7116071428571,0.876916984122879,1.02843150847762,0.244611731282994,53.6516049908888
11.7117063492063,0.876844657373427,1.02837034552725,0.244494737855452,53.6521267500037
11.7118055555556,0.87677233792696,1.02830917805982,0.244377800456161,53.6526484568086
11.7119047619048,0.876700025782172,1.02824800608004,0.244260919058722,53.6531701113131
11.712003968254,0.876627720937763,1.02818682959262,0.244144093636745,53.6536917135265
11.7121031746032,0.87655542339243,1.02812564860228,0.244027324163849,53.6542132634583
11.7122023809524,0.876483133144872,1.02806446311371,0.243910610613667,53.6547347611179
11.7123015873016,0.876410850193788,1.02800327313163,0.243793952959837,53.6552562065147
11.7124007936508,0.876338574537878,1.02794207866075,0.243677351176006,53.6557775996582
11.7125,0.876266306175842,1.02788087970576,0.243560805235833,53.6562989405577
11.7125992063492,0.87619404510638,1.02781967627137,0.243444315112984,53.6568202292228
11.7126984126984,0.876121791328195,1.02775846836228,0.243327880781136,53.6573414656627
11.7127976190476,0.876049544839987,1.02769725598319,0.243211502213975,53.657862649887
11.7128968253968,0.87597730564046,1.02763603913878,0.243095179385197,53.658383781905
11.712996031746,0.875905073728315,1.02757481783376,0.242978912268505,53.6589048617261
11.7130952380952,0.875832849102257,1.02751359207282,0.242862700837615,53.6594258893598
11.7131944444444,0.87576063176099,1.02745236186064,0.242746545066249,53.6599468648154
11.7132936507937,0.875688421703217,1.02739112720191,0.24263044492814,53.6604677881024
11.7133928571429,0.875616218927644,1.02732988810133,0.242514400397031,53.6609886592301
11.7134920634921,0.875544023432976,1.02726864456357,0.242398411446673,53.661509478208
11.7135912698413,0.875471835217919,1.02720739659332,0.242282478050826,53.6620302450454
11.7136904761905,0.875399654281181,1.02714614419525,0.242166600183263,53.6625509597516
11.7137896825397,0.875327480621469,1.02708488737405,0.242050777817762,53.6630716223362
11.7138888888889,0.875255314237489,1.0270236261344,0.241935010928112,53.6635922328085
11.7139880952381,0.875183155127951,1.02696236048096,0.241819299488113,53.6641127911779
11.7140873015873,0.875111003291562,1.02690109041841,0.241703643471572,53.6646332974537
11.7141865079365,0.875038858727032,1.02683981595143,0.241588042852306,53.6651537516453
11.7142857142857,0.874966721433071,1.02677853708468,0.241472497604142,53.6656741537621
11.7143849206349,0.87489459140839,1.02671725382282,0.241357007700916,53.6661945038135
11.7144841269841,0.874822468651698,1.02665596617053,0.241241573116473,53.6667148018089
11.7145833333333,0.874750353161708,1.02659467413246,0.24112619382467,53.6672350477575
11.7146825396825,0.874678244937132,1.02653337771328,0.241010869799368,53.6677552416688
11.7147817460317,0.874606143976681,1.02647207691765,0.240895601014444,53.6682753835521
11.714880952381,0.87453405027907,1.02641077175023,0.240780387443778,53.6687954734168
11.7149801587302,0.874461963843011,1.02634946221567,0.240665229061265,53.6693155112723
11.7150793650794,0.874389884667217,1.02628814831862,0.240550125840803,53.6698354971279
11.7151785714286,0.874317812750405,1.02622683006375,0.240435077756308,53.6703554309929
11.7152777777778,0.87424574809129,1.02616550745569,0.240320084781699,53.6708753128767
11.715376984127,0.874173690688586,1.02610418049909,0.240205146890904,53.6713951427886
11.7154761904762,0.87410164054101,1.02604284919861,0.240090264057865,53.671914920738
11.7155753968254,0.874029597647279,1.02598151355889,0.239975436256528,53.6724346467342
11.7156746031746,0.873957562006111,1.02592017358457,0.239860663460854,53.6729543207866
11.7157738095238,0.873885533616221,1.02585882928028,0.239745945644808,53.6734739429045
11.715873015873,0.87381351247633,1.02579748065068,0.239631282782369,53.6739935130972
11.7159722222222,0.873741498585156,1.02573612770039,0.239516674847522,53.6745130313741
11.7160714285714,0.873669491941419,1.02567477043406,0.239402121814263,53.6750324977445
11.7161706349206,0.873597492543837,1.02561340885631,0.239287623656596,53.6755519122177
11.7162698412698,0.873525500391133,1.02555204297177,0.239173180348538,53.676071274803
11.716369047619,0.873453515482026,1.02549067278508,0.23905879186411,53.6765905855097
11.7164682539683,0.873381537815238,1.02542929830087,0.238944458177347,53.6771098443472
11.7165674603175,0.87330956738949,1.02536791952375,0.23883017926229,53.6776290513248
11.7166666666667,0.873237604203507,1.02530653645835,0.238715955092993,53.6781482064518
11.7167658730159,0.873165648256012,1.0252451491093,0.238601785643517,53.6786673097375
11.7168650793651,0.873093699545726,1.02518375748121,0.238487670887932,53.6791863611913
11.7169642857143,0.873021758071376,1.02512236157871,0.238373610800319,53.6797053608223
11.7170634920635,0.872949823831684,1.0250609614064,0.238259605354766,53.6802243086399
11.7171626984127,0.872877896825378,1.0249995569689,0.238145654525374,53.6807432046535
11.7172619047619,0.872805977051182,1.02493814827083,0.238031758286249,53.6812620488723
11.7173611111111,0.872734064507823,1.02487673531679,0.237917916611511,53.6817808413056
11.7174603174603,0.872662159194027,1.0248153181114,0.237804129475285,53.6822995819626
11.7175595238095,0.872590261108522,1.02475389665926,0.23769039685171,53.6828182708528
11.7176587301587,0.872518370250036,1.02469247096497,0.237576718714929,53.6833369079853
11.7177579365079,0.872446486617297,1.02463104103314,0.237463095039099,53.6838554933695
11.7178571428571,0.872374610209035,1.02456960686837,0.237349525798384,53.6843740270146
11.7179563492063,0.872302741023978,1.02450816847525,0.237236010966959,53.68489250893
11.7180555555556,0.872230879060856,1.02444672585839,0.237122550519004,53.6854109391248
11.7181547619048,0.872159024318402,1.02438527902239,0.237009144428717,53.6859293176084
11.718253968254,0.872087176795345,1.02432382797182,0.236895792670298,53.68644764439
11.7183531746032,0.872015336490416,1.02426237271129,0.236782495217957,53.6869659194789
11.7184523809524,0.871943503402349,1.02420091324539,0.236669252045917,53.6874841428844
11.7185515873016,0.871871677529876,1.0241394495787,0.236556063128407,53.6880023146157
11.7186507936508,0.87179985887173,1.0240779817158,0.236442928439668,53.6885204346821
11.71875,0.871728047426645,1.02401650966129,0.236329847953948,53.6890385030929
11.7188492063492,0.871656243193355,1.02395503341974,0.236216821645506,53.6895565198573
11.7189484126984,0.871584446170595,1.02389355299574,0.236103849488609,53.6900744849845
11.7190476190476,0.8715126563571,1.02383206839386,0.235990931457536,53.6905923984838
11.7191468253968,0.871440873751607,1.02377057961868,0.235878067526573,53.6911102603645
11.719246031746,0.871369098352851,1.02370908667477,0.235765257670015,53.6916280706357
11.7193452380952,0.87129733015957,1.02364758956671,0.235652501862169,53.6921458293069
11.7194444444444,0.8712255691705,1.02358608829907,0.235539800077348,53.692663536387
11.7195436507937,0.87115381538438,1.02352458287641,0.235427152289876,53.6931811918856
11.7196428571429,0.871082068799949,1.0234630733033,0.23531455847409,53.6936987958116
11.7197420634921,0.871010329415946,1.02340155958431,0.235202018604331,53.6942163481745
11.7198412698413,0.870938597231111,1.023340041724,0.235089532654951,53.6947338489833
11.7199404761905,0.870866872244183,1.02327851972694,0.234977100600311,53.6952512982474
11.7200396825397,0.870795154453902,1.02321699359767,0.234864722414784,53.6957686959759
11.7201388888889,0.870723443859012,1.02315546334077,0.23475239807275,53.6962860421782
11.7202380952381,0.870651740458252,1.02309392896077,0.234640127548598,53.6968033368633
11.7203373015873,0.870580044250365,1.02303239046225,0.234527910816728,53.6973205800406
11.7204365079365,0.870508355234095,1.02297084784974,0.234415747851549,53.6978377717192
11.7205357142857,0.870436673408184,1.02290930112781,0.234303638627479,53.6983549119083
11.7206349206349,0.870364998771377,1.02284775030099,0.234191583118944,53.6988720006172
11.7207341269841,0.870293331322417,1.02278619537383,0.234079581300383,53.6993890378551
11.7208333333333,0.870221671060049,1.02272463635089,0.233967633146241,53.6999060236311
11.7209325396825,0.87015001798302,1.02266307323669,0.233855738630974,53.7004229579544
11.7210317460317,0.870078372090074,1.02260150603578,0.233743897729045,53.7009398408344
11.721130952381,0.87000673337996,1.0225399347527,0.233632110414932,53.7014566722801
11.7212301587302,0.869935101851424,1.02247835939199,0.233520376663117,53.7019734523007
11.7213293650794,0.869863477503212,1.02241677995817,0.233408696448094,53.7024901809055
11.7214285714286,0.869791860334074,1.02235519645579,0.233297069744364,53.7030068581037
11.7215277777778,0.869720250342759,1.02229360888937,0.23318549652644,53.7035234839043
11.721626984127,0.869648647528014,1.02223201726345,0.233073976768844,53.7040400583166
11.7217261904762,0.869577051888591,1.02217042158254,0.232962510446105,53.7045565813498
11.7218253968254,0.869505463423239,1.02210882185118,0.232851097532764,53.7050730530131
11.7219246031746,0.869433882130708,1.02204721807389,0.232739738003371,53.7055894733156
11.7220238095238,0.869362308009752,1.02198561025519,0.232628431832484,53.7061058422665
11.722123015873,0.86929074105912,1.0219239983996,0.232517178994671,53.706622159875
11.7222222222222,0.869219181277566,1.02186238251163,0.232405979464511,53.7071384261502
11.7223214285714,0.869147628663843,1.02180076259581,0.23229483321659,53.7076546411014
11.7224206349206,0.869076083216703,1.02173913865665,0.232183740225505,53.7081708047375
11.7225198412698,0.869004544934901,1.02167751069865,0.232072700465861,53.708686917068
11.722619047619,0.868933013817191,1.02161587872633,0.231961713912274,53.7092029781018
11.7227182539683,0.86886148986233,1.0215542427442,0.231850780539369,53.7097189878481
11.7228174603175,0.868789973069072,1.02149260275677,0.231739900321779,53.7102349463162
11.7229166666667,0.868718463436172,1.02143095876853,0.231629073234148,53.7107508535151
11.7230158730159,0.868646960962389,1.02136931078399,0.231518299251129,53.7112667094539
11.7231150793651,0.868575465646479,1.02130765880765,0.231407578347383,53.7117825141419
11.7232142857143,0.868503977487199,1.02124600284401,0.231296910497582,53.7122982675882
11.7233134920635,0.868432496483308,1.02118434289757,0.231186295676408,53.7128139698019
11.7234126984127,0.868361022633565,1.02112267897282,0.23107573385855,53.7133296207921
11.7235119047619,0.868289555936729,1.02106101107425,0.230965225018708,53.713845220568
11.7236111111111,0.86821809639156,1.02099933920636,0.230854769131591,53.7143607691388
11.7237103174603,0.868146643996819,1.02093766337364,0.230744366171917,53.7148762665134
11.7238095238095,0.868075198751265,1.02087598358056,0.230634016114415,53.7153917127012
11.7239087301587,0.868003760653661,1.02081429983163,0.230523718933822,53.7159071077111
11.7240079365079,0.867932329702768,1.02075261213131,0.230413474604883,53.7164224515524
11.7241071428571,0.867860905897349,1.0206909204841,0.230303283102357,53.7169377442341
11.7242063492063,0.867789489236168,1.02062922489447,0.230193144401007,53.7174529857653
11.7243055555556,0.867718079717988,1.0205675253669,0.230083058475609,53.7179681761552
11.7244047619048,0.867646677341572,1.02050582190587,0.229973025300946,53.7184833154128
11.724503968254,0.867575282105685,1.02044411451585,0.229863044851813,53.7189984035474
11.7246031746032,0.867503894009093,1.02038240320131,0.229753117103012,53.7195134405679
11.7247023809524,0.867432513050562,1.02032068796673,0.229643242029356,53.7200284264835
11.7248015873016,0.867361139228856,1.02025896881657,0.229533419605665,53.7205433613033
11.7249007936508,0.867289772542744,1.02019724575529,0.229423649806773,53.7210582450364
11.725,0.867218412990993,1.02013551878737,0.229313932607518,53.7215730776918
11.7250992063492,0.867147060572369,1.02007378791727,0.22920426798275,53.7220878592788
11.7251984126984,0.867075715285643,1.02001205314944,0.22909465590733,53.7226025898063
11.7252976190476,0.867004377129582,1.01995031448835,0.228985096356125,53.7231172692834
11.7253968253968,0.866933046102956,1.01988857193845,0.228875589304014,53.7236318977193
11.725496031746,0.866861722204534,1.01982682550419,0.228766134725883,53.724146475123
11.7255952380952,0.866790405433088,1.01976507519004,0.228656732596631,53.7246610015036
11.7256944444444,0.866719095787389,1.01970332100044,0.228547382891163,53.7251754768702
11.7257936507937,0.866647793266208,1.01964156293985,0.228438085584395,53.7256899012318
11.7258928571429,0.866576497868316,1.0195798010127,0.228328840651252,53.7262042745976
11.7259920634921,0.866505209592488,1.01951803522345,0.228219648066668,53.7267185969765
11.7260912698413,0.866433928437495,1.01945626557654,0.228110507805586,53.7272328683777
11.7261904761905,0.866362654402112,1.0193944920764,0.22800141984296,53.7277470888102
11.7262896825397,0.866291387485112,1.01933271472749,0.227892384153753,53.7282612582831
11.7263888888889,0.866220127685271,1.01927093353424,0.227783400712936,53.7287753768055
11.7264880952381,0.866148875001364,1.01920914850109,0.227674469495491,53.7292894443863
11.7265873015873,0.866077629432166,1.01914735963246,0.227565590476409,53.7298034610347
11.7266865079365,0.866006390976454,1.0190855669328,0.227456763630688,53.7303174267597
11.7267857142857,0.865935159633005,1.01902377040653,0.22734798893334,53.7308313415703
11.7268849206349,0.865863935400596,1.01896197005808,0.227239266359382,53.7313452054757
11.7269841269841,0.865792718278004,1.01890016589188,0.227130595883842,53.7318590184848
11.7270833333333,0.86572150826401,1.01883835791235,0.227021977481759,53.7323727806067
11.7271825396825,0.865650305357391,1.01877654612392,0.22691341112818,53.7328864918504
11.7272817460317,0.865579109556927,1.01871473053101,0.226804896798162,53.7334001522249
11.727380952381,0.865507920861398,1.01865291113803,0.226696434466769,53.7339137617393
11.7274801587302,0.865436739269585,1.01859108794941,0.226588024109076,53.7344273204027
11.7275793650794,0.865365564780269,1.01852926096955,0.22647966570017,53.734940828224
11.7276785714286,0.865294397392232,1.01846743020288,0.226371359215142,53.7354542852123
11.7277777777778,0.865223237104255,1.01840559565381,0.226263104629098,53.7359676913766
11.727876984127,0.865152083915121,1.01834375732673,0.226154901917148,53.7364810467259
11.7279761904762,0.865080937823615,1.01828191522607,0.226046751054417,53.7369943512692
11.7280753968254,0.865009798828519,1.01822006935623,0.225938652016034,53.7375076050156
11.7281746031746,0.864938666928617,1.01815821972161,0.225830604777141,53.7380208079741
11.7282738095238,0.864867542122696,1.01809636632661,0.225722609312888,53.7385339601536
11.728373015873,0.864796424409539,1.01803450917564,0.225614665598435,53.7390470615632
11.7284722222222,0.864725313787932,1.01797264827309,0.22550677360895,53.7395601122119
11.7285714285714,0.864654210256664,1.01791078362336,0.225398933319613,53.7400731121087
11.7286706349206,0.864583113814521,1.01784891523085,0.225291144705611,53.7405860612626
11.7287698412698,0.864512024460289,1.01778704309994,0.225183407742141,53.7410989596825
11.728869047619,0.864440942192757,1.01772516723503,0.22507572240441,53.7416118073776
11.7289682539683,0.864369867010714,1.0176632876405,0.224968088667634,53.7421246043567
11.7290674603175,0.864298798912948,1.01760140432075,0.224860506507038,53.7426373506288
11.7291666666667,0.86422773789825,1.01753951728016,0.224752975897857,53.7431500462031
11.7292658730159,0.86415668396541,1.01747762652311,0.224645496815335,53.7436626910883
11.7293650793651,0.864085637113217,1.01741573205398,0.224538069234726,53.7441752852936
11.7294642857143,0.864014597340464,1.01735383387715,0.224430693131291,53.7446878288278
11.7295634920635,0.863943564645943,1.01729193199701,0.224323368480305,53.7452003217001
11.7296626984127,0.863872539028444,1.01723002641792,0.224216095257048,53.7457127639192
11.7297619047619,0.863801520486763,1.01716811714426,0.224108873436811,53.7462251554943
11.7298611111111,0.863730509019691,1.0171062041804,0.224001702994895,53.7467374964343
11.7299603174603,0.863659504626021,1.01704428753071,0.223894583906609,53.7472497867481
11.7300595238095,0.863588507304551,1.01698236719956,0.223787516147274,53.7477620264447
11.7301587301587,0.863517517054074,1.01692044319132,0.223680499692217,53.7482742155331
11.7302579365079,0.863446533873385,1.01685851551035,0.223573534516777,53.7487863540223
11.7303571428571,0.863375557761281,1.01679658416101,0.223466620596301,53.7492984419211
11.7304563492063,0.863304588716559,1.01673464914766,0.223359757906146,53.7498104792385
11.7305555555556,0.863233626738014,1.01667271047467,0.223252946421678,53.7503224659836
11.7306547619048,0.863162671824446,1.01661076814638,0.223146186118272,53.7508344021652
11.730753968254,0.863091723974651,1.01654882216716,0.223039476971313,53.7513462877923
11.7308531746032,0.863020783187429,1.01648687254135,0.222932818956196,53.7518581228738
11.7309523809524,0.86294984946158,1.01642491927331,0.222826212048324,53.7523699074187
11.7310515873016,0.862878922795902,1.01636296236738,0.222719656223111,53.7528816414358
11.7311507936508,0.862808003189196,1.01630100182792,0.222613151455979,53.7533933249343
11.73125,0.862737090640263,1.01623903765927,0.222506697722359,53.7539049579229
11.7313492063492,0.862666185147904,1.01617706986577,0.222400294997694,53.7544165404106
11.7314484126984,0.86259528671092,1.01611509845176,0.222293943257432,53.7549280724063
11.7315476190476,0.862524395328116,1.01605312342159,0.222187642477035,53.755439553919
11.7316468253968,0.862453510998294,1.01599114477958,0.222081392631974,53.7559509849576
11.731746031746,0.862382633720256,1.01592916253009,0.221975193697725,53.756462365531
11.7318452380952,0.862311763492807,1.01586717667743,0.221869045649777,53.7569736956481
11.7319444444444,0.862240900314752,1.01580518722595,0.221762948463627,53.7574849753178
11.7320436507937,0.862170044184896,1.01574319417998,0.221656902114784,53.7579962045491
11.7321428571429,0.862099195102044,1.01568119754383,0.221550906578762,53.7585073833508
11.7322420634921,0.862028353065002,1.01561919732185,0.221444961831088,53.7590185117319
11.7323412698413,0.861957518072577,1.01555719351834,0.221339067847298,53.7595295897012
11.7324404761905,0.861886690123577,1.01549518613765,0.221233224602934,53.7600406172677
11.7325396825397,0.861815869216809,1.01543317518407,0.221127432073551,53.7605515944403
11.7326388888889,0.861745055351081,1.01537116066195,0.221021690234714,53.7610625212278
11.7327380952381,0.861674248525202,1.01530914257558,0.220915999061993,53.7615733976392
11.7328373015873,0.861603448737981,1.0152471209293,0.220810358530972,53.7620842236833
11.7329365079365,0.861532655988228,1.0151850957274,0.220704768617239,53.7625949993691
11.7330357142857,0.861461870274755,1.0151230669742,0.2205992292964,53.7631057247054
11.7331349206349,0.861391091596372,1.01506103467402,0.220493740544063,53.7636163997011
11.7332341269841,0.861320319951889,1.01499899883115,0.220388302335847,53.764127024365
11.7333333333333,0.86124955534012,1.01493695944991,0.220282914647381,53.7646375987062
11.7334325396825,0.861178797759876,1.0148749165346,0.220177577454304,53.7651481227334
11.7335317460317,0.861108047209971,1.01481287008951,0.220072290732263,53.7656585964555
11.733630952381,0.861037303689219,1.01475082011896,0.219967054456916,53.7661690198813
11.7337301587302,0.860966567196433,1.01468876662723,0.21986186860393,53.7666793930199
11.7338293650794,0.860895837730428,1.01462670961863,0.219756733148979,53.7671897158799
11.7339285714286,0.86082511529002,1.01456464909744,0.21965164806775,53.7676999884703
11.7340277777778,0.860754399874024,1.01450258506796,0.219546613335936,53.7682102108
11.734126984127,0.860683691481256,1.01444051753449,0.219441628929243,53.7687203828778
11.7342261904762,0.860612990110533,1.0143784465013,0.219336694823384,53.7692305047125
11.7343253968254,0.860542295760673,1.01431637197269,0.219231810994081,53.769740576313
11.7344246031746,0.860471608430492,1.01425429395295,0.219126977417065,53.7702505976882
11.7345238095238,0.860400928118811,1.01419221244634,0.219022194068082,53.7707605688469
11.734623015873,0.860330254824447,1.01413012745716,0.218917460922879,53.771270489798
11.7347222222222,0.860259588546221,1.01406803898968,0.218812777957219,53.7717803605502
11.7348214285714,0.860188929282951,1.01400594704819,0.21870814514687,53.7722901811125
11.7349206349206,0.860118277033459,1.01394385163695,0.218603562467611,53.7727999514936
11.7350198412698,0.860047631796566,1.01388175276024,0.218499029895233,53.7733096717024
11.735119047619,0.859976993571093,1.01381965042233,0.218394547405531,53.7738193417478
11.7352182539683,0.859906362355863,1.01375754462749,0.218290114974314,53.7743289616385
11.7353174603175,0.859835738149698,1.01369543537999,0.218185732577399,53.7748385313834
11.7354166666667,0.85976512095142,1.0136333226841,0.218081400190611,53.7753480509914
11.7355158730159,0.859694510759855,1.01357120654407,0.217977117789786,53.7758575204712
11.7356150793651,0.859623907573826,1.01350908696418,0.217872885350768,53.7763669398316
11.7357142857143,0.859553311392158,1.01344696394867,0.217768702849413,53.7768763090815
11.7358134920635,0.859482722213676,1.01338483750182,0.217664570261584,53.7773856282297
11.7359126984127,0.859412140037205,1.01332270762786,0.217560487563152,53.777894897285
11.7360119047619,0.859341564861574,1.01326057433107,0.217456454730003,53.7784041162562
11.7361111111111,0.859270996685608,1.01319843761569,0.217352471738027,53.7789132851521
11.7362103174603,0.859200435508135,1.01313629748598,0.217248538563125,53.7794224039815
11.7363095238095,0.859129881327982,1.01307415394617,0.217144655181208,53.7799314727533
11.7364087301587,0.859059334143979,1.01301200700052,0.217040821568197,53.7804404914761
11.7365079365079,0.858988793954955,1.01294985665328,0.216937037700019,53.7809494601589
11.7366071428571,0.858918260759738,1.01288770290869,0.216833303552614,53.7814583788104
11.7367063492063,0.858847734557159,1.01282554577098,0.216729619101931,53.7819672474394
11.7368055555556,0.858777215346049,1.0127633852444,0.216625984323926,53.7824760660546
11.7369047619048,0.858706703125239,1.01270122133318,0.216522399194567,53.782984834665
11.737003968254,0.85863619789356,1.01263905404157,0.21641886368983,53.7834935532792
11.7371031746032,0.858565699649845,1.01257688337379,0.2163153777857,53.784002221906
11.7372023809524,0.858495208392926,1.01251470933407,0.216211941458173,53.7845108405542
11.7373015873016,0.858424724121637,1.01245253192666,0.216108554683253,53.7850194092326
11.7374007936508,0.858354246834811,1.01239035115576,0.216005217436953,53.78552792795
11.7375,0.858283776531284,1.01232816702561,0.215901929695298,53.7860363967151
11.7375992063492,0.85821331320989,1.01226597954044,0.215798691434321,53.7865448155367
11.7376984126984,0.858142856869464,1.01220378870446,0.215695502630062,53.7870531844236
11.7377976190476,0.858072407508842,1.01214159452191,0.215592363258573,53.7875615033845
11.7378968253968,0.858001965126861,1.01207939699698,0.215489273295916,53.7880697724282
11.737996031746,0.857931529722358,1.01201719613391,0.21538623271816,53.7885779915634
11.7380952380952,0.85786110129417,1.0119549919369,0.215283241501384,53.7890861607989
11.7381944444444,0.857790679841136,1.01189278441018,0.215180299621678,53.7895942801435
11.7382936507937,0.857720265362094,1.01183057355794,0.215077407055141,53.7901023496058
11.7383928571429,0.857649857855883,1.0117683593844,0.214974563777879,53.7906103691947
11.7384920634921,0.857579457321342,1.01170614189377,0.21487176976601,53.7911183389189
11.7385912698413,0.857509063757313,1.01164392109025,0.21476902499566,53.7916262587871
11.7386904761905,0.857438677162636,1.01158169697805,0.214666329442966,53.7921341288081
11.7387896825397,0.857368297536152,1.01151946956136,0.214563683084072,53.7926419489906
11.7388888888889,0.857297924876701,1.01145723884439,0.214461085895132,53.7931497193434
11.7389880952381,0.857227559183129,1.01139500483133,0.214358537852312,53.7936574398751
11.7390873015873,0.857157200454278,1.01133276752638,0.214256038931786,53.7941651105945
11.7391865079365,0.857086848688989,1.01127052693374,0.214153589109734,53.7946727315103
11.7392857142857,0.857016503886109,1.01120828305759,0.214051188362351,53.7951803026313
11.7393849206349,0.85694616604448,1.01114603590212,0.213948836665836,53.7956878239662
11.7394841269841,0.856875835162948,1.01108378547153,0.213846533996402,53.7961952955236
11.7395833333333,0.856805511240359,1.01102153177,0.213744280330269,53.7967027173123
11.7396825396825,0.856735194275558,1.01095927480171,0.213642075643666,53.7972100893411
11.7397817460317,0.856664884267392,1.01089701457086,0.213539919912832,53.7977174116186
11.739880952381,0.856594581214709,1.0108347510816,0.213437813114016,53.7982246841536
11.7399801587302,0.856524285116356,1.01077248433814,0.213335755223476,53.7987319069547
11.7400793650794,0.856453995971181,1.01071021434464,0.21323374621748,53.7992390800306
11.7401785714286,0.856383713778033,1.01064794110527,0.213131786072303,53.7997462033901
11.7402777777778,0.856313438535761,1.01058566462422,0.213029874764233,53.8002532770418
11.740376984127,0.856243170243215,1.01052338490565,0.212928012269562,53.8007603009944
11.7404761904762,0.856172908899245,1.01046110195373,0.212826198564599,53.8012672752567
11.7405753968254,0.856102654502703,1.01039881577263,0.212724433625657,53.8017741998374
11.7406746031746,0.856032407052439,1.01033652636652,0.212622717429058,53.802281074745
11.7407738095238,0.855962166547306,1.01027423373955,0.212521049951137,53.8027878999883
11.740873015873,0.855891932986156,1.0102119378959,0.212419431168235,53.803294675576
11.7409722222222,0.855821706367842,1.01014963883971,0.212317861056705,53.8038014015168
11.7410714285714,0.855751486691217,1.01008733657515,0.212216339592907,53.8043080778193
11.7411706349206,0.855681273955136,1.01002503110638,0.212114866753212,53.8048147044922
11.7412698412698,0.855611068158453,1.00996272243754,0.212013442514,53.8053212815442
11.741369047619,0.855540869300023,1.00990041057279,0.21191206685166,53.8058278089839
11.7414682539683,0.855470677378702,1.00983809551628,0.211810739742592,53.8063342868201
11.7415674603175,0.855400492393346,1.00977577727217,0.211709461163202,53.8068407150613
11.7416666666667,0.855330314342812,1.00971345584458,0.211608231089909,53.8073470937163
11.7417658730159,0.855260143225957,1.00965113123768,0.21150704949914,53.8078534227937
11.7418650793651,0.855189979041638,1.0095888034556,0.211405916367328,53.8083597023021
11.7419642857143,0.855119821788715,1.00952647250248,0.211304831670924,53.8088659322503
11.7420634920635,0.855049671466047,1.00946413838247,0.21120379538638,53.8093721126468
11.7421626984127,0.854979528072491,1.00940180109969,0.21110280749016,53.8098782435003
11.7422619047619,0.854909391606909,1.0093394606583,0.21100186795874,53.8103843248196
11.7423611111111,0.85483926206816,1.00927711706241,0.210900976768601,53.8108903566131
11.7424603174603,0.854769139455106,1.00921477031615,0.210800133896236,53.8113963388895
11.7425595238095,0.854699023766609,1.00915242042367,0.210699339318148,53.8119022716575
11.7426587301587,0.85462891500153,1.00909006738909,0.210598593010848,53.8124081549258
11.7427579365079,0.854558813158731,1.00902771121652,0.210497894950856,53.8129139887029
11.7428571428571,0.854488718237077,1.00896535191011,0.210397245114702,53.8134197729975
11.7429563492063,0.85441863023543,1.00890298947396,0.210296643478927,53.8139255078182
11.7430555555556,0.854348549152655,1.0088406239122,0.210196090020079,53.8144311931736
11.7431547619048,0.854278474987616,1.00877825522895,0.210095584714716,53.8149368290725
11.743253968254,0.854208407739179,1.00871588342832,0.209995127539406,53.8154424155232
11.7433531746032,0.854138347406208,1.00865350851443,0.209894718470725,53.8159479525346
11.7434523809524,0.854068293987572,1.00859113049138,0.209794357485262,53.8164534401152
11.7435515873016,0.853998247482137,1.0085287493633,0.20969404455961,53.8169588782737
11.7436507936508,0.85392820788877,1.00846636513429,0.209593779670377,53.8174642670185
11.74375,0.853858175206338,1.00840397780845,0.209493562794176,53.8179696063584
11.7438492063492,0.853788149433711,1.00834158738989,0.20939339390763,53.818474896302
11.7439484126984,0.853718130569757,1.00827919388272,0.209293272987375,53.8189801368578
11.7440476190476,0.853648118613346,1.00821679729103,0.209193200010051,53.8194853280345
11.7441468253968,0.853578113563347,1.00815439761892,0.209093174952313,53.8199904698406
11.744246031746,0.853508115418632,1.0080919948705,0.20899319779082,53.8204955622847
11.7443452380952,0.853438124178071,1.00802958904985,0.208893268502244,53.8210006053755
11.7444444444444,0.853368139840536,1.00796718016107,0.208793387063265,53.8215055991216
11.7445436507937,0.8532981624049,1.00790476820826,0.208693553450574,53.8220105435314
11.7446428571429,0.853228191870034,1.0078423531955,0.208593767640868,53.8225154386136
11.7447420634921,0.853158228234812,1.00777993512687,0.208494029610857,53.8230202843768
11.7448412698413,0.853088271498108,1.00771751400647,0.208394339337257,53.8235250808296
11.7449404761905,0.853018321658796,1.00765508983838,0.208294696796798,53.8240298279805
11.7450396825397,0.852948378715751,1.00759266262669,0.208195101966215,53.8245345258381
11.7451388888889,0.852878442667849,1.00753023237546,0.208095554822255,53.825039174411
11.7452380952381,0.852808513513964,1.00746779908879,0.207996055341673,53.8255437737078
11.7453373015873,0.852738591252974,1.00740536277074,0.207896603501233,53.8260483237369
11.7454365079365,0.852668675883756,1.0073429234254,0.207797199277709,53.826552824507
11.7455357142857,0.852598767405187,1.00728048105682,0.207697842647887,53.8270572760267
11.7456349206349,0.852528865816145,1.0072180356691,0.207598533588557,53.8275616783045
11.7457341269841,0.852458971115508,1.00715558726629,0.207499272076523,53.8280660313489
11.7458333333333,0.852389083302156,1.00709313585246,0.207400058088596,53.8285703351686
11.7459325396825,0.852319202374968,1.00703068143167,0.207300891601598,53.829074589772
11.7460317460317,0.852249328332825,1.006968224008,0.207201772592359,53.8295787951677
11.746130952381,0.852179461174606,1.00690576358549,0.207102701037719,53.8300829513642
11.7462301587302,0.852109600899194,1.00684330016822,0.207003676914526,53.8305870583702
11.7463293650794,0.852039747505469,1.00678083376023,0.20690470019964,53.8310911161941
11.7464285714286,0.851969900992315,1.00671836436559,0.206805770869929,53.8315951248444
11.7465277777778,0.851900061358614,1.00665589198834,0.206706888902271,53.8320990843298
11.746626984127,0.851830228603249,1.00659341663255,0.206608054273552,53.8326029946587
11.7467261904762,0.851760402725105,1.00653093830225,0.206509266960669,53.8331068558397
11.7468253968254,0.851690583723065,1.0064684570015,0.206410526940526,53.8336106678813
11.7469246031746,0.851620771596015,1.00640597273434,0.20631183419004,53.834114430792
11.7470238095238,0.85155096634284,1.00634348550482,0.206213188686134,53.8346181445804
11.747123015873,0.851481167962426,1.00628099531699,0.206114590405742,53.8351218092549
11.7472222222222,0.85141137645366,1.00621850217487,0.206016039325807,53.8356254248241
11.7473214285714,0.851341591815428,1.00615600608251,0.205917535423282,53.8361289912966
11.7474206349206,0.851271814046618,1.00609350704395,0.205819078675129,53.8366325086807
11.7475198412698,0.851202043146119,1.00603100506322,0.205720669058319,53.837135976985
11.747619047619,0.851132279112819,1.00596850014435,0.205622306549832,53.8376393962181
11.7477182539683,0.851062521945606,1.00590599229138,0.205523991126659,53.8381427663884
11.7478174603175,0.850992771643371,1.00584348150833,0.205425722765799,53.8386460875045
11.7479166666667,0.850923028205005,1.00578096779924,0.205327501444262,53.8391493595748
11.7480158730159,0.850853291629398,1.00571845116812,0.205229327139065,53.8396525826078
11.7481150793651,0.850783561915441,1.005655931619,0.205131199827236,53.840155756612
11.7482142857143,0.850713839062026,1.0055934091559,0.205033119485813,53.840658881596
11.7483134920635,0.850644123068046,1.00553088378285,0.204935086091841,53.8411619575681
11.7484126984127,0.850574413932393,1.00546835550385,0.204837099622376,53.841664984537
11.7485119047619,0.850504711653961,1.00540582432293,0.204739160054483,53.842167962511
11.7486111111111,0.850435016231644,1.0053432902441,0.204641267365238,53.8426708914987
11.7487103174603,0.850365327664336,1.00528075327137,0.204543421531724,53.8431737715085
11.7488095238095,0.850295645950933,1.00521821340875,0.204445622531033,53.8436766025489
11.7489087301587,0.850225971090329,1.00515567066025,0.20434787034027,53.8441793846284
11.7490079365079,0.850156303081422,1.00509312502988,0.204250164936546,53.8446821177555
11.7491071428571,0.850086641923107,1.00503057652164,0.204152506296983,53.8451848019385
11.7492063492063,0.850016987614282,1.00496802513954,0.204054894398711,53.8456874371861
11.7493055555556,0.849947340153844,1.00490547088756,0.20395732921887,53.8461900235067
11.7494047619048,0.849877699540692,1.00484291376973,0.203859810734612,53.8466925609086
11.749503968254,0.849808065773725,1.00478035379002,0.203762338923094,53.8471950494004
11.7496031746032,0.849738438851842,1.00471779095243,0.203664913761485,53.8476974889905
11.7497023809524,0.849668818773943,1.00465522526097,0.203567535226963,53.8481998796874
11.7498015873016,0.849599205538928,1.00459265671962,0.203470203296715,53.8487022214996
11.7499007936508,0.849529599145698,1.00453008533236,0.203372917947937,53.8492045144354
11.75,0.849459999593154,1.00446751110319,0.203275679157836,53.8497067585034
11.7500992063492,0.849390406880199,1.0044049340361,0.203178486903627,53.8502089537119
11.7501984126984,0.849320821005734,1.00434235413506,0.203081341162535,53.8507111000694
11.7502976190476,0.849251241968664,1.00427977140406,0.202984241911793,53.8512131975843
11.7503968253968,0.849181669767891,1.00421718584707,0.202887189128646,53.8517152462651
11.750496031746,0.849112104402319,1.00415459746809,0.202790182790347,53.8522172461203
11.7505952380952,0.849042545870854,1.00409200627107,0.202693222874156,53.8527191971582
11.7506944444444,0.8489729941724,1.00402941226,0.202596309357348,53.8532210993872
11.7507936507937,0.848903449305862,1.00396681543885,0.2024994422172,53.8537229528158
11.7508928571429,0.848833911270149,1.00390421581159,0.202402621431006,53.8542247574525
11.7509920634921,0.848764380064165,1.00384161338219,0.202305846976065,53.8547265133055
11.7510912698413,0.848694855686819,1.00377900815461,0.202209118829686,53.8552282203834
11.7511904761905,0.848625338137018,1.00371640013282,0.202112436969188,53.8557298786946
11.7512896825397,0.84855582741367,1.00365378932079,0.202015801371898,53.8562314882475
11.7513888888889,0.848486323515685,1.00359117572246,0.201919212015154,53.8567330490504
11.7514880952381,0.848416826441971,1.00352855934181,0.201822668876303,53.8572345611118
11.7515873015873,0.84834733619144,1.00346594018279,0.201726171932701,53.8577360244401
11.7516865079365,0.848277852763,1.00340331824935,0.201629721161713,53.8582374390437
11.7517857142857,0.848208376155564,1.00334069354545,0.201533316540715,53.858738804931
11.7518849206349,0.848138906368042,1.00327806607505,0.201436958047091,53.8592401221104
11.7519841269841,0.848069443399347,1.00321543584208,0.201340645658234,53.8597413905902
11.7520833333333,0.847999987248392,1.0031528028505,0.201244379351547,53.860242610379
11.7521825396825,0.847930537914089,1.00309016710425,0.201148159104444,53.860743781485
11.7522817460317,0.847861095395352,1.00302752860727,0.201051984894345,53.8612449039166
11.752380952381,0.847791659691096,1.00296488736352,0.200955856698683,53.8617459776823
11.7524801587302,0.847722230800235,1.00290224337693,0.200859774494898,53.8622470027904
11.7525793650794,0.847652808721685,1.00283959665143,0.20076373826044,53.8627479792492
11.7526785714286,0.847583393454361,1.00277694719097,0.200667747972768,53.8632489070672
11.7527777777778,0.84751398499718,1.00271429499948,0.200571803609351,53.8637497862528
11.752876984127,0.847444583349058,1.00265164008089,0.200475905147668,53.8642506168143
11.7529761904762,0.847375188508913,1.00258898243913,0.200380052565206,53.86475139876
11.7530753968254,0.847305800475663,1.00252632207813,0.200284245839462,53.8652521320984
11.7531746031746,0.847236419248226,1.00246365900182,0.200188484947942,53.8657528168378
11.7532738095238,0.847167044825522,1.00240099321412,0.200092769868162,53.8662534529865
11.753373015873,0.847097677206469,1.00233832471895,0.199997100577648,53.866754040553
11.7534722222222,0.847028316389988,1.00227565352025,0.199901477053933,53.8672545795455
11.7535714285714,0.846958962375,1.00221297962192,0.199805899274562,53.8677550699725
11.7536706349206,0.846889615160425,1.00215030302788,0.199710367217087,53.8682555118422
11.7537698412698,0.846820274745185,1.00208762374205,0.199614880859071,53.868755905163
11.753869047619,0.846750941128203,1.00202494176835,0.199519440178089,53.8692562499434
11.7539682539683,0.846681614308401,1.00196225711068,0.199424045151719,53.8697565461915
11.7540674603175,0.846612294284703,1.00189956977295,0.199328695757553,53.8702567939158
11.7541666666667,0.846542981056032,1.00183687975908,0.199233391973192,53.8707569931245
11.7542658730159,0.846473674621312,1.00177418707297,0.199138133776244,53.8712571438261
11.7543650793651,0.846404374979469,1.00171149171852,0.199042921144329,53.8717572460288
11.7544642857143,0.846335082129427,1.00164879369963,0.198947754055076,53.8722572997411
11.7545634920635,0.846265796070114,1.00158609302021,0.198852632486122,53.8727573049711
11.7546626984127,0.846196516800454,1.00152338968416,0.198757556415113,53.8732572617272
11.7547619047619,0.846127244319376,1.00146068369537,0.198662525819708,53.8737571700178
11.7548611111111,0.846057978625806,1.00139797505773,0.198567540677571,53.8742570298512
11.7549603174603,0.845988719718673,1.00133526377514,0.198472600966379,53.8747568412356
11.7550595238095,0.845919467596906,1.00127254985149,0.198377706663815,53.8752566041794
11.7551587301587,0.845850222259432,1.00120983329066,0.198282857747574,53.875756318691
11.7552579365079,0.845780983705182,1.00114711409656,0.198188054195358,53.8762559847786
11.7553571428571,0.845711751933087,1.00108439227305,0.198093295984882,53.8767556024505
11.7554563492063,0.845642526942077,1.00102166782403,0.197998583093868,53.877255171715
11.7555555555556,0.845573308731083,1.00095894075337,0.197903915500047,53.8777546925804
11.7556547619048,0.845504097299037,1.00089621106496,0.19780929318116,53.8782541650551
11.755753968254,0.845434892644871,1.00083347876267,0.197714716114958,53.8787535891473
11.7558531746032,0.845365694767518,1.00077074385039,0.1976201842792,53.8792529648653
11.7559523809524,0.845296503665912,1.00070800633197,0.197525697651656,53.8797522922174
11.7560515873016,0.845227319338986,1.0006452662113,0.197431256210104,53.8802515712119
11.7561507936508,0.845158141785674,1.00058252349224,0.197336859932332,53.8807508018571
11.75625,0.845088971004913,1.00051977817867,0.197242508796137,53.8812499841612
11.7563492063492,0.845019806995637,1.00045703027444,0.197148202779327,53.8817491181326
11.7564484126984,0.844950649756782,1.00039427978343,0.197053941859717,53.8822482037795
11.7565476190476,0.844881499287285,1.0003315267095,0.196959726015133,53.8827472411102
11.7566468253968,0.844812355586083,1.0002687710565,0.19686555522341,53.8832462301329
11.756746031746,0.844743218652113,1.0002060128283,0.196771429462391,53.883745170856
11.7568452380952,0.844674088484314,1.00014325202875,0.196677348709931,53.8842440632877
11.7569444444444,0.844604965081624,1.00008048866171,0.196583312943894,53.8847429074362
11.7570436507937,0.844535848442984,1.00001772273103,0.19648932214215,53.8852417033099
11.7571428571429,0.844466738567331,0.999954954240565,0.196395376282583,53.8857404509169
11.7572420634921,0.844397635453608,0.999892183194159,0.196301475343083,53.8862391502656
11.7573412698413,0.844328539100754,0.999829409595661,0.196207619301551,53.8867378013642
11.7574404761905,0.84425944950771,0.999766633448917,0.196113808135897,53.8872364042209
11.7575396825397,0.84419036667342,0.999703854757771,0.196020041824041,53.8877349588441
11.7576388888889,0.844121290596825,0.999641073526065,0.19592632034391,53.8882334652419
11.7577380952381,0.844052221276868,0.999578289757638,0.195832643673444,53.8887319234225
11.7578373015873,0.843983158712492,0.999515503456328,0.19573901179059,53.8892303333943
11.7579365079365,0.843914102902642,0.999452714625971,0.195645424673304,53.8897286951655
11.7580357142857,0.843845053846263,0.999389923270402,0.195551882299553,53.8902270087442
11.7581349206349,0.843776011542298,0.999327129393452,0.195458384647314,53.8907252741388
11.7582341269841,0.843706975989694,0.999264332998952,0.195364931694568,53.8912234913575
11.7583333333333,0.843637947187397,0.999201534090731,0.195271523419315,53.8917216604085
11.7584325396825,0.843568925134354,0.999138732672615,0.195178159799555,53.8922197813
11.7585317460317,0.843499909829512,0.999075928748429,0.195084840813303,53.8927178540402
11.758630952381,0.843430901271819,0.999013122321996,0.194991566438582,53.8932158786374
11.7587301587302,0.843361899460223,0.998950313397136,0.194898336653422,53.8937138550998
11.7588293650794,0.843292904393672,0.998887501977668,0.194805151435866,53.8942117834356
11.7589285714286,0.843223916071117,0.99882468806741,0.194712010763964,53.8947096636529
11.7590277777778,0.843154934491506,0.998761871670177,0.194618914615777,53.8952074957602
11.759126984127,0.843085959653791,0.998699052789782,0.194525862969374,53.8957052797654
11.7592261904762,0.843016991556922,0.998636231430036,0.194432855802834,53.8962030156769
11.7593253968254,0.842948030199851,0.99857340759475,0.194339893094245,53.8967007035028
11.7594246031746,0.842879075581529,0.99851058128773,0.194246974821706,53.8971983432513
11.7595238095238,0.84281012770091,0.998447752512783,0.194154100963322,53.8976959349307
11.759623015873,0.842741186556946,0.998384921273711,0.194061271497212,53.8981934785492
11.7597222222222,0.842672252148591,0.998322087574318,0.193968486401499,53.8986909741148
11.7598214285714,0.842603324474799,0.998259251418403,0.193875745654322,53.8991884216358
11.7599206349206,0.842534403534525,0.998196412809765,0.193783049233823,53.8996858211205
11.7600198412698,0.842465489326724,0.9981335717522,0.193690397118156,53.9001831725769
11.760119047619,0.842396581850351,0.998070728249502,0.193597789285486,53.9006804760133
11.7602182539683,0.842327681104364,0.998007882305464,0.193505225713985,53.9011777314379
11.7603174603175,0.842258787087718,0.997945033923876,0.193412706381835,53.9016749388587
11.7604166666667,0.842189899799372,0.997882183108526,0.193320231267228,53.9021720982841
11.7605158730159,0.842121019238282,0.997819329863203,0.193227800348365,53.9026692097221
11.7606150793651,0.842052145403407,0.99775647419169,0.193135413603456,53.903166273181
11.7607142857143,0.841983278293707,0.997693616097772,0.193043071010721,53.9036632886688
11.7608134920635,0.84191441790814,0.997630755585227,0.192950772548389,53.9041602561939
11.7609126984127,0.841845564245667,0.997567892657838,0.192858518194698,53.9046571757642
11.7610119047619,0.841776717305249,0.997505027319379,0.192766307927897,53.9051540473881
11.7611111111111,0.841707877085845,0.997442159573627,0.192674141726244,53.9056508710735
11.7612103174603,0.841639043586417,0.997379289424355,0.192582019568002,53.9061476468288
11.7613095238095,0.841570216805929,0.997316416875336,0.192489941431451,53.9066443746621
11.7614087301587,0.841501396743343,0.997253541930339,0.192397907294876,53.9071410545814
11.7615079365079,0.841432583397621,0.997190664593132,0.19230591713657,53.9076376865949
11.7616071428571,0.841363776767728,0.99712778486748,0.192213970934839,53.9081342707109
11.7617063492063,0.841294976852628,0.997064902757148,0.192122068667995,53.9086308069374
11.7618055555556,0.841226183651285,0.997002018265899,0.192030210314363,53.9091272952825
11.7619047619048,0.841157397162665,0.996939131397491,0.191938395852274,53.9096237357544
11.762003968254,0.841088617385733,0.996876242155684,0.19184662526007,53.9101201283613
11.7621031746032,0.841019844319456,0.996813350544235,0.191754898516102,53.9106164731112
11.7622023809524,0.840951077962802,0.996750456566898,0.191663215598731,53.9111127700123
11.7623015873016,0.840882318314736,0.996687560227425,0.191571576486327,53.9116090190728
11.7624007936508,0.840813565374228,0.996624661529568,0.191479981157269,53.9121052203006
11.7625,0.840744819140246,0.996561760477075,0.191388429589946,53.9126013737041
11.7625992063492,0.840676079611759,0.996498857073693,0.191296921762756,53.9130974792912
11.7626984126984,0.840607346787735,0.996435951323168,0.191205457654105,53.91359353707
11.7627976190476,0.840538620667146,0.996373043229243,0.191114037242413,53.9140895470488
11.7628968253968,0.840469901248963,0.996310132795659,0.191022660506105,53.9145855092356
11.762996031746,0.840401188532156,0.996247220026157,0.190931327423615,53.9150814236386
11.7630952380952,0.840332482515697,0.996184304924472,0.190840037973391,53.9155772902657
11.7631944444444,0.840263783198558,0.996121387494342,0.190748792133885,53.9160731091252
11.7632936507937,0.840195090579713,0.996058467739499,0.190657589883562,53.9165688802251
11.7633928571429,0.840126404658133,0.995995545663676,0.190566431200894,53.9170646035735
11.7634920634921,0.840057725432794,0.995932621270603,0.190475316064365,53.9175602791785
11.7635912698413,0.839989052902669,0.995869694564008,0.190384244452467,53.9180559070482
11.7636904761905,0.839920387066733,0.995806765547616,0.1902932163437,53.9185514871907
11.7637896825397,0.839851727923963,0.995743834225153,0.190202231716576,53.9190470196141
11.7638888888889,0.839783075473333,0.995680900600341,0.190111290549615,53.9195425043265
11.7639880952381,0.83971442971382,0.995617964676901,0.190020392821346,53.9200379413359
11.7640873015873,0.839645790644401,0.99555502645855,0.189929538510308,53.9205333306505
11.7641865079365,0.839577158264054,0.995492085949006,0.189838727595048,53.9210286722783
11.7642857142857,0.839508532571757,0.995429143151984,0.189747960054127,53.9215239662273
11.7643849206349,0.839439913566489,0.995366198071196,0.18965723586611,53.9220192125057
11.7644841269841,0.839371301247228,0.995303250710354,0.189566555009574,53.9225144111214
11.7645833333333,0.839302695612954,0.995240301073168,0.189475917463104,53.9230095620827
11.7646825396825,0.839234096662649,0.995177349163343,0.189385323205296,53.9235046653975
11.7647817460317,0.839165504395291,0.995114394984586,0.189294772214755,53.9239997210739
11.764880952381,0.839096918809863,0.9950514385406,0.189204264470094,53.92449472912
11.7649801587302,0.839028339905347,0.994988479835087,0.189113799949937,53.9249896895438
11.7650793650794,0.838959767680724,0.994925518871746,0.189023378632916,53.9254846023534
11.7651785714286,0.838891202134977,0.994862555654275,0.188933000497675,53.9259794675568
11.7652777777778,0.838822643267091,0.994799590186371,0.188842665522864,53.926474285162
11.765376984127,0.838754091076049,0.994736622471726,0.188752373687144,53.9269690551772
11.7654761904762,0.838685545560835,0.994673652514034,0.188662124969185,53.9274637776104
11.7655753968254,0.838617006720434,0.994610680316985,0.188571919347669,53.9279584524695
11.7656746031746,0.838548474553832,0.994547705884266,0.188481756801281,53.9284530797627
11.7657738095238,0.838479949060015,0.994484729219565,0.188391637308724,53.9289476594979
11.765873015873,0.83841143023797,0.994421750326566,0.188301560848703,53.9294421916832
11.7659722222222,0.838342918086684,0.994358769208952,0.188211527399937,53.9299366763267
11.7660714285714,0.838274412605144,0.994295785870403,0.188121536941151,53.9304311134363
11.7661706349206,0.838205913792339,0.994232800314598,0.188031589451083,53.9309255030201
11.7662698412698,0.838137421647257,0.994169812545215,0.187941684908477,53.9314198450862
11.766369047619,0.838068936168888,0.994106822565928,0.187851823292087,53.9319141396424
11.7664682539683,0.838000457356221,0.994043830380411,0.187762004580679,53.9324083866969
11.7665674603175,0.837931985208247,0.993980835992335,0.187672228753026,53.9329025862576
11.7666666666667,0.837863519723957,0.993917839405369,0.187582495787911,53.9333967383326
11.7667658730159,0.837795060902341,0.993854840623181,0.187492805664126,53.9338908429299
11.7668650793651,0.837726608742393,0.993791839649437,0.187403158360473,53.9343849000575
11.7669642857143,0.837658163243104,0.9937288364878,0.187313553855763,53.9348789097233
11.7670634920635,0.837589724403467,0.993665831141932,0.187223992128817,53.9353728719355
11.7671626984127,0.837521292222475,0.993602823615492,0.187134473158463,53.9358667867019
11.7672619047619,0.837452866699124,0.993539813912141,0.187044996923544,53.9363606540306
11.7673611111111,0.837384447832407,0.993476802035532,0.186955563402906,53.9368544739296
11.7674603174603,0.837316035621321,0.993413787989321,0.186866172575407,53.9373482464068
11.7675595238095,0.837247630064859,0.993350771777161,0.186776824419915,53.9378419714703
11.7676587301587,0.837179231162019,0.9932877534027,0.186687518915308,53.9383356491281
11.7677579365079,0.837110838911797,0.993224732869589,0.186598256040471,53.9388292793881
11.7678571428571,0.83704245331319,0.993161710181473,0.186509035774299,53.9393228622582
11.7679563492063,0.836974074365197,0.993098685341999,0.186419858095698,53.9398163977466
11.7680555555556,0.836905702066815,0.993035658354807,0.186330722983583,53.9403098858611
11.7681547619048,0.836837336417044,0.99297262922354,0.186241630416876,53.9408033266098
11.768253968254,0.836768977414882,0.992909597951837,0.186152580374511,53.9412967200006
11.7683531746032,0.83670062505933,0.992846564543334,0.186063572835432,53.9417900660414
11.7684523809524,0.836632279349388,0.992783529001668,0.185974607778589,53.9422833647402
11.7685515873016,0.836563940284057,0.992720491330471,0.185885685182943,53.9427766161051
11.7686507936508,0.836495607862338,0.992657451533375,0.185796805027466,53.9432698201439
11.76875,0.836427282083234,0.992594409614011,0.185707967291138,53.9437629768647
11.7688492063492,0.836358962945748,0.992531365576005,0.185619171952948,53.9442560862753
11.7689484126984,0.836290650448882,0.992468319422984,0.185530418991896,53.9447491483837
11.7690476190476,0.836222344591639,0.992405271158571,0.185441708386989,53.9452421631979
11.7691468253968,0.836154045373025,0.992342220786388,0.185353040117245,53.9457351307258
11.769246031746,0.836085752792043,0.992279168310057,0.185264414161691,53.9462280509754
11.7693452380952,0.8360174668477,0.992216113733194,0.185175830499364,53.9467209239546
11.7694444444444,0.835949187539,0.992153057059417,0.185087289109309,53.9472137496714
11.7695436507937,0.835880914864951,0.992089998292341,0.184998789970582,53.9477065281336
11.7696428571429,0.835812648824558,0.992026937435576,0.184910333062247,53.9481992593492
11.7697420634921,0.835744389416829,0.991963874492735,0.184821918363377,53.9486919433262
11.7698412698413,0.835676136640773,0.991900809467426,0.184733545853058,53.9491845800725
11.7699404761905,0.835607890495398,0.991837742363257,0.18464521551038,53.949677169596
11.7700396825397,0.835539650979711,0.991774673183831,0.184556927314447,53.9501697119046
11.7701388888889,0.835471418092723,0.991711601932752,0.184468681244368,53.9506622070062
11.7702380952381,0.835403191833445,0.991648528613623,0.184380477279267,53.9511546549088
11.7703373015873,0.835334972200887,0.991585453230041,0.184292315398274,53.9516470556203
11.7704365079365,0.835266759194059,0.991522375785605,0.184204195580527,53.9521394091486
11.7705357142857,0.835198552811974,0.991459296283909,0.184116117805176,53.9526317155017
11.7706349206349,0.835130353053642,0.991396214728549,0.184028082051379,53.9531239746873
11.7707341269841,0.835062159918079,0.991333131123115,0.183940088298304,53.9536161867134
11.7708333333333,0.834993973404295,0.991270045471197,0.183852136525128,53.954108351588
11.7709325396825,0.834925793511306,0.991206957776384,0.183764226711039,53.9546004693189
11.7710317460317,0.834857620238125,0.991143868042261,0.183676358835231,53.955092539914
11.771130952381,0.834789453583767,0.991080776272413,0.18358853287691,53.9555845633813
11.7712301587302,0.834721293547248,0.991017682470422,0.183500748815292,53.9560765397286
11.7713293650794,0.834653140127583,0.990954586639868,0.1834130066296,53.9565684689637
11.7714285714286,0.834584993323789,0.990891488784331,0.183325306299067,53.9570603510947
11.7715277777778,0.834516853134883,0.990828388907386,0.183237647802938,53.9575521861293
11.771626984127,0.834448719559882,0.990765287012607,0.183150031120462,53.9580439740756
11.7717261904762,0.834380592597804,0.99070218310357,0.183062456230904,53.9585357149412
11.7718253968254,0.834312472247668,0.990639077183844,0.182974923113534,53.9590274087342
11.7719246031746,0.834244358508493,0.990575969256998,0.182887431747632,53.9595190554623
11.7720238095238,0.834176251379299,0.9905128593266,0.182799982112489,53.9600106551335
11.772123015873,0.834108150859105,0.990449747396215,0.182712574187403,53.9605022077557
11.7722222222222,0.834040056946933,0.990386633469405,0.182625207951683,53.9609937133366
11.7723214285714,0.833971969641803,0.990323517549734,0.182537883384647,53.9614851718843
11.7724206349206,0.833903888942737,0.99026039964076,0.182450600465623,53.9619765834064
11.7725198412698,0.833835814848758,0.99019727974604,0.182363359173947,53.9624679479109
11.772619047619,0.833767747358888,0.990134157869132,0.182276159488965,53.9629592654057
11.7727182539683,0.833699686472151,0.990071034013588,0.182189001390034,53.9634505358986
11.7728174603175,0.83363163218757,0.990007908182961,0.182101884856518,53.9639417593974
11.7729166666667,0.83356358450417,0.989944780380801,0.182014809867791,53.9644329359101
11.7730158730159,0.833495543420976,0.989881650610656,0.181927776403237,53.9649240654444
11.7731150793651,0.833427508937012,0.989818518876071,0.181840784442249,53.9654151480081
11.7732142857143,0.833359481051306,0.989755385180594,0.18175383396423,53.9659061836092
11.7733134920635,0.833291459762884,0.989692249527765,0.181666924948592,53.9663971722555
11.7734126984127,0.833223445070773,0.989629111921125,0.181580057374756,53.9668881139548
11.7735119047619,0.833155436974001,0.989565972364213,0.181493231222153,53.9673790087149
11.7736111111111,0.833087435471595,0.989502830860566,0.181406446470222,53.9678698565437
11.7737103174603,0.833019440562584,0.989439687413718,0.181319703098414,53.968360657449
11.7738095238095,0.832951452245997,0.989376542027204,0.181233001086187,53.9688514114386
11.7739087301587,0.832883470520865,0.989313394704554,0.181146340413008,53.9693421185204
11.7740079365079,0.832815495386217,0.989250245449297,0.181059721058357,53.9698327787021
11.7741071428571,0.832747526841084,0.989187094264961,0.180973143001719,53.9703233919916
11.7742063492063,0.832679564884498,0.989123941155072,0.180886606222592,53.9708139583968
11.7743055555556,0.83261160951549,0.989060786123153,0.180800110700481,53.9713044779253
11.7744047619048,0.832543660733092,0.988997629172725,0.1807136564149,53.9717949505851
11.774503968254,0.832475718536339,0.988934470307309,0.180627243345376,53.9722853763839
11.7746031746032,0.832407782924261,0.988871309530422,0.18054087147144,53.9727757553296
11.7747023809524,0.832339853895895,0.988808146845581,0.180454540772637,53.9732660874298
11.7748015873016,0.832271931450275,0.9887449822563,0.180368251228521,53.9737563726926
11.7749007936508,0.832204015586435,0.988681815766091,0.180282002818652,53.9742466111256
11.775,0.832136106303412,0.988618647378464,0.180195795522602,53.9747368027366
11.7750992063492,0.83206820360024,0.988555477096928,0.180109629319953,53.9752269475334
11.7751984126984,0.832000307475958,0.98849230492499,0.180023504190293,53.9757170455239
11.7752976190476,0.831932417929602,0.988429130866154,0.179937420113224,53.9762070967157
11.7753968253968,0.831864534960209,0.988365954923923,0.179851377068353,53.9766971011168
11.775496031746,0.831796658566819,0.988302777101798,0.1797653750353,53.9771870587348
11.7755952380952,0.831728788748469,0.988239597403278,0.179679413993692,53.9776769695776
11.7756944444444,0.831660925504199,0.98817641583186,0.179593493923166,53.9781668336529
11.7757936507937,0.831593068833049,0.988113232391039,0.179507614803369,53.9786566509685
11.7758928571429,0.831525218734059,0.988050047084309,0.179421776613957,53.9791464215322
11.7759920634921,0.831457375206271,0.987986859915161,0.179335979334595,53.9796361453517
11.7760912698413,0.831389538248724,0.987923670887083,0.179250222944957,53.9801258224348
11.7761904761905,0.831321707860463,0.987860480003566,0.179164507424729,53.9806154527893
11.7762896825397,0.831253884040528,0.987797287268094,0.179078832753603,53.981105036423
11.7763888888889,0.831186066787964,0.98773409268415,0.178993198911284,53.9815945733435
11.7764880952381,0.831118256101814,0.987670896255218,0.178907605877481,53.9820840635587
11.7765873015873,0.831050451981121,0.987607697984776,0.178822053631918,53.9825735070763
11.7766865079365,0.83098265442493,0.987544497876304,0.178736542154326,53.983062903904
11.7767857142857,0.830914863432287,0.987481295933277,0.178651071424444,53.9835522540497
11.7768849206349,0.830847079002237,0.98741809215917,0.178565641422024,53.984041557521
11.7769841269841,0.830779301133826,0.987354886557455,0.178480252126823,53.9845308143257
11.7770833333333,0.830711529826102,0.987291679131603,0.17839490351861,53.9850200244715
11.7771825396825,0.830643765078111,0.987228469885083,0.178309595577164,53.9855091879662
11.7772817460317,0.830576006888901,0.987165258821362,0.178224328282272,53.9859983048175
11.777380952381,0.830508255257521,0.987102045943903,0.178139101613731,53.9864873750331
11.7774801587302,0.83044051018302,0.987038831256172,0.178053915551346,53.9869763986209
11.7775793650794,0.830372771664445,0.986975614761627,0.177968770074933,53.9874653755884
11.7776785714286,0.830305039700849,0.98691239646373,0.177883665164317,53.9879543059434
11.7777777777778,0.830237314291281,0.986849176365937,0.177798600799334,53.9884431896937
11.777876984127,0.830169595434793,0.986785954471704,0.177713576959825,53.9889320268469
11.7779761904762,0.830101883130436,0.986722730784484,0.177628593625645,53.9894208174109
11.7780753968254,0.830034177377261,0.986659505307729,0.177543650776656,53.9899095613932
11.7781746031746,0.829966478174322,0.986596278044889,0.177458748392729,53.9903982588017
11.7782738095238,0.829898785520672,0.986533048999412,0.177373886453747,53.9908869096439
11.778373015873,0.829831099415364,0.986469818174743,0.177289064939598,53.9913755139277
11.7784722222222,0.829763419857453,0.986406585574327,0.177204283830185,53.9918640716607
11.7785714285714,0.829695746845993,0.986343351201607,0.177119543105415,53.9923525828507
11.7786706349206,0.82962808038004,0.986280115060021,0.177034842745208,53.9928410475053
11.7787698412698,0.829560420458649,0.986216877153009,0.176950182729491,53.9933294656322
11.778869047619,0.829492767080876,0.986153637484007,0.176865563038204,53.9938178372392
11.7789682539683,0.82942512024578,0.986090396056451,0.176780983651291,53.9943061623339
11.7790674603175,0.829357479952415,0.986027152873771,0.17669644454871,53.994794440924
11.7791666666667,0.829289846199842,0.9859639079394,0.176611945710426,53.9952826730171
11.7792658730159,0.829222218987118,0.985900661256767,0.176527487116416,53.9957708586211
11.7793650793651,0.829154598313303,0.985837412829299,0.176443068746662,53.9962589977435
11.7794642857143,0.829086984177456,0.98577416266042,0.17635869058116,53.996747090392
11.7795634920635,0.829019376578637,0.985710910753555,0.176274352599911,53.9972351365744
11.7796626984127,0.828951775504223,0.985647657114965,0.176190054791487,53.9977231363008
11.7797619047619,0.828884180941088,0.985584401750826,0.176105797145971,53.9982110895813
11.7798611111111,0.828816592888178,0.985521144664269,0.176021579645191,53.9986989964231
11.7799603174603,0.828749011344442,0.985457885858422,0.175937402270982,53.9991868568336
11.7800595238095,0.828681436308829,0.985394625336413,0.175853265005183,53.9996746708201
11.7801587301587,0.828613867780287,0.985331363101368,0.17576916782964,54.0001624383899
11.7802579365079,0.828546305757766,0.985268099156412,0.175685110726205,54.0006501595502
11.7803571428571,0.828478750240215,0.98520483350467,0.175601093676734,54.0011378343084
11.7804563492063,0.828411201226584,0.985141566149265,0.175517116663091,54.0016254626717
11.7805555555556,0.828343658715822,0.985078297093318,0.175433179667143,54.0021130446474
11.7806547619048,0.828276122706882,0.985015026339951,0.175349282670766,54.0026005802428
11.780753968254,0.828208593198712,0.984951753892283,0.175265425655842,54.0030880694653
11.7808531746032,0.828141070190264,0.984888479753433,0.175181608604254,54.0035755123219
11.7809523809524,0.828073553680489,0.984825203926518,0.175097831497896,54.0040629088202
11.7810515873016,0.828006043668338,0.984761926414655,0.175014094318665,54.0045502589673
11.7811507936508,0.827938540152763,0.984698647220958,0.174930397048464,54.0050375627704
11.78125,0.827871043132715,0.984635366348542,0.174846739669204,54.005524820237
11.7813492063492,0.827803552607147,0.984572083800519,0.174763122162799,54.0060120313742
11.7814484126984,0.827736068575012,0.984508799580002,0.174679544511169,54.0064991961894
11.7815476190476,0.827668591035261,0.984445513690101,0.174596006696243,54.0069863146897
11.7816468253968,0.827601119986849,0.984382226133925,0.174512508699951,54.0074733868825
11.781746031746,0.827533655428728,0.984318936914583,0.174429050504234,54.0079604127751
11.7818452380952,0.827466197359851,0.984255646035181,0.174345632091034,54.0084473923746
11.7819444444444,0.827398745779173,0.984192353498828,0.174262253442301,54.0089343256885
11.7820436507937,0.827331300685647,0.984129059308625,0.174178914539991,54.0094212127238
11.7821428571429,0.827263862078228,0.984065763467679,0.174095615366067,54.009908053488
11.7822420634921,0.827196429955871,0.984002465979092,0.174012355902495,54.0103948479881
11.7823412698413,0.82712900431753,0.983939166845965,0.173929136131248,54.0108815962316
11.7824404761905,0.82706158516216,0.9838758660714,0.173845956034305,54.0113682982257
11.7825396825397,0.826994172488718,0.983812563658494,0.173762815593651,54.0118549539775
11.7826388888889,0.826926766296158,0.983749259610346,0.173679714791277,54.0123415634945
11.7827380952381,0.826859366583436,0.983685953930054,0.173596653609177,54.0128281267837
11.7828373015873,0.826791973349509,0.983622646620713,0.173513632029356,54.0133146438525
11.7829365079365,0.826724586593333,0.983559337685418,0.17343065003382,54.0138011147081
11.7830357142857,0.826657206313865,0.983496027127263,0.173347707604583,54.0142875393578
11.7831349206349,0.826589832510062,0.98343271494934,0.173264804723664,54.0147739178088
11.7832341269841,0.826522465180881,0.983369401154741,0.17318194137309,54.0152602500683
11.7833333333333,0.82645510432528,0.983306085746556,0.17309911753489,54.0157465361437
11.7834325396825,0.826387749942216,0.983242768727874,0.173016333191102,54.016232776042
11.7835317460317,0.826320402030647,0.983179450101783,0.172933588323767,54.0167189697706
11.783630952381,0.826253060589532,0.98311612987137,0.172850882914937,54.0172051173367
11.7837301587302,0.826185725617831,0.983052808039721,0.172768216946663,54.0176912187476
11.7838293650794,0.8261183971145,0.982989484609921,0.172685590401006,54.0181772740104
11.7839285714286,0.8260510750785,0.982926159585053,0.172603003260032,54.0186632831324
11.7840277777778,0.82598375950879,0.982862832968199,0.172520455505813,54.0191492461208
11.784126984127,0.82591645040433,0.98279950476244,0.172437947120426,54.0196351629829
11.7842261904762,0.82584914776408,0.982736174970858,0.172355478085953,54.0201210337259
11.7843253968254,0.825781851586999,0.982672843596529,0.172273048384485,54.020606858357
11.7844246031746,0.825714561872049,0.982609510642534,0.172190657998116,54.0210926368834
11.7845238095238,0.82564727861819,0.982546176111947,0.172108306908946,54.0215783693124
11.784623015873,0.825580001824383,0.982482840007846,0.172025995099082,54.0220640556511
11.7847222222222,0.825512731489589,0.982419502333303,0.171943722550637,54.0225496959069
11.7848214285714,0.825445467612771,0.982356163091394,0.171861489245727,54.0230352900868
11.7849206349206,0.82537821019289,0.982292822285189,0.171779295166477,54.0235208381981
11.7850198412698,0.825310959228906,0.982229479917758,0.171697140295015,54.0240063402481
11.785119047619,0.825243714719785,0.982166135992175,0.17161502461348,54.024491796244
11.7852182539683,0.825176476664489,0.982102790511506,0.17153294810401,54.0249772061928
11.7853174603175,0.825109245061979,0.982039443478819,0.171450910748753,54.025462570102
11.7854166666667,0.825042019911219,0.981976094897182,0.171368912529862,54.0259478879786
11.7855158730159,0.824974801211173,0.981912744769658,0.171286953429495,54.0264331598299
11.7856150793651,0.824907588960804,0.981849393099313,0.171205033429817,54.026918385663
11.7857142857143,0.824840383159076,0.981786039889209,0.171123152512997,54.0274035654853
11.7858134920635,0.824773183804954,0.981722685142409,0.171041310661212,54.0278886993038
11.7859126984127,0.824705990897402,0.981659328861973,0.170959507856643,54.0283737871258
11.7860119047619,0.824638804435386,0.981595971050962,0.170877744081479,54.0288588289585
11.7861111111111,0.824571624417869,0.981532611712433,0.170796019317911,54.029343824809
11.7862103174603,0.824504450843817,0.981469250849445,0.17071433354814,54.0298287746846
11.7863095238095,0.824437283712196,0.981405888465054,0.17063268675437,54.0303136785925
11.7864087301587,0.824370123021973,0.981342524562315,0.170551078918812,54.0307985365398
11.7865079365079,0.824302968772111,0.98127915914428,0.170469510023682,54.0312833485337
11.7866071428571,0.824235820961579,0.981215792214006,0.170387980051203,54.0317681145815
11.7867063492063,0.824168679589343,0.981152423774543,0.170306488983603,54.0322528346902
11.7868055555556,0.824101544654371,0.981089053828941,0.170225036803116,54.0327375088672
11.7869047619048,0.824034416155629,0.98102568238025,0.170143623491982,54.0332221371195
11.787003968254,0.823967294092084,0.980962309431519,0.170062249032445,54.0337067194544
11.7871031746032,0.823900178462704,0.980898934985795,0.169980913406758,54.034191255879
11.7872023809524,0.823833069266459,0.980835559046124,0.169899616597177,54.0346757464005
11.7873015873016,0.823765966502315,0.980772181615551,0.169818358585965,54.0351601910261
11.7874007936508,0.823698870169241,0.980708802697121,0.169737139355391,54.0356445897629
11.7875,0.823631780266206,0.980645422293875,0.169655958887729,54.0361289426182
11.7875992063492,0.82356469679218,0.980582040408856,0.16957481716526,54.0366132495991
11.7876984126984,0.823497619746131,0.980518657045104,0.169493714170269,54.0370975107127
11.7877976190476,0.823430549127029,0.980455272205658,0.169412649885049,54.0375817259663
11.7878968253968,0.823363484933845,0.980391885893557,0.169331624291897,54.0380658953669
11.787996031746,0.823296427165547,0.980328498111838,0.169250637373116,54.0385500189219
11.7880952380952,0.823229375821107,0.980265108863536,0.169169689111016,54.0390340966382
11.7881944444444,0.823162330899496,0.980201718151688,0.169088779487912,54.0395181285232
11.7882936507937,0.823095292399685,0.980138325979327,0.169007908486125,54.0400021145839
11.7883928571429,0.823028260320644,0.980074932349484,0.168927076087981,54.0404860548275
11.7884920634921,0.822961234661345,0.980011537265192,0.168846282275813,54.0409699492612
11.7885912698413,0.822894215420761,0.979948140729482,0.168765527031959,54.041453797892
11.7886904761905,0.822827202597862,0.979884742745381,0.168684810338763,54.0419376007273
11.7887896825397,0.822760196191622,0.979821343315919,0.168604132178574,54.042421357774
11.7888888888889,0.822693196201012,0.979757942444122,0.168523492533749,54.0429050690394
11.7889880952381,0.822626202625007,0.979694540133016,0.168442891386648,54.0433887345307
11.7890873015873,0.822559215462578,0.979631136385626,0.16836232871964,54.0438723542549
11.7891865079365,0.8224922347127,0.979567731204976,0.168281804515096,54.0443559282192
11.7892857142857,0.822425260374345,0.979504324594087,0.168201318755396,54.0448394564307
11.7893849206349,0.822358292446489,0.979440916555982,0.168120871422925,54.0453229388967
11.7894841269841,0.822291330928104,0.979377507093679,0.16804046250007,54.0458063756241
11.7895833333333,0.822224375818166,0.979314096210199,0.167960091969232,54.0462897666202
11.7896825396825,0.82215742711565,0.97925068390856,0.167879759812811,54.0467731118922
11.7897817460317,0.82209048481953,0.979187270191778,0.167799466013214,54.047256411447
11.789880952381,0.822023548928781,0.979123855062868,0.167719210552855,54.047739665292
11.7899801587302,0.82195661944238,0.979060438524846,0.167638993414154,54.0482228734341
11.7900793650794,0.821889696359302,0.978997020580725,0.167558814579535,54.0487060358805
11.7901785714286,0.821822779678523,0.978933601233517,0.16747867403143,54.0491891526385
11.7902777777778,0.821755869399019,0.978870180486232,0.167398571752275,54.049672223715
11.790376984127,0.821688965519767,0.978806758341882,0.167318507724513,54.0501552491172
11.7904761904762,0.821622068039744,0.978743334803475,0.167238481930592,54.0506382288522
11.7905753968254,0.821555176957928,0.978679909874019,0.167158494352966,54.0511211629272
11.7906746031746,0.821488292273294,0.97861648355652,0.167078544974096,54.0516040513492
11.7907738095238,0.821421413984822,0.978553055853983,0.166998633776446,54.0520868941255
11.790873015873,0.82135454209149,0.978489626769414,0.166918760742489,54.052569691263
11.7909722222222,0.821287676592273,0.978426196305815,0.166838925854701,54.053052442769
11.7910714285714,0.821220817486154,0.978362764466189,0.166759129095567,54.0535351486505
11.7911706349206,0.821153964772109,0.978299331253536,0.166679370447574,54.0540178089147
11.7912698412698,0.821087118449118,0.978235896670857,0.166599649893218,54.0545004235686
11.791369047619,0.82102027851616,0.97817246072115,0.166519967414999,54.0549829926194
11.7914682539683,0.820953444972214,0.978109023407412,0.166440322995423,54.0554655160741
11.7915674603175,0.820886617816261,0.97804558473264,0.166360716617002,54.0559479939399
11.7916666666667,0.82081979704728,0.97798214469983,0.166281148262254,54.0564304262239
11.7917658730159,0.820752982664253,0.977918703311975,0.166201617913704,54.0569128129332
11.7918650793651,0.820686174666158,0.977855260572068,0.166122125553879,54.0573951540749
11.7919642857143,0.820619373051979,0.977791816483102,0.166042671165317,54.057877449656
11.7920634920635,0.820552577820695,0.977728371048067,0.165963254730557,54.0583596996837
11.7921626984127,0.820485788971288,0.977664924269954,0.165883876232146,54.0588419041651
11.7922619047619,0.82041900650274,0.977601476151749,0.165804535652638,54.0593240631073
11.7923611111111,0.820352230414033,0.977538026696442,0.16572523297459,54.0598061765173
11.7924603174603,0.820285460704149,0.977474575907016,0.165645968180566,54.0602882444023
11.7925595238095,0.82021869737207,0.97741112378646,0.165566741253138,54.0607702667692
11.7926587301587,0.820151940416781,0.977347670337755,0.165487552174881,54.0612522436254
11.7927579365079,0.820085189837262,0.977284215563886,0.165408400928376,54.0617341749777
11.7928571428571,0.820018445632499,0.977220759467834,0.165329287496211,54.0622160608333
11.7929563492063,0.819951707801474,0.977157302052579,0.165250211860979,54.0626979011993
11.7930555555556,0.819884976343171,0.977093843321101,0.165171174005279,54.0631796960827
11.7931547619048,0.819818251256575,0.977030383276379,0.165092173911716,54.0636614454907
11.793253968254,0.81975153254067,0.976966921921388,0.165013211562901,54.0641431494303
11.7933531746032,0.819684820194441,0.976903459259107,0.164934286941449,54.0646248079085
11.7934523809524,0.819618114216871,0.976839995292508,0.164855400029983,54.0651064209326
11.7935515873016,0.819551414606948,0.976776530024567,0.164776550811132,54.0655879885094
11.7936507936508,0.819484721363656,0.976713063458257,0.164697739267528,54.0660695106462
11.79375,0.819418034485981,0.976649595596547,0.164618965381811,54.0665509873499
11.7938492063492,0.819351353972909,0.97658612644241,0.164540229136628,54.0670324186277
11.7939484126984,0.819284679823425,0.976522655998813,0.164461530514627,54.0675138044865
11.7940476190476,0.819218012036518,0.976459184268727,0.164382869498469,54.0679951449336
11.7941468253968,0.819151350611174,0.976395711255117,0.164304246070814,54.0684764399758
11.794246031746,0.81908469554638,0.97633223696095,0.164225660214331,54.0689576896204
11.7943452380952,0.819018046841122,0.976268761389189,0.164147111911696,54.0694388938743
11.7944444444444,0.81895140449439,0.9762052845428,0.164068601145587,54.0699200527446
11.7945436507937,0.81888476850517,0.976141806424744,0.16399012789869,54.0704011662384
11.7946428571429,0.818818138872451,0.976078327037983,0.163911692153699,54.0708822343627
11.7947420634921,0.818751515595222,0.976014846385477,0.163833293893309,54.0713632571246
11.7948412698413,0.81868489867247,0.975951364470185,0.163754933100225,54.071844234531
11.7949404761905,0.818618288103186,0.975887881295065,0.163676609757155,54.0723251665892
11.7950396825397,0.818551683886357,0.975824396863074,0.163598323846815,54.0728060533061
11.7951388888889,0.818485086020975,0.975760911177168,0.163520075351925,54.0732868946887
11.7952380952381,0.818418494506028,0.975697424240302,0.163441864255211,54.0737676907441
11.7953373015873,0.818351909340507,0.975633936055428,0.163363690539407,54.0742484414794
11.7954365079365,0.8182853305234,0.975570446625499,0.163285554187249,54.0747291469016
11.7955357142857,0.818218758053702,0.975506955953466,0.163207455181482,54.0752098070178
11.7956349206349,0.8181521919304,0.975443464042281,0.163129393504857,54.0756904218349
11.7957341269841,0.818085632152487,0.97537997089489,0.163051369140128,54.07617099136
11.7958333333333,0.818019078718954,0.975316476514243,0.162973382070056,54.0766515156001
11.7959325396825,0.817952531628793,0.975252980903286,0.162895432277409,54.0771319945623
11.7960317460317,0.817885990880995,0.975189484064965,0.16281751974496,54.0776124282536
11.796130952381,0.817819456474553,0.975125986002223,0.162739644455487,54.078092816681
11.7962301587302,0.817752928408459,0.975062486718004,0.162661806391774,54.0785731598517
11.7963293650794,0.817686406681706,0.974998986215251,0.162584005536612,54.0790534577725
11.7964285714286,0.817619891293287,0.974935484496905,0.162506241872798,54.0795337104505
11.7965277777778,0.817553382242195,0.974871981565904,0.162428515383132,54.0800139178927
11.796626984127,0.817486879527424,0.974808477425189,0.162350826050423,54.0804940801062
11.7967261904762,0.817420383147967,0.974744972077697,0.162273173857484,54.080974197098
11.7968253968254,0.81735389310282,0.974681465526364,0.162195558787134,54.0814542688751
11.7969246031746,0.817287409390974,0.974617957774124,0.162117980822197,54.0819342954445
11.7970238095238,0.817220932011427,0.974554448823915,0.162040439945507,54.0824142768132
11.797123015873,0.817154460963172,0.974490938678667,0.161962936139898,54.0828942129882
11.7972222222222,0.817087996245205,0.974427427341313,0.161885469388213,54.0833741039766
11.7973214285714,0.817021537856522,0.974363914814784,0.161808039673301,54.0838539497854
11.7974206349206,0.816955085796117,0.97430040110201,0.161730646978016,54.0843337504215
11.7975198412698,0.816888640062987,0.974236886205919,0.161653291285216,54.084813505892
11.797619047619,0.816822200656128,0.974173370129439,0.161575972577769,54.0852932162039
11.7977182539683,0.816755767574536,0.974109852875496,0.161498690838545,54.0857728813642
11.7978174603175,0.816689340817209,0.974046334447015,0.161421446050421,54.0862525013799
11.7979166666667,0.816622920383143,0.97398281484692,0.161344238196281,54.0867320762579
11.7980158730159,0.816556506271335,0.973919294078134,0.161267067259013,54.0872116060054
11.7981150793651,0.816490098480784,0.97385577214358,0.161189933221513,54.0876910906292
11.7982142857143,0.816423697010487,0.973792249046177,0.161112836066679,54.0881705301364
11.7983134920635,0.816357301859443,0.973728724788846,0.161035775777419,54.0886499245339
11.7984126984127,0.816290913026647,0.973665199374503,0.160958752336643,54.0891292738289
11.7985119047619,0.816224530511102,0.973601672806068,0.160881765727272,54.0896085780282
11.7986111111111,0.816158154311805,0.973538145086457,0.160804815932227,54.0900878371388
11.7987103174603,0.816091784427756,0.973474616218583,0.160727902934439,54.0905670511678
11.7988095238095,0.816025420857953,0.973411086205362,0.160651026716842,54.091046220122
11.7989087301587,0.815959063601397,0.973347555049705,0.160574187262377,54.0915253440086
11.7990079365079,0.815892712657087,0.973284022754525,0.160497384553992,54.0920044228344
11.7991071428571,0.815826368024024,0.973220489322733,0.160420618574637,54.0924834566065
11.7992063492063,0.815760029701209,0.973156954757236,0.160343889307273,54.0929624453319
11.7993055555556,0.815693697687641,0.973093419060944,0.160267196734863,54.0934413890175
11.7994047619048,0.815627371982323,0.973029882236764,0.160190540840377,54.0939202876702
11.799503968254,0.815561052584255,0.972966344287602,0.160113921606791,54.0943991412971
11.7996031746032,0.815494739492439,0.972902805216362,0.160037339017086,54.0948779499052
11.7997023809524,0.815428432705878,0.972839265025948,0.15996079305425,54.0953567135014
11.7998015873016,0.815362132223572,0.972775723719264,0.159884283701275,54.0958354320926
11.7999007936508,0.815295838044524,0.972712181299209,0.15980781094116,54.0963141056859
11.8,0.815229550167739,0.972648637768685,0.159731374756912,54.0967927342882
11.8000992063492,0.815163268592217,0.972585093130591,0.159654975131539,54.0972713179065
11.8001984126984,0.815096993316963,0.972521547387826,0.159578612048058,54.0977498565477
11.8002976190476,0.81503072434098,0.972458000543285,0.159502285489492,54.0982283502189
11.8003968253968,0.814964461663271,0.972394452599865,0.159425995438868,54.0987067989268
11.800496031746,0.814898205282842,0.972330903560461,0.159349741879219,54.0991852026786
11.8005952380952,0.814831955198695,0.972267353427965,0.159273524793586,54.0996635614812
11.8006944444444,0.814765711409835,0.972203802205271,0.159197344165014,54.1001418753415
11.8007936507937,0.814699473915268,0.972140249895269,0.159121199976553,54.1006201442664
11.8008928571429,0.814633242713999,0.972076696500851,0.159045092211261,54.101098368263
11.8009920634921,0.814567017805032,0.972013142024904,0.1589690208522,54.1015765473382
11.8010912698413,0.814500799187374,0.971949586470317,0.158892985882439,54.1020546814989
11.8011904761905,0.814434586860031,0.971886029839976,0.158816987285052,54.1025327707521
11.8012896825397,0.814368380822007,0.971822472136768,0.158741025043118,54.1030108151047
11.8013888888889,0.81430218107231,0.971758913363575,0.158665099139724,54.1034888145636
11.8014880952381,0.814235987609948,0.971695353523283,0.158589209557962,54.1039667691359
11.8015873015873,0.814169800433926,0.971631792618774,0.158513356280929,54.1044446788284
11.8016865079365,0.814103619543253,0.971568230652927,0.158437539291728,54.104922543648
11.8017857142857,0.814037444936934,0.971504667628625,0.158361758573468,54.1054003636018
11.8018849206349,0.813971276613979,0.971441103548744,0.158286014109264,54.1058781386967
11.8019841269841,0.813905114573396,0.971377538416163,0.158210305882237,54.1063558689395
11.8020833333333,0.813838958814192,0.971313972233759,0.158134633875513,54.1068335543372
11.8021825396825,0.813772809335376,0.971250405004407,0.158058998072224,54.1073111948968
11.8022817460317,0.813706666135957,0.971186836730981,0.157983398455509,54.1077887906251
11.802380952381,0.813640529214945,0.971123267416355,0.15790783500851,54.1082663415292
11.8024801587302,0.813574398571348,0.9710596970634,0.157832307714379,54.1087438476158
11.8025793650794,0.813508274204176,0.970996125674987,0.157756816556269,54.109221308892
11.8026785714286,0.81344215611244,0.970932553253987,0.157681361517343,54.1096987253647
11.8027777777778,0.813376044295149,0.970868979803268,0.157605942580767,54.1101760970408
11.802876984127,0.813309938751314,0.970805405325697,0.157530559729713,54.1106534239271
11.8029761904762,0.813243839479945,0.970741829824141,0.157455212947361,54.1111307060307
11.8030753968254,0.813177746480055,0.970678253301466,0.157379902216896,54.1116079433584
11.8031746031746,0.813111659750653,0.970614675760535,0.157304627521507,54.1120851359172
11.8032738095238,0.813045579290752,0.970551097204211,0.15722938884439,54.1125622837139
11.803373015873,0.812979505099363,0.970487517635357,0.157154186168747,54.1130393867556
11.8034722222222,0.812913437175499,0.970423937056832,0.157079019477785,54.1135164450489
11.8035714285714,0.812847375518171,0.970360355471498,0.157003888754718,54.113993458601
11.8036706349206,0.812781320126393,0.970296772882211,0.156928793982765,54.1144704274187
11.8037698412698,0.812715270999177,0.97023318929183,0.156853735145151,54.1149473515088
11.803869047619,0.812649228135536,0.970169604703211,0.156778712225107,54.1154242308784
11.8039682539683,0.812583191534484,0.970106019119209,0.156703725205868,54.1159010655343
11.8040674603175,0.812517161195035,0.970042432542677,0.156628774070679,54.1163778554833
11.8041666666667,0.812451137116203,0.969978844976469,0.156553858802785,54.1168546007325
11.8042658730159,0.812385119297001,0.969915256423437,0.156478979385443,54.1173313012886
11.8043650793651,0.812319107736443,0.96985166688643,0.15640413580191,54.1178079571586
11.8044642857143,0.812253102433547,0.969788076368299,0.156329328035453,54.1182845683494
11.8045634920635,0.812187103387325,0.969724484871892,0.156254556069344,54.1187611348678
11.8046626984127,0.812121110596794,0.969660892400055,0.156179819886858,54.1192376567208
11.8047619047619,0.812055124060969,0.969597298955636,0.15610511947128,54.1197141339153
11.8048611111111,0.811989143778866,0.969533704541479,0.156030454805898,54.1201905664581
11.8049603174603,0.811923169749501,0.969470109160427,0.155955825874006,54.120666954356
11.8050595238095,0.81185720197189,0.969406512815324,0.155881232658904,54.1211432976161
11.8051587301587,0.81179124044505,0.969342915509011,0.155806675143899,54.1216195962452
11.8052579365079,0.811725285167998,0.969279317244328,0.155732153312303,54.1220958502501
11.8053571428571,0.811659336139751,0.969215718024115,0.155657667147433,54.1225720596377
11.8054563492063,0.811593393359326,0.96915211785121,0.155583216632613,54.1230482244149
11.8055555555556,0.811527456825742,0.96908851672845,0.155508801751171,54.1235243445886
11.8056547619048,0.811461526538016,0.96902491465867,0.155434422486443,54.1240004201657
11.805753968254,0.811395602495167,0.968961311644705,0.155360078821771,54.1244764511529
11.8058531746032,0.811329684696212,0.968897707689389,0.155285770740499,54.1249524375573
11.8059523809524,0.811263773140171,0.968834102795555,0.155211498225981,54.1254283793856
11.8060515873016,0.811197867826064,0.968770496966035,0.155137261261576,54.1259042766448
11.8061507936508,0.811131968752909,0.968706890203657,0.155063059830648,54.1263801293416
11.80625,0.811066075919726,0.968643282511252,0.154988893916565,54.126855937483
11.8063492063492,0.811000189325534,0.968579673891646,0.154914763502704,54.1273317010758
11.8064484126984,0.810934308969355,0.968516064347668,0.154840668572446,54.1278074201269
11.8065476190476,0.810868434850208,0.968452453882143,0.154766609109178,54.1282830946431
11.8066468253968,0.810802566967114,0.968388842497895,0.154692585096294,54.1287587246312
11.806746031746,0.810736705319093,0.968325230197748,0.154618596517192,54.1292343100983
11.8068452380952,0.810670849905168,0.968261616984524,0.154544643355277,54.129709851051
11.8069444444444,0.81060500072436,0.968198002861044,0.154470725593959,54.1301853474962
11.8070436507937,0.810539157775691,0.968134387830129,0.154396843216654,54.1306607994409
11.8071428571429,0.810473321058181,0.968070771894597,0.154322996206784,54.1311362068917
11.8072420634921,0.810407490570855,0.968007155057266,0.154249184547778,54.1316115698557
11.8073412698413,0.810341666312733,0.967943537320952,0.154175408223068,54.1320868883396
11.8074404761905,0.81027584828284,0.967879918688472,0.154101667216095,54.1325621623503
11.8075396825397,0.810210036480198,0.96781629916264,0.154027961510303,54.1330373918945
11.8076388888889,0.810144230903831,0.967752678746268,0.153954291089143,54.1335125769793
11.8077380952381,0.810078431552762,0.96768905744217,0.153880655936072,54.1339877176113
11.8078373015873,0.810012638426016,0.967625435253156,0.153807056034553,54.1344628137975
11.8079365079365,0.809946851522615,0.967561812182036,0.153733491368054,54.1349378655446
11.8080357142857,0.809881070841586,0.967498188231619,0.153659961920049,54.1354128728595
11.8081349206349,0.809815296381952,0.967434563404712,0.153586467674018,54.135887835749
11.8082341269841,0.809749528142739,0.967370937704122,0.153513008613447,54.13636275422
11.8083333333333,0.809683766122971,0.967307311132654,0.153439584721827,54.1368376282793
11.8084325396825,0.809618010321675,0.967243683693112,0.153366195982656,54.1373124579337
11.8085317460317,0.809552260737876,0.9671800553883,0.153292842379437,54.13778724319
11.808630952381,0.8094865173706,0.96711642622102,0.153219523895679,54.1382619840551
11.8087301587302,0.809420780218873,0.967052796194071,0.153146240514896,54.1387366805358
11.8088293650794,0.809355049281722,0.966989165310254,0.153072992220608,54.1392113326388
11.8089285714286,0.809289324558174,0.966925533572369,0.152999778996343,54.1396859403711
11.8090277777778,0.809223606047257,0.966861900983212,0.152926600825633,54.1401605037394
11.809126984127,0.809157893747997,0.966798267545578,0.152853457692015,54.1406350227506
11.8092261904762,0.809092187659422,0.966734633262265,0.152780349579034,54.1411094974114
11.8093253968254,0.80902648778056,0.966670998136065,0.152707276470237,54.1415839277288
11.8094246031746,0.80896079411044,0.966607362169772,0.152634238349182,54.1420583137093
11.8095238095238,0.808895106648089,0.966543725366176,0.152561235199428,54.14253265536
11.809623015873,0.808829425392536,0.96648008772807,0.152488267004544,54.1430069526876
11.8097222222222,0.808763750342812,0.966416449258243,0.152415333748101,54.1434812056989
11.8098214285714,0.808698081497943,0.966352809959482,0.152342435413677,54.1439554144008
11.8099206349206,0.808632418856962,0.966289169834575,0.152269571984858,54.1444295787999
11.8100198412698,0.808566762418896,0.966225528886309,0.152196743445234,54.1449036989031
11.810119047619,0.808501112182777,0.966161887117468,0.152123949778399,54.1453777747173
11.8102182539683,0.808435468147634,0.966098244530836,0.152051190967957,54.1458518062491
11.8103174603175,0.808369830312498,0.966034601129195,0.151978466997512,54.1463257935055
11.8104166666667,0.808304198676401,0.965970956915329,0.151905777850681,54.1467997364931
11.8105158730159,0.808238573238372,0.965907311892016,0.151833123511082,54.1472736352189
11.8106150793651,0.808172953997445,0.965843666062037,0.151760503962339,54.1477474896895
11.8107142857143,0.80810734095265,0.96578001942817,0.151687919188084,54.1482212999118
11.8108134920635,0.80804173410302,0.965716371993191,0.151615369171951,54.1486950658925
11.8109126984127,0.807976133447586,0.965652723759877,0.151542853897585,54.1491687876385
11.8110119047619,0.807910538985381,0.965589074731002,0.151470373348632,54.1496424651565
11.8111111111111,0.807844950715438,0.965525424909341,0.151397927508746,54.1501160984533
11.8112103174603,0.80777936863679,0.965461774297665,0.151325516361588,54.1505896875357
11.8113095238095,0.807713792748471,0.965398122898746,0.151253139890823,54.1510632324105
11.8114087301587,0.807648223049513,0.965334470715355,0.151180798080121,54.1515367330844
11.8115079365079,0.807582659538951,0.965270817750261,0.15110849091316,54.1520101895643
11.8116071428571,0.807517102215818,0.965207164006231,0.151036218373623,54.1524836018568
11.8117063492063,0.80745155107915,0.965143509486033,0.150963980445197,54.1529569699688
11.8118055555556,0.80738600612798,0.965079854192432,0.150891777111578,54.153430293907
11.8119047619048,0.807320467361345,0.965016198128193,0.150819608356466,54.1539035736783
11.812003968254,0.807254934778278,0.96495254129608,0.150747474163567,54.1543768092893
11.8121031746032,0.807189408377816,0.964888883698855,0.150675374516592,54.1548500007468
11.8122023809524,0.807123888158994,0.964825225339279,0.150603309399259,54.1553231480577
11.8123015873016,0.807058374120849,0.964761566220113,0.150531278795292,54.1557962512286
11.8124007936508,0.806992866262415,0.964697906344114,0.15045928268842,54.1562693102664
11.8125,0.806927364582731,0.964634245714043,0.150387321062377,54.1567423251777
11.8125992063492,0.806861869080832,0.964570584332654,0.150315393900904,54.1572152959694
11.8126984126984,0.806796379755757,0.964506922202703,0.150243501187748,54.1576882226482
11.8127976190476,0.806730896606541,0.964443259326946,0.150171642906662,54.1581611052208
11.8128968253968,0.806665419632223,0.964379595708135,0.150099819041402,54.1586339436941
11.812996031746,0.806599948831841,0.964315931349023,0.150028029575735,54.1591067380747
11.8130952380952,0.806534484204433,0.964252266252361,0.149956274493428,54.1595794883694
11.8131944444444,0.806469025749037,0.964188600420898,0.149884553778257,54.160052194585
11.8132936507937,0.806403573464691,0.964124933857383,0.149812867414004,54.1605248567281
11.8133928571429,0.806338127350436,0.964061266564565,0.149741215384456,54.1609974748057
11.8134920634921,0.80627268740531,0.963997598545189,0.149669597673406,54.1614700488243
11.8135912698413,0.806207253628352,0.963933929802002,0.149598014264653,54.1619425787907
11.8136904761905,0.806141826018603,0.963870260337748,0.149526465142001,54.1624150647117
11.8137896825397,0.806076404575103,0.963806590155169,0.149454950289261,54.162887506594
11.8138888888889,0.806010989296891,0.963742919257007,0.149383469690248,54.1633599044444
11.8139880952381,0.805945580183008,0.963679247646005,0.149312023328784,54.1638322582695
11.8140873015873,0.805880177232495,0.9636155753249,0.149240611188698,54.1643045680762
11.8141865079365,0.805814780444394,0.963551902296433,0.149169233253822,54.1647768338711
11.8142857142857,0.805749389817745,0.96348822856334,0.149097889507996,54.165249055661
11.8143849206349,0.80568400535159,0.963424554128359,0.149026579935065,54.1657212334526
11.8144841269841,0.805618627044972,0.963360878994223,0.148955304518879,54.1661933672526
11.8145833333333,0.805553254896931,0.963297203163668,0.148884063243296,54.1666654570677
11.8146825396825,0.805487888906512,0.963233526639426,0.148812856092178,54.1671375029048
11.8147817460317,0.805422529072755,0.963169849424228,0.148741683049392,54.1676095047704
11.814880952381,0.805357175394705,0.963106171520808,0.148670544098815,54.1680814626714
11.8149801587302,0.805291827871405,0.963042492931892,0.148599439224324,54.1685533766144
11.8150793650794,0.805226486501899,0.962978813660211,0.148528368409807,54.1690252466061
11.8151785714286,0.805161151285229,0.962915133708491,0.148457331639153,54.1694970726533
11.8152777777778,0.80509582222044,0.962851453079459,0.148386328896261,54.1699688547627
11.815376984127,0.805030499306577,0.962787771775839,0.148315360165033,54.170440592941
11.8154761904762,0.804965182542684,0.962724089800356,0.148244425429378,54.1709122871949
11.8155753968254,0.804899871927806,0.962660407155732,0.148173524673212,54.1713839375312
11.8156746031746,0.804834567460987,0.96259672384469,0.148102657880453,54.1718555439564
11.8157738095238,0.804769269141274,0.962533039869949,0.148031825035029,54.1723271064773
11.815873015873,0.804703976967712,0.962469355234229,0.147961026120872,54.1727986251007
11.8159722222222,0.804638690939347,0.962405669940248,0.147890261121919,54.1732700998333
11.8160714285714,0.804573411055226,0.962341983990724,0.147819530022114,54.1737415306816
11.8161706349206,0.804508137314394,0.962278297388373,0.147748832805406,54.1742129176525
11.8162698412698,0.804442869715898,0.962214610135908,0.147678169455749,54.1746842607526
11.816369047619,0.804377608258785,0.962150922236045,0.147607539957108,54.1751555599886
11.8164682539683,0.804312352942104,0.962087233691497,0.147536944293446,54.1756268153673
11.8165674603175,0.804247103764901,0.962023544504973,0.147466382448737,54.1760980268952
11.8166666666667,0.804181860726224,0.961959854679186,0.14739585440696,54.1765691945792
11.8167658730159,0.804116623825122,0.961896164216843,0.147325360152098,54.1770403184258
11.8168650793651,0.804051393060642,0.961832473120654,0.147254899668141,54.1775113984419
11.8169642857143,0.803986168431833,0.961768781393325,0.147184472939085,54.1779824346339
11.8170634920635,0.803920949937744,0.961705089037562,0.147114079948932,54.1784534270088
11.8171626984127,0.803855737577424,0.961641396056069,0.147043720681689,54.178924375573
11.8172619047619,0.803790531349923,0.961577702451551,0.146973395121369,54.1793952803334
11.8173611111111,0.803725331254291,0.96151400822671,0.146903103251992,54.1798661412965
11.8174603174603,0.803660137289577,0.961450313384247,0.146832845057581,54.1803369584691
11.8175595238095,0.803594949454831,0.961386617926862,0.146762620522168,54.1808077318579
11.8176587301587,0.803529767749105,0.961322921857255,0.146692429629788,54.1812784614694
11.8177579365079,0.803464592171447,0.961259225178122,0.146622272364483,54.1817491473105
11.8178571428571,0.803399422720912,0.961195527892163,0.146552148710303,54.1822197893877
11.8179563492063,0.803334259396548,0.961131830002071,0.1464820586513,54.1826903877077
11.8180555555556,0.803269102197409,0.961068131510541,0.146412002171534,54.1831609422773
11.8181547619048,0.803203951122545,0.961004432420268,0.146341979255071,54.1836314531029
11.818253968254,0.803138806171009,0.960940732733943,0.146271989885981,54.1841019201915
11.8183531746032,0.803073667341853,0.960877032454256,0.146202034048342,54.1845723435495
11.8184523809524,0.80300853463413,0.9608133315839,0.146132111726235,54.1850427231836
11.8185515873016,0.802943408046893,0.960749630125561,0.14606222290375,54.1855130591006
11.8186507936508,0.802878287579195,0.960685928081929,0.14599236756498,54.185983351307
11.81875,0.802813173230089,0.960622225455689,0.145922545694027,54.1864535998095
11.8188492063492,0.802748064998629,0.960558522249528,0.145852757274995,54.1869238046148
11.8189484126984,0.802682962883869,0.960494818466128,0.145783002291996,54.1873939657296
11.8190476190476,0.802617866884864,0.960431114108175,0.145713280729149,54.1878640831604
11.8191468253968,0.802552777000668,0.96036740917835,0.145643592570575,54.188334156914
11.819246031746,0.802487693230335,0.960303703679332,0.145573937800404,54.1888041869969
11.8193452380952,0.802422615572921,0.960239997613805,0.145504316402772,54.1892741734159
11.8194444444444,0.802357544027482,0.960176290984444,0.145434728361818,54.1897441161775
11.8195436507937,0.802292478593073,0.960112583793929,0.14536517366169,54.1902140152884
11.8196428571429,0.802227419268749,0.960048876044935,0.145295652286539,54.1906838707553
11.8197420634921,0.802162366053567,0.959985167740138,0.145226164220524,54.1911536825848
11.8198412698413,0.802097318946583,0.959921458882212,0.145156709447807,54.1916234507835
11.8199404761905,0.802032277946854,0.959857749473831,0.14508728795256,54.1920931753581
11.8200396825397,0.801967243053437,0.959794039517665,0.145017899718957,54.1925628563152
11.8201388888889,0.80190221426539,0.959730329016386,0.144948544731179,54.1930324936614
11.8202380952381,0.801837191581768,0.959666617972664,0.144879222973414,54.1935020874034
11.8203373015873,0.801772175001632,0.959602906389167,0.144809934429854,54.1939716375478
11.8204365079365,0.801707164524037,0.959539194268562,0.144740679084699,54.1944411441012
11.8205357142857,0.801642160148044,0.959475481613516,0.144671456922151,54.1949106070703
11.8206349206349,0.801577161872709,0.959411768426695,0.144602267926422,54.1953800264616
11.8207341269841,0.801512169697092,0.95934805471076,0.144533112081727,54.1958494022818
11.8208333333333,0.801447183620253,0.959284340468377,0.144463989372289,54.1963187345376
11.8209325396825,0.801382203641251,0.959220625702207,0.144394899782335,54.1967880232355
11.8210317460317,0.801317229759145,0.95915691041491,0.144325843296099,54.1972572683822
11.821130952381,0.801252261972995,0.959093194609145,0.144256819897818,54.1977264699842
11.8212301587302,0.801187300281861,0.959029478287572,0.14418782957174,54.1981956280482
11.8213293650794,0.801122344684804,0.958965761452848,0.144118872302113,54.1986647425808
11.8214285714286,0.801057395180885,0.958902044107627,0.144049948073195,54.1991338135887
11.8215277777778,0.800992451769164,0.958838326254567,0.143981056869249,54.1996028410784
11.821626984127,0.800927514448703,0.958774607896319,0.143912198674542,54.2000718250565
11.8217261904762,0.800862583218563,0.958710889035538,0.143843373473348,54.2005407655296
11.8218253968254,0.800797658077806,0.958647169674874,0.143774581249947,54.2010096625045
11.8219246031746,0.800732739025494,0.958583449816979,0.143705821988624,54.2014785159875
11.8220238095238,0.80066782606069,0.958519729464501,0.143637095673671,54.2019473259854
11.822123015873,0.800602919182456,0.958456008620088,0.143568402289386,54.2024160925048
11.8222222222222,0.800538018389854,0.958392287286387,0.143499741820069,54.2028848155522
11.8223214285714,0.800473123681949,0.958328565466046,0.143431114250032,54.2033534951343
11.8224206349206,0.800408235057803,0.958264843161708,0.143362519563588,54.2038221312576
11.8225198412698,0.80034335251648,0.958201120376018,0.143293957745058,54.2042907239288
11.822619047619,0.800278476057045,0.958137397111617,0.143225428778767,54.2047592731544
11.8227182539683,0.800213605678561,0.958073673371147,0.143156932649048,54.205227778941
11.8228174603175,0.800148741380092,0.958009949157248,0.143088469340238,54.2056962412952
11.8229166666667,0.800083883160704,0.95794622447256,0.14302003883668,54.2061646602236
11.8230158730159,0.800019031019462,0.957882499319721,0.142951641122725,54.2066330357328
11.8231150793651,0.79995418495543,0.957818773701367,0.142883276182727,54.2071013678294
11.8232142857143,0.799889344967675,0.957755047620134,0.142814944001046,54.2075696565199
11.8233134920635,0.799824511055262,0.957691321078656,0.142746644562051,54.208037901811
11.8234126984127,0.799759683217257,0.957627594079569,0.142678377850112,54.2085061037092
11.8235119047619,0.799694861452727,0.957563866625502,0.142610143849609,54.208974262221
11.8236111111111,0.799630045760738,0.957500138719089,0.142541942544925,54.2094423773532
11.8237103174603,0.799565236140356,0.957436410362958,0.14247377392045,54.2099104491121
11.8238095238095,0.799500432590651,0.957372681559739,0.142405637960581,54.2103784775045
11.8239087301587,0.799435635110688,0.957308952312061,0.142337534649718,54.2108464625369
11.8240079365079,0.799370843699536,0.957245222622549,0.142269463972268,54.2113144042158
11.8241071428571,0.799306058356263,0.957181492493829,0.142201425912646,54.2117823025478
11.8242063492063,0.799241279079936,0.957117761928526,0.142133420455269,54.2122501575395
11.8243055555556,0.799176505869624,0.957054030929262,0.142065447584562,54.2127179691975
11.8244047619048,0.799111738724396,0.956990299498661,0.141997507284956,54.2131857375283
11.824503968254,0.799046977643321,0.956926567639343,0.141929599540887,54.2136534625384
11.8246031746032,0.798982222625469,0.956862835353927,0.141861724336796,54.2141211442345
11.8247023809524,0.798917473669909,0.956799102645034,0.141793881657132,54.2145887826231
11.8248015873016,0.79885273077571,0.956735369515281,0.141726071486349,54.2150563777107
11.8249007936508,0.798787993941943,0.956671635967283,0.141658293808905,54.2155239295039
11.825,0.798723263167678,0.956607902003657,0.141590548609267,54.2159914380093
11.8250992063492,0.798658538451987,0.956544167627017,0.141522835871904,54.2164589032334
11.8251984126984,0.798593819793938,0.956480432839974,0.141455155581293,54.2169263251827
11.8252976190476,0.798529107192606,0.956416697645144,0.141387507721918,54.2173937038638
11.8253968253968,0.798464400647059,0.956352962045135,0.141319892278267,54.2178610392833
11.825496031746,0.798399700156372,0.956289226042558,0.141252309234834,54.2183283314477
11.8255952380952,0.798335005719614,0.956225489640021,0.141184758576118,54.2187955803635
11.8256944444444,0.798270317335859,0.956161752840132,0.141117240286627,54.2192627860373
11.8257936507937,0.798205635004179,0.956098015645496,0.14104975435087,54.2197299484756
11.8258928571429,0.798140958723647,0.956034278058721,0.140982300753366,54.220197067685
11.8259920634921,0.798076288493336,0.955970540082408,0.140914879478638,54.220664143672
11.8260912698413,0.798011624312319,0.955906801719162,0.140847490511215,54.2211311764431
11.8261904761905,0.797946966179671,0.955843062971584,0.140780133835631,54.2215981660048
11.8262896825397,0.797882314094464,0.955779323842275,0.140712809436427,54.2220651123638
11.8263888888889,0.797817668055772,0.955715584333834,0.140645517298149,54.2225320155265
11.8264880952381,0.797753028062672,0.95565184444886,0.14057825740535,54.2229988754994
11.8265873015873,0.797688394114236,0.955588104189951,0.140511029742587,54.2234656922891
11.8266865079365,0.79762376620954,0.955524363559701,0.140443834294423,54.2239324659021
11.8267857142857,0.79755914434766,0.955460622560708,0.14037667104543,54.2243991963449
11.8268849206349,0.79749452852767,0.955396881195563,0.140309539980182,54.2248658836241
11.8269841269841,0.797429918748647,0.955333139466861,0.14024244108326,54.2253325277462
11.8270833333333,0.797365315009667,0.955269397377193,0.140175374339251,54.2257991287176
11.8271825396825,0.797300717309805,0.95520565492915,0.140108339732748,54.2262656865449
11.8272817460317,0.797236125648139,0.95514191212532,0.140041337248349,54.2267322012347
11.827380952381,0.797171540023745,0.955078168968292,0.139974366870659,54.2271986727934
11.8274801587302,0.797106960435701,0.955014425460653,0.139907428584287,54.2276651012275
11.8275793650794,0.797042386883083,0.95495068160499,0.13984052237385,54.2281314865436
11.8276785714286,0.796977819364969,0.954886937403887,0.139773648223969,54.2285978287482
11.8277777777778,0.796913257880438,0.954823192859927,0.139706806119271,54.2290641278477
11.827876984127,0.796848702428568,0.954759447975694,0.139639996044391,54.2295303838487
11.8279761904762,0.796784153008436,0.954695702753769,0.139573217983966,54.2299965967577
11.8280753968254,0.796719609619122,0.954631957196733,0.139506471922643,54.2304627665811
11.8281746031746,0.796655072259704,0.954568211307163,0.13943975784507,54.2309288933256
11.8282738095238,0.796590540929263,0.954504465087639,0.139373075735906,54.2313949769975
11.828373015873,0.796526015626877,0.954440718540739,0.139306425579813,54.2318610176034
11.8284722222222,0.796461496351626,0.954376971669036,0.139239807361457,54.2323270151498
11.8285714285714,0.79639698310259,0.954313224475107,0.139173221065514,54.2327929696432
11.8286706349206,0.796332475878851,0.954249476961524,0.139106666676663,54.23325888109
11.8287698412698,0.796267974679487,0.954185729130861,0.139040144179589,54.2337247494967
11.828869047619,0.79620347950358,0.954121980985688,0.138973653558983,54.2341905748699
11.8289682539683,0.796138990350212,0.954058232528576,0.138907194799544,54.2346563572161
11.8290674603175,0.796074507218463,0.953994483762093,0.138840767885972,54.2351220965416
11.8291666666667,0.796010030107416,0.953930734688808,0.138774372802977,54.235587792853
11.8292658730159,0.795945559016152,0.953866985311288,0.138708009535274,54.2360534461569
11.8293650793651,0.795881093943753,0.953803235632097,0.138641678067582,54.2365190564595
11.8294642857143,0.795816634889303,0.953739485653801,0.138575378384628,54.2369846237676
11.8295634920635,0.795752181851883,0.953675735378963,0.138509110471144,54.2374501480874
11.8296626984127,0.795687734830575,0.953611984810145,0.138442874311865,54.2379156294255
11.8297619047619,0.795623293824466,0.953548233949909,0.138376669891538,54.2383810677884
11.8298611111111,0.795558858832637,0.953484482800814,0.13831049719491,54.2388464631826
11.8299603174603,0.795494429854173,0.953420731365419,0.138244356206737,54.2393118156144
11.8300595238095,0.795430006888157,0.953356979646283,0.13817824691178,54.2397771250904
11.8301587301587,0.795365589933674,0.953293227645961,0.138112169294804,54.2402423916171
11.8302579365079,0.795301178989808,0.953229475367009,0.138046123340583,54.2407076152009
11.8303571428571,0.795236774055645,0.953165722811982,0.137980109033894,54.2411727958483
11.8304563492063,0.79517237513027,0.953101969983432,0.137914126359521,54.2416379335657
11.8305555555556,0.795107982212767,0.953038216883913,0.137848175302255,54.2421030283596
11.8306547619048,0.795043595302223,0.952974463515973,0.13778225584689,54.2425680802365
11.830753968254,0.794979214397724,0.952910709882165,0.137716367978229,54.2430330892028
11.8308531746032,0.794914839498355,0.952846955985036,0.137650511681078,54.243498055265
11.8309523809524,0.794850470603204,0.952783201827133,0.13758468694025,54.2439629784295
11.8310515873016,0.794786107711357,0.952719447411004,0.137518893740564,54.2444278587027
11.8311507936508,0.794721750821901,0.952655692739193,0.137453132066843,54.2448926960913
11.83125,0.794657399933923,0.952591937814245,0.13738740190392,54.2453574906015
11.8313492063492,0.794593055046513,0.952528182638703,0.137321703236631,54.2458222422398
11.8314484126984,0.794528716158756,0.952464427215109,0.137256036049816,54.2462869510127
11.8315476190476,0.794464383269741,0.952400671546003,0.137190400328323,54.2467516169267
11.8316468253968,0.794400056378556,0.952336915633926,0.137124796057007,54.2472162399881
11.831746031746,0.794335735484291,0.952273159481415,0.137059223220726,54.2476808202034
11.8318452380952,0.794271420586034,0.952209403091008,0.136993681804345,54.2481453575791
11.8319444444444,0.794207111682874,0.952145646465242,0.136928171792736,54.2486098521216
11.8320436507937,0.794142808773901,0.952081889606651,0.136862693170775,54.2490743038372
11.8321428571429,0.794078511858205,0.952018132517769,0.136797245923344,54.2495387127326
11.8322420634921,0.794014220934875,0.95195437520113,0.136731830035333,54.250003078814
11.8323412698413,0.793949936003002,0.951890617659265,0.136666445491634,54.250467402088
11.8324404761905,0.793885657061676,0.951826859894704,0.136601092277148,54.2509316825609
11.8325396825397,0.793821384109988,0.951763101909978,0.13653577037678,54.2513959202392
11.8326388888889,0.793757117147028,0.951699343707614,0.136470479775442,54.2518601151293
11.8327380952381,0.79369285617189,0.951635585290139,0.136405220458051,54.2523242672376
11.8328373015873,0.793628601183665,0.951571826660081,0.136339992409531,54.2527883765706
11.8329365079365,0.793564352181443,0.951508067819964,0.13627479561481,54.2532524431347
11.8330357142857,0.793500109164317,0.951444308772311,0.136209630058823,54.2537164669363
11.8331349206349,0.79343587213138,0.951380549519645,0.13614449572651,54.2541804479818
11.8332341269841,0.793371641081725,0.951316790064489,0.136079392602817,54.2546443862776
11.8333333333333,0.793307416014443,0.951253030409361,0.136014320672697,54.2551082818302
11.8334325396825,0.793243196928629,0.951189270556782,0.135949279921107,54.2555721346459
11.8335317460317,0.793178983823377,0.95112551050927,0.135884270333011,54.2560359447312
11.833630952381,0.793114776697779,0.951061750269342,0.135819291893379,54.2564997120925
11.8337301587302,0.793050575550929,0.950997989839513,0.135754344587185,54.2569634367362
11.8338293650794,0.792986380381923,0.950934229222299,0.135689428399411,54.2574271186687
11.8339285714286,0.792922191189855,0.950870468420213,0.135624543315043,54.2578907578964
11.8340277777778,0.792858007973819,0.950806707435768,0.135559689319074,54.2583543544258
11.834126984127,0.79279383073291,0.950742946271474,0.135494866396501,54.2588179082631
11.8342261904762,0.792729659466225,0.950679184929843,0.135430074532331,54.2592814194149
11.8343253968254,0.792665494172858,0.950615423413383,0.135365313711573,54.2597448878874
11.8344246031746,0.792601334851906,0.950551661724603,0.135300583919242,54.2602083136872
11.8345238095238,0.792537181502465,0.950487899866009,0.13523588514036,54.2606716968206
11.834623015873,0.792473034123631,0.950424137840107,0.135171217359955,54.261135037294
11.8347222222222,0.792408892714501,0.950360375649402,0.135106580563059,54.2615983351137
11.8348214285714,0.792344757274171,0.950296613296396,0.135041974734711,54.2620615902863
11.8349206349206,0.79228062780174,0.950232850783594,0.134977399859957,54.262524802818
11.8350198412698,0.792216504296305,0.950169088113495,0.134912855923846,54.2629879727153
11.835119047619,0.792152386756963,0.950105325288599,0.134848342911436,54.2634510999846
11.8352182539683,0.792088275182813,0.950041562311406,0.134783860807788,54.2639141846321
11.8353174603175,0.792024169572953,0.949977799184414,0.134719409597971,54.2643772266644
11.8354166666667,0.791960069926481,0.949914035910119,0.134654989267057,54.2648402260878
11.8355158730159,0.791895976242496,0.949850272491017,0.134590599800127,54.2653031829086
11.8356150793651,0.791831888520098,0.949786508929601,0.134526241182265,54.2657660971333
11.8357142857143,0.791767806758386,0.949722745228366,0.134461913398564,54.2662289687682
11.8358134920635,0.791703730956459,0.949658981389804,0.13439761643412,54.2666917978198
11.8359126984127,0.791639661113418,0.949595217416406,0.134333350274036,54.2671545842943
11.8360119047619,0.791575597228363,0.949531453310661,0.13426911490342,54.2676173281981
11.8361111111111,0.791511539300394,0.949467689075058,0.134204910307386,54.2680800295376
11.8362103174603,0.791447487328612,0.949403924712086,0.134140736471055,54.2685426883193
11.8363095238095,0.791383441312119,0.94934016022423,0.134076593379552,54.2690053045494
11.8364087301587,0.791319401250014,0.949276395613976,0.13401248101801,54.2694678782343
11.8365079365079,0.7912553671414,0.949212630883808,0.133948399371566,54.2699304093803
11.8366071428571,0.791191338985379,0.949148866036209,0.133884348425362,54.270392897994
11.8367063492063,0.791127316781053,0.949085101073661,0.133820328164549,54.2708553440815
11.8368055555556,0.791063300527524,0.949021335998646,0.13375633857428,54.2713177476492
11.8369047619048,0.790999290223895,0.948957570813642,0.133692379639718,54.2717801087036
11.837003968254,0.790935285869268,0.948893805521129,0.133628451346027,54.2722424272509
11.8371031746032,0.790871287462747,0.948830040123583,0.13356455367838,54.2727047032976
11.8372023809524,0.790807295003435,0.948766274623482,0.133500686621956,54.2731669368499
11.8373015873016,0.790743308490437,0.948702509023301,0.133436850161939,54.2736291279142
11.8374007936508,0.790679327922855,0.948638743325512,0.133373044283518,54.2740912764969
11.8375,0.790615353299795,0.948574977532591,0.133309268971888,54.2745533826044
11.8375992063492,0.79055138462036,0.948511211647008,0.133245524212251,54.2750154462428
11.8376984126984,0.790487421883656,0.948447445671233,0.133181809989813,54.2754774674187
11.8377976190476,0.790423465088788,0.948383679607737,0.133118126289788,54.2759394461384
11.8378968253968,0.79035951423486,0.948319913458989,0.133054473097395,54.2764013824081
11.837996031746,0.790295569320979,0.948256147227454,0.132990850397857,54.2768632762342
11.8380952380952,0.79023163034625,0.9481923809156,0.132927258176405,54.2773251276231
11.8381944444444,0.79016769730978,0.948128614525891,0.132863696418275,54.2777869365811
11.8382936507937,0.790103770210674,0.948064848060791,0.132800165108708,54.2782487031145
11.8383928571429,0.79003984904804,0.948001081522764,0.132736664232953,54.2787104272297
11.8384920634921,0.789975933820985,0.94793731491427,0.132673193776262,54.2791721089329
11.8385912698413,0.789912024528614,0.947873548237769,0.132609753723895,54.2796337482306
11.8386904761905,0.789848121170037,0.947809781495724,0.132546344061117,54.280095345129
11.8387896825397,0.789784223744361,0.94774601469059,0.1324829647732,54.2805568996345
11.8388888888889,0.789720332250694,0.947682247824824,0.132419615845418,54.2810184117534
11.8389880952381,0.789656446688144,0.947618480900884,0.132356297263055,54.281479881492
11.8390873015873,0.789592567055819,0.947554713921224,0.132293009011399,54.2819413088566
11.8391865079365,0.78952869335283,0.947490946888297,0.132229751075744,54.2824026938536
11.8392857142857,0.789464825578283,0.947427179804557,0.13216652344139,54.2828640364893
11.8393849206349,0.78940096373129,0.947363412672454,0.132103326093642,54.2833253367699
11.8394841269841,0.789337107810959,0.947299645494438,0.132040159017811,54.2837865947019
11.8395833333333,0.789273257816401,0.94723587827296,0.131977022199215,54.2842478102914
11.8396825396825,0.789209413746725,0.947172111010468,0.131913915623177,54.2847089835449
11.8397817460317,0.789145575601042,0.947108343709407,0.131850839275025,54.2851701144686
11.839880952381,0.789081743378463,0.947044576372224,0.131787793140095,54.2856312030688
11.8399801587302,0.789017917078098,0.946980809001364,0.131724777203725,54.2860922493519
11.8400793650794,0.788954096699058,0.946917041599269,0.131661791451262,54.2865532533242
11.8401785714286,0.788890282240457,0.946853274168384,0.13159883586806,54.2870142149919
11.8402777777778,0.788826473701405,0.946789506711148,0.131535910439474,54.2874751343613
11.840376984127,0.788762671081014,0.946725739230003,0.13147301515087,54.2879360114388
11.8404761904762,0.788698874378396,0.946661971727387,0.131410149987615,54.2883968462306
11.8405753968254,0.788635083592665,0.946598204205737,0.131347314935085,54.2888576387431
11.8406746031746,0.788571298722933,0.946534436667491,0.131284509978662,54.2893183889825
11.8407738095238,0.788507519768312,0.946470669115085,0.131221735103731,54.2897790969552
11.840873015873,0.788443746727917,0.946406901550953,0.131158990295685,54.2902397626674
11.8409722222222,0.788379979600861,0.946343133977527,0.131096275539923,54.2907003861253
11.8410714285714,0.788316218386258,0.946279366397241,0.131033590821848,54.2911609673354
11.8411706349206,0.788252463083222,0.946215598812526,0.130970936126871,54.2916215063039
11.8412698412698,0.788188713690867,0.946151831225811,0.130908311440407,54.292082003037
11.841369047619,0.788124970208309,0.946088063639526,0.130845716747878,54.2925424575411
11.8414682539683,0.788061232634662,0.946024296056098,0.13078315203471,54.2930028698224
11.8415674603175,0.787997500969041,0.945960528477952,0.130720617286337,54.2934632398872
11.8416666666667,0.787933775210563,0.945896760907517,0.130658112488199,54.2939235677418
11.8417658730159,0.787870055358343,0.945832993347215,0.130595637625739,54.2943838533925
11.8418650793651,0.787806341411497,0.94576922579947,0.130533192684408,54.2948440968455
11.8419642857143,0.787742633369141,0.945705458266704,0.130470777649663,54.2953042981071
11.8420634920635,0.787678931230392,0.945641690751337,0.130408392506964,54.2957644571836
11.8421626984127,0.787615234994367,0.94557792325579,0.130346037241781,54.2962245740812
11.8422619047619,0.787551544660182,0.945514155782481,0.130283711839587,54.2966846488063
11.8423611111111,0.787487860226956,0.945450388333827,0.130221416285861,54.297144681365
11.8424603174603,0.787424181693806,0.945386620912246,0.130159150566088,54.2976046717638
11.8425595238095,0.787360509059851,0.945322853520152,0.13009691466576,54.2980646200087
11.8426587301587,0.787296842324207,0.94525908615996,0.130034708570373,54.2985245261061
11.8427579365079,0.787233181485993,0.945195318834082,0.12997253226543,54.2989843900622
11.8428571428571,0.78716952654433,0.945131551544931,0.12991038573644,54.2994442118833
11.8429563492063,0.787105877498334,0.945067784294917,0.129848268968916,54.2999039915757
11.8430555555556,0.787042234347126,0.945004017086449,0.129786181948378,54.3003637291456
11.8431547619048,0.786978597089826,0.944940249921938,0.129724124660353,54.3008234245992
11.843253968254,0.786914965725552,0.944876482803788,0.129662097090372,54.3012830779428
11.8433531746032,0.786851340253426,0.944812715734408,0.129600099223972,54.3017426891827
11.8434523809524,0.786787720672568,0.944748948716202,0.129538131046697,54.3022022583251
11.8435515873016,0.786724106982097,0.944685181751574,0.129476192544096,54.3026617853763
11.8436507936508,0.786660499181136,0.944621414842927,0.129414283701723,54.3031212703424
11.84375,0.786596897268806,0.944557647992663,0.129352404505138,54.3035807132298
11.8438492063492,0.786533301244226,0.944493881203181,0.129290554939909,54.3040401140447
11.8439484126984,0.786469711106521,0.944430114476883,0.129228734991608,54.3044994727933
11.8440476190476,0.78640612685481,0.944366347816165,0.129166944645812,54.3049587894818
11.8441468253968,0.786342548488218,0.944302581223425,0.129105183888104,54.3054180641166
11.844246031746,0.786278976005865,0.94423881470106,0.129043452704076,54.3058772967038
11.8443452380952,0.786215409406876,0.944175048251463,0.128981751079322,54.3063364872496
11.8444444444444,0.786151848690372,0.94411128187703,0.128920078999443,54.3067956357604
11.8445436507937,0.786088293855477,0.944047515580151,0.128858436450045,54.3072547422422
11.8446428571429,0.786024744901316,0.94398374936322,0.128796823416743,54.3077138067015
11.8447420634921,0.785961201827011,0.943919983228627,0.128735239885155,54.3081728291443
11.8448412698413,0.785897664631688,0.943856217178761,0.128673685840904,54.3086318095769
11.8449404761905,0.785834133314469,0.94379245121601,0.128612161269621,54.3090907480056
11.8450396825397,0.785770607874481,0.94372868534276,0.128550666156942,54.3095496444365
11.8451388888889,0.785707088310847,0.943664919561399,0.128489200488508,54.3100084988759
11.8452380952381,0.785643574622694,0.94360115387431,0.128427764249967,54.31046731133
11.8453373015873,0.785580066809146,0.943537388283877,0.128366357426973,54.310926081805
11.8454365079365,0.78551656486933,0.943473622792483,0.128304980005184,54.3113848103071
11.8455357142857,0.78545306880237,0.94340985740251,0.128243631970265,54.3118434968425
11.8456349206349,0.785389578607395,0.943346092116336,0.128182313307888,54.3123021414176
11.8457341269841,0.785326094283529,0.943282326936342,0.128121024003728,54.3127607440383
11.8458333333333,0.785262615829901,0.943218561864905,0.128059764043467,54.3132193047111
11.8459325396825,0.785199143245636,0.943154796904403,0.127998533412795,54.313677823442
11.8460317460317,0.785135676529862,0.94309103205721,0.127937332097403,54.3141363002373
11.846130952381,0.785072215681708,0.943027267325702,0.127876160082994,54.3145947351032
11.8462301587302,0.785008760700301,0.942963502712252,0.127815017355271,54.3150531280459
11.8463293650794,0.784945311584768,0.942899738219232,0.127753903899947,54.3155114790716
11.8464285714286,0.78488186833424,0.942835973849014,0.127692819702738,54.3159697881865
11.8465277777778,0.784818430947843,0.942772209603967,0.127631764749367,54.3164280553967
11.846626984127,0.784754999424708,0.942708445486461,0.127570739025562,54.3168862807086
11.8467261904762,0.784691573763963,0.942644681498863,0.127509742517059,54.3173444641282
11.8468253968254,0.784628153964737,0.94258091764354,0.127448775209597,54.3178026056618
11.8469246031746,0.784564740026162,0.942517153922857,0.127387837088923,54.3182607053155
11.8470238095238,0.784501331947366,0.942453390339179,0.127326928140787,54.3187187630956
11.847123015873,0.78443792972748,0.94238962689487,0.127266048350949,54.3191767790083
11.8472222222222,0.784374533365634,0.94232586359229,0.127205197705171,54.3196347530597
11.8473214285714,0.78431114286096,0.942262100433802,0.127144376189222,54.3200926852559
11.8474206349206,0.784247758212589,0.942198337421765,0.127083583788878,54.3205505756033
11.8475198412698,0.78418437941965,0.942134574558537,0.127022820489919,54.3210084241079
11.847619047619,0.784121006481278,0.942070811846478,0.126962086278132,54.321466230776
11.8477182539683,0.784057639396604,0.942007049287942,0.12690138113931,54.3219239956137
11.8478174603175,0.783994278164759,0.941943286885286,0.12684070505925,54.3223817186273
11.8479166666667,0.783930922784876,0.941879524640863,0.126780058023756,54.3228393998228
11.8480158730159,0.783867573256088,0.941815762557027,0.126719440018639,54.3232970392064
11.8481150793651,0.783804229577528,0.94175200063613,0.126658851029714,54.3237546367844
11.8482142857143,0.783740891748328,0.941688238880522,0.126598291042802,54.3242121925629
11.8483134920635,0.783677559767624,0.941624477292553,0.126537760043731,54.324669706548
11.8484126984127,0.783614233634548,0.941560715874572,0.126477258018333,54.325127178746
11.8485119047619,0.783550913348234,0.941496954628927,0.126416784952447,54.3255846091629
11.8486111111111,0.783487598907817,0.941433193557962,0.126356340831918,54.326041997805
11.8487103174603,0.783424290312432,0.941369432664025,0.126295925642596,54.3264993446785
11.8488095238095,0.783360987561213,0.941305671949458,0.126235539370337,54.3269566497894
11.8489087301587,0.783297690653295,0.941241911416605,0.126175182001003,54.3274139131439
11.8490079365079,0.783234399587813,0.941178151067806,0.126114853520462,54.3278711347483
11.8491071428571,0.783171114363905,0.941114390905405,0.126054553914588,54.3283283146085
11.8492063492063,0.783107834980705,0.941050630931739,0.125994283169259,54.3287854527309
11.8493055555556,0.78304456143735,0.940986871149147,0.125934041270362,54.3292425491215
11.8494047619048,0.782981293732976,0.940923111559966,0.125873828203787,54.3296996037866
11.849503968254,0.78291803186672,0.940859352166533,0.12581364395543,54.3301566167321
11.8496031746032,0.782854775837719,0.940795592971183,0.125753488511194,54.3306135879644
11.8497023809524,0.78279152564511,0.940731833976248,0.125693361856987,54.3310705174895
11.8498015873016,0.782728281288031,0.940668075184063,0.125633263978725,54.3315274053136
11.8499007936508,0.78266504276562,0.940604316596958,0.125573194862325,54.3319842514428
11.85,0.782601810077014,0.940540558217265,0.125513154493715,54.3324410558833
11.8500992063492,0.782538583221353,0.940476800047311,0.125453142858825,54.3328978186412
11.8501984126984,0.782475362197774,0.940413042089427,0.125393159943594,54.3333545397227
11.8502976190476,0.782412147005417,0.940349284345939,0.125333205733963,54.3338112191338
11.8503968253968,0.782348937643421,0.940285526819172,0.125273280215882,54.3342678568807
11.850496031746,0.782285734110924,0.940221769511451,0.125213383375305,54.3347244529696
11.8505952380952,0.782222536407068,0.940158012425101,0.125153515198194,54.3351810074065
11.8506944444444,0.782159344530992,0.940094255562444,0.125093675670514,54.3356375201976
11.8507936507937,0.782096158481836,0.940030498925802,0.125033864778238,54.3360939913491
11.8508928571429,0.782032978258741,0.939966742517494,0.124974082507342,54.336550420867
11.8509920634921,0.781969803860848,0.939902986339839,0.124914328843812,54.3370068087575
11.8510912698413,0.781906635287297,0.939839230395157,0.124854603773636,54.3374631550267
11.8511904761905,0.781843472537229,0.939775474685763,0.124794907282809,54.3379194596807
11.8512896825397,0.781780315609788,0.939711719213974,0.124735239357334,54.3383757227256
11.8513888888889,0.781717164504113,0.939647963982104,0.124675599983215,54.3388319441676
11.8514880952381,0.781654019219348,0.939584208992467,0.124615989146467,54.3392881240128
11.8515873015873,0.781590879754635,0.939520454247375,0.124556406833107,54.3397442622673
11.8516865079365,0.781527746109117,0.939456699749139,0.12449685302916,54.3402003589371
11.8517857142857,0.781464618281936,0.93939294550007,0.124437327720656,54.3406564140285
11.8518849206349,0.781401496272236,0.939329191502476,0.12437783089363,54.3411124275474
11.8519841269841,0.781338380079158,0.939265437758665,0.124318362534124,54.3415683995001
11.8520833333333,0.78127526970185,0.939201684270945,0.124258922628187,54.3420243298927
11.8521825396825,0.781212165139454,0.93913793104162,0.12419951116187,54.3424802187311
11.8522817460317,0.781149066391113,0.939074178072996,0.124140128121232,54.3429360660216
11.852380952381,0.781085973455974,0.939010425367375,0.12408077349234,54.3433918717703
11.8524801587302,0.78102288633318,0.938946672927059,0.124021447261263,54.3438476359831
11.8525793650794,0.780959805021876,0.938882920754351,0.123962149414077,54.3443033586663
11.8526785714286,0.780896729521209,0.93881916885155,0.123902879936865,54.344759039826
11.8527777777778,0.780833659830323,0.938755417220954,0.123843638815715,54.3452146794681
11.852876984127,0.780770595948364,0.938691665864861,0.12378442603672,54.3456702775989
11.8529761904762,0.78070753787448,0.938627914785569,0.12372524158598,54.3461258342244
11.8530753968254,0.780644485607815,0.938564163985371,0.123666085449601,54.3465813493506
11.8531746031746,0.780581439147517,0.938500413466563,0.123606957613693,54.3470368229838
11.8532738095238,0.780518398492733,0.938436663231438,0.123547858064374,54.3474922551299
11.853373015873,0.780455363642609,0.938372913282288,0.123488786787767,54.3479476457951
11.8534722222222,0.780392334596294,0.938309163621403,0.123429743769998,54.3484029949854
11.8535714285714,0.780329311352935,0.938245414251074,0.123370728997204,54.348858302707
11.8536706349206,0.780266293911681,0.938181665173589,0.123311742455525,54.3493135689658
11.8537698412698,0.780203282271679,0.938117916391236,0.123252784131106,54.349768793768
11.853869047619,0.780140276432078,0.9380541679063,0.123193854010099,54.3502239771196
11.8539682539683,0.780077276392028,0.937990419721069,0.123134952078661,54.3506791190268
11.8540674603175,0.780014282150676,0.937926671837824,0.123076078322957,54.3511342194956
11.8541666666667,0.779951293707173,0.93786292425885,0.123017232729154,54.3515892785321
11.8542658730159,0.779888311060668,0.937799176986429,0.122958415283428,54.3520442961423
11.8543650793651,0.779825334210312,0.93773543002284,0.12289962597196,54.3524992723323
11.8544642857143,0.779762363155253,0.937671683370364,0.122840864780935,54.3529542071081
11.8545634920635,0.779699397894643,0.937607937031279,0.122782131696547,54.353409100476
11.8546626984127,0.779636438427633,0.937544191007863,0.122723426704994,54.3538639524418
11.8547619047619,0.779573484753373,0.937480445302391,0.122664749792479,54.3543187630116
11.8548611111111,0.779510536871015,0.937416699917139,0.122606100945212,54.3547735321917
11.8549603174603,0.779447594779709,0.93735295485438,0.122547480149408,54.3552282599878
11.8550595238095,0.779384658478609,0.937289210116388,0.122488887391289,54.3556829464063
11.8551587301587,0.779321727966866,0.937225465705434,0.122430322657082,54.356137591453
11.8552579365079,0.779258803243633,0.937161721623789,0.12237178593302,54.356592195134
11.8553571428571,0.779195884308062,0.937097977873722,0.122313277205341,54.3570467574555
11.8554563492063,0.779132971159305,0.937034234457502,0.122254796460291,54.3575012784234
11.8555555555556,0.779070063796517,0.936970491377395,0.122196343684118,54.3579557580438
11.8556547619048,0.77900716221885,0.936906748635668,0.122137918863079,54.3584101963228
11.855753968254,0.778944266425459,0.936843006234586,0.122079521983437,54.3588645932663
11.8558531746032,0.778881376415496,0.936779264176412,0.122021153031458,54.3593189488804
11.8559523809524,0.778818492188117,0.936715522463409,0.121962811993416,54.3597732631713
11.8560515873016,0.778755613742475,0.936651781097839,0.12190449885559,54.3602275361448
11.8561507936508,0.778692741077727,0.936588040081961,0.121846213604266,54.3606817678071
11.85625,0.778629874193026,0.936524299418035,0.121787956225734,54.3611359581642
11.8563492063492,0.778567013087527,0.93646055910832,0.121729726706291,54.3615901072221
11.8564484126984,0.778504157760387,0.936396819155071,0.121671525032238,54.3620442149869
11.8565476190476,0.778441308210761,0.936333079560547,0.121613351189885,54.3624982814646
11.8566468253968,0.778378464437806,0.936269340327,0.121555205165546,54.3629523066612
11.856746031746,0.778315626440678,0.936205601456684,0.12149708694554,54.3634062905827
11.8568452380952,0.778252794218533,0.936141862951852,0.121438996516193,54.3638602332352
11.8569444444444,0.778189967770528,0.936078124814756,0.121380933863836,54.3643141346247
11.8570436507937,0.778127147095821,0.936014387047645,0.121322898974806,54.3647679947573
11.8571428571429,0.778064332193569,0.935950649652768,0.121264891835447,54.3652218136388
11.8572420634921,0.778001523062929,0.935886912632374,0.121206912432107,54.3656755912755
11.8573412698413,0.77793871970306,0.93582317598871,0.121148960751141,54.3661293276732
11.8574404761905,0.77787592211312,0.93575943972402,0.121091036778908,54.366583022838
11.8575396825397,0.777813130292268,0.93569570384055,0.121033140501776,54.367036676776
11.8576388888889,0.777750344239661,0.935631968340543,0.120975271906117,54.3674902894931
11.8577380952381,0.77768756395446,0.93556823322624,0.120917430978307,54.3679438609953
11.8578373015873,0.777624789435823,0.935504498499885,0.120859617704731,54.3683973912887
11.8579365079365,0.77756202068291,0.935440764163715,0.120801832071776,54.3688508803793
11.8580357142857,0.777499257694881,0.935377030219971,0.120744074065841,54.369304328273
11.8581349206349,0.777436500470897,0.93531329667089,0.120686343673325,54.3697577349759
11.8582341269841,0.777373749010117,0.935249563518709,0.120628640880634,54.370211100494
11.8583333333333,0.777311003311702,0.935185830765663,0.120570965674182,54.3706644248333
11.8584325396825,0.777248263374814,0.935122098413987,0.120513318040386,54.3711177079997
11.8585317460317,0.777185529198613,0.935058366465913,0.120455697965671,54.3715709499994
11.858630952381,0.77712280078226,0.934994634923675,0.120398105436466,54.3720241508382
11.8587301587302,0.777060078124919,0.934930903789502,0.120340540439208,54.3724773105222
11.8588293650794,0.77699736122575,0.934867173065626,0.120283002960337,54.3729304290574
11.8589285714286,0.776934650083915,0.934803442754274,0.120225492986302,54.3733835064497
11.8590277777778,0.776871944698578,0.934739712857674,0.120168010503555,54.3738365427052
11.859126984127,0.776809245068902,0.934675983378052,0.120110555498555,54.3742895378299
11.8592261904762,0.776746551194048,0.934612254317635,0.120053127957767,54.3747424918297
11.8593253968254,0.776683863073182,0.934548525678645,0.119995727867661,54.3751954047106
11.8594246031746,0.776621180705464,0.934484797463306,0.119938355214713,54.3756482764786
11.8595238095238,0.776558504090062,0.934421069673841,0.119881009985407,54.3761011071396
11.859623015873,0.776495833226138,0.93435734231247,0.119823692166228,54.3765538966998
11.8597222222222,0.776433168112857,0.934293615381413,0.119766401743673,54.377006645165
11.8598214285714,0.776370508749384,0.934229888882887,0.119709138704239,54.3774593525412
11.8599206349206,0.776307855134882,0.934166162819112,0.119651903034431,54.3779120188345
11.8600198412698,0.776245207268519,0.934102437192302,0.119594694720762,54.3783646440507
11.860119047619,0.776182565149458,0.934038712004673,0.119537513749748,54.3788172281958
11.8602182539683,0.776119928776867,0.933974987258439,0.119480360107911,54.3792697712759
11.8603174603175,0.776057298149911,0.933911262955813,0.11942323378178,54.3797222732969
11.8604166666667,0.775994673267756,0.933847539099007,0.119366134757889,54.3801747342647
11.8605158730159,0.775932054129568,0.933783815690231,0.119309063022779,54.3806271541854
11.8606150793651,0.775869440734516,0.933720092731695,0.119252018562994,54.3810795330648
11.8607142857143,0.775806833081765,0.933656370225608,0.119195001365087,54.381531870909
11.8608134920635,0.775744231170484,0.933592648174175,0.119138011415616,54.3819841677239
11.8609126984127,0.775681634999838,0.933528926579604,0.119081048701141,54.3824364235155
11.8610119047619,0.775619044568998,0.933465205444099,0.119024113208235,54.3828886382897
11.8611111111111,0.775556459877132,0.933401484769866,0.118967204923471,54.3833408120525
11.8612103174603,0.775493880923406,0.933337764559105,0.11891032383343,54.3837929448098
11.8613095238095,0.775431307706991,0.933274044814019,0.118853469924698,54.3842450365677
11.8614087301587,0.775368740227055,0.933210325536808,0.118796643183867,54.384697087332
11.8615079365079,0.775306178482768,0.933146606729672,0.118739843597536,54.3851490971087
11.8616071428571,0.775243622473298,0.933082888394808,0.118683071152307,54.3856010659037
11.8617063492063,0.775181072197816,0.933019170534415,0.118626325834791,54.3860529937231
11.8618055555556,0.775118527655492,0.932955453150686,0.118569607631604,54.3865048805726
11.8619047619048,0.775055988845497,0.932891736245819,0.118512916529365,54.3869567264584
11.862003968254,0.774993455767,0.932828019822005,0.118456252514703,54.3874085313863
11.8621031746032,0.774930928419172,0.932764303881438,0.11839961557425,54.3878602953622
11.8622023809524,0.774868406801186,0.932700588426309,0.118343005694644,54.3883120183922
11.8623015873016,0.774805890912212,0.932636873458809,0.11828642286253,54.3887637004821
11.8624007936508,0.774743380751421,0.932573158981125,0.118229867064558,54.3892153416378
11.8625,0.774680876317986,0.932509444995448,0.118173338287384,54.3896669418654
11.8625992063492,0.77461837761108,0.932445731503963,0.11811683651767,54.3901185011707
11.8626984126984,0.774555884629874,0.932382018508857,0.118060361742083,54.3905700195597
11.8627976190476,0.774493397373542,0.932318306012313,0.118003913947297,54.3910214970383
11.8628968253968,0.774430915841256,0.932254594016515,0.11794749311999,54.3914729336124
11.862996031746,0.77436844003219,0.932190882523647,0.117891099246848,54.391924329288
11.8630952380952,0.774305969945517,0.932127171535888,0.117834732314562,54.392375684071
11.8631944444444,0.774243505580411,0.932063461055419,0.117778392309827,54.3928269979672
11.8632936507937,0.774181046936046,0.931999751084419,0.117722079219346,54.3932782709827
11.8633928571429,0.774118594011597,0.931936041625066,0.117665793029828,54.3937295031233
11.8634920634921,0.774056146806237,0.931872332679537,0.117609533727986,54.394180694395
11.8635912698413,0.773993705319143,0.931808624250007,0.11755330130054,54.3946318448036
11.8636904761905,0.77393126954949,0.931744916338651,0.117497095734216,54.3950829543551
11.8637896825397,0.773868839496452,0.931681208947641,0.117440917015744,54.3955340230555
11.8638888888889,0.773806415159204,0.93161750207915,0.117384765131861,54.3959850509105
11.8639880952381,0.773743996536925,0.931553795735349,0.117328640069311,54.3964360379262
11.8640873015873,0.773681583628789,0.931490089918409,0.117272541814843,54.3968869841083
11.8641865079365,0.773619176433974,0.931426384630498,0.117216470355211,54.3973378894629
11.8642857142857,0.773556774951656,0.931362679873783,0.117160425677174,54.3977887539959
11.8643849206349,0.773494379181011,0.931298975650432,0.1171044077675,54.3982395777131
11.8644841269841,0.773431989121218,0.931235271962608,0.11704841661296,54.3986903606204
11.8645833333333,0.773369604771454,0.931171568812478,0.116992452200332,54.3991411027237
11.8646825396825,0.773307226130897,0.931107866202204,0.116936514516398,54.399591804029
11.8647817460317,0.773244853198724,0.931044164133948,0.116880603547949,54.4000424645422
11.864880952381,0.773182485974115,0.93098046260987,0.116824719281779,54.400493084269
11.8649801587302,0.773120124456248,0.930916761632131,0.11676886170469,54.4009436632155
11.8650793650794,0.773057768644302,0.930853061202889,0.116713030803487,54.4013942013875
11.8651785714286,0.772995418537456,0.930789361324302,0.116657226564984,54.4018446987909
11.8652777777778,0.77293307413489,0.930725661998526,0.116601448975998,54.4022951554315
11.865376984127,0.772870735435782,0.930661963227716,0.116545698023353,54.4027455713154
11.8654761904762,0.772808402439315,0.930598265014027,0.11648997369388,54.4031959464483
11.8655753968254,0.772746075144667,0.930534567359611,0.116434275974414,54.4036462808361
11.8656746031746,0.772683753551019,0.93047087026662,0.116378604851797,54.4040965744848
11.8657738095238,0.772621437657553,0.930407173737206,0.116322960312875,54.4045468274002
11.865873015873,0.772559127463448,0.930343477773516,0.116267342344501,54.4049970395881
11.8659722222222,0.772496822967887,0.930279782377701,0.116211750933535,54.4054472110545
11.8660714285714,0.772434524170051,0.930216087551907,0.116156186066841,54.4058973418052
11.8661706349206,0.772372231069122,0.930152393298281,0.116100647731289,54.4063474318462
11.8662698412698,0.772309943664283,0.930088699618966,0.116045135913755,54.4067974811832
11.866369047619,0.772247661954715,0.930025006516109,0.115989650601123,54.4072474898222
11.8664682539683,0.772185385939601,0.92996131399185,0.115934191780278,54.4076974577689
11.8665674603175,0.772123115618124,0.929897622048333,0.115878759438115,54.4081473850294
11.8666666666667,0.772060850989468,0.929833930687697,0.115823353561534,54.4085972716094
11.8667658730159,0.771998592052816,0.929770239912082,0.115767974137438,54.4090471175148
11.8668650793651,0.771936338807351,0.929706549723624,0.11571262115274,54.4094969227515
11.8669642857143,0.771874091252258,0.929642860124464,0.115657294594356,54.4099466873253
11.8670634920635,0.771811849386722,0.929579171116737,0.115601994449208,54.4103964112421
11.8671626984127,0.771749613209927,0.929515482702576,0.115546720704226,54.4108460945077
11.8672619047619,0.771687382721057,0.929451794884116,0.115491473346343,54.411295737128
11.8673611111111,0.771625157919297,0.92938810766349,0.115436252362498,54.4117453391089
11.8674603174603,0.771562938803834,0.929324421042829,0.115381057739639,54.4121949004562
11.8675595238095,0.771500725373852,0.929260735024263,0.115325889464715,54.4126444211758
11.8676587301587,0.771438517628538,0.929197049609921,0.115270747524685,54.4130939012734
11.8677579365079,0.771376315567078,0.929133364801933,0.115215631906512,54.413543340755
11.8678571428571,0.771314119188659,0.929069680602423,0.115160542597165,54.4139927396264
11.8679563492063,0.771251928492466,0.92900599701352,0.115105479583618,54.4144420978935
11.8680555555556,0.771189743477687,0.928942314037346,0.115050442852851,54.414891415562
11.8681547619048,0.77112756414351,0.928878631676026,0.114995432391852,54.4153406926378
11.868253968254,0.771065390489121,0.928814949931682,0.114940448187612,54.4157899291268
11.8683531746032,0.771003222513708,0.928751268806435,0.114885490227128,54.4162391250348
11.8684523809524,0.770941060216461,0.928687588302407,0.114830558497406,54.4166882803677
11.8685515873016,0.770878903596567,0.928623908421715,0.114775652985454,54.4171373951312
11.8686507936508,0.770816752653214,0.928560229166478,0.114720773678287,54.4175864693312
11.86875,0.770754607385592,0.928496550538812,0.114665920562927,54.4180355029735
11.8688492063492,0.77069246779289,0.928432872540833,0.114611093626401,54.418484496064
11.8689484126984,0.770630333874297,0.928369195174656,0.11455629285574,54.4189334486084
11.8690476190476,0.770568205629003,0.928305518442394,0.114501518237985,54.4193823606127
11.8691468253968,0.770506083056197,0.928241842346159,0.114446769760178,54.4198312320826
11.869246031746,0.77044396615507,0.928178166888062,0.114392047409369,54.420280063024
11.8693452380952,0.770381854924813,0.928114492070214,0.114337351172616,54.4207288534426
11.8694444444444,0.770319749364616,0.928050817894724,0.114282681036979,54.4211776033444
11.8695436507937,0.77025764947367,0.927987144363698,0.114228036989526,54.421626312735
11.8696428571429,0.770195555251167,0.927923471479244,0.11417341901733,54.4220749816204
11.8697420634921,0.770133466696298,0.927859799243466,0.114118827107469,54.4225236100063
11.8698412698413,0.770071383808254,0.92779612765847,0.114064261247029,54.4229721978986
11.8699404761905,0.770009306586229,0.927732456726359,0.114009721423102,54.4234207453031
11.8700396825397,0.769947235029415,0.927668786449235,0.113955207622782,54.4238692522255
11.8701388888889,0.769885169137003,0.927605116829199,0.113900719833172,54.4243177186717
11.8702380952381,0.769823108908188,0.92754144786835,0.11384625804138,54.4247661446475
11.8703373015873,0.769761054342161,0.927477779568787,0.11379182223452,54.4252145301587
11.8704365079365,0.769699005438117,0.927414111932608,0.113737412399712,54.425662875211
11.8705357142857,0.76963696219525,0.92735044496191,0.113683028524081,54.4261111798104
11.8706349206349,0.769574924612753,0.927286778658787,0.113628670594757,54.4265594439626
11.8707341269841,0.76951289268982,0.927223113025334,0.113574338598879,54.4270076676734
11.8708333333333,0.769450866425647,0.927159448063643,0.113520032523589,54.4274558509485
11.8709325396825,0.769388845819427,0.927095783775808,0.113465752356035,54.4279039937939
11.8710317460317,0.769326830870356,0.927032120163917,0.113411498083372,54.4283520962152
11.871130952381,0.76926482157763,0.926968457230062,0.11335726969276,54.4288001582183
11.8712301587302,0.769202817940443,0.926904794976331,0.113303067171365,54.429248179809
11.8713293650794,0.769140819957991,0.92684113340481,0.113248890506357,54.429696160993
11.8714285714286,0.769078827629472,0.926777472517587,0.113194739684917,54.4301441017761
11.8715277777778,0.769016840954081,0.926713812316746,0.113140614694226,54.4305920021641
11.871626984127,0.768954859931015,0.926650152804372,0.113086515521474,54.4310398621629
11.8717261904762,0.768892884559471,0.926586493982547,0.113032442153856,54.4314876817781
11.8718253968254,0.768830914838646,0.926522835853353,0.112978394578572,54.4319354610156
11.8719246031746,0.768768950767738,0.926459178418871,0.112924372782829,54.4323831998811
11.8720238095238,0.768706992345944,0.926395521681181,0.112870376753839,54.4328308983805
11.872123015873,0.768645039572462,0.926331865642359,0.112816406478821,54.4332785565194
11.8722222222222,0.768583092446491,0.926268210304484,0.112762461944998,54.4337261743037
11.8723214285714,0.768521150967229,0.926204555669632,0.1127085431396,54.4341737517391
11.8724206349206,0.768459215133875,0.926140901739878,0.112654650049862,54.4346212888314
11.8725198412698,0.768397284945628,0.926077248517295,0.112600782663026,54.4350687855865
11.872619047619,0.768335360401687,0.926013596003957,0.112546940966339,54.4355162420099
11.8727182539683,0.768273441501252,0.925949944201934,0.112493124947054,54.4359636581075
11.8728174603175,0.768211528243523,0.925886293113297,0.112439334592429,54.4364110338852
11.8729166666667,0.7681496206277,0.925822642740116,0.112385569889729,54.4368583693485
11.8730158730159,0.768087718652984,0.925758993084459,0.112331830826225,54.4373056645033
11.8731150793651,0.768025822318576,0.925695344148393,0.112278117389192,54.4377529193554
11.8732142857143,0.767963931623675,0.925631695933983,0.112224429565912,54.4382001339105
11.8733134920635,0.767902046567484,0.925568048443295,0.112170767343673,54.4386473081744
11.8734126984127,0.767840167149204,0.925504401678392,0.112117130709769,54.4390944421527
11.8735119047619,0.767778293368036,0.925440755641337,0.112063519651498,54.4395415358513
11.8736111111111,0.767716425223184,0.92537711033419,0.112009934156166,54.439988589276
11.8737103174603,0.767654562713848,0.925313465759013,0.111956374211083,54.4404356024324
11.8738095238095,0.767592705839232,0.925249821917864,0.111902839803566,54.4408825753263
11.8739087301587,0.767530854598539,0.925186178812802,0.111849330920938,54.4413295079635
11.8740079365079,0.767469008990971,0.925122536445882,0.111795847550527,54.4417764003496
11.8741071428571,0.767407169015732,0.925058894819162,0.111742389679667,54.4422232524905
11.8742063492063,0.767345334672026,0.924995253934696,0.111688957295698,54.4426700643919
11.8743055555556,0.767283505959056,0.924931613794535,0.111635550385964,54.4431168360595
11.8744047619048,0.767221682876027,0.924867974400735,0.111582168937818,54.4435635674991
11.874503968254,0.767159865422144,0.924804335755345,0.111528812938618,54.4440102587164
11.8746031746032,0.767098053596611,0.924740697860416,0.111475482375725,54.4444569097171
11.8747023809524,0.767036247398632,0.924677060717997,0.111422177236509,54.4449035205069
11.8748015873016,0.766974446827414,0.924613424330135,0.111368897508345,54.4453500910916
11.8749007936508,0.766912651882162,0.924549788698877,0.111315643178613,54.445796621477
11.875,0.766850862562081,0.924486153826269,0.111262414234698,54.4462431116687
11.8750992063492,0.766789078866378,0.924422519714355,0.111209210663994,54.4466895616725
11.8751984126984,0.766727300794259,0.924358886365179,0.111156032453897,54.447135971494
11.8752976190476,0.766665528344931,0.924295253780782,0.111102879591811,54.4475823411391
11.8753968253968,0.7666037615176,0.924231621963205,0.111049752065146,54.4480286706135
11.875496031746,0.766542000311474,0.92416799091449,0.110996649861317,54.4484749599227
11.8755952380952,0.76648024472576,0.924104360636673,0.110943572967745,54.4489212090727
11.8756944444444,0.766418494759666,0.924040731131794,0.110890521371857,54.449367418069
11.8757936507937,0.766356750412398,0.923977102401887,0.110837495061084,54.4498135869175
11.8758928571429,0.766295011683168,0.923913474448989,0.110784494022866,54.4502597156238
11.8759920634921,0.766233278571182,0.923849847275135,0.110731518244647,54.4507058041936
11.8760912698413,0.766171551075649,0.923786220882357,0.110678567713877,54.4511518526326
11.8761904761905,0.766109829195778,0.923722595272687,0.110625642418011,54.4515978609466
11.8762896825397,0.766048112930779,0.923658970448156,0.110572742344511,54.4520438291412
11.8763888888889,0.765986402279861,0.923595346410794,0.110519867480844,54.4524897572222
11.8764880952381,0.765924697242234,0.92353172316263,0.110467017814483,54.4529356451952
11.8765873015873,0.765862997817108,0.92346810070569,0.110414193332908,54.453381493066
11.8766865079365,0.765801304003694,0.923404479042001,0.110361394023603,54.4538273008403
11.8767857142857,0.765739615801201,0.923340858173589,0.110308619874058,54.4542730685237
11.8768849206349,0.765677933208842,0.923277238102477,0.11025587087177,54.454718796122
11.8769841269841,0.765616256225826,0.923213618830689,0.110203147004241,54.4551644836408
11.8770833333333,0.765554584851367,0.923150000360246,0.110150448258979,54.4556101310859
11.8771825396825,0.765492919084674,0.923086382693169,0.110097774623498,54.4560557384629
11.8772817460317,0.76543125892496,0.923022765831476,0.110045126085316,54.4565013057775
11.877380952381,0.765369604371439,0.922959149777188,0.10999250263196,54.4569468330354
11.8774801587302,0.765307955423322,0.922895534532321,0.10993990425096,54.4573923202423
11.8775793650794,0.765246312079821,0.922831920098892,0.109887330929853,54.4578377674039
11.8776785714286,0.76518467434015,0.922768306478915,0.109834782656183,54.4582831745258
11.8777777777778,0.765123042203523,0.922704693674404,0.109782259417497,54.4587285416138
11.877876984127,0.765061415669153,0.922641081687372,0.109729761201349,54.4591738686736
11.8779761904762,0.764999794736253,0.922577470519831,0.109677287995301,54.4596191557107
11.8780753968254,0.764938179404038,0.922513860173791,0.109624839786917,54.4600644027309
11.8781746031746,0.764876569671723,0.922450250651261,0.109572416563769,54.4605096097399
11.8782738095238,0.764814965538521,0.922386641954251,0.109520018313435,54.4609547767432
11.878373015873,0.764753367003649,0.922323034084766,0.109467645023498,54.4613999037467
11.8784722222222,0.76469177406632,0.922259427044813,0.109415296681547,54.461844990756
11.8785714285714,0.764630186725751,0.922195820836397,0.109362973275177,54.4622900377766
11.8786706349206,0.764568604981158,0.922132215461521,0.109310674791988,54.4627350448144
11.8787698412698,0.764507028831755,0.922068610922188,0.109258401219587,54.463180011875
11.878869047619,0.76444545827676,0.9220050072204,0.109206152545586,54.463624938964
11.8789682539683,0.76438389331539,0.921941404358156,0.109153928757604,54.4640698260871
11.8790674603175,0.76432233394686,0.921877802337457,0.109101729843264,54.4645146732499
11.8791666666667,0.764260780170389,0.9218142011603,0.109049555790195,54.4649594804581
11.8792658730159,0.764199231985193,0.921750600828682,0.108997406586033,54.4654042477175
11.8793650793651,0.76413768939049,0.921687001344599,0.108945282218419,54.4658489750335
11.8794642857143,0.764076152385498,0.921623402710045,0.108893182675,54.4662936624119
11.8795634920635,0.764014620969436,0.921559804927015,0.10884110794343,54.4667383098583
11.8796626984127,0.763953095139902,0.921496207997106,0.108789058016677,54.4671829173779
11.8797619047619,0.763891574894437,0.921432611921766,0.108737032888647,54.4676274849755
11.8798611111111,0.763830060232259,0.921369016702782,0.108685032548121,54.4680720126565
11.8799603174603,0.763768551152586,0.921305422341939,0.108633056983881,54.4685165004264
11.8800595238095,0.763707047654638,0.921241828841021,0.108581106184714,54.4689609482904
11.8801587301587,0.763645549737633,0.921178236201814,0.108529180139412,54.469405356254
11.8802579365079,0.763584057400791,0.921114644426099,0.108477278836766,54.4698497243226
11.8803571428571,0.763522570643331,0.92105105351566,0.108425402265576,54.4702940525016
11.8804563492063,0.763461089464472,0.92098746347228,0.108373550414643,54.4707383407964
11.8805555555556,0.763399613863435,0.920923874297739,0.108321723272771,54.4711825892122
11.8806547619048,0.763338143839439,0.920860285993817,0.108269920828769,54.4716267977546
11.880753968254,0.763276679391704,0.920796698562296,0.108218143071448,54.4720709664289
11.8808531746032,0.76321522051945,0.920733112004954,0.108166389989624,54.4725150952405
11.8809523809524,0.763153767221898,0.92066952632357,0.108114661572116,54.4729591841948
11.8810515873016,0.763092319498269,0.920605941519921,0.108062957807746,54.4734032332971
11.8811507936508,0.763030877347783,0.920542357595785,0.108011278685341,54.4738472425528
11.88125,0.76296944076966,0.920478774552938,0.107959624193731,54.4742912119674
11.8813492063492,0.762908009763123,0.920415192393157,0.107907994321748,54.4747351415461
11.8814484126984,0.762846584327393,0.920351611118216,0.10785638905823,54.4751790312943
11.8815476190476,0.76278516446169,0.92028803072989,0.107804808392018,54.4756228812175
11.8816468253968,0.762723750165237,0.920224451229953,0.107753252311955,54.476066691321
11.881746031746,0.762662341437254,0.920160872620177,0.107701720806888,54.4765104616102
11.8818452380952,0.762600938276966,0.920097294902335,0.107650213865671,54.4769541920904
11.8819444444444,0.762539540683593,0.920033718078199,0.107598731477156,54.477397882767
11.8820436507937,0.762478148656358,0.91997014214954,0.107547273630203,54.4778415336454
11.8821428571429,0.762416762194483,0.919906567118128,0.107495840313674,54.478285144731
11.8822420634921,0.762355381297191,0.919842992985733,0.107444431516434,54.478728716029
11.8823412698413,0.762294005963706,0.919779419754124,0.107393047227352,54.479172247545
11.8824404761905,0.762232636193249,0.919715847425069,0.107341687435301,54.4796157392842
11.8825396825397,0.762171271985045,0.919652276000336,0.107290352129157,54.480059191252
11.8826388888889,0.762109913338316,0.919588705481691,0.107239041297801,54.4805026034537
11.8827380952381,0.762048560252287,0.919525135870901,0.107187754930115,54.4809459758948
11.8828373015873,0.76198721272618,0.919461567169731,0.107136493014987,54.4813893085806
11.8829365079365,0.76192587075922,0.919397999379946,0.107085255541307,54.4818326015165
11.8830357142857,0.761864534350632,0.91933443250331,0.10703404249797,54.4822758547077
11.8831349206349,0.761803203499638,0.919270866541588,0.106982853873873,54.4827190681597
11.8832341269841,0.761741878205463,0.91920730149654,0.106931689657916,54.4831622418779
11.8833333333333,0.761680558467334,0.91914373736993,0.106880549839007,54.4836053758675
11.8834325396825,0.761619244284474,0.919080174163519,0.106829434406053,54.4840484701339
11.8835317460317,0.761557935656108,0.919016611879068,0.106778343347967,54.4844915246825
11.883630952381,0.761496632581461,0.918953050518337,0.106727276653663,54.4849345395187
11.8837301587302,0.761435335059759,0.918889490083084,0.106676234312061,54.4853775146477
11.8838293650794,0.761374043090227,0.91882593057507,0.106625216312083,54.485820450075
11.8839285714286,0.761312756672091,0.918762371996051,0.106574222642658,54.4862633458058
11.8840277777778,0.761251475804577,0.918698814347785,0.106523253292713,54.4867062018456
11.884126984127,0.76119020048691,0.918635257632029,0.106472308251183,54.4871490181997
11.8842261904762,0.761128930718318,0.918571701850538,0.106421387507005,54.4875917948733
11.8843253968254,0.761067666498025,0.918508147005067,0.10637049104912,54.4880345318719
11.8844246031746,0.76100640782526,0.918444593097372,0.106319618866472,54.4884772292009
11.8845238095238,0.760945154699249,0.918381040129206,0.106268770948009,54.4889198868654
11.884623015873,0.760883907119217,0.918317488102322,0.106217947282682,54.489362504871
11.8847222222222,0.760822665084393,0.918253937018471,0.106167147859445,54.4898050832229
11.8848214285714,0.760761428594005,0.918190386879408,0.10611637266726,54.4902476219264
11.8849206349206,0.760700197647279,0.918126837686883,0.106065621695086,54.490690120987
11.8850198412698,0.760638972243443,0.918063289442645,0.10601489493189,54.4911325804098
11.885119047619,0.760577752381725,0.917999742148445,0.105964192366642,54.4915750002004
11.8852182539683,0.760516538061353,0.917936195806031,0.105913513988314,54.492017380364
11.8853174603175,0.760455329281555,0.917872650417153,0.105862859785882,54.4924597209059
11.8854166666667,0.760394126041559,0.917809105983557,0.105812229748327,54.4929020218314
11.8855158730159,0.760332928340594,0.917745562506991,0.105761623864633,54.493344283146
11.8856150793651,0.760271736177889,0.9176820199892,0.105711042123786,54.4937865048549
11.8857142857143,0.760210549552672,0.917618478431931,0.105660484514778,54.4942286869635
11.8858134920635,0.760149368464172,0.917554937836928,0.105609951026602,54.494670829477
11.8859126984127,0.760088192911619,0.917491398205936,0.105559441648258,54.4951129324009
11.8860119047619,0.760027022894242,0.917427859540697,0.105508956368746,54.4955549957404
11.8861111111111,0.759965858411271,0.917364321842956,0.105458495177071,54.4959970195009
11.8862103174603,0.759904699461934,0.917300785114453,0.105408058062242,54.4964390036876
11.8863095238095,0.759843546045463,0.917237249356931,0.105357645013273,54.496880948306
11.8864087301587,0.759782398161087,0.91717371457213,0.105307256019177,54.4973228533613
11.8865079365079,0.759721255808037,0.917110180761791,0.105256891068976,54.4977647188589
11.8866071428571,0.759660118985543,0.917046647927653,0.105206550151692,54.498206544804
11.8867063492063,0.759598987692836,0.916983116071454,0.105156233256351,54.498648331202
11.8868055555556,0.759537861929146,0.916919585194932,0.105105940371983,54.4990900780582
11.8869047619048,0.759476741693704,0.916856055299826,0.105055671487624,54.4995317853779
11.887003968254,0.759415626985742,0.916792526387871,0.105005426592309,54.4999734531665
11.8871031746032,0.759354517804491,0.916728998460803,0.104955205675079,54.5004150814292
11.8872023809524,0.759293414149183,0.916665471520358,0.10490500872498,54.5008566701713
11.8873015873016,0.759232316019048,0.91660194556827,0.104854835731059,54.5012982193983
11.8874007936508,0.759171223413319,0.916538420606274,0.104804686682369,54.5017397291153
11.8875,0.759110136331229,0.916474896636102,0.104754561567963,54.5021811993277
11.8875992063492,0.759049054772008,0.916411373659487,0.104704460376902,54.5026226300408
11.8876984126984,0.758987978734889,0.91634785167816,0.104654383098246,54.5030640212599
11.8877976190476,0.758926908219106,0.916284330693854,0.104604329721063,54.5035053729904
11.8878968253968,0.758865843223891,0.916220810708298,0.104554300234422,54.5039466852374
11.887996031746,0.758804783748477,0.916157291723222,0.104504294627396,54.5043879580064
11.8880952380952,0.758743729792096,0.916093773740355,0.104454312889062,54.5048291913026
11.8881944444444,0.758682681353983,0.916030256761427,0.104404355008501,54.5052703851313
11.8882936507937,0.75862163843337,0.915966740788163,0.104354420974795,54.5057115394978
11.8883928571429,0.758560601029492,0.915903225822292,0.104304510777032,54.5061526544075
11.8884920634921,0.758499569141581,0.91583971186554,0.104254624404304,54.5065937298656
11.8885912698413,0.758438542768872,0.915776198919632,0.104204761845704,54.5070347658774
11.8886904761905,0.758377521910599,0.915712686986294,0.104154923090332,54.5074757624482
11.8887896825397,0.758316506565996,0.915649176067249,0.104105108127289,54.5079167195833
11.8888888888889,0.758255496734299,0.915585666164221,0.10405531694568,54.5083576372881
11.8889880952381,0.75819449241474,0.915522157278933,0.104005549534615,54.5087985155677
11.8890873015873,0.758133493606557,0.915458649413108,0.103955805883205,54.5092393544276
11.8891865079365,0.758072500308982,0.915395142568466,0.103906085980566,54.5096801538729
11.8892857142857,0.758011512521252,0.915331636746729,0.103856389815819,54.510120913909
11.8893849206349,0.757950530242602,0.915268131949617,0.103806717378087,54.5105616345411
11.8894841269841,0.757889553472268,0.91520462817885,0.103757068656496,54.5110023157746
11.8895833333333,0.757828582209484,0.915141125436145,0.103707443640177,54.5114429576147
11.8896825396825,0.757767616453489,0.915077623723222,0.103657842318264,54.5118835600668
11.8897817460317,0.757706656203516,0.915014123041797,0.103608264679894,54.512324123136
11.889880952381,0.757645701458803,0.914950623393588,0.103558710714209,54.5127646468278
11.8899801587302,0.757584752218585,0.914887124780309,0.103509180410353,54.5132051311473
11.8900793650794,0.757523808482101,0.914823627203678,0.103459673757475,54.5136455760998
11.8901785714286,0.757462870248585,0.914760130665408,0.103410190744725,54.5140859816907
11.8902777777778,0.757401937517276,0.914696635167213,0.103360731361261,54.5145263479252
11.890376984127,0.75734101028741,0.914633140710806,0.10331129559624,54.5149666748086
11.8904761904762,0.757280088558225,0.914569647297901,0.103261883438826,54.5154069623461
11.8905753968254,0.757219172328958,0.914506154930209,0.103212494878184,54.5158472105431
11.8906746031746,0.757158261598847,0.91444266360944,0.103163129903484,54.5162874194048
11.8907738095238,0.757097356367129,0.914379173337306,0.1031137885039,54.5167275889365
11.890873015873,0.757036456633044,0.914315684115518,0.103064470668609,54.5171677191435
11.8909722222222,0.756975562395828,0.914252195945783,0.103015176386791,54.5176078100309
11.8910714285714,0.756914673654721,0.91418870882981,0.10296590564763,54.5180478616042
11.8911706349206,0.75685379040896,0.914125222769307,0.102916658440313,54.5184878738686
11.8912698412698,0.756792912657785,0.914061737765981,0.102867434754033,54.5189278468293
11.891369047619,0.756732040400435,0.913998253821539,0.102818234577984,54.5193677804916
11.8914682539683,0.756671173636148,0.913934770937686,0.102769057901363,54.5198076748608
11.8915674603175,0.756610312364164,0.913871289116127,0.102719904713374,54.5202475299421
11.8916666666667,0.756549456583722,0.913807808358567,0.102670775003222,54.5206873457408
11.8917658730159,0.756488606294062,0.913744328666709,0.102621668760115,54.5211271222622
11.8918650793651,0.756427761494423,0.913680850042256,0.102572585973267,54.5215668595115
11.8919642857143,0.756366922184046,0.913617372486911,0.102523526631894,54.5220065574939
11.8920634920635,0.756306088362171,0.913553896002374,0.102474490725215,54.5224462162149
11.8921626984127,0.756245260028036,0.913490420590347,0.102425478242454,54.5228858356795
11.8922619047619,0.756184437180885,0.913426946252531,0.102376489172838,54.5233254158931
11.8923611111111,0.756123619819957,0.913363472990624,0.102327523505598,54.5237649568609
11.8924603174603,0.756062807944494,0.913300000806326,0.102278581229968,54.5242044585882
11.8925595238095,0.756002001553735,0.913236529701334,0.102229662335186,54.5246439210802
11.8926587301587,0.755941200646922,0.913173059677347,0.102180766810493,54.5250833443422
11.8927579365079,0.755880405223297,0.91310959073606,0.102131894645133,54.5255227283795
11.8928571428571,0.7558196152821,0.913046122879171,0.102083045828356,54.5259620731972
11.8929563492063,0.755758830822575,0.912982656108374,0.102034220349413,54.5264013788006
11.8930555555556,0.755698051843962,0.912919190425364,0.10198541819756,54.526840645195
11.8931547619048,0.755637278345504,0.912855725831835,0.101936639362056,54.5272798723857
11.893253968254,0.755576510326443,0.91279226232948,0.101887883832165,54.5277190603778
11.8933531746032,0.755515747786021,0.912728799919993,0.101839151597152,54.5281582091767
11.8934523809524,0.755454990723481,0.912665338605065,0.101790442646287,54.5285973187875
11.8935515873016,0.755394239138066,0.912601878386387,0.101741756968844,54.5290363892155
11.8936507936508,0.755333493029018,0.912538419265649,0.1016930945541,54.529475420466
11.89375,0.755272752395582,0.912474961244543,0.101644455391336,54.5299144125442
11.8938492063492,0.755212017236999,0.912411504324757,0.101595839469836,54.5303533654552
11.8939484126984,0.755151287552515,0.91234804850798,0.101547246778888,54.5307922792045
11.8940476190476,0.755090563341371,0.912284593795899,0.101498677307783,54.5312311537972
11.8941468253968,0.755029844602813,0.912221140190201,0.101450131045817,54.5316699892385
11.894246031746,0.754969131336083,0.912157687692574,0.101401607982287,54.5321087855337
11.8943452380952,0.754908423540427,0.912094236304703,0.101353108106497,54.532547542688
11.8944444444444,0.754847721215089,0.912030786028272,0.101304631407751,54.5329862607067
11.8945436507937,0.754787024359313,0.911967336864967,0.101256177875359,54.533424939595
11.8946428571429,0.754726332972343,0.91190388881647,0.101207747498635,54.533863579358
11.8947420634921,0.754665647053425,0.911840441884466,0.101159340266894,54.5343021800011
11.8948412698413,0.754604966601805,0.911776996070636,0.101110956169456,54.5347407415295
11.8949404761905,0.754544291616726,0.911713551376662,0.101062595195646,54.5351792639484
11.8950396825397,0.754483622097434,0.911650107804225,0.10101425733479,54.535617747263
11.8951388888889,0.754422958043175,0.911586665355005,0.100965942576219,54.5360561914786
11.8952380952381,0.754362299453196,0.911523224030682,0.100917650909268,54.5364945966003
11.8953373015873,0.754301646326741,0.911459783832935,0.100869382323275,54.5369329626335
11.8954365079365,0.754240998663057,0.911396344763442,0.10082113680758,54.5373712895832
11.8955357142857,0.75418035646139,0.911332906823881,0.10077291435153,54.5378095774548
11.8956349206349,0.754119719720987,0.911269470015928,0.100724714944473,54.5382478262535
11.8957341269841,0.754059088441095,0.911206034341259,0.100676538575761,54.5386860359845
11.8958333333333,0.753998462620959,0.911142599801551,0.10062838523475,54.539124206653
11.8959325396825,0.753937842259828,0.911079166398477,0.100580254910799,54.5395623382642
11.8960317460317,0.753877227356947,0.911015734133712,0.100532147593272,54.5400004308233
11.896130952381,0.753816617911566,0.910952303008929,0.100484063271535,54.5404384843356
11.8962301587302,0.75375601392293,0.910888873025801,0.100436001934958,54.5408764988063
11.8963293650794,0.753695415390289,0.910825444186,0.100387963572915,54.5413144742406
11.8964285714286,0.753634822312889,0.910762016491198,0.100339948174783,54.5417524106436
11.8965277777778,0.753574234689979,0.910698589943064,0.100291955729943,54.5421903080207
11.896626984127,0.753513652520806,0.910635164543268,0.100243986227779,54.5426281663769
11.8967261904762,0.75345307580462,0.910571740293482,0.100196039657681,54.5430659857176
11.8968253968254,0.75339250454067,0.910508317195372,0.100148116009039,54.5435037660479
11.8969246031746,0.753331938728203,0.910444895250607,0.100100215271248,54.5439415073731
11.8970238095238,0.753271378366469,0.910381474460854,0.100052337433708,54.5443792096983
11.897123015873,0.753210823454716,0.910318054827779,0.10000448248582,54.5448168730287
11.8972222222222,0.753150273992195,0.910254636353049,0.0999566504169912,54.5452544973696
11.8973214285714,0.753089729978155,0.910191219038328,0.0999088412166304,54.5456920827262
11.8974206349206,0.753029191411844,0.910127802885281,0.0998610548741508,54.5461296291036
11.8975198412698,0.752968658292514,0.910064387895572,0.0998132913789691,54.5465671365071
11.897619047619,0.752908130619414,0.910000974070863,0.0997655507205056,54.5470046049418
11.8977182539683,0.752847608391794,0.909937561412818,0.0997178328881842,54.5474420344129
11.8978174603175,0.752787091608904,0.909874149923097,0.0996701378714323,54.5478794249257
11.8979166666667,0.752726580269996,0.909810739603362,0.0996224656596808,54.5483167764854
11.8980158730159,0.752666074374319,0.909747330455274,0.0995748162423644,54.5487540890971
11.8981150793651,0.752605573921124,0.90968392248049,0.0995271896089205,54.549191362766
11.8982142857143,0.752545078909663,0.909620515680673,0.0994795857487922,54.5496285974974
11.8983134920635,0.752484589339188,0.909557110057478,0.0994320046514242,54.5500657932964
11.8984126984127,0.752424105208949,0.909493705612564,0.0993844463062653,54.5505029501681
11.8985119047619,0.752363626518197,0.909430302347588,0.0993369107027681,54.5509400681179
11.8986111111111,0.752303153266186,0.909366900264206,0.0992893978303885,54.5513771471509
11.8987103174603,0.752242685452165,0.909303499364073,0.0992419076785862,54.5518141872722
11.8988095238095,0.752182223075389,0.909240099648844,0.0991944402368244,54.5522511884871
11.8989087301587,0.752121766135108,0.909176701120173,0.0991469954945699,54.5526881508007
11.8990079365079,0.752061314630576,0.909113303779715,0.0990995734412931,54.5531250742183
11.8991071428571,0.752000868561045,0.909049907629121,0.0990521740664679,54.5535619587449
11.8992063492063,0.751940427925768,0.908986512670043,0.0990047973595718,54.5539988043859
11.8993055555556,0.751879992723998,0.908923118904134,0.0989574433100859,54.5544356111463
11.8994047619048,0.751819562954987,0.908859726333044,0.098910111907495,54.5548723790314
11.899503968254,0.75175913861799,0.908796334958422,0.0988628031412872,54.5553091080463
11.8996031746032,0.751698719712259,0.908732944781918,0.0988155170009537,54.5557457981962
11.8997023809524,0.751638306237049,0.908669555805181,0.0987682534759914,54.5561824494863
11.8998015873016,0.751577898191614,0.908606168029859,0.0987210125558984,54.5566190619217
11.8999007936508,0.751517495575207,0.9085427814576,0.0986737942301774,54.5570556355077
11.9,0.751457098387083,0.908479396090049,0.0986265984883346,54.5574921702494
11.9000992063492,0.751396706626496,0.908416011928852,0.0985794253198796,54.557928666152
11.9001984126984,0.751336320292701,0.908352628975655,0.0985322747143259,54.5583651232206
11.9002976190476,0.751275939384952,0.908289247232103,0.0984851466611902,54.5588015414604
11.9003968253968,0.751215563902504,0.908225866699839,0.098438041149993,54.5592379208767
11.900496031746,0.751155193844613,0.908162487380506,0.0983909581702584,54.5596742614744
11.9005952380952,0.751094829210533,0.908099109275747,0.098343897711514,54.5601105632589
11.9006944444444,0.75103446999952,0.908035732387203,0.0982968597632911,54.5605468262353
11.9007936507937,0.750974116210831,0.907972356716516,0.0982498443151243,54.5609830504088
11.9008928571429,0.75091376784372,0.907908982265326,0.0982028513565521,54.5614192357844
11.9009920634921,0.750853424897443,0.907845609035272,0.0981558808771164,54.5618553823674
11.9010912698413,0.750793087371256,0.907782237027994,0.098108932866362,54.562291490163
11.9011904761905,0.750732755264417,0.907718866245131,0.0980620073138394,54.5627275591763
11.9012896825397,0.750672428576182,0.907655496688319,0.0980151042091005,54.5631635894124
11.9013888888889,0.750612107305807,0.907592128359196,0.0979682235417017,54.5635995808765
11.9014880952381,0.750551791452549,0.907528761259398,0.0979213653012028,54.5640355335738
11.9015873015873,0.750491481015665,0.907465395390561,0.0978745294771672,54.5644714475095
11.9016865079365,0.750431175994412,0.907402030754319,0.0978277160591618,54.5649073226886
11.9017857142857,0.750370876388048,0.907338667352307,0.0977809250367573,54.5653431591163
11.9018849206349,0.750310582195831,0.907275305186159,0.0977341563995277,54.5657789567979
11.9019841269841,0.750250293417017,0.907211944257506,0.0976874101370509,54.5662147157384
11.9020833333333,0.750190010050866,0.907148584567981,0.0976406862389081,54.5666504359429
11.9021825396825,0.750129732096634,0.907085226119216,0.0975939846946842,54.5670861174168
11.9022817460317,0.750069459553581,0.907021868912842,0.0975473054939676,54.567521760165
11.902380952381,0.750009192420965,0.906958512950489,0.0975006486263505,54.5679573641927
11.9024801587302,0.749948930698044,0.906895158233785,0.0974540140814283,54.5683929295051
11.9025793650794,0.749888674384076,0.906831804764359,0.0974074018487998,54.5688284561074
11.9026785714286,0.749828423478322,0.906768452543841,0.0973608119180689,54.5692639440046
11.9027777777778,0.749768177980041,0.906705101573856,0.0973142442788414,54.5696993932019
11.902876984127,0.749707937888491,0.906641751856033,0.0972676989207271,54.5701348037045
11.9029761904762,0.749647703202932,0.906578403391996,0.0972211758333397,54.5705701755175
11.9030753968254,0.749587473922624,0.906515056183371,0.0971746750062961,54.571005508646
11.9031746031746,0.749527250046827,0.906451710231783,0.0971281964292171,54.5714408030952
11.9032738095238,0.749467031574801,0.906388365538855,0.097081740091727,54.5718760588702
11.903373015873,0.749406818505805,0.90632502210621,0.0970353059834534,54.5723112759761
11.9034722222222,0.749346610839101,0.906261679935472,0.096988894094028,54.5727464544182
11.9035714285714,0.749286408573948,0.906198339028262,0.0969425044130855,54.5731815942014
11.9036706349206,0.749226211709608,0.906134999386201,0.0968961369302647,54.573616695331
11.9037698412698,0.749166020245342,0.90607166101091,0.0968497916352076,54.5740517578121
11.903869047619,0.74910583418041,0.906008323904009,0.09680346851756,54.5744867816498
11.9039682539683,0.749045653514074,0.905944988067115,0.0967571675669711,54.5749217668492
11.9040674603175,0.748985478245594,0.905881653501848,0.0967108887730933,54.5753567134155
11.9041666666667,0.748925308374234,0.905818320209826,0.0966646321255841,54.5757916213539
11.9042658730159,0.748865143899255,0.905754988192667,0.0966183976141032,54.5762264906693
11.9043650793651,0.748804984819919,0.905691657451985,0.0965721852283139,54.576661321367
11.9044642857143,0.748744831135487,0.905628327989396,0.0965259949578837,54.577096113452
11.9045634920635,0.748684682845222,0.905564999806517,0.0964798267924831,54.5775308669296
11.9046626984127,0.748624539948387,0.90550167290496,0.0964336807217866,54.5779655818048
11.9047619047619,0.748564402444244,0.905438347286339,0.0963875567354721,54.5784002580827
11.9048611111111,0.748504270332057,0.905375022952268,0.0963414548232211,54.5788348957685
11.9049603174603,0.748444143611087,0.905311699904359,0.0962953749747187,54.5792694948673
11.9050595238095,0.748384022280599,0.905248378144223,0.0962493171796536,54.5797040553841
11.9051587301587,0.748323906339856,0.905185057673471,0.096203281427718,54.5801385773242
11.9052579365079,0.748263795788121,0.905121738493713,0.0961572677086077,54.5805730606927
11.9053571428571,0.748203690624658,0.905058420606559,0.0961112760120222,54.5810075054945
11.9054563492063,0.748143590848731,0.904995104013617,0.0960653063276643,54.581441911735
11.9055555555556,0.748083496459603,0.904931788716494,0.0960193586452401,54.5818762794191
11.9056547619048,0.74802340745654,0.904868474716801,0.0959734329544609,54.582310608552
11.905753968254,0.747963323838806,0.904805162016141,0.0959275292450399,54.5827448991387
11.9058531746032,0.747903245605665,0.904741850616123,0.0958816475066943,54.5831791511845
11.9059523809524,0.747843172756382,0.904678540518351,0.095835787729145,54.5836133646944
11.9060515873016,0.747783105290222,0.904615231724429,0.0957899499021164,54.5840475396736
11.9061507936508,0.747723043206451,0.904551924235961,0.0957441340153366,54.584481676127
11.90625,0.747662986504332,0.904488618054552,0.0956983400585372,54.5849157740599
11.9063492063492,0.747602935183133,0.904425313181803,0.0956525680214534,54.5853498334773
11.9064484126984,0.747542889242119,0.904362009619316,0.0956068178938239,54.5857838543844
11.9065476190476,0.747482848680555,0.904298707368693,0.0955610896653911,54.5862178367862
11.9066468253968,0.747422813497707,0.904235406431534,0.095515383325901,54.5866517806878
11.906746031746,0.747362783692843,0.904172106809439,0.0954696988651029,54.5870856860944
11.9068452380952,0.747302759265227,0.904108808504008,0.0954240362727501,54.587519553011
11.9069444444444,0.747242740214127,0.904045511516837,0.0953783955385991,54.5879533814428
11.9070436507937,0.747182726538808,0.903982215849525,0.0953327766524096,54.5883871713948
11.9071428571429,0.74712271823854,0.903918921503671,0.0952871796039467,54.5888209228721
11.9072420634921,0.747062715312588,0.903855628480869,0.0952416043829771,54.5892546358799
11.9073412698413,0.747002717760219,0.903792336782716,0.0951960509792718,54.5896883104231
11.9074404761905,0.746942725580702,0.903729046410807,0.0951505193826053,54.590121946507
11.9075396825397,0.746882738773303,0.903665757366735,0.0951050095827558,54.5905555441366
11.9076388888889,0.74682275733729,0.903602469652095,0.0950595215695051,54.5909891033169
11.9077380952381,0.746762781271932,0.903539183268479,0.0950140553326383,54.5914226240532
11.9078373015873,0.746702810576496,0.903475898217481,0.0949686108619443,54.5918561063504
11.9079365079365,0.746642845250251,0.90341261450069,0.0949231881472157,54.5922895502136
11.9080357142857,0.746582885292466,0.903349332119699,0.0948777871782484,54.592722955648
11.9081349206349,0.746522930702408,0.903286051076098,0.0948324079448421,54.5931563226586
11.9082341269841,0.746462981479347,0.903222771371476,0.0947870504367998,54.5935896512505
11.9083333333333,0.746403037622551,0.903159493007421,0.0947417146439285,54.5940229414288
11.9084325396825,0.746343099131291,0.903096215985523,0.0946964005560384,54.5944561931986
11.9085317460317,0.746283166004834,0.903032940307367,0.0946511081629428,54.5948894065649
11.908630952381,0.746223238242452,0.902969665974542,0.0946058374544605,54.5953225815329
11.9087301587302,0.746163315843413,0.902906392988634,0.0945605884204119,54.5957557181076
11.9088293650794,0.746103398806988,0.902843121351228,0.0945153610506217,54.596188816294
11.9089285714286,0.746043487132447,0.902779851063908,0.0944701553349181,54.5966218760973
11.9090277777778,0.745983580819059,0.902716582128259,0.0944249712631329,54.5970548975225
11.909126984127,0.745923679866095,0.902653314545863,0.0943798088251015,54.5974878805748
11.9092261904762,0.745863784272827,0.902590048318305,0.094334668010663,54.5979208252591
11.9093253968254,0.745803894038523,0.902526783447164,0.0942895488096598,54.5983537315806
11.9094246031746,0.745744009162457,0.902463519934024,0.094244451211938,54.5987865995443
11.9095238095238,0.745684129643898,0.902400257780463,0.0941993752073475,54.5992194291553
11.909623015873,0.745624255482117,0.902336996988064,0.0941543207857414,54.5996522204186
11.9097222222222,0.745564386676388,0.902273737558403,0.0941092879369766,54.6000849733394
11.9098214285714,0.74550452322598,0.902210479493061,0.0940642766509137,54.6005176879227
11.9099206349206,0.745444665130166,0.902147222793614,0.0940192869174165,54.6009503641735
11.9100198412698,0.745384812388218,0.90208396746164,0.0939743187263521,54.601383002097
11.910119047619,0.745324964999408,0.902020713498716,0.0939293720675928,54.6018156016981
11.9102182539683,0.745265122963009,0.901957460906417,0.093884446931013,54.602248162982
11.9103174603175,0.745205286278293,0.901894209686319,0.0938395433064908,54.6026806859537
11.9104166666667,0.745145454944532,0.901830959839996,0.0937946611839081,54.6031131706183
11.9105158730159,0.745085628961,0.90176771136902,0.0937498005531506,54.6035456169807
11.9106150793651,0.74502580832697,0.901704464274967,0.0937049614041072,54.6039780250462
11.9107142857143,0.744965993041715,0.901641218559407,0.0936601437266706,54.6044103948197
11.9108134920635,0.744906183104508,0.901577974223913,0.0936153475107371,54.6048427263063
11.9109126984127,0.744846378514622,0.901514731270055,0.0935705727462064,54.6052750195111
11.9110119047619,0.744786579271333,0.901451489699404,0.0935258194229819,54.605707274439
11.9111111111111,0.744726785373913,0.90138824951353,0.0934810875309707,54.6061394910953
11.9112103174603,0.744666996821637,0.901325010714,0.0934363770600831,54.6065716694848
11.9113095238095,0.744607213613778,0.901261773302385,0.0933916880002335,54.6070038096127
11.9114087301587,0.744547435749613,0.90119853728025,0.0933470203413394,54.6074359114839
11.9115079365079,0.744487663228413,0.901135302649162,0.0933023740733216,54.6078679751037
11.9116071428571,0.744427896049457,0.901072069410689,0.0932577491861061,54.6083000004769
11.9117063492063,0.744368134212017,0.901008837566395,0.0932131456696207,54.6087319876087
11.9118055555556,0.74430837771537,0.900945607117846,0.0931685635137975,54.6091639365041
11.9119047619048,0.744248626558789,0.900882378066605,0.0931240027085721,54.6095958471681
11.912003968254,0.744188880741552,0.900819150414236,0.0930794632438836,54.6100277196058
11.9121031746032,0.744129140262934,0.900755924162301,0.0930349451096748,54.6104595538221
11.9122023809524,0.74406940512221,0.900692699312363,0.0929904482958921,54.6108913498223
11.9123015873016,0.744009675318657,0.900629475865983,0.0929459727924852,54.6113231076112
11.9124007936508,0.743949950851551,0.900566253824721,0.0929015185894078,54.611754827194
11.9125,0.743890231720168,0.900503033190137,0.0928570856766169,54.6121865085757
11.9125992063492,0.743830517923786,0.900439813963791,0.0928126740440731,54.6126181517612
11.9126984126984,0.743770809461679,0.900376596147242,0.0927682836817407,54.6130497567557
11.9127976190476,0.743711106333126,0.900313379742047,0.0927239145795875,54.6134813235642
11.9128968253968,0.743651408537404,0.900250164749763,0.0926795667275848,54.6139128521917
11.912996031746,0.743591716073789,0.900186951171947,0.0926352401157071,54.6143443426432
11.9130952380952,0.743532028941561,0.900123739010155,0.092590934733934,54.6147757949238
11.9131944444444,0.743472347139995,0.900060528265942,0.092546650572247,54.6152072090385
11.9132936507937,0.743412670668371,0.899997318940862,0.092502387620632,54.6156385849923
11.9133928571429,0.743352999525965,0.89993411103647,0.0924581458690781,54.6160699227903
11.9134920634921,0.743293333712056,0.899870904554318,0.0924139253075782,54.6165012224375
11.9135912698413,0.743233673225923,0.899807699495959,0.0923697259261287,54.6169324839388
11.9136904761905,0.743174018066844,0.899744495862944,0.0923255477147297,54.6173637072994
11.9137896825397,0.743114368234097,0.899681293656825,0.0922813906633848,54.6177948925243
11.9138888888889,0.743054723726962,0.899618092879151,0.092237254762101,54.6182260396184
11.9139880952381,0.742995084544718,0.899554893531473,0.0921931400008892,54.6186571485868
11.9140873015873,0.742935450686643,0.89949169561534,0.0921490463697637,54.6190882194346
11.9141865079365,0.742875822152017,0.899428499132299,0.0921049738587424,54.6195192521666
11.9142857142857,0.74281619894012,0.899365304083898,0.0920609224578468,54.6199502467881
11.9143849206349,0.742756581050232,0.899302110471685,0.0920168921571019,54.6203812033039
11.9144841269841,0.742696968481631,0.899238918297204,0.0919728829465358,54.620812121719
11.9145833333333,0.7426373612336,0.899175727562003,0.0919288948161819,54.6212430020386
11.9146825396825,0.742577759305417,0.899112538267626,0.0918849277560755,54.6216738442676
11.9147817460317,0.742518162696364,0.899049350415617,0.0918409817562558,54.622104648411
11.914880952381,0.742458571405721,0.898986164007519,0.0917970568067658,54.6225354144738
11.9149801587302,0.742398985432769,0.898922979044876,0.0917531528976522,54.6229661424611
11.9150793650794,0.742339404776788,0.898859795529228,0.0917092700189649,54.6233968323779
11.9151785714286,0.74227982943706,0.898796613462119,0.0916654081607577,54.6238274842291
11.9152777777778,0.742220259412867,0.898733432845088,0.0916215673130879,54.6242580980197
11.915376984127,0.742160694703489,0.898670253679675,0.0915777474660162,54.6246886737549
11.9154761904762,0.742101135308208,0.89860707596742,0.0915339486096072,54.6251192114395
11.9155753968254,0.742041581226307,0.898543899709862,0.0914901707339289,54.6255497110786
11.9156746031746,0.741982032457067,0.898480724908538,0.0914464138290528,54.6259801726772
11.9157738095238,0.741922488999771,0.898417551564986,0.0914026778850541,54.6264105962402
11.915873015873,0.741862950853701,0.898354379680742,0.0913589628920115,54.6268409817728
11.9159722222222,0.741803418018139,0.898291209257341,0.0913152688400068,54.6272713292798
11.9160714285714,0.741743890492368,0.898228040296321,0.091271595719127,54.6277016387664
11.9161706349206,0.741684368275672,0.898164872799214,0.0912279435194611,54.6281319102374
11.9162698412698,0.741624851367334,0.898101706767556,0.0911843122311022,54.6285621436978
11.916369047619,0.741565339766635,0.898038542202878,0.0911407018441467,54.6289923391528
11.9164682539683,0.741505833472861,0.897975379106714,0.091097112348695,54.6294224966072
11.9165674603175,0.741446332485295,0.897912217480595,0.0910535437348509,54.6298526160661
11.9166666666667,0.74138683680322,0.897849057326052,0.0910099959927217,54.6302826975344
11.9167658730159,0.74132734642592,0.897785898644616,0.0909664691124183,54.6307127410171
11.9168650793651,0.741267861352681,0.897722741437816,0.0909229630840554,54.6311427465193
11.9169642857143,0.741208381582785,0.897659585707182,0.090879477897751,54.6315727140459
11.9170634920635,0.741148907115517,0.897596431454242,0.0908360135436268,54.6320026436019
11.9171626984127,0.741089437950163,0.897533278680523,0.0907925700118081,54.6324325351923
11.9172619047619,0.741029974086007,0.897470127387552,0.0907491472924236,54.6328623888221
11.9173611111111,0.740970515522333,0.897406977576856,0.090705745375606,54.6332922044963
11.9174603174603,0.740911062258428,0.89734382924996,0.0906623642514905,54.6337219822197
11.9175595238095,0.740851614293576,0.89728068240839,0.0906190039102179,54.6341517219975
11.9176587301587,0.740792171627064,0.897217537053669,0.0905756643419308,54.6345814238346
11.9177579365079,0.740732734258177,0.897154393187321,0.0905323455367759,54.635011087736
11.9178571428571,0.740673302186201,0.897091250810868,0.0904890474849036,54.6354407137067
11.9179563492063,0.740613875410422,0.897028109925834,0.0904457701764678,54.6358703017516
11.9180555555556,0.740554453930126,0.896964970533739,0.0904025136016258,54.6362998518757
11.9181547619048,0.740495037744599,0.896901832636105,0.0903592777505388,54.636729364084
11.918253968254,0.740435626853129,0.89683869623445,0.0903160626133715,54.6371588383815
11.9183531746032,0.740376221255003,0.896775561330295,0.0902728681802919,54.6375882747731
11.9184523809524,0.740316820949506,0.896712427925159,0.090229694441472,54.6380176732638
11.9185515873016,0.740257425935926,0.896649296020559,0.090186541387087,54.6384470338586
11.9186507936508,0.740198036213552,0.896586165618013,0.090143409007316,54.6388763565625
11.91875,0.740138651781669,0.896523036719038,0.0901002972923414,54.6393056413804
11.9188492063492,0.740079272639566,0.896459909325148,0.0900572062323494,54.6397348883172
11.9189484126984,0.740019898786529,0.89639678343786,0.090014135817529,54.6401640973781
11.9190476190476,0.739960530221849,0.896333659058689,0.0899710860380747,54.6405932685678
11.9191468253968,0.739901166944813,0.896270536189148,0.0899280568841828,54.6410224018915
11.919246031746,0.73984180895471,0.89620741483075,0.0898850483460536,54.641451497354
11.9193452380952,0.739782456250827,0.896144294985008,0.0898420604138912,54.6418805549603
11.9194444444444,0.739723108832453,0.896081176653434,0.0897990930779031,54.6423095747154
11.9195436507937,0.739663766698878,0.896018059837539,0.0897561463283005,54.6427385566242
11.9196428571429,0.739604429849391,0.895954944538834,0.0897132201552982,54.6431675006917
11.9197420634921,0.73954509828328,0.895891830758828,0.0896703145491144,54.6435964069229
11.9198412698413,0.739485771999836,0.895828718499029,0.089627429499971,54.6440252753227
11.9199404761905,0.739426450998347,0.895765607760948,0.0895845649980935,54.644454105896
11.9200396825397,0.739367135278104,0.895702498546091,0.089541721033711,54.6448828986479
11.9201388888889,0.739307824838397,0.895639390855965,0.089498897597056,54.6453116535832
11.9202380952381,0.739248519678515,0.895576284692078,0.0894560946783649,54.645740370707
11.9203373015873,0.73918921979775,0.895513180055933,0.0894133122678773,54.6461690500241
11.9204365079365,0.73912992519539,0.895450076949037,0.0893705503558361,54.6465976915396
11.9205357142857,0.739070635870729,0.895386975372893,0.0893278089324893,54.6470262952583
11.9206349206349,0.739011351823055,0.895323875329006,0.089285087988087,54.6474548611853
11.9207341269841,0.738952073051661,0.895260776818879,0.0892423875128832,54.6478833893255
11.9208333333333,0.738892799555837,0.895197679844012,0.0891997074971355,54.6483118796838
11.9209325396825,0.738833531334874,0.895134584405909,0.0891570479311053,54.6487403322651
11.9210317460317,0.738774268388065,0.895071490506069,0.0891144088050573,54.6491687470744
11.921130952381,0.738715010714701,0.895008398145994,0.0890717901092601,54.6495971241167
11.9212301587302,0.738655758314074,0.894945307327181,0.0890291918339855,54.6500254633969
11.9213293650794,0.738596511185476,0.894882218051131,0.0889866139695092,54.65045376492
11.9214285714286,0.738537269328199,0.894819130319342,0.0889440565061103,54.6508820286908
11.9215277777778,0.738478032741536,0.894756044133309,0.0889015194340715,54.6513102547143
11.921626984127,0.738418801424779,0.894692959494532,0.0888590027436792,54.6517384429955
11.9217261904762,0.738359575377221,0.894629876404505,0.0888165064252232,54.6521665935392
11.9218253968254,0.738300354598155,0.894566794864723,0.088774030468997,54.6525947063505
11.9219246031746,0.738241139086873,0.894503714876681,0.0887315748652971,54.6530227814343
11.9220238095238,0.738181928842671,0.894440636441875,0.0886891396044252,54.6534508187954
11.922123015873,0.738122723864841,0.894377559561796,0.088646724676685,54.6538788184389
11.9222222222222,0.738063524152676,0.894314484237937,0.0886043300723842,54.6543067803696
11.9223214285714,0.738004329705471,0.894251410471791,0.0885619557818343,54.6547347045925
11.9224206349206,0.737945140522519,0.894188338264848,0.0885196017953501,54.6551625911125
11.9225198412698,0.737885956603115,0.894125267618599,0.0884772681032502,54.6555904399345
11.922619047619,0.737826777946553,0.894062198534534,0.0884349546958566,54.6560182510636
11.9227182539683,0.737767604552128,0.893999131014142,0.0883926615634951,54.6564460245045
11.9228174603175,0.737708436419134,0.893936065058911,0.0883503886964948,54.6568737602622
11.9229166666667,0.737649273546867,0.893873000670329,0.0883081360851887,54.6573014583417
11.9230158730159,0.737590115934621,0.893809937849884,0.0882659037199131,54.6577291187478
11.9231150793651,0.737530963581691,0.893746876599061,0.088223691591008,54.6581567414856
11.9232142857143,0.737471816487373,0.893683816919347,0.088181499688817,54.6585843265598
11.9233134920635,0.737412674650963,0.893620758812226,0.0881393280036872,54.6590118739755
11.9234126984127,0.737353538071756,0.893557702279182,0.0880971765259689,54.6594393837375
11.9235119047619,0.737294406749048,0.893494647321701,0.0880550452460173,54.6598668558507
11.9236111111111,0.737235280682136,0.893431593941264,0.0880129341541899,54.6602942903202
11.9237103174603,0.737176159870316,0.893368542139353,0.0879708432408481,54.6607216871507
11.9238095238095,0.737117044312884,0.893305491917451,0.087928772496357,54.6611490463472
11.9239087301587,0.737057934009137,0.893242443277038,0.0878867219110851,54.6615763679147
11.9240079365079,0.736998828958372,0.893179396219595,0.0878446914754046,54.662003651858
11.9241071428571,0.736939729159886,0.893116350746601,0.0878026811796915,54.662430898182
11.9242063492063,0.736880634612976,0.893053306859534,0.0877606910143248,54.6628581068917
11.9243055555556,0.736821545316939,0.892990264559873,0.0877187209696878,54.6632852779919
11.9244047619048,0.736762461271073,0.892927223849096,0.0876767710361668,54.6637124114876
11.924503968254,0.736703382474675,0.892864184728679,0.0876348412041518,54.6641395073837
11.9246031746032,0.736644308927044,0.892801147200098,0.0875929314640367,54.664566565685
11.9247023809524,0.736585240627478,0.892738111264829,0.0875510418062187,54.6649935863966
11.9248015873016,0.736526177575274,0.892675076924347,0.0875091722210985,54.6654205695232
11.9249007936508,0.736467119769731,0.892612044180124,0.08746732269908,54.6658475150698
11.925,0.736408067210148,0.892549013033635,0.0874254932305723,54.6662744230413
11.9250992063492,0.736349019895824,0.892485983486354,0.0873836838059865,54.6667012934426
11.9251984126984,0.736289977826058,0.89242295553975,0.0873418944157376,54.6671281262785
11.9252976190476,0.736230941000148,0.892359929195296,0.0873001250502445,54.6675549215541
11.9253968253968,0.736171909417394,0.892296904454463,0.0872583756999293,54.6679816792741
11.925496031746,0.736112883077096,0.89223388131872,0.0872166463552179,54.6684083994435
11.9255952380952,0.736053861978553,0.892170859789536,0.0871749370065399,54.6688350820671
11.9256944444444,0.735994846121064,0.892107839868381,0.0871332476443283,54.66926172715
11.9257936507937,0.735935835503931,0.892044821556721,0.0870915782590196,54.6696883346969
11.9258928571429,0.735876830126453,0.891981804856024,0.0870499288410541,54.6701149047127
11.9259920634921,0.73581782998793,0.891918789767757,0.0870082993808755,54.6705414372024
11.9260912698413,0.735758835087664,0.891855776293385,0.0869666898689311,54.6709679321708
11.9261904761905,0.735699845424954,0.891792764434373,0.0869251002956721,54.6713943896228
11.9262896825397,0.735640860999102,0.891729754192186,0.0868835306515527,54.6718208095633
11.9263888888889,0.735581881809408,0.891666745568286,0.0868419809270305,54.6722471919972
11.9264880952381,0.735522907855174,0.891603738564139,0.0868004511125684,54.6726735369294
11.9265873015873,0.735463939135702,0.891540733181206,0.086758941198631,54.6730998443647
11.9266865079365,0.735404975650293,0.891477729420948,0.0867174511756872,54.673526114308
11.9267857142857,0.735346017398248,0.891414727284826,0.0866759810342093,54.6739523467643
11.9268849206349,0.73528706437887,0.891351726774302,0.0866345307646733,54.6743785417384
11.9269841269841,0.735228116591461,0.891288727890834,0.0865931003575587,54.6748046992352
11.9270833333333,0.735169174035323,0.891225730635881,0.0865516898033488,54.6752308192595
11.9271825396825,0.735110236709759,0.891162735010901,0.0865102990925302,54.6756569018162
11.9272817460317,0.73505130461407,0.891099741017352,0.0864689282155933,54.6760829469103
11.927380952381,0.734992377747561,0.891036748656692,0.0864275771630318,54.6765089545465
11.9274801587302,0.734933456109534,0.890973757930375,0.0863862459253432,54.6769349247298
11.9275793650794,0.734874539699292,0.890910768839858,0.0863449344930287,54.677360857465
11.9276785714286,0.734815628516138,0.890847781386595,0.0863036428565927,54.677786752757
11.9277777777778,0.734756722559377,0.89078479557204,0.0862623710065435,54.6782126106107
11.927876984127,0.734697821828311,0.890721811397647,0.0862211189333923,54.678638431031
11.9279761904762,0.734638926322245,0.890658828864868,0.0861798866276555,54.6790642140226
11.9280753968254,0.734580036040482,0.890595847975156,0.0861386740798515,54.6794899595906
11.9281746031746,0.734521150982328,0.890532868729962,0.0860974812805029,54.6799156677396
11.9282738095238,0.734462271147086,0.890469891130737,0.0860563082201356,54.6803413384747
11.928373015873,0.734403396534062,0.89040691517893,0.0860151548892794,54.6807669718007
11.9284722222222,0.734344527142558,0.890343940875991,0.0859740212784675,54.6811925677224
11.9285714285714,0.734285662971882,0.890280968223368,0.0859329073782367,54.6816181262447
11.9286706349206,0.734226804021337,0.890217997222509,0.0858918131791273,54.6820436473725
11.9287698412698,0.734167950290229,0.890155027874862,0.0858507386716835,54.6824691311105
11.928869047619,0.734109101777864,0.890092060181873,0.0858096838464527,54.6828945774638
11.9289682539683,0.734050258483547,0.890029094144988,0.0857686486939861,54.6833199864371
11.9290674603175,0.733991420406584,0.889966129765652,0.0857276332048383,54.6837453580353
11.9291666666667,0.733932587546281,0.889903167045309,0.0856866373695677,54.6841706922632
11.9292658730159,0.733873759901944,0.889840205985404,0.0856456611787361,54.6845959891257
11.9293650793651,0.733814937472879,0.889777246587378,0.0856047046229085,54.6850212486277
11.9294642857143,0.733756120258394,0.889714288852676,0.0855637676926549,54.685446470774
11.9295634920635,0.733697308257795,0.889651332782738,0.0855228503785475,54.6858716555695
11.9296626984127,0.733638501470388,0.889588378379006,0.0854819526711623,54.686296803019
11.9297619047619,0.73357969989548,0.88952542564292,0.0854410745610792,54.6867219131273
11.9298611111111,0.73352090353238,0.889462474575919,0.0854002160388815,54.6871469858993
11.9299603174603,0.733462112380394,0.889399525179443,0.0853593770951561,54.6875720213399
11.9300595238095,0.73340332643883,0.88933657745493,0.0853185577204935,54.6879970194539
11.9301587301587,0.733344545706995,0.889273631403817,0.0852777579054878,54.6884219802461
11.9302579365079,0.733285770184198,0.889210687027541,0.0852369776407366,54.6888469037215
11.9303571428571,0.733226999869746,0.889147744327539,0.0851962169168412,54.6892717898847
11.9304563492063,0.733168234762949,0.889084803305246,0.0851554757244065,54.6896966387407
11.9305555555556,0.733109474863114,0.889021863962097,0.0851147540540407,54.6901214502944
11.9306547619048,0.73305072016955,0.888958926299526,0.0850740518963558,54.6905462245504
11.930753968254,0.732991970681566,0.888895990318966,0.0850333692419675,54.6909709615138
11.9308531746032,0.73293322639847,0.88883305602185,0.0849927060814942,54.6913956611893
11.9309523809524,0.732874487319572,0.888770123409612,0.0849520624055598,54.6918203235818
11.9310515873016,0.732815753444182,0.888707192483681,0.08491143820479,54.6922449486961
11.9311507936508,0.732757024771609,0.888644263245488,0.0848708334698148,54.6926695365369
11.93125,0.732698301301163,0.888581335696464,0.0848302481912674,54.6930940871093
11.9313492063492,0.732639583032153,0.888518409838039,0.084789682359785,54.693518600418
11.9314484126984,0.732580869963889,0.888455485671639,0.0847491359660081,54.6939430764677
11.9315476190476,0.732522162095682,0.888392563198695,0.084708609000581,54.6943675152635
11.9316468253968,0.732463459426842,0.888329642420632,0.0846681014541514,54.69479191681
11.931746031746,0.73240476195668,0.888266723338877,0.0846276133173705,54.6952162811121
11.9318452380952,0.732346069684507,0.888203805954857,0.0845871445808934,54.6956406081747
11.9319444444444,0.732287382609632,0.888140890269996,0.0845466952353785,54.6960648980025
11.9320436507937,0.732228700731368,0.88807797628572,0.0845062652714879,54.6964891506005
11.9321428571429,0.732170024049026,0.888015064003452,0.0844658546798873,54.6969133659733
11.9322420634921,0.732111352561917,0.887952153424614,0.0844254634512458,54.6973375441259
11.9323412698413,0.732052686269352,0.887889244550629,0.0843850915762358,54.697761685063
11.9324404761905,0.731994025170644,0.887826337382921,0.0843447390455347,54.6981857887895
11.9325396825397,0.731935369265105,0.887763431922909,0.084304405849822,54.6986098553102
11.9326388888889,0.731876718552047,0.887700528172014,0.084264091979781,54.6990338846299
11.9327380952381,0.731818073030782,0.887637626131655,0.0842237974260992,54.6994578767534
11.9328373015873,0.731759432700623,0.887574725803252,0.084183522179467,54.6998818316856
11.9329365079365,0.731700797560881,0.887511827188223,0.0841432662305788,54.7003057494312
11.9330357142857,0.731642167610871,0.887448930287986,0.0841030295701325,54.7007296299951
11.9331349206349,0.731583542849905,0.887386035103957,0.0840628121888294,54.7011534733821
11.9332341269841,0.731524923277297,0.887323141637553,0.0840226140773746,54.701577279597
11.9333333333333,0.731466308892359,0.88726024989019,0.0839824352264767,54.7020010486445
11.9334325396825,0.731407699694406,0.887197359863282,0.0839422756268479,54.7024247805296
11.9335317460317,0.731349095682751,0.887134471558244,0.0839021352692039,54.702848475257
11.933630952381,0.731290496856708,0.887071584976488,0.0838620141442641,54.7032721328316
11.9337301587302,0.731231903215591,0.887008700119429,0.0838219122427513,54.7036957532581
11.9338293650794,0.731173314758713,0.886945816988477,0.0837818295553915,54.7041193365413
11.9339285714286,0.731114731485391,0.886882935585045,0.0837417660729159,54.704542882686
11.9340277777778,0.731056153394939,0.886820055910544,0.0837017217860575,54.7049663916971
11.934126984127,0.730997580486671,0.886757177966384,0.0836616966855536,54.7053898635794
11.9342261904762,0.730939012759902,0.886694301753973,0.0836216907621451,54.7058132983376
11.9343253968254,0.730880450213948,0.886631427274721,0.0835817040065761,54.7062366959765
11.9344246031746,0.730821892848123,0.886568554530036,0.0835417364095948,54.706660056501
11.9345238095238,0.730763340661744,0.886505683521324,0.0835017879619527,54.7070833799158
11.934623015873,0.730704793654125,0.886442814249994,0.0834618586544049,54.7075066662258
11.9347222222222,0.730646251824584,0.88637994671745,0.08342194847771,54.7079299154357
11.9348214285714,0.730587715172435,0.886317080925098,0.0833820574226305,54.7083531275503
11.9349206349206,0.730529183696995,0.886254216874342,0.083342185479932,54.7087763025744
11.9350198412698,0.73047065739758,0.886191354566587,0.083302332640384,54.7091994405129
11.935119047619,0.730412136273508,0.886128494003235,0.0832624988947597,54.7096225413704
11.9352182539683,0.730353620324094,0.88606563518569,0.0832226842338355,54.7100456051519
11.9353174603175,0.730295109548655,0.886002778115352,0.083182888648391,54.710468631862
11.9354166666667,0.730236603946509,0.885939922793624,0.0831431121292112,54.7108916215056
11.9355158730159,0.730178103516974,0.885877069221905,0.0831033546670827,54.7113145740874
11.9356150793651,0.730119608259366,0.885814217401596,0.0830636162527966,54.7117374896123
11.9357142857143,0.730061118173003,0.885751367334096,0.0830238968771472,54.712160368085
11.9358134920635,0.730002633257202,0.885688519020803,0.0829841965309327,54.7125832095103
11.9359126984127,0.729944153511283,0.885625672463114,0.0829445152049546,54.713006013893
11.9360119047619,0.729885678934562,0.885562827662427,0.0829048528900183,54.7134287812379
11.9361111111111,0.729827209526359,0.885499984620138,0.0828652095769324,54.7138515115497
11.9362103174603,0.729768745285992,0.885437143337643,0.0828255852565095,54.7142742048333
11.9363095238095,0.729710286212778,0.885374303816336,0.0827859799195654,54.7146968610933
11.9364087301587,0.729651832306039,0.885311466057612,0.0827463935569196,54.7151194803347
11.9365079365079,0.729593383565091,0.885248630062865,0.0827068261593953,54.715542062562
11.9366071428571,0.729534939989255,0.885185795833488,0.0826672777178192,54.7159646077803
11.9367063492063,0.72947650157785,0.885122963370872,0.0826277482230215,54.7163871159941
11.9368055555556,0.729418068330195,0.885060132676409,0.0825882376658356,54.7168095872083
11.9369047619048,0.72935964024561,0.88499730375149,0.0825487460371,54.7172320214277
11.937003968254,0.729301217323416,0.884934476597506,0.0825092733276551,54.717654418657
11.9371031746032,0.729242799562932,0.884871651215845,0.0824698195283455,54.7180767789009
11.9372023809524,0.729184386963478,0.884808827607897,0.0824303846300194,54.7184991021644
11.9373015873016,0.729125979524375,0.88474600577505,0.0823909686235285,54.718921388452
11.9374007936508,0.729067577244944,0.884683185718691,0.0823515714997281,54.7193436377686
11.9375,0.729009180124505,0.884620367440206,0.0823121932494772,54.719765850119
11.9375992063492,0.728950788162379,0.884557550940982,0.0822728338636382,54.7201880255079
11.9376984126984,0.728892401357887,0.884494736222404,0.0822334933330772,54.7206101639401
11.9377976190476,0.728834019710352,0.884431923285858,0.0821941716486638,54.7210322654204
11.9378968253968,0.728775643219093,0.884369112132725,0.0821548688012713,54.7214543299534
11.937996031746,0.728717271883433,0.884306302764391,0.0821155847817763,54.721876357544
11.9380952380952,0.728658905702694,0.884243495182238,0.0820763195810594,54.7222983481969
11.9381944444444,0.728600544676198,0.884180689387646,0.0820370731900044,54.7227203019169
11.9382936507937,0.728542188803266,0.884117885381998,0.0819978455994984,54.7231422187087
11.9383928571429,0.728483838083222,0.884055083166675,0.0819586368004334,54.7235640985771
11.9384920634921,0.728425492515387,0.883992282743057,0.0819194467837038,54.7239859415269
11.9385912698413,0.728367152099086,0.883929484112521,0.0818802755402076,54.7244077475628
11.9386904761905,0.728308816833639,0.883866687276448,0.0818411230608469,54.7248295166895
11.9387896825397,0.728250486718371,0.883803892236213,0.081801989336527,54.7252512489118
11.9388888888889,0.728192161752606,0.883741098993196,0.0817628743581569,54.7256729442344
11.9389880952381,0.728133841935665,0.883678307548772,0.0817237781166492,54.7260946026621
11.9390873015873,0.728075527266873,0.883615517904316,0.08168470060292,54.7265162241997
11.9391865079365,0.728017217745554,0.883552730061204,0.0816456418078891,54.7269378088519
11.9392857142857,0.727958913371031,0.883489944020811,0.0816066017224799,54.7273593566234
11.9393849206349,0.727900614142629,0.883427159784509,0.0815675803376191,54.727780867519
11.9394841269841,0.727842320059672,0.883364377353672,0.0815285776442373,54.7282023415434
11.9395833333333,0.727784031121485,0.883301596729672,0.0814895936332685,54.7286237787014
11.9396825396825,0.727725747327391,0.883238817913881,0.0814506282956504,54.7290451789977
11.9397817460317,0.727667468676716,0.883176040907669,0.0814116816223236,54.729466542437
11.939880952381,0.727609195168786,0.883113265712407,0.081372753604234,54.7298878690241
11.9399801587302,0.727550926802925,0.883050492329465,0.0813338442323295,54.7303091587638
11.9400793650794,0.727492663578458,0.88298772076021,0.0812949534975619,54.7307304116607
11.9401785714286,0.727434405494712,0.882924951006013,0.0812560813908868,54.7311516277195
11.9402777777778,0.727376152551011,0.882862183068239,0.0812172279032633,54.7315728069452
11.940376984127,0.727317904746683,0.882799416948256,0.0811783930256541,54.7319939493422
11.9404761904762,0.727259662081052,0.882736652647429,0.0811395767490255,54.7324150549155
11.9405753968254,0.727201424553445,0.882673890167125,0.0811007790643472,54.7328361236697
11.9406746031746,0.727143192163188,0.882611129508707,0.0810619999625927,54.7332571556096
11.9407738095238,0.727084964909609,0.882548370673541,0.0810232394347391,54.7336781507398
11.940873015873,0.727026742792033,0.882485613662988,0.0809844974717668,54.7340991090652
11.9409722222222,0.726968525809788,0.882422858478413,0.08094577406466,54.7345200305904
11.9410714285714,0.726910313962202,0.882360105121176,0.0809070692044065,54.7349409153201
11.9411706349206,0.7268521072486,0.88229735359264,0.0808683828819976,54.7353617632592
11.9412698412698,0.72679390566831,0.882234603894163,0.0808297150884276,54.7357825744123
11.941369047619,0.726735709220662,0.882171856027108,0.0807910658146961,54.7362033487841
11.9414682539683,0.726677517904982,0.882109109992833,0.0807524350518046,54.7366240863794
11.9415674603175,0.726619331720597,0.882046365792696,0.0807138227907587,54.7370447872028
11.9416666666667,0.726561150666838,0.881983623428056,0.0806752290225676,54.7374654512591
11.9417658730159,0.726502974743031,0.881920882900269,0.0806366537382441,54.7378860785531
11.9418650793651,0.726444803948505,0.881858144210692,0.0805980969288045,54.7383066690894
11.9419642857143,0.72638663828259,0.881795407360681,0.0805595585852689,54.7387272228728
11.9420634920635,0.726328477744613,0.88173267235159,0.0805210386986607,54.7391477399079
11.9421626984127,0.726270322333904,0.881669939184775,0.0804825372600071,54.7395682201995
11.9422619047619,0.726212172049792,0.881607207861588,0.0804440542603386,54.7399886637522
11.9423611111111,0.726154026891608,0.881544478383384,0.0804055896906896,54.7404090705709
11.9424603174603,0.726095886858679,0.881481750751514,0.0803671435420979,54.7408294406602
11.9425595238095,0.726037751950336,0.881419024967329,0.0803287158056049,54.7412497740249
11.9426587301587,0.725979622165909,0.881356301032182,0.0802903064722556,54.7416700706695
11.9427579365079,0.725921497504728,0.881293578947421,0.0802519155330981,54.7420903305989
11.9428571428571,0.725863377966123,0.881230858714398,0.0802135429791855,54.7425105538178
11.9429563492063,0.725805263549426,0.881168140334461,0.080175188801573,54.7429307403308
11.9430555555556,0.725747154253966,0.881105423808958,0.08013685299132,54.7433508901427
11.9431547619048,0.725689050079074,0.881042709139236,0.0800985355394894,54.7437710032581
11.943253968254,0.725630951024081,0.880979996326642,0.0800602364371476,54.7441910796818
11.9433531746032,0.725572857088319,0.880917285372523,0.0800219556753646,54.7446111194184
11.9434523809524,0.725514768271119,0.880854576278224,0.0799836932452141,54.7450311224727
11.9435515873016,0.725456684571812,0.88079186904509,0.0799454491377733,54.7454510888494
11.9436507936508,0.72539860598973,0.880729163674464,0.0799072233441229,54.7458710185531
11.94375,0.725340532524205,0.880666460167691,0.0798690158553473,54.7462909115886
11.9438492063492,0.72528246417457,0.880603758526113,0.0798308266625345,54.7467107679606
11.9439484126984,0.725224400940155,0.880541058751072,0.079792655756776,54.7471305876736
11.9440476190476,0.725166342820294,0.88047836084391,0.0797545031291668,54.7475503707326
11.9441468253968,0.72510828981432,0.880415664805966,0.0797163687708057,54.747970117142
11.944246031746,0.725050241921563,0.88035297063858,0.0796782526727943,54.7483898269067
11.9443452380952,0.72499219914136,0.880290278343094,0.0796401548262396,54.7488095000313
11.9444444444444,0.724934161473041,0.880227587920845,0.0796020752222504,54.7492291365205
11.9445436507937,0.724876128915941,0.88016489937317,0.0795640138519396,54.749648736379
11.9446428571429,0.724818101469392,0.880102212701408,0.079525970706424,54.7500682996115
11.9447420634921,0.724760079132729,0.880039527906894,0.0794879457768236,54.7504878262226
11.9448412698413,0.724702061905286,0.879976844990964,0.0794499390542622,54.7509073162171
11.9449404761905,0.724644049786395,0.879914163954954,0.079411950529867,54.7513267695997
11.9450396825397,0.724586042775393,0.879851484800199,0.0793739801947689,54.7517461863749
11.9451388888889,0.724528040871611,0.879788807528031,0.0793360280401024,54.7521655665475
11.9452380952381,0.724470044074387,0.879726132139784,0.0792980940570056,54.7525849101222
11.9453373015873,0.724412052383053,0.87966345863679,0.07926017823662,54.7530042171037
11.9454365079365,0.724354065796945,0.879600787020381,0.0792222805700909,54.7534234874966
11.9455357142857,0.724296084315398,0.879538117291889,0.0791844010485669,54.7538427213056
11.9456349206349,0.724238107937748,0.879475449452643,0.0791465396632006,54.7542619185354
11.9457341269841,0.724180136663328,0.879412783503972,0.0791086964051472,54.7546810791907
11.9458333333333,0.724122170491476,0.879350119447208,0.0790708712655674,54.7551002032761
11.9459325396825,0.724064209421527,0.879287457283676,0.0790330642356237,54.7555192907963
11.9460317460317,0.724006253452817,0.879224797014706,0.0789952753064827,54.755938341756
11.946130952381,0.723948302584682,0.879162138641624,0.0789575044693148,54.7563573561599
11.9462301587302,0.723890356816458,0.879099482165755,0.0789197517152937,54.7567763340126
11.9463293650794,0.723832416147482,0.879036827588427,0.0788820170355969,54.7571952753187
11.9464285714286,0.72377448057709,0.878974174910963,0.0788443004214053,54.7576141800831
11.9465277777778,0.723716550104619,0.878911524134687,0.0788066018639035,54.7580330483102
11.946626984127,0.723658624729407,0.878848875260924,0.0787689213542796,54.7584518800049
11.9467261904762,0.72360070445079,0.878786228290996,0.0787312588837254,54.7588706751717
11.9468253968254,0.723542789268106,0.878723583226224,0.0786936144434362,54.7592894338153
11.9469246031746,0.723484879180691,0.878660940067931,0.0786559880246108,54.7597081559404
11.9470238095238,0.723426974187885,0.878598298817438,0.0786183796184516,54.7601268415517
11.947123015873,0.723369074289025,0.878535659476063,0.0785807892161648,54.7605454906537
11.9472222222222,0.723311179483447,0.878473022045126,0.0785432168089594,54.7609641032512
11.9473214285714,0.723253289770492,0.878410386525948,0.0785056623880496,54.7613826793488
11.9474206349206,0.723195405149498,0.878347752919844,0.0784681259446518,54.7618012189513
11.9475198412698,0.723137525619803,0.878285121228133,0.0784306074699861,54.7622197220631
11.947619047619,0.723079651180745,0.878222491452131,0.0783931069552767,54.762638188689
11.9477182539683,0.723021781831665,0.878159863593154,0.0783556243917509,54.7630566188337
11.9478174603175,0.722963917571899,0.878097237652517,0.0783181597706399,54.7634750125017
11.9479166666667,0.722906058400789,0.878034613631535,0.0782807130831783,54.7638933696978
11.9480158730159,0.722848204317674,0.877971991531522,0.0782432843206044,54.7643116904266
11.9481150793651,0.722790355321893,0.877909371353791,0.0782058734741599,54.7647299746927
11.9482142857143,0.722732511412785,0.877846753099653,0.0781684805350904,54.7651482225009
11.9483134920635,0.722674672589692,0.877784136770422,0.0781311054946447,54.7655664338556
11.9484126984127,0.722616838851953,0.877721522367408,0.0780937483440755,54.7659846087617
11.9485119047619,0.722559010198908,0.877658909891921,0.0780564090746387,54.7664027472237
11.9486111111111,0.722501186629898,0.877596299345272,0.0780190876775943,54.7668208492462
11.9487103174603,0.722443368144263,0.877533690728768,0.0779817841442049,54.767238914834
11.9488095238095,0.722385554741345,0.877471084043719,0.0779444984657385,54.7676569439916
11.9489087301587,0.722327746420485,0.877408479291433,0.077907230633465,54.7680749367237
11.9490079365079,0.722269943181024,0.877345876473216,0.0778699806386584,54.7684928930349
11.9491071428571,0.722212145022302,0.877283275590375,0.0778327484725963,54.76891081293
11.9492063492063,0.722154351943663,0.877220676644215,0.0777955341265599,54.7693286964134
11.9493055555556,0.722096563944447,0.877158079636041,0.077758337591834,54.7697465434899
11.9494047619048,0.722038781023996,0.877095484567157,0.0777211588597069,54.7701643541641
11.949503968254,0.721981003181653,0.877032891438867,0.0776839979214706,54.7705821284406
11.9496031746032,0.721923230416759,0.876970300252474,0.0776468547684205,54.770999866324
11.9497023809524,0.721865462728658,0.876907711009279,0.0776097293918557,54.771417567819
11.9498015873016,0.721807700116692,0.876845123710586,0.0775726217830789,54.7718352329303
11.9499007936508,0.721749942580203,0.876782538357693,0.0775355319333964,54.7722528616623
11.95,0.721692190118535,0.876719954951901,0.0774984598341178,54.7726704540199
11.9500992063492,0.721634442731031,0.87665737349451,0.0774614054765568,54.7730880100075
11.9501984126984,0.721576700417033,0.876594793986817,0.0774243688520296,54.7735055296299
11.9502976190476,0.721518963175886,0.876532216430123,0.0773873499518579,54.7739230128917
11.9503968253968,0.721461231006933,0.876469640825724,0.0773503487673652,54.7743404597974
11.950496031746,0.721403503909519,0.876407067174916,0.0773133652898794,54.7747578703517
11.9505952380952,0.721345781882987,0.876344495478995,0.0772763995107317,54.7751752445592
11.9506944444444,0.721288064926682,0.876281925739257,0.0772394514212569,54.7755925824245
11.9507936507937,0.721230353039947,0.876219357956996,0.0772025210127935,54.7760098839524
11.9508928571429,0.721172646222127,0.876156792133507,0.0771656082766835,54.7764271491473
11.9509920634921,0.721114944472568,0.876094228270081,0.0771287132042726,54.7768443780139
11.9510912698413,0.721057247790613,0.876031666368013,0.0770918357869099,54.7772615705568
11.9511904761905,0.720999556175609,0.875969106428594,0.0770549760159482,54.7776787267807
11.9512896825397,0.7209418696269,0.875906548453114,0.0770181338827437,54.7780958466901
11.9513888888889,0.720884188143832,0.875843992442865,0.0769813093786565,54.7785129302896
11.9514880952381,0.72082651172575,0.875781438399136,0.07694450249505,54.778929977584
11.9515873015873,0.720768840372001,0.875718886323217,0.0769077132232914,54.7793469885777
11.9516865079365,0.720711174081929,0.875656336216394,0.0768709415547507,54.7797639632754
11.9517857142857,0.720653512854881,0.875593788079958,0.0768341874808031,54.7801809016817
11.9518849206349,0.720595856690205,0.875531241915194,0.0767974509928261,54.7805978038012
11.9519841269841,0.720538205587246,0.875468697723389,0.076760732082201,54.7810146696386
11.9520833333333,0.720480559545351,0.875406155505829,0.0767240307403127,54.7814314991984
11.9521825396825,0.720422918563866,0.875343615263798,0.0766873469585498,54.7818482924852
11.9522817460317,0.720365282642139,0.87528107699858,0.0766506807283045,54.7822650495036
11.952380952381,0.720307651779517,0.875218540711461,0.0766140320409723,54.7826817702583
11.9524801587302,0.720250025975347,0.875156006403721,0.0765774008879528,54.7830984547538
11.9525793650794,0.720192405228977,0.875093474076644,0.0765407872606486,54.7835151029947
11.9526785714286,0.720134789539755,0.875030943731511,0.0765041911504662,54.7839317149857
11.9527777777778,0.720077178907028,0.874968415369603,0.0764676125488156,54.7843482907313
11.952876984127,0.720019573330145,0.8749058889922,0.0764310514471105,54.7847648302361
11.9529761904762,0.719961972808453,0.874843364600581,0.0763945078367681,54.7851813335048
11.9530753968254,0.719904377341302,0.874780842196026,0.076357981709209,54.7855978005419
11.9531746031746,0.719846786928039,0.874718321779812,0.0763214730558571,54.786014231352
11.9532738095238,0.719789201568015,0.874655803353217,0.0762849818681414,54.7864306259398
11.953373015873,0.719731621260577,0.874593286917517,0.0762485081374927,54.7868469843097
11.9534722222222,0.719674046005074,0.87453077247399,0.0762120518553462,54.7872633064664
11.9535714285714,0.719616475800857,0.874468260023909,0.0761756130131406,54.7876795924145
11.9536706349206,0.719558910647275,0.87440574956855,0.0761391916023181,54.7880958421586
11.9537698412698,0.719501350543677,0.874343241109186,0.0761027876143244,54.7885120557033
11.953869047619,0.719443795489413,0.874280734647091,0.076066401040609,54.7889282330531
11.9539682539683,0.719386245483833,0.874218230183538,0.0760300318726247,54.7893443742126
11.9540674603175,0.719328700526287,0.874155727719798,0.0759936801018283,54.7897604791864
11.9541666666667,0.719271160616127,0.874093227257143,0.0759573457196797,54.7901765479792
11.9542658730159,0.719213625752701,0.874030728796843,0.0759210287176428,54.7905925805954
11.9543650793651,0.719156095935361,0.873968232340168,0.0758847290871846,54.7910085770397
11.9544642857143,0.719098571163459,0.873905737888387,0.0758484468197762,54.7914245373166
11.9545634920635,0.719041051436344,0.873843245442769,0.075812181906892,54.7918404614308
11.9546626984127,0.718983536753368,0.87378075500458,0.0757759343400095,54.7922563493868
11.9547619047619,0.718926027113883,0.87371826657509,0.0757397041106112,54.7926722011891
11.9548611111111,0.71886852251724,0.873655780155564,0.0757034912101818,54.7930880168424
11.9549603174603,0.718811022962792,0.873593295747267,0.0756672956302102,54.7935037963512
11.9550595238095,0.718753528449889,0.873530813351465,0.0756311173621885,54.7939195397201
11.9551587301587,0.718696038977885,0.873468332969423,0.0755949563976128,54.7943352469537
11.9552579365079,0.718638554546131,0.873405854602402,0.0755588127279825,54.7947509180565
11.9553571428571,0.71858107515398,0.873343378251668,0.0755226863448007,54.7951665530332
11.9554563492063,0.718523600800785,0.873280903918482,0.075486577239574,54.7955821518882
11.9555555555556,0.718466131485898,0.873218431604105,0.0754504854038126,54.7959977146262
11.9556547619048,0.718408667208672,0.873155961309798,0.0754144108290304,54.7964132412517
11.955753968254,0.718351207968462,0.873093493036823,0.0753783535067448,54.7968287317693
11.9558531746032,0.718293753764619,0.873031026786437,0.0753423134284766,54.7972441861835
11.9559523809524,0.718236304596497,0.872968562559901,0.0753062905857504,54.797659604499
11.9560515873016,0.718178860463451,0.872906100358472,0.0752702849700945,54.7980749867202
11.9561507936508,0.718121421364834,0.872843640183407,0.0752342965730398,54.7984903328518
11.95625,0.7180639873,0.872781182035965,0.0751983253861228,54.7989056428983
11.9563492063492,0.718006558268305,0.8727187259174,0.0751623714008818,54.7993209168642
11.9564484126984,0.7179491342691,0.872656271828968,0.0751264346088591,54.7997361547542
11.9565476190476,0.717891715301743,0.872593819771924,0.0750905150016009,54.8001513565727
11.9566468253968,0.717834301365587,0.872531369747521,0.0750546125706566,54.8005665223244
11.956746031746,0.717776892459987,0.872468921757014,0.0750187273075796,54.8009816520137
11.9568452380952,0.717719488584298,0.872406475801655,0.0749828592039264,54.8013967456453
11.9569444444444,0.717662089737876,0.872344031882696,0.0749470082512574,54.8018118032237
11.9570436507937,0.717604695920077,0.872281590001387,0.0749111744411367,54.8022268247534
11.9571428571429,0.717547307130255,0.872219150158981,0.0748753577651315,54.802641810239
11.9572420634921,0.717489923367767,0.872156712356726,0.074839558214813,54.8030567596851
11.9573412698413,0.717432544631968,0.872094276595872,0.0748037757817559,54.8034716730961
11.9574404761905,0.717375170922215,0.872031842877667,0.0747680104575383,54.8038865504768
11.9575396825397,0.717317802237865,0.871969411203359,0.074732262233742,54.8043013918315
11.9576388888889,0.717260438578272,0.871906981574195,0.074696531101952,54.8047161971648
11.9577380952381,0.717203079942796,0.871844553991423,0.0746608170537582,54.8051309664813
11.9578373015873,0.717145726330792,0.871782128456288,0.0746251200807525,54.8055456997855
11.9579365079365,0.717088377741618,0.871719704970034,0.0745894401745312,54.805960397082
11.9580357142857,0.71703103417463,0.871657283533906,0.0745537773266938,54.8063750583753
11.9581349206349,0.716973695629187,0.871594864149148,0.0745181315288438,54.80678968367
11.9582341269841,0.716916362104645,0.871532446817004,0.0744825027725879,54.8072042729705
11.9583333333333,0.716859033600362,0.871470031538714,0.0744468910495365,54.8076188262815
11.9584325396825,0.716801710115697,0.871407618315522,0.0744112963513037,54.8080333436074
11.9585317460317,0.716744391650008,0.871345207148667,0.0743757186695071,54.8084478249528
11.958630952381,0.716687078202652,0.871282798039391,0.0743401579957677,54.8088622703222
11.9587301587302,0.716629769772989,0.871220390988932,0.0743046143217104,54.8092766797202
11.9588293650794,0.716572466360376,0.871157985998531,0.0742690876389635,54.8096910531513
11.9589285714286,0.716515167964174,0.871095583069424,0.0742335779391588,54.8101053906201
11.9590277777778,0.71645787458374,0.87103318220285,0.0741980852139319,54.810519692131
11.959126984127,0.716400586218433,0.870970783400044,0.0741626094549213,54.8109339576885
11.9592261904762,0.716343302867615,0.870908386662245,0.0741271506537706,54.8113481872973
11.9593253968254,0.716286024530643,0.870845991990686,0.0740917088021256,54.8117623809619
11.9594246031746,0.716228751206878,0.870783599386604,0.074056283891636,54.8121765386867
11.9595238095238,0.716171482895679,0.870721208851231,0.0740208759139552,54.8125906604763
11.959623015873,0.716114219596407,0.870658820385802,0.0739854848607402,54.8130047463352
11.9597222222222,0.716056961308422,0.870596433991548,0.0739501107236515,54.8134187962679
11.9598214285714,0.715999708031084,0.870534049669703,0.0739147534943532,54.8138328102791
11.9599206349206,0.715942459763753,0.870471667421497,0.073879413164513,54.8142467883731
11.9600198412698,0.715885216505791,0.870409287248162,0.0738440897258021,54.8146607305545
11.960119047619,0.715827978256559,0.870346909150926,0.0738087831698954,54.8150746368278
11.9602182539683,0.715770745015417,0.87028453313102,0.0737734934884714,54.8154885071975
11.9603174603175,0.715713516781727,0.870222159189671,0.073738220673212,54.8159023416683
11.9604166666667,0.71565629355485,0.870159787328109,0.0737029647158028,54.8163161402444
11.9605158730159,0.715599075334148,0.87009741754756,0.0736677256079329,54.8167299029306
11.9606150793651,0.715541862118982,0.870035049849249,0.0736325033412946,54.8171436297313
11.9607142857143,0.715484653908716,0.869972684234405,0.0735972979075852,54.817557320651
11.9608134920635,0.715427450702711,0.869910320704251,0.0735621092985041,54.8179709756942
11.9609126984127,0.715370252500329,0.869847959260013,0.0735269375057549,54.8183845948654
11.9610119047619,0.715313059300933,0.869785599902913,0.0734917825210444,54.8187981781691
11.9611111111111,0.715255871103886,0.869723242634176,0.0734566443360834,54.81921172561
11.9612103174603,0.71519868790855,0.869660887455023,0.0734215229425861,54.8196252371923
11.9613095238095,0.715141509714288,0.869598534366676,0.0733864183322701,54.8200387129207
11.9614087301587,0.715084336520464,0.869536183370356,0.0733513304968571,54.8204521527997
11.9615079365079,0.715027168326442,0.869473834467284,0.0733162594280718,54.8208655568338
11.9616071428571,0.714970005131584,0.869411487658679,0.0732812051176428,54.8212789250274
11.9617063492063,0.714912846935254,0.86934914294576,0.0732461675573022,54.8216922573851
11.9618055555556,0.714855693736817,0.869286800329746,0.0732111467387856,54.8221055539113
11.9619047619048,0.714798545535636,0.869224459811854,0.0731761426538324,54.8225188146107
11.962003968254,0.714741402331077,0.869162121393301,0.0731411552941854,54.8229320394876
11.9621031746032,0.714684264122501,0.869099785075302,0.0731061846515906,54.8233452285465
11.9622023809524,0.714627130909276,0.869037450859075,0.0730712307177986,54.823758381792
11.9623015873016,0.714570002690766,0.868975118745834,0.073036293484563,54.8241714992286
11.9624007936508,0.714512879466336,0.868912788736792,0.0730013729436406,54.8245845808607
11.9625,0.714455761235351,0.868850460833164,0.0729664690867923,54.8249976266929
11.9625992063492,0.714398647997176,0.868788135036161,0.0729315819057823,54.8254106367296
11.9626984126984,0.714341539751176,0.868725811346997,0.0728967113923786,54.8258236109753
11.9627976190476,0.714284436496718,0.868663489766883,0.0728618575383526,54.8262365494345
11.9628968253968,0.714227338233167,0.868601170297028,0.0728270203354794,54.8266494521117
11.962996031746,0.71417024495989,0.868538852938644,0.0727921997755376,54.8270623190115
11.9630952380952,0.714113156676252,0.86847653769294,0.0727573958503093,54.8274751501381
11.9631944444444,0.71405607338162,0.868414224561124,0.0727226085515804,54.8278879454963
11.9632936507937,0.713998995075361,0.868351913544404,0.0726878378711402,54.8283007050904
11.9633928571429,0.713941921756841,0.868289604643989,0.0726530838007818,54.8287134289249
11.9634920634921,0.713884853425427,0.868227297861083,0.0726183463323015,54.8291261170043
11.9635912698413,0.713827790080486,0.868164993196892,0.0725836254574991,54.8295387693331
11.9636904761905,0.713770731721386,0.868102690652624,0.0725489211681792,54.8299513859158
11.9637896825397,0.713713678347495,0.868040390229482,0.0725142334561484,54.8303639667568
11.9638888888889,0.713656629958179,0.867978091928669,0.0724795623132177,54.8307765118606
11.9639880952381,0.713599586552806,0.86791579575139,0.0724449077312015,54.8311890212318
11.9640873015873,0.713542548130745,0.867853501698846,0.0724102697019177,54.8316014948747
11.9641865079365,0.713485514691364,0.867791209772239,0.072375648217188,54.8320139327938
11.9642857142857,0.713428486234031,0.86772891997277,0.0723410432688374,54.8324263349937
11.9643849206349,0.713371462758114,0.86766663230164,0.0723064548486949,54.8328387014788
11.9644841269841,0.713314444262982,0.867604346760048,0.0722718829485924,54.8332510322535
11.9645833333333,0.713257430748005,0.867542063349194,0.0722373275603661,54.8336633273224
11.9646825396825,0.71320042221255,0.867479782070276,0.0722027886758554,54.8340755866899
11.9647817460317,0.713143418655988,0.867417502924491,0.0721682662869033,54.8344878103604
11.964880952381,0.713086420077688,0.867355225913037,0.0721337603853564,54.8348999983385
11.9649801587302,0.713029426477019,0.86729295103711,0.0720992709630649,54.8353121506286
11.9650793650794,0.71297243785335,0.867230678297904,0.0720647980118822,54.8357242672351
11.9651785714286,0.712915454206053,0.867168407696616,0.0720303415236665,54.8361363481626
11.9652777777778,0.712858475534497,0.86710613923444,0.0719959014902783,54.8365483934155
11.965376984127,0.712801501838052,0.867043872912568,0.0719614779035821,54.8369604029982
11.9654761904762,0.712744533116089,0.866981608732195,0.0719270707554461,54.8373723769153
11.9655753968254,0.712687569367979,0.866919346694512,0.0718926800377418,54.8377843151711
11.9656746031746,0.712630610593092,0.86685708680071,0.0718583057423446,54.8381962177701
11.9657738095238,0.712573656790799,0.866794829051981,0.0718239478611332,54.8386080847169
11.965873015873,0.712516707960471,0.866732573449514,0.0717896063859901,54.8390199160158
11.9659722222222,0.71245976410148,0.866670319994499,0.0717552813088012,54.8394317116713
11.9660714285714,0.712402825213197,0.866608068688124,0.0717209726214561,54.8398434716878
11.9661706349206,0.712345891294994,0.866545819531578,0.0716866803158481,54.8402551960698
11.9662698412698,0.712288962346243,0.866483572526049,0.0716524043838737,54.8406668848218
11.966369047619,0.712232038366315,0.866421327672721,0.0716181448174333,54.8410785379482
11.9664682539683,0.712175119354584,0.866359084972783,0.0715839016084308,54.8414901554535
11.9665674603175,0.71211820531042,0.866296844427417,0.0715496747487731,54.8419017373421
11.9666666666667,0.712061296233198,0.866234606037811,0.0715154642303722,54.8423132836184
11.9667658730159,0.712004392122289,0.866172369805147,0.0714812700451423,54.8427247942869
11.9668650793651,0.711947492977068,0.866110135730609,0.0714470921850017,54.8431362693521
11.9669642857143,0.711890598796905,0.86604790381538,0.071412930641872,54.8435477088183
11.9670634920635,0.711833709581176,0.86598567406064,0.0713787854076785,54.8439591126901
11.9671626984127,0.711776825329253,0.865923446467571,0.0713446564743503,54.8443704809719
11.9672619047619,0.71171994604051,0.865861221037354,0.0713105438338199,54.844781813668
11.9673611111111,0.711663071714321,0.865798997771169,0.0712764474780233,54.8451931107831
11.9674603174603,0.71160620235006,0.865736776670194,0.0712423673989001,54.8456043723214
11.9675595238095,0.711549337947101,0.865674557735609,0.0712083035883938,54.8460155982874
11.9676587301587,0.711492478504818,0.86561234096859,0.071174256038451,54.8464267886856
11.9677579365079,0.711435624022586,0.865550126370314,0.0711402247410221,54.8468379435204
11.9678571428571,0.711378774499779,0.865487913941959,0.0711062096880612,54.8472490627962
11.9679563492063,0.711321929935772,0.8654257036847,0.0710722108715259,54.8476601465175
11.9680555555556,0.71126509032994,0.86536349559971,0.0710382282833767,54.8480711946887
11.9681547619048,0.71120825568166,0.865301289688167,0.0710042619155793,54.8484822073143
11.968253968254,0.711151425990305,0.865239085951242,0.0709703117601017,54.8488931843986
11.9683531746032,0.711094601255251,0.865176884390109,0.0709363778089156,54.849304125946
11.9684523809524,0.711037781475875,0.86511468500594,0.0709024600539964,54.8497150319611
11.9685515873016,0.710980966651552,0.865052487799906,0.0708685584873233,54.8501259024483
11.9686507936508,0.710924156781659,0.864990292773178,0.0708346731008789,54.8505367374119
11.96875,0.71086735186557,0.864928099926926,0.0708008038866492,54.8509475368564
11.9688492063492,0.710810551902664,0.864865909262321,0.0707669508366242,54.8513583007862
11.9689484126984,0.710753756892316,0.86480372078053,0.0707331139427971,54.8517690292058
11.9690476190476,0.710696966833903,0.864741534482722,0.0706992931971649,54.8521797221195
11.9691468253968,0.710640181726803,0.864679350370064,0.0706654885917281,54.8525903795318
11.969246031746,0.710583401570392,0.864617168443723,0.0706317001184908,54.8530010014471
11.9693452380952,0.710526626364048,0.864554988704864,0.0705979277694605,54.8534115878698
11.9694444444444,0.710469856107148,0.864492811154655,0.0705641715366487,54.8538221388044
11.9695436507937,0.710413090799069,0.864430635794257,0.0705304314120695,54.8542326542552
11.9696428571429,0.710356330439191,0.864368462624837,0.0704967073877425,54.8546431342266
11.9697420634921,0.71029957502689,0.864306291647557,0.070462999455689,54.8550535787232
11.9698412698413,0.710242824561546,0.86424412286358,0.0704293076079346,54.8554639877492
11.9699404761905,0.710186079042536,0.864181956274068,0.0703956318365084,54.8558743613092
11.9700396825397,0.710129338469238,0.864119791880182,0.0703619721334433,54.8562846994074
11.9701388888889,0.710072602841033,0.864057629683082,0.0703283284907753,54.8566950020484
11.9702380952381,0.710015872157298,0.863995469683929,0.0702947009005445,54.8571052692365
11.9703373015873,0.709959146417412,0.863933311883881,0.0702610893547943,54.8575155009762
11.9704365079365,0.709902425620755,0.863871156284097,0.0702274938455717,54.8579256972718
11.9705357142857,0.709845709766707,0.863809002885735,0.0701939143649273,54.8583358581277
11.9706349206349,0.709788998854646,0.863746851689952,0.0701603509049153,54.8587459835484
11.9707341269841,0.709732292883954,0.863684702697904,0.0701268034575935,54.8591560735383
11.9708333333333,0.709675591854009,0.863622555910748,0.0700932720150232,54.8595661281017
11.9709325396825,0.709618895764191,0.863560411329637,0.0700597565692693,54.8599761472431
11.9710317460317,0.709562204613881,0.863498268955726,0.0700262571123999,54.8603861309668
11.971130952381,0.709505518402461,0.86343612879017,0.0699927736364879,54.8607960792773
11.9712301587302,0.709448837129309,0.863373990834121,0.0699593061336086,54.8612059921789
11.9713293650794,0.709392160793808,0.863311855088732,0.0699258545958412,54.8616158696761
11.9714285714286,0.709335489395338,0.863249721555153,0.0698924190152685,54.8620257117733
11.9715277777778,0.70927882293328,0.863187590234537,0.069858999383977,54.8624355184748
11.971626984127,0.709222161407016,0.863125461128032,0.0698255956940565,54.862845289785
11.9717261904762,0.709165504815927,0.863063334236789,0.0697922079376006,54.8632550257083
11.9718253968254,0.709108853159395,0.863001209561957,0.0697588361067065,54.8636647262492
11.9719246031746,0.709052206436802,0.862939087104683,0.069725480193475,54.8640743914119
11.9720238095238,0.70899556464753,0.862876966866116,0.0696921401900101,54.864484021201
11.972123015873,0.708938927790961,0.862814848847402,0.0696588160884199,54.8648936156208
11.9722222222222,0.708882295866477,0.862752733049686,0.0696255078808157,54.8653031746756
11.9723214285714,0.708825668873462,0.862690619474115,0.0695922155593126,54.8657126983699
11.9724206349206,0.708769046811298,0.862628508121834,0.0695589391160293,54.866122186708
11.9725198412698,0.708712429679367,0.862566398993985,0.0695256785430873,54.8665316396943
11.972619047619,0.708655817477053,0.862504292091713,0.0694924338326134,54.8669410573333
11.9727182539683,0.70859921020374,0.86244218741616,0.0694592049767365,54.8673504396292
11.9728174603175,0.708542607858811,0.862380084968469,0.0694259919675896,54.8677597865865
11.9729166666667,0.70848601044165,0.86231798474978,0.069392794797309,54.8681690982095
11.9730158730159,0.70842941795164,0.862255886761235,0.0693596134580348,54.8685783745027
11.9731150793651,0.708372830388165,0.862193791003973,0.0693264479419108,54.8689876154704
11.9732142857143,0.70831624775061,0.862131697479133,0.0692932982410841,54.869396821117
11.9733134920635,0.708259670038358,0.862069606187853,0.0692601643477056,54.8698059914468
11.9734126984127,0.708203097250795,0.862007517131273,0.0692270462539296,54.8702151264642
11.9735119047619,0.708146529387305,0.861945430310528,0.0691939439519141,54.8706242261736
11.9736111111111,0.708089966447274,0.861883345726756,0.0691608574338206,54.8710332905794
11.9737103174603,0.708033408430085,0.861821263381092,0.0691277866918144,54.871442319686
11.9738095238095,0.707976855335125,0.861759183274671,0.0690947317180641,54.8718513134976
11.9739087301587,0.707920307161778,0.861697105408627,0.0690616925047419,54.8722602720188
11.9740079365079,0.707863763909431,0.861635029784095,0.0690286690440233,54.8726691952538
11.9741071428571,0.707807225577469,0.861572956402207,0.0689956613280886,54.8730780832069
11.9742063492063,0.707750692165278,0.861510885264097,0.0689626693491204,54.8734869358827
11.9743055555556,0.707694163672244,0.861448816370895,0.0689296930993053,54.8738957532854
11.9744047619048,0.707637640097754,0.861386749723732,0.0688967325708335,54.8743045354195
11.974503968254,0.707581121441194,0.861324685323739,0.0688637877558986,54.8747132822891
11.9746031746032,0.707524607701951,0.861262623172045,0.0688308586466982,54.8751219938989
11.9747023809524,0.707468098879411,0.86120056326978,0.0687979452354329,54.8755306702529
11.9748015873016,0.707411594972961,0.861138505618071,0.0687650475143075,54.8759393113558
11.9749007936508,0.70735509598199,0.861076450218046,0.0687321654755298,54.8763479172117
11.975,0.707298601905883,0.861014397070832,0.0686992991113117,54.8767564878251
11.9750992063492,0.707242112744029,0.860952346177555,0.0686664484138683,54.8771650232004
11.9751984126984,0.707185628495815,0.86089029753934,0.0686336133754183,54.8775735233418
11.9752976190476,0.707129149160629,0.860828251157313,0.0686007939881842,54.8779819882537
11.9753968253968,0.70707267473786,0.860766207032597,0.068567990244392,54.8783904179405
11.975496031746,0.707016205226894,0.860704165166315,0.0685352021362707,54.8787988124065
11.9755952380952,0.706959740627122,0.860642125559592,0.0685024296560544,54.8792071716561
11.9756944444444,0.706903280937931,0.860580088213548,0.0684696727959793,54.8796154956936
11.9757936507937,0.706846826158711,0.860518053129306,0.0684369315482857,54.8800237845234
11.9758928571429,0.706790376288849,0.860456020307984,0.0684042059052174,54.8804320381498
11.9759920634921,0.706733931327736,0.860393989750705,0.0683714958590219,54.8808402565771
11.9760912698413,0.706677491274761,0.860331961458586,0.0683388014019502,54.8812484398098
11.9761904761905,0.706621056129313,0.860269935432747,0.0683061225262569,54.8816565878521
11.9762896825397,0.706564625890781,0.860207911674306,0.0682734592242001,54.8820647007085
11.9763888888889,0.706508200558556,0.860145890184379,0.0682408114880417,54.8824727783831
11.9764880952381,0.706451780132027,0.860083870964083,0.0682081793100469,54.8828808208805
11.9765873015873,0.706395364610585,0.860021854014534,0.0681755626824847,54.8832888282048
11.9766865079365,0.70633895399362,0.859959839336847,0.0681429615976274,54.8836968003605
11.9767857142857,0.706282548280523,0.859897826932138,0.0681103760477513,54.8841047373519
11.9768849206349,0.706226147470684,0.859835816801518,0.0680778060251359,54.8845126391833
11.9769841269841,0.706169751563493,0.859773808946102,0.068045251522064,54.8849205058591
11.9770833333333,0.706113360558344,0.859711803367002,0.0680127125308234,54.8853283373836
11.9771825396825,0.706056974454626,0.85964980006533,0.0679801890437039,54.8857361337611
11.9772817460317,0.70600059325173,0.859587799042197,0.0679476810529995,54.886143894996
11.977380952381,0.705944216949049,0.859525800298713,0.0679151885510077,54.8865516210925
11.9774801587302,0.705887845545975,0.859463803835988,0.0678827115300296,54.8869593120551
11.9775793650794,0.705831479041898,0.85940180965513,0.0678502499823701,54.887366967888
11.9776785714286,0.705775117436212,0.859339817757249,0.0678178039003372,54.8877745885956
11.9777777777778,0.705718760728308,0.859277828143451,0.0677853732762429,54.8881821741822
11.977876984127,0.705662408917579,0.859215840814844,0.0677529581024026,54.8885897246522
11.9779761904762,0.705606062003418,0.859153855772534,0.0677205583711354,54.8889972400098
11.9780753968254,0.705549719985217,0.859091873017626,0.0676881740747636,54.8894047202593
11.9781746031746,0.70549338286237,0.859029892551226,0.0676558052056138,54.8898121654052
11.9782738095238,0.70543705063427,0.858967914374437,0.0676234517560154,54.8902195754516
11.978373015873,0.705380723300309,0.858905938488362,0.0675911137183018,54.890626950403
11.9784722222222,0.705324400859881,0.858843964894105,0.0675587910848096,54.8910342902637
11.9785714285714,0.705268083312381,0.858781993592768,0.0675264838478799,54.8914415950379
11.9786706349206,0.705211770657202,0.858720024585453,0.0674941919998566,54.89184886473
11.9787698412698,0.705155462893738,0.858658057873259,0.0674619155330872,54.8922560993443
11.978869047619,0.705099160021384,0.858596093457287,0.0674296544399229,54.8926632988852
11.9789682539683,0.705042862039533,0.858534131338637,0.0673974087127186,54.8930704633569
11.9790674603175,0.704986568947581,0.858472171518407,0.0673651783438326,54.8934775927637
11.9791666666667,0.704930280744921,0.858410213997694,0.0673329633256268,54.8938846871099
11.9792658730159,0.70487399743095,0.858348258777597,0.0673007636504668,54.8942917464
11.9793650793651,0.704817719005061,0.858286305859212,0.0672685793107217,54.8946987706381
11.9794642857143,0.704761445466652,0.858224355243635,0.0672364102987642,54.8951057598286
11.9795634920635,0.704705176815115,0.85816240693196,0.0672042566069706,54.8955127139757
11.9796626984127,0.704648913048257,0.858100460920267,0.0671721182589308,54.8959196330783
11.9797619047619,0.704592654163884,0.858038517204383,0.0671399952795743,54.8963265171348
11.9798611111111,0.704536400161483,0.857976575785309,0.0671078876615716,54.8967333661492
11.9799603174603,0.704480151040542,0.857914636664041,0.0670757953975934,54.8971401801258
11.9800595238095,0.704423906800548,0.85785269984158,0.0670437184803148,54.8975469590687
11.9801587301587,0.704367667440986,0.857790765318924,0.0670116569024128,54.8979537029821
11.9802579365079,0.70431143296134,0.857728833097071,0.0669796106565683,54.8983604118702
11.9803571428571,0.704255203361094,0.85766690317702,0.0669475797354652,54.8987670857372
11.9804563492063,0.704198978639732,0.857604975559767,0.0669155641317909,54.8991737245871
11.9805555555556,0.704142758796734,0.857543050246311,0.0668835638382357,54.8995803284243
11.9806547619048,0.704086543831583,0.85748112723765,0.0668515788474934,54.8999868972528
11.980753968254,0.704030333743757,0.857419206534781,0.0668196091522611,54.9003934310768
11.9808531746032,0.703974128532737,0.857357288138701,0.0667876547452388,54.9007999299005
11.9809523809524,0.703917928198001,0.857295372050408,0.06675571561913,54.901206393728
11.9810515873016,0.703861732739025,0.857233458270898,0.0667237917666415,54.9016128225635
11.9811507936508,0.703805542155287,0.857171546801168,0.0666918831804832,54.9020192164113
11.98125,0.703749356446263,0.857109637642214,0.0666599898533682,54.9024255752754
11.9813492063492,0.703693175611427,0.857047730795034,0.066628111778013,54.9028318991599
11.9814484126984,0.703636999650252,0.856985826260622,0.0665962489471367,54.9032381880692
11.9815476190476,0.703580828562212,0.856923924039977,0.0665644013534631,54.9036444420073
11.9816468253968,0.70352466234678,0.856862024134093,0.066532568989718,54.9040506609784
11.981746031746,0.703468501003426,0.856800126543966,0.0665007518486307,54.9044568449867
11.9818452380952,0.70341234453162,0.856738231270591,0.0664689499229338,54.9048629940363
11.9819444444444,0.703356192930833,0.856676338314965,0.0664371632053631,54.9052691081315
11.9820436507937,0.703300046200532,0.856614447678082,0.0664053916886578,54.9056751872762
11.9821428571429,0.703243904340185,0.856552559360937,0.0663736353655602,54.9060812314749
11.9822420634921,0.70318776734926,0.856490673364526,0.0663418942288158,54.9064872407315
11.9823412698413,0.703131635227221,0.856428789689842,0.0663101682711735,54.9068932150502
11.9824404761905,0.703075507973534,0.856366908337881,0.0662784574853853,54.9072991544353
11.9825396825397,0.703019385587662,0.856305029309637,0.0662467618642066,54.9077050588909
11.9826388888889,0.70296326806907,0.856243152606104,0.0662150814003958,54.9081109284211
11.9827380952381,0.702907155417219,0.856181278228276,0.0661834160867148,54.9085167630301
11.9828373015873,0.702851047631571,0.856119406177147,0.0661517659159285,54.9089225627221
11.9829365079365,0.702794944711585,0.856057536453709,0.0661201308808047,54.9093283275012
11.9830357142857,0.702738846656723,0.855995669058959,0.0660885109741159,54.9097340573716
11.9831349206349,0.702682753466442,0.855933803993888,0.0660569061886364,54.9101397523374
11.9832341269841,0.702626665140201,0.85587194125949,0.066025316517144,54.9105454124028
11.9833333333333,0.702570581677456,0.855810080856758,0.0659937419524201,54.9109510375721
11.9834325396825,0.702514503077664,0.855748222786684,0.0659621824872491,54.9113566278492
11.9835317460317,0.702458429340279,0.855686367050261,0.0659306381144186,54.9117621832385
11.983630952381,0.702402360464755,0.855624513648482,0.0658991088267197,54.912167703744
11.9837301587302,0.702346296450547,0.855562662582339,0.0658675946169465,54.9125731893699
11.9838293650794,0.702290237297107,0.855500813852824,0.0658360954778963,54.9129786401204
11.9839285714286,0.702234183003885,0.85543896746093,0.06580461140237,54.9133840559996
11.9840277777778,0.702178133570334,0.855377123407647,0.0657731423831713,54.9137894370117
11.984126984127,0.702122088995902,0.855315281693968,0.0657416884131074,54.9141947831608
11.9842261904762,0.702066049280039,0.855253442320884,0.0657102494849888,54.9146000944512
11.9843253968254,0.702010014422193,0.855191605289386,0.0656788255916289,54.9150053708869
11.9844246031746,0.701953984421809,0.855129770600465,0.0656474167258443,54.9154106124722
11.9845238095238,0.701897959278337,0.855067938255113,0.0656160228804559,54.9158158192111
11.984623015873,0.701841938991219,0.85500610825432,0.0655846440482866,54.9162209911078
11.9847222222222,0.701785923559902,0.854944280599077,0.065553280222163,54.9166261281666
11.9848214285714,0.701729912983828,0.854882455290375,0.0655219313949149,54.9170312303915
11.9849206349206,0.70167390726244,0.854820632329203,0.0654905975593753,54.9174362977867
11.9850198412698,0.701617906395179,0.854758811716551,0.0654592787083807,54.9178413303564
11.985119047619,0.701561910381488,0.85469699345341,0.0654279748347704,54.9182463281047
11.9852182539683,0.701505919220805,0.85463517754077,0.0653966859313874,54.9186512910357
11.9853174603175,0.701449932912569,0.854573363979619,0.0653654119910776,54.9190562191537
11.9854166666667,0.70139395145622,0.854511552770948,0.0653341530066903,54.9194611124628
11.9855158730159,0.701337974851194,0.854449743915745,0.0653029089710779,54.9198659709671
11.9856150793651,0.701282003096928,0.854387937415,0.0652716798770963,54.9202707946709
11.9857142857143,0.701226036192857,0.854326133269702,0.0652404657176044,54.9206755835781
11.9858134920635,0.701170074138416,0.854264331480838,0.0652092664854645,54.9210803376931
11.9859126984127,0.701114116933038,0.854202532049398,0.0651780821735415,54.9214850570199
11.9860119047619,0.701058164576157,0.854140734976371,0.0651469127747051,54.9218897415628
11.9861111111111,0.701002217067204,0.854078940262745,0.0651157582818267,54.9222943913258
11.9862103174603,0.700946274405611,0.854017147909506,0.0650846186877815,54.9226990063131
11.9863095238095,0.700890336590808,0.853955357917645,0.065053493985448,54.9231035865289
11.9864087301587,0.700834403622223,0.853893570288147,0.0650223841677078,54.9235081319773
11.9865079365079,0.700778475499286,0.853831785022001,0.0649912892274459,54.9239126426625
11.9866071428571,0.700722552221424,0.853770002120194,0.0649602091575503,54.9243171185887
11.9867063492063,0.700666633788064,0.853708221583713,0.0649291439509125,54.9247215597599
11.9868055555556,0.700610720198631,0.853646443413546,0.0648980936004271,54.9251259661803
11.9869047619048,0.700554811452549,0.853584667610678,0.064867058098992,54.9255303378542
11.987003968254,0.700498907549244,0.853522894176098,0.0648360374395082,54.9259346747855
11.9871031746032,0.700443008488138,0.85346112311079,0.0648050316148801,54.9263389769786
11.9872023809524,0.700387114268653,0.853399354415743,0.0647740406180154,54.9267432444375
11.9873015873016,0.70033122489021,0.85333758809194,0.0647430644418247,54.9271474771663
11.9874007936508,0.70027534035223,0.853275824140369,0.0647121030792219,54.9275516751693
11.9875,0.700219460654132,0.853214062562017,0.064681156523125,54.9279558384507
11.9875992063492,0.700163585795336,0.853152303357867,0.0646502247664541,54.9283599670144
11.9876984126984,0.700107715775258,0.853090546528907,0.0646193078021331,54.9287640608647
11.9877976190476,0.700051850593315,0.85302879207612,0.0645884056230889,54.9291681200058
11.9878968253968,0.699995990248924,0.852967040000493,0.0645575182222519,54.9295721444417
11.987996031746,0.699940134741499,0.85290529030301,0.0645266455925555,54.9299761341767
11.9880952380952,0.699884284070454,0.852843542984656,0.0644957877269366,54.9303800892149
11.9881944444444,0.699828438235203,0.852781798046415,0.064464944618335,54.9307840095604
11.9882936507937,0.699772597235158,0.852720055489273,0.0644341162596941,54.9311878952173
11.9883928571429,0.699716761069731,0.852658315314213,0.0644033026439603,54.9315917461899
11.9884920634921,0.699660929738331,0.852596577522219,0.0643725037640832,54.9319955624823
11.9885912698413,0.69960510324037,0.852534842114276,0.064341719613016,54.9323993440986
11.9886904761905,0.699549281575254,0.852473109091367,0.0643109501837147,54.9328030910429
11.9887896825397,0.699493464742393,0.852411378454476,0.0642801954691387,54.9332068033195
11.9888888888889,0.699437652741193,0.852349650204586,0.0642494554622504,54.9336104809325
11.9889880952381,0.699381845571061,0.85228792434268,0.0642187301560165,54.9340141238859
11.9890873015873,0.699326043231401,0.852226200869743,0.0641880195434058,54.934417732184
11.9891865079365,0.699270245721619,0.852164479786756,0.0641573236173905,54.9348213058309
11.9892857142857,0.699214453041116,0.852102761094702,0.0641266423709464,54.9352248448307
11.9893849206349,0.699158665189297,0.852041044794564,0.0640959757970523,54.9356283491876
11.9894841269841,0.699102882165562,0.851979330887324,0.0640653238886904,54.9360318189058
11.9895833333333,0.699047103969313,0.851917619373965,0.0640346866388459,54.9364352539893
11.9896825396825,0.698991330599948,0.851855910255469,0.0640040640405076,54.9368386544424
11.9897817460317,0.698935562056868,0.851794203532817,0.0639734560866671,54.9372420202691
11.989880952381,0.69887979833947,0.851732499206991,0.0639428627703197,54.9376453514736
11.9899801587302,0.698824039447151,0.851670797278973,0.0639122840844636,54.9380486480601
11.9900793650794,0.698768285379308,0.851609097749744,0.0638817200221003,54.9384519100327
11.9901785714286,0.698712536135336,0.851547400620286,0.0638511705762347,54.9388551373955
11.9902777777778,0.69865679171463,0.851485705891579,0.0638206357398748,54.9392583301527
11.990376984127,0.698601052116582,0.851424013564603,0.0637901155060315,54.9396614883085
11.9904761904762,0.698545317340586,0.851362323640342,0.0637596098677201,54.9400646118669
11.9905753968254,0.698489587386034,0.851300636119773,0.063729118817958,54.9404677008321
11.9906746031746,0.698433862252317,0.851238951003879,0.0636986423497661,54.9408707552082
11.9907738095238,0.698378141938825,0.851177268293639,0.0636681804561687,54.9412737749995
11.990873015873,0.698322426444946,0.851115587990033,0.0636377331301933,54.94167676021
11.9909722222222,0.69826671577007,0.85105391009404,0.0636073003648705,54.9420797108438
11.9910714285714,0.698211009913583,0.850992234606642,0.0635768821532344,54.9424826269052
11.9911706349206,0.698155308874872,0.850930561528816,0.0635464784883222,54.9428855083983
11.9912698412698,0.698099612653322,0.850868890861543,0.0635160893631742,54.9432883553271
11.991369047619,0.698043921248319,0.850807222605802,0.0634857147708342,54.9436911676959
11.9914682539683,0.697988234659246,0.850745556762571,0.0634553547043491,54.9440939455087
11.9915674603175,0.697932552885485,0.85068389333283,0.063425009156769,54.9444966887698
11.9916666666667,0.69787687592642,0.850622232317557,0.0633946781211474,54.9448993974832
11.9917658730159,0.69782120378143,0.85056057371773,0.0633643615905409,54.9453020716532
11.9918650793651,0.697765536449896,0.850498917534327,0.0633340595580089,54.9457047112837
11.9919642857143,0.697709873931199,0.850437263768328,0.0633037720166154,54.9461073163791
11.9920634920635,0.697654216224716,0.85037561242071,0.0632734989594264,54.9465098869433
11.9921626984127,0.697598563329824,0.850313963492451,0.0632432403795115,54.9469124229806
11.9922619047619,0.697542915245901,0.850252316984529,0.0632129962699434,54.9473149244951
11.9923611111111,0.697487271972321,0.85019067289792,0.0631827666237983,54.9477173914909
11.9924603174603,0.697431633508461,0.850129031233602,0.0631525514341555,54.9481198239721
11.9925595238095,0.697375999853694,0.850067391992553,0.0631223506940976,54.948522221943
11.9926587301587,0.697320371007393,0.850005755175748,0.0630921643967103,54.9489245854076
11.9927579365079,0.697264746968929,0.849944120784166,0.0630619925350828,54.9493269143701
11.9928571428571,0.697209127737676,0.849882488818782,0.0630318351023072,54.9497292088345
11.9929563492063,0.697153513313003,0.849820859280574,0.0630016920914792,54.9501314688052
11.9930555555556,0.697097903694279,0.849759232170516,0.0629715634956975,54.9505336942861
11.9931547619048,0.697042298880873,0.849697607489586,0.062941449308064,54.9509358852814
11.993253968254,0.696986698872153,0.849635985238759,0.0629113495216841,54.9513380417953
11.9933531746032,0.696931103667485,0.84957436541901,0.0628812641296658,54.9517401638318
11.9934523809524,0.696875513266237,0.849512748031317,0.0628511931251216,54.9521422513952
11.9935515873016,0.696819927667773,0.849451133076654,0.0628211365011662,54.9525443044895
11.9936507936508,0.696764346871456,0.849389520555996,0.0627910942509177,54.9529463231189
11.99375,0.696708770876651,0.849327910470318,0.0627610663674975,54.9533483072876
11.9938492063492,0.696653199682719,0.849266302820595,0.0627310528440304,54.9537502569996
11.9939484126984,0.696597633289023,0.849204697607802,0.0627010536736443,54.9541521722591
11.9940476190476,0.696542071694922,0.849143094832914,0.0626710688494703,54.9545540530702
11.9941468253968,0.696486514899777,0.849081494496905,0.0626410983646429,54.954955899437
11.994246031746,0.696430962902946,0.849019896600748,0.0626111422122997,54.9553577113638
11.9943452380952,0.696375415703788,0.848958301145418,0.0625812003855816,54.9557594888546
11.9944444444444,0.696319873301658,0.84889670813189,0.0625512728776327,54.9561612319135
11.9945436507937,0.696264335695915,0.848835117561136,0.0625213596816003,54.9565629405447
11.9946428571429,0.696208802885911,0.84877352943413,0.0624914607906352,54.9569646147524
11.9947420634921,0.696153274871003,0.848711943751846,0.0624615761978911,54.9573662545405
11.9948412698413,0.696097751650543,0.848650360515255,0.0624317058965248,54.9577678599134
11.9949404761905,0.696042233223885,0.848588779725334,0.0624018498796973,54.9581694308751
11.9950396825397,0.695986719590379,0.848527201383052,0.0623720081405719,54.9585709674297
11.9951388888889,0.695931210749378,0.848465625489384,0.0623421806723153,54.9589724695814
11.9952380952381,0.695875706700229,0.848404052045301,0.0623123674680976,54.9593739373343
11.9953373015873,0.695820207442283,0.848342481051777,0.0622825685210921,54.9597753706925
11.9954365079365,0.695764712974888,0.848280912509783,0.0622527838244753,54.9601767696602
11.9955357142857,0.695709223297391,0.848219346420291,0.062223013371427,54.9605781342415
11.9956349206349,0.695653738409138,0.848157782784272,0.0621932571551302,54.9609794644405
11.9957341269841,0.695598258309475,0.8480962216027,0.0621635151687712,54.9613807602613
11.9958333333333,0.695542782997746,0.848034662876544,0.0621337874055394,54.9617820217081
11.9959325396825,0.695487312473295,0.847973106606777,0.0621040738586276,54.9621832487851
11.9960317460317,0.695431846735465,0.84791155279437,0.0620743745212317,54.9625844414962
11.996130952381,0.695376385783597,0.847850001440293,0.0620446893865511,54.9629855998457
11.9962301587302,0.695320929617033,0.847788452545517,0.062015018447788,54.9633867238378
11.9963293650794,0.695265478235112,0.847726906111013,0.0619853616981478,54.9637878134764
11.9964285714286,0.695210031637174,0.847665362137751,0.0619557191308404,54.9641888687658
11.9965277777778,0.695154589822558,0.847603820626702,0.0619260907390773,54.96458988971
11.996626984127,0.6950991527906,0.847542281578836,0.0618964765160741,54.9649908763133
11.9967261904762,0.695043720540637,0.847480744995123,0.0618668764550493,54.9653918285796
11.9968253968254,0.694988293072005,0.847419210876532,0.061837290549225,54.9657927465133
11.9969246031746,0.694932870384038,0.847357679224033,0.0618077187918262,54.9661936301183
11.9970238095238,0.694877452476071,0.847296150038595,0.0617781611760813,54.9665944793988
11.997123015873,0.694822039347437,0.847234623321189,0.0617486176952219,54.9669952943589
11.9972222222222,0.694766630997466,0.847173099072782,0.0617190883424829,54.9673960750028
11.9973214285714,0.694711227425491,0.847111577294343,0.0616895731111023,54.9677968213345
11.9974206349206,0.694655828630843,0.847050057986842,0.0616600719943216,54.9681975333583
11.9975198412698,0.694600434612849,0.846988541151248,0.0616305849853852,54.9685982110782
11.997619047619,0.694545045370839,0.846927026788527,0.0616011120775411,54.9689988544983
11.9977182539683,0.69448966090414,0.846865514899649,0.0615716532640402,54.9693994636228
11.9978174603175,0.694434281212079,0.846804005485581,0.0615422085381365,54.9698000384558
11.9979166666667,0.694378906293983,0.846742498547293,0.0615127778930882,54.9702005790014
11.9980158730159,0.694323536149175,0.84668099408575,0.0614833613221559,54.9706010852638
11.9981150793651,0.69426817077698,0.846619492101922,0.0614539588186034,54.971001557247
11.9982142857143,0.694212810176721,0.846557992596774,0.0614245703756981,54.9714019949553
11.9983134920635,0.694157454347721,0.846496495571275,0.0613951959867105,54.9718023983926
11.9984126984127,0.6941021032893,0.846435001026392,0.0613658356449142,54.9722027675632
11.9985119047619,0.69404675700078,0.846373508963091,0.0613364893435863,54.9726031024711
11.9986111111111,0.693991415481479,0.846312019382338,0.0613071570760071,54.9730034031205
11.9987103174603,0.693936078730716,0.846250532285102,0.0612778388354599,54.9734036695155
11.9988095238095,0.69388074674781,0.846189047672347,0.0612485346152314,54.9738039016602
11.9989087301587,0.693825419532077,0.84612756554504,0.0612192444086116,54.9742040995588
11.9990079365079,0.693770097082833,0.846066085904147,0.0611899682088937,54.9746042632153
11.9991071428571,0.693714779399393,0.846004608750634,0.0611607060093742,54.9750043926339
11.9992063492063,0.693659466481072,0.845943134085466,0.0611314578033525,54.9754044878187
11.9993055555556,0.693604158327181,0.845881661909609,0.0611022235841314,54.9758045487738
11.9994047619048,0.693548854937036,0.845820192224029,0.0610730033450177,54.9762045755034
11.999503968254,0.693493556309947,0.84575872502969,0.0610437970793203,54.9766045680115
11.9996031746032,0.693438262445224,0.845697260327558,0.061014604780352,54.9770045263023
11.9997023809524,0.693382973342178,0.845635798118596,0.0609854264414285,54.9774044503799
11.9998015873016,0.693327689000116,0.845574338403771,0.0609562620558691,54.9778043402484
11.9999007936508,0.693272409418348,0.845512881184047,0.060927111616996,54.9782041959119
12,0.69321713459618,0.845451426460387,0.0608979751181347,54.9786040173746
12,0.69321713459618,0.845451426460387,10.0608979751181,54.9786040173746
12.0000992063492,0.69500904911001,0.845390347110066,10.0560866630368,54.9799607674522
12.0001984126984,0.69679807738659,0.845330015046091,10.0512776519944,54.9813180749693
12.0002976190476,0.698584223621159,0.845270428787125,10.0464709406839,54.9826759385183
12.0003968253968,0.700367491885961,0.845211586851595,10.0416665278379,54.9840343566355
12.000496031746,0.702147886353522,0.845153487788807,10.0368644124331,54.9853933278872
12.0005952380952,0.703925411296653,0.845096130178949,10.0320645936907,54.9867528508693
12.0006944444444,0.705700070918236,0.845039512571016,10.0272670705129,54.9881129241954
12.0007936507937,0.707471869284195,0.844983633476456,10.0224718414875,54.9894735464627
12.0008928571429,0.709240810532203,0.844928491443928,10.0176789055459,54.9908347162667
12.0009920634921,0.711006898793562,0.844874085024268,10.0128882616172,54.9921964322046
12.0010912698413,0.7127701381931,0.844820412770489,10.0080999086286,54.9935586928757
12.0011904761905,0.714530532849203,0.844767473237782,10.0033138455051,54.9949214968813
12.0012896825397,0.716288086873809,0.844715264983517,9.99853007116988,54.9962848428248
12.0013888888889,0.718042804372411,0.844663786567237,9.99374858454395,54.9976487293115
12.0014880952381,0.719794689444055,0.844613036550668,9.9889693845463,54.9990131549486
12.0015873015873,0.721543746181343,0.844563013497708,9.98419247009389,55.0003781183455
12.0016865079365,0.723289978670429,0.844513715974436,9.97941784010166,55.0017436181134
12.0017857142857,0.725033390991024,0.844465142549108,9.97464549348248,55.0031096528657
12.0018849206349,0.726773987216391,0.844417291792156,9.96987542914722,55.0044762212176
12.0019841269841,0.728511771413348,0.84437016227619,9.96510764600467,55.0058433217865
12.0020833333333,0.730246747642267,0.844323752575998,9.96034214296162,55.0072109531915
12.0021825396825,0.731978919957074,0.844278061268544,9.95557891892279,55.0085791140541
12.0022817460317,0.733708292405273,0.84423308693297,9.95081797279083,55.0099478029976
12.002380952381,0.73543486902785,0.844188828150597,9.94605930346651,55.011317018647
12.0024801587302,0.73715865385942,0.844145283504922,9.94130290984841,55.0126867596299
12.0025793650794,0.738879650928124,0.844102451581619,9.9365487908331,55.0140570245753
12.0026785714286,0.74059786425566,0.844060330968539,9.93179694531513,55.0154278121147
12.0027777777778,0.742313297857279,0.844018920255712,9.92704737218701,55.0167991208813
12.002876984127,0.744025955741787,0.843978218035345,9.92230007033921,55.0181709495103
12.0029761904762,0.745735841911542,0.843938222901822,9.91755503866017,55.019543296639
12.0030753968254,0.747442960362459,0.843898933451703,9.91281227603627,55.0209161609068
12.0031746031746,0.74914731534198,0.843860348200258,9.90807178141995,55.0222895408891
12.0032738095238,0.75084891108171,0.84382246567214,9.90333355378438,55.0236634351734
12.003373015873,0.752547751545251,0.843785284481043,9.89859759204597,55.025037842419
12.0034722222222,0.754243840691242,0.843748803242548,9.8938638951216,55.0264127612876
12.0035714285714,0.75593718247336,0.843713020574131,9.88913246192869,55.0277881904423
12.0036706349206,0.75762778084032,0.843677935095158,9.88440329138513,55.0291641285485
12.0037698412698,0.759315639735895,0.843643545426883,9.87967638240927,55.0305405742732
12.003869047619,0.761000763098829,0.843609850192456,9.87495173392016,55.0319175262854
12.0039682539683,0.762683154862971,0.843576848016915,9.87022934483714,55.033294983256
12.0040674603175,0.764362818957183,0.843544537527188,9.86550921408014,55.0346729438577
12.0041666666667,0.766039759305367,0.843512917352096,9.86079134056958,55.0360514067653
12.0042658730159,0.767713979826461,0.843481986122352,9.85607572322639,55.0374303706552
12.0043650793651,0.769385484434439,0.843451742470557,9.85136236097201,55.0388098342058
12.0044642857143,0.771054277038314,0.843422185031204,9.84665125272838,55.0401897960975
12.0045634920635,0.772720361542135,0.843393312440679,9.84194239741793,55.0415702550125
12.0046626984127,0.774383741844991,0.843365123337258,9.83723579396362,55.0429512096348
12.0047619047619,0.776044421841005,0.843337616361105,9.83253144128889,55.0443326586504
12.0048611111111,0.777702405419338,0.84331079015428,9.82782933831769,55.0457146007472
12.0049603174603,0.779357696464191,0.843284643360731,9.82312948397449,55.0470970346149
12.0050595238095,0.781010298854798,0.843259174626297,9.81843187718425,55.0484799589451
12.0051587301587,0.782660216465434,0.843234382598709,9.81373651687244,55.0498633724314
12.0052579365079,0.784307453165431,0.843210265927588,9.80904340196495,55.0512472737691
12.0053571428571,0.785952012819093,0.843186823264448,9.8043525313884,55.0526316616555
12.0054563492063,0.787593899285829,0.843164053262692,9.79966390406969,55.0540165347898
12.0055555555556,0.789233116420059,0.843141954577614,9.79497751893632,55.0554018918731
12.0056547619048,0.790869668071245,0.843120525866401,9.79029337491626,55.0567877316083
12.005753968254,0.792503558083884,0.843099765788129,9.78561147093802,55.0581740527002
12.0058531746032,0.79413479029751,0.843079673003766,9.78093180593057,55.0595608538556
12.0059523809524,0.795763368546695,0.84306024617617,9.77625437882343,55.060948133783
12.0060515873016,0.797389296661049,0.843041483970092,9.7715791885466,55.062335891193
12.0061507936508,0.799012578465216,0.843023385052171,9.76690623403058,55.0637241247979
12.00625,0.800633217778883,0.843005948090941,9.76223551420638,55.065112833312
12.0063492063492,0.802251218416769,0.842989171756824,9.75756702800553,55.0665020154514
12.0064484126984,0.803866584188632,0.842973054722133,9.75290077436003,55.0678916699342
12.0065476190476,0.805479318899269,0.842957595661073,9.74823675220242,55.0692817954803
12.0066468253968,0.807089426348512,0.842942793249741,9.74357496046572,55.0706723908115
12.006746031746,0.808696910331254,0.842928646166123,9.7389153980834,55.0720634546515
12.0068452380952,0.810301774637357,0.842915153090096,9.73425806398962,55.0734549857259
12.0069444444444,0.811904023051789,0.842902312703431,9.72960295711886,55.0748469827621
12.0070436507937,0.813503659354531,0.842890123689787,9.72495007640616,55.0762394444895
12.0071428571429,0.815100687320604,0.842878584734714,9.72029942078707,55.0776323696394
12.0072420634921,0.816695110720064,0.842867694525655,9.71565098919764,55.0790257569449
12.0073412698413,0.818286933318004,0.842857451751943,9.71100478057443,55.0804196051409
12.0074404761905,0.819876158874555,0.842847855104802,9.70636079385451,55.0818139129644
12.0075396825397,0.821462791144888,0.842838903277346,9.70171902797542,55.0832086791542
12.0076388888889,0.823046833879206,0.842830594964582,9.69707948187525,55.0846039024509
12.0077380952381,0.824628290822754,0.842822928863406,9.69244215449256,55.0859995815971
12.0078373015873,0.826207165715811,0.842815903672607,9.68780704476643,55.0873957153373
12.0079365079365,0.827783462293696,0.842809518092864,9.68317415163645,55.0887923024177
12.0080357142857,0.829357184286763,0.842803770826747,9.67854347404269,55.0901893415866
12.0081349206349,0.830928335420405,0.842798660578717,9.67391501092575,55.0915868315942
12.0082341269841,0.832496919415072,0.842794186055126,9.66928876122665,55.0929847711923
12.0083333333333,0.834062939986189,0.842790345964217,9.66466472388712,55.0943831591349
12.0084325396825,0.835626400844282,0.842787139016124,9.6600428978492,55.0957819941778
12.0085317460317,0.83718730569489,0.842784563922872,9.65542328205549,55.0971812750785
12.008630952381,0.838745658238594,0.842782619398379,9.6508058754491,55.0985810005967
12.0087301587302,0.84030146217101,0.84278130415845,9.64619067697365,55.0999811694937
12.0088293650794,0.84185472118279,0.842780616920783,9.64157768557325,55.1013817805328
12.0089285714286,0.843405438959626,0.84278055640497,9.63696690019252,55.1027828324793
12.0090277777778,0.844953619182244,0.842781121332488,9.63235831977659,55.1041843241002
12.009126984127,0.846499265526411,0.84278231042671,9.62775194327108,55.1055862541645
12.0092261904762,0.848042381662929,0.842784122412898,9.62314776962215,55.1069886214431
12.0093253968254,0.849582971257638,0.842786556018205,9.61854579777641,55.1083914247087
12.0094246031746,0.851121037971414,0.842789609971675,9.61394602668101,55.1097946627359
12.0095238095238,0.852656585460172,0.842793283004244,9.6093484552836,55.1111983343012
12.009623015873,0.854189617374864,0.842797573848738,9.60475308253233,55.1126024381831
12.0097222222222,0.8557201373615,0.842802481239875,9.60015990737579,55.1140069731618
12.0098214285714,0.857248149061063,0.842808003914262,9.59556892876326,55.1154119380195
12.0099206349206,0.858773656109639,0.842814140610399,9.59098014564435,55.1168173315403
12.0100198412698,0.860296662138328,0.842820890068677,9.58639355696921,55.11822315251
12.010119047619,0.861817170773269,0.842828251031376,9.58180916168853,55.1196293997166
12.0102182539683,0.863335185635636,0.842836222242669,9.57722695875347,55.1210360719498
12.0103174603175,0.864850710341643,0.84284480244862,9.57264694711571,55.1224431680011
12.0104166666667,0.866363748502539,0.842853990397183,9.56806912572743,55.1238506866641
12.0105158730159,0.867874303724611,0.842863784838204,9.56349349354133,55.1252586267341
12.0106150793651,0.869382379609185,0.842874184523419,9.5589200495106,55.1266669870084
12.0107142857143,0.870887979752622,0.842885188206455,9.55434879258892,55.1280757662861
12.0108134920635,0.872391107746322,0.84289679464283,9.54977972173049,55.1294849633683
12.0109126984127,0.87389176717672,0.842909002589956,9.54521283589003,55.130894577058
12.0110119047619,0.87538996162529,0.842921810807131,9.54064813402274,55.1323046061598
12.0111111111111,0.876885694668544,0.842935218055547,9.53608561508432,55.1337150494806
12.0112103174603,0.87837896987805,0.842949223098288,9.53152527803094,55.1351259058288
12.0113095238095,0.879869790820353,0.842963824700327,9.52696712181943,55.1365371740151
12.0114087301587,0.881358161057097,0.842979021628527,9.52241114540696,55.1379488528516
12.0115079365079,0.88284408414494,0.842994812651645,9.51785734775125,55.1393609411527
12.0116071428571,0.884327563635582,0.843011196540328,9.51330572781054,55.1407734377345
12.0117063492063,0.885808603075757,0.843028172067113,9.50875628454356,55.142186341415
12.0118055555556,0.887287206007236,0.843045738006428,9.50420901690956,55.1435996510141
12.0119047619048,0.88876337596683,0.843063893134594,9.49966392386826,55.1450133653536
12.012003968254,0.890237116486384,0.84308263622982,9.49512100437994,55.1464274832572
12.0121031746032,0.891708431092783,0.84310196607221,9.49058025740533,55.1478420035504
12.0122023809524,0.893177323307949,0.843121881443754,9.48604168190569,55.1492569250606
12.0123015873016,0.894643796648838,0.843142381128338,9.48150527684278,55.1506722466173
12.0124007936508,0.896107854627449,0.843163463911736,9.47697104117887,55.1520879670516
12.0125,0.897569500750812,0.843185128581613,9.47243897387672,55.1535040851967
12.0125992063492,0.899028738521,0.843207373927526,9.46790907389961,55.1549205998874
12.0126984126984,0.900485571435139,0.843230198740924,9.46338134021125,55.1563375099608
12.0127976190476,0.901940002985335,0.843253601815145,9.45885577177605,55.1577548142555
12.0128968253968,0.903392036658789,0.843277581945418,9.45433236755873,55.1591725116123
12.012996031746,0.904841675937722,0.843302137928865,9.44981112652458,55.1605906008736
12.0130952380952,0.906288924299391,0.843327268564497,9.44529204763939,55.1620090808839
12.0131944444444,0.907733785216089,0.843352972653218,9.44077512986945,55.1634279504895
12.0132936507937,0.909176262155147,0.843379248997821,9.43626037218157,55.1648472085386
12.0133928571429,0.910616358578936,0.84340609640299,9.43174777354306,55.1662668538812
12.0134920634921,0.91205407794486,0.843433513675303,9.42723733292172,55.1676868853694
12.0135912698413,0.913489423705363,0.843461499623225,9.42272904928587,55.169107301857
12.0136904761905,0.914922399307926,0.843490053057115,9.41822292160432,55.1705281021998
12.0137896825397,0.916353008195066,0.843519172789222,9.41371894884639,55.1719492852553
12.0138888888889,0.917781253804339,0.843548857633685,9.40921712998192,55.1733708498831
12.0139880952381,0.919207139568337,0.843579106406537,9.40471746398122,55.1747927949446
12.0140873015873,0.92063066891469,0.843609917925697,9.40021994981514,55.176215119303
12.0141865079365,0.922051845266085,0.843641291010981,9.39572458645495,55.1776378218237
12.0142857142857,0.923470672040187,0.843673224484091,9.39123137287262,55.1790609013735
12.0143849206349,0.924887152649756,0.843705717168623,9.38674030804042,55.1804843568215
12.0144841269841,0.926301290502573,0.843738767890062,9.38225139093121,55.1819081870385
12.0145833333333,0.927713089001454,0.843772375475786,9.37776462051835,55.1833323908971
12.0146825396825,0.929122551544251,0.843806538755063,9.37327999577568,55.1847569672722
12.0147817460317,0.930529681523855,0.843841256559052,9.36879751567758,55.18618191504
12.014880952381,0.931934482328196,0.843876527720803,9.36431717919892,55.187607233079
12.0149801587302,0.933336957340238,0.843912351075258,9.35983898531505,55.1890329202695
12.0150793650794,0.934737109937983,0.843948725459247,9.35536293300185,55.1904589754935
12.0151785714286,0.936134943494473,0.843985649711496,9.35088902123571,55.1918853976353
12.0152777777778,0.937530461377784,0.844023122672617,9.34641724899351,55.1933121855805
12.015376984127,0.93892366695103,0.844061143185115,9.34194761525262,55.1947393382172
12.0154761904762,0.940314563572364,0.844099710093388,9.33748011899095,55.196166854435
12.0155753968254,0.941703174805622,0.844138814260027,9.33301475865726,55.1975947251136
12.0156746031746,0.943089523841757,0.844178446694946,9.32855153271029,55.1990229412801
12.0157738095238,0.944473613474499,0.844218606465414,9.32409044014377,55.2004515020473
12.015873015873,0.945855446495884,0.844259292639325,9.31963147995165,55.2018804065285
12.0159722222222,0.947235025696177,0.844300504285201,9.31517465112835,55.2033096538375
12.0160714285714,0.948612353863897,0.844342240472191,9.31071995266867,55.204739243089
12.0161706349206,0.949987433785809,0.84438450027007,9.30626738356781,55.2061691733979
12.0162698412698,0.95136026824693,0.844427282749239,9.30181694282138,55.2075994438802
12.016369047619,0.952730860030526,0.844470586980727,9.29736862942537,55.2090300536521
12.0164682539683,0.954099211918116,0.844514412036188,9.29292244237618,55.2104610018307
12.0165674603175,0.955465326689465,0.844558756987905,9.28847838067061,55.2118922875335
12.0166666666667,0.95682920712259,0.844603620908784,9.28403644330583,55.2133239098787
12.0167658730159,0.958190855993758,0.844649002872362,9.27959662927944,55.2147558679852
12.0168650793651,0.959550276077486,0.8446949019528,9.27515893758943,55.2161881609724
12.0169642857143,0.960907470146541,0.844741317224886,9.27072336723417,55.2176207879602
12.0170634920635,0.962262440971938,0.844788247764034,9.26628991721245,55.2190537480694
12.0171626984127,0.963615191322964,0.844835692646287,9.26185858652337,55.2204870404213
12.0172619047619,0.964965723967098,0.844883650948312,9.25742937416664,55.2219206641376
12.0173611111111,0.966314041670126,0.844932121747404,9.25300227914216,55.223354618341
12.0174603174603,0.967660147196064,0.844981104121484,9.2485773004503,55.2247889021544
12.0175595238095,0.969004043307179,0.845030597149101,9.24415443709183,55.2262235147017
12.0176587301587,0.970345732763988,0.845080599909429,9.2397336880679,55.2276584551071
12.0177579365079,0.971685218325257,0.845131111482269,9.23531505238009,55.2290937224956
12.0178571428571,0.973022502748005,0.84518213094805,9.23089852903033,55.2305293159927
12.0179563492063,0.974357588787496,0.845233657387826,9.226484117021,55.2319652347247
12.0180555555556,0.975690479197249,0.845285689883279,9.22207181535484,55.2334014778182
12.0181547619048,0.977021176729029,0.845338227516716,9.21766162303499,55.2348380444007
12.018253968254,0.978349684132855,0.845391269371072,9.213253539065,55.2362749336001
12.0183531746032,0.979676004156991,0.845444814529907,9.20884756244883,55.2377121445452
12.0184523809524,0.981000139547957,0.845498862077411,9.20444369219079,55.239149676365
12.0185515873016,0.982322093050517,0.845553411098398,9.20004192729564,55.2405875281896
12.0186507936508,0.983641867407708,0.845608460678308,9.19564226676845,55.2420256991492
12.01875,0.98495946536076,0.84566400990321,9.19124470961487,55.243464188375
12.0188492063492,0.986274889649207,0.845720057859797,9.18684925484076,55.2449029949987
12.0189484126984,0.987588143010817,0.845776603635392,9.18245590145246,55.2463421181525
12.0190476190476,0.988899228181607,0.845833646317941,9.17806464845668,55.2477815569694
12.0191468253968,0.990208147895842,0.845891184996019,9.17367549486056,55.2492213105828
12.019246031746,0.991514904886042,0.845949218758828,9.16928843967159,55.2506613781269
12.0193452380952,0.992819501882971,0.846007746696194,9.16490348189771,55.2521017587365
12.0194444444444,0.994121941615647,0.846066767898572,9.16052062054722,55.2535424515468
12.0195436507937,0.995422226811338,0.846126281457044,9.15613985462884,55.2549834556939
12.0196428571429,0.996720360195559,0.846186286463317,9.15176118315166,55.2564247703144
12.0197420634921,0.998016344492077,0.846246782009724,9.1473846051252,55.2578663945454
12.0198412698413,0.999310182422911,0.846307767189228,9.14301011955934,55.2593083275246
12.0199404761905,1.00060187670833,0.846369241095415,9.1386377254644,55.2607505683907
12.0200396825397,1.00189143006684,0.8464312028225,9.13426742185107,55.2621931162825
12.0201388888889,1.00317884521523,0.846493651465325,9.12989920773038,55.2636359703397
12.0202380952381,1.0044641248685,0.846556586119354,9.12553308211394,55.2650791297026
12.0203373015873,1.00574727173991,0.846620005880684,9.12116904401358,55.2665225935121
12.0204365079365,1.00702828854098,0.846683909846035,9.11680709244158,55.2679663609095
12.0205357142857,1.00830717798149,0.846748297112755,9.11244722641062,55.2694104310371
12.0206349206349,1.00958394276945,0.846813166778817,9.10808944493379,55.2708548030374
12.0207341269841,1.01085858561113,0.846878517942823,9.10373374702455,55.2722994760539
12.0208333333333,1.01213110921103,0.846944349703999,9.09938013169679,55.2737444492305
12.0209325396825,1.01340151627195,0.8470106611622,9.09502859796476,55.2751897217116
12.0210317460317,1.01466980949487,0.847077451417906,9.09067914484316,55.2766352926425
12.021130952381,1.01593599157909,0.847144719572225,9.08633177134702,55.2780811611689
12.0212301587302,1.0172000652221,0.847212464726891,9.08198647649182,55.2795273264372
12.0213293650794,1.01846203311968,0.847280685984264,9.07764325929342,55.2809737875944
12.0214285714286,1.01972189796585,0.847349382447332,9.07330211876808,55.2824205437881
12.0215277777778,1.02097966245288,0.847418553219709,9.06896305393244,55.2838675941665
12.021626984127,1.02223532927128,0.847488197405635,9.0646260638035,55.2853149378785
12.0217261904762,1.02348890110981,0.847558314109977,9.06029114739883,55.2867625740734
12.0218253968254,1.02474038065549,0.847628902438229,9.05595830373622,55.2882105019013
12.0219246031746,1.02598977059359,0.847699961496511,9.05162753183389,55.289658720513
12.0220238095238,1.02723707360763,0.847771490391571,9.04729883071051,55.2911072290596
12.022123015873,1.02848229237938,0.847843488230783,9.04297219938509,55.2925560266932
12.0222222222222,1.02972542958884,0.847915954122147,9.03864763687709,55.294005112566
12.0223214285714,1.0309664879143,0.847988887174289,9.03432514220632,55.2954544858314
12.0224206349206,1.03220547003226,0.848062286496465,9.03000471439302,55.2969041456431
12.0225198412698,1.03344237861749,0.848136151198554,9.02568635245782,55.2983540911552
12.022619047619,1.03467721634301,0.848210480391063,9.02137005542174,55.299804321523
12.0227182539683,1.03590998588009,0.848285273185126,9.01705582230619,55.3012548359018
12.0228174603175,1.03714068989825,0.848360528692503,9.012743652133,55.3027056334478
12.0229166666667,1.03836933106524,0.848436246025581,9.00843354392438,55.304156713318
12.0230158730159,1.03959591204709,0.848512424297374,9.00412549670294,55.3056080746696
12.0231150793651,1.04082043550809,0.848589062621522,8.99981950949164,55.3070597166607
12.0232142857143,1.0420429041107,0.848666160112292,8.995515581314,55.3085116384499
12.0233134920635,1.04326332051573,0.848743715884577,8.99121371119376,55.3099638391964
12.0234126984127,1.04448168738219,0.848821729053898,8.98691389815513,55.3114163180602
12.0235119047619,1.04569800736733,0.848900198736402,8.9826161412227,55.3128690742017
12.0236111111111,1.04691228312669,0.848979124048861,8.97832043942147,55.3143221067819
12.0237103174603,1.04812451731403,0.849058504108676,8.97402679177683,55.3157754149625
12.0238095238095,1.04933471258136,0.849138338033875,8.96973519731457,55.317228997906
12.0239087301587,1.05054287157895,0.849218624943109,8.96544565506089,55.3186828547751
12.0240079365079,1.05174899695532,0.84929936395566,8.96115816404235,55.3201369847334
12.0241071428571,1.05295309135724,0.849380554191435,8.95687272328596,55.321591386945
12.0242063492063,1.05415515742971,0.849462194770965,8.95258933181907,55.3230460605748
12.0243055555556,1.05535519781602,0.849544284815412,8.94830798866948,55.324501004788
12.0244047619048,1.05655321515768,0.849626823446563,8.94402869286535,55.3259562187507
12.024503968254,1.05774921209445,0.849709809786829,8.93975144343526,55.3274117016294
12.0246031746032,1.05894319126437,0.849793242959254,8.93547623940811,55.3288674525914
12.0247023809524,1.06013515530367,0.8498771220875,8.93120307981339,55.3303234708045
12.0248015873016,1.06132510684688,0.849961446295862,8.9269319636808,55.3317797554371
12.0249007936508,1.06251304852678,0.850046214709261,8.9226628900405,55.3332363056582
12.025,1.06369898297438,0.850131426453242,8.91839585792304,55.3346931206375
12.0250992063492,1.06488291281895,0.850217080653979,8.91413086635938,55.3361501995452
12.0251984126984,1.066064840688,0.850303176438272,8.90986791438088,55.3376075415523
12.0252976190476,1.0672447692073,0.850389712933547,8.90560700101928,55.3390651458303
12.0253968253968,1.06842270100087,0.850476689267858,8.90134812530672,55.3405230115512
12.025496031746,1.06959863869098,0.850564104569883,8.89709128627575,55.3419811378878
12.0255952380952,1.07077258489814,0.85065195796893,8.89283648295931,55.3434395240133
12.0256944444444,1.07194454224112,0.850740248594932,8.88858371439074,55.3448981691018
12.0257936507937,1.07311451333694,0.850828975578448,8.88433297960377,55.3463570723278
12.0258928571429,1.07428250080086,0.850918138050664,8.88008427763253,55.3478162328665
12.0259920634921,1.0754485072464,0.851007735143395,8.87583760751155,55.3492756498936
12.0260912698413,1.07661253528535,0.851097765989079,8.87159296827571,55.3507353225856
12.0261904761905,1.07777458752769,0.851188229720782,8.86735035896043,55.3521952501194
12.0262896825397,1.0789346665817,0.851279125472198,8.86310977860138,55.3536554316726
12.0263888888889,1.0800927750539,0.851370452377646,8.85887122623469,55.3551158664236
12.0264880952381,1.08124891554906,0.851462209572072,8.85463470089686,55.3565765535511
12.0265873015873,1.0824030906702,0.85155439619105,8.8504002016248,55.3580374922346
12.0266865079365,1.08355530301858,0.851647011370778,8.84616772745584,55.3594986816541
12.0267857142857,1.08470555519371,0.851740054248084,8.84193727742766,55.3609601209904
12.0268849206349,1.08585384979338,0.851833523960419,8.83770885057839,55.3624218094247
12.0269841269841,1.08700018941359,0.851927419645863,8.83348244594652,55.363883746139
12.0270833333333,1.08814457664861,0.852021740443123,8.82925806257094,55.3653459303158
12.0271825396825,1.08928701409095,0.852116485491531,8.82503569949095,55.3668083611381
12.0272817460317,1.0904275043314,0.852211653931047,8.82081535574626,55.3682710377898
12.027380952381,1.09156604995896,0.852307244902256,8.81659703037693,55.3697339594552
12.0274801587302,1.09270265356089,0.852403257546371,8.81238072242348,55.3711971253192
12.0275793650794,1.09383731772274,0.852499691005234,8.80816643092671,55.3726605345676
12.0276785714286,1.09497004502824,0.852596544421307,8.80395415492804,55.3741241863863
12.0277777777778,1.09610083805942,0.852693816937684,8.79974389346907,55.3755880799623
12.027876984127,1.09722969939656,0.852791507698085,8.79553564559188,55.3770522144829
12.0279761904762,1.09835663161815,0.852889615846856,8.79132941033896,55.3785165891363
12.0280753968254,1.09948163730099,0.852988140528968,8.78712518675317,55.379981203111
12.0281746031746,1.10060471902007,0.853087080890022,8.78292297387777,55.3814460555963
12.0282738095238,1.10172587934867,0.853186436076244,8.77872277075644,55.3829111457821
12.028373015873,1.10284512085831,0.853286205234485,8.77452457643323,55.3843764728588
12.0284722222222,1.10396244611875,0.853386387512225,8.77032838995261,55.3858420360176
12.0285714285714,1.10507785769801,0.85348698205757,8.76613421035943,55.3873078344501
12.0286706349206,1.10619135816236,0.853587988019252,8.76194203669895,55.3887738673487
12.0287698412698,1.10730295007632,0.85368940454663,8.75775186801681,55.3902401339063
12.028869047619,1.10841263600265,0.853791230789691,8.75356370335907,55.3917066333165
12.0289682539683,1.10952041850236,0.853893465899046,8.74937754177217,55.3931733647733
12.0290674603175,1.11062630013475,0.853996109025936,8.7451933823029,55.3946403274717
12.0291666666667,1.1117302834573,0.854099159322224,8.74101122399861,55.3961075206069
12.0292658730159,1.1128323710258,0.854202615940403,8.73683106590689,55.3975749433749
12.0293650793651,1.11393256539425,0.854306478033593,8.73265290707576,55.3990425949725
12.0294642857143,1.11503086911493,0.85441074475554,8.72847674655366,55.4005104745967
12.0295634920635,1.11612728473835,0.854515415260615,8.72430258338941,55.4019785814454
12.0296626984127,1.11722181481328,0.854620488703817,8.72013041663226,55.4034469147171
12.0297619047619,1.11831446188674,0.854725964240772,8.71596024533181,55.4049154736107
12.0298611111111,1.119405228504,0.854831841027733,8.71179206853808,55.4063842573261
12.0299603174603,1.12049411720858,0.854938118221578,8.70762588530151,55.4078532650635
12.0300595238095,1.12158113054223,0.855044794979812,8.70346169467289,55.4093224960237
12.0301587301587,1.12266627104498,0.855151870460568,8.69929949570345,55.4107919494083
12.0302579365079,1.1237495412551,0.855259343822605,8.6951392874448,55.4122616244193
12.0303571428571,1.1248309437091,0.855367214225307,8.69098106894893,55.4137315202596
12.0304563492063,1.12591048094175,0.855475480828688,8.68682483926826,55.4152016361325
12.0305555555556,1.12698815548609,0.855584142793388,8.68267059745553,55.4166719712419
12.0306547619048,1.12806396987334,0.855693199280668,8.67851834256406,55.4181425247924
12.030753968254,1.12913792663305,0.855802649452422,8.67436807364737,55.4196132959892
12.0308531746032,1.13021002829298,0.85591249247117,8.67021978975946,55.4210842840381
12.0309523809524,1.13128027737914,0.856022727500056,8.66607348995473,55.4225554881454
12.0310515873016,1.13234867641582,0.856133353702852,8.66192917328796,55.4240269075183
12.0311507936508,1.13341522792551,0.856244370243957,8.65778683881434,55.4254985413643
12.03125,1.13447993442899,0.856355776288397,8.65364648558944,55.4269703888916
12.0313492063492,1.13554279844529,0.856467571001823,8.64950811266926,55.4284424493093
12.0314484126984,1.13660382249165,0.856579753550513,8.64537171911015,55.4299147218266
12.0315476190476,1.13766300908361,0.856692323101374,8.64123730396891,55.4313872056537
12.0316468253968,1.13872036073493,0.856805278821936,8.63710486630269,55.4328599000013
12.031746031746,1.13977587995763,0.856918619880359,8.63297440516906,55.4343328040807
12.0318452380952,1.14082956926197,0.857032345445427,8.628845919626,55.4358059171039
12.0319444444444,1.14188143115648,0.857146454686552,8.62471940873186,55.4372792382833
12.0320436507937,1.14293146814793,0.857260946773775,8.62059487154535,55.4387527668321
12.0321428571429,1.14397968274131,0.857375820877757,8.61647230712573,55.440226501964
12.0322420634921,1.14502607743991,0.857491076169792,8.61235171453252,55.4417004428935
12.0323412698413,1.14607065474524,0.857606711821797,8.60823309282564,55.4431745888355
12.0324404761905,1.14711341715707,0.857722727006319,8.60411644106546,55.4446489390056
12.0325396825397,1.14815436717341,0.857839120896528,8.60000175831272,55.44612349262
12.0326388888889,1.14919350729055,0.857955892666224,8.59588904362856,55.4475982488956
12.0327380952381,1.15023084000298,0.85807304148983,8.59177829607453,55.4490732070497
12.0328373015873,1.15126636780349,0.858190566542399,8.58766951471256,55.4505483663004
12.0329365079365,1.15230009318308,0.858308466999609,8.58356269860498,55.4520237258665
12.0330357142857,1.15333201863103,0.858426742037765,8.57945784681454,55.453499284967
12.0331349206349,1.15436214663485,0.858545390833798,8.57535495840435,55.454975042822
12.0332341269841,1.15539047968031,0.858664412565266,8.57125403243794,55.456450998652
12.0333333333333,1.15641702025142,0.858783806410355,8.56715506797924,55.457927151678
12.0334325396825,1.15744177083047,0.858903571547876,8.56305806409256,55.4594035011217
12.0335317460317,1.15846473389797,0.859023707157269,8.55896301984258,55.4608800462055
12.033630952381,1.15948591193267,0.859144212418594,8.55486993429452,55.4623567861524
12.0337301587302,1.16050530741159,0.859265086512547,8.55077880651383,55.4638337201859
12.0338293650794,1.16152292281001,0.859386328620443,8.54668963556642,55.4653108475301
12.0339285714286,1.16253876060145,0.859507937924229,8.5426024205186,55.4667881674099
12.0340277777778,1.16355282325766,0.859629913606475,8.53851716043708,55.4682656790506
12.034126984127,1.16456511324867,0.85975225485038,8.53443385438895,55.4697433816783
12.0342261904762,1.16557563304275,0.859874960839768,8.53035250144172,55.4712212745196
12.0343253968254,1.16658438510642,0.85999803075909,8.52627310066328,55.4726993568017
12.0344246031746,1.16759137190443,0.860121463793425,8.52219565112192,55.4741776277524
12.0345238095238,1.16859659589981,0.860245259128477,8.51812015188634,55.4756560866003
12.034623015873,1.16960005955383,0.860369415950577,8.51404660202562,55.4771347325744
12.0347222222222,1.17060176532601,0.860493933446684,8.50997500060924,55.4786135649044
12.0348214285714,1.1716017156741,0.860618810804381,8.5059053467071,55.4800925828205
12.0349206349206,1.17259991305414,0.860744047211881,8.50183763938946,55.4815717855537
12.0350198412698,1.17359635992039,0.860869641858022,8.49777187772695,55.4830511723355
12.035119047619,1.17459105872536,0.860995593932266,8.49370806079075,55.4845307423981
12.0352182539683,1.17558401191981,0.861121902624705,8.48964618765228,55.4860104949742
12.0353174603175,1.17657522195278,0.861248567126057,8.48558625738341,55.487490429297
12.0354166666667,1.17756469127153,0.861375586627668,8.4815282690564,55.4889705446008
12.0355158730159,1.17855242232157,0.861502960321507,8.47747222174392,55.4904508401199
12.0356150793651,1.17953841754667,0.861630687400172,8.47341811451902,55.4919313150896
12.0357142857143,1.18052267938886,0.861758767056889,8.46936594645516,55.4934119687458
12.0358134920635,1.18150521028839,0.861887198485507,8.4653157166262,55.4948928003247
12.0359126984127,1.18248601268379,0.862015980880505,8.46126742410638,55.4963738090636
12.0360119047619,1.18346508901182,0.862145113436987,8.45722106797036,55.4978549941999
12.0361111111111,1.1844424417075,0.862274595350684,8.45317664729318,55.4993363549721
12.0362103174603,1.1854180732041,0.862404425817953,8.44913416115029,55.5008178906188
12.0363095238095,1.18639198593314,0.862534604035779,8.44509360861752,55.5022996003798
12.0364087301587,1.18736418232439,0.862665129201773,8.44105498877111,55.5037814834949
12.0365079365079,1.18833466480587,0.862796000514173,8.43701830068765,55.505263539205
12.0366071428571,1.18930343580382,0.862927217171841,8.43298354344427,55.5067457667514
12.0367063492063,1.19027049774278,0.863058778374269,8.42895071611835,55.5082281653759
12.0368055555556,1.19123585304552,0.863190683321575,8.42491981778772,55.5097107343213
12.0369047619048,1.19219950413305,0.863322931214503,8.4208908475306,55.5111934728305
12.037003968254,1.19316145342464,0.863455521254423,8.4168638044256,55.5126763801474
12.0371031746032,1.19412170333781,0.863588452643334,8.41283868755176,55.5141594555163
12.0372023809524,1.19508025628833,0.863721724583858,8.40881549598847,55.5156426981823
12.0373015873016,1.19603711469021,0.863855336279247,8.40479422881557,55.517126107391
12.0374007936508,1.19699228095572,0.863989286933378,8.40077488511325,55.5186096823886
12.0375,1.19794575749538,0.864123575750756,8.39675746396212,55.5200934224219
12.0375992063492,1.19889754671796,0.86425820193651,8.39274196444319,55.5215773267385
12.0376984126984,1.19984765103047,0.864393164696399,8.38872838563786,55.5230613945862
12.0377976190476,1.20079607283819,0.864528463236805,8.38471672662793,55.5245456252139
12.0378968253968,1.20174281454462,0.86466409676474,8.38070698649559,55.5260300178707
12.037996031746,1.20268787855156,0.864800064487844,8.37669916432338,55.5275145718067
12.0380952380952,1.20363126725899,0.864936365614374,8.37269325919441,55.5289992862723
12.0381944444444,1.2045729830652,0.865072999353226,8.36868927019199,55.5304841605186
12.0382936507937,1.20551302836669,0.865209964913915,8.36468719639993,55.5319691937973
12.0383928571429,1.20645140555825,0.865347261506585,8.36068703690241,55.5334543853609
12.0384920634921,1.20738811703288,0.865484888342007,8.35668879078399,55.5349397344623
12.0385912698413,1.20832316518186,0.865622844631578,8.35269245712966,55.536425240355
12.0386904761905,1.2092565523947,0.865761129587322,8.34869803502479,55.5379109022932
12.0387896825397,1.21018828105917,0.865899742421889,8.34470552355515,55.5393967195318
12.0388888888889,1.21111835356129,0.866038682348556,8.34071492180691,55.5408826913261
12.0389880952381,1.21204677228533,0.866177948581227,8.33672622886664,55.5423688169322
12.0390873015873,1.2129735396138,0.866317540334433,8.3327394438213,55.5438550956067
12.0391865079365,1.21389865792747,0.86645745682333,8.32875456575825,55.5453415266069
12.0392857142857,1.21482212960536,0.866597697263701,8.32477159376524,55.5468281091905
12.0393849206349,1.21574395702474,0.866738260871958,8.32079052693043,55.5483148426162
12.0394841269841,1.21666414256114,0.866879146865139,8.31681136434232,55.5498017261429
12.0395833333333,1.2175826885883,0.867020354460904,8.31283410508996,55.5512887590304
12.0396825396825,1.21849959747825,0.867161882877545,8.30885874826265,55.552775940539
12.0397817460317,1.21941487160126,0.867303731333979,8.30488529295013,55.5542632699296
12.039880952381,1.22032851332584,0.867445899049749,8.30091373824253,55.5557507464638
12.0399801587302,1.22124052501878,0.867588385245025,8.29694408323041,55.5572383694036
12.0400793650794,1.22215090904507,0.867731189140606,8.29297632700469,55.5587261380119
12.0401785714286,1.22305966776799,0.867874309957913,8.2890104686567,55.560214051552
12.0402777777778,1.22396680354907,0.868017746918997,8.28504650727817,55.561702109288
12.040376984127,1.22487231874806,0.868161499246535,8.28108444196124,55.5631903104843
12.0404761904762,1.22577621572298,0.86830556616383,8.27712427179842,55.5646786544063
12.0405753968254,1.22667849683011,0.868449946894812,8.27316599588264,55.5661671403197
12.0406746031746,1.22757916442395,0.868594640664038,8.2692096133072,55.567655767491
12.0407738095238,1.22847822085729,0.868739646696692,8.26525512316584,55.5691445351873
12.040873015873,1.22937566848113,0.868884964218583,8.26130252455266,55.5706334426762
12.0409722222222,1.23027150964476,0.869030592456149,8.25735181656212,55.5721224892259
12.0410714285714,1.23116574669566,0.869176530636451,8.25340299828923,55.5736116741054
12.0411706349206,1.23205838197963,0.86932277798718,8.24945606882924,55.5751009965841
12.0412698412698,1.23294941784067,0.869469333736653,8.24551102727786,55.5765904559323
12.041369047619,1.23383885662106,0.869616197113813,8.24156787273117,55.5780800514205
12.0414682539683,1.23472670066131,0.869763367348229,8.23762660428569,55.5795697823201
12.0415674603175,1.2356129523002,0.869910843670099,8.23368722103831,55.5810596479032
12.0416666666667,1.23649761387473,0.870058625310245,8.2297497220863,55.5825496474421
12.0417658730159,1.23738068772018,0.870206711500118,8.22581410652737,55.5840397802102
12.0418650793651,1.23826217617007,0.870355101471794,8.22188037345959,55.5855300454812
12.0419642857143,1.23914208155616,0.870503794457975,8.21794852198145,55.5870204425295
12.0420634920635,1.24002040620847,0.870652789691992,8.21401855119182,55.5885109706301
12.0421626984127,1.24089715245528,0.870802086407802,8.21009046018999,55.5900016290587
12.0422619047619,1.24177232262308,0.870951683839986,8.20616424807563,55.5914924170914
12.0423611111111,1.24264591903667,0.871101581223755,8.20223991394881,55.5929833340052
12.0424603174603,1.24351794401906,0.871251777794947,8.19831745690994,55.5944743790775
12.0425595238095,1.2443883998915,0.871402272790022,8.19439687605999,55.5959655515863
12.0426587301587,1.24525728897351,0.87155306544607,8.19047817050018,55.5974568508104
12.0427579365079,1.24612461358288,0.871704155000808,8.18656133933217,55.5989482760291
12.0428571428571,1.24699037603561,0.871855540692579,8.18264638165801,55.6004398265222
12.0429563492063,1.24785457864597,0.872007221760353,8.17873329658015,55.6019315015703
12.0430555555556,1.24871722372649,0.872159197443725,8.17482208320146,55.6034233004545
12.0431547619048,1.24957831358793,0.872311466982919,8.17091274062517,55.6049152224566
12.043253968254,1.2504378505393,0.872464029618784,8.16700526795493,55.606407266859
12.0433531746032,1.25129583688788,0.872616884592797,8.16309966429479,55.6078994329445
12.0434523809524,1.25215227493918,0.87277003114706,8.15919592874919,55.6093917199969
12.0435515873016,1.25300716699697,0.872923468524302,8.15529406042296,55.6108841273003
12.0436507936508,1.25386051536328,0.87307719596788,8.15139405842135,55.6123766541395
12.04375,1.25471232233836,0.873231212721776,8.14749592184997,55.6138692997999
12.0438492063492,1.25556259022073,0.8733855180306,8.14359964981487,55.6153620635677
12.0439484126984,1.25641132130719,0.87354011113959,8.13970524142241,55.6168549447293
12.0440476190476,1.25725851789271,0.873694991294605,8.13581269577952,55.6183479425722
12.0441468253968,1.25810418227058,0.873850157742135,8.13192201199338,55.6198410563841
12.044246031746,1.25894831673232,0.874005609729298,8.1280331891716,55.6213342854536
12.0443452380952,1.2597909235677,0.874161346503834,8.1241462264222,55.6228276290697
12.0444444444444,1.26063200506473,0.874317367314115,8.12026112285359,55.6243210865223
12.0445436507937,1.26147156350968,0.874473671409135,8.11637787757457,55.6258146571015
12.0446428571429,1.26230960118708,0.874630258038517,8.11249648969437,55.6273083400983
12.0447420634921,1.26314612037968,0.874787126452511,8.10861695832257,55.6288021348044
12.0448412698413,1.26398112336851,0.874944275901992,8.10473928256919,55.6302960405117
12.0449404761905,1.26481461243284,0.875101705638463,8.10086346154462,55.6317900565133
12.0450396825397,1.26564658985017,0.875259414914053,8.09698949435965,55.6332841821023
12.0451388888889,1.26647705789629,0.875417402981518,8.09311738012549,55.6347784165728
12.0452380952381,1.26730601884521,0.87557566909424,8.08924711795372,55.6362727592195
12.0453373015873,1.2681334749692,0.875734212506228,8.08537870695633,55.6377672093375
12.0454365079365,1.26895942853878,0.87589303247212,8.08151214624566,55.6392617662228
12.0455357142857,1.2697838818227,0.876052128247175,8.07764743493458,55.6407564291716
12.0456349206349,1.270606837088,0.876211499087283,8.07378457213622,55.6422511974812
12.0457341269841,1.27142829659993,0.87637114424896,8.06992355696417,55.6437460704492
12.0458333333333,1.27224826262203,0.876531062989349,8.0660643885324,55.6452410473738
12.0459325396825,1.27306673741605,0.876691254566218,8.06220706595528,55.646736127554
12.0460317460317,1.27388372324201,0.876851718237963,8.05835158834757,55.6482313102893
12.046130952381,1.27469922235819,0.877012453263606,8.05449795482444,55.6497265948798
12.0462301587302,1.2755132370211,0.877173458902797,8.05064616450146,55.6512219806263
12.0463293650794,1.27632576948551,0.877334734415811,8.04679621649458,55.6527174668301
12.0464285714286,1.27713682200443,0.877496279063549,8.04294810992017,55.6542130527931
12.0465277777778,1.27794639682914,0.877658092107541,8.03910184389497,55.655708737818
12.046626984127,1.27875449620916,0.877820172809943,8.03525741753614,55.6572045212079
12.0467261904762,1.27956112239224,0.877982520433536,8.03141482996123,55.6587004022666
12.0468253968254,1.28036627762442,0.87814513424173,8.02757408028818,55.6601963802986
12.0469246031746,1.28116996414996,0.878308013498561,8.02373516763529,55.6616924546089
12.0470238095238,1.28197218421137,0.878471157468688,8.01989809112139,55.6631886245031
12.047123015873,1.28277294004942,0.878634565417401,8.01606284986558,55.6646848892875
12.0472222222222,1.28357223390314,0.878798236610617,8.01222944298739,55.6661812482688
12.0473214285714,1.28437006800979,0.878962170314876,8.00839786960675,55.6676777007547
12.0474206349206,1.28516644460489,0.879126365797348,8.004568128844,55.6691742460532
12.0475198412698,1.2859613659222,0.879290822325828,8.00074021981985,55.670670883473
12.047619047619,1.28675483419376,0.879455539168738,7.99691414165544,55.6721676123234
12.0477182539683,1.28754685164981,0.879620515595126,7.99308989347228,55.6736644319144
12.0478174603175,1.28833742051889,0.879785750874668,7.98926747439229,55.6751613415564
12.0479166666667,1.28912654302776,0.879951244277665,7.98544688353778,55.6766583405606
12.0480158730159,1.28991422140143,0.880116995075047,7.98162812003149,55.6781554282389
12.0481150793651,1.29070045786319,0.880283002538368,7.9778111829965,55.6796526039035
12.0482142857143,1.29148525463454,0.880449265939811,7.97399607155632,55.6811498668675
12.0483134920635,1.29226861393525,0.880615784552183,7.97018278483487,55.6826472164444
12.0484126984127,1.29305053798336,0.880782557648922,7.9663713219564,55.6841446519486
12.0485119047619,1.2938310289951,0.880949584504086,7.9625616820457,55.6856421726947
12.0486111111111,1.29461008918502,0.881116864392365,7.95875386422781,55.6871397779983
12.0487103174603,1.29538772076587,0.881284396589074,7.95494786762824,55.6886374671754
12.0488095238095,1.29616392594867,0.881452180370155,7.95114369137288,55.6901352395426
12.0489087301587,1.2969387069427,0.881620215012176,7.94734133458801,55.6916330944173
12.0490079365079,1.29771206595548,0.881788499792332,7.94354079640031,55.6931310311173
12.0491071428571,1.29848400519276,0.881957033988445,7.93974207593687,55.6946290489612
12.0492063492063,1.29925452685857,0.882125816878964,7.93594517232516,55.696127147268
12.0493055555556,1.30002363315517,0.882294847742963,7.93215008469308,55.6976253253574
12.0494047619048,1.3007913262831,0.882464125860143,7.92835681216888,55.6991235825499
12.049503968254,1.3015576084411,0.882633650510834,7.92456535388124,55.7006219181664
12.0496031746032,1.30232248182621,0.882803420975989,7.92077570895923,55.7021203315284
12.0497023809524,1.30308594863368,0.882973436537191,7.91698787653232,55.703618821958
12.0498015873016,1.30384801105705,0.883143696476648,7.91320185573036,55.7051173887782
12.0499007936508,1.30460867128808,0.883314200077197,7.90941764568357,55.7066160313124
12.05,1.30536793151678,0.883484946622294,7.90563524552271,55.7081147488844
12.0500992063492,1.30612579393142,0.88365593539603,7.90185465437877,55.7096135408189
12.0501984126984,1.30688226071853,0.88382716568312,7.89807587138322,55.7111124064413
12.0502976190476,1.30763733406286,0.883998636768906,7.89429889566789,55.7126113450773
12.0503968253968,1.30839101614744,0.884170347939355,7.89052372636504,55.7141103560534
12.050496031746,1.30914330915354,0.884342298481062,7.88675036260731,55.7156094386967
12.0505952380952,1.30989421526068,0.884514487681249,7.88297880352774,55.7171085923348
12.0506944444444,1.31064373664661,0.884686914827763,7.87920904825977,55.7186078162962
12.0507936507937,1.31139187548738,0.884859579209079,7.87544109593723,55.7201071099096
12.0508928571429,1.31213863395723,0.885032480114298,7.87167494569436,55.7216064725046
12.0509920634921,1.31288401422869,0.885205616833149,7.86791059666579,55.7231059034114
12.0510912698413,1.31362801847253,0.885378988655986,7.86414804798653,55.7246054019608
12.0511904761905,1.31437064885776,0.88555259487379,7.86038729879202,55.726104967484
12.0512896825397,1.31511190755166,0.885726434778169,7.85662834821808,55.727604599313
12.0513888888889,1.31585179671975,0.885900507661361,7.85287119540088,55.7291042967805
12.0514880952381,1.31659031852578,0.88607481281622,7.84911583947712,55.7306040592197
12.0515873015873,1.31732747513178,0.886249349536239,7.84536227958378,55.7321038859643
12.0516865079365,1.31806326869802,0.88642411711553,7.84161051485827,55.7336037763489
12.0517857142857,1.31879770138302,0.886599114848836,7.83786054443839,55.7351037297083
12.0518849206349,1.31953077534354,0.886774342031524,7.83411236746234,55.7366037453784
12.0519841269841,1.32026249273461,0.886949797959588,7.83036598306873,55.7381038226953
12.0520833333333,1.32099285570948,0.88712548192965,7.82662139039656,55.7396039609959
12.0521825396825,1.32172186641969,0.887301393238957,7.82287858858523,55.7411041596178
12.0522817460317,1.322449527015,0.887477531185383,7.81913757677452,55.742604417899
12.052380952381,1.32317583964342,0.88765389506743,7.81539835410462,55.7441047351783
12.0524801587302,1.32390080645123,0.887830484184225,7.81166091971614,55.7456051107949
12.0525793650794,1.32462442958295,0.888007297835523,7.80792527275004,55.7471055440888
12.0526785714286,1.32534671118133,0.888184335321704,7.80419141234772,55.7486060344006
12.0527777777778,1.32606765338741,0.888361595943776,7.80045933765095,55.7501065810715
12.052876984127,1.32678725834046,0.888539079003375,7.79672904780187,55.7516071834432
12.0529761904762,1.32750552817797,0.888716783802759,7.79300054194313,55.753107840858
12.0530753968254,1.32822246503574,0.888894709644816,7.78927381921767,55.7546085526591
12.0531746031746,1.32893807104776,0.889072855833061,7.78554887876886,55.75610931819
12.0532738095238,1.32965234834633,0.889251221671634,7.78182571974045,55.757610136795
12.053373015873,1.33036529906194,0.889429806465304,7.77810434127662,55.7591110078189
12.0534722222222,1.33107692532338,0.889608609519464,7.77438474252192,55.7606119306071
12.0535714285714,1.33178722925765,0.889787630140135,7.77066692262131,55.7621129045057
12.0536706349206,1.33249621299003,0.889966867633964,7.76695088072014,55.7636139288614
12.0537698412698,1.33320387864404,0.890146321308226,7.76323661596417,55.7651150030216
12.053869047619,1.33391022834145,0.890325990470821,7.75952412749955,55.766616126334
12.0539682539683,1.33461526420226,0.890505874430276,7.75581341447281,55.7681172981472
12.0540674603175,1.33531898834476,0.890685972495746,7.75210447603092,55.7696185178104
12.0541666666667,1.33602140288547,0.890866283977011,7.7483973113212,55.7711197846732
12.0542658730159,1.33672250993914,0.891046808184479,7.74469191949139,55.7726210980861
12.0543650793651,1.3374223116188,0.891227544429185,7.74098829968958,55.7741224574
12.0544642857143,1.33812081003572,0.891408492022785,7.73728645106441,55.7756238619665
12.0545634920635,1.33881800729941,0.89158965027757,7.73358637276474,55.7771253111377
12.0546626984127,1.33951390551764,0.891771018506453,7.72988806393992,55.7786268042666
12.0547619047619,1.34020850679644,0.891952596022974,7.72619152373966,55.7801283407064
12.0548611111111,1.34090181324006,0.892134382141302,7.72249675131408,55.7816299198112
12.0549603174603,1.34159382695104,0.892316376176228,7.7188037458137,55.7831315409357
12.0550595238095,1.34228455003013,0.892498577443175,7.71511250638944,55.7846332034352
12.0551587301587,1.34297398457636,0.892680985258189,7.71142303219261,55.7861349066654
12.0552579365079,1.343662132687,0.892863598937943,7.70773532237493,55.7876366499829
12.0553571428571,1.34434899645756,0.893046417799739,7.70404937608849,55.7891384327447
12.0554563492063,1.34503457798181,0.893229441161503,7.70036519248581,55.7906402543087
12.0555555555556,1.34571887935178,0.893412668341789,7.69668277071978,55.792142114033
12.0556547619048,1.34640190265772,0.893596098659777,7.6930021099437,55.7936440112766
12.055753968254,1.34708364998816,0.893779731435274,7.68932320931128,55.7951459453991
12.0558531746032,1.34776412342988,0.893963565988717,7.68564606797655,55.7966479157606
12.0559523809524,1.34844332506787,0.894147601641161,7.68197068509411,55.7981499217219
12.0560515873016,1.34912125698542,0.894331837714295,7.67829705981879,55.7996519626443
12.0561507936508,1.34979792126404,0.894516273530432,7.67462519130588,55.8011540378899
12.05625,1.35047331998351,0.894700908412514,7.67095507871106,55.8026561468212
12.0563492063492,1.35114745522183,0.894885741684106,7.66728672119041,55.8041582888015
12.0564484126984,1.35182032905529,0.895070772669402,7.66362011790041,55.8056604631946
12.0565476190476,1.35249194355839,0.895256000693223,7.65995526799793,55.807162669365
12.0566468253968,1.3531623008039,0.895441425081016,7.65629217064024,55.8086649066777
12.056746031746,1.35383140286286,0.895627045158852,7.65263082498501,55.8101671744983
12.0568452380952,1.35449925180451,0.895812860253434,7.64897123019031,55.8116694721932
12.0569444444444,1.35516584969639,0.895998869692087,7.6453133854146,55.8131717991293
12.0570436507937,1.35583119860426,0.896185072802765,7.64165728981675,55.8146741546739
12.0571428571429,1.35649530059214,0.896371468914048,7.638002942556,55.8161765381954
12.0572420634921,1.3571581577223,0.896558057355143,7.63435034279201,55.8176789490623
12.0573412698413,1.35781977205527,0.896744837455885,7.63069948968479,55.8191813866442
12.0574404761905,1.35848014564979,0.89693180854673,7.62705038239489,55.8206838503107
12.0575396825397,1.3591392805629,0.897118969958766,7.62340302008309,55.8221863394327
12.0576388888889,1.35979717884986,0.897306321023708,7.61975740191065,55.8236888533812
12.0577380952381,1.36045384256419,0.897493861073893,7.6161135270392,55.825191391528
12.0578373015873,1.36110927375766,0.897681589442291,7.61247139463079,55.8266939532456
12.0579365079365,1.3617634744803,0.897869505462492,7.60883100384784,55.828196537907
12.0580357142857,1.36241644678036,0.898057608468719,7.6051923538532,55.8296991448857
12.0581349206349,1.36306819270437,0.898245897795816,7.60155544381008,55.8312017735561
12.0582341269841,1.36371871429709,0.898434372779257,7.59792027288213,55.832704423293
12.0583333333333,1.36436801360155,0.898623032755142,7.59428684023335,55.8342070934718
12.0584325396825,1.36501609265902,0.898811877060197,7.59065514502818,55.8357097834687
12.0585317460317,1.365662953509,0.899000905031776,7.58702518643143,55.8372124926603
12.058630952381,1.36630859818928,0.899190116007857,7.58339696360832,55.8387152204239
12.0587301587302,1.36695302873587,0.899379509327049,7.57977047572446,55.8402179661376
12.0588293650794,1.36759624718304,0.899569084328585,7.5761457219458,55.8417207291797
12.0589285714286,1.36823825556331,0.899758840352321,7.57252270143887,55.8432235089294
12.0590277777778,1.36887905590744,0.899948776738746,7.56890141337041,55.8447263047666
12.059126984127,1.36951865024445,0.900138892828972,7.56528185690763,55.8462291160715
12.0592261904762,1.37015704060162,0.900329187964739,7.56166403121812,55.8477319422251
12.0593253968254,1.37079422900446,0.900519661488413,7.55804793546988,55.8492347826091
12.0594246031746,1.37143021747674,0.900710312742988,7.55443356883131,55.8507376366056
12.0595238095238,1.37206500804049,0.900901141072083,7.55082093047119,55.8522405035975
12.059623015873,1.37269860271596,0.901092145819943,7.54721001955871,55.8537433829681
12.0597222222222,1.37333100352168,0.901283326331443,7.54360083526346,55.8552462741016
12.0598214285714,1.37396221247442,0.901474681952081,7.53999337675543,55.8567491763826
12.0599206349206,1.37459223158919,0.901666212027983,7.53638764320499,55.8582520891964
12.0600198412698,1.37522106287927,0.901857915905903,7.53278363378291,55.8597550119288
12.060119047619,1.37584870835617,0.902049792933219,7.52918134766038,55.8612579439664
12.0602182539683,1.37647517002967,0.902241842457939,7.52558078400896,55.8627608846961
12.0603174603175,1.37710044990778,0.902434063828696,7.52198194200057,55.8642638335059
12.0604166666667,1.37772454999676,0.902626456394746,7.51838482080768,55.865766789784
12.0605158730159,1.37834747230115,0.902819019505977,7.514789419603,55.8672697529192
12.0606150793651,1.3789692188237,0.903011752512901,7.5111957375597,55.8687727223013
12.0607142857143,1.37958979156544,0.903204654766659,7.50760377385132,55.8702756973204
12.0608134920635,1.38020919252563,0.903397725619015,7.50401352765183,55.8717786773672
12.0609126984127,1.3808274237018,0.903590964422362,7.50042499813558,55.8732816618331
12.0610119047619,1.38144448708971,0.903784370529721,7.49683818447731,55.8747846501102
12.0611111111111,1.38206038468339,0.903977943294736,7.49325308585217,55.8762876415911
12.0612103174603,1.38267511847509,0.90417168207168,7.48966970143571,55.8777906356689
12.0613095238095,1.38328869045535,0.904365586215453,7.48608803040386,55.8792936317376
12.0614087301587,1.38390110261292,0.90455965508158,7.48250807193297,55.8807966291916
12.0615079365079,1.38451235693483,0.904753888026214,7.47892982519977,55.882299627426
12.0616071428571,1.38512245540635,0.904948284406134,7.47535328938139,55.8838026258364
12.0617063492063,1.38573140001099,0.905142843578745,7.47177846365536,55.8853056238192
12.0618055555556,1.38633919273054,0.905337564902083,7.46820534719957,55.8868086207713
12.0619047619048,1.38694583554499,0.905532447734801,7.46463393919243,55.8883116160901
12.062003968254,1.38755133043263,0.905727491436188,7.46106423881261,55.8898146091738
12.0621031746032,1.38815567936997,0.905922695366157,7.45749624523924,55.8913175994212
12.0622023809524,1.38875888433177,0.906118058885246,7.45392995765182,55.8928205862316
12.0623015873016,1.38936094729107,0.90631358135462,7.45036537523028,55.894323569005
12.0624007936508,1.38996187021912,0.906509262136074,7.44680249715492,55.8958265471419
12.0625,1.39056165508546,0.906705100592023,7.44324132260646,55.8973295200436
12.0625992063492,1.39116030385783,0.906901096085516,7.43968185076599,55.8988324871118
12.0626984126984,1.39175781850228,0.907097247980224,7.43612408081502,55.9003354477491
12.0627976190476,1.39235420098306,0.907293555640446,7.43256801193544,55.9018384013584
12.0628968253968,1.39294945326269,0.907490018431107,7.42901364330956,55.9033413473433
12.062996031746,1.39354357730194,0.90768663571776,7.42546097412007,55.9048442851081
12.0630952380952,1.39413657505984,0.907883406866583,7.42191000355005,55.9063472140578
12.0631944444444,1.39472844849364,0.908080331244383,7.418360730783,55.9078501335977
12.0632936507937,1.39531919955888,0.908277408218593,7.41481315500276,55.909353043134
12.0633928571429,1.39590883020932,0.908474637157267,7.4112672753937,55.9108559420734
12.0634920634921,1.39649734239697,0.908672017429093,7.40772309114045,55.9123588298231
12.0635912698413,1.3970847380721,0.908869548403384,7.40418060142809,55.9138617057912
12.0636904761905,1.39767101918325,0.909067229450078,7.4006398054421,55.9153645693862
12.0637896825397,1.39825618767716,0.90926505993974,7.39710070236835,55.9168674200172
12.0638888888889,1.39884024549887,0.909463039243562,7.3935632913931,55.918370257094
12.0639880952381,1.39942319459164,0.909661166733364,7.39002757170303,55.919873080027
12.0640873015873,1.400005036897,0.90985944178159,7.38649354248519,55.9213758882272
12.0641865079365,1.4005857743547,0.910057863761312,7.38296120292705,55.9228786811062
12.0642857142857,1.40116540890277,0.910256432046229,7.37943055221646,55.9243814580762
12.0643849206349,1.40174394247749,0.910455146010667,7.37590158954168,55.92588421855
12.0644841269841,1.40232137701336,0.910654005029576,7.37237431409136,55.9273869619412
12.0645833333333,1.40289771444315,0.910853008478536,7.36884872505454,55.9288896876637
12.0646825396825,1.40347295669789,0.911052155733751,7.36532482162069,55.9303923951322
12.0647817460317,1.40404710570686,0.911251446172057,7.36180260297958,55.931895083762
12.064880952381,1.40462016339755,0.911450879170906,7.35828206832157,55.933397752969
12.0649801587302,1.40519213169575,0.911650454108387,7.35476321683724,55.9349004021697
12.0650793650794,1.40576301252546,0.91185017036321,7.35124604771761,55.9364030307813
12.0651785714286,1.40633280780897,0.912050027314714,7.34773056015414,55.9379056382214
12.0652777777778,1.40690151946679,0.912250024342865,7.34421675333865,55.9394082239084
12.065376984127,1.40746914941769,0.912450160828254,7.34070462646335,55.9409107872613
12.0654761904762,1.40803569957869,0.9126504361521,7.33719417872089,55.9424133276997
12.0655753968254,1.40860117186505,0.912850849696246,7.33368540930428,55.9439158446436
12.0656746031746,1.4091655681903,0.913051400843166,7.33017831740694,55.945418337514
12.0657738095238,1.40972889046621,0.913252088975957,7.32667290222268,55.9469208057322
12.065873015873,1.41029114060279,0.913452913478345,7.32316916294572,55.9484232487203
12.0659722222222,1.41085232050832,0.91365387373468,7.31966709877067,55.9499256659008
12.0660714285714,1.41141243208931,0.913854969129942,7.31616670889253,55.9514280566971
12.0661706349206,1.41197147725053,0.914056199049735,7.31266799250672,55.952930420533
12.0662698412698,1.41252945789501,0.914257562880292,7.30917094880898,55.9544327568329
12.066369047619,1.41308637592401,0.914459060008468,7.30567557699562,55.955935065022
12.0664682539683,1.41364223323705,0.914660689821749,7.30218187626317,55.9574373445259
12.0665674603175,1.41419703173189,0.914862451708247,7.29868984580863,55.958939594771
12.0666666666667,1.41475077330456,0.915064345056701,7.2951994848294,55.9604418151841
12.0667658730159,1.41530345984933,0.915266369256474,7.29171079252327,55.9619440051929
12.0668650793651,1.41585509325872,0.915468523697558,7.28822376808841,55.9634461642254
12.0669642857143,1.4164056754235,0.915670807770572,7.28473841072341,55.9649482917104
12.0670634920635,1.41695520823267,0.915873220866759,7.28125471962725,55.9664503870773
12.0671626984127,1.41750369357353,0.916075762377992,7.27777269399931,55.967952449756
12.0672619047619,1.41805113333157,0.916278431696768,7.27429233303936,55.9694544791773
12.0673611111111,1.41859752939058,0.916481228216213,7.27081363594758,55.9709564747722
12.0674603174603,1.41914288363257,0.916684151330076,7.26733660192453,55.9724584359726
12.0675595238095,1.41968719793781,0.916887200432737,7.26386123017118,55.9739603622109
12.0676587301587,1.42023047418483,0.917090374919199,7.26038751988889,55.9754622529202
12.0677579365079,1.42077271425039,0.917293674185097,7.25691547027937,55.9769641075342
12.0678571428571,1.4213139200095,0.917497097626683,7.25344508054488,55.9784659254871
12.0679563492063,1.42185409333543,0.917700644640845,7.24997634988793,55.9799677062137
12.0680555555556,1.42239323609972,0.917904314625093,7.24650927751146,55.9814694491497
12.0681547619048,1.42293135017212,0.918108106977565,7.24304386261884,55.982971153731
12.068253968254,1.42346843742066,0.918312021097026,7.23958010441379,55.9844728193945
12.0683531746032,1.4240044997116,0.918516056382867,7.23611800210047,55.9859744455774
12.0684523809524,1.42453953890947,0.918720212235106,7.23265755488343,55.9874760317178
12.0685515873016,1.42507355687703,0.918924488054386,7.22919876196758,55.9889775772541
12.0686507936508,1.42560655547531,0.91912888324198,7.22574162255828,55.9904790816255
12.06875,1.4261385324573,0.919333398876589,7.22228613566715,55.991980545966
12.0688492063492,1.42666948355187,0.919538036858379,7.21883230023832,55.9934819722384
12.0689484126984,1.42719940996877,0.919742796846112,7.21538011549314,55.9949833601402
12.0690476190476,1.42772831295584,0.919947678482918,7.21192958065519,55.9964847093528
12.0691468253968,1.42825619376024,0.920152681412143,7.2084806949483,55.9979860195581
12.069246031746,1.42878305362846,0.920357805277352,7.20503345759659,55.9994872904383
12.0693452380952,1.42930889380628,0.920563049722316,7.20158786782462,56.0009885216753
12.0694444444444,1.42983371553885,0.920768414391034,7.1981439248571,56.0024897129518
12.0695436507937,1.4303575200706,0.920973898927716,7.19470162791909,56.0039908639504
12.0696428571429,1.4308803086453,0.92117950297679,7.19126097623595,56.0054919743538
12.0697420634921,1.43140208250603,0.921385226182898,7.18782196903336,56.0069930438451
12.0698412698413,1.43192284289519,0.921591068190901,7.18438460553727,56.0084940721076
12.0699404761905,1.4324425910545,0.921797028645873,7.18094888497395,56.0099950588247
12.0700396825397,1.43296132822502,0.922003107193108,7.17751480656997,56.0114960036801
12.0701388888889,1.43347905564711,0.922209303478114,7.17408236955221,56.0129969063576
12.0702380952381,1.43399577456044,0.922415617146615,7.17065157314783,56.0144977665413
12.0703373015873,1.43451148620403,0.922622047844552,7.1672224165843,56.0159985839155
12.0704365079365,1.4350261918162,0.922828595218083,7.16379489908941,56.0174993581646
12.0705357142857,1.43553989263459,0.923035258913581,7.16036901989122,56.0190000889733
12.0706349206349,1.43605258989617,0.923242038577635,7.15694477821811,56.0205007760264
12.0707341269841,1.43656428483723,0.923448933857055,7.15352217329872,56.0220014190092
12.0708333333333,1.43707497869337,0.923655944398857,7.15010120436212,56.0235020176067
12.0709325396825,1.4375846726995,0.923863069850282,7.14668187063753,56.0250025715046
12.0710317460317,1.43809336808989,0.924070309858786,7.14326417135456,56.0265030803885
12.071130952381,1.43860106609809,0.924277664072039,7.13984810574306,56.0280035439444
12.0712301587302,1.43910776795699,0.924485132137928,7.13643367303325,56.0295039618582
12.0713293650794,1.43961347489879,0.924692713704557,7.13302087245559,56.0310043338164
12.0714285714286,1.44011818815503,0.924900408420246,7.12960970324087,56.0325046595054
12.0715277777778,1.44062190895655,0.925108215933531,7.12620016462019,56.034004938612
12.071626984127,1.44112463853351,0.925316135893165,7.12279225582494,56.0355051708231
12.0717261904762,1.4416263781154,0.925524167948115,7.11938597608681,56.0370053558257
12.0718253968254,1.44212712893103,0.925732311747568,7.11598132463778,56.0385054933072
12.0719246031746,1.44262689220852,0.925940566940923,7.11257830071016,56.0400055829552
12.0720238095238,1.44312566917532,0.926148933177799,7.10917690353654,56.0415056244574
12.072123015873,1.4436234610582,0.926357410108029,7.10577713234982,56.0430056175017
12.0722222222222,1.44412026908325,0.926565997381665,7.10237898638315,56.0445055617762
12.0723214285714,1.44461609447586,0.926774694648969,7.09898246487012,56.0460054569693
12.0724206349206,1.44511093846078,0.926983501560426,7.09558756704448,56.0475053027696
12.0725198412698,1.44560480226204,0.927192417766735,7.09219429214035,56.0490050988658
12.072619047619,1.44609768710301,0.92740144291881,7.08880263939212,56.0505048449468
12.0727182539683,1.44658959420639,0.927610576667782,7.0854126080345,56.0520045407018
12.0728174603175,1.44708052479417,0.927819818665,7.08202419730249,56.0535041858203
12.0729166666667,1.4475704800877,0.928029168562027,7.0786374064314,56.0550037799916
12.0730158730159,1.4480594613076,0.928238626010643,7.07525223465685,56.0565033229057
12.0731150793651,1.44854746967387,0.928448190662844,7.07186868121474,56.0580028142525
12.0732142857143,1.44903450640577,0.928657862170843,7.06848674534128,56.0595022537222
12.0733134920635,1.44952057272193,0.928867640187069,7.06510642627299,56.0610016410051
12.0734126984127,1.45000566984026,0.929077524364168,7.06172772324668,56.0625009757919
12.0735119047619,1.45048979897802,0.929287514354999,7.05835063549947,56.0640002577733
12.0736111111111,1.45097296135178,0.929497609812641,7.05497516226878,56.0654994866404
12.0737103174603,1.45145515817744,0.929707810390392,7.05160130279227,56.0669986620843
12.0738095238095,1.45193639067018,0.929918115741754,7.04822905630806,56.0684977837965
12.0739087301587,1.45241666004454,0.930128525520458,7.04485842205443,56.0699968514685
12.0740079365079,1.45289596751439,0.930339039380446,7.04148939926999,56.0714958647921
12.0741071428571,1.45337431429287,0.930549656975877,7.03812198719368,56.0729948234595
12.0742063492063,1.45385170159249,0.930760377961126,7.03475618506471,56.0744937271627
12.0743055555556,1.45432813062505,0.930971201990786,7.03139199212262,56.0759925755943
12.0744047619048,1.45480360260169,0.931182128719663,7.02802940760723,56.0774913684468
12.074503968254,1.45527811873285,0.931393157802781,7.02466843075867,56.0789901054131
12.0746031746032,1.45575168022831,0.931604288895381,7.02130906081737,56.0804887861862
12.0747023809524,1.45622428829715,0.93181552165292,7.01795129702406,56.0819874104594
12.0748015873016,1.45669594414778,0.93202685573107,7.01459513861979,56.083485977926
12.0749007936508,1.45716664898794,0.932238290785721,7.01124058484587,56.0849844882799
12.075,1.45763640402468,0.932449826472977,7.00788763494395,56.0864829412147
12.0750992063492,1.45810521046437,0.93266146244916,7.00453628815597,56.0879813364246
12.0751984126984,1.4585730695127,0.932873198370812,7.00118654372411,56.0894796736038
12.0752976190476,1.45903998237468,0.933085033894679,6.99783840089102,56.0909779524468
12.0753968253968,1.45950595025463,0.933296968677736,6.99449185889948,56.0924761726482
12.075496031746,1.45997097435623,0.93350900237717,6.99114691699264,56.093974333903
12.0755952380952,1.46043505588242,0.933721134650383,6.98780357441394,56.0954724359061
12.0756944444444,1.46089819603552,0.933933365154994,6.98446183040713,56.096970478353
12.0757936507937,1.46136039601712,0.934145693548839,6.98112168421626,56.0984684609389
12.0758928571429,1.46182165702817,0.93435811948997,6.97778313508567,56.0999663833598
12.0759920634921,1.4622819802689,0.934570642636654,6.97444618226001,56.1014642453113
12.0760912698413,1.46274136693891,0.934783262647376,6.97111082498424,56.1029620464897
12.0761904761905,1.46319981823707,0.934995979180836,6.9677770625036,56.1044597865912
12.0762896825397,1.4636573353616,0.935208791895951,6.96444489406365,56.1059574653124
12.0763888888889,1.46411391951004,0.935421700451854,6.96111431891025,56.1074550823499
12.0764880952381,1.46456957187923,0.935634704507895,6.95778533628955,56.1089526374006
12.0765873015873,1.46502429366536,0.935847803723639,6.954457945448,56.1104501301617
12.0766865079365,1.46547808606391,0.93606099775887,6.95113214563233,56.1119475603306
12.0767857142857,1.46593095026969,0.936274286273581,6.94780793608968,56.1134449276046
12.0768849206349,1.46638288747685,0.936487668927989,6.94448531606737,56.1149422316815
12.0769841269841,1.46683389887882,0.936701145382526,6.94116428481306,56.1164394722593
12.0770833333333,1.4672839856684,0.936914715297837,6.93784484157472,56.1179366490361
12.0771825396825,1.46773314903766,0.937128378334785,6.93452698560061,56.1194337617103
12.0772817460317,1.46818139017803,0.937342134154451,6.93121071613931,56.1209308099803
12.077380952381,1.46862871028024,0.937555982418131,6.92789603243967,56.122427793545
12.0774801587302,1.46907511053435,0.937769922787334,6.92458293375086,56.1239247121032
12.0775793650794,1.46952059212972,0.937983954923791,6.92127141932237,56.1254215653542
12.0776785714286,1.46996515625505,0.938198078489446,6.91796148840396,56.1269183529972
12.0777777777778,1.47040880409837,0.938412293146458,6.9146531402457,56.128415074732
12.077876984127,1.47085153684699,0.938626598557207,6.91134637409797,56.1299117302581
12.0779761904762,1.47129335568758,0.938840994384283,6.90804118921145,56.1314083192756
12.0780753968254,1.47173426180612,0.939055480290498,6.90473758483711,56.1329048414847
12.0781746031746,1.4721742563879,0.939270055938879,6.90143556022619,56.1344012965858
12.0782738095238,1.47261334061753,0.939484720992663,6.89813511463036,56.1358976842794
12.078373015873,1.47305151567894,0.939699475115312,6.89483624730146,56.1373940042663
12.0784722222222,1.4734887827554,0.939914317970499,6.89153895749166,56.1388902562474
12.0785714285714,1.47392514302948,0.940129249222116,6.88824324445346,56.1403864399241
12.0786706349206,1.47436059768308,0.940344268534269,6.88494910743964,56.1418825549977
12.0787698412698,1.47479514789741,0.940559375571283,6.88165654570329,56.1433786011698
12.078869047619,1.47522879485301,0.940774569997696,6.87836555849779,56.1448745781422
12.0789682539683,1.47566153972973,0.940989851478265,6.87507614507683,56.1463704856169
12.0790674603175,1.47609338370675,0.941205219677962,6.87178830469441,56.1478663232961
12.0791666666667,1.47652432796258,0.941420674261975,6.86850203660482,56.1493620908823
12.0792658730159,1.47695437367502,0.941636214895708,6.86521734006266,56.150857788078
12.0793650793651,1.47738352202121,0.941851841244784,6.86193421432281,56.1523534145862
12.0794642857143,1.47781177417761,0.942067552975039,6.85865265864048,56.1538489701097
12.0795634920635,1.47823913131999,0.942283349752526,6.85537267227116,56.1553444543519
12.0796626984127,1.47866559462347,0.942499231243519,6.85209425447061,56.1568398670163
12.0797619047619,1.47909116526244,0.942715197114497,6.84881740449501,56.1583352078063
12.0798611111111,1.47951584441065,0.942931247032165,6.84554212160073,56.159830476426
12.0799603174603,1.47993963324116,0.943147380663443,6.84226840504447,56.1613256725792
12.0800595238095,1.48036253292634,0.943363597675464,6.83899625408323,56.1628207959704
12.0801587301587,1.48078454463789,0.943579897735581,6.83572566797432,56.1643158463039
12.0802579365079,1.48120566954684,0.94379628051136,6.83245664597535,56.1658108232844
12.0803571428571,1.48162590882351,0.944012745670584,6.82918918734423,56.1673057266167
12.0804563492063,1.48204526363757,0.944229292881255,6.82592329133915,56.1688005560061
12.0805555555556,1.482463735158,0.944445921811587,6.82265895721865,56.1702953111576
12.0806547619048,1.48288132455309,0.944662632130014,6.81939618424153,56.1717899917768
12.080753968254,1.48329803299046,0.944879423505184,6.8161349716669,56.1732845975694
12.0808531746032,1.48371386163706,0.945096295605961,6.81287531875417,56.1747791282412
12.0809523809524,1.48412881165914,0.945313248101428,6.80961722476308,56.1762735834984
12.0810515873016,1.48454288422228,0.945530280660881,6.80636068895363,56.1777679630472
12.0811507936508,1.48495608049139,0.945747392953837,6.8031057105861,56.1792622665942
12.08125,1.48536840163067,0.94596458465002,6.7998522889212,56.180756493846
12.0813492063492,1.48577984880367,0.94618185541938,6.7966004232198,56.1822506445096
12.0814484126984,1.48619042317325,0.946399204932079,6.79335011274314,56.183744718292
12.0815476190476,1.48660012590159,0.946616632858495,6.79010135675273,56.1852387149005
12.0816468253968,1.48700895815019,0.946834138869224,6.7868541545104,56.1867326340428
12.081746031746,1.48741692107987,0.947051722635077,6.78360850527828,56.1882264754264
12.0818452380952,1.48782401585077,0.947269383827081,6.7803644083188,56.1897202387594
12.0819444444444,1.48823024362235,0.947487122116481,6.77712186289469,56.1912139237498
12.0820436507937,1.48863560555339,0.947704937174737,6.77388086826898,56.192707530106
12.0821428571429,1.489040102802,0.947922828673524,6.77064142370501,56.1942010575366
12.0822420634921,1.48944373652559,0.948140796284735,6.7674035284664,56.1956945057502
12.0823412698413,1.4898465078809,0.94835883968048,6.76416718181709,56.1971878744558
12.0824404761905,1.49024841802399,0.948576958533083,6.76093238302132,56.1986811633626
12.0825396825397,1.49064946811026,0.948795152515086,6.75769913134364,56.2001743721799
12.0826388888889,1.49104965929439,0.949013421299249,6.75446742604882,56.2016675006173
12.0827380952381,1.49144899273041,0.949231764558541,6.75123726640211,56.2031605483845
12.0828373015873,1.49184746957167,0.949450181966154,6.7480086516689,56.2046535151914
12.0829365079365,1.49224509097081,0.949668673195496,6.74478158111494,56.2061464007484
12.0830357142857,1.49264185807984,0.949887237920188,6.74155605400627,56.2076392047657
12.0831349206349,1.49303777205004,0.95010587581407,6.73833206960923,56.2091319269539
12.0832341269841,1.49343283403203,0.950324586551197,6.73510962719048,56.2106245670237
12.0833333333333,1.49382704517578,0.950543369805841,6.73188872601697,56.2121171246863
12.0834325396825,1.49422040663052,0.950762225252488,6.72866936535594,56.2136095996527
12.0835317460317,1.49461291954486,0.950981152565845,6.72545154447494,56.2151019916344
12.083630952381,1.49500458506668,0.95120015142083,6.72223526264184,56.2165943003429
12.0837301587302,1.49539540434322,0.95141922149258,6.71902051912477,56.2180865254901
12.0838293650794,1.49578537852102,0.951638362456448,6.71580731319221,56.219578666788
12.0839285714286,1.49617450874593,0.951857573988004,6.71259564411291,56.2210707239487
12.0840277777778,1.49656279616315,0.952076855763032,6.70938551115592,56.2225626966847
12.084126984127,1.49695024191718,0.952296207457537,6.70617691359056,56.2240545847085
12.0842261904762,1.49733684715184,0.952515628747731,6.70296985068658,56.2255463877331
12.0843253968254,1.49772261301027,0.952735119310052,6.69976432171391,56.2270381054715
12.0844246031746,1.49810754063493,0.952954678821149,6.69656032594279,56.2285297376367
12.0845238095238,1.49849163116762,0.95317430695789,6.69335786264381,56.2300212839424
12.084623015873,1.49887488574944,0.953394003397357,6.69015693108781,56.2315127441021
12.0847222222222,1.49925730552081,0.953613767816849,6.68695753054599,56.2330041178297
12.0848214285714,1.49963889162147,0.953833599893882,6.68375966028979,56.2344954048392
12.0849206349206,1.5000196451905,0.954053499306188,6.680563319591,56.2359866048449
12.0850198412698,1.50039956736627,0.954273465731715,6.67736850772168,56.2374777175611
12.085119047619,1.50077865928649,0.954493498848627,6.67417522395422,56.2389687427027
12.0852182539683,1.50115692208818,0.954713598335304,6.67098346756127,56.2404596799843
12.0853174603175,1.50153435690769,0.954933763870344,6.66779323781582,56.2419505291212
12.0854166666667,1.50191096488069,0.955153995132559,6.66460453399115,56.2434412898285
12.0855158730159,1.50228674714216,0.955374291800979,6.66141735536084,56.2449319618218
12.0856150793651,1.50266170482642,0.955594653554852,6.65823170119872,56.2464225448167
12.0857142857143,1.50303583906706,0.955815080073634,6.65504757077906,56.247913038529
12.0858134920635,1.50340915099706,0.956035571037007,6.65186496337629,56.2494034426749
12.0859126984127,1.50378164174867,0.956256126124864,6.64868387826522,56.2508937569707
12.0860119047619,1.50415331245348,0.956476745017316,6.64550431472091,56.2523839811328
12.0861111111111,1.5045241642424,0.956697427394691,6.64232627201875,56.253874114878
12.0862103174603,1.50489419824565,0.956918172937531,6.63914974943445,56.2553641579231
12.0863095238095,1.50526341559278,0.957138981326596,6.63597474624397,56.2568541099852
12.0864087301587,1.50563181741266,0.957359852242861,6.63280126172362,56.2583439707817
12.0865079365079,1.50599940483347,0.957580785367519,6.62962929514999,56.2598337400301
12.0866071428571,1.50636617898272,0.957801780381978,6.62645884579996,56.261323417448
12.0867063492063,1.50673214098724,0.958022836967862,6.62328991295075,56.2628130027534
12.0868055555556,1.50709729197317,0.958243954807011,6.62012249587983,56.2643024956645
12.0869047619048,1.50746163306598,0.958465133581484,6.61695659386501,56.2657918958995
12.087003968254,1.50782516539047,0.958686372973553,6.61379220618439,56.2672812031769
12.0871031746032,1.50818789007073,0.958907672665711,6.61062933211633,56.2687704172156
12.0872023809524,1.5085498082302,0.959129032340658,6.60746797093961,56.2702595377345
12.0873015873016,1.50891092099161,0.959350451681318,6.60430812193319,56.2717485644526
12.0874007936508,1.50927122947705,0.95957193037083,6.60114978437638,56.2732374970894
12.0875,1.5096307348079,0.959793468092549,6.59799295754878,56.2747263353643
12.0875992063492,1.50998943810487,0.960015064530046,6.5948376407303,56.2762150789972
12.0876984126984,1.51034734048798,0.960236719367107,6.59168383320115,56.277703727708
12.0877976190476,1.51070444307658,0.960458432287737,6.58853153424183,56.2791922812169
12.0878968253968,1.51106074698935,0.960680202976154,6.58538074313317,56.2806807392442
12.087996031746,1.51141625334428,0.960902031116795,6.58223145915626,56.2821691015105
12.0880952380952,1.51177096325866,0.961123916394311,6.57908368159254,56.2836573677366
12.0881944444444,1.51212487784913,0.961345858493572,6.5759374097237,56.2851455376434
12.0882936507937,1.51247799823165,0.961567857099662,6.57279264283176,56.2866336109522
12.0883928571429,1.51283032552147,0.961789911897882,6.56964938019906,56.2881215873843
12.0884920634921,1.51318186083319,0.962012022573749,6.56650762110819,56.2896094666613
12.0885912698413,1.51353260528073,0.962234188813,6.56336736484205,56.291097248505
12.0886904761905,1.5138825599773,0.962456410301579,6.56022861068393,56.2925849326374
12.0887896825397,1.51423172603545,0.962678686725654,6.55709135791733,56.2940725187808
12.0888888888889,1.51458010456707,0.962901017771608,6.55395560582605,56.2955600066574
12.0889880952381,1.51492769668334,0.96312340312604,6.55082135369424,56.29704739599
12.0890873015873,1.51527450349476,0.963345842475763,6.54768860080631,56.2985346865013
12.0891865079365,1.51562052611117,0.963568335507811,6.54455734644699,56.3000218779143
12.0892857142857,1.51596576564173,0.963790881909429,6.54142758990133,56.3015089699524
12.0893849206349,1.5163102231949,0.964013481368081,6.53829933045463,56.3029959623388
12.0894841269841,1.51665389987847,0.964236133571448,6.53517256739255,56.3044828547973
12.0895833333333,1.51699679679955,0.964458838207425,6.532047300001,56.3059696470516
12.0896825396825,1.51733891506458,0.964681594964124,6.52892352756624,56.3074563388259
12.0897817460317,1.5176802557793,0.964904403529876,6.52580124937479,56.3089429298442
12.089880952381,1.51802082004879,0.965127263593223,6.52268046471349,56.3104294198312
12.0899801587302,1.51836060897744,0.965350174842929,6.51956117286948,56.3119158085114
12.0900793650794,1.51869962366897,0.965573136967972,6.51644337313016,56.3134020956098
12.0901785714286,1.51903786522639,0.965796149657542,6.51332706478336,56.3148882808512
12.0902777777778,1.51937533475207,0.96601921260105,6.51021224711708,56.3163743639611
12.090376984127,1.51971203334768,0.966242325488124,6.50709891941965,56.3178603446649
12.0904761904762,1.52004796211421,0.966465488008605,6.50398708097974,56.3193462226882
12.0905753968254,1.52038312215197,0.966688699852552,6.50087673108628,56.3208319977569
12.0906746031746,1.52071751456059,0.966911960710241,6.49776786902853,56.3223176695971
12.0907738095238,1.52105114043903,0.967135270272163,6.49466049409603,56.3238032379351
12.090873015873,1.52138400088556,0.967358628229025,6.49155460557863,56.3252887024974
12.0909722222222,1.52171609699778,0.967582034271752,6.48845020276649,56.3267740630106
12.0910714285714,1.52204742987259,0.967805488091483,6.48534728495007,56.3282593192017
12.0911706349206,1.52237800060624,0.968028989379574,6.48224585142011,56.3297444707977
12.0912698412698,1.52270781029426,0.968252537827599,6.47914590146768,56.3312295175259
12.091369047619,1.52303686003154,0.968476133127347,6.47604743438413,56.332714459114
12.0914682539683,1.52336515091228,0.968699774970821,6.47295044946113,56.3341992952894
12.0915674603175,1.52369268402998,0.968923463050248,6.46985494599058,56.3356840257803
12.0916666666667,1.52401946047748,0.969147197058059,6.46676092326484,56.3371686503146
12.0917658730159,1.52434548134693,0.969370976686909,6.46366838057643,56.3386531686208
12.0918650793651,1.52467074772981,0.969594801629671,6.46057731721822,56.3401375804272
12.0919642857143,1.5249952607169,0.96981867157943,6.45748773248336,56.3416218854628
12.0920634920635,1.52531902139834,0.970042586229489,6.45439962566533,56.3431060834563
12.0921626984127,1.52564203086354,0.970266545273367,6.4513129960579,56.344590174137
12.0922619047619,1.52596429020127,0.970490548404799,6.44822784295514,56.3460741572341
12.0923611111111,1.52628580049961,0.970714595317737,6.44514416565141,56.3475580324773
12.0924603174603,1.52660656284593,0.970938685706349,6.44206196344139,56.3490417995962
12.0925595238095,1.52692657832697,0.971162819265018,6.43898123562006,56.3505254583209
12.0926587301587,1.52724584802875,0.971386995688346,6.43590198148269,56.3520090083814
12.0927579365079,1.52756437303664,0.971611214671148,6.43282420032486,56.3534924495081
12.0928571428571,1.5278821544353,0.971835475908458,6.42974789144245,56.3549757814317
12.0929563492063,1.52819919330874,0.972059779095524,6.42667305413163,56.3564590038828
12.0930555555556,1.52851549074027,0.972284123927816,6.42359968768884,56.3579421165925
12.0931547619048,1.52883104781252,0.972508510101008,6.42052779141096,56.3594251192919
12.093253968254,1.52914586560745,0.972732937311002,6.41745736459502,56.3609080117124
12.0933531746032,1.52945994520634,0.972957405253912,6.41438840653841,56.3623907935855
12.0934523809524,1.52977328768978,0.973181913626068,6.41132091653881,56.3638734646432
12.0935515873016,1.5300858941377,0.973406462124017,6.40825489389421,56.3653560246173
12.0936507936508,1.53039776562932,0.973631050444522,6.40519033790291,56.36683847324
12.09375,1.5307089032432,0.973855678284562,6.40212724786349,56.3683208102439
12.0938492063492,1.53101930805723,0.974080345341333,6.39906562307484,56.3698030353613
12.0939484126984,1.5313289811486,0.974305051312246,6.39600546283616,56.3712851483253
12.0940476190476,1.53163792359382,0.97452979589493,6.39294676644693,56.3727671488687
12.0941468253968,1.53194613646874,0.974754578787229,6.38988953320697,56.3742490367248
12.094246031746,1.5322536208485,0.974979399687203,6.38683376241636,56.3757308116271
12.0943452380952,1.5325603778076,0.97520425829313,6.3837794533755,56.3772124733091
12.0944444444444,1.53286640841982,0.975429154303501,6.3807266053851,56.3786940215046
12.0945436507937,1.53317171375829,0.975654087417031,6.3776752177461,56.3801754559478
12.0946428571429,1.53347629489544,0.975879057332637,6.37462528975991,56.3816567763728
12.0947420634921,1.53378015290303,0.976104063749466,6.37157682072807,56.383137982514
12.0948412698413,1.53408328885213,0.976329106366875,6.3685298099525,56.3846190741062
12.0949404761905,1.53438570381316,0.976554184884439,6.36548425673541,56.3861000508842
12.0950396825397,1.53468739885582,0.976779299001948,6.36244016037929,56.387580912583
12.0951388888889,1.53498837504916,0.97700444841941,6.35939752018696,56.3890616589378
12.0952380952381,1.53528863346153,0.977229632837047,6.35635633546153,56.3905422896842
12.0953373015873,1.53558817516062,0.977454851955299,6.35331660550641,56.3920228045578
12.0954365079365,1.53588700121342,0.977680105474822,6.35027832962532,56.3935032032944
12.0955357142857,1.53618511268625,0.977905393096487,6.34724150712227,56.3949834856302
12.0956349206349,1.53648251064475,0.978130714521384,6.34420613730157,56.3964636513014
12.0957341269841,1.53677919615388,0.978356069450816,6.34117221946784,56.3979437000445
12.0958333333333,1.53707517027793,0.978581457586304,6.33813975292601,56.3994236315961
12.0959325396825,1.53737043408048,0.978806878629586,6.33510873698129,56.4009034456932
12.0960317460317,1.53766498862447,0.979032332282617,6.33207917093916,56.4023831420729
12.096130952381,1.53795883497213,0.979257818247561,6.32905105410553,56.4038627204724
12.0962301587302,1.53825197418502,0.979483336226808,6.32602438578647,56.4053421806293
12.0963293650794,1.53854440732402,0.979708885922959,6.32299916528843,56.4068215222812
12.0964285714286,1.53883613544933,0.979934467038832,6.31997539191811,56.4083007451661
12.0965277777778,1.53912715962047,0.980160079277463,6.31695306498256,56.409779849022
12.096626984127,1.53941748089629,0.980385722342101,6.31393218378909,56.4112588335873
12.0967261904762,1.53970710033495,0.980611395936215,6.31091274764534,56.4127376986005
12.0968253968254,1.53999601899392,0.980837099763488,6.30789475585925,56.4142164438004
12.0969246031746,1.54028423793001,0.981062833527818,6.30487820773905,56.4156950689257
12.0970238095238,1.54057175819933,0.981288596933324,6.30186310259326,56.4171735737158
12.097123015873,1.54085858085734,0.981514389684335,6.29884943973073,56.4186519579099
12.0972222222222,1.54114470695879,0.981740211485402,6.2958372184606,56.4201302212475
12.0973214285714,1.54143013755776,0.981966062041289,6.2928264380923,56.4216083634685
12.0974206349206,1.54171487370766,0.982191941056976,6.28981709793557,56.4230863843126
12.0975198412698,1.54199891646122,0.982417848237665,6.28680919730042,56.4245642835202
12.097619047619,1.54228226687045,0.982643783288762,6.28380273549726,56.4260420608315
12.0977182539683,1.54256492598674,0.9828697459159,6.28079771183671,56.4275197159872
12.0978174603175,1.54284689486077,0.983095735824926,6.27779412562971,56.4289972487278
12.0979166666667,1.54312817454254,0.983321752721902,6.2747919761875,56.4304746587946
12.0980158730159,1.54340876608136,0.983547796313106,6.27179126282164,56.4319519459285
12.0981150793651,1.54368867052589,0.983773866305033,6.26879198484397,56.433429109871
12.0982142857143,1.54396788892409,0.983999962404395,6.26579414156664,56.4349061503637
12.0983134920635,1.54424642232323,0.984226084318119,6.26279773230211,56.4363830671483
12.0984126984127,1.54452427176993,0.984452231753348,6.25980275636313,56.4378598599668
12.0985119047619,1.54480143831011,0.984678404417442,6.25680921306275,56.4393365285615
12.0986111111111,1.545077922989,0.984904602017978,6.25381710171434,56.4408130726746
12.0987103174603,1.54535372685119,0.985130824262748,6.25082642163154,56.4422894920489
12.0988095238095,1.54562885094054,0.985357070859761,6.24783717212832,56.4437657864271
12.0989087301587,1.54590329630026,0.985583341517241,6.24484935251894,56.4452419555522
12.0990079365079,1.54617706397288,0.985809635943633,6.24186296211792,56.4467179991674
12.0991071428571,1.54645015500024,0.986035953847588,6.23887800024021,56.4481939170162
12.0992063492063,1.5467225704235,0.986262294937984,6.23589446620092,56.4496697088421
12.0993055555556,1.54699431128316,0.98648865892391,6.23291235931552,56.451145374389
12.0994047619048,1.547265378619,0.986715045514672,6.22993167889979,56.4526209134009
12.099503968254,1.54753577347017,0.986941454419793,6.22695242426979,56.454096325622
12.0996031746032,1.5478054968751,0.987167885349013,6.22397459474188,56.4555716107968
12.0997023809524,1.54807454987157,0.987394338012285,6.22099818963275,56.4570467686699
12.0998015873016,1.54834293349664,0.987620812119781,6.21802320825935,56.4585217989862
12.0999007936508,1.54861064878674,0.987847307381889,6.21504964993898,56.4599967014906
12.1,1.54887769677758,0.988073823509213,6.2120775139892,56.4614714759285
12.1000992063492,1.54914407850422,0.988300360212573,6.20910679972788,56.4629461220453
12.1001984126984,1.54940979500101,0.988526917203006,6.20613750647321,56.4644206395867
12.1002976190476,1.54967484730164,0.988753494191763,6.20316963354367,56.4658950282984
12.1003968253968,1.54993923643913,0.988980090890314,6.20020318025803,56.4673692879267
12.100496031746,1.55020296344579,0.989206707010348,6.19723814593534,56.4688434182177
12.1005952380952,1.55046602935327,0.989433342263758,6.19427452989506,56.4703174189179
12.1006944444444,1.55072843519254,0.989659996362668,6.19131233145684,56.471791289774
12.1007936507937,1.55099018199389,0.989886669019409,6.18835154994066,56.4732650305329
12.1008928571429,1.55125127078692,0.990113359946533,6.18539218466681,56.4747386409417
12.1009920634921,1.55151170260055,0.990340068856806,6.18243423495587,56.4762121207476
12.1010912698413,1.55177147846305,0.990566795463211,6.17947770012875,56.4776854696981
12.1011904761905,1.55203059940196,0.990793539478947,6.17652257950662,56.479158687541
12.1012896825397,1.55228906644419,0.991020300617429,6.17356887241099,56.4806317740242
12.1013888888889,1.55254688061593,0.991247078592289,6.17061657816364,56.4821047288957
12.1014880952381,1.55280404294273,0.991473873117375,6.16766569608668,56.4835775519039
12.1015873015873,1.55306055444941,0.99170068390675,6.16471622550249,56.4850502427972
12.1016865079365,1.55331641616016,0.991927510674695,6.16176816573378,56.4865228013244
12.1017857142857,1.55357162909845,0.992154353135707,6.15882151610354,56.4879952272345
12.1018849206349,1.5538261942871,0.992381211004499,6.15587627593508,56.4894675202765
12.1019841269841,1.55408011274824,0.992608083996002,6.15293244455196,56.4909396801997
12.1020833333333,1.55433338550332,0.992834971825357,6.14999002127816,56.4924117067538
12.1021825396825,1.55458601357309,0.993061874207927,6.14704900543785,56.4938835996883
12.1022817460317,1.55483799797766,0.993288790859291,6.14410939635553,56.4953553587534
12.102380952381,1.55508933973643,0.993515721495244,6.14117119335601,56.496826983699
12.1024801587302,1.55534003986812,0.993742665831794,6.1382343957644,56.4982984742757
12.1025793650794,1.5555900993908,0.99396962358517,6.13529900290611,56.4997698302338
12.1026785714286,1.55583951932182,0.994196594471815,6.13236501410685,56.5012410513242
12.1027777777778,1.55608830067788,0.994423578208387,6.12943242869264,56.5027121372979
12.102876984127,1.55633644447499,0.994650574511762,6.12650124598978,56.504183087906
12.1029761904762,1.55658395172848,0.994877583099032,6.1235714653249,56.5056539028998
12.1030753968254,1.55683082345299,0.995104603687504,6.12064308602491,56.507124582031
12.1031746031746,1.5570770606625,0.995331635994704,6.11771610741703,56.5085951250513
12.1032738095238,1.55732266437029,0.995558679738372,6.11479052882878,56.5100655317126
12.103373015873,1.55756763558898,0.995785734636465,6.11186634958797,56.5115358017673
12.1034722222222,1.5578119753305,0.996012800407158,6.1089435690227,56.5130059349677
12.1035714285714,1.55805568460609,0.996239876768836,6.10602218646146,56.5144759310663
12.1036706349206,1.55829876442634,0.996466963440106,6.10310220123295,56.5159457898159
12.1037698412698,1.55854121580112,0.996694060139791,6.10018361266618,56.5174155109696
12.103869047619,1.55878303973965,0.996921166586929,6.09726642009049,56.5188850942806
12.1039682539683,1.55902423725046,0.997148282500775,6.0943506228355,56.5203545395023
12.1040674603175,1.55926480934141,0.997375407600798,6.09143622023114,56.5218238463882
12.1041666666667,1.55950475701966,0.997602541606687,6.08852321160765,56.5232930146922
12.1042658730159,1.5597440812917,0.997829684238344,6.08561159629556,56.5247620441683
12.1043650793651,1.55998278316335,0.998056835215889,6.0827013736257,56.5262309345708
12.1044642857143,1.56022086363974,0.998283994259657,6.07979254292921,56.5276996856541
12.1045634920635,1.56045832372532,0.998511161090201,6.07688510353753,56.5291682971727
12.1046626984127,1.56069516442386,0.998738335428288,6.07397905478239,56.5306367688816
12.1047619047619,1.56093138673846,0.998965516994904,6.07107439599583,56.5321051005358
12.1048611111111,1.56116699167152,0.99919270551125,6.06817112651021,56.5335732918904
12.1049603174603,1.56140198022478,0.999419900698744,6.06526924565811,56.5350413427011
12.1050595238095,1.5616363533993,0.999647102279015,6.06236875277256,56.5365092527233
12.1051587301587,1.56187011219543,0.999874309973916,6.05946964718677,56.5379770217131
12.1052579365079,1.56210325761289,1.00010152350551,6.05657192823428,56.5394446494263
12.1053571428571,1.56233579065067,1.00032874259608,6.05367559524894,56.5409121356194
12.1054563492063,1.56256771230712,1.00055596696813,6.05078064756491,56.5423794800487
12.1055555555556,1.56279902357989,1.00078319634437,6.04788708451662,56.543846682471
12.1056547619048,1.56302972546594,1.00101043044773,6.04499490543884,56.545313742643
12.105753968254,1.56325981896158,1.00123766900136,6.04210410966662,56.546780660322
12.1058531746032,1.56348930506242,1.00146491172862,6.03921469653531,56.5482474352651
12.1059523809524,1.56371818476339,1.00169215835309,6.03632666538056,56.5497140672299
12.1060515873016,1.56394645905874,1.00191940859857,6.03344001553834,56.551180555974
12.1061507936508,1.56417412894205,1.00214666218907,6.0305547463449,56.5526469012554
12.10625,1.56440119540622,1.00237391884882,6.0276708571368,56.5541131028321
12.1063492063492,1.56462765944345,1.00260117830226,6.02478834725091,56.5555791604625
12.1064484126984,1.56485352204529,1.00282844027406,6.02190721602435,56.557045073905
12.1065476190476,1.56507878420258,1.00305570448908,6.01902746279466,56.5585108429184
12.1066468253968,1.5653034469055,1.00328297067243,6.01614908689956,56.5599764672616
12.106746031746,1.56552751114355,1.00351023854942,6.01327208767712,56.5614419466936
12.1068452380952,1.56575097790555,1.00373750784557,6.01039646446572,56.5629072809739
12.1069444444444,1.56597384817961,1.00396477828662,6.00752221660402,56.564372469862
12.1070436507937,1.56619612295322,1.00419204959853,6.00464934343099,56.5658375131175
12.1071428571429,1.56641780321312,1.00441932150748,6.0017778442859,56.5673024105004
12.1072420634921,1.56663888994544,1.00464659373986,5.99890771850833,56.5687671617709
12.1073412698413,1.56685938413557,1.00487386602227,5.99603896543815,56.5702317666892
12.1074404761905,1.56707928676825,1.00510113808154,5.99317158441554,56.571696225016
12.1075396825397,1.56729859882755,1.00532840964471,5.99030557478097,56.573160536512
12.1076388888889,1.56751732129683,1.00555568043904,5.98744093587523,56.5746247009381
12.1077380952381,1.5677354551588,1.00578295019199,5.9845776670394,56.5760887180556
12.1078373015873,1.56795300139547,1.00601021863126,5.98171576761484,56.5775525876257
12.1079365079365,1.56816996098817,1.00623748548476,5.97885523694322,56.57901630941
12.1080357142857,1.56838633491757,1.00646475048059,5.97599607436659,56.5804798831704
12.1081349206349,1.56860212416363,1.00669201334711,5.9731382792272,56.5819433086687
12.1082341269841,1.56881732970566,1.00691927381286,5.97028185086763,56.5834065856672
12.1083333333333,1.56903195252228,1.00714653160661,5.96742678863078,56.5848697139282
12.1084325396825,1.56924599359142,1.00737378645735,5.96457309185983,56.5863326932143
12.1085317460317,1.56945945389033,1.00760103809429,5.96172075989828,56.5877955232883
12.108630952381,1.56967233439561,1.00782828624684,5.95886979208991,56.5892582039133
12.1087301587302,1.56988463608313,1.00805553064463,5.95602018777882,56.5907207348523
12.1088293650794,1.57009635992813,1.00828277101753,5.95317194630941,56.5921831158689
12.1089285714286,1.57030750690514,1.00851000709559,5.95032506702636,56.5936453467266
12.1090277777778,1.57051807798801,1.0087372386091,5.94747954927469,56.5951074271891
12.109126984127,1.57072807414993,1.00896446528856,5.94463539239968,56.5965693570207
12.1092261904762,1.5709374963634,1.00919168686468,5.94179259574695,56.5980311359853
12.1093253968254,1.57114634560023,1.00941890306841,5.93895115866238,56.5994927638476
12.1094246031746,1.57135462283156,1.00964611363088,5.93611108049215,56.6009542403721
12.1095238095238,1.57156232902785,1.00987331828347,5.93327236058283,56.6024155653236
12.109623015873,1.57176946515887,1.01010051675775,5.9304349982812,56.6038767384671
12.1097222222222,1.57197603219374,1.01032770878553,5.92759899293436,56.605337759568
12.1098214285714,1.57218203110086,1.01055489409881,5.92476434388971,56.6067986283915
12.1099206349206,1.57238746284798,1.01078207242983,5.92193105049498,56.6082593447035
12.1100198412698,1.57259232840216,1.01100924351103,5.91909911209816,56.6097199082697
12.110119047619,1.57279662872977,1.01123640707508,5.91626852804758,56.6111803188563
12.1102182539683,1.57300036479652,1.01146356285485,5.91343929769184,56.6126405762293
12.1103174603175,1.57320353756742,1.01169071058344,5.91061142037987,56.6141006801554
12.1104166666667,1.57340614800681,1.01191784999417,5.90778489546087,56.6155606304011
12.1105158730159,1.57360819707837,1.01214498082055,5.90495972228437,56.6170204267334
12.1106150793651,1.57380968574505,1.01237210279635,5.90213590020018,56.6184800689193
12.1107142857143,1.57401061496918,1.0125992156555,5.89931342855843,56.6199395567261
12.1108134920635,1.57421098571236,1.0128263191322,5.89649230670953,56.6213988899213
12.1109126984127,1.57441079893554,1.01305341296083,5.89367253400418,56.6228580682726
12.1110119047619,1.57461005559897,1.013280496876,5.89085410979347,56.6243170915477
12.1111111111111,1.57480875666225,1.01350757061255,5.88803703342869,56.625775959515
12.1112103174603,1.57500690308426,1.0137346339055,5.88522130426147,56.6272346719425
12.1113095238095,1.57520449582324,1.01396168649012,5.88240692164373,56.6286932285989
12.1114087301587,1.57540153583672,1.01418872810189,5.87959388492771,56.6301516292529
12.1115079365079,1.57559802408156,1.01441575847649,5.87678219346594,56.6316098736733
12.1116071428571,1.57579396151395,1.01464277734983,5.87397184661126,56.6330679616293
12.1117063492063,1.57598934908939,1.01486978445803,5.87116284371678,56.6345258928902
12.1118055555556,1.5761841877627,1.01509677953743,5.86835518413596,56.6359836672254
12.1119047619048,1.57637847848801,1.0153237623246,5.86554886722252,56.6374412844048
12.112003968254,1.57657222221881,1.01555073255629,5.86274389233051,56.6388987441983
12.1121031746032,1.57676541990786,1.0157776899695,5.85994025881426,56.6403560463759
12.1122023809524,1.57695807250726,1.01600463430143,5.85713796602842,56.6418131907081
12.1123015873016,1.57715018096845,1.01623156528951,5.85433701332792,56.6432701769653
12.1124007936508,1.57734174624217,1.01645848267136,5.85153740006798,56.6447270049184
12.1125,1.57753276927847,1.01668538618485,5.84873912560421,56.6461836743382
12.1125992063492,1.57772325102674,1.01691227556804,5.84594218929242,56.6476401849959
12.1126984126984,1.57791319243569,1.01713915055922,5.84314659048876,56.6490965366629
12.1127976190476,1.57810259445333,1.01736601089689,5.84035232854968,56.6505527291107
12.1128968253968,1.57829145802701,1.01759285631977,5.83755940283192,56.6520087621112
12.112996031746,1.57847978410339,1.01781968656679,5.83476781269255,56.6534646354361
12.1130952380952,1.57866757362846,1.0180465013771,5.8319775574889,56.6549203488578
12.1131944444444,1.57885482754753,1.01827330049007,5.82918863657865,56.6563759021487
12.1132936507937,1.5790415468052,1.01850008364529,5.82640104931973,56.6578312950812
12.1133928571429,1.57922773234544,1.01872685058255,5.82361479507041,56.6592865274282
12.1134920634921,1.5794133851115,1.01895360104187,5.82082987318925,56.6607415989626
12.1135912698413,1.57959850604597,1.01918033476348,5.81804628303511,56.6621965094577
12.1136904761905,1.57978309609075,1.01940705148783,5.81526402396714,56.6636512586869
12.1137896825397,1.57996715618707,1.01963375095558,5.81248309534482,56.6651058464237
12.1138888888889,1.58015068727548,1.01986043290762,5.80970349652786,56.666560272442
12.1139880952381,1.58033369029582,1.02008709708504,5.8069252268764,56.6680145365157
12.1140873015873,1.5805161661873,1.02031374322915,5.80414828575078,56.6694686384191
12.1141865079365,1.58069811588842,1.02054037108149,5.80137267251166,56.6709225779265
12.1142857142857,1.580879540337,1.02076698038381,5.79859838652002,56.6723763548127
12.1143849206349,1.58106044047019,1.02099357087805,5.79582542713711,56.6738299688525
12.1144841269841,1.58124081722445,1.0212201423064,5.79305379372452,56.6752834198207
12.1145833333333,1.58142067153558,1.02144669441126,5.79028348564411,56.6767367074928
12.1146825396825,1.58160000433866,1.02167322693524,5.78751450225807,56.6781898316441
12.1147817460317,1.58177881656814,1.02189973962116,5.78474684292886,56.6796427920503
12.114880952381,1.58195710915776,1.02212623221207,5.78198050701926,56.6810955884872
12.1149801587302,1.58213488304058,1.02235270445123,5.77921549389236,56.6825482207308
12.1150793650794,1.582312139149,1.02257915608211,5.77645180291152,56.6840006885575
12.1151785714286,1.58248887841471,1.02280558684841,5.77368943344044,56.6854529917436
12.1152777777778,1.58266510176874,1.02303199649403,5.7709283848431,56.6869051300658
12.115376984127,1.58284081014145,1.0232583847631,5.76816865648374,56.6883571033011
12.1154761904762,1.58301600446249,1.02348475139996,5.76541024772701,56.6898089112263
12.1155753968254,1.58319068566086,1.02371109614917,5.76265315793778,56.6912605536189
12.1156746031746,1.58336485466486,1.0239374187555,5.75989738648123,56.6927120302563
12.1157738095238,1.58353851240212,1.02416371896393,5.75714293272284,56.6941633409162
12.115873015873,1.58371165979958,1.02438999651969,5.75438979602841,56.6956144853765
12.1159722222222,1.58388429778353,1.02461625116819,5.75163797576404,56.6970654634152
12.1160714285714,1.58405642727953,1.02484248265506,5.7488874712961,56.6985162748106
12.1161706349206,1.58422804921251,1.02506869072617,5.7461382819913,56.6999669193413
12.1162698412698,1.58439916450669,1.02529487512758,5.74339040721664,56.7014173967859
12.116369047619,1.58456977408561,1.02552103560558,5.74064384633941,56.7028677069233
12.1164682539683,1.58473987887215,1.02574717190668,5.7378985987272,56.7043178495327
12.1165674603175,1.58490947978849,1.02597328377759,5.73515466374793,56.7057678243933
12.1166666666667,1.58507857775615,1.02619937096526,5.73241204076979,56.7072176312847
12.1167658730159,1.58524717369594,1.02642543321683,5.72967072916128,56.7086672699866
12.1168650793651,1.58541526852804,1.02665147027967,5.72693072829116,56.710116740279
12.1169642857143,1.58558286317188,1.02687748190137,5.72419203752864,56.7115660419418
12.1170634920635,1.58574995854628,1.02710346782973,5.72145465624305,56.7130151747555
12.1171626984127,1.58591655556934,1.02732942781277,5.71871858380413,56.7144641385007
12.1172619047619,1.58608265515848,1.02755536159871,5.71598381958187,56.7159129329579
12.1173611111111,1.58624825823046,1.02778126893602,5.71325036294659,56.7173615579082
12.1174603174603,1.58641336570135,1.02800714957336,5.7105182132689,56.7188100131328
12.1175595238095,1.58657797848654,1.0282330032596,5.70778736991971,56.720258298413
12.1176587301587,1.58674209750073,1.02845882974385,5.70505783227024,56.7217064135303
12.1177579365079,1.58690572365796,1.02868462877543,5.70232959969201,56.7231543582664
12.1178571428571,1.58706885787158,1.02891040010386,5.69960267155682,56.7246021324035
12.1179563492063,1.58723150105426,1.02913614347889,5.69687704723681,56.7260497357235
12.1180555555556,1.58739365411798,1.02936185865049,5.69415272610438,56.727497168009
12.1181547619048,1.58755531797407,1.02958754536884,5.69142970753227,56.7289444290424
12.118253968254,1.58771649353315,1.02981320338433,5.68870799089349,56.7303915186066
12.1183531746032,1.58787718170516,1.03003883244758,5.68598757556133,56.7318384364845
12.1184523809524,1.5880373833994,1.03026443230941,5.68326846090949,56.7332851824592
12.1185515873016,1.58819709952443,1.03049000272087,5.68055064631186,56.7347317563143
12.1186507936508,1.58835633098818,1.03071554343322,5.67783413114267,56.7361781578333
12.11875,1.58851507869788,1.03094105419795,5.67511891477645,56.7376243868
12.1188492063492,1.58867334356007,1.03116653476673,5.67240499658803,56.7390704429984
12.1189484126984,1.58883112648064,1.03139198489149,5.66969237595255,56.7405163262127
12.1190476190476,1.58898842836476,1.03161740432435,5.66698105224542,56.7419620362273
12.1191468253968,1.58914525011697,1.03184279281766,5.6642710248424,56.7434075728268
12.119246031746,1.58930159264108,1.03206815012396,5.66156229311951,56.7448529357961
12.1193452380952,1.58945745684025,1.03229347599605,5.6588548564531,56.7462981249201
12.1194444444444,1.58961284361695,1.0325187701869,5.6561487142198,56.7477431399841
12.1195436507937,1.58976775387297,1.03274403244973,5.65344386579655,56.7491879807735
12.1196428571429,1.58992218850943,1.03296926253796,5.6507403105606,56.750632647074
12.1197420634921,1.59007614842677,1.03319446020524,5.64803804788949,56.7520771386714
12.1198412698413,1.59022963452472,1.03341962520542,5.64533707716102,56.7535214553517
12.1199404761905,1.59038264770238,1.03364475729256,5.64263739775342,56.7549655969012
12.1200396825397,1.59053518885812,1.03386985622097,5.63993900904509,56.7564095631063
12.1201388888889,1.59068725888966,1.03409492174514,5.63724191041479,56.7578533537537
12.1202380952381,1.59083885869404,1.0343199536198,5.63454610124156,56.7592969686302
12.1203373015873,1.59098998916762,1.03454495159988,5.63185158090475,56.760740407523
12.1204365079365,1.59114065120605,1.03476991544055,5.62915834878402,56.7621836702191
12.1205357142857,1.59129084570435,1.03499484489716,5.62646640425932,56.7636267565063
12.1206349206349,1.59144057355682,1.03521973972532,5.6237757467109,56.765069666172
12.1207341269841,1.5915898356571,1.03544459968081,5.62108637551933,56.7665123990042
12.1208333333333,1.59173863289813,1.03566942451967,5.61839829006546,56.767954954791
12.1209325396825,1.59188696617221,1.03589421399812,5.61571148973045,56.7693973333206
12.1210317460317,1.59203483637091,1.03611896787262,5.61302597389575,56.7708395343815
12.121130952381,1.59218224438516,1.03634368589983,5.61034174194314,56.7722815577625
12.1212301587302,1.59232919110519,1.03656836783664,5.60765879325468,56.7737234032525
12.1213293650794,1.59247567742056,1.03679301344016,5.60497712721268,56.7751650706404
12.1214285714286,1.59262170422014,1.03701762246769,5.6022967431999,56.7766065597157
12.1215277777778,1.59276727239213,1.03724219467677,5.59961764059925,56.7780478702678
12.121626984127,1.59291238282403,1.03746672982516,5.59693981879402,56.7794890020865
12.1217261904762,1.5930570364027,1.0376912276708,5.59426327716777,56.7809299549616
12.1218253968254,1.59320123401428,1.0379156879719,5.59158801510438,56.7823707286834
12.1219246031746,1.59334497654425,1.03814011048684,5.588914031988,56.783811323042
12.1220238095238,1.5934882648774,1.03836449497425,5.58624132720313,56.7852517378281
12.122123015873,1.59363109989786,1.03858884119294,5.58356990013453,56.7866919728324
12.1222222222222,1.59377348248905,1.03881314890197,5.58089975016727,56.7881320278458
12.1223214285714,1.59391541353374,1.0390374178606,5.57823087668675,56.7895719026594
12.1224206349206,1.594056893914,1.03926164782832,5.57556327907864,56.7910115970647
12.1225198412698,1.59419792451123,1.03948583856481,5.57289695672891,56.7924511108531
12.122619047619,1.59433850620615,1.03970998982999,5.57023190902386,56.7938904438164
12.1227182539683,1.59447863987879,1.03993410138399,5.56756813535006,56.7953295957465
12.1228174603175,1.59461832640851,1.04015817298715,5.56490563509436,56.7967685664357
12.1229166666667,1.59475756667398,1.04038220440004,5.56224440764402,56.7982073556762
12.1230158730159,1.59489636155321,1.04060619538342,5.55958445238649,56.7996459632607
12.1231150793651,1.59503471192351,1.0408301456983,5.55692576870957,56.8010843889819
12.1232142857143,1.59517261866152,1.04105405510588,5.55426835600133,56.8025226326328
12.1233134920635,1.5953100826432,1.04127792336758,5.55161221365018,56.8039606940066
12.1234126984127,1.59544710474382,1.04150175024506,5.5489573410448,56.8053985728967
12.1235119047619,1.59558368583799,1.04172553550017,5.5463037375742,56.8068362690966
12.1236111111111,1.59571982679962,1.04194927889499,5.54365140262765,56.8082737824001
12.1237103174603,1.59585552850195,1.0421729801918,5.54100033559477,56.8097111126013
12.1238095238095,1.59599079181754,1.04239663915311,5.53835053586545,56.8111482594943
12.1239087301587,1.59612561761827,1.04262025554164,5.53570200282989,56.8125852228735
12.1240079365079,1.59626000677533,1.04284382912035,5.53305473587858,56.8140220025336
12.1241071428571,1.59639396015925,1.04306735965237,5.53040873440235,56.8154585982694
12.1242063492063,1.59652747863987,1.04329084690109,5.52776399779227,56.8168950098758
12.1243055555556,1.59666056308634,1.0435142906301,5.52512052543974,56.8183312371481
12.1244047619048,1.59679321436714,1.04373769060319,5.52247831673651,56.8197672798818
12.124503968254,1.59692543335008,1.04396104658439,5.51983737107457,56.8212031378724
12.1246031746032,1.59705722090227,1.04418435833793,5.51719768784622,56.8226388109157
12.1247023809524,1.59718857789015,1.04440762562828,5.51455926644408,56.8240742988079
12.1248015873016,1.59731950517948,1.04463084822009,5.51192210626105,56.8255096013451
12.1249007936508,1.59745000363535,1.04485402587826,5.50928620669035,56.8269447183238
12.125,1.59758007412215,1.04507715836789,5.5066515671255,56.8283796495407
12.1250992063492,1.5977097175036,1.0453002454543,5.5040181869603,56.8298143947926
12.1251984126984,1.59783893464275,1.04552328690301,5.50138606558888,56.8312489538765
12.1252976190476,1.59796772640195,1.04574628247979,5.49875520240565,56.8326833265897
12.1253968253968,1.59809609364289,1.04596923195061,5.49612559680534,56.8341175127297
12.125496031746,1.59822403722656,1.04619213508163,5.49349724818296,56.8355515120941
12.1255952380952,1.59835155801329,1.04641499163927,5.49087015593384,56.8369853244809
12.1256944444444,1.59847865686272,1.04663780139014,5.48824431945359,56.838418949688
12.1257936507937,1.59860533463381,1.04686056410107,5.48561973813812,56.8398523875138
12.1258928571429,1.59873159218484,1.04708327953912,5.48299641138372,56.8412856377567
12.1259920634921,1.59885743010678,1.04730594759919,5.48037433847489,56.8427187003486
12.1260912698413,1.59898284773679,1.04752856876304,5.47775351824102,56.8441515758307
12.1261904761905,1.59910784536795,1.04775114303564,5.47513395001538,56.8455842642434
12.1262896825397,1.59923242347294,1.04797367033472,5.47251563321329,56.8470167655359
12.1263888888889,1.59935658252435,1.04819615057802,5.46989856725028,56.8484490796574
12.1264880952381,1.59948032299461,1.04841858368331,5.46728275154209,56.8498812065571
12.1265873015873,1.59960364535604,1.04864096956834,5.4646681855047,56.8513131461843
12.1266865079365,1.59972655008082,1.0488633081509,5.46205486855428,56.8527448984881
12.1267857142857,1.599849037641,1.04908559934877,5.45944280010724,56.8541764634178
12.1268849206349,1.59997110850851,1.04930784307977,5.45683197958018,56.8556078409226
12.1269841269841,1.60009276315514,1.0495300392617,5.45422240638996,56.8570390309517
12.1270833333333,1.60021400205255,1.04975218781239,5.45161407995361,56.8584700334543
12.1271825396825,1.60033482567229,1.04997428864969,5.4490069996884,56.8599008483796
12.1272817460317,1.60045523448575,1.05019634169143,5.4464011650118,56.8613314756769
12.127380952381,1.60057522896422,1.05041834685548,5.44379657534156,56.8627619152954
12.1274801587302,1.60069480957883,1.05064030405972,5.44119323009557,56.8641921671843
12.1275793650794,1.60081397680061,1.05086221322203,5.43859112869198,56.8656222312928
12.1276785714286,1.60093273110045,1.05108407426031,5.43599027054913,56.8670521075702
12.1277777777778,1.60105107294909,1.05130588709246,5.43339065508559,56.8684817959657
12.127876984127,1.60116900281717,1.05152765163642,5.43079228172016,56.8699112964286
12.1279761904762,1.60128652117519,1.0517493678101,5.42819514987184,56.8713406089081
12.1280753968254,1.60140362849351,1.05197103553146,5.42559925895985,56.8727697333534
12.1281746031746,1.60152032524238,1.05219265471845,5.42300460840363,56.8741986697138
12.1282738095238,1.6016366118919,1.05241422528904,5.42041119762284,56.8756274179385
12.128373015873,1.60175248891206,1.05263574716121,5.41781902603736,56.8770559779767
12.1284722222222,1.6018679567727,1.05285722025295,5.41522809306726,56.8784843497777
12.1285714285714,1.60198301594355,1.05307864448227,5.41263839813287,56.8799125332908
12.1286706349206,1.6020976668942,1.05330001976718,5.4100499406547,56.8813405284653
12.1287698412698,1.6022119100941,1.05352134602571,5.40746272005347,56.8827683352503
12.128869047619,1.6023257460126,1.05374262317589,5.4048767357502,56.8841959535951
12.1289682539683,1.60243917511889,1.05396385113578,5.40229198716604,56.8856233834489
12.1290674603175,1.60255219788205,1.05418502982344,5.39970847372238,56.8870506247611
12.1291666666667,1.60266481477101,1.05440615915695,5.39712619484083,56.8884776774809
12.1292658730159,1.60277702625461,1.05462723905439,5.39454514994321,56.8899045415576
12.1293650793651,1.60288883280151,1.05484826943387,5.39196533845158,56.8913312169404
12.1294642857143,1.60300023488027,1.05506925021348,5.3893867597882,56.8927577035786
12.1295634920635,1.60311123295932,1.05529018131135,5.38680941337554,56.8941840014215
12.1296626984127,1.60322182750696,1.05551106264562,5.3842332986363,56.8956101104183
12.1297619047619,1.60333201899135,1.05573189413443,5.38165841499339,56.8970360305183
12.1298611111111,1.60344180788052,1.05595267569593,5.37908476186996,56.8984617616708
12.1299603174603,1.60355119464238,1.05617340724831,5.37651233868933,56.899887303825
12.1300595238095,1.60366017974472,1.05639408870973,5.37394114487509,56.9013126569304
12.1301587301587,1.60376876365517,1.05661471999839,5.37137117985101,56.902737820936
12.1302579365079,1.60387694684126,1.05683530103251,5.36880244304105,56.9041627957913
12.1303571428571,1.60398472977038,1.05705583173028,5.36623493386951,56.9055875814454
12.1304563492063,1.60409211290977,1.05727631200994,5.36366865176077,56.9070121778477
12.1305555555556,1.60419909672658,1.05749674178973,5.3611035961395,56.9084365849475
12.1306547619048,1.6043056816878,1.0577171209879,5.35853976643055,56.9098608026941
12.130753968254,1.60441186826031,1.05793744952271,5.35597716205903,56.9112848310367
12.1308531746032,1.60451765691084,1.05815772731245,5.35341578245021,56.9127086699247
12.1309523809524,1.604623048106,1.05837795427539,5.35085562702963,56.9141323193073
12.1310515873016,1.60472804231227,1.05859813032984,5.34829669522303,56.9155557791339
12.1311507936508,1.60483263999602,1.05881825539411,5.34573898645634,56.9169790493537
12.13125,1.60493684162345,1.05903832938652,5.34318250015576,56.9184021299161
12.1313492063492,1.60504064766066,1.0592583522254,5.34062723574766,56.9198250207703
12.1314484126984,1.60514405857362,1.05947832382911,5.33807319265864,56.9212477218658
12.1315476190476,1.60524707482816,1.05969824411599,5.33552037031554,56.9226702331517
12.1316468253968,1.60534969688998,1.05991811300442,5.33296876814538,56.9240925545773
12.131746031746,1.60545192522466,1.06013793041279,5.3304183855754,56.9255146860922
12.1318452380952,1.60555376029764,1.06035769625947,5.32786922203313,56.9269366276454
12.1319444444444,1.60565520257424,1.06057741046289,5.32532127694622,56.9283583791863
12.1320436507937,1.60575625251963,1.06079707294145,5.3227745497426,56.9297799406643
12.1321428571429,1.60585691059889,1.06101668361359,5.32022903985037,56.9312013120287
12.1322420634921,1.60595717727693,1.06123624239775,5.31768474669789,56.9326224932288
12.1323412698413,1.60605705301855,1.06145574921237,5.31514166971372,56.9340434842139
12.1324404761905,1.60615653828842,1.06167520397593,5.31259980832662,56.9354642849334
12.1325396825397,1.60625563355108,1.0618946066069,5.31005916196559,56.9368848953365
12.1326388888889,1.60635433927093,1.06211395702376,5.30751973005984,56.9383053153727
12.1327380952381,1.60645265591225,1.06233325514503,5.3049815120388,56.9397255449912
12.1328373015873,1.6065505839392,1.0625525008892,5.30244450733212,56.9411455841414
12.1329365079365,1.60664812381579,1.06277169417481,5.29990871536965,56.9425654327726
12.1330357142857,1.60674527600591,1.06299083492038,5.29737413558147,56.9439850908342
12.1331349206349,1.60684204097331,1.06320992304447,5.29484076739789,56.9454045582755
12.1332341269841,1.60693841918165,1.06342895846564,5.29230861024937,56.9468238350458
12.1333333333333,1.6070344110944,1.06364794110245,5.28977766356673,56.9482429210945
12.1334325396825,1.60713001717495,1.06386687087348,5.28724792678086,56.949661816371
12.1335317460317,1.60722523788653,1.06408574769734,5.28471939932294,56.9510805208245
12.133630952381,1.60732007369226,1.06430457149263,5.28219208062435,56.9524990344045
12.1337301587302,1.60741452505512,1.06452334217796,5.27966597011668,56.9539173570603
12.1338293650794,1.60750859243797,1.06474205967197,5.27714106723175,56.9553354887412
12.1339285714286,1.60760227630352,1.0649607238933,5.2746173714016,56.9567534293966
12.1340277777778,1.60769557711438,1.0651793347606,5.27209488205847,56.9581711789759
12.134126984127,1.607788495333,1.06539789219254,5.26957359863484,56.9595887374284
12.1342261904762,1.60788103142172,1.06561639610779,5.26705352056338,56.9610061047035
12.1343253968254,1.60797318584275,1.06583484642504,5.264534647277,56.9624232807506
12.1344246031746,1.60806495905816,1.066053243063,5.26201697820881,56.9638402655189
12.1345238095238,1.60815635152989,1.06627158594037,5.25950051279216,56.965257058958
12.134623015873,1.60824736371977,1.06648987497588,5.25698525046059,56.9666736610171
12.1347222222222,1.60833799608949,1.06670811008827,5.25447119064784,56.9680900716457
12.1348214285714,1.60842824910058,1.06692629119629,5.25195833278797,56.969506290793
12.1349206349206,1.6085181232145,1.06714441821869,5.24944667631514,56.9709223184086
12.1350198412698,1.60860761889253,1.06736249107424,5.24693622066379,56.9723381544417
12.135119047619,1.60869673659584,1.06758050968173,5.24442696526853,56.9737537988418
12.1352182539683,1.60878547678547,1.06779847395996,5.24191890956424,56.9751692515581
12.1353174603175,1.60887383992233,1.06801638382773,5.23941205298599,56.9765845125402
12.1354166666667,1.6089618264672,1.06823423920386,5.23690639496905,56.9779995817374
12.1355158730159,1.60904943688074,1.06845204000718,5.23440193494895,56.9794144590991
12.1356150793651,1.60913667162345,1.06866978615654,5.2318986723614,56.9808291445747
12.1357142857143,1.60922353115574,1.06888747757078,5.22939660664235,56.9822436381135
12.1358134920635,1.60931001593786,1.06910511416878,5.22689573722796,56.983657939665
12.1359126984127,1.60939612642994,1.06932269586941,5.22439606355459,56.9850720491786
12.1360119047619,1.609481863092,1.06954022259156,5.22189758505885,56.9864859666037
12.1361111111111,1.60956722638389,1.06975769425413,5.21940030117754,56.9878996918896
12.1362103174603,1.60965221676537,1.06997511077605,5.21690421134766,56.9893132249858
12.1363095238095,1.60973683469605,1.07019247207622,5.21440931500651,56.9907265658416
12.1364087301587,1.6098210806354,1.0704097780736,5.21191561159153,56.9921397144065
12.1365079365079,1.60990495504279,1.07062702868712,5.20942310054039,56.9935526706299
12.1366071428571,1.60998845837745,1.07084422383575,5.20693178129099,56.9949654344613
12.1367063492063,1.61007159109846,1.07106136343846,5.20444165328144,56.9963780058499
12.1368055555556,1.61015435366479,1.07127844741424,5.20195271595007,56.9977903847452
12.1369047619048,1.61023674653527,1.07149547568208,5.19946496873542,56.9992025710967
12.137003968254,1.61031877016863,1.07171244816098,5.19697841107627,57.0006145648538
12.1371031746032,1.61040042502342,1.07192936476998,5.19449304241159,57.0020263659658
12.1372023809524,1.6104817115581,1.0721462254281,5.19200886218058,57.0034379743823
12.1373015873016,1.61056263023098,1.07236303005438,5.18952586982265,57.0048493900526
12.1374007936508,1.61064318150026,1.07257977856789,5.18704406477745,57.0062606129261
12.1375,1.610723365824,1.07279647088768,5.1845634464848,57.0076716429523
12.1375992063492,1.61080318366011,1.07301310693283,5.1820840143848,57.0090824800807
12.1376984126984,1.61088263546641,1.07322968662244,5.17960576791767,57.0104931242606
12.1377976190476,1.61096172170055,1.07344620987561,5.177128706524,57.0119035754415
12.1378968253968,1.61104044282009,1.07366267661145,5.17465282964447,57.0133138335728
12.137996031746,1.61111879928243,1.07387908674909,5.17217813672,57.014723898604
12.1380952380952,1.61119679154485,1.07409544020767,5.16970462719176,57.0161337704844
12.1381944444444,1.61127442006451,1.07431173690633,5.16723230050112,57.0175434491636
12.1382936507937,1.61135168529842,1.07452797676424,5.16476115608965,57.018952934591
12.1383928571429,1.61142858770348,1.07474415970057,5.16229119339917,57.0203622267161
12.1384920634921,1.61150512773645,1.0749602856345,5.15982241187169,57.0217713254882
12.1385912698413,1.61158130585397,1.07517635448524,5.15735481094945,57.0231802308568
12.1386904761905,1.61165712251253,1.075392366172,5.15488839007491,57.0245889427715
12.1387896825397,1.61173257816852,1.07560832061398,5.15242314869074,57.0259974611815
12.1388888888889,1.61180767327817,1.07582421773043,5.14995908623982,57.0274057860365
12.1389880952381,1.61188240829761,1.07604005744059,5.14749620216527,57.0288139172858
12.1390873015873,1.61195678368281,1.07625583966371,5.14503449591041,57.030221854879
12.1391865079365,1.61203079988963,1.07647156431907,5.14257396691875,57.0316295987654
12.1392857142857,1.6121044573738,1.07668723132594,5.1401146146341,57.0330371488946
12.1393849206349,1.61217775659092,1.07690284060361,5.13765643850042,57.034444505216
12.1394841269841,1.61225069799645,1.0771183920714,5.13519943796189,57.035851667679
12.1395833333333,1.61232328204572,1.0773338856486,5.13274361246292,57.0372586362332
12.1396825396825,1.61239550919396,1.07754932125455,5.13028896144814,57.0386654108281
12.1397817460317,1.61246737989623,1.07776469880859,5.12783548436239,57.040071991413
12.139880952381,1.61253889460748,1.07798001823007,5.12538318065074,57.0414783779375
12.1399801587302,1.61261005378254,1.07819527943836,5.12293204975845,57.042884570351
12.1400793650794,1.61268085787608,1.07841048235281,5.12048209113103,57.0442905686031
12.1401785714286,1.61275130734268,1.07862562689283,5.11803330421419,57.0456963726432
12.1402777777778,1.61282140263677,1.07884071297781,5.11558568845386,57.0471019824208
12.140376984127,1.61289114421263,1.07905574052716,5.11313924329617,57.0485073978854
12.1404761904762,1.61296053252445,1.07927070946029,5.11069396818751,57.0499126189864
12.1405753968254,1.61302956802627,1.07948561969665,5.10824986257443,57.0513176456734
12.1406746031746,1.61309825117199,1.07970047115568,5.10580692590372,57.0527224778959
12.1407738095238,1.6131665824154,1.07991526375684,5.10336515762245,57.0541271156034
12.140873015873,1.61323456221016,1.08012999741959,5.10092455717782,57.0555315587452
12.1409722222222,1.61330219100978,1.08034467206341,5.09848512401728,57.056935807271
12.1410714285714,1.61336946926766,1.0805592876078,5.09604685758849,57.0583398611303
12.1411706349206,1.61343639743707,1.08077384397226,5.09360975733934,57.0597437202725
12.1412698412698,1.61350297597113,1.08098834107631,5.09117382271793,57.0611473846471
12.141369047619,1.61356920532286,1.08120277883948,5.08873905317258,57.0625508542037
12.1414682539683,1.61363508594512,1.08141715718129,5.08630544815181,57.0639541288918
12.1415674603175,1.61370061829067,1.08163147602132,5.08387300710439,57.0653572086609
12.1416666666667,1.61376580281212,1.08184573527911,5.08144172947928,57.0667600934604
12.1417658730159,1.61383063996196,1.08205993487425,5.07901161472566,57.0681627832399
12.1418650793651,1.61389513019254,1.08227407472632,5.07658266229295,57.069565277949
12.1419642857143,1.61395927395609,1.08248815475492,5.07415487163075,57.0709675775371
12.1420634920635,1.6140230717047,1.08270217487966,5.07172824218891,57.0723696819537
12.1421626984127,1.61408652389036,1.08291613502016,5.06930277341745,57.0737715911485
12.1422619047619,1.61414963096489,1.08313003509606,5.06687846476671,57.0751733050708
12.1423611111111,1.61421239338001,1.083343875027,5.06445531568713,57.0765748236703
12.1424603174603,1.61427481158729,1.08355765473264,5.06203332562944,57.0779761468964
12.1425595238095,1.61433688603819,1.08377137413265,5.05961249404454,57.0793772746987
12.1426587301587,1.61439861718402,1.08398503314671,5.05719282038359,57.0807782070267
12.1427579365079,1.61446000547597,1.08419863169452,5.05477430409793,57.08217894383
12.1428571428571,1.61452105136511,1.08441216969578,5.05235694463914,57.083579485058
12.1429563492063,1.61458175530237,1.0846256470702,5.04994074145902,57.0849798306604
12.1430555555556,1.61464211773855,1.08483906373752,5.04752569400957,57.0863799805867
12.1431547619048,1.61470213912433,1.08505241961747,5.04511180174301,57.0877799347863
12.143253968254,1.61476181991023,1.08526571462981,5.0426990641118,57.089179693209
12.1433531746032,1.61482116054669,1.0854789486943,5.04028748056859,57.0905792558041
12.1434523809524,1.61488016148398,1.08569212173072,5.03787705056625,57.0919786225213
12.1435515873016,1.61493882317225,1.08590523365886,5.03546777355789,57.09337779331
12.1436507936508,1.61499714606153,1.08611828439851,5.03305964899678,57.0947767681199
12.14375,1.61505513060172,1.08633127386949,5.0306526763365,57.0961755469006
12.1438492063492,1.61511277724259,1.08654420199161,5.02824685503079,57.0975741296014
12.1439484126984,1.61517008643375,1.08675706868472,5.0258421845336,57.0989725161721
12.1440476190476,1.61522705862473,1.08696987386866,5.0234386642991,57.1003707065622
12.1441468253968,1.6152836942649,1.08718261746329,5.0210362937817,57.1017687007212
12.144246031746,1.61533999380351,1.08739529938848,5.01863507243601,57.1031664985987
12.1443452380952,1.61539595768967,1.08760791956412,5.01623499971687,57.1045641001442
12.1444444444444,1.61545158637237,1.08782047791009,5.01383607507931,57.1059615053074
12.1445436507937,1.61550688030048,1.0880329743463,5.01143829797861,57.1073587140379
12.1446428571429,1.61556183992271,1.08824540879267,5.00904166787024,57.108755726285
12.1447420634921,1.61561646568767,1.08845778116913,5.00664618420991,57.1101525419986
12.1448412698413,1.61567075804382,1.08867009139562,5.00425184645354,57.1115491611281
12.1449404761905,1.61572471743951,1.0888823393921,5.00185865405725,57.112945583623
12.1450396825397,1.61577834432296,1.08909452507852,4.99946660647741,57.1143418094331
12.1451388888889,1.61583163914222,1.08930664837488,4.99707570317054,57.1157378385078
12.1452380952381,1.61588460234527,1.08951870920114,4.99468594359349,57.1171336707968
12.1453373015873,1.61593723437992,1.08973070747732,4.99229732720324,57.1185293062496
12.1454365079365,1.61598953569387,1.08994264312343,4.989909853457,57.1199247448158
12.1455357142857,1.61604150673466,1.09015451605948,4.98752352181222,57.1213199864451
12.1456349206349,1.61609314794975,1.09036632620552,4.98513833172654,57.1227150310869
12.1457341269841,1.61614445978643,1.0905780734816,4.98275428265783,57.1241098786909
12.1458333333333,1.61619544269187,1.09078975780777,4.9803713740642,57.1255045292068
12.1459325396825,1.61624609711313,1.09100137910411,4.97798960540393,57.126898982584
12.1460317460317,1.61629642349711,1.09121293729069,4.97560897613555,57.1282932387722
12.146130952381,1.61634642229059,1.09142443228762,4.9732294857178,57.129687297721
12.1462301587302,1.61639609394024,1.09163586401499,4.97085113360964,57.13108115938
12.1463293650794,1.61644543889259,1.09184723239293,4.96847391927024,57.1324748236988
12.1464285714286,1.61649445759401,1.09205853734158,4.966097842159,57.133868290627
12.1465277777778,1.6165431504908,1.09226977878106,4.96372290173551,57.1352615601143
12.146626984127,1.61659151802907,1.09248095663154,4.96134909745958,57.1366546321102
12.1467261904762,1.61663956065484,1.09269207081318,4.9589764287913,57.1380475065643
12.1468253968254,1.61668727881398,1.09290312124615,4.95660489519092,57.1394401834262
12.1469246031746,1.61673467295225,1.09311410785066,4.9542344961189,57.1408326626457
12.1470238095238,1.61678174351526,1.09332503054689,4.95186523103593,57.1422249441722
12.147123015873,1.6168284909485,1.09353588925506,4.94949709940293,57.1436170279554
12.1472222222222,1.61687491569733,1.0937466838954,4.94713010068103,57.145008913945
12.1473214285714,1.61692101820699,1.09395741438814,4.94476423433157,57.1464006020906
12.1474206349206,1.61696679892256,1.09416808065354,4.94239949981611,57.1477920923418
12.1475198412698,1.61701225828903,1.09437868261184,4.94003589659643,57.1491833846481
12.147619047619,1.61705739675123,1.09458922018333,4.93767342413453,57.1505744789594
12.1477182539683,1.61710221475388,1.09479969328829,4.93531208189262,57.1519653752251
12.1478174603175,1.61714671274155,1.09501010184702,4.93295186933313,57.1533560733949
12.1479166666667,1.61719089115871,1.09522044577981,4.93059278591871,57.1547465734185
12.1480158730159,1.61723475044966,1.09543072500699,4.92823483111223,57.1561368752455
12.1481150793651,1.61727829105862,1.0956409394489,4.92587800437673,57.1575269788256
12.1482142857143,1.61732151342963,1.09585108902588,4.92352230517558,57.1589168841083
12.1483134920635,1.61736441800663,1.09606117365827,4.92116773297226,57.1603065910434
12.1484126984127,1.61740700523344,1.09627119326645,4.91881428723051,57.1616960995804
12.1485119047619,1.61744927555372,1.09648114777079,4.91646196741427,57.1630854096691
12.1486111111111,1.61749122941101,1.09669103709169,4.91411077298772,57.164474521259
12.1487103174603,1.61753286724874,1.09690086114954,4.91176070341523,57.1658634342999
12.1488095238095,1.6175741895102,1.09711061986477,4.90941175816141,57.1672521487413
12.1489087301587,1.61761519663853,1.09732031315779,4.90706393669109,57.168640664533
12.1490079365079,1.61765588907676,1.09752994094905,4.90471723846928,57.1700289816246
12.1491071428571,1.6176962672678,1.09773950315899,4.90237166296126,57.1714170999658
12.1492063492063,1.6177363316544,1.09794899970808,4.90002720963248,57.1728050195062
12.1493055555556,1.61777608267922,1.09815843051678,4.89768387794864,57.1741927401954
12.1494047619048,1.61781552078475,1.09836779550559,4.89534166737564,57.1755802619833
12.149503968254,1.61785464641338,1.09857709459499,4.89300057737961,57.1769675848194
12.1496031746032,1.61789346000735,1.09878632770551,4.89066060742684,57.1783547086533
12.1497023809524,1.61793196200879,1.09899549475765,4.88832175698396,57.1797416334349
12.1498015873016,1.61797015285969,1.09920459567196,4.88598402551771,57.1811283591137
12.1499007936508,1.6180080330019,1.09941363036896,4.88364741249508,57.1825148856394
12.15,1.61804560287716,1.09962259876923,4.88131191738328,57.1839012129617
12.1500992063492,1.61808286292707,1.09983150079332,4.87897753964973,57.1852873410303
12.1501984126984,1.61811981359311,1.10004033636182,4.87664427876208,57.1866732697949
12.1502976190476,1.61815645531661,1.10024910539532,4.87431213418817,57.1880589992051
12.1503968253968,1.61819278853878,1.10045780781441,4.8719811053961,57.1894445292106
12.150496031746,1.61822881370072,1.10066644353972,4.86965119185415,57.1908298597612
12.1505952380952,1.61826453124337,1.10087501249188,4.86732239303083,57.1922149908065
12.1506944444444,1.61829994160756,1.10108351459151,4.86499470839487,57.1935999222962
12.1507936507937,1.61833504523399,1.10129194975928,4.86266813741521,57.1949846541801
12.1508928571429,1.61836984256321,1.10150031791583,4.86034267956102,57.1963691864077
12.1509920634921,1.61840433403567,1.10170861898186,4.85801833430166,57.1977535189288
12.1510912698413,1.61843852009167,1.10191685287803,4.85569510110672,57.1991376516932
12.1511904761905,1.61847240117138,1.10212501952506,4.85337297944606,57.2005215846504
12.1512896825397,1.61850597771486,1.10233311884364,4.85105196878969,57.2019053177503
12.1513888888889,1.61853925016201,1.1025411507545,4.84873206860784,57.2032888509425
12.1514880952381,1.61857221895264,1.10274911517838,4.84641327837098,57.2046721841767
12.1515873015873,1.61860488452639,1.10295701203601,4.8440955975498,57.2060553174026
12.1516865079365,1.61863724732279,1.10316484124816,4.84177902561519,57.20743825057
12.1517857142857,1.61866930778124,1.10337260273559,4.83946356203828,57.2088209836286
12.1518849206349,1.61870106634102,1.10358029641908,4.83714920629038,57.210203516528
12.1519841269841,1.61873252344126,1.10378792221942,4.83483595784305,57.2115858492181
12.1520833333333,1.61876367952097,1.10399548005743,4.83252381616807,57.2129679816485
12.1521825396825,1.61879453501904,1.1042029698539,4.8302127807374,57.2143499137689
12.1522817460317,1.6188250903742,1.10441039152968,4.82790285102326,57.2157316455291
12.152380952381,1.61885534602509,1.1046177450056,4.82559402649806,57.2171131768787
12.1524801587302,1.6188853024102,1.10482503020251,4.82328630663444,57.2184945077677
12.1525793650794,1.61891495996788,1.10503224704128,4.82097969090522,57.2198756381455
12.1526785714286,1.61894431913638,1.10523939544277,4.81867417878353,57.2212565679621
12.1527777777778,1.61897338035378,1.10544647532788,4.81636976974262,57.2226372971671
12.152876984127,1.61900214405808,1.1056534866175,4.81406646325601,57.2240178257102
12.1529761904762,1.6190306106871,1.10586042923255,4.81176425879741,57.2253981535412
12.1530753968254,1.61905878067857,1.10606730309394,4.80946315584076,57.2267782806099
12.1531746031746,1.61908665447007,1.10627410812262,4.80716315386021,57.228158206866
12.1532738095238,1.61911423249906,1.10648084423952,4.80486425233015,57.2295379322592
12.153373015873,1.61914151520285,1.1066875113656,4.80256645072515,57.2309174567392
12.1534722222222,1.61916850301866,1.10689410942183,4.80026974852002,57.2322967802559
12.1535714285714,1.61919519638353,1.10710063832919,4.7979741451898,57.233675902759
12.1536706349206,1.61922159573441,1.10730709800869,4.79567964020971,57.2350548241982
12.1537698412698,1.61924770150811,1.10751348838131,4.79338623305522,57.2364335445232
12.153869047619,1.6192735141413,1.10771980936807,4.79109392320201,57.2378120636839
12.1539682539683,1.61929903407054,1.10792606089002,4.78880271012596,57.23919038163
12.1540674603175,1.61932426173223,1.10813224286818,4.78651259330315,57.2405684983113
12.1541666666667,1.61934919756268,1.10833835522361,4.78422357220998,57.2419464136775
12.1542658730159,1.61937384199803,1.10854439787736,4.78193564632295,57.2433241276783
12.1543650793651,1.61939819547432,1.10875037075053,4.77964881511883,57.2447016402636
12.1544642857143,1.61942225842745,1.10895627376418,4.77736307807459,57.2460789513831
12.1545634920635,1.61944603129319,1.10916210683943,4.77507843466743,57.2474560609867
12.1546626984127,1.61946951450717,1.10936786989739,4.77279488437476,57.2488329690239
12.1547619047619,1.61949270850492,1.10957356285917,4.77051242667421,57.2502096754447
12.1548611111111,1.61951561372181,1.10977918564591,4.76823106104363,57.2515861801988
12.1549603174603,1.61953823059309,1.10998473817876,4.76595078696109,57.252962483236
12.1550595238095,1.6195605595539,1.11019022037887,4.76367160390485,57.2543385845061
12.1551587301587,1.61958260103921,1.11039563216742,4.76139351135342,57.2557144839589
12.1552579365079,1.61960435548389,1.11060097346559,4.75911650878552,57.257090181544
12.1553571428571,1.61962582332269,1.11080624419457,4.75684059568008,57.2584656772114
12.1554563492063,1.61964700499019,1.11101144427557,4.75456577151624,57.2598409709108
12.1555555555556,1.61966790092088,1.11121657362981,4.75229203577334,57.261216062592
12.1556547619048,1.61968851154911,1.1114216321785,4.75001938793104,57.2625909522048
12.155753968254,1.61970883730908,1.1116266198429,4.74774782746908,57.263965639699
12.1558531746032,1.61972887863488,1.11183153654426,4.74547735386751,57.2653401250244
12.1559523809524,1.61974863596048,1.11203638220384,4.74320796660654,57.2667144081307
12.1560515873016,1.61976810971969,1.11224115674292,4.74093966516663,57.2680884889679
12.1561507936508,1.61978730034621,1.11244586008278,4.73867244902846,57.2694623674856
12.15625,1.61980620827361,1.11265049214474,4.7364063176729,57.2708360436337
12.1563492063492,1.61982483393534,1.11285505285009,4.73414127058106,57.272209517362
12.1564484126984,1.61984317776469,1.11305954212016,4.73187730723426,57.2735827886203
12.1565476190476,1.61986124019484,1.11326395987629,4.72961442711405,57.2749558573584
12.1566468253968,1.61987902165886,1.11346830603982,4.72735262970216,57.2763287235262
12.156746031746,1.61989652258964,1.11367258053212,4.72509191448058,57.2777013870734
12.1568452380952,1.61991374342,1.11387678327455,4.7228322809315,57.2790738479498
12.1569444444444,1.61993068458258,1.1140809141885,4.72057372853731,57.2804461061054
12.1570436507937,1.61994734650991,1.11428497319536,4.71831625678062,57.2818181614898
12.1571428571429,1.61996372963441,1.11448896021654,4.71605986514433,57.2831900140529
12.1572420634921,1.61997983438833,1.11469287517346,4.71380455311145,57.2845616637446
12.1573412698413,1.61999566120383,1.11489671798754,4.71155032016527,57.2859331105147
12.1574404761905,1.62001121051291,1.11510048858024,4.70929716578929,57.2873043543129
12.1575396825397,1.62002648274746,1.11530418687299,4.70704508946719,57.2886753950892
12.1576388888889,1.62004147833923,1.11550781278727,4.70479409068292,57.2900462327933
12.1577380952381,1.62005619771985,1.11571136624456,4.70254416892062,57.2914168673751
12.1578373015873,1.62007064132081,1.11591484716633,4.70029532366465,57.2927872987845
12.1579365079365,1.62008480957347,1.11611825547411,4.69804755439958,57.2941575269712
12.1580357142857,1.62009870290907,1.11632159108939,4.6958008606102,57.2955275518851
12.1581349206349,1.62011232175871,1.1165248539337,4.69355524178154,57.2968973734761
12.1582341269841,1.62012566655338,1.11672804392858,4.69131069739882,57.2982669916939
12.1583333333333,1.62013873772391,1.11693116099558,4.68906722694748,57.2996364064885
12.1584325396825,1.62015153570103,1.11713420505626,4.68682482991319,57.3010056178097
12.1585317460317,1.62016406091532,1.11733717603218,4.6845835057818,57.3023746256073
12.158630952381,1.62017631379724,1.11754007384493,4.68234325403947,57.3037434298312
12.1587301587302,1.62018829477712,1.11774289841611,4.68010407417247,57.3051120304313
12.1588293650794,1.62020000428515,1.11794564966733,4.67786596566735,57.3064804273573
12.1589285714286,1.6202114427514,1.1181483275202,4.67562892801085,57.3078486205592
12.1590277777778,1.62022261060582,1.11835093189635,4.67339296068993,57.3092166099868
12.159126984127,1.62023350827822,1.11855346271743,4.67115806319178,57.31058439559
12.1592261904762,1.62024413619826,1.11875591990509,4.6689242350038,57.3119519773187
12.1593253968254,1.62025449479551,1.11895830338099,4.66669147561361,57.3133193551226
12.1594246031746,1.62026458449939,1.11916061306683,4.66445978450904,57.3146865289517
12.1595238095238,1.62027440573918,1.11936284888427,4.66222916117814,57.3160534987559
12.159623015873,1.62028395894406,1.11956501075504,4.65999960510918,57.3174202644849
12.1597222222222,1.62029324454304,1.11976709860084,4.65777111579065,57.3187868260888
12.1598214285714,1.62030226296504,1.11996911234339,4.65554369271125,57.3201531835173
12.1599206349206,1.62031101463882,1.12017105190443,4.6533173353599,57.3215193367204
12.1600198412698,1.62031949999303,1.12037291720572,4.6510920432257,57.3228852856479
12.160119047619,1.62032771945619,1.12057470816902,4.64886781579807,57.3242510302497
12.1602182539683,1.62033567345667,1.12077642471608,4.64664465256656,57.3256165704757
12.1603174603175,1.62034336242274,1.12097806676871,4.64442255302094,57.3269819062757
12.1604166666667,1.62035078678252,1.12117963424869,4.64220151665124,57.3283470375997
12.1605158730159,1.620357946964,1.12138112707784,4.63998154294766,57.3297119643976
12.1606150793651,1.62036484339505,1.12158254517797,4.63776263140064,57.3310766866192
12.1607142857143,1.6203714765034,1.12178388847092,4.63554478150086,57.3324412042145
12.1608134920635,1.62037784671667,1.12198515687853,4.63332799273917,57.3338055171332
12.1609126984127,1.62038395446233,1.12218635032265,4.63111226460667,57.3351696253255
12.1610119047619,1.62038980016773,1.12238746872516,4.62889759659467,57.336533528741
12.1611111111111,1.62039538426008,1.12258851200792,4.6266839881947,57.3378972273298
12.1612103174603,1.62040070716648,1.12278948009284,4.6244714388985,57.3392607210417
12.1613095238095,1.62040576931388,1.12299037290181,4.62225994819802,57.3406240098266
12.1614087301587,1.62041057112912,1.12319119035676,4.62004951558544,57.3419870936345
12.1615079365079,1.62041511303888,1.12339193237959,4.61784014055313,57.3433499724153
12.1616071428571,1.62041939546976,1.12359259889226,4.61563182259376,57.3447126461188
12.1617063492063,1.62042341884817,1.12379318981672,4.61342456120013,57.346075114695
12.1618055555556,1.62042718360044,1.12399370507491,4.61121835586527,57.3474373780938
12.1619047619048,1.62043069015274,1.12419414458883,4.60901320608247,57.3487994362651
12.162003968254,1.62043393893113,1.12439450828044,4.60680911134518,57.3501612891588
12.1621031746032,1.62043693036154,1.12459479607176,4.60460607114712,57.3515229367249
12.1622023809524,1.62043966486974,1.12479500788479,4.60240408498219,57.3528843789133
12.1623015873016,1.62044214288141,1.12499514364155,4.60020315234453,57.3542456156739
12.1624007936508,1.62044436482208,1.12519520326407,4.59800327272848,57.3556066469566
12.1625,1.62044633111716,1.12539518667439,4.59580444562861,57.3569674727114
12.1625992063492,1.62044804219191,1.12559509379459,4.59360667053971,57.3583280928882
12.1626984126984,1.62044949847148,1.12579492454671,4.59140994695676,57.3596885074369
12.1627976190476,1.6204507003809,1.12599467885284,4.58921427437499,57.3610487163075
12.1628968253968,1.62045164834503,1.12619435663507,4.58701965228983,57.3624087194498
12.162996031746,1.62045234278865,1.12639395781552,4.5848260801969,57.3637685168139
12.1630952380952,1.62045278413637,1.12659348231628,4.58263355759214,57.3651281083497
12.1631944444444,1.62045297281269,1.12679293005949,4.58044208397158,57.3664874940071
12.1632936507937,1.62045290924198,1.12699230096729,4.57825165883155,57.3678466737361
12.1633928571429,1.62045259384849,1.12719159496183,4.57606228166855,57.3692056474866
12.1634920634921,1.6204520270563,1.12739081196526,4.57387395197933,57.3705644152085
12.1635912698413,1.62045120928942,1.12758995189977,4.57168666926083,57.3719229768519
12.1636904761905,1.62045014097167,1.12778901468755,4.56950043301023,57.3732813323666
12.1637896825397,1.62044882252679,1.12798800025078,4.56731524272491,57.3746394817027
12.1638888888889,1.62044725437836,1.12818690851168,4.56513109790249,57.37599742481
12.1639880952381,1.62044543694985,1.12838573939247,4.56294799804077,57.3773551616386
12.1640873015873,1.62044337066457,1.12858449281538,4.56076594263781,57.3787126921384
12.1641865079365,1.62044105594575,1.12878316870267,4.55858493119186,57.3800700162593
12.1642857142857,1.62043849321644,1.12898176697657,4.55640496320138,57.3814271339514
12.1643849206349,1.62043568289958,1.12918028755938,4.55422603816508,57.3827840451646
12.1644841269841,1.620432625418,1.12937873037336,4.55204815558183,57.3841407498489
12.1645833333333,1.62042932119437,1.12957709534081,4.54987131495082,57.3854972479541
12.1646825396825,1.62042577065125,1.12977538238403,4.54769551577135,57.3868535394304
12.1647817460317,1.62042197421105,1.12997359142533,4.54552075754298,57.3882096242277
12.164880952381,1.62041793229608,1.13017172238706,4.5433470397655,57.389565502296
12.1649801587302,1.6204136453285,1.13036977519154,4.54117436193889,57.3909211735851
12.1650793650794,1.62040911373034,1.13056774976113,4.53900272356337,57.3922766380452
12.1651785714286,1.62040433792351,1.13076564601818,4.53683212413936,57.3936318956263
12.1652777777778,1.62039931832978,1.13096346388509,4.53466256316751,57.3949869462782
12.165376984127,1.62039405537081,1.13116120328423,4.53249404014868,57.3963417899509
12.1654761904762,1.6203885494681,1.131358864138,4.53032655458395,57.3976964265946
12.1655753968254,1.62038280104304,1.13155644636881,4.52816010597462,57.3990508561591
12.1656746031746,1.62037681051689,1.13175394989909,4.52599469382219,57.4004050785945
12.1657738095238,1.62037057831079,1.13195137465126,4.5238303176284,57.4017590938507
12.165873015873,1.62036410484571,1.13214872054779,4.5216669768952,57.4031129018777
12.1659722222222,1.62035739054255,1.13234598751111,4.51950467112472,57.4044665026256
12.1660714285714,1.62035043582203,1.13254317546371,4.5173433998194,57.4058198960444
12.1661706349206,1.62034324110476,1.13274028432806,4.51518316248181,57.4071730820839
12.1662698412698,1.62033580681123,1.13293731402667,4.51302395861477,57.4085260606944
12.166369047619,1.62032813336178,1.13313426448202,4.51086578772131,57.4098788318257
12.1664682539683,1.62032022117663,1.13333113561664,4.50870864930468,57.4112313954278
12.1665674603175,1.62031207067588,1.13352792735306,4.50655254286835,57.4125837514508
12.1666666666667,1.62030368227949,1.13372463961383,4.50439746791601,57.4139358998448
12.1667658730159,1.62029505640728,1.13392127232148,4.50224342395154,57.4152878405596
12.1668650793651,1.62028619347897,1.13411782539859,4.50009041047908,57.4166395735453
12.1669642857143,1.62027709391412,1.13431429876773,4.49793842700296,57.417991098752
12.1670634920635,1.62026775813218,1.13451069235149,4.49578747302773,57.4193424161297
12.1671626984127,1.62025818655246,1.13470700607247,4.49363754805817,57.4206935256283
12.1672619047619,1.62024837959415,1.13490323985328,4.49148865159925,57.4220444271979
12.1673611111111,1.62023833767629,1.13509939361655,4.48934078315619,57.4233951207886
12.1674603174603,1.62022806121782,1.13529546728491,4.48719394223437,57.4247456063504
12.1675595238095,1.62021755063753,1.135491460781,4.48504812833949,57.4260958838332
12.1676587301587,1.62020680635408,1.13568737402748,4.48290334097739,57.4274459531872
12.1677579365079,1.62019582878602,1.13588320694704,4.48075957965413,57.4287958143623
12.1678571428571,1.62018461835174,1.13607895946234,4.478616843876,57.4301454673086
12.1679563492063,1.62017317546953,1.13627463149608,4.47647513314951,57.4314949119762
12.1680555555556,1.62016150055753,1.13647022297097,4.47433444698138,57.4328441483151
12.1681547619048,1.62014959403376,1.13666573380972,4.47219478487856,57.4341931762752
12.168253968254,1.62013745631611,1.13686116393508,4.47005614634821,57.4355419958067
12.1683531746032,1.62012508782234,1.13705651326977,4.46791853089769,57.4368906068597
12.1684523809524,1.62011248897007,1.13725178173655,4.4657819380346,57.4382390093841
12.1685515873016,1.62009966017681,1.13744696925818,4.46364636726676,57.43958720333
12.1686507936508,1.62008660185992,1.13764207575745,4.46151181810219,57.4409351886475
12.16875,1.62007331443665,1.13783710115714,4.45937829004913,57.4422829652866
12.1688492063492,1.6200597983241,1.13803204538005,4.45724578261604,57.4436305331974
12.1689484126984,1.62004605393926,1.13822690834899,4.45511429531158,57.4449778923299
12.1690476190476,1.62003208169898,1.1384216899868,4.4529838276447,57.4463250426342
12.1691468253968,1.62001788201999,1.13861639021629,4.45085437912448,57.4476719840603
12.169246031746,1.62000345531886,1.13881100896033,4.44872594926025,57.4490187165584
12.1693452380952,1.61998880201207,1.13900554614177,4.44659853756155,57.4503652400785
12.1694444444444,1.61997392251595,1.13920000168348,4.44447214353816,57.4517115545706
12.1695436507937,1.61995881724671,1.13939437550835,4.44234676670005,57.4530576599849
12.1696428571429,1.61994348662041,1.13958866753927,4.44022240655743,57.4544035562713
12.1697420634921,1.619927931053,1.13978287769915,4.4380990626207,57.45574924338
12.1698412698413,1.6199121509603,1.1399770059109,4.4359767344005,57.4570947212611
12.1699404761905,1.61989614675799,1.14017105209746,4.43385542140767,57.4584399898646
12.1700396825397,1.61987991886163,1.14036501618177,4.4317351231533,57.4597850491406
12.1701388888889,1.61986346768664,1.14055889808679,4.42961583914865,57.4611298990392
12.1702380952381,1.61984679364833,1.14075269773547,4.42749756890524,57.4624745395105
12.1703373015873,1.61982989716185,1.1409464150508,4.42538031193477,57.4638189705045
12.1704365079365,1.61981277864224,1.14114004995577,4.42326406774916,57.4651631919714
12.1705357142857,1.61979543850442,1.14133360237338,4.42114883586061,57.4665072038612
12.1706349206349,1.61977787716316,1.14152707222663,4.41903461578147,57.4678510061241
12.1707341269841,1.61976009503311,1.14172045943857,4.41692140702433,57.4691945987101
12.1708333333333,1.61974209252878,1.14191376393221,4.41480920910198,57.4705379815693
12.1709325396825,1.61972387006458,1.14210698563062,4.41269802152744,57.4718811546518
12.1710317460317,1.61970542805475,1.14230012445685,4.41058784381397,57.4732241179078
12.171130952381,1.61968676691343,1.14249318033398,4.408478675475,57.4745668712873
12.1712301587302,1.61966788705462,1.14268615318508,4.40637051602422,57.4759094147404
12.1713293650794,1.61964878889219,1.14287904293326,4.40426336497551,57.4772517482172
12.1714285714286,1.61962947283988,1.14307184950162,4.40215722184297,57.4785938716679
12.1715277777778,1.6196099393113,1.14326457281328,4.40005208614094,57.4799357850425
12.171626984127,1.61959018871994,1.14345721279138,4.39794795738396,57.4812774882912
12.1717261904762,1.61957022147915,1.14364976935905,4.39584483508677,57.4826189813641
12.1718253968254,1.61955003800216,1.14384224243946,4.39374271876436,57.4839602642113
12.1719246031746,1.61952963870205,1.14403463195576,4.39164160793189,57.4853013367829
12.1720238095238,1.61950902399178,1.14422693783114,4.38954150210483,57.486642199029
12.172123015873,1.61948819428421,1.14441915998878,4.38744240079878,57.4879828508998
12.1722222222222,1.61946714999202,1.1446112983519,4.38534430352957,57.4893232923453
12.1723214285714,1.6194458915278,1.14480335284369,4.38324720981327,57.4906635233158
12.1724206349206,1.61942441930399,1.1449953233874,4.38115111916615,57.4920035437613
12.1725198412698,1.6194027337329,1.14518720990625,4.37905603110472,57.4933433536319
12.172619047619,1.61938083522673,1.1453790123235,4.37696194514568,57.4946829528779
12.1727182539683,1.61935872419753,1.14557073056241,4.37486886080596,57.4960223414493
12.1728174603175,1.61933640105723,1.14576236454625,4.37277677760271,57.4973615192962
12.1729166666667,1.61931386621762,1.1459539141983,4.37068569505329,57.4987004863689
12.1730158730159,1.61929112009038,1.14614537944187,4.36859561267529,57.5000392426174
12.1731150793651,1.61926816308704,1.14633676020026,4.3665065299865,57.5013777879919
12.1732142857143,1.61924499561901,1.14652805639679,4.36441844650493,57.5027161224425
12.1733134920635,1.61922161809758,1.14671926795479,4.36233136174882,57.5040542459194
12.1734126984127,1.61919803093388,1.14691039479761,4.36024527523659,57.5053921583727
12.1735119047619,1.61917423453895,1.14710143684861,4.35816018648695,57.5067298597526
12.1736111111111,1.61915022932367,1.14729239403114,4.35607609501878,57.5080673500092
12.1737103174603,1.6191260156988,1.1474832662686,4.35399300035116,57.5094046290927
12.1738095238095,1.61910159407498,1.14767405348437,4.35191090200341,57.5107416969532
12.1739087301587,1.61907696486271,1.14786475560185,4.34982979949507,57.512078553541
12.1740079365079,1.61905212847236,1.14805537254446,4.34774969234589,57.5134151988061
12.1741071428571,1.61902708531417,1.14824590423563,4.34567058007585,57.5147516326986
12.1742063492063,1.61900183579825,1.14843635059879,4.34359246220512,57.5160878551689
12.1743055555556,1.6189763803346,1.1486267115574,4.3415153382541,57.517423866167
12.1744047619048,1.61895071933306,1.14881698703492,4.33943920774343,57.5187596656432
12.174503968254,1.61892485320335,1.14900717695482,4.33736407019393,57.5200952535475
12.1746031746032,1.61889878235508,1.14919728124058,4.33528992512666,57.5214306298301
12.1747023809524,1.61887250719772,1.14938729981571,4.33321677206289,57.5227657944413
12.1748015873016,1.61884602814058,1.14957723260372,4.33114461052412,57.5241007473312
12.1749007936508,1.61881934559289,1.14976707952812,4.32907344003202,57.52543548845
12.175,1.61879245996371,1.14995684051245,4.32700326010856,57.5267700177479
12.1750992063492,1.618765371662,1.15014651548025,4.32493407027587,57.5281043351749
12.1751984126984,1.61873808109657,1.15033610435509,4.32286587005629,57.5294384406814
12.1752976190476,1.61871058867611,1.15052560706052,4.3207986589724,57.5307723342176
12.1753968253968,1.61868289480918,1.15071502352013,4.318732436547,57.5321060157335
12.175496031746,1.6186549999042,1.15090435365751,4.31666720230309,57.5334394851794
12.1755952380952,1.61862690436948,1.15109359739627,4.31460295576391,57.5347727425055
12.1756944444444,1.61859860861319,1.15128275466002,4.31253969645288,57.5361057876619
12.1757936507937,1.61857011304337,1.15147182537238,4.31047742389367,57.537438620599
12.1758928571429,1.61854141806792,1.15166080945701,4.30841613761016,57.5387712412668
12.1759920634921,1.61851252409462,1.15184970683754,4.30635583712645,57.5401036496155
12.1760912698413,1.61848343153114,1.15203851743765,4.30429652196684,57.5414358455955
12.1761904761905,1.61845414078498,1.152227241181,4.30223819165586,57.5427678291568
12.1762896825397,1.61842465226355,1.15241587799128,4.30018084571826,57.5440996002497
12.1763888888889,1.6183949663741,1.1526044277922,4.29812448367898,57.5454311588244
12.1764880952381,1.61836508352377,1.15279289050746,4.29606910506325,57.546762504831
12.1765873015873,1.61833500411956,1.15298126606079,4.29401470939643,57.5480936382199
12.1766865079365,1.61830472856835,1.15316955437591,4.29196129620415,57.5494245589412
12.1767857142857,1.61827425727687,1.15335775537658,4.28990886501223,57.5507552669451
12.1768849206349,1.61824359065175,1.15354586898654,4.28785741534673,57.5520857621819
12.1769841269841,1.61821272909946,1.15373389512958,4.2858069467339,57.5534160446018
12.1770833333333,1.61818167302637,1.15392183372947,4.28375745870023,57.5547461141549
12.1771825396825,1.6181504228387,1.15410968471001,4.28170895077243,57.5560759707916
12.1772817460317,1.61811897894254,1.15429744799499,4.2796614224774,57.557405614462
12.177380952381,1.61808734174387,1.15448512350825,4.27761487334229,57.5587350451164
12.1774801587302,1.61805551164851,1.15467271117359,4.27556930289444,57.560064262705
12.1775793650794,1.61802348906219,1.15486021091487,4.27352471066142,57.561393267178
12.1776785714286,1.61799127439047,1.15504762265594,4.27148109617102,57.5627220584857
12.1777777777778,1.6179588680388,1.15523494632066,4.26943845895124,57.5640506365783
12.177876984127,1.6179262704125,1.15542218183291,4.26739679853026,57.565379001406
12.1779761904762,1.61789348191677,1.15560932911657,4.2653561144366,57.5667071529191
12.1780753968254,1.61786050295666,1.15579638809555,4.26331640619886,57.5680350910678
12.1781746031746,1.61782733393709,1.15598335869374,4.26127767334593,57.5693628158024
12.1782738095238,1.61779397526288,1.15617024083509,4.25923991540688,57.570690327073
12.178373015873,1.6177604273387,1.15635703444352,4.25720313191103,57.5720176248301
12.1784722222222,1.61772669056907,1.15654373944298,4.2551673223879,57.5733447090237
12.1785714285714,1.61769276535842,1.15673035575742,4.25313248636722,57.5746715796042
12.1786706349206,1.61765865211103,1.15691688331082,4.25109862337896,57.5759982365218
12.1787698412698,1.61762435123105,1.15710332202716,4.24906573295329,57.5773246797267
12.178869047619,1.6175898631225,1.15728967183044,4.24703381462059,57.5786509091693
12.1789682539683,1.61755518818928,1.15747593264465,4.24500286791148,57.5799769247998
12.1790674603175,1.61752032683514,1.15766210439382,4.24297289235678,57.5813027265684
12.1791666666667,1.61748527946374,1.15784818700198,4.24094388748754,57.5826283144254
12.1792658730159,1.61745004647856,1.15803418039316,4.23891585283501,57.583953688321
12.1793650793651,1.61741462828298,1.15822008449143,4.23688878793065,57.5852788482057
12.1794642857143,1.61737902528026,1.15840589922084,4.23486269230619,57.5866037940295
12.1795634920635,1.6173432378735,1.15859162450546,4.23283756549354,57.5879285257428
12.1796626984127,1.61730726646569,1.1587772602694,4.2308134070248,57.5892530432958
12.1797619047619,1.61727111145969,1.15896280643675,4.22879021643233,57.5905773466388
12.1798611111111,1.61723477325822,1.15914826293162,4.2267679932487,57.5919014357222
12.1799603174603,1.61719825226389,1.15933362967813,4.22474673700667,57.5932253104961
12.1800595238095,1.61716154887916,1.15951890660043,4.22272644723925,57.5945489709109
12.1801587301587,1.61712466350637,1.15970409362265,4.22070712347965,57.5958724169169
12.1802579365079,1.61708759654773,1.15988919066896,4.2186887652613,57.5971956484643
12.1803571428571,1.61705034840531,1.16007419766353,4.21667137211785,57.5985186655033
12.1804563492063,1.61701291948108,1.16025911453054,4.21465494358316,57.5998414679844
12.1805555555556,1.61697531017684,1.16044394119419,4.21263947919132,57.6011640558578
12.1806547619048,1.61693752089428,1.16062867757868,4.21062497847662,57.6024864290738
12.180753968254,1.61689955203498,1.16081332360823,4.20861144097358,57.6038085875827
12.1808531746032,1.61686140400035,1.16099787920707,4.20659886621691,57.6051305313347
12.1809523809524,1.61682307719171,1.16118234429945,4.20458725374162,57.6064522602803
12.1810515873016,1.61678457201022,1.16136671880961,4.20257660308284,57.6077737743696
12.1811507936508,1.61674588885693,1.16155100266182,4.20056691377595,57.609095073553
12.18125,1.61670702813274,1.16173519578037,4.19855818535657,57.6104161577807
12.1813492063492,1.61666799023845,1.16191929808953,4.1965504173605,57.6117370270032
12.1814484126984,1.61662877557471,1.16210330951361,4.19454360932379,57.6130576811707
12.1815476190476,1.61658938454204,1.16228722997693,4.19253776078269,57.6143781202335
12.1816468253968,1.61654981754083,1.1624710594038,4.19053287127367,57.6156983441419
12.181746031746,1.61651007497135,1.16265479771857,4.18852894033342,57.6170183528463
12.1818452380952,1.61647015723374,1.16283844484558,4.18652596749884,57.6183381462969
12.1819444444444,1.616430064728,1.16302200070919,4.18452395230705,57.6196577244441
12.1820436507937,1.61638979785401,1.16320546523378,4.18252289429539,57.6209770872382
12.1821428571429,1.61634935701151,1.16338883834373,4.18052279300143,57.6222962346295
12.1822420634921,1.61630874260013,1.16357211996343,4.17852364796292,57.6236151665684
12.1823412698413,1.61626795501935,1.16375531001729,4.17652545871784,57.6249338830051
12.1824404761905,1.61622699466852,1.16393840842973,4.17452822480445,57.6262523838901
12.1825396825397,1.61618586194688,1.16412141512518,4.17253194576114,57.6275706691736
12.1826388888889,1.61614455725353,1.16430433002808,4.17053662112656,57.6288887388059
12.1827380952381,1.61610308098743,1.1644871530629,4.16854225043956,57.6302065927375
12.1828373015873,1.61606143354742,1.16466988415408,4.16654883323923,57.6315242309185
12.1829365079365,1.61601961533222,1.16485252322613,4.16455636906485,57.6328416532995
12.1830357142857,1.6159776267404,1.16503507020351,4.16256485745593,57.6341588598307
12.1831349206349,1.61593546817042,1.16521752501074,4.16057429795221,57.6354758504624
12.1832341269841,1.6158931400206,1.16539988757233,4.15858469009363,57.636792625145
12.1833333333333,1.61585064268912,1.1655821578128,4.15659603342034,57.6381091838289
12.1834325396825,1.61580797657406,1.1657643356567,4.15460832747273,57.6394255264644
12.1835317460317,1.61576514207334,1.16594642102856,4.15262157179139,57.6407416530019
12.183630952381,1.61572213958477,1.16612841385296,4.15063576591714,57.6420575633916
12.1837301587302,1.61567896950601,1.16631031405446,4.148650909391,57.643373257584
12.1838293650794,1.61563563223462,1.16649212155766,4.1466670017542,57.6446887355294
12.1839285714286,1.61559212816801,1.16667383628714,4.14468404254826,57.6460039971782
12.1840277777778,1.61554845770346,1.16685545816751,4.14270203131482,57.6473190424807
12.184126984127,1.61550462123813,1.16703698712339,4.1407209675958,57.6486338713873
12.1842261904762,1.61546061916904,1.16721842307942,4.1387408509333,57.6499484838484
12.1843253968254,1.61541645189309,1.16739976596024,4.13676168086965,57.6512628798143
12.1844246031746,1.61537211980705,1.1675810156905,4.13478345694741,57.6525770592354
12.1845238095238,1.61532762330755,1.16776217219488,4.13280617870935,57.653891022062
12.184623015873,1.6152829627911,1.16794323539805,4.13082984569844,57.6552047682446
12.1847222222222,1.61523813865408,1.1681242052247,4.12885445745789,57.6565182977335
12.1848214285714,1.61519315129274,1.16830508159953,4.12688001353112,57.6578316104791
12.1849206349206,1.61514800110318,1.16848586444726,4.12490651346177,57.6591447064317
12.1850198412698,1.61510268848141,1.16866655369262,4.12293395679368,57.6604575855418
12.185119047619,1.61505721382329,1.16884714926035,4.12096234307093,57.6617702477597
12.1852182539683,1.61501157752453,1.16902765107518,4.1189916718378,57.6630826930359
12.1853174603175,1.61496577998075,1.1692080590619,4.11702194263878,57.6643949213206
12.1854166666667,1.61491982158741,1.16938837314526,4.11505315501863,57.6657069325644
12.1855158730159,1.61487370273985,1.16956859325006,4.11308530852226,57.6670187267175
12.1856150793651,1.61482742383329,1.16974871930108,4.11111840269484,57.6683303037303
12.1857142857143,1.6147809852628,1.16992875122315,4.10915243708174,57.6696416635534
12.1858134920635,1.61473438742335,1.17010868894108,4.10718741122854,57.670952806137
12.1859126984127,1.61468763070974,1.17028853237971,4.10522332468105,57.6722637314315
12.1860119047619,1.61464071551669,1.17046828146388,4.1032601769853,57.6735744393875
12.1861111111111,1.61459364223873,1.17064793611844,4.10129796768753,57.6748849299552
12.1862103174603,1.61454641127032,1.17082749626826,4.09933669633419,57.676195203085
12.1863095238095,1.61449902300576,1.17100696183823,4.09737636247197,57.6775052587274
12.1864087301587,1.61445147783922,1.17118633275323,4.09541696564775,57.6788150968328
12.1865079365079,1.61440377616475,1.17136560893817,4.09345850540864,57.6801247173516
12.1866071428571,1.61435591837625,1.17154479031797,4.09150098130197,57.6814341202342
12.1867063492063,1.61430790486753,1.17172387681755,4.08954439287529,57.682743305431
12.1868055555556,1.61425973603223,1.17190286836185,4.08758873967633,57.6840522728925
12.1869047619048,1.61421141226388,1.17208176487582,4.08563402125311,57.685361022569
12.187003968254,1.61416293395588,1.17226056628442,4.08368023715382,57.6866695544109
12.1871031746032,1.61411430150149,1.17243927251263,4.08172738692686,57.6879778683688
12.1872023809524,1.61406551529386,1.17261788348544,4.07977547012085,57.689285964393
12.1873015873016,1.61401657572599,1.17279639912784,4.07782448628466,57.6905938424339
12.1874007936508,1.61396748319076,1.17297481936484,4.07587443496734,57.691901502442
12.1875,1.61391823808093,1.17315314412147,4.07392531571817,57.6932089443677
12.1875992063492,1.6138688407891,1.17333137332276,4.07197712808665,57.6945161681614
12.1876984126984,1.61381929170778,1.17350950689375,4.07002987162249,57.6958231737736
12.1877976190476,1.61376959122931,1.1736875447595,4.06808354587564,57.6971299611547
12.1878968253968,1.61371973974594,1.17386548684508,4.06613815039623,57.6984365302552
12.187996031746,1.61366973764977,1.17404333307557,4.06419368473463,57.6997428810254
12.1880952380952,1.61361958533276,1.17422108337606,4.06225014844144,57.7010490134158
12.1881944444444,1.61356928318675,1.17439873767166,4.06030754106744,57.702354927377
12.1882936507937,1.61351883160347,1.17457629588749,4.05836586216363,57.7036606228592
12.1883928571429,1.61346823097449,1.17475375794866,4.0564251112813,57.704966099813
12.1884920634921,1.61341748169127,1.17493112378033,4.05448528797187,57.7062713581888
12.1885912698413,1.61336658414513,1.17510839330764,4.05254639178701,57.7075763979371
12.1886904761905,1.61331553872727,1.17528556645576,4.05060842227862,57.7088812190082
12.1887896825397,1.61326434582874,1.17546264314986,4.04867137899879,57.7101858213528
12.1888888888889,1.61321300584049,1.17563962331513,4.04673526149984,57.7114902049212
12.1889880952381,1.61316151915333,1.17581650687677,4.04480006933431,57.7127943696639
12.1890873015873,1.61310988615792,1.17599329375999,4.04286580205496,57.7140983155313
12.1891865079365,1.61305810724481,1.17616998389001,4.04093245921476,57.7154020424739
12.1892857142857,1.61300618280442,1.17634657719207,4.0390000403669,57.7167055504423
12.1893849206349,1.61295411322705,1.17652307359141,4.03706854506478,57.7180088393867
12.1894841269841,1.61290189890283,1.17669947301329,4.03513797286203,57.7193119092578
12.1895833333333,1.61284954022181,1.17687577538298,4.03320832331248,57.720614760006
12.1896825396825,1.61279703757389,1.17705198062576,4.0312795959702,57.7219173915818
12.1897817460317,1.61274439134882,1.17722808866693,4.02935179038944,57.7232198039356
12.189880952381,1.61269160193625,1.17740409943178,4.02742490612474,57.7245219970179
12.1899801587302,1.6126386697257,1.17758001284565,4.02549894273077,57.7258239707792
12.1900793650794,1.61258559510653,1.17775582883385,4.02357389976248,57.72712572517
12.1901785714286,1.61253237846801,1.17793154732173,4.02164977677499,57.7284272601408
12.1902777777778,1.61247902019925,1.17810716823464,4.01972657332368,57.729728575642
12.190376984127,1.61242552068924,1.17828269149795,4.01780428896412,57.7310296716242
12.1904761904762,1.61237188032685,1.17845811703702,4.0158829232521,57.7323305480377
12.1905753968254,1.6123180995008,1.17863344477726,4.01396247574361,57.7336312048332
12.1906746031746,1.61226417859971,1.17880867464405,4.01204294599496,57.7349316419611
12.1907738095238,1.61221011801204,1.17898380656281,4.01012433356249,57.736231859372
12.190873015873,1.61215591812614,1.17915884045896,4.00820663800296,57.7375318570162
12.1909722222222,1.61210157933021,1.17933377625795,4.00628985887316,57.7388316348443
12.1910714285714,1.61204710201236,1.17950861388521,4.00437399573028,57.7401311928068
12.1911706349206,1.61199248656052,1.1796833532662,4.00245904813153,57.7414305308543
12.1912698412698,1.61193773336253,1.1798579943264,4.00054501563456,57.7427296489371
12.191369047619,1.61188284280608,1.18003253699129,3.998631897797,57.7440285470059
12.1914682539683,1.61182781527874,1.18020698118636,3.99671969417692,57.7453272250111
12.1915674603175,1.61177265116794,1.18038132683712,3.99480840433241,57.7466256829033
12.1916666666667,1.611717350861,1.18055557386909,3.99289802782197,57.7479239206329
12.1917658730159,1.61166191474508,1.18072972220779,3.99098856420411,57.7492219381505
12.1918650793651,1.61160634320723,1.18090377177877,3.98908001303777,57.7505197354065
12.1919642857143,1.61155063663438,1.18107772250758,3.98717237388189,57.7518173123517
12.1920634920635,1.61149479541332,1.18125157431979,3.98526564629581,57.7531146689363
12.1921626984127,1.61143881993069,1.18142532714097,3.98335982983905,57.754411805111
12.1922619047619,1.61138271057304,1.18159898089671,3.98145492407122,57.7557087208262
12.1923611111111,1.61132646772675,1.18177253551262,3.97955092855234,57.7570054160326
12.1924603174603,1.61127009177811,1.1819459909143,3.97764784284244,57.7583018906806
12.1925595238095,1.61121358311325,1.18211934702738,3.97574566650198,57.7595981447207
12.1926587301587,1.61115694211818,1.1822926037775,3.97384439909143,57.7608941781036
12.1927579365079,1.61110016917879,1.18246576109029,3.97194404017168,57.7621899907797
12.1928571428571,1.61104326468082,1.18263881889144,3.97004458930364,57.7634855826996
12.1929563492063,1.6109862290099,1.1828117771066,3.96814604604862,57.7647809538138
12.1930555555556,1.61092906255152,1.18298463566146,3.96624840996797,57.7660761040729
12.1931547619048,1.61087176569105,1.18315739448171,3.96435168062345,57.7673710334273
12.193253968254,1.61081433881371,1.18333005349306,3.96245585757682,57.7686657418277
12.1933531746032,1.61075678230462,1.18350261262123,3.96056094039029,57.7699602292246
12.1934523809524,1.61069909654874,1.18367507179195,3.95866692862605,57.7712544955685
12.1935515873016,1.61064128193092,1.18384743093097,3.95677382184669,57.7725485408101
12.1936507936508,1.61058333883588,1.18401968996403,3.954881619615,57.7738423648997
12.19375,1.61052526764821,1.18419184881691,3.95299032149383,57.7751359677881
12.1938492063492,1.61046706875235,1.18436390741537,3.95109992704647,57.7764293494257
12.1939484126984,1.61040873991814,1.18453586679603,3.94921043548015,57.7777225108971
12.1940476190476,1.61035027816947,1.18470772830625,3.94732184593437,57.7790154536026
12.1941468253968,1.61029168363334,1.18487949197133,3.94543415799065,57.780308177592
12.194246031746,1.61023295644474,1.18505115781319,3.94354737123194,57.7816006829117
12.1943452380952,1.61017409673869,1.18522272585368,3.94166148524117,57.782892969608
12.1944444444444,1.61011510465022,1.18539419611463,3.93977649960157,57.7841850377273
12.1945436507937,1.61005598031441,1.18556556861784,3.93789241389637,57.7854768873157
12.1946428571429,1.60999672386635,1.18573684338503,3.93600922770911,57.7867685184195
12.1947420634921,1.60993733544117,1.18590802043794,3.93412694062328,57.7880599310848
12.1948412698413,1.60987781517402,1.18607909979821,3.93224555222275,57.7893511253577
12.1949404761905,1.6098181632001,1.1862500814875,3.93036506209129,57.7906421012844
12.1950396825397,1.6097583796546,1.1864209655274,3.92848546981301,57.7919328589107
12.1951388888889,1.60969846467278,1.18659175193945,3.92660677497213,57.7932233982826
12.1952380952381,1.6096384183899,1.18676244074518,3.9247289771529,57.7945137194461
12.1953373015873,1.60957824094125,1.18693303196606,3.9228520759399,57.7958038224471
12.1954365079365,1.60951793246218,1.18710352562353,3.92097607091767,57.7970937073313
12.1955357142857,1.60945749308802,1.187273921739,3.91910096167107,57.7983833741446
12.1956349206349,1.60939692295417,1.18744422033383,3.91722674778493,57.7996728229327
12.1957341269841,1.60933622219603,1.18761442142934,3.91535342884443,57.8009620537413
12.1958333333333,1.60927539094905,1.18778452504682,3.91348100443469,57.8022510666161
12.1959325396825,1.6092144293487,1.1879545312075,3.91160947414118,57.8035398616025
12.1960317460317,1.60915333753046,1.18812443993262,3.9097388375493,57.8048284387464
12.196130952381,1.60909211562988,1.18829425124332,3.90786909424483,57.8061167980929
12.1962301587302,1.6090307637825,1.18846396516075,3.90600024381346,57.8074049396878
12.1963293650794,1.60896928212391,1.18863358170599,3.90413228584127,57.8086928635764
12.1964285714286,1.60890767078972,1.18880310090011,3.90226521991425,57.8099805698041
12.1965277777778,1.60884592991556,1.18897252276411,3.9003990456187,57.8112680584162
12.196626984127,1.60878405963712,1.18914184731897,3.89853376254108,57.8125553294579
12.1967261904762,1.60872206009008,1.18931107458564,3.89666937026782,57.8138423829745
12.1968253968254,1.60865993141016,1.189480204585,3.89480586838573,57.8151292190113
12.1969246031746,1.60859767373314,1.18964923733793,3.89294325648155,57.8164158376133
12.1970238095238,1.60853528719478,1.18981817286524,3.89108153414236,57.8177022388257
12.197123015873,1.6084727719309,1.18998701118773,3.8892207009552,57.8189884226935
12.1972222222222,1.60841012807734,1.19015575232612,3.88736075650745,57.8202743892617
12.1973214285714,1.60834735576996,1.19032439630114,3.88550170038645,57.8215601385754
12.1974206349206,1.60828445514467,1.19049294313345,3.88364353217987,57.8228456706793
12.1975198412698,1.60822142633739,1.19066139284368,3.88178625147533,57.8241309856184
12.197619047619,1.60815826948408,1.19082974545243,3.87992985786082,57.8254160834375
12.1977182539683,1.60809498472071,1.19099800098024,3.87807435092424,57.8267009641814
12.1978174603175,1.6080315721833,1.19116615944762,3.87621973025387,57.8279856278947
12.1979166666667,1.60796803200788,1.19133422087506,3.87436599543792,57.8292700746224
12.1980158730159,1.60790436433053,1.191502185283,3.87251314606491,57.8305543044089
12.1981150793651,1.60784056928734,1.19167005269182,3.87066118172349,57.8318383172988
12.1982142857143,1.60777664701444,1.1918378231219,3.86881010200232,57.8331221133367
12.1983134920635,1.60771259764798,1.19200549659354,3.86695990649041,57.8344056925672
12.1984126984127,1.60764842132414,1.19217307312705,3.8651105947767,57.8356890550346
12.1985119047619,1.60758411817913,1.19234055274265,3.8632621664505,57.8369722007834
12.1986111111111,1.6075196883492,1.19250793546056,3.86141462110105,57.838255129858
12.1987103174603,1.60745513197061,1.19267522130093,3.85956795831794,57.8395378423027
12.1988095238095,1.60739044917965,1.19284241028392,3.85772217769073,57.8408203381618
12.1989087301587,1.60732564011266,1.19300950242958,3.85587727880928,57.8421026174794
12.1990079365079,1.60726070490598,1.193176497758,3.85403326126345,57.8433846802999
12.1991071428571,1.607195643696,1.19334339628917,3.85219012464341,57.8446665266673
12.1992063492063,1.60713045661913,1.19351019804307,3.8503478685393,57.8459481566257
12.1993055555556,1.6070651438118,1.19367690303963,3.84850649254158,57.8472295702192
12.1994047619048,1.60699970541049,1.19384351129876,3.8466659962407,57.8485107674919
12.199503968254,1.60693414155168,1.19401002284032,3.84482637922736,57.8497917484876
12.1996031746032,1.60686845237192,1.19417643768411,3.84298764109245,57.8510725132502
12.1997023809524,1.60680263800773,1.19434275584993,3.84114978142682,57.8523530618237
12.1998015873016,1.60673669859572,1.19450897735751,3.83931279982169,57.8536333942518
12.1999007936508,1.60667063427249,1.19467510222657,3.83747669586823,57.8549135105784
12.2,1.60660444517468,1.19484113047676,3.83564146915794,57.8561934108471
12.2000992063492,1.60653813143895,1.19500706212772,3.83380711928229,57.8574730951017
12.2001984126984,1.606471693202,1.19517289719902,3.83197364583306,57.8587525633858
12.2002976190476,1.60640513060055,1.19533863571024,3.83014104840202,57.8600318157431
12.2003968253968,1.60633844377137,1.19550427768087,3.82830932658127,57.8613108522169
12.200496031746,1.60627163285122,1.19566982313039,3.82647847996285,57.8625896728509
12.2005952380952,1.60620469797692,1.19583527207823,3.82464850813915,57.8638682776885
12.2006944444444,1.60613763928531,1.19600062454379,3.82281941070252,57.8651466667732
12.2007936507936,1.60607045691326,1.19616588054643,3.82099118724564,57.8664248401482
12.2008928571429,1.60600315099765,1.19633104010546,3.81916383736115,57.867702797857
12.2009920634921,1.60593572167542,1.19649610324017,3.81733736064198,57.8689805399428
12.2010912698413,1.60586816908351,1.1966610699698,3.81551175668122,57.8702580664487
12.2011904761905,1.60580049335891,1.19682594031355,3.81368702507194,57.8715353774181
12.2012896825397,1.60573269463863,1.19699071429058,3.81186316540756,57.8728124728941
12.2013888888889,1.6056647730597,1.19715539192002,3.81004017728146,57.8740893529197
12.2014880952381,1.60559672875919,1.19731997322096,3.80821806028735,57.8753660175379
12.2015873015873,1.6055285618742,1.19748445821246,3.80639681401892,57.8766424667919
12.2016865079365,1.60546027254185,1.1976488469135,3.80457643807016,57.8779187007245
12.2017857142857,1.60539186089929,1.19781313934309,3.80275693203505,57.8791947193787
12.2018849206349,1.6053233270837,1.19797733552013,3.80093829550788,57.8804705227973
12.2019841269841,1.6052546712323,1.19814143546353,3.79912052808292,57.8817461110232
12.2020833333333,1.60518589348231,1.19830543919215,3.79730362935478,57.8830214840991
12.2021825396825,1.60511699397101,1.1984693467248,3.795487598918,57.8842966420677
12.2022817460317,1.60504797283569,1.19863315808025,3.79367243636747,57.8855715849718
12.202380952381,1.60497883021368,1.19879687327727,3.79185814129806,57.886846312854
12.2024801587302,1.60490956624232,1.19896049233453,3.7900447133049,57.8881208257569
12.2025793650794,1.604840181059,1.19912401527071,3.78823215198328,57.8893951237229
12.2026785714286,1.60477067480112,1.19928744210444,3.78642045692849,57.8906692067948
12.2027777777778,1.60470104760612,1.19945077285428,3.78460962773617,57.8919430750147
12.202876984127,1.60463129961147,1.19961400753881,3.78279966400189,57.8932167284253
12.2029761904762,1.60456143095467,1.19977714617652,3.7809905653216,57.8944901670688
12.2030753968254,1.60449144177323,1.19994018878589,3.77918233129116,57.8957633909876
12.2031746031746,1.60442133220471,1.20010313538534,3.7773749615068,57.8970364002239
12.2032738095238,1.60435110238669,1.20026598599327,3.77556845556469,57.89830919482
12.203373015873,1.60428075245677,1.20042874062804,3.77376281306136,57.8995817748181
12.2034722222222,1.6042102825526,1.20059139930796,3.77195803359327,57.9008541402603
12.2035714285714,1.60413969281183,1.20075396205131,3.77015411675724,57.9021262911886
12.2036706349206,1.60406898337217,1.20091642887633,3.76835106215002,57.9033982276452
12.2037698412698,1.60399815437133,1.20107879980122,3.76654886936873,57.904669949672
12.203869047619,1.60392720594707,1.20124107484414,3.76474753801042,57.905941457311
12.2039682539683,1.60385613823717,1.20140325402322,3.76294706767245,57.9072127506041
12.2040674603175,1.60378495137943,1.20156533735653,3.76114745795231,57.9084838295931
12.2041666666667,1.6037136455117,1.20172732486213,3.75934870844752,57.90975469432
12.2042658730159,1.60364222077183,1.20188921655802,3.7575508187559,57.9110253448263
12.2043650793651,1.60357067729772,1.20205101246218,3.75575378847526,57.912295781154
12.2044642857143,1.6034990152273,1.20221271259253,3.75395761720373,57.9135660033445
12.2045634920635,1.60342723469851,1.20237431696697,3.75216230453942,57.9148360114398
12.2046626984127,1.60335533584933,1.20253582560335,3.75036785008074,57.9161058054811
12.2047619047619,1.60328331881778,1.20269723851948,3.74857425342608,57.9173753855102
12.2048611111111,1.60321118374188,1.20285855573314,3.74678151417418,57.9186447515685
12.2049603174603,1.60313893075971,1.20301977726208,3.7449896319237,57.9199139036975
12.2050595238095,1.60306656000935,1.20318090312398,3.74319860627368,57.9211828419386
12.2051587301587,1.60299407162893,1.20334193333651,3.74140843682309,57.9224515663331
12.2052579365079,1.60292146575661,1.20350286791729,3.73961912317125,57.9237200769224
12.2053571428571,1.60284874253055,1.20366370688391,3.73783066491742,57.9249883737477
12.2054563492064,1.60277590208896,1.2038244502539,3.73604306166117,57.9262564568503
12.2055555555556,1.60270294457009,1.20398509804479,3.7342563130022,57.9275243262713
12.2056547619048,1.6026298701122,1.20414565027403,3.73247041854024,57.9287919820519
12.205753968254,1.60255667885358,1.20430610695904,3.73068537787533,57.9300594242332
12.2058531746032,1.60248337093254,1.20446646811724,3.72890119060748,57.9313266528561
12.2059523809524,1.60240994648746,1.20462673376596,3.72711785633705,57.9325936679618
12.2060515873016,1.60233640565669,1.20478690392253,3.72533537466432,57.9338604695911
12.2061507936508,1.60226274857865,1.20494697860421,3.72355374518994,57.9351270577849
12.20625,1.60218897539178,1.20510695782825,3.72177296751452,57.9363934325842
12.2063492063492,1.60211508623453,1.20526684161183,3.71999304123898,57.9376595940297
12.2064484126984,1.60204108124541,1.20542662997212,3.71821396596422,57.9389255421622
12.2065476190476,1.60196696056293,1.20558632292625,3.71643574129146,57.9401912770224
12.2066468253968,1.60189272432564,1.20574592049129,3.71465836682191,57.9414567986511
12.206746031746,1.60181837267213,1.20590542268428,3.71288184215708,57.9427221070887
12.2068452380952,1.601743905741,1.20606482952224,3.71110616689845,57.943987202376
12.2069444444444,1.60166932367087,1.20622414102213,3.70933134064779,57.9452520845535
12.2070436507937,1.60159462660043,1.20638335720087,3.70755736300704,57.9465167536615
12.2071428571429,1.60151981466836,1.20654247807537,3.7057842335781,57.9477812097408
12.2072420634921,1.60144488801338,1.20670150366245,3.70401195196325,57.9490454528315
12.2073412698413,1.60136984677425,1.20686043397896,3.7022405177647,57.9503094829741
12.2074404761905,1.60129469108973,1.20701926904164,3.700469930585,57.9515733002088
12.2075396825397,1.60121942109864,1.20717800886724,3.69870019002668,57.9528369045761
12.2076388888889,1.60114403693982,1.20733665347246,3.69693129569259,57.954100296116
12.2077380952381,1.60106853875212,1.20749520287396,3.69516324718552,57.9553634748687
12.2078373015873,1.60099292667444,1.20765365708834,3.69339604410863,57.9566264408745
12.2079365079365,1.60091720084569,1.20781201613221,3.69162968606502,57.9578891941733
12.2080357142857,1.60084136140484,1.20797028002208,3.68986417265814,57.9591517348052
12.2081349206349,1.60076540849085,1.20812844877449,3.68809950349138,57.9604140628102
12.2082341269841,1.60068934224274,1.20828652240587,3.68633567816847,57.9616761782282
12.2083333333333,1.60061316279953,1.20844450093268,3.68457269629311,57.9629380810992
12.2084325396825,1.60053687030029,1.20860238437129,3.68281055746928,57.9641997714631
12.2085317460317,1.60046046488412,1.20876017273804,3.68104926130111,57.9654612493595
12.208630952381,1.60038394669013,1.20891786604926,3.67928880739274,57.9667225148283
12.2087301587302,1.60030731585748,1.20907546432121,3.67752919534864,57.9679835679092
12.2088293650794,1.60023057252534,1.20923296757014,3.67577042477323,57.9692444086419
12.2089285714286,1.60015371683291,1.20939037581223,3.67401249527129,57.970505037066
12.2090277777778,1.60007674891943,1.20954768906364,3.67225540644754,57.9717654532211
12.209126984127,1.59999966892417,1.20970490734049,3.67049915790704,57.9730256571468
12.2092261904762,1.59992247698642,1.20986203065886,3.66874374925481,57.9742856488824
12.2093253968254,1.59984517324549,1.21001905903479,3.66698918009621,57.9755454284676
12.2094246031746,1.59976775784073,1.21017599248429,3.66523545003654,57.9768049959416
12.2095238095238,1.59969023091153,1.21033283102331,3.66348255868147,57.9780643513438
12.209623015873,1.59961259259729,1.21048957466779,3.6617305056366,57.9793234947136
12.2097222222222,1.59953484303744,1.2106462234336,3.65997929050788,57.9805824260901
12.2098214285714,1.59945698237145,1.21080277733661,3.6582289129012,57.9818411455128
12.2099206349206,1.5993790107388,1.21095923639262,3.65647937242277,57.9830996530206
12.2100198412698,1.59930092827902,1.21111560061739,3.65473066867892,57.9843579486527
12.210119047619,1.59922273513165,1.21127187002667,3.65298280127599,57.9856160324482
12.2102182539683,1.59914443143628,1.21142804463614,3.65123576982068,57.9868739044461
12.2103174603175,1.59906601733251,1.21158412446147,3.64948957391962,57.9881315646856
12.2104166666667,1.59898749295997,1.21174010951826,3.64774421317979,57.9893890132053
12.2105158730159,1.59890885845832,1.21189599982211,3.64599968720812,57.9906462500444
12.2106150793651,1.59883011396726,1.21205179538854,3.64425599561188,57.9919032752415
12.2107142857143,1.5987512596265,1.21220749623306,3.64251313799831,57.9931600888357
12.2108134920635,1.59867229557579,1.21236310237114,3.64077111397498,57.9944166908655
12.2109126984127,1.59859322195492,1.21251861381819,3.63902992314939,57.9956730813697
12.2110119047619,1.59851403890368,1.2126740305896,3.63728956512943,57.9969292603871
12.2111111111111,1.59843474656191,1.21282935270072,3.6355500395229,57.9981852279561
12.2112103174603,1.59835534506947,1.21298458016686,3.63381134593796,57.9994409841155
12.2113095238095,1.59827583456625,1.21313971300328,3.63207348398273,58.0006965289037
12.2114087301587,1.59819621519217,1.21329475122523,3.63033645326561,58.0019518623592
12.2115079365079,1.59811648708719,1.21344969484789,3.62860025339516,58.0032069845205
12.2116071428571,1.59803665039127,1.21360454388641,3.62686488397991,58.0044618954259
12.2117063492063,1.59795670524442,1.21375929835591,3.62513034462878,58.0057165951139
12.2118055555556,1.59787665178667,1.21391395827148,3.62339663495061,58.0069710836227
12.2119047619048,1.59779649015809,1.21406852364814,3.62166375455458,58.0082253609905
12.212003968254,1.59771622049876,1.21422299450091,3.61993170304985,58.0094794272557
12.2121031746032,1.59763584294881,1.21437737084472,3.6182004800459,58.0107332824564
12.2122023809524,1.59755535764838,1.21453165269453,3.61647008515216,58.0119869266306
12.2123015873016,1.59747476473765,1.21468584006519,3.61474051797841,58.0132403598165
12.2124007936508,1.59739406435682,1.21483993297158,3.61301177813439,58.0144935820522
12.2125,1.59731325664613,1.21499393142848,3.61128386523017,58.0157465933755
12.2125992063492,1.59723234174584,1.21514783545067,3.60955677887578,58.0169993938245
12.2126984126984,1.59715131979624,1.21530164505288,3.60783051868159,58.018251983437
12.2127976190476,1.59707019093764,1.2154553602498,3.60610508425792,58.0195043622509
12.2128968253968,1.5969889553104,1.21560898105608,3.60438047521538,58.020756530304
12.212996031746,1.59690761305489,1.21576250748634,3.60265669116473,58.0220084876341
12.2130952380952,1.59682616431151,1.21591593955516,3.60093373171675,58.0232602342788
12.2131944444444,1.59674460922069,1.21606927727706,3.59921159648253,58.0245117702758
12.2132936507937,1.59666294792291,1.21622252066656,3.59749028507314,58.0257630956628
12.2133928571429,1.59658118055865,1.2163756697381,3.59576979709997,58.0270142104774
12.2134920634921,1.59649930726842,1.21652872450612,3.59405013217438,58.028265114757
12.2135912698413,1.59641732819277,1.21668168498499,3.59233128990807,58.0295158085392
12.2136904761905,1.59633524347228,1.21683455118907,3.59061326991267,58.0307662918614
12.2137896825397,1.59625305324756,1.21698732313264,3.58889607180019,58.0320165647609
12.2138888888889,1.59617075765923,1.21714000082999,3.58717969518257,58.0332666272752
12.2139880952381,1.59608835684796,1.21729258429534,3.58546413967208,58.0345164794415
12.2140873015873,1.59600585095443,1.21744507354289,3.58374940488097,58.0357661212972
12.2141865079365,1.59592324011937,1.21759746858677,3.58203549042182,58.0370155528794
12.2142857142857,1.59584052448351,1.21774976944112,3.58032239590716,58.0382647742252
12.2143849206349,1.59575770418765,1.21790197612,3.57861012094981,58.0395137853719
12.2144841269841,1.59567477937257,1.21805408863744,3.57689866516275,58.0407625863564
12.2145833333333,1.59559175017911,1.21820610700745,3.57518802815895,58.0420111772159
12.2146825396825,1.59550861674814,1.21835803124398,3.57347820955173,58.0432595579872
12.2147817460317,1.59542537922054,1.21850986136095,3.57176920895436,58.0445077287074
12.214880952381,1.59534203773723,1.21866159737225,3.57006102598044,58.0457556894133
12.2149801587302,1.59525859243915,1.21881323929173,3.56835366024355,58.0470034401418
12.2150793650794,1.59517504346728,1.21896478713317,3.56664711135758,58.0482509809296
12.2151785714286,1.59509139096262,1.21911624091036,3.5649413789364,58.0494983118136
12.2152777777778,1.59500763506622,1.21926760063701,3.5632364625942,58.0507454328305
12.215376984127,1.59492377591911,1.21941886632682,3.56153236194515,58.0519923440169
12.2154761904762,1.59483981366241,1.21957003799344,3.55982907660373,58.0532390454093
12.2155753968254,1.59475574843721,1.21972111565047,3.55812660618439,58.0544855370445
12.2156746031746,1.59467158038468,1.2198720993115,3.55642495030193,58.055731818959
12.2157738095238,1.59458730964597,1.22002298899006,3.55472410857108,58.0569778911891
12.215873015873,1.5945029363623,1.22017378469964,3.55302408060689,58.0582237537715
12.2159722222222,1.5944184606749,1.2203244864537,3.55132486602452,58.0594694067423
12.2160714285714,1.59433388272503,1.22047509426566,3.54962646443918,58.0607148501381
12.2161706349206,1.59424920265397,1.2206256081489,3.54792887546639,58.061960083995
12.2162698412698,1.59416442060305,1.22077602811676,3.54623209872162,58.0632051083495
12.216369047619,1.5940795367136,1.22092635418255,3.54453613382069,58.0644499232375
12.2164682539683,1.59399455112701,1.22107658635953,3.54284098037939,58.0656945286954
12.2165674603175,1.59390946398467,1.22122672466092,3.54114663801383,58.0669389247593
12.2166666666667,1.59382427542802,1.22137676909993,3.53945310634007,58.0681831114652
12.2167658730159,1.59373898559852,1.22152671968968,3.53776038497453,58.069427088849
12.2168650793651,1.59365359463766,1.2216765764433,3.53606847353357,58.070670856947
12.2169642857143,1.59356810268694,1.22182633937386,3.5343773716339,58.0719144157949
12.2170634920635,1.59348250988792,1.22197600849439,3.53268707889217,58.0731577654286
12.2171626984127,1.59339681638218,1.22212558381787,3.53099759492539,58.0744009058841
12.2172619047619,1.59331102231131,1.22227506535729,3.52930891935051,58.075643837197
12.2173611111111,1.59322512781694,1.22242445312554,3.52762105178477,58.0768865594033
12.2174603174603,1.59313913304073,1.22257374713551,3.52593399184557,58.0781290725384
12.2175595238095,1.59305303812438,1.22272294740004,3.5242477391503,58.0793713766382
12.2176587301587,1.5929668432096,1.22287205393193,3.52256229331671,58.0806134717382
12.2177579365079,1.59288054843813,1.22302106674394,3.52087765396247,58.081855357874
12.2178571428571,1.59279415395175,1.2231699858488,3.51919382070563,58.0830970350812
12.2179563492064,1.59270765989226,1.22331881125921,3.51751079316417,58.0843385033952
12.2180555555556,1.59262106640149,1.22346754298779,3.51582857095641,58.0855797628514
12.2181547619048,1.59253437362129,1.22361618104716,3.51414715370063,58.0868208134853
12.218253968254,1.59244758169357,1.2237647254499,3.51246654101546,58.0880616553322
12.2183531746032,1.59236069076023,1.22391317620854,3.51078673251947,58.0893022884273
12.2184523809524,1.59227370096321,1.22406153333556,3.50910772783157,58.090542712806
12.2185515873016,1.5921866124445,1.22420979684344,3.50742952657064,58.0917829285034
12.2186507936508,1.59209942534609,1.22435796674457,3.50575212835588,58.0930229355547
12.21875,1.59201213981001,1.22450604305134,3.50407553280646,58.0942627339951
12.2188492063492,1.59192475597833,1.22465402577609,3.50239973954183,58.0955023238595
12.2189484126984,1.59183727399312,1.22480191493112,3.5007247481816,58.096741705183
12.2190476190476,1.59174969399651,1.22494971052869,3.49905055834538,58.0979808780007
12.2191468253968,1.59166201613065,1.22509741258102,3.49737716965311,58.0992198423473
12.219246031746,1.59157424053769,1.22524502110031,3.49570458172469,58.1004585982579
12.2193452380952,1.59148636735985,1.22539253609869,3.49403279418036,58.1016971457672
12.2194444444444,1.59139839673935,1.22553995758828,3.49236180664033,58.1029354849101
12.2195436507936,1.59131032881846,1.22568728558114,3.49069161872512,58.1041736157212
12.2196428571429,1.59122216373945,1.22583452008931,3.48902223005523,58.1054115382354
12.2197420634921,1.59113390164466,1.22598166112477,3.48735364025149,58.1066492524872
12.2198412698413,1.59104554267641,1.22612870869949,3.48568584893468,58.1078867585113
12.2199404761905,1.59095708697708,1.22627566282537,3.48401885572593,58.1091240563423
12.2200396825397,1.59086853468908,1.2264225235143,3.48235266024633,58.1103611460146
12.2201388888889,1.59077988595483,1.22656929077811,3.48068726211727,58.1115980275628
12.2202380952381,1.59069114091679,1.2267159646286,3.47902266096016,58.1128347010213
12.2203373015873,1.59060229971745,1.22686254507753,3.47735885639664,58.1140711664244
12.2204365079365,1.59051336249933,1.22700903213662,3.47569584804854,58.1153074238065
12.2205357142857,1.59042432940496,1.22715542581757,3.47403363553768,58.1165434732019
12.2206349206349,1.59033520057692,1.227301726132,3.4723722184862,58.1177793146449
12.2207341269841,1.59024597615781,1.22744793309154,3.47071159651622,58.1190149481696
12.2208333333333,1.59015665629027,1.22759404670774,3.4690517692502,58.1202503738102
12.2209325396825,1.59006724111694,1.22774006699214,3.46739273631054,58.1214855916009
12.2210317460317,1.58997773078052,1.22788599395623,3.46573449731997,58.1227206015756
12.221130952381,1.58988812542371,1.22803182761146,3.46407705190122,58.1239554037685
12.2212301587302,1.58979842518927,1.22817756796925,3.46242039967732,58.1251899982134
12.2213293650794,1.58970863021996,1.22832321504097,3.46076454027126,58.1264243849444
12.2214285714286,1.58961874065859,1.22846876883795,3.45910947330638,58.1276585639952
12.2215277777778,1.58952875664799,1.2286142293715,3.45745519840597,58.1288925353998
12.221626984127,1.58943867833101,1.22875959665288,3.45580171519367,58.1301262991919
12.2217261904762,1.58934850585053,1.2289048706933,3.45414902329305,58.1313598554054
12.2218253968254,1.58925823934948,1.22905005150395,3.45249712232799,58.1325932040738
12.2219246031746,1.58916787897079,1.22919513909598,3.45084601192252,58.1338263452308
12.2220238095238,1.58907742485745,1.22934013348048,3.44919569170067,58.1350592789101
12.222123015873,1.58898687715244,1.22948503466853,3.44754616128681,58.1362920051452
12.2222222222222,1.5888962359988,1.22962984267115,3.44589742030524,58.1375245239696
12.2223214285714,1.58880550153958,1.22977455749933,3.44424946838065,58.1387568354168
12.2224206349206,1.58871467391788,1.22991917916403,3.44260230513764,58.1399889395203
12.2225198412698,1.5886237532768,1.23006370767615,3.44095593020117,58.1412208363134
12.222619047619,1.58853273975948,1.23020814304658,3.43931034319616,58.1424525258294
12.2227182539683,1.58844163350911,1.23035248528614,3.43766554374785,58.1436840081017
12.2228174603175,1.58835043466887,1.23049673440564,3.43602153148145,58.1449152831635
12.2229166666667,1.58825914338201,1.23064089041583,3.43437830602251,58.146146351048
12.2230158730159,1.58816775979176,1.23078495332743,3.43273586699653,58.1473772117884
12.2231150793651,1.58807628404143,1.23092892315112,3.43109421402934,58.1486078654177
12.2232142857143,1.58798471627432,1.23107279989755,3.42945334674676,58.149838311969
12.2233134920635,1.58789305663378,1.23121658357732,3.42781326477486,58.1510685514754
12.2234126984127,1.58780130526318,1.23136027420099,3.42617396773987,58.1522985839698
12.2235119047619,1.58770946230591,1.2315038717791,3.42453545526805,58.1535284094851
12.2236111111111,1.58761752790541,1.23164737632213,3.42289772698595,58.1547580280542
12.2237103174603,1.58752550220513,1.23179078784053,3.42126078252012,58.1559874397101
12.2238095238095,1.58743338534856,1.23193410634471,3.41962462149743,58.1572166444853
12.2239087301587,1.58734117747921,1.23207733184504,3.41798924354471,58.1584456424128
12.2240079365079,1.58724887874063,1.23222046435186,3.41635464828912,58.1596744335251
12.2241071428571,1.58715648927638,1.23236350387548,3.41472083535779,58.160903017855
12.2242063492063,1.58706400923006,1.23250645042612,3.41308780437818,58.162131395435
12.2243055555556,1.58697143874531,1.23264930401404,3.4114555549777,58.1633595662978
12.2244047619048,1.58687877796577,1.23279206464939,3.40982408678411,58.1645875304757
12.224503968254,1.58678602703514,1.23293473234232,3.40819339942513,58.1658152880015
12.2246031746032,1.58669318609712,1.23307730710294,3.4065634925288,58.1670428389073
12.2247023809524,1.58660025529546,1.2332197889413,3.40493436572314,58.1682701832256
12.2248015873016,1.58650723477393,1.23336217786745,3.40330601863643,58.1694973209888
12.2249007936508,1.58641412467633,1.23350447389135,3.40167845089712,58.1707242522291
12.225,1.58632092514648,1.23364667702296,3.40005166213367,58.1719509769788
12.2250992063492,1.58622763632825,1.23378878727219,3.39842565197486,58.17317749527
12.2251984126984,1.58613425836551,1.23393080464892,3.39680042004944,58.174403807135
12.2252976190476,1.58604079140218,1.23407272916296,3.39517596598647,58.1756299126058
12.2253968253968,1.5859472355822,1.23421456082413,3.39355228941502,58.1768558117145
12.225496031746,1.58585359104955,1.23435629964218,3.39192938996445,58.1780815044931
12.2255952380952,1.58575985794821,1.23449794562681,3.39030726726409,58.1793069909736
12.2256944444444,1.58566603642222,1.23463949878772,3.38868592094362,58.1805322711879
12.2257936507937,1.58557212661563,1.23478095913454,3.38706535063267,58.1817573451678
12.2258928571429,1.58547812867253,1.23492232667686,3.3854455559612,58.1829822129453
12.2259920634921,1.58538404273703,1.23506360142427,3.38382653655913,58.1842068745521
12.2260912698413,1.58528986895328,1.23520478338627,3.38220829205673,58.1854313300198
12.2261904761905,1.58519560746543,1.23534587257236,3.38059082208422,58.1866555793804
12.2262896825397,1.58510125841769,1.23548686899199,3.37897412627209,58.1878796226653
12.2263888888889,1.5850068219543,1.23562777265455,3.37735820425101,58.1891034599062
12.2264880952381,1.58491229821949,1.23576858356943,3.37574305565164,58.1903270911347
12.2265873015873,1.58481768735756,1.23590930174595,3.37412868010497,58.1915505163822
12.2266865079365,1.58472298951281,1.23604992719341,3.37251507724196,58.1927737356803
12.2267857142857,1.5846282048296,1.23619045992106,3.3709022466939,58.1939967490603
12.2268849206349,1.58453333345229,1.23633089993812,3.36929018809204,58.1952195565536
12.2269841269841,1.58443837552528,1.23647124725375,3.36767890106796,58.1964421581916
12.2270833333333,1.58434333119298,1.23661150187712,3.36606838525323,58.1976645540056
12.2271825396825,1.58424820059987,1.2367516638173,3.3644586402797,58.1988867440267
12.2272817460317,1.58415298389042,1.23689173308338,3.36284966577922,58.2001087282862
12.227380952381,1.58405768120915,1.23703170968436,3.36124146138397,58.2013305068153
12.2274801587302,1.58396229270059,1.23717159362923,3.35963402672609,58.202552079645
12.2275793650794,1.58386681850932,1.23731138492694,3.35802736143804,58.2037734468063
12.2276785714286,1.58377125877993,1.23745108358641,3.35642146515225,58.2049946083304
12.2277777777778,1.58367561365705,1.23759068961648,3.35481633750144,58.2062155642482
12.227876984127,1.58357988328533,1.237730203026,3.35321197811848,58.2074363145905
12.2279761904762,1.58348406780946,1.23786962382376,3.35160838663623,58.2086568593883
12.2280753968254,1.58338816737415,1.23800895201851,3.3500055626879,58.2098771986724
12.2281746031746,1.58329218212414,1.23814818761896,3.34840350590667,58.2110973324736
12.2282738095238,1.5831961122042,1.2382873306338,3.34680221592603,58.2123172608225
12.228373015873,1.58309995775913,1.23842638107165,3.34520169237944,58.21353698375
12.2284722222222,1.58300371893375,1.23856533894112,3.34360193490069,58.2147565012867
12.2285714285714,1.58290739587291,1.23870420425077,3.34200294312356,58.2159758134631
12.2286706349206,1.58281098872151,1.23884297700912,3.34040471668211,58.2171949203098
12.2287698412698,1.58271449762444,1.23898165722466,3.33880725521041,58.2184138218574
12.228869047619,1.58261792272666,1.23912024490582,3.33721055834285,58.2196325181362
12.2289682539683,1.58252126417313,1.23925874006102,3.33561462571376,58.2208510091768
12.2290674603175,1.58242452210885,1.23939714269862,3.33401945695782,58.2220692950094
12.2291666666667,1.58232769667883,1.23953545282695,3.33242505170969,58.2232873756645
12.2292658730159,1.58223078802815,1.2396736704543,3.33083140960428,58.2245052511723
12.2293650793651,1.58213379630188,1.23981179558892,3.32923853027667,58.2257229215629
12.2294642857143,1.58203672164513,1.23994982823904,3.32764641336194,58.2269403868668
12.2295634920635,1.58193956420304,1.24008776841281,3.32605505849551,58.2281576471138
12.2296626984127,1.58184232412078,1.24022561611838,3.32446446531276,58.2293747023343
12.2297619047619,1.58174500154354,1.24036337136385,3.3228746334494,58.2305915525581
12.2298611111111,1.58164759661656,1.24050103415727,3.3212855625411,58.2318081978154
12.2299603174603,1.58155010948509,1.24063860450666,3.31969725222386,58.2330246381361
12.2300595238095,1.5814525402944,1.24077608242002,3.31810970213366,58.2342408735501
12.2301587301587,1.58135488918981,1.24091346790527,3.31652291190679,58.2354569040873
12.2302579365079,1.58125715631666,1.24105076097033,3.31493688117952,58.2366727297775
12.2303571428571,1.58115934182032,1.24118796162306,3.31335160958843,58.2378883506505
12.2304563492063,1.58106144584618,1.24132506987129,3.3117670967701,58.239103766736
12.2305555555556,1.58096346853967,1.24146208572281,3.3101833423614,58.2403189780637
12.2306547619048,1.58086541004624,1.24159900918537,3.30860034599919,58.2415339846634
12.230753968254,1.58076727051137,1.24173584026669,3.30701810732061,58.2427487865644
12.2308531746032,1.58066905008059,1.24187257897442,3.30543662596294,58.2439633837965
12.2309523809524,1.58057074889941,1.24200922531622,3.30385590156347,58.2451777763891
12.2310515873016,1.58047236711342,1.24214577929967,3.30227593375984,58.2463919643717
12.2311507936508,1.5803739048682,1.24228224093233,3.30069672218962,58.2476059477737
12.23125,1.58027536230939,1.24241861022173,3.29911826649075,58.2488197266244
12.2313492063492,1.58017673958264,1.24255488717535,3.29754056630111,58.2500333009533
12.2314484126984,1.58007803683362,1.24269107180061,3.2959636212589,58.2512466707895
12.2315476190476,1.57997925420805,1.24282716410494,3.29438743100231,58.2524598361623
12.2316468253968,1.57988039185167,1.2429631640957,3.29281199516985,58.2536727971009
12.231746031746,1.57978144991024,1.2430990717802,3.2912373134,58.2548855536345
12.2318452380952,1.57968242852957,1.24323488716575,3.28966338533155,58.2560981057921
12.2319444444444,1.57958332785546,1.24337061025958,3.28809021060327,58.2573104536028
12.2320436507936,1.57948414803379,1.24350624106891,3.28651778885427,58.2585225970956
12.2321428571429,1.57938488921043,1.24364177960092,3.28494611972361,58.2597345362994
12.2322420634921,1.57928555153128,1.24377722586273,3.28337520285063,58.2609462712433
12.2323412698413,1.5791861351423,1.24391257986144,3.28180503787483,58.2621578019559
12.2324404761905,1.57908664018944,1.2440478416041,3.28023562443571,58.2633691284662
12.2325396825397,1.5789870668187,1.24418301109774,3.27866696217312,58.264580250803
12.2326388888889,1.57888741517611,1.24431808834934,3.27709905072685,58.2657911689949
12.2327380952381,1.57878768540771,1.24445307336583,3.27553188973702,58.2670018830706
12.2328373015873,1.5786878776596,1.24458796615412,3.27396547884375,58.2682123930589
12.2329365079365,1.57858799207787,1.24472276672106,3.27239981768744,58.2694226989883
12.2330357142857,1.57848802880867,1.2448574750735,3.2708349059085,58.2706328008873
12.2331349206349,1.57838798799817,1.24499209121821,3.26927074314764,58.2718426987845
12.2332341269841,1.57828786979255,1.24512661516194,3.26770732904554,58.2730523927083
12.2333333333333,1.57818767433805,1.2452610469114,3.26614466324322,58.274261882687
12.2334325396825,1.57808740178091,1.24539538647326,3.26458274538166,58.2754711687493
12.2335317460317,1.57798705226742,1.24552963385415,3.26302157510216,58.2766802509231
12.233630952381,1.57788662594388,1.24566378906067,3.26146115204601,58.277889129237
12.2337301587302,1.57778612295664,1.24579785209938,3.25990147585475,58.2790978037192
12.2338293650794,1.57768554345206,1.24593182297678,3.2583425461701,58.2803062743976
12.2339285714286,1.57758488757654,1.24606570169937,3.25678436263378,58.2815145413007
12.2340277777778,1.57748415547649,1.24619948827356,3.25522692488781,58.2827226044564
12.234126984127,1.57738334729838,1.24633318270578,3.25367023257423,58.2839304638928
12.2342261904762,1.57728246318867,1.24646678500238,3.25211428533536,58.2851381196378
12.2343253968254,1.57718150329389,1.24660029516968,3.25055908281352,58.2863455717195
12.2344246031746,1.57708046776057,1.24673371321397,3.24900462465133,58.2875528201658
12.2345238095238,1.57697935673527,1.2468670391415,3.2474509104914,58.2887598650045
12.234623015873,1.57687817036459,1.24700027295847,3.24589793997666,58.2899667062634
12.2347222222222,1.57677690879515,1.24713341467106,3.24434571275001,58.2911733439704
12.2348214285714,1.57667557217361,1.24726646428539,3.24279422845466,58.292379778153
12.2349206349206,1.57657416064664,1.24739942180756,3.24124348673382,58.2935860088392
12.2350198412698,1.57647267436096,1.24753228724362,3.23969348723098,58.2947920360564
12.235119047619,1.57637111346329,1.24766506059959,3.23814422958965,58.2959978598322
12.2352182539683,1.57626947810041,1.24779774188145,3.2365957134536,58.2972034801943
12.2353174603175,1.57616776841912,1.24793033109512,3.23504793846672,58.2984088971701
12.2354166666667,1.57606598456623,1.24806282824652,3.23350090427296,58.2996141107871
12.2355158730159,1.57596412668859,1.2481952333415,3.23195461051657,58.3008191210726
12.2356150793651,1.57586219493309,1.24832754638589,3.23040905684177,58.302023928054
12.2357142857143,1.57576018944663,1.24845976738546,3.22886424289311,58.3032285317587
12.2358134920635,1.57565811037616,1.24859189634598,3.2273201683151,58.304432932214
12.2359126984127,1.57555595786863,1.24872393327313,3.2257768327526,58.305637129447
12.2360119047619,1.57545373207104,1.2488558781726,3.22423423585041,58.306841123485
12.2361111111111,1.57535143313042,1.24898773105,3.22269237725368,58.308044914355
12.2362103174603,1.57524906119381,1.24911949191094,3.2211512566075,58.3092485020842
12.2363095238095,1.57514661640829,1.24925116076096,3.21961087355732,58.3104518866996
12.2364087301587,1.57504409892098,1.24938273760558,3.21807122774853,58.3116550682283
12.2365079365079,1.574941508879,1.24951422245027,3.21653231882686,58.3128580466971
12.2366071428571,1.57483884642953,1.24964561530048,3.21499414643802,58.314060822133
12.2367063492064,1.57473611171976,1.24977691616159,3.21345671022797,58.3152633945628
12.2368055555556,1.57463330489691,1.24990812503897,3.21192000984285,58.3164657640134
12.2369047619048,1.57453042610823,1.25003924193795,3.21038404492879,58.3176679305115
12.237003968254,1.574427475501,1.25017026686379,3.20884881513225,58.3188698940839
12.2371031746032,1.57432445322253,1.25030119982176,3.20731432009967,58.3200716547572
12.2372023809524,1.57422135942016,1.25043204081704,3.20578055947782,58.3212732125581
12.2373015873016,1.57411819424124,1.25056278985482,3.20424753291341,58.3224745675131
12.2374007936508,1.57401495783318,1.25069344694021,3.2027152400535,58.3236757196489
12.2375,1.57391165034339,1.25082401207832,3.20118368054512,58.3248766689918
12.2375992063492,1.57380827191933,1.25095448527418,3.19965285403561,58.3260774155684
12.2376984126984,1.57370482270848,1.25108486653282,3.1981227601723,58.3272779594051
12.2377976190476,1.57360130285834,1.2512151558592,3.19659339860281,58.3284783005282
12.2378968253968,1.57349771251644,1.25134535325826,3.19506476897478,58.3296784389641
12.237996031746,1.57339405183036,1.25147545873491,3.19353687093613,58.3308783747389
12.2380952380952,1.57329032094769,1.25160547229399,3.19200970413478,58.332078107879
12.2381944444444,1.57318652001604,1.25173539394033,3.19048326821891,58.3332776384105
12.2382936507937,1.57308264918308,1.25186522367871,3.18895756283685,58.3344769663595
12.2383928571429,1.57297870859647,1.25199496151388,3.18743258763696,58.3356760917522
12.2384920634921,1.57287469840392,1.25212460745053,3.18590834226791,58.3368750146146
12.2385912698413,1.57277061875318,1.25225416149333,3.18438482637835,58.3380737349726
12.2386904761905,1.572666469792,1.25238362364691,3.18286203961724,58.3392722528523
12.2387896825397,1.57256225166818,1.25251299391587,3.18133998163353,58.3404705682795
12.2388888888889,1.57245796452954,1.25264227230473,3.17981865207648,58.34166868128
12.2389880952381,1.57235360852392,1.25277145881803,3.17829805059532,58.3428665918799
12.2390873015873,1.57224918379922,1.25290055346024,3.17677817683961,58.3440643001046
12.2391865079365,1.57214469050332,1.25302955623578,3.17525903045888,58.3452618059801
12.2392857142857,1.57204012878418,1.25315846714905,3.17374061110299,58.3464591095319
12.2393849206349,1.57193549878975,1.25328728620442,3.17222291842175,58.3476562107858
12.2394841269841,1.57183080066803,1.25341601340619,3.17070595206531,58.3488531097672
12.2395833333333,1.57172603456704,1.25354464875865,3.16918971168381,58.3500498065018
12.2396825396825,1.57162120063482,1.25367319226605,3.16767419692762,58.351246301015
12.2397817460317,1.57151629901946,1.25380164393257,3.1661594074473,58.3524425933323
12.239880952381,1.57141132986906,1.2539300037624,3.16464534289341,58.353638683479
12.2399801587302,1.57130629333176,1.25405827175965,3.16313200291683,58.3548345714806
12.2400793650794,1.57120118955571,1.25418644792842,3.16161938716842,58.3560302573624
12.2401785714286,1.57109601868913,1.25431453227274,3.16010749529935,58.3572257411496
12.2402777777778,1.57099078088021,1.25444252479663,3.15859632696079,58.3584210228674
12.240376984127,1.57088547627722,1.25457042550407,3.15708588180419,58.359616102541
12.2404761904762,1.57078010502843,1.25469823439898,3.15557615948102,58.3608109801956
12.2405753968254,1.57067466728215,1.25482595148526,3.15406715964302,58.3620056558563
12.2406746031746,1.5705691631867,1.25495357676677,3.15255888194196,58.363200129548
12.2407738095238,1.57046359289047,1.25508111024732,3.15105132602988,58.3643944012957
12.240873015873,1.57035795654183,1.2552085519307,3.14954449155882,58.3655884711245
12.2409722222222,1.57025225428921,1.25533590182064,3.14803837818115,58.3667823390592
12.2410714285714,1.57014648628106,1.25546315992084,3.14653298554918,58.3679760051247
12.2411706349206,1.57004065266585,1.25559032623497,3.14502831331554,58.3691694693458
12.2412698412698,1.5699347535921,1.25571740076665,3.14352436113297,58.3703627317472
12.241369047619,1.56982878920832,1.25584438351947,3.14202112865424,58.3715557923537
12.2414682539683,1.5697227596631,1.25597127449697,3.14051861553246,58.3727486511899
12.2415674603175,1.56961666510502,1.25609807370268,3.13901682142068,58.3739413082805
12.2416666666667,1.56951050568269,1.25622478114004,3.1375157459723,58.37513376365
12.2417658730159,1.56940428154478,1.2563513968125,3.13601538884068,58.3763260173231
12.2418650793651,1.56929799283995,1.25647792072345,3.13451574967949,58.3775180693242
12.2419642857143,1.56919163971691,1.25660435287625,3.13301682814241,58.3787099196777
12.2420634920635,1.5690852223244,1.25673069327421,3.1315186238834,58.379901568408
12.2421626984127,1.56897874081118,1.25685694192061,3.13002113655642,58.3810930155395
12.2422619047619,1.56887219532604,1.25698309881868,3.12852436581573,58.3822842610965
12.2423611111111,1.5687655860178,1.25710916397163,3.12702831131559,58.3834753051033
12.2424603174603,1.5686589130353,1.25723513738262,3.12553297271057,58.384666147584
12.2425595238095,1.56855217652743,1.25736101905478,3.1240383496552,58.3858567885629
12.2426587301587,1.5684453766431,1.25748680899118,3.1225444418043,58.3870472280641
12.2427579365079,1.56833851353122,1.25761250719488,3.12105124881284,58.3882374661117
12.2428571428571,1.56823158734078,1.25773811366888,3.1195587703358,58.3894275027296
12.2429563492063,1.56812459822075,1.25786362841615,3.11806700602848,58.390617337942
12.2430555555556,1.56801754632016,1.25798905143962,3.11657595554617,58.3918069717727
12.2431547619048,1.56791043178806,1.25811438274219,3.11508561854445,58.3929964042456
12.243253968254,1.56780325477352,1.2582396223267,3.11359599467891,58.3941856353846
12.2433531746032,1.56769601542564,1.25836477019597,3.11210708360544,58.3953746652135
12.2434523809524,1.56758871389357,1.25848982635278,3.11061888497991,58.3965634937561
12.2435515873016,1.56748135032646,1.25861479079987,3.10913139845849,58.3977521210361
12.2436507936508,1.5673739248735,1.25873966353993,3.10764462369736,58.3989405470771
12.24375,1.56726643768392,1.25886444457563,3.106158560353,58.4001287719027
12.2438492063492,1.56715888890696,1.25898913390958,3.10467320808186,58.4013167955367
12.2439484126984,1.5670512786919,1.25911373154438,3.10318856654072,58.4025046180024
12.2440476190476,1.56694360718804,1.25923823748256,3.10170463538634,58.4036922393234
12.2441468253968,1.56683587454471,1.25936265172664,3.10022141427573,58.4048796595231
12.244246031746,1.56672808091128,1.25948697427907,3.09873890286609,58.406066878625
12.2443452380952,1.56662022643714,1.25961120514229,3.0972571008146,58.4072538966523
12.2444444444444,1.56651231127171,1.25973534431869,3.09577600777877,58.4084407136284
12.2445436507937,1.56640433556443,1.25985939181063,3.0942956234161,58.4096273295765
12.2446428571429,1.56629629946478,1.25998334762041,3.09281594738438,58.4108137445199
12.2447420634921,1.56618820312226,1.26010721175031,3.09133697934142,58.4119999584817
12.2448412698413,1.56608004668641,1.26023098420257,3.08985871894531,58.4131859714851
12.2449404761905,1.56597183030679,1.26035466497938,3.08838116585412,58.4143717835531
12.2450396825397,1.565863554133,1.26047825408291,3.08690431972626,58.4155573947087
12.2451388888889,1.56575521831463,1.26060175151527,3.0854281802201,58.4167428049751
12.2452380952381,1.56564682300136,1.26072515727855,3.08395274699433,58.4179280143749
12.2453373015873,1.56553836834284,1.26084847137479,3.08247801970762,58.4191130229313
12.2454365079365,1.5654298544888,1.26097169380599,3.08100399801895,58.420297830667
12.2455357142857,1.56532128158894,1.26109482457413,3.0795306815873,58.4214824376049
12.2456349206349,1.56521264979305,1.26121786368113,3.07805807007189,58.4226668437677
12.2457341269841,1.5651039592509,1.26134081112888,3.07658616313211,58.4238510491781
12.2458333333333,1.56499521011232,1.26146366691922,3.07511496042738,58.4250350538588
12.2459325396825,1.56488640252716,1.26158643105398,3.07364446161741,58.4262188578323
12.2460317460317,1.56477753664528,1.26170910353493,3.0721746663619,58.4274024611214
12.246130952381,1.5646686126166,1.2618316843638,3.07070557432087,58.4285858637485
12.2462301587302,1.56455963059105,1.26195417354229,3.06923718515432,58.4297690657361
12.2463293650794,1.56445059071858,1.26207657107205,3.06776949852255,58.4309520671066
12.2464285714286,1.56434149314918,1.26219887695471,3.06630251408587,58.4321348678825
12.2465277777778,1.56423233803289,1.26232109119184,3.06483623150486,58.433317468086
12.246626984127,1.56412312551973,1.26244321378499,3.06337065044014,58.4344998677396
12.2467261904762,1.56401385575978,1.26256524473567,3.06190577055257,58.4356820668653
12.2468253968254,1.56390452890316,1.26268718404533,3.06044159150307,58.4368640654856
12.2469246031746,1.56379514509999,1.26280903171541,3.05897811295281,58.4380458636225
12.2470238095238,1.56368570450042,1.26293078774729,3.05751533456297,58.4392274612981
12.247123015873,1.56357620725466,1.26305245214232,3.056053255995,58.4404088585346
12.2472222222222,1.56346665351292,1.26317402490182,3.0545918769105,58.4415900553539
12.2473214285714,1.56335704342544,1.26329550602705,3.05313119697108,58.442771051778
12.2474206349206,1.56324737714251,1.26341689551924,3.05167121583868,58.4439518478289
12.2475198412698,1.56313765481441,1.26353819337961,3.05021193317521,58.4451324435285
12.247619047619,1.5630278765915,1.26365939960929,3.04875334864288,58.4463128388986
12.2477182539683,1.56291804262411,1.26378051420942,3.04729546190393,58.4474930339611
12.2478174603175,1.56280815306265,1.26390153718106,3.04583827262085,58.4486730287376
12.2479166666667,1.56269820805753,1.26402246852527,3.04438178045616,58.4498528232499
12.2480158730159,1.5625882077592,1.26414330824303,3.04292598507267,58.4510324175196
12.2481150793651,1.56247815231813,1.26426405633533,3.04147088613318,58.4522118115685
12.2482142857143,1.56236804188483,1.26438471280307,3.0400164833008,58.4533910054179
12.2483134920635,1.56225787660982,1.26450527764715,3.03856277623862,58.4545699990896
12.2484126984127,1.56214765664367,1.26462575086842,3.03710976461004,58.4557487926049
12.2485119047619,1.56203738213696,1.26474613246769,3.03565744807846,58.4569273859853
12.2486111111111,1.56192705324031,1.26486642244573,3.03420582630752,58.4581057792522
12.2487103174603,1.56181667010437,1.26498662080326,3.03275489896104,58.4592839724269
12.2488095238095,1.56170623287981,1.26510672754099,3.03130466570284,58.4604619655308
12.2489087301587,1.56159574171734,1.26522674265956,3.02985512619707,58.4616397585851
12.2490079365079,1.56148519676768,1.26534666615961,3.02840628010785,58.4628173516109
12.2491071428571,1.5613745981816,1.2654664980417,3.02695812709961,58.4639947446295
12.2492063492064,1.56126394610988,1.26558623830637,3.02551066683678,58.465171937662
12.2493055555556,1.56115324070334,1.26570588695413,3.02406389898408,58.4663489307295
12.2494047619048,1.56104248211283,1.26582544398544,3.02261782320623,58.4675257238529
12.249503968254,1.56093167048922,1.26594490940072,3.02117243916826,58.4687023170533
12.2496031746032,1.5608208059834,1.26606428320036,3.01972774653516,58.4698787103516
12.2497023809524,1.56070988874632,1.2661835653847,3.01828374497227,58.4710549037686
12.2498015873016,1.56059891892893,1.26630275595406,3.01684043414488,58.4722308973253
12.2499007936508,1.56048789668223,1.26642185490869,3.01539781371861,58.4734066910425
12.25,1.56037682215721,1.26654086224885,3.01395588335906,58.4745822849408
12.2500992063492,1.56026569550494,1.26665977797471,3.0125146427321,58.475757679041
12.2501984126984,1.56015451687649,1.26677860208643,3.01107409150373,58.4769328733638
12.2502976190476,1.56004328642295,1.26689733458413,3.00963422934001,58.4781078679297
12.2503968253968,1.55993200429545,1.26701597546788,3.00819505590728,58.4792826627594
12.250496031746,1.55982067064517,1.26713452473773,3.00675657087187,58.4804572578734
12.2505952380952,1.55970928562328,1.26725298239366,3.00531877390044,58.481631653292
12.2506944444444,1.55959784938099,1.26737134843566,3.00388166465961,58.4828058490359
12.2507936507936,1.55948636206957,1.26748962286362,3.00244524281632,58.4839798451254
12.2508928571429,1.55937482384027,1.26760780567745,3.0010095080375,58.4851536415807
12.2509920634921,1.5592632348444,1.26772589687698,2.99957445999039,58.4863272384223
12.2510912698413,1.55915159523329,1.26784389646203,2.99814009834219,58.4875006356704
12.2511904761905,1.55903990515831,1.26796180443235,2.99670642276045,58.488673833345
12.2512896825397,1.55892816477082,1.2680796207877,2.99527343291267,58.4898468314666
12.2513888888889,1.55881637422226,1.26819734552774,2.99384112846669,58.4910196300551
12.2514880952381,1.55870453366406,1.26831497865214,2.9924095090903,58.4921922291306
12.2515873015873,1.55859264324771,1.26843252016051,2.99097857445159,58.4933646287131
12.2516865079365,1.55848070312469,1.26854997005242,2.98954832421878,58.4945368288227
12.2517857142857,1.55836871344655,1.26866732832742,2.98811875806013,58.4957088294792
12.2518849206349,1.55825667436484,1.268784594985,2.98668987564419,58.4968806307025
12.2519841269841,1.55814458603114,1.26890177002462,2.98526167663951,58.4980522325125
12.2520833333333,1.55803244859707,1.26901885344571,2.98383416071495,58.499223634929
12.2521825396825,1.55792026221428,1.26913584524764,2.98240732753935,58.5003948379717
12.2522817460317,1.55780802703444,1.26925274542976,2.98098117678185,58.5015658416603
12.252380952381,1.55769574320924,1.26936955399138,2.9795557081116,58.5027366460146
12.2524801587302,1.55758341089043,1.26948627093176,2.97813092119804,58.503907251054
12.2525793650794,1.55747103022975,1.26960289625014,2.9767068157106,58.5050776567982
12.2526785714286,1.557358601379,1.26971942994569,2.97528339131901,58.5062478632667
12.2527777777778,1.55724612448999,1.26983587201758,2.973860647693,58.507417870479
12.252876984127,1.55713359971456,1.26995222246492,2.97243858450262,58.5085876784544
12.2529761904762,1.55702102720458,1.27006848128678,2.97101720141787,58.5097572872125
12.2530753968254,1.55690840711196,1.2701846484822,2.96959649810905,58.5109266967725
12.2531746031746,1.55679573958863,1.27030072405017,2.96817647424659,58.5120959071536
12.2532738095238,1.55668302478654,1.27041670798965,2.96675712950095,58.5132649183753
12.253373015873,1.55657026285768,1.27053260029957,2.96533846354291,58.5144337304566
12.2534722222222,1.55645745395406,1.2706484009788,2.96392047604322,58.5156023434168
12.2535714285714,1.55634459822773,1.27076411002619,2.96250316667295,58.5167707572749
12.2536706349206,1.55623169583076,1.27087972744055,2.96108653510314,58.51793897205
12.2537698412698,1.55611874691526,1.27099525322063,2.95967058100517,58.5191069877612
12.253869047619,1.55600575163334,1.27111068736517,2.95825530405037,58.5202748044273
12.2539682539683,1.55589271013717,1.27122602987285,2.9568407039104,58.5214424220674
12.2540674603175,1.55577962257893,1.27134128074233,2.9554267802569,58.5226098407003
12.2541666666667,1.55566648911084,1.27145643997222,2.95401353276182,58.5237770603448
12.2542658730159,1.55555330988514,1.27157150756109,2.9526009610971,58.5249440810199
12.2543650793651,1.5554400850541,1.27168648350747,2.95118906493499,58.526110902744
12.2544642857143,1.55532681477003,1.27180136780986,2.9497778439477,58.5272775255362
12.2545634920635,1.55521349918525,1.27191616046672,2.94836729780775,58.5284439494148
12.2546626984127,1.55510013845211,1.27203086147647,2.94695742618777,58.5296101743986
12.2547619047619,1.55498673272301,1.27214547083748,2.94554822876044,58.5307762005062
12.2548611111111,1.55487328215036,1.2722599885481,2.94413970519874,58.531942027756
12.2549603174603,1.5547597868866,1.27237441460664,2.94273185517564,58.5331076561665
12.2550595238095,1.55464624708421,1.27248874901135,2.94132467836442,58.5342730857562
12.2551587301587,1.55453266289568,1.27260299176047,2.93991817443833,58.5354383165434
12.2552579365079,1.55441903447354,1.27271714285217,2.93851234307095,58.5366033485464
12.2553571428571,1.55430536197034,1.27283120228462,2.93710718393583,58.5377681817837
12.2554563492063,1.55419164553868,1.27294517005592,2.93570269670684,58.5389328162733
12.2555555555556,1.55407788533117,1.27305904616414,2.93429888105784,58.5400972520336
12.2556547619048,1.55396408150045,1.27317283060731,2.93289573666297,58.5412614890826
12.255753968254,1.55385023419919,1.27328652338343,2.93149326319639,58.5424255274385
12.2558531746032,1.55373634358009,1.27340012449046,2.93009146033255,58.5435893671193
12.2559523809524,1.55362240979588,1.27351363392632,2.9286903277459,58.5447530081431
12.2560515873016,1.55350843299931,1.27362705168887,2.92728986511114,58.5459164505278
12.2561507936508,1.55339441334318,1.27374037777597,2.92589007210313,58.5470796942913
12.25625,1.55328035098029,1.27385361218542,2.92449094839675,58.5482427394516
12.2563492063492,1.55316624606349,1.27396675491497,2.92309249366719,58.5494055860265
12.2564484126984,1.55305209874564,1.27407980596236,2.92169470758964,58.5505682340337
12.2565476190476,1.55293790917965,1.27419276532526,2.92029758983957,58.551730683491
12.2566468253968,1.55282367751845,1.27430563300134,2.91890114009246,58.5528929344161
12.256746031746,1.55270940391498,1.27441840898818,2.9175053580241,58.5540549868266
12.2568452380952,1.55259508852224,1.27453109328338,2.91611024331024,58.5552168407403
12.2569444444444,1.55248073149325,1.27464368588446,2.91471579562697,58.5563784961745
12.2570436507937,1.55236633298103,1.27475618678891,2.91332201465034,58.5575399531469
12.2571428571429,1.55225189313866,1.27486859599418,2.91192890005673,58.5587012116749
12.2572420634921,1.55213741211924,1.2749809134977,2.9105364515225,58.5598622717759
12.2573412698413,1.5520228900759,1.27509313929684,2.9091446687243,58.5610231334673
12.2574404761905,1.5519083271618,1.27520527338894,2.9077535513388,58.5621837967665
12.2575396825397,1.55179372353011,1.27531731577131,2.90636309904291,58.5633442616908
12.2576388888889,1.55167907933405,1.27542926644119,2.90497331151369,58.5645045282573
12.2577380952381,1.55156439472687,1.27554112539583,2.90358418842824,58.5656645964832
12.2578373015873,1.55144966986183,1.27565289263239,2.90219572946397,58.5668244663858
12.2579365079365,1.55133490489223,1.27576456814803,2.90080793429826,58.5679841379822
12.2580357142857,1.5512200999714,1.27587615193986,2.8994208026088,58.5691436112893
12.2581349206349,1.5511052552527,1.27598764400495,2.89803433407329,58.5703028863243
12.2582341269841,1.5509903708895,1.27609904434031,2.89664852836971,58.571461963104
12.2583333333333,1.55087544703523,1.27621035294296,2.89526338517604,58.5726208416454
12.2584325396825,1.55076048384332,1.27632156980984,2.89387890417056,58.5737795219654
12.2585317460317,1.55064548146724,1.27643269493787,2.89249508503156,58.5749380040808
12.258630952381,1.55053044006049,1.27654372832392,2.8911119274376,58.5760962880084
12.2587301587302,1.5504153597766,1.27665466996483,2.88972943106726,58.5772543737649
12.2588293650794,1.55030024076913,1.2767655198574,2.88834759559941,58.5784122613671
12.2589285714286,1.55018508319165,1.2768762779984,2.88696642071292,58.5795699508316
12.2590277777778,1.55006988719778,1.27698694438453,2.88558590608692,58.580727442175
12.259126984127,1.54995465294116,1.2770975190125,2.88420605140067,58.5818847354137
12.2592261904762,1.54983938057546,1.27720800187893,2.88282685633349,58.5830418305645
12.2593253968254,1.54972407025438,1.27731839298045,2.88144832056499,58.5841987276437
12.2594246031746,1.54960872213165,1.27742869231361,2.88007044377477,58.5853554266677
12.2595238095238,1.54949333636101,1.27753889987494,2.87869322564273,58.586511927653
12.259623015873,1.54937791309626,1.27764901566095,2.87731666584877,58.5876682306158
12.2597222222222,1.5492624524912,1.27775903966807,2.87594076407308,58.5888243355725
12.2598214285714,1.54914695469968,1.27786897189273,2.87456551999587,58.5899802425392
12.2599206349206,1.54903141987557,1.2779788123313,2.87319093329762,58.5911359515323
12.2600198412698,1.54891584817276,1.27808856098011,2.87181700365882,58.5922914625677
12.260119047619,1.54880023974518,1.27819821783546,2.87044373076026,58.5934467756617
12.2602182539683,1.54868459474678,1.27830778289362,2.86907111428271,58.5946018908303
12.2603174603175,1.54856891333155,1.27841725615079,2.86769915390727,58.5957568080894
12.2604166666667,1.5484531956535,1.27852663760318,2.866327849315,58.5969115274551
12.2605158730159,1.54833744186666,1.27863592724692,2.86495720018725,58.5980660489434
12.2606150793651,1.54822165212512,1.2787451250781,2.8635872062055,58.5992203725699
12.2607142857143,1.54810582658297,1.27885423109282,2.86221786705126,58.6003744983507
12.2608134920635,1.54798996539432,1.27896324528707,2.86084918240637,58.6015284263014
12.2609126984127,1.54787406871335,1.27907216765688,2.85948115195263,58.6026821564378
12.2610119047619,1.54775813669422,1.27918099819816,2.85811377537216,58.6038356887757
12.2611111111111,1.54764216949115,1.27928973690686,2.85674705234705,58.6049890233305
12.2612103174603,1.54752616725839,1.27939838377883,2.85538098255973,58.6061421601181
12.2613095238095,1.54741013015019,1.27950693880991,2.8540155656926,58.6072950991538
12.2614087301587,1.54729405832086,1.2796154019959,2.85265080142835,58.6084478404533
12.2615079365079,1.54717795192472,1.27972377333255,2.85128668944968,58.6096003840319
12.2616071428571,1.54706181111613,1.27983205281559,2.8499232294396,58.6107527299051
12.2617063492063,1.54694563604947,1.27994024044071,2.84856042108109,58.6119048780883
12.2618055555556,1.54682942687915,1.28004833620353,2.84719826405745,58.6130568285968
12.2619047619048,1.54671318375961,1.28015634009966,2.84583675805196,58.6142085814459
12.262003968254,1.54659690684531,1.28026425212468,2.84447590274818,58.6153601366508
12.2621031746032,1.54648059629077,1.2803720722741,2.84311569782979,58.6165114942267
12.2622023809524,1.54636425225049,1.28047980054341,2.84175614298054,58.6176626541888
12.2623015873016,1.54624787487904,1.28058743692807,2.84039723788444,58.6188136165521
12.2624007936508,1.54613146433099,1.28069498142349,2.83903898222552,58.6199643813318
12.2625,1.54601502076097,1.28080243402503,2.8376813756881,58.6211149485427
12.2625992063492,1.5458985443236,1.28090979472803,2.83632441795651,58.6222653182
12.2626984126984,1.54578203517355,1.28101706352779,2.83496810871536,58.6234154903184
12.2627976190476,1.54566549346553,1.28112424041957,2.83361244764927,58.6245654649129
12.2628968253968,1.54554891935425,1.28123132539858,2.83225743444314,58.6257152419983
12.262996031746,1.54543231299448,1.28133831846,2.83090306878189,58.6268648215894
12.2630952380952,1.54531567454098,1.28144521959898,2.82954935035072,58.6280142037008
12.2631944444444,1.54519900414858,1.28155202881061,2.82819627883485,58.6291633883474
12.2632936507936,1.54508230197211,1.28165874608996,2.82684385391976,58.6303123755437
12.2633928571429,1.54496556816644,1.28176537143206,2.82549207529096,58.6314611653044
12.2634920634921,1.54484880288647,1.2818719048319,2.8241409426342,58.632609757644
12.2635912698413,1.54473200628711,1.28197834628441,2.8227904556354,58.633758152577
12.2636904761905,1.54461517852333,1.28208469578451,2.82144061398049,58.6349063501178
12.2637896825397,1.54449831975011,1.28219095332708,2.82009141735571,58.6360543502809
12.2638888888889,1.54438143012245,1.28229711890694,2.8187428654473,58.6372021530807
12.2639880952381,1.5442645097954,1.2824031925189,2.81739495794179,58.6383497585314
12.2640873015873,1.54414755892402,1.2825091741577,2.81604769452571,58.6394971666474
12.2641865079365,1.54403057766341,1.28261506381805,2.81470107488589,58.6406443774429
12.2642857142857,1.54391356616868,1.28272086149466,2.81335509870915,58.6417913909321
12.2643849206349,1.54379652459501,1.28282656718214,2.81200976568261,58.642938207129
12.2644841269841,1.54367945309756,1.2829321808751,2.8106650754934,58.644084826048
12.2645833333333,1.54356235183155,1.28303770256811,2.80932102782893,58.6452312477028
12.2646825396825,1.54344522095221,1.28314313225569,2.80797762237663,58.6463774721076
12.2647817460317,1.54332806061482,1.28324846993232,2.80663485882418,58.6475234992764
12.264880952381,1.54321087097466,1.28335371559246,2.80529273685932,58.648669329223
12.2649801587302,1.54309365218706,1.28345886923051,2.80395125617,58.6498149619613
12.2650793650794,1.54297640440738,1.28356393084083,2.80261041644434,58.6509603975052
12.2651785714286,1.542859127791,1.28366890041777,2.8012702173705,58.6521056358684
12.2652777777778,1.54274182249332,1.28377377795561,2.79993065863693,58.6532506770646
12.265376984127,1.54262448866978,1.28387856344862,2.79859173993206,58.6543955211075
12.2654761904762,1.54250712647586,1.28398325689099,2.79725346094464,58.6555401680109
12.2655753968254,1.54238973606704,1.28408785827692,2.79591582136342,58.6566846177882
12.2656746031746,1.54227231759885,1.28419236760054,2.79457882087742,58.657828870453
12.2657738095238,1.54215487122684,1.28429678485596,2.7932424591757,58.6589729260188
12.265873015873,1.54203739710659,1.28440111003722,2.79190673594757,58.6601167844991
12.2659722222222,1.54191989539372,1.28450534313836,2.79057165088237,58.6612604459073
12.2660714285714,1.54180236624385,1.28460948415336,2.78923720366973,58.6624039102568
12.2661706349206,1.54168480981266,1.28471353307617,2.78790339399928,58.6635471775609
12.2662698412698,1.54156722625585,1.28481748990068,2.78657022156092,58.6646902478328
12.266369047619,1.54144961572912,1.28492135462078,2.78523768604459,58.6658331210858
12.2664682539683,1.54133197838825,1.2850251272303,2.78390578714047,58.6669757973331
12.2665674603175,1.541214314389,1.28512880772301,2.78257452453887,58.6681182765878
12.2666666666667,1.54109662388718,1.28523239609269,2.78124389793016,58.669260558863
12.2667658730159,1.54097890703865,1.28533589233303,2.77991390700501,58.6704026441717
12.2668650793651,1.54086116399925,1.28543929643772,2.77858455145406,58.671544532527
12.2669642857143,1.54074339492488,1.28554260840039,2.77725583096828,58.6726862239419
12.2670634920635,1.54062559997147,1.28564582821465,2.77592774523861,58.6738277184291
12.2671626984127,1.54050777929498,1.28574895587405,2.77460029395629,58.6749690160016
12.2672619047619,1.54038993305137,1.28585199137212,2.77327347681259,58.6761101166723
12.2673611111111,1.54027206139666,1.28595493470233,2.77194729349903,58.6772510204538
12.2674603174603,1.54015416448689,1.28605778585814,2.77062174370717,58.678391727359
12.2675595238095,1.54003624247811,1.28616054483294,2.76929682712883,58.6795322374004
12.2676587301587,1.53991829552644,1.28626321162011,2.76797254345586,58.6806725505908
12.2677579365079,1.53980032378798,1.28636578621298,2.76664889238038,58.6818126669427
12.2678571428571,1.53968232741889,1.28646826860483,2.76532587359453,58.6829525864687
12.2679563492064,1.53956430657535,1.28657065878892,2.7640034867907,58.6840923091813
12.2680555555556,1.53944626141357,1.28667295675846,2.76268173166142,58.6852318350929
12.2681547619048,1.53932819208979,1.28677516250662,2.76136060789926,58.686371164216
12.268253968254,1.53921009876027,1.28687727602655,2.76004011519711,58.6875102965628
12.2683531746032,1.5390919815813,1.28697929731133,2.75872025324781,58.6886492321458
12.2684523809524,1.53897384070921,1.28708122635403,2.75740102174454,58.6897879709771
12.2685515873016,1.53885567630034,1.28718306314767,2.75608242038046,58.6909265130691
12.2686507936508,1.53873748851109,1.28728480768522,2.75476444884902,58.6920648584339
12.26875,1.53861927749785,1.28738645995964,2.75344710684369,58.6932030070836
12.2688492063492,1.53850104341707,1.28748801996383,2.75213039405821,58.6943409590304
12.2689484126984,1.5383827864252,1.28758948769065,2.75081431018635,58.6954787142862
12.2690476190476,1.53826450667875,1.28769086313293,2.74949885492214,58.6966162728631
12.2691468253968,1.53814620433423,1.28779214628347,2.74818402795963,58.6977536347731
12.269246031746,1.53802787954819,1.287893337135,2.74686982899316,58.6988908000279
12.2693452380952,1.53790953247722,1.28799443568025,2.74555625771709,58.7000277686396
12.2694444444444,1.53779116327792,1.28809544191188,2.744243313826,58.70116454062
12.2695436507937,1.53767277210693,1.28819635582253,2.74293099701464,58.7023011159806
12.2696428571429,1.53755435912091,1.2882971774048,2.7416193069778,58.7034374947334
12.2697420634921,1.53743592447656,1.28839790665124,2.74030824341055,58.70457367689
12.2698412698413,1.5373174683306,1.28849854355438,2.73899780600798,58.7057096624621
12.2699404761905,1.53719899083977,1.28859908810669,2.73768799446545,58.7068454514611
12.2700396825397,1.53708049216087,1.28869954030062,2.73637880847835,58.7079810438987
12.2701388888889,1.53696197245069,1.28879990012857,2.73507024774233,58.7091164397864
12.2702380952381,1.53684343186607,1.2889001675829,2.73376231195308,58.7102516391356
12.2703373015873,1.53672487056388,1.28900034265594,2.73245500080654,58.7113866419577
12.2704365079365,1.53660628870101,1.28910042533998,2.73114831399869,58.7125214482641
12.2705357142857,1.53648768643437,1.28920041562727,2.72984225122577,58.713656058066
12.2706349206349,1.53636906392093,1.28930031351002,2.72853681218405,58.7147904713749
12.2707341269841,1.53625042131766,1.28940011898039,2.72723199657008,58.7159246882018
12.2708333333333,1.53613175878157,1.28949983203053,2.72592780408042,58.717058708558
12.2709325396825,1.53601307646968,1.28959945265253,2.72462423441186,58.7181925324547
12.2710317460317,1.53589437453908,1.28969898083844,2.72332128726138,58.7193261599027
12.271130952381,1.53577565314685,1.28979841658029,2.72201896232596,58.7204595909134
12.2712301587302,1.5356569124501,1.28989775987005,2.72071725930289,58.7215928254975
12.2713293650794,1.535538152606,1.28999701069966,2.71941617788946,58.7227258636662
12.2714285714286,1.53541937377172,1.29009616906103,2.71811571778326,58.7238587054302
12.2715277777778,1.53530057610446,1.29019523494601,2.71681587868187,58.7249913508004
12.271626984127,1.53518175976147,1.29029420834644,2.71551666028317,58.7261237997877
12.2717261904762,1.53506292489999,1.2903930892541,2.71421806228503,58.7272560524029
12.2718253968254,1.53494407167734,1.29049187766073,2.71292008438564,58.7283881086566
12.2719246031746,1.53482520025083,1.29059057355805,2.71162272628315,58.7295199685595
12.2720238095238,1.53470631077781,1.29068917693773,2.71032598767605,58.7306516321223
12.272123015873,1.53458740341565,1.2907876877914,2.70902986826279,58.7317830993555
12.2722222222222,1.53446847832177,1.29088610611066,2.70773436774215,58.7329143702697
12.2723214285714,1.53434953565359,1.29098443188705,2.70643948581288,58.7340454448754
12.2724206349206,1.53423057556858,1.2910826651121,2.70514522217401,58.735176323183
12.2725198412698,1.53411159822425,1.29118080577728,2.70385157652469,58.7363070052029
12.272619047619,1.53399260377809,1.29127885387403,2.70255854856415,58.7374374909455
12.2727182539683,1.53387359238767,1.29137680939375,2.70126613799187,58.7385677804211
12.2728174603175,1.53375456421056,1.29147467232782,2.69997434450736,58.73969787364
12.2729166666667,1.53363551940437,1.29157244266754,2.69868316781041,58.7408277706124
12.2730158730159,1.53351645812673,1.2916701204042,2.69739260760081,58.7419574713485
12.2731150793651,1.53339738029682,1.29176770563273,2.69610266353364,58.7430869759645
12.2732142857143,1.53327828237267,1.29186519995007,2.69481333462392,58.7442162861155
12.2733134920635,1.53315916313791,1.29196260393678,2.6935246203557,58.7453454024135
12.2734126984127,1.53304002260756,1.29205991763743,2.69223652044915,58.7464743249215
12.2735119047619,1.53292086079668,1.29215714109651,2.69094903462471,58.7476030537022
12.2736111111111,1.53280167772041,1.29225427435853,2.68966216260273,58.7487315888185
12.2737103174603,1.53268247339393,1.29235131746793,2.68837590410384,58.7498599303331
12.2738095238095,1.53256324783244,1.29244827046912,2.68709025884857,58.7509880783086
12.2739087301587,1.53244400105124,1.29254513340647,2.68580522655769,58.7521160328078
12.2740079365079,1.53232473306564,1.29264190632433,2.68452080695204,58.7532437938931
12.2741071428571,1.53220544389102,1.29273858926698,2.68323699975245,58.7543713616273
12.2742063492063,1.5320861335428,1.2928351822787,2.68195380467998,58.7554987360728
12.2743055555556,1.53196680203646,1.29293168540371,2.68067122145564,58.756625917292
12.2744047619048,1.53184744938752,1.29302809868619,2.67938924980068,58.7577529053475
12.274503968254,1.53172807561156,1.29312442217031,2.67810788943629,58.7588797003017
12.2746031746032,1.5316086807242,1.29322065590018,2.67682714008391,58.7600063022168
12.2747023809524,1.53148926474111,1.29331679991988,2.67554700146491,58.7611327111553
12.2748015873016,1.53136982767803,1.29341285427344,2.6742674733009,58.7622589271794
12.2749007936508,1.53125036955072,1.29350881900488,2.67298855531345,58.7633849503513
12.275,1.53113089037501,1.29360469415816,2.67171024722434,58.7645107807332
12.2750992063492,1.53101139016678,1.29370047977722,2.67043254875533,58.7656364183873
12.2751984126984,1.53089186894194,1.29379617590594,2.6691554596284,58.7667618633757
12.2752976190476,1.53077232671648,1.2938917825882,2.66787897956546,58.7678871157605
12.2753968253968,1.53065276350641,1.2939872998678,2.66660310828865,58.7690121756037
12.275496031746,1.53053317932782,1.29408272778853,2.66532784552018,58.7701370429672
12.2755952380952,1.53041357419682,1.29417806639415,2.66405319098225,58.7712617179131
12.2756944444444,1.5302939481296,1.29427331572835,2.6627791443973,58.7723862005031
12.2757936507937,1.53017430114237,1.29436847583482,2.66150570548772,58.7735104907993
12.2758928571429,1.53005463325141,1.29446354675719,2.66023287397612,58.7746345888634
12.2759920634921,1.52993494447304,1.29455852853906,2.65896064958508,58.7757584947572
12.2760912698413,1.52981523482365,1.29465342122399,2.65768903203739,58.7768822085423
12.2761904761905,1.52969550431965,1.29474822485552,2.6564180210558,58.7780057302807
12.2762896825397,1.52957575297752,1.29484293947713,2.6551476163633,58.7791290600338
12.2763888888889,1.52945598081377,1.29493756513227,2.65387781768283,58.7802521978633
12.2764880952381,1.529336187845,1.29503210186435,2.65260862473754,58.7813751438307
12.2765873015873,1.52921637408782,1.29512654971677,2.65134003725057,58.7824978979977
12.2766865079365,1.52909653955891,1.29522090873285,2.65007205494525,58.7836204604256
12.2767857142857,1.52897668427498,1.29531517895591,2.6488046775449,58.784742831176
12.2768849206349,1.52885680825282,1.29540936042922,2.647537904773,58.7858650103103
12.2769841269841,1.52873691150925,1.29550345319599,2.64627173635316,58.7869869978897
12.2770833333333,1.52861699406115,1.29559745729944,2.64500617200893,58.7881087939757
12.2771825396825,1.52849705592543,1.29569137278272,2.64374121146414,58.7892303986294
12.2772817460317,1.52837709711907,1.29578519968894,2.64247685444253,58.7903518119123
12.277380952381,1.52825711765911,1.2958789380612,2.64121310066811,58.7914730338854
12.2774801587302,1.5281371175626,1.29597258794254,2.63994994986481,58.7925940646099
12.2775793650794,1.52801709684669,1.29606614937596,2.6386874017568,58.7937149041469
12.2776785714286,1.52789705552853,1.29615962240446,2.63742545606822,58.7948355525575
12.2777777777778,1.52777699362536,1.29625300707095,2.63616411252341,58.7959560099028
12.277876984127,1.52765691115445,1.29634630341835,2.63490337084669,58.7970762762437
12.2779761904762,1.52753680813312,1.2964395114895,2.63364323076259,58.7981963516412
12.2780753968254,1.52741668457875,1.29653263132726,2.63238369199561,58.7993162361562
12.2781746031746,1.52729654050876,1.29662566297439,2.63112475427047,58.8004359298495
12.2782738095238,1.52717637594063,1.29671860647365,2.62986641731184,58.8015554327821
12.278373015873,1.52705619089188,1.29681146186777,2.6286086808446,58.8026747450146
12.2784722222222,1.5269359853801,1.29690422919941,2.6273515445937,58.8037938666078
12.2785714285714,1.52681575942288,1.29699690851122,2.62609500828409,58.8049127976225
12.2786706349206,1.52669551303793,1.2970894998458,2.62483907164096,58.8060315381192
12.2787698412698,1.52657524624295,1.29718200324573,2.62358373438944,58.8071500881586
12.278869047619,1.52645495905573,1.29727441875354,2.62232899625489,58.8082684478013
12.2789682539683,1.52633465149409,1.29736674641171,2.62107485696262,58.8093866171078
12.2790674603175,1.5262143235759,1.29745898626272,2.61982131623819,58.8105045961386
12.2791666666667,1.52609397531908,1.29755113834897,2.61856837380708,58.8116223849542
12.2792658730159,1.52597360674162,1.29764320271285,2.61731602939503,58.8127399836149
12.2793650793651,1.52585321786153,1.29773517939672,2.61606428272772,58.8138573921812
12.2794642857143,1.5257328086969,1.29782706844287,2.61481313353106,58.8149746107134
12.2795634920635,1.52561237926584,1.29791886989359,2.61356258153092,58.8160916392718
12.2796626984127,1.52549192958653,1.29801058379111,2.61231262645339,58.8172084779165
12.2797619047619,1.52537145967719,1.29810221017764,2.61106326802452,58.8183251267079
12.2798611111111,1.52525096955609,1.29819374909533,2.60981450597055,58.819441585706
12.2799603174603,1.52513045924157,1.29828520058631,2.60856634001782,58.8205578549711
12.2800595238095,1.525009928752,1.29837656469267,2.60731876989264,58.8216739345631
12.2801587301587,1.5248893781058,1.29846784145646,2.60607179532158,58.8227898245421
12.2802579365079,1.52476880732144,1.2985590309197,2.60482541603113,58.8239055249682
12.2803571428571,1.52464821641746,1.29865013312437,2.60357963174803,58.8250210359012
12.2804563492064,1.52452760541241,1.29874114811241,2.60233444219898,58.8261363574012
12.2805555555556,1.52440697432494,1.29883207592572,2.60108984711088,58.8272514895279
12.2806547619048,1.5242863231737,1.29892291660618,2.59984584621062,58.8283664323412
12.280753968254,1.52416565197744,1.29901367019562,2.59860243922528,58.8294811859009
12.2808531746032,1.52404496075491,1.29910433673582,2.59735962588193,58.8305957502667
12.2809523809524,1.52392424952495,1.29919491626855,2.59611740590785,58.8317101254983
12.2810515873016,1.52380351830643,1.29928540883553,2.59487577903028,58.8328243116555
12.2811507936508,1.52368276711828,1.29937581447844,2.59363474497669,58.8339383087978
12.28125,1.52356199597946,1.29946613323894,2.59239430347449,58.8350521169849
12.2813492063492,1.523441204909,1.29955636515862,2.59115445425131,58.8361657362762
12.2814484126984,1.52332039392599,1.29964651027907,2.58991519703484,58.8372791667312
12.2815476190476,1.52319956304953,1.29973656864182,2.58867653155279,58.8383924084095
12.2816468253968,1.52307871229881,1.29982654028837,2.58743845753308,58.8395054613705
12.281746031746,1.52295784169305,1.29991642526019,2.58620097470358,58.8406183256734
12.2818452380952,1.52283695125153,1.30000622359869,2.58496408279242,58.8417310013777
12.2819444444444,1.52271604099356,1.30009593534528,2.58372778152764,58.8428434885426
12.2820436507936,1.52259511093852,1.3001855605413,2.58249207063754,58.8439557872275
12.2821428571429,1.52247416110585,1.30027509922807,2.58125694985036,58.8450678974914
12.2822420634921,1.522353191515,1.30036455144686,2.58002241889458,58.8461798193936
12.2823412698413,1.52223220218551,1.30045391723893,2.57878847749863,58.8472915529933
12.2824404761905,1.52211119313695,1.30054319664547,2.57755512539116,58.8484030983494
12.2825396825397,1.52199016438894,1.30063238970766,2.57632236230078,58.849514455521
12.2826388888889,1.52186911596117,1.30072149646661,2.57509018795633,58.8506256245672
12.2827380952381,1.52174804787334,1.30081051696344,2.57385860208661,58.8517366055469
12.2828373015873,1.52162696014524,1.3008994512392,2.57262760442061,58.852847398519
12.2829365079365,1.5215058527967,1.3009882993349,2.5713971946874,58.8539580035425
12.2830357142857,1.52138472584758,1.30107706129154,2.57016737261605,58.855068420676
12.2831349206349,1.52126357931781,1.30116573715006,2.56893813793587,58.8561786499785
12.2832341269841,1.52114241322736,1.30125432695137,2.56770949037609,58.8572886915087
12.2833333333333,1.52102122759626,1.30134283073634,2.56648142966622,58.8583985453253
12.2834325396825,1.52090002244458,1.30143124854581,2.56525395553567,58.859508211487
12.2835317460317,1.52077879779246,1.30151958042059,2.56402706771411,58.8606176900523
12.283630952381,1.52065755366005,1.30160782640143,2.56280076593116,58.86172698108
12.2837301587302,1.52053629006759,1.30169598652905,2.56157504991666,58.8628360846285
12.2838293650794,1.52041500703534,1.30178406084416,2.56034991940042,58.8639450007564
12.2839285714286,1.52029370458364,1.3018720493874,2.55912537411247,58.8650537295221
12.2840277777778,1.52017238273286,1.3019599521994,2.55790141378279,58.866162270984
12.284126984127,1.52005104150342,1.30204776932071,2.55667803814159,58.8672706252005
12.2842261904762,1.51992968091579,1.3021355007919,2.55545524691904,58.86837879223
12.2843253968254,1.51980830099051,1.30222314665346,2.5542330398455,58.8694867721308
12.2844246031746,1.51968690174814,1.30231070694586,2.55301141665142,58.8705945649611
12.2845238095238,1.51956548320931,1.30239818170954,2.55179037706725,58.8717021707791
12.284623015873,1.5194440453947,1.30248557098489,2.55056992082366,58.872809589643
12.2847222222222,1.51932258832502,1.30257287481226,2.54935004765126,58.873916821611
12.2848214285714,1.51920111202105,1.30266009323199,2.54813075728091,58.8750238667411
12.2849206349206,1.51907961650362,1.30274722628434,2.54691204944343,58.8761307250914
12.2850198412698,1.5189581017936,1.30283427400958,2.54569392386984,58.8772373967198
12.285119047619,1.51883656791191,1.3029212364479,2.54447638029114,58.8783438816845
12.2852182539683,1.51871501487953,1.30300811363949,2.54325941843855,58.8794501800432
12.2853174603175,1.51859344271748,1.30309490562448,2.54204303804324,58.8805562918539
12.2854166666667,1.51847185144684,1.30318161244297,2.54082723883661,58.8816622171744
12.2855158730159,1.51835024108873,1.30326823413502,2.53961202055002,58.8827679560625
12.2856150793651,1.51822861166432,1.30335477074066,2.53839738291505,58.883873508576
12.2857142857143,1.51810696319485,1.30344122229988,2.53718332566325,58.8849788747726
12.2858134920635,1.51798529570157,1.30352758885264,2.53596984852634,58.88608405471
12.2859126984127,1.51786360920583,1.30361387043884,2.53475695123616,58.8871890484458
12.2860119047619,1.51774190372898,1.30370006709837,2.53354463352452,58.8882938560376
12.2861111111111,1.51762017929246,1.30378617887107,2.53233289512346,58.8893984775429
12.2862103174603,1.51749843591774,1.30387220579674,2.53112173576498,58.8905029130194
12.2863095238095,1.51737667362635,1.30395814791515,2.5299111551813,58.8916071625243
12.2864087301587,1.51725489243985,1.30404400526604,2.52870115310461,58.8927112261152
12.2865079365079,1.51713309237988,1.30412977788909,2.52749172926732,58.8938151038495
12.2866071428571,1.5170112734681,1.30421546582398,2.52628288340178,58.8949187957845
12.2867063492063,1.51688943572624,1.3043010691103,2.52507461524059,58.8960223019775
12.2868055555556,1.51676757917607,1.30438658778767,2.5238669245163,58.8971256224858
12.2869047619048,1.51664570383943,1.3044720218956,2.52265981096168,58.8982287573665
12.287003968254,1.51652380973818,1.30455737147363,2.52145327430946,58.899331706677
12.2871031746032,1.51640189689424,1.30464263656122,2.52024731429259,58.9004344704742
12.2872023809524,1.51627996532959,1.30472781719782,2.51904193064401,58.9015370488153
12.2873015873016,1.51615801506626,1.30481291342281,2.5178371230968,58.9026394417575
12.2874007936508,1.51603604612632,1.30489792527556,2.51663289138416,58.9037416493576
12.2875,1.51591405853189,1.30498285279541,2.5154292352393,58.9048436716726
12.2875992063492,1.51579205230516,1.30506769602163,2.51422615439561,58.9059455087595
12.2876984126984,1.51567002746832,1.30515245499348,2.51302364858647,58.9070471606753
12.2877976190476,1.51554798404368,1.30523712975018,2.51182171754548,58.9081486274766
12.2878968253968,1.51542592205355,1.30532172033091,2.5106203610062,58.9092499092203
12.287996031746,1.5153038415203,1.3054062267748,2.5094195787024,58.9103510059633
12.2880952380952,1.51518174246635,1.30549064912097,2.50821937036782,58.9114519177622
12.2881944444444,1.51505962491419,1.30557498740848,2.50701973573642,58.9125526446737
12.2882936507937,1.51493748888634,1.30565924167636,2.50582067454213,58.9136531867544
12.2883928571429,1.51481533440536,1.30574341196361,2.5046221865191,58.914753544061
12.2884920634921,1.51469316149389,1.30582749830918,2.50342427140141,58.91585371665
12.2885912698413,1.5145709701746,1.305911500752,2.50222692892342,58.9169537045778
12.2886904761905,1.51444876047021,1.30599541933096,2.5010301588194,58.9180535079012
12.2887896825397,1.51432653240349,1.30607925408489,2.49983396082383,58.9191531266763
12.2888888888889,1.51420428599728,1.3061630050526,2.49863833467128,58.9202525609597
12.2889880952381,1.51408202127443,1.30624667227288,2.49744328009631,58.9213518108076
12.2890873015873,1.51395973825789,1.30633025578446,2.49624879683372,58.9224508762764
12.2891865079365,1.51383743697062,1.30641375562604,2.49505488461824,58.9235497574224
12.2892857142857,1.51371511743565,1.30649717183628,2.49386154318485,58.9246484543018
12.2893849206349,1.51359277967604,1.30658050445381,2.49266877226847,58.9257469669707
12.2894841269841,1.51347042371493,1.30666375351721,2.49147657160426,58.9268452954854
12.2895833333333,1.51334804957549,1.30674691906505,2.49028494092732,58.9279434399018
12.2896825396825,1.51322565728094,1.30683000113583,2.489093879973,58.9290414002762
12.2897817460317,1.51310324685456,1.30691299976803,2.48790338847658,58.9301391766644
12.289880952381,1.51298081831967,1.30699591500011,2.48671346617359,58.9312367691225
12.2899801587302,1.51285837169964,1.30707874687045,2.48552411279951,58.9323341777065
12.2900793650794,1.5127359070179,1.30716149541744,2.48433532809002,58.9334314024721
12.2901785714286,1.51261342429792,1.30724416067939,2.48314711178081,58.9345284434753
12.2902777777778,1.51249092356323,1.30732674269462,2.48195946360771,58.9356253007719
12.290376984127,1.5123684048374,1.30740924150137,2.48077238330667,58.9367219744177
12.2904761904762,1.51224586814405,1.30749165713786,2.47958587061362,58.9378184644683
12.2905753968254,1.51212331350686,1.30757398964228,2.47839992526473,58.9389147709794
12.2906746031746,1.51200074094956,1.30765623905278,2.47721454699612,58.9400108940069
12.2907738095238,1.51187815049591,1.30773840540747,2.47602973554411,58.9411068336061
12.290873015873,1.51175554216974,1.30782048874442,2.47484549064503,58.9422025898327
12.2909722222222,1.51163291599492,1.30790248910166,2.47366181203538,58.9432981627422
12.2910714285714,1.51151027199538,1.30798440651721,2.47247869945166,58.9443935523901
12.2911706349206,1.5113876101951,1.30806624102901,2.47129615263057,58.9454887588318
12.2912698412698,1.51126493061809,1.308147992675,2.47011417130879,58.9465837821228
12.291369047619,1.51114223328843,1.30822966149307,2.46893275522319,58.9476786223183
12.2914682539683,1.51101951823025,1.30831124752106,2.46775190411064,58.9487732794737
12.2915674603175,1.51089678546771,1.3083927507968,2.46657161770821,58.9498677536443
12.2916666666667,1.51077403502504,1.30847417135807,2.46539189575293,58.9509620448854
12.2917658730159,1.51065126692652,1.3085555092426,2.46421273798202,58.952056153252
12.2918650793651,1.51052848119647,1.3086367644881,2.4630341441328,58.9531500787994
12.2919642857143,1.51040567785926,1.30871793713224,2.46185611394258,58.9542438215826
12.2920634920635,1.51028285693933,1.30879902721265,2.46067864714889,58.9553373816568
12.2921626984127,1.51016001846113,1.30888003476693,2.45950174348922,58.9564307590769
12.2922619047619,1.5100371624492,1.30896095983262,2.45832540270129,58.9575239538979
12.2923611111111,1.5099142889281,1.30904180244727,2.45714962452277,58.9586169661748
12.2924603174603,1.50979139792248,1.30912256264834,2.45597440869156,58.9597097959625
12.2925595238095,1.50966848945698,1.30920324047329,2.45479975494551,58.9608024433159
12.2926587301587,1.50954556355635,1.30928383595952,2.45362566302271,58.9618949082896
12.2927579365079,1.50942262024536,1.30936434914441,2.4524521326612,58.9629871909387
12.2928571428571,1.50929965954882,1.3094447800653,2.45127916359924,58.9640792913177
12.2929563492063,1.50917668149161,1.30952512875948,2.45010675557506,58.9651712094813
12.2930555555556,1.50905368609867,1.30960539526423,2.44893490832709,58.9662629454843
12.2931547619048,1.50893067339495,1.30968557961676,2.44776362159375,58.9673544993812
12.293253968254,1.50880764340548,1.30976568185426,2.44659289511364,58.9684458712266
12.2933531746032,1.50868459615535,1.30984570201389,2.44542272862544,58.969537061075
12.2934523809524,1.50856153166967,1.30992564013277,2.44425312186784,58.970628068981
12.2935515873016,1.50843844997361,1.31000549624796,2.44308407457973,58.9717188949988
12.2936507936508,1.5083153510924,1.31008527039653,2.44191558649999,58.9728095391831
12.29375,1.50819223505132,1.31016496261546,2.4407476573677,58.9739000015881
12.2938492063492,1.50806910187569,1.31024457294172,2.43958028692191,58.9749902822681
12.2939484126984,1.50794595159088,1.31032410141226,2.43841347490189,58.9760803812775
12.2940476190476,1.50782278422231,1.31040354806396,2.43724722104686,58.9771702986704
12.2941468253968,1.50769959979546,1.31048291293368,2.43608152509629,58.978260034501
12.294246031746,1.50757639833585,1.31056219605825,2.43491638678958,58.9793495888237
12.2943452380952,1.50745317986906,1.31064139747444,2.43375180586637,58.9804389616923
12.2944444444444,1.50732994442071,1.31072051721901,2.43258778206627,58.981528153161
12.2945436507936,1.50720669201648,1.31079955532866,2.43142431512908,58.9826171632839
12.2946428571429,1.50708342268209,1.31087851184007,2.43026140479459,58.9837059921149
12.2947420634921,1.5069601364433,1.31095738678987,2.42909905080277,58.9847946397079
12.2948412698413,1.50683683332596,1.31103618021467,2.42793725289368,58.985883106117
12.2949404761905,1.50671351335592,1.31111489215102,2.42677601080737,58.9869713913959
12.2950396825397,1.50659017655912,1.31119352263546,2.42561532428412,58.9880594955984
12.2951388888889,1.50646682296152,1.31127207170448,2.42445519306417,58.9891474187784
12.2952380952381,1.50634345258916,1.31135053939451,2.42329561688797,58.9902351609896
12.2953373015873,1.5062200654681,1.31142892574199,2.42213659549595,58.9913227222857
12.2954365079365,1.50609666162447,1.31150723078329,2.42097812862876,58.9924101027203
12.2955357142857,1.50597324108444,1.31158545455476,2.41982021602699,58.9934973023472
12.2956349206349,1.50584980387424,1.31166359709269,2.41866285743147,58.9945843212197
12.2957341269841,1.50572635002014,1.31174165843335,2.41750605258298,58.9956711593915
12.2958333333333,1.50560287954846,1.31181963861299,2.41634980122254,58.9967578169161
12.2959325396825,1.50547939248559,1.31189753766778,2.41519410309112,58.997844293847
12.2960317460317,1.50535588885793,1.3119753556339,2.41403895792991,58.9989305902374
12.296130952381,1.50523236869197,1.31205309254746,2.41288436548005,59.0000167061408
12.2962301587302,1.50510883201423,1.31213074844454,2.4117303254829,59.0011026416106
12.2963293650794,1.50498527885128,1.31220832336119,2.41057683767989,59.0021883967
12.2964285714286,1.50486170922975,1.31228581733343,2.40942390181244,59.0032739714622
12.2965277777778,1.50473812317631,1.31236323039722,2.4082715176222,59.0043593659505
12.296626984127,1.50461452071768,1.31244056258851,2.40711968485079,59.005444580218
12.2967261904762,1.50449090188064,1.31251781394318,2.40596840324003,59.0065296143179
12.2968253968254,1.50436726669201,1.31259498449712,2.40481767253173,59.0076144683031
12.2969246031746,1.50424361517867,1.31267207428613,2.40366749246788,59.0086991422268
12.2970238095238,1.50411994736754,1.31274908334602,2.40251786279049,59.009783636142
12.297123015873,1.50399626328559,1.31282601171253,2.40136878324173,59.0108679501016
12.2972222222222,1.50387256295985,1.31290285942139,2.40022025356377,59.0119520841584
12.2973214285714,1.50374884641739,1.31297962650826,2.399072273499,59.0130360383655
12.2974206349206,1.50362511368533,1.31305631300879,2.39792484278975,59.0141198127756
12.2975198412698,1.50350136479086,1.31313291895858,2.39677796117859,59.0152034074414
12.297619047619,1.50337759976118,1.31320944439321,2.39563162840805,59.0162868224159
12.2977182539683,1.50325381862358,1.31328588934821,2.39448584422084,59.0173700577515
12.2978174603175,1.50313002140538,1.31336225385907,2.39334060835976,59.0184531135011
12.2979166666667,1.50300620813395,1.31343853796124,2.39219592056762,59.0195359897173
12.2980158730159,1.50288237883672,1.31351474169015,2.39105178058744,59.0206186864525
12.2981150793651,1.50275853354115,1.31359086508119,2.38990818816221,59.0217012037594
12.2982142857143,1.50263467227479,1.3136669081697,2.38876514303512,59.0227835416905
12.2983134920635,1.50251079506519,1.31374287099098,2.38762264494935,59.0238657002982
12.2984126984127,1.50238690193998,1.31381875358032,2.38648069364828,59.0249476796349
12.2985119047619,1.50226299292684,1.31389455597296,2.38533928887526,59.026029479753
12.2986111111111,1.50213906805348,1.31397027820408,2.38419843037387,59.0271111007049
12.2987103174603,1.50201512734769,1.31404592030886,2.38305811788763,59.0281925425428
12.2988095238095,1.50189117083729,1.31412148232241,2.38191835116031,59.0292738053189
12.2989087301587,1.50176719855014,1.31419696427984,2.38077912993561,59.0303548890856
12.2990079365079,1.50164321051418,1.31427236621619,2.37964045395747,59.0314357938948
12.2991071428571,1.50151920675738,1.31434768816647,2.3785023229698,59.0325165197989
12.2992063492064,1.50139518730775,1.31442293016568,2.37736473671668,59.0335970668499
12.2993055555556,1.50127115219338,1.31449809224874,2.37622769494229,59.0346774350997
12.2994047619048,1.50114710144239,1.31457317445056,2.37509119739081,59.0357576246004
12.299503968254,1.50102303508296,1.31464817680602,2.37395524380662,59.036837635404
12.2996031746032,1.50089895314329,1.31472309934994,2.37281983393408,59.0379174675624
12.2997023809524,1.50077485565168,1.31479794211711,2.37168496751778,59.0389971211274
12.2998015873016,1.50065074263644,1.31487270514231,2.37055064430225,59.0400765961509
12.2999007936508,1.50052661412595,1.31494738846024,2.36941686403225,59.0411558926847
12.3,1.50040247014862,1.31502199210559,2.36828362645251,59.0422350107806
12.3000992063492,1.50027831073294,1.31509651611301,2.36715093130797,59.0433139504902
12.3001984126984,1.50015413590743,1.31517096051711,2.36601877834353,59.0443927118652
12.3002976190476,1.50002994570066,1.31524532535246,2.36488716730433,59.0454712949572
12.3003968253968,1.49990574014125,1.3153196106536,2.36375609793545,59.0465496998179
12.300496031746,1.49978151925789,1.31539381645502,2.36262556998219,59.0476279264988
12.3005952380952,1.49965728307928,1.3154679427912,2.36149558318984,59.0487059750513
12.3006944444444,1.49953303163421,1.31554198969656,2.36036613730386,59.049783845527
12.3007936507937,1.4994087649515,1.31561595720548,2.35923723206979,59.0508615379772
12.3008928571429,1.49928448306002,1.31568984535233,2.35810886723318,59.0519390524535
12.3009920634921,1.4991601859887,1.3157636541714,2.3569810425398,59.0530163890069
12.3010912698413,1.49903587376651,1.315837383697,2.35585375773538,59.054093547689
12.3011904761905,1.49891154642247,1.31591103396335,2.35472701256586,59.0551705285508
12.3012896825397,1.49878720398566,1.31598460500466,2.35360080677717,59.0562473316438
12.3013888888889,1.4986628464852,1.3160580968551,2.35247514011544,59.0573239570189
12.3014880952381,1.49853847395026,1.3161315095488,2.35135001232675,59.0584004047274
12.3015873015873,1.49841408641008,1.31620484311986,2.35022542315744,59.0594766748203
12.3016865079365,1.49828968389391,1.31627809760233,2.34910137235377,59.0605527673487
12.3017857142857,1.49816526643109,1.31635127303023,2.34797785966224,59.0616286823636
12.3018849206349,1.49804083405099,1.31642436943756,2.34685488482932,59.062704419916
12.3019841269841,1.49791638678303,1.31649738685824,2.3457324476017,59.0637799800567
12.3020833333333,1.49779192465668,1.31657032532621,2.344610547726,59.0648553628367
12.3021825396825,1.49766744770148,1.31664318487533,2.34348918494908,59.0659305683068
12.3022817460317,1.49754295594699,1.31671596553943,2.34236835901785,59.0670055965178
12.302380952381,1.49741844942283,1.31678866735231,2.34124806967923,59.0680804475204
12.3024801587302,1.49729392815869,1.31686129034775,2.34012831668037,59.0691551213655
12.3025793650794,1.49716939218428,1.31693383455946,2.33900909976836,59.0702296181036
12.3026785714286,1.49704484152938,1.31700630002114,2.33789041869052,59.0713039377853
12.3027777777778,1.4969202762238,1.31707868676643,2.33677227319416,59.0723780804614
12.302876984127,1.49679569629743,1.31715099482896,2.33565466302676,59.0734520461822
12.3029761904762,1.49667110178019,1.3172232242423,2.3345375879358,59.0745258349984
12.3030753968254,1.49654649270205,1.31729537503999,2.33342104766897,59.0755994469604
12.3031746031746,1.49642186909304,1.31736744725554,2.33230504197392,59.0766728821186
12.3032738095238,1.49629723098322,1.31743944092242,2.33118957059852,59.0777461405235
12.303373015873,1.49617257840273,1.31751135607406,2.33007463329061,59.0788192222253
12.3034722222222,1.49604791138173,1.31758319274384,2.32896022979823,59.0798921272743
12.3035714285714,1.49592322995045,1.31765495096515,2.32784635986942,59.0809648557209
12.3036706349206,1.49579853413916,1.31772663077128,2.32673302325238,59.0820374076152
12.3037698412698,1.49567382397819,1.31779823219553,2.3256202196954,59.0831097830075
12.303869047619,1.49554909949791,1.31786975527114,2.32450794894677,59.0841819819478
12.3039682539683,1.49542436072874,1.31794120003132,2.32339621075501,59.0852540044862
12.3040674603175,1.49529960770116,1.31801256650926,2.3222850048686,59.0863258506728
12.3041666666667,1.49517484044569,1.31808385473807,2.32117433103623,59.0873975205576
12.3042658730159,1.4950500589929,1.31815506475087,2.32006418900655,59.0884690141907
12.3043650793651,1.49492526337342,1.31822619658072,2.31895457852845,59.0895403316218
12.3044642857143,1.49480045361792,1.31829725026063,2.31784549935078,59.0906114729009
12.3045634920635,1.49467562975712,1.31836822582361,2.31673695122258,59.0916824380779
12.3046626984127,1.4945507918218,1.31843912330261,2.31562893389289,59.0927532272025
12.3047619047619,1.49442593984278,1.31850994273053,2.31452144711094,59.0938238403246
12.3048611111111,1.49430107385094,1.31858068414027,2.31341449062596,59.0948942774938
12.3049603174603,1.49417619387719,1.31865134756465,2.31230806418736,59.0959645387597
12.3050595238095,1.49405129995251,1.3187219330365,2.31120216754454,59.0970346241722
12.3051587301587,1.49392639210793,1.31879244058856,2.31009680044708,59.0981045337807
12.3052579365079,1.49380147037452,1.31886287025358,2.30899196264464,59.0991742676348
12.3053571428571,1.4936765347834,1.31893322206426,2.3078876538869,59.100243825784
12.3054563492063,1.49355158536574,1.31900349605324,2.30678387392373,59.1013132082778
12.3055555555556,1.49342662215277,1.31907369225315,2.30568062250498,59.1023824151657
12.3056547619048,1.49330164517577,1.31914381069657,2.30457789938073,59.1034514464969
12.305753968254,1.49317665446605,1.31921385141605,2.30347570430101,59.104520302321
12.3058531746032,1.49305165005499,1.3192838144441,2.30237403701606,59.1055889826871
12.3059523809524,1.49292663197401,1.3193536998132,2.30127289727611,59.1066574876445
12.3060515873016,1.49280160025459,1.31942350755578,2.30017228483158,59.1077258172425
12.3061507936508,1.49267655492824,1.31949323770424,2.29907219943287,59.1087939715303
12.30625,1.49255149602655,1.31956289029094,2.29797264083061,59.1098619505569
12.3063492063492,1.49242642358113,1.31963246534821,2.29687360877537,59.1109297543716
12.3064484126984,1.49230133762367,1.31970196290834,2.29577510301795,59.1119973830232
12.3065476190476,1.49217623818587,1.31977138300359,2.29467712330912,59.113064836561
12.3066468253968,1.49205112529952,1.31984072566616,2.29357966939983,59.1141321150338
12.306746031746,1.49192599899645,1.31990999092824,2.29248274104112,59.1151992184906
12.3068452380952,1.49180085930851,1.31997917882196,2.29138633798403,59.1162661469802
12.3069444444444,1.49167570626764,1.32004828937944,2.29029045997981,59.1173329005515
12.3070436507937,1.49155053990581,1.32011732263274,2.2891951067797,59.1183994792534
12.3071428571429,1.49142536025505,1.32018627861389,2.28810027813512,59.1194658831346
12.3072420634921,1.49130016734742,1.32025515735489,2.2870059737975,59.1205321122438
12.3073412698413,1.49117496121505,1.3203239588877,2.28591219351844,59.1215981666297
12.3074404761905,1.49104974189011,1.32039268324423,2.28481893704953,59.122664046341
12.3075396825397,1.49092450940483,1.32046133045637,2.28372620414259,59.1237297514263
12.3076388888889,1.49079926379148,1.32052990055597,2.28263399454939,59.1247952819341
12.3077380952381,1.49067400508239,1.32059839357483,2.28154230802191,59.1258606379129
12.3078373015873,1.49054873330992,1.32066680954474,2.28045114431212,59.1269258194112
12.3079365079365,1.4904234485065,1.32073514849742,2.27936050317217,59.1279908264775
12.3080357142857,1.4902981507046,1.32080341046459,2.27827038435421,59.1290556591601
12.3081349206349,1.49017283993675,1.32087159547789,2.27718078761057,59.1301203175075
12.3082341269841,1.49004751623552,1.32093970356896,2.27609171269365,59.1311848015678
12.3083333333333,1.48992217963353,1.32100773476939,2.27500315935588,59.1322491113895
12.3084325396825,1.48979683016347,1.32107568911072,2.27391512734987,59.1333132470207
12.3085317460317,1.48967146785804,1.32114356662448,2.27282761642823,59.1343772085096
12.308630952381,1.48954609275002,1.32121136734214,2.27174062634377,59.1354409959044
12.3087301587302,1.48942070487224,1.32127909129515,2.27065415684927,59.1365046092531
12.3088293650794,1.48929530425757,1.32134673851491,2.26956820769772,59.1375680486038
12.3089285714286,1.48916989093894,1.32141430903278,2.26848277864209,59.1386313140046
12.3090277777778,1.48904446494931,1.32148180288011,2.26739786943555,59.1396944055035
12.309126984127,1.48891902632171,1.32154922008818,2.26631347983125,59.1407573231483
12.3092261904762,1.48879357508922,1.32161656068825,2.26522960958255,59.141820066987
12.3093253968254,1.48866811128495,1.32168382471154,2.26414625844278,59.1428826370674
12.3094246031746,1.48854263494208,1.32175101218924,2.26306342616549,59.1439450334373
12.3095238095238,1.48841714609384,1.3218181231525,2.26198111250417,59.1450072561446
12.309623015873,1.48829164477349,1.32188515763242,2.26089931721254,59.146069305237
12.3097222222222,1.48816613101436,1.32195211566007,2.25981804004438,59.147131180762
12.3098214285714,1.48804060484982,1.32201899726651,2.25873728075347,59.1481928827675
12.3099206349206,1.4879150663133,1.32208580248271,2.25765703909381,59.149254411301
12.3100198412698,1.48778951543827,1.32215253133966,2.25657731481939,59.15031576641
12.310119047619,1.48766395225826,1.32221918386826,2.25549810768437,59.1513769481422
12.3102182539683,1.48753837680683,1.32228576009942,2.25441941744291,59.1524379565449
12.3103174603175,1.48741278911761,1.32235226006399,2.25334124384939,59.1534987916656
12.3104166666667,1.48728718922427,1.32241868379278,2.25226358665813,59.1545594535518
12.3105158730159,1.48716157716054,1.32248503131656,2.25118644562369,59.1556199422507
12.3106150793651,1.48703595296019,1.32255130266609,2.25010982050058,59.1566802578098
12.3107142857143,1.48691031665704,1.32261749787206,2.24903371104354,59.1577404002762
12.3108134920635,1.48678466828496,1.32268361696515,2.24795811700727,59.1588003696972
12.3109126984127,1.48665900787789,1.32274965997599,2.24688303814669,59.1598601661201
12.3110119047619,1.48653333546979,1.32281562693516,2.24580847421668,59.1609197895919
12.3111111111111,1.48640765109468,1.32288151787324,2.24473442497231,59.1619792401598
12.3112103174603,1.48628195478664,1.32294733282073,2.24366089016874,59.1630385178708
12.3113095238095,1.4861562465798,1.32301307180813,2.24258786956114,59.164097622772
12.3114087301587,1.48603052650832,1.32307873486588,2.24151536290486,59.1651565549104
12.3115079365079,1.48590479460643,1.32314432202439,2.24044336995527,59.1662153143328
12.3116071428571,1.4857790509084,1.32320983331403,2.2393718904679,59.1672739010863
12.3117063492064,1.48565329544855,1.32327526876515,2.2383009241983,59.1683323152176
12.3118055555556,1.48552752826127,1.32334062840803,2.2372304709022,59.1693905567737
12.3119047619048,1.48540174938096,1.32340591227295,2.2361605303353,59.1704486258012
12.312003968254,1.48527595884211,1.32347112039013,2.23509110225354,59.1715065223469
12.3121031746032,1.48515015667924,1.32353625278976,2.2340221864128,59.1725642464575
12.3122023809524,1.48502434292692,1.32360130950199,2.23295378256919,59.1736217981797
12.3123015873016,1.48489851761977,1.32366629055694,2.23188589047878,59.1746791775601
12.3124007936508,1.48477268079247,1.32373119598468,2.23081850989787,59.1757363846452
12.3125,1.48464683247974,1.32379602581527,2.22975164058271,59.1767934194816
12.3125992063492,1.48452097271635,1.32386078007869,2.22868528228974,59.1778502821157
12.3126984126984,1.48439510153714,1.32392545880493,2.2276194347755,59.1789069725941
12.3127976190476,1.48426921897696,1.32399006202391,2.22655409779651,59.1799634909631
12.3128968253968,1.48414332507074,1.32405458976552,2.22548927110953,59.1810198372691
12.312996031746,1.48401741985346,1.32411904205964,2.22442495447128,59.1820760115585
12.3130952380952,1.48389150336015,1.32418341893606,2.22336114763867,59.1831320138773
12.3131944444444,1.48376557562586,1.32424772042459,2.22229785036861,59.1841878442721
12.3132936507936,1.48363963668573,1.32431194655497,2.22123506241821,59.1852435027889
12.3133928571429,1.48351368657493,1.3243760973569,2.22017278354456,59.1862989894739
12.3134920634921,1.48338772532868,1.32444017286006,2.21911101350495,59.1873543043732
12.3135912698413,1.48326175298226,1.32450417309409,2.21804975205664,59.1884094475329
12.3136904761905,1.48313576957099,1.32456809808859,2.21698899895711,59.189464418999
12.3137896825397,1.48300977513023,1.32463194787312,2.21592875396382,59.1905192188175
12.3138888888889,1.48288376969543,1.3246957224772,2.21486901683441,59.1915738470344
12.3139880952381,1.48275775330204,1.32475942193033,2.21380978732653,59.1926283036956
12.3140873015873,1.48263172598559,1.32482304626196,2.21275106519799,59.1936825888469
12.3141865079365,1.48250568778166,1.3248865955015,2.21169285020669,59.1947367025342
12.3142857142857,1.48237963872586,1.32495006967833,2.21063514211055,59.1957906448033
12.3143849206349,1.48225357885388,1.3250134688218,2.20957794066766,59.1968444156998
12.3144841269841,1.48212750820142,1.32507679296121,2.20852124563614,59.1978980152696
12.3145833333333,1.48200142680428,1.32514004212582,2.20746505677428,59.1989514435582
12.3146825396825,1.48187533469826,1.32520321634487,2.20640937384034,59.2000047006113
12.3147817460317,1.48174923191925,1.32526631564756,2.20535419659282,59.2010577864745
12.314880952381,1.48162311850317,1.32532934006304,2.20429952479018,59.2021107011933
12.3149801587302,1.48149699448598,1.32539228962043,2.20324535819107,59.2031634448131
12.3150793650794,1.48137085990372,1.32545516434882,2.20219169655414,59.2042160173795
12.3151785714286,1.48124471479245,1.32551796427724,2.20113853963824,59.2052684189379
12.3152777777778,1.4811185591883,1.32558068943473,2.20008588720219,59.2063206495336
12.315376984127,1.48099239312744,1.32564333985024,2.19903373900502,59.2073727092119
12.3154761904762,1.4808662166461,1.32570591555271,2.19798209480575,59.2084245980183
12.3155753968254,1.48074002978054,1.32576841657105,2.19693095436354,59.2094763159978
12.3156746031746,1.4806138325671,1.32583084293411,2.19588031743769,59.2105278631957
12.3157738095238,1.48048762504214,1.32589319467073,2.19483018378748,59.2115792396572
12.315873015873,1.48036140724209,1.32595547180968,2.19378055317238,59.2126304454273
12.3159722222222,1.48023517920341,1.32601767437974,2.19273142535188,59.2136814805513
12.3160714285714,1.48010894096264,1.3260798024096,2.19168280008563,59.214732345074
12.3161706349206,1.47998269255635,1.32614185592795,2.19063467713329,59.2157830390406
12.3162698412698,1.47985643402116,1.32620383496342,2.18958705625471,59.2168335624959
12.316369047619,1.47973016539373,1.32626573954464,2.18853993720972,59.2178839154849
12.3164682539683,1.47960388671081,1.32632756970016,2.18749331975836,59.2189340980524
12.3165674603175,1.47947759800915,1.32638932545851,2.18644720366065,59.2199841102433
12.3166666666667,1.47935129932558,1.32645100684819,2.18540158867681,59.2210339521024
12.3167658730159,1.47922499069698,1.32651261389767,2.18435647456702,59.2220836236745
12.3168650793651,1.47909867216027,1.32657414663534,2.18331186109171,59.2231331250041
12.3169642857143,1.47897234375241,1.32663560508961,2.18226774801124,59.2241824561361
12.3170634920635,1.47884600551044,1.32669698928882,2.18122413508617,59.225231617115
12.3171626984127,1.47871965747143,1.32675829926128,2.18018102207716,59.2262806079854
12.3172619047619,1.4785932996725,1.32681953503526,2.17913840874486,59.2273294287918
12.3173611111111,1.47846693215082,1.326880696639,2.17809629485013,59.2283780795788
12.3174603174603,1.47834055494361,1.3269417841007,2.17705468015381,59.2294265603908
12.3175595238095,1.47821416808816,1.32700279744853,2.17601356441694,59.2304748712722
12.3176587301587,1.47808777162177,1.3270637367106,2.17497294740055,59.2315230122675
12.3177579365079,1.47796136558183,1.327124601915,2.17393282886585,59.2325709834209
12.3178571428571,1.47783495000576,1.3271853930898,2.17289320857406,59.2336187847767
12.3179563492063,1.47770852493103,1.32724611026301,2.17185408628659,59.2346664163792
12.3180555555556,1.47758209039516,1.3273067534626,2.17081546176482,59.2357138782726
12.3181547619048,1.47745564643573,1.32736732271651,2.16977733477035,59.236761170501
12.318253968254,1.47732919309036,1.32742781805266,2.16873970506474,59.2378082931087
12.3183531746032,1.47720273039672,1.3274882394989,2.16770257240978,59.2388552461396
12.3184523809524,1.47707625839254,1.32754858708308,2.16666593656721,59.2399020296379
12.3185515873016,1.47694977711558,1.32760886083298,2.16562979729897,59.2409486436475
12.3186507936508,1.47682328660368,1.32766906077636,2.16459415436708,59.2419950882124
12.31875,1.4766967868947,1.32772918694095,2.16355900753356,59.2430413633765
12.3188492063492,1.47657027802658,1.32778923935442,2.16252435656066,59.2440874691837
12.3189484126984,1.47644376003727,1.32784921804443,2.16149020121058,59.2451334056778
12.3190476190476,1.4763172329648,1.32790912303859,2.16045654124574,59.2461791729026
12.3191468253968,1.47619069684725,1.32796895436446,2.15942337642853,59.247224770902
12.319246031746,1.47606415172274,1.32802871204959,2.15839070652155,59.2482701997195
12.3193452380952,1.47593759762944,1.32808839612147,2.15735853128739,59.2493154593989
12.3194444444444,1.47581103460558,1.32814800660757,2.15632685048882,59.2503605499838
12.3195436507937,1.47568446268943,1.32820754353532,2.1552956638886,59.2514054715177
12.3196428571429,1.47555788191931,1.3282670069321,2.1542649712497,59.2524502240443
12.3197420634921,1.47543129233358,1.32832639682526,2.15323477233507,59.2534948076071
12.3198412698413,1.47530469397069,1.32838571324213,2.15220506690785,59.2545392222494
12.3199404761905,1.4751780868691,1.32844495620997,2.15117585473116,59.2555834680148
12.3200396825397,1.47505147106733,1.32850412575604,2.15014713556832,59.2566275449466
12.3201388888889,1.47492484660396,1.32856322190754,2.14911890918271,59.2576714530882
12.3202380952381,1.4747982135176,1.32862224469163,2.14809117533774,59.2587151924828
12.3203373015873,1.47467157184694,1.32868119413544,2.14706393379702,59.2597587631737
12.3204365079365,1.47454492163069,1.32874007026608,2.14603718432412,59.2608021652041
12.3205357142857,1.47441826290763,1.32879887311059,2.14501092668284,59.2618453986172
12.3206349206349,1.47429159571658,1.32885760269601,2.14398516063695,59.2628884634562
12.3207341269841,1.47416492009642,1.3289162590493,2.14295988595042,59.2639313597641
12.3208333333333,1.47403823608605,1.32897484219743,2.14193510238719,59.264974087584
12.3209325396825,1.47391154372447,1.3290333521673,2.14091080971143,59.2660166469588
12.3210317460317,1.47378484305069,1.32909178898578,2.13988700768726,59.2670590379316
12.321130952381,1.47365813410379,1.32915015267971,2.13886369607903,59.2681012605453
12.3212301587302,1.47353141692288,1.3292084432759,2.13784087465105,59.2691433148428
12.3213293650794,1.47340469154714,1.32926666080109,2.13681854316784,59.2701852008668
12.3214285714286,1.4732779580158,1.32932480528203,2.13579670139391,59.2712269186603
12.3215277777778,1.47315121636812,1.32938287674539,2.13477534909392,59.272268468266
12.321626984127,1.47302446664343,1.32944087521784,2.13375448603265,59.2733098497265
12.3217261904762,1.4728977088811,1.32949880072598,2.13273411197487,59.2743510630846
12.3218253968254,1.47277094312056,1.3295566532964,2.13171422668557,59.2753921083829
12.3219246031746,1.47264416940128,1.32961443295564,2.13069482992969,59.276432985664
12.3220238095238,1.47251738776278,1.32967213973019,2.12967592147239,59.2774736949704
12.322123015873,1.47239059824463,1.32972977364654,2.12865750107883,59.2785142363447
12.3222222222222,1.47226380088645,1.32978733473111,2.12763956851434,59.2795546098294
12.3223214285714,1.47213699572793,1.32984482301029,2.12662212354425,59.2805948154668
12.3224206349206,1.47201018280878,1.32990223851045,2.12560516593409,59.2816348532993
12.3225198412698,1.47188336216877,1.32995958125791,2.12458869544936,59.2826747233694
12.322619047619,1.47175653384773,1.33001685127894,2.12357271185577,59.2837144257192
12.3227182539683,1.47162969788553,1.3300740485998,2.12255721491902,59.2847539603912
12.3228174603175,1.47150285432209,1.33013117324669,2.12154220440499,59.2857933274273
12.3229166666667,1.47137600319739,1.33018822524579,2.12052768007956,59.28683252687
12.3230158730159,1.47124914455145,1.33024520462324,2.11951364170878,59.2878715587613
12.3231150793651,1.47112227842434,1.33030211140514,2.11850008905879,59.2889104231433
12.3232142857143,1.47099540485618,1.33035894561754,2.11748702189574,59.289949120058
12.3233134920635,1.47086852388716,1.33041570728648,2.11647443998597,59.2909876495476
12.3234126984127,1.47074163555748,1.33047239643794,2.11546234309582,59.2920260116538
12.3235119047619,1.47061473990742,1.33052901309788,2.11445073099182,59.2930642064188
12.3236111111111,1.47048783697731,1.33058555729221,2.1134396034405,59.2941022338843
12.3237103174603,1.47036092680752,1.33064202904681,2.11242896020855,59.2951400940922
12.3238095238095,1.47023400943847,1.33069842838753,2.11141880106269,59.2961777870844
12.3239087301587,1.47010708491064,1.33075475534016,2.1104091257698,59.2972153129025
12.3240079365079,1.46998015326454,1.33081100993047,2.10939993409678,59.2982526715884
12.3241071428571,1.46985321454075,1.3308671921842,2.1083912258107,59.2992898631836
12.3242063492063,1.46972626877989,1.33092330212705,2.10738300067862,59.3003268877299
12.3243055555556,1.46959931602265,1.33097933978466,2.10637525846782,59.3013637452689
12.3244047619048,1.46947235630972,1.33103530518267,2.10536799894555,59.302400435842
12.324503968254,1.4693453896819,1.33109119834664,2.10436122187921,59.3034369594909
12.3246031746032,1.46921841618,1.33114701930214,2.10335492703632,59.304473316257
12.3247023809524,1.46909143584489,1.33120276807467,2.10234911418441,59.3055095061817
12.3248015873016,1.46896444871751,1.3312584446897,2.1013437830912,59.3065455293064
12.3249007936508,1.46883745483882,1.33131404917268,2.10033893352438,59.3075813856725
12.325,1.46871045424984,1.33136958154899,2.09933456525188,59.3086170753212
12.3250992063492,1.46858344699165,1.33142504184401,2.09833067804157,59.309652598294
12.3251984126984,1.46845643310537,1.33148043008306,2.09732727166155,59.3106879546318
12.3252976190476,1.46832941263217,1.33153574629142,2.09632434587989,59.3117231443761
12.3253968253968,1.46820238561328,1.33159099049436,2.09532190046485,59.3127581675679
12.325496031746,1.46807535208996,1.33164616271709,2.09431993518469,59.3137930242483
12.3255952380952,1.46794831210355,1.33170126298478,2.09331844980787,59.3148277144584
12.3256944444444,1.46782126569541,1.33175629132258,2.09231744410283,59.3158622382391
12.3257936507936,1.46769421290697,1.33181124775559,2.09131691783819,59.3168965956316
12.3258928571429,1.46756715377969,1.33186613230888,2.09031687078259,59.3179307866766
12.3259920634921,1.4674400883551,1.33192094500748,2.08931730270481,59.3189648114152
12.3260912698413,1.46731301667479,1.33197568587639,2.08831821337375,59.3199986698881
12.3261904761905,1.46718593878035,1.33203035494056,2.08731960255828,59.3210323621362
12.3262896825397,1.46705885471348,1.33208495222492,2.08632147002752,59.3220658882002
12.3263888888889,1.46693176451589,1.33213947775435,2.08532381555054,59.323099248121
12.3264880952381,1.46680466822936,1.33219393155369,2.08432663889662,59.324132441939
12.3265873015873,1.4666775658957,1.33224831364776,2.08332993983501,59.3251654696951
12.3266865079365,1.46655045755679,1.33230262406132,2.08233371813518,59.3261983314298
12.3267857142857,1.46642334325456,1.33235686281913,2.08133797356657,59.3272310271837
12.3268849206349,1.46629622303097,1.33241102994586,2.08034270589884,59.3282635569973
12.3269841269841,1.46616909692805,1.3324651254662,2.07934791490159,59.3292959209111
12.3270833333333,1.46604196498788,1.33251914940476,2.07835360034467,59.3303281189656
12.3271825396825,1.46591482725256,1.33257310178614,2.07735976199788,59.331360151201
12.3272817460317,1.46578768376429,1.33262698263488,2.07636639963124,59.3323920176578
12.327380952381,1.46566053456527,1.33268079197551,2.07537351301473,59.3334237183764
12.3274801587302,1.46553337969778,1.33273452983249,2.07438110191852,59.3344552533969
12.3275793650794,1.46540621920415,1.33278819623027,2.07338916611288,59.3354866227596
12.3276785714286,1.46527905312675,1.33284179119327,2.07239770536806,59.3365178265047
12.3277777777778,1.46515188150799,1.33289531474584,2.07140671945454,59.3375488646723
12.327876984127,1.46502470439036,1.33294876691231,2.07041620814276,59.3385797373027
12.3279761904762,1.46489752181638,1.33300214771699,2.06942617120338,59.3396104444357
12.3280753968254,1.46477033382861,1.33305545718412,2.06843660840704,59.3406409861115
12.3281746031746,1.46464314046968,1.33310869533793,2.06744751952456,59.34167136237
12.3282738095238,1.46451594178226,1.33316186220261,2.06645890432676,59.3427015732512
12.328373015873,1.46438873780908,1.3332149578023,2.06547076258467,59.343731618795
12.3284722222222,1.46426152859291,1.33326798216111,2.06448309406927,59.3447614990412
12.3285714285714,1.46413431417657,1.33332093530311,2.06349589855177,59.3457912140296
12.3286706349206,1.46400709460293,1.33337381725234,2.06250917580336,59.3468207638002
12.3287698412698,1.46387986991492,1.3334266280328,2.06152292559542,59.3478501483924
12.328869047619,1.46375264015551,1.33347936766846,2.0605371476993,59.3488793678462
12.3289682539683,1.46362540536772,1.33353203618324,2.05955184188656,59.349908422201
12.3290674603175,1.46349816559462,1.33358463360102,2.05856700792883,59.3509373114966
12.3291666666667,1.46337092087934,1.33363715994566,2.05758264559773,59.3519660357725
12.3292658730159,1.46324367126505,1.33368961524098,2.05659875466512,59.3529945950682
12.3293650793651,1.46311641679496,1.33374199951076,2.05561533490282,59.3540229894232
12.3294642857143,1.46298915751237,1.33379431277873,2.05463238608285,59.355051218877
12.3295634920635,1.46286189346058,1.3338465550686,2.05364990797721,59.356079283469
12.3296626984127,1.46273462468297,1.33389872640405,2.05266790035813,59.3571071832384
12.3297619047619,1.46260735122296,1.33395082680869,2.05168636299777,59.3581349182248
12.3298611111111,1.46248007312403,1.33400285630613,2.05070529566855,59.3591624884672
12.3299603174603,1.46235279042969,1.33405481491993,2.04972469814282,59.360189894005
12.3300595238095,1.46222550318353,1.33410670267359,2.04874457019316,59.3612171348774
12.3301587301587,1.46209821142915,1.33415851959062,2.04776491159213,59.3622442111235
12.3302579365079,1.46197091521024,1.33421026569445,2.04678572211248,59.3632711227824
12.3303571428571,1.46184361457052,1.33426194100849,2.04580700152696,59.3642978698932
12.3304563492064,1.46171630955375,1.33431354555613,2.04482874960847,59.365324452495
12.3305555555556,1.46158900020377,1.33436507936068,2.04385096613001,59.3663508706267
12.3306547619048,1.46146168656445,1.33441654244547,2.04287365086461,59.3673771243273
12.330753968254,1.4613343686797,1.33446793483374,2.04189680358547,59.3684032136356
12.3308531746032,1.4612070465935,1.33451925654872,2.04092042406579,59.3694291385906
12.3309523809524,1.46107972034988,1.33457050761361,2.03994451207897,59.3704548992311
12.3310515873016,1.4609523899929,1.33462168805155,2.03896906739839,59.3714804955958
12.3311507936508,1.46082505556669,1.33467279788566,2.03799408979763,59.3725059277235
12.33125,1.46069771711541,1.33472383713903,2.03701957905024,59.373531195653
12.3313492063492,1.4605703746833,1.33477480583468,2.03604553493,59.3745562994227
12.3314484126984,1.46044302831463,1.33482570399563,2.03507195721065,59.3755812390715
12.3315476190476,1.46031567805371,1.33487653164484,2.03409884566613,59.3766060146377
12.3316468253968,1.46018832394492,1.33492728880525,2.03312620007037,59.3776306261601
12.331746031746,1.46006096603269,1.33497797549975,2.0321540201975,59.3786550736771
12.3318452380952,1.45993360436148,1.3350285917512,2.03118230582164,59.379679357227
12.3319444444444,1.45980623897582,1.33507913758241,2.03021105671707,59.3807034768484
12.3320436507937,1.45967886992028,1.33512961301618,2.02924027265816,59.3817274325796
12.3321428571429,1.45955149723948,1.33518001807524,2.02826995341931,59.382751224459
12.3322420634921,1.45942412097809,1.33523035278232,2.02730009877509,59.3837748525247
12.3323412698413,1.45929674118085,1.33528061716007,2.02633070850008,59.3847983168151
12.3324404761905,1.45916935789251,1.33533081123115,2.02536178236904,59.3858216173683
12.3325396825397,1.45904197115791,1.33538093501815,2.02439332015673,59.3868447542226
12.3326388888889,1.45891458102191,1.33543098854362,2.02342532163811,59.387867727416
12.3327380952381,1.45878718752944,1.33548097183011,2.0224577865881,59.3888905369867
12.3328373015873,1.45865979072547,1.33553088490009,2.02149071478184,59.3899131829726
12.3329365079365,1.45853239065502,1.33558072777602,2.02052410599446,59.3909356654117
12.3330357142857,1.45840498736317,1.33563050048032,2.01955796000126,59.3919579843421
12.3331349206349,1.45827758089503,1.33568020303536,2.01859227657756,59.3929801398016
12.3332341269841,1.45815017129578,1.33572983546348,2.01762705549885,59.394002131828
12.3333333333333,1.45802275861065,1.335779397787,2.01666229654062,59.3950239604593
12.3334325396825,1.45789534288489,1.33582889002817,2.01569799947852,59.3960456257332
12.3335317460317,1.45776792416385,1.33587831220923,2.01473416408831,59.3970671276874
12.333630952381,1.45764050249289,1.33592766435238,2.01377079014574,59.3980884663598
12.3337301587302,1.45751307791743,1.33597694647977,2.01280787742678,59.3991096417878
12.3338293650794,1.45738565048294,1.33602615861352,2.01184542570736,59.4001306540091
12.3339285714286,1.45725822023495,1.33607530077572,2.01088343476362,59.4011515030614
12.3340277777778,1.45713078721903,1.33612437298841,2.0099219043717,59.4021721889822
12.334126984127,1.4570033514808,1.3361733752736,2.00896083430792,59.4031927118089
12.3342261904762,1.45687591306593,1.33622230765327,2.00800022434859,59.4042130715791
12.3343253968254,1.45674847202016,1.33627117014935,2.00704007427021,59.4052332683301
12.3344246031746,1.45662102838923,1.33631996278375,2.00608038384928,59.4062533020993
12.3345238095238,1.456493582219,1.33636868557832,2.00512115286248,59.407273172924
12.334623015873,1.45636613355531,1.3364173385549,2.0041623810865,59.4082928808416
12.3347222222222,1.4562386824441,1.33646592173526,2.0032040682982,59.4093124258892
12.3348214285714,1.45611122893134,1.33651443514117,2.00224621427445,59.4103318081042
12.3349206349206,1.45598377306305,1.33656287879434,2.00128881879227,59.4113510275236
12.3350198412698,1.4558563148853,1.33661125271644,2.00033188162879,59.4123700841845
12.335119047619,1.45572885444422,1.33665955692912,1.99937540256114,59.4133889781242
12.3352182539683,1.45560139178598,1.33670779145399,1.99841938136665,59.4144077093796
12.3353174603175,1.45547392695679,1.33675595631261,1.99746381782264,59.4154262779876
12.3354166666667,1.45534646000295,1.33680405152651,1.99650871170661,59.4164446839854
12.3355158730159,1.45521899097075,1.3368520771172,1.99555406279608,59.4174629274097
12.3356150793651,1.45509151990658,1.33690003310611,1.99459987086873,59.4184810082975
12.3357142857143,1.45496404685686,1.33694791951468,1.99364613570226,59.4194989266856
12.3358134920635,1.45483657186807,1.3369957363643,1.99269285707453,59.4205166826107
12.3359126984127,1.45470909498672,1.3370434836763,1.99174003476342,59.4215342761098
12.3360119047619,1.45458161625938,1.33709116147199,1.99078766854698,59.4225517072194
12.3361111111111,1.45445413573269,1.33713876977266,1.98983575820327,59.4235689759762
12.3362103174603,1.4543266534533,1.33718630859953,1.98888430351054,59.4245860824168
12.3363095238095,1.45419916946795,1.33723377797382,1.987933304247,59.4256030265779
12.3364087301587,1.45407168382341,1.33728117791667,1.98698276019108,59.426619808496
12.3365079365079,1.45394419656649,1.33732850844921,1.98603267112125,59.4276364282076
12.3366071428571,1.45381670774408,1.33737576959255,1.98508303681604,59.4286528857491
12.3367063492063,1.45368921740309,1.33742296136771,1.98413385705413,59.429669181157
12.3368055555556,1.45356172559049,1.33747008379574,1.98318513161422,59.4306853144677
12.3369047619048,1.45343423235331,1.33751713689759,1.9822368602752,59.4317012857174
12.337003968254,1.45330673773862,1.33756412069421,1.98128904281594,59.4327170949425
12.3371031746032,1.45317924179355,1.33761103520651,1.98034167901551,59.4337327421793
12.3372023809524,1.45305174456526,1.33765788045536,1.97939476865296,59.4347482274639
12.3373015873016,1.45292424610098,1.33770465646159,1.97844831150755,59.4357635508325
12.3374007936508,1.45279674644797,1.33775136324599,1.97750230735851,59.4367787123214
12.3375,1.45266924565357,1.33779800082931,1.97655675598528,59.4377937119664
12.3375992063492,1.45254174376514,1.33784456923229,1.97561165716729,59.4388085498037
12.3376984126984,1.45241424083011,1.3378910684756,1.97466701068415,59.4398232258694
12.3377976190476,1.45228673689594,1.33793749857989,1.97372281631546,59.4408377401993
12.3378968253968,1.45215923201017,1.33798385956577,1.972779073841,59.4418520928294
12.337996031746,1.45203172622036,1.33803015145382,1.97183578304064,59.4428662837956
12.3380952380952,1.45190421957413,1.33807637426456,1.97089294369426,59.4438803131336
12.3381944444444,1.45177671211917,1.33812252801851,1.96995055558193,59.4448941808794
12.3382936507937,1.45164920390318,1.33816861273612,1.96900861848372,59.4459078870687
12.3383928571429,1.45152169497394,1.33821462843782,1.96806713217989,59.4469214317371
12.3384920634921,1.45139418537928,1.338260575144,1.96712609645067,59.4479348149204
12.3385912698413,1.45126667516707,1.338306452875,1.96618551107651,59.4489480366542
12.3386904761905,1.45113916438522,1.33835226165116,1.96524537583785,59.4499610969741
12.3387896825397,1.45101165308172,1.33839800149274,1.96430569051531,59.4509739959156
12.3388888888889,1.45088414130458,1.33844367241998,1.96336645488949,59.4519867335143
12.3389880952381,1.45075662910187,1.3384892744531,1.9624276687412,59.4529993098056
12.3390873015873,1.45062911652172,1.33853480761225,1.96148933185125,59.4540117248249
12.3391865079365,1.45050160361231,1.33858027191758,1.96055144400062,59.4550239786076
12.3392857142857,1.45037409042184,1.33862566738917,1.95961400497029,59.4560360711892
12.3393849206349,1.4502465769986,1.33867099404709,1.95867701454141,59.4570480026048
12.3394841269841,1.45011906339091,1.33871625191134,1.95774047249522,59.4580597728897
12.3395833333333,1.44999154964713,1.33876144100193,1.95680437861296,59.4590713820791
12.3396825396825,1.4498640358157,1.33880656133878,1.9558687326761,59.4600828302083
12.3397817460317,1.44973652194508,1.33885161294183,1.95493353446606,59.4610941173124
12.339880952381,1.4496090080838,1.33889659583093,1.95399878376447,59.4621052434264
12.3399801587302,1.44948149428042,1.33894151002592,1.95306448035296,59.4631162085854
12.3400793650794,1.44935398058357,1.33898635554661,1.95213062401333,59.4641270128245
12.3401785714286,1.44922646704193,1.33903113241276,1.9511972145274,59.4651376561785
12.3402777777778,1.44909895370421,1.33907584064408,1.95026425167716,59.4661481386825
12.340376984127,1.44897144061918,1.33912048026028,1.94933173524459,59.4671584603713
12.3404761904762,1.44884392783568,1.33916505128101,1.94839966501187,59.4681686212797
12.3405753968254,1.44871641540256,1.33920955372587,1.94746804076118,59.4691786214426
12.3406746031746,1.44858890336877,1.33925398761445,1.94653686227487,59.4701884608947
12.3407738095238,1.44846139178325,1.33929835296629,1.9456061293353,59.4711981396708
12.340873015873,1.44833388069504,1.33934264980089,1.94467584172498,59.4722076578055
12.3409722222222,1.44820637015321,1.33938687813773,1.94374599922654,59.4732170153335
12.3410714285714,1.44807886020689,1.33943103799623,1.94281660162259,59.4742262122893
12.3411706349206,1.44795135090524,1.33947512939579,1.94188764869595,59.4752352487076
12.3412698412698,1.44782384229748,1.33951915235577,1.94095914022944,59.4762441246228
12.341369047619,1.44769633443289,1.33956310689548,1.94003107600606,59.4772528400694
12.3414682539683,1.44756882736079,1.33960699303421,1.9391034558088,59.4782613950818
12.3415674603175,1.44744132113056,1.33965081079121,1.93817627942085,59.4792697896945
12.3416666666667,1.44731381579161,1.33969456018569,1.93724954662538,59.4802780239417
12.3417658730159,1.44718631139342,1.33973824123682,1.93632325720576,59.4812860978579
12.3418650793651,1.44705880798551,1.33978185396373,1.93539741094536,59.4822940114772
12.3419642857143,1.44693130561744,1.33982539838553,1.93447200762772,59.4833017648338
12.3420634920635,1.44680380433885,1.33986887452129,1.93354704703638,59.4843093579621
12.3421626984127,1.44667630419941,1.33991228239001,1.93262252895509,59.485316790896
12.3422619047619,1.44654880524883,1.33995562201071,1.93169845316756,59.4863240636698
12.3423611111111,1.4464213075369,1.33999889340232,1.93077481945769,59.4873311763174
12.3424603174603,1.44629381111342,1.34004209658376,1.92985162760947,59.4883381288728
12.3425595238095,1.44616631602828,1.34008523157391,1.92892887740689,59.4893449213702
12.3426587301587,1.4460388223314,1.34012829839162,1.92800656863414,59.4903515538433
12.3427579365079,1.44591133007274,1.34017129705568,1.92708470107541,59.4913580263262
12.3428571428571,1.44578383930234,1.34021422758487,1.92616327451508,59.4923643388525
12.3429563492064,1.44565635007025,1.34025708999792,1.9252422887375,59.4933704914562
12.3430555555556,1.44552886242661,1.34029988431352,1.92432174352725,59.494376484171
12.3431547619048,1.44540137642159,1.34034261055032,1.92340163866886,59.4953823170307
12.343253968254,1.44527389210541,1.34038526872696,1.92248197394709,59.4963879900688
12.3433531746032,1.44514640952833,1.34042785886201,1.92156274914665,59.4973935033192
12.3434523809524,1.44501892874069,1.34047038097402,1.92064396405248,59.4983988568153
12.3435515873016,1.44489144979285,1.3405128350815,1.9197256184495,59.4994040505908
12.3436507936508,1.44476397273525,1.34055522120292,1.9188077121228,59.5004090846791
12.34375,1.44463649761834,1.34059753935673,1.91789024485749,59.5014139591138
12.3438492063492,1.44450902449264,1.34063978956131,1.91697321643883,59.5024186739283
12.3439484126984,1.44438155340875,1.34068197183504,1.91605662665219,59.5034232291559
12.3440476190476,1.44425408441727,1.34072408619624,1.91514047528293,59.50442762483
12.3441468253968,1.44412661756888,1.34076613266319,1.91422476211661,59.505431860984
12.344246031746,1.44399915291429,1.34080811125415,1.9133094869388,59.5064359376511
12.3443452380952,1.44387169050429,1.34085002198734,1.91239464953524,59.5074398548645
12.3444444444444,1.44374423038969,1.34089186488094,1.91148024969168,59.5084436126575
12.3445436507936,1.44361677262137,1.34093363995308,1.91056628719403,59.5094472110631
12.3446428571429,1.44348931725024,1.34097534722187,1.90965276182824,59.5104506501145
12.3447420634921,1.44336186432728,1.34101698670537,1.9087396733804,59.5114539298448
12.3448412698413,1.44323441390352,1.34105855842163,1.90782702163662,59.5124570502869
12.3449404761905,1.44310696603002,1.34110006238863,1.90691480638321,59.5134600114739
12.3450396825397,1.4429795207579,1.34114149862434,1.90600302740645,59.5144628134387
12.3451388888889,1.44285207813834,1.34118286714666,1.90509168449282,59.5154654562141
12.3452380952381,1.44272463822256,1.3412241679735,1.90418077742879,59.5164679398332
12.3453373015873,1.44259720106183,1.34126540112268,1.903270306001,59.5174702643286
12.3454365079365,1.44246976670748,1.34130656661203,1.90236026999617,59.518472429733
12.3455357142857,1.44234233521087,1.34134766445932,1.90145066920107,59.5194744360794
12.3456349206349,1.44221490662343,1.34138869468228,1.90054150340262,59.5204762834004
12.3457341269841,1.44208748099663,1.34142965729861,1.89963277238775,59.5214779717285
12.3458333333333,1.44196005838199,1.34147055232597,1.89872447594358,59.5224795010965
12.3459325396825,1.44183263883108,1.341511379782,1.89781661385723,59.5234808715369
12.3460317460317,1.44170522239553,1.34155213968428,1.896909185916,59.5244820830821
12.346130952381,1.44157780912701,1.34159283205036,1.89600219190718,59.5254831357648
12.3462301587302,1.44145039907724,1.34163345689776,1.89509563161827,59.5264840296173
12.3463293650794,1.44132299229799,1.34167401424396,1.89418950483673,59.5274847646721
12.3464285714286,1.44119558884108,1.34171450410639,1.89328381135025,59.5284853409615
12.3465277777778,1.44106818875839,1.34175492650247,1.89237855094647,59.5294857585178
12.346626984127,1.44094079210183,1.34179528144956,1.89147372341326,59.5304860173732
12.3467261904762,1.44081339892339,1.34183556896499,1.89056932853846,59.5314861175602
12.3468253968254,1.44068600927507,1.34187578906606,1.88966536611007,59.5324860591107
12.3469246031746,1.44055862320896,1.34191594177002,1.88876183591621,59.533485842057
12.3470238095238,1.44043124077717,1.3419560270941,1.88785873774499,59.5344854664313
12.347123015873,1.44030386203189,1.34199604505548,1.88695607138472,59.5354849322654
12.3472222222222,1.44017648702532,1.3420359956713,1.8860538366237,59.5364842395916
12.3473214285714,1.44004911580974,1.34207587895868,1.88515203325043,59.5374833884418
12.3474206349206,1.43992174843748,1.34211569493469,1.88425066105339,59.5384823788478
12.3475198412698,1.4397943849609,1.34215544361636,1.88334971982126,59.5394812108417
12.347619047619,1.43966702543242,1.3421951250207,1.88244920934271,59.5404798844553
12.3477182539683,1.43953966990453,1.34223473916467,1.88154912940659,59.5414783997204
12.3478174603175,1.43941231842974,1.34227428606519,1.88064947980176,59.5424767566689
12.3479166666667,1.43928497106062,1.34231376573915,1.87975026031725,59.5434749553323
12.3480158730159,1.43915762784979,1.34235317820341,1.87885147074212,59.5444729957424
12.3481150793651,1.43903028884993,1.34239252347478,1.87795311086557,59.545470877931
12.3482142857143,1.43890295411376,1.34243180157004,1.87705518047683,59.5464686019295
12.3483134920635,1.43877562369405,1.34247101250593,1.87615767936528,59.5474661677697
12.3484126984127,1.43864829764362,1.34251015629915,1.87526060732039,59.5484635754829
12.3485119047619,1.43852097601535,1.34254923296638,1.87436396413167,59.5494608251007
12.3486111111111,1.43839365886215,1.34258824252424,1.87346774958878,59.5504579166545
12.3487103174603,1.438266346237,1.34262718498934,1.87257196348141,59.5514548501758
12.3488095238095,1.43813903819292,1.34266606037822,1.87167660559943,59.5524516256959
12.3489087301587,1.43801173478298,1.34270486870741,1.87078167573268,59.5534482432462
12.3490079365079,1.43788443606031,1.34274360999338,1.86988717367122,59.5544447028578
12.3491071428571,1.43775714207807,1.3427822842526,1.8689930992051,59.5554410045622
12.3492063492063,1.43762985288949,1.34282089150147,1.86809945212454,59.5564371483903
12.3493055555556,1.43750256854783,1.34285943175635,1.86720623221976,59.5574331343736
12.3494047619048,1.43737528910643,1.3428979050336,1.86631343928119,59.5584289625429
12.349503968254,1.43724801461865,1.3429363113495,1.86542107309923,59.5594246329294
12.3496031746032,1.43712074513792,1.34297465072032,1.86452913346447,59.5604201455642
12.3497023809524,1.4369934807177,1.34301292316229,1.86363762016752,59.5614155004783
12.3498015873016,1.43686622141152,1.3430511286916,1.86274653299911,59.5624106977025
12.3499007936508,1.43673896727295,1.34308926732439,1.86185587175011,59.5634057372678
12.35,1.43661171835561,1.34312733907678,1.86096563621138,59.5644006192052
12.3500992063492,1.43648447471318,1.34316534396486,1.86007582617398,59.5653953435452
12.3501984126984,1.43635723639938,1.34320328200466,1.85918644142894,59.5663899103189
12.3502976190476,1.43623000346797,1.34324115321218,1.85829748176752,59.5673843195569
12.3503968253968,1.43610277597278,1.34327895760341,1.85740894698093,59.5683785712899
12.350496031746,1.43597555396768,1.34331669519426,1.85652083686062,59.5693726655486
12.3505952380952,1.4358483375066,1.34335436600063,1.85563315119797,59.5703666023637
12.3506944444444,1.4357211266435,1.34339197003838,1.85474588978461,59.5713603817656
12.3507936507937,1.43559392143241,1.34342950732333,1.85385905241213,59.5723540037849
12.3508928571429,1.43546672192739,1.34346697787126,1.85297263887232,59.5733474684521
12.3509920634921,1.43533952818258,1.34350438169793,1.85208664895696,59.5743407757978
12.3510912698413,1.43521234025214,1.34354171881903,1.85120108245801,59.5753339258521
12.3511904761905,1.43508515819029,1.34357898925025,1.85031593916745,59.5763269186457
12.3512896825397,1.43495798205131,1.34361619300722,1.8494312188774,59.5773197542088
12.3513888888889,1.43483081188952,1.34365333010554,1.84854692138008,59.5783124325716
12.3514880952381,1.43470364775928,1.34369040056077,1.84766304646773,59.5793049537644
12.3515873015873,1.43457648971503,1.34372740438844,1.84677959393278,59.5802973178175
12.3516865079365,1.43444933781123,1.34376434160404,1.84589656356765,59.581289524761
12.3517857142857,1.4343221921024,1.34380121222301,1.84501395516495,59.5822815746249
12.3518849206349,1.43419505264312,1.34383801626078,1.84413176851729,59.5832734674395
12.3519841269841,1.43406791948802,1.34387475373273,1.84325000341746,59.5842652032347
12.3520833333333,1.43394079269174,1.34391142465419,1.84236865965824,59.5852567820405
12.3521825396825,1.43381367230904,1.34394802904047,1.84148773703262,59.5862482038869
12.3522817460317,1.43368655839466,1.34398456690684,1.84060723533356,59.5872394688038
12.352380952381,1.43355945100344,1.34402103826852,1.83972715435423,59.5882305768211
12.3524801587302,1.43343235019025,1.34405744314072,1.83884749388777,59.5892215279686
12.3525793650794,1.43330525601001,1.34409378153859,1.83796825372754,59.5902123222761
12.3526785714286,1.43317816851769,1.34413005347726,1.83708943366687,59.5912029597734
12.3527777777778,1.43305108776831,1.3441662589718,1.83621103349926,59.5921934404901
12.352876984127,1.43292401381694,1.34420239803726,1.8353330530183,59.593183764456
12.3529761904762,1.43279694671871,1.34423847068865,1.83445549201761,59.5941739317006
12.3530753968254,1.43266988652879,1.34427447694095,1.83357835029098,59.5951639422535
12.3531746031746,1.4325428333024,1.34431041680909,1.83270162763221,59.5961537961443
12.3532738095238,1.43241578709481,1.34434629030798,1.83182532383529,59.5971434934025
12.353373015873,1.43228874796134,1.34438209745246,1.83094943869419,59.5981330340575
12.3534722222222,1.43216171595736,1.34441783825738,1.83007397200308,59.5991224181388
12.3535714285714,1.4320346911383,1.34445351273752,1.82919892355612,59.6001116456757
12.3536706349206,1.43190767355964,1.34448912090763,1.82832429314765,59.6011007166976
12.3537698412698,1.43178066327687,1.34452466278242,1.82745008057203,59.6020896312337
12.353869047619,1.4316536603456,1.34456013837658,1.82657628562378,59.6030783893133
12.3539682539683,1.43152666482142,1.34459554770475,1.82570290809744,59.6040669909657
12.3540674603175,1.43139967676002,1.34463089078153,1.82482994778771,59.60505543622
12.3541666666667,1.43127269621711,1.34466616762149,1.82395740448931,59.6060437251053
12.3542658730159,1.43114572324848,1.34470137823916,1.82308527799711,59.6070318576507
12.3543650793651,1.43101875790993,1.34473652264903,1.82221356810609,59.6080198338852
12.3544642857143,1.43089180025734,1.34477160086557,1.82134227461121,59.6090076538379
12.3545634920635,1.43076485034665,1.3448066129032,1.82047139730766,59.6099953175377
12.3546626984127,1.4306379082338,1.34484155877628,1.8196009359906,59.6109828250136
12.3547619047619,1.43051097397483,1.34487643849919,1.81873089045539,59.6119701762944
12.3548611111111,1.4303840476258,1.34491125208622,1.81786126049739,59.6129573714089
12.3549603174603,1.43025712924285,1.34494599955164,1.81699204591212,59.613944410386
12.3550595238095,1.43013021888214,1.3449806809097,1.81612324649513,59.6149312932545
12.3551587301587,1.4300033165999,1.34501529617459,1.81525486204213,59.6159180200429
12.3552579365079,1.42987642245238,1.34504984536048,1.81438689234884,59.61690459078
12.3553571428571,1.42974953649593,1.34508432848149,1.81351933721117,59.6178910054944
12.3554563492063,1.4296226587869,1.34511874555171,1.81265219642502,59.6188772642148
12.3555555555556,1.42949578938172,1.34515309658519,1.81178546978648,59.6198633669696
12.3556547619048,1.42936892833687,1.34518738159596,1.81091915709162,59.6208493137875
12.355753968254,1.42924207570885,1.34522160059798,1.81005325813671,59.6218351046967
12.3558531746032,1.42911523155426,1.3452557536052,1.80918777271806,59.6228207397258
12.3559523809524,1.42898839592969,1.34528984063152,1.80832270063205,59.6238062189031
12.3560515873016,1.42886156889184,1.34532386169081,1.80745804167522,59.624791542257
12.3561507936508,1.42873475049741,1.34535781679691,1.8065937956441,59.6257767098158
12.35625,1.42860794080319,1.3453917059636,1.80572996233543,59.6267617216077
12.3563492063492,1.42848113986599,1.34542552920465,1.80486654154594,59.627746577661
12.3564484126984,1.42835434774269,1.34545928653377,1.80400353307253,59.6287312780039
12.3565476190476,1.4282275644902,1.34549297796465,1.8031409367121,59.6297158226644
12.3566468253968,1.4281007901655,1.34552660351094,1.80227875226177,59.6307002116706
12.356746031746,1.4279740248256,1.34556016318624,1.80141697951861,59.6316844450506
12.3568452380952,1.42784726852759,1.34559365700413,1.8005556182799,59.6326685228325
12.3569444444444,1.42772052132858,1.34562708497815,1.79969466834291,59.6336524450441
12.3570436507936,1.42759378328575,1.34566044712179,1.79883412950511,59.6346362117135
12.3571428571429,1.42746705445631,1.34569374344852,1.79797400156396,59.6356198228684
12.3572420634921,1.42734033489754,1.34572697397176,1.79711428431707,59.6366032785368
12.3573412698413,1.42721362466676,1.34576013870491,1.79625497756215,59.6375865787465
12.3574404761905,1.42708692382133,1.34579323766131,1.79539608109694,59.6385697235251
12.3575396825397,1.42696023241869,1.34582627085428,1.79453759471935,59.6395527129004
12.3576388888889,1.4268335505163,1.3458592382971,1.7936795182273,59.6405355469002
12.3577380952381,1.42670687817169,1.345892140003,1.79282185141888,59.6415182255519
12.3578373015873,1.42658021544243,1.34592497598521,1.7919645940922,59.6425007488834
12.3579365079365,1.42645356238613,1.34595774625687,1.79110774604554,59.6434831169219
12.3580357142857,1.42632691906047,1.34599045083114,1.79025130707718,59.6444653296952
12.3581349206349,1.42620028552318,1.34602308972108,1.78939527698559,59.6454473872307
12.3582341269841,1.42607366183202,1.34605566293978,1.78853965556923,59.6464292895557
12.3583333333333,1.42594704804481,1.34608817050024,1.78768444262674,59.6474110366977
12.3584325396825,1.42582044421942,1.34612061241545,1.78682963795679,59.6483926286841
12.3585317460317,1.42569385041379,1.34615298869836,1.78597524135819,59.6493740655421
12.358630952381,1.42556726668587,1.34618529936187,1.78512125262978,59.650355347299
12.3587301587302,1.4254406930937,1.34621754441887,1.78426767157055,59.651336473982
12.3588293650794,1.42531412969534,1.34624972388218,1.78341449797959,59.6523174456183
12.3589285714286,1.42518757654891,1.34628183776461,1.782561731656,59.653298262235
12.3590277777778,1.42506103371258,1.34631388607891,1.78170937239907,59.6542789238593
12.359126984127,1.42493450124459,1.34634586883783,1.78085742000809,59.6552594305182
12.3592261904762,1.42480797920319,1.34637778605403,1.78000587428252,59.6562397822387
12.3593253968254,1.42468146764671,1.34640963774018,1.77915473502185,59.6572199790477
12.3594246031746,1.42455496663352,1.34644142390889,1.77830400202573,59.6582000209723
12.3595238095238,1.42442847622205,1.34647314457275,1.77745367509381,59.6591799080393
12.359623015873,1.42430199647076,1.34650479974428,1.77660375402593,59.6601596402755
12.3597222222222,1.42417552743817,1.346536389436,1.77575423862192,59.6611392177078
12.3598214285714,1.42404906918286,1.34656791366037,1.77490512868182,59.6621186403628
12.3599206349206,1.42392262176345,1.34659937242983,1.77405642400563,59.6630979082675
12.3600198412698,1.42379618523861,1.34663076575677,1.77320812439358,59.6640770214484
12.360119047619,1.42366975966707,1.34666209365355,1.77236022964585,59.6650559799322
12.3602182539683,1.42354334510758,1.34669335613248,1.77151273956281,59.6660347837454
12.3603174603175,1.42341694161898,1.34672455320585,1.77066565394492,59.6670134329147
12.3604166666667,1.42329054926014,1.34675568488592,1.76981897259266,59.6679919274665
12.3605158730159,1.42316416808997,1.34678675118488,1.76897269530669,59.6689702674274
12.3606150793651,1.42303779816745,1.34681775211491,1.76812682188767,59.6699484528237
12.3607142857143,1.42291143955161,1.34684868768815,1.76728135213644,59.6709264836819
12.3608134920635,1.4227850923015,1.34687955791669,1.76643628585386,59.6719043600283
12.3609126984127,1.42265875647627,1.34691036281261,1.76559162284094,59.6728820818891
12.3610119047619,1.42253243213506,1.34694110238792,1.76474736289872,59.6738596492908
12.3611111111111,1.42240611933711,1.34697177665462,1.76390350582841,59.6748370622595
12.3612103174603,1.42227981814169,1.34700238562466,1.76306005143122,59.6758143208214
12.3613095238095,1.42215352860812,1.34703292930994,1.76221699950853,59.6767914250027
12.3614087301587,1.42202725079576,1.34706340772236,1.76137434986176,59.6777683748294
12.3615079365079,1.42190098476405,1.34709382087375,1.76053210229246,59.6787451703276
12.3616071428571,1.42177473057245,1.34712416877592,1.75969025660223,59.6797218115233
12.3617063492064,1.42164848828049,1.34715445144063,1.75884881259279,59.6806982984426
12.3618055555556,1.42152225794774,1.34718466887962,1.75800777006598,59.6816746311113
12.3619047619048,1.42139603963381,1.34721482110457,1.75716712882365,59.6826508095553
12.362003968254,1.42126983339838,1.34724490812716,1.75632688866782,59.6836268338006
12.3621031746032,1.42114363930117,1.347274929959,1.75548704940055,59.6846027038728
12.3622023809524,1.42101745740196,1.34730488661166,1.75464761082403,59.6855784197978
12.3623015873016,1.42089128776055,1.34733477809671,1.7538085727405,59.6865539816014
12.3624007936508,1.42076513043684,1.34736460442564,1.75296993495235,59.6875293893091
12.3625,1.42063898549072,1.34739436560994,1.75213169726199,59.6885046429467
12.3625992063492,1.42051285298219,1.34742406166104,1.75129385947199,59.6894797425397
12.3626984126984,1.42038673297126,1.34745369259033,1.75045642138494,59.6904546881138
12.3627976190476,1.42026062551799,1.34748325840919,1.7496193828036,59.6914294796944
12.3628968253968,1.42013453068252,1.34751275912893,1.74878274353076,59.6924041173071
12.362996031746,1.42000844852501,1.34754219476085,1.74794650336934,59.6933786009772
12.3630952380952,1.41988237910568,1.34757156531619,1.74711066212231,59.6943529307301
12.3631944444444,1.41975632248481,1.34760087080618,1.74627521959277,59.6953271065913
12.3632936507937,1.41963027872272,1.34763011124199,1.74544017558392,59.696301128586
12.3633928571429,1.41950424787978,1.34765928663476,1.744605529899,59.6972749967396
12.3634920634921,1.4193782300164,1.3476883969956,1.7437712823414,59.6982487110771
12.3635912698413,1.41925222519307,1.34771744233558,1.74293743271454,59.6992222716239
12.3636904761905,1.4191262334703,1.34774642266572,1.74210398082199,59.7001956784051
12.3637896825397,1.41900025490866,1.34777533799703,1.74127092646737,59.7011689314458
12.3638888888889,1.41887428956879,1.34780418834045,1.74043826945443,59.7021420307711
12.3639880952381,1.41874833751133,1.34783297370692,1.73960600958696,59.7031149764059
12.3640873015873,1.41862239879703,1.3478616941073,1.7387741466689,59.7040877683753
12.3641865079365,1.41849647348664,1.34789034955246,1.73794268050422,59.7050604067042
12.3642857142857,1.41837056164099,1.34791894005319,1.73711161089705,59.7060328914176
12.3643849206349,1.41824466332096,1.34794746562028,1.73628093765154,59.7070052225402
12.3644841269841,1.41811877858746,1.34797592626446,1.735450660572,59.7079774000969
12.3645833333333,1.41799290750146,1.34800432199642,1.73462077946276,59.7089494241125
12.3646825396825,1.41786705012399,1.34803265282684,1.73379129412831,59.7099212946117
12.3647817460317,1.41774120651612,1.34806091876634,1.73296220437321,59.7108930116192
12.364880952381,1.41761537673897,1.3480891198255,1.73213351000206,59.7118645751596
12.3649801587302,1.4174895608537,1.34811725601488,1.73130521081965,59.7128359852576
12.3650793650794,1.41736375892155,1.34814532734499,1.73047730663075,59.7138072419378
12.3651785714286,1.41723797100378,1.34817333382632,1.72964979724033,59.7147783452246
12.3652777777778,1.41711219716171,1.3482012754693,1.72882268245335,59.7157492951426
12.365376984127,1.41698643745672,1.34822915228434,1.72799596207496,59.7167200917161
12.3654761904762,1.41686069195023,1.3482569642818,1.7271696359103,59.7176907349697
12.3655753968254,1.4167349607037,1.34828471147202,1.7263437037647,59.7186612249277
12.3656746031746,1.41660924377866,1.3483123938653,1.7255181654435,59.7196315616143
12.3657738095238,1.41648354123669,1.34834001147188,1.7246930207522,59.7206017450539
12.365873015873,1.41635785313939,1.34836756430199,1.72386826949632,59.7215717752707
12.3659722222222,1.41623217954845,1.34839505236582,1.72304391148154,59.7225416522889
12.3660714285714,1.41610652052557,1.3484224756735,1.72221994651358,59.7235113761326
12.3661706349206,1.41598087613255,1.34844983423516,1.72139637439828,59.7244809468261
12.3662698412698,1.41585524643119,1.34847712806086,1.72057319494159,59.7254503643933
12.366369047619,1.41572963148337,1.34850435716064,1.71975040794948,59.7264196288582
12.3664682539683,1.41560403135101,1.3485315215445,1.71892801322811,59.7273887402449
12.3665674603175,1.41547844609608,1.3485586212224,1.71810601058362,59.7283576985774
12.3666666666667,1.4153528757806,1.34858565620427,1.71728439982235,59.7293265038794
12.3667658730159,1.41522732046665,1.3486126265,1.71646318075065,59.730295156175
12.3668650793651,1.41510178021634,1.34863953211943,1.71564235317502,59.7312636554878
12.3669642857143,1.41497625509184,1.34866637307239,1.71482191690199,59.7322320018418
12.3670634920635,1.41485074515538,1.34869314936865,1.71400187173826,59.7332001952606
12.3671626984127,1.41472525046922,1.34871986101796,1.71318221749053,59.7341682357679
12.3672619047619,1.4145997710957,1.34874650803001,1.71236295396568,59.7351361233874
12.3673611111111,1.41447430709718,1.34877309041448,1.71154408097061,59.7361038581428
12.3674603174603,1.41434885853608,1.348799608181,1.71072559831238,59.7370714400575
12.3675595238095,1.41422342547487,1.34882606133916,1.70990750579806,59.7380388691551
12.3676587301587,1.41409800797607,1.34885244989852,1.70908980323488,59.7390061454592
12.3677579365079,1.41397260610226,1.3488787738686,1.70827249043015,59.7399732689931
12.3678571428571,1.41384721991606,1.34890503325889,1.70745556719122,59.7409402397803
12.3679563492063,1.41372184948013,1.34893122807882,1.70663903332562,59.7419070578442
12.3680555555556,1.4135964948572,1.34895735833782,1.70582288864087,59.742873723208
12.3681547619048,1.41347115611005,1.34898342404525,1.70500713294468,59.743840235895
12.368253968254,1.41334583191937,1.34900942576884,1.70419176601563,59.7448065964912
12.3683531746032,1.41322051744566,1.34903536549709,1.70337678756623,59.7457728070135
12.3684523809524,1.41309521226264,1.34906124343367,1.7025621974114,59.7467388676801
12.3685515873016,1.41296991636773,1.34908705961106,1.70174799537546,59.7477047785369
12.3686507936508,1.41284462975833,1.34911281406167,1.70093418128275,59.7486705396296
12.36875,1.41271935243189,1.34913850681793,1.70012075495771,59.749636151004
12.3688492063492,1.41259408438584,1.34916413791223,1.69930771622477,59.7506016127057
12.3689484126984,1.41246882561768,1.34918970737696,1.69849506490851,59.7515669247804
12.3690476190476,1.41234357612487,1.34921521524448,1.69768280083346,59.7525320872739
12.3691468253968,1.41221833590493,1.34924066154713,1.69687092382428,59.7534971002317
12.369246031746,1.41209310495538,1.34926604631725,1.6960594337057,59.7544619636995
12.3693452380952,1.41196788327376,1.34929136958715,1.69524833030241,59.7554266777229
12.3694444444444,1.41184267085764,1.34931663138912,1.69443761343927,59.7563912423475
12.3695436507937,1.41171746770458,1.34934183175543,1.69362728294109,59.7573556576188
12.3696428571429,1.41159227381218,1.34936697071836,1.69281733863285,59.7583199235824
12.3697420634921,1.41146708917805,1.34939204831014,1.69200778033947,59.7592840402839
12.3698412698413,1.41134191379983,1.349417064563,1.69119860788602,59.7602480077686
12.3699404761905,1.41121674767516,1.34944201950914,1.69038982109755,59.7612118260822
12.3700396825397,1.41109159080171,1.34946691318076,1.68958141979925,59.76217549527
12.3701388888889,1.41096644317715,1.34949174561002,1.68877340381627,59.7631390153776
12.3702380952381,1.41084130479919,1.34951651682909,1.68796577297391,59.7641023864502
12.3703373015873,1.41071617566554,1.34954122687009,1.68715852709744,59.7650656085335
12.3704365079365,1.41059105577396,1.34956587576516,1.68635166601227,59.7660286816727
12.3705357142857,1.41046594512217,1.3495904635464,1.68554518954378,59.7669916059131
12.3706349206349,1.41034084370797,1.34961499024589,1.68473909751747,59.7679543813003
12.3707341269841,1.41021575152913,1.3496394558957,1.6839333897589,59.7689170078793
12.3708333333333,1.41009066858347,1.34966386052788,1.68312806609362,59.7698794856957
12.3709325396825,1.40996559486881,1.34968820417447,1.68232312634731,59.7708418147945
12.3710317460317,1.40984053038298,1.34971248686748,1.68151857034564,59.7718039952212
12.371130952381,1.40971547512387,1.34973670863891,1.68071439791441,59.772766027021
12.3712301587302,1.40959042908932,1.34976086952074,1.67991060887939,59.773727910239
12.3713293650794,1.40946539227726,1.34978496954494,1.6791072030665,59.7746896449205
12.3714285714286,1.40934036468559,1.34980900874346,1.67830418030162,59.7756512311106
12.3715277777778,1.40921534631223,1.34983298714822,1.67750154041078,59.7766126688546
12.371626984127,1.40909033715514,1.34985690479114,1.67669928321998,59.7775739581975
12.3717261904762,1.40896533721229,1.34988076170411,1.67589740855535,59.7785350991844
12.3718253968254,1.40884034648166,1.34990455791901,1.67509591624301,59.7794960918606
12.3719246031746,1.40871536496125,1.3499282934677,1.6742948061092,59.780456936271
12.3720238095238,1.40859039264908,1.34995196838202,1.67349407798015,59.7814176324607
12.372123015873,1.40846542954319,1.3499755826938,1.67269373168219,59.7823781804748
12.3722222222222,1.40834047564164,1.34999913643485,1.67189376704173,59.7833385803582
12.3723214285714,1.40821553094249,1.35002262963695,1.67109418388516,59.784298832156
12.3724206349206,1.40809059544384,1.35004606233188,1.670294982039,59.7852589359132
12.3725198412698,1.40796566914379,1.3500694345514,1.66949616132976,59.7862188916746
12.372619047619,1.40784075204048,1.35009274632725,1.66869772158408,59.7871786994853
12.3727182539683,1.40771584413204,1.35011599769113,1.66789966262857,59.7881383593902
12.3728174603175,1.40759094541664,1.35013918867477,1.66710198428999,59.7890978714341
12.3729166666667,1.40746605589245,1.35016231930984,1.66630468639507,59.7900572356619
12.3730158730159,1.40734117555768,1.35018538962802,1.66550776877067,59.7910164521185
12.3731150793651,1.40721630441054,1.35020839966096,1.66471123124363,59.7919755208487
12.3732142857143,1.40709144244926,1.35023134944028,1.66391507364092,59.7929344418974
12.3733134920635,1.40696658967209,1.35025423899761,1.66311929578951,59.7938932153093
12.3734126984127,1.4068417460773,1.35027706836455,1.66232389751647,59.7948518411292
12.3735119047619,1.40671691166317,1.35029983757268,1.66152887864888,59.7958103194018
12.3736111111111,1.40659208642802,1.35032254665357,1.66073423901392,59.796768650172
12.3737103174603,1.40646727037015,1.35034519563875,1.65993997843881,59.7977268334843
12.3738095238095,1.40634246348791,1.35036778455977,1.6591460967508,59.7986848693836
12.3739087301587,1.40621766577966,1.35039031344813,1.65835259377725,59.7996427579144
12.3740079365079,1.40609287724376,1.35041278233533,1.65755946934551,59.8006004991215
12.3741071428571,1.40596809787862,1.35043519125285,1.65676672328306,59.8015580930494
12.3742063492064,1.40584332768264,1.35045754023214,1.65597435541735,59.8025155397428
12.3743055555556,1.40571856665424,1.35047982930466,1.65518236557598,59.8034728392462
12.3744047619048,1.40559381479188,1.35050205850182,1.65439075358652,59.8044299916043
12.374503968254,1.40546907209402,1.35052422785504,1.65359951927668,59.8053869968615
12.3746031746032,1.40534433855914,1.35054633739571,1.65280866247412,59.8063438550625
12.3747023809524,1.40521961418573,1.3505683871552,1.65201818300668,59.8073005662517
12.3748015873016,1.40509489897231,1.35059037716486,1.65122808070215,59.8082571304736
12.3749007936508,1.40497019291743,1.35061230745603,1.65043835538844,59.8092135477727
12.375,1.40484549601961,1.35063417806005,1.64964900689348,59.8101698181935
12.3750992063492,1.40472080827745,1.3506559890082,1.64886003504528,59.8111259417803
12.3751984126984,1.40459612968952,1.35067774033179,1.64807143967191,59.8120819185776
12.3752976190476,1.40447146025442,1.35069943206207,1.64728322060146,59.8130377486297
12.3753968253968,1.4043467999708,1.35072106423029,1.64649537766213,59.8139934319811
12.375496031746,1.40422214883727,1.35074263686771,1.6457079106821,59.814948968676
12.3755952380952,1.4040975068525,1.35076415000552,1.6449208194897,59.8159043587589
12.3756944444444,1.40397287401517,1.35078560367493,1.64413410391323,59.816859602274
12.3757936507936,1.40384825032397,1.35080699790713,1.64334776378112,59.8178146992655
12.3758928571429,1.40372363577761,1.35082833273328,1.64256179892177,59.8187696497779
12.3759920634921,1.40359903037482,1.35084960818452,1.64177620916374,59.8197244538553
12.3760912698413,1.40347443411434,1.35087082429199,1.64099099433555,59.8206791115419
12.3761904761905,1.40334984699495,1.3508919810868,1.64020615426586,59.8216336228819
12.3762896825397,1.40322526901541,1.35091307860004,1.63942168878329,59.8225879879196
12.3763888888889,1.40310070017454,1.3509341168628,1.63863759771662,59.8235422066991
12.3764880952381,1.40297614047115,1.35095509590613,1.63785388089459,59.8244962792645
12.3765873015873,1.40285158990408,1.35097601576108,1.63707053814607,59.82545020566
12.3766865079365,1.40272704847217,1.35099687645867,1.63628756929998,59.8264039859297
12.3767857142857,1.40260251617431,1.35101767802992,1.63550497418522,59.8273576201176
12.3768849206349,1.40247799300937,1.35103842050581,1.63472275263085,59.8283111082679
12.3769841269841,1.40235347897626,1.35105910391732,1.6339409044659,59.8292644504245
12.3770833333333,1.40222897407392,1.3510797282954,1.63315942951952,59.8302176466315
12.3771825396825,1.40210447830127,1.351100293671,1.63237832762086,59.8311706969329
12.3772817460317,1.40197999165729,1.35112080007504,1.63159759859919,59.8321236013726
12.377380952381,1.40185551414093,1.35114124753841,1.63081724228376,59.8330763599947
12.3774801587302,1.40173104575122,1.35116163609201,1.63003725850396,59.8340289728431
12.3775793650794,1.40160658648714,1.35118196576671,1.62925764708914,59.8349814399617
12.3776785714286,1.40148213634774,1.35120223659336,1.62847840786882,59.8359337613943
12.3777777777778,1.40135769533206,1.35122244860279,1.62769954067245,59.836885937185
12.377876984127,1.40123326343917,1.35124260182583,1.62692104532966,59.8378379673775
12.3779761904762,1.40110884066815,1.35126269629327,1.62614292167002,59.8387898520156
12.3780753968254,1.40098442701811,1.35128273203589,1.62536516952325,59.8397415911433
12.3781746031746,1.40086002248815,1.35130270908447,1.6245877887191,59.8406931848043
12.3782738095238,1.40073562707743,1.35132262746974,1.62381077908733,59.8416446330424
12.378373015873,1.40061124078509,1.35134248722244,1.62303414045782,59.8425959359012
12.3784722222222,1.4004868636103,1.35136228837329,1.62225787266044,59.8435470934247
12.3785714285714,1.40036249555226,1.35138203095297,1.6214819755252,59.8444981056565
12.3786706349206,1.40023813661017,1.35140171499218,1.62070644888207,59.8454489726403
12.3787698412698,1.40011378678327,1.35142134052156,1.61993129256118,59.8463996944197
12.378869047619,1.39998944607078,1.35144090757176,1.6191565063926,59.8473502710385
12.3789682539683,1.39986511447197,1.35146041617342,1.61838209020657,59.8483007025402
12.3790674603175,1.39974079198613,1.35147986635713,1.61760804383329,59.8492509889685
12.3791666666667,1.39961647861254,1.35149925815349,1.61683436710311,59.850201130367
12.3792658730159,1.39949217435053,1.35151859159308,1.61606105984632,59.8511511267793
12.3793650793651,1.39936787919942,1.35153786670645,1.6152881218934,59.8521009782489
12.3794642857143,1.39924359315856,1.35155708352414,1.61451555307476,59.8530506848193
12.3795634920635,1.39911931622731,1.35157624207667,1.61374335322094,59.8540002465341
12.3796626984127,1.39899504840508,1.35159534239455,1.61297152216255,59.8549496634368
12.3797619047619,1.39887078969125,1.35161438450827,1.61220005973018,59.8558989355708
12.3798611111111,1.39874654008526,1.35163336844829,1.61142896575457,59.8568480629796
12.3799603174603,1.39862229958652,1.35165229424507,1.61065824006641,59.8577970457066
12.3800595238095,1.39849806819451,1.35167116192904,1.60988788249657,59.8587458837952
12.3801587301587,1.3983738459087,1.35168997153063,1.60911789287584,59.8596945772889
12.3802579365079,1.39824963272857,1.35170872308022,1.60834827103519,59.860643126231
12.3803571428571,1.39812542865363,1.35172741660822,1.60757901680555,59.8615915306648
12.3804563492063,1.39800123368343,1.35174605214497,1.606810130018,59.8625397906337
12.3805555555556,1.39787704781748,1.35176462972084,1.60604161050356,59.8634879061811
12.3806547619048,1.39775287105537,1.35178314936614,1.60527345809343,59.8644358773501
12.380753968254,1.39762870339667,1.3518016111112,1.60450567261875,59.8653837041841
12.3808531746032,1.39750454484098,1.35182001498631,1.60373825391083,59.8663313867263
12.3809523809524,1.3973803953879,1.35183836102175,1.60297120180092,59.8672789250199
12.3810515873016,1.39725625503708,1.35185664924778,1.60220451612041,59.8682263191083
12.3811507936508,1.39713212378818,1.35187487969465,1.60143819670075,59.8691735690344
12.38125,1.39700800164084,1.35189305239258,1.60067224337336,59.8701206748416
12.3813492063492,1.39688388859477,1.35191116737178,1.59990665596982,59.8710676365729
12.3814484126984,1.39675978464966,1.35192922466245,1.59914143432168,59.8720144542716
12.3815476190476,1.39663568980525,1.35194722429475,1.59837657826062,59.8729611279807
12.3816468253968,1.39651160406126,1.35196516629885,1.5976120876183,59.8739076577432
12.381746031746,1.39638752741745,1.35198305070489,1.59684796222653,59.8748540436023
12.3818452380952,1.39626345987361,1.35200087754298,1.59608420191706,59.8758002856011
12.3819444444444,1.39613940142951,1.35201864684324,1.59532080652181,59.8767463837825
12.3820436507937,1.39601535208498,1.35203635863575,1.59455777587266,59.8776923381895
12.3821428571429,1.39589131183985,1.35205401295058,1.59379510980164,59.8786381488652
12.3822420634921,1.39576728069394,1.35207160981779,1.59303280814074,59.8795838158524
12.3823412698413,1.39564325864714,1.35208914926741,1.59227087072209,59.8805293391943
12.3824404761905,1.39551924569933,1.35210663132945,1.5915092973778,59.8814747189336
12.3825396825397,1.39539524185039,1.35212405603393,1.5907480879401,59.8824199551133
12.3826388888889,1.39527124710025,1.35214142341082,1.58998724224127,59.8833650477762
12.3827380952381,1.39514726144884,1.35215873349009,1.58922676011357,59.8843099969653
12.3828373015873,1.39502328489613,1.35217598630169,1.58846664138944,59.8852548027234
12.3829365079365,1.39489931744206,1.35219318187555,1.58770688590125,59.8861994650933
12.3830357142857,1.39477535908664,1.35221032024158,1.58694749348152,59.8871439841177
12.3831349206349,1.39465140982987,1.35222740142969,1.58618846396277,59.8880883598396
12.3832341269841,1.39452746967177,1.35224442546974,1.58542979717763,59.8890325923016
12.3833333333333,1.39440353861238,1.3522613923916,1.5846714929587,59.8899766815466
12.3834325396825,1.39427961665176,1.35227830222513,1.58391355113874,59.8909206276171
12.3835317460317,1.39415570378999,1.35229515500013,1.58315597155048,59.891864430556
12.383630952381,1.39403180002717,1.35231195074643,1.58239875402677,59.8928080904059
12.3837301587302,1.3939079053634,1.35232868949382,1.58164189840046,59.8937516072095
12.3838293650794,1.39378401979881,1.35234537127206,1.58088540450451,59.8946949810094
12.3839285714286,1.39366014333355,1.35236199611093,1.58012927217187,59.8956382118482
12.3840277777778,1.39353627596779,1.35237856404015,1.57937350123561,59.8965812997686
12.384126984127,1.39341241770171,1.35239507508946,1.57861809152886,59.8975242448131
12.3842261904762,1.39328856853551,1.35241152928855,1.57786304288472,59.8984670470243
12.3843253968254,1.39316472846941,1.35242792666712,1.57710835513646,59.8994097064446
12.3844246031746,1.39304089750363,1.35244426725483,1.57635402811729,59.9003522231168
12.3845238095238,1.39291707563845,1.35246055108135,1.57560006166059,59.9012945970831
12.384623015873,1.39279326287413,1.3524767781763,1.5748464555997,59.9022368283862
12.3847222222222,1.39266945921096,1.3524929485693,1.5740932097681,59.9031789170685
12.3848214285714,1.39254566464924,1.35250906228996,1.57334032399923,59.9041208631724
12.3849206349206,1.3924218791893,1.35252511936786,1.57258779812669,59.9050626667403
12.3850198412698,1.39229810283148,1.35254111983257,1.57183563198405,59.9060043278147
12.385119047619,1.39217433557615,1.35255706371363,1.571083825405,59.9069458464378
12.3852182539683,1.39205057742367,1.35257295104058,1.57033237822323,59.9078872226522
12.3853174603175,1.39192682837446,1.35258878184293,1.56958129027254,59.9088284565
12.3854166666667,1.3918030884289,1.35260455615018,1.56883056138673,59.9097695480237
12.3855158730159,1.39167935758745,1.35262027399181,1.56808019139971,59.9107104972656
12.3856150793651,1.39155563585056,1.35263593539728,1.56733018014543,59.9116513042678
12.3857142857143,1.39143192321867,1.35265154039603,1.56658052745785,59.9125919690726
12.3858134920635,1.39130821969229,1.3526670890175,1.56583123317107,59.9135324917224
12.3859126984127,1.39118452527191,1.35268258129109,1.56508229711915,59.9144728722593
12.3860119047619,1.39106083995805,1.3526980172462,1.56433371913631,59.9154131107254
12.3861111111111,1.39093716375124,1.35271339691219,1.56358549905672,59.9163532071631
12.3862103174603,1.39081349665206,1.35272872031844,1.56283763671471,59.9172931616143
12.3863095238095,1.39068983866106,1.35274398749428,1.56209013194457,59.9182329741214
12.3864087301587,1.39056618977883,1.35275919846903,1.56134298458072,59.9191726447263
12.3865079365079,1.390442550006,1.352774353272,1.56059619445758,59.9201121734712
12.3866071428571,1.39031891934317,1.35278945193247,1.55984976140968,59.9210515603981
12.3867063492063,1.390195297791,1.35280449447973,1.55910368527155,59.9219908055492
12.3868055555556,1.39007168535015,1.35281948094302,1.55835796587783,59.9229299089664
12.3869047619048,1.3899480820213,1.35283441135157,1.55761260306317,59.9238688706917
12.387003968254,1.38982448780513,1.35284928573462,1.5568675966623,59.9248076907672
12.3871031746032,1.38970090270238,1.35286410412135,1.55612294651003,59.9257463692348
12.3872023809524,1.38957732671377,1.35287886654096,1.55537865244116,59.9266849061364
12.3873015873016,1.38945375984005,1.35289357302261,1.55463471429062,59.927623301514
12.3874007936508,1.38933020208199,1.35290822359545,1.55389113189332,59.9285615554096
12.3875,1.38920665344037,1.35292281828861,1.55314790508432,59.9294996678649
12.3875992063492,1.389083113916,1.35293735713121,1.55240503369862,59.9304376389219
12.3876984126984,1.3889595835097,1.35295184015235,1.5516625175714,59.9313754686224
12.3877976190476,1.38883606222231,1.35296626738109,1.55092035653778,59.9323131570083
12.3878968253968,1.38871255005468,1.35298063884652,1.55017855043303,59.9332507041213
12.387996031746,1.38858904700769,1.35299495457767,1.54943709909242,59.9341881100033
12.3880952380952,1.38846555308224,1.35300921460357,1.5486960023513,59.9351253746959
12.3881944444444,1.38834206827922,1.35302341895323,1.54795526004506,59.9360624982411
12.3882936507936,1.38821859259957,1.35303756765564,1.54721487200917,59.9369994806804
12.3883928571429,1.38809512604423,1.35305166073978,1.54647483807911,59.9379363220556
12.3884920634921,1.38797166861417,1.35306569823461,1.54573515809048,59.9388730224084
12.3885912698413,1.38784822031037,1.35307968016907,1.5449958318789,59.9398095817805
12.3886904761905,1.38772478113383,1.35309360657208,1.54425685928003,59.9407460002134
12.3887896825397,1.38760135108555,1.35310747747256,1.54351824012964,59.9416822777489
12.3888888888889,1.38747793016658,1.35312129289938,1.54277997426347,59.9426184144285
12.3889880952381,1.38735451837797,1.35313505288141,1.54204206151741,59.9435544102938
12.3890873015873,1.38723111572078,1.35314875744753,1.54130450172734,59.9444902653865
12.3891865079365,1.38710772219611,1.35316240662655,1.54056729472924,59.9454259797479
12.3892857142857,1.38698433780506,1.3531760004473,1.5398304403591,59.9463615534197
12.3893849206349,1.38686096254875,1.35318953893858,1.53909393845302,59.9472969864433
12.3894841269841,1.38673759642831,1.35320302212918,1.53835778884709,59.9482322788603
12.3895833333333,1.38661423944492,1.35321645004786,1.53762199137754,59.9491674307121
12.3896825396825,1.38649089159974,1.35322982272338,1.53688654588057,59.9501024420402
12.3897817460317,1.38636755289397,1.35324314018446,1.53615145219251,59.9510373128859
12.389880952381,1.38624422332882,1.35325640245982,1.53541671014967,59.9519720432907
12.3899801587302,1.38612090290552,1.35326960957817,1.53468231958848,59.952906633296
12.3900793650794,1.38599759162531,1.35328276156817,1.53394828034543,59.9538410829431
12.3901785714286,1.38587428948946,1.35329585845849,1.53321459225699,59.9547753922733
12.3902777777778,1.38575099649926,1.35330890027778,1.53248125515978,59.9557095613281
12.390376984127,1.38562771265599,1.35332188705466,1.5317482688904,59.9566435901486
12.3904761904762,1.38550443796099,1.35333481881775,1.53101563328556,59.9575774787762
12.3905753968254,1.38538117241557,1.35334769559564,1.53028334818198,59.9585112272521
12.3906746031746,1.38525791602111,1.35336051741691,1.5295514134165,59.9594448356176
12.3907738095238,1.38513466877896,1.35337328431011,1.52881982882592,59.9603783039139
12.390873015873,1.38501143069052,1.35338599630379,1.52808859424721,59.9613116321822
12.3909722222222,1.38488820175719,1.35339865342647,1.52735770951729,59.9622448204637
12.3910714285714,1.3847649819804,1.35341125570666,1.52662717447323,59.9631778687995
12.3911706349206,1.38464177136159,1.35342380317284,1.52589698895206,59.9641107772308
12.3912698412698,1.38451856990221,1.35343629585349,1.52516715279096,59.9650435457986
12.391369047619,1.38439537760375,1.35344873377706,1.52443766582709,59.9659761745441
12.3914682539683,1.3842721944677,1.35346111697199,1.52370852789771,59.9669086635085
12.3915674603175,1.38414902049557,1.3534734454667,1.52297973884015,59.9678410127326
12.3916666666667,1.38402585568889,1.35348571928959,1.52225129849173,59.9687732222576
12.3917658730159,1.38390270004922,1.35349793846905,1.5215232066899,59.9697052921245
12.3918650793651,1.38377955357811,1.35351010303344,1.52079546327209,59.9706372223742
12.3919642857143,1.38365641627715,1.35352221301111,1.52006806807589,59.9715690130478
12.3920634920635,1.38353328814794,1.35353426843041,1.51934102093882,59.9725006641863
12.3921626984127,1.3834101691921,1.35354626931963,1.51861432169858,59.9734321758304
12.3922619047619,1.38328705941127,1.35355821570709,1.51788797019281,59.9743635480213
12.3923611111111,1.3831639588071,1.35357010762106,1.51716196625931,59.9752947807996
12.3924603174603,1.38304086738126,1.3535819450898,1.51643630973585,59.9762258742064
12.3925595238095,1.38291778513545,1.35359372814156,1.51571100046034,59.9771568282825
12.3926587301587,1.38279471207137,1.35360545680457,1.51498603827065,59.9780876430688
12.3927579365079,1.38267164819074,1.35361713110704,1.51426142300481,59.9790183186059
12.3928571428571,1.38254859349531,1.35362875107717,1.5135371545008,59.9799488549348
12.3929563492064,1.38242554798684,1.35364031674312,1.51281323259673,59.9808792520962
12.3930555555556,1.38230251166712,1.35365182813307,1.51208965713078,59.9818095101309
12.3931547619048,1.38217948453792,1.35366328527515,1.51136642794109,59.9827396290795
12.393253968254,1.38205646660108,1.35367468819748,1.51064354486597,59.9836696089829
12.3933531746032,1.38193345785842,1.35368603692818,1.5099210077437,59.9845994498816
12.3934523809524,1.38181045831179,1.35369733149532,1.50919881641267,59.9855291518164
12.3935515873016,1.38168746796305,1.353708571927,1.50847697071128,59.9864587148279
12.3936507936508,1.3815644868141,1.35371975825125,1.50775547047805,59.9873881389568
12.39375,1.38144151486683,1.35373089049612,1.50703431555147,59.9883174242436
12.3938492063492,1.38131855212317,1.35374196868962,1.50631350577018,59.989246570729
12.3939484126984,1.38119559858505,1.35375299285976,1.50559304097279,59.9901755784535
12.3940476190476,1.38107265425443,1.35376396303453,1.50487292099803,59.9911044474577
12.3941468253968,1.38094971913328,1.35377487924189,1.50415314568465,59.9920331777821
12.394246031746,1.3808267932236,1.3537857415098,1.50343371487148,59.9929617694672
12.3943452380952,1.38070387652739,1.35379654986618,1.50271462839738,59.9938902225535
12.3944444444444,1.38058096904668,1.35380730433895,1.50199588610127,59.9948185370815
12.3945436507937,1.38045807078352,1.35381800495602,1.50127748782218,59.9957467130916
12.3946428571429,1.38033518173996,1.35382865174525,1.5005594333991,59.9966747506242
12.3947420634921,1.38021230191809,1.35383924473452,1.49984172267118,59.9976026497198
12.3948412698413,1.38008943132,1.35384978395167,1.49912435547751,59.9985304104188
12.3949404761905,1.37996656994782,1.35386026942454,1.49840733165736,59.9994580327614
12.3950396825397,1.37984371780366,1.35387070118092,1.49769065104996,60.0003855167881
12.3951388888889,1.37972087488969,1.35388107924862,1.49697431349465,60.0013128625392
12.3952380952381,1.37959804120807,1.35389140365542,1.49625831883079,60.002240070055
12.3953373015873,1.379475216761,1.35390167442906,1.49554266689784,60.0031671393757
12.3954365079365,1.37935240155066,1.3539118915973,1.49482735753525,60.0040940705418
12.3955357142857,1.37922959557929,1.35392205518786,1.49411239058262,60.0050208635932
12.3956349206349,1.37910679884913,1.35393216522845,1.4933977658795,60.0059475185705
12.3957341269841,1.37898401136242,1.35394222174675,1.49268348326559,60.0068740355136
12.3958333333333,1.37886123312146,1.35395222477045,1.49196954258056,60.0078004144628
12.3959325396825,1.37873846412852,1.35396217432718,1.49125594366422,60.0087266554583
12.3960317460317,1.37861570438592,1.3539720704446,1.49054268635639,60.0096527585402
12.396130952381,1.37849295389599,1.35398191315032,1.48982977049693,60.0105787237487
12.3962301587302,1.37837021266107,1.35399170247195,1.48911719592582,60.0115045511238
12.3963293650794,1.37824748068353,1.35400143843707,1.488404962483,60.0124302407056
12.3964285714286,1.37812475796575,1.35401112107324,1.48769307000857,60.0133557925342
12.3965277777778,1.37800204451013,1.35402075040803,1.48698151834259,60.0142812066496
12.396626984127,1.37787934031908,1.35403032646896,1.48627030732528,60.0152064830919
12.3967261904762,1.37775664539504,1.35403984928355,1.48555943679679,60.016131621901
12.3968253968254,1.37763395974047,1.3540493188793,1.48484890659747,60.0170566231169
12.3969246031746,1.37751128335782,1.35405873528369,1.48413871656758,60.0179814867797
12.3970238095238,1.3773886162496,1.35406809852418,1.48342886654756,60.0189062129292
12.397123015873,1.3772659584183,1.35407740862822,1.48271935637781,60.0198308016053
12.3972222222222,1.37714330986645,1.35408666562325,1.48201018589887,60.020755252848
12.3973214285714,1.37702067059658,1.35409586953666,1.48130135495126,60.0216795666971
12.3974206349206,1.37689804061126,1.35410502039587,1.48059286337561,60.0226037431926
12.3975198412698,1.37677541991308,1.35411411822823,1.4798847110126,60.0235277823741
12.397619047619,1.3766528085046,1.35412316306112,1.47917689770291,60.0244516842817
12.3977182539683,1.37653020638846,1.35413215492188,1.47846942328737,60.0253754489549
12.3978174603175,1.37640761356728,1.35414109383782,1.47776228760678,60.0262990764337
12.3979166666667,1.3762850300437,1.35414997983627,1.47705549050205,60.0272225667578
12.3980158730159,1.3761624558204,1.3541588129445,1.4763490318141,60.0281459199669
12.3981150793651,1.37603989090005,1.35416759318979,1.47564291138398,60.0290691361008
12.3982142857143,1.37591733528536,1.35417632059941,1.47493712905269,60.0299922151991
12.3983134920635,1.37579478897904,1.35418499520057,1.47423168466141,60.0309151573015
12.3984126984127,1.37567225198383,1.35419361702052,1.47352657805125,60.0318379624477
12.3985119047619,1.37554972430248,1.35420218608644,1.47282180906349,60.0327606306773
12.3986111111111,1.37542720593777,1.35421070242553,1.47211737753937,60.03368316203
12.3987103174603,1.37530469689249,1.35421916606495,1.47141328332027,60.0346055565452
12.3988095238095,1.37518219716943,1.35422757703186,1.47070952624754,60.0355278142627
12.3989087301587,1.37505970677143,1.35423593535338,1.47000610616266,60.036449935222
12.3990079365079,1.37493722570133,1.35424424105664,1.46930302290715,60.0373719194624
12.3991071428571,1.37481475396198,1.35425249416874,1.46860027632254,60.0382937670238
12.3992063492063,1.37469229155628,1.35426069471675,1.46789786625049,60.0392154779454
12.3993055555556,1.3745698384871,1.35426884272775,1.46719579253263,60.0401370522667
12.3994047619048,1.37444739475737,1.35427693822877,1.46649405501074,60.0410584900273
12.399503968254,1.37432496037001,1.35428498124685,1.46579265352656,60.0419797912666
12.3996031746032,1.37420253532798,1.354292971809,1.46509158792197,60.0429009560239
12.3997023809524,1.37408011963424,1.35430090994222,1.46439085803884,60.0438219843387
12.3998015873016,1.37395771329177,1.35430879567347,1.46369046371917,60.0447428762503
12.3999007936508,1.37383531630358,1.35431662902973,1.46299040480492,60.0456636317982
12.4,1.37371292867269,1.35432441003794,1.4622906811382,60.0465842510215
12.4000992063492,1.37359055040213,1.35433213872501,1.46159129256111,60.0475047339597
12.4001984126984,1.37346818149497,1.35433981511786,1.46089223891584,60.0484250806519
12.4002976190476,1.37334582195426,1.35434743924338,1.46019352004462,60.0493452911376
12.4003968253968,1.3732234717831,1.35435501112845,1.45949513578973,60.050265365456
12.400496031746,1.37310113098461,1.35436253079991,1.45879708599356,60.0511853036461
12.4005952380952,1.3729787995619,1.35436999828461,1.45809937049847,60.0521051057474
12.4006944444444,1.37285647751813,1.35437741360937,1.45740198914696,60.053024771799
12.4007936507937,1.37273416485645,1.35438477680099,1.45670494178151,60.05394430184
12.4008928571429,1.37261186158004,1.35439208788625,1.45600822824472,60.0548636959095
12.4009920634921,1.3724895676921,1.35439934689193,1.45531184837919,60.0557829540468
12.4010912698413,1.37236728319584,1.35440655384478,1.45461580202764,60.0567020762909
12.4011904761905,1.37224500809449,1.35441370877154,1.45392008903277,60.057621062681
12.4012896825397,1.37212274239132,1.35442081169891,1.45322470923741,60.058539913256
12.4013888888889,1.37200048608957,1.3544278626536,1.45252966248439,60.059458628055
12.4014880952381,1.37187823919255,1.3544348616623,1.45183494861665,60.0603772071171
12.4015873015873,1.37175600170355,1.35444180875166,1.45114056747712,60.0612956504813
12.4016865079365,1.37163377362589,1.35444870394833,1.45044651890884,60.0622139581865
12.4017857142857,1.37151155496292,1.35445554727895,1.44975280275488,60.0631321302718
12.4018849206349,1.37138934571798,1.35446233877012,1.44905941885836,60.064050166776
12.4019841269841,1.37126714589446,1.35446907844844,1.44836636706251,60.064968067738
12.4020833333333,1.37114495549574,1.35447576634049,1.44767364721053,60.0658858331969
12.4021825396825,1.37102277452524,1.35448240247283,1.44698125914576,60.0668034631914
12.4022817460317,1.37090060298638,1.354488986872,1.44628920271151,60.0677209577605
12.402380952381,1.37077844088261,1.35449551956453,1.44559747775124,60.068638316943
12.4024801587302,1.37065628821738,1.35450200057693,1.44490608410839,60.0695555407777
12.4025793650794,1.3705341449942,1.35450842993569,1.44421502162651,60.0704726293034
12.4026785714286,1.37041201121654,1.35451480766727,1.44352429014914,60.0713895825589
12.4027777777778,1.37028988688792,1.35452113379815,1.44283388951997,60.0723064005829
12.402876984127,1.37016777201189,1.35452740835474,1.44214381958264,60.0732230834143
12.4029761904762,1.37004566659199,1.35453363136349,1.44145408018095,60.0741396310916
12.4030753968254,1.36992357063178,1.35453980285079,1.44076467115866,60.0750560436537
12.4031746031746,1.36980148413487,1.35454592284303,1.44007559235967,60.0759723211392
12.4032738095238,1.36967940710485,1.35455199136657,1.43938684362787,60.0768884635868
12.403373015873,1.36955733954534,1.35455800844777,1.43869842480723,60.0778044710351
12.4034722222222,1.36943528145999,1.35456397411297,1.43801033574182,60.0787203435227
12.4035714285714,1.36931323285244,1.35456988838848,1.43732257627568,60.0796360810883
12.4036706349206,1.3691911937264,1.3545757513006,1.43663514625299,60.0805516837703
12.4037698412698,1.36906916408553,1.35458156287561,1.43594804551791,60.0814671516075
12.403869047619,1.36894714393355,1.35458732313979,1.43526127391472,60.0823824846382
12.4039682539683,1.3688251332742,1.35459303211937,1.43457483128772,60.0832976829011
12.4040674603175,1.36870313211121,1.35459868984058,1.43388871748128,60.0842127464346
12.4041666666667,1.36858114044836,1.35460429632965,1.43320293233981,60.0851276752772
12.4042658730159,1.36845915828943,1.35460985161276,1.43251747570782,60.0860424694674
12.4043650793651,1.3683371856382,1.35461535571609,1.43183234742979,60.0869571290436
12.4044642857143,1.36821522249852,1.35462080866581,1.43114754735037,60.0878716540442
12.4045634920635,1.3680932688742,1.35462621048806,1.43046307531416,60.0887860445076
12.4046626984127,1.3679713247691,1.35463156120896,1.42977893116589,60.0897003004722
12.4047619047619,1.36784939018709,1.35463686085462,1.42909511475029,60.0906144219764
12.4048611111111,1.36772746513206,1.35464210945114,1.4284116259122,60.0915284090585
12.4049603174603,1.36760554960792,1.35464730702458,1.42772846449649,60.0924422617567
12.4050595238095,1.36748364361858,1.35465245360101,1.42704563034807,60.0933559801095
12.4051587301587,1.367361747168,1.35465754920646,1.42636312331195,60.094269564155
12.4052579365079,1.36723986026013,1.35466259386696,1.42568094323312,60.0951830139316
12.4053571428571,1.36711798289895,1.35466758760851,1.42499908995673,60.0960963294774
12.4054563492064,1.36699611508845,1.35467253045709,1.42431756332788,60.0970095108308
12.4055555555556,1.36687425683265,1.35467742243868,1.42363636319182,60.0979225580298
12.4056547619048,1.36675240813557,1.35468226357923,1.42295548939378,60.0988354711126
12.405753968254,1.36663056900126,1.35468705390467,1.42227494177911,60.0997482501175
12.4058531746032,1.3665087394338,1.35469179344093,1.42159472019314,60.1006608950825
12.4059523809524,1.36638691943726,1.35469648221389,1.42091482448135,60.1015734060457
12.4060515873016,1.36626510901574,1.35470112024945,1.42023525448918,60.1024857830453
12.4061507936508,1.36614330817337,1.35470570757347,1.41955601006222,60.1033980261193
12.40625,1.36602151691427,1.3547102442118,1.41887709104603,60.1043101353058
12.4063492063492,1.36589973524261,1.35471473019027,1.41819849728627,60.1052221106428
12.4064484126984,1.36577796316256,1.35471916553468,1.41752022862868,60.1061339521682
12.4065476190476,1.3656562006783,1.35472355027085,1.416842284919,60.1070456599202
12.4066468253968,1.36553444779404,1.35472788442454,1.41616466600307,60.1079572339367
12.406746031746,1.36541270451402,1.35473216802152,1.41548737172674,60.1088686742556
12.4068452380952,1.36529097084247,1.35473640108753,1.41481040193599,60.1097799809148
12.4069444444444,1.36516924678364,1.35474058364829,1.41413375647676,60.1106911539523
12.4070436507936,1.36504753234184,1.35474471572953,1.41345743519515,60.111602193406
12.4071428571429,1.36492582752134,1.35474879735692,1.41278143793721,60.1125130993136
12.4072420634921,1.36480413232646,1.35475282855614,1.41210576454914,60.1134238717132
12.4073412698413,1.36468244676153,1.35475680935286,1.41143041487713,60.1143345106424
12.4074404761905,1.36456077083091,1.3547607397727,1.41075538876748,60.1152450161392
12.4075396825397,1.36443910453896,1.3547646198413,1.41008068606648,60.1161553882412
12.4076388888889,1.36431744789006,1.35476844958425,1.40940630662055,60.1170656269863
12.4077380952381,1.36419580088862,1.35477222902714,1.40873225027609,60.1179757324123
12.4078373015873,1.36407416353905,1.35477595819555,1.40805851687962,60.1188857045568
12.4079365079365,1.36395253584581,1.35477963711502,1.40738510627771,60.1197955434575
12.4080357142857,1.36383091781333,1.35478326581109,1.40671201831692,60.1207052491521
12.4081349206349,1.36370930944611,1.35478684430929,1.40603925284396,60.1216148216783
12.4082341269841,1.36358771074861,1.3547903726351,1.40536680970552,60.1225242610738
12.4083333333333,1.36346612172537,1.35479385081402,1.4046946887484,60.1234335673762
12.4084325396825,1.36334454238089,1.3547972788715,1.40402288981939,60.124342740623
12.4085317460317,1.36322297271973,1.354800656833,1.40335141276543,60.1252517808519
12.408630952381,1.36310141274645,1.35480398472395,1.40268025743342,60.1261606881005
12.4087301587302,1.36297986246563,1.35480726256976,1.4020094236704,60.1270694624062
12.4088293650794,1.36285832188187,1.35481049039583,1.40133891132338,60.1279781038066
12.4089285714286,1.36273679099978,1.35481366822754,1.40066872023952,60.1288866123391
12.4090277777778,1.36261526982399,1.35481679609025,1.39999885026594,60.1297949880414
12.409126984127,1.36249375835916,1.35481987400929,1.39932930124991,60.1307032309508
12.4092261904762,1.36237225660995,1.35482290201001,1.39866007303867,60.1316113411048
12.4093253968254,1.36225076458105,1.35482588011771,1.39799116547958,60.1325193185408
12.4094246031746,1.36212928227718,1.35482880835767,1.39732257842004,60.1334271632963
12.4095238095238,1.36200780970303,1.35483168675518,1.39665431170746,60.1343348754085
12.409623015873,1.36188634686336,1.3548345153355,1.3959863651894,60.1352424549148
12.4097222222222,1.36176489376293,1.35483729412385,1.39531873871336,60.1361499018527
12.4098214285714,1.3616434504065,1.35484002314548,1.39465143212701,60.1370572162594
12.4099206349206,1.36152201679888,1.35484270242557,1.39398444527798,60.1379643981722
12.4100198412698,1.36140059294486,1.35484533198932,1.39331777801403,60.1388714476284
12.410119047619,1.36127917884929,1.3548479118619,1.39265143018291,60.1397783646653
12.4102182539683,1.361157774517,1.35485044206846,1.39198540163251,60.14068514932
12.4103174603175,1.36103637995286,1.35485292263413,1.39131969221067,60.1415918016299
12.4104166666667,1.36091499516175,1.35485535358405,1.39065430176539,60.1424983216321
12.4105158730159,1.36079362014857,1.35485773494329,1.38998923014465,60.1434047093638
12.4106150793651,1.36067225491824,1.35486006673696,1.38932447719653,60.1443109648622
12.4107142857143,1.36055089947568,1.35486234899011,1.38866004276913,60.1452170881643
12.4108134920635,1.36042955382586,1.3548645817278,1.38799592671064,60.1461230793074
12.4109126984127,1.36030821797374,1.35486676497505,1.38733212886932,60.1470289383284
12.4110119047619,1.36018689192432,1.35486889875689,1.38666864909341,60.1479346652646
12.4111111111111,1.36006557568259,1.3548709830983,1.38600548723129,60.1488402601529
12.4112103174603,1.35994426925358,1.35487301802426,1.38534264313134,60.1497457230303
12.4113095238095,1.35982297264233,1.35487500355975,1.38468011664203,60.150651053934
12.4114087301587,1.35970168585389,1.35487693972969,1.38401790761186,60.1515562529008
12.4115079365079,1.35958040889336,1.35487882655903,1.38335601588943,60.1524613199679
12.4116071428571,1.35945914176581,1.35488066407266,1.38269444132332,60.153366255172
12.4117063492063,1.35933788447637,1.35488245229548,1.38203318376225,60.1542710585502
12.4118055555556,1.35921663703015,1.35488419125237,1.38137224305492,60.1551757301394
12.4119047619048,1.35909539943232,1.35488588096819,1.38071161905017,60.1560802699764
12.412003968254,1.35897417168802,1.35488752146777,1.3800513115968,60.1569846780982
12.4121031746032,1.35885295380246,1.35488911277593,1.37939132054376,60.1578889545416
12.4122023809524,1.35873174578081,1.35489065491749,1.37873164573997,60.1587930993434
12.4123015873016,1.35861054762831,1.35489214791723,1.37807228703447,60.1596971125405
12.4124007936508,1.3584893593502,1.35489359179992,1.37741324427634,60.1606009941695
12.4125,1.35836818095172,1.35489498659031,1.37675451731469,60.1615047442674
12.4125992063492,1.35824701243814,1.35489633231315,1.37609610599874,60.1624083628709
12.4126984126984,1.35812585381476,1.35489762899314,1.37543801017768,60.1633118500166
12.4127976190476,1.35800470508688,1.354898876655,1.37478022970085,60.1642152057413
12.4128968253968,1.35788356625983,1.3549000753234,1.37412276441758,60.1651184300818
12.412996031746,1.35776243733894,1.35490122502301,1.3734656141773,60.1660215230746
12.4130952380952,1.35764131832959,1.35490232577848,1.37280877882945,60.1669244847564
12.4131944444444,1.35752020923714,1.35490337761444,1.37215225822358,60.1678273151639
12.4132936507937,1.35739911006699,1.3549043805555,1.37149605220924,60.1687300143336
12.4133928571429,1.35727802082456,1.35490533462627,1.37084016063609,60.1696325823022
12.4134920634921,1.35715694151527,1.35490623985133,1.3701845833538,60.1705350191062
12.4135912698413,1.35703587214458,1.35490709625522,1.36952932021213,60.1714373247821
12.4136904761905,1.35691481271794,1.35490790386251,1.36887437106086,60.1723394993666
12.4137896825397,1.35679376324086,1.35490866269771,1.36821973574987,60.1732415428961
12.4138888888889,1.35667272371882,1.35490937278535,1.36756541412908,60.174143455407
12.4139880952381,1.35655169415735,1.3549100341499,1.36691140604843,60.1750452369359
12.4140873015873,1.35643067456198,1.35491064681584,1.36625771135798,60.1759468875192
12.4141865079365,1.35630966493828,1.35491121080764,1.36560432990778,60.1768484071934
12.4142857142857,1.3561886652918,1.35491172614973,1.364951261548,60.1777497959947
12.4143849206349,1.35606767562815,1.35491219286654,1.3642985061288,60.1786510539598
12.4144841269841,1.35594669595293,1.35491261098248,1.36364606350047,60.1795521811248
12.4145833333333,1.35582572627176,1.35491298052192,1.36299393351327,60.1804531775261
12.4146825396825,1.3557047665903,1.35491330150925,1.36234211601761,60.1813540432001
12.4147817460317,1.3555838169142,1.35491357396881,1.36169061086387,60.1822547781832
12.414880952381,1.35546287724914,1.35491379792494,1.36103941790256,60.1831553825114
12.4149801587302,1.35534194760082,1.35491397340197,1.36038853698417,60.1840558562212
12.4150793650794,1.35522102797495,1.35491410042419,1.35973796795933,60.1849561993487
12.4151785714286,1.35510011837727,1.35491417901588,1.35908771067864,60.1858564119302
12.4152777777778,1.35497921881352,1.35491420920132,1.35843776499281,60.186756494002
12.415376984127,1.35485832928948,1.35491419100476,1.35778813075263,60.1876564456001
12.4154761904762,1.35473744981092,1.35491412445041,1.35713880780887,60.1885562667607
12.4155753968254,1.35461658038366,1.35491400956251,1.35648979601242,60.18945595752
12.4156746031746,1.35449572101351,1.35491384636525,1.35584109521418,60.1903555179142
12.4157738095238,1.35437487170632,1.3549136348828,1.35519270526516,60.1912549479792
12.415873015873,1.35425403246793,1.35491337513933,1.35454462601637,60.1921542477513
12.4159722222222,1.35413320330423,1.35491306715899,1.35389685731891,60.1930534172664
12.4160714285714,1.3540123842211,1.3549127109659,1.35324939902392,60.1939524565606
12.4161706349206,1.35389157522445,1.35491230658418,1.35260225098262,60.1948513656699
12.4162698412698,1.35377077632022,1.35491185403791,1.35195541304624,60.1957501446303
12.416369047619,1.35364998751434,1.35491135335117,1.35130888506614,60.1966487934778
12.4164682539683,1.35352920881279,1.35491080454803,1.35066266689364,60.1975473122484
12.4165674603175,1.35340844022153,1.35491020765251,1.35001675838021,60.198445700978
12.4166666666667,1.35328768174657,1.35490956268865,1.34937115937729,60.1993439597025
12.4167658730159,1.35316693339393,1.35490886968045,1.34872586973645,60.2002420884578
12.4168650793651,1.35304619516964,1.3549081286519,1.3480808893093,60.2011400872798
12.4169642857143,1.35292546707975,1.35490733962698,1.34743621794745,60.2020379562044
12.4170634920635,1.35280474913033,1.35490650262962,1.34679185550264,60.2029356952673
12.4171626984127,1.35268404132746,1.35490561768378,1.34614780182661,60.2038333045045
12.4172619047619,1.35256334367726,1.35490468481337,1.34550405677121,60.2047307839517
12.4173611111111,1.35244265618583,1.3549037040423,1.34486062018828,60.2056281336446
12.4174603174603,1.35232197885934,1.35490267539444,1.34421749192978,60.2065253536191
12.4175595238095,1.35220131170392,1.35490159889367,1.34357467184768,60.2074224439109
12.4176587301587,1.35208065472577,1.35490047456383,1.34293215979404,60.2083194045557
12.4177579365079,1.35196000793106,1.35489930242876,1.34228995562093,60.2092162355892
12.4178571428571,1.35183937132602,1.35489808251227,1.34164805918054,60.2101129370471
12.4179563492063,1.35171874491687,1.35489681483816,1.34100647032506,60.2110095089649
12.4180555555556,1.35159812870985,1.35489549943021,1.34036518890677,60.2119059513785
12.4181547619048,1.35147752271124,1.35489413631219,1.33972421477798,60.2128022643233
12.418253968254,1.35135692692731,1.35489272550783,1.33908354779107,60.213698447835
12.4183531746032,1.35123634136436,1.35489126704087,1.33844318779851,60.2145945019491
12.4184523809524,1.35111576602872,1.35488976093502,1.33780313465275,60.2154904267012
12.4185515873016,1.35099520092671,1.35488820721397,1.33716338820637,60.2163862221269
12.4186507936508,1.35087464606469,1.3548866059014,1.33652394831194,60.2172818882616
12.41875,1.35075410144903,1.35488495702096,1.33588481482216,60.2181774251408
12.4188492063492,1.35063356708612,1.3548832605963,1.33524598758971,60.2190728328001
12.4189484126984,1.35051304298236,1.35488151665104,1.33460746646739,60.2199681112748
12.4190476190476,1.35039252914418,1.35487972520879,1.333969251308,60.2208632606004
12.4191468253968,1.35027202557803,1.35487788629313,1.33333134196445,60.2217582808123
12.419246031746,1.35015153229035,1.35487599992765,1.33269373828966,60.2226531719459
12.4193452380952,1.35003104928763,1.35487406613588,1.33205644013666,60.2235479340366
12.4194444444444,1.34991057657635,1.35487208494138,1.33141944735845,60.2244425671197
12.4195436507936,1.34979011416305,1.35487005636765,1.3307827598082,60.2253370712305
12.4196428571429,1.34966966205423,1.35486798043821,1.33014637733901,60.2262314464045
12.4197420634921,1.34954922025646,1.35486585717653,1.32951029980414,60.2271256926768
12.4198412698413,1.3494287887763,1.35486368660609,1.32887452705688,60.2280198100826
12.4199404761905,1.34930836762032,1.35486146875033,1.32823905895052,60.2289137986574
12.4200396825397,1.34918795679514,1.35485920363269,1.32760389533849,60.2298076584363
12.4201388888889,1.34906755630737,1.35485689127658,1.3269690360742,60.2307013894545
12.4202380952381,1.34894716616365,1.35485453170541,1.32633448101119,60.2315949917471
12.4203373015873,1.34882678637063,1.35485212494254,1.32570023000296,60.2324884653495
12.4204365079365,1.34870641693499,1.35484967101135,1.32506628290319,60.2333818102966
12.4205357142857,1.34858605786341,1.35484716993518,1.32443263956549,60.2342750266237
12.4206349206349,1.3484657091626,1.35484462173736,1.32379929984363,60.2351681143659
12.4207341269841,1.34834537083928,1.35484202644119,1.32316626359135,60.2360610735582
12.4208333333333,1.34822504290021,1.35483938406998,1.32253353066253,60.2369539042356
12.4209325396825,1.34810472535214,1.35483669464701,1.32190110091102,60.2378466064334
12.4210317460317,1.34798441820185,1.35483395819552,1.32126897419081,60.2387391801864
12.421130952381,1.34786412145613,1.35483117473876,1.32063715035587,60.2396316255297
12.4212301587302,1.3477438351218,1.35482834429995,1.32000562926028,60.2405239424982
12.4213293650794,1.34762355920569,1.35482546690231,1.31937441075816,60.241416131127
12.4214285714286,1.34750329371465,1.35482254256902,1.31874349470367,60.242308191451
12.4215277777778,1.34738303865556,1.35481957132325,1.31811288095106,60.243200123505
12.421626984127,1.34726279403528,1.35481655318817,1.31748256935459,60.2440919273241
12.4217261904762,1.34714255986073,1.35481348818689,1.31685255976863,60.2449836029431
12.4218253968254,1.34702233613882,1.35481037634256,1.31622285204754,60.2458751503968
12.4219246031746,1.3469021228765,1.35480721767826,1.31559344604581,60.2467665697201
12.4220238095238,1.34678192008071,1.35480401221708,1.31496434161793,60.2476578609478
12.422123015873,1.34666172775844,1.3548007599821,1.31433553861847,60.2485490241147
12.4222222222222,1.34654154591667,1.35479746099636,1.31370703690205,60.2494400592557
12.4223214285714,1.34642137456242,1.35479411528289,1.31307883632336,60.2503309664054
12.4224206349206,1.3463012137027,1.35479072286472,1.3124509367371,60.2512217455986
12.4225198412698,1.34618106334457,1.35478728376483,1.31182333799811,60.25211239687
12.422619047619,1.34606092349508,1.35478379800621,1.31119603996118,60.2530029202544
12.4227182539683,1.34594079416132,1.35478026561183,1.31056904248125,60.2538933157864
12.4228174603175,1.34582067535039,1.35477668660463,1.30994234541329,60.2547835835006
12.4229166666667,1.34570056706939,1.35477306100754,1.30931594861226,60.2556737234318
12.4230158730159,1.34558046932547,1.35476938884346,1.30868985193329,60.2565637356144
12.4231150793651,1.34546038212576,1.3547656701353,1.30806405523146,60.2574536200832
12.4232142857143,1.34534030547745,1.35476190490594,1.30743855836199,60.2583433768728
12.4233134920635,1.34522023938772,1.35475809317822,1.30681336118008,60.2592330060176
12.4234126984127,1.34510018386377,1.35475423497499,1.30618846354106,60.2601225075521
12.4235119047619,1.34498013891282,1.35475033031909,1.30556386530024,60.2610118815111
12.4236111111111,1.34486010454211,1.3547463792333,1.30493956631307,60.2619011279288
12.4237103174603,1.34474008075891,1.35474238174044,1.30431556643498,60.2627902468398
12.4238095238095,1.34462006757048,1.35473833786325,1.30369186552151,60.2636792382786
12.4239087301587,1.34450006498412,1.35473424762451,1.30306846342821,60.2645681022796
12.4240079365079,1.34438007300713,1.35473011104695,1.30244536001074,60.2654568388772
12.4241071428571,1.34426009164685,1.35472592815329,1.30182255512476,60.2663454481058
12.4242063492064,1.34414012091062,1.35472169896624,1.30120004862601,60.2672339299998
12.4243055555556,1.34402016080582,1.35471742350847,1.30057784037033,60.2681222845935
12.4244047619048,1.3439002113398,1.35471310180266,1.29995593021353,60.2690105119214
12.424503968254,1.34378027251998,1.35470873387145,1.29933431801155,60.2698986120175
12.4246031746032,1.34366034435378,1.35470431973749,1.29871300362033,60.2707865849164
12.4247023809524,1.34354042684862,1.35469985942338,1.29809198689593,60.2716744306522
12.4248015873016,1.34342052001196,1.35469535295173,1.29747126769438,60.2725621492593
12.4249007936508,1.34330062385127,1.35469080034512,1.29685084587186,60.2734497407718
12.425,1.34318073837404,1.3546862016261,1.29623072128453,60.274337205224
12.4250992063492,1.34306086358777,1.35468155681724,1.29561089378866,60.2752245426499
12.4251984126984,1.34294099949998,1.35467686594105,1.29499136324052,60.276111753084
12.4252976190476,1.34282114611823,1.35467212902005,1.29437212949651,60.2769988365602
12.4253968253968,1.34270130345005,1.35466734607674,1.29375319241301,60.2778857931127
12.425496031746,1.34258147150304,1.35466251713358,1.29313455184652,60.2787726227757
12.4255952380952,1.34246165028478,1.35465764221305,1.29251620765354,60.2796593255832
12.4256944444444,1.34234183980289,1.35465272133757,1.29189815969066,60.2805459015692
12.4257936507937,1.342222040065,1.35464775452959,1.29128040781455,60.2814323507679
12.4258928571429,1.34210225107875,1.3546427418115,1.29066295188186,60.2823186732133
12.4259920634921,1.34198247285182,1.35463768320569,1.29004579174938,60.2832048689393
12.4260912698413,1.34186270539187,1.35463257873455,1.28942892727389,60.28409093798
12.4261904761905,1.34174294870661,1.35462742842041,1.28881235831227,60.2849768803694
12.4262896825397,1.34162320280377,1.35462223228563,1.28819608472142,60.2858626961413
12.4263888888889,1.34150346769107,1.35461699035252,1.28758010635834,60.2867483853298
12.4264880952381,1.34138374337627,1.35461170264339,1.28696442308004,60.2876339479687
12.4265873015873,1.34126402986715,1.35460636918051,1.28634903474363,60.2885193840918
12.4266865079365,1.34114432717148,1.35460098998617,1.28573394120622,60.2894046937332
12.4267857142857,1.34102463529708,1.35459556508261,1.28511914232505,60.2902898769267
12.4268849206349,1.34090495425177,1.35459009449206,1.28450463795733,60.2911749337059
12.4269841269841,1.3407852840434,1.35458457823674,1.28389042796043,60.2920598641049
12.4270833333333,1.34066562467982,1.35457901633886,1.28327651219166,60.2929446681573
12.4271825396825,1.34054597616891,1.35457340882059,1.28266289050847,60.2938293458969
12.4272817460317,1.34042633851857,1.35456775570409,1.28204956276835,60.2947138973575
12.427380952381,1.34030671173671,1.35456205701152,1.28143652882881,60.2955983225728
12.4274801587302,1.34018709583126,1.354556312765,1.28082378854748,60.2964826215765
12.4275793650794,1.34006749081017,1.35455052298664,1.28021134178196,60.2973667944023
12.4276785714286,1.33994789668141,1.35454468769855,1.27959918839,60.2982508410838
12.4277777777778,1.33982831345296,1.35453880692279,1.27898732822932,60.2991347616547
12.427876984127,1.33970874113282,1.35453288068143,1.27837576115777,60.3000185561486
12.4279761904762,1.33958917972902,1.35452690899652,1.27776448703319,60.3009022245992
12.4280753968254,1.33946962924958,1.35452089189006,1.27715350571354,60.30178576704
12.4281746031746,1.33935008970257,1.35451482938408,1.27654281705678,60.3026691835045
12.4282738095238,1.33923056109606,1.35450872150057,1.27593242092097,60.3035524740264
12.428373015873,1.33911104343813,1.35450256826149,1.27532231716418,60.3044356386391
12.4284722222222,1.3389915367369,1.3544963696888,1.27471250564459,60.3053186773761
12.4285714285714,1.33887204100049,1.35449012580445,1.27410298622039,60.306201590271
12.4286706349206,1.33875255623705,1.35448383663035,1.27349375874984,60.3070843773572
12.4287698412698,1.33863308245473,1.3544775021884,1.27288482309129,60.3079670386681
12.428869047619,1.33851361966172,1.3544711225005,1.27227617910309,60.3088495742371
12.4289682539683,1.33839416786622,1.35446469758851,1.27166782664369,60.3097319840977
12.4290674603175,1.33827472707643,1.35445822747428,1.27105976557155,60.3106142682832
12.4291666666667,1.33815529730059,1.35445171217965,1.27045199574525,60.311496426827
12.4292658730159,1.33803587854695,1.35444515172643,1.26984451702336,60.3123784597625
12.4293650793651,1.33791647082378,1.35443854613642,1.26923732926457,60.3132603671228
12.4294642857143,1.33779707413937,1.35443189543142,1.26863043232756,60.3141421489415
12.4295634920635,1.33767768850201,1.35442519963317,1.26802382607112,60.3150238052517
12.4296626984127,1.33755831392003,1.35441845876342,1.26741751035406,60.3159053360866
12.4297619047619,1.33743895040177,1.35441167284392,1.26681148503528,60.3167867414796
12.4298611111111,1.33731959795557,1.35440484189637,1.26620574997369,60.3176680214639
12.4299603174603,1.33720025658983,1.35439796594246,1.26560030502831,60.3185491760726
12.4300595238095,1.33708092631293,1.35439104500387,1.26499515005817,60.3194302053389
12.4301587301587,1.33696160713327,1.35438407910226,1.26439028492237,60.320311109296
12.4302579365079,1.33684229905929,1.35437706825929,1.26378570948011,60.321191887977
12.4303571428571,1.33672300209944,1.35437001249656,1.26318142359056,60.3220725414151
12.4304563492063,1.33660371626217,1.35436291183569,1.26257742711303,60.3229530696433
12.4305555555556,1.33648444155596,1.35435576629828,1.26197371990682,60.3238334726947
12.4306547619048,1.33636517798931,1.35434857590589,1.26137030183134,60.3247137506023
12.430753968254,1.33624592557075,1.35434134068008,1.26076717274601,60.3255939033993
12.4308531746032,1.3361266843088,1.35433406064239,1.26016433251035,60.3264739311186
12.4309523809524,1.33600745421201,1.35432673581434,1.25956178098388,60.3273538337932
12.4310515873016,1.33588823528895,1.35431936621743,1.25895951802625,60.328233611456
12.4311507936508,1.33576902754822,1.35431195187316,1.25835754349709,60.3291132641402
12.43125,1.33564983099841,1.35430449280299,1.25775585725615,60.3299927918784
12.4313492063492,1.33553064564815,1.35429698902837,1.25715445916318,60.3308721947038
12.4314484126984,1.33541147150608,1.35428944057074,1.25655334907805,60.3317514726492
12.4315476190476,1.33529230858085,1.35428184745151,1.2559525268606,60.3326306257474
12.4316468253968,1.33517315688115,1.35427420969208,1.25535199237081,60.3335096540313
12.431746031746,1.33505401641566,1.35426652731385,1.25475174546869,60.3343885575338
12.4318452380952,1.3349348871931,1.35425880033816,1.25415178601427,60.3352673362876
12.4319444444444,1.33481576922219,1.35425102878637,1.25355211386769,60.3361459903255
12.4320436507937,1.33469666251168,1.35424321267981,1.25295272888909,60.3370245196804
12.4321428571429,1.33457756707034,1.3542353520398,1.25235363093873,60.3379029243849
12.4322420634921,1.33445848290694,1.35422744688762,1.25175481987686,60.3387812044719
12.4323412698413,1.3343394100303,1.35421949724456,1.25115629556385,60.3396593599739
12.4324404761905,1.33422034844921,1.35421150313187,1.25055805786006,60.3405373909238
12.4325396825397,1.33410129817253,1.35420346457081,1.24996010662597,60.3414152973541
12.4326388888889,1.3339822592091,1.35419538158259,1.24936244172206,60.3422930792975
12.4327380952381,1.33386323156779,1.35418725418843,1.24876506300891,60.3431707367867
12.4328373015873,1.3337442152575,1.35417908240951,1.24816797034713,60.3440482698542
12.4329365079365,1.33362521028712,1.35417086626701,1.24757116359741,60.3449256785327
12.4330357142857,1.33350621666559,1.35416260578209,1.24697464262045,60.3458029628547
12.4331349206349,1.33338723440183,1.35415430097588,1.24637840727706,60.3466801228528
12.4332341269841,1.33326826350483,1.35414595186951,1.24578245742809,60.3475571585594
12.4333333333333,1.33314930398353,1.35413755848408,1.24518679293441,60.3484340700072
12.4334325396825,1.33303035584696,1.35412912084069,1.244591413657,60.3493108572285
12.4335317460317,1.33291141910411,1.35412063896038,1.24399631945685,60.3501875202559
12.433630952381,1.33279249376402,1.35411211286423,1.24340151019505,60.3510640591218
12.4337301587302,1.33267357983573,1.35410354257327,1.24280698573269,60.3519404738586
12.4338293650794,1.33255467732832,1.35409492810851,1.24221274593099,60.3528167644987
12.4339285714286,1.33243578625086,1.35408626949095,1.24161879065114,60.3536929310746
12.4340277777778,1.33231690661245,1.35407756674157,1.24102511975448,60.3545689736185
12.434126984127,1.33219803842222,1.35406881988135,1.2404317331023,60.3554448921629
12.4342261904762,1.3320791816893,1.35406002893123,1.23983863055606,60.3563206867401
12.4343253968254,1.33196033642284,1.35405119391213,1.23924581197717,60.3571963573823
12.4344246031746,1.33184150263202,1.35404231484498,1.23865327722719,60.3580719041218
12.4345238095238,1.33172268032603,1.35403339175067,1.23806102616764,60.3589473269909
12.434623015873,1.33160386951407,1.35402442465007,1.23746905866018,60.3598226260219
12.4347222222222,1.33148507020538,1.35401541356406,1.23687737456651,60.3606978012469
12.4348214285714,1.33136628240918,1.35400635851346,1.23628597374832,60.3615728526983
12.4349206349206,1.33124750613475,1.35399725951911,1.23569485606746,60.3624477804081
12.4350198412698,1.33112874139136,1.35398811660183,1.23510402138573,60.3633225844085
12.435119047619,1.33100998818831,1.35397892978239,1.23451346956507,60.3641972647317
12.4352182539683,1.33089124653491,1.35396969908157,1.23392320046743,60.3650718214097
12.4353174603175,1.33077251644049,1.35396042452013,1.23333321395484,60.3659462544748
12.4354166666667,1.33065379791441,1.35395110611881,1.23274350988936,60.3668205639589
12.4355158730159,1.33053509096602,1.35394174389834,1.23215408813314,60.3676947498941
12.4356150793651,1.33041639560472,1.35393233787941,1.23156494854834,60.3685688123125
12.4357142857143,1.33029771183991,1.35392288808271,1.23097609099724,60.3694427512461
12.4358134920635,1.33017903968101,1.35391339452892,1.2303875153421,60.3703165667269
12.4359126984127,1.33006037913745,1.35390385723869,1.22979922144531,60.3711902587868
12.4360119047619,1.32994173021869,1.35389427623264,1.22921120916925,60.3720638274579
12.4361111111111,1.32982309293421,1.35388465153141,1.22862347837641,60.3729372727721
12.4362103174603,1.3297044672935,1.35387498315558,1.22803602892933,60.3738105947612
12.4363095238095,1.32958585330605,1.35386527112575,1.22744886069054,60.3746837934572
12.4364087301587,1.32946725098142,1.35385551546247,1.22686197352272,60.375556868892
12.4365079365079,1.32934866032912,1.35384571618631,1.22627536728854,60.3764298210974
12.4366071428571,1.32923008135874,1.35383587331778,1.22568904185076,60.3773026501052
12.4367063492064,1.32911151407984,1.3538259868774,1.22510299707217,60.3781753559473
12.4368055555556,1.32899295850203,1.35381605688567,1.22451723281564,60.3790479386555
12.4369047619048,1.32887441463492,1.35380608336307,1.22393174894408,60.3799203982616
12.437003968254,1.32875588248814,1.35379606633005,1.22334654532048,60.3807927347972
12.4371031746032,1.32863736207135,1.35378600580707,1.22276162180783,60.3816649482942
12.4372023809524,1.32851885339421,1.35377590181455,1.22217697826926,60.3825370387842
12.4373015873016,1.32840035646641,1.35376575437289,1.22159261456787,60.383409006299
12.4374007936508,1.32828187129766,1.35375556350249,1.22100853056688,60.3842808508702
12.4375,1.32816339789767,1.35374532922373,1.22042472612953,60.3851525725294
12.4375992063492,1.32804493627618,1.35373505155696,1.21984120111913,60.3860241713084
12.4376984126984,1.32792648644296,1.35372473052252,1.21925795539907,60.3868956472388
12.4377976190476,1.32780804840777,1.35371436614074,1.21867498883273,60.387767000352
12.4378968253968,1.32768962218041,1.35370395843192,1.21809230128362,60.3886382306797
12.437996031746,1.32757120777069,1.35369350741634,1.21750989261524,60.3895093382535
12.4380952380952,1.32745280518845,1.35368301311428,1.21692776269122,60.3903803231049
12.4381944444444,1.32733441444351,1.35367247554599,1.21634591137516,60.3912511852653
12.4382936507936,1.32721603554575,1.3536618947317,1.2157643385308,60.3921219247664
12.4383928571429,1.32709766850505,1.35365127069164,1.21518304402185,60.3929925416395
12.4384920634921,1.3269793133313,1.353640603446,1.21460202771218,60.393863035916
12.4385912698413,1.32686097003443,1.35362989301497,1.21402128946561,60.3947334076276
12.4386904761905,1.32674263862437,1.35361913941872,1.2134408291461,60.3956036568055
12.4387896825397,1.32662431911107,1.35360834267739,1.21286064661759,60.3964737834811
12.4388888888889,1.3265060115045,1.35359750281111,1.21228074174417,60.3973437876858
12.4389880952381,1.32638771581465,1.35358661984,1.21170111438988,60.398213669451
12.4390873015873,1.32626943205152,1.35357569378416,1.2111217644189,60.399083428808
12.4391865079365,1.32615116022514,1.35356472466366,1.21054269169544,60.3999530657881
12.4392857142857,1.32603290034554,1.35355371249856,1.20996389608373,60.4008225804226
12.4393849206349,1.32591465242279,1.35354265730892,1.20938537744813,60.4016919727427
12.4394841269841,1.32579641646697,1.35353155911475,1.20880713565297,60.4025612427798
12.4395833333333,1.32567819248816,1.35352041793607,1.20822917056271,60.4034303905649
12.4396825396825,1.32555998049648,1.35350923379287,1.20765148204182,60.4042994161294
12.4397817460317,1.32544178050205,1.35349800670512,1.20707406995485,60.4051683195045
12.439880952381,1.32532359251504,1.35348673669279,1.20649693416638,60.4060371007212
12.4399801587302,1.32520541654559,1.3534754237758,1.20592007454109,60.4069057598108
12.4400793650794,1.32508725260389,1.35346406797409,1.20534349094366,60.4077742968044
12.4401785714286,1.32496910070015,1.35345266930757,1.20476718323889,60.408642711733
12.4402777777778,1.32485096084458,1.3534412277961,1.20419115129156,60.4095110046278
12.440376984127,1.32473283304742,1.35342974345958,1.20361539496659,60.4103791755198
12.4404761904762,1.32461471731891,1.35341821631785,1.20303991412887,60.4112472244401
12.4405753968254,1.32449661366934,1.35340664639075,1.20246470864341,60.4121151514197
12.4406746031746,1.32437852210899,1.35339503369809,1.20188977837528,60.4129829564895
12.4407738095238,1.32426044264816,1.35338337825968,1.20131512318955,60.4138506396807
12.440873015873,1.3241423752972,1.35337168009531,1.20074074295139,60.4147182010241
12.4409722222222,1.32402432006642,1.35335993922473,1.200166637526,60.4155856405508
12.4410714285714,1.3239062769662,1.3533481556677,1.19959280677868,60.4164529582915
12.4411706349206,1.32378824600691,1.35333632944394,1.19901925057472,60.4173201542773
12.4412698412698,1.32367022719895,1.35332446057318,1.19844596877953,60.4181872285389
12.441369047619,1.32355222055273,1.35331254907511,1.19787296125852,60.4190541811073
12.4414682539683,1.32343422607868,1.35330059496941,1.19730022787722,60.4199210120134
12.4415674603175,1.32331624378725,1.35328859827574,1.19672776850114,60.4207877212878
12.4416666666667,1.32319827368891,1.35327655901374,1.19615558299592,60.4216543089615
12.4417658730159,1.32308031579414,1.35326447720305,1.1955836712272,60.4225207750653
12.4418650793651,1.32296237011344,1.35325235286328,1.19501203306072,60.4233871196297
12.4419642857143,1.32284443665734,1.35324018601401,1.19444066836222,60.4242533426857
12.4420634920635,1.32272651543636,1.35322797667482,1.19386957699755,60.425119444264
12.4421626984127,1.32260860646107,1.35321572486527,1.19329875883262,60.4259854243951
12.4422619047619,1.32249070974204,1.3532034306049,1.19272821373333,60.4268512831099
12.4423611111111,1.32237282528986,1.35319109391323,1.19215794156571,60.427717020439
12.4424603174603,1.32225495311512,1.35317871480977,1.19158794219579,60.428582636413
12.4425595238095,1.32213709322848,1.35316629331401,1.19101821548971,60.4294481310625
12.4426587301587,1.32201924564056,1.35315382944542,1.1904487613136,60.4303135044181
12.4427579365079,1.32190141036202,1.35314132322345,1.18987957953371,60.4311787565105
12.4428571428571,1.32178358740355,1.35312877466754,1.1893106700163,60.4320438873701
12.4429563492063,1.32166577677585,1.35311618379711,1.18874203262773,60.4329088970275
12.4430555555556,1.32154797848962,1.35310355063155,1.18817366723436,60.4337737855133
12.4431547619048,1.32143019255561,1.35309087519026,1.18760557370266,60.4346385528578
12.443253968254,1.32131241898455,1.35307815749259,1.18703775189912,60.4355031990917
12.4433531746032,1.32119465778722,1.35306539755791,1.18647020169031,60.4363677242453
12.4434523809524,1.3210769089744,1.35305259540553,1.18590292294283,60.4372321283491
12.4435515873016,1.3209591725569,1.35303975105478,1.18533591552335,60.4380964114335
12.4436507936508,1.32084144854554,1.35302686452496,1.18476917929862,60.4389605735289
12.44375,1.32072373695115,1.35301393583534,1.1842027141354,60.4398246146657
12.4438492063492,1.3206060377846,1.35300096500518,1.18363651990055,60.4406885348742
12.4439484126984,1.32048835105675,1.35298795205373,1.18307059646094,60.4415523341847
12.4440476190476,1.32037067677851,1.35297489700022,1.18250494368354,60.4424160126277
12.4441468253968,1.32025301496077,1.35296179986386,1.18193956143535,60.4432795702333
12.444246031746,1.32013536561447,1.35294866066384,1.18137444958344,60.4441430070318
12.4443452380952,1.32001772875054,1.35293547941934,1.1808096079949,60.4450063230536
12.4444444444444,1.31990010437997,1.35292225614951,1.18024503653695,60.4458695183288
12.4445436507937,1.31978249251371,1.3529089908735,1.17968073507679,60.4467325928876
12.4446428571429,1.31966489316278,1.35289568361043,1.17911670348172,60.4475955467603
12.4447420634921,1.31954730633818,1.35288233437941,1.17855294161907,60.448458379977
12.4448412698413,1.31942973205096,1.35286894319952,1.17798944935627,60.4493210925678
12.4449404761905,1.31931217031217,1.35285551008983,1.17742622656073,60.4501836845629
12.4450396825397,1.31919462113286,1.35284203506941,1.17686327309999,60.4510461559925
12.4451388888889,1.31907708452414,1.35282851815728,1.17630058884163,60.4519085068865
12.4452380952381,1.31895956049709,1.35281495937247,1.17573817365324,60.4527707372751
12.4453373015873,1.31884204906286,1.35280135873397,1.17517602740254,60.4536328471883
12.4454365079365,1.31872455023257,1.35278771626078,1.17461414995722,60.4544948366561
12.4455357142857,1.31860706401739,1.35277403197186,1.17405254118511,60.4553567057086
12.4456349206349,1.31848959042849,1.35276030588615,1.17349120095403,60.4562184543758
12.4457341269841,1.31837212947706,1.3527465380226,1.1729301291319,60.4570800826875
12.4458333333333,1.31825468117432,1.35273272840012,1.17236932558667,60.4579415906738
12.4459325396825,1.31813724553149,1.35271887703759,1.17180879018638,60.4588029783646
12.4460317460317,1.31801982255982,1.35270498395391,1.17124852279906,60.4596642457898
12.446130952381,1.31790241227057,1.35269104916794,1.17068852329288,60.4605253929793
12.4462301587302,1.31778501467503,1.35267707269853,1.17012879153599,60.4613864199629
12.4463293650794,1.3176676297845,1.35266305456449,1.16956932739665,60.4622473267705
12.4464285714286,1.31755025761029,1.35264899478464,1.16901013074315,60.463108113432
12.4465277777778,1.31743289816373,1.35263489337778,1.16845120144384,60.4639687799771
12.446626984127,1.31731555145619,1.35262075036268,1.16789253936714,60.4648293264356
12.4467261904762,1.31719821749903,1.35260656575809,1.1673341443815,60.4656897528373
12.4468253968254,1.31708089630364,1.35259233958277,1.16677601635546,60.4665500592119
12.4469246031746,1.31696358788143,1.35257807185544,1.16621815515756,60.4674102455891
12.4470238095238,1.31684629224382,1.35256376259479,1.16566056065647,60.4682703119988
12.447123015873,1.31672900940225,1.35254941181952,1.16510323272085,60.4691302584704
12.4472222222222,1.31661173936818,1.35253501954831,1.16454617121948,60.4699900850338
12.4473214285714,1.31649448215309,1.3525205857998,1.16398937602111,60.4708497917185
12.4474206349206,1.31637723776847,1.35250611059263,1.16343284699465,60.4717093785542
12.4475198412698,1.31626000622583,1.35249159394543,1.16287658400897,60.4725688455705
12.447619047619,1.31614278753671,1.35247703587679,1.16232058693307,60.4734281927969
12.4477182539683,1.31602558171266,1.3524624364053,1.16176485563594,60.4742874202631
12.4478174603175,1.31590838876523,1.35244779554953,1.1612093899867,60.4751465279985
12.4479166666667,1.31579120870602,1.35243311332802,1.16065418985445,60.4760055160328
12.4480158730159,1.31567404154661,1.35241838975932,1.1600992551084,60.4768643843953
12.4481150793651,1.31555688729864,1.35240362486193,1.15954458561781,60.4777231331156
12.4482142857143,1.31543974597374,1.35238881865435,1.15899018125197,60.4785817622231
12.4483134920635,1.31532261758357,1.35237397115507,1.15843604188025,60.4794402717473
12.4484126984127,1.31520550213978,1.35235908238254,1.15788216737205,60.4802986617175
12.4485119047619,1.31508839965408,1.35234415235522,1.15732855759687,60.4811569321633
12.4486111111111,1.31497131013818,1.35232918109153,1.15677521242421,60.482015083114
12.4487103174603,1.31485423360379,1.35231416860987,1.15622213172368,60.4828731145989
12.4488095238095,1.31473717006266,1.35229911492866,1.1556693153649,60.4837310266473
12.4489087301587,1.31462011952655,1.35228402006626,1.15511676321758,60.4845888192887
12.4490079365079,1.31450308200725,1.35226888404103,1.15456447515147,60.4854464925522
12.4491071428571,1.31438605751654,1.35225370687131,1.15401245103639,60.4863040464672
12.4492063492063,1.31426904606623,1.35223848857543,1.15346069074217,60.487161481063
12.4493055555556,1.31415204766817,1.35222322917169,1.15290919413878,60.4880187963687
12.4494047619048,1.3140350623342,1.35220792867839,1.15235796109616,60.4888759924136
12.449503968254,1.31391809007618,1.35219258711379,1.15180699148435,60.4897330692268
12.4496031746032,1.31380113090601,1.35217720449615,1.15125628517346,60.4905900268377
12.4497023809524,1.31368418483559,1.35216178084371,1.15070584203361,60.4914468652752
12.4498015873016,1.31356725187683,1.35214631617468,1.15015566193503,60.4923035845686
12.4499007936508,1.31345033204167,1.35213081050728,1.14960574474794,60.4931601847469
12.45,1.31333342534207,1.35211526385968,1.1490560903427,60.4940166658393
12.4500992063492,1.31321653179,1.35209967625006,1.14850669858963,60.4948730278749
12.4501984126984,1.31309965139746,1.35208404769655,1.14795756935919,60.4957292708826
12.4502976190476,1.31298278417644,1.35206837821731,1.14740870252185,60.4965853948916
12.4503968253968,1.31286593013899,1.35205266783043,1.14686009794815,60.4974413999308
12.450496031746,1.31274908929714,1.35203691655403,1.14631175550868,60.4982972860293
12.4505952380952,1.31263226166295,1.35202112440617,1.1457636750741,60.4991530532159
12.4506944444444,1.31251544724851,1.35200529140493,1.14521585651509,60.5000087015197
12.4507936507936,1.31239864606592,1.35198941756836,1.14466829970245,60.5008642309696
12.4508928571429,1.31228185812728,1.35197350291447,1.14412100450697,60.5017196415946
12.4509920634921,1.31216508344473,1.35195754746128,1.14357397079953,60.5025749334234
12.4510912698413,1.31204832203042,1.35194155122679,1.14302719845107,60.503430106485
12.4511904761905,1.31193157389652,1.35192551422897,1.14248068733256,60.5042851608082
12.4512896825397,1.31181483905522,1.35190943648579,1.14193443731506,60.5051400964218
12.4513888888889,1.31169811751872,1.35189331801517,1.14138844826965,60.5059949133548
12.4514880952381,1.31158140929925,1.35187715883505,1.14084272006751,60.5068496116358
12.4515873015873,1.31146471440903,1.35186095896334,1.14029725257981,60.5077041912936
12.4516865079365,1.31134803286033,1.35184471841792,1.13975204567786,60.508558652357
12.4517857142857,1.31123136466542,1.35182843721667,1.13920709923295,60.5094129948547
12.4518849206349,1.31111470983661,1.35181211537744,1.13866241311649,60.5102672188154
12.4519841269841,1.31099806838618,1.35179575291808,1.13811798719987,60.5111213242678
12.4520833333333,1.31088144032648,1.35177934985639,1.13757382135462,60.5119753112406
12.4521825396825,1.31076482566985,1.35176290621018,1.13702991545227,60.5128291797625
12.4522817460317,1.31064822442866,1.35174642199725,1.13648626936443,60.513682929862
12.452380952381,1.31053163661528,1.35172989723534,1.13594288296274,60.5145365615677
12.4524801587302,1.31041506224211,1.35171333194223,1.13539975611893,60.5153900749083
12.4525793650794,1.31029850132158,1.35169672613564,1.13485688870478,60.5162434699123
12.4526785714286,1.3101819538661,1.35168007983328,1.13431428059209,60.5170967466083
12.4527777777778,1.31006541988815,1.35166339305286,1.13377193165278,60.5179499050248
12.452876984127,1.30994889940018,1.35164666581206,1.13322984175875,60.5188029451903
12.4529761904762,1.30983239241469,1.35162989812854,1.13268801078202,60.5196558671332
12.4530753968254,1.30971589894417,1.35161309001995,1.13214643859463,60.5205086708822
12.4531746031746,1.30959941900116,1.35159624150391,1.13160512506869,60.5213613564655
12.4532738095238,1.3094829525982,1.35157935259804,1.13106407007636,60.5222139239116
12.453373015873,1.30936649974783,1.35156242331993,1.13052327348988,60.5230663732489
12.4534722222222,1.30925006046265,1.35154545368716,1.12998273518148,60.5239187045059
12.4535714285714,1.30913363475523,1.35152844371729,1.12944245502354,60.5247709177109
12.4536706349206,1.3090172226382,1.35151139342787,1.12890243288841,60.5256230128921
12.4537698412698,1.30890082412419,1.35149430283641,1.12836266864857,60.526474990078
12.453869047619,1.30878443922583,1.35147717196042,1.12782316217648,60.5273268492969
12.4539682539683,1.3086680679558,1.3514600008174,1.12728391334471,60.528178590577
12.4540674603175,1.30855171032678,1.35144278942481,1.12674492202589,60.5290302139466
12.4541666666667,1.30843536635147,1.35142553780012,1.12620618809265,60.5298817194339
12.4542658730159,1.30831903604259,1.35140824596075,1.12566771141776,60.5307331070671
12.4543650793651,1.30820271941286,1.35139091392414,1.12512949187396,60.5315843768746
12.4544642857143,1.30808641647506,1.35137354170768,1.12459152933411,60.5324355288844
12.4545634920635,1.30797012724194,1.35135612932877,1.12405382367109,60.5332865631246
12.4546626984127,1.3078538517263,1.35133867680476,1.12351637475785,60.5341374796236
12.4547619047619,1.30773758994094,1.35132118415301,1.12297918246739,60.5349882784093
12.4548611111111,1.30762134189869,1.35130365139085,1.12244224667278,60.5358389595098
12.4549603174603,1.30750510761239,1.3512860785356,1.12190556724712,60.5366895229533
12.4550595238095,1.3073888870949,1.35126846560457,1.1213691440636,60.5375399687678
12.4551587301587,1.3072726803591,1.35125081261502,1.12083297699542,60.5383902969814
12.4552579365079,1.30715648741788,1.35123311958423,1.12029706591591,60.539240507622
12.4553571428571,1.30704030828416,1.35121538652944,1.11976141069836,60.5400906007177
12.4554563492064,1.30692414297086,1.35119761346788,1.11922601121619,60.5409405762964
12.4555555555556,1.30680799149094,1.35117980041676,1.11869086734286,60.5417904343861
12.4556547619048,1.30669185385736,1.35116194739328,1.11815597895186,60.5426401750148
12.455753968254,1.30657573008312,1.35114405441462,1.11762134591677,60.5434897982103
12.4558531746032,1.30645962018119,1.35112612149793,1.11708696811119,60.5443393040006
12.4559523809524,1.30634352416462,1.35110814866036,1.11655284540883,60.5451886924135
12.4560515873016,1.30622744204642,1.35109013591903,1.11601897768338,60.5460379634768
12.4561507936508,1.30611137383967,1.35107208329106,1.11548536480866,60.5468871172185
12.45625,1.30599531955743,1.35105399079352,1.1149520066585,60.5477361536664
12.4563492063492,1.3058792792128,1.3510358584435,1.11441890310681,60.5485850728482
12.4564484126984,1.30576325281887,1.35101768625806,1.11388605402753,60.5494338747917
12.4565476190476,1.30564724038879,1.35099947425422,1.11335345929469,60.5502825595246
12.4566468253968,1.30553124193568,1.35098122244901,1.11282111878234,60.5511311270748
12.456746031746,1.30541525747271,1.35096293085943,1.11228903236464,60.5519795774699
12.4568452380952,1.30529928701307,1.35094459950247,1.11175719991572,60.5528279107375
12.4569444444444,1.30518333056994,1.3509262283951,1.11122562130984,60.5536761269055
12.4570436507937,1.30506738815655,1.35090781755427,1.11069429642132,60.5545242260014
12.4571428571429,1.30495145978612,1.35088936699692,1.11016322512446,60.5553722080529
12.4572420634921,1.3048355454719,1.35087087673996,1.10963240729371,60.5562200730875
12.4573412698413,1.30471964522717,1.35085234680028,1.10910184280349,60.557067821133
12.4574404761905,1.30460375906521,1.35083377719478,1.10857153152836,60.5579154522167
12.4575396825397,1.30448788699931,1.35081516794032,1.10804147334285,60.5587629663664
12.4576388888889,1.30437202904282,1.35079651905373,1.10751166812162,60.5596103636095
12.4577380952381,1.30425618520904,1.35077783055187,1.10698211573933,60.5604576439736
12.4578373015873,1.30414035551136,1.35075910245153,1.10645281607074,60.5613048074861
12.4579365079365,1.30402453996314,1.35074033476951,1.10592376899064,60.5621518541745
12.4580357142857,1.30390873857777,1.35072152752259,1.10539497437389,60.5629987840662
12.4581349206349,1.30379295136867,1.35070268072753,1.10486643209538,60.5638455971887
12.4582341269841,1.30367717834925,1.35068379440107,1.1043381420301,60.5646922935695
12.4583333333333,1.30356141953297,1.35066486855994,1.10381010405305,60.5655388732358
12.4584325396825,1.30344567493329,1.35064590322084,1.10328231803932,60.5663853362151
12.4585317460317,1.30332994456368,1.35062689840048,1.10275478386405,60.5672316825346
12.458630952381,1.30321422843765,1.35060785411551,1.1022275014024,60.5680779122218
12.4587301587302,1.30309852656872,1.3505887703826,1.10170047052966,60.568924025304
12.4588293650794,1.30298283897041,1.35056964721839,1.10117369112108,60.5697700218084
12.4589285714286,1.30286716565628,1.35055048463949,1.10064716305207,60.5706159017622
12.4590277777778,1.3027515066399,1.35053128266251,1.10012088619799,60.5714616651928
12.459126984127,1.30263586193485,1.35051204130404,1.09959486043436,60.5723073121274
12.4592261904762,1.30252023155473,1.35049276058065,1.09906908563666,60.5731528425932
12.4593253968254,1.30240461551318,1.35047344050888,1.09854356168052,60.5739982566173
12.4594246031746,1.30228901382383,1.35045408110528,1.09801828844152,60.574843554227
12.4595238095238,1.30217342650034,1.35043468238636,1.09749326579541,60.5756887354493
12.459623015873,1.30205785355638,1.35041524436862,1.0969684936179,60.5765338003114
12.4597222222222,1.30194229500566,1.35039576706854,1.09644397178483,60.5773787488405
12.4598214285714,1.30182675086186,1.35037625050258,1.09591970017202,60.5782235810635
12.4599206349206,1.30171122113874,1.3503566946872,1.09539567865541,60.5790682970076
12.4600198412698,1.30159570585003,1.35033709963883,1.09487190711099,60.5799128966998
12.460119047619,1.30148020500949,1.35031746537387,1.09434838541476,60.5807573801671
12.4602182539683,1.30136471863092,1.35029779190872,1.09382511344284,60.5816017474366
12.4603174603175,1.30124924672811,1.35027807925977,1.09330209107133,60.5824459985351
12.4604166666667,1.30113378931487,1.35025832744337,1.09277931817647,60.5832901334898
12.4605158730159,1.30101834640505,1.35023853647586,1.09225679463448,60.5841341523274
12.4606150793651,1.30090291801249,1.35021870637357,1.0917345203217,60.584978055075
12.4607142857143,1.30078750415106,1.35019883715282,1.09121249511446,60.5858218417594
12.4608134920635,1.30067210483466,1.35017892882988,1.09069071888922,60.5866655124076
12.4609126984127,1.30055672007719,1.35015898142104,1.09016919152243,60.5875090670463
12.4610119047619,1.30044134989257,1.35013899494255,1.08964791289065,60.5883525057025
12.4611111111111,1.30032599429475,1.35011896941065,1.08912688287044,60.5891958284029
12.4612103174603,1.30021065329768,1.35009890484156,1.08860610133848,60.5900390351744
12.4613095238095,1.30009532691534,1.35007880125148,1.08808556817144,60.5908821260437
12.4614087301587,1.29998001516173,1.35005865865661,1.08756528324609,60.5917251010376
12.4615079365079,1.29986471805086,1.35003847707312,1.08704524643926,60.5925679601828
12.4616071428571,1.29974943559675,1.35001825651714,1.0865254576278,60.5934107035061
12.4617063492063,1.29963416781346,1.34999799700483,1.08600591668866,60.5942533310341
12.4618055555556,1.29951891471505,1.34997769855229,1.08548662349879,60.5950958427935
12.4619047619048,1.29940367631561,1.34995736117563,1.08496757793526,60.595938238811
12.462003968254,1.29928845262924,1.34993698489093,1.08444877987514,60.5967805191133
12.4621031746032,1.29917324367005,1.34991656971426,1.08393022919561,60.5976226837268
12.4622023809524,1.29905804945218,1.34989611566165,1.08341192577384,60.5984647326784
12.4623015873016,1.29894286998978,1.34987562274915,1.08289386948713,60.5993066659944
12.4624007936508,1.29882770529704,1.34985509099277,1.08237606021276,60.6001484837015
12.4625,1.29871255538813,1.3498345204085,1.08185849782815,60.6009901858262
12.4625992063492,1.29859742027727,1.34981391101232,1.08134118221068,60.601831772395
12.4626984126984,1.29848229997868,1.34979326282019,1.08082411323789,60.6026732434345
12.4627976190476,1.29836719450659,1.34977257584806,1.08030729078728,60.603514598971
12.4628968253968,1.29825210387529,1.34975185011185,1.07979071473646,60.6043558390312
12.462996031746,1.29813702809903,1.34973108562747,1.07927438496312,60.6051969636412
12.4630952380952,1.29802196719213,1.34971028241081,1.07875830134491,60.6060379728277
12.4631944444444,1.29790692116889,1.34968944047775,1.07824246375966,60.606878866617
12.4632936507937,1.29779189004363,1.34966855984414,1.07772687208514,60.6077196450355
12.4633928571429,1.29767687383073,1.34964764052583,1.07721152619927,60.6085603081095
12.4634920634921,1.29756187254453,1.34962668253863,1.07669642597996,60.6094008558653
12.4635912698413,1.29744688619943,1.34960568589835,1.07618157130521,60.6102412883293
12.4636904761905,1.29733191480982,1.34958465062077,1.07566696205307,60.6110816055278
12.4637896825397,1.29721695839013,1.34956357672167,1.07515259810164,60.611921807487
12.4638888888889,1.2971020169548,1.34954246421681,1.07463847932907,60.6127618942332
12.4639880952381,1.29698709051828,1.3495213131219,1.07412460561361,60.6136018657926
12.4640873015873,1.29687217909504,1.34950012345268,1.07361097683348,60.6144417221915
12.4641865079365,1.29675728269958,1.34947889522484,1.07309759286706,60.6152814634559
12.4642857142857,1.2966424013464,1.34945762845406,1.07258445359269,60.6161210896122
12.4643849206349,1.29652753505003,1.34943632315602,1.07207155888883,60.6169606006864
12.4644841269841,1.29641268382502,1.34941497934635,1.07155890863398,60.6177999967047
12.4645833333333,1.29629784768593,1.3493935970407,1.07104650270668,60.6186392776932
12.4646825396825,1.29618302664733,1.34937217625467,1.07053434098556,60.6194784436779
12.4647817460317,1.29606822072383,1.34935071700386,1.07002242334926,60.620317494685
12.464880952381,1.29595342993004,1.34932921930384,1.06951074967651,60.6211564307405
12.4649801587302,1.29583865428059,1.34930768317019,1.06899931984608,60.6219952518704
12.4650793650794,1.29572389379013,1.34928610861844,1.06848813373681,60.6228339581007
12.4651785714286,1.29560914847333,1.34926449566413,1.06797719122758,60.6236725494575
12.4652777777778,1.29549441834489,1.34924284432275,1.06746649219735,60.6245110259666
12.465376984127,1.29537970341949,1.3492211546098,1.0669560365251,60.6253493876541
12.4654761904762,1.29526500371188,1.34919942654076,1.0664458240899,60.6261876345458
12.4655753968254,1.29515031923677,1.34917766013109,1.06593585477085,60.6270257666677
12.4656746031746,1.29503565000893,1.34915585539622,1.06542612844714,60.6278637840457
12.4657738095238,1.29492099604314,1.34913401235157,1.06491664499796,60.6287016867056
12.465873015873,1.29480635735418,1.34911213101255,1.06440740430262,60.6295394746732
12.4659722222222,1.29469173395688,1.34909021139456,1.06389840624046,60.6303771479745
12.4660714285714,1.29457712586604,1.34906825351295,1.06338965069084,60.6312147066351
12.4661706349206,1.29446253309653,1.34904625738308,1.06288113753324,60.6320521506809
12.4662698412698,1.29434795566321,1.34902422302029,1.06237286664715,60.6328894801377
12.466369047619,1.29423339358095,1.3490021504399,1.06186483791214,60.6337266950312
12.4664682539683,1.29411884686465,1.3489800396572,1.06135705120781,60.6345637953871
12.4665674603175,1.29400431552924,1.34895789068748,1.06084950641386,60.6354007812311
12.4666666666667,1.29388979958965,1.348935703546,1.06034220340998,60.6362376525889
12.4667658730159,1.29377529906082,1.34891347824802,1.05983514207599,60.6370744094862
12.4668650793651,1.29366081395773,1.34889121480876,1.05932832229171,60.6379110519486
12.4669642857143,1.29354634429537,1.34886891324345,1.05882174393706,60.6387475800017
12.4670634920635,1.29343189008873,1.34884657356727,1.05831540689196,60.6395839936712
12.4671626984127,1.29331745135286,1.3488241957954,1.05780931103645,60.6404202929825
12.4672619047619,1.29320302810277,1.34880177994301,1.05730345625057,60.6412564779614
12.4673611111111,1.29308862035354,1.34877932602524,1.05679784241445,60.6420925486333
12.4674603174603,1.29297422812024,1.34875683405722,1.05629246940828,60.6429285050237
12.4675595238095,1.29285985141796,1.34873430405405,1.05578733711227,60.6437643471582
12.4676587301587,1.29274549026182,1.34871173603084,1.05528244540674,60.6446000750622
12.4677579365079,1.29263114466694,1.34868913000265,1.054777794172,60.6454356887611
12.4678571428571,1.29251681464847,1.34866648598454,1.05427338328849,60.6462711882805
12.4679563492064,1.29240250022158,1.34864380399155,1.05376921263663,60.6471065736458
12.4680555555556,1.29228820140146,1.34862108403871,1.05326528209695,60.6479418448823
12.4681547619048,1.29217391820328,1.34859832614102,1.05276159155002,60.6487770020154
12.468253968254,1.29205965015623,1.34857553050399,1.05225814089788,60.6496120452614
12.4683531746032,1.29194539555334,1.34855269781685,1.05175493010148,60.6504469753212
12.4684523809524,1.29183115424205,1.34852982815854,1.05125195905871,60.6512817922838
12.4685515873016,1.29171692621885,1.34850692154952,1.05074922766104,60.6521164961796
12.4686507936508,1.29160271148025,1.34848397801026,1.05024673580004,60.652951087039
12.46875,1.29148851002275,1.3484609975612,1.04974448336729,60.6537855648923
12.4688492063492,1.29137432184286,1.34843798022278,1.0492424702544,60.6546199297699
12.4689484126984,1.29126014693711,1.34841492601544,1.04874069635305,60.6554541817021
12.4690476190476,1.29114598530202,1.3483918349596,1.04823916155489,60.6562883207193
12.4691468253968,1.29103183693413,1.34836870707568,1.04773786575169,60.6571223468518
12.469246031746,1.29091770182995,1.34834554238409,1.04723680883516,60.65795626013
12.4693452380952,1.29080357998604,1.34832234090522,1.04673599069712,60.6587900605842
12.4694444444444,1.29068947139894,1.34829910265946,1.04623541122938,60.6596237482445
12.4695436507936,1.2905753760652,1.3482758276672,1.04573507032383,60.6604573231415
12.4696428571429,1.29046129398136,1.34825251594882,1.04523496787232,60.6612907853052
12.4697420634921,1.29034722514401,1.34822916752467,1.04473510376683,60.662124134766
12.4698412698413,1.29023316954969,1.34820578241511,1.04423547789929,60.6629573715542
12.4699404761905,1.29011912719499,1.3481823606405,1.04373609016171,60.6637904956999
12.4700396825397,1.29000509807646,1.34815890222117,1.04323694044612,60.6646235072336
12.4701388888889,1.28989108219071,1.34813540717745,1.04273802864461,60.6654564061852
12.4702380952381,1.28977707953431,1.34811187552968,1.04223935464925,60.6662891925851
12.4703373015873,1.28966309010385,1.34808830729815,1.0417409183522,60.6671218664636
12.4704365079365,1.28954911389593,1.34806470250319,1.04124271964563,60.6679544278506
12.4705357142857,1.28943515090715,1.34804106116509,1.04074475842174,60.6687868767766
12.4706349206349,1.28932120113412,1.34801738330414,1.04024703457279,60.6696192132716
12.4707341269841,1.28920726457345,1.34799366894062,1.03974954799102,60.6704514373658
12.4708333333333,1.28909334122176,1.34796991809481,1.03925229856879,60.6712835490893
12.4709325396825,1.28897943107567,1.34794613078696,1.0387552861984,60.6721155484724
12.4710317460317,1.2888655341318,1.34792230703735,1.03825851077226,60.6729474355451
12.471130952381,1.2887516503868,1.3478984468662,1.03776197218276,60.6737792103376
12.4712301587302,1.28863777983729,1.34787455029378,1.03726567032238,60.6746108728799
12.4713293650794,1.28852392247991,1.34785061734029,1.03676960508357,60.6754424232022
12.4714285714286,1.28841007831133,1.34782664802598,1.03627377635889,60.6762738613346
12.4715277777778,1.28829624732818,1.34780264237105,1.03577818404084,60.6771051873072
12.471626984127,1.28818242952714,1.34777860039571,1.03528282802206,60.67793640115
12.4717261904762,1.28806862490485,1.34775452212015,1.03478770819514,60.6787675028931
12.4718253968254,1.28795483345799,1.34773040756457,1.03429282445274,60.6795984925665
12.4719246031746,1.28784105518324,1.34770625674916,1.03379817668757,60.6804293702003
12.4720238095238,1.28772729007727,1.34768206969407,1.03330376479234,60.6812601358246
12.472123015873,1.28761353813677,1.34765784641947,1.03280958865982,60.6820907894693
12.4722222222222,1.28749979935841,1.34763358694553,1.03231564818279,60.6829213311644
12.4723214285714,1.28738607373892,1.34760929129239,1.0318219432541,60.68375176094
12.4724206349206,1.28727236127496,1.34758495948018,1.03132847376659,60.6845820788261
12.4725198412698,1.28715866196327,1.34756059152905,1.0308352396132,60.6854122848525
12.472619047619,1.28704497580053,1.3475361874591,1.03034224068681,60.6862423790494
12.4727182539683,1.28693130278348,1.34751174729046,1.02984947688044,60.6870723614466
12.4728174603175,1.28681764290882,1.34748727104322,1.02935694808705,60.6879022320741
12.4729166666667,1.28670399617328,1.3474627587375,1.02886465419972,60.6887319909618
12.4730158730159,1.2865903625736,1.34743821039337,1.02837259511148,60.6895616381398
12.4731150793651,1.28647674210651,1.34741362603092,1.02788077071547,60.6903911736378
12.4732142857143,1.28636313476874,1.34738900567022,1.0273891809048,60.6912205974858
12.4733134920635,1.28624954055705,1.34736434933132,1.02689782557267,60.6920499097137
12.4734126984127,1.28613595946819,1.3473396570343,1.02640670461229,60.6928791103514
12.4735119047619,1.28602239149891,1.34731492879919,1.0259158179169,60.6937081994287
12.4736111111111,1.28590883664598,1.34729016464604,1.02542516537978,60.6945371769756
12.4737103174603,1.28579529490615,1.34726536459486,1.02493474689424,60.6953660430218
12.4738095238095,1.2856817662762,1.3472405286657,1.02444456235364,60.6961947975973
12.4739087301587,1.28556825075291,1.34721565687855,1.02395461165135,60.6970234407318
12.4740079365079,1.28545474833307,1.34719074925342,1.0234648946808,60.6978519724552
12.4741071428571,1.28534125901344,1.34716580581031,1.02297541133543,60.6986803927974
12.4742063492063,1.28522778279084,1.34714082656921,1.02248616150875,60.699508701788
12.4743055555556,1.28511431966206,1.3471158115501,1.02199714509425,60.700336899457
12.4744047619048,1.28500086962389,1.34709076077295,1.02150836198552,60.701164985834
12.474503968254,1.28488743267315,1.34706567425772,1.02101981207612,60.7019929609489
12.4746031746032,1.28477400880664,1.34704055202436,1.02053149525971,60.7028208248314
12.4747023809524,1.2846605980212,1.34701539409283,1.02004341142992,60.7036485775113
12.4748015873016,1.28454720031363,1.34699020048306,1.01955556048045,60.7044762190183
12.4749007936508,1.28443381568077,1.34696497121498,1.01906794230505,60.7053037493822
12.475,1.28432044411945,1.34693970630851,1.01858055679746,60.7061311686327
12.4750992063492,1.28420708562652,1.34691440578356,1.01809340385151,60.7069584767994
12.4751984126984,1.2840937401988,1.34688906966004,1.01760648336099,60.7077856739121
12.4752976190476,1.28398040783316,1.34686369795784,1.01711979521981,60.7086127600005
12.4753968253968,1.28386708852645,1.34683829069686,1.01663333932184,60.7094397350943
12.475496031746,1.28375378227552,1.34681284789697,1.01614711556105,60.7102665992231
12.4755952380952,1.28364048907724,1.34678736957803,1.01566112383138,60.7110933524167
12.4756944444444,1.28352720892848,1.34676185575993,1.01517536402686,60.7119199947045
12.4757936507937,1.28341394182611,1.34673630646249,1.01468983604151,60.7127465261164
12.4758928571429,1.28330068776702,1.34671072170559,1.01420453976942,60.7135729466818
12.4759920634921,1.28318744674808,1.34668510150904,1.0137194751047,60.7143992564306
12.4760912698413,1.2830742187662,1.34665944589268,1.0132346419415,60.7152254553921
12.4761904761905,1.28296100381825,1.34663375487633,1.01275004017398,60.7160515435961
12.4762896825397,1.28284780190115,1.3466080284798,1.01226566969636,60.7168775210721
12.4763888888889,1.2827346130118,1.3465822667229,1.01178153040291,60.7177033878498
12.4764880952381,1.28262143714711,1.34655646962541,1.01129762218789,60.7185291439586
12.4765873015873,1.28250827430399,1.34653063720714,1.01081394494564,60.7193547894281
12.4766865079365,1.28239512447937,1.34650476948785,1.01033049857048,60.720180324288
12.4767857142857,1.28228198767018,1.34647886648731,1.00984728295683,60.7210057485676
12.4768849206349,1.28216886387333,1.34645292822529,1.00936429799909,60.7218310622966
12.4769841269841,1.28205575308578,1.34642695472155,1.00888154359174,60.7226562655045
12.4770833333333,1.28194265530446,1.34640094599582,1.00839901962923,60.7234813582207
12.4771825396825,1.28182957052632,1.34637490206784,1.00791672600613,60.7243063404748
12.4772817460317,1.28171649874831,1.34634882295734,1.00743466261697,60.7251312122963
12.477380952381,1.28160343996738,1.34632270868404,1.00695282935637,60.7259559737146
12.4774801587302,1.28149039418051,1.34629655926765,1.00647122611893,60.7267806247592
12.4775793650794,1.28137736138465,1.34627037472788,1.00598985279935,60.7276051654595
12.4776785714286,1.28126434157678,1.34624415508441,1.00550870929228,60.728429595845
12.4777777777778,1.28115133475388,1.34621790035694,1.00502779549249,60.7292539159452
12.477876984127,1.28103834091293,1.34619161056515,1.00454711129475,60.7300781257893
12.4779761904762,1.28092536005091,1.34616528572869,1.00406665659384,60.730902225407
12.4780753968254,1.28081239216483,1.34613892586724,1.00358643128463,60.7317262148275
12.4781746031746,1.28069943725167,1.34611253100044,1.00310643526195,60.7325500940803
12.4782738095238,1.28058649530845,1.34608610114795,1.00262666842073,60.7333738631947
12.478373015873,1.28047356633217,1.34605963632939,1.00214713065591,60.7341975222001
12.4784722222222,1.28036065031984,1.3460331365644,1.00166782186247,60.7350210711259
12.4785714285714,1.28024774726849,1.34600660187258,1.00118874193539,60.7358445100015
12.4786706349206,1.28013485717513,1.34598003227356,1.00070989076976,60.736667838856
12.4787698412698,1.2800219800368,1.34595342778694,1.00023126826062,60.737491057719
12.478869047619,1.27990911585053,1.34592678843231,0.999752874303121,60.7383141666198
12.4789682539683,1.27979626461336,1.34590011422925,0.999274708792373,60.7391371655875
12.4790674603175,1.27968342632234,1.34587340519734,0.99879677162359,60.7399600546516
12.4791666666667,1.27957060097451,1.34584666135616,0.998319062691964,60.7407828338413
12.4792658730159,1.27945778856692,1.34581988272525,0.997841581892761,60.7416055031859
12.4793650793651,1.27934498909665,1.34579306932418,0.997364329121279,60.7424280627146
12.4794642857143,1.27923220256076,1.34576622117249,0.996887304272815,60.7432505124568
12.4795634920635,1.27911942895631,1.34573933828971,0.99641050724275,60.7440728524417
12.4796626984127,1.27900666828037,1.34571242069536,0.99593393792645,60.7448950826984
12.4797619047619,1.27889392053004,1.34568546840898,0.995457596219365,60.7457172032563
12.4798611111111,1.2787811857024,1.34565848145006,0.994981482016929,60.7465392141446
12.4799603174603,1.27866846379454,1.34563145983812,0.994505595214664,60.7473611153925
12.4800595238095,1.27855575480354,1.34560440359263,0.994029935708072,60.7481829070291
12.4801587301587,1.27844305872653,1.34557731273309,0.993554503392743,60.7490045890836
12.4802579365079,1.27833037556059,1.34555018727898,0.993079298164248,60.7498261615853
12.4803571428571,1.27821770530285,1.34552302724976,0.992604319918248,60.7506476245633
12.4804563492063,1.27810504795042,1.34549583266489,0.992129568550383,60.7514689780467
12.4805555555556,1.27799240350042,1.34546860354382,0.991655043956383,60.7522902220647
12.4806547619048,1.27787977194998,1.345441339906,0.991180746031956,60.7531113566465
12.480753968254,1.27776715329623,1.34541404177086,0.990706674672889,60.7539323818211
12.4808531746032,1.27765454753631,1.34538670915783,0.990232829774999,60.7547532976177
12.4809523809524,1.27754195466736,1.34535934208632,0.989759211234101,60.7555741040653
12.4810515873016,1.27742937468653,1.34533194057575,0.989285818946097,60.7563948011931
12.4811507936508,1.27731680759097,1.34530450464551,0.98881265280687,60.7572153890302
12.48125,1.27720425337784,1.34527703431499,0.988339712712391,60.7580358676056
12.4813492063492,1.2770917120443,1.34524952960359,0.987866998558612,60.7588562369483
12.4814484126984,1.27697918358752,1.34522199053068,0.987394510241573,60.7596764970875
12.4815476190476,1.27686666800468,1.34519441711562,0.986922247657297,60.7604966480523
12.4816468253968,1.27675416529295,1.34516680937778,0.986450210701891,60.7613166898715
12.481746031746,1.27664167544951,1.3451391673365,0.985978399271448,60.7621366225742
12.4818452380952,1.27652919847157,1.34511149101113,0.985506813262145,60.7629564461895
12.4819444444444,1.2764167343563,1.345083780421,0.985035452570143,60.7637761607464
12.4820436507936,1.27630428310091,1.34505603558544,0.98456431709169,60.7645957662737
12.4821428571429,1.27619184470259,1.34502825652376,0.984093406723014,60.7654152628007
12.4822420634921,1.27607941915858,1.34500044325528,0.98362272136042,60.7662346503561
12.4823412698413,1.27596700646607,1.34497259579928,0.983152260900245,60.7670539289689
12.4824404761905,1.27585460662228,1.34494471417507,0.982682025238823,60.7678730986682
12.4825396825397,1.27574221962445,1.34491679840193,0.982212014272574,60.7686921594828
12.4826388888889,1.2756298454698,1.34488884849914,0.981742227897901,60.7695111114416
12.4827380952381,1.27551748415557,1.34486086448595,0.981272666011293,60.7703299545737
12.4828373015873,1.27540513567899,1.34483284638164,0.980803328509223,60.7711486889078
12.4829365079365,1.27529280003732,1.34480479420544,0.980334215288249,60.771967314473
12.4830357142857,1.27518047722779,1.3447767079766,0.979865326244912,60.772785831298
12.4831349206349,1.27506816724768,1.34474858771436,0.97939666127584,60.7736042394118
12.4832341269841,1.27495587009424,1.34472043343793,0.978928220277643,60.7744225388432
12.4833333333333,1.27484358576474,1.34469224516654,0.978460003147019,60.7752407296211
12.4834325396825,1.27473131425644,1.3446640229194,0.977992009780648,60.7760588117744
12.4835317460317,1.27461905556663,1.34463576671569,0.977524240075294,60.7768767853318
12.483630952381,1.27450680969258,1.34460747657462,0.977056693927709,60.7776946503222
12.4837301587302,1.27439457663158,1.34457915251537,0.976589371234712,60.7785124067744
12.4838293650794,1.27428235638093,1.34455079455711,0.976122271893163,60.7793300547172
12.4839285714286,1.27417014893792,1.34452240271901,0.975655395799913,60.7801475941795
12.4840277777778,1.27405795429985,1.34449397702022,0.975188742851901,60.7809650251899
12.484126984127,1.27394577246404,1.3444655174799,0.974722312946051,60.7817823477773
12.4842261904762,1.27383360342779,1.34443702411719,0.974256105979369,60.7825995619704
12.4843253968254,1.27372144718841,1.34440849695121,0.973790121848847,60.7834166677981
12.4844246031746,1.27360930374325,1.3443799360011,0.973324360451563,60.7842336652889
12.4845238095238,1.27349717308961,1.34435134128596,0.972858821684578,60.7850505544718
12.484623015873,1.27338505522484,1.34432271282492,0.972393505445037,60.7858673353753
12.4847222222222,1.27327295014628,1.34429405063705,0.971928411630071,60.7866840080282
12.4848214285714,1.27316085785126,1.34426535474146,0.971463540136895,60.7875005724592
12.4849206349206,1.27304877833713,1.34423662515724,0.970998890862708,60.7883170286971
12.4850198412698,1.27293671160126,1.34420786190344,0.970534463704796,60.7891333767703
12.485119047619,1.27282465764099,1.34417906499914,0.970070258560427,60.7899496167078
12.4852182539683,1.27271261645369,1.34415023446339,0.969606275326941,60.7907657485381
12.4853174603175,1.27260058803674,1.34412137031525,0.969142513901716,60.7915817722898
12.4854166666667,1.2724885723875,1.34409247257375,0.968678974182122,60.7923976879916
12.4855158730159,1.27237656950336,1.34406354125793,0.968215656065618,60.7932134956722
12.4856150793651,1.27226457938169,1.34403457638681,0.967752559449646,60.7940291953601
12.4857142857143,1.2721526020199,1.3440055779794,0.967289684231732,60.794844787084
12.4858134920635,1.27204063741537,1.34397654605471,0.966827030309386,60.7956602708724
12.4859126984127,1.2719286855655,1.34394748063175,0.966364597580206,60.796475646754
12.4860119047619,1.27181674646771,1.34391838172949,0.965902385941771,60.7972909147573
12.4861111111111,1.27170482011939,1.34388924936692,0.965440395291747,60.7981060749109
12.4862103174603,1.27159290651797,1.34386008356302,0.964978625527782,60.7989211272434
12.4863095238095,1.27148100566087,1.34383088433675,0.964517076547611,60.7997360717833
12.4864087301587,1.27136911754551,1.34380165170706,0.964055748248952,60.8005509085591
12.4865079365079,1.27125724216932,1.34377238569291,0.96359464052961,60.8013656375994
12.4866071428571,1.27114537952974,1.34374308631323,0.963133753287371,60.8021802589327
12.4867063492064,1.27103352962421,1.34371375358696,0.962673086420097,60.8029947725875
12.4868055555556,1.27092169245018,1.34368438753301,0.962212639825682,60.8038091785922
12.4869047619048,1.2708098680051,1.34365498817031,0.961752413402016,60.8046234769755
12.487003968254,1.27069805628642,1.34362555551775,0.961292407047078,60.8054376677657
12.4871031746032,1.27058625729162,1.34359608959424,0.960832620658828,60.8062517509913
12.4872023809524,1.27047447101814,1.34356659041867,0.960373054135311,60.8070657266808
12.4873015873016,1.27036269746348,1.34353705800991,0.959913707374557,60.8078795948626
12.4874007936508,1.2702509366251,1.34350749238684,0.959454580274682,60.8086933555651
12.4875,1.27013918850048,1.34347789356833,0.958995672733785,60.8095070088169
12.4875992063492,1.27002745308712,1.34344826157322,0.95853698465005,60.8103205546462
12.4876984126984,1.26991573038251,1.34341859642037,0.958078515921645,60.8111339930815
12.4877976190476,1.26980402038414,1.34338889812862,0.957620266446823,60.8119473241512
12.4878968253968,1.26969232308952,1.34335916671679,0.957162236123823,60.8127605478837
12.487996031746,1.26958063849616,1.34332940220371,0.956704424850967,60.8135736643073
12.4880952380952,1.26946896660156,1.34329960460819,0.956246832526562,60.8143866734504
12.4881944444444,1.26935730740326,1.34326977394904,0.955789459048987,60.8151995753414
12.4882936507937,1.26924566089877,1.34323991024506,0.955332304316655,60.8160123700086
12.4883928571429,1.26913402708562,1.34321001351503,0.954875368227978,60.8168250574803
12.4884920634921,1.26902240596135,1.34318008377774,0.954418650681451,60.8176376377849
12.4885912698413,1.26891079752349,1.34315012105194,0.953962151575554,60.8184501109506
12.4886904761905,1.26879920176959,1.34312012535642,0.953505870808851,60.8192624770058
12.4887896825397,1.2686876186972,1.34309009670993,0.953049808279893,60.8200747359787
12.4888888888889,1.26857604830388,1.3430600351312,0.952593963887312,60.8208868878977
12.4889880952381,1.26846449058717,1.34302994063899,0.952138337529727,60.821698932791
12.4890873015873,1.26835294554466,1.34299981325201,0.951682929105842,60.8225108706868
12.4891865079365,1.2682414131739,1.342969652989,0.951227738514343,60.8233227016135
12.4892857142857,1.26812989347248,1.34293945986866,0.950772765654004,60.8241344255992
12.4893849206349,1.26801838643797,1.3429092339097,0.950318010423581,60.8249460426722
12.4894841269841,1.26790689206796,1.34287897513081,0.949863472721915,60.8257575528607
12.4895833333333,1.26779541036004,1.34284868355069,0.949409152447833,60.8265689561929
12.4896825396825,1.26768394131181,1.34281835918802,0.948955049500232,60.827380252697
12.4897817460317,1.26757248492086,1.34278800206145,0.948501163778046,60.8281914424012
12.489880952381,1.26746104118481,1.34275761218967,0.948047495180205,60.8290025253336
12.4899801587302,1.26734961010127,1.34272718959132,0.947594043605722,60.8298135015225
12.4900793650794,1.26723819166784,1.34269673428504,0.947140808953598,60.830624370996
12.4901785714286,1.26712678588216,1.34266624628949,0.946687791122915,60.8314351337822
12.4902777777778,1.26701539274185,1.34263572562327,0.946234990012742,60.8322457899093
12.490376984127,1.26690401224454,1.34260517230503,0.945782405522232,60.8330563394054
12.4904761904762,1.26679264438786,1.34257458635336,0.945330037550523,60.8338667822986
12.4905753968254,1.26668128916948,1.34254396778688,0.944877885996836,60.834677118617
12.4906746031746,1.26656994658701,1.34251331662417,0.944425950760378,60.8354873483888
12.4907738095238,1.26645861663814,1.34248263288383,0.943974231740441,60.8362974716419
12.490873015873,1.26634729932049,1.34245191658444,0.9435227288363,60.8371074884045
12.4909722222222,1.26623599463175,1.34242116774456,0.943071441947316,60.8379173987047
12.4910714285714,1.26612470256958,1.34239038638276,0.942620370972835,60.8387272025704
12.4911706349206,1.26601342313166,1.3423595725176,0.942169515812273,60.8395369000298
12.4912698412698,1.26590215631565,1.34232872616761,0.941718876365082,60.8403464911108
12.491369047619,1.26579090211925,1.34229784735133,0.941268452530711,60.8411559758415
12.4914682539683,1.26567966054015,1.3422669360873,0.940818244208694,60.8419653542499
12.4915674603175,1.26556843157602,1.34223599239403,0.940368251298549,60.842774626364
12.4916666666667,1.26545721522459,1.34220501629004,0.939918473699879,60.8435837922118
12.4917658730159,1.26534601148355,1.34217400779382,0.939468911312271,60.8443928518213
12.4918650793651,1.26523482035061,1.34214296692388,0.939019564035396,60.8452018052204
12.4919642857143,1.26512364182347,1.34211189369871,0.938570431768912,60.8460106524371
12.4920634920635,1.26501247589988,1.34208078813677,0.938121514412559,60.8468193934994
12.4921626984127,1.26490132257754,1.34204965025653,0.937672811866065,60.8476280284352
12.4922619047619,1.26479018185419,1.34201848007648,0.937224324029237,60.8484365572724
12.4923611111111,1.26467905372756,1.34198727761504,0.936776050801873,60.8492449800389
12.4924603174603,1.2645679381954,1.34195604289067,0.936327992083851,60.8500532967627
12.4925595238095,1.26445683525544,1.34192477592181,0.935880147775036,60.8508615074717
12.4926587301587,1.26434574490545,1.34189347672688,0.935432517775364,60.8516696121937
12.4927579365079,1.26423466714317,1.34186214532431,0.934985101984805,60.8524776109566
12.4928571428571,1.26412360196636,1.34183078173249,0.934537900303328,60.8532855037883
12.4929563492063,1.26401254937279,1.34179938596985,0.934090912630985,60.8540932907166
12.4930555555556,1.26390150936024,1.34176795805477,0.933644138867815,60.8549009717694
12.4931547619048,1.26379048192648,1.34173649800563,0.933197578913937,60.8557085469746
12.493253968254,1.26367946706928,1.34170500584082,0.932751232669459,60.8565160163599
12.4933531746032,1.26356846478645,1.34167348157871,0.932305100034572,60.8573233799532
12.4934523809524,1.26345747507575,1.34164192523764,0.931859180909452,60.8581306377823
12.4935515873016,1.26334649793501,1.34161033683599,0.931413475194358,60.8589377898749
12.4936507936508,1.26323553336201,1.34157871639209,0.930967982789536,60.8597448362589
12.49375,1.26312458135457,1.34154706392428,0.930522703595314,60.860551776962
12.4938492063492,1.26301364191049,1.34151537945089,0.930077637512008,60.861358612012
12.4939484126984,1.2629027150276,1.34148366299022,0.929632784440015,60.8621653414367
12.4940476190476,1.26279180070371,1.34145191456061,0.929188144279719,60.8629719652638
12.4941468253968,1.26268089893666,1.34142013418034,0.928743716931575,60.863778483521
12.494246031746,1.26257000972427,1.34138832186771,0.928299502296073,60.8645848962361
12.4943452380952,1.26245913306439,1.34135647764101,0.927855500273701,60.8653912034367
12.4944444444444,1.26234826895486,1.34132460151851,0.927411710765029,60.8661974051506
12.4945436507937,1.26223741739352,1.34129269351848,0.926968133670615,60.8670035014055
12.4946428571429,1.26212657837824,1.34126075365919,0.926524768891098,60.867809492229
12.4947420634921,1.26201575190686,1.34122878195888,0.926081616327106,60.8686153776488
12.4948412698413,1.26190493797726,1.3411967784358,0.925638675879346,60.8694211576926
12.4949404761905,1.2617941365873,1.34116474310818,0.925195947448515,60.8702268323881
12.4950396825397,1.26168334773485,1.34113267599425,0.924753430935391,60.8710324017628
12.4951388888889,1.2615725714178,1.34110057711223,0.924311126240739,60.8718378658444
12.4952380952381,1.26146180763403,1.34106844648033,0.923869033265406,60.8726432246606
12.4953373015873,1.26135105638142,1.34103628411674,0.923427151910227,60.8734484782389
12.4954365079365,1.26124031765789,1.34100409003967,0.922985482076118,60.8742536266069
12.4955357142857,1.26112959146131,1.3409718642673,0.922544023663983,60.8750586697922
12.4956349206349,1.2610188777896,1.3409396068178,0.922102776574794,60.8758636078225
12.4957341269841,1.26090817664068,1.34090731770934,0.921661740709562,60.8766684407252
12.4958333333333,1.26079748801244,1.34087499696009,0.921220915969293,60.877473168528
12.4959325396825,1.26068681190282,1.34084264458818,0.920780302255076,60.8782777912583
12.4960317460317,1.26057614830974,1.34081026061178,0.920339899467989,60.8790823089438
12.496130952381,1.26046549723114,1.340777845049,0.919899707509189,60.8798867216118
12.4962301587302,1.26035485866494,1.34074539791798,0.919459726279823,60.8806910292901
12.4963293650794,1.26024423260909,1.34071291923683,0.919019955681118,60.881495232006
12.4964285714286,1.26013361906153,1.34068040902367,0.91858039561429,60.8822993297872
12.4965277777778,1.26002301802022,1.34064786729659,0.918141045980636,60.8831033226609
12.496626984127,1.25991242948311,1.34061529407369,0.917701906681439,60.8839072106548
12.4967261904762,1.25980185344816,1.34058268937305,0.917262977618067,60.8847109937963
12.4968253968254,1.25969128991335,1.34055005321274,0.916824258691871,60.8855146721128
12.4969246031746,1.25958073887664,1.34051738561084,0.916385749804289,60.8863182456319
12.4970238095238,1.259470200336,1.3404846865854,0.915947450856742,60.8871217143808
12.497123015873,1.25935967428943,1.34045195615448,0.915509361750724,60.8879250783872
12.4972222222222,1.25924916073492,1.34041919433611,0.915071482387762,60.8887283376783
12.4973214285714,1.25913865967044,1.34038640114833,0.914633812669381,60.8895314922816
12.4974206349206,1.259028171094,1.34035357660916,0.914196352497192,60.8903345422244
12.4975198412698,1.25891769500361,1.34032072073663,0.913759101772789,60.8911374875342
12.497619047619,1.25880723139727,1.34028783354874,0.91332206039785,60.8919403282384
12.4977182539683,1.25869678027299,1.34025491506348,0.912885228274041,60.8927430643642
12.4978174603175,1.2585863416288,1.34022196529887,0.912448605303107,60.8935456959391
12.4979166666667,1.25847591546271,1.34018898427286,0.912012191386783,60.8943482229903
12.4980158730159,1.25836550177276,1.34015597200345,0.911575986426885,60.8951506455453
12.4981150793651,1.25825510055698,1.3401229285086,0.911139990325216,60.8959529636313
12.4982142857143,1.2581447118134,1.34008985380626,0.910704202983663,60.8967551772757
12.4983134920635,1.25803433554008,1.34005674791439,0.910268624304096,60.8975572865057
12.4984126984127,1.25792397173506,1.34002361085092,0.909833254188471,60.8983592913487
12.4985119047619,1.25781362039639,1.3399904426338,0.90939809253873,60.8991611918319
12.4986111111111,1.25770328152214,1.33995724328094,0.908963139256884,60.8999629879826
12.4987103174603,1.25759295511037,1.33992401281027,0.908528394244979,60.900764679828
12.4988095238095,1.25748264115915,1.33989075123969,0.908093857405062,60.9015662673955
12.4989087301587,1.25737233966656,1.33985745858709,0.90765952863926,60.9023677507121
12.4990079365079,1.25726205063067,1.33982413487038,0.907225407849687,60.9031691298053
12.4991071428571,1.25715177404957,1.33979078010743,0.90679149493854,60.9039704047022
12.4992063492064,1.25704150992136,1.33975739431611,0.906357789808004,60.9047715754299
12.4993055555556,1.25693125824412,1.33972397751431,0.905924292360344,60.9055726420158
12.4994047619048,1.25682101901596,1.33969052971986,0.905491002497813,60.9063736044869
12.499503968254,1.25671079223498,1.33965705095062,0.905057920122747,60.9071744628705
12.4996031746032,1.25660057789929,1.33962354122444,0.904625045137467,60.9079752171937
12.4997023809524,1.25649037600702,1.33959000055914,0.904192377444379,60.9087758674838
12.4998015873016,1.25638018655628,1.33955642897255,0.903759916945873,60.9095764137677
12.4999007936508,1.25627000954521,1.33952282648249,0.903327663544424,60.9103768560727
12.5,1.25615984497192,1.33948919310675,0.902895617142492,60.911177194426
12.5000992063492,1.25604969283455,1.33945552886315,0.902463777642608,60.9119774288545
12.5001984126984,1.25593955313126,1.33942183376947,0.902032144947337,60.9127775593855
12.5002976190476,1.25582942586019,1.33938810784349,0.901600718959244,60.9135775860459
12.5003968253968,1.25571931101949,1.33935435110299,0.901169499580976,60.914377508863
12.500496031746,1.25560920860731,1.33932056356573,0.900738486715167,60.9151773278637
12.5005952380952,1.25549911862182,1.33928674524947,0.900307680264532,60.9159770430752
12.5006944444444,1.25538904106119,1.33925289617196,0.899877080131774,60.9167766545245
12.5007936507936,1.25527897592359,1.33921901635094,0.899446686219679,60.9175761622386
12.5008928571429,1.2551689232072,1.33918510580414,0.899016498431018,60.9183755662445
12.5009920634921,1.2550588829102,1.33915116454928,0.898586516668646,60.9191748665694
12.5010912698413,1.25494885503078,1.33911719260408,0.898156740835404,60.9199740632402
12.5011904761905,1.25483883956713,1.33908318998625,0.897727170834215,60.9207731562838
12.5012896825397,1.25472883651746,1.33904915671348,0.897297806567991,60.9215721457274
12.5013888888889,1.25461884587996,1.33901509280347,0.896868647939723,60.9223710315978
12.5014880952381,1.25450886765285,1.33898099827389,0.896439694852392,60.9231698139221
12.5015873015873,1.25439890183433,1.33894687314241,0.896010947209047,60.9239684927272
12.5016865079365,1.25428894842264,1.33891271742672,0.895582404912774,60.9247670680401
12.5017857142857,1.25417900741599,1.33887853114445,0.895154067866655,60.9255655398877
12.5018849206349,1.25406907881261,1.33884431431326,0.894725935973857,60.9263639082969
12.5019841269841,1.25395916261074,1.33881006695078,0.894298009137533,60.9271621732947
12.5020833333333,1.25384925880862,1.33877578907465,0.893870287260916,60.9279603349079
12.5021825396825,1.25373936740449,1.3387414807025,0.89344277024723,60.9287583931635
12.5022817460317,1.2536294883966,1.33870714185193,0.893015457999777,60.9295563480883
12.502380952381,1.25351962178321,1.33867277254055,0.892588350421851,60.9303541997093
12.5024801587302,1.25340976756258,1.33863837278596,0.892161447416823,60.9311519480532
12.5025793650794,1.25329992573298,1.33860394260575,0.891734748888054,60.9319495931471
12.5026785714286,1.25319009629267,1.3385694820175,0.891308254738987,60.9327471350176
12.5027777777778,1.25308027923993,1.33853499103879,0.890881964873052,60.9335445736917
12.502876984127,1.25297047457304,1.33850046968716,0.890455879193759,60.9343419091961
12.5029761904762,1.2528606822903,1.33846591798019,0.890029997604609,60.9351391415578
12.5030753968254,1.25275090238998,1.33843133593542,0.88960432000917,60.9359362708034
12.5031746031746,1.25264113487039,1.33839672357039,0.889178846311045,60.9367332969598
12.5032738095238,1.25253137972983,1.33836208090262,0.888753576413838,60.9375302200538
12.503373015873,1.2524216369666,1.33832740794964,0.888328510221232,60.9383270401121
12.5034722222222,1.25231190657903,1.33829270472897,0.887903647636901,60.9391237571616
12.5035714285714,1.25220218856541,1.33825797125811,0.887478988564597,60.9399203712289
12.5036706349206,1.25209248292409,1.33822320755456,0.887054532908063,60.9407168823409
12.5037698412698,1.25198278965338,1.3381884136358,0.88663028057112,60.9415132905242
12.503869047619,1.25187310875161,1.33815358951932,0.88620623145758,60.9423095958056
12.5039682539683,1.25176344021714,1.33811873522258,0.885782385471335,60.9431057982117
12.5040674603175,1.25165378404829,1.33808385076305,0.885358742516264,60.9439018977694
12.5041666666667,1.25154414024342,1.3380489361582,0.884935302496328,60.9446978945052
12.5042658730159,1.25143450880087,1.33801399142545,0.884512065315477,60.9454937884459
12.5043650793651,1.25132488971902,1.33797901658225,0.884089030877742,60.9462895796182
12.5044642857143,1.25121528299621,1.33794401164604,0.883666199087139,60.9470852680487
12.5045634920635,1.25110568863083,1.33790897663423,0.883243569847758,60.947880853764
12.5046626984127,1.25099610662124,1.33787391156423,0.882821143063721,60.9486763367908
12.5047619047619,1.25088653696583,1.33783881645345,0.88239891863915,60.9494717171557
12.5048611111111,1.25077697966297,1.33780369131929,0.881976896478248,60.9502669948854
12.5049603174603,1.25066743471106,1.33776853617913,0.881555076485206,60.9510621700065
12.5050595238095,1.25055790210849,1.33773335105036,0.881133458564298,60.9518572425455
12.5051587301587,1.25044838185367,1.33769813595034,0.880712042619784,60.9526522125291
12.5052579365079,1.25033887394499,1.33766289089644,0.880290828556005,60.9534470799838
12.5053571428571,1.25022937838086,1.33762761590602,0.879869816277291,60.9542418449362
12.5054563492063,1.25011989515971,1.33759231099641,0.879449005688054,60.9550365074128
12.5055555555556,1.25001042427994,1.33755697618496,0.879028396692692,60.9558310674403
12.5056547619048,1.24990096574,1.33752161148899,0.878607989195686,60.9566255250452
12.505753968254,1.2497915195383,1.33748621692583,0.878187783101503,60.9574198802539
12.5058531746032,1.24968208567328,1.33745079251278,0.877767778314693,60.958214133093
12.5059523809524,1.24957266414339,1.33741533826716,0.877347974739794,60.959008283589
12.5060515873016,1.24946325494707,1.33737985420626,0.876928372281412,60.9598023317684
12.5061507936508,1.24935385808277,1.33734434034736,0.876508970844189,60.9605962776577
12.50625,1.24924447354894,1.33730879670775,0.876089770332766,60.9613901212833
12.5063492063492,1.24913510134406,1.33727322330469,0.875670770651866,60.9621838626718
12.5064484126984,1.24902574146658,1.33723762015545,0.875251971706199,60.9629775018496
12.5065476190476,1.24891639391498,1.33720198727729,0.874833373400556,60.9637710388431
12.5066468253968,1.24880705868773,1.33716632468743,0.874414975639718,60.9645644736788
12.506746031746,1.24869773578332,1.33713063240313,0.873996778328545,60.9653578063831
12.5068452380952,1.24858842520023,1.33709491044162,0.873578781371886,60.9661510369824
12.5069444444444,1.24847912693696,1.3370591588201,0.87316098467467,60.9669441655031
12.5070436507937,1.248369840992,1.3370233775558,0.872743388141817,60.9677371919716
12.5071428571429,1.24826056736386,1.33698756666591,0.872325991678324,60.9685301164143
12.5072420634921,1.24815130605105,1.33695172616764,0.871908795189181,60.9693229388576
12.5073412698413,1.24804205705207,1.33691585607817,0.871491798579454,60.9701156593278
12.5074404761905,1.24793282036544,1.33687995641467,0.8710750017542,60.9709082778513
12.5075396825397,1.24782359598969,1.33684402719432,0.870658404618546,60.9717007944544
12.5076388888889,1.24771438392336,1.33680806843428,0.870242007077652,60.9724932091635
12.5077380952381,1.24760518416496,1.3367720801517,0.869825809036678,60.9732855220049
12.5078373015873,1.24749599671304,1.33673606236373,0.869409810400866,60.9740777330048
12.5079365079365,1.24738682156615,1.3367000150875,0.868994011075445,60.9748698421897
12.5080357142857,1.24727765872282,1.33666393834014,0.868578410965726,60.9756618495857
12.5081349206349,1.24716850818163,1.33662783213877,0.868163009977008,60.9764537552192
12.5082341269841,1.24705936994112,1.3365916965005,0.867747808014669,60.9772455591165
12.5083333333333,1.24695024399986,1.33655553144244,0.86733280498408,60.9780372613037
12.5084325396825,1.24684113035642,1.33651933698168,0.866918000790687,60.9788288618072
12.5085317460317,1.24673202900938,1.33648311313529,0.866503395339929,60.9796203606532
12.508630952381,1.24662293995731,1.33644685992038,0.866088988537324,60.9804117578679
12.5087301587302,1.2465138631988,1.33641057735399,0.865674780288379,60.9812030534776
12.5088293650794,1.24640479873245,1.33637426545319,0.865260770498679,60.9819942475084
12.5089285714286,1.24629574655683,1.33633792423504,0.864846959073802,60.9827853399866
12.5090277777778,1.24618670667057,1.33630155371658,0.864433345919392,60.9835763309383
12.509126984127,1.24607767907226,1.33626515391484,0.864019930941129,60.9843672203896
12.5092261904762,1.24596866376051,1.33622872484685,0.863606714044692,60.9851580083669
12.5093253968254,1.24585966073394,1.33619226652964,0.863193695135842,60.9859486948962
12.5094246031746,1.24575066999117,1.3361557789802,0.862780874120327,60.9867392800038
12.5095238095238,1.24564169153083,1.33611926221555,0.862368250903977,60.9875297637156
12.509623015873,1.24553272535155,1.33608271625268,0.86195582539261,60.9883201460579
12.5097222222222,1.24542377145196,1.33604614110856,0.861543597492124,60.9891104270567
12.5098214285714,1.24531482983071,1.33600953680019,0.861131567108407,60.9899006067382
12.5099206349206,1.24520590048644,1.33597290334452,0.860719734147427,60.9906906851285
12.5100198412698,1.24509698341781,1.33593624075853,0.860308098515139,60.9914806622537
12.510119047619,1.24498807862347,1.33589954905915,0.859896660117582,60.9922705381397
12.5102182539683,1.24487918610209,1.33586282826333,0.859485418860781,60.9930603128128
12.5103174603175,1.24477030585233,1.33582607838801,0.859074374650841,60.9938499862989
12.5104166666667,1.24466143787287,1.33578929945012,0.858663527393859,60.9946395586241
12.5105158730159,1.24455258216238,1.33575249146657,0.858252876995997,60.9954290298144
12.5106150793651,1.24444373871954,1.33571565445427,0.857842423363455,60.9962183998959
12.5107142857143,1.24433490754306,1.33567878843013,0.857432166402431,60.9970076688945
12.5108134920635,1.24422608863161,1.33564189341103,0.857022106019204,60.9977968368363
12.5109126984127,1.2441172819839,1.33560496941387,0.856612242120043,60.9985859037473
12.5110119047619,1.24400848759863,1.33556801645551,0.856202574611295,60.9993748696534
12.5111111111111,1.2438997054745,1.33553103455283,0.855793103399298,61.0001637345806
12.5112103174603,1.24379093561025,1.33549402372269,0.85538382839047,61.0009524985549
12.5113095238095,1.24368217800457,1.33545698398193,0.854974749491217,61.0017411616022
12.5114087301587,1.2435734326562,1.33541991534741,0.854565866608025,61.0025297237485
12.5115079365079,1.24346469956387,1.33538281783594,0.854157179647371,61.0033181850197
12.5116071428571,1.24335597872631,1.33534569146437,0.85374868851581,61.0041065454417
12.5117063492063,1.24324727014226,1.33530853624951,0.853340393119887,61.0048948050404
12.5118055555556,1.24313857381046,1.33527135220816,0.852932293366228,61.0056829638417
12.5119047619048,1.24302988972967,1.33523413935712,0.852524389161446,61.0064710218716
12.512003968254,1.24292121789864,1.3351968977132,0.852116680412224,61.0072589791559
12.5121031746032,1.24281255831613,1.33515962729318,0.851709167025281,61.0080468357204
12.5122023809524,1.2427039109809,1.33512232811382,0.851301848907333,61.0088345915911
12.5123015873016,1.24259527589174,1.3350850001919,0.850894725965179,61.0096222467937
12.5124007936508,1.2424866530474,1.33504764354417,0.850487798105607,61.0104098013542
12.5125,1.24237804244669,1.33501025818739,0.850081065235482,61.0111972552982
12.5125992063492,1.24226944408836,1.3349728441383,0.849674527261663,61.0119846086518
12.5126984126984,1.24216085797124,1.33493540141363,0.849268184091085,61.0127718614406
12.5127976190476,1.24205228409409,1.33489793003011,0.848862035630674,61.0135590136905
12.5128968253968,1.24194372245574,1.33486043000446,0.848456081787436,61.0143460654272
12.512996031746,1.24183517305498,1.33482290135337,0.848050322468365,61.0151330166765
12.5130952380952,1.24172663589063,1.33478534409356,0.847644757580536,61.0159198674642
12.5131944444444,1.2416181109615,1.33474775824172,0.847239387031015,61.0167066178161
12.5132936507936,1.24150959826643,1.33471014381452,0.846834210726943,61.0174932677578
12.5133928571429,1.24140109780422,1.33467250082864,0.846429228575455,61.0182798173152
12.5134920634921,1.24129260957372,1.33463482930076,0.846024440483754,61.019066266514
12.5135912698413,1.24118413357376,1.33459712924752,0.845619846359074,61.0198526153798
12.5136904761905,1.24107566980319,1.33455940068558,0.845215446108654,61.0206388639384
12.5137896825397,1.24096721826086,1.33452164363158,0.84481123963981,61.0214250122154
12.5138888888889,1.24085877894561,1.33448385810215,0.844407226859849,61.0222110602366
12.5139880952381,1.24075035185631,1.33444604411392,0.844003407676157,61.0229970080276
12.5140873015873,1.24064193699182,1.33440820168351,0.84359978199611,61.0237828556141
12.5141865079365,1.24053353435101,1.33437033082751,0.843196349727163,61.0245686030217
12.5142857142857,1.24042514393274,1.33433243156253,0.84279311077676,61.0253542502761
12.5143849206349,1.24031676573591,1.33429450390517,0.842390065052427,61.0261397974029
12.5144841269841,1.24020839975939,1.334256547872,0.841987212461678,61.0269252444277
12.5145833333333,1.24010004600208,1.3342185634796,0.841584552912106,61.0277105913762
12.5146825396825,1.23999170446286,1.33418055074454,0.841182086311295,61.0284958382739
12.5147817460317,1.23988337514064,1.33414250968336,0.840779812566906,61.0292809851465
12.514880952381,1.23977505803432,1.33410444031263,0.840377731586595,61.0300660320194
12.5149801587302,1.23966675314282,1.33406634264888,0.83997584327808,61.0308509789184
12.5150793650794,1.23955846046504,1.33402821670865,0.839574147549117,61.0316358258689
12.5151785714286,1.2394501799999,1.33399006250845,0.839172644307464,61.0324205728965
12.5152777777778,1.23934191174634,1.33395188006481,0.838771333460955,61.0332052200268
12.515376984127,1.23923365570328,1.33391366939423,0.838370214917417,61.0339897672852
12.5154761904762,1.23912541186966,1.33387543051321,0.837969288584753,61.0347742146972
12.5155753968254,1.23901718024441,1.33383716343824,0.837568554370861,61.0355585622885
12.5156746031746,1.23890896082649,1.33379886818581,0.837168012183712,61.0363428100844
12.5157738095238,1.23880075361484,1.33376054477238,0.836767661931273,61.0371269581106
12.515873015873,1.23869255860842,1.33372219321442,0.836367503521585,61.0379110063924
12.5159722222222,1.2385843758062,1.3336838135284,0.835967536862683,61.0386949549553
12.5160714285714,1.23847620520714,1.33364540573075,0.835567761862679,61.0394788038248
12.5161706349206,1.2383680468102,1.33360696983791,0.835168178429676,61.0402625530263
12.5162698412698,1.23825990061437,1.33356850586633,0.834768786471855,61.0410462025852
12.516369047619,1.23815176661863,1.33353001383242,0.834369585897388,61.0418297525271
12.5164682539683,1.23804364482197,1.3334914937526,0.833970576614515,61.0426132028773
12.5165674603175,1.23793553522337,1.33345294564327,0.833571758531511,61.0433965536612
12.5166666666667,1.23782743782184,1.33341436952083,0.833173131556651,61.0441798049041
12.5167658730159,1.23771935261638,1.33337576540168,0.832774695598289,61.0449629566316
12.5168650793651,1.23761127960599,1.33333713330219,0.832376450564771,61.0457460088689
12.5169642857143,1.23750321878969,1.33329847323873,0.831978396364521,61.0465289616414
12.5170634920635,1.2373951701665,1.33325978522768,0.831580532905953,61.0473118149746
12.5171626984127,1.23728713373544,1.33322106928539,0.83118286009756,61.0480945688936
12.5172619047619,1.23717910949553,1.3331823254282,0.830785377847825,61.0488772234239
12.5173611111111,1.23707109744581,1.33314355367246,0.830388086065311,61.0496597785908
12.5174603174603,1.23696309758533,1.33310475403449,0.829990984658569,61.0504422344196
12.5175595238095,1.23685510991311,1.33306592653062,0.829594073536233,61.0512245909356
12.5176587301587,1.23674713442822,1.33302707117716,0.829197352606923,61.052006848164
12.5177579365079,1.23663917112971,1.33298818799043,0.828800821779339,61.0527890061302
12.5178571428571,1.23653122001663,1.3329492769867,0.828404480962174,61.0535710648595
12.5179563492064,1.23642328108804,1.33291033818229,0.828008330064187,61.0543530243771
12.5180555555556,1.23631535434303,1.33287137159346,0.827612368994169,61.0551348847082
12.5181547619048,1.23620743978066,1.33283237723649,0.827216597660916,61.0559166458781
12.518253968254,1.23609953740002,1.33279335512765,0.826821015973303,61.056698307912
12.5183531746032,1.23599164720018,1.33275430528318,0.826425623840192,61.0574798708352
12.5184523809524,1.23588376918024,1.33271522771934,0.826030421170527,61.0582613346728
12.5185515873016,1.2357759033393,1.33267612245236,0.825635407873242,61.0590426994501
12.5186507936508,1.23566804967645,1.33263698949848,0.825240583857347,61.0598239651922
12.51875,1.23556020819079,1.33259782887391,0.824845949031846,61.0606051319244
12.5188492063492,1.23545237888145,1.33255864059488,0.82445150330582,61.0613861996717
12.5189484126984,1.23534456174754,1.33251942467758,0.824057246588341,61.0621671684594
12.5190476190476,1.23523675678817,1.33248018113821,0.823663178788559,61.0629480383125
12.5191468253968,1.23512896400247,1.33244090999297,0.823269299815615,61.0637288092563
12.519246031746,1.23502118338958,1.33240161125803,0.822875609578729,61.0645094813159
12.5193452380952,1.23491341494863,1.33236228494956,0.82248210798711,61.0652900545163
12.5194444444444,1.23480565867876,1.33232293108372,0.822088794950038,61.0660705288827
12.5195436507937,1.23469791457912,1.33228354967668,0.821695670376823,61.0668509044402
12.5196428571429,1.23459018264886,1.33224414074458,0.821302734176781,61.0676311812138
12.5197420634921,1.23448246288714,1.33220470430355,0.820909986259303,61.0684113592287
12.5198412698413,1.23437475529312,1.33216524036973,0.820517426533773,61.0691914385099
12.5199404761905,1.23426705986597,1.33212574895924,0.820125054909653,61.0699714190824
12.5200396825397,1.23415937660485,1.33208623008818,0.819732871296396,61.0707513009714
12.5201388888889,1.23405170550896,1.33204668377268,0.819340875603532,61.0715310842018
12.5202380952381,1.23394404657746,1.33200711002881,0.818949067740582,61.0723107687986
12.5203373015873,1.23383639980956,1.33196750887267,0.818557447617148,61.0730903547869
12.5204365079365,1.23372876520443,1.33192788032034,0.81816601514282,61.0738698421917
12.5205357142857,1.23362114276129,1.33188822438789,0.817774770227267,61.074649231038
12.5206349206349,1.23351353247933,1.33184854109139,0.81738371278015,61.0754285213508
12.5207341269841,1.23340593435776,1.33180883044688,0.816992842711207,61.0762077131549
12.5208333333333,1.2332983483958,1.33176909247041,0.816602159930168,61.0769868064755
12.5209325396825,1.23319077459266,1.33172932717802,0.816211664346829,61.0777658013374
12.5210317460317,1.23308321294757,1.33168953458575,0.815821355871021,61.0785446977655
12.521130952381,1.23297566345975,1.3316497147096,0.815431234412579,61.0793234957849
12.5212301587302,1.23286812612846,1.33160986756559,0.815041299881412,61.0801021954205
12.5213293650794,1.2327606009529,1.33156999316973,0.814651552187426,61.0808807966971
12.5214285714286,1.23265308793235,1.33153009153802,0.814261991240598,61.0816592996396
12.5215277777778,1.23254558706605,1.33149016268643,0.813872616950902,61.0824377042729
12.521626984127,1.23243809835324,1.33145020663095,0.813483429228387,61.083216010622
12.5217261904762,1.2323306217932,1.33141022338755,0.813094427983094,61.0839942187117
12.5218253968254,1.23222315738518,1.33137021297219,0.812705613125142,61.0847723285668
12.5219246031746,1.23211570512846,1.33133017540082,0.812316984564642,61.0855503402122
12.5220238095238,1.23200826502231,1.3312901106894,0.811928542211781,61.0863282536728
12.522123015873,1.23190083706601,1.33125001885384,0.81154028597674,61.0871060689733
12.5222222222222,1.23179342125886,1.3312098999101,0.811152215769774,61.0878837861386
12.5223214285714,1.23168601760013,1.33116975387408,0.810764331501134,61.0886614051935
12.5224206349206,1.23157862608912,1.33112958076169,0.810376633081135,61.0894389261627
12.5225198412698,1.23147124672515,1.33108938058885,0.809989120420126,61.0902163490712
12.522619047619,1.23136387950751,1.33104915337144,0.809601793428461,61.0909936739436
12.5227182539683,1.23125652443552,1.33100889912535,0.809214652016571,61.0917709008047
12.5228174603175,1.23114918150848,1.33096861786646,0.808827696094875,61.0925480296793
12.5229166666667,1.23104185072574,1.33092830961064,0.808440925573875,61.0933250605921
12.5230158730159,1.2309345320866,1.33088797437375,0.808054340364062,61.0941019935678
12.5231150793651,1.23082722559041,1.33084761217164,0.807667940376003,61.0948788286312
12.5232142857143,1.23071993123649,1.33080722302017,0.80728172552026,61.0956555658071
12.5233134920635,1.2306126490242,1.33076680693515,0.806895695707469,61.09643220512
12.5234126984127,1.23050537895288,1.33072636393243,0.806509850848261,61.0972087465947
12.5235119047619,1.23039812102189,1.33068589402782,0.806124190853343,61.0979851902559
12.5236111111111,1.23029087523058,1.33064539723714,0.805738715633413,61.0987615361283
12.5237103174603,1.23018364157831,1.33060487357618,0.805353425099247,61.0995377842365
12.5238095238095,1.23007642006445,1.33056432306074,0.804968319161613,61.1003139346051
12.5239087301587,1.22996921068839,1.3305237457066,0.804583397731347,61.1010899872589
12.5240079365079,1.22986201344948,1.33048314152955,0.804198660719317,61.1018659422223
12.5241071428571,1.22975482834713,1.33044251054535,0.803814108036396,61.1026417995202
12.5242063492063,1.22964765538072,1.33040185276976,0.803429739593531,61.103417559177
12.5243055555556,1.22954049454963,1.33036116821854,0.803045555301666,61.1041932212175
12.5244047619048,1.22943334585328,1.33032045690743,0.802661555071816,61.104968785666
12.524503968254,1.22932620929106,1.33027971885216,0.802277738814994,61.1057442525474
12.5246031746032,1.2292190848624,1.33023895406847,0.801894106442286,61.1065196218861
12.5247023809524,1.22911197256668,1.33019816257206,0.801510657864773,61.1072948937066
12.5248015873016,1.22900487240335,1.33015734437866,0.801127392993609,61.1080700680336
12.5249007936508,1.22889778437183,1.33011649950396,0.800744311739946,61.1088451448916
12.525,1.22879070847154,1.33007562796365,0.800361414015008,61.109620124305
12.5250992063492,1.22868364470191,1.33003472977343,0.799978699730013,61.1103950062985
12.5251984126984,1.2285765930624,1.32999380494897,0.799596168796257,61.1111697908965
12.5252976190476,1.22846955355245,1.32995285350594,0.799213821125026,61.1119444781236
12.5253968253968,1.2283625261715,1.32991187545999,0.798831656627675,61.1127190680041
12.525496031746,1.22825551091901,1.32987087082678,0.798449675215591,61.1134935605627
12.5255952380952,1.22814850779445,1.32982983962195,0.798067876800165,61.1142679558237
12.5256944444444,1.22804151679728,1.32978878186115,0.797686261292866,61.1150422538117
12.5257936507937,1.22793453792697,1.32974769755998,0.797304828605154,61.115816454551
12.5258928571429,1.227827571183,1.32970658673408,0.796923578648566,61.1165905580661
12.5259920634921,1.22772061656484,1.32966544939905,0.796542511334632,61.1173645643815
12.5260912698413,1.227613674072,1.32962428557049,0.796161626574958,61.1181384735214
12.5261904761905,1.22750674370395,1.329583095264,0.795780924281142,61.1189122855105
12.5262896825397,1.22739982546019,1.32954187849516,0.795400404364861,61.119686000373
12.5263888888889,1.22729291934024,1.32950063527955,0.795020066737782,61.1204596181334
12.5264880952381,1.22718602534359,1.32945936563273,0.79463991131165,61.1212331388159
12.5265873015873,1.22707914346975,1.32941806957027,0.794259937998202,61.122006562445
12.5266865079365,1.22697227371825,1.32937674710771,0.793880146709253,61.1227798890451
12.5267857142857,1.22686541608861,1.3293353982606,0.793500537356608,61.1235531186404
12.5268849206349,1.22675857058036,1.32929402304447,0.79312110985214,61.1243262512554
12.5269841269841,1.22665173719302,1.32925262147485,0.792741864107757,61.1250992869142
12.5270833333333,1.22654491592614,1.32921119356725,0.792362800035369,61.1258722256413
12.5271825396825,1.22643810677927,1.32916973933719,0.791983917546962,61.126645067461
12.5272817460317,1.22633130975194,1.32912825880016,0.791605216554517,61.1274178123975
12.527380952381,1.22622452484372,1.32908675197166,0.791226696970089,61.1281904604751
12.5274801587302,1.22611775205416,1.32904521886718,0.790848358705727,61.1289630117181
12.5275793650794,1.22601099138283,1.32900365950218,0.790470201673556,61.1297354661508
12.5276785714286,1.22590424282929,1.32896207389213,0.790092225785694,61.1305078237974
12.5277777777778,1.22579750639312,1.3289204620525,0.789714430954336,61.1312800846821
12.527876984127,1.2256907820739,1.32887882399873,0.789336817091669,61.1320522488292
12.5279761904762,1.22558406987122,1.32883715974627,0.788959384109957,61.1328243162629
12.5280753968254,1.22547736978466,1.32879546931054,0.788582131921456,61.1335962870074
12.5281746031746,1.22537068181382,1.32875375270698,0.788205060438499,61.1343681610869
12.5282738095238,1.2252640059583,1.328712009951,0.787828169573411,61.1351399385256
12.528373015873,1.2251573422177,1.32867024105801,0.787451459238584,61.1359116193478
12.5284722222222,1.22505069059164,1.32862844604341,0.787074929346445,61.1366832035774
12.5285714285714,1.22494405107973,1.3285866249226,0.786698579809422,61.1374546912387
12.5286706349206,1.22483742368159,1.32854477771094,0.786322410540022,61.1382260823559
12.5287698412698,1.22473080839685,1.32850290442383,0.785946421450744,61.1389973769531
12.528869047619,1.22462420522514,1.32846100507662,0.785570612454162,61.1397685750544
12.5289682539683,1.22451761416609,1.32841907968467,0.785194983462844,61.140539676684
12.5290674603175,1.22441103521935,1.32837712826334,0.784819534389434,61.1413106818659
12.5291666666667,1.22430446838456,1.32833515082796,0.784444265146571,61.1420815906242
12.5292658730159,1.22419791366137,1.32829314739388,0.784069175646966,61.1428524029831
12.5293650793651,1.22409137104945,1.3282511179764,0.783694265803327,61.1436231189665
12.5294642857143,1.22398484054845,1.32820906259085,0.783319535528435,61.1443937385987
12.5295634920635,1.22387832215804,1.32816698125254,0.782944984735067,61.1451642619035
12.5296626984127,1.22377181587789,1.32812487397677,0.782570613336075,61.1459346889051
12.5297619047619,1.22366532170768,1.32808274077882,0.782196421244303,61.1467050196276
12.5298611111111,1.22355883964709,1.32804058167398,0.781822408372662,61.1474752540949
12.5299603174603,1.22345236969582,1.32799839667753,0.781448574634097,61.148245392331
12.5300595238095,1.22334591185355,1.32795618580473,0.781074919941557,61.1490154343599
12.5301587301587,1.22323946611998,1.32791394907083,0.780701444208066,61.1497853802057
12.5302579365079,1.22313303249481,1.32787168649109,0.780328147346642,61.1505552298923
12.5303571428571,1.22302661097776,1.32782939808075,0.77995502927038,61.1513249834438
12.5304563492064,1.22292020156853,1.32778708385503,0.779582089892366,61.152094640884
12.5305555555556,1.22281380426685,1.32774474382917,0.779209329125763,61.1528642022368
12.5306547619048,1.22270741907243,1.32770237801838,0.778836746883729,61.1536336675264
12.530753968254,1.22260104598502,1.32765998643786,0.778464343079494,61.1544030367765
12.5308531746032,1.22249468500434,1.32761756910282,0.778092117626286,61.1551723100112
12.5309523809524,1.22238833613013,1.32757512602844,0.777720070437404,61.1559414872543
12.5310515873016,1.22228199936213,1.32753265722991,0.777348201426145,61.1567105685297
12.5311507936508,1.2221756747001,1.3274901627224,0.776976510505879,61.1574795538613
12.53125,1.22206936214378,1.32744764252108,0.776604997589969,61.158248443273
12.5313492063492,1.22196306169295,1.3274050966411,0.776233662591846,61.1590172367887
12.5314484126984,1.22185677334736,1.32736252509761,0.775862505424973,61.1597859344321
12.5315476190476,1.22175049710679,1.32731992790575,0.775491526002819,61.1605545362273
12.5316468253968,1.22164423297101,1.32727730508065,0.775120724238927,61.161323042198
12.531746031746,1.2215379809398,1.32723465663744,0.774750100046834,61.162091452368
12.5318452380952,1.22143174101294,1.32719198259123,0.774379653340153,61.1628597667612
12.5319444444444,1.22132551319023,1.32714928295713,0.774009384032491,61.1636279854013
12.5320436507936,1.22121929747147,1.32710655775023,0.773639292037529,61.1643961083122
12.5321428571429,1.22111309385645,1.32706380698563,0.773269377268943,61.1651641355177
12.5322420634921,1.22100690234498,1.3270210306784,0.772899639640484,61.1659320670415
12.5323412698413,1.22090072293687,1.32697822884362,0.772530079065897,61.1666999029074
12.5324404761905,1.22079455563194,1.32693540149636,0.772160695459002,61.1674676431391
12.5325396825397,1.22068840043001,1.32689254865167,0.771791488733614,61.1682352877605
12.5326388888889,1.22058225733091,1.32684967032459,0.771422458803622,61.1690028367952
12.5327380952381,1.22047612633446,1.32680676653018,0.771053605582909,61.169770290267
12.5328373015873,1.22037000744051,1.32676383728345,0.770684928985424,61.1705376481995
12.5329365079365,1.2202639006489,1.32672088259943,0.77031642892515,61.1713049106165
12.5330357142857,1.22015780595948,1.32667790249313,0.769948105316074,61.1720720775417
12.5331349206349,1.2200517233721,1.32663489697957,0.769579958072258,61.1728391489988
12.5332341269841,1.21994565288661,1.32659186607374,0.76921198710776,61.1736061250114
12.5333333333333,1.21983959450288,1.32654880979062,0.76884419233671,61.1743730056032
12.5334325396825,1.21973354822077,1.3265057281452,0.768476573673234,61.1751397907978
12.5335317460317,1.21962751404017,1.32646262115245,0.768109131031533,61.175906480619
12.533630952381,1.21952149196095,1.32641948882733,0.767741864325802,61.1766730750903
12.5337301587302,1.21941548198299,1.32637633118481,0.767374773470312,61.1774395742353
12.5338293650794,1.21930948410618,1.32633314823982,0.767007858379325,61.1782059780778
12.5339285714286,1.21920349833042,1.32628994000731,0.766641118967182,61.1789722866411
12.5340277777778,1.2190975246556,1.3262467065022,0.766274555148215,61.1797384999491
12.534126984127,1.21899156308163,1.32620344773942,0.765908166836833,61.1805046180252
12.5342261904762,1.21888561360841,1.32616016373388,0.765541953947439,61.181270640893
12.5343253968254,1.21877967623587,1.32611685450049,0.7651759163945,61.1820365685761
12.5344246031746,1.21867375096392,1.32607352005414,0.764810054092518,61.182802401098
12.5345238095238,1.21856783779248,1.32603016040973,0.764444366955999,61.1835681384823
12.534623015873,1.21846193672149,1.32598677558212,0.764078854899526,61.1843337807525
12.5347222222222,1.21835604775088,1.3259433655862,0.763713517837673,61.1850993279321
12.5348214285714,1.2182501708806,1.32589993043683,0.763348355685091,61.1858647800446
12.5349206349206,1.21814430611057,1.32585647014885,0.762983368356425,61.1866301371135
12.5350198412698,1.21803845344077,1.32581298473713,0.762618555766394,61.1873953991624
12.535119047619,1.21793261287114,1.32576947421649,0.762253917829714,61.1881605662147
12.5352182539683,1.21782678440165,1.32572593860177,0.761889454461172,61.1889256382938
12.5353174603175,1.21772096803225,1.32568237790778,0.761525165575552,61.1896906154232
12.5354166666667,1.21761516376292,1.32563879214934,0.761161051087712,61.1904554976264
12.5355158730159,1.21750937159364,1.32559518134126,0.760797110912504,61.1912202849269
12.5356150793651,1.21740359152439,1.32555154549833,0.760433344964857,61.1919849773479
12.5357142857143,1.21729782355516,1.32550788463534,0.760069753159691,61.192749574913
12.5358134920635,1.21719206768593,1.32546419876706,0.759706335411994,61.1935140776456
12.5359126984127,1.2170863239167,1.32542048790828,0.759343091636785,61.194278485569
12.5360119047619,1.21698059224748,1.32537675207374,0.758980021749092,61.1950427987066
12.5361111111111,1.21687487267828,1.32533299127821,0.758617125664014,61.1958070170819
12.5362103174603,1.2167691652091,1.32528920553643,0.758254403296645,61.1965711407181
12.5363095238095,1.21666346983996,1.32524539486314,0.757891854562156,61.1973351696387
12.5364087301587,1.21655778657089,1.32520155927307,0.75752947937571,61.1980991038669
12.5365079365079,1.21645211540191,1.32515769878094,0.757167277652546,61.1988629434262
12.5366071428571,1.21634645633305,1.32511381340146,0.756805249307898,61.1996266883398
12.5367063492063,1.21624080936436,1.32506990314933,0.756443394257073,61.200390338631
12.5368055555556,1.21613517449588,1.32502596803925,0.756081712415374,61.2011538943232
12.5369047619048,1.21602955172766,1.32498200808591,0.755720203698177,61.2019173554397
12.537003968254,1.21592394105974,1.32493802330398,0.755358868020855,61.2026807220037
12.5371031746032,1.21581834249219,1.32489401370814,0.754997705298854,61.2034439940384
12.5372023809524,1.21571275602507,1.32484997931305,0.754636715447614,61.2042071715673
12.5373015873016,1.21560718165846,1.32480592013336,0.754275898382641,61.2049702546135
12.5374007936508,1.21550161939242,1.32476183618372,0.753915254019476,61.2057332432002
12.5375,1.21539606922703,1.32471772747876,0.753554782273663,61.2064961373507
12.5375992063492,1.21529053116239,1.32467359403312,0.75319448306082,61.2072589370882
12.5376984126984,1.21518500519857,1.3246294358614,0.752834356296563,61.2080216424359
12.5377976190476,1.21507949133567,1.32458525297823,0.752474401896579,61.2087842534171
12.5378968253968,1.2149739895738,1.3245410453982,0.752114619776553,61.2095467700549
12.537996031746,1.21486849991306,1.32449681313592,0.75175500985224,61.2103091923724
12.5380952380952,1.21476302235356,1.32445255620597,0.751395572039395,61.211071520393
12.5381944444444,1.21465755689541,1.32440827462292,0.751036306253842,61.2118337541396
12.5382936507937,1.21455210353873,1.32436396840134,0.750677212411406,61.2125958936355
12.5383928571429,1.21444666228366,1.32431963755581,0.75031829042798,61.2133579389038
12.5384920634921,1.21434123313031,1.32427528210086,0.749959540219457,61.2141198899677
12.5385912698413,1.21423581607883,1.32423090205105,0.749600961701801,61.2148817468502
12.5386904761905,1.21413041112936,1.32418649742091,0.749242554790972,61.2156435095745
12.5387896825397,1.21402501828205,1.32414206822497,0.748884319402996,61.2164051781636
12.5388888888889,1.21391963753704,1.32409761447774,0.74852625545393,61.2171667526407
12.5389880952381,1.2138142688945,1.32405313619375,0.748168362859839,61.2179282330288
12.5390873015873,1.21370891235458,1.32400863338748,0.747810641536861,61.218689619351
12.5391865079365,1.21360356791744,1.32396410607344,0.74745309140113,61.2194509116303
12.5392857142857,1.21349823558328,1.32391955426611,0.747095712368852,61.2202121098898
12.5393849206349,1.21339291535225,1.32387497797997,0.74673850435623,61.2209732141526
12.5394841269841,1.21328760722455,1.32383037722949,0.746381467279541,61.2217342244416
12.5395833333333,1.21318231120036,1.32378575202913,0.746024601055056,61.2224951407799
12.5396825396825,1.21307702727987,1.32374110239333,0.74566790559912,61.2232559631904
12.5397817460317,1.21297175546328,1.32369642833655,0.745311380828076,61.2240166916962
12.539880952381,1.21286649575079,1.32365172987322,0.744955026658337,61.2247773263203
12.5399801587302,1.21276124814262,1.32360700701777,0.744598843006314,61.2255378670856
12.5400793650794,1.21265601263897,1.32356225978461,0.74424282978849,61.226298314015
12.5401785714286,1.21255078924007,1.32351748818816,0.743886986921346,61.2270586671317
12.5402777777778,1.21244557794613,1.32347269224282,0.743531314321424,61.2278189264584
12.540376984127,1.21234037875739,1.32342787196297,0.743175811905303,61.2285790920181
12.5404761904762,1.21223519167408,1.32338302736302,0.742820479589565,61.2293391638337
12.5405753968254,1.21213001669644,1.32333815845732,0.742465317290869,61.2300991419282
12.5406746031746,1.21202485382471,1.32329326526026,0.742110324925865,61.2308590263245
12.5407738095238,1.21191970305915,1.32324834778619,0.741755502411281,61.2316188170453
12.540873015873,1.2118145644,1.32320340604947,0.741400849663838,61.2323785141138
12.5409722222222,1.21170943784753,1.32315844006442,0.741046366600332,61.2331381175525
12.5410714285714,1.211604323402,1.3231134498454,0.740692053137553,61.2338976273846
12.5411706349206,1.21149922106368,1.32306843540673,0.740337909192366,61.2346570436328
12.5412698412698,1.21139413083285,1.32302339676273,0.73998393468163,61.2354163663199
12.541369047619,1.21128905270979,1.3229783339277,0.739630129522281,61.2361755954688
12.5414682539683,1.21118398669477,1.32293324691594,0.739276493631247,61.2369347311023
12.5415674603175,1.2110789327881,1.32288813574176,0.73892302692553,61.2376937732431
12.5416666666667,1.21097389099007,1.32284300041942,0.738569729322131,61.2384527219142
12.5417658730159,1.21086886130098,1.32279784096322,0.738216600738111,61.2392115771383
12.5418650793651,1.21076384372113,1.32275265738742,0.737863641090567,61.2399703389381
12.5419642857143,1.21065883825084,1.32270744970627,0.7375108502966,61.2407290073365
12.5420634920635,1.21055384489043,1.32266221793403,0.737158228273389,61.2414875823562
12.5421626984127,1.2104488636402,1.32261696208494,0.736805774938104,61.2422460640199
12.5422619047619,1.2103438945005,1.32257168217324,0.73645349020799,61.2430044523503
12.5423611111111,1.21023893747165,1.32252637821314,0.736101374000287,61.2437627473703
12.5424603174603,1.210133992554,1.32248105021888,0.735749426232311,61.2445209491025
12.5425595238095,1.21002905974787,1.32243569820465,0.735397646821371,61.2452790575697
12.5426587301587,1.20992413905362,1.32239032218466,0.735046035684851,61.2460370727944
12.5427579365079,1.20981923047161,1.32234492217309,0.734694592740131,61.2467949947994
12.5428571428571,1.20971433400218,1.32229949818415,0.734343317904662,61.2475528236075
12.5429563492063,1.2096094496457,1.32225405023199,0.733992211095893,61.2483105592411
12.5430555555556,1.20950457740255,1.32220857833078,0.733641272231347,61.2490682017231
12.5431547619048,1.20939971727309,1.32216308249469,0.733290501228541,61.249825751076
12.543253968254,1.20929486925769,1.32211756273787,0.732939898005057,61.2505832073225
12.5433531746032,1.20919003335676,1.32207201907445,0.732589462478509,61.2513405704852
12.5434523809524,1.20908520957066,1.32202645151857,0.732239194566521,61.2520978405867
12.5435515873016,1.2089803978998,1.32198086008436,0.731889094186786,61.2528550176496
12.5436507936508,1.20887559834458,1.32193524478593,0.731539161256997,61.2536121016966
12.54375,1.20877081090539,1.32188960563739,0.731189395694915,61.2543690927501
12.5438492063492,1.20866603558265,1.32184394265284,0.730839797418303,61.2551259908328
12.5439484126984,1.20856127237678,1.32179825584637,0.730490366344993,61.2558827959672
12.5440476190476,1.20845652128818,1.32175254523207,0.730141102392813,61.2566395081758
12.5441468253968,1.2083517823173,1.32170681082401,0.729792005479668,61.2573961274813
12.544246031746,1.20824705546454,1.32166105263625,0.729443075523454,61.2581526539062
12.5443452380952,1.20814234073036,1.32161527068286,0.729094312442145,61.2589090874729
12.5444444444444,1.20803763811519,1.32156946497788,0.728745716153707,61.259665428204
12.5445436507936,1.20793294761948,1.32152363553536,0.728397286576181,61.2604216761219
12.5446428571429,1.20782826924367,1.32147778236933,0.728049023627604,61.2611778312493
12.5447420634921,1.20772360298822,1.3214319054938,0.727700927226077,61.2619338936085
12.5448412698413,1.20761894885359,1.32138600492281,0.727352997289735,61.2626898632219
12.5449404761905,1.20751430684025,1.32134008067035,0.727005233736718,61.2634457401122
12.5450396825397,1.20740967694868,1.32129413275043,0.72665763648524,61.2642015243017
12.5451388888889,1.20730505917933,1.32124816117704,0.726310205453511,61.2649572158128
12.5452380952381,1.2072004535327,1.32120216596415,0.725962940559814,61.2657128146681
12.5453373015873,1.20709586000927,1.32115614712575,0.725615841722429,61.2664683208898
12.5454365079365,1.20699127860954,1.3211101046758,0.725268908859708,61.2672237345004
12.5455357142857,1.206886709334,1.32106403862825,0.724922141889997,61.2679790555224
12.5456349206349,1.20678215218315,1.32101794899706,0.724575540731721,61.2687342839781
12.5457341269841,1.2066776071575,1.32097183579616,0.724229105303295,61.2694894198898
12.5458333333333,1.20657307425756,1.3209256990395,0.723882835523211,61.2702444632799
12.5459325396825,1.20646855348385,1.32087953874098,0.723536731309956,61.2709994141709
12.5460317460317,1.20636404483689,1.32083335491453,0.723190792582088,61.271754272585
12.546130952381,1.20625954831721,1.32078714757406,0.722845019258165,61.2725090385445
12.5462301587302,1.20615506392533,1.32074091673346,0.722499411256806,61.2732637120719
12.5463293650794,1.20605059166182,1.32069466240662,0.722153968496664,61.2740182931894
12.5464285714286,1.20594613152719,1.32064838460743,0.721808690896399,61.2747727819193
12.5465277777778,1.205841683522,1.32060208334975,0.721463578374745,61.2755271782838
12.546626984127,1.2057372476468,1.32055575864746,0.721118630850431,61.2762814823054
12.5467261904762,1.20563282390216,1.32050941051441,0.720773848242257,61.2770356940063
12.5468253968254,1.20552841228863,1.32046303896445,0.720429230469024,61.2777898134087
12.5469246031746,1.20542401280679,1.32041664401142,0.720084777449602,61.2785438405348
12.5470238095238,1.20531962545721,1.32037022566915,0.719740489102858,61.279297775407
12.547123015873,1.20521525024047,1.32032378395146,0.719396365347732,61.2800516180474
12.5472222222222,1.20511088715714,1.32027731887217,0.719052406103163,61.2808053684784
12.5473214285714,1.20500653620783,1.32023083044509,0.718708611288159,61.281559026722
12.5474206349206,1.20490219739312,1.320184318684,0.718364980821726,61.2823125928004
12.5475198412698,1.20479787071362,1.32013778360271,0.718021514622942,61.283066066736
12.547619047619,1.20469355616993,1.32009122521499,0.717678212610884,61.2838194485508
12.5477182539683,1.20458925376266,1.32004464353462,0.717335074704689,61.2845727382671
12.5478174603175,1.20448496349243,1.31999803857536,0.716992100823531,61.2853259359069
12.5479166666667,1.20438068535985,1.31995141035097,0.716649290886589,61.2860790414925
12.5480158730159,1.20427641936556,1.31990475887519,0.716306644813114,61.286832055046
12.5481150793651,1.20417216551017,1.31985808416176,0.715964162522355,61.2875849765895
12.5482142857143,1.20406792379433,1.31981138622442,0.715621843933631,61.2883378061451
12.5483134920635,1.20396369421869,1.31976466507689,0.715279688966263,61.2890905437349
12.5484126984127,1.20385947678387,1.31971792073287,0.714937697539638,61.289843189381
12.5485119047619,1.20375527149055,1.31967115320609,0.714595869573144,61.2905957431056
12.5486111111111,1.20365107833936,1.31962436251023,0.71425420498624,61.2913482049307
12.5487103174603,1.20354689733098,1.31957754865898,0.713912703698383,61.2921005748783
12.5488095238095,1.20344272846607,1.31953071166602,0.7135713656291,61.2928528529706
12.5489087301587,1.20333857174531,1.31948385154503,0.713230190697917,61.2936050392295
12.5490079365079,1.20323442716936,1.31943696830967,0.712889178824432,61.2943571336772
12.5491071428571,1.20313029473891,1.3193900619736,0.712548329928238,61.2951091363355
12.5492063492064,1.20302617445465,1.31934313255046,0.712207643928994,61.2958610472266
12.5493055555556,1.20292206631728,1.31929618005389,0.711867120746391,61.2966128663725
12.5494047619048,1.20281797032748,1.31924920449752,0.711526760300127,61.2973645937951
12.549503968254,1.20271388648597,1.31920220589497,0.711186562509974,61.2981162295164
12.5496031746032,1.20260981479344,1.31915518425986,0.710846527295698,61.2988677735584
12.5497023809524,1.20250575525062,1.31910813960579,0.71050665457714,61.2996192259431
12.5498015873016,1.20240170785822,1.31906107194636,0.710166944274136,61.3003705866924
12.5499007936508,1.20229767261696,1.31901398129516,0.709827396306595,61.3011218558283
12.55,1.20219364952758,1.31896686766576,0.709488010594423,61.3018730333727
12.5500992063492,1.2020896385908,1.31891973107174,0.709148787057599,61.3026241193475
12.5501984126984,1.20198563980737,1.31887257152666,0.708809725616097,61.3033751137746
12.5502976190476,1.20188165317802,1.31882538904407,0.708470826189966,61.304126016676
12.5503968253968,1.20177767870352,1.31877818363753,0.708132088699248,61.3048768280735
12.550496031746,1.20167371638461,1.31873095532057,0.707793513064062,61.3056275479889
12.5505952380952,1.20156976622205,1.31868370410672,0.70745509920452,61.3063781764443
12.5506944444444,1.2014658282166,1.3186364300095,0.707116847040798,61.3071287134615
12.5507936507937,1.20136190236905,1.31858913304242,0.706778756493109,61.3078791590622
12.5508928571429,1.20125798868015,1.31854181321899,0.706440827481669,61.3086295132683
12.5509920634921,1.2011540871507,1.31849447055271,0.706103059926768,61.3093797761017
12.5510912698413,1.20105019778147,1.31844710505706,0.705765453748693,61.3101299475842
12.5511904761905,1.20094632057326,1.31839971674552,0.705428008867801,61.3108800277375
12.5512896825397,1.20084245552686,1.31835230563156,0.70509072520445,61.3116300165836
12.5513888888889,1.20073860264307,1.31830487172864,0.704753602679067,61.3123799141441
12.5514880952381,1.20063476192271,1.31825741505023,0.704416641212078,61.313129720441
12.5515873015873,1.20053093336657,1.31820993560975,0.704079840723978,61.3138794354958
12.5516865079365,1.20042711697548,1.31816243342066,0.703743201135264,61.3146290593304
12.5517857142857,1.20032331275026,1.31811490849638,0.7034067223665,61.3153785919665
12.5518849206349,1.20021952069173,1.31806736085033,0.703070404338252,61.3161280334259
12.5519841269841,1.20011574080072,1.31801979049593,0.702734246971153,61.3168773837303
12.5520833333333,1.20001197307808,1.31797219744657,0.702398250185837,61.3176266429014
12.5521825396825,1.19990821752464,1.31792458171565,0.702062413903,61.318375810961
12.5522817460317,1.19980447414125,1.31787694331657,0.701726738043371,61.3191248879306
12.552380952381,1.19970074292876,1.31782928226269,0.701391222527687,61.319873873832
12.5524801587302,1.19959702388804,1.31778159856739,0.701055867276757,61.320622768687
12.5525793650794,1.19949331701993,1.31773389224403,0.700720672211385,61.321371572517
12.5526785714286,1.19938962232532,1.31768616330596,0.700385637252451,61.3221202853439
12.5527777777778,1.19928593980507,1.31763841176653,0.700050762320829,61.3228689071892
12.552876984127,1.19918226946006,1.31759063763908,0.699716047337465,61.3236174380745
12.5529761904762,1.19907861129118,1.31754284093693,0.699381492223305,61.3243658780216
12.5530753968254,1.19897496529931,1.3174950216734,0.699047096899364,61.325114227052
12.5531746031746,1.19887133148534,1.31744717986181,0.698712861286656,61.3258624851873
12.5532738095238,1.19876770985018,1.31739931551546,0.698378785306266,61.3266106524491
12.553373015873,1.19866410039473,1.31735142864764,0.698044868879277,61.327358728859
12.5534722222222,1.19856050311989,1.31730351927163,0.697711111926843,61.3281067144385
12.5535714285714,1.19845691802658,1.31725558740073,0.697377514370117,61.3288546092093
12.5536706349206,1.19835334511572,1.31720763304819,0.697044076130312,61.3296024131929
12.5537698412698,1.19824978438824,1.31715965622728,0.696710797128678,61.3303501264108
12.553869047619,1.19814623584506,1.31711165695125,0.69637767728647,61.3310977488845
12.5539682539683,1.19804269948713,1.31706363523335,0.696044716525016,61.3318452806356
12.5540674603175,1.19793917531536,1.3170155910868,0.69571191476564,61.3325927216856
12.5541666666667,1.19783566333073,1.31696752452485,0.69537927192974,61.3333400720559
12.5542658730159,1.19773216353416,1.3169194355607,0.695046787938711,61.3340873317682
12.5543650793651,1.19762867592662,1.31687132420757,0.694714462714016,61.3348345008438
12.5544642857143,1.19752520050907,1.31682319047867,0.694382296177121,61.3355815793042
12.5545634920635,1.19742173728248,1.31677503438718,0.694050288249559,61.3363285671709
12.5546626984127,1.19731828624781,1.31672685594628,0.693718438852865,61.3370754644653
12.5547619047619,1.19721484740604,1.31667865516917,0.693386747908641,61.3378222712089
12.5548611111111,1.19711142075815,1.31663043206901,0.69305521533849,61.3385689874231
12.5549603174603,1.19700800630514,1.31658218665895,0.692723841064086,61.3393156131293
12.5550595238095,1.19690460404797,1.31653391895215,0.692392625007098,61.3400621483489
12.5551587301587,1.19680121398767,1.31648562896176,0.692061567089262,61.3408085931034
12.5552579365079,1.19669783612522,1.3164373167009,0.691730667232344,61.341554947414
12.5553571428571,1.19659447046164,1.31638898218271,0.69139992535812,61.3423012113022
12.5554563492063,1.19649111699793,1.31634062542031,0.691069341388436,61.3430473847894
12.5555555555556,1.19638777573512,1.3162922464268,0.690738915245137,61.3437934678969
12.5556547619048,1.19628444667422,1.31624384521529,0.690408646850137,61.344539460646
12.555753968254,1.19618112981626,1.31619542179886,0.690078536125351,61.3452853630582
12.5558531746032,1.19607782516228,1.31614697619062,0.689748582992762,61.3460311751546
12.5559523809524,1.19597453271331,1.31609850840362,0.689418787374355,61.3467768969567
12.5560515873016,1.19587125247039,1.31605001845094,0.689089149192181,61.3475225284857
12.5561507936508,1.19576798443458,1.31600150634565,0.688759668368295,61.3482680697629
12.55625,1.19566472860693,1.31595297210078,0.688430344824818,61.3490135208096
12.5563492063492,1.19556148498849,1.31590441572939,0.688101178483872,61.3497588816471
12.5564484126984,1.19545825358033,1.31585583724451,0.687772169267649,61.3505041522967
12.5565476190476,1.19535503438351,1.31580723665916,0.687443317098339,61.3512493327795
12.5566468253968,1.19525182739911,1.31575861398637,0.687114621898195,61.3519944231169
12.556746031746,1.19514863262822,1.31570996923914,0.686786083589503,61.3527394233301
12.5568452380952,1.1950454500719,1.31566130243047,0.686457702094559,61.3534843334403
12.5569444444444,1.19494227973127,1.31561261357336,0.686129477335727,61.3542291534686
12.5570436507937,1.19483912160739,1.3155639026808,0.68580140923537,61.3549738834364
12.5571428571429,1.19473597570139,1.31551516976575,0.685473497715924,61.3557185233648
12.5572420634921,1.19463284201435,1.31546641484118,0.68514574269982,61.356463073275
12.5573412698413,1.19452972054739,1.31541763792006,0.684818144109562,61.3572075331881
12.5574404761905,1.19442661130163,1.31536883901533,0.684490701867653,61.3579519031254
12.5575396825397,1.19432351427819,1.31532001813994,0.684163415896665,61.3586961831078
12.5576388888889,1.19422042947819,1.31527117530682,0.683836286119169,61.3594403731568
12.5577380952381,1.19411735690276,1.3152223105289,0.683509312457807,61.3601844732932
12.5578373015873,1.19401429655303,1.3151734238191,0.683182494835219,61.3609284835383
12.5579365079365,1.19391124843016,1.31512451519031,0.682855833174118,61.3616724039131
12.5580357142857,1.19380821253527,1.31507558465545,0.682529327397211,61.3624162344388
12.5581349206349,1.19370518886953,1.31502663222741,0.682202977427271,61.3631599751365
12.5582341269841,1.19360217743409,1.31497765791906,0.681876783187104,61.3639036260272
12.5583333333333,1.19349917823012,1.31492866174329,0.681550744599523,61.3646471871319
12.5584325396825,1.19339619125877,1.31487964371297,0.681224861587411,61.3653906584718
12.5585317460317,1.19329321652122,1.31483060384094,0.680899134073653,61.366134040068
12.558630952381,1.19319025401865,1.31478154214006,0.6805735619812,61.3668773319413
12.5587301587302,1.19308730375224,1.31473245862318,0.680248145233006,61.3676205341129
12.5588293650794,1.19298436572317,1.31468335330312,0.679922883752092,61.3683636466038
12.5589285714286,1.19288143993264,1.31463422619272,0.679597777461479,61.369106669435
12.5590277777778,1.19277852638185,1.31458507730478,0.67927282628426,61.3698496026274
12.559126984127,1.192675625072,1.31453590665211,0.678948030143524,61.3705924462021
12.5592261904762,1.19257273600429,1.31448671424752,0.678623388962434,61.37133520018
12.5593253968254,1.19246985917994,1.3144375001038,0.678298902664147,61.3720778645822
12.5594246031746,1.19236699460017,1.31438826423373,0.677974571171894,61.3728204394295
12.5595238095238,1.19226414226619,1.31433900665009,0.677650394408905,61.3735629247429
12.559623015873,1.19216130217924,1.31428972736563,0.677326372298468,61.3743053205433
12.5597222222222,1.19205847434056,1.31424042639312,0.67700250476391,61.3750476268517
12.5598214285714,1.19195565875137,1.31419110374532,0.676678791728562,61.375789843689
12.5599206349206,1.19185285541293,1.31414175943495,0.676355233115829,61.376531971076
12.5600198412698,1.19175006432648,1.31409239347475,0.676031828849111,61.3772740090337
12.560119047619,1.19164728549328,1.31404300587746,0.675708578851881,61.3780159575829
12.5602182539683,1.19154451891458,1.31399359665577,0.675385483047611,61.3787578167446
12.5603174603175,1.19144176459166,1.31394416582241,0.675062541359841,61.3794995865395
12.5604166666667,1.19133902252577,1.31389471339006,0.674739753712111,61.3802412669886
12.5605158730159,1.1912362927182,1.31384523937142,0.674417120028033,61.3809828581126
12.5606150793651,1.19113357517022,1.31379574377918,0.674094640231216,61.3817243599325
12.5607142857143,1.19103086988312,1.31374622662601,0.67377231424534,61.382465772469
12.5608134920635,1.19092817685819,1.31369668792456,0.673450141994083,61.3832070957429
12.5609126984127,1.19082549609673,1.31364712768751,0.673128123401195,61.383948329775
12.5610119047619,1.19072282760003,1.3135975459275,0.672806258390424,61.3846894745862
12.5611111111111,1.1906201713694,1.31354794265716,0.672484546885578,61.3854305301971
12.5612103174603,1.19051752740615,1.31349831788914,0.672162988810502,61.3861714966287
12.5613095238095,1.1904148957116,1.31344867163605,0.671841584089047,61.3869123739015
12.5614087301587,1.19031227628707,1.31339900391051,0.671520332645136,61.3876531620365
12.5615079365079,1.19020966913388,1.31334931472513,0.67119923440269,61.3883938610542
12.5616071428571,1.19010707425337,1.3132996040925,0.670878289285699,61.3891344709755
12.5617063492064,1.19000449164687,1.31324987202522,0.670557497218155,61.3898749918211
12.5618055555556,1.18990192131572,1.31320011853587,0.670236858124116,61.3906154236116
12.5619047619048,1.18979936326127,1.31315034363702,0.669916371927644,61.3913557663678
12.562003968254,1.18969681748488,1.31310054734123,0.669596038552867,61.3920960201103
12.5621031746032,1.1895942839879,1.31305072966107,0.669275857923914,61.3928361848599
12.5622023809524,1.18949176277169,1.31300089060908,0.668955829964984,61.3935762606371
12.5623015873016,1.18938925383762,1.3129510301978,0.668635954600275,61.3943162474627
12.5624007936508,1.18928675718706,1.31290114843976,0.668316231754054,61.3950561453573
12.5625,1.18918427282139,1.31285124534749,0.66799666135059,61.3957959543415
12.5625992063492,1.18908180074199,1.31280132093349,0.667677243314209,61.396535674436
12.5626984126984,1.18897934095025,1.31275137521029,0.667357977569276,61.3972753056613
12.5627976190476,1.18887689344757,1.31270140819036,0.667038864040161,61.3980148480381
12.5628968253968,1.18877445823534,1.31265141988622,0.666719902651305,61.398754301587
12.562996031746,1.18867203531496,1.31260141031032,0.666401093327148,61.3994936663285
12.5630952380952,1.18856962468785,1.31255137947515,0.666082435992201,61.4002329422832
12.5631944444444,1.18846722635542,1.31250132739318,0.665763930570972,61.4009721294717
12.5632936507936,1.18836484031908,1.31245125407685,0.665445576988042,61.4017112279146
12.5633928571429,1.18826246658026,1.31240115953862,0.665127375167988,61.4024502376323
12.5634920634921,1.1881601051404,1.31235104379092,0.664809325035459,61.4031891586454
12.5635912698413,1.18805775600092,1.31230090684619,0.664491426515103,61.4039279909745
12.5636904761905,1.18795541916326,1.31225074871685,0.664173679531639,61.40466673464
12.5637896825397,1.18785309462887,1.3122005694153,0.663856084009782,61.4054053896624
12.5638888888889,1.1877507823992,1.31215036895397,0.66353863987432,61.4061439560623
12.5639880952381,1.1876484824757,1.31210014734524,0.66322134705004,61.4068824338601
12.5640873015873,1.18754619485984,1.3120499046015,0.662904205461788,61.4076208230763
12.5641865079365,1.18744391955308,1.31199964073513,0.662587215034446,61.4083591237313
12.5642857142857,1.18734165655688,1.31194935575852,0.662270375692904,61.4090973358456
12.5643849206349,1.18723940587273,1.31189904968401,0.661953687362123,61.4098354594397
12.5644841269841,1.18713716750211,1.31184872252397,0.661637149967062,61.4105734945339
12.5645833333333,1.1870349414465,1.31179837429074,0.66132076343275,61.4113114411486
12.5646825396825,1.18693272770739,1.31174800499665,0.661004527684215,61.4120492993044
12.5647817460317,1.18683052628628,1.31169761465406,0.660688442646556,61.4127870690216
12.564880952381,1.18672833718467,1.31164720327526,0.660372508244869,61.4135247503205
12.5649801587302,1.18662616040407,1.31159677087258,0.660056724404324,61.4142623432215
12.5650793650794,1.18652399594599,1.31154631745831,0.659741091050088,61.4149998477451
12.5651785714286,1.18642184381194,1.31149584304477,0.659425608107395,61.4157372639116
12.5652777777778,1.18631970400345,1.31144534764423,0.659110275501484,61.4164745917413
12.565376984127,1.18621757652204,1.31139483126898,0.658795093157659,61.4172118312545
12.5654761904762,1.18611546136925,1.31134429393128,0.658480061001227,61.4179489824716
12.5655753968254,1.18601335854662,1.31129373564341,0.658165178957553,61.4186860454129
12.5656746031746,1.18591126805568,1.3112431564176,0.657850446952039,61.4194230200987
12.5657738095238,1.18580918989799,1.31119255626612,0.657535864910094,61.4201599065494
12.565873015873,1.18570712407509,1.3111419352012,0.657221432757195,61.420896704785
12.5659722222222,1.18560507058855,1.31109129323506,0.656907150418824,61.4216334148261
12.5660714285714,1.18550302943993,1.31104063037994,0.656593017820526,61.4223700366928
12.5661706349206,1.18540100063079,1.31098994664803,0.65627903488785,61.4231065704053
12.5662698412698,1.18529898416272,1.31093924205156,0.655965201546413,61.4238430159839
12.566369047619,1.18519698003728,1.3108885166027,0.655651517721832,61.4245793734489
12.5664682539683,1.18509498825607,1.31083777031365,0.655337983339794,61.4253156428205
12.5665674603175,1.18499300882067,1.3107870031966,0.655024598325984,61.4260518241189
12.5666666666667,1.18489104173268,1.3107362152637,0.654711362606159,61.4267879173642
12.5667658730159,1.18478908699369,1.31068540652712,0.654398276106074,61.4275239225767
12.5668650793651,1.18468714460531,1.31063457699902,0.654085338751553,61.4282598397766
12.5669642857143,1.18458521456915,1.31058372669154,0.653772550468421,61.428995668984
12.5670634920635,1.18448329688682,1.31053285561682,0.653459911182564,61.4297314102191
12.5671626984127,1.18438139155995,1.31048196378699,0.653147420819901,61.4304670635021
12.5672619047619,1.18427949859016,1.31043105121417,0.652835079306361,61.431202628853
12.5673611111111,1.18417761797908,1.31038011791047,0.652522886567941,61.431938106292
12.5674603174603,1.18407574972834,1.31032916388798,0.65221084253064,61.4326734958393
12.5675595238095,1.18397389383958,1.31027818915882,0.651898947120525,61.4334087975149
12.5676587301587,1.18387205031446,1.31022719373507,0.651587200263661,61.434144011339
12.5677579365079,1.18377021915462,1.3101761776288,0.651275601886185,61.4348791373315
12.5678571428571,1.18366840036171,1.31012514085208,0.650964151914235,61.4356141755127
12.5679563492063,1.18356659393741,1.31007408341698,0.650652850274014,61.4363491259026
12.5680555555556,1.18346479988336,1.31002300533555,0.650341696891728,61.4370839885212
12.5681547619048,1.18336301820126,1.30997190661984,0.650030691693652,61.4378187633886
12.568253968254,1.18326124877391,1.30992078732704,0.649719834619316,61.4385534505696
12.5683531746032,1.18315949118196,1.30986964762866,0.649409125644789,61.4392880502425
12.5684523809524,1.18305774538618,1.30981848755115,0.649098564706983,61.4400225624414
12.5685515873016,1.18295601138382,1.30976730710708,0.64878815173892,61.4407569871865
12.5686507936508,1.18285428917212,1.30971610630902,0.648477886673646,61.4414913244981
12.56875,1.18275257874833,1.30966488516953,0.648167769444202,61.4422255743965
12.5688492063492,1.18265088010968,1.30961364370118,0.647857799983682,61.4429597369019
12.5689484126984,1.18254919325343,1.3095623819165,0.647547978225171,61.4436938120345
12.5690476190476,1.18244751817684,1.30951109982805,0.647238304101807,61.4444277998147
12.5691468253968,1.18234585487713,1.30945979744836,0.646928777546717,61.4451617002627
12.569246031746,1.18224420335158,1.30940847478999,0.646619398493081,61.4458955133986
12.5693452380952,1.18214256359744,1.30935713186547,0.646310166874069,61.4466292392427
12.5694444444444,1.18204093561195,1.30930576868731,0.646001082622905,61.4473628778153
12.5695436507937,1.18193931939239,1.30925438526805,0.6456921456728,61.4480964291366
12.5696428571429,1.18183771493601,1.30920298162022,0.645383355957022,61.4488298932267
12.5697420634921,1.18173612224007,1.30915155775631,0.645074713408824,61.4495632701059
12.5698412698413,1.18163454130183,1.30910011368885,0.644766217961516,61.4502965597944
12.5699404761905,1.18153297211857,1.30904864943034,0.644457869548396,61.4510297623123
12.5700396825397,1.18143141468754,1.30899716499329,0.644149668102807,61.4517628776799
12.5701388888889,1.18132986900602,1.30894566039019,0.643841613558114,61.4524959059173
12.5702380952381,1.18122833507127,1.30889413563352,0.643533705847679,61.4532288470448
12.5703373015873,1.18112681288058,1.3088425907358,0.643225944904917,61.4539617010824
12.5704365079365,1.18102530243121,1.30879102570948,0.642918330663234,61.4546944680504
12.5705357142857,1.18092380372044,1.30873944056706,0.642610863056088,61.4554271479688
12.5706349206349,1.18082231674555,1.30868783532101,0.642303542016926,61.456159740858
12.5707341269841,1.18072084150381,1.3086362099838,0.641996367479249,61.4568922467379
12.5708333333333,1.18061937799251,1.30858456456789,0.641689339376547,61.4576246656288
12.5709325396825,1.18051792620893,1.30853289908574,0.641382457642365,61.4583569975507
12.5710317460317,1.18041648615036,1.30848121354981,0.641075722210235,61.4590892425239
12.571130952381,1.18031505781408,1.30842950797256,0.640769133013745,61.4598214005683
12.5712301587302,1.18021364119738,1.30837778236642,0.640462689986468,61.4605534717042
12.5713293650794,1.18011223629755,1.30832603674385,0.640156393062035,61.4612854559517
12.5714285714286,1.18001084311188,1.30827427111727,0.639850242174065,61.4620173533308
12.5715277777778,1.17990946163767,1.30822248549912,0.63954423725622,61.4627491638617
12.571626984127,1.17980809187221,1.30817067990184,0.639238378242187,61.4634808875644
12.5717261904762,1.17970673381279,1.30811885433783,0.638932665065648,61.4642125244591
12.5718253968254,1.17960538745673,1.30806700881954,0.63862709766034,61.4649440745657
12.5719246031746,1.17950405280131,1.30801514335935,0.638321675959987,61.4656755379045
12.5720238095238,1.17940272984384,1.3079632579697,0.638016399898368,61.4664069144954
12.572123015873,1.17930141858163,1.30791135266298,0.637711269409251,61.4671382043586
12.5722222222222,1.17920011901197,1.3078594274516,0.637406284426458,61.467869407514
12.5723214285714,1.17909883113218,1.30780748234794,0.6371014448838,61.4686005239818
12.5724206349206,1.17899755493958,1.30775551736441,0.636796750715141,61.469331553782
12.5725198412698,1.17889629043145,1.30770353251338,0.636492201854334,61.4700624969346
12.572619047619,1.17879503760514,1.30765152780725,0.636187798235286,61.4707933534596
12.5727182539683,1.17869379645793,1.30759950325839,0.635883539791895,61.4715241233771
12.5728174603175,1.17859256698716,1.30754745887918,0.635579426458108,61.4722548067071
12.5729166666667,1.17849134919014,1.30749539468197,0.635275458167867,61.4729854034697
12.5730158730159,1.1783901430642,1.30744331067915,0.634971634855154,61.4737159136847
12.5731150793651,1.17828894860664,1.30739120688306,0.634667956453975,61.4744463373723
12.5732142857143,1.17818776581481,1.30733908330606,0.634364422898335,61.4751766745525
12.5733134920635,1.17808659468601,1.3072869399605,0.634061034122289,61.4759069252452
12.5734126984127,1.17798543521759,1.30723477685874,0.633757790059883,61.4766370894704
12.5735119047619,1.17788428740686,1.3071825940131,0.633454690645217,61.477367167248
12.5736111111111,1.17778315125116,1.30713039143592,0.633151735812379,61.4780971585982
12.5737103174603,1.17768202674782,1.30707816913955,0.632848925495511,61.4788270635408
12.5738095238095,1.17758091389418,1.3070259271363,0.632546259628744,61.4795568820958
12.5739087301587,1.17747981268757,1.3069736654385,0.632243738146264,61.4802866142832
12.5740079365079,1.17737872312533,1.30692138405847,0.631941360982244,61.4810162601229
12.5741071428571,1.1772776452048,1.30686908300852,0.631639128070912,61.4817458196348
12.5742063492063,1.17717657892332,1.30681676230095,0.631337039346484,61.4824752928389
12.5743055555556,1.17707552427823,1.30676442194809,0.631035094743231,61.4832046797552
12.5744047619048,1.17697448126688,1.30671206196221,0.630733294195413,61.4839339804036
12.574503968254,1.17687344988662,1.30665968235563,0.630431637637334,61.4846631948039
12.5746031746032,1.17677243013479,1.30660728314063,0.63013012500332,61.4853923229761
12.5747023809524,1.17667142200874,1.30655486432949,0.629828756227696,61.4861213649402
12.5748015873016,1.17657042550583,1.30650242593451,0.629527531244838,61.4868503207159
12.5749007936508,1.1764694406234,1.30644996796795,0.629226449989113,61.4875791903233
12.575,1.17636846735883,1.30639749044208,0.628925512394941,61.4883079737821
12.5750992063492,1.17626750570945,1.30634499336919,0.62862471839673,61.4890366711124
12.5751984126984,1.17616655567263,1.30629247676152,0.628324067928943,61.4897652823339
12.5752976190476,1.17606561724573,1.30623994063134,0.628023560926032,61.4904938074666
12.5753968253968,1.17596469042612,1.30618738499091,0.627723197322502,61.4912222465303
12.575496031746,1.17586377521116,1.30613480985246,0.627422977052849,61.491950599545
12.5755952380952,1.17576287159821,1.30608221522826,0.627122900051619,61.4926788665303
12.5756944444444,1.17566197958464,1.30602960113053,0.62682296625335,61.4934070475062
12.5757936507936,1.17556109916783,1.30597696757151,0.626523175592634,61.4941351424926
12.5758928571429,1.17546023034513,1.30592431456344,0.626223528004049,61.4948631515092
12.5759920634921,1.17535937311393,1.30587164211854,0.625924023422222,61.495591074576
12.5760912698413,1.17525852747161,1.30581895024903,0.625624661781799,61.4963189117127
12.5761904761905,1.17515769341553,1.30576623896713,0.625325443017424,61.4970466629392
12.5762896825397,1.17505687094308,1.30571350828505,0.625026367063796,61.4977743282752
12.5763888888889,1.17495606005163,1.30566075821501,0.6247274338556,61.4985019077406
12.5764880952381,1.17485526073858,1.3056079887692,0.624428643327578,61.4992294013552
12.5765873015873,1.17475447300129,1.30555519995982,0.624129995414458,61.4999568091389
12.5766865079365,1.17465369683716,1.30550239179907,0.623831490051024,61.5006841311112
12.5767857142857,1.17455293224358,1.30544956429914,0.623533127172049,61.5014113672922
12.5768849206349,1.17445217921793,1.30539671747222,0.623234906712357,61.5021385177015
12.5769841269841,1.1743514377576,1.30534385133048,0.622936828606765,61.502865582359
12.5770833333333,1.17425070786,1.3052909658861,0.622638892790141,61.5035925612843
12.5771825396825,1.1741499895225,1.30523806115125,0.622341099197341,61.5043194544973
12.5772817460317,1.17404928274251,1.3051851371381,0.622043447763279,61.5050462620177
12.577380952381,1.17394858751743,1.30513219385881,0.621745938422854,61.5057729838653
12.5774801587302,1.17384790384465,1.30507923132554,0.621448571111012,61.5064996200599
12.5775793650794,1.17374723172158,1.30502624955044,0.621151345762721,61.507226170621
12.5776785714286,1.17364657114562,1.30497324854566,0.620854262312945,61.5079526355686
12.5777777777778,1.17354592211418,1.30492022832335,0.620557320696703,61.5086790149222
12.577876984127,1.17344528462465,1.30486718889564,0.620260520849001,61.5094053087017
12.5779761904762,1.17334465867446,1.30481413027467,0.619963862704901,61.5101315169268
12.5780753968254,1.173244044261,1.30476105247257,0.619667346199453,61.5108576396171
12.5781746031746,1.1731434413817,1.30470795550147,0.61937097126776,61.5115836767924
12.5782738095238,1.17304285003396,1.30465483937348,0.619074737844915,61.5123096284724
12.578373015873,1.17294227021521,1.30460170410072,0.618778645866065,61.5130354946767
12.5784722222222,1.17284170192285,1.30454854969531,0.618482695266345,61.5137612754251
12.5785714285714,1.17274114515432,1.30449537616935,0.618186885980944,61.5144869707372
12.5786706349206,1.17264059990702,1.30444218353494,0.617891217945041,61.5152125806327
12.5787698412698,1.17254006617838,1.30438897180419,0.617595691093866,61.5159381051312
12.578869047619,1.17243954396583,1.30433574098918,0.617300305362642,61.5166635442526
12.5789682539683,1.17233903326679,1.304282491102,0.617005060686635,61.5173888980163
12.5790674603175,1.17223853407869,1.30422922215475,0.616709957001133,61.518114166442
12.5791666666667,1.17213804639896,1.30417593415949,0.616414994241421,61.5188393495495
12.5792658730159,1.17203757022503,1.30412262712831,0.616120172342837,61.5195644473582
12.5793650793651,1.17193710555434,1.30406930107328,0.615825491240709,61.520289459888
12.5794642857143,1.17183665238431,1.30401595600645,0.615530950870419,61.5210143871583
12.5795634920635,1.1717362107124,1.3039625919399,0.615236551167338,61.5217392291888
12.5796626984127,1.17163578053602,1.30390920888567,0.614942292066889,61.5224639859992
12.5797619047619,1.17153536185263,1.30385580685583,0.614648173504485,61.523188657609
12.5798611111111,1.17143495465968,1.30380238586241,0.614354195415595,61.5239132440378
12.5799603174603,1.17133455895458,1.30374894591747,0.614060357735673,61.5246377453053
12.5800595238095,1.17123417473481,1.30369548703304,0.61376666040023,61.5253621614311
12.5801587301587,1.1711338019978,1.30364200922115,0.613473103344764,61.5260864924346
12.5802579365079,1.17103344074101,1.30358851249383,0.613179686504827,61.5268107383356
12.5803571428571,1.17093309096188,1.30353499686311,0.612886409815962,61.5275348991535
12.5804563492064,1.17083275265786,1.30348146234101,0.612593273213754,61.528258974908
12.5805555555556,1.17073242582642,1.30342790893955,0.612300276633813,61.5289829656186
12.5806547619048,1.170632110465,1.30337433667073,0.612007420011744,61.5297068713048
12.580753968254,1.17053180657107,1.30332074554656,0.611714703283207,61.5304306919863
12.5808531746032,1.17043151414209,1.30326713557904,0.611422126383849,61.5311544276826
12.5809523809524,1.17033123317551,1.30321350678017,0.611129689249373,61.5318780784131
12.5810515873016,1.1702309636688,1.30315985916195,0.610837391815469,61.5326016441975
12.5811507936508,1.17013070561943,1.30310619273635,0.610545234017883,61.5333251250552
12.58125,1.17003045902486,1.30305250751537,0.610253215792348,61.5340485210059
12.5813492063492,1.16993022388256,1.30299880351098,0.609961337074651,61.5347718320689
12.5814484126984,1.16983000019,1.30294508073516,0.60966959780057,61.5354950582639
12.5815476190476,1.16972978794465,1.30289133919988,0.609377997905934,61.5362181996102
12.5816468253968,1.16962958714399,1.30283757891709,0.609086537326563,61.5369412561275
12.581746031746,1.1695293977855,1.30278379989877,0.608795215998329,61.5376642278352
12.5818452380952,1.16942921986664,1.30273000215687,0.608504033857094,61.5383871147528
12.5819444444444,1.1693290533849,1.30267618570333,0.608212990838767,61.5391099168998
12.5820436507937,1.16922889833777,1.30262235055012,0.607922086879275,61.5398326342956
12.5821428571429,1.16912875472271,1.30256849670916,0.607631321914546,61.5405552669598
12.5822420634921,1.16902862253723,1.30251462419239,0.607340695880559,61.5412778149117
12.5823412698413,1.1689285017788,1.30246073301175,0.607050208713282,61.5420002781708
12.5824404761905,1.16882839244491,1.30240682317918,0.606759860348738,61.5427226567567
12.5825396825397,1.16872829453305,1.30235289470658,0.606469650722939,61.5434449506887
12.5826388888889,1.16862820804072,1.30229894760588,0.60617957977195,61.5441671599863
12.5827380952381,1.1685281329654,1.30224498188899,0.605889647431825,61.5448892846688
12.5828373015873,1.16842806930459,1.30219099756783,0.605599853638673,61.5456113247559
12.5829365079365,1.16832801705579,1.3021369946543,0.605310198328589,61.5463332802667
12.5830357142857,1.16822797621651,1.3020829731603,0.605020681437726,61.5470551512209
12.5831349206349,1.16812794678422,1.30202893309772,0.604731302902222,61.5477769376377
12.5832341269841,1.16802792875645,1.30197487447846,0.604442062658271,61.5484986395367
12.5833333333333,1.16792792213069,1.30192079731441,0.604152960642056,61.5492202569371
12.5834325396825,1.16782792690445,1.30186670161745,0.603863996789805,61.5499417898584
12.5835317460317,1.16772794307524,1.30181258739945,0.603575171037767,61.55066323832
12.583630952381,1.16762797064057,1.30175845467229,0.603286483322189,61.5513846023412
12.5837301587302,1.16752800959794,1.30170430344784,0.60299793357937,61.5521058819414
12.5838293650794,1.16742805994487,1.30165013373795,0.602709521745602,61.5528270771401
12.5839285714286,1.16732812167888,1.30159594555451,0.602421247757225,61.5535481879564
12.5840277777778,1.16722819479748,1.30154173890934,0.602133111550573,61.5542692144099
12.584126984127,1.16712827929819,1.30148751381431,0.601845113062031,61.5549901565199
12.5842261904762,1.16702837517853,1.30143327028127,0.601557252227974,61.5557110143057
12.5843253968254,1.16692848243602,1.30137900832205,0.601269528984831,61.5564317877866
12.5844246031746,1.16682860106818,1.30132472794848,0.600981943269019,61.557152476982
12.5845238095238,1.16672873107254,1.30127042917241,0.600694495017009,61.5578730819112
12.584623015873,1.16662887244663,1.30121611200566,0.600407184165261,61.5585936025936
12.5847222222222,1.16652902518797,1.30116177646005,0.60012001065029,61.5593140390483
12.5848214285714,1.1664291892941,1.3011074225474,0.599832974408599,61.5600343912949
12.5849206349206,1.16632936476255,1.30105305027953,0.599546075376735,61.5607546593525
12.5850198412698,1.16622955159085,1.30099865966823,0.59925931349127,61.5614748432405
12.585119047619,1.16612974977653,1.30094425072533,0.59897268868877,61.5621949429781
12.5852182539683,1.16602995931715,1.30088982346261,0.598686200905855,61.5629149585847
12.5853174603175,1.16593018021022,1.30083537789187,0.598399850079137,61.5636348900794
12.5854166666667,1.16583041245331,1.30078091402491,0.598113636145278,61.5643547374817
12.5855158730159,1.16573065604394,1.3007264318735,0.597827559040931,61.5650745008108
12.5856150793651,1.16563091097966,1.30067193144944,0.597541618702802,61.5657941800858
12.5857142857143,1.16553117725802,1.30061741276449,0.597255815067586,61.5665137753262
12.5858134920635,1.16543145487658,1.30056287583044,0.596970148072033,61.567233286551
12.5859126984127,1.16533174383286,1.30050832065904,0.596684617652881,61.5679527137797
12.5860119047619,1.16523204412444,1.30045374726206,0.596399223746921,61.5686720570314
12.5861111111111,1.16513235574886,1.30039915565126,0.596113966290934,61.5693913163253
12.5862103174603,1.16503267870368,1.30034454583839,0.595828845221754,61.5701104916807
12.5863095238095,1.16493301298646,1.30028991783521,0.595543860476206,61.5708295831168
12.5864087301587,1.16483335859474,1.30023527165345,0.595259011991157,61.5715485906528
12.5865079365079,1.16473371552611,1.30018060730486,0.5949742997035,61.572267514308
12.5866071428571,1.1646340837781,1.30012592480118,0.594689723550121,61.5729863541015
12.5867063492063,1.16453446334831,1.30007122415413,0.594405283467961,61.5737051100525
12.5868055555556,1.16443485423427,1.30001650537543,0.594120979393951,61.5744237821802
12.5869047619048,1.16433525643357,1.29996176847683,0.593836811265075,61.5751423705039
12.587003968254,1.16423566994377,1.29990701347002,0.593552779018306,61.5758608750426
12.5871031746032,1.16413609476245,1.29985224036672,0.593268882590671,61.5765792958156
12.5872023809524,1.16403653088718,1.29979744917865,0.592985121919187,61.577297632842
12.5873015873016,1.16393697831553,1.29974263991749,0.59270149694092,61.578015886141
12.5874007936508,1.16383743704508,1.29968781259496,0.592418007592932,61.5787340557318
12.5875,1.1637379070734,1.29963296722275,0.592134653812334,61.5794521416335
12.5875992063492,1.16363838839808,1.29957810381255,0.591851435536227,61.5801701438652
12.5876984126984,1.1635388810167,1.29952322237604,0.591568352701767,61.5808880624461
12.5877976190476,1.16343938492685,1.2994683229249,0.591285405246097,61.5816058973953
12.5878968253968,1.16333990012609,1.2994134054708,0.591002593106407,61.582323648732
12.587996031746,1.16324042661204,1.29935847002543,0.590719916219907,61.5830413164753
12.5880952380952,1.16314096438227,1.29930351660045,0.590437374523807,61.5837589006442
12.5881944444444,1.16304151343437,1.29924854520751,0.590154967955368,61.5844764012579
12.5882936507937,1.16294207376594,1.29919355585828,0.589872696451841,61.5851938183356
12.5883928571429,1.16284264537457,1.29913854856441,0.589590559950529,61.5859111518962
12.5884920634921,1.16274322825785,1.29908352333755,0.589308558388728,61.5866284019589
12.5885912698413,1.1626438224134,1.29902848018934,0.589026691703784,61.5873455685428
12.5886904761905,1.16254442783879,1.29897341913142,0.588744959833034,61.588062651667
12.5887896825397,1.16244504453164,1.29891834017543,0.588463362713868,61.5887796513505
12.5888888888889,1.16234567248954,1.29886324333299,0.588181900283664,61.5894965676124
12.5889880952381,1.16224631171011,1.29880812861573,0.587900572479855,61.5902134004717
12.5890873015873,1.16214696219095,1.29875299603528,0.587619379239864,61.5909301499476
12.5891865079365,1.16204762392966,1.29869784560324,0.587338320501166,61.591646816059
12.5892857142857,1.16194829692387,1.29864267733123,0.587057396201225,61.5923633988251
12.5893849206349,1.16184898117117,1.29858749123086,0.586776606277551,61.5930798982648
12.5894841269841,1.16174967666918,1.29853228731374,0.586495950667676,61.5937963143972
12.5895833333333,1.16165038341552,1.29847706559144,0.58621542930913,61.5945126472413
12.5896825396825,1.16155110140781,1.29842182607558,0.585935042139492,61.5952288968161
12.5897817460317,1.16145183064366,1.29836656877774,0.585654789096337,61.5959450631407
12.589880952381,1.1613525711207,1.29831129370951,0.585374670117287,61.5966611462341
12.5899801587302,1.16125332283654,1.29825600088246,0.585094685139959,61.5973771461152
12.5900793650794,1.16115408578882,1.29820069030816,0.584814834102018,61.5980930628031
12.5901785714286,1.16105485997515,1.2981453619982,0.584535116941124,61.5988088963168
12.5902777777778,1.16095564539317,1.29809001596413,0.584255533594984,61.5995246466752
12.590376984127,1.1608564420405,1.29803465221752,0.5839760840013,61.6002403138973
12.5904761904762,1.16075724991478,1.29797927076992,0.583696768097824,61.6009558980021
12.5905753968254,1.16065806901363,1.29792387163288,0.5834175858223,61.6016713990086
12.5906746031746,1.1605588993347,1.29786845481796,0.583138537112522,61.6023868169357
12.5907738095238,1.16045974087562,1.29781302033669,0.582859621906277,61.6031021518024
12.590873015873,1.16036059363403,1.29775756820062,0.582580840141394,61.6038174036277
12.5909722222222,1.16026145760757,1.29770209842127,0.582302191755726,61.6045325724304
12.5910714285714,1.16016233279388,1.29764661101018,0.582023676687122,61.6052476582295
12.5911706349206,1.1600632191906,1.29759110597887,0.581745294873484,61.605962661044
12.5912698412698,1.15996411679538,1.29753558333886,0.581467046252706,61.6066775808928
12.591369047619,1.15986502560587,1.29748004310167,0.581188930762731,61.6073924177948
12.5914682539683,1.15976594561971,1.29742448527881,0.580910948341495,61.6081071717689
12.5915674603175,1.15966687683456,1.29736890988178,0.580633098926986,61.608821842834
12.5916666666667,1.15956781924807,1.29731331692208,0.580355382457182,61.6095364310091
12.5917658730159,1.1594687728579,1.29725770641121,0.580077798870113,61.6102509363129
12.5918650793651,1.15936973766169,1.29720207836067,0.5798003481038,61.6109653587646
12.5919642857143,1.15927071365711,1.29714643278195,0.579523030096317,61.6116796983828
12.5920634920635,1.15917170084181,1.29709076968651,0.579245844785726,61.6123939551865
12.5921626984127,1.15907269921346,1.29703508908585,0.578968792110143,61.6131081291946
12.5922619047619,1.15897370876973,1.29697939099144,0.578691872007675,61.6138222204259
12.5923611111111,1.15887472950826,1.29692367541475,0.578415084416473,61.6145362288993
12.5924603174603,1.15877576142675,1.29686794236724,0.578138429274709,61.6152501546336
12.5925595238095,1.15867680452284,1.29681219186037,0.577861906520553,61.6159639976478
12.5926587301587,1.15857785879421,1.2967564239056,0.577585516092227,61.6166777579606
12.5927579365079,1.15847892423854,1.29670063851438,0.577309257927946,61.6173914355909
12.5928571428571,1.15838000085349,1.29664483569815,0.577033131965974,61.6181050305575
12.5929563492064,1.15828108863675,1.29658901546836,0.576757138144567,61.6188185428793
12.5930555555556,1.15818218758598,1.29653317783645,0.576481276402033,61.619531972575
12.5931547619048,1.15808329769887,1.29647732281385,0.576205546676672,61.6202453196635
12.593253968254,1.15798441897311,1.29642145041198,0.575929948906833,61.6209585841636
12.5933531746032,1.15788555140636,1.29636556064227,0.575654483030858,61.6216717660941
12.5934523809524,1.15778669499632,1.29630965351615,0.575379148987141,61.6223848654738
12.5935515873016,1.15768784974067,1.29625372904501,0.575103946714065,61.6230978823215
12.5936507936508,1.1575890156371,1.29619778724028,0.574828876150068,61.6238108166559
12.59375,1.1574901926833,1.29614182811335,0.574553937233576,61.624523668496
12.5938492063492,1.15739138087696,1.29608585167564,0.574279129903059,61.6252364378603
12.5939484126984,1.15729258021577,1.29602985793853,0.574004454097012,61.6259491247677
12.5940476190476,1.15719379069743,1.29597384691342,0.573729909753925,61.626661729237
12.5941468253968,1.15709501231964,1.29591781861169,0.57345549681234,61.6273742512869
12.594246031746,1.15699624508009,1.29586177304472,0.573181215210792,61.6280866909362
12.5943452380952,1.15689748897649,1.2958057102239,0.572907064887867,61.6287990482036
12.5944444444444,1.15679874400653,1.2957496301606,0.57263304578214,61.6295113231078
12.5945436507936,1.15670001016793,1.29569353286618,0.572359157832241,61.6302235156677
12.5946428571429,1.15660128745837,1.295637418352,0.572085400976789,61.6309356259018
12.5947420634921,1.15650257587559,1.29558128662944,0.571811775154454,61.6316476538289
12.5948412698413,1.15640387541727,1.29552513770984,0.5715382803039,61.6323595994679
12.5949404761905,1.15630518608113,1.29546897160456,0.57126491636384,61.6330714628372
12.5950396825397,1.15620650786489,1.29541278832493,0.570991683272978,61.6337832439558
12.5951388888889,1.15610784076626,1.2953565878823,0.570718580970071,61.6344949428421
12.5952380952381,1.15600918478296,1.29530037028801,0.570445609393867,61.6352065595151
12.5953373015873,1.1559105399127,1.29524413555338,0.570172768483158,61.6359180939933
12.5954365079365,1.1558119061532,1.29518788368976,0.569900058176756,61.6366295462953
12.5955357142857,1.15571328350218,1.29513161470844,0.569627478413474,61.63734091644
12.5956349206349,1.15561467195738,1.29507532862077,0.569355029132174,61.6380522044459
12.5957341269841,1.15551607151651,1.29501902543804,0.569082710271712,61.6387634103318
12.5958333333333,1.15541748217729,1.29496270517158,0.568810521770993,61.6394745341162
12.5959325396825,1.15531890393747,1.29490636783267,0.568538463568914,61.6401855758179
12.5960317460317,1.15522033679476,1.29485001343263,0.568266535604424,61.6408965354554
12.596130952381,1.15512178074691,1.29479364198274,0.567994737816464,61.6416074130475
12.5962301587302,1.15502323579163,1.2947372534943,0.567723070144025,61.6423182086127
12.5963293650794,1.15492470192668,1.2946808479786,0.567451532526089,61.6430289221697
12.5964285714286,1.15482617914979,1.29462442544691,0.567180124901691,61.643739553737
12.5965277777778,1.15472766745869,1.29456798591051,0.566908847209856,61.6444501033334
12.596626984127,1.15462916685113,1.29451152938068,0.566637699389661,61.6451605709774
12.5967261904762,1.15453067732484,1.29445505586868,0.566366681380175,61.6458709566876
12.5968253968254,1.15443219887758,1.29439856538577,0.566095793120509,61.6465812604827
12.5969246031746,1.1543337315071,1.29434205794321,0.565825034549797,61.6472914823811
12.5970238095238,1.15423527521113,1.29428553355227,0.565554405607172,61.6480016224016
12.597123015873,1.15413682998743,1.29422899222417,0.565283906231817,61.6487116805626
12.5972222222222,1.15403839583374,1.29417243397018,0.565013536362908,61.6494216568828
12.5973214285714,1.15393997274784,1.29411585880153,0.56474329593967,61.6501315513807
12.5974206349206,1.15384156072745,1.29405926672946,0.564473184901321,61.6508413640748
12.5975198412698,1.15374315977036,1.29400265776519,0.564203203187132,61.6515510949839
12.597619047619,1.1536447698743,1.29394603191995,0.563933350736362,61.6522607441263
12.5977182539683,1.15354639103705,1.29388938920498,0.563663627488324,61.6529703115206
12.5978174603175,1.15344802325637,1.29383272963147,0.56339403338232,61.6536797971854
12.5979166666667,1.15334966653002,1.29377605321064,0.563124568357706,61.6543892011393
12.5980158730159,1.15325132085575,1.29371935995371,0.562855232353827,61.6550985234006
12.5981150793651,1.15315298623136,1.29366264987188,0.562586025310081,61.655807763988
12.5982142857143,1.15305466265459,1.29360592297634,0.562316947165856,61.65651692292
12.5983134920635,1.15295635012323,1.29354917927828,0.562047997860586,61.6572260002151
12.5984126984127,1.15285804863504,1.29349241878891,0.561779177333725,61.6579349958917
12.5985119047619,1.1527597581878,1.2934356415194,0.561510485524724,61.6586439099685
12.5986111111111,1.15266147877929,1.29337884748093,0.561241922373089,61.6593527424638
12.5987103174603,1.15256321040728,1.29332203668468,0.560973487818316,61.6600614933961
12.5988095238095,1.15246495306956,1.29326520914183,0.56070518179995,61.660770162784
12.5989087301587,1.1523667067639,1.29320836486353,0.560437004257531,61.6614787506459
12.5990079365079,1.15226847148809,1.29315150386095,0.560168955130647,61.6621872570003
12.5991071428571,1.15217024723991,1.29309462614524,0.559901034358882,61.6628956818657
12.5992063492063,1.15207203401716,1.29303773172757,0.559633241881866,61.6636040252604
12.5993055555556,1.15197383181761,1.29298082061907,0.559365577639224,61.664312287203
12.5994047619048,1.15187564063906,1.2929238928309,0.55909804157063,61.6650204677119
12.599503968254,1.15177746047931,1.29286694837418,0.558830633615752,61.6657285668055
12.5996031746032,1.15167929133614,1.29280998726006,0.558563353714307,61.6664365845023
12.5997023809524,1.15158113320735,1.29275300949967,0.558296201806005,61.6671445208206
12.5998015873016,1.15148298609074,1.29269601510412,0.558029177830598,61.667852375779
12.5999007936508,1.15138484998411,1.29263900408455,0.557762281727862,61.6685601493959
12.6,1.15128672488526,1.29258197645206,0.55749551343757,61.6692678416895
12.6000992063492,1.15118861079199,1.29252493221778,0.557228872899546,61.6699754526784
12.6001984126984,1.1510905077021,1.2924678713928,0.556962360053606,61.670682982381
12.6002976190476,1.15099241561341,1.29241079398822,0.556695974839619,61.6713904308155
12.6003968253968,1.15089433452372,1.29235370001516,0.556429717197443,61.6720977980005
12.600496031746,1.15079626443084,1.29229658948469,0.556163587066988,61.6728050839543
12.6005952380952,1.15069820533258,1.29223946240791,0.555897584388156,61.6735122886953
12.6006944444444,1.15060015722676,1.2921823187959,0.5556317091009,61.6742194122418
12.6007936507937,1.15050212011119,1.29212515865974,0.555365961145164,61.6749264546122
12.6008928571429,1.15040409398369,1.29206798201051,0.555100340460944,61.6756334158248
12.6009920634921,1.15030607884207,1.29201078885928,0.554834846988227,61.6763402958981
12.6010912698413,1.15020807468416,1.2919535792171,0.554569480667051,61.6770470948503
12.6011904761905,1.15011008150777,1.29189635309505,0.554304241437446,61.6777538126998
12.6012896825397,1.15001209931074,1.29183911050418,0.554039129239487,61.678460449465
12.6013888888889,1.14991412809089,1.29178185145554,0.553774144013268,61.6791670051641
12.6014880952381,1.14981616784605,1.29172457596018,0.553509285698882,61.6798734798155
12.6015873015873,1.14971821857404,1.29166728402914,0.553244554236475,61.6805798734374
12.6016865079365,1.1496202802727,1.29160997567346,0.552979949566185,61.6812861860483
12.6017857142857,1.14952235293985,1.29155265090418,0.552715471628198,61.6819924176663
12.6018849206349,1.14942443657334,1.29149530973232,0.552451120362695,61.6826985683099
12.6019841269841,1.149326531171,1.2914379521689,0.552186895709905,61.6834046379972
12.6020833333333,1.14922863673067,1.29138057822495,0.551922797610052,61.6841106267466
12.6021825396825,1.14913075325019,1.29132318791148,0.551658826003408,61.6848165345764
12.6022817460317,1.1490328807274,1.2912657812395,0.551394980830239,61.6855223615048
12.602380952381,1.14893501916014,1.29120835822003,0.551131262030861,61.6862281075501
12.6024801587302,1.14883716854626,1.29115091886405,0.550867669545581,61.6869337727306
12.6025793650794,1.1487393288836,1.29109346318256,0.550604203314758,61.6876393570644
12.6026785714286,1.14864150017002,1.29103599118657,0.550340863278743,61.68834486057
12.6027777777778,1.14854368240336,1.29097850288705,0.550077649377929,61.6890502832654
12.602876984127,1.14844587558148,1.29092099829499,0.549814561552733,61.689755625169
12.6029761904762,1.14834807970224,1.29086347742137,0.549551599743569,61.690460886299
12.6030753968254,1.14825029476348,1.29080594027717,0.549288763890902,61.6911660666736
12.6031746031746,1.14815252076306,1.29074838687334,0.54902605393519,61.691871166311
12.6032738095238,1.14805475769884,1.29069081722086,0.548763469816942,61.6925761852295
12.603373015873,1.1479570055687,1.29063323133068,0.548501011476656,61.6932811234472
12.6034722222222,1.14785926437048,1.29057562921377,0.548238678854885,61.6939859809824
12.6035714285714,1.14776153410205,1.29051801088107,0.547976471892172,61.6946907578532
12.6036706349206,1.14766381476128,1.29046037634353,0.547714390529109,61.6953954540779
12.6037698412698,1.14756610634603,1.29040272561209,0.547452434706283,61.6961000696746
12.603869047619,1.14746840885419,1.29034505869768,0.54719060436433,61.6968046046616
12.6039682539683,1.14737072228361,1.29028737561125,0.546928899443878,61.6975090590569
12.6040674603175,1.14727304663218,1.29022967636372,0.546667319885607,61.6982134328787
12.6041666666667,1.14717538189776,1.290171960966,0.546405865630188,61.6989177261453
12.6042658730159,1.14707772807824,1.29011422942903,0.546144536618336,61.6996219388748
12.6043650793651,1.14698008517149,1.29005648176372,0.545883332790785,61.7003260710853
12.6044642857143,1.14688245317539,1.28999871798096,0.545622254088273,61.7010301227949
12.6045634920635,1.14678483208783,1.28994093809168,0.545361300451583,61.7017340940219
12.6046626984127,1.14668722190669,1.28988314210677,0.545100471821496,61.7024379847842
12.6047619047619,1.14658962262986,1.28982533003712,0.544839768138838,61.7031417951002
12.6048611111111,1.14649203425522,1.28976750189364,0.544579189344432,61.7038455249878
12.6049603174603,1.14639445678066,1.28970965768719,0.544318735379148,61.7045491744653
12.6050595238095,1.14629689020408,1.28965179742867,0.54405840618385,61.7052527435506
12.6051587301587,1.14619933452336,1.28959392112896,0.543798201699452,61.705956232262
12.6052579365079,1.14610178973641,1.28953602879892,0.543538121866861,61.7066596406175
12.6053571428571,1.14600425584111,1.28947812044943,0.543278166627033,61.7073629686351
12.6054563492063,1.14590673283537,1.28942019609135,0.543018335920917,61.7080662163331
12.6055555555556,1.14580922071709,1.28936225573553,0.542758629689513,61.7087693837294
12.6056547619048,1.14571171948417,1.28930429939284,0.542499047873813,61.7094724708422
12.605753968254,1.1456142291345,1.28924632707412,0.542239590414851,61.7101754776895
12.6058531746032,1.14551674966601,1.28918833879022,0.541980257253685,61.7108784042893
12.6059523809524,1.14541928107659,1.28913033455198,0.541721048331369,61.7115812506598
12.6060515873016,1.14532182336415,1.28907231437023,0.541461963589011,61.712284016819
12.6061507936508,1.14522437652661,1.28901427825581,0.541203002967708,61.7129867027849
12.60625,1.14512694056187,1.28895622621954,0.540944166408611,61.7136893085755
12.6063492063492,1.14502951546785,1.28889815827225,0.54068545385286,61.7143918342089
12.6064484126984,1.14493210124247,1.28884007442476,0.540426865241648,61.7150942797032
12.6065476190476,1.14483469788364,1.28878197468787,0.540168400516158,61.7157966450763
12.6066468253968,1.14473730538929,1.2887238590724,0.539910059617624,61.7164989303462
12.606746031746,1.14463992375733,1.28866572758914,0.539651842487275,61.717201135531
12.6068452380952,1.14454255298569,1.28860758024891,0.539393749066387,61.7179032606487
12.6069444444444,1.14444519307229,1.2885494170625,0.53913577929623,61.7186053057173
12.6070436507936,1.14434784401506,1.28849123804069,0.538877933118123,61.7193072707547
12.6071428571429,1.14425050581192,1.28843304319426,0.53862021047338,61.7200091557789
12.6072420634921,1.14415317846081,1.28837483253402,0.538362611303355,61.720710960808
12.6073412698413,1.14405586195967,1.28831660607072,0.538105135549426,61.7214126858598
12.6074404761905,1.14395855630641,1.28825836381514,0.537847783152969,61.7221143309525
12.6075396825397,1.14386126149899,1.28820010577805,0.53759055405541,61.7228158961038
12.6076388888889,1.14376397753532,1.28814183197021,0.53733344819817,61.7235173813318
12.6077380952381,1.14366670441337,1.28808354240238,0.537076465522717,61.7242187866545
12.6078373015873,1.14356944213105,1.28802523708531,0.536819605970514,61.7249201120897
12.6079365079365,1.14347219068633,1.28796691602976,0.536562869483072,61.7256213576555
12.6080357142857,1.14337495007713,1.28790857924646,0.536306256001898,61.7263225233697
12.6081349206349,1.14327772030141,1.28785022674616,0.536049765468544,61.7270236092502
12.6082341269841,1.14318050135712,1.28779185853959,0.53579339782456,61.7277246153151
12.6083333333333,1.1430832932422,1.28773347463748,0.535537153011543,61.7284255415822
12.6084325396825,1.14298609595461,1.28767507505056,0.535281030971082,61.7291263880693
12.6085317460317,1.1428889094923,1.28761665978955,0.535025031644819,61.7298271547945
12.608630952381,1.14279173385322,1.28755822886517,0.534769154974387,61.7305278417757
12.6087301587302,1.14269456903532,1.28749978228812,0.534513400901461,61.7312284490306
12.6088293650794,1.14259741503658,1.28744132006913,0.534257769367738,61.7319289765772
12.6089285714286,1.14250027185495,1.28738284221888,0.534002260314916,61.7326294244334
12.6090277777778,1.14240313948839,1.28732434874808,0.533746873684742,61.7333297926171
12.609126984127,1.14230601793486,1.28726583966743,0.533491609418956,61.7340300811461
12.6092261904762,1.14220890719234,1.2872073149876,0.533236467459348,61.7347302900382
12.6093253968254,1.14211180725877,1.2871487747193,0.5329814477477,61.7354304193114
12.6094246031746,1.14201471813215,1.28709021887319,0.532726550225845,61.7361304689834
12.6095238095238,1.14191763981043,1.28703164745996,0.532471774835609,61.7368304390722
12.609623015873,1.14182057229159,1.28697306049026,0.532217121518867,61.7375303295956
12.6097222222222,1.14172351557361,1.28691445797478,0.531962590217486,61.7382301405713
12.6098214285714,1.14162646965445,1.28685583992418,0.531708180873386,61.7389298720173
12.6099206349206,1.1415294345321,1.2867972063491,0.531453893428476,61.7396295239513
12.6100198412698,1.14143241020454,1.2867385572602,0.531199727824718,61.7403290963912
12.610119047619,1.14133539666974,1.28667989266813,0.530945684004066,61.7410285893547
12.6102182539683,1.1412383939257,1.28662121258354,0.530691761908515,61.7417280028598
12.6103174603175,1.14114140197039,1.28656251701706,0.530437961480084,61.7424273369241
12.6104166666667,1.14104442080181,1.28650380597933,0.53018428266079,61.7431265915654
12.6105158730159,1.14094745041793,1.28644507948097,0.529930725392701,61.7438257668016
12.6106150793651,1.14085049081676,1.28638633753262,0.529677289617877,61.7445248626504
12.6107142857143,1.14075354199628,1.28632758014489,0.529423975278429,61.7452238791297
12.6108134920635,1.14065660395449,1.28626880732839,0.52917078231646,61.7459228162571
12.6109126984127,1.14055967668938,1.28621001909375,0.528917710674123,61.7466216740504
12.6110119047619,1.14046276019895,1.28615121545157,0.528664760293564,61.7473204525274
12.6111111111111,1.1403658544812,1.28609239641244,0.528411931116979,61.7480191517058
12.6112103174603,1.14026895953412,1.28603356198697,0.528159223086556,61.7487177716034
12.6113095238095,1.14017207535573,1.28597471218575,0.527906636144535,61.7494163122379
12.6114087301587,1.14007520194403,1.28591584701937,0.527654170233146,61.7501147736271
12.6115079365079,1.13997833929702,1.28585696649841,0.52740182529467,61.7508131557887
12.6116071428571,1.13988148741271,1.28579807063346,0.527149601271383,61.7515114587403
12.6117063492064,1.1397846462891,1.28573915943507,0.526897498105601,61.7522096824998
12.6118055555556,1.13968781592422,1.28568023291384,0.526645515739661,61.7529078270848
12.6119047619048,1.13959099631608,1.28562129108031,0.526393654115903,61.753605892513
12.612003968254,1.13949418746268,1.28556233394506,0.526141913176715,61.7543038788021
12.6121031746032,1.13939738936205,1.28550336151864,0.525890292864477,61.7550017859699
12.6122023809524,1.13930060201221,1.2854443738116,0.525638793121621,61.7556996140339
12.6123015873016,1.13920382541116,1.28538537083449,0.525387413890569,61.7563973630119
12.6124007936508,1.13910705955695,1.28532635259784,0.525136155113797,61.7570950329215
12.6125,1.13901030444758,1.28526731911221,0.52488501673377,61.7577926237805
12.6125992063492,1.1389135600811,1.28520827038812,0.524633998693004,61.7584901356065
12.6126984126984,1.13881682645551,1.28514920643609,0.524383100934009,61.7591875684171
12.6127976190476,1.13872010356886,1.28509012726667,0.524132323399343,61.7598849222299
12.6128968253968,1.13862339141917,1.28503103289035,0.52388166603156,61.7605821970627
12.612996031746,1.13852669000448,1.28497192331767,0.52363112877326,61.7612793929331
12.6130952380952,1.13842999932282,1.28491279855913,0.523380711567039,61.7619765098586
12.6131944444444,1.13833331937222,1.28485365862523,0.523130414355533,61.762673547857
12.6132936507937,1.13823665015073,1.28479450352648,0.522880237081401,61.7633705069459
12.6133928571429,1.13813999165638,1.28473533327337,0.522630179687303,61.7640673871428
12.6134920634921,1.13804334388722,1.2846761478764,0.522380242115947,61.7647641884653
12.6135912698413,1.13794670684128,1.28461694734605,0.522130424310034,61.7654609109312
12.6136904761905,1.13785008051662,1.28455773169281,0.521880726212316,61.7661575545579
12.6137896825397,1.13775346491128,1.28449850092716,0.521631147765537,61.766854119363
12.6138888888889,1.13765686002331,1.28443925505956,0.521381688912491,61.7675506053642
12.6139880952381,1.13756026585076,1.28437999410049,0.521132349595966,61.7682470125791
12.6140873015873,1.13746368239168,1.28432071806041,0.520883129758797,61.7689433410251
12.6141865079365,1.13736710964412,1.28426142694979,0.520634029343815,61.7696395907199
12.6142857142857,1.13727054760615,1.28420212077907,0.520385048293899,61.770335761681
12.6143849206349,1.13717399627581,1.28414279955871,0.520136186551923,61.771031853926
12.6144841269841,1.13707745565117,1.28408346329915,0.519887444060807,61.7717278674724
12.6145833333333,1.13698092573029,1.28402411201084,0.519638820763467,61.7724238023379
12.6146825396825,1.13688440651123,1.28396474570421,0.519390316602862,61.7731196585398
12.6147817460317,1.13678789799205,1.2839053643897,0.51914193152197,61.7738154360958
12.614880952381,1.13669140017083,1.28384596807774,0.518893665463771,61.7745111350233
12.6149801587302,1.13659491304562,1.28378655677874,0.518645518371294,61.7752067553399
12.6150793650794,1.13649843661451,1.28372713050312,0.518397490187561,61.7759022970632
12.6151785714286,1.13640197087555,1.28366768926131,0.518149580855644,61.7765977602105
12.6152777777778,1.13630551582683,1.2836082330637,0.517901790318608,61.7772931447995
12.615376984127,1.13620907146642,1.28354876192071,0.517654118519567,61.7779884508476
12.6154761904762,1.13611263779239,1.28348927584273,0.517406565401628,61.7786836783724
12.6155753968254,1.13601621480283,1.28342977484016,0.51715913090795,61.7793788273911
12.6156746031746,1.13591980249581,1.28337025892339,0.516911814981682,61.7800738979215
12.6157738095238,1.13582340086942,1.28331072810281,0.516664617566025,61.7807688899809
12.615873015873,1.13572700992174,1.2832511823888,0.516417538604171,61.7814638035869
12.6159722222222,1.13563062965085,1.28319162179174,0.516170578039363,61.7821586387568
12.6160714285714,1.13553426005485,1.28313204632199,0.515923735814838,61.7828533955081
12.6161706349206,1.13543790113182,1.28307245598994,0.515677011873873,61.7835480738583
12.6162698412698,1.13534155287986,1.28301285080594,0.515430406159768,61.7842426738249
12.616369047619,1.13524521529705,1.28295323078034,0.515183918615823,61.7849371954252
12.6164682539683,1.13514888838149,1.28289359592352,0.514937549185388,61.7856316386766
12.6165674603175,1.13505257213128,1.2828339462458,0.514691297811805,61.7863260035968
12.6166666666667,1.13495626654452,1.28277428175755,0.514445164438467,61.7870202902029
12.6167658730159,1.1348599716193,1.2827146024691,0.514199149008759,61.7877144985125
12.6168650793651,1.13476368735373,1.28265490839078,0.513953251466116,61.788408628543
12.6169642857143,1.13466741374591,1.28259519953294,0.513707471753966,61.7891026803117
12.6170634920635,1.13457115079394,1.28253547590589,0.513461809815787,61.7897966538361
12.6171626984127,1.13447489849593,1.28247573751995,0.51321626559505,61.7904905491336
12.6172619047619,1.13437865685,1.28241598438546,0.512970839035275,61.7911843662215
12.6173611111111,1.13428242585425,1.28235621651271,0.512725530079977,61.7918781051172
12.6174603174603,1.13418620550679,1.28229643391201,0.512480338672717,61.7925717658381
12.6175595238095,1.13408999580573,1.28223663659368,0.512235264757053,61.7932653484015
12.6176587301587,1.1339937967492,1.28217682456801,0.511990308276583,61.7939588528249
12.6177579365079,1.13389760833531,1.2821169978453,0.511745469174928,61.7946522791256
12.6178571428571,1.13380143056218,1.28205715643583,0.511500747395708,61.7953456273209
12.6179563492063,1.13370526342793,1.28199730034989,0.511256142882593,61.7960388974281
12.6180555555556,1.13360910693068,1.28193742959776,0.511011655579247,61.7967320894647
12.6181547619048,1.13351296106856,1.28187754418972,0.510767285429381,61.7974252034479
12.618253968254,1.1334168258397,1.28181764413605,0.510523032376703,61.798118239395
12.6183531746032,1.13332070124222,1.281757729447,0.510278896364967,61.7988111973235
12.6184523809524,1.13322458727424,1.28169780013284,0.510034877337923,61.7995040772505
12.6185515873016,1.13312848393392,1.28163785620382,0.509790975239368,61.8001968791935
12.6186507936508,1.13303239121937,1.28157789767021,0.509547190013094,61.8008896031697
12.61875,1.13293630912873,1.28151792454226,0.509303521602942,61.8015822491963
12.6188492063492,1.13284023766014,1.28145793683019,0.509059969952746,61.8022748172908
12.6189484126984,1.13274417681174,1.28139793454426,0.508816535006389,61.8029673074704
12.6190476190476,1.13264812658167,1.2813379176947,0.50857321670775,61.8036597197523
12.6191468253968,1.13255208696807,1.28127788629174,0.508330015000746,61.8043520541539
12.619246031746,1.13245605796908,1.28121784034561,0.508086929829319,61.8050443106923
12.6193452380952,1.13236003958285,1.28115777986653,0.50784396113741,61.8057364893849
12.6194444444444,1.13226403180753,1.28109770486471,0.507601108869009,61.806428590249
12.6195436507937,1.13216803464127,1.28103761535036,0.507358372968101,61.8071206133017
12.6196428571429,1.13207204808222,1.28097751133371,0.507115753378717,61.8078125585603
12.6197420634921,1.13197607212853,1.28091739282493,0.506873250044886,61.8085044260421
12.6198412698413,1.13188010677835,1.28085725983425,0.506630862910682,61.8091962157643
12.6199404761905,1.13178415202984,1.28079711237184,0.506388591920176,61.8098879277441
12.6200396825397,1.13168820788117,1.28073695044791,0.506146437017485,61.8105795619987
12.6201388888889,1.13159227433049,1.28067677407262,0.505904398146722,61.8112711185453
12.6202380952381,1.13149635137595,1.28061658325617,0.505662475252048,61.8119625974012
12.6203373015873,1.13140043901574,1.28055637800873,0.505420668277618,61.8126539985836
12.6204365079365,1.131304537248,1.28049615834047,0.505178977167636,61.8133453221096
12.6205357142857,1.13120864607091,1.28043592426156,0.504937401866299,61.8140365679964
12.6206349206349,1.13111276548263,1.28037567578215,0.504695942317849,61.8147277362613
12.6207341269841,1.13101689548135,1.28031541291241,0.504454598466544,61.8154188269214
12.6208333333333,1.13092103606522,1.28025513566249,0.504213370256648,61.8161098399939
12.6209325396825,1.13082518723242,1.28019484404253,0.503972257632471,61.8168007754959
12.6210317460317,1.13072934898114,1.28013453806268,0.503731260538317,61.8174916334446
12.621130952381,1.13063352130954,1.28007421773308,0.503490378918541,61.8181824138572
12.6212301587302,1.1305377042158,1.28001388306386,0.503249612717489,61.8188731167508
12.6213293650794,1.13044189769812,1.27995353406515,0.503008961879558,61.8195637421425
12.6214285714286,1.13034610175466,1.27989317074708,0.502768426349137,61.8202542900496
12.6215277777778,1.13025031638362,1.27983279311977,0.502528006070666,61.820944760489
12.621626984127,1.13015454158317,1.27977240119333,0.502287700988578,61.8216351534781
12.6217261904762,1.13005877735152,1.27971199497787,0.502047511047353,61.8223254690338
12.6218253968254,1.12996302368684,1.2796515744835,0.501807436191468,61.8230157071733
12.6219246031746,1.12986728058734,1.27959113972033,0.501567476365447,61.8237058679136
12.6220238095238,1.1297715480512,1.27953069069845,0.501327631513808,61.824395951272
12.622123015873,1.12967582607662,1.27947022742795,0.501087901581112,61.8250859572655
12.6222222222222,1.1295801146618,1.27940974991892,0.500848286511939,61.8257758859112
12.6223214285714,1.12948441380493,1.27934925818144,0.500608786250873,61.8264657372261
12.6224206349206,1.12938872350422,1.27928875222561,0.500369400742545,61.8271555112274
12.6225198412698,1.12929304375786,1.27922823206147,0.50013012993158,61.8278452079321
12.622619047619,1.12919737456407,1.27916769769912,0.499890973762651,61.8285348273573
12.6227182539683,1.12910171592105,1.27910714914862,0.499651932180427,61.82922436952
12.6228174603175,1.129006067827,1.27904658642001,0.499413005129624,61.8299138344374
12.6229166666667,1.12891043028014,1.27898600952337,0.499174192554953,61.8306032221264
12.6230158730159,1.12881480327868,1.27892541846874,0.498935494401173,61.8312925326041
12.6231150793651,1.12871918682082,1.27886481326617,0.498696910613038,61.8319817658875
12.6232142857143,1.12862358090479,1.27880419392571,0.498458441135349,61.8326709219937
12.6233134920635,1.1285279855288,1.27874356045738,0.498220085912904,61.8333600009397
12.6234126984127,1.12843240069106,1.27868291287123,0.497981844890546,61.8340490027425
12.6235119047619,1.12833682638981,1.27862225117727,0.497743718013115,61.8347379274192
12.6236111111111,1.12824126262326,1.27856157538555,0.497505705225491,61.8354267749867
12.6237103174603,1.12814570938963,1.27850088550606,0.497267806472576,61.836115545462
12.6238095238095,1.12805016668715,1.27844018154884,0.497030021699273,61.8368042388622
12.6239087301587,1.12795463451405,1.27837946352389,0.496792350850534,61.8374928552041
12.6240079365079,1.12785911286855,1.27831873144122,0.496554793871305,61.8381813945049
12.6241071428571,1.12776360174889,1.27825798531082,0.49631735070658,61.8388698567815
12.6242063492064,1.1276681011533,1.2781972251427,0.496080021301348,61.8395582420508
12.6243055555556,1.12757261108001,1.27813645094684,0.495842805600645,61.8402465503299
12.6244047619048,1.12747713152726,1.27807566273324,0.495605703549503,61.8409347816357
12.624503968254,1.12738166249328,1.27801486051187,0.495368715093001,61.8416229359851
12.6246031746032,1.12728620397632,1.27795404429271,0.495131840176215,61.8423110133951
12.6247023809524,1.12719075597462,1.27789321408575,0.494895078744265,61.8429990138827
12.6248015873016,1.12709531848642,1.27783236990094,0.494658430742269,61.8436869374647
12.6249007936508,1.12699989150996,1.27777151174825,0.494421896115392,61.8443747841581
12.625,1.1269044750435,1.27771063963764,0.494185474808793,61.8450625539799
12.6250992063492,1.12680906908527,1.27764975357907,0.493949166767675,61.8457502469469
12.6251984126984,1.12671367363354,1.27758885358248,0.493712971937258,61.8464378630761
12.6252976190476,1.12661828868654,1.27752793965783,0.493476890262768,61.8471254023844
12.6253968253968,1.12652291424254,1.27746701181505,0.493240921689475,61.8478128648886
12.625496031746,1.12642755029979,1.27740607006408,0.493005066162647,61.8485002506058
12.6255952380952,1.12633219685655,1.27734511441486,0.492769323627597,61.8491875595526
12.6256944444444,1.12623685391108,1.27728414487731,0.492533694029636,61.8498747917462
12.6257936507936,1.12614152146163,1.27722316146135,0.49229817731412,61.8505619472033
12.6258928571429,1.12604619950647,1.2771621641769,0.492062773426402,61.8512490259407
12.6259920634921,1.12595088804387,1.27710115303388,0.491827482311881,61.8519360279755
12.6260912698413,1.12585558707209,1.2770401280422,0.491592303915953,61.8526229533244
12.6261904761905,1.12576029658939,1.27697908921176,0.49135723818406,61.8533098020042
12.6262896825397,1.12566501659406,1.27691803655246,0.491122285061639,61.8539965740319
12.6263888888889,1.12556974708435,1.27685697007419,0.490887444494177,61.8546832694243
12.6264880952381,1.12547448805854,1.27679588978686,0.490652716427153,61.8553698881982
12.6265873015873,1.12537923951491,1.27673479570033,0.490418100806088,61.8560564303704
12.6266865079365,1.12528400145173,1.2766736878245,0.490183597576527,61.8567428959578
12.6267857142857,1.12518877386728,1.27661256616925,0.489949206684013,61.8574292849773
12.6268849206349,1.12509355675985,1.27655143074444,0.489714928074138,61.8581155974455
12.6269841269841,1.12499835012771,1.27649028155994,0.48948076169249,61.8588018333793
12.6270833333333,1.12490315396914,1.27642911862563,0.489246707484703,61.8594879927955
12.6271825396825,1.12480796828244,1.27636794195134,0.489012765396408,61.860174075711
12.6272817460317,1.12471279306589,1.27630675154695,0.488778935373283,61.8608600821425
12.627380952381,1.12461762831777,1.2762455474223,0.488545217360999,61.8615460121067
12.6274801587302,1.12452247403639,1.27618432958723,0.488311611305277,61.8622318656205
12.6275793650794,1.12442733022003,1.27612309805159,0.488078117151833,61.8629176427007
12.6276785714286,1.12433219686698,1.27606185282521,0.48784473484643,61.863603343364
12.6277777777778,1.12423707397555,1.27600059391792,0.487611464334827,61.8642889676271
12.627876984127,1.12414196154403,1.27593932133955,0.487378305562827,61.8649745155069
12.6279761904762,1.12404685957071,1.27587803509993,0.487145258476234,61.86565998702
12.6280753968254,1.12395176805391,1.27581673520886,0.486912323020889,61.8663453821833
12.6281746031746,1.12385668699192,1.27575542167616,0.486679499142655,61.8670307010134
12.6282738095238,1.12376161638305,1.27569409451165,0.486446786787397,61.8677159435271
12.628373015873,1.12366655622561,1.27563275372512,0.486214185901027,61.8684011097411
12.6284722222222,1.1235715065179,1.27557139932637,0.485981696429455,61.8690861996722
12.6285714285714,1.12347646725824,1.2755100313252,0.485749318318634,61.869771213337
12.6286706349206,1.12338143844493,1.2754486497314,0.485517051514516,61.8704561507522
12.6287698412698,1.12328642007629,1.27538725455476,0.485284895963099,61.8711410119346
12.628869047619,1.12319141215064,1.27532584580505,0.485052851610376,61.8718257969008
12.6289682539683,1.12309641466629,1.27526442349205,0.484820918402387,61.8725105056676
12.6290674603175,1.12300142762156,1.27520298762553,0.484589096285169,61.8731951382516
12.6291666666667,1.12290645101478,1.27514153821526,0.484357385204806,61.8738796946696
12.6292658730159,1.12281148484426,1.27508007527101,0.484125785107376,61.8745641749381
12.6293650793651,1.12271652910833,1.27501859880252,0.483894295939005,61.8752485790738
12.6294642857143,1.12262158380531,1.27495710881956,0.483662917645815,61.8759329070935
12.6295634920635,1.12252664893354,1.27489560533187,0.483431650173969,61.8766171590137
12.6296626984127,1.12243172449134,1.2748340883492,0.483200493469649,61.8773013348511
12.6297619047619,1.12233681047705,1.27477255788128,0.482969447479043,61.8779854346224
12.6298611111111,1.12224190688899,1.27471101393785,0.482738512148382,61.8786694583441
12.6299603174603,1.12214701372551,1.27464945652864,0.482507687423897,61.879353406033
12.6300595238095,1.12205213098493,1.27458788566339,0.482276973251861,61.8800372777057
12.6301587301587,1.12195725866561,1.2745263013518,0.482046369578546,61.8807210733787
12.6302579365079,1.12186239676587,1.27446470360359,0.481815876350271,61.8814047930687
12.6303571428571,1.12176754528406,1.27440309242848,0.48158549351335,61.8820884367922
12.6304563492063,1.12167270421853,1.27434146783618,0.481355221014144,61.882772004566
12.6305555555556,1.12157787356761,1.27427982983638,0.481125058799009,61.8834554964066
12.6306547619048,1.12148305332967,1.27421817843879,0.48089500681435,61.8841389123305
12.630753968254,1.12138824350303,1.2741565136531,0.480665065006567,61.8848222523544
12.6308531746032,1.12129344408607,1.274094835489,0.480435233322104,61.8855055164948
12.6309523809524,1.12119865507712,1.27403314395617,0.480205511707406,61.8861887047684
12.6310515873016,1.12110387647455,1.27397143906429,0.479975900108954,61.8868718171916
12.6311507936508,1.12100910827671,1.27390972082304,0.479746398473253,61.8875548537811
12.63125,1.12091435048195,1.27384798924209,0.479517006746809,61.8882378145534
12.6313492063492,1.12081960308865,1.2737862443311,0.479287724876177,61.888920699525
12.6314484126984,1.12072486609515,1.27372448609974,0.479058552807904,61.8896035087125
12.6315476190476,1.12063013949982,1.27366271455766,0.478829490488586,61.8902862421324
12.6316468253968,1.12053542330103,1.27360092971452,0.478600537864817,61.8909688998013
12.631746031746,1.12044071749715,1.27353913157997,0.478371694883234,61.8916514817357
12.6318452380952,1.12034602208654,1.27347732016364,0.478142961490473,61.8923339879521
12.6319444444444,1.12025133706757,1.27341549547517,0.477914337633214,61.893016418467
12.6320436507937,1.12015666243862,1.27335365752421,0.477685823258136,61.8936987732969
12.6321428571429,1.12006199819805,1.27329180632037,0.477457418311962,61.8943810524583
12.6322420634921,1.11996734434425,1.27322994187329,0.477229122741412,61.8950632559678
12.6323412698413,1.11987270087559,1.27316806419258,0.477000936493254,61.8957453838418
12.6324404761905,1.11977806779045,1.27310617328786,0.476772859514251,61.8964274360968
12.6325396825397,1.11968344508721,1.27304426916874,0.476544891751205,61.8971094127492
12.6326388888889,1.11958883276426,1.27298235184483,0.476317033150942,61.8977913138156
12.6327380952381,1.11949423081998,1.27292042132573,0.476089283660288,61.8984731393124
12.6328373015873,1.11939963925275,1.27285847762103,0.475861643226117,61.8991548892561
12.6329365079365,1.11930505806097,1.27279652074034,0.475634111795299,61.8998365636632
12.6330357142857,1.11921048724301,1.27273455069323,0.475406689314751,61.90051816255
12.6331349206349,1.11911592679729,1.27267256748929,0.475179375731384,61.901199685933
12.6332341269841,1.11902137672218,1.2726105711381,0.474952170992159,61.9018811338287
12.6333333333333,1.11892683701608,1.27254856164924,0.47472507504403,61.9025625062535
12.6334325396825,1.11883230767739,1.27248653903227,0.474498087834,61.9032438032237
12.6335317460317,1.11873778870451,1.27242450329676,0.474271209309066,61.903925024756
12.633630952381,1.11864328009584,1.27236245445227,0.474044439416273,61.9046061708666
12.6337301587302,1.11854878184978,1.27230039250835,0.473817778102661,61.9052872415719
12.6338293650794,1.11845429396473,1.27223831747456,0.473591225315319,61.9059682368884
12.6339285714286,1.11835981643911,1.27217622936045,0.47336478100133,61.9066491568325
12.6340277777778,1.11826534927131,1.27211412817555,0.473138445107817,61.9073300014205
12.634126984127,1.11817089245975,1.27205201392941,0.472912217581925,61.9080107706688
12.6342261904762,1.11807644600283,1.27198988663155,0.472686098370803,61.9086914645939
12.6343253968254,1.11798200989898,1.27192774629151,0.472460087421645,61.909372083212
12.6344246031746,1.1178875841466,1.27186559291881,0.47223418468164,61.9100526265396
12.6345238095238,1.11779316874412,1.27180342652297,0.472008390098026,61.9107330945929
12.634623015873,1.11769876368994,1.2717412471135,0.471782703618035,61.9114134873885
12.6347222222222,1.11760436898249,1.27167905469992,0.471557125188948,61.9120938049426
12.6348214285714,1.11750998462019,1.27161684929172,0.471331654758041,61.9127740472715
12.6349206349206,1.11741561060147,1.27155463089842,0.471106292272635,61.9134542143916
12.6350198412698,1.11732124692474,1.2714923995295,0.470881037680049,61.9141343063192
12.635119047619,1.11722689358845,1.27143015519446,0.470655890927649,61.9148143230707
12.6352182539683,1.117132550591,1.27136789790278,0.470430851962795,61.9154942646624
12.6353174603175,1.11703821793085,1.27130562766396,0.470205920732896,61.9161741311105
12.6354166666667,1.1169438956064,1.27124334448746,0.469981097185356,61.9168539224314
12.6355158730159,1.11684958361611,1.27118104838275,0.469756381267618,61.9175336386415
12.6356150793651,1.11675528195841,1.27111873935932,0.469531772927149,61.9182132797569
12.6357142857143,1.11666099063173,1.27105641742662,0.469307272111417,61.918892845794
12.6358134920635,1.11656670963452,1.27099408259411,0.469082878767936,61.919572336769
12.6359126984127,1.11647243896521,1.27093173487125,0.468858592844218,61.9202517526983
12.6360119047619,1.11637817862225,1.27086937426749,0.468634414287818,61.9209310935981
12.6361111111111,1.11628392860408,1.27080700079227,0.468410343046293,61.9216103594847
12.6362103174603,1.11618968890915,1.27074461445504,0.468186379067241,61.9222895503743
12.6363095238095,1.1160954595359,1.27068221526523,0.467962522298259,61.9229686662833
12.6364087301587,1.11600124048279,1.27061980323227,0.467738772686989,61.9236477072277
12.6365079365079,1.11590703174827,1.27055737836559,0.467515130181072,61.924326673224
12.6366071428571,1.11581283333079,1.27049494067462,0.467291594728191,61.9250055642883
12.6367063492063,1.11571864522881,1.27043249016877,0.46706816627603,61.9256843804368
12.6368055555556,1.11562446744078,1.27037002685746,0.466844844772317,61.9263631216858
12.6369047619048,1.11553029996516,1.27030755075009,0.466621630164776,61.9270417880515
12.637003968254,1.11543614280042,1.27024506185607,0.466398522401172,61.9277203795502
12.6371031746032,1.11534199594501,1.27018256018481,0.466175521429291,61.9283988961979
12.6372023809524,1.1152478593974,1.27012004574569,0.465952627196923,61.929077338011
12.6373015873016,1.11515373315606,1.2700575185481,0.465729839651901,61.9297557050056
12.6374007936508,1.11505961721944,1.26999497860144,0.465507158742058,61.9304339971979
12.6375,1.11496551158603,1.26993242591509,0.46528458441527,61.9311122146041
12.6375992063492,1.11487141625429,1.26986986049841,0.465062116619414,61.9317903572404
12.6376984126984,1.1147773312227,1.26980728236079,0.464839755302409,61.9324684251229
12.6377976190476,1.11468325648973,1.26974469151159,0.464617500412172,61.9331464182678
12.6378968253968,1.11458919205385,1.26968208796018,0.464395351896666,61.9338243366913
12.637996031746,1.11449513791355,1.2696194717159,0.464173309703852,61.9345021804096
12.6380952380952,1.11440109406731,1.26955684278813,0.463951373781735,61.9351799494386
12.6381944444444,1.11430706051359,1.26949420118621,0.463729544078317,61.9358576437948
12.6382936507936,1.11421303725091,1.26943154691948,0.463507820541648,61.936535263494
12.6383928571429,1.11411902427772,1.26936887999728,0.463286203119773,61.9372128085526
12.6384920634921,1.11402502159252,1.26930620042894,0.463064691760776,61.9378902789866
12.6385912698413,1.11393102919381,1.26924350822381,0.462843286412765,61.9385676748121
12.6386904761905,1.11383704708007,1.26918080339121,0.462621987023849,61.9392449960452
12.6387896825397,1.11374307524979,1.26911808594045,0.462400793542183,61.9399222427021
12.6388888888889,1.11364911370147,1.26905535588086,0.46217970591592,61.9405994147989
12.6389880952381,1.11355516243361,1.26899261322175,0.461958724093257,61.9412765123516
12.6390873015873,1.11346122144469,1.26892985797242,0.46173784802239,61.9419535353763
12.6391865079365,1.11336729073323,1.26886709014219,0.461517077651559,61.9426304838892
12.6392857142857,1.11327337029771,1.26880430974034,0.461296412929003,61.9433073579062
12.6393849206349,1.11317946013666,1.26874151677618,0.461075853803005,61.9439841574436
12.6394841269841,1.11308556024855,1.268678711259,0.460855400221844,61.9446608825173
12.6395833333333,1.11299167063192,1.26861589319807,0.460635052133849,61.9453375331433
12.6396825396825,1.11289779128526,1.26855306260268,0.460414809487341,61.9460141093379
12.6397817460317,1.11280392220709,1.26849021948211,0.46019467223069,61.9466906111169
12.639880952381,1.1127100633959,1.26842736384563,0.459974640312262,61.9473670384965
12.6399801587302,1.11261621485023,1.26836449570249,0.459754713680462,61.9480433914927
12.6400793650794,1.11252237656859,1.26830161506198,0.459534892283718,61.9487196701214
12.6401785714286,1.11242854854948,1.26823872193334,0.459315176070459,61.9493958743989
12.6402777777778,1.11233473079144,1.26817581632583,0.459095564989161,61.950072004341
12.640376984127,1.11224092329297,1.2681128982487,0.458876058988298,61.9507480599637
12.6404761904762,1.11214712605261,1.26804996771119,0.458656658016387,61.9514240412831
12.6405753968254,1.11205333906887,1.26798702472253,0.458437362021945,61.9520999483153
12.6406746031746,1.11195956234029,1.26792406929197,0.458218170953533,61.9527757810761
12.6407738095238,1.11186579586539,1.26786110142874,0.457999084759708,61.9534515395815
12.640873015873,1.1117720396427,1.26779812114205,0.457780103389075,61.9541272238476
12.6409722222222,1.11167829367076,1.26773512844114,0.457561226790236,61.9548028338904
12.6410714285714,1.11158455794808,1.26767212333522,0.457342454911836,61.9554783697257
12.6411706349206,1.11149083247322,1.26760910583349,0.45712378770252,61.9561538313696
12.6412698412698,1.1113971172447,1.26754607594517,0.456905225110976,61.9568292188381
12.641369047619,1.11130341226106,1.26748303367946,0.456686767085892,61.957504532147
12.6414682539683,1.11120971752085,1.26741997904556,0.456468413575995,61.9581797713124
12.6415674603175,1.11111603302261,1.26735691205266,0.45625016453003,61.9588549363501
12.6416666666667,1.11102235876487,1.26729383270996,0.456032019896749,61.9595300272762
12.6417658730159,1.11092869474619,1.26723074102662,0.455813979624948,61.9602050441064
12.6418650793651,1.11083504096511,1.26716763701184,0.455596043663421,61.9608799868569
12.6419642857143,1.11074139742018,1.26710452067479,0.455378211961006,61.9615548555434
12.6420634920635,1.11064776410996,1.26704139202464,0.45516048446654,61.962229650182
12.6421626984127,1.11055414103298,1.26697825107056,0.454942861128904,61.9629043707884
12.6422619047619,1.11046052818782,1.2669150978217,0.454725341896978,61.9635790173787
12.6423611111111,1.11036692557302,1.26685193228723,0.454507926719685,61.9642535899686
12.6424603174603,1.11027333318714,1.2667887544763,0.454290615545948,61.9649280885742
12.6425595238095,1.11017975102874,1.26672556439805,0.454073408324734,61.9656025132112
12.6426587301587,1.11008617909638,1.26666236206163,0.453856305005007,61.9662768638956
12.6427579365079,1.10999261738863,1.26659914747617,0.453639305535776,61.9669511406432
12.6428571428571,1.10989906590405,1.26653592065081,0.45342240986605,61.9676253434699
12.6429563492064,1.1098055246412,1.26647268159468,0.453205617944874,61.9682994723916
12.6430555555556,1.10971199359867,1.26640943031691,0.452988929721317,61.9689735274241
12.6431547619048,1.109618472775,1.26634616682661,0.45277234514445,61.9696475085832
12.643253968254,1.10952496216878,1.26628289113289,0.452555864163389,61.9703214158849
12.6433531746032,1.10943146177859,1.26621960324488,0.45233948672725,61.9709952493449
12.6434523809524,1.10933797160299,1.26615630317168,0.45212321278519,61.971669008979
12.6435515873016,1.10924449164056,1.26609299092238,0.451907042286367,61.9723426948031
12.6436507936508,1.10915102188988,1.26602966650609,0.451690975179982,61.9730163068331
12.64375,1.10905756234954,1.26596632993189,0.451475011415237,61.9736898450847
12.6438492063492,1.10896411301811,1.26590298120889,0.451259150941375,61.9743633095737
12.6439484126984,1.10887067389419,1.26583962034615,0.451043393707638,61.9750367003159
12.6440476190476,1.10877724497635,1.26577624735276,0.450827739663315,61.9757100173272
12.6441468253968,1.10868382626317,1.26571286223779,0.450612188757689,61.9763832606233
12.644246031746,1.10859041775327,1.26564946501031,0.450396740940093,61.97705643022
12.6443452380952,1.10849701944522,1.26558605567939,0.450181396159852,61.9777295261331
12.6444444444444,1.10840363133761,1.26552263425409,0.449966154366335,61.9784025483783
12.6445436507937,1.10831025342905,1.26545920074346,0.44975101550893,61.9790754969715
12.6446428571429,1.10821688571812,1.26539575515656,0.449535979537028,61.9797483719283
12.6447420634921,1.10812352820344,1.26533229750243,0.449321046400067,61.9804211732646
12.6448412698413,1.10803018088359,1.26526882779011,0.449106216047482,61.981093900996
12.6449404761905,1.10793684375718,1.26520534602864,0.448891488428752,61.9817665551384
12.6450396825397,1.10784351682281,1.26514185222706,0.448676863493354,61.9824391357075
12.6451388888889,1.10775020007909,1.26507834639438,0.448462341190811,61.9831116427189
12.6452380952381,1.10765689352463,1.26501482853965,0.448247921470644,61.9837840761885
12.6453373015873,1.10756359715803,1.26495129867187,0.448033604282418,61.9844564361319
12.6454365079365,1.1074703109779,1.26488775680005,0.447819389575695,61.9851287225648
12.6455357142857,1.10737703498287,1.26482420293322,0.447605277300083,61.985800935503
12.6456349206349,1.10728376917153,1.26476063708038,0.447391267405189,61.9864730749622
12.6457341269841,1.10719051354251,1.26469705925051,0.447177359840662,61.987145140958
12.6458333333333,1.10709726809443,1.26463346945263,0.446963554556152,61.9878171335061
12.6459325396825,1.10700403282591,1.26456986769573,0.446749851501345,61.9884890526223
12.6460317460317,1.10691080773556,1.26450625398878,0.446536250625951,61.9891608983222
12.646130952381,1.10681759282201,1.26444262834078,0.446322751879682,61.9898326706215
12.6462301587302,1.10672438808389,1.2643789907607,0.446109355212296,61.9905043695358
12.6463293650794,1.10663119351981,1.26431534125751,0.445896060573548,61.9911759950809
12.6464285714286,1.10653800912842,1.26425167984019,0.445682867913237,61.9918475472722
12.6465277777778,1.10644483490834,1.26418800651769,0.445469777181163,61.9925190261256
12.646626984127,1.1063516708582,1.26412432129898,0.445256788327168,61.9931904316567
12.6467261904762,1.10625851697664,1.26406062419301,0.445043901301093,61.993861763881
12.6468253968254,1.10616537326229,1.26399691520873,0.444831116052824,61.9945330228143
12.6469246031746,1.10607223971379,1.26393319435509,0.444618432532243,61.995204208472
12.6470238095238,1.10597911632977,1.26386946164103,0.44440585068928,61.99587532087
12.647123015873,1.10588600310888,1.26380571707549,0.444193370473861,61.9965463600237
12.6472222222222,1.10579290004977,1.26374196066739,0.443980991835957,61.9972173259488
12.6473214285714,1.10569980715107,1.26367819242566,0.443768714725536,61.9978882186609
12.6474206349206,1.10560672441143,1.26361441235923,0.443556539092607,61.9985590381756
12.6475198412698,1.1055136518295,1.26355062047702,0.4433444648872,61.9992297845084
12.647619047619,1.10542058940393,1.26348681678794,0.443132492059346,61.999900457675
12.6477182539683,1.10532753713337,1.26342300130089,0.442920620559125,62.0005710576909
12.6478174603175,1.10523449501648,1.26335917402479,0.442708850336612,62.0012415845717
12.6479166666667,1.1051414630519,1.26329533496853,0.442497181341928,62.001912038333
12.6480158730159,1.1050484412383,1.26323148414101,0.442285613525191,62.0025824189903
12.6481150793651,1.10495542957433,1.26316762155111,0.442074146836565,62.0032527265592
12.6482142857143,1.10486242805866,1.26310374720773,0.441862781226211,62.0039229610552
12.6483134920635,1.10476943668995,1.26303986111975,0.441651516644336,62.0045931224939
12.6484126984127,1.10467645546685,1.26297596329604,0.441440353041142,62.0052632108908
12.6485119047619,1.10458348438804,1.26291205374547,0.44122929036688,62.0059332262615
12.6486111111111,1.10449052345218,1.26284813247692,0.441018328571796,62.0066031686214
12.6487103174603,1.10439757265795,1.26278419949924,0.440807467606181,62.0072730379861
12.6488095238095,1.104304632004,1.2627202548213,0.440596707420326,62.0079428343711
12.6489087301587,1.10421170148902,1.26265629845195,0.440386047964558,62.0086125577919
12.6490079365079,1.10411878111169,1.26259233040003,0.440175489189228,62.009282208264
12.6491071428571,1.10402587087067,1.2625283506744,0.439965031044688,62.0099517858029
12.6492063492063,1.10393297076464,1.26246435928389,0.439754673481339,62.010621290424
12.6493055555556,1.10384008079229,1.26240035623734,0.439544416449575,62.011290722143
12.6494047619048,1.10374720095229,1.26233634154357,0.439334259899838,62.0119600809752
12.649503968254,1.10365433124333,1.26227231521143,0.439124203782568,62.0126293669361
12.6496031746032,1.1035614716641,1.26220827724972,0.438914248048248,62.0132985800413
12.6497023809524,1.10346862221327,1.26214422766726,0.43870439264736,62.013967720306
12.6498015873016,1.10337578288955,1.26208016647288,0.43849463753043,62.0146367877459
12.6499007936508,1.10328295369161,1.26201609367537,0.438284982647984,62.0153057823763
12.65,1.10319013461815,1.26195200928354,0.438075427950591,62.0159747042127
12.6500992063492,1.10309732566787,1.26188791330618,0.437865973388817,62.0166435532706
12.6501984126984,1.10300452683947,1.2618238057521,0.437656618913275,62.0173123295653
12.6502976190476,1.10291173813162,1.26175968663009,0.437447364474576,62.0179810331123
12.6503968253968,1.10281895954305,1.26169555594891,0.437238210023368,62.018649663927
12.650496031746,1.10272619107244,1.26163141371737,0.437029155510321,62.0193182220248
12.6505952380952,1.10263343271851,1.26156725994423,0.43682020088611,62.0199867074212
12.6506944444444,1.10254068447995,1.26150309463827,0.436611346101454,62.0206551201314
12.6507936507937,1.10244794635547,1.26143891780825,0.436402591107069,62.021323460171
12.6508928571429,1.10235521834378,1.26137472946293,0.436193935853717,62.0219917275553
12.6509920634921,1.10226250044359,1.26131052961107,0.435985380292158,62.0226599222997
12.6510912698413,1.10216979265362,1.26124631826143,0.435776924373196,62.0233280444196
12.6511904761905,1.10207709497256,1.26118209542275,0.435568568047635,62.0239960939303
12.6512896825397,1.10198440739915,1.26111786110378,0.43536031126632,62.0246640708472
12.6513888888889,1.10189172993209,1.26105361531326,0.435152153980096,62.0253319751857
12.6514880952381,1.10179906257011,1.26098935805991,0.434944096139855,62.0259998069611
12.6515873015873,1.10170640531192,1.26092508935248,0.434736137696483,62.0266675661888
12.6516865079365,1.10161375815625,1.26086080919968,0.434528278600913,62.0273352528841
12.6517857142857,1.10152112110182,1.26079651761024,0.434320518804077,62.0280028670623
12.6518849206349,1.10142849414736,1.26073221459288,0.434112858256943,62.0286704087388
12.6519841269841,1.10133587729159,1.2606679001563,0.433905296910501,62.029337877929
12.6520833333333,1.10124327053324,1.26060357430921,0.433697834715748,62.030005274648
12.6521825396825,1.10115067387106,1.26053923706032,0.433490471623722,62.0306725989113
12.6522817460317,1.10105808730375,1.26047488841832,0.433283207585461,62.0313398507341
12.652380952381,1.10096551083007,1.26041052839191,0.433076042552047,62.0320070301318
12.6524801587302,1.10087294444875,1.26034615698977,0.432868976474561,62.0326741371196
12.6525793650794,1.10078038815852,1.26028177422059,0.432662009304126,62.0333411717129
12.6526785714286,1.10068784195813,1.26021738009305,0.432455140991866,62.0340081339269
12.6527777777778,1.10059530584632,1.26015297461583,0.432248371488948,62.0346750237768
12.652876984127,1.10050277982183,1.26008855779758,0.43204170074654,62.035341841278
12.6529761904762,1.1004102638834,1.26002412964699,0.431835128715849,62.0360085864458
12.6530753968254,1.10031775802979,1.25995969017271,0.431628655348086,62.0366752592953
12.6531746031746,1.10022526225974,1.2598952393834,0.431422280594503,62.0373418598419
12.6532738095238,1.100132776572,1.25983077728771,0.431216004406351,62.0380083881007
12.653373015873,1.10004030096532,1.25976630389429,0.431009826734921,62.0386748440871
12.6534722222222,1.09994783543846,1.25970181921177,0.430803747531523,62.0393412278163
12.6535714285714,1.09985537999018,1.25963732324881,0.430597766747473,62.0400075393035
12.6536706349206,1.09976293461923,1.25957281601403,0.430391884334131,62.0406737785638
12.6537698412698,1.09967049932437,1.25950829751606,0.430186100242855,62.0413399456127
12.653869047619,1.09957807410436,1.25944376776352,0.429980414425047,62.0420060404652
12.6539682539683,1.09948565895796,1.25937922676504,0.429774826832108,62.0426720631365
12.6540674603175,1.09939325388395,1.25931467452924,0.429569337415483,62.0433380136419
12.6541666666667,1.09930085888108,1.25925011106471,0.429363946126617,62.0440038919966
12.6542658730159,1.09920847394812,1.25918553638008,0.429158652916997,62.0446696982157
12.6543650793651,1.09911609908385,1.25912095048393,0.42895345773811,62.0453354323144
12.6544642857143,1.09902373428704,1.25905635338487,0.428748360541485,62.046001094308
12.6545634920635,1.09893137955645,1.25899174509149,0.428543361278653,62.0466666842115
12.6546626984127,1.09883903489086,1.25892712561238,0.428338459901187,62.0473322020402
12.6547619047619,1.09874670028906,1.25886249495612,0.428133656360657,62.0479976478092
12.6548611111111,1.09865437574981,1.25879785313129,0.427928950608677,62.0486630215337
12.6549603174603,1.09856206127191,1.25873320014646,0.427724342596875,62.0493283232287
12.6550595238095,1.09846975685412,1.2586685360102,0.427519832276889,62.0499935529095
12.6551587301587,1.09837746249525,1.25860386073108,0.427315419600399,62.0506587105912
12.6552579365079,1.09828517819406,1.25853917431766,0.427111104519084,62.0513237962889
12.6553571428571,1.09819290394936,1.25847447677849,0.426906886984666,62.0519888100177
12.6554563492064,1.09810063975992,1.25840976812213,0.426702766948867,62.0526537517929
12.6555555555556,1.09800838562455,1.25834504835712,0.426498744363453,62.0533186216293
12.6556547619048,1.09791614154202,1.258280317492,0.426294819180188,62.0539834195423
12.655753968254,1.09782390751115,1.25821557553531,0.42609099135088,62.0546481455468
12.6558531746032,1.09773168353071,1.25815082249558,0.425887260827336,62.055312799658
12.6559523809524,1.09763946959953,1.25808605838135,0.425683627561408,62.055977381891
12.6560515873016,1.09754726571638,1.25802128320113,0.425480091504945,62.0566418922608
12.6561507936508,1.09745507188007,1.25795649696344,0.42527665260984,62.0573063307826
12.65625,1.09736288808942,1.25789169967681,0.425073310827987,62.0579706974713
12.6563492063492,1.09727071434321,1.25782689134973,0.424870066111317,62.0586349923421
12.6564484126984,1.09717855064027,1.25776207199071,0.424666918411781,62.0592992154101
12.6565476190476,1.09708639697939,1.25769724160826,0.424463867681336,62.0599633666902
12.6566468253968,1.09699425335939,1.25763240021087,0.424260913871982,62.0606274461975
12.656746031746,1.09690211977908,1.25756754780703,0.42405805693572,62.0612914539471
12.6568452380952,1.09680999623728,1.25750268440523,0.423855296824592,62.061955389954
12.6569444444444,1.0967178827328,1.25743781001395,0.42365263349064,62.0626192542332
12.6570436507936,1.09662577926446,1.25737292464166,0.423450066885951,62.0632830467998
12.6571428571429,1.09653368583108,1.25730802829685,0.42324759696261,62.0639467676688
12.6572420634921,1.09644160243147,1.25724312098798,0.423045223672744,62.0646104168551
12.6573412698413,1.09634952906447,1.25717820272352,0.422842946968483,62.0652739943739
12.6574404761905,1.09625746572889,1.25711327351191,0.422640766801997,62.06593750024
12.6575396825397,1.09616541242357,1.25704833336163,0.422438683125456,62.0666009344685
12.6576388888889,1.09607336914733,1.25698338228111,0.422236695891075,62.0672642970744
12.6577380952381,1.095981335899,1.25691842027881,0.422034805051068,62.0679275880727
12.6578373015873,1.09588931267741,1.25685344736316,0.421833010557684,62.0685908074783
12.6579365079365,1.0957972994814,1.2567884635426,0.421631312363198,62.0692539553062
12.6580357142857,1.0957052963098,1.25672346882556,0.421429710419885,62.0699170315714
12.6581349206349,1.09561330316145,1.25665846322048,0.421228204680068,62.0705800362889
12.6582341269841,1.09552132003519,1.25659344673577,0.421026795096066,62.0712429694735
12.6583333333333,1.09542934692986,1.25652841937985,0.420825481620243,62.0719058311403
12.6584325396825,1.0953373838443,1.25646338116113,0.420624264204962,62.0725686213041
12.6585317460317,1.09524543077735,1.25639833208803,0.420423142802629,62.07323133998
12.658630952381,1.09515348772787,1.25633327216894,0.42022211736565,62.0738939871828
12.6587301587302,1.09506155469469,1.25626820141228,0.420021187846473,62.0745565629275
12.6588293650794,1.09496963167667,1.25620311982642,0.419820354197548,62.075219067229
12.6589285714286,1.09487771867266,1.25613802741977,0.419619616371365,62.0758815001021
12.6590277777778,1.09478581568151,1.2560729242007,0.419418974320416,62.0765438615619
12.659126984127,1.09469392270209,1.25600781017761,0.419218427997236,62.0772061516232
12.6592261904762,1.09460203973323,1.25594268535886,0.419017977354358,62.0778683703009
12.6593253968254,1.0945101667738,1.25587754975283,0.418817622344354,62.0785305176099
12.6594246031746,1.09441830382267,1.25581240336789,0.418617362919817,62.0791925935651
12.6595238095238,1.09432645087869,1.2557472462124,0.418417199033346,62.0798545981813
12.659623015873,1.09423460794073,1.25568207829471,0.418217130637581,62.0805165314734
12.6597222222222,1.09414277500765,1.25561689962319,0.418017157685163,62.0811783934564
12.6598214285714,1.09405095207832,1.25555171020618,0.417817280128776,62.081840184145
12.6599206349206,1.09395913915161,1.25548651005202,0.417617497921103,62.0825019035541
12.6600198412698,1.09386733622639,1.25542129916906,0.417417811014872,62.0831635516985
12.660119047619,1.09377554330153,1.25535607756563,0.417218219362809,62.0838251285932
12.6602182539683,1.0936837603759,1.25529084525006,0.417018722917683,62.0844866342528
12.6603174603175,1.09359198744839,1.25522560223068,0.416819321632263,62.0851480686924
12.6604166666667,1.09350022451787,1.25516034851581,0.416620015459361,62.0858094319266
12.6605158730159,1.09340847158321,1.25509508411377,0.416420804351789,62.0864707239703
12.6606150793651,1.09331672864331,1.25502980903286,0.416221688262401,62.0871319448383
12.6607142857143,1.09322499569704,1.25496452328141,0.416022667144054,62.0877930945455
12.6608134920635,1.09313327274329,1.2548992268677,0.415823740949637,62.0884541731066
12.6609126984127,1.09304155978094,1.25483391980005,0.415624909632066,62.0891151805364
12.6610119047619,1.09294985680889,1.25476860208673,0.415426173144258,62.0897761168497
12.6611111111111,1.09285816382602,1.25470327373605,0.415227531439176,62.0904369820613
12.6612103174603,1.09276648083122,1.25463793475629,0.41502898446978,62.0910977761859
12.6613095238095,1.0926748078234,1.25457258515573,0.414830532189076,62.0917584992384
12.6614087301587,1.09258314480144,1.25450722494264,0.414632174550067,62.0924191512335
12.6615079365079,1.09249149176424,1.2544418541253,0.4144339115058,62.093079732186
12.6616071428571,1.09239984871069,1.25437647271197,0.414235743009323,62.0937402421106
12.6617063492063,1.09230821563972,1.25431108071091,0.414037669013724,62.094400681022
12.6618055555556,1.0922165925502,1.25424567813039,0.413839689472094,62.0950610489351
12.6619047619048,1.09212497944105,1.25418026497865,0.413641804337566,62.0957213458645
12.662003968254,1.09203337631118,1.25411484126394,0.413444013563271,62.0963815718249
12.6621031746032,1.09194178315948,1.25404940699451,0.413246317102385,62.0970417268312
12.6622023809524,1.09185019998488,1.25398396217859,0.413048714908083,62.097701810898
12.6623015873016,1.09175862678628,1.25391850682442,0.412851206933578,62.09836182404
12.6624007936508,1.0916670635626,1.25385304094024,0.412653793132103,62.0990217662719
12.6625,1.09157551031274,1.25378756453426,0.412456473456899,62.0996816376085
12.6625992063492,1.09148396703564,1.2537220776147,0.412259247861246,62.1003414380644
12.6626984126984,1.0913924337302,1.25365658018979,0.412062116298428,62.1010011676543
12.6627976190476,1.09130091039534,1.25359107226773,0.411865078721768,62.1016608263929
12.6628968253968,1.09120939702999,1.25352555385673,0.411668135084591,62.102320414295
12.662996031746,1.09111789363308,1.253460024965,0.411471285340266,62.102979931375
12.6630952380952,1.09102640020352,1.25339448560072,0.41127452944216,62.1036393776478
12.6631944444444,1.09093491674024,1.2533289357721,0.411077867343682,62.1042987531279
12.6632936507937,1.09084344324218,1.25326337548732,0.410881298998244,62.1049580578301
12.6633928571429,1.09075197970826,1.25319780475457,0.410684824359297,62.1056172917689
12.6634920634921,1.09066052613742,1.25313222358203,0.410488443380295,62.1062764549591
12.6635912698413,1.09056908252859,1.25306663197786,0.410292156014734,62.1069355474152
12.6636904761905,1.0904776488807,1.25300102995025,0.41009596221611,62.1075945691519
12.6637896825397,1.0903862251927,1.25293541750735,0.409899861937955,62.1082535201838
12.6638888888889,1.09029481146352,1.25286979465734,0.409703855133824,62.1089124005255
12.6639880952381,1.09020340769211,1.25280416140835,0.409507941757277,62.1095712101917
12.6640873015873,1.0901120138774,1.25273851776856,0.409312121761916,62.1102299491969
12.6641865079365,1.09002063001835,1.25267286374609,0.409116395101345,62.1108886175558
12.6642857142857,1.08992925611391,1.25260719934911,0.408920761729207,62.1115472152829
12.6643849206349,1.089837892163,1.25254152458573,0.408725221599149,62.1122057423928
12.6644841269841,1.0897465381646,1.25247583946411,0.408529774664859,62.1128641989001
12.6645833333333,1.08965519411765,1.25241014399236,0.408334420880024,62.1135225848194
12.6646825396825,1.08956386002111,1.25234443817861,0.408139160198376,62.1141809001653
12.6647817460317,1.08947253587392,1.25227872203099,0.407943992573645,62.1148391449523
12.664880952381,1.08938122167505,1.2522129955576,0.407748917959604,62.115497319195
12.6649801587302,1.08928991742346,1.25214725876656,0.407553936310027,62.116155422908
12.6650793650794,1.0891986231181,1.25208151166597,0.40735904757873,62.1168134561057
12.6651785714286,1.08910733875795,1.25201575426393,0.40716425171953,62.1174714188027
12.6652777777778,1.08901606434196,1.25194998656855,0.406969548686281,62.1181293110136
12.665376984127,1.0889247998691,1.25188420858791,0.406774938432856,62.1187871327529
12.6654761904762,1.08883354533833,1.2518184203301,0.406580420913137,62.1194448840351
12.6655753968254,1.08874230074864,1.25175262180321,0.406385996081046,62.1201025648748
12.6656746031746,1.08865106609899,1.25168681301531,0.406191663890507,62.1207601752864
12.6657738095238,1.08855984138835,1.25162099397448,0.405997424295486,62.1214177152844
12.665873015873,1.08846862661569,1.25155516468878,0.405803277249947,62.1220751848834
12.6659722222222,1.08837742178,1.25148932516628,0.4056092227079,62.1227325840979
12.6660714285714,1.08828622688025,1.25142347541504,0.405415260623354,62.1233899129423
12.6661706349206,1.08819504191543,1.25135761544312,0.405221390950359,62.1240471714311
12.6662698412698,1.08810386688451,1.25129174525857,0.405027613642967,62.1247043595788
12.666369047619,1.08801270178648,1.25122586486943,0.404833928655271,62.1253614773999
12.6664682539683,1.08792154662033,1.25115997428375,0.404640335941367,62.1260185249088
12.6665674603175,1.08783040138504,1.25109407350956,0.40444683545539,62.12667550212
12.6666666666667,1.08773926607959,1.25102816255489,0.404253427151477,62.1273324090479
12.6667658730159,1.08764814070299,1.25096224142777,0.404060110983803,62.1279892457071
12.6668650793651,1.08755702525423,1.25089631013624,0.403866886906562,62.1286460121118
12.6669642857143,1.08746591973229,1.2508303686883,0.403673754873957,62.1293027082767
12.6670634920635,1.08737482413618,1.25076441709197,0.40348071484023,62.129959334216
12.6671626984127,1.08728373846489,1.25069845535526,0.403287766759624,62.1306158899443
12.6672619047619,1.08719266271743,1.25063248348617,0.403094910586427,62.1312723754759
12.6673611111111,1.08710159689279,1.25056650149271,0.402902146274925,62.1319287908253
12.6674603174603,1.08701054098997,1.25050050938287,0.402709473779446,62.1325851360068
12.6675595238095,1.08691949500799,1.25043450716464,0.40251689305432,62.1332414110349
12.6676587301587,1.08682845894585,1.25036849484601,0.402324404053919,62.133897615924
12.6677579365079,1.08673743280256,1.25030247243496,0.402132006732613,62.1345537506884
12.6678571428571,1.08664641657713,1.25023643993947,0.401939701044818,62.1352098153425
12.6679563492063,1.08655541026856,1.25017039736751,0.401747486944949,62.1358658099007
12.6680555555556,1.08646441387588,1.25010434472705,0.401555364387462,62.1365217343774
12.6681547619048,1.0863734273981,1.25003828202606,0.401363333326815,62.137177588787
12.668253968254,1.0862824508053,1.24997220928252,0.401171393725682,62.1378333731533
12.6683531746032,1.08619148399398,1.24990612653963,0.400979545569269,62.1384890875245
12.6684523809524,1.0861005269533,1.24984003380806,0.400787788818618,62.1391447319172
12.6685515873016,1.08600957968128,1.24977393109541,0.40059612343238,62.1398003063453
12.6686507936508,1.08591864217593,1.24970781840926,0.400404549369196,62.1404558108225
12.66875,1.08582771443528,1.2496416957572,0.400213066587743,62.1411112453627
12.6688492063492,1.08573679645736,1.24957556314682,0.40002167504669,62.1417666099798
12.6689484126984,1.0856458882402,1.24950942058569,0.399830374704738,62.1424219046873
12.6690476190476,1.0855549897818,1.24944326808138,0.399639165520583,62.1430771294992
12.6691468253968,1.08546410108022,1.24937710564149,0.399448047452955,62.1437322844293
12.669246031746,1.08537322213346,1.24931093327356,0.399257020460573,62.1443873694913
12.6693452380952,1.08528235293956,1.24924475098518,0.399066084502193,62.145042384699
12.6694444444444,1.08519149349655,1.24917855878391,0.398875239536564,62.1456973300661
12.6695436507936,1.08510064380246,1.24911235667731,0.398684485522466,62.1463522056065
12.6696428571429,1.08500980385532,1.24904614467295,0.398493822418674,62.147007011334
12.6697420634921,1.08491897365315,1.24897992277838,0.398303250183991,62.1476617472621
12.6698412698413,1.084828153194,1.24891369100116,0.398112768777233,62.1483164134049
12.6699404761905,1.08473734247589,1.24884744934884,0.397922378157213,62.1489710097759
12.6700396825397,1.08464654149685,1.24878119782897,0.39773207828278,62.1496255363889
12.6701388888889,1.08455575025493,1.2487149364491,0.397541869112773,62.1502799932578
12.6702380952381,1.08446496874815,1.24864866521677,0.397351750606066,62.1509343803962
12.6703373015873,1.08437419697456,1.24858238413953,0.397161722721526,62.1515886978179
12.6704365079365,1.08428343493218,1.24851609322492,0.396971785418053,62.1522429455366
12.6705357142857,1.08419268261906,1.24844979248047,0.39678193865454,62.1528971235661
12.6706349206349,1.08410194003323,1.24838348191371,0.396592182389914,62.15355123192
12.6707341269841,1.08401120717274,1.24831716153218,0.396402516583095,62.1542052706122
12.6708333333333,1.08392048403561,1.24825083134341,0.396212941193034,62.1548592396563
12.6709325396825,1.0838297706199,1.24818449135492,0.396023456178679,62.155513139066
12.6710317460317,1.08373906692364,1.24811814157424,0.395834061499009,62.1561669688552
12.671130952381,1.08364837294487,1.24805178200888,0.395644757112995,62.1568207290374
12.6712301587302,1.08355768868164,1.24798541266637,0.395455542979638,62.1574744196264
12.6713293650794,1.08346701413199,1.24791903355422,0.395266419057953,62.158128040636
12.6714285714286,1.08337634929397,1.24785264467994,0.395077385306951,62.1587815920797
12.6715277777778,1.08328569416561,1.24778624605104,0.394888441685678,62.1594350739714
12.671626984127,1.08319504874497,1.24771983767503,0.394699588153171,62.1600884863246
12.6717261904762,1.08310441303009,1.24765341955942,0.394510824668503,62.1607418291532
12.6718253968254,1.08301378701901,1.24758699171171,0.394322151190738,62.1613951024707
12.6719246031746,1.08292317070979,1.24752055413939,0.394133567678974,62.1620483062909
12.6720238095238,1.08283256410048,1.24745410684996,0.393945074092302,62.1627014406275
12.672123015873,1.08274196718911,1.24738764985092,0.393756670389848,62.163354505494
12.6722222222222,1.08265137997375,1.24732118314976,0.393568356530727,62.1640075009043
12.6723214285714,1.08256080245245,1.24725470675396,0.393380132474092,62.1646604268719
12.6724206349206,1.08247023462325,1.24718822067102,0.393191998179085,62.1653132834106
12.6725198412698,1.08237967648421,1.24712172490841,0.393003953604884,62.165966070534
12.672619047619,1.08228912803337,1.24705521947362,0.39281599871066,62.1666187882558
12.6727182539683,1.08219858926881,1.24698870437412,0.392628133455611,62.1672714365895
12.6728174603175,1.08210806018856,1.24692217961739,0.392440357798948,62.1679240155489
12.6729166666667,1.08201754079069,1.2468556452109,0.392252671699882,62.1685765251477
12.6730158730159,1.08192703107324,1.24678910116212,0.392065075117656,62.1692289653994
12.6731150793651,1.08183653103429,1.24672254747852,0.391877568011506,62.1698813363177
12.6732142857143,1.08174604067188,1.24665598416757,0.391690150340701,62.1705336379162
12.6733134920635,1.08165555998407,1.24658941123672,0.391502822064504,62.1711858702087
12.6734126984127,1.08156508896893,1.24652282869343,0.391315583142212,62.1718380332086
12.6735119047619,1.08147462762451,1.24645623654516,0.391128433533113,62.1724901269296
12.6736111111111,1.08138417594887,1.24638963479937,0.390941373196529,62.1731421513854
12.6737103174603,1.08129373394008,1.2463230234635,0.390754402091776,62.1737941065896
12.6738095238095,1.08120330159619,1.24625640254501,0.390567520178202,62.1744459925558
12.6739087301587,1.08111287891527,1.24618977205133,0.39038072741515,62.1750978092976
12.6740079365079,1.08102246589539,1.24612313198992,0.390194023761995,62.1757495568285
12.6741071428571,1.0809320625346,1.24605648236821,0.390007409178104,62.1764012351624
12.6742063492064,1.08084166883098,1.24598982319364,0.389820883622875,62.1770528443126
12.6743055555556,1.08075128478259,1.24592315447364,0.389634447055716,62.1777043842928
12.6744047619048,1.08066091038749,1.24585647621565,0.389448099436036,62.1783558551167
12.674503968254,1.08057054564375,1.2457897884271,0.389261840723276,62.1790072567977
12.6746031746032,1.08048019054944,1.24572309111542,0.38907567087687,62.1796585893496
12.6747023809524,1.08038984510264,1.24565638428802,0.388889589856285,62.1803098527858
12.6748015873016,1.0802995093014,1.24558966795233,0.388703597620982,62.18096104712
12.6749007936508,1.08020918314381,1.24552294211577,0.388517694130455,62.1816121723657
12.675,1.08011886662792,1.24545620678575,0.388331879344191,62.1822632285365
12.6750992063492,1.08002855975183,1.2453894619697,0.388146153221709,62.182914215646
12.6751984126984,1.07993826251358,1.24532270767501,0.387960515722524,62.1835651337077
12.6752976190476,1.07984797491127,1.2452559439091,0.387774966806182,62.1842159827352
12.6753968253968,1.07975769694295,1.24518917067938,0.387589506432223,62.1848667627421
12.675496031746,1.07966742860672,1.24512238799324,0.38740413456022,62.1855174737419
12.6755952380952,1.07957716990064,1.24505559585808,0.387218851149738,62.1861681157482
12.6756944444444,1.0794869208228,1.24498879428131,0.387033656160373,62.1868186887745
12.6757936507937,1.07939668137126,1.24492198327032,0.386848549551731,62.1874691928343
12.6758928571429,1.07930645154411,1.2448551628325,0.386663531283419,62.1881196279413
12.6759920634921,1.07921623133942,1.24478833297524,0.386478601315076,62.1887699941089
12.6760912698413,1.07912602075528,1.24472149370593,0.386293759606333,62.1894202913506
12.6761904761905,1.07903581978977,1.24465464503195,0.386109006116856,62.1900705196801
12.6762896825397,1.07894562844096,1.24458778696068,0.385924340806304,62.1907206791107
12.6763888888889,1.07885544670693,1.2445209194995,0.385739763634369,62.1913707696562
12.6764880952381,1.07876527458578,1.24445404265579,0.385555274560734,62.1920207913298
12.6765873015873,1.07867511207559,1.24438715643692,0.385370873545119,62.1926707441453
12.6766865079365,1.07858495917442,1.24432026085026,0.385186560547234,62.1933206281161
12.6767857142857,1.07849481588039,1.24425335590318,0.385002335526824,62.1939704432556
12.6768849206349,1.07840468219156,1.24418644160304,0.384818198443628,62.1946201895775
12.6769841269841,1.07831455810603,1.24411951795722,0.384634149257415,62.1952698670952
12.6770833333333,1.07822444362188,1.24405258497305,0.38445018792795,62.1959194758222
12.6771825396825,1.07813433873719,1.24398564265792,0.384266314415025,62.196569015772
12.6772817460317,1.07804424345007,1.24391869101916,0.384082528678445,62.1972184869581
12.677380952381,1.07795415775859,1.24385173006413,0.383898830678015,62.1978678893939
12.6774801587302,1.07786408166086,1.24378475980019,0.383715220373571,62.198517223093
12.6775793650794,1.07777401515495,1.24371778023467,0.383531697724944,62.1991664880689
12.6776785714286,1.07768395823896,1.24365079137492,0.383348262691995,62.1998156843349
12.6777777777778,1.07759391091098,1.24358379322829,0.383164915234583,62.2004648119047
12.677876984127,1.07750387316911,1.2435167858021,0.382981655312596,62.2011138707916
12.6779761904762,1.07741384501144,1.2434497691037,0.382798482885918,62.2017628610091
12.6780753968254,1.07732382643607,1.24338274314043,0.382615397914464,62.2024117825707
12.6781746031746,1.07723381744108,1.2433157079196,0.382432400358144,62.2030606354899
12.6782738095238,1.07714381802458,1.24324866344855,0.3822494901769,62.20370941978
12.678373015873,1.07705382818467,1.2431816097346,0.382066667330667,62.2043581354546
12.6784722222222,1.07696384791943,1.24311454678508,0.381883931779415,62.2050067825271
12.6785714285714,1.07687387722697,1.24304747460731,0.381701283483106,62.2056553610109
12.6786706349206,1.0767839161054,1.24298039320859,0.381518722401729,62.2063038709195
12.6787698412698,1.0766939645528,1.24291330259626,0.381336248495289,62.2069523122663
12.678869047619,1.07660402256728,1.24284620277761,0.381153861723786,62.2076006850647
12.6789682539683,1.07651409014694,1.24277909375996,0.380971562047256,62.2082489893282
12.6790674603175,1.07642416728988,1.24271197555062,0.380789349425727,62.2088972250703
12.6791666666667,1.07633425399421,1.24264484815688,0.380607223819259,62.2095453923042
12.6792658730159,1.07624435025803,1.24257771158605,0.380425185187907,62.2101934910435
12.6793650793651,1.07615445607945,1.24251056584543,0.380243233491759,62.2108415213015
12.6794642857143,1.07606457145656,1.24244341094232,0.380061368690895,62.2114894830917
12.6795634920635,1.07597469638748,1.242376246884,0.37987959074543,62.2121373764274
12.6796626984127,1.07588483087031,1.24230907367776,0.37969789961547,62.2127852013222
12.6797619047619,1.07579497490316,1.2422418913309,0.379516295261156,62.2134329577893
12.6798611111111,1.07570512848414,1.2421746998507,0.379334777642621,62.2140806458421
12.6799603174603,1.07561529161136,1.24210749924444,0.379153346720033,62.2147282654942
12.6800595238095,1.07552546428292,1.2420402895194,0.37897200245355,62.2153758167588
12.6801587301587,1.07543564649694,1.24197307068286,0.378790744803362,62.2160232996493
12.6802579365079,1.07534583825153,1.2419058427421,0.378609573729669,62.2166707141792
12.6803571428571,1.0752560395448,1.24183860570437,0.378428489192672,62.2173180603617
12.6804563492063,1.07516625037487,1.24177135957696,0.378247491152602,62.2179653382103
12.6805555555556,1.07507647073984,1.24170410436713,0.378066579569686,62.2186125477384
12.6806547619048,1.07498670063783,1.24163684008214,0.377885754404182,62.2192596889593
12.680753968254,1.07489694006696,1.24156956672925,0.377705015616343,62.2199067618864
12.6808531746032,1.07480718902535,1.24150228431573,0.377524363166455,62.220553766533
12.6809523809524,1.0747174475111,1.24143499284882,0.377343797014796,62.2212007029125
12.6810515873016,1.07462771552234,1.24136769233578,0.377163317121678,62.2218475710383
12.6811507936508,1.07453799305718,1.24130038278386,0.376982923447407,62.2224943709236
12.68125,1.07444828011375,1.24123306420031,0.37680261595232,62.2231411025819
12.6813492063492,1.07435857669016,1.24116573659237,0.376622394596748,62.2237877660265
12.6814484126984,1.07426888278454,1.24109839996729,0.376442259341057,62.2244343612708
12.6815476190476,1.07417919839499,1.2410310543323,0.376262210145605,62.225080888328
12.6816468253968,1.07408952351966,1.24096369969463,0.376082246970777,62.2257273472114
12.681746031746,1.07399985815666,1.24089633606154,0.375902369776972,62.2263737379345
12.6818452380952,1.0739102023041,1.24082896344024,0.375722578524589,62.2270200605106
12.6819444444444,1.07382055596013,1.24076158183797,0.375542873174057,62.2276663149529
12.6820436507937,1.07373091912286,1.24069419126194,0.375363253685801,62.2283125012748
12.6821428571429,1.07364129179041,1.24062679171939,0.375183720020277,62.2289586194896
12.6822420634921,1.07355167396092,1.24055938321754,0.375004272137936,62.2296046696107
12.6823412698413,1.07346206563251,1.24049196576359,0.374824909999261,62.2302506516512
12.6824404761905,1.07337246680331,1.24042453936478,0.37464563356473,62.2308965656245
12.6825396825397,1.07328287747145,1.24035710402831,0.37446644279485,62.231542411544
12.6826388888889,1.07319329763505,1.24028965976138,0.374287337650126,62.2321881894229
12.6827380952381,1.07310372729226,1.24022220657122,0.374108318091094,62.2328338992745
12.6828373015873,1.07301416644119,1.24015474446502,0.373929384078283,62.2334795411121
12.6829365079365,1.07292461507998,1.24008727344998,0.373750535572256,62.234125114949
12.6830357142857,1.07283507320677,1.24001979353331,0.373571772533568,62.2347706207984
12.6831349206349,1.07274554081968,1.23995230472219,0.373393094922803,62.2354160586737
12.6832341269841,1.07265601791685,1.23988480702383,0.373214502700559,62.2360614285881
12.6833333333333,1.07256650449641,1.23981730044542,0.373035995827432,62.2367067305549
12.6834325396825,1.07247700055651,1.23974978499414,0.372857574264048,62.2373519645873
12.6835317460317,1.07238750609528,1.23968226067718,0.372679237971031,62.2379971306987
12.683630952381,1.07229802111085,1.23961472750172,0.372500986909034,62.2386422289022
12.6837301587302,1.07220854560135,1.23954718547495,0.372322821038708,62.2392872592112
12.6838293650794,1.07211907956494,1.23947963460404,0.372144740320731,62.2399322216388
12.6839285714286,1.07202962299975,1.23941207489616,0.37196674471578,62.2405771161984
12.6840277777778,1.07194017590392,1.23934450635849,0.371788834184562,62.2412219429031
12.684126984127,1.07185073827559,1.2392769289982,0.371611008687777,62.2418667017663
12.6842261904762,1.0717613101129,1.23920934282246,0.371433268186161,62.2425113928011
12.6843253968254,1.071671891414,1.23914174783843,0.371255612640439,62.2431560160209
12.6844246031746,1.07158248217702,1.23907414405327,0.371078042011373,62.2438005714387
12.6845238095238,1.07149308240011,1.23900653147414,0.370900556259717,62.2444450590679
12.684623015873,1.07140369208142,1.23893891010819,0.370723155346251,62.2450894789217
12.6847222222222,1.0713143112191,1.23887127996259,0.370545839231772,62.2457338310133
12.6848214285714,1.07122493981127,1.23880364104448,0.370368607877073,62.2463781153559
12.6849206349206,1.07113557785611,1.23873599336102,0.370191461242979,62.2470223319627
12.6850198412698,1.07104622535174,1.23866833691933,0.370014399290311,62.247666480847
12.685119047619,1.07095688229633,1.23860067172658,0.369837421979922,62.2483105620219
12.6852182539683,1.07086754868801,1.23853299778989,0.369660529272657,62.2489545755006
12.6853174603175,1.07077822452495,1.23846531511642,0.369483721129396,62.2495985212964
12.6854166666667,1.07068890980528,1.23839762371328,0.369306997511012,62.2502423994224
12.6855158730159,1.07059960452717,1.23832992358762,0.369130358378409,62.2508862098918
12.6856150793651,1.07051030868875,1.23826221474657,0.368953803692487,62.2515299527179
12.6857142857143,1.0704210222882,1.23819449719724,0.368777333414178,62.2521736279138
12.6858134920635,1.07033174532365,1.23812677094677,0.368600947504407,62.2528172354926
12.6859126984127,1.07024247779328,1.23805903600227,0.368424645924132,62.2534607754676
12.6860119047619,1.07015321969521,1.23799129237087,0.368248428634305,62.254104247852
12.6861111111111,1.07006397102763,1.23792354005969,0.368072295595906,62.2547476526588
12.6862103174603,1.06997473178868,1.23785577907582,0.367896246769928,62.2553909899013
12.6863095238095,1.06988550197651,1.2377880094264,0.367720282117362,62.2560342595927
12.6864087301587,1.0697962815893,1.23772023111852,0.367544401599232,62.256677461746
12.6865079365079,1.06970707062519,1.23765244415928,0.367368605176556,62.2573205963745
12.6866071428571,1.06961786908236,1.2375846485558,0.367192892810385,62.2579636634913
12.6867063492064,1.06952867695894,1.23751684431517,0.367017264461762,62.2586066631095
12.6868055555556,1.06943949425312,1.2374490314445,0.366841720091766,62.2592495952423
12.6869047619048,1.06935032096304,1.23738120995086,0.366666259661465,62.2598924599028
12.687003968254,1.06926115708689,1.23731337984137,0.366490883131965,62.2605352571043
12.6871031746032,1.0691720026228,1.2372455411231,0.366315590464361,62.2611779868597
12.6872023809524,1.06908285756896,1.23717769380314,0.366140381619783,62.2618206491822
12.6873015873016,1.06899372192353,1.23710983788858,0.365965256559355,62.262463244085
12.6874007936508,1.06890459568466,1.2370419733865,0.365790215244233,62.2631057715812
12.6875,1.06881547885054,1.23697410030398,0.365615257635566,62.2637482316839
12.6875992063492,1.06872637141932,1.23690621864809,0.365440383694533,62.2643906244062
12.6876984126984,1.06863727338917,1.2368383284259,0.365265593382323,62.2650329497613
12.6877976190476,1.06854818475827,1.23677042964449,0.365090886660127,62.2656752077621
12.6878968253968,1.06845910552478,1.23670252231093,0.364916263489166,62.266317398422
12.687996031746,1.06837003568687,1.23663460643228,0.364741723830656,62.2669595217538
12.6880952380952,1.06828097524272,1.2365666820156,0.364567267645846,62.2676015777708
12.6881944444444,1.06819192419049,1.23649874906796,0.364392894895978,62.2682435664861
12.6882936507936,1.06810288252836,1.2364308075964,0.364218605542326,62.2688854879127
12.6883928571429,1.0680138502545,1.23636285760799,0.364044399546159,62.2695273420637
12.6884920634921,1.06792482736709,1.23629489910978,0.363870276868779,62.2701691289521
12.6885912698413,1.0678358138643,1.23622693210881,0.36369623747148,62.2708108485912
12.6886904761905,1.0677468097443,1.23615895661213,0.363522281315589,62.2714525009939
12.6887896825397,1.06765781500528,1.2360909726268,0.363348408362429,62.2720940861734
12.6888888888889,1.0675688296454,1.23602298015983,0.363174618573353,62.2727356041426
12.6889880952381,1.06747985366285,1.23595497921829,0.363000911909708,62.2733770549148
12.6890873015873,1.06739088705581,1.23588696980919,0.362827288332871,62.2740184385028
12.6891865079365,1.06730192982246,1.23581895193959,0.36265374780423,62.2746597549198
12.6892857142857,1.06721298196097,1.23575092561649,0.362480290285173,62.2753010041789
12.6893849206349,1.06712404346953,1.23568289084694,0.362306915737118,62.275942186293
12.6894841269841,1.06703511434631,1.23561484763796,0.362133624121481,62.2765833012753
12.6895833333333,1.06694619458951,1.23554679599657,0.361960415399707,62.2772243491388
12.6896825396825,1.0668572841973,1.23547873592979,0.361787289533236,62.2778653298964
12.6897817460317,1.06676838316787,1.23541066744464,0.361614246483542,62.2785062435614
12.689880952381,1.0666794914994,1.23534259054813,0.36144128621209,62.2791470901466
12.6899801587302,1.06659060919008,1.23527450524728,0.36126840868038,62.2797878696651
12.6900793650794,1.06650173623809,1.23520641154908,0.361095613849904,62.28042858213
12.6901785714286,1.06641287264163,1.23513830946056,0.360922901682188,62.2810692275543
12.6902777777778,1.06632401839887,1.23507019898871,0.360750272138752,62.2817098059509
12.690376984127,1.06623517350801,1.23500208014053,0.360577725181147,62.282350317333
12.6904761904762,1.06614633796724,1.23493395292303,0.360405260770919,62.2829907617134
12.6905753968254,1.06605751177474,1.23486581734319,0.360232878869642,62.2836311391053
12.6906746031746,1.06596869492872,1.23479767340801,0.360060579438901,62.2842714495216
12.6907738095238,1.06587988742735,1.23472952112449,0.359888362440282,62.2849116929753
12.690873015873,1.06579108926883,1.2346613604996,0.359716227835403,62.2855518694795
12.6909722222222,1.06570230045136,1.23459319154034,0.359544175585876,62.2861919790471
12.6910714285714,1.06561352097312,1.23452501425369,0.359372205653345,62.286832021691
12.6911706349206,1.06552475083232,1.23445682864661,0.359200317999448,62.2874719974244
12.6912698412698,1.06543599002714,1.23438863472611,0.359028512585855,62.2881119062601
12.691369047619,1.06534723855579,1.23432043249913,0.358856789374231,62.2887517482112
12.6914682539683,1.06525849641646,1.23425222197267,0.358685148326273,62.2893915232906
12.6915674603175,1.06516976360735,1.23418400315368,0.358513589403672,62.2900312315114
12.6916666666667,1.06508104012665,1.23411577604914,0.35834211256815,62.2906708728863
12.6917658730159,1.06499232597257,1.234047540666,0.358170717781427,62.2913104474286
12.6918650793651,1.06490362114331,1.23397929701124,0.35799940500525,62.291949955151
12.6919642857143,1.06481492563706,1.23391104509179,0.357828174201364,62.2925893960666
12.6920634920635,1.06472623945203,1.23384278491463,0.35765702533154,62.2932287701883
12.6921626984127,1.06463756258642,1.2337745164867,0.357485958357563,62.293868077529
12.6922619047619,1.06454889503843,1.23370623981496,0.357314973241215,62.2945073181017
12.6923611111111,1.06446023680627,1.23363795490634,0.357144069944313,62.2951464919194
12.6924603174603,1.06437158788814,1.23356966176781,0.356973248428666,62.295785598995
12.6925595238095,1.06428294828224,1.23350136040629,0.356802508656116,62.2964246393414
12.6926587301587,1.06419431798678,1.23343305082873,0.3566318505885,62.2970636129715
12.6927579365079,1.06410569699998,1.23336473304206,0.356461274187684,62.2977025198984
12.6928571428571,1.06401708532002,1.23329640705322,0.356290779415533,62.2983413601348
12.6929563492063,1.06392848294514,1.23322807286915,0.356120366233941,62.2989801336938
12.6930555555556,1.06383988987352,1.23315973049676,0.355950034604797,62.2996188405882
12.6931547619048,1.06375130610339,1.23309137994298,0.355779784490022,62.300257480831
12.693253968254,1.06366273163295,1.23302302121474,0.35560961585153,62.300896054435
12.6933531746032,1.06357416646041,1.23295465431897,0.355439528651271,62.3015345614133
12.6934523809524,1.06348561058399,1.23288627926256,0.355269522851185,62.3021730017786
12.6935515873016,1.06339706400189,1.23281789605245,0.355099598413241,62.3028113755439
12.6936507936508,1.06330852671235,1.23274950469554,0.354929755299423,62.3034496827221
12.69375,1.06321999871355,1.23268110519875,0.35475999347171,62.304087923326
12.6938492063492,1.06313148000373,1.23261269756898,0.354590312892118,62.3047260973686
12.6939484126984,1.06304297058109,1.23254428181313,0.354420713522652,62.3053642048628
12.6940476190476,1.06295447044386,1.23247585793812,0.354251195325354,62.3060022458214
12.6941468253968,1.06286597959024,1.23240742595082,0.354081758262258,62.3066402202573
12.694246031746,1.06277749801847,1.23233898585816,0.353912402295428,62.3072781281833
12.6943452380952,1.06268902572675,1.23227053766701,0.353743127386927,62.3079159696125
12.6944444444444,1.06260056271331,1.23220208138427,0.353573933498846,62.3085537445575
12.6945436507937,1.06251210897636,1.23213361701682,0.353404820593273,62.3091914530313
12.6946428571429,1.06242366451414,1.23206514457156,0.353235788632327,62.3098290950468
12.6947420634921,1.06233522932485,1.23199666405537,0.35306683757812,62.3104666706168
12.6948412698413,1.06224680340673,1.23192817547512,0.352897967392799,62.3111041797541
12.6949404761905,1.06215838675799,1.23185967883769,0.352729178038502,62.3117416224717
12.6950396825397,1.06206997937686,1.23179117414997,0.352560469477397,62.3123789987823
12.6951388888889,1.06198158126157,1.23172266141882,0.352391841671664,62.3130163086987
12.6952380952381,1.06189319241033,1.2316541406511,0.352223294583483,62.313653552234
12.6953373015873,1.06180481282139,1.2315856118537,0.352054828175065,62.3142907294007
12.6954365079365,1.06171644249295,1.23151707503347,0.351886442408615,62.3149278402119
12.6955357142857,1.06162808142326,1.23144853019727,0.35171813724637,62.3155648846803
12.6956349206349,1.06153972961053,1.23137997735197,0.351549912650565,62.3162018628187
12.6957341269841,1.06145138705301,1.23131141650442,0.351381768583461,62.3168387746401
12.6958333333333,1.06136305374891,1.23124284766147,0.351213705007318,62.3174756201571
12.6959325396825,1.06127472969648,1.23117427082998,0.351045721884427,62.3181123993826
12.6960317460317,1.06118641489393,1.23110568601679,0.350877819177071,62.3187491123294
12.696130952381,1.06109810933951,1.23103709322874,0.350709996847568,62.3193857590103
12.6962301587302,1.06100981303145,1.23096849247269,0.35054225485823,62.3200223394382
12.6963293650794,1.06092152596798,1.23089988375547,0.350374593171399,62.3206588536257
12.6964285714286,1.06083324814733,1.23083126708392,0.350207011749413,62.3212953015858
12.6965277777778,1.06074497956775,1.23076264246488,0.350039510554637,62.3219316833312
12.696626984127,1.06065672022746,1.23069400990517,0.349872089549449,62.3225679988747
12.6967261904762,1.06056847012471,1.23062536941163,0.349704748696227,62.3232042482291
12.6968253968254,1.06048022925772,1.23055672099108,0.349537487957379,62.3238404314071
12.6969246031746,1.06039199762475,1.23048806465034,0.349370307295309,62.3244765484216
12.6970238095238,1.06030377522403,1.23041940039625,0.349203206672453,62.3251125992853
12.697123015873,1.0602155620538,1.23035072823561,0.349036186051241,62.3257485840109
12.6972222222222,1.06012735811229,1.23028204817525,0.348869245394135,62.3263845026113
12.6973214285714,1.06003916339776,1.23021336022197,0.348702384663591,62.3270203550993
12.6974206349206,1.05995097790844,1.2301446643826,0.348535603822098,62.3276561414875
12.6975198412698,1.05986280164258,1.23007596066392,0.348368902832138,62.3282918617887
12.697619047619,1.05977463459842,1.23000724907276,0.348202281656226,62.3289275160157
12.6977182539683,1.0596864767742,1.22993852961592,0.348035740256871,62.3295631041812
12.6978174603175,1.05959832816818,1.22986980230019,0.347869278596615,62.330198626298
12.6979166666667,1.05951018877858,1.22980106713237,0.347702896637993,62.3308340823788
12.6980158730159,1.05942205860367,1.22973232411925,0.347536594343568,62.3314694724364
12.6981150793651,1.0593339376417,1.22966357326764,0.347370371675916,62.3321047964835
12.6982142857143,1.05924582589089,1.22959481458431,0.347204228597612,62.3327400545328
12.6983134920635,1.05915772334952,1.22952604807606,0.347038165071263,62.333375246597
12.6984126984127,1.05906963001583,1.22945727374966,0.346872181059471,62.3340103726889
12.6985119047619,1.05898154588806,1.22938849161191,0.346706276524869,62.3346454328212
12.6986111111111,1.05889347096447,1.22931970166957,0.346540451430086,62.3352804270066
12.6987103174603,1.05880540524331,1.22925090392943,0.346374705737781,62.3359153552578
12.6988095238095,1.05871734872284,1.22918209839826,0.346209039410608,62.3365502175875
12.6989087301587,1.0586293014013,1.22911328508283,0.346043452411254,62.3371850140085
12.6990079365079,1.05854126327696,1.2290444639899,0.345877944702399,62.3378197445334
12.6991071428571,1.05845323434806,1.22897563512624,0.345712516246757,62.3384544091749
12.6992063492063,1.05836521461286,1.22890679849862,0.345547167007034,62.3390890079458
12.6993055555556,1.05827720406963,1.22883795411379,0.345381896945969,62.3397235408586
12.6994047619048,1.0581892027166,1.22876910197852,0.345216706026296,62.3403580079262
12.699503968254,1.05810121055206,1.22870024209954,0.345051594210775,62.3409924091612
12.6996031746032,1.05801322757425,1.22863137448363,0.344886561462181,62.3416267445763
12.6997023809524,1.05792525378143,1.22856249913753,0.344721607743287,62.3422610141841
12.6998015873016,1.05783728917186,1.22849361606797,0.344556733016898,62.3428952179973
12.6999007936508,1.05774933374381,1.22842472528172,0.344391937245812,62.3435293560286
12.7,1.05766138749553,1.2283558267855,0.344227220392863,62.3441634282906
12.7000992063492,1.05757345042529,1.22828692058606,0.344062582420874,62.3447974347961
12.7001984126984,1.05748552253136,1.22821800669014,0.343898023292705,62.3454313755577
12.7002976190476,1.05739760381199,1.22814908510445,0.343733542971208,62.346065250588
12.7003968253968,1.05730969426546,1.22808015583575,0.343569141419266,62.3466990598996
12.700496031746,1.05722179389001,1.22801121889075,0.343404818599759,62.3473328035054
12.7005952380952,1.05713390268394,1.22794227427618,0.343240574475596,62.3479664814177
12.7006944444444,1.05704602064549,1.22787332199876,0.343076409009684,62.3486000936495
12.7007936507936,1.05695814777294,1.22780436206521,0.342912322164958,62.3492336402131
12.7008928571429,1.05687028406456,1.22773539448225,0.342748313904351,62.3498671211213
12.7009920634921,1.05678242951862,1.22766641925659,0.342584384190821,62.3505005363868
12.7010912698413,1.05669458413338,1.22759743639495,0.34242053298734,62.3511338860221
12.7011904761905,1.05660674790712,1.22752844590402,0.342256760256879,62.3517671700399
12.7012896825397,1.05651892083811,1.22745944779053,0.342093065962441,62.3524003884527
12.7013888888889,1.05643110292462,1.22739044206117,0.341929450067023,62.3530335412733
12.7014880952381,1.05634329416493,1.22732142872265,0.341765912533655,62.3536666285142
12.7015873015873,1.0562554945573,1.22725240778166,0.34160245332536,62.354299650188
12.7016865079365,1.05616770410002,1.2271833792449,0.341439072405194,62.3549326063073
12.7017857142857,1.05607992279136,1.22711434311906,0.341275769736208,62.3555654968847
12.7018849206349,1.0559921506296,1.22704529941083,0.341112545281483,62.3561983219329
12.7019841269841,1.055904387613,1.22697624812689,0.340949399004097,62.3568310814644
12.7020833333333,1.05581663373986,1.22690718927395,0.340786330867157,62.3574637754918
12.7021825396825,1.05572888900845,1.22683812285866,0.340623340833766,62.3580964040277
12.7022817460317,1.05564115341704,1.22676904888773,0.34046042886706,62.3587289670846
12.702380952381,1.05555342696392,1.22669996736781,0.340297594930167,62.3593614646753
12.7024801587302,1.05546570964737,1.22663087830559,0.340134838986245,62.3599938968121
12.7025793650794,1.05537800146567,1.22656178170774,0.339972160998463,62.3606262635078
12.7026785714286,1.0552903024171,1.22649267758093,0.33980956092999,62.3612585647749
12.7027777777778,1.05520261249995,1.22642356593182,0.339647038744027,62.3618908006259
12.702876984127,1.0551149317125,1.22635444676708,0.33948459440377,62.3625229710734
12.7029761904762,1.05502726005304,1.22628532009336,0.339322227872445,62.3631550761299
12.7030753968254,1.05493959751984,1.22621618591733,0.339159939113274,62.3637871158081
12.7031746031746,1.0548519441112,1.22614704424564,0.338997728089511,62.3644190901204
12.7032738095238,1.05476429982539,1.22607789508494,0.338835594764404,62.3650509990795
12.703373015873,1.05467666466072,1.22600873844189,0.338673539101233,62.3656828426978
12.7034722222222,1.05458903861547,1.22593957432313,0.338511561063272,62.3663146209879
12.7035714285714,1.05450142168793,1.2258704027353,0.338349660613829,62.3669463339623
12.7036706349206,1.05441381387638,1.22580122368505,0.338187837716203,62.3675779816336
12.7037698412698,1.05432621517912,1.22573203717902,0.338026092333728,62.3682095640143
12.703869047619,1.05423862559444,1.22566284322384,0.337864424429731,62.3688410811169
12.7039682539683,1.05415104512063,1.22559364182615,0.337702833967566,62.369472532954
12.7040674603175,1.05406347375598,1.22552443299258,0.337541320910601,62.370103919538
12.7041666666667,1.0539759114988,1.22545521672975,0.337379885222203,62.3707352408815
12.7042658730159,1.05388835834736,1.2253859930443,0.337218526865771,62.3713664969969
12.7043650793651,1.05380081429997,1.22531676194285,0.337057245804699,62.3719976878969
12.7044642857143,1.05371327935493,1.22524752343201,0.33689604200241,62.3726288135939
12.7045634920635,1.05362575351053,1.22517827751841,0.336734915422325,62.3732598741004
12.7046626984127,1.05353823676506,1.22510902420866,0.336573866027895,62.3738908694288
12.7047619047619,1.05345072911683,1.22503976350937,0.336412893782567,62.3745217995918
12.7048611111111,1.05336323056413,1.22497049542716,0.336251998649818,62.3751526646017
12.7049603174603,1.05327574110527,1.22490121996863,0.336091180593121,62.3757834644711
12.7050595238095,1.05318826073854,1.22483193714038,0.33593043957598,62.3764141992124
12.7051587301587,1.05310078946225,1.22476264694901,0.335769775561894,62.3770448688382
12.7052579365079,1.0530133272747,1.22469334940114,0.335609188514394,62.3776754733609
12.7053571428571,1.05292587417418,1.22462404450334,0.335448678397004,62.3783060127929
12.7054563492064,1.05283843015901,1.22455473226222,0.335288245173278,62.3789364871468
12.7055555555556,1.05275099522749,1.22448541268437,0.33512788880678,62.379566896435
12.7056547619048,1.05266356937792,1.22441608577638,0.334967609261077,62.3801972406699
12.705753968254,1.05257615260861,1.22434675154482,0.334807406499763,62.3808275198641
12.7058531746032,1.05248874491787,1.22427740999629,0.334647280486431,62.38145773403
12.7059523809524,1.052401346304,1.22420806113737,0.334487231184704,62.3820878831799
12.7060515873016,1.05231395676531,1.22413870497463,0.334327258558199,62.3827179673265
12.7061507936508,1.05222657630011,1.22406934151464,0.334167362570566,62.383347986482
12.70625,1.0521392049067,1.22399997076399,0.334007543185448,62.383977940659
12.7063492063492,1.05205184258341,1.22393059272924,0.333847800366522,62.3846078298699
12.7064484126984,1.05196448932854,1.22386120741695,0.333688134077457,62.3852376541271
12.7065476190476,1.0518771451404,1.22379181483369,0.333528544281957,62.3858674134431
12.7066468253968,1.0517898100173,1.22372241498603,0.333369030943717,62.3864971078303
12.706746031746,1.05170248395757,1.22365300788052,0.333209594026467,62.387126737301
12.7068452380952,1.0516151669595,1.22358359352371,0.333050233493929,62.3877563018678
12.7069444444444,1.05152785902142,1.22351417192217,0.332890949309855,62.388385801543
12.7070436507937,1.05144056014165,1.22344474308244,0.332731741438006,62.389015236339
12.7071428571429,1.05135327031849,1.22337530701107,0.332572609842147,62.3896446062682
12.7072420634921,1.05126598955027,1.22330586371461,0.332413554486071,62.3902739113431
12.7073412698413,1.05117871783531,1.2232364131996,0.332254575333569,62.3909031515761
12.7074404761905,1.05109145517191,1.22316695547257,0.33209567234846,62.3915323269795
12.7075396825397,1.05100420155841,1.22309749054008,0.331936845494561,62.3921614375658
12.7076388888889,1.05091695699312,1.22302801840865,0.331778094735718,62.3927904833472
12.7077380952381,1.05082972147436,1.2229585390848,0.331619420035774,62.3934194643363
12.7078373015873,1.05074249500046,1.22288905257509,0.331460821358602,62.3940483805453
12.7079365079365,1.05065527756973,1.22281955888602,0.331302298668072,62.3946772319868
12.7080357142857,1.05056806918051,1.22275005802413,0.331143851928081,62.395306018673
12.7081349206349,1.0504808698311,1.22268054999594,0.330985481102527,62.3959347406163
12.7082341269841,1.05039367951985,1.22261103480796,0.330827186155334,62.396563397829
12.7083333333333,1.05030649824507,1.22254151246671,0.330668967050424,62.3971919903237
12.7084325396825,1.05021932600509,1.22247198297871,0.330510823751746,62.3978205181125
12.7085317460317,1.05013216279823,1.22240244635046,0.33035275622326,62.3984489812079
12.708630952381,1.05004500862284,1.22233290258848,0.330194764428928,62.3990773796222
12.7087301587302,1.04995786347722,1.22226335169926,0.330036848332742,62.3997057133677
12.7088293650794,1.04987072735972,1.22219379368932,0.329879007898689,62.4003339824569
12.7089285714286,1.04978360026866,1.22212422856514,0.329721243090787,62.400962186902
12.7090277777778,1.04969648220237,1.22205465633324,0.329563553873052,62.4015903267155
12.709126984127,1.04960937315919,1.2219850770001,0.329405940209526,62.4022184019095
12.7092261904762,1.04952227313744,1.22191549057222,0.329248402064251,62.4028464124965
12.7093253968254,1.04943518213546,1.22184589705608,0.329090939401298,62.4034743584888
12.7094246031746,1.04934810015159,1.22177629645817,0.328933552184733,62.4041022398986
12.7095238095238,1.04926102718416,1.22170668878498,0.328776240378655,62.4047300567385
12.709623015873,1.04917396323149,1.22163707404298,0.328619003947155,62.4053578090205
12.7097222222222,1.04908690829194,1.22156745223866,0.328461842854359,62.4059854967571
12.7098214285714,1.04899986236383,1.22149782337849,0.328304757064386,62.4066131199606
12.7099206349206,1.04891282544551,1.22142818746895,0.328147746541381,62.4072406786433
12.7100198412698,1.04882579753531,1.2213585445165,0.327990811249503,62.4078681728174
12.710119047619,1.04873877863156,1.22128889452762,0.327833951152913,62.4084956024953
12.7102182539683,1.04865176873262,1.22121923750876,0.327677166215799,62.4091229676893
12.7103174603175,1.04856476783682,1.22114957346639,0.327520456402347,62.4097502684116
12.7104166666667,1.04847777594251,1.22107990240698,0.327363821676773,62.4103775046746
12.7105158730159,1.04839079304801,1.22101022433697,0.32720726200329,62.4110046764905
12.7106150793651,1.04830381915169,1.22094053926283,0.32705077734614,62.4116317838717
12.7107142857143,1.04821685425187,1.220870847191,0.326894367669561,62.4122588268303
12.7108134920635,1.04812989834692,1.22080114812793,0.326738032937823,62.4128858053787
12.7109126984127,1.04804295143516,1.22073144208008,0.326581773115189,62.4135127195291
12.7110119047619,1.04795601351494,1.22066172905387,0.326425588165956,62.4141395692938
12.7111111111111,1.04786908458462,1.22059200905576,0.326269478054414,62.4147663546851
12.7112103174603,1.04778216464254,1.22052228209219,0.326113442744885,62.4153930757152
12.7113095238095,1.04769525368705,1.22045254816958,0.325957482201688,62.4160197323964
12.7114087301587,1.0476083517165,1.22038280729438,0.325801596389164,62.416646324741
12.7115079365079,1.04752145872923,1.22031305947301,0.325645785271673,62.4172728527611
12.7116071428571,1.0474345747236,1.2202433047119,0.32549004881357,62.417899316469
12.7117063492063,1.04734769969795,1.22017354301747,0.325334386979243,62.418525715877
12.7118055555556,1.04726083365065,1.22010377439615,0.325178799733076,62.4191520509973
12.7119047619048,1.04717397658004,1.22003399885436,0.325023287039483,62.4197783218421
12.712003968254,1.04708712848448,1.21996421639851,0.324867848862874,62.4204045284237
12.7121031746032,1.04700028936231,1.21989442703503,0.32471248516769,62.4210306707543
12.7122023809524,1.0469134592119,1.21982463077031,0.324557195918366,62.4216567488461
12.7123015873016,1.04682663803161,1.21975482761077,0.324401981079369,62.4222827627114
12.7124007936508,1.04673982581978,1.21968501756281,0.324246840615163,62.4229087123623
12.7125,1.04665302257477,1.21961520063285,0.32409177449024,62.4235345978111
12.7125992063492,1.04656622829495,1.21954537682727,0.32393678266909,62.4241604190699
12.7126984126984,1.04647944297867,1.21947554615249,0.323781865116232,62.4247861761511
12.7127976190476,1.04639266662428,1.21940570861488,0.323627021796181,62.4254118690667
12.7128968253968,1.04630589923016,1.21933586422086,0.32347225267348,62.426037497829
12.712996031746,1.04621914079466,1.2192660129768,0.323317557712684,62.4266630624501
12.7130952380952,1.04613239131615,1.21919615488909,0.323162936878346,62.4272885629424
12.7131944444444,1.04604565079298,1.21912628996413,0.323008390135053,62.4279139993178
12.7132936507937,1.04595891922352,1.21905641820828,0.322853917447387,62.4285393715887
12.7133928571429,1.04587219660613,1.21898653962794,0.322699518779959,62.4291646797673
12.7134920634921,1.04578548293918,1.21891665422948,0.322545194097378,62.4297899238656
12.7135912698413,1.04569877822104,1.21884676201926,0.32239094336428,62.4304151038959
12.7136904761905,1.04561208245006,1.21877686300367,0.322236766545302,62.4310402198703
12.7137896825397,1.04552539562462,1.21870695718907,0.322082663605107,62.431665271801
12.7138888888889,1.04543871774309,1.21863704458183,0.321928634508357,62.4322902597002
12.7139880952381,1.04535204880383,1.21856712518832,0.321774679219742,62.43291518358
12.7140873015873,1.04526538880521,1.21849719901488,0.321620797703949,62.4335400434526
12.7141865079365,1.04517873774561,1.21842726606788,0.321466989925696,62.4341648393301
12.7142857142857,1.04509209562338,1.21835732635368,0.321313255849696,62.4347895712247
12.7143849206349,1.04500546243691,1.21828737987863,0.32115959544069,62.4354142391485
12.7144841269841,1.04491883818457,1.21821742664908,0.321006008663429,62.4360388431136
12.7145833333333,1.04483222286473,1.21814746667137,0.320852495482667,62.4366633831323
12.7146825396825,1.04474561647577,1.21807749995186,0.320699055863187,62.4372878592166
12.7147817460317,1.04465901901605,1.21800752649687,0.320545689769769,62.4379122713786
12.714880952381,1.04457243048396,1.21793754631276,0.320392397167222,62.4385366196305
12.7149801587302,1.04448585087786,1.21786755940586,0.320239178020352,62.4391609039844
12.7150793650794,1.04439928019615,1.2177975657825,0.320086032293997,62.4397851244525
12.7151785714286,1.04431271843718,1.21772756544901,0.319932959952986,62.4404092810468
12.7152777777778,1.04422616559936,1.21765755841172,0.319779960962185,62.4410333737794
12.715376984127,1.04413962168104,1.21758754467697,0.31962703528645,62.4416574026625
12.7154761904762,1.04405308668062,1.21751752425106,0.319474182890671,62.4422813677082
12.7155753968254,1.04396656059646,1.21744749714033,0.319321403739734,62.4429052689285
12.7156746031746,1.04388004342696,1.21737746335108,0.319168697798553,62.4435291063356
12.7157738095238,1.0437935351705,1.21730742288964,0.319016065032039,62.4441528799416
12.715873015873,1.04370703582546,1.21723737576232,0.318863505405131,62.4447765897585
12.7159722222222,1.04362054539022,1.21716732197543,0.318711018882779,62.4454002357984
12.7160714285714,1.04353406386317,1.21709726153527,0.318558605429934,62.4460238180735
12.7161706349206,1.04344759124269,1.21702719444815,0.318406265011577,62.4466473365957
12.7162698412698,1.04336112752716,1.21695712072037,0.318253997592686,62.4472707913772
12.716369047619,1.04327467271499,1.21688704035823,0.318101803138269,62.4478941824301
12.7164682539683,1.04318822680454,1.21681695336803,0.317949681613329,62.4485175097664
12.7165674603175,1.04310178979422,1.21674685975606,0.3177976329829,62.4491407733981
12.7166666666667,1.0430153616824,1.21667675952861,0.317645657212012,62.4497639733374
12.7167658730159,1.04292894246749,1.21660665269197,0.317493754265727,62.4503871095962
12.7168650793651,1.04284253214786,1.21653653925242,0.3173419241091,62.4510101821868
12.7169642857143,1.04275613072192,1.21646641921625,0.317190166707219,62.451633191121
12.7170634920635,1.04266973818805,1.21639629258974,0.317038482025166,62.452256136411
12.7171626984127,1.04258335454464,1.21632615937917,0.316886870028055,62.4528790180687
12.7172619047619,1.0424969797901,1.21625601959081,0.316735330680995,62.4535018361063
12.7173611111111,1.0424106139228,1.21618587323093,0.316583863949121,62.4541245905358
12.7174603174603,1.04232425694116,1.21611572030581,0.316432469797583,62.4547472813691
12.7175595238095,1.04223790884356,1.21604556082171,0.316281148191528,62.4553699086184
12.7176587301587,1.0421515696284,1.21597539478489,0.316129899096137,62.4559924722956
12.7177579365079,1.04206523929408,1.21590522220162,0.315978722476584,62.4566149724128
12.7178571428571,1.041978917839,1.21583504307815,0.315827618298076,62.457237408982
12.7179563492064,1.04189260526154,1.21576485742075,0.315676586525813,62.4578597820152
12.7180555555556,1.04180630156013,1.21569466523566,0.315525627125029,62.4584820915244
12.7181547619048,1.04172000673315,1.21562446652914,0.31537474006095,62.4591043375217
12.718253968254,1.04163372077901,1.21555426130743,0.315223925298836,62.4597265200189
12.7183531746032,1.0415474436961,1.21548404957678,0.315073182803941,62.4603486390282
12.7184523809524,1.04146117548283,1.21541383134343,0.314922512541549,62.4609706945615
12.7185515873016,1.04137491613761,1.21534360661363,0.314771914476943,62.4615926866309
12.7186507936508,1.04128866565884,1.21527337539361,0.314621388575432,62.4622146152482
12.71875,1.04120242404491,1.2152031376896,0.314470934802324,62.4628364804256
12.7188492063492,1.04111619129425,1.21513289350784,0.314320553122953,62.4634582821749
12.7189484126984,1.04102996740525,1.21506264285456,0.314170243502665,62.4640800205081
12.7190476190476,1.04094375237632,1.21499238573598,0.314020005906806,62.4647016954373
12.7191468253968,1.04085754620588,1.21492212215833,0.313869840300755,62.4653233069744
12.719246031746,1.04077134889232,1.21485185212783,0.313719746649883,62.4659448551313
12.7193452380952,1.04068516043405,1.21478157565069,0.313569724919596,62.4665663399201
12.7194444444444,1.0405989808295,1.21471129273314,0.313419775075291,62.4671877613527
12.7195436507936,1.04051281007706,1.21464100338139,0.3132698970824,62.467809119441
12.7196428571429,1.04042664817516,1.21457070760165,0.313120090906349,62.468430414197
12.7197420634921,1.0403404951222,1.21450040540012,0.312970356512593,62.4690516456327
12.7198412698413,1.04025435091659,1.21443009678301,0.312820693866585,62.46967281376
12.7199404761905,1.04016821555675,1.21435978175653,0.312671102933808,62.4702939185908
12.7200396825397,1.0400820890411,1.21428946032687,0.312521583679741,62.470914960137
12.7201388888889,1.03999597136805,1.21421913250024,0.312372136069893,62.4715359384107
12.7202380952381,1.03990986253601,1.21414879828282,0.312222760069768,62.4721568534238
12.7203373015873,1.03982376254341,1.21407845768081,0.312073455644899,62.4727777051881
12.7204365079365,1.03973767138865,1.21400811070039,0.311924222760829,62.4733984937156
12.7205357142857,1.03965158907017,1.21393775734776,0.311775061383104,62.4740192190182
12.7206349206349,1.03956551558638,1.2138673976291,0.311625971477298,62.4746398811079
12.7207341269841,1.03947945093569,1.21379703155059,0.311476953008983,62.4752604799965
12.7208333333333,1.03939339511653,1.21372665911841,0.311328005943759,62.475881015696
12.7209325396825,1.03930734812733,1.21365628033873,0.311179130247226,62.4765014882182
12.7210317460317,1.03922130996649,1.21358589521772,0.31103032588501,62.4771218975751
12.721130952381,1.03913528063246,1.21351550376157,0.310881592822735,62.4777422437786
12.7212301587302,1.03904926012364,1.21344510597643,0.310732931026056,62.4783625268405
12.7213293650794,1.03896324843847,1.21337470186847,0.310584340460623,62.4789827467728
12.7214285714286,1.03887724557536,1.21330429144385,0.310435821092117,62.4796029035873
12.7215277777778,1.03879125153275,1.21323387470874,0.310287372886215,62.480222997296
12.721626984127,1.03870526630907,1.21316345166928,0.310138995808622,62.4808430279107
12.7217261904762,1.03861928990273,1.21309302233164,0.309990689825044,62.4814629954432
12.7218253968254,1.03853332231217,1.21302258670197,0.309842454901208,62.4820828999055
12.7219246031746,1.03844736353582,1.21295214478641,0.309694291002857,62.4827027413095
12.7220238095238,1.03836141357211,1.21288169659112,0.309546198095734,62.483322519667
12.722123015873,1.03827547241947,1.21281124212223,0.309398176145611,62.4839422349898
12.7222222222222,1.03818954007632,1.21274078138588,0.309250225118259,62.4845618872898
12.7223214285714,1.0381036165411,1.21267031438823,0.309102344979475,62.4851814765789
12.7224206349206,1.03801770181225,1.21259984113539,0.308954535695056,62.485801002869
12.7225198412698,1.0379317958882,1.21252936163351,0.308806797230828,62.4864204661718
12.722619047619,1.03784589876737,1.2124588758887,0.308659129552612,62.4870398664992
12.7227182539683,1.03776001044822,1.21238838390712,0.308511532626261,62.4876592038631
12.7228174603175,1.03767413092917,1.21231788569487,0.308364006417622,62.4882784782754
12.7229166666667,1.03758826020866,1.21224738125807,0.308216550892575,62.4888976897477
12.7230158730159,1.03750239828512,1.21217687060286,0.308069166016994,62.4895168382921
12.7231150793651,1.037416545157,1.21210635373534,0.307921851756783,62.4901359239202
12.7232142857143,1.03733070082273,1.21203583066164,0.307774608077845,62.4907549466439
12.7233134920635,1.03724486528075,1.21196530138785,0.307627434946106,62.4913739064751
12.7234126984127,1.03715903852952,1.21189476592009,0.307480332327506,62.4919928034256
12.7235119047619,1.03707322056745,1.21182422426447,0.307333300187986,62.4926116375071
12.7236111111111,1.036987411393,1.2117536764271,0.307186338493517,62.4932304087315
12.7237103174603,1.03690161100462,1.21168312241406,0.307039447210065,62.4938491171106
12.7238095238095,1.03681581940073,1.21161256223146,0.306892626303629,62.4944677626561
12.7239087301587,1.03673003657979,1.2115419958854,0.306745875740201,62.49508634538
12.7240079365079,1.03664426254025,1.21147142338196,0.306599195485805,62.4957048652939
12.7241071428571,1.03655849728054,1.21140084472725,0.306452585506462,62.4963233224097
12.7242063492063,1.03647274079912,1.21133025992733,0.306306045768221,62.4969417167392
12.7243055555556,1.03638699309443,1.21125966898831,0.306159576237128,62.4975600482941
12.7244047619048,1.03630125416492,1.21118907191626,0.306013176879259,62.4981783170862
12.724503968254,1.03621552400903,1.21111846871727,0.305866847660688,62.4987965231274
12.7246031746032,1.03612980262523,1.2110478593974,0.305720588547517,62.4994146664293
12.7247023809524,1.03604409001195,1.21097724396273,0.305574399505846,62.5000327470037
12.7248015873016,1.03595838616765,1.21090662241934,0.305428280501799,62.5006507648625
12.7249007936508,1.03587269109078,1.21083599477329,0.305282231501513,62.5012687200173
12.725,1.0357870047798,1.21076536103065,0.305136252471129,62.50188661248
12.7250992063492,1.03570132723315,1.21069472119748,0.304990343376814,62.5025044422622
12.7251984126984,1.0356156584493,1.21062407527984,0.304844504184735,62.5031222093758
12.7252976190476,1.03552999842669,1.2105534232838,0.304698734861084,62.5037399138325
12.7253968253968,1.03544434716377,1.2104827652154,0.304553035372055,62.504357555644
12.725496031746,1.03535870465902,1.21041210108071,0.304407405683869,62.5049751348221
12.7255952380952,1.03527307091088,1.21034143088575,0.304261845762744,62.5055926513785
12.7256944444444,1.03518744591782,1.2102707546366,0.304116355574926,62.5062101053249
12.7257936507937,1.03510182967828,1.21020007233929,0.303970935086662,62.5068274966731
12.7258928571429,1.03501622219074,1.21012938399986,0.303825584264224,62.5074448254348
12.7259920634921,1.03493062345364,1.21005868962435,0.303680303073884,62.5080620916218
12.7260912698413,1.03484503346545,1.2099879892188,0.303535091481942,62.5086792952456
12.7261904761905,1.03475945222464,1.20991728278925,0.303389949454696,62.5092964363182
12.7262896825397,1.03467387972966,1.20984657034171,0.303244876958467,62.5099135148511
12.7263888888889,1.03458831597898,1.20977585188223,0.303099873959592,62.510530530856
12.7264880952381,1.03450276097106,1.20970512741683,0.302954940424409,62.5111474843448
12.7265873015873,1.03441721470437,1.20963439695153,0.302810076319282,62.511764375329
12.7266865079365,1.03433167717737,1.20956366049235,0.302665281610576,62.5123812038205
12.7267857142857,1.03424614838853,1.20949291804532,0.302520556264683,62.5129979698308
12.7268849206349,1.03416062833631,1.20942216961643,0.302375900247992,62.5136146733716
12.7269841269841,1.03407511701919,1.20935141521172,0.302231313526924,62.5142313144548
12.7270833333333,1.03398961443563,1.20928065483718,0.302086796067894,62.5148478930918
12.7271825396825,1.03390412058409,1.20920988849882,0.301942347837346,62.5154644092945
12.7272817460317,1.03381863546306,1.20913911620266,0.301797968801725,62.5160808630745
12.727380952381,1.033733159071,1.20906833795468,0.301653658927502,62.5166972544434
12.7274801587302,1.03364769140637,1.2089975537609,0.301509418181146,62.517313583413
12.7275793650794,1.03356223246767,1.2089267636273,0.301365246529154,62.5179298499948
12.7276785714286,1.03347678225335,1.20885596755988,0.301221143938022,62.5185460542007
12.7277777777778,1.03339134076189,1.20878516556463,0.301077110374271,62.5191621960421
12.727876984127,1.03330590799176,1.20871435764754,0.300933145804435,62.5197782755308
12.7279761904762,1.03322048394145,1.2086435438146,0.300789250195048,62.5203942926785
12.7280753968254,1.03313506860942,1.20857272407178,0.300645423512675,62.5210102474967
12.7281746031746,1.03304966199416,1.20850189842507,0.300501665723876,62.5216261399971
12.7282738095238,1.03296426409414,1.20843106688045,0.300357976795243,62.5222419701914
12.728373015873,1.03287887490783,1.20836022944389,0.300214356693363,62.5228577380912
12.7284722222222,1.03279349443373,1.20828938612136,0.300070805384852,62.5234734437081
12.7285714285714,1.0327081226703,1.20821853691884,0.299927322836326,62.5240890870538
12.7286706349206,1.03262275961603,1.20814768184228,0.299783909014427,62.5247046681398
12.7287698412698,1.03253740526939,1.20807682089766,0.299640563885797,62.5253201869778
12.728869047619,1.03245205962888,1.20800595409094,0.299497287417103,62.5259356435795
12.7289682539683,1.03236672269298,1.20793508142806,0.299354079575014,62.5265510379564
12.7290674603175,1.03228139446016,1.207864202915,0.299210940326226,62.5271663701201
12.7291666666667,1.03219607492891,1.20779331855771,0.299067869637431,62.5277816400823
12.7292658730159,1.03211076409772,1.20772242836212,0.298924867475349,62.5283968478546
12.7293650793651,1.03202546196508,1.20765153233421,0.29878193380671,62.5290119934485
12.7294642857143,1.03194016852946,1.2075806304799,0.298639068598248,62.5296270768757
12.7295634920635,1.03185488378936,1.20750972280514,0.298496271816725,62.5302420981477
12.7296626984127,1.03176960774326,1.20743880931587,0.2983535434289,62.5308570572762
12.7297619047619,1.03168434038966,1.20736789001804,0.298210883401561,62.5314719542727
12.7298611111111,1.03159908172704,1.20729696491756,0.298068291701494,62.5320867891488
12.7299603174603,1.0315138317539,1.20722603402039,0.297925768295515,62.5327015619161
12.7300595238095,1.03142859046872,1.20715509733244,0.297783313150434,62.5333162725861
12.7301587301587,1.03134335786999,1.20708415485964,0.297640926233093,62.5339309211705
12.7302579365079,1.03125813395622,1.20701320660792,0.297498607510331,62.5345455076808
12.7303571428571,1.03117291872588,1.20694225258319,0.297356356949015,62.5351600321285
12.7304563492063,1.03108771217749,1.20687129279138,0.29721417451601,62.5357744945253
12.7305555555556,1.03100251430952,1.20680032723841,0.297072060178209,62.5363888948826
12.7306547619048,1.03091732512048,1.20672935593018,0.296930013902505,62.5370032332122
12.730753968254,1.03083214460887,1.2066583788726,0.296788035655814,62.5376175095254
12.7308531746032,1.03074697277317,1.2065873960716,0.296646125405064,62.5382317238338
12.7309523809524,1.0306618096119,1.20651640753306,0.296504283117187,62.538845876149
12.7310515873016,1.03057665512354,1.20644541326289,0.296362508759143,62.5394599664825
12.7311507936508,1.0304915093066,1.206374413267,0.296220802297889,62.5400739948459
12.73125,1.03040637215957,1.20630340755128,0.296079163700412,62.5406879612506
12.7313492063492,1.03032124368096,1.20623239612162,0.295937592933694,62.5413018657083
12.7314484126984,1.03023612386928,1.20616137898391,0.295796089964748,62.5419157082304
12.7315476190476,1.03015101272301,1.20609035614406,0.295654654760586,62.5425294888285
12.7316468253968,1.03006591024067,1.20601932760793,0.295513287288245,62.543143207514
12.731746031746,1.02998081642076,1.20594829338142,0.295371987514762,62.5437568642986
12.7318452380952,1.02989573126178,1.20587725347041,0.295230755407202,62.5443704591936
12.7319444444444,1.02981065476224,1.20580620788078,0.295089590932629,62.5449839922107
12.7320436507936,1.02972558692064,1.20573515661839,0.294948494058133,62.5455974633612
12.7321428571429,1.0296405277355,1.20566409968913,0.294807464750806,62.5462108726568
12.7322420634921,1.02955547720532,1.20559303709887,0.294666502977759,62.5468242201089
12.7323412698413,1.02947043532861,1.20552196885347,0.294525608706122,62.547437505729
12.7324404761905,1.02938540210387,1.20545089495879,0.294384781903022,62.5480507295286
12.7325396825397,1.02930037752962,1.20537981542071,0.294244022535618,62.5486638915191
12.7326388888889,1.02921536160437,1.20530873024508,0.294103330571065,62.5492769917121
12.7327380952381,1.02913035432663,1.20523763943776,0.293962705976546,62.5498900301191
12.7328373015873,1.02904535569491,1.20516654300459,0.293822148719244,62.5505030067514
12.7329365079365,1.02896036570773,1.20509544095145,0.293681658766369,62.5511159216207
12.7330357142857,1.0288753843636,1.20502433328416,0.293541236085129,62.5517287747383
12.7331349206349,1.02879041166103,1.20495322000858,0.293400880642761,62.5523415661157
12.7332341269841,1.02870544759854,1.20488210113056,0.2932605924065,62.5529542957643
12.7333333333333,1.02862049217465,1.20481097665593,0.293120371343608,62.5535669636957
12.7334325396825,1.02853554538787,1.20473984659053,0.292980217421346,62.5541795699213
12.7335317460317,1.02845060723671,1.20466871094021,0.292840130607004,62.5547921144525
12.733630952381,1.02836567771971,1.20459756971078,0.29270011086787,62.5554045973008
12.7337301587302,1.02828075683537,1.20452642290808,0.292560158171255,62.5560170184776
12.7338293650794,1.02819584458222,1.20445527053794,0.292420272484485,62.5566293779944
12.7339285714286,1.02811094095877,1.20438411260619,0.292280453774886,62.5572416758625
12.7340277777778,1.02802604596356,1.20431294911864,0.292140702009815,62.5578539120935
12.734126984127,1.02794115959509,1.20424178008112,0.292001017156623,62.5584660866988
12.7342261904762,1.0278562818519,1.20417060549944,0.291861399182694,62.5590781996897
12.7343253968254,1.02777141273251,1.20409942537941,0.291721848055407,62.5596902510777
12.7344246031746,1.02768655223544,1.20402823972686,0.29158236374217,62.5603022408742
12.7345238095238,1.02760170035921,1.20395704854758,0.29144294621039,62.5609141690906
12.734623015873,1.02751685710236,1.20388585184739,0.2913035954275,62.5615260357384
12.7347222222222,1.0274320224634,1.20381464963208,0.291164311360934,62.5621378408289
12.7348214285714,1.02734719644088,1.20374344190747,0.291025093978152,62.5627495843736
12.7349206349206,1.0272623790333,1.20367222867933,0.290885943246614,62.5633612663838
12.7350198412698,1.02717757023922,1.20360100995348,0.290746859133806,62.5639728868709
12.735119047619,1.02709277005714,1.20352978573571,0.290607841607215,62.5645844458464
12.7352182539683,1.02700797848561,1.20345855603179,0.290468890634349,62.5651959433216
12.7353174603175,1.02692319552316,1.20338732084753,0.290330006182733,62.5658073793079
12.7354166666667,1.02683842116831,1.20331608018871,0.290191188219891,62.5664187538167
12.7355158730159,1.0267536554196,1.20324483406111,0.290052436713376,62.5670300668594
12.7356150793651,1.02666889827557,1.2031735824705,0.28991375163074,62.5676413184472
12.7357142857143,1.02658414973474,1.20310232542267,0.289775132939563,62.5682525085917
12.7358134920635,1.02649940979565,1.20303106292338,0.289636580607421,62.5688636373042
12.7359126984127,1.02641467845685,1.20295979497842,0.289498094601922,62.569474704596
12.7360119047619,1.02632995571685,1.20288852159355,0.289359674890669,62.5700857104785
12.7361111111111,1.02624524157422,1.20281724277453,0.289221321441295,62.570696654963
12.7362103174603,1.02616053602746,1.20274595852713,0.28908303422143,62.571307538061
12.7363095238095,1.02607583907514,1.20267466885711,0.288944813198733,62.5719183597837
12.7364087301587,1.02599115071579,1.20260337377023,0.288806658340862,62.5725291201425
12.7365079365079,1.02590647094794,1.20253207327224,0.288668569615501,62.5731398191487
12.7366071428571,1.02582179977015,1.20246076736889,0.288530546990333,62.5737504568137
12.7367063492064,1.02573713718094,1.20238945606594,0.288392590433067,62.5743610331488
12.7368055555556,1.02565248317887,1.20231813936913,0.288254699911424,62.5749715481654
12.7369047619048,1.02556783776248,1.2022468172842,0.288116875393125,62.5755820018747
12.737003968254,1.02548320093031,1.20217548981691,0.287979116845924,62.5761923942881
12.7371031746032,1.0253985726809,1.20210415697298,0.287841424237568,62.5768027254169
12.7372023809524,1.02531395301281,1.20203281875816,0.287703797535836,62.5774129952725
12.7373015873016,1.02522934192457,1.20196147517818,0.287566236708502,62.5780232038661
12.7374007936508,1.02514473941474,1.20189012623877,0.287428741723372,62.578633351209
12.7375,1.02506014548186,1.20181877194565,0.287291312548247,62.5792434373126
12.7375992063492,1.02497556012448,1.20174741230456,0.287153949150958,62.5798534621881
12.7376984126984,1.02489098334115,1.20167604732121,0.287016651499332,62.5804634258469
12.7377976190476,1.02480641513043,1.20160467700134,0.286879419561227,62.5810733283003
12.7378968253968,1.02472185549085,1.20153330135065,0.286742253304498,62.5816831695594
12.737996031746,1.02463730442098,1.20146192037485,0.286605152697027,62.5822929496358
12.7380952380952,1.02455276191936,1.20139053407968,0.286468117706697,62.5829026685405
12.7381944444444,1.02446822798455,1.20131914247082,0.286331148301412,62.5835123262849
12.7382936507937,1.02438370261511,1.20124774555399,0.286194244449091,62.5841219228803
12.7383928571429,1.02429918580958,1.2011763433349,0.286057406117656,62.5847314583379
12.7384920634921,1.02421467756653,1.20110493581924,0.285920633275056,62.585340932669
12.7385912698413,1.0241301778845,1.20103352301272,0.285783925889237,62.5859503458849
12.7386904761905,1.02404568676206,1.20096210492103,0.285647283928176,62.5865596979968
12.7387896825397,1.02396120419776,1.20089068154986,0.285510707359845,62.5871689890161
12.7388888888889,1.02387673019017,1.20081925290492,0.285374196152248,62.5877782189538
12.7389880952381,1.02379226473783,1.20074781899187,0.285237750273382,62.5883873878214
12.7390873015873,1.02370780783932,1.20067637981641,0.285101369691278,62.58899649563
12.7391865079365,1.02362335949319,1.20060493538423,0.284965054373962,62.589605542391
12.7392857142857,1.023538919698,1.200533485701,0.284828804289487,62.5902145281154
12.7393849206349,1.02345448845232,1.2004620307724,0.284692619405907,62.5908234528147
12.7394841269841,1.0233700657547,1.20039057060411,0.284556499691303,62.5914323164999
12.7395833333333,1.02328565160372,1.20031910520179,0.284420445113754,62.5920411191824
12.7396825396825,1.02320124599793,1.20024763457113,0.284284455641364,62.5926498608733
12.7397817460317,1.02311684893591,1.20017615871777,0.284148531242249,62.5932585415839
12.739880952381,1.02303246041621,1.2001046776474,0.284012671884528,62.5938671613254
12.7399801587302,1.02294808043741,1.20003319136566,0.283876877536349,62.5944757201091
12.7400793650794,1.02286370899807,1.19996169987823,0.283741148165856,62.595084217946
12.7401785714286,1.02277934609676,1.19989020319075,0.283605483741223,62.5956926548475
12.7402777777778,1.02269499173205,1.19981870130888,0.283469884230622,62.5963010308248
12.740376984127,1.02261064590251,1.19974719423826,0.283334349602251,62.5969093458889
12.7404761904762,1.0225263086067,1.19967568198456,0.28319887982431,62.5975176000513
12.7405753968254,1.02244197984321,1.19960416455341,0.283063474865024,62.5981257933229
12.7406746031746,1.0223576596106,1.19953264195045,0.282928134692617,62.5987339257151
12.7407738095238,1.02227334790745,1.19946111418133,0.282792859275343,62.599341997239
12.740873015873,1.02218904473232,1.19938958125169,0.282657648581451,62.5999500079058
12.7409722222222,1.0221047500838,1.19931804316715,0.282522502579222,62.6005579577267
12.7410714285714,1.02202046396046,1.19924649993335,0.282387421236931,62.6011658467128
12.7411706349206,1.02193618636087,1.19917495155592,0.282252404522881,62.6017736748753
12.7412698412698,1.02185191728362,1.19910339804049,0.282117452405386,62.6023814422254
12.741369047619,1.02176765672727,1.19903183939268,0.281982564852762,62.6029891487743
12.7414682539683,1.02168340469041,1.19896027561811,0.281847741833356,62.6035967945331
12.7415674603175,1.02159916117161,1.1988887067224,0.28171298331551,62.604204379513
12.7416666666667,1.02151492616946,1.19881713271117,0.281578289267595,62.6048119037251
12.7417658730159,1.02143069968253,1.19874555359003,0.28144365965798,62.6054193671806
12.7418650793651,1.02134648170941,1.19867396936459,0.281309094455064,62.6060267698905
12.7419642857143,1.02126227224868,1.19860238004045,0.281174593627242,62.6066341118662
12.7420634920635,1.02117807129892,1.19853078562324,0.281040157142939,62.6072413931187
12.7421626984127,1.02109387885871,1.19845918611853,0.280905784970576,62.6078486136591
12.7422619047619,1.02100969492664,1.19838758153194,0.280771477078604,62.6084557734986
12.7423611111111,1.0209255195013,1.19831597186907,0.280637233435472,62.6090628726483
12.7424603174603,1.02084135258126,1.1982443571355,0.280503054009656,62.6096699111194
12.7425595238095,1.02075719416512,1.19817273733684,0.280368938769632,62.6102768889229
12.7426587301587,1.02067304425146,1.19810111247866,0.280234887683899,62.61088380607
12.7427579365079,1.02058890283887,1.19802948256656,0.28010090072097,62.6114906625717
12.7428571428571,1.02050476992594,1.19795784760612,0.279966977849359,62.6120974584393
12.7429563492063,1.02042064551126,1.19788620760292,0.279833119037609,62.6127041936837
12.7430555555556,1.02033652959342,1.19781456256253,0.279699324254262,62.6133108683162
12.7431547619048,1.02025242217101,1.19774291249055,0.279565593467886,62.6139174823478
12.743253968254,1.02016832324262,1.19767125739253,0.279431926647048,62.6145240357896
12.7433531746032,1.02008423280685,1.19759959727405,0.279298323760345,62.6151305286526
12.7434523809524,1.02000015086228,1.19752793214067,0.279164784776371,62.6157369609481
12.7435515873016,1.01991607740751,1.19745626199797,0.279031309663746,62.616343332687
12.7436507936508,1.01983201244114,1.1973845868515,0.278897898391092,62.6169496438806
12.74375,1.01974795596176,1.19731290670682,0.278764550927056,62.6175558945397
12.7438492063492,1.01966390796796,1.1972412215695,0.278631267240286,62.6181620846755
12.7439484126984,1.01957986845836,1.19716953144508,0.278498047299456,62.6187682142992
12.7440476190476,1.01949583743153,1.19709783633911,0.278364891073239,62.6193742834216
12.7441468253968,1.01941181488608,1.19702613625716,0.278231798530333,62.619980292054
12.744246031746,1.01932780082062,1.19695443120475,0.278098769639447,62.6205862402074
12.7443452380952,1.01924379523374,1.19688272118744,0.277965804369295,62.6211921278928
12.7444444444444,1.01915979812403,1.19681100621077,0.277832902688617,62.6217979551213
12.7445436507937,1.01907580949011,1.19673928628027,0.277700064566153,62.6224037219039
12.7446428571429,1.01899182933058,1.19666756140148,0.277567289970669,62.6230094282517
12.7447420634921,1.01890785764403,1.19659583157994,0.27743457887093,62.6236150741757
12.7448412698413,1.01882389442907,1.19652409682117,0.277301931235731,62.624220659687
12.7449404761905,1.01873993968431,1.1964523571307,0.277169347033863,62.6248261847965
12.7450396825397,1.01865599340836,1.19638061251406,0.277036826234145,62.6254316495154
12.7451388888889,1.0185720555998,1.19630886297676,0.276904368805397,62.6260370538547
12.7452380952381,1.01848812625727,1.19623710852434,0.276771974716464,62.6266423978253
12.7453373015873,1.01840420537935,1.1961653491623,0.27663964393619,62.6272476814384
12.7454365079365,1.01832029296467,1.19609358489616,0.276507376433449,62.6278529047049
12.7455357142857,1.01823638901183,1.19602181573143,0.276375172177111,62.6284580676358
12.7456349206349,1.01815249351943,1.19595004167362,0.276243031136072,62.6290631702421
12.7457341269841,1.0180686064861,1.19587826272823,0.27611095327924,62.6296682125349
12.7458333333333,1.01798472791044,1.19580647890078,0.275978938575525,62.6302731945252
12.7459325396825,1.01790085779106,1.19573469019675,0.275846986993867,62.6308781162239
12.7460317460317,1.01781699612658,1.19566289662165,0.275715098503202,62.631482977642
12.746130952381,1.01773314291561,1.19559109818098,0.275583273072494,62.6320877787906
12.7462301587302,1.01764929815676,1.19551929488022,0.275451510670709,62.6326925196807
12.7463293650794,1.01756546184865,1.19544748672487,0.275319811266836,62.6332972003231
12.7464285714286,1.0174816339899,1.19537567372041,0.275188174829865,62.6339018207289
12.7465277777778,1.01739781457912,1.19530385587234,0.275056601328815,62.6345063809091
12.746626984127,1.01731400361493,1.19523203318612,0.274925090732701,62.6351108808747
12.7467261904762,1.01723020109595,1.19516020566724,0.274793643010567,62.6357153206366
12.7468253968254,1.01714640702079,1.19508837332118,0.274662258131457,62.6363197002058
12.7469246031746,1.01706262138809,1.19501653615341,0.27453093606444,62.6369240195932
12.7470238095238,1.01697884419645,1.1949446941694,0.274399676778585,62.6375282788098
12.747123015873,1.01689507544449,1.19487284737462,0.274268480242986,62.6381324778666
12.7472222222222,1.01681131513085,1.19480099577454,0.274137346426749,62.6387366167745
12.7473214285714,1.01672756325414,1.19472913937462,0.274006275298982,62.6393406955445
12.7474206349206,1.01664381981299,1.19465727818032,0.273875266828822,62.6399447141875
12.7475198412698,1.01656008480602,1.1945854121971,0.273744320985404,62.6405486727144
12.747619047619,1.01647635823185,1.19451354143041,0.27361343773789,62.6411525711363
12.7477182539683,1.01639264008911,1.19444166588571,0.273482617055443,62.641756409464
12.7478174603175,1.01630893037644,1.19436978556845,0.27335185890725,62.6423601877084
12.7479166666667,1.01622522909245,1.19429790048407,0.2732211632625,62.6429639058805
12.7480158730159,1.01614153623577,1.19422601063801,0.273090530090409,62.6435675639912
12.7481150793651,1.01605785180503,1.19415411603573,0.27295995936019,62.6441711620515
12.7482142857143,1.01597417579887,1.19408221668266,0.272829451041086,62.6447747000722
12.7483134920635,1.01589050821591,1.19401031258423,0.272699005102337,62.6453781780642
12.7484126984127,1.01580684905478,1.19393840374588,0.272568621513211,62.6459815960385
12.7485119047619,1.01572319831411,1.19386649017304,0.272438300242975,62.6465849540061
12.7486111111111,1.01563955599254,1.19379457187114,0.272308041260921,62.6471882519776
12.7487103174603,1.01555592208871,1.19372264884561,0.272177844536352,62.6477914899642
12.7488095238095,1.01547229660124,1.19365072110186,0.272047710038575,62.6483946679766
12.7489087301587,1.01538867952876,1.19357878864532,0.271917637736925,62.6489977860258
12.7490079365079,1.01530507086993,1.19350685148141,0.271787627600734,62.6496008441227
12.7491071428571,1.01522147062336,1.19343490961554,0.271657679599362,62.650203842278
12.7492063492064,1.0151378787877,1.19336296305312,0.27152779370217,62.6508067805028
12.7493055555556,1.01505429536159,1.19329101179957,0.271397969878544,62.6514096588079
12.7494047619048,1.01497072034367,1.19321905586028,0.27126820809787,62.6520124772041
12.749503968254,1.01488715373257,1.19314709524068,0.271138508329562,62.6526152357024
12.7496031746032,1.01480359552693,1.19307512994614,0.271008870543031,62.6532179343136
12.7497023809524,1.0147200457254,1.19300315998209,0.270879294707717,62.6538205730486
12.7498015873016,1.01463650432662,1.1929311853539,0.270749780793059,62.6544231519181
12.7499007936508,1.01455297132922,1.19285920606699,0.270620328768523,62.6550256709332
12.75,1.01446944673186,1.19278722212672,0.270490938603574,62.6556281301046
12.7500992063492,1.01438593053317,1.1927152335385,0.270361610267701,62.6562305294431
12.7501984126984,1.01430242273181,1.19264324030772,0.270232343730406,62.6568328689597
12.7502976190476,1.01421892332641,1.19257124243974,0.270103138961193,62.6574351486652
12.7503968253968,1.01413543231563,1.19249923993996,0.269973995929595,62.6580373685703
12.750496031746,1.01405194969811,1.19242723281375,0.269844914605142,62.658639528686
12.7505952380952,1.01396847547249,1.19235522106649,0.269715894957393,62.6592416290231
12.7506944444444,1.01388500963743,1.19228320470354,0.269586936955906,62.6598436695923
12.7507936507936,1.01380155219157,1.19221118373028,0.269458040570265,62.6604456504046
12.7508928571429,1.01371810313357,1.19213915815208,0.269329205770053,62.6610475714707
12.7509920634921,1.01363466246208,1.1920671279743,0.269200432524883,62.6616494328014
12.7510912698413,1.01355123017574,1.19199509320229,0.269071720804364,62.6622512344076
12.7511904761905,1.01346780627321,1.19192305384143,0.268943070578134,62.6628529763001
12.7512896825397,1.01338439075315,1.19185100989705,0.26881448181583,62.6634546584897
12.7513888888889,1.0133009836142,1.19177896137453,0.268685954487114,62.6640562809871
12.7514880952381,1.01321758485502,1.19170690827921,0.268557488561651,62.6646578438032
12.7515873015873,1.01313419447427,1.19163485061644,0.268429084009128,62.6652593469488
12.7516865079365,1.0130508124706,1.19156278839155,0.268300740799243,62.6658607904347
12.7517857142857,1.01296743884266,1.19149072160991,0.2681724589017,62.6664621742716
12.7518849206349,1.01288407358913,1.19141865027684,0.268044238286229,62.6670634984703
12.7519841269841,1.01280071670865,1.19134657439768,0.267916078922558,62.6676647630416
12.7520833333333,1.01271736819988,1.19127449397777,0.267787980780444,62.6682659679964
12.7521825396825,1.01263402806149,1.19120240902244,0.267659943829643,62.6688671133453
12.7522817460317,1.01255069629213,1.19113031953702,0.267531968039936,62.6694681990991
12.752380952381,1.01246737289047,1.19105822552684,0.267404053381106,62.6700692252686
12.7524801587302,1.01238405785516,1.19098612699722,0.267276199822961,62.6706701918645
12.7525793650794,1.01230075118488,1.19091402395347,0.267148407335311,62.6712710988977
12.7526785714286,1.01221745287827,1.19084191640093,0.267020675887989,62.6718719463789
12.7527777777778,1.01213416293402,1.1907698043449,0.266893005450831,62.6724727343188
12.752876984127,1.01205088135078,1.1906976877907,0.2667653959937,62.6730734627281
12.7529761904762,1.01196760812722,1.19062556674365,0.266637847486454,62.6736741316177
12.7530753968254,1.011884343262,1.19055344120903,0.26651035989898,62.6742747409982
12.7531746031746,1.0118010867538,1.19048131119218,0.266382933201175,62.6748752908804
12.7532738095238,1.01171783860128,1.19040917669837,0.26625556736294,62.675475781275
12.753373015873,1.01163459880311,1.19033703773293,0.266128262354202,62.6760762121928
12.7534722222222,1.01155136735795,1.19026489430113,0.266001018144889,62.6766765836444
12.7535714285714,1.01146814426449,1.19019274640829,0.265873834704954,62.6772768956407
12.7536706349206,1.01138492952139,1.19012059405968,0.265746712004351,62.6778771481922
12.7537698412698,1.01130172312733,1.1900484372606,0.26561965001306,62.6784773413098
12.753869047619,1.01121852508096,1.18997627601633,0.265492648701061,62.6790774750042
12.7539682539683,1.01113533538098,1.18990411033216,0.265365708038362,62.679677549286
12.7540674603175,1.01105215402605,1.18983194021337,0.265238827994968,62.6802775641659
12.7541666666667,1.01096898101485,1.18975976566524,0.265112008540912,62.6808775196547
12.7542658730159,1.01088581634606,1.18968758669305,0.264985249646227,62.6814774157631
12.7543650793651,1.01080266001834,1.18961540330206,0.264858551280972,62.6820772525017
12.7544642857143,1.01071951203038,1.18954321549755,0.264731913415208,62.6826770298813
12.7545634920635,1.01063637238086,1.18947102328478,0.264605336019015,62.6832767479125
12.7546626984127,1.01055324106845,1.18939882666902,0.264478819062491,62.683876406606
12.7547619047619,1.01047011809184,1.18932662565553,0.264352362515733,62.6844760059724
12.7548611111111,1.0103870034497,1.18925442024958,0.264225966348867,62.6850755460226
12.7549603174603,1.01030389714071,1.18918221045642,0.264099630532018,62.685675026767
12.7550595238095,1.01022079916356,1.1891099962813,0.263973355035338,62.6862744482165
12.7551587301587,1.01013770951693,1.18903777772947,0.263847139828978,62.6868738103816
12.7552579365079,1.01005462819951,1.18896555480619,0.263720984883117,62.6874731132731
12.7553571428571,1.00997155520997,1.1888933275167,0.263594890167932,62.6880723569016
12.7554563492063,1.009888490547,1.18882109586624,0.263468855653629,62.6886715412776
12.7555555555556,1.00980543420929,1.18874885986006,0.263342881310411,62.689270666412
12.7556547619048,1.00972238619552,1.18867661950339,0.263216967108509,62.6898697323153
12.755753968254,1.00963934650438,1.18860437480147,0.263091113018154,62.6904687389982
12.7558531746032,1.00955631513456,1.18853212575953,0.262965319009604,62.6910676864713
12.7559523809524,1.00947329208474,1.18845987238281,0.262839585053115,62.6916665747453
12.7560515873016,1.00939027735362,1.18838761467652,0.262713911118968,62.6922654038308
12.7561507936508,1.00930727093989,1.1883153526459,0.262588297177456,62.6928641737383
12.75625,1.00922427284223,1.18824308629616,0.262462743198877,62.6934628844786
12.7563492063492,1.00914128305934,1.18817081563253,0.262337249153553,62.6940615360623
12.7564484126984,1.00905830158992,1.18809854066023,0.262211815011807,62.6946601285
12.7565476190476,1.00897532843264,1.18802626138446,0.26208644074399,62.6952586618022
12.7566468253968,1.00889236358621,1.18795397781044,0.26196112632045,62.6958571359797
12.756746031746,1.00880940704933,1.18788168994337,0.261835871711564,62.6964555510429
12.7568452380952,1.00872645882068,1.18780939778847,0.261710676887707,62.6970539070026
12.7569444444444,1.00864351889897,1.18773710135094,0.261585541819283,62.6976522038693
12.7570436507937,1.00856058728288,1.18766480063597,0.261460466476692,62.6982504416536
12.7571428571429,1.00847766397113,1.18759249564877,0.261335450830365,62.6988486203661
12.7572420634921,1.0083947489624,1.18752018639454,0.26121049485073,62.6994467400174
12.7573412698413,1.0083118422554,1.18744787287845,0.261085598508241,62.7000448006181
12.7574404761905,1.00822894384882,1.18737555510571,0.260960761773355,62.7006428021787
12.7575396825397,1.00814605374137,1.1873032330815,0.260835984616549,62.7012407447099
12.7576388888889,1.00806317193174,1.18723090681101,0.260711267008315,62.7018386282222
12.7577380952381,1.00798029841865,1.18715857629941,0.260586608919148,62.7024364527262
12.7578373015873,1.00789743320078,1.18708624155189,0.260462010319568,62.7030342182324
12.7579365079365,1.00781457627686,1.18701390257363,0.260337471180096,62.7036319247514
12.7580357142857,1.00773172764557,1.18694155936979,0.260212991471281,62.7042295722939
12.7581349206349,1.00764888730563,1.18686921194556,0.260088571163669,62.7048271608702
12.7582341269841,1.00756605525575,1.18679686030609,0.259964210227835,62.705424690491
12.7583333333333,1.00748323149462,1.18672450445655,0.259839908634353,62.7060221611669
12.7584325396825,1.00740041602095,1.18665214440212,0.259715666353822,62.7066195729084
12.7585317460317,1.00731760883346,1.18657978014794,0.259591483356843,62.707216925726
12.758630952381,1.00723480993086,1.18650741169917,0.259467359614043,62.7078142196302
12.7587301587302,1.00715201931184,1.18643503906098,0.259343295096049,62.7084114546317
12.7588293650794,1.00706923697514,1.18636266223851,0.259219289773512,62.7090086307408
12.7589285714286,1.00698646291944,1.18629028123691,0.259095343617087,62.7096057479682
12.7590277777778,1.00690369714347,1.18621789606133,0.25897145659745,62.7102028063245
12.759126984127,1.00682093964594,1.18614550671692,0.25884762868529,62.71079980582
12.7592261904762,1.00673819042557,1.18607311320881,0.258723859851299,62.7113967464653
12.7593253968254,1.00665544948106,1.18600071554216,0.258600150066197,62.711993628271
12.7594246031746,1.00657271681113,1.18592831372208,0.258476499300702,62.7125904512475
12.7595238095238,1.0064899924145,1.18585590775372,0.258352907525561,62.7131872154053
12.759623015873,1.00640727628989,1.1857834976422,0.258229374711518,62.713783920755
12.7597222222222,1.006324568436,1.18571108339266,0.258105900829345,62.7143805673071
12.7598214285714,1.00624186885157,1.18563866501023,0.257982485849814,62.714977155072
12.7599206349206,1.00615917753531,1.18556624250002,0.257859129743724,62.7155736840602
12.7600198412698,1.00607649448593,1.18549381586715,0.257735832481872,62.7161701542823
12.760119047619,1.00599381970216,1.18542138511674,0.257612594035083,62.7167665657487
12.7602182539683,1.00591115318273,1.18534895025391,0.257489414374182,62.7173629184698
12.7603174603175,1.00582849492634,1.18527651128378,0.257366293470019,62.7179592124563
12.7604166666667,1.00574584493173,1.18520406821144,0.257243231293446,62.7185554477185
12.7605158730159,1.00566320319761,1.18513162104201,0.257120227815337,62.7191516242669
12.7606150793651,1.00558056972272,1.18505916978059,0.256997283006578,62.7197477421119
12.7607142857143,1.00549794450577,1.18498671443228,0.256874396838061,62.7203438012642
12.7608134920635,1.0054153275455,1.18491425500219,0.256751569280703,62.720939801734
12.7609126984127,1.00533271884062,1.1848417914954,0.25662880030542,62.7215357435319
12.7610119047619,1.00525011838987,1.18476932391701,0.256506089883155,62.7221316266683
12.7611111111111,1.00516752619197,1.18469685227212,0.256383437984853,62.7227274511536
12.7612103174603,1.00508494224566,1.1846243765658,0.256260844581482,62.7233232169984
12.7613095238095,1.00500236654965,1.18455189680315,0.256138309644013,62.723918924213
12.7614087301587,1.00491979910269,1.18447941298926,0.256015833143441,62.7245145728079
12.7615079365079,1.0048372399035,1.18440692512919,0.255893415050764,62.7251101627935
12.7616071428571,1.00475468895081,1.18433443322803,0.255771055337002,62.7257056941802
12.7617063492063,1.00467214624336,1.18426193729085,0.255648753973179,62.7263011669786
12.7618055555556,1.00458961177988,1.18418943732272,0.255526510930344,62.7268965811989
12.7619047619048,1.00450708555911,1.18411693332872,0.255404326179545,62.7274919368517
12.762003968254,1.00442456757977,1.1840444253139,0.255282199691855,62.7280872339473
12.7621031746032,1.0043420578406,1.18397191328334,0.255160131438358,62.7286824724961
12.7622023809524,1.00425955634035,1.1838993972421,0.255038121390144,62.7292776525086
12.7623015873016,1.00417706307774,1.18382687719523,0.254916169518327,62.7298727739952
12.7624007936508,1.00409457805152,1.18375435314779,0.254794275794021,62.7304678369662
12.7625,1.00401210126042,1.18368182510484,0.254672440188369,62.7310628414321
12.7625992063492,1.00392963270318,1.18360929307142,0.254550662672511,62.7316577874032
12.7626984126984,1.00384717237855,1.18353675705259,0.254428943217615,62.73225267489
12.7627976190476,1.00376472028526,1.18346421705338,0.254307281794849,62.7328475039029
12.7628968253968,1.00368227642205,1.18339167307884,0.254185678375407,62.7334422744521
12.762996031746,1.00359984078767,1.18331912513402,0.254064132930482,62.7340369865482
12.7630952380952,1.00351741338086,1.18324657322394,0.253942645431296,62.7346316402014
12.7631944444444,1.00343499420037,1.18317401735364,0.253821215849067,62.7352262354222
12.7632936507936,1.00335258324493,1.18310145752817,0.253699844155045,62.735820772221
12.7633928571429,1.00327018051329,1.18302889375253,0.253578530320475,62.736415250608
12.7634920634921,1.00318778600421,1.18295632603177,0.253457274316627,62.7370096705936
12.7635912698413,1.00310539971642,1.1828837543709,0.253336076114784,62.7376040321883
12.7636904761905,1.00302302164868,1.18281117877494,0.253214935686233,62.7381983354023
12.7637896825397,1.00294065179972,1.18273859924893,0.253093853002286,62.738792580246
12.7638888888889,1.00285829016831,1.18266601579786,0.252972828034257,62.7393867667298
12.7639880952381,1.00277593675319,1.18259342842676,0.252851860753483,62.739980894864
12.7640873015873,1.00269359155312,1.18252083714063,0.252730951131306,62.740574964659
12.7641865079365,1.00261125456683,1.18244824194448,0.252610099139089,62.741168976125
12.7642857142857,1.00252892579309,1.18237564284332,0.2524893047482,62.7417629292725
12.7643849206349,1.00244660523065,1.18230303984215,0.252368567930028,62.7423568241117
12.7644841269841,1.00236429287826,1.18223043294597,0.252247888655968,62.742950660653
12.7645833333333,1.00228198873468,1.18215782215978,0.252127266897436,62.7435444389066
12.7646825396825,1.00219969279865,1.18208520748857,0.252006702625852,62.7441381588831
12.7647817460317,1.00211740506895,1.18201258893733,0.251886195812659,62.7447318205925
12.764880952381,1.00203512554431,1.18193996651106,0.251765746429304,62.7453254240452
12.7649801587302,1.00195285422351,1.18186734021473,0.251645354447253,62.7459189692517
12.7650793650794,1.0018705911053,1.18179471005334,0.251525019837987,62.746512456222
12.7651785714286,1.00178833618843,1.18172207603186,0.251404742572992,62.7471058849667
12.7652777777778,1.00170608947168,1.18164943815527,0.251284522623777,62.7476992554959
12.765376984127,1.00162385095379,1.18157679642855,0.251164359961853,62.7482925678199
12.7654761904762,1.00154162063353,1.18150415085668,0.251044254558758,62.7488858219491
12.7655753968254,1.00145939850966,1.18143150144461,0.250924206386029,62.7494790178937
12.7656746031746,1.00137718458095,1.18135884819732,0.250804215415228,62.750072155664
12.7657738095238,1.00129497884615,1.18128619111978,0.25068428161792,62.7506652352703
12.765873015873,1.00121278130404,1.18121353021694,0.250564404965694,62.7512582567229
12.7659722222222,1.00113059195337,1.18114086549377,0.25044458543014,62.751851220032
12.7660714285714,1.00104841079291,1.18106819695522,0.250324822982875,62.7524441252079
12.7661706349206,1.00096623782143,1.18099552460625,0.250205117595514,62.7530369722609
12.7662698412698,1.0008840730377,1.18092284845181,0.250085469239701,62.7536297612012
12.766369047619,1.00080191644048,1.18085016849685,0.249965877887078,62.7542224920392
12.7664682539683,1.00071976802855,1.18077748474631,0.249846343509311,62.7548151647849
12.7665674603175,1.00063762780067,1.18070479720513,0.249726866078078,62.7554077794488
12.7666666666667,1.0005554957556,1.18063210587827,0.249607445565063,62.756000336041
12.7667658730159,1.00047337189214,1.18055941077066,0.249488081941973,62.7565928345718
12.7668650793651,1.00039125620903,1.18048671188722,0.249368775180517,62.7571852750514
12.7669642857143,1.00030914870507,1.1804140092329,0.24924952525243,62.75777765749
12.7670634920635,1.00022704937902,1.18034130281263,0.249130332129448,62.758369981898
12.7671626984127,1.00014495822965,1.18026859263133,0.249011195783331,62.7589622482855
12.7672619047619,1.00006287525574,1.18019587869393,0.248892116185842,62.7595544566628
12.7673611111111,0.999980800456066,1.18012316100535,0.248773093308767,62.76014660704
12.7674603174603,0.999898733829403,1.18005043957051,0.248654127123894,62.7607386994274
12.7675595238095,0.999816675374531,1.17997771439432,0.248535217603039,62.7613307338352
12.7676587301587,0.999734625090223,1.1799049854817,0.248416364718015,62.7619227102736
12.7677579365079,0.999652582975263,1.17983225283757,0.248297568440662,62.7625146287529
12.7678571428571,0.999570549028425,1.17975951646683,0.248178828742821,62.7631064892832
12.7679563492064,0.999488523248491,1.17968677637438,0.248060145596356,62.7636982918747
12.7680555555556,0.999406505634244,1.17961403256513,0.247941518973144,62.7642900365376
12.7681547619048,0.999324496184463,1.17954128504399,0.247822948845064,62.7648817232822
12.768253968254,0.999242494890885,1.1794685338177,0.247704435189039,62.7654733521206
12.7683531746032,0.999160501727357,1.17939577889751,0.247585977995797,62.7660649230701
12.7684523809524,0.999078516690319,1.17932302028852,0.247467577241287,62.7666564361411
12.7685515873016,0.998996539778364,1.17925025799521,0.247349232899964,62.7672478913432
12.7686507936508,0.998914570990095,1.17917749202209,0.247230944946304,62.767839288686
12.76875,0.998832610324108,1.17910472237365,0.247112713354779,62.7684306281793
12.7688492063492,0.998750657779007,1.17903194905439,0.246994538099882,62.7690219098328
12.7689484126984,0.998668713353387,1.17895917206879,0.246876419156101,62.769613133656
12.7690476190476,0.998586777045852,1.17888639142136,0.246758356497945,62.7702042996587
12.7691468253968,0.998504848855,1.17881360711657,0.246640350099918,62.7707954078505
12.769246031746,0.998422928779436,1.17874081915893,0.246522399936546,62.7713864582411
12.7693452380952,0.998341016817756,1.17866802755291,0.246404505982349,62.7719774508402
12.7694444444444,0.998259112968566,1.17859523230299,0.246286668211865,62.7725683856574
12.7695436507937,0.998177217230469,1.17852243341367,0.246168886599642,62.7731592627023
12.7696428571429,0.998095329602064,1.17844963088942,0.246051161120223,62.7737500819846
12.7697420634921,0.998013450081959,1.17837682473473,0.245933491748175,62.774340843514
12.7698412698413,0.997931578668753,1.17830401495407,0.24581587845806,62.7749315473001
12.7699404761905,0.997849715361053,1.17823120155192,0.24569832122446,62.7755221933526
12.7700396825397,0.99776786015746,1.17815838453275,0.245580820021952,62.776112781681
12.7701388888889,0.997686013056582,1.17808556390104,0.245463374825135,62.7767033122951
12.7702380952381,0.997604174057021,1.17801273966126,0.245345985608603,62.7772937852045
12.7703373015873,0.997522343157387,1.17793991181788,0.24522865234697,62.7778842004188
12.7704365079365,0.99744052035628,1.17786708037537,0.245111375014848,62.7784745579476
12.7705357142857,0.997358705652311,1.1777942453382,0.244994153586867,62.7790648578006
12.7706349206349,0.997276899044082,1.17772140671082,0.244876988037654,62.7796550999875
12.7707341269841,0.997195100530206,1.17764856449772,0.244759878341856,62.7802452845177
12.7708333333333,0.997113310109284,1.17757571870334,0.244642824474116,62.7808354114011
12.7709325396825,0.997031527779927,1.17750286933215,0.244525826409095,62.7814254806471
12.7710317460317,0.996949753540745,1.17743001638861,0.244408884121461,62.7820154922655
12.771130952381,0.996867987390342,1.17735715987717,0.244291997585882,62.7826054462657
12.7712301587302,0.996786229327332,1.1772842998023,0.244175166777046,62.7831953426575
12.7713293650794,0.996704479350319,1.17721143616844,0.244058391669636,62.7837851814505
12.7714285714286,0.996622737457918,1.17713856898006,0.243941672238357,62.7843749626543
12.7715277777778,0.996541003648733,1.17706569824159,0.243825008457909,62.7849646862784
12.771626984127,0.996459277921381,1.17699282395749,0.243708400303012,62.7855543523325
12.7717261904762,0.996377560274468,1.17691994613221,0.243591847748383,62.7861439608262
12.7718253968254,0.996295850706609,1.17684706477019,0.243475350768759,62.7867335117691
12.7719246031746,0.99621414921641,1.17677417987588,0.243358909338872,62.7873230051708
12.7720238095238,0.99613245580249,1.17670129145373,0.243242523433476,62.7879124410409
12.772123015873,0.996050770463456,1.17662839950816,0.243126193027319,62.788501819389
12.7722222222222,0.995969093197924,1.17655550404364,0.243009918095172,62.7890911402246
12.7723214285714,0.995887424004505,1.17648260506458,0.242893698611798,62.7896804035574
12.7724206349206,0.995805762881813,1.17640970257543,0.242777534551982,62.7902696093971
12.7725198412698,0.995724109828464,1.17633679658062,0.242661425890513,62.790858757753
12.772619047619,0.995642464843069,1.17626388708459,0.242545372602181,62.7914478486349
12.7727182539683,0.995560827924247,1.17619097409177,0.242429374661797,62.7920368820523
12.7728174603175,0.995479199070609,1.17611805760659,0.242313432044167,62.7926258580148
12.7729166666667,0.995397578280773,1.17604513763348,0.242197544724116,62.793214776532
12.7730158730159,0.995315965553353,1.17597221417686,0.242081712676468,62.7938036376134
12.7731150793651,0.995234360886968,1.17589928724117,0.241965935876065,62.7943924412687
12.7732142857143,0.995152764280231,1.17582635683082,0.241850214297746,62.7949811875073
12.7733134920635,0.995071175731763,1.17575342295023,0.24173454791637,62.7955698763389
12.7734126984127,0.994989595240177,1.17568048560384,0.241618936706791,62.7961585077731
12.7735119047619,0.994908022804097,1.17560754479605,0.241503380643885,62.7967470818193
12.7736111111111,0.994826458422134,1.17553460053128,0.241387879702523,62.7973355984873
12.7737103174603,0.994744902092912,1.17546165281396,0.241272433857597,62.7979240577864
12.7738095238095,0.994663353815047,1.17538870164848,0.241157043083995,62.7985124597263
12.7739087301587,0.994581813587159,1.17531574703928,0.24104170735662,62.7991008043165
12.7740079365079,0.99450028140787,1.17524278899075,0.240926426650387,62.7996890915666
12.7741071428571,0.994418757275797,1.17516982750732,0.240811200940207,62.8002773214862
12.7742063492063,0.994337241189564,1.17509686259337,0.240696030201012,62.8008654940847
12.7743055555556,0.994255733147787,1.17502389425333,0.240580914407731,62.8014536093718
12.7744047619048,0.994174233149093,1.1749509224916,0.240465853535312,62.8020416673569
12.774503968254,0.994092741192098,1.17487794731258,0.2403508475587,62.8026296680496
12.7746031746032,0.99401125727543,1.17480496872067,0.24023589645286,62.8032176114595
12.7747023809524,0.993929781397706,1.17473198672026,0.240121000192753,62.8038054975961
12.7748015873016,0.993848313557553,1.17465900131577,0.240006158753359,62.804393326469
12.7749007936508,0.993766853753591,1.17458601251159,0.239891372109656,62.8049810980875
12.775,0.993685401984447,1.1745130203121,0.239776640236642,62.8055688124614
12.7750992063492,0.993603958248741,1.17444002472171,0.23966196310931,62.8061564696001
12.7751984126984,0.993522522545102,1.17436702574481,0.239547340702673,62.8067440695131
12.7752976190476,0.99344109487215,1.17429402338578,0.239432772991742,62.80733161221
12.7753968253968,0.993359675228513,1.17422101764902,0.239318259951543,62.8079190977003
12.775496031746,0.993278263612818,1.17414800853891,0.239203801557112,62.8085065259935
12.7755952380952,0.993196860023687,1.17407499605983,0.239089397783483,62.8090938970991
12.7756944444444,0.993115464459751,1.17400198021619,0.23897504860571,62.8096812110266
12.7757936507937,0.993034076919632,1.17392896101234,0.238860753998844,62.8102684677856
12.7758928571429,0.992952697401961,1.17385593845268,0.238746513937955,62.8108556673856
12.7759920634921,0.992871325905362,1.17378291254158,0.238632328398111,62.811442809836
12.7760912698413,0.992789962428467,1.17370988328342,0.238518197354399,62.8120298951464
12.7761904761905,0.9927086069699,1.17363685068258,0.238404120781901,62.8126169233263
12.7762896825397,0.992627259528294,1.17356381474344,0.238290098655721,62.8132038943851
12.7763888888889,0.992545920102273,1.17349077547035,0.238176130950958,62.8137908083325
12.7764880952381,0.992464588690472,1.1734177328677,0.238062217642732,62.8143776651778
12.7765873015873,0.992383265291516,1.17334468693985,0.237948358706159,62.8149644649305
12.7766865079365,0.992301949904039,1.17327163769118,0.237834554116375,62.8155512076003
12.7767857142857,0.992220642526668,1.17319858512604,0.237720803848511,62.8161378931964
12.7768849206349,0.992139343158036,1.17312552924881,0.237607107877717,62.8167245217286
12.7769841269841,0.992058051796776,1.17305247006384,0.237493466179151,62.8173110932061
12.7770833333333,0.991976768441516,1.1729794075755,0.237379878727968,62.8178976076385
12.7771825396825,0.991895493090893,1.17290634178815,0.237266345499345,62.8184840650353
12.7772817460317,0.991814225743534,1.17283327270614,0.237152866468455,62.819070465406
12.777380952381,0.991732966398077,1.17276020033384,0.237039441610492,62.81965680876
12.7774801587302,0.991651715053151,1.17268712467559,0.236926070900643,62.8202430951069
12.7775793650794,0.991570471707393,1.17261404573575,0.236812754314118,62.820829324456
12.7776785714286,0.991489236359435,1.17254096351867,0.236699491826124,62.8214154968168
12.7777777777778,0.991408009007914,1.17246787802871,0.236586283411884,62.8220016121989
12.777876984127,0.99132678965146,1.17239478927021,0.236473129046621,62.8225876706117
12.7779761904762,0.991245578288715,1.17232169724751,0.236360028705577,62.8231736720646
12.7780753968254,0.991164374918308,1.17224860196497,0.236246982363989,62.8237596165671
12.7781746031746,0.991083179538881,1.17217550342692,0.236133989997116,62.8243455041287
12.7782738095238,0.991001992149065,1.17210240163772,0.236021051580211,62.8249313347588
12.778373015873,0.9909208127475,1.17202929660169,0.235908167088547,62.8255171084669
12.7784722222222,0.990839641332824,1.17195618832318,0.235795336497403,62.8261028252624
12.7785714285714,0.990758477903671,1.17188307680653,0.235682559782057,62.8266884851548
12.7786706349206,0.990677322458683,1.17180996205607,0.235569836917809,62.8272740881535
12.7787698412698,0.990596174996495,1.17173684407614,0.235457167879952,62.8278596342679
12.778869047619,0.990515035515749,1.17166372287106,0.235344552643804,62.8284451235076
12.7789682539683,0.990433904015081,1.17159059844517,0.235231991184673,62.8290305558819
12.7790674603175,0.990352780493133,1.17151747080281,0.235119483477893,62.8296159314003
12.7791666666667,0.990271664948542,1.17144433994829,0.235007029498791,62.8302012500722
12.7792658730159,0.990190557379952,1.17137120588594,0.234894629222714,62.8307865119071
12.7793650793651,0.990109457786,1.17129806862009,0.234782282625006,62.8313717169144
12.7794642857143,0.990028366165331,1.17122492815506,0.234669989681032,62.8319568651034
12.7795634920635,0.989947282516581,1.17115178449517,0.23455775036615,62.8325419564837
12.7796626984127,0.989866206838399,1.17107863764475,0.234445564655743,62.8331269910647
12.7797619047619,0.98978513912942,1.1710054876081,0.234333432525186,62.8337119688557
12.7798611111111,0.98970407938829,1.17093233438954,0.234221353949872,62.8342968898663
12.7799603174603,0.989623027613655,1.1708591779934,0.234109328905204,62.8348817541058
12.7800595238095,0.989541983804153,1.17078601842399,0.233997357366582,62.8354665615836
12.7801587301587,0.989460947958432,1.17071285568561,0.233885439309428,62.8360513123091
12.7802579365079,0.989379920075132,1.17063968978257,0.233773574709158,62.8366360062918
12.7803571428571,0.989298900152902,1.17056652071919,0.23366176354121,62.8372206435411
12.7804563492064,0.989217888190383,1.17049334849977,0.233550005781017,62.8378052240663
12.7805555555556,0.989136884186224,1.17042017312862,0.233438301404034,62.838389747877
12.7806547619048,0.989055888139068,1.17034699461004,0.233326650385709,62.8389742149824
12.780753968254,0.988974900047563,1.17027381294833,0.233215052701512,62.8395586253919
12.7808531746032,0.988893919910352,1.1702006281478,0.233103508326911,62.8401429791151
12.7809523809524,0.988812947726087,1.17012744021273,0.23299201723739,62.8407272761612
12.7810515873016,0.988731983493411,1.17005424914744,0.232880579408433,62.8413115165397
12.7811507936508,0.988651027210975,1.16998105495621,0.232769194815542,62.8418957002599
12.78125,0.988570078877423,1.16990785764334,0.232657863434215,62.8424798273312
12.7813492063492,0.988489138491406,1.16983465721312,0.232546585239968,62.8430638977631
12.7814484126984,0.988408206051575,1.16976145366985,0.232435360208325,62.8436479115649
12.7815476190476,0.988327281556574,1.1696882470178,0.23232418831481,62.844231868746
12.7816468253968,0.988246365005058,1.16961503726128,0.232213069534965,62.8448157693157
12.781746031746,0.988165456395672,1.16954182440456,0.23210200384433,62.8453996132835
12.7818452380952,0.988084555727071,1.16946860845193,0.231990991218465,62.8459834006587
12.7819444444444,0.988003662997901,1.16939538940767,0.231880031632924,62.8465671314507
12.7820436507936,0.987922778206818,1.16932216727607,0.231769125063285,62.8471508056688
12.7821428571429,0.987841901352469,1.1692489420614,0.231658271485118,62.8477344233225
12.7822420634921,0.987761032433511,1.16917571376795,0.231547470874017,62.848317984421
12.7823412698413,0.98768017144859,1.16910248239998,0.231436723205569,62.8489014889738
12.7824404761905,0.987599318396365,1.16902924796177,0.231326028455382,62.8494849369902
12.7825396825397,0.987518473275484,1.16895601045761,0.231215386599062,62.8500683284796
12.7826388888889,0.987437636084605,1.16888276989175,0.231104797612232,62.8506516634513
12.7827380952381,0.987356806822377,1.16880952626846,0.230994261470515,62.8512349419148
12.7828373015873,0.987275985487456,1.16873627959203,0.230883778149547,62.8518181638792
12.7829365079365,0.987195172078501,1.16866302986671,0.230773347624975,62.852401329354
12.7830357142857,0.98711436659416,1.16858977709676,0.230662969872445,62.8529844383485
12.7831349206349,0.987033569033094,1.16851652128646,0.230552644867621,62.8535674908722
12.7832341269841,0.986952779393955,1.16844326244006,0.230442372586165,62.8541504869342
12.7833333333333,0.986871997675403,1.16837000056183,0.23033215300376,62.854733426544
12.7834325396825,0.98679122387609,1.16829673565603,0.230221986096082,62.8553163097109
12.7835317460317,0.986710457994677,1.1682234677269,0.23011187183883,62.8558991364442
12.783630952381,0.986629700029818,1.16815019677871,0.230001810207699,62.8564819067532
12.7837301587302,0.986548949980174,1.16807692281571,0.229891801178401,62.8570646206474
12.7838293650794,0.9864682078444,1.16800364584215,0.229781844726649,62.857647278136
12.7839285714286,0.986387473621157,1.16793036586229,0.229671940828172,62.8582298792283
12.7840277777778,0.986306747309102,1.16785708288037,0.229562089458697,62.8588124239338
12.784126984127,0.986226028906897,1.16778379690064,0.229452290593972,62.8593949122616
12.7842261904762,0.986145318413197,1.16771050792734,0.229342544209738,62.8599773442211
12.7843253968254,0.986064615826665,1.16763721596473,0.229232850281758,62.8605597198217
12.7844246031746,0.985983921145964,1.16756392101704,0.229123208785798,62.8611420390726
12.7845238095238,0.985903234369749,1.16749062308852,0.229013619697626,62.8617243019831
12.784623015873,0.985822555496687,1.1674173221834,0.22890408299303,62.8623065085627
12.7847222222222,0.985741884525435,1.16734401830592,0.228794598647794,62.8628886588205
12.7848214285714,0.985661221454659,1.16727071146032,0.228685166637721,62.8634707527659
12.7849206349206,0.985580566283017,1.16719740165084,0.228575786938612,62.8640527904082
12.7850198412698,0.985499919009177,1.1671240888817,0.228466459526287,62.8646347717567
12.785119047619,0.985419279631796,1.16705077315714,0.228357184376563,62.8652166968207
12.7852182539683,0.985338648149544,1.1669774544814,0.228247961465275,62.8657985656095
12.7853174603175,0.985258024561079,1.16690413285868,0.228138790768257,62.8663803781324
12.7854166666667,0.98517740886507,1.16683080829323,0.228029672261361,62.8669621343986
12.7855158730159,0.985096801060177,1.16675748078927,0.227920605920437,62.8675438344175
12.7856150793651,0.985016201145071,1.16668415035103,0.227811591721353,62.8681254781984
12.7857142857143,0.984935609118412,1.16661081698271,0.227702629639974,62.8687070657505
12.7858134920635,0.984855024978867,1.16653748068855,0.227593719652184,62.8692885970831
12.7859126984127,0.984774448725107,1.16646414147277,0.227484861733872,62.8698700722056
12.7860119047619,0.984693880355792,1.16639079933957,0.227376055860929,62.8704514911271
12.7861111111111,0.984613319869595,1.16631745429318,0.227267302009264,62.871032853857
12.7862103174603,0.984532767265178,1.16624410633781,0.227158600154783,62.8716141604045
12.7863095238095,0.984452222541213,1.16617075547768,0.227049950273412,62.8721954107789
12.7864087301587,0.984371685696364,1.16609740171698,0.226941352341074,62.8727766049896
12.7865079365079,0.984291156729305,1.16602404505995,0.226832806333711,62.8733577430456
12.7866071428571,0.9842106356387,1.16595068551076,0.226724312227262,62.8739388249564
12.7867063492063,0.984130122423222,1.16587732307365,0.226615869997684,62.8745198507311
12.7868055555556,0.984049617081537,1.16580395775281,0.226507479620935,62.8751008203791
12.7869047619048,0.98396911961232,1.16573058955243,0.226399141072987,62.8756817339096
12.787003968254,0.983888630014236,1.16565721847674,0.226290854329813,62.8762625913319
12.7871031746032,0.983808148285961,1.16558384452991,0.226182619367404,62.8768433926551
12.7872023809524,0.983727674426161,1.16551046771616,0.226074436161746,62.8774241378886
12.7873015873016,0.983647208433512,1.16543708803968,0.225966304688846,62.8780048270416
12.7874007936508,0.983566750306686,1.16536370550465,0.225858224924715,62.8785854601234
12.7875,0.983486300044352,1.16529032011529,0.225750196845366,62.8791660371431
12.7875992063492,0.983405857645187,1.16521693187577,0.22564222042683,62.8797465581101
12.7876984126984,0.98332542310786,1.16514354079029,0.225534295645136,62.8803270230336
12.7877976190476,0.983244996431049,1.16507014686303,0.225426422476331,62.8809074319228
12.7878968253968,0.983164577613424,1.16499675009819,0.225318600896462,62.881487784787
12.787996031746,0.983084166653663,1.16492335049994,0.225210830881591,62.8820680816353
12.7880952380952,0.983003763550437,1.16484994807247,0.225103112407781,62.8826483224771
12.7881944444444,0.982923368302425,1.16477654281997,0.224995445451111,62.8832285073216
12.7882936507937,0.982842980908299,1.16470313474661,0.22488782998766,62.8838086361779
12.7883928571429,0.982762601366739,1.16462972385657,0.224780265993523,62.8843887090553
12.7884920634921,0.982682229676416,1.16455631015403,0.224672753444796,62.884968725963
12.7885912698413,0.982601865836012,1.16448289364316,0.22456529231759,62.8855486869103
12.7886904761905,0.9825215098442,1.16440947432815,0.224457882588016,62.8861285919064
12.7887896825397,0.982441161699658,1.16433605221315,0.2243505242322,62.8867084409604
12.7888888888889,0.982360821401068,1.16426262730234,0.224243217226279,62.8872882340817
12.7889880952381,0.982280488947104,1.16418919959989,0.224135961546384,62.8878679712793
12.7890873015873,0.982200164336447,1.16411576910997,0.224028757168672,62.8884476525626
12.7891865079365,0.982119847567774,1.16404233583675,0.223921604069292,62.8890272779406
12.7892857142857,0.982039538639767,1.16396889978438,0.223814502224415,62.8896068474227
12.7893849206349,0.981959237551102,1.16389546095703,0.223707451610207,62.8901863610181
12.7894841269841,0.981878944300464,1.16382201935887,0.223600452202855,62.8907658187358
12.7895833333333,0.981798658886528,1.16374857499404,0.223493503978543,62.8913452205852
12.7896825396825,0.981718381307981,1.16367512786672,0.223386606913474,62.8919245665754
12.7897817460317,0.981638111563499,1.16360167798104,0.223279760983846,62.8925038567156
12.789880952381,0.981557849651769,1.16352822534118,0.22317296616588,62.893083091015
12.7899801587302,0.981477595571468,1.16345476995128,0.22306622243579,62.8936622694828
12.7900793650794,0.981397349321282,1.1633813118155,0.222959529769812,62.8942413921282
12.7901785714286,0.981317110899891,1.16330785093798,0.22285288814418,62.8948204589604
12.7902777777778,0.98123688030598,1.16323438732287,0.22274629753514,62.8953994699885
12.790376984127,0.981156657538236,1.16316092097432,0.222639757918951,62.8959784252217
12.7904761904762,0.981076442595336,1.16308745189647,0.222533269271869,62.8965573246692
12.7905753968254,0.980996235475971,1.16301398009347,0.22242683157017,62.8971361683402
12.7906746031746,0.980916036178821,1.16294050556946,0.222320444790127,62.8977149562438
12.7907738095238,0.980835844702576,1.16286702832858,0.222214108908033,62.8982936883893
12.790873015873,0.980755661045916,1.16279354837497,0.222107823900176,62.8988723647857
12.7909722222222,0.980675485207532,1.16272006571276,0.222001589742866,62.8994509854423
12.7910714285714,0.980595317186107,1.16264658034609,0.221895406412407,62.9000295503683
12.7911706349206,0.980515156980331,1.1625730922791,0.221789273885126,62.9006080595726
12.7912698412698,0.980435004588887,1.16249960151591,0.221683192137344,62.9011865130647
12.791369047619,0.980354860010467,1.16242610806067,0.221577161145401,62.9017649108535
12.7914682539683,0.980274723243755,1.16235261191748,0.221471180885637,62.9023432529483
12.7915674603175,0.980194594287442,1.16227911309049,0.221365251334409,62.9029215393582
12.7916666666667,0.980114473140215,1.16220561158382,0.22125937246807,62.9034997700923
12.7917658730159,0.980034359800764,1.16213210740159,0.221153544262993,62.9040779451598
12.7918650793651,0.97995425426778,1.16205860054793,0.221047766695557,62.9046560645699
12.7919642857143,0.97987415653995,1.16198509102696,0.220942039742139,62.9052341283317
12.7920634920635,0.979794066615967,1.16191157884279,0.22083636337914,62.9058121364542
12.7921626984127,0.979713984494519,1.16183806399955,0.220730737582953,62.9063900889468
12.7922619047619,0.979633910174299,1.16176454650134,0.220625162329993,62.9069679858184
12.7923611111111,0.979553843653997,1.1616910263523,0.220519637596672,62.9075458270784
12.7924603174603,0.979473784932307,1.16161750355652,0.220414163359421,62.9081236127356
12.7925595238095,0.979393734007918,1.16154397811811,0.220308739594668,62.9087013427994
12.7926587301587,0.979313690879527,1.1614704500412,0.220203366278859,62.9092790172788
12.7927579365079,0.979233655545822,1.16139691932989,0.220098043388438,62.9098566361829
12.7928571428571,0.9791536280055,1.16132338598828,0.21999277089987,62.9104341995209
12.7929563492063,0.979073608257252,1.16124985002048,0.219887548789615,62.911011707302
12.7930555555556,0.978993596299776,1.16117631143059,0.219782377034151,62.9115891595351
12.7931547619048,0.978913592131762,1.16110277022271,0.219677255609957,62.9121665562294
12.793253968254,0.978833595751907,1.16102922640095,0.219572184493525,62.9127438973942
12.7933531746032,0.978753607158908,1.1609556799694,0.219467163661356,62.9133211830383
12.7934523809524,0.978673626351458,1.16088213093216,0.219362193089952,62.913898413171
12.7935515873016,0.978593653328256,1.16080857929332,0.219257272755833,62.9144755878014
12.7936507936508,0.978513688087994,1.16073502505699,0.219152402635516,62.9150527069386
12.79375,0.978433730629374,1.16066146822724,0.219047582705539,62.9156297705916
12.7938492063492,0.978353780951088,1.16058790880818,0.218942812942435,62.9162067787697
12.7939484126984,0.97827383905184,1.16051434680389,0.218838093322757,62.9167837314818
12.7940476190476,0.978193904930321,1.16044078221845,0.218733423823054,62.9173606287371
12.7941468253968,0.978113978585235,1.16036721505596,0.218628804419898,62.9179374705446
12.794246031746,0.978034060015277,1.16029364532049,0.218524235089852,62.9185142569135
12.7943452380952,0.97795414921915,1.16022007301614,0.218419715809504,62.9190909878529
12.7944444444444,0.977874246195549,1.16014649814697,0.218315246555436,62.9196676633717
12.7945436507936,0.977794350943178,1.16007292071708,0.21821082730425,62.9202442834792
12.7946428571429,0.977714463460734,1.15999934073053,0.218106458032545,62.9208208481844
12.7947420634921,0.97763458374692,1.15992575819141,0.218002138716935,62.9213973574964
12.7948412698413,0.977554711800438,1.15985217310379,0.217897869334046,62.9219738114243
12.7949404761905,0.977474847619986,1.15977858547173,0.217793649860499,62.922550209977
12.7950396825397,0.97739499120427,1.15970499529932,0.217689480272938,62.9231265531638
12.7951388888889,0.977315142551988,1.15963140259063,0.217585360548002,62.9237028409937
12.7952380952381,0.977235301661847,1.15955780734971,0.21748129066235,62.9242790734757
12.7953373015873,0.977155468532546,1.15948420958064,0.217377270592639,62.9248552506189
12.7954365079365,0.977075643162792,1.15941060928748,0.217273300315543,62.9254313724323
12.7955357142857,0.976995825551286,1.1593370064743,0.217169379807735,62.9260074389252
12.7956349206349,0.976916015696734,1.15926340114516,0.217065509045906,62.9265834501064
12.7957341269841,0.976836213597839,1.15918979330411,0.216961688006744,62.9271594059851
12.7958333333333,0.976756419253309,1.15911618295522,0.216857916666958,62.9277353065702
12.7959325396825,0.976676632661846,1.15904257010254,0.216754195003252,62.928311151871
12.7960317460317,0.976596853822158,1.15896895475012,0.216650522992351,62.9288869418963
12.796130952381,0.976517082732949,1.15889533690203,0.216546900610975,62.9294626766553
12.7962301587302,0.976437319392926,1.15882171656231,0.216443327835862,62.9300383561571
12.7963293650794,0.9763575638008,1.15874809373502,0.216339804643758,62.9306139804105
12.7964285714286,0.976277815955272,1.1586744684242,0.216236331011409,62.9311895494248
12.7965277777778,0.976198075855056,1.1586008406339,0.216132906915579,62.9317650632089
12.796626984127,0.976118343498854,1.15852721036816,0.21602953233303,62.9323405217718
12.7967261904762,0.97603861888538,1.15845357763104,0.215926207240543,62.9329159251227
12.7968253968254,0.975958902013337,1.15837994242656,0.215822931614896,62.9334912732705
12.7969246031746,0.975879192881441,1.15830630475878,0.215719705432888,62.9340665662242
12.7970238095238,0.975799491488395,1.15823266463173,0.215616528671311,62.934641803993
12.797123015873,0.975719797832915,1.15815902204946,0.215513401306981,62.9352169865857
12.7972222222222,0.975640111913706,1.15808537701598,0.215410323316707,62.9357921140116
12.7973214285714,0.975560433729484,1.15801172953535,0.215307294677321,62.9363671862794
12.7974206349206,0.975480763278955,1.15793807961159,0.215204315365647,62.9369422033984
12.7975198412698,0.975401100560836,1.15786442724874,0.215101385358534,62.9375171653774
12.797619047619,0.975321445573833,1.15779077245082,0.214998504632825,62.9380920722256
12.7977182539683,0.975241798316662,1.15771711522186,0.214895673165378,62.9386669239518
12.7978174603175,0.975162158788038,1.15764345556589,0.214792890933063,62.9392417205652
12.7979166666667,0.975082526986668,1.15756979348693,0.214690157912746,62.9398164620748
12.7980158730159,0.975002902911272,1.15749612898901,0.214587474081315,62.9403911484895
12.7981150793651,0.974923286560558,1.15742246207615,0.214484839415655,62.9409657798183
12.7982142857143,0.974843677933245,1.15734879275237,0.214382253892668,62.9415403560703
12.7983134920635,0.974764077028044,1.15727512102168,0.214279717489254,62.9421148772545
12.7984126984127,0.974684483843674,1.15720144688811,0.214177230182334,62.9426893433798
12.7985119047619,0.974604898378846,1.15712777035567,0.214074791948823,62.9432637544552
12.7986111111111,0.974525320632281,1.15705409142836,0.213972402765659,62.9438381104897
12.7987103174603,0.974445750602689,1.15698041011022,0.213870062609773,62.9444124114924
12.7988095238095,0.974366188288793,1.15690672640523,0.213767771458119,62.9449866574722
12.7989087301587,0.974286633689304,1.15683304031742,0.213665529287644,62.945560848438
12.7990079365079,0.974207086802945,1.1567593518508,0.213563336075319,62.946134984399
12.7991071428571,0.974127547628429,1.15668566100935,0.213461191798107,62.9467090653639
12.7992063492064,0.974048016164476,1.1566119677971,0.213359096432992,62.947283091342
12.7993055555556,0.973968492409807,1.15653827221804,0.213257049956964,62.947857062342
12.7994047619048,0.973888976363137,1.15646457427617,0.213155052347011,62.948430978373
12.799503968254,0.973809468023188,1.1563908739755,0.213053103580145,62.949004839444
12.7996031746032,0.973729967388678,1.15631717132002,0.21295120363337,62.9495786455638
12.7997023809524,0.97365047445833,1.15624346631372,0.212849352483713,62.9501523967416
12.7998015873016,0.97357098923086,1.1561697589606,0.212747550108196,62.9507260929862
12.7999007936508,0.973491511704993,1.15609604926466,0.21264579648386,62.9512997343066
12.8,0.973412041879447,1.15602233722988,0.212544091587746,62.9518733207118
12.8000992063492,0.973332579752947,1.15594862286025,0.21244243539691,62.9524468522108
12.8001984126984,0.973253125324211,1.15587490615977,0.212340827888408,62.9530203288124
12.8002976190476,0.973173678591966,1.15580118713242,0.212239269039315,62.9535937505256
12.8003968253968,0.97309423955493,1.15572746578217,0.212137758826701,62.9541671173595
12.800496031746,0.973014808211831,1.15565374211303,0.212036297227657,62.9547404293229
12.8005952380952,0.972935384561388,1.15558001612896,0.211934884219272,62.9553136864247
12.8006944444444,0.972855968602328,1.15550628783395,0.21183351977865,62.9558868886741
12.8007936507937,0.972776560333376,1.15543255723198,0.211732203882902,62.9564600360797
12.8008928571429,0.972697159753253,1.15535882432701,0.211630936509141,62.9570331286507
12.8009920634921,0.972617766860689,1.15528508912304,0.211529717634499,62.9576061663959
12.8010912698413,0.972538381654405,1.15521135162403,0.211428547236104,62.9581791493243
12.8011904761905,0.972459004133131,1.15513761183395,0.211327425291103,62.9587520774449
12.8012896825397,0.972379634295589,1.15506386975678,0.211226351776641,62.9593249507664
12.8013888888889,0.97230027214051,1.15499012539648,0.211125326669883,62.959897769298
12.8014880952381,0.972220917666617,1.15491637875701,0.21102434994799,62.9604705330484
12.8015873015873,0.972141570872642,1.15484262984236,0.210923421588141,62.9610432420267
12.8016865079365,0.972062231757308,1.15476887865647,0.210822541567514,62.9616158962417
12.8017857142857,0.971982900319347,1.15469512520331,0.210721709863306,62.9621884957024
12.8018849206349,0.971903576557484,1.15462136948684,0.210620926452711,62.9627610404177
12.8019841269841,0.971824260470453,1.15454761151103,0.210520191312941,62.9633335303964
12.8020833333333,0.971744952056978,1.15447385127983,0.210419504421206,62.9639059656476
12.8021825396825,0.971665651315792,1.15440008879718,0.210318865754732,62.9644783461801
12.8022817460317,0.971586358245626,1.15432632406706,0.210218275290755,62.9650506720028
12.802380952381,0.971507072845207,1.15425255709341,0.210117733006509,62.9656229431246
12.8024801587302,0.97142779511327,1.15417878788019,0.210017238879247,62.9661951595545
12.8025793650794,0.971348525048543,1.15410501643133,0.209916792886219,62.9667673213013
12.8026785714286,0.971269262649761,1.1540312427508,0.209816395004697,62.9673394283739
12.8027777777778,0.971190007915652,1.15395746684253,0.209716045211946,62.9679114807813
12.802876984127,0.971110760844953,1.15388368871047,0.209615743485254,62.9684834785323
12.8029761904762,0.971031521436392,1.15380990835856,0.209515489801902,62.9690554216359
12.8030753968254,0.970952289688707,1.15373612579076,0.209415284139195,62.9696273101008
12.8031746031746,0.970873065600628,1.15366234101098,0.209315126474431,62.970199143936
12.8032738095238,0.970793849170892,1.15358855402319,0.209215016784929,62.9707709231504
12.803373015873,0.97071464039823,1.1535147648313,0.209114955048005,62.9713426477529
12.8034722222222,0.970635439281382,1.15344097343925,0.209014941240994,62.9719143177523
12.8035714285714,0.970556245819077,1.15336717985099,0.208914975341229,62.9724859331575
12.8036706349206,0.970477060010054,1.15329338407043,0.208815057326057,62.9730574939774
12.8037698412698,0.97039788185305,1.15321958610152,0.208715187172836,62.9736290002209
12.803869047619,0.970318711346799,1.15314578594818,0.208615364858923,62.9742004518969
12.8039682539683,0.97023954849004,1.15307198361433,0.208515590361692,62.9747718490141
12.8040674603175,0.970160393281507,1.15299817910391,0.208415863658518,62.9753431915816
12.8041666666667,0.970081245719942,1.15292437242083,0.208316184726792,62.9759144796081
12.8042658730159,0.970002105804078,1.15285056356902,0.208216553543903,62.9764857131024
12.8043650793651,0.969922973532658,1.1527767525524,0.208116970087259,62.9770568920736
12.8044642857143,0.969843848904416,1.15270293937489,0.208017434334267,62.9776280165304
12.8045634920635,0.969764731918096,1.15262912404041,0.207917946262351,62.9781990864816
12.8046626984127,0.969685622572432,1.15255530655286,0.207818505848932,62.9787701019362
12.8047619047619,0.96960652086617,1.15248148691617,0.207719113071452,62.979341062903
12.8048611111111,0.969527426798044,1.15240766513425,0.207619767907349,62.9799119693908
12.8049603174603,0.9694483403668,1.15233384121101,0.20752047033408,62.9804828214085
12.8050595238095,0.969369261571175,1.15226001515035,0.207421220329099,62.981053618965
12.8051587301587,0.969290190409912,1.15218618695619,0.207322017869878,62.981624362069
12.8052579365079,0.969211126881755,1.15211235663244,0.207222862933895,62.9821950507294
12.8053571428571,0.969132070985442,1.15203852418299,0.207123755498628,62.982765684955
12.8054563492063,0.969053022719719,1.15196468961175,0.207024695541577,62.9833362647547
12.8055555555556,0.968973982083327,1.15189085292263,0.206925683040236,62.9839067901374
12.8056547619048,0.968894949075011,1.15181701411951,0.206826717972119,62.9844772611118
12.805753968254,0.968815923693512,1.15174317320631,0.206727800314738,62.9850476776868
12.8058531746032,0.968736905937577,1.15166933018691,0.206628930045624,62.9856180398711
12.8059523809524,0.968657895805949,1.15159548506521,0.206530107142303,62.9861883476737
12.8060515873016,0.968578893297374,1.15152163784511,0.206431331582324,62.9867586011033
12.8061507936508,0.968499898410595,1.15144778853049,0.20633260334323,62.9873288001688
12.80625,0.968420911144361,1.15137393712525,0.206233922402584,62.987898944879
12.8063492063492,0.968341931497414,1.15130008363328,0.206135288737946,62.9884690352427
12.8064484126984,0.968262959468505,1.15122622805846,0.206036702326896,62.9890390712687
12.8065476190476,0.968183995056376,1.15115237040467,0.205938163147011,62.9896090529658
12.8066468253968,0.968105038259777,1.15107851067581,0.205839671175884,62.9901789803429
12.806746031746,0.968026089077458,1.15100464887575,0.205741226391115,62.9907488534086
12.8068452380952,0.967947147508162,1.15093078500837,0.205642828770306,62.991318672172
12.8069444444444,0.967868213550642,1.15085691907756,0.205544478291077,62.9918884366416
12.8070436507937,0.967789287203642,1.15078305108719,0.205446174931045,62.9924581468264
12.8071428571429,0.967710368465916,1.15070918104113,0.205347918667848,62.9930278027351
12.8072420634921,0.967631457336208,1.15063530894327,0.205249709479117,62.9935974043766
12.8073412698413,0.967552553813275,1.15056143479746,0.205151547342507,62.9941669517596
12.8074404761905,0.96747365789586,1.15048755860759,0.205053432235667,62.9947364448929
12.8075396825397,0.96739476958272,1.15041368037753,0.204955364136266,62.9953058837853
12.8076388888889,0.967315888872601,1.15033980011114,0.20485734302197,62.9958752684456
12.8077380952381,0.967237015764259,1.15026591781228,0.204759368870465,62.9964445988826
12.8078373015873,0.967158150256441,1.15019203348482,0.204661441659434,62.997013875105
12.8079365079365,0.967079292347904,1.15011814713263,0.204563561366577,62.9975830971216
12.8080357142857,0.967000442037397,1.15004425875957,0.204465727969595,62.9981522649413
12.8081349206349,0.966921599323674,1.14997036836949,0.204367941446201,62.9987213785727
12.8082341269841,0.966842764205491,1.14989647596625,0.20427020177412,62.9992904380247
12.8083333333333,0.966763936681598,1.14982258155372,0.204172508931074,62.999859443306
12.8084325396825,0.966685116750753,1.14974868513574,0.204074862894806,63.0004283944254
12.8085317460317,0.966606304411707,1.14967478671617,0.203977263643056,63.0009972913917
12.808630952381,0.966527499663218,1.14960088629886,0.203879711153581,63.0015661342136
12.8087301587302,0.966448702504037,1.14952698388766,0.203782205404139,63.0021349228998
12.8088293650794,0.966369912932926,1.14945307948642,0.203684746372504,63.0027036574592
12.8089285714286,0.966291130948635,1.14937917309898,0.203587334036449,63.0032723379005
12.8090277777778,0.966212356549925,1.1493052647292,0.203489968373763,63.0038409642324
12.809126984127,0.96613358973555,1.14923135438091,0.203392649362237,63.0044095364638
12.8092261904762,0.96605483050427,1.14915744205796,0.203295376979676,63.0049780546032
12.8093253968254,0.965976078854839,1.14908352776418,0.203198151203887,63.0055465186596
12.8094246031746,0.965897334786019,1.14900961150342,0.203100972012693,63.0061149286416
12.8095238095238,0.965818598296565,1.14893569327952,0.203003839383915,63.006683284558
12.809623015873,0.965739869385238,1.1488617730963,0.202906753295391,63.0072515864176
12.8097222222222,0.965661148050798,1.14878785095761,0.202809713724965,63.007819834229
12.8098214285714,0.965582434292001,1.14871392686728,0.202712720650484,63.0083880280009
12.8099206349206,0.965503728107612,1.14864000082913,0.202615774049812,63.0089561677423
12.8100198412698,0.965425029496387,1.148566072847,0.202518873900811,63.0095242534616
12.810119047619,0.96534633845709,1.14849214292471,0.202422020181361,63.0100922851678
12.8102182539683,0.965267654988479,1.14841821106609,0.202325212869342,63.0106602628695
12.8103174603175,0.965188979089319,1.14834427727497,0.202228451942649,63.0112281865754
12.8104166666667,0.965110310758368,1.14827034155516,0.202131737379177,63.0117960562943
12.8105158730159,0.965031649994393,1.14819640391049,0.20203506915684,63.0123638720349
12.8106150793651,0.964952996796152,1.14812246434478,0.201938447253548,63.0129316338059
12.8107142857143,0.964874351162413,1.14804852286185,0.201841871647232,63.013499341616
12.8108134920635,0.964795713091934,1.14797457946551,0.201745342315817,63.0140669954739
12.8109126984127,0.964717082583484,1.14790063415958,0.201648859237251,63.0146345953884
12.8110119047619,0.964638459635823,1.14782668694786,0.201552422389476,63.0152021413681
12.8111111111111,0.964559844247717,1.14775273783418,0.201456031750452,63.0157696334218
12.8112103174603,0.964481236417934,1.14767878682235,0.201359687298146,63.0163370715581
12.8113095238095,0.964402636145235,1.14760483391616,0.201263389010527,63.0169044557858
12.8114087301587,0.964324043428391,1.14753087911943,0.201167136865581,63.0174717861136
12.8115079365079,0.964245458266162,1.14745692243597,0.201070930841293,63.0180390625501
12.8116071428571,0.96416688065732,1.14738296386957,0.200974770915664,63.0186062851041
12.8117063492064,0.964088310600627,1.14730900342404,0.200878657066696,63.0191734537842
12.8118055555556,0.964009748094856,1.14723504110318,0.200782589272408,63.0197405685992
12.8119047619048,0.96393119313877,1.14716107691078,0.200686567510816,63.0203076295577
12.812003968254,0.96385264573114,1.14708711085066,0.200590591759956,63.0208746366684
12.8121031746032,0.963774105870732,1.14701314292659,0.200494661997861,63.02144158994
12.8122023809524,0.963695573556318,1.14693917314238,0.200398778202583,63.0220084893812
12.8123015873016,0.963617048786664,1.14686520150182,0.20030294035217,63.0225753350006
12.8124007936508,0.963538531560544,1.14679122800869,0.200207148424692,63.023142126807
12.8125,0.963460021876722,1.14671725266679,0.200111402398214,63.023708864809
12.8125992063492,0.963381519733973,1.14664327547991,0.200015702250818,63.0242755490152
12.8126984126984,0.963303025131068,1.14656929645183,0.199920047960592,63.0248421794344
12.8127976190476,0.963224538066776,1.14649531558633,0.199824439505628,63.0254087560753
12.8128968253968,0.963146058539871,1.1464213328872,0.199728876864035,63.0259752789464
12.812996031746,0.963067586549122,1.14634734835822,0.199633360013917,63.0265417480564
12.8130952380952,0.962989122093305,1.14627336200317,0.199537888933402,63.0271081634141
12.8131944444444,0.962910665171188,1.14619937382583,0.199442463600611,63.027674525028
12.8132936507936,0.96283221578155,1.14612538382997,0.199347083993685,63.0282408329069
12.8133928571429,0.962753773923159,1.14605139201937,0.199251750090765,63.0288070870593
12.8134920634921,0.962675339594794,1.1459773983978,0.199156461870006,63.029373287494
12.8135912698413,0.962596912795225,1.14590340296903,0.199061219309565,63.0299394342195
12.8136904761905,0.96251849352323,1.14582940573684,0.198966022387616,63.0305055272446
12.8137896825397,0.962440081777581,1.14575540670498,0.198870871082329,63.0310715665779
12.8138888888889,0.962361677557058,1.14568140587724,0.198775765371897,63.0316375522279
12.8139880952381,0.962283280860431,1.14560740325736,0.198680705234505,63.0322034842034
12.8140873015873,0.962204891686479,1.14553339884913,0.198585690648358,63.0327693625131
12.8141865079365,0.962126510033982,1.14545939265629,0.198490721591669,63.0333351871654
12.8142857142857,0.962048135901712,1.14538538468262,0.198395798042649,63.0339009581691
12.8143849206349,0.961969769288451,1.14531137493186,0.198300919979529,63.0344666755328
12.8144841269841,0.961891410192971,1.14523736340777,0.198206087380538,63.0350323392652
12.8145833333333,0.961813058614057,1.14516335011412,0.198111300223924,63.0355979493747
12.8146825396825,0.961734714550481,1.14508933505465,0.198016558487931,63.0361635058702
12.8147817460317,0.961656378001028,1.14501531823312,0.197921862150822,63.0367290087602
12.814880952381,0.961578048964472,1.14494129965327,0.19782721119086,63.0372944580533
12.8149801587302,0.961499727439597,1.14486727931887,0.197732605586323,63.0378598537581
12.8150793650794,0.96142141342518,1.14479325723364,0.197638045315489,63.0384251958833
12.8151785714286,0.961343106920005,1.14471923340135,0.197543530356655,63.0389904844374
12.8152777777778,0.961264807922849,1.14464520782573,0.197449060688114,63.0395557194292
12.815376984127,0.961186516432497,1.14457118051053,0.197354636288178,63.0401209008671
12.8154761904762,0.961108232447727,1.14449715145949,0.197260257135158,63.0406860287598
12.8155753968254,0.961029955967323,1.14442312067635,0.19716592320738,63.0412511031159
12.8156746031746,0.960951686990069,1.14434908816484,0.197071634483178,63.041816123944
12.8157738095238,0.960873425514745,1.1442750539287,0.196977390940886,63.0423810912528
12.815873015873,0.960795171540137,1.14420101797167,0.196883192558858,63.0429460050507
12.8159722222222,0.960716925065026,1.14412698029748,0.196789039315445,63.0435108653464
12.8160714285714,0.960638686088199,1.14405294090987,0.196694931189015,63.0440756721485
12.8161706349206,0.960560454608436,1.14397889981255,0.196600868157936,63.0446404254656
12.8162698412698,0.960482230624527,1.14390485700927,0.196506850200594,63.0452051253062
12.816369047619,0.960404014135253,1.14383081250374,0.196412877295373,63.0457697716791
12.8164682539683,0.960325805139403,1.14375676629969,0.196318949420673,63.0463343645926
12.8165674603175,0.960247603635759,1.14368271840085,0.196225066554896,63.0468989040555
12.8166666666667,0.960169409623111,1.14360866881093,0.196131228676459,63.0474633900762
12.8167658730159,0.960091223100243,1.14353461753367,0.196037435763778,63.0480278226635
12.8168650793651,0.960013044065945,1.14346056457276,0.195943687795288,63.0485922018258
12.8169642857143,0.959934872519001,1.14338650993194,0.195849984749421,63.0491565275717
12.8170634920635,0.959856708458201,1.14331245361492,0.195756326604625,63.0497207999098
12.8171626984127,0.959778551882335,1.14323839562542,0.195662713339357,63.0502850188487
12.8172619047619,0.959700402790188,1.14316433596713,0.195569144932075,63.0508491843969
12.8173611111111,0.959622261180553,1.14309027464379,0.195475621361251,63.051413296563
12.8174603174603,0.959544127052215,1.14301621165908,0.195382142605361,63.0519773553556
12.8175595238095,0.959466000403968,1.14294214701673,0.195288708642896,63.0525413607832
12.8176587301587,0.959387881234598,1.14286808072044,0.195195319452344,63.0531053128543
12.8177579365079,0.9593097695429,1.14279401277391,0.195101975012215,63.0536692115776
12.8178571428571,0.959231665327661,1.14271994318084,0.195008675301013,63.0542330569616
12.8179563492063,0.959153568587677,1.14264587194495,0.194915420297262,63.0547968490147
12.8180555555556,0.959075479321734,1.14257179906991,0.194822209979486,63.0553605877457
12.8181547619048,0.95899739752863,1.14249772455944,0.194729044326223,63.055924273163
12.818253968254,0.958919323207153,1.14242364841723,0.194635923316013,63.0564879052751
12.8183531746032,0.958841256356099,1.14234957064697,0.194542846927412,63.0570514840907
12.8184523809524,0.958763196974259,1.14227549125236,0.194449815138975,63.0576150096182
12.8185515873016,0.958685145060427,1.14220141023708,0.194356827929272,63.0581784818662
12.8186507936508,0.9586071006134,1.14212732760484,0.194263885276882,63.0587419008432
12.81875,0.958529063631968,1.14205324335931,0.194170987160384,63.0593052665578
12.8188492063492,0.958451034114931,1.14197915750419,0.194078133558375,63.0598685790184
12.8189484126984,0.958373012061079,1.14190507004315,0.19398532444945,63.0604318382336
12.8190476190476,0.958294997469212,1.14183098097989,0.193892559812224,63.060995044212
12.8191468253968,0.958216990338122,1.14175689031808,0.193799839625308,63.061558196962
12.819246031746,0.95813899066661,1.14168279806141,0.193707163867332,63.0621212964922
12.8193452380952,0.958060998453469,1.14160870421354,0.193614532516924,63.0626843428111
12.8194444444444,0.957983013697498,1.14153460877817,0.19352194555273,63.0632473359272
12.8195436507937,0.957905036397493,1.14146051175896,0.193429402953394,63.063810275849
12.8196428571429,0.957827066552256,1.14138641315959,0.19333690469758,63.0643731625851
12.8197420634921,0.957749104160579,1.14131231298373,0.193244450763947,63.0649359961439
12.8198412698413,0.957671149221267,1.14123821123505,0.193152041131175,63.0654987765339
12.8199404761905,0.957593201733115,1.14116410791722,0.19305967577794,63.0660615037637
12.8200396825397,0.957515261694923,1.14109000303391,0.192967354682936,63.0666241778418
12.8201388888889,0.957437329105494,1.14101589658878,0.192875077824862,63.0671867987767
12.8202380952381,0.957359403963624,1.1409417885855,0.19278284518242,63.0677493665768
12.8203373015873,0.957281486268118,1.14086767902774,0.192690656734329,63.0683118812506
12.8204365079365,0.957203576017772,1.14079356791914,0.192598512459308,63.0688743428067
12.8205357142857,0.957125673211393,1.14071945526338,0.192506412336092,63.0694367512535
12.8206349206349,0.957047777847778,1.1406453410641,0.192414356343415,63.0699991065996
12.8207341269841,0.956969889925734,1.14057122532497,0.19232234446003,63.0705614088534
12.8208333333333,0.956892009444058,1.14049710804963,0.192230376664686,63.0711236580233
12.8209325396825,0.956814136401559,1.14042298924175,0.192138452936151,63.071685854118
12.8210317460317,0.956736270797035,1.14034886890498,0.192046573253193,63.0722479971458
12.821130952381,0.956658412629294,1.14027474704296,0.191954737594596,63.0728100871153
12.8212301587302,0.956580561897136,1.14020062365933,0.191862945939143,63.0733721240348
12.8213293650794,0.956502718599371,1.14012649875776,0.191771198265635,63.073934107913
12.8214285714286,0.956424882734798,1.14005237234188,0.191679494552871,63.0744960387582
12.8215277777778,0.956347054302225,1.13997824441534,0.191587834779666,63.075057916579
12.821626984127,0.956269233300461,1.13990411498177,0.191496218924842,63.0756197413837
12.8217261904762,0.956191419728306,1.13982998404483,0.191404646967224,63.0761815131809
12.8218253968254,0.956113613584572,1.13975585160814,0.191313118885653,63.076743231979
12.8219246031746,0.956035814868061,1.13968171767534,0.191221634658969,63.0773048977865
12.8220238095238,0.955958023577585,1.13960758225008,0.19113019426603,63.0778665106118
12.822123015873,0.955880239711947,1.13953344533598,0.191038797685692,63.0784280704635
12.8222222222222,0.95580246326996,1.13945930693667,0.19094744489683,63.0789895773498
12.8223214285714,0.955724694250427,1.13938516705579,0.190856135878315,63.0795510312794
12.8224206349206,0.955646932652162,1.13931102569696,0.190764870609039,63.0801124322606
12.8225198412698,0.95556917847397,1.13923688286382,0.190673649067891,63.0806737803019
12.822619047619,0.955491431714664,1.13916273855998,0.190582471233776,63.0812350754117
12.8227182539683,0.955413692373051,1.13908859278907,0.190491337085601,63.0817963175985
12.8228174603175,0.955335960447944,1.13901444555473,0.190400246602287,63.0823575068707
12.8229166666667,0.955258235938151,1.13894029686055,0.190309199762758,63.0829186432368
12.8230158730159,0.955180518842484,1.13886614671017,0.19021819654595,63.0834797267052
12.8231150793651,0.955102809159758,1.1387919951072,0.190127236930807,63.0840407572843
12.8232142857143,0.955025106888779,1.13871784205526,0.190036320896276,63.0846017349825
12.8233134920635,0.954947412028366,1.13864368755797,0.189945448421321,63.0851626598083
12.8234126984127,0.954869724577325,1.13856953161892,0.189854619484903,63.0857235317701
12.8235119047619,0.954792044534474,1.13849537424175,0.189763834066003,63.0862843508763
12.8236111111111,0.954714371898623,1.13842121543006,0.1896730921436,63.0868451171354
12.8237103174603,0.95463670666859,1.13834705518745,0.189582393696689,63.0874058305557
12.8238095238095,0.954559048843184,1.13827289351752,0.189491738704266,63.0879664911458
12.8239087301587,0.954481398421225,1.1381987304239,0.189401127145342,63.0885270989139
12.8240079365079,0.954403755401523,1.13812456591018,0.18931055899893,63.0890876538685
12.8241071428571,0.954326119782897,1.13805039997996,0.189220034244059,63.0896481560181
12.8242063492063,0.954248491564161,1.13797623263684,0.189129552859755,63.0902086053709
12.8243055555556,0.954170870744133,1.13790206388442,0.189039114825064,63.0907690019355
12.8244047619048,0.954093257321626,1.13782789372629,0.188948720119029,63.0913293457203
12.824503968254,0.95401565129546,1.13775372216606,0.18885836872071,63.0918896367336
12.8246031746032,0.953938052664453,1.13767954920731,0.188768060609174,63.0924498749838
12.8247023809524,0.95386046142742,1.13760537485365,0.188677795763489,63.0930100604793
12.8248015873016,0.953782877583182,1.13753119910865,0.188587574162741,63.0935701932286
12.8249007936508,0.953705301130554,1.1374570219759,0.188497395786015,63.0941302732399
12.825,0.953627732068359,1.13738284345901,0.188407260612413,63.0946903005218
12.8250992063492,0.953550170395412,1.13730866356154,0.188317168621035,63.0952502750826
12.8251984126984,0.953472616110537,1.13723448228709,0.188227119791,63.0958101969306
12.8252976190476,0.95339506921255,1.13716029963923,0.188137114101425,63.0963700660744
12.8253968253968,0.953317529700275,1.13708611562155,0.188047151531445,63.0969298825221
12.825496031746,0.953239997572529,1.13701193023763,0.187957232060193,63.0974896462823
12.8255952380952,0.953162472828138,1.13693774349104,0.187867355666821,63.0980493573632
12.8256944444444,0.953084955465918,1.13686355538536,0.187777522330478,63.0986090157734
12.8257936507936,0.953007445484697,1.13678936592417,0.187687732030331,63.099168621521
12.8258928571429,0.952929942883291,1.13671517511104,0.187597984745546,63.0997281746146
12.8259920634921,0.952852447660527,1.13664098294953,0.187508280455306,63.1002876750625
12.8260912698413,0.952774959815229,1.13656678944322,0.187418619138798,63.100847122873
12.8261904761905,0.952697479346217,1.13649259459568,0.187329000775214,63.1014065180545
12.8262896825397,0.952620006252318,1.13641839841047,0.187239425343762,63.1019658606153
12.8263888888889,0.952542540532354,1.13634420089116,0.187149892823647,63.1025251505639
12.8264880952381,0.952465082185152,1.13627000204132,0.187060403194096,63.1030843879086
12.8265873015873,0.952387631209534,1.13619580186449,0.18697095643433,63.1036435726576
12.8266865079365,0.952310187604329,1.13612160036425,0.186881552523591,63.1042027048195
12.8267857142857,0.952232751368359,1.13604739754414,0.186792191441118,63.1047617844025
12.8268849206349,0.952155322500455,1.13597319340774,0.186702873166167,63.1053208114149
12.8269841269841,0.952077900999439,1.13589898795859,0.186613597677995,63.1058797858652
12.8270833333333,0.952000486864142,1.13582478120025,0.186524364955874,63.1064387077617
12.8271825396825,0.951923080093387,1.13575057313626,0.186435174979077,63.1069975771126
12.8272817460317,0.951845680686007,1.13567636377018,0.186346027726893,63.1075563939264
12.827380952381,0.951768288640825,1.13560215310556,0.18625692317861,63.1081151582113
12.8274801587302,0.951690903956672,1.13552794114595,0.186167861313531,63.1086738699758
12.8275793650794,0.951613526632379,1.13545372789489,0.18607884211097,63.1092325292281
12.8276785714286,0.951536156666771,1.13537951335592,0.185989865550237,63.1097911359766
12.8277777777778,0.951458794058683,1.13530529753259,0.185900931610663,63.1103496902295
12.827876984127,0.951381438806939,1.13523108042844,0.185812040271578,63.1109081919953
12.8279761904762,0.951304090910376,1.135156862047,0.185723191512327,63.1114666412821
12.8280753968254,0.951226750367819,1.13508264239182,0.185634385312257,63.1120250380985
12.8281746031746,0.951149417178104,1.13500842146643,0.185545621650729,63.1125833824526
12.8282738095238,0.951072091340058,1.13493419927437,0.185456900507106,63.1131416743528
12.828373015873,0.950994772852519,1.13485997581916,0.185368221860766,63.1136999138074
12.8284722222222,0.950917461714313,1.13478575110434,0.185279585691088,63.1142581008248
12.8285714285714,0.950840157924278,1.13471152513344,0.185190991977467,63.1148162354131
12.8286706349206,0.950762861481244,1.13463729790999,0.185102440699296,63.1153743175808
12.8287698412698,0.950685572384047,1.13456306943751,0.185013931835989,63.115932347336
12.828869047619,0.950608290631518,1.13448883971952,0.184925465366954,63.1164903246873
12.8289682539683,0.950531016222493,1.13441460875956,0.184837041271619,63.1170482496427
12.8290674603175,0.950453749155809,1.13434037656114,0.184748659529416,63.1176061222107
12.8291666666667,0.950376489430297,1.13426614312778,0.18466032011978,63.1181639423995
12.8292658730159,0.950299237044797,1.13419190846301,0.184572023022165,63.1187217102174
12.8293650793651,0.95022199199814,1.13411767257033,0.18448376821602,63.1192794256726
12.8294642857143,0.950144754289168,1.13404343545326,0.184395555680816,63.1198370887736
12.8295634920635,0.950067523916712,1.13396919711532,0.184307385396019,63.1203946995286
12.8296626984127,0.949990300879613,1.13389495756002,0.184219257341114,63.1209522579458
12.8297619047619,0.949913085176706,1.13382071679086,0.184131171495585,63.1215097640335
12.8298611111111,0.949835876806832,1.13374647481136,0.184043127838934,63.1220672178001
12.8299603174603,0.949758675768825,1.13367223162503,0.183955126350661,63.1226246192537
12.8300595238095,0.949681482061529,1.13359798723536,0.183867167010283,63.1231819684027
12.8301587301587,0.949604295683777,1.13352374164587,0.183779249797316,63.1237392652554
12.8302579365079,0.949527116634414,1.13344949486006,0.183691374691295,63.1242965098199
12.8303571428571,0.949449944912275,1.13337524688142,0.183603541671751,63.1248537021047
12.8304563492064,0.949372780516202,1.13330099771345,0.183515750718234,63.1254108421179
12.8305555555556,0.949295623445039,1.13322674735967,0.183428001810299,63.1259679298677
12.8306547619048,0.949218473697621,1.13315249582354,0.183340294927503,63.1265249653626
12.830753968254,0.949141331272795,1.13307824310859,0.18325263004942,63.1270819486106
12.8308531746032,0.949064196169398,1.13300398921829,0.183165007155625,63.1276388796202
12.8309523809524,0.948987068386277,1.13292973415613,0.183077426225708,63.1281957583994
12.8310515873016,0.948909947922269,1.13285547792562,0.182989887239258,63.1287525849566
12.8311507936508,0.948832834776222,1.13278122053022,0.182902390175884,63.1293093593001
12.83125,0.948755728946974,1.13270696197344,0.18281493501519,63.1298660814381
12.8313492063492,0.948678630433375,1.13263270225876,0.182727521736801,63.1304227513787
12.8314484126984,0.948601539234263,1.13255844138965,0.182640150320338,63.1309793691304
12.8315476190476,0.948524455348488,1.1324841793696,0.182552820745443,63.1315359347012
12.8316468253968,0.948447378774889,1.13240991620209,0.182465532991752,63.1320924480995
12.831746031746,0.948370309512317,1.1323356518906,0.182378287038922,63.1326489093334
12.8318452380952,0.948293247559613,1.13226138643861,0.182291082866609,63.1332053184113
12.8319444444444,0.948216192915624,1.13218711984958,0.182203920454482,63.1337616753413
12.8320436507937,0.9481391455792,1.132112852127,0.182116799782219,63.1343179801316
12.8321428571429,0.948062105549183,1.13203858327434,0.1820297208295,63.1348742327906
12.8322420634921,0.947985072824424,1.13196431329506,0.181942683576021,63.1354304333264
12.8323412698413,0.947908047403768,1.13189004219263,0.181855688001478,63.1359865817472
12.8324404761905,0.947831029286065,1.13181576997053,0.181768734085585,63.1365426780613
12.8325396825397,0.947754018470159,1.13174149663221,0.181681821808053,63.1370987222769
12.8326388888889,0.947677014954905,1.13166722218114,0.181594951148611,63.1376547144022
12.8327380952381,0.947600018739147,1.13159294662079,0.181508122086988,63.1382106544453
12.8328373015873,0.947523029821739,1.13151866995461,0.18142133460293,63.1387665424146
12.8329365079365,0.947446048201525,1.13144439218606,0.181334588676181,63.1393223783182
12.8330357142857,0.947369073877361,1.1313701133186,0.181247884286503,63.1398781621644
12.8331349206349,0.947292106848094,1.13129583335569,0.181161221413656,63.1404338939613
12.8332341269841,0.947215147112577,1.13122155230078,0.181074600037419,63.1409895737171
12.8333333333333,0.94713819466966,1.13114727015731,0.18098802013757,63.1415452014401
12.8334325396825,0.947061249518195,1.13107298692876,0.1809014816939,63.1421007771384
12.8335317460317,0.946984311657037,1.13099870261855,0.18081498468621,63.1426563008202
12.833630952381,0.946907381085034,1.13092441723015,0.180728529094301,63.1432117724937
12.8337301587302,0.946830457801043,1.130850130767,0.180642114897993,63.1437671921672
12.8338293650794,0.946753541803914,1.13077584323253,0.180555742077103,63.1443225598488
12.8339285714286,0.946676633092505,1.13070155463021,0.180469410611466,63.1448778755466
12.8340277777778,0.946599731665665,1.13062726496345,0.180383120480917,63.1454331392689
12.834126984127,0.946522837522254,1.13055297423572,0.180296871665307,63.1459883510239
12.8342261904762,0.946445950661121,1.13047868245043,0.180210664144486,63.1465435108197
12.8343253968254,0.946369071081127,1.13040438961104,0.180124497898324,63.1470986186645
12.8344246031746,0.946292198781123,1.13033009572098,0.180038372906685,63.1476536745664
12.8345238095238,0.946215333759969,1.13025580078367,0.179952289149455,63.1482086785338
12.834623015873,0.946138476016518,1.13018150480256,0.179866246606517,63.1487636305746
12.8347222222222,0.94606162554963,1.13010720778106,0.17978024525777,63.1493185306972
12.8348214285714,0.945984782358159,1.13003290972262,0.179694285083115,63.1498733789096
12.8349206349206,0.945907946440964,1.12995861063065,0.179608366062465,63.15042817522
12.8350198412698,0.945831117796905,1.12988431050858,0.179522488175744,63.1509829196366
12.835119047619,0.945754296424837,1.12981000935984,0.179436651402875,63.1515376121675
12.8352182539683,0.945677482323623,1.12973570718785,0.179350855723799,63.1520922528209
12.8353174603175,0.945600675492118,1.12966140399603,0.179265101118456,63.152646841605
12.8354166666667,0.945523875929185,1.1295870997878,0.179179387566804,63.1532013785279
12.8355158730159,0.94544708363368,1.12951279456656,0.179093715048799,63.1537558635977
12.8356150793651,0.945370298604468,1.12943848833576,0.179008083544415,63.1543102968226
12.8357142857143,0.945293520840405,1.12936418109878,0.178922493033625,63.1548646782108
12.8358134920635,0.945216750340357,1.12928987285905,0.178836943496419,63.1554190077703
12.8359126984127,0.945139987103181,1.12921556361998,0.178751434912784,63.1559732855094
12.8360119047619,0.945063231127742,1.12914125338498,0.178665967262729,63.1565275114361
12.8361111111111,0.9449864824129,1.12906694215746,0.178580540526259,63.1570816855587
12.8362103174603,0.94490974095752,1.12899262994082,0.178495154683395,63.1576358078851
12.8363095238095,0.944833006760463,1.12891831673846,0.178409809714159,63.1581898784236
12.8364087301587,0.944756279820592,1.12884400255379,0.178324505598589,63.1587438971824
12.8365079365079,0.944679560136775,1.12876968739021,0.178239242316728,63.1592978641694
12.8366071428571,0.944602847707871,1.12869537125112,0.178154019848623,63.1598517793929
12.8367063492063,0.944526142532749,1.12862105413993,0.178068838174337,63.1604056428609
12.8368055555556,0.94444944461027,1.12854673606001,0.177983697273933,63.1609594545817
12.8369047619048,0.944372753939304,1.12847241701478,0.17789859712749,63.1615132145632
12.837003968254,0.944296070518711,1.12839809700762,0.177813537715087,63.1620669228137
12.8371031746032,0.944219394347363,1.12832377604192,0.177728519016819,63.1626205793411
12.8372023809524,0.944142725424121,1.12824945412108,0.177643541012782,63.1631741841538
12.8373015873016,0.944066063747858,1.12817513124848,0.177558603683088,63.1637277372597
12.8374007936508,0.943989409317435,1.12810080742751,0.177473707007847,63.1642812386669
12.8375,0.943912762131725,1.12802648266156,0.17738885096719,63.1648346883836
12.8375992063492,0.943836122189592,1.12795215695401,0.177304035541242,63.1653880864179
12.8376984126984,0.943759489489909,1.12787783030824,0.177219260710149,63.1659414327778
12.8377976190476,0.943682864031539,1.12780350272763,0.177134526454055,63.1664947274716
12.8378968253968,0.943606245813355,1.12772917421556,0.177049832753118,63.1670479705071
12.837996031746,0.943529634834228,1.12765484477542,0.176965179587505,63.1676011618926
12.8380952380952,0.943453031093024,1.12758051441056,0.176880566937386,63.1681543016362
12.8381944444444,0.943376434588617,1.12750618312437,0.176795994782944,63.1687073897459
12.8382936507937,0.943299845319875,1.12743185092023,0.176711463104365,63.1692604262298
12.8383928571429,0.943223263285673,1.12735751780149,0.17662697188185,63.169813411096
12.8384920634921,0.943146688484877,1.12728318377154,0.176542521095601,63.1703663443526
12.8385912698413,0.943070120916365,1.12720884883373,0.176458110725836,63.1709192260076
12.8386904761905,0.942993560579004,1.12713451299144,0.176373740752771,63.1714720560692
12.8387896825397,0.942917007471671,1.12706017624803,0.176289411156641,63.1720248345454
12.8388888888889,0.942840461593236,1.12698583860686,0.176205121917679,63.1725775614442
12.8389880952381,0.942763922942575,1.12691150007129,0.176120873016137,63.1731302367739
12.8390873015873,0.942687391518559,1.12683716064469,0.176036664432263,63.1736828605423
12.8391865079365,0.942610867320066,1.1267628203304,0.175952496146325,63.1742354327577
12.8392857142857,0.942534350345967,1.1266884791318,0.17586836813859,63.174787953428
12.8393849206349,0.942457840595138,1.12661413705222,0.175784280389337,63.1753404225613
12.8394841269841,0.942381338066458,1.12653979409503,0.175700232878856,63.1758928401657
12.8395833333333,0.942304842758797,1.12646545026358,0.175616225587437,63.1764452062492
12.8396825396825,0.942228354671037,1.12639110556122,0.175532258495389,63.1769975208199
12.8397817460317,0.94215187380205,1.12631675999129,0.175448331583018,63.1775497838858
12.839880952381,0.942075400150716,1.12624241355714,0.175364444830647,63.178101995455
12.8399801587302,0.94199893371591,1.12616806626212,0.175280598218601,63.1786541555356
12.8400793650794,0.941922474496513,1.12609371810958,0.175196791727219,63.1792062641355
12.8401785714286,0.941846022491399,1.12601936910284,0.175113025336841,63.1797583212629
12.8402777777778,0.941769577699451,1.12594501924526,0.175029299027823,63.1803103269257
12.840376984127,0.941693140119544,1.12587066854017,0.174945612780521,63.180862281132
12.8404761904762,0.941616709750561,1.12579631699092,0.174861966575307,63.1814141838899
12.8405753968254,0.941540286591377,1.12572196460082,0.174778360392555,63.1819660352073
12.8406746031746,0.941463870640877,1.12564761137323,0.174694794212652,63.1825178350923
12.8407738095238,0.941387461897938,1.12557325731147,0.174611268015988,63.183069583553
12.840873015873,0.941311060361441,1.12549890241887,0.174527781782965,63.1836212805973
12.8409722222222,0.941234666030272,1.12542454669877,0.174444335493994,63.1841729262333
12.8410714285714,0.941158278903306,1.12535019015448,0.174360929129489,63.1847245204691
12.8411706349206,0.94108189897943,1.12527583278934,0.17427756266988,63.1852760633125
12.8412698412698,0.941005526257523,1.12520147460667,0.174194236095594,63.1858275547717
12.841369047619,0.940929160736472,1.12512711560979,0.174110949387079,63.1863789948547
12.8414682539683,0.940852802415155,1.12505275580202,0.17402770252478,63.1869303835694
12.8415674603175,0.94077645129246,1.12497839518669,0.173944495489159,63.1874817209239
12.8416666666667,0.940700107367267,1.12490403376711,0.173861328260678,63.1880330069262
12.8417658730159,0.940623770638465,1.1248296715466,0.173778200819816,63.1885842415843
12.8418650793651,0.940547441104934,1.12475530852847,0.17369511314705,63.1891354249063
12.8419642857143,0.940471118765564,1.12468094471604,0.173612065222875,63.1896865569
12.8420634920635,0.940394803619235,1.12460658011262,0.173529057027786,63.1902376375736
12.8421626984127,0.940318495664839,1.12453221472151,0.173446088542294,63.1907886669349
12.8422619047619,0.940242194901256,1.12445784854603,0.17336315974691,63.1913396449921
12.8423611111111,0.940165901327376,1.12438348158948,0.173280270622158,63.1918905717531
12.8424603174603,0.940089614942089,1.12430911385517,0.173197421148573,63.1924414472258
12.8425595238095,0.940013335744276,1.12423474534639,0.17311461130669,63.1929922714183
12.8426587301587,0.939937063732831,1.12416037606647,0.17303184107706,63.1935430443386
12.8427579365079,0.939860798906637,1.12408600601869,0.172949110440234,63.1940937659947
12.8428571428571,0.939784541264588,1.12401163520635,0.172866419376781,63.1946444363944
12.8429563492064,0.939708290805567,1.12393726363274,0.172783767867269,63.1951950555459
12.8430555555556,0.939632047528469,1.12386289130118,0.172701155892283,63.1957456234571
12.8431547619048,0.939555811432179,1.12378851821494,0.172618583432405,63.1962961401359
12.843253968254,0.939479582515592,1.12371414437733,0.172536050468237,63.1968466055904
12.8433531746032,0.939403360777593,1.12363976979163,0.172453556980379,63.1973970198285
12.8434523809524,0.939327146217079,1.12356539446113,0.172371102949448,63.1979473828581
12.8435515873016,0.939250938832936,1.12349101838911,0.172288688356061,63.1984976946873
12.8436507936508,0.93917473862406,1.12341664157888,0.172206313180852,63.199047955324
12.84375,0.939098545589339,1.1233422640337,0.172123977404452,63.1995981647761
12.8438492063492,0.939022359727668,1.12326788575686,0.172041681007509,63.2001483230517
12.8439484126984,0.938946181037941,1.12319350675165,0.17195942397068,63.2006984301587
12.8440476190476,0.938870009519048,1.12311912702134,0.171877206274622,63.201248486105
12.8441468253968,0.938793845169886,1.12304474656921,0.171795027900008,63.2017984908986
12.844246031746,0.938717687989346,1.12297036539854,0.171712888827512,63.2023484445474
12.8443452380952,0.938641537976326,1.12289598351259,0.171630789037824,63.2028983470594
12.8444444444444,0.938565395129717,1.12282160091466,0.171548728511635,63.2034481984426
12.8445436507936,0.938489259448417,1.122747217608,0.171466707229651,63.2039979987048
12.8446428571429,0.93841313093132,1.12267283359588,0.171384725172578,63.2045477478541
12.8447420634921,0.938337009577323,1.12259844888158,0.17130278232114,63.2050974458983
12.8448412698413,0.938260895385321,1.12252406346836,0.171220878656058,63.2056470928454
12.8449404761905,0.938184788354213,1.12244967735949,0.171139014158073,63.2061966887033
12.8450396825397,0.938108688482893,1.12237529055823,0.171057188807922,63.20674623348
12.8451388888889,0.938032595770263,1.12230090306784,0.170975402586361,63.2072957271834
12.8452380952381,0.937956510215216,1.12222651489158,0.170893655474146,63.2078451698214
12.8453373015873,0.937880431816652,1.12215212603271,0.170811947452046,63.208394561402
12.8454365079365,0.937804360573473,1.12207773649449,0.170730278500839,63.208943901933
12.8455357142857,0.937728296484573,1.12200334628017,0.170648648601305,63.2094931914224
12.8456349206349,0.937652239548856,1.12192895539301,0.170567057734239,63.2100424298781
12.8457341269841,0.937576189765217,1.12185456383626,0.170485505880438,63.210591617308
12.8458333333333,0.937500147132562,1.12178017161317,0.170403993020714,63.2111407537201
12.8459325396825,0.937424111649786,1.12170577872699,0.170322519135879,63.2116898391222
12.8460317460317,0.937348083315795,1.12163138518096,0.170241084206763,63.2122388735223
12.846130952381,0.937272062129486,1.12155699097834,0.170159688214193,63.2127878569282
12.8462301587302,0.937196048089764,1.12148259612236,0.170078331139015,63.2133367893479
12.8463293650794,0.937120041195529,1.12140820061628,0.169997012962073,63.2138856707893
12.8464285714286,0.937044041445686,1.12133380446332,0.169915733664229,63.2144345012603
12.8465277777778,0.936968048839134,1.12125940766673,0.169834493226344,63.2149832807687
12.846626984127,0.936892063374782,1.12118501022976,0.169753291629296,63.2155320093225
12.8467261904762,0.936816085051528,1.12111061215562,0.169672128853961,63.2160806869296
12.8468253968254,0.936740113868279,1.12103621344757,0.169591004881233,63.2166293135978
12.8469246031746,0.936664149823941,1.12096181410882,0.16950991969201,63.217177889335
12.8470238095238,0.936588192917415,1.12088741414262,0.169428873267195,63.2177264141492
12.847123015873,0.936512243147611,1.12081301355219,0.169347865587706,63.2182748880482
12.8472222222222,0.93643630051343,1.12073861234077,0.169266896634461,63.2188233110399
12.8473214285714,0.936360365013782,1.12066421051157,0.169185966388394,63.2193716831322
12.8474206349206,0.936284436647569,1.12058980806782,0.169105074830441,63.2199200043329
12.8475198412698,0.936208515413703,1.12051540501275,0.169024221941553,63.22046827465
12.847619047619,0.936132601311086,1.12044100134958,0.168943407702679,63.2210164940913
12.8477182539683,0.936056694338631,1.12036659708153,0.168862632094787,63.2215646626646
12.8478174603175,0.935980794495241,1.12029219221181,0.168781895098845,63.2221127803779
12.8479166666667,0.935904901779829,1.12021778674365,0.168701196695835,63.222660847239
12.8480158730159,0.935829016191299,1.12014338068026,0.168620536866742,63.2232088632557
12.8481150793651,0.935753137728564,1.12006897402485,0.168539915592564,63.223756828436
12.8482142857143,0.935677266390531,1.11999456678064,0.168459332854302,63.2243047427877
12.8483134920635,0.93560140217611,1.11992015895083,0.168378788632969,63.2248526063187
12.8484126984127,0.935525545084215,1.11984575053864,0.168298282909588,63.2254004190367
12.8485119047619,0.935449695113752,1.11977134154727,0.168217815665183,63.2259481809498
12.8486111111111,0.935373852263636,1.11969693197993,0.168137386880795,63.2264958920656
12.8487103174603,0.935298016532775,1.11962252183982,0.168056996537463,63.2270435523921
12.8488095238095,0.935222187920085,1.11954811113014,0.167976644616244,63.2275911619371
12.8489087301587,0.935146366424473,1.11947369985411,0.167896331098196,63.2281387207084
12.8490079365079,0.935070552044856,1.1193992880149,0.167816055964391,63.228686228714
12.8491071428571,0.934994744780144,1.11932487561573,0.167735819195903,63.2292336859616
12.8492063492063,0.934918944629254,1.1192504626598,0.16765562077382,63.229781092459
12.8493055555556,0.934843151591095,1.11917604915028,0.167575460679232,63.2303284482141
12.8494047619048,0.934767365664586,1.11910163509038,0.167495338893245,63.2308757532348
12.849503968254,0.934691586848638,1.11902722048329,0.167415255396964,63.2314230075289
12.8496031746032,0.934615815142169,1.1189528053322,0.167335210171511,63.2319702111041
12.8497023809524,0.93454005054409,1.11887838964029,0.167255203198009,63.2325173639684
12.8498015873016,0.934464293053321,1.11880397341076,0.167175234457593,63.2330644661295
12.8499007936508,0.934388542668777,1.11872955664679,0.167095303931407,63.2336115175953
12.85,0.934312799389373,1.11865513935155,0.167015411600599,63.2341585183735
12.8500992063492,0.934237063214029,1.11858072152824,0.16693555744633,63.2347054684721
12.8501984126984,0.934161334141659,1.11850630318003,0.166855741449764,63.2352523678987
12.8502976190476,0.934085612171183,1.11843188431011,0.166775963592079,63.2357992166613
12.8503968253968,0.934009897301517,1.11835746492164,0.166696223854454,63.2363460147677
12.850496031746,0.933934189531582,1.11828304501781,0.166616522218085,63.2368927622256
12.8505952380952,0.933858488860293,1.11820862460178,0.166536858664166,63.2374394590428
12.8506944444444,0.933782795286574,1.11813420367674,0.16645723317391,63.2379861052272
12.8507936507937,0.93370710880934,1.11805978224584,0.166377645728528,63.2385327007865
12.8508928571429,0.933631429427515,1.11798536031227,0.166298096309247,63.2390792457286
12.8509920634921,0.933555757140016,1.11791093787918,0.166218584897296,63.2396257400613
12.8510912698413,0.933480091945768,1.11783651494974,0.166139111473918,63.2401721837922
12.8511904761905,0.933404433843687,1.11776209152712,0.166059676020359,63.2407185769294
12.8512896825397,0.933328782832697,1.11768766761448,0.165980278517875,63.2412649194804
12.8513888888889,0.933253138911722,1.11761324321498,0.165900918947734,63.2418112114532
12.8514880952381,0.933177502079681,1.11753881833178,0.165821597291205,63.2423574528554
12.8515873015873,0.933101872335499,1.11746439296803,0.165742313529571,63.242903643695
12.8516865079365,0.933026249678097,1.1173899671269,0.165663067644119,63.2434497839796
12.8517857142857,0.932950634106402,1.11731554081154,0.165583859616149,63.243995873717
12.8518849206349,0.932875025619333,1.11724111402509,0.165504689426962,63.2445419129151
12.8519841269841,0.932799424215819,1.11716668677072,0.165425557057876,63.2450879015815
12.8520833333333,0.93272382989478,1.11709225905157,0.165346462490208,63.2456338397241
12.8521825396825,0.932648242655146,1.11701783087079,0.165267405705292,63.2461797273506
12.8522817460317,0.932572662495838,1.11694340223153,0.165188386684462,63.2467255644689
12.852380952381,0.932497089415786,1.11686897313693,0.165109405409068,63.2472713510866
12.8524801587302,0.932421523413912,1.11679454359013,0.165030461860459,63.2478170872115
12.8525793650794,0.932345964489146,1.11672011359428,0.164951556020002,63.2483627728514
12.8526785714286,0.932270412640412,1.11664568315251,0.164872687869064,63.248908408014
12.8527777777778,0.932194867866639,1.11657125226797,0.164793857389025,63.2494539927071
12.852876984127,0.932119330166756,1.11649682094379,0.164715064561274,63.2499995269385
12.8529761904762,0.932043799539688,1.1164223891831,0.164636309367202,63.2505450107159
12.8530753968254,0.931968275984368,1.11634795698905,0.164557591788215,63.251090444047
12.8531746031746,0.93189275949972,1.11627352436476,0.16447891180572,63.2516358269397
12.8532738095238,0.931817250084677,1.11619909131336,0.164400269401142,63.2521811594016
12.853373015873,0.931741747738166,1.11612465783799,0.164321664555903,63.2527264414404
12.8534722222222,0.93166625245912,1.11605022394176,0.164243097251444,63.253271673064
12.8535714285714,0.931590764246466,1.11597578962781,0.164164567469203,63.25381685428
12.8536706349206,0.931515283099138,1.11590135489925,0.164086075190637,63.2543619850963
12.8537698412698,0.931439809016064,1.11582691975922,0.164007620397201,63.2549070655204
12.853869047619,0.93136434199618,1.11575248421083,0.163929203070368,63.2554520955603
12.8539682539683,0.931288882038413,1.1156780482572,0.163850823191611,63.2559970752235
12.8540674603175,0.9312134291417,1.11560361190146,0.163772480742417,63.2565420045178
12.8541666666667,0.93113798330497,1.1155291751467,0.163694175704275,63.257086883451
12.8542658730159,0.931062544527158,1.11545473799606,0.163615908058688,63.2576317120307
12.8543650793651,0.930987112807199,1.11538030045263,0.163537677787167,63.2581764902647
12.8544642857143,0.930911688144024,1.11530586251954,0.163459484871225,63.2587212181607
12.8545634920635,0.93083627053657,1.1152314241999,0.163381329292392,63.2592658957264
12.8546626984127,0.930760859983769,1.11515698549681,0.163303211032195,63.2598105229696
12.8547619047619,0.930685456484559,1.11508254641337,0.163225130072182,63.2603550998978
12.8548611111111,0.930610060037873,1.1150081069527,0.163147086393898,63.2608996265189
12.8549603174603,0.930534670642649,1.11493366711789,0.163069079978903,63.2614441028406
12.8550595238095,0.930459288297821,1.11485922691205,0.162991110808761,63.2619885288705
12.8551587301587,0.930383913002329,1.11478478633827,0.16291317886505,63.2625329046164
12.8552579365079,0.930308544755105,1.11471034539967,0.162835284129347,63.2630772300859
12.8553571428571,0.930233183555092,1.11463590409932,0.162757426583247,63.2636215052867
12.8554563492063,0.930157829401223,1.11456146244033,0.162679606208345,63.2641657302267
12.8555555555556,0.930082482292441,1.1144870204258,0.162601822986251,63.2647099049133
12.8556547619048,0.930007142227679,1.1144125780588,0.162524076898576,63.2652540293544
12.855753968254,0.92993180920588,1.11433813534245,0.162446367926944,63.2657981035576
12.8558531746032,0.929856483225984,1.11426369227981,0.16236869605299,63.2663421275305
12.8559523809524,0.929781164286927,1.11418924887398,0.162291061258349,63.266886101281
12.8560515873016,0.929705852387653,1.11411480512805,0.162213463524671,63.2674300248166
12.8561507936508,0.929630547527099,1.1140403610451,0.162135902833608,63.2679738981451
12.85625,0.92955524970421,1.11396591662821,0.162058379166828,63.2685177212741
12.8563492063492,0.929479958917924,1.11389147188046,0.161980892505999,63.2690614942112
12.8564484126984,0.929404675167184,1.11381702680494,0.161903442832805,63.2696052169643
12.8565476190476,0.929329398450931,1.11374258140471,0.16182603012893,63.2701488895408
12.8566468253968,0.92925412876811,1.11366813568286,0.161748654376074,63.2706925119486
12.856746031746,0.92917886611766,1.11359368964246,0.161671315555938,63.2712360841952
12.8568452380952,0.929103610498529,1.11351924328658,0.161594013650238,63.2717796062884
12.8569444444444,0.929028361909656,1.1134447966183,0.161516748640691,63.2723230782358
12.8570436507936,0.928953120349989,1.11337034964068,0.16143952050903,63.272866500045
12.8571428571429,0.928877885818468,1.11329590235678,0.161362329236987,63.2734098717237
12.8572420634921,0.928802658314041,1.11322145476969,0.161285174806311,63.2739531932795
12.8573412698413,0.928727437835654,1.11314700688246,0.161208057198756,63.2744964647202
12.8574404761905,0.928652224382249,1.11307255869815,0.161130976396079,63.2750396860533
12.8575396825397,0.928577017952776,1.11299811021984,0.161053932380056,63.2755828572866
12.8576388888889,0.928501818546178,1.11292366145056,0.160976925132458,63.2761259784275
12.8577380952381,0.928426626161405,1.1128492123934,0.160899954635076,63.2766690494839
12.8578373015873,0.9283514407974,1.11277476305139,0.1608230208697,63.2772120704633
12.8579365079365,0.928276262453115,1.1127003134276,0.160746123818137,63.2777550413734
12.8580357142857,0.928201091127493,1.11262586352509,0.160669263462192,63.2782979622218
12.8581349206349,0.928125926819487,1.11255141334689,0.160592439783688,63.2788408330161
12.8582341269841,0.928050769528042,1.11247696289607,0.160515652764448,63.279383653764
12.8583333333333,0.927975619252111,1.11240251217567,0.160438902386311,63.2799264244731
12.8584325396825,0.927900475990639,1.11232806118874,0.160362188631115,63.280469145151
12.8585317460317,0.927825339742579,1.11225360993832,0.160285511480715,63.2810118158053
12.858630952381,0.927750210506879,1.11217915842746,0.160208870916967,63.2815544364438
12.8587301587302,0.927675088282491,1.1121047066592,0.160132266921741,63.2820970070739
12.8588293650794,0.927599973068367,1.11203025463659,0.160055699476912,63.2826395277033
12.8589285714286,0.927524864863456,1.11195580236265,0.159979168564363,63.2831819983397
12.8590277777778,0.927449763666712,1.11188134984043,0.159902674165987,63.2837244189906
12.859126984127,0.927374669477085,1.11180689707297,0.159826216263681,63.2842667896636
12.8592261904762,0.92729958229353,1.11173244406329,0.159749794839357,63.2848091103664
12.8593253968254,0.927224502114997,1.11165799081443,0.159673409874928,63.2853513811066
12.8594246031746,0.927149428940442,1.11158353732943,0.159597061352321,63.2858936018917
12.8595238095238,0.927074362768817,1.11150908361131,0.159520749253466,63.2864357727294
12.859623015873,0.926999303599078,1.11143462966309,0.159444473560307,63.2869778936273
12.8597222222222,0.926924251430176,1.11136017548781,0.159368234254789,63.2875199645929
12.8598214285714,0.92684920626107,1.1112857210885,0.159292031318872,63.2880619856339
12.8599206349206,0.926774168090712,1.11121126646816,0.159215864734518,63.2886039567579
12.8600198412698,0.92669913691806,1.11113681162983,0.159139734483705,63.2891458779723
12.860119047619,0.926624112742067,1.11106235657653,0.159063640548409,63.289687749285
12.8602182539683,0.926549095561692,1.11098790131126,0.158987582910623,63.2902295707033
12.8603174603175,0.926474085375893,1.11091344583706,0.158911561552345,63.2907713422349
12.8604166666667,0.926399082183624,1.11083899015693,0.158835576455578,63.2913130638875
12.8605158730159,0.926324085983845,1.11076453427389,0.15875962760234,63.2918547356684
12.8606150793651,0.926249096775512,1.11069007819095,0.158683714974649,63.2923963575855
12.8607142857143,0.926174114557585,1.11061562191112,0.15860783855454,63.2929379296461
12.8608134920635,0.926099139329021,1.11054116543741,0.158531998324046,63.2934794518579
12.8609126984127,0.926024171088782,1.11046670877283,0.158456194265218,63.2940209242285
12.8610119047619,0.925949209835824,1.11039225192037,0.158380426360107,63.2945623467654
12.8611111111111,0.925874255569111,1.11031779488305,0.158304694590781,63.2951037194761
12.8612103174603,0.925799308287598,1.11024333766387,0.158228998939305,63.2956450423684
12.8613095238095,0.925724367990251,1.11016888026583,0.158153339387764,63.2961863154496
12.8614087301587,0.925649434676026,1.11009442269192,0.15807771591824,63.2967275387274
12.8615079365079,0.92557450834389,1.11001996494515,0.158002128512833,63.2972687122093
12.8616071428571,0.9254995889928,1.10994550702851,0.157926577153643,63.297809835903
12.8617063492064,0.92542467662172,1.10987104894499,0.157851061822783,63.2983509098158
12.8618055555556,0.925349771229614,1.1097965906976,0.157775582502375,63.2988919339554
12.8619047619048,0.925274872815443,1.10972213228931,0.157700139174544,63.2994329083294
12.862003968254,0.925199981378173,1.10964767372311,0.157624731821429,63.2999738329452
12.8621031746032,0.925125096916764,1.10957321500201,0.157549360425171,63.3005147078105
12.8622023809524,0.925050219430184,1.10949875612897,0.157474024967927,63.3010555329327
12.8623015873016,0.924975348917393,1.10942429710699,0.157398725431853,63.3015963083194
12.8624007936508,0.924900485377362,1.10934983793906,0.157323461799122,63.3021370339782
12.8625,0.92482562880905,1.10927537862814,0.157248234051907,63.3026777099165
12.8625992063492,0.924750779211428,1.10920091917722,0.157173042172397,63.3032183361419
12.8626984126984,0.924675936583458,1.10912645958928,0.157097886142781,63.3037589126619
12.8627976190476,0.924601100924111,1.1090519998673,0.157022765945264,63.3042994394841
12.8628968253968,0.924526272232348,1.10897754001424,0.156947681562053,63.304839916616
12.862996031746,0.924451450507142,1.1089030800331,0.156872632975368,63.305380344065
12.8630952380952,0.924376635747456,1.10882861992682,0.156797620167433,63.3059207218388
12.8631944444444,0.92430182795226,1.10875415969839,0.156722643120481,63.3064610499449
12.8632936507937,0.924227027120525,1.10867969935078,0.156647701816759,63.3070013283906
12.8633928571429,0.924152233251216,1.10860523888695,0.156572796238511,63.3075415571837
12.8634920634921,0.924077446343305,1.10853077830987,0.156497926368002,63.3080817363315
12.8635912698413,0.924002666395758,1.10845631762249,0.156423092187491,63.3086218658417
12.8636904761905,0.923927893407549,1.10838185682779,0.15634829367926,63.3091619457216
12.8637896825397,0.923853127377645,1.10830739592872,0.156273530825587,63.3097019759788
12.8638888888889,0.92377836830502,1.10823293492825,0.156198803608765,63.3102419566208
12.8639880952381,0.923703616188642,1.10815847382932,0.156124112011092,63.3107818876551
12.8640873015873,0.923628871027486,1.1080840126349,0.156049456014878,63.3113217690892
12.8641865079365,0.923554132820519,1.10800955134794,0.155974835602434,63.3118616009307
12.8642857142857,0.923479401566719,1.10793508997139,0.155900250756088,63.3124013831869
12.8643849206349,0.923404677265054,1.1078606285082,0.155825701458168,63.3129411158653
12.8644841269841,0.923329959914501,1.10778616696133,0.155751187691018,63.3134807989736
12.8645833333333,0.923255249514029,1.10771170533372,0.155676709436981,63.3140204325191
12.8646825396825,0.923180546062615,1.10763724362831,0.155602266678417,63.3145600165093
12.8647817460317,0.923105849559234,1.10756278184805,0.15552785939769,63.3150995509518
12.864880952381,0.923031160002857,1.10748831999589,0.15545348757717,63.3156390358539
12.8649801587302,0.922956477392463,1.10741385807477,0.155379151199242,63.3161784712232
12.8650793650794,0.922881801727024,1.10733939608761,0.15530485024629,63.3167178570672
12.8651785714286,0.92280713300552,1.10726493403738,0.155230584700714,63.3172571933933
12.8652777777778,0.922732471226922,1.10719047192699,0.155156354544917,63.317796480209
12.865376984127,0.922657816390211,1.10711600975938,0.155082159761315,63.3183357175218
12.8654761904762,0.92258316849436,1.10704154753749,0.155008000332326,63.3188749053391
12.8655753968254,0.922508527538351,1.10696708526426,0.154933876240383,63.3194140436683
12.8656746031746,0.922433893521156,1.1068926229426,0.154859787467919,63.319953132517
12.8657738095238,0.922359266441759,1.10681816057545,0.154785733997386,63.3204921718927
12.865873015873,0.922284646299134,1.10674369816574,0.154711715811231,63.3210311618027
12.8659722222222,0.922210033092264,1.10666923571638,0.154637732891923,63.3215701022545
12.8660714285714,0.922135426820123,1.10659477323031,0.154563785221926,63.3221089932556
12.8661706349206,0.922060827481694,1.10652031071045,0.154489872783722,63.3226478348134
12.8662698412698,0.921986235075959,1.10644584815972,0.154415995559798,63.3231866269354
12.866369047619,0.921911649601894,1.10637138558102,0.154342153532645,63.3237253696291
12.8664682539683,0.921837071058483,1.1062969229773,0.154268346684771,63.3242640629017
12.8665674603175,0.921762499444705,1.10622246035145,0.154194574998683,63.3248027067609
12.8666666666667,0.921687934759545,1.10614799770639,0.154120838456902,63.325341301214
12.8667658730159,0.92161337700198,1.10607353504504,0.154047137041953,63.3258798462685
12.8668650793651,0.921538826170997,1.10599907237031,0.153973470736376,63.3264183419318
12.8669642857143,0.921464282265576,1.1059246096851,0.153899839522708,63.3269567882114
12.8670634920635,0.921389745284702,1.10585014699232,0.153826243383507,63.3274951851146
12.8671626984127,0.921315215227356,1.10577568429488,0.153752682301329,63.3280335326489
12.8672619047619,0.921240692092525,1.10570122159569,0.153679156258744,63.3285718308218
12.8673611111111,0.921166175879191,1.10562675889764,0.153605665238326,63.3291100796406
12.8674603174603,0.92109166658634,1.10555229620364,0.153532209222662,63.3296482791128
12.8675595238095,0.921017164212956,1.10547783351659,0.153458788194341,63.3301864292457
12.8676587301587,0.920942668758024,1.10540337083939,0.153385402135966,63.3307245300469
12.8677579365079,0.920868180220533,1.10532890817492,0.153312051030147,63.3312625815237
12.8678571428571,0.920793698599466,1.10525444552609,0.153238734859498,63.3318005836835
12.8679563492063,0.920719223893812,1.1051799828958,0.153165453606647,63.3323385365337
12.8680555555556,0.920644756102555,1.10510552028692,0.153092207254223,63.3328764400818
12.8681547619048,0.920570295224687,1.10503105770236,0.153018995784872,63.3334142943351
12.868253968254,0.920495841257765,1.10495659514503,0.152945819184335,63.3339520993012
12.8683531746032,0.920421394195754,1.10488213261785,0.152872677446891,63.3344898549872
12.8684523809524,0.920346954037192,1.1048076701234,0.152799570557683,63.3350275614002
12.8685515873016,0.920272520781064,1.10473320766431,0.152726498500946,63.3355652185474
12.8686507936508,0.920198094426345,1.10465874524316,0.152653461260912,63.3361028264357
12.86875,0.920123674972022,1.10458428286256,0.152580458821827,63.3366403850721
12.8688492063492,0.92004926241707,1.10450982052509,0.152507491167933,63.3371778944638
12.8689484126984,0.919974856760476,1.10443535823334,0.152434558283487,63.3377153546176
12.8690476190476,0.919900458001216,1.10436089598992,0.15236166015274,63.3382527655408
12.8691468253968,0.919826066138275,1.10428643379741,0.152288796759958,63.3387901272402
12.869246031746,0.919751681170636,1.10421197165841,0.152215968089408,63.3393274397229
12.8693452380952,0.919677303097279,1.1041375095755,0.152143174125358,63.339864702996
12.8694444444444,0.919602931917189,1.10406304755128,0.152070414852089,63.3404019170664
12.8695436507937,0.919528567629345,1.10398858558832,0.151997690253879,63.3409390819412
12.8696428571429,0.919454210232734,1.10391412368923,0.151925000315019,63.3414761976274
12.8697420634921,0.919379859726336,1.10383966185657,0.151852345019797,63.3420132641321
12.8698412698413,0.919305516109137,1.10376520009295,0.151779724352513,63.3425502814622
12.8699404761905,0.919231179380117,1.10369073840094,0.151707138297467,63.3430872496247
12.8700396825397,0.919156849538265,1.10361627678313,0.151634586838967,63.3436241686268
12.8701388888889,0.919082526582559,1.1035418152421,0.151562069961324,63.3441610384753
12.8702380952381,0.91900821051199,1.10346735378043,0.151489587648857,63.3446978591773
12.8703373015873,0.918933901325536,1.1033928924007,0.151417139885886,63.3452346307399
12.8704365079365,0.918859599022188,1.10331843110549,0.15134472665674,63.3457713531699
12.8705357142857,0.918785303600926,1.10324396989737,0.151272347945748,63.3463080264745
12.8706349206349,0.918711015060736,1.10316950877894,0.15120000373725,63.3468446506607
12.8707341269841,0.918636733400608,1.10309504775275,0.151127694015589,63.3473812257353
12.8708333333333,0.918562458619522,1.10302058682139,0.15105541876511,63.3479177517056
12.8709325396825,0.918488190716469,1.10294612598744,0.150983177970167,63.3484542285784
12.8710317460317,0.91841392969043,1.10287166525346,0.150910971615115,63.3489906563607
12.871130952381,0.918339675540396,1.10279720462202,0.150838799684319,63.3495270350596
12.8712301587302,0.91826542826535,1.10272274409571,0.150766662162144,63.350063364682
12.8713293650794,0.918191187864282,1.10264828367709,0.150694559032965,63.350599645235
12.8714285714286,0.918116954336176,1.10257382336873,0.150622490281156,63.3511358767255
12.8715277777778,0.918042727680024,1.10249936317319,0.150550455891103,63.3516720591606
12.871626984127,0.917968507894807,1.10242490309305,0.15047845584719,63.3522081925472
12.8717261904762,0.917894294979519,1.10235044313088,0.150406490133814,63.3527442768923
12.8718253968254,0.917820088933144,1.10227598328923,0.150334558735367,63.3532803122029
12.8719246031746,0.917745889754673,1.10220152357068,0.150262661636257,63.353816298486
12.8720238095238,0.917671697443091,1.10212706397779,0.150190798820888,63.3543522357486
12.872123015873,0.917597511997389,1.10205260451311,0.150118970273673,63.3548881239976
12.8722222222222,0.917523333416558,1.10197814517922,0.150047175979032,63.3554239632401
12.8723214285714,0.917449161699583,1.10190368597867,0.149975415921385,63.355959753483
12.8724206349206,0.917374996845458,1.10182922691403,0.149903690085162,63.3564954947334
12.8725198412698,0.917300838853167,1.10175476798784,0.149831998454793,63.3570311869981
12.872619047619,0.917226687721706,1.10168030920268,0.149760341014719,63.3575668302841
12.8727182539683,0.91715254345006,1.1016058505611,0.14968871774938,63.3581024245986
12.8728174603175,0.917078406037223,1.10153139206565,0.149617128643226,63.3586379699483
12.8729166666667,0.917004275482182,1.10145693371888,0.149545573680708,63.3591734663403
12.8730158730159,0.916930151783932,1.10138247552337,0.149474052846286,63.3597089137816
12.8731150793651,0.91685603494146,1.10130801748164,0.14940256612442,63.3602443122792
12.8732142857143,0.916781924953761,1.10123355959627,0.149331113499582,63.3607796618399
12.8733134920635,0.916707821819822,1.1011591018698,0.14925969495624,63.3613149624708
12.8734126984127,0.91663372553864,1.10108464430477,0.149188310478878,63.3618502141788
12.8735119047619,0.916559636109202,1.10101018690375,0.149116960051973,63.3623854169709
12.8736111111111,0.916485553530503,1.10093572966927,0.149045643660016,63.3629205708541
12.8737103174603,0.916411477801537,1.10086127260389,0.148974361287502,63.3634556758352
12.8738095238095,0.916337408921292,1.10078681571016,0.148903112918925,63.3639907319214
12.8739087301587,0.916263346888765,1.10071235899061,0.148831898538792,63.3645257391195
12.8740079365079,0.916189291702947,1.10063790244779,0.148760718131608,63.3650606974365
12.8741071428571,0.916115243362833,1.10056344608425,0.14868957168189,63.3655956068794
12.8742063492064,0.916041201867413,1.10048898990252,0.148618459174151,63.366130467455
12.8743055555556,0.915967167215686,1.10041453390516,0.148547380592921,63.3666652791704
12.8744047619048,0.915893139406642,1.1003400780947,0.148476335922721,63.3672000420325
12.874503968254,0.915819118439278,1.10026562247368,0.148405325148091,63.3677347560483
12.8746031746032,0.915745104312585,1.10019116704464,0.148334348253564,63.3682694212247
12.8747023809524,0.915671097025561,1.10011671181011,0.148263405223688,63.3688040375686
12.8748015873016,0.915597096577199,1.10004225677264,0.148192496043007,63.369338605087
12.8749007936508,0.915523102966497,1.09996780193476,0.148121620696079,63.3698731237869
12.875,0.915449116192446,1.099893347299,0.148050779167458,63.3704075936751
12.8750992063492,0.915375136254044,1.0998188928679,0.14797997144171,63.3709420147587
12.8751984126984,0.915301163150289,1.099744438644,0.147909197503405,63.3714763870445
12.8752976190476,0.915227196880174,1.09966998462982,0.147838457337113,63.3720107105395
12.8753968253968,0.915153237442697,1.09959553082789,0.147767750927417,63.3725449852507
12.875496031746,0.915079284836853,1.09952107724075,0.147697078258896,63.3730792111849
12.8755952380952,0.915005339061642,1.09944662387092,0.147626439316143,63.3736133883491
12.8756944444444,0.914931400116056,1.09937217072093,0.147555834083747,63.3741475167503
12.8757936507936,0.914857467999098,1.09929771779331,0.147485262546312,63.3746815963953
12.8758928571429,0.91478354270976,1.09922326509059,0.147414724688436,63.3752156272912
12.8759920634921,0.914709624247045,1.09914881261529,0.147344220494734,63.3757496094447
12.8760912698413,0.914635712609946,1.09907436036994,0.147273749949815,63.3762835428629
12.8761904761905,0.914561807797466,1.09899990835705,0.147203313038301,63.3768174275527
12.8762896825397,0.914487909808599,1.09892545657915,0.147132909744812,63.377351263521
12.8763888888889,0.914414018642347,1.09885100503877,0.147062540053982,63.3778850507746
12.8764880952381,0.914340134297706,1.09877655373842,0.146992203950441,63.3784187893207
12.8765873015873,0.914266256773676,1.09870210268062,0.146921901418829,63.3789524791659
12.8766865079365,0.91419238606926,1.09862765186789,0.146851632443792,63.3794861203174
12.8767857142857,0.914118522183452,1.09855320130275,0.146781397009976,63.3800197127819
12.8768849206349,0.914044665115257,1.09847875098772,0.146711195102038,63.3805532565665
12.8769841269841,0.91397081486367,1.0984043009253,0.146641026704633,63.3810867516779
12.8770833333333,0.913896971427695,1.09832985111803,0.146570891802431,63.3816201981232
12.8771825396825,0.91382313480633,1.09825540156839,0.146500790380095,63.3821535959092
12.8772817460317,0.91374930499858,1.09818095227893,0.146430722422305,63.3826869450429
12.877380952381,0.91367548200344,1.09810650325213,0.146360687913735,63.3832202455311
12.8774801587302,0.913601665819916,1.09803205449052,0.146290686839073,63.3837534973808
12.8775793650794,0.913527856447006,1.0979576059966,0.146220719183005,63.3842867005988
12.8776785714286,0.913454053883715,1.09788315777288,0.14615078493023,63.3848198551921
12.8777777777778,0.913380258129041,1.09780870982188,0.146080884065442,63.3853529611676
12.877876984127,0.913306469181991,1.09773426214609,0.146011016573349,63.3858860185321
12.8779761904762,0.913232687041562,1.09765981474803,0.145941182438658,63.3864190272926
12.8780753968254,0.913158911706759,1.09758536763019,0.145871381646085,63.3869519874559
12.8781746031746,0.913085143176588,1.09751092079509,0.145801614180351,63.387484899029
12.8782738095238,0.913011381450046,1.09743647424522,0.145731880026177,63.3880177620188
12.878373015873,0.912937626526142,1.09736202798309,0.145662179168296,63.3885505764321
12.8784722222222,0.912863878403875,1.0972875820112,0.145592511591439,63.3890833422758
12.8785714285714,0.912790137082253,1.09721313633205,0.145522877280349,63.3896160595568
12.8786706349206,0.912716402560275,1.09713869094813,0.145453276219767,63.3901487282821
12.8787698412698,0.91264267483695,1.09706424586196,0.145383708394446,63.3906813484584
12.878869047619,0.912568953911278,1.09698980107601,0.145314173789138,63.3912139200928
12.8789682539683,0.912495239782268,1.0969153565928,0.145244672388606,63.391746443192
12.8790674603175,0.912421532448921,1.09684091241481,0.14517520417761,63.3922789177629
12.8791666666667,0.912347831910246,1.09676646854454,0.145105769140925,63.3928113438124
12.8792658730159,0.912274138165245,1.09669202498448,0.145036367263321,63.3933437213475
12.8793650793651,0.912200451212926,1.09661758173714,0.144966998529583,63.3938760503749
12.8794642857143,0.912126771052292,1.09654313880498,0.14489766292449,63.3944083309017
12.8795634920635,0.91205309768235,1.09646869619051,0.144828360432835,63.3949405629345
12.8796626984127,0.91197943110211,1.09639425389623,0.144759091039415,63.3954727464803
12.8797619047619,0.911905771310573,1.0963198119246,0.144689854729025,63.3960048815461
12.8798611111111,0.911832118306751,1.09624537027814,0.144620651486475,63.3965369681385
12.8799603174603,0.911758472089646,1.09617092895931,0.144551481296571,63.3970690062646
12.8800595238095,0.91168483265827,1.0960964879706,0.144482344144131,63.3976009959312
12.8801587301587,0.911611200011625,1.09602204731451,0.144413240013973,63.3981329371451
12.8802579365079,0.911537574148724,1.09594760699351,0.144344168890924,63.3986648299132
12.8803571428571,0.911463955068571,1.09587316701009,0.144275130759811,63.3991966742424
12.8804563492063,0.911390342770178,1.09579872736673,0.144206125605473,63.3997284701395
12.8805555555556,0.911316737252548,1.0957242880659,0.144137153412746,63.4002602176115
12.8806547619048,0.911243138514695,1.0956498491101,0.14406821416648,63.4007919166651
12.880753968254,0.911169546555624,1.09557541050179,0.14399930785152,63.4013235673072
12.8808531746032,0.911095961374347,1.09550097224346,0.143930434452727,63.4018551695447
12.8809523809524,0.911022382969869,1.09542653433759,0.143861593954956,63.4023867233844
12.8810515873016,0.910948811341203,1.09535209678664,0.143792786343074,63.4029182288332
12.8811507936508,0.910875246487361,1.0952776595931,0.143724011601955,63.4034496858979
12.88125,0.910801688407347,1.09520322275944,0.143655269716469,63.4039810945853
12.8813492063492,0.910728137100177,1.09512878628813,0.1435865606715,63.4045124549024
12.8814484126984,0.910654592564856,1.09505435018164,0.143517884451932,63.405043766856
12.8815476190476,0.910581054800399,1.09497991444245,0.143449241042656,63.4055750304529
12.8816468253968,0.910507523805814,1.09490547907303,0.143380630428566,63.4061062457
12.881746031746,0.910433999580116,1.09483104407584,0.143312052594566,63.406637412604
12.8818452380952,0.910360482122311,1.09475660945335,0.143243507525557,63.4071685311719
12.8819444444444,0.910286971431416,1.09468217520803,0.143174995206455,63.4076996014105
12.8820436507937,0.910213467506437,1.09460774134235,0.143106515622169,63.4082306233266
12.8821428571429,0.910139970346392,1.09453330785877,0.143038068757626,63.4087615969271
12.8822420634921,0.910066479950289,1.09445887475976,0.142969654597748,63.4092925222187
12.8823412698413,0.909992996317144,1.09438444204778,0.142901273127467,63.4098233992084
12.8824404761905,0.909919519445966,1.09431000972529,0.142832924331717,63.4103542279029
12.8825396825397,0.909846049335769,1.09423557779476,0.142764608195441,63.4108850083092
12.8826388888889,0.90977258598557,1.09416114625864,0.142696324703585,63.4114157404339
12.8827380952381,0.909699129394377,1.0940867151194,0.142628073841098,63.411946424284
12.8828373015873,0.909625679561208,1.09401228437949,0.142559855592937,63.4124770598662
12.8829365079365,0.909552236485074,1.09393785404137,0.142491669944062,63.4130076471875
12.8830357142857,0.909478800164991,1.0938634241075,0.142423516879441,63.4135381862546
12.8831349206349,0.909405370599972,1.09378899458033,0.142355396384042,63.4140686770743
12.8832341269841,0.909331947789033,1.09371456546232,0.142287308442844,63.4145991196535
12.8833333333333,0.909258531731186,1.09364013675592,0.142219253040825,63.4151295139989
12.8834325396825,0.909185122425451,1.09356570846359,0.142151230162974,63.4156598601175
12.8835317460317,0.909111719870838,1.09349128058777,0.14208323979428,63.4161901580159
12.883630952381,0.909038324066367,1.09341685313093,0.14201528191974,63.4167204077011
12.8837301587302,0.90896493501105,1.0933424260955,0.141947356524354,63.4172506091799
12.8838293650794,0.908891552703906,1.09326799948394,0.141879463593131,63.4177807624589
12.8839285714286,0.908818177143949,1.09319357329869,0.141811603111078,63.4183108675452
12.8840277777778,0.908744808330195,1.0931191475422,0.141743775063214,63.4188409244454
12.884126984127,0.908671446261665,1.09304472221692,0.141675979434561,63.4193709331664
12.8842261904762,0.90859809093737,1.0929702973253,0.141608216210143,63.419900893715
12.8843253968254,0.908524742356333,1.09289587286977,0.141540485374993,63.420430806098
12.8844246031746,0.908451400517566,1.09282144885279,0.141472786914146,63.4209606703222
12.8845238095238,0.908378065420092,1.09274702527679,0.141405120812646,63.4214904863943
12.884623015873,0.908304737062923,1.09267260214421,0.141337487055535,63.4220202543213
12.8847222222222,0.908231415445082,1.09259817945749,0.141269885627869,63.4225499741098
12.8848214285714,0.908158100565584,1.09252375721908,0.141202316514701,63.4230796457667
12.8849206349206,0.90808479242345,1.09244933543142,0.141134779701096,63.4236092692988
12.8850198412698,0.908011491017696,1.09237491409693,0.141067275172116,63.4241388447129
12.885119047619,0.907938196347344,1.09230049321806,0.140999802912837,63.4246683720157
12.8852182539683,0.90786490841141,1.09222607279724,0.140932362908332,63.4251978512142
12.8853174603175,0.907791627208918,1.09215165283691,0.140864955143686,63.4257272823149
12.8854166666667,0.907718352738882,1.0920772333395,0.140797579603982,63.4262566653248
12.8855158730159,0.907645085000326,1.09200281430744,0.140730236274313,63.4267860002506
12.8856150793651,0.90757182399227,1.09192839574316,0.140662925139779,63.4273152870992
12.8857142857143,0.907498569713732,1.0918539776491,0.140595646185477,63.4278445258772
12.8858134920635,0.907425322163735,1.09177956002768,0.140528399396517,63.4283737165915
12.8859126984127,0.907352081341298,1.09170514288134,0.140461184758008,63.4289028592488
12.8860119047619,0.907278847245444,1.0916307262125,0.140394002255071,63.429431953856
12.8861111111111,0.907205619875192,1.09155631002359,0.140326851872823,63.4299610004198
12.8862103174603,0.907132399229566,1.09148189431703,0.140259733596394,63.430489998947
12.8863095238095,0.907059185307585,1.09140747909525,0.140192647410915,63.4310189494444
12.8864087301587,0.906985978108274,1.09133306436067,0.140125593301524,63.4315478519186
12.8865079365079,0.906912777630652,1.09125865011572,0.14005857125336,63.4320767063766
12.8866071428571,0.906839583873746,1.09118423636282,0.139991581251574,63.4326055128251
12.8867063492063,0.906766396836573,1.09110982310438,0.139924623281314,63.4331342712708
12.8868055555556,0.906693216518161,1.09103541034283,0.139857697327741,63.4336629817205
12.8869047619048,0.906620042917529,1.09096099808059,0.139790803376014,63.4341916441811
12.887003968254,0.906546876033702,1.09088658632008,0.139723941411301,63.4347202586591
12.8871031746032,0.906473715865706,1.09081217506371,0.139657111418776,63.4352488251615
12.8872023809524,0.906400562412561,1.0907377643139,0.139590313383613,63.4357773436949
12.8873015873016,0.906327415673295,1.09066335407306,0.139523547290998,63.4363058142662
12.8874007936508,0.906254275646928,1.09058894434362,0.139456813126114,63.4368342368821
12.8875,0.906181142332489,1.09051453512797,0.139390110874158,63.4373626115493
12.8875992063492,0.906108015728998,1.09044012642854,0.139323440520322,63.4378909382746
12.8876984126984,0.906034895835484,1.09036571824774,0.139256802049814,63.4384192170648
12.8877976190476,0.90596178265097,1.09029131058797,0.139190195447836,63.4389474479265
12.8878968253968,0.905888676174484,1.09021690345165,0.139123620699605,63.4394756308667
12.887996031746,0.905815576405047,1.09014249684118,0.139057077790334,63.4400037658919
12.8880952380952,0.90574248334169,1.09006809075898,0.138990566705249,63.440531853009
12.8881944444444,0.905669396983435,1.08999368520744,0.138924087429576,63.4410598922247
12.8882936507936,0.905596317329313,1.08991928018898,0.138857639948548,63.4415878835458
12.8883928571429,0.905523244378346,1.08984487570599,0.138791224247401,63.442115826979
12.8884920634921,0.905450178129562,1.08977047176089,0.13872484031138,63.442643722531
12.8885912698413,0.905377118581991,1.08969606835607,0.138658488125732,63.4431715702085
12.8886904761905,0.905304065734656,1.08962166549394,0.138592167675708,63.4436993700184
12.8887896825397,0.905231019586589,1.0895472631769,0.138525878946568,63.4442271219674
12.8888888888889,0.905157980136814,1.08947286140734,0.138459621923572,63.4447548260621
12.8889880952381,0.905084947384362,1.08939846018767,0.138393396591991,63.4452824823094
12.8890873015873,0.905011921328258,1.08932405952028,0.138327202937094,63.4458100907159
12.8891865079365,0.904938901967534,1.08924965940758,0.138261040944163,63.4463376512885
12.8892857142857,0.904865889301215,1.08917525985195,0.138194910598476,63.4468651640337
12.8893849206349,0.904792883328334,1.0891008608558,0.138128811885326,63.4473926289584
12.8894841269841,0.904719884047916,1.0890264624215,0.138062744790001,63.4479200460693
12.8895833333333,0.904646891458994,1.08895206455147,0.137996709297804,63.4484474153731
12.8896825396825,0.904573905560594,1.08887766724809,0.137930705394032,63.4489747368766
12.8897817460317,0.90450092635175,1.08880327051375,0.137864733063999,63.4495020105863
12.889880952381,0.904427953831488,1.08872887435085,0.137798792293013,63.4500292365092
12.8899801587302,0.90435498799884,1.08865447876176,0.137732883066394,63.4505564146519
12.8900793650794,0.904282028852839,1.08858008374889,0.137667005369467,63.4510835450211
12.8901785714286,0.904209076392512,1.08850568931461,0.137601159187556,63.4516106276235
12.8902777777778,0.904136130616893,1.08843129546131,0.137535344505999,63.4521376624659
12.890376984127,0.90406319152501,1.08835690219138,0.137469561310129,63.4526646495549
12.8904761904762,0.903990259115899,1.08828250950721,0.137403809585294,63.4531915888974
12.8905753968254,0.903917333388586,1.08820811741117,0.137338089316838,63.4537184804999
12.8906746031746,0.903844414342108,1.08813372590565,0.137272400490118,63.4542453243692
12.8907738095238,0.903771501975493,1.08805933499303,0.137206743090489,63.454772120512
12.890873015873,0.903698596287778,1.08798494467569,0.137141117103317,63.4552988689351
12.8909722222222,0.903625697277991,1.08791055495601,0.137075522513968,63.4558255696451
12.8910714285714,0.903552804945169,1.08783616583637,0.137009959307817,63.4563522226487
12.8911706349206,0.903479919288341,1.08776177731915,0.136944427470241,63.4568788279526
12.8912698412698,0.903407040306544,1.08768738940672,0.136878926986626,63.4574053855636
12.891369047619,0.903334167998808,1.08761300210146,0.136813457842357,63.4579318954883
12.8914682539683,0.903261302364169,1.08753861540574,0.136748020022828,63.4584583577334
12.8915674603175,0.903188443401663,1.08746422932193,0.136682613513442,63.4589847723057
12.8916666666667,0.903115591110319,1.08738984385242,0.136617238299596,63.4595111392118
12.8917658730159,0.903042745489177,1.08731545899957,0.136551894366704,63.4600374584584
12.8918650793651,0.902969906537267,1.08724107476575,0.136486581700176,63.4605637300522
12.8919642857143,0.902897074253629,1.08716669115334,0.136421300285433,63.4610899539999
12.8920634920635,0.902824248637292,1.08709230816469,0.136356050107897,63.4616161303082
12.8921626984127,0.902751429687297,1.08701792580219,0.136290831152998,63.4621422589838
12.8922619047619,0.902678617402675,1.08694354406819,0.136225643406168,63.4626683400333
12.8923611111111,0.902605811782466,1.08686916296507,0.136160486852848,63.4631943734635
12.8924603174603,0.902533012825703,1.08679478249518,0.136095361478479,63.4637203592811
12.8925595238095,0.902460220531425,1.08672040266089,0.136030267268513,63.4642462974926
12.8926587301587,0.902387434898665,1.08664602346456,0.135965204208401,63.4647721881049
12.8927579365079,0.902314655926464,1.08657164490857,0.135900172283604,63.4652980311245
12.8928571428571,0.902241883613855,1.08649726699526,0.135835171479584,63.4658238265582
12.8929563492064,0.902169117959877,1.086422889727,0.135770201781811,63.4663495744127
12.8930555555556,0.90209635896357,1.08634851310615,0.13570526317576,63.4668752746945
12.8931547619048,0.902023606623966,1.08627413713506,0.135640355646907,63.4674009274104
12.893253968254,0.901950860940109,1.08619976181609,0.13557547918074,63.4679265325671
12.8933531746032,0.901878121911033,1.08612538715161,0.135510633762744,63.4684520901712
12.8934523809524,0.901805389535779,1.08605101314396,0.135445819378416,63.4689776002294
12.8935515873016,0.901732663813383,1.0859766397955,0.135381036013253,63.4695030627483
12.8936507936508,0.901659944742887,1.08590226710858,0.135316283652762,63.4700284777347
12.89375,0.901587232323327,1.08582789508556,0.135251562282449,63.4705538451952
12.8938492063492,0.901514526553745,1.08575352372878,0.135186871887831,63.4710791651364
12.8939484126984,0.901441827433177,1.0856791530406,0.135122212454424,63.471604437565
12.8940476190476,0.901369134960668,1.08560478302337,0.135057583967755,63.4721296624877
12.8941468253968,0.901296449135253,1.08553041367943,0.134992986413352,63.4726548399112
12.894246031746,0.901223769955976,1.08545604501114,0.13492841977675,63.473179969842
12.8943452380952,0.901151097421873,1.08538167702084,0.134863884043487,63.4737050522869
12.8944444444444,0.901078431531989,1.08530730971087,0.134799379199108,63.4742300872526
12.8945436507937,0.901005772285365,1.08523294308358,0.134734905229165,63.4747550747455
12.8946428571429,0.900933119681038,1.08515857714132,0.134670462119209,63.4752800147725
12.8947420634921,0.900860473718055,1.08508421188643,0.134606049854801,63.4758049073401
12.8948412698413,0.900787834395452,1.08500984732124,0.134541668421504,63.476329752455
12.8949404761905,0.900715201712275,1.08493548344811,0.134477317804891,63.4768545501239
12.8950396825397,0.900642575667564,1.08486112026936,0.134412997990532,63.4773793003534
12.8951388888889,0.900569956260363,1.08478675778734,0.134348708964011,63.4779040031501
12.8952380952381,0.900497343489712,1.08471239600439,0.134284450710908,63.4784286585208
12.8953373015873,0.900424737354657,1.08463803492285,0.134220223216817,63.4789532664719
12.8954365079365,0.900352137854238,1.08456367454504,0.134156026467329,63.4794778270102
12.8955357142857,0.900279544987501,1.08448931487332,0.134091860448048,63.4800023401424
12.8956349206349,0.900206958753486,1.08441495590999,0.134027725144574,63.4805268058749
12.8957341269841,0.900134379151241,1.08434059765742,0.13396362054252,63.4810512242146
12.8958333333333,0.900061806179806,1.08426624011792,0.133899546627499,63.4815755951679
12.8959325396825,0.899989239838227,1.08419188329382,0.133835503385131,63.4820999187416
12.8960317460317,0.89991668012555,1.08411752718746,0.133771490801044,63.4826241949423
12.896130952381,0.899844127040816,1.08404317180117,0.133707508860863,63.4831484237766
12.8962301587302,0.899771580583074,1.08396881713727,0.133643557550227,63.4836726052511
12.8963293650794,0.899699040751365,1.08389446319809,0.133579636854772,63.4841967393725
12.8964285714286,0.899626507544738,1.08382010998596,0.133515746760147,63.4847208261474
12.8965277777778,0.899553980962235,1.08374575750321,0.133451887251999,63.4852448655824
12.896626984127,0.899481461002905,1.08367140575215,0.133388058315986,63.4857688576841
12.8967261904762,0.899408947665792,1.08359705473511,0.133324259937764,63.4862928024591
12.8968253968254,0.899336440949944,1.08352270445442,0.133260492103002,63.4868166999142
12.8969246031746,0.899263940854404,1.0834483549124,0.133196754797367,63.4873405500558
12.8970238095238,0.899191447378224,1.08337400611136,0.133133048006538,63.4878643528906
12.897123015873,0.899118960520446,1.08329965805363,0.13306937171619,63.4883881084252
12.8972222222222,0.899046480280121,1.08322531074152,0.133005725912013,63.4889118166663
12.8973214285714,0.898974006656292,1.08315096417736,0.132942110579694,63.4894354776205
12.8974206349206,0.89890153964801,1.08307661836345,0.13287852570493,63.4899590912942
12.8975198412698,0.898829079254325,1.08300227330212,0.132814971273422,63.4904826576943
12.897619047619,0.898756625474279,1.08292792899568,0.132751447270872,63.4910061768272
12.8977182539683,0.898684178306926,1.08285358544645,0.132687953682995,63.4915296486996
12.8978174603175,0.89861173775131,1.08277924265673,0.132624490495501,63.4920530733181
12.8979166666667,0.898539303806485,1.08270490062885,0.132561057694116,63.4925764506892
12.8980158730159,0.898466876471494,1.0826305593651,0.132497655264561,63.4930997808197
12.8981150793651,0.898394455745391,1.0825562188678,0.132434283192571,63.493623063716
12.8982142857143,0.898322041627223,1.08248187913926,0.132370941463876,63.4941462993849
12.8983134920635,0.898249634116042,1.08240754018179,0.132307630064221,63.4946694878328
12.8984126984127,0.898177233210894,1.0823332019977,0.132244348979349,63.4951926290664
12.8985119047619,0.898104838910834,1.08225886458928,0.132181098195012,63.4957157230923
12.8986111111111,0.898032451214907,1.08218452795885,0.132117877696964,63.496238769917
12.8987103174603,0.89796007012217,1.08211019210872,0.132054687470969,63.4967617695472
12.8988095238095,0.897887695631668,1.08203585704117,0.131991527502789,63.4972847219894
12.8989087301587,0.897815327742455,1.08196152275852,0.131928397778195,63.4978076272503
12.8990079365079,0.897742966453584,1.08188718926307,0.131865298282967,63.4983304853364
12.8991071428571,0.897670611764102,1.08181285655711,0.131802229002881,63.4988532962543
12.8992063492063,0.897598263673066,1.08173852464296,0.131739189923725,63.4993760600106
12.8993055555556,0.897525922179524,1.08166419352289,0.131676181031289,63.4998987766119
12.8994047619048,0.89745358728253,1.08158986319923,0.131613202311371,63.5004214460648
12.899503968254,0.897381258981136,1.08151553367425,0.131550253749768,63.5009440683758
12.8996031746032,0.897308937274396,1.08144120495025,0.13148733533229,63.5014666435514
12.8997023809524,0.897236622161359,1.08136687702954,0.131424447044744,63.5019891715984
12.8998015873016,0.897164313641084,1.0812925499144,0.13136158887295,63.5025116525233
12.8999007936508,0.89709201171262,1.08121822360712,0.131298760802726,63.5030340863326
12.9,0.897019716375023,1.08114389811,0.1312359628199,63.5035564730329
12.9000992063492,0.896947427627345,1.08106957342533,0.131173194910301,63.5040788126308
12.9001984126984,0.896875145468642,1.08099524955541,0.131110457059769,63.5046011051328
12.9002976190476,0.896802869897967,1.0809209265025,0.131047749254139,63.5051233505456
12.9003968253968,0.896730600914374,1.08084660426891,0.130985071479262,63.5056455488756
12.900496031746,0.896658338516921,1.08077228285693,0.130922423720989,63.5061677001295
12.9005952380952,0.896586082704658,1.08069796226883,0.130859805965174,63.5066898043138
12.9006944444444,0.896513833476646,1.0806236425069,0.130797218197681,63.5072118614351
12.9007936507937,0.896441590831936,1.08054932357343,0.130734660404372,63.5077338714999
12.9008928571429,0.896369354769587,1.0804750054707,0.130672132571124,63.5082558345149
12.9009920634921,0.896297125288651,1.08040068820099,0.130609634683808,63.5087777504865
12.9010912698413,0.896224902388189,1.08032637176659,0.130547166728309,63.5092996194212
12.9011904761905,0.896152686067253,1.08025205616977,0.130484728690511,63.5098214413258
12.9012896825397,0.896080476324903,1.08017774141281,0.130422320556308,63.5103432162067
12.9013888888889,0.896008273160193,1.08010342749799,0.130359942311594,63.5108649440704
12.9014880952381,0.895936076572183,1.08002911442759,0.130297593942272,63.5113866249236
12.9015873015873,0.895863886559928,1.07995480220388,0.130235275434248,63.5119082587728
12.9016865079365,0.895791703122488,1.07988049082914,0.130172986773434,63.5124298456244
12.9017857142857,0.895719526258917,1.07980618030564,0.130110727945745,63.5129513854851
12.9018849206349,0.895647355968275,1.07973187063567,0.130048498937104,63.5134728783615
12.9019841269841,0.895575192249624,1.07965756182148,0.129986299733439,63.51399432426
12.9020833333333,0.895503035102016,1.07958325386535,0.129924130320679,63.5145157231871
12.9021825396825,0.895430884524515,1.07950894676955,0.129861990684763,63.5150370751495
12.9022817460317,0.895358740516176,1.07943464053635,0.12979988081163,63.5155583801537
12.902380952381,0.895286603076063,1.07936033516803,0.12973780068723,63.5160796382062
12.9024801587302,0.895214472203229,1.07928603066684,0.129675750297512,63.5166008493135
12.9025793650794,0.89514234789674,1.07921172703505,0.129613729628436,63.5171220134822
12.9026785714286,0.895070230155651,1.07913742427493,0.129551738665959,63.5176431307188
12.9027777777778,0.894998118979025,1.07906312238875,0.129489777396054,63.5181642010299
12.902876984127,0.894926014365921,1.07898882137876,0.129427845804687,63.5186852244219
12.9029761904762,0.894853916315401,1.07891452124724,0.12936594387784,63.5192062009014
12.9030753968254,0.894781824826523,1.07884022199643,0.12930407160149,63.519727130475
12.9031746031746,0.894709739898353,1.07876592362861,0.129242228961629,63.5202480131491
12.9032738095238,0.894637661529946,1.07869162614603,0.129180415944245,63.5207688489303
12.903373015873,0.894565589720367,1.07861732955095,0.129118632535337,63.5212896378251
12.9034722222222,0.89449352446868,1.07854303384564,0.129056878720908,63.52181037984
12.9035714285714,0.894421465773941,1.07846873903234,0.128995154486963,63.5223310749815
12.9036706349206,0.894349413635219,1.07839444511331,0.128933459819516,63.5228517232562
12.9037698412698,0.89427736805157,1.07832015209081,0.128871794704583,63.5233723246705
12.903869047619,0.894205329022063,1.07824585996709,0.128810159128187,63.5238928792311
12.9039682539683,0.894133296545754,1.07817156874441,0.128748553076354,63.5244133869443
12.9040674603175,0.894061270621713,1.07809727842501,0.128686976535118,63.5249338478168
12.9041666666667,0.893989251248998,1.07802298901115,0.128625429490514,63.525454261855
12.9042658730159,0.893917238426676,1.07794870050508,0.128563911928588,63.5259746290654
12.9043650793651,0.893845232153807,1.07787441290904,0.128502423835383,63.5264949494546
12.9044642857143,0.89377323242946,1.0778001262253,0.128440965196955,63.527015223029
12.9045634920635,0.893701239252696,1.07772584045608,0.128379535999358,63.5275354497951
12.9046626984127,0.893629252622581,1.07765155560365,0.128318136228659,63.5280556297596
12.9047619047619,0.893557272538177,1.07757727167024,0.128256765870921,63.5285757629287
12.9048611111111,0.893485298998551,1.0775029886581,0.128195424912218,63.5290958493092
12.9049603174603,0.893413332002771,1.07742870656947,0.12813411333863,63.5296158889074
12.9050595238095,0.893341371549897,1.0773544254066,0.128072831136236,63.5301358817298
12.9051587301587,0.893269417638999,1.07728014517172,0.128011578291126,63.530655827783
12.9052579365079,0.89319747026914,1.07720586586708,0.127950354789391,63.5311757270734
12.9053571428571,0.893125529439389,1.07713158749492,0.127889160617131,63.5316955796076
12.9054563492064,0.893053595148809,1.07705731005747,0.127827995760446,63.532215385392
12.9055555555556,0.89298166739647,1.07698303355698,0.127766860205446,63.5327351444331
12.9056547619048,0.892909746181435,1.07690875799568,0.127705753938241,63.5332548567375
12.905753968254,0.892837831502775,1.0768344833758,0.127644676944952,63.5337745223115
12.9058531746032,0.892765923359554,1.07676020969958,0.127583629211699,63.5342941411617
12.9059523809524,0.892694021750842,1.07668593696926,0.127522610724612,63.5348137132945
12.9060515873016,0.892622126675705,1.07661166518706,0.127461621469822,63.5353332387166
12.9061507936508,0.892550238133213,1.07653739435523,0.12740066143347,63.5358527174342
12.90625,0.89247835612243,1.07646312447598,0.127339730601694,63.536372149454
12.9063492063492,0.892406480642429,1.07638885555155,0.127278828960646,63.5368915347823
12.9064484126984,0.892334611692278,1.07631458758417,0.127217956496479,63.5374108734257
12.9065476190476,0.892262749271043,1.07624032057607,0.127157113195348,63.5379301653907
12.9066468253968,0.892190893377797,1.07616605452947,0.12709629904342,63.5384494106836
12.906746031746,0.892119044011605,1.07609178944661,0.127035514026859,63.5389686093111
12.9068452380952,0.892047201171541,1.07601752532969,0.126974758131842,63.5394877612795
12.9069444444444,0.891975364856671,1.07594326218096,0.126914031344543,63.5400068665953
12.9070436507936,0.891903535066069,1.07586900000263,0.12685333365115,63.540525925265
12.9071428571429,0.891831711798801,1.07579473879692,0.126792665037846,63.5410449372951
12.9072420634921,0.891759895053942,1.07572047856606,0.12673202549083,63.541563902692
12.9073412698413,0.891688084830558,1.07564621931226,0.126671414996294,63.5420828214622
12.9074404761905,0.891616281127724,1.07557196103776,0.126610833540447,63.5426016936122
12.9075396825397,0.891544483944508,1.07549770374475,0.126550281109493,63.5431205191484
12.9076388888889,0.891472693279985,1.07542344743547,0.126489757689649,63.5436392980772
12.9077380952381,0.891400909133223,1.07534919211212,0.126429263267129,63.5441580304052
12.9078373015873,0.891329131503295,1.07527493777692,0.12636879782816,63.5446767161387
12.9079365079365,0.891257360389276,1.0752006844321,0.12630836135897,63.5451953552843
12.9080357142857,0.891185595790234,1.07512643207985,0.126247953845791,63.5457139478484
12.9081349206349,0.891113837705246,1.0750521807224,0.126187575274864,63.5462324938375
12.9082341269841,0.891042086133381,1.07497793036195,0.126127225632429,63.5467509932579
12.9083333333333,0.890970341073714,1.07490368100072,0.126066904904739,63.5472694461162
12.9084325396825,0.890898602525317,1.07482943264092,0.126006613078043,63.5477878524188
12.9085317460317,0.890826870487266,1.07475518528475,0.125946350138603,63.5483062121721
12.908630952381,0.890755144958631,1.07468093893442,0.12588611607268,63.5488245253826
12.9087301587302,0.890683425938491,1.07460669359214,0.125825910866545,63.5493427920567
12.9088293650794,0.890611713425914,1.07453244926012,0.12576573450647,63.5498610122009
12.9089285714286,0.890540007419981,1.07445820594055,0.125705586978736,63.5503791858216
12.9090277777778,0.890468307919761,1.07438396363565,0.125645468269623,63.5508973129253
12.909126984127,0.890396614924333,1.07430972234762,0.125585378365425,63.5514153935184
12.9092261904762,0.890324928432769,1.07423548207865,0.125525317252431,63.5519334276072
12.9093253968254,0.890253248444145,1.07416124283095,0.125465284916941,63.5524514151984
12.9094246031746,0.89018157495754,1.07408700460672,0.125405281345262,63.5529693562982
12.9095238095238,0.890109907972026,1.07401276740816,0.125345306523699,63.5534872509131
12.909623015873,0.890038247486681,1.07393853123747,0.125285360438569,63.5540050990496
12.9097222222222,0.88996659350058,1.07386429609684,0.125225443076188,63.554522900714
12.9098214285714,0.889894946012801,1.07379006198847,0.125165554422884,63.5550406559129
12.9099206349206,0.889823305022419,1.07371582891455,0.125105694464981,63.5555583646526
12.9100198412698,0.889751670528513,1.07364159687729,0.125045863188818,63.5560760269396
12.910119047619,0.889680042530158,1.07356736587887,0.12498606058073,63.5565936427802
12.9102182539683,0.889608421026434,1.07349313592148,0.124926286627064,63.5571112121809
12.9103174603175,0.889536806016415,1.07341890700731,0.124866541314168,63.5576287351482
12.9104166666667,0.889465197499183,1.07334467913857,0.124806824628397,63.5581462116884
12.9105158730159,0.889393595473813,1.07327045231743,0.124747136556108,63.5586636418079
12.9106150793651,0.889321999939387,1.07319622654608,0.124687477083668,63.5591810255132
12.9107142857143,0.889250410894978,1.07312200182672,0.124627846197444,63.5596983628107
12.9108134920635,0.889178828339669,1.07304777816152,0.124568243883812,63.5602156537068
12.9109126984127,0.88910725227254,1.07297355555268,0.124508670129152,63.5607328982079
12.9110119047619,0.889035682692667,1.07289933400238,0.124449124919845,63.5612500963204
12.9111111111111,0.888964119599132,1.0728251135128,0.124389608242285,63.5617672480507
12.9112103174603,0.888892562991012,1.07275089408612,0.124330120082862,63.5622843534053
12.9113095238095,0.888821012867391,1.07267667572453,0.124270660427979,63.5628014123905
12.9114087301587,0.888749469227345,1.07260245843021,0.124211229264038,63.5633184250127
12.9115079365079,0.888677932069959,1.07252824220533,0.12415182657745,63.5638353912784
12.9116071428571,0.888606401394308,1.07245402705208,0.124092452354628,63.5643523111939
12.9117063492063,0.888534877199479,1.07237981297264,0.124033106581994,63.5648691847657
12.9118055555556,0.888463359484548,1.07230559996917,0.12397378924597,63.5653860120001
12.9119047619048,0.8883918482486,1.07223138804386,0.123914500332989,63.5659027929035
12.912003968254,0.888320343490713,1.07215717719888,0.123855239829481,63.5664195274824
12.9121031746032,0.888248845209974,1.07208296743641,0.123796007721891,63.566936215743
12.9122023809524,0.888177353405459,1.07200875875861,0.123736803996658,63.5674528576919
12.9123015873016,0.888105868076254,1.07193455116767,0.123677628640236,63.5679694533354
12.9124007936508,0.888034389221443,1.07186034466574,0.12361848163908,63.5684860026799
12.9125,0.887962916840104,1.07178613925501,0.123559362979646,63.5690025057318
12.9125992063492,0.887891450931325,1.07171193493764,0.123500272648403,63.5695189624974
12.9126984126984,0.887819991494185,1.07163773171579,0.123441210631818,63.5700353729832
12.9127976190476,0.887748538527771,1.07156352959165,0.123382176916369,63.5705517371955
12.9128968253968,0.887677092031163,1.07148932856736,0.123323171488532,63.5710680551408
12.912996031746,0.887605652003449,1.07141512864511,0.123264194334796,63.5715843268253
12.9130952380952,0.88753421844371,1.07134092982704,0.123205245441647,63.5721005522555
12.9131944444444,0.887462791351032,1.07126673211533,0.123146324795583,63.5726167314377
12.9132936507937,0.887391370724498,1.07119253551214,0.123087432383103,63.5731328643784
12.9133928571429,0.887319956563196,1.07111834001962,0.123028568190713,63.5736489510839
12.9134920634921,0.887248548866206,1.07104414563995,0.12296973220492,63.5741649915606
12.9135912698413,0.887177147632619,1.07096995237527,0.122910924412244,63.5746809858147
12.9136904761905,0.887105752861516,1.07089576022775,0.122852144799201,63.5751969338529
12.9137896825397,0.887034364551984,1.07082156919955,0.122793393352318,63.5757128356813
12.9138888888889,0.886962982703112,1.07074737929282,0.122734670058126,63.5762286913063
12.9139880952381,0.886891607313982,1.07067319050971,0.122675974903158,63.5767445007344
12.9140873015873,0.886820238383684,1.07059900285239,0.122617307873958,63.5772602639718
12.9141865079365,0.8867488759113,1.070524816323,0.122558668957067,63.577775981025
12.9142857142857,0.886677519895923,1.0704506309237,0.122500058139039,63.5782916519003
12.9143849206349,0.886606170336635,1.07037644665664,0.122441475406426,63.578807276604
12.9144841269841,0.886534827232527,1.07030226352398,0.122382920745792,63.5793228551426
12.9145833333333,0.886463490582684,1.07022808152785,0.122324394143699,63.5798383875223
12.9146825396825,0.886392160386196,1.07015390067041,0.122265895586721,63.5803538737496
12.9147817460317,0.886320836642148,1.07007972095381,0.12220742506143,63.5808693138307
12.914880952381,0.886249519349632,1.0700055423802,0.12214898255441,63.5813847077721
12.9149801587302,0.886178208507733,1.06993136495171,0.122090568052243,63.5819000555801
12.9150793650794,0.886106904115544,1.0698571886705,0.122032181541523,63.582415357261
12.9151785714286,0.886035606172149,1.06978301353871,0.121973823008842,63.5829306128212
12.9152777777778,0.88596431467664,1.06970883955848,0.121915492440804,63.5834458222671
12.915376984127,0.885893029628109,1.06963466673196,0.121857189824014,63.5839609856049
12.9154761904762,0.88582175102564,1.06956049506128,0.12179891514508,63.584476102841
12.9155753968254,0.885750478868328,1.06948632454859,0.121740668390623,63.5849911739818
12.9156746031746,0.885679213155259,1.06941215519603,0.121682449547258,63.5855061990336
12.9157738095238,0.885607953885528,1.06933798700573,0.121624258601615,63.5860211780027
12.915873015873,0.885536701058221,1.06926381997982,0.121566095540322,63.5865361108955
12.9159722222222,0.885465454672432,1.06918965412046,0.121507960350018,63.5870509977184
12.9160714285714,0.88539421472725,1.06911548942977,0.121449853017341,63.5875658384775
12.9161706349206,0.885322981221768,1.06904132590988,0.121391773528939,63.5880806331794
12.9162698412698,0.885251754155076,1.06896716356294,0.12133372187146,63.5885953818303
12.916369047619,0.885180533526268,1.06889300239107,0.121275698031564,63.5891100844365
12.9164682539683,0.885109319334433,1.0688188423964,0.121217701995908,63.5896247410044
12.9165674603175,0.885038111578667,1.06874468358107,0.121159733751162,63.5901393515402
12.9166666666667,0.884966910258058,1.0686705259472,0.121101793283994,63.5906539160504
12.9167658730159,0.884895715371701,1.06859636949692,0.121043880581081,63.5911684345413
12.9168650793651,0.88482452691869,1.06852221423237,0.120985995629106,63.5916829070191
12.9169642857143,0.884753344898116,1.06844806015566,0.120928138414752,63.5921973334903
12.9170634920635,0.884682169309076,1.06837390726893,0.120870308924713,63.592711713961
12.9171626984127,0.884611000150658,1.06829975557429,0.120812507145683,63.5932260484377
12.9172619047619,0.884539837421962,1.06822560507388,0.120754733064366,63.5937403369266
12.9173611111111,0.884468681122076,1.06815145576981,0.120696986667465,63.5942545794341
12.9174603174603,0.8843975312501,1.0680773076642,0.120639267941694,63.5947687759664
12.9175595238095,0.884326387805124,1.06800316075919,0.120581576873767,63.59528292653
12.9176587301587,0.884255250786246,1.06792901505688,0.120523913450408,63.595797031131
12.9177579365079,0.884184120192558,1.06785487055939,0.12046627765834,63.5963110897759
12.9178571428571,0.884112996023159,1.06778072726886,0.120408669484299,63.5968251024709
12.9179563492063,0.884041878277141,1.06770658518738,0.120351088915017,63.5973390692223
12.9180555555556,0.883970766953602,1.06763244431708,0.120293535937239,63.5978529900364
12.9181547619048,0.883899662051636,1.06755830466007,0.120236010537709,63.5983668649196
12.918253968254,0.883828563570339,1.06748416621846,0.120178512703179,63.5988806938781
12.9183531746032,0.883757471508812,1.06741002899438,0.120121042420408,63.5993944769183
12.9184523809524,0.883686385866145,1.06733589298993,0.120063599676154,63.5999082140464
12.9185515873016,0.883615306641441,1.06726175820722,0.120006184457187,63.6004219052687
12.9186507936508,0.883544233833791,1.06718762464836,0.119948796750276,63.6009355505916
12.91875,0.883473167442298,1.06711349231547,0.1198914365422,63.6014491500212
12.9188492063492,0.883402107466056,1.06703936121065,0.119834103819738,63.601962703564
12.9189484126984,0.883331053904164,1.06696523133601,0.11977679856968,63.6024762112263
12.9190476190476,0.883260006755719,1.06689110269365,0.119719520778815,63.6029896730142
12.9191468253968,0.883188966019822,1.06681697528568,0.119662270433942,63.6035030889341
12.919246031746,0.883117931695567,1.0667428491142,0.119605047521861,63.6040164589923
12.9193452380952,0.883046903782058,1.06666872418133,0.119547852029381,63.604529783195
12.9194444444444,0.882975882278388,1.06659460048915,0.119490683943311,63.6050430615486
12.9195436507936,0.882904867183662,1.06652047803978,0.119433543250471,63.6055562940594
12.9196428571429,0.882833858496975,1.06644635683531,0.11937642993768,63.6060694807335
12.9197420634921,0.882762856217428,1.06637223687784,0.119319343991767,63.6065826215774
12.9198412698413,0.882691860344124,1.06629811816947,0.119262285399565,63.6070957165972
12.9199404761905,0.882620870876157,1.0662240007123,0.119205254147908,63.6076087657993
12.9200396825397,0.882549887812633,1.06614988450843,0.119148250223642,63.6081217691899
12.9201388888889,0.882478911152649,1.06607576955995,0.11909127361361,63.6086347267753
12.9202380952381,0.882407940895308,1.06600165586896,0.119034324304668,63.6091476385618
12.9203373015873,0.882336977039709,1.06592754343754,0.11897740228367,63.6096605045556
12.9204365079365,0.882266019584955,1.0658534322678,0.11892050753748,63.6101733247631
12.9205357142857,0.882195068530145,1.06577932236182,0.118863640052964,63.6106860991904
12.9206349206349,0.882124123874385,1.06570521372171,0.118806799816997,63.6111988278439
12.9207341269841,0.882053185616772,1.06563110634953,0.118749986816452,63.6117115107298
12.9208333333333,0.881982253756413,1.06555700024739,0.118693201038216,63.6122241478543
12.9209325396825,0.881911328292405,1.06548289541737,0.118636442469172,63.6127367392239
12.9210317460317,0.881840409223856,1.06540879186157,0.118579711096217,63.6132492848446
12.921130952381,0.881769496549865,1.06533468958206,0.118523006906244,63.6137617847228
12.9212301587302,0.881698590269536,1.06526058858093,0.118466329886157,63.6142742388647
12.9213293650794,0.881627690381974,1.06518648886027,0.118409680022865,63.6147866472766
12.9214285714286,0.881556796886281,1.06511239042215,0.118353057303279,63.6152990099647
12.9215277777778,0.881485909781562,1.06503829326867,0.118296461714318,63.6158113269353
12.921626984127,0.881415029066918,1.0649641974019,0.118239893242902,63.6163235981947
12.9217261904762,0.881344154741458,1.06489010282393,0.118183351875962,63.616835823749
12.9218253968254,0.881273286804282,1.06481600953682,0.118126837600427,63.6173480036046
12.9219246031746,0.881202425254499,1.06474191754267,0.118070350403238,63.6178601377677
12.9220238095238,0.881131570091209,1.06466782684354,0.118013890271335,63.6183722262445
12.922123015873,0.881060721313522,1.06459373744152,0.117957457191668,63.6188842690413
12.9222222222222,0.880989878920539,1.06451964933868,0.117901051151187,63.6193962661644
12.9223214285714,0.88091904291137,1.0644455625371,0.117844672136854,63.6199082176199
12.9224206349206,0.880848213285117,1.06437147703884,0.117788320135627,63.6204201234141
12.9225198412698,0.880777390040889,1.06429739284598,0.117731995134477,63.6209319835532
12.922619047619,0.880706573177789,1.0642233099606,0.117675697120376,63.6214437980435
12.9227182539683,0.880635762694926,1.06414922838476,0.117619426080301,63.6219555668913
12.9228174603175,0.880564958591409,1.06407514812053,0.117563182001237,63.6224672901027
12.9229166666667,0.88049416086634,1.06400106916999,0.11750696487017,63.622978967684
12.9230158730159,0.88042336951883,1.06392699153519,0.117450774674096,63.6234905996414
12.9231150793651,0.880352584547984,1.06385291521821,0.117394611400008,63.6240021859812
12.9232142857143,0.880281805952913,1.06377884022112,0.117338475034914,63.6245137267095
12.9233134920635,0.880211033732721,1.06370476654597,0.117282365565819,63.6250252218327
12.9234126984127,0.88014026788652,1.06363069419483,0.117226282979738,63.6255366713569
12.9235119047619,0.880069508413414,1.06355662316977,0.117170227263687,63.6260480752883
12.9236111111111,0.879998755312516,1.06348255347284,0.117114198404692,63.6265594336332
12.9237103174603,0.879928008582931,1.06340848510611,0.117058196389779,63.6270707463979
12.9238095238095,0.879857268223773,1.06333441807164,0.117002221205982,63.6275820135884
12.9239087301587,0.879786534234145,1.06326035237148,0.116946272840339,63.6280932352111
12.9240079365079,0.879715806613163,1.0631862880077,0.116890351279894,63.6286044112721
12.9241071428571,0.879645085359931,1.06311222498235,0.116834456511694,63.6291155417778
12.9242063492064,0.879574370473562,1.06303816329749,0.116778588522793,63.6296266267342
12.9243055555556,0.879503661953169,1.06296410295517,0.116722747300251,63.6301376661476
12.9244047619048,0.879432959797857,1.06289004395745,0.116666932831129,63.6306486600242
12.924503968254,0.87936226400674,1.06281598630638,0.116611145102497,63.6311596083702
12.9246031746032,0.879291574578928,1.06274193000401,0.116555384101427,63.6316705111919
12.9247023809524,0.879220891513533,1.0626678750524,0.116499649815,63.6321813684954
12.9248015873016,0.879150214809665,1.0625938214536,0.116443942230296,63.632692180287
12.9249007936508,0.879079544466437,1.06251976920965,0.116388261334408,63.6332029465728
12.925,0.87900888048296,1.0624457183226,0.116332607114425,63.633713667359
12.9250992063492,0.878938222858347,1.0623716687945,0.116276979557449,63.6342243426519
12.9251984126984,0.878867571591708,1.0622976206274,0.116221378650582,63.6347349724577
12.9252976190476,0.87879692668216,1.06222357382334,0.116165804380934,63.6352455567825
12.9253968253968,0.878726288128811,1.06214952838437,0.116110256735616,63.6357560956325
12.925496031746,0.878655655930777,1.06207548431254,0.116054735701751,63.636266589014
12.9255952380952,0.87858503008717,1.06200144160987,0.115999241266458,63.6367770369331
12.9256944444444,0.878514410597103,1.06192740027842,0.115943773416868,63.637287439396
12.9257936507937,0.878443797459693,1.06185336032023,0.115888332140118,63.637797796409
12.9258928571429,0.878373190674049,1.06177932173733,0.115832917423341,63.6383081079781
12.9259920634921,0.87830259023929,1.06170528453177,0.115777529253686,63.6388183741097
12.9260912698413,0.878231996154526,1.06163124870558,0.115722167618298,63.6393285948098
12.9261904761905,0.878161408418876,1.06155721426081,0.115666832504334,63.6398387700847
12.9262896825397,0.878090827031451,1.06148318119947,0.115611523898951,63.6403488999405
12.9263888888889,0.87802025199137,1.06140914952362,0.115556241789314,63.6408589843835
12.9264880952381,0.877949683297744,1.06133511923528,0.115500986162591,63.6413690234198
12.9265873015873,0.877879120949692,1.0612610903365,0.115445757005958,63.6418790170555
12.9266865079365,0.877808564946327,1.06118706282929,0.115390554306592,63.642388965297
12.9267857142857,0.877738015286769,1.06111303671569,0.115335378051679,63.6428988681502
12.9268849206349,0.877667471970129,1.06103901199774,0.115280228228406,63.6434087256215
12.9269841269841,0.877596934995529,1.06096498867745,0.11522510482397,63.643918537717
12.9270833333333,0.87752640436208,1.06089096675686,0.115170007825568,63.6444283044428
12.9271825396825,0.877455880068903,1.060816946238,0.115114937220404,63.6449380258052
12.9272817460317,0.877385362115116,1.0607429271229,0.11505989299569,63.6454477018103
12.927380952381,0.877314850499833,1.06066890941357,0.115004875138636,63.6459573324642
12.9274801587302,0.877244345222174,1.06059489311204,0.114949883636467,63.6464669177732
12.9275793650794,0.877173846281255,1.06052087822034,0.114894918476402,63.6469764577434
12.9276785714286,0.877103353676197,1.06044686474048,0.114839979645674,63.6474859523809
12.9277777777778,0.877032867406115,1.0603728526745,0.114785067131515,63.647995401692
12.927876984127,0.876962387470131,1.0602988420244,0.114730180921167,63.6485048056827
12.9279761904762,0.87689191386736,1.06022483279222,0.114675321001872,63.6490141643593
12.9280753968254,0.876821446596925,1.06015082497996,0.114620487360881,63.6495234777279
12.9281746031746,0.876750985657941,1.06007681858965,0.114565679985448,63.6500327457946
12.9282738095238,0.876680531049532,1.0600028136233,0.114510898862833,63.6505419685656
12.928373015873,0.876610082770813,1.05992881008293,0.1144561439803,63.6510511460471
12.9284722222222,0.876539640820909,1.05985480797055,0.11440141532512,63.6515602782452
12.9285714285714,0.876469205198936,1.05978080728818,0.114346712884565,63.6520693651661
12.9286706349206,0.876398775904016,1.05970680803783,0.114292036645917,63.6525784068159
12.9287698412698,0.876328352935271,1.05963281022151,0.114237386596461,63.6530874032007
12.928869047619,0.876257936291819,1.05955881384123,0.114182762723485,63.6535963543267
12.9289682539683,0.876187525972785,1.059484818899,0.114128165014286,63.6541052602001
12.9290674603175,0.876117121977286,1.05941082539684,0.114073593456161,63.654614120827
12.9291666666667,0.876046724304447,1.05933683333674,0.114019048036418,63.6551229362135
12.9292658730159,0.875976332953387,1.05926284272072,0.113964528742364,63.6556317063657
12.9293650793651,0.875905947923232,1.05918885355078,0.113910035561316,63.6561404312899
12.9294642857143,0.875835569213099,1.05911486582893,0.113855568480592,63.6566491109921
12.9295634920635,0.875765196822116,1.05904087955717,0.11380112748752,63.6571577454785
12.9296626984127,0.8756948307494,1.0589668947375,0.113746712569426,63.6576663347551
12.9297619047619,0.87562447099408,1.05889291137193,0.11369232371365,63.6581748788283
12.9298611111111,0.875554117555274,1.05881892946246,0.113637960907527,63.658683377704
12.9299603174603,0.875483770432109,1.05874494901108,0.113583624138405,63.6591918313884
12.9300595238095,0.875413429623706,1.05867097001981,0.113529313393633,63.6597002398876
12.9301587301587,0.87534309512919,1.05859699249062,0.113475028660566,63.6602086032078
12.9302579365079,0.875272766947687,1.05852301642553,0.113420769926567,63.6607169213551
12.9303571428571,0.875202445078318,1.05844904182653,0.113366537178997,63.6612251943355
12.9304563492063,0.875132129520211,1.05837506869562,0.11331233040523,63.6617334221553
12.9305555555556,0.875061820272487,1.05830109703478,0.113258149592638,63.6622416048206
12.9306547619048,0.874991517334274,1.05822712684602,0.113203994728605,63.6627497423374
12.930753968254,0.874921220704696,1.05815315813132,0.113149865800512,63.6632578347118
12.9308531746032,0.87485093038288,1.05807919089268,0.113095762795753,63.6637658819501
12.9309523809524,0.874780646367949,1.05800522513209,0.113041685701721,63.6642738840583
12.9310515873016,0.874710368659032,1.05793126085153,0.112987634505819,63.6647818410425
12.9311507936508,0.874640097255252,1.057857298053,0.112933609195449,63.6652897529089
12.93125,0.87456983215574,1.05778333673848,0.112879609758025,63.6657976196635
12.9313492063492,0.874499573359617,1.05770937690996,0.112825636180959,63.6663054413124
12.9314484126984,0.874429320866015,1.05763541856943,0.112771688451675,63.6668132178618
12.9315476190476,0.874359074674056,1.05756146171887,0.112717766557596,63.6673209493178
12.9316468253968,0.874288834782872,1.05748750636026,0.112663870486153,63.6678286356865
12.931746031746,0.874218601191589,1.05741355249559,0.112610000224784,63.6683362769739
12.9318452380952,0.874148373899334,1.05733960012684,0.112556155760926,63.6688438731862
12.9319444444444,0.874078152905237,1.05726564925599,0.112502337082029,63.6693514243295
12.9320436507937,0.874007938208423,1.05719169988502,0.112448544175539,63.6698589304098
12.9321428571429,0.873937729808024,1.05711775201591,0.112394777028916,63.6703663914334
12.9322420634921,0.873867527703166,1.05704380565064,0.112341035629617,63.6708738074061
12.9323412698413,0.87379733189298,1.05696986079118,0.112287319965112,63.6713811783343
12.9324404761905,0.873727142376594,1.05689591743951,0.112233630022867,63.6718885042239
12.9325396825397,0.873656959153139,1.05682197559761,0.112179965790363,63.672395785081
12.9326388888889,0.873586782221741,1.05674803526744,0.112126327255076,63.6729030209118
12.9327380952381,0.873516611581535,1.05667409645099,0.112072714404496,63.6734102117223
12.9328373015873,0.873446447231646,1.05660015915023,0.112019127226111,63.6739173575186
12.9329365079365,0.873376289171209,1.05652622336712,0.111965565707419,63.6744244583068
12.9330357142857,0.873306137399351,1.05645228910364,0.111912029835919,63.6749315140929
12.9331349206349,0.873235991915204,1.05637835636175,0.111858519599118,63.6754385248832
12.9332341269841,0.873165852717901,1.05630442514344,0.11180503498453,63.6759454906835
12.9333333333333,0.87309571980657,1.05623049545065,0.111751575979666,63.6764524115001
12.9334325396825,0.873025593180346,1.05615656728536,0.111698142572051,63.676959287339
12.9335317460317,0.872955472838356,1.05608264064953,0.111644734749209,63.6774661182062
12.933630952381,0.872885358779738,1.05600871554514,0.111591352498673,63.6779729041079
12.9337301587302,0.872815251003618,1.05593479197413,0.111537995807978,63.6784796450501
12.9338293650794,0.872745149509134,1.05586086993849,0.111484664664666,63.6789863410389
12.9339285714286,0.872675054295415,1.05578694944015,0.111431359056281,63.6794929920804
12.9340277777778,0.872604965361596,1.0557130304811,0.111378078970378,63.6799995981805
12.934126984127,0.872534882706807,1.05563911306328,0.11132482439451,63.6805061593455
12.9342261904762,0.872464806330186,1.05556519718866,0.111271595316242,63.6810126755814
12.9343253968254,0.872394736230862,1.05549128285919,0.111218391723136,63.6815191468942
12.9344246031746,0.872324672407973,1.05541737007683,0.111165213602767,63.6820255732899
12.9345238095238,0.872254614860649,1.05534345884354,0.11111206094271,63.6825319547748
12.934623015873,0.872184563588027,1.05526954916126,0.111058933730546,63.6830382913547
12.9347222222222,0.872114518589242,1.05519564103197,0.111005831953863,63.6835445830358
12.9348214285714,0.872044479863425,1.0551217344576,0.110952755600251,63.6840508298242
12.9349206349206,0.871974447409717,1.05504782944011,0.110899704657309,63.6845570317258
12.9350198412698,0.871904421227246,1.05497392598145,0.110846679112636,63.6850631887468
12.935119047619,0.871834401315155,1.05490002408357,0.110793678953841,63.6855693008931
12.9352182539683,0.871764387672572,1.05482612374843,0.110740704168532,63.6860753681709
12.9353174603175,0.87169438029864,1.05475222497796,0.11068775474433,63.6865813905862
12.9354166666667,0.87162437919249,1.05467832777412,0.110634830668854,63.687087368145
12.9355158730159,0.871554384353262,1.05460443213885,0.110581931929733,63.6875933008534
12.9356150793651,0.871484395780089,1.05453053807409,0.110529058514595,63.6880991887175
12.9357142857143,0.871414413472111,1.0544566455818,0.110476210411082,63.6886050317432
12.9358134920635,0.871344437428462,1.05438275466391,0.110423387606831,63.6891108299367
12.9359126984127,0.871274467648283,1.05430886532237,0.110370590089492,63.6896165833039
12.9360119047619,0.871204504130708,1.05423497755911,0.110317817846716,63.6901222918509
12.9361111111111,0.871134546874876,1.05416109137608,0.110265070866159,63.6906279555838
12.9362103174603,0.871064595879928,1.05408720677523,0.110212349135485,63.6911335745085
12.9363095238095,0.870994651144997,1.05401332375848,0.110159652642359,63.6916391486312
12.9364087301587,0.870924712669225,1.05393944232777,0.110106981374455,63.6921446779577
12.9365079365079,0.870854780451749,1.05386556248504,0.110054335319447,63.6926501624943
12.9366071428571,0.87078485449171,1.05379168423223,0.110001714465022,63.6931556022469
12.9367063492064,0.870714934788243,1.05371780757127,0.109949118798862,63.6936609972215
12.9368055555556,0.870645021340493,1.0536439325041,0.109896548308663,63.6941663474241
12.9369047619048,0.870575114147594,1.05357005903264,0.109844002982119,63.6946716528609
12.937003968254,0.870505213208691,1.05349618715883,0.109791482806936,63.6951769135378
12.9371031746032,0.870435318522919,1.0534223168846,0.109738987770817,63.6956821294608
12.9372023809524,0.870365430089423,1.05334844821188,0.109686517861478,63.696187300636
12.9373015873016,0.87029554790734,1.0532745811426,0.109634073066633,63.6966924270693
12.9374007936508,0.870225671975814,1.05320071567869,0.109581653374008,63.6971975087669
12.9375,0.870155802293981,1.05312685182206,0.109529258771326,63.6977025457347
12.9375992063492,0.870085938860986,1.05305298957466,0.109476889246323,63.6982075379787
12.9376984126984,0.870016081675972,1.0529791289384,0.109424544786736,63.698712485505
12.9377976190476,0.869946230738076,1.05290526991521,0.109372225380306,63.6992173883195
12.9378968253968,0.869876386046445,1.05283141250701,0.109319931014782,63.6997222464283
12.937996031746,0.869806547600216,1.05275755671572,0.109267661677914,63.7002270598374
12.9380952380952,0.869736715398536,1.05268370254327,0.109215417357463,63.7007318285527
12.9381944444444,0.869666889440543,1.05260984999157,0.109163198041189,63.7012365525804
12.9382936507936,0.869597069725385,1.05253599906254,0.109111003716861,63.7017412319264
12.9383928571429,0.8695272562522,1.05246214975811,0.109058834372251,63.7022458665967
12.9384920634921,0.869457449020135,1.05238830208018,0.109006689995137,63.7027504565973
12.9385912698413,0.869387648028331,1.05231445603068,0.108954570573301,63.7032550019342
12.9386904761905,0.869317853275935,1.05224061161152,0.108902476094532,63.7037595026135
12.9387896825397,0.869248064762087,1.05216676882462,0.108850406546621,63.704263958641
12.9388888888889,0.869178282485935,1.05209292767188,0.108798361917368,63.7047683700229
12.9389880952381,0.869108506446619,1.05201908815523,0.108746342194573,63.705272736765
12.9390873015873,0.869038736643287,1.05194525027657,0.108694347366046,63.7057770588735
12.9391865079365,0.868968973075085,1.05187141403781,0.1086423774196,63.7062813363543
12.9392857142857,0.868899215741154,1.05179757944086,0.108590432343051,63.7067855692133
12.9393849206349,0.868829464640644,1.05172374648763,0.108538512124225,63.7072897574566
12.9394841269841,0.868759719772697,1.05164991518003,0.108486616750947,63.7077939010902
12.9395833333333,0.868689981136462,1.05157608551997,0.108434746211052,63.70829800012
12.9396825396825,0.868620248731081,1.05150225750935,0.108382900492377,63.7088020545521
12.9397817460317,0.868550522555704,1.05142843115007,0.108331079582765,63.7093060643923
12.939880952381,0.868480802609474,1.05135460644404,0.108279283470064,63.7098100296468
12.9399801587302,0.868411088891543,1.05128078339317,0.108227512142129,63.7103139503215
12.9400793650794,0.868341381401052,1.05120696199934,0.108175765586815,63.7108178264223
12.9401785714286,0.868271680137153,1.05113314226448,0.108124043791988,63.7113216579552
12.9402777777778,0.86820198509899,1.05105932419046,0.108072346745514,63.7118254449263
12.940376984127,0.868132296285714,1.0509855077792,0.108020674435268,63.7123291873414
12.9404761904762,0.868062613696469,1.05091169303259,0.107969026849127,63.7128328852067
12.9405753968254,0.867992937330406,1.05083787995253,0.107917403974975,63.7133365385279
12.9406746031746,0.867923267186673,1.05076406854092,0.107865805800701,63.7138401473112
12.9407738095238,0.867853603264418,1.05069025879964,0.107814232314196,63.7143437115624
12.940873015873,0.867783945562791,1.0506164507306,0.107762683503362,63.7148472312876
12.9409722222222,0.867714294080939,1.05054264433568,0.107711159356099,63.7153507064927
12.9410714285714,0.867644648818014,1.05046883961678,0.107659659860317,63.7158541371836
12.9411706349206,0.867575009773162,1.0503950365758,0.107608185003929,63.7163575233664
12.9412698412698,0.867505376945537,1.05032123521461,0.107556734774855,63.716860865047
12.941369047619,0.867435750334284,1.05024743553511,0.107505309161016,63.7173641622313
12.9414682539683,0.867366129938559,1.05017363753919,0.107453908150344,63.7178674149254
12.9415674603175,0.867296515757507,1.05009984122873,0.107402531730768,63.7183706231352
12.9416666666667,0.867226907790283,1.05002604660563,0.107351179890231,63.7188737868665
12.9417658730159,0.867157306036034,1.04995225367176,0.107299852616674,63.7193769061255
12.9418650793651,0.867087710493916,1.04987846242902,0.107248549898047,63.719879980918
12.9419642857143,0.867018121163075,1.04980467287928,0.107197271722302,63.72038301125
12.9420634920635,0.866948538042666,1.04973088502442,0.1071460180774,63.7208859971274
12.9421626984127,0.866878961131841,1.04965709886634,0.107094788951304,63.7213889385562
12.9422619047619,0.86680939042975,1.0495833144069,0.107043584331982,63.7218918355424
12.9423611111111,0.866739825935548,1.049509531648,0.106992404207409,63.7223946880918
12.9424603174603,0.866670267648384,1.0494357505915,0.106941248565562,63.7228974962104
12.9425595238095,0.866600715567415,1.04936197123929,0.106890117394428,63.7234002599043
12.9426587301587,0.866531169691789,1.04928819359324,0.106839010681993,63.7239029791792
12.9427579365079,0.866461630020665,1.04921441765522,0.106787928416253,63.7244056540412
12.9428571428571,0.866392096553191,1.04914064342712,0.106736870585205,63.7249082844961
12.9429563492063,0.866322569288525,1.04906687091081,0.106685837176856,63.72541087055
12.9430555555556,0.866253048225818,1.04899310010815,0.106634828179211,63.7259134122088
12.9431547619048,0.866183533364226,1.04891933102103,0.106583843580288,63.7264159094783
12.943253968254,0.866114024702901,1.04884556365131,0.106532883368102,63.7269183623646
12.9433531746032,0.866044522241002,1.04877179800086,0.106481947530682,63.7274207708735
12.9434523809524,0.865975025977678,1.04869803407155,0.106431036056053,63.727923135011
12.9435515873016,0.865905535912088,1.04862427186525,0.106380148932251,63.7284254547831
12.9436507936508,0.865836052043388,1.04855051138383,0.106329286147316,63.7289277301955
12.94375,0.865766574370731,1.04847675262914,0.106278447689291,63.7294299612544
12.9438492063492,0.865697102893275,1.04840299560307,0.106227633546226,63.7299321479655
12.9439484126984,0.865627637610172,1.04832924030747,0.106176843706174,63.7304342903348
12.9440476190476,0.865558178520584,1.0482554867442,0.106126078157196,63.7309363883683
12.9441468253968,0.865488725623663,1.04818173491513,0.106075336887355,63.7314384420718
12.944246031746,0.865419278918568,1.04810798482212,0.106024619884723,63.7319404514513
12.9443452380952,0.865349838404454,1.04803423646703,0.10597392713737,63.7324424165127
12.9444444444444,0.865280404080481,1.04796048985171,0.10592325863338,63.7329443372619
12.9445436507937,0.865210975945803,1.04788674497803,0.105872614360835,63.7334462137048
12.9446428571429,0.865141553999581,1.04781300184785,0.105821994307825,63.7339480458473
12.9447420634921,0.865072138240969,1.04773926046301,0.105771398462444,63.7344498336953
12.9448412698413,0.865002728669129,1.04766552082538,0.105720826812793,63.7349515772548
12.9449404761905,0.864933325283216,1.04759178293681,0.105670279346975,63.7354532765317
12.9450396825397,0.864863928082391,1.04751804679916,0.105619756053101,63.7359549315318
12.9451388888889,0.864794537065813,1.04744431241427,0.105569256919286,63.7364565422611
12.9452380952381,0.864725152232637,1.047370579784,0.105518781933647,63.7369581087254
12.9453373015873,0.864655773582028,1.04729684891019,0.105468331084312,63.7374596309307
12.9454365079365,0.864586401113141,1.04722311979471,0.105417904359409,63.7379611088829
12.9455357142857,0.864517034825139,1.04714939243939,0.105367501747074,63.7384625425879
12.9456349206349,0.864447674717178,1.04707566684609,0.105317123235444,63.7389639320515
12.9457341269841,0.864378320788423,1.04700194301665,0.105266768812668,63.7394652772796
12.9458333333333,0.864308973038029,1.04692822095292,0.105216438466892,63.7399665782783
12.9459325396825,0.864239631465162,1.04685450065674,0.105166132186275,63.7404678350532
12.9460317460317,0.864170296068978,1.04678078212995,0.105115849958972,63.7409690476104
12.946130952381,0.864100966848642,1.04670706537441,0.105065591773153,63.7414702159558
12.9462301587302,0.864031643803312,1.04663335039194,0.105015357616983,63.7419713400951
12.9463293650794,0.863962326932154,1.0465596371844,0.104965147478642,63.7424724200344
12.9464285714286,0.863893016234324,1.04648592575362,0.104914961346306,63.7429734557794
12.9465277777778,0.863823711708987,1.04641221610144,0.104864799208162,63.7434744473362
12.946626984127,0.863754413355308,1.0463385082297,0.104814661052402,63.7439753947104
12.9467261904762,0.863685121172444,1.04626480214024,0.104764546867217,63.7444762979082
12.9468253968254,0.863615835159563,1.04619109783489,0.10471445664081,63.7449771569352
12.9469246031746,0.863546555315823,1.04611739531548,0.104664390361385,63.7454779717974
12.9470238095238,0.863477281640392,1.04604369458387,0.104614348017154,63.7459787425007
12.947123015873,0.863408014132429,1.04596999564186,0.10456432959633,63.7464794690509
12.9472222222222,0.863338752791101,1.0458962984913,0.104514335087136,63.746980151454
12.9473214285714,0.863269497615569,1.04582260313403,0.104464364477793,63.7474807897158
12.9474206349206,0.863200248605,1.04574890957186,0.104414417756537,63.7479813838421
12.9475198412698,0.863131005758555,1.04567521780663,0.104364494911598,63.7484819338388
12.947619047619,0.863061769075403,1.04560152784017,0.10431459593122,63.7489824397119
12.9477182539683,0.862992538554703,1.0455278396743,0.104264720803647,63.7494829014671
12.9478174603175,0.862923314195626,1.04545415331086,0.104214869517131,63.7499833191103
12.9479166666667,0.862854095997333,1.04538046875166,0.104165042059925,63.7504836926475
12.9480158730159,0.86278488395899,1.04530678599853,0.10411523842029,63.7509840220844
12.9481150793651,0.862715678079766,1.0452331050533,0.104065458586495,63.7514843074269
12.9482142857143,0.862646478358822,1.04515942591778,0.104015702546806,63.7519845486809
12.9483134920635,0.86257728479533,1.04508574859381,0.103965970289503,63.7524847458522
12.9484126984127,0.86250809738845,1.0450120730832,0.103916261802862,63.7529848989468
12.9485119047619,0.862438916137354,1.04493839938777,0.103866577075173,63.7534850079703
12.9486111111111,0.862369741041205,1.04486472750933,0.103816916094724,63.7539850729288
12.9487103174603,0.862300572099173,1.04479105744972,0.103767278849812,63.754485093828
12.9488095238095,0.862231409310423,1.04471738921073,0.103717665328736,63.7549850706738
12.9489087301587,0.862162252674125,1.0446437227942,0.103668075519805,63.7554850034721
12.9490079365079,0.862093102189444,1.04457005820193,0.103618509411327,63.7559848922287
12.9491071428571,0.862023957855551,1.04449639543574,0.10356896699162,63.7564847369494
12.9492063492063,0.861954819671611,1.04442273449744,0.103519448249002,63.7569845376401
12.9493055555556,0.861885687636796,1.04434907538884,0.103469953171803,63.7574842943066
12.9494047619048,0.861816561750271,1.04427541811176,0.10342048174835,63.7579840069548
12.949503968254,0.861747442011206,1.044201762668,0.103371033966981,63.7584836755905
12.9496031746032,0.861678328418774,1.04412810905938,0.103321609816037,63.7589833002195
12.9497023809524,0.861609220972139,1.0440544572877,0.103272209283864,63.7594828808478
12.9498015873016,0.861540119670475,1.04398080735477,0.103222832358813,63.759982417481
12.9499007936508,0.861471024512948,1.0439071592624,0.10317347902924,63.7604819101252
12.95,0.861401935498732,1.04383351301239,0.103124149283506,63.760981358786
12.9500992063492,0.861332852626993,1.04375986860654,0.103074843109977,63.7614807634693
12.9501984126984,0.861263775896906,1.04368622604666,0.103025560497026,63.761980124181
12.9502976190476,0.861194705307638,1.04361258533455,0.102976301433026,63.7624794409268
12.9503968253968,0.861125640858364,1.04353894647202,0.102927065906362,63.7629787137127
12.950496031746,0.86105658254825,1.04346530946085,0.102877853905416,63.7634779425444
12.9505952380952,0.860987530376473,1.04339167430286,0.102828665418584,63.7639771274277
12.9506944444444,0.8609184843422,1.04331804099984,0.102779500434258,63.7644762683686
12.9507936507936,0.860849444444607,1.04324440955359,0.102730358940843,63.7649753653727
12.9508928571429,0.860780410682863,1.04317077996591,0.102681240926743,63.7654744184459
12.9509920634921,0.860711383056141,1.04309715223858,0.10263214638037,63.7659734275941
12.9510912698413,0.860642361563617,1.04302352637342,0.102583075290142,63.766472392823
12.9511904761905,0.860573346204458,1.0429499023722,0.102534027644478,63.7669713141385
12.9512896825397,0.860504336977843,1.04287628023672,0.102485003431808,63.7674701915464
12.9513888888889,0.860435333882941,1.04280265996877,0.102436002640559,63.7679690250525
12.9514880952381,0.860366336918929,1.04272904157016,0.102387025259172,63.7684678146625
12.9515873015873,0.860297346084977,1.04265542504265,0.102338071276085,63.7689665603824
12.9516865079365,0.860228361380263,1.04258181038805,0.102289140679747,63.7694652622179
12.9517857142857,0.860159382803957,1.04250819760814,0.102240233458608,63.7699639201748
12.9518849206349,0.860090410355238,1.04243458670471,0.102191349601128,63.770462534259
12.9519841269841,0.860021444033276,1.04236097767955,0.102142489095764,63.7709611044762
12.9520833333333,0.859952483837251,1.04228737053443,0.102093651930987,63.7714596308322
12.9521825396825,0.859883529766334,1.04221376527115,0.102044838095265,63.7719581133328
12.9522817460317,0.859814581819703,1.04214016189148,0.101996047577079,63.7724565519839
12.952380952381,0.859745639996531,1.04206656039721,0.101947280364907,63.7729549467913
12.9524801587302,0.859676704295996,1.04199296079012,0.101898536447238,63.7734532977606
12.9525793650794,0.859607774717276,1.04191936307199,0.101849815812564,63.7739516048978
12.9526785714286,0.859538851259542,1.0418457672446,0.101801118449381,63.7744498682086
12.9527777777778,0.859469933921976,1.04177217330973,0.101752444346192,63.7749480876988
12.952876984127,0.859401022703751,1.04169858126916,0.101703793491503,63.7754462633742
12.9529761904762,0.859332117604046,1.04162499112465,0.101655165873828,63.7759443952406
12.9530753968254,0.859263218622037,1.04155140287799,0.101606561481681,63.7764424833037
12.9531746031746,0.859194325756903,1.04147781653096,0.101557980303587,63.7769405275694
12.9532738095238,0.85912543900782,1.04140423208531,0.10150942232807,63.7774385280435
12.953373015873,0.859056558373968,1.04133064954284,0.101460887543666,63.7779364847317
12.9534722222222,0.858987683854522,1.0412570689053,0.101412375938909,63.7784343976398
12.9535714285714,0.858918815448665,1.04118349017447,0.101363887502343,63.7789322667736
12.9536706349206,0.858849953155571,1.04110991335212,0.101315422222514,63.7794300921388
12.9537698412698,0.858781096974422,1.04103633844002,0.101266980087977,63.7799278737413
12.953869047619,0.858712246904395,1.04096276543993,0.101218561087285,63.7804256115868
12.9539682539683,0.85864340294467,1.04088919435362,0.101170165209003,63.7809233056811
12.9540674603175,0.858574565094429,1.04081562518287,0.101121792441699,63.78142095603
12.9541666666667,0.858505733352848,1.04074205792942,0.101073442773943,63.7819185626392
12.9542658730159,0.858436907719111,1.04066849259505,0.101025116194316,63.7824161255145
12.9543650793651,0.858368088192394,1.04059492918152,0.100976812691396,63.7829136446617
12.9544642857143,0.858299274771881,1.04052136769059,0.100928532253775,63.7834111200865
12.9545634920635,0.85823046745675,1.04044780812402,0.100880274870042,63.7839085517947
12.9546626984127,0.858161666246185,1.04037425048357,0.100832040528797,63.7844059397921
12.9547619047619,0.858092871139363,1.040300694771,0.10078382921864,63.7849032840844
12.9548611111111,0.85802408213547,1.04022714098807,0.100735640928182,63.7854005846774
12.9549603174603,0.857955299233684,1.04015358913654,0.100687475646032,63.7858978415769
12.9550595238095,0.85788652243319,1.04008003921816,0.100639333360811,63.7863950547885
12.9551587301587,0.857817751733167,1.04000649123468,0.100591214061139,63.7868922243182
12.9552579365079,0.8577489871328,1.03993294518787,0.100543117735645,63.7873893501715
12.9553571428571,0.857680228631269,1.03985940107947,0.100495044372962,63.7878864323543
12.9554563492064,0.857611476227759,1.03978585891123,0.100446993961726,63.7883834708724
12.9555555555556,0.857542729921453,1.03971231868492,0.100398966490584,63.7888804657314
12.9556547619048,0.857473989711532,1.03963878040227,0.100350961948179,63.7893774169372
12.955753968254,0.857405255597183,1.03956524406504,0.100302980323167,63.7898743244954
12.9558531746032,0.857336527577586,1.03949170967497,0.100255021604204,63.7903711884118
12.9559523809524,0.857267805651928,1.03941817723382,0.100207085779955,63.7908680086922
12.9560515873016,0.857199089819391,1.03934464674333,0.100159172839086,63.7913647853423
12.9561507936508,0.857130380079162,1.03927111820524,0.100111282770272,63.7918615183679
12.95625,0.857061676430421,1.0391975916213,0.100063415562188,63.7923582077746
12.9563492063492,0.856992978872359,1.03912406699325,0.100015571203521,63.7928548535683
12.9564484126984,0.856924287404156,1.03905054432284,0.0999677496829553,63.7933514557546
12.9565476190476,0.856855602025001,1.03897702361181,0.0999199509891871,63.7938480143393
12.9566468253968,0.856786922734076,1.03890350486189,0.0998721751109121,63.7943445293282
12.956746031746,0.85671824953057,1.03882998807483,0.0998244220368358,63.7948410007269
12.9568452380952,0.856649582413667,1.03875647325237,0.099776691755664,63.7953374285413
12.9569444444444,0.856580921382554,1.03868296039624,0.0997289842561111,63.7958338127769
12.9570436507937,0.856512266436419,1.03860944950818,0.0996812995268967,63.7963301534396
12.9571428571429,0.856443617574445,1.03853594058992,0.0996336375567416,63.7968264505351
12.9572420634921,0.856374974795824,1.03846243364321,0.0995859983343766,63.7973227040691
12.9573412698413,0.856306338099738,1.03838892866978,0.0995383818485326,63.7978189140474
12.9574404761905,0.856237707485379,1.03831542567135,0.0994907880879505,63.7983150804756
12.9575396825397,0.85616908295193,1.03824192464966,0.0994432170413713,63.7988112033594
12.9576388888889,0.856100464498584,1.03816842560644,0.0993956686975458,63.7993072827047
12.9577380952381,0.856031852124525,1.03809492854343,0.099348143045225,63.7998033185171
12.9578373015873,0.855963245828944,1.03802143346234,0.09930064007317,63.8002993108023
12.9579365079365,0.855894645611027,1.03794794036491,0.0992531597701418,63.800795259566
12.9580357142857,0.855826051469966,1.03787444925287,0.0992057021249115,63.8012911648141
12.9581349206349,0.855757463404947,1.03780096012794,0.0991582671262501,63.801787026552
12.9582341269841,0.855688881415162,1.03772747299184,0.099110854762939,63.8022828447857
12.9583333333333,0.855620305499797,1.03765398784631,0.099063465023759,63.8027786195208
12.9584325396825,0.855551735658044,1.03758050469306,0.0990160978975003,63.803274350763
12.9585317460317,0.855483171889095,1.03750702353381,0.0989687533729578,63.8037700385179
12.958630952381,0.855414614192136,1.0374335443703,0.0989214314389277,63.8042656827914
12.9587301587302,0.855346062566361,1.03736006720423,0.0988741320842164,63.8047612835891
12.9588293650794,0.855277517010958,1.03728659203733,0.0988268552976302,63.8052568409167
12.9589285714286,0.85520897752512,1.03721311887132,0.0987796010679853,63.8057523547799
12.9590277777778,0.855140444108036,1.0371396477079,0.0987323693840982,63.8062478251845
12.959126984127,0.8550719167589,1.03706617854881,0.0986851602347953,63.8067432521361
12.9592261904762,0.8550033954769,1.03699271139576,0.0986379736089029,63.8072386356403
12.9593253968254,0.854934880261232,1.03691924625045,0.0985908094952577,63.807733975703
12.9594246031746,0.854866371111085,1.03684578311461,0.0985436678826961,63.8082292723298
12.9595238095238,0.854797868025653,1.03677232198995,0.0984965487600644,63.8087245255264
12.959623015873,0.854729371004126,1.03669886287817,0.0984494521162094,63.8092197352984
12.9597222222222,0.8546608800457,1.03662540578099,0.0984023779399877,63.8097149016516
12.9598214285714,0.854592395149565,1.03655195070012,0.0983553262202558,63.8102100245917
12.9599206349206,0.854523916314916,1.03647849763727,0.0983082969458791,63.8107051041243
12.9600198412698,0.854455443540947,1.03640504659414,0.098261290105728,63.8112001402552
12.960119047619,0.85438697682685,1.03633159757244,0.0982143056886743,63.8116951329899
12.9602182539683,0.854318516171821,1.03625815057389,0.0981673436835998,63.8121900823343
12.9603174603175,0.854250061575051,1.03618470560017,0.0981204040793859,63.8126849882939
12.9604166666667,0.854181613035738,1.036111262653,0.0980734868649248,63.8131798508745
12.9605158730159,0.854113170553073,1.03603782173408,0.0980265920291082,63.8136746700817
12.9606150793651,0.854044734126254,1.03596438284512,0.0979797195608379,63.8141694459212
12.9607142857143,0.853976303754473,1.0358909459878,0.0979328694490157,63.8146641783987
12.9608134920635,0.853907879436928,1.03581751116385,0.0978860416825537,63.8151588675198
12.9609126984127,0.853839461172813,1.03574407837494,0.0978392362503638,63.8156535132902
12.9610119047619,0.853771048961325,1.03567064762278,0.0977924531413678,63.8161481157157
12.9611111111111,0.853702642801657,1.03559721890907,0.0977456923444879,63.8166426748018
12.9612103174603,0.85363424269301,1.0355237922355,0.097698953848656,63.8171371905542
12.9613095238095,0.853565848634575,1.03545036760377,0.0976522376428043,63.8176316629786
12.9614087301587,0.853497460625552,1.03537694501558,0.0976055437158735,63.8181260920807
12.9615079365079,0.853429078665139,1.03530352447261,0.0975588720568096,63.8186204778661
12.9616071428571,0.85336070275253,1.03523010597656,0.0975122226545597,63.8191148203405
12.9617063492063,0.853292332886925,1.03515668952912,0.097465595498081,63.8196091195095
12.9618055555556,0.853223969067519,1.03508327513198,0.0974189905763305,63.8201033753788
12.9619047619048,0.853155611293513,1.03500986278684,0.0973724078782758,63.820597587954
12.962003968254,0.853087259564102,1.03493645249537,0.097325847392884,63.8210917572409
12.9621031746032,0.853018913878486,1.03486304425927,0.0972793091091323,63.821585883245
12.9622023809524,0.852950574235863,1.03478963808022,0.0972327930159982,63.8220799659721
12.9623015873016,0.852882240635432,1.03471623395991,0.097186299102469,63.8225740054277
12.9624007936508,0.852813913076391,1.03464283190002,0.0971398273575321,63.8230680016175
12.9625,0.852745591557942,1.03456943190225,0.0970933777701848,63.8235619545471
12.9625992063492,0.85267727607928,1.03449603396826,0.0970469503294247,63.8240558642223
12.9626984126984,0.85260896663961,1.03442263809974,0.0970005450242593,63.8245497306487
12.9627976190476,0.852540663238126,1.03434924429837,0.0969541618436961,63.8250435538318
12.9628968253968,0.852472365874032,1.03427585256584,0.0969078007767512,63.8255373337774
12.962996031746,0.852404074546529,1.03420246290382,0.0968614618124462,63.826031070491
12.9630952380952,0.852335789254814,1.03412907531399,0.0968151449398035,63.8265247639784
12.9631944444444,0.852267509998093,1.03405568979802,0.0967688501478558,63.8270184142451
12.9632936507937,0.852199236775561,1.03398230635759,0.0967225774256357,63.8275120212968
12.9633928571429,0.852130969586425,1.03390892499439,0.0966763267621861,63.8280055851391
12.9634920634921,0.852062708429881,1.03383554571007,0.0966300981465495,63.8284991057777
12.9635912698413,0.851994453305136,1.03376216850632,0.0965838915677787,63.8289925832182
12.9636904761905,0.851926204211388,1.0336887933848,0.0965377070149265,63.8294860174662
12.9637896825397,0.851857961147843,1.03361542034719,0.0964915444770558,63.8299794085274
12.9638888888889,0.851789724113698,1.03354204939516,0.0964454039432293,63.8304727564073
12.9639880952381,0.851721493108162,1.03346868053038,0.0963992854025199,63.8309660611116
12.9640873015873,0.851653268130433,1.0333953137545,0.0963531888440006,63.8314593226459
12.9641865079365,0.851585049179717,1.03332194906922,0.0963071142567542,63.8319525410159
12.9642857142857,0.851516836255215,1.03324858647618,0.0962610616298637,63.8324457162272
12.9643849206349,0.851448629356132,1.03317522597705,0.096215030952421,63.8329388482854
12.9644841269841,0.851380428481673,1.03310186757351,0.0961690222135226,63.833431937196
12.9645833333333,0.85131223363104,1.0330285112672,0.0961230354022667,63.8339249829648
12.9646825396825,0.851244044803439,1.0329551570598,0.0960770705077614,63.8344179855973
12.9647817460317,0.851175861998072,1.03288180495297,0.0960311275191148,63.8349109450992
12.964880952381,0.851107685214148,1.03280845494836,0.095985206425445,63.8354038614761
12.9649801587302,0.851039514450867,1.03273510704764,0.0959393072158702,63.8358967347335
12.9650793650794,0.850971349707438,1.03266176125246,0.0958934298795185,63.8363895648771
12.9651785714286,0.850903190983064,1.03258841756448,0.0958475744055182,63.8368823519125
12.9652777777778,0.850835038276953,1.03251507598537,0.0958017407830077,63.8373750958453
12.965376984127,0.850766891588308,1.03244173651676,0.0957559290011252,63.8378677966811
12.9654761904762,0.850698750916339,1.03236839916033,0.0957101390490189,63.8383604544255
12.9655753968254,0.850630616260248,1.03229506391772,0.0956643709158372,63.8388530690842
12.9656746031746,0.850562487619245,1.03222173079059,0.0956186245907385,63.8393456406626
12.9657738095238,0.850494364992535,1.03214839978058,0.0955729000628814,63.8398381691665
12.965873015873,0.850426248379325,1.03207507088935,0.0955271973214327,63.8403306546014
12.9659722222222,0.850358137778825,1.03200174411855,0.095481516355565,63.8408230969729
12.9660714285714,0.850290033190238,1.03192841946983,0.0954358571544516,63.8413154962866
12.9661706349206,0.850221934612777,1.03185509694483,0.0953902197072761,63.841807852548
12.9662698412698,0.850153842045645,1.03178177654521,0.095344604003222,63.8423001657629
12.966369047619,0.850085755488054,1.0317084582726,0.0952990100314829,63.8427924359368
12.9664682539683,0.85001767493921,1.03163514212866,0.0952534377812524,63.8432846630752
12.9665674603175,0.849949600398324,1.03156182811503,0.0952078872417343,63.8437768471837
12.9666666666667,0.849881531864601,1.03148851623334,0.0951623584021321,63.8442689882681
12.9667658730159,0.849813469337255,1.03141520648526,0.0951168512516596,63.8447610863337
12.9668650793651,0.849745412815492,1.0313418988724,0.0950713657795305,63.8452531413862
12.9669642857143,0.849677362298523,1.03126859339642,0.0950259019749686,63.8457451534313
12.9670634920635,0.849609317785557,1.03119529005895,0.0949804598271976,63.8462371224744
12.9671626984127,0.849541279275805,1.03112198886164,0.0949350393254516,63.8467290485211
12.9672619047619,0.849473246768476,1.03104868980611,0.0948896404589642,63.8472209315771
12.9673611111111,0.849405220262781,1.03097539289401,0.0948442632169781,63.8477127716479
12.9674603174603,0.849337199757934,1.03090209812698,0.0947989075887409,63.848204568739
12.9675595238095,0.84926918525314,1.03082880550663,0.0947535735635018,63.8486963228562
12.9676587301587,0.849201176747616,1.03075551503462,0.0947082611305194,63.8491880340048
12.9677579365079,0.849133174240569,1.03068222671257,0.0946629702790531,63.8496797021905
12.9678571428571,0.849065177731214,1.03060894054212,0.0946177009983717,63.8501713274189
12.9679563492064,0.848997187218759,1.03053565652488,0.0945724532777444,63.8506629096955
12.9680555555556,0.848929202702421,1.03046237466251,0.0945272271064502,63.8511544490259
12.9681547619048,0.848861224181409,1.03038909495661,0.0944820224737681,63.8516459454157
12.968253968254,0.848793251655901,1.03031581740515,0.0944368393871822,63.852137398866
12.9683531746032,0.848725285128484,1.03024254199674,0.09439167790032,63.852628809367
12.9684523809524,0.848657324598616,1.03016926873182,0.0943465380084883,63.8531201769229
12.9685515873016,0.848589370065455,1.03009599761196,0.0943014197014069,63.8536115015391
12.9686507936508,0.848521421528163,1.03002272863872,0.0942563229688051,63.8541027832211
12.96875,0.848453478985899,1.02994946181366,0.0942112478004113,63.8545940219744
12.9688492063492,0.848385542437825,1.02987619713834,0.0941661941859624,63.8550852178044
12.9689484126984,0.848317611883105,1.02980293461431,0.0941211621151996,63.8555763707165
12.9690476190476,0.848249687320898,1.02972967424315,0.0940761515778646,63.8560674807163
12.9691468253968,0.84818176875037,1.0296564160264,0.0940311625637087,63.8565585478092
12.969246031746,0.848113856170681,1.02958315996562,0.0939861950624825,63.8570495720007
12.9693452380952,0.848045949581,1.02950990606238,0.0939412490639461,63.8575405532962
12.9694444444444,0.847978048980486,1.02943665431821,0.0938963245578588,63.8580314917012
12.9695436507936,0.847910154368309,1.02936340473468,0.0938514215339895,63.8585223872211
12.9696428571429,0.847842265743631,1.02929015731334,0.0938065399821065,63.8590132398614
12.9697420634921,0.847774383105621,1.02921691205575,0.0937616798919873,63.8595040496275
12.9698412698413,0.847706506453443,1.02914366896344,0.0937168412534091,63.859994816525
12.9699404761905,0.847638635786268,1.02907042803797,0.0936720240561582,63.8604855405591
12.9700396825397,0.84757077110326,1.0289971892809,0.0936272282900206,63.8609762217355
12.9701388888889,0.847502912403591,1.02892395269377,0.0935824539447914,63.8614668600594
12.9702380952381,0.847435059686426,1.02885071827811,0.0935377010102654,63.8619574555365
12.9703373015873,0.847367212950938,1.02877748603549,0.0934929694762453,63.8624480081721
12.9704365079365,0.847299372196296,1.02870425596745,0.0934482593325383,63.8629385179716
12.9705357142857,0.84723153742167,1.02863102807553,0.0934035705689523,63.8634289849406
12.9706349206349,0.847163708626232,1.02855780236127,0.0933589031753046,63.8639194090844
12.9707341269841,0.847095885809153,1.02848457882621,0.0933142571414119,63.8644097904085
12.9708333333333,0.847028068969606,1.0284113574719,0.0932696324571001,63.8649001289183
12.9709325396825,0.846960258106762,1.02833813829988,0.0932250291121949,63.8653904246193
12.9710317460317,0.846892453219798,1.02826492131168,0.093180447096531,63.8658806775168
12.971130952381,0.846824654307883,1.02819170650884,0.0931358863999428,63.8663708876164
12.9712301587302,0.846756861370196,1.02811849389291,0.0930913470122739,63.8668610549235
12.9713293650794,0.846689074405908,1.02804528346541,0.0930468289233675,63.8673511794434
12.9714285714286,0.846621293414199,1.02797207522788,0.0930023321230759,63.8678412611816
12.9715277777778,0.84655351839424,1.02789886918186,0.0929578566012512,63.8683313001436
12.971626984127,0.846485749345212,1.02782566532887,0.0929134023477546,63.8688212963348
12.9717261904762,0.846417986266288,1.02775246367046,0.0928689693524468,63.8693112497606
12.9718253968254,0.846350229156649,1.02767926420815,0.0928245576051966,63.8698011604263
12.9719246031746,0.846282478015473,1.02760606694347,0.0927801670958773,63.8702910283376
12.9720238095238,0.846214732841937,1.02753287187795,0.0927357978143629,63.8707808534996
12.972123015873,0.846146993635223,1.02745967901312,0.0926914497505366,63.871270635918
12.9722222222222,0.846079260394508,1.02738648835051,0.0926471228942811,63.871760375598
12.9723214285714,0.846011533118975,1.02731329989164,0.0926028172354886,63.8722500725452
12.9724206349206,0.845943811807801,1.02724011363804,0.0925585327640506,63.8727397267649
12.9725198412698,0.845876096460173,1.02716692959123,0.092514269469868,63.8732293382625
12.972619047619,0.845808387075269,1.02709374775274,0.0924700273428411,63.8737189070436
12.9727182539683,0.845740683652274,1.02702056812409,0.0924258063728797,63.8742084331133
12.9728174603175,0.845672986190368,1.02694739070679,0.0923816065498929,63.8746979164773
12.9729166666667,0.845605294688739,1.02687421550238,0.0923374278637991,63.8751873571408
12.9730158730159,0.845537609146567,1.02680104251237,0.0922932703045165,63.8756767551093
12.9731150793651,0.845469929563041,1.02672787173828,0.0922491338619723,63.8761661103882
12.9732142857143,0.845402255937342,1.02665470318162,0.0922050185260932,63.8766554229829
12.9733134920635,0.845334588268658,1.02658153684391,0.0921609242868142,63.8771446928989
12.9734126984127,0.845266926556177,1.02650837272667,0.0921168511340744,63.8776339201414
12.9735119047619,0.845199270799084,1.02643521083142,0.0920727990578141,63.8781231047159
12.9736111111111,0.845131620996567,1.02636205115966,0.0920287680479823,63.8786122466279
12.9737103174603,0.845063977147814,1.02628889371291,0.091984758094528,63.8791013458826
12.9738095238095,0.844996339252014,1.02621573849268,0.0919407691874092,63.8795904024856
12.9739087301587,0.844928707308355,1.02614258550047,0.0918968013165836,63.8800794164421
12.9740079365079,0.844861081316029,1.02606943473782,0.091852854472018,63.8805683877576
12.9741071428571,0.844793461274223,1.0259962862062,0.091808928643679,63.8810573164375
12.9742063492063,0.844725847182132,1.02592313990715,0.0917650238215422,63.8815462024872
12.9743055555556,0.844658239038943,1.02584999584216,0.0917211399955828,63.882035045912
12.9744047619048,0.844590636843851,1.02577685401274,0.0916772771557855,63.8825238467174
12.974503968254,0.844523040596046,1.02570371442039,0.0916334352921341,63.8830126049087
12.9746031746032,0.844455450294724,1.02563057706663,0.0915896143946221,63.8835013204913
12.9747023809524,0.844387865939076,1.02555744195294,0.0915458144532422,63.8839899934707
12.9748015873016,0.844320287528296,1.02548430908083,0.0915020354579955,63.8844786238521
12.9749007936508,0.844252715061581,1.02541117845181,0.0914582773988872,63.884967211641
12.975,0.844185148538123,1.02533805006737,0.0914145402659234,63.8854557568427
12.9750992063492,0.844117587957122,1.02526492392901,0.0913708240491193,63.8859442594626
12.9751984126984,0.84405003331777,1.02519180003823,0.09132712873849,63.8864327195062
12.9752976190476,0.843982484619266,1.02511867839654,0.0912834543240594,63.8869211369787
12.9753968253968,0.843914941860806,1.02504555900541,0.0912398007958514,63.8874095118856
12.975496031746,0.843847405041591,1.02497244186635,0.0911961681438988,63.8878978442321
12.9755952380952,0.843779874160814,1.02489932698085,0.0911525563582341,63.8883861340238
12.9756944444444,0.84371234921768,1.02482621435041,0.0911089654288991,63.888874381266
12.9757936507937,0.843644830211384,1.02475310397651,0.0910653953459351,63.8893625859639
12.9758928571429,0.843577317141129,1.02467999586065,0.0910218460993925,63.8898507481231
12.9759920634921,0.843509810006113,1.02460689000432,0.0909783176793216,63.8903388677489
12.9760912698413,0.84344230880554,1.02453378640901,0.0909348100757816,63.8908269448465
12.9761904761905,0.843374813538609,1.0244606850762,0.0908913232788316,63.8913149794215
12.9762896825397,0.843307324204523,1.02438758600738,0.0908478572785383,63.8918029714791
12.9763888888889,0.843239840802488,1.02431448920405,0.0908044120649732,63.8922909210247
12.9764880952381,0.843172363331703,1.02424139466767,0.0907609876282085,63.8927788280637
12.9765873015873,0.843104891791375,1.02416830239975,0.0907175839583253,63.8932666926015
12.9766865079365,0.843037426180705,1.02409521240175,0.0906742010454048,63.8937545146433
12.9767857142857,0.842969966498902,1.02402212467517,0.090630838879537,63.8942422941945
12.9768849206349,0.842902512745168,1.02394903922148,0.0905874974508117,63.8947300312606
12.9769841269841,0.842835064918713,1.02387595604217,0.0905441767493279,63.8952177258468
12.9770833333333,0.842767623018739,1.02380287513871,0.090500876765184,63.8957053779585
12.9771825396825,0.842700187044458,1.02372979651259,0.090457597488488,63.896192987601
12.9772817460317,0.842632756995073,1.02365672016527,0.0904143389093471,63.8966805547798
12.977380952381,0.842565332869796,1.02358364609824,0.0903711010178779,63.8971680795001
12.9774801587302,0.842497914667833,1.02351057431297,0.0903278838041966,63.8976555617673
12.9775793650794,0.842430502388396,1.02343750481094,0.0902846872584286,63.8981430015867
12.9776785714286,0.842363096030692,1.02336443759361,0.0902415113706987,63.8986303989637
12.9777777777778,0.842295695593933,1.02329137266247,0.0901983561311401,63.8991177539036
12.977876984127,0.842228301077332,1.02321831001898,0.0901552215298901,63.8996050664117
12.9779761904762,0.842160912480097,1.02314524966462,0.0901121075570869,63.9000923364935
12.9780753968254,0.842093529801444,1.02307219160085,0.0900690142028779,63.9005795641542
12.9781746031746,0.842026153040581,1.02299913582914,0.09002594145741,63.9010667493991
12.9782738095238,0.841958782196725,1.02292608235096,0.0899828893108394,63.9015538922337
12.978373015873,0.841891417269086,1.02285303116777,0.0899398577533221,63.9020409926632
12.9784722222222,0.841824058256883,1.02277998228105,0.0898968467750228,63.9025280506929
12.9785714285714,0.841756705159327,1.02270693569225,0.0898538563661064,63.9030150663283
12.9786706349206,0.841689357975636,1.02263389140284,0.0898108865167465,63.9035020395745
12.9787698412698,0.841622016705023,1.02256084941429,0.0897679372171166,63.9039889704371
12.978869047619,0.841554681346707,1.02248780972805,0.0897250084573992,63.9044758589212
12.9789682539683,0.841487351899903,1.02241477234558,0.0896821002277767,63.9049627050322
12.9790674603175,0.841420028363831,1.02234173726835,0.0896392125184404,63.9054495087754
12.9791666666667,0.841352710737707,1.02226870449781,0.0895963453195813,63.9059362701562
12.9792658730159,0.841285399020749,1.02219567403542,0.0895534986213985,63.9064229891799
12.9793650793651,0.84121809321218,1.02212264588264,0.0895106724140954,63.9069096658517
12.9794642857143,0.841150793311215,1.02204962004093,0.0894678666878763,63.9073963001771
12.9795634920635,0.841083499317079,1.02197659651173,0.0894250814329545,63.9078828921613
12.9796626984127,0.841016211228988,1.0219035752965,0.0893823166395431,63.9083694418096
12.9797619047619,0.840948929046168,1.0218305563967,0.0893395722978643,63.9088559491274
12.9798611111111,0.840881652767836,1.02175753981378,0.08929684839814,63.9093424141199
12.9799603174603,0.84081438239322,1.02168452554918,0.0892541449306012,63.9098288367925
12.9800595238095,0.840747117921537,1.02161151360436,0.0892114618854786,63.9103152171505
12.9801587301587,0.840679859352017,1.02153850398077,0.089168799253012,63.9108015551992
12.9802579365079,0.840612606683878,1.02146549667985,0.0891261570234409,63.9112878509439
12.9803571428571,0.840545359916349,1.02139249170306,0.0890835351870139,63.9117741043899
12.9804563492063,0.840478119048652,1.02131948905183,0.0890409337339794,63.9122603155425
12.9805555555556,0.840410884080016,1.02124648872762,0.0889983526545946,63.912746484407
12.9806547619048,0.840343655009664,1.02117349073186,0.0889557919391168,63.9132326109888
12.980753968254,0.840276431836825,1.021100495066,0.088913251577811,63.913718695293
12.9808531746032,0.840209214560727,1.02102750173148,0.0888707315609467,63.9142047373251
12.9809523809524,0.840142003180595,1.02095451072975,0.0888282318787941,63.9146907370903
12.9810515873016,0.840074797695661,1.02088152206224,0.0887857525216326,63.9151766945939
12.9811507936508,0.84000759810515,1.02080853573039,0.0887432934797416,63.9156626098412
12.98125,0.839940404408296,1.02073555173564,0.088700854743409,63.9161484828375
12.9813492063492,0.839873216604325,1.02066257007943,0.088658436302923,63.9166343135881
12.9814484126984,0.839806034692471,1.0205895907632,0.0886160381485805,63.9171201020982
12.9815476190476,0.839738858671962,1.02051661378837,0.0885736602706783,63.9176058483732
12.9816468253968,0.839671688542033,1.02044363915638,0.0885313026595221,63.9180915524184
12.981746031746,0.839604524301913,1.02037066686868,0.0884889653054177,63.9185772142391
12.9818452380952,0.839537365950839,1.02029769692668,0.0884466481986795,63.9190628338404
12.9819444444444,0.839470213488039,1.02022472933182,0.0884043513296221,63.9195484112278
12.9820436507936,0.839403066912752,1.02015176408553,0.0883620746885688,63.9200339464064
12.9821428571429,0.839335926224209,1.02007880118924,0.0883198182658427,63.9205194393816
12.9822420634921,0.839268791421646,1.02000584064438,0.0882775820517751,63.9210048901587
12.9823412698413,0.839201662504301,1.01993288245238,0.0882353660367013,63.9214902987429
12.9824404761905,0.839134539471406,1.01985992661466,0.0881931702109578,63.9219756651395
12.9825396825397,0.839067422322201,1.01978697313265,0.0881509945648899,63.9224609893538
12.9826388888889,0.83900031105592,1.01971402200776,0.088108839088843,63.9229462713911
12.9827380952381,0.838933205671805,1.01964107324144,0.0880667037731712,63.9234315112566
12.9828373015873,0.838866106169089,1.01956812683509,0.0880245886082286,63.9239167089556
12.9829365079365,0.838799012547016,1.01949518279014,0.0879824935843782,63.9244018644933
12.9830357142857,0.838731924804822,1.01942224110801,0.0879404186919828,63.9248869778752
12.9831349206349,0.838664842941749,1.01934930179012,0.0878983639214143,63.9253720491063
12.9832341269841,0.838597766957035,1.01927636483789,0.0878563292630444,63.9258570781919
12.9833333333333,0.838530696849924,1.01920343025274,0.0878143147072536,63.9263420651375
12.9834325396825,0.838463632619654,1.01913049803607,0.0877723202444224,63.9268270099481
12.9835317460317,0.838396574265472,1.01905756818932,0.0877303458649403,63.9273119126291
12.983630952381,0.838329521786615,1.01898464071389,0.0876883915591965,63.9277967731857
12.9837301587302,0.838262475182329,1.01891171561119,0.0876464573175882,63.9282815916232
12.9838293650794,0.83819543445186,1.01883879288265,0.0876045431305168,63.9287663679468
12.9839285714286,0.838128399594448,1.01876587252966,0.0875626489883848,63.9292511021619
12.9840277777778,0.838061370609342,1.01869295455365,0.0875207748816037,63.9297357942735
12.984126984127,0.837994347495783,1.01862003895602,0.0874789208005848,63.9302204442871
12.9842261904762,0.837927330253021,1.01854712573818,0.0874370867357482,63.9307050522079
12.9843253968254,0.837860318880299,1.01847421490154,0.0873952726775142,63.931189618041
12.9844246031746,0.837793313376867,1.0184013064475,0.0873534786163117,63.9316741417918
12.9845238095238,0.83772631374197,1.01832840037747,0.0873117045425697,63.9321586234655
12.984623015873,0.83765931997486,1.01825549669286,0.087269950446726,63.9326430630674
12.9847222222222,0.83759233207478,1.01818259539507,0.0872282163192184,63.9331274606027
12.9848214285714,0.837525350040984,1.0181096964855,0.0871865021504934,63.9336118160766
12.9849206349206,0.837458373872719,1.01803679996556,0.0871448079309977,63.9340961294944
12.9850198412698,0.837391403569237,1.01796390583664,0.0871031336511867,63.9345804008613
12.985119047619,0.837324439129787,1.01789101410014,0.0870614793015157,63.9350646301825
12.9852182539683,0.837257480553621,1.01781812475747,0.0870198448724478,63.9355488174634
12.9853174603175,0.837190527839994,1.01774523781003,0.0869782303544506,63.9360329627091
12.9854166666667,0.837123580988154,1.0176723532592,0.0869366357379927,63.936517065925
12.9855158730159,0.837056639997357,1.01759947110639,0.0868950610135515,63.9370011271161
12.9856150793651,0.836989704866854,1.01752659135298,0.0868535061716044,63.9374851462877
12.9857142857143,0.836922775595902,1.01745371400039,0.0868119712026376,63.9379691234451
12.9858134920635,0.836855852183753,1.01738083904999,0.0867704560971373,63.9384530585936
12.9859126984127,0.836788934629666,1.01730796650318,0.0867289608455985,63.9389369517382
12.9860119047619,0.836722022932891,1.01723509636135,0.0866874854385164,63.9394208028844
12.9861111111111,0.83665511709269,1.0171622286259,0.0866460298663946,63.9399046120372
12.9862103174603,0.836588217108316,1.0170893632982,0.0866045941197371,63.9403883792019
12.9863095238095,0.836521322979029,1.01701650037966,0.0865631781890565,63.9408721043838
12.9864087301587,0.836454434704084,1.01694363987164,0.0865217820648654,63.941355787588
12.9865079365079,0.836387552282743,1.01687078177556,0.0864804057376853,63.9418394288198
12.9866071428571,0.836320675714262,1.01679792609278,0.0864390491980375,63.9423230280844
12.9867063492064,0.836253804997901,1.01672507282469,0.0863977124364513,63.942806585387
12.9868055555556,0.836186940132923,1.01665222197267,0.0863563954434602,63.9432901007329
12.9869047619048,0.836120081118584,1.01657937353812,0.0863150982095988,63.9437735741272
12.987003968254,0.836053227954151,1.0165065275224,0.0862738207254106,63.9442570055751
12.9871031746032,0.83598638063888,1.01643368392691,0.0862325629814391,63.944740395082
12.9872023809524,0.835919539172038,1.01636084275301,0.0861913249682365,63.9452237426529
12.9873015873016,0.835852703552883,1.01628800400209,0.0861501066763551,63.9457070482931
12.9874007936508,0.835785873780684,1.01621516767552,0.086108908096356,63.9461903120078
12.9875,0.835719049854699,1.01614233377469,0.0860677292188002,63.9466735338023
12.9875992063492,0.835652231774198,1.01606950230096,0.0860265700342576,63.9471567136816
12.9876984126984,0.835585419538442,1.01599667325571,0.085985430533298,63.9476398516511
12.9877976190476,0.8355186131467,1.01592384664032,0.0859443107065002,63.9481229477159
12.9878968253968,0.835451812598234,1.01585102245616,0.0859032105444429,63.9486060018812
12.987996031746,0.835385017892315,1.01577820070459,0.0858621300377135,63.9490890141522
12.9880952380952,0.835318229028206,1.015705381387,0.0858210691768994,63.9495719845342
12.9881944444444,0.835251446005177,1.01563256450474,0.085780027952596,63.9500549130323
12.9882936507937,0.835184668822498,1.01555975005919,0.0857390063554028,63.9505377996516
12.9883928571429,0.835117897479435,1.01548693805172,0.0856980043759204,63.9510206443976
12.9884920634921,0.835051131975259,1.01541412848369,0.0856570220047585,63.9515034472752
12.9885912698413,0.834984372309238,1.01534132135646,0.0856160592325264,63.9519862082897
12.9886904761905,0.834917618480646,1.01526851667141,0.0855751160498426,63.9524689274463
12.9887896825397,0.83485087048875,1.0151957144299,0.0855341924473252,63.9529516047502
12.9888888888889,0.834784128332825,1.01512291463329,0.0854932884156015,63.9534342402065
12.9889880952381,0.83471739201214,1.01505011728293,0.0854524039452985,63.9539168338205
12.9890873015873,0.834650661525972,1.0149773223802,0.0854115390270522,63.9543993855973
12.9891865079365,0.834583936873589,1.01490452992645,0.0853706936514984,63.9548818955421
12.9892857142857,0.834517218054269,1.01483173992304,0.0853298678092819,63.9553643636602
12.9893849206349,0.834450505067282,1.01475895237133,0.0852890614910475,63.9558467899566
12.9894841269841,0.834383797911908,1.01468616727268,0.0852482746874486,63.9563291744366
12.9895833333333,0.834317096587418,1.01461338462843,0.0852075073891388,63.9568115171053
12.9896825396825,0.83425040109309,1.01454060443995,0.0851667595867793,63.957293817968
12.9897817460317,0.834183711428202,1.0144678267086,0.0851260312710358,63.9577760770297
12.989880952381,0.834117027592028,1.01439505143571,0.085085322432575,63.9582582942957
12.9899801587302,0.834050349583848,1.01432227862265,0.0850446330620724,63.9587404697712
12.9900793650794,0.833983677402938,1.01424950827077,0.0850039631502036,63.9592226034612
12.9901785714286,0.833917011048579,1.01417674038141,0.084963312687653,63.9597046953711
12.9902777777778,0.833850350520047,1.01410397495593,0.0849226816651048,63.9601867455058
12.990376984127,0.833783695816625,1.01403121199567,0.0848820700732523,63.9606687538707
12.9904761904762,0.833717046937591,1.01395845150198,0.0848414779027887,63.9611507204709
12.9905753968254,0.833650403882229,1.01388569347621,0.0848009051444158,63.9616326453115
12.9906746031746,0.833583766649816,1.0138129379197,0.0847603517888356,63.9621145283978
12.9907738095238,0.833517135239638,1.0137401848338,0.0847198178267589,63.9625963697348
12.990873015873,0.833450509650974,1.01366743421984,0.0846793032488966,63.9630781693277
12.9909722222222,0.833383889883111,1.01359468607918,0.084638808045968,63.9635599271818
12.9910714285714,0.833317275935328,1.01352194041314,0.0845983322086929,63.9640416433021
12.9911706349206,0.833250667806912,1.01344919722309,0.0845578757277985,63.9645233176938
12.9912698412698,0.833184065497149,1.01337645651034,0.0845174385940166,63.965004950362
12.991369047619,0.83311746900532,1.01330371827624,0.0844770207980797,63.965486541312
12.9914682539683,0.833050878330715,1.01323098252214,0.0844366223307297,63.9659680905488
12.9915674603175,0.832984293472617,1.01315824924935,0.084396243182708,63.9664495980776
12.9916666666667,0.832917714430317,1.01308551845923,0.0843558833447651,63.9669310639036
12.9917658730159,0.832851141203097,1.01301279015309,0.0843155428076513,63.967412488032
12.9918650793651,0.83278457379025,1.01294006433229,0.0842752215621258,63.9678938704678
12.9919642857143,0.83271801219106,1.01286734099815,0.084234919598948,63.9683752112161
12.9920634920635,0.83265145640482,1.01279462015199,0.0841946369088857,63.9688565102823
12.9921626984127,0.832584906430816,1.01272190179516,0.0841543734827069,63.9693377676713
12.9922619047619,0.832518362268343,1.01264918592898,0.0841141293111885,63.9698189833884
12.9923611111111,0.832451823916686,1.01257647255478,0.0840739043851074,63.9703001574386
12.9924603174603,0.83238529137514,1.01250376167388,0.084033698695249,63.9707812898272
12.9925595238095,0.832318764642995,1.01243105328762,0.0839935122323991,63.9712623805592
12.9926587301587,0.832252243719544,1.01235834739732,0.083953344987351,63.9717434296398
12.9927579365079,0.832185728604081,1.0122856440043,0.0839131969509023,63.9722244370741
12.9928571428571,0.832119219295897,1.01221294310989,0.083873068113852,63.9727054028672
12.9929563492063,0.832052715794289,1.01214024471541,0.0838329584670076,63.9731863270244
12.9930555555556,0.831986218098548,1.01206754882218,0.0837928680011769,63.9736672095506
12.9931547619048,0.831919726207973,1.01199485543152,0.0837527967071761,63.9741480504511
12.993253968254,0.831853240121855,1.01192216454475,0.0837127445758218,63.974628849731
12.9933531746032,0.831786759839495,1.0118494761632,0.0836727115979393,63.9751096073954
12.9934523809524,0.831720285360184,1.01177679028817,0.0836326977643537,63.9755903234494
12.9935515873016,0.831653816683226,1.01170410692099,0.0835927030658991,63.9760709978981
12.9936507936508,0.831587353807913,1.01163142606297,0.0835527274934096,63.9765516307467
12.99375,0.831520896733547,1.01155874771543,0.083512771037728,63.9770322220003
12.9938492063492,0.831454445459424,1.01148607187967,0.0834728336896972,63.977512771664
12.9939484126984,0.831387999984846,1.01141339855702,0.0834329154401688,63.9779932797429
12.9940476190476,0.831321560309111,1.01134072774878,0.0833930162799946,63.9784737462422
12.9941468253968,0.831255126431519,1.01126805945626,0.0833531362000339,63.9789541711669
12.994246031746,0.831188698351376,1.01119539368078,0.0833132751911504,63.9794345545222
12.9943452380952,0.831122276067977,1.01112273042365,0.083273433244209,63.9799148963131
12.9944444444444,0.831055859580629,1.01105006968616,0.0832336103500835,63.9803951965449
12.9945436507937,0.830989448888631,1.01097741146964,0.0831938064996474,63.9808754552226
12.9946428571429,0.830923043991291,1.01090475577538,0.0831540216837833,63.9813556723512
12.9947420634921,0.830856644887907,1.01083210260469,0.0831142558933737,63.981835847936
12.9948412698413,0.830790251577788,1.01075945195887,0.0830745091193098,63.9823159819821
12.9949404761905,0.830723864060235,1.01068680383923,0.083034781352483,63.9827960744944
12.9950396825397,0.830657482334558,1.01061415824707,0.0829950725837933,63.9832761254782
12.9951388888889,0.830591106400059,1.01054151518369,0.0829553828041409,63.9837561349385
12.9952380952381,0.830524736256047,1.01046887465039,0.0829157120044345,63.9842361028805
12.9953373015873,0.830458371901826,1.01039623664847,0.0828760601755832,63.9847160293092
12.9954365079365,0.830392013336708,1.01032360117922,0.0828364273085047,63.9851959142297
12.9955357142857,0.830325660559997,1.01025096824395,0.0827968133941166,63.9856757576471
12.9956349206349,0.830259313571003,1.01017833784395,0.0827572184233444,63.9861555595666
12.9957341269841,0.830192972369038,1.01010570998052,0.0827176423871179,63.9866353199931
12.9958333333333,0.830126636953407,1.01003308465495,0.082678085276368,63.9871150389319
12.9959325396825,0.830060307323426,1.00996046186853,0.0826385470820344,63.987594716388
12.9960317460317,0.829993983478399,1.00988784162255,0.0825990277950569,63.9880743523664
12.996130952381,0.829927665417645,1.00981522391832,0.082559527406384,63.9885539468723
12.9962301587302,0.829861353140469,1.00974260875711,0.0825200459069642,63.9890334999108
12.9963293650794,0.829795046646189,1.00966999614022,0.0824805832877548,63.989513011487
12.9964285714286,0.829728745934113,1.00959738606893,0.0824411395397132,63.9899924816058
12.9965277777778,0.82966245100356,1.00952477854453,0.0824017146538055,63.9904719102725
12.996626984127,0.829596161853839,1.00945217356831,0.0823623086209979,63.990951297492
12.9967261904762,0.829529878484269,1.00937957114156,0.0823229214322653,63.9914306432696
12.9968253968254,0.829463600894162,1.00930697126556,0.0822835530785827,63.9919099476102
12.9969246031746,0.829397329082837,1.00923437394159,0.0822442035509338,63.9923892105188
12.9970238095238,0.829331063049607,1.00916177917093,0.0822048728403024,63.9928684320008
12.997123015873,0.82926480279379,1.00908918695486,0.0821655609376799,63.9933476120609
12.9972222222222,0.829198548314705,1.00901659729468,0.0821262678340621,63.9938267507045
12.9973214285714,0.829132299611668,1.00894401019165,0.0820869935204462,63.9943058479364
12.9974206349206,0.829066056684,1.00887142564706,0.0820477379878377,63.9947849037618
12.9975198412698,0.828999819531016,1.00879884366217,0.0820085012272425,63.9952639181858
12.997619047619,0.82893358815204,1.00872626423828,0.0819692832296752,63.9957428912134
12.9977182539683,0.828867362546389,1.00865368737665,0.0819300839861504,63.9962218228498
12.9978174603175,0.828801142713386,1.00858111307856,0.0818909034876913,63.9967007130998
12.9979166666667,0.828734928652349,1.00850854134528,0.0818517417253214,63.9971795619687
12.9980158730159,0.828668720362605,1.00843597217809,0.0818125986900729,63.9976583694615
12.9981150793651,0.82860251784347,1.00836340557826,0.081773474372978,63.9981371355832
12.9982142857143,0.828536321094273,1.00829084154705,0.0817343687650776,63.9986158603389
12.9983134920635,0.828470130114332,1.00821828008574,0.0816952818574128,63.9990945437336
12.9984126984127,0.828403944902976,1.0081457211956,0.0816562136410333,63.9995731857725
12.9985119047619,0.828337765459525,1.00807316487789,0.081617164106989,64.0000517864605
12.9986111111111,0.828271591783306,1.00800061113388,0.0815781332463374,64.0005303458028
12.9987103174603,0.828205423873646,1.00792805996485,0.0815391210501402,64.0010088638043
12.9988095238095,0.828139261729869,1.00785551137204,0.0815001275094607,64.0014873404702
12.9989087301587,0.828073105351304,1.00778296535672,0.0814611526153705,64.0019657758054
12.9990079365079,0.828006954737275,1.00771042192017,0.0814221963589415,64.0024441698151
12.9991071428571,0.827940809887114,1.00763788106364,0.0813832587312542,64.0029225225042
12.9992063492064,0.827874670800145,1.00756534278838,0.0813443397233895,64.0034008338779
12.9993055555556,0.827808537475701,1.00749280709567,0.0813054393264365,64.0038791039411
12.9994047619048,0.827742409913107,1.00742027398676,0.0812665575314848,64.0043573326989
12.999503968254,0.827676288111697,1.00734774346291,0.0812276943296327,64.0048355201563
12.9996031746032,0.827610172070798,1.00727521552537,0.0811888497119782,64.0053136663184
12.9997023809524,0.827544061789745,1.00720269017541,0.0811500236696285,64.0057917711903
12.9998015873016,0.827477957267866,1.00713016741426,0.0811112161936907,64.0062698347769
12.9999007936508,0.827411858504497,1.00705764724321,0.0810724272752804,64.0067478570833
13,0.827345765498965,1.00698512966348,0.0810336569055137,64.0072258381145
13,0.827345765498965,1.00698512966348,10.0810336569055,64.0072258381145
13.0000992063492,0.829126862672969,1.00691298756158,10.0762127156109,64.0086607407629
13.0001984126984,0.830905074540269,1.00684159282222,10.0713940795394,64.010096193782
13.0002976190476,0.832680405371865,1.00677094399851,10.0665777479716,64.0115321956838
13.0003968253968,0.834452859503042,1.00670103963065,10.0617637200203,64.0129687449352
13.000496031746,0.836222441082522,1.00663187825675,10.056951994463,64.0144058401829
13.0005952380952,0.83798915407208,1.00656345841283,10.0521425697427,64.0158434802538
13.0006944444444,0.839753002547989,1.00649577863063,10.0473354446295,64.0172816637917
13.0007936507936,0.841513990785224,1.00642883745343,10.042530618369,64.0187203891961
13.0008928571429,0.843272122900998,1.00636263343435,10.0377280898648,64.020159655064
13.0009920634921,0.845027403008298,1.00629716512827,10.0329278580208,64.0215994599942
13.0010912698413,0.846779835216273,1.0062324310918,10.0281299217409,64.0230398025878
13.0011904761905,0.848529423629847,1.00616842988336,10.0233342799293,64.0244806814475
13.0012896825397,0.850276172350103,1.00610516006308,10.0185409314899,64.0259220951785
13.0013888888889,0.852020085473903,1.00604262019288,10.0137498753274,64.0273640423878
13.0014880952381,0.853761167094264,1.00598080883643,10.0089611103459,64.0288065216845
13.0015873015873,0.85549942130003,1.00591972455916,10.00417463545,64.0302495316797
13.0016865079365,0.857234852176015,1.00585936592826,9.99939044954453,64.0316930709867
13.0017857142857,0.858967463803141,1.00579973151268,9.99460855153398,64.0331371382207
13.0018849206349,0.860697260258107,1.00574081988313,9.98982894032348,64.0345817319988
13.0019841269841,0.862424245613772,1.00568262961208,9.98505161481775,64.0360268509406
13.0020833333333,0.864148423938773,1.00562515927376,9.98027657392215,64.0374724936672
13.0021825396825,0.865869799297904,1.00556840744416,9.97550381654165,64.0389186588022
13.0022817460317,0.867588375751736,1.00551237270102,9.97073334158182,64.040365344971
13.002380952381,0.869304157356999,1.00545705362385,9.96596514794786,64.041812550801
13.0024801587302,0.871017148166202,1.00540244879392,9.96119923454557,64.0432602749217
13.0025793650794,0.872727352228009,1.00534855679426,9.95643560028036,64.0447085159649
13.0026785714286,0.874434773586867,1.00529537620965,9.9516742440583,64.046157272564
13.0027777777778,0.876139416283373,1.00524290562664,9.94691516478501,64.0476065433549
13.002876984127,0.877841284353911,1.00519114363354,9.94215836136676,64.049056326975
13.0029761904762,0.879540381831014,1.00514008882041,9.93740383270943,64.0505066220643
13.0030753968254,0.881236712743048,1.00508973977907,9.93265157771939,64.0519574272644
13.0031746031746,0.882930281266086,1.00504009503467,9.92790159533706,64.0534087411475
13.0032738095238,0.884621091537342,1.00499115312526,9.92315388450677,64.0548605622961
13.003373015873,0.886309147519897,1.00494291266474,9.91840844414191,64.0563128893706
13.0034722222222,0.887994453172059,1.00489537226893,9.9136652731559,64.0577657210334
13.0035714285714,0.889677012446995,1.00484853055552,9.90892437046316,64.0592190559488
13.0036706349206,0.891356829293099,1.00480238614411,9.90418573497813,64.0606728927828
13.0037698412698,0.893033907653624,1.00475693765619,9.89944936561629,64.0621272302034
13.003869047619,0.894708251467052,1.00471218371513,9.89471526129311,64.0635820668805
13.0039682539683,0.896379864666722,1.00466812294622,9.8899834209251,64.065037401486
13.0040674603175,0.898048751181201,1.00462475397662,9.88525384342877,64.0664932326935
13.0041666666667,0.899714914933917,1.0045820754354,9.88052652772167,64.0679495591785
13.0042658730159,0.901378359843523,1.0045400859535,9.87580147272134,64.0694063796186
13.0043650793651,0.903039089823532,1.00449878416378,9.87107867734636,64.0708636926929
13.0044642857143,0.904697108782683,1.00445816870098,9.86635814051533,64.0723214970829
13.0045634920635,0.906352420624624,1.00441823820174,9.86163986114771,64.0737797914715
13.0046626984127,0.908005029248043,1.00437899130459,9.85692383816353,64.0752385745437
13.0047619047619,0.90965493854681,1.00434042664995,9.85221007048292,64.0766978449866
13.0048611111111,0.911302152409655,1.00430254288013,9.84749855702706,64.0781576014888
13.0049603174603,0.912946674720532,1.00426533863936,9.84278929671711,64.079617842741
13.0050595238095,0.914588509358261,1.00422881257372,9.83808228847529,64.0810785674357
13.0051587301587,0.916227660196882,1.00419296333122,9.8333775312238,64.0825397742675
13.0052579365079,0.917864131105299,1.00415778956176,9.82867502388589,64.0840014619326
13.0053571428571,0.91949792594764,1.00412328991711,9.82397476538481,64.0854636291292
13.0054563492063,0.921129048582897,1.00408946305095,9.81927675464484,64.0869262745575
13.0055555555556,0.922757502865283,1.00405630761886,9.81458099059025,64.0883893969195
13.0056547619048,0.924383292643876,1.0040238222783,9.80988747214638,64.0898529949189
13.005753968254,0.926006421762976,1.00399200568862,9.80519619823853,64.0913170672617
13.0058531746032,0.927626894061748,1.00396085651109,9.80050716779306,64.0927816126554
13.0059523809524,0.929244713374578,1.00393037340885,9.79582037973633,64.0942466298097
13.0060515873016,0.930859883530763,1.00390055504693,9.7911358329956,64.0957121174359
13.0061507936508,0.932472408354642,1.00387140009227,9.78645352649864,64.0971780742474
13.00625,0.93408229166573,1.0038429072137,9.78177345917337,64.0986444989594
13.0063492063492,0.935689537278409,1.00381507508193,9.77709562994873,64.1001113902889
13.0064484126984,0.937294149002281,1.00378790236959,9.77242003775366,64.101578746955
13.0065476190476,0.938896130641816,1.00376138775117,9.76774668151815,64.1030465676785
13.0066468253968,0.9404954859967,1.00373552990308,9.76307556017217,64.1045148511823
13.006746031746,0.94209221886149,1.00371032750361,9.75840667264676,64.1059835961909
13.0068452380952,0.943686333025959,1.00368577923295,9.75374001787291,64.107452801431
13.0069444444444,0.94527783227475,1.00366188377318,9.7490755947827,64.1089224656308
13.0070436507937,0.946866720387724,1.00363863980828,9.74441340230816,64.1103925875209
13.0071428571429,0.94845300113961,1.00361604602412,9.7397534393824,64.1118631658332
13.0072420634921,0.950036678300354,1.00359410110845,9.7350957049385,64.1133341993021
13.0073412698413,0.951617755634773,1.00357280375094,9.73044019791059,64.1148056866633
13.0074404761905,0.953196236902899,1.00355215264312,9.72578691723279,64.1162776266549
13.0075396825397,0.954772125859679,1.00353214647845,9.72113586184014,64.1177500180166
13.0076388888889,0.956345426255101,1.00351278395226,9.71648703066819,64.1192228594899
13.0077380952381,0.957916141834329,1.00349406376179,9.71184042265263,64.1206961498185
13.0078373015873,0.959484276337395,1.00347598460614,9.70719603673015,64.1221698877477
13.0079365079365,0.961049833499548,1.00345854518635,9.7025538718375,64.1236440720249
13.0080357142857,0.962612817050908,1.00344174420531,9.69791392691241,64.1251187013993
13.0081349206349,0.964173230716809,1.00342558036785,9.69327620089265,64.126593774622
13.0082341269841,0.965731078217459,1.00341005238064,9.688640692717,64.1280692904459
13.0083333333333,0.967286363268278,1.00339515895229,9.68400740132425,64.1295452476259
13.0084325396825,0.968839089579559,1.00338089879328,9.67937632565422,64.1310216449187
13.0085317460317,0.97038926085681,1.00336727061598,9.67474746464675,64.1324984810831
13.008630952381,0.971936880800411,1.00335427313467,9.6701208172427,64.1339757548795
13.0087301587302,0.973481953105956,1.00334190506552,9.66549638238293,64.1354534650703
13.0088293650794,0.975024481463912,1.00333016512657,9.66087415900933,64.1369316104199
13.0089285714286,0.976564469559957,1.00331905203779,9.65625414606381,64.1384101896944
13.0090277777778,0.978101921074689,1.00330856452103,9.65163634248917,64.139889201662
13.009126984127,0.979636839683748,1.00329870130001,9.64702074722874,64.1413686450925
13.0092261904762,0.981169229057941,1.00328946110037,9.64240735922596,64.1428485187579
13.0093253968254,0.982699092862954,1.00328084264965,9.63779617742533,64.1443288214319
13.0094246031746,0.98422643475968,1.00327284467725,9.63318720077134,64.1458095518901
13.0095238095238,0.985751258403893,1.0032654659145,9.6285804282095,64.14729070891
13.009623015873,0.987273567446572,1.0032587050946,9.62397585868536,64.1487722912711
13.0097222222222,0.988793365533576,1.00325256095264,9.61937349114546,64.1502542977547
13.0098214285714,0.990310656305972,1.00324703222564,9.61477332453637,64.1517367271439
13.0099206349206,0.991825443399705,1.00324211765247,9.6101753578057,64.1532195782239
13.0100198412698,0.993337730445929,1.00323781597391,9.60557958990103,64.1547028497815
13.010119047619,0.994847521070676,1.00323412593264,9.600986019771,64.1561865406057
13.0102182539683,0.996354818895184,1.00323104627323,9.59639464636425,64.1576706494871
13.0103174603175,0.997859627535574,1.00322857574214,9.59180546863045,64.1591551752185
13.0104166666667,0.999361950603171,1.00322671308773,9.58721848551926,64.1606401165942
13.0105158730159,1.00086179170422,1.00322545706024,9.58263369598127,64.1621254724109
13.0106150793651,1.00235915444001,1.00322480641182,9.57805109896757,64.1636112414666
13.0107142857143,1.003854042407,1.0032247598965,9.57347069342939,64.1650974225616
13.0108134920635,1.00534645919653,1.00322531627021,9.56889247831898,64.1665840144979
13.0109126984127,1.00683640839513,1.00322647429079,9.56431645258861,64.1680710160797
13.0110119047619,1.00832389358423,1.00322823271793,9.55974261519157,64.1695584261125
13.0111111111111,1.00980891834045,1.00323059031326,9.55517096508117,64.1710462434043
13.0112103174603,1.01129148623531,1.00323354584028,9.55060150121174,64.1725344667646
13.0113095238095,1.01277160083552,1.00323709806439,9.54603422253761,64.174023095005
13.0114087301587,1.01424926570268,1.00324124575287,9.54146912801415,64.1755121269387
13.0115079365079,1.01572448439358,1.00324598767491,9.53690621659673,64.1770015613812
13.0116071428571,1.01719726045991,1.00325132260159,9.53234548724176,64.1784913971496
13.0117063492063,1.01866759744855,1.00325724930588,9.52778693890565,64.1799816330629
13.0118055555556,1.02013549890128,1.00326376656265,9.52323057054583,64.1814722679421
13.0119047619048,1.02160096835506,1.00327087314866,9.51867638111976,64.1829633006101
13.012003968254,1.0230640093418,1.00327856784255,9.51412436958577,64.1844547298916
13.0121031746032,1.02452462538844,1.00328684942488,9.50957453490274,64.1859465546132
13.0122023809524,1.02598282001706,1.00329571667808,9.50502687602967,64.1874387736033
13.0123015873016,1.02743859674468,1.00330516838648,9.50048139192658,64.1889313856924
13.0124007936508,1.02889195908346,1.00331520333632,9.49593808155352,64.1904243897128
13.0125,1.03034291054048,1.00332582031571,9.49139694387154,64.1919177844986
13.0125992063492,1.03179145461803,1.00333701811467,9.48685797784173,64.193411568886
13.0126984126984,1.03323759481325,1.0033487955251,9.48232118242618,64.1949057417127
13.0127976190476,1.03468133461852,1.0033611513408,9.47778655658701,64.1964003018187
13.0128968253968,1.03612267752107,1.00337408435747,9.47325409928735,64.1978952480457
13.012996031746,1.03756162700336,1.0033875933727,9.46872380949035,64.1993905792373
13.0130952380952,1.03899818654271,1.00340167718597,9.46419568616019,64.200886294239
13.0131944444444,1.04043235961167,1.00341633459865,9.45966972826104,64.2023823918981
13.0132936507936,1.04186414967764,1.00343156441401,9.45514593475812,64.203878871064
13.0133928571429,1.04329356020326,1.00344736543721,9.45062430461665,64.2053757305879
13.0134920634921,1.04472059464607,1.00346373647532,9.44610483680274,64.2068729693227
13.0135912698413,1.04614525645866,1.00348067633727,9.44158753028304,64.2083705861234
13.0136904761905,1.04756754908877,1.00349818383391,9.43707238402431,64.2098685798468
13.0137896825397,1.04898747597905,1.00351625777798,9.43255939699436,64.2113669493517
13.0138888888889,1.05040504056733,1.0035348969841,9.428048568161,64.2128656934986
13.0139880952381,1.05182024628633,1.0035541002688,9.42353989649306,64.21436481115
13.0140873015873,1.05323309656398,1.00357386645051,9.4190333809594,64.2158643011704
13.0141865079365,1.05464359482308,1.00359419434951,9.41452902052988,64.217364162426
13.0142857142857,1.05605174448165,1.00361508278803,9.41002681417439,64.2188643937849
13.0143849206349,1.05745754895258,1.00363653059016,9.40552676086383,64.2203649941171
13.0144841269841,1.05886101164397,1.00365853658189,9.40102885956914,64.2218659622948
13.0145833333333,1.0602621359588,1.0036810995911,9.39653310926224,64.2233672971915
13.0146825396825,1.06166092529526,1.00370421844757,9.3920395089151,64.2248689976831
13.0147817460317,1.0630573830464,1.00372789198298,9.38754805750071,64.2263710626471
13.014880952381,1.06445151260051,1.00375211903089,9.38305875399204,64.2278734909631
13.0149801587302,1.06584331734078,1.00377689842676,9.378571597363,64.2293762815123
13.0150793650794,1.06723280064543,1.00380222900793,9.37408658658799,64.2308794331781
13.0151785714286,1.06861996588789,1.00382810961367,9.36960372064156,64.2323829448457
13.0152777777778,1.07000481643642,1.00385453908509,9.36512299849928,64.2338868154019
13.015376984127,1.07138735565451,1.00388151626525,9.36064441913674,64.2353910437359
13.0154761904762,1.07276758690054,1.00390903999907,9.35616798153053,64.2368956287383
13.0155753968254,1.07414553555446,1.00393710042607,9.35169368408231,64.2384005605645
13.0156746031746,1.07552122660045,1.00396568784184,9.34722152520447,64.2399058295259
13.0157738095238,1.07689466279872,1.00399480132723,9.34275150388925,64.2414114347494
13.015873015873,1.07826584690764,1.00402443996368,9.33828361912973,64.2429173753625
13.0159722222222,1.07963478168408,1.00405460283323,9.33381786991891,64.2444236504934
13.0160714285714,1.08100146988313,1.00408528901847,9.3293542552507,64.2459302592707
13.0161706349206,1.08236591425833,1.00411649760264,9.32489277411887,64.2474372008236
13.0162698412698,1.08372811756145,1.00414822766951,9.32043342551812,64.2489444742821
13.016369047619,1.08508808254275,1.00418047830349,9.31597620844303,64.2504520787764
13.0164682539683,1.0864458119507,1.00421324858954,9.31152112188895,64.2519600134376
13.0165674603175,1.08780130853213,1.00424653761324,9.30706816485161,64.2534682773971
13.0166666666667,1.08915457503234,1.00428034446072,9.3026173363268,64.2549768697872
13.0167658730159,1.09050561419479,1.00431466821875,9.29816863531116,64.2564857897405
13.0168650793651,1.09185442876147,1.00434950797465,9.29372206080127,64.2579950363903
13.0169642857143,1.09320102147253,1.00438486281634,9.28927761179457,64.2595046088703
13.0170634920635,1.09454539506665,1.00442073183233,9.28483528728841,64.2610145063152
13.0171626984127,1.09588755228068,1.00445711411173,9.28039508628103,64.2625247278598
13.0172619047619,1.09722749584997,1.00449400874422,9.27595700777058,64.2640352726397
13.0173611111111,1.09856522850807,1.00453141482009,9.27152105075607,64.265546139791
13.0174603174603,1.099900752987,1.0045693314302,9.26708721423646,64.2670573284505
13.0175595238095,1.10123407201702,1.00460775766601,9.26265549721156,64.2685688377555
13.0176587301587,1.10256518832684,1.00464669261956,9.25822589868109,64.2700806668438
13.0177579365079,1.10389410464339,1.00468613538349,9.25379841764566,64.2715928148539
13.0178571428571,1.10522082369208,1.00472608505104,9.2493730531058,64.2731052809249
13.0179563492064,1.10654534819657,1.004766540716,9.24494980406278,64.2746180641962
13.0180555555556,1.10786768087884,1.00480750147279,9.24052866951827,64.2761311638081
13.0181547619048,1.10918782445934,1.00484896641639,9.23610964847397,64.2776445789013
13.018253968254,1.11050578165672,1.0048909346424,9.23169273993248,64.2791583086171
13.0183531746032,1.11182155518812,1.00493340524697,9.22727794289629,64.2806723520975
13.0184523809524,1.11313514776886,1.00497637732688,9.22286525636877,64.2821867084848
13.0185515873016,1.11444656211277,1.00501984997947,9.21845467935321,64.2837013769222
13.0186507936508,1.11575580093188,1.00506382230268,9.21404621085378,64.2852163565533
13.01875,1.11706286693669,1.00510829339504,9.20963984987455,64.2867316465222
13.0188492063492,1.11836776283592,1.00515326235567,9.20523559542048,64.2882472459737
13.0189484126984,1.11967049133676,1.00519872828427,9.20083344649644,64.2897631540532
13.0190476190476,1.12097105514463,1.00524469028114,9.19643340210817,64.2912793699066
13.0191468253968,1.1222694569634,1.00529114744717,9.19203546126134,64.2927958926804
13.019246031746,1.12356569949517,1.00533809888382,9.18763962296249,64.2943127215215
13.0193452380952,1.12485978544051,1.00538554369317,9.18324588621806,64.2958298555779
13.0194444444444,1.12615171749824,1.00543348097787,9.17885425003526,64.2973472939975
13.0195436507937,1.12744149836551,1.00548190984115,9.17446471342169,64.2988650359292
13.0196428571429,1.12872913073793,1.00553082938686,9.17007727538499,64.3003830805224
13.0197420634921,1.13001461730932,1.0055802387194,9.16569193493368,64.301901426927
13.0198412698413,1.13129796077197,1.0056301369438,9.16130869107618,64.3034200742935
13.0199404761905,1.13257916381639,1.00568052316564,9.1569275428218,64.3049390217731
13.0200396825397,1.13385822913155,1.00573139649113,9.15254848917975,64.3064582685173
13.0201388888889,1.13513515940464,1.00578275602703,9.14817152916014,64.3079778136785
13.0202380952381,1.13640995732135,1.00583460088072,9.14379666177297,64.3094976564095
13.0203373015873,1.13768262556554,1.00588693016014,9.13942388602912,64.3110177958635
13.0204365079365,1.13895316681959,1.00593974297385,9.1350532009394,64.3125382311948
13.0205357142857,1.14022158376405,1.00599303843098,9.13068460551548,64.3140589615576
13.0206349206349,1.14148787907798,1.00604681564126,9.12631809876895,64.3155799861073
13.0207341269841,1.14275205543862,1.00610107371499,9.12195367971229,64.3171013039994
13.0208333333333,1.14401411552173,1.00615581176308,9.11759134735787,64.3186229143903
13.0209325396825,1.14527406200128,1.00621102889703,9.11323110071883,64.3201448164367
13.0210317460317,1.14653189754959,1.0062667242289,9.10887293880871,64.3216670092961
13.021130952381,1.14778762483743,1.00632289687138,9.10451686064106,64.3231894921266
13.0212301587302,1.14904124653378,1.00637954593772,9.10016286523035,64.3247122640866
13.0213293650794,1.15029276530609,1.00643667054177,9.09581095159092,64.3262353243353
13.0214285714286,1.15154218382005,1.00649426979796,9.091461118738,64.3277586720324
13.0215277777778,1.15278950473978,1.00655234282134,9.08711336568676,64.3292823063382
13.021626984127,1.15403473072765,1.0066108887275,9.08276769145321,64.3308062264136
13.0217261904762,1.1552778644445,1.00666990663267,9.0784240950533,64.33233043142
13.0218253968254,1.15651890854936,1.00672939565362,9.07408257550384,64.3338549205194
13.0219246031746,1.15775786569975,1.00678935490775,9.06974313182156,64.3353796928745
13.0220238095238,1.15899473855143,1.00684978351303,9.06540576302407,64.3369047476483
13.022123015873,1.16022952975858,1.00691068058803,9.06107046812889,64.3384300840048
13.0222222222222,1.16146224197364,1.00697204525189,9.05673724615442,64.339955701108
13.0223214285714,1.16269287784751,1.00703387662435,9.05240609611897,64.341481598123
13.0224206349206,1.16392144002932,1.00709617382575,9.04807701704161,64.3430077742152
13.0225198412698,1.16514793116657,1.007158935977,9.0437500079418,64.3445342285507
13.022619047619,1.16637235390519,1.00722216219962,9.03942506783905,64.346060960296
13.0227182539683,1.16759471088932,1.0072858516157,9.03510219575372,64.3475879686184
13.0228174603175,1.16881500476159,1.00735000334793,9.0307813907061,64.3491152526856
13.0229166666667,1.17003323816282,1.00741461651959,9.02646265171737,64.350642811666
13.0230158730159,1.17124941373232,1.00747969025454,9.0221459778086,64.3521706447285
13.0231150793651,1.17246353410762,1.00754522367723,9.01783136800174,64.3536987510425
13.0232142857143,1.17367560192472,1.00761121591271,9.01351882131868,64.3552271297782
13.0233134920635,1.17488561981781,1.00767766608662,9.00920833678214,64.3567557801062
13.0234126984127,1.17609359041959,1.00774457332518,9.00489991341481,64.3582847011976
13.0235119047619,1.17729951636096,1.00781193675519,9.00059355024021,64.3598138922244
13.0236111111111,1.17850340027129,1.00787975550407,8.99628924628179,64.3613433523588
13.0237103174603,1.17970524477816,1.0079480286998,8.99198700056389,64.3628730807738
13.0238095238095,1.18090505250765,1.00801675547096,8.98768681211075,64.3644030766429
13.0239087301587,1.18210282608405,1.00808593494671,8.98338867994736,64.3659333391403
13.0240079365079,1.18329856813002,1.00815556625683,8.97909260309912,64.3674638674404
13.0241071428571,1.18449228126665,1.00822564853165,8.97479858059146,64.3689946607187
13.0242063492063,1.18568396811326,1.00829618090211,8.97050661145069,64.3705257181509
13.0243055555556,1.18687363128762,1.00836716249974,8.96621669470302,64.3720570389135
13.0244047619048,1.18806127340574,1.00843859245665,8.96192882937555,64.3735886221833
13.024503968254,1.18924689708208,1.00851046990555,8.9576430144953,64.3751204671379
13.0246031746032,1.19043050492933,1.00858279397973,8.95335924909014,64.3766525729554
13.0247023809524,1.19161209955866,1.00865556381308,8.94907753218788,64.3781849388146
13.0248015873016,1.19279168357943,1.00872877854006,8.9447978628172,64.3797175638947
13.0249007936508,1.19396925959949,1.00880243729574,8.94052024000669,64.3812504473755
13.025,1.19514483022491,1.00887653921577,8.93624466278581,64.3827835884374
13.0250992063492,1.19631839806023,1.00895108343638,8.93197113018395,64.3843169862615
13.0251984126984,1.19748996570819,1.00902606909441,8.92769964123137,64.3858506400293
13.0252976190476,1.19865953577002,1.00910149532728,8.92343019495825,64.3873845489229
13.0253968253968,1.19982711084519,1.00917736127299,8.9191627903955,64.3889187121251
13.025496031746,1.20099269353153,1.00925366607014,8.91489742657446,64.3904531288191
13.0255952380952,1.20215628642528,1.00933040885792,8.91063410252649,64.3919877981888
13.0256944444444,1.20331789212093,1.0094075887761,8.90637281728382,64.3935227194186
13.0257936507937,1.20447751321141,1.00948520496504,8.90211356987861,64.3950578916937
13.0258928571429,1.20563515228789,1.0095632565657,8.89785635934387,64.3965933141994
13.0259920634921,1.20679081194001,1.00964174271963,8.89360118471255,64.3981289861221
13.0260912698413,1.20794449475561,1.00972066256895,8.88934804501847,64.3996649066484
13.0261904761905,1.20909620332102,1.00980001525639,8.88509693929536,64.4012010749657
13.0262896825397,1.21024594022077,1.00987979992525,8.88084786657782,64.4027374902618
13.0263888888889,1.21139370803789,1.00996001571944,8.87660082590038,64.4042741517253
13.0264880952381,1.21253950935359,1.01004066178345,8.87235581629844,64.4058110585451
13.0265873015873,1.21368334674758,1.01012173726235,8.86811283680732,64.4073482099109
13.0266865079365,1.21482522279777,1.01020324130182,8.86387188646319,64.4088856050129
13.0267857142857,1.21596514008055,1.01028517304811,8.85963296430218,64.4104232430418
13.0268849206349,1.21710310117055,1.01036753164806,8.85539606936113,64.4119611231889
13.0269841269841,1.21823910864077,1.01045031624911,8.85116120067729,64.4134992446462
13.0270833333333,1.21937316506262,1.01053352599929,8.84692835728798,64.4150376066062
13.0271825396825,1.22050527300573,1.01061716004721,8.84269753823133,64.4165762082619
13.0272817460317,1.22163543503822,1.01070121754208,8.83846874254545,64.418115048807
13.027380952381,1.22276365372642,1.01078569763368,8.83424196926927,64.4196541274357
13.0274801587302,1.22388993163512,1.01087059947239,8.83001721744169,64.4211934433427
13.0275793650794,1.22501427132733,1.0109559222092,8.82579448610244,64.4227329957234
13.0276785714286,1.22613667536455,1.01104166499565,8.8215737742912,64.4242727837739
13.0277777777778,1.22725714630647,1.0111278269839,8.81735508104848,64.4258128066905
13.027876984127,1.22837568671127,1.01121440732669,8.81313840541476,64.4273530636704
13.0279761904762,1.22949229913535,1.01130140517735,8.80892374643135,64.4288935539111
13.0280753968254,1.23060698613357,1.01138881968978,8.80471110313951,64.4304342766111
13.0281746031746,1.231719750259,1.0114766500185,8.80050047458135,64.4319752309691
13.0282738095238,1.2328305940632,1.01156489531861,8.7962918597989,64.4335164161844
13.028373015873,1.23393952009597,1.01165355474579,8.79208525783497,64.4350578314571
13.0284722222222,1.23504653090546,1.01174262745631,8.78788066773273,64.4365994759876
13.0285714285714,1.23615162903824,1.01183211260703,8.7836780885354,64.4381413489771
13.0286706349206,1.23725481703913,1.01192200935541,8.77947751928708,64.4396834496273
13.0287698412698,1.23835609745139,1.0120123168595,8.77527895903179,64.4412257771404
13.028869047619,1.23945547281652,1.01210303427791,8.77108240681441,64.4427683307193
13.0289682539683,1.24055294567447,1.01219416076988,8.76688786167974,64.4443111095674
13.0290674603175,1.24164851856344,1.01228569549521,8.76269532267346,64.4458541128886
13.0291666666667,1.24274219402005,1.0123776376143,8.75850478884117,64.4473973398876
13.0292658730159,1.2438339745792,1.01246998628814,8.75431625922933,64.4489407897694
13.0293650793651,1.2449238627742,1.0125627406783,8.75012973288433,64.4504844617398
13.0294642857143,1.24601186113662,1.01265589994695,8.74594520885342,64.4520283550051
13.0295634920635,1.24709797219649,1.01274946325686,8.74176268618379,64.4535724687721
13.0296626984127,1.24818219848204,1.01284342977135,8.73758216392347,64.4551168022483
13.0297619047619,1.24926454252001,1.01293779865438,8.73340364112045,64.4566613546416
13.0298611111111,1.25034500683534,1.01303256907045,8.72922711682344,64.4582061251608
13.0299603174603,1.25142359395135,1.01312774018469,8.72505259008154,64.4597511130148
13.0300595238095,1.25250030638979,1.01322331116279,8.72088005994393,64.4612963174135
13.0301587301587,1.25357514667063,1.01331928117105,8.71670952546062,64.4628417375671
13.0302579365079,1.25464811731229,1.01341564937635,8.71254098568156,64.4643873726867
13.0303571428571,1.25571922083144,1.01351241494615,8.70837443965755,64.4659332219835
13.0304563492064,1.2567884597432,1.01360957704852,8.70420988643935,64.4674792846697
13.0305555555556,1.25785583656092,1.01370713485211,8.70004732507855,64.4690255599579
13.0306547619048,1.2589213537964,1.01380508752614,8.69588675462669,64.4705720470612
13.030753968254,1.25998501395968,1.01390343424046,8.69172817413615,64.4721187451934
13.0308531746032,1.26104681955926,1.01400217416547,8.68757158265926,64.4736656535689
13.0309523809524,1.26210677310186,1.01410130647217,8.6834169792492,64.4752127714026
13.0310515873016,1.26316487709268,1.01420083033217,8.67926436295908,64.4767600979099
13.0311507936508,1.26422113403511,1.01430074491765,8.67511373284288,64.4783076323069
13.03125,1.26527554643105,1.01440104940138,8.67096508795449,64.4798553738102
13.0313492063492,1.26632811678061,1.01450174295672,8.66681842734858,64.4814033216371
13.0314484126984,1.26737884758228,1.01460282475763,8.66267375008018,64.4829514750054
13.0315476190476,1.26842774133296,1.01470429397864,8.65853105520438,64.4844998331333
13.0316468253968,1.26947480052779,1.01480614979488,8.65439034177712,64.4860483952399
13.031746031746,1.27052002766035,1.01490839138208,8.65025160885431,64.4875971605446
13.0318452380952,1.27156342522249,1.01501101791653,8.64611485549266,64.4891461282675
13.0319444444444,1.27260499570447,1.01511402857515,8.64198008074886,64.4906952976294
13.0320436507936,1.27364474159481,1.01521742253542,8.63784728368043,64.4922446678513
13.0321428571429,1.27468266538049,1.0153211989754,8.63371646334484,64.4937942381552
13.0322420634921,1.2757187695467,1.01542535707378,8.62958761880041,64.4953440077634
13.0323412698413,1.27675305657711,1.0155298960098,8.62546074910539,64.4968939758989
13.0324404761905,1.27778552895361,1.0156348149633,8.62133585331889,64.4984441417852
13.0325396825397,1.27881618915653,1.01574011311472,8.61721293049997,64.4999945046465
13.0326388888889,1.27984503966447,1.01584578964508,8.61309197970852,64.5015450637073
13.0327380952381,1.28087208295446,1.015951843736,8.60897300000438,64.503095818193
13.0328373015873,1.2818973215018,1.01605827456967,8.60485599044813,64.5046467673295
13.0329365079365,1.28292075778012,1.01616508132888,8.60074095010073,64.506197910343
13.0330357142857,1.28394239426149,1.01627226319702,8.59662787802321,64.5077492464606
13.0331349206349,1.28496223341622,1.01637981935804,8.59251677327745,64.5093007749099
13.0332341269841,1.28598027771307,1.01648774899652,8.58840763492527,64.510852494919
13.0333333333333,1.28699652961901,1.01659605129759,8.58430046202932,64.5124044057165
13.0334325396825,1.28801099159951,1.016704725447,8.58019525365223,64.5139565065319
13.0335317460317,1.28902366611823,1.01681377063106,8.57609200885743,64.5155087965949
13.033630952381,1.2900345556373,1.0169231860367,8.57199072670835,64.517061275136
13.0337301587302,1.29104366261711,1.01703297085141,8.56789140626921,64.5186139413861
13.0338293650794,1.29205098951647,1.0171431242633,8.56379404660421,64.520166794577
13.0339285714286,1.29305653879243,1.01725364546103,8.55969864677838,64.5217198339406
13.0340277777778,1.29406031290051,1.01736453363389,8.55560520585672,64.5232730587099
13.034126984127,1.29506231429444,1.01747578797173,8.55151372290503,64.524826468118
13.0342261904762,1.29606254542644,1.01758740766501,8.54742419698911,64.5263800613988
13.0343253968254,1.29706100874696,1.01769939190476,8.54333662717545,64.5279338377869
13.0344246031746,1.2980577067048,1.01781173988262,8.53925101253094,64.5294877965172
13.0345238095238,1.29905264174719,1.0179244507908,8.53516735212256,64.5310419368254
13.034623015873,1.30004581631961,1.0180375238221,8.53108564501811,64.5325962579476
13.0347222222222,1.30103723286597,1.01815095816993,8.52700589028533,64.5341507591206
13.0348214285714,1.30202689382843,1.01826475302827,8.52292808699281,64.5357054395817
13.0349206349206,1.30301480164759,1.0183789075917,8.51885223420911,64.5372602985689
13.0350198412698,1.3040009587623,1.01849342105537,8.5147783310036,64.5388153353206
13.035119047619,1.30498536760986,1.01860829261505,8.51070637644561,64.5403705490759
13.0352182539683,1.30596803062579,1.01872352146707,8.50663636960532,64.5419259390744
13.0353174603175,1.30694895024409,1.01883910680837,8.50256830955286,64.5434815045563
13.0354166666667,1.30792812889696,1.01895504783646,8.49850219535918,64.5450372447624
13.0355158730159,1.3089055690151,1.01907134374947,8.49443802609521,64.5465931589341
13.0356150793651,1.30988127302739,1.01918799374608,8.49037580083269,64.5481492463132
13.0357142857143,1.31085524336122,1.01930499702559,8.48631551864333,64.5497055061424
13.0358134920635,1.3118274824422,1.01942235278788,8.48225717859957,64.5512619376647
13.0359126984127,1.3127979926943,1.0195400602334,8.47820077977424,64.5528185401236
13.0360119047619,1.31376677653991,1.01965811856323,8.47414632124023,64.5543753127636
13.0361111111111,1.31473383639967,1.019776526979,8.47009380207126,64.5559322548293
13.0362103174603,1.31569917469266,1.01989528468295,8.46604322134103,64.5574893655663
13.0363095238095,1.3166627938362,1.0200143908779,8.46199457812405,64.5590466442203
13.0364087301587,1.31762469624606,1.02013384476727,8.4579478714948,64.560604090038
13.0365079365079,1.31858488433625,1.02025364555506,8.45390310052859,64.5621617022664
13.0366071428571,1.31954336051923,1.02037379244586,8.44986026430069,64.5637194801533
13.0367063492063,1.32050012720569,1.02049428464486,8.44581936188719,64.5652774229468
13.0368055555556,1.32145518680478,1.02061512135782,8.44178039236416,64.566835529896
13.0369047619048,1.32240854172389,1.0207363017911,8.43774335480848,64.56839380025
13.037003968254,1.32336019436886,1.02085782515165,8.43370824829701,64.569952233259
13.0371031746032,1.32431014714375,1.02097969064702,8.42967507190743,64.5715108281734
13.0372023809524,1.3252584024511,1.02110189748532,8.42564382471737,64.5730695842445
13.0373015873016,1.32620496269169,1.02122444487528,8.42161450580521,64.5746285007239
13.0374007936508,1.32714983026466,1.0213473320262,8.41758711424969,64.5761875768638
13.0375,1.32809300756756,1.02147055814797,8.41356164912965,64.5777468119172
13.0375992063492,1.32903449699618,1.02159412245108,8.40953810952474,64.5793062051375
13.0376984126984,1.32997430094479,1.02171802414661,8.40551649451457,64.5808657557787
13.0377976190476,1.33091242180585,1.02184226244622,8.40149680317961,64.5824254630953
13.0378968253968,1.33184886197031,1.02196683656215,8.39747903460026,64.5839853263426
13.037996031746,1.33278362382733,1.02209174570726,8.39346318785775,64.5855453447762
13.0380952380952,1.33371670976454,1.02221698909496,8.38944926203328,64.5871055176526
13.0381944444444,1.3346481221678,1.02234256593929,8.38543725620889,64.5886658442284
13.0382936507937,1.33557786342142,1.02246847545484,8.38142716946657,64.5902263237613
13.0383928571429,1.33650593590796,1.02259471685683,8.37741900088912,64.5917869555091
13.0384920634921,1.3374323420084,1.02272128936103,8.37341274955935,64.5933477387306
13.0385912698413,1.338357084102,1.02284819218382,8.36940841456085,64.5949086726849
13.0386904761905,1.33928016456643,1.02297542454217,8.3654059949772,64.5964697566319
13.0387896825397,1.34020158577765,1.02310298565364,8.3614054898927,64.5980309898317
13.0388888888889,1.34112135010997,1.02323087473636,8.35740689839202,64.5995923715453
13.0389880952381,1.34203945993609,1.02335909100908,8.35341021955993,64.6011539010342
13.0390873015873,1.34295591762698,1.02348763369111,8.34941545248201,64.6027155775604
13.0391865079365,1.34387072555205,1.02361650200237,8.34542259624383,64.6042774003867
13.0392857142857,1.34478388607895,1.02374569516336,8.34143164993174,64.6058393687761
13.0393849206349,1.34569540157377,1.02387521239517,8.33744261263209,64.6074014819924
13.0394841269841,1.34660527440085,1.02400505291948,8.33345548343206,64.6089637393001
13.0395833333333,1.34751350692298,1.02413521595856,8.32947026141877,64.6105261399641
13.0396825396825,1.34842010150119,1.02426570073527,8.32548694568018,64.6120886832497
13.0397817460317,1.34932506049494,1.02439650647305,8.32150553530421,64.6136513684232
13.039880952381,1.35022838626196,1.02452763239594,8.31752602937961,64.6152141947512
13.0399801587302,1.3511300811584,1.02465907772858,8.3135484269951,64.6167771615009
13.0400793650794,1.35203014753867,1.02479084169617,8.30957272724022,64.6183402679401
13.0401785714286,1.35292858775562,1.02492292352452,8.30559892920446,64.6199035133373
13.0402777777778,1.35382540416037,1.02505532244002,8.30162703197805,64.6214668969613
13.040376984127,1.35472059910237,1.02518803766966,8.29765703465162,64.6230304180816
13.0404761904762,1.35561417492952,1.02532106844101,8.29368893631584,64.6245940759685
13.0405753968254,1.35650613398794,1.02545441398222,8.28972273606225,64.6261578698925
13.0406746031746,1.3573964786222,1.02558807352206,8.2857584329823,64.6277217991249
13.0407738095238,1.35828521117511,1.02572204628986,8.28179602616833,64.6292858629376
13.040873015873,1.35917233398794,1.02585633151555,8.27783551471259,64.630850060603
13.0409722222222,1.36005784940018,1.02599092842965,8.27387689770818,64.6324143913939
13.0410714285714,1.36094175974979,1.02612583626327,8.26992017424817,64.6339788545841
13.0411706349206,1.36182406737295,1.0262610542481,8.26596534342645,64.6355434494475
13.0412698412698,1.3627047746043,1.02639658161644,8.26201240433687,64.6371081752591
13.041369047619,1.36358388377673,1.02653241760115,8.2580613560741,64.6386730312938
13.0414682539683,1.36446139722156,1.0266685614357,8.2541121977328,64.6402380168278
13.0415674603175,1.36533731726835,1.02680501235415,8.25016492840843,64.6418031311373
13.0416666666667,1.36621164624512,1.02694176959114,8.24621954719643,64.6433683734994
13.0417658730159,1.36708438647815,1.0270788323819,8.24227605319295,64.6449337431917
13.0418650793651,1.36795554029207,1.02721619996225,8.23833444549453,64.6464992394923
13.0419642857143,1.36882511000993,1.02735387156861,8.23439472319781,64.64806486168
13.0420634920635,1.36969309795301,1.02749184643797,8.23045688540022,64.6496306090339
13.0421626984127,1.37055950644105,1.02763012380793,8.22652093119919,64.6511964808342
13.0422619047619,1.37142433779203,1.02776870291665,8.22258685969293,64.652762476361
13.0423611111111,1.37228759432237,1.02790758300293,8.21865466997967,64.6543285948957
13.0424603174603,1.37314927834674,1.02804676330609,8.21472436115842,64.6558948357196
13.0425595238095,1.37400939217825,1.02818624306611,8.21079593232819,64.657461198115
13.0426587301587,1.37486793812825,1.02832602152351,8.20686938258878,64.6590276813646
13.0427579365079,1.37572491850655,1.02846609791941,8.20294471103999,64.6605942847518
13.0428571428571,1.37658033562119,1.02860647149553,8.19902191678242,64.6621610075605
13.0429563492063,1.37743419177865,1.02874714149418,8.19510099891665,64.6637278490752
13.0430555555556,1.37828648928368,1.02888810715824,8.19118195654407,64.6652948085808
13.0431547619048,1.37913723043945,1.0290293677312,8.18726478876606,64.6668618853631
13.043253968254,1.3799864175474,1.02917092245713,8.18334949468471,64.6684290787082
13.0433531746032,1.38083405290732,1.02931277058069,8.17943607340247,64.6699963879029
13.0434523809524,1.38168013881743,1.02945491134714,8.17552452402191,64.6715638122346
13.0435515873016,1.38252467757418,1.02959734400229,8.17161484564641,64.6731313509911
13.0436507936508,1.38336767147247,1.0297400677926,8.16770703737931,64.6746990034611
13.04375,1.38420912280544,1.02988308196507,8.16380109832477,64.6762667689335
13.0438492063492,1.38504903386467,1.03002638576732,8.15989702758693,64.6778346466981
13.0439484126984,1.38588740694,1.03016997844753,8.15599482427075,64.679402636045
13.0440476190476,1.3867242443197,1.03031385925449,8.15209448748116,64.6809707362651
13.0441468253968,1.3875595482903,1.03045802743758,8.14819601632389,64.6825389466496
13.044246031746,1.38839332113676,1.03060248224676,8.14429940990467,64.6841072664907
13.0443452380952,1.38922556514228,1.03074722293258,8.14040466733004,64.6856756950807
13.0444444444444,1.39005628258851,1.03089224874619,8.1365117877065,64.6872442317129
13.0445436507936,1.39088547575536,1.03103755893932,8.13262077014138,64.6888128756809
13.0446428571429,1.39171314692117,1.03118315276428,8.12873161374198,64.6903816262789
13.0447420634921,1.39253929836253,1.031329029474,8.12484431761631,64.6919504828018
13.0448412698413,1.39336393235443,1.03147518832195,8.12095888087279,64.6935194445449
13.0449404761905,1.39418705117021,1.03162162856225,8.1170753026199,64.6950885108043
13.0450396825397,1.3950086570815,1.03176834944955,8.11319358196693,64.6966576808764
13.0451388888889,1.39582875235837,1.03191535023913,8.10931371802317,64.6982269540585
13.0452380952381,1.39664733926911,1.03206263018685,8.10543570989872,64.6997963296482
13.0453373015873,1.39746442008049,1.03221018854915,8.10155955670363,64.7013658069438
13.0454365079365,1.39827999705749,1.03235802458307,8.0976852575488,64.7029353852441
13.0455357142857,1.39909407246356,1.03250613754623,8.09381281154509,64.7045050638486
13.0456349206349,1.39990664856038,1.03265452669683,8.08994221780416,64.7060748420573
13.0457341269841,1.40071772760807,1.03280319129369,8.08607347543768,64.7076447191707
13.0458333333333,1.40152731186501,1.0329521305962,8.0822065835581,64.70921469449
13.0459325396825,1.40233540358801,1.03310134386434,8.07834154127786,64.710784767317
13.0460317460317,1.40314200503214,1.03325083035867,8.07447834771023,64.7123549369539
13.046130952381,1.4039471184509,1.03340058934036,8.07061700196844,64.7139252027036
13.0462301587302,1.40475074609606,1.03355062007115,8.06675750316642,64.7154955638695
13.0463293650794,1.40555289021774,1.03370092181338,8.06289985041852,64.7170660197557
13.0464285714286,1.40635355306448,1.03385149382999,8.05904404283915,64.7186365696668
13.0465277777778,1.40715273688307,1.03400233538448,8.05519007954355,64.720207212908
13.046626984127,1.40795044391872,1.03415344574096,8.05133795964693,64.7217779487849
13.0467261904762,1.40874667641491,1.03430482416412,8.0474876822653,64.723348776604
13.0468253968254,1.40954143661355,1.03445646991926,8.04363924651467,64.7249196956721
13.0469246031746,1.4103347267548,1.03460838227224,8.03979265151185,64.7264907052967
13.0470238095238,1.41112654907727,1.03476056048953,8.03594789637364,64.7280618047859
13.047123015873,1.4119169058178,1.03491300383817,8.03210498021763,64.7296329934482
13.0472222222222,1.41270579921167,1.03506571158581,8.02826390216142,64.731204270593
13.0473214285714,1.41349323149245,1.03521868300067,8.02442466132339,64.7327756355298
13.0474206349206,1.41427920489208,1.03537191735159,8.02058725682192,64.7343470875692
13.0475198412698,1.41506372164082,1.03552541390796,8.01675168777619,64.735918626022
13.047619047619,1.41584678396731,1.03567917193979,8.01291795330537,64.7374902501998
13.0477182539683,1.41662839409851,1.03583319071766,8.00908605252933,64.7390619594146
13.0478174603175,1.41740855425969,1.03598746951274,8.00525598456834,64.7406337529789
13.0479166666667,1.41818726667454,1.03614200759682,8.00142774854275,64.7422056302062
13.0480158730159,1.41896453356504,1.03629680424222,7.99760134357372,64.7437775904101
13.0481150793651,1.41974035715155,1.03645185872191,7.99377676878238,64.7453496329052
13.0482142857143,1.42051473965271,1.03660717030942,7.9899540232907,64.7469217570061
13.0483134920635,1.4212876832856,1.03676273827886,7.98613310622061,64.7484939620287
13.0484126984127,1.42205919026556,1.03691856190496,7.98231401669484,64.7500662472888
13.0485119047619,1.42282926280633,1.037074640463,7.97849675383613,64.7516386121032
13.0486111111111,1.42359790311993,1.03723097322889,7.974681316768,64.7532110557892
13.0487103174603,1.42436511341682,1.0373875594791,7.97086770461397,64.7547835776646
13.0488095238095,1.42513089590571,1.0375443984907,7.96705591649837,64.7563561770476
13.0489087301587,1.42589525279372,1.03770148954134,7.96324595154549,64.7579288532575
13.0490079365079,1.42665818628626,1.03785883190928,7.95943780888046,64.7595016056137
13.0491071428571,1.42741969858714,1.03801642487336,7.95563148762836,64.7610744334362
13.0492063492064,1.42817979189848,1.03817426771299,7.95182698691501,64.7626473360459
13.0493055555556,1.42893846842072,1.0383323597082,7.94802430586659,64.764220312764
13.0494047619048,1.42969573035273,1.03849070013958,7.9442234436094,64.7657933629123
13.049503968254,1.43045157989162,1.03864928828833,7.94042439927052,64.7673664858132
13.0496031746032,1.43120601923293,1.03880812343624,7.93662717197702,64.7689396807898
13.0497023809524,1.43195905057047,1.03896720486566,7.93283176085679,64.7705129471656
13.0498015873016,1.43271067609648,1.03912653185958,7.92903816503769,64.7720862842648
13.0499007936508,1.43346089800145,1.03928610370154,7.92524638364839,64.7736596914121
13.05,1.4342097184743,1.03944591967567,7.92145641581755,64.7752331679329
13.0500992063492,1.43495713970222,1.0396059790667,7.91766826067463,64.7768067131528
13.0501984126984,1.43570316387082,1.03976628115997,7.91388191734908,64.7783803263985
13.0502976190476,1.43644779316396,1.03992682524135,7.91009738497115,64.7799540069969
13.0503968253968,1.43719102976396,1.04008761059738,7.90631466267107,64.7815277542757
13.050496031746,1.43793287585136,1.04024863651511,7.9025337495799,64.783101567563
13.0505952380952,1.43867333360516,1.04040990228223,7.89875464482865,64.7846754461875
13.0506944444444,1.43941240520263,1.04057140718701,7.89497734754907,64.7862493894787
13.0507936507937,1.44015009281938,1.04073315051829,7.89120185687327,64.7878233967663
13.0508928571429,1.44088639862943,1.04089513156553,7.88742817193348,64.7893974673808
13.0509920634921,1.44162132480507,1.04105734961874,7.88365629186271,64.7909716006534
13.0510912698413,1.442354873517,1.04121980396857,7.87988621579396,64.7925457959155
13.0511904761905,1.44308704693419,1.0413824939062,7.87611794286106,64.7941200524995
13.0512896825397,1.44381784722405,1.04154541872345,7.87235147219778,64.7956943697381
13.0513888888889,1.44454727655222,1.0417085777127,7.86858680293875,64.7972687469646
13.0514880952381,1.4452753370828,1.04187197016693,7.86482393421853,64.798843183513
13.0515873015873,1.44600203097814,1.04203559537971,7.86106286517253,64.8004176787177
13.0516865079365,1.446727360399,1.0421994526452,7.85730359493613,64.8019922319139
13.0517857142857,1.44745132750443,1.04236354125814,7.8535461226455,64.8035668424371
13.0518849206349,1.44817393445189,1.04252786051387,7.84979044743681,64.8051415096236
13.0519841269841,1.4488951833971,1.04269240970831,7.84603656844704,64.8067162328102
13.0520833333333,1.44961507649421,1.04285718813798,7.84228448481315,64.8082910113343
13.0521825396825,1.45033361589566,1.04302219509998,7.8385341956728,64.8098658445339
13.0522817460317,1.45105080375223,1.04318742989199,7.83478570016404,64.8114407317473
13.052380952381,1.4517666422131,1.04335289181232,7.83103899742502,64.8130156723137
13.0524801587302,1.45248113342571,1.04351858015981,7.8272940865947,64.8145906655729
13.0525793650794,1.45319427953595,1.04368449423394,7.823550966812,64.816165710865
13.0526785714286,1.45390608268793,1.04385063333474,7.81980963721667,64.8177408075309
13.0527777777778,1.45461654502423,1.04401699676288,7.81607009694844,64.8193159549119
13.052876984127,1.45532566868568,1.04418358381956,7.81233234514784,64.82089115235
13.0529761904762,1.4560334558115,1.04435039380661,7.80859638095538,64.8224663991879
13.0530753968254,1.45673990853923,1.04451742602642,7.80486220351239,64.8240416947685
13.0531746031746,1.4574450290048,1.04468467978201,7.80112981196017,64.8256170384357
13.0532738095238,1.4581488193424,1.04485215437695,7.79739920544085,64.8271924295336
13.053373015873,1.45885128168467,1.04501984911542,7.79367038309651,64.8287678674072
13.0534722222222,1.45955241816249,1.04518776330217,7.78994334407007,64.8303433514017
13.0535714285714,1.46025223090518,1.04535589624257,7.78621808750441,64.8319188808633
13.0536706349206,1.46095072204034,1.04552424724256,7.78249461254313,64.8334944551385
13.0537698412698,1.4616478936939,1.04569281560865,7.7787729183302,64.8350700735744
13.053869047619,1.46234374799022,1.04586160064799,7.77505300400972,64.8366457355188
13.0539682539683,1.46303828705191,1.04603060166826,7.77133486872656,64.83822144032
13.0540674603175,1.463731513,1.04619981797779,7.76761851162558,64.8397971873268
13.0541666666667,1.4644234279538,1.04636924888544,7.76390393185247,64.8413729758886
13.0542658730159,1.46511403403102,1.0465388937007,7.76019112855287,64.8429488053556
13.0543650793651,1.46580333334766,1.04670875173363,7.75648010087324,64.8445246750783
13.0544642857143,1.46649132801812,1.0468788222949,7.75277084796004,64.8461005844078
13.0545634920635,1.46717802015508,1.04704910469573,7.74906336896053,64.8476765326959
13.0546626984127,1.46786341186965,1.04721959824799,7.74535766302193,64.849252519295
13.0547619047619,1.46854750527119,1.04739030226406,7.74165372929229,64.8508285435579
13.0548611111111,1.46923030246749,1.04756121605699,7.73795156691965,64.852404604838
13.0549603174603,1.4699118055646,1.04773233894037,7.73425117505283,64.8539807024895
13.0550595238095,1.47059201666701,1.04790367022838,7.73055255284066,64.855556835867
13.0551587301587,1.47127093787746,1.04807520923581,7.72685569943266,64.8571330043256
13.0552579365079,1.47194857129708,1.04824695527803,7.72316061397875,64.8587092072211
13.0553571428571,1.47262491902536,1.048418907671,7.71946729562893,64.8602854439099
13.0554563492063,1.4732999831601,1.04859106573125,7.71577574353402,64.8618617137489
13.0555555555556,1.47397376579747,1.04876342877595,7.71208595684482,64.8634380160956
13.0556547619048,1.47464626903196,1.0489359961228,7.70839793471292,64.8650143503079
13.055753968254,1.47531749495644,1.04910876709013,7.70471167628991,64.8665907157447
13.0558531746032,1.47598744566207,1.04928174099683,7.70102718072819,64.8681671117651
13.0559523809524,1.47665612323842,1.04945491716241,7.69734444718014,64.8697435377289
13.0560515873016,1.47732352977334,1.04962829490695,7.69366347479894,64.8713199929965
13.0561507936508,1.47798966735309,1.04980187355112,7.68998426273776,64.8728964769288
13.05625,1.4786545380622,1.04997565241617,7.68630681015057,64.8744729888873
13.0563492063492,1.47931814398362,1.05014963082398,7.68263111619133,64.8760495282341
13.0564484126984,1.47998048719857,1.05032380809696,7.67895718001482,64.8776260943319
13.0565476190476,1.48064156978669,1.05049818355817,7.67528500077577,64.879202686544
13.0566468253968,1.48130139382591,1.0506727565312,7.67161457762965,64.8807793042342
13.056746031746,1.4819599613925,1.05084752634027,7.6679459097323,64.8823559467668
13.0568452380952,1.48261727456113,1.05102249231019,7.66427899623966,64.8839326135068
13.0569444444444,1.48327333540474,1.05119765376632,7.66061383630847,64.8855093038198
13.0570436507937,1.4839281459947,1.05137301003466,7.65695042909547,64.8870860170719
13.0571428571429,1.48458170840063,1.05154856044176,7.65328877375817,64.8886627526297
13.0572420634921,1.48523402469058,1.05172430431479,7.64962886945411,64.8902395098606
13.0573412698413,1.48588509693087,1.05190024098148,7.6459707153416,64.8918162881323
13.0574404761905,1.48653492718625,1.05207636977016,7.64231431057895,64.8933930868134
13.0575396825397,1.48718351751971,1.05225269000977,7.63865965432528,64.8949699052728
13.0576388888889,1.48783086999268,1.0524292010298,7.63500674573969,64.89654674288
13.0577380952381,1.48847698666486,1.05260590216037,7.63135558398209,64.8981235990052
13.0578373015873,1.48912186959436,1.05278279273216,7.62770616821236,64.8997004730192
13.0579365079365,1.48976552083756,1.05295987207644,7.62405849759119,64.9012773642932
13.0580357142857,1.49040794244928,1.0531371395251,7.62041257127929,64.9028542721991
13.0581349206349,1.49104913648259,1.05331459441059,7.61676838843801,64.9044311961093
13.0582341269841,1.49168910498895,1.05349223606594,7.61312594822915,64.9060081353968
13.0583333333333,1.49232785001817,1.05367006382481,7.60948524981458,64.9075850894353
13.0584325396825,1.49296537361837,1.0538480770214,7.60584629235696,64.9091620575989
13.0585317460317,1.49360167783608,1.05402627499056,7.60220907501895,64.9107390392623
13.058630952381,1.49423676471608,1.05420465706765,7.59857359696402,64.9123160338009
13.0587301587302,1.49487063630158,1.0543832225887,7.59493985735562,64.9138930405906
13.0588293650794,1.49550329463408,1.05456197089028,7.591307855358,64.9154700590077
13.0589285714286,1.49613474175347,1.05474090130955,7.5876775901354,64.9170470884295
13.0590277777778,1.49676497969793,1.05492001318429,7.58404906085286,64.9186241282334
13.059126984127,1.49739401050404,1.05509930585284,7.58042226667542,64.9202011777977
13.0592261904762,1.49802183620666,1.05527877865413,7.57679720676891,64.9217782365011
13.0593253968254,1.49864845883907,1.05545843092771,7.57317388029916,64.9233553037231
13.0594246031746,1.49927388043282,1.05563826201368,7.56955228643278,64.9249323788434
13.0595238095238,1.49989810301788,1.05581827125275,7.5659324243364,64.9265094612426
13.059623015873,1.5005211286225,1.05599845798623,7.56231429317732,64.9280865503018
13.0597222222222,1.50114295927328,1.05617882155598,7.55869789212326,64.9296636454025
13.0598214285714,1.50176359699521,1.05635936130451,7.55508322034201,64.9312407459271
13.0599206349206,1.50238304381158,1.05654007657484,7.55147027700218,64.9328178512583
13.0600198412698,1.50300130174407,1.05672096671066,7.54785906127236,64.9343949607795
13.060119047619,1.50361837281263,1.0569020310562,7.54424957232193,64.9359720738745
13.0602182539683,1.50423425903565,1.05708326895629,7.54064180932029,64.9375491899281
13.0603174603175,1.50484896242976,1.05726467975635,7.53703577143762,64.9391263083251
13.0604166666667,1.50546248501004,1.05744626280239,7.53343145784408,64.9407034284513
13.0605158730159,1.50607482878982,1.05762801744102,7.52982886771064,64.9422805496929
13.0606150793651,1.50668599578085,1.05780994301941,7.52622800020829,64.9438576714368
13.0607142857143,1.50729598799315,1.05799203888535,7.52262885450876,64.9454347930703
13.0608134920635,1.50790480743518,1.05817430438721,7.51903142978384,64.9470119139815
13.0609126984127,1.50851245611363,1.05835673887394,7.51543572520605,64.9485890335587
13.0610119047619,1.50911893603364,1.05853934169509,7.51184173994796,64.9501661511912
13.0611111111111,1.50972424919864,1.05872211220079,7.50824947318281,64.9517432662687
13.0612103174603,1.51032839761038,1.05890504974176,7.50465892408422,64.9533203781813
13.0613095238095,1.51093138326902,1.05908815366933,7.50107009182595,64.9548974863201
13.0614087301587,1.51153320817301,1.05927142333538,7.49748297558251,64.9564745900763
13.0615079365079,1.51213387431918,1.05945485809242,7.49389757452843,64.9580516888419
13.0616071428571,1.51273338370268,1.05963845729353,7.49031388783903,64.9596287820096
13.0617063492064,1.51333173831702,1.05982222029237,7.48673191468962,64.9612058689724
13.0618055555556,1.51392894015403,1.0600061464432,7.48315165425632,64.9627829491241
13.0619047619048,1.51452499120393,1.06019023510089,7.47957310571524,64.964360021859
13.062003968254,1.51511989345523,1.06037448562085,7.47599626824326,64.9659370865719
13.0621031746032,1.51571364889484,1.06055889735912,7.47242114101729,64.9675141426583
13.0622023809524,1.51630625950794,1.06074346967231,7.46884772321503,64.9690911895142
13.0623015873016,1.51689772727815,1.06092820191765,7.46527601401415,64.9706682265361
13.0624007936508,1.51748805418733,1.0611130934529,7.46170601259315,64.9722452531213
13.0625,1.51807724221579,1.06129814363647,7.45813771813049,64.9738222686675
13.0625992063492,1.51866529334211,1.06148335182732,7.45457112980536,64.975399272573
13.0626984126984,1.51925220954321,1.06166871738502,7.45100624679732,64.9769762642366
13.0627976190476,1.51983799279442,1.06185423966972,7.44744306828603,64.9785532430579
13.0628968253968,1.52042264506934,1.06203991804215,7.44388159345196,64.9801302084369
13.062996031746,1.52100616833998,1.06222575186366,7.44032182147556,64.9817071597742
13.0630952380952,1.52158856457664,1.06241174049616,7.43676375153807,64.983284096471
13.0631944444444,1.52216983574801,1.06259788330216,7.43320738282076,64.984861017929
13.0632936507936,1.52274998382106,1.06278417964475,7.42965271450565,64.9864379235506
13.0633928571429,1.5233290107612,1.06297062888764,7.42609974577478,64.9880148127388
13.0634920634921,1.52390691853208,1.06315723039508,7.42254847581099,64.9895916848969
13.0635912698413,1.52448370909579,1.06334398353195,7.41899890379711,64.9911685394292
13.0636904761905,1.52505938441268,1.06353088766371,7.41545102891674,64.99274537574
13.0637896825397,1.52563394644151,1.06371794215639,7.41190485035352,64.9943221932349
13.0638888888889,1.52620739713932,1.06390514637663,7.40836036729186,64.9958989913194
13.0639880952381,1.52677973846158,1.06409249969166,7.40481757891616,64.9974757694
13.0640873015873,1.52735097236204,1.06428000146929,7.40127648441153,64.9990525268836
13.0641865079365,1.52792110079277,1.06446765107791,7.39773708296346,65.0006292631777
13.0642857142857,1.52849012570428,1.06465544788652,7.39419937375756,65.0022059776904
13.0643849206349,1.52905804904533,1.0648433912647,7.39066335598021,65.0037826698304
13.0644841269841,1.52962487276308,1.06503148058261,7.3871290288178,65.0053593390069
13.0645833333333,1.53019059880301,1.06521971521102,7.38359639145751,65.0069359846296
13.0646825396825,1.53075522910896,1.06540809452128,7.38006544308651,65.0085126061092
13.0647817460317,1.53131876562309,1.06559661788531,7.37653618289278,65.0100892028564
13.064880952381,1.53188121028594,1.06578528467565,7.37300861006429,65.0116657742828
13.0649801587302,1.53244256503634,1.06597409426541,7.36948272378979,65.0132423198005
13.0650793650794,1.53300283181155,1.0661630460283,7.36595852325804,65.0148188388222
13.0651785714286,1.53356201254707,1.06635213933861,7.3624360076586,65.0163953307612
13.0652777777778,1.53412010917683,1.06654137357122,7.35891517618102,65.0179717950314
13.065376984127,1.53467712363305,1.06673074810161,7.35539602801563,65.019548231047
13.0654761904762,1.53523305784634,1.06692026230583,7.35187856235279,65.0211246382231
13.0655753968254,1.53578791374561,1.06710991556055,7.34836277838352,65.0227010159754
13.0656746031746,1.53634169325813,1.06729970724298,7.34484867529925,65.0242773637198
13.0657738095238,1.53689439830954,1.06748963673098,7.34133625229151,65.0258536808732
13.065873015873,1.53744603082376,1.06767970340295,7.33782550855261,65.0274299668527
13.0659722222222,1.53799659272315,1.06786990663791,7.33431644327488,65.0290062210764
13.0660714285714,1.53854608592832,1.06806024581544,7.33080905565143,65.0305824429625
13.0661706349206,1.53909451235829,1.06825072031574,7.32730334487536,65.0321586319302
13.0662698412698,1.53964187393038,1.06844132951959,7.32379931014058,65.033734787399
13.066369047619,1.5401881725603,1.06863207280834,7.32029695064097,65.0353109087891
13.0664682539683,1.54073341016203,1.06882294956395,7.31679626557125,65.0368869955211
13.0665674603175,1.541277588648,1.06901395916896,7.31329725412609,65.0384630470165
13.0666666666667,1.54182070992888,1.06920510100651,7.30979991550097,65.0400390626971
13.0667658730159,1.54236277591376,1.06939637446032,7.30630424889139,65.0416150419853
13.0668650793651,1.54290378851002,1.0695877789147,7.3028102534936,65.0431909843043
13.0669642857143,1.54344374962343,1.06977931375455,7.29931792850388,65.0447668890776
13.0670634920635,1.54398266115808,1.06997097836536,7.2958272731192,65.0463427557294
13.0671626984127,1.54452052501639,1.0701627721332,7.29233828653692,65.0479185836844
13.0672619047619,1.54505734309917,1.07035469444475,7.28885096795449,65.049494372368
13.0673611111111,1.54559311730551,1.07054674468726,7.28536531657015,65.0510701212062
13.0674603174603,1.54612784953292,1.07073892224858,7.28188133158218,65.0526458296253
13.0675595238095,1.54666154167718,1.07093122651714,7.27839901218959,65.0542214970525
13.0676587301587,1.54719419563247,1.07112365688197,7.27491835759143,65.0557971229155
13.0677579365079,1.54772581329128,1.07131621273269,7.27143936698753,65.0573727066422
13.0678571428571,1.54825639654448,1.07150889345949,7.26796203957773,65.0589482476618
13.0679563492063,1.54878594728123,1.07170169845317,7.26448637456263,65.0605237454033
13.0680555555556,1.54931446738909,1.07189462710512,7.26101237114288,65.0620991992969
13.0681547619048,1.54984195875392,1.07208767880729,7.25754002851986,65.0636746087729
13.068253968254,1.55036842325997,1.07228085295226,7.25406934589501,65.0652499732625
13.0683531746032,1.55089386278978,1.07247414893317,7.25060032247051,65.0668252921974
13.0684523809524,1.55141827922429,1.07266756614377,7.24713295744857,65.0684005650097
13.0685515873016,1.55194167444274,1.07286110397837,7.2436672500321,65.0699757911324
13.0686507936508,1.55246405032273,1.0730547618319,7.24020319942437,65.0715509699987
13.06875,1.55298540874022,1.07324853909986,7.23674080482878,65.0731261010427
13.0688492063492,1.55350575156948,1.07344243517835,7.2332800654495,65.0747011836988
13.0689484126984,1.55402508068316,1.07363644946405,7.22982098049071,65.0762762174022
13.0690476190476,1.55454339795222,1.07383058135424,7.22636354915739,65.0778512015886
13.0691468253968,1.55506070524602,1.07402483024678,7.22290777065451,65.0794261356942
13.069246031746,1.55557700443218,1.07421919554013,7.21945364418782,65.0810010191558
13.0693452380952,1.55609229737675,1.07441367663332,7.21600116896309,65.082575851411
13.0694444444444,1.55660658594405,1.07460827292599,7.21255034418687,65.0841506318976
13.0695436507937,1.55711987199682,1.07480298381836,7.20910116906571,65.0857253600542
13.0696428571429,1.55763215739607,1.07499780871124,7.20565364280695,65.0873000353199
13.0697420634921,1.55814344400121,1.07519274700602,7.20220776461794,65.0888746571346
13.0698412698413,1.55865373366995,1.0753877981047,7.1987635337068,65.0904492249383
13.0699404761905,1.55916302825839,1.07558296140985,7.19532094928168,65.0920237381721
13.0700396825397,1.55967132864198,1.07577823672289,7.19188001051489,65.0935981966794
13.0701388888889,1.56017862732029,1.07597362724988,7.18844071628029,65.0951726037396
13.0702380952381,1.56068492330336,1.07616913354379,7.18500306572009,65.0967469599533
13.0703373015873,1.56119021780302,1.07636475526132,7.1815670580618,65.0983212650161
13.0704365079365,1.56169451203055,1.0765604920594,7.17813269253286,65.0998955186239
13.0705357142857,1.56219780719651,1.07675634359514,7.17469996836139,65.1014697204725
13.0706349206349,1.56270010451091,1.07695230952584,7.17126888477542,65.1030438702583
13.0707341269841,1.56320140518306,1.07714838950902,7.16783944100367,65.1046179676776
13.0708333333333,1.56370171042168,1.0773445832024,7.16441163627477,65.1061920124269
13.0709325396825,1.5642010214348,1.07754089026387,7.16098546981803,65.107766004203
13.0710317460317,1.5646993394299,1.07773731035154,7.15756094086268,65.1093399427029
13.071130952381,1.56519666561372,1.07793384312372,7.15413804863864,65.1109138276236
13.0712301587302,1.56569300119247,1.07813048823892,7.15071679237572,65.1124876586626
13.0713293650794,1.56618834737164,1.07832724535584,7.14729717130444,65.1140614355171
13.0714285714286,1.56668270535615,1.07852411413337,7.14387918465523,65.115635157885
13.0715277777778,1.56717607635024,1.07872109423063,7.14046283165908,65.1172088254642
13.071626984127,1.56766846155752,1.0789181853069,7.13704811154731,65.1187824379526
13.0717261904762,1.568159862181,1.07911538702169,7.13363502355123,65.1203559950485
13.0718253968254,1.56865027942301,1.0793126990347,7.13022356690286,65.1219294964503
13.0719246031746,1.56913971448528,1.07951012100582,7.1268137408341,65.1235029418568
13.0720238095238,1.56962816856888,1.07970765259514,7.12340554457756,65.1250763309665
13.072123015873,1.57011564287428,1.07990529346296,7.11999897736574,65.1266496634786
13.0722222222222,1.57060213860127,1.08010304326977,7.11659403843186,65.1282229390923
13.0723214285714,1.57108765694904,1.08030090167627,7.11319072700901,65.1297961575068
13.0724206349206,1.57157219911611,1.08049886834333,7.10978904233099,65.1313693184216
13.0725198412698,1.57205576630042,1.08069694293206,7.10638898363151,65.1329424215367
13.072619047619,1.57253835969922,1.08089512510373,7.10299055014496,65.1345154665518
13.0727182539683,1.57301998050916,1.08109341451983,7.09959374110566,65.1360884531672
13.0728174603175,1.57350062992623,1.08129181084205,7.09619855574857,65.1376613810829
13.0729166666667,1.57398030914582,1.08149031373228,7.09280499330862,65.1392342499997
13.0730158730159,1.57445901936265,1.08168892285259,7.08941305302129,65.140807059618
13.0731150793651,1.5749367617708,1.08188763786526,7.08602273412237,65.1423798096388
13.0732142857143,1.57541353756376,1.08208645843278,7.08263403584766,65.1439524997631
13.0733134920635,1.57588934793435,1.08228538421782,7.07924695743364,65.1455251296921
13.0734126984127,1.57636419407477,1.08248441488327,7.07586149811671,65.1470976991272
13.0735119047619,1.57683807717656,1.08268355009218,7.07247765713394,65.1486702077701
13.0736111111111,1.57731099843067,1.08288278950785,7.06909543372234,65.1502426553225
13.0737103174603,1.57778295902737,1.08308213279375,7.06571482711958,65.1518150414863
13.0738095238095,1.57825396015633,1.08328157961354,7.06233583656325,65.1533873659638
13.0739087301587,1.57872400300654,1.0834811296311,7.05895846129162,65.1549596284572
13.0740079365079,1.57919308876643,1.0836807825105,7.05558270054289,65.1565318286692
13.0741071428571,1.57966121862371,1.083880537916,7.05220855355593,65.1581039663024
13.0742063492063,1.58012839376553,1.08408039551209,7.04883601956952,65.1596760410597
13.0743055555556,1.58059461537833,1.0842803549634,7.04546509782313,65.1612480526442
13.0744047619048,1.581059884648,1.08448041593484,7.04209578755615,65.1628200007593
13.074503968254,1.58152420275972,1.08468057809144,7.03872808800855,65.1643918851082
13.0746031746032,1.58198757089807,1.08488084109846,7.03536199842059,65.1659637053948
13.0747023809524,1.582449990247,1.08508120462139,7.03199751803256,65.1675354613228
13.0748015873016,1.5829114619898,1.08528166832586,7.02863464608542,65.1691071525961
13.0749007936508,1.58337198730917,1.08548223187775,7.02527338182005,65.1706787789192
13.075,1.58383156738711,1.08568289494311,7.021913724478,65.1722503399963
13.0750992063492,1.58429020340506,1.0858836571882,7.01855567330075,65.1738218355321
13.0751984126984,1.58474789654375,1.08608451827946,7.01519922753047,65.1753932652312
13.0752976190476,1.58520464798334,1.08628547788357,7.01184438640921,65.1769646287986
13.0753968253968,1.58566045890331,1.08648653566736,7.00849114917974,65.1785359259395
13.075496031746,1.58611533048254,1.08668769129789,7.00513951508473,65.1801071563593
13.0755952380952,1.58656926389923,1.08688894444241,7.00178948336752,65.1816783197633
13.0756944444444,1.58702226033101,1.08709029476837,6.99844105327139,65.1832494158574
13.0757936507936,1.5874743209548,1.08729174194341,6.99509422404028,65.1848204443473
13.0758928571429,1.58792544694695,1.08749328563539,6.99174899491806,65.1863914049393
13.0759920634921,1.58837563948313,1.08769492551235,6.98840536514919,65.1879622973394
13.0760912698413,1.5888248997384,1.08789666124252,6.98506333397839,65.1895331212542
13.0761904761905,1.58927322888719,1.08809849249437,6.98172290065046,65.1911038763903
13.0762896825397,1.58972062810326,1.08830041893652,6.97838406441081,65.1926745624545
13.0763888888889,1.59016709855978,1.08850244023782,6.97504682450481,65.1942451791539
13.0764880952381,1.59061264142925,1.08870455606729,6.97171118017851,65.1958157261955
13.0765873015873,1.59105725788356,1.0889067660942,6.96837713067785,65.1973862032868
13.0766865079365,1.59150094909394,1.08910906998797,6.96504467524947,65.1989566101353
13.0767857142857,1.59194371623102,1.08931146741823,6.96171381313994,65.2005269464489
13.0768849206349,1.59238556046475,1.08951395805482,6.95838454359647,65.2020972119353
13.0769841269841,1.5928264829645,1.08971654156778,6.95505686586623,65.2036674063028
13.0770833333333,1.59326648489894,1.08991921762733,6.95173077919704,65.2052375292596
13.0771825396825,1.59370556743617,1.0901219859039,6.94840628283666,65.2068075805144
13.0772817460317,1.5941437317436,1.09032484606813,6.9450833760335,65.2083775597755
13.077380952381,1.59458097898805,1.09052779779085,6.94176205803592,65.2099474667522
13.0774801587302,1.59501731033568,1.09073084074307,6.93844232809286,65.2115173011532
13.0775793650794,1.59545272695201,1.09093397459602,6.93512418545352,65.2130870626879
13.0776785714286,1.59588723000195,1.09113719902114,6.93180762936717,65.2146567510658
13.0777777777778,1.59632082064975,1.09134051369003,6.92849265908372,65.2162263659963
13.077876984127,1.59675350005905,1.09154391827453,6.92517927385301,65.2177959071894
13.0779761904762,1.59718526939282,1.09174741244665,6.92186747292556,65.2193653743549
13.0780753968254,1.59761612981344,1.09195099587862,6.91855725555182,65.2209347672032
13.0781746031746,1.59804608248261,1.09215466824285,6.91524862098288,65.2225040854444
13.0782738095238,1.59847512856144,1.09235842921196,6.91194156846979,65.2240733287893
13.078373015873,1.59890326921036,1.09256227845876,6.90863609726427,65.2256424969484
13.0784722222222,1.5993305055892,1.09276621565627,6.90533220661794,65.2272115896328
13.0785714285714,1.59975683885713,1.0929702404777,6.90202989578312,65.2287806065535
13.0786706349206,1.60018227017272,1.09317435259647,6.89872916401204,65.2303495474219
13.0787698412698,1.60060680069386,1.09337855168618,6.89543001055759,65.2319184119493
13.078869047619,1.60103043157784,1.09358283742064,6.89213243467262,65.2334871998475
13.0789682539683,1.6014531639813,1.09378720947387,6.88883643561054,65.2350559108283
13.0790674603175,1.60187499906023,1.09399166752007,6.88554201262504,65.2366245446037
13.0791666666667,1.60229593797004,1.09419621123364,6.88224916496987,65.238193100886
13.0792658730159,1.60271598186543,1.09440084028919,6.8789578918994,65.2397615793875
13.0793650793651,1.60313513190054,1.09460555436152,6.87566819266798,65.2413299798209
13.0794642857143,1.60355338922881,1.09481035312564,6.87238006653059,65.242898301899
13.0795634920635,1.60397075500309,1.09501523625675,6.86909351274215,65.2444665453347
13.0796626984127,1.60438723037556,1.09522020343023,6.86580853055827,65.2460347098411
13.0797619047619,1.60480281649781,1.09542525432171,6.86252511923446,65.2476027951317
13.0798611111111,1.60521751452074,1.09563038860696,6.8592432780269,65.2491708009198
13.0799603174603,1.60563132559468,1.095835605962,6.85596300619172,65.2507387269194
13.0800595238095,1.60604425086925,1.096040906063,6.8526843029857,65.2523065728442
13.0801587301587,1.60645629149351,1.09624628858637,6.84940716766556,65.2538743384083
13.0802579365079,1.60686744861583,1.09645175320869,6.84613159948868,65.255442023326
13.0803571428571,1.60727772338397,1.09665729960677,6.84285759771238,65.2570096273118
13.0804563492064,1.60768711694506,1.09686292745758,6.83958516159454,65.2585771500804
13.0805555555556,1.60809563044556,1.09706863643832,6.83631429039334,65.2601445913464
13.0806547619048,1.60850326503135,1.09727442622637,6.83304498336701,65.261711950825
13.080753968254,1.60891002184761,1.09748029649932,6.82977723977441,65.2632792282314
13.0808531746032,1.60931590203896,1.09768624693496,6.82651105887436,65.2648464232809
13.0809523809524,1.60972090674932,1.09789227721126,6.82324643992632,65.2664135356891
13.0810515873016,1.61012503712202,1.09809838700642,6.8199833821897,65.2679805651719
13.0811507936508,1.61052829429971,1.0983045759988,6.81672188492457,65.2695475114451
13.08125,1.61093067942446,1.098510843867,6.81346194739093,65.2711143742249
13.0813492063492,1.61133219363765,1.09871719028978,6.81020356884946,65.2726811532276
13.0814484126984,1.61173283808008,1.09892361494614,6.80694674856074,65.2742478481697
13.0815476190476,1.61213261389187,1.09913011751524,6.80369148578606,65.2758144587679
13.0816468253968,1.61253152221252,1.09933669767646,6.80043777978659,65.2773809847391
13.081746031746,1.6129295641809,1.09954335510936,6.79718562982421,65.2789474258004
13.0818452380952,1.61332674093525,1.09975008949374,6.79393503516072,65.280513781669
13.0819444444444,1.61372305361317,1.09995690050955,6.79068599505847,65.2820800520624
13.0820436507937,1.6141185033516,1.10016378783697,6.78743850878013,65.2836462366981
13.0821428571429,1.61451309128689,1.10037075115636,6.78419257558841,65.285212335294
13.0822420634921,1.61490681855472,1.10057779014829,6.78094819474664,65.2867783475682
13.0823412698413,1.61529968629016,1.10078490449353,6.77770536551813,65.2883442732387
13.0824404761905,1.61569169562761,1.10099209387305,6.77446408716681,65.289910112024
13.0825396825397,1.6160828477009,1.101199357968,6.77122435895659,65.2914758636426
13.0826388888889,1.61647314364314,1.10140669645975,6.76798618015201,65.2930415278133
13.0827380952381,1.61686258458688,1.10161410902987,6.76474955001755,65.294607104255
13.0828373015873,1.61725117166398,1.1018215953601,6.76151446781835,65.2961725926867
13.0829365079365,1.61763890600572,1.10202915513242,6.75828093281952,65.297737992828
13.0830357142857,1.61802578874268,1.10223678802897,6.75504894428677,65.2993033043981
13.0831349206349,1.61841182100486,1.10244449373213,6.7518185014858,65.3008685271169
13.0832341269841,1.6187970039216,1.10265227192442,6.74858960368295,65.3024336607041
13.0833333333333,1.61918133862161,1.10286012228863,6.74536225014449,65.3039987048798
13.0834325396825,1.61956482623297,1.10306804450769,6.74213644013727,65.3055636593643
13.0835317460317,1.6199474678831,1.10327603826475,6.73891217292844,65.3071285238779
13.083630952381,1.62032926469883,1.10348410324318,6.73568944778517,65.3086932981413
13.0837301587302,1.62071021780631,1.10369223912651,6.73246826397529,65.3102579818753
13.0838293650794,1.6210903283311,1.1039004455985,6.72924862076658,65.3118225748009
13.0839285714286,1.62146959739808,1.10410872234309,6.72603051742746,65.3133870766391
13.0840277777778,1.62184802613152,1.10431706904443,6.7228139532263,65.3149514871115
13.084126984127,1.62222561565505,1.10452548538685,6.71959892743214,65.3165158059395
13.0842261904762,1.62260236709168,1.10473397105491,6.71638543931394,65.3180800328449
13.0843253968254,1.62297828156375,1.10494252573335,6.71317348814132,65.3196441675495
13.0844246031746,1.62335336019301,1.1051511491071,6.70996307318386,65.3212082097756
13.0845238095238,1.62372760410053,1.10535984086131,6.70675419371176,65.3227721592453
13.084623015873,1.62410101440678,1.10556860068131,6.70354684899519,65.3243360156811
13.0847222222222,1.62447359223157,1.10577742825264,6.70034103830498,65.3258997788057
13.0848214285714,1.62484533869411,1.10598632326103,6.69713676091188,65.327463448342
13.0849206349206,1.62521625491294,1.10619528539243,6.69393401608721,65.329027024013
13.0850198412698,1.62558634200595,1.10640431433295,6.69073280310261,65.3305905055419
13.085119047619,1.62595560109047,1.10661340976895,6.68753312122973,65.3321538926521
13.0852182539683,1.62632403328311,1.10682257138693,6.68433496974088,65.3337171850671
13.0853174603175,1.62669163969991,1.10703179887364,6.68113834790832,65.3352803825109
13.0854166666667,1.62705842145623,1.107241091916,6.67794325500495,65.3368434847073
13.0855158730159,1.62742437966683,1.10745045020114,6.67474969030363,65.3384064913805
13.0856150793651,1.62778951544579,1.10765987341638,6.67155765307785,65.3399694022549
13.0857142857143,1.62815382990662,1.10786936124926,6.66836714260109,65.3415322170549
13.0858134920635,1.62851732416212,1.10807891338748,6.66517815814742,65.3430949355052
13.0859126984127,1.62887999932453,1.10828852951898,6.66199069899091,65.3446575573309
13.0860119047619,1.6292418565054,1.10849820933187,6.65880476440624,65.3462200822569
13.0861111111111,1.62960289681567,1.10870795251448,6.65562035366808,65.3477825100086
13.0862103174603,1.62996312136563,1.10891775875532,6.6524374660517,65.3493448403113
13.0863095238095,1.63032253126496,1.10912762774311,6.64925610083237,65.3509070728907
13.0864087301587,1.63068112762268,1.10933755916676,6.64607625728587,65.3524692074728
13.0865079365079,1.63103891154718,1.10954755271539,6.64289793468832,65.3540312437834
13.0866071428571,1.63139588414623,1.10975760807832,6.63972113231586,65.3555931815487
13.0867063492063,1.63175204652695,1.10996772494504,6.63654584944527,65.3571550204952
13.0868055555556,1.63210739979584,1.11017790300529,6.63337208535329,65.3587167603495
13.0869047619048,1.63246194505873,1.11038814194895,6.63019983931731,65.3602784008383
13.087003968254,1.63281568342087,1.11059844146615,6.62702911061467,65.3618399416885
13.0871031746032,1.63316861598683,1.11080880124719,6.62385989852334,65.3634013826273
13.0872023809524,1.63352074386057,1.11101922098258,6.62069220232126,65.3649627233821
13.0873015873016,1.63387206814539,1.11122970036301,6.61752602128702,65.3665239636802
13.0874007936508,1.63422258994399,1.11144023907941,6.61436135469913,65.3680851032495
13.0875,1.6345723103584,1.11165083682285,6.61119820183678,65.3696461418177
13.0875992063492,1.63492123049005,1.11186149328466,6.60803656197909,65.371207079113
13.0876984126984,1.63526935143969,1.11207220815632,6.60487643440585,65.3727679148636
13.0877976190476,1.6356166743075,1.11228298112954,6.60171781839677,65.374328648798
13.0878968253968,1.63596320019296,1.11249381189621,6.59856071323215,65.3758892806447
13.087996031746,1.63630893019494,1.11270470014842,6.59540511819256,65.3774498101326
13.0880952380952,1.63665386541169,1.11291564557848,6.59225103255862,65.3790102369908
13.0881944444444,1.6369980069408,1.11312664787887,6.58909845561161,65.3805705609482
13.0882936507937,1.63734135587926,1.1133377067423,6.58594738663275,65.3821307817345
13.0883928571429,1.63768391332337,1.11354882186164,6.58279782490389,65.383690899079
13.0884920634921,1.63802568036886,1.11375999293,6.57964976970686,65.3852509127116
13.0885912698413,1.63836665811077,1.11397121964065,6.57650322032412,65.3868108223621
13.0886904761905,1.63870684764355,1.11418250168709,6.57335817603808,65.3883706277608
13.0887896825397,1.63904625006097,1.114393838763,6.57021463613181,65.3899303286378
13.0888888888889,1.63938486645621,1.11460523056227,6.5670725998883,65.3914899247238
13.0889880952381,1.63972269792177,1.11481667677897,6.56393206659123,65.3930494157493
13.0890873015873,1.64005974554957,1.1150281771074,6.5607930355242,65.3946088014453
13.0891865079365,1.64039601043083,1.11523973124203,6.55765550597147,65.3961680815427
13.0892857142857,1.6407314936562,1.11545133887755,6.55451947721723,65.3977272557728
13.0893849206349,1.64106619631565,1.11566299970883,6.55138494854627,65.3992863238671
13.0894841269841,1.64140011949852,1.11587471343095,6.54825191924363,65.4008452855571
13.0895833333333,1.64173326429354,1.11608647973918,6.54512038859443,65.4024041405747
13.0896825396825,1.64206563178878,1.11629829832901,6.5419903558844,65.4039628886518
13.0897817460317,1.64239722307169,1.1165101688961,6.53886182039926,65.4055215295206
13.089880952381,1.64272803922908,1.11672209113632,6.53573478142535,65.4070800629134
13.0899801587302,1.64305808134714,1.11693406474576,6.53260923824896,65.4086384885628
13.0900793650794,1.64338735051138,1.11714608942068,6.52948519015703,65.4101968062015
13.0901785714286,1.64371584780673,1.11735816485754,6.52636263643647,65.4117550155625
13.0902777777778,1.64404357431744,1.11757029075302,6.52324157637481,65.4133131163787
13.090376984127,1.64437053112717,1.11778246680398,6.52012200925954,65.4148711083836
13.0904761904762,1.64469671931891,1.11799469270748,6.5170039343788,65.4164289913106
13.0905753968254,1.64502213997502,1.1182069681608,6.51388735102068,65.4179867648933
13.0906746031746,1.64534679417724,1.11841929286139,6.51077225847392,65.4195444288656
13.0907738095238,1.64567068300667,1.11863166650692,6.5076586560272,65.4211019829615
13.090873015873,1.64599380754376,1.11884408879524,6.50454654296977,65.4226594269153
13.0909722222222,1.64631616886834,1.11905655942441,6.50143591859117,65.4242167604613
13.0910714285714,1.64663776805962,1.1192690780927,6.49832678218099,65.4257739833342
13.0911706349206,1.64695860619612,1.11948164449855,6.49521913302945,65.4273310952686
13.0912698412698,1.6472786843558,1.11969425834063,6.49211297042673,65.4288880959997
13.091369047619,1.64759800361593,1.11990691931778,6.48900829366367,65.4304449852625
13.0914682539683,1.64791656505317,1.12011962712907,6.48590510203103,65.4320017627923
13.0915674603175,1.64823436974352,1.12033238147373,6.48280339482024,65.4335584283247
13.0916666666667,1.64855141876239,1.12054518205123,6.47970317132267,65.4351149815955
13.0917658730159,1.6488677131845,1.12075802856121,6.47660443083035,65.4366714223404
13.0918650793651,1.64918325408399,1.12097092070352,6.47350717263526,65.4382277502956
13.0919642857143,1.64949804253432,1.1211838581782,6.47041139602999,65.4397839651973
13.0920634920635,1.64981207960834,1.12139684068551,6.46731710030714,65.4413400667821
13.0921626984127,1.65012536637826,1.12160986792588,6.4642242847599,65.4428960547865
13.0922619047619,1.65043790391566,1.12182293959996,6.46113294868146,65.4444519289474
13.0923611111111,1.65074969329147,1.12203605540859,6.45804309136553,65.4460076890018
13.0924603174603,1.65106073557598,1.1222492150528,6.45495471210614,65.4475633346868
13.0925595238095,1.6513710318389,1.12246241823385,6.45186781019735,65.4491188657399
13.0926587301587,1.65168058314922,1.12267566465317,6.44878238493388,65.4506742818987
13.0927579365079,1.65198939057537,1.12288895401239,6.44569843561037,65.4522295829009
13.0928571428571,1.65229745518511,1.12310228601334,6.44261596152215,65.4537847684844
13.0929563492064,1.65260477804556,1.12331566035808,6.43953496196446,65.4553398383875
13.0930555555556,1.65291136022322,1.12352907674882,6.43645543623321,65.4568947923483
13.0931547619048,1.65321720278395,1.123742534888,6.43337738362426,65.4584496301054
13.093253968254,1.65352230679298,1.12395603447824,6.43030080343411,65.4600043513976
13.0933531746032,1.6538266733149,1.1241695752224,6.4272256949592,65.4615589559636
13.0934523809524,1.65413030341366,1.12438315682347,6.42415205749664,65.4631134435426
13.0935515873016,1.65443319815259,1.1245967789847,6.42107989034349,65.4646678138738
13.0936507936508,1.65473535859436,1.1248104414095,6.41800919279742,65.4662220666966
13.09375,1.65503678580104,1.12502414380152,6.4149399641561,65.4677762017508
13.0938492063492,1.65533748083404,1.12523788586456,6.41187220371772,65.469330218776
13.0939484126984,1.65563744475414,1.12545166730264,6.4088059107808,65.4708841175122
13.0940476190476,1.65593667862149,1.12566548782,6.40574108464387,65.4724378976997
13.0941468253968,1.65623518349559,1.12587934712105,6.40267772460613,65.4739915590788
13.094246031746,1.65653296043533,1.1260932449104,6.39961582996672,65.4755451013902
13.0943452380952,1.65683001049895,1.12630718089288,6.39655540002542,65.4770985243744
13.0944444444444,1.65712633474406,1.1265211547735,6.39349643408198,65.4786518277725
13.0945436507936,1.65742193422762,1.12673516625747,6.39043893143676,65.4802050113256
13.0946428571429,1.65771681000599,1.12694921505022,6.38738289139013,65.4817580747749
13.0947420634921,1.65801096313485,1.12716330085734,6.38432831324304,65.483311017862
13.0948412698413,1.65830439466929,1.12737742338465,6.38127519629644,65.4848638403286
13.0949404761905,1.65859710566372,1.12759158233816,6.37822353985191,65.4864165419164
13.0950396825397,1.65888909717195,1.12780577742409,6.37517334321097,65.4879691223676
13.0951388888889,1.65918037024715,1.12802000834883,6.3721246056758,65.4895215814243
13.0952380952381,1.65947092594184,1.12823427481899,6.36907732654854,65.4910739188291
13.0953373015873,1.65976076530792,1.12844857654138,6.36603150513186,65.4926261343245
13.0954365079365,1.66004988939664,1.128662913223,6.36298714072875,65.4941782276533
13.0955357142857,1.66033829925863,1.12887728457105,6.35994423264224,65.4957301985584
13.0956349206349,1.66062599594387,1.12909169029293,6.35690278017599,65.4972820467831
13.0957341269841,1.66091298050174,1.12930613009625,6.35386278263364,65.4988337720707
13.0958333333333,1.66119925398093,1.1295206036888,6.35082423931943,65.5003853741648
13.0959325396825,1.66148481742955,1.12973511077858,6.34778714953761,65.501936852809
13.0960317460317,1.66176967189503,1.12994965107378,6.34475151259301,65.5034882077472
13.096130952381,1.6620538184242,1.13016422428281,6.34171732779048,65.5050394387237
13.0962301587302,1.66233725806322,1.13037883011424,6.33868459443545,65.5065905454826
13.0963293650794,1.66261999185767,1.13059346827689,6.33565331183336,65.5081415277684
13.0964285714286,1.66290202085242,1.13080813847972,6.33262347929025,65.5096923853258
13.0965277777778,1.66318334609178,1.13102284043195,6.32959509611215,65.5112431178997
13.096626984127,1.66346396861937,1.13123757384295,6.3265681616057,65.512793725235
13.0967261904762,1.6637438894782,1.13145233842232,6.32354267507751,65.514344207077
13.0968253968254,1.66402310971065,1.13166713387983,6.32051863583476,65.5158945631711
13.0969246031746,1.66430163035845,1.13188195992548,6.3174960431849,65.5174447932628
13.0970238095238,1.6645794524627,1.13209681626944,6.31447489643545,65.518994897098
13.097123015873,1.66485657706387,1.13231170262211,6.31145519489455,65.5205448744226
13.0972222222222,1.66513300520179,1.13252661869405,6.3084369378703,65.5220947249828
13.0973214285714,1.66540873791566,1.13274156419606,6.30542012467145,65.5236444485248
13.0974206349206,1.66568377624404,1.13295653883911,6.3024047546067,65.5251940447953
13.0975198412698,1.66595812122485,1.13317154233437,6.2993908269854,65.5267435135409
13.097619047619,1.6662317738954,1.13338657439323,6.29637834111684,65.5282928545085
13.0977182539683,1.66650473529234,1.13360163472726,6.29336729631096,65.5298420674452
13.0978174603175,1.66677700645169,1.13381672304823,6.29035769187766,65.5313911520983
13.0979166666667,1.66704858840883,1.13403183906811,6.28734952712748,65.5329401082151
13.0980158730159,1.66731948219853,1.13424698249909,6.28434280137091,65.5344889355435
13.0981150793651,1.66758968885489,1.13446215305351,6.28133751391908,65.5360376338311
13.0982142857143,1.66785920941142,1.13467735044397,6.27833366408309,65.537586202826
13.0983134920635,1.66812804490094,1.13489257438322,6.27533125117458,65.5391346422765
13.0984126984127,1.66839619635568,1.13510782458423,6.2723302745055,65.5406829519308
13.0985119047619,1.66866366480722,1.13532310076017,6.26933073338783,65.5422311315375
13.0986111111111,1.66893045128649,1.13553840262438,6.2663326271342,65.5437791808455
13.0987103174603,1.66919655682382,1.13575372989046,6.26333595505721,65.5453270996037
13.0988095238095,1.66946198244887,1.13596908227215,6.26034071647006,65.5468748875611
13.0989087301587,1.66972672919068,1.13618445948341,6.25734691068595,65.5484225444671
13.0990079365079,1.66999079807766,1.1363998612384,6.25435453701869,65.5499700700712
13.0991071428571,1.67025419013758,1.13661528725149,6.25136359478207,65.5515174641232
13.0992063492063,1.67051690639757,1.13683073723722,6.24837408329051,65.5530647263728
13.0993055555556,1.67077894788413,1.13704621091035,6.24538600185838,65.5546118565702
13.0994047619048,1.67104031562313,1.13726170798584,6.2423993498007,65.5561588544655
13.099503968254,1.67130101063981,1.13747722817884,6.23941412643245,65.5577057198093
13.0996031746032,1.67156103395874,1.1376927712047,6.23643033106924,65.5592524523522
13.0997023809524,1.6718203866039,1.13790833677897,6.23344796302664,65.5607990518449
13.0998015873016,1.67207906959862,1.13812392461741,6.23046702162078,65.5623455180385
13.0999007936508,1.67233708396557,1.13833953443594,6.22748750616809,65.5638918506841
13.1,1.67259443072683,1.13855516595074,6.22450941598502,65.5654380495331
13.1000992063492,1.67285111090381,1.13877081887813,6.22153275038869,65.566984114337
13.1001984126984,1.6731071255173,1.13898649293467,6.21855750869618,65.5685300448477
13.1002976190476,1.67336247558744,1.1392021878371,6.21558369022516,65.570075840817
13.1003968253968,1.67361716213376,1.13941790330236,6.21261129429333,65.5716215019971
13.100496031746,1.67387118617514,1.13963363904758,6.20964032021897,65.5731670281401
13.1005952380952,1.67412454872983,1.13984939479012,6.20667076732034,65.5747124189988
13.1006944444444,1.67437725081543,1.1400651702475,6.20370263491636,65.5762576743256
13.1007936507937,1.67462929344893,1.14028096513747,6.20073592232587,65.5778027938735
13.1008928571429,1.67488067764666,1.14049677917796,6.19777062886836,65.5793477773955
13.1009920634921,1.67513140442435,1.1407126120871,6.19480675386331,65.5808926246448
13.1010912698413,1.67538147479706,1.14092846358323,6.19184429663079,65.5824373353749
13.1011904761905,1.67563088977922,1.14114433338488,6.18888325649088,65.5839819093394
13.1012896825397,1.67587965038465,1.14136022121078,6.18592363276416,65.585526346292
13.1013888888889,1.6761277576265,1.14157612677985,6.18296542477154,65.5870706459868
13.1014880952381,1.67637521251732,1.14179204981124,6.18000863183399,65.5886148081779
13.1015873015873,1.676622016069,1.14200799002425,6.17705325327307,65.5901588326196
13.1016865079365,1.67686816929282,1.14222394713843,6.17409928841035,65.5917027190665
13.1017857142857,1.67711367319938,1.14243992087349,6.171146736568,65.5932464672733
13.1018849206349,1.6773585287987,1.14265591094937,6.16819559706817,65.5947900769949
13.1019841269841,1.67760273710012,1.14287191708616,6.16524586923364,65.5963335479865
13.1020833333333,1.67784629911238,1.14308793900422,6.16229755238715,65.5978768800033
13.1021825396825,1.67808921584356,1.14330397642403,6.15935064585208,65.5994200728007
13.1022817460317,1.67833148830113,1.14352002906634,6.15640514895178,65.6009631261344
13.102380952381,1.67857311749189,1.14373609665206,6.15346106101021,65.6025060397604
13.1024801587302,1.67881410442204,1.1439521789023,6.15051838135131,65.6040488134345
13.1025793650794,1.67905445009712,1.14416827553836,6.14757710929967,65.605591446913
13.1026785714286,1.67929415552206,1.14438438628179,6.14463724417981,65.6071339399524
13.1027777777778,1.67953322170113,1.14460051085427,6.14169878531682,65.6086762923092
13.102876984127,1.67977164963798,1.14481664897772,6.13876173203607,65.6102185037401
13.1029761904762,1.68000944033561,1.14503280037426,6.13582608366302,65.6117605740022
13.1030753968254,1.68024659479641,1.14524896476619,6.13289183952371,65.6133025028525
13.1031746031746,1.68048311402212,1.14546514187602,6.12995899894419,65.6148442900485
13.1032738095238,1.68071899901384,1.14568133142644,6.12702756125111,65.6163859353476
13.103373015873,1.68095425077204,1.14589753314038,6.1240975257711,65.6179274385076
13.1034722222222,1.68118887029657,1.14611374674093,6.12116889183142,65.6194687992862
13.1035714285714,1.68142285858662,1.1463299719514,6.1182416587593,65.6210100174418
13.1036706349206,1.68165621664076,1.14654620849527,6.11531582588259,65.6225510927323
13.1037698412698,1.68188894545693,1.14676245609627,6.11239139252911,65.6240920249165
13.103869047619,1.68212104603241,1.14697871447827,6.10946835802732,65.6256328137527
13.1039682539683,1.68235251936389,1.14719498336539,6.10654672170564,65.627173459
13.1040674603175,1.68258336644737,1.14741126248192,6.10362648289312,65.6287139604173
13.1041666666667,1.68281358827826,1.14762755155235,6.10070764091878,65.6302543177638
13.1042658730159,1.68304318585131,1.14784385030137,6.09779019511218,65.6317945307989
13.1043650793651,1.68327216016064,1.14806015845388,6.09487414480319,65.6333345992822
13.1044642857143,1.68350051219976,1.14827647573497,6.09195948932172,65.6348745229734
13.1045634920635,1.68372824296149,1.14849280186993,6.08904622799831,65.6364143016324
13.1046626984127,1.68395535343808,1.14870913658425,6.08613436016348,65.6379539350194
13.1047619047619,1.6841818446211,1.14892547960361,6.08322388514837,65.6394934228947
13.1048611111111,1.6844077175015,1.1491418306539,6.08031480228409,65.6410327650188
13.1049603174603,1.68463297306959,1.14935818946121,6.07740711090237,65.6425719611525
13.1050595238095,1.68485761231506,1.14957455575183,6.07450081033493,65.6441110110565
13.1051587301587,1.68508163622694,1.14979092925222,6.07159589991409,65.6456499144919
13.1052579365079,1.68530504579365,1.15000730968908,6.06869237897217,65.64718867122
13.1053571428571,1.68552784200297,1.15022369678928,6.0657902468421,65.6487272810022
13.1054563492063,1.68575002584203,1.1504400902799,6.06288950285677,65.6502657436002
13.1055555555556,1.68597159829734,1.15065648988823,6.05999014634972,65.6518040587757
13.1056547619048,1.68619256035477,1.15087289534173,6.05709217665445,65.6533422262908
13.105753968254,1.68641291299955,1.15108930636809,6.05419559310501,65.6548802459075
13.1058531746032,1.68663265721628,1.15130572269517,6.05130039503572,65.6564181173884
13.1059523809524,1.68685179398895,1.15152214405105,6.04840658178101,65.6579558404959
13.1060515873016,1.68707032430085,1.151738570164,6.04551415267587,65.6594934149927
13.1061507936508,1.68728824913471,1.15195500076249,6.04262310705532,65.6610308406419
13.10625,1.68750556947258,1.15217143557519,6.03973344425497,65.6625681172065
13.1063492063492,1.68772228629588,1.15238787433097,6.03684516361041,65.6641052444498
13.1064484126984,1.68793840058541,1.15260431675888,6.03395826445785,65.6656422221353
13.1065476190476,1.68815391332133,1.15282076258822,6.03107274613349,65.6671790500267
13.1066468253968,1.68836882548315,1.15303721154842,6.02818860797415,65.6687157278877
13.106746031746,1.68858313804977,1.15325366336916,6.0253058493166,65.6702522554826
13.1068452380952,1.68879685199943,1.15347011778029,6.02242446949826,65.6717886325755
13.1069444444444,1.68900996830975,1.15368657451188,6.01954446785652,65.6733248589308
13.1070436507936,1.68922248795772,1.15390303329419,6.01666584372937,65.6748609343131
13.1071428571429,1.68943441191969,1.15411949385767,6.01378859645481,65.6763968584873
13.1072420634921,1.68964574117136,1.15433595593299,6.01091272537137,65.6779326312182
13.1073412698413,1.68985647668782,1.15455241925099,6.00803822981785,65.6794682522711
13.1074404761905,1.6900666194435,1.15476888354273,6.00516510913314,65.6810037214113
13.1075396825397,1.69027617041222,1.15498534853947,6.00229336265674,65.6825390384043
13.1076388888889,1.69048513056715,1.15520181397265,5.99942298972814,65.6840742030159
13.1077380952381,1.69069350088083,1.15541827957392,5.99655398968742,65.6856092150119
13.1078373015873,1.69090128232516,1.15563474507515,5.99368636187465,65.6871440741585
13.1079365079365,1.69110847587141,1.15585121020836,5.99082010563055,65.6886787802219
13.1080357142857,1.69131508249022,1.15606767470581,5.98795522029577,65.6902133329687
13.1081349206349,1.69152110315158,1.15628413829995,5.98509170521161,65.6917477321654
13.1082341269841,1.69172653882487,1.15650060072342,5.98222955971934,65.693281977579
13.1083333333333,1.6919313904788,1.15671706170906,5.97936878316084,65.6948160689764
13.1084325396825,1.69213565908147,1.15693352098992,5.976509374878,65.6963500061248
13.1085317460317,1.69233934560035,1.15714997829923,5.97365133421328,65.6978837887916
13.108630952381,1.69254245100226,1.15736643337043,5.97079466050917,65.6994174167446
13.1087301587302,1.69274497625339,1.15758288593717,5.96793935310865,65.7009508897513
13.1088293650794,1.69294692231929,1.15779933573328,5.96508541135503,65.7024842075797
13.1089285714286,1.69314829016489,1.15801578249279,5.96223283459168,65.7040173699981
13.1090277777778,1.69334908075447,1.15823222594994,5.95938162216257,65.7055503767747
13.109126984127,1.69354929505168,1.15844866583917,5.95653177341167,65.7070832276781
13.1092261904762,1.69374893401954,1.15866510189509,5.95368328768354,65.7086159224769
13.1093253968254,1.69394799862043,1.15888153385256,5.95083616432275,65.7101484609401
13.1094246031746,1.69414648981609,1.15909796144659,5.94799040267447,65.7116808428368
13.1095238095238,1.69434440856765,1.15931438441241,5.94514600208385,65.7132130679361
13.109623015873,1.69454175583556,1.15953080248545,5.94230296189666,65.7147451360075
13.1097222222222,1.69473853257969,1.15974721540134,5.93946128145866,65.7162770468208
13.1098214285714,1.69493473975922,1.15996362289589,5.93662096011621,65.7178088001456
13.1099206349206,1.69513037833274,1.16018002470515,5.93378199721567,65.7193403957521
13.1100198412698,1.69532544925818,1.16039642056531,5.93094439210399,65.7208718334104
13.110119047619,1.69551995349285,1.16061281021282,5.92810814412813,65.7224031128909
13.1102182539683,1.69571389199342,1.16082919338428,5.92527325263557,65.7239342339642
13.1103174603175,1.6959072657159,1.16104556981651,5.92243971697408,65.7254651964009
13.1104166666667,1.69610007561571,1.16126193924654,5.91960753649152,65.7269959999721
13.1105158730159,1.69629232264761,1.16147830141158,5.91677671053634,65.7285266444489
13.1106150793651,1.69648400776572,1.16169465604903,5.91394723845699,65.7300571296026
13.1107142857143,1.69667513192354,1.16191100289652,5.9111191196025,65.7315874552047
13.1108134920635,1.69686569607393,1.16212734169187,5.90829235332194,65.7331176210269
13.1109126984127,1.6970557011691,1.16234367217306,5.90546693896494,65.7346476268411
13.1110119047619,1.69724514816066,1.16255999407833,5.90264287588115,65.7361774724193
13.1111111111111,1.69743403799955,1.16277630714608,5.89982016342081,65.7377071575337
13.1112103174603,1.6976223716361,1.16299261111491,5.89699880093416,65.7392366819569
13.1113095238095,1.69781015001998,1.16320890572363,5.89417878777205,65.7407660454613
13.1114087301587,1.69799737410025,1.16342519071125,5.8913601232853,65.7422952478199
13.1115079365079,1.69818404482531,1.16364146581696,5.88854280682536,65.7438242888056
13.1116071428571,1.69837016314297,1.16385773078018,5.88572683774366,65.7453531681917
13.1117063492064,1.69855573000035,1.1640739853405,5.88291221539216,65.7468818857513
13.1118055555556,1.69874074634396,1.16429022923772,5.88009893912312,65.7484104412582
13.1119047619048,1.69892521311969,1.16450646221184,5.87728700828887,65.7499388344861
13.112003968254,1.69910913127277,1.16472268400306,5.87447642224234,65.7514670652088
13.1121031746032,1.69929250174781,1.16493889435178,5.87166718033647,65.7529951332005
13.1122023809524,1.69947532548878,1.16515509299858,5.86885928192477,65.7545230382354
13.1123015873016,1.69965760343901,1.16537127968427,5.86605272636078,65.7560507800882
13.1124007936508,1.69983933654121,1.16558745414983,5.86324751299862,65.7575783585334
13.1125,1.70002052573745,1.16580361613646,5.86044364119241,65.7591057733459
13.1125992063492,1.70020117196914,1.16601976538554,5.85764111029689,65.7606330243007
13.1126984126984,1.7003812761771,1.16623590163868,5.85483991966676,65.7621601111731
13.1127976190476,1.70056083930148,1.16645202463764,5.85204006865735,65.7636870337384
13.1128968253968,1.70073986228181,1.16666813412443,5.84924155662397,65.7652137917723
13.112996031746,1.70091834605698,1.16688422984122,5.84644438292255,65.7667403850506
13.1130952380952,1.70109629156525,1.1671003115304,5.84364854690901,65.7682668133493
13.1131944444444,1.70127369974424,1.16731637893455,5.84085404793977,65.7697930764444
13.1132936507937,1.70145057153094,1.16753243179645,5.83806088537158,65.7713191741124
13.1133928571429,1.7016269078617,1.16774846985908,5.83526905856125,65.7728451061298
13.1134920634921,1.70180270967224,1.16796449286563,5.8324785668662,65.7743708722733
13.1135912698413,1.70197797789765,1.16818050055946,5.82968940964382,65.7758964723198
13.1136904761905,1.70215271347236,1.16839649268416,5.82690158625214,65.7774219060464
13.1137896825397,1.7023269173302,1.1686124689835,5.82411509604916,65.7789471732304
13.1138888888889,1.70250059040434,1.16882842920145,5.82132993839347,65.7804722736492
13.1139880952381,1.70267373362732,1.1690443730822,5.8185461126437,65.7819972070806
13.1140873015873,1.70284634793106,1.1692603003701,5.81576361815903,65.7835219733023
13.1141865079365,1.70301843424684,1.16947621080973,5.81298245429868,65.7850465720923
13.1142857142857,1.70318999350527,1.16969210414586,5.81020262042244,65.786571003229
13.1143849206349,1.70336102663639,1.16990798012346,5.8074241158901,65.7880952664906
13.1144841269841,1.70353153456954,1.17012383848768,5.80464694006208,65.7896193616557
13.1145833333333,1.70370151823347,1.17033967898391,5.80187109229877,65.7911432885033
13.1146825396825,1.70387097855628,1.1705555013577,5.79909657196108,65.7926670468121
13.1147817460317,1.70403991646542,1.17077130535481,5.79632337841023,65.7941906363613
13.114880952381,1.70420833288774,1.17098709072121,5.79355151100752,65.7957140569303
13.1149801587302,1.70437622874943,1.17120285720305,5.79078096911484,65.7972373082985
13.1150793650794,1.70454360497604,1.1714186045467,5.78801175209408,65.7987603902458
13.1151785714286,1.70471046249251,1.17163433249872,5.78524385930773,65.8002833025519
13.1152777777778,1.70487680222312,1.17185004080585,5.78247729011827,65.801806044997
13.115376984127,1.70504262509152,1.17206572921506,5.77971204388879,65.8033286173612
13.1154761904762,1.70520793202075,1.17228139747351,5.77694811998237,65.8048510194252
13.1155753968254,1.70537272393319,1.17249704532853,5.77418551776271,65.8063732509694
13.1156746031746,1.70553700175058,1.1727126725277,5.77142423659348,65.8078953117748
13.1157738095238,1.70570076639405,1.17292827881874,5.76866427583895,65.8094172016222
13.115873015873,1.70586401878407,1.17314386394962,5.76590563486342,65.810938920293
13.1159722222222,1.7060267598405,1.17335942766848,5.76314831303176,65.8124604675685
13.1160714285714,1.70618899048254,1.17357496972368,5.76039230970884,65.8139818432302
13.1161706349206,1.70635071162878,1.17379048986375,5.75763762426008,65.81550304706
13.1162698412698,1.70651192419714,1.17400598783744,5.75488425605115,65.8170240788397
13.116369047619,1.70667262910495,1.17422146339369,5.75213220444785,65.8185449383515
13.1164682539683,1.70683282726888,1.17443691628165,5.74938146881654,65.8200656253777
13.1165674603175,1.70699251960496,1.17465234625065,5.74663204852358,65.8215861397008
13.1166666666667,1.70715170702859,1.17486775305024,5.74388394293596,65.8231064811034
13.1167658730159,1.70731039045455,1.17508313643015,5.74113715142064,65.8246266493685
13.1168650793651,1.70746857079696,1.17529849614031,5.73839167334518,65.8261466442791
13.1169642857143,1.70762624896933,1.17551383193088,5.73564750807715,65.8276664656185
13.1170634920635,1.70778342588451,1.17572914355218,5.73290465498471,65.8291861131701
13.1171626984127,1.70794010245475,1.17594443075474,5.73016311343603,65.8307055867175
13.1172619047619,1.70809627959162,1.17615969328929,5.72742288279987,65.8322248860444
13.1173611111111,1.7082519582061,1.17637493090677,5.72468396244498,65.833744010935
13.1174603174603,1.70840713920849,1.1765901433583,5.72194635174073,65.8352629611733
13.1175595238095,1.70856182350851,1.17680533039523,5.71921005005647,65.8367817365438
13.1176587301587,1.7087160120152,1.17702049176906,5.71647505676208,65.838300336831
13.1177579365079,1.70886970563696,1.17723562723153,5.71374137122775,65.8398187618196
13.1178571428571,1.70902290528161,1.17745073653456,5.71100899282373,65.8413370112945
13.1179563492063,1.70917561185628,1.17766581943027,5.70827792092086,65.8428550850409
13.1180555555556,1.70932782626748,1.177880875671,5.70554815489,65.8443729828441
13.1181547619048,1.7094795494211,1.17809590500925,5.7028196941026,65.8458907044894
13.118253968254,1.70963078222239,1.17831090719775,5.70009253793011,65.8474082497627
13.1183531746032,1.70978152557595,1.17852588198941,5.69736668574458,65.8489256184497
13.1184523809524,1.70993178038577,1.17874082913736,5.69464213691804,65.8504428103365
13.1185515873016,1.71008154755517,1.1789557483949,5.69191889082315,65.8519598252094
13.1186507936508,1.71023082798688,1.17917063951557,5.68919694683254,65.8534766628546
13.11875,1.71037962258295,1.17938550225305,5.68647630431946,65.8549933230589
13.1188492063492,1.71052793224482,1.17960033636128,5.68375696265715,65.8565098056091
13.1189484126984,1.7106757578733,1.17981514159436,5.68103892121944,65.858026110292
13.1190476190476,1.71082310036856,1.1800299177066,5.67832217938019,65.8595422368949
13.1191468253968,1.71096996063013,1.18024466445252,5.67560673651374,65.8610581852051
13.119246031746,1.71111633955689,1.1804593815868,5.67289259199475,65.86257395501
13.1193452380952,1.71126223804712,1.18067406886437,5.67017974519796,65.8640895460976
13.1194444444444,1.71140765699844,1.18088872604033,5.66746819549871,65.8656049582556
13.1195436507937,1.71155259730785,1.18110335286998,5.66475794227232,65.8671201912722
13.1196428571429,1.71169705987169,1.18131794910882,5.66204898489473,65.8686352449355
13.1197420634921,1.71184104558571,1.18153251451256,5.65934132274186,65.8701501190342
13.1198412698413,1.71198455534497,1.18174704883709,5.65663495519023,65.8716648133568
13.1199404761905,1.71212759004395,1.18196155183851,5.65392988161638,65.8731793276922
13.1200396825397,1.71227015057645,1.18217602327313,5.65122610139744,65.8746936618294
13.1201388888889,1.71241223783565,1.18239046289743,5.64852361391051,65.8762078155576
13.1202380952381,1.71255385271412,1.18260487046812,5.64582241853333,65.8777217886662
13.1203373015873,1.71269499610375,1.18281924574208,5.64312251464362,65.8792355809448
13.1204365079365,1.71283566889583,1.18303358847641,5.64042390161969,65.8807491921831
13.1205357142857,1.71297587198101,1.1832478984284,5.63772657883987,65.8822626221712
13.1206349206349,1.71311560624929,1.18346217535555,5.63503054568299,65.8837758706991
13.1207341269841,1.71325487259005,1.18367641901552,5.63233580152819,65.8852889375572
13.1208333333333,1.71339367189203,1.18389062916623,5.6296423457547,65.886801822536
13.1209325396825,1.71353200504332,1.18410480556575,5.62695017774232,65.8883145254262
13.1210317460317,1.71366987293141,1.18431894797237,5.62425929687086,65.8898270460187
13.121130952381,1.71380727644313,1.18453305614456,5.62156970252073,65.8913393841045
13.1212301587302,1.71394421646467,1.18474712984103,5.61888139407235,65.8928515394749
13.1213293650794,1.7140806938816,1.18496116882063,5.61619437090672,65.8943635119214
13.1214285714286,1.71421670957886,1.18517517284247,5.61350863240485,65.8958753012357
13.1215277777778,1.71435226444074,1.18538914166581,5.61082417794834,65.8973869072094
13.121626984127,1.71448735935089,1.18560307505013,5.6081410069188,65.8988983296347
13.1217261904762,1.71462199519235,1.18581697275511,5.60545911869842,65.9004095683037
13.1218253968254,1.71475617284751,1.18603083454063,5.60277851266941,65.9019206230088
13.1219246031746,1.71488989319812,1.18624466016675,5.60009918821457,65.9034314935425
13.1220238095238,1.71502315712531,1.18645844939376,5.5974211447167,65.9049421796977
13.122123015873,1.71515596550956,1.18667220198212,5.59474438155912,65.9064526812672
13.1222222222222,1.71528831923072,1.1868859176925,5.59206889812545,65.9079629980442
13.1223214285714,1.71542021916801,1.18709959628578,5.58939469379938,65.909473129822
13.1224206349206,1.71555166620001,1.18731323752301,5.58672176796521,65.910983076394
13.1225198412698,1.71568266120468,1.18752684116548,5.58405012000724,65.9124928375541
13.122619047619,1.71581320505931,1.18774040697463,5.58137974931034,65.9140024130959
13.1227182539683,1.71594329864059,1.18795393471214,5.57871065525941,65.9155118028137
13.1228174603175,1.71607294282457,1.18816742413987,5.57604283723994,65.9170210065016
13.1229166666667,1.71620213848664,1.18838087501988,5.57337629463742,65.9185300239541
13.1230158730159,1.71633088650159,1.18859428711443,5.57071102683792,65.9200388549657
13.1231150793651,1.71645918774355,1.18880766018599,5.56804703322754,65.9215474993314
13.1232142857143,1.71658704308603,1.1890209939972,5.56538431319296,65.923055956846
13.1233134920635,1.71671445340189,1.18923428831093,5.56272286612085,65.9245642273048
13.1234126984127,1.71684141956336,1.18944754289023,5.5600626913985,65.926072310503
13.1235119047619,1.71696794244205,1.18966075749835,5.5574037884132,65.9275802062364
13.1236111111111,1.71709402290893,1.18987393189876,5.55474615655273,65.9290879143006
13.1237103174603,1.7172196618343,1.19008706585509,5.5520897952052,65.9305954344914
13.1238095238095,1.71734486008789,1.1903001591312,5.54943470375879,65.9321027666051
13.1239087301587,1.71746961853874,1.19051321149114,5.54678088160226,65.9336099104378
13.1240079365079,1.71759393805527,1.19072622269917,5.5441283281244,65.9351168657862
13.1241071428571,1.71771781950528,1.19093919251971,5.54147704271458,65.9366236324468
13.1242063492064,1.71784126375593,1.19115212071743,5.53882702476215,65.9381302102166
13.1243055555556,1.71796427167372,1.19136500705717,5.5361782736571,65.9396365988924
13.1244047619048,1.71808684412456,1.19157785130396,5.53353078878938,65.9411427982717
13.124503968254,1.71820898197368,1.19179065322305,5.53088456954957,65.9426488081518
13.1246031746032,1.71833068608571,1.19200341257988,5.52823961532823,65.9441546283303
13.1247023809524,1.71845195732462,1.1922161291401,5.52559592551652,65.9456602586048
13.1248015873016,1.71857279655377,1.19242880266953,5.5229534995056,65.9471656987736
13.1249007936508,1.71869320463585,1.19264143293422,5.52031233668723,65.9486709486347
13.125,1.71881318243296,1.1928540197004,5.51767243645318,65.9501760079864
13.1250992063492,1.71893273080652,1.19306656273451,5.51503379819573,65.9516808766273
13.1251984126984,1.71905185061735,1.19327906180317,5.51239642130745,65.9531855543561
13.1252976190476,1.71917054272561,1.19349151667323,5.50976030518101,65.9546900409717
13.1253968253968,1.71928880799085,1.19370392711171,5.50712544920965,65.9561943362731
13.125496031746,1.71940664727197,1.19391629288584,5.50449185278664,65.9576984400598
13.1255952380952,1.71952406142723,1.19412861376305,5.50185951530581,65.959202352131
13.1256944444444,1.71964105131427,1.19434088951098,5.49922843616103,65.9607060722865
13.1257936507936,1.71975761779007,1.19455311989743,5.49659861474673,65.9622096003261
13.1258928571429,1.71987376171102,1.19476530469044,5.49397005045738,65.9637129360499
13.1259920634921,1.71998948393283,1.19497744365823,5.491342742688,65.965216079258
13.1260912698413,1.7201047853106,1.19518953656923,5.48871669083366,65.9667190297508
13.1261904761905,1.72021966669878,1.19540158319205,5.48609189428998,65.968221787329
13.1262896825397,1.7203341289512,1.19561358329552,5.48346835245263,65.9697243517932
13.1263888888889,1.72044817292105,1.19582553664865,5.48084606471782,65.9712267229445
13.1264880952381,1.72056179946088,1.19603744302066,5.47822503048182,65.9727289005839
13.1265873015873,1.72067500942261,1.19624930218097,5.47560524914137,65.9742308845129
13.1266865079365,1.72078780365752,1.19646111389918,5.47298672009354,65.9757326745328
13.1267857142857,1.72090018301627,1.19667287794513,5.47036944273547,65.9772342704455
13.1268849206349,1.72101214834885,1.19688459408881,5.46775341646488,65.9787356720527
13.1269841269841,1.72112370050467,1.19709626210044,5.46513864067953,65.9802368791567
13.1270833333333,1.72123484033246,1.19730788175042,5.46252511477772,65.9817378915595
13.1271825396825,1.72134556868033,1.19751945280938,5.4599128381578,65.9832387090638
13.1272817460317,1.72145588639575,1.1977309750481,5.4573018102187,65.984739331472
13.127380952381,1.72156579432557,1.19794244823761,5.45469203035934,65.9862397585871
13.1274801587302,1.72167529331598,1.1981538721491,5.45208349797925,65.987739990212
13.1275793650794,1.72178438421257,1.19836524655399,5.44947621247795,65.9892400261499
13.1276785714286,1.72189306786027,1.19857657122386,5.44687017325557,65.9907398662042
13.1277777777778,1.72200134510337,1.19878784593052,5.44426537971224,65.9922395101785
13.127876984127,1.72210921678554,1.19899907044598,5.44166183124866,65.9937389578765
13.1279761904762,1.72221668374982,1.19921024454243,5.43905952726557,65.9952382091021
13.1280753968254,1.7223237468386,1.19942136799228,5.4364584671642,65.9967372636595
13.1281746031746,1.72243040689364,1.1996324405681,5.43385865034611,65.998236121353
13.1282738095238,1.72253666459173,1.19984346211945,5.43126007615348,65.999734782067
13.128373015873,1.72264251900943,1.20005443323353,5.42866274340201,66.0012332464523
13.1284722222222,1.72274797019807,1.20026535402398,5.42606665135888,66.0027315146625
13.1285714285714,1.7228530186056,1.20047622441724,5.42347179944539,66.0042295866556
13.1286706349206,1.72295766467992,1.20068704433981,5.42087818708273,66.0057274623901
13.1287698412698,1.72306190886878,1.20089781371812,5.41828581369261,66.0072251418239
13.128869047619,1.72316575161986,1.20110853247868,5.41569467869667,66.0087226249154
13.1289682539683,1.7232691933807,1.20131920054794,5.41310478151705,66.0102199116226
13.1290674603175,1.72337223459876,1.2015298178524,5.4105161215758,66.0117170019037
13.1291666666667,1.72347487572138,1.20174038431851,5.40792869829549,66.0132138957169
13.1292658730159,1.72357711719581,1.20195089987279,5.40534251109862,66.0147105930204
13.1293650793651,1.72367895946918,1.2021613644417,5.40275755940816,66.0162070937723
13.1294642857143,1.72378040298852,1.20237177795174,5.40017384264704,66.0177033979306
13.1295634920635,1.72388144820075,1.2025821403294,5.39759136023861,66.0191995054537
13.1296626984127,1.72398209555269,1.20279245150117,5.39501011160643,66.0206954162994
13.1297619047619,1.72408234549105,1.20300271139356,5.39243009617405,66.0221911304261
13.1298611111111,1.72418219846243,1.20321291993306,5.38985131336554,66.0236866477916
13.1299603174603,1.72428165491334,1.20342307704618,5.38727376260488,66.0251819683544
13.1300595238095,1.72438071529017,1.20363318265943,5.38469744331656,66.0266770920722
13.1301587301587,1.72447938003922,1.20384323669931,5.382122354925,66.0281720189034
13.1302579365079,1.72457764960665,1.20405323909233,5.37954849685511,66.0296667488059
13.1303571428571,1.72467552443856,1.20426318976502,5.37697586853173,66.0311612817378
13.1304563492063,1.72477300498092,1.20447308864388,5.37440446938021,66.0326556176571
13.1305555555556,1.72487009167959,1.20468293565544,5.37183429882582,66.0341497565221
13.1306547619048,1.72496678498032,1.20489273072622,5.36926535629432,66.0356436982906
13.130753968254,1.72506308532879,1.20510247378275,5.36669764121141,66.0371374429208
13.1308531746032,1.72515899317053,1.20531216475156,5.3641311530033,66.0386309903706
13.1309523809524,1.72525450895099,1.20552180355917,5.36156589109611,66.0401243405981
13.1310515873016,1.72534963311552,1.20573139013214,5.3590018549164,66.0416174935614
13.1311507936508,1.72544436610933,1.20594092439697,5.35643904389092,66.0431104492185
13.13125,1.72553870837756,1.20615040628023,5.35387745744645,66.0446032075273
13.1313492063492,1.72563266036523,1.20635983570845,5.35131709501025,66.0460957684458
13.1314484126984,1.72572622251726,1.20656921260819,5.34875795600953,66.0475881319322
13.1315476190476,1.72581939527846,1.20677853690598,5.34620003987196,66.0490802979442
13.1316468253968,1.72591217909352,1.20698780852838,5.34364334602519,66.05057226644
13.131746031746,1.72600457440706,1.20719702740194,5.34108787389732,66.0520640373775
13.1318452380952,1.72609658166355,1.20740619345323,5.33853362291642,66.0535556107148
13.1319444444444,1.7261882013074,1.20761530660879,5.33598059251102,66.0550469864096
13.1320436507937,1.72627943378287,1.2078243667952,5.33342878210961,66.0565381644201
13.1321428571429,1.72637027953416,1.20803337393901,5.33087819114116,66.0580291447041
13.1322420634921,1.72646073900532,1.20824232796681,5.32832881903459,66.0595199272196
13.1323412698413,1.72655081264032,1.20845122880515,5.32578066521929,66.0610105119245
13.1324404761905,1.72664050088303,1.20866007638061,5.3232337291246,66.0625008987768
13.1325396825397,1.72672980417719,1.20886887061978,5.32068801018028,66.0639910877344
13.1326388888889,1.72681872296645,1.20907761144922,5.3181435078163,66.0654810787551
13.1327380952381,1.72690725769437,1.20928629879553,5.31560022146265,66.066970871797
13.1328373015873,1.72699540880436,1.20949493258527,5.31305815054979,66.0684604668178
13.1329365079365,1.72708317673976,1.20970351274506,5.31051729450812,66.0699498637756
13.1330357142857,1.7271705619438,1.20991203920147,5.30797765276855,66.0714390626281
13.1331349206349,1.7272575648596,1.2101205118811,5.30543922476192,66.0729280633333
13.1332341269841,1.72734418593017,1.21032893071054,5.30290200991954,66.074416865849
13.1333333333333,1.72743042559842,1.2105372956164,5.30036600767268,66.0759054701331
13.1334325396825,1.72751628430716,1.21074560652527,5.29783121745308,66.0773938761434
13.1335317460317,1.72760176249907,1.21095386336377,5.29529763869245,66.0788820838379
13.133630952381,1.72768686061675,1.21116206605849,5.29276527082296,66.0803700931743
13.1337301587302,1.72777157910269,1.21137021453606,5.29023411327673,66.0818579041106
13.1338293650794,1.72785591839927,1.21157830872308,5.28770416548637,66.0833455166044
13.1339285714286,1.72793987894876,1.21178634854617,5.28517542688442,66.0848329306137
13.1340277777778,1.72802346119332,1.21199433393195,5.28264789690384,66.0863201460963
13.134126984127,1.72810666557503,1.21220226480703,5.28012157497782,66.0878071630099
13.1342261904762,1.72818949253584,1.21241014109806,5.27759646053955,66.0892939813125
13.1343253968254,1.7282719425176,1.21261796273164,5.27507255302271,66.0907806009617
13.1344246031746,1.72835401596206,1.21282572963443,5.27254985186089,66.0922670219154
13.1345238095238,1.72843571331085,1.21303344173303,5.27002835648822,66.0937532441313
13.134623015873,1.72851703500552,1.2132410989541,5.26750806633874,66.0952392675673
13.1347222222222,1.72859798148749,1.21344870122426,5.26498898084696,66.096725092181
13.1348214285714,1.72867855319809,1.21365624847018,5.26247109944738,66.0982107179304
13.1349206349206,1.72875875057853,1.21386374061847,5.25995442157494,66.099696144773
13.1350198412698,1.72883857406993,1.21407117759581,5.25743894666454,66.1011813726667
13.135119047619,1.72891802411328,1.21427855932882,5.25492467415157,66.1026664015692
13.1352182539683,1.72899710114951,1.21448588574417,5.25241160347136,66.1041512314383
13.1353174603175,1.72907580561938,1.21469315676851,5.24989973405972,66.1056358622316
13.1354166666667,1.72915413796361,1.21490037232851,5.2473890653524,66.1071202939069
13.1355158730159,1.72923209862277,1.21510753235082,5.24487959678558,66.108604526422
13.1356150793651,1.72930968803734,1.2153146367621,5.24237132779564,66.1100885597344
13.1357142857143,1.72938690664769,1.21552168548902,5.23986425781898,66.111572393802
13.1358134920635,1.72946375489409,1.21572867845826,5.23735838629249,66.1130560285824
13.1359126984127,1.7295402332167,1.21593561559649,5.23485371265298,66.1145394640333
13.1360119047619,1.72961634205557,1.21614249683037,5.23235023633777,66.1160227001123
13.1361111111111,1.72969208185067,1.21634932208659,5.2298479567841,66.1175057367772
13.1362103174603,1.72976745304182,1.21655609129183,5.22734687342972,66.1189885739856
13.1363095238095,1.72984245606877,1.21676280437278,5.22484698571231,66.1204712116952
13.1364087301587,1.72991709137116,1.21696946125611,5.22234829307002,66.1219536498636
13.1365079365079,1.7299913593885,1.21717606186853,5.21985079494097,66.1234358884485
13.1366071428571,1.73006526056023,1.21738260613671,5.21735449076375,66.1249179274075
13.1367063492063,1.73013879532566,1.21758909398737,5.2148593799769,66.1263997666982
13.1368055555556,1.73021196412399,1.21779552534718,5.21236546201943,66.1278814062783
13.1369047619048,1.73028476739433,1.21800190014287,5.2098727363303,66.1293628461054
13.137003968254,1.73035720557569,1.21820821830112,5.2073812023489,66.1308440861371
13.1371031746032,1.73042927910695,1.21841447974865,5.20489085951483,66.132325126331
13.1372023809524,1.73050098842691,1.21862068441216,5.20240170726767,66.1338059666447
13.1373015873016,1.73057233397424,1.21882683221837,5.19991374504753,66.1352866070358
13.1374007936508,1.73064331618752,1.21903292309399,5.19742697229444,66.1367670474618
13.1375,1.73071393550522,1.21923895696573,5.19494138844891,66.1382472878804
13.1375992063492,1.73078419236572,1.21944493376033,5.1924569929514,66.1397273282492
13.1376984126984,1.73085408720726,1.2196508534045,5.18997378524286,66.1412071685255
13.1377976190476,1.730923620468,1.21985671582497,5.18749176476417,66.1426868086672
13.1378968253968,1.73099279258599,1.22006252094846,5.1850109309567,66.1441662486316
13.137996031746,1.73106160399917,1.22026826870172,5.18253128326178,66.1456454883763
13.1380952380952,1.73113005514538,1.22047395901146,5.1800528211212,66.1471245278589
13.1381944444444,1.73119814646235,1.22067959180444,5.1775755439767,66.1486033670369
13.1382936507936,1.73126587838771,1.22088516700738,5.1750994512705,66.1500820058678
13.1383928571429,1.73133325135898,1.22109068454705,5.17262454244479,66.1515604443092
13.1384920634921,1.73140026581356,1.22129614435017,5.17015081694215,66.1530386823184
13.1385912698413,1.73146692218877,1.2215015463435,5.16767827420537,66.1545167198531
13.1386904761905,1.73153322092182,1.22170689045379,5.16520691367728,66.1559945568708
13.1387896825397,1.73159916244979,1.22191217660778,5.16273673480116,66.1574721933288
13.1388888888889,1.73166474720968,1.22211740473226,5.16026773702025,66.1589496291847
13.1389880952381,1.73172997563838,1.22232257475396,5.15779991977829,66.160426864396
13.1390873015873,1.73179484817267,1.22252768659966,5.15533328251893,66.1619038989202
13.1391865079365,1.73185936524922,1.22273274019611,5.15286782468633,66.1633807327146
13.1392857142857,1.7319235273046,1.22293773547009,5.15040354572458,66.1648573657368
13.1393849206349,1.73198733477528,1.22314267234836,5.14794044507827,66.1663337979441
13.1394841269841,1.7320507880976,1.22334755075771,5.14547852219191,66.1678100292942
13.1395833333333,1.73211388770784,1.22355237062491,5.14301777651051,66.1692860597442
13.1396825396825,1.73217663404212,1.22375713187674,5.14055820747902,66.1707618892518
13.1397817460317,1.73223902753649,1.22396183443997,5.13809981454288,66.1722375177742
13.139880952381,1.7323010686269,1.22416647824141,5.13564259714747,66.173712945269
13.1399801587302,1.73236275774915,1.22437106320782,5.13318655473857,66.1751881716935
13.1400793650794,1.73242409533899,1.22457558926601,5.1307316867622,66.1766631970051
13.1401785714286,1.73248508183203,1.22478005634277,5.12827799266437,66.1781380211612
13.1402777777778,1.73254571766378,1.22498446436489,5.12582547189159,66.1796126441192
13.140376984127,1.73260600326964,1.22518881325917,5.12337412389031,66.1810870658365
13.1404761904762,1.73266593908493,1.22539310295242,5.12092394810746,66.1825612862704
13.1405753968254,1.73272552554483,1.22559733337144,5.11847494398991,66.1840353053783
13.1406746031746,1.73278476308443,1.22580150444304,5.11602711098502,66.1855091231175
13.1407738095238,1.73284365213872,1.22600561609403,5.11358044854009,66.1869827394455
13.140873015873,1.73290219314258,1.22620966825122,5.11113495610292,66.1884561543195
13.1409722222222,1.73296038653079,1.22641366084143,5.10869063312122,66.1899293676969
13.1410714285714,1.73301823273799,1.22661759379147,5.10624747904322,66.191402379535
13.1411706349206,1.73307573219877,1.22682146702818,5.10380549331706,66.1928751897912
13.1412698412698,1.73313288534758,1.22702528047836,5.10136467539141,66.1943477984226
13.141369047619,1.73318969261876,1.22722903406886,5.09892502471483,66.1958202053868
13.1414682539683,1.73324615444656,1.2274327277265,5.09648654073633,66.1972924106409
13.1415674603175,1.73330227126512,1.22763636137811,5.09404922290512,66.1987644141422
13.1416666666667,1.73335804350848,1.22783993495054,5.09161307067044,66.2002362158481
13.1417658730159,1.73341347161055,1.22804344837061,5.08917808348199,66.2017078157158
13.1418650793651,1.73346855600517,1.22824690156518,5.08674426078943,66.2031792137026
13.1419642857143,1.73352329712605,1.22845029446107,5.0843116020429,66.2046504097657
13.1420634920635,1.73357769540679,1.22865362698515,5.08188010669247,66.2061214038625
13.1421626984127,1.73363175128092,1.22885689906426,5.07944977418872,66.2075921959501
13.1422619047619,1.73368546518182,1.22906011062526,5.07702060398216,66.2090627859858
13.1423611111111,1.73373883754278,1.22926326159499,5.07459259552377,66.2105331739269
13.1424603174603,1.73379186879701,1.22946635190032,5.07216574826449,66.2120033597305
13.1425595238095,1.73384455937757,1.22966938146811,5.06974006165576,66.213473343354
13.1426587301587,1.73389690971745,1.22987235022523,5.06731553514892,66.2149431247545
13.1427579365079,1.73394892024952,1.23007525809853,5.06489216819584,66.2164127038892
13.1428571428571,1.73400059140654,1.2302781050149,5.0624699602483,66.2178820807154
13.1429563492064,1.73405192362117,1.2304808909012,5.06004891075851,66.2193512551902
13.1430555555556,1.73410291732597,1.23068361568431,5.0576290191789,66.2208202272708
13.1431547619048,1.73415357295339,1.2308862792911,5.0552102849619,66.2222889969145
13.143253968254,1.73420389093576,1.23108888164846,5.05279270756043,66.2237575640783
13.1433531746032,1.73425387170534,1.23129142268327,5.05037628642734,66.2252259287195
13.1434523809524,1.73430351569424,1.23149390232241,5.047961021016,66.2266940907952
13.1435515873016,1.73435282333449,1.23169632049279,5.04554691077968,66.2281620502626
13.1436507936508,1.73440179505802,1.23189867712128,5.04313395517215,66.2296298070788
13.14375,1.73445043129663,1.23210097213479,5.04072215364715,66.231097361201
13.1438492063492,1.73449873248205,1.2323032054602,5.03831150565886,66.2325647125863
13.1439484126984,1.73454669904587,1.23250537702443,5.03590201066143,66.2340318611918
13.1440476190476,1.73459433141958,1.23270748675437,5.03349366810949,66.2354988069746
13.1441468253968,1.73464163003459,1.23290953457694,5.03108647745762,66.236965549892
13.144246031746,1.73468859532217,1.23311152041903,5.02868043816086,66.2384320899009
13.1443452380952,1.73473522771351,1.23331344420757,5.02627554967423,66.2398984269585
13.1444444444444,1.73478152763969,1.23351530586947,5.02387181145313,66.2413645610219
13.1445436507937,1.73482749553167,1.23371710533164,5.0214692229532,66.2428304920481
13.1446428571429,1.73487313182031,1.23391884252101,5.01906778363008,66.2442962199942
13.1447420634921,1.73491843693638,1.23412051736449,5.01666749293988,66.2457617448174
13.1448412698413,1.73496341131053,1.23432212978902,5.0142683503387,66.2472270664746
13.1449404761905,1.7350080553733,1.23452367972152,5.01187035528307,66.248692184923
13.1450396825397,1.73505236955514,1.23472516708893,5.00947350722949,66.2501571001196
13.1451388888889,1.73509635428638,1.23492659181818,5.00707780563495,66.2516218120213
13.1452380952381,1.73514000999725,1.2351279538362,5.00468324995636,66.2530863205854
13.1453373015873,1.73518333711787,1.23532925306994,5.00228983965114,66.2545506257688
13.1454365079365,1.73522633607827,1.23553048944634,4.99989757417664,66.2560147275285
13.1455357142857,1.73526900730835,1.23573166289234,4.9975064529907,66.2574786258215
13.1456349206349,1.73531135123793,1.2359327733349,4.99511647555109,66.258942320605
13.1457341269841,1.73535336829671,1.23613382070096,4.99272764131608,66.2604058118357
13.1458333333333,1.73539505891427,1.23633480491748,4.99033994974388,66.2618690994708
13.1459325396825,1.73543642352012,1.23653572591142,4.98795340029311,66.2633321834674
13.1460317460317,1.73547746254363,1.23673658360973,4.9855679924226,66.2647950637821
13.146130952381,1.73551817641409,1.23693737793939,4.98318372559121,66.2662577403723
13.1462301587302,1.73555856556067,1.23713810882734,4.98080059925827,66.2677202131947
13.1463293650794,1.73559863041244,1.23733877620057,4.97841861288306,66.2691824822063
13.1464285714286,1.73563837139835,1.23753937998604,4.97603776592534,66.2706445473642
13.1465277777778,1.73567778894727,1.23773992011072,4.97365805784481,66.2721064086252
13.146626984127,1.73571688348795,1.2379403965016,4.97127948810165,66.2735680659463
13.1467261904762,1.73575565544902,1.23814080908566,4.96890205615601,66.2750295192844
13.1468253968254,1.73579410525904,1.23834115778986,4.9665257614685,66.2764907685964
13.1469246031746,1.73583223334643,1.23854144254121,4.96415060349967,66.2779518138394
13.1470238095238,1.73587004013952,1.23874166326668,4.96177658171058,66.2794126549701
13.147123015873,1.73590752606654,1.23894181989328,4.9594036955622,66.2808732919456
13.1472222222222,1.7359446915556,1.23914191234799,4.95703194451601,66.2823337247226
13.1473214285714,1.73598153703471,1.23934194055781,4.95466132803343,66.2837939532581
13.1474206349206,1.73601806293178,1.23954190444973,4.95229184557628,66.285253977509
13.1475198412698,1.73605426967461,1.23974180395076,4.94992349660661,66.2867137974322
13.147619047619,1.73609015769089,1.23994163898792,4.94755628058648,66.2881734129845
13.1477182539683,1.73612572740821,1.24014140948819,4.94519019697842,66.2896328241228
13.1478174603175,1.73616097925406,1.24034111537859,4.94282524524493,66.2910920308039
13.1479166666667,1.73619591365581,1.24054075658614,4.94046142484896,66.2925510329848
13.1480158730159,1.73623053104073,1.24074033303786,4.93809873525344,66.2940098306222
13.1481150793651,1.73626483183598,1.24093984466075,4.93573717592175,66.295468423673
13.1482142857143,1.73629881646864,1.24113929138185,4.93337674631723,66.2969268120941
13.1483134920635,1.73633248536565,1.24133867312817,4.93101744590372,66.2983849958422
13.1484126984127,1.73636583895387,1.24153798982676,4.92865927414497,66.2998429748742
13.1485119047619,1.73639887766003,1.24173724140462,4.92630223050524,66.3013007491468
13.1486111111111,1.73643160191077,1.2419364277888,4.92394631444872,66.302758318617
13.1487103174603,1.73646401213263,1.24213554890634,4.92159152544009,66.3042156832414
13.1488095238095,1.73649610875203,1.24233460468427,4.91923786294397,66.3056728429769
13.1489087301587,1.7365278921953,1.24253359504964,4.91688532642541,66.3071297977802
13.1490079365079,1.73655936288864,1.24273251992947,4.91453391534964,66.3085865476082
13.1491071428571,1.73659052125817,1.24293137925084,4.91218362918195,66.3100430924176
13.1492063492063,1.73662136772989,1.24313017294078,4.90983446738806,66.3114994321652
13.1493055555556,1.7366519027297,1.24332890092635,4.90748642943369,66.3129555668077
13.1494047619048,1.73668212668339,1.2435275631346,4.90513951478499,66.3144114963018
13.149503968254,1.73671204001665,1.2437261594926,4.9027937229081,66.3158672206044
13.1496031746032,1.73674164315506,1.24392468992739,4.90044905326961,66.3173227396721
13.1497023809524,1.73677093652409,1.24412315436606,4.89810550533607,66.3187780534617
13.1498015873016,1.73679992054912,1.24432155273565,4.89576307857451,66.3202331619299
13.1499007936508,1.73682859565541,1.24451988496326,4.89342177245191,66.3216880650335
13.15,1.73685696226812,1.24471815097593,4.89108158643572,66.323142762729
13.1500992063492,1.7368850208123,1.24491635070076,4.88874251999335,66.3245972549733
13.1501984126984,1.73691277171289,1.24511448406481,4.88640457259267,66.3260515417229
13.1502976190476,1.73694021539475,1.24531255099517,4.88406774370153,66.3275056229347
13.1503968253968,1.7369673522826,1.24551055141893,4.88173203278817,66.3289594985653
13.150496031746,1.73699418280107,1.24570848526317,4.87939743932104,66.3304131685713
13.1505952380952,1.7370207073747,1.24590635245498,4.87706396276863,66.3318666329095
13.1506944444444,1.73704692642789,1.24610415292144,4.87473160259987,66.3333198915364
13.1507936507937,1.73707284038497,1.24630188658967,4.87240035828368,66.3347729444088
13.1508928571429,1.73709844967014,1.24649955338674,4.87007022928943,66.3362257914832
13.1509920634921,1.7371237547075,1.24669715323977,4.86774121508645,66.3376784327164
13.1510912698413,1.73714875592105,1.24689468607586,4.86541331514455,66.3391308680649
13.1511904761905,1.73717345373467,1.24709215182211,4.8630865289335,66.3405830974855
13.1512896825397,1.73719784857217,1.24728955040564,4.86076085592351,66.3420351209346
13.1513888888889,1.7372219408572,1.24748688175355,4.85843629558478,66.3434869383689
13.1514880952381,1.73724573101336,1.24768414579296,4.85611284738797,66.344938549745
13.1515873015873,1.73726921946409,1.24788134245099,4.85379051080369,66.3463899550195
13.1516865079365,1.73729240663278,1.24807847165475,4.85146928530304,66.3478411541491
13.1517857142857,1.73731529294267,1.24827553333137,4.84914917035704,66.3492921470902
13.1518849206349,1.73733787881692,1.24847252740799,4.84683016543717,66.3507429337995
13.1519841269841,1.73736016467857,1.24866945381171,4.84451227001507,66.3521935142335
13.1520833333333,1.73738215095056,1.24886631246968,4.84219548356243,66.3536438883488
13.1521825396825,1.73740383805573,1.24906310330903,4.83987980555141,66.3550940561019
13.1522817460317,1.7374252264168,1.24925982625691,4.83756523545413,66.3565440174495
13.152380952381,1.73744631645639,1.24945648124043,4.83525177274316,66.3579937723479
13.1524801587302,1.73746710859703,1.24965306818677,4.83293941689105,66.3594433207539
13.1525793650794,1.73748760326113,1.24984958702304,4.8306281673708,66.3608926626239
13.1526785714286,1.73750780087098,1.25004603767641,4.82831802365539,66.3623417979144
13.1527777777778,1.7375277018488,1.25024242007403,4.82600898521825,66.3637907265819
13.152876984127,1.73754730661668,1.25043873414304,4.82370105153279,66.365239448583
13.1529761904762,1.7375666155966,1.25063497981062,4.82139422207286,66.3666879638741
13.1530753968254,1.73758562921045,1.25083115700391,4.81908849631229,66.3681362724118
13.1531746031746,1.73760434788,1.25102726565008,4.81678387372537,66.3695843741525
13.1532738095238,1.73762277202694,1.25122330567629,4.81448035378636,66.3710322690527
13.153373015873,1.73764090207281,1.25141927700972,4.81217793596991,66.3724799570689
13.1534722222222,1.7376587384391,1.25161517957753,4.80987661975089,66.3739274381576
13.1535714285714,1.73767628154714,1.2518110133069,4.8075764046042,66.3753747122751
13.1536706349206,1.73769353181819,1.252006778125,4.8052772900052,66.376821779378
13.1537698412698,1.7377104896734,1.25220247395902,4.80297927542921,66.3782686394228
13.153869047619,1.7377271555338,1.25239810073613,4.80068236035202,66.3797152923658
13.1539682539683,1.73774352982032,1.25259365838353,4.79838654424937,66.3811617381634
13.1540674603175,1.73775961295379,1.25278914682838,4.7960918265975,66.3826079767722
13.1541666666667,1.73777540535493,1.25298456599791,4.79379820687256,66.3840540081485
13.1542658730159,1.73779090744436,1.25317991581928,4.79150568455122,66.3854998322487
13.1543650793651,1.73780611964259,1.2533751962197,4.78921425911006,66.3869454490293
13.1544642857143,1.73782104237002,1.25357040712637,4.78692393002617,66.3883908584465
13.1545634920635,1.73783567604695,1.2537655484665,4.78463469677658,66.389836060457
13.1546626984127,1.73785002109357,1.25396062016727,4.78234655883878,66.3912810550169
13.1547619047619,1.73786407792997,1.25415562215591,4.78005951569024,66.3927258420827
13.1548611111111,1.73787784697613,1.25435055435963,4.77777356680883,66.3941704216108
13.1549603174603,1.73789132865193,1.25454541670562,4.77548871167261,66.3956147935575
13.1550595238095,1.73790452337714,1.25474020912112,4.77320494975969,66.3970589578792
13.1551587301587,1.73791743157141,1.25493493153334,4.77092228054864,66.3985029145322
13.1552579365079,1.73793005365432,1.25512958386951,4.76864070351799,66.3999466634729
13.1553571428571,1.73794239004531,1.25532416605684,4.76636021814673,66.4013902046575
13.1554563492064,1.73795444116374,1.25551867802256,4.76408082391383,66.4028335380425
13.1555555555556,1.73796620742883,1.25571311969391,4.7618025202987,66.4042766635842
13.1556547619048,1.73797768925974,1.25590749099812,4.75952530678073,66.4057195812388
13.155753968254,1.73798888707549,1.25610179186242,4.75724918283978,66.4071622909627
13.1558531746032,1.737999801295,1.25629602221406,4.75497414795565,66.4086047927122
13.1559523809524,1.7380104323371,1.25649018198026,4.75270020160862,66.4100470864435
13.1560515873016,1.7380207806205,1.25668427108828,4.75042734327894,66.4114891721131
13.1561507936508,1.7380308465638,1.25687828946537,4.74815557244731,66.412931049677
13.15625,1.73804063058551,1.25707223703877,4.7458848885944,66.4143727190917
13.1563492063492,1.73805013310403,1.25726611373574,4.74361529120128,66.4158141803133
13.1564484126984,1.73805935453765,1.25745991948353,4.74134677974923,66.4172554332982
13.1565476190476,1.73806829530455,1.25765365420941,4.73907935371957,66.4186964780025
13.1566468253968,1.73807695582281,1.25784731784062,4.73681301259407,66.4201373143826
13.156746031746,1.7380853365104,1.25804091030444,4.73454775585446,66.4215779423947
13.1568452380952,1.7380934377852,1.25823443152812,4.73228358298296,66.423018361995
13.1569444444444,1.73810126006497,1.25842788143896,4.73002049346173,66.4244585731397
13.1570436507936,1.73810880376736,1.2586212599642,4.72775848677339,66.4258985757851
13.1571428571429,1.73811606930993,1.25881456703114,4.72549756240054,66.4273383698873
13.1572420634921,1.73812305711012,1.25900780256704,4.72323771982624,66.4287779554026
13.1573412698413,1.73812976758528,1.25920096649919,4.7209789585335,66.4302173322872
13.1574404761905,1.73813620115263,1.25939405875487,4.71872127800582,66.4316565004972
13.1575396825397,1.7381423582293,1.25958707926137,4.71646467772665,66.4330954599889
13.1576388888889,1.73814823923233,1.25978002794598,4.71420915717989,66.4345342107183
13.1577380952381,1.73815384457862,1.25997290473599,4.71195471584942,66.4359727526418
13.1578373015873,1.73815917468499,1.26016570955869,4.70970135321952,66.4374110857154
13.1579365079365,1.73816422996814,1.26035844234138,4.70744906877469,66.4388492098953
13.1580357142857,1.73816901084468,1.26055110301137,4.70519786199943,66.4402871251377
13.1581349206349,1.7381735177311,1.26074369149595,4.70294773237874,66.4417248313986
13.1582341269841,1.73817775104379,1.26093620772243,4.70069867939755,66.4431623286343
13.1583333333333,1.73818171119904,1.26112865161812,4.69845070254128,66.4445996168009
13.1584325396825,1.73818539861301,1.26132102311034,4.69620380129531,66.4460366958544
13.1585317460317,1.73818881370179,1.26151332212639,4.69395797514546,66.447473565751
13.158630952381,1.73819195688134,1.2617055485936,4.69171322357754,66.4489102264469
13.1587301587302,1.73819482856752,1.26189770243928,4.68946954607781,66.450346677898
13.1588293650794,1.73819742917609,1.26208978359076,4.68722694213251,66.4517829200606
13.1589285714286,1.73819975912269,1.26228179197536,4.68498541122833,66.4532189528906
13.1590277777778,1.73820181882288,1.26247372752042,4.68274495285191,66.4546547763442
13.159126984127,1.73820360869208,1.26266559015326,4.68050556649039,66.4560903903774
13.1592261904762,1.73820512914564,1.26285737980122,4.67826725163084,66.4575257949464
13.1593253968254,1.73820638059877,1.26304909639164,4.67603000776075,66.4589609900072
13.1594246031746,1.73820736346661,1.26324073985184,4.67379383436783,66.4603959755157
13.1595238095238,1.73820807816416,1.26343231010919,4.67155873093979,66.4618307514281
13.159623015873,1.73820852510634,1.26362380709102,4.66932469696482,66.4632653177004
13.1597222222222,1.73820870470795,1.26381523072468,4.66709173193109,66.4646996742887
13.1598214285714,1.73820861738369,1.26400658093753,4.66485983532719,66.4661338211488
13.1599206349206,1.73820826354816,1.26419785765691,4.66262900664173,66.467567758237
13.1600198412698,1.73820764361583,1.26438906081018,4.66039924536373,66.4690014855092
13.160119047619,1.7382067580011,1.26458019032471,4.65817055098222,66.4704350029214
13.1602182539683,1.73820560711824,1.26477124612786,4.65594292298665,66.4718683104296
13.1603174603175,1.73820419138142,1.26496222814699,4.65371636086648,66.4733014079897
13.1604166666667,1.7382025112047,1.26515313630946,4.65149086411159,66.4747342955578
13.1605158730159,1.73820056700204,1.26534397054266,4.64926643221185,66.4761669730899
13.1606150793651,1.73819835918731,1.26553473077395,4.64704306465759,66.4775994405419
13.1607142857143,1.73819588817423,1.26572541693071,4.6448207609391,66.4790316978698
13.1608134920635,1.73819315437647,1.26591602894032,4.64259952054708,66.4804637450295
13.1609126984127,1.73819015820755,1.26610656673016,4.64037934297242,66.481895581977
13.1610119047619,1.73818690008091,1.26629703022762,4.63816022770606,66.4833272086682
13.1611111111111,1.73818338040987,1.26648741936008,4.63594217423941,66.4847586250591
13.1612103174603,1.73817959960765,1.26667773405495,4.63372518206381,66.4861898311055
13.1613095238095,1.73817555808736,1.26686797423959,4.6315092506711,66.4876208267635
13.1614087301587,1.73817125626202,1.26705813984143,4.62929437955306,66.4890516119889
13.1615079365079,1.73816669454452,1.26724823078784,4.62708056820194,66.4904821867376
13.1616071428571,1.73816187334767,1.26743824700625,4.62486781610996,66.4919125509656
13.1617063492063,1.73815679308415,1.26762818842404,4.62265612276981,66.4933427046287
13.1618055555556,1.73815145416655,1.26781805496864,4.62044548767411,66.4947726476829
13.1619047619048,1.73814585700735,1.26800784656744,4.61823591031599,66.4962023800839
13.162003968254,1.73814000201893,1.26819756314786,4.6160273901885,66.4976319017877
13.1621031746032,1.73813388961355,1.26838720463732,4.6138199267852,66.4990612127501
13.1622023809524,1.73812752020338,1.26857677096324,4.61161351959957,66.5004903129271
13.1623015873016,1.73812089420047,1.26876626205304,4.60940816812551,66.5019192022744
13.1624007936508,1.73811401201678,1.26895567783413,4.60720387185714,66.5033478807478
13.1625,1.73810687406416,1.26914501823397,4.60500063028861,66.5047763483034
13.1625992063492,1.73809948075433,1.26933428317995,4.6027984429145,66.5062046048968
13.1626984126984,1.73809183249895,1.26952347259953,4.6005973092294,66.5076326504839
13.1627976190476,1.73808392970953,1.26971258642014,4.59839722872833,66.5090604850204
13.1628968253968,1.7380757727975,1.26990162456922,4.59619820090629,66.5104881084624
13.162996031746,1.73806736217419,1.2700905869742,4.59400022525873,66.5119155207654
13.1630952380952,1.73805869825079,1.27027947356254,4.59180330128109,66.5133427218854
13.1631944444444,1.73804978143843,1.27046828426167,4.58960742846925,66.514769711778
13.1632936507937,1.73804061214809,1.27065701899906,4.58741260631905,66.5161964903993
13.1633928571429,1.73803119079067,1.27084567770214,4.58521883432682,66.5176230577047
13.1634920634921,1.73802151777698,1.27103426029838,4.58302611198883,66.5190494136502
13.1635912698413,1.73801159351768,1.27122276671524,4.58083443880183,66.5204755581915
13.1636904761905,1.73800141842335,1.27141119688018,4.57864381426252,66.5219014912844
13.1637896825397,1.73799099290448,1.27159955072065,4.576454237868,66.5233272128847
13.1638888888889,1.73798031737142,1.27178782816413,4.57426570911561,66.5247527229479
13.1639880952381,1.73796939223444,1.27197602913809,4.57207822750268,66.52617802143
13.1640873015873,1.7379582179037,1.27216415356999,4.56989179252703,66.5276031082865
13.1641865079365,1.73794679478924,1.27235220138732,4.56770640368643,66.5290279834734
13.1642857142857,1.737935123301,1.27254017251755,4.56552206047913,66.5304526469461
13.1643849206349,1.73792320384884,1.27272806688816,4.56333876240333,66.5318770986606
13.1644841269841,1.73791103684248,1.27291588442664,4.56115650895768,66.5333013385724
13.1645833333333,1.73789862269154,1.27310362506047,4.55897529964083,66.5347253666373
13.1646825396825,1.73788596180555,1.27329128871714,4.55679513395187,66.5361491828109
13.1647817460317,1.73787305459393,1.27347887532415,4.55461601138985,66.537572787049
13.164880952381,1.73785990146599,1.27366638480898,4.55243793145431,66.5389961793072
13.1649801587302,1.73784650283093,1.27385381709914,4.55026089364471,66.5404193595411
13.1650793650794,1.73783285909785,1.27404117212212,4.54808489746102,66.5418423277065
13.1651785714286,1.73781897067574,1.27422844980543,4.54590994240315,66.543265083759
13.1652777777778,1.73780483797349,1.27441565007658,4.54373602797141,66.5446876276542
13.165376984127,1.7377904613999,1.27460277286307,4.54156315366633,66.5461099593477
13.1654761904762,1.73777584136362,1.27478981809243,4.53939131898847,66.5475320787953
13.1655753968254,1.73776097827323,1.27497678569214,4.53722052343883,66.5489539859524
13.1656746031746,1.7377458725372,1.27516367558975,4.53505076651842,66.5503756807749
13.1657738095238,1.73773052456389,1.27535048771277,4.53288204772868,66.5517971632182
13.165873015873,1.73771493476155,1.27553722198871,4.530714366571,66.5532184332379
13.1659722222222,1.73769910353833,1.27572387834512,4.52854772254728,66.5546394907897
13.1660714285714,1.73768303130228,1.27591045670951,4.52638211515934,66.5560603358292
13.1661706349206,1.73766671846132,1.27609695700941,4.52421754390948,66.5574809683118
13.1662698412698,1.73765016542329,1.27628337917237,4.52205400829999,66.5589013881933
13.166369047619,1.73763337259593,1.27646972312591,4.51989150783357,66.5603215954292
13.1664682539683,1.73761634038683,1.27665598879759,4.51773004201294,66.561741589975
13.1665674603175,1.73759906920353,1.27684217611493,4.51556961034123,66.5631613717863
13.1666666666667,1.73758155945343,1.27702828500549,4.51341021232158,66.5645809408187
13.1667658730159,1.73756381154383,1.27721431539682,4.51125184745751,66.5660002970277
13.1668650793651,1.73754582588194,1.27740026721645,4.50909451525275,66.5674194403688
13.1669642857143,1.73752760287483,1.27758614039197,4.50693821521107,66.5688383707975
13.1670634920635,1.73750914292951,1.2777719348509,4.50478294683668,66.5702570882694
13.1671626984127,1.73749044645284,1.27795765052082,4.50262870963379,66.5716755927401
13.1672619047619,1.73747151385161,1.27814328732929,4.50047550310704,66.5730938841648
13.1673611111111,1.73745234553248,1.27832884520388,4.49832332676106,66.5745119624994
13.1674603174603,1.73743294190202,1.27851432407214,4.49617218010092,66.5759298276991
13.1675595238095,1.73741330336669,1.27869972386166,4.49402206263167,66.5773474797195
13.1676587301587,1.73739343033283,1.2788850445,4.49187297385882,66.578764918516
13.1677579365079,1.7373733232067,1.27907028591475,4.48972491328785,66.5801821440443
13.1678571428571,1.73735298239443,1.27925544803348,4.48757788042468,66.5815991562596
13.1679563492063,1.73733240830206,1.27944053078377,4.48543187477522,66.5830159551174
13.1680555555556,1.73731160133552,1.27962553409321,4.48328689584583,66.5844325405733
13.1681547619048,1.73729056190063,1.27981045788939,4.48114294314285,66.5858489125827
13.168253968254,1.73726929040312,1.2799953020999,4.479000016173,66.587265071101
13.1683531746032,1.73724778724859,1.28018006665232,4.47685811444323,66.5886810160835
13.1684523809524,1.73722605284255,1.28036475147427,4.4747172374605,66.5900967474859
13.1685515873016,1.73720408759041,1.28054935649332,4.47257738473225,66.5915122652634
13.1686507936508,1.73718189189746,1.2807338816371,4.47043855576587,66.5929275693716
13.16875,1.73715946616888,1.2809183268332,4.46830075006924,66.5943426597656
13.1688492063492,1.73713681080977,1.28110269200923,4.46616396715016,66.5957575364012
13.1689484126984,1.73711392622511,1.28128697709279,4.46402820651694,66.5971721992334
13.1690476190476,1.73709081281975,1.28147118201152,4.46189346767783,66.5985866482179
13.1691468253968,1.73706747099848,1.281655306693,4.45975975014153,66.6000008833099
13.169246031746,1.73704390116596,1.28183935106488,4.45762705341673,66.6014149044648
13.1693452380952,1.73702010372674,1.28202331505477,4.45549537701258,66.602828711638
13.1694444444444,1.73699607908526,1.28220719859029,4.45336472043819,66.6042423047849
13.1695436507936,1.73697182764589,1.28239100159907,4.45123508320312,66.6056556838607
13.1696428571429,1.73694734981285,1.28257472400874,4.44910646481691,66.6070688488208
13.1697420634921,1.73692264599028,1.28275836574694,4.4469788647895,66.6084817996206
13.1698412698413,1.7368977165822,1.28294192674129,4.44485228263104,66.6098945362154
13.1699404761905,1.73687256199255,1.28312540691945,4.4427267178517,66.6113070585606
13.1700396825397,1.73684718262513,1.28330880620904,4.44060216996213,66.6127193666113
13.1701388888889,1.73682157888366,1.28349212453771,4.43847863847294,66.614131460323
13.1702380952381,1.73679575117174,1.28367536183311,4.43635612289518,66.6155433396509
13.1703373015873,1.73676969989287,1.2838585180229,4.4342346227399,66.6169550045503
13.1704365079365,1.73674342545045,1.28404159303471,4.43211413751858,66.6183664549766
13.1705357142857,1.73671692824777,1.28422458679621,4.4299946667427,66.6197776908849
13.1706349206349,1.736690208688,1.28440749923506,4.42787620992417,66.6211887122307
13.1707341269841,1.73666326717422,1.28459033027892,4.42575876657488,66.6225995189691
13.1708333333333,1.73663610410941,1.28477307985544,4.42364233620718,66.6240101110553
13.1709325396825,1.73660871989643,1.2849557478923,4.4215269183334,66.6254204884448
13.1710317460317,1.73658111493804,1.28513833431716,4.41941251246629,66.6268306510926
13.171130952381,1.7365532896369,1.28532083905771,4.41729911811863,66.6282405989541
13.1712301587302,1.73652524439555,1.28550326204161,4.41518673480353,66.6296503319844
13.1713293650794,1.73649697961644,1.28568560319654,4.41307536203437,66.6310598501388
13.1714285714286,1.7364684957019,1.28586786245019,4.41096499932453,66.6324691533726
13.1715277777778,1.73643979305417,1.28605003973022,4.40885564618785,66.6338782416409
13.171626984127,1.73641087207537,1.28623213496434,4.40674730213815,66.6352871148989
13.1717261904762,1.73638173316752,1.28641414808023,4.4046399666897,66.6366957731018
13.1718253968254,1.73635237673255,1.28659607900558,4.40253363935676,66.6381042162049
13.1719246031746,1.73632280317225,1.28677792766809,4.400428319654,66.6395124441632
13.1720238095238,1.73629301288833,1.28695969399546,4.39832400709612,66.6409204569321
13.172123015873,1.73626300628239,1.28714137791538,4.39622070119822,66.6423282544665
13.1722222222222,1.73623278375592,1.28732297935556,4.39411840147543,66.6437358367219
13.1723214285714,1.73620234571031,1.2875044982437,4.39201710744328,66.6451432036531
13.1724206349206,1.73617169254684,1.28768593450752,4.38991681861731,66.6465503552155
13.1725198412698,1.73614082466668,1.28786728807472,4.38781753451349,66.6479572913642
13.172619047619,1.7361097424709,1.28804855887303,4.38571925464779,66.6493640120542
13.1727182539683,1.73607844636047,1.28822974683015,4.38362197853656,66.6507705172408
13.1728174603175,1.73604693673625,1.2884108518738,4.38152570569634,66.6521768068791
13.1729166666667,1.73601521399898,1.28859187393172,4.37943043564375,66.6535828809241
13.1730158730159,1.73598327854932,1.28877281293162,4.37733616789583,66.6549887393309
13.1731150793651,1.73595113078781,1.28895366880124,4.37524290196962,66.6563943820548
13.1732142857143,1.73591877111488,1.2891344414683,4.37315063738257,66.6577998090507
13.1733134920635,1.73588619993086,1.28931513086055,4.37105937365216,66.6592050202738
13.1734126984127,1.73585341763598,1.2894957369057,4.36896911029628,66.6606100156791
13.1735119047619,1.73582042463035,1.28967625953152,4.36687984683282,66.6620147952217
13.1736111111111,1.73578722131399,1.28985669866573,4.3647915827801,66.6634193588567
13.1737103174603,1.73575380808681,1.29003705423609,4.36270431765644,66.6648237065391
13.1738095238095,1.73572018534861,1.29021732617034,4.3606180509806,66.666227838224
13.1739087301587,1.73568635349907,1.29039751439624,4.35853278227131,66.6676317538665
13.1740079365079,1.73565231293781,1.29057761884153,4.35644851104776,66.6690354534215
13.1741071428571,1.73561806406429,1.29075763943398,4.35436523682912,66.6704389368442
13.1742063492064,1.7355836072779,1.29093757610135,4.35228295913494,66.6718422040895
13.1743055555556,1.73554894297791,1.29111742877138,4.35020167748498,66.6732452551124
13.1744047619048,1.7355140715635,1.29129719737187,4.34812139139907,66.674648089868
13.174503968254,1.73547899343371,1.29147688183055,4.34604210039744,66.6760507083112
13.1746031746032,1.73544370898751,1.29165648207523,4.34396380400035,66.6774531103972
13.1747023809524,1.73540821862376,1.29183599803365,4.34188650172846,66.6788552960807
13.1748015873016,1.73537252274118,1.29201542963361,4.33981019310245,66.680257265317
13.1749007936508,1.73533662173843,1.29219477680287,4.33773487764342,66.6816590180608
13.175,1.73530051601404,1.29237403946923,4.33566055487247,66.6830605542672
13.1750992063492,1.73526420596644,1.29255321756046,4.33358722431112,66.6844618738912
13.1751984126984,1.73522769199394,1.29273231100435,4.33151488548091,66.6858629768877
13.1752976190476,1.73519097449477,1.2929113197287,4.32944353790379,66.6872638632116
13.1753968253968,1.73515405386704,1.2930902436613,4.32737318110171,66.688664532818
13.175496031746,1.73511693050875,1.29326908272994,4.32530381459706,66.6900649856617
13.1755952380952,1.73507960481781,1.29344783686243,4.32323543791223,66.6914652216976
13.1756944444444,1.735042077192,1.29362650598657,4.32116805056996,66.6928652408808
13.1757936507937,1.73500434802902,1.29380509003014,4.31910165209324,66.694265043166
13.1758928571429,1.73496641772644,1.29398358892098,4.31703624200508,66.6956646285083
13.1759920634921,1.73492828668175,1.29416200258688,4.31497181982895,66.6970639968624
13.1760912698413,1.73488995529233,1.29434033095567,4.31290838508828,66.6984631481834
13.1761904761905,1.73485142395542,1.29451857395515,4.31084593730696,66.6998620824261
13.1762896825397,1.7348126930682,1.29469673151315,4.30878447600888,66.7012607995453
13.1763888888889,1.73477376302772,1.29487480355747,4.30672400071833,66.702659299496
13.1764880952381,1.73473463423093,1.29505279001597,4.30466451095963,66.704057582233
13.1765873015873,1.73469530707467,1.29523069081644,4.30260600625752,66.7054556477112
13.1766865079365,1.73465578195569,1.29540850588674,4.30054848613671,66.7068534958854
13.1767857142857,1.7346160592706,1.29558623515468,4.2984919501224,66.7082511267105
13.1768849206349,1.73457613941594,1.29576387854812,4.29643639773972,66.7096485401413
13.1769841269841,1.73453602278814,1.29594143599487,4.29438182851428,66.7110457361326
13.1770833333333,1.73449570978349,1.29611890742279,4.29232824197166,66.7124427146393
13.1771825396825,1.73445520079822,1.29629629275972,4.29027563763784,66.7138394756163
13.1772817460317,1.73441449622844,1.29647359193351,4.28822401503898,66.7152360190182
13.177380952381,1.73437359647012,1.296650804872,4.28617337370132,66.7166323447999
13.1774801587302,1.73433250191918,1.29682793150305,4.28412371315153,66.7180284529162
13.1775793650794,1.73429121297139,1.29700497175451,4.28207503291625,66.7194243433219
13.1776785714286,1.73424973002244,1.29718192555424,4.28002733252258,66.7208200159718
13.1777777777778,1.73420805346791,1.29735879283011,4.27798061149761,66.7222154708207
13.177876984127,1.73416618370325,1.29753557350997,4.27593486936885,66.7236107078232
13.1779761904762,1.73412412112385,1.2977122675217,4.27389010566381,66.7250057269343
13.1780753968254,1.73408186612495,1.29788887479315,4.27184631991045,66.7264005281086
13.1781746031746,1.73403941910171,1.29806539525222,4.26980351163669,66.727795111301
13.1782738095238,1.73399678044918,1.29824182882675,4.26776168037091,66.729189476466
13.178373015873,1.73395395056229,1.29841817544465,4.26572082564149,66.7305836235586
13.1784722222222,1.73391092983589,1.29859443503378,4.26368094697722,66.7319775525333
13.1785714285714,1.73386771866471,1.29877060752204,4.26164204390689,66.733371263345
13.1786706349206,1.73382431744336,1.2989466928373,4.25960411595969,66.7347647559483
13.1787698412698,1.73378072656637,1.29912269090746,4.25756716266499,66.7361580302979
13.178869047619,1.73373694642816,1.29929860166041,4.25553118355224,66.7375510863487
13.1789682539683,1.73369297742302,1.29947442502404,4.2534961781513,66.7389439240551
13.1790674603175,1.73364881994517,1.29965016092625,4.25146214599204,66.740336543372
13.1791666666667,1.7336044743887,1.29982580929494,4.24942908660476,66.741728944254
13.1792658730159,1.73355994114759,1.30000137005801,4.24739699951975,66.7431211266558
13.1793650793651,1.73351522061574,1.30017684314337,4.24536588426773,66.7445130905321
13.1794642857143,1.73347031318693,1.30035222847894,4.24333574037942,66.7459048358374
13.1795634920635,1.73342521925482,1.30052752599261,4.24130656738599,66.7472963625266
13.1796626984127,1.73337993921299,1.3007027356123,4.23927836481856,66.7486876705541
13.1797619047619,1.7333344734549,1.30087785726594,4.23725113220873,66.7500787598747
13.1798611111111,1.73328882237391,1.30105289088144,4.23522486908807,66.751469630443
13.1799603174603,1.73324298636326,1.30122783638672,4.23319957498859,66.7528602822136
13.1800595238095,1.7331969658161,1.30140269370972,4.23117524944229,66.7542507151412
13.1801587301587,1.73315076112548,1.30157746277835,4.22915189198155,66.7556409291802
13.1802579365079,1.73310437268433,1.30175214352056,4.22712950213897,66.7570309242854
13.1803571428571,1.73305780088547,1.30192673586426,4.22510807944719,66.7584207004114
13.1804563492063,1.73301104612163,1.30210123973741,4.22308762343929,66.7598102575127
13.1805555555556,1.73296410878542,1.30227565506794,4.22106813364833,66.761199595544
13.1806547619048,1.73291698926937,1.30244998178379,4.21904960960784,66.7625887144597
13.180753968254,1.73286968796587,1.30262421981292,4.21703205085129,66.7639776142145
13.1808531746032,1.73282220526722,1.30279836908325,4.21501545691264,66.7653662947629
13.1809523809524,1.73277454156562,1.30297242952276,4.2129998273258,66.7667547560595
13.1810515873016,1.73272669725316,1.30314640105938,4.21098516162513,66.7681429980588
13.1811507936508,1.73267867272182,1.30332028362109,4.20897145934499,66.7695310207155
13.18125,1.73263046836348,1.30349407713583,4.20695872002017,66.7709188239839
13.1813492063492,1.73258208456992,1.30366778153158,4.20494694318545,66.7723064078187
13.1814484126984,1.73253352173279,1.30384139673629,4.20293612837604,66.7736937721744
13.1815476190476,1.73248478024366,1.30401492267793,4.20092627512716,66.7750809170055
13.1816468253968,1.73243586049398,1.30418835928448,4.1989173829744,66.7764678422664
13.181746031746,1.73238676287511,1.3043617064839,4.19690945145355,66.7778545479117
13.1818452380952,1.73233748777828,1.30453496420418,4.19490248010046,66.779241033896
13.1819444444444,1.73228803559464,1.30470813237329,4.19289646845143,66.7806273001735
13.1820436507937,1.73223840671522,1.30488121091922,4.19089141604274,66.782013346699
13.1821428571429,1.73218860153095,1.30505419976994,4.18888732241108,66.7833991734268
13.1822420634921,1.73213862043264,1.30522709885346,4.18688418709318,66.7847847803114
13.1823412698413,1.73208846381101,1.30539990809774,4.18488200962616,66.7861701673072
13.1824404761905,1.73203813205667,1.30557262743081,4.18288078954718,66.7875553343687
13.1825396825397,1.73198762556014,1.30574525678063,4.18088052639378,66.7889402814504
13.1826388888889,1.73193694471179,1.30591779607523,4.17888121970354,66.7903250085067
13.1827380952381,1.73188608990194,1.30609024524259,4.17688286901446,66.791709515492
13.1828373015873,1.73183506152075,1.30626260421073,4.17488547386451,66.7930938023608
13.1829365079365,1.73178385995833,1.30643487290764,4.17288903379212,66.7944778690674
13.1830357142857,1.73173248560464,1.30660705126135,4.17089354833572,66.7958617155664
13.1831349206349,1.73168093884955,1.30677913919985,4.16889901703409,66.7972453418121
13.1832341269841,1.73162922008283,1.30695113665118,4.16690543942625,66.7986287477587
13.1833333333333,1.73157732969414,1.30712304354334,4.16491281505126,66.8000119333609
13.1834325396825,1.73152526807303,1.30729485980436,4.1629211434486,66.801394898573
13.1835317460317,1.73147303560895,1.30746658536226,4.16093042415777,66.8027776433493
13.183630952381,1.73142063269123,1.30763822014507,4.15894065671868,66.8041601676442
13.1837301587302,1.73136805970913,1.30780976408083,4.15695184067124,66.8055424714121
13.1838293650794,1.73131531705176,1.30798121709755,4.15496397555582,66.8069245546073
13.1839285714286,1.73126240510815,1.30815257912329,4.15297706091274,66.8083064171842
13.1840277777778,1.73120932426723,1.30832385008606,4.15099109628278,66.8096880590971
13.184126984127,1.7311560749178,1.30849502991393,4.14900608120672,66.8110694803003
13.1842261904762,1.73110265744858,1.30866611853493,4.14702201522574,66.8124506807483
13.1843253968254,1.73104907224817,1.3088371158771,4.14503889788107,66.8138316603953
13.1844246031746,1.73099531970506,1.3090080218685,4.14305672871431,66.8152124191956
13.1845238095238,1.73094140020764,1.30917883643719,4.1410755072671,66.8165929571035
13.184623015873,1.7308873141442,1.30934955951121,4.13909523308144,66.8179732740734
13.1847222222222,1.73083306190293,1.30952019101861,4.13711590569955,66.8193533700595
13.1848214285714,1.73077864387189,1.30969073088748,4.13513752466369,66.8207332450161
13.1849206349206,1.73072406043905,1.30986117904586,4.13316008951657,66.8221128988975
13.1850198412698,1.73066931199228,1.31003153542183,4.13118359980087,66.823492331658
13.185119047619,1.73061439891933,1.31020179994344,4.12920805505973,66.8248715432518
13.1852182539683,1.73055932160786,1.31037197253879,4.12723345483626,66.8262505336333
13.1853174603175,1.73050408044541,1.31054205313593,4.12525979867402,66.8276293027565
13.1854166666667,1.73044867581943,1.31071204166296,4.12328708611656,66.8290078505759
13.1855158730159,1.73039310811723,1.31088193804794,4.12131531670787,66.8303861770456
13.1856150793651,1.73033737772607,1.31105174221896,4.11934448999192,66.8317642821199
13.1857142857143,1.73028148503305,1.31122145410411,4.11737460551311,66.833142165753
13.1858134920635,1.7302254304252,1.31139107363149,4.11540566281586,66.8345198278991
13.1859126984127,1.73016921428943,1.31156060072916,4.113437661445,66.8358972685124
13.1860119047619,1.73011283701254,1.31173003532525,4.11147060094536,66.8372744875472
13.1861111111111,1.73005629898124,1.31189937734783,4.10950448086216,66.8386514849576
13.1862103174603,1.72999960058212,1.31206862672501,4.10753930074082,66.8400282606978
13.1863095238095,1.72994274220168,1.3122377833849,4.1055750601268,66.841404814722
13.1864087301587,1.72988572422628,1.3124068472556,4.10361175856604,66.8427811469844
13.1865079365079,1.72982854704222,1.31257581826522,4.10164939560441,66.8441572574392
13.1866071428571,1.72977121103566,1.31274469634187,4.09968797078825,66.8455331460405
13.1867063492064,1.72971371659268,1.31291348141366,4.0977274836639,66.8469088127424
13.1868055555556,1.72965606409923,1.31308217340872,4.09576793377812,66.8482842574992
13.1869047619048,1.72959825394117,1.31325077225516,4.09380932067766,66.8496594802649
13.187003968254,1.72954028650424,1.3134192778811,4.09185164390971,66.8510344809938
13.1871031746032,1.7294821621741,1.31358769021467,4.08989490302146,66.8524092596399
13.1872023809524,1.72942388133628,1.313756009184,4.08793909756053,66.8537838161573
13.1873015873016,1.72936544437622,1.31392423471722,4.08598422707452,66.8551581505002
13.1874007936508,1.72930685167923,1.31409236674247,4.08403029111149,66.8565322626227
13.1875,1.72924810363055,1.31426040518788,4.08207728921947,66.8579061524788
13.1875992063492,1.72918920061529,1.31442834998159,4.08012522094687,66.8592798200228
13.1876984126984,1.72913014301846,1.31459620105173,4.07817408584234,66.8606532652086
13.1877976190476,1.72907093122497,1.31476395832648,4.07622388345455,66.8620264879903
13.1878968253968,1.7290115656196,1.31493162173395,4.07427461333262,66.8633994883221
13.187996031746,1.72895204658707,1.31509919120232,4.07232627502565,66.8647722661579
13.1880952380952,1.72889237451195,1.31526666665972,4.07037886808319,66.8661448214519
13.1881944444444,1.72883254977872,1.31543404803432,4.06843239205478,66.8675171541581
13.1882936507936,1.72877257277177,1.31560133525428,4.06648684649037,66.8688892642305
13.1883928571429,1.72871244387536,1.31576852824776,4.06454223093995,66.8702611516232
13.1884920634921,1.72865216347366,1.31593562694293,4.0625985449539,66.8716328162902
13.1885912698413,1.72859173195073,1.31610263126794,4.06065578808261,66.8730042581856
13.1886904761905,1.72853114969052,1.31626954115098,4.05871395987692,66.8743754772633
13.1887896825397,1.72847041707688,1.31643635652022,4.05677305988764,66.8757464734775
13.1888888888889,1.72840953449355,1.31660307730383,4.05483308766602,66.8771172467819
13.1889880952381,1.72834850232418,1.31676970342999,4.05289404276331,66.8784877971308
13.1890873015873,1.72828732095228,1.31693623482689,4.05095592473114,66.879858124478
13.1891865079365,1.72822599076129,1.3171026714227,4.04901873312134,66.8812282287776
13.1892857142857,1.72816451213452,1.31726901314562,4.0470824674858,66.8825981099835
13.1893849206349,1.7281028854552,1.31743525992384,4.04514712737685,66.8839677680497
13.1894841269841,1.72804111110643,1.31760141168555,4.0432127123468,66.8853372029302
13.1895833333333,1.72797918947121,1.31776746835894,4.0412792219484,66.8867064145789
13.1896825396825,1.72791712093243,1.31793342987222,4.0393466557344,66.8880754029497
13.1897817460317,1.7278549058729,1.31809929615358,4.03741501325796,66.8894441679967
13.189880952381,1.72779254467529,1.31826506713124,4.03548429407227,66.8908127096737
13.1899801587302,1.7277300377222,1.31843074273339,4.03355449773092,66.8921810279347
13.1900793650794,1.72766738539608,1.31859632288825,4.03162562378752,66.8935491227336
13.1901785714286,1.72760458807931,1.31876180752403,4.0296976717961,66.8949169940243
13.1902777777778,1.72754164615416,1.31892719656895,4.02777064131068,66.8962846417607
13.190376984127,1.72747856000278,1.31909248995122,4.02584453188573,66.8976520658968
13.1904761904762,1.72741533000722,1.31925768759907,4.0239193430757,66.8990192663864
13.1905753968254,1.72735195654943,1.31942278944072,4.02199507443542,66.9003862431834
13.1906746031746,1.72728844001126,1.3195877954044,4.02007172551994,66.9017529962416
13.1907738095238,1.72722478077443,1.31975270541834,4.01814929588435,66.9031195255151
13.190873015873,1.72716097922058,1.31991751941076,4.01622778508419,66.9044858309575
13.1909722222222,1.72709703573122,1.32008223730992,4.01430719267497,66.9058519125229
13.1910714285714,1.72703295068778,1.32024685904403,4.01238751821266,66.907217770165
13.1911706349206,1.72696872447157,1.32041138454135,4.0104687612532,66.9085834038377
13.1912698412698,1.7269043574638,1.32057581373012,4.00855092135298,66.9099488134948
13.191369047619,1.72683985004557,1.32074014653859,4.00663399806838,66.9113139990902
13.1914682539683,1.72677520259787,1.320904382895,4.00471799095621,66.9126789605777
13.1915674603175,1.72671041550159,1.32106852272761,4.00280289957328,66.9140436979111
13.1916666666667,1.72664548913752,1.32123256596466,4.00088872347682,66.9154082110442
13.1917658730159,1.72658042388634,1.32139651253444,3.99897546222407,66.9167724999308
13.1918650793651,1.72651522012862,1.32156036236518,3.9970631153727,66.9181365645247
13.1919642857143,1.72644987824482,1.32172411538515,3.99515168248037,66.9195004047798
13.1920634920635,1.7263843986153,1.32188777152263,3.99324116310512,66.9208640206498
13.1921626984127,1.72631878162034,1.32205133070588,3.99133155680519,66.9222274120884
13.1922619047619,1.72625302764006,1.32221479286317,3.98942286313891,66.9235905790495
13.1923611111111,1.72618713705453,1.32237815792278,3.987515081665,66.9249535214868
13.1924603174603,1.72612111024367,1.32254142581298,3.9856082119422,66.926316239354
13.1925595238095,1.72605494758732,1.32270459646206,3.98370225352966,66.927678732605
13.1926587301587,1.72598864946521,1.3228676697983,3.98179720598655,66.9290410011934
13.1927579365079,1.72592221625697,1.32303064574998,3.97989306887245,66.930403045073
13.1928571428571,1.72585564834209,1.3231935242454,3.97798984174696,66.9317648641976
13.1929563492063,1.72578894610001,1.32335630521284,3.9760875241701,66.9331264585208
13.1930555555556,1.72572210991002,1.3235189885806,3.97418611570187,66.9344878279964
13.1931547619048,1.72565514015132,1.32368157427698,3.97228561590273,66.935848972578
13.193253968254,1.72558803720301,1.32384406223028,3.97038602433311,66.9372098922194
13.1933531746032,1.72552080144407,1.32400645236879,3.96848734055389,66.9385705868742
13.1934523809524,1.72545343325338,1.32416874462084,3.96658956412595,66.9399310564963
13.1935515873016,1.72538593300973,1.32433093891472,3.96469269461052,66.9412913010392
13.1936507936508,1.72531830109179,1.32449303517875,3.96279673156907,66.9426513204565
13.19375,1.72525053787811,1.32465503334124,3.96090167456311,66.9440111147021
13.1938492063492,1.72518264374717,1.3248169333305,3.95900752315458,66.9453706837295
13.1939484126984,1.7251146190773,1.32497873507487,3.95711427690542,66.9467300274924
13.1940476190476,1.72504646424677,1.32514043850265,3.95522193537801,66.9480891459444
13.1941468253968,1.72497817963372,1.32530204354218,3.9533304981347,66.9494480390392
13.194246031746,1.72490976561618,1.32546355012179,3.9514399647383,66.9508067067304
13.1943452380952,1.72484122257208,1.3256249581698,3.94955033475161,66.9521651489716
13.1944444444444,1.72477255087925,1.32578626761455,3.94766160773784,66.9535233657165
13.1945436507937,1.72470375091541,1.32594747838438,3.94577378326023,66.9548813569187
13.1946428571429,1.72463482305818,1.32610859040762,3.94388686088241,66.9562391225317
13.1947420634921,1.72456576768506,1.32626960361263,3.94200084016805,66.9575966625092
13.1948412698413,1.72449658517345,1.32643051792773,3.94011572068122,66.9589539768048
13.1949404761905,1.72442727590067,1.3265913332813,3.93823150198601,66.960311065372
13.1950396825397,1.72435784024388,1.32675204960166,3.93634818364686,66.9616679281645
13.1951388888889,1.7242882785802,1.32691266681718,3.93446576522845,66.9630245651357
13.1952380952381,1.72421859128658,1.32707318485621,3.93258424629549,66.9643809762393
13.1953373015873,1.72414877873991,1.32723360364711,3.93070362641313,66.9657371614288
13.1954365079365,1.72407884131696,1.32739392311826,3.92882390514652,66.9670931206578
13.1955357142857,1.7240087793944,1.32755414319799,3.92694508206124,66.9684488538797
13.1956349206349,1.72393859334877,1.3277142638147,3.92506715672286,66.9698043610482
13.1957341269841,1.72386828355654,1.32787428489674,3.9231901286974,66.9711596421168
13.1958333333333,1.72379785039404,1.3280342063725,3.92131399755084,66.972514697039
13.1959325396825,1.72372729423753,1.32819402817034,3.91943876284962,66.9738695257683
13.1960317460317,1.72365661546313,1.32835375021866,3.91756442416018,66.9752241282582
13.196130952381,1.72358581444688,1.32851337244581,3.91569098104936,66.9765785044623
13.1962301587302,1.72351489156469,1.32867289478021,3.91381843308405,66.9779326543339
13.1963293650794,1.7234438471924,1.32883231715022,3.91194677983151,66.9792865778267
13.1964285714286,1.7233726817057,1.32899163948425,3.91007602085903,66.980640274894
13.1965277777778,1.72330139548022,1.32915086171068,3.90820615573428,66.9819937454895
13.196626984127,1.72322998889144,1.3293099837579,3.90633718402513,66.9833469895664
13.1967261904762,1.72315846231477,1.32946900555433,3.90446910529951,66.9847000070783
13.1968253968254,1.72308681612549,1.32962792702836,3.90260191912577,66.9860527979787
13.1969246031746,1.7230150506988,1.3297867481084,3.90073562507228,66.9874053622209
13.1970238095238,1.72294316640976,1.32994546872284,3.8988702227078,66.9887576997585
13.197123015873,1.72287116363336,1.33010408880011,3.89700571160114,66.9901098105448
13.1972222222222,1.72279904274446,1.33026260826861,3.89514209132149,66.9914616945333
13.1973214285714,1.72272680411782,1.33042102705676,3.89327936143807,66.9928133516775
13.1974206349206,1.72265444723623,1.33057934547164,3.89141752140338,66.994164782316
13.1975198412698,1.72258196766133,1.33073756548123,3.88955657017556,66.9955159884779
13.197619047619,1.72250936483635,1.33089568739984,3.88769650725305,66.9968669705073
13.1977182539683,1.72243663888368,1.33105371125309,3.88583733222533,66.9982177284544
13.1978174603175,1.72236378992572,1.33121163706653,3.88397904468226,66.9995682623696
13.1979166666667,1.72229081808493,1.33136946486569,3.88212164421363,67.000918572303
13.1980158730159,1.72221772348381,1.33152719467604,3.8802651304095,67.0022686583048
13.1981150793651,1.72214450624489,1.33168482652302,3.87840950286011,67.003618520425
13.1982142857143,1.72207116649072,1.33184236043202,3.87655476115566,67.0049681587136
13.1983134920635,1.72199770434392,1.33199979642839,3.87470090488674,67.0063175732207
13.1984126984127,1.72192411992713,1.33215713453745,3.87284793364383,67.0076667639962
13.1985119047619,1.72185041336302,1.33231437478447,3.87099584701779,67.0090157310899
13.1986111111111,1.72177658477431,1.33247151719468,3.86914464459941,67.0103644745518
13.1987103174603,1.72170263428376,1.33262856179326,3.86729432597983,67.0117129944315
13.1988095238095,1.72162856201415,1.33278550860537,3.86544489075014,67.013061290779
13.1989087301587,1.72155436808833,1.33294235765609,3.86359633850174,67.0144093636438
13.1990079365079,1.72148005262914,1.33309910897051,3.86174866882603,67.0157572130756
13.1991071428571,1.7214056157595,1.33325576257363,3.85990188131471,67.0171048391239
13.1992063492063,1.72133105760234,1.33341231849044,3.85805597555943,67.0184522418385
13.1993055555556,1.72125637828065,1.33356877674588,3.8562109511522,67.0197994212687
13.1994047619048,1.72118157791743,1.33372513736485,3.85436680768496,67.021146377464
13.199503968254,1.72110665663575,1.33388140037221,3.85252354474996,67.0224931104739
13.1996031746032,1.7210316145587,1.33403756579275,3.85068116193957,67.0238396203475
13.1997023809524,1.72095645180939,1.33419363365127,3.84883965884618,67.0251859071344
13.1998015873016,1.720881168511,1.33434960397248,3.8469990350625,67.0265319708837
13.1999007936508,1.72080576478673,1.33450547678108,3.8451592901812,67.0278778116447
13.2,1.72073024075981,1.33466125210172,3.84332042379529,67.0292234294665
13.2000992063492,1.72065459655354,1.33481692995901,3.84148243549772,67.0305688243982
13.2001984126984,1.72057883229121,1.33497251037751,3.83964532488179,67.0319139964889
13.2002976190476,1.72050294809619,1.33512799338175,3.83780909154074,67.0332589457877
13.2003968253968,1.72042694409187,1.3352833789962,3.83597373506816,67.0346036723434
13.200496031746,1.72035082040166,1.33543866724531,3.83413925505757,67.035948176205
13.2005952380952,1.72027457714904,1.33559385815348,3.83230565110285,67.0372924574214
13.2006944444444,1.72019821445751,1.33574895174508,3.83047292279782,67.0386365160414
13.2007936507936,1.7201217324506,1.3359039480444,3.82864106973662,67.0399803521138
13.2008928571429,1.72004513125189,1.33605884707573,3.82681009151338,67.0413239656873
13.2009920634921,1.71996841098501,1.33621364886331,3.82497998772249,67.0426673568106
13.2010912698413,1.71989157177359,1.33636835343132,3.82315075795849,67.0440105255323
13.2011904761905,1.71981461374133,1.33652296080392,3.82132240181592,67.0453534719011
13.2012896825397,1.71973753701196,1.33667747100522,3.81949491888966,67.0466961959653
13.2013888888889,1.71966034170923,1.33683188405928,3.81766830877454,67.0480386977735
13.2014880952381,1.71958302795696,1.33698619999013,3.81584257106571,67.0493809773742
13.2015873015873,1.71950559587897,1.33714041882176,3.81401770535831,67.0507230348158
13.2016865079365,1.71942804559914,1.33729454057811,3.81219371124777,67.0520648701466
13.2017857142857,1.7193503772414,1.33744856528308,3.81037058832951,67.0534064834148
13.2018849206349,1.71927259092968,1.33760249296054,3.80854833619927,67.0547478746687
13.2019841269841,1.71919468678798,1.3377563236343,3.80672695445274,67.0560890439566
13.2020833333333,1.71911666494032,1.33791005732813,3.80490644268594,67.0574299913265
13.2021825396825,1.71903852551077,1.33806369406579,3.80308680049486,67.0587707168266
13.2022817460317,1.71896026862342,1.33821723387096,3.80126802747582,67.0601112205048
13.202380952381,1.71888189440242,1.3383706767673,3.79945012322508,67.0614515024093
13.2024801587302,1.71880340297194,1.33852402277841,3.7976330873392,67.062791562588
13.2025793650794,1.71872479445619,1.33867727192787,3.79581691941488,67.0641314010887
13.2026785714286,1.71864606897942,1.33883042423921,3.79400161904882,67.0654710179593
13.2027777777778,1.71856722666592,1.33898347973591,3.79218718583805,67.0668104132477
13.202876984127,1.71848826764002,1.33913643844143,3.79037361937958,67.0681495870015
13.2029761904762,1.71840919202607,1.33928930037916,3.78856091927071,67.0694885392685
13.2030753968254,1.71832999994848,1.33944206557248,3.78674908510873,67.0708272700964
13.2031746031746,1.71825069153169,1.33959473404469,3.78493811649124,67.0721657795328
13.2032738095238,1.71817126690016,1.33974730581909,3.78312801301582,67.0735040676252
13.203373015873,1.71809172617842,1.3398997809189,3.78131877428037,67.0748421344211
13.2034722222222,1.718012069491,1.34005215936734,3.77951039988272,67.0761799799681
13.2035714285714,1.7179322969625,1.34020444118755,3.77770288942109,67.0775176043135
13.2036706349206,1.71785240871754,1.34035662640265,3.77589624249359,67.0788550075048
13.2037698412698,1.71777240488079,1.34050871503571,3.77409045869872,67.0801921895891
13.203869047619,1.71769228557693,1.34066070710977,3.77228553763489,67.0815291506139
13.2039682539683,1.71761205093072,1.34081260264782,3.77048147890082,67.0828658906263
13.2040674603175,1.71753170106692,1.34096440167279,3.76867828209539,67.0842024096735
13.2041666666667,1.71745123611034,1.3411161042076,3.76687594681743,67.0855387078026
13.2042658730159,1.71737065618583,1.34126771027512,3.76507447266616,67.0868747850608
13.2043650793651,1.71728996141828,1.34141921989818,3.76327385924071,67.088210641495
13.2044642857143,1.71720915193261,1.34157063309954,3.76147410614058,67.0895462771522
13.2045634920635,1.71712822785379,1.34172194990197,3.75967521296519,67.0908816920795
13.2046626984127,1.7170471893068,1.34187317032814,3.75787717931433,67.0922168863235
13.2047619047619,1.71696603641669,1.34202429440073,3.75608000478771,67.0935518599313
13.2048611111111,1.71688476930854,1.34217532214235,3.75428368898539,67.0948866129496
13.2049603174603,1.71680338810744,1.34232625357558,3.75248823150739,67.096221145425
13.2050595238095,1.71672189293855,1.34247708872295,3.75069363195405,67.0975554574044
13.2051587301587,1.71664028392705,1.34262782760695,3.74889988992567,67.0988895489344
13.2052579365079,1.71655856119817,1.34277847025004,3.7471070050229,67.1002234200615
13.2053571428571,1.71647672487717,1.34292901667462,3.74531497684631,67.1015570708324
13.2054563492064,1.71639477508934,1.34307946690307,3.74352380499678,67.1028905012934
13.2055555555556,1.71631271196002,1.3432298209577,3.74173348907533,67.1042237114911
13.2056547619048,1.71623053561458,1.34338007886081,3.73994402868299,67.1055567014719
13.205753968254,1.71614824617843,1.34353024063464,3.73815542342111,67.106889471282
13.2058531746032,1.71606584377702,1.3436803063014,3.73636767289099,67.1082220209679
13.2059523809524,1.71598332853583,1.34383027588323,3.73458077669427,67.1095543505757
13.2060515873016,1.71590070058039,1.34398014940227,3.73279473443257,67.1108864601518
13.2061507936508,1.71581796003626,1.34412992688059,3.7310095457078,67.1122183497422
13.20625,1.71573510702902,1.34427960834022,3.72922521012184,67.113550019393
13.2063492063492,1.71565214168432,1.34442919380317,3.72744172727693,67.1148814691504
13.2064484126984,1.71556906412783,1.34457868329139,3.72565909677523,67.1162126990603
13.2065476190476,1.71548587448525,1.34472807682678,3.72387731821924,67.1175437091686
13.2066468253968,1.71540257288234,1.34487737443123,3.72209639121143,67.1188744995215
13.206746031746,1.71531915944487,1.34502657612656,3.72031631535459,67.1202050701645
13.2068452380952,1.71523563429867,1.34517568193455,3.71853709025148,67.1215354211438
13.2069444444444,1.7151519975696,1.34532469187696,3.71675871550511,67.1228655525048
13.2070436507937,1.71506824938355,1.34547360597548,3.71498119071869,67.1241954642935
13.2071428571429,1.71498438986646,1.34562242425179,3.71320451549537,67.1255251565555
13.2072420634921,1.71490041914429,1.3457711467275,3.71142868943869,67.1268546293363
13.2073412698413,1.71481633734306,1.34591977342421,3.7096537121521,67.1281838826817
13.2074404761905,1.71473214458882,1.34606830436343,3.70787958323941,67.129512916637
13.2075396825397,1.71464784100763,1.34621673956668,3.70610630230437,67.1308417312479
13.2076388888889,1.71456342672563,1.3463650790554,3.70433386895108,67.1321703265597
13.2077380952381,1.71447890186898,1.34651332285102,3.70256228278358,67.1334987026178
13.2078373015873,1.71439426656386,1.3466614709749,3.70079154340624,67.1348268594676
13.2079365079365,1.71430952093652,1.34680952344839,3.6990216504234,67.1361547971543
13.2080357142857,1.71422466511321,1.34695748029276,3.69725260343973,67.1374825157231
13.2081349206349,1.71413969922026,1.34710534152928,3.69548440205985,67.1388100152194
13.2082341269841,1.714054623384,1.34725310717914,3.6937170458887,67.1401372956881
13.2083333333333,1.71396943773081,1.34740077726351,3.6919505345312,67.1414643571745
13.2084325396825,1.71388414238712,1.34754835180352,3.69018486759254,67.1427911997235
13.2085317460317,1.71379873747939,1.34769583082025,3.68842004467806,67.1441178233802
13.208630952381,1.7137132231341,1.34784321433475,3.6866560653931,67.1454442281894
13.2087301587302,1.7136275994778,1.347990502368,3.68489292934334,67.1467704141962
13.2088293650794,1.71354186663704,1.34813769494098,3.68313063613439,67.1480963814453
13.2089285714286,1.71345602473845,1.34828479207459,3.68136918537223,67.1494221299816
13.2090277777778,1.71337007390865,1.34843179378972,3.67960857666277,67.1507476598498
13.209126984127,1.71328401427434,1.34857870010719,3.67784880961225,67.1520729710945
13.2092261904762,1.71319784596222,1.34872551104782,3.67608988382689,67.1533980637606
13.2093253968254,1.71311156909907,1.34887222663233,3.67433179891322,67.1547229378925
13.2094246031746,1.71302518381167,1.34901884688145,3.67257455447773,67.156047593535
13.2095238095238,1.71293869022685,1.34916537181583,3.67081815012724,67.1573720307323
13.209623015873,1.71285208847148,1.34931180145612,3.66906258546855,67.1586962495291
13.2097222222222,1.71276537867248,1.3494581358229,3.66730786010875,67.1600202499697
13.2098214285714,1.71267856095677,1.3496043749367,3.66555397365492,67.1613440320985
13.2099206349206,1.71259163545135,1.34975051881804,3.66380092571441,67.1626675959599
13.2100198412698,1.71250460228323,1.34989656748737,3.66204871589473,67.163990941598
13.210119047619,1.71241746157946,1.35004252096512,3.66029734380336,67.1653140690572
13.2102182539683,1.71233021346715,1.35018837927165,3.65854680904814,67.1666369783816
13.2103174603175,1.71224285807342,1.35033414242732,3.65679711123687,67.1679596696153
13.2104166666667,1.71215539552544,1.3504798104524,3.65504824997766,67.1692821428023
13.2105158730159,1.71206782595041,1.35062538336717,3.65330022487858,67.1706043979868
13.2106150793651,1.71198014947558,1.35077086119183,3.65155303554805,67.1719264352127
13.2107142857143,1.71189236622822,1.35091624394655,3.64980668159443,67.1732482545239
13.2108134920635,1.71180447633566,1.35106153165147,3.64806116262641,67.1745698559644
13.2109126984127,1.71171647992526,1.35120672432666,3.64631647825266,67.1758912395779
13.2110119047619,1.71162837712439,1.35135182199218,3.64457262808214,67.1772124054082
13.2111111111111,1.7115401680605,1.35149682466804,3.64282961172381,67.1785333534991
13.2112103174603,1.71145185286105,1.35164173237419,3.64108742878694,67.1798540838943
13.2113095238095,1.71136343165354,1.35178654513056,3.63934607888075,67.1811745966374
13.2114087301587,1.71127490456552,1.35193126295703,3.63760556161475,67.182494891772
13.2115079365079,1.71118627172456,1.35207588587344,3.63586587659861,67.1838149693416
13.2116071428571,1.71109753325829,1.35222041389959,3.63412702344198,67.1851348293898
13.2117063492063,1.71100868929435,1.35236484705523,3.63238900175486,67.18645447196
13.2118055555556,1.71091973996045,1.35250918536008,3.63065181114719,67.1877738970955
13.2119047619048,1.7108306853843,1.35265342883381,3.62891545122925,67.1890931048398
13.212003968254,1.71074152569368,1.35279757749606,3.62717992161128,67.1904120952361
13.2121031746032,1.71065226101639,1.35294163136641,3.62544522190385,67.1917308683277
13.2122023809524,1.71056289148026,1.35308559046442,3.62371135171748,67.1930494241578
13.2123015873016,1.71047341721319,1.35322945480959,3.62197831066303,67.1943677627696
13.2124007936508,1.71038383834308,1.3533732244214,3.62024609835131,67.1956858842061
13.2125,1.71029415499789,1.35351689931925,3.61851471439346,67.1970037885104
13.2125992063492,1.71020436730561,1.35366047952255,3.61678415840058,67.1983214757256
13.2126984126984,1.71011447539427,1.35380396505062,3.61505442998411,67.1996389458945
13.2127976190476,1.71002447939193,1.35394735592277,3.61332552875543,67.2009561990602
13.2128968253968,1.7099343794267,1.35409065215827,3.61159745432621,67.2022732352654
13.212996031746,1.70984417562671,1.35423385377632,3.60987020630828,67.203590054553
13.2130952380952,1.70975386812016,1.3543769607961,3.60814378431345,67.2049066569658
13.2131944444444,1.70966345703524,1.35451997323675,3.60641818795387,67.2062230425465
13.2132936507937,1.70957294250022,1.35466289111737,3.60469341684165,67.2075392113377
13.2133928571429,1.70948232464338,1.35480571445699,3.60296947058923,67.2088551633821
13.2134920634921,1.70939160359306,1.35494844327465,3.601246348809,67.2101708987222
13.2135912698413,1.70930077947761,1.35509107758929,3.5995240511137,67.2114864174006
13.2136904761905,1.70920985242544,1.35523361741985,3.597802577116,67.2128017194598
13.2137896825397,1.709118822565,1.35537606278522,3.59608192642893,67.2141168049422
13.2138888888889,1.70902769002474,1.35551841370424,3.59436209866545,67.2154316738901
13.2139880952381,1.70893645493321,1.35566067019571,3.59264309343887,67.2167463263459
13.2140873015873,1.70884511741893,1.3558028322784,3.59092491036244,67.2180607623519
13.2141865079365,1.70875367761051,1.35594489997102,3.58920754904976,67.2193749819503
13.2142857142857,1.70866213563657,1.35608687329226,3.58749100911438,67.2206889851834
13.2143849206349,1.70857049162577,1.35622875226075,3.58577529017012,67.2220027720932
13.2144841269841,1.70847874570682,1.35637053689509,3.58406039183097,67.2233163427218
13.2145833333333,1.70838689800846,1.35651222721383,3.5823463137109,67.2246296971113
13.2146825396825,1.70829494865946,1.35665382323548,3.58063305542422,67.2259428353036
13.2147817460317,1.70820289778863,1.35679532497852,3.57892061658521,67.2272557573408
13.214880952381,1.70811074552483,1.35693673246137,3.57720899680845,67.2285684632647
13.2149801587302,1.70801849199695,1.35707804570243,3.57549819570851,67.2298809531172
13.2150793650794,1.70792613733391,1.35721926472004,3.57378821290027,67.23119322694
13.2151785714286,1.70783368166468,1.35736038953251,3.57207904799858,67.232505284775
13.2152777777778,1.70774112511826,1.3575014201581,3.57037070061861,67.2338171266638
13.215376984127,1.70764846782368,1.35764235661503,3.5686631703755,67.235128752648
13.2154761904762,1.70755570991002,1.35778319892149,3.56695645688469,67.2364401627693
13.2155753968254,1.7074628515064,1.35792394709561,3.56525055976163,67.2377513570693
13.2156746031746,1.70736989274196,1.3580646011555,3.56354547862204,67.2390623355894
13.2157738095238,1.7072768337459,1.3582051611192,3.56184121308165,67.2403730983711
13.215873015873,1.70718367464743,1.35834562700475,3.56013776275644,67.2416836454559
13.2159722222222,1.70709041557583,1.3584859988301,3.55843512726255,67.242993976885
13.2160714285714,1.70699705666039,1.35862627661319,3.55673330621612,67.2443040926998
13.2161706349206,1.70690359803045,1.35876646037191,3.55503229923362,67.2456139929416
13.2162698412698,1.70681003981539,1.35890655012412,3.55333210593148,67.2469236776516
13.216369047619,1.70671638214462,1.35904654588762,3.55163272592645,67.2482331468709
13.2164682539683,1.70662262514758,1.35918644768018,3.54993415883525,67.2495424006407
13.2165674603175,1.70652876895376,1.35932625551952,3.54823640427492,67.250851439002
13.2166666666667,1.7064348136927,1.35946596942332,3.54653946186248,67.252160261996
13.2167658730159,1.70634075949395,1.35960558940923,3.54484333121525,67.2534688696635
13.2168650793651,1.70624660648711,1.35974511549486,3.54314801195052,67.2547772620454
13.2169642857143,1.70615235480182,1.35988454769775,3.54145350368592,67.2560854391827
13.2170634920635,1.70605800456775,1.36002388603543,3.53975980603903,67.2573934011163
13.2171626984127,1.70596355591462,1.36016313052537,3.53806691862775,67.2587011478868
13.2172619047619,1.70586900897217,1.36030228118501,3.53637484106996,67.260008679535
13.2173611111111,1.70577436387019,1.36044133803174,3.5346835729838,67.2613159961016
13.2174603174603,1.70567962073851,1.36058030108292,3.53299311398756,67.2626230976272
13.2175595238095,1.70558477970698,1.36071917035585,3.53130346369956,67.2639299841525
13.2176587301587,1.70548984090551,1.3608579458678,3.52961462173842,67.2652366557179
13.2177579365079,1.70539480446403,1.36099662763601,3.52792658772272,67.2665431123639
13.2178571428571,1.70529967051251,1.36113521567765,3.52623936127138,67.2678493541311
13.2179563492064,1.70520443918097,1.36127371000988,3.52455294200329,67.2691553810598
13.2180555555556,1.70510911059946,1.36141211064979,3.52286732953763,67.2704611931902
13.2181547619048,1.70501368489805,1.36155041761445,3.52118252349359,67.2717667905629
13.218253968254,1.70491816220688,1.36168863092087,3.51949852349064,67.2730721732179
13.2183531746032,1.7048225426561,1.36182675058605,3.51781532914825,67.2743773411955
13.2184523809524,1.70472682637592,1.3619647766269,3.51613294008618,67.2756822945358
13.2185515873016,1.70463101349656,1.36210270906035,3.51445135592419,67.276987033279
13.2186507936508,1.70453510414831,1.36224054790322,3.51277057628234,67.2782915574651
13.21875,1.70443909846146,1.36237829317234,3.51109060078066,67.2795958671341
13.2188492063492,1.70434299656638,1.36251594488449,3.50941142903946,67.280899962326
13.2189484126984,1.70424679859344,1.36265350305638,3.50773306067919,67.2822038430807
13.2190476190476,1.70415050467306,1.36279096770472,3.50605549532031,67.283507509438
13.2191468253968,1.70405411493571,1.36292833884613,3.50437873258362,67.2848109614377
13.219246031746,1.70395762951189,1.36306561649725,3.50270277208985,67.2861141991197
13.2193452380952,1.70386104853213,1.36320280067462,3.50102761346009,67.2874172225236
13.2194444444444,1.70376437212699,1.36333989139477,3.49935325631537,67.2887200316891
13.2195436507936,1.7036676004271,1.36347688867417,3.49767970027705,67.2900226266558
13.2196428571429,1.70357073356309,1.36361379252929,3.49600694496647,67.2913250074634
13.2197420634921,1.70347377166566,1.3637506029765,3.49433499000526,67.2926271741512
13.2198412698413,1.70337671486552,1.36388732003217,3.49266383501504,67.2939291267589
13.2199404761905,1.70327956329344,1.36402394371261,3.49099347961776,67.2952308653258
13.2200396825397,1.7031823170802,1.3641604740341,3.48932392343531,67.2965323898913
13.2201388888889,1.70308497635665,1.36429691101286,3.48765516608992,67.2978337004946
13.2202380952381,1.70298754125366,1.36443325466511,3.48598720720378,67.2991347971753
13.2203373015873,1.70289001190212,1.36456950500697,3.48432004639936,67.3004356799724
13.2204365079365,1.702792388433,1.36470566205455,3.48265368329926,67.301736348925
13.2205357142857,1.70269467097728,1.36484172582394,3.48098811752612,67.3030368040725
13.2206349206349,1.70259685966597,1.36497769633115,3.47932334870287,67.3043370454538
13.2207341269841,1.70249895463013,1.36511357359216,3.47765937645244,67.305637073108
13.2208333333333,1.70240095600086,1.36524935762292,3.47599620039804,67.306936887074
13.2209325396825,1.7023028639093,1.36538504843933,3.47433382016288,67.3082364873909
13.2210317460317,1.70220467848661,1.36552064605725,3.47267223537048,67.3095358740975
13.221130952381,1.702106399864,1.3656561504925,3.47101144564432,67.3108350472327
13.2212301587302,1.70200802817272,1.36579156176085,3.46935145060822,67.3121340068352
13.2213293650794,1.70190956354405,1.36592687987804,3.46769224988595,67.3134327529438
13.2214285714286,1.70181100610932,1.36606210485976,3.4660338431016,67.3147312855972
13.2215277777778,1.70171235599987,1.36619723672167,3.46437622987924,67.3160296048341
13.221626984127,1.7016136133471,1.36633227547937,3.46271940984325,67.317327710693
13.2217261904762,1.70151477828245,1.36646722114844,3.46106338261799,67.3186256032126
13.2218253968254,1.70141585093739,1.36660207374441,3.45940814782807,67.3199232824313
13.2219246031746,1.70131683144343,1.36673683328275,3.45775370509827,67.3212207483875
13.2220238095238,1.7012177199321,1.36687149977892,3.45610005405338,67.3225180011197
13.222123015873,1.70111851653499,1.36700607324832,3.4544471943185,67.3238150406663
13.2222222222222,1.70101922138372,1.36714055370631,3.45279512551869,67.3251118670655
13.2223214285714,1.70091983460996,1.36727494116821,3.45114384727936,67.3264084803556
13.2224206349206,1.70082035634538,1.3674092356493,3.44949335922585,67.3277048805749
13.2225198412698,1.70072078672173,1.36754343716482,3.44784366098386,67.3290010677615
13.222619047619,1.70062112587077,1.36767754572997,3.44619475217902,67.3302970419535
13.2227182539683,1.70052137392431,1.36781156135989,3.4445466324373,67.3315928031889
13.2228174603175,1.7004215310142,1.36794548406971,3.44289930138464,67.332888351506
13.2229166666667,1.70032159727231,1.3680793138745,3.44125275864729,67.3341836869424
13.2230158730159,1.70022157283056,1.36821305078928,3.43960700385147,67.3354788095363
13.2231150793651,1.70012145782092,1.36834669482905,3.43796203662374,67.3367737193255
13.2232142857143,1.70002125237537,1.36848024600875,3.43631785659059,67.3380684163478
13.2233134920635,1.69992095662595,1.36861370434329,3.43467446337882,67.339362900641
13.2234126984127,1.69982057070473,1.36874706984752,3.43303185661536,67.3406571722428
13.2235119047619,1.6997200947438,1.36888034253629,3.43139003592715,67.3419512311909
13.2236111111111,1.69961952887532,1.36901352242437,3.42974900094145,67.3432450775229
13.2237103174603,1.69951887323146,1.3691466095265,3.4281087512855,67.3445387112765
13.2238095238095,1.69941812794444,1.36927960385737,3.42646928658684,67.3458321324891
13.2239087301587,1.69931729314652,1.36941250543165,3.42483060647299,67.3471253411983
13.2240079365079,1.69921636897,1.36954531426394,3.4231927105718,67.3484183374414
13.2241071428571,1.69911535554719,1.36967803036884,3.42155559851106,67.349711121256
13.2242063492063,1.69901425301048,1.36981065376086,3.41991926991891,67.3510036926793
13.2243055555556,1.69891306149226,1.3699431844545,3.41828372442344,67.3522960517486
13.2244047619048,1.69881178112498,1.37007562246421,3.41664896165306,67.3535881985011
13.224503968254,1.69871041204111,1.37020796780441,3.41501498123616,67.3548801329742
13.2246031746032,1.69860895437319,1.37034022048944,3.41338178280145,67.3561718552048
13.2247023809524,1.69850740825375,1.37047238053365,3.41174936597758,67.3574633652301
13.2248015873016,1.69840577381539,1.37060444795132,3.41011773039351,67.3587546630873
13.2249007936508,1.69830405119074,1.37073642275668,3.40848687567832,67.3600457488131
13.225,1.69820224051248,1.37086830496395,3.40685680146113,67.3613366224448
13.2250992063492,1.69810034191329,1.37100009458727,3.40522750737135,67.362627284019
13.2251984126984,1.69799835552593,1.37113179164077,3.40359899303837,67.3639177335727
13.2252976190476,1.69789628148318,1.37126339613853,3.4019712580919,67.3652079711428
13.2253968253968,1.69779411991785,1.37139490809458,3.40034430216163,67.3664979967659
13.225496031746,1.6976918709628,1.37152632752291,3.39871812487755,67.3677878104787
13.2255952380952,1.6975895347509,1.37165765443749,3.39709272586962,67.3690774123181
13.2256944444444,1.69748711141511,1.37178888885221,3.39546810476813,67.3703668023204
13.2257936507937,1.69738460108838,1.37192003078095,3.39384426120334,67.3716559805224
13.2258928571429,1.69728200390372,1.37205108023753,3.39222119480582,67.3729449469606
13.2259920634921,1.69717931999416,1.37218203723576,3.39059890520612,67.3742337016714
13.2260912698413,1.69707654949279,1.37231290178935,3.38897739203509,67.3755222446912
13.2261904761905,1.69697369253272,1.37244367391204,3.38735665492356,67.3768105760564
13.2262896825397,1.6968707492471,1.37257435361747,3.38573669350265,67.3780986958034
13.2263888888889,1.69676771976914,1.37270494091926,3.3841175074036,67.3793866039684
13.2264880952381,1.69666460423204,1.372835435831,3.38249909625767,67.3806743005876
13.2265873015873,1.69656140276909,1.37296583836623,3.38088145969645,67.3819617856973
13.2266865079365,1.69645811551358,1.37309614853843,3.37926459735148,67.3832490593335
13.2267857142857,1.69635474259885,1.37322636636107,3.37764850885464,67.3845361215323
13.2268849206349,1.69625128415828,1.37335649184757,3.37603319383777,67.3858229723299
13.2269841269841,1.6961477403253,1.37348652501128,3.37441865193301,67.3871096117621
13.2270833333333,1.69604411123333,1.37361646586554,3.3728048827725,67.3883960398649
13.2271825396825,1.69594039701589,1.37374631442365,3.37119188598869,67.3896822566742
13.2272817460317,1.6958365978065,1.37387607069884,3.36957966121398,67.3909682622259
13.227380952381,1.69573271373872,1.37400573470433,3.36796820808112,67.3922540565556
13.2274801587302,1.69562874494615,1.37413530645329,3.36635752622279,67.3935396396993
13.2275793650794,1.69552469156244,1.37426478595882,3.36474761527204,67.3948250116925
13.2276785714286,1.69542055372125,1.37439417323403,3.36313847486183,67.3961101725709
13.2277777777778,1.69531633155631,1.37452346829194,3.36153010462545,67.3973951223702
13.227876984127,1.69521202520137,1.37465267114556,3.35992250419629,67.3986798611258
13.2279761904762,1.69510763479022,1.37478178180784,3.35831567320779,67.3999643888733
13.2280753968254,1.69500316045668,1.3749108002917,3.35670961129368,67.4012487056481
13.2281746031746,1.69489860233461,1.37503972661002,3.35510431808767,67.4025328114856
13.2282738095238,1.69479396055793,1.37516856077562,3.3534997932238,67.4038167064212
13.228373015873,1.69468923526057,1.3752973028013,3.35189603633605,67.4051003904903
13.2284722222222,1.6945844265765,1.37542595269982,3.35029304705876,67.4063838637279
13.2285714285714,1.69447953463973,1.37555451048387,3.34869082502619,67.4076671261695
13.2286706349206,1.69437455958433,1.37568297616613,3.34708936987296,67.40895017785
13.2287698412698,1.69426950154438,1.37581134975922,3.34548868123365,67.4102330188047
13.228869047619,1.694164360654,1.37593963127573,3.34388875874314,67.4115156490686
13.2289682539683,1.69405913704735,1.3760678207282,3.3422896020363,67.4127980686768
13.2290674603175,1.69395383085865,1.37619591812913,3.3406912107483,67.4140802776641
13.2291666666667,1.69384844222212,1.37632392349099,3.33909358451431,67.4153622760656
13.2292658730159,1.69374297127205,1.37645183682619,3.33749672296973,67.416644063916
13.2293650793651,1.69363741814274,1.3765796581471,3.33590062575015,67.4179256412502
13.2294642857143,1.69353178296855,1.37670738746607,3.33430529249114,67.4192070081031
13.2295634920635,1.69342606588386,1.37683502479538,3.33271072282861,67.4204881645093
13.2296626984127,1.6933202670231,1.3769625701473,3.33111691639841,67.4217691105034
13.2297619047619,1.69321438652073,1.37709002353403,3.32952387283676,67.4230498461202
13.2298611111111,1.69310842451126,1.37721738496774,3.32793159177979,67.4243303713942
13.2299603174603,1.69300238112921,1.37734465446056,3.32634007286399,67.42561068636
13.2300595238095,1.69289625650917,1.37747183202459,3.3247493157258,67.426890791052
13.2301587301587,1.69279005078575,1.37759891767185,3.32315932000199,67.4281706855046
13.2302579365079,1.69268376409359,1.37772591141437,3.32157008532929,67.4294503697523
13.2303571428571,1.69257739656738,1.37785281326409,3.31998161134475,67.4307298438293
13.2304563492063,1.69247094834186,1.37797962323295,3.3183938976854,67.4320091077701
13.2305555555556,1.69236441955177,1.37810634133281,3.31680694398857,67.4332881616088
13.2306547619048,1.69225781033193,1.37823296757553,3.31522074989157,67.4345670053796
13.230753968254,1.69215112081716,1.3783595019729,3.313635315032,67.4358456391167
13.2308531746032,1.69204435114234,1.37848594453666,3.31205063904757,67.4371240628541
13.2309523809524,1.69193750144238,1.37861229527855,3.31046672157604,67.438402276626
13.2310515873016,1.69183057185224,1.37873855421022,3.30888356225545,67.4396802804662
13.2311507936508,1.69172356250689,1.37886472134331,3.30730116072384,67.4409580744088
13.23125,1.69161647354137,1.37899079668941,3.30571951661956,67.4422356584877
13.2313492063492,1.69150930509072,1.37911678026007,3.30413862958092,67.4435130327368
13.2314484126984,1.69140205729007,1.37924267206679,3.30255849924657,67.4447901971897
13.2315476190476,1.69129473027452,1.37936847212105,3.3009791252551,67.4460671518803
13.2316468253968,1.69118732417927,1.37949418043425,3.29940050724544,67.4473438968424
13.231746031746,1.69107983913952,1.3796197970178,3.29782264485648,67.4486204321095
13.2318452380952,1.69097227529052,1.37974532188301,3.29624553772744,67.4498967577152
13.2319444444444,1.69086463276756,1.37987075504121,3.2946691854975,67.4511728736932
13.2320436507936,1.69075691170595,1.37999609650363,3.29309358780615,67.452448780077
13.2321428571429,1.69064911224107,1.38012134628151,3.29151874429287,67.4537244769
13.2322420634921,1.6905412345083,1.38024650438601,3.28994465459739,67.4549999641956
13.2323412698413,1.69043327864309,1.38037157082827,3.28837131835962,67.4562752419972
13.2324404761905,1.6903252447809,1.38049654561939,3.28679873521944,67.4575503103382
13.2325396825397,1.69021713305724,1.3806214287704,3.28522690481709,67.4588251692518
13.2326388888889,1.69010894360767,1.38074622029232,3.28365582679274,67.4600998187712
13.2327380952381,1.69000067656777,1.38087092019612,3.28208550078691,67.4613742589296
13.2328373015873,1.68989233207316,1.38099552849273,3.28051592644007,67.4626484897602
13.2329365079365,1.6897839102595,1.38112004519303,3.27894710339302,67.4639225112959
13.2330357142857,1.68967541126249,1.38124447030786,3.27737903128652,67.46519632357
13.2331349206349,1.68956683521786,1.38136880384802,3.27581170976166,67.4664699266152
13.2332341269841,1.68945818226138,1.38149304582428,3.27424513845949,67.4677433204647
13.2333333333333,1.68934945252887,1.38161719624735,3.27267931702138,67.4690165051512
13.2334325396825,1.68924064615617,1.38174125512792,3.27111424508867,67.4702894807076
13.2335317460317,1.68913176327916,1.38186522247661,3.26954992230303,67.4715622471666
13.233630952381,1.68902280403377,1.38198909830402,3.26798634830607,67.4728348045611
13.2337301587302,1.68891376855595,1.38211288262071,3.26642352273971,67.4741071529237
13.2338293650794,1.68880465698171,1.38223657543719,3.264861445246,67.4753792922871
13.2339285714286,1.68869546944707,1.38236017676393,3.26330011546698,67.4766512226838
13.2340277777778,1.68858620608811,1.38248368661135,3.26173953304505,67.4779229441464
13.234126984127,1.68847686704094,1.38260710498984,3.26017969762255,67.4791944567075
13.2342261904762,1.6883674524417,1.38273043190976,3.25862060884214,67.4804657603993
13.2343253968254,1.68825796242657,1.3828536673814,3.25706226634648,67.4817368552545
13.2344246031746,1.68814839713178,1.38297681141502,3.2555046697785,67.4830077413052
13.2345238095238,1.68803875669358,1.38309986402085,3.25394781878114,67.4842784185839
13.234623015873,1.68792904124828,1.38322282520908,3.25239171299763,67.4855488871227
13.2347222222222,1.68781925093219,1.38334569498983,3.2508363520712,67.4868191469539
13.2348214285714,1.68770938588171,1.3834684733732,3.24928173564537,67.4880891981096
13.2349206349206,1.68759944623322,1.38359116036925,3.24772786336364,67.489359040622
13.2350198412698,1.68748943212318,1.383713755988,3.24617473486983,67.4906286745231
13.235119047619,1.68737934368807,1.38383626023941,3.24462234980773,67.4918980998449
13.2352182539683,1.68726918106441,1.38395867313343,3.2430707078214,67.4931673166195
13.2353174603175,1.68715894438876,1.38408099467992,3.24151980855506,67.4944363248786
13.2354166666667,1.68704863379771,1.38420322488876,3.23996965165291,67.4957051246542
13.2355158730159,1.6869382494279,1.38432536376974,3.23842023675951,67.4969737159781
13.2356150793651,1.686827791416,1.38444741133263,3.23687156351935,67.4982420988821
13.2357142857143,1.6867172598987,1.38456936758715,3.23532363157727,67.4995102733978
13.2358134920635,1.68660665501276,1.38469123254299,3.23377644057806,67.5007782395571
13.2359126984127,1.68649597689497,1.38481300620978,3.23222999016684,67.5020459973914
13.2360119047619,1.68638522568213,1.38493468859713,3.23068427998868,67.5033135469324
13.2361111111111,1.6862744015111,1.38505627971459,3.229139309689,67.5045808882116
13.2362103174603,1.68616350451879,1.38517777957169,3.22759507891317,67.5058480212605
13.2363095238095,1.68605253484212,1.38529918817789,3.22605158730687,67.5071149461105
13.2364087301587,1.68594149261805,1.38542050554263,3.22450883451576,67.5083816627931
13.2365079365079,1.68583037798361,1.38554173167531,3.22296682018583,67.5096481713394
13.2366071428571,1.68571919107582,1.38566286658527,3.22142554396303,67.5109144717809
13.2367063492064,1.68560793203178,1.38578391028182,3.21988500549357,67.5121805641488
13.2368055555556,1.6854966009886,1.38590486277423,3.21834520442382,67.5134464484742
13.2369047619048,1.68538519808343,1.38602572407173,3.21680614040017,67.5147121247883
13.237003968254,1.68527372345348,1.3861464941835,3.2152678130693,67.5159775931222
13.2371031746032,1.68516217723597,1.38626717311869,3.2137302220779,67.517242853507
13.2372023809524,1.68505055956817,1.38638776088639,3.21219336707294,67.5185079059736
13.2373015873016,1.68493887058738,1.38650825749568,3.21065724770138,67.519772750553
13.2374007936508,1.68482711043096,1.38662866295556,3.2091218636105,67.521037387276
13.2375,1.68471527923627,1.38674897727502,3.20758721444754,67.5223018161736
13.2375992063492,1.68460337714074,1.38686920046299,3.20605329986006,67.5235660372766
13.2376984126984,1.68449140428182,1.38698933252837,3.2045201194956,67.5248300506156
13.2377976190476,1.68437936079701,1.38710937348001,3.20298767300199,67.5260938562214
13.2378968253968,1.68426724682383,1.38722932332673,3.20145596002708,67.5273574541247
13.237996031746,1.68415506249986,1.38734918207728,3.19992498021898,67.5286208443561
13.2380952380952,1.6840428079627,1.38746894974041,3.19839473322582,67.5298840269461
13.2381944444444,1.68393048334998,1.3875886263248,3.19686521869596,67.5311470019253
13.2382936507937,1.6838180887994,1.3877082118391,3.19533643627795,67.532409769324
13.2383928571429,1.68370562444867,1.3878277062919,3.19380838562031,67.5336723291728
13.2384920634921,1.68359309043554,1.38794710969178,3.19228106637191,67.5349346815019
13.2385912698413,1.6834804868978,1.38806642204726,3.19075447818158,67.5361968263418
13.2386904761905,1.68336781397329,1.38818564336681,3.18922862069846,67.5374587637226
13.2387896825397,1.68325507179987,1.38830477365888,3.18770349357166,67.5387204936747
13.2388888888889,1.68314226051545,1.38842381293185,3.18617909645062,67.5399820162281
13.2389880952381,1.68302938025796,1.3885427611941,3.18465542898474,67.541243331413
13.2390873015873,1.68291643116539,1.38866161845393,3.18313249082375,67.5425044392595
13.2391865079365,1.68280341337575,1.38878038471962,3.18161028161734,67.5437653397976
13.2392857142857,1.6826903270271,1.38889905999939,3.18008880101551,67.5450260330573
13.2393849206349,1.68257717225753,1.38901764430144,3.17856804866825,67.5462865190685
13.2394841269841,1.68246394920516,1.38913613763392,3.17704802422585,67.5475467978611
13.2395833333333,1.68235065800817,1.38925454000493,3.17552872733858,67.548806869465
13.2396825396825,1.68223729880475,1.38937285142254,3.17401015765699,67.5500667339098
13.2397817460317,1.68212387173316,1.38949107189477,3.17249231483175,67.5513263912254
13.239880952381,1.68201037693165,1.38960920142961,3.17097519851358,67.5525858414415
13.2399801587302,1.68189681453857,1.389727240035,3.16945880835348,67.5538450845876
13.2400793650794,1.68178318469224,1.38984518771883,3.16794314400244,67.5551041206935
13.2401785714286,1.68166948753108,1.38996304448897,3.16642820511177,67.5563629497885
13.2402777777778,1.68155572319349,1.39008081035323,3.16491399133275,67.5576215719023
13.240376984127,1.68144189181796,1.39019848531939,3.16340050231696,67.5588799870642
13.2404761904762,1.68132799354297,1.39031606939519,3.16188773771598,67.5601381953037
13.2405753968254,1.68121402850708,1.39043356258831,3.16037569718167,67.56139619665
13.2406746031746,1.68109999684886,1.39055096490641,3.1588643803659,67.5626539911327
13.2407738095238,1.68098589870693,1.39066827635709,3.15735378692084,67.5639115787807
13.240873015873,1.68087173421993,1.39078549694793,3.15584391649861,67.5651689596235
13.2409722222222,1.68075750352656,1.39090262668644,3.15433476875168,67.56642613369
13.2410714285714,1.68064320676554,1.39101966558013,3.15282634333248,67.5676831010096
13.2411706349206,1.68052884407565,1.39113661363643,3.15131863989371,67.5689398616111
13.2412698412698,1.68041441559568,1.39125347086273,3.14981165808821,67.5701964155236
13.241369047619,1.68029992146446,1.39137023726642,3.14830539756884,67.5714527627761
13.2414682539683,1.68018536182089,1.39148691285479,3.14679985798878,67.5727089033974
13.2415674603175,1.68007073680386,1.39160349763514,3.14529503900118,67.5739648374166
13.2416666666667,1.67995604655235,1.39171999161469,3.1437909402595,67.5752205648622
13.2417658730159,1.67984129120532,1.39183639480065,3.14228756141718,67.5764760857632
13.2418650793651,1.67972647090182,1.39195270720017,3.14078490212797,67.5777314001483
13.2419642857143,1.6796115857809,1.39206892882035,3.13928296204559,67.5789865080461
13.2420634920635,1.67949663598166,1.39218505966828,3.13778174082408,67.5802414094852
13.2421626984127,1.67938162164325,1.39230109975097,3.13628123811745,67.5814961044943
13.2422619047619,1.67926654290484,1.39241704907542,3.13478145358004,67.5827505931017
13.2423611111111,1.67915139990564,1.39253290764858,3.13328238686614,67.5840048753362
13.2424603174603,1.67903619278491,1.39264867547734,3.13178403763037,67.585258951226
13.2425595238095,1.67892092168193,1.39276435256858,3.13028640552731,67.5865128207995
13.2426587301587,1.67880558673603,1.39287993892911,3.12878949021183,67.5877664840851
13.2427579365079,1.67869018808658,1.39299543456571,3.12729329133893,67.5890199411111
13.2428571428571,1.67857472587296,1.39311083948513,3.12579780856364,67.5902731919056
13.2429563492063,1.67845920023463,1.39322615369406,3.12430304154127,67.5915262364969
13.2430555555556,1.67834361131105,1.39334137719916,3.12280898992716,67.5927790749132
13.2431547619048,1.67822795924175,1.39345651000704,3.12131565337691,67.5940317071824
13.243253968254,1.67811224416626,1.39357155212428,3.11982303154612,67.5952841333327
13.2433531746032,1.67799646622418,1.3936865035574,3.11833112409071,67.596536353392
13.2434523809524,1.67788062555514,1.3938013643129,3.11683993066656,67.5977883673884
13.2435515873016,1.67776472229879,1.39391613439723,3.11534945092986,67.5990401753496
13.2436507936508,1.67764875659483,1.39403081381679,3.11385968453679,67.6002917773035
13.24375,1.67753272858301,1.39414540257795,3.11237063114384,67.601543173278
13.2438492063492,1.67741663840309,1.39425990068704,3.11088229040747,67.6027943633008
13.2439484126984,1.67730048619489,1.39437430815034,3.10939466198445,67.6040453473995
13.2440476190476,1.67718427209826,1.39448862497408,3.10790774553153,67.6052961256019
13.2441468253968,1.67706799625309,1.39460285116448,3.10642154070572,67.6065466979355
13.244246031746,1.6769516587993,1.39471698672768,3.1049360471642,67.607797064428
13.2443452380952,1.67683525987685,1.39483103166981,3.10345126456414,67.6090472251067
13.2444444444444,1.67671879962574,1.39494498599694,3.10196719256304,67.6102971799992
13.2445436507937,1.67660227818601,1.39505884971511,3.10048383081837,67.611546929133
13.2446428571429,1.67648569569773,1.39517262283031,3.0990011789879,67.6127964725352
13.2447420634921,1.67636905230101,1.39528630534849,3.0975192367294,67.6140458102333
13.2448412698413,1.67625234813601,1.39539989727555,3.09603800370093,67.6152949422546
13.2449404761905,1.67613558334291,1.39551339861738,3.09455747956054,67.6165438686262
13.2450396825397,1.67601875806192,1.39562680937979,3.09307766396658,67.6177925893753
13.2451388888889,1.67590187243332,1.39574012956858,3.0915985565774,67.6190411045291
13.2452380952381,1.6757849265974,1.39585335918948,3.09012015705162,67.6202894141146
13.2453373015873,1.6756679206945,1.3959664982482,3.08864246504789,67.6215375181588
13.2454365079365,1.67555085486499,1.39607954675039,3.08716548022512,67.6227854166887
13.2455357142857,1.67543372924928,1.39619250470169,3.08568920224223,67.6240331097313
13.2456349206349,1.67531654398782,1.39630537210767,3.08421363075839,67.6252805973135
13.2457341269841,1.6751992992211,1.39641814897386,3.08273876543293,67.6265278794619
13.2458333333333,1.67508199508963,1.39653083530576,3.0812646059252,67.6277749562035
13.2459325396825,1.67496463173398,1.39664343110882,3.07979115189483,67.629021827565
13.2460317460317,1.67484720929475,1.39675593638847,3.07831840300147,67.630268493573
13.246130952381,1.67472972791257,1.39686835115005,3.07684635890504,67.6315149542542
13.2462301587302,1.67461218772811,1.39698067539892,3.07537501926548,67.6327612096352
13.2463293650794,1.67449458888208,1.39709290914035,3.073904383743,67.6340072597425
13.2464285714286,1.67437693151524,1.3972050523796,3.07243445199782,67.6352531046027
13.2465277777778,1.67425921576836,1.39731710512185,3.07096522369045,67.6364987442421
13.246626984127,1.67414144178227,1.3974290673723,3.06949669848137,67.6377441786871
13.2467261904762,1.67402360969783,1.39754093913604,3.06802887603141,67.6389894079641
13.2468253968254,1.67390571965593,1.39765272041817,3.06656175600133,67.6402344320995
13.2469246031746,1.67378777179751,1.39776441122372,3.06509533805223,67.6414792511194
13.2470238095238,1.67366976626354,1.3978760115577,3.06362962184517,67.64272386505
13.247123015873,1.67355170319503,1.39798752142505,3.06216460704151,67.6439682739176
13.2472222222222,1.67343358273303,1.3980989408307,3.06070029330271,67.6452124777481
13.2473214285714,1.67331540501862,1.39821026977951,3.05923668029028,67.6464564765677
13.2474206349206,1.67319717019292,1.39832150827632,3.05777376766604,67.6477002704023
13.2475198412698,1.67307887839709,1.39843265632592,3.05631155509176,67.648943859278
13.247619047619,1.67296052977234,1.39854371393306,3.05485004222956,67.6501872432206
13.2477182539683,1.67284212445988,1.39865468110245,3.0533892287415,67.6514304222561
13.2478174603175,1.67272366260099,1.39876555783874,3.05192911428998,67.6526733964101
13.2479166666667,1.67260514433698,1.39887634414658,3.05046969853736,67.6539161657085
13.2480158730159,1.6724865698092,1.39898704003054,3.04901098114631,67.655158730177
13.2481150793651,1.67236793915903,1.39909764549516,3.0475529617795,67.6564010898413
13.2482142857143,1.67224925252789,1.39920816054494,3.04609564009987,67.6576432447269
13.2483134920635,1.67213051005724,1.39931858518434,3.04463901577038,67.6588851948595
13.2484126984127,1.67201171188857,1.39942891941778,3.04318308845427,67.6601269402646
13.2485119047619,1.67189285816342,1.39953916324964,3.04172785781478,67.6613684809676
13.2486111111111,1.67177394902336,1.39964931668426,3.0402733235154,67.662609816994
13.2487103174603,1.67165498460999,1.39975937972591,3.03881948521976,67.6638509483692
13.2488095238095,1.67153596506497,1.39986935237886,3.03736634259155,67.6650918751184
13.2489087301587,1.67141689052996,1.39997923464731,3.03591389529472,67.666332597267
13.2490079365079,1.6712977611467,1.40008902653544,3.03446214299322,67.6675731148402
13.2491071428571,1.67117857705694,1.40019872804737,3.03301108535132,67.6688134278632
13.2492063492064,1.67105933840248,1.40030833918719,3.03156072203324,67.6700535363611
13.2493055555556,1.67094004532514,1.40041785995894,3.03011105270355,67.671293440359
13.2494047619048,1.6708206979668,1.40052729036662,3.02866207702675,67.6725331398819
13.249503968254,1.67070129646937,1.4006366304142,3.02721379466769,67.6737726349548
13.2496031746032,1.67058184097478,1.4007458801056,3.02576620529118,67.6750119256028
13.2497023809524,1.67046233162502,1.40085503944469,3.02431930856235,67.6762510118506
13.2498015873016,1.67034276856211,1.40096410843532,3.02287310414628,67.6774898937231
13.2499007936508,1.67022315192811,1.40107308708127,3.0214275917084,67.6787285712451
13.25,1.67010348186511,1.40118197538631,3.0199827709141,67.6799670444414
13.2500992063492,1.66998375851524,1.40129077335414,3.01853864142902,67.6812053133366
13.2501984126984,1.66986398202068,1.40139948098843,3.01709520291898,67.6824433779554
13.2502976190476,1.66974415252361,1.40150809829283,3.01565245504978,67.6836812383224
13.2503968253968,1.66962427016631,1.4016166252709,3.01421039748757,67.6849188944622
13.250496031746,1.66950433509103,1.40172506192621,3.01276902989845,67.6861563463993
13.2505952380952,1.6693843474401,1.40183340826226,3.01132835194884,67.6873935941581
13.2506944444444,1.66926430735588,1.4019416642825,3.00988836330514,67.688630637763
13.2507936507936,1.66914421498076,1.40204982999037,3.00844906363404,67.6898674772384
13.2508928571429,1.66902407045717,1.40215790538925,3.00701045260225,67.6911041126086
13.2509920634921,1.66890387392758,1.40226589048247,3.00557252987675,67.6923405438978
13.2510912698413,1.66878362553449,1.40237378527333,3.00413529512451,67.6935767711304
13.2511904761905,1.66866332542046,1.40248158976509,3.00269874801282,67.6948127943304
13.2512896825397,1.66854297372804,1.40258930396096,3.00126288820894,67.696048613522
13.2513888888889,1.66842257059988,1.40269692786413,2.99982771538043,67.6972842287291
13.2514880952381,1.66830211617861,1.40280446147771,2.99839322919485,67.698519639976
13.2515873015873,1.66818161060694,1.40291190480481,2.99695942932001,67.6997548472865
13.2516865079365,1.66806105402759,1.40301925784847,2.99552631542388,67.7009898506845
13.2517857142857,1.66794044658333,1.40312652061169,2.99409388717443,67.702224650194
13.2518849206349,1.66781978841697,1.40323369309745,2.99266214423995,67.7034592458387
13.2519841269841,1.66769907967135,1.40334077530868,2.99123108628872,67.7046936376425
13.2520833333333,1.66757832048934,1.40344776724825,2.9898007129893,67.705927825629
13.2521825396825,1.66745751101387,1.403554668919,2.98837102401027,67.707161809822
13.2522817460317,1.66733665138789,1.40366148032374,2.98694201902047,67.708395590245
13.252380952381,1.66721574175439,1.40376820146523,2.98551369768876,67.7096291669218
13.2524801587302,1.6670947822564,1.40387483234618,2.9840860596843,67.7108625398757
13.2525793650794,1.66697377303698,1.40398137296928,2.9826591046762,67.7120957091303
13.2526785714286,1.66685271423925,1.40408782333714,2.98123283233392,67.7133286747091
13.2527777777778,1.66673160600634,1.40419418345238,2.97980724232688,67.7145614366354
13.252876984127,1.66661044848143,1.40430045331754,2.9783823343248,67.7157939949325
13.2529761904762,1.66648924180774,1.40440663293513,2.9769581079974,67.7170263496238
13.2530753968254,1.66636798612852,1.40451272230762,2.97553456301465,67.7182585007325
13.2531746031746,1.66624668158707,1.40461872143744,2.97411169904666,67.7194904482818
13.2532738095238,1.6661253283267,1.40472463032698,2.97268951576358,67.7207221922949
13.253373015873,1.6660039264908,1.40483044897857,2.97126801283586,67.7219537327948
13.2534722222222,1.66588247622275,1.40493617739453,2.96984718993394,67.7231850698046
13.2535714285714,1.66576097766601,1.4050418155771,2.96842704672853,67.7244162033473
13.2536706349206,1.66563943096404,1.40514736352853,2.96700758289037,67.725647133446
13.2537698412698,1.66551783626038,1.40525282125098,2.96558879809047,67.7268778601233
13.253869047619,1.66539619369856,1.40535818874659,2.96417069199985,67.7281083834023
13.2539682539683,1.66527450342218,1.40546346601745,2.9627532642898,67.7293387033058
13.2540674603175,1.66515276557486,1.40556865306563,2.96133651463164,67.7305688198564
13.2541666666667,1.66503098030028,1.40567374989312,2.95992044269695,67.731798733077
13.2542658730159,1.66490914774213,1.40577875650192,2.95850504815732,67.7330284429901
13.2543650793651,1.66478726804416,1.40588367289394,2.95709033068463,67.7342579496184
13.2544642857143,1.66466534135014,1.40598849907108,2.95567628995077,67.7354872529845
13.2545634920635,1.66454336780388,1.40609323503518,2.95426292562785,67.7367163531109
13.2546626984127,1.66442134754925,1.40619788078804,2.95285023738816,67.7379452500201
13.2547619047619,1.66429928073012,1.40630243633144,2.951438224904,67.7391739437344
13.2548611111111,1.66417716749044,1.40640690166709,2.95002688784797,67.7404024342762
13.2549603174603,1.66405500797415,1.40651127679668,2.94861622589268,67.741630721668
13.2550595238095,1.66393280232526,1.40661556172184,2.94720623871101,67.7428588059319
13.2551587301587,1.66381055068782,1.40671975644419,2.94579692597584,67.7440866870902
13.2552579365079,1.6636882532059,1.40682386096525,2.94438828736035,67.745314365165
13.2553571428571,1.6635659100236,1.40692787528657,2.94298032253771,67.7465418401785
13.2554563492063,1.6634435212851,1.40703179940961,2.94157303118139,67.7477691121528
13.2555555555556,1.66332108713456,1.4071356333358,2.94016641296485,67.74899618111
13.2556547619048,1.66319860771623,1.40723937706654,2.93876046756184,67.7502230470719
13.255753968254,1.66307608317436,1.40734303060317,2.9373551946461,67.7514497100605
13.2558531746032,1.66295351365325,1.40744659394701,2.93595059389169,67.7526761700978
13.2559523809524,1.66283089929725,1.40755006709931,2.93454666497262,67.7539024272056
13.2560515873016,1.66270824025072,1.40765345006131,2.9331434075632,67.7551284814056
13.2561507936508,1.6625855366581,1.40775674283419,2.93174082133786,67.7563543327196
13.25625,1.66246278866381,1.40785994541909,2.93033890597107,67.7575799811693
13.2563492063492,1.66233999641235,1.40796305781711,2.92893766113759,67.7588054267764
13.2564484126984,1.66221716004826,1.40806608002932,2.92753708651217,67.7600306695624
13.2565476190476,1.66209427971608,1.40816901205672,2.92613718176986,67.7612557095489
13.2566468253968,1.66197135556042,1.4082718539003,2.92473794658571,67.7624805467574
13.256746031746,1.66184838772593,1.408374605561,2.92333938063506,67.7637051812094
13.2568452380952,1.66172537635727,1.4084772670397,2.92194148359322,67.7649296129262
13.2569444444444,1.66160232159915,1.40857983833725,2.92054425513584,67.7661538419292
13.2570436507937,1.66147922359633,1.40868231945448,2.91914769493852,67.7673778682398
13.2571428571429,1.6613560824936,1.40878471039214,2.91775180267718,67.7686016918791
13.2572420634921,1.66123289843577,1.40888701115097,2.91635657802773,67.7698253128685
13.2573412698413,1.66110967156772,1.40898922173165,2.91496202066637,67.7710487312289
13.2574404761905,1.66098640203434,1.40909134213483,2.91356813026929,67.7722719469817
13.2575396825397,1.66086308998056,1.40919337236111,2.91217490651294,67.7734949601478
13.2576388888889,1.66073973555138,1.40929531241105,2.91078234907392,67.7747177707483
13.2577380952381,1.66061633889178,1.40939716228518,2.90939045762886,67.7759403788041
13.2578373015873,1.66049290014683,1.40949892198396,2.90799923185467,67.7771627843361
13.2579365079365,1.66036941946161,1.40960059150785,2.90660867142828,67.7783849873652
13.2580357142857,1.66024589698125,1.40970217085723,2.90521877602688,67.7796069879123
13.2581349206349,1.6601223328509,1.40980366003247,2.90382954532769,67.7808287859981
13.2582341269841,1.65999872721578,1.40990505903387,2.90244097900819,67.7820503816434
13.2583333333333,1.6598750802211,1.4100063678617,2.90105307674589,67.7832717748687
13.2584325396825,1.65975139201215,1.4101075865162,2.89966583821856,67.7844929656948
13.2585317460317,1.65962766273423,1.41020871499756,2.89827926310398,67.7857139541423
13.258630952381,1.65950389253271,1.41030975330592,2.89689335108022,67.7869347402316
13.2587301587302,1.65938008155295,1.41041070144139,2.89550810182536,67.7881553239833
13.2588293650794,1.65925622994039,1.41051155940404,2.89412351501775,67.7893757054177
13.2589285714286,1.65913233784049,1.41061232719388,2.89273959033574,67.7905958845554
13.2590277777778,1.65900840539874,1.4107130048109,2.89135632745795,67.7918158614166
13.259126984127,1.65888443276068,1.41081359225503,2.88997372606313,67.7930356360215
13.2592261904762,1.65876042007189,1.41091408952619,2.88859178583007,67.7942552083905
13.2593253968254,1.65863636747797,1.41101449662422,2.88721050643784,67.7954745785437
13.2594246031746,1.65851227512457,1.41111481354894,2.88582988756553,67.7966937465014
13.2595238095238,1.65838814315738,1.41121504030012,2.8844499288925,67.7979127122835
13.259623015873,1.65826397172212,1.41131517687751,2.88307063009811,67.7991314759102
13.2597222222222,1.65813976096455,1.41141522328078,2.88169199086202,67.8003500374013
13.2598214285714,1.65801551103047,1.41151517950959,2.88031401086388,67.801568396777
13.2599206349206,1.65789122206571,1.41161504556354,2.87893668978363,67.8027865540571
13.2600198412698,1.65776689421614,1.41171482144222,2.87756002730122,67.8040045092614
13.260119047619,1.65764252762769,1.41181450714513,2.87618402309686,67.8052222624097
13.2602182539683,1.65751812244628,1.41191410267177,2.8748086768508,67.8064398135219
13.2603174603175,1.65739367881791,1.41201360802157,2.87343398824354,67.8076571626176
13.2604166666667,1.65726919688859,1.41211302319395,2.87205995695561,67.8088743097165
13.2605158730159,1.6571446768044,1.41221234818825,2.87068658266777,67.8100912548382
13.2606150793651,1.65702011871142,1.4123115830038,2.86931386506093,67.8113079980021
13.2607142857143,1.65689552275579,1.41241072763987,2.86794180381605,67.8125245392281
13.2608134920635,1.65677088908368,1.4125097820957,2.86657039861437,67.8137408785353
13.2609126984127,1.6566462178413,1.41260874637049,2.86519964913711,67.8149570159433
13.2610119047619,1.65652150917489,1.41270762046338,2.86382955506581,67.8161729514714
13.2611111111111,1.65639676323075,1.41280640437348,2.86246011608198,67.817388685139
13.2612103174603,1.65627198015519,1.41290509809987,2.86109133186745,67.8186042169652
13.2613095238095,1.65614716009456,1.41300370164158,2.85972320210402,67.8198195469695
13.2614087301587,1.65602230319528,1.41310221499759,2.85835572647379,67.8210346751708
13.2615079365079,1.65589740960376,1.41320063816684,2.85698890465887,67.8222496015885
13.2616071428571,1.65577247946648,1.41329897114825,2.85562273634165,67.8234643262414
13.2617063492063,1.65564751292995,1.41339721394066,2.8542572212045,67.8246788491488
13.2618055555556,1.65552251014072,1.41349536654291,2.85289235893012,67.8258931703294
13.2619047619048,1.65539747124536,1.41359342895377,2.85152814920117,67.8271072898024
13.262003968254,1.6552723963905,1.41369140117199,2.85016459170058,67.8283212075866
13.2621031746032,1.6551472857228,1.41378928319624,2.84880168611144,67.8295349237007
13.2622023809524,1.65502213938895,1.41388707502521,2.84743943211683,67.8307484381637
13.2623015873016,1.65489695753568,1.41398477665748,2.84607782940017,67.8319617509941
13.2624007936508,1.65477174030977,1.41408238809165,2.84471687764485,67.8331748622108
13.2625,1.65464648785802,1.41417990932623,2.84335657653455,67.8343877718324
13.2625992063492,1.65452120032728,1.41427734035972,2.84199692575295,67.8356004798774
13.2626984126984,1.65439587786442,1.41437468119056,2.84063792498404,67.8368129863645
13.2627976190476,1.65427052061638,1.41447193181717,2.83927957391177,67.8380252913121
13.2628968253968,1.6541451287301,1.4145690922379,2.83792187222042,67.8392373947386
13.262996031746,1.65401970235258,1.41466616245108,2.83656481959424,67.8404492966625
13.2630952380952,1.65389424163086,1.414763142455,2.83520841571778,67.8416609971022
13.2631944444444,1.65376874671199,1.41486003224788,2.83385266027559,67.8428724960758
13.2632936507936,1.6536432177431,1.41495683182794,2.83249755295251,67.8440837936017
13.2633928571429,1.65351765487132,1.41505354119333,2.83114309343336,67.8452948896982
13.2634920634921,1.65339205824383,1.41515016034216,2.82978928140324,67.8465057843833
13.2635912698413,1.65326642800787,1.41524668927251,2.82843611654739,67.8477164776751
13.2636904761905,1.65314076431066,1.41534312798241,2.82708359855106,67.8489269695917
13.2637896825397,1.65301506729953,1.41543947646986,2.82573172709982,67.8501372601512
13.2638888888889,1.65288933712179,1.4155357347328,2.82438050187922,67.8513473493715
13.2639880952381,1.65276357392482,1.41563190276915,2.82302992257511,67.8525572372705
13.2640873015873,1.65263777785601,1.41572798057676,2.82167998887332,67.8537669238661
13.2641865079365,1.65251194906282,1.41582396815347,2.82033070046,67.8549764091761
13.2642857142857,1.65238608769273,1.41591986549707,2.81898205702127,67.8561856932183
13.2643849206349,1.65226019389325,1.41601567260529,2.81763405824355,67.8573947760104
13.2644841269841,1.65213426781194,1.41611138947583,2.81628670381327,67.85860365757
13.2645833333333,1.65200830959639,1.41620701610636,2.81493999341712,67.8598123379149
13.2646825396825,1.65188231939423,1.41630255249449,2.81359392674183,67.8610208170625
13.2647817460317,1.65175629735314,1.4163979986378,2.81224850347437,67.8622290950305
13.264880952381,1.65163024362081,1.41649335453384,2.81090372330176,67.8634371718362
13.2649801587302,1.65150415834499,1.41658862018008,2.80955958591124,67.8646450474972
13.2650793650794,1.65137804167346,1.41668379557398,2.8082160909902,67.8658527220308
13.2651785714286,1.65125189375403,1.41677888071297,2.80687323822606,67.8670601954543
13.2652777777778,1.65112571473458,1.41687387559439,2.80553102730654,67.8682674677851
13.265376984127,1.65099950476297,1.4169687802156,2.80418945791937,67.8694745390403
13.2654761904762,1.65087326398715,1.41706359457386,2.80284852975254,67.8706814092372
13.2655753968254,1.65074699255507,1.41715831866642,2.80150824249405,67.8718880783929
13.2656746031746,1.65062069061476,1.4172529524905,2.8001685958322,67.8730945465245
13.2657738095238,1.65049435831424,1.41734749604325,2.79882958945528,67.8743008136491
13.265873015873,1.65036799580161,1.41744194932179,2.79749122305187,67.8755068797836
13.2659722222222,1.65024160322496,1.41753631232321,2.79615349631054,67.876712744945
13.2660714285714,1.65011518073247,1.41763058504454,2.79481640892017,67.8779184091501
13.2661706349206,1.64998872847231,1.41772476748278,2.79347996056962,67.8791238724159
13.2662698412698,1.64986224659273,1.41781885963488,2.79214415094805,67.8803291347592
13.266369047619,1.64973573524198,1.41791286149776,2.79080897974462,67.8815341961966
13.2664682539683,1.64960919456837,1.41800677306829,2.78947444664872,67.882739056745
13.2665674603175,1.64948262472025,1.4181005943433,2.78814055134992,67.8839437164209
13.2666666666667,1.64935602584598,1.41819432531958,2.78680729353779,67.885148175241
13.2667658730159,1.64922939809399,1.41828796599388,2.78547467290222,67.8863524332218
13.2668650793651,1.64910274161273,1.4183815163629,2.78414268913308,67.8875564903798
13.2669642857143,1.64897605655069,1.41847497642332,2.78281134192053,67.8887603467316
13.2670634920635,1.6488493430564,1.41856834617175,2.78148063095474,67.8899640022935
13.2671626984127,1.64872260127843,1.41866162560477,2.78015055592616,67.8911674570818
13.2672619047619,1.64859583136537,1.41875481471893,2.77882111652523,67.892370711113
13.2673611111111,1.64846903346588,1.41884791351072,2.77749231244271,67.8935737644033
13.2674603174603,1.64834220772861,1.41894092197661,2.77616414336931,67.8947766169689
13.2675595238095,1.64821535430231,1.41903384011301,2.77483660899609,67.8959792688259
13.2676587301587,1.6480884733357,1.4191266679163,2.77350970901405,67.8971817199905
13.2677579365079,1.6479615649776,1.4192194053828,2.77218344311452,67.8983839704788
13.2678571428571,1.64783462937681,1.41931205250881,2.77085781098881,67.8995860203068
13.2679563492064,1.64770766668221,1.41940460929059,2.76953281232848,67.9007878694906
13.2680555555556,1.64758067704271,1.41949707572433,2.76820844682526,67.9019895180458
13.2681547619048,1.64745366060723,1.41958945180621,2.76688471417088,67.9031909659887
13.268253968254,1.64732661752477,1.41968173753236,2.76556161405738,67.9043922133348
13.2683531746032,1.64719954794432,1.41977393289885,2.7642391461768,67.9055932601
13.2684523809524,1.64707245201495,1.41986603790174,2.76291731022145,67.9067941063001
13.2685515873016,1.64694532988574,1.41995805253702,2.76159610588366,67.9079947519508
13.2686507936508,1.64681818170583,1.42004997680065,2.76027553285605,67.9091951970676
13.26875,1.64669100762437,1.42014181068855,2.75895559083122,67.9103954416662
13.2688492063492,1.64656380779056,1.42023355419661,2.75763627950206,67.9115954857621
13.2689484126984,1.64643658235366,1.42032520732065,2.75631759856149,67.9127953293708
13.2690476190476,1.64630933146292,1.42041677005647,2.75499954770268,67.9139949725078
13.2691468253968,1.64618205526767,1.42050824239983,2.75368212661883,67.9151944151884
13.269246031746,1.64605475391727,1.42059962434643,2.7523653350034,67.916393657428
13.2693452380952,1.64592742756108,1.42069091589194,2.75104917254988,67.917592699242
13.2694444444444,1.64580007634855,1.420782117032,2.74973363895198,67.9187915406455
13.2695436507937,1.64567270042914,1.42087322776219,2.74841873390359,67.9199901816538
13.2696428571429,1.64554529995234,1.42096424807806,2.74710445709859,67.921188622282
13.2697420634921,1.6454178750677,1.42105517797511,2.7457908082312,67.9223868625452
13.2698412698413,1.64529042592479,1.42114601744881,2.7444777869956,67.9235849024585
13.2699404761905,1.64516295267323,1.42123676649456,2.74316539308628,67.9247827420369
13.2700396825397,1.64503545546266,1.42132742510777,2.74185362619772,67.9259803812954
13.2701388888889,1.64490793444278,1.42141799328376,2.74054248602469,67.9271778202488
13.2702380952381,1.64478038976331,1.42150847101783,2.73923197226196,67.9283750589121
13.2703373015873,1.64465282157401,1.42159885830523,2.73792208460458,67.9295720973
13.2704365079365,1.64452523002468,1.42168915514119,2.73661282274762,67.9307689354274
13.2705357142857,1.64439761526516,1.42177936152087,2.73530418638643,67.9319655733089
13.2706349206349,1.64426997744532,1.4218694774394,2.73399617521634,67.9331620109592
13.2707341269841,1.64414231671509,1.42195950289188,2.73268878893299,67.9343582483929
13.2708333333333,1.6440146332244,1.42204943787335,2.73138202723203,67.9355542856247
13.2709325396825,1.64388692712324,1.42213928237882,2.73007588980932,67.936750122669
13.2710317460317,1.64375919856165,1.42222903640325,2.72877037636091,67.9379457595403
13.271130952381,1.64363144768967,1.42231869994158,2.72746548658286,67.9391411962531
13.2712301587302,1.64350367465742,1.42240827298867,2.72616122017152,67.9403364328217
13.2713293650794,1.64337587961503,1.42249775553938,2.72485757682325,67.9415314692604
13.2714285714286,1.64324806271267,1.42258714758849,2.72355455623469,67.9427263055836
13.2715277777778,1.64312022410055,1.42267644913078,2.72225215810248,67.9439209418055
13.271626984127,1.64299236392893,1.42276566016095,2.72095038212356,67.9451153779402
13.2717261904762,1.64286448234808,1.42285478067369,2.71964922799484,67.9463096140019
13.2718253968254,1.64273657950834,1.42294381066362,2.71834869541355,67.9475036500047
13.2719246031746,1.64260865556007,1.42303275012534,2.71704878407691,67.9486974859627
13.2720238095238,1.64248071065366,1.42312159905339,2.71574949368243,67.9498911218898
13.272123015873,1.64235274493955,1.42321035744229,2.7144508239276,67.9510845578
13.2722222222222,1.64222475856822,1.42329902528651,2.71315277451022,67.9522777937071
13.2723214285714,1.64209675169017,1.42338760258047,2.71185534512809,67.953470829625
13.2724206349206,1.64196872445595,1.42347608931856,2.71055853547926,67.9546636655676
13.2725198412698,1.64184067701616,1.42356448549512,2.7092623452619,67.9558563015486
13.272619047619,1.6417126095214,1.42365279110445,2.70796677417426,67.9570487375816
13.2727182539683,1.64158452212235,1.42374100614081,2.70667182191483,67.9582409736803
13.2728174603175,1.6414564149697,1.42382913059842,2.70537748818214,67.9594330098584
13.2729166666667,1.64132828821419,1.42391716447147,2.70408377267498,67.9606248461293
13.2730158730159,1.64120014200659,1.42400510775408,2.70279067509217,67.9618164825066
13.2731150793651,1.64107197649771,1.42409296044035,2.70149819513278,67.9630079190038
13.2732142857143,1.6409437918384,1.42418072252433,2.70020633249591,67.9641991556343
13.2733134920635,1.64081558817954,1.42426839400004,2.69891508688093,67.9653901924114
13.2734126984127,1.64068736567205,1.42435597486145,2.69762445798722,67.9665810293484
13.2735119047619,1.6405591244669,1.42444346510248,2.69633444551445,67.9677716664587
13.2736111111111,1.64043086471509,1.42453086471703,2.69504504916229,67.9689621037554
13.2737103174603,1.64030258656764,1.42461817369893,2.69375626863068,67.9701523412517
13.2738095238095,1.64017429017563,1.424705392042,2.69246810361958,67.9713423789607
13.2739087301587,1.64004597569017,1.42479251973999,2.6911805538292,67.9725322168955
13.2740079365079,1.63991764326241,1.42487955678663,2.68989361895988,67.9737218550691
13.2741071428571,1.63978929304352,1.4249665031756,2.68860729871201,67.9749112934946
13.2742063492063,1.63966092518475,1.42505335890054,2.68732159278626,67.9761005321847
13.2743055555556,1.63953253983733,1.42514012395504,2.68603650088331,67.9772895711525
13.2744047619048,1.63940413715257,1.42522679833266,2.68475202270412,67.9784784104106
13.274503968254,1.6392757172818,1.42531338202692,2.68346815794964,67.9796670499721
13.2746031746032,1.6391472803764,1.42539987503128,2.68218490632113,67.9808554898494
13.2747023809524,1.63901882658777,1.42548627733918,2.68090226751984,67.9820437300554
13.2748015873016,1.63889035606736,1.42557258894401,2.67962024124731,67.9832317706026
13.2749007936508,1.63876186896665,1.42565880983912,2.67833882720506,67.9844196115037
13.275,1.63863336543717,1.42574494001782,2.67705802509493,67.9856072527712
13.2750992063492,1.63850484563046,1.42583097947336,2.67577783461874,67.9867946944176
13.2751984126984,1.63837630969814,1.42591692819898,2.67449825547861,67.9879819364554
13.2752976190476,1.63824775779183,1.42600278618785,2.67321928737664,67.9891689788968
13.2753968253968,1.63811919006319,1.42608855343313,2.67194093001521,67.9903558217544
13.275496031746,1.63799060666396,1.4261742299279,2.67066318309681,67.9915424650403
13.2755952380952,1.63786200774585,1.42625981566522,2.669386046324,67.9927289087668
13.2756944444444,1.63773339346067,1.42634531063812,2.66810951939961,67.9939151529461
13.2757936507937,1.63760476396022,1.42643071483958,2.66683360202647,67.9951011975905
13.2758928571429,1.63747611939637,1.42651602826251,2.66555829390771,67.9962870427119
13.2759920634921,1.63734745992101,1.42660125089982,2.66428359474643,67.9974726883224
13.2760912698413,1.63721878568608,1.42668638274435,2.66300950424606,67.9986581344341
13.2761904761905,1.63709009684354,1.42677142378892,2.66173602211,67.9998433810589
13.2762896825397,1.6369613935454,1.42685637402629,2.66046314804194,68.0010284282086
13.2763888888889,1.63683267594371,1.4269412334492,2.65919088174559,68.0022132758953
13.2764880952381,1.63670394419055,1.42702600205032,2.65791922292493,68.0033979241306
13.2765873015873,1.63657519843804,1.4271106798223,2.65664817128394,68.0045823729264
13.2766865079365,1.63644643883833,1.42719526675774,2.6553777265269,68.0057666222943
13.2767857142857,1.63631766554362,1.42727976284921,2.65410788835807,68.0069506722461
13.2768849206349,1.63618887870614,1.42736416808922,2.65283865648199,68.0081345227934
13.2769841269841,1.63606007847817,1.42744848247025,2.65157003060332,68.0093181739476
13.2770833333333,1.635931265012,1.42753270598473,2.65030201042677,68.0105016257205
13.2771825396825,1.63580243845999,1.42761683862507,2.64903459565732,68.0116848781233
13.2772817460317,1.63567359897451,1.42770088038361,2.64776778599998,68.0128679311676
13.277380952381,1.63554474670798,1.42778483125267,2.64650158116001,68.0140507848647
13.2774801587302,1.63541588181286,1.42786869122452,2.64523598084271,68.0152334392259
13.2775793650794,1.63528700444164,1.42795246029139,2.64397098475363,68.0164158942626
13.2776785714286,1.63515811474685,1.42803613844546,2.64270659259836,68.017598149986
13.2777777777778,1.63502921288107,1.42811972567888,2.64144280408274,68.0187802064071
13.277876984127,1.63490029899689,1.42820322198376,2.64017961891263,68.0199620635373
13.2779761904762,1.63477137324697,1.42828662735216,2.63891703679417,68.0211437213876
13.2780753968254,1.63464243578397,1.4283699417761,2.63765505743352,68.0223251799689
13.2781746031746,1.63451348533536,1.42845316586639,2.63639368027134,68.0235064399268
13.2782738095238,1.63438451817753,1.42853630129374,2.63513290431465,68.0246875029925
13.278373015873,1.63425553411518,1.4286193481926,2.63387272925168,68.025868369321
13.2784722222222,1.63412653315834,1.42870230660816,2.63261315480966,68.027049038976
13.2785714285714,1.63399751531708,1.42878517658559,2.63135418071578,68.028229512021
13.2786706349206,1.63386848060155,1.42886795817,2.63009580669746,68.0294097885197
13.2787698412698,1.63373942902192,1.42895065140646,2.62883803248208,68.0305898685354
13.278869047619,1.63361036058844,1.42903325634003,2.62758085779723,68.0317697521317
13.2789682539683,1.6334812753114,1.42911577301569,2.62632428237047,68.0329494393719
13.2790674603175,1.63335217320114,1.42919820147843,2.62506830592958,68.0341289303194
13.2791666666667,1.63322305426805,1.42928054177317,2.62381292820227,68.0353082250376
13.2792658730159,1.63309391852258,1.4293627939448,2.62255814891652,68.0364873235897
13.2793650793651,1.63296476597523,1.42944495803819,2.62130396780021,68.0376662260389
13.2794642857143,1.63283559663655,1.42952703409815,2.62005038458148,68.0388449324485
13.2795634920635,1.63270641051714,1.42960902216947,2.61879739898841,68.0400234428816
13.2796626984127,1.63257720762766,1.42969092229689,2.61754501074931,68.0412017574013
13.2797619047619,1.63244798797881,1.42977273452512,2.61629321959243,68.0423798760707
13.2798611111111,1.63231875158134,1.42985445889883,2.61504202524622,68.0435577989528
13.2799603174603,1.63218949844608,1.42993609546265,2.61379142743922,68.0447355261107
13.2800595238095,1.63206022858388,1.43001764426119,2.61254142589995,68.0459130576073
13.2801587301587,1.63193094200567,1.430099105339,2.61129202035716,68.0470903935054
13.2802579365079,1.63180163872239,1.43018047874061,2.61004321053955,68.0482675338679
13.2803571428571,1.63167231874508,1.43026176451051,2.60879499617605,68.0494444787578
13.2804563492064,1.6315429820848,1.43034296269314,2.60754737699552,68.0506212282377
13.2805555555556,1.63141362875268,1.43042407333291,2.60630035272707,68.0517977823704
13.2806547619048,1.63128425875989,1.4305050964742,2.60505392309975,68.0529741412186
13.280753968254,1.63115487211766,1.43058603216135,2.60380808784284,68.0541503048449
13.2808531746032,1.63102546883726,1.43066688043867,2.60256284668557,68.055326273312
13.2809523809524,1.63089604893003,1.43074764135041,2.60131819935739,68.0565020466825
13.2810515873016,1.63076661240735,1.4308283149408,2.60007414558771,68.0576776250189
13.2811507936508,1.63063715928066,1.43090890125403,2.59883068510616,68.0588530083836
13.28125,1.63050768956143,1.43098940033426,2.59758781764232,68.0600281968392
13.2813492063492,1.63037820326121,1.43106981222559,2.59634554292597,68.061203190448
13.2814484126984,1.6302487003916,1.43115013697212,2.59510386068696,68.0623779892724
13.2815476190476,1.63011918096423,1.43123037461788,2.59386277065514,68.0635525933748
13.2816468253968,1.6299896449908,1.43131052520688,2.59262227256059,68.0647270028173
13.281746031746,1.62986009248306,1.43139058878308,2.59138236613333,68.0659012176624
13.2818452380952,1.6297305234528,1.43147056539042,2.5901430511036,68.067075237972
13.2819444444444,1.62960093791187,1.43155045507278,2.58890432720162,68.0682490638086
13.2820436507936,1.62947133587219,1.43163025787403,2.58766619415779,68.069422695234
13.2821428571429,1.62934171734569,1.43170997383799,2.58642865170251,68.0705961323105
13.2822420634921,1.6292120823444,1.43178960300844,2.58519169956637,68.0717693751
13.2823412698413,1.62908243088037,1.43186914542912,2.58395533747993,68.0729424236646
13.2824404761905,1.62895276296571,1.43194860114374,2.58271956517397,68.0741152780662
13.2825396825397,1.62882307861258,1.43202797019598,2.58148438237921,68.0752879383667
13.2826388888889,1.6286933778332,1.43210725262947,2.58024978882661,68.076460404628
13.2827380952381,1.62856366063984,1.4321864484878,2.57901578424708,68.0776326769119
13.2828373015873,1.62843392704481,1.43226555781454,2.57778236837171,68.0788047552802
13.2829365079365,1.62830417706048,1.43234458065321,2.5765495409317,68.0799766397947
13.2830357142857,1.62817441069929,1.43242351704729,2.57531730165821,68.081148330517
13.2831349206349,1.6280446279737,1.43250236704025,2.57408565028264,68.0823198275088
13.2832341269841,1.62791482889625,1.43258113067548,2.57285458653635,68.0834911308317
13.2833333333333,1.6277850134795,1.43265980799636,2.57162411015089,68.0846622405473
13.2834325396825,1.6276551817361,1.43273839904624,2.5703942208578,68.0858331567172
13.2835317460317,1.62752533367872,1.4328169038684,2.56916491838883,68.0870038794028
13.283630952381,1.62739546932011,1.43289532250613,2.56793620247569,68.0881744086657
13.2837301587302,1.62726558867304,1.43297365500264,2.56670807285028,68.0893447445671
13.2838293650794,1.62713569175036,1.43305190140112,2.5654805292445,68.0905148871685
13.2839285714286,1.62700577856496,1.43313006174473,2.56425357139045,68.0916848365312
13.2840277777778,1.62687584912978,1.43320813607658,2.56302719902019,68.0928545927165
13.284126984127,1.62674590345783,1.43328612443976,2.56180141186598,68.0940241557857
13.2842261904762,1.62661594156213,1.4333640268773,2.56057620966008,68.0951935257999
13.2843253968254,1.6264859634558,1.4334418434322,2.55935159213489,68.0963627028204
13.2844246031746,1.626355969152,1.43351957414745,2.55812755902292,68.0975316869081
13.2845238095238,1.6262259586639,1.43359721906596,2.55690411005668,68.0987004781243
13.284623015873,1.62609593200479,1.43367477823063,2.55568124496889,68.0998690765299
13.2847222222222,1.62596588918796,1.43375225168432,2.55445896349222,68.101037482186
13.2848214285714,1.62583583022677,1.43382963946985,2.55323726535956,68.1022056951534
13.2849206349206,1.62570575513464,1.43390694163,2.55201615030377,68.1033737154933
13.2850198412698,1.62557566392502,1.43398415820751,2.55079561805792,68.1045415432662
13.285119047619,1.62544555661144,1.4340612892451,2.54957566835505,68.1057091785333
13.2852182539683,1.62531543320747,1.43413833478544,2.54835630092839,68.1068766213551
13.2853174603175,1.62518529372671,1.43421529487115,2.54713751551115,68.1080438717925
13.2854166666667,1.62505513818284,1.43429216954484,2.54591931183676,68.1092109299062
13.2855158730159,1.6249249665896,1.43436895884907,2.54470168963861,68.1103777957568
13.2856150793651,1.62479477896075,1.43444566282636,2.54348464865028,68.1115444694049
13.2857142857143,1.62466457531011,1.4345222815192,2.54226818860535,68.1127109509112
13.2858134920635,1.62453435565158,1.43459881497004,2.54105230923756,68.1138772403362
13.2859126984127,1.62440411999908,1.43467526322129,2.53983701028074,68.1150433377404
13.2860119047619,1.62427386836659,1.43475162631532,2.53862229146872,68.1162092431842
13.2861111111111,1.62414360076817,1.43482790429447,2.53740815253553,68.117374956728
13.2862103174603,1.62401331721787,1.43490409720105,2.53619459321519,68.1185404784323
13.2863095238095,1.62388301772987,1.43498020507731,2.5349816132419,68.1197058083573
13.2864087301587,1.62375270231833,1.43505622796549,2.53376921234985,68.1208709465634
13.2865079365079,1.62362237099751,1.43513216590778,2.53255739027344,68.1220358931108
13.2866071428571,1.6234920237817,1.43520801894632,2.53134614674701,68.1232006480597
13.2867063492063,1.62336166068525,1.43528378712323,2.53013548150515,68.1243652114702
13.2868055555556,1.62323128172256,1.4353594704806,2.52892539428237,68.1255295834026
13.2869047619048,1.62310088690808,1.43543506906047,2.52771588481344,68.1266937639168
13.287003968254,1.62297047625632,1.43551058290483,2.52650695283305,68.127857753073
13.2871031746032,1.62284004978184,1.43558601205566,2.52529859807614,68.1290215509311
13.2872023809524,1.62270960749923,1.43566135655489,2.52409082027758,68.1301851575511
13.2873015873016,1.62257914942317,1.43573661644441,2.52288361917246,68.1313485729928
13.2874007936508,1.62244867556836,1.43581179176608,2.52167699449592,68.1325117973163
13.2875,1.62231818594957,1.43588688256171,2.52047094598312,68.1336748305813
13.2875992063492,1.62218768058161,1.4359618888731,2.51926547336942,68.1348376728475
13.2876984126984,1.62205715947935,1.43603681074198,2.51806057639015,68.1360003241749
13.2877976190476,1.62192662265772,1.43611164821007,2.51685625478085,68.1371627846229
13.2878968253968,1.62179607013168,1.43618640131903,2.51565250827703,68.1383250542515
13.287996031746,1.62166550191626,1.4362610701105,2.5144493366144,68.13948713312
13.2880952380952,1.62153491802654,1.43633565462609,2.51324673952865,68.1406490212883
13.2881944444444,1.62140431847764,1.43641015490733,2.51204471675567,68.1418107188156
13.2882936507937,1.62127370328475,1.43648457099578,2.51084326803132,68.1429722257618
13.2883928571429,1.62114307246309,1.43655890293289,2.50964239309167,68.144133542186
13.2884920634921,1.62101242602795,1.43663315076014,2.50844209167276,68.1452946681478
13.2885912698413,1.62088176399468,1.43670731451892,2.50724236351083,68.1464556037066
13.2886904761905,1.62075108637865,1.43678139425062,2.50604320834209,68.1476163489216
13.2887896825397,1.6206203931953,1.43685538999657,2.50484462590295,68.1487769038523
13.2888888888889,1.62048968446014,1.43692930179808,2.50364661592987,68.1499372685577
13.2889880952381,1.6203589601887,1.4370031296964,2.50244917815934,68.1510974430972
13.2890873015873,1.62022822039658,1.43707687373277,2.50125231232805,68.1522574275299
13.2891865079365,1.62009746509943,1.43715053394837,2.50005601817264,68.1534172219149
13.2892857142857,1.61996669431295,1.43722411038435,2.49886029542999,68.1545768263114
13.2893849206349,1.61983590805289,1.43729760308185,2.49766514383692,68.1557362407783
13.2894841269841,1.61970510633507,1.43737101208192,2.49647056313048,68.1568954653747
13.2895833333333,1.61957428917532,1.43744433742562,2.49527655304767,68.1580545001595
13.2896825396825,1.61944345658957,1.43751757915394,2.49408311332572,68.1592133451917
13.2897817460317,1.61931260859378,1.43759073730787,2.4928902437018,68.1603720005301
13.289880952381,1.61918174520395,1.43766381192831,2.49169794391332,68.1615304662336
13.2899801587302,1.61905086643615,1.43773680305619,2.49050621369762,68.162688742361
13.2900793650794,1.6189199723065,1.43780971073233,2.48931505279229,68.1638468289709
13.2901785714286,1.61878906283117,1.43788253499758,2.48812446093486,68.1650047261223
13.2902777777778,1.61865813802637,1.4379552758927,2.48693443786304,68.1661624338736
13.290376984127,1.61852719790839,1.43802793345845,2.48574498331465,68.1673199522835
13.2904761904762,1.61839624249354,1.43810050773553,2.48455609702749,68.1684772814107
13.2905753968254,1.61826527179821,1.43817299876462,2.48336777873956,68.1696344213136
13.2906746031746,1.61813428583882,1.43824540658635,2.48218002818885,68.1707913720508
13.2907738095238,1.61800328463185,1.43831773124131,2.48099284511355,68.1719481336808
13.290873015873,1.61787226819384,1.43838997277007,2.47980622925181,68.1731047062619
13.2909722222222,1.61774123654137,1.43846213121315,2.47862018034199,68.1742610898525
13.2910714285714,1.61761018969108,1.43853420661104,2.47743469812244,68.1754172845111
13.2911706349206,1.61747912765965,1.43860619900418,2.47624978233169,68.1765732902957
13.2912698412698,1.61734805046383,1.43867810843299,2.47506543270826,68.1777291072649
13.291369047619,1.61721695812042,1.43874993493784,2.47388164899085,68.1788847354766
13.2914682539683,1.61708585064625,1.43882167855907,2.47269843091816,68.1800401749892
13.2915674603175,1.61695472805823,1.43889333933698,2.47151577822909,68.1811954258607
13.2916666666667,1.6168235903733,1.43896491731184,2.47033369066249,68.1823504881493
13.2917658730159,1.61669243760846,1.43903641252388,2.4691521679574,68.183505361913
13.2918650793651,1.61656126978078,1.43910782501327,2.46797120985296,68.1846600472098
13.2919642857143,1.61643008690734,1.43917915482018,2.4667908160883,68.1858145440976
13.2920634920635,1.61629888900532,1.43925040198473,2.46561098640275,68.1869688526344
13.2921626984127,1.61616767609191,1.43932156654698,2.46443172053561,68.188122972878
13.2922619047619,1.61603644818439,1.43939264854698,2.4632530182264,68.1892769048864
13.2923611111111,1.61590520530006,1.43946364802474,2.4620748792146,68.1904306487173
13.2924603174603,1.61577394745629,1.43953456502023,2.4608973032399,68.1915842044284
13.2925595238095,1.6156426746705,1.43960539957337,2.45972029004196,68.1927375720775
13.2926587301587,1.61551138696016,1.43967615172406,2.45854383936064,68.1938907517222
13.2927579365079,1.61538008434278,1.43974682151215,2.45736795093578,68.1950437434202
13.2928571428571,1.61524876683595,1.43981740897747,2.45619262450741,68.1961965472291
13.2929563492063,1.61511743445728,1.43988791415979,2.45501785981556,68.1973491632065
13.2930555555556,1.61498608722446,1.43995833709887,2.45384365660045,68.1985015914097
13.2931547619048,1.61485472515522,1.44002867783441,2.45267001460225,68.1996538318964
13.293253968254,1.61472334826732,1.44009893640608,2.45149693356133,68.2008058847238
13.2933531746032,1.61459195657863,1.44016911285352,2.45032441321816,68.2019577499495
13.2934523809524,1.614460550107,1.44023920721632,2.44915245331317,68.2031094276307
13.2935515873016,1.61432912887039,1.44030921953405,2.44798105358705,68.2042609178248
13.2936507936508,1.61419769288678,1.44037914984622,2.4468102137804,68.205412220589
13.29375,1.61406624217422,1.44044899819232,2.44563993363407,68.2065633359805
13.2938492063492,1.61393477675079,1.44051876461181,2.44447021288887,68.2077142640565
13.2939484126984,1.61380329663465,1.4405884491441,2.44330105128581,68.2088650048741
13.2940476190476,1.61367180184399,1.44065805182855,2.44213244856587,68.2100155584905
13.2941468253968,1.61354029239706,1.44072757270451,2.44096440447025,68.2111659249626
13.294246031746,1.61340876831216,1.44079701181128,2.43979691874009,68.2123161043475
13.2943452380952,1.61327722960766,1.44086636918812,2.43862999111678,68.2134660967022
13.2944444444444,1.61314567630194,1.44093564487427,2.43746362134165,68.2146159020836
13.2945436507936,1.61301410841348,1.4410048389089,2.43629780915623,68.2157655205485
13.2946428571429,1.61288252596077,1.44107395133117,2.43513255430205,68.2169149521538
13.2947420634921,1.61275092896239,1.44114298218021,2.43396785652079,68.2180641969564
13.2948412698413,1.61261931743695,1.44121193149508,2.43280371555423,68.2192132550129
13.2949404761905,1.61248769140311,1.44128079931482,2.43164013114415,68.2203621263801
13.2950396825397,1.6123560508796,1.44134958567845,2.43047710303254,68.2215108111147
13.2951388888889,1.61222439588517,1.44141829062494,2.42931463096134,68.2226593092733
13.2952380952381,1.61209272643865,1.4414869141932,2.42815271467273,68.2238076209124
13.2953373015873,1.61196104255892,1.44155545642214,2.42699135390883,68.2249557460888
13.2954365079365,1.61182934426491,1.4416239173506,2.42583054841198,68.2261036848587
13.2955357142857,1.61169763157559,1.44169229701743,2.42467029792448,68.2272514372789
13.2956349206349,1.61156590450999,1.44176059546138,2.42351060218886,68.2283990034055
13.2957341269841,1.61143416308719,1.44182881272121,2.4223514609476,68.2295463832951
13.2958333333333,1.61130240732633,1.44189694883563,2.42119287394339,68.230693577004
13.2959325396825,1.6111706372466,1.44196500384331,2.42003484091888,68.2318405845886
13.2960317460317,1.61103885286723,1.44203297778288,2.41887736161696,68.2329874061049
13.296130952381,1.61090705420751,1.44210087069294,2.41772043578044,68.2341340416094
13.2962301587302,1.61077524128678,1.44216868261205,2.41656406315236,68.2352804911581
13.2963293650794,1.61064341412445,1.44223641357873,2.41540824347582,68.2364267548071
13.2964285714286,1.61051157273994,1.44230406363148,2.41425297649391,68.2375728326127
13.2965277777778,1.61037971715278,1.44237163280873,2.41309826194995,68.2387187246308
13.296626984127,1.6102478473825,1.4424391211489,2.41194409958721,68.2398644309175
13.2967261904762,1.61011596344871,1.44250652869037,2.41079048914918,68.2410099515287
13.2968253968254,1.60998406537105,1.44257385547147,2.40963743037932,68.2421552865203
13.2969246031746,1.60985215316925,1.44264110153051,2.4084849230213,68.2433004359483
13.2970238095238,1.60972022686305,1.44270826690574,2.40733296681873,68.2444453998685
13.297123015873,1.60958828647227,1.4427753516354,2.40618156151547,68.2455901783366
13.2972222222222,1.60945633201676,1.44284235575767,2.40503070685532,68.2467347714086
13.2973214285714,1.60932436351646,1.44290927931071,2.40388040258229,68.24787917914
13.2974206349206,1.60919238099131,1.44297612233264,2.40273064844038,68.2490234015866
13.2975198412698,1.60906038446134,1.44304288486153,2.40158144417378,68.2501674388039
13.297619047619,1.60892837394662,1.44310956693542,2.40043278952664,68.2513112908477
13.2977182539683,1.60879634946727,1.44317616859232,2.39928468424331,68.2524549577734
13.2978174603175,1.60866431104347,1.44324268987019,2.39813712806822,68.2535984396366
13.2979166666667,1.60853225869544,1.44330913080698,2.39699012074578,68.2547417364927
13.2980158730159,1.60840019244347,1.44337549144056,2.39584366202065,68.2558848483972
13.2981150793651,1.60826811230788,1.4434417718088,2.39469775163742,68.2570277754054
13.2982142857143,1.60813601830906,1.44350797194951,2.3935523893409,68.2581705175727
13.2983134920635,1.60800391046743,1.44357409190048,2.39240757487587,68.2593130749545
13.2984126984127,1.6078717888035,1.44364013169946,2.39126330798732,68.2604554476059
13.2985119047619,1.60773965333778,1.44370609138415,2.39011958842021,68.2615976355823
13.2986111111111,1.60760750409089,1.44377197099222,2.3889764159197,68.2627396389387
13.2987103174603,1.60747534108346,1.44383777056131,2.38783379023092,68.2638814577304
13.2988095238095,1.60734316433618,1.44390349012901,2.38669171109922,68.2650230920123
13.2989087301587,1.6072109738698,1.44396912973289,2.38555017826991,68.2661645418397
13.2990079365079,1.60707876970513,1.44403468941047,2.3844091914885,68.2673058072674
13.2991071428571,1.606946551863,1.44410016919923,2.38326875050048,68.2684468883505
13.2992063492064,1.60681432036433,1.44416556913662,2.38212885505151,68.2695877851439
13.2993055555556,1.60668207523008,1.44423088926006,2.38098950488735,68.2707284977025
13.2994047619048,1.60654981648123,1.44429612960692,2.37985069975375,68.2718690260812
13.299503968254,1.60641754413887,1.44436129021453,2.37871243939667,68.2730093703347
13.2996031746032,1.60628525822409,1.44442637112021,2.37757472356203,68.2741495305178
13.2997023809524,1.60615295875806,1.44449137236121,2.37643755199598,68.2752895066852
13.2998015873016,1.606020645762,1.44455629397475,2.37530092444461,68.2764292988917
13.2999007936508,1.60588831925717,1.44462113599804,2.37416484065424,68.2775689071919
13.3,1.60575597926489,1.44468589846822,2.37302930037115,68.2787083316403
13.3000992063492,1.60562362580653,1.4447505814224,2.37189430334183,68.2798475722915
13.3001984126984,1.60549125890352,1.44481518489767,2.37075984931274,68.2809866292001
13.3002976190476,1.60535887857733,1.44487970893107,2.36962593803055,68.2821255024205
13.3003968253968,1.60522648484949,1.4449441535596,2.36849256924188,68.2832641920072
13.300496031746,1.60509407774158,1.44500851882023,2.36735974269358,68.2844026980144
13.3005952380952,1.60496165727522,1.44507280474989,2.36622745813246,68.2855410204968
13.3006944444444,1.60482922347211,1.44513701138548,2.36509571530551,68.2866791595084
13.3007936507937,1.60469677635398,1.44520113876384,2.36396451395981,68.2878171151035
13.3008928571429,1.60456431594261,1.44526518692181,2.36283385384243,68.2889548873365
13.3009920634921,1.60443184225985,1.44532915589616,2.36170373470067,68.2900924762614
13.3010912698413,1.60429935532758,1.44539304572363,2.36057415628176,68.2912298819325
13.3011904761905,1.60416685516776,1.44545685644094,2.35944511833318,68.2923671044038
13.3012896825397,1.60403434180237,1.44552058808476,2.35831662060234,68.2935041437295
13.3013888888889,1.60390181525346,1.44558424069171,2.35718866283689,68.2946409999634
13.3014880952381,1.60376927554313,1.44564781429841,2.35606124478444,68.2957776731596
13.3015873015873,1.60363672269354,1.4457113089414,2.3549343661928,68.296914163372
13.3016865079365,1.60350415672688,1.44577472465721,2.35380802680974,68.2980504706545
13.3017857142857,1.60337157766542,1.44583806148233,2.35268222638327,68.299186595061
13.3018849206349,1.60323898553146,1.44590131945321,2.35155696466133,68.3003225366453
13.3019841269841,1.60310638034736,1.44596449860626,2.3504322413921,68.3014582954611
13.3020833333333,1.60297376213553,1.44602759897784,2.34930805632372,68.3025938715623
13.3021825396825,1.60284113091843,1.44609062060431,2.34818440920449,68.3037292650024
13.3022817460317,1.60270848671859,1.44615356352196,2.34706129978282,68.304864475835
13.302380952381,1.60257582955856,1.44621642776706,2.3459387278071,68.3059995041139
13.3024801587302,1.60244315946098,1.44627921337583,2.34481669302596,68.3071343498926
13.3025793650794,1.6023104764485,1.44634192038446,2.34369519518796,68.3082690132246
13.3026785714286,1.60217778054386,1.4464045488291,2.34257423404189,68.3094034941633
13.3027777777778,1.60204507176983,1.44646709874588,2.34145380933651,68.3105377927622
13.302876984127,1.60191235014924,1.44652957017086,2.34033392082077,68.3116719090748
13.3029761904762,1.60177961570496,1.4465919631401,2.3392145682436,68.3128058431543
13.3030753968254,1.60164686845994,1.44665427768959,2.33809575135416,68.3139395950541
13.3031746031746,1.60151410843715,1.4467165138553,2.33697746990153,68.3150731648274
13.3032738095238,1.60138133565963,1.44677867167316,2.33585972363504,68.3162065525275
13.303373015873,1.60124855015047,1.44684075117907,2.33474251230398,68.3173397582075
13.3034722222222,1.6011157519328,1.44690275240888,2.33362583565782,68.3184727819207
13.3035714285714,1.60098294102983,1.44696467539842,2.33250969344604,68.3196056237201
13.3036706349206,1.60085011746478,1.44702652018346,2.33139408541827,68.3207382836587
13.3037698412698,1.60071728126097,1.44708828679975,2.33027901132424,68.3218707617897
13.303869047619,1.60058443244174,1.44714997528299,2.32916447091367,68.3230030581659
13.3039682539683,1.60045157103048,1.44721158566887,2.3280504639365,68.3241351728403
13.3040674603175,1.60031869705066,1.44727311799301,2.32693699014263,68.3252671058659
13.3041666666667,1.60018581052577,1.447334572291,2.32582404928217,68.3263988572954
13.3042658730159,1.60005291147936,1.44739594859842,2.32471164110519,68.3275304271817
13.3043650793651,1.59991999993506,1.44745724695078,2.32359976536199,68.3286618155775
13.3044642857143,1.59978707591652,1.44751846738357,2.32248842180282,68.3297930225357
13.3045634920635,1.59965413944745,1.44757960993224,2.32137761017813,68.3309240481088
13.3046626984127,1.59952119055161,1.4476406746322,2.32026733023838,68.3320548923495
13.3047619047619,1.59938822925283,1.44770166151882,2.31915758173418,68.3331855553105
13.3048611111111,1.59925525557496,1.44776257062744,2.31804836441616,68.3343160370443
13.3049603174603,1.59912226954194,1.44782340199337,2.31693967803513,68.3354463376033
13.3050595238095,1.59898927117773,1.44788415565186,2.31583152234187,68.3365764570402
13.3051587301587,1.59885626050635,1.44794483163815,2.31472389708734,68.3377063954074
13.3052579365079,1.59872323755189,1.44800542998742,2.3136168020226,68.3388361527571
13.3053571428571,1.59859020233847,1.44806595073483,2.31251023689871,68.3399657291419
13.3054563492063,1.59845715489028,1.44812639391549,2.3114042014669,68.3410951246139
13.3055555555556,1.59832409523154,1.44818675956448,2.31029869547842,68.3422243392256
13.3056547619048,1.59819102338654,1.44824704771684,2.3091937186847,68.3433533730291
13.305753968254,1.59805793937961,1.44830725840758,2.30808927083713,68.3444822260766
13.3058531746032,1.59792484323515,1.44836739167166,2.30698535168734,68.3456108984202
13.3059523809524,1.59779173497759,1.44842744754401,2.30588196098689,68.3467393901121
13.3060515873016,1.59765861463144,1.44848742605953,2.30477909848759,68.3478677012043
13.3061507936508,1.59752548222122,1.44854732725308,2.30367676394118,68.3489958317489
13.30625,1.59739233777155,1.44860715115947,2.30257495709963,68.3501237817978
13.3063492063492,1.59725918130706,1.44866689781348,2.30147367771487,68.3512515514031
13.3064484126984,1.59712601285246,1.44872656724986,2.30037292553905,68.3523791406164
13.3065476190476,1.5969928324325,1.44878615950333,2.29927270032427,68.3535065494899
13.3066468253968,1.59685964007199,1.44884567460854,2.29817300182282,68.3546337780752
13.306746031746,1.59672643579578,1.44890511260013,2.29707382978707,68.3557608264241
13.3068452380952,1.59659321962878,1.44896447351271,2.29597518396941,68.3568876945884
13.3069444444444,1.59645999159596,1.44902375738082,2.29487706412241,68.3580143826198
13.3070436507937,1.59632675172231,1.44908296423901,2.29377946999862,68.3591408905699
13.3071428571429,1.59619350003292,1.44914209412173,2.29268240135081,68.3602672184903
13.3072420634921,1.5960602365529,1.44920114706346,2.29158585793171,68.3613933664326
13.3073412698413,1.59592696130741,1.4492601230986,2.29048983949424,68.3625193344482
13.3074404761905,1.59579367432168,1.44931902226152,2.28939434579131,68.3636451225888
13.3075396825397,1.59566037562098,1.44937784458657,2.28829937657604,68.3647707309058
13.3076388888889,1.59552706523063,1.44943659010804,2.2872049316015,68.3658961594505
13.3077380952381,1.59539374317602,1.44949525886019,2.28611101062098,68.3670214082743
13.3078373015873,1.59526040948256,1.44955385087726,2.28501761338775,68.3681464774285
13.3079365079365,1.59512706417575,1.44961236619344,2.28392473965527,68.3692713669644
13.3080357142857,1.59499370728111,1.44967080484287,2.28283238917697,68.3703960769333
13.3081349206349,1.59486033882423,1.44972916685967,2.28174056170646,68.3715206073863
13.3082341269841,1.59472695883075,1.44978745227792,2.28064925699745,68.3726449583745
13.3083333333333,1.59459356732635,1.44984566113166,2.27955847480364,68.3737691299492
13.3084325396825,1.59446016433678,1.4499037934549,2.27846821487892,68.3748931221613
13.3085317460317,1.59432674988783,1.44996184928161,2.27737847697718,68.376016935062
13.308630952381,1.59419332400535,1.4500198286457,2.27628926085251,68.377140568702
13.3087301587302,1.59405988671523,1.45007773158108,2.27520056625894,68.3782640231326
13.3088293650794,1.59392643804343,1.45013555812161,2.27411239295076,68.3793872984044
13.3089285714286,1.59379297801593,1.4501933083011,2.27302474068217,68.3805103945685
13.3090277777778,1.59365950665881,1.45025098215333,2.27193760920763,68.3816333116755
13.309126984127,1.59352602399815,1.45030857971205,2.27085099828153,68.3827560497763
13.3092261904762,1.59339253006012,1.45036610101097,2.26976490765849,68.3838786089217
13.3093253968254,1.59325902487094,1.45042354608376,2.26867933709309,68.3850009891623
13.3094246031746,1.59312550845685,1.45048091496406,2.26759428634012,68.3861231905487
13.3095238095238,1.59299198084418,1.45053820768545,2.26650975515435,68.3872452131316
13.309623015873,1.59285844205928,1.4505954242815,2.2654257432907,68.3883670569616
13.3097222222222,1.59272489212858,1.45065256478574,2.26434225050421,68.3894887220892
13.3098214285714,1.59259133107855,1.45070962923164,2.26325927654989,68.3906102085649
13.3099206349206,1.59245775893571,1.45076661765266,2.26217682118298,68.391731516439
13.3100198412698,1.59232417572662,1.45082353008221,2.26109488415868,68.3928526457621
13.310119047619,1.59219058147793,1.45088036655367,2.2600134652324,68.3939735965845
13.3102182539683,1.59205697621629,1.45093712710037,2.25893256415952,68.3950943689565
13.3103174603175,1.59192335996845,1.4509938117556,2.25785218069561,68.3962149629284
13.3104166666667,1.59178973276119,1.45105042055265,2.25677231459624,68.3973353785504
13.3105158730159,1.59165609462134,1.45110695352473,2.25569296561716,68.3984556158728
13.3106150793651,1.59152244557577,1.45116341070503,2.25461413351411,68.3995756749456
13.3107142857143,1.59138878565145,1.4512197921267,2.25353581804302,68.400695555819
13.3108134920635,1.59125511487534,1.45127609782287,2.25245801895981,68.4018152585431
13.3109126984127,1.5911214332745,1.4513323278266,2.25138073602058,68.4029347831679
13.3110119047619,1.59098774087601,1.45138848217094,2.25030396898141,68.4040541297434
13.3111111111111,1.59085403770703,1.4514445608889,2.24922771759858,68.4051732983195
13.3112103174603,1.59072032379475,1.45150056401344,2.24815198162843,68.4062922889462
13.3113095238095,1.59058659916642,1.4515564915775,2.24707676082731,68.4074111016732
13.3114087301587,1.59045286384935,1.45161234361395,2.24600205495178,68.4085297365505
13.3115079365079,1.59031911787088,1.45166812015567,2.24492786375836,68.4096481936279
13.3116071428571,1.59018536125843,1.45172382123547,2.24385418700377,68.4107664729549
13.3117063492064,1.59005159403944,1.45177944688613,2.24278102444474,68.4118845745814
13.3118055555556,1.58991781624143,1.4518349971404,2.24170837583816,68.413002498557
13.3119047619048,1.58978402789197,1.45189047203099,2.24063624094092,68.4141202449314
13.312003968254,1.58965022901867,1.45194587159056,2.23956461951009,68.415237813754
13.3121031746032,1.58951641964918,1.45200119585176,2.23849351130274,68.4163552050745
13.3122023809524,1.58938259981124,1.45205644484717,2.23742291607613,68.4174724189423
13.3123015873016,1.58924876953261,1.45211161860936,2.23635283358749,68.4185894554069
13.3124007936508,1.58911492884111,1.45216671717085,2.23528326359425,68.4197063145176
13.3125,1.58898107776461,1.45222174056413,2.23421420585384,68.4208229963239
13.3125992063492,1.58884721633105,1.45227668882164,2.23314566012382,68.4219395008751
13.3126984126984,1.58871334456841,1.4523315619758,2.23207762616189,68.4230558282204
13.3127976190476,1.5885794625047,1.45238636005898,2.2310101037257,68.4241719784092
13.3128968253968,1.58844557016802,1.45244108310352,2.22994309257315,68.4252879514905
13.312996031746,1.58831166758649,1.45249573114173,2.22887659246208,68.4264037475135
13.3130952380952,1.58817775478831,1.45255030420585,2.22781060315055,68.4275193665275
13.3131944444444,1.58804383180171,1.45260480232812,2.22674512439658,68.4286348085814
13.3132936507936,1.58790989865498,1.45265922554074,2.22568015595842,68.4297500737242
13.3133928571429,1.58777595537647,1.45271357387584,2.22461569759426,68.430865162005
13.3134920634921,1.58764200199457,1.45276784736556,2.22355174906251,68.4319800734728
13.3135912698413,1.58750803853772,1.45282204604196,2.22248831012156,68.4330948081764
13.3136904761905,1.58737406503443,1.45287616993709,2.22142538052999,68.4342093661647
13.3137896825397,1.58724008151324,1.45293021908294,2.22036296004635,68.4353237474865
13.3138888888889,1.58710608800276,1.4529841935115,2.21930104842942,68.4364379521906
13.3139880952381,1.58697208453164,1.45303809325469,2.21823964543792,68.4375519803258
13.3140873015873,1.58683807112858,1.4530919183444,2.21717875083077,68.4386658319408
13.3141865079365,1.58670404782236,1.45314566881249,2.21611836436696,68.4397795070842
13.3142857142857,1.58657001464177,1.45319934469077,2.21505848580549,68.4408930058046
13.3143849206349,1.58643597161568,1.45325294601104,2.21399911490558,68.4420063281506
13.3144841269841,1.586301918773,1.45330647280503,2.21294025142638,68.4431194741707
13.3145833333333,1.58616785614271,1.45335992510445,2.21188189512729,68.4442324439135
13.3146825396825,1.58603378375381,1.45341330294098,2.21082404576766,68.4453452374274
13.3147817460317,1.58589970163539,1.45346660634624,2.20976670310704,68.4464578547608
13.314880952381,1.58576560981656,1.45351983535184,2.20870986690496,68.4475702959621
13.3149801587302,1.58563150832649,1.45357298998933,2.20765353692116,68.4486825610796
13.3150793650794,1.58549739719442,1.45362607029024,2.20659771291534,68.4497946501616
13.3151785714286,1.58536327644962,1.45367907628606,2.20554239464742,68.4509065632563
13.3152777777778,1.58522914612143,1.45373200800822,2.20448758187727,68.452018300412
13.315376984127,1.58509500623922,1.45378486548815,2.20343327436499,68.4531298616767
13.3154761904762,1.58496085683243,1.45383764875722,2.20237947187063,68.4542412470987
13.3155753968254,1.58482669793055,1.45389035784676,2.20132617415442,68.4553524567259
13.3156746031746,1.58469252956312,1.45394299278808,2.2002733809767,68.4564634906065
13.3157738095238,1.58455835175972,1.45399555361243,2.19922109209778,68.4575743487885
13.315873015873,1.58442416455001,1.45404804035106,2.19816930727819,68.4586850313197
13.3159722222222,1.58428996796366,1.45410045303514,2.19711802627843,68.4597955382481
13.3160714285714,1.58415576203045,1.45415279169583,2.19606724885922,68.4609058696215
13.3161706349206,1.58402154678015,1.45420505636424,2.19501697478122,68.4620160254879
13.3162698412698,1.58388732224263,1.45425724707145,2.19396720380531,68.463126005895
13.316369047619,1.58375308844778,1.45430936384851,2.19291793569236,68.4642358108905
13.3164682539683,1.58361884542557,1.45436140672641,2.19186917020342,68.4653454405221
13.3165674603175,1.58348459320599,1.45441337573613,2.19082090709953,68.4664548948375
13.3166666666667,1.58335033181911,1.4544652709086,2.1897731461419,68.4675641738844
13.3167658730159,1.58321606129503,1.4545170922747,2.18872588709176,68.4686732777102
13.3168650793651,1.58308178166393,1.4545688398653,2.18767912971052,68.4697822063626
13.3169642857143,1.58294749295601,1.45462051371121,2.18663287375955,68.4708909598891
13.3170634920635,1.58281319520154,1.45467211384321,2.18558711900043,68.471999538337
13.3171626984127,1.58267888843085,1.45472364029205,2.18454186519478,68.4731079417538
13.3172619047619,1.5825445726743,1.45477509308845,2.18349711210428,68.4742161701869
13.3173611111111,1.58241024796232,1.45482647226306,2.18245285949076,68.4753242236836
13.3174603174603,1.58227591432538,1.45487777784653,2.18140910711605,68.4764321022913
13.3175595238095,1.58214157179401,1.45492900986944,2.18036585474218,68.477539806057
13.3176587301587,1.58200722039879,1.45498016836237,2.17932310213117,68.4786473350281
13.3177579365079,1.58187286017035,1.45503125335582,2.1782808490452,68.4797546892517
13.3178571428571,1.58173849113937,1.4550822648803,2.17723909524646,68.480861868775
13.3179563492063,1.5816041133366,1.45513320296624,2.17619784049734,68.481968873645
13.3180555555556,1.58146972679281,1.45518406764406,2.17515708456018,68.4830757039088
13.3181547619048,1.58133533153884,1.45523485894413,2.17411682719755,68.4841823596133
13.318253968254,1.58120092760559,1.4552855768968,2.17307706817199,68.4852888408056
13.3183531746032,1.58106651502401,1.45533622153235,2.17203780724621,68.4863951475324
13.3184523809524,1.58093209382507,1.45538679288106,2.17099904418295,68.4875012798408
13.3185515873016,1.58079766403985,1.45543729097316,2.16996077874507,68.4886072377775
13.3186507936508,1.58066322569942,1.45548771583882,2.16892301069555,68.4897130213894
13.31875,1.58052877883495,1.4555380675082,2.16788573979737,68.4908186307231
13.3188492063492,1.58039432347764,1.45558834601142,2.1668489658137,68.4919240658254
13.3189484126984,1.58025985965875,1.45563855137856,2.16581268850769,68.493029326743
13.3190476190476,1.58012538740957,1.45568868363966,2.1647769076427,68.4941344135225
13.3191468253968,1.57999090676148,1.45573874282472,2.16374162298206,68.4952393262104
13.319246031746,1.57985641774588,1.45578872896371,2.16270683428928,68.4963440648533
13.3193452380952,1.57972192039424,1.45583864208655,2.16167254132789,68.4974486294978
13.3194444444444,1.57958741473807,1.45588848222315,2.16063874386158,68.4985530201901
13.3195436507937,1.57945290080894,1.45593824940336,2.15960544165403,68.4996572369769
13.3196428571429,1.57931837863847,1.45598794365699,2.15857263446914,68.5007612799044
13.3197420634921,1.57918384825833,1.45603756501384,2.15754032207075,68.5018651490191
13.3198412698413,1.57904930970025,1.45608711350364,2.15650850422293,68.502968844367
13.3199404761905,1.578914762996,1.4561365891561,2.15547718068971,68.5040723659947
13.3200396825397,1.57878020817741,1.4561859920009,2.1544463512353,68.5051757139482
13.3201388888889,1.57864564527636,1.45623532206766,2.15341601562399,68.5062788882736
13.3202380952381,1.57851107432478,1.45628457938598,2.15238617362009,68.5073818890173
13.3203373015873,1.57837649535466,1.45633376398543,2.15135682498809,68.5084847162251
13.3204365079365,1.57824190839803,1.45638287589553,2.15032796949248,68.5095873699432
13.3205357142857,1.57810731348698,1.45643191514575,2.14929960689792,68.5106898502176
13.3206349206349,1.57797271065364,1.45648088176556,2.14827173696908,68.5117921570942
13.3207341269841,1.57783809993022,1.45652977578436,2.1472443594708,68.5128942906189
13.3208333333333,1.57770348134896,1.45657859723153,2.14621747416792,68.5139962508377
13.3209325396825,1.57756885494214,1.4566273461364,2.14519108082547,68.5150980377963
13.3210317460317,1.57743422074213,1.45667602252827,2.14416517920845,68.5161996515406
13.321130952381,1.57729957878131,1.45672462643642,2.14313976908207,68.5173010921163
13.3212301587302,1.57716492909215,1.45677315789006,2.14211485021151,68.5184023595691
13.3213293650794,1.57703027170715,1.45682161691838,2.14109042236216,68.5195034539446
13.3214285714286,1.57689560665885,1.45687000355054,2.14006648529937,68.5206043752886
13.3215277777778,1.57676093397987,1.45691831781565,2.13904303878869,68.5217051236466
13.321626984127,1.57662625370288,1.45696655974278,2.13802008259572,68.5228056990641
13.3217261904762,1.57649156586058,1.457014729361,2.1369976164861,68.5239061015867
13.3218253968254,1.57635687048574,1.45706282669928,2.13597564022564,68.5250063312598
13.3219246031746,1.57622216761117,1.45711085178661,2.13495415358016,68.5261063881288
13.3220238095238,1.57608745726975,1.45715880465191,2.13393315631565,68.5272062722391
13.322123015873,1.57595273949439,1.45720668532407,2.13291264819808,68.5283059836361
13.3222222222222,1.57581801431806,1.45725449383196,2.13189262899365,68.5294055223649
13.3223214285714,1.57568328177379,1.45730223020439,2.1308730984685,68.530504888471
13.3224206349206,1.57554854189466,1.45734989447014,2.12985405638898,68.5316040819995
13.3225198412698,1.57541379471379,1.45739748665795,2.12883550252144,68.5327031029956
13.322619047619,1.57527904026436,1.45744500679654,2.1278174366324,68.5338019515043
13.3227182539683,1.57514427857962,1.45749245491458,2.12679985848836,68.5349006275709
13.3228174603175,1.57500950969283,1.4575398310407,2.12578276785604,68.5359991312403
13.3229166666667,1.57487473363734,1.45758713520349,2.12476616450213,68.5370974625576
13.3230158730159,1.57473995044654,1.45763436743152,2.12375004819347,68.5381956215676
13.3231150793651,1.57460516015387,1.45768152775331,2.12273441869701,68.5392936083154
13.3232142857143,1.57447036279282,1.45772861619734,2.12171927577971,68.5403914228458
13.3233134920635,1.57433555839693,1.45777563279207,2.12070461920871,68.5414890652036
13.3234126984127,1.57420074699981,1.4578225775659,2.11969044875113,68.5425865354337
13.3235119047619,1.57406592863509,1.45786945054721,2.11867676417431,68.5436838335808
13.3236111111111,1.57393110333649,1.45791625176433,2.11766356524555,68.5447809596896
13.3237103174603,1.57379627113775,1.45796298124557,2.11665085173235,68.5458779138047
13.3238095238095,1.57366143207267,1.4580096390192,2.11563862340219,68.546974695971
13.3239087301587,1.57352658617513,1.45805622511343,2.11462688002274,68.5480713062327
13.3240079365079,1.57339173347901,1.45810273955645,2.11361562136167,68.5491677446347
13.3241071428571,1.5732568740183,1.45814918237642,2.11260484718683,68.5502640112213
13.3242063492063,1.57312200782699,1.45819555360146,2.11159455726606,68.5513601060371
13.3243055555556,1.57298713493915,1.45824185325964,2.11058475136738,68.5524560291263
13.3244047619048,1.5728522553889,1.458288081379,2.10957542925881,68.5535517805336
13.324503968254,1.57271736921041,1.45833423798755,2.10856659070852,68.5546473603031
13.3246031746032,1.5725824764379,1.45838032311325,2.10755823548479,68.5557427684791
13.3247023809524,1.57244757710564,1.45842633678404,2.10655036335589,68.556838005106
13.3248015873016,1.57231267124796,1.4584722790278,2.10554297409029,68.5579330702279
13.3249007936508,1.57217775889923,1.4585181498724,2.10453606745645,68.5590279638891
13.325,1.57204284009389,1.45856394934565,2.10352964322302,68.5601226861335
13.3250992063492,1.57190791486641,1.45860967747533,2.10252370115862,68.5612172370054
13.3251984126984,1.57177298325133,1.45865533428919,2.10151824103208,68.5623116165488
13.3252976190476,1.57163804528323,1.45870091981493,2.10051326261221,68.5634058248077
13.3253968253968,1.57150310099675,1.45874643408024,2.099508765668,68.5644998618261
13.325496031746,1.57136815042658,1.45879187711273,2.09850474996845,68.5655937276479
13.3255952380952,1.57123319360746,1.45883724894002,2.09750121528273,68.5666874223168
13.3256944444444,1.57109823057419,1.45888254958965,2.09649816137999,68.567780945877
13.3257936507936,1.5709632613616,1.45892777908915,2.0954955880296,68.568874298372
13.3258928571429,1.5708282860046,1.458972937466,2.09449349500089,68.5699674798457
13.3259920634921,1.57069330453813,1.45901802474766,2.09349188206336,68.5710604903418
13.3260912698413,1.5705583169972,1.45906304096154,2.09249074898662,68.572153329904
13.3261904761905,1.57042332341686,1.459107986135,2.09149009554025,68.5732459985758
13.3262896825397,1.57028832383222,1.45915286029539,2.09048992149405,68.574338496401
13.3263888888889,1.57015331827842,1.45919766347001,2.08949022661781,68.5754308234229
13.3264880952381,1.57001830679069,1.45924239568612,2.0884910106815,68.5765229796853
13.3265873015873,1.56988328940429,1.45928705697095,2.08749227345507,68.5776149652314
13.3266865079365,1.56974826615452,1.45933164735169,2.08649401470867,68.5787067801048
13.3267857142857,1.56961323707675,1.45937616685548,2.08549623421243,68.5797984243488
13.3268849206349,1.5694782022064,1.45942061550945,2.08449893173668,68.5808898980067
13.3269841269841,1.56934316157894,1.45946499334067,2.08350210705173,68.581981201122
13.3270833333333,1.56920811522989,1.45950930037618,2.08250575992807,68.5830723337378
13.3271825396825,1.56907306319483,1.45955353664299,2.0815098901362,68.5841632958973
13.3272817460317,1.56893800550938,1.45959770216807,2.08051449744679,68.5852540876437
13.327380952381,1.56880294220921,1.45964179697834,2.0795195816305,68.5863447090203
13.3274801587302,1.56866787333006,1.45968582110069,2.07852514245816,68.5874351600699
13.3275793650794,1.56853279890771,1.45972977456199,2.0775311797007,68.5885254408358
13.3276785714286,1.56839771897799,1.45977365738906,2.07653769312903,68.5896155513609
13.3277777777778,1.56826263357679,1.45981746960866,2.07554468251428,68.5907054916882
13.327876984127,1.56812754274004,1.45986121124756,2.07455214762755,68.5917952618606
13.3279761904762,1.56799244650375,1.45990488233245,2.07356008824014,68.592884861921
13.3280753968254,1.56785734490393,1.45994848289001,2.07256850412333,68.5939742919123
13.3281746031746,1.56772223797671,1.45999201294687,2.07157739504858,68.5950635518771
13.3282738095238,1.5675871257582,1.46003547252962,2.07058676078737,68.5961526418585
13.328373015873,1.56745200828463,1.46007886166484,2.06959660111133,68.5972415618989
13.3284722222222,1.56731688559222,1.46012218037903,2.0686069157921,68.5983303120412
13.3285714285714,1.56718175771729,1.46016542869869,2.06761770460151,68.5994188923279
13.3286706349206,1.5670466246962,1.46020860665026,2.06662896731136,68.6005073028016
13.3287698412698,1.56691148656534,1.46025171426016,2.06564070369367,68.601595543505
13.328869047619,1.56677634336117,1.46029475155476,2.06465291352041,68.6026836144804
13.3289682539683,1.56664119512021,1.46033771856039,2.06366559656374,68.6037715157705
13.3290674603175,1.56650604187902,1.46038061530336,2.06267875259591,68.6048592474175
13.3291666666667,1.5663708836742,1.46042344180994,2.06169238138915,68.6059468094639
13.3292658730159,1.56623572054243,1.46046619810634,2.06070648271593,68.6070342019521
13.3293650793651,1.56610055252043,1.46050888421875,2.05972105634866,68.6081214249243
13.3294642857143,1.56596537964496,1.46055150017333,2.05873610205997,68.6092084784229
13.3295634920635,1.56583020195285,1.4605940459962,2.05775161962247,68.61029536249
13.3296626984127,1.56569501948097,1.46063652171343,2.05676760880894,68.6113820771677
13.3297619047619,1.56555983226624,1.46067892735106,2.05578406939217,68.6124686224984
13.3298611111111,1.56542464034565,1.46072126293509,2.05480100114515,68.6135549985239
13.3299603174603,1.56528944375623,1.46076352849151,2.05381840384081,68.6146412052865
13.3300595238095,1.56515424253505,1.46080572404622,2.05283627725232,68.6157272428281
13.3301587301587,1.56501903671925,1.46084784962513,2.05185462115282,68.6168131111907
13.3302579365079,1.56488382634603,1.46088990525409,2.05087343531562,68.6178988104162
13.3303571428571,1.56474861145261,1.46093189095892,2.04989271951403,68.6189843405466
13.3304563492064,1.56461339207628,1.46097380676541,2.04891247352155,68.6200697016235
13.3305555555556,1.5644781682544,1.46101565269929,2.04793269711173,68.621154893689
13.3306547619048,1.56434294002435,1.46105742878628,2.04695339005815,68.6222399167847
13.330753968254,1.56420770742358,1.46109913505205,2.04597455213458,68.6233247709523
13.3308531746032,1.56407247048959,1.46114077152222,2.04499618311477,68.6244094562335
13.3309523809524,1.56393722925992,1.4611823382224,2.04401828277267,68.62549397267
13.3310515873016,1.56380198377219,1.46122383517815,2.0430408508822,68.6265783203035
13.3311507936508,1.56366673406404,1.46126526241498,2.0420638872175,68.6276624991753
13.33125,1.56353148017319,1.46130661995839,2.04108739155266,68.628746509327
13.3313492063492,1.56339622213739,1.46134790783382,2.04011136366199,68.6298303508002
13.3314484126984,1.56326095999444,1.46138912606668,2.03913580331976,68.6309140236363
13.3315476190476,1.56312569378223,1.46143027468235,2.03816071030046,68.6319975278765
13.3316468253968,1.56299042353864,1.46147135370617,2.03718608437854,68.6330808635624
13.331746031746,1.56285514930167,1.46151236316343,2.03621192532865,68.6341640307351
13.3318452380952,1.56271987110932,1.4615533030794,2.03523823292544,68.6352470294361
13.3319444444444,1.56258458899966,1.4615941734793,2.0342650069437,68.6363298597064
13.3320436507937,1.56244930301082,1.46163497438833,2.03329224715833,68.6374125215873
13.3321428571429,1.56231401318097,1.46167570583164,2.03231995334422,68.6384950151199
13.3322420634921,1.56217871954834,1.46171636783433,2.03134812527647,68.6395773403453
13.3323412698413,1.56204342215121,1.4617569604215,2.03037676273015,68.6406594973046
13.3324404761905,1.56190812102791,1.46179748361818,2.02940586548055,68.6417414860388
13.3325396825397,1.56177281621681,1.46183793744937,2.02843543330291,68.6428233065888
13.3326388888889,1.56163750775637,1.46187832194004,2.02746546597267,68.6439049589956
13.3327380952381,1.56150219568505,1.46191863711512,2.02649596326528,68.6449864433002
13.3328373015873,1.56136688004141,1.46195888299951,2.02552692495634,68.6460677595432
13.3329365079365,1.56123156086403,1.46199905961805,2.02455835082148,68.6471489077656
13.3330357142857,1.56109623819156,1.46203916699558,2.02359024063649,68.6482298880081
13.3331349206349,1.56096091206268,1.46207920515686,2.02262259417715,68.6493107003115
13.3332341269841,1.56082558251616,1.46211917412665,2.02165541121945,68.6503913447164
13.3333333333333,1.56069024959077,1.46215907392965,2.02068869153934,68.6514718212635
13.3334325396825,1.56055491332539,1.46219890459054,2.01972243491295,68.6525521299934
13.3335317460317,1.56041957375891,1.46223866613394,2.01875664111649,68.6536322709465
13.333630952381,1.56028423093028,1.46227835858446,2.01779130992619,68.6547122441636
13.3337301587302,1.56014888487852,1.46231798196664,2.01682644111848,68.6557920496849
13.3338293650794,1.56001353564267,1.46235753630503,2.01586203446974,68.6568716875511
13.3339285714286,1.55987818326186,1.46239702162409,2.01489808975659,68.6579511578023
13.3340277777778,1.55974282777525,1.46243643794829,2.01393460675558,68.6590304604791
13.334126984127,1.55960746922205,1.46247578530202,2.01297158524351,68.6601095956217
13.3342261904762,1.55947210764152,1.46251506370967,2.01200902499712,68.6611885632704
13.3343253968254,1.55933674307299,1.46255427319557,2.01104692579335,68.6622673634654
13.3344246031746,1.55920137555583,1.46259341378402,2.01008528740916,68.663345996247
13.3345238095238,1.55906600512947,1.46263248549929,2.00912410962165,68.6644244616551
13.334623015873,1.55893063183337,1.4626714883656,2.00816339220793,68.6655027597301
13.3347222222222,1.55879525570707,1.46271042240714,2.00720313494531,68.6665808905118
13.3348214285714,1.55865987679013,1.46274928764807,2.00624333761108,68.6676588540404
13.3349206349206,1.55852449512221,1.46278808411249,2.00528399998268,68.6687366503558
13.3350198412698,1.55838911074297,1.46282681182448,2.00432512183766,68.6698142794979
13.335119047619,1.55825372369216,1.4628654708081,2.00336670295357,68.6708917415067
13.3352182539683,1.55811833400956,1.46290406108733,2.00240874310814,68.6719690364219
13.3353174603175,1.55798294173501,1.46294258268615,2.00145124207911,68.6730461642835
13.3354166666667,1.55784754690841,1.46298103562849,2.00049419964439,68.6741231251312
13.3355158730159,1.55771214956969,1.46301941993824,1.9995376155819,68.6751999190046
13.3356150793651,1.55757674975885,1.46305773563926,1.99858148966971,68.6762765459436
13.3357142857143,1.55744134751594,1.46309598275536,1.99762582168593,68.6773530059877
13.3358134920635,1.55730594288107,1.46313416131032,1.99667061140881,68.6784292991766
13.3359126984127,1.55717053589436,1.4631722713279,1.99571585861662,68.6795054255497
13.3360119047619,1.55703512659605,1.4632103128318,1.9947615630878,68.6805813851467
13.3361111111111,1.55689971502637,1.46324828584568,1.99380772460079,68.6816571780071
13.3362103174603,1.55676430122565,1.46328619039319,1.99285434293421,68.6827328041701
13.3363095238095,1.55662888523423,1.46332402649792,1.99190141786667,68.6838082636753
13.3364087301587,1.55649346709252,1.46336179418343,1.99094894917696,68.6848835565621
13.3365079365079,1.55635804684101,1.46339949347323,1.98999693664393,68.6859586828696
13.3366071428571,1.55622262452018,1.46343712439083,1.98904538004647,68.6870336426372
13.3367063492063,1.55608720017063,1.46347468695965,1.98809427916363,68.6881084359042
13.3368055555556,1.55595177383296,1.46351218120313,1.98714363377447,68.6891830627096
13.3369047619048,1.55581634554785,1.46354960714462,1.98619344365823,68.6902575230927
13.337003968254,1.55568091535602,1.46358696480748,1.98524370859415,68.6913318170926
13.3371031746032,1.55554548329825,1.46362425421499,1.98429442836163,68.6924059447483
13.3372023809524,1.55541004941536,1.46366147539042,1.9833456027401,68.6934799060989
13.3373015873016,1.55527461374825,1.46369862835699,1.98239723150914,68.6945537011832
13.3374007936508,1.55513917633782,1.46373571313791,1.98144931444834,68.6956273300404
13.3375,1.55500373722508,1.46377272975631,1.98050185133746,68.6967007927092
13.3375992063492,1.55486829645105,1.46380967823531,1.97955484195628,68.6977740892286
13.3376984126984,1.55473285405684,1.463846558598,1.97860828608473,68.6988472196373
13.3377976190476,1.55459741008356,1.46388337086741,1.97766218350276,68.6999201839741
13.3378968253968,1.55446196457242,1.46392011506654,1.97671653399047,68.7009929822778
13.337996031746,1.55432651756467,1.46395679121837,1.97577133732804,68.702065614587
13.3380952380952,1.55419106910159,1.46399339934582,1.97482659329567,68.7031380809404
13.3381944444444,1.55405561922454,1.46402993947178,1.97388230167376,68.7042103813766
13.3382936507937,1.55392016797492,1.46406641161911,1.97293846224268,68.7052825159341
13.3383928571429,1.55378471539417,1.46410281581064,1.971995074783,68.7063544846516
13.3384920634921,1.5536492615238,1.46413915206913,1.97105213907528,68.7074262875674
13.3385912698413,1.55351380640538,1.46417542041734,1.97010965490026,68.70849792472
13.3386904761905,1.5533783500805,1.46421162087798,1.96916762203867,68.7095693961479
13.3387896825397,1.55324289259083,1.46424775347371,1.96822604027142,68.7106407018893
13.3388888888889,1.55310743397808,1.46428381822716,1.96728490937944,68.7117118419826
13.3389880952381,1.55297197428401,1.46431981516094,1.96634422914381,68.712782816466
13.3390873015873,1.55283651355044,1.4643557442976,1.96540399934562,68.7138536253779
13.3391865079365,1.55270105181924,1.46439160565967,1.96446421976615,68.7149242687563
13.3392857142857,1.55256558913233,1.46442739926963,1.96352489018664,68.7159947466395
13.3393849206349,1.55243012553168,1.46446312514993,1.96258601038854,68.7170650590655
13.3394841269841,1.55229466105931,1.46449878332297,1.96164758015335,68.7181352060725
13.3395833333333,1.55215919575731,1.46453437381115,1.9607095992626,68.7192051876984
13.3396825396825,1.5520237296678,1.46456989663678,1.959772067498,68.7202750039812
13.3397817460317,1.55188826283296,1.46460535182218,1.95883498464126,68.7213446549589
13.339880952381,1.55175279529502,1.4646407393896,1.95789835047427,68.7224141406693
13.3399801587302,1.55161732709627,1.46467605936127,1.9569621647789,68.7234834611504
13.3400793650794,1.55148185827905,1.46471131175938,1.95602642733723,68.72455261644
13.3401785714286,1.55134638888574,1.46474649660608,1.95509113793131,68.7256216065757
13.3402777777778,1.55121091895879,1.46478161392349,1.95415629634339,68.7266904315954
13.340376984127,1.55107544854068,1.46481666373369,1.9532219023557,68.7277590915369
13.3404761904762,1.55093997767396,1.46485164605871,1.95228795575065,68.7288275864375
13.3405753968254,1.55080450640123,1.46488656092056,1.95135445631067,68.7298959163352
13.3406746031746,1.55066903476514,1.46492140834121,1.95042140381834,68.7309640812672
13.3407738095238,1.55053356280839,1.46495618834258,1.94948879805626,68.7320320812714
13.340873015873,1.55039809057372,1.46499090094658,1.94855663880717,68.733099916385
13.3409722222222,1.55026261810395,1.46502554617504,1.94762492585391,68.7341675866455
13.3410714285714,1.55012714544193,1.4650601240498,1.94669365897933,68.7352350920905
13.3411706349206,1.54999167263058,1.46509463459263,1.94576283796647,68.7363024327571
13.3412698412698,1.54985619971284,1.46512907782529,1.94483246259837,68.7373696086827
13.341369047619,1.54972072673175,1.46516345376947,1.94390253265822,68.7384366199047
13.3414682539683,1.54958525373034,1.46519776244684,1.94297304792925,68.7395034664602
13.3415674603175,1.54944978075176,1.46523200387905,1.94204400819484,68.7405701483864
13.3416666666667,1.54931430783916,1.46526617808769,1.94111541323837,68.7416366657206
13.3417658730159,1.54917883503577,1.46530028509431,1.94018726284341,68.7427030184997
13.3418650793651,1.54904336238486,1.46533432492043,1.93925955679352,68.743769206761
13.3419642857143,1.54890788992975,1.46536829758756,1.93833229487244,68.7448352305413
13.3420634920635,1.54877241771382,1.46540220311712,1.93740547686392,68.7459010898777
13.3421626984127,1.54863694578051,1.46543604153054,1.93647910255186,68.7469667848072
13.3422619047619,1.54850147417328,1.46546981284919,1.93555317172019,68.7480323153666
13.3423611111111,1.54836600293568,1.4655035170944,1.93462768415297,68.7490976815929
13.3424603174603,1.54823053211129,1.46553715428747,1.93370263963438,68.7501628835227
13.3425595238095,1.54809506174375,1.46557072444967,1.93277803794857,68.751227921193
13.3426587301587,1.54795959187674,1.46560422760223,1.93185387887993,68.7522927946404
13.3427579365079,1.54782412255401,1.46563766376633,1.9309301622128,68.7533575039017
13.3428571428571,1.54768865381935,1.46567103296312,1.93000688773171,68.7544220490134
13.3429563492064,1.54755318571661,1.46570433521373,1.92908405522121,68.7554864300123
13.3430555555556,1.54741771828968,1.46573757053922,1.928161664466,68.7565506469349
13.3431547619048,1.54728225158251,1.46577073896064,1.9272397152508,68.7576146998177
13.343253968254,1.54714678563911,1.46580384049899,1.92631820736049,68.7586785886971
13.3433531746032,1.54701132050352,1.46583687517523,1.92539714057997,68.7597423136098
13.3434523809524,1.54687585621986,1.46586984301031,1.92447651469429,68.760805874592
13.3435515873016,1.54674039283227,1.46590274402511,1.92355632948852,68.7618692716801
13.3436507936508,1.54660493038498,1.46593557824048,1.9226365847479,68.7629325049105
13.34375,1.54646946892224,1.46596834567725,1.92171728025767,68.7639955743194
13.3438492063492,1.54633400848835,1.4660010463562,1.92079841580324,68.765058479943
13.3439484126984,1.54619854912771,1.46603368029807,1.91987999117008,68.7661212218177
13.3440476190476,1.5460630908847,1.46606624752357,1.91896200614369,68.7671837999794
13.3441468253968,1.54592763380382,1.46609874805336,1.91804446050978,68.7682462144644
13.344246031746,1.54579217792957,1.46613118190809,1.917127354054,68.7693084653087
13.3443452380952,1.54565672330654,1.46616354910835,1.91621068656223,68.7703705525484
13.3444444444444,1.54552126997934,1.46619584967469,1.91529445782032,68.7714324762194
13.3445436507936,1.54538581799265,1.46622808362765,1.91437866761431,68.7724942363577
13.3446428571429,1.54525036739121,1.4662602509877,1.91346331573024,68.7735558329991
13.3447420634921,1.5451149182198,1.46629235177529,1.91254840195431,68.7746172661797
13.3448412698413,1.54497947052325,1.46632438601084,1.91163392607275,68.7756785359351
13.3449404761905,1.54484402434645,1.46635635371472,1.91071988787194,68.7767396423012
13.3450396825397,1.54470857973432,1.46638825490726,1.90980628713826,68.7778005853137
13.3451388888889,1.54457313673188,1.46642008960877,1.90889312365829,68.7788613650082
13.3452380952381,1.54443769538414,1.46645185783951,1.90798039721859,68.7799219814206
13.3453373015873,1.54430225573622,1.46648355961971,1.90706810760588,68.7809824345864
13.3454365079365,1.54416681783325,1.46651519496955,1.90615625460698,68.7820427245411
13.3455357142857,1.54403138172043,1.46654676390918,1.9052448380087,68.7831028513203
13.3456349206349,1.54389594744302,1.46657826645872,1.90433385759806,68.7841628149594
13.3457341269841,1.54376051504631,1.46660970263826,1.90342331316207,68.785222615494
13.3458333333333,1.54362508457566,1.46664107246782,1.90251320448791,68.7862822529595
13.3459325396825,1.54348965607647,1.46667237596742,1.90160353136276,68.7873417273912
13.3460317460317,1.54335422959421,1.46670361315701,1.90069429357398,68.7884010388244
13.346130952381,1.54321880517438,1.46673478405654,1.89978549090894,68.7894601872944
13.3462301587302,1.54308338286254,1.46676588868588,1.89887712315518,68.7905191728365
13.3463293650794,1.54294796270431,1.46679692706491,1.89796919010022,68.7915779954859
13.3464285714286,1.54281254474536,1.46682789921343,1.89706169153178,68.7926366552776
13.3465277777778,1.5426771290314,1.46685880515122,1.89615462723759,68.793695152247
13.346626984127,1.5425417156082,1.46688964489804,1.89524799700552,68.7947534864289
13.3467261904762,1.54240630452158,1.46692041847359,1.89434180062346,68.7958116578586
13.3468253968254,1.54227089581743,1.46695112589754,1.89343603787948,68.7968696665708
13.3469246031746,1.54213548954166,1.46698176718952,1.89253070856168,68.7979275126007
13.3470238095238,1.54200008574025,1.46701234236913,1.89162581245824,68.7989851959831
13.347123015873,1.54186468445924,1.46704285145593,1.89072134935749,68.8000427167528
13.3472222222222,1.5417292857447,1.46707329446944,1.88981731904775,68.8011000749448
13.3473214285714,1.54159388964278,1.46710367142914,1.88891372131754,68.8021572705938
13.3474206349206,1.54145849619965,1.46713398235449,1.88801055595535,68.8032143037345
13.3475198412698,1.54132310546155,1.4671642272649,1.88710782274989,68.8042711744016
13.347619047619,1.54118771747478,1.46719440617973,1.88620552148983,68.8053278826299
13.3477182539683,1.54105233228568,1.46722451911833,1.88530365196404,68.8063844284539
13.3478174603175,1.54091694994064,1.4672545661,1.88440221396137,68.8074408119082
13.3479166666667,1.54078157048611,1.46728454714399,1.88350120727088,68.8084970330273
13.3480158730159,1.54064619396858,1.46731446226954,1.88260063168158,68.8095530918457
13.3481150793651,1.54051082043462,1.46734431149584,1.88170048698271,68.810608988398
13.3482142857143,1.54037544993081,1.46737409484203,1.88080077296347,68.8116647227184
13.3483134920635,1.54024008250381,1.46740381232723,1.87990148941323,68.8127202948415
13.3484126984127,1.54010471820034,1.46743346397052,1.87900263612146,68.8137757048014
13.3485119047619,1.53996935706714,1.46746304979094,1.87810421287763,68.8148309526325
13.3486111111111,1.53983399915104,1.46749256980749,1.8772062194714,68.8158860383691
13.3487103174603,1.53969864449889,1.46752202403914,1.87630865569243,68.8169409620453
13.3488095238095,1.53956329315761,1.46755141250482,1.87541152133054,68.8179957236952
13.3489087301587,1.53942794517416,1.46758073522342,1.87451481617558,68.8190503233532
13.3490079365079,1.53929260059556,1.46760999221379,1.87361854001755,68.8201047610531
13.3491071428571,1.53915725946889,1.46763918349477,1.87272269264646,68.821159036829
13.3492063492063,1.53902192184126,1.46766830908511,1.8718272738525,68.822213150715
13.3493055555556,1.53888658775985,1.46769736900359,1.87093228342586,68.823267102745
13.3494047619048,1.53875125727189,1.46772636326888,1.8700377211569,68.8243208929529
13.349503968254,1.53861593042466,1.46775529189968,1.86914358683597,68.8253745213726
13.3496031746032,1.53848060726548,1.46778415491461,1.86824988025363,68.8264279880379
13.3497023809524,1.53834528784175,1.46781295233227,1.86735660120041,68.8274812929826
13.3498015873016,1.53820997220088,1.46784168417122,1.86646374946701,68.8285344362404
13.3499007936508,1.53807466039038,1.46787035044997,1.8655713248442,68.8295874178451
13.35,1.53793935245778,1.46789895118702,1.8646793271228,68.8306402378303
13.3500992063492,1.53780404845068,1.46792748640082,1.86378775609378,68.8316928962297
13.3501984126984,1.5376687484167,1.46795595610977,1.86289661154813,68.8327453930768
13.3502976190476,1.53753345240356,1.46798436033224,1.862005893277,68.8337977284051
13.3503968253968,1.53739816045899,1.46801269908658,1.86111560107155,68.8348499022482
13.350496031746,1.5372628726308,1.46804097239109,1.86022573472312,68.8359019146395
13.3505952380952,1.53712758896683,1.46806918026402,1.85933629402304,68.8369537656124
13.3506944444444,1.536992309515,1.46809732272361,1.85844727876282,68.8380054552004
13.3507936507937,1.53685703432324,1.46812539978804,1.85755868873397,68.8390569834367
13.3508928571429,1.53672176343959,1.46815341147547,1.85667052372819,68.8401083503546
13.3509920634921,1.53658649691208,1.468181357804,1.85578278353715,68.8411595559874
13.3510912698413,1.53645123478883,1.46820923879172,1.85489546795272,68.8422106003682
13.3511904761905,1.53631597711801,1.46823705445667,1.85400857676677,68.8432614835304
13.3512896825397,1.53618072394783,1.46826480481685,1.85312210977132,68.8443122055069
13.3513888888889,1.53604547532656,1.46829248989022,1.85223606675847,68.8453627663309
13.3514880952381,1.53591023130251,1.46832010969473,1.85135044752035,68.8464131660353
13.3515873015873,1.53577499192406,1.46834766424825,1.85046525184928,68.8474634046533
13.3516865079365,1.53563975723963,1.46837515356865,1.84958047953754,68.8485134822177
13.3517857142857,1.53550452729771,1.46840257767374,1.84869613037764,68.8495633987615
13.3518849206349,1.5353693021468,1.46842993658131,1.84781220416204,68.8506131543176
13.3519841269841,1.5352340818355,1.46845723030909,1.84692870068341,68.8516627489187
13.3520833333333,1.53509886641243,1.4684844588748,1.84604561973441,68.8527121825977
13.3521825396825,1.53496365592629,1.46851162229611,1.84516296110788,68.8537614553874
13.3522817460317,1.53482845042579,1.46853872059065,1.84428072459664,68.8548105673203
13.352380952381,1.53469324995974,1.46856575377602,1.84339890999372,68.8558595184293
13.3524801587302,1.53455805457697,1.46859272186977,1.84251751709212,68.8569083087469
13.3525793650794,1.53442286432637,1.46861962488943,1.84163654568504,68.8579569383057
13.3526785714286,1.53428767925688,1.46864646285248,1.84075599556565,68.8590054071383
13.3527777777778,1.53415249941751,1.46867323577637,1.83987586652731,68.8600537152772
13.352876984127,1.5340173248573,1.46869994367851,1.83899615836345,68.8611018627547
13.3529761904762,1.53388215562534,1.46872658657628,1.83811687086753,68.8621498496034
13.3530753968254,1.5337469917708,1.46875316448701,1.83723800383316,68.8631976758556
13.3531746031746,1.53361183334287,1.46877967742801,1.83635955705399,68.8642453415437
13.3532738095238,1.53347668039081,1.46880612541652,1.83548153032382,68.8652928466999
13.353373015873,1.53334153296392,1.46883250846979,1.83460392343646,68.8663401913565
13.3534722222222,1.53320639111158,1.468858826605,1.83372673618589,68.8673873755456
13.3535714285714,1.53307125488318,1.46888507983931,1.83284996836609,68.8684343992996
13.3536706349206,1.5329361243282,1.46891126818981,1.83197361977123,68.8694812626505
13.3537698412698,1.53280099949614,1.4689373916736,1.83109769019546,68.8705279656303
13.353869047619,1.53266588043658,1.46896345030772,1.83022217943313,68.8715745082712
13.3539682539683,1.53253076719914,1.46898944410916,1.82934708727857,68.8726208906052
13.3540674603175,1.53239565983348,1.4690153730949,1.82847241352629,68.8736671126641
13.3541666666667,1.53226055838933,1.46904123728186,1.82759815797081,68.8747131744799
13.3542658730159,1.53212546291648,1.46906703668694,1.82672432040679,68.8757590760846
13.3543650793651,1.53199037346474,1.46909277132699,1.825850900629,68.8768048175098
13.3544642857143,1.53185529008399,1.46911844121883,1.82497789843221,68.8778503987875
13.3545634920635,1.53172021282417,1.46914404637925,1.82410531361137,68.8788958199494
13.3546626984127,1.53158514173526,1.46916958682498,1.82323314596144,68.8799410810271
13.3547619047619,1.5314500768673,1.46919506257273,1.82236139527756,68.8809861820525
13.3548611111111,1.53131501827038,1.46922047363917,1.82149006135486,68.882031123057
13.3549603174603,1.53117996599463,1.46924582004094,1.82061914398863,68.8830759040723
13.3550595238095,1.53104492009025,1.46927110179464,1.8197486429742,68.8841205251299
13.3551587301587,1.53090988060748,1.46929631891681,1.81887855810705,68.8851649862613
13.3552579365079,1.53077484759662,1.469321471424,1.81800888918265,68.8862092874981
13.3553571428571,1.53063982110802,1.46934655933266,1.81713963599668,68.8872534288715
13.3554563492063,1.53050480119207,1.46937158265927,1.8162707983448,68.8882974104131
13.3555555555556,1.53036978789923,1.46939654142022,1.81540237602284,68.8893412321541
13.3556547619048,1.53023478128,1.4694214356319,1.81453436882664,68.8903848941258
13.355753968254,1.53009978138494,1.46944626531063,1.8136667765522,68.8914283963595
13.3558531746032,1.52996478826466,1.46947103047273,1.81279959899559,68.8924717388864
13.3559523809524,1.52982980196982,1.46949573113444,1.81193283595292,68.8935149217377
13.3560515873016,1.52969482255113,1.469520367312,1.81106648722047,68.8945579449444
13.3561507936508,1.52955985005935,1.4695449390216,1.81020055259452,68.8956008085378
13.35625,1.5294248845453,1.46956944627938,1.80933503187153,68.8966435125488
13.3563492063492,1.52928992605985,1.46959388910147,1.80846992484794,68.8976860570084
13.3564484126984,1.52915497465393,1.46961826750393,1.80760523132041,68.8987284419476
13.3565476190476,1.52902003037849,1.46964258150282,1.80674095108554,68.8997706673974
13.3566468253968,1.52888509328457,1.46966683111413,1.80587708394017,68.9008127333886
13.356746031746,1.52875016342324,1.46969101635383,1.8050136296811,68.901854639952
13.3568452380952,1.52861524084564,1.46971513723785,1.80415058810531,68.9028963871185
13.3569444444444,1.52848032560293,1.46973919378208,1.80328795900978,68.9039379749188
13.3570436507936,1.52834541774636,1.46976318600238,1.8024257421917,68.9049794033836
13.3571428571429,1.52821051732721,1.46978711391456,1.8015639374482,68.9060206725436
13.3572420634921,1.52807562439681,1.46981097753441,1.80070254457662,68.9070617824295
13.3573412698413,1.52794073900656,1.46983477687768,1.79984156337436,68.9081027330717
13.3574404761905,1.5278058612079,1.46985851196006,1.79898099363885,68.909143524501
13.3575396825397,1.52767099105231,1.46988218279723,1.79812083516769,68.9101841567477
13.3576388888889,1.52753612859134,1.46990578940482,1.79726108775849,68.9112246298423
13.3577380952381,1.5274012738766,1.46992933179843,1.79640175120902,68.9122649438153
13.3578373015873,1.52726642695972,1.46995280999361,1.79554282531707,68.9133050986971
13.3579365079365,1.52713158789241,1.4699762240059,1.7946843098806,68.9143450945179
13.3580357142857,1.52699675672642,1.46999957385077,1.79382620469756,68.9153849313082
13.3581349206349,1.52686193351356,1.47002285954367,1.79296850956609,68.916424609098
13.3582341269841,1.52672711830568,1.47004608110001,1.79211122428432,68.9174641279178
13.3583333333333,1.52659231115469,1.47006923853517,1.79125434865056,68.9185034877975
13.3584325396825,1.52645751211256,1.47009233186449,1.79039788246313,68.9195426887675
13.3585317460317,1.52632272123129,1.47011536110325,1.78954182552051,68.9205817308577
13.358630952381,1.52618793856295,1.47013832626674,1.78868617762119,68.9216206140983
13.3587301587302,1.52605316415966,1.47016122737016,1.78783093856381,68.9226593385191
13.3588293650794,1.52591839807359,1.47018406442871,1.7869761081471,68.9236979041503
13.3589285714286,1.52578364035695,1.47020683745755,1.78612168616982,68.9247363110216
13.3590277777778,1.52564889106203,1.47022954647178,1.78526767243089,68.9257745591631
13.359126984127,1.52551415024113,1.47025219148649,1.78441406672925,68.9268126486045
13.3592261904762,1.52537941794666,1.47027477251671,1.78356086886399,68.9278505793757
13.3593253968254,1.52524469423102,1.47029728957745,1.78270807863423,68.9288883515064
13.3594246031746,1.52510997914671,1.47031974268368,1.78185569583924,68.9299259650263
13.3595238095238,1.52497527274625,1.47034213185031,1.78100372027832,68.9309634199651
13.359623015873,1.52484057508224,1.47036445709226,1.78015215175091,68.9320007163524
13.3597222222222,1.5247058862073,1.47038671842436,1.77930099005648,68.9330378542179
13.3598214285714,1.52457120617414,1.47040891586145,1.77845023499466,68.934074833591
13.3599206349206,1.52443653503547,1.4704310494183,1.77759988636509,68.9351116545014
13.3600198412698,1.52430187284412,1.47045311910965,1.77674994396757,68.9361483169783
13.360119047619,1.52416721965291,1.47047512495021,1.77590040760194,68.9371848210515
13.3602182539683,1.52403257551474,1.47049706695466,1.77505127706814,68.93822116675
13.3603174603175,1.52389794048257,1.47051894513762,1.77420255216623,68.9392573541034
13.3604166666667,1.52376331460939,1.4705407595137,1.7733542326963,68.9402933831409
13.3605158730159,1.52362869794826,1.47056251009744,1.77250631845859,68.9413292538918
13.3606150793651,1.52349409055229,1.47058419690338,1.77165880925336,68.9423649663853
13.3607142857143,1.52335949247463,1.47060581994599,1.77081170488105,68.9434005206506
13.3608134920635,1.52322490376849,1.47062737923973,1.76996500514207,68.9444359167168
13.3609126984127,1.52309032448713,1.47064887479901,1.76911870983703,68.945471154613
13.3610119047619,1.52295575468387,1.47067030663819,1.76827281876656,68.9465062343683
13.3611111111111,1.52282119441207,1.47069167477163,1.76742733173141,68.9475411560116
13.3612103174603,1.52268664372515,1.47071297921361,1.76658224853239,68.9485759195721
13.3613095238095,1.52255210267658,1.4707342199784,1.76573756897046,68.9496105250784
13.3614087301587,1.52241757131987,1.47075539708022,1.76489329284656,68.9506449725597
13.3615079365079,1.52228304970861,1.47077651053327,1.76404941996184,68.9516792620447
13.3616071428571,1.52214853789642,1.47079756035169,1.76320595011744,68.9527133935622
13.3617063492064,1.52201403593698,1.4708185465496,1.76236288311464,68.9537473671409
13.3618055555556,1.52187954388402,1.47083946914108,1.76152021875483,68.9547811828097
13.3619047619048,1.52174506179131,1.47086032814017,1.7606779568394,68.9558148405972
13.362003968254,1.52161058971269,1.47088112356087,1.75983609716995,68.9568483405319
13.3621031746032,1.52147612770206,1.47090185541714,1.75899463954804,68.9578816826426
13.3622023809524,1.52134167581334,1.47092252372292,1.75815358377543,68.9589148669577
13.3623015873016,1.52120723410052,1.47094312849211,1.75731292965387,68.9599478935059
13.3624007936508,1.52107280261765,1.47096366973854,1.7564726769853,68.9609807623155
13.3625,1.52093838141882,1.47098414747605,1.75563282557165,68.962013473415
13.3625992063492,1.52080397055819,1.47100456171841,1.75479337521502,68.9630460268327
13.3626984126984,1.52066957008993,1.47102491247937,1.75395432571753,68.9640784225971
13.3627976190476,1.52053518006831,1.47104519977263,1.75311567688146,68.9651106607364
13.3628968253968,1.52040080054763,1.47106542361187,1.75227742850909,68.9661427412789
13.362996031746,1.52026643158223,1.47108558401072,1.75143958040289,68.9671746642528
13.3630952380952,1.52013207322654,1.47110568098277,1.75060213236532,68.9682064296864
13.3631944444444,1.51999772553499,1.47112571454159,1.74976508419899,68.9692380376077
13.3632936507937,1.51986338856212,1.47114568470069,1.74892843570661,68.9702694880447
13.3633928571429,1.51972906236247,1.47116559147356,1.7480921866909,68.9713007810257
13.3634920634921,1.51959474699066,1.47118543487364,1.74725633695477,68.9723319165786
13.3635912698413,1.51946044250136,1.47120521491436,1.74642088630111,68.9733628947314
13.3636904761905,1.51932614894928,1.47122493160908,1.74558583453302,68.974393715512
13.3637896825397,1.5191918663892,1.47124458497113,1.74475118145357,68.9754243789483
13.3638888888889,1.51905759487593,1.47126417501383,1.74391692686602,68.9764548850681
13.3639880952381,1.51892333446436,1.47128370175043,1.74308307057361,68.9774852338994
13.3640873015873,1.51878908520941,1.47130316519415,1.7422496123798,68.9785154254697
13.3641865079365,1.51865484716605,1.47132256535819,1.74141655208799,68.9795454598069
13.3642857142857,1.51852062038931,1.47134190225569,1.74058388950182,68.9805753369386
13.3643849206349,1.51838640493429,1.47136117589978,1.73975162442488,68.9816050568925
13.3644841269841,1.51825220085611,1.47138038630353,1.73891975666097,68.9826346196961
13.3645833333333,1.51811800820995,1.47139953347997,1.73808828601386,68.9836640253772
13.3646825396825,1.51798382705107,1.47141861744212,1.73725721228751,68.984693273963
13.3647817460317,1.51784965743474,1.47143763820294,1.73642653528593,68.9857223654812
13.364880952381,1.51771549941631,1.47145659577535,1.73559625481319,68.9867512999592
13.3649801587302,1.51758135305118,1.47147549017226,1.7347663706735,68.9877800774242
13.3650793650794,1.51744721839479,1.47149432140651,1.73393688267109,68.9888086979038
13.3651785714286,1.51731309550264,1.47151308949093,1.73310779061038,68.9898371614252
13.3652777777778,1.51717898443028,1.47153179443829,1.73227909429576,68.9908654680157
13.365376984127,1.51704488523331,1.47155043626134,1.73145079353181,68.9918936177025
13.3654761904762,1.51691079796739,1.47156901497278,1.73062288812312,68.9929216105127
13.3655753968254,1.51677672268822,1.47158753058529,1.72979537787444,68.9939494464736
13.3656746031746,1.51664265945157,1.47160598311151,1.72896826259054,68.9949771256123
13.3657738095238,1.51650860831324,1.47162437256401,1.72814154207633,68.9960046479557
13.365873015873,1.51637456932909,1.47164269895537,1.72731521613677,68.9970320135309
13.3659722222222,1.51624054255504,1.47166096229811,1.72648928457696,68.9980592223649
13.3660714285714,1.51610652804706,1.47167916260471,1.725663747202,68.9990862744847
13.3661706349206,1.51597252586117,1.47169729988761,1.72483860381717,69.000113169917
13.3662698412698,1.51583853605343,1.47171537415924,1.72401385422782,69.0011399086888
13.366369047619,1.51570455867997,1.47173338543196,1.72318949823933,69.002166490827
13.3664682539683,1.51557059379697,1.4717513337181,1.72236553565724,69.0031929163581
13.3665674603175,1.51543664146064,1.47176921902998,1.72154196628711,69.004219185309
13.3666666666667,1.51530270172728,1.47178704137985,1.72071878993467,69.0052452977064
13.3667658730159,1.5151687746532,1.47180480077994,1.71989600640565,69.0062712535769
13.3668650793651,1.5150348602948,1.47182249724243,1.71907361550595,69.0072970529471
13.3669642857143,1.51490095870851,1.47184013077948,1.71825161704148,69.0083226958435
13.3670634920635,1.51476706995081,1.4718577014032,1.71743001081832,69.0093481822928
13.3671626984127,1.51463319407825,1.47187520912567,1.71660879664256,69.0103735123213
13.3672619047619,1.51449933114741,1.47189265395893,1.71578797432044,69.0113986859555
13.3673611111111,1.51436548121493,1.47191003591499,1.71496754365823,69.0124237032218
13.3674603174603,1.51423164433753,1.4719273550058,1.71414750446238,69.0134485641466
13.3675595238095,1.51409782057193,1.4719446112433,1.7133278565393,69.0144732687561
13.3676587301587,1.51396400997493,1.47196180463938,1.71250859969559,69.0154978170767
13.3677579365079,1.51383021260341,1.4719789352059,1.71168973373793,69.0165222091345
13.3678571428571,1.51369642851424,1.47199600295467,1.71087125847302,69.0175464449558
13.3679563492063,1.51356265776439,1.47201300789748,1.71005317370774,69.0185705245667
13.3680555555556,1.51342890041086,1.47202995004607,1.70923547924896,69.0195944479932
13.3681547619048,1.51329515651073,1.47204682941214,1.70841817490374,69.0206182152616
13.368253968254,1.51316142612108,1.47206364600737,1.70760126047913,69.0216418263977
13.3683531746032,1.5130277092991,1.47208039984338,1.70678473578236,69.0226652814276
13.3684523809524,1.51289400610199,1.47209709093179,1.70596860062066,69.0236885803772
13.3685515873016,1.51276031658702,1.47211371928413,1.70515285480144,69.0247117232724
13.3686507936508,1.51262664081151,1.47213028491194,1.7043374981321,69.025734710139
13.36875,1.51249297883283,1.47214678782671,1.70352253042023,69.0267575410029
13.3688492063492,1.51235933070841,1.47216322803987,1.70270795147341,69.0277802158899
13.3689484126984,1.51222569649572,1.47217960556283,1.70189376109941,69.0288027348256
13.3690476190476,1.51209207625229,1.47219592040699,1.70107995910597,69.0298250978358
13.3691468253968,1.51195847003569,1.47221217258366,1.70026654530102,69.0308473049461
13.369246031746,1.51182487790356,1.47222836210415,1.69945351949256,69.0318693561821
13.3693452380952,1.51169129991359,1.47224448897972,1.69864088148862,69.0328912515694
13.3694444444444,1.5115577361235,1.47226055322159,1.69782863109739,69.0339129911334
13.3695436507937,1.51142418659109,1.47227655484097,1.69701676812707,69.0349345748998
13.3696428571429,1.5112906513742,1.47229249384898,1.69620529238605,69.0359560028939
13.3697420634921,1.5111571305307,1.47230837025676,1.69539420368271,69.0369772751411
13.3698412698413,1.51102362411857,1.47232418407538,1.69458350182559,69.0379983916668
13.3699404761905,1.51089013219577,1.47233993531588,1.69377318662326,69.0390193524962
13.3700396825397,1.51075665482037,1.47235562398926,1.69296325788444,69.0400401576548
13.3701388888889,1.51062319205046,1.47237125010648,1.69215371541786,69.0410608071676
13.3702380952381,1.5104897439442,1.47238681367849,1.69134455903244,69.0420813010599
13.3703373015873,1.51035631055978,1.47240231471616,1.69053578853708,69.0431016393569
13.3704365079365,1.51022289195547,1.47241775323036,1.68972740374087,69.0441218220835
13.3705357142857,1.51008948818956,1.4724331292319,1.68891940445289,69.0451418492651
13.3706349206349,1.50995609932043,1.47244844273156,1.68811179048238,69.0461617209264
13.3707341269841,1.50982272540649,1.4724636937401,1.68730456163867,69.0471814370925
13.3708333333333,1.50968936650618,1.4724788822682,1.68649771773111,69.0482009977885
13.3709325396825,1.50955602267805,1.47249400832656,1.68569125856921,69.049220403039
13.3710317460317,1.50942269398064,1.47250907192578,1.68488518396252,69.0502396528691
13.371130952381,1.50928938047258,1.47252407307649,1.68407949372074,69.0512587473035
13.3712301587302,1.50915608221254,1.47253901178922,1.68327418765355,69.0522776863671
13.3713293650794,1.50902279925926,1.47255388807451,1.68246926557086,69.0532964700844
13.3714285714286,1.50888953167149,1.47256870194284,1.68166472728252,69.0543150984803
13.3715277777778,1.50875627950807,1.47258345340465,1.68086057259861,69.0553335715794
13.371626984127,1.50862304282788,1.47259814247036,1.68005680132918,69.0563518894063
13.3717261904762,1.50848982168986,1.47261276915034,1.67925341328445,69.0573700519855
13.3718253968254,1.50835661615298,1.47262733345493,1.67845040827467,69.0583880593416
13.3719246031746,1.50822342627628,1.47264183539442,1.67764778611024,69.0594059114991
13.3720238095238,1.50809025211885,1.47265627497909,1.67684554660156,69.0604236084824
13.372123015873,1.50795709373983,1.47267065221915,1.67604368955922,69.0614411503159
13.3722222222222,1.50782395119842,1.47268496712479,1.67524221479385,69.062458537024
13.3723214285714,1.50769082455385,1.47269921970616,1.67444112211613,69.063475768631
13.3724206349206,1.50755771386543,1.47271340997339,1.67364041133691,69.0644928451611
13.3725198412698,1.50742461919249,1.47272753793654,1.67284008226704,69.0655097666386
13.372619047619,1.50729154059445,1.47274160360566,1.67204013471756,69.0665265330878
13.3727182539683,1.50715847813075,1.47275560699074,1.67124056849948,69.0675431445327
13.3728174603175,1.5070254318609,1.47276954810176,1.67044138342401,69.0685596009974
13.3729166666667,1.50689240184444,1.47278342694865,1.66964257930236,69.0695759025061
13.3730158730159,1.50675938814101,1.4727972435413,1.66884415594591,69.0705920490827
13.3731150793651,1.50662639081024,1.47281099788955,1.66804611316603,69.0716080407513
13.3732142857143,1.50649340991186,1.47282469000324,1.66724845077429,69.0726238775357
13.3733134920635,1.50636044550563,1.47283831989213,1.66645116858224,69.07363955946
13.3734126984127,1.50622749765137,1.47285188756599,1.66565426640161,69.0746550865479
13.3735119047619,1.50609456640893,1.4728653930345,1.66485774404415,69.0756704588233
13.3736111111111,1.50596165183826,1.47287883630735,1.66406160132173,69.0766856763099
13.3737103174603,1.50582875399931,1.47289221739416,1.66326583804634,69.0777007390315
13.3738095238095,1.50569587295211,1.47290553630453,1.66247045402997,69.0787156470118
13.3739087301587,1.50556300875674,1.47291879304802,1.6616754490848,69.0797304002744
13.3740079365079,1.50543016147332,1.47293198763415,1.660880823023,69.0807449988429
13.3741071428571,1.50529733116205,1.4729451200724,1.66008657565693,69.081759442741
13.3742063492064,1.50516451788314,1.47295819037223,1.65929270679894,69.0827737319921
13.3743055555556,1.50503172169688,1.47297119854305,1.65849921626156,69.0837878666197
13.3744047619048,1.50489894266362,1.47298414459422,1.65770610385732,69.0848018466474
13.374503968254,1.50476618084374,1.47299702853508,1.65691336939891,69.0858156720983
13.3746031746032,1.50463343629767,1.47300985037494,1.65612101269905,69.0868293429961
13.3747023809524,1.50450070908592,1.47302261012305,1.65532903357063,69.0878428593639
13.3748015873016,1.50436799926903,1.47303530778865,1.65453743182651,69.0888562212251
13.3749007936508,1.50423530690759,1.47304794338091,1.65374620727976,69.0898694286028
13.375,1.50410263206226,1.473060516909,1.65295535974344,69.0908824815203
13.3750992063492,1.50396997479372,1.47307302838202,1.65216488903076,69.0918953800008
13.3751984126984,1.50383733516275,1.47308547780905,1.65137479495503,69.0929081240673
13.3752976190476,1.50370471323014,1.47309786519913,1.65058507732956,69.0939207137429
13.3753968253968,1.50357210725823,1.47311019128101,1.64979573596453,69.0949331497752
13.375496031746,1.5034395122462,1.47312245808779,1.64900677067205,69.0959454342244
13.3755952380952,1.50330692789306,1.47313466577028,1.64821818128123,69.0969575672556
13.3756944444444,1.50317435419593,1.47314681435994,1.64742996762194,69.0979695489136
13.3757936507936,1.50304179115195,1.4731589038882,1.64664212952419,69.0989813792434
13.3758928571429,1.50290923875827,1.47317093438648,1.64585466681794,69.0999930582898
13.3759920634921,1.50277669701207,1.47318290588619,1.6450675793333,69.1010045860976
13.3760912698413,1.50264416591052,1.47319481841872,1.64428086690037,69.1020159627117
13.3761904761905,1.50251164545083,1.47320667201543,1.64349452934935,69.1030271881768
13.3762896825397,1.50237913563021,1.4732184667077,1.64270856651044,69.1040382625377
13.3763888888889,1.5022466364459,1.47323020252684,1.64192297821396,69.1050491858392
13.3764880952381,1.50211414789514,1.4732418795042,1.64113776429022,69.1060599581261
13.3765873015873,1.50198166997521,1.47325349767107,1.64035292456963,69.107070579443
13.3766865079365,1.50184920268338,1.47326505705875,1.63956845888266,69.1080810498346
13.3767857142857,1.50171674601696,1.47327655769851,1.63878436705977,69.1090913693457
13.3768849206349,1.50158429997326,1.4732879996216,1.63800064893156,69.1101015380208
13.3769841269841,1.5014518645496,1.47329938285927,1.6372173043286,69.1111115559047
13.3770833333333,1.50131943974335,1.47331070744274,1.6364343330816,69.1121214230419
13.3771825396825,1.50118702555185,1.47332197340322,1.63565173502124,69.1131311394771
13.3772817460317,1.5010546219725,1.4733331807719,1.63486950997834,69.1141407052548
13.377380952381,1.50092222900268,1.47334432957995,1.63408765778367,69.1151501204197
13.3774801587302,1.50078984663981,1.47335541985855,1.63330617826817,69.1161593850162
13.3775793650794,1.50065747488131,1.47336645163881,1.63252507126274,69.1171684990889
13.3776785714286,1.50052511372464,1.47337742495188,1.6317443365984,69.1181774626822
13.3777777777778,1.50039276316724,1.47338833982886,1.63096397410615,69.1191862758408
13.377876984127,1.50026042320661,1.47339919630085,1.63018398361715,69.120194938609
13.3779761904762,1.50012809384023,1.47340999439892,1.62940436496251,69.1212034510313
13.3780753968254,1.4999957750656,1.47342073415413,1.62862511797344,69.1222118131522
13.3781746031746,1.49986346688027,1.47343141559752,1.62784624248125,69.1232200250159
13.3782738095238,1.49973116928177,1.47344203876012,1.6270677383172,69.124228086667
13.378373015873,1.49959888226766,1.47345260367295,1.6262896053127,69.1252359981499
13.3784722222222,1.4994666058355,1.47346311036699,1.62551184329914,69.1262437595087
13.3785714285714,1.4993343399829,1.47347355887323,1.62473445210805,69.127251370788
13.3786706349206,1.49920208470746,1.47348394922262,1.62395743157091,69.128258832032
13.3787698412698,1.49906984000681,1.47349428144612,1.62318078151936,69.129266143285
13.378869047619,1.49893760587857,1.47350455557464,1.62240450178499,69.1302733045912
13.3789682539683,1.49880538232042,1.4735147716391,1.62162859219955,69.131280315995
13.3790674603175,1.49867316933001,1.4735249296704,1.62085305259474,69.1322871775406
13.3791666666667,1.49854096690504,1.47353502969941,1.62007788280242,69.1332938892722
13.3792658730159,1.49840877504321,1.473545071757,1.61930308265439,69.134300451234
13.3793650793651,1.49827659374225,1.47355505587402,1.61852865198262,69.1353068634701
13.3794642857143,1.49814442299989,1.47356498208129,1.61775459061903,69.1363131260247
13.3795634920635,1.49801226281388,1.47357485040963,1.61698089839567,69.1373192389421
13.3796626984127,1.49788011318199,1.47358466088983,1.61620757514463,69.1383252022662
13.3797619047619,1.49774797410201,1.47359441355267,1.61543462069801,69.1393310160413
13.3798611111111,1.49761584557174,1.47360410842893,1.61466203488802,69.1403366803113
13.3799603174603,1.497483727589,1.47361374554934,1.61388981754688,69.1413421951203
13.3800595238095,1.49735162015162,1.47362332494464,1.6131179685069,69.1423475605125
13.3801587301587,1.49721952325744,1.47363284664554,1.61234648760041,69.1433527765317
13.3802579365079,1.49708743690436,1.47364231068274,1.61157537465984,69.1443578432221
13.3803571428571,1.49695536109022,1.47365171708692,1.61080462951762,69.1453627606276
13.3804563492063,1.49682329581296,1.47366106588875,1.61003425200628,69.1463675287921
13.3805555555556,1.49669124107046,1.47367035711887,1.60926424195836,69.1473721477597
13.3806547619048,1.49655919686068,1.47367959080793,1.60849459920652,69.1483766175742
13.380753968254,1.49642716318155,1.47368876698653,1.60772532358338,69.1493809382796
13.3808531746032,1.49629514003104,1.47369788568527,1.60695641492173,69.1503851099198
13.3809523809524,1.49616312740713,1.47370694693474,1.60618787305429,69.1513891325385
13.3810515873016,1.49603112530782,1.4737159507655,1.60541969781393,69.1523930061798
13.3811507936508,1.49589913373112,1.47372489720811,1.60465188903356,69.1533967308873
13.38125,1.49576715267505,1.4737337862931,1.60388444654608,69.154400306705
13.3813492063492,1.49563518213768,1.47374261805098,1.60311737018454,69.1554037336765
13.3814484126984,1.49550322211704,1.47375139251226,1.60235065978193,69.1564070118458
13.3815476190476,1.49537127261123,1.47376010970742,1.60158431517143,69.1574101412564
13.3816468253968,1.49523933361833,1.47376876966693,1.60081833618613,69.1584131219523
13.381746031746,1.49510740513647,1.47377737242123,1.60005272265931,69.159415953977
13.3818452380952,1.49497548716375,1.47378591800078,1.5992874744242,69.1604186373744
13.3819444444444,1.49484357969833,1.47379440643598,1.59852259131415,69.161421172188
13.3820436507937,1.49471168273837,1.47380283775723,1.5977580731625,69.1624235584615
13.3821428571429,1.49457979628204,1.47381121199493,1.59699391980274,69.1634257962386
13.3822420634921,1.49444792032752,1.47381952917944,1.5962301310683,69.1644278855629
13.3823412698413,1.49431605487304,1.47382778934111,1.59546670679277,69.1654298264779
13.3824404761905,1.49418419991681,1.47383599251029,1.59470364680971,69.1664316190273
13.3825396825397,1.49405235545708,1.47384413871728,1.59394095095279,69.1674332632547
13.3826388888889,1.49392052149209,1.4738522279924,1.59317861905572,69.1684347592035
13.3827380952381,1.49378869802013,1.47386026036593,1.59241665095224,69.1694361069173
13.3828373015873,1.49365688503947,1.47386823586815,1.59165504647618,69.1704373064396
13.3829365079365,1.49352508254843,1.4738761545293,1.59089380546139,69.1714383578139
13.3830357142857,1.49339329054534,1.47388401637963,1.59013292774182,69.1724392610836
13.3831349206349,1.49326150902851,1.47389182144935,1.58937241315141,69.1734400162922
13.3832341269841,1.49312973799631,1.47389956976867,1.58861226152423,69.1744406234831
13.3833333333333,1.49299797744711,1.47390726136779,1.58785247269432,69.1754410826998
13.3834325396825,1.49286622737929,1.47391489627686,1.58709304649587,69.1764413939855
13.3835317460317,1.49273448779126,1.47392247452606,1.58633398276301,69.1774415573838
13.383630952381,1.49260275868144,1.4739299961455,1.58557528133005,69.1784415729379
13.3837301587302,1.49247104004826,1.47393746116533,1.58481694203125,69.1794414406911
13.3838293650794,1.49233933189017,1.47394486961565,1.58405896470099,69.1804411606868
13.3839285714286,1.49220763420563,1.47395222152653,1.58330134917365,69.1814407329683
13.3840277777778,1.49207594699314,1.47395951692807,1.58254409528372,69.1824401575788
13.384126984127,1.49194427025119,1.47396675585031,1.58178720286573,69.1834394345616
13.3842261904762,1.4918126039783,1.4739739383233,1.58103067175422,69.1844385639599
13.3843253968254,1.491680948173,1.47398106437706,1.58027450178385,69.185437545817
13.3844246031746,1.49154930283383,1.4739881340416,1.57951869278926,69.186436380176
13.3845238095238,1.49141766795938,1.47399514734691,1.57876324460523,69.18743506708
13.384623015873,1.4912860435482,1.47400210432296,1.57800815706651,69.1884336065724
13.3847222222222,1.49115442959891,1.47400900499971,1.57725343000799,69.1894319986962
13.3848214285714,1.49102282611011,1.4740158494071,1.57649906326452,69.1904302434944
13.3849206349206,1.49089123308044,1.47402263757507,1.57574505667109,69.1914283410103
13.3850198412698,1.49075965050854,1.47402936953351,1.57499141006268,69.1924262912869
13.385119047619,1.49062807839307,1.47403604531233,1.57423812327437,69.1934240943672
13.3852182539683,1.49049651673272,1.47404266494139,1.57348519614126,69.1944217502944
13.3853174603175,1.49036496552617,1.47404922845056,1.57273262849855,69.1954192591113
13.3854166666667,1.49023342477213,1.47405573586968,1.57198042018142,69.196416620861
13.3855158730159,1.49010189446934,1.47406218722857,1.57122857102516,69.1974138355866
13.3856150793651,1.48997037461654,1.47406858255706,1.57047708086515,69.1984109033309
13.3857142857143,1.48983886521249,1.47407492188492,1.56972594953671,69.199407824137
13.3858134920635,1.48970736625596,1.47408120524194,1.56897517687533,69.2004045980476
13.3859126984127,1.48957587774574,1.47408743265788,1.56822476271647,69.2014012251058
13.3860119047619,1.48944439968064,1.47409360416248,1.56747470689572,69.2023977053544
13.3861111111111,1.48931293205949,1.47409971978548,1.56672500924863,69.2033940388364
13.3862103174603,1.48918147488114,1.47410577955658,1.56597566961091,69.2043902255944
13.3863095238095,1.48905002814442,1.47411178350548,1.56522668781824,69.2053862656714
13.3864087301587,1.48891859184823,1.47411773166185,1.56447806370641,69.2063821591102
13.3865079365079,1.48878716599144,1.47412362405537,1.5637297971112,69.2073779059536
13.3866071428571,1.48865575057297,1.47412946071567,1.56298188786854,69.2083735062442
13.3867063492063,1.48852434559173,1.47413524167239,1.56223433581432,69.209368960025
13.3868055555556,1.48839295104666,1.47414096695513,1.56148714078454,69.2103642673386
13.3869047619048,1.48826156693672,1.4741466365935,1.56074030261523,69.2113594282277
13.387003968254,1.48813019326088,1.47415225061708,1.55999382114247,69.2123544427351
13.3871031746032,1.48799883001813,1.47415780905542,1.55924769620245,69.2133493109033
13.3872023809524,1.48786747720747,1.47416331193808,1.55850192763133,69.2143440327751
13.3873015873016,1.48773613482791,1.47416875929459,1.55775651526539,69.215338608393
13.3874007936508,1.48760480287849,1.47417415115445,1.5570114589409,69.2163330377998
13.3875,1.48747348135828,1.47417948754718,1.55626675849428,69.2173273210379
13.3875992063492,1.48734217026632,1.47418476850225,1.5555224137619,69.2183214581501
13.3876984126984,1.48721086960171,1.47418999404912,1.55477842458027,69.2193154491787
13.3877976190476,1.48707957936355,1.47419516421724,1.55403479078587,69.2203092941665
13.3878968253968,1.48694829955095,1.47420027903605,1.55329151221533,69.2213029931558
13.387996031746,1.48681703016305,1.47420533853497,1.55254858870525,69.2222965461892
13.3880952380952,1.486685771199,1.47421034274338,1.55180602009234,69.2232899533091
13.3881944444444,1.48655452265796,1.47421529169068,1.55106380621332,69.2242832145581
13.3882936507936,1.48642328453911,1.47422018540623,1.55032194690502,69.2252763299786
13.3883928571429,1.48629205684165,1.47422502391938,1.54958044200425,69.226269299613
13.3884920634921,1.4861608395648,1.47422980725946,1.54883929134794,69.2272621235036
13.3885912698413,1.48602963270779,1.4742345354558,1.54809849477307,69.228254801693
13.3886904761905,1.48589843626985,1.47423920853768,1.54735805211662,69.2292473342234
13.3887896825397,1.48576725025027,1.4742438265344,1.54661796321569,69.2302397211371
13.3888888888889,1.4856360746483,1.47424838947522,1.54587822790737,69.2312319624766
13.3889880952381,1.48550490946326,1.4742528973894,1.54513884602887,69.2322240582841
13.3890873015873,1.48537375469445,1.47425735030617,1.54439981741739,69.233216008602
13.3891865079365,1.4852426103412,1.47426174825474,1.54366114191025,69.2342078134724
13.3892857142857,1.48511147640285,1.47426609126433,1.54292281934475,69.2351994729376
13.3893849206349,1.48498035287876,1.47427037936411,1.54218484955832,69.2361909870399
13.3894841269841,1.48484923976831,1.47427461258325,1.54144723238838,69.2371823558215
13.3895833333333,1.4847181370709,1.47427879095091,1.54070996767247,69.2381735793245
13.3896825396825,1.48458704478592,1.47428291449622,1.5399730552481,69.2391646575911
13.3897817460317,1.48445596291282,1.47428698324831,1.53923649495293,69.2401555906636
13.389880952381,1.48432489145102,1.47429099723627,1.53850028662458,69.2411463785839
13.3899801587302,1.48419383039998,1.47429495648919,1.5377644301008,69.2421370213943
13.3900793650794,1.48406277975919,1.47429886103615,1.53702892521937,69.2431275191368
13.3901785714286,1.48393173952812,1.4743027109062,1.53629377181808,69.2441178718535
13.3902777777778,1.48380070970629,1.47430650612836,1.53555896973486,69.2451080795864
13.390376984127,1.48366969029321,1.47431024673168,1.53482451880761,69.2460981423777
13.3904761904762,1.48353868128844,1.47431393274515,1.53409041887435,69.2470880602692
13.3905753968254,1.48340768269152,1.47431756419775,1.5333566697731,69.2480778333031
13.3906746031746,1.48327669450202,1.47432114111846,1.53262327134198,69.2490674615212
13.3907738095238,1.48314571671953,1.47432466353624,1.53189022341912,69.2500569449656
13.390873015873,1.48301474934365,1.47432813148003,1.53115752584276,69.2510462836781
13.3909722222222,1.48288379237401,1.47433154497874,1.53042517845113,69.2520354777008
13.3910714285714,1.48275284581024,1.47433490406128,1.52969318108259,69.2530245270755
13.3911706349206,1.48262190965199,1.47433820875655,1.52896153357545,69.254013431844
13.3912698412698,1.48249098389894,1.47434145909341,1.5282302357682,69.2550021920483
13.391369047619,1.48236006855076,1.47434465510072,1.52749928749926,69.2559908077302
13.3914682539683,1.48222916360716,1.47434779680733,1.5267686886072,69.2569792789315
13.3915674603175,1.48209826906785,1.47435088424205,1.52603843893062,69.257967605694
13.3916666666667,1.48196738493258,1.4743539174337,1.52530853830812,69.2589557880596
13.3917658730159,1.48183651120108,1.47435689641106,1.52457898657845,69.2599438260699
13.3918650793651,1.48170564787312,1.4743598212029,1.5238497835803,69.2609317197667
13.3919642857143,1.4815747949485,1.474362691838,1.52312092915253,69.2619194691918
13.3920634920635,1.481443952427,1.47436550834508,1.52239242313396,69.2629070743868
13.3921626984127,1.48131312030844,1.47436827075288,1.52166426536353,69.2638945353935
13.3922619047619,1.48118229859265,1.4743709790901,1.52093645568019,69.2648818522535
13.3923611111111,1.48105148727948,1.47437363338543,1.52020899392298,69.2658690250084
13.3924603174603,1.48092068636879,1.47437623366755,1.51948187993095,69.2668560536999
13.3925595238095,1.48078989586046,1.47437877996512,1.51875511354327,69.2678429383697
13.3926587301587,1.48065911575439,1.47438127230679,1.51802869459907,69.2688296790592
13.3927579365079,1.48052834605049,1.47438371072117,1.51730262293765,69.2698162758101
13.3928571428571,1.48039758674869,1.47438609523688,1.51657689839826,69.270802728664
13.3929563492064,1.48026683784892,1.47438842588251,1.51585152082025,69.2717890376623
13.3930555555556,1.48013609935117,1.47439070268665,1.51512649004306,69.2727752028465
13.3931547619048,1.48000537125539,1.47439292567784,1.5144018059061,69.2737612242583
13.393253968254,1.4798746535616,1.47439509488464,1.51367746824893,69.2747471019389
13.3933531746032,1.47974394626978,1.47439721033556,1.51295347691106,69.27573283593
13.3934523809524,1.47961324937997,1.47439927205914,1.51222983173215,69.2767184262729
13.3935515873016,1.47948256289222,1.47440128008385,1.51150653255185,69.2777038730091
13.3936507936508,1.47935188680657,1.47440323443817,1.51078357920991,69.27868917618
13.39375,1.47922122112311,1.47440513515058,1.51006097154607,69.2796743358269
13.3938492063492,1.47909056584193,1.47440698224951,1.50933870940023,69.2806593519911
13.3939484126984,1.47895992096312,1.47440877576339,1.50861679261221,69.2816442247142
13.3940476190476,1.47882928648682,1.47441051572064,1.50789522102202,69.2826289540372
13.3941468253968,1.47869866241317,1.47441220214966,1.50717399446961,69.2836135400017
13.394246031746,1.47856804874232,1.47441383507881,1.50645311279506,69.2845979826488
13.3943452380952,1.47843744547443,1.47441541453647,1.50573257583846,69.2855822820198
13.3944444444444,1.47830685260971,1.47441694055098,1.50501238343998,69.286566438156
13.3945436507937,1.47817627014836,1.47441841315068,1.50429253543985,69.2875504510985
13.3946428571429,1.47804569809059,1.47441983236387,1.50357303167831,69.2885343208887
13.3947420634921,1.47791513643664,1.47442119821886,1.50285387199572,69.2895180475676
13.3948412698413,1.47778458518677,1.47442251074392,1.50213505623242,69.2905016311764
13.3949404761905,1.47765404434125,1.47442376996732,1.50141658422889,69.2914850717564
13.3950396825397,1.47752351390035,1.47442497591731,1.50069845582556,69.2924683693485
13.3951388888889,1.47739299386439,1.47442612862213,1.49998067086303,69.293451523994
13.3952380952381,1.47726248423367,1.47442722810998,1.49926322918184,69.2944345357339
13.3953373015873,1.47713198500855,1.47442827440906,1.49854613062269,69.2954174046093
13.3954365079365,1.47700149618935,1.47442926754756,1.49782937502625,69.2964001306613
13.3955357142857,1.47687101777646,1.47443020755364,1.4971129622333,69.2973827139308
13.3956349206349,1.47674054977025,1.47443109445546,1.49639689208463,69.2983651544589
13.3957341269841,1.47661009217113,1.47443192828114,1.49568116442114,69.2993474522866
13.3958333333333,1.4764796449795,1.47443270905881,1.49496577908371,69.3003296074549
13.3959325396825,1.47634920819581,1.47443343681656,1.49425073591334,69.3013116200046
13.3960317460317,1.4762187818205,1.47443411158247,1.49353603475107,69.3022934899768
13.396130952381,1.47608836585402,1.47443473338462,1.49282167543796,69.3032752174124
13.3962301587302,1.47595796029688,1.47443530225106,1.49210765781518,69.3042568023522
13.3963293650794,1.47582756514955,1.47443581820982,1.49139398172388,69.3052382448372
13.3964285714286,1.47569718041256,1.47443628128891,1.49068064700534,69.3062195449081
13.3965277777778,1.47556680608642,1.47443669151634,1.48996765350084,69.3072007026059
13.396626984127,1.4754364421717,1.4744370489201,1.48925500105177,69.3081817179714
13.3967261904762,1.47530608866894,1.47443735352815,1.48854268949949,69.3091625910453
13.3968253968254,1.47517574557873,1.47443760536845,1.48783071868551,69.3101433218684
13.3969246031746,1.47504541290166,1.47443780446893,1.48711908845131,69.3111239104816
13.3970238095238,1.47491509063834,1.47443795085751,1.48640779863849,69.3121043569255
13.397123015873,1.4747847787894,1.47443804456209,1.48569684908866,69.3130846612409
13.3972222222222,1.47465447735548,1.47443808561057,1.48498623964352,69.3140648234684
13.3973214285714,1.47452418633723,1.4744380740308,1.48427597014478,69.3150448436487
13.3974206349206,1.47439390573534,1.47443800985065,1.48356604043424,69.3160247218227
13.3975198412698,1.4742636355505,1.47443789309795,1.48285645035376,69.3170044580307
13.397619047619,1.47413337578341,1.47443772380053,1.48214719974521,69.3179840523136
13.3977182539683,1.4740031264348,1.47443750198618,1.48143828845058,69.3189635047118
13.3978174603175,1.4738728875054,1.47443722768269,1.48072971631183,69.3199428152661
13.3979166666667,1.47374265899598,1.47443690091784,1.48002148317107,69.3209219840169
13.3980158730159,1.4736124409073,1.47443652171938,1.47931358887036,69.3219010110048
13.3981150793651,1.47348223324017,1.47443609011505,1.47860603325192,69.3228798962704
13.3982142857143,1.47335203599536,1.47443560613257,1.47789881615794,69.3238586398541
13.3983134920635,1.47322184917372,1.47443506979965,1.47719193743072,69.3248372417964
13.3984126984127,1.47309167277608,1.47443448114398,1.47648539691257,69.3258157021379
13.3985119047619,1.47296150680329,1.47443384019322,1.47577919444591,69.3267940209189
13.3986111111111,1.47283135125623,1.47443314697504,1.47507332987313,69.3277721981799
13.3987103174603,1.47270120613577,1.47443240151708,1.47436780303678,69.3287502339614
13.3988095238095,1.47257107144282,1.47443160384695,1.47366261377937,69.3297281283036
13.3989087301587,1.4724409471783,1.47443075399227,1.47295776194351,69.3307058812471
13.3990079365079,1.47231083334315,1.47442985198062,1.47225324737188,69.331683492832
13.3991071428571,1.47218072993832,1.47442889783959,1.47154906990716,69.3326609630989
13.3992063492063,1.47205063696476,1.47442789159673,1.47084522939215,69.3336382920879
13.3993055555556,1.47192055442348,1.47442683327957,1.47014172566964,69.3346154798395
13.3994047619048,1.47179048231546,1.47442572291565,1.46943855858253,69.3355925263938
13.399503968254,1.47166042064172,1.47442456053247,1.46873572797372,69.3365694317911
13.3996031746032,1.4715303694033,1.47442334615752,1.46803323368623,69.3375461960718
13.3997023809524,1.47140032860124,1.47442207981829,1.46733107556306,69.3385228192759
13.3998015873016,1.47127029823662,1.47442076154222,1.46662925344734,69.3394993014437
13.3999007936508,1.4711402783105,1.47441939135676,1.46592776718217,69.3404756426154
13.4,1.47101026882399,1.47441796928935,1.4652266166108,69.3414518428312
13.4000992063492,1.47088026977819,1.47441649536738,1.46452580157644,69.3424279021311
13.4001984126984,1.47075028117425,1.47441496961825,1.46382532192243,69.3434038205554
13.4002976190476,1.47062030301331,1.47441339206933,1.46312517749211,69.3443795981441
13.4003968253968,1.47049033529652,1.474411762748,1.46242536812891,69.3453552349372
13.400496031746,1.47036037802507,1.47441008168158,1.46172589367632,69.346330730975
13.4005952380952,1.47023043120015,1.47440834889742,1.46102675397783,69.3473060862974
13.4006944444444,1.47010049482297,1.47440656442281,1.46032794887705,69.3482813009444
13.4007936507937,1.46997056889476,1.47440472828506,1.45962947821758,69.3492563749561
13.4008928571429,1.46984065341677,1.47440284051145,1.45893134184315,69.3502313083724
13.4009920634921,1.46971074839025,1.47440090112923,1.45823353959747,69.3512061012333
13.4010912698413,1.46958085381647,1.47439891016564,1.45753607132437,69.3521807535788
13.4011904761905,1.46945096969674,1.47439686764793,1.45683893686765,69.3531552654489
13.4012896825397,1.46932109603235,1.47439477360329,1.45614213607128,69.3541296368833
13.4013888888889,1.46919123282464,1.47439262805894,1.45544566877916,69.355103867922
13.4014880952381,1.46906138007494,1.47439043104204,1.45474953483535,69.3560779586049
13.4015873015873,1.46893153778461,1.47438818257976,1.45405373408388,69.3570519089719
13.4016865079365,1.46880170595503,1.47438588269924,1.45335826636892,69.3580257190627
13.4017857142857,1.46867188458758,1.47438353142763,1.45266313153459,69.3589993889172
13.4018849206349,1.46854207368367,1.47438112879202,1.45196832942515,69.3599729185752
13.4019841269841,1.46841227324472,1.47437867481952,1.45127385988491,69.3609463080764
13.4020833333333,1.46828248327217,1.4743761695372,1.45057972275817,69.3619195574607
13.4021825396825,1.46815270376747,1.47437361297214,1.44988591788935,69.3628926667677
13.4022817460317,1.4680229347321,1.47437100515138,1.44919244512287,69.3638656360372
13.402380952381,1.46789317616754,1.47436834610195,1.44849930430328,69.3648384653088
13.4024801587302,1.46776342807529,1.47436563585087,1.44780649527508,69.3658111546224
13.4025793650794,1.46763369045688,1.47436287442514,1.44711401788293,69.3667837040174
13.4026785714286,1.46750396331384,1.47436006185173,1.44642187197145,69.3677561135336
13.4027777777778,1.46737424664772,1.47435719815761,1.4457300573854,69.3687283832106
13.402876984127,1.46724454046009,1.47435428336974,1.44503857396953,69.3697005130879
13.4029761904762,1.46711484475253,1.47435131751504,1.44434742156868,69.3706725032053
13.4030753968254,1.46698515952664,1.47434830062044,1.44365660002772,69.3716443536022
13.4031746031746,1.46685548478405,1.47434523271283,1.44296610919161,69.3726160643181
13.4032738095238,1.46672582052638,1.47434211381909,1.4422759489053,69.3735876353927
13.403373015873,1.46659616675528,1.4743389439661,1.44158611901387,69.3745590668653
13.4034722222222,1.46646652347243,1.47433572318069,1.44089661936242,69.3755303587756
13.4035714285714,1.46633689067949,1.47433245148972,1.44020744979608,69.3765015111629
13.4036706349206,1.46620726837817,1.47432912891999,1.43951861016009,69.3774725240668
13.4037698412698,1.46607765657018,1.47432575549831,1.43883010029967,69.3784433975266
13.403869047619,1.46594805525726,1.47432233125146,1.43814192006018,69.3794141315818
13.4039682539683,1.46581846444114,1.47431885620621,1.43745406928695,69.3803847262717
13.4040674603175,1.4656888841236,1.47431533038931,1.43676654782545,69.3813551816357
13.4041666666667,1.4655593143064,1.4743117538275,1.43607935552111,69.3823254977132
13.4042658730159,1.46542975499136,1.47430812654749,1.43539249221951,69.3832956745435
13.4043650793651,1.46530020618027,1.474304448576,1.4347059577662,69.384265712166
13.4044642857143,1.46517066787497,1.4743007199397,1.43401975200685,69.3852356106198
13.4045634920635,1.4650411400773,1.47429694066526,1.43333387478713,69.3862053699444
13.4046626984127,1.46491162278912,1.47429311077934,1.43264832595282,69.3871749901788
13.4047619047619,1.4647821160123,1.47428923030858,1.43196310534969,69.3881444713625
13.4048611111111,1.46465261974874,1.47428529927959,1.43127821282362,69.3891138135346
13.4049603174603,1.46452313400036,1.47428131771899,1.43059364822054,69.3900830167343
13.4050595238095,1.46439365876906,1.47427728565335,1.42990941138639,69.3910520810008
13.4051587301587,1.4642641940568,1.47427320310924,1.42922550216721,69.3920210063731
13.4052579365079,1.46413473986554,1.47426907011323,1.42854192040905,69.3929897928906
13.4053571428571,1.46400529619724,1.47426488669186,1.42785866595808,69.3939584405922
13.4054563492064,1.4638758630539,1.47426065287163,1.42717573866044,69.3949269495172
13.4055555555556,1.46374644043752,1.47425636867907,1.42649313836241,69.3958953197046
13.4056547619048,1.46361702835012,1.47425203414065,1.42581086491024,69.3968635511933
13.405753968254,1.46348762679376,1.47424764928285,1.42512891815033,69.3978316440226
13.4058531746032,1.46335823577046,1.47424321413213,1.42444729792903,69.3987995982314
13.4059523809524,1.46322885528233,1.47423872871492,1.42376600409284,69.3997674138587
13.4060515873016,1.46309948533143,1.47423419305765,1.42308503648822,69.4007350909435
13.4061507936508,1.46297012591987,1.47422960718672,1.4224043949618,69.4017026295248
13.40625,1.46284077704977,1.47422497112853,1.42172407936013,69.4026700296415
13.4063492063492,1.46271143872327,1.47422028490945,1.42104408952992,69.4036372913325
13.4064484126984,1.46258211094253,1.47421554855584,1.42036442531791,69.4046044146368
13.4065476190476,1.4624527937097,1.47421076209403,1.41968508657085,69.4055713995932
13.4066468253968,1.46232348702698,1.47420592555036,1.41900607313561,69.4065382462406
13.406746031746,1.46219419089656,1.47420103895112,1.41832738485903,69.4075049546179
13.4068452380952,1.46206490532067,1.47419610232262,1.41764902158811,69.4084715247639
13.4069444444444,1.46193563030154,1.47419111569112,1.41697098316981,69.4094379567174
13.4070436507936,1.46180636584141,1.47418607908289,1.4162932694512,69.4104042505172
13.4071428571429,1.46167711194255,1.47418099252417,1.41561588027938,69.4113704062021
13.4072420634921,1.46154786860725,1.47417585604118,1.41493881550152,69.4123364238107
13.4073412698413,1.4614186358378,1.47417066966013,1.41426207496481,69.413302303382
13.4074404761905,1.46128941363652,1.47416543340722,1.41358565851657,69.4142680449545
13.4075396825397,1.46116020200574,1.47416014730862,1.41290956600406,69.415233648567
13.4076388888889,1.46103100094781,1.47415481139049,1.41223379727472,69.4161991142581
13.4077380952381,1.46090181046509,1.47414942567898,1.41155835217593,69.4171644420665
13.4078373015873,1.46077263055996,1.47414399020021,1.4108832305552,69.4181296320309
13.4079365079365,1.46064346123481,1.4741385049803,1.4102084322601,69.4190946841898
13.4080357142857,1.46051430249206,1.47413297004533,1.40953395713817,69.4200595985819
13.4081349206349,1.46038515433415,1.47412738542139,1.40885980503711,69.4210243752458
13.4082341269841,1.4602560167635,1.47412175113454,1.40818597580458,69.4219890142199
13.4083333333333,1.46012688978258,1.47411606721082,1.40751246928838,69.4229535155429
13.4084325396825,1.45999777339387,1.47411033367625,1.40683928533628,69.4239178792532
13.4085317460317,1.45986866759987,1.47410455055687,1.40616642379619,69.4248821053894
13.408630952381,1.45973957240308,1.47409871787865,1.40549388451598,69.42584619399
13.4087301587302,1.45961048780603,1.47409283566757,1.40482166734369,69.4268101450934
13.4088293650794,1.45948141381126,1.47408690394961,1.40414977212728,69.427773958738
13.4089285714286,1.45935235042133,1.47408092275071,1.40347819871489,69.4287376349623
13.4090277777778,1.4592232976388,1.47407489209679,1.40280694695462,69.4297011738047
13.409126984127,1.45909425546629,1.47406881201377,1.4021360166947,69.4306645753036
13.4092261904762,1.45896522390639,1.47406268252754,1.40146540778333,69.4316278394974
13.4093253968254,1.45883620296172,1.474056503664,1.40079512006884,69.4325909664243
13.4094246031746,1.45870719263492,1.47405027544899,1.40012515339959,69.4335539561228
13.4095238095238,1.45857819292866,1.47404399790838,1.39945550762397,69.4345168086311
13.409623015873,1.45844920384559,1.47403767106798,1.39878618259047,69.4354795239875
13.4097222222222,1.45832022538842,1.47403129495362,1.39811717814757,69.4364421022303
13.4098214285714,1.45819125755984,1.4740248695911,1.39744849414388,69.4374045433977
13.4099206349206,1.45806230036258,1.47401839500618,1.39678013042799,69.4383668475281
13.4100198412698,1.45793335379937,1.47401187122465,1.39611208684862,69.4393290146595
13.410119047619,1.45780441787296,1.47400529827225,1.39544436325447,69.4402910448302
13.4102182539683,1.45767549258613,1.47399867617471,1.39477695949436,69.4412529380784
13.4103174603175,1.45754657794165,1.47399200495775,1.39410987541709,69.4422146944422
13.4104166666667,1.45741767394235,1.47398528464706,1.39344311087161,69.4431763139598
13.4105158730159,1.45728878059101,1.47397851526834,1.39277666570683,69.4441377966692
13.4106150793651,1.4571598978905,1.47397169684724,1.39211053977179,69.4450991426086
13.4107142857143,1.45703102584365,1.47396482940943,1.39144473291551,69.446060351816
13.4108134920635,1.45690216445333,1.47395791298052,1.39077924498713,69.4470214243296
13.4109126984127,1.45677331372242,1.47395094758614,1.39011407583584,69.4479823601873
13.4110119047619,1.45664447365383,1.4739439332519,1.38944922531082,69.4489431594271
13.4111111111111,1.45651564425047,1.47393687000337,1.38878469326138,69.4499038220872
13.4112103174603,1.45638682551527,1.47392975786612,1.38812047953683,69.4508643482053
13.4113095238095,1.45625801745118,1.4739225968657,1.38745658398657,69.4518247378196
13.4114087301587,1.45612922006116,1.47391538702766,1.38679300646003,69.4527849909679
13.4115079365079,1.4560004333482,1.47390812837751,1.38612974680672,69.4537451076882
13.4116071428571,1.45587165731528,1.47390082094074,1.38546680487617,69.4547050880184
13.4117063492063,1.45574289196543,1.47389346474285,1.384804180518,69.4556649319963
13.4118055555556,1.45561413730167,1.47388605980931,1.38414187358184,69.4566246396599
13.4119047619048,1.45548539332705,1.47387860616557,1.38347988391744,69.457584211047
13.412003968254,1.45535666004463,1.47387110383707,1.38281821137453,69.4585436461953
13.4121031746032,1.45522793745748,1.47386355284922,1.38215685580297,69.4595029451428
13.4122023809524,1.45509922556871,1.47385595322743,1.38149581705258,69.4604621079272
13.4123015873016,1.45497052438141,1.47384830499708,1.38083509497333,69.4614211345862
13.4124007936508,1.45484183389873,1.47384060818356,1.3801746894152,69.4623800251577
13.4125,1.45471315412379,1.47383286281221,1.37951460022821,69.4633387796793
13.4125992063492,1.45458448505977,1.47382506890836,1.37885482726248,69.4642973981888
13.4126984126984,1.45445582670983,1.47381722649735,1.37819537036811,69.4652558807238
13.4127976190476,1.45432717907717,1.47380933560448,1.37753622939535,69.466214227322
13.4128968253968,1.45419854216498,1.47380139625503,1.3768774041944,69.4671724380212
13.412996031746,1.45406991597651,1.47379340847427,1.37621889461563,69.4681305128588
13.4130952380952,1.45394130051499,1.47378537228747,1.37556070050935,69.4690884518726
13.4131944444444,1.45381269578367,1.47377728771986,1.37490282172601,69.4700462551001
13.4132936507937,1.45368410178583,1.47376915479667,1.37424525811606,69.4710039225789
13.4133928571429,1.45355551852475,1.4737609735431,1.37358800953005,69.4719614543465
13.4134920634921,1.45342694600374,1.47375274398434,1.37293107581852,69.4729188504406
13.4135912698413,1.45329838422613,1.47374446614556,1.37227445683215,69.4738761108985
13.4136904761905,1.45316983319525,1.47373614005193,1.37161815242159,69.4748332357579
13.4137896825397,1.45304129291445,1.47372776572858,1.3709621624376,69.4757902250562
13.4138888888889,1.4529127633871,1.47371934320064,1.37030648673099,69.4767470788307
13.4139880952381,1.45278424461659,1.4737108724932,1.36965112515258,69.4777037971191
13.4140873015873,1.45265573660633,1.47370235363138,1.36899607755331,69.4786603799588
13.4141865079365,1.45252723935973,1.47369378664023,1.3683413437841,69.479616827387
13.4142857142857,1.45239875288023,1.47368517154483,1.36768692369601,69.4805731394412
13.4143849206349,1.45227027717127,1.4736765083702,1.36703281714006,69.4815293161588
13.4144841269841,1.45214181223632,1.47366779714138,1.36637902396742,69.4824853575771
13.4145833333333,1.45201335807888,1.47365903788338,1.36572554402922,69.4834412637334
13.4146825396825,1.45188491470243,1.47365023062119,1.36507237717673,69.484397034665
13.4147817460317,1.4517564821105,1.47364137537977,1.3644195232612,69.4853526704093
13.414880952381,1.45162806030661,1.4736324721841,1.36376698213401,69.4863081710035
13.4149801587302,1.45149964929432,1.47362352105912,1.36311475364651,69.4872635364848
13.4150793650794,1.45137124907719,1.47361452202976,1.36246283765019,69.4882187668905
13.4151785714286,1.4512428596588,1.47360547512091,1.36181123399651,69.4891738622577
13.4152777777778,1.45111448104275,1.47359638035749,1.36115994253705,69.4901288226238
13.415376984127,1.45098611323266,1.47358723776436,1.36050896312343,69.4910836480257
13.4154761904762,1.45085775623214,1.47357804736639,1.35985829560729,69.4920383385008
13.4155753968254,1.45072941004486,1.47356880918842,1.35920793984038,69.492992894086
13.4156746031746,1.45060107467446,1.47355952325528,1.35855789567444,69.4939473148186
13.4157738095238,1.45047275012463,1.47355018959178,1.35790816296133,69.4949016007356
13.415873015873,1.45034443639906,1.47354080822271,1.35725874155289,69.4958557518742
13.4159722222222,1.45021613350148,1.47353137917287,1.35660963130111,69.4968097682712
13.4160714285714,1.45008784143559,1.473521902467,1.35596083205793,69.4977636499639
13.4161706349206,1.44995956020514,1.47351237812985,1.35531234367543,69.4987173969892
13.4162698412698,1.4498312898139,1.47350280618616,1.35466416600568,69.4996710093841
13.416369047619,1.44970303026565,1.47349318666063,1.35401629890087,69.5006244871855
13.4164682539683,1.44957478156416,1.47348351957797,1.35336874221317,69.5015778304305
13.4165674603175,1.44944654371326,1.47347380496285,1.35272149579487,69.502531039156
13.4166666666667,1.44931831671676,1.47346404283994,1.35207455949826,69.5034841133989
13.4167658730159,1.4491901005785,1.47345423323388,1.35142793317572,69.504437053196
13.4168650793651,1.44906189530236,1.47344437616931,1.35078161667971,69.5053898585844
13.4169642857143,1.44893370089218,1.47343447167084,1.35013560986265,69.5063425296008
13.4170634920635,1.44880551735188,1.47342451976306,1.34948991257712,69.507295066282
13.4171626984127,1.44867734468534,1.47341452047057,1.34884452467567,69.508247468665
13.4172619047619,1.4485491828965,1.47340447381792,1.34819944601098,69.5091997367865
13.4173611111111,1.44842103198929,1.47339437982966,1.3475546764357,69.5101518706833
13.4174603174603,1.44829289196768,1.47338423853032,1.34691021580263,69.5111038703921
13.4175595238095,1.44816476283561,1.47337404994443,1.34626606396454,69.5120557359498
13.4176587301587,1.44803664459709,1.47336381409648,1.34562222077431,69.5130074673929
13.4177579365079,1.44790853725612,1.47335353101095,1.34497868608482,69.5139590647583
13.4178571428571,1.44778044081672,1.47334320071232,1.34433545974908,69.5149105280827
13.4179563492063,1.44765235528291,1.47333282322502,1.34369254162007,69.5158618574026
13.4180555555556,1.44752428065877,1.47332239857349,1.34304993155091,69.5168130527548
13.4181547619048,1.44739621694834,1.47331192678216,1.34240762939468,69.5177641141758
13.418253968254,1.44726816415572,1.47330140787541,1.3417656350046,69.5187150417024
13.4183531746032,1.44714012228501,1.47329084187765,1.34112394823391,69.519665835371
13.4184523809524,1.44701209134032,1.47328022881322,1.34048256893588,69.5206164952182
13.4185515873016,1.44688407132579,1.47326956870649,1.33984149696388,69.5215670212807
13.4186507936508,1.44675606224556,1.47325886158179,1.33920073217129,69.5225174135949
13.41875,1.44662806410381,1.47324810746344,1.33856027441158,69.5234676721973
13.4188492063492,1.44650007690471,1.47323730637573,1.33792012353825,69.5244177971245
13.4189484126984,1.44637210065247,1.47322645834296,1.33728027940488,69.5253677884129
13.4190476190476,1.44624413535129,1.4732155633894,1.33664074186506,69.526317646099
13.4191468253968,1.4461161810054,1.47320462153929,1.3360015107725,69.5272673702192
13.419246031746,1.44598823761906,1.47319363281688,1.33536258598088,69.5282169608099
13.4193452380952,1.44586030519653,1.47318259724638,1.33472396734404,69.5291664179075
13.4194444444444,1.44573238374207,1.473171514852,1.33408565471575,69.5301157415485
13.4195436507936,1.44560447326001,1.47316038565792,1.33344764794996,69.5310649317691
13.4196428571429,1.44547657375463,1.47314920968831,1.33280994690057,69.5320139886057
13.4197420634921,1.44534868523026,1.47313798696734,1.33217255142159,69.5329629120947
13.4198412698413,1.44522080769127,1.47312671751913,1.3315354613671,69.5339117022723
13.4199404761905,1.445092941142,1.4731154013678,1.33089867659116,69.5348603591748
13.4200396825397,1.44496508558683,1.47310403853747,1.33026219694797,69.5358088828384
13.4201388888889,1.44483724103015,1.47309262905222,1.32962602229172,69.5367572732995
13.4202380952381,1.44470940747638,1.47308117293611,1.3289901524767,69.5377055305942
13.4203373015873,1.44458158492993,1.47306967021322,1.32835458735721,69.5386536547588
13.4204365079365,1.44445377339526,1.47305812090757,1.32771932678766,69.5396016458294
13.4205357142857,1.44432597287681,1.47304652504319,1.32708437062244,69.5405495038422
13.4206349206349,1.44419818337906,1.47303488264409,1.32644971871607,69.5414972288334
13.4207341269841,1.4440704049065,1.47302319373425,1.32581537092308,69.542444820839
13.4208333333333,1.44394263746364,1.47301145833764,1.32518132709807,69.5433922798952
13.4209325396825,1.443814881055,1.47299967647823,1.32454758709567,69.5443396060381
13.4210317460317,1.44368713568512,1.47298784817996,1.32391415077061,69.5452867993037
13.421130952381,1.44355940135855,1.47297597346674,1.32328101797763,69.5462338597282
13.4212301587302,1.44343167807987,1.47296405236249,1.32264818857154,69.5471807873474
13.4213293650794,1.44330396585366,1.47295208489109,1.32201566240723,69.5481275821975
13.4214285714286,1.44317626468452,1.47294007107643,1.32138343933959,69.5490742443144
13.4215277777778,1.44304857457709,1.47292801094235,1.32075151922362,69.5500207737341
13.421626984127,1.44292089553599,1.47291590451271,1.32011990191433,69.5509671704926
13.4217261904762,1.44279322756587,1.47290375181132,1.31948858726682,69.5519134346258
13.4218253968254,1.44266557067141,1.47289155286199,1.31885757513621,69.5528595661696
13.4219246031746,1.44253792485729,1.47287930768853,1.31822686537771,69.5538055651599
13.4220238095238,1.44241029012821,1.47286701631469,1.31759645784655,69.5547514316325
13.422123015873,1.44228266648888,1.47285467876425,1.31696635239805,69.5556971656234
13.4222222222222,1.44215505394405,1.47284229506094,1.31633654888753,69.5566427671684
13.4223214285714,1.44202745249846,1.4728298652285,1.31570704717044,69.5575882363033
13.4224206349206,1.44189986215688,1.47281738929063,1.31507784710221,69.5585335730639
13.4225198412698,1.44177228292409,1.47280486727102,1.31444894853839,69.5594787774859
13.422619047619,1.44164471480489,1.47279229919335,1.31382035133451,69.5604238496052
13.4227182539683,1.44151715780409,1.47277968508129,1.31319205534622,69.5613687894575
13.4228174603175,1.44138961192652,1.47276702495847,1.31256406042922,69.5623135970784
13.4229166666667,1.44126207717704,1.47275431884854,1.3119363664392,69.5632582725038
13.4230158730159,1.44113455356051,1.47274156677508,1.311308973232,69.5642028157693
13.4231150793651,1.44100704108179,1.47272876876171,1.31068188066341,69.5651472269105
13.4232142857143,1.44087953974581,1.472715924832,1.31005508858937,69.5660915059631
13.4233134920635,1.44075204955745,1.47270303500952,1.3094285968658,69.5670356529628
13.4234126984127,1.44062457052166,1.4726900993178,1.30880240534873,69.567979667945
13.4235119047619,1.44049710264337,1.47267711778038,1.3081765138942,69.5689235509455
13.4236111111111,1.44036964592756,1.47266409042077,1.30755092235835,69.5698673019998
13.4237103174603,1.44024220037919,1.47265101726246,1.30692563059731,69.5708109211434
13.4238095238095,1.44011476600325,1.47263789832894,1.30630063846735,69.5717544084118
13.4239087301587,1.43998734280477,1.47262473364368,1.3056759458247,69.5726977638407
13.4240079365079,1.43985993078876,1.4726115232301,1.30505155252574,69.5736409874654
13.4241071428571,1.43973252996026,1.47259826711166,1.3044274584268,69.5745840793215
13.4242063492064,1.43960514032434,1.47258496531176,1.30380366338435,69.5755270394443
13.4243055555556,1.43947776188608,1.4725716178538,1.30318016725491,69.5764698678693
13.4244047619048,1.43935039465055,1.47255822476115,1.30255696989498,69.5774125646321
13.424503968254,1.43922303862286,1.4725447860572,1.3019340711612,69.5783551297678
13.4246031746032,1.43909569380815,1.47253130176527,1.30131147091019,69.5792975633119
13.4247023809524,1.43896836021155,1.47251777190871,1.3006891689987,69.5802398652998
13.4248015873016,1.43884103783822,1.47250419651084,1.30006716528347,69.5811820357668
13.4249007936508,1.43871372669332,1.47249057559494,1.29944545962133,69.5821240747481
13.425,1.43858642678205,1.4724769091843,1.29882405186914,69.5830659822793
13.4250992063492,1.43845913810961,1.4724631973022,1.29820294188386,69.5840077583953
13.4251984126984,1.43833186068122,1.47244943997187,1.29758212952243,69.5849494031317
13.4252976190476,1.43820459450212,1.47243563721656,1.29696161464193,69.5858909165235
13.4253968253968,1.43807733957756,1.47242178905947,1.29634139709941,69.586832298606
13.425496031746,1.43795009591281,1.47240789552381,1.29572147675205,69.5877735494145
13.4255952380952,1.43782286351316,1.47239395663276,1.29510185345702,69.588714668984
13.4256944444444,1.43769564238391,1.4723799724095,1.29448252707159,69.5896556573498
13.4257936507937,1.43756843253037,1.47236594287716,1.29386349745307,69.590596514547
13.4258928571429,1.43744123395788,1.47235186805889,1.29324476445881,69.5915372406107
13.4259920634921,1.4373140466718,1.47233774797781,1.29262632794625,69.592477835576
13.4260912698413,1.43718687067748,1.47232358265701,1.29200818777283,69.593418299478
13.4261904761905,1.43705970598032,1.47230937211958,1.29139034379611,69.5943586323518
13.4262896825397,1.43693255258571,1.47229511638859,1.29077279587363,69.5952988342325
13.4263888888889,1.43680541049906,1.4722808154871,1.29015554386306,69.596238905155
13.4264880952381,1.43667827972581,1.47226646943813,1.28953858762205,69.5971788451543
13.4265873015873,1.43655116027141,1.47225207826471,1.28892192700839,69.5981186542655
13.4266865079365,1.43642405214131,1.47223764198984,1.28830556187982,69.5990583325235
13.4267857142857,1.43629695534101,1.47222316063651,1.28768949209424,69.5999978799633
13.4268849206349,1.436169869876,1.47220863422768,1.28707371750953,69.6009372966197
13.4269841269841,1.43604279575178,1.47219406278632,1.28645823798366,69.6018765825278
13.4270833333333,1.4359157329739,1.47217944633535,1.28584305337462,69.6028157377224
13.4271825396825,1.43578868154789,1.4721647848977,1.2852281635405,69.6037547622384
13.4272817460317,1.43566164147931,1.47215007849628,1.28461356833943,69.6046936561105
13.427380952381,1.43553461277375,1.47213532715397,1.28399926762955,69.6056324193738
13.4274801587302,1.4354075954368,1.47212053089364,1.28338526126914,69.6065710520629
13.4275793650794,1.43528058947407,1.47210568973815,1.28277154911644,69.6075095542127
13.4276785714286,1.43515359489118,1.47209080371033,1.28215813102982,69.6084479258579
13.4277777777778,1.43502661169378,1.47207587283302,1.28154500686765,69.6093861670334
13.427876984127,1.43489963988753,1.47206089712901,1.2809321764884,69.6103242777737
13.4279761904762,1.4347726794781,1.47204587662109,1.28031963975054,69.6112622581138
13.4280753968254,1.43464573047119,1.47203081133204,1.27970739651267,69.6122001080882
13.4281746031746,1.43451879287249,1.47201570128461,1.27909544663335,69.6131378277316
13.4282738095238,1.43439186668774,1.47200054650155,1.27848378997129,69.6140754170788
13.428373015873,1.43426495192268,1.47198534700557,1.27787242638518,69.6150128761643
13.4284722222222,1.43413804858306,1.47197010281939,1.27726135573381,69.6159502050227
13.4285714285714,1.43401115667465,1.47195481396569,1.27665057787599,69.6168874036888
13.4286706349206,1.43388427620325,1.47193948046715,1.2760400926706,69.6178244721969
13.4287698412698,1.43375740717466,1.47192410234643,1.27542989997661,69.6187614105818
13.428869047619,1.43363054959469,1.47190867962616,1.27481999965297,69.619698218878
13.4289682539683,1.4335037034692,1.47189321232898,1.27421039155876,69.6206348971199
13.4290674603175,1.43337686880402,1.47187770047749,1.27360107555304,69.6215714453421
13.4291666666667,1.43325004560505,1.47186214409428,1.272992051495,69.6225078635791
13.4292658730159,1.43312323387814,1.47184654320192,1.27238331924381,69.6234441518653
13.4293650793651,1.43299643362922,1.47183089782299,1.27177487865877,69.6243803102352
13.4294642857143,1.4328696448642,1.47181520798002,1.27116672959916,69.6253163387233
13.4295634920635,1.43274286758901,1.47179947369553,1.27055887192438,69.6262522373638
13.4296626984127,1.43261610180961,1.47178369499204,1.26995130549383,69.6271880061913
13.4297619047619,1.43248934753196,1.47176787189204,1.26934403016701,69.6281236452401
13.4298611111111,1.43236260476204,1.471752004418,1.26873704580343,69.6290591545445
13.4299603174603,1.43223587350587,1.47173609259239,1.2681303522627,69.6299945341389
13.4300595238095,1.43210915376945,1.47172013643766,1.26752394940444,69.6309297840576
13.4301587301587,1.43198244555881,1.47170413597622,1.26691783708835,69.6318649043349
13.4302579365079,1.43185574888001,1.47168809123049,1.26631201517421,69.632799895005
13.4303571428571,1.4317290637391,1.47167200222286,1.26570648352177,69.6337347561023
13.4304563492063,1.43160239014218,1.47165586897572,1.26510124199094,69.6346694876608
13.4305555555556,1.43147572809533,1.47163969151142,1.2644962904416,69.635604089715
13.4306547619048,1.43134907760468,1.47162346985231,1.26389162873373,69.6365385622989
13.430753968254,1.43122243867634,1.47160720402072,1.26328725672734,69.6374729054467
13.4308531746032,1.43109581131647,1.47159089403896,1.26268317428253,69.6384071191926
13.4309523809524,1.43096919553123,1.47157453992933,1.26207938125939,69.6393412035708
13.4310515873016,1.43084259132681,1.4715581417141,1.26147587751814,69.6402751586153
13.4311507936508,1.43071599870938,1.47154169941554,1.260872662919,69.6412089843603
13.43125,1.43058941768516,1.4715252130559,1.26026973732227,69.6421426808398
13.4313492063492,1.43046284826039,1.47150868265741,1.25966710058828,69.6430762480879
13.4314484126984,1.4303362904413,1.47149210824228,1.25906475257747,69.6440096861387
13.4315476190476,1.43020974423415,1.4714754898327,1.25846269315024,69.6449429950261
13.4316468253968,1.43008320964522,1.47145882745086,1.25786092216713,69.6458761747842
13.431746031746,1.42995668668081,1.47144212111893,1.25725943948873,69.6468092254469
13.4318452380952,1.42983017534722,1.47142537085904,1.2566582449756,69.6477421470483
13.4319444444444,1.42970367565077,1.47140857669334,1.25605733848847,69.6486749396222
13.4320436507937,1.4295771875978,1.47139173864394,1.25545671988801,69.6496076032026
13.4321428571429,1.42945071119469,1.47137485673293,1.25485638903505,69.6505401378234
13.4322420634921,1.42932424644778,1.4713579309824,1.25425634579039,69.6514725435185
13.4323412698413,1.42919779336348,1.47134096141442,1.25365659001495,69.6524048203217
13.4324404761905,1.4290713519482,1.47132394805103,1.25305712156964,69.653336968267
13.4325396825397,1.42894492220834,1.47130689091427,1.25245794031549,69.6542689873881
13.4326388888889,1.42881850415036,1.47128979002615,1.25185904611352,69.6552008777188
13.4327380952381,1.42869209778071,1.47127264540867,1.25126043882487,69.656132639293
13.4328373015873,1.42856570310585,1.47125545708383,1.25066211831066,69.6570642721444
13.4329365079365,1.42843932013228,1.47123822507357,1.25006408443215,69.6579957763067
13.4330357142857,1.42831294886649,1.47122094939986,1.24946633705057,69.6589271518137
13.4331349206349,1.42818658931501,1.47120363008463,1.24886887602726,69.6598583986992
13.4332341269841,1.42806024148437,1.4711862671498,1.24827170122362,69.6607895169967
13.4333333333333,1.42793390538113,1.47116886061726,1.24767481250103,69.6617205067401
13.4334325396825,1.42780758101185,1.47115141050891,1.24707820972103,69.6626513679628
13.4335317460317,1.42768126838312,1.47113391684661,1.24648189274512,69.6635821006987
13.433630952381,1.42755496750153,1.47111637965221,1.24588586143493,69.6645127049812
13.4337301587302,1.42742867837371,1.47109879894756,1.24529011565206,69.6654431808441
13.4338293650794,1.42730240100629,1.47108117475446,1.24469465525827,69.6663735283207
13.4339285714286,1.42717613540591,1.47106350709472,1.24409948011527,69.6673037474449
13.4340277777778,1.42704988157925,1.47104579599013,1.24350459008491,69.66823383825
13.434126984127,1.42692363953297,1.47102804146246,1.24290998502901,69.6691638007696
13.4342261904762,1.4267974092738,1.47101024353346,1.24231566480954,69.6700936350371
13.4343253968254,1.42667119080842,1.47099240222487,1.24172162928844,69.6710233410862
13.4344246031746,1.42654498414359,1.47097451755841,1.24112787832776,69.6719529189502
13.4345238095238,1.42641878928603,1.47095658955578,1.24053441178956,69.6728823686626
13.434623015873,1.42629260624253,1.47093861823866,1.23994122953599,69.6738116902568
13.4347222222222,1.42616643501985,1.47092060362874,1.23934833142926,69.6747408837662
13.4348214285714,1.42604027562479,1.47090254574767,1.23875571733158,69.6756699492242
13.4349206349206,1.42591412806416,1.47088444461708,1.23816338710528,69.6765988866642
13.4350198412698,1.42578799234479,1.4708663002586,1.23757134061269,69.6775276961195
13.435119047619,1.42566186847353,1.47084811269383,1.23697957771625,69.6784563776234
13.4352182539683,1.42553575645724,1.47082988194435,1.23638809827838,69.6793849312093
13.4353174603175,1.42540965630278,1.47081160803176,1.23579690216163,69.6803133569104
13.4354166666667,1.42528356801706,1.47079329097759,1.23520598922856,69.6812416547601
13.4355158730159,1.42515749160698,1.47077493080339,1.2346153593418,69.6821698247914
13.4356150793651,1.42503142707947,1.47075652753068,1.23402501236402,69.6830978670378
13.4357142857143,1.42490537444148,1.47073808118097,1.23343494815797,69.6840257815324
13.4358134920635,1.42477933369995,1.47071959177575,1.23284516658641,69.6849535683084
13.4359126984127,1.42465330486186,1.4707010593365,1.23225566751222,69.685881227399
13.4360119047619,1.4245272879342,1.47068248388466,1.23166645079827,69.6868087588373
13.4361111111111,1.42440128292398,1.47066386544169,1.23107751630751,69.6877361626565
13.4362103174603,1.42427528983823,1.470645204029,1.23048886390297,69.6886634388896
13.4363095238095,1.42414930868397,1.47062649966801,1.22990049344769,69.6895905875698
13.4364087301587,1.42402333946827,1.4706077523801,1.22931240480479,69.6905176087302
13.4365079365079,1.4238973821982,1.47058896218665,1.22872459783743,69.6914445024037
13.4366071428571,1.42377143688084,1.47057012910902,1.22813707240885,69.6923712686235
13.4367063492064,1.4236455035233,1.47055125316856,1.2275498283823,69.6932979074226
13.4368055555556,1.4235195821327,1.47053233438658,1.22696286562114,69.694224418834
13.4369047619048,1.42339367271617,1.4705133727844,1.22637618398872,69.6951508028906
13.437003968254,1.42326777528087,1.47049436838331,1.22578978334853,69.6960770596254
13.4371031746032,1.42314188983397,1.47047532120459,1.22520366356401,69.6970031890714
13.4372023809524,1.42301601638265,1.4704562312695,1.22461782449875,69.6979291912614
13.4373015873016,1.42289015493411,1.47043709859927,1.22403226601631,69.6988550662284
13.4374007936508,1.42276430549557,1.47041792321515,1.2234469879804,69.6997808140053
13.4375,1.42263846807426,1.47039870513833,1.22286199025468,69.7007064346249
13.4375992063492,1.42251264267744,1.47037944439002,1.22227727270294,69.70163192812
13.4376984126984,1.42238682931237,1.47036014099139,1.22169283518901,69.7025572945236
13.4377976190476,1.42226102798633,1.4703407949636,1.22110867757673,69.7034825338684
13.4378968253968,1.42213523870662,1.4703214063278,1.22052479973006,69.7044076461871
13.437996031746,1.42200946148055,1.47030197510511,1.21994120151296,69.7053326315126
13.4380952380952,1.42188369631547,1.47028250131665,1.21935788278949,69.7062574898777
13.4381944444444,1.42175794321871,1.47026298498352,1.21877484342371,69.707182221315
13.4382936507936,1.42163220219763,1.47024342612679,1.2181920832798,69.7081068258572
13.4383928571429,1.42150647325963,1.47022382476753,1.21760960222192,69.709031303537
13.4384920634921,1.42138075641209,1.47020418092678,1.21702740011436,69.7099556543872
13.4385912698413,1.42125505166242,1.47018449462557,1.21644547682139,69.7108798784403
13.4386904761905,1.42112935901806,1.47016476588492,1.21586383220742,69.711803975729
13.4387896825397,1.42100367848645,1.47014499472582,1.21528246613681,69.712727946286
13.4388888888889,1.42087801007505,1.47012518116925,1.21470137847408,69.7136517901437
13.4389880952381,1.42075235379133,1.47010532523618,1.21412056908372,69.7145755073349
13.4390873015873,1.4206267096428,1.47008542694756,1.21354003783033,69.7154990978919
13.4391865079365,1.42050107763696,1.47006548632432,1.21295978457854,69.7164225618475
13.4392857142857,1.42037545778133,1.47004550338736,1.21237980919302,69.717345899234
13.4393849206349,1.42024985008347,1.4700254781576,1.21180011153854,69.718269110084
13.4394841269841,1.42012425455092,1.47000541065591,1.21122069147987,69.71919219443
13.4395833333333,1.41999867119127,1.46998530090315,1.21064154888188,69.7201151523044
13.4396825396825,1.4198731000121,1.46996514892018,1.21006268360945,69.7210379837396
13.4397817460317,1.41974754102102,1.46994495472783,1.20948409552758,69.7219606887682
13.439880952381,1.41962199422565,1.46992471834692,1.20890578450123,69.7228832674224
13.4399801587302,1.41949645963363,1.46990443979824,1.20832775039552,69.7238057197347
13.4400793650794,1.41937093725263,1.46988411910258,1.20774999307552,69.7247280457375
13.4401785714286,1.4192454270903,1.4698637562807,1.20717251240645,69.725650245463
13.4402777777778,1.41911992915435,1.46984335135336,1.20659530825351,69.7265723189436
13.440376984127,1.41899444345247,1.46982290434129,1.20601838048201,69.7274942662116
13.4404761904762,1.41886896999238,1.46980241526521,1.20544172895726,69.7284160872994
13.4405753968254,1.41874350878182,1.46978188414581,1.20486535354467,69.729337782239
13.4406746031746,1.41861805982855,1.46976131100379,1.20428925410969,69.7302593510629
13.4407738095238,1.41849262314034,1.4697406958598,1.20371343051781,69.7311807938032
13.440873015873,1.41836719872496,1.46972003873452,1.2031378826346,69.7321021104921
13.4409722222222,1.41824178659023,1.46969933964855,1.20256261032565,69.7330233011619
13.4410714285714,1.41811638674395,1.46967859862254,1.20198761345665,69.7339443658447
13.4411706349206,1.41799099919397,1.46965781567707,1.20141289189329,69.7348653045726
13.4412698412698,1.41786562394814,1.46963699083274,1.20083844550137,69.7357861173778
13.441369047619,1.41774026101431,1.46961612411011,1.20026427414668,69.7367068042924
13.4414682539683,1.41761491040039,1.46959521552975,1.19969037769515,69.7376273653484
13.4415674603175,1.41748957211425,1.46957426511217,1.19911675601267,69.7385478005781
13.4416666666667,1.41736424616383,1.46955327287791,1.19854340896527,69.7394681100133
13.4417658730159,1.41723893255705,1.46953223884747,1.19797033641895,69.7403882936862
13.4418650793651,1.41711363130186,1.46951116304134,1.19739753823985,69.7413083516287
13.4419642857143,1.41698834240622,1.46949004547998,1.19682501429409,69.7422282838729
13.4420634920635,1.41686306587811,1.46946888618385,1.19625276444789,69.7431480904507
13.4421626984127,1.41673780172554,1.46944768517339,1.19568078856752,69.7440677713942
13.4422619047619,1.41661254995652,1.46942644246902,1.19510908651928,69.7449873267351
13.4423611111111,1.41648731057906,1.46940515809115,1.19453765816956,69.7459067565055
13.4424603174603,1.41636208360123,1.46938383206016,1.19396650338475,69.7468260607372
13.4425595238095,1.41623686903107,1.46936246439643,1.19339562203137,69.7477452394622
13.4426587301587,1.41611166687668,1.46934105512031,1.19282501397591,69.7486642927122
13.4427579365079,1.41598647714613,1.46931960425214,1.19225467908499,69.7495832205192
13.4428571428571,1.41586129984755,1.46929811181225,1.19168461722523,69.7505020229149
13.4429563492063,1.41573613498906,1.46927657782094,1.19111482826334,69.7514206999312
13.4430555555556,1.4156109825788,1.46925500229849,1.19054531206605,69.7523392515998
13.4431547619048,1.41548584262494,1.4692333852652,1.18997606850019,69.7532576779525
13.443253968254,1.41536071513563,1.4692117267413,1.18940709743259,69.7541759790211
13.4433531746032,1.41523560011909,1.46919002674705,1.18883839873019,69.7550941548372
13.4434523809524,1.41511049758352,1.46916828530266,1.18826997225993,69.7560122054326
13.4435515873016,1.41498540753713,1.46914650242835,1.18770181788884,69.756930130839
13.4436507936508,1.41486032998818,1.4691246781443,1.18713393548401,69.7578479310879
13.44375,1.41473526494491,1.4691028124707,1.18656632491254,69.7587656062112
13.4438492063492,1.4146102124156,1.46908090542769,1.18599898604165,69.7596831562404
13.4439484126984,1.41448517240854,1.46905895703542,1.18543191873854,69.7606005812071
13.4440476190476,1.41436014493203,1.46903696731403,1.18486512287053,69.7615178811429
13.4441468253968,1.4142351299944,1.4690149362836,1.18429859830495,69.7624350560794
13.444246031746,1.41411012760399,1.46899286396425,1.18373234490921,69.7633521060481
13.4443452380952,1.41398513776913,1.46897075037604,1.18316636255076,69.7642690310806
13.4444444444444,1.41386016049822,1.46894859553903,1.18260065109711,69.7651858312084
13.4445436507937,1.41373519579963,1.46892639947327,1.18203521041581,69.7661025064629
13.4446428571429,1.41361024368176,1.46890416219879,1.18147004037451,69.7670190568757
13.4447420634921,1.41348530415304,1.46888188373559,1.18090514084085,69.7679354824782
13.4448412698413,1.4133603772219,1.46885956410368,1.18034051168258,69.7688517833018
13.4449404761905,1.41323546289679,1.46883720332301,1.17977615276745,69.7697679593779
13.4450396825397,1.41311056118617,1.46881480141357,1.17921206396332,69.7706840107381
13.4451388888889,1.41298567209855,1.46879235839529,1.17864824513808,69.7715999374135
13.4452380952381,1.4128607956424,1.4687698742881,1.17808469615965,69.7725157394356
13.4453373015873,1.41273593182625,1.46874734911192,1.17752141689606,69.7734314168358
13.4454365079365,1.41261108065863,1.46872478288663,1.17695840721532,69.7743469696453
13.4455357142857,1.41248624214809,1.46870217563212,1.17639566698559,69.7752623978954
13.4456349206349,1.4123614163032,1.46867952736825,1.17583319607497,69.7761777016175
13.4457341269841,1.41223660313253,1.46865683811486,1.17527099435173,69.7770928808428
13.4458333333333,1.41211180264468,1.46863410789179,1.17470906168409,69.7780079356025
13.4459325396825,1.41198701484827,1.46861133671885,1.17414739794041,69.7789228659279
13.4460317460317,1.41186223975193,1.46858852461583,1.17358600298904,69.7798376718501
13.446130952381,1.4117374773643,1.46856567160252,1.17302487669844,69.7807523534003
13.4462301587302,1.41161272769405,1.46854277769868,1.17246401893706,69.7816669106098
13.4463293650794,1.41148799074985,1.46851984292406,1.17190342957347,69.7825813435097
13.4464285714286,1.41136326654039,1.46849686729838,1.17134310847625,69.783495652131
13.4465277777778,1.4112385550744,1.46847385084137,1.17078305551405,69.7844098365049
13.446626984127,1.41111385636059,1.46845079357271,1.17022327055558,69.7853238966625
13.4467261904762,1.41098917040772,1.4684276955121,1.16966375346959,69.7862378326349
13.4468253968254,1.41086449722453,1.4684045566792,1.1691045041249,69.787151644453
13.4469246031746,1.41073983681981,1.46838137709365,1.16854552239035,69.788065332148
13.4470238095238,1.41061518920235,1.46835815677509,1.1679868081349,69.7889788957508
13.447123015873,1.41049055438095,1.46833489574313,1.16742836122748,69.7898923352925
13.4472222222222,1.41036593236445,1.46831159401738,1.16687018153716,69.7908056508039
13.4473214285714,1.41024132316167,1.46828825161741,1.16631226893298,69.7917188423162
13.4474206349206,1.41011672678149,1.46826486856279,1.16575462328412,69.7926319098601
13.4475198412698,1.40999214323277,1.46824144487308,1.16519724445974,69.7935448534666
13.447619047619,1.4098675725244,1.46821798056781,1.16464013232911,69.7944576731666
13.4477182539683,1.40974301466529,1.46819447566649,1.16408328676149,69.795370368991
13.4478174603175,1.40961846966436,1.46817093018862,1.16352670762628,69.7962829409706
13.4479166666667,1.40949393753055,1.46814734415369,1.16297039479286,69.7971953891363
13.4480158730159,1.40936941827281,1.46812371758117,1.16241434813069,69.798107713519
13.4481150793651,1.40924491190011,1.46810005049051,1.16185856750931,69.7990199141492
13.4482142857143,1.40912041842145,1.46807634290114,1.16130305279827,69.799931991058
13.4483134920635,1.40899593784582,1.46805259483249,1.16074780386721,69.800843944276
13.4484126984127,1.40887147018224,1.46802880630394,1.16019282058579,69.801755773834
13.4485119047619,1.40874701543975,1.4680049773349,1.15963810282377,69.8026674797626
13.4486111111111,1.4086225736274,1.46798110794472,1.1590836504509,69.8035790620926
13.4487103174603,1.40849814475427,1.46795719815277,1.15852946333707,69.8044905208547
13.4488095238095,1.40837372882942,1.46793324797837,1.15797554135213,69.8054018560796
13.4489087301587,1.40824932586198,1.46790925744086,1.15742188436607,69.8063130677978
13.4490079365079,1.40812493586104,1.46788522655952,1.15686849224887,69.8072241560401
13.4491071428571,1.40800055883575,1.46786115535365,1.1563153648706,69.808135120837
13.4492063492063,1.40787619479525,1.46783704384252,1.15576250210136,69.809045962219
13.4493055555556,1.40775184374871,1.46781289204538,1.15520990381134,69.8099566802169
13.4494047619048,1.40762750570531,1.46778869998148,1.15465756987073,69.810867274861
13.449503968254,1.40750318067425,1.46776446767002,1.15410550014984,69.811777746182
13.4496031746032,1.40737886866474,1.46774019513022,1.15355369451899,69.8126880942104
13.4497023809524,1.40725456968602,1.46771588238127,1.15300215284855,69.8135983189766
13.4498015873016,1.40713028374733,1.46769152944233,1.15245087500898,69.8145084205111
13.4499007936508,1.40700601085793,1.46766713633257,1.15189986087075,69.8154183988444
13.45,1.40688175102711,1.46764270307111,1.15134911030444,69.8163282540068
13.4500992063492,1.40675750426415,1.46761822967709,1.15079862318061,69.8172379860289
13.4501984126984,1.40663327057838,1.46759371616962,1.15024839936996,69.818147594941
13.4502976190476,1.40650904997911,1.46756916256777,1.14969843874316,69.8190570807734
13.4503968253968,1.4063848424757,1.46754456889062,1.14914874117101,69.8199664435566
13.450496031746,1.40626064807749,1.46751993515723,1.1485993065243,69.8208756833209
13.4505952380952,1.40613646679388,1.46749526138664,1.14805013467393,69.8217848000965
13.4506944444444,1.40601229863425,1.46747054759788,1.1475012254908,69.8226937939138
13.4507936507936,1.40588814360801,1.46744579380995,1.14695257884591,69.8236026648031
13.4508928571429,1.40576400172459,1.46742100004184,1.14640419461029,69.8245114127946
13.4509920634921,1.40563987299342,1.46739616631253,1.14585607265502,69.8254200379185
13.4510912698413,1.40551575742397,1.46737129264097,1.14530821285127,69.8263285402051
13.4511904761905,1.40539165502571,1.46734637904611,1.14476061507021,69.8272369196846
13.4512896825397,1.40526756580814,1.46732142554687,1.14421327918312,69.8281451763872
13.4513888888889,1.40514348978075,1.46729643216216,1.14366620506128,69.8290533103429
13.4514880952381,1.40501942695307,1.46727139891088,1.14311939257608,69.829961321582
13.4515873015873,1.40489537733463,1.4672463258119,1.14257284159891,69.8308692101346
13.4516865079365,1.404771340935,1.46722121288407,1.14202655200126,69.8317769760308
13.4517857142857,1.40464731776375,1.46719606014625,1.14148052365463,69.8326846193007
13.4518849206349,1.40452330783046,1.46717086761725,1.14093475643064,69.8335921399742
13.4519841269841,1.40439931114473,1.46714563531589,1.14038925020087,69.8344995380816
13.4520833333333,1.4042753277162,1.46712036326097,1.13984400483705,69.8354068136527
13.4521825396825,1.40415135755448,1.46709505147126,1.13929902021089,69.8363139667177
13.4522817460317,1.40402740066924,1.46706969996551,1.13875429619421,69.8372209973065
13.452380952381,1.40390345707015,1.46704430876248,1.13820983265884,69.838127905449
13.4524801587302,1.40377952676688,1.4670188778809,1.1376656294767,69.8390346911753
13.4525793650794,1.40365560976915,1.46699340733946,1.13712168651975,69.8399413545152
13.4526785714286,1.40353170608666,1.46696789715688,1.13657800365998,69.8408478954987
13.4527777777778,1.40340781572916,1.46694234735183,1.13603458076949,69.8417543141556
13.452876984127,1.40328393870639,1.46691675794296,1.13549141772036,69.8426606105159
13.4529761904762,1.40316007502812,1.46689112894893,1.13494851438481,69.8435667846093
13.4530753968254,1.40303622470413,1.46686546038837,1.13440587063503,69.8444728364657
13.4531746031746,1.40291238774422,1.46683975227988,1.13386348634334,69.8453787661149
13.4532738095238,1.40278856415821,1.46681400464207,1.13332136138204,69.8462845735868
13.453373015873,1.40266475395592,1.46678821749351,1.13277949562356,69.847190258911
13.4534722222222,1.4025409571472,1.46676239085278,1.13223788894031,69.8480958221175
13.4535714285714,1.40241717374193,1.4667365247384,1.13169654120483,69.8490012632357
13.4536706349206,1.40229340374996,1.46671061916892,1.13115545228964,69.8499065822956
13.4537698412698,1.40216964718122,1.46668467416286,1.13061462206737,69.8508117793268
13.453869047619,1.40204590404559,1.4666586897387,1.13007405041068,69.851716854359
13.4539682539683,1.40192217435302,1.46663266591492,1.12953373719227,69.8526218074218
13.4540674603175,1.40179845811345,1.46660660271001,1.12899368228495,69.8535266385448
13.4541666666667,1.40167475533684,1.46658050014239,1.12845388556151,69.8544313477579
13.4542658730159,1.40155106603317,1.46655435823051,1.12791434689486,69.8553359350903
13.4543650793651,1.40142739021243,1.46652817699278,1.1273750661579,69.8562404005719
13.4544642857143,1.40130372788463,1.46650195644759,1.12683604322366,69.8571447442321
13.4545634920635,1.40118007905979,1.46647569661334,1.12629727796515,69.8580489661005
13.4546626984127,1.40105644374797,1.46644939750839,1.12575877025549,69.8589530662066
13.4547619047619,1.40093282195921,1.46642305915108,1.12522051996781,69.85985704458
13.4548611111111,1.40080921370359,1.46639668155976,1.12468252697535,69.86076090125
13.4549603174603,1.4006856189912,1.46637026475273,1.12414479115132,69.8616646362462
13.4550595238095,1.40056203783216,1.4663438087483,1.12360731236909,69.862568249598
13.4551587301587,1.40043847023658,1.46631731356475,1.12307009050199,69.8634717413349
13.4552579365079,1.4003149162146,1.46629077922035,1.12253312542347,69.8643751114862
13.4553571428571,1.40019137577638,1.46626420573336,1.12199641700698,69.8652783600814
13.4554563492064,1.40006784893209,1.46623759312199,1.12145996512607,69.8661814871498
13.4555555555556,1.39994433569193,1.46621094140449,1.12092376965433,69.8670844927207
13.4556547619048,1.39982083606608,1.46618425059903,1.12038783046539,69.8679873768236
13.455753968254,1.39969735006478,1.46615752072382,1.11985214743295,69.8688901394876
13.4558531746032,1.39957387769826,1.46613075179702,1.11931672043075,69.8697927807422
13.4559523809524,1.39945041897678,1.46610394383678,1.11878154933261,69.8706953006165
13.4560515873016,1.3993269739106,1.46607709686124,1.11824663401236,69.8715976991399
13.4561507936508,1.39920354251001,1.46605021088851,1.11771197434395,69.8724999763415
13.45625,1.39908012478531,1.46602328593671,1.11717757020131,69.8734021322506
13.4563492063492,1.39895672074683,1.46599632202392,1.11664342145848,69.8743041668964
13.4564484126984,1.39883333040488,1.4659693191682,1.11610952798952,69.875206080308
13.4565476190476,1.39870995376984,1.46594227738761,1.11557588966859,69.8761078725146
13.4566468253968,1.39858659085205,1.46591519670019,1.11504250636983,69.8770095435454
13.456746031746,1.39846324166192,1.46588807712397,1.11450937796751,69.8779110934294
13.4568452380952,1.39833990620982,1.46586091867693,1.1139765043359,69.8788125221959
13.4569444444444,1.39821658450619,1.46583372137708,1.11344388534936,69.8797138298737
13.4570436507937,1.39809327656145,1.46580648524239,1.11291152088229,69.8806150164921
13.4571428571429,1.39796998238605,1.4657792102908,1.11237941080914,69.88151608208
13.4572420634921,1.39784670199046,1.46575189654026,1.11184755500442,69.8824170266665
13.4573412698413,1.39772343538515,1.46572454400869,1.11131595334268,69.8833178502805
13.4574404761905,1.39760018258062,1.465697152714,1.11078460569856,69.8842185529511
13.4575396825397,1.39747694358739,1.46566972267407,1.11025351194671,69.8851191347073
13.4576388888889,1.39735371841598,1.46564225390678,1.10972267196188,69.8860195955778
13.4577380952381,1.39723050707694,1.46561474642998,1.10919208561882,69.8869199355918
13.4578373015873,1.39710730958084,1.46558720026152,1.1086617527924,69.8878201547781
13.4579365079365,1.39698412593824,1.46555961541922,1.10813167335746,69.8887202531656
13.4580357142857,1.39686095615975,1.46553199192088,1.107601847189,69.8896202307831
13.4581349206349,1.39673780025596,1.4655043297843,1.10707227416196,69.8905200876596
13.4582341269841,1.39661465823753,1.46547662902725,1.10654295415144,69.8914198238237
13.4583333333333,1.39649153011507,1.46544888966748,1.10601388703251,69.8923194393044
13.4584325396825,1.39636841589926,1.46542111172275,1.10548507268034,69.8932189341305
13.4585317460317,1.39624531560077,1.46539329521077,1.10495651097016,69.8941183083306
13.458630952381,1.39612222923028,1.46536544014926,1.10442820177721,69.8950175619336
13.4587301587302,1.39599915679852,1.4653375465559,1.10390014497685,69.8959166949682
13.4588293650794,1.39587609831619,1.46530961444837,1.10337234044442,69.896815707463
13.4589285714286,1.39575305379405,1.46528164384433,1.10284478805537,69.8977145994469
13.4590277777778,1.39563002324284,1.46525363476142,1.10231748768518,69.8986133709485
13.459126984127,1.39550700667335,1.46522558721728,1.1017904392094,69.8995120219963
13.4592261904762,1.39538400409636,1.4651975012295,1.10126364250359,69.9004105526192
13.4593253968254,1.39526101552267,1.46516937681568,1.10073709744345,69.9013089628456
13.4594246031746,1.39513804096311,1.4651412139934,1.10021080390464,69.9022072527042
13.4595238095238,1.39501508042851,1.46511301278023,1.09968476176294,69.9031054222235
13.459623015873,1.39489213392973,1.46508477319369,1.09915897089413,69.9040034714322
13.4597222222222,1.39476920147765,1.46505649525133,1.09863343117413,69.9049014003587
13.4598214285714,1.39464628308313,1.46502817897065,1.0981081424788,69.9057992090316
13.4599206349206,1.39452337875709,1.46499982436915,1.09758310468414,69.9066968974793
13.4600198412698,1.39440048851046,1.4649714314643,1.09705831766619,69.9075944657304
13.460119047619,1.39427761235415,1.46494300027357,1.09653378130101,69.9084919138134
13.4602182539683,1.39415475029912,1.46491453081441,1.09600949546476,69.9093892417566
13.4603174603175,1.39403190235635,1.46488602310423,1.09548546003361,69.9102864495885
13.4604166666667,1.39390906853681,1.46485747716046,1.09496167488381,69.9111835373374
13.4605158730159,1.3937862488515,1.46482889300049,1.09443813989166,69.9120805050319
13.4606150793651,1.39366344331145,1.46480027064171,1.09391485493352,69.9129773527002
13.4607142857143,1.39354065192768,1.46477161010146,1.09339181988578,69.9138740803706
13.4608134920635,1.39341787471124,1.46474291139711,1.09286903462493,69.9147706880716
13.4609126984127,1.39329511167319,1.46471417454597,1.09234649902746,69.9156671758314
13.4610119047619,1.39317236282463,1.46468539956537,1.09182421296996,69.9165635436783
13.4611111111111,1.39304962817664,1.4646565864726,1.09130217632903,69.9174597916407
13.4612103174603,1.39292690774034,1.46462773528495,1.09078038898138,69.9183559197466
13.4613095238095,1.39280420152686,1.46459884601967,1.09025885080371,69.9192519280244
13.4614087301587,1.39268150954734,1.46456991869402,1.08973756167283,69.9201478165023
13.4615079365079,1.39255883181295,1.46454095332522,1.08921652146559,69.9210435852084
13.4616071428571,1.39243616833487,1.4645119499305,1.08869573005886,69.9219392341709
13.4617063492063,1.39231351912429,1.46448290852705,1.08817518732961,69.9228347634181
13.4618055555556,1.39219088419242,1.46445382913205,1.08765489315483,69.923730172978
13.4619047619048,1.39206826355049,1.46442471176267,1.0871348474116,69.9246254628787
13.462003968254,1.39194565720975,1.46439555643606,1.086615049977,69.9255206331484
13.4621031746032,1.39182306518145,1.46436636316935,1.08609550072823,69.926415683815
13.4622023809524,1.39170048747686,1.46433713197966,1.08557619954249,69.9273106149067
13.4623015873016,1.39157792410729,1.46430786288409,1.08505714629708,69.9282054264516
13.4624007936508,1.39145537508403,1.46427855589972,1.08453834086929,69.9291001184775
13.4625,1.39133284041843,1.46424921104362,1.08401978313655,69.9299946910126
13.4625992063492,1.3912103201218,1.46421982833284,1.08350147297626,69.9308891440848
13.4626984126984,1.39108781420552,1.46419040778442,1.08298341026595,69.9317834777221
13.4627976190476,1.39096532268095,1.46416094941537,1.08246559488313,69.9326776919523
13.4628968253968,1.39084284555949,1.46413145324269,1.08194802670542,69.9335717868035
13.462996031746,1.39072038285254,1.46410191928337,1.08143070561048,69.9344657623035
13.4630952380952,1.39059793457153,1.46407234755438,1.08091363147601,69.9353596184803
13.4631944444444,1.39047550072788,1.46404273807266,1.08039680417979,69.9362533553615
13.4632936507937,1.39035308133306,1.46401309085517,1.07988022359961,69.9371469729753
13.4633928571429,1.39023067639855,1.46398340591881,1.07936388961337,69.9380404713492
13.4634920634921,1.39010828593581,1.46395368328048,1.07884780209898,69.9389338505112
13.4635912698413,1.38998590995636,1.46392392295708,1.07833196093443,69.9398271104891
13.4636904761905,1.38986354847172,1.46389412496547,1.07781636599775,69.9407202513106
13.4637896825397,1.38974120149343,1.46386428932252,1.07730101716704,69.9416132730034
13.4638888888889,1.38961886903302,1.46383441604504,1.07678591432043,69.9425061755953
13.4639880952381,1.38949655110208,1.46380450514987,1.07627105733614,69.9433989591139
13.4640873015873,1.38937424771219,1.46377455665381,1.07575644609239,69.9442916235871
13.4641865079365,1.38925195887495,1.46374457057364,1.07524208046751,69.9451841690424
13.4642857142857,1.38912968460197,1.46371454692615,1.07472796033985,69.9460765955075
13.4643849206349,1.38900742490488,1.46368448572807,1.07421408558783,69.9469689030101
13.4644841269841,1.38888517979535,1.46365438699616,1.07370045608993,69.9478610915776
13.4645833333333,1.38876294928503,1.46362425074713,1.07318707172466,69.9487531612379
13.4646825396825,1.38864073338561,1.46359407699769,1.07267393237061,69.9496451120183
13.4647817460317,1.38851853210878,1.46356386576453,1.07216103790639,69.9505369439466
13.464880952381,1.38839634546626,1.46353361706432,1.07164838821071,69.9514286570501
13.4649801587302,1.38827417346977,1.46350333091371,1.0711359831623,69.9523202513565
13.4650793650794,1.38815201613107,1.46347300732936,1.07062382263996,69.9532117268931
13.4651785714286,1.38802987346192,1.46344264632787,1.07011190652253,69.9541030836876
13.4652777777778,1.3879077454741,1.46341224792585,1.06960023468893,69.9549943217673
13.465376984127,1.3877856321794,1.46338181213991,1.0690888070181,69.9558854411597
13.4654761904762,1.38766353358963,1.4633513389866,1.06857762338906,69.9567764418922
13.4655753968254,1.38754144971663,1.46332082848249,1.06806668368088,69.9576673239923
13.4656746031746,1.38741938057223,1.46329028064413,1.06755598777268,69.9585580874872
13.4657738095238,1.3872973261683,1.46325969548802,1.06704553554362,69.9594487324044
13.465873015873,1.38717528651672,1.46322907303069,1.06653532687294,69.9603392587712
13.4659722222222,1.38705326162937,1.46319841328862,1.06602536163995,69.9612296666149
13.4660714285714,1.38693125151816,1.46316771627829,1.06551563972394,69.9621199559629
13.4661706349206,1.38680925619504,1.46313698201616,1.06500616100434,69.9630101268423
13.4662698412698,1.38668727567192,1.46310621051867,1.06449692536056,69.9639001792805
13.466369047619,1.38656530996077,1.46307540180225,1.06398793267214,69.9647901133048
13.4664682539683,1.38644335907357,1.4630445558833,1.06347918281861,69.9656799289423
13.4665674603175,1.3863214230223,1.46301367277822,1.06297067567959,69.9665696262202
13.4666666666667,1.38619950181897,1.46298275250339,1.06246241113473,69.9674592051658
13.4667658730159,1.38607759547561,1.46295179507516,1.06195438906376,69.9683486658062
13.4668650793651,1.38595570400426,1.46292080050989,1.06144660934645,69.9692380081686
13.4669642857143,1.38583382741696,1.46288976882389,1.06093907186263,69.9701272322801
13.4670634920635,1.38571196572579,1.46285870003347,1.06043177649215,69.9710163381678
13.4671626984127,1.38559011894284,1.46282759415494,1.059924723115,69.9719053258587
13.4672619047619,1.38546828708021,1.46279645120457,1.05941791161111,69.97279419538
13.4673611111111,1.38534647015002,1.46276527119863,1.05891134186056,69.9736829467588
13.4674603174603,1.38522466816442,1.46273405415335,1.05840501374345,69.974571580022
13.4675595238095,1.38510288113554,1.46270280008496,1.0578989271399,69.9754600951967
13.4676587301587,1.38498110907557,1.46267150900968,1.05739308193016,69.9763484923098
13.4677579365079,1.38485935199667,1.46264018094371,1.05688747799445,69.9772367713884
13.4678571428571,1.38473760991107,1.46260881590322,1.05638211521311,69.9781249324593
13.4679563492064,1.38461588283097,1.46257741390437,1.05587699346648,69.9790129755496
13.4680555555556,1.38449417076861,1.46254597496332,1.05537211263502,69.9799009006862
13.4681547619048,1.38437247373623,1.46251449909619,1.05486747259918,69.9807887078959
13.468253968254,1.38425079174612,1.4624829863191,1.05436307323951,69.9816763972056
13.4683531746032,1.38412912481053,1.46245143664814,1.05385891443658,69.9825639686422
13.4684523809524,1.38400747294179,1.46241985009939,1.05335499607104,69.9834514222325
13.4685515873016,1.38388583615219,1.46238822668892,1.05285131802357,69.9843387580034
13.4686507936508,1.38376421445408,1.46235656643277,1.05234788017495,69.9852259759816
13.46875,1.38364260785979,1.46232486934699,1.05184468240594,69.986113076194
13.4688492063492,1.3835210163817,1.46229313544757,1.05134172459742,69.9870000586672
13.4689484126984,1.38339944003218,1.46226136475053,1.05083900663031,69.9878869234281
13.4690476190476,1.38327787882363,1.46222955727183,1.05033652838556,69.9887736705034
13.4691468253968,1.38315633276846,1.46219771302746,1.0498342897442,69.9896602999197
13.469246031746,1.3830348018791,1.46216583203335,1.04933229058729,69.9905468117038
13.4693452380952,1.382913286168,1.46213391430545,1.04883053079599,69.9914332058823
13.4694444444444,1.38279178564761,1.46210195985966,1.04832901025144,69.9923194824818
13.4695436507936,1.38267030033042,1.46206996871188,1.04782772883491,69.9932056415291
13.4696428571429,1.38254883022891,1.462037940878,1.04732668642766,69.9940916830507
13.4697420634921,1.3824273753556,1.46200587637389,1.04682588291108,69.9949776070731
13.4698412698413,1.38230593572302,1.4619737752154,1.04632531816652,69.9958634136231
13.4699404761905,1.3821845113437,1.46194163741836,1.04582499207547,69.996749102727
13.4700396825397,1.3820631022302,1.46190946299858,1.04532490451941,69.9976346744115
13.4701388888889,1.3819417083951,1.46187725197188,1.04482505537994,69.998520128703
13.4702380952381,1.38182032985099,1.46184500435403,1.04432544453864,69.9994054656282
13.4703373015873,1.38169896661047,1.4618127201608,1.04382607187719,70.0002906852133
13.4704365079365,1.38157761868618,1.46178039940795,1.04332693727734,70.0011757874849
13.4705357142857,1.38145628609075,1.4617480421112,1.04282804062083,70.0020607724694
13.4706349206349,1.38133496883683,1.46171564828629,1.04232938178953,70.0029456401933
13.4707341269841,1.3812136669371,1.4616832179489,1.0418309606653,70.0038303906829
13.4708333333333,1.38109238040425,1.46165075111473,1.0413327771301,70.0047150239646
13.4709325396825,1.38097110925097,1.46161824779945,1.04083483106592,70.0055995400648
13.4710317460317,1.38084985349,1.46158570801871,1.04033712235481,70.0064839390097
13.471130952381,1.38072861313407,1.46155313178815,1.03983965087887,70.0073682208258
13.4712301587302,1.38060738819593,1.46152051912338,1.03934241652028,70.0082523855393
13.4713293650794,1.38048617868835,1.46148787004001,1.03884541916123,70.0091364331765
13.4714285714286,1.38036498462412,1.46145518455364,1.038348658684,70.0100203637636
13.4715277777778,1.38024380601603,1.46142246267982,1.0378521349709,70.010904177327
13.471626984127,1.38012264287692,1.46138970443411,1.03735584790433,70.0117878738928
13.4717261904762,1.3800014952196,1.46135690983206,1.03685979736669,70.0126714534872
13.4718253968254,1.37988036305694,1.46132407888918,1.03636398324048,70.0135549161364
13.4719246031746,1.3797592464018,1.46129121162097,1.03586840540826,70.0144382618666
13.4720238095238,1.37963814526706,1.46125830804294,1.03537306375258,70.015321490704
13.472123015873,1.37951705966563,1.46122536817054,1.03487795815613,70.0162046026745
13.4722222222222,1.37939598961041,1.46119239201924,1.03438308850158,70.0170875978045
13.4723214285714,1.37927493511435,1.46115937960448,1.03388845467171,70.0179704761198
13.4724206349206,1.37915389619038,1.46112633094167,1.0333940565493,70.0188532376467
13.4725198412698,1.37903287285147,1.46109324604623,1.03289989401725,70.0197358824112
13.472619047619,1.3789118651106,1.46106012493354,1.03240596695846,70.0206184104392
13.4727182539683,1.37879087298078,1.46102696761898,1.03191227525591,70.0215008217568
13.4728174603175,1.37866989647501,1.4609937741179,1.03141881879261,70.0223831163901
13.4729166666667,1.37854893560632,1.46096054444565,1.03092559745166,70.0232652943648
13.4730158730159,1.37842799038776,1.46092727861755,1.03043261111619,70.0241473557072
13.4731150793651,1.37830706083239,1.46089397664891,1.0299398596694,70.0250293004429
13.4732142857143,1.37818614695328,1.46086063855502,1.02944734299451,70.025911128598
13.4733134920635,1.37806524876354,1.46082726435115,1.02895506097484,70.0267928401984
13.4734126984127,1.37794436627627,1.46079385405257,1.02846301349375,70.0276744352699
13.4735119047619,1.3778234995046,1.46076040767451,1.02797120043462,70.0285559138384
13.4736111111111,1.37770264846167,1.4607269252322,1.02747962168094,70.0294372759297
13.4737103174603,1.37758181316064,1.46069340674085,1.02698827711619,70.0303185215696
13.4738095238095,1.37746099361469,1.46065985221566,1.02649716662398,70.031199650784
13.4739087301587,1.377340189837,1.46062626167179,1.02600629008791,70.0320806635986
13.4740079365079,1.37721940184079,1.46059263512441,1.02551564739167,70.0329615600392
13.4741071428571,1.37709862963928,1.46055897258867,1.02502523841898,70.0338423401315
13.4742063492063,1.37697787324571,1.46052527407968,1.02453506305364,70.0347230039012
13.4743055555556,1.37685713267334,1.46049153961257,1.02404512117948,70.035603551374
13.4744047619048,1.37673640793544,1.46045776920242,1.02355541268042,70.0364839825757
13.474503968254,1.37661569904529,1.46042396286431,1.02306593744037,70.0373642975319
13.4746031746032,1.37649500601622,1.4603901206133,1.02257669534337,70.0382444962681
13.4747023809524,1.37637432886152,1.46035624246445,1.02208768627345,70.0391245788102
13.4748015873016,1.37625366759455,1.46032232843276,1.02159891011473,70.0400045451836
13.4749007936508,1.37613302222865,1.46028837853327,1.02111036675141,70.0408843954139
13.475,1.37601239277721,1.46025439278096,1.02062205606766,70.0417641295267
13.4750992063492,1.3758917792536,1.46022037119081,1.0201339779478,70.0426437475476
13.4751984126984,1.37577118167122,1.46018631377779,1.01964613227613,70.0435232495021
13.4752976190476,1.3756506000435,1.46015222055684,1.01915851893705,70.0444026354156
13.4753968253968,1.37553003384565,1.46011809175359,1.01867113784026,70.0452819055245
13.475496031746,1.3754094815774,1.46008392797469,1.01818398894602,70.0461610604459
13.4755952380952,1.37528894314599,1.46004972927487,1.01769707215332,70.0470401002446
13.4756944444444,1.37516841854791,1.46001549567389,1.01721038735715,70.0479190249505
13.4757936507937,1.37504790777965,1.4599812271915,1.0167239344525,70.0487978345936
13.4758928571429,1.37492741083769,1.45994692384746,1.01623771333443,70.0496765292037
13.4759920634921,1.37480692771854,1.4599125856615,1.01575172389799,70.0505551088105
13.4760912698413,1.3746864584187,1.45987821265336,1.01526596603833,70.0514335734441
13.4761904761905,1.37456600293468,1.45984380484277,1.01478043965055,70.0523119231341
13.4762896825397,1.37444556126298,1.45980936224943,1.01429514462985,70.0531901579105
13.4763888888889,1.37432513340013,1.45977488489305,1.01381008087144,70.054068277803
13.4764880952381,1.37420471934265,1.45974037279334,1.01332524827055,70.0549462828414
13.4765873015873,1.37408431908706,1.45970582596998,1.01284064672248,70.0558241730556
13.4766865079365,1.37396393262989,1.45967124444267,1.01235627612251,70.0567019484752
13.4767857142857,1.37384355996769,1.45963662823107,1.01187213636601,70.0575796091302
13.4768849206349,1.37372320109699,1.45960197735486,1.01138822734833,70.0584571550502
13.4769841269841,1.37360285601434,1.45956729183369,1.01090454896492,70.059334586265
13.4770833333333,1.37348252471628,1.45953257168722,1.01042110111118,70.0602119028044
13.4771825396825,1.37336220719938,1.45949781693509,1.00993788368263,70.061089104698
13.4772817460317,1.37324190346018,1.45946302759694,1.00945489657474,70.0619661919757
13.477380952381,1.37312161349527,1.45942820369238,1.00897213968309,70.0628431646671
13.4774801587302,1.3730013373012,1.45939334524106,1.00848961290323,70.0637200228019
13.4775793650794,1.37288107487455,1.45935845226256,1.0080073161308,70.0645967664098
13.4776785714286,1.3727608262119,1.45932352477651,1.00752524926141,70.0654733955205
13.4777777777778,1.37264059130983,1.45928856280249,1.00704341219077,70.0663499101637
13.477876984127,1.37252037016493,1.45925356636009,1.00656180481459,70.067226310369
13.4779761904762,1.37240016277379,1.4592185354689,1.00608042702859,70.0681025961662
13.4780753968254,1.37227996913302,1.45918347014848,1.00559927872858,70.0689787675847
13.4781746031746,1.37215978923921,1.4591483704184,1.00511835981035,70.0698548246543
13.4782738095238,1.37203962308897,1.45911323629821,1.00463767016976,70.0707307674047
13.478373015873,1.37191947067891,1.45907806780746,1.00415720970268,70.0716065958653
13.4784722222222,1.37179933200566,1.45904286496569,1.00367697830504,70.0724823100659
13.4785714285714,1.37167920706582,1.45900762779244,1.00319697587276,70.073357910036
13.4786706349206,1.37155909585604,1.45897235630722,1.00271720230185,70.0742333958051
13.4787698412698,1.37143899837293,1.45893705052955,1.0022376574883,70.075108767403
13.478869047619,1.37131891461313,1.45890171047894,1.00175834132818,70.075984024859
13.4789682539683,1.37119884457329,1.45886633617489,1.00127925371754,70.0768591682029
13.4790674603175,1.37107878825005,1.45883092763689,1.00080039455252,70.0777341974641
13.4791666666667,1.37095874564006,1.45879548488442,1.00032176372926,70.0786091126722
13.4792658730159,1.37083871673998,1.45876000793696,0.999843361143929,70.0794839138567
13.4793650793651,1.37071870154646,1.45872449681398,0.999365186692771,70.0803586010471
13.4794642857143,1.37059870005617,1.45868895153493,0.998887240272004,70.0812331742729
13.4795634920635,1.37047871226578,1.45865337211927,0.998409521777936,70.0821076335636
13.4796626984127,1.37035873817195,1.45861775858645,0.997932031106856,70.0829819789488
13.4797619047619,1.37023877777138,1.45858211095588,0.997454768155139,70.0838562104578
13.4798611111111,1.37011883106075,1.45854642924701,0.996977732819142,70.0847303281201
13.4799603174603,1.36999889803673,1.45851071347926,0.996500924995306,70.0856043319653
13.4800595238095,1.36987897869603,1.45847496367203,0.996024344580054,70.0864782220227
13.4801587301587,1.36975907303535,1.45843917984473,0.995547991469896,70.0873519983218
13.4802579365079,1.36963918105137,1.45840336201675,0.995071865561321,70.088225660892
13.4803571428571,1.36951930274082,1.45836751020748,0.994595966750907,70.0890992097627
13.4804563492063,1.3693994381004,1.45833162443629,0.994120294935209,70.0899726449634
13.4805555555556,1.36927958712684,1.45829570472258,0.993644850010872,70.0908459665233
13.4806547619048,1.36915974981684,1.45825975108568,0.993169631874518,70.091719174472
13.480753968254,1.36903992616714,1.45822376354496,0.992694640422846,70.0925922688389
13.4808531746032,1.36892011617447,1.45818774211978,0.992219875552585,70.0934652496531
13.4809523809524,1.36880031983556,1.45815168682945,0.991745337160461,70.0943381169442
13.4810515873016,1.36868053714716,1.45811559769333,0.991271025143283,70.0952108707415
13.4811507936508,1.36856076810601,1.45807947473072,0.990796939397845,70.0960835110742
13.48125,1.36844101270886,1.45804331796095,0.990323079821022,70.0969560379718
13.4813492063492,1.36832127095246,1.45800712740332,0.989849446309674,70.0978284514635
13.4814484126984,1.36820154283358,1.45797090307714,0.989376038760746,70.0987007515787
13.4815476190476,1.36808182834897,1.45793464500168,0.988902857071163,70.0995729383467
13.4816468253968,1.36796212749541,1.45789835319625,0.988429901137936,70.1004450117966
13.481746031746,1.36784244026967,1.4578620276801,0.98795717085806,70.1013169719579
13.4818452380952,1.36772276666853,1.45782566847251,0.987484666128611,70.1021888188598
13.4819444444444,1.36760310668877,1.45778927559274,0.98701238684665,70.1030605525316
13.4820436507936,1.36748346032718,1.45775284906004,0.986540332909323,70.1039321730024
13.4821428571429,1.36736382758056,1.45771638889365,0.986068504213756,70.1048036803016
13.4822420634921,1.36724420844569,1.4576798951128,0.985596900657149,70.1056750744583
13.4823412698413,1.36712460291938,1.45764336773673,0.985125522136734,70.1065463555018
13.4824404761905,1.36700501099845,1.45760680678465,0.984654368549739,70.1074175234613
13.4825396825397,1.36688543267969,1.45757021227578,0.984183439793478,70.108288578366
13.4826388888889,1.36676586795993,1.45753358422931,0.983712735765244,70.1091595202451
13.4827380952381,1.36664631683599,1.45749692266444,0.983242256362417,70.1100303491277
13.4828373015873,1.36652677930469,1.45746022760036,0.982772001482359,70.110901065043
13.4829365079365,1.36640725536287,1.45742349905624,0.982301971022517,70.1117716680202
13.4830357142857,1.36628774500736,1.45738673705127,0.98183216488032,70.1126421580885
13.4831349206349,1.366168248235,1.45734994160459,0.98136258295328,70.1135125352769
13.4832341269841,1.36604876504264,1.45731311273537,0.980893225138894,70.1143827996146
13.4833333333333,1.36592929542712,1.45727625046275,0.980424091334743,70.1152529511308
13.4834325396825,1.3658098393853,1.45723935480587,0.979955181438389,70.1161229898545
13.4835317460317,1.36569039691404,1.45720242578387,0.97948649534748,70.1169929158147
13.483630952381,1.3655709680102,1.45716546341586,0.979018032959646,70.1178627290408
13.4837301587302,1.36545155267065,1.45712846772096,0.978549794172589,70.1187324295616
13.4838293650794,1.36533215089227,1.45709143871827,0.978081778884043,70.1196020174063
13.4839285714286,1.36521276267193,1.4570543764269,0.97761398699174,70.1204714926039
13.4840277777778,1.36509338800652,1.45701728086594,0.977146418393494,70.1213408551835
13.484126984127,1.36497402689292,1.45698015205446,0.976679072987103,70.1222101051742
13.4842261904762,1.36485467932803,1.45694299001155,0.976211950670448,70.1230792426048
13.4843253968254,1.36473534530874,1.45690579475626,0.975745051341395,70.1239482675046
13.4844246031746,1.36461602483196,1.45686856630767,0.975278374897892,70.1248171799024
13.4845238095238,1.36449671789459,1.45683130468481,0.974811921237871,70.1256859798273
13.484623015873,1.36437742449354,1.45679400990674,0.974345690259348,70.1265546673083
13.4847222222222,1.36425814462574,1.45675668199248,0.973879681860322,70.1274232423743
13.4848214285714,1.36413887828809,1.45671932096106,0.973413895938874,70.1282917050544
13.4849206349206,1.36401962547753,1.45668192683151,0.972948332393072,70.1291600553775
13.4850198412698,1.363900386191,1.45664449962282,0.972482991121064,70.1300282933724
13.485119047619,1.36378116042541,1.45660703935401,0.972017872020984,70.1308964190683
13.4852182539683,1.36366194817771,1.45656954604407,0.971552974991036,70.131764432494
13.4853174603175,1.36354274944486,1.45653201971199,0.971088299929457,70.1326323336784
13.4854166666667,1.36342356422379,1.45649446037674,0.970623846734481,70.1335001226504
13.4855158730159,1.36330439251146,1.45645686805729,0.970159615304425,70.134367799439
13.4856150793651,1.36318523430484,1.45641924277261,0.969695605537589,70.135235364073
13.4857142857143,1.36306608960088,1.45638158454165,0.969231817332358,70.1361028165814
13.4858134920635,1.36294695839654,1.45634389338336,0.968768250587099,70.1369701569929
13.4859126984127,1.36282784068882,1.45630616931668,0.968304905200263,70.1378373853365
13.4860119047619,1.36270873647468,1.45626841236053,0.967841781070285,70.138704501641
13.4861111111111,1.36258964575111,1.45623062253384,0.967378878095682,70.1395715059352
13.4862103174603,1.36247056851509,1.45619279985552,0.966916196174957,70.140438398248
13.4863095238095,1.36235150476363,1.45615494434449,0.966453735206694,70.1413051786082
13.4864087301587,1.3622324544937,1.45611705601963,0.965991495089463,70.1421718470446
13.4865079365079,1.36211341770232,1.45607913489984,0.965529475721914,70.143038403586
13.4866071428571,1.36199439438649,1.456041181004,0.965067677002684,70.1439048482613
13.4867063492064,1.36187538454323,1.45600319435098,0.964606098830479,70.1447711810991
13.4868055555556,1.36175638816955,1.45596517495966,0.964144741104039,70.1456374021283
13.4869047619048,1.36163740526246,1.45592712284888,0.963683603722101,70.1465035113776
13.487003968254,1.36151843581901,1.4558890380375,0.963222686583484,70.1473695088758
13.4871031746032,1.36139947983621,1.45585092054437,0.962761989586991,70.1482353946516
13.4872023809524,1.3612805373111,1.45581277038831,0.962301512631509,70.1491011687338
13.4873015873016,1.36116160824072,1.45577458758815,0.961841255615907,70.1499668311511
13.4874007936508,1.36104269262212,1.45573637216271,0.961381218439141,70.1508323819321
13.4875,1.36092379045235,1.45569812413081,0.960921401000145,70.1516978211057
13.4875992063492,1.36080490172845,1.45565984351123,0.960461803197942,70.1525631487004
13.4876984126984,1.3606860264475,1.45562153032278,0.960002424931536,70.153428364745
13.4877976190476,1.36056716460655,1.45558318458425,0.959543266100013,70.1542934692682
13.4878968253968,1.36044831620266,1.4555448063144,0.959084326602445,70.1551584622985
13.487996031746,1.36032948123292,1.45550639553202,0.958625606337987,70.1560233438647
13.4880952380952,1.36021065969441,1.45546795225586,0.958167105205777,70.1568881139955
13.4881944444444,1.36009185158419,1.45542947650467,0.957708823105024,70.1577527727194
13.4882936507937,1.35997305689937,1.45539096829721,0.957250759934971,70.158617320065
13.4883928571429,1.35985427563703,1.45535242765221,0.956792915594856,70.159481756061
13.4884920634921,1.35973550779428,1.4553138545884,0.956335289984001,70.160346080736
13.4885912698413,1.3596167533682,1.4552752491245,0.955877883001713,70.1612102941186
13.4886904761905,1.35949801235592,1.45523661127923,0.95542069454738,70.1620743962374
13.4887896825397,1.35937928475454,1.4551979410713,0.954963724520375,70.1629383871209
13.4888888888889,1.35926057056117,1.45515923851939,0.954506972820154,70.1638022667977
13.4889880952381,1.35914186977293,1.4551205036422,0.954050439346156,70.1646660352963
13.4890873015873,1.35902318238697,1.45508173645842,0.953594123997906,70.1655296926454
13.4891865079365,1.35890450840039,1.45504293698671,0.95313802667491,70.1663932388734
13.4892857142857,1.35878584781034,1.45500410524574,0.952682147276757,70.1672566740089
13.4893849206349,1.35866720061395,1.45496524125418,0.952226485703022,70.1681199980803
13.4894841269841,1.35854856680838,1.45492634503066,0.951771041853361,70.1689832111163
13.4895833333333,1.35842994639077,1.45488741659383,0.951315815627416,70.1698463131452
13.4896825396825,1.35831133935827,1.45484845596233,0.950860806924898,70.1707093041956
13.4897817460317,1.35819274570805,1.45480946315478,0.950406015645553,70.1715721842959
13.489880952381,1.35807416543726,1.4547704381898,0.949951441689121,70.1724349534746
13.4899801587302,1.35795559854308,1.454731381086,0.949497084955427,70.1732976117602
13.4900793650794,1.35783704502267,1.45469229186198,0.949042945344279,70.1741601591811
13.4901785714286,1.35771850487323,1.45465317053633,0.94858902275557,70.1750225957658
13.4902777777778,1.35759997809191,1.45461401712764,0.948135317089174,70.1758849215426
13.490376984127,1.35748146467593,1.45457483165449,0.94768182824505,70.17674713654
13.4904761904762,1.35736296462246,1.45453561413545,0.947228556123141,70.1776092407864
13.4905753968254,1.3572444779287,1.45449636458907,0.946775500623471,70.1784712343102
13.4906746031746,1.35712600459186,1.45445708303392,0.946322661646051,70.1793331171398
13.4907738095238,1.35700754460915,1.45441776948853,0.945870039090973,70.1801948893035
13.490873015873,1.35688909797776,1.45437842397145,0.945417632858313,70.1810565508298
13.4909722222222,1.35677066469493,1.45433904650121,0.944965442848231,70.1819181017469
13.4910714285714,1.35665224475786,1.45429963709632,0.944513468960871,70.1827795420833
13.4911706349206,1.35653383816378,1.4542601957753,0.944061711096446,70.1836408718672
13.4912698412698,1.35641544490994,1.45422072255666,0.943610169155204,70.184502091127
13.491369047619,1.35629706499354,1.45418121745889,0.943158843037389,70.185363199891
13.4914682539683,1.35617869841185,1.45414168050048,0.942707732643329,70.1862241981876
13.4915674603175,1.3560603451621,1.45410211169992,0.942256837873333,70.1870850860449
13.4916666666667,1.35594200524155,1.45406251107567,0.941806158627797,70.1879458634913
13.4917658730159,1.35582367864743,1.45402287864621,0.941355694807098,70.1888065305552
13.4918650793651,1.35570536537703,1.45398321442999,0.940905446311697,70.1896670872646
13.4919642857143,1.35558706542759,1.45394351844545,0.94045541304204,70.190527533648
13.4920634920635,1.35546877879638,1.45390379071105,0.940005594898653,70.1913878697335
13.4921626984127,1.35535050548069,1.45386403124521,0.939555991782051,70.1922480955494
13.4922619047619,1.35523224547778,1.45382424006637,0.939106603592826,70.1931082111239
13.4923611111111,1.35511399878493,1.45378441719293,0.938657430231559,70.1939682164852
13.4924603174603,1.35499576539945,1.4537445626433,0.938208471598912,70.1948281116616
13.4925595238095,1.3548775453186,1.4537046764359,0.93775972759553,70.1956878966812
13.4926587301587,1.35475933853971,1.4536647585891,0.93731119812213,70.1965475715723
13.4927579365079,1.35464114506005,1.4536248091213,0.936862883079462,70.1974071363629
13.4928571428571,1.35452296487695,1.45358482805088,0.936414782368274,70.1982665910814
13.4929563492063,1.35440479798771,1.4535448153962,0.935966895889394,70.1991259357557
13.4930555555556,1.35428664438965,1.45350477117562,0.935519223543636,70.1999851704142
13.4931547619048,1.35416850408009,1.4534646954075,0.935071765231897,70.2008442950849
13.493253968254,1.35405037705634,1.45342458811018,0.934624520855057,70.2017033097959
13.4933531746032,1.35393226331575,1.45338444930201,0.93417749031408,70.2025622145754
13.4934523809524,1.35381416285565,1.4533442790013,0.933730673509913,70.2034210094515
13.4935515873016,1.35369607567338,1.45330407722638,0.933284070343588,70.2042796944522
13.4936507936508,1.35357800176627,1.45326384399556,0.932837680716117,70.2051382696058
13.49375,1.35345994113168,1.45322357932716,0.9323915045286,70.2059967349401
13.4938492063492,1.35334189376697,1.45318328323945,0.931945541682118,70.2068550904834
13.4939484126984,1.35322385966949,1.45314295575075,0.931499792077835,70.2077133362637
13.4940476190476,1.3531058388366,1.45310259687931,0.931054255616901,70.208571472309
13.4941468253968,1.35298783126567,1.45306220664343,0.930608932200533,70.2094294986474
13.494246031746,1.35286983695409,1.45302178506136,0.930163821729985,70.2102874153068
13.4943452380952,1.35275185589921,1.45298133215136,0.929718924106507,70.2111452223154
13.4944444444444,1.35263388809843,1.45294084793168,0.929274239231429,70.2120029197011
13.4945436507937,1.35251593354912,1.45290033242057,0.928829767006069,70.2128605074919
13.4946428571429,1.3523979922487,1.45285978563624,0.928385507331825,70.2137179857159
13.4947420634921,1.35228006419454,1.45281920759693,0.927941460110081,70.2145753544009
13.4948412698413,1.35216214938405,1.45277859832086,0.927497625242303,70.215432613575
13.4949404761905,1.35204424781463,1.45273795782624,0.927054002629941,70.2162897632662
13.4950396825397,1.35192635948371,1.45269728613126,0.926610592174527,70.2171468035023
13.4951388888889,1.35180848438869,1.45265658325411,0.92616739377758,70.2180037343113
13.4952380952381,1.35169062252699,1.45261584921299,0.925724407340698,70.2188605557212
13.4953373015873,1.35157277389604,1.45257508402607,0.925281632765467,70.2197172677599
13.4954365079365,1.35145493849326,1.45253428771152,0.924839069953554,70.2205738704552
13.4955357142857,1.3513371163161,1.4524934602875,0.92439671880661,70.2214303638352
13.4956349206349,1.35121930736198,1.45245260177216,0.923954579226356,70.2222867479276
13.4957341269841,1.35110151162837,1.45241171218365,0.923512651114548,70.2231430227604
13.4958333333333,1.35098372911269,1.4523707915401,0.923070934372937,70.2239991883614
13.4959325396825,1.35086595981242,1.45232983985965,0.922629428903359,70.2248552447585
13.4960317460317,1.35074820372499,1.4522888571604,0.922188134607631,70.2257111919795
13.496130952381,1.35063046084789,1.45224784346049,0.921747051387656,70.2265670300523
13.4962301587302,1.35051273117857,1.452206798778,0.921306179145319,70.2274227590048
13.4963293650794,1.35039501471451,1.45216572313105,0.920865517782589,70.2282783788646
13.4964285714286,1.35027731145318,1.4521246165377,0.920425067201419,70.2291338896597
13.4965277777778,1.35015962139208,1.45208347901606,0.919984827303843,70.2299892914179
13.496626984127,1.35004194452867,1.45204231058419,0.919544797991883,70.2308445841669
13.4967261904762,1.34992428086047,1.45200111126015,0.919104979167641,70.2316997679346
13.4968253968254,1.34980663038495,1.451959881062,0.918665370733203,70.2325548427486
13.4969246031746,1.34968899309963,1.45191862000779,0.918225972590738,70.2334098086368
13.4970238095238,1.349571369002,1.45187732811555,0.917786784642402,70.2342646656269
13.497123015873,1.34945375808958,1.45183600540334,0.917347806790419,70.2351194137467
13.4972222222222,1.34933616035989,1.45179465188916,0.916909038937044,70.2359740530239
13.4973214285714,1.34921857581044,1.45175326759103,0.916470480984535,70.2368285834862
13.4974206349206,1.34910100443877,1.45171185252696,0.916032132835226,70.2376830051613
13.4975198412698,1.34898344624238,1.45167040671496,0.91559399439144,70.2385373180769
13.497619047619,1.34886590121884,1.45162893017301,0.915156065555581,70.2393915222608
13.4977182539683,1.34874836936566,1.4515874229191,0.914718346230038,70.2402456177405
13.4978174603175,1.3486308506804,1.45154588497121,0.91428083631728,70.2410996045439
13.4979166666667,1.3485133451606,1.4515043163473,0.913843535719764,70.2419534826985
13.4980158730159,1.34839585280382,1.45146271706534,0.913406444340028,70.2428072522319
13.4981150793651,1.34827837360762,1.45142108714327,0.912969562080595,70.243660913172
13.4982142857143,1.34816090756955,1.45137942659905,0.912532888844068,70.2445144655461
13.4983134920635,1.34804345468719,1.4513377354506,0.912096424533039,70.2453679093821
13.4984126984127,1.34792601495811,1.45129601371586,0.911660169050178,70.2462212447075
13.4985119047619,1.34780858837988,1.45125426141275,0.911224122298142,70.24707447155
13.4986111111111,1.34769117495008,1.45121247855917,0.910788284179659,70.247927589937
13.4987103174603,1.34757377466631,1.45117066517304,0.910352654597487,70.2487805998962
13.4988095238095,1.34745638752616,1.45112882127225,0.909917233454386,70.2496335014552
13.4989087301587,1.34733901352722,1.45108694687469,0.909482020653193,70.2504862946415
13.4990079365079,1.34722165266708,1.45104504199823,0.909047016096733,70.2513389794827
13.4991071428571,1.34710430494337,1.45100310666076,0.908612219687912,70.2521915560064
13.4992063492064,1.34698697035368,1.45096114088012,0.908177631329622,70.25304402424
13.4993055555556,1.34686964889563,1.45091914467419,0.907743250924836,70.2538963842111
13.4994047619048,1.34675234056684,1.45087711806081,0.907309078376512,70.2547486359472
13.499503968254,1.34663504536495,1.45083506105782,0.906875113587691,70.2556007794758
13.4996031746032,1.34651776328756,1.45079297368305,0.906441356461398,70.2564528148244
13.4997023809524,1.34640049433233,1.45075085595432,0.906007806900739,70.2573047420205
13.4998015873016,1.34628323849689,1.45070870788946,0.905574464808809,70.2581565610916
13.4999007936508,1.34616599577888,1.45066652950626,0.905141330088779,70.2590082720651
13.5,1.34604876617595,1.45062432082253,0.904708402643812,70.2598598749685
13.5000992063492,1.34593154968575,1.45058208185607,0.904275682377134,70.2607113698293
13.5001984126984,1.34581434630595,1.45053981262465,0.903843169192009,70.2615627566748
13.5002976190476,1.34569715603419,1.45049751314606,0.903410862991697,70.2624140355325
13.5003968253968,1.34557997886817,1.45045518343805,0.90297876367954,70.2632652064298
13.500496031746,1.34546281480553,1.45041282351839,0.902546871158865,70.2641162693941
13.5005952380952,1.34534566384397,1.45037043340484,0.902115185333079,70.2649672244528
13.5006944444444,1.34522852598115,1.45032801311513,0.901683706105578,70.2658180716334
13.5007936507936,1.34511140121478,1.450285562667,0.901252433379837,70.2666688109631
13.5008928571429,1.34499428954254,1.45024308207818,0.900821367059317,70.2675194424693
13.5009920634921,1.34487719096212,1.45020057136639,0.90039050704756,70.2683699661795
13.5010912698413,1.34476010547122,1.45015803054935,0.899959853248095,70.2692203821209
13.5011904761905,1.34464303306757,1.45011545964475,0.899529405564532,70.2700706903208
13.5012896825397,1.34452597374885,1.45007285867029,0.899099163900465,70.2709208908067
13.5013888888889,1.34440892751278,1.45003022764365,0.898669128159571,70.2717709836058
13.5014880952381,1.3442918943571,1.44998756658253,0.898239298245512,70.2726209687455
13.5015873015873,1.34417487427951,1.44994487550459,0.89780967406202,70.273470846253
13.5016865079365,1.34405786727776,1.44990215442749,0.89738025551286,70.2743206161555
13.5017857142857,1.34394087334956,1.4498594033689,0.896951042501795,70.2751702784805
13.5018849206349,1.34382389249267,1.44981662234645,0.896522034932668,70.2760198332551
13.5019841269841,1.34370692470483,1.44977381137779,0.89609323270931,70.2768692805067
13.5020833333333,1.34358996998378,1.44973097048055,0.895664635735631,70.2777186202624
13.5021825396825,1.34347302832728,1.44968809967235,0.895236243915528,70.2785678525496
13.5022817460317,1.34335609973308,1.44964519897081,0.89480805715298,70.2794169773953
13.502380952381,1.34323918419895,1.44960226839354,0.89438007535195,70.2802659948269
13.5024801587302,1.34312228172265,1.44955930795814,0.893952298416482,70.2811149048715
13.5025793650794,1.34300539230196,1.44951631768219,0.893524726250609,70.2819637075565
13.5026785714286,1.34288851593465,1.44947329758329,0.893097358758441,70.2828124029088
13.5027777777778,1.34277165261851,1.449430247679,0.892670195844078,70.2836609909558
13.502876984127,1.34265480235132,1.4493871679869,0.892243237411697,70.2845094717245
13.5029761904762,1.34253796513086,1.44934405852454,0.891816483365463,70.2853578452422
13.5030753968254,1.34242114095495,1.44930091930948,0.891389933609611,70.2862061115361
13.5031746031746,1.34230432982137,1.44925775035926,0.890963588048409,70.2870542706331
13.5032738095238,1.34218753172793,1.44921455169141,0.890537446586121,70.2879023225605
13.503373015873,1.34207074667245,1.44917132332347,0.890111509127094,70.2887502673454
13.5034722222222,1.34195397465274,1.44912806527294,0.889685775575661,70.2895981050148
13.5035714285714,1.34183721566661,1.44908477755736,0.889260245836235,70.290445835596
13.5036706349206,1.34172046971189,1.44904146019421,0.888834919813215,70.2912934591159
13.5037698412698,1.34160373678642,1.44899811320099,0.888409797411082,70.2921409756017
13.503869047619,1.34148701688802,1.44895473659519,0.887984878534302,70.2929883850804
13.5039682539683,1.34137031001453,1.4489113303943,0.887560163087424,70.2938356875791
13.5040674603175,1.34125361616379,1.44886789461577,0.887135650974979,70.2946828831249
13.5041666666667,1.34113693533366,1.44882442927708,0.886711342101584,70.2955299717447
13.5042658730159,1.34102026752199,1.44878093439568,0.886287236371837,70.2963769534656
13.5043650793651,1.34090361272663,1.44873740998901,0.885863333690421,70.2972238283146
13.5044642857143,1.34078697094544,1.44869385607453,0.885439633962004,70.2980705963188
13.5045634920635,1.3406703421763,1.44865027266965,0.885016137091322,70.2989172575051
13.5046626984127,1.34055372641708,1.4486066597918,0.884592842983144,70.2997638119005
13.5047619047619,1.34043712366564,1.4485630174584,0.884169751542239,70.3006102595321
13.5048611111111,1.34032053391988,1.44851934568685,0.883746862673456,70.3014566004267
13.5049603174603,1.34020395717767,1.44847564449455,0.88332417628163,70.3023028346113
13.5050595238095,1.34008739343692,1.4484319138989,0.882901692271677,70.3031489621129
13.5051587301587,1.33997084269551,1.44838815391728,0.882479410548499,70.3039949829585
13.5052579365079,1.33985430495135,1.44834436456706,0.882057331017078,70.3048408971749
13.5053571428571,1.33973778020233,1.44830054586561,0.881635453582385,70.305686704789
13.5054563492063,1.33962126844638,1.44825669783029,0.881213778149469,70.3065324058279
13.5055555555556,1.3395047696814,1.44821282047845,0.880792304623365,70.3073780003184
13.5056547619048,1.33938828390532,1.44816891382744,0.880371032909192,70.3082234882873
13.505753968254,1.33927181111605,1.44812497789458,0.879949962912052,70.3090688697616
13.5058531746032,1.33915535131153,1.44808101269721,0.879529094537128,70.3099141447681
13.5059523809524,1.33903890448969,1.44803701825264,0.879108427689592,70.3107593133337
13.5060515873016,1.33892247064847,1.44799299457819,0.878687962274683,70.3116043754852
13.5061507936508,1.33880604978581,1.44794894169116,0.878267698197671,70.3124493312496
13.50625,1.33868964189966,1.44790485960884,0.87784763536383,70.3132941806535
13.5063492063492,1.33857324698798,1.44786074834852,0.877427773678509,70.3141389237239
13.5064484126984,1.33845686504871,1.44781660792749,0.877008113047048,70.3149835604875
13.5065476190476,1.33834049607983,1.447772438363,0.876588653374862,70.3158280909712
13.5066468253968,1.33822414007929,1.44772823967233,0.87616939456736,70.3166725152017
13.506746031746,1.33810779704507,1.44768401187273,0.875750336530024,70.3175168332059
13.5068452380952,1.33799146697515,1.44763975498145,0.875331479168327,70.3183610450104
13.5069444444444,1.33787514986751,1.44759546901572,0.874912822387821,70.3192051506421
13.5070436507937,1.33775884572013,1.44755115399277,0.874494366094045,70.3200491501277
13.5071428571429,1.337642554531,1.44750680992984,0.874076110192619,70.320893043494
13.5072420634921,1.33752627629812,1.44746243684413,0.873658054589148,70.3217368307677
13.5073412698413,1.3374100110195,1.44741803475285,0.873240199189319,70.3225805119754
13.5074404761905,1.33729375869313,1.4473736036732,0.872822543898804,70.323424087144
13.5075396825397,1.33717751931702,1.44732914362237,0.872405088623345,70.3242675563001
13.5076388888889,1.33706129288919,1.44728465461754,0.871987833268717,70.3251109194704
13.5077380952381,1.33694507940765,1.44724013667589,0.871570777740694,70.3259541766817
13.5078373015873,1.33682887887044,1.44719558981459,0.871153921945129,70.3267973279604
13.5079365079365,1.33671269127558,1.44715101405079,0.870737265787862,70.3276403733335
13.5080357142857,1.3365965166211,1.44710640940164,0.870320809174815,70.3284833128274
13.5081349206349,1.33648035490504,1.4470617758843,0.869904552011896,70.3293261464688
13.5082341269841,1.33636420612545,1.44701711351588,0.86948849420509,70.3301688742844
13.5083333333333,1.33624807028037,1.44697242231352,0.869072635660374,70.3310114963008
13.5084325396825,1.33613194736786,1.44692770229434,0.868656976283802,70.3318540125446
13.5085317460317,1.33601583738596,1.44688295347545,0.868241515981415,70.3326964230424
13.508630952381,1.33589974033275,1.44683817587395,0.867826254659336,70.3335387278208
13.5087301587302,1.33578365620629,1.44679336950693,0.867411192223672,70.3343809269064
13.5088293650794,1.33566758500465,1.44674853439149,0.866996328580613,70.3352230203258
13.5089285714286,1.33555152672591,1.44670367054469,0.866581663636334,70.3360650081055
13.5090277777778,1.33543548136815,1.44665877798362,0.866167197297079,70.336906890272
13.509126984127,1.33531944892945,1.44661385672533,0.865752929469125,70.337748666852
13.5092261904762,1.33520342940791,1.44656890678688,0.865338860058749,70.3385903378719
13.5093253968254,1.33508742280162,1.44652392818532,0.864924988972307,70.3394319033583
13.5094246031746,1.33497142910867,1.44647892093768,0.864511316116143,70.3402733633377
13.5095238095238,1.33485544832719,1.44643388506099,0.864097841396678,70.3411147178365
13.509623015873,1.33473948045526,1.44638882057228,0.863684564720324,70.3419559668814
13.5097222222222,1.33462352549102,1.44634372748856,0.86327148599357,70.3427971104988
13.5098214285714,1.33450758343257,1.44629860582684,0.862858605122894,70.3436381487151
13.5099206349206,1.33439165427804,1.44625345560411,0.862445922014853,70.3444790815568
13.5100198412698,1.33427573802556,1.44620827683737,0.862033436575991,70.3453199090504
13.510119047619,1.33415983467327,1.4461630695436,0.861621148712932,70.3461606312223
13.5102182539683,1.33404394421929,1.44611783373977,0.861209058332289,70.347001248099
13.5103174603175,1.33392806666178,1.44607256944285,0.86079716534075,70.3478417597068
13.5104166666667,1.33381220199888,1.4460272766698,0.860385469644996,70.3486821660723
13.5105158730159,1.33369635022874,1.44598195543757,0.859973971151772,70.3495224672217
13.5106150793651,1.33358051134953,1.44593660576309,0.859562669767858,70.3503626631816
13.5107142857143,1.33346468535939,1.44589122766332,0.859151565400034,70.3512027539782
13.5108134920635,1.33334887225651,1.44584582115516,0.858740657955157,70.3520427396379
13.5109126984127,1.33323307203904,1.44580038625554,0.858329947340075,70.3528826201872
13.5110119047619,1.33311728470517,1.44575492298138,0.857919433461711,70.3537223956524
13.5111111111111,1.33300151025307,1.44570943134956,0.85750911622698,70.3545620660598
13.5112103174603,1.33288574868094,1.445663911377,0.857098995542873,70.3554016314357
13.5113095238095,1.33276999998696,1.44561836308056,0.856689071316371,70.3562410918066
13.5114087301587,1.33265426416933,1.44557278647714,0.856279343454533,70.3570804471986
13.5115079365079,1.33253854122624,1.44552718158359,0.855869811864407,70.3579196976382
13.5116071428571,1.3324228311559,1.44548154841679,0.855460476453118,70.3587588431515
13.5117063492063,1.33230713395653,1.44543588699359,0.85505133712778,70.359597883765
13.5118055555556,1.33219144962633,1.44539019733083,0.854642393795588,70.3604368195048
13.5119047619048,1.33207577816352,1.44534447944535,0.854233646363722,70.3612756503973
13.512003968254,1.33196011956633,1.44529873335398,0.853825094739431,70.3621143764687
13.5121031746032,1.33184447383299,1.44525295907355,0.853416738829997,70.3629529977452
13.5122023809524,1.33172884096172,1.44520715662087,0.853008578542704,70.3637915142531
13.5123015873016,1.33161322095077,1.44516132601274,0.852600613784909,70.3646299260185
13.5124007936508,1.33149761379838,1.44511546726596,0.852192844463964,70.3654682330678
13.5125,1.3313820195028,1.44506958039732,0.851785270487295,70.3663064354272
13.5125992063492,1.33126643806227,1.44502366542361,0.851377891762318,70.3671445331227
13.5126984126984,1.33115086947506,1.44497772236159,0.850970708196529,70.3679825261807
13.5127976190476,1.33103531373943,1.44493175122804,0.850563719697409,70.3688204146273
13.5128968253968,1.33091977085364,1.44488575203972,0.850156926172521,70.3696581984886
13.512996031746,1.33080424081596,1.44483972481336,0.849750327529415,70.3704958777909
13.5130952380952,1.33068872362467,1.44479366956572,0.849343923675719,70.3713334525602
13.5131944444444,1.33057321927805,1.44474758631352,0.84893771451905,70.3721709228227
13.5132936507936,1.33045772777439,1.4447014750735,0.848531699967104,70.3730082886046
13.5133928571429,1.33034224911198,1.44465533586237,0.848125879927564,70.3738455499319
13.5134920634921,1.3302267832891,1.44460916869684,0.847720254308183,70.3746827068308
13.5135912698413,1.33011133030407,1.44456297359362,0.847314823016744,70.3755197593273
13.5136904761905,1.32999589015517,1.44451675056939,0.846909585961033,70.3763567074476
13.5137896825397,1.32988046284074,1.44447049964084,0.846504543048913,70.3771935512177
13.5138888888889,1.32976504835907,1.44442422082466,0.846099694188234,70.3780302906637
13.5139880952381,1.32964964670849,1.44437791413751,0.845695039286928,70.3788669258116
13.5140873015873,1.32953425788731,1.44433157959604,0.845290578252913,70.3797034566876
13.5141865079365,1.32941888189388,1.44428521721693,0.844886310994185,70.3805398833176
13.5142857142857,1.32930351872651,1.44423882701681,0.844482237418731,70.3813762057277
13.5143849206349,1.32918816838356,1.44419240901231,0.844078357434614,70.3822124239438
13.5144841269841,1.32907283086335,1.44414596322008,0.843674670949887,70.3830485379921
13.5145833333333,1.32895750616425,1.44409948965672,0.843271177872682,70.3838845478985
13.5146825396825,1.32884219428459,1.44405298833886,0.842867878111118,70.3847204536889
13.5147817460317,1.32872689522273,1.44400645928311,0.842464771573392,70.3855562553894
13.514880952381,1.32861160897705,1.44395990250604,0.842061858167692,70.386391953026
13.5149801587302,1.3284963355459,1.44391331802427,0.841659137802271,70.3872275466246
13.5150793650794,1.32838107492765,1.44386670585437,0.841256610385417,70.3880630362111
13.5151785714286,1.32826582712069,1.4438200660129,0.840854275825417,70.3888984218115
13.5152777777778,1.32815059212338,1.44377339851645,0.840452134030636,70.3897337034517
13.515376984127,1.32803536993412,1.44372670338156,0.840050184909429,70.3905688811576
13.5154761904762,1.3279201605513,1.44367998062479,0.839648428370228,70.3914039549552
13.5155753968254,1.32780496397331,1.44363323026268,0.839246864321455,70.3922389248704
13.5156746031746,1.32768978019855,1.44358645231175,0.838845492671608,70.393073790929
13.5157738095238,1.32757460922542,1.44353964678854,0.838444313329177,70.3939085531569
13.515873015873,1.32745945105233,1.44349281370957,0.838043326202727,70.39474321158
13.5159722222222,1.3273443056777,1.44344595309133,0.837642531200814,70.3955777662242
13.5160714285714,1.32722917309995,1.44339906495035,0.837241928232072,70.3964122171152
13.5161706349206,1.3271140533175,1.44335214930309,0.836841517205123,70.397246564279
13.5162698412698,1.32699894632877,1.44330520616607,0.836441298028667,70.3980808077414
13.516369047619,1.3268838521322,1.44325823555574,0.836041270611394,70.3989149475282
13.5164682539683,1.32676877072623,1.44321123748858,0.835641434862059,70.3997489836652
13.5165674603175,1.3266537021093,1.44316421198106,0.835241790689453,70.4005829161782
13.5166666666667,1.32653864627985,1.44311715904961,0.834842338002367,70.4014167450929
13.5167658730159,1.32642360323634,1.4430700787107,0.834443076709666,70.4022504704353
13.5168650793651,1.32630857297722,1.44302297098076,0.83404400672021,70.4030840922311
13.5169642857143,1.32619355550096,1.44297583587621,0.833645127942931,70.4039176105059
13.5170634920635,1.32607855080602,1.44292867341348,0.833246440286755,70.4047510252856
13.5171626984127,1.32596355889087,1.44288148360898,0.832847943660683,70.4055843365959
13.5172619047619,1.32584857975399,1.44283426647912,0.832449637973707,70.4064175444626
13.5173611111111,1.32573361339386,1.44278702204029,0.832051523134895,70.4072506489113
13.5174603174603,1.32561865980896,1.44273975030889,0.831653599053305,70.4080836499678
13.5175595238095,1.32550371899778,1.44269245130128,0.831255865638073,70.4089165476578
13.5176587301587,1.32538879095882,1.44264512503386,0.830858322798324,70.4097493420069
13.5177579365079,1.32527387569058,1.44259777152298,0.830460970443262,70.4105820330409
13.5178571428571,1.32515897319155,1.44255039078499,0.830063808482077,70.4114146207855
13.5179563492064,1.32504408346026,1.44250298283626,0.829666836824029,70.4122471052662
13.5180555555556,1.3249292064952,1.44245554769312,0.829270055378411,70.4130794865087
13.5181547619048,1.32481434229491,1.44240808537189,0.828873464054514,70.4139117645388
13.518253968254,1.3246994908579,1.44236059588892,0.828477062761709,70.4147439393819
13.5183531746032,1.3245846521827,1.44231307926051,0.828080851409356,70.4155760110638
13.5184523809524,1.32446982626785,1.44226553550298,0.827684829906892,70.4164079796101
13.5185515873016,1.32435501311188,1.44221796463262,0.827288998163743,70.4172398450463
13.5186507936508,1.32424021271333,1.44217036666573,0.826893356089415,70.418071607398
13.51875,1.32412542507075,1.44212274161859,0.826497903593401,70.4189032666909
13.5188492063492,1.3240106501827,1.44207508950748,0.826102640585271,70.4197348229505
13.5189484126984,1.32389588804772,1.44202741034867,0.825707566974587,70.4205662762024
13.5190476190476,1.32378113866438,1.44197970415842,0.825312682670987,70.4213976264721
13.5191468253968,1.32366640203125,1.44193197095298,0.824917987584099,70.4222288737852
13.519246031746,1.32355167814689,1.44188421074861,0.824523481623627,70.4230600181671
13.5193452380952,1.32343696700988,1.44183642356152,0.824129164699268,70.4238910596435
13.5194444444444,1.3233222686188,1.44178860940796,0.823735036720782,70.4247219982399
13.5195436507937,1.32320758297224,1.44174076830415,0.823341097597963,70.4255528339816
13.5196428571429,1.32309291006878,1.44169290026629,0.822947347240608,70.4263835668944
13.5197420634921,1.32297824990703,1.44164500531059,0.822553785558589,70.4272141970035
13.5198412698413,1.32286360248557,1.44159708345326,0.822160412461767,70.4280447243345
13.5199404761905,1.32274896780301,1.44154913471047,0.821767227860084,70.4288751489129
13.5200396825397,1.32263434585797,1.44150115909841,0.821374231663468,70.4297054707641
13.5201388888889,1.32251973664905,1.44145315663325,0.820981423781926,70.4305356899136
13.5202380952381,1.32240514017487,1.44140512733116,0.820588804125454,70.4313658063868
13.5203373015873,1.32229055643406,1.44135707120829,0.820196372604127,70.4321958202091
13.5204365079365,1.32217598542524,1.44130898828079,0.819804129128007,70.4330257314059
13.5205357142857,1.32206142714705,1.44126087856481,0.819412073607235,70.4338555400027
13.5206349206349,1.32194688159812,1.44121274207647,0.819020205951942,70.4346852460248
13.5207341269841,1.32183234877709,1.4411645788319,0.818628526072335,70.4355148494977
13.5208333333333,1.32171782868261,1.44111638884721,0.818237033878612,70.4363443504466
13.5209325396825,1.32160332131334,1.44106817213852,0.817845729281037,70.437173748897
13.5210317460317,1.32148882666793,1.44101992872193,0.817454612189906,70.4380030448742
13.521130952381,1.32137434474503,1.44097165861352,0.817063682515518,70.4388322384036
13.5212301587302,1.32125987554332,1.44092336182939,0.816672940168248,70.4396613295105
13.5213293650794,1.32114541906147,1.44087503838561,0.816282385058462,70.4404903182202
13.5214285714286,1.32103097529814,1.44082668829825,0.8158920170966,70.4413192045581
13.5215277777778,1.32091654425203,1.44077831158336,0.815501836193095,70.4421479885494
13.521626984127,1.32080212592181,1.440729908257,0.815111842258457,70.4429766702194
13.5217261904762,1.32068772030618,1.44068147833522,0.814722035203185,70.4438052495935
13.5218253968254,1.32057332740382,1.44063302183406,0.814332414937853,70.4446337266969
13.5219246031746,1.32045894721344,1.44058453876953,0.81394298137303,70.4454621015549
13.5220238095238,1.32034457973375,1.44053602915767,0.813553734419357,70.4462903741926
13.522123015873,1.32023022496344,1.44048749301447,0.813164673987468,70.4471185446355
13.5222222222222,1.32011588290124,1.44043893035596,0.812775799988073,70.4479466129087
13.5223214285714,1.32000155354585,1.44039034119812,0.812387112331872,70.4487745790374
13.5224206349206,1.31988723689601,1.44034172555694,0.811998610929632,70.449602443047
13.5225198412698,1.31977293295045,1.44029308344841,0.811610295692151,70.4504302049624
13.522619047619,1.31965864170788,1.44024441488849,0.811222166530232,70.451257864809
13.5227182539683,1.31954436316706,1.44019571989316,0.81083422335475,70.452085422612
13.5228174603175,1.31943009732671,1.44014699847835,0.810446466076575,70.4529128783965
13.5229166666667,1.3193158441856,1.44009825066004,0.810058894606651,70.4537402321877
13.5230158730159,1.31920160374246,1.44004947645414,0.809671508855912,70.4545674840107
13.5231150793651,1.31908737599606,1.44000067587661,0.809284308735369,70.4553946338908
13.5232142857143,1.31897316094515,1.43995184894336,0.808897294156026,70.456221681853
13.5233134920635,1.31885895858851,1.4399029956703,0.80851046502896,70.4570486279224
13.5234126984127,1.3187447689249,1.43985411607335,0.80812382126524,70.4578754721243
13.5235119047619,1.3186305919531,1.43980521016841,0.807737362776011,70.4587022144836
13.5236111111111,1.31851642767188,1.43975627797136,0.80735108947241,70.4595288550255
13.5237103174603,1.31840227608003,1.4397073194981,0.806965001265649,70.4603553937751
13.5238095238095,1.31828813717635,1.43965833476449,0.806579098066931,70.4611818307575
13.5239087301587,1.31817401095961,1.43960932378641,0.806193379787524,70.4620081659976
13.5240079365079,1.31805989742863,1.43956028657972,0.80580784633873,70.4628343995207
13.5241071428571,1.31794579658221,1.43951122316027,0.805422497631854,70.4636605313517
13.5242063492063,1.31783170841915,1.4394621335439,0.805037333578275,70.4644865615156
13.5243055555556,1.31771763293827,1.43941301774645,0.804652354089364,70.4653124900376
13.5244047619048,1.31760357013839,1.43936387578375,0.804267559076566,70.4661383169426
13.524503968254,1.31748952001832,1.43931470767162,0.803882948451321,70.4669640422556
13.5246031746032,1.3173754825769,1.43926551342586,0.803498522125142,70.4677896660016
13.5247023809524,1.31726145781295,1.43921629306229,0.803114280009533,70.4686151882057
13.5248015873016,1.31714744572532,1.4391670465967,0.802730222016075,70.4694406088927
13.5249007936508,1.31703344631285,1.43911777404487,0.80234634805634,70.4702659280878
13.525,1.31691945957438,1.4390684754226,0.801962658041976,70.4710911458157
13.5250992063492,1.31680548550875,1.43901915074564,0.801579151884621,70.4719162621015
13.5251984126984,1.31669152411484,1.43896980002976,0.80119582949599,70.4727412769701
13.5252976190476,1.3165775753915,1.43892042329073,0.800812690787789,70.4735661904465
13.5253968253968,1.31646363933759,1.43887102054428,0.800429735671789,70.4743910025555
13.525496031746,1.31634971595199,1.43882159180616,0.800046964059794,70.4752157133221
13.5255952380952,1.31623580523356,1.4387721370921,0.799664375863611,70.4760403227712
13.5256944444444,1.3161219071812,1.43872265641782,0.799281970995122,70.4768648309277
13.5257936507937,1.31600802179378,1.43867314979904,0.7988997493662,70.4776892378163
13.5258928571429,1.31589414907019,1.43862361725147,0.798517710888795,70.4785135434621
13.5259920634921,1.31578028900933,1.4385740587908,0.798135855474847,70.4793377478899
13.5260912698413,1.31566644161009,1.43852447443273,0.797754183036372,70.4801618511245
13.5261904761905,1.31555260687138,1.43847486419294,0.797372693485377,70.4809858531908
13.5262896825397,1.3154387847921,1.43842522808711,0.796991386733945,70.4818097541135
13.5263888888889,1.31532497537118,1.43837556613091,0.796610262694152,70.4826335539176
13.5264880952381,1.31521117860752,1.43832587833999,0.796229321278146,70.4834572526278
13.5265873015873,1.31509739450005,1.43827616473001,0.79584856239807,70.4842808502689
13.5266865079365,1.31498362304769,1.43822642531661,0.795467985966141,70.4851043468658
13.5267857142857,1.31486986424939,1.43817666011542,0.795087591894566,70.4859277424431
13.5268849206349,1.31475611810406,1.43812686914208,0.794707380095621,70.4867510370257
13.5269841269841,1.31464238461067,1.4380770524122,0.794327350481611,70.4875742306384
13.5270833333333,1.31452866376814,1.4380272099414,0.793947502964846,70.4883973233058
13.5271825396825,1.31441495557544,1.43797734174527,0.793567837457709,70.4892203150528
13.5272817460317,1.31430126003152,1.43792744783942,0.793188353872579,70.490043205904
13.527380952381,1.31418757713533,1.43787752823944,0.792809052121905,70.4908659958842
13.5274801587302,1.31407390688585,1.43782758296089,0.792429932118131,70.4916886850181
13.5275793650794,1.31396024928204,1.43777761201936,0.792050993773776,70.4925112733304
13.5276785714286,1.31384660432288,1.4377276154304,0.791672237001349,70.4933337608458
13.5277777777778,1.31373297200735,1.43767759320958,0.791293661713436,70.4941561475889
13.527876984127,1.31361935233443,1.43762754537243,0.790915267822615,70.4949784335845
13.5279761904762,1.31350574530312,1.43757747193451,0.790537055241537,70.4958006188572
13.5280753968254,1.31339215091239,1.43752737291133,0.790159023882848,70.4966227034316
13.5281746031746,1.31327856916126,1.43747724831843,0.789781173659265,70.4974446873324
13.5282738095238,1.31316500004872,1.43742709817132,0.789403504483502,70.4982665705843
13.528373015873,1.31305144357379,1.43737692248551,0.789026016268333,70.4990883532119
13.5284722222222,1.31293789973548,1.43732672127649,0.788648708926568,70.4999100352396
13.5285714285714,1.31282436853279,1.43727649455976,0.78827158237102,70.5007316166923
13.5286706349206,1.31271084996477,1.4372262423508,0.787894636514574,70.5015530975944
13.5287698412698,1.31259734403043,1.43717596466509,0.78751787127011,70.5023744779706
13.528869047619,1.3124838507288,1.43712566151809,0.787141286550581,70.5031957578453
13.5289682539683,1.31237037005892,1.43707533292527,0.786764882268934,70.5040169372433
13.5290674603175,1.31225690201984,1.43702497890207,0.786388658338189,70.504838016189
13.5291666666667,1.3121434466106,1.43697459946393,0.786012614671359,70.5056589947069
13.5292658730159,1.31203000383024,1.4369241946263,0.785636751181533,70.5064798728217
13.5293650793651,1.31191657367783,1.4368737644046,0.785261067781789,70.5073006505579
13.5294642857143,1.31180315615242,1.43682330881425,0.784885564385283,70.5081213279398
13.5295634920635,1.31168975125308,1.43677282787066,0.784510240905162,70.5089419049921
13.5296626984127,1.31157635897888,1.43672232158924,0.784135097254647,70.5097623817393
13.5297619047619,1.3114629793289,1.43667178998537,0.783760133346953,70.5105827582058
13.5298611111111,1.3113496123022,1.43662123307445,0.783385349095358,70.5114030344161
13.5299603174603,1.31123625789789,1.43657065087185,0.783010744413174,70.5122232103946
13.5300595238095,1.31112291611504,1.43652004339295,0.782636319213715,70.5130432861659
13.5301587301587,1.31100958695275,1.43646941065312,0.782262073410371,70.5138632617544
13.5302579365079,1.31089627041012,1.43641875266769,0.781888006916524,70.5146831371844
13.5303571428571,1.31078296648625,1.43636806945203,0.781514119645629,70.5155029124805
13.5304563492064,1.31066967518024,1.43631736102147,0.781140411511135,70.5163225876671
13.5305555555556,1.31055639649122,1.43626662739134,0.780766882426565,70.5171421627684
13.5306547619048,1.31044313041829,1.43621586857697,0.780393532305436,70.517961637809
13.530753968254,1.31032987696058,1.43616508459367,0.780020361061337,70.5187810128133
13.5308531746032,1.31021663611722,1.43611427545674,0.779647368607851,70.5196002878055
13.5309523809524,1.31010340788734,1.43606344118149,0.779274554858635,70.5204194628101
13.5310515873016,1.30999019227007,1.43601258178321,0.778901919727339,70.5212385378514
13.5311507936508,1.30987698926456,1.43596169727718,0.778529463127687,70.5220575129538
13.53125,1.30976379886995,1.43591078767867,0.778157184973395,70.5228763881416
13.5313492063492,1.30965062108539,1.43585985300295,0.777785085178245,70.5236951634392
13.5314484126984,1.30953745591004,1.43580889326529,0.777413163656052,70.5245138388707
13.5315476190476,1.30942430334305,1.43575790848092,0.777041420320631,70.5253324144607
13.5316468253968,1.3093111633836,1.43570689866511,0.776669855085876,70.5261508902332
13.531746031746,1.30919803603084,1.43565586383307,0.776298467865669,70.5269692662127
13.5318452380952,1.30908492128397,1.43560480400004,0.775927258573971,70.5277875424234
13.5319444444444,1.30897181914214,1.43555371918123,0.775556227124732,70.5286057188896
13.5320436507936,1.30885872960456,1.43550260939186,0.775185373431978,70.5294237956355
13.5321428571429,1.3087456526704,1.43545147464713,0.774814697409727,70.5302417726854
13.5322420634921,1.30863258833886,1.43540031496223,0.774444198972072,70.5310596500635
13.5323412698413,1.30851953660914,1.43534913035235,0.774073878033098,70.531877427794
13.5324404761905,1.30840649748045,1.43529792083267,0.773703734506965,70.5326951059012
13.5325396825397,1.30829347095198,1.43524668641836,0.773333768307825,70.5335126844092
13.5326388888889,1.30818045702295,1.43519542712459,0.772963979349905,70.5343301633423
13.5327380952381,1.30806745569258,1.4351441429665,0.772594367547424,70.5351475427247
13.5328373015873,1.30795446696008,1.43509283395924,0.772224932814665,70.5359648225805
13.5329365079365,1.3078414908247,1.43504150011796,0.771855675065946,70.5367820029338
13.5330357142857,1.30772852728565,1.43499014145778,0.771486594215587,70.5375990838089
13.5331349206349,1.30761557634218,1.43493875799383,0.771117690177981,70.5384160652299
13.5332341269841,1.30750263799352,1.43488734974122,0.770748962867515,70.539232947221
13.5333333333333,1.30738971223893,1.43483591671505,0.770380412198651,70.5400497298062
13.5334325396825,1.30727679907764,1.43478445893043,0.770012038085843,70.5408664130097
13.5335317460317,1.30716389850892,1.43473297640245,0.769643840443618,70.5416829968555
13.533630952381,1.30705101053202,1.43468146914619,0.769275819186498,70.5424994813679
13.5337301587302,1.30693813514622,1.43462993717672,0.768907974229078,70.5433158665708
13.5338293650794,1.30682527235077,1.43457838050911,0.768540305485945,70.5441321524883
13.5339285714286,1.30671242214496,1.43452679915842,0.768172812871762,70.5449483391446
13.5340277777778,1.30659958452806,1.43447519313969,0.767805496301184,70.5457644265636
13.534126984127,1.30648675949936,1.43442356246798,0.76743835568894,70.5465804147695
13.5342261904762,1.30637394705814,1.43437190715832,0.767071390949752,70.5473963037862
13.5343253968254,1.30626114720369,1.43432022722572,0.766704601998405,70.5482120936379
13.5344246031746,1.30614835993533,1.43426852268522,0.76633798874972,70.5490277843484
13.5345238095238,1.30603558525234,1.43421679355182,0.765971551118519,70.5498433759418
13.534623015873,1.30592282315404,1.43416503984052,0.765605289019698,70.5506588684422
13.5347222222222,1.30581007363973,1.43411326156632,0.765239202368147,70.5514742618734
13.5348214285714,1.30569733670875,1.43406145874421,0.764873291078829,70.5522895562596
13.5349206349206,1.30558461236039,1.43400963138916,0.764507555066702,70.5531047516246
13.5350198412698,1.305471900594,1.43395777951614,0.764141994246796,70.5539198479924
13.535119047619,1.3053592014089,1.43390590314011,0.763776608534134,70.5547348453869
13.5352182539683,1.30524651480444,1.43385400227604,0.763411397843814,70.5555497438322
13.5353174603175,1.30513384077994,1.43380207693886,0.763046362090926,70.5563645433521
13.5354166666667,1.30502117933476,1.43375012714352,0.762681501190635,70.5571792439705
13.5355158730159,1.30490853046825,1.43369815290494,0.762316815058099,70.5579938457114
13.5356150793651,1.30479589417975,1.43364615423805,0.76195230360855,70.5588083485987
13.5357142857143,1.30468327046864,1.43359413115775,0.761587966757211,70.5596227526562
13.5358134920635,1.30457065933427,1.43354208367897,0.761223804419372,70.5604370579078
13.5359126984127,1.30445806077602,1.43349001181659,0.760859816510354,70.5612512643774
13.5360119047619,1.30434547479325,1.4334379155855,0.760496002945483,70.5620653720889
13.5361111111111,1.30423290138536,1.4333857950006,0.760132363640157,70.5628793810661
13.5362103174603,1.30412034055171,1.43333365007674,0.75976889850977,70.5636932913328
13.5363095238095,1.3040077922917,1.43328148082881,0.759405607469785,70.5645071029129
13.5364087301587,1.30389525660472,1.43322928727164,0.759042490435665,70.5653208158302
13.5365079365079,1.30378273349018,1.43317706942011,0.75867954732294,70.5661344301085
13.5366071428571,1.30367022294746,1.43312482728904,0.758316778047138,70.5669479457717
13.5367063492063,1.30355772497598,1.43307256089328,0.757954182523857,70.5677613628434
13.5368055555556,1.30344523957515,1.43302027024764,0.757591760668693,70.5685746813475
13.5369047619048,1.3033327667444,1.43296795536695,0.757229512397312,70.5693879013077
13.537003968254,1.30322030648313,1.43291561626601,0.756867437625373,70.5702010227479
13.5371031746032,1.30310785879077,1.43286325295964,0.756505536268611,70.5710140456917
13.5372023809524,1.30299542366676,1.43281086546261,0.756143808242754,70.571826970163
13.5373015873016,1.30288300111054,1.43275845378973,0.755782253463592,70.5726397961854
13.5374007936508,1.30277059112154,1.43270601795576,0.75542087184695,70.5734525237826
13.5375,1.3026581936992,1.43265355797547,0.755059663308655,70.5742651529784
13.5375992063492,1.30254580884298,1.43260107386364,0.754698627764609,70.5750776837964
13.5376984126984,1.30243343655234,1.432548565635,0.754337765130708,70.5758901162605
13.5377976190476,1.30232107682673,1.43249603330431,0.753977075322918,70.5767024503941
13.5378968253968,1.30220872966561,1.43244347688631,0.753616558257203,70.5775146862211
13.537996031746,1.30209639506846,1.43239089639573,0.753256213849598,70.5783268237651
13.5380952380952,1.30198407303475,1.43233829184728,0.752896042016132,70.5791388630496
13.5381944444444,1.30187176356396,1.43228566325568,0.752536042672907,70.5799508040985
13.5382936507937,1.30175946665556,1.43223301063564,0.752176215736019,70.5807626469353
13.5383928571429,1.30164718230906,1.43218033400185,0.751816561121637,70.5815743915836
13.5384920634921,1.30153491052394,1.43212763336901,0.751457078745925,70.582386038067
13.5385912698413,1.3014226512997,1.43207490875179,0.751097768525119,70.5831975864091
13.5386904761905,1.30131040463584,1.43202216016487,0.750738630375449,70.5840090366337
13.5387896825397,1.30119817053187,1.43196938762292,0.750379664213209,70.5848203887641
13.5388888888889,1.3010859489873,1.43191659114059,0.750020869954725,70.585631642824
13.5389880952381,1.30097374000164,1.43186377073253,0.749662247516328,70.5864427988369
13.5390873015873,1.30086154357443,1.43181092641339,0.749303796814421,70.5872538568265
13.5391865079365,1.30074935970518,1.4317580581978,0.748945517765403,70.5880648168162
13.5392857142857,1.30063718839342,1.43170516610038,0.748587410285745,70.5888756788296
13.5393849206349,1.3005250296387,1.43165225013575,0.74822947429191,70.5896864428902
13.5394841269841,1.30041288344054,1.43159931031853,0.747871709700437,70.5904971090215
13.5395833333333,1.30030074979851,1.4315463466633,0.747514116427858,70.591307677247
13.5396825396825,1.30018862871214,1.43149335918467,0.747156694390776,70.5921181475903
13.5397817460317,1.30007652018098,1.43144034789722,0.746799443505792,70.5929285200747
13.539880952381,1.29996442420462,1.43138731281554,0.746442363689576,70.5937387947238
13.5399801587302,1.29985234078259,1.43133425395418,0.746085454858795,70.5945489715611
13.5400793650794,1.29974026991448,1.43128117132771,0.745728716930187,70.5953590506099
13.5401785714286,1.29962821159985,1.43122806495068,0.745372149820486,70.5961690318938
13.5402777777778,1.29951616583829,1.43117493483765,0.745015753446486,70.5969789154362
13.540376984127,1.29940413262938,1.43112178100314,0.744659527725017,70.5977887012604
13.5404761904762,1.2992921119727,1.43106860346168,0.744303472572913,70.5985983893899
13.5405753968254,1.29918010386785,1.43101540222781,0.74394758790708,70.5994079798482
13.5406746031746,1.29906810831442,1.43096217731602,0.743591873644418,70.6002174726586
13.5407738095238,1.29895612531203,1.43090892874083,0.743236329701901,70.6010268678444
13.540873015873,1.29884415486027,1.43085565651674,0.742880955996495,70.6018361654291
13.5409722222222,1.29873219695876,1.43080236065822,0.742525752445241,70.602645365436
13.5410714285714,1.29862025160711,1.43074904117977,0.742170718965174,70.6034544678886
13.5411706349206,1.29850831880494,1.43069569809586,0.741815855473401,70.60426347281
13.5412698412698,1.29839639855188,1.43064233142095,0.741461161887022,70.6050723802237
13.541369047619,1.29828449084757,1.43058894116951,0.741106638123213,70.605881190153
13.5414682539683,1.29817259569163,1.43053552735597,0.740752284099141,70.6066899026213
13.5415674603175,1.29806071308371,1.43048208999478,0.740398099732049,70.6074985176517
13.5416666666667,1.29794884302344,1.43042862910037,0.74004408493917,70.6083070352676
13.5417658730159,1.29783698551049,1.43037514468718,0.739690239637804,70.6091154554923
13.5418650793651,1.29772514054451,1.43032163676961,0.739336563745283,70.6099237783491
13.5419642857143,1.29761330812514,1.43026810536208,0.738983057178943,70.6107320038612
13.5420634920635,1.29750148825207,1.43021455047898,0.738629719856191,70.6115401320519
13.5421626984127,1.29738968092495,1.43016097213471,0.738276551694432,70.6123481629445
13.5422619047619,1.29727788614347,1.43010737034366,0.737923552611141,70.6131560965621
13.5423611111111,1.29716610390729,1.4300537451202,0.737570722523788,70.613963932928
13.5424603174603,1.2970543342161,1.4300000964787,0.737218061349915,70.6147716720654
13.5425595238095,1.2969425770696,1.42994642443352,0.736865569007061,70.6155793139976
13.5426587301587,1.29683083246746,1.42989272899902,0.736513245412833,70.6163868587476
13.5427579365079,1.29671910040939,1.42983901018954,0.736161090484837,70.6171943063388
13.5428571428571,1.2966073808951,1.42978526801942,0.735809104140749,70.6180016567942
13.5429563492063,1.29649567392428,1.42973150250298,0.73545728629824,70.6188089101371
13.5430555555556,1.29638397949665,1.42967771365455,0.735105636875054,70.6196160663905
13.5431547619048,1.29627229761193,1.42962390148844,0.734754155788929,70.6204231255778
13.543253968254,1.29616062826983,1.42957006601896,0.734402842957665,70.6212300877219
13.5433531746032,1.29604897147008,1.4295162072604,0.734051698299098,70.622036952846
13.5434523809524,1.29593732721242,1.42946232522705,0.733700721731066,70.6228437209733
13.5435515873016,1.29582569549657,1.42940841993319,0.733349913171479,70.6236503921268
13.5436507936508,1.29571407632228,1.4293544913931,0.732999272538245,70.6244569663296
13.54375,1.2956024696893,1.42930053962104,0.732648799749339,70.6252634436048
13.5438492063492,1.29549087559736,1.42924656463126,0.732298494722737,70.6260698239756
13.5439484126984,1.29537929404624,1.42919256643802,0.731948357376482,70.6268761074649
13.5440476190476,1.29526772503567,1.42913854505556,0.731598387628614,70.6276822940959
13.5441468253968,1.29515616856544,1.42908450049811,0.731248585397245,70.6284883838915
13.544246031746,1.2950446246353,1.42903043277989,0.730898950600483,70.6292943768748
13.5443452380952,1.29493309324504,1.42897634191512,0.730549483156505,70.6301002730688
13.5444444444444,1.29482157439442,1.42892222791801,0.730200182983487,70.6309060724967
13.5445436507936,1.29471006808323,1.42886809080277,0.729851049999674,70.6317117751812
13.5446428571429,1.29459857431126,1.42881393058357,0.729502084123306,70.6325173811456
13.5447420634921,1.2944870930783,1.42875974727461,0.729153285272688,70.6333228904127
13.5448412698413,1.29437562438416,1.42870554089007,0.728804653366156,70.6341283030055
13.5449404761905,1.29426416822862,1.42865131144412,0.728456188322051,70.6349336189471
13.5450396825397,1.2941527246115,1.4285970589509,0.728107890058787,70.6357388382603
13.5451388888889,1.2940412935326,1.42854278342458,0.727759758494772,70.6365439609681
13.5452380952381,1.29392987499175,1.42848848487931,0.727411793548488,70.6373489870934
13.5453373015873,1.29381846898876,1.42843416332921,0.727063995138408,70.6381539166592
13.5454365079365,1.29370707552347,1.42837981878842,0.726716363183081,70.6389587496884
13.5455357142857,1.29359569459569,1.42832545127106,0.726368897601049,70.6397634862039
13.5456349206349,1.29348432620527,1.42827106079124,0.726021598310927,70.6405681262286
13.5457341269841,1.29337297035205,1.42821664736306,0.725674465231325,70.6413726697854
13.5458333333333,1.29326162703586,1.42816221100062,0.725327498280922,70.6421771168972
13.5459325396825,1.29315029625657,1.42810775171801,0.724980697378397,70.6429814675868
13.5460317460317,1.29303897801402,1.42805326952932,0.724634062442497,70.6437857218771
13.546130952381,1.29292767230807,1.4279987644486,0.724287593391966,70.644589879791
13.5462301587302,1.29281637913858,1.42794423648993,0.72394129014561,70.6453939413512
13.5463293650794,1.29270509850543,1.42788968566737,0.723595152622269,70.6461979065807
13.5464285714286,1.29259383040849,1.42783511199496,0.723249180740785,70.6470017755022
13.5465277777778,1.29248257484763,1.42778051548674,0.722903374420076,70.6478055481385
13.546626984127,1.29237133182274,1.42772589615674,0.722557733579052,70.6486092245126
13.5467261904762,1.2922601013337,1.427671254019,0.722212258136696,70.649412804647
13.5468253968254,1.29214888338041,1.42761658908751,0.721866948011987,70.6502162885647
13.5469246031746,1.29203767796277,1.42756190137631,0.721521803123974,70.6510196762883
13.5470238095238,1.29192648508067,1.42750719089938,0.721176823391703,70.6518229678407
13.547123015873,1.29181530473402,1.42745245767071,0.720832008734289,70.6526261632446
13.5472222222222,1.29170413692274,1.4273977017043,0.720487359070846,70.6534292625228
13.5473214285714,1.29159298164673,1.42734292301411,0.720142874320557,70.6542322656979
13.5474206349206,1.29148183890593,1.42728812161412,0.719798554402602,70.6550351727927
13.5475198412698,1.29137070870025,1.42723329751829,0.719454399236231,70.6558379838299
13.547619047619,1.29125959102962,1.42717845074056,0.71911040874069,70.6566406988323
13.5477182539683,1.29114848589398,1.42712358129488,0.718766582835289,70.6574433178224
13.5478174603175,1.29103739329327,1.4270686891952,0.718422921439368,70.658245840823
13.5479166666667,1.29092631322744,1.42701377445543,0.718079424472275,70.6590482678568
13.5480158730159,1.29081524569643,1.4269588370895,0.717736091853427,70.6598505989463
13.5481150793651,1.2907041907002,1.42690387711131,0.717392923502239,70.6606528341144
13.5482142857143,1.2905931482387,1.42684889453479,0.717049919338196,70.6614549733835
13.5483134920635,1.2904821183119,1.42679388937381,0.716707079280779,70.6622570167764
13.5484126984127,1.29037110091977,1.42673886164226,0.71636440324954,70.6630589643156
13.5485119047619,1.29026009606228,1.42668381135404,0.716021891164026,70.6638608160239
13.5486111111111,1.29014910373941,1.42662873852301,0.715679542943858,70.6646625719236
13.5487103174603,1.29003812395113,1.42657364316302,0.71533735850865,70.6654642320376
13.5488095238095,1.28992715669745,1.42651852528796,0.714995337778088,70.6662657963883
13.5489087301587,1.28981620197834,1.42646338491164,0.714653480671854,70.6670672649983
13.5490079365079,1.28970525979381,1.42640822204793,0.714311787109702,70.6678686378902
13.5491071428571,1.28959433014386,1.42635303671064,0.71397025701138,70.6686699150865
13.5492063492064,1.28948341302848,1.42629782891361,0.713628890296699,70.6694710966099
13.5493055555556,1.28937250844771,1.42624259867065,0.713287686885504,70.6702721824827
13.5494047619048,1.28926161640154,1.42618734599557,0.712946646697644,70.6710731727276
13.549503968254,1.28915073689001,1.42613207090217,0.712605769653039,70.671874067367
13.5496031746032,1.28903986991313,1.42607677340423,0.712265055671607,70.6726748664234
13.5497023809524,1.28892901547094,1.42602145351555,0.711924504673335,70.6734755699194
13.5498015873016,1.28881817356347,1.4259661112499,0.711584116578206,70.6742761778774
13.5499007936508,1.28870734419076,1.42591074662105,0.711243891306275,70.67507669032
13.55,1.28859652735285,1.42585535964275,0.710903828777593,70.6758771072695
13.5500992063492,1.2884857230498,1.42579995032876,0.710563928912281,70.6766774287484
13.5501984126984,1.28837493128165,1.42574451869283,0.710224191630457,70.6774776547791
13.5502976190476,1.28826415204847,1.42568906474869,0.70988461685231,70.6782777853842
13.5503968253968,1.28815338535031,1.42563358851006,0.709545204498024,70.679077820586
13.550496031746,1.28804263118726,1.42557808999067,0.709205954487855,70.6798777604069
13.5505952380952,1.28793188955937,1.42552256920422,0.708866866742054,70.6806776048693
13.5506944444444,1.28782116046673,1.42546702616443,0.708527941180936,70.6814773539957
13.5507936507937,1.28771044390942,1.42541146088499,0.708189177724846,70.6822770078084
13.5508928571429,1.28759973988753,1.42535587337958,0.707850576294136,70.6830765663298
13.5509920634921,1.28748904840114,1.42530026366189,0.707512136809231,70.6838760295822
13.5510912698413,1.28737836945036,1.42524463174558,0.707173859190548,70.6846753975881
13.5511904761905,1.28726770303528,1.42518897764433,0.706835743358579,70.6854746703696
13.5512896825397,1.28715704915602,1.42513330137178,0.706497789233809,70.6862738479493
13.5513888888889,1.28704640781268,1.42507760294159,0.706159996736796,70.6870729303494
13.5514880952381,1.28693577900537,1.42502188236739,0.705822365788093,70.6878719175922
13.5515873015873,1.28682516273423,1.42496613966281,0.705484896308324,70.6886708097001
13.5516865079365,1.28671455899937,1.42491037484148,0.705147588218108,70.6894696066953
13.5517857142857,1.28660396780092,1.42485458791702,0.704810441438138,70.6902683086
13.5518849206349,1.28649338913902,1.42479877890303,0.704473455889101,70.6910669154367
13.5519841269841,1.2863828230138,1.42474294781311,0.704136631491754,70.6918654272275
13.5520833333333,1.28627226942542,1.42468709466085,0.703799968166852,70.6926638439948
13.5521825396825,1.28616172837401,1.42463121945984,0.703463465835211,70.6934621657607
13.5522817460317,1.28605119985975,1.42457532222365,0.70312712441768,70.6942603925474
13.552380952381,1.28594068388277,1.42451940296585,0.702790943835114,70.6950585243773
13.5524801587302,1.28583018044325,1.4244634617,0.702454924008438,70.6958565612725
13.5525793650794,1.28571968954134,1.42440749843965,0.702119064858574,70.6966545032553
13.5526785714286,1.28560921117724,1.42435151319834,0.701783366306516,70.6974523503478
13.5527777777778,1.28549874535111,1.42429550598961,0.701447828273251,70.6982501025722
13.552876984127,1.28538829206313,1.42423947682699,0.701112450679839,70.6990477599507
13.5529761904762,1.28527785131349,1.424183425724,0.700777233447337,70.6998453225055
13.5530753968254,1.28516742310239,1.42412735269414,0.70044217649687,70.7006427902586
13.5531746031746,1.28505700743002,1.42407125775092,0.700107279749562,70.7014401632324
13.5532738095238,1.28494660429657,1.42401514090784,0.699772543126606,70.7022374414488
13.553373015873,1.28483621370226,1.42395900217838,0.699437966549193,70.7030346249301
13.5534722222222,1.28472583564731,1.42390284157602,0.699103549938582,70.7038317136983
13.5535714285714,1.28461547013191,1.42384665911424,0.698769293216031,70.7046287077756
13.5536706349206,1.28450511715629,1.42379045480649,0.698435196302857,70.705425607184
13.5537698412698,1.28439477672068,1.42373422866624,0.698101259120414,70.7062224119456
13.553869047619,1.28428444882531,1.42367798070693,0.697767481590058,70.7070191220826
13.5539682539683,1.28417413347041,1.42362171094199,0.697433863633217,70.7078157376169
13.5540674603175,1.28406383065622,1.42356541938487,0.697100405171315,70.7086122585707
13.5541666666667,1.28395354038299,1.42350910604897,0.696767106125849,70.709408684966
13.5542658730159,1.28384326265095,1.42345277094773,0.696433966418309,70.7102050168247
13.5543650793651,1.28373299746038,1.42339641409454,0.696100985970257,70.711001254169
13.5544642857143,1.28362274481151,1.42334003550281,0.695768164703252,70.711797397021
13.5545634920635,1.28351250470463,1.42328363518592,0.695435502538923,70.7125934454024
13.5546626984127,1.28340227713999,1.42322721315726,0.695102999398896,70.7133893993355
13.5547619047619,1.28329206211787,1.4231707694302,0.694770655204866,70.7141852588421
13.5548611111111,1.28318185963854,1.42311430401812,0.694438469878526,70.7149810239442
13.5549603174603,1.28307166970229,1.42305781693436,0.694106443341639,70.7157766946639
13.5550595238095,1.2829614923094,1.42300130819229,0.693774575515965,70.716572271023
13.5551587301587,1.28285132746017,1.42294477780524,0.693442866323325,70.7173677530435
13.5552579365079,1.28274117515489,1.42288822578655,0.693111315685571,70.7181631407474
13.5553571428571,1.28263103539385,1.42283165214954,0.692779923524567,70.7189584341565
13.5554563492063,1.28252090817738,1.42277505690754,0.69244868976224,70.7197536332929
13.5555555555556,1.28241079350577,1.42271844007386,0.692117614320519,70.7205487381784
13.5556547619048,1.28230069137935,1.42266180166179,0.691786697121401,70.7213437488348
13.555753968254,1.28219060179843,1.42260514168464,0.691455938086881,70.7221386652842
13.5558531746032,1.28208052476334,1.42254846015569,0.691125337139022,70.7229334875484
13.5559523809524,1.2819704602744,1.42249175708822,0.690794894199886,70.7237282156492
13.5560515873016,1.28186040833196,1.4224350324955,0.690464609191604,70.7245228496084
13.5561507936508,1.28175036893634,1.42237828639079,0.690134482036306,70.7253173894481
13.55625,1.2816403420879,1.42232151878735,0.689804512656187,70.7261118351899
13.5563492063492,1.28153032778699,1.42226472969842,0.689474700973446,70.7269061868558
13.5564484126984,1.28142032603394,1.42220791913725,0.689145046910346,70.7277004444675
13.5565476190476,1.28131033682913,1.42215108711706,0.688815550389151,70.7284946080468
13.5566468253968,1.28120036017292,1.42209423365108,0.688486211332182,70.7292886776157
13.556746031746,1.28109039606567,1.42203735875253,0.688157029661798,70.7300826531957
13.5568452380952,1.28098044450776,1.4219804624346,0.68782800530036,70.7308765348088
13.5569444444444,1.28087050549956,1.4219235447105,0.687499138170303,70.7316703224766
13.5570436507937,1.28076057904145,1.42186660559341,0.687170428194054,70.732464016221
13.5571428571429,1.28065066513383,1.42180964509653,0.686841875294116,70.7332576160637
13.5572420634921,1.28054076377707,1.42175266323303,0.686513479392984,70.7340511220265
13.5573412698413,1.28043087497159,1.42169566001606,0.686185240413226,70.734844534131
13.5574404761905,1.28032099871778,1.4216386354588,0.685857158277405,70.735637852399
13.5575396825397,1.28021113501604,1.42158158957439,0.685529232908155,70.7364310768522
13.5576388888889,1.28010128386678,1.42152452237597,0.685201464228107,70.7372242075124
13.5577380952381,1.27999144527043,1.42146743387668,0.684873852159962,70.7380172444011
13.5578373015873,1.27988161922739,1.42141032408965,0.684546396626417,70.7388101875401
13.5579365079365,1.2797718057381,1.42135319302799,0.684219097550242,70.739603036951
13.5580357142857,1.27966200480298,1.42129604070481,0.6838919548542,70.7403957926556
13.5581349206349,1.27955221642247,1.42123886713322,0.683564968461118,70.7411884546754
13.5582341269841,1.27944244059701,1.42118167232632,0.683238138293854,70.7419810230321
13.5583333333333,1.27933267732703,1.42112445629718,0.682911464275275,70.7427734977473
13.5584325396825,1.279222926613,1.42106721905888,0.682584946328315,70.7435658788427
13.5585317460317,1.27911318845535,1.42100996062451,0.682258584375907,70.7443581663399
13.558630952381,1.27900346285456,1.42095268100711,0.681932378341054,70.7451503602604
13.5587301587302,1.27889374981107,1.42089538021975,0.681606328146755,70.7459424606259
13.5588293650794,1.27878404932537,1.42083805827547,0.681280433716079,70.7467344674579
13.5589285714286,1.27867436139791,1.4207807151873,0.680954694972093,70.7475263807781
13.5590277777778,1.27856468602919,1.42072335096829,0.680629111837933,70.7483182006079
13.559126984127,1.27845502321967,1.42066596563144,0.680303684236733,70.749109926969
13.5592261904762,1.27834537296985,1.42060855918979,0.679978412091696,70.7499015598828
13.5593253968254,1.27823573528021,1.42055113165632,0.679653295326023,70.7506930993709
13.5594246031746,1.27812611015126,1.42049368304404,0.679328333862983,70.7514845454548
13.5595238095238,1.27801649758349,1.42043621336595,0.679003527625846,70.7522758981561
13.559623015873,1.27790689757741,1.42037872263501,0.678678876537938,70.7530671574962
13.5597222222222,1.27779731013353,1.42032121086422,0.678354380522622,70.7538583234967
13.5598214285714,1.27768773525236,1.42026367806653,0.678030039503266,70.754649396179
13.5599206349206,1.27757817293442,1.4202061242549,0.677705853403308,70.7554403755645
13.5600198412698,1.27746862318024,1.42014854944228,0.677381822146182,70.7562312616748
13.560119047619,1.27735908599035,1.42009095364161,0.677057945655394,70.7570220545313
13.5602182539683,1.27724956136528,1.42003333686584,0.676734223854445,70.7578127541555
13.5603174603175,1.27714004930557,1.41997569912788,0.676410656666909,70.7586033605687
13.5604166666667,1.27703054981175,1.41991804044065,0.676087244016353,70.7593938737925
13.5605158730159,1.27692106288439,1.41986036081706,0.675763985826417,70.7601842938481
13.5606150793651,1.27681158852403,1.41980266027002,0.675440882020736,70.7609746207571
13.5607142857143,1.27670212673124,1.41974493881242,0.675117932523017,70.7617648545408
13.5608134920635,1.27659267750656,1.41968719645714,0.674795137256963,70.7625549952206
13.5609126984127,1.27648324085058,1.41962943321706,0.674472496146347,70.7633450428179
13.5610119047619,1.27637381676386,1.41957164910506,0.674150009114939,70.764134997354
13.5611111111111,1.27626440524698,1.419513844134,0.673827676086569,70.7649248588503
13.5612103174603,1.27615500630052,1.41945601831672,0.673505496985102,70.7657146273282
13.5613095238095,1.27604561992506,1.41939817166608,0.673183471734409,70.7665043028089
13.5614087301587,1.2759362461212,1.41934030419491,0.67286160025843,70.7672938853138
13.5615079365079,1.27582688488954,1.41928241591604,0.672539882481103,70.7680833748642
13.5616071428571,1.27571753623067,1.4192245068423,0.672218318326434,70.7688727714814
13.5617063492064,1.27560820014519,1.4191665769865,0.67189690771843,70.7696620751867
13.5618055555556,1.27549887663373,1.41910862636144,0.671575650581164,70.7704512860015
13.5619047619048,1.27538956569689,1.41905065497993,0.671254546838707,70.7712404039469
13.562003968254,1.27528026733529,1.41899266285475,0.670933596415203,70.7720294290442
13.5621031746032,1.27517098154956,1.41893464999868,0.670612799234788,70.7728183613147
13.5622023809524,1.27506170834032,1.41887661642451,0.670292155221672,70.7736072007796
13.5623015873016,1.27495244770821,1.41881856214498,0.66997166430006,70.7743959474603
13.5624007936508,1.27484319965388,1.41876048717287,0.669651326394228,70.7751846013778
13.5625,1.27473396417795,1.41870239152092,0.669331141428448,70.7759731625534
13.5625992063492,1.27462474128108,1.41864427520188,0.669011109327054,70.7767616310083
13.5626984126984,1.27451553096392,1.41858613822847,0.668691230014412,70.7775500067638
13.5627976190476,1.27440633322713,1.41852798061343,0.668371503414897,70.7783382898409
13.5628968253968,1.27429714807138,1.41846980236946,0.668051929452949,70.7791264802609
13.562996031746,1.27418797549732,1.41841160350929,0.667732508053011,70.779914578045
13.5630952380952,1.27407881550563,1.41835338404561,0.667413239139592,70.7807025832142
13.5631944444444,1.27396966809699,1.41829514399112,0.6670941226372,70.7814904957898
13.5632936507936,1.27386053327207,1.4182368833585,0.66677515847041,70.7822783157928
13.5633928571429,1.27375141103157,1.41817860216042,0.666456346563798,70.7830660432445
13.5634920634921,1.27364230137618,1.41812030040957,0.666137686842007,70.7838536781659
13.5635912698413,1.27353320430658,1.4180619781186,0.665819179229679,70.7846412205781
13.5636904761905,1.27342411982348,1.41800363530016,0.665500823651525,70.7854286705022
13.5637896825397,1.27331504792759,1.4179452719669,0.665182620032252,70.7862160279593
13.5638888888889,1.27320598861962,1.41788688813146,0.664864568296639,70.7870032929705
13.5639880952381,1.27309694190027,1.41782848380647,0.664546668369462,70.7877904655569
13.5640873015873,1.27298790777027,1.41777005900455,0.664228920175556,70.7885775457395
13.5641865079365,1.27287888623034,1.4177116137383,0.66391132363979,70.7893645335393
13.5642857142857,1.27276987728122,1.41765314802035,0.663593878687041,70.7901514289774
13.5643849206349,1.27266088092363,1.41759466186328,0.663276585242253,70.7909382320749
13.5644841269841,1.27255189715831,1.41753615527969,0.66295944323037,70.7917249428527
13.5645833333333,1.27244292598601,1.41747762828215,0.662642452576404,70.7925115613318
13.5646825396825,1.27233396740748,1.41741908088324,0.662325613205365,70.7932980875333
13.5647817460317,1.27222502142346,1.41736051309553,0.662008925042332,70.794084521478
13.564880952381,1.27211608803471,1.41730192493157,0.661692388012383,70.7948708631872
13.5649801587302,1.272007167242,1.41724331640391,0.661376002040663,70.7956571126815
13.5650793650794,1.27189825904609,1.41718468752509,0.661059767052317,70.7964432699822
13.5651785714286,1.27178936344776,1.41712603830766,0.660743682972558,70.7972293351099
13.5652777777778,1.27168048044778,1.41706736876412,0.660427749726597,70.7980153080859
13.565376984127,1.27157161004693,1.417008678907,0.660111967239715,70.7988011889308
13.5654761904762,1.27146275224599,1.41694996874882,0.659796335437189,70.7995869776658
13.5655753968254,1.27135390704577,1.41689123830206,0.659480854244357,70.8003726743116
13.5656746031746,1.27124507444705,1.41683248757922,0.659165523586592,70.8011582788892
13.5657738095238,1.27113625445062,1.4167737165928,0.658850343389272,70.8019437914194
13.565873015873,1.27102744705731,1.41671492535526,0.658535313577846,70.8027292119232
13.5659722222222,1.27091865226792,1.41665611387907,0.658220434077758,70.8035145404214
13.5660714285714,1.27080987008326,1.4165972821767,0.657905704814523,70.8042997769348
13.5661706349206,1.27070110050415,1.4165384302606,0.657591125713655,70.8050849214844
13.5662698412698,1.27059234353141,1.41647955814322,0.657276696700734,70.8058699740909
13.566369047619,1.27048359916588,1.41642066583699,0.656962417701341,70.8066549347753
13.5664682539683,1.27037486740839,1.41636175335433,0.656648288641124,70.8074398035582
13.5665674603175,1.27026614825976,1.41630282070768,0.65633430944573,70.8082245804605
13.5666666666667,1.27015744172086,1.41624386790945,0.656020480040875,70.8090092655031
13.5667658730159,1.27004874779252,1.41618489497204,0.655706800352272,70.8097938587066
13.5668650793651,1.26994006647561,1.41612590190784,0.655393270305704,70.8105783600919
13.5669642857143,1.26983139777096,1.41606688872925,0.655079889826952,70.8113627696798
13.5670634920635,1.26972274167945,1.41600785544865,0.654766658841857,70.812147087491
13.5671626984127,1.26961409820195,1.41594880207841,0.654453577276293,70.8129313135463
13.5672619047619,1.26950546733932,1.41588972863089,0.654140645056142,70.8137154478664
13.5673611111111,1.26939684909244,1.41583063511846,0.653827862107352,70.8144994904719
13.5674603174603,1.26928824346219,1.41577152155346,0.653515228355874,70.8152834413838
13.5675595238095,1.26917965044946,1.41571238794823,0.653202743727724,70.8160673006226
13.5676587301587,1.26907107005514,1.4156532343151,0.652890408148917,70.8168510682091
13.5677579365079,1.26896250228012,1.41559406066641,0.652578221545538,70.8176347441639
13.5678571428571,1.2688539471253,1.41553486701447,0.652266183843669,70.8184183285077
13.5679563492063,1.26874540459159,1.41547565337158,0.651954294969461,70.8192018212613
13.5680555555556,1.2686368746799,1.41541641975005,0.651642554849064,70.8199852224452
13.5681547619048,1.26852835739114,1.41535716616217,0.651330963408695,70.8207685320802
13.568253968254,1.26841985272623,1.41529789262022,0.651019520574571,70.8215517501868
13.5683531746032,1.26831136068609,1.41523859913649,0.650708226272978,70.8223348767856
13.5684523809524,1.26820288127165,1.41517928572323,0.650397080430198,70.8231179118974
13.5685515873016,1.26809441448385,1.41511995239272,0.650086082972575,70.8239008555428
13.5686507936508,1.26798596032362,1.41506059915721,0.649775233826486,70.8246837077422
13.56875,1.26787751879191,1.41500122602893,0.649464532918316,70.8254664685164
13.5688492063492,1.26776908988966,1.41494183302013,0.649153980174515,70.8262491378858
13.5689484126984,1.26766067361783,1.41488242014303,0.648843575521536,70.8270317158711
13.5690476190476,1.26755226997737,1.41482298740986,0.648533318885898,70.8278142024928
13.5691468253968,1.26744387896924,1.41476353483282,0.648223210194119,70.8285965977716
13.569246031746,1.26733550059442,1.41470406242413,0.647913249372785,70.8293789017278
13.5693452380952,1.26722713485386,1.41464457019598,0.647603436348483,70.8301611143821
13.5694444444444,1.26711878174855,1.41458505816056,0.647293771047864,70.830943235755
13.5695436507937,1.26701044127947,1.41452552633004,0.646984253397583,70.8317252658669
13.5696428571429,1.26690211344761,1.41446597471661,0.646674883324358,70.8325072047385
13.5697420634921,1.26679379825395,1.41440640333242,0.64636566075491,70.8332890523901
13.5698412698413,1.26668549569949,1.41434681218964,0.646056585616025,70.8340708088423
13.5699404761905,1.26657720578522,1.41428720130041,0.645747657834489,70.8348524741155
13.5700396825397,1.26646892851216,1.41422757067687,0.645438877337149,70.8356340482303
13.5701388888889,1.26636066388131,1.41416792033115,0.645130244050885,70.836415531207
13.5702380952381,1.26625241189369,1.41410825027538,0.644821757902582,70.8371969230661
13.5703373015873,1.26614417255032,1.41404856052168,0.644513418819195,70.837978223828
13.5704365079365,1.26603594585221,1.41398885108215,0.644205226727679,70.8387594335131
13.5705357142857,1.2659277318004,1.4139291219689,0.643897181555055,70.839540552142
13.5706349206349,1.26581953039591,1.41386937319401,0.643589283228345,70.8403215797349
13.5707341269841,1.2657113416398,1.41380960476958,0.643281531674636,70.8411025163122
13.5708333333333,1.2656031655331,1.41374981670767,0.642973926821017,70.8418833618944
13.5709325396825,1.26549500207685,1.41369000902036,0.642666468594644,70.8426641165018
13.5710317460317,1.26538685127212,1.4136301817197,0.642359156922672,70.8434447801549
13.571130952381,1.26527871311995,1.41357033481776,0.642051991732322,70.8442253528738
13.5712301587302,1.2651705876214,1.41351046832657,0.64174497295082,70.845005834679
13.5713293650794,1.26506247477756,1.41345058225816,0.641438100505451,70.8457862255908
13.5714285714286,1.26495437458947,1.41339067662458,0.641131374323508,70.8465665256296
13.5715277777778,1.26484628705823,1.41333075143783,0.640824794332336,70.8473467348157
13.571626984127,1.26473821218491,1.41327080670994,0.640518360459319,70.8481268531692
13.5717261904762,1.26463014997059,1.4132108424529,0.640212072631846,70.8489068807107
13.5718253968254,1.26452210041637,1.41315085867871,0.639905930777374,70.8496868174602
13.5719246031746,1.26441406352335,1.41309085539936,0.639599934823359,70.8504666634382
13.5720238095238,1.26430603929261,1.41303083262683,0.639294084697326,70.8512464186649
13.572123015873,1.26419802772527,1.41297079037309,0.638988380326799,70.8520260831605
13.5722222222222,1.26409002882244,1.41291072865011,0.638682821639368,70.8528056569452
13.5723214285714,1.26398204258522,1.41285064746985,0.638377408562624,70.8535851400394
13.5724206349206,1.26387406901474,1.41279054684424,0.638072141024227,70.8543645324632
13.5725198412698,1.26376610811211,1.41273042678523,0.637767018951832,70.8551438342368
13.572619047619,1.26365815987848,1.41267028730476,0.637462042273166,70.8559230453805
13.5727182539683,1.26355022431497,1.41261012841474,0.637157210915953,70.8567021659144
13.5728174603175,1.26344230142272,1.4125499501271,0.636852524807985,70.8574811958588
13.5729166666667,1.26333439120286,1.41248975245373,0.636547983877054,70.8582601352338
13.5730158730159,1.26322649365656,1.41242953540655,0.636243588051011,70.8590389840596
13.5731150793651,1.26311860878496,1.41236929899745,0.63593933725774,70.8598177423562
13.5732142857143,1.26301073658921,1.4123090432383,0.635635231425133,70.860596410144
13.5733134920635,1.26290287707048,1.41224876814098,0.635331270481149,70.861374987443
13.5734126984127,1.26279503022993,1.41218847371736,0.63502745435375,70.8621534742733
13.5735119047619,1.26268719606874,1.41212815997931,0.634723782970959,70.8629318706551
13.5736111111111,1.26257937458808,1.41206782693867,0.634420256260804,70.8637101766084
13.5737103174603,1.26247156578913,1.41200747460729,0.63411687415138,70.8644883921534
13.5738095238095,1.26236376967307,1.411947102997,0.633813636570778,70.8652665173101
13.5739087301587,1.26225598624111,1.41188671211963,0.63351054344716,70.8660445520987
13.5740079365079,1.26214821549442,1.41182630198701,0.633207594708686,70.8668224965391
13.5741071428571,1.26204045743421,1.41176587261094,0.632904790283583,70.8676003506515
13.5742063492063,1.26193271206168,1.41170542400322,0.632602130100079,70.8683781144559
13.5743055555556,1.26182497937805,1.41164495617566,0.63229961408647,70.8691557879722
13.5744047619048,1.26171725938452,1.41158446914003,0.631997242171048,70.8699333712207
13.574503968254,1.26160955208232,1.41152396290813,0.631695014282168,70.8707108642212
13.5746031746032,1.26150185747267,1.41146343749172,0.631392930348215,70.8714882669938
13.5747023809524,1.26139417555679,1.41140289290257,0.631090990297585,70.8722655795584
13.5748015873016,1.26128650633592,1.41134232915243,0.63078919405874,70.8730428019351
13.5749007936508,1.2611788498113,1.41128174625305,0.630487541560142,70.8738199341439
13.575,1.26107120598417,1.41122114421617,0.630186032730319,70.8745969762047
13.5750992063492,1.26096357485577,1.41116052305352,0.629884667497802,70.8753739281374
13.5751984126984,1.26085595642735,1.41109988277682,0.629583445791186,70.876150789962
13.5752976190476,1.26074835070018,1.4110392233978,0.629282367539067,70.8769275616985
13.5753968253968,1.26064075754402,1.41097854497782,0.628981432685673,70.877704243416
13.575496031746,1.26053317659037,1.41091784766773,0.628680641206338,70.8784808352724
13.5755952380952,1.26042560781469,1.41085713148788,0.628379993038708,70.8792573372958
13.5756944444444,1.26031805121422,1.41079639645038,0.62807948811792,70.8800337495062
13.5757936507936,1.26021050678623,1.41073564256733,0.627779126379163,70.8808100719238
13.5758928571429,1.26010297452796,1.41067486985084,0.627478907757615,70.8815863045685
13.5759920634921,1.25999545443669,1.410614078313,0.627178832188498,70.8823624474604
13.5760912698413,1.25988794650967,1.4105532679659,0.626878899607057,70.8831385006195
13.5761904761905,1.25978045074416,1.41049243882163,0.62657910994853,70.8839144640657
13.5762896825397,1.25967296713744,1.41043159089226,0.626279463148212,70.8846903378191
13.5763888888889,1.25956549568676,1.41037072418987,0.625979959141383,70.8854661218997
13.5764880952381,1.2594580363894,1.41030983872654,0.625680597863378,70.8862418163274
13.5765873015873,1.25935058924262,1.41024893451434,0.625381379249519,70.8870174211223
13.5766865079365,1.2592431542437,1.41018801156532,0.625082303235183,70.8877929363043
13.5767857142857,1.2591357313899,1.41012706989155,0.624783369755732,70.8885683618934
13.5768849206349,1.25902832067851,1.41006610950508,0.624484578746584,70.8893436979096
13.5769841269841,1.2589209221068,1.41000513041796,0.624185930143145,70.8901189443728
13.5770833333333,1.25881353567204,1.40994413264224,0.623887423880872,70.8908941013029
13.5771825396825,1.25870616137153,1.40988311618996,0.623589059895214,70.89166916872
13.5772817460317,1.25859879920253,1.40982208107316,0.623290838121669,70.892444146644
13.577380952381,1.25849144916233,1.40976102730387,0.622992758495725,70.8932190350948
13.5774801587302,1.25838411124822,1.40969995489412,0.622694820952916,70.8939938340924
13.5775793650794,1.25827678545748,1.40963886385593,0.622397025428796,70.8947685436566
13.5776785714286,1.25816947178741,1.40957775420132,0.622099371858914,70.8955431638074
13.5777777777778,1.25806217023528,1.40951662594231,0.621801860178874,70.8963176945648
13.577876984127,1.25795488079839,1.40945547909091,0.621504490324268,70.8970921359485
13.5779761904762,1.25784760347404,1.40939431365912,0.62120726223074,70.8978664879786
13.5780753968254,1.25774033825952,1.40933312965895,0.620910175833923,70.8986407506749
13.5781746031746,1.25763308515212,1.4092719271024,0.620613231069503,70.8994149240573
13.5782738095238,1.25752584414914,1.40921070600144,0.620316427873154,70.9001890081458
13.578373015873,1.25741861524789,1.40914946636809,0.620019766180604,70.9009630029601
13.5784722222222,1.25731139844566,1.40908820821431,0.619723245927568,70.9017369085202
13.5785714285714,1.25720419373976,1.4090269315521,0.619426867049815,70.9025107248459
13.5786706349206,1.25709700112749,1.40896563639341,0.619130629483103,70.9032844519571
13.5787698412698,1.25698982060615,1.40890432275024,0.61883453316324,70.9040580898737
13.578869047619,1.25688265217306,1.40884299063453,0.618538578026027,70.9048316386155
13.5789682539683,1.25677549582553,1.40878164005827,0.618242764007305,70.9056050982023
13.5790674603175,1.25666835156086,1.40872027103339,0.617947091042939,70.9063784686541
13.5791666666667,1.25656121937637,1.40865888357186,0.61765155906879,70.9071517499906
13.5792658730159,1.25645409926937,1.40859747768563,0.617356168020771,70.9079249422316
13.5793650793651,1.25634699123718,1.40853605338663,0.617060917834783,70.908698045397
13.5794642857143,1.25623989527713,1.40847461068681,0.616765808446783,70.9094710595067
13.5795634920635,1.25613281138651,1.40841314959811,0.616470839792713,70.9102439845803
13.5796626984127,1.25602573956267,1.40835167013246,0.616176011808568,70.9110168206378
13.5797619047619,1.25591867980291,1.40829017230177,0.615881324430335,70.9117895676989
13.5798611111111,1.25581163210457,1.40822865611799,0.61558677759405,70.9125622257835
13.5799603174603,1.25570459646497,1.40816712159302,0.61529237123574,70.9133347949113
13.5800595238095,1.25559757288145,1.40810556873877,0.614998105291483,70.914107275102
13.5801587301587,1.25549056135132,1.40804399756716,0.614703979697347,70.9148796663756
13.5802579365079,1.25538356187192,1.4079824080901,0.614409994389452,70.9156519687516
13.5803571428571,1.25527657444058,1.40792080031947,0.614116149303907,70.9164241822501
13.5804563492064,1.25516959905464,1.40785917426718,0.613822444376866,70.9171963068906
13.5805555555556,1.25506263571143,1.40779752994512,0.613528879544502,70.9179683426929
13.5806547619048,1.25495568440829,1.40773586736518,0.613235454742987,70.9187402896769
13.580753968254,1.25484874514257,1.40767418653924,0.612942169908545,70.9195121478621
13.5808531746032,1.25474181791159,1.40761248747917,0.612649024977387,70.9202839172685
13.5809523809524,1.25463490271271,1.40755077019686,0.612356019885779,70.9210555979156
13.5810515873016,1.25452799954327,1.40748903470417,0.612063154569974,70.9218271898233
13.5811507936508,1.25442110840061,1.40742728101296,0.611770428966279,70.9225986930112
13.58125,1.25431422928208,1.4073655091351,0.611477843010989,70.9233701074992
13.5813492063492,1.25420736218504,1.40730371908244,0.611185396640451,70.9241414333067
13.5814484126984,1.25410050710683,1.40724191086683,0.610893089791002,70.9249126704537
13.5815476190476,1.2539936640448,1.40718008450013,0.610600922399031,70.9256838189598
13.5816468253968,1.25388683299631,1.40711823999417,0.610308894400916,70.9264548788446
13.581746031746,1.25378001395872,1.4070563773608,0.610017005733088,70.9272258501279
13.5818452380952,1.25367320692939,1.40699449661184,0.609725256331965,70.9279967328294
13.5819444444444,1.25356641190566,1.40693259775913,0.609433646134011,70.9287675269687
13.5820436507937,1.25345962888491,1.4068706808145,0.609142175075711,70.9295382325655
13.5821428571429,1.2533528578645,1.40680874578976,0.608850843093546,70.9303088496394
13.5822420634921,1.25324609884179,1.40674679269672,0.60855965012405,70.9310793782102
13.5823412698413,1.25313935181414,1.40668482154721,0.608268596103746,70.9318498182975
13.5824404761905,1.25303261677893,1.40662283235303,0.607977680969209,70.9326201699208
13.5825396825397,1.25292589373352,1.40656082512599,0.607686904657003,70.9333904330999
13.5826388888889,1.25281918267529,1.40649879987787,0.607396267103744,70.9341606078545
13.5827380952381,1.2527124836016,1.40643675662048,0.607105768246038,70.934930694204
13.5828373015873,1.25260579650984,1.40637469536561,0.606815408020543,70.9357006921682
13.5829365079365,1.25249912139737,1.40631261612504,0.606525186363905,70.9364706017667
13.5830357142857,1.25239245826158,1.40625051891055,0.606235103212825,70.9372404230191
13.5831349206349,1.25228580709985,1.40618840373393,0.60594515850399,70.938010155945
13.5832341269841,1.25217916790955,1.40612627060693,0.60565535217414,70.9387798005639
13.5833333333333,1.25207254068806,1.40606411954134,0.605365684160006,70.9395493568956
13.5834325396825,1.25196592543278,1.4060019505489,0.605076154398361,70.9403188249595
13.5835317460317,1.25185932214109,1.4059397636414,0.604786762826,70.9410882047753
13.583630952381,1.25175273081038,1.40587755883057,0.604497509379715,70.9418574963626
13.5837301587302,1.25164615143803,1.40581533612817,0.60420839399635,70.9426266997409
13.5838293650794,1.25153958402143,1.40575309554594,0.603919416612738,70.9433958149298
13.5839285714286,1.25143302855799,1.40569083709562,0.603630577165765,70.9441648419488
13.5840277777778,1.25132648504509,1.40562856078896,0.603341875592304,70.9449337808176
13.584126984127,1.25121995348012,1.40556626663769,0.603053311829282,70.9457026315556
13.5842261904762,1.2511134338605,1.40550395465352,0.602764885813616,70.9464713941824
13.5843253968254,1.2510069261836,1.4054416248482,0.602476597482273,70.9472400687175
13.5844246031746,1.25090043044685,1.40537927723343,0.602188446772211,70.9480086551806
13.5845238095238,1.25079394664763,1.40531691182093,0.601900433620439,70.948777153591
13.584623015873,1.25068747478336,1.40525452862242,0.601612557963956,70.9495455639684
13.5847222222222,1.25058101485144,1.40519212764959,0.601324819739812,70.9503138863322
13.5848214285714,1.25047456684927,1.40512970891415,0.601037218885047,70.9510821207019
13.5849206349206,1.25036813077426,1.4050672724278,0.600749755336746,70.9518502670972
13.5850198412698,1.25026170662384,1.40500481820223,0.600462429032015,70.9526183255374
13.585119047619,1.2501552943954,1.40494234624912,0.600175239907953,70.953386296042
13.5852182539683,1.25004889408637,1.40487985658017,0.599888187901717,70.9541541786306
13.5853174603175,1.24994250569415,1.40481734920705,0.59960127295045,70.9549219733226
13.5854166666667,1.24983612921618,1.40475482414144,0.599314494991346,70.9556896801375
13.5855158730159,1.24972976464985,1.40469228139501,0.599027853961591,70.9564572990948
13.5856150793651,1.24962341199261,1.40462972097942,0.598741349798422,70.9572248302139
13.5857142857143,1.24951707124186,1.40456714290634,0.598454982439065,70.9579922735143
13.5858134920635,1.24941074239504,1.40450454718742,0.598168751820798,70.9587596290155
13.5859126984127,1.24930442544956,1.40444193383432,0.597882657880889,70.9595268967369
13.5860119047619,1.24919812040286,1.40437930285869,0.597596700556658,70.9602940766979
13.5861111111111,1.24909182725237,1.40431665427216,0.597310879785413,70.961061168918
13.5862103174603,1.24898554599551,1.40425398808639,0.597025195504515,70.9618281734166
13.5863095238095,1.24887927662972,1.404191304313,0.596739647651315,70.9625950902131
13.5864087301587,1.24877301915243,1.40412860296363,0.596454236163208,70.963361919327
13.5865079365079,1.24866677356108,1.4040658840499,0.596168960977608,70.9641286607777
13.5866071428571,1.24856053985311,1.40400314758344,0.595883822031929,70.9648953145845
13.5867063492063,1.24845431802595,1.40394039357587,0.595598819263633,70.9656618807669
13.5868055555556,1.24834810807705,1.40387762203879,0.595313952610176,70.9664283593443
13.5869047619048,1.24824191000385,1.40381483298381,0.595029222009063,70.967194750336
13.587003968254,1.24813572380378,1.40375202642255,0.594744627397789,70.9679610537615
13.5871031746032,1.24802954947431,1.4036892023666,0.594460168713902,70.9687272696402
13.5872023809524,1.24792338701287,1.40362636082755,0.594175845894937,70.9694933979913
13.5873015873016,1.24781723641691,1.40356350181701,0.593891658878484,70.9702594388343
13.5874007936508,1.24771109768389,1.40350062534654,0.59360760760212,70.9710253921886
13.5875,1.24760497081126,1.40343773142775,0.593323692003475,70.9717912580734
13.5875992063492,1.24749885579646,1.4033748200722,0.593039912020169,70.9725570365082
13.5876984126984,1.24739275263697,1.40331189129147,0.592756267589872,70.9733227275123
13.5877976190476,1.24728666133023,1.40324894509713,0.592472758650246,70.974088331105
13.5878968253968,1.2471805818737,1.40318598150075,0.592189385138996,70.9748538473057
13.587996031746,1.24707451426484,1.40312300051388,0.591906146993845,70.9756192761336
13.5880952380952,1.24696845850112,1.40306000214807,0.591623044152519,70.9763846176082
13.5881944444444,1.24686241458,1.40299698641489,0.59134007655279,70.9771498717487
13.5882936507937,1.24675638249895,1.40293395332588,0.591057244132424,70.9779150385745
13.5883928571429,1.24665036225543,1.40287090289258,0.590774546829236,70.9786801181048
13.5884920634921,1.24654435384691,1.40280783512654,0.590491984581032,70.9794451103589
13.5885912698413,1.24643835727087,1.40274475003927,0.590209557325669,70.9802100153562
13.5886904761905,1.24633237252476,1.40268164764232,0.589927265000994,70.9809748331159
13.5887896825397,1.24622639960608,1.40261852794721,0.589645107544906,70.9817395636573
13.5888888888889,1.24612043851229,1.40255539096546,0.589363084895293,70.9825042069998
13.5889880952381,1.24601448924088,1.40249223670858,0.589081196990095,70.9832687631625
13.5890873015873,1.24590855178931,1.40242906518809,0.588799443767242,70.9840332321647
13.5891865079365,1.24580262615508,1.4023658764155,0.588517825164715,70.9847976140257
13.5892857142857,1.24569671233566,1.40230267040231,0.588236341120486,70.9855619087647
13.5893849206349,1.24559081032853,1.40223944716001,0.587954991572568,70.9863261164011
13.5894841269841,1.24548492013119,1.4021762067001,0.587673776458999,70.9870902369539
13.5895833333333,1.24537904174112,1.40211294903408,0.587392695717812,70.9878542704426
13.5896825396825,1.24527317515581,1.40204967417342,0.58711174928709,70.9886182168862
13.5897817460317,1.24516732037275,1.40198638212961,0.586830937104909,70.9893820763041
13.589880952381,1.24506147738943,1.40192307291413,0.586550259109394,70.9901458487153
13.5899801587302,1.24495564620335,1.40185974653844,0.586269715238663,70.9909095341393
13.5900793650794,1.24484982681199,1.40179640301401,0.585989305430881,70.9916731325952
13.5901785714286,1.24474401921287,1.40173304235231,0.585709029624207,70.9924366441021
13.5902777777778,1.24463822340347,1.4016696645648,0.58542888775685,70.9932000686793
13.590376984127,1.2445324393813,1.40160626966293,0.585148879767007,70.9939634063459
13.5904761904762,1.24442666714386,1.40154285765815,0.58486900559293,70.9947266571212
13.5905753968254,1.24432090668865,1.40147942856191,0.584589265172859,70.9954898210243
13.5906746031746,1.24421515801319,1.40141598238565,0.584309658445084,70.9962528980744
13.5907738095238,1.24410942111497,1.4013525191408,0.584030185347888,70.9970158882907
13.590873015873,1.2440036959915,1.40128903883879,0.583750845819596,70.9977787916923
13.5909722222222,1.2438979826403,1.40122554149107,0.583471639798553,70.9985416082984
13.5910714285714,1.24379228105888,1.40116202710904,0.583192567223104,70.9993043381282
13.5911706349206,1.24368659124475,1.40109849570413,0.582913628031643,71.0000669812007
13.5912698412698,1.24358091319543,1.40103494728775,0.582634822162555,71.0008295375352
13.591369047619,1.24347524690843,1.40097138187132,0.582356149554277,71.0015920071507
13.5914682539683,1.24336959238127,1.40090779946624,0.582077610145234,71.0023543900665
13.5915674603175,1.24326394961148,1.4008442000839,0.581799203873905,71.0031166863015
13.5916666666667,1.24315831859657,1.40078058373572,0.581520930678757,71.003878895875
13.5917658730159,1.24305269933408,1.40071695043308,0.58124279049831,71.004641018806
13.5918650793651,1.24294709182151,1.40065330018736,0.580964783271072,71.0054030551136
13.5919642857143,1.24284149605641,1.40058963300996,0.580686908935604,71.006165004817
13.5920634920635,1.2427359120363,1.40052594891225,0.580409167430456,71.0069268679353
13.5921626984127,1.24263033975871,1.40046224790561,0.58013155869423,71.0076886444875
13.5922619047619,1.24252477922118,1.4003985300014,0.579854082665519,71.0084503344927
13.5923611111111,1.24241923042123,1.400334795211,0.579576739282956,71.00921193797
13.5924603174603,1.2423136933564,1.40027104354577,0.579299528485199,71.0099734549384
13.5925595238095,1.24220816802423,1.40020727501706,0.579022450210902,71.0107348854171
13.5926587301587,1.24210265442226,1.40014348963622,0.57874550439877,71.0114962294251
13.5927579365079,1.24199715254803,1.40007968741461,0.578468690987497,71.0122574869814
13.5928571428571,1.24189166239908,1.40001586836358,0.578192009915831,71.0130186581051
13.5929563492064,1.24178618397295,1.39995203249444,0.577915461122509,71.0137797428153
13.5930555555556,1.24168071726719,1.39988817981856,0.577639044546317,71.0145407411309
13.5931547619048,1.24157526227935,1.39982431034725,0.577362760126035,71.015301653071
13.593253968254,1.24146981900697,1.39976042409184,0.577086607800491,71.0160624786547
13.5933531746032,1.24136438744761,1.39969652106365,0.576810587508505,71.0168232179009
13.5934523809524,1.24125896759882,1.39963260127401,0.576534699188948,71.0175838708287
13.5935515873016,1.24115355945814,1.39956866473422,0.576258942780681,71.0183444374571
13.5936507936508,1.24104816302315,1.3995047114556,0.575983318222614,71.019104917805
13.59375,1.24094277829138,1.39944074144944,0.575707825453651,71.0198653118915
13.5938492063492,1.24083740526041,1.39937675472705,0.575432464412738,71.0206256197356
13.5939484126984,1.24073204392779,1.39931275129972,0.57515723503884,71.0213858413562
13.5940476190476,1.24062669429109,1.39924873117875,0.574882137270923,71.0221459767724
13.5941468253968,1.24052135634786,1.39918469437542,0.574607171048001,71.0229060260031
13.594246031746,1.24041603009567,1.39912064090102,0.57433233630908,71.0236659890673
13.5943452380952,1.2403107155321,1.39905657076682,0.574057632993217,71.0244258659839
13.5944444444444,1.24020541265471,1.39899248398409,0.573783061039459,71.0251856567719
13.5945436507936,1.24010012146106,1.39892838056411,0.573508620386904,71.0259453614503
13.5946428571429,1.23999484194873,1.39886426051813,0.57323431097464,71.026704980038
13.5947420634921,1.2398895741153,1.39880012385743,0.572960132741807,71.0274645125539
13.5948412698413,1.23978431795834,1.39873597059325,0.572686085627536,71.0282239590169
13.5949404761905,1.23967907347543,1.39867180073685,0.572412169571005,71.0289833194461
13.5950396825397,1.23957384066414,1.39860761429947,0.572138384511388,71.0297425938603
13.5951388888889,1.23946861952206,1.39854341129235,0.571864730387905,71.0305017822785
13.5952380952381,1.23936341004676,1.39847919172675,0.571591207139771,71.0312608847195
13.5953373015873,1.23925821223583,1.39841495561388,0.571317814706239,71.0320199012023
13.5954365079365,1.23915302608686,1.39835070296498,0.571044553026588,71.0327788317457
13.5955357142857,1.23904785159743,1.39828643379127,0.570771422040092,71.0335376763687
13.5956349206349,1.23894268876514,1.39822214810397,0.570498421686076,71.0342964350901
13.5957341269841,1.23883753758756,1.39815784591431,0.570225551903857,71.0350551079289
13.5958333333333,1.2387323980623,1.39809352723349,0.569952812632801,71.0358136949039
13.5959325396825,1.23862727018695,1.39802919207271,0.569680203812266,71.0365721960339
13.5960317460317,1.2385221539591,1.39796484044319,0.56940772538166,71.0373306113379
13.596130952381,1.23841704937635,1.39790047235611,0.569135377280383,71.0380889408348
13.5962301587302,1.23831195643629,1.39783608782268,0.568863159447882,71.0388471845432
13.5963293650794,1.23820687513654,1.39777168685409,0.5685910718236,71.0396053424822
13.5964285714286,1.23810180547468,1.39770726946151,0.568319114347027,71.0403634146706
13.5965277777778,1.23799674744832,1.39764283565613,0.568047286957644,71.0411214011271
13.596626984127,1.23789170105508,1.39757838544913,0.567775589594984,71.0418793018707
13.5967261904762,1.23778666629255,1.39751391885168,0.567504022198569,71.0426371169201
13.5968253968254,1.23768164315834,1.39744943587494,0.567232584707967,71.0433948462942
13.5969246031746,1.23757663165006,1.39738493653008,0.566961277062764,71.0441524900117
13.5970238095238,1.23747163176533,1.39732042082826,0.566690099202544,71.0449100480916
13.597123015873,1.23736664350176,1.39725588878063,0.566419051066945,71.0456675205526
13.5972222222222,1.23726166685697,1.39719134039835,0.566148132595591,71.0464249074134
13.5973214285714,1.23715670182856,1.39712677569255,0.565877343728161,71.047182208693
13.5974206349206,1.23705174841416,1.39706219467438,0.565606684404322,71.04793942441
13.5975198412698,1.2369468066114,1.39699759735497,0.565336154563792,71.0486965545833
13.597619047619,1.23684187641788,1.39693298374546,0.565065754146281,71.0494535992317
13.5977182539683,1.23673695783124,1.39686835385698,0.564795483091549,71.0502105583738
13.5978174603175,1.23663205084909,1.39680370770065,0.564525341339346,71.0509674320285
13.5979166666667,1.23652715546907,1.39673904528758,0.564255328829474,71.0517242202145
13.5980158730159,1.23642227168881,1.3966743666289,0.563985445501723,71.0524809229506
13.5981150793651,1.23631739950593,1.39660967173571,0.563715691295938,71.0532375402555
13.5982142857143,1.23621253891807,1.39654496061911,0.563446066151951,71.053994072148
13.5983134920635,1.23610768992285,1.39648023329022,0.563176570009639,71.0547505186468
13.5984126984127,1.23600285251793,1.39641548976012,0.562907202808899,71.0555068797706
13.5985119047619,1.23589802670092,1.39635073003991,0.562637964489626,71.0562631555382
13.5986111111111,1.23579321246947,1.39628595414068,0.562368854991766,71.0570193459682
13.5987103174603,1.23568840982122,1.39622116207351,0.562099874255256,71.0577754510794
13.5988095238095,1.23558361875382,1.39615635384949,0.561831022220084,71.0585314708905
13.5989087301587,1.23547883926489,1.39609152947967,0.561562298826227,71.0592874054202
13.5990079365079,1.2353740713521,1.39602668897514,0.561293704013714,71.0600432546872
13.5991071428571,1.23526931501309,1.39596183234697,0.561025237722566,71.0607990187102
13.5992063492063,1.2351645702455,1.39589695960621,0.560756899892851,71.0615546975078
13.5993055555556,1.23505983704698,1.39583207076391,0.560488690464631,71.0623102910987
13.5994047619048,1.23495511541519,1.39576716583114,0.560220609378017,71.0630657995017
13.599503968254,1.23485040534778,1.39570224481895,0.559952656573112,71.0638212227353
13.5996031746032,1.2347457068424,1.39563730773837,0.559684831990068,71.0645765608183
13.5997023809524,1.23464101989672,1.39557235460044,0.559417135569029,71.0653318137693
13.5998015873016,1.23453634450838,1.3955073854162,0.559149567250182,71.0660869816069
13.5999007936508,1.23443168067506,1.39544240019669,0.558882126973733,71.0668420643498
13.6,1.2343270283944,1.39537739895292,0.55861481467989,71.0675970620166
13.6000992063492,1.23422238766408,1.39531238169592,0.558347630308908,71.068351974626
13.6001984126984,1.23411775848176,1.39524734843671,0.558080573801034,71.0691068021966
13.6002976190476,1.2340131408451,1.3951822991863,0.557813645096566,71.0698615447469
13.6003968253968,1.23390853475178,1.3951172339557,0.557546844135792,71.0706162022958
13.600496031746,1.23380394019946,1.39505215275591,0.557280170859051,71.0713707748616
13.6005952380952,1.23369935718582,1.39498705559793,0.557013625206674,71.072125262463
13.6006944444444,1.23359478570852,1.39492194249277,0.55674720711904,71.0728796651187
13.6007936507937,1.23349022576525,1.3948568134514,0.55648091653652,71.0736339828472
13.6008928571429,1.23338567735368,1.39479166848481,0.556214753399537,71.0743882156672
13.6009920634921,1.23328114047149,1.394726507604,0.555948717648503,71.0751423635971
13.6010912698413,1.23317661511636,1.39466133081993,0.55568280922388,71.0758964266556
13.6011904761905,1.23307210128596,1.39459613814357,0.555417028066124,71.0766504048612
13.6012896825397,1.23296759897799,1.39453092958591,0.555151374115731,71.0774042982326
13.6013888888889,1.23286310819013,1.3944657051579,0.554885847313218,71.0781581067881
13.6014880952381,1.23275862892006,1.3944004648705,0.554620447599102,71.0789118305466
13.6015873015873,1.23265416116547,1.39433520873467,0.55435517491395,71.0796654695263
13.6016865079365,1.23254970492406,1.39426993676136,0.554090029198318,71.080419023746
13.6017857142857,1.23244526019351,1.39420464896152,0.553825010392814,71.0811724932241
13.6018849206349,1.23234082697151,1.39413934534608,0.553560118438037,71.0819258779792
13.6019841269841,1.23223640525577,1.39407402592599,0.553295353274637,71.0826791780297
13.6020833333333,1.23213199504398,1.39400869071218,0.553030714843254,71.0834323933943
13.6021825396825,1.23202759633383,1.39394333971559,0.552766203084578,71.0841855240914
13.6022817460317,1.23192320912303,1.39387797294712,0.55250181793929,71.0849385701396
13.602380952381,1.23181883340928,1.39381259041771,0.552237559348123,71.0856915315572
13.6024801587302,1.23171446919027,1.39374719213827,0.5519734272518,71.0864444083629
13.6025793650794,1.23161011646373,1.39368177811972,0.551709421591094,71.0871972005751
13.6026785714286,1.23150577522734,1.39361634837295,0.551445542306769,71.0879499082123
13.6027777777778,1.23140144547883,1.39355090290888,0.551181789339633,71.088702531293
13.602876984127,1.23129712721589,1.39348544173839,0.550918162630513,71.0894550698357
13.6029761904762,1.23119282043625,1.39341996487239,0.550654662120236,71.0902075238587
13.6030753968254,1.23108852513761,1.39335447232177,0.550391287749678,71.0909598933807
13.6031746031746,1.23098424131769,1.3932889640974,0.550128039459708,71.0917121784199
13.6032738095238,1.23087996897421,1.39322344021017,0.549864917191243,71.092464378995
13.603373015873,1.23077570810487,1.39315790067096,0.549601920885192,71.0932164951243
13.6034722222222,1.23067145870742,1.39309234549064,0.549339050482516,71.0939685268263
13.6035714285714,1.23056722077955,1.39302677468007,0.549076305924164,71.0947204741193
13.6036706349206,1.23046299431901,1.39296118825012,0.548813687151137,71.0954723370219
13.6037698412698,1.23035877932351,1.39289558621164,0.548551194104427,71.0962241155525
13.603869047619,1.23025457579078,1.3928299685755,0.548288826725076,71.0969758097294
13.6039682539683,1.23015038371854,1.39276433535253,0.548026584954119,71.0977274195711
13.6040674603175,1.23004620310453,1.39269868655359,0.547764468732637,71.098478945096
13.6041666666667,1.22994203394648,1.39263302218952,0.547502478001706,71.0992303863224
13.6042658730159,1.22983787624211,1.39256734227115,0.547240612702444,71.0999817432689
13.6043650793651,1.22973372998918,1.39250164680932,0.546978872775987,71.1007330159537
13.6044642857143,1.2296295951854,1.39243593581485,0.546717258163474,71.1014842043952
13.6045634920635,1.22952547182853,1.39237020929857,0.546455768806091,71.1022353086118
13.6046626984127,1.2294213599163,1.39230446727129,0.546194404645017,71.102986328622
13.6047619047619,1.22931725944645,1.39223870974383,0.545933165621479,71.103737264444
13.6048611111111,1.22921317041672,1.392172936727,0.545672051676697,71.1044881160962
13.6049603174603,1.22910909282486,1.3921071482316,0.54541106275194,71.105238883597
13.6050595238095,1.22900502666861,1.39204134426844,0.54515019878847,71.1059895669646
13.6051587301587,1.22890097194573,1.39197552484832,0.544889459727598,71.1067401662176
13.6052579365079,1.22879692865396,1.39190968998202,0.544628845510625,71.1074906813741
13.6053571428571,1.22869289679105,1.39184383968033,0.544368356078905,71.1082411124525
13.6054563492063,1.22858887635476,1.39177797395404,0.544107991373781,71.1089914594712
13.6055555555556,1.22848486734284,1.39171209281392,0.543847751336646,71.1097417224485
13.6056547619048,1.22838086975305,1.39164619627076,0.543587635908885,71.1104919014026
13.605753968254,1.22827688358314,1.39158028433532,0.543327645031927,71.1112419963519
13.6058531746032,1.22817290883088,1.39151435701836,0.54306777864722,71.1119920073147
13.6059523809524,1.22806894549403,1.39144841433065,0.542808036696211,71.1127419343093
13.6060515873016,1.22796499357035,1.39138245628295,0.542548419120396,71.113491777354
13.6061507936508,1.22786105305759,1.391316482886,0.542288925861265,71.114241536467
13.60625,1.22775712395354,1.39125049415056,0.542029556860356,71.1149912116666
13.6063492063492,1.22765320625596,1.39118449008737,0.541770312059199,71.1157408029712
13.6064484126984,1.22754929996261,1.39111847070718,0.541511191399373,71.1164903103989
13.6065476190476,1.22744540507128,1.3910524360207,0.541252194822451,71.1172397339681
13.6066468253968,1.22734152157972,1.39098638603868,0.540993322270052,71.1179890736969
13.606746031746,1.22723764948572,1.39092032077184,0.54073457368379,71.1187383296037
13.6068452380952,1.22713378878705,1.3908542402309,0.540475949005328,71.1194875017067
13.6069444444444,1.2270299394815,1.39078814442658,0.540217448176319,71.1202365900242
13.6070436507936,1.22692610156683,1.3907220333696,0.539959071138467,71.1209855945742
13.6071428571429,1.22682227504083,1.39065590707065,0.539700817833468,71.1217345153752
13.6072420634921,1.22671845990129,1.39058976554046,0.539442688203059,71.1224833524453
13.6073412698413,1.22661465614598,1.3905236087897,0.539184682189,71.1232321058027
13.6074404761905,1.2265108637727,1.39045743682909,0.538926799733047,71.1239807754657
13.6075396825397,1.22640708277923,1.39039124966931,0.538669040777009,71.1247293614524
13.6076388888889,1.22630331316337,1.39032504732104,0.538411405262684,71.125477863781
13.6077380952381,1.22619955492289,1.39025882979498,0.53815389313192,71.1262262824698
13.6078373015873,1.2260958080556,1.39019259710179,0.537896504326558,71.1269746175369
13.6079365079365,1.22599207255929,1.39012634925215,0.537639238788488,71.1277228690005
13.6080357142857,1.22588834843176,1.39006008625674,0.537382096459591,71.1284710368788
13.6081349206349,1.2257846356708,1.3899938081262,0.5371250772818,71.1292191211899
13.6082341269841,1.22568093427422,1.38992751487121,0.536868181197036,71.129967121952
13.6083333333333,1.22557724423981,1.38986120650242,0.536611408147273,71.1307150391833
13.6084325396825,1.22547356556537,1.38979488303047,0.536354758074476,71.131462872902
13.6085317460317,1.22536989824872,1.38972854446603,0.536098230920657,71.1322106231261
13.608630952381,1.22526624228766,1.38966219081972,0.535841826627824,71.1329582898739
13.6087301587302,1.22516259767999,1.38959582210218,0.535585545138024,71.1337058731634
13.6088293650794,1.22505896442352,1.38952943832406,0.535329386393325,71.1344533730127
13.6089285714286,1.22495534251607,1.38946303949598,0.535073350335797,71.1352007894401
13.6090277777778,1.22485173195546,1.38939662562856,0.534817436907556,71.1359481224637
13.609126984127,1.22474813273948,1.38933019673243,0.534561646050712,71.1366953721014
13.6092261904762,1.22464454486596,1.38926375281819,0.534305977707424,71.1374425383715
13.6093253968254,1.22454096833272,1.38919729389647,0.534050431819842,71.1381896212921
13.6094246031746,1.22443740313758,1.38913081997786,0.533795008330166,71.1389366208812
13.6095238095238,1.22433384927835,1.38906433107298,0.533539707180589,71.139683537157
13.609623015873,1.22423030675286,1.38899782719241,0.533284528313351,71.1404303701375
13.6097222222222,1.22412677555894,1.38893130834675,0.533029471670687,71.1411771198408
13.6098214285714,1.22402325569441,1.3888647745466,0.53277453719488,71.1419237862849
13.6099206349206,1.22391974715709,1.38879822580253,0.532519724828204,71.1426703694881
13.6100198412698,1.22381624994483,1.38873166212513,0.532265034512982,71.1434168694682
13.610119047619,1.22371276405544,1.38866508352498,0.532010466191533,71.1441632862434
13.6102182539683,1.22360928948676,1.38859849001263,0.531756019806214,71.1449096198317
13.6103174603175,1.22350582623663,1.38853188159867,0.531501695299404,71.1456558702511
13.6104166666667,1.22340237430287,1.38846525829366,0.531247492613481,71.1464020375198
13.6105158730159,1.22329893368334,1.38839862010815,0.530993411690874,71.1471481216557
13.6106150793651,1.22319550437587,1.38833196705269,0.530739452474001,71.1478941226769
13.6107142857143,1.22309208637829,1.38826529913784,0.530485614905332,71.1486400406013
13.6108134920635,1.22298867968846,1.38819861637414,0.530231898927328,71.1493858754471
13.6109126984127,1.22288528430421,1.38813191877214,0.529978304482499,71.1501316272321
13.6110119047619,1.22278190022339,1.38806520634236,0.529724831513348,71.1508772959745
13.6111111111111,1.22267852744386,1.38799847909535,0.529471479962426,71.1516228816922
13.6112103174603,1.22257516596345,1.38793173704162,0.529218249772277,71.1523683844032
13.6113095238095,1.22247181578003,1.3878649801917,0.528965140885495,71.1531138041255
13.6114087301587,1.22236847689143,1.38779820855611,0.528712153244664,71.1538591408771
13.6115079365079,1.22226514929552,1.38773142214537,0.528459286792418,71.1546043946759
13.6116071428571,1.22216183299016,1.38766462096998,0.528206541471386,71.15534956554
13.6117063492064,1.22205852797319,1.38759780504045,0.527953917224234,71.1560946534872
13.6118055555556,1.22195523424249,1.38753097436729,0.527701413993653,71.1568396585356
13.6119047619048,1.2218519517959,1.38746412896097,0.527449031722332,71.1575845807031
13.612003968254,1.2217486806313,1.38739726883201,0.527196770353007,71.1583294200077
13.6121031746032,1.22164542074654,1.38733039399088,0.526944629828409,71.1590741764673
13.6122023809524,1.2215421721395,1.38726350444808,0.526692610091318,71.1598188500998
13.6123015873016,1.22143893480804,1.38719660021407,0.526440711084504,71.1605634409231
13.6124007936508,1.22133570875002,1.38712968129934,0.526188932750789,71.1613079489553
13.6125,1.22123249396333,1.38706274771435,0.525937275032984,71.1620523742141
13.6125992063492,1.22112929044583,1.38699579946957,0.525685737873953,71.1627967167176
13.6126984126984,1.2210260981954,1.38692883657546,0.525434321216549,71.1635409764836
13.6127976190476,1.22092291720991,1.38686185904248,0.525183025003675,71.1642851535301
13.6128968253968,1.22081974748724,1.38679486688108,0.524931849178227,71.1650292478749
13.612996031746,1.22071658902527,1.38672786010171,0.52468079368315,71.1657732595359
13.6130952380952,1.22061344182188,1.38666083871481,0.52442985846138,71.166517188531
13.6131944444444,1.22051030587495,1.38659380273081,0.524179043455898,71.1672610348781
13.6132936507937,1.22040718118238,1.38652675216017,0.523928348609701,71.168004798595
13.6133928571429,1.22030406774203,1.3864596870133,0.523677773865789,71.1687484796997
13.6134920634921,1.2202009655518,1.38639260730063,0.523427319167211,71.16949207821
13.6135912698413,1.22009787460959,1.38632551303259,0.523176984457006,71.1702355941437
13.6136904761905,1.21999479491327,1.38625840421959,0.522926769678264,71.1709790275187
13.6137896825397,1.21989172646075,1.38619128087204,0.522676674774067,71.1717223783529
13.6138888888889,1.21978866924991,1.38612414300035,0.522426699687546,71.1724656466641
13.6139880952381,1.21968562327866,1.38605699061493,0.522176844361823,71.1732088324701
13.6140873015873,1.21958258854489,1.38598982372617,0.521927108740071,71.1739519357887
13.6141865079365,1.21947956504649,1.38592264234447,0.521677492765455,71.1746949566378
13.6142857142857,1.21937655278138,1.38585544648023,0.521427996381187,71.1754378950351
13.6143849206349,1.21927355174744,1.38578823614382,0.521178619530475,71.1761807509986
13.6144841269841,1.2191705619426,1.38572101134563,0.520929362156572,71.176923524546
13.6145833333333,1.21906758336474,1.38565377209603,0.520680224202726,71.1776662156951
13.6146825396825,1.21896461601178,1.3855865184054,0.520431205612226,71.1784088244637
13.6147817460317,1.21886165988164,1.38551925028412,0.520182306328383,71.1791513508696
13.614880952381,1.21875871497221,1.38545196774253,0.519933526294505,71.1798937949305
13.6149801587302,1.21865578128142,1.38538467079101,0.51968486545395,71.1806361566643
13.6150793650794,1.21855285880716,1.3853173594399,0.51943632375007,71.1813784360887
13.6151785714286,1.21844994754738,1.38525003369956,0.519187901126263,71.1821206332215
13.6152777777778,1.21834704749997,1.38518269358033,0.518939597525924,71.1828627480804
13.615376984127,1.21824415866285,1.38511533909256,0.518691412892491,71.1836047806832
13.6154761904762,1.21814128103396,1.38504797024659,0.518443347169399,71.1843467310477
13.6155753968254,1.21803841461121,1.38498058705274,0.518195400300129,71.1850885991916
13.6156746031746,1.21793555939252,1.38491318952135,0.517947572228158,71.1858303851326
13.6157738095238,1.21783271537582,1.38484577766274,0.517699862897009,71.1865720888884
13.615873015873,1.21772988255904,1.38477835148723,0.517452272250197,71.1873137104768
13.6159722222222,1.2176270609401,1.38471091100513,0.517204800231289,71.1880552499155
13.6160714285714,1.21752425051694,1.38464345622677,0.516957446783841,71.1887967072223
13.6161706349206,1.2174214512875,1.38457598716243,0.516710211851453,71.1895380824148
13.6162698412698,1.21731866324969,1.38450850382244,0.516463095377745,71.1902793755107
13.616369047619,1.21721588640147,1.38444100621707,0.516216097306338,71.1910205865277
13.6164682539683,1.21711312074076,1.38437349435664,0.515969217580898,71.1917617154835
13.6165674603175,1.2170103662655,1.38430596825142,0.515722456145089,71.1925027623959
13.6166666666667,1.21690762297365,1.38423842791171,0.515475812942618,71.1932437272824
13.6167658730159,1.21680489086313,1.38417087334778,0.515229287917189,71.1939846101608
13.6168650793651,1.21670216993189,1.3841033045699,0.514982881012554,71.1947254110487
13.6169642857143,1.21659946017788,1.38403572158835,0.514736592172455,71.1954661299638
13.6170634920635,1.21649676159905,1.38396812441341,0.514490421340686,71.1962067669237
13.6171626984127,1.21639407419334,1.38390051305531,0.514244368461031,71.1969473219462
13.6172619047619,1.2162913979587,1.38383288752434,0.513998433477325,71.1976877950488
13.6173611111111,1.21618873289309,1.38376524783074,0.513752616333395,71.1984281862491
13.6174603174603,1.21608607899447,1.38369759398476,0.513506916973114,71.1991684955649
13.6175595238095,1.21598343626077,1.38362992599664,0.513261335340353,71.1999087230137
13.6176587301587,1.21588080468997,1.38356224387663,0.51301587137902,71.2006488686133
13.6177579365079,1.21577818428003,1.38349454763496,0.512770525033045,71.2013889323811
13.6178571428571,1.21567557502889,1.38342683728186,0.512525296246359,71.2021289143348
13.6179563492063,1.21557297693454,1.38335911282757,0.51228018496294,71.2028688144919
13.6180555555556,1.21547038999491,1.3832913742823,0.512035191126761,71.2036086328702
13.6181547619048,1.215367814208,1.38322362165627,0.51179031468184,71.2043483694872
13.618253968254,1.21526524957176,1.3831558549597,0.511545555572191,71.2050880243605
13.6183531746032,1.21516269608415,1.3830880742028,0.511300913741874,71.2058275975077
13.6184523809524,1.21506015374316,1.38302027939576,0.511056389134946,71.2065670889463
13.6185515873016,1.21495762254675,1.3829524705488,0.510811981695507,71.2073064986939
13.6186507936508,1.2148551024929,1.38288464767211,0.510567691367655,71.2080458267681
13.61875,1.21475259357958,1.38281681077588,0.510323518095532,71.2087850731865
13.6188492063492,1.21465009580476,1.38274895987029,0.510079461823276,71.2095242379665
13.6189484126984,1.21454760916644,1.38268109496554,0.509835522495072,71.2102633211258
13.6190476190476,1.21444513366259,1.3826132160718,0.509591700055099,71.2110023226819
13.6191468253968,1.21434266929118,1.38254532319924,0.509347994447578,71.2117412426524
13.619246031746,1.21424021605021,1.38247741635803,0.509104405616747,71.2124800810547
13.6193452380952,1.21413777393766,1.38240949555835,0.508860933506848,71.2132188379064
13.6194444444444,1.21403534295152,1.38234156081035,0.508617578062169,71.2139575132249
13.6195436507937,1.21393292308978,1.38227361212418,0.508374339226993,71.214696107028
13.6196428571429,1.21383051435042,1.38220564951,0.508131216945649,71.2154346193329
13.6197420634921,1.21372811673144,1.38213767297796,0.507888211162462,71.2161730501573
13.6198412698413,1.21362573023083,1.38206968253821,0.507645321821802,71.2169113995186
13.6199404761905,1.21352335484659,1.38200167820087,0.507402548868034,71.2176496674344
13.6200396825397,1.21342099057671,1.38193365997609,0.507159892245572,71.218387853922
13.6201388888889,1.2133186374192,1.38186562787399,0.50691735189882,71.2191259589991
13.6202380952381,1.21321629537205,1.38179758190471,0.506674927772234,71.219863982683
13.6203373015873,1.21311396443326,1.38172952207835,0.506432619810261,71.2206019249912
13.6204365079365,1.21301164460085,1.38166144840505,0.506190427957395,71.2213397859413
13.6205357142857,1.21290933587281,1.3815933608949,0.505948352158128,71.2220775655506
13.6206349206349,1.21280703824715,1.38152525955802,0.505706392356988,71.2228152638366
13.6207341269841,1.21270475172189,1.38145714440452,0.505464548498525,71.2235528808168
13.6208333333333,1.21260247629502,1.3813890154445,0.505222820527292,71.2242904165086
13.6209325396825,1.21250021196457,1.38132087268804,0.504981208387887,71.2250278709293
13.6210317460317,1.21239795872854,1.38125271614523,0.504739712024903,71.2257652440966
13.621130952381,1.21229571658496,1.38118454582617,0.504498331382979,71.2265025360277
13.6212301587302,1.21219348553184,1.38111636174094,0.504257066406749,71.2272397467402
13.6213293650794,1.21209126556719,1.38104816389961,0.504015917040896,71.2279768762513
13.6214285714286,1.21198905668904,1.38097995231226,0.503774883230094,71.2287139245786
13.6215277777778,1.21188685889541,1.38091172698895,0.503533964919066,71.2294508917394
13.621626984127,1.21178467218433,1.38084348793974,0.503293162052529,71.2301877777511
13.6217261904762,1.21168249655381,1.38077523517471,0.503052474575246,71.2309245826311
13.6218253968254,1.21158033200189,1.3807069687039,0.502811902431977,71.2316613063968
13.6219246031746,1.2114781785266,1.38063868853736,0.502571445567527,71.2323979490655
13.6220238095238,1.21137603612595,1.38057039468514,0.502331103926695,71.2331345106547
13.622123015873,1.211273904798,1.38050208715728,0.502090877454321,71.2338709911817
13.6222222222222,1.21117178454077,1.38043376596382,0.501850766095266,71.2346073906639
13.6223214285714,1.21106967535229,1.3803654311148,0.501610769794392,71.2353437091186
13.6224206349206,1.2109675772306,1.38029708262023,0.501370888496608,71.2360799465631
13.6225198412698,1.21086549017375,1.38022872049015,0.501131122146817,71.2368161030148
13.622619047619,1.21076341417976,1.38016034473458,0.500891470689968,71.2375521784911
13.6227182539683,1.21066134924669,1.38009195536352,0.500651934071007,71.2382881730094
13.6228174603175,1.21055929537258,1.380023552387,0.500412512234924,71.2390240865867
13.6229166666667,1.21045725255547,1.37995513581501,0.500173205126706,71.2397599192407
13.6230158730159,1.21035522079341,1.37988670565757,0.499934012691386,71.2404956709884
13.6231150793651,1.21025320008444,1.37981826192466,0.49969493487399,71.2412313418474
13.6232142857143,1.21015119042663,1.37974980462629,0.499455971619594,71.2419669318347
13.6233134920635,1.21004919181801,1.37968133377243,0.499217122873265,71.2427024409679
13.6234126984127,1.20994720425665,1.37961284937308,0.498978388580119,71.243437869264
13.6235119047619,1.20984522774059,1.37954435143821,0.498739768685267,71.2441732167406
13.6236111111111,1.2097432622679,1.37947583997781,0.498501263133858,71.2449084834147
13.6237103174603,1.20964130783663,1.37940731500183,0.498262871871063,71.2456436693037
13.6238095238095,1.20953936444485,1.37933877652026,0.498024594842056,71.2463787744249
13.6239087301587,1.20943743209062,1.37927022454304,0.497786431992054,71.2471137987955
13.6240079365079,1.20933551077199,1.37920165908015,0.497548383266271,71.2478487424328
13.6241071428571,1.20923360048703,1.37913308014152,0.497310448609967,71.248583605354
13.6242063492064,1.20913170123382,1.37906448773712,0.497072627968398,71.2493183875764
13.6243055555556,1.20902981301042,1.37899588187689,0.496834921286865,71.2500530891172
13.6244047619048,1.2089279358149,1.37892726257076,0.496597328510664,71.2507877099937
13.624503968254,1.20882606964533,1.37885862982868,0.496359849585138,71.251522250223
13.6246031746032,1.20872421449978,1.37878998366057,0.496122484455626,71.2522567098225
13.6247023809524,1.20862237037634,1.37872132407636,0.49588523306751,71.2529910888093
13.6248015873016,1.20852053727307,1.37865265108597,0.495648095366171,71.2537253872006
13.6249007936508,1.20841871518806,1.37858396469933,0.495411071297034,71.2544596050137
13.625,1.20831690411938,1.37851526492635,0.495174160805519,71.2551937422657
13.6250992063492,1.20821510406512,1.37844655177693,0.494937363837088,71.2559277989739
13.6251984126984,1.20811331502336,1.37837782526098,0.49470068033722,71.2566617751553
13.6252976190476,1.20801153699218,1.3783090853884,0.4944641102514,71.2573956708274
13.6253968253968,1.20790976996968,1.3782403321691,0.494227653525156,71.258129486007
13.625496031746,1.20780801395394,1.37817156561295,0.493991310104011,71.2588632207116
13.6255952380952,1.20770626894306,1.37810278572984,0.493755079933536,71.2595968749582
13.6256944444444,1.20760453493511,1.37803399252967,0.493518962959298,71.260330448764
13.6257936507936,1.2075028119282,1.37796518602231,0.493282959126906,71.2610639421462
13.6258928571429,1.20740109992042,1.37789636621763,0.493047068381969,71.2617973551218
13.6259920634921,1.20729939890987,1.3778275331255,0.492811290670139,71.2625306877081
13.6260912698413,1.20719770889465,1.37775868675579,0.492575625937064,71.2632639399222
13.6261904761905,1.20709602987285,1.37768982711836,0.492340074128439,71.2639971117812
13.6262896825397,1.20699436184258,1.37762095422307,0.492104635189953,71.2647302033022
13.6263888888889,1.20689270480194,1.37755206807976,0.491869309067343,71.2654632145024
13.6264880952381,1.20679105874904,1.37748316869828,0.491634095706338,71.2661961453989
13.6265873015873,1.20668942368198,1.37741425608849,0.491398995052711,71.2669289960087
13.6266865079365,1.20658779959887,1.37734533026021,0.491164007052251,71.2676617663491
13.6267857142857,1.20648618649782,1.37727639122328,0.490929131650753,71.268394456437
13.6268849206349,1.20638458437695,1.37720743898754,0.490694368794055,71.2691270662896
13.6269841269841,1.20628299323437,1.3771384735628,0.490459718427992,71.269859595924
13.6270833333333,1.20618141306818,1.37706949495889,0.490225180498445,71.2705920453572
13.6271825396825,1.20607984387651,1.37700050318563,0.489990754951288,71.2713244146064
13.6272817460317,1.20597828565748,1.37693149825282,0.489756441732445,71.2720567036885
13.627380952381,1.20587673840921,1.37686248017028,0.489522240787832,71.2727889126208
13.6274801587302,1.20577520212981,1.3767934489478,0.489288152063412,71.2735210414201
13.6275793650794,1.20567367681742,1.3767244045952,0.489054175505145,71.2742530901036
13.6276785714286,1.20557216247015,1.37665534712226,0.488820311059033,71.2749850586883
13.6277777777778,1.20547065908613,1.37658627653877,0.488586558671079,71.2757169471913
13.627876984127,1.2053691666635,1.37651719285452,0.488352918287327,71.2764487556296
13.6279761904762,1.20526768520037,1.37644809607929,0.488119389853819,71.2771804840202
13.6280753968254,1.20516621469489,1.37637898622285,0.487885973316635,71.2779121323802
13.6281746031746,1.20506475514519,1.37630986329499,0.487652668621879,71.2786437007264
13.6282738095238,1.20496330654939,1.37624072730546,0.487419475715652,71.2793751890761
13.628373015873,1.20486186890564,1.37617157826404,0.487186394544104,71.2801065974462
13.6284722222222,1.20476044221208,1.37610241618048,0.48695342505338,71.2808379258537
13.6285714285714,1.20465902646684,1.37603324106453,0.486720567189671,71.2815691743155
13.6286706349206,1.20455762166807,1.37596405292595,0.486487820899164,71.2823003428488
13.6287698412698,1.20445622781392,1.37589485177449,0.486255186128089,71.2830314314704
13.628869047619,1.20435484490251,1.37582563761988,0.486022662822674,71.2837624401973
13.6289682539683,1.20425347293201,1.37575641047186,0.485790250929194,71.2844933690465
13.6290674603175,1.20415211190055,1.37568717034016,0.485557950393916,71.285224218035
13.6291666666667,1.2040507618063,1.37561791723452,0.485325761163157,71.2859549871798
13.6292658730159,1.2039494226474,1.37554865116466,0.485093683183225,71.2866856764977
13.6293650793651,1.203848094422,1.37547937214029,0.484861716400477,71.2874162860058
13.6294642857143,1.20374677712826,1.37541008017113,0.484629860761265,71.288146815721
13.6295634920635,1.20364547076433,1.3753407752669,0.484398116211981,71.2888772656602
13.6296626984127,1.20354417532839,1.3752714574373,0.484166482699035,71.2896076358403
13.6297619047619,1.20344289081857,1.37520212669203,0.483934960168843,71.2903379262784
13.6298611111111,1.20334161723305,1.37513278304079,0.483703548567862,71.2910681369912
13.6299603174603,1.20324035456999,1.37506342649327,0.483472247842549,71.2917982679958
13.6300595238095,1.20313910282755,1.37499405705916,0.483241057939405,71.292528319309
13.6301587301587,1.2030378620039,1.37492467474814,0.483009978804925,71.2932582909478
13.6302579365079,1.20293663209721,1.37485527956991,0.482779010385653,71.2939881829289
13.6303571428571,1.20283541310564,1.37478587153412,0.482548152628126,71.2947179952695
13.6304563492063,1.20273420502738,1.37471645065045,0.482317405478928,71.2954477279862
13.6305555555556,1.20263300786058,1.37464701692857,0.482086768884637,71.296177381096
13.6306547619048,1.20253182160343,1.37457757037815,0.48185624279188,71.2969069546158
13.630753968254,1.20243064625411,1.37450811100883,0.481625827147277,71.2976364485625
13.6308531746032,1.20232948181079,1.37443863883027,0.481395521897494,71.2983658629529
13.6309523809524,1.20222832827164,1.37436915385213,0.481165326989193,71.2990951978038
13.6310515873016,1.20212718563486,1.37429965608404,0.480935242369075,71.2998244531322
13.6311507936508,1.20202605389863,1.37423014553564,0.480705267983864,71.3005536289548
13.63125,1.20192493306113,1.37416062221658,0.480475403780282,71.3012827252885
13.6313492063492,1.20182382312054,1.37409108613648,0.4802456497051,71.3020117421502
13.6314484126984,1.20172272407506,1.37402153730497,0.480016005705084,71.3027406795567
13.6315476190476,1.20162163592287,1.37395197573168,0.479786471727043,71.3034695375247
13.6316468253968,1.20152055866217,1.37388240142621,0.479557047717786,71.3041983160712
13.631746031746,1.20141949229114,1.37381281439819,0.479327733624165,71.3049270152129
13.6318452380952,1.20131843680799,1.37374321465722,0.479098529393028,71.3056556349667
13.6319444444444,1.20121739221092,1.37367360221291,0.478869434971268,71.3063841753493
13.6320436507937,1.2011163584981,1.37360397707485,0.478640450305776,71.3071126363775
13.6321428571429,1.20101533566776,1.37353433925266,0.478411575343487,71.3078410180682
13.6322420634921,1.20091432371808,1.37346468875591,0.478182810031332,71.3085693204381
13.6323412698413,1.20081332264728,1.37339502559419,0.477954154316287,71.3092975435039
13.6324404761905,1.20071233245355,1.37332534977709,0.477725608145324,71.3100256872826
13.6325396825397,1.2006113531351,1.37325566131418,0.477497171465456,71.3107537517908
13.6326388888889,1.20051038469015,1.37318596021505,0.477268844223716,71.3114817370452
13.6327380952381,1.2004094271169,1.37311624648925,0.477040626367136,71.3122096430627
13.6328373015873,1.20030848041356,1.37304652014635,0.476812517842798,71.31293746986
13.6329365079365,1.20020754457834,1.37297678119592,0.476584518597777,71.3136652174539
13.6330357142857,1.20010661960946,1.37290702964751,0.476356628579194,71.3143928858611
13.6331349206349,1.20000570550514,1.37283726551068,0.476128847734168,71.3151204750982
13.6332341269841,1.19990480226359,1.37276748879496,0.47590117600986,71.3158479851821
13.6333333333333,1.19980390988304,1.3726976995099,0.475673613353429,71.3165754161295
13.6334325396825,1.1997030283617,1.37262789766505,0.475446159712079,71.3173027679571
13.6335317460317,1.19960215769779,1.37255808326994,0.47521881503301,71.3180300406816
13.633630952381,1.19950129788956,1.37248825633408,0.474991579263468,71.3187572343196
13.6337301587302,1.1994004489352,1.37241841686702,0.474764452350695,71.319484348888
13.6338293650794,1.19929961083297,1.37234856487828,0.474537434241976,71.3202113844034
13.6339285714286,1.19919878358107,1.37227870037736,0.474310524884594,71.3209383408824
13.6340277777778,1.19909796717776,1.37220882337378,0.474083724225872,71.3216652183418
13.634126984127,1.19899716162126,1.37213893387705,0.473857032213152,71.3223920167982
13.6342261904762,1.1988963669098,1.37206903189667,0.47363044879378,71.3231187362684
13.6343253968254,1.19879558304162,1.37199911744215,0.473403973915144,71.3238453767689
13.6344246031746,1.19869481001496,1.37192919052296,0.473177607524632,71.3245719383164
13.6345238095238,1.19859404782805,1.37185925114862,0.472951349569676,71.3252984209277
13.634623015873,1.19849329647915,1.37178929932859,0.472725199997701,71.3260248246192
13.6347222222222,1.19839255596649,1.37171933507237,0.472499158756183,71.3267511494078
13.6348214285714,1.19829182628831,1.37164935838943,0.472273225792589,71.3274773953099
13.6349206349206,1.19819110744287,1.37157936928924,0.472047401054433,71.3282035623423
13.6350198412698,1.19809039942841,1.37150936778127,0.471821684489227,71.3289296505216
13.635119047619,1.19798970224318,1.37143935387498,0.471596076044526,71.3296556598643
13.6352182539683,1.19788901588543,1.37136932757984,0.471370575667881,71.3303815903872
13.6353174603175,1.19778834035342,1.37129928890529,0.471145183306889,71.3311074421068
13.6354166666667,1.19768767564539,1.37122923786079,0.470919898909145,71.3318332150397
13.6355158730159,1.1975870217596,1.37115917445578,0.470694722422279,71.3325589092024
13.6356150793651,1.19748637869432,1.37108909869971,0.470469653793945,71.3332845246117
13.6357142857143,1.1973857464478,1.37101901060201,0.470244692971799,71.3340100612841
13.6358134920635,1.19728512501831,1.37094891017212,0.470019839903539,71.3347355192361
13.6359126984127,1.1971845144041,1.37087879741946,0.469795094536864,71.3354608984844
13.6360119047619,1.19708391460344,1.37080867235346,0.469570456819514,71.3361861990454
13.6361111111111,1.1969833256146,1.37073853498353,0.469345926699228,71.3369114209358
13.6362103174603,1.19688274743584,1.3706683853191,0.469121504123789,71.3376365641722
13.6363095238095,1.19678218006544,1.37059822336957,0.468897189040976,71.338361628771
13.6364087301587,1.19668162350166,1.37052804914434,0.468672981398614,71.3390866147489
13.6365079365079,1.19658107774278,1.37045786265283,0.468448881144523,71.3398115221222
13.6366071428571,1.19648054278707,1.37038766390443,0.468224888226569,71.3405363509077
13.6367063492063,1.1963800186328,1.37031745290852,0.468001002592615,71.3412611011218
13.6368055555556,1.19627950527827,1.37024722967451,0.467777224190568,71.3419857727811
13.6369047619048,1.19617900272173,1.37017699421176,0.46755355296833,71.342710365902
13.637003968254,1.19607851096149,1.37010674652968,0.467329988873845,71.3434348805011
13.6371031746032,1.19597802999581,1.37003648663762,0.467106531855075,71.3441593165948
13.6372023809524,1.19587755982299,1.36996621454496,0.466883181859987,71.3448836741998
13.6373015873016,1.1957771004413,1.36989593026106,0.466659938836591,71.3456079533323
13.6374007936508,1.19567665184904,1.3698256337953,0.466436802732893,71.3463321540091
13.6375,1.1955762140445,1.36975532515702,0.466213773496946,71.3470562762465
13.6375992063492,1.19547578702597,1.36968500435557,0.465990851076798,71.347780320061
13.6376984126984,1.19537537079174,1.36961467140032,0.465768035420543,71.3485042854691
13.6377976190476,1.1952749653401,1.3695443263006,0.46554532647627,71.3492281724872
13.6378968253968,1.19517457066935,1.36947396906575,0.465322724192113,71.3499519811318
13.637996031746,1.19507418677779,1.36940359970511,0.465100228516205,71.3506757114195
13.6380952380952,1.19497381366371,1.36933321822801,0.46487783939672,71.3513993633665
13.6381944444444,1.19487345132543,1.36926282464377,0.464655556781832,71.3521229369893
13.6382936507936,1.19477309976123,1.36919241896172,0.464433380619758,71.3528464323045
13.6383928571429,1.19467275896943,1.36912200119118,0.464211310858711,71.3535698493284
13.6384920634921,1.19457242894833,1.36905157134146,0.463989347446944,71.3542931880774
13.6385912698413,1.19447210969625,1.36898112942186,0.463767490332732,71.355016448568
13.6386904761905,1.19437180121147,1.3689106754417,0.463545739464349,71.3557396308166
13.6387896825397,1.19427150349233,1.36884020941027,0.463324094790117,71.3564627348396
13.6388888888889,1.19417121653713,1.36876973133688,0.463102556258353,71.3571857606534
13.6389880952381,1.19407094034419,1.3686992412308,0.462881123817418,71.3579087082743
13.6390873015873,1.19397067491181,1.36862873910133,0.462659797415672,71.3586315777189
13.6391865079365,1.19387042023833,1.36855822495775,0.462438577001519,71.3593543690033
13.6392857142857,1.19377017632206,1.36848769880934,0.462217462523358,71.3600770821442
13.6393849206349,1.19366994316131,1.36841716066538,0.461996453929634,71.3607997171577
13.6394841269841,1.19356972075442,1.36834661053512,0.461775551168788,71.3615222740604
13.6395833333333,1.1934695090997,1.36827604842784,0.461554754189308,71.3622447528685
13.6396825396825,1.19336930819549,1.3682054743528,0.461334062939675,71.3629671535984
13.6397817460317,1.19326911804011,1.36813488831925,0.461113477368418,71.3636894762664
13.639880952381,1.19316893863188,1.36806429033645,0.46089299742406,71.364411720889
13.6399801587302,1.19306876996914,1.36799368041364,0.460672623055165,71.3651338874824
13.6400793650794,1.19296861205023,1.36792305856007,0.460452354210316,71.365855976063
13.6401785714286,1.19286846487347,1.36785242478497,0.460232190838099,71.3665779866471
13.6402777777778,1.19276832843721,1.36778177909758,0.460012132887146,71.367299919251
13.640376984127,1.19266820273978,1.36771112150712,0.459792180306084,71.3680217738911
13.6404761904762,1.19256808777951,1.36764045202283,0.459572333043586,71.3687435505836
13.6405753968254,1.19246798355476,1.36756977065392,0.45935259104832,71.3694652493449
13.6406746031746,1.19236789006386,1.36749907740962,0.459132954269,71.3701868701912
13.6407738095238,1.19226780730515,1.36742837229912,0.458913422654338,71.3709084131389
13.640873015873,1.19216773527699,1.36735765533165,0.458693996153087,71.3716298782042
13.6409722222222,1.19206767397772,1.36728692651639,0.458474674713999,71.3723512654035
13.6410714285714,1.19196762340569,1.36721618586256,0.458255458285872,71.373072574753
13.6411706349206,1.19186758355924,1.36714543337934,0.458036346817499,71.3737938062689
13.6412698412698,1.19176755443674,1.36707466907594,0.457817340257716,71.3745149599676
13.641369047619,1.19166753603654,1.36700389296152,0.457598438555359,71.3752360358653
13.6414682539683,1.19156752835698,1.36693310504527,0.457379641659301,71.3759570339783
13.6415674603175,1.19146753139644,1.36686230533637,0.457160949518436,71.3766779543227
13.6416666666667,1.19136754515327,1.366791493844,0.45694236208166,71.3773987969149
13.6417658730159,1.19126756962583,1.36672067057731,0.456723879297916,71.3781195617711
13.6418650793651,1.19116760481248,1.36664983554548,0.456505501116139,71.3788402489075
13.6419642857143,1.19106765071158,1.36657898875766,0.456287227485314,71.3795608583403
13.6420634920635,1.19096770732151,1.366508130223,0.45606905835442,71.3802813900858
13.6421626984127,1.19086777464062,1.36643725995066,0.455850993672481,71.3810018441601
13.6422619047619,1.1907678526673,1.36636637794978,0.455633033388517,71.3817222205796
13.6423611111111,1.1906679413999,1.36629548422951,0.455415177451593,71.3824425193603
13.6424603174603,1.19056804083681,1.36622457879897,0.455197425810773,71.3831627405186
13.6425595238095,1.19046815097639,1.36615366166731,0.454979778415163,71.3838828840704
13.6426587301587,1.19036827181702,1.36608273284365,0.454762235213865,71.3846029500322
13.6427579365079,1.19026840335708,1.36601179233712,0.454544796156029,71.38532293842
13.6428571428571,1.19016854559495,1.36594084015683,0.454327461190799,71.38604284925
13.6429563492064,1.19006869852901,1.3658698763119,0.454110230267358,71.3867626825384
13.6430555555556,1.18996886215764,1.36579890081144,0.453893103334912,71.3874824383013
13.6431547619048,1.18986903647922,1.36572791366455,0.453676080342666,71.388202116555
13.643253968254,1.18976922149214,1.36565691488034,0.453459161239872,71.3889217173155
13.6433531746032,1.18966941719479,1.3655859044679,0.453242345975779,71.389641240599
13.6434523809524,1.18956962358556,1.36551488243634,0.453025634499679,71.3903606864216
13.6435515873016,1.18946984066283,1.36544384879472,0.452809026760862,71.3910800547996
13.6436507936508,1.18937006842501,1.36537280355215,0.452592522708663,71.3917993457489
13.64375,1.18927030687048,1.36530174671769,0.452376122292412,71.3925185592857
13.6438492063492,1.18917055599764,1.36523067830043,0.452159825461485,71.3932376954262
13.6439484126984,1.18907081580488,1.36515959830944,0.451943632165255,71.3939567541865
13.6440476190476,1.18897108629061,1.36508850675378,0.451727542353138,71.3946757355826
13.6441468253968,1.18887136745323,1.3650174036425,0.451511555974548,71.3953946396307
13.644246031746,1.18877165929114,1.36494628898468,0.451295672978944,71.3961134663468
13.6443452380952,1.18867196180273,1.36487516278937,0.45107989331578,71.3968322157471
13.6444444444444,1.18857227498643,1.3648040250656,0.450864216934552,71.3975508878476
13.6445436507937,1.18847259884063,1.36473287582243,0.450648643784772,71.3982694826644
13.6446428571429,1.18837293336374,1.3646617150689,0.450433173815958,71.3989880002136
13.6447420634921,1.18827327855419,1.36459054281404,0.450217806977672,71.3997064405113
13.6448412698413,1.18817363441036,1.36451935906688,0.450002543219474,71.4004248035734
13.6449404761905,1.18807400093069,1.36444816383645,0.449787382490964,71.4011430894161
13.6450396825397,1.18797437811359,1.36437695713178,0.449572324741745,71.4018612980555
13.6451388888889,1.18787476595747,1.36430573896187,0.44935736992146,71.4025794295074
13.6452380952381,1.18777516446075,1.36423450933574,0.44914251797975,71.4032974837881
13.6453373015873,1.18767557362186,1.36416326826241,0.448927768866302,71.4040154609134
13.6454365079365,1.18757599343921,1.36409201575087,0.448713122530798,71.4047333608996
13.6455357142857,1.18747642391123,1.36402075181013,0.448498578922966,71.4054511837625
13.6456349206349,1.18737686503635,1.36394947644918,0.448284137992529,71.4061689295181
13.6457341269841,1.18727731681299,1.36387818967702,0.448069799689257,71.4068865981826
13.6458333333333,1.18717777923957,1.36380689150262,0.447855563962914,71.4076041897718
13.6459325396825,1.18707825231454,1.36373558193497,0.447641430763305,71.4083217043019
13.6460317460317,1.18697873603633,1.36366426098306,0.447427400040254,71.4090391417887
13.646130952381,1.18687923040336,1.36359292865585,0.44721347174359,71.4097565022483
13.6462301587302,1.18677973541407,1.36352158496231,0.446999645823183,71.4104737856967
13.6463293650794,1.18668025106691,1.36345022991141,0.446785922228904,71.4111909921498
13.6464285714286,1.1865807773603,1.36337886351211,0.446572300910664,71.4119081216235
13.6465277777778,1.1864813142927,1.36330748577336,0.446358781818376,71.412625174134
13.646626984127,1.18638186186253,1.36323609670412,0.446145364901993,71.413342149697
13.6467261904762,1.18628242006825,1.36316469631334,0.445932050111467,71.4140590483286
13.6468253968254,1.18618298890831,1.36309328460994,0.445718837396794,71.4147758700447
13.6469246031746,1.18608356838113,1.36302186160288,0.445505726707968,71.4154926148613
13.6470238095238,1.18598415848519,1.3629504273011,0.445292717995025,71.4162092827943
13.647123015873,1.18588475921893,1.3628789817135,0.445079811208001,71.4169258738596
13.6472222222222,1.18578537058079,1.36280752484903,0.444867006296974,71.4176423880731
13.6473214285714,1.18568599256924,1.3627360567166,0.444654303212019,71.4183588254508
13.6474206349206,1.18558662518272,1.36266457732513,0.444441701903252,71.4190751860085
13.6475198412698,1.1854872684197,1.36259308668353,0.444229202320807,71.4197914697622
13.647619047619,1.18538792227864,1.36252158480071,0.444016804414822,71.4205076767279
13.6477182539683,1.18528858675799,1.36245007168558,0.44380450813548,71.4212238069212
13.6478174603175,1.18518926185621,1.36237854734702,0.443592313432959,71.4219398603583
13.6479166666667,1.18508994757178,1.36230701179393,0.443380220257483,71.4226558370548
13.6480158730159,1.18499064390315,1.36223546503521,0.443168228559273,71.4233717370269
13.6481150793651,1.1848913508488,1.36216390707974,0.442956338288594,71.4240875602902
13.6482142857143,1.18479206840719,1.3620923379364,0.442744549395708,71.4248033068606
13.6483134920635,1.18469279657679,1.36202075761406,0.442532861830921,71.4255189767541
13.6484126984127,1.18459353535608,1.3619491661216,0.442321275544537,71.4262345699865
13.6485119047619,1.18449428474352,1.36187756346789,0.442109790486903,71.4269500865736
13.6486111111111,1.18439504473759,1.36180594966179,0.441898406608365,71.4276655265312
13.6487103174603,1.18429581533678,1.36173432471216,0.44168712385931,71.4283808898753
13.6488095238095,1.18419659653956,1.36166268862785,0.441475942190126,71.4290961766216
13.6489087301587,1.1840973883444,1.36159104141771,0.441264861551237,71.429811386786
13.6490079365079,1.1839981907498,1.36151938309059,0.441053881893088,71.4305265203843
13.6491071428571,1.18389900375423,1.36144771365533,0.440843003166127,71.4312415774322
13.6492063492063,1.18379982735618,1.36137603312077,0.440632225320848,71.4319565579457
13.6493055555556,1.18370066155414,1.36130434149573,0.440421548307738,71.4326714619405
13.6494047619048,1.18360150634659,1.36123263878905,0.440210972077334,71.4333862894324
13.649503968254,1.18350236173203,1.36116092500955,0.440000496580164,71.4341010404372
13.6496031746032,1.18340322770895,1.36108920016605,0.439790121766805,71.4348157149707
13.6497023809524,1.18330410427584,1.36101746426737,0.439579847587829,71.4355303130487
13.6498015873016,1.1832049914312,1.36094571732231,0.439369673993853,71.4362448346869
13.6499007936508,1.18310588917352,1.36087395933967,0.43915960093549,71.4369592799012
13.65,1.18300679750131,1.36080219032827,0.438949628363397,71.4376736487072
13.6500992063492,1.18290771641306,1.3607304102969,0.438739756228231,71.4383879411208
13.6501984126984,1.18280864590727,1.36065861925435,0.438529984480691,71.4391021571576
13.6502976190476,1.18270958598245,1.36058681720941,0.438320313071473,71.4398162968335
13.6503968253968,1.1826105366371,1.36051500417086,0.438110741951312,71.4405303601642
13.650496031746,1.18251149786974,1.36044318014748,0.437901271070964,71.4412443471654
13.6505952380952,1.18241246967886,1.36037134514805,0.437691900381186,71.4419582578528
13.6506944444444,1.18231345206299,1.36029949918134,0.437482629832782,71.4426720922422
13.6507936507937,1.18221444502062,1.36022764225612,0.437273459376552,71.4433858503493
13.6508928571429,1.18211544855028,1.36015577438113,0.437064388963339,71.4440995321897
13.6509920634921,1.18201646265048,1.36008389556516,0.436855418543986,71.4448131377793
13.6510912698413,1.18191748731974,1.36001200581693,0.436646548069377,71.4455266671337
13.6511904761905,1.18181852255657,1.35994010514522,0.436437777490395,71.4462401202686
13.6512896825397,1.1817195683595,1.35986819355875,0.436229106757967,71.4469534971997
13.6513888888889,1.18162062472704,1.35979627106626,0.436020535823018,71.4476667979427
13.6514880952381,1.18152169165773,1.35972433767651,0.435812064636514,71.4483800225132
13.6515873015873,1.18142276915008,1.3596523933982,0.435603693149423,71.4490931709269
13.6516865079365,1.18132385720263,1.35958043824008,0.435395421312752,71.4498062431995
13.6517857142857,1.1812249558139,1.35950847221086,0.43518724907751,71.4505192393467
13.6518849206349,1.18112606498241,1.35943649531926,0.434979176394741,71.4512321593841
13.6519841269841,1.18102718470672,1.35936450757399,0.434771203215511,71.4519450033273
13.6520833333333,1.18092831498534,1.35929250898376,0.434563329490889,71.4526577711921
13.6521825396825,1.18082945581681,1.35922049955728,0.434355555171988,71.453370462994
13.6522817460317,1.18073060719967,1.35914847930325,0.434147880209917,71.4540830787486
13.652380952381,1.18063176913246,1.35907644823036,0.433940304555832,71.4547956184717
13.6524801587302,1.18053294161372,1.3590044063473,0.433732828160884,71.4555080821788
13.6525793650794,1.18043412464198,1.35893235366276,0.433525450976269,71.4562204698855
13.6526785714286,1.1803353182158,1.35886029018542,0.43331817295318,71.4569327816075
13.6527777777778,1.18023652233372,1.35878821592396,0.433110994042853,71.4576450173603
13.652876984127,1.18013773699428,1.35871613088706,0.432903914196524,71.4583571771595
13.6529761904762,1.18003896219603,1.35864403508338,0.43269693336547,71.4590692610208
13.6530753968254,1.17994019793753,1.35857192852158,0.432490051500968,71.4597812689598
13.6531746031746,1.17984144421732,1.35849981121033,0.432283268554337,71.4604932009919
13.6532738095238,1.17974270103396,1.35842768315828,0.432076584476895,71.4612050571328
13.653373015873,1.179643968386,1.35835554437409,0.431869999219996,71.4619168373981
13.6534722222222,1.17954524627201,1.3582833948664,0.431663512735016,71.4626285418033
13.6535714285714,1.17944653469053,1.35821123464385,0.431457124973336,71.463340170364
13.6536706349206,1.17934783364013,1.35813906371508,0.431250835886378,71.4640517230957
13.6537698412698,1.17924914311937,1.35806688208873,0.431044645425563,71.464763200014
13.653869047619,1.17915046312682,1.35799468977342,0.430838553542355,71.4654746011343
13.6539682539683,1.17905179366103,1.35792248677778,0.430632560188216,71.4661859264724
13.6540674603175,1.17895313472058,1.35785027311043,0.430426665314653,71.4668971760436
13.6541666666667,1.17885448630404,1.35777804877999,0.430220868873168,71.4676083498636
13.6542658730159,1.17875584840996,1.35770581379506,0.430015170815309,71.4683194479477
13.6543650793651,1.17865722103694,1.35763356816426,0.429809571092621,71.4690304703117
13.6544642857143,1.17855860418353,1.35756131189619,0.429604069656692,71.4697414169708
13.6545634920635,1.17845999784831,1.35748904499944,0.429398666459108,71.4704522879407
13.6546626984127,1.17836140202987,1.35741676748261,0.4291933614515,71.4711630832368
13.6547619047619,1.17826281672677,1.3573444793543,0.428988154585495,71.4718738028747
13.6548611111111,1.17816424193761,1.35727218062307,0.428783045812758,71.4725844468698
13.6549603174603,1.17806567766095,1.35719987129752,0.428578035084976,71.4732950152376
13.6550595238095,1.17796712389539,1.35712755138622,0.428373122353838,71.4740055079936
13.6551587301587,1.1778685806395,1.35705522089775,0.428168307571078,71.4747159251531
13.6552579365079,1.17777004789189,1.35698287984067,0.427963590688427,71.4754262667318
13.6553571428571,1.17767152565112,1.35691052822354,0.427758971657659,71.4761365327451
13.6554563492064,1.1775730139158,1.35683816605492,0.427554450430548,71.4768467232083
13.6555555555556,1.17747451268452,1.35676579334337,0.427350026958908,71.477556838137
13.6556547619048,1.17737602195586,1.35669341009744,0.427145701194553,71.4782668775466
13.655753968254,1.17727754172842,1.35662101632567,0.426941473089342,71.4789768414525
13.6558531746032,1.17717907200081,1.3565486120366,0.42673734259513,71.4796867298701
13.6559523809524,1.17708061277161,1.35647619723877,0.426533309663814,71.4803965428149
13.6560515873016,1.17698216403944,1.35640377194072,0.426329374247292,71.4811062803023
13.6561507936508,1.17688372580288,1.35633133615096,0.426125536297504,71.4818159423477
13.65625,1.17678529806054,1.35625888987803,0.425921795766388,71.4825255289665
13.6563492063492,1.17668688081103,1.35618643313043,0.425718152605919,71.4832350401741
13.6564484126984,1.17658847405296,1.3561139659167,0.425514606768094,71.4839444759858
13.6565476190476,1.17649007778493,1.35604148824533,0.425311158204914,71.4846538364172
13.6566468253968,1.17639169200555,1.35596900012483,0.425107806868421,71.4853631214835
13.656746031746,1.17629331671344,1.35589650156371,0.424904552710657,71.4860723312001
13.6568452380952,1.1761949519072,1.35582399257045,0.424701395683706,71.4867814655825
13.6569444444444,1.17609659758546,1.35575147315356,0.424498335739653,71.4874905246459
13.6570436507936,1.17599825374682,1.35567894332152,0.424295372830622,71.4881995084057
13.6571428571429,1.17589992038991,1.35560640308281,0.424092506908739,71.4889084168773
13.6572420634921,1.17580159751335,1.35553385244592,0.42388973792617,71.4896172500761
13.6573412698413,1.17570328511576,1.35546129141932,0.423687065835082,71.4903260080173
13.6574404761905,1.17560498319576,1.35538872001147,0.423484490587682,71.4910346907163
13.6575396825397,1.17550669175197,1.35531613823085,0.42328201213618,71.4917432981885
13.6576388888889,1.17540841078302,1.35524354608591,0.423079630432823,71.4924518304491
13.6577380952381,1.17531014028755,1.35517094358512,0.422877345429862,71.4931602875135
13.6578373015873,1.17521188026418,1.35509833073692,0.422675157079581,71.493868669397
13.6579365079365,1.17511363071154,1.35502570754977,0.422473065334288,71.4945769761149
13.6580357142857,1.17501539162826,1.35495307403211,0.422271070146293,71.4952852076825
13.6581349206349,1.17491716301298,1.35488043019237,0.422069171467949,71.4959933641151
13.6582341269841,1.17481894486434,1.354807776039,0.421867369251609,71.496701445428
13.6583333333333,1.17472073718098,1.35473511158042,0.421665663449668,71.4974094516364
13.6584325396825,1.17462253996153,1.35466243682505,0.421464054014518,71.4981173827557
13.6585317460317,1.17452435320463,1.35458975178133,0.421262540898597,71.4988252388011
13.658630952381,1.17442617690893,1.35451705645767,0.421061124054338,71.499533019788
13.6587301587302,1.17432801107308,1.35444435086248,0.42085980343422,71.5002407257315
13.6588293650794,1.17422985569572,1.35437163500417,0.420658578990718,71.5009483566469
13.6589285714286,1.17413171077549,1.35429890889115,0.420457450676352,71.5016559125494
13.6590277777778,1.17403357631106,1.3542261725318,0.420256418443639,71.5023633934544
13.659126984127,1.17393545230106,1.35415342593454,0.42005548224514,71.503070799377
13.6592261904762,1.17383733874415,1.35408066910775,0.419854642033412,71.5037781303324
13.6593253968254,1.17373923563899,1.35400790205981,0.419653897761054,71.504485386336
13.6594246031746,1.17364114298424,1.35393512479912,0.41945324938068,71.5051925674029
13.6595238095238,1.17354306077854,1.35386233733404,0.419252696844913,71.5058996735484
13.659623015873,1.17344498902057,1.35378953967295,0.419052240106415,71.5066067047876
13.6597222222222,1.17334692770897,1.35371673182421,0.418851879117851,71.5073136611358
13.6598214285714,1.17324887684243,1.35364391379621,0.418651613831923,71.5080205426081
13.6599206349206,1.17315083641959,1.35357108559728,0.418451444201337,71.5087273492198
13.6600198412698,1.17305280643913,1.35349824723579,0.418251370178838,71.509434080986
13.660119047619,1.17295478689972,1.35342539872009,0.418051391717173,71.5101407379219
13.6602182539683,1.17285677780002,1.35335254005853,0.417851508769127,71.5108473200428
13.6603174603175,1.1727587791387,1.35327967125945,0.417651721287489,71.5115538273637
13.6604166666667,1.17266079091445,1.35320679233119,0.417452029225087,71.5122602598998
13.6605158730159,1.17256281312592,1.35313390328207,0.417252432534749,71.5129666176664
13.6606150793651,1.17246484577181,1.35306100412043,0.417052931169346,71.5136729006784
13.6607142857143,1.17236688885078,1.3529880948546,0.416853525081747,71.5143791089512
13.6608134920635,1.17226894236151,1.35291517549289,0.416654214224857,71.5150852424998
13.6609126984127,1.1721710063027,1.35284224604363,0.416454998551606,71.5157913013394
13.6610119047619,1.17207308067302,1.35276930651511,0.416255878014923,71.5164972854851
13.6611111111111,1.17197516547116,1.35269635691565,0.416056852567783,71.517203194952
13.6612103174603,1.17187726069579,1.35262339725355,0.415857922163158,71.5179090297552
13.6613095238095,1.17177936634562,1.35255042753712,0.415659086754064,71.5186147899099
13.6614087301587,1.17168148241932,1.35247744777463,0.415460346293514,71.5193204754312
13.6615079365079,1.1715836089156,1.35240445797439,0.415261700734566,71.5200260863342
13.6616071428571,1.17148574583314,1.35233145814468,0.415063150030275,71.5207316226339
13.6617063492063,1.17138789317064,1.35225844829378,0.414864694133739,71.5214370843455
13.6618055555556,1.17129005092679,1.35218542842995,0.414666332998055,71.522142471484
13.6619047619048,1.1711922191003,1.35211239856149,0.414468066576361,71.5228477840645
13.662003968254,1.17109439768985,1.35203935869665,0.414269894821797,71.5235530221021
13.6621031746032,1.17099658669416,1.35196630884369,0.414071817687544,71.5242581856119
13.6622023809524,1.17089878611193,1.35189324901088,0.41387383512678,71.524963274609
13.6623015873016,1.17080099594186,1.35182017920647,0.413675947092722,71.5256682891083
13.6624007936508,1.17070321618265,1.3517470994387,0.413478153538609,71.5263732291249
13.6625,1.17060544683302,1.35167400971583,0.413280454417681,71.5270780946739
13.6625992063492,1.17050768789167,1.3516009100461,0.413082849683222,71.5277828857704
13.6626984126984,1.17040993935732,1.35152780043773,0.412885339288516,71.5284876024293
13.6627976190476,1.17031220122868,1.35145468089897,0.412687923186888,71.5291922446656
13.6628968253968,1.17021447350445,1.35138155143803,0.412490601331663,71.5298968124945
13.662996031746,1.17011675618337,1.35130841206316,0.412293373676208,71.5306013059308
13.6630952380952,1.17001904926414,1.35123526278255,0.412096240173887,71.5313057249898
13.6631944444444,1.1699213527455,1.35116210360443,0.41189920077811,71.5320100696862
13.6632936507937,1.16982366662614,1.351088934537,0.411702255442284,71.5327143400352
13.6633928571429,1.16972599090481,1.35101575558848,0.411505404119859,71.5334185360517
13.6634920634921,1.16962832558022,1.35094256676706,0.411308646764282,71.5341226577507
13.6635912698413,1.16953067065111,1.35086936808094,0.411111983329045,71.5348267051472
13.6636904761905,1.16943302611619,1.35079615953831,0.410915413767639,71.5355306782562
13.6637896825397,1.1693353919742,1.35072294114736,0.410718938033589,71.5362345770926
13.6638888888889,1.16923776822387,1.35064971291628,0.410522556080443,71.5369384016715
13.6639880952381,1.16914015486392,1.35057647485324,0.410326267861754,71.5376421520077
13.6640873015873,1.16904255189311,1.35050322696641,0.410130073331115,71.5383458281162
13.6641865079365,1.16894495931016,1.35042996926397,0.409933972442121,71.539049430012
13.6642857142857,1.16884737711381,1.35035670175409,0.409737965148407,71.53975295771
13.6643849206349,1.1687498053028,1.35028342444491,0.409542051403607,71.5404564112252
13.6644841269841,1.16865224387587,1.35021013734461,0.4093462311614,71.5411597905725
13.6645833333333,1.16855469283176,1.35013684046133,0.40915050437546,71.5418630957667
13.6646825396825,1.16845715216922,1.35006353380323,0.408954870999507,71.5425663268229
13.6647817460317,1.16835962188699,1.34999021737844,0.408759330987258,71.543269483756
13.664880952381,1.16826210198383,1.3499168911951,0.408563884292473,71.5439725665807
13.6649801587302,1.16816459245847,1.34984355526135,0.40836853086891,71.5446755753122
13.6650793650794,1.16806709330968,1.34977020958533,0.408173270670371,71.5453785099651
13.6651785714286,1.1679696045362,1.34969685417515,0.407978103650657,71.5460813705546
13.6652777777778,1.16787212613679,1.34962348903893,0.407783029763604,71.5467841570953
13.665376984127,1.16777465811021,1.3495501141848,0.407588048963071,71.5474868696023
13.6654761904762,1.16767720045521,1.34947672962087,0.407393161202919,71.5481895080903
13.6655753968254,1.16757975317055,1.34940333535525,0.407198366437054,71.5488920725743
13.6656746031746,1.16748231625499,1.34932993139603,0.407003664619378,71.549594563069
13.6657738095238,1.1673848897073,1.34925651775133,0.406809055703838,71.5502969795895
13.665873015873,1.16728747352624,1.34918309442923,0.40661453964438,71.5509993221505
13.6659722222222,1.16719006771058,1.34910966143782,0.40642011639499,71.5517015907668
13.6660714285714,1.16709267225908,1.3490362187852,0.406225785909655,71.5524037854533
13.6661706349206,1.16699528717051,1.34896276647944,0.406031548142403,71.5531059062249
13.6662698412698,1.16689791244364,1.34888930452862,0.405837403047264,71.5538079530963
13.666369047619,1.16680054807726,1.34881583294081,0.405643350578305,71.5545099260824
13.6664682539683,1.16670319407012,1.34874235172409,0.405449390689598,71.5552118251981
13.6665674603175,1.16660585042101,1.34866886088651,0.405255523335253,71.555913650458
13.6666666666667,1.1665085171287,1.34859536043614,0.405061748469381,71.5566154018771
13.6667658730159,1.16641119419198,1.34852185038104,0.404868066046129,71.5573170794701
13.6668650793651,1.16631388160962,1.34844833072924,0.404674476019666,71.5580186832518
13.6669642857143,1.16621657938041,1.34837480148881,0.404480978344164,71.558720213237
13.6670634920635,1.16611928750313,1.34830126266778,0.404287572973837,71.5594216694405
13.6671626984127,1.16602200597657,1.34822771427418,0.404094259862901,71.560123051877
13.6672619047619,1.16592473479951,1.34815415631607,0.403901038965611,71.5608243605614
13.6673611111111,1.16582747397075,1.34808058880145,0.403707910236223,71.5615255955084
13.6674603174603,1.16573022348907,1.34800701173836,0.403514873629035,71.5622267567328
13.6675595238095,1.16563298335327,1.34793342513481,0.403321929098342,71.5629278442493
13.6676587301587,1.16553575356214,1.34785982899883,0.403129076598485,71.5636288580726
13.6677579365079,1.16543853411448,1.34778622333842,0.402936316083801,71.5643297982175
13.6678571428571,1.16534132500908,1.34771260816159,0.40274364750867,71.5650306646988
13.6679563492063,1.16524412624475,1.34763898347635,0.402551070827472,71.5657314575312
13.6680555555556,1.16514693782029,1.34756534929068,0.40235858599463,71.5664321767293
13.6681547619048,1.16504975973449,1.34749170561259,0.402166192964563,71.567132822308
13.668253968254,1.16495259198616,1.34741805245006,0.40197389169173,71.5678333942819
13.6683531746032,1.16485543457411,1.34734438981108,0.401781682130609,71.5685338926658
13.6684523809524,1.16475828749714,1.34727071770363,0.401589564235683,71.5692343174743
13.6685515873016,1.16466115075408,1.34719703613569,0.401397537961477,71.5699346687221
13.6686507936508,1.16456402434371,1.34712334511522,0.401205603262515,71.570634946424
13.66875,1.16446690826487,1.34704964465019,0.401013760093364,71.5713351505946
13.6688492063492,1.16436980251635,1.34697593474857,0.40082200840859,71.5720352812486
13.6689484126984,1.16427270709698,1.34690221541831,0.4006303481628,71.5727353384007
13.6690476190476,1.16417562200558,1.34682848666737,0.400438779310602,71.5734353220655
13.6691468253968,1.16407854724096,1.34675474850371,0.400247301806644,71.5741352322577
13.669246031746,1.16398148280195,1.34668100093525,0.400055915605576,71.574835068992
13.6693452380952,1.16388442868737,1.34660724396994,0.399864620662088,71.575534832283
13.6694444444444,1.16378738489603,1.34653347761573,0.39967341693087,71.5762345221454
13.6695436507936,1.16369035142678,1.34645970188053,0.399482304366653,71.5769341385938
13.6696428571429,1.16359332827843,1.34638591677229,0.39929128292417,71.5776336816428
13.6697420634921,1.16349631544981,1.34631212229891,0.399100352558187,71.5783331513071
13.6698412698413,1.16339931293976,1.34623831846833,0.398909513223494,71.5790325476012
13.6699404761905,1.1633023207471,1.34616450528845,0.398718764874884,71.5797318705399
13.6700396825397,1.16320533887068,1.34609068276719,0.398528107467192,71.5804311201377
13.6701388888889,1.16310836730932,1.34601685091244,0.398337540955253,71.5811302964092
13.6702380952381,1.16301140606187,1.34594300973212,0.398147065293944,71.581829399369
13.6703373015873,1.16291445512716,1.34586915923411,0.397956680438141,71.5825284290318
13.6704365079365,1.16281751450403,1.34579529942631,0.397766386342762,71.583227385412
13.6705357142857,1.16272058419133,1.3457214303166,0.397576182962724,71.5839262685244
13.6706349206349,1.1626236641879,1.34564755191288,0.397386070252986,71.5846250783834
13.6707341269841,1.16252675449259,1.34557366422301,0.397196048168509,71.5853238150036
13.6708333333333,1.16242985510424,1.34549976725488,0.397006116664292,71.5860224783997
13.6709325396825,1.1623329660217,1.34542586101635,0.396816275695335,71.5867210685861
13.6710317460317,1.16223608724383,1.34535194551529,0.396626525216681,71.5874195855774
13.671130952381,1.16213921876947,1.34527802075956,0.396436865183372,71.5881180293883
13.6712301587302,1.16204236059748,1.34520408675702,0.396247295550486,71.5888164000331
13.6713293650794,1.16194551272672,1.34513014351551,0.396057816273121,71.5895146975265
13.6714285714286,1.16184867515604,1.34505619104289,0.395868427306381,71.5902129218829
13.6715277777778,1.1617518478843,1.344982229347,0.395679128605412,71.590911073117
13.671626984127,1.16165503091036,1.34490825843568,0.395489920125359,71.5916091512431
13.6717261904762,1.16155822423309,1.34483427831677,0.395300801821409,71.592307156276
13.6718253968254,1.16146142785135,1.34476028899809,0.395111773648748,71.59300508823
13.6719246031746,1.161364641764,1.34468629048747,0.394922835562605,71.5937029471196
13.6720238095238,1.16126786596991,1.34461228279273,0.394733987518207,71.5944007329594
13.672123015873,1.16117110046795,1.34453826592169,0.394545229470823,71.5950984457638
13.6722222222222,1.16107434525699,1.34446423988216,0.394356561375725,71.5957960855474
13.6723214285714,1.16097760033591,1.34439020468195,0.394167983188221,71.5964936523245
13.6724206349206,1.16088086570357,1.34431616032886,0.393979494863624,71.5971911461098
13.6725198412698,1.16078414135886,1.3442421068307,0.393791096357284,71.5978885669176
13.672619047619,1.16068742730065,1.34416804419525,0.393602787624555,71.5985859147624
13.6727182539683,1.16059072352781,1.34409397243031,0.393414568620824,71.5992831896587
13.6728174603175,1.16049403003923,1.34401989154367,0.393226439301501,71.599980391621
13.6729166666667,1.1603973468338,1.3439458015431,0.393038399622,71.6006775206636
13.6730158730159,1.16030067391039,1.34387170243639,0.392850449537776,71.601374576801
13.6731150793651,1.16020401126789,1.3437975942313,0.392662589004286,71.6020715600477
13.6732142857143,1.1601073589052,1.3437234769356,0.392474817977026,71.602768470418
13.6733134920635,1.16001071682118,1.34364935055707,0.392287136411492,71.6034653079265
13.6734126984127,1.15991408501475,1.34357521510345,0.392099544263224,71.6041620725874
13.6735119047619,1.15981746348479,1.34350107058251,0.39191204148776,71.6048587644153
13.6736111111111,1.15972085223019,1.34342691700199,0.391724628040679,71.6055553834245
13.6737103174603,1.15962425124984,1.34335275436964,0.391537303877562,71.6062519296295
13.6738095238095,1.15952766054266,1.3432785826932,0.391350068954028,71.6069484030446
13.6739087301587,1.15943108010753,1.34320440198041,0.3911629232257,71.6076448036843
13.6740079365079,1.15933450994336,1.34313021223901,0.39097586664824,71.6083411315628
13.6741071428571,1.15923795004904,1.34305601347672,0.39078889917731,71.6090373866946
13.6742063492064,1.15914140042349,1.34298180570127,0.390602020768609,71.6097335690941
13.6743055555556,1.1590448610656,1.34290758892037,0.390415231377855,71.6104296787756
13.6744047619048,1.15894833197429,1.34283336314174,0.390228530960775,71.6111257157535
13.674503968254,1.15885181314847,1.3427591283731,0.390041919473134,71.6118216800421
13.6746031746032,1.15875530458703,1.34268488462215,0.389855396870696,71.6125175716558
13.6747023809524,1.1586588062889,1.34261063189659,0.389668963109271,71.6132133906089
13.6748015873016,1.15856231825299,1.34253637020411,0.389482618144664,71.6139091369158
13.6749007936508,1.15846584047822,1.34246209955243,0.389296361932725,71.6146048105908
13.675,1.1583693729635,1.34238781994921,0.389110194429303,71.6153004116483
13.6750992063492,1.15827291570775,1.34231353140215,0.388924115590286,71.6159959401025
13.6751984126984,1.15817646870989,1.34223923391892,0.388738125371566,71.6166913959677
13.6752976190476,1.15808003196885,1.34216492750722,0.388552223729073,71.6173867792583
13.6753968253968,1.15798360545159,1.34209061218566,0.388366410628384,71.6180820899992
13.675496031746,1.15788718906728,1.34201628799241,0.388180686054383,71.6187773282342
13.6755952380952,1.15779078280861,1.34194195493659,0.387995049968554,71.6194724939787
13.6756944444444,1.15769438667364,1.34186761302549,0.387809502330864,71.6201675872466
13.6757936507937,1.15759800066037,1.34179326226639,0.387624043101289,71.6208626080514
13.6758928571429,1.15750162476684,1.34171890266658,0.387438672239806,71.6215575564071
13.6759920634921,1.15740525899108,1.34164453423333,0.387253389706422,71.6222524323272
13.6760912698413,1.15730890333111,1.34157015697392,0.387068195461139,71.6229472358255
13.6761904761905,1.15721255778496,1.34149577089563,0.386883089463991,71.6236419669157
13.6762896825397,1.15711622235066,1.34142137600572,0.386698071675004,71.6243366256116
13.6763888888889,1.15701989702625,1.34134697231147,0.386513142054239,71.6250312119269
13.6764880952381,1.15692358180974,1.34127255982014,0.386328300561746,71.6257257258752
13.6765873015873,1.15682727669919,1.34119813853899,0.386143547157612,71.6264201674702
13.6766865079365,1.1567309816926,1.3411237084753,0.385958881801914,71.6271145367257
13.6767857142857,1.15663469678804,1.34104926963631,0.385774304454762,71.6278088336554
13.6768849206349,1.15653842198351,1.34097482202928,0.38558981507626,71.6285030582729
13.6769841269841,1.15644215727707,1.34090036566147,0.385405413626544,71.629197210592
13.6770833333333,1.15634590266674,1.34082590054013,0.385221100065743,71.6298912906263
13.6771825396825,1.15624965815056,1.3407514266725,0.385036874354013,71.6305852983895
13.6772817460317,1.15615342372658,1.34067694406583,0.384852736451524,71.6312792338953
13.677380952381,1.15605719939281,1.34060245272737,0.384668686318443,71.6319730971574
13.6774801587302,1.15596098514732,1.34052795266435,0.38448472391497,71.6326668881894
13.6775793650794,1.15586478098813,1.34045344388402,0.384300849201298,71.6333606070051
13.6776785714286,1.15576858691328,1.34037892639361,0.384117062137652,71.634054253618
13.6777777777778,1.15567240292082,1.34030440020034,0.383933362684251,71.6347478280418
13.677876984127,1.15557622900879,1.34022986531146,0.383749750801345,71.6354413302902
13.6779761904762,1.15548006517522,1.34015532173419,0.383566226449179,71.6361347603769
13.6780753968254,1.15538391141817,1.34008076947576,0.383382789588028,71.6368281183155
13.6781746031746,1.15528776773567,1.34000620854338,0.383199440178163,71.6375214041196
13.6782738095238,1.15519163412577,1.33993163894429,0.383016178179885,71.6382146178029
13.678373015873,1.15509551058651,1.33985706068568,0.382833003553489,71.6389077593791
13.6784722222222,1.15499939711595,1.33978247377479,0.382649916259304,71.6396008288617
13.6785714285714,1.15490329371212,1.33970787821882,0.382466916257649,71.6402938262645
13.6786706349206,1.15480720037308,1.33963327402497,0.382284003508873,71.640986751601
13.6787698412698,1.15471111709687,1.33955866120048,0.382101177973336,71.6416796048848
13.678869047619,1.15461504388154,1.33948403975252,0.381918439611398,71.6423723861297
13.6789682539683,1.15451898072514,1.33940940968831,0.38173578838345,71.6430650953491
13.6790674603175,1.15442292762573,1.33933477101504,0.381553224249876,71.6437577325568
13.6791666666667,1.15432688458134,1.33926012373991,0.381370747171093,71.6444502977662
13.6792658730159,1.15423085159004,1.33918546787012,0.381188357107512,71.6451427909912
13.6793650793651,1.15413482864988,1.33911080341286,0.381006054019574,71.6458352122452
13.6794642857143,1.1540388157589,1.33903613037531,0.380823837867716,71.6465275615419
13.6795634920635,1.15394281291517,1.33896144876466,0.380641708612405,71.6472198388948
13.6796626984127,1.15384682011674,1.3388867585881,0.380459666214103,71.6479120443175
13.6797619047619,1.15375083736166,1.33881205985281,0.380277710633302,71.6486041778237
13.6798611111111,1.15365486464799,1.33873735256596,0.38009584183049,71.6492962394269
13.6799603174603,1.15355890197379,1.33866263673474,0.379914059766186,71.6499882291408
13.6800595238095,1.15346294933711,1.33858791236631,0.379732364400902,71.6506801469788
13.6801587301587,1.15336700673601,1.33851317946785,0.379550755695177,71.6513719929547
13.6802579365079,1.15327107416855,1.33843843804652,0.379369233609564,71.6520637670818
13.6803571428571,1.1531751516328,1.33836368810949,0.379187798104614,71.6527554693739
13.6804563492063,1.15307923912681,1.33828892966392,0.37900644914091,71.6534470998445
13.6805555555556,1.15298333664864,1.33821416271698,0.378825186679027,71.6541386585071
13.6806547619048,1.15288744419635,1.33813938727582,0.378644010679574,71.6548301453754
13.680753968254,1.15279156176801,1.3380646033476,0.378462921103153,71.6555215604628
13.6808531746032,1.15269568936169,1.33798981093946,0.378281917910398,71.6562129037829
13.6809523809524,1.15259982697544,1.33791501005857,0.378101001061936,71.6569041753493
13.6810515873016,1.15250397460733,1.33784020071206,0.377920170518426,71.6575953751755
13.6811507936508,1.15240813225542,1.33776538290709,0.377739426240521,71.6582865032751
13.68125,1.15231229991779,1.33769055665079,0.377558768188906,71.6589775596616
13.6813492063492,1.1522164775925,1.3376157219503,0.37737819632426,71.6596685443485
13.6814484126984,1.15212066527761,1.33754087881277,0.377197710607293,71.6603594573494
13.6815476190476,1.1520248629712,1.33746602724532,0.377017310998709,71.6610502986778
13.6816468253968,1.15192907067134,1.33739116725509,0.37683699745924,71.6617410683473
13.681746031746,1.15183328837609,1.33731629884921,0.376656769949628,71.6624317663713
13.6818452380952,1.15173751608352,1.3372414220348,0.376476628430617,71.6631223927633
13.6819444444444,1.15164175379172,1.337166536819,0.376296572862981,71.6638129475369
13.6820436507937,1.15154600149874,1.33709164320891,0.376116603207488,71.6645034307057
13.6821428571429,1.15145025920267,1.33701674121166,0.375936719424937,71.665193842283
13.6822420634921,1.15135452690158,1.33694183083437,0.375756921476122,71.6658841822824
13.6823412698413,1.15125880459353,1.33686691208415,0.375577209321868,71.6665744507174
13.6824404761905,1.15116309227661,1.33679198496811,0.375397582922995,71.6672646476016
13.6825396825397,1.1510673899489,1.33671704949337,0.375218042240352,71.6679547729483
13.6826388888889,1.15097169760846,1.33664210566702,0.375038587234786,71.6686448267711
13.6827380952381,1.15087601525338,1.33656715349617,0.374859217867171,71.6693348090835
13.6828373015873,1.15078034288173,1.33649219298792,0.374679934098379,71.670024719899
13.6829365079365,1.1506846804916,1.33641722414937,0.374500735889311,71.670714559231
13.6830357142857,1.15058902808105,1.33634224698761,0.374321623200863,71.671404327093
13.6831349206349,1.15049338564819,1.33626726150975,0.374142595993957,71.6720940234985
13.6832341269841,1.15039775319107,1.33619226772286,0.373963654229529,71.6727836484609
13.6833333333333,1.1503021307078,1.33611726563404,0.373784797868513,71.6734732019939
13.6834325396825,1.15020651819644,1.33604225525038,0.373606026871876,71.6741626841106
13.6835317460317,1.15011091565508,1.33596723657895,0.373427341200575,71.6748520948248
13.683630952381,1.15001532308181,1.33589220962684,0.373248740815603,71.6755414341497
13.6837301587302,1.14991974047471,1.33581717440112,0.373070225677945,71.6762307020989
13.6838293650794,1.14982416783187,1.33574213090887,0.372891795748618,71.6769198986857
13.6839285714286,1.14972860515136,1.33566707915716,0.372713450988631,71.6776090239238
13.6840277777778,1.14963305243129,1.33559201915306,0.372535191359029,71.6782980778264
13.684126984127,1.14953750966974,1.33551695090364,0.372357016820846,71.6789870604071
13.6842261904762,1.14944197686479,1.33544187441597,0.372178927335151,71.6796759716792
13.6843253968254,1.14934645401453,1.3353667896971,0.372000922863006,71.6803648116562
13.6844246031746,1.14925094111706,1.3352916967541,0.371823003365504,71.6810535803515
13.6845238095238,1.14915543817046,1.33521659559402,0.371645168803731,71.6817422777786
13.684623015873,1.14905994517283,1.33514148622392,0.371467419138804,71.6824309039508
13.6847222222222,1.14896446212226,1.33506636865084,0.371289754331848,71.6831194588817
13.6848214285714,1.14886898901684,1.33499124288185,0.371112174343989,71.6838079425845
13.6849206349206,1.14877352585467,1.33491610892398,0.370934679136385,71.6844963550727
13.6850198412698,1.14867807263383,1.33484096678428,0.370757268670186,71.6851846963598
13.685119047619,1.14858262935243,1.33476581646979,0.370579942906576,71.685872966459
13.6852182539683,1.14848719600855,1.33469065798755,0.370402701806731,71.6865611653839
13.6853174603175,1.14839177260031,1.33461549134459,0.37022554533186,71.6872492931478
13.6854166666667,1.14829635912578,1.33454031654796,0.370048473443165,71.6879373497641
13.6855158730159,1.14820095558308,1.33446513360467,0.36987148610188,71.6886253352462
13.6856150793651,1.1481055619703,1.33438994252177,0.369694583269232,71.6893132496075
13.6857142857143,1.14801017828554,1.33431474330627,0.369517764906482,71.6900010928613
13.6858134920635,1.14791480452689,1.3342395359652,0.369341030974882,71.6906888650211
13.6859126984127,1.14781944069247,1.33416432050558,0.369164381435717,71.6913765661002
13.6860119047619,1.14772408678037,1.33408909693442,0.368987816250267,71.692064196112
13.6861111111111,1.1476287427887,1.33401386525875,0.368811335379837,71.6927517550698
13.6862103174603,1.14753340871555,1.33393862548558,0.368634938785746,71.6934392429871
13.6863095238095,1.14743808455903,1.33386337762192,0.368458626429311,71.6941266598771
13.6864087301587,1.14734277031725,1.33378812167477,0.368282398271881,71.6948140057533
13.6865079365079,1.14724746598831,1.33371285765113,0.368106254274799,71.6955012806289
13.6866071428571,1.14715217157032,1.33363758555803,0.367930194399439,71.6961884845175
13.6867063492064,1.14705688706138,1.33356230540244,0.367754218607169,71.6968756174322
13.6868055555556,1.14696161245961,1.33348701719138,0.36757832685939,71.6975626793864
13.6869047619048,1.1468663477631,1.33341172093183,0.367402519117495,71.6982496703936
13.687003968254,1.14677109296997,1.3333364166308,0.36722679534291,71.6989365904669
13.6871031746032,1.14667584807833,1.33326110429525,0.367051155497054,71.6996234396198
13.6872023809524,1.14658061308629,1.3331857839322,0.366875599541378,71.7003102178655
13.6873015873016,1.14648538799196,1.33311045554861,0.366700127437327,71.7009969252175
13.6874007936508,1.14639017279345,1.33303511915148,0.366524739146378,71.701683561689
13.6875,1.14629496748888,1.33295977474777,0.366349434630001,71.7023701272933
13.6875992063492,1.14619977207635,1.33288442234448,0.366174213849694,71.7030566220438
13.6876984126984,1.14610458655398,1.33280906194856,0.365999076766967,71.7037430459537
13.6877976190476,1.14600941091989,1.332733693567,0.365824023343328,71.7044293990365
13.6878968253968,1.1459142451722,1.33265831720677,0.365649053540319,71.7051156813053
13.687996031746,1.14581908930901,1.33258293287482,0.365474167319473,71.7058018927735
13.6880952380952,1.14572394332845,1.33250754057813,0.365299364642356,71.7064880334544
13.6881944444444,1.14562880722863,1.33243214032365,0.365124645470529,71.7071741033613
13.6882936507936,1.14553368100768,1.33235673211835,0.364950009765582,71.7078601025074
13.6883928571429,1.1454385646637,1.33228131596917,0.364775457489102,71.7085460309061
13.6884920634921,1.14534345819483,1.33220589188308,0.364600988602705,71.7092318885706
13.6885912698413,1.14524836159917,1.33213045986703,0.364426603068002,71.7099176755143
13.6886904761905,1.14515327487486,1.33205501992795,0.364252300846637,71.7106033917504
13.6887896825397,1.14505819802002,1.33197957207281,0.364078081900245,71.7112890372921
13.6888888888889,1.14496313103276,1.33190411630853,0.363903946190494,71.7119746121528
13.6889880952381,1.14486807391122,1.33182865264207,0.363729893679047,71.7126601163457
13.6890873015873,1.14477302665351,1.33175318108036,0.363555924327593,71.7133455498841
13.6891865079365,1.14467798925776,1.33167770163034,0.363382038097834,71.7140309127812
13.6892857142857,1.1445829617221,1.33160221429893,0.363208234951469,71.7147162050503
13.6893849206349,1.14448794404466,1.33152671909308,0.363034514850232,71.7154014267046
13.6894841269841,1.14439293622355,1.3314512160197,0.362860877755847,71.7160865777575
13.6895833333333,1.14429793825692,1.33137570508572,0.362687323630072,71.716771658222
13.6896825396825,1.14420295014288,1.33130018629807,0.362513852434659,71.7174566681116
13.6897817460317,1.14410797187957,1.33122465966366,0.362340464131392,71.7181416074394
13.689880952381,1.14401300346511,1.33114912518941,0.362167158682046,71.7188264762186
13.6899801587302,1.14391804489765,1.33107358288225,0.361993936048431,71.7195112744625
13.6900793650794,1.1438230961753,1.33099803274906,0.361820796192349,71.7201960021844
13.6901785714286,1.14372815729621,1.33092247479678,0.361647739075635,71.7208806593973
13.6902777777778,1.1436332282585,1.33084690903231,0.361474764660116,71.7215652461147
13.690376984127,1.14353830906032,1.33077133546254,0.361301872907653,71.7222497623496
13.6904761904762,1.14344339969979,1.33069575409439,0.361129063780098,71.7229342081153
13.6905753968254,1.14334850017504,1.33062016493474,0.360956337239333,71.723618583425
13.6906746031746,1.14325361048423,1.33054456799051,0.360783693247251,71.7243028882919
13.6907738095238,1.14315873062547,1.33046896326857,0.360611131765743,71.7249871227292
13.690873015873,1.14306386059692,1.33039335077583,0.360438652756734,71.7256712867502
13.6909722222222,1.1429690003967,1.33031773051918,0.360266256182141,71.726355380368
13.6910714285714,1.14287415002296,1.33024210250549,0.360093942003913,71.7270394035957
13.6911706349206,1.14277930947384,1.33016646674165,0.359921710183993,71.7277233564467
13.6912698412698,1.14268447874748,1.33009082323455,0.359749560684356,71.728407238934
13.691369047619,1.14258965784202,1.33001517199105,0.35957749346697,71.7290910510709
13.6914682539683,1.1424948467556,1.32993951301805,0.359405508493836,71.7297747928706
13.6915674603175,1.14240004548636,1.32986384632241,0.359233605726948,71.7304584643461
13.6916666666667,1.14230525403245,1.329788171911,0.359061785128331,71.7311420655108
13.6917658730159,1.142210472392,1.32971248979069,0.358890046660006,71.7318255963777
13.6918650793651,1.14211570056318,1.32963679996835,0.358718390284023,71.7325090569601
13.6919642857143,1.14202093854412,1.32956110245084,0.358546815962428,71.733192447271
13.6920634920635,1.14192618633296,1.32948539724501,0.358375323657293,71.7338757673237
13.6921626984127,1.14183144392787,1.32940968435774,0.358203913330702,71.7345590171312
13.6922619047619,1.14173671132697,1.32933396379586,0.35803258494474,71.7352421967069
13.6923611111111,1.14164198852843,1.32925823556625,0.357861338461522,71.7359253060637
13.6924603174603,1.14154727553039,1.32918249967573,0.357690173843157,71.7366083452149
13.6925595238095,1.141452572331,1.32910675613118,0.357519091051785,71.7372913141735
13.6926587301587,1.14135787892841,1.32903100493941,0.357348090049541,71.7379742129528
13.6927579365079,1.14126319532077,1.3289552461073,0.357177170798591,71.7386570415658
13.6928571428571,1.14116852150624,1.32887947964166,0.357006333261096,71.7393398000258
13.6929563492063,1.14107385748297,1.32880370554933,0.356835577399247,71.7400224883457
13.6930555555556,1.14097920324911,1.32872792383716,0.35666490317523,71.7407051065388
13.6931547619048,1.14088455880282,1.32865213451198,0.356494310551263,71.7413876546181
13.693253968254,1.14078992414225,1.32857633758061,0.356323799489557,71.7420701325968
13.6933531746032,1.14069529926556,1.32850053304987,0.356153369952353,71.742752540488
13.6934523809524,1.1406006841709,1.32842472092661,0.355983021901891,71.7434348783048
13.6935515873016,1.14050607885644,1.32834890121762,0.355812755300432,71.7441171460602
13.6936507936508,1.14041148332032,1.32827307392975,0.355642570110254,71.7447993437675
13.69375,1.14031689756072,1.3281972390698,0.355472466293632,71.7454814714397
13.6938492063492,1.14022232157578,1.32812139664458,0.355302443812872,71.7461635290899
13.6939484126984,1.14012775536367,1.32804554666091,0.355132502630276,71.7468455167311
13.6940476190476,1.14003319892255,1.32796968912559,0.354962642708175,71.7475274343766
13.6941468253968,1.13993865225059,1.32789382404544,0.354792864008895,71.7482092820393
13.694246031746,1.13984411534594,1.32781795142725,0.354623166494796,71.7488910597323
13.6943452380952,1.13974958820676,1.32774207127783,0.354453550128227,71.7495727674688
13.6944444444444,1.13965507083123,1.32766618360398,0.354284014871573,71.7502544052618
13.6945436507937,1.1395605632175,1.32759028841248,0.354114560687212,71.7509359731243
13.6946428571429,1.13946606536375,1.32751438571014,0.353945187537551,71.7516174710695
13.6947420634921,1.13937157726813,1.32743847550375,0.353775895384994,71.7522988991103
13.6948412698413,1.13927709892881,1.32736255780008,0.353606684191975,71.7529802572599
13.6949404761905,1.13918263034397,1.32728663260594,0.353437553920923,71.7536615455314
13.6950396825397,1.13908817151177,1.32721069992809,0.353268504534293,71.7543427639377
13.6951388888889,1.13899372243038,1.32713475977333,0.353099535994553,71.7550239124919
13.6952380952381,1.13889928309797,1.32705881214842,0.352930648264169,71.7557049912071
13.6953373015873,1.13880485351272,1.32698285706015,0.352761841305641,71.7563860000963
13.6954365079365,1.13871043367278,1.32690689451529,0.35259311508146,71.7570669391725
13.6955357142857,1.13861602357633,1.3268309245206,0.35242446955415,71.7577478084488
13.6956349206349,1.13852162322156,1.32675494708286,0.35225590468623,71.7584286079383
13.6957341269841,1.13842723260662,1.32667896220883,0.352087420440248,71.7591093376539
13.6958333333333,1.1383328517297,1.32660296990526,0.351919016778747,71.7597899976086
13.6959325396825,1.13823848058896,1.32652697017893,0.351750693664304,71.7604705878155
13.6960317460317,1.13814411918259,1.32645096303658,0.351582451059486,71.7611511082877
13.696130952381,1.13804976750877,1.32637494848498,0.351414288926894,71.7618315590381
13.6962301587302,1.13795542556566,1.32629892653087,0.351246207229123,71.7625119400797
13.6963293650794,1.13786109335145,1.32622289718101,0.351078205928798,71.7631922514255
13.6964285714286,1.13776677086431,1.32614686044213,0.35091028498854,71.7638724930886
13.6965277777778,1.13767245810243,1.32607081632098,0.350742444370996,71.764552665082
13.696626984127,1.13757815506398,1.32599476482432,0.350574684038824,71.7652327674186
13.6967261904762,1.13748386174715,1.32591870595886,0.350407003954685,71.7659128001114
13.6968253968254,1.13738957815012,1.32584263973136,0.350239404081266,71.7665927631735
13.6969246031746,1.13729530427107,1.32576656614854,0.350071884381253,71.7672726566178
13.6970238095238,1.13720104010818,1.32569048521713,0.34990444481736,71.7679524804573
13.697123015873,1.13710678565963,1.32561439694387,0.349737085352298,71.7686322347049
13.6972222222222,1.13701254092362,1.32553830133548,0.349569805948806,71.7693119193737
13.6973214285714,1.13691830589832,1.32546219839868,0.349402606569621,71.7699915344767
13.6974206349206,1.13682408058193,1.3253860881402,0.349235487177508,71.7706710800267
13.6975198412698,1.13672986497262,1.32530997056675,0.349068447735228,71.7713505560369
13.697619047619,1.13663565906859,1.32523384568504,0.348901488205573,71.77202996252
13.6977182539683,1.13654146286803,1.3251577135018,0.348734608551329,71.7727092994892
13.6978174603175,1.13644727636912,1.32508157402373,0.348567808735314,71.7733885669572
13.6979166666667,1.13635309957005,1.32500542725754,0.34840108872034,71.7740677649372
13.6980158730159,1.13625893246901,1.32492927320993,0.348234448469244,71.774746893442
13.6981150793651,1.13616477506421,1.32485311188761,0.348067887944877,71.7754259524846
13.6982142857143,1.13607062735381,1.32477694329727,0.347901407110091,71.7761049420779
13.6983134920635,1.13597648933603,1.32470076744563,0.347735005927766,71.7767838622349
13.6984126984127,1.13588236100905,1.32462458433936,0.347568684360778,71.7774627129685
13.6985119047619,1.13578824237107,1.32454839398516,0.347402442372034,71.7781414942916
13.6986111111111,1.13569413342028,1.32447219638972,0.347236279924434,71.7788202062172
13.6987103174603,1.13560003415488,1.32439599155974,0.347070196980912,71.7794988487582
13.6988095238095,1.13550594457305,1.32431977950189,0.346904193504394,71.7801774219275
13.6989087301587,1.13541186467301,1.32424356022285,0.346738269457837,71.780855925738
13.6990079365079,1.13531779445295,1.32416733372931,0.346572424804195,71.7815343602026
13.6991071428571,1.13522373391107,1.32409110002794,0.34640665950645,71.7822127253343
13.6992063492063,1.13512968304556,1.32401485912541,0.346240973527581,71.7828910211459
13.6993055555556,1.13503564185462,1.32393861102841,0.346075366830596,71.7835692476504
13.6994047619048,1.13494161033646,1.32386235574358,0.345909839378499,71.7842474048607
13.699503968254,1.13484758848928,1.32378609327762,0.345744391134319,71.7849254927896
13.6996031746032,1.13475357631128,1.32370982363717,0.3455790220611,71.78560351145
13.6997023809524,1.13465957380067,1.3236335468289,0.345413732121883,71.7862814608548
13.6998015873016,1.13456558095564,1.32355726285946,0.34524852127974,71.786959341017
13.6999007936508,1.1344715977744,1.32348097173552,0.34508338949774,71.7876371519494
13.7,1.13437762425516,1.32340467346373,0.34491833673898,71.7883148936648
13.7000992063492,1.13428366039611,1.32332836805073,0.344753362966554,71.7889925661762
13.7001984126984,1.13418970619548,1.32325205550318,0.344588468143585,71.7896701694964
13.7002976190476,1.13409576165146,1.32317573582772,0.344423652233191,71.7903477036384
13.7003968253968,1.13400182676227,1.323099409031,0.344258915198523,71.7910251686148
13.700496031746,1.13390790152611,1.32302307511965,0.344094257002723,71.7917025644387
13.7005952380952,1.13381398594119,1.32294673410032,0.343929677608967,71.7923798911229
13.7006944444444,1.13372008000572,1.32287038597964,0.343765176980424,71.7930571486802
13.7007936507936,1.13362618371791,1.32279403076424,0.343600755080295,71.7937343371234
13.7008928571429,1.13353229707598,1.32271766846075,0.343436411871775,71.7944114564655
13.7009920634921,1.13343842007814,1.3226412990758,0.343272147318086,71.7950885067193
13.7010912698413,1.1333445527226,1.32256492261601,0.343107961382461,71.7957654878976
13.7011904761905,1.13325069500757,1.32248853908802,0.342943854028133,71.7964424000132
13.7012896825397,1.13315684693127,1.32241214849843,0.342779825218368,71.797119243079
13.7013888888889,1.13306300849191,1.32233575085386,0.342615874916424,71.7977960171078
13.7014880952381,1.13296917968772,1.32225934616094,0.342452003085591,71.7984727221125
13.7015873015873,1.1328753605169,1.32218293442627,0.342288209689153,71.7991493581058
13.7016865079365,1.13278155097767,1.32210651565646,0.342124494690427,71.7998259251005
13.7017857142857,1.13268775106826,1.32203008985811,0.341960858052721,71.8005024231096
13.7018849206349,1.13259396078688,1.32195365703784,0.341797299739376,71.8011788521458
13.7019841269841,1.13250018013175,1.32187721720225,0.34163381971373,71.8018552122218
13.7020833333333,1.1324064091011,1.32180077035793,0.341470417939146,71.8025315033506
13.7021825396825,1.13231264769314,1.32172431651148,0.341307094378988,71.803207725545
13.7022817460317,1.13221889590609,1.32164785566949,0.341143848996647,71.8038838788176
13.702380952381,1.13212515373818,1.32157138783856,0.340980681755509,71.8045599631813
13.7024801587302,1.13203142118763,1.32149491302527,0.340817592618988,71.805235978649
13.7025793650794,1.13193769825267,1.32141843123622,0.34065458155051,71.8059119252333
13.7026785714286,1.13184398493152,1.32134194247798,0.340491648513498,71.8065878029471
13.7027777777778,1.1317502812224,1.32126544675714,0.34032879347141,71.8072636118032
13.702876984127,1.13165658712355,1.32118894408027,0.340166016387696,71.8079393518143
13.7029761904762,1.13156290263319,1.32111243445395,0.340003317225837,71.8086150229932
13.7030753968254,1.13146922774954,1.32103591788476,0.339840695949309,71.8092906253526
13.7031746031746,1.13137556247084,1.32095939437926,0.339678152521619,71.8099661589054
13.7032738095238,1.13128190679532,1.32088286394402,0.339515686906269,71.8106416236644
13.703373015873,1.1311882607212,1.32080632658562,0.339353299066791,71.8113170196421
13.7034722222222,1.13109462424671,1.3207297823106,0.339190988966713,71.8119923468516
13.7035714285714,1.1310009973701,1.32065323112554,0.339028756569592,71.8126676053053
13.7036706349206,1.13090738008958,1.32057667303698,0.338866601838981,71.8133427950162
13.7037698412698,1.1308137724034,1.32050010805149,0.338704524738465,71.814017915997
13.703869047619,1.13072017430978,1.32042353617562,0.33854252523162,71.8146929682604
13.7039682539683,1.13062658580696,1.32034695741591,0.338380603282052,71.8153679518191
13.7040674603175,1.13053300689318,1.32027037177893,0.338218758853377,71.8160428666859
13.7041666666667,1.13043943756667,1.3201937792712,0.338056991909214,71.8167177128735
13.7042658730159,1.13034587782568,1.32011717989927,0.337895302413208,71.8173924903947
13.7043650793651,1.13025232766842,1.32004057366969,0.337733690329002,71.8180671992621
13.7044642857143,1.13015878709315,1.31996396058899,0.337572155620269,71.8187418394885
13.7045634920635,1.1300652560981,1.3198873406637,0.337410698250677,71.8194164110866
13.7046626984127,1.12997173468152,1.31981071390035,0.337249318183925,71.8200909140692
13.7047619047619,1.12987822284164,1.31973408030548,0.337088015383704,71.8207653484488
13.7048611111111,1.1297847205767,1.31965743988562,0.33692678981374,71.8214397142383
13.7049603174603,1.12969122788495,1.31958079264728,0.336765641437752,71.8221140114504
13.7050595238095,1.12959774476462,1.31950413859699,0.336604570219488,71.8227882400977
13.7051587301587,1.12950427121397,1.31942747774126,0.336443576122694,71.8234624001929
13.7052579365079,1.12941080723123,1.31935081008662,0.336282659111143,71.8241364917488
13.7053571428571,1.12931735281465,1.31927413563958,0.336121819148607,71.824810514778
13.7054563492064,1.12922390796248,1.31919745440664,0.335961056198881,71.8254844692931
13.7055555555556,1.12913047267296,1.31912076639433,0.335800370225775,71.826158355307
13.7056547619048,1.12903704694434,1.31904407160913,0.335639761193096,71.8268321728323
13.705753968254,1.12894363077486,1.31896737005757,0.335479229064683,71.8275059218815
13.7058531746032,1.12885022416278,1.31889066174613,0.33531877380437,71.8281796024675
13.7059523809524,1.12875682710634,1.31881394668132,0.335158395376022,71.8288532146029
13.7060515873016,1.12866343960379,1.31873722486963,0.334998093743498,71.8295267583004
13.7061507936508,1.12857006165339,1.31866049631756,0.334837868870687,71.8302002335725
13.70625,1.12847669325339,1.31858376103159,0.334677720721476,71.830873640432
13.7063492063492,1.12838333440203,1.31850701901821,0.334517649259779,71.8315469788916
13.7064484126984,1.12828998509757,1.31843027028392,0.334357654449506,71.8322202489638
13.7065476190476,1.12819664533827,1.31835351483519,0.3341977362546,71.8328934506613
13.7066468253968,1.12810331512237,1.3182767526785,0.334037894638995,71.8335665839968
13.706746031746,1.12800999444814,1.31819998382033,0.333878129566659,71.8342396489829
13.7068452380952,1.12791668331382,1.31812320826715,0.333718441001553,71.8349126456323
13.7069444444444,1.12782338171768,1.31804642602545,0.333558828907664,71.8355855739576
13.7070436507937,1.12773008965797,1.31796963710168,0.333399293248994,71.8362584339713
13.7071428571429,1.12763680713295,1.31789284150231,0.333239833989542,71.8369312256862
13.7072420634921,1.12754353414088,1.31781603923382,0.333080451093338,71.8376039491148
13.7073412698413,1.12745027068002,1.31773923030266,0.332921144524408,71.8382766042699
13.7074404761905,1.12735701674863,1.31766241471529,0.332761914246807,71.8389491911638
13.7075396825397,1.12726377234496,1.31758559247816,0.332602760224588,71.8396217098095
13.7076388888889,1.12717053746729,1.31750876359775,0.332443682421831,71.8402941602193
13.7077380952381,1.12707731211387,1.31743192808048,0.332284680802613,71.840966542406
13.7078373015873,1.12698409628297,1.31735508593282,0.33212575533104,71.841638856382
13.7079365079365,1.12689088997284,1.31727823716121,0.331966905971216,71.8423111021601
13.7080357142857,1.12679769318176,1.31720138177209,0.331808132687273,71.8429832797529
13.7081349206349,1.12670450590799,1.31712451977191,0.331649435443337,71.8436553891728
13.7082341269841,1.1266113281498,1.31704765116711,0.331490814203568,71.8443274304325
13.7083333333333,1.12651815990544,1.31697077596411,0.331332268932118,71.8449994035446
13.7084325396825,1.1264250011732,1.31689389416936,0.331173799593168,71.8456713085217
13.7085317460317,1.12633185195134,1.31681700578929,0.331015406150907,71.8463431453763
13.708630952381,1.12623871223812,1.31674011083032,0.33085708856953,71.847014914121
13.7087301587302,1.12614558203182,1.31666320929888,0.330698846813256,71.8476866147684
13.7088293650794,1.1260524613307,1.3165863012014,0.330540680846304,71.8483582473311
13.7089285714286,1.12595935013305,1.31650938654429,0.33038259063292,71.8490298118216
13.7090277777778,1.12586624843712,1.31643246533397,0.330224576137348,71.8497013082524
13.709126984127,1.12577315624119,1.31635553757686,0.330066637323861,71.8503727366362
13.7092261904762,1.12568007354355,1.31627860327937,0.329908774156726,71.8510440969855
13.7093253968254,1.12558700034245,1.31620166244791,0.329750986600242,71.8517153893128
13.7094246031746,1.12549393663617,1.3161247150889,0.329593274618703,71.8523866136307
13.7095238095238,1.125400882423,1.31604776120872,0.329435638176433,71.8530577699517
13.709623015873,1.1253078377012,1.3159708008138,0.329278077237751,71.8537288582884
13.7097222222222,1.12521480246906,1.31589383391052,0.329120591767007,71.8543998786533
13.7098214285714,1.12512177672484,1.31581686050529,0.328963181728546,71.8550708310589
13.7099206349206,1.12502876046684,1.31573988060449,0.328805847086739,71.8557417155178
13.7100198412698,1.12493575369333,1.31566289421454,0.328648587805969,71.8564125320425
13.710119047619,1.12484275640258,1.3155859013418,0.328491403850618,71.8570832806454
13.7102182539683,1.12474976859288,1.31550890199267,0.328334295185102,71.8577539613392
13.7103174603175,1.12465679026252,1.31543189617353,0.328177261773828,71.8584245741364
13.7104166666667,1.12456382140977,1.31535488389077,0.328020303581235,71.8590951190494
13.7105158730159,1.12447086203291,1.31527786515076,0.327863420571758,71.8597655960907
13.7106150793651,1.12437791213023,1.31520083995989,0.327706612709862,71.8604360052729
13.7107142857143,1.12428497170001,1.31512380832452,0.327549879960005,71.8611063466085
13.7108134920635,1.12419204074055,1.31504677025103,0.327393222286679,71.8617766201099
13.7109126984127,1.12409911925012,1.31496972574579,0.327236639654368,71.8624468257897
13.7110119047619,1.12400620722701,1.31489267481516,0.327080132027588,71.8631169636604
13.7111111111111,1.12391330466951,1.31481561746551,0.32692369937085,71.8637870337344
13.7112103174603,1.1238204115759,1.31473855370319,0.326767341648695,71.8644570360241
13.7113095238095,1.12372752794448,1.31466148353457,0.32661105882566,71.8651269705422
13.7114087301587,1.12363465377354,1.31458440696601,0.326454850866307,71.8657968373011
13.7115079365079,1.12354178906136,1.31450732400385,0.326298717735211,71.8664666363132
13.7116071428571,1.12344893380623,1.31443023465444,0.326142659396947,71.867136367591
13.7117063492063,1.12335608800645,1.31435313892415,0.32598667581612,71.867806031147
13.7118055555556,1.12326325166031,1.3142760368193,0.32583076695733,71.8684756269936
13.7119047619048,1.12317042476611,1.31419892834626,0.325674932785208,71.8691451551434
13.712003968254,1.12307760732213,1.31412181351134,0.325519173264379,71.8698146156086
13.7121031746032,1.12298479932667,1.3140446923209,0.325363488359501,71.8704840084019
13.7122023809524,1.12289200077803,1.31396756478127,0.325207878035223,71.8711533335357
13.7123015873016,1.12279921167451,1.31389043089878,0.325052342256228,71.8718225910224
13.7124007936508,1.12270643201439,1.31381329067976,0.324896880987193,71.8724917808744
13.7125,1.12261366179598,1.31373614413054,0.324741494192825,71.8731609031041
13.7125992063492,1.12252090101757,1.31365899125744,0.324586181837826,71.8738299577241
13.7126984126984,1.12242814967747,1.3135818320668,0.32443094388693,71.8744989447467
13.7127976190476,1.12233540777397,1.31350466656491,0.324275780304864,71.8751678641844
13.7128968253968,1.12224267530538,1.31342749475811,0.324120691056382,71.8758367160496
13.712996031746,1.12214995226999,1.31335031665272,0.32396567610625,71.8765055003548
13.7130952380952,1.12205723866611,1.31327313225503,0.323810735419236,71.8771742171122
13.7131944444444,1.12196453449204,1.31319594157136,0.323655868960136,71.8778428663344
13.7132936507937,1.12187183974609,1.31311874460802,0.323501076693741,71.8785114480337
13.7133928571429,1.12177915442655,1.31304154137131,0.323346358584874,71.8791799622227
13.7134920634921,1.12168647853173,1.31296433186754,0.323191714598353,71.8798484089135
13.7135912698413,1.12159381205995,1.312887116103,0.323037144699024,71.8805167881188
13.7136904761905,1.1215011550095,1.31280989408399,0.322882648851732,71.8811850998508
13.7137896825397,1.12140850737869,1.3127326658168,0.322728227021348,71.8818533441219
13.7138888888889,1.12131586916583,1.31265543130772,0.322573879172742,71.8825215209446
13.7139880952381,1.12122324036923,1.31257819056306,0.322419605270813,71.8831896303312
13.7140873015873,1.12113062098719,1.31250094358908,0.322265405280454,71.8838576722942
13.7141865079365,1.12103801101804,1.31242369039207,0.32211127916659,71.8845256468457
13.7142857142857,1.12094541046007,1.31234643097832,0.321957226894141,71.8851935539984
13.7143849206349,1.1208528193116,1.3122691653541,0.321803248428052,71.8858613937645
13.7144841269841,1.12076023757094,1.31219189352569,0.321649343733281,71.8865291661564
13.7145833333333,1.12066766523641,1.31211461549936,0.321495512774786,71.8871968711865
13.7146825396825,1.12057510230632,1.31203733128139,0.321341755517555,71.8878645088671
13.7147817460317,1.12048254877898,1.31196004087804,0.321188071926573,71.8885320792106
13.714880952381,1.12039000465271,1.31188274429558,0.321034461966851,71.8891995822293
13.7149801587302,1.12029746992582,1.31180544154026,0.320880925603401,71.8898670179356
13.7150793650794,1.12020494459663,1.31172813261836,0.32072746280126,71.8905343863418
13.7151785714286,1.12011242866346,1.31165081753612,0.320574073525464,71.8912016874603
13.7152777777778,1.12001992212463,1.31157349629981,0.320420757741077,71.8918689213034
13.715376984127,1.11992742497845,1.31149616891568,0.320267515413159,71.8925360878835
13.7154761904762,1.11983493722324,1.31141883538997,0.320114346506801,71.8932031872129
13.7155753968254,1.11974245885733,1.31134149572893,0.319961250987089,71.8938702193038
13.7156746031746,1.11964998987904,1.31126414993881,0.319808228819137,71.8945371841688
13.7157738095238,1.11955753028668,1.31118679802586,0.319655279968059,71.8952040818199
13.715873015873,1.11946508007859,1.3111094399963,0.319502404398989,71.8958709122697
13.7159722222222,1.11937263925307,1.31103207585638,0.319349602077079,71.8965376755304
13.7160714285714,1.11928020780847,1.31095470561233,0.319196872967478,71.8972043716142
13.7161706349206,1.11918778574309,1.31087732927039,0.319044217035366,71.8978710005336
13.7162698412698,1.11909537305527,1.31079994683678,0.318891634245917,71.8985375623008
13.716369047619,1.11900296974334,1.31072255831774,0.318739124564337,71.8992040569282
13.7164682539683,1.11891057580562,1.31064516371947,0.318586687955827,71.8998704844279
13.7165674603175,1.11881819124043,1.31056776304822,0.318434324385617,71.9005368448124
13.7166666666667,1.11872581604611,1.31049035631018,0.318282033818934,71.9012031380939
13.7167658730159,1.11863345022099,1.31041294351159,0.318129816221034,71.9018693642846
13.7168650793651,1.11854109376339,1.31033552465865,0.317977671557169,71.902535523397
13.7169642857143,1.11844874667165,1.31025809975759,0.31782559979262,71.9032016154432
13.7170634920635,1.11835640894409,1.31018066881459,0.317673600892665,71.9038676404355
13.7171626984127,1.11826408057906,1.31010323183588,0.317521674822611,71.9045335983863
13.7172619047619,1.11817176157487,1.31002578882765,0.317369821547762,71.9051994893077
13.7173611111111,1.11807945192987,1.30994833979611,0.317218041033445,71.9058653132121
13.7174603174603,1.11798715164239,1.30987088474745,0.317066333245002,71.9065310701116
13.7175595238095,1.11789486071076,1.30979342368787,0.316914698147775,71.9071967600187
13.7176587301587,1.11780257913333,1.30971595662357,0.316763135707134,71.9078623829455
13.7177579365079,1.11771030690842,1.30963848356073,0.316611645888447,71.9085279389042
13.7178571428571,1.11761804403438,1.30956100450554,0.316460228657109,71.9091934279072
13.7179563492064,1.11752579050953,1.30948351946419,0.316308883978514,71.9098588499666
13.7180555555556,1.11743354633223,1.30940602844286,0.316157611818084,71.9105242050947
13.7181547619048,1.11734131150081,1.30932853144772,0.316006412141236,71.9111894933038
13.718253968254,1.1172490860136,1.30925102848497,0.315855284913419,71.9118547146061
13.7183531746032,1.11715686986896,1.30917351956077,0.315704230100075,71.9125198690138
13.7184523809524,1.11706466306522,1.30909600468129,0.315553247666679,71.9131849565392
13.7185515873016,1.11697246560072,1.30901848385271,0.315402337578698,71.9138499771944
13.7186507936508,1.11688027747381,1.30894095708119,0.315251499801633,71.9145149309917
13.71875,1.11678809868284,1.30886342437289,0.315100734300977,71.9151798179433
13.7188492063492,1.11669592922613,1.30878588573399,0.314950041042251,71.9158446380614
13.7189484126984,1.11660376910205,1.30870834117063,0.314799419990987,71.9165093913582
13.7190476190476,1.11651161830894,1.30863079068898,0.314648871112719,71.9171740778461
13.7191468253968,1.11641947684514,1.3085532342952,0.314498394373009,71.917838697537
13.719246031746,1.116327344709,1.30847567199542,0.314347989737416,71.9185032504433
13.7193452380952,1.11623522189887,1.3083981037958,0.314197657171527,71.9191677365771
13.7194444444444,1.1161431084131,1.30832052970249,0.314047396640928,71.9198321559506
13.7195436507936,1.11605100425004,1.30824294972163,0.313897208111231,71.9204965085761
13.7196428571429,1.11595890940803,1.30816536385937,0.313747091548046,71.9211607944656
13.7197420634921,1.11586682388543,1.30808777212184,0.313597046917012,71.9218250136315
13.7198412698413,1.1157747476806,1.30801017451517,0.313447074183765,71.9224891660858
13.7199404761905,1.11568268079188,1.30793257104551,0.31329717331397,71.9231532518408
13.7200396825397,1.11559062321762,1.30785496171897,0.313147344273286,71.9238172709086
13.7201388888889,1.11549857495619,1.30777734654171,0.312997587027405,71.9244812233013
13.7202380952381,1.11540653600593,1.30769972551982,0.312847901542012,71.9251451090312
13.7203373015873,1.1153145063652,1.30762209865945,0.31269828778282,71.9258089281105
13.7204365079365,1.11522248603237,1.30754446596671,0.312548745715553,71.9264726805512
13.7205357142857,1.11513047500577,1.30746682744772,0.312399275305935,71.9271363663655
13.7206349206349,1.11503847328378,1.30738918310859,0.31224987651972,71.9277999855655
13.7207341269841,1.11494648086475,1.30731153295544,0.312100549322659,71.9284635381636
13.7208333333333,1.11485449774704,1.30723387699438,0.311951293680531,71.9291270241716
13.7209325396825,1.114762523929,1.30715621523152,0.311802109559112,71.9297904436019
13.7210317460317,1.11467055940901,1.30707854767296,0.311652996924207,71.9304537964665
13.721130952381,1.11457860418542,1.3070008743248,0.311503955741618,71.9311170827776
13.7212301587302,1.1144866582566,1.30692319519314,0.311354985977175,71.9317803025473
13.7213293650794,1.1143947216209,1.30684551028409,0.311206087596705,71.9324434557877
13.7214285714286,1.11430279427669,1.30676781960373,0.311057260566065,71.9331065425109
13.7215277777778,1.11421087622234,1.30669012315816,0.310908504851106,71.9337695627292
13.721626984127,1.1141189674562,1.30661242095347,0.31075982041771,71.9344325164545
13.7217261904762,1.11402706797665,1.30653471299574,0.310611207231756,71.9350954036991
13.7218253968254,1.11393517778206,1.30645699929107,0.310462665259147,71.9357582244749
13.7219246031746,1.11384329687078,1.30637927984552,0.310314194465798,71.9364209787942
13.7220238095238,1.11375142524119,1.30630155466519,0.310165794817626,71.937083666669
13.722123015873,1.11365956289166,1.30622382375615,0.310017466280576,71.9377462881114
13.7222222222222,1.11356770982055,1.30614608712446,0.30986920882059,71.9384088431335
13.7223214285714,1.11347586602623,1.30606834477622,0.309721022403641,71.9390713317474
13.7224206349206,1.11338403150709,1.30599059671747,0.309572906995693,71.9397337539652
13.7225198412698,1.11329220626148,1.30591284295429,0.309424862562746,71.940396109799
13.722619047619,1.11320039028778,1.30583508349275,0.309276889070791,71.9410583992608
13.7227182539683,1.11310858358437,1.3057573183389,0.30912898648585,71.9417206223628
13.7228174603175,1.11301678614961,1.3056795474988,0.308981154773943,71.942382779117
13.7229166666667,1.11292499798188,1.30560177097851,0.308833393901116,71.9430448695354
13.7230158730159,1.11283321907956,1.30552398878408,0.308685703833415,71.9437068936302
13.7231150793651,1.11274144944103,1.30544620092157,0.308538084536912,71.9443688514134
13.7232142857143,1.11264968906466,1.30536840739702,0.308390535977677,71.9450307428971
13.7233134920635,1.11255793794882,1.30529060821647,0.308243058121804,71.9456925680934
13.7234126984127,1.1124661960919,1.30521280338598,0.308095650935401,71.9463543270141
13.7235119047619,1.11237446349227,1.30513499291158,0.307948314384577,71.9470160196716
13.7236111111111,1.11228274014832,1.30505717679931,0.307801048435468,71.9476776460776
13.7237103174603,1.11219102605843,1.30497935505519,0.307653853054207,71.9483392062445
13.7238095238095,1.11209932122097,1.30490152768528,0.307506728206957,71.949000700184
13.7239087301587,1.11200762563433,1.3048236946956,0.307359673859878,71.9496621279084
13.7240079365079,1.11191593929689,1.30474585609217,0.307212689979158,71.9503234894295
13.7241071428571,1.11182426220703,1.30466801188102,0.30706577653098,71.9509847847596
13.7242063492063,1.11173259436315,1.30459016206817,0.306918933481559,71.9516460139105
13.7243055555556,1.11164093576361,1.30451230665964,0.306772160797106,71.9523071768943
13.7244047619048,1.11154928640682,1.30443444566146,0.306625458443858,71.952968273723
13.724503968254,1.11145764629115,1.30435657907963,0.306478826388053,71.9536293044086
13.7246031746032,1.11136601541499,1.30427870692016,0.306332264595954,71.9542902689632
13.7247023809524,1.11127439377673,1.30420082918907,0.306185773033824,71.9549511673988
13.7248015873016,1.11118278137476,1.30412294589236,0.306039351667948,71.9556119997273
13.7249007936508,1.11109117820747,1.30404505703604,0.305893000464625,71.9562727659607
13.725,1.11099958427325,1.30396716262611,0.305746719390155,71.9569334661111
13.7250992063492,1.11090799957049,1.30388926266857,0.305600508410866,71.9575941001904
13.7251984126984,1.11081642409757,1.30381135716941,0.305454367493084,71.9582546682107
13.7252976190476,1.1107248578529,1.30373344613463,0.305308296603163,71.9589151701839
13.7253968253968,1.11063330083486,1.30365552957022,0.305162295707454,71.959575606122
13.725496031746,1.11054175304185,1.30357760748217,0.305016364772335,71.960235976037
13.7255952380952,1.11045021447227,1.30349967987646,0.304870503764185,71.9608962799409
13.7256944444444,1.1103586851245,1.30342174675909,0.304724712649407,71.9615565178455
13.7257936507937,1.11026716499695,1.30334380813602,0.304578991394403,71.962216689763
13.7258928571429,1.11017565408801,1.30326586401324,0.304433339965605,71.9628767957052
13.7259920634921,1.11008415239608,1.30318791439673,0.304287758329439,71.9635368356842
13.7260912698413,1.10999265991955,1.30310995929245,0.304142246452363,71.9641968097119
13.7261904761905,1.10990117665683,1.30303199870638,0.303996804300828,71.9648567178002
13.7262896825397,1.10980970260631,1.30295403264448,0.303851431841313,71.9655165599611
13.7263888888889,1.1097182377664,1.30287606111273,0.303706129040308,71.9661763362065
13.7264880952381,1.10962678213549,1.30279808411709,0.303560895864305,71.9668360465485
13.7265873015873,1.10953533571199,1.30272010166351,0.303415732279823,71.9674956909988
13.7266865079365,1.1094438984943,1.30264211375795,0.30327063825338,71.9681552695695
13.7267857142857,1.10935247048083,1.30256412040637,0.303125613751521,71.9688147822725
13.7268849206349,1.10926105166997,1.30248612161472,0.302980658740788,71.9694742291198
13.7269841269841,1.10916964206013,1.30240811738895,0.302835773187753,71.9701336101232
13.7270833333333,1.10907824164972,1.30233010773501,0.302690957058983,71.9707929252947
13.7271825396825,1.10898685043715,1.30225209265884,0.302546210321076,71.9714521746462
13.7272817460317,1.10889546842081,1.30217407216639,0.302401532940624,71.9721113581896
13.727380952381,1.10880409559912,1.30209604626359,0.302256924884251,71.9727704759368
13.7274801587302,1.10871273197049,1.30201801495638,0.302112386118574,71.9734295278998
13.7275793650794,1.10862137753332,1.3019399782507,0.301967916610242,71.9740885140904
13.7276785714286,1.10853003228603,1.30186193615248,0.3018235163259,71.9747474345206
13.7277777777778,1.10843869622703,1.30178388866765,0.301679185232217,71.9754062892022
13.727876984127,1.10834736935472,1.30170583580213,0.301534923295874,71.9760650781472
13.7279761904762,1.10825605166752,1.30162777756185,0.301390730483555,71.9767238013674
13.7280753968254,1.10816474316384,1.30154971395273,0.301246606761971,71.9773824588747
13.7281746031746,1.1080734438421,1.30147164498069,0.301102552097832,71.978041050681
13.7282738095238,1.1079821537007,1.30139357065165,0.300958566457873,71.9786995767982
13.728373015873,1.10789087273807,1.30131549097151,0.300814649808829,71.9793580372382
13.7284722222222,1.10779960095263,1.3012374059462,0.300670802117463,71.9800164320128
13.7285714285714,1.10770833834277,1.30115931558161,0.300527023350535,71.980674761134
13.7286706349206,1.10761708490693,1.30108121988367,0.300383313474832,71.9813330246135
13.7287698412698,1.10752584064352,1.30100311885825,0.300239672457139,71.9819912224633
13.728869047619,1.10743460555097,1.30092501251128,0.300096100264271,71.9826493546952
13.7289682539683,1.10734337962768,1.30084690084865,0.299952596863038,71.983307421321
13.7290674603175,1.10725216287208,1.30076878387625,0.29980916222028,71.9839654223527
13.7291666666667,1.10716095528259,1.30069066159998,0.299665796302832,71.984623357802
13.7292658730159,1.10706975685763,1.30061253402572,0.299522499077555,71.9852812276809
13.7293650793651,1.10697856759563,1.30053440115938,0.299379270511324,71.9859390320011
13.7294642857143,1.106887387495,1.30045626300682,0.299236110571013,71.9865967707745
13.7295634920635,1.10679621655418,1.30037811957393,0.299093019223524,71.9872544440129
13.7296626984127,1.10670505477158,1.3002999708666,0.298949996435758,71.9879120517282
13.7297619047619,1.10661390214563,1.3002218168907,0.298807042174644,71.9885695939322
13.7298611111111,1.10652275867476,1.30014365765211,0.298664156407108,71.9892270706367
13.7299603174603,1.10643162435739,1.30006549315669,0.298521339100102,71.9898844818536
13.7300595238095,1.10634049919195,1.29998732341032,0.29837859022058,71.9905418275946
13.7301587301587,1.10624938317687,1.29990914841887,0.29823590973552,71.9911991078716
13.7302579365079,1.10615827631058,1.2998309681882,0.298093297611899,71.9918563226964
13.7303571428571,1.1060671785915,1.29975278272418,0.297950753816723,71.9925134720807
13.7304563492063,1.10597609001807,1.29967459203265,0.297808278316993,71.9931705560365
13.7305555555556,1.10588501058873,1.29959639611948,0.297665871079742,71.9938275745755
13.7306547619048,1.10579394030189,1.29951819499053,0.297523532071996,71.9944845277095
13.730753968254,1.10570287915599,1.29943998865164,0.297381261260807,71.9951414154503
13.7308531746032,1.10561182714947,1.29936177710867,0.297239058613242,71.9957982378096
13.7309523809524,1.10552078428076,1.29928356036745,0.297096924096367,71.9964549947994
13.7310515873016,1.1054297505483,1.29920533843385,0.296954857677275,71.9971116864313
13.7311507936508,1.10533872595052,1.29912711131368,0.296812859323059,71.9977683127171
13.73125,1.10524771048585,1.2990488790128,0.296670929000839,71.9984248736686
13.7313492063492,1.10515670415274,1.29897064153705,0.296529066677733,71.9990813692977
13.7314484126984,1.10506570694962,1.29889239889225,0.296387272320885,71.9997377996159
13.7315476190476,1.10497471887493,1.29881415108423,0.296245545897439,72.0003941646353
13.7316468253968,1.10488373992711,1.29873589811883,0.296103887374566,72.0010504643673
13.731746031746,1.1047927701046,1.29865764000187,0.295962296719435,72.001706698824
13.7318452380952,1.10470180940584,1.29857937673917,0.295820773899243,72.0023628680169
13.7319444444444,1.10461085782926,1.29850110833655,0.295679318881182,72.0030189719579
13.7320436507936,1.10451991537333,1.29842283479984,0.295537931632476,72.0036750106587
13.7321428571429,1.10442898203646,1.29834455613485,0.295396612120344,72.004330984131
13.7322420634921,1.10433805781712,1.29826627234738,0.295255360312031,72.0049868923866
13.7323412698413,1.10424714271374,1.29818798344326,0.295114176174792,72.0056427354372
13.7324404761905,1.10415623672477,1.29810968942829,0.294973059675886,72.0062985132947
13.7325396825397,1.10406533984865,1.29803139030827,0.294832010782599,72.0069542259705
13.7326388888889,1.10397445208384,1.29795308608901,0.294691029462214,72.0076098734766
13.7327380952381,1.10388357342877,1.2978747767763,0.294550115682043,72.0082654558247
13.7328373015873,1.1037927038819,1.29779646237595,0.294409269409395,72.0089209730264
13.7329365079365,1.10370184344168,1.29771814289374,0.294268490611607,72.0095764250935
13.7330357142857,1.10361099210654,1.29763981833548,0.294127779256014,72.0102318120377
13.7331349206349,1.10352014987496,1.29756148870695,0.293987135309979,72.0108871338707
13.7332341269841,1.10342931674537,1.29748315401394,0.293846558740861,72.0115423906042
13.7333333333333,1.10333849271622,1.29740481426223,0.293706049516048,72.0121975822499
13.7334325396825,1.10324767778598,1.2973264694576,0.293565607602927,72.0128527088195
13.7335317460317,1.10315687195309,1.29724811960583,0.293425232968912,72.0135077703248
13.733630952381,1.103066075216,1.29716976471271,0.293284925581413,72.0141627667773
13.7337301587302,1.10297528757317,1.297091404784,0.293144685407865,72.0148176981889
13.7338293650794,1.10288450902307,1.29701303982548,0.293004512415718,72.0154725645711
13.7339285714286,1.10279373956413,1.29693466984291,0.292864406572421,72.0161273659357
13.7340277777778,1.10270297919482,1.29685629484206,0.292724367845451,72.0167821022943
13.734126984127,1.1026122279136,1.2967779148287,0.292584396202284,72.0174367736586
13.7342261904762,1.10252148571893,1.29669952980859,0.292444491610422,72.0180913800403
13.7343253968254,1.10243075260925,1.29662113978747,0.292304654037367,72.0187459214511
13.7344246031746,1.10234002858305,1.29654274477113,0.292164883450647,72.0194003979026
13.7345238095238,1.10224931363876,1.29646434476529,0.292025179817788,72.0200548094065
13.734623015873,1.10215860777486,1.29638593977572,0.291885543106344,72.0207091559744
13.7347222222222,1.10206791098981,1.29630752980816,0.291745973283867,72.021363437618
13.7348214285714,1.10197722328207,1.29622911486837,0.291606470317938,72.022017654349
13.7349206349206,1.1018865446501,1.29615069496207,0.291467034176133,72.0226718061789
13.7350198412698,1.10179587509237,1.29607227009502,0.291327664826057,72.0233258931195
13.735119047619,1.10170521460733,1.29599384027295,0.291188362235314,72.0239799151823
13.7352182539683,1.10161456319347,1.29591540550159,0.29104912637153,72.0246338723791
13.7353174603175,1.10152392084924,1.29583696578669,0.290909957202346,72.0252877647214
13.7354166666667,1.10143328757311,1.29575852113396,0.290770854695402,72.0259415922209
13.7355158730159,1.10134266336355,1.29568007154914,0.290631818818368,72.0265953548891
13.7356150793651,1.10125204821903,1.29560161703795,0.29049284953891,72.0272490527378
13.7357142857143,1.10116144213801,1.29552315760612,0.290353946824723,72.0279026857786
13.7358134920635,1.10107084511897,1.29544469325936,0.2902151106435,72.028556254023
13.7359126984127,1.10098025716038,1.29536622400339,0.29007634096296,72.0292097574827
13.7360119047619,1.10088967826071,1.29528774984393,0.289937637750822,72.0298631961692
13.7361111111111,1.10079910841842,1.29520927078668,0.289799000974831,72.0305165700942
13.7362103174603,1.100708547632,1.29513078683736,0.28966043060273,72.0311698792694
13.7363095238095,1.10061799589992,1.29505229800168,0.289521926602291,72.0318231237062
13.7364087301587,1.10052745322065,1.29497380428533,0.289383488941283,72.0324763034163
13.7365079365079,1.10043691959267,1.29489530569403,0.289245117587503,72.0331294184112
13.7366071428571,1.10034639501444,1.29481680223346,0.289106812508744,72.0337824687027
13.7367063492064,1.10025587948446,1.29473829390933,0.288968573672827,72.0344354543021
13.7368055555556,1.1001653730012,1.29465978072733,0.288830401047582,72.0350883752212
13.7369047619048,1.10007487556312,1.29458126269315,0.288692294600841,72.0357412314715
13.737003968254,1.09998438716873,1.29450273981249,0.288554254300466,72.0363940230645
13.7371031746032,1.09989390781648,1.29442421209101,0.288416280114315,72.037046750012
13.7372023809524,1.09980343750487,1.29434567953442,0.288278372010274,72.0376994123253
13.7373015873016,1.09971297623237,1.29426714214839,0.288140529956227,72.0383520100161
13.7374007936508,1.09962252399747,1.2941885999386,0.288002753920087,72.0390045430959
13.7375,1.09953208079865,1.29411005291072,0.287865043869761,72.0396570115763
13.7375992063492,1.09944164663439,1.29403150107043,0.287727399773188,72.0403094154689
13.7376984126984,1.09935122150317,1.2939529444234,0.287589821598302,72.0409617547851
13.7377976190476,1.09926080540348,1.2938743829753,0.287452309313067,72.0416140295366
13.7378968253968,1.09917039833381,1.29379581673179,0.287314862885443,72.0422662397349
13.737996031746,1.09908000029264,1.29371724569854,0.287177482283419,72.0429183853915
13.7380952380952,1.09898961127846,1.2936386698812,0.28704016747498,72.043570466518
13.7381944444444,1.09889923128975,1.29356008928544,0.286902918428136,72.0442224831258
13.7382936507937,1.09880886032501,1.2934815039169,0.286765735110911,72.0448744352266
13.7383928571429,1.09871849838273,1.29340291378125,0.286628617491329,72.0455263228318
13.7384920634921,1.09862814546138,1.29332431888413,0.286491565537443,72.0461781459529
13.7385912698413,1.09853780155947,1.29324571923118,0.286354579217301,72.0468299046016
13.7386904761905,1.09844746667549,1.29316711482806,0.286217658498983,72.0474815987892
13.7387896825397,1.09835714080792,1.29308850568041,0.286080803350563,72.0481332285274
13.7388888888889,1.09826682395526,1.29300989179386,0.285944013740144,72.0487847938275
13.7389880952381,1.098176516116,1.29293127317406,0.285807289635829,72.0494362947012
13.7390873015873,1.09808621728864,1.29285264982663,0.285670631005745,72.0500877311599
13.7391865079365,1.09799592747168,1.29277402175721,0.28553403781802,72.0507391032151
13.7392857142857,1.0979056466636,1.29269538897143,0.285397510040807,72.0513904108783
13.7393849206349,1.0978153748629,1.29261675147492,0.28526104764226,72.052041654161
13.7394841269841,1.09772511206809,1.29253810927329,0.285124650590557,72.0526928330747
13.7395833333333,1.09763485827766,1.29245946237217,0.284988318853876,72.0533439476308
13.7396825396825,1.0975446134901,1.29238081077719,0.28485205240042,72.0539949978409
13.7397817460317,1.09745437770393,1.29230215449395,0.284715851198403,72.0546459837165
13.739880952381,1.09736415091762,1.29222349352807,0.28457971521604,72.0552969052689
13.7399801587302,1.0972739331297,1.29214482788516,0.284443644421576,72.0559477625096
13.7400793650794,1.09718372433866,1.29206615757083,0.284307638783252,72.0565985554503
13.7401785714286,1.097093524543,1.29198748259069,0.284171698269338,72.0572492841021
13.7402777777778,1.09700333374122,1.29190880295033,0.2840358228481,72.0578999484768
13.740376984127,1.09691315193183,1.29183011865537,0.283900012487834,72.0585505485856
13.7404761904762,1.09682297911334,1.29175142971139,0.283764267156831,72.0592010844401
13.7405753968254,1.09673281528424,1.291672736124,0.283628586823414,72.0598515560517
13.7406746031746,1.09664266044305,1.29159403789878,0.283492971455899,72.0605019634319
13.7407738095238,1.09655251458827,1.29151533504133,0.283357421022632,72.061152306592
13.740873015873,1.0964623777184,1.29143662755724,0.283221935491958,72.0618025855436
13.7409722222222,1.09637224983197,1.29135791545208,0.283086514832248,72.062452800298
13.7410714285714,1.09628213092747,1.29127919873145,0.282951159011872,72.0631029508667
13.7411706349206,1.09619202100341,1.29120047740093,0.282815867999222,72.0637530372612
13.7412698412698,1.09610192005831,1.29112175146608,0.282680641762704,72.0644030594927
13.741369047619,1.09601182809067,1.29104302093249,0.282545480270727,72.0650530175728
13.7414682539683,1.09592174509902,1.29096428580574,0.282410383491725,72.0657029115129
13.7415674603175,1.09583167108185,1.29088554609137,0.282275351394133,72.0663527413244
13.7416666666667,1.09574160603769,1.29080680179498,0.282140383946409,72.0670025070187
13.7417658730159,1.09565154996504,1.29072805292211,0.282005481117015,72.0676522086072
13.7418650793651,1.09556150286243,1.29064929947834,0.281870642874435,72.0683018461013
13.7419642857143,1.09547146472837,1.29057054146921,0.281735869187154,72.0689514195124
13.7420634920635,1.09538143556137,1.2904917789003,0.281601160023684,72.0696009288519
13.7421626984127,1.09529141535995,1.29041301177715,0.281466515352535,72.0702503741312
13.7422619047619,1.09520140412263,1.29033424010532,0.281331935142244,72.0708997553617
13.7423611111111,1.09511140184793,1.29025546389034,0.281197419361347,72.0715490725547
13.7424603174603,1.09502140853437,1.29017668313778,0.281062967978407,72.0721983257217
13.7425595238095,1.09493142418046,1.29009789785317,0.280928580961984,72.072847514874
13.7426587301587,1.09484144878472,1.29001910804206,0.280794258280664,72.0734966400231
13.7427579365079,1.09475148234569,1.28994031370998,0.280659999903045,72.0741457011801
13.7428571428571,1.09466152486188,1.28986151486247,0.280525805797724,72.0747946983567
13.7429563492063,1.09457157633181,1.28978271150507,0.28039167593333,72.075443631564
13.7430555555556,1.09448163675401,1.2897039036433,0.280257610278487,72.0760925008135
13.7431547619048,1.09439170612699,1.28962509128269,0.280123608801848,72.0767413061165
13.743253968254,1.0943017844493,1.28954627442878,0.279989671472062,72.0773900474844
13.7433531746032,1.09421187171944,1.28946745308708,0.279855798257808,72.0780387249285
13.7434523809524,1.09412196793596,1.2893886272631,0.279721989127762,72.0786873384601
13.7435515873016,1.09403207309737,1.28930979696239,0.279588244050628,72.0793358880907
13.7436507936508,1.0939421872022,1.28923096219043,0.279454562995105,72.0799843738316
13.74375,1.09385231024899,1.28915212295276,0.279320945929925,72.080632795694
13.7438492063492,1.09376244223625,1.28907327925488,0.279187392823813,72.0812811536893
13.7439484126984,1.09367258316253,1.2889944311023,0.279053903645525,72.0819294478289
13.7440476190476,1.09358273302635,1.28891557850051,0.278920478363812,72.0825776781241
13.7441468253968,1.09349289182625,1.28883672145504,0.278787116947452,72.0832258445862
13.744246031746,1.09340305956075,1.28875785997137,0.278653819365233,72.0838739472264
13.7443452380952,1.09331323622839,1.288678994055,0.278520585585946,72.0845219860563
13.7444444444444,1.09322342182771,1.28860012371143,0.27838741557841,72.0851699610869
13.7445436507937,1.09313361635723,1.28852124894615,0.278254309311442,72.0858178723297
13.7446428571429,1.09304381981549,1.28844236976465,0.278121266753884,72.086465719796
13.7447420634921,1.09295403220104,1.28836348617241,0.277988287874579,72.087113503497
13.7448412698413,1.0928642535124,1.28828459817493,0.277855372642397,72.087761223444
13.7449404761905,1.09277448374812,1.28820570577768,0.277722521026205,72.0884088796484
13.7450396825397,1.09268472290672,1.28812680898614,0.277589732994898,72.0890564721215
13.7451388888889,1.09259497098676,1.28804790780579,0.277457008517369,72.0897040008744
13.7452380952381,1.09250522798677,1.28796900224211,0.277324347562539,72.0903514659186
13.7453373015873,1.09241549390529,1.28789009230056,0.277191750099326,72.0909988672653
13.7454365079365,1.09232576874086,1.28781117798661,0.277059216096677,72.0916462049257
13.7455357142857,1.09223605249202,1.28773225930573,0.276926745523536,72.0922934789112
13.7456349206349,1.09214634515732,1.28765333626338,0.27679433834887,72.0929406892329
13.7457341269841,1.0920566467353,1.28757440886503,0.27666199454166,72.0935878359023
13.7458333333333,1.09196695722451,1.28749547711614,0.276529714070889,72.0942349189305
13.7459325396825,1.09187727662348,1.28741654102215,0.276397496905567,72.0948819383287
13.7460317460317,1.09178760493077,1.28733760058852,0.276265343014702,72.0955288941084
13.746130952381,1.09169794214492,1.28725865582071,0.276133252367329,72.0961757862806
13.7462301587302,1.09160828826447,1.28717970672416,0.276001224932483,72.0968226148566
13.7463293650794,1.09151864328798,1.28710075330432,0.275869260679223,72.0974693798478
13.7464285714286,1.091429007214,1.28702179556663,0.275737359576609,72.0981160812653
13.7465277777778,1.09133938004107,1.28694283351653,0.275605521593728,72.0987627191204
13.746626984127,1.09124976176774,1.28686386715946,0.275473746699664,72.0994092934243
13.7467261904762,1.09116015239257,1.28678489650085,0.27534203486353,72.1000558041882
13.7468253968254,1.09107055191409,1.28670592154614,0.275210386054435,72.1007022514234
13.7469246031746,1.09098096033088,1.28662694230076,0.275078800241518,72.1013486351411
13.7470238095238,1.09089137764148,1.28654795877013,0.274947277393914,72.1019949553525
13.747123015873,1.09080180384444,1.28646897095968,0.274815817480783,72.1026412120688
13.7472222222222,1.09071223893832,1.28638997887483,0.274684420471297,72.1032874053012
13.7473214285714,1.09062268292168,1.286310982521,0.274553086334629,72.1039335350611
13.7474206349206,1.09053313579306,1.28623198190362,0.274421815039983,72.1045796013594
13.7475198412698,1.09044359755103,1.28615297702808,0.274290606556556,72.1052256042076
13.747619047619,1.09035406819414,1.28607396789982,0.274159460853577,72.1058715436167
13.7477182539683,1.09026454772095,1.28599495452422,0.274028377900271,72.1065174195979
13.7478174603175,1.09017503613003,1.28591593690671,0.273897357665889,72.1071632321625
13.7479166666667,1.09008553341992,1.28583691505269,0.273766400119683,72.1078089813217
13.7480158730159,1.08999603958919,1.28575788896755,0.273635505230932,72.1084546670865
13.7481150793651,1.0899065546364,1.2856788586567,0.27350467296891,72.1091002894683
13.7482142857143,1.08981707856012,1.28559982412554,0.273373903302922,72.1097458484782
13.7483134920635,1.08972761135889,1.28552078537945,0.273243196202271,72.1103913441273
13.7484126984127,1.0896381530313,1.28544174242383,0.273112551636284,72.1110367764269
13.7485119047619,1.0895487035759,1.28536269526407,0.272981969574289,72.111682145388
13.7486111111111,1.08945926299125,1.28528364390555,0.272851449985638,72.1123274510219
13.7487103174603,1.08936983127593,1.28520458835366,0.272720992839694,72.1129726933398
13.7488095238095,1.08928040842849,1.28512552861377,0.272590598105824,72.1136178723527
13.7489087301587,1.08919099444752,1.28504646469128,0.272460265753419,72.1142629880719
13.7490079365079,1.08910158933156,1.28496739659154,0.272329995751872,72.1149080405084
13.7491071428571,1.08901219307919,1.28488832431995,0.2721997880706,72.1155530296735
13.7492063492064,1.08892280568898,1.28480924788185,0.272069642679022,72.1161979555783
13.7493055555556,1.0888334271595,1.28473016728264,0.27193955954658,72.1168428182339
13.7494047619048,1.08874405748932,1.28465108252766,0.271809538642717,72.1174876176514
13.749503968254,1.08865469667702,1.28457199362229,0.271679579936904,72.118132353842
13.7496031746032,1.08856534472115,1.28449290057188,0.271549683398607,72.1187770268169
13.7497023809524,1.0884760016203,1.28441380338179,0.271419848997322,72.1194216365871
13.7498015873016,1.08838666737304,1.28433470205737,0.271290076702543,72.1200661831637
13.7499007936508,1.08829734197795,1.28425559660399,0.27116036648379,72.120710666558
13.75,1.08820802543359,1.28417648702698,0.271030718310582,72.1213550867809
13.7500992063492,1.08811871773854,1.2840973733317,0.270901132152462,72.1219994438437
13.7501984126984,1.08802941889139,1.28401825552349,0.270771607978986,72.1226437377573
13.7502976190476,1.08794012889071,1.28393913360769,0.27064214575971,72.123287968533
13.7503968253968,1.08785084773507,1.28386000758964,0.270512745464219,72.1239321361819
13.750496031746,1.08776157542305,1.28378087747469,0.270383407062097,72.1245762407149
13.7505952380952,1.08767231195324,1.28370174326815,0.270254130522952,72.1252202821433
13.7506944444444,1.08758305732421,1.28362260497538,0.270124915816395,72.1258642604781
13.7507936507936,1.08749381153454,1.28354346260169,0.26999576291206,72.1265081757304
13.7508928571429,1.08740457458282,1.28346431615241,0.269866671779581,72.1271520279113
13.7509920634921,1.08731534646763,1.28338516563286,0.269737642388619,72.1277958170318
13.7510912698413,1.08722612718755,1.28330601104838,0.269608674708835,72.1284395431031
13.7511904761905,1.08713691674116,1.28322685240427,0.269479768709915,72.1290832061362
13.7512896825397,1.08704771512705,1.28314768970585,0.269350924361544,72.1297268061422
13.7513888888889,1.08695852234381,1.28306852295844,0.269222141633433,72.1303703431321
13.7514880952381,1.08686933839001,1.28298935216734,0.269093420495295,72.1310138171171
13.7515873015873,1.08678016326425,1.28291017733787,0.268964760916863,72.1316572281081
13.7516865079365,1.08669099696512,1.28283099847534,0.268836162867883,72.1323005761163
13.7517857142857,1.0866018394912,1.28275181558504,0.268707626318106,72.1329438611526
13.7518849206349,1.08651269084108,1.28267262867228,0.268579151237307,72.1335870832282
13.7519841269841,1.08642355101335,1.28259343774234,0.268450737595261,72.134230242354
13.7520833333333,1.08633442000661,1.28251424280055,0.268322385361768,72.1348733385412
13.7521825396825,1.08624529781943,1.28243504385217,0.26819409450663,72.1355163718007
13.7522817460317,1.08615618445042,1.28235584090251,0.268065864999674,72.1361593421436
13.752380952381,1.08606707989816,1.28227663395685,0.267937696810725,72.136802249581
13.7524801587302,1.08597798416125,1.28219742302047,0.267809589909635,72.1374450941238
13.7525793650794,1.08588889723829,1.28211820809867,0.267681544266257,72.1380878757831
13.7526785714286,1.08579981912787,1.28203898919671,0.267553559850468,72.1387305945699
13.7527777777778,1.08571074982858,1.28195976631988,0.267425636632145,72.1393732504952
13.752876984127,1.08562168933902,1.28188053947346,0.267297774581192,72.14001584357
13.7529761904762,1.08553263765778,1.28180130866271,0.267169973667511,72.1406583738054
13.7530753968254,1.08544359478347,1.2817220738929,0.267042233861028,72.1413008412123
13.7531746031746,1.08535456071469,1.2816428351693,0.266914555131682,72.1419432458018
13.7532738095238,1.08526553545002,1.28156359249718,0.266786937449412,72.1425855875848
13.753373015873,1.08517651898808,1.2814843458818,0.266659380784187,72.1432278665724
13.7534722222222,1.08508751132746,1.28140509532842,0.266531885105973,72.1438700827755
13.7535714285714,1.08499851246676,1.28132584084229,0.266404450384763,72.1445122362052
13.7536706349206,1.08490952240459,1.28124658242867,0.266277076590549,72.1451543268724
13.7537698412698,1.08482054113955,1.28116732009281,0.266149763693349,72.145796354788
13.753869047619,1.08473156867024,1.28108805383995,0.26602251166318,72.1464383199632
13.7539682539683,1.08464260499527,1.28100878367536,0.265895320470088,72.1470802224088
13.7540674603175,1.08455365011324,1.28092950960426,0.265768190084114,72.1477220621359
13.7541666666667,1.08446470402275,1.28085023163191,0.265641120475329,72.1483638391553
13.7542658730159,1.08437576672242,1.28077094976353,0.265514111613801,72.1490055534781
13.7543650793651,1.08428683821085,1.28069166400438,0.265387163469625,72.1496472051152
13.7544642857143,1.08419791848665,1.28061237435967,0.265260276012895,72.1502887940776
13.7545634920635,1.08410900754843,1.28053308083464,0.265133449213728,72.1509303203763
13.7546626984127,1.08402010539479,1.28045378343452,0.265006683042255,72.1515717840221
13.7547619047619,1.08393121202435,1.28037448216453,0.264879977468608,72.1522131850261
13.7548611111111,1.08384232743572,1.28029517702991,0.264753332462945,72.1528545233992
13.7549603174603,1.08375345162751,1.28021586803586,0.264626747995426,72.1534957991522
13.7550595238095,1.08366458459833,1.28013655518761,0.264500224036233,72.1541370122963
13.7551587301587,1.08357572634679,1.28005723849037,0.264373760555552,72.1547781628422
13.7552579365079,1.08348687687152,1.27997791794935,0.264247357523591,72.1554192508009
13.7553571428571,1.08339803617111,1.27989859356977,0.26412101491056,72.1560602761834
13.7554563492063,1.0833092042442,1.27981926535684,0.263994732686695,72.1567012390006
13.7555555555556,1.08322038108939,1.27973993331575,0.26386851082223,72.1573421392633
13.7556547619048,1.0831315667053,1.27966059745171,0.263742349287426,72.1579829769826
13.755753968254,1.08304276109054,1.27958125776992,0.263616248052544,72.1586237521693
13.7558531746032,1.08295396424375,1.27950191427559,0.26349020708787,72.1592644648343
13.7559523809524,1.08286517616353,1.27942256697389,0.26336422636369,72.1599051149886
13.7560515873016,1.08277639684851,1.27934321587002,0.263238305850312,72.160545702643
13.7561507936508,1.0826876262973,1.27926386096919,0.263112445518059,72.1611862278084
13.75625,1.08259886450853,1.27918450227656,0.262986645337253,72.1618266904958
13.7563492063492,1.08251011148082,1.27910513979733,0.262860905278247,72.1624670907159
13.7564484126984,1.08242136721279,1.27902577353668,0.262735225311389,72.1631074284798
13.7565476190476,1.08233263170307,1.27894640349979,0.262609605407055,72.1637477037983
13.7566468253968,1.08224390495027,1.27886702969182,0.262484045535621,72.1643879166823
13.756746031746,1.08215518695303,1.27878765211797,0.262358545667488,72.1650280671426
13.7568452380952,1.08206647770997,1.27870827078339,0.262233105773057,72.1656681551902
13.7569444444444,1.08197777721971,1.27862888569327,0.262107725822754,72.1663081808358
13.7570436507937,1.08188908548088,1.27854949685276,0.261982405787007,72.1669481440905
13.7571428571429,1.08180040249212,1.27847010426702,0.261857145636268,72.1675880449649
13.7572420634921,1.08171172825204,1.27839070794123,0.261731945340989,72.1682278834701
13.7573412698413,1.08162306275929,1.27831130788053,0.261606804871647,72.1688676596167
13.7574404761905,1.08153440601248,1.27823190409009,0.261481724198721,72.1695073734158
13.7575396825397,1.08144575801024,1.27815249657505,0.26135670329271,72.1701470248782
13.7576388888889,1.08135711875122,1.27807308534057,0.261231742124128,72.1707866140146
13.7577380952381,1.08126848823404,1.2779936703918,0.26110684066349,72.171426140836
13.7578373015873,1.08117986645734,1.27791425173388,0.260981998881339,72.1720656053532
13.7579365079365,1.08109125341974,1.27783482937196,0.260857216748215,72.172705007577
13.7580357142857,1.08100264911989,1.27775540331117,0.260732494234686,72.1733443475182
13.7581349206349,1.08091405355642,1.27767597355665,0.260607831311319,72.1739836251877
13.7582341269841,1.08082546672796,1.27759654011354,0.260483227948708,72.1746228405963
13.7583333333333,1.08073688863315,1.27751710298698,0.260358684117444,72.1752619937548
13.7584325396825,1.08064831927063,1.27743766218208,0.260234199788145,72.1759010846741
13.7585317460317,1.08055975863903,1.27735821770398,0.260109774931431,72.1765401133649
13.758630952381,1.080471206737,1.27727876955781,0.259985409517945,72.1771790798381
13.7587301587302,1.08038266356317,1.27719931774868,0.259861103518331,72.1778179841045
13.7588293650794,1.08029412911619,1.27711986228172,0.259736856903257,72.1784568261749
13.7589285714286,1.08020560339469,1.27704040316205,0.259612669643395,72.17909560606
13.7590277777778,1.08011708639731,1.27696094039476,0.259488541709434,72.1797343237707
13.759126984127,1.08002857812271,1.27688147398499,0.25936447307208,72.1803729793178
13.7592261904762,1.07994007856952,1.27680200393784,0.25924046370204,72.181011572712
13.7593253968254,1.07985158773639,1.27672253025842,0.259116513570048,72.1816501039642
13.7594246031746,1.07976310562195,1.27664305295182,0.258992622646836,72.1822885730852
13.7595238095238,1.07967463222487,1.27656357202316,0.258868790903164,72.1829269800856
13.759623015873,1.07958616754377,1.27648408747752,0.258745018309791,72.1835653249763
13.7597222222222,1.07949771157732,1.27640459932002,0.2586213048375,72.1842036077681
13.7598214285714,1.07940926432415,1.27632510755573,0.258497650457075,72.1848418284717
13.7599206349206,1.07932082578292,1.27624561218976,0.258374055139328,72.1854799870979
13.7600198412698,1.07923239595227,1.27616611322719,0.258250518855066,72.1861180836575
13.760119047619,1.07914397483085,1.27608661067311,0.258127041575127,72.1867561181612
13.7602182539683,1.07905556241732,1.27600710453259,0.258003623270345,72.1873940906198
13.7603174603175,1.07896715871032,1.27592759481073,0.257880263911582,72.188032001044
13.7604166666667,1.07887876370851,1.2758480815126,0.257756963469697,72.1886698494445
13.7605158730159,1.07879037741054,1.27576856464327,0.257633721915575,72.1893076358322
13.7606150793651,1.07870199981507,1.27568904420783,0.257510539220112,72.1899453602177
13.7607142857143,1.07861363092074,1.27560952021133,0.257387415354206,72.1905830226119
13.7608134920635,1.07852527072622,1.27552999265886,0.257264350288783,72.1912206230254
13.7609126984127,1.07843691923015,1.27545046155546,0.257141343994767,72.1918581614689
13.7610119047619,1.0783485764312,1.27537092690621,0.257018396443109,72.1924956379532
13.7611111111111,1.07826024232802,1.27529138871617,0.256895507604759,72.193133052489
13.7612103174603,1.07817191691927,1.27521184699039,0.256772677450693,72.1937704050871
13.7613095238095,1.07808360020361,1.27513230173393,0.256649905951886,72.1944076957581
13.7614087301587,1.0779952921797,1.27505275295185,0.256527193079341,72.1950449245128
13.7615079365079,1.07790699284619,1.27497320064918,0.256404538804059,72.1956820913619
13.7616071428571,1.07781870220175,1.27489364483099,0.256281943097066,72.196319196316
13.7617063492063,1.07773042024504,1.2748140855023,0.256159405929389,72.1969562393859
13.7618055555556,1.07764214697472,1.27473452266818,0.256036927272082,72.1975932205823
13.7619047619048,1.07755388238946,1.27465495633365,0.255914507096196,72.1982301399159
13.762003968254,1.07746562648791,1.27457538650375,0.255792145372807,72.1988669973973
13.7621031746032,1.07737737926875,1.27449581318352,0.255669842073002,72.1995037930374
13.7622023809524,1.07728914073064,1.27441623637798,0.255547597167872,72.2001405268466
13.7623015873016,1.07720091087224,1.27433665609218,0.255425410628533,72.2007771988358
13.7624007936508,1.07711268969222,1.27425707233113,0.255303282426101,72.2014138090156
13.7625,1.07702447718925,1.27417748509986,0.25518121253172,72.2020503573966
13.7625992063492,1.076936273362,1.27409789440339,0.255059200916529,72.2026868439896
13.7626984126984,1.07684807820913,1.27401830024673,0.254937247551698,72.2033232688053
13.7627976190476,1.07675989172932,1.27393870263492,0.254815352408393,72.2039596318542
13.7628968253968,1.07667171392123,1.27385910157295,0.254693515457808,72.204595933147
13.762996031746,1.07658354478353,1.27377949706584,0.254571736671135,72.2052321726945
13.7630952380952,1.07649538431491,1.2736998891186,0.254450016019593,72.2058683505072
13.7631944444444,1.07640723251402,1.27362027773624,0.2543283534744,72.2065044665959
13.7632936507936,1.07631908937955,1.27354066292375,0.254206749006801,72.207140520971
13.7633928571429,1.07623095491017,1.27346104468614,0.25408520258804,72.2077765136434
13.7634920634921,1.07614282910454,1.27338142302841,0.253963714189382,72.2084124446236
13.7635912698413,1.07605471196136,1.27330179795556,0.253842283782109,72.2090483139223
13.7636904761905,1.07596660347929,1.27322216947256,0.253720911337501,72.2096841215501
13.7637896825397,1.07587850365701,1.27314253758443,0.253599596826866,72.2103198675176
13.7638888888889,1.07579041249319,1.27306290229613,0.253478340221514,72.2109555518355
13.7639880952381,1.07570232998653,1.27298326361267,0.253357141492776,72.2115911745144
13.7640873015873,1.07561425613569,1.27290362153902,0.253236000611987,72.2122267355648
13.7641865079365,1.07552619093935,1.27282397608016,0.253114917550506,72.2128622349975
13.7642857142857,1.0754381343962,1.27274432724107,0.252993892279691,72.213497672823
13.7643849206349,1.07535008650493,1.27266467502673,0.252872924770928,72.214133049052
13.7644841269841,1.07526204726419,1.2725850194421,0.252752014995601,72.214768363695
13.7645833333333,1.0751740166727,1.27250536049215,0.25263116292512,72.2154036167626
13.7646825396825,1.07508599472911,1.27242569818186,0.252510368530895,72.2160388082655
13.7647817460317,1.07499798143213,1.2723460325162,0.252389631784362,72.2166739382142
13.764880952381,1.07490997678043,1.2722663635001,0.252268952656956,72.2173090066193
13.7649801587302,1.0748219807727,1.27218669113855,0.252148331120135,72.2179440134915
13.7650793650794,1.07473399340763,1.2721070154365,0.252027767145372,72.2185789588413
13.7651785714286,1.07464601468391,1.27202733639889,0.251907260704138,72.2192138426792
13.7652777777778,1.07455804460021,1.27194765403069,0.251786811767934,72.2198486650159
13.765376984127,1.07447008315524,1.27186796833684,0.25166642030826,72.2204834258619
13.7654761904762,1.07438213034768,1.27178827932229,0.25154608629664,72.2211181252278
13.7655753968254,1.07429418617622,1.27170858699198,0.251425809704599,72.2217527631242
13.7656746031746,1.07420625063955,1.27162889135085,0.251305590503689,72.2223873395616
13.7657738095238,1.07411832373636,1.27154919240384,0.251185428665459,72.2230218545507
13.765873015873,1.07403040546535,1.2714694901559,0.251065324161486,72.2236563081018
13.7659722222222,1.0739424958252,1.27138978461194,0.250945276963346,72.2242907002257
13.7660714285714,1.07385459481462,1.2713100757769,0.250825287042641,72.2249250309327
13.7661706349206,1.0737667024323,1.27123036365572,0.250705354370973,72.2255593002336
13.7662698412698,1.07367881867692,1.27115064825331,0.250585478919968,72.2261935081388
13.766369047619,1.0735909435472,1.2710709295746,0.250465660661254,72.2268276546589
13.7664682539683,1.07350307704181,1.27099120762451,0.250345899566481,72.2274617398044
13.7665674603175,1.07341521915948,1.27091148240796,0.250226195607311,72.2280957635858
13.7666666666667,1.07332736989888,1.27083175392987,0.250106548755409,72.2287297260137
13.7667658730159,1.07323952925872,1.27075202219514,0.249986958982467,72.2293636270986
13.7668650793651,1.07315169723769,1.27067228720868,0.249867426260176,72.229997466851
13.7669642857143,1.07306387383451,1.27059254897541,0.249747950560252,72.2306312452814
13.7670634920635,1.07297605904787,1.27051280750023,0.249628531854412,72.2312649624004
13.7671626984127,1.07288825287647,1.27043306278805,0.249509170114398,72.2318986182184
13.7672619047619,1.07280045531901,1.27035331484375,0.249389865311953,72.232532212746
13.7673611111111,1.07271266637421,1.27027356367224,0.249270617418844,72.2331657459937
13.7674603174603,1.07262488604075,1.27019380927842,0.249151426406839,72.2337992179719
13.7675595238095,1.07253711431735,1.27011405166717,0.249032292247731,72.2344326286911
13.7676587301587,1.07244935120272,1.27003429084339,0.248913214913313,72.235065978162
13.7677579365079,1.07236159669555,1.26995452681196,0.248794194375405,72.2356992663948
13.7678571428571,1.07227385079456,1.26987475957777,0.248675230605825,72.2363324934002
13.7679563492064,1.07218611349845,1.2697949891457,0.248556323576415,72.2369656591886
13.7680555555556,1.07209838480593,1.26971521552062,0.248437473259027,72.2375987637705
13.7681547619048,1.07201066471571,1.26963543870742,0.24831867962552,72.2382318071564
13.768253968254,1.07192295322651,1.26955565871097,0.248199942647777,72.2388647893567
13.7683531746032,1.07183525033703,1.26947587553614,0.248081262297679,72.2394977103819
13.7684523809524,1.07174755604598,1.2693960891878,0.247962638547135,72.2401305702425
13.7685515873016,1.07165987035207,1.26931629967081,0.247844071368053,72.2407633689489
13.7686507936508,1.07157219325402,1.26923650699004,0.247725560732368,72.2413961065116
13.76875,1.07148452475055,1.26915671115035,0.247607106612012,72.242028782941
13.7688492063492,1.07139686484036,1.26907691215661,0.247488708978946,72.2426613982476
13.7689484126984,1.07130921352217,1.26899711001365,0.247370367805128,72.2432939524419
13.7690476190476,1.0712215707947,1.26891730472634,0.247252083062543,72.2439264455343
13.7691468253968,1.07113393665666,1.26883749629953,0.247133854723176,72.2445588775352
13.769246031746,1.07104631110677,1.26875768473807,0.247015682759038,72.2451912484551
13.7693452380952,1.07095869414375,1.2686778700468,0.246897567142139,72.2458235583043
13.7694444444444,1.07087108576631,1.26859805223057,0.246779507844512,72.2464558070934
13.7695436507937,1.07078348597319,1.26851823129421,0.246661504838203,72.2470879948328
13.7696428571429,1.07069589476309,1.26843840724257,0.246543558095259,72.2477201215328
13.7697420634921,1.07060831213474,1.26835858008047,0.246425667587755,72.2483521872039
13.7698412698413,1.07052073808686,1.26827874981276,0.246307833287767,72.2489841918565
13.7699404761905,1.07043317261817,1.26819891644426,0.246190055167392,72.2496161355011
13.7700396825397,1.07034561572739,1.26811907997979,0.246072333198732,72.250248018148
13.7701388888889,1.07025806741326,1.2680392404242,0.245954667353911,72.2508798398076
13.7702380952381,1.07017052767449,1.26795939778228,0.245837057605056,72.2515116004904
13.7703373015873,1.0700829965098,1.26787955205888,0.245719503924316,72.2521433002067
13.7704365079365,1.06999547391794,1.2677997032588,0.245602006283843,72.252774938967
13.7705357142857,1.06990795989761,1.26771985138685,0.245484564655813,72.2534065167816
13.7706349206349,1.06982045444755,1.26763999644786,0.245367179012402,72.2540380336609
13.7707341269841,1.06973295756649,1.26756013844662,0.245249849325814,72.2546694896153
13.7708333333333,1.06964546925316,1.26748027738795,0.245132575568248,72.2553008846552
13.7709325396825,1.06955798950628,1.26740041327665,0.245015357711931,72.2559322187909
13.7710317460317,1.06947051832459,1.26732054611752,0.244898195729099,72.2565634920329
13.771130952381,1.06938305570682,1.26724067591536,0.244781089591992,72.2571947043915
13.7712301587302,1.0692956016517,1.26716080267497,0.244664039272876,72.257825855877
13.7713293650794,1.06920815615796,1.26708092640114,0.244547044744018,72.2584569464999
13.7714285714286,1.06912071922434,1.26700104709867,0.244430105977708,72.2590879762705
13.7715277777778,1.06903329084956,1.26692116477233,0.244313222946237,72.2597189451991
13.771626984127,1.06894587103238,1.26684127942693,0.244196395621924,72.2603498532961
13.7717261904762,1.06885845977151,1.26676139106723,0.244079623977084,72.2609807005719
13.7718253968254,1.0687710570657,1.26668149969802,0.24396290798406,72.2616114870368
13.7719246031746,1.06868366291368,1.26660160532409,0.243846247615195,72.2622422127012
13.7720238095238,1.0685962773142,1.2665217079502,0.243729642842857,72.2628728775753
13.772123015873,1.06850890026598,1.26644180758112,0.243613093639413,72.2635034816695
13.7722222222222,1.06842153176778,1.26636190422164,0.243496599977258,72.2641340249942
13.7723214285714,1.06833417181833,1.26628199787652,0.243380161828784,72.2647645075596
13.7724206349206,1.06824682041636,1.26620208855052,0.243263779166409,72.2653949293762
13.7725198412698,1.06815947756063,1.2661221762484,0.243147451962559,72.2660252904542
13.772619047619,1.06807214324987,1.26604226097493,0.243031180189668,72.2666555908039
13.7727182539683,1.06798481748283,1.26596234273487,0.242914963820193,72.2672858304357
13.7728174603175,1.06789750025825,1.26588242153296,0.242798802826591,72.2679160093599
13.7729166666667,1.06781019157488,1.26580249737396,0.242682697181345,72.2685461275867
13.7730158730159,1.06772289143145,1.26572257026263,0.242566646856939,72.2691761851265
13.7731150793651,1.06763559982673,1.2656426402037,0.24245065182588,72.2698061819896
13.7732142857143,1.06754831675944,1.26556270720193,0.242334712060677,72.2704361181863
13.7733134920635,1.06746104222835,1.26548277126205,0.242218827533864,72.2710659937268
13.7734126984127,1.06737377623219,1.26540283238881,0.242102998217976,72.2716958086215
13.7735119047619,1.06728651876972,1.26532289058694,0.241987224085571,72.2723255628806
13.7736111111111,1.06719926983969,1.26524294586117,0.241871505109211,72.2729552565145
13.7737103174603,1.06711202944084,1.26516299821624,0.241755841261478,72.2735848895334
13.7738095238095,1.06702479757193,1.26508304765688,0.24164023251496,72.2742144619476
13.7739087301587,1.06693757423171,1.26500309418781,0.241524678842263,72.2748439737673
13.7740079365079,1.06685035941894,1.26492313781377,0.241409180216007,72.2754734250029
13.7741071428571,1.06676315313236,1.26484317853945,0.241293736608817,72.2761028156646
13.7742063492063,1.06667595537073,1.2647632163696,0.24117834799334,72.2767321457626
13.7743055555556,1.0665887661328,1.26468325130893,0.241063014342227,72.2773614153072
13.7744047619048,1.06650158541733,1.26460328336214,0.240947735628151,72.2779906243087
13.774503968254,1.06641441322308,1.26452331253395,0.240832511823787,72.2786197727773
13.7746031746032,1.0663272495488,1.26444333882906,0.240717342901835,72.2792488607233
13.7747023809524,1.06624009439325,1.26436336225219,0.240602228834996,72.2798778881569
13.7748015873016,1.06615294775519,1.26428338280804,0.240487169595995,72.2805068550884
13.7749007936508,1.06606580963338,1.26420340050131,0.240372165157557,72.2811357615279
13.775,1.06597868002657,1.26412341533669,0.240257215492435,72.2817646074858
13.7750992063492,1.06589155893353,1.26404342731888,0.240142320573378,72.2823933929723
13.7751984126984,1.06580444635303,1.26396343645258,0.240027480373164,72.2830221179975
13.7752976190476,1.06571734228381,1.26388344274247,0.239912694864569,72.2836507825717
13.7753968253968,1.06563024671634,1.26380344619547,0.239797964026369,72.2842793867072
13.775496031746,1.06554315962611,1.26372344682232,0.239683287849286,72.2849079304196
13.7755952380952,1.0654560810103,1.26364344462769,0.239568666309542,72.285536413719
13.7756944444444,1.06536901086754,1.26356343961588,0.23945409938242,72.286164836615
13.7757936507937,1.06528194919641,1.26348343179118,0.239339587043198,72.2867931991174
13.7758928571429,1.0651948959955,1.26340342115789,0.239225129267176,72.2874215012358
13.7759920634921,1.06510785126342,1.2633234077203,0.239110726029648,72.28804974298
13.7760912698413,1.06502081499876,1.26324339148269,0.238996377305929,72.2886779243597
13.7761904761905,1.06493378720012,1.26316337244936,0.238882083071328,72.2893060453847
13.7762896825397,1.06484676786609,1.26308335062459,0.238767843301176,72.2899341060644
13.7763888888889,1.06475975699528,1.26300332601267,0.238653657970799,72.2905621064088
13.7764880952381,1.06467275458628,1.26292329861788,0.238539527055543,72.2911900464274
13.7765873015873,1.06458576063769,1.26284326844451,0.238425450530749,72.29181792613
13.7766865079365,1.06449877514811,1.26276323549683,0.238311428371781,72.2924457455262
13.7767857142857,1.06441179811615,1.26268319977913,0.238197460553995,72.2930735046258
13.7768849206349,1.06432482954039,1.26260316129567,0.238083547052766,72.2937012034383
13.7769841269841,1.06423786941944,1.26252312005075,0.237969687843476,72.2943288419736
13.7770833333333,1.06415091775191,1.26244307604863,0.237855882901506,72.2949564202412
13.7771825396825,1.06406397453639,1.26236302929359,0.237742132202259,72.2955839382509
13.7772817460317,1.06397703977148,1.26228297978989,0.23762843572113,72.2962113960124
13.777380952381,1.06389011345579,1.26220292754182,0.237514793433537,72.2968387935352
13.7774801587302,1.06380319558791,1.26212287255362,0.237401205314893,72.2974661308291
13.7775793650794,1.06371628616646,1.26204281482959,0.237287671340631,72.2980934079037
13.7776785714286,1.06362938519003,1.26196275437397,0.237174191486178,72.2987206247687
13.7777777777778,1.06354249265723,1.26188269119103,0.237060765726984,72.2993477814338
13.777876984127,1.06345560856665,1.26180262528504,0.236947394038493,72.2999748779087
13.7779761904762,1.06336873291692,1.26172255666025,0.23683407639617,72.3006019142029
13.7780753968254,1.06328186570662,1.26164248532093,0.236720812775474,72.3012288903262
13.7781746031746,1.06319500693437,1.26156241127133,0.236607603151885,72.3018558062881
13.7782738095238,1.06310815659876,1.26148233451571,0.23649444750088,72.3024826620985
13.778373015873,1.06302131469841,1.26140225505832,0.236381345797951,72.3031094577668
13.7784722222222,1.06293448123192,1.26132217290341,0.2362682980186,72.3037361933028
13.7785714285714,1.0628476561979,1.26124208805525,0.236155304138325,72.3043628687161
13.7786706349206,1.06276083959495,1.26116200051807,0.236042364132646,72.3049894840163
13.7787698412698,1.06267403142168,1.26108191029613,0.235929477977079,72.3056160392132
13.778869047619,1.0625872316767,1.26100181739367,0.235816645647159,72.3062425343162
13.7789682539683,1.06250044035862,1.26092172181493,0.235703867118416,72.3068689693351
13.7790674603175,1.06241365746604,1.26084162356417,0.235591142366403,72.3074953442795
13.7791666666667,1.06232688299758,1.26076152264563,0.235478471366666,72.3081216591591
13.7792658730159,1.06224011695183,1.26068141906354,0.235365854094771,72.3087479139834
13.7793650793651,1.06215335932742,1.26060131282214,0.235253290526282,72.3093741087621
13.7794642857143,1.06206661012295,1.26052120392567,0.235140780636781,72.3100002435048
13.7795634920635,1.06197986933703,1.26044109237837,0.235028324401847,72.3106263182211
13.7796626984127,1.06189313696827,1.26036097818447,0.234915921797078,72.3112523329207
13.7797619047619,1.06180641301529,1.2602808613482,0.234803572798068,72.3118782876133
13.7798611111111,1.06171969747668,1.2602007418738,0.234691277380428,72.3125041823082
13.7799603174603,1.06163299035108,1.2601206197655,0.234579035519777,72.3131300170154
13.7800595238095,1.06154629163708,1.26004049502752,0.234466847191734,72.3137557917442
13.7801587301587,1.0614596013333,1.25996036766409,0.234354712371936,72.3143815065044
13.7802579365079,1.06137291943835,1.25988023767944,0.234242631036017,72.3150071613055
13.7803571428571,1.06128624595085,1.25980010507779,0.23413060315963,72.3156327561572
13.7804563492064,1.0611995808694,1.25971996986336,0.234018628718425,72.316258291069
13.7805555555556,1.06111292419263,1.25963983204037,0.233906707688071,72.3168837660506
13.7806547619048,1.06102627591915,1.25955969161304,0.233794840044233,72.3175091811116
13.780753968254,1.06093963604757,1.25947954858559,0.233683025762597,72.3181345362615
13.7808531746032,1.0608530045765,1.25939940296224,0.233571264818843,72.3187598315099
13.7809523809524,1.06076638150457,1.25931925474719,0.233459557188673,72.3193850668665
13.7810515873016,1.06067976683038,1.25923910394467,0.233347902847783,72.3200102423409
13.7811507936508,1.06059316055255,1.25915895055888,0.23323630177189,72.3206353579426
13.78125,1.06050656266971,1.25907879459403,0.233124753936706,72.3212604136812
13.7813492063492,1.06041997318046,1.25899863605434,0.233013259317961,72.3218854095662
13.7814484126984,1.06033339208343,1.258918474944,0.232901817891392,72.3225103456074
13.7815476190476,1.06024681937722,1.25883831126722,0.232790429632736,72.3231352218142
13.7816468253968,1.06016025506047,1.25875814502822,0.232679094517748,72.3237600381963
13.781746031746,1.06007369913179,1.25867797623118,0.232567812522181,72.3243847947631
13.7818452380952,1.05998715158979,1.25859780488031,0.232456583621806,72.3250094915244
13.7819444444444,1.05990061243309,1.2585176309798,0.232345407792391,72.3256341284896
13.7820436507936,1.05981408166033,1.25843745453387,0.232234285009723,72.3262587056683
13.7821428571429,1.0597275592701,1.25835727554669,0.232123215249587,72.3268832230701
13.7822420634921,1.05964104526105,1.25827709402247,0.232012198487786,72.3275076807046
13.7823412698413,1.05955453963177,1.2581969099654,0.231901234700119,72.3281320785813
13.7824404761905,1.05946804238091,1.25811672337967,0.231790323862405,72.3287564167098
13.7825396825397,1.05938155350707,1.25803653426946,0.231679465950459,72.3293806950996
13.7826388888889,1.05929507300888,1.25795634263898,0.231568660940117,72.3300049137603
13.7827380952381,1.05920860088496,1.2578761484924,0.231457908807209,72.3306290727014
13.7828373015873,1.05912213713394,1.2577959518339,0.231347209527582,72.3312531719326
13.7829365079365,1.05903568175443,1.25771575266768,0.231236563077093,72.3318772114632
13.7830357142857,1.05894923474507,1.25763555099792,0.231125969431596,72.332501191303
13.7831349206349,1.05886279610447,1.25755534682879,0.231015428566966,72.3331251114614
13.7832341269841,1.05877636583125,1.25747514016447,0.230904940459072,72.333748971948
13.7833333333333,1.05868994392405,1.25739493100914,0.230794505083805,72.3343727727723
13.7834325396825,1.05860353038148,1.25731471936698,0.230684122417051,72.3349965139438
13.7835317460317,1.05851712520218,1.25723450524216,0.230573792434715,72.3356201954722
13.783630952381,1.05843072838476,1.25715428863886,0.230463515112701,72.3362438173668
13.7837301587302,1.05834433992786,1.25707406956124,0.230353290426929,72.3368673796374
13.7838293650794,1.05825795983009,1.25699384801347,0.230243118353317,72.3374908822933
13.7839285714286,1.05817158809009,1.25691362399973,0.230132998867802,72.3381143253441
13.7840277777778,1.05808522470648,1.25683339752417,0.230022931946319,72.3387377087994
13.784126984127,1.0579988696779,1.25675316859097,0.229912917564819,72.3393610326686
13.7842261904762,1.05791252300296,1.25667293720429,0.229802955699253,72.3399842969613
13.7843253968254,1.05782618468029,1.25659270336828,0.229693046325586,72.340607501687
13.7844246031746,1.05773985470854,1.25651246708712,0.229583189419793,72.3412306468552
13.7845238095238,1.05765353308631,1.25643222836495,0.229473384957846,72.3418537324754
13.784623015873,1.05756721981224,1.25635198720594,0.229363632915737,72.3424767585572
13.7847222222222,1.05748091488497,1.25627174361424,0.229253933269456,72.34309972511
13.7848214285714,1.05739461830312,1.25619149759401,0.229144285995011,72.3437226321434
13.7849206349206,1.05730833006532,1.25611124914939,0.229034691068406,72.3443454796668
13.7850198412698,1.05722205017021,1.25603099828454,0.228925148465666,72.3449682676898
13.785119047619,1.0571357786164,1.25595074500361,0.22881565816281,72.3455909962218
13.7852182539683,1.05704951540255,1.25587048931075,0.228706220135879,72.3462136652724
13.7853174603175,1.05696326052727,1.2557902312101,0.228596834360908,72.3468362748511
13.7854166666667,1.05687701398919,1.2557099707058,0.228487500813954,72.3474588249673
13.7855158730159,1.05679077578696,1.25562970780201,0.228378219471068,72.3480813156306
13.7856150793651,1.05670454591921,1.25554944250286,0.228268990308322,72.3487037468503
13.7857142857143,1.05661832438456,1.2554691748125,0.228159813301782,72.3493261186361
13.7858134920635,1.05653211118166,1.25538890473505,0.228050688427534,72.3499484309974
13.7859126984127,1.05644590630913,1.25530863227467,0.22794161566167,72.3505706839437
13.7860119047619,1.05635970976561,1.25522835743547,0.22783259498028,72.3511928774845
13.7861111111111,1.05627352154973,1.25514808022161,0.227723626359476,72.3518150116291
13.7862103174603,1.05618734166014,1.25506780063721,0.227614709775365,72.3524370863873
13.7863095238095,1.05610117009546,1.2549875186864,0.227505845204073,72.3530591017683
13.7864087301587,1.05601500685433,1.25490723437331,0.227397032621723,72.3536810577816
13.7865079365079,1.05592885193539,1.25482694770207,0.227288272004458,72.3543029544368
13.7866071428571,1.05584270533728,1.25474665867681,0.227179563328416,72.3549247917433
13.7867063492063,1.05575656705863,1.25466636730164,0.227070906569755,72.3555465697106
13.7868055555556,1.05567043709807,1.2545860735807,0.22696230170463,72.356168288348
13.7869047619048,1.05558431545426,1.25450577751811,0.226853748709215,72.3567899476652
13.787003968254,1.05549820212581,1.25442547911798,0.226745247559679,72.3574115476715
13.7871031746032,1.05541209711138,1.25434517838443,0.226636798232213,72.3580330883764
13.7872023809524,1.05532600040961,1.25426487532159,0.226528400703002,72.3586545697894
13.7873015873016,1.05523991201912,1.25418456993356,0.22642005494825,72.3592759919199
13.7874007936508,1.05515383193857,1.25410426222447,0.226311760944165,72.3598973547774
13.7875,1.05506776016659,1.25402395219841,0.226203518666959,72.3605186583712
13.7875992063492,1.05498169670182,1.25394363985951,0.226095328092859,72.3611399027109
13.7876984126984,1.0548956415429,1.25386332521187,0.225987189198092,72.3617610878059
13.7877976190476,1.05480959468848,1.25378300825961,0.225879101958903,72.3623822136656
13.7878968253968,1.05472355613719,1.25370268900682,0.225771066351532,72.3630032802995
13.787996031746,1.05463752588769,1.25362236745761,0.22566308235224,72.363624287717
13.7880952380952,1.0545515039386,1.25354204361609,0.225555149937285,72.3642452359276
13.7881944444444,1.05446549028857,1.25346171748636,0.225447269082941,72.3648661249406
13.7882936507937,1.05437948493625,1.25338138907251,0.225339439765484,72.3654869547655
13.7883928571429,1.05429348788028,1.25330105837865,0.225231661961203,72.3661077254117
13.7884920634921,1.05420749911929,1.25322072540887,0.225123935646389,72.3667284368887
13.7885912698413,1.05412151865195,1.25314039016727,0.225016260797348,72.3673490892059
13.7886904761905,1.05403554647689,1.25306005265793,0.224908637390386,72.3679696823727
13.7887896825397,1.05394958259275,1.25297971288497,0.224801065401822,72.3685902163985
13.7888888888889,1.05386362699819,1.25289937085246,0.224693544807986,72.3692106912927
13.7889880952381,1.05377767969184,1.25281902656449,0.224586075585206,72.3698311070648
13.7890873015873,1.05369174067236,1.25273868002515,0.224478657709829,72.3704514637242
13.7891865079365,1.05360580993839,1.25265833123853,0.224371291158199,72.3710717612802
13.7892857142857,1.05351988748857,1.25257798020872,0.224263975906679,72.3716919997422
13.7893849206349,1.05343397332156,1.25249762693979,0.224156711931628,72.3723121791198
13.7894841269841,1.05334806743599,1.25241727143582,0.224049499209425,72.3729322994223
13.7895833333333,1.05326216983053,1.25233691370091,0.223942337716446,72.373552360659
13.7896825396825,1.05317628050382,1.25225655373912,0.223835227429085,72.3741723628394
13.7897817460317,1.0530903994545,1.25217619155453,0.223728168323734,72.3747923059729
13.789880952381,1.05300452668122,1.25209582715122,0.223621160376802,72.3754121900689
13.7899801587302,1.05291866218264,1.25201546053326,0.223514203564697,72.3760320151367
13.7900793650794,1.05283280595741,1.25193509170473,0.223407297863845,72.3766517811858
13.7901785714286,1.05274695800417,1.25185472066968,0.223300443250668,72.3772714882256
13.7902777777778,1.05266111832157,1.25177434743221,0.223193639701606,72.3778911362654
13.790376984127,1.05257528690827,1.25169397199636,0.223086887193105,72.3785107253145
13.7904761904762,1.05248946376292,1.25161359436621,0.222980185701612,72.3791302553825
13.7905753968254,1.05240364888417,1.25153321454583,0.222873535203593,72.3797497264787
13.7906746031746,1.05231784227066,1.25145283253927,0.222766935675509,72.3803691386124
13.7907738095238,1.05223204392107,1.25137244835059,0.222660387093842,72.380988491793
13.790873015873,1.05214625383402,1.25129206198387,0.22255388943507,72.3816077860299
13.7909722222222,1.05206047200819,1.25121167344314,0.22244744267569,72.3822270213325
13.7910714285714,1.05197469844222,1.25113128273248,0.222341046792196,72.3828461977101
13.7911706349206,1.05188893313477,1.25105088985594,0.222234701761099,72.3834653151721
13.7912698412698,1.05180317608448,1.25097049481756,0.222128407558911,72.3840843737279
13.791369047619,1.05171742729003,1.25089009762141,0.22202216416216,72.3847033733868
13.7914682539683,1.05163168675005,1.25080969827153,0.22191597154737,72.3853223141582
13.7915674603175,1.05154595446321,1.25072929677197,0.221809829691087,72.3859411960514
13.7916666666667,1.05146023042816,1.25064889312679,0.221703738569851,72.3865600190758
13.7917658730159,1.05137451464356,1.25056848734001,0.221597698160219,72.3871787832407
13.7918650793651,1.05128880710807,1.2504880794157,0.221491708438757,72.3877974885556
13.7919642857143,1.05120310782033,1.2504076693579,0.22138576938203,72.3884161350297
13.7920634920635,1.05111741677902,1.25032725717063,0.221279880966622,72.3890347226723
13.7921626984127,1.05103173398278,1.25024684285795,0.221174043169112,72.3896532514929
13.7922619047619,1.05094605943028,1.2501664264239,0.2210682559661,72.3902717215008
13.7923611111111,1.05086039312017,1.2500860078725,0.220962519334184,72.3908901327053
13.7924603174603,1.05077473505111,1.2500055872078,0.220856833249977,72.3915084851157
13.7925595238095,1.05068908522176,1.24992516443383,0.220751197690092,72.3921267787415
13.7926587301587,1.05060344363079,1.24984473955462,0.220645612631161,72.3927450135918
13.7927579365079,1.05051781027684,1.24976431257419,0.220540078049811,72.3933631896761
13.7928571428571,1.05043218515858,1.24968388349659,0.220434593922689,72.3939813070036
13.7929563492063,1.05034656827468,1.24960345232584,0.220329160226438,72.3945993655837
13.7930555555556,1.05026095962378,1.24952301906596,0.220223776937721,72.3952173654258
13.7931547619048,1.05017535920456,1.24944258372097,0.220118444033198,72.3958353065391
13.793253968254,1.05008976701568,1.24936214629491,0.220013161489545,72.396453188933
13.7933531746032,1.05000418305579,1.24928170679178,0.219907929283444,72.3970710126167
13.7934523809524,1.04991860732357,1.24920126521562,0.219802747391578,72.3976887775997
13.7935515873016,1.04983303981766,1.24912082157044,0.219697615790651,72.3983064838911
13.7936507936508,1.04974748053675,1.24904037586026,0.21959253445736,72.3989241315004
13.79375,1.04966192947948,1.24895992808909,0.219487503368424,72.3995417204367
13.7938492063492,1.04957638664453,1.24887947826094,0.219382522500557,72.4001592507096
13.7939484126984,1.04949085203055,1.24879902637983,0.219277591830492,72.4007767223281
13.7940476190476,1.04940532563622,1.24871857244976,0.219172711334961,72.4013941353017
13.7941468253968,1.0493198074602,1.24863811647475,0.219067880990712,72.4020114896396
13.794246031746,1.04923429750115,1.24855765845881,0.218963100774492,72.4026287853511
13.7943452380952,1.04914879575774,1.24847719840594,0.218858370663066,72.4032460224456
13.7944444444444,1.04906330222864,1.24839673632014,0.218753690633195,72.4038632009323
13.7945436507936,1.04897781691251,1.24831627220541,0.218649060661661,72.4044803208205
13.7946428571429,1.04889233980802,1.24823580606576,0.218544480725242,72.4050973821195
13.7947420634921,1.04880687091383,1.24815533790519,0.218439950800731,72.4057143848385
13.7948412698413,1.04872141022862,1.2480748677277,0.218335470864929,72.406331328987
13.7949404761905,1.04863595775106,1.24799439553728,0.21823104089464,72.406948214574
13.7950396825397,1.0485505134798,1.24791392133793,0.218126660866682,72.407565041609
13.7951388888889,1.04846507741353,1.24783344513363,0.218022330757873,72.4081818101012
13.7952380952381,1.04837964955091,1.24775296692839,0.217918050545049,72.4087985200599
13.7953373015873,1.0482942298906,1.24767248672619,0.217813820205043,72.4094151714944
13.7954365079365,1.04820881843129,1.24759200453103,0.217709639714708,72.4100317644138
13.7955357142857,1.04812341517163,1.24751152034688,0.21760550905089,72.4106482988276
13.7956349206349,1.0480380201103,1.24743103417774,0.217501428190459,72.4112647747448
13.7957341269841,1.04795263324598,1.24735054602758,0.217397397110279,72.411881192175
13.7958333333333,1.04786725457733,1.2472700559004,0.217293415787233,72.4124975511271
13.7959325396825,1.04778188410302,1.24718956380017,0.217189484198202,72.4131138516107
13.7960317460317,1.04769652182174,1.24710906973087,0.217085602320084,72.4137300936348
13.796130952381,1.04761116773214,1.24702857369648,0.216981770129775,72.4143462772088
13.7962301587302,1.0475258218329,1.24694807570098,0.216877987604189,72.4149624023419
13.7963293650794,1.0474404841227,1.24686757574834,0.216774254720245,72.4155784690433
13.7964285714286,1.04735515460021,1.24678707384254,0.216670571454862,72.4161944773224
13.7965277777778,1.04726983326411,1.24670656998754,0.21656693778498,72.4168104271882
13.796626984127,1.04718452011306,1.24662606418732,0.216463353687533,72.4174263186502
13.7967261904762,1.04709921514575,1.24654555644585,0.216359819139477,72.4180421517175
13.7968253968254,1.04701391836085,1.24646504676709,0.216256334117762,72.4186579263994
13.7969246031746,1.04692862975703,1.24638453515501,0.216152898599358,72.4192736427051
13.7970238095238,1.04684334933297,1.24630402161357,0.216049512561233,72.4198893006439
13.797123015873,1.04675807708735,1.24622350614673,0.215946175980373,72.4205049002249
13.7972222222222,1.04667281301884,1.24614298875847,0.21584288883376,72.4211204414574
13.7973214285714,1.04658755712613,1.24606246945273,0.215739651098397,72.4217359243507
13.7974206349206,1.04650230940788,1.24598194823347,0.215636462751281,72.4223513489139
13.7975198412698,1.04641706986278,1.24590142510465,0.21553332376943,72.4229667151563
13.797619047619,1.0463318384895,1.24582090007023,0.215430234129858,72.4235820230872
13.7977182539683,1.04624661528672,1.24574037313416,0.215327193809597,72.4241972727157
13.7978174603175,1.04616140025313,1.24565984430039,0.215224202785684,72.424812464051
13.7979166666667,1.0460761933874,1.24557931357286,0.215121261035157,72.4254275971023
13.7980158730159,1.04599099468821,1.24549878095554,0.215018368535074,72.426042671879
13.7981150793651,1.04590580415425,1.24541824645236,0.214915525262488,72.4266576883901
13.7982142857143,1.04582062178418,1.24533771006728,0.214812731194471,72.4272726466449
13.7983134920635,1.0457354475767,1.24525717180423,0.214709986308094,72.4278875466526
13.7984126984127,1.04565028153048,1.24517663166716,0.214607290580445,72.4285023884225
13.7985119047619,1.0455651236442,1.24509608966001,0.214504643988608,72.4291171719636
13.7986111111111,1.04547997391656,1.24501554578672,0.21440204650969,72.4297318972852
13.7987103174603,1.04539483234622,1.24493500005122,0.214299498120789,72.4303465643966
13.7988095238095,1.04530969893188,1.24485445245746,0.214196998799028,72.4309611733068
13.7989087301587,1.04522457367222,1.24477390300936,0.214094548521521,72.4315757240251
13.7990079365079,1.04513945656591,1.24469335171087,0.213992147265406,72.4321902165607
13.7991071428571,1.04505434761164,1.2446127985659,0.213889795007814,72.4328046509228
13.7992063492064,1.04496924680811,1.2445322435784,0.213787491725896,72.4334190271206
13.7993055555556,1.04488415415398,1.2444516867523,0.213685237396806,72.4340333451631
13.7994047619048,1.04479906964796,1.2443711280915,0.213583031997702,72.4346476050597
13.799503968254,1.04471399328871,1.24429056759996,0.213480875505759,72.4352618068195
13.7996031746032,1.04462892507494,1.24421000528158,0.213378767898149,72.4358759504517
13.7997023809524,1.04454386500532,1.24412944114029,0.213276709152062,72.4364900359654
13.7998015873016,1.04445881307854,1.24404887518001,0.213174699244688,72.4371040633699
13.7999007936508,1.04437376929328,1.24396830740467,0.213072738153232,72.4377180326742
13.8,1.04428873364825,1.24388773781817,0.212970825854898,72.4383319438877
13.8000992063492,1.04420370614211,1.24380716642443,0.212868962326909,72.4389457970193
13.8001984126984,1.04411868677357,1.24372659322738,0.212767147546484,72.4395595920784
13.8002976190476,1.0440336755413,1.24364601823092,0.212665381490861,72.440173329074
13.8003968253968,1.04394867244401,1.24356544143895,0.212563664137276,72.4407870080154
13.800496031746,1.04386367748037,1.24348486285541,0.212461995462983,72.4414006289116
13.8005952380952,1.04377869064907,1.24340428248418,0.212360375445232,72.4420141917719
13.8006944444444,1.04369371194882,1.24332370032919,0.212258804061291,72.4426276966053
13.8007936507937,1.04360874137829,1.24324311639433,0.212157281288435,72.4432411434211
13.8008928571429,1.04352377893617,1.24316253068351,0.212055807103938,72.4438545322284
13.8009920634921,1.04343882462117,1.24308194320063,0.211954381485094,72.4444678630363
13.8010912698413,1.04335387843196,1.24300135394959,0.211853004409193,72.445081135854
13.8011904761905,1.04326894036725,1.24292076293429,0.211751675853545,72.4456943506905
13.8012896825397,1.04318401042572,1.24284017015863,0.211650395795455,72.4463075075552
13.8013888888889,1.04309908860606,1.24275957562651,0.21154916421225,72.4469206064571
13.8014880952381,1.04301417490698,1.24267897934181,0.211447981081249,72.4475336474053
13.8015873015873,1.04292926932715,1.24259838130844,0.211346846379796,72.4481466304089
13.8016865079365,1.04284437186528,1.24251778153028,0.211245760085226,72.4487595554772
13.8017857142857,1.04275948252007,1.24243718001122,0.211144722174898,72.4493724226191
13.8018849206349,1.04267460129019,1.24235657675516,0.211043732626164,72.449985231844
13.8019841269841,1.04258972817436,1.24227597176597,0.210942791416396,72.4505979831608
13.8020833333333,1.04250486317125,1.24219536504755,0.210841898522965,72.4512106765787
13.8021825396825,1.04242000627958,1.24211475660378,0.210741053923255,72.4518233121069
13.8022817460317,1.04233515749803,1.24203414643854,0.210640257594659,72.4524358897543
13.802380952381,1.04225031682531,1.24195353455571,0.210539509514571,72.4530484095302
13.8024801587302,1.0421654842601,1.24187292095917,0.210438809660403,72.4536608714437
13.8025793650794,1.04208065980111,1.24179230565279,0.210338158009562,72.4542732755039
13.8026785714286,1.04199584344703,1.24171168864046,0.210237554539477,72.4548856217199
13.8027777777778,1.04191103519656,1.24163106992605,0.210136999227573,72.4554979101007
13.802876984127,1.0418262350484,1.24155044951344,0.210036492051292,72.4561101406555
13.8029761904762,1.04174144300124,1.24146982740648,0.209936032988074,72.4567223133935
13.8030753968254,1.04165665905379,1.24138920360906,0.20983562201538,72.4573344283236
13.8031746031746,1.04157188320475,1.24130857812503,0.209735259110664,72.4579464854551
13.8032738095238,1.04148711545281,1.24122795095828,0.209634944251402,72.4585584847969
13.803373015873,1.04140235579667,1.24114732211266,0.209534677415066,72.4591704263583
13.8034722222222,1.04131760423504,1.24106669159203,0.209434458579146,72.4597823101482
13.8035714285714,1.04123286076662,1.24098605940027,0.20933428772113,72.4603941361758
13.8036706349206,1.0411481253901,1.24090542554122,0.209234164818521,72.4610059044501
13.8037698412698,1.04106339810419,1.24082479001875,0.209134089848831,72.4616176149803
13.803869047619,1.04097867890758,1.24074415283672,0.209034062789572,72.4622292677754
13.8039682539683,1.040893967799,1.24066351399898,0.208934083618273,72.4628408628445
13.8040674603175,1.04080926477712,1.24058287350939,0.208834152312462,72.4634524001966
13.8041666666667,1.04072456984067,1.2405022313718,0.208734268849683,72.464063879841
13.8042658730159,1.04063988298833,1.24042158759005,0.208634433207481,72.4646753017866
13.8043650793651,1.04055520421883,1.24034094216801,0.208534645363417,72.4652866660424
13.8044642857143,1.04047053353084,1.24026029510952,0.208434905295049,72.4658979726177
13.8045634920635,1.0403858709231,1.24017964641842,0.208335212979955,72.4665092215213
13.8046626984127,1.04030121639429,1.24009899609856,0.208235568395708,72.4671204127625
13.8047619047619,1.04021656994313,1.24001834415379,0.208135971519903,72.4677315463503
13.8048611111111,1.04013193156831,1.23993769058794,0.20803642233013,72.4683426222936
13.8049603174603,1.04004730126855,1.23985703540486,0.207936920803996,72.4689536406017
13.8050595238095,1.03996267904255,1.23977637860839,0.207837466919109,72.4695646012835
13.8051587301587,1.03987806488902,1.23969572020236,0.20773806065309,72.4701755043481
13.8052579365079,1.03979345880666,1.23961506019061,0.207638701983569,72.4707863498045
13.8053571428571,1.03970886079419,1.23953439857697,0.207539390888175,72.4713971376619
13.8054563492063,1.03962427085031,1.23945373536528,0.207440127344558,72.4720078679291
13.8055555555556,1.03953968897373,1.23937307055936,0.207340911330362,72.4726185406154
13.8056547619048,1.03945511516315,1.23929240416306,0.207241742823251,72.4732291557297
13.805753968254,1.03937054941729,1.23921173618019,0.207142621800887,72.473839713281
13.8058531746032,1.03928599173486,1.23913106661458,0.207043548240949,72.4744502132785
13.8059523809524,1.03920144211456,1.23905039547006,0.206944522121115,72.4750606557311
13.8060515873016,1.03911690055511,1.23896972275045,0.20684554341908,72.4756710406479
13.8061507936508,1.03903236705521,1.23888904845957,0.206746612112536,72.4762813680379
13.80625,1.03894784161359,1.23880837260124,0.206647728179196,72.4768916379101
13.8063492063492,1.03886332422894,1.23872769517929,0.206548891596767,72.4775018502736
13.8064484126984,1.03877881489998,1.23864701619752,0.206450102342977,72.4781120051374
13.8065476190476,1.03869431362542,1.23856633565976,0.20635136039555,72.4787221025105
13.8066468253968,1.03860982040397,1.23848565356982,0.206252665732226,72.479332142402
13.806746031746,1.03852533523435,1.23840496993152,0.206154018330754,72.4799421248208
13.8068452380952,1.03844085811527,1.23832428474865,0.206055418168882,72.4805520497759
13.8069444444444,1.03835638904545,1.23824359802504,0.205956865224375,72.4811619172765
13.8070436507937,1.03827192802359,1.23816290976449,0.205858359474998,72.4817717273314
13.8071428571429,1.03818747504842,1.23808221997081,0.205759900898533,72.4823814799498
13.8072420634921,1.03810303011864,1.2380015286478,0.20566148947276,72.4829911751405
13.8073412698413,1.03801859323297,1.23792083579927,0.205563125175476,72.4836008129127
13.8074404761905,1.03793416439013,1.23784014142901,0.205464807984477,72.4842103932753
13.8075396825397,1.03784974358883,1.23775944554084,0.205366537877578,72.4848199162373
13.8076388888889,1.03776533082778,1.23767874813853,0.205268314832588,72.4854293818077
13.8077380952381,1.03768092610572,1.23759804922591,0.205170138827337,72.4860387899956
13.8078373015873,1.03759652942134,1.23751734880675,0.205072009839654,72.4866481408098
13.8079365079365,1.03751214077337,1.23743664688486,0.204973927847382,72.4872574342595
13.8080357142857,1.03742776016053,1.23735594346403,0.204875892828364,72.4878666703535
13.8081349206349,1.03734338758153,1.23727523854804,0.204777904760459,72.488475849101
13.8082341269841,1.0372590230351,1.23719453214069,0.204679963621534,72.4890849705107
13.8083333333333,1.03717466651995,1.23711382424577,0.204582069389455,72.4896940345919
13.8084325396825,1.0370903180348,1.23703311486706,0.204484222042106,72.4903030413533
13.8085317460317,1.03700597757836,1.23695240400834,0.20438642155737,72.4909119908041
13.808630952381,1.03692164514937,1.23687169167341,0.204288667913147,72.4915208829532
13.8087301587302,1.03683732074654,1.23679097786603,0.204190961087335,72.4921297178095
13.8088293650794,1.03675300436859,1.23671026259001,0.20409330105785,72.492738495382
13.8089285714286,1.03666869601423,1.2366295458491,0.203995687802607,72.4933472156797
13.8090277777778,1.03658439568221,1.23654882764709,0.203898121299537,72.4939558787116
13.809126984127,1.03650010337122,1.23646810798775,0.203800601526569,72.4945644844866
13.8092261904762,1.03641581908001,1.23638738687486,0.203703128461652,72.4951730330138
13.8093253968254,1.03633154280728,1.23630666431219,0.203605702082731,72.4957815243019
13.8094246031746,1.03624727455176,1.23622594030352,0.203508322367769,72.4963899583601
13.8095238095238,1.03616301431218,1.2361452148526,0.203410989294727,72.4969983351973
13.809623015873,1.03607876208726,1.23606448796321,0.203313702841583,72.4976066548224
13.8097222222222,1.03599451787572,1.23598375963912,0.20321646298632,72.4982149172443
13.8098214285714,1.03591028167629,1.23590302988409,0.203119269706924,72.4988231224721
13.8099206349206,1.03582605348769,1.23582229870189,0.203022122981398,72.4994312705146
13.8100198412698,1.03574183330864,1.23574156609626,0.202925022787741,72.5000393613809
13.810119047619,1.03565762113788,1.23566083207099,0.202827969103974,72.5006473950799
13.8102182539683,1.03557341697413,1.23558009662981,0.202730961908112,72.5012553716204
13.8103174603175,1.03548922081611,1.2354993597765,0.202634001178189,72.5018632910115
13.8104166666667,1.03540503266255,1.23541862151481,0.202537086892238,72.502471153262
13.8105158730159,1.03532085251218,1.23533788184849,0.202440219028309,72.503078958381
13.8106150793651,1.03523668036372,1.23525714078128,0.20234339756445,72.5036867063773
13.8107142857143,1.03515251621591,1.23517639831696,0.202246622478727,72.5042943972599
13.8108134920635,1.03506836006747,1.23509565445925,0.202149893749203,72.5049020310377
13.8109126984127,1.03498421191713,1.23501490921192,0.202053211353961,72.5055096077196
13.8110119047619,1.03490007176361,1.23493416257871,0.20195657527108,72.5061171273146
13.8111111111111,1.03481593960565,1.23485341456335,0.201859985478654,72.5067245898315
13.8112103174603,1.03473181544199,1.23477266516961,0.201763441954788,72.5073319952794
13.8113095238095,1.03464769927133,1.23469191440121,0.201666944677583,72.507939343667
13.8114087301587,1.03456359109243,1.2346111622619,0.201570493625162,72.5085466350034
13.8115079365079,1.034479490904,1.23453040875541,0.201474088775642,72.5091538692974
13.8116071428571,1.03439539870478,1.23444965388549,0.201377730107161,72.5097610465579
13.8117063492064,1.0343113144935,1.23436889765586,0.201281417597854,72.510368166794
13.8118055555556,1.0342272382689,1.23428814007027,0.201185151225874,72.5109752300143
13.8119047619048,1.03414317002969,1.23420738113244,0.20108893096937,72.5115822362279
13.812003968254,1.03405910977463,1.23412662084611,0.200992756806512,72.5121891854437
13.8121031746032,1.03397505750244,1.234045859215,0.200896628715465,72.5127960776706
13.8122023809524,1.03389101321185,1.23396509624285,0.200800546674414,72.5134029129173
13.8123015873016,1.03380697690159,1.23388433193337,0.200704510661542,72.514009691193
13.8124007936508,1.03372294857041,1.2338035662903,0.200608520655047,72.5146164125064
13.8125,1.03363892821703,1.23372279931735,0.200512576633128,72.5152230768664
13.8125992063492,1.0335549158402,1.23364203101825,0.200416678573998,72.515829684282
13.8126984126984,1.03347091143864,1.23356126139672,0.200320826455878,72.516436234762
13.8127976190476,1.03338691501108,1.23348049045648,0.20022502025699,72.5170427283153
13.8128968253968,1.03330292655628,1.23339971820124,0.200129259955573,72.5176491649507
13.812996031746,1.03321894607296,1.23331894463471,0.200033545529865,72.5182555446772
13.8130952380952,1.03313497355986,1.23323816976063,0.19993787695812,72.5188618675036
13.8131944444444,1.03305100901572,1.23315739358268,0.199842254218592,72.5194681334388
13.8132936507936,1.03296705243928,1.2330766161046,0.199746677289552,72.5200743424917
13.8133928571429,1.03288310382926,1.23299583733007,0.199651146149268,72.5206804946712
13.8134920634921,1.03279916318442,1.23291505726282,0.199555660776027,72.521286589986
13.8135912698413,1.03271523050348,1.23283427590655,0.199460221148114,72.5218926284452
13.8136904761905,1.0326313057852,1.23275349326496,0.199364827243832,72.5224986100575
13.8137896825397,1.03254738902829,1.23267270934176,0.19926947904148,72.5231045348318
13.8138888888889,1.03246348023152,1.23259192414065,0.199174176519378,72.523710402777
13.8139880952381,1.03237957939362,1.23251113766532,0.199078919655841,72.5243162139019
13.8140873015873,1.03229568651332,1.23243034991948,0.1989837084292,72.5249219682153
13.8141865079365,1.03221180158937,1.23234956090683,0.198888542817796,72.5255276657262
13.8142857142857,1.03212792462051,1.23226877063105,0.198793422799967,72.5261333064434
13.8143849206349,1.03204405560549,1.23218797909584,0.198698348354073,72.5267388903757
13.8144841269841,1.03196019454303,1.2321071863049,0.198603319458468,72.527344417532
13.8145833333333,1.03187634143189,1.23202639226192,0.198508336091526,72.5279498879211
13.8146825396825,1.03179249627081,1.23194559697057,0.198413398231617,72.5285553015519
13.8147817460317,1.03170865905853,1.23186480043457,0.198318505857133,72.5291606584331
13.814880952381,1.0316248297938,1.23178400265757,0.198223658946459,72.5297659585737
13.8149801587302,1.03154100847535,1.23170320364328,0.198128857478001,72.5303712019825
13.8150793650794,1.03145719510194,1.23162240339538,0.198034101430161,72.5309763886683
13.8151785714286,1.0313733896723,1.23154160191754,0.197939390781361,72.5315815186398
13.8152777777778,1.03128959218518,1.23146079921345,0.197844725510019,72.5321865919061
13.815376984127,1.03120580263934,1.23137999528678,0.197750105594571,72.5327916084759
13.8154761904762,1.0311220210335,1.23129919014122,0.197655531013453,72.5333965683579
13.8155753968254,1.03103824736643,1.23121838378043,0.197561001745113,72.5340014715612
13.8156746031746,1.03095448163686,1.23113757620809,0.197466517768011,72.5346063180943
13.8157738095238,1.03087072384354,1.23105676742787,0.197372079060603,72.5352111079662
13.815873015873,1.03078697398523,1.23097595744345,0.197277685601366,72.5358158411857
13.8159722222222,1.03070323206066,1.23089514625849,0.197183337368774,72.5364205177617
13.8160714285714,1.03061949806858,1.23081433387666,0.197089034341318,72.5370251377028
13.8161706349206,1.03053577200775,1.23073352030163,0.196994776497489,72.5376297010179
13.8162698412698,1.03045205387692,1.23065270553706,0.196900563815794,72.5382342077159
13.816369047619,1.03036834367482,1.2305718895866,0.196806396274737,72.5388386578055
13.8164682539683,1.03028464140021,1.23049107245394,0.196712273852844,72.5394430512955
13.8165674603175,1.03020094705184,1.23041025414271,0.196618196528634,72.5400473881947
13.8166666666667,1.03011726062847,1.23032943465659,0.196524164280647,72.540651668512
13.8167658730159,1.03003358212883,1.23024861399923,0.19643017708742,72.5412558922561
13.8168650793651,1.02994991155169,1.23016779217429,0.196336234927508,72.5418600594358
13.8169642857143,1.02986624889579,1.23008696918541,0.196242337779463,72.5424641700599
13.8170634920635,1.02978259415989,1.23000614503624,0.196148485621855,72.5430682241372
13.8171626984127,1.02969894734273,1.22992531973046,0.196054678433257,72.5436722216765
13.8172619047619,1.02961530844307,1.22984449327168,0.195960916192249,72.5442761626865
13.8173611111111,1.02953167745967,1.22976366566358,0.195867198877422,72.5448800471761
13.8174603174603,1.02944805439127,1.22968283690979,0.19577352646737,72.545483875154
13.8175595238095,1.02936443923663,1.22960200701396,0.195679898940704,72.5460876466291
13.8176587301587,1.0292808319945,1.22952117597972,0.195586316276029,72.54669136161
13.8177579365079,1.02919723266364,1.22944034381073,0.195492778451974,72.5472950201055
13.8178571428571,1.0291136412428,1.22935951051062,0.195399285447161,72.5478986221245
13.8179563492063,1.02903005773074,1.22927867608302,0.195305837240232,72.5485021676756
13.8180555555556,1.02894648212621,1.22919784053158,0.195212433809826,72.5491056567678
13.8181547619048,1.02886291442797,1.22911700385993,0.195119075134602,72.5497090894096
13.818253968254,1.02877935463478,1.22903616607171,0.195025761193214,72.5503124656099
13.8183531746032,1.02869580274538,1.22895532717054,0.194932491964335,72.5509157853775
13.8184523809524,1.02861225875855,1.22887448716006,0.194839267426636,72.551519048721
13.8185515873016,1.02852872267302,1.22879364604389,0.194746087558805,72.5521222556493
13.8186507936508,1.02844519448757,1.22871280382566,0.194652952339535,72.5527254061711
13.81875,1.02836167420096,1.22863196050901,0.194559861747521,72.5533285002952
13.8188492063492,1.02827816181193,1.22855111609754,0.194466815761475,72.5539315380303
13.8189484126984,1.02819465731925,1.22847027059489,0.194373814360109,72.5545345193852
13.8190476190476,1.02811116072167,1.22838942400468,0.194280857522151,72.5551374443685
13.8191468253968,1.02802767201797,1.22830857633052,0.194187945226326,72.5557403129891
13.819246031746,1.02794419120689,1.22822772757604,0.194095077451379,72.5563431252556
13.8193452380952,1.0278607182872,1.22814687774485,0.194002254176052,72.5569458811769
13.8194444444444,1.02777725325765,1.22806602684056,0.193909475379105,72.5575485807616
13.8195436507937,1.02769379611701,1.22798517486679,0.193816741039296,72.5581512240186
13.8196428571429,1.02761034686405,1.22790432182716,0.1937240511354,72.5587538109564
13.8197420634921,1.02752690549751,1.22782346772526,0.193631405646192,72.5593563415839
13.8198412698413,1.02744347201618,1.22774261256472,0.193538804550462,72.5599588159097
13.8199404761905,1.02736004641879,1.22766175634913,0.193446247827,72.5605612339427
13.8200396825397,1.02727662870413,1.2275808990821,0.193353735454611,72.5611635956915
13.8201388888889,1.02719321887095,1.22750004076724,0.193261267412107,72.5617659011647
13.8202380952381,1.02710981691801,1.22741918140815,0.193168843678301,72.5623681503713
13.8203373015873,1.02702642284409,1.22733832100844,0.193076464232025,72.5629703433198
13.8204365079365,1.02694303664794,1.22725745957169,0.192984129052107,72.5635724800191
13.8205357142857,1.02685965832833,1.22717659710151,0.192891838117393,72.5641745604777
13.8206349206349,1.02677628788403,1.22709573360149,0.19279959140673,72.5647765847044
13.8207341269841,1.0266929253138,1.22701486907524,0.192707388898977,72.5653785527079
13.8208333333333,1.0266095706164,1.22693400352634,0.192615230572997,72.565980464497
13.8209325396825,1.02652622379061,1.22685313695838,0.192523116407668,72.5665823200803
13.8210317460317,1.02644288483518,1.22677226937496,0.192431046381865,72.5671841194665
13.821130952381,1.02635955374889,1.22669140077966,0.192339020474482,72.5677858626643
13.8212301587302,1.02627623053051,1.22661053117607,0.192247038664412,72.5683875496824
13.8213293650794,1.02619291517879,1.22652966056778,0.192155100930565,72.5689891805295
13.8214285714286,1.02610960769252,1.22644878895837,0.192063207251847,72.5695907552143
13.8215277777778,1.02602630807045,1.22636791635142,0.191971357607182,72.5701922737456
13.821626984127,1.02594301631137,1.22628704275051,0.191879551975501,72.5707937361318
13.8217261904762,1.02585973241403,1.22620616815923,0.191787790335735,72.5713951423819
13.8218253968254,1.0257764563772,1.22612529258115,0.191696072666834,72.5719964925044
13.8219246031746,1.02569318819966,1.22604441601985,0.191604398947744,72.572597786508
13.8220238095238,1.02560992788018,1.2259635384789,0.191512769157431,72.5731990244013
13.822123015873,1.02552667541752,1.22588265996188,0.191421183274857,72.5738002061932
13.8222222222222,1.02544343081047,1.22580178047236,0.191329641279004,72.5744013318922
13.8223214285714,1.02536019405778,1.2257209000139,0.191238143148849,72.5750024015071
13.8224206349206,1.02527696515824,1.22564001859008,0.19114668886339,72.5756034150464
13.8225198412698,1.02519374411061,1.22555913620446,0.19105527840162,72.5762043725189
13.822619047619,1.02511053091366,1.22547825286061,0.190963911742553,72.5768052739331
13.8227182539683,1.02502732556618,1.22539736856209,0.190872588865198,72.5774061192979
13.8228174603175,1.02494412806693,1.22531648331247,0.190781309748583,72.5780069086218
13.8229166666667,1.02486093841469,1.22523559711531,0.190690074371735,72.5786076419136
13.8230158730159,1.02477775660822,1.22515470997416,0.190598882713694,72.5792083191817
13.8231150793651,1.02469458264632,1.22507382189258,0.190507734753511,72.579808940435
13.8232142857143,1.02461141652774,1.22499293287414,0.190416630470234,72.5804095056821
13.8233134920635,1.02452825825127,1.22491204292238,0.190325569842931,72.5810100149315
13.8234126984127,1.02444510781569,1.22483115204085,0.190234552850667,72.581610468192
13.8235119047619,1.02436196521976,1.22475026023312,0.190143579472527,72.5822108654722
13.8236111111111,1.02427883046226,1.22466936750272,0.19005264968759,72.5828112067808
13.8237103174603,1.02419570354197,1.22458847385322,0.189961763474957,72.5834114921263
13.8238095238095,1.02411258445768,1.22450757928814,0.189870920813723,72.5840117215175
13.8239087301587,1.02402947320815,1.22442668381105,0.189780121683005,72.5846118949629
13.8240079365079,1.02394636979216,1.22434578742548,0.189689366061914,72.5852120124712
13.8241071428571,1.02386327420849,1.22426489013498,0.189598653929581,72.5858120740511
13.8242063492063,1.02378018645592,1.22418399194309,0.189507985265135,72.5864120797111
13.8243055555556,1.02369710653324,1.22410309285334,0.189417360047722,72.5870120294598
13.8244047619048,1.02361403443921,1.22402219286928,0.189326778256486,72.587611923306
13.824503968254,1.02353097017262,1.22394129199444,0.189236239870587,72.5882117612582
13.8246031746032,1.02344791373225,1.22386039023235,0.189145744869193,72.5888115433251
13.8247023809524,1.02336486511687,1.22377948758655,0.189055293231471,72.5894112695152
13.8248015873016,1.02328182432528,1.22369858406058,0.188964884936608,72.5900109398372
13.8249007936508,1.02319879135625,1.22361767965795,0.188874519963786,72.5906105542997
13.825,1.02311576620856,1.2235367743822,0.188784198292209,72.5912101129113
13.8250992063492,1.023032748881,1.22345586823685,0.188693919901074,72.5918096156806
13.8251984126984,1.02294973937234,1.22337496122544,0.1886036847696,72.5924090626162
13.8252976190476,1.02286673768138,1.22329405335148,0.188513492877001,72.5930084537268
13.8253968253968,1.02278374380689,1.2232131446185,0.188423344202511,72.5936077890209
13.825496031746,1.02270075774765,1.22313223503001,0.188333238725361,72.5942070685071
13.8255952380952,1.02261777950246,1.22305132458954,0.1882431764248,72.5948062921941
13.8256944444444,1.02253480907009,1.22297041330061,0.188153157280075,72.5954054600904
13.8257936507936,1.02245184644933,1.22288950116672,0.188063181270449,72.5960045722046
13.8258928571429,1.02236889163896,1.2228085881914,0.187973248375187,72.5966036285454
13.8259920634921,1.02228594463778,1.22272767437816,0.187883358573565,72.5972026291212
13.8260912698413,1.02220300544456,1.22264675973051,0.18779351184487,72.5978015739407
13.8261904761905,1.02212007405809,1.22256584425196,0.187703708168388,72.5984004630125
13.8262896825397,1.02203715047716,1.22248492794601,0.187613947523423,72.5989992963452
13.8263888888889,1.02195423470056,1.22240401081618,0.187524229889276,72.5995980739473
13.8264880952381,1.02187132672707,1.22232309286597,0.187434555245269,72.6001967958274
13.8265873015873,1.02178842655548,1.22224217409888,0.187344923570718,72.6007954619941
13.8266865079365,1.02170553418457,1.22216125451842,0.18725533484496,72.6013940724559
13.8267857142857,1.02162264961315,1.22208033412809,0.187165789047327,72.6019926272215
13.8268849206349,1.02153977283999,1.22199941293138,0.187076286157172,72.6025911262995
13.8269841269841,1.02145690386388,1.22191849093179,0.186986826153844,72.6031895696983
13.8270833333333,1.02137404268362,1.22183756813283,0.186897409016709,72.6037879574265
13.8271825396825,1.02129118929799,1.22175664453797,0.186808034725133,72.6043862894927
13.8272817460317,1.02120834370579,1.22167572015073,0.1867187032585,72.6049845659055
13.827380952381,1.0211255059058,1.22159479497458,0.186629414596189,72.6055827866735
13.8274801587302,1.02104267589681,1.22151386901302,0.186540168717597,72.6061809518051
13.8275793650794,1.02095985367763,1.22143294226953,0.186450965602128,72.6067790613089
13.8276785714286,1.02087703924703,1.22135201474761,0.186361805229187,72.6073771151935
13.8277777777778,1.02079423260382,1.22127108645074,0.186272687578197,72.6079751134675
13.827876984127,1.02071143374677,1.22119015738239,0.186183612628577,72.6085730561393
13.8279761904762,1.0206286426747,1.22110922754607,0.186094580359765,72.6091709432176
13.8280753968254,1.02054585938638,1.22102829694523,0.186005590751198,72.6097687747109
13.8281746031746,1.02046308388062,1.22094736558337,0.18591664378233,72.6103665506276
13.8282738095238,1.0203803161562,1.22086643346396,0.185827739432613,72.6109642709764
13.828373015873,1.02029755621193,1.22078550059048,0.185738877681516,72.6115619357658
13.8284722222222,1.02021480404659,1.2207045669664,0.185650058508507,72.6121595450043
13.8285714285714,1.02013205965899,1.22062363259519,0.185561281893071,72.6127570987005
13.8286706349206,1.02004932304791,1.22054269748032,0.185472547814692,72.6133545968628
13.8287698412698,1.01996659421216,1.22046176162528,0.185383856252871,72.6139520394999
13.828869047619,1.01988387315052,1.22038082503351,0.185295207187108,72.6145494266202
13.8289682539683,1.0198011598618,1.2202998877085,0.185206600596916,72.6151467582323
13.8290674603175,1.01971845434479,1.2202189496537,0.185118036461819,72.6157440343446
13.8291666666667,1.0196357565983,1.22013801087258,0.185029514761339,72.6163412549657
13.8292658730159,1.01955306662111,1.2200570713686,0.184941035475017,72.6169384201042
13.8293650793651,1.01947038441203,1.21997613114522,0.184852598582392,72.6175355297685
13.8294642857143,1.01938770996985,1.2198951902059,0.184764204063019,72.6181325839671
13.8295634920635,1.01930504329337,1.21981424855409,0.184675851896454,72.6187295827086
13.8296626984127,1.0192223843814,1.21973330619327,0.184587542062268,72.6193265260014
13.8297619047619,1.01913973323274,1.21965236312686,0.184499274540032,72.6199234138542
13.8298611111111,1.01905708984617,1.21957141935835,0.184411049309334,72.6205202462752
13.8299603174603,1.01897445422051,1.21949047489116,0.18432286634976,72.6211170232732
13.8300595238095,1.01889182635455,1.21940952972875,0.184234725640913,72.6217137448565
13.8301587301587,1.01880920624709,1.21932858387457,0.184146627162396,72.6223104110337
13.8302579365079,1.01872659389694,1.21924763733207,0.184058570893827,72.6229070218132
13.8303571428571,1.0186439893029,1.21916669010469,0.183970556814825,72.6235035772036
13.8304563492064,1.01856139246377,1.21908574219587,0.183882584905022,72.6241000772133
13.8305555555556,1.01847880337835,1.21900479360906,0.183794655144059,72.6246965218509
13.8306547619048,1.01839622204545,1.21892384434769,0.183706767511577,72.6252929111248
13.830753968254,1.01831364846387,1.21884289441522,0.183618921987235,72.6258892450434
13.8308531746032,1.01823108263241,1.21876194381506,0.18353111855069,72.6264855236154
13.8309523809524,1.01814852454988,1.21868099255067,0.183443357181616,72.6270817468491
13.8310515873016,1.01806597421508,1.21860004062546,0.183355637859688,72.6276779147531
13.8311507936508,1.01798343162681,1.21851908804288,0.183267960564594,72.6282740273357
13.83125,1.01790089678389,1.21843813480636,0.183180325276024,72.6288700846056
13.8313492063492,1.01781836968512,1.21835718091933,0.183092731973684,72.6294660865711
13.8314484126984,1.01773585032929,1.21827622638521,0.183005180637278,72.6300620332407
13.8315476190476,1.01765333871523,1.21819527120743,0.182917671246528,72.6306579246229
13.8316468253968,1.01757083484174,1.21811431538942,0.182830203781154,72.6312537607262
13.831746031746,1.01748833870762,1.21803335893459,0.182742778220894,72.6318495415589
13.8318452380952,1.01740585031167,1.21795240184638,0.182655394545484,72.6324452671297
13.8319444444444,1.01732336965272,1.2178714441282,0.182568052734676,72.6330409374469
13.8320436507937,1.01724089672957,1.21779048578347,0.182480752768227,72.6336365525189
13.8321428571429,1.01715843154102,1.2177095268156,0.182393494625897,72.6342321123543
13.8322420634921,1.01707597408589,1.21762856722802,0.182306278287465,72.6348276169615
13.8323412698413,1.01699352436298,1.21754760702414,0.182219103732705,72.6354230663489
13.8324404761905,1.0169110823711,1.21746664620737,0.182131970941409,72.6360184605249
13.8325396825397,1.01682864810907,1.21738568478111,0.18204487989337,72.6366137994982
13.8326388888889,1.01674622157569,1.21730472274879,0.181957830568396,72.6372090832769
13.8327380952381,1.01666380276978,1.21722376011381,0.181870822946293,72.6378043118697
13.8328373015873,1.01658139169015,1.21714279687957,0.181783857006887,72.6383994852849
13.8329365079365,1.0164989883356,1.21706183304948,0.18169693273,72.638994603531
13.8330357142857,1.01641659270495,1.21698086862694,0.181610050095472,72.6395896666163
13.8331349206349,1.01633420479702,1.21689990361536,0.181523209083142,72.6401846745495
13.8332341269841,1.01625182461061,1.21681893801813,0.181436409672865,72.6407796273388
13.8333333333333,1.01616945214454,1.21673797183866,0.181349651844496,72.6413745249927
13.8334325396825,1.01608708739762,1.21665700508034,0.181262935577905,72.6419693675196
13.8335317460317,1.01600473036867,1.21657603774656,0.181176260852969,72.6425641549279
13.833630952381,1.01592238105649,1.21649506984073,0.181089627649565,72.6431588872261
13.8337301587302,1.01584003945992,1.21641410136623,0.181003035947588,72.6437535644226
13.8338293650794,1.01575770557775,1.21633313232645,0.180916485726934,72.6443481865257
13.8339285714286,1.0156753794088,1.21625216272478,0.180829976967512,72.644942753544
13.8340277777778,1.0155930609519,1.21617119256462,0.180743509649233,72.6455372654857
13.834126984127,1.01551075020585,1.21609022184934,0.180657083752023,72.6461317223594
13.8342261904762,1.01542844716948,1.21600925058234,0.180570699255808,72.6467261241734
13.8343253968254,1.0153461518416,1.21592827876699,0.18048435614053,72.6473204709362
13.8344246031746,1.01526386422102,1.21584730640668,0.18039805438613,72.647914762656
13.8345238095238,1.01518158430657,1.21576633350479,0.180311793972567,72.6485089993414
13.834623015873,1.01509931209706,1.21568536006469,0.180225574879798,72.6491031810008
13.8347222222222,1.01501704759132,1.21560438608977,0.180139397087796,72.6496973076424
13.8348214285714,1.01493479078815,1.21552341158339,0.180053260576536,72.6502913792748
13.8349206349206,1.01485254168638,1.21544243654893,0.179967165326003,72.6508853959062
13.8350198412698,1.01477030028484,1.21536146098978,0.179881111316194,72.6514793575452
13.835119047619,1.01468806658233,1.21528048490928,0.179795098527105,72.6520732642001
13.8352182539683,1.01460584057768,1.21519950831083,0.17970912693875,72.6526671158792
13.8353174603175,1.0145236222697,1.21511853119777,0.179623196531141,72.6532609125909
13.8354166666667,1.01444141165723,1.21503755357349,0.179537307284306,72.6538546543437
13.8355158730159,1.01435920873908,1.21495657544134,0.179451459178275,72.6544483411459
13.8356150793651,1.01427701351408,1.21487559680469,0.179365652193092,72.6550419730058
13.8357142857143,1.01419482598103,1.21479461766689,0.179279886308801,72.6556355499319
13.8358134920635,1.01411264613878,1.21471363803132,0.179194161505462,72.6562290719326
13.8359126984127,1.01403047398614,1.21463265790132,0.179108477763136,72.6568225390161
13.8360119047619,1.01394830952193,1.21455167728025,0.179022835061899,72.6574159511909
13.8361111111111,1.01386615274498,1.21447069617148,0.178937233381826,72.6580093084653
13.8362103174603,1.01378400365411,1.21438971457835,0.178851672703009,72.6586026108476
13.8363095238095,1.01370186224814,1.21430873250421,0.17876615300554,72.6591958583464
13.8364087301587,1.01361972852591,1.21422774995242,0.178680674269525,72.6597890509698
13.8365079365079,1.01353760248623,1.21414676692633,0.178595236475077,72.6603821887262
13.8366071428571,1.01345548412794,1.21406578342928,0.178509839602311,72.6609752716241
13.8367063492063,1.01337337344985,1.21398479946462,0.178424483631359,72.6615682996718
13.8368055555556,1.01329127045079,1.2139038150357,0.178339168542352,72.6621612728775
13.8369047619048,1.0132091751296,1.21382283014585,0.178253894315436,72.6627541912497
13.837003968254,1.01312708748509,1.21374184479843,0.178168660930758,72.6633470547967
13.8371031746032,1.01304500751609,1.21366085899676,0.178083468368482,72.6639398635268
13.8372023809524,1.01296293522144,1.21357987274419,0.17799831660877,72.6645326174484
13.8373015873016,1.01288087059996,1.21349888604405,0.1779132056318,72.6651253165698
13.8374007936508,1.01279881365047,1.21341789889968,0.177828135417752,72.6657179608994
13.8375,1.01271676437181,1.21333691131442,0.177743105946818,72.6663105504455
13.8375992063492,1.01263472276281,1.21325592329159,0.177658117199194,72.6669030852163
13.8376984126984,1.0125526888223,1.21317493483453,0.17757316915509,72.6674955652203
13.8377976190476,1.0124706625491,1.21309394594657,0.177488261794715,72.6680879904658
13.8378968253968,1.01238864394205,1.21301295663102,0.177403395098293,72.6686803609611
13.837996031746,1.01230663299997,1.21293196689123,0.177318569046057,72.6692726767145
13.8380952380952,1.0122246297217,1.21285097673051,0.177233783618239,72.6698649377343
13.8381944444444,1.01214263410608,1.21276998615219,0.17714903879509,72.6704571440289
13.8382936507937,1.01206064615192,1.21268899515959,0.177064334556858,72.6710492956066
13.8383928571429,1.01197866585807,1.21260800375603,0.17697967088381,72.6716413924756
13.8384920634921,1.01189669322335,1.21252701194482,0.17689504775621,72.6722334346444
13.8385912698413,1.01181472824661,1.21244601972928,0.176810465154339,72.6728254221211
13.8386904761905,1.01173277092666,1.21236502711274,0.176725923058478,72.6734173549141
13.8387896825397,1.01165082126236,1.21228403409849,0.176641421448924,72.6740092330318
13.8388888888889,1.01156887925252,1.21220304068986,0.176556960305974,72.6746010564823
13.8389880952381,1.01148694489599,1.21212204689016,0.176472539609941,72.6751928252741
13.8390873015873,1.01140501819159,1.21204105270269,0.176388159341136,72.6757845394154
13.8391865079365,1.01132309913818,1.21196005813077,0.176303819479889,72.6763761989145
13.8392857142857,1.01124118773457,1.21187906317769,0.176219520006527,72.6769678037797
13.8393849206349,1.01115928397961,1.21179806784676,0.176135260901393,72.6775593540193
13.8394841269841,1.01107738787213,1.21171707214129,0.176051042144837,72.6781508496416
13.8395833333333,1.01099549941097,1.21163607606457,0.17596686371721,72.6787422906549
13.8396825396825,1.01091361859497,1.21155507961991,0.175882725598882,72.6793336770673
13.8397817460317,1.01083174542296,1.21147408281061,0.175798627770218,72.6799250088874
13.839880952381,1.01074987989379,1.21139308563995,0.175714570211603,72.6805162861232
13.8399801587302,1.01066802200628,1.21131208811125,0.175630552903421,72.6811075087832
13.8400793650794,1.01058617175929,1.21123109022778,0.175546575826071,72.6816986768755
13.8401785714286,1.01050432915164,1.21115009199285,0.175462638959951,72.6822897904084
13.8402777777778,1.01042249418218,1.21106909340974,0.175378742285478,72.6828808493903
13.840376984127,1.01034066684974,1.21098809448174,0.175294885783066,72.6834718538293
13.8404761904762,1.01025884715317,1.21090709521214,0.175211069433146,72.6840628037338
13.8405753968254,1.01017703509131,1.21082609560422,0.175127293216148,72.684653699112
13.8406746031746,1.010095230663,1.21074509566128,0.175043557112521,72.6852445399722
13.8407738095238,1.01001343386707,1.21066409538658,0.174959861102709,72.6858353263226
13.840873015873,1.00993164470238,1.21058309478342,0.174876205167174,72.6864260581716
13.8409722222222,1.00984986316776,1.21050209385508,0.174792589286385,72.6870167355272
13.8410714285714,1.00976808926205,1.21042109260482,0.17470901344081,72.6876073583979
13.8411706349206,1.0096863229841,1.21034009103594,0.174625477610937,72.6881979267918
13.8412698412698,1.00960456433276,1.2102590891517,0.174541981777251,72.6887884407172
13.841369047619,1.00952281330686,1.21017808695537,0.174458525920254,72.6893789001824
13.8414682539683,1.00944106990524,1.21009708445023,0.174375110020449,72.6899693051955
13.8415674603175,1.00935933412676,1.21001608163956,0.174291734058352,72.6905596557649
13.8416666666667,1.00927760597025,1.20993507852661,0.174208398014481,72.6911499518988
13.8417658730159,1.00919588543457,1.20985407511466,0.174125101869371,72.6917401936054
13.8418650793651,1.00911417251855,1.20977307140696,0.174041845603553,72.692330380893
13.8419642857143,1.00903246722105,1.2096920674068,0.173958629197578,72.6929205137697
13.8420634920635,1.00895076954091,1.20961106311742,0.173875452631993,72.6935105922438
13.8421626984127,1.00886907947697,1.20953005854209,0.173792315887366,72.6941006163236
13.8422619047619,1.00878739702808,1.20944905368407,0.173709218944259,72.6946905860173
13.8423611111111,1.00870572219309,1.20936804854662,0.173626161783253,72.695280501333
13.8424603174603,1.00862405497086,1.20928704313299,0.173543144384933,72.6958703622791
13.8425595238095,1.00854239536021,1.20920603744644,0.173460166729889,72.6964601688637
13.8426587301587,1.00846074336001,1.20912503149023,0.173377228798724,72.6970499210951
13.8427579365079,1.0083790989691,1.2090440252676,0.173294330572043,72.6976396189814
13.8428571428571,1.00829746218633,1.2089630187818,0.173211472030466,72.698229262531
13.8429563492064,1.00821583301055,1.20888201203609,0.173128653154614,72.6988188517519
13.8430555555556,1.00813421144062,1.20880100503371,0.173045873925121,72.6994083866524
13.8431547619048,1.00805259747537,1.2087199977779,0.172963134322625,72.6999978672408
13.843253968254,1.00797099111366,1.20863899027192,0.172880434327777,72.7005872935252
13.8433531746032,1.00788939235435,1.208557982519,0.172797773921228,72.7011766655138
13.8434523809524,1.00780780119628,1.20847697452238,0.172715153083646,72.7017659832148
13.8435515873016,1.0077262176383,1.20839596628531,0.172632571795698,72.7023552466364
13.8436507936508,1.00764464167927,1.20831495781102,0.172550030038068,72.7029444557869
13.84375,1.00756307331804,1.20823394910275,0.172467527791439,72.7035336106744
13.8438492063492,1.00748151255347,1.20815294016373,0.172385065036508,72.7041227113071
13.8439484126984,1.0073999593844,1.2080719309972,0.17230264175398,72.7047117576931
13.8440476190476,1.00731841380968,1.20799092160639,0.172220257924561,72.7053007498408
13.8441468253968,1.00723687582818,1.20790991199453,0.172137913528975,72.7058896877582
13.844246031746,1.00715534543875,1.20782890216484,0.172055608547944,72.7064785714535
13.8443452380952,1.00707382264024,1.20774789212056,0.171973342962207,72.707067400935
13.8444444444444,1.00699230743151,1.20766688186491,0.171891116752501,72.7076561762108
13.8445436507936,1.00691079981141,1.20758587140112,0.171808929899582,72.7082448972891
13.8446428571429,1.0068292997788,1.2075048607324,0.171726782384203,72.708833564178
13.8447420634921,1.00674780733253,1.20742384986199,0.171644674187134,72.7094221768858
13.8448412698413,1.00666632247147,1.20734283879309,0.171562605289146,72.7100107354205
13.8449404761905,1.00658484519446,1.20726182752892,0.171480575671024,72.7105992397904
13.8450396825397,1.00650337550037,1.20718081607271,0.171398585313554,72.7111876900037
13.8451388888889,1.00642191338805,1.20709980442767,0.171316634197537,72.7117760860684
13.8452380952381,1.00634045885636,1.207018792597,0.171234722303775,72.7123644279928
13.8453373015873,1.00625901190416,1.20693778058393,0.171152849613084,72.7129527157851
13.8454365079365,1.00617757253031,1.20685676839166,0.171071016106286,72.7135409494532
13.8455357142857,1.00609614073367,1.2067757560234,0.170989221764207,72.7141291290055
13.8456349206349,1.00601471651309,1.20669474348236,0.170907466567688,72.7147172544501
13.8457341269841,1.00593329986744,1.20661373077175,0.170825750497569,72.7153053257951
13.8458333333333,1.00585189079558,1.20653271789476,0.170744073534708,72.7158933430486
13.8459325396825,1.00577048929637,1.2064517048546,0.170662435659961,72.7164813062189
13.8460317460317,1.00568909536867,1.20637069165448,0.170580836854201,72.717069215314
13.846130952381,1.00560770901133,1.20628967829758,0.170499277098299,72.7176570703422
13.8462301587302,1.00552633022323,1.20620866478711,0.170417756373146,72.7182448713115
13.8463293650794,1.00544495900322,1.20612765112627,0.170336274659628,72.71883261823
13.8464285714286,1.00536359535018,1.20604663731825,0.17025483193865,72.7194203111059
13.8465277777778,1.00528223926295,1.20596562336623,0.170173428191116,72.7200079499475
13.846626984127,1.0052008907404,1.20588460927343,0.170092063397946,72.7205955347626
13.8467261904762,1.0051195497814,1.20580359504302,0.170010737540059,72.7211830655596
13.8468253968254,1.00503821638481,1.20572258067819,0.16992945059839,72.7217705423465
13.8469246031746,1.0049568905495,1.20564156618213,0.169848202553879,72.7223579651314
13.8470238095238,1.00487557227433,1.20556055155803,0.169766993387471,72.7229453339225
13.847123015873,1.00479426155816,1.20547953680906,0.169685823080124,72.7235326487279
13.8472222222222,1.00471295839986,1.20539852193842,0.169604691612798,72.7241199095557
13.8473214285714,1.0046316627983,1.20531750694929,0.169523598966468,72.724707116414
13.8474206349206,1.00455037475235,1.20523649184483,0.169442545122108,72.7252942693109
13.8475198412698,1.00446909426086,1.20515547662824,0.169361530060711,72.7258813682546
13.847619047619,1.00438782132271,1.20507446130267,0.169280553763266,72.7264684132531
13.8477182539683,1.00430655593677,1.20499344587133,0.16919961621078,72.7270554043146
13.8478174603175,1.0042252981019,1.20491243033736,0.169118717384259,72.7276423414471
13.8479166666667,1.00414404781696,1.20483141470395,0.169037857264727,72.7282292246588
13.8480158730159,1.00406280508084,1.20475039897427,0.168957035833206,72.7288160539577
13.8481150793651,1.0039815698924,1.20466938315148,0.168876253070733,72.729402829352
13.8482142857143,1.0039003422505,1.20458836723875,0.168795508958346,72.7299895508497
13.8483134920635,1.00381912215401,1.20450735123925,0.168714803477098,72.730576218459
13.8484126984127,1.00373790960182,1.20442633515614,0.168634136608049,72.7311628321878
13.8485119047619,1.00365670459278,1.20434531899258,0.16855350833226,72.7317493920444
13.8486111111111,1.00357550712577,1.20426430275174,0.168472918630809,72.7323358980368
13.8487103174603,1.00349431719966,1.20418328643677,0.168392367484774,72.7329223501731
13.8488095238095,1.00341313481332,1.20410227005083,0.168311854875247,72.7335087484614
13.8489087301587,1.00333195996563,1.20402125359707,0.168231380783322,72.7340950929097
13.8490079365079,1.00325079265545,1.20394023707866,0.168150945190109,72.7346813835261
13.8491071428571,1.00316963288165,1.20385922049874,0.168070548076715,72.7352676203187
13.8492063492063,1.00308848064312,1.20377820386047,0.167990189424268,72.7358538032955
13.8493055555556,1.00300733593872,1.20369718716699,0.16790986921389,72.7364399324647
13.8494047619048,1.00292619876733,1.20361617042146,0.167829587426723,72.7370260078344
13.849503968254,1.00284506912782,1.20353515362701,0.167749344043908,72.7376120294124
13.8496031746032,1.00276394701907,1.20345413678681,0.1676691390466,72.7381979972071
13.8497023809524,1.00268283243994,1.20337311990398,0.167588972415957,72.7387839112263
13.8498015873016,1.00260172538933,1.20329210298167,0.167508844133148,72.7393697714781
13.8499007936508,1.0025206258661,1.20321108602303,0.167428754179353,72.7399555779707
13.85,1.00243953386912,1.20313006903119,0.16734870253575,72.740541330712
13.8500992063492,1.00235844939729,1.2030490520093,0.167268689183535,72.7411270297102
13.8501984126984,1.00227737244946,1.20296803496047,0.167188714103906,72.7417126749732
13.8502976190476,1.00219630302452,1.20288701788786,0.167108777278072,72.7422982665091
13.8503968253968,1.00211524112135,1.20280600079459,0.167028878687246,72.742883804326
13.850496031746,1.00203418673882,1.2027249836838,0.166949018312656,72.7434692884319
13.8505952380952,1.00195313987582,1.20264396655861,0.166869196135528,72.7440547188349
13.8506944444444,1.00187210053122,1.20256294942215,0.166789412137107,72.7446400955429
13.8507936507937,1.00179106870389,1.20248193227755,0.166709666298634,72.7452254185641
13.8508928571429,1.00171004439273,1.20240091512794,0.166629958601369,72.7458106879064
13.8509920634921,1.00162902759661,1.20231989797643,0.166550289026572,72.7463959035778
13.8510912698413,1.00154801831441,1.20223888082616,0.166470657555516,72.7469810655866
13.8511904761905,1.001467016545,1.20215786368024,0.166391064169477,72.7475661739405
13.8512896825397,1.00138602228728,1.20207684654179,0.166311508849742,72.7481512286478
13.8513888888889,1.00130503554012,1.20199582941393,0.166231991577609,72.7487362297163
13.8514880952381,1.0012240563024,1.20191481229977,0.166152512334376,72.7493211771541
13.8515873015873,1.00114308457301,1.20183379520243,0.166073071101357,72.7499060709693
13.8516865079365,1.00106212035083,1.20175277812502,0.165993667859867,72.7504909111698
13.8517857142857,1.00098116363474,1.20167176107065,0.165914302591234,72.7510756977637
13.8518849206349,1.00090021442363,1.20159074404244,0.16583497527679,72.751660430759
13.8519841269841,1.00081927271637,1.20150972704348,0.165755685897879,72.7522451101637
13.8520833333333,1.00073833851186,1.2014287100769,0.165676434435848,72.7528297359858
13.8521825396825,1.00065741180897,1.20134769314578,0.165597220872058,72.7534143082332
13.8522817460317,1.00057649260659,1.20126667625325,0.165518045187871,72.7539988269141
13.852380952381,1.00049558090361,1.20118565940239,0.165438907364663,72.7545832920364
13.8524801587302,1.00041467669891,1.20110464259631,0.165359807383812,72.7551677036081
13.8525793650794,1.00033377999137,1.20102362583811,0.165280745226712,72.7557520616372
13.8526785714286,1.00025289077989,1.20094260913088,0.165201720874754,72.7563363661318
13.8527777777778,1.00017200906335,1.20086159247772,0.165122734309347,72.7569206170997
13.852876984127,1.00009113484064,1.20078057588173,0.165043785511904,72.757504814549
13.8529761904762,1.00001026811063,1.200699559346,0.164964874463843,72.7580889584876
13.8530753968254,0.999929408872236,1.20061854287361,0.164886001146596,72.7586730489237
13.8531746031746,0.999848557124326,1.20053752646767,0.164807165541595,72.759257085865
13.8532738095238,0.999767712865796,1.20045651013125,0.164728367630289,72.7598410693197
13.853373015873,0.999686876095531,1.20037549386745,0.164649607394125,72.7604249992957
13.8534722222222,0.999606046812423,1.20029447767935,0.164570884814569,72.761008875801
13.8535714285714,0.999525225015359,1.20021346157003,0.164492199873083,72.7615926988435
13.8536706349206,0.999444410703233,1.20013244554257,0.164413552551148,72.7621764684313
13.8537698412698,0.99936360387493,1.20005142960006,0.164334942830243,72.7627601845722
13.853869047619,0.999282804529345,1.19997041374557,0.164256370691865,72.7633438472744
13.8539682539683,0.999202012665366,1.19988939798219,0.164177836117508,72.7639274565456
13.8540674603175,0.999121228281888,1.19980838231298,0.164099339088684,72.764511012394
13.8541666666667,0.999040451377797,1.19972736674102,0.164020879586905,72.7650945148274
13.8542658730159,0.99895968195199,1.19964635126939,0.163942457593695,72.7656779638538
13.8543650793651,0.99887892000336,1.19956533590115,0.163864073090587,72.7662613594812
13.8544642857143,0.998798165530795,1.19948432063937,0.163785726059117,72.7668447017176
13.8545634920635,0.998717418533194,1.19940330548713,0.163707416480835,72.7674279905708
13.8546626984127,0.998636679009446,1.19932229044749,0.163629144337292,72.7680112260489
13.8547619047619,0.99855594695845,1.19924127552352,0.163550909610055,72.7685944081597
13.8548611111111,0.998475222379094,1.19916026071827,0.16347271228069,72.7691775369113
13.8549603174603,0.998394505270279,1.19907924603481,0.16339455233078,72.7697606123115
13.8550595238095,0.998313795630894,1.1989982314762,0.163316429741906,72.7703436343684
13.8551587301587,0.998233093459841,1.1989172170455,0.163238344495667,72.7709266030898
13.8552579365079,0.99815239875601,1.19883620274577,0.163160296573661,72.7715095184837
13.8553571428571,0.998071711518303,1.19875518858006,0.163082285957502,72.772092380558
13.8554563492063,0.997991031745611,1.19867417455142,0.163004312628803,72.7726751893207
13.8555555555556,0.997910359436836,1.19859316066292,0.162926376569195,72.7732579447797
13.8556547619048,0.99782969459087,1.19851214691759,0.162848477760307,72.7738406469429
13.855753968254,0.997749037206615,1.19843113331849,0.162770616183782,72.7744232958182
13.8558531746032,0.997668387282969,1.19835011986867,0.162692791821272,72.7750058914136
13.8559523809524,0.997587744818828,1.19826910657118,0.16261500465443,72.775588433737
13.8560515873016,0.997507109813094,1.19818809342905,0.162537254664925,72.7761709227963
13.8561507936508,0.997426482264663,1.19810708044533,0.162459541834427,72.7767533585995
13.85625,0.997345862172438,1.19802606762307,0.162381866144619,72.7773357411544
13.8563492063492,0.997265249535316,1.19794505496531,0.162304227577187,72.7779180704689
13.8564484126984,0.9971846443522,1.19786404247507,0.162226626113832,72.778500346551
13.8565476190476,0.997104046621987,1.19778303015541,0.162149061736254,72.7790825694086
13.8566468253968,0.997023456343583,1.19770201800935,0.16207153442617,72.7796647390496
13.856746031746,0.996942873515885,1.19762100603994,0.161994044165295,72.7802468554818
13.8568452380952,0.9968622981378,1.19753999425019,0.161916590935363,72.7808289187133
13.8569444444444,0.996781730208224,1.19745898264315,0.161839174718105,72.7814109287518
13.8570436507936,0.996701169726065,1.19737797122184,0.161761795495269,72.7819928856053
13.8571428571429,0.996620616690222,1.19729695998929,0.161684453248603,72.7825747892818
13.8572420634921,0.9965400710996,1.19721594894853,0.161607147959869,72.7831566397889
13.8573412698413,0.996459532953105,1.19713493810258,0.161529879610837,72.7837384371348
13.8574404761905,0.996379002249638,1.19705392745447,0.161452648183278,72.7843201813272
13.8575396825397,0.996298478988106,1.19697291700721,0.16137545365898,72.784901872374
13.8576388888889,0.99621796316741,1.19689190676384,0.161298296019729,72.7854835102832
13.8577380952381,0.996137454786461,1.19681089672735,0.161221175247329,72.7860650950626
13.8578373015873,0.996056953844158,1.19672988690078,0.161144091323584,72.78664662672
13.8579365079365,0.995976460339414,1.19664887728714,0.161067044230311,72.7872281052635
13.8580357142857,0.995895974271129,1.19656786788944,0.160990033949331,72.7878095307007
13.8581349206349,0.995815495638214,1.1964868587107,0.160913060462477,72.7883909030397
13.8582341269841,0.995735024439574,1.19640584975392,0.160836123751585,72.7889722222883
13.8583333333333,0.995654560674118,1.19632484102212,0.160759223798505,72.7895534884543
13.8584325396825,0.995574104340752,1.1962438325183,0.160682360585087,72.7901347015456
13.8585317460317,0.995493655438387,1.19616282424547,0.160605534093197,72.7907158615701
13.858630952381,0.995413213965928,1.19608181620663,0.160528744304703,72.7912969685357
13.8587301587302,0.995332779922286,1.1960008084048,0.160451991201483,72.7918780224502
13.8588293650794,0.995252353306372,1.19591980084296,0.160375274765427,72.7924590233215
13.8589285714286,0.995171934117092,1.19583879352412,0.160298594978422,72.7930399711573
13.8590277777778,0.995091522353361,1.19575778645127,0.160221951822377,72.7936208659657
13.859126984127,0.995011118014084,1.19567677962743,0.160145345279195,72.7942017077543
13.8592261904762,0.994930721098177,1.19559577305557,0.160068775330799,72.7947824965312
13.8593253968254,0.994850331604547,1.1955147667387,0.15999224195911,72.795363232304
13.8594246031746,0.99476994953211,1.1954337606798,0.159915745146065,72.7959439150807
13.8595238095238,0.994689574879772,1.19535275488187,0.159839284873602,72.7965245448692
13.859623015873,0.994609207646452,1.1952717493479,0.159762861123673,72.7971051216771
13.8597222222222,0.994528847831057,1.19519074408087,0.159686473878231,72.7976856455125
13.8598214285714,0.994448495432505,1.19510973908377,0.159610123119246,72.7982661163831
13.8599206349206,0.994368150449706,1.19502873435959,0.159533808828686,72.7988465342967
13.8600198412698,0.994287812881576,1.19494772991131,0.159457530988535,72.7994268992613
13.860119047619,0.994207482727027,1.1948667257419,0.159381289580778,72.8000072112845
13.8602182539683,0.994127159984975,1.19478572185436,0.159305084587413,72.8005874703743
13.8603174603175,0.994046844654337,1.19470471825165,0.159228915990448,72.8011676765384
13.8604166666667,0.993966536734024,1.19462371493676,0.159152783771889,72.8017478297848
13.8605158730159,0.993886236222956,1.19454271191266,0.15907668791376,72.8023279301211
13.8606150793651,0.993805943120045,1.19446170918233,0.159000628398087,72.8029079775553
13.8607142857143,0.993725657424213,1.19438070674873,0.158924605206908,72.8034879720951
13.8608134920635,0.99364537913437,1.19429970461484,0.158848618322263,72.8040679137484
13.8609126984127,0.99356510824944,1.19421870278363,0.158772667726209,72.8046478025229
13.8610119047619,0.993484844768335,1.19413770125806,0.158696753400799,72.8052276384266
13.8611111111111,0.993404588689978,1.1940567000411,0.158620875328106,72.8058074214671
13.8612103174603,0.993324340013282,1.19397569913572,0.158545033490201,72.8063871516523
13.8613095238095,0.993244098737171,1.19389469854488,0.158469227869172,72.8069668289899
13.8614087301587,0.99316386486056,1.19381369827153,0.158393458447104,72.8075464534879
13.8615079365079,0.993083638382372,1.19373269831865,0.158317725206101,72.808126025154
13.8616071428571,0.993003419301522,1.19365169868918,0.158242028128266,72.8087055439959
13.8617063492064,0.992923207616934,1.19357069938609,0.158166367195715,72.8092850100216
13.8618055555556,0.99284300332753,1.19348970041233,0.158090742390573,72.8098644232387
13.8619047619048,0.992762806432227,1.19340870177085,0.158015153694967,72.810443783655
13.862003968254,0.992682616929951,1.19332770346461,0.157939601091038,72.8110230912784
13.8621031746032,0.992602434819618,1.19324670549655,0.157864084560929,72.8116023461167
13.8622023809524,0.992522260100155,1.19316570786963,0.157788604086798,72.8121815481775
13.8623015873016,0.992442092770481,1.1930847105868,0.157713159650804,72.8127606974688
13.8624007936508,0.992361932829522,1.193003713651,0.157637751235119,72.8133397939982
13.8625,0.992281780276198,1.19292271706516,0.157562378821918,72.8139188377736
13.8625992063492,0.992201635109436,1.19284172083225,0.157487042393391,72.8144978288027
13.8626984126984,0.992121497328157,1.19276072495519,0.157411741931726,72.8150767670932
13.8627976190476,0.992041366931288,1.19267972943694,0.15733647741913,72.8156556526531
13.8628968253968,0.991961243917751,1.19259873428042,0.157261248837807,72.81623448549
13.862996031746,0.991881128286474,1.19251773948857,0.15718605616998,72.8168132656117
13.8630952380952,0.991801020036379,1.19243674506433,0.157110899397868,72.8173919930259
13.8631944444444,0.991720919166394,1.19235575101064,0.157035778503707,72.8179706677405
13.8632936507937,0.991640825675448,1.19227475733042,0.15696069346974,72.8185492897631
13.8633928571429,0.991560739562461,1.1921937640266,0.156885644278211,72.8191278591016
13.8634920634921,0.991480660826367,1.19211277110212,0.156810630911382,72.8197063757636
13.8635912698413,0.991400589466088,1.1920317785599,0.156735653351512,72.820284839757
13.8636904761905,0.991320525480555,1.19195078640287,0.156660711580878,72.8208632510895
13.8637896825397,0.991240468868693,1.19186979463394,0.156585805581757,72.8214416097688
13.8638888888889,0.991160419629435,1.19178880325606,0.156510935336441,72.8220199158027
13.8639880952381,0.991080377761705,1.19170781227213,0.15643610082722,72.822598169199
13.8640873015873,0.991000343264436,1.19162682168507,0.156361302036405,72.8231763699652
13.8641865079365,0.990920316136554,1.19154583149781,0.156286538946302,72.8237545181093
13.8642857142857,0.990840296376994,1.19146484171327,0.156211811539235,72.824332613639
13.8643849206349,0.990760283984681,1.19138385233434,0.156137119797528,72.8249106565619
13.8644841269841,0.99068027895855,1.19130286336396,0.15606246370352,72.8254886468858
13.8645833333333,0.990600281297528,1.19122187480503,0.155987843239551,72.8260665846184
13.8646825396825,0.990520291000549,1.19114088666046,0.155913258387974,72.8266444697675
13.8647817460317,0.990440308066546,1.19105989893316,0.15583870913115,72.8272223023408
13.864880952381,0.990360332494448,1.19097891162604,0.155764195451442,72.827800082346
13.8649801587302,0.990280364283192,1.190897924742,0.155689717331229,72.8283778097909
13.8650793650794,0.990200403431706,1.19081693828396,0.15561527475289,72.8289554846831
13.8651785714286,0.990120449938928,1.1907359522548,0.15554086769882,72.8295331070303
13.8652777777778,0.990040503803787,1.19065496665744,0.155466496151413,72.8301106768403
13.865376984127,0.989960565025222,1.19057398149477,0.15539216009308,72.8306881941209
13.8654761904762,0.989880633602163,1.19049299676969,0.15531785950623,72.8312656588796
13.8655753968254,0.989800709533548,1.1904120124851,0.155243594373291,72.8318430711242
13.8656746031746,0.98972079281831,1.19033102864388,0.155169364676689,72.8324204308625
13.8657738095238,0.989640883455388,1.19025004524895,0.155095170398865,72.832997738102
13.865873015873,0.989560981443713,1.19016906230318,0.155021011522261,72.8335749928506
13.8659722222222,0.989481086782226,1.19008807980947,0.154946888029336,72.8341521951159
13.8660714285714,0.98940119946986,1.19000709777071,0.154872799902546,72.8347293449056
13.8661706349206,0.989321319505554,1.18992611618978,0.154798747124364,72.8353064422274
13.8662698412698,0.989241446888247,1.18984513506958,0.154724729677269,72.835883487089
13.866369047619,0.989161581616873,1.18976415441297,0.154650747543743,72.8364604794982
13.8664682539683,0.989081723690375,1.18968317422286,0.154576800706282,72.8370374194624
13.8665674603175,0.989001873107687,1.18960219450211,0.154502889147383,72.8376143069896
13.8666666666667,0.988922029867751,1.18952121525361,0.15442901284956,72.8381911420873
13.8667658730159,0.988842193969504,1.18944023648023,0.154355171795326,72.8387679247632
13.8668650793651,0.98876236541189,1.18935925818486,0.154281365967209,72.839344655025
13.8669642857143,0.988682544193842,1.18927828037037,0.154207595347738,72.8399213328804
13.8670634920635,0.988602730314308,1.18919730303962,0.154133859919457,72.840497958337
13.8671626984127,0.988522923772223,1.1891163261955,0.154060159664912,72.8410745314026
13.8672619047619,0.988443124566533,1.18903534984087,0.153986494566662,72.8416510520848
13.8673611111111,0.988363332696175,1.18895437397861,0.153912864607268,72.8422275203913
13.8674603174603,0.988283548160096,1.18887339861157,0.153839269769305,72.8428039363296
13.8675595238095,0.988203770957232,1.18879242374263,0.15376571003535,72.8433802999076
13.8676587301587,0.98812400108653,1.18871144937464,0.153692185387992,72.8439566111328
13.8677579365079,0.988044238546935,1.18863047551048,0.15361869580983,72.844532870013
13.8678571428571,0.987964483337385,1.188549502153,0.153545241283462,72.8451090765557
13.8679563492063,0.987884735456829,1.18846852930506,0.153471821791505,72.8456852307686
13.8680555555556,0.987804994904207,1.18838755696953,0.153398437316574,72.8462613326594
13.8681547619048,0.987725261678467,1.18830658514925,0.1533250878413,72.8468373822358
13.868253968254,0.987645535778551,1.18822561384708,0.153251773348315,72.8474133795053
13.8683531746032,0.987565817203408,1.18814464306587,0.153178493820265,72.8479893244756
13.8684523809524,0.987486105951979,1.18806367280848,0.153105249239798,72.8485652171544
13.8685515873016,0.987406402023214,1.18798270307776,0.153032039589575,72.8491410575493
13.8686507936508,0.987326705416057,1.18790173387655,0.152958864852261,72.849716845668
13.86875,0.987247016129458,1.18782076520771,0.152885725010534,72.850292581518
13.8688492063492,0.987167334162359,1.18773979707408,0.152812620047072,72.850868265107
13.8689484126984,0.987087659513713,1.18765882947849,0.152739549944569,72.8514438964427
13.8690476190476,0.987007992182464,1.18757786242381,0.152666514685721,72.8520194755327
13.8691468253968,0.986928332167562,1.18749689591285,0.152593514253234,72.8525950023846
13.869246031746,0.986848679467958,1.18741592994848,0.152520548629826,72.853170477006
13.8693452380952,0.986769034082596,1.18733496453351,0.152447617798213,72.8537458994045
13.8694444444444,0.986689396010431,1.1872539996708,0.152374721741131,72.8543212695879
13.8695436507937,0.986609765250407,1.18717303536317,0.152301860441312,72.8548965875636
13.8696428571429,0.98653014180148,1.18709207161346,0.152229033881507,72.8554718533393
13.8697420634921,0.986450525662596,1.1870111084245,0.152156242044464,72.8560470669227
13.8698412698413,0.98637091683271,1.18693014579911,0.15208348491295,72.8566222283213
13.8699404761905,0.986291315310768,1.18684918374014,0.152010762469728,72.8571973375428
13.8700396825397,0.986211721095728,1.1867682222504,0.151938074697582,72.8577723945947
13.8701388888889,0.986132134186537,1.18668726133272,0.151865421579291,72.8583473994847
13.8702380952381,0.986052554582151,1.18660630098993,0.151792803097653,72.8589223522203
13.8703373015873,0.985972982281519,1.18652534122484,0.151720219235464,72.8594972528092
13.8704365079365,0.985893417283598,1.18644438204028,0.151647669975537,72.860072101259
13.8705357142857,0.985813859587339,1.18636342343907,0.151575155300685,72.8606468975772
13.8706349206349,0.985734309191696,1.18628246542402,0.151502675193734,72.8612216417715
13.8707341269841,0.985654766095627,1.18620150799796,0.151430229637518,72.8617963338495
13.8708333333333,0.985575230298082,1.18612055116369,0.151357818614874,72.8623709738187
13.8709325396825,0.98549570179802,1.18603959492403,0.151285442108654,72.8629455616867
13.8710317460317,0.985416180594392,1.18595863928179,0.15121310010171,72.8635200974611
13.871130952381,0.985336666686159,1.18587768423979,0.15114079257691,72.8640945811495
13.8712301587302,0.985257160072272,1.18579672980082,0.151068519517122,72.8646690127596
13.8713293650794,0.985177660751693,1.1857157759677,0.150996280905228,72.8652433922987
13.8714285714286,0.985098168723373,1.18563482274323,0.150924076724114,72.8658177197747
13.8715277777778,0.985018683986275,1.18555387013022,0.150851906956678,72.8663919951949
13.871626984127,0.984939206539352,1.18547291813147,0.15077977158582,72.866966218567
13.8717261904762,0.984859736381566,1.18539196674977,0.150707670594455,72.8675403898985
13.8718253968254,0.984780273511872,1.18531101598793,0.150635603965497,72.8681145091971
13.8719246031746,0.984700817929232,1.18523006584876,0.150563571681879,72.8686885764703
13.8720238095238,0.984621369632602,1.18514911633503,0.150491573726531,72.8692625917256
13.872123015873,0.984541928620943,1.18506816744955,0.150419610082397,72.8698365549707
13.8722222222222,0.984462494893218,1.18498721919511,0.150347680732431,72.870410466213
13.8723214285714,0.984383068448381,1.1849062715745,0.150275785659587,72.8709843254601
13.8724206349206,0.984303649285399,1.18482532459051,0.150203924846835,72.8715581327197
13.8725198412698,0.984224237403229,1.18474437824594,0.150132098277146,72.8721318879991
13.872619047619,0.984144832800835,1.18466343254356,0.150060305933506,72.8727055913061
13.8727182539683,0.984065435477175,1.18458248748616,0.1499885477989,72.8732792426481
13.8728174603175,0.983986045431217,1.18450154307653,0.149916823856332,72.8738528420326
13.8729166666667,0.983906662661917,1.18442059931745,0.149845134088803,72.8744263894674
13.8730158730159,0.983827287168244,1.18433965621169,0.14977347847933,72.8749998849597
13.8731150793651,0.983747918949156,1.18425871376205,0.149701857010932,72.8755733285173
13.8732142857143,0.983668558003622,1.18417777197129,0.149630269666641,72.8761467201476
13.8733134920635,0.9835892043306,1.18409683084219,0.149558716429492,72.8767200598583
13.8734126984127,0.983509857929061,1.18401589037754,0.149487197282533,72.8772933476567
13.8735119047619,0.983430518797964,1.18393495058008,0.149415712208813,72.8778665835504
13.8736111111111,0.983351186936277,1.18385401145262,0.149344261191397,72.8784397675471
13.8737103174603,0.983271862342968,1.1837730729979,0.149272844213355,72.8790128996541
13.8738095238095,0.983192545016997,1.1836921352187,0.149201461257759,72.8795859798791
13.8739087301587,0.983113234957336,1.18361119811779,0.149130112307698,72.8801590082295
13.8740079365079,0.983033932162948,1.18353026169793,0.149058797346261,72.8807319847129
13.8741071428571,0.982954636632803,1.18344932596189,0.148987516356553,72.8813049093367
13.8742063492064,0.982875348365864,1.18336839091242,0.148916269321678,72.8818777821085
13.8743055555556,0.982796067361105,1.18328745655229,0.148845056224756,72.8824506030359
13.8744047619048,0.982716793617488,1.18320652288426,0.148773877048907,72.8830233721263
13.874503968254,0.982637527133986,1.18312558991108,0.148702731777268,72.8835960893872
13.8746031746032,0.982558267909565,1.18304465763552,0.148631620392974,72.8841687548261
13.8747023809524,0.982479015943197,1.18296372606032,0.148560542879177,72.8847413684506
13.8748015873016,0.982399771233849,1.18288279518824,0.14848949921903,72.8853139302681
13.8749007936508,0.982320533780494,1.18280186502202,0.148418489395699,72.8858864402862
13.875,0.982241303582098,1.18272093556443,0.148347513392351,72.8864588985123
13.8750992063492,0.982162080637635,1.1826400068182,0.148276571192169,72.8870313049539
13.8751984126984,0.982082864946079,1.1825590787861,0.148205662778342,72.8876036596186
13.8752976190476,0.982003656506395,1.18247815147084,0.148134788134061,72.8881759625137
13.8753968253968,0.981924455315959,1.18239722487514,0.148063947246209,72.8887482136467
13.875496031746,0.981845261369252,1.18231629900141,0.147993140109018,72.8893204130243
13.8755952380952,0.981766074664982,1.18223537385212,0.14792236670781,72.8898925606535
13.8756944444444,0.98168689520211,1.18215444942972,0.147851627027317,72.8904646565414
13.8757936507936,0.981607722979608,1.18207352573669,0.147780921052281,72.8910367006953
13.8758928571429,0.98152855799644,1.18199260277549,0.147710248767444,72.8916086931223
13.8759920634921,0.981449400251577,1.18191168054857,0.147639610157558,72.8921806338294
13.8760912698413,0.981370249743985,1.18183075905839,0.147569005207374,72.8927525228238
13.8761904761905,0.981291106472634,1.18174983830741,0.147498433901655,72.8933243601126
13.8762896825397,0.98121197043649,1.1816689182981,0.14742789622516,72.893896145703
13.8763888888889,0.981132841634526,1.1815879990329,0.147357392162663,72.894467879602
13.8764880952381,0.981053720065707,1.18150708051428,0.147286921698933,72.8950395618168
13.8765873015873,0.980974605729004,1.18142616274468,0.14721648481875,72.8956111923545
13.8766865079365,0.980895498623388,1.18134524572656,0.1471460815069,72.8961827712221
13.8767857142857,0.980816398747826,1.18126432946238,0.147075711748168,72.896754298427
13.8768849206349,0.980737306101291,1.18118341395459,0.147005375527349,72.897325773976
13.8769841269841,0.98065822068275,1.18110249920564,0.146935072829239,72.8978971978764
13.8770833333333,0.980579142491176,1.18102158521797,0.146864803638643,72.8984685701352
13.8771825396825,0.980500071525538,1.18094067199404,0.146794567940367,72.8990398907596
13.8772817460317,0.980421007784809,1.1808597595363,0.146724365719226,72.8996111597566
13.877380952381,0.980341951267957,1.18077884784719,0.146654196960033,72.9001823771335
13.8774801587302,0.980262901973958,1.18069793692916,0.146584061647616,72.9007535428972
13.8775793650794,0.980183859901778,1.18061702678466,0.146513959766797,72.9013246570549
13.8776785714286,0.980104825050394,1.18053611741612,0.146443891302412,72.9018957196136
13.8777777777778,0.980025797418774,1.180455208826,0.146373856239295,72.9024667305806
13.877876984127,0.979946777005894,1.18037430101674,0.14630385456229,72.9030376899628
13.8779761904762,0.979867763810723,1.18029339399077,0.146233886256242,72.9036085977673
13.8780753968254,0.979788757832235,1.18021248775055,0.146163951306002,72.9041794540014
13.8781746031746,0.979709759069406,1.1801315822985,0.146094049696431,72.904750258672
13.8782738095238,0.979630767521204,1.18005067763707,0.146024181412384,72.9053210117863
13.878373015873,0.979551783186608,1.1799697737687,0.145954346438733,72.9058917133513
13.8784722222222,0.979472806064587,1.17988887069582,0.145884544760343,72.9064623633741
13.8785714285714,0.979393836154118,1.17980796842087,0.145814776362096,72.9070329618619
13.8786706349206,0.979314873454173,1.17972706694628,0.145745041228867,72.9076035088217
13.8787698412698,0.979235917963729,1.1796461662745,0.145675339345547,72.9081740042605
13.878869047619,0.979156969681757,1.17956526640794,0.145605670697022,72.9087444481856
13.8789682539683,0.979078028607236,1.17948436734906,0.145536035268191,72.9093148406038
13.8790674603175,0.978999094739137,1.17940346910026,0.14546643304395,72.9098851815225
13.8791666666667,0.978920168076439,1.179322571664,0.145396864009209,72.9104554709485
13.8792658730159,0.978841248618115,1.17924167504269,0.145327328148874,72.9110257088891
13.8793650793651,0.978762336363143,1.17916077923876,0.145257825447863,72.9115958953512
13.8794642857143,0.978683431310496,1.17907988425465,0.145188355891092,72.9121660303419
13.8795634920635,0.978604533459151,1.17899899009278,0.145118919463488,72.9127361138684
13.8796626984127,0.978525642808089,1.17891809675557,0.145049516149982,72.9133061459377
13.8797619047619,0.97844675935628,1.17883720424546,0.144980145935505,72.9138761265568
13.8798611111111,0.978367883102707,1.17875631256486,0.144910808804999,72.9144460557329
13.8799603174603,0.978289014046342,1.17867542171619,0.144841504743406,72.9150159334729
13.8800595238095,0.978210152186167,1.17859453170189,0.144772233735676,72.915585759784
13.8801587301587,0.978131297521155,1.17851364252437,0.144702995766762,72.9161555346733
13.8802579365079,0.978052450050288,1.17843275418605,0.144633790821624,72.9167252581477
13.8803571428571,0.977973609772541,1.17835186668935,0.144564618885223,72.9172949302144
13.8804563492063,0.977894776686895,1.17827098003669,0.144495479942532,72.9178645508804
13.8805555555556,0.977815950792326,1.17819009423048,0.144426373978518,72.9184341201528
13.8806547619048,0.977737132087816,1.17810920927315,0.144357300978165,72.9190036380386
13.880753968254,0.97765832057234,1.17802832516711,0.144288260926452,72.9195731045449
13.8808531746032,0.977579516244881,1.17794744191477,0.14421925380837,72.9201425196787
13.8809523809524,0.977500719104415,1.17786655951855,0.144150279608909,72.9207118834472
13.8810515873016,0.977421929149924,1.17778567798086,0.144081338313067,72.9212811958573
13.8811507936508,0.977343146380389,1.17770479730411,0.14401242990585,72.921850456916
13.88125,0.977264370794787,1.17762391749071,0.14394355437226,72.9224196666306
13.8813492063492,0.977185602392103,1.17754303854307,0.143874711697314,72.9229888250079
13.8814484126984,0.977106841171312,1.17746216046361,0.143805901866026,72.923557932055
13.8815476190476,0.977028087131399,1.17738128325472,0.14373712486342,72.924126987779
13.8816468253968,0.976949340271343,1.17730040691882,0.14366838067452,72.924695992187
13.881746031746,0.976870600590127,1.17721953145832,0.143599669284362,72.9252649452859
13.8818452380952,0.976791868086731,1.17713865687561,0.143530990677978,72.9258338470829
13.8819444444444,0.976713142760139,1.17705778317311,0.143462344840414,72.9264026975849
13.8820436507937,0.976634424609329,1.17697691035321,0.143393731756711,72.9269714967989
13.8821428571429,0.976555713633289,1.17689603841832,0.143325151411926,72.9275402447321
13.8822420634921,0.976477009830995,1.17681516737084,0.14325660379111,72.9281089413915
13.8823412698413,0.976398313201436,1.17673429721317,0.143188088879328,72.928677586784
13.8824404761905,0.97631962374359,1.17665342794772,0.143119606661642,72.9292461809167
13.8825396825397,0.976240941456442,1.17657255957687,0.143051157123124,72.9298147237967
13.8826388888889,0.976162266338978,1.17649169210302,0.142982740248853,72.930383215431
13.8827380952381,0.976083598390177,1.17641082552859,0.142914356023904,72.9309516558266
13.8828373015873,0.976004937609028,1.17632995985595,0.142846004433367,72.9315200449905
13.8829365079365,0.97592628399451,1.1762490950875,0.142777685462329,72.9320883829298
13.8830357142857,0.975847637545611,1.17616823122565,0.142709399095887,72.9326566696514
13.8831349206349,0.975768998261313,1.17608736827278,0.142641145319138,72.9332249051624
13.8832341269841,0.975690366140604,1.17600650623128,0.142572924117191,72.9337930894699
13.8833333333333,0.975611741182465,1.17592564510354,0.142504735475151,72.9343612225808
13.8834325396825,0.975533123385886,1.17584478489197,0.142436579378137,72.9349293045021
13.8835317460317,0.975454512749847,1.17576392559893,0.142368455811264,72.935497335241
13.883630952381,0.97537590927334,1.17568306722684,0.14230036475966,72.9360653148043
13.8837301587302,0.975297312955345,1.17560220977806,0.142232306208451,72.9366332431991
13.8838293650794,0.975218723794853,1.17552135325499,0.142164280142775,72.9372011204324
13.8839285714286,0.975140141790846,1.17544049766001,0.142096286547766,72.9377689465112
13.8840277777778,0.975061566942313,1.17535964299551,0.142028325408569,72.9383367214426
13.884126984127,0.974982999248243,1.17527878926387,0.141960396710337,72.9389044452334
13.8842261904762,0.974904438707619,1.17519793646747,0.141892500438218,72.9394721178909
13.8843253968254,0.974825885319433,1.17511708460871,0.141824636577374,72.9400397394218
13.8844246031746,0.974747339082667,1.17503623368995,0.141756805112964,72.9406073098334
13.8845238095238,0.974668799996315,1.17495538371358,0.141689006030162,72.9411748291324
13.884623015873,0.974590268059359,1.17487453468197,0.141621239314135,72.941742297326
13.8847222222222,0.974511743270793,1.17479368659751,0.141553504950065,72.9423097144212
13.8848214285714,0.9744332256296,1.17471283946257,0.141485802923132,72.9428770804249
13.8849206349206,0.974354715134774,1.17463199327953,0.141418133218526,72.9434443953441
13.8850198412698,0.974276211785299,1.17455114805076,0.141350495821436,72.9440116591859
13.885119047619,0.974197715580168,1.17447030377864,0.141282890717064,72.9445788719572
13.8852182539683,0.974119226518368,1.17438946046554,0.141215317890607,72.945146033665
13.8853174603175,0.974040744598892,1.17430861811383,0.141147777327277,72.9457131443163
13.8854166666667,0.973962269820725,1.17422777672589,0.141080269012281,72.9462802039181
13.8855158730159,0.97388380218286,1.17414693630408,0.141012792930838,72.9468472124774
13.8856150793651,0.97380534168429,1.17406609685078,0.140945349068172,72.9474141700012
13.8857142857143,0.973726888324,1.17398525836836,0.140877937409506,72.9479810764964
13.8858134920635,0.973648442100986,1.17390442085918,0.140810557940074,72.94854793197
13.8859126984127,0.973570003014234,1.1738235843256,0.140743210645109,72.949114736429
13.8860119047619,0.973491571062741,1.17374274877001,0.140675895509856,72.9496814898805
13.8861111111111,0.973413146245493,1.17366191419475,0.140608612519557,72.9502481923313
13.8862103174603,0.973334728561486,1.1735810806022,0.140541361659466,72.9508148437884
13.8863095238095,0.973256318009709,1.17350024799471,0.140474142914837,72.9513814442589
13.8864087301587,0.973177914589157,1.17341941637465,0.140406956270932,72.9519479937497
13.8865079365079,0.97309951829882,1.17333858574439,0.140339801713015,72.9525144922677
13.8866071428571,0.973021129137693,1.17325775610627,0.140272679226358,72.95308093982
13.8867063492063,0.972942747104765,1.17317692746267,0.140205588796233,72.9536473364135
13.8868055555556,0.972864372199034,1.17309609981594,0.140138530407925,72.9542136820552
13.8869047619048,0.97278600441949,1.17301527316843,0.140071504046714,72.954779976752
13.887003968254,0.972707643765127,1.1729344475225,0.140004509697891,72.9553462205109
13.8871031746032,0.972629290234941,1.17285362288052,0.139937547346754,72.9559124133389
13.8872023809524,0.972550943827924,1.17277279924483,0.139870616978599,72.9564785552429
13.8873015873016,0.972472604543072,1.17269197661779,0.139803718578733,72.9570446462299
13.8874007936508,0.972394272379377,1.17261115500174,0.139736852132462,72.9576106863069
13.8875,0.972315947335837,1.17253033439906,0.139670017625104,72.9581766754808
13.8875992063492,0.972237629411444,1.17244951481207,0.139603215041974,72.9587426137586
13.8876984126984,0.972159318605195,1.17236869624314,0.1395364443684,72.9593085011471
13.8877976190476,0.972081014916084,1.1722878786946,0.139469705589707,72.9598743376535
13.8878968253968,0.97200271834311,1.17220706216883,0.139402998691232,72.9604401232846
13.887996031746,0.971924428885264,1.17212624666814,0.13933632365831,72.9610058580474
13.8880952380952,0.971846146541547,1.17204543219491,0.139269680476288,72.9615715419488
13.8881944444444,0.971767871310951,1.17196461875146,0.13920306913051,72.9621371749958
13.8882936507936,0.971689603192477,1.17188380634015,0.139136489606334,72.9627027571953
13.8883928571429,0.971611342185118,1.17180299496331,0.139069941889114,72.9632682885543
13.8884920634921,0.971533088287872,1.17172218462329,0.139003425964214,72.9638337690797
13.8885912698413,0.971454841499739,1.17164137532244,0.138936941817004,72.9643991987784
13.8886904761905,0.971376601819713,1.17156056706309,0.138870489432854,72.9649645776574
13.8887896825397,0.971298369246795,1.17147975984758,0.138804068797143,72.9655299057237
13.8888888888889,0.97122014377998,1.17139895367825,0.13873767989525,72.9660951829842
13.8889880952381,0.971141925418269,1.17131814855745,0.138671322712568,72.9666604094457
13.8890873015873,0.971063714160658,1.17123734448749,0.138604997234483,72.9672255851153
13.8891865079365,0.970985510006148,1.17115654147073,0.138538703446397,72.9677907099999
13.8892857142857,0.970907312953735,1.1710757395095,0.138472441333707,72.9683557841064
13.8893849206349,0.970829123002422,1.17099493860613,0.138406210881824,72.9689208074417
13.8894841269841,0.970750940151204,1.17091413876295,0.138340012076157,72.9694857800128
13.8895833333333,0.970672764399085,1.1708333399823,0.138273844902124,72.9700507018266
13.8896825396825,0.970594595745061,1.17075254226651,0.138207709345144,72.97061557289
13.8897817460317,0.970516434188136,1.1706717456179,0.138141605390647,72.9711803932099
13.889880952381,0.970438279727306,1.17059095003882,0.138075533024059,72.9717451627934
13.8899801587302,0.970360132361573,1.17051015553158,0.138009492230819,72.9723098816472
13.8900793650794,0.970281992089942,1.17042936209851,0.137943482996368,72.9728745497783
13.8901785714286,0.970203858911408,1.17034856974194,0.13787750530615,72.9734391671937
13.8902777777778,0.970125732824977,1.17026777846421,0.137811559145619,72.9740037339002
13.890376984127,0.970047613829646,1.17018698826762,0.137745644500225,72.9745682499048
13.8904761904762,0.969969501924421,1.17010619915451,0.137679761355433,72.9751327152144
13.8905753968254,0.9698913971083,1.17002541112719,0.137613909696704,72.9756971298358
13.8906746031746,0.96981329938029,1.169944624188,0.137548089509513,72.9762614937761
13.8907738095238,0.969735208739387,1.16986383833924,0.137482300779329,72.9768258070421
13.890873015873,0.969657125184601,1.16978305358325,0.137416543491637,72.9773900696407
13.8909722222222,0.969579048714928,1.16970226992234,0.137350817631918,72.9779542815788
13.8910714285714,0.969500979329376,1.16962148735883,0.137285123185664,72.9785184428634
13.8911706349206,0.969422917026945,1.16954070589503,0.137219460138366,72.9790825535013
13.8912698412698,0.969344861806643,1.16945992553326,0.137153828475528,72.9796466134994
13.891369047619,0.969266813667467,1.16937914627584,0.137088228182649,72.9802106228647
13.8914682539683,0.969188772608426,1.16929836812508,0.13702265924524,72.9807745816041
13.8915674603175,0.969110738628525,1.1692175910833,0.136957121648818,72.9813384897244
13.8916666666667,0.969032711726765,1.16913681515281,0.136891615378896,72.9819023472325
13.8917658730159,0.968954691902154,1.16905604033592,0.136826140421002,72.9824661541354
13.8918650793651,0.968876679153694,1.16897526663494,0.136760696760662,72.9830299104399
13.8919642857143,0.968798673480393,1.16889449405218,0.136695284383411,72.983593616153
13.8920634920635,0.968720674881253,1.16881372258994,0.136629903274785,72.9841572712814
13.8921626984127,0.968642683355284,1.16873295225055,0.13656455342033,72.9847208758322
13.8922619047619,0.968564698901487,1.1686521830363,0.13649923480559,72.9852844298122
13.8923611111111,0.968486721518873,1.1685714149495,0.136433947416121,72.9858479332282
13.8924603174603,0.968408751206443,1.16849064799245,0.136368691237479,72.9864113860872
13.8925595238095,0.96833078796321,1.16840988216746,0.136303466255228,72.9869747883961
13.8926587301587,0.968252831788174,1.16832911747684,0.136238272454933,72.9875381401617
13.8927579365079,0.968174882680348,1.16824835392288,0.13617310982217,72.9881014413909
13.8928571428571,0.968096940638735,1.16816759150789,0.136107978342511,72.9886646920907
13.8929563492064,0.968019005662344,1.16808683023416,0.136042878001541,72.9892278922678
13.8930555555556,0.967941077750184,1.16800607010401,0.135977808784849,72.9897910419291
13.8931547619048,0.967863156901261,1.16792531111971,0.135912770678022,72.9903541410816
13.893253968254,0.967785243114585,1.16784455328358,0.135847763666661,72.9909171897321
13.8933531746032,0.967707336389162,1.16776379659791,0.135782787736363,72.9914801878875
13.8934523809524,0.967629436724004,1.167683041065,0.135717842872739,72.9920431355546
13.8935515873016,0.967551544118116,1.16760228668713,0.135652929061396,72.9926060327404
13.8936507936508,0.967473658570512,1.16752153346661,0.135588046287954,72.9931688794516
13.89375,0.967395780080195,1.16744078140572,0.13552319453803,72.9937316756952
13.8938492063492,0.967317908646181,1.16736003050677,0.135458373797254,72.994294421478
13.8939484126984,0.967240044267475,1.16727928077203,0.135393584051252,72.9948571168069
13.8940476190476,0.967162186943091,1.1671985322038,0.135328825285664,72.9954197616887
13.8941468253968,0.967084336672035,1.16711778480437,0.135264097486127,72.9959823561303
13.894246031746,0.967006493453321,1.16703703857603,0.135199400638289,72.9965449001386
13.8943452380952,0.966928657285957,1.16695629352107,0.135134734727797,72.9971073937205
13.8944444444444,0.966850828168956,1.16687554964176,0.135070099740308,72.9976698368827
13.8945436507937,0.96677300610133,1.16679480694041,0.135005495661484,72.9982322296322
13.8946428571429,0.966695191082087,1.16671406541928,0.134940922476985,72.9987945719757
13.8947420634921,0.966617383110243,1.16663332508067,0.134876380172485,72.9993568639202
13.8948412698413,0.966539582184806,1.16655258592685,0.134811868733656,72.9999191054725
13.8949404761905,0.966461788304791,1.16647184796012,0.134747388146179,73.0004812966394
13.8950396825397,0.966384001469208,1.16639111118275,0.134682938395735,73.0010434374279
13.8951388888889,0.966306221677072,1.16631037559701,0.134618519468018,73.0016055278446
13.8952380952381,0.966228448927393,1.16622964120519,0.134554131348718,73.0021675678966
13.8953373015873,0.966150683219188,1.16614890800958,0.134489774023536,73.0027295575906
13.8954365079365,0.966072924551465,1.16606817601243,0.134425447478174,73.0032914969334
13.8955357142857,0.965995172923243,1.16598744521604,0.134361151698343,73.003853385932
13.8956349206349,0.965917428333531,1.16590671562266,0.134296886669754,73.0044152245931
13.8957341269841,0.965839690781347,1.16582598723459,0.134232652378127,73.0049770129237
13.8958333333333,0.965761960265701,1.16574526005409,0.134168448809184,73.0055387509304
13.8959325396825,0.965684236785611,1.16566453408344,0.134104275948653,73.0061004386202
13.8960317460317,0.965606520340092,1.1655838093249,0.134040133782269,73.0066620759999
13.896130952381,0.965528810928155,1.16550308578075,0.133976022295767,73.0072236630764
13.8962301587302,0.96545110854882,1.16542236345326,0.133911941474893,73.0077851998564
13.8963293650794,0.965373413201097,1.16534164234469,0.133847891305391,73.0083466863468
13.8964285714286,0.965295724884008,1.16526092245731,0.133783871773017,73.0089081225544
13.8965277777778,0.965218043596562,1.16518020379339,0.133719882863524,73.0094695084861
13.896626984127,0.965140369337781,1.1650994863552,0.133655924562679,73.0100308441486
13.8967261904762,0.965062702106677,1.165018770145,0.133591996856244,73.0105921295488
13.8968253968254,0.96498504190227,1.16493805516505,0.133528099729996,73.0111533646936
13.8969246031746,0.964907388723573,1.16485734141762,0.133464233169707,73.0117145495897
13.8970238095238,0.964829742569607,1.16477662890497,0.133400397161163,73.0122756842439
13.897123015873,0.964752103439385,1.16469591762935,0.133336591690146,73.0128367686631
13.8972222222222,0.964674471331929,1.16461520759304,0.133272816742452,73.0133978028541
13.8973214285714,0.964596846246252,1.16453449879829,0.133209072303873,73.0139587868237
13.8974206349206,0.964519228181375,1.16445379124736,0.133145358360213,73.0145197205788
13.8975198412698,0.964441617136317,1.1643730849425,0.133081674897278,73.015080604126
13.897619047619,0.964364013110092,1.16429237988597,0.133018021900876,73.0156414374723
13.8977182539683,0.964286416101725,1.16421167608003,0.132954399356827,73.0162022206245
13.8978174603175,0.964208826110228,1.16413097352693,0.132890807250947,73.0167629535893
13.8979166666667,0.964131243134626,1.16405027222893,0.132827245569066,73.0173236363736
13.8980158730159,0.964053667173933,1.16396957218828,0.132763714297011,73.0178842689842
13.8981150793651,0.963976098227174,1.16388887340722,0.132700213420619,73.0184448514278
13.8982142857143,0.963898536293363,1.16380817588802,0.132636742925728,73.0190053837113
13.8983134920635,0.963820981371526,1.16372747963292,0.132573302798186,73.0195658658415
13.8984126984127,0.963743433460677,1.16364678464416,0.132509893023839,73.0201262978252
13.8985119047619,0.963665892559843,1.16356609092401,0.132446513588546,73.0206866796691
13.8986111111111,0.963588358668038,1.1634853984747,0.132383164478162,73.0212470113801
13.8987103174603,0.963510831784289,1.16340470729848,0.132319845678556,73.021807292965
13.8988095238095,0.963433311907612,1.16332401739759,0.132256557175594,73.0223675244306
13.8989087301587,0.963355799037031,1.16324332877429,0.132193298955151,73.0229277057836
13.8990079365079,0.96327829317157,1.16316264143081,0.132130071003107,73.0234878370308
13.8991071428571,0.963200794310246,1.16308195536939,0.132066873305344,73.0240479181791
13.8992063492063,0.963123302452085,1.16300127059229,0.132003705847754,73.0246079492352
13.8993055555556,0.963045817596106,1.16292058710173,0.131940568616227,73.0251679302059
13.8994047619048,0.962968339741335,1.16283990489996,0.131877461596664,73.0257278610979
13.899503968254,0.962890868886791,1.16275922398921,0.131814384774967,73.0262877419182
13.8996031746032,0.962813405031501,1.16267854437174,0.131751338137045,73.0268475726734
13.8997023809524,0.962735948174484,1.16259786604975,0.13168832166881,73.0274073533704
13.8998015873016,0.962658498314768,1.16251718902551,0.131625335356183,73.0279670840158
13.8999007936508,0.962581055451373,1.16243651330124,0.131562379185082,73.0285267646166
13.9,0.962503619583326,1.16235583887918,0.13149945314144,73.0290863951794
13.9000992063492,0.962426190709647,1.16227516576155,0.131436557211184,73.0296459757111
13.9001984126984,0.962348768829365,1.16219449395059,0.131373691380258,73.0302055062184
13.9002976190476,0.962271353941501,1.16211382344854,0.131310855634598,73.0307649867081
13.9003968253968,0.962193946045081,1.16203315425761,0.131248049960154,73.0313244171869
13.900496031746,0.962116545139133,1.16195248638005,0.13118527434288,73.0318837976617
13.9005952380952,0.962039151222678,1.16187181981808,0.131122528768729,73.0324431281391
13.9006944444444,0.961961764294745,1.16179115457393,0.131059813223667,73.0330024086261
13.9007936507937,0.961884384354356,1.16171049064982,0.130997127693657,73.0335616391292
13.9008928571429,0.961807011400542,1.16162982804798,0.130934472164674,73.0341208196554
13.9009920634921,0.961729645432324,1.16154916677063,0.13087184662269,73.0346799502113
13.9010912698413,0.961652286448732,1.16146850682,0.130809251053692,73.0352390308037
13.9011904761905,0.961574934448791,1.16138784819831,0.13074668544366,73.0357980614393
13.9012896825397,0.96149758943153,1.16130719090778,0.13068414977859,73.036357042125
13.9013888888889,0.961420251395973,1.16122653495064,0.130621644044474,73.0369159728675
13.9014880952381,0.961342920341151,1.1611458803291,0.130559168227317,73.0374748536735
13.9015873015873,0.961265596266087,1.16106522704538,0.13049672231312,73.0380336845499
13.9016865079365,0.961188279169815,1.1609845751017,0.130434306287898,73.0385924655032
13.9017857142857,0.961110969051357,1.16090392450027,0.130371920137663,73.0391511965404
13.9018849206349,0.961033665909744,1.16082327524332,0.130309563848436,73.0397098776681
13.9019841269841,0.960956369744007,1.16074262733306,0.130247237406244,73.040268508893
13.9020833333333,0.960879080553171,1.1606619807717,0.130184940797115,73.0408270902221
13.9021825396825,0.960801798336268,1.16058133556146,0.130122674007085,73.0413856216619
13.9022817460317,0.960724523092323,1.16050069170455,0.130060437022192,73.0419441032192
13.902380952381,0.960647254820371,1.16042004920317,0.129998229828483,73.0425025349007
13.9024801587302,0.960569993519437,1.16033940805955,0.129936052412005,73.0430609167133
13.9025793650794,0.960492739188555,1.16025876827589,0.129873904758815,73.0436192486637
13.9026785714286,0.960415491826751,1.16017812985439,0.12981178685497,73.0441775307585
13.9027777777778,0.96033825143306,1.16009749279728,0.129749698686536,73.0447357630045
13.902876984127,0.960261018006508,1.16001685710674,0.129687640239579,73.0452939454085
13.9029761904762,0.960183791546129,1.159936222785,0.129625611500177,73.0458520779771
13.9030753968254,0.960106572050952,1.15985558983425,0.129563612454404,73.0464101607172
13.9031746031746,0.960029359520012,1.1597749582567,0.129501643088347,73.0469681936354
13.9032738095238,0.959952153952335,1.15969432805455,0.129439703388093,73.0475261767385
13.903373015873,0.959874955346956,1.15961369923001,0.129377793339735,73.0480841100332
13.9034722222222,0.95979776370291,1.15953307178527,0.129315912929373,73.0486419935262
13.9035714285714,0.959720579019223,1.15945244572253,0.129254062143108,73.0491998272243
13.9036706349206,0.959643401294933,1.159371821044,0.12919224096705,73.0497576111341
13.9037698412698,0.959566230529069,1.15929119775187,0.129130449387309,73.0503153452624
13.903869047619,0.959489066720667,1.15921057584835,0.129068687390005,73.050873029616
13.9039682539683,0.959411909868756,1.15912995533562,0.129006954961259,73.0514306642014
13.9040674603175,0.959334759972375,1.15904933621588,0.128945252087201,73.0519882490255
13.9041666666667,0.959257617030552,1.15896871849133,0.128883578753959,73.052545784095
13.9042658730159,0.959180481042326,1.15888810216416,0.128821934947674,73.0531032694166
13.9043650793651,0.959103352006726,1.15880748723656,0.128760320654485,73.0536607049969
13.9044642857143,0.959026229922791,1.15872687371073,0.128698735860541,73.0542180908428
13.9045634920635,0.958949114789552,1.15864626158886,0.128637180551992,73.0547754269609
13.9046626984127,0.958872006606048,1.15856565087313,0.128575654714998,73.0553327133579
13.9047619047619,0.958794905371308,1.15848504156574,0.128514158335716,73.0558899500405
13.9048611111111,0.958717811084372,1.15840443366887,0.128452691400314,73.0564471370154
13.9049603174603,0.958640723744276,1.15832382718471,0.128391253894966,73.0570042742894
13.9050595238095,0.958563643350051,1.15824322211545,0.128329845805843,73.0575613618691
13.9051587301587,0.958486569900739,1.15816261846327,0.128268467119131,73.0581183997613
13.9052579365079,0.958409503395371,1.15808201623036,0.128207117821012,73.0586753879726
13.9053571428571,0.958332443832987,1.1580014154189,0.128145797897679,73.0592323265098
13.9054563492064,0.958255391212621,1.15792081603107,0.128084507335326,73.0597892153794
13.9055555555556,0.958178345533313,1.15784021806906,0.128023246120155,73.0603460545883
13.9056547619048,0.958101306794096,1.15775962153504,0.12796201423837,73.0609028441432
13.905753968254,0.958024274994012,1.15767902643119,0.127900811676182,73.0614595840506
13.9058531746032,0.957947250132094,1.1575984327597,0.127839638419805,73.0620162743174
13.9059523809524,0.957870232207384,1.15751784052274,0.12777849445546,73.0625729149501
13.9060515873016,0.957793221218916,1.15743724972248,0.127717379769371,73.0631295059556
13.9061507936508,0.957716217165732,1.15735666036111,0.127656294347769,73.0636860473404
13.90625,0.957639220046868,1.1572760724408,0.127595238176885,73.0642425391113
13.9063492063492,0.957562229861363,1.15719548596372,0.127534211242962,73.0647989812749
13.9064484126984,0.957485246608258,1.15711490093205,0.127473213532245,73.0653553738379
13.9065476190476,0.95740827028659,1.15703431734796,0.127412245030979,73.0659117168071
13.9066468253968,0.957331300895401,1.15695373521361,0.127351305725422,73.066468010189
13.906746031746,0.957254338433727,1.15687315453119,0.127290395601829,73.0670242539904
13.9068452380952,0.957177382900611,1.15679257530285,0.127229514646468,73.0675804482179
13.9069444444444,0.957100434295091,1.15671199753077,0.127168662845604,73.0681365928783
13.9070436507936,0.95702349261621,1.15663142121712,0.127107840185514,73.0686926879781
13.9071428571429,0.956946557863005,1.15655084636406,0.127047046652472,73.0692487335241
13.9072420634921,0.956869630034521,1.15647027297375,0.126986282232765,73.0698047295229
13.9073412698413,0.956792709129795,1.15638970104837,0.126925546912678,73.0703606759812
13.9074404761905,0.956715795147871,1.15630913059007,0.126864840678507,73.0709165729057
13.9075396825397,0.956638888087789,1.15622856160103,0.126804163516547,73.071472420303
13.9076388888889,0.956561987948593,1.15614799408339,0.126743515413103,73.0720282181799
13.9077380952381,0.956485094729321,1.15606742803932,0.126682896354481,73.0725839665429
13.9078373015873,0.956408208429019,1.15598686347098,0.126622306326993,73.0731396653987
13.9079365079365,0.956331329046729,1.15590630038054,0.12656174531696,73.0736953147539
13.9080357142857,0.956254456581491,1.15582573877014,0.126501213310699,73.0742509146154
13.9081349206349,0.956177591032352,1.15574517864196,0.126440710294542,73.0748064649896
13.9082341269841,0.95610073239835,1.15566461999813,0.126380236254816,73.0753619658834
13.9083333333333,0.956023880678534,1.15558406284082,0.126319791177862,73.0759174173032
13.9084325396825,0.955947035871943,1.15550350717218,0.126259375050018,73.0764728192558
13.9085317460317,0.955870197977624,1.15542295299437,0.126198987857635,73.0770281717478
13.908630952381,0.955793366994618,1.15534240030953,0.126138629587059,73.0775834747859
13.9087301587302,0.955716542921973,1.15526184911982,0.126078300224651,73.0781387283766
13.9088293650794,0.95563972575873,1.1551812994274,0.126017999756769,73.0786939325268
13.9089285714286,0.955562915503937,1.1551007512344,0.125957728169781,73.079249087243
13.9090277777778,0.955486112156636,1.15502020454299,0.125897485450056,73.0798041925318
13.909126984127,0.955409315715875,1.1549396593553,0.125837271583972,73.0803592484
13.9092261904762,0.955332526180696,1.15485911567348,0.125777086557906,73.0809142548541
13.9093253968254,0.955255743550147,1.15477857349968,0.125716930358247,73.0814692119007
13.9094246031746,0.955178967823275,1.15469803283605,0.125656802971385,73.0820241195466
13.9095238095238,0.955102198999124,1.15461749368472,0.125596704383713,73.0825789777984
13.909623015873,0.955025437076742,1.15453695604785,0.125536634581635,73.0831337866626
13.9097222222222,0.954948682055174,1.15445641992757,0.12547659355155,73.083688546146
13.9098214285714,0.954871933933469,1.15437588532603,0.125416581279874,73.0842432562552
13.9099206349206,0.95479519271067,1.15429535224536,0.125356597753017,73.0847979169967
13.9100198412698,0.95471845838583,1.1542148206877,0.125296642957403,73.0853525283773
13.910119047619,0.954641730957992,1.1541342906552,0.125236716879451,73.0859070904036
13.9102182539683,0.954565010426207,1.15405376215,0.125176819505595,73.0864616030821
13.9103174603175,0.954488296789519,1.15397323517421,0.125116950822266,73.0870160664195
13.9104166666667,0.954411590046981,1.15389270973,0.125057110815906,73.0875704804225
13.9105158730159,0.954334890197637,1.15381218581948,0.124997299472956,73.0881248450976
13.9106150793651,0.95425819724054,1.15373166344479,0.124937516779868,73.0886791604515
13.9107142857143,0.954181511174735,1.15365114260807,0.124877762723091,73.0892334264908
13.9108134920635,0.954104831999272,1.15357062331144,0.124818037289087,73.0897876432221
13.9109126984127,0.954028159713204,1.15349010555704,0.12475834046432,73.0903418106521
13.9110119047619,0.953951494315576,1.153409589347,0.124698672235256,73.0908959287873
13.9111111111111,0.953874835805441,1.15332907468345,0.12463903258837,73.0914499976344
13.9112103174603,0.953798184181847,1.15324856156851,0.124579421510138,73.0920040171999
13.9113095238095,0.953721539443846,1.15316805000431,0.124519838987045,73.0925579874906
13.9114087301587,0.953644901590487,1.15308753999298,0.124460285005576,73.093111908513
13.9115079365079,0.953568270620823,1.15300703153665,0.124400759552227,73.0936657802736
13.9116071428571,0.953491646533901,1.15292652463744,0.124341262613492,73.0942196027792
13.9117063492063,0.953415029328777,1.15284601929746,0.124281794175877,73.0947733760363
13.9118055555556,0.953338419004499,1.15276551551886,0.124222354225885,73.0953271000515
13.9119047619048,0.953261815560121,1.15268501330373,0.124162942750033,73.0958807748315
13.912003968254,0.953185218994693,1.15260451265422,0.124103559734833,73.0964344003828
13.9121031746032,0.953108629307269,1.15252401357243,0.124044205166811,73.0969879767121
13.9122023809524,0.953032046496899,1.15244351606049,0.12398487903249,73.0975415038258
13.9123015873016,0.952955470562637,1.15236302012051,0.123925581318404,73.0980949817308
13.9124007936508,0.952878901503539,1.15228252575461,0.12386631201109,73.0986484104334
13.9125,0.952802339318652,1.1522020329649,0.123807071097086,73.0992017899403
13.9125992063492,0.952725784007035,1.15212154175351,0.123747858562943,73.0997551202582
13.9126984126984,0.952649235567737,1.15204105212255,0.123688674395207,73.1003084013935
13.9127976190476,0.952572693999815,1.15196056407412,0.123629518580438,73.100861633353
13.9128968253968,0.95249615930232,1.15188007761035,0.123570391105194,73.1014148161431
13.912996031746,0.952419631474311,1.15179959273333,0.123511291956043,73.1019679497705
13.9130952380952,0.952343110514837,1.15171910944519,0.123452221119552,73.1025210342418
13.9131944444444,0.952266596422957,1.15163862774804,0.123393178582301,73.1030740695635
13.9132936507937,0.952190089197723,1.15155814764397,0.123334164330866,73.1036270557422
13.9133928571429,0.952113588838193,1.1514776691351,0.123275178351835,73.1041799927846
13.9134920634921,0.952037095343419,1.15139719222354,0.123216220631796,73.1047328806971
13.9135912698413,0.95196060871246,1.15131671691138,0.123157291157346,73.1052857194863
13.9136904761905,0.951884128944369,1.15123624320075,0.123098389915083,73.105838509159
13.9137896825397,0.951807656038203,1.15115577109373,0.123039516891611,73.1063912497215
13.9138888888889,0.951731189993021,1.15107530059243,0.122980672073543,73.1069439411805
13.9139880952381,0.951654730807875,1.15099483169896,0.12292185544749,73.1074965835426
13.9140873015873,0.951578278481827,1.15091436441542,0.122863067000073,73.1080491768143
13.9141865079365,0.951501833013928,1.1508338987439,0.122804306717914,73.1086017210023
13.9142857142857,0.951425394403242,1.1507534346865,0.122745574587644,73.1091542161129
13.9143849206349,0.95134896264882,1.15067297224533,0.122686870595896,73.109706662153
13.9144841269841,0.951272537749725,1.15059251142248,0.122628194729309,73.1102590591289
13.9145833333333,0.95119611970501,1.15051205222004,0.122569546974526,73.1108114070473
13.9146825396825,0.951119708513739,1.15043159464012,0.122510927318197,73.1113637059147
13.9147817460317,0.951043304174964,1.1503511386848,0.122452335746972,73.1119159557378
13.914880952381,0.95096690668775,1.15027068435619,0.122393772247514,73.1124681565229
13.9149801587302,0.95089051605115,1.15019023165636,0.122335236806481,73.1130203082768
13.9150793650794,0.950814132264229,1.15010978058743,0.122276729410544,73.113572411006
13.9151785714286,0.95073775532604,1.15002933115146,0.122218250046375,73.1141244647169
13.9152777777778,0.950661385235647,1.14994888335056,0.122159798700651,73.1146764694163
13.915376984127,0.95058502199211,1.14986843718682,0.122101375360056,73.1152284251106
13.9154761904762,0.950508665594486,1.14978799266231,0.122042980011276,73.1157803318063
13.9155753968254,0.950432316041839,1.14970754977914,0.121984612641005,73.1163321895101
13.9156746031746,0.950355973333225,1.14962710853937,0.121926273235938,73.1168839982285
13.9157738095238,0.95027963746771,1.14954666894512,0.121867961782779,73.117435757968
13.915873015873,0.950203308444349,1.14946623099844,0.121809678268232,73.1179874687351
13.9159722222222,0.95012698626221,1.14938579470143,0.121751422679013,73.1185391305365
13.9160714285714,0.950050670920348,1.14930536005617,0.121693195001834,73.1190907433786
13.9161706349206,0.949974362417829,1.14922492706474,0.121634995223421,73.119642307268
13.9162698412698,0.949898060753712,1.14914449572923,0.121576823330496,73.1201938222113
13.916369047619,0.949821765927063,1.1490640660517,0.121518679309793,73.1207452882149
13.9164682539683,0.949745477936939,1.14898363803424,0.121460563148047,73.1212967052854
13.9165674603175,0.949669196782408,1.14890321167894,0.121402474832,73.1218480734294
13.9166666666667,0.949592922462528,1.14882278698785,0.121344414348396,73.1223993926534
13.9167658730159,0.949516654976364,1.14874236396306,0.121286381683987,73.1229506629639
13.9168650793651,0.949440394322982,1.14866194260666,0.121228376825529,73.1235018843674
13.9169642857143,0.949364140501442,1.14858152292069,0.121170399759781,73.1240530568705
13.9170634920635,0.94928789351081,1.14850110490725,0.121112450473511,73.1246041804797
13.9171626984127,0.949211653350147,1.1484206885684,0.121054528953485,73.1251552552015
13.9172619047619,0.949135420018521,1.14834027390622,0.120996635186482,73.1257062810425
13.9173611111111,0.949059193514992,1.14825986092277,0.120938769159279,73.1262572580091
13.9174603174603,0.94898297383863,1.14817944962013,0.120880930858664,73.126808186108
13.9175595238095,0.948906760988495,1.14809904000036,0.120823120271422,73.1273590653456
13.9176587301587,0.948830554963656,1.14801863206553,0.120765337384353,73.1279098957284
13.9177579365079,0.948754355763174,1.1479382258177,0.120707582184251,73.1284606772629
13.9178571428571,0.94867816338612,1.14785782125895,0.120649854657925,73.1290114099558
13.9179563492063,0.948601977831555,1.14777741839133,0.12059215479218,73.1295620938134
13.9180555555556,0.948525799098549,1.14769701721691,0.120534482573834,73.1301127288423
13.9181547619048,0.948449627186164,1.14761661773775,0.120476837989702,73.130663315049
13.918253968254,0.948373462093469,1.14753621995591,0.12041922102661,73.1312138524401
13.9183531746032,0.948297303819533,1.14745582387347,0.120361631671388,73.131764341022
13.9184523809524,0.948221152363418,1.14737542949246,0.120304069910866,73.1323147808012
13.9185515873016,0.948145007724197,1.14729503681496,0.120246535731885,73.1328651717843
13.9186507936508,0.948068869900931,1.14721464584302,0.120189029121286,73.1334155139777
13.91875,0.947992738892694,1.1471342565787,0.12013155006592,73.133965807388
13.9188492063492,0.947916614698548,1.14705386902405,0.120074098552637,73.1345160520217
13.9189484126984,0.947840497317567,1.14697348318114,0.120016674568297,73.1350662478851
13.9190476190476,0.947764386748814,1.146893099052,0.119959278099761,73.135616394985
13.9191468253968,0.947688282991362,1.14681271663871,0.119901909133899,73.1361664933277
13.919246031746,0.947612186044276,1.1467323359433,0.11984456765758,73.1367165429198
13.9193452380952,0.947536095906628,1.14665195696784,0.119787253657684,73.1372665437677
13.9194444444444,0.947460012577485,1.14657157971437,0.119729967121092,73.137816495878
13.9195436507936,0.94738393605592,1.14649120418494,0.119672708034693,73.138366399257
13.9196428571429,0.947307866340999,1.14641083038159,0.119615476385375,73.1389162539114
13.9197420634921,0.947231803431792,1.14633045830639,0.119558272160037,73.1394660598476
13.9198412698413,0.947155747327374,1.14625008796137,0.119501095345583,73.1400158170722
13.9199404761905,0.94707969802681,1.14616971934858,0.119443945928915,73.1405655255915
13.9200396825397,0.947003655529174,1.14608935247006,0.119386823896949,73.141115185412
13.9201388888889,0.946927619833535,1.14600898732786,0.119329729236596,73.1416647965403
13.9202380952381,0.946851590938966,1.14592862392403,0.119272661934783,73.1422143589829
13.9203373015873,0.946775568844536,1.1458482622606,0.119215621978431,73.1427638727462
13.9204365079365,0.94669955354932,1.14576790233961,0.119158609354475,73.1433133378366
13.9205357142857,0.946623545052386,1.14568754416311,0.119101624049846,73.1438627542607
13.9206349206349,0.946547543352809,1.14560718773313,0.11904466605149,73.144412122025
13.9207341269841,0.946471548449659,1.14552683305172,0.118987735346347,73.1449614411359
13.9208333333333,0.946395560342012,1.14544648012091,0.118930831921373,73.1455107115999
13.9209325396825,0.946319579028936,1.14536612894273,0.118873955763518,73.1460599334235
13.9210317460317,0.946243604509509,1.14528577951923,0.118817106859746,73.1466091066131
13.921130952381,0.946167636782799,1.14520543185243,0.118760285197019,73.1471582311752
13.9212301587302,0.946091675847882,1.14512508594437,0.118703490762308,73.1477073071162
13.9213293650794,0.946015721703835,1.14504474179708,0.11864672354259,73.1482563344427
13.9214285714286,0.945939774349726,1.1449643994126,0.118589983524841,73.1488053131612
13.9215277777778,0.945863833784635,1.14488405879296,0.118533270696048,73.149354243278
13.921626984127,0.945787900007631,1.14480371994018,0.118476585043198,73.1499031247996
13.9217261904762,0.945711973017793,1.1447233828563,0.118419926553287,73.1504519577325
13.9218253968254,0.945636052814192,1.14464304754333,0.118363295213313,73.1510007420831
13.9219246031746,0.945560139395906,1.14456271400332,0.118306691010282,73.151549477858
13.9220238095238,0.945484232762009,1.14448238223829,0.118250113931199,73.1520981650635
13.922123015873,0.945408332911578,1.14440205225025,0.118193563963082,73.1526468037061
13.9222222222222,0.945332439843685,1.14432172404124,0.118137041092945,73.1531953937923
13.9223214285714,0.945256553557412,1.14424139761328,0.118080545307816,73.1537439353285
13.9224206349206,0.945180674051829,1.14416107296839,0.118024076594719,73.1542924283212
13.9225198412698,0.945104801326017,1.14408075010859,0.117967634940691,73.1548408727768
13.922619047619,0.94502893537905,1.1440004290359,0.117911220332767,73.1553892687018
13.9227182539683,0.944953076210006,1.14392010975235,0.11785483275799,73.1559376161025
13.9228174603175,0.944877223817964,1.14383979225995,0.117798472203411,73.1564859149856
13.9229166666667,0.944801378201997,1.14375947656072,0.117742138656079,73.1570341653573
13.9230158730159,0.944725539361188,1.14367916265667,0.117685832103054,73.1575823672242
13.9231150793651,0.94464970729461,1.14359885054983,0.117629552531396,73.1581305205926
13.9232142857143,0.944573882001345,1.1435185402422,0.117573299928175,73.1586786254691
13.9233134920635,0.944498063480468,1.1434382317358,0.11751707428046,73.15922668186
13.9234126984127,0.94442225173106,1.14335792503265,0.117460875575331,73.1597746897718
13.9235119047619,0.944346446752198,1.14327762013475,0.117404703799866,73.1603226492109
13.9236111111111,0.944270648542963,1.14319731704412,0.117348558941157,73.1608705601838
13.9237103174603,0.944194857102432,1.14311701576276,0.11729244098629,73.1614184226969
13.9238095238095,0.944119072429687,1.14303671629269,0.117236349922366,73.1619662367566
13.9239087301587,0.944043294523805,1.14295641863592,0.117180285736483,73.1625140023693
13.9240079365079,0.943967523383869,1.14287612279445,0.11712424841575,73.1630617195416
13.9241071428571,0.943891759008955,1.14279582877029,0.117068237947274,73.1636093882797
13.9242063492064,0.943816001398147,1.14271553656544,0.117012254318175,73.1641570085902
13.9243055555556,0.943740250550526,1.14263524618191,0.116956297515573,73.1647045804793
13.9244047619048,0.943664506465169,1.1425549576217,0.116900367526592,73.1652521039537
13.924503968254,0.943588769141162,1.14247467088682,0.116844464338364,73.1657995790196
13.9246031746032,0.943513038577581,1.14239438597926,0.116788587938023,73.1663470056836
13.9247023809524,0.943437314773513,1.14231410290104,0.116732738312712,73.166894383952
13.9248015873016,0.943361597728036,1.14223382165414,0.116676915449573,73.1674417138312
13.9249007936508,0.943285887440234,1.14215354224057,0.116621119335758,73.1679889953276
13.925,0.943210183909187,1.14207326466232,0.11656534995842,73.1685362284478
13.9250992063492,0.943134487133982,1.1419929889214,0.116509607304721,73.169083413198
13.9251984126984,0.943058797113695,1.14191271501979,0.116453891361823,73.1696305495847
13.9252976190476,0.942983113847416,1.1418324429595,0.116398202116899,73.1701776376142
13.9253968253968,0.942907437334222,1.14175217274251,0.11634253955712,73.1707246772931
13.925496031746,0.942831767573202,1.14167190437083,0.116286903669668,73.1712716686277
13.9255952380952,0.942756104563435,1.14159163784644,0.116231294441724,73.1718186116244
13.9256944444444,0.942680448304007,1.14151137317133,0.116175711860479,73.1723655062896
13.9257936507937,0.942604798794003,1.14143111034751,0.116120155913127,73.1729123526298
13.9258928571429,0.942529156032505,1.14135084937694,0.116064626586866,73.1734591506512
13.9259920634921,0.942453520018601,1.14127059026164,0.1160091238689,73.1740059003603
13.9260912698413,0.942377890751371,1.14119033300357,0.115953647746436,73.1745526017636
13.9261904761905,0.942302268229905,1.14111007760473,0.115898198206691,73.1750992548674
13.9262896825397,0.942226652453285,1.14102982406711,0.115842775236878,73.175645859678
13.9263888888889,0.942151043420598,1.14094957239268,0.115787378824225,73.176192416202
13.9264880952381,0.942075441130928,1.14086932258344,0.115732008955956,73.1767389244456
13.9265873015873,0.941999845583364,1.14078907464137,0.115676665619307,73.1772853844153
13.9266865079365,0.941924256776989,1.14070882856844,0.115621348801512,73.1778317961174
13.9267857142857,0.941848674710892,1.14062858436665,0.115566058489818,73.1783781595584
13.9268849206349,0.941773099384157,1.14054834203796,0.115510794671468,73.1789244747447
13.9269841269841,0.941697530795874,1.14046810158437,0.115455557333718,73.1794707416825
13.9270833333333,0.941621968945127,1.14038786300784,0.115400346463822,73.1800169603783
13.9271825396825,0.941546413831005,1.14030762631036,0.115345162049043,73.1805631308386
13.9272817460317,0.941470865452597,1.1402273914939,0.115290004076651,73.1811092530695
13.927380952381,0.941395323808988,1.14014715856044,0.115234872533913,73.1816553270776
13.9274801587302,0.941319788899268,1.14006692751195,0.115179767408109,73.1822013528692
13.9275793650794,0.941244260722524,1.13998669835041,0.115124688686517,73.1827473304507
13.9276785714286,0.941168739277846,1.13990647107779,0.115069636356428,73.1832932598285
13.9277777777778,0.941093224564321,1.13982624569606,0.115014610405129,73.1838391410089
13.927876984127,0.94101771658104,1.13974602220719,0.11495961081992,73.1843849739982
13.9279761904762,0.940942215327089,1.13966580061315,0.114904637588097,73.184930758803
13.9280753968254,0.940866720801562,1.13958558091591,0.114849690696971,73.1854764954295
13.9281746031746,0.940791233003544,1.13950536311744,0.114794770133849,73.1860221838841
13.9282738095238,0.940715751932129,1.1394251472197,0.114739875886049,73.1865678241732
13.928373015873,0.940640277586403,1.13934493322467,0.114685007940889,73.1871134163031
13.9284722222222,0.94056480996546,1.13926472113431,0.114630166285698,73.1876589602802
13.9285714285714,0.940489349068388,1.13918451095058,0.114575350907801,73.1882044561108
13.9286706349206,0.940413894894279,1.13910430267544,0.114520561794537,73.1887499038014
13.9287698412698,0.940338447442226,1.13902409631086,0.114465798933246,73.1892953033582
13.928869047619,0.940263006711316,1.1389438918588,0.11441106231127,73.1898406547877
13.9289682539683,0.940187572700645,1.13886368932122,0.114356351915962,73.1903859580962
13.9290674603175,0.940112145409301,1.13878348870008,0.114301667734673,73.19093121329
13.9291666666667,0.940036724836379,1.13870328999734,0.114247009754767,73.1914764203754
13.9292658730159,0.939961310980968,1.13862309321496,0.114192377963603,73.192021579359
13.9293650793651,0.939885903842164,1.13854289835489,0.114137772348554,73.1925666902469
13.9294642857143,0.939810503419056,1.13846270541908,0.114083192896991,73.1931117530455
13.9295634920635,0.939735109710741,1.13838251440951,0.114028639596297,73.1936567677613
13.9296626984127,0.939659722716308,1.1383023253281,0.113974112433851,73.1942017344004
13.9297619047619,0.939584342434855,1.13822213817684,0.113919611397046,73.1947466529693
13.9298611111111,0.93950896886547,1.13814195295765,0.113865136473271,73.1952915234744
13.9299603174603,0.939433602007252,1.1380617696725,0.113810687649929,73.1958363459219
13.9300595238095,0.939358241859291,1.13798158832333,0.113756264914419,73.1963811203182
13.9301587301587,0.939282888420683,1.1379014089121,0.113701868254152,73.1969258466696
13.9302579365079,0.939207541690525,1.13782123144075,0.113647497656541,73.1974705249825
13.9303571428571,0.939132201667907,1.13774105591123,0.113593153109001,73.1980151552632
13.9304563492063,0.939056868351929,1.13766088232549,0.113538834598958,73.198559737518
13.9305555555556,0.938981541741682,1.13758071068547,0.113484542113837,73.1991042717533
13.9306547619048,0.938906221836264,1.13750054099312,0.113430275641074,73.1996487579754
13.930753968254,0.938830908634768,1.13742037325038,0.113376035168101,73.2001931961906
13.9308531746032,0.938755602136295,1.1373402074592,0.113321820682365,73.2007375864052
13.9309523809524,0.938680302339935,1.13726004362151,0.11326763217131,73.2012819286256
13.9310515873016,0.938605009244789,1.13717988173926,0.113213469622391,73.2018262228582
13.9311507936508,0.93852972284995,1.13709972181438,0.113159333023061,73.2023704691092
13.93125,0.938454443154519,1.13701956384882,0.113105222360785,73.2029146673849
13.9313492063492,0.938379170157589,1.13693940784451,0.113051137623026,73.2034588176917
13.9314484126984,0.93830390385826,1.1368592538034,0.11299707879726,73.2040029200358
13.9315476190476,0.938228644255628,1.13677910172741,0.112943045870959,73.2045469744237
13.9316468253968,0.93815339134879,1.13669895161848,0.112889038831605,73.2050909808616
13.931746031746,0.938078145136849,1.13661880347856,0.112835057666687,73.2056349393558
13.9318452380952,0.938002905618897,1.13653865730956,0.112781102363693,73.2061788499127
13.9319444444444,0.937927672794037,1.13645851311343,0.11272717291012,73.2067227125385
13.9320436507937,0.937852446661364,1.13637837089209,0.112673269293467,73.2072665272396
13.9321428571429,0.93777722721998,1.13629823064748,0.112619391501242,73.2078102940223
13.9322420634921,0.937702014468982,1.13621809238152,0.112565539520953,73.2083540128929
13.9323412698413,0.937626808407472,1.13613795609615,0.112511713340117,73.2088976838576
13.9324404761905,0.937551609034545,1.13605782179329,0.112457912946253,73.2094413069229
13.9325396825397,0.937476416349307,1.13597768947486,0.112404138326887,73.2099848820949
13.9326388888889,0.937401230350852,1.13589755914281,0.112350389469547,73.21052840938
13.9327380952381,0.937326051038286,1.13581743079904,0.11229666636177,73.2110718887846
13.9328373015873,0.937250878410704,1.13573730444549,0.112242968991093,73.2116153203148
13.9329365079365,0.937175712467212,1.13565718008407,0.112189297345063,73.2121587039771
13.9330357142857,0.937100553206906,1.13557705771671,0.112135651411227,73.2127020397776
13.9331349206349,0.937025400628891,1.13549693734534,0.112082031177141,73.2132453277227
13.9332341269841,0.936950254732268,1.13541681897186,0.112028436630364,73.2137885678187
13.9333333333333,0.936875115516136,1.13533670259821,0.111974867758458,73.2143317600719
13.9334325396825,0.936799982979601,1.13525658822629,0.111921324548995,73.2148749044885
13.9335317460317,0.936724857121762,1.13517647585803,0.111867806989545,73.2154180010749
13.933630952381,0.936649737941723,1.13509636549535,0.111814315067691,73.2159610498373
13.9337301587302,0.936574625438585,1.13501625714015,0.111760848771011,73.216504050782
13.9338293650794,0.936499519611454,1.13493615079436,0.111707408087098,73.2170470039153
13.9339285714286,0.936424420459429,1.13485604645988,0.111653993003541,73.2175899092435
13.9340277777778,0.936349327981617,1.13477594413864,0.111600603507943,73.2181327667729
13.934126984127,0.936274242177118,1.13469584383254,0.111547239587901,73.2186755765097
13.9342261904762,0.936199163045039,1.13461574554349,0.111493901231029,73.2192183384603
13.9343253968254,0.936124090584482,1.1345356492734,0.111440588424934,73.2197610526309
13.9344246031746,0.936049024794553,1.13445555502419,0.111387301157237,73.2203037190277
13.9345238095238,0.935973965674354,1.13437546279776,0.111334039415558,73.2208463376571
13.934623015873,0.935898913222991,1.13429537259601,0.111280803187526,73.2213889085253
13.9347222222222,0.935823867439572,1.13421528442086,0.111227592460774,73.2219314316386
13.9348214285714,0.935748828323196,1.13413519827421,0.111174407222936,73.2224739070033
13.9349206349206,0.935673795872974,1.13405511415796,0.111121247461657,73.2230163346256
13.9350198412698,0.935598770088008,1.13397503207402,0.111068113164581,73.2235587145119
13.935119047619,0.935523750967407,1.1338949520243,0.111015004319362,73.2241010466683
13.9352182539683,0.935448738510273,1.13381487401068,0.110961920913653,73.2246433311011
13.9353174603175,0.935373732715717,1.13373479803508,0.11090886293512,73.2251855678166
13.9354166666667,0.935298733582841,1.13365472409938,0.110855830371425,73.2257277568211
13.9355158730159,0.935223741110756,1.1335746522055,0.110802823210242,73.2262698981207
13.9356150793651,0.935148755298565,1.13349458235533,0.110749841439244,73.2268119917219
13.9357142857143,0.93507377614538,1.13341451455077,0.110696885046115,73.2273540376308
13.9358134920635,0.934998803650303,1.1333344487937,0.110643954018538,73.2278960358537
13.9359126984127,0.934923837812447,1.13325438508604,0.110591048344205,73.2284379863968
13.9360119047619,0.934848878630915,1.13317432342966,0.110538168010811,73.2289798892664
13.9361111111111,0.934773926104818,1.13309426382647,0.110485313006056,73.2295217444687
13.9362103174603,0.934698980233266,1.13301420627836,0.110432483317646,73.23006355201
13.9363095238095,0.934624041015364,1.13293415078721,0.11037967893329,73.2306053118966
13.9364087301587,0.934549108450225,1.13285409735492,0.110326899840705,73.2311470241347
13.9365079365079,0.934474182536953,1.13277404598338,0.110274146027607,73.2316886887305
13.9366071428571,0.934399263274662,1.13269399667448,0.110221417481725,73.2322303056902
13.9367063492064,0.934324350662458,1.1326139494301,0.110168714190784,73.2327718750202
13.9368055555556,0.934249444699455,1.13253390425214,0.110116036142522,73.2333133967266
13.9369047619048,0.934174545384758,1.13245386114247,0.110063383324676,73.2338548708158
13.937003968254,0.934099652717481,1.13237382010298,0.110010755724993,73.2343962972939
13.9371031746032,0.934024766696732,1.13229378113555,0.109958153331217,73.2349376761671
13.9372023809524,0.933949887321625,1.13221374424208,0.109905576131107,73.2354790074418
13.9373015873016,0.933875014591267,1.13213370942443,0.109853024112418,73.2360202911241
13.9374007936508,0.933800148504774,1.1320536766845,0.109800497262917,73.2365615272202
13.9375,0.933725289061251,1.13197364602415,0.109747995570368,73.2371027157365
13.9375992063492,0.933650436259814,1.13189361744528,0.109695519022547,73.2376438566791
13.9376984126984,0.933575590099577,1.13181359094976,0.109643067607234,73.2381849500543
13.9377976190476,0.933500750579646,1.13173356653946,0.109590641312209,73.2387259958682
13.9378968253968,0.933425917699139,1.13165354421626,0.109538240125262,73.2392669941272
13.937996031746,0.933351091457164,1.13157352398205,0.109485864034183,73.2398079448374
13.9380952380952,0.933276271852839,1.13149350583868,0.109433513026773,73.2403488480051
13.9381944444444,0.933201458885271,1.13141348978804,0.109381187090832,73.2408897036364
13.9382936507936,0.933126652553579,1.131333475832,0.109328886214169,73.2414305117376
13.9383928571429,0.933051852856871,1.13125346397243,0.109276610384595,73.241971272315
13.9384920634921,0.932977059794266,1.1311734542112,0.109224359589929,73.2425119853747
13.9385912698413,0.932902273364874,1.13109344655018,0.109172133817991,73.2430526509229
13.9386904761905,0.932827493567813,1.13101344099124,0.109119933056609,73.2435932689659
13.9387896825397,0.932752720402192,1.13093343753625,0.109067757293614,73.2441338395099
13.9388888888889,0.932677953867132,1.13085343618707,0.109015606516845,73.244674362561
13.9389880952381,0.932603193961742,1.13077343694558,0.108963480714139,73.2452148381256
13.9390873015873,0.932528440685141,1.13069343981362,0.108911379873346,73.2457552662097
13.9391865079365,0.932453694036444,1.13061344479308,0.108859303982317,73.2462956468197
13.9392857142857,0.932378954014765,1.13053345188581,0.108807253028906,73.2468359799616
13.9393849206349,0.932304220619222,1.13045346109368,0.108755227000976,73.2473762656418
13.9394841269841,0.932229493848928,1.13037347241855,0.108703225886392,73.2479165038664
13.9395833333333,0.932154773703003,1.13029348586227,0.108651249673026,73.2484566946416
13.9396825396825,0.932080060180559,1.13021350142671,0.10859929834875,73.2489968379737
13.9397817460317,0.932005353280718,1.13013351911373,0.108547371901449,73.2495369338687
13.939880952381,0.931930653002592,1.13005353892517,0.108495470319005,73.2500769823329
13.9399801587302,0.931855959345303,1.12997356086291,0.108443593589311,73.2506169833726
13.9400793650794,0.931781272307963,1.12989358492879,0.108391741700258,73.2511569369939
13.9401785714286,0.931706591889695,1.12981361112468,0.108339914639751,73.2516968432029
13.9402777777778,0.931631918089613,1.12973363945242,0.10828811239569,73.2522367020059
13.940376984127,0.931557250906838,1.12965366991386,0.108236334955989,73.2527765134091
13.9404761904762,0.931482590340486,1.12957370251087,0.108184582308558,73.2533162774186
13.9405753968254,0.931407936389676,1.12949373724528,0.108132854441319,73.2538559940407
13.9406746031746,0.931333289053529,1.12941377411896,0.108081151342198,73.2543956632816
13.9407738095238,0.931258648331161,1.12933381313374,0.108029472999121,73.2549352851473
13.940873015873,0.931184014221695,1.12925385429149,0.107977819400024,73.2554748596441
13.9409722222222,0.931109386724246,1.12917389759404,0.107926190532844,73.2560143867782
13.9410714285714,0.931034765837939,1.12909394304324,0.107874586385527,73.2565538665557
13.9411706349206,0.930960151561888,1.12901399064094,0.107823006946019,73.2570932989829
13.9412698412698,0.930885543895219,1.12893404038898,0.107771452202277,73.2576326840659
13.941369047619,0.930810942837048,1.1288540922892,0.107719922142256,73.2581720218108
13.9414682539683,0.930736348386499,1.12877414634346,0.107668416753922,73.2587113122239
13.9415674603175,0.930661760542689,1.12869420255358,0.10761693602524,73.2592505553114
13.9416666666667,0.930587179304744,1.12861426092142,0.107565479944186,73.2597897510793
13.9417658730159,0.930512604671781,1.1285343214488,0.107514048498735,73.2603288995339
13.9418650793651,0.930438036642926,1.12845438413758,0.107462641676873,73.2608680006813
13.9419642857143,0.930363475217296,1.12837444898958,0.107411259466584,73.2614070545277
13.9420634920635,0.930288920394015,1.12829451600664,0.107359901855863,73.2619460610793
13.9421626984127,0.930214372172208,1.12821458519061,0.107308568832708,73.2624850203422
13.9422619047619,0.930139830550994,1.12813465654331,0.107257260385118,73.2630239323226
13.9423611111111,0.930065295529498,1.12805473006659,0.107205976501103,73.2635627970266
13.9424603174603,0.929990767106841,1.12797480576226,0.107154717168673,73.2641016144604
13.9425595238095,0.929916245282149,1.12789488363218,0.107103482375847,73.2646403846302
13.9426587301587,0.929841730054541,1.12781496367816,0.107052272110643,73.2651791075421
13.9427579365079,0.929767221423146,1.12773504590203,0.107001086361092,73.2657177832022
13.9428571428571,0.929692719387084,1.12765513030564,0.106949925115222,73.2662564116169
13.9429563492063,0.929618223945482,1.1275752168908,0.106898788361071,73.266794992792
13.9430555555556,0.929543735097461,1.12749530565934,0.106847676086679,73.2673335267339
13.9431547619048,0.929469252842149,1.1274153966131,0.106796588280094,73.2678720134487
13.943253968254,0.929394777178668,1.12733548975388,0.106745524929364,73.2684104529425
13.9433531746032,0.929320308106147,1.12725558508354,0.106694486022548,73.2689488452214
13.9434523809524,0.929245845623706,1.12717568260387,0.106643471547703,73.2694871902917
13.9435515873016,0.929171389730473,1.12709578231671,0.106592481492897,73.2700254881594
13.9436507936508,0.929096940425577,1.12701588422389,0.1065415158462,73.2705637388307
13.94375,0.929022497708139,1.12693598832721,0.106490574595687,73.2711019423118
13.9438492063492,0.928948061577289,1.12685609462851,0.106439657729439,73.2716400986087
13.9439484126984,0.92887363203215,1.12677620312959,0.106388765235539,73.2721782077276
13.9440476190476,0.928799209071853,1.12669631383229,0.106337897102079,73.2727162696747
13.9441468253968,0.92872479269552,1.12661642673841,0.106287053317152,73.273254284456
13.944246031746,0.928650382902282,1.12653654184978,0.106236233868859,73.2737922520778
13.9443452380952,0.928575979691264,1.1264566591682,0.106185438745302,73.2743301725461
13.9444444444444,0.928501583061597,1.1263767786955,0.106134667934594,73.2748680458671
13.9445436507937,0.928427193012404,1.12629690043348,0.106083921424846,73.2754058720469
13.9446428571429,0.928352809542817,1.12621702438396,0.10603319920418,73.2759436510916
13.9447420634921,0.928278432651962,1.12613715054875,0.105982501260716,73.2764813830073
13.9448412698413,0.92820406233897,1.12605727892967,0.105931827582587,73.2770190678003
13.9449404761905,0.928129698602966,1.12597740952851,0.105881178157923,73.2775567054765
13.9450396825397,0.928055341443082,1.1258975423471,0.105830552974865,73.2780942960422
13.9451388888889,0.927980990858448,1.12581767738723,0.105779952021556,73.2786318395034
13.9452380952381,0.92790664684819,1.12573781465072,0.105729375286143,73.2791693358662
13.9453373015873,0.927832309411442,1.12565795413938,0.105678822756782,73.2797067851369
13.9454365079365,0.92775797854733,1.12557809585499,0.105628294421627,73.2802441873214
13.9455357142857,0.927683654254988,1.12549823979939,0.105577790268845,73.2807815424259
13.9456349206349,0.927609336533542,1.12541838597435,0.1055273102866,73.2813188504566
13.9457341269841,0.927535025382126,1.1253385343817,0.105476854463068,73.2818561114195
13.9458333333333,0.927460720799869,1.12525868502322,0.105426422786423,73.2823933253207
13.9459325396825,0.927386422785905,1.12517883790072,0.105376015244851,73.2829304921663
13.9460317460317,0.92731213133936,1.125098993016,0.105325631826537,73.2834676119626
13.946130952381,0.927237846459372,1.12501915037086,0.105275272519674,73.2840046847154
13.9462301587302,0.927163568145067,1.12493930996709,0.105224937312457,73.2845417104311
13.9463293650794,0.927089296395582,1.1248594718065,0.105174626193092,73.2850786891156
13.9464285714286,0.927015031210044,1.12477963589087,0.105124339149781,73.285615620775
13.9465277777778,0.926940772587589,1.124699802222,0.105074076170738,73.2861525054156
13.946626984127,0.926866520527351,1.1246199708017,0.10502383724418,73.2866893430433
13.9467261904762,0.92679227502846,1.12454014163174,0.104973622358327,73.2872261336642
13.9468253968254,0.926718036090051,1.12446031471393,0.104923431501406,73.2877628772845
13.9469246031746,0.926643803711255,1.12438049005004,0.104873264661648,73.2882995739103
13.9470238095238,0.926569577891209,1.12430066764188,0.104823121827289,73.2888362235476
13.947123015873,0.926495358629044,1.12422084749124,0.104773002986568,73.2893728262025
13.9472222222222,0.926421145923896,1.12414102959989,0.104722908127734,73.2899093818812
13.9473214285714,0.926346939774897,1.12406121396964,0.104672837239035,73.2904458905897
13.9474206349206,0.926272740181186,1.12398140060226,0.104622790308728,73.290982352334
13.9475198412698,0.926198547141892,1.12390158949953,0.104572767325071,73.2915187671204
13.947619047619,0.926124360656156,1.12382178066326,0.104522768276331,73.2920551349547
13.9477182539683,0.926050180723108,1.12374197409521,0.104472793150778,73.2925914558433
13.9478174603175,0.925976007341887,1.12366216979718,0.104422841936687,73.2931277297921
13.9479166666667,0.925901840511627,1.12358236777093,0.104372914622336,73.2936639568072
13.9480158730159,0.925827680231463,1.12350256801826,0.104323011196011,73.2942001368946
13.9481150793651,0.925753526500536,1.12342277054095,0.104273131646003,73.2947362700605
13.9482142857143,0.925679379317976,1.12334297534077,0.104223275960603,73.295272356311
13.9483134920635,0.925605238682925,1.1232631824195,0.104173444128113,73.2958083956521
13.9484126984127,0.925531104594516,1.12318339177892,0.104123636136836,73.2963443880898
13.9485119047619,0.92545697705189,1.12310360342081,0.104073851975081,73.2968803336303
13.9486111111111,0.925382856054179,1.12302381734693,0.104024091631162,73.2974162322796
13.9487103174603,0.925308741600527,1.12294403355907,0.103974355093398,73.2979520840438
13.9488095238095,0.925234633690066,1.122864252059,0.103924642350112,73.298487888929
13.9489087301587,0.925160532321938,1.12278447284848,0.103874953389633,73.2990236469412
13.9490079365079,0.925086437495279,1.1227046959293,0.103825288200293,73.2995593580865
13.9491071428571,0.925012349209229,1.12262492130322,0.103775646770433,73.3000950223709
13.9492063492063,0.924938267462925,1.12254514897201,0.103726029088393,73.3006306398005
13.9493055555556,0.924864192255509,1.12246537893745,0.103676435142523,73.3011662103814
13.9494047619048,0.924790123586116,1.12238561120129,0.103626864921174,73.3017017341196
13.949503968254,0.924716061453888,1.1223058457653,0.103577318412705,73.3022372110212
13.9496031746032,0.924642005857966,1.12222608263126,0.103527795605479,73.3027726410922
13.9497023809524,0.924567956797486,1.12214632180092,0.103478296487862,73.3033080243387
13.9498015873016,0.924493914271593,1.12206656327606,0.103428821048228,73.3038433607667
13.9499007936508,0.924419878279423,1.12198680705842,0.103379369274952,73.3043786503824
13.95,0.92434584882012,1.12190705314979,0.103329941156419,73.3049138931916
13.9500992063492,0.924271825892821,1.12182730155191,0.103280536681012,73.3054490892006
13.9501984126984,0.924197809496671,1.12174755226654,0.103231155837126,73.3059842384152
13.9502976190476,0.924123799630808,1.12166780529545,0.103181798613155,73.3065193408417
13.9503968253968,0.924049796294376,1.1215880606404,0.103132464997504,73.307054396486
13.950496031746,0.923975799486515,1.12150831830314,0.103083154978576,73.3075894053541
13.9505952380952,0.923901809206369,1.12142857828543,0.103033868544784,73.3081243674522
13.9506944444444,0.923827825453077,1.12134884058902,0.102984605684543,73.3086592827862
13.9507936507936,0.923753848225786,1.12126910521567,0.102935366386276,73.3091941513621
13.9508928571429,0.923679877523634,1.12118937216713,0.102886150638406,73.3097289731861
13.9509920634921,0.923605913345765,1.12110964144516,0.102836958429366,73.3102637482641
13.9510912698413,0.923531955691326,1.1210299130515,0.102787789747591,73.3107984766022
13.9511904761905,0.923458004559455,1.12095018698792,0.102738644581521,73.3113331582065
13.9512896825397,0.923384059949301,1.12087046325615,0.102689522919602,73.3118677930828
13.9513888888889,0.923310121860002,1.12079074185795,0.102640424750283,73.3124023812373
13.9514880952381,0.923236190290707,1.12071102279507,0.102591350062021,73.3129369226761
13.9515873015873,0.923162265240557,1.12063130606924,0.102542298843274,73.313471417405
13.9516865079365,0.923088346708699,1.12055159168223,0.102493271082508,73.3140058654302
13.9517857142857,0.923014434694275,1.12047187963577,0.102444266768192,73.3145402667577
13.9518849206349,0.922940529196433,1.12039216993161,0.102395285888802,73.3150746213935
13.9519841269841,0.922866630214315,1.12031246257149,0.102346328432814,73.3156089293436
13.9520833333333,0.922792737747071,1.12023275755715,0.102297394388717,73.316143190614
13.9521825396825,0.922718851793841,1.12015305489034,0.102248483744996,73.3166774052108
13.9522817460317,0.922644972353776,1.1200733545728,0.102199596490148,73.3172115731399
13.952380952381,0.922571099426018,1.11999365660627,0.102150732612669,73.3177456944074
13.9524801587302,0.922497233009716,1.11991396099247,0.102101892101064,73.3182797690193
13.9525793650794,0.922423373104017,1.11983426773317,0.102053074943845,73.3188137969816
13.9526785714286,0.922349519708065,1.11975457683008,0.10200428112952,73.3193477783004
13.9527777777778,0.922275672821011,1.11967488828495,0.101955510646611,73.3198817129815
13.952876984127,0.922201832441998,1.1195952020995,0.10190676348364,73.3204156010311
13.9529761904762,0.922127998570178,1.11951551827549,0.101858039629135,73.3209494424551
13.9530753968254,0.922054171204695,1.11943583681463,0.101809339071629,73.3214832372596
13.9531746031746,0.921980350344699,1.11935615771866,0.101760661799661,73.3220169854505
13.9532738095238,0.921906535989337,1.11927648098931,0.101712007801772,73.3225506870339
13.953373015873,0.92183272813776,1.11919680662832,0.101663377066512,73.3230843420156
13.9534722222222,0.921758926789112,1.1191171346374,0.10161476958243,73.3236179504019
13.9535714285714,0.921685131942547,1.1190374650183,0.101566185338086,73.3241515121986
13.9536706349206,0.92161134359721,1.11895779777273,0.101517624322041,73.3246850274117
13.9537698412698,0.921537561752255,1.11887813290242,0.101469086522863,73.3252184960472
13.953869047619,0.921463786406826,1.11879847040911,0.101420571929123,73.3257519181112
13.9539682539683,0.921390017560077,1.11871881029451,0.101372080529397,73.3262852936096
13.9540674603175,0.921316255211158,1.11863915256034,0.10132361231227,73.3268186225484
13.9541666666667,0.921242499359216,1.11855949720834,0.101275167266326,73.3273519049336
13.9542658730159,0.921168750003406,1.11847984424022,0.101226745380157,73.3278851407711
13.9543650793651,0.921095007142874,1.1184001936577,0.101178346642358,73.328418330067
13.9544642857143,0.921021270776776,1.11832054546251,0.101129971041533,73.3289514728273
13.9545634920635,0.920947540904259,1.11824089965636,0.101081618566284,73.3294845690579
13.9546626984127,0.920873817524478,1.11816125624097,0.101033289205227,73.3300176187648
13.9547619047619,0.92080010063658,1.11808161521806,0.100984982946973,73.330550621954
13.9548611111111,0.920726390239723,1.11800197658934,0.100936699780146,73.3310835786315
13.9549603174603,0.920652686333054,1.11792234035653,0.100888439693369,73.3316164888032
13.9550595238095,0.920578988915729,1.11784270652135,0.100840202675274,73.3321493524752
13.9551587301587,0.920505297986897,1.1177630750855,0.100791988714495,73.3326821696533
13.9552579365079,0.920431613545715,1.11768344605071,0.100743797799675,73.3332149403436
13.9553571428571,0.920357935591332,1.11760381941867,0.100695629919455,73.3337476645521
13.9554563492064,0.920284264122903,1.11752419519111,0.100647485062486,73.3342803422846
13.9555555555556,0.920210599139584,1.11744457336973,0.100599363217426,73.3348129735473
13.9556547619048,0.920136940640525,1.11736495395624,0.10055126437293,73.335345558346
13.955753968254,0.920063288624883,1.11728533695235,0.100503188517666,73.3358780966867
13.9558531746032,0.919989643091809,1.11720572235977,0.1004551356403,73.3364105885753
13.9559523809524,0.919916004040462,1.1171261101802,0.10040710572951,73.3369430340179
13.9560515873016,0.919842371469992,1.11704650041534,0.100359098773971,73.3374754330204
13.9561507936508,0.919768745379558,1.1169668930669,0.100311114762371,73.3380077855888
13.95625,0.919695125768311,1.11688728813659,0.100263153683396,73.338540091729
13.9563492063492,0.91962151263541,1.11680768562611,0.100215215525741,73.3390723514469
13.9564484126984,0.919547905980008,1.11672808553715,0.100167300278103,73.3396045647486
13.9565476190476,0.919474305801264,1.11664848787142,0.100119407929188,73.3401367316399
13.9566468253968,0.91940071209833,1.11656889263062,0.100071538467701,73.3406688521269
13.956746031746,0.919327124870367,1.11648929981644,0.100023691882359,73.3412009262155
13.9568452380952,0.919253544116526,1.11640970943059,0.0999758681618764,73.3417329539116
13.9569444444444,0.919179969835968,1.11633012147476,0.0999280672949776,73.3422649352212
13.9570436507937,0.919106402027851,1.11625053595064,0.0998802892703918,73.3427968701502
13.9571428571429,0.919032840691328,1.11617095285993,0.0998325340768491,73.3433287587046
13.9572420634921,0.91895928582556,1.11609137220433,0.0997848017030893,73.3438606008903
13.9573412698413,0.918885737429702,1.11601179398553,0.0997370921378525,73.3443923967133
13.9574404761905,0.918812195502915,1.11593221820521,0.0996894053698884,73.3449241461794
13.9575396825397,0.918738660044354,1.11585264486508,0.0996417413879465,73.3454558492947
13.9576388888889,0.91866513105318,1.11577307396681,0.0995941001807864,73.3459875060651
13.9577380952381,0.918591608528549,1.11569350551211,0.0995464817371675,73.3465191164965
13.9578373015873,0.918518092469624,1.11561393950265,0.099498886045859,73.3470506805948
13.9579365079365,0.918444582875559,1.11553437594012,0.0994513130956298,73.3475821983661
13.9580357142857,0.918371079745518,1.11545481482622,0.0994037628752591,73.3481136698161
13.9581349206349,0.918297583078657,1.11537525616263,0.0993562353735256,73.3486450949509
13.9582341269841,0.918224092874139,1.11529569995102,0.0993087305792181,73.3491764737763
13.9583333333333,0.91815060913112,1.11521614619309,0.0992612484811251,73.3497078062984
13.9584325396825,0.918077131848762,1.11513659489052,0.0992137890680438,73.350239092523
13.9585317460317,0.918003661026229,1.11505704604499,0.0991663523287763,73.350770332456
13.958630952381,0.917930196662677,1.11497749965817,0.0991189382521258,73.3513015261034
13.9587301587302,0.91785673875727,1.11489795573176,0.0990715468269053,73.3518326734711
13.9588293650794,0.917783287309166,1.11481841426742,0.0990241780419277,73.3523637745651
13.9589285714286,0.917709842317531,1.11473887526684,0.0989768318860159,73.3528948293911
13.9590277777778,0.917636403781522,1.11465933873169,0.0989295083479924,73.3534258379553
13.959126984127,0.917562971700304,1.11457980466365,0.0988822074166899,73.3539568002633
13.9592261904762,0.917489546073037,1.1145002730644,0.0988349290809407,73.3544877163213
13.9593253968254,0.917416126898886,1.1144207439356,0.098787673329587,73.3550185861351
13.9594246031746,0.91734271417701,1.11434121727894,0.0987404401514712,73.3555494097106
13.9595238095238,0.917269307906576,1.11426169309608,0.098693229535445,73.3560801870537
13.959623015873,0.917195908086742,1.11418217138869,0.0986460414703604,73.3566109181704
13.9597222222222,0.917122514716677,1.11410265215845,0.0985988759450792,73.3571416030665
13.9598214285714,0.917049127795539,1.11402313540702,0.098551732948463,73.3576722417479
13.9599206349206,0.916975747322494,1.11394362113608,0.098504612469382,73.3582028342206
13.9600198412698,0.916902373296709,1.11386410934729,0.0984575144967114,73.3587333804904
13.960119047619,0.916829005717344,1.11378460004232,0.0984104390193273,73.3592638805633
13.9602182539683,0.916755644583566,1.11370509322283,0.0983633860261158,73.3597943344451
13.9603174603175,0.916682289894537,1.11362558889049,0.0983163555059629,73.3603247421419
13.9604166666667,0.916608941649425,1.11354608704696,0.0982693474477645,73.3608551036593
13.9605158730159,0.916535599847392,1.11346658769391,0.0982223618404164,73.3613854190034
13.9606150793651,0.916462264487607,1.11338709083299,0.0981753986728239,73.36191568818
13.9607142857143,0.916388935569231,1.11330759646587,0.0981284579338925,73.3624459111951
13.9608134920635,0.916315613091435,1.11322810459422,0.0980815396125376,73.3629760880545
13.9609126984127,0.91624229705338,1.11314861521967,0.0980346436976745,73.3635062187642
13.9610119047619,0.916168987454237,1.11306912834391,0.0979877701782281,73.3640363033299
13.9611111111111,0.916095684293168,1.11298964396858,0.0979409190431233,73.3645663417576
13.9612103174603,0.916022387569345,1.11291016209533,0.0978940902812949,73.3650963340532
13.9613095238095,0.915949097281929,1.11283068272583,0.0978472838816777,73.3656262802226
13.9614087301587,0.91587581343009,1.11275120586173,0.0978004998332148,73.3661561802716
13.9615079365079,0.915802536012998,1.11267173150469,0.0977537381248545,73.3666860342061
13.9616071428571,0.915729265029816,1.11259225965635,0.097706998745546,73.3672158420321
13.9617063492063,0.915656000479716,1.11251279031837,0.0976602816842485,73.3677456037553
13.9618055555556,0.915582742361863,1.11243332349239,0.0976135869299208,73.3682753193818
13.9619047619048,0.915509490675428,1.11235385918007,0.0975669144715321,73.3688049889172
13.962003968254,0.915436245419577,1.11227439738306,0.0975202642980509,73.3693346123676
13.9621031746032,0.915363006593481,1.11219493810301,0.097473636398456,73.3698641897387
13.9622023809524,0.915289774196307,1.11211548134155,0.0974270307617257,73.3703937210365
13.9623015873016,0.915216548227227,1.11203602710035,0.0973804473768485,73.3709232062669
13.9624007936508,0.915143328685408,1.11195657538103,0.0973338862328126,73.3714526454356
13.9625,0.915070115570022,1.11187712618526,0.0972873473186161,73.3719820385486
13.9625992063492,0.914996908880235,1.11179767951466,0.0972408306232569,73.3725113856118
13.9626984126984,0.914923708615223,1.11171823537089,0.0971943361357429,73.3730406866309
13.9627976190476,0.914850514774151,1.11163879375558,0.0971478638450818,73.3735699416119
13.9628968253968,0.914777327356192,1.11155935467037,0.09710141374029,73.3740991505606
13.962996031746,0.914704146360519,1.11147991811691,0.0970549858103886,73.3746283134829
13.9630952380952,0.9146309717863,1.11140048409684,0.0970085800443999,73.3751574303846
13.9631944444444,0.914557803632708,1.11132105261178,0.0969621964313561,73.3756865012716
13.9632936507937,0.914484641898913,1.11124162366338,0.0969158349602892,73.3762155261498
13.9633928571429,0.91441148658409,1.11116219725327,0.0968694956202413,73.376744505025
13.9634920634921,0.914338337687407,1.11108277338309,0.0968231784002541,73.3772734379031
13.9635912698413,0.91426519520804,1.11100335205447,0.0967768832893793,73.3778023247898
13.9636904761905,0.914192059145158,1.11092393326905,0.0967306102766682,73.3783311656911
13.9637896825397,0.914118929497938,1.11084451702845,0.0966843593511826,73.3788599606128
13.9638888888889,0.914045806265548,1.11076510333431,0.0966381305019835,73.3793887095608
13.9639880952381,0.913972689447166,1.11068569218826,0.0965919237181421,73.3799174125409
13.9640873015873,0.913899579041961,1.11060628359193,0.0965457389887294,73.3804460695589
13.9641865079365,0.913826475049112,1.11052687754694,0.0964995763028263,73.3809746806207
13.9642857142857,0.913753377467787,1.11044747405492,0.0964534356495136,73.3815032457322
13.9643849206349,0.913680286297163,1.11036807311751,0.0964073170178806,73.3820317648991
13.9644841269841,0.913607201536417,1.11028867473631,0.0963612203970215,73.3825602381273
13.9645833333333,0.913534123184719,1.11020927891297,0.0963151457760319,73.3830886654227
13.9646825396825,0.913461051241247,1.1101298856491,0.0962690931440167,73.383617046791
13.9647817460317,0.913387985705174,1.11005049494632,0.0962230624900812,73.3841453822381
13.964880952381,0.913314926575678,1.10997110680627,0.0961770538033404,73.3846736717699
13.9649801587302,0.913241873851931,1.10989172123055,0.096131067072909,73.3852019153922
13.9650793650794,0.913168827533113,1.10981233822079,0.0960851022879118,73.3857301131108
13.9651785714286,0.913095787618395,1.1097329577786,0.0960391594374732,73.3862582649315
13.9652777777778,0.913022754106957,1.10965357990561,0.0959932385107279,73.3867863708602
13.965376984127,0.912949726997974,1.10957420460343,0.0959473394968102,73.3873144309026
13.9654761904762,0.912876706290624,1.10949483187368,0.0959014623848641,73.3878424450647
13.9655753968254,0.912803691984081,1.10941546171797,0.0958556071640338,73.3883704133522
13.9656746031746,0.912730684077527,1.10933609413792,0.0958097738234732,73.388898335771
13.9657738095238,0.912657682570133,1.10925672913514,0.0957639623523361,73.3894262123268
13.965873015873,0.912584687461081,1.10917736671124,0.0957181727397848,73.3899540430255
13.9659722222222,0.91251169874955,1.10909800686784,0.0956724049749868,73.390481827873
13.9660714285714,0.912438716434714,1.10901864960654,0.0956266590471103,73.3910095668749
13.9661706349206,0.912365740515756,1.10893929492896,0.0955809349453337,73.3915372600372
13.9662698412698,0.912292770991849,1.1088599428367,0.0955352326588351,73.3920649073657
13.966369047619,0.912219807862177,1.10878059333137,0.0954895521768025,73.3925925088661
13.9664682539683,0.912146851125915,1.10870124641458,0.0954438934884239,73.3931200645442
13.9665674603175,0.912073900782246,1.10862190208794,0.0953982565828968,73.393647574406
13.9666666666667,0.912000956830345,1.10854256035304,0.0953526414494191,73.3941750384571
13.9667658730159,0.911928019269397,1.10846322121149,0.0953070480771981,73.3947024567035
13.9668650793651,0.911855088098576,1.1083838846649,0.0952614764554413,73.3952298291508
13.9669642857143,0.911782163317068,1.10830455071486,0.0952159265733658,73.3957571558049
13.9670634920635,0.911709244924049,1.10822521936299,0.0951703984201888,73.3962844366716
13.9671626984127,0.911636332918702,1.10814589061087,0.0951248919851372,73.3968116717568
13.9672619047619,0.911563427300207,1.10806656446011,0.0950794072574379,73.3973388610661
13.9673611111111,0.911490528067744,1.10798724091231,0.0950339442263263,73.3978660046054
13.9674603174603,0.911417635220498,1.10790791996906,0.0949885028810428,73.3983931023805
13.9675595238095,0.911344748757646,1.10782860163196,0.0949430832108288,73.3989201543971
13.9676587301587,0.911271868678374,1.10774928590261,0.0948976852049357,73.3994471606612
13.9677579365079,0.91119899498186,1.10766997278259,0.0948523088526145,73.3999741211784
13.9678571428571,0.91112612766729,1.10759066227352,0.0948069541431264,73.4005010359545
13.9679563492064,0.911053266733843,1.10751135437696,0.0947616210657324,73.4010279049954
13.9680555555556,0.910980412180705,1.10743204909453,0.0947163096097032,73.4015547283068
13.9681547619048,0.910907564007056,1.10735274642781,0.0946710197643094,73.4020815058945
13.968253968254,0.910834722212082,1.10727344637838,0.0946257515188316,73.4026082377644
13.9683531746032,0.910761886794964,1.10719414894784,0.0945805048625503,73.4031349239221
13.9684523809524,0.910689057754888,1.10711485413778,0.0945352797847556,73.4036615643734
13.9685515873016,0.910616235091034,1.10703556194978,0.0944900762747378,73.4041881591242
13.9686507936508,0.910543418802591,1.10695627238544,0.0944448943217968,73.4047147081802
13.96875,0.910470608888739,1.10687698544632,0.0943997339152327,73.4052412115472
13.9688492063492,0.910397805348665,1.10679770113403,0.0943545950443537,73.405767669231
13.9689484126984,0.910325008181554,1.10671841945014,0.0943094776984733,73.4062940812373
13.9690476190476,0.910252217386589,1.10663914039623,0.0942643818669061,73.4068204475719
13.9691468253968,0.910179432962959,1.10655986397389,0.0942193075389763,73.4073467682406
13.969246031746,0.910106654909845,1.10648059018469,0.0941742547040082,73.4078730432491
13.9693452380952,0.910033883226437,1.10640131903022,0.0941292233513359,73.4083992726033
13.9694444444444,0.909961117911916,1.10632205051206,0.0940842134702934,73.4089254563088
13.9695436507936,0.909888358965473,1.10624278463178,0.0940392250502246,73.4094515943715
13.9696428571429,0.909815606386291,1.10616352139096,0.093994258080473,73.4099776867971
13.9697420634921,0.90974286017356,1.10608426079118,0.0939493125503925,73.4105037335914
13.9698412698413,0.909670120326462,1.106005002834,0.0939043884493362,73.4110297347601
13.9699404761905,0.90959738684419,1.10592574752101,0.0938594857666677,73.411555690309
13.9700396825397,0.909524659725926,1.10584649485378,0.0938146044917499,73.4120816002439
13.9701388888889,0.909451938970862,1.10576724483387,0.0937697446139562,73.4126074645704
13.9702380952381,0.909379224578182,1.10568799746287,0.0937249061226594,73.4131332832945
13.9703373015873,0.909306516547076,1.10560875274234,0.0936800890072409,73.4136590564217
13.9704365079365,0.909233814876733,1.10552951067385,0.0936352932570872,73.4141847839579
13.9705357142857,0.90916111956634,1.10545027125896,0.0935905188615861,73.4147104659089
13.9706349206349,0.909088430615087,1.10537103449926,0.0935457658101346,73.4152361022802
13.9707341269841,0.909015748022161,1.10529180039629,0.0935010340921302,73.4157616930779
13.9708333333333,0.908943071786755,1.10521256895164,0.09345632369698,73.4162872383074
13.9709325396825,0.908870401908053,1.10513334016685,0.093411634614091,73.4168127379747
13.9710317460317,0.90879773838525,1.10505411404351,0.0933669668328802,73.4173381920854
13.971130952381,0.908725081217531,1.10497489058316,0.0933223203427641,73.4178636006453
13.9712301587302,0.908652430404091,1.10489566978737,0.0932776951331696,73.4183889636601
13.9713293650794,0.908579785944116,1.10481645165771,0.0932330911935231,73.4189142811356
13.9714285714286,0.9085071478368,1.10473723619573,0.0931885085132609,73.4194395530775
13.9715277777778,0.908434516081331,1.10465802340298,0.0931439470818194,73.4199647794916
13.971626984127,0.908361890676903,1.10457881328104,0.0930994068886445,73.4204899603835
13.9717261904762,0.908289271622704,1.10449960583145,0.0930548879231823,73.421015095759
13.9718253968254,0.908216658917927,1.10442040105578,0.0930103901748873,73.4215401856239
13.9719246031746,0.908144052561766,1.10434119895557,0.092965913633219,73.4220652299838
13.9720238095238,0.908071452553409,1.10426199953239,0.0929214582876381,73.4225902288446
13.972123015873,0.907998858892052,1.10418280278778,0.0928770241276149,73.4231151822118
13.9722222222222,0.907926271576883,1.1041036087233,0.0928326111426199,73.4236400900914
13.9723214285714,0.9078536906071,1.1040244173405,0.092788219322133,73.4241649524889
13.9724206349206,0.907781115981891,1.10394522864092,0.0927438486556344,73.42468976941
13.9725198412698,0.907708547700453,1.10386604262613,0.0926994991326142,73.4252145408607
13.972619047619,0.907635985761976,1.10378685929767,0.092655170742562,73.4257392668464
13.9727182539683,0.907563430165657,1.10370767865708,0.0926108634749776,73.426263947373
13.9728174603175,0.907490880910686,1.10362850070591,0.0925665773193605,73.4267885824462
13.9729166666667,0.907418337996261,1.10354932544572,0.09252231226522,73.4273131720717
13.9730158730159,0.907345801421573,1.10347015287804,0.0924780683020655,73.4278377162552
13.9731150793651,0.907273271185819,1.10339098300441,0.092433845419416,73.4283622150024
13.9732142857143,0.907200747288191,1.10331181582639,0.0923896436067908,73.428886668319
13.9733134920635,0.907128229727886,1.10323265134551,0.0923454628537173,73.4294110762108
13.9734126984127,0.9070557185041,1.10315348956331,0.092301303149728,73.4299354386834
13.9735119047619,0.906983213616026,1.10307433048134,0.0922571644843566,73.4304597557426
13.9736111111111,0.906910715062863,1.10299517410113,0.0922130468471467,73.430984027394
13.9737103174603,0.906838222843803,1.10291602042423,0.0921689502276416,73.4315082536434
13.9738095238095,0.906765736958046,1.10283686945216,0.0921248746153944,73.4320324344965
13.9739087301587,0.906693257404784,1.10275772118647,0.0920808199999584,73.432556569959
13.9740079365079,0.906620784183219,1.1026785756287,0.0920367863708964,73.4330806600365
13.9741071428571,0.906548317292542,1.10259943278036,0.0919927737177713,73.4336047047348
13.9742063492063,0.906475856731955,1.10252029264302,0.0919487820301559,73.4341287040595
13.9743055555556,0.906403402500651,1.10244115521818,0.0919048112976228,73.4346526580164
13.9744047619048,0.906330954597832,1.10236202050739,0.0918608615097543,73.4351765666112
13.974503968254,0.906258513022692,1.10228288851217,0.0918169326561328,73.4357004298495
13.9746031746032,0.906186077774432,1.10220375923406,0.0917730247263505,73.436224247737
13.9747023809524,0.906113648852247,1.10212463267459,0.0917291377099995,73.4367480202795
13.9748015873016,0.906041226255337,1.10204550883528,0.0916852715966805,73.4372717474826
13.9749007936508,0.905968809982903,1.10196638771766,0.0916414263759989,73.437795429352
13.975,0.90589640003414,1.10188726932325,0.0915976020375615,73.4383190658934
13.9750992063492,0.905823996408251,1.10180815365359,0.0915537985709848,73.4388426571124
13.9751984126984,0.90575159910443,1.10172904071019,0.0915100159658853,73.4393662030148
13.9752976190476,0.905679208121884,1.10164993049459,0.0914662542118891,73.4398897036063
13.9753968253968,0.905606823460589,1.10157082300437,0.0914225133204047,73.4404131588874
13.975496031746,0.905534445121914,1.10149171823005,0.0913787933421834,73.4409365688497
13.9755952380952,0.905462073105128,1.10141261617241,0.0913350942708623,73.441459933498
13.9756944444444,0.905389707409379,1.10133351683286,0.091291416096472,73.4419832528378
13.9757936507937,0.905317348033807,1.10125442021285,0.0912477588090428,73.4425065268747
13.9758928571429,0.90524499497756,1.10117532631379,0.0912041223986144,73.4430297556142
13.9759920634921,0.90517264823978,1.10109623513711,0.0911605068552257,73.4435529390619
13.9760912698413,0.905100307819616,1.10101714668424,0.091116912168925,73.4440760772235
13.9761904761905,0.905027973716211,1.10093806095661,0.0910733383297604,73.4445991701045
13.9762896825397,0.904955645928714,1.10085897795563,0.0910297853277876,73.4451222177103
13.9763888888889,0.904883324456276,1.10077989768273,0.090986253153067,73.4456452200467
13.9764880952381,0.90481100929804,1.10070082013934,0.0909427417956596,73.4461681771192
13.9765873015873,0.904738700453161,1.10062174532687,0.0908992512456359,73.4466910889333
13.9766865079365,0.904666397920783,1.10054267324675,0.0908557814930656,73.4472139554946
13.9767857142857,0.904594101700063,1.1004636039004,0.0908123325280278,73.4477367768086
13.9768849206349,0.904521811790147,1.10038453728924,0.0907689043406013,73.448259552881
13.9769841269841,0.90444952819019,1.10030547341469,0.0907254969208739,73.4487822837172
13.9770833333333,0.904377250899343,1.10022641227816,0.0906821102589332,73.4493049693229
13.9771825396825,0.904304979916761,1.10014735388108,0.0906387443448758,73.4498276097035
13.9772817460317,0.904232715241595,1.10006829822487,0.090595399168798,73.4503502048647
13.977380952381,0.904160456873004,1.09998924531094,0.0905520747208052,73.450872754812
13.9774801587302,0.904088204810139,1.0999101951407,0.0905087709910027,73.451395259551
13.9775793650794,0.904015959052159,1.09983114771558,0.0904654879695046,73.4519177190871
13.9776785714286,0.903943719598219,1.09975210303699,0.0904222256464248,73.4524401334261
13.9777777777778,0.903871486447476,1.09967306110634,0.0903789840118852,73.4529625025733
13.977876984127,0.903799259599091,1.09959402192505,0.0903357630560121,73.4534848265343
13.9779761904762,0.903727039052218,1.09951498549452,0.0902925627689325,73.4540071053148
13.9780753968254,0.903654824806022,1.09943595181619,0.0902493831407828,73.4545293389202
13.9781746031746,0.903582616859657,1.09935692089144,0.0902062241616988,73.455051527356
13.9782738095238,0.903510415212288,1.09927789272171,0.0901630858218255,73.4555736706279
13.978373015873,0.903438219863074,1.09919886730839,0.0901199681113077,73.4560957687414
13.9784722222222,0.903366030811179,1.0991198446529,0.0900768710202991,73.456617821702
13.9785714285714,0.903293848055763,1.09904082475664,0.0900337945389534,73.4571398295152
13.9786706349206,0.903221671595993,1.09896180762104,0.089990738657433,73.4576617921866
13.9787698412698,0.903149501431029,1.09888279324748,0.0899477033659004,73.4581837097217
13.978869047619,0.90307733756004,1.09880378163739,0.0899046886545269,73.4587055821261
13.9789682539683,0.903005179982186,1.09872477279216,0.0898616945134836,73.4592274094053
13.9790674603175,0.902933028696638,1.09864576671321,0.0898187209329507,73.4597491915648
13.9791666666667,0.902860883702559,1.09856676340194,0.0897757679031083,73.4602709286101
13.9792658730159,0.902788744999119,1.09848776285975,0.089732835414144,73.4607926205469
13.9793650793651,0.902716612585486,1.09840876508805,0.0896899234562501,73.4613142673805
13.9794642857143,0.902644486460826,1.09832977008824,0.0896470320196196,73.4618358691166
13.9795634920635,0.902572366624312,1.09825077786173,0.0896041610944549,73.4623574257607
13.9796626984127,0.902500253075111,1.09817178840992,0.0895613106709578,73.4628789373183
13.9797619047619,0.902428145812396,1.0980928017342,0.0895184807393393,73.4634004037948
13.9798611111111,0.902356044835335,1.09801381783599,0.0894756712898101,73.463921825196
13.9799603174603,0.902283950143105,1.09793483671668,0.08943288231259,73.4644432015271
13.9800595238095,0.902211861734874,1.09785585837766,0.0893901137978984,73.4649645327939
13.9801587301587,0.90213977960982,1.09777688282035,0.089347365735964,73.4654858190018
13.9802579365079,0.902067703767112,1.09769791004613,0.0893046381170151,73.4660070601563
13.9803571428571,0.901995634205929,1.09761894005641,0.089261930931289,73.4665282562629
13.9804563492063,0.901923570925443,1.09753997285258,0.0892192441690228,73.4670494073272
13.9805555555556,0.901851513924834,1.09746100843604,0.0891765778204627,73.4675705133546
13.9806547619048,0.901779463203274,1.09738204680819,0.0891339318758546,73.4680915743508
13.980753968254,0.901707418759943,1.09730308797041,0.0890913063254523,73.4686125903211
13.9808531746032,0.901635380594021,1.09722413192412,0.089048701159514,73.4691335612711
13.9809523809524,0.901563348704683,1.09714517867068,0.0890061163682987,73.4696544872064
13.9810515873016,0.901491323091111,1.09706622821152,0.0889635519420747,73.4701753681323
13.9811507936508,0.901419303752483,1.096987280548,0.0889210078711099,73.4706962040545
13.98125,0.901347290687983,1.09690833568154,0.0888784841456811,73.4712169949784
13.9813492063492,0.901275283896788,1.09682939361351,0.0888359807560651,73.4717377409096
13.9814484126984,0.901203283378085,1.09675045434531,0.0887934976925476,73.4722584418535
13.9815476190476,0.901131289131052,1.09667151787832,0.0887510349454141,73.4727790978157
13.9816468253968,0.901059301154877,1.09659258421395,0.0887085925049592,73.4732997088016
13.981746031746,0.900987319448739,1.09651365335357,0.0886661703614771,73.4738202748167
13.9818452380952,0.900915344011828,1.09643472529858,0.0886237685052712,73.4743407958666
13.9819444444444,0.900843374843325,1.09635580005035,0.0885813869266446,73.4748612719567
13.9820436507936,0.90077141194242,1.09627687761029,0.0885390256159094,73.4753817030926
13.9821428571429,0.900699455308296,1.09619795797977,0.0884966845633774,73.4759020892797
13.9822420634921,0.900627504940142,1.09611904116019,0.0884543637593685,73.4764224305235
13.9823412698413,0.900555560837149,1.09604012715292,0.0884120631942069,73.4769427268295
13.9824404761905,0.900483622998501,1.09596121595934,0.0883697828582175,73.4774629782033
13.9825396825397,0.900411691423391,1.09588230758086,0.0883275227417345,73.4779831846502
13.9826388888889,0.900339766111007,1.09580340201883,0.0882852828350919,73.4785033461759
13.9827380952381,0.900267847060542,1.09572449927466,0.0882430631286325,73.4790234627856
13.9828373015873,0.900195934271184,1.09564559934971,0.0882008636126989,73.4795435344851
13.9829365079365,0.900124027742129,1.09556670224538,0.088158684277643,73.4800635612797
13.9830357142857,0.900052127472567,1.09548780796304,0.0881165251138162,73.4805835431749
13.9831349206349,0.899980233461693,1.09540891650407,0.0880743861115789,73.4811034801763
13.9832341269841,0.8999083457087,1.09533002786985,0.0880322672612916,73.4816233722892
13.9833333333333,0.899836464212785,1.09525114206176,0.0879901685533234,73.4821432195192
13.9834325396825,0.89976458897314,1.09517225908117,0.0879480899780435,73.4826630218718
13.9835317460317,0.899692719988965,1.09509337892947,0.0879060315258299,73.4831827793523
13.983630952381,0.899620857259453,1.09501450160803,0.0878639931870605,73.4837024919664
13.9837301587302,0.899549000783803,1.09493562711822,0.0878219749521211,73.4842221597195
13.9838293650794,0.899477150561216,1.09485675546143,0.0877799768114018,73.484741782617
13.9839285714286,0.899405306590886,1.09477788663902,0.0877379987552936,73.4852613606644
13.9840277777778,0.899333468872017,1.09469902065237,0.0876960407741967,73.4857808938673
13.984126984127,0.899261637403806,1.09462015750285,0.0876541028585109,73.486300382231
13.9842261904762,0.899189812185456,1.09454129719183,0.0876121849986451,73.486819825761
13.9843253968254,0.899117993216166,1.0944624397207,0.087570287185008,73.4873392244628
13.9844246031746,0.899046180495141,1.09438358509081,0.0875284094080173,73.4878585783419
13.9845238095238,0.898974374021581,1.09430473330354,0.0874865516580903,73.4883778874038
13.984623015873,0.898902573794692,1.09422588436026,0.0874447139256536,73.4888971516538
13.9847222222222,0.898830779813676,1.09414703826234,0.0874028962011335,73.4894163710975
13.9848214285714,0.898758992077741,1.09406819501114,0.0873610984749652,73.4899355457403
13.9849206349206,0.898687210586088,1.09398935460804,0.0873193207375837,73.4904546755877
13.9850198412698,0.898615435337928,1.09391051705441,0.0872775629794332,73.4909737606451
13.985119047619,0.898543666332464,1.0938316823516,0.0872358251909575,73.4914928009181
13.9852182539683,0.898471903568905,1.09375285050098,0.0871941073626083,73.492011796412
13.9853174603175,0.898400147046461,1.09367402150393,0.0871524094848418,73.4925307471323
13.9854166666667,0.898328396764338,1.09359519536181,0.0871107315481148,73.4930496530845
13.9855158730159,0.898256652721748,1.09351637207597,0.0870690735428936,73.493568514274
13.9856150793651,0.898184914917898,1.09343755164779,0.087027435459644,73.4940873307062
13.9857142857143,0.898113183352003,1.09335873407862,0.0869858172888409,73.4946061023867
13.9858134920635,0.89804145802327,1.09327991936984,0.0869442190209588,73.4951248293209
13.9859126984127,0.897969738930916,1.09320110752279,0.0869026406464814,73.4956435115141
13.9860119047619,0.89789802607415,1.09312229853884,0.0868610821558922,73.4961621489719
13.9861111111111,0.897826319452189,1.09304349241936,0.0868195435396836,73.4966807416998
13.9862103174603,0.897754619064243,1.0929646891657,0.0867780247883479,73.4971992897031
13.9863095238095,0.897682924909531,1.09288588877921,0.0867365258923862,73.4977177929872
13.9864087301587,0.897611236987265,1.09280709126127,0.0866950468422998,73.4982362515578
13.9865079365079,0.897539555296665,1.09272829661322,0.0866535876285985,73.4987546654201
13.9866071428571,0.897467879836944,1.09264950483643,0.0866121482417922,73.4992730345796
13.9867063492064,0.897396210607321,1.09257071593224,0.0865707286723986,73.4997913590418
13.9868055555556,0.897324547607017,1.09249192990202,0.0865293289109398,73.5003096388121
13.9869047619048,0.897252890835247,1.09241314674712,0.0864879489479388,73.5008278738959
13.987003968254,0.897181240291234,1.0923343664689,0.0864465887739277,73.5013460642986
13.9871031746032,0.897109595974194,1.09225558906871,0.0864052483794382,73.5018642100258
13.9872023809524,0.897037957883353,1.0921768145479,0.0863639277550113,73.5023823110828
13.9873015873016,0.896966326017928,1.09209804290782,0.0863226268911875,73.502900367475
13.9874007936508,0.896894700377146,1.09201927414983,0.0862813457785164,73.5034183792079
13.9875,0.896823080960224,1.09194050827528,0.0862400844075475,73.503936346287
13.9875992063492,0.896751467766391,1.09186174528552,0.0861988427688392,73.5044542687176
13.9876984126984,0.896679860794868,1.0917829851819,0.0861576208529497,73.5049721465051
13.9877976190476,0.896608260044882,1.09170422796576,0.0861164186504463,73.5054899796551
13.9878968253968,0.896536665515656,1.09162547363846,0.0860752361518959,73.5060077681729
13.987996031746,0.89646507720642,1.09154672220135,0.0860340733478746,73.5065255120638
13.9880952380952,0.896393495116397,1.09146797365577,0.0859929302289581,73.5070432113335
13.9881944444444,0.896321919244817,1.09138922800306,0.0859518067857302,73.5075608659873
13.9882936507937,0.896250349590909,1.09131048524459,0.0859107030087789,73.5080784760305
13.9883928571429,0.896178786153899,1.09123174538168,0.0858696188886932,73.5085960414687
13.9884920634921,0.89610722893302,1.09115300841569,0.0858285544160711,73.5091135623072
13.9885912698413,0.896035677927499,1.09107427434796,0.0857875095815105,73.5096310385514
13.9886904761905,0.89596413313657,1.09099554317983,0.085746484375618,73.5101484702068
13.9887896825397,0.895892594559462,1.09091681491265,0.0857054787890004,73.5106658572788
13.9888888888889,0.895821062195411,1.09083808954776,0.0856644928122733,73.5111831997727
13.9889880952381,0.895749536043645,1.09075936708649,0.0856235264360519,73.5117004976941
13.9890873015873,0.895678016103402,1.0906806475302,0.0855825796509608,73.5122177510482
13.9891865079365,0.895606502373913,1.09060193088021,0.0855416524476241,73.5127349598406
13.9892857142857,0.895534994854416,1.09052321713788,0.085500744816675,73.5132521240765
13.9893849206349,0.895463493544143,1.09044450630454,0.0854598567487465,73.5137692437615
13.9894841269841,0.895391998442335,1.09036579838153,0.0854189882344805,73.5142863189009
13.9895833333333,0.895320509548224,1.09028709337018,0.0853781392645191,73.5148033495001
13.9896825396825,0.895249026861051,1.09020839127183,0.0853373098295116,73.5153203355646
13.9897817460317,0.895177550380055,1.09012969208783,0.0852964999201121,73.5158372770997
13.989880952381,0.895106080104471,1.0900509958195,0.0852557095269758,73.5163541741108
13.9899801587302,0.895034616033544,1.08997230246818,0.0852149386407664,73.5168710266033
13.9900793650794,0.894963158166509,1.0898936120352,0.0851741872521478,73.5173878345826
13.9901785714286,0.894891706502611,1.0898149245219,0.0851334553517929,73.5179045980542
13.9902777777778,0.894820261041089,1.08973623992962,0.0850927429303741,73.5184213170234
13.990376984127,0.894748821781188,1.08965755825968,0.085052049978573,73.5189379914955
13.9904761904762,0.894677388722148,1.08957887951341,0.0850113764870711,73.5194546214761
13.9905753968254,0.894605961863215,1.08950020369215,0.0849707224465586,73.5199712069704
13.9906746031746,0.894534541203632,1.08942153079723,0.0849300878477259,73.5204877479839
13.9907738095238,0.894463126742646,1.08934286082998,0.0848894726812719,73.521004244522
13.990873015873,0.894391718479499,1.08926419379173,0.0848488769378958,73.52152069659
13.9909722222222,0.894320316413442,1.0891855296838,0.0848083006083054,73.5220371041934
13.9910714285714,0.894248920543718,1.08910686850752,0.0847677436832086,73.5225534673374
13.9911706349206,0.894177530869576,1.08902821026423,0.084727206153321,73.5230697860276
13.9912698412698,0.894106147390267,1.08894955495524,0.0846866880093624,73.5235860602692
13.991369047619,0.894034770105035,1.08887090258189,0.084646189242054,73.5241022900677
13.9914682539683,0.893963399013136,1.0887922531455,0.0846057098421257,73.5246184754284
13.9915674603175,0.893892034113814,1.08871360664739,0.0845652498003073,73.5251346163567
13.9916666666667,0.893820675406325,1.0886349630889,0.0845248091073374,73.525650712858
13.9917658730159,0.893749322889917,1.08855632247133,0.0844843877539547,73.5261667649377
13.9918650793651,0.893677976563845,1.08847768479602,0.0844439857309067,73.5266827726011
13.9919642857143,0.89360663642736,1.08839905006428,0.0844036030289407,73.5271987358537
13.9920634920635,0.893535302479719,1.08832041827745,0.0843632396388131,73.5277146547007
13.9921626984127,0.893463974720172,1.08824178943683,0.0843228955512802,73.5282305291476
13.9922619047619,0.893392653147979,1.08816316354376,0.0842825707571069,73.5287463591997
13.9923611111111,0.89332133776239,1.08808454059954,0.0842422652470582,73.5292621448624
13.9924603174603,0.893250028562667,1.08800592060551,0.0842019790119082,73.5297778861411
13.9925595238095,0.893178725548063,1.08792730356296,0.0841617120424304,73.5302935830411
13.9926587301587,0.893107428717837,1.08784868947324,0.0841214643294067,73.5308092355677
13.9927579365079,0.893036138071249,1.08777007833764,0.0840812358636228,73.5313248437264
13.9928571428571,0.892964853607556,1.0876914701575,0.0840410266358657,73.5318404075226
13.9929563492063,0.89289357532602,1.08761286493412,0.0840008366369315,73.5323559269615
13.9930555555556,0.892822303225898,1.08753426266881,0.0839606658576157,73.5328714020485
13.9931547619048,0.892751037306455,1.0874556633629,0.0839205142887232,73.5333868327891
13.993253968254,0.892679777566948,1.0873770670177,0.0838803819210585,73.5339022191884
13.9933531746032,0.892608524006645,1.08729847363452,0.0838402687454351,73.534417561252
13.9934523809524,0.892537276624805,1.08721988321467,0.0838001747526664,73.5349328589852
13.9935515873016,0.892466035420695,1.08714129575946,0.0837600999335746,73.5354481123932
13.9936507936508,0.892394800393575,1.08706271127021,0.0837200442789819,73.5359633214815
13.99375,0.892323571542715,1.08698412974823,0.0836800077797194,73.5364784862555
13.9938492063492,0.892252348867376,1.08690555119482,0.083639990426618,73.5369936067204
13.9939484126984,0.89218113236683,1.0868269756113,0.0835999922105177,73.5375086828816
13.9940476190476,0.892109922040338,1.08674840299898,0.0835600131222582,73.5380237147444
13.9941468253968,0.892038717887171,1.08666983335915,0.083520053152687,73.5385387023143
13.994246031746,0.8919675199066,1.08659126669314,0.0834801122926561,73.5390536455965
13.9943452380952,0.891896328097889,1.08651270300224,0.0834401905330185,73.5395685445964
13.9944444444444,0.891825142460312,1.08643414228777,0.0834002878646359,73.5400833993194
13.9945436507937,0.891753962993136,1.08635558455102,0.0833604042783702,73.5405982097707
13.9946428571429,0.891682789695636,1.08627702979331,0.083320539765092,73.5411129759557
13.9947420634921,0.891611622567079,1.08619847801594,0.083280694315672,73.5416276978798
13.9948412698413,0.891540461606743,1.0861199292202,0.0832408679209894,73.5421423755483
13.9949404761905,0.891469306813896,1.08604138340741,0.0832010605719238,73.5426570089665
13.9950396825397,0.891398158187816,1.08596284057886,0.0831612722593632,73.5431715981398
13.9951388888889,0.891327015727773,1.08588430073586,0.083121502974196,73.5436861430734
13.9952380952381,0.891255879433047,1.08580576387971,0.0830817527073191,73.5442006437728
13.9953373015873,0.89118474930291,1.0857272300117,0.0830420214496295,73.5447151002433
13.9954365079365,0.891113625336642,1.08564869913315,0.0830023091920331,73.5452295124901
13.9955357142857,0.891042507533515,1.08557017124534,0.0829626159254355,73.5457438805187
13.9956349206349,0.890971395892811,1.08549164634957,0.0829229416407504,73.5462582043343
13.9957341269841,0.89090029041381,1.08541312444715,0.0828832863288955,73.5467724839422
13.9958333333333,0.890829191095786,1.08533460553937,0.0828436499807899,73.5472867193479
13.9959325396825,0.890758097938024,1.08525608962753,0.0828040325873614,73.5478009105566
13.9960317460317,0.890687010939799,1.08517757671291,0.0827644341395377,73.5483150575736
13.996130952381,0.890615930100398,1.08509906679683,0.0827248546282555,73.5488291604043
13.9962301587302,0.890544855419098,1.08502055988056,0.0826852940444513,73.5493432190539
13.9963293650794,0.890473786895186,1.08494205596541,0.0826457523790705,73.5498572335279
13.9964285714286,0.89040272452794,1.08486355505267,0.0826062296230585,73.5503712038315
13.9965277777778,0.890331668316649,1.08478505714363,0.0825667257673694,73.55088512997
13.996626984127,0.890260618260593,1.08470656223958,0.0825272408029575,73.5513990119487
13.9967261904762,0.890189574359062,1.08462807034182,0.0824877747207857,73.551912849773
13.9968253968254,0.890118536611337,1.08454958145163,0.082448327511817,73.5524266434483
13.9969246031746,0.890047505016708,1.0844710955703,0.0824088991670232,73.5529403929796
13.9970238095238,0.889976479574459,1.08439261269913,0.082369489677376,73.5534540983725
13.997123015873,0.889905460283881,1.0843141328394,0.0823300990338549,73.5539677596322
13.9972222222222,0.889834447144262,1.0842356559924,0.0822907272274438,73.554481376764
13.9973214285714,0.88976344015489,1.08415718215942,0.0822513742491276,73.5549949497732
13.9974206349206,0.889692439315056,1.08407871134175,0.0822120400899001,73.5555084786652
13.9975198412698,0.889621444624049,1.08400024354066,0.0821727247407551,73.5560219634452
13.997619047619,0.889550456081163,1.08392177875745,0.0821334281926951,73.5565354041185
13.9977182539683,0.889479473685686,1.0838433169934,0.0820941504367227,73.5570488006904
13.9978174603175,0.889408497436915,1.0837648582498,0.0820548914638492,73.5575621531663
13.9979166666667,0.889337527334139,1.08368640252792,0.0820156512650861,73.5580754615514
13.9980158730159,0.889266563376655,1.08360794982905,0.0819764298314534,73.558588725851
13.9981150793651,0.889195605563756,1.08352950015448,0.0819372271539713,73.5591019460705
13.9982142857143,0.889124653894738,1.08345105350548,0.0818980432236687,73.5596151222151
13.9983134920635,0.889053708368895,1.08337260988334,0.0818588780315747,73.5601282542901
13.9984126984127,0.888982768985528,1.08329416928933,0.081819731568727,73.5606413423008
13.9985119047619,0.888911835743928,1.08321573172474,0.0817806038261632,73.5611543862525
13.9986111111111,0.888840908643397,1.08313729719084,0.0817414947949289,73.5616673861505
13.9987103174603,0.888769987683235,1.08305886568892,0.0817024044660739,73.5621803420001
13.9988095238095,0.888699072862737,1.08298043722024,0.0816633328306492,73.5626932538066
13.9989087301587,0.888628164181207,1.0829020117861,0.0816242798797144,73.5632061215751
13.9990079365079,0.888557261637941,1.08282358938775,0.0815852456043293,73.5637189453112
13.9991071428571,0.888486365232246,1.08274517002649,0.0815462299955625,73.56423172502
13.9992063492064,0.888415474963418,1.08266675370358,0.0815072330444825,73.5647444607068
13.9993055555556,0.888344590830765,1.0825883404203,0.0814682547421666,73.5652571523768
13.9994047619048,0.888273712833586,1.08250993017792,0.0814292950796922,73.5657698000355
13.999503968254,0.888202840971188,1.08243152297772,0.0813903540481454,73.5662824036879
13.9996031746032,0.888131975242872,1.08235311882097,0.0813514316386123,73.5667949633396
13.9997023809524,0.888061115647948,1.08227471770893,0.0813125278421878,73.5673074789956
13.9998015873016,0.887990262185718,1.08219631964289,0.081273642649967,73.5678199506613
13.9999007936508,0.887919414855492,1.08211792462411,0.0812347760530534,73.5683323783419
14,0.887848573656573,1.08203953265386,0.0811959280425508,73.5688447620428
14,0.887848573656573,1.08203953265386,10.0811959280426,73.5688447620428
14.0000992063492,0.889624922943004,1.08196151664118,10.0763749091536,73.5703140646059
14.0001984126984,0.891398387427067,1.08188424844921,10.071556195752,73.5717839147499
14.0002976190476,0.893168971142237,1.08180772661329,10.0667397867984,73.5732543111078
14.0003968253968,0.894936678249729,1.08173194968994,10.0619256811241,73.5747252523323
14.000496031746,0.896701512962061,1.08165691622483,10.0571138775833,73.5761967369998
14.0005952380952,0.898463479542663,1.08158262475288,10.0523043750546,73.5776687636101
14.0006944444444,0.900222582188958,1.0815090737989,10.0474971725154,73.5791413307251
14.0007936507936,0.901978824980503,1.08143626190359,10.0426922689376,73.5806144370087
14.0008928571429,0.90373221203923,1.08136418761901,10.0378896632085,73.5820880810582
14.0009920634921,0.905482747482206,1.08129284949911,10.0330893542177,73.5835622614725
14.0010912698413,0.907230435422007,1.08122224609974,10.0282913408559,73.5850369768528
14.0011904761905,0.908975279966341,1.08115237597865,10.023495622016,73.5865122258021
14.0012896825397,0.910717285218432,1.08108323769549,10.0187021965922,73.5879880069257
14.0013888888889,0.912456455276631,1.08101482981177,10.0139110634809,73.5894643188307
14.0014880952381,0.914192794234803,1.08094715089094,10.0091222215794,73.5909411601263
14.0015873015873,0.915926306181995,1.08088019949833,10.0043356697876,73.5924185294238
14.0016865079365,0.917656995202572,1.08081397420114,9.99955140700649,73.5938964253364
14.0017857142857,0.919384865376366,1.0807484735685,9.99476943213884,73.5953748464793
14.0018849206349,0.921109920778341,1.08068369617142,9.98998974408942,73.5968537914699
14.0019841269841,0.922832165478971,1.08061964058279,9.98521234176419,73.5983332589274
14.0020833333333,0.924551603543865,1.08055630537744,9.98043722407137,73.5998132474733
14.0021825396825,0.926268239034142,1.08049368913204,9.97566438992031,73.6012937557308
14.0022817460317,0.927982076006054,1.08043179042519,9.9708938382226,73.6027747823253
14.002380952381,0.929693118511363,1.08037060783738,9.96612556789098,73.6042563258844
14.0024801587302,0.931401370596967,1.08031013995098,9.96135957784044,73.6057383850373
14.0025793650794,0.933106836305271,1.08025038535028,9.95659586698712,73.6072209584156
14.0026785714286,0.934809519673818,1.08019134262144,9.95183443424936,73.6087040446526
14.0027777777778,0.936509424735657,1.08013301035253,9.9470752785467,73.6101876423841
14.002876984127,0.938206555518974,1.08007538713352,9.94231839880088,73.6116717502473
14.0029761904762,0.939900916047463,1.08001847155625,9.93756379393482,73.613156366882
14.0030753968254,0.941592510339999,1.07996226221448,9.93281146287351,73.6146414909296
14.0031746031746,0.943281342587291,1.07990675762937,9.92806140447249,73.6161271209557
14.0032738095238,0.944967416947915,1.07985195633361,9.92331361758041,73.6176132555372
14.003373015873,0.946650737385072,1.07979785694107,9.91856810111429,73.6190998933351
14.0034722222222,0.948331307857189,1.07974445806752,9.91382485399112,73.6205870330125
14.0035714285714,0.95000913231755,1.07969175833061,9.90908387512884,73.6220746732342
14.0036706349206,0.951684214714668,1.0796397563499,9.90434516344533,73.6235628126671
14.0037698412698,0.953356558991911,1.07958845074684,9.89960871785947,73.6250514499799
14.003869047619,0.955026169087875,1.07953784014476,9.89487453729005,73.626540583843
14.0039682539683,0.956693048936013,1.07948792316891,9.89014262065686,73.628030212929
14.0040674603175,0.958357202465005,1.0794386984464,9.88541296687963,73.6295203359121
14.0041666666667,0.960018633598389,1.07939016460627,9.88068557487906,73.6310109514685
14.0042658730159,0.961677346254927,1.07934232027942,9.87596044357579,73.6325020582764
14.0043650793651,0.963333344348242,1.07929516409866,9.87123757189145,73.6339936550156
14.0044642857143,0.964986631787181,1.07924869469868,9.86651695874758,73.6354857403681
14.0045634920635,0.966637212475497,1.0792029107161,9.86179860306661,73.6369783130175
14.0046626984127,0.968285090311984,1.07915781078939,9.85708250377139,73.6384713716494
14.0047619047619,0.969930269190614,1.07911339355893,9.85236865978488,73.6399649149514
14.0048611111111,0.971572753000222,1.079069657667,9.84765707003097,73.6414589416127
14.0049603174603,0.973212545624863,1.07902660175777,9.84294773343354,73.6429534503247
14.0050595238095,0.974849650943457,1.07898422447729,9.83824064891741,73.6444484397804
14.0051587301587,0.976484072830142,1.07894252447353,9.83353581540736,73.6459439086749
14.0052579365079,0.978115815153923,1.07890150039633,9.82883323182915,73.6474398557051
14.0053571428571,0.979744881779023,1.07886115089743,9.82413289710845,73.6489362795697
14.0054563492063,0.981371276564529,1.07882147463046,9.81943481017195,73.6504331789693
14.0055555555556,0.982995003364749,1.07878247025096,9.81473896994626,73.6519305526066
14.0056547619048,0.984616066028855,1.07874413641635,9.81004537535897,73.6534283991859
14.005753968254,0.986234468401238,1.07870647178593,9.80535402533759,73.6549267174136
14.0058531746032,0.987850214321154,1.07866947502093,9.80066491881065,73.6564255059977
14.0059523809524,0.98946330762308,1.07863314478443,9.79597805470659,73.6579247636484
14.0060515873016,0.9910737521364,1.07859747974144,9.79129343195471,73.6594244890776
14.0061507936508,0.992681551685541,1.07856247855885,9.78661104948475,73.6609246809991
14.00625,0.994286710090103,1.07852813990543,9.78193090622654,73.6624253381286
14.0063492063492,0.995889231164556,1.07849446245187,9.77725300111089,73.6639264591837
14.0064484126984,0.997489118718583,1.07846144487072,9.77257733306855,73.6654280428839
14.0065476190476,0.999086376556737,1.07842908583646,9.76790390103122,73.6669300879505
14.0066468253968,1.00068100847879,1.07839738402543,9.76323270393058,73.6684325931068
14.006746031746,1.00227301827937,1.07836633811589,9.75856374069925,73.6699355570777
14.0068452380952,1.00386240974833,1.07833594678799,9.75389701026983,73.6714389785905
14.0069444444444,1.0054491866704,1.07830620872374,9.74923251157586,73.6729428563738
14.0070436507937,1.00703335282551,1.07827712260709,9.74457024355085,73.6744471891585
14.0071428571429,1.00861491198847,1.07824868712386,9.73991020512927,73.6759519756771
14.0072420634921,1.0101938679293,1.07822090096176,9.73525239524554,73.6774572146643
14.0073412698413,1.01177022441288,1.0781937628104,9.73059681283505,73.6789629048563
14.0074404761905,1.01334398519933,1.07816727136128,9.72594345683313,73.6804690449915
14.0075396825397,1.01491515404365,1.07814142530781,9.72129232617598,73.6819756338101
14.0076388888889,1.01648373469591,1.07811622334526,9.71664341980021,73.683482670054
14.0077380952381,1.01804973090134,1.07809166417083,9.71199673664256,73.6849901524672
14.0078373015873,1.01961314640004,1.07806774648358,9.70735227564071,73.6864980797955
14.0079365079365,1.02117398492732,1.07804446898449,9.70271003573229,73.6880064507865
14.0080357142857,1.02273225021337,1.07802183037643,9.6980700158559,73.6895152641899
14.0081349206349,1.02428794598359,1.07799982936414,9.69343221495009,73.691024518757
14.0082341269841,1.02584107595824,1.07797846465428,9.6887966319544,73.6925342132413
14.0083333333333,1.02739164385281,1.07795773495539,9.68416326580828,73.6940443463978
14.0084325396825,1.02893965337765,1.07793763897791,9.67953211545218,73.6955549169838
14.0085317460317,1.03048510823832,1.07791817543417,9.67490317982649,73.6970659237581
14.008630952381,1.03202801213528,1.07789934303838,9.67027645787256,73.6985773654816
14.0087301587302,1.03356836876415,1.07788114050667,9.66565194853171,73.7000892409171
14.0088293650794,1.03510618181548,1.07786356655706,9.6610296507462,73.701601548829
14.0089285714286,1.03664145497498,1.07784661990943,9.65640956345826,73.7031142879841
14.0090277777778,1.03817419192332,1.07783029928559,9.65179168561096,73.7046274571506
14.009126984127,1.03970439633618,1.07781460340923,9.64717601614783,73.7061410550987
14.0092261904762,1.04123207188442,1.07779953100593,9.64256255401246,73.7076550806007
14.0093253968254,1.04275722223377,1.07778508080317,9.63795129814943,73.7091695324305
14.0094246031746,1.04427985104519,1.07777125153032,9.63334224750326,73.7106844093641
14.0095238095238,1.04579996197448,1.07775804191864,9.62873540101944,73.7121997101791
14.009623015873,1.04731755867267,1.0777454507013,9.62413075764341,73.7137154336554
14.0097222222222,1.04883264478567,1.07773347661334,9.61952831632158,73.7152315785743
14.0098214285714,1.05034522395459,1.0777221183917,9.61492807600029,73.7167481437194
14.0099206349206,1.05185529981541,1.07771137477523,9.61033003562689,73.7182651278759
14.0100198412698,1.05336287599933,1.07770124450465,9.60573419414864,73.7197825298311
14.010119047619,1.05486795613242,1.07769172632259,9.60114055051379,73.721300348374
14.0102182539683,1.05637054383596,1.07768281897357,9.59654910367054,73.7228185822955
14.0103174603175,1.05787064272611,1.07767452120399,9.59195985256803,73.7243372303885
14.0104166666667,1.05936825641423,1.07766683176217,9.5873727961554,73.7258562914477
14.0105158730159,1.06086338850659,1.07765974939829,9.58278793338259,73.7273757642697
14.0106150793651,1.06235604260453,1.07765327286446,9.5782052632,73.728895647653
14.0107142857143,1.06384622230453,1.07764740091466,9.57362478455815,73.7304159403978
14.0108134920635,1.06533393119796,1.07764213230475,9.56904649640846,73.7319366413065
14.0109126984127,1.06681917287139,1.07763746579253,9.56447039770237,73.7334577491832
14.0110119047619,1.06830195090627,1.07763340013764,9.55989648739224,73.7349792628339
14.0111111111111,1.06978226887926,1.07762993410165,9.5553247644304,73.7365011810664
14.0112103174603,1.0712601303619,1.07762706644801,9.55075522777015,73.7380235026905
14.0113095238095,1.07273553892092,1.07762479594207,9.54618787636472,73.7395462265178
14.0114087301587,1.07420849811794,1.07762312135106,9.54162270916833,73.7410693513619
14.0115079365079,1.0756790115098,1.07762204144412,9.53705972513515,73.7425928760383
14.0116071428571,1.07714708264818,1.07762155499227,9.53249892322029,73.744116799364
14.0117063492063,1.07861271508001,1.07762166076842,9.52794030237886,73.7456411201584
14.0118055555556,1.08007591234707,1.0776223575474,9.52338386156688,73.7471658372424
14.0119047619048,1.08153667798636,1.0776236441059,9.51882959974036,73.7486909494392
14.012003968254,1.08299501552977,1.07762551922253,9.51427751585615,73.7502164555733
14.0121031746032,1.08445092850428,1.07762798167778,9.50972760887154,73.7517423544714
14.0122023809524,1.085904420432,1.07763103025403,9.5051798777439,73.7532686449623
14.0123015873016,1.08735549482993,1.07763466373556,9.50063432143158,73.7547953258763
14.0124007936508,1.08880415521027,1.07763888090855,9.49609093889288,73.7563223960458
14.0125,1.09025040508011,1.07764368056106,9.49154972908706,73.757849854305
14.0125992063492,1.09169424794172,1.07764906148305,9.48701069097332,73.7593776994899
14.0126984126984,1.09313568729229,1.07765502246637,9.48247382351186,73.7609059304386
14.0127976190476,1.09457472662418,1.07766156230477,9.4779391256628,73.762434545991
14.0128968253968,1.09601136942463,1.07766867979388,9.47340659638724,73.7639635449887
14.012996031746,1.09744561917612,1.07767637373125,9.46887623464623,73.7654929262754
14.0130952380952,1.09887747935597,1.07768464291629,9.46434803940178,73.7670226886965
14.0131944444444,1.10030695343671,1.07769348615033,9.45982200961587,73.7685528310996
14.0132936507936,1.10173404488579,1.07770290223657,9.45529814425143,73.7700833523338
14.0133928571429,1.1031587571658,1.07771288998014,9.45077644227134,73.7716142512503
14.0134920634921,1.1045810937343,1.07772344818801,9.44625690263934,73.7731455267021
14.0135912698413,1.10600105804389,1.0777345756691,9.4417395243196,73.7746771775441
14.0136904761905,1.10741865354229,1.07774627123418,9.4372243062764,73.7762092026331
14.0137896825397,1.10883388367216,1.07775853369593,9.43271124747495,73.7777416008278
14.0138888888889,1.11024675187131,1.07777136186893,9.42820034688044,73.7792743709888
14.0139880952381,1.11165726157246,1.07778475456965,9.42369160345903,73.7808075119784
14.0140873015873,1.11306541620354,1.07779871061644,9.41918501617681,73.782341022661
14.0141865079365,1.11447121918734,1.07781322882956,9.41468058400084,73.7838749019028
14.0142857142857,1.11587467394186,1.07782830803115,9.41017830589815,73.7854091485719
14.0143849206349,1.11727578387999,1.07784394704526,9.40567818083671,73.7869437615382
14.0144841269841,1.11867455240981,1.07786014469782,9.40118020778448,73.7884787396735
14.0145833333333,1.12007098293429,1.07787689981665,9.39668438571034,73.7900140818516
14.0146825396825,1.12146507885159,1.07789421123148,9.39219071358317,73.7915497869482
14.0147817460317,1.12285684355478,1.07791207777392,9.38769919037276,73.7930858538405
14.014880952381,1.1242462804321,1.07793049827748,9.38320981504891,73.7946222814082
14.0149801587302,1.12563339286673,1.07794947157755,9.37872258658221,73.7961590685323
14.0150793650794,1.1270181842369,1.07796899651144,9.37423750394375,73.797696214096
14.0151785714286,1.12840065791596,1.07798907191832,9.36975456610467,73.7992337169843
14.0152777777778,1.1297808172722,1.07800969663929,9.36527377203709,73.8007715760841
14.015376984127,1.13115866566908,1.07803086951731,9.36079512071308,73.8023097902842
14.0154761904762,1.13253420646493,1.07805258939726,9.35631861110567,73.8038483584752
14.0155753968254,1.13390746593527,1.0780748460643,9.35184424163201,73.8053872704577
14.0156746031746,1.13527846994904,1.07809762946396,9.34737201072267,73.8069265161928
14.0157738095238,1.13664722125024,1.07812093868344,9.34290191737023,73.8084660948142
14.015873015873,1.13801372258111,1.07814477281056,9.33843396056813,73.8100060054561
14.0159722222222,1.13937797668242,1.07816913093367,9.33396813930975,73.8115462472531
14.0160714285714,1.14073998629317,1.0781940121417,9.32950445258933,73.8130868193406
14.0161706349206,1.14209975415092,1.07821941552417,9.32504289940101,73.8146277208545
14.0162698412698,1.14345728299145,1.07824534017116,9.32058347873984,73.816168950931
14.016369047619,1.1448125755491,1.07827178517331,9.31612618960076,73.8177105087072
14.0164682539683,1.14616563455645,1.07829874962185,9.31167103097945,73.8192523933205
14.0165674603175,1.14751646274452,1.07832623260857,9.30721800187202,73.820794603909
14.0166666666667,1.14886506284278,1.07835423322584,9.30276710127459,73.8223371396115
14.0167658730159,1.15021143757897,1.07838275056659,9.29831832818417,73.8238799995669
14.0168650793651,1.15155558967936,1.07841178372434,9.29387168159766,73.8254231829151
14.0169642857143,1.15289752186846,1.07844133179317,9.28942716051286,73.8269666887964
14.0170634920635,1.15423723686932,1.07847139386773,9.28498476392747,73.8285105163516
14.0171626984127,1.15557473740322,1.07850196904323,9.28054449084007,73.8300546647221
14.0172619047619,1.15691002618998,1.07853305641549,9.27610634024915,73.83159913305
14.0173611111111,1.15824310594768,1.07856465508086,9.27167031115407,73.8331439204776
14.0174603174603,1.15957397939291,1.07859676413629,9.26723640255413,73.8346890261482
14.0175595238095,1.16090264924052,1.07862938267929,9.26280461344946,73.8362344492053
14.0176587301587,1.16222911820388,1.07866250980793,9.25837494284015,73.8377801887932
14.0177579365079,1.16355338899462,1.07869614462088,9.25394738972713,73.8393262440565
14.0178571428571,1.16487546432288,1.07873028621735,9.24952195311127,73.8408726141407
14.0179563492064,1.16619534689711,1.07876493369715,9.24509863199417,73.8424192981915
14.0180555555556,1.16751303942413,1.07880008616064,9.24067742537784,73.8439662953554
14.0181547619048,1.16882854460925,1.07883574270877,9.23625833226433,73.8455136047795
14.018253968254,1.17014186515605,1.07887190244304,9.23184135165654,73.8470612256111
14.0183531746032,1.17145300376662,1.07890856446555,9.22742648255731,73.8486091569984
14.0184523809524,1.1727619631413,1.07894572787894,9.22301372397033,73.8501573980901
14.0185515873016,1.17406874597897,1.07898339178644,9.21860307489924,73.8517059480354
14.0186507936508,1.17537335497675,1.07902155529186,9.21419453434851,73.853254805984
14.01875,1.17667579283029,1.07906021749956,9.20978810132256,73.8548039710863
14.0188492063492,1.17797606223349,1.07909937751448,9.20538377482666,73.8563534424931
14.0189484126984,1.17927416587878,1.07913903444214,9.20098155386601,73.857903219356
14.0190476190476,1.18057010645684,1.07917918738862,9.19658143744668,73.8594533008268
14.0191468253968,1.18186388665686,1.07921983546059,9.19218342457465,73.8610036860582
14.019246031746,1.18315550916631,1.07926097776526,9.18778751425678,73.8625543742032
14.0193452380952,1.18444497667116,1.07930261341044,9.18339370549985,73.8641053644155
14.0194444444444,1.18573229185569,1.0793447415045,9.17900199731137,73.8656566558494
14.0195436507937,1.18701745740254,1.07938736115639,9.17461238869926,73.8672082476596
14.0196428571429,1.18830047599288,1.07943047147562,9.17022487867149,73.8687601390014
14.0197420634921,1.18958135030609,1.07947407157227,9.16583946623688,73.8703123290308
14.0198412698413,1.1908600830201,1.07951816055701,9.16145615040418,73.8718648169042
14.0199404761905,1.19213667681109,1.07956273754106,9.15707493018299,73.8734176017787
14.0200396825397,1.19341113435376,1.07960780163622,9.15269580458286,73.8749706828117
14.0201388888889,1.19468345832106,1.07965335195488,9.14831877261419,73.8765240591614
14.0202380952381,1.19595365138448,1.07969938760997,9.1439438332873,73.8780777299866
14.0203373015873,1.19722171621374,1.07974590771502,9.13957098561337,73.8796316944463
14.0204365079365,1.19848765547711,1.0797929113841,9.13520022860354,73.8811859517006
14.0205357142857,1.19975147184109,1.07984039773188,9.13083156126976,73.8827405009095
14.0206349206349,1.20101316797071,1.07988836587359,9.12646498262395,73.8842953412342
14.0207341269841,1.20227274652927,1.07993681492504,9.12210049167887,73.885850471836
14.0208333333333,1.20353021017857,1.07998574400259,9.11773808744721,73.8874058918771
14.0209325396825,1.20478556157871,1.0800351522232,9.11337776894242,73.8889616005199
14.0210317460317,1.20603880338819,1.08008503870439,9.10901953517831,73.8905175969276
14.021130952381,1.20728993826397,1.08013540256423,9.10466338516876,73.8920738802639
14.0212301587302,1.20853896886128,1.0801862429214,9.10030931792853,73.893630449693
14.0213293650794,1.20978589783389,1.08023755889513,9.09595733247225,73.8951873043799
14.0214285714286,1.2110307278338,1.08028934960522,9.09160742781546,73.8967444434897
14.0215277777778,1.21227346151154,1.08034161417205,9.08725960297362,73.8983018661885
14.021626984127,1.2135141015159,1.08039435171656,9.08291385696303,73.8998595716428
14.0217261904762,1.21475265049419,1.08044756136028,9.07857018879994,73.9014175590195
14.0218253968254,1.21598911109197,1.08050124222529,9.07422859750145,73.9029758274863
14.0219246031746,1.21722348595332,1.08055539343427,9.06988908208458,73.9045343762113
14.0220238095238,1.21845577772059,1.08061001411044,9.06555164156723,73.9060932043633
14.022123015873,1.21968598903465,1.08066510337761,9.06121627496721,73.9076523111115
14.0222222222222,1.2209141225346,1.08072066036015,9.05688298130321,73.9092116956256
14.0223214285714,1.2221401808581,1.08077668418303,9.05255175959383,73.9107713570763
14.0224206349206,1.22336416664106,1.08083317397175,9.04822260885842,73.9123312946342
14.0225198412698,1.22458608251781,1.08089012885241,9.04389552811673,73.913891507471
14.022619047619,1.22580593112116,1.08094754795168,9.03957051638854,73.9154519947588
14.0227182539683,1.22702371508217,1.08100543039679,9.03524757269451,73.91701275567
14.0228174603175,1.22823943703042,1.08106377531555,9.03092669605521,73.9185737893779
14.0229166666667,1.22945309959375,1.08112258183633,9.02660788549209,73.9201350950561
14.0230158730159,1.23066470539853,1.0811818490881,9.02229114002649,73.9216966718791
14.0231150793651,1.23187425706936,1.08124157620036,9.01797645868067,73.9232585190216
14.0232142857143,1.2330817572294,1.08130176230322,9.01366384047677,73.9248206356591
14.0233134920635,1.23428720850003,1.08136240652734,9.0093532844378,73.9263830209673
14.0234126984127,1.23549061350117,1.08142350800396,9.00504478958671,73.927945674123
14.0235119047619,1.23669197485099,1.08148506586489,9.0007383549473,73.9295085943031
14.0236111111111,1.2378912951662,1.08154707924251,8.99643397954331,73.9310717806853
14.0237103174603,1.23908857706172,1.08160954726976,8.99213166239933,73.9326352324478
14.0238095238095,1.24028382315105,1.08167246908018,8.98783140253987,73.9341989487692
14.0239087301587,1.24147703604593,1.08173584380786,8.98353319899021,73.935762928829
14.0240079365079,1.24266821835652,1.08179967058747,8.979237050776,73.9373271718068
14.0241071428571,1.24385737269145,1.08186394855424,8.97494295692294,73.9388916768833
14.0242063492063,1.24504450165763,1.08192867684399,8.97065091645761,73.9404564432392
14.0243055555556,1.24622960786045,1.0819938545931,8.96636092840648,73.9420214700562
14.0244047619048,1.24741269390359,1.08205948093852,8.96207299179692,73.9435867565163
14.024503968254,1.24859376238925,1.08212555501778,8.9577871056562,73.9451523018022
14.0246031746032,1.24977281591788,1.08219207596897,8.95350326901247,73.9467181050971
14.0247023809524,1.25094985708843,1.08225904293077,8.94922148089379,73.9482841655847
14.0248015873016,1.25212488849814,1.0823264550424,8.94494174032909,73.9498504824492
14.0249007936508,1.25329791274276,1.0823943114437,8.94066404634724,73.9514170548757
14.025,1.25446893241628,1.08246261127504,8.93638839797794,73.9529838820495
14.0250992063492,1.25563795011124,1.08253135367737,8.93211479425085,73.9545509631566
14.0251984126984,1.2568049684184,1.08260053779222,8.92784323419646,73.9561182973836
14.0252976190476,1.25796998992708,1.08267016276169,8.92357371684523,73.9576858839174
14.0253968253968,1.25913301722487,1.08274022772846,8.91930624122832,73.9592537219459
14.025496031746,1.26029405289774,1.08281073183575,8.91504080637731,73.9608218106572
14.0255952380952,1.26145309953016,1.08288167422739,8.91077741132381,73.96239014924
14.0256944444444,1.26261015970486,1.08295305404776,8.9065160551003,73.9639587368837
14.0257936507937,1.26376523600307,1.08302487044182,8.9022567367392,73.9655275727782
14.0258928571429,1.26491833100431,1.0830971225551,8.89799945527375,73.9670966561139
14.0259920634921,1.2660694472866,1.08316980953369,8.89374420973717,73.9686659860818
14.0260912698413,1.26721858742621,1.08324293052427,8.8894909991635,73.9702355618735
14.0261904761905,1.26836575399794,1.08331648467408,8.88523982258673,73.971805382681
14.0262896825397,1.26951094957485,1.08339047113093,8.8809906790417,73.973375447697
14.0263888888889,1.27065417672852,1.08346488904322,8.87674356756318,73.9749457561149
14.0264880952381,1.27179543802878,1.08353973755989,8.8724984871868,73.9765163071283
14.0265873015873,1.27293473604398,1.08361501583049,8.86825543694813,73.9780870999315
14.0266865079365,1.27407207334074,1.08369072300511,8.86401441588359,73.9796581337195
14.0267857142857,1.27520745248419,1.08376685823442,8.85977542302952,73.9812294076878
14.0268849206349,1.27634087603775,1.08384342066968,8.85553845742301,73.9828009210324
14.0269841269841,1.27747234656323,1.08392040946268,8.85130351810156,73.9843726729496
14.0270833333333,1.27860186662093,1.08399782376584,8.84707060410269,73.9859446626369
14.0271825396825,1.27972943876941,1.08407566273209,8.8428397144648,73.9875168892918
14.0272817460317,1.28085506556573,1.08415392551499,8.8386108482262,73.9890893521125
14.027380952381,1.28197874956524,1.08423261126861,8.83438400442608,73.9906620502978
14.0274801587302,1.28310049332177,1.08431171914766,8.83015918210355,73.9922349830472
14.0275793650794,1.28422029938746,1.08439124830736,8.82593638029856,73.9938081495605
14.0276785714286,1.28533817031291,1.08447119790353,8.82171559805103,73.9953815490382
14.0277777777778,1.28645410864703,1.08455156709258,8.81749683440171,73.9969551806812
14.027876984127,1.28756811693722,1.08463235503145,8.81328008839128,73.9985290436913
14.0279761904762,1.28868019772914,1.08471356087768,8.80906535906129,74.0001031372705
14.0280753968254,1.28979035356698,1.08479518378937,8.80485264545321,74.0016774606215
14.0281746031746,1.29089858699318,1.08487722292521,8.80064194660939,74.0032520129475
14.0282738095238,1.29200490054871,1.08495967744443,8.79643326157207,74.0048267934525
14.028373015873,1.2931092967728,1.08504254650686,8.79222658938427,74.0064018013408
14.0284722222222,1.29421177820312,1.08512582927289,8.78802192908939,74.0079770358171
14.0285714285714,1.29531234737578,1.08520952490348,8.78381927973087,74.0095524960872
14.0286706349206,1.29641100682517,1.08529363256016,8.77961864035302,74.011128181357
14.0287698412698,1.2975077590842,1.08537815140505,8.77542001000008,74.012704090833
14.028869047619,1.29860260668403,1.08546308060081,8.77122338771713,74.0142802237225
14.0289682539683,1.29969555215434,1.08554841931071,8.7670287725492,74.0158565792332
14.0290674603175,1.30078659802308,1.08563416669855,8.76283616354218,74.0174331565732
14.0291666666667,1.30187574681669,1.08572032192873,8.75864555974187,74.0190099549516
14.0292658730159,1.30296300105992,1.08580688416622,8.75445696019494,74.0205869735775
14.0293650793651,1.30404836327598,1.08589385257654,8.750270363948,74.0221642116611
14.0294642857143,1.30513183598638,1.08598122632582,8.74608577004851,74.0237416684126
14.0295634920635,1.30621342171112,1.08606900458072,8.74190317754384,74.0253193430434
14.0296626984127,1.3072931229685,1.0861571865085,8.73772258548226,74.0268972347648
14.0297619047619,1.30837094227529,1.08624577127699,8.73354399291194,74.0284753427892
14.0298611111111,1.30944688214658,1.08633475805456,8.7293673988818,74.0300536663291
14.0299603174603,1.31052094509584,1.0864241460102,8.72519280244114,74.031632204598
14.0300595238095,1.31159313363503,1.08651393431343,8.72102020263935,74.0332109568096
14.0301587301587,1.31266345027437,1.08660412213437,8.71684959852662,74.0347899221783
14.0302579365079,1.31373189752259,1.08669470864369,8.71268098915312,74.0363690999192
14.0303571428571,1.31479847788669,1.08678569301265,8.70851437356984,74.0379484892476
14.0304563492064,1.31586319387218,1.08687707441308,8.70434975082773,74.0395280893797
14.0305555555556,1.31692604798284,1.08696885201735,8.70018711997858,74.0411078995321
14.0306547619048,1.31798704272095,1.08706102499846,8.69602648007412,74.042687918922
14.030753968254,1.31904618058706,1.08715359252993,8.69186783016693,74.044268146767
14.0308531746032,1.32010346408024,1.08724655378587,8.68771116930952,74.0458485822857
14.0309523809524,1.32115889569782,1.08733990794096,8.68355649655528,74.0474292246966
14.0310515873016,1.32221247793564,1.08743365417047,8.6794038109575,74.0490100732193
14.0311507936508,1.32326421328781,1.08752779165021,8.67525311157034,74.0505911270738
14.03125,1.32431410424694,1.08762231955658,8.6711043974479,74.0521723854805
14.0313492063492,1.32536215330396,1.08771723706655,8.66695766764501,74.0537538476607
14.0314484126984,1.32640836294817,1.08781254335766,8.66281292121689,74.0553355128357
14.0315476190476,1.32745273566735,1.08790823760802,8.65867015721883,74.056917380228
14.0316468253968,1.32849527394756,1.08800431899631,8.65452937470696,74.0584994490601
14.031746031746,1.32953598027336,1.0881007867018,8.65039057273733,74.0600817185556
14.0318452380952,1.33057485712757,1.08819763990429,8.64625375036687,74.0616641879381
14.0319444444444,1.33161190699154,1.08829487778421,8.64211890665243,74.0632468564322
14.0320436507936,1.33264713234487,1.08839249952251,8.63798604065172,74.0648297232628
14.0321428571429,1.33368053566568,1.08849050430074,8.63385515142239,74.0664127876555
14.0322420634921,1.33471211943035,1.088588891301,8.62972623802292,74.0679960488362
14.0323412698413,1.33574188611378,1.08868765970599,8.62559929951175,74.0695795060319
14.0324404761905,1.33676983818914,1.08878680869896,8.62147433494816,74.0711631584695
14.0325396825397,1.33779597812808,1.08888633746374,8.61735134339138,74.0727470053769
14.0326388888889,1.33882030840056,1.08898624518473,8.61323032390147,74.0743310459824
14.0327380952381,1.33984283147501,1.0890865310469,8.60911127553844,74.075915279515
14.0328373015873,1.3408635498182,1.08918719423579,8.60499419736305,74.0774997052039
14.0329365079365,1.34188246589524,1.08928823393752,8.60087908843643,74.0790843222793
14.0330357142857,1.34289958216976,1.08938964933878,8.59676594781977,74.0806691299717
14.0331349206349,1.34391490110365,1.08949143962681,8.59265477457511,74.0822541275121
14.0332341269841,1.34492842515728,1.08959360398946,8.58854556776445,74.0838393141323
14.0333333333333,1.34594015678933,1.08969614161512,8.5844383264506,74.0854246890644
14.0334325396825,1.34695009845696,1.08979905169277,8.58033304969634,74.0870102515414
14.0335317460317,1.34795825261561,1.08990233341195,8.57622973656529,74.0885960007964
14.033630952381,1.34896462171923,1.09000598596278,8.572128386121,74.0901819360635
14.0337301587302,1.34996920822003,1.09011000853594,8.56802899742789,74.0917680565769
14.0338293650794,1.35097201456874,1.09021440032269,8.56393156955029,74.0933543615719
14.0339285714286,1.35197304321435,1.09031916051487,8.55983610155342,74.0949408502838
14.0340277777778,1.35297229660436,1.09042428830488,8.55574259250239,74.096527521949
14.034126984127,1.35396977718455,1.09052978288569,8.55165104146321,74.0981143758039
14.0342261904762,1.35496548739918,1.09063564345085,8.54756144750178,74.099701411086
14.0343253968254,1.35595942969084,1.09074186919447,8.54347380968478,74.1012886270329
14.0344246031746,1.3569516065005,1.09084845931125,8.53938812707925,74.102876022883
14.0345238095238,1.3579420202676,1.09095541299645,8.53530439875231,74.1044635978753
14.034623015873,1.35893067342986,1.09106272944589,8.5312226237719,74.1060513512491
14.0347222222222,1.35991756842349,1.09117040785599,8.52714280120593,74.1076392822446
14.0348214285714,1.36090270768299,1.09127844742372,8.52306493012314,74.1092273901023
14.0349206349206,1.36188609364136,1.09138684734662,8.51898900959221,74.1108156740633
14.0350198412698,1.36286772872987,1.09149560682282,8.51491503868267,74.1124041333694
14.035119047619,1.36384761537829,1.09160472505101,8.510843016464,74.1139927672628
14.0352182539683,1.36482575601467,1.09171420123044,8.50677294200653,74.1155815749862
14.0353174603175,1.36580215306557,1.09182403456096,8.5027048143805,74.1171705557832
14.0354166666667,1.36677680895581,1.09193422424296,8.49863863265704,74.1187597088975
14.0355158730159,1.36774972610871,1.09204476947743,8.49457439590719,74.1203490335737
14.0356150793651,1.3687209069459,1.09215566946592,8.49051210320285,74.1219385290569
14.0357142857143,1.36969035388746,1.09226692341054,8.48645175361585,74.1235281945925
14.0358134920635,1.37065806935181,1.09237853051399,8.48239334621879,74.1251180294269
14.0359126984127,1.37162405575575,1.09249048997953,8.4783368800846,74.1267080328065
14.0360119047619,1.37258831551456,1.092602801011,8.47428235428633,74.1282982039789
14.0361111111111,1.37355085104177,1.09271546281279,8.47022976789784,74.1298885421917
14.0362103174603,1.37451166474945,1.09282847458991,8.46617911999295,74.1314790466933
14.0363095238095,1.37547075904791,1.09294183554788,8.4621304096463,74.1330697167327
14.0364087301587,1.37642813634598,1.09305554489285,8.4580836359325,74.1346605515595
14.0365079365079,1.37738379905076,1.09316960183149,8.45403879792699,74.1362515504235
14.0366071428571,1.37833774956787,1.09328400557107,8.44999589470516,74.1378427125755
14.0367063492063,1.37928999030118,1.09339875531944,8.44595492534325,74.1394340372666
14.0368055555556,1.38024052365306,1.09351385028499,8.44191588891744,74.1410255237486
14.0369047619048,1.38118935202419,1.09362928967672,8.43787878450473,74.1426171712737
14.037003968254,1.38213647781371,1.09374507270417,8.43384361118212,74.1442089790947
14.0371031746032,1.38308190341907,1.09386119857746,8.42981036802739,74.1458009464651
14.0372023809524,1.3840256312362,1.0939776665073,8.4257790541183,74.1473930726388
14.0373015873016,1.38496766365934,1.09409447570494,8.42174966853336,74.1489853568704
14.0374007936508,1.38590800308113,1.09421162538223,8.41772221035142,74.1505777984148
14.0375,1.38684665189265,1.09432911475157,8.41369667865144,74.1521703965277
14.0375992063492,1.3877836124833,1.09444694302596,8.40967307251318,74.1537631504653
14.0376984126984,1.38871888724095,1.09456510941893,8.40565139101639,74.1553560594844
14.0377976190476,1.38965247855177,1.09468361314462,8.40163163324162,74.1569491228422
14.0378968253968,1.39058438880039,1.09480245341772,8.3976137982694,74.1585423397966
14.037996031746,1.39151462036977,1.09492162945351,8.39359788518107,74.1601357096059
14.0380952380952,1.39244317564133,1.09504114046781,8.38958389305796,74.1617292315292
14.0381944444444,1.39337005699479,1.09516098567705,8.38557182098219,74.163322904826
14.0382936507937,1.39429526680836,1.09528116429821,8.38156166803587,74.1649167287564
14.0383928571429,1.39521880745853,1.09540167554883,8.37755343330193,74.1665107025809
14.0384920634921,1.39614068132028,1.09552251864705,8.37354711586325,74.1681048255609
14.0385912698413,1.39706089076688,1.09564369281157,8.36954271480355,74.169699096958
14.0386904761905,1.39797943817011,1.09576519726165,8.36554022920651,74.1712935160346
14.0387896825397,1.39889632590002,1.09588703121714,8.36153965815652,74.1728880820535
14.0388888888889,1.39981155632509,1.09600919389845,8.35754100073837,74.1744827942781
14.0389880952381,1.40072513181224,1.09613168452656,8.35354425603693,74.1760776519726
14.0390873015873,1.40163705472669,1.09625450232303,8.34954942313788,74.1776726544012
14.0391865079365,1.40254732743215,1.09637764651,8.34555650112686,74.1792678008293
14.0392857142857,1.40345595229059,1.09650111631015,8.34156548909037,74.1808630905223
14.0393849206349,1.40436293166252,1.09662491094676,8.33757638611482,74.1824585227467
14.0394841269841,1.40526826790669,1.09674902964367,8.33358919128749,74.184054096769
14.0395833333333,1.40617196338037,1.09687347162529,8.3296039036956,74.1856498118566
14.0396825396825,1.40707402043911,1.09699823611662,8.3256205224272,74.1872456672774
14.0397817460317,1.40797444143693,1.09712332234322,8.32163904657031,74.1888416623
14.039880952381,1.40887322872618,1.09724872953119,8.31765947521378,74.1904377961931
14.0399801587302,1.40977038465765,1.09737445690727,8.31368180744639,74.1920340682264
14.0400793650794,1.41066591158046,1.0975005036987,8.30970604235779,74.19363047767
14.0401785714286,1.4115598118422,1.09762686913335,8.30573217903756,74.1952270237947
14.0402777777778,1.41245208778877,1.09775355243962,8.30176021657601,74.1968237058715
14.040376984127,1.41334274176446,1.09788055284649,8.29779015406385,74.1984205231723
14.0404761904762,1.41423177611203,1.09800786958355,8.29382199059186,74.2000174749694
14.0405753968254,1.41511919317254,1.0981355018809,8.28985572525162,74.2016145605357
14.0406746031746,1.4160049952855,1.09826344896925,8.28589135713471,74.2032117791447
14.0407738095238,1.41688918478876,1.09839171007989,8.28192888533352,74.2048091300703
14.040873015873,1.41777176401861,1.09852028444465,8.27796830894039,74.2064066125873
14.0409722222222,1.41865273530967,1.09864917129595,8.2740096270485,74.2080042259706
14.0410714285714,1.41953210099502,1.09877836986678,8.270052838751,74.2096019694959
14.0411706349206,1.42040986340604,1.0989078793907,8.26609794314185,74.2111998424395
14.0412698412698,1.4212860248726,1.09903769910185,8.26214493931498,74.2127978440783
14.041369047619,1.42216058772285,1.09916782823492,8.25819382636514,74.2143959736894
14.0414682539683,1.42303355428343,1.0992982660252,8.25424460338705,74.2159942305509
14.0415674603175,1.42390492687929,1.09942901170853,8.25029726947626,74.2175926139412
14.0416666666667,1.42477470783385,1.09956006452133,8.24635182372826,74.2191911231394
14.0417658730159,1.42564289946883,1.09969142370059,8.24240826523929,74.220789757425
14.0418650793651,1.42650950410437,1.09982308848387,8.23846659310597,74.2223885160781
14.0419642857143,1.42737452405905,1.09995505810931,8.23452680642497,74.2239873983796
14.0420634920635,1.42823796164975,1.10008733181561,8.23058890429381,74.2255864036104
14.0421626984127,1.42909981919183,1.10021990884205,8.22665288580998,74.2271855310527
14.0422619047619,1.42996009899896,1.10035278842848,8.22271875007177,74.2287847799886
14.0423611111111,1.43081880338327,1.10048596981532,8.21878649617745,74.2303841497012
14.0424603174603,1.43167593465519,1.10061945224355,8.21485612322612,74.2319836394738
14.0425595238095,1.43253149512365,1.10075323495475,8.21092763031682,74.2335832485906
14.0426587301587,1.43338548709585,1.10088731719105,8.20700101654943,74.2351829763361
14.0427579365079,1.43423791287749,1.10102169819515,8.20307628102381,74.2367828219955
14.0428571428571,1.43508877477257,1.10115637721034,8.19915342284061,74.2383827848544
14.0429563492063,1.43593807508354,1.10129135348046,8.19523244110047,74.2399828641993
14.0430555555556,1.43678581611119,1.10142662624994,8.19131333490485,74.2415830593168
14.0431547619048,1.43763200015476,1.10156219476377,8.18739610335516,74.2431833694944
14.043253968254,1.43847662951181,1.10169805826752,8.18348074555355,74.24478379402
14.0433531746032,1.43931970647831,1.10183421600732,8.17956726060254,74.2463843321821
14.0434523809524,1.44016123334867,1.10197066722988,8.17565564760474,74.2479849832698
14.0435515873016,1.4410012124156,1.10210741118247,8.17174590566357,74.2495857465726
14.0436507936508,1.44183964597029,1.10224444711296,8.16783803388244,74.2511866213808
14.04375,1.44267653630224,1.10238177426977,8.16393203136555,74.252787606985
14.0438492063492,1.44351188569941,1.10251939190189,8.16002789721708,74.2543887026765
14.0439484126984,1.44434569644806,1.10265729925888,8.15612563054204,74.2559899077472
14.0440476190476,1.44517797083296,1.10279549559089,8.1522252304454,74.2575912214895
14.0441468253968,1.44600871113713,1.10293398014862,8.14832669603295,74.2591926431963
14.044246031746,1.44683791964211,1.10307275218337,8.14443002641046,74.2607941721612
14.0443452380952,1.44766559862771,1.10321181094697,8.14053522068449,74.2623958076782
14.0444444444444,1.44849175037225,1.10335115569185,8.1366422779616,74.2639975490419
14.0445436507936,1.4493163771523,1.10349078567102,8.13275119734916,74.2655993955475
14.0446428571429,1.45013948124297,1.10363070013804,8.12886197795449,74.2672013464907
14.0447420634921,1.45096106491764,1.10377089834705,8.12497461888567,74.2688034011679
14.0448412698413,1.4517811304481,1.10391137955275,8.12108911925112,74.2704055588759
14.0449404761905,1.4525996801046,1.10405214301044,8.11720547815937,74.2720078189121
14.0450396825397,1.45341671615568,1.10419318797597,8.11332369471975,74.2736101805745
14.0451388888889,1.45423224086836,1.10433451370576,8.10944376804158,74.2752126431616
14.0452380952381,1.45504625650797,1.10447611945681,8.10556569723498,74.2768152059724
14.0453373015873,1.4558587653383,1.1046180044867,8.10168948141006,74.2784178683067
14.0454365079365,1.45666976962145,1.10476016805356,8.09781511967772,74.2800206294646
14.0455357142857,1.457479271618,1.1049026094161,8.09394261114885,74.2816234887469
14.0456349206349,1.45828727358682,1.10504532783361,8.09007195493515,74.2832264454548
14.0457341269841,1.45909377778527,1.10518832256596,8.08620315014831,74.2848294988903
14.0458333333333,1.459898786469,1.10533159287355,8.08233619590081,74.2864326483558
14.0459325396825,1.46070230189215,1.1054751380174,8.07847109130511,74.2880358931542
14.0460317460317,1.46150432630713,1.10561895725907,8.07460783547451,74.2896392325891
14.046130952381,1.46230486196486,1.10576304986071,8.07074642752224,74.2912426659646
14.0462301587302,1.46310391111458,1.10590741508504,8.06688686656228,74.2928461925854
14.0463293650794,1.4639014760039,1.10605205219532,8.06302915170897,74.2944498117566
14.0464285714286,1.46469755887889,1.10619696045544,8.05917328207677,74.296053522784
14.0465277777778,1.46549216198393,1.1063421391298,8.05531925678091,74.2976573249739
14.046626984127,1.46628528756188,1.10648758748343,8.05146707493662,74.2992612176333
14.0467261904762,1.46707693785387,1.10663330478187,8.04761673565995,74.3008652000696
14.0468253968254,1.46786711509955,1.1067792902913,8.04376823806689,74.3024692715907
14.0469246031746,1.46865582153685,1.1069255432784,8.03992158127429,74.3040734315052
14.0470238095238,1.46944305940216,1.10707206301049,8.03607676439895,74.3056776791223
14.047123015873,1.4702288309302,1.10721884875541,8.03223378655847,74.3072820137515
14.0472222222222,1.47101313835414,1.10736589978159,8.02839264687046,74.3088864347031
14.0473214285714,1.47179598390548,1.10751321535804,8.02455334445331,74.3104909412879
14.0474206349206,1.47257736981418,1.10766079475433,8.02071587842541,74.3120955328173
14.0475198412698,1.47335729830849,1.1078086372406,8.01688024790595,74.3137002086031
14.047619047619,1.47413577161516,1.10795674208758,8.01304645201409,74.3153049679578
14.0477182539683,1.47491279195925,1.10810510856656,8.00921448986971,74.3169098101945
14.0478174603175,1.4756883615642,1.10825373594938,8.00538436059309,74.3185147346265
14.0479166666667,1.47646248265193,1.10840262350849,8.00155606330458,74.3201197405681
14.0480158730159,1.47723515744263,1.10855177051689,7.99772959712533,74.321724827334
14.0481150793651,1.478006388155,1.10870117624816,7.99390496117649,74.3233299942395
14.0482142857143,1.478776177006,1.10885083997643,7.99008215458,74.3249352406001
14.0483134920635,1.47954452621111,1.10900076097644,7.98626117645781,74.3265405657325
14.0484126984127,1.48031143798408,1.10915093852346,7.98244202593265,74.3281459689535
14.0485119047619,1.48107691453715,1.10930137189337,7.97862470212723,74.3297514495804
14.0486111111111,1.48184095808086,1.1094520603626,7.97480920416509,74.3313570069315
14.0487103174603,1.48260357082422,1.10960300320814,7.97099553116973,74.3329626403251
14.0488095238095,1.48336475497454,1.10975419970759,7.96718368226547,74.3345683490806
14.0489087301587,1.48412451273763,1.10990564913908,7.96337365657661,74.3361741325175
14.0490079365079,1.48488284631756,1.11005735078134,7.95956545322824,74.3377799899561
14.0491071428571,1.48563975791692,1.11020930391366,7.95575907134545,74.3393859207173
14.0492063492064,1.48639524973658,1.1103615078159,7.95195451005404,74.3409919241225
14.0493055555556,1.48714932397585,1.11051396176849,7.94815176848018,74.3425979994934
14.0494047619048,1.48790198283243,1.11066666505246,7.94435084575014,74.3442041461526
14.049503968254,1.48865322850239,1.11081961694936,7.94055174099101,74.3458103634232
14.0496031746032,1.48940306318022,1.11097281674136,7.93675445332983,74.3474166506287
14.0497023809524,1.49015148905874,1.11112626371117,7.93295898189446,74.3490230070933
14.0498015873016,1.49089850832924,1.11127995714209,7.92916532581276,74.3506294321418
14.0499007936508,1.49164412318132,1.11143389631798,7.92537348421338,74.3522359250993
14.05,1.49238833580303,1.11158808052328,7.92158345622494,74.3538424852917
14.0500992063492,1.49313114838076,1.11174250904299,7.9177952409769,74.3554491120454
14.0501984126984,1.49387256309933,1.11189718116271,7.91400883759866,74.3570558046873
14.0502976190476,1.4946125821419,1.11205209616857,7.91022424522047,74.3586625625449
14.0503968253968,1.4953512076901,1.11220725334731,7.90644146297253,74.3602693849464
14.050496031746,1.49608844192384,1.11236265198621,7.90266048998586,74.3618762712202
14.0505952380952,1.49682428702152,1.11251829137314,7.89888132539145,74.3634832206955
14.0506944444444,1.49755874515987,1.11267417079655,7.89510396832102,74.3650902327021
14.0507936507937,1.498291818514,1.11283028954543,7.89132841790666,74.3666973065703
14.0508928571429,1.49902350925747,1.11298664690938,7.88755467328055,74.3683044416309
14.0509920634921,1.49975381956215,1.11314324217854,7.88378273357567,74.3699116372152
14.0510912698413,1.50048275159839,1.11330007464364,7.88001259792501,74.3715188926553
14.0511904761905,1.50121030753482,1.11345714359598,7.87624426546234,74.3731262072836
14.0512896825397,1.50193648953858,1.11361444832742,7.87247773532141,74.3747335804333
14.0513888888889,1.50266129977507,1.1137719881304,7.86871300663679,74.3763410114379
14.0514880952381,1.5033847404082,1.11392976229794,7.86495007854304,74.3779484996316
14.0515873015873,1.50410681360018,1.11408777012361,7.8611889501755,74.3795560443492
14.0516865079365,1.50482752151166,1.11424601090158,7.85742962066951,74.381163644926
14.0517857142857,1.50554686630163,1.11440448392656,7.85367208916122,74.3827713006977
14.0518849206349,1.50626485012755,1.11456318849387,7.84991635478674,74.384379011001
14.0519841269841,1.50698147514516,1.11472212389935,7.84616241668301,74.3859867751725
14.0520833333333,1.5076967435087,1.11488128943946,7.84241027398695,74.38759459255
14.0521825396825,1.50841065737072,1.11504068441121,7.83865992583617,74.3892024624716
14.0522817460317,1.50912321888217,1.11520030811217,7.83491137136868,74.3908103842757
14.052380952381,1.50983443019243,1.11536015984052,7.83116460972258,74.3924183573017
14.0524801587302,1.51054429344921,1.11552023889498,7.82741964003677,74.3940263808892
14.0525793650794,1.51125281079868,1.11568054457484,7.82367646145014,74.3956344543787
14.0526785714286,1.51195998438531,1.11584107617997,7.81993507310237,74.3972425771109
14.0527777777778,1.51266581635206,1.11600183301082,7.81619547413314,74.3988507484273
14.052876984127,1.51337030884018,1.11616281436841,7.81245766368293,74.4004589676698
14.0529761904762,1.51407346398939,1.11632401955431,7.8087216408922,74.4020672341811
14.0530753968254,1.51477528393774,1.11648544787069,7.80498740490223,74.4036755473042
14.0531746031746,1.51547577082171,1.11664709862027,7.80125495485425,74.4052839063827
14.0532738095238,1.51617492677613,1.11680897110636,7.79752428989033,74.4068923107609
14.053373015873,1.51687275393427,1.11697106463283,7.79379540915251,74.4085007597836
14.0534722222222,1.51756925442772,1.11713337850411,7.79006831178363,74.4101092527959
14.0535714285714,1.51826443038654,1.11729591202524,7.78634299692651,74.411717789144
14.0536706349206,1.51895828393911,1.11745866450179,7.7826194637247,74.4133263681741
14.0537698412698,1.5196508172122,1.11762163523992,7.77889771132211,74.4149349892333
14.053869047619,1.52034203233105,1.11778482354636,7.77517773886276,74.4165436516691
14.0539682539683,1.52103193141919,1.11794822872842,7.77145954549146,74.4181523548297
14.0540674603175,1.5217205165986,1.11811185009397,7.76774313035301,74.4197610980636
14.0541666666667,1.52240778998961,1.11827568695145,7.76402849259301,74.4213698807202
14.0542658730159,1.52309375371099,1.11843973860989,7.76031563135706,74.4229787021492
14.0543650793651,1.52377840987983,1.11860400437887,7.75660454579154,74.424587561701
14.0544642857143,1.52446176061168,1.11876848356855,7.75289523504284,74.4261964587264
14.0545634920635,1.5251438080204,1.11893317548965,7.74918769825813,74.4278053925769
14.0546626984127,1.52582455421834,1.1190980794535,7.74548193458458,74.4294143626045
14.0547619047619,1.52650400131613,1.11926319477196,7.74177794317016,74.4310233681618
14.0548611111111,1.52718215142289,1.11942852075747,7.73807572316283,74.4326324086019
14.0549603174603,1.52785900664602,1.11959405672306,7.73437527371134,74.4342414832784
14.0550595238095,1.52853456909142,1.11975980198232,7.73067659396443,74.4358505915457
14.0551587301587,1.52920884086331,1.11992575584941,7.72697968307155,74.4374597327586
14.0552579365079,1.52988182406429,1.12009191763906,7.72328454018254,74.4390689062722
14.0553571428571,1.53055352079541,1.12025828666658,7.71959116444731,74.4406781114427
14.0554563492063,1.53122393315604,1.12042486224784,7.71589955501662,74.4422873476264
14.0555555555556,1.53189306324401,1.1205916436993,7.71220971104115,74.4438966141804
14.0556547619048,1.53256091315546,1.12075863033796,7.70852163167245,74.4455059104622
14.055753968254,1.53322748498499,1.12092582148143,7.70483531606199,74.4471152358301
14.0558531746032,1.53389278082553,1.12109321644787,7.7011507633621,74.4487245896426
14.0559523809524,1.53455680276846,1.12126081455601,7.69746797272507,74.4503339712591
14.0560515873016,1.53521955290347,1.12142861512515,7.69378694330398,74.4519433800393
14.0561507936508,1.53588103331873,1.12159661747519,7.69010767425193,74.4535528153437
14.05625,1.53654124610072,1.12176482092656,7.68643016472278,74.455162276533
14.0563492063492,1.53720019333436,1.12193322480029,7.68275441387042,74.4567717629689
14.0564484126984,1.53785787710292,1.12210182841797,7.67908042084951,74.4583812740134
14.0565476190476,1.53851429948811,1.12227063110177,7.67540818481471,74.4599908090291
14.0566468253968,1.53916946256997,1.12243963217442,7.67173770492137,74.461600367379
14.056746031746,1.53982336842695,1.12260883095922,7.66806898032526,74.463209948427
14.0568452380952,1.54047601913592,1.12277822678007,7.6644020101822,74.4648195515373
14.0569444444444,1.54112741677208,1.12294781896141,7.66073679364885,74.4664291760746
14.0570436507937,1.5417775634091,1.12311760682826,7.65707332988183,74.4680388214045
14.0571428571429,1.54242646111894,1.12328758970622,7.65341161803857,74.4696484868928
14.0572420634921,1.54307411197204,1.12345776692146,7.64975165727649,74.4712581719061
14.0573412698413,1.54372051803715,1.12362813780071,7.64609344675381,74.4728678758113
14.0574404761905,1.54436568138148,1.12379870167128,7.64243698562873,74.4744775979761
14.0575396825397,1.54500960407058,1.12396945786105,7.63878227306027,74.4760873377687
14.0576388888889,1.54565228816841,1.12414040569848,7.63512930820742,74.4776970945578
14.0577380952381,1.5462937357373,1.12431154451259,7.63147809022997,74.4793068677126
14.0578373015873,1.546933948838,1.12448287363298,7.62782861828771,74.4809166566031
14.0579365079365,1.54757292952961,1.12465439238981,7.62418089154122,74.4825264605995
14.0580357142857,1.54821067986967,1.12482610011382,7.62053490915108,74.484136279073
14.0581349206349,1.54884720191405,1.12499799613633,7.61689067027855,74.4857461113949
14.0582341269841,1.54948249771703,1.12517007978922,7.6132481740853,74.4873559569373
14.0583333333333,1.55011656933132,1.12534235040493,7.60960741973309,74.4889658150729
14.0584325396825,1.55074941880794,1.1255148073165,7.60596840638448,74.4905756851748
14.0585317460317,1.55138104819639,1.12568744985753,7.602331133202,74.4921855666168
14.058630952381,1.55201145954446,1.12586027736218,7.598695599349,74.4937954587731
14.0587301587302,1.55264065489843,1.1260332891652,7.59506180398881,74.4954053610188
14.0588293650794,1.55326863630287,1.12620648460189,7.59142974628557,74.497015272729
14.0589285714286,1.55389540580084,1.12637986300814,7.58779942540339,74.4986251932798
14.0590277777778,1.55452096543369,1.12655342372041,7.5841708405072,74.5002351220478
14.059126984127,1.55514531724124,1.12672716607572,7.58054399076191,74.50184505841
14.0592261904762,1.55576846326162,1.12690108941168,7.57691887533323,74.503455001744
14.0593253968254,1.55639040553145,1.12707519306645,7.57329549338685,74.5050649514281
14.0594246031746,1.55701114608562,1.12724947637877,7.56967384408927,74.506674906841
14.0595238095238,1.55763068695753,1.12742393868797,7.56605392660699,74.508284867362
14.059623015873,1.55824903017887,1.12759857933392,7.56243574010718,74.509894832371
14.0597222222222,1.55886617777974,1.12777339765708,7.55881928375742,74.5115048012483
14.0598214285714,1.5594821317887,1.12794839299848,7.55520455672538,74.5131147733751
14.0599206349206,1.56009689423259,1.12812356469972,7.55159155817954,74.5147247481327
14.0600198412698,1.56071046713674,1.12829891210298,7.54798028728835,74.5163347249034
14.060119047619,1.56132285252478,1.12847443455099,7.54437074322107,74.5179447030698
14.0602182539683,1.56193405241881,1.12865013138708,7.54076292514694,74.519554682015
14.0603174603175,1.56254406883924,1.12882600195513,7.53715683223602,74.5211646611229
14.0604166666667,1.56315290380495,1.1290020455996,7.53355246365833,74.5227746397778
14.0605158730159,1.56376055933312,1.12917826166551,7.52994981858471,74.5243846173645
14.0606150793651,1.56436703743941,1.12935464949847,7.52634889618599,74.5259945932685
14.0607142857143,1.56497234013778,1.12953120844466,7.52274969563379,74.5276045668758
14.0608134920635,1.56557646944067,1.12970793785082,7.51915221609972,74.529214537573
14.0609126984127,1.56617942735882,1.12988483706426,7.51555645675619,74.530824504747
14.0610119047619,1.56678121590144,1.13006190543288,7.51196241677561,74.5324344677858
14.0611111111111,1.56738183707606,1.13023914230513,7.50837009533107,74.5340444260774
14.0612103174603,1.56798129288862,1.13041654703005,7.50477949159607,74.5356543790105
14.0613095238095,1.56857958534348,1.13059411895724,7.50119060474419,74.5372643259747
14.0614087301587,1.56917671644335,1.13077185743687,7.4976034339498,74.5388742663597
14.0615079365079,1.56977268818936,1.13094976181969,7.4940179783873,74.540484199556
14.0616071428571,1.57036750258099,1.13112783145703,7.49043423723184,74.5420941249546
14.0617063492064,1.57096116161616,1.13130606570076,7.48685220965859,74.5437040419472
14.0618055555556,1.57155366729112,1.13148446390335,7.48327189484351,74.5453139499257
14.0619047619048,1.57214502160056,1.13166302541784,7.47969329196255,74.546923848283
14.062003968254,1.57273522653752,1.13184174959783,7.47611640019244,74.5485337364122
14.0621031746032,1.57332428409346,1.1320206357975,7.47254121870995,74.5501436137071
14.0622023809524,1.5739121962582,1.13219968337158,7.4689677466926,74.5517534795621
14.0623015873016,1.57449896501999,1.13237889167541,7.46539598331791,74.5533633333721
14.0624007936508,1.57508459236541,1.13255826006488,7.46182592776422,74.5549731745325
14.0625,1.57566908027949,1.13273778789645,7.45825757920984,74.5565830024395
14.0625992063492,1.57625243074561,1.13291747452715,7.45469093683377,74.5581928164896
14.0626984126984,1.57683464574553,1.13309731931458,7.45112599981544,74.5598026160798
14.0627976190476,1.57741572725944,1.13327732161693,7.44756276733433,74.5614124006079
14.0628968253968,1.57799567726587,1.13345748079295,7.44400123857074,74.5630221694721
14.062996031746,1.5785744977418,1.13363779620196,7.44044141270497,74.5646319220714
14.0630952380952,1.57915219066252,1.13381826720385,7.43688328891809,74.566241657805
14.0631944444444,1.5797287580018,1.13399889315909,7.43332686639118,74.5678513760728
14.0632936507936,1.58030420173171,1.1341796734287,7.42977214430611,74.5694610762754
14.0633928571429,1.58087852382278,1.13436060737431,7.42621912184476,74.5710707578138
14.0634920634921,1.58145172624386,1.13454169435808,7.42266779818977,74.5726804200895
14.0635912698413,1.58202381096228,1.13472293374277,7.4191181725238,74.5742900625048
14.0636904761905,1.58259477994365,1.13490432489171,7.41557024403031,74.5758996844622
14.0637896825397,1.58316463515206,1.13508586716878,7.41202401189273,74.5775092853653
14.0638888888889,1.58373337854994,1.13526755993845,7.4084794752953,74.5791188646176
14.0639880952381,1.58430101209813,1.13544940256577,7.40493663342226,74.5807284216236
14.0640873015873,1.58486753775584,1.13563139441634,7.40139548545853,74.5823379557883
14.0641865079365,1.58543295748068,1.13581353485633,7.39785603058943,74.5839474665172
14.0642857142857,1.58599727322865,1.13599582325251,7.39431826800037,74.5855569532162
14.0643849206349,1.58656048695413,1.1361782589722,7.39078219687756,74.587166415292
14.0644841269841,1.58712260060991,1.13636084138329,7.38724781640721,74.5887758521519
14.0645833333333,1.58768361614714,1.13654356985425,7.38371512577631,74.5903852632034
14.0646825396825,1.58824353551538,1.13672644375412,7.38018412417186,74.5919946478549
14.0647817460317,1.58880236066256,1.13690946245251,7.37665481078163,74.5936040055152
14.064880952381,1.58936009353504,1.1370926253196,7.37312718479341,74.5952133355938
14.0649801587302,1.58991673607749,1.13727593172615,7.36960124539577,74.5968226375005
14.0650793650794,1.59047229023306,1.13745938104349,7.36607699177729,74.5984319106459
14.0651785714286,1.59102675794322,1.1376429726435,7.36255442312732,74.600041154441
14.0652777777778,1.59158014114788,1.13782670589866,7.35903353863522,74.6016503682975
14.065376984127,1.59213244178528,1.13801058018201,7.35551433749114,74.6032595516276
14.0654761904762,1.59268366179211,1.13819459486716,7.35199681888523,74.6048687038439
14.0655753968254,1.59323380310342,1.1383787493283,7.34848098200833,74.6064778243599
14.0656746031746,1.59378286765262,1.13856304294018,7.34496682605167,74.6080869125893
14.0657738095238,1.59433085737157,1.13874747507813,7.34145435020658,74.6096959679465
14.065873015873,1.59487777419046,1.13893204511804,7.33794355366518,74.6113049898466
14.0659722222222,1.59542362003793,1.13911675243639,7.3344344356196,74.612913977705
14.0660714285714,1.59596839684094,1.13930159641022,7.33092699526272,74.6145229309378
14.0661706349206,1.5965121065249,1.13948657641714,7.32742123178748,74.6161318489617
14.0662698412698,1.59705475101356,1.13967169183534,7.32391714438756,74.6177407311938
14.066369047619,1.5975963322291,1.13985694204358,7.32041473225666,74.619349577052
14.0664682539683,1.59813685209205,1.14004232642117,7.31691399458926,74.6209583859545
14.0665674603175,1.59867631252137,1.14022784434804,7.31341493057986,74.6225671573202
14.0666666666667,1.59921471543436,1.14041349520464,7.30991753942372,74.6241758905684
14.0667658730159,1.59975206274676,1.14059927837202,7.30642182031612,74.6257845851193
14.0668650793651,1.60028835637265,1.14078519323179,7.30292777245312,74.6273932403933
14.0669642857143,1.60082359822455,1.14097123916614,7.29943539503079,74.6290018558116
14.0670634920635,1.60135779021332,1.14115741555784,7.29594468724587,74.6306104307958
14.0671626984127,1.60189093424823,1.1413437217902,7.29245564829551,74.632218964768
14.0672619047619,1.60242303223696,1.14153015724714,7.28896827737695,74.6338274571511
14.0673611111111,1.60295408608553,1.14171672131311,7.28548257368824,74.6354359073683
14.0674603174603,1.6034840976984,1.14190341337319,7.2819985364274,74.6370443148437
14.0675595238095,1.60401306897837,1.14209023281296,7.27851616479326,74.6386526790015
14.0676587301587,1.60454100182669,1.14227717901863,7.27503545798464,74.6402609992669
14.0677579365079,1.60506789814292,1.14246425137696,7.27155641520114,74.6418692750652
14.0678571428571,1.60559375982509,1.14265144927527,7.26807903564239,74.6434775058228
14.0679563492063,1.60611858876954,1.14283877210147,7.26460331850877,74.6450856909662
14.0680555555556,1.60664238687108,1.14302621924404,7.2611292630007,74.6466938299227
14.0681547619048,1.60716515602283,1.14321379009201,7.25765686831935,74.64830192212
14.068253968254,1.60768689811637,1.14340148403502,7.25418613366592,74.6499099669864
14.0683531746032,1.6082076150416,1.14358930046324,7.25071705824237,74.651517963951
14.0684523809524,1.60872730868688,1.14377723876744,7.24724964125069,74.6531259124431
14.0685515873016,1.6092459809389,1.14396529833896,7.24378388189355,74.6547338118927
14.0686507936508,1.60976363368274,1.14415347856969,7.240319779374,74.6563416617304
14.06875,1.61028026880194,1.14434177885212,7.2368573328952,74.6579494613873
14.0688492063492,1.61079588817833,1.14453019857928,7.2333965416611,74.6595572102952
14.0689484126984,1.61131049369221,1.14471873714481,7.22993740487565,74.6611649078862
14.0690476190476,1.61182408722222,1.14490739394289,7.22647992174358,74.6627725535931
14.0691468253968,1.61233667064541,1.14509616836829,7.22302409146964,74.6643801468494
14.069246031746,1.6128482458372,1.14528505981633,7.21956991325933,74.6659876870888
14.0693452380952,1.61335881467144,1.14547406768294,7.2161173863182,74.6675951737459
14.0694444444444,1.61386837902031,1.14566319136457,7.21266650985255,74.6692026062557
14.0695436507937,1.61437694075443,1.14585243025829,7.2092172830687,74.6708099840538
14.0696428571429,1.61488450174276,1.14604178376171,7.20576970517374,74.6724173065763
14.0697420634921,1.61539106385272,1.14623125127304,7.20232377537479,74.67402457326
14.0698412698413,1.61589662895004,1.14642083219101,7.19887949287972,74.675631783542
14.0699404761905,1.61640119889889,1.14661052591499,7.19543685689644,74.6772389368602
14.0700396825397,1.61690477556181,1.14680033184488,7.19199586663352,74.6788460326529
14.0701388888889,1.61740736079972,1.14699024938114,7.18855652129992,74.6804530703591
14.0702380952381,1.61790895647195,1.14718027792484,7.18511882010475,74.6820600494183
14.0703373015873,1.61840956443621,1.1473704168776,7.18168276225783,74.6836669692704
14.0704365079365,1.6189091865486,1.14756066564161,7.17824834696906,74.6852738293561
14.0705357142857,1.61940782466359,1.14775102361963,7.17481557344906,74.6868806291166
14.0706349206349,1.61990548062996,1.14794149021669,7.17138444090835,74.6884873679952
14.0707341269841,1.62040214903744,1.14813206778438,7.16795494832304,74.6900940484125
14.0708333333333,1.62089782469686,1.1483227585796,7.164527094703,74.6917006726919
14.0709325396825,1.62139250880402,1.148513562265,7.16110087927815,74.6933072405351
14.0710317460317,1.62188620255413,1.14870447850342,7.15767630127831,74.694913751644
14.071130952381,1.62237890714174,1.14889550695791,7.15425335993399,74.6965202057207
14.0712301587302,1.62287062376086,1.14908664729168,7.1508320544756,74.6981266024674
14.0713293650794,1.62336135360479,1.14927789916816,7.14741238413424,74.6997329415864
14.0714285714286,1.6238510978663,1.14946926225095,7.14399434814094,74.7013392227805
14.0715277777778,1.62433985773749,1.14966073620386,7.14057794572728,74.7029454457524
14.071626984127,1.62482763440986,1.14985232069088,7.13716317612516,74.704551610205
14.0717261904762,1.62531442907431,1.15004401537618,7.13375003856649,74.7061577158415
14.0718253968254,1.62580024292108,1.15023581992415,7.13033853228385,74.7077637623651
14.0719246031746,1.62628507713987,1.15042773399935,7.12692865650975,74.7093697494794
14.0720238095238,1.62676893291968,1.15061975726653,7.12352041047737,74.710975676888
14.072123015873,1.62725181144896,1.15081188939065,7.1201137934198,74.7125815442948
14.0722222222222,1.62773371391549,1.15100413003685,7.11670880457082,74.7141873514038
14.0723214285714,1.6282146415065,1.15119647887045,7.11330544316412,74.7157930979193
14.0724206349206,1.62869459540854,1.15138893555698,7.10990370843406,74.7173987835455
14.0725198412698,1.62917357680758,1.15158149976216,7.10650359961495,74.7190044079871
14.072619047619,1.62965158688896,1.15177417115187,7.10310511594173,74.7206099709487
14.0727182539683,1.63012862683743,1.15196694939224,7.09970825664929,74.7222154721354
14.0728174603175,1.63060469783707,1.15215983414954,7.0963130209732,74.7238209112522
14.0729166666667,1.63107980107142,1.15235282509025,7.09291940814892,74.7254262880045
14.0730158730159,1.63155393772334,1.15254592188104,7.08952741741251,74.7270316020976
14.0731150793651,1.63202710897509,1.15273912418877,7.08613704800034,74.7286368532371
14.0732142857143,1.63249931600834,1.15293243168049,7.08274829914877,74.7302420411291
14.0733134920635,1.63297056000411,1.15312584402346,7.07936117009484,74.7318471654793
14.0734126984127,1.63344084214285,1.1533193608851,7.07597566007553,74.733452225994
14.0735119047619,1.63391016360434,1.15351298193304,7.07259176832846,74.7350572223796
14.0736111111111,1.63437852556778,1.15370670683511,7.0692094940912,74.7366621543425
14.0737103174603,1.63484592921174,1.1539005352593,7.06582883660198,74.7382670215895
14.0738095238095,1.63531237571419,1.15409446687382,7.06244979509896,74.7398718238276
14.0739087301587,1.63577786625246,1.15428850134707,7.05907236882096,74.7414765607636
14.0740079365079,1.63624240200329,1.15448263834762,7.05569655700674,74.743081232105
14.0741071428571,1.63670598414277,1.15467687754425,7.05232235889572,74.7446858375591
14.0742063492063,1.63716861384643,1.15487121860594,7.04894977372724,74.7462903768336
14.0743055555556,1.63763029228913,1.15506566120182,7.04557880074132,74.7478948496361
14.0744047619048,1.63809102064514,1.15526020500126,7.0422094391779,74.7494992556748
14.074503968254,1.63855080008811,1.15545484967379,7.0388416882775,74.7511035946578
14.0746031746032,1.63900963179107,1.15564959488914,7.03547554728093,74.7527078662932
14.0747023809524,1.63946751692645,1.15584444031725,7.03211101542903,74.7543120702898
14.0748015873016,1.63992445666604,1.15603938562821,7.02874809196329,74.755916206356
14.0749007936508,1.64038045218104,1.15623443049234,7.02538677612516,74.7575202742009
14.075,1.64083550464201,1.15642957458013,7.02202706715672,74.7591242735335
14.0750992063492,1.64128961521892,1.15662481756227,7.01866896429999,74.7607282040629
14.0751984126984,1.64174278508109,1.15682015910964,7.01531246679768,74.7623320654986
14.0752976190476,1.64219501539728,1.15701559889332,7.0119575738924,74.7639358575501
14.0753968253968,1.64264630733556,1.15721113658455,7.00860428482743,74.7655395799272
14.075496031746,1.64309666206346,1.1574067718548,7.00525259884599,74.7671432323399
14.0755952380952,1.64354608074783,1.15760250437571,7.00190251519196,74.7687468144982
14.0756944444444,1.64399456455496,1.15779833381912,6.99855403310915,74.7703503261125
14.0757936507936,1.64444211465047,1.15799425985705,6.99520715184203,74.7719537668931
14.0758928571429,1.64488873219942,1.15819028216172,6.99186187063501,74.7735571365509
14.0759920634921,1.64533441836621,1.15838640040555,6.98851818873306,74.7751604347966
14.0760912698413,1.64577917431463,1.15858261426112,6.98517610538146,74.7767636613411
14.0761904761905,1.64622300120789,1.15877892340124,6.98183561982551,74.7783668158958
14.0762896825397,1.64666590020853,1.15897532749889,6.97849673131116,74.7799698981719
14.0763888888889,1.64710787247854,1.15917182622724,6.97515943908432,74.7815729078811
14.0764880952381,1.64754891917923,1.15936841925966,6.97182374239153,74.783175844735
14.0765873015873,1.64798904147135,1.15956510626971,6.96848964047928,74.7847787084455
14.0766865079365,1.64842824051497,1.15976188693114,6.96515713259473,74.7863814987248
14.0767857142857,1.64886651746961,1.15995876091788,6.96182621798494,74.7879842152851
14.0768849206349,1.64930387349414,1.16015572790407,6.95849689589768,74.7895868578388
14.0769841269841,1.64974030974682,1.16035278756403,6.95516916558061,74.7911894260985
14.0770833333333,1.65017582738529,1.16054993957227,6.95184302628208,74.7927919197771
14.0771825396825,1.6506104275666,1.16074718360351,6.94851847725036,74.7943943385876
14.0772817460317,1.65104411144713,1.16094451933264,6.94519551773437,74.7959966822431
14.077380952381,1.65147688018271,1.16114194643474,6.941874146983,74.7975989504569
14.0774801587302,1.65190873492851,1.1613394645851,6.93855436424567,74.7992011429426
14.0775793650794,1.65233967683908,1.16153707345918,6.93523616877212,74.8008032594138
14.0776785714286,1.65276970706841,1.16173477273265,6.93191955981211,74.8024052995844
14.0777777777778,1.65319882676979,1.16193256208136,6.92860453661605,74.8040072631685
14.077876984127,1.65362703709599,1.16213044118137,6.92529109843432,74.8056091498803
14.0779761904762,1.65405433919907,1.16232840970888,6.92197924451791,74.8072109594342
14.0780753968254,1.65448073423055,1.16252646734036,6.91866897411778,74.8088126915449
14.0781746031746,1.65490622334129,1.1627246137524,6.91536028648555,74.810414345927
14.0782738095238,1.65533080768156,1.16292284862182,6.91205318087274,74.8120159222956
14.078373015873,1.65575448840098,1.16312117162562,6.90874765653157,74.8136174203658
14.0784722222222,1.6561772666486,1.16331958244099,6.90544371271418,74.8152188398528
14.0785714285714,1.65659914357281,1.16351808074532,6.90214134867336,74.8168201804721
14.0786706349206,1.65702012032144,1.16371666621618,6.89884056366185,74.8184214419395
14.0787698412698,1.65744019804163,1.16391533853134,6.89554135693305,74.8200226239708
14.078869047619,1.65785937787997,1.16411409736875,6.89224372774027,74.8216237262819
14.0789682539683,1.65827766098241,1.16431294240658,6.88894767533743,74.8232247485892
14.0790674603175,1.65869504849426,1.16451187332314,6.88565319897872,74.8248256906089
14.0791666666667,1.65911154156027,1.16471088979699,6.88236029791835,74.8264265520577
14.0792658730159,1.65952714132452,1.16490999150684,6.8790689714112,74.8280273326522
14.0793650793651,1.65994184893051,1.1651091781316,6.8757792187121,74.8296280321094
14.0794642857143,1.66035566552109,1.16530844935038,6.87249103907652,74.8312286501464
14.0795634920635,1.66076859223854,1.16550780484249,6.86920443175987,74.8328291864805
14.0796626984127,1.66118063022449,1.16570724428739,6.86591939601821,74.8344296408291
14.0797619047619,1.66159178061997,1.16590676736479,6.86263593110757,74.8360300129099
14.0798611111111,1.66200204456537,1.16610637375455,6.85935403628459,74.8376303024406
14.0799603174603,1.66241142320052,1.16630606313672,6.85607371080588,74.8392305091394
14.0800595238095,1.66281991766456,1.16650583519157,6.8527949539287,74.8408306327242
14.0801587301587,1.66322752909607,1.16670568959954,6.84951776491025,74.8424306729136
14.0802579365079,1.66363425863299,1.16690562604126,6.84624214300838,74.8440306294259
14.0803571428571,1.66404010741267,1.16710564419757,6.84296808748087,74.8456305019801
14.0804563492064,1.66444507657181,1.16730574374948,6.8396955975861,74.8472302902948
14.0805555555556,1.6648491672465,1.1675059243782,6.83642467258271,74.8488299940892
14.0806547619048,1.66525238057225,1.16770618576513,6.83315531172939,74.8504296130826
14.080753968254,1.6656547176839,1.16790652759187,6.82988751428548,74.8520291469943
14.0808531746032,1.66605617971573,1.1681069495402,6.82662127951025,74.8536285955441
14.0809523809524,1.66645676780135,1.1683074512921,6.82335660666364,74.8552279584515
14.0810515873016,1.66685648307382,1.16850803252973,6.82009349500553,74.8568272354367
14.0811507936508,1.6672553266655,1.16870869293545,6.81683194379644,74.8584264262197
14.08125,1.66765329970823,1.16890943219182,6.81357195229684,74.8600255305209
14.0813492063492,1.66805040333314,1.16911024998156,6.81031351976786,74.8616245480607
14.0814484126984,1.66844663867082,1.16931114598763,6.80705664547056,74.86322347856
14.0815476190476,1.6688420068512,1.16951211989312,6.80380132866665,74.8648223217394
14.0816468253968,1.66923650900362,1.16971317138137,6.80054756861781,74.8664210773201
14.081746031746,1.66963014625678,1.16991430013587,6.79729536458633,74.8680197450233
14.0818452380952,1.67002291973879,1.17011550584034,6.79404471583447,74.8696183245703
14.0819444444444,1.67041483057712,1.17031678817865,6.79079562162506,74.8712168156828
14.0820436507937,1.67080587989864,1.17051814683488,6.7875480812212,74.8728152180825
14.0821428571429,1.67119606882962,1.17071958149331,6.78430209388604,74.8744135314913
14.0822420634921,1.67158539849566,1.17092109183839,6.78105765888339,74.8760117556313
14.0823412698413,1.6719738700218,1.17112267755479,6.77781477547698,74.8776098902249
14.0824404761905,1.67236148453244,1.17132433832734,6.77457344293121,74.8792079349944
14.0825396825397,1.67274824315138,1.17152607384109,6.77133366051041,74.8808058896627
14.0826388888889,1.67313414700178,1.17172788378126,6.76809542747957,74.8824037539523
14.0827380952381,1.6735191972062,1.17192976783327,6.76485874310362,74.8840015275865
14.0828373015873,1.67390339488658,1.17213172568273,6.76162360664815,74.8855992102883
14.0829365079365,1.67428674116425,1.17233375701545,6.75839001737869,74.8871968017812
14.0830357142857,1.67466923715992,1.17253586151741,6.7551579745614,74.8887943017886
14.0831349206349,1.67505088399369,1.1727380388748,6.75192747746241,74.8903917100344
14.0832341269841,1.67543168278502,1.172940288774,6.7486985253485,74.8919890262423
14.0833333333333,1.6758116346528,1.17314261090158,6.74547111748637,74.8935862501366
14.0834325396825,1.67619074071526,1.17334500494429,6.74224525314332,74.8951833814414
14.0835317460317,1.67656900209003,1.17354747058908,6.7390209315869,74.8967804198811
14.083630952381,1.67694641989415,1.17375000752309,6.73579815208474,74.8983773651805
14.0837301587302,1.677322995244,1.17395261543366,6.73257691390509,74.8999742170643
14.0838293650794,1.67769872925538,1.17415529400831,6.72935721631615,74.9015709752575
14.0839285714286,1.67807362304344,1.17435804293475,6.72613905858678,74.9031676394851
14.0840277777778,1.67844767772276,1.17456086190089,6.72292243998578,74.9047642094727
14.084126984127,1.67882089440726,1.17476375059483,6.71970735978259,74.9063606849456
14.0842261904762,1.67919327421028,1.17496670870486,6.71649381724661,74.9079570656296
14.0843253968254,1.67956481824452,1.17516973591946,6.71328181164787,74.9095533512506
14.0844246031746,1.67993552762207,1.17537283192729,6.71007134225638,74.9111495415346
14.0845238095238,1.6803054034544,1.17557599641723,6.70686240834276,74.9127456362077
14.084623015873,1.68067444685239,1.17577922907833,6.7036550091776,74.9143416349966
14.0847222222222,1.68104265892627,1.17598252959982,6.70044914403213,74.9159375376276
14.0848214285714,1.68141004078569,1.17618589767116,6.69724481217753,74.9175333438277
14.0849206349206,1.68177659353964,1.17638933298196,6.69404201288554,74.9191290533237
14.0850198412698,1.68214231829653,1.17659283522204,6.6908407454282,74.9207246658427
14.085119047619,1.68250721616415,1.17679640408143,6.68764100907756,74.9223201811122
14.0852182539683,1.68287128824965,1.17700003925031,6.68444280310636,74.9239155988594
14.0853174603175,1.68323453565961,1.17720374041909,6.68124612678726,74.9255109188123
14.0854166666667,1.68359695949994,1.17740750727834,6.67805097939357,74.9271061406984
14.0855158730159,1.68395856087598,1.17761133951885,6.67485736019856,74.9287012642459
14.0856150793651,1.68431934089242,1.17781523683157,6.67166526847612,74.930296289183
14.0857142857143,1.68467930065336,1.17801919890768,6.66847470350012,74.9318912152381
14.0858134920635,1.68503844126227,1.17822322543852,6.66528566454506,74.9334860421397
14.0859126984127,1.68539676382202,1.17842731611563,6.66209815088539,74.9350807696165
14.0860119047619,1.68575426943484,1.17863147063074,6.6589121617962,74.9366753973975
14.0861111111111,1.68611095920236,1.17883568867578,6.65572769655254,74.9382699252118
14.0862103174603,1.6864668342256,1.17903996994286,6.65254475443011,74.9398643527886
14.0863095238095,1.68682189560495,1.17924431412429,6.64936333470454,74.9414586798574
14.0864087301587,1.6871761444402,1.17944872091257,6.64618343665203,74.9430529061479
14.0865079365079,1.68752958183049,1.17965319000038,6.64300505954908,74.9446470313897
14.0866071428571,1.6878822088744,1.17985772108061,6.63982820267222,74.946241055313
14.0867063492063,1.68823402666985,1.18006231384633,6.63665286529863,74.9478349776479
14.0868055555556,1.68858503631416,1.1802669679908,6.63347904670544,74.9494287981247
14.0869047619048,1.68893523890403,1.18047168320748,6.63030674617042,74.951022516474
14.087003968254,1.68928463553556,1.18067645919001,6.62713596297129,74.9526161324265
14.0871031746032,1.6896332273042,1.18088129563223,6.62396669638643,74.954209645713
14.0872023809524,1.68998101530484,1.18108619222817,6.62079894569414,74.9558030560647
14.0873015873016,1.69032800063168,1.18129114867204,6.61763271017339,74.9573963632127
14.0874007936508,1.69067418437838,1.18149616465826,6.61446798910309,74.9589895668885
14.0875,1.69101956763793,1.18170123988143,6.61130478176281,74.9605826668237
14.0875992063492,1.69136415150274,1.18190637403635,6.60814308743204,74.9621756627501
14.0876984126984,1.69170793706456,1.182111566818,6.60498290539094,74.9637685543996
14.0877976190476,1.69205092541459,1.18231681792156,6.60182423491961,74.9653613415045
14.0878968253968,1.69239311764336,1.18252212704239,6.59866707529871,74.9669540237969
14.087996031746,1.69273451484078,1.18272749387604,6.5955114258092,74.9685466010094
14.0880952380952,1.69307511809621,1.18293291811829,6.59235728573207,74.9701390728747
14.0881944444444,1.69341492849831,1.18313839946505,6.58920465434896,74.9717314391255
14.0882936507937,1.6937539471352,1.18334393761248,6.58605353094146,74.9733236994951
14.0883928571429,1.69409217509431,1.18354953225688,6.5829039147918,74.9749158537165
14.0884920634921,1.69442961346254,1.18375518309478,6.57975580518217,74.9765079015232
14.0885912698413,1.69476626332609,1.18396088982289,6.5766092013954,74.9780998426487
14.0886904761905,1.69510212577061,1.1841666521381,6.57346410271426,74.9796916768269
14.0887896825397,1.69543720188108,1.18437246973749,6.57032050842217,74.9812834037915
14.0888888888889,1.69577149274192,1.18457834231837,6.56717841780252,74.9828750232768
14.0889880952381,1.69610499943688,1.18478426957818,6.56403783013932,74.9844665350169
14.0890873015873,1.69643772304914,1.18499025121461,6.56089874471653,74.9860579387465
14.0891865079365,1.69676966466124,1.18519628692549,6.55776116081877,74.9876492342
14.0892857142857,1.69710082535511,1.18540237640889,6.5546250777306,74.9892404211125
14.0893849206349,1.69743120621206,1.18560851936303,6.55149049473715,74.9908314992188
14.0894841269841,1.69776080831278,1.18581471548634,6.54835741112382,74.9924224682541
14.0895833333333,1.69808963273738,1.18602096447745,6.54522582617609,74.9940133279538
14.0896825396825,1.69841768056529,1.18622726603517,6.54209573918004,74.9956040780535
14.0897817460317,1.69874495287539,1.18643361985849,6.53896714942172,74.9971947182888
14.089880952381,1.6990714507459,1.18664002564662,6.53584005618783,74.9987852483957
14.0899801587302,1.69939717525446,1.18684648309893,6.53271445876502,75.0003756681102
14.0900793650794,1.69972212747805,1.18705299191501,6.52959035644057,75.0019659771686
14.0901785714286,1.70004630849308,1.18725955179462,6.52646774850173,75.0035561753074
14.0902777777778,1.70036971937531,1.18746616243772,6.52334663423637,75.0051462622631
14.090376984127,1.70069236119991,1.18767282354447,6.52022701293234,75.0067362377726
14.0904761904762,1.7010142350414,1.18787953481519,6.5171088838781,75.0083261015727
14.0905753968254,1.70133534197373,1.18808629595044,6.5139922463621,75.0099158534008
14.0906746031746,1.7016556830702,1.18829310665092,6.5108770996734,75.011505492994
14.0907738095238,1.70197525940352,1.18849996661757,6.50776344310102,75.01309502009
14.090873015873,1.70229407204576,1.18870687555148,6.50465127593456,75.0146844344264
14.0909722222222,1.70261212206837,1.18891383315395,6.50154059746388,75.016273735741
14.0910714285714,1.70292941054222,1.18912083912647,6.49843140697891,75.017862923772
14.0911706349206,1.70324593853753,1.18932789317072,6.4953237037702,75.0194519982574
14.0912698412698,1.70356170712393,1.18953499498859,6.49221748712827,75.0210409589359
14.091369047619,1.70387671737042,1.18974214428212,6.48911275634427,75.0226298055459
14.0914682539683,1.70419097034538,1.18994934075358,6.4860095107093,75.0242185378262
14.0915674603175,1.70450446711658,1.1901565841054,6.48290774951512,75.0258071555158
14.0916666666667,1.70481720875118,1.19036387404024,6.47980747205343,75.0273956583537
14.0917658730159,1.70512919631572,1.19057121026091,6.47670867761657,75.0289840460793
14.0918650793651,1.70544043087613,1.19077859247044,6.47361136549684,75.030572318432
14.0919642857143,1.70575091349771,1.19098602037204,6.47051553498717,75.0321604751516
14.0920634920635,1.70606064524516,1.19119349366911,6.46742118538047,75.0337485159778
14.0921626984127,1.70636962718254,1.19140101206525,6.46432831597025,75.0353364406507
14.0922619047619,1.70667786037335,1.19160857526424,6.46123692605001,75.0369242489105
14.0923611111111,1.7069853458804,1.19181618297006,6.45814701491379,75.0385119404975
14.0924603174603,1.70729208476593,1.19202383488688,6.45505858185592,75.0400995151522
14.0925595238095,1.70759807809156,1.19223153071905,6.4519716261708,75.0416869726156
14.0926587301587,1.70790332691829,1.19243927017113,6.44888614715343,75.0432743126283
14.0927579365079,1.70820783230651,1.19264705294786,6.44580214409879,75.0448615349316
14.0928571428571,1.70851159531597,1.19285487875417,6.4427196163025,75.0464486392667
14.0929563492064,1.70881461700584,1.19306274729519,6.43963856306012,75.0480356253751
14.0930555555556,1.70911689843465,1.19327065827623,6.43655898366786,75.0496224929983
14.0931547619048,1.70941844066033,1.1934786114028,6.43348087742188,75.0512092418783
14.093253968254,1.70971924474017,1.1936866063806,6.430404243619,75.0527958717569
14.0933531746032,1.71001931173089,1.19389464291552,6.42732908155596,75.0543823823764
14.0934523809524,1.71031864268853,1.19410272071364,6.42425539053017,75.055968773479
14.0935515873016,1.71061723866857,1.19431083948124,6.42118316983898,75.0575550448074
14.0936507936508,1.71091510072585,1.19451899892477,6.41811241878038,75.0591411961042
14.09375,1.71121222991461,1.1947271987509,6.41504313665233,75.0607272271123
14.0938492063492,1.71150862728844,1.19493543866647,6.41197532275331,75.0623131375748
14.0939484126984,1.71180429390035,1.19514371837851,6.40890897638214,75.0638989272349
14.0940476190476,1.71209923080273,1.19535203759426,6.40584409683765,75.065484595836
14.0941468253968,1.71239343904732,1.19556039602113,6.40278068341933,75.0670701431218
14.094246031746,1.7126869196853,1.19576879336674,6.3997187354266,75.0686555688359
14.0943452380952,1.71297967376719,1.1959772293389,6.39665825215955,75.0702408727224
14.0944444444444,1.71327170234292,1.19618570364559,6.3935992329182,75.0718260545255
14.0945436507936,1.71356300646177,1.196394215995,6.39054167700322,75.0734111139893
14.0946428571429,1.71385358717246,1.19660276609552,6.38748558371524,75.0749960508584
14.0947420634921,1.71414344552303,1.19681135365569,6.38443095235552,75.0765808648775
14.0948412698413,1.71443258256097,1.1970199783843,6.38137778222528,75.0781655557915
14.0949404761905,1.71472099933309,1.19722863999029,6.37832607262638,75.0797501233453
14.0950396825397,1.71500869688565,1.19743733818279,6.37527582286064,75.0813345672842
14.0951388888889,1.71529567626423,1.19764607267115,6.37222703223051,75.0829188873535
14.0952380952381,1.71558193851384,1.19785484316489,6.36917970003839,75.0845030832989
14.0953373015873,1.71586748467886,1.19806364937373,6.36613382558726,75.0860871548661
14.0954365079365,1.71615231580304,1.19827249100757,6.36308940818036,75.087671101801
14.0955357142857,1.71643643292955,1.19848136777651,6.36004644712101,75.0892549238497
14.0956349206349,1.7167198371009,1.19869027939084,6.35700494171315,75.0908386207585
14.0957341269841,1.71700252935903,1.19889922556105,6.35396489126066,75.0924221922739
14.0958333333333,1.71728451074522,1.1991082059978,6.35092629506809,75.0940056381424
14.0959325396825,1.71756578230017,1.19931722041197,6.34788915243993,75.095588958111
14.0960317460317,1.71784634506394,1.1995262685146,6.3448534626813,75.0971721519266
14.096130952381,1.71812620007599,1.19973535001695,6.34181922509729,75.0987552193365
14.0962301587302,1.71840534837516,1.19994446463044,6.33878643899364,75.1003381600879
14.0963293650794,1.71868379099968,1.20015361206672,6.33575510367601,75.1019209739284
14.0964285714286,1.71896152898714,1.2003627920376,6.33272521845073,75.1035036606057
14.0965277777778,1.71923856337455,1.2005720042551,6.32969678262407,75.1050862198678
14.096626984127,1.71951489519827,1.2007812484314,6.32666979550296,75.1066686514626
14.0967261904762,1.71979052549408,1.20099052427893,6.32364425639425,75.1082509551385
14.0968253968254,1.72006545529712,1.20119983151025,6.32062016460538,75.1098331306439
14.0969246031746,1.72033968564191,1.20140916983815,6.31759751944406,75.1114151777274
14.0970238095238,1.72061321756237,1.20161853897559,6.31457632021805,75.1129970961378
14.097123015873,1.7208860520918,1.20182793863573,6.31155656623577,75.114578885624
14.0972222222222,1.72115819026289,1.20203736853194,6.30853825680556,75.1161605459353
14.0973214285714,1.72142963310769,1.20224682837773,6.30552139123642,75.1177420768209
14.0974206349206,1.72170038165767,1.20245631788686,6.30250596883731,75.1193234780303
14.0975198412698,1.72197043694366,1.20266583677325,6.29949198891781,75.1209047493133
14.097619047619,1.72223979999588,1.20287538475101,6.29647945078748,75.1224858904197
14.0977182539683,1.72250847184394,1.20308496153445,6.29346835375649,75.1240669010994
14.0978174603175,1.72277645351683,1.20329456683808,6.29045869713499,75.1256477811029
14.0979166666667,1.72304374604291,1.20350420037657,6.28745048023376,75.1272285301805
14.0980158730159,1.72331035044995,1.20371386186482,6.28444370236355,75.1288091480827
14.0981150793651,1.7235762677651,1.2039235510179,6.28143836283571,75.1303896345603
14.0982142857143,1.72384149901488,1.20413326755106,6.27843446096159,75.1319699893643
14.0983134920635,1.7241060452252,1.20434301117978,6.27543199605306,75.1335502122458
14.0984126984127,1.72436990742135,1.20455278161968,6.27243096742232,75.135130302956
14.0985119047619,1.72463308662804,1.20476257858662,6.26943137438159,75.1367102612465
14.0986111111111,1.72489558386929,1.20497240179662,6.26643321624371,75.1382900868689
14.0987103174603,1.72515740016859,1.20518225096591,6.26343649232153,75.1398697795751
14.0988095238095,1.72541853654876,1.20539212581088,6.26044120192848,75.141449339117
14.0989087301587,1.72567899403201,1.20560202604816,6.257447344378,75.1430287652468
14.0990079365079,1.72593877363995,1.20581195139453,6.25445491898412,75.144608057717
14.0991071428571,1.72619787639358,1.20602190156698,6.25146392506086,75.1461872162801
14.0992063492063,1.72645630331325,1.20623187628269,6.24847436192285,75.1477662406887
14.0993055555556,1.72671405541873,1.20644187525903,6.24548622888472,75.149345130696
14.0994047619048,1.72697113372915,1.20665189821355,6.24249952526169,75.1509238860547
14.099503968254,1.72722753926305,1.20686194486401,6.23951425036896,75.1525025065184
14.0996031746032,1.72748327303832,1.20707201492835,6.23653040352238,75.1540809918404
14.0997023809524,1.72773833607228,1.20728210812471,6.23354798403773,75.1556593417744
14.0998015873016,1.72799272938159,1.20749222417142,6.23056699123136,75.1572375560742
14.0999007936508,1.72824645398231,1.20770236278697,6.2275874244199,75.1588156344936
14.1,1.72849951088989,1.2079125236901,6.22460928292006,75.160393576787
14.1000992063492,1.72875190111917,1.20812270659968,6.22163256604914,75.1619713827086
14.1001984126984,1.72900362568437,1.20833291123483,6.21865727312444,75.163549052013
14.1002976190476,1.72925468559907,1.20854313731481,6.21568340346386,75.1651265844548
14.1003968253968,1.72950508187628,1.20875338455911,6.21271095638528,75.166703979789
14.100496031746,1.72975481552834,1.20896365268738,6.20973993120722,75.1682812377706
14.1005952380952,1.73000388756703,1.20917394141949,6.20677032724814,75.1698583581549
14.1006944444444,1.73025229900348,1.20938425047547,6.20380214382714,75.1714353406972
14.1007936507937,1.73050005084821,1.20959457957558,6.20083538026331,75.1730121851532
14.1008928571429,1.73074714411112,1.20980492844022,6.19787003587633,75.1745888912786
14.1009920634921,1.73099357980152,1.21001529679005,6.19490610998587,75.1761654588294
14.1010912698413,1.73123935892807,1.21022568434585,6.19194360191221,75.1777418875617
14.1011904761905,1.73148448249884,1.21043609082864,6.18898251097563,75.1793181772319
14.1012896825397,1.73172895152127,1.21064651595962,6.18602283649692,75.1808943275964
14.1013888888889,1.73197276700218,1.21085695946016,6.18306457779718,75.1824703384118
14.1014880952381,1.73221592994781,1.21106742105185,6.18010773419757,75.1840462094352
14.1015873015873,1.73245844136373,1.21127790045645,6.17715230501986,75.1856219404234
14.1016865079365,1.73270030225494,1.21148839739593,6.1741982895858,75.1871975311337
14.1017857142857,1.73294151362579,1.21169891159243,6.17124568721776,75.1887729813234
14.1018849206349,1.73318207648006,1.21190944276831,6.16829449723808,75.1903482907502
14.1019841269841,1.73342199182085,1.21211999064609,6.16534471896974,75.1919234591717
14.1020833333333,1.73366126065071,1.21233055494851,6.16239635173566,75.193498486346
14.1021825396825,1.73389988397152,1.21254113539846,6.15944939485941,75.1950733720311
14.1022817460317,1.7341378627846,1.21275173171908,6.15650384766453,75.1966481159853
14.102380952381,1.73437519809059,1.21296234363365,6.15355970947516,75.1982227179669
14.1024801587302,1.73461189088957,1.21317297086568,6.15061697961544,75.1997971777349
14.1025793650794,1.73484794218097,1.21338361313883,6.14767565741011,75.2013714950477
14.1026785714286,1.73508335296363,1.21359427017698,6.14473574218389,75.2029456696647
14.1027777777778,1.73531812423575,1.21380494170421,6.14179723326206,75.2045197013448
14.102876984127,1.73555225699492,1.21401562744475,6.13886012997017,75.2060935898474
14.1029761904762,1.73578575223814,1.21422632712307,6.13592443163383,75.2076673349321
14.1030753968254,1.73601861096176,1.2144370404638,6.13299013757928,75.2092409363586
14.1031746031746,1.73625083416153,1.21464776719178,6.13005724713274,75.2108143938868
14.1032738095238,1.73648242283259,1.21485850703201,6.12712575962103,75.2123877072767
14.103373015873,1.73671337796945,1.21506925970972,6.12419567437096,75.2139608762887
14.1034722222222,1.73694370056601,1.21528002495031,6.12126699070996,75.215533900683
14.1035714285714,1.73717339161557,1.21549080247937,6.11833970796541,75.2171067802204
14.1036706349206,1.73740245211079,1.2157015920227,6.11541382546535,75.2186795146617
14.1037698412698,1.73763088304373,1.21591239330627,6.11248934253778,75.2202521037678
14.103869047619,1.73785868540582,1.21612320605625,6.10956625851129,75.2218245472998
14.1039682539683,1.7380858601879,1.216334029999,6.10664457271449,75.2233968450191
14.1040674603175,1.73831240838016,1.21654486486107,6.10372428447658,75.2249689966871
14.1041666666667,1.73853833097222,1.21675571036921,6.10080539312675,75.2265410020657
14.1042658730159,1.73876362895303,1.21696656625035,6.09788789799472,75.2281128609166
14.1043650793651,1.73898830331096,1.21717743223161,6.09497179841052,75.2296845730018
14.1044642857143,1.73921235503377,1.21738830804032,6.09205709370421,75.2312561380836
14.1045634920635,1.73943578510857,1.21759919340398,6.0891437832065,75.2328275559244
14.1046626984127,1.7396585945219,1.2178100880503,6.08623186624806,75.2343988262869
14.1047619047619,1.73988078425963,1.21802099170716,6.08332134216018,75.2359699489336
14.1048611111111,1.74010235530707,1.21823190410265,6.08041221027412,75.2375409236276
14.1049603174603,1.74032330864887,1.21844282496503,6.07750446992178,75.2391117501319
14.1050595238095,1.7405436452691,1.21865375402279,6.07459812043501,75.24068242821
14.1051587301587,1.74076336615118,1.21886469100456,6.07169316114629,75.2422529576252
14.1052579365079,1.74098247227794,1.21907563563921,6.06878959138808,75.2438233381413
14.1053571428571,1.74120096463159,1.21928658765576,6.06588741049346,75.2453935695219
14.1054563492063,1.74141884419371,1.21949754678346,6.06298661779548,75.2469636515312
14.1055555555556,1.74163611194529,1.21970851275171,6.0600872126278,75.2485335839334
14.1056547619048,1.74185276886668,1.21991948529015,6.05718919432408,75.2501033664928
14.105753968254,1.74206881593762,1.22013046412856,6.05429256221849,75.2516729989739
14.1058531746032,1.74228425413725,1.22034144899695,6.05139731564552,75.2532424811416
14.1059523809524,1.74249908444407,1.2205524396255,6.04850345393971,75.2548118127606
14.1060515873016,1.74271330783598,1.22076343574459,6.04561097643622,75.2563809935961
14.1061507936508,1.74292692529028,1.22097443708479,6.04271988247017,75.2579500234134
14.10625,1.7431399377836,1.22118544337686,6.03983017137732,75.2595189019778
14.1063492063492,1.74335234629203,1.22139645435176,6.0369418424934,75.2610876290551
14.1064484126984,1.74356415179097,1.22160746974062,6.03405489515475,75.262656204411
14.1065476190476,1.74377535525527,1.22181848927479,6.0311693286977,75.2642246278115
14.1066468253968,1.74398595765911,1.22202951268578,6.02828514245918,75.2657928990228
14.106746031746,1.74419595997609,1.22224053970532,6.02540233577613,75.2673610178112
14.1068452380952,1.74440536317918,1.22245157006531,6.02252090798606,75.2689289839431
14.1069444444444,1.74461416824074,1.22266260349787,6.0196408584265,75.2704967971855
14.1070436507936,1.7448223761325,1.22287363973526,6.01676218643557,75.2720644573049
14.1071428571429,1.7450299878256,1.22308467851,6.01388489135138,75.2736319640687
14.1072420634921,1.74523700429054,1.22329571955473,6.01100897251258,75.275199317244
14.1073412698413,1.74544342649722,1.22350676260233,6.00813442925811,75.2767665165981
14.1074404761905,1.74564925541493,1.22371780738586,6.00526126092697,75.2783335618987
14.1075396825397,1.7458544920123,1.22392885363856,6.00238946685877,75.2799004529136
14.1076388888889,1.74605913725742,1.22413990109388,5.99951904639312,75.2814671894108
14.1077380952381,1.74626319211769,1.22435094948544,5.99664999887022,75.2830337711582
14.1078373015873,1.74646665755994,1.22456199854707,5.99378232363026,75.2846001979243
14.1079365079365,1.74666953455037,1.22477304801278,5.99091602001405,75.2861664694776
14.1080357142857,1.74687182405457,1.22498409761678,5.98805108736238,75.2877325855867
14.1081349206349,1.7470735270375,1.22519514709345,5.98518752501664,75.2892985460204
14.1082341269841,1.74727464446353,1.22540619617739,5.98232533231822,75.2908643505478
14.1083333333333,1.74747517729638,1.22561724460338,5.9794645086091,75.2924299989381
14.1084325396825,1.74767512649918,1.22582829210639,5.97660505323127,75.2939954909607
14.1085317460317,1.74787449303445,1.22603933842157,5.97374696552732,75.2955608263851
14.108630952381,1.74807327786407,1.22625038328429,5.97089024483981,75.2971260049812
14.1087301587302,1.74827148194932,1.22646142643009,5.96803489051185,75.2986910265187
14.1088293650794,1.74846910625085,1.22667246759468,5.96518090188685,75.3002558907677
14.1089285714286,1.74866615172873,1.22688350651402,5.96232827830826,75.3018205974987
14.1090277777778,1.74886261934236,1.22709454292421,5.95947701912016,75.303385146482
14.109126984127,1.74905851005058,1.22730557656157,5.95662712366661,75.3049495374883
14.1092261904762,1.74925382481158,1.22751660716259,5.95377859129228,75.3065137702883
14.1093253968254,1.74944856458294,1.22772763446397,5.95093142134183,75.3080778446532
14.1094246031746,1.74964273032163,1.22793865820258,5.94808561316051,75.309641760354
14.1095238095238,1.749836322984,1.22814967811551,5.94524116609358,75.3112055171621
14.109623015873,1.75002934352578,1.22836069394001,5.9423980794869,75.3127691148491
14.1097222222222,1.75022179290211,1.22857170541356,5.9395563526863,75.3143325531866
14.1098214285714,1.75041367206748,1.22878271227378,5.93671598503825,75.3158958319466
14.1099206349206,1.75060498197579,1.22899371425854,5.93387697588917,75.3174589509011
14.1100198412698,1.7507957235803,1.22920471110585,5.93103932458613,75.3190219098223
14.110119047619,1.75098589783368,1.22941570255393,5.92820303047615,75.3205847084827
14.1102182539683,1.75117550568797,1.22962668834121,5.9253680929068,75.322147346655
14.1103174603175,1.7513645480946,1.22983766820629,5.92253451122594,75.3237098241118
14.1104166666667,1.75155302600437,1.23004864188795,5.91970228478149,75.3252721406262
14.1105158730159,1.75174094036749,1.2302596091252,5.916871412922,75.3268342959712
14.1106150793651,1.75192829213354,1.23047056965721,5.91404189499597,75.3283962899203
14.1107142857143,1.75211508225148,1.23068152322334,5.91121373035255,75.3299581222469
14.1108134920635,1.75230131166966,1.23089246956317,5.90838691834085,75.3315197927247
14.1109126984127,1.75248698133581,1.23110340841644,5.90556145831058,75.3330813011275
14.1110119047619,1.75267209219705,1.2313143395231,5.90273734961147,75.3346426472295
14.1111111111111,1.75285664519989,1.23152526262328,5.89991459159383,75.3362038308047
14.1112103174603,1.75304064129022,1.23173617745731,5.89709318360796,75.3377648516277
14.1113095238095,1.75322408141329,1.23194708376571,5.89427312500479,75.339325709473
14.1114087301587,1.75340696651379,1.23215798128919,5.8914544151352,75.3408864041153
14.1115079365079,1.75358929753572,1.23236886976864,5.88863705335072,75.3424469353296
14.1116071428571,1.75377107542254,1.23257974894517,5.88582103900282,75.344007302891
14.1117063492064,1.75395230111705,1.23279061856006,5.88300637144355,75.3455675065748
14.1118055555556,1.75413297556143,1.23300147835477,5.88019305002522,75.3471275461564
14.1119047619048,1.75431309969727,1.23321232807098,5.87738107410022,75.3486874214116
14.112003968254,1.75449267446553,1.23342316745053,5.87457044302154,75.350247132116
14.1121031746032,1.75467170080656,1.23363399623549,5.87176115614217,75.3518066780459
14.1122023809524,1.75485017966008,1.23384481416809,5.8689532128157,75.3533660589772
14.1123015873016,1.75502811196523,1.23405562099076,5.8661466123957,75.3549252746865
14.1124007936508,1.75520549866048,1.23426641644613,5.86334135423636,75.3564843249502
14.1125,1.75538234068374,1.234477200277,5.86053743769185,75.3580432095452
14.1125992063492,1.75555863897226,1.23468797222639,5.85773486211695,75.3596019282481
14.1126984126984,1.75573439446271,1.23489873203749,5.85493362686643,75.3611604808363
14.1127976190476,1.75590960809112,1.23510947945369,5.85213373129566,75.3627188670868
14.1128968253968,1.75608428079292,1.23532021421856,5.84933517476,75.3642770867773
14.112996031746,1.7562584135029,1.23553093607588,5.84653795661542,75.3658351396852
14.1130952380952,1.75643200715526,1.23574164476962,5.84374207621789,75.3673930255884
14.1131944444444,1.75660506268359,1.23595234004392,5.84094753292388,75.3689507442649
14.1132936507937,1.75677758102082,1.23616302164312,5.83815432609017,75.3705082954927
14.1133928571429,1.75694956309933,1.23637368931177,5.83536245507362,75.3720656790504
14.1134920634921,1.75712100985082,1.23658434279458,5.83257191923169,75.3736228947163
14.1135912698413,1.75729192220642,1.23679498183649,5.82978271792181,75.3751799422692
14.1136904761905,1.75746230109661,1.23700560618258,5.82699485050204,75.3767368214879
14.1137896825397,1.7576321474513,1.23721621557819,5.82420831633041,75.3782935321516
14.1138888888889,1.75780146219973,1.23742680976878,5.82142311476558,75.3798500740393
14.1139880952381,1.75797024627057,1.23763738850005,5.81863924516616,75.3814064469306
14.1140873015873,1.75813850059185,1.23784795151787,5.81585670689141,75.3829626506051
14.1141865079365,1.75830622609098,1.2380584985683,5.81307549930056,75.3845186848424
14.1142857142857,1.75847342369478,1.23826902939761,5.81029562175343,75.3860745494225
14.1143849206349,1.75864009432943,1.23847954375225,5.80751707360985,75.3876302441257
14.1144841269841,1.7588062389205,1.23869004137884,5.80473985423025,75.3891857687321
14.1145833333333,1.75897185839296,1.23890052202423,5.80196396297504,75.3907411230223
14.1146825396825,1.75913695367114,1.23911098543544,5.79918939920518,75.392296306777
14.1147817460317,1.75930152567877,1.23932143135968,5.79641616228191,75.3938513197769
14.114880952381,1.75946557533896,1.23953185954436,5.79364425156654,75.3954061618031
14.1149801587302,1.75962910357421,1.23974226973706,5.79087366642098,75.3969608326367
14.1150793650794,1.7597921113064,1.2399526616856,5.78810440620714,75.3985153320593
14.1151785714286,1.75995459945678,1.24016303513793,5.78533647028753,75.4000696598523
14.1152777777778,1.76011656894603,1.24037338984224,5.78256985802465,75.4016238157975
14.115376984127,1.76027802069415,1.24058372554688,5.7798045687816,75.4031777996768
14.1154761904762,1.76043895562057,1.24079404200041,5.77704060192149,75.4047316112723
14.1155753968254,1.76059937464409,1.24100433895157,5.77427795680801,75.4062852503662
14.1156746031746,1.76075927868291,1.2412146161493,5.77151663280485,75.4078387167411
14.1157738095238,1.76091866865458,1.24142487334273,5.7687566292763,75.4093920101795
14.115873015873,1.76107754547608,1.24163511028117,5.76599794558666,75.4109451304643
14.1159722222222,1.76123591006372,1.24184532671413,5.7632405811008,75.4124980773784
14.1160714285714,1.76139376333324,1.24205552239132,5.76048453518362,75.4140508507052
14.1161706349206,1.76155110619976,1.24226569706264,5.75772980720051,75.4156034502278
14.1162698412698,1.76170793957774,1.24247585047814,5.75497639651718,75.4171558757297
14.116369047619,1.76186426438109,1.24268598238814,5.75222430249941,75.4187081269949
14.1164682539683,1.76202008152306,1.24289609254307,5.74947352451357,75.420260203807
14.1165674603175,1.7621753919163,1.2431061806936,5.74672406192603,75.4218121059502
14.1166666666667,1.76233019647282,1.24331624659059,5.74397591410375,75.4233638332087
14.1167658730159,1.76248449610406,1.24352628998507,5.7412290804137,75.424915385367
14.1168650793651,1.76263829172081,1.24373631062826,5.73848356022345,75.4264667622096
14.1169642857143,1.76279158423326,1.24394630827161,5.73573935290055,75.4280179635214
14.1170634920635,1.76294437455097,1.24415628266672,5.73299645781316,75.4295689890872
14.1171626984127,1.76309666358289,1.2443662335654,5.73025487432944,75.4311198386923
14.1172619047619,1.76324845223737,1.24457616071963,5.72751460181813,75.4326705121219
14.1173611111111,1.76339974142212,1.24478606388163,5.72477563964799,75.4342210091616
14.1174603174603,1.76355053204425,1.24499594280374,5.72203798718836,75.4357713295971
14.1175595238095,1.76370082501025,1.24520579723857,5.71930164380859,75.4373214732141
14.1176587301587,1.763850621226,1.24541562693887,5.71656660887855,75.4388714397988
14.1177579365079,1.76399992159676,1.24562543165757,5.71383288176839,75.4404212291373
14.1178571428571,1.76414872702716,1.24583521114785,5.71110046184836,75.441970841016
14.1179563492063,1.76429703842124,1.24604496516302,5.70836934848929,75.4435202752216
14.1180555555556,1.7644448566824,1.24625469345662,5.705639541062,75.4450695315407
14.1181547619048,1.76459218271346,1.24646439578236,5.70291103893793,75.4466186097603
14.118253968254,1.76473901741658,1.24667407189417,5.70018384148851,75.4481675096675
14.1183531746032,1.76488536169333,1.24688372154613,5.69745794808576,75.4497162310496
14.1184523809524,1.76503121644468,1.24709334449254,5.69473335810169,75.4512647736941
14.1185515873016,1.76517658257093,1.24730294048789,5.69201007090893,75.4528131373885
14.1186507936508,1.76532146097183,1.24751250928685,5.68928808588009,75.4543613219209
14.11875,1.76546585254646,1.24772205064428,5.68656740238839,75.455909327079
14.1188492063492,1.76560975819333,1.24793156431526,5.68384801980703,75.4574571526513
14.1189484126984,1.7657531788103,1.24814105005501,5.68112993750982,75.4590047984258
14.1190476190476,1.76589611529463,1.248350507619,5.67841315487057,75.4605522641914
14.1191468253968,1.76603856854295,1.24855993676284,5.67569767126361,75.4620995497366
14.119246031746,1.7661805394513,1.24876933724236,5.67298348606355,75.4636466548503
14.1193452380952,1.76632202891509,1.24897870881358,5.67027059864511,75.4651935793217
14.1194444444444,1.7664630378291,1.2491880512327,5.66755900838356,75.46674032294
14.1195436507937,1.76660356708753,1.24939736425612,5.66484871465421,75.4682868854946
14.1196428571429,1.76674361758393,1.24960664764043,5.66213971683295,75.4698332667752
14.1197420634921,1.76688319021125,1.24981590114241,5.65943201429566,75.4713794665716
14.1198412698413,1.76702228586181,1.25002512451902,5.65672560641881,75.4729254846736
14.1199404761905,1.76716090542735,1.25023431752744,5.65402049257891,75.4744713208716
14.1200396825397,1.76729904979896,1.25044347992501,5.65131667215302,75.4760169749557
14.1201388888889,1.76743671986712,1.25065261146928,5.64861414451823,75.4775624467167
14.1202380952381,1.76757391652171,1.25086171191799,5.6459129090522,75.479107735945
14.1203373015873,1.76771064065198,1.25107078102907,5.6432129651326,75.4806528424316
14.1204365079365,1.76784689314657,1.25127981856063,5.64051431213772,75.4821977659675
14.1205357142857,1.7679826748935,1.25148882427099,5.6378169494458,75.4837425063441
14.1206349206349,1.76811798678018,1.25169779791864,5.63512087643565,75.4852870633526
14.1207341269841,1.76825282969339,1.25190673926228,5.63242609248634,75.4868314367846
14.1208333333333,1.76838720451933,1.2521156480608,5.62973259697703,75.4883756264321
14.1209325396825,1.76852111214354,1.25232452407326,5.62704038928749,75.4899196320867
14.1210317460317,1.76865455345098,1.25253336705895,5.62434946879746,75.4914634535408
14.121130952381,1.76878752932598,1.25274217677731,5.62165983488729,75.4930070905866
14.1212301587302,1.76892004065224,1.25295095298799,5.61897148693733,75.4945505430166
14.1213293650794,1.76905208831286,1.25315969545084,5.61628442432853,75.4960938106234
14.1214285714286,1.76918367319034,1.25336840392589,5.61359864644183,75.4976368932
14.1215277777778,1.76931479616653,1.25357707817336,5.61091415265877,75.4991797905392
14.121626984127,1.76944545812269,1.25378571795367,5.60823094236089,75.5007225024343
14.1217261904762,1.76957565993946,1.25399432302742,5.60554901493031,75.5022650286787
14.1218253968254,1.76970540249685,1.25420289315541,5.60286836974918,75.503807369066
14.1219246031746,1.76983468667427,1.25441142809863,5.60018900620022,75.5053495233899
14.1220238095238,1.76996351335052,1.25461992761827,5.59751092366617,75.5068914914442
14.122123015873,1.77009188340376,1.25482839147569,5.59483412153026,75.5084332730232
14.1222222222222,1.77021979771154,1.25503681943244,5.59215859917605,75.5099748679209
14.1223214285714,1.77034725715083,1.2552452112503,5.58948435598715,75.5115162759321
14.1224206349206,1.77047426259794,1.2554535666912,5.58681139134778,75.5130574968511
14.1225198412698,1.77060081492858,1.25566188551728,5.58413970464216,75.5145985304729
14.122619047619,1.77072691501785,1.25587016749087,5.5814692952551,75.5161393765925
14.1227182539683,1.77085256374024,1.25607841237449,5.5788001625714,75.5176800350049
14.1228174603175,1.7709777619696,1.25628661993085,5.57613230597648,75.5192205055056
14.1229166666667,1.77110251057919,1.25649478992285,5.57346572485573,75.5207607878902
14.1230158730159,1.77122681044163,1.25670292211358,5.57080041859516,75.5223008819542
14.1231150793651,1.77135066242896,1.25691101626634,5.56813638658076,75.5238407874936
14.1232142857143,1.77147406741256,1.25711907214459,5.56547362819913,75.5253805043044
14.1233134920635,1.77159702626323,1.257327089512,5.56281214283687,75.5269200321829
14.1234126984127,1.77171953985114,1.25753506813243,5.56015192988115,75.5284593709255
14.1235119047619,1.77184160904584,1.25774300776994,5.55749298871919,75.5299985203288
14.1236111111111,1.77196323471628,1.25795090818876,5.55483531873867,75.5315374801896
14.1237103174603,1.77208441773078,1.25815876915332,5.55217891932762,75.5330762503048
14.1238095238095,1.77220515895705,1.25836659042825,5.5495237898741,75.5346148304717
14.1239087301587,1.77232545926218,1.25857437177836,5.5468699297668,75.5361532204874
14.1240079365079,1.77244531951265,1.25878211296867,5.5442173383944,75.5376914201495
14.1241071428571,1.77256474057432,1.25898981376436,5.54156601514615,75.5392294292557
14.1242063492064,1.77268372331245,1.25919747393083,5.53891595941135,75.5407672476038
14.1243055555556,1.77280226859165,1.25940509323366,5.53626717057984,75.5423048749919
14.1244047619048,1.77292037727595,1.25961267143862,5.5336196480415,75.5438423112182
14.124503968254,1.77303805022875,1.25982020831167,5.53097339118679,75.5453795560809
14.1246031746032,1.77315528831283,1.26002770361898,5.52832839940616,75.5469166093789
14.1247023809524,1.77327209239037,1.26023515712687,5.52568467209068,75.5484534709107
14.1248015873016,1.7733884633229,1.26044256860189,5.5230422086314,75.5499901404754
14.1249007936508,1.77350440197138,1.26064993781077,5.52040100841996,75.5515266178719
14.125,1.77361990919613,1.26085726452044,5.51776107084803,75.5530629028997
14.1250992063492,1.77373498585685,1.26106454849799,5.51512239530776,75.5545989953581
14.1251984126984,1.77384963281262,1.26127178951073,5.51248498119163,75.5561348950469
14.1252976190476,1.77396385092194,1.26147898732616,5.50984882789218,75.5576706017658
14.1253968253968,1.77407764104265,1.26168614171195,5.50721393480254,75.5592061153148
14.125496031746,1.77419100403201,1.261893252436,5.50458030131586,75.5607414354942
14.1255952380952,1.77430394074664,1.26210031926635,5.50194792682587,75.5622765621042
14.1256944444444,1.77441645204255,1.26230734197129,5.49931681072629,75.5638114949455
14.1257936507936,1.77452853877514,1.26251432031924,5.49668695241145,75.5653462338187
14.1258928571429,1.7746402017992,1.26272125407886,5.49405835127569,75.5668807785248
14.1259920634921,1.77475144196889,1.26292814301897,5.49143100671392,75.5684151288647
14.1260912698413,1.77486226013777,1.26313498690861,5.48880491812106,75.5699492846399
14.1261904761905,1.77497265715875,1.26334178551699,5.48618008489264,75.5714832456517
14.1262896825397,1.77508263388418,1.26354853861351,5.48355650642416,75.5730170117017
14.1263888888889,1.77519219116575,1.26375524596777,5.48093418211173,75.5745505825917
14.1264880952381,1.77530132985455,1.26396190734956,5.47831311135148,75.5760839581237
14.1265873015873,1.77541005080105,1.26416852252887,5.47569329354002,75.5776171380999
14.1266865079365,1.77551835485511,1.26437509127586,5.4730747280743,75.5791501223225
14.1267857142857,1.77562624286598,1.2645816133609,5.4704574143513,75.5806829105942
14.1268849206349,1.77573371568227,1.26478808855453,5.46784135176864,75.5822155027175
14.1269841269841,1.775840774152,1.26499451662753,5.4652265397239,75.5837478984953
14.1270833333333,1.77594741912257,1.2652008973508,5.46261297761529,75.5852800977307
14.1271825396825,1.77605365144076,1.26540723049549,5.46000066484099,75.586812100227
14.1272817460317,1.77615947195272,1.26561351583291,5.45738960079979,75.5883439057875
14.127380952381,1.77626488150401,1.26581975313458,5.45477978489048,75.5898755142158
14.1274801587302,1.77636988093956,1.26602594217219,5.45217121651244,75.5914069253156
14.1275793650794,1.77647447110369,1.26623208271765,5.44956389506505,75.592938138891
14.1276785714286,1.77657865284009,1.26643817454303,5.4469578199483,75.594469154746
14.1277777777778,1.77668242699186,1.26664421742062,5.44435299056215,75.5959999726849
14.127876984127,1.77678579440147,1.26685021112288,5.44174940630719,75.5975305925122
14.1279761904762,1.77688875591077,1.26705615542247,5.43914706658397,75.5990610140327
14.1280753968254,1.776991312361,1.26726205009225,5.43654597079361,75.600591237051
14.1281746031746,1.77709346459279,1.26746789490524,5.43394611833747,75.6021212613722
14.1282738095238,1.77719521344614,1.2676736896347,5.43134750861704,75.6036510868016
14.128373015873,1.77729655976044,1.26787943405402,5.42875014103436,75.6051807131444
14.1284722222222,1.77739750437448,1.26808512793686,5.4261540149915,75.6067101402064
14.1285714285714,1.7774980481264,1.26829077105698,5.42355912989111,75.6082393677931
14.1286706349206,1.77759819185378,1.26849636318842,5.42096548513584,75.6097683957105
14.1287698412698,1.77769793639352,1.26870190410534,5.41837308012895,75.6112972237646
14.128869047619,1.77779728258195,1.26890739358214,5.41578191427368,75.6128258517619
14.1289682539683,1.77789623125476,1.26911283139338,5.41319198697386,75.6143542795086
14.1290674603175,1.77799478324704,1.26931821731383,5.41060329763337,75.6158825068115
14.1291666666667,1.77809293939326,1.26952355111844,5.40801584565661,75.6174105334773
14.1292658730159,1.77819070052727,1.26972883258237,5.40542963044804,75.618938359313
14.1293650793651,1.77828806646884,1.26993406194944,5.40284465107213,75.6204659846106
14.1294642857143,1.77838503638036,1.27013923975027,5.40026090646469,75.6219934099554
14.1295634920635,1.7784816106894,1.2703443659195,5.39767839604651,75.6235206353141
14.1296626984127,1.77857778983305,1.2705494403873,5.39509711924206,75.6250476606487
14.1297619047619,1.77867357424834,1.27075446308381,5.3925170754758,75.6265744859212
14.1298611111111,1.7787689643722,1.27095943393919,5.38993826417267,75.6281011110935
14.1299603174603,1.77886396064145,1.27116435288361,5.38736068475757,75.6296275361278
14.1300595238095,1.77895856349282,1.27136921984719,5.38478433665588,75.6311537609858
14.1301587301587,1.77905277336295,1.27157403476012,5.38220921929291,75.6326797856296
14.1302579365079,1.77914659068838,1.27177879755252,5.37963533209445,75.6342056100211
14.1303571428571,1.77924001590557,1.27198350815456,5.37706267448624,75.6357312341223
14.1304563492063,1.77933304945085,1.27218816649637,5.37449124589452,75.637256657895
14.1305555555556,1.77942569176049,1.27239277250812,5.37192104574544,75.6387818813012
14.1306547619048,1.77951794327064,1.27259732611994,5.36935207346564,75.6403069043028
14.130753968254,1.77960980441737,1.27280182726199,5.36678432848173,75.6418317268616
14.1308531746032,1.77970127563665,1.27300627586441,5.36421781022076,75.6433563489396
14.1309523809524,1.77979235736436,1.27321067185734,5.36165251810975,75.6448807704986
14.1310515873016,1.77988305003627,1.27341501517093,5.35908845157612,75.6464049915005
14.1311507936508,1.77997335408806,1.27361930573531,5.35652561004753,75.6479290119071
14.13125,1.78006326995532,1.27382354348063,5.35396399295162,75.6494528316802
14.1313492063492,1.78015279807354,1.27402772833704,5.35140359971651,75.6509764507817
14.1314484126984,1.78024193887813,1.27423186023467,5.34884442977029,75.6524998691734
14.1315476190476,1.78033069280438,1.27443593910365,5.3462864825415,75.6540230868171
14.1316468253968,1.7804190602875,1.27463996487413,5.34372975745865,75.6555461036746
14.131746031746,1.78050704176259,1.27484393747624,5.34117425395072,75.6570689197076
14.1318452380952,1.78059463766469,1.27504785684013,5.33861997144663,75.658591534878
14.1319444444444,1.78068184842869,1.27525172289592,5.33606690937578,75.6601139491475
14.1320436507937,1.78076867448944,1.27545553557375,5.33351506716752,75.6616361624779
14.1321428571429,1.78085511628165,1.27565929480375,5.33096444425168,75.6631581748308
14.1322420634921,1.78094117423997,1.27586300051606,5.32841504005803,75.6646799861681
14.1323412698413,1.78102684879893,1.27606665264079,5.32586685401682,75.6662015964513
14.1324404761905,1.78111214039297,1.2762702511081,5.32331988555825,75.6677230056424
14.1325396825397,1.78119704945644,1.2764737958481,5.32077413411294,75.6692442137029
14.1326388888889,1.78128157642359,1.27667728679092,5.31822959911169,75.6707652205945
14.1327380952381,1.78136572172858,1.27688072386669,5.31568627998535,75.6722860262789
14.1328373015873,1.78144948580548,1.27708410700554,5.31314417616522,75.6738066307178
14.1329365079365,1.78153286908824,1.27728743613759,5.31060328708257,75.6753270338728
14.1330357142857,1.78161587201073,1.27749071119297,5.30806361216913,75.6768472357056
14.1331349206349,1.78169849500674,1.2776939321018,5.30552515085658,75.6783672361777
14.1332341269841,1.78178073850995,1.27789709879419,5.30298790257709,75.6798870352509
14.1333333333333,1.78186260295393,1.27810021120029,5.30045186676275,75.6814066328868
14.1334325396825,1.78194408877217,1.27830326925019,5.29791704284617,75.6829260290468
14.1335317460317,1.78202519639808,1.27850627287404,5.29538343025986,75.6844452236927
14.133630952381,1.78210592626494,1.27870922200193,5.29285102843684,75.685964216786
14.1337301587302,1.78218627880596,1.27891211656401,5.29031983681006,75.6874830082882
14.1338293650794,1.78226625445425,1.27911495649036,5.28778985481296,75.689001598161
14.1339285714286,1.78234585364282,1.27931774171113,5.28526108187891,75.6905199863659
14.1340277777778,1.78242507680459,1.27952047215641,5.28273351744171,75.6920381728644
14.134126984127,1.78250392437237,1.27972314775633,5.28020716093536,75.693556157618
14.1342261904762,1.7825823967789,1.27992576844099,5.27768201179388,75.6950739405883
14.1343253968254,1.7826604944568,1.28012833414051,5.27515806945177,75.6965915217367
14.1344246031746,1.78273821783861,1.28033084478501,5.27263533334346,75.6981089010248
14.1345238095238,1.78281556735677,1.28053330030458,5.27011380290387,75.699626078414
14.134623015873,1.78289254344362,1.28073570062935,5.26759347756786,75.7011430538658
14.1347222222222,1.78296914653141,1.28093804568941,5.26507435677079,75.7026598273417
14.1348214285714,1.7830453770523,1.28114033541488,5.26255643994793,75.7041763988032
14.1349206349206,1.78312123543834,1.28134256973586,5.26003972653507,75.7056927682115
14.1350198412698,1.78319672212149,1.28154474858246,5.25752421596791,75.7072089355283
14.135119047619,1.78327183753363,1.28174687188479,5.25500990768264,75.7087249007149
14.1352182539683,1.78334658210653,1.28194893957294,5.2524968011154,75.7102406637327
14.1353174603175,1.78342095627185,1.28215095157702,5.24998489570281,75.7117562245431
14.1354166666667,1.78349496046119,1.28235290782713,5.24747419088143,75.7132715831076
14.1355158730159,1.78356859510602,1.28255480825338,5.24496468608823,75.7147867393874
14.1356150793651,1.78364186063775,1.28275665278586,5.2424563807604,75.7163016933439
14.1357142857143,1.78371475748765,1.28295844135467,5.23994927433515,75.7178164449386
14.1358134920635,1.78378728608694,1.28316017388991,5.23744336625014,75.7193309941327
14.1359126984127,1.78385944686672,1.28336185032167,5.234938655943,75.7208453408876
14.1360119047619,1.78393124025799,1.28356347058006,5.23243514285183,75.7223594851646
14.1361111111111,1.78400266669167,1.28376503459517,5.22993282641468,75.723873426925
14.1362103174603,1.78407372659858,1.28396654229708,5.22743170607008,75.7253871661301
14.1363095238095,1.78414442040944,1.28416799361591,5.22493178125649,75.7269007027412
14.1364087301587,1.78421474855487,1.28436938848173,5.22243305141287,75.7284140367196
14.1365079365079,1.78428471146541,1.28457072682464,5.21993551597812,75.7299271680266
14.1366071428571,1.7843543095715,1.28477200857473,5.2174391743916,75.7314400966234
14.1367063492063,1.78442354330347,1.28497323366209,5.21494402609264,75.7329528224713
14.1368055555556,1.78449241309157,1.28517440201681,5.21245007052103,75.7344653455314
14.1369047619048,1.78456091936596,1.28537551356898,5.20995730711653,75.7359776657651
14.137003968254,1.78462906255668,1.28557656824868,5.20746573531929,75.7374897831336
14.1371031746032,1.78469684309369,1.28577756598599,5.20497535456967,75.7390016975979
14.1372023809524,1.78476426140687,1.28597850671101,5.20248616430807,75.7405134091195
14.1373015873016,1.78483131792597,1.28617939035381,5.19999816397533,75.7420249176593
14.1374007936508,1.78489801308067,1.28638021684449,5.19751135301227,75.7435362231787
14.1375,1.78496434730055,1.28658098611311,5.19502573086016,75.7450473256387
14.1375992063492,1.78503032101509,1.28678169808977,5.19254129696025,75.7465582250006
14.1376984126984,1.78509593465368,1.28698235270454,5.19005805075423,75.7480689212254
14.1377976190476,1.78516118864562,1.28718294988751,5.18757599168376,75.7495794142743
14.1378968253968,1.78522608342008,1.28738348956874,5.18509511919098,75.7510897041084
14.137996031746,1.78529061940619,1.28758397167833,5.18261543271796,75.7525997906889
14.1380952380952,1.78535479703293,1.28778439614633,5.18013693170726,75.7541096739767
14.1381944444444,1.78541861672923,1.28798476290284,5.17765961560138,75.7556193539331
14.1382936507936,1.78548207892389,1.28818507187792,5.17518348384331,75.757128830519
14.1383928571429,1.78554518404564,1.28838532300165,5.17270853587597,75.7586381036956
14.1384920634921,1.7856079325231,1.28858551620409,5.1702347711427,75.7601471734239
14.1385912698413,1.7856703247848,1.28878565141533,5.16776218908705,75.761656039665
14.1386904761905,1.78573236125917,1.28898572856543,5.16529078915259,75.7631647023798
14.1387896825397,1.78579404237455,1.28918574758446,5.16282057078336,75.7646731615295
14.1388888888889,1.78585536855918,1.28938570840249,5.16035153342335,75.766181417075
14.1389880952381,1.78591634024121,1.28958561094959,5.15788367651701,75.7676894689772
14.1390873015873,1.78597695784869,1.28978545515583,5.15541699950878,75.7691973171974
14.1391865079365,1.78603722180957,1.28998524095126,5.15295150184353,75.7707049616963
14.1392857142857,1.78609713255172,1.29018496826596,5.1504871829661,75.772212402435
14.1393849206349,1.7861566905029,1.29038463702999,5.14802404232182,75.7737196393744
14.1394841269841,1.78621589609079,1.29058424717342,5.14556207935593,75.7752266724755
14.1395833333333,1.78627474974294,1.2907837986263,5.14310129351419,75.7767335016992
14.1396825396825,1.78633325188686,1.29098329131869,5.14064168424227,75.7782401270065
14.1397817460317,1.78639140294991,1.29118272518066,5.13818325098634,75.7797465483582
14.139880952381,1.78644920335939,1.29138210014227,5.13572599319251,75.7812527657153
14.1399801587302,1.78650665354249,1.29158141613358,5.1332699103073,75.7827587790387
14.1400793650794,1.78656375392631,1.29178067308463,5.13081500177744,75.7842645882892
14.1401785714286,1.78662050493784,1.2919798709255,5.12836126704969,75.7857701934278
14.1402777777778,1.78667690700401,1.29217900958622,5.12590870557126,75.7872755944152
14.140376984127,1.78673296055161,1.29237808899687,5.12345731678933,75.7887807912124
14.1404761904762,1.78678866600736,1.29257710908748,5.12100710015155,75.7902857837801
14.1405753968254,1.78684402379789,1.29277606978812,5.11855805510551,75.7917905720793
14.1406746031746,1.78689903434972,1.29297497102884,5.11611018109928,75.7932951560707
14.1407738095238,1.78695369808927,1.29317381273968,5.11366347758089,75.7947995357152
14.140873015873,1.78700801544289,1.2933725948507,5.11121794399882,75.7963037109734
14.1409722222222,1.78706198683682,1.29357131729195,5.10877357980154,75.7978076818064
14.1410714285714,1.78711561269718,1.29376997999347,5.10633038443795,75.7993114481747
14.1411706349206,1.78716889345005,1.29396858288531,5.10388835735693,75.8008150100393
14.1412698412698,1.78722182952135,1.29416712589751,5.10144749800782,75.8023183673607
14.141369047619,1.78727442133697,1.29436560896014,5.09900780583992,75.8038215200999
14.1414682539683,1.78732666932265,1.29456403200322,5.09656928030292,75.8053244682175
14.1415674603175,1.78737857390406,1.29476239495679,5.09413192084675,75.8068272116742
14.1416666666667,1.78743013550678,1.29496069775091,5.09169572692134,75.8083297504308
14.1417658730159,1.78748135455627,1.2951589403156,5.08926069797708,75.8098320844479
14.1418650793651,1.78753223147793,1.29535712258093,5.08682683346434,75.8113342136864
14.1419642857143,1.78758276669703,1.29555524447691,5.08439413283395,75.8128361381067
14.1420634920635,1.78763296063876,1.2957533059336,5.08196259553669,75.8143378576696
14.1421626984127,1.78768281372823,1.29595130688102,5.0795322210238,75.8158393723358
14.1422619047619,1.78773232639042,1.29614924724923,5.07710300874649,75.817340682066
14.1423611111111,1.78778149905024,1.29634712696823,5.07467495815645,75.8188417868207
14.1424603174603,1.7878303321325,1.2965449459681,5.0722480687053,75.8203426865606
14.1425595238095,1.78787882606192,1.29674270417883,5.06982233984514,75.8218433812462
14.1426587301587,1.7879269812631,1.29694040153048,5.06739777102803,75.8233438708384
14.1427579365079,1.78797479816058,1.29713803795307,5.06497436170648,75.8248441552975
14.1428571428571,1.78802227717877,1.29733561337664,5.06255211133299,75.8263442345842
14.1429563492064,1.78806941874201,1.29753312773122,5.06013101936043,75.8278441086591
14.1430555555556,1.78811622327453,1.29773058094683,5.05771108524191,75.8293437774827
14.1431547619048,1.78816269120048,1.2979279729535,5.05529230843053,75.8308432410157
14.143253968254,1.7882088229439,1.29812530368126,5.05287468837988,75.8323424992184
14.1433531746032,1.78825461892874,1.29832257306014,5.05045822454351,75.8338415520515
14.1434523809524,1.78830007957885,1.29851978102015,5.04804291637542,75.8353403994755
14.1435515873016,1.78834520531799,1.29871692749134,5.04562876332958,75.8368390414509
14.1436507936508,1.78838999656983,1.2989140124037,5.04321576486042,75.8383374779382
14.14375,1.78843445375792,1.29911103568729,5.04080392042233,75.8398357088979
14.1438492063492,1.78847857730576,1.2993079972721,5.03839322947017,75.8413337342905
14.1439484126984,1.7885223676367,1.29950489708817,5.03598369145876,75.8428315540764
14.1440476190476,1.78856582517404,1.29970173506551,5.03357530584336,75.8443291682161
14.1441468253968,1.78860895034097,1.29989851113414,5.03116807207923,75.84582657667
14.144246031746,1.78865174356056,1.30009522522408,5.02876198962207,75.8473237793987
14.1443452380952,1.78869420525582,1.30029187726535,5.02635705792754,75.8488207763624
14.1444444444444,1.78873633584964,1.30048846718796,5.02395327645171,75.8503175675217
14.1445436507937,1.78877813576484,1.30068499492192,5.02155064465086,75.8518141528368
14.1446428571429,1.78881960542412,1.30088146039726,5.01914916198128,75.8533105322684
14.1447420634921,1.78886074525009,1.30107786354397,5.01674882789975,75.8548067057765
14.1448412698413,1.78890155566528,1.30127420429209,5.01434964186299,75.8563026733218
14.1449404761905,1.7889420370921,1.30147048257161,5.01195160332818,75.8577984348645
14.1450396825397,1.78898218995289,1.30166669831255,5.00955471175248,75.859293990365
14.1451388888889,1.78902201466987,1.30186285144491,5.0071589665935,75.8607893397837
14.1452380952381,1.78906151166519,1.30205894189871,5.00476436730882,75.8622844830808
14.1453373015873,1.78910068136088,1.30225496960394,5.00237091335648,75.8637794202166
14.1454365079365,1.78913952417889,1.30245093449063,4.99997860419446,75.8652741511516
14.1455357142857,1.78917804054108,1.30264683648877,4.99758743928124,75.8667686758459
14.1456349206349,1.7892162308692,1.30284267552836,4.99519741807524,75.8682629942599
14.1457341269841,1.7892540955849,1.30303845153942,4.99280854003534,75.8697571063538
14.1458333333333,1.78929163510975,1.30323416445194,4.9904208046204,75.871251012088
14.1459325396825,1.78932884986523,1.30342981419593,4.98803421128965,75.8727447114226
14.1460317460317,1.7893657402727,1.30362540070138,4.98564875950257,75.874238204318
14.146130952381,1.78940230675344,1.3038209238983,4.98326444871863,75.8757314907343
14.1462301587302,1.78943854972865,1.30401638371668,4.98088127839778,75.8772245706317
14.1463293650794,1.78947446961939,1.30421178008653,4.97849924799993,75.8787174439705
14.1464285714286,1.78951006684667,1.30440711293783,4.97611835698545,75.8802101107109
14.1465277777778,1.78954534183139,1.30460238220059,4.97373860481468,75.8817025708131
14.146626984127,1.78958029499434,1.3047975878048,4.97135999094841,75.8831948242372
14.1467261904762,1.78961492675623,1.30499272968045,4.9689825148474,75.8846868709435
14.1468253968254,1.78964923753767,1.30518780775754,4.96660617597286,75.886178710892
14.1469246031746,1.78968322775918,1.30538282196607,4.96423097378598,75.887670344043
14.1470238095238,1.78971689784118,1.305577772236,4.96185690774841,75.8891617703565
14.147123015873,1.78975024820399,1.30577265849736,4.95948397732175,75.8906529897928
14.1472222222222,1.78978327926783,1.30596748068011,4.95711218196807,75.8921440023118
14.1473214285714,1.78981599145285,1.30616223871425,4.95474152114939,75.8936348078737
14.1474206349206,1.78984838517909,1.30635693252978,4.95237199432816,75.8951254064387
14.1475198412698,1.78988046086648,1.30655156205665,4.95000360096701,75.8966157979667
14.147619047619,1.78991221893487,1.30674612722489,4.9476363405286,75.898105982418
14.1477182539683,1.78994365980401,1.30694062796444,4.94527021247608,75.8995959597524
14.1478174603175,1.78997478389357,1.30713506420533,4.94290521627252,75.9010857299301
14.1479166666667,1.7900055916231,1.3073294358775,4.94054135138149,75.9025752929112
14.1480158730159,1.79003608341207,1.30752374291096,4.9381786172665,75.9040646486556
14.1481150793651,1.79006625967984,1.30771798523568,4.93581701339152,75.9055537971233
14.1482142857143,1.7900961208457,1.30791216278165,4.93345653922051,75.9070427382745
14.1483134920635,1.79012566732883,1.30810627547883,4.93109719421785,75.908531472069
14.1484126984127,1.7901548995483,1.30830032325721,4.92873897784792,75.910019998467
14.1485119047619,1.79018381792311,1.30849430604677,4.92638188957553,75.9115083174282
14.1486111111111,1.79021242287215,1.30868822377748,4.92402592886549,75.9129964289128
14.1487103174603,1.79024071481422,1.30888207637932,4.92167109518304,75.9144843328806
14.1488095238095,1.79026869416802,1.30907586378226,4.91931738799339,75.9159720292917
14.1489087301587,1.79029636135216,1.30926958591627,4.91696480676216,75.9174595181059
14.1490079365079,1.79032371678515,1.30946324271133,4.91461335095517,75.9189467992831
14.1491071428571,1.79035076088541,1.30965683409741,4.91226302003827,75.9204338727834
14.1492063492063,1.79037749407125,1.30985036000448,4.90991381347778,75.9219207385665
14.1493055555556,1.79040391676091,1.3100438203625,4.90756573073996,75.9234073965925
14.1494047619048,1.79043002937252,1.31023721510145,4.90521877129156,75.924893846821
14.149503968254,1.79045583232411,1.3104305441513,4.90287293459926,75.9263800892122
14.1496031746032,1.79048132603361,1.310623807442,4.90052822013025,75.9278661237257
14.1497023809524,1.79050651091888,1.31081700490354,4.89818462735162,75.9293519503214
14.1498015873016,1.79053138739766,1.31101013646586,4.89584215573097,75.9308375689592
14.1499007936508,1.7905559558876,1.31120320205895,4.89350080473586,75.932322979599
14.15,1.79058021680627,1.31139620161274,4.89116057383427,75.9338081822004
14.1500992063492,1.79060417057113,1.31158913505722,4.8888214624942,75.9352931767234
14.1501984126984,1.79062781759954,1.31178200232234,4.88648347018406,75.9367779631277
14.1502976190476,1.79065115830877,1.31197480333806,4.88414659637226,75.9382625413731
14.1503968253968,1.79067419311601,1.31216753803434,4.8818108405276,75.9397469114195
14.150496031746,1.79069692243833,1.31236020634114,4.87947620211907,75.9412310732264
14.1505952380952,1.79071934669272,1.31255280818842,4.87714268061572,75.9427150267538
14.1506944444444,1.79074146629606,1.31274534350612,4.87481027548703,75.9441987719612
14.1507936507937,1.79076328166516,1.31293781222421,4.87247898620246,75.9456823088086
14.1508928571429,1.79078479321672,1.31313021427265,4.87014881223193,75.9471656372556
14.1509920634921,1.79080600136733,1.31332254958138,4.86781975304533,75.9486487572619
14.1510912698413,1.7908269065335,1.31351481808035,4.86549180811299,75.9501316687871
14.1511904761905,1.79084750913166,1.31370701969953,4.86316497690522,75.9516143717911
14.1512896825397,1.79086780957811,1.31389915436885,4.86083925889279,75.9530968662335
14.1513888888889,1.79088780828908,1.31409122201827,4.85851465354642,75.9545791520739
14.1514880952381,1.7909075056807,1.31428322257774,4.85619116033732,75.9560612292719
14.1515873015873,1.79092690216899,1.31447515597721,4.85386877873663,75.9575430977874
14.1516865079365,1.7909459981699,1.31466702214662,4.85154750821596,75.9590247575798
14.1517857142857,1.79096479409927,1.31485882101592,4.8492273482469,75.9605062086088
14.1518849206349,1.79098329037283,1.31505055251505,4.84690829830143,75.961987450834
14.1519841269841,1.79100148740625,1.31524221657395,4.84459035785173,75.9634684842151
14.1520833333333,1.79101938561507,1.31543381312258,4.84227352637002,75.9649493087115
14.1521825396825,1.79103698541476,1.31562534209086,4.83995780332898,75.966429924283
14.1522817460317,1.79105428722068,1.31581680340876,4.83764318820124,75.967910330889
14.152380952381,1.79107129144809,1.31600819700619,4.83532968045991,75.9693905284892
14.1524801587302,1.79108799851217,1.31619952281311,4.83301727957805,75.970870517043
14.1525793650794,1.79110440882801,1.31639078075944,4.83070598502919,75.97235029651
14.1526785714286,1.79112052281057,1.31658197077514,4.82839579628681,75.9738298668498
14.1527777777778,1.79113634087475,1.31677309279013,4.82608671282486,75.9753092280219
14.152876984127,1.79115186343534,1.31696414673435,4.82377873411726,75.9767883799857
14.1529761904762,1.79116709090703,1.31715513253774,4.82147185963837,75.9782673227008
14.1530753968254,1.79118202370443,1.31734605013022,4.81916608886254,75.9797460561267
14.1531746031746,1.79119666224205,1.31753689944173,4.81686142126457,75.9812245802227
14.1532738095238,1.79121100693428,1.31772768040221,4.81455785631921,75.9827028949485
14.153373015873,1.79122505819545,1.31791839294158,4.81225539350163,75.9841810002635
14.1534722222222,1.79123881643977,1.31810903698977,4.8099540322872,75.9856588961269
14.1535714285714,1.79125228208138,1.31829961247672,4.80765377215131,75.9871365824985
14.1536706349206,1.79126545553429,1.31849011933234,4.80535461256982,75.9886140593375
14.1537698412698,1.79127833721244,1.31868055748657,4.80305655301856,75.9900913266033
14.153869047619,1.79129092752967,1.31887092686933,4.80075959297381,75.9915683842554
14.1539682539683,1.79130322689972,1.31906122741055,4.79846373191182,75.9930452322531
14.1540674603175,1.79131523573623,1.31925145904015,4.79616896930929,75.9945218705559
14.1541666666667,1.79132695445277,1.31944162168806,4.7938753046429,75.9959982991231
14.1542658730159,1.79133838346277,1.31963171528419,4.79158273738977,75.9974745179139
14.1543650793651,1.79134952317962,1.31982173975847,4.789291267027,75.998950526888
14.1544642857143,1.79136037401656,1.32001169504082,4.78700089303215,76.0004263260044
14.1545634920635,1.79137093638677,1.32020158106116,4.78471161488274,76.0019019152226
14.1546626984127,1.79138121070333,1.3203913977494,4.78242343205675,76.0033772945019
14.1547619047619,1.79139119737921,1.32058114503547,4.78013634403212,76.0048524638016
14.1548611111111,1.7914008968273,1.32077082284929,4.77785035028719,76.0063274230809
14.1549603174603,1.79141030946039,1.32096043112075,4.77556545030052,76.0078021722992
14.1550595238095,1.79141943569116,1.32114996977979,4.77328164355069,76.0092767114157
14.1551587301587,1.79142827593222,1.3213394387563,4.77099892951674,76.0107510403897
14.1552579365079,1.79143683059606,1.32152883798023,4.76871730767767,76.0122251591805
14.1553571428571,1.7914451000951,1.32171816738145,4.76643677751296,76.0136990677472
14.1554563492064,1.79145308484165,1.3219074268899,4.76415733850203,76.0151727660492
14.1555555555556,1.79146078524792,1.32209661643547,4.76187899012476,76.0166462540455
14.1556547619048,1.79146820172603,1.32228573594809,4.75960173186102,76.0181195316956
14.155753968254,1.791475334688,1.32247478535765,4.75732556319112,76.0195925989584
14.1558531746032,1.79148218454578,1.32266376459407,4.75505048359533,76.0210654557933
14.1559523809524,1.79148875171118,1.32285267358724,4.7527764925544,76.0225381021594
14.1560515873016,1.79149503659596,1.32304151226708,4.75050358954902,76.0240105380158
14.1561507936508,1.79150103961175,1.32323028056349,4.74823177406036,76.0254827633218
14.15625,1.7915067611701,1.32341897840638,4.74596104556955,76.0269547780364
14.1563492063492,1.79151220168246,1.32360760572564,4.74369140355811,76.0284265821189
14.1564484126984,1.7915173615602,1.32379616245117,4.74142284750777,76.0298981755282
14.1565476190476,1.79152224121457,1.32398464851289,4.73915537690031,76.0313695582236
14.1566468253968,1.79152684105674,1.32417306384067,4.73688899121794,76.0328407301641
14.156746031746,1.79153116149779,1.32436140836444,4.73462368994285,76.0343116913088
14.1568452380952,1.79153520294868,1.32454968201407,4.7323594725577,76.0357824416168
14.1569444444444,1.79153896582029,1.32473788471948,4.73009633854508,76.0372529810473
14.1570436507936,1.79154245052342,1.32492601641055,4.72783428738808,76.0387233095591
14.1571428571429,1.79154565746876,1.32511407701719,4.72557331856973,76.0401934271114
14.1572420634921,1.79154858706688,1.32530206646927,4.72331343157352,76.0416633336633
14.1573412698413,1.79155123972831,1.3254899846967,4.72105462588293,76.0431330291737
14.1574404761905,1.79155361586343,1.32567783162937,4.71879690098186,76.0446025136016
14.1575396825397,1.79155571588256,1.32586560719718,4.7165402563542,76.0460717869061
14.1576388888889,1.79155754019591,1.32605331132999,4.7142846914843,76.0475408490462
14.1577380952381,1.79155908921359,1.32624094395773,4.71203020585647,76.0490096999808
14.1578373015873,1.79156036334563,1.32642850501026,4.70977679895541,76.050478339669
14.1579365079365,1.79156136300196,1.32661599441747,4.70752447026605,76.0519467680696
14.1580357142857,1.7915620885924,1.32680341210925,4.70527321927333,76.0534149851417
14.1581349206349,1.79156254052669,1.32699075801549,4.70302304546266,76.0548829908441
14.1582341269841,1.79156271921447,1.32717803206607,4.7007739483194,76.0563507851358
14.1583333333333,1.79156262506529,1.32736523419087,4.69852592732939,76.0578183679758
14.1584325396825,1.7915622584886,1.32755236431978,4.69627898197841,76.0592857393229
14.1585317460317,1.79156161989374,1.32773942238267,4.69403311175274,76.060752899136
14.158630952381,1.79156070968999,1.32792640830944,4.69178831613858,76.0622198473741
14.1587301587302,1.79155952828649,1.32811332202995,4.68954459462261,76.0636865839959
14.1588293650794,1.79155807609232,1.3283001634741,4.68730194669148,76.0651531089604
14.1589285714286,1.79155635351646,1.32848693257174,4.68506037183229,76.0666194222264
14.1590277777778,1.79155436096777,1.32867362925277,4.68281986953211,76.0680855237528
14.159126984127,1.79155209885505,1.32886025344705,4.68058043927847,76.0695514134983
14.1592261904762,1.79154956758697,1.32904680508447,4.67834208055885,76.071017091422
14.1593253968254,1.79154676757213,1.3292332840949,4.67610479286114,76.0724825574824
14.1594246031746,1.79154369921902,1.3294196904082,4.67386857567346,76.0739478116385
14.1595238095238,1.79154036293604,1.32960602395426,4.67163342848392,76.075412853849
14.159623015873,1.79153675913151,1.32979228466293,4.66939935078112,76.0768776840727
14.1597222222222,1.79153288821362,1.3299784724641,4.66716634205361,76.0783423022684
14.1598214285714,1.79152875059049,1.33016458728763,4.6649344017904,76.0798067083948
14.1599206349206,1.79152434667014,1.3303506290634,4.66270352948047,76.0812709024108
14.1600198412698,1.79151967686049,1.33053659772126,4.66047372461326,76.0827348842749
14.160119047619,1.79151474156937,1.33072249319109,4.65824498667816,76.084198653946
14.1602182539683,1.79150954120452,1.33090831540274,4.65601731516504,76.0856622113828
14.1603174603175,1.79150407617357,1.33109406428609,4.65379070956372,76.087125556544
14.1604166666667,1.79149834688405,1.331279739771,4.6515651693645,76.0885886893882
14.1605158730159,1.79149235374343,1.33146534178733,4.64934069405761,76.0900516098742
14.1606150793651,1.79148609715904,1.33165087026494,4.64711728313377,76.0915143179606
14.1607142857143,1.79147957753815,1.3318363251337,4.64489493608366,76.0929768136061
14.1608134920635,1.7914727952879,1.33202170632346,4.64267365239835,76.0944390967694
14.1609126984127,1.79146575081538,1.33220701376408,4.64045343156912,76.0959011674091
14.1610119047619,1.79145844452754,1.33239224738542,4.63823427308728,76.0973630254838
14.1611111111111,1.79145087683127,1.33257740711733,4.6360161764446,76.0988246709521
14.1612103174603,1.79144304813333,1.33276249288968,4.63379914113283,76.1002861037727
14.1613095238095,1.79143495884042,1.33294750463232,4.63158316664414,76.1017473239041
14.1614087301587,1.79142660935911,1.3331324422751,4.62936825247071,76.103208331305
14.1615079365079,1.79141800009591,1.33331730574787,4.62715439810516,76.1046691259339
14.1616071428571,1.79140913145721,1.3335020949805,4.62494160304006,76.1061297077494
14.1617063492063,1.7914000038493,1.33368680990282,4.62272986676846,76.10759007671
14.1618055555556,1.7913906176784,1.33387145044469,4.62051918878337,76.1090502327743
14.1619047619048,1.79138097335062,1.33405601653595,4.61830956857826,76.1105101759008
14.162003968254,1.79137107127197,1.33424050810647,4.61610100564656,76.1119699060481
14.1621031746032,1.79136091184838,1.33442492508608,4.61389349948216,76.1134294231747
14.1622023809524,1.79135049548565,1.33460926740464,4.61168704957893,76.114888727239
14.1623015873016,1.79133982258954,1.33479353499198,4.60948165543111,76.1163478181996
14.1624007936508,1.79132889356566,1.33497772777794,4.60727731653316,76.1178066960149
14.1625,1.79131770881956,1.33516184569239,4.6050740323796,76.1192653606435
14.1625992063492,1.79130626875668,1.33534588866515,4.60287180246536,76.1207238120437
14.1626984126984,1.79129457378236,1.33552985662608,4.60067062628538,76.122182050174
14.1627976190476,1.79128262430187,1.335713749505,4.59847050333501,76.1236400749929
14.1628968253968,1.79127042072035,1.33589756723177,4.59627143310961,76.1250978864588
14.162996031746,1.79125796344287,1.33608130973621,4.59407341510498,76.1265554845301
14.1630952380952,1.79124525287439,1.33626497694818,4.59187644881689,76.1280128691653
14.1631944444444,1.79123228941979,1.3364485687975,4.58968053374156,76.1294700403226
14.1632936507937,1.79121907348383,1.33663208521401,4.58748566937518,76.1309269979605
14.1633928571429,1.7912056054712,1.33681552612754,4.5852918552144,76.1323837420374
14.1634920634921,1.79119188578649,1.33699889146794,4.58309909075585,76.1338402725117
14.1635912698413,1.79117791483417,1.33718218116503,4.58090737549658,76.1352965893416
14.1636904761905,1.79116369301865,1.33736539514865,4.57871670893365,76.1367526924856
14.1637896825397,1.79114922074423,1.33754853334863,4.5765270905645,76.1382085819019
14.1638888888889,1.7911344984151,1.33773159569479,4.57433851988675,76.1396642575489
14.1639880952381,1.79111952643537,1.33791458211697,4.57215099639811,76.141119719385
14.1640873015873,1.79110430520906,1.338097492545,4.5699645195967,76.1425749673683
14.1641865079365,1.79108883514008,1.33828032690871,4.56777908898062,76.1440300014572
14.1642857142857,1.79107311663225,1.33846308513791,4.56559470404844,76.14548482161
14.1643849206349,1.7910571500893,1.33864576716244,4.56341136429867,76.146939427785
14.1644841269841,1.79104093591486,1.33882837291212,4.5612290692303,76.1483938199403
14.1645833333333,1.79102447451246,1.33901090231679,4.55904781834229,76.1498479980342
14.1646825396825,1.79100776628555,1.33919335530624,4.55686761113403,76.1513019620251
14.1647817460317,1.79099081163746,1.33937573181032,4.55468844710491,76.152755711871
14.164880952381,1.79097361097145,1.33955803175884,4.55251032575476,76.1542092475303
14.1649801587302,1.79095616469067,1.33974025508162,4.55033324658337,76.1556625689611
14.1650793650794,1.79093847319817,1.33992240170848,4.548157209091,76.1571156761216
14.1651785714286,1.79092053689693,1.34010447156925,4.54598221277788,76.15856856897
14.1652777777778,1.7909023561898,1.34028646459373,4.54380825714462,76.1600212474645
14.165376984127,1.79088393147957,1.34046838071174,4.54163534169206,76.1614737115632
14.1654761904762,1.79086526316889,1.3406502198531,4.53946346592105,76.1629259612243
14.1655753968254,1.79084635166037,1.34083198194762,4.53729262933291,76.164377996406
14.1656746031746,1.79082719735647,1.34101366692512,4.53512283142894,76.1658298170663
14.1657738095238,1.7908078006596,1.3411952747154,4.53295407171086,76.1672814231633
14.165873015873,1.79078816197204,1.34137680524829,4.53078634968039,76.1687328146552
14.1659722222222,1.790768281696,1.34155825845359,4.52861966483968,76.1701839915001
14.1660714285714,1.79074816023358,1.34173963426111,4.52645401669089,76.1716349536561
14.1661706349206,1.79072779798679,1.34192093260065,4.52428940473659,76.1730857010812
14.1662698412698,1.79070719535755,1.34210215340204,4.52212582847935,76.1745362337336
14.166369047619,1.79068635274766,1.34228329659507,4.51996328742217,76.1759865515712
14.1664682539683,1.79066527055885,1.34246436210955,4.51780178106804,76.1774366545521
14.1665674603175,1.79064394919275,1.34264534987528,4.5156413089204,76.1788865426343
14.1666666666667,1.7906223890509,1.34282625982208,4.51348187048265,76.1803362157759
14.1667658730159,1.79060059053472,1.34300709187973,4.5113234652586,76.1817856739349
14.1668650793651,1.79057855404556,1.34318784597805,4.50916609275226,76.1832349170692
14.1669642857143,1.79055627998466,1.34336852204684,4.50700975246767,76.184683945137
14.1670634920635,1.79053376875318,1.34354912001589,4.50485444390933,76.186132758096
14.1671626984127,1.79051102075217,1.343729639815,4.50270016658171,76.1875813559044
14.1672619047619,1.79048803638258,1.34391008137398,4.50054691998973,76.18902973852
14.1673611111111,1.79046481604528,1.34409044462262,4.49839470363829,76.1904779059009
14.1674603174603,1.79044136014105,1.34427072949072,4.49624351703272,76.1919258580049
14.1675595238095,1.79041766907054,1.34445093590807,4.49409335967836,76.1933735947901
14.1676587301587,1.79039374323435,1.34463106380447,4.49194423108096,76.1948211162141
14.1677579365079,1.79036958303295,1.34481111310971,4.48979613074628,76.1962684222352
14.1678571428571,1.79034518886674,1.34499108375358,4.4876490581805,76.197715512811
14.1679563492063,1.79032056113599,1.34517097566588,4.48550301288979,76.1991623878995
14.1680555555556,1.79029570024091,1.34535078877639,4.48335799438077,76.2006090474586
14.1681547619048,1.7902706065816,1.34553052301492,4.48121400216004,76.2020554914461
14.168253968254,1.79024528055806,1.34571017831124,4.47907103573457,76.2035017198198
14.1683531746032,1.7902197225702,1.34588975459513,4.47692909461156,76.2049477325377
14.1684523809524,1.79019393301785,1.34606925179641,4.47478817829824,76.2063935295575
14.1685515873016,1.79016791230071,1.34624866984483,4.47264828630228,76.2078391108371
14.1686507936508,1.79014166081841,1.3464280086702,4.47050941813135,76.2092844763342
14.16875,1.79011517897048,1.34660726820229,4.46837157329353,76.2107296260068
14.1688492063492,1.79008846715635,1.34678644837089,4.46623475129692,76.2121745598124
14.1689484126984,1.79006152577536,1.34696554910579,4.46409895165003,76.213619277709
14.1690476190476,1.79003435522676,1.34714457033675,4.46196417386137,76.2150637796544
14.1691468253968,1.79000695590968,1.34732351199357,4.45983041743989,76.2165080656061
14.169246031746,1.78997932822319,1.34750237400602,4.45769768189452,76.2179521355221
14.1693452380952,1.78995147256623,1.34768115630388,4.45556596673463,76.21939598936
14.1694444444444,1.78992338933766,1.34785985881693,4.45343527146957,76.2208396270776
14.1695436507936,1.78989507893626,1.34803848147495,4.45130559560915,76.2222830486325
14.1696428571429,1.78986654176069,1.3482170242077,4.44917693866313,76.2237262539826
14.1697420634921,1.78983777820952,1.34839548694498,4.44704930014168,76.2251692430854
14.1698412698413,1.78980878868124,1.34857386961653,4.44492267955518,76.2266120158986
14.1699404761905,1.78977957357423,1.34875217215216,4.44279707641404,76.22805457238
14.1700396825397,1.78975013328678,1.34893039448161,4.44067249022913,76.2294969124871
14.1701388888889,1.78972046821707,1.34910853653468,4.43854892051127,76.2309390361777
14.1702380952381,1.78969057876321,1.34928659824111,4.43642636677175,76.2323809434093
14.1703373015873,1.78966046532321,1.34946457953069,4.43430482852184,76.2338226341396
14.1704365079365,1.78963012829495,1.34964248033318,4.43218430527323,76.2352641083262
14.1705357142857,1.78959956807627,1.34982030057836,4.43006479653762,76.2367053659268
14.1706349206349,1.78956878506486,1.34999804019597,4.42794630182714,76.2381464068988
14.1707341269841,1.78953777965836,1.3501756991158,4.4258288206539,76.2395872312
14.1708333333333,1.78950655225429,1.3503532772676,4.42371235253046,76.2410278387878
14.1709325396825,1.78947510325008,1.35053077458115,4.42159689696935,76.2424682296199
14.1710317460317,1.78944343304306,1.35070819098619,4.41948245348354,76.2439084036537
14.171130952381,1.78941154203046,1.35088552641249,4.41736902158601,76.2453483608469
14.1712301587302,1.78937943060945,1.35106278078982,4.4152566007901,76.2467881011569
14.1713293650794,1.78934709917705,1.35123995404793,4.41314519060936,76.2482276245413
14.1714285714286,1.78931454813024,1.35141704611659,4.41103479055739,76.2496669309576
14.1715277777778,1.78928177786585,1.35159405692554,4.40892540014824,76.2511060203633
14.171626984127,1.78924878878066,1.35177098640454,4.40681701889591,76.2525448927159
14.1717261904762,1.78921558127133,1.35194783448336,4.40470964631489,76.2539835479728
14.1718253968254,1.78918215573443,1.35212460109175,4.40260328191961,76.2554219860915
14.1719246031746,1.78914851256644,1.35230128615945,4.40049792522496,76.2568602070295
14.1720238095238,1.78911465216373,1.35247788961623,4.39839357574582,76.2582982107443
14.172123015873,1.7890805749226,1.35265441139183,4.39629023299749,76.2597359971932
14.1722222222222,1.78904628123924,1.35283085141602,4.39418789649527,76.2611735663337
14.1723214285714,1.78901177150973,1.35300720961852,4.3920865657549,76.2626109181231
14.1724206349206,1.78897704613007,1.35318348592911,4.38998624029209,76.2640480525191
14.1725198412698,1.78894210549617,1.35335968027751,4.38788691962302,76.2654849694787
14.172619047619,1.78890695000384,1.3535357925935,4.38578860326381,76.2669216689596
14.1727182539683,1.78887158004879,1.35371182280679,4.38369129073101,76.268358150919
14.1728174603175,1.78883599602664,1.35388777084715,4.38159498154134,76.2697944153144
14.1729166666667,1.7888001983329,1.35406363664432,4.37949967521159,76.2712304621029
14.1730158730159,1.78876418736301,1.35423942012804,4.37740537125899,76.2726662912421
14.1731150793651,1.78872796351229,1.35441512122806,4.37531206920074,76.2741019026892
14.1732142857143,1.78869152717598,1.3545907398741,4.37321976855447,76.2755372964016
14.1733134920635,1.78865487874923,1.35476627599593,4.37112846883783,76.2769724723365
14.1734126984127,1.78861801862707,1.35494172952327,4.36903816956888,76.2784074304512
14.1735119047619,1.78858094720446,1.35511710038587,4.36694887026568,76.2798421707031
14.1736111111111,1.78854366487624,1.35529238851346,4.36486057044672,76.2812766930494
14.1737103174603,1.78850617203718,1.35546759383578,4.36277326963048,76.2827109974473
14.1738095238095,1.78846846908195,1.35564271628256,4.36068696733587,76.2841450838542
14.1739087301587,1.7884305564051,1.35581775578355,4.35860166308181,76.2855789522273
14.1740079365079,1.78839243440112,1.35599271226846,4.35651735638762,76.2870126025237
14.1741071428571,1.78835410346437,1.35616758566705,4.35443404677265,76.2884460347008
14.1742063492064,1.78831556398914,1.35634237590904,4.3523517337566,76.2898792487157
14.1743055555556,1.78827681636962,1.35651708292416,4.35027041685939,76.2913122445257
14.1744047619048,1.78823786099989,1.35669170664214,4.34819009560099,76.2927450220878
14.174503968254,1.78819869827396,1.35686624699271,4.3461107695018,76.2941775813594
14.1746031746032,1.78815932858572,1.3570407039056,4.3440324380822,76.2956099222976
14.1747023809524,1.78811975232898,1.35721507731054,4.34195510086303,76.2970420448594
14.1748015873016,1.78807996989744,1.35738936713725,4.3398787573651,76.2984739490022
14.1749007936508,1.78803998168473,1.35756357331546,4.33780340710967,76.2999056346829
14.175,1.78799978808435,1.35773769577489,4.33572904961795,76.3013371018588
14.1750992063492,1.78795938948973,1.35791173444527,4.33365568441164,76.3027683504869
14.1751984126984,1.78791878629421,1.35808568925633,4.3315833110124,76.3041993805245
14.1752976190476,1.787877978891,1.35825956013777,4.32951192894232,76.3056301919284
14.1753968253968,1.78783696767325,1.35843334701932,4.3274415377235,76.3070607846559
14.175496031746,1.78779575303401,1.35860704983071,4.32537213687845,76.3084911586639
14.1755952380952,1.78775433536621,1.35878066850165,4.32330372592968,76.3099213139097
14.1756944444444,1.7877127150627,1.35895420296186,4.3212363044001,76.3113512503502
14.1757936507937,1.78767089251625,1.35912765314105,4.3191698718128,76.3127809679424
14.1758928571429,1.78762886811951,1.35930101896895,4.31710442769093,76.3142104666434
14.1759920634921,1.78758664226505,1.35947430037526,4.31503997155807,76.3156397464102
14.1760912698413,1.78754421534533,1.35964749728971,4.3129765029378,76.3170688071999
14.1761904761905,1.78750158775273,1.359820609642,4.31091402135413,76.3184976489693
14.1762896825397,1.78745875987953,1.35999363736186,4.30885252633105,76.3199262716755
14.1763888888889,1.78741573211791,1.36016658037898,4.306792017393,76.3213546752755
14.1764880952381,1.78737250485996,1.36033943862308,4.30473249406439,76.3227828597263
14.1765873015873,1.78732907849767,1.36051221202386,4.30267395587009,76.3242108249847
14.1766865079365,1.78728545342293,1.36068490051105,4.30061640233494,76.3256385710078
14.1767857142857,1.78724163002756,1.36085750401434,4.29855983298422,76.3270660977524
14.1768849206349,1.78719760870324,1.36103002246344,4.2965042473432,76.3284934051755
14.1769841269841,1.7871533898416,1.36120245578806,4.29444964493758,76.329920493234
14.1770833333333,1.78710897383416,1.36137480391791,4.29239602529307,76.3313473618849
14.1771825396825,1.78706436107232,1.36154706678268,4.29034338793573,76.332774011085
14.1772817460317,1.78701955194741,1.36171924431207,4.28829173239186,76.334200440791
14.177380952381,1.78697454685067,1.36189133643581,4.28624105818777,76.3356266509601
14.1774801587302,1.78692934617323,1.36206334308357,4.28419136485025,76.337052641549
14.1775793650794,1.78688395030612,1.36223526418506,4.28214265190604,76.3384784125145
14.1776785714286,1.78683835964029,1.36240709966998,4.28009491888233,76.3399039638134
14.1777777777778,1.78679257456658,1.36257884946804,4.27804816530631,76.3413292954028
14.177876984127,1.78674659547575,1.36275051350892,4.27600239070559,76.3427544072392
14.1779761904762,1.78670042275846,1.36292209172232,4.27395759460777,76.3441792992796
14.1780753968254,1.78665405680526,1.36309358403794,4.2719137765409,76.3456039714807
14.1781746031746,1.78660749800661,1.36326499038548,4.269870936033,76.3470284237993
14.1782738095238,1.78656074675291,1.36343631069462,4.26782907261253,76.3484526561922
14.178373015873,1.7865138034344,1.36360754489506,4.26578818580795,76.3498766686162
14.1784722222222,1.78646666844129,1.36377869291648,4.26374827514814,76.3513004610279
14.1785714285714,1.78641934216364,1.36394975468859,4.26170934016199,76.3527240333842
14.1786706349206,1.78637182499145,1.36412073014107,4.25967138037875,76.3541473856418
14.1787698412698,1.78632411731461,1.36429161920361,4.25763439532788,76.3555705177573
14.178869047619,1.78627621952293,1.3644624218059,4.25559838453891,76.3569934296876
14.1789682539683,1.78622813200609,1.36463313787761,4.25356334754178,76.3584161213892
14.1790674603175,1.78617985515372,1.36480376734845,4.25152928386643,76.359838592819
14.1791666666667,1.78613138935532,1.36497431014809,4.24949619304322,76.3612608439335
14.1792658730159,1.78608273500031,1.36514476620622,4.24746407460254,76.3626828746894
14.1793650793651,1.78603389247801,1.36531513545252,4.24543292807516,76.3641046850434
14.1794642857143,1.78598486217764,1.36548541781668,4.24340275299188,76.3655262749522
14.1795634920635,1.78593564448834,1.36565561322837,4.24137354888392,76.3669476443723
14.1796626984127,1.78588623979914,1.36582572161727,4.2393453152825,76.3683687932604
14.1797619047619,1.78583664849898,1.36599574291307,4.23731805171925,76.3697897215731
14.1798611111111,1.7857868709767,1.36616567704544,4.23529175772581,76.371210429267
14.1799603174603,1.78573690762106,1.36633552394406,4.23326643283425,76.3726309162987
14.1800595238095,1.7856867588207,1.36650528353861,4.23124207657664,76.3740511826248
14.1801587301587,1.78563642496418,1.36667495575876,4.22921868848541,76.3754712282018
14.1802579365079,1.78558590643998,1.36684454053418,4.22719626809321,76.3768910529863
14.1803571428571,1.78553520363644,1.36701403779455,4.22517481493274,76.3783106569349
14.1804563492063,1.78548431694186,1.36718344746955,4.22315432853713,76.379730040004
14.1805555555556,1.78543324674439,1.36735276948884,4.2211348084395,76.3811492021504
14.1806547619048,1.78538199343213,1.36752200378209,4.21911625417341,76.3825681433302
14.180753968254,1.78533055739305,1.36769115027898,4.2170986652724,76.3839868635003
14.1808531746032,1.78527893901506,1.36786020890917,4.21508204127044,76.385405362617
14.1809523809524,1.78522713868593,1.36802917960233,4.21306638170153,76.3868236406368
14.1810515873016,1.78517515679338,1.36819806228813,4.21105168610004,76.3882416975162
14.1811507936508,1.78512299372501,1.36836685689624,4.20903795400038,76.3896595332117
14.18125,1.78507064986832,1.36853556335631,4.20702518493738,76.3910771476797
14.1813492063492,1.78501812561073,1.36870418159802,4.20501337844586,76.3924945408766
14.1814484126984,1.78496542133955,1.36887271155103,4.20300253406106,76.3939117127589
14.1815476190476,1.78491253744201,1.36904115314499,4.20099265131823,76.3953286632831
14.1816468253968,1.78485947430524,1.36920950630958,4.19898372975299,76.3967453924054
14.181746031746,1.78480623231627,1.36937777097444,4.19697576890118,76.3981619000823
14.1818452380952,1.78475281186203,1.36954594706925,4.19496876829867,76.3995781862703
14.1819444444444,1.78469921332936,1.36971403452365,4.19296272748178,76.4009942509256
14.1820436507937,1.78464543710501,1.36988203326731,4.19095764598681,76.4024100940047
14.1821428571429,1.78459148357563,1.37004994322987,4.1889535233505,76.4038257154639
14.1822420634921,1.78453735312778,1.37021776434102,4.18695035910958,76.4052411152595
14.1823412698413,1.78448304614791,1.37038549653037,4.1849481528012,76.4066562933479
14.1824404761905,1.78442856302238,1.37055313972761,4.18294690396252,76.4080712496855
14.1825396825397,1.78437390413747,1.37072069386238,4.18094661213113,76.4094859842284
14.1826388888889,1.78431906987935,1.37088815886433,4.17894727684461,76.4109004969331
14.1827380952381,1.7842640606341,1.37105553466311,4.17694889764096,76.4123147877558
14.1828373015873,1.78420887678769,1.37122282118837,4.17495147405818,76.4137288566528
14.1829365079365,1.78415351872603,1.37139001836976,4.17295500563472,76.4151427035803
14.1830357142857,1.78409798683488,1.37155712613693,4.17095949190899,76.4165563284947
14.1831349206349,1.78404228149996,1.37172414441953,4.1689649324198,76.4179697313522
14.1832341269841,1.78398640310686,1.3718910731472,4.16697132670616,76.419382912109
14.1833333333333,1.7839303520411,1.37205791224959,4.16497867430714,76.4207958707214
14.1834325396825,1.78387412868807,1.37222466165633,4.16298697476223,76.4222086071455
14.1835317460317,1.78381773343309,1.37239132129709,4.16099622761093,76.4236211213376
14.183630952381,1.78376116666139,1.37255789110149,4.15900643239314,76.4250334132538
14.1837301587302,1.78370442875808,1.37272437099918,4.15701758864878,76.4264454828505
14.1838293650794,1.78364752010819,1.37289076091979,4.15502969591819,76.4278573300836
14.1839285714286,1.78359044109667,1.37305706079298,4.15304275374171,76.4292689549094
14.1840277777778,1.78353319210834,1.37322327054837,4.15105676166011,76.4306803572841
14.184126984127,1.78347577352794,1.37338939011562,4.14907171921415,76.4320915371638
14.1842261904762,1.78341818574013,1.37355541942434,4.14708762594502,76.4335024945046
14.1843253968254,1.78336042912945,1.37372135840418,4.1451044813939,76.4349132292626
14.1844246031746,1.78330250408037,1.37388720698477,4.14312228510241,76.436323741394
14.1845238095238,1.78324441097723,1.37405296509575,4.14114103661216,76.4377340308549
14.184623015873,1.78318615020431,1.37421863266674,4.13916073546513,76.4391440976013
14.1847222222222,1.78312772214578,1.37438420962739,4.13718138120353,76.4405539415893
14.1848214285714,1.78306912718571,1.37454969590732,4.13520297336959,76.441963562775
14.1849206349206,1.78301036570807,1.37471509143616,4.133225511506,76.4433729611145
14.1850198412698,1.78295143809676,1.37488039614355,4.13124899515543,76.4447821365637
14.185119047619,1.78289234473557,1.3750456099591,4.12927342386097,76.4461910890788
14.1852182539683,1.78283308600817,1.37521073281245,4.12729879716572,76.4475998186158
14.1853174603175,1.78277366229818,1.37537576463322,4.12532511461321,76.4490083251306
14.1854166666667,1.78271407398909,1.37554070535105,4.12335237574695,76.4504166085793
14.1855158730159,1.78265432146431,1.37570555489554,4.1213805801109,76.4518246689178
14.1856150793651,1.78259440510715,1.37587031319633,4.119409727249,76.4532325061023
14.1857142857143,1.78253432530083,1.37603498018304,4.11743981670561,76.4546401200885
14.1858134920635,1.78247408242846,1.37619955578529,4.11547084802512,76.4560475108325
14.1859126984127,1.78241367687308,1.3763640399327,4.11350282075232,76.4574546782903
14.1860119047619,1.78235310901761,1.3765284325549,4.111535734432,76.4588616224177
14.1861111111111,1.78229237924488,1.37669273358149,4.10956958860932,76.4602683431708
14.1862103174603,1.78223148793764,1.3768569429421,4.10760438282968,76.4616748405053
14.1863095238095,1.78217043547853,1.37702106056634,4.10564011663849,76.4630811143774
14.1864087301587,1.7821092222501,1.37718508638384,4.10367678958161,76.4644871647427
14.1865079365079,1.78204784863479,1.3773490203242,4.10171440120491,76.4658929915572
14.1866071428571,1.78198631501497,1.37751286231703,4.09975295105466,76.4672985947768
14.1867063492064,1.7819246217729,1.37767661229197,4.09779243867713,76.4687039743575
14.1868055555556,1.78186276929074,1.3778402701786,4.09583286361905,76.4701091302548
14.1869047619048,1.78180075795057,1.37800383590655,4.0938742254271,76.4715140624249
14.187003968254,1.78173858813436,1.37816730940542,4.09191652364843,76.4729187708234
14.1871031746032,1.78167626022399,1.37833069060484,4.08995975783015,76.4743232554063
14.1872023809524,1.78161377460125,1.37849397943439,4.08800392751982,76.4757275161293
14.1873015873016,1.78155113164782,1.3786571758237,4.086049032265,76.4771315529482
14.1874007936508,1.78148833174531,1.37882027970236,4.08409507161367,76.4785353658188
14.1875,1.7814253752752,1.37898329099999,4.08214204511379,76.4799389546969
14.1875992063492,1.7813622626189,1.37914620964618,4.08018995231372,76.4813423195383
14.1876984126984,1.78129899415773,1.37930903557054,4.07823879276202,76.4827454602987
14.1877976190476,1.78123557027288,1.37947176870268,4.07628856600731,76.4841483769339
14.1878968253968,1.78117199134549,1.37963440897219,4.07433927159862,76.4855510693995
14.187996031746,1.78110825775656,1.37979695630868,4.07239090908499,76.4869535376514
14.1880952380952,1.78104436988704,1.37995941064174,4.07044347801589,76.4883557816452
14.1881944444444,1.78098032811774,1.38012177190099,4.06849697794077,76.4897578013368
14.1882936507936,1.7809161328294,1.380284040016,4.06655140840953,76.4911595966816
14.1883928571429,1.78085178440267,1.38044621491638,4.06460676897206,76.4925611676355
14.1884920634921,1.78078728321809,1.38060829653173,4.06266305917865,76.493962514154
14.1885912698413,1.78072262965611,1.38077028479164,4.06072027857963,76.495363636193
14.1886904761905,1.78065782409708,1.3809321796257,4.05877842672573,76.4967645337079
14.1887896825397,1.78059286692126,1.38109398096351,4.05683750316769,76.4981652066546
14.1888888888889,1.78052775850881,1.38125568873466,4.05489750745666,76.4995656549885
14.1889880952381,1.7804624992398,1.38141730286875,4.05295843914381,76.5009658786653
14.1890873015873,1.78039708949421,1.38157882329536,4.05102029778068,76.5023658776407
14.1891865079365,1.78033152965191,1.38174024994408,4.04908308291899,76.5037656518701
14.1892857142857,1.78026582009268,1.3819015827445,4.04714679411055,76.5051652013092
14.1893849206349,1.78019996119621,1.3820628216262,4.04521143090758,76.5065645259136
14.1894841269841,1.78013395334209,1.38222396651879,4.0432769928623,76.5079636256389
14.1895833333333,1.78006779690981,1.38238501735183,4.04134347952736,76.5093625004406
14.1896825396825,1.78000149227878,1.38254597405492,4.0394108904554,76.5107611502742
14.1897817460317,1.7799350398283,1.38270683655763,4.0374792251995,76.5121595750953
14.189880952381,1.77986843993757,1.38286760478956,4.03554848331271,76.5135577748594
14.1899801587302,1.77980169298572,1.38302827868028,4.03361866434854,76.514955749522
14.1900793650794,1.77973479935176,1.38318885815937,4.03168976786048,76.5163534990387
14.1901785714286,1.77966775941461,1.38334934315642,4.02976179340244,76.5177510233648
14.1902777777778,1.77960057355311,1.383509733601,4.02783474052836,76.519148322456
14.190376984127,1.77953324214597,1.38367002942269,4.02590860879256,76.5205453962675
14.1904761904762,1.77946576557185,1.38383023055108,4.02398339774939,76.5219422447551
14.1905753968254,1.77939814420928,1.38399033691572,4.02205910695357,76.523338867874
14.1906746031746,1.77933037843671,1.38415034844621,4.02013573596002,76.5247352655796
14.1907738095238,1.77926246863248,1.38431026507211,4.01821328432372,76.5261314378276
14.190873015873,1.77919441517486,1.384470086723,4.01629175160008,76.5275273845731
14.1909722222222,1.77912621844201,1.38462981332845,4.01437113734449,76.5289231057717
14.1910714285714,1.77905787881198,1.38478944481802,4.01245144111279,76.5303186013788
14.1911706349206,1.77898939666275,1.38494898112131,4.01053266246081,76.5317138713497
14.1912698412698,1.77892077237219,1.38510842216786,4.00861480094479,76.5331089156398
14.191369047619,1.77885200631808,1.38526776788725,4.00669785612098,76.5345037342045
14.1914682539683,1.7787830988781,1.38542701820905,4.00478182754608,76.5358983269991
14.1915674603175,1.77871405042984,1.38558617306283,4.00286671477675,76.537292693979
14.1916666666667,1.77864486135079,1.38574523237814,4.00095251737008,76.5386868350995
14.1917658730159,1.77857553201835,1.38590419608457,3.9990392348832,76.5400807503159
14.1918650793651,1.77850606280982,1.38606306411165,3.9971268668736,76.5414744395835
14.1919642857143,1.7784364541024,1.38622183638898,3.99521541289884,76.5428679028577
14.1920634920635,1.77836670627321,1.3863805128461,3.99330487251679,76.5442611400936
14.1921626984127,1.77829681969927,1.38653909341257,3.99139524528558,76.5456541512467
14.1922619047619,1.77822679475748,1.38669757801796,3.98948653076335,76.5470469362721
14.1923611111111,1.77815663182468,1.38685596659182,3.9875787285087,76.5484394951251
14.1924603174603,1.77808633127759,1.38701425906372,3.98567183808022,76.549831827761
14.1925595238095,1.77801589349285,1.3871724553632,3.98376585903691,76.551223934135
14.1926587301587,1.77794531884699,1.38733055541984,3.98186079093778,76.5526158142023
14.1927579365079,1.77787460771647,1.38748855916317,3.97995663334227,76.5540074679182
14.1928571428571,1.77780376047762,1.38764646652276,3.97805338580981,76.5553988952378
14.1929563492063,1.77773277750669,1.38780427742816,3.97615104790027,76.5567900961163
14.1930555555556,1.77766165917986,1.38796199180892,3.9742496191735,76.5581810705089
14.1931547619048,1.77759040587316,1.3881196095946,3.97234909918978,76.5595718183708
14.193253968254,1.77751901796258,1.38827713071474,3.97044948750941,76.5609623396572
14.1933531746032,1.77744749582398,1.3884345550989,3.96855078369308,76.5623526343231
14.1934523809524,1.77737583983314,1.38859188267662,3.9666529873015,76.5637427023238
14.1935515873016,1.77730405036573,1.38874911337745,3.96475609789575,76.5651325436144
14.1936507936508,1.77723212779735,1.38890624713094,3.96286011503713,76.5665221581499
14.19375,1.77716007250347,1.38906328386663,3.96096503828698,76.5679115458855
14.1938492063492,1.77708788485949,1.38922022351407,3.95907086720707,76.5693007067763
14.1939484126984,1.77701556524072,1.38937706600281,3.95717760135916,76.5706896407773
14.1940476190476,1.77694311402235,1.38953381126238,3.95528524030545,76.5720783478437
14.1941468253968,1.77687053157949,1.38969045922233,3.95339378360814,76.5734668279305
14.194246031746,1.77679781828715,1.3898470098122,3.95150323082983,76.5748550809928
14.1943452380952,1.77672497452025,1.39000346296153,3.94961358153315,76.5762431069855
14.1944444444444,1.77665200065361,1.39015981859986,3.94772483528113,76.5776309058638
14.1945436507937,1.77657889706196,1.39031607665672,3.94583699163683,76.5790184775827
14.1946428571429,1.77650566411992,1.39047223706166,3.9439500501637,76.5804058220971
14.1947420634921,1.77643230220203,1.39062829974422,3.94206401042521,76.581792939362
14.1948412698413,1.77635881168273,1.39078426463391,3.94017887198526,76.5831798293326
14.1949404761905,1.77628519293637,1.3909401316603,3.93829463440773,76.5845664919636
14.1950396825397,1.77621144633719,1.3910959007529,3.93641129725688,76.5859529272102
14.1951388888889,1.77613757225934,1.39125157184124,3.93452886009718,76.5873391350272
14.1952380952381,1.77606357107689,1.39140714485486,3.93264732249318,76.5887251153697
14.1953373015873,1.77598944316379,1.3915626197233,3.9307666840098,76.5901108681924
14.1954365079365,1.77591518889392,1.39171799637607,3.92888694421202,76.5914963934505
14.1955357142857,1.77584080864104,1.39187327474272,3.9270081026652,76.5928816910987
14.1956349206349,1.77576630277884,1.39202845475276,3.92513015893471,76.594266761092
14.1957341269841,1.77569167168088,1.39218353633572,3.92325311258636,76.5956516033852
14.1958333333333,1.77561691572067,1.39233851942114,3.92137696318595,76.5970362179334
14.1959325396825,1.77554203527158,1.39249340393853,3.9195017102997,76.5984206046913
14.1960317460317,1.77546703070691,1.39264818981743,3.91762735349383,76.5998047636137
14.196130952381,1.77539190239987,1.39280287698734,3.915753892335,76.6011886946556
14.1962301587302,1.77531665072355,1.39295746537781,3.91388132638985,76.6025723977719
14.1963293650794,1.77524127605096,1.39311195491833,3.91200965522546,76.6039558729172
14.1964285714286,1.77516577875503,1.39326634553845,3.91013887840889,76.6053391200464
14.1965277777778,1.77509015920855,1.39342063716767,3.9082689955076,76.6067221391144
14.196626984127,1.77501441778427,1.39357482973552,3.90640000608923,76.6081049300759
14.1967261904762,1.7749385548548,1.39372892317151,3.90453190972151,76.6094874928858
14.1968253968254,1.77486257079268,1.39388291740516,3.90266470597255,76.6108698274987
14.1969246031746,1.77478646597033,1.39403681236599,3.9007983944105,76.6122519338695
14.1970238095238,1.77471024076012,1.3941906079835,3.89893297460391,76.6136338119529
14.197123015873,1.77463389553426,1.39434430418722,3.89706844612134,76.6150154617037
14.1972222222222,1.77455743066493,1.39449790090666,3.89520480853178,76.6163968830766
14.1973214285714,1.77448084652417,1.39465139807132,3.8933420614042,76.6177780760263
14.1974206349206,1.77440414348394,1.39480479561072,3.89148020430801,76.6191590405075
14.1975198412698,1.77432732191611,1.39495809345438,3.88961923681263,76.620539776475
14.197619047619,1.77425038219244,1.39511129153179,3.88775915848787,76.6219202838833
14.1977182539683,1.77417332468461,1.39526438977247,3.88589996890358,76.6233005626873
14.1978174603175,1.7740961497642,1.39541738810592,3.88404166763,76.6246806128416
14.1979166666667,1.77401885780268,1.39557028646166,3.88218425423739,76.6260604343008
14.1980158730159,1.77394144917144,1.39572308476918,3.88032772829638,76.6274400270195
14.1981150793651,1.77386392424178,1.39587578295798,3.87847208937781,76.6288193909525
14.1982142857143,1.77378628338489,1.39602838095759,3.87661733705256,76.6301985260543
14.1983134920635,1.77370852697187,1.39618087869748,3.87476347089197,76.6315774322795
14.1984126984127,1.77363065537373,1.39633327610718,3.87291049046733,76.6329561095828
14.1985119047619,1.77355266896138,1.39648557311617,3.87105839535039,76.6343345579188
14.1986111111111,1.77347456810562,1.39663776965396,3.8692071851129,76.635712777242
14.1987103174603,1.77339635317719,1.39678986565005,3.86735685932702,76.637090767507
14.1988095238095,1.7733180245467,1.39694186103393,3.8655074175649,76.6384685286684
14.1989087301587,1.77323958258469,1.3970937557351,3.86365885939915,76.6398460606807
14.1990079365079,1.77316102636226,1.39724555023347,3.86181118423444,76.6412233640597
14.1991071428571,1.77308235137137,1.3973972465208,3.85996439103671,76.6426004408617
14.1992063492063,1.77300355729409,1.39754884480868,3.85811847934133,76.6439772913267
14.1993055555556,1.77292464424725,1.39770034512426,3.85627344874142,76.6453539155065
14.1994047619048,1.77284561234774,1.39785174749466,3.85442929883002,76.6467303134531
14.199503968254,1.77276646171249,1.39800305194695,3.85258602920047,76.6481064852182
14.1996031746032,1.77268719245848,1.39815425850815,3.85074363944625,76.6494824308535
14.1997023809524,1.77260780470269,1.39830536720526,3.84890212916083,76.6508581504107
14.1998015873016,1.7725282985622,1.39845637806522,3.84706149793803,76.6522336439414
14.1999007936508,1.77244867415409,1.39860729111493,3.8452217453716,76.6536089114973
14.2,1.77236893159549,1.39875810638124,3.84338287105564,76.6549839531298
14.2000992063492,1.77228907100358,1.39890882389098,3.8415448745842,76.6563587688905
14.2001984126984,1.77220909249558,1.39905944367091,3.83970775555167,76.6577333588308
14.2002976190476,1.77212899618874,1.39920996574777,3.83787151355235,76.6591077230021
14.2003968253968,1.77204878220037,1.39936039014823,3.83603614818094,76.6604818614556
14.200496031746,1.7719684506478,1.39951071689896,3.83420165903203,76.6618557742428
14.2005952380952,1.77188800164842,1.39966094602654,3.83236804570058,76.6632294614147
14.2006944444444,1.77180743531965,1.39981107755754,3.83053530778149,76.6646029230227
14.2007936507936,1.77172675177896,1.39996111151846,3.82870344487,76.6659761591179
14.2008928571429,1.77164595114384,1.4001110479358,3.82687245656127,76.6673491697513
14.2009920634921,1.77156503353186,1.40026088683597,3.8250423424508,76.668721954974
14.2010912698413,1.7714839990606,1.40041062824536,3.82321310213419,76.6700945148369
14.2011904761905,1.77140284784769,1.40056027219032,3.82138473520705,76.6714668493911
14.2012896825397,1.7713215800108,1.40070981869714,3.81955724126533,76.6728389586874
14.2013888888889,1.77124019566764,1.4008592677921,3.81773061990493,76.6742108427766
14.2014880952381,1.77115869493598,1.40100861950141,3.81590487072207,76.6755825017095
14.2015873015873,1.7710770779336,1.40115787385123,3.81407999331294,76.6769539355369
14.2016865079365,1.77099534477834,1.4013070308677,3.81225598727404,76.6783251443094
14.2017857142857,1.77091349558809,1.40145609057692,3.81043285220186,76.6796961280778
14.2018849206349,1.77083153048076,1.40160505300491,3.80861058769318,76.6810668868926
14.2019841269841,1.77074944957431,1.4017539181777,3.80678919334476,76.6824374208043
14.2020833333333,1.77066725298675,1.40190268612123,3.80496866875368,76.6838077298634
14.2021825396825,1.77058494083612,1.40205135686143,3.80314901351697,76.6851778141204
14.2022817460317,1.77050251324052,1.40219993042416,3.80133022723201,76.6865476736256
14.202380952381,1.77041997031805,1.40234840683527,3.79951230949611,76.6879173084295
14.2024801587302,1.7703373121869,1.40249678612054,3.79769525990688,76.6892867185822
14.2025793650794,1.77025453896527,1.4026450683057,3.79587907806207,76.6906559041341
14.2026785714286,1.77017165077142,1.40279325341649,3.79406376355942,76.6920248651354
14.2027777777778,1.77008864772363,1.40294134147853,3.79224931599702,76.6933936016361
14.202876984127,1.77000552994025,1.40308933251747,3.79043573497289,76.6947621136864
14.2029761904762,1.76992229753964,1.40323722655887,3.78862302008541,76.6961304013362
14.2030753968254,1.76983895064023,1.40338502362827,3.78681117093288,76.6974984646358
14.2031746031746,1.76975548936047,1.40353272375115,3.78500018711395,76.6988663036349
14.2032738095238,1.76967191381887,1.40368032695297,3.78319006822724,76.7002339183834
14.203373015873,1.76958822413395,1.40382783325911,3.78138081387166,76.7016013089313
14.2034722222222,1.76950442042431,1.40397524269496,3.77957242364611,76.7029684753282
14.2035714285714,1.76942050280858,1.40412255528582,3.77776489714981,76.704335417624
14.2036706349206,1.7693364714054,1.40426977105698,3.77595823398192,76.7057021358684
14.2037698412698,1.7692523263335,1.40441689003365,3.77415243374194,76.7070686301109
14.203869047619,1.76916806771162,1.40456391224105,3.77234749602934,76.7084349004013
14.2039682539683,1.76908369565854,1.4047108377043,3.77054342044386,76.709800946789
14.2040674603175,1.76899921029311,1.40485766644852,3.76874020658537,76.7111667693235
14.2041666666667,1.76891461173419,1.40500439849878,3.76693785405376,76.7125323680543
14.2042658730159,1.76882990010069,1.40515103388007,3.76513636244924,76.7138977430308
14.2043650793651,1.76874507551158,1.4052975726174,3.76333573137197,76.7152628943023
14.2044642857143,1.76866013808584,1.40544401473568,3.76153596042247,76.7166278219182
14.2045634920635,1.76857508794252,1.40559036025982,3.75973704920118,76.7179925259277
14.2046626984127,1.76848992520069,1.40573660921464,3.75793899730888,76.7193570063799
14.2047619047619,1.76840464997947,1.40588276162498,3.7561418043463,76.7207212633242
14.2048611111111,1.76831926239803,1.40602881751558,3.75434546991453,76.7220852968094
14.2049603174603,1.76823376257557,1.40617477691116,3.75254999361457,76.7234491068847
14.2050595238095,1.76814815063134,1.40632063983641,3.75075537504779,76.7248126935992
14.2051587301587,1.76806242668461,1.40646640631596,3.74896161381548,76.7261760570017
14.2052579365079,1.76797659085472,1.40661207637439,3.74716870951928,76.7275391971411
14.2053571428571,1.76789064326104,1.40675765003626,3.74537666176079,76.7289021140664
14.2054563492064,1.76780458402298,1.40690312732608,3.74358547014188,76.7302648078262
14.2055555555556,1.76771841325998,1.40704850826829,3.74179513426457,76.7316272784695
14.2056547619048,1.76763213109154,1.40719379288735,3.74000565373086,76.7329895260448
14.205753968254,1.76754573763721,1.4073389812076,3.73821702814312,76.7343515506008
14.2058531746032,1.76745923301654,1.40748407325339,3.73642925710365,76.7357133521861
14.2059523809524,1.76737261734916,1.40762906904902,3.73464234021507,76.7370749308493
14.2060515873016,1.76728589075473,1.40777396861873,3.73285627707997,76.738436286639
14.2061507936508,1.76719905335294,1.40791877198673,3.73107106730128,76.7397974196034
14.20625,1.76711210526355,1.40806347917718,3.72928671048186,76.7411583297912
14.2063492063492,1.76702504660632,1.4082080902142,3.72750320622492,76.7425190172505
14.2064484126984,1.76693787750109,1.40835260512188,3.72572055413361,76.7438794820298
14.2065476190476,1.76685059806773,1.40849702392424,3.72393875381142,76.7452397241772
14.2066468253968,1.76676320842612,1.40864134664529,3.72215780486179,76.746599743741
14.206746031746,1.76667570869624,1.40878557330897,3.7203777068885,76.7479595407693
14.2068452380952,1.76658809899806,1.40892970393919,3.71859845949526,76.7493191153103
14.2069444444444,1.76650037945162,1.40907373855981,3.71682006228608,76.750678467412
14.2070436507937,1.76641255017698,1.40921767719465,3.71504251486513,76.7520375971224
14.2071428571429,1.76632461129427,1.4093615198675,3.71326581683655,76.7533965044895
14.2072420634921,1.76623656292364,1.40950526660209,3.71148996780482,76.7547551895612
14.2073412698413,1.76614840518528,1.40964891742212,3.70971496737438,76.7561136523853
14.2074404761905,1.76606013819944,1.40979247235122,3.70794081515,76.7574718930097
14.2075396825397,1.76597176208638,1.40993593141303,3.70616751073641,76.7588299114821
14.2076388888889,1.76588327696644,1.41007929463109,3.70439505373864,76.7601877078502
14.2077380952381,1.76579468295998,1.41022256202893,3.70262344376172,76.7615452821617
14.2078373015873,1.76570598018739,1.41036573363003,3.70085268041098,76.7629026344642
14.2079365079365,1.76561716876913,1.41050880945783,3.6990827632917,76.7642597648052
14.2080357142857,1.76552824882567,1.41065178953572,3.69731369200952,76.7656166732324
14.2081349206349,1.76543922047756,1.41079467388706,3.69554546617,76.7669733597931
14.2082341269841,1.76535008384535,1.41093746253515,3.69377808537905,76.7683298245347
14.2083333333333,1.76526083904965,1.41108015550326,3.69201154924254,76.7696860675046
14.2084325396825,1.76517148621113,1.41122275281461,3.6902458573666,76.7710420887502
14.2085317460317,1.76508202545047,1.41136525449237,3.68848100935753,76.7723978883187
14.208630952381,1.7649924568884,1.4115076605597,3.6867170048216,76.7737534662573
14.2087301587302,1.76490278064571,1.41164997103969,3.68495384336545,76.7751088226131
14.2088293650794,1.76481299684321,1.41179218595538,3.68319152459564,76.7764639574334
14.2089285714286,1.76472310560175,1.41193430532978,3.68143004811907,76.777818870765
14.2090277777778,1.76463310704225,1.41207632918587,3.6796694135426,76.7791735626552
14.209126984127,1.76454300128563,1.41221825754657,3.67790962047342,76.7805280331508
14.2092261904762,1.76445278845289,1.41236009043475,3.67615066851867,76.7818822822988
14.2093253968254,1.76436246866505,1.41250182787326,3.67439255728582,76.7832363101459
14.2094246031746,1.76427204204317,1.41264346988489,3.67263528638229,76.7845901167391
14.2095238095238,1.76418150870836,1.4127850164924,3.67087885541586,76.7859437021251
14.209623015873,1.76409086878177,1.41292646771849,3.66912326399421,76.7872970663506
14.2097222222222,1.76400012238459,1.41306782358583,3.6673685117254,76.7886502094623
14.2098214285714,1.76390926963805,1.41320908411705,3.66561459821742,76.7900031315069
14.2099206349206,1.76381831066342,1.41335024933472,3.66386152307855,76.7913558325308
14.2100198412698,1.76372724558202,1.41349131926139,3.66210928591721,76.7927083125806
14.210119047619,1.76363607451521,1.41363229391956,3.66035788634182,76.7940605717028
14.2102182539683,1.76354479758437,1.41377317333167,3.65860732396114,76.7954126099437
14.2103174603175,1.76345341491095,1.41391395752014,3.65685759838387,76.7967644273498
14.2104166666667,1.76336192661643,1.41405464650734,3.65510870921905,76.7981160239674
14.2105158730159,1.76327033282232,1.41419524031558,3.65336065607568,76.7994673998427
14.2106150793651,1.7631786336502,1.41433573896716,3.65161343856306,76.800818555022
14.2107142857143,1.76308682922166,1.41447614248432,3.64986705629049,76.8021694895515
14.2108134920635,1.76299491965835,1.41461645088923,3.64812150886757,76.8035202034772
14.2109126984127,1.76290290508195,1.41475666420408,3.64637679590385,76.8048706968452
14.2110119047619,1.7628107856142,1.41489678245096,3.64463291700923,76.8062209697016
14.2111111111111,1.76271856137686,1.41503680565194,3.64288987179355,76.8075710220924
14.2112103174603,1.76262623249175,1.41517673382906,3.64114765986699,76.8089208540633
14.2113095238095,1.76253379908071,1.41531656700428,3.63940628083969,76.8102704656605
14.2114087301587,1.76244126126564,1.41545630519957,3.63766573432205,76.8116198569296
14.2115079365079,1.76234861916848,1.41559594843679,3.63592601992463,76.8129690279163
14.2116071428571,1.7622558729112,1.41573549673783,3.63418713725798,76.8143179786666
14.2117063492063,1.76216302261582,1.41587495012448,3.632449085933,76.815666709226
14.2118055555556,1.76207006840439,1.41601430861852,3.63071186556053,76.8170152196401
14.2119047619048,1.76197701039902,1.41615357224167,3.62897547575174,76.8183635099545
14.212003968254,1.76188384872185,1.41629274101562,3.62723991611775,76.8197115802149
14.2121031746032,1.76179058349506,1.41643181496201,3.62550518627002,76.8210594304665
14.2122023809524,1.76169721484088,1.41657079410243,3.62377128581997,76.8224070607549
14.2123015873016,1.76160374288158,1.41670967845845,3.62203821437933,76.8237544711254
14.2124007936508,1.76151016773945,1.41684846805157,3.6203059715598,76.8251016616234
14.2125,1.76141648953686,1.41698716290326,3.61857455697341,76.8264486322941
14.2125992063492,1.76132270839618,1.41712576303496,3.61684397023213,76.8277953831829
14.2126984126984,1.76122882443986,1.41726426846804,3.61511421094828,76.8291419143347
14.2127976190476,1.76113483779035,1.41740267922385,3.61338527873413,76.8304882257948
14.2128968253968,1.76104074857019,1.41754099532369,3.61165717320221,76.8318343176083
14.212996031746,1.76094655690192,1.4176792167888,3.60992989396523,76.8331801898202
14.2130952380952,1.76085226290814,1.41781734364042,3.60820344063587,76.8345258424754
14.2131944444444,1.76075786671149,1.4179553758997,3.60647781282715,76.8358712756189
14.2132936507937,1.76066336843465,1.41809331358777,3.60475301015206,76.8372164892956
14.2133928571429,1.76056876820034,1.41823115672573,3.6030290322239,76.8385614835503
14.2134920634921,1.76047406613133,1.41836890533461,3.60130587865592,76.8399062584278
14.2135912698413,1.76037926235041,1.4185065594354,3.59958354906173,76.8412508139728
14.2136904761905,1.76028435698043,1.41864411904908,3.59786204305487,76.84259515023
14.2137896825397,1.76018935014429,1.41878158419654,3.59614136024922,76.843939267244
14.2138888888889,1.76009424196489,1.41891895489868,3.59442150025859,76.8452831650595
14.2139880952381,1.75999903256523,1.4190562311763,3.59270246269717,76.8466268437209
14.2140873015873,1.75990372206831,1.4191934130502,3.59098424717905,76.8479703032727
14.2141865079365,1.75980831059717,1.41933050054112,3.5892668533187,76.8493135437594
14.2142857142857,1.75971279827492,1.41946749366977,3.58755028073049,76.8506565652253
14.2143849206349,1.75961718522469,1.41960439245679,3.58583452902913,76.8519993677149
14.2144841269841,1.75952147156965,1.4197411969228,3.58411959782944,76.8533419512723
14.2145833333333,1.75942565743303,1.41987790708838,3.58240548674623,76.8546843159418
14.2146825396825,1.75932974293808,1.42001452297406,3.58069219539468,76.8560264617675
14.2147817460317,1.7592337282081,1.42015104460031,3.57897972338988,76.8573683887937
14.214880952381,1.75913761336645,1.42028747198759,3.57726807034729,76.8587100970644
14.2149801587302,1.75904139853648,1.42042380515629,3.5755572358823,76.8600515866237
14.2150793650794,1.75894508384164,1.42056004412678,3.57384721961063,76.8613928575155
14.2151785714286,1.7588486694054,1.42069618891937,3.57213802114797,76.8627339097838
14.2152777777778,1.75875215535125,1.42083223955432,3.57042964011032,76.8640747434723
14.215376984127,1.75865554180274,1.42096819605188,3.56872207611366,76.8654153586252
14.2154761904762,1.75855882888347,1.42110405843222,3.56701532877427,76.8667557552859
14.2155753968254,1.75846201671707,1.4212398267155,3.56530939770842,76.8680959334985
14.2156746031746,1.75836510542722,1.42137550092181,3.56360428253267,76.8694358933064
14.2157738095238,1.75826809513761,1.42151108107122,3.56189998286356,76.8707756347533
14.215873015873,1.75817098597202,1.42164656718373,3.56019649831791,76.872115157883
14.2159722222222,1.75807377805425,1.42178195927933,3.55849382851269,76.8734544627387
14.2160714285714,1.75797647150811,1.42191725737794,3.55679197306485,76.8747935493642
14.2161706349206,1.75787906645751,1.42205246149944,3.55509093159168,76.8761324178027
14.2162698412698,1.75778156302636,1.4221875716637,3.55339070371044,76.8774710680978
14.216369047619,1.75768396133862,1.4223225878905,3.55169128903869,76.8788095002927
14.2164682539683,1.75758626151829,1.4224575101996,3.54999268719397,76.8801477144307
14.2165674603175,1.75748846368943,1.42259233861073,3.54829489779414,76.8814857105551
14.2166666666667,1.75739056797612,1.42272707314356,3.54659792045701,76.8828234887091
14.2167658730159,1.75729257450248,1.42286171381772,3.54490175480074,76.8841610489357
14.2168650793651,1.75719448339269,1.42299626065279,3.54320640044342,76.8854983912782
14.2169642857143,1.75709629477097,1.42313071366833,3.54151185700348,76.8868355157795
14.2170634920635,1.75699800876155,1.42326507288383,3.53981812409931,76.8881724224826
14.2171626984127,1.75689962548874,1.42339933831876,3.53812520134961,76.8895091114305
14.2172619047619,1.75680114507687,1.42353350999253,3.53643308837307,76.8908455826661
14.2173611111111,1.75670256765031,1.42366758792452,3.53474178478864,76.8921818362323
14.2174603174603,1.75660389333349,1.42380157213405,3.5330512902154,76.8935178721717
14.2175595238095,1.75650512225087,1.42393546264043,3.53136160427246,76.8948536905272
14.2176587301587,1.75640625452694,1.42406925946289,3.52967272657925,76.8961892913414
14.2177579365079,1.75630729028625,1.42420296262064,3.52798465675513,76.897524674657
14.2178571428571,1.75620822965339,1.42433657213284,3.52629739441983,76.8988598405167
14.2179563492064,1.75610907275297,1.4244700880186,3.52461093919301,76.9001947889628
14.2180555555556,1.75600981970966,1.42460351029701,3.52292529069467,76.9015295200381
14.2181547619048,1.75591047064817,1.42473683898709,3.52124044854476,76.9028640337848
14.218253968254,1.75581102569326,1.42487007410783,3.51955641236355,76.9041983302453
14.2183531746032,1.7557114849697,1.42500321567819,3.51787318177129,76.9055324094622
14.2184523809524,1.75561184860234,1.42513626371706,3.51619075638853,76.9068662714775
14.2185515873016,1.75551211671605,1.42526921824331,3.51450913583581,76.9081999163336
14.2186507936508,1.75541228943574,1.42540207927576,3.51282831973396,76.9095333440727
14.21875,1.75531236688636,1.42553484683318,3.51114830770379,76.910866554737
14.2188492063492,1.75521234919291,1.4256675209343,3.50946909936639,76.9121995483684
14.2189484126984,1.75511223648045,1.42580010159782,3.50779069434299,76.9135323250091
14.2190476190476,1.75501202887403,1.42593258884238,3.50611309225483,76.9148648847012
14.2191468253968,1.7549117264988,1.42606498268658,3.50443629272345,76.9161972274864
14.219246031746,1.7548113294799,1.426197283149,3.50276029537039,76.9175293534067
14.2193452380952,1.75471083794254,1.42632949024814,3.50108509981747,76.9188612625041
14.2194444444444,1.75461025201197,1.4264616040025,3.49941070568652,76.9201929548202
14.2195436507936,1.75450957181348,1.42659362443049,3.49773711259965,76.9215244303968
14.2196428571429,1.7544087974724,1.42672555155051,3.49606432017895,76.9228556892757
14.2197420634921,1.75430792911409,1.42685738538091,3.49439232804684,76.9241867314985
14.2198412698413,1.75420696686396,1.42698912593999,3.49272113582568,76.9255175571068
14.2199404761905,1.75410591084748,1.42712077324602,3.49105074313818,76.9268481661421
14.2200396825397,1.75400476119013,1.42725232731722,3.48938114960699,76.9281785586459
14.2201388888889,1.75390351801745,1.42738378817177,3.4877123548551,76.9295087346597
14.2202380952381,1.75380218145501,1.42751515582779,3.48604435850544,76.930838694225
14.2203373015873,1.75370075162844,1.42764643030338,3.48437716018124,76.9321684373831
14.2204365079365,1.75359922866339,1.42777761161659,3.48271075950587,76.9334979641751
14.2205357142857,1.75349761268557,1.42790869978543,3.48104515610268,76.9348272746426
14.2206349206349,1.75339590382072,1.42803969482785,3.47938034959537,76.9361563688265
14.2207341269841,1.75329410219462,1.42817059676179,3.4777163396076,76.9374852467681
14.2208333333333,1.75319220793309,1.42830140560511,3.47605312576335,76.9388139085085
14.2209325396825,1.75309022116201,1.42843212137566,3.47439070768655,76.9401423540887
14.2210317460317,1.75298814200728,1.42856274409122,3.47272908500147,76.9414705835498
14.221130952381,1.75288597059485,1.42869327376955,3.47106825733232,76.9427985969327
14.2212301587302,1.75278370705072,1.42882371042834,3.46940822430366,76.9441263942783
14.2213293650794,1.7526813515009,1.42895405408527,3.46774898554,76.9454539756276
14.2214285714286,1.75257890407149,1.42908430475796,3.46609054066616,76.9467813410211
14.2215277777778,1.75247636488859,1.42921446246399,3.46443288930693,76.9481084904999
14.221626984127,1.75237373407836,1.42934452722088,3.46277603108745,76.9494354241044
14.2217261904762,1.75227101176699,1.42947449904614,3.46111996563277,76.9507621418755
14.2218253968254,1.75216819808073,1.42960437795722,3.45946469256826,76.9520886438537
14.2219246031746,1.75206529314586,1.42973416397151,3.45781021151942,76.9534149300796
14.2220238095238,1.7519622970887,1.4298638571064,3.45615652211175,76.9547410005937
14.222123015873,1.75185921003561,1.42999345737919,3.45450362397107,76.9560668554364
14.2222222222222,1.75175603211299,1.43012296480717,3.45285151672318,76.9573924946482
14.2223214285714,1.7516527634473,1.43025237940757,3.45120019999419,76.9587179182694
14.2224206349206,1.75154940416502,1.4303817011976,3.44954967341017,76.9600431263404
14.2225198412698,1.75144595439268,1.43051093019439,3.44789993659752,76.9613681189013
14.222619047619,1.75134241425685,1.43064006641506,3.4462509891826,76.9626928959925
14.2227182539683,1.75123878388414,1.43076910987667,3.44460283079209,76.964017457654
14.2228174603175,1.7511350634012,1.43089806059625,3.44295546105263,76.9653418039261
14.2229166666667,1.75103125293474,1.43102691859077,3.44130887959119,76.9666659348486
14.2230158730159,1.75092735261147,1.43115568387718,3.43966308603469,76.9679898504618
14.2231150793651,1.75082336255819,1.43128435647236,3.43801808001039,76.9693135508054
14.2232142857143,1.75071928290171,1.43141293639317,3.4363738611455,76.9706370359196
14.2233134920635,1.75061511376889,1.43154142365642,3.43473042906751,76.971960305844
14.2234126984127,1.75051085528663,1.43166981827886,3.43308778340405,76.9732833606185
14.2235119047619,1.75040650758187,1.43179812027724,3.43144592378276,76.974606200283
14.2236111111111,1.75030207078161,1.43192632966822,3.42980484983161,76.975928824877
14.2237103174603,1.75019754501285,1.43205444646845,3.42816456117851,76.9772512344403
14.2238095238095,1.75009293040268,1.43218247069452,3.42652505745172,76.9785734290125
14.2239087301587,1.7499882270782,1.43231040236298,3.42488633827944,76.9798954086331
14.2240079365079,1.74988343516656,1.43243824149034,3.42324840329021,76.9812171733417
14.2241071428571,1.74977855479494,1.43256598809307,3.42161125211252,76.9825387231778
14.2242063492063,1.74967358609059,1.43269364218759,3.41997488437518,76.9838600581807
14.2243055555556,1.74956852918078,1.43282120379029,3.41833929970697,76.9851811783898
14.2244047619048,1.74946338419281,1.4329486729175,3.41670449773699,76.9865020838445
14.224503968254,1.74935815125406,1.43307604958551,3.41507047809431,76.987822774584
14.2246031746032,1.74925283049191,1.43320333381059,3.41343724040832,76.9891432506475
14.2247023809524,1.74914742203381,1.43333052560894,3.41180478430835,76.9904635120743
14.2248015873016,1.74904192600723,1.43345762499672,3.41017310942403,76.9917835589033
14.2249007936508,1.7489363425397,1.43358463199007,3.40854221538514,76.9931033911737
14.225,1.74883067175879,1.43371154660506,3.40691210182144,76.9944230089246
14.2250992063492,1.74872491379209,1.43383836885774,3.40528276836304,76.9957424121948
14.2251984126984,1.74861906876725,1.4339650987641,3.40365421463998,76.9970616010234
14.2252976190476,1.74851313681197,1.43409173634008,3.40202644028266,76.998380575449
14.2253968253968,1.74840711805397,1.43421828160162,3.40039944492141,76.9996993355108
14.225496031746,1.74830101262102,1.43434473456456,3.39877322818691,77.0010178812472
14.2255952380952,1.74819482064092,1.43447109524475,3.39714778970978,77.0023362126972
14.2256944444444,1.74808854224155,1.43459736365795,3.39552312912097,77.0036543298993
14.2257936507937,1.74798217755079,1.43472353981992,3.3938992460514,77.0049722328923
14.2258928571429,1.74787572669657,1.43484962374634,3.39227614013229,77.0062899217146
14.2259920634921,1.74776918980688,1.43497561545288,3.39065381099486,77.0076073964048
14.2260912698413,1.74766256700973,1.43510151495513,3.38903225827061,77.0089246570013
14.2261904761905,1.74755585843318,1.43522732226868,3.38741148159103,77.0102417035426
14.2262896825397,1.74744906420534,1.43535303740905,3.38579148058788,77.0115585360671
14.2263888888889,1.74734218445435,1.43547866039171,3.38417225489307,77.0128751546131
14.2264880952381,1.74723521930839,1.43560419123212,3.3825538041385,77.0141915592188
14.2265873015873,1.74712816889569,1.43572962994567,3.3809361279564,77.0155077499225
14.2266865079365,1.74702103334451,1.43585497654771,3.37931922597896,77.0168237267624
14.2267857142857,1.74691381278316,1.43598023105355,3.37770309783871,77.0181394897766
14.2268849206349,1.74680650734,1.43610539347848,3.37608774316812,77.0194550390032
14.2269841269841,1.74669911714342,1.4362304638377,3.3744731616,77.0207703744801
14.2270833333333,1.74659164232184,1.43635544214641,3.3728593527671,77.0220854962454
14.2271825396825,1.74648408300374,1.43648032841974,3.37124631630251,77.023400404337
14.2272817460317,1.74637643931764,1.43660512267281,3.36963405183929,77.0247150987929
14.227380952381,1.7462687113921,1.43672982492065,3.36802255901079,77.0260295796506
14.2274801587302,1.7461608993557,1.43685443517829,3.36641183745035,77.0273438469483
14.2275793650794,1.7460530033371,1.43697895346068,3.36480188679163,77.0286579007234
14.2276785714286,1.74594502346497,1.43710337978278,3.36319270666825,77.0299717410137
14.2277777777778,1.74583695986804,1.43722771415944,3.3615842967141,77.0312853678568
14.227876984127,1.74572881267507,1.43735195660552,3.35997665656321,77.0325987812904
14.2279761904762,1.74562058201486,1.43747610713583,3.35836978584963,77.0339119813519
14.2280753968254,1.74551226801626,1.4376001657651,3.35676368420772,77.0352249680788
14.2281746031746,1.74540387080816,1.43772413250806,3.35515835127183,77.0365377415086
14.2282738095238,1.74529539051949,1.43784800737937,3.35355378667658,77.0378503016785
14.228373015873,1.74518682727922,1.43797179039367,3.35194999005661,77.0391626486261
14.2284722222222,1.74507818121636,1.43809548156554,3.35034696104684,77.0404747823885
14.2285714285714,1.74496945245996,1.43821908090952,3.34874469928218,77.041786703003
14.2286706349206,1.74486064113912,1.43834258844011,3.34714320439784,77.0430984105067
14.2287698412698,1.74475174738298,1.43846600417177,3.34554247602901,77.0444099049369
14.228869047619,1.74464277132072,1.43858932811892,3.34394251381118,77.0457211863305
14.2289682539683,1.74453371308154,1.43871256029592,3.34234331737984,77.0470322547247
14.2290674603175,1.74442457279472,1.4388357007171,3.34074488637076,77.0483431101563
14.2291666666667,1.74431535058955,1.43895874939675,3.33914722041971,77.0496537526624
14.2292658730159,1.74420604659538,1.43908170634911,3.3375503191627,77.0509641822798
14.2293650793651,1.7440966609416,1.43920457158838,3.33595418223592,77.0522743990454
14.2294642857143,1.74398719375762,1.43932734512873,3.33435880927554,77.0535844029959
14.2295634920635,1.74387764517292,1.43945002698426,3.33276419991805,77.0548941941681
14.2296626984127,1.743768015317,1.43957261716904,3.33117035379994,77.0562037725986
14.2297619047619,1.74365830431942,1.43969511569711,3.32957727055797,77.0575131383242
14.2298611111111,1.74354851230977,1.43981752258246,3.3279849498289,77.0588222913813
14.2299603174603,1.74343863941768,1.43993983783902,3.32639339124981,77.0601312318066
14.2300595238095,1.74332868577281,1.44006206148069,3.32480259445771,77.0614399596365
14.2301587301587,1.74321865150491,1.44018419352134,3.32321255908998,77.0627484749074
14.2302579365079,1.7431085367437,1.44030623397479,3.32162328478392,77.0640567776558
14.2303571428571,1.742998341619,1.44042818285479,3.32003477117717,77.0653648679179
14.2304563492063,1.74288806626065,1.44055004017509,3.31844701790734,77.0666727457301
14.2305555555556,1.74277771079852,1.44067180594937,3.31686002461235,77.0679804111287
14.2306547619048,1.74266727536254,1.44079348019128,3.3152737909301,77.0692878641497
14.230753968254,1.74255676008268,1.44091506291441,3.31368831649873,77.0705951048294
14.2308531746032,1.74244616508893,1.44103655413232,3.31210360095656,77.0719021332038
14.2309523809524,1.74233549051135,1.44115795385854,3.31051964394191,77.073208949309
14.2310515873016,1.74222473648002,1.44127926210653,3.30893644509341,77.0745155531809
14.2311507936508,1.74211390312508,1.44140047888973,3.30735400404965,77.0758219448556
14.23125,1.74200299057669,1.44152160422153,3.30577232044956,77.0771281243688
14.2313492063492,1.74189199896506,1.44164263811526,3.30419139393202,77.0784340917565
14.2314484126984,1.74178092842046,1.44176358058423,3.30261122413624,77.0797398470544
14.2315476190476,1.74166977907317,1.4418844316417,3.30103181070139,77.0810453902983
14.2316468253968,1.74155855105353,1.44200519130089,3.29945315326694,77.0823507215239
14.231746031746,1.74144724449193,1.44212585957497,3.29787525147237,77.0836558407668
14.2318452380952,1.74133585951877,1.44224643647707,3.29629810495743,77.0849607480625
14.2319444444444,1.74122439626452,1.44236692202028,3.29472171336188,77.0862654434468
14.2320436507936,1.74111285485969,1.44248731621765,3.29314607632575,77.0875699269549
14.2321428571429,1.74100123543481,1.44260761908218,3.2915711934891,77.0888741986225
14.2322420634921,1.74088953812046,1.44272783062684,3.28999706449219,77.0901782584849
14.2323412698413,1.74077776304729,1.44284795086452,3.28842368897549,77.0914821065773
14.2324404761905,1.74066591034595,1.44296797980812,3.28685106657944,77.0927857429353
14.2325396825397,1.74055398014716,1.44308791747046,3.2852791969448,77.0940891675938
14.2326388888889,1.74044197258165,1.44320776386434,3.28370807971231,77.0953923805883
14.2327380952381,1.74032988778023,1.44332751900249,3.28213771452304,77.0966953819538
14.2328373015873,1.74021772587373,1.44344718289763,3.28056810101798,77.0979981717254
14.2329365079365,1.74010548699303,1.44356675556241,3.2789992388385,77.0993007499381
14.2330357142857,1.73999317126903,1.44368623700946,3.27743112762588,77.100603116627
14.2331349206349,1.7398807788327,1.44380562725134,3.27586376702175,77.1019052718271
14.2332341269841,1.73976830981504,1.44392492630059,3.27429715666771,77.1032072155731
14.2333333333333,1.73965576434708,1.4440441341697,3.27273129620565,77.1045089479
14.2334325396825,1.7395431425599,1.44416325087112,3.27116618527745,77.1058104688425
14.2335317460317,1.73943044458464,1.44428227641725,3.26960182352531,77.1071117784355
14.233630952381,1.73931767055245,1.44440121082045,3.26803821059139,77.1084128767136
14.2337301587302,1.73920482059453,1.44452005409305,3.2664753461181,77.1097137637114
14.2338293650794,1.73909189484215,1.44463880624731,3.26491322974804,77.1110144394636
14.2339285714286,1.73897889342658,1.44475746729547,3.26335186112378,77.1123149040047
14.2340277777778,1.73886581647916,1.44487603724972,3.26179123988824,77.1136151573692
14.234126984127,1.73875266413125,1.44499451612221,3.26023136568427,77.1149151995916
14.2342261904762,1.73863943651427,1.44511290392505,3.25867223815507,77.1162150307062
14.2343253968254,1.73852613375967,1.44523120067029,3.25711385694379,77.1175146507475
14.2344246031746,1.73841275599896,1.44534940636996,3.25555622169391,77.1188140597497
14.2345238095238,1.73829930336365,1.44546752103603,3.25399933204887,77.120113257747
14.234623015873,1.73818577598534,1.44558554468043,3.25244318765241,77.1214122447738
14.2347222222222,1.73807217399564,1.44570347731507,3.25088778814827,77.122711020864
14.2348214285714,1.73795849752622,1.44582131895178,3.24933313318049,77.1240095860519
14.2349206349206,1.73784474670877,1.44593906960237,3.24777922239308,77.1253079403715
14.2350198412698,1.73773092167504,1.4460567292786,3.24622605543037,77.1266060838568
14.235119047619,1.73761702255682,1.4461742979922,3.24467363193664,77.1279040165418
14.2352182539683,1.73750304948592,1.44629177575484,3.24312195155646,77.1292017384603
14.2353174603175,1.73738900259423,1.44640916257816,3.24157101393455,77.1304992496462
14.2354166666667,1.73727488201364,1.44652645847375,3.24002081871563,77.1317965501334
14.2355158730159,1.73716068787611,1.44664366345315,3.23847136554473,77.1330936399554
14.2356150793651,1.73704642031364,1.44676077752787,3.23692265406685,77.1343905191463
14.2357142857143,1.73693207945824,1.44687780070938,3.23537468392733,77.1356871877394
14.2358134920635,1.73681766544201,1.4469947330091,3.23382745477145,77.1369836457685
14.2359126984127,1.73670317839705,1.44711157443841,3.23228096624482,77.1382798932671
14.2360119047619,1.73658861845553,1.44722832500864,3.23073521799301,77.1395759302687
14.2361111111111,1.73647398574963,1.44734498473107,3.22919020966192,77.1408717568067
14.2362103174603,1.73635928041161,1.44746155361698,3.2276459408974,77.1421673729147
14.2363095238095,1.73624450257374,1.44757803167755,3.22610241134563,77.1434627786259
14.2364087301587,1.73612965236835,1.44769441892396,3.22455962065276,77.1447579739737
14.2365079365079,1.73601472992781,1.44781071536732,3.22301756846524,77.1460529589912
14.2366071428571,1.7358997353845,1.44792692101872,3.22147625442951,77.1473477337119
14.2367063492064,1.7357846688709,1.44804303588918,3.21993567819227,77.1486422981686
14.2368055555556,1.73566953051947,1.44815905998971,3.21839583940035,77.1499366523947
14.2369047619048,1.73555432046276,1.44827499333126,3.21685673770063,77.1512307964231
14.237003968254,1.73543903883334,1.44839083592472,3.21531837274026,77.1525247302869
14.2371031746032,1.73532368576381,1.44850658778097,3.21378074416639,77.153818454019
14.2372023809524,1.73520826138684,1.44862224891083,3.21224385162648,77.1551119676524
14.2373015873016,1.73509276583511,1.44873781932508,3.21070769476795,77.1564052712199
14.2374007936508,1.73497719924137,1.44885329903445,3.20917227323855,77.1576983647542
14.2375,1.73486156173839,1.44896868804964,3.20763758668598,77.1589912482883
14.2375992063492,1.73474585345899,1.4490839863813,3.20610363475827,77.1602839218548
14.2376984126984,1.73463007453604,1.44919919404003,3.20457041710341,77.1615763854863
14.2377976190476,1.73451422510243,1.44931431103641,3.20303793336972,77.1628686392155
14.2378968253968,1.73439830529112,1.44942933738096,3.20150618320547,77.1641606830749
14.237996031746,1.73428231523508,1.44954427308414,3.19997516625927,77.1654525170971
14.2380952380952,1.73416625506734,1.44965911815642,3.19844488217967,77.1667441413145
14.2381944444444,1.73405012492097,1.44977387260817,3.19691533061551,77.1680355557596
14.2382936507937,1.73393392492909,1.44988853644974,3.19538651121576,77.1693267604646
14.2383928571429,1.73381765522483,1.45000310969146,3.19385842362944,77.1706177554619
14.2384920634921,1.7337013159414,1.45011759234358,3.19233106750582,77.1719085407839
14.2385912698413,1.73358490721203,1.45023198441633,3.1908044424942,77.1731991164626
14.2386904761905,1.73346842916998,1.45034628591988,3.18927854824417,77.1744894825303
14.2387896825397,1.73335188194859,1.45046049686438,3.18775338440528,77.1757796390191
14.2388888888889,1.7332352656812,1.45057461725992,3.18622895062741,77.1770695859611
14.2389880952381,1.73311858050122,1.45068864711656,3.18470524656041,77.1783593233882
14.2390873015873,1.73300182654208,1.4508025864443,3.18318227185444,77.1796488513325
14.2391865079365,1.73288500393727,1.45091643525311,3.18166002615962,77.1809381698258
14.2392857142857,1.73276811282032,1.45103019355291,3.1801385091264,77.1822272789001
14.2393849206349,1.73265115332477,1.45114386135359,3.17861772040521,77.1835161785871
14.2394841269841,1.73253412558426,1.45125743866498,3.17709765964676,77.1848048689186
14.2395833333333,1.73241702973241,1.45137092549688,3.17557832650175,77.1860933499264
14.2396825396825,1.73229986590291,1.45148432185905,3.17405972062116,77.1873816216421
14.2397817460317,1.73218263422952,1.45159762776118,3.1725418416561,77.1886696840973
14.239880952381,1.73206533484597,1.45171084321296,3.1710246892577,77.1899575373237
14.2399801587302,1.73194796788611,1.451823968224,3.1695082630774,77.1912451813526
14.2400793650794,1.73183053348377,1.45193700280389,3.16799256276661,77.1925326162157
14.2401785714286,1.73171303177286,1.45204994696217,3.16647758797705,77.1938198419443
14.2402777777778,1.7315954628873,1.45216280070833,3.16496333836042,77.1951068585698
14.240376984127,1.73147782696109,1.45227556405182,3.16344981356873,77.1963936661235
14.2404761904762,1.73136012412824,1.45238823700206,3.16193701325396,77.1976802646367
14.2405753968254,1.73124235452281,1.45250081956842,3.16042493706841,77.1989666541406
14.2406746031746,1.7311245182789,1.45261331176022,3.15891358466434,77.2002528346664
14.2407738095238,1.73100661553066,1.45272571358674,3.15740295569434,77.2015388062452
14.240873015873,1.73088864641228,1.45283802505723,3.15589304981094,77.2028245689081
14.2409722222222,1.73077061105797,1.45295024618087,3.15438386666702,77.2041101226861
14.2410714285714,1.73065250960202,1.45306237696684,3.15287540591541,77.2053954676102
14.2411706349206,1.73053434217872,1.45317441742423,3.15136766720921,77.2066806037114
14.2412698412698,1.73041610892244,1.45328636756211,3.14986065020168,77.2079655310204
14.241369047619,1.73029780996755,1.45339822738951,3.14835435454607,77.2092502495682
14.2414682539683,1.73017944544851,1.45350999691542,3.14684877989596,77.2105347593854
14.2415674603175,1.73006101549977,1.45362167614878,3.1453439259049,77.2118190605029
14.2416666666667,1.72994252025587,1.45373326509847,3.14383979222675,77.2131031529512
14.2417658730159,1.72982395985135,1.45384476377337,3.14233637851533,77.2143870367612
14.2418650793651,1.72970533442082,1.45395617218228,3.1408336844248,77.2156707119632
14.2419642857143,1.72958664409891,1.45406749033396,3.13933170960927,77.2169541785879
14.2420634920635,1.72946788902031,1.45417871823715,3.13783045372316,77.2182374366656
14.2421626984127,1.72934906931975,1.45428985590054,3.13632991642088,77.219520486227
14.2422619047619,1.72923018513198,1.45440090333275,3.13483009735715,77.2208033273022
14.2423611111111,1.72911123659182,1.4545118605424,3.13333099618664,77.2220859599217
14.2424603174603,1.72899222383411,1.45462272753803,3.13183261256435,77.2233683841157
14.2425595238095,1.72887314699374,1.45473350432816,3.13033494614527,77.2246505999146
14.2426587301587,1.72875400620564,1.45484419092126,3.12883799658462,77.2259326073483
14.2427579365079,1.72863480160478,1.45495478732575,3.12734176353778,77.2272144064472
14.2428571428571,1.72851553332618,1.45506529355003,3.12584624666017,77.2284959972412
14.2429563492063,1.7283962015049,1.45517570960242,3.12435144560748,77.2297773797604
14.2430555555556,1.72827680627601,1.45528603549124,3.12285736003539,77.2310585540348
14.2431547619048,1.72815734777468,1.45539627122474,3.12136398959991,77.2323395200942
14.243253968254,1.72803782613607,1.45550641681113,3.11987133395699,77.2336202779687
14.2433531746032,1.7279182414954,1.45561647225858,3.11837939276292,77.234900827688
14.2434523809524,1.72779859398794,1.45572643757523,3.11688816567395,77.2361811692819
14.2435515873016,1.72767888374899,1.45583631276915,3.11539765234664,77.2374613027802
14.2436507936508,1.72755911091389,1.45594609784838,3.11390785243753,77.2387412282125
14.24375,1.72743927561803,1.45605579282094,3.11241876560346,77.2400209456084
14.2438492063492,1.72731937799684,1.45616539769477,3.11093039150126,77.2413004549977
14.2439484126984,1.72719941818578,1.45627491247779,3.10944272978806,77.2425797564097
14.2440476190476,1.72707939632036,1.45638433717787,3.10795578012096,77.2438588498739
14.2441468253968,1.72695931253614,1.45649367180284,3.10646954215735,77.2451377354199
14.244246031746,1.72683916696872,1.45660291636049,3.10498401555472,77.246416413077
14.2443452380952,1.72671895975371,1.45671207085856,3.10349919997063,77.2476948828745
14.2444444444444,1.7265986910268,1.45682113530474,3.1020150950629,77.2489731448417
14.2445436507937,1.72647836092371,1.4569301097067,3.10053170048937,77.2502511990078
14.2446428571429,1.72635796958019,1.45703899407205,3.09904901590815,77.2515290454022
14.2447420634921,1.72623751713205,1.45714778840837,3.09756704097736,77.2528066840538
14.2448412698413,1.72611700371512,1.45725649272318,3.09608577535539,77.2540841149917
14.2449404761905,1.72599642946528,1.45736510702397,3.09460521870065,77.2553613382451
14.2450396825397,1.72587579451847,1.45747363131819,3.09312537067182,77.2566383538428
14.2451388888889,1.72575509901064,1.45758206561323,3.09164623092758,77.257915161814
14.2452380952381,1.72563434307781,1.45769040991645,3.09016779912692,77.2591917621873
14.2453373015873,1.72551352685602,1.45779866423517,3.08869007492878,77.2604681549917
14.2454365079365,1.72539265048135,1.45790682857666,3.08721305799243,77.261744340256
14.2455357142857,1.72527171408995,1.45801490294816,3.08573674797712,77.2630203180089
14.2456349206349,1.72515071781798,1.45812288735684,3.08426114454235,77.264296088279
14.2457341269841,1.72502966180166,1.45823078180985,3.08278624734777,77.2655716510951
14.2458333333333,1.72490854617723,1.45833858631431,3.08131205605306,77.2668470064857
14.2459325396825,1.72478737108101,1.45844630087725,3.07983857031819,77.2681221544794
14.2460317460317,1.72466613664932,1.45855392550571,3.07836578980312,77.2693970951047
14.246130952381,1.72454484301855,1.45866146020665,3.0768937141681,77.2706718283899
14.2462301587302,1.72442349032511,1.458768904987,3.07542234307337,77.2719463543636
14.2463293650794,1.72430207870547,1.45887625985366,3.07395167617949,77.2732206730539
14.2464285714286,1.72418060829613,1.45898352481346,3.07248171314697,77.2744947844894
14.2465277777778,1.72405907923363,1.45909069987322,3.07101245363664,77.2757686886981
14.246626984127,1.72393749165456,1.45919778503968,3.06954389730932,77.2770423857082
14.2467261904762,1.72381584569556,1.45930478031957,3.06807604382611,77.278315875548
14.2468253968254,1.72369414149328,1.45941168571956,3.06660889284812,77.2795891582455
14.2469246031746,1.72357237918444,1.45951850124629,3.06514244403673,77.2808622338288
14.2470238095238,1.72345055890578,1.45962522690633,3.06367669705334,77.2821351023258
14.247123015873,1.72332868079411,1.45973186270624,3.06221165155957,77.2834077637646
14.2472222222222,1.72320674498625,1.45983840865252,3.06074730721722,77.2846802181729
14.2473214285714,1.72308475161909,1.45994486475164,3.05928366368809,77.2859524655787
14.2474206349206,1.72296270082954,1.46005123100999,3.05782072063429,77.2872245060097
14.2475198412698,1.72284059275455,1.46015750743397,3.05635847771791,77.2884963394937
14.247619047619,1.72271842753113,1.46026369402991,3.05489693460135,77.2897679660583
14.2477182539683,1.72259620529632,1.46036979080409,3.05343609094699,77.2910393857314
14.2478174603175,1.72247392618721,1.46047579776275,3.05197594641749,77.2923105985404
14.2479166666667,1.7223515903409,1.46058171491212,3.05051650067552,77.2935816045128
14.2480158730159,1.72222919789459,1.46068754225833,3.04905775338405,77.2948524036762
14.2481150793651,1.72210674898545,1.46079327980752,3.04759970420601,77.2961229960581
14.2482142857143,1.72198424375076,1.46089892756576,3.04614235280466,77.2973933816858
14.2483134920635,1.72186168232779,1.46100448553908,3.04468569884323,77.2986635605867
14.2484126984127,1.72173906485387,1.46110995373347,3.04322974198525,77.2999335327881
14.2485119047619,1.72161639146639,1.46121533215488,3.04177448189423,77.3012032983172
14.2486111111111,1.72149366230275,1.46132062080921,3.04031991823395,77.3024728572013
14.2487103174603,1.72137087750041,1.46142581970233,3.03886605066833,77.3037422094675
14.2488095238095,1.72124803719686,1.46153092884005,3.03741287886131,77.3050113551428
14.2489087301587,1.72112514152965,1.46163594822815,3.03596040247714,77.3062802942544
14.2490079365079,1.72100219063634,1.46174087787236,3.03450862118003,77.3075490268293
14.2491071428571,1.72087918465458,1.46184571777837,3.03305753463453,77.3088175528943
14.2492063492064,1.720756123722,1.46195046795184,3.03160714250513,77.3100858724765
14.2493055555556,1.72063300797633,1.46205512839836,3.03015744445666,77.3113539856026
14.2494047619048,1.72050983755529,1.4621596991235,3.02870844015391,77.3126218922994
14.249503968254,1.72038661259669,1.46226418013277,3.02726012926197,77.3138895925938
14.2496031746032,1.72026333323835,1.46236857143167,3.02581251144593,77.3151570865125
14.2497023809524,1.72013999961813,1.46247287302561,3.02436558637117,77.3164243740819
14.2498015873016,1.72001661187395,1.46257708491999,3.02291935370305,77.3176914553289
14.2499007936508,1.71989317014376,1.46268120712016,3.02147381310725,77.31895833028
14.25,1.71976967456555,1.46278523963142,3.0200289642494,77.3202249989615
14.2500992063492,1.71964612527735,1.46288918245905,3.01858480679543,77.3214914614001
14.2501984126984,1.71952252241726,1.46299303560825,3.01714134041138,77.3227577176221
14.2502976190476,1.71939886612336,1.4630967990842,3.01569856476333,77.3240237676539
14.2503968253968,1.71927515653384,1.46320047289204,3.01425647951766,77.3252896115217
14.250496031746,1.71915139378689,1.46330405703687,3.01281508434074,77.3265552492518
14.2505952380952,1.71902757802075,1.46340755152372,3.01137437889921,77.3278206808705
14.2506944444444,1.7189037093737,1.46351095635762,3.00993436285974,77.3290859064039
14.2507936507936,1.71877978798407,1.46361427154351,3.00849503588927,77.3303509258781
14.2508928571429,1.71865581399022,1.46371749708632,3.00705639765473,77.3316157393192
14.2509920634921,1.71853178753056,1.46382063299094,3.00561844782335,77.3328803467532
14.2510912698413,1.71840770874354,1.46392367926219,3.00418118606234,77.334144748206
14.2511904761905,1.71828357776765,1.46402663590486,3.00274461203923,77.3354089437035
14.2512896825397,1.71815939474142,1.46412950292372,3.00130872542151,77.3366729332717
14.2513888888889,1.71803515980343,1.46423228032345,2.99987352587698,77.3379367169362
14.2514880952381,1.71791087309228,1.46433496810874,2.99843901307344,77.339200294723
14.2515873015873,1.71778653474663,1.4644375662842,2.99700518667892,77.3404636666577
14.2516865079365,1.71766214490518,1.4645400748544,2.99557204636161,77.3417268327659
14.2517857142857,1.71753770370667,1.4646424938239,2.99413959178973,77.3429897930733
14.2518849206349,1.71741321128988,1.46474482319716,2.99270782263179,77.3442525476054
14.2519841269841,1.71728866779362,1.46484706297866,2.99127673855628,77.3455150963877
14.2520833333333,1.71716407335676,1.4649492131728,2.989846339232,77.3467774394458
14.2521825396825,1.71703942811821,1.46505127378393,2.98841662432774,77.348039576805
14.2522817460317,1.71691473221691,1.46515324481639,2.98698759351257,77.3493015084906
14.252380952381,1.71678998579184,1.46525512627446,2.98555924645557,77.3505632345281
14.2524801587302,1.71666518898203,1.46535691816236,2.98413158282609,77.3518247549426
14.2525793650794,1.71654034192656,1.46545862048429,2.98270460229349,77.3530860697594
14.2526785714286,1.71641544476453,1.46556023324441,2.98127830452742,77.3543471790037
14.2527777777778,1.7162904976351,1.46566175644683,2.97985268919752,77.3556080827005
14.252876984127,1.71616550067745,1.4657631900956,2.97842775597371,77.3568687808749
14.2529761904762,1.71604045403083,1.46586453419475,2.97700350452593,77.358129273552
14.2530753968254,1.71591535783451,1.46596578874827,2.97557993452435,77.3593895607567
14.2531746031746,1.71579021222781,1.46606695376008,2.97415704563929,77.3606496425139
14.2532738095238,1.71566501735008,1.46616802923409,2.9727348375411,77.3619095188486
14.253373015873,1.71553977334073,1.46626901517415,2.97131330990043,77.3631691897854
14.2534722222222,1.7154144803392,1.46636991158405,2.96989246238791,77.3644286553492
14.2535714285714,1.71528913848497,1.46647071846758,2.96847229467448,77.3656879155647
14.2536706349206,1.71516374791757,1.46657143582846,2.96705280643104,77.3669469704566
14.2537698412698,1.71503830877656,1.46667206367035,2.96563399732882,77.3682058200494
14.253869047619,1.71491282120155,1.46677260199691,2.96421586703901,77.3694644643679
14.2539682539683,1.71478728533219,1.46687305081173,2.96279841523312,77.3707229034364
14.2540674603175,1.71466170130817,1.46697341011836,2.96138164158263,77.3719811372794
14.2541666666667,1.71453606926922,1.46707367992031,2.95996554575933,77.3732391659214
14.2542658730159,1.71441038935511,1.46717386022105,2.95855012743499,77.3744969893868
14.2543650793651,1.71428466170566,1.467273951024,2.95713538628168,77.3757546076998
14.2544642857143,1.71415888646072,1.46737395233254,2.95572132197145,77.3770120208848
14.2545634920635,1.71403306376019,1.46747386415001,2.95430793417662,77.3782692289659
14.2546626984127,1.71390719374401,1.46757368647971,2.95289522256965,77.3795262319673
14.2547619047619,1.71378127655215,1.4676734193249,2.95148318682302,77.3807830299132
14.2548611111111,1.71365531232465,1.46777306268877,2.95007182660951,77.3820396228276
14.2549603174603,1.71352930120156,1.4678726165745,2.94866114160188,77.3832960107345
14.2550595238095,1.71340324332299,1.46797208098521,2.94725113147321,77.384552193658
14.2551587301587,1.71327713882907,1.46807145592399,2.94584179589655,77.3858081716219
14.2552579365079,1.71315098786001,1.46817074139388,2.94443313454524,77.3870639446501
14.2553571428571,1.71302479055602,1.46826993739786,2.94302514709263,77.3883195127665
14.2554563492063,1.71289854705737,1.4683690439389,2.94161783321234,77.3895748759947
14.2555555555556,1.71277225750439,1.46846806101991,2.940211192578,77.3908300343587
14.2556547619048,1.71264592203741,1.46856698864375,2.93880522486353,77.3920849878819
14.255753968254,1.71251954079683,1.46866582681325,2.93739992974284,77.3933397365881
14.2558531746032,1.7123931139231,1.4687645755312,2.93599530689012,77.3945942805008
14.2559523809524,1.71226664155667,1.46886323480032,2.93459135597958,77.3958486196435
14.2560515873016,1.71214012383808,1.46896180462333,2.93318807668565,77.3971027540398
14.2561507936508,1.71201356090788,1.46906028500287,2.93178546868294,77.398356683713
14.25625,1.71188695290668,1.46915867594156,2.93038353164605,77.3996104086866
14.2563492063492,1.7117602999751,1.46925697744196,2.92898226524991,77.4008639289838
14.2564484126984,1.71163360225385,1.46935518950661,2.92758166916942,77.4021172446279
14.2565476190476,1.71150685988364,1.46945331213797,2.92618174307978,77.4033703556422
14.2566468253968,1.71138007300523,1.46955134533851,2.92478248665617,77.4046232620499
14.256746031746,1.71125324175944,1.4696492891106,2.92338389957408,77.405875963874
14.2568452380952,1.71112636628712,1.46974714345662,2.92198598150899,77.4071284611377
14.2569444444444,1.71099944672915,1.46984490837886,2.92058873213665,77.4083807538639
14.2570436507937,1.71087248322647,1.46994258387961,2.91919215113283,77.4096328420757
14.2571428571429,1.71074547592005,1.47004016996108,2.91779623817359,77.410884725796
14.2572420634921,1.7106184249509,1.47013766662546,2.91640099293495,77.4121364050477
14.2573412698413,1.71049133046008,1.4702350738749,2.91500641509327,77.4133878798536
14.2574404761905,1.71036419258869,1.47033239171148,2.91361250432487,77.4146391502365
14.2575396825397,1.71023701147787,1.47042962013728,2.91221926030633,77.4158902162191
14.2576388888889,1.71010978726879,1.47052675915429,2.91082668271438,77.4171410778241
14.2577380952381,1.70998252010269,1.47062380876449,2.90943477122577,77.4183917350741
14.2578373015873,1.70985521012081,1.47072076896981,2.90804352551755,77.4196421879917
14.2579365079365,1.70972785746447,1.47081763977213,2.90665294526676,77.4208924365996
14.2580357142857,1.70960046227501,1.4709144211733,2.90526303015073,77.42214248092
14.2581349206349,1.70947302469381,1.47101111317511,2.9038737798468,77.4233923209755
14.2582341269841,1.70934554486232,1.47110771577932,2.90248519403256,77.4246419567884
14.2583333333333,1.70921802292198,1.47120422898764,2.90109727238565,77.4258913883812
14.2584325396825,1.70909045901433,1.47130065280175,2.89971001458394,77.427140615776
14.2585317460317,1.70896285328091,1.47139698722327,2.89832342030535,77.4283896389952
14.258630952381,1.70883520586331,1.47149323225378,2.89693748922805,77.4296384580608
14.2587301587302,1.70870751690316,1.47158938789484,2.89555222103023,77.430887072995
14.2588293650794,1.70857978654216,1.47168545414794,2.89416761539035,77.43213548382
14.2589285714286,1.708452014922,1.47178143101454,2.89278367198689,77.4333836905577
14.2590277777778,1.70832420218446,1.47187731849605,2.89140039049854,77.4346316932302
14.259126984127,1.70819634847133,1.47197311659384,2.89001777060419,77.4358794918594
14.2592261904762,1.70806845392446,1.47206882530924,2.88863581198271,77.4371270864671
14.2593253968254,1.70794051868573,1.47216444464355,2.8872545143133,77.4383744770752
14.2594246031746,1.70781254289706,1.47225997459799,2.88587387727511,77.4396216637056
14.2595238095238,1.70768452670043,1.47235541517378,2.88449390054763,77.4408686463798
14.259623015873,1.70755647023783,1.47245076637206,2.88311458381032,77.4421154251197
14.2597222222222,1.70742837365133,1.47254602819396,2.88173592674291,77.4433619999468
14.2598214285714,1.707300237083,1.47264120064055,2.88035792902516,77.4446083708828
14.2599206349206,1.70717206067498,1.47273628371286,2.87898059033711,77.4458545379492
14.2600198412698,1.70704384456945,1.47283127741187,2.87760391035877,77.4471005011675
14.260119047619,1.70691558890861,1.47292618173852,2.87622788877049,77.448346260559
14.2602182539683,1.70678729383473,1.47302099669372,2.87485252525255,77.4495918161454
14.2603174603175,1.70665895949011,1.47311572227833,2.87347781948559,77.4508371679477
14.2604166666667,1.70653058601707,1.47321035849317,2.87210377115018,77.4520823159874
14.2605158730159,1.70640217355801,1.473304905339,2.87073037992718,77.4533272602858
14.2606150793651,1.70627372225534,1.47339936281655,2.8693576454976,77.4545720008638
14.2607142857143,1.70614523225152,1.47349373092652,2.86798556754245,77.4558165377429
14.2608134920635,1.70601670368907,1.47358800966955,2.86661414574304,77.4570608709439
14.2609126984127,1.70588813671052,1.47368219904624,2.86524337978071,77.458305000488
14.2610119047619,1.70575953145847,1.47377629905714,2.86387326933703,77.4595489263961
14.2611111111111,1.70563088807554,1.47387030970278,2.86250381409361,77.4607926486893
14.2612103174603,1.70550220670441,1.47396423098362,2.86113501373233,77.4620361673883
14.2613095238095,1.70537348748777,1.47405806290011,2.85976686793508,77.4632794825142
14.2614087301587,1.7052447305684,1.47415180545263,2.85839937638402,77.4645225940875
14.2615079365079,1.70511593608907,1.47424545864152,2.85703253876132,77.4657655021291
14.2616071428571,1.70498710419264,1.47433902246708,2.85566635474943,77.4670082066597
14.2617063492063,1.70485823502196,1.47443249692957,2.8543008240308,77.4682507077
14.2618055555556,1.70472932871997,1.47452588202922,2.85293594628818,77.4694930052704
14.2619047619048,1.70460038542962,1.4746191777662,2.85157172120429,77.4707350993916
14.262003968254,1.70447140529391,1.47471238414063,2.85020814846212,77.4719769900841
14.2621031746032,1.70434238845589,1.47480550115261,2.8488452277448,77.4732186773683
14.2622023809524,1.70421333505863,1.47489852880219,2.8474829587355,77.4744601612646
14.2623015873016,1.70408424524528,1.47499146708935,2.84612134111766,77.4757014417934
14.2624007936508,1.70395511915898,1.47508431601408,2.84476037457474,77.4769425189749
14.2625,1.70382595694295,1.47517707557627,2.84340005879045,77.4781833928295
14.2625992063492,1.70369675874043,1.47526974577582,2.84204039344855,77.4794240633772
14.2626984126984,1.70356752469473,1.47536232661254,2.84068137823304,77.4806645306383
14.2627976190476,1.70343825494917,1.47545481808624,2.83932301282793,77.4819047946329
14.2628968253968,1.70330894964713,1.47554722019665,2.83796529691755,77.483144855381
14.262996031746,1.70317960893201,1.47563953294349,2.83660823018618,77.4843847129026
14.2630952380952,1.70305023294729,1.4757317563264,2.83525181231842,77.4856243672176
14.2631944444444,1.70292082183644,1.47582389034502,2.83389604299884,77.486863818346
14.2632936507936,1.70279137574302,1.4759159349989,2.83254092191233,77.4881030663076
14.2633928571429,1.7026618948106,1.4760078902876,2.83118644874375,77.4893421111223
14.2634920634921,1.70253237918281,1.4760997562106,2.82983262317822,77.4905809528097
14.2635912698413,1.70240282900331,1.47619153276734,2.82847944490101,77.4918195913896
14.2636904761905,1.7022732444158,1.47628321995723,2.82712691359742,77.4930580268816
14.2637896825397,1.70214362556403,1.47637481777964,2.82577502895302,77.4942962593053
14.2638888888889,1.70201397259179,1.47646632623387,2.82442379065341,77.4955342886804
14.2639880952381,1.70188428564291,1.47655774531921,2.82307319838445,77.4967721150261
14.2640873015873,1.70175456486125,1.47664907503489,2.821723251832,77.4980097383622
14.2641865079365,1.70162481039073,1.47674031538011,2.82037395068222,77.4992471587079
14.2642857142857,1.7014950223753,1.476831466354,2.81902529462126,77.5004843760826
14.2643849206349,1.70136520095896,1.47692252795567,2.81767728333557,77.5017213905056
14.2644841269841,1.70123534628573,1.4770135001842,2.81632991651156,77.5029582019962
14.2645833333333,1.70110545849971,1.47710438303858,2.81498319383598,77.5041948105735
14.2646825396825,1.700975537745,1.47719517651782,2.81363711499554,77.5054312162568
14.2647817460317,1.70084558416577,1.47728588062083,2.81229167967724,77.506667419065
14.264880952381,1.70071559790622,1.47737649534651,2.81094688756809,77.5079034190174
14.2649801587302,1.70058557911059,1.4774670206937,2.80960273835535,77.5091392161329
14.2650793650794,1.70045552792316,1.47755745666122,2.80825923172642,77.5103748104305
14.2651785714286,1.70032544448827,1.47764780324782,2.80691636736872,77.511610201929
14.2652777777778,1.70019532895027,1.47773806045223,2.80557414496998,77.5128453906473
14.265376984127,1.70006518145358,1.47782822827313,2.80423256421792,77.5140803766043
14.2654761904762,1.69993500214265,1.47791830670914,2.80289162480053,77.5153151598186
14.2655753968254,1.69980479116196,1.47800829575887,2.80155132640582,77.516549740309
14.2656746031746,1.69967454865605,1.47809819542085,2.80021166872208,77.5177841180942
14.2657738095238,1.69954427476949,1.4781880056936,2.79887265143759,77.5190182931928
14.265873015873,1.69941396964691,1.47827772657558,2.79753427424093,77.5202522656233
14.2659722222222,1.69928363343294,1.47836735806522,2.79619653682066,77.5214860354043
14.2660714285714,1.6991532662723,1.47845690016088,2.79485943886565,77.5227196025541
14.2661706349206,1.69902286830972,1.4785463528609,2.79352298006475,77.5239529670913
14.2662698412698,1.69889243968999,1.47863571616359,2.7921871601071,77.5251861290342
14.266369047619,1.69876198055791,1.47872499006718,2.79085197868184,77.526419088401
14.2664682539683,1.69863149105837,1.47881417456989,2.78951743547837,77.5276518452101
14.2665674603175,1.69850097133626,1.47890326966987,2.78818353018621,77.5288843994797
14.2666666666667,1.69837042153653,1.47899227536526,2.78685026249493,77.5301167512279
14.2667658730159,1.69823984180417,1.47908119165413,2.7855176320944,77.5313489004728
14.2668650793651,1.69810923228421,1.47917001853451,2.78418563867445,77.5325808472325
14.2669642857143,1.69797859312171,1.4792587560044,2.78285428192523,77.5338125915251
14.2670634920635,1.69784792446179,1.47934740406175,2.78152356153687,77.5350441333684
14.2671626984127,1.69771722644961,1.47943596270447,2.78019347719979,77.5362754727805
14.2672619047619,1.69758649923035,1.47952443193042,2.77886402860443,77.5375066097791
14.2673611111111,1.69745574294925,1.47961281173742,2.77753521544148,77.5387375443821
14.2674603174603,1.69732495775159,1.47970110212326,2.77620703740165,77.5399682766072
14.2675595238095,1.6971941437827,1.47978930308567,2.77487949417593,77.5411988064722
14.2676587301587,1.69706330118792,1.47987741462235,2.77355258545532,77.5424291339948
14.2677579365079,1.69693243011267,1.47996543673094,2.77222631093109,77.5436592591925
14.2678571428571,1.69680153070237,1.48005336940905,2.77090067029451,77.5448891820829
14.2679563492064,1.69667060310253,1.48014121265426,2.76957566323711,77.5461189026835
14.2680555555556,1.69653964745866,1.48022896646408,2.76825128945057,77.5473484210119
14.2681547619048,1.69640866391633,1.480316630836,2.76692754862657,77.5485777370854
14.268253968254,1.69627765262115,1.48040420576744,2.76560444045711,77.5498068509213
14.2683531746032,1.69614661371877,1.48049169125582,2.76428196463418,77.5510357625371
14.2684523809524,1.69601554735488,1.48057908729846,2.76296012085004,77.5522644719499
14.2685515873016,1.69588445367521,1.4806663938927,2.76163890879698,77.5534929791771
14.2686507936508,1.69575333282555,1.48075361103579,2.76031832816755,77.5547212842357
14.26875,1.69562218495169,1.48084073872496,2.75899837865429,77.5559493871429
14.2688492063492,1.69549101019951,1.48092777695738,2.75767905995007,77.5571772879157
14.2689484126984,1.69535980871489,1.4810147257302,2.75636037174771,77.5584049865713
14.2690476190476,1.69522858064378,1.48110158504051,2.75504231374034,77.5596324831264
14.2691468253968,1.69509732613216,1.48118835488537,2.7537248856211,77.5608597775982
14.269246031746,1.69496604532605,1.48127503526177,2.75240808708338,77.5620868700034
14.2693452380952,1.69483473837152,1.4813616261667,2.75109191782061,77.5633137603589
14.2694444444444,1.69470340541466,1.48144812759708,2.74977637752643,77.5645404486815
14.2695436507937,1.69457204660164,1.48153453954978,2.74846146589466,77.5657669349877
14.2696428571429,1.69444066207862,1.48162086202164,2.74714718261913,77.5669932192945
14.2697420634921,1.69430925199186,1.48170709500947,2.74583352739396,77.5682193016183
14.2698412698413,1.6941778164876,1.48179323851001,2.74452049991328,77.5694451819757
14.2699404761905,1.69404635571218,1.48187929251997,2.74320809987149,77.5706708603833
14.2700396825397,1.69391486981193,1.48196525703603,2.741896326963,77.5718963368575
14.2701388888889,1.69378335893326,1.48205113205481,2.7405851808825,77.5731216114148
14.2702380952381,1.6936518232226,1.48213691757288,2.73927466132468,77.5743466840716
14.2703373015873,1.69352026282643,1.4822226135868,2.73796476798453,77.5755715548441
14.2704365079365,1.69338867789127,1.48230822009305,2.73665550055701,77.5767962237486
14.2705357142857,1.69325706856367,1.48239373708809,2.73534685873738,77.5780206908014
14.2706349206349,1.69312543499025,1.48247916456833,2.73403884222091,77.5792449560187
14.2707341269841,1.69299377731764,1.48256450253014,2.73273145070315,77.5804690194165
14.2708333333333,1.69286209569253,1.48264975096985,2.73142468387963,77.581692881011
14.2709325396825,1.69273039026164,1.48273490988373,2.73011854144615,77.5829165408181
14.2710317460317,1.69259866117174,1.48281997926803,2.72881302309866,77.5841399988539
14.271130952381,1.69246690856965,1.48290495911895,2.72750812853312,77.5853632551343
14.2712301587302,1.6923351326022,1.48298984943263,2.72620385744579,77.5865863096751
14.2713293650794,1.6922033334163,1.4830746502052,2.72490020953292,77.5878091624923
14.2714285714286,1.69207151115887,1.48315936143271,2.72359718449106,77.5890318136015
14.2715277777778,1.69193966597689,1.48324398311121,2.72229478201676,77.5902542630185
14.271626984127,1.69180779801738,1.48332851523666,2.72099300180683,77.591476510759
14.2717261904762,1.69167590742739,1.48341295780502,2.7196918435581,77.5926985568386
14.2718253968254,1.69154399435402,1.48349731081217,2.71839130696769,77.5939204012729
14.2719246031746,1.6914120589444,1.48358157425398,2.71709139173271,77.5951420440774
14.2720238095238,1.69128010134574,1.48366574812625,2.71579209755054,77.5963634852677
14.272123015873,1.69114812170523,1.48374983242477,2.71449342411859,77.5975847248591
14.2722222222222,1.69101612017015,1.48383382714524,2.71319537113455,77.5988057628669
14.2723214285714,1.69088409688781,1.48391773228336,2.71189793829607,77.6000265993067
14.2724206349206,1.69075205200554,1.48400154783477,2.71060112530111,77.6012472341936
14.2725198412698,1.69061998567075,1.48408527379507,2.70930493184772,77.6024676675429
14.272619047619,1.69048789803085,1.48416891015981,2.70800935763403,77.6036878993697
14.2727182539683,1.69035578923333,1.48425245692451,2.70671440235841,77.6049079296892
14.2728174603175,1.69022365942568,1.48433591408464,2.70542006571926,77.6061277585165
14.2729166666667,1.69009150875547,1.48441928163562,2.70412634741525,77.6073473858666
14.2730158730159,1.68995933737029,1.48450255957284,2.70283324714508,77.6085668117545
14.2731150793651,1.68982714541778,1.48458574789164,2.70154076460768,77.6097860361951
14.2732142857143,1.68969493304561,1.48466884658732,2.70024889950203,77.6110050592033
14.2733134920635,1.68956270040151,1.48475185565514,2.69895765152738,77.612223880794
14.2734126984127,1.68943044763323,1.48483477509031,2.69766702038296,77.6134425009819
14.2735119047619,1.68929817488858,1.484917604888,2.69637700576831,77.6146609197818
14.2736111111111,1.68916588231539,1.48500034504334,2.69508760738297,77.6158791372084
14.2737103174603,1.68903357006157,1.48508299555142,2.69379882492673,77.6170971532762
14.2738095238095,1.68890123827502,1.48516555640727,2.69251065809943,77.618314968
14.2739087301587,1.68876888710372,1.48524802760591,2.69122310660111,77.6195325813942
14.2740079365079,1.68863651669568,1.48533040914228,2.68993617013201,77.6207499934732
14.2741071428571,1.68850412719895,1.4854127010113,2.68864984839234,77.6219672042517
14.2742063492063,1.68837171876162,1.48549490320784,2.68736414108264,77.6231842137438
14.2743055555556,1.68823929153182,1.48557701572674,2.68607904790344,77.6244010219641
14.2744047619048,1.68810684565773,1.48565903856277,2.68479456855554,77.6256176289267
14.274503968254,1.68797438128756,1.48574097171068,2.68351070273977,77.626834034646
14.2746031746032,1.68784189856958,1.48582281516517,2.68222745015721,77.628050239136
14.2747023809524,1.68770939765207,1.4859045689209,2.68094481050896,77.629266242411
14.2748015873016,1.68757687868339,1.48598623297249,2.67966278349641,77.630482044485
14.2749007936508,1.6874443418119,1.4860678073145,2.67838136882092,77.6316976453721
14.275,1.68731178718604,1.48614929194146,2.67710056618418,77.6329130450863
14.2750992063492,1.68717921495427,1.48623068684788,2.67582037528784,77.6341282436415
14.2751984126984,1.68704662526509,1.48631199202817,2.67454079583385,77.6353432410515
14.2752976190476,1.68691401826706,1.48639320747676,2.67326182752417,77.6365580373304
14.2753968253968,1.68678139410875,1.48647433318799,2.67198347006098,77.6377726324918
14.275496031746,1.6866487529388,1.48655536915618,2.67070572314665,77.6389870265494
14.2755952380952,1.68651609490588,1.48663631537561,2.66942858648353,77.640201219517
14.2756944444444,1.68638342015871,1.48671717184051,2.6681520597743,77.6414152114083
14.2757936507937,1.68625072884603,1.48679793854506,2.66687614272161,77.6426290022367
14.2758928571429,1.68611802111665,1.4868786154834,2.66560083502841,77.643842592016
14.2759920634921,1.68598529711939,1.48695920264965,2.66432613639765,77.6450559807595
14.2760912698413,1.68585255700314,1.48703970003785,2.66305204653256,77.6462691684806
14.2761904761905,1.68571980091682,1.48712010764203,2.66177856513636,77.6474821551929
14.2762896825397,1.68558702900939,1.48720042545616,2.66050569191258,77.6486949409096
14.2763888888889,1.68545424142984,1.48728065347417,2.65923342656473,77.6499075256441
14.2764880952381,1.68532143832723,1.48736079168995,2.65796176879661,77.6511199094096
14.2765873015873,1.68518861985064,1.48744084009734,2.65669071831202,77.6523320922192
14.2766865079365,1.6850557861492,1.48752079869015,2.65542027481504,77.6535440740862
14.2767857142857,1.68492293737206,1.48760066746213,2.65415043800976,77.6547558550236
14.2768849206349,1.68479007366845,1.48768044640701,2.65288120760052,77.6559674350445
14.2769841269841,1.68465719518761,1.48776013551846,2.65161258329179,77.6571788141619
14.2770833333333,1.68452430207884,1.4878397347901,2.65034456478808,77.6583899923887
14.2771825396825,1.68439139449147,1.48791924421553,2.64907715179419,77.6596009697378
14.2772817460317,1.68425847257486,1.4879986637883,2.64781034401491,77.6608117462221
14.277380952381,1.68412553647845,1.4880779935019,2.64654414115532,77.6620223218544
14.2774801587302,1.68399258635169,1.4881572333498,2.64527854292052,77.6632326966474
14.2775793650794,1.68385962234407,1.48823638332542,2.64401354901586,77.6644428706138
14.2776785714286,1.68372664460513,1.48831544342213,2.6427491591467,77.6656528437663
14.2777777777778,1.68359365328447,1.48839441363325,2.6414853730187,77.6668626161175
14.277876984127,1.68346064853169,1.4884732939521,2.64022219033751,77.6680721876799
14.2779761904762,1.68332763049648,1.4885520843719,2.63895961080907,77.6692815584661
14.2780753968254,1.68319459932852,1.48863078488586,2.6376976341393,77.6704907284884
14.2781746031746,1.68306155517757,1.48870939548715,2.63643626003444,77.6716996977594
14.2782738095238,1.68292849819342,1.48878791616888,2.63517548820069,77.6729084662912
14.278373015873,1.68279542852589,1.48886634692413,2.63391531834453,77.6741170340964
14.2784722222222,1.68266234632487,1.48894468774593,2.63265575017256,77.675325401187
14.2785714285714,1.68252925174025,1.48902293862727,2.63139678339144,77.6765335675754
14.2786706349206,1.68239614492201,1.4891010995611,2.6301384177081,77.6777415332735
14.2787698412698,1.68226302602012,1.48917917054032,2.62888065282946,77.6789492982937
14.278869047619,1.68212989518463,1.4892571515578,2.62762348846275,77.6801568626479
14.2789682539683,1.68199675256562,1.48933504260635,2.62636692431517,77.6813642263481
14.2790674603175,1.6818635983132,1.48941284367875,2.62511096009424,77.6825713894062
14.2791666666667,1.68173043257755,1.48949055476774,2.62385559550744,77.6837783518343
14.2792658730159,1.68159725550885,1.489568175866,2.62260083026257,77.6849851136441
14.2793650793651,1.68146406725736,1.48964570696619,2.62134666406741,77.6861916748475
14.2794642857143,1.68133086797335,1.4897231480609,2.62009309663002,77.6873980354562
14.2795634920635,1.68119765780716,1.4898004991427,2.61884012765849,77.6886041954819
14.2796626984127,1.68106443690916,1.48987776020412,2.61758775686117,77.6898101549362
14.2797619047619,1.68093120542975,1.48995493123762,2.6163359839464,77.6910159138309
14.2798611111111,1.68079796351938,1.49003201223564,2.61508480862279,77.6922214721774
14.2799603174603,1.68066471132856,1.49010900319058,2.61383423059909,77.6934268299872
14.2800595238095,1.6805314490078,1.49018590409478,2.61258424958408,77.6946319872719
14.2801587301587,1.68039817670769,1.49026271494054,2.61133486528683,77.6958369440427
14.2802579365079,1.68026489457883,1.49033943572014,2.61008607741639,77.6970417003112
14.2803571428571,1.68013160277191,1.49041606642578,2.60883788568213,77.6982462560885
14.2804563492064,1.67999830021864,1.49049260757848,2.60759028956874,77.6994506119277
14.2805555555556,1.67986498294814,1.49056906095447,2.60634328804781,77.7006547696671
14.2806547619048,1.67973165064717,1.49064542673864,2.60509688078959,77.7018587295135
14.280753968254,1.67959830332372,1.49072170497637,2.60385106752465,77.7030624915305
14.2808531746032,1.67946494098577,1.49079789571299,2.60260584798352,77.7042660557822
14.2809523809524,1.67933156364139,1.4908739989938,2.60136122189691,77.7054694223322
14.2810515873016,1.67919817129869,1.49095001486407,2.60011718899553,77.7066725912442
14.2811507936508,1.67906476396585,1.49102594336901,2.59887374901028,77.7078755625819
14.28125,1.67893134165106,1.49110178455382,2.59763090167203,77.7090783364089
14.2813492063492,1.67879790436261,1.49117753846365,2.59638864671183,77.7102809127888
14.2814484126984,1.67866445210883,1.49125320514361,2.59514698386082,77.7114832917851
14.2815476190476,1.67853098489807,1.49132878463878,2.59390591285012,77.7126854734614
14.2816468253968,1.67839750273879,1.4914042769942,2.59266543341107,77.7138874578811
14.281746031746,1.67826400563944,1.49147968225487,2.59142554527497,77.7150892451076
14.2818452380952,1.67813049360859,1.49155500046576,2.59018624817335,77.7162908352043
14.2819444444444,1.67799696665479,1.4916302316718,2.58894754183767,77.7174922282346
14.2820436507936,1.67786342478671,1.49170537591788,2.58770942599962,77.7186934242616
14.2821428571429,1.67772986801302,1.49178043324885,2.58647190039085,77.7198944233488
14.2822420634921,1.67759629634249,1.49185540370953,2.58523496474323,77.7210952255593
14.2823412698413,1.67746270978389,1.4919302873447,2.58399861878857,77.7222958309562
14.2824404761905,1.67732910834609,1.49200508419911,2.58276286225891,77.7234962396027
14.2825396825397,1.67719549203799,1.49207979431746,2.58152769488625,77.7246964515619
14.2826388888889,1.67706186086855,1.49215441774443,2.5802931164028,77.7258964668968
14.2827380952381,1.67692821484676,1.49222895452464,2.57905912654071,77.7270962856705
14.2828373015873,1.6767945539817,1.49230340470269,2.57782572503236,77.7282959079459
14.2829365079365,1.67666087828248,1.49237776832314,2.57659291161017,77.7294953337858
14.2830357142857,1.67652718775826,1.49245204543051,2.57536068600657,77.7306945632533
14.2831349206349,1.67639348241828,1.49252623606928,2.57412904795421,77.731893596411
14.2832341269841,1.67625976227179,1.4926003402839,2.57289799718569,77.733092433322
14.2833333333333,1.67612602732813,1.49267435811879,2.57166753343383,77.7342910740488
14.2834325396825,1.67599227759666,1.49274828961832,2.5704376564314,77.7354895186541
14.2835317460317,1.67585851308683,1.49282213482681,2.56920836591139,77.7366877672008
14.283630952381,1.67572473380812,1.49289589378858,2.56797966160676,77.7378858197514
14.2837301587302,1.67559093977006,1.49296956654787,2.56675154325067,77.7390836763684
14.2838293650794,1.67545713098224,1.49304315314893,2.56552401057624,77.7402813371145
14.2839285714286,1.67532330745431,1.49311665363593,2.56429706331681,77.7414788020521
14.2840277777778,1.67518946919595,1.49319006805303,2.56307070120568,77.7426760712437
14.284126984127,1.67505561621691,1.49326339644434,2.56184492397636,77.7438731447518
14.2842261904762,1.674921748527,1.49333663885394,2.56061973136232,77.7450700226387
14.2843253968254,1.67478786613607,1.49340979532587,2.55939512309721,77.7462667049667
14.2844246031746,1.67465396905402,1.49348286590412,2.55817109891478,77.7474631917982
14.2845238095238,1.67452005729081,1.49355585063267,2.55694765854875,77.7486594831954
14.284623015873,1.67438613085646,1.49362874955545,2.55572480173308,77.7498555792205
14.2847222222222,1.67425218976101,1.49370156271634,2.55450252820166,77.7510514799357
14.2848214285714,1.67411823401461,1.49377429015921,2.55328083768861,77.7522471854031
14.2849206349206,1.67398426362739,1.49384693192786,2.55205972992802,77.7534426956849
14.2850198412698,1.6738502786096,1.49391948806608,2.55083920465418,77.754638010843
14.285119047619,1.67371627897151,1.49399195861761,2.54961926160134,77.7558331309396
14.2852182539683,1.67358226472344,1.49406434362617,2.54839990050396,77.7570280560364
14.2853174603175,1.67344823587577,1.49413664313541,2.54718112109647,77.7582227861956
14.2854166666667,1.67331419243894,1.49420885718897,2.54596292311352,77.7594173214789
14.2855158730159,1.67318013442343,1.49428098583045,2.54474530628969,77.7606116619482
14.2856150793651,1.67304606183978,1.4943530291034,2.54352827035982,77.7618058076653
14.2857142857143,1.67291197469858,1.49442498705135,2.54231181505865,77.762999758692
14.2858134920635,1.67277787301047,1.49449685971778,2.54109594012116,77.76419351509
14.2859126984127,1.67264375678615,1.49456864714614,2.53988064528239,77.7653870769209
14.2860119047619,1.67250962603637,1.49464034937983,2.53866593027737,77.7665804442464
14.2861111111111,1.67237548077193,1.49471196646223,2.53745179484134,77.7677736171281
14.2862103174603,1.67224132100368,1.49478349843668,2.53623823870951,77.7689665956275
14.2863095238095,1.67210714674254,1.49485494534647,2.53502526161731,77.7701593798062
14.2864087301587,1.67197295799945,1.49492630723487,2.53381286330012,77.7713519697256
14.2865079365079,1.67183875478544,1.4949975841451,2.53260104349352,77.7725443654471
14.2866071428571,1.67170453711157,1.49506877612035,2.53138980193308,77.7737365670322
14.2867063492063,1.67157030498896,1.49513988320377,2.53017913835457,77.7749285745422
14.2868055555556,1.67143605842878,1.49521090543848,2.5289690524937,77.7761203880383
14.2869047619048,1.67130179744225,1.49528184286754,2.52775954408643,77.7773120075819
14.287003968254,1.67116752204064,1.49535269553401,2.52655061286865,77.7785034332342
14.2871031746032,1.6710332322353,1.49542346348087,2.52534225857648,77.7796946650563
14.2872023809524,1.67089892803758,1.49549414675111,2.524134480946,77.7808857031094
14.2873015873016,1.67076460945895,1.49556474538764,2.52292727971346,77.7820765474546
14.2874007936508,1.67063027651087,1.49563525943336,2.52172065461521,77.7832671981528
14.2875,1.6704959292049,1.49570568893113,2.52051460538758,77.7844576552653
14.2875992063492,1.67036156755261,1.49577603392375,2.51930913176712,77.7856479188528
14.2876984126984,1.67022719156567,1.49584629445401,2.51810423349035,77.7868379889764
14.2877976190476,1.67009280125576,1.49591647056466,2.51689991029398,77.7880278656969
14.2878968253968,1.66995839663463,1.4959865622984,2.5156961619147,77.7892175490753
14.287996031746,1.6698239777141,1.49605656969789,2.5144929880894,77.7904070391722
14.2880952380952,1.66968954450601,1.49612649280578,2.51329038855494,77.7915963360485
14.2881944444444,1.66955509702228,1.49619633166465,2.5120883630484,77.7927854397648
14.2882936507937,1.66942063527487,1.49626608631707,2.5108869113068,77.7939743503819
14.2883928571429,1.66928615927579,1.49633575680555,2.50968603306738,77.7951630679604
14.2884920634921,1.6691516690371,1.49640534317258,2.50848572806735,77.7963515925609
14.2885912698413,1.66901716457094,1.49647484546061,2.50728599604413,77.7975399242439
14.2886904761905,1.66888264588946,1.49654426371204,2.50608683673509,77.7987280630701
14.2887896825397,1.6687481130049,1.49661359796925,2.5048882498778,77.7999160090997
14.2888888888889,1.66861356592954,1.49668284827458,2.5036902352099,77.8011037623933
14.2889880952381,1.6684790046757,1.49675201467032,2.50249279246902,77.8022913230114
14.2890873015873,1.66834442925577,1.49682109719873,2.50129592139303,77.803478691014
14.2891865079365,1.66820983968218,1.49689009590204,2.50009962171972,77.8046658664618
14.2892857142857,1.66807523596743,1.49695901082244,2.49890389318714,77.8058528494148
14.2893849206349,1.66794061812406,1.49702784200208,2.49770873553325,77.8070396399334
14.2894841269841,1.66780598616465,1.49709658948307,2.49651414849626,77.8082262380776
14.2895833333333,1.66767134010186,1.49716525330749,2.49532013181433,77.8094126439077
14.2896825396825,1.66753667994839,1.49723383351737,2.49412668522584,77.8105988574837
14.2897817460317,1.66740200571699,1.49730233015472,2.4929338084691,77.8117848788658
14.289880952381,1.66726731742046,1.49737074326151,2.49174150128268,77.8129707081138
14.2899801587302,1.66713261507166,1.49743907287966,2.49054976340507,77.8141563452878
14.2900793650794,1.66699789868351,1.49750731905106,2.48935859457499,77.8153417904478
14.2901785714286,1.66686316826897,1.49757548181758,2.48816799453113,77.8165270436536
14.2902777777778,1.66672842384105,1.49764356122102,2.48697796301234,77.8177121049651
14.290376984127,1.66659366541282,1.49771155730316,2.48578849975758,77.818896974442
14.2904761904762,1.6664588929974,1.49777947010575,2.48459960450578,77.8200816521442
14.2905753968254,1.66632410660798,1.4978472996705,2.4834112769961,77.8212661381314
14.2906746031746,1.66618930625777,1.49791504603907,2.48222351696765,77.8224504324633
14.2907738095238,1.66605449196005,1.4979827092531,2.48103632415976,77.8236345351994
14.290873015873,1.66591966372816,1.49805028935417,2.47984969831172,77.8248184463995
14.2909722222222,1.66578482157549,1.49811778638386,2.47866363916302,77.8260021661231
14.2910714285714,1.66564996551547,1.49818520038367,2.47747814645312,77.8271856944297
14.2911706349206,1.66551509556159,1.4982525313951,2.47629321992171,77.8283690313787
14.2912698412698,1.66538021172739,1.49831977945958,2.47510885930842,77.8295521770297
14.291369047619,1.66524531402648,1.49838694461854,2.47392506435309,77.8307351314419
14.2914682539683,1.6651104024725,1.49845402691334,2.47274183479552,77.8319178946748
14.2915674603175,1.66497547707915,1.49852102638531,2.47155917037576,77.8331004667877
14.2916666666667,1.66484053786019,1.49858794307576,2.47037707083377,77.8342828478399
14.2917658730159,1.66470558482942,1.49865477702595,2.46919553590971,77.8354650378905
14.2918650793651,1.6645706180007,1.4987215282771,2.46801456534385,77.8366470369988
14.2919642857143,1.66443563738795,1.49878819687039,2.46683415887641,77.8378288452239
14.2920634920635,1.66430064300514,1.49885478284699,2.46565431624786,77.8390104626249
14.2921626984127,1.66416563486627,1.498921286248,2.46447503719862,77.8401918892609
14.2922619047619,1.66403061298543,1.4989877071145,2.4632963214693,77.8413731251908
14.2923611111111,1.66389557737673,1.49905404548753,2.46211816880051,77.8425541704738
14.2924603174603,1.66376052805435,1.49912030140808,2.46094057893304,77.8437350251687
14.2925595238095,1.66362546503251,1.49918647491714,2.45976355160765,77.8449156893344
14.2926587301587,1.66349038832552,1.49925256605561,2.45858708656533,77.8460961630298
14.2927579365079,1.66335529794768,1.4993185748644,2.45741118354701,77.8472764463137
14.2928571428571,1.6632201939134,1.49938450138436,2.45623584229383,77.8484565392449
14.2929563492063,1.66308507623711,1.4994503456563,2.45506106254692,77.849636441882
14.2930555555556,1.66294994493331,1.49951610772101,2.45388684404759,77.8508161542839
14.2931547619048,1.66281480001653,1.49958178761923,2.45271318653712,77.851995676509
14.293253968254,1.66267964150138,1.49964738539166,2.45154008975699,77.8531750086162
14.2933531746032,1.66254446940252,1.49971290107897,2.45036755344874,77.8543541506638
14.2934523809524,1.66240928373463,1.4997783347218,2.44919557735392,77.8555331027105
14.2935515873016,1.66227408451249,1.49984368636074,2.44802416121428,77.8567118648147
14.2936507936508,1.66213887175089,1.49990895603634,2.44685330477155,77.8578904370348
14.29375,1.66200364546471,1.49997414378913,2.44568300776766,77.8590688194293
14.2938492063492,1.66186840566884,1.5000392496596,2.44451326994449,77.8602470120566
14.2939484126984,1.66173315237827,1.50010427368817,2.44334409104415,77.8614250149748
14.2940476190476,1.66159788560801,1.50016921591528,2.44217547080871,77.8626028282424
14.2941468253968,1.66146260537313,1.50023407638128,2.44100740898044,77.8637804519175
14.294246031746,1.66132731168876,1.50029885512652,2.43983990530159,77.8649578860584
14.2943452380952,1.66119200457008,1.50036355219129,2.4386729595146,77.8661351307231
14.2944444444444,1.66105668403232,1.50042816761586,2.4375065713619,77.8673121859699
14.2945436507936,1.66092135009076,1.50049270144044,2.43634074058609,77.8684890518567
14.2946428571429,1.66078600276073,1.50055715370523,2.43517546692977,77.8696657284417
14.2947420634921,1.66065064205763,1.50062152445037,2.43401075013571,77.8708422157827
14.2948412698413,1.6605152679969,1.50068581371599,2.43284658994676,77.8720185139377
14.2949404761905,1.66037988059404,1.50075002154214,2.43168298610577,77.8731946229647
14.2950396825397,1.66024447986458,1.50081414796888,2.4305199383558,77.8743705429214
14.2951388888889,1.66010906582413,1.50087819303621,2.42935744643986,77.8755462738658
14.2952380952381,1.65997363848835,1.50094215678409,2.42819551010119,77.8767218158555
14.2953373015873,1.65983819787293,1.50100603925244,2.42703412908299,77.8778971689484
14.2954365079365,1.65970274399364,1.50106984048116,2.42587330312865,77.8790723332021
14.2955357142857,1.65956727686628,1.50113356051011,2.42471303198155,77.8802473086742
14.2956349206349,1.65943179650673,1.50119719937909,2.42355331538528,77.8814220954225
14.2957341269841,1.65929630293088,1.5012607571279,2.42239415308336,77.8825966935044
14.2958333333333,1.65916079615473,1.50132423379627,2.42123554481955,77.8837711029775
14.2959325396825,1.65902527619428,1.5013876294239,2.42007749033757,77.8849453238992
14.2960317460317,1.65888974306562,1.50145094405047,2.41891998938134,77.8861193563271
14.296130952381,1.65875419678486,1.50151417771561,2.41776304169476,77.8872932003185
14.2962301587302,1.65861863736819,1.50157733045891,2.41660664702189,77.8884668559308
14.2963293650794,1.65848306483184,1.50164040231992,2.41545080510689,77.8896403232213
14.2964285714286,1.65834747919209,1.50170339333818,2.4142955156939,77.8908136022473
14.2965277777778,1.6582118804653,1.50176630355316,2.4131407785273,77.891986693066
14.296626984127,1.65807626866783,1.50182913300431,2.41198659335139,77.8931595957346
14.2967261904762,1.65794064381615,1.50189188173104,2.41083295991072,77.8943323103103
14.2968253968254,1.65780500592673,1.50195454977272,2.40967987794979,77.8955048368503
14.2969246031746,1.65766935501615,1.50201713716869,2.40852734721329,77.8966771754115
14.2970238095238,1.65753369110099,1.50207964395823,2.4073753674459,77.897849326051
14.297123015873,1.65739801419791,1.50214207018063,2.40622393839251,77.8990212888257
14.2972222222222,1.65726232432361,1.50220441587509,2.40507305979795,77.9001930637928
14.2973214285714,1.65712662149487,1.50226668108081,2.40392273140728,77.9013646510089
14.2974206349206,1.65699090572848,1.50232886583693,2.40277295296551,77.9025360505311
14.2975198412698,1.65685517704131,1.50239097018257,2.40162372421789,77.9037072624161
14.297619047619,1.65671943545029,1.50245299415681,2.40047504490959,77.9048782867207
14.2977182539683,1.65658368097238,1.50251493779868,2.39932691478599,77.9060491235017
14.2978174603175,1.65644791362461,1.50257680114719,2.39817933359255,77.9072197728158
14.2979166666667,1.65631213342406,1.50263858424129,2.39703230107471,77.9083902347196
14.2980158730159,1.65617634038784,1.50270028711992,2.39588581697815,77.9095605092697
14.2981150793651,1.65604053453315,1.50276190982197,2.39473988104848,77.9107305965227
14.2982142857143,1.65590471587722,1.5028234523863,2.39359449303155,77.9119004965351
14.2983134920635,1.65576888443733,1.5028849148517,2.39244965267314,77.9130702093635
14.2984126984127,1.65563304023084,1.50294629725698,2.39130535971928,77.9142397350643
14.2985119047619,1.65549718327511,1.50300759964087,2.39016161391593,77.9154090736939
14.2986111111111,1.65536131358762,1.50306882204207,2.38901841500927,77.9165782253086
14.2987103174603,1.65522543118584,1.50312996449925,2.38787576274546,77.9177471899649
14.2988095238095,1.65508953608733,1.50319102705105,2.38673365687085,77.9189159677189
14.2989087301587,1.6549536283097,1.50325200973606,2.38559209713176,77.9200845586269
14.2990079365079,1.65481770787061,1.50331291259284,2.38445108327472,77.9212529627451
14.2991071428571,1.65468177478775,1.5033737356599,2.38331061504622,77.9224211801298
14.2992063492064,1.65454582907889,1.50343447897573,2.38217069219293,77.9235892108369
14.2993055555556,1.65440987076186,1.50349514257878,2.38103131446162,77.9247570549226
14.2994047619048,1.6542738998545,1.50355572650745,2.37989248159905,77.925924712443
14.299503968254,1.65413791637476,1.50361623080011,2.37875419335216,77.9270921834539
14.2996031746032,1.65400192034058,1.50367665549511,2.3776164494679,77.9282594680114
14.2997023809524,1.65386591177002,1.50373700063074,2.3764792496934,77.9294265661714
14.2998015873016,1.65372989068113,1.50379726624526,2.37534259377576,77.9305934779897
14.2999007936508,1.65359385709205,1.50385745237689,2.37420648146229,77.9317602035222
14.3,1.65345781102096,1.50391755906382,2.37307091250027,77.9329267428247
14.3000992063492,1.65332175248611,1.50397758634421,2.37193588663718,77.9340930959528
14.3001984126984,1.65318568150578,1.50403753425615,2.37080140362047,77.9352592629624
14.3002976190476,1.65304959809831,1.50409740283774,2.36966746319781,77.936425243909
14.3003968253968,1.65291350228209,1.504157192127,2.3685340651168,77.9375910388484
14.300496031746,1.65277739407558,1.50421690216194,2.36740120912529,77.938756647836
14.3005952380952,1.65264127349727,1.50427653298052,2.36626889497106,77.9399220709274
14.3006944444444,1.65250514056571,1.50433608462068,2.36513712240211,77.9410873081782
14.3007936507937,1.65236899529952,1.50439555712029,2.36400589116647,77.9422523596437
14.3008928571429,1.65223283771734,1.50445495051722,2.36287520101222,77.9434172253794
14.3009920634921,1.6520966678379,1.50451426484928,2.36174505168762,77.9445819054406
14.3010912698413,1.65196048567994,1.50457350015425,2.3606154429409,77.9457463998828
14.3011904761905,1.6518242912623,1.50463265646987,2.3594863745205,77.946910708761
14.3012896825397,1.65168808460383,1.50469173383385,2.35835784617481,77.9480748321308
14.3013888888889,1.65155186572347,1.50475073228386,2.35722985765247,77.9492387700471
14.3014880952381,1.65141563464018,1.50480965185752,2.35610240870203,77.9504025225653
14.3015873015873,1.65127939137299,1.50486849259243,2.35497549907229,77.9515660897403
14.3016865079365,1.65114313594098,1.50492725452615,2.35384912851201,77.9527294716274
14.3017857142857,1.65100686836329,1.5049859376962,2.35272329677013,77.9538926682815
14.3018849206349,1.65087058865909,1.50504454214005,2.35159800359559,77.9550556797576
14.3019841269841,1.65073429684764,1.50510306789517,2.35047324873752,77.9562185061107
14.3020833333333,1.65059799294821,1.50516151499894,2.34934903194502,77.9573811473958
14.3021825396825,1.65046167698015,1.50521988348876,2.34822535296736,77.9585436036676
14.3022817460317,1.65032534896287,1.50527817340194,2.3471022115539,77.9597058749811
14.302380952381,1.65018900891579,1.5053363847758,2.34597960745401,77.9608679613909
14.3024801587302,1.65005265685844,1.50539451764758,2.34485754041726,77.962029862952
14.3025793650794,1.64991629281036,1.50545257205452,2.34373601019317,77.9631915797189
14.3026785714286,1.64977991679117,1.5055105480338,2.3426150165315,77.9643531117463
14.3027777777778,1.6496435288205,1.50556844562256,2.34149455918193,77.9655144590889
14.302876984127,1.6495071289181,1.50562626485793,2.34037463789439,77.9666756218013
14.3029761904762,1.64937071710371,1.50568400577698,2.33925525241876,77.9678365999379
14.3030753968254,1.64923429339716,1.50574166841674,2.33813640250513,77.9689973935534
14.3031746031746,1.64909785781832,1.50579925281422,2.33701808790355,77.9701580027021
14.3032738095238,1.6489614103871,1.50585675900637,2.33590030836428,77.9713184274384
14.303373015873,1.6488249511235,1.50591418703014,2.33478306363755,77.9724786678169
14.3034722222222,1.64868848004753,1.50597153692241,2.3336663534738,77.9736387238917
14.3035714285714,1.64855199717927,1.50602880872002,2.33255017762342,77.9747985957172
14.3036706349206,1.64841550253887,1.50608600245981,2.33143453583699,77.9759582833476
14.3037698412698,1.64827899614651,1.50614311817854,2.33031942786518,77.9771177868372
14.303869047619,1.64814247802242,1.50620015591296,2.32920485345866,77.9782771062401
14.3039682539683,1.64800594818691,1.50625711569977,2.32809081236828,77.9794362416104
14.3040674603175,1.64786940666031,1.50631399757565,2.32697730434489,77.9805951930023
14.3041666666667,1.64773285346303,1.50637080157721,2.32586432913953,77.9817539604697
14.3042658730159,1.64759628861552,1.50642752774107,2.3247518865032,77.9829125440667
14.3043650793651,1.64745971213827,1.50648417610376,2.32363997618713,77.9840709438473
14.3044642857143,1.64732312405185,1.50654074670182,2.32252859794249,77.9852291598653
14.3045634920635,1.64718652437687,1.50659723957173,2.32141775152068,77.9863871921746
14.3046626984127,1.64704991313398,1.50665365474992,2.32030743667305,77.9875450408292
14.3047619047619,1.6469132903439,1.50670999227282,2.31919765315117,77.9887027058827
14.3048611111111,1.6467766560274,1.50676625217678,2.31808840070655,77.9898601873889
14.3049603174603,1.6466400102053,1.50682243449816,2.31697967909095,77.9910174854016
14.3050595238095,1.64650335289846,1.50687853927323,2.31587148805607,77.9921745999744
14.3051587301587,1.64636668412782,1.50693456653827,2.31476382735378,77.993331531161
14.3052579365079,1.64623000391436,1.50699051632949,2.31365669673605,77.9944882790148
14.3053571428571,1.6460933122791,1.50704638868309,2.31255009595485,77.9956448435896
14.3054563492063,1.64595660924313,1.50710218363521,2.31144402476235,77.9968012249388
14.3055555555556,1.64581989482759,1.50715790122197,2.31033848291068,77.9979574231158
14.3056547619048,1.64568316905365,1.50721354147943,2.30923347015219,77.9991134381741
14.305753968254,1.64554643194257,1.50726910444365,2.30812898623919,78.000269270167
14.3058531746032,1.64540968351565,1.50732459015061,2.3070250309242,78.001424919148
14.3059523809524,1.64527292379421,1.50737999863628,2.3059216039597,78.0025803851702
14.3060515873016,1.64513615279968,1.5074353299366,2.30481870509839,78.003735668287
14.3061507936508,1.64499937055349,1.50749058408745,2.30371633409292,78.0048907685516
14.30625,1.64486257707716,1.50754576112467,2.30261449069616,78.0060456860171
14.3063492063492,1.64472577239224,1.5076008610841,2.30151317466093,78.0072004207367
14.3064484126984,1.64458895652034,1.50765588400151,2.30041238574029,78.0083549727635
14.3065476190476,1.64445212948313,1.50771082991263,2.29931212368724,78.0095093421505
14.3066468253968,1.64431529130232,1.50776569885318,2.29821238825495,78.0106635289507
14.306746031746,1.64417844199969,1.50782049085882,2.2971131791967,78.0118175332171
14.3068452380952,1.64404158159705,1.50787520596519,2.29601449626575,78.0129713550026
14.3069444444444,1.64390471011627,1.50792984420787,2.29491633921557,78.0141249943602
14.3070436507937,1.6437678275793,1.50798440562242,2.29381870779961,78.0152784513426
14.3071428571429,1.64363093400809,1.50803889024436,2.29272160177152,78.0164317260026
14.3072420634921,1.6434940294247,1.50809329810918,2.29162502088489,78.017584818393
14.3073412698413,1.6433571138512,1.50814762925232,2.29052896489357,78.0187377285666
14.3074404761905,1.64322018730973,1.50820188370919,2.28943343355132,78.019890456576
14.3075396825397,1.64308324982248,1.50825606151516,2.28833842661215,78.0210430024738
14.3076388888889,1.6429463014117,1.50831016270556,2.28724394383002,78.0221953663126
14.3077380952381,1.64280934209968,1.50836418731569,2.28614998495909,78.023347548145
14.3078373015873,1.64267237190877,1.50841813538082,2.28505654975349,78.0244995480236
14.3079365079365,1.64253539086137,1.50847200693616,2.28396363796758,78.0256513660006
14.3080357142857,1.64239839897994,1.5085258020169,2.28287124935565,78.0268030021287
14.3081349206349,1.64226139628698,1.50857952065819,2.28177938367219,78.0279544564602
14.3082341269841,1.64212438280506,1.50863316289514,2.28068804067177,78.0291057290474
14.3083333333333,1.64198735855678,1.50868672876283,2.27959722010897,78.0302568199426
14.3084325396825,1.64185032356482,1.5087402182963,2.27850692173854,78.031407729198
14.3085317460317,1.64171327785189,1.50879363153054,2.27741714531525,78.0325584568661
14.308630952381,1.64157622144075,1.50884696850052,2.27632789059403,78.0337090029987
14.3087301587302,1.64143915435424,1.50890022924116,2.2752391573298,78.0348593676483
14.3088293650794,1.64130207661524,1.50895341378737,2.27415094527768,78.0360095508667
14.3089285714286,1.64116498824666,1.50900652217398,2.27306325419276,78.0371595527061
14.3090277777778,1.64102788927149,1.50905955443581,2.27197608383034,78.0383093732185
14.309126984127,1.64089077971277,1.50911251060765,2.27088943394568,78.0394590124558
14.3092261904762,1.64075365959359,1.50916539072423,2.26980330429425,78.0406084704701
14.3093253968254,1.64061652893707,1.50921819482027,2.26871769463149,78.0417577473131
14.3094246031746,1.64047938776642,1.50927092293041,2.26763260471303,78.0429068430367
14.3095238095238,1.64034223610488,1.50932357508931,2.26654803429449,78.0440557576928
14.309623015873,1.64020507397575,1.50937615133155,2.26546398313166,78.0452044913331
14.3097222222222,1.64006790140238,1.50942865169168,2.2643804509804,78.0463530440093
14.3098214285714,1.63993071840817,1.50948107620423,2.26329743759659,78.0475014157731
14.3099206349206,1.63979352501659,1.50953342490368,2.26221494273631,78.0486496066761
14.3100198412698,1.63965632125112,1.50958569782447,2.26113296615559,78.04979761677
14.310119047619,1.63951910713536,1.50963789500101,2.26005150761069,78.0509454461063
14.3102182539683,1.63938188269289,1.50969001646768,2.25897056685783,78.0520930947364
14.3103174603175,1.6392446479474,1.5097420622588,2.25789014365344,78.053240562712
14.3104166666667,1.6391074029226,1.50979403240868,2.25681023775389,78.0543878500844
14.3105158730159,1.63897014764226,1.50984592695157,2.25573084891579,78.0555349569049
14.3106150793651,1.63883288213021,1.5098977459217,2.25465197689571,78.0566818832251
14.3107142857143,1.63869560641034,1.50994948935325,2.25357362145041,78.0578286290961
14.3108134920635,1.63855832050655,1.51000115728037,2.25249578233664,78.0589751945692
14.3109126984127,1.63842102444286,1.51005274973718,2.25141845931133,78.0601215796957
14.3110119047619,1.63828371824327,1.51010426675774,2.25034165213141,78.0612677845268
14.3111111111111,1.6381464019319,1.5101557083761,2.24926536055396,78.0624138091135
14.3112103174603,1.63800907553288,1.51020707462626,2.24818958433615,78.063559653507
14.3113095238095,1.63787173907039,1.51025836554218,2.24711432323515,78.0647053177583
14.3114087301587,1.63773439256871,1.51030958115778,2.24603957700836,78.0658508019185
14.3115079365079,1.63759703605211,1.51036072150696,2.2449653454131,78.0669961060385
14.3116071428571,1.63745966954495,1.51041178662357,2.24389162820694,78.0681412301693
14.3117063492064,1.63732229307164,1.51046277654142,2.2428184251474,78.0692861743618
14.3118055555556,1.63718490665664,1.5105136912943,2.24174573599219,78.0704309386668
14.3119047619048,1.63704751032446,1.51056453091594,2.24067356049902,78.0715755231351
14.312003968254,1.63691010409965,1.51061529544005,2.23960189842578,78.0727199278174
14.3121031746032,1.63677268800685,1.51066598490029,2.23853074953034,78.0738641527647
14.3122023809524,1.63663526207071,1.5107165993303,2.23746011357078,78.0750081980274
14.3123015873016,1.63649782631596,1.51076713876367,2.23638999030512,78.0761520636563
14.3124007936508,1.63636038076737,1.51081760323395,2.23532037949163,78.0772957497019
14.3125,1.63622292544977,1.51086799277467,2.23425128088851,78.0784392562148
14.3125992063492,1.63608546038803,1.51091830741931,2.23318269425416,78.0795825832456
14.3126984126984,1.63594798560711,1.51096854720131,2.23211461934705,78.0807257308447
14.3127976190476,1.63581050113196,1.51101871215407,2.23104705592566,78.0818686990626
14.3128968253968,1.63567300698765,1.51106880231098,2.22998000374867,78.0830114879495
14.312996031746,1.63553550319925,1.51111881770536,2.22891346257472,78.084154097556
14.3130952380952,1.63539798979191,1.51116875837051,2.22784743216267,78.0852965279323
14.3131944444444,1.63526046679083,1.51121862433969,2.22678191227135,78.0864387791287
14.3132936507936,1.63512293422125,1.51126841564612,2.22571690265977,78.0875808511954
14.3133928571429,1.63498539210847,1.511318132323,2.22465240308694,78.0887227441826
14.3134920634921,1.63484784047787,1.51136777440346,2.22358841331206,78.0898644581405
14.3135912698413,1.63471027935482,1.51141734192062,2.2225249330943,78.0910059931191
14.3136904761905,1.63457270876481,1.51146683490755,2.22146196219302,78.0921473491685
14.3137896825397,1.63443512873333,1.5115162533973,2.22039950036758,78.0932885263388
14.3138888888889,1.63429753928597,1.51156559742286,2.21933754737753,78.0944295246798
14.3139880952381,1.63415994044832,1.51161486701719,2.21827610298237,78.0955703442417
14.3140873015873,1.63402233224608,1.51166406221323,2.21721516694181,78.0967109850742
14.3141865079365,1.63388471470495,1.51171318304385,2.21615473901562,78.0978514472272
14.3142857142857,1.63374708785071,1.51176222954192,2.21509481896357,78.0989917307505
14.3143849206349,1.6336094517092,1.51181120174025,2.21403540654566,78.1001318356939
14.3144841269841,1.6334718063063,1.51186009967161,2.21297650152182,78.1012717621072
14.3145833333333,1.63333415166794,1.51190892336876,2.21191810365223,78.10241151004
14.3146825396825,1.6331964878201,1.51195767286438,2.210860212697,78.103551079542
14.3147817460317,1.63305881478883,1.51200634819115,2.20980282841645,78.1046904706627
14.314880952381,1.63292113260022,1.5120549493817,2.2087459505709,78.1058296834518
14.3149801587302,1.63278344128042,1.51210347646863,2.20768957892084,78.1069687179588
14.3150793650794,1.63264574085561,1.51215192948448,2.20663371322675,78.1081075742331
14.3151785714286,1.63250803135207,1.51220030846178,2.20557835324929,78.1092462523242
14.3152777777778,1.63237031279607,1.512248613433,2.20452349874912,78.1103847522816
14.315376984127,1.632232585214,1.5122968444306,2.20346914948709,78.1115230741544
14.3154761904762,1.63209484863225,1.51234500148699,2.20241530522401,78.1126612179922
14.3155753968254,1.63195710307728,1.51239308463452,2.20136196572089,78.1137991838441
14.3156746031746,1.63181934857561,1.51244109390554,2.20030913073879,78.1149369717593
14.3157738095238,1.6316815851538,1.51248902933234,2.19925680003881,78.1160745817872
14.315873015873,1.63154381283849,1.51253689094718,2.19820497338221,78.1172120139767
14.3159722222222,1.63140603165633,1.51258467878229,2.19715365053027,78.1183492683772
14.3160714285714,1.63126824163405,1.51263239286984,2.19610283124443,78.1194863450374
14.3161706349206,1.63113044279844,1.512680033242,2.19505251528613,78.1206232440067
14.3162698412698,1.63099263517632,1.51272759993086,2.19400270241698,78.1217599653338
14.316369047619,1.63085481879458,1.51277509296851,2.1929533923986,78.1228965090679
14.3164682539683,1.63071699368015,1.51282251238697,2.19190458499279,78.1240328752576
14.3165674603175,1.63057915986002,1.51286985821826,2.19085627996133,78.125169063952
14.3166666666667,1.63044131736124,1.51291713049434,2.18980847706618,78.1263050751999
14.3167658730159,1.63030346621089,1.51296432924712,2.1887611760693,78.1274409090499
14.3168650793651,1.63016560643613,1.51301145450851,2.18771437673285,78.1285765655509
14.3169642857143,1.63002773806415,1.51305850631034,2.18666807881893,78.1297120447516
14.3170634920635,1.62988986112221,1.51310548468445,2.18562228208985,78.1308473467006
14.3171626984127,1.62975197563762,1.51315238966259,2.184576986308,78.1319824714465
14.3172619047619,1.62961408163772,1.51319922127653,2.18353219123575,78.1331174190379
14.3173611111111,1.62947617914994,1.51324597955795,2.18248789663569,78.1342521895233
14.3174603174603,1.62933826820173,1.51329266453853,2.18144410227037,78.1353867829512
14.3175595238095,1.62920034882062,1.5133392762499,2.18040080790255,78.13652119937
14.3176587301587,1.62906242103416,1.51338581472364,2.17935801329498,78.1376554388282
14.3177579365079,1.62892448486999,1.51343227999132,2.17831571821056,78.1387895013741
14.3178571428571,1.62878654035577,1.51347867208446,2.17727392241222,78.1399233870561
14.3179563492063,1.62864858751924,1.51352499103453,2.17623262566305,78.1410570959224
14.3180555555556,1.62851062638817,1.51357123687298,2.17519182772613,78.1421906280212
14.3181547619048,1.6283726569904,1.51361740963121,2.17415152836475,78.1433239834008
14.318253968254,1.62823467935381,1.5136635093406,2.17311172734214,78.1444571621094
14.3183531746032,1.62809669350635,1.51370953603249,2.17207242442178,78.1455901641949
14.3184523809524,1.62795869947599,1.51375548973816,2.17103361936707,78.1467229897056
14.3185515873016,1.62782069729078,1.51380137048888,2.16999531194163,78.1478556386893
14.3186507936508,1.62768268697883,1.51384717831587,2.16895750190912,78.1489881111942
14.31875,1.62754466856828,1.51389291325031,2.16792018903324,78.1501204072682
14.3188492063492,1.62740664208733,1.51393857532335,2.16688337307788,78.1512525269591
14.3189484126984,1.62726860756423,1.51398416456611,2.16584705380689,78.1523844703149
14.3190476190476,1.6271305650273,1.51402968100966,2.16481123098433,78.1535162373834
14.3191468253968,1.62699251450489,1.51407512468503,2.16377590437424,78.1546478282123
14.319246031746,1.62685445602541,1.51412049562323,2.16274107374085,78.1557792428493
14.3193452380952,1.62671638961734,1.51416579385521,2.16170673884837,78.1569104813424
14.3194444444444,1.62657831530919,1.51421101941191,2.16067289946119,78.1580415437389
14.3195436507937,1.62644023312952,1.51425617232422,2.15963955534372,78.1591724300866
14.3196428571429,1.62630214310697,1.51430125262297,2.15860670626051,78.160303140433
14.3197420634921,1.62616404527021,1.514346260339,2.15757435197613,78.1614336748257
14.3198412698413,1.62602593964797,1.51439119550307,2.15654249225534,78.1625640333122
14.3199404761905,1.62588782626902,1.51443605814593,2.15551112686285,78.1636942159399
14.3200396825397,1.62574970516222,1.51448084829829,2.15448025556357,78.1648242227562
14.3201388888889,1.62561157635643,1.5145255659908,2.15344987812249,78.1659540538085
14.3202380952381,1.62547343988061,1.5145702112541,2.15241999430459,78.1670837091441
14.3203373015873,1.62533529576374,1.51461478411878,2.15139060387506,78.1682131888103
14.3204365079365,1.62519714403487,1.5146592846154,2.15036170659906,78.1693424928544
14.3205357142857,1.6250589847231,1.51470371277447,2.14933330224196,78.1704716213235
14.3206349206349,1.62492081785758,1.51474806862647,2.14830539056909,78.1716005742649
14.3207341269841,1.62478264346751,1.51479235220186,2.14727797134598,78.1727293517256
14.3208333333333,1.62464446158215,1.51483656353103,2.14625104433814,78.1738579537526
14.3209325396825,1.62450627223081,1.51488070264437,2.14522460931129,78.1749863803931
14.3210317460317,1.62436807544284,1.51492476957219,2.1441986660311,78.1761146316941
14.321130952381,1.62422987124768,1.5149687643448,2.14317321426345,78.1772427077024
14.3212301587302,1.62409165967477,1.51501268699246,2.14214825377421,78.1783706084651
14.3213293650794,1.62395344075364,1.51505653754538,2.14112378432943,78.1794983340289
14.3214285714286,1.62381521451387,1.51510031603376,2.14009980569514,78.1806258844407
14.3215277777778,1.62367698098507,1.51514402248774,2.13907631763754,78.1817532597474
14.321626984127,1.62353874019693,1.51518765693744,2.13805331992291,78.1828804599955
14.3217261904762,1.62340049217918,1.51523121941292,2.13703081231756,78.1840074852319
14.3218253968254,1.62326223696161,1.51527470994422,2.13600879458796,78.1851343355032
14.3219246031746,1.62312397457403,1.51531812856135,2.13498726650059,78.186261010856
14.3220238095238,1.62298570504636,1.51536147529426,2.1339662278221,78.1873875113369
14.322123015873,1.62284742840852,1.51540475017288,2.13294567831913,78.1885138369924
14.3222222222222,1.62270914469052,1.5154479532271,2.13192561775853,78.1896399878691
14.3223214285714,1.6225708539224,1.51549108448678,2.13090604590709,78.1907659640134
14.3224206349206,1.62243255613426,1.51553414398172,2.12988696253184,78.1918917654716
14.3225198412698,1.62229425135625,1.51557713174171,2.12886836739975,78.1930173922903
14.322619047619,1.62215593961858,1.51562004779648,2.12785026027802,78.1941428445157
14.3227182539683,1.6220176209515,1.51566289217574,2.12683264093379,78.1952681221941
14.3228174603175,1.62187929538533,1.51570566490915,2.12581550913443,78.1963932253716
14.3229166666667,1.62174096295043,1.51574836602635,2.12479886464727,78.1975181540947
14.3230158730159,1.62160262367722,1.51579099555693,2.12378270723982,78.1986429084094
14.3231150793651,1.62146427759617,1.51583355353043,2.12276703667965,78.1997674883618
14.3232142857143,1.62132592473779,1.51587603997639,2.12175185273437,78.2008918939981
14.3233134920635,1.62118756513266,1.51591845492427,2.12073715517177,78.2020161253642
14.3234126984127,1.62104919881141,1.51596079840353,2.11972294375961,78.2031401825062
14.3235119047619,1.62091082580473,1.51600307044358,2.11870921826586,78.20426406547
14.3236111111111,1.62077244614333,1.51604527107377,2.11769597845846,78.2053877743015
14.3237103174603,1.62063405985801,1.51608740032345,2.11668322410554,78.2065113090466
14.3238095238095,1.6204956669796,1.51612945822192,2.11567095497522,78.2076346697513
14.3239087301587,1.62035726753901,1.51617144479842,2.11465917083582,78.2087578564611
14.3240079365079,1.62021886156716,1.51621336008218,2.11364787145562,78.2098808692219
14.3241071428571,1.62008044909506,1.5162552041024,2.1126370566031,78.2110037080794
14.3242063492063,1.61994203015375,1.5162969768882,2.11162672604673,78.2121263730793
14.3243055555556,1.61980360477434,1.51633867846871,2.11061687955517,78.2132488642672
14.3244047619048,1.61966517298797,1.51638030887301,2.10960751689704,78.2143711816886
14.324503968254,1.61952673482587,1.51642186813011,2.10859863784117,78.2154933253892
14.3246031746032,1.61938829031929,1.51646335626904,2.10759024215643,78.2166152954143
14.3247023809524,1.61924983949953,1.51650477331874,2.10658232961172,78.2177370918096
14.3248015873016,1.61911138239798,1.51654611930814,2.10557489997614,78.2188587146204
14.3249007936508,1.61897291904603,1.51658739426614,2.10456795301875,78.219980163892
14.325,1.61883444947518,1.51662859822158,2.10356148850883,78.2211014396698
14.3250992063492,1.61869597371693,1.51666973120327,2.10255550621561,78.2222225419992
14.3251984126984,1.61855749180286,1.51671079324001,2.10155000590853,78.2233434709252
14.3252976190476,1.61841900376461,1.51675178436051,2.10054498735702,78.2244642264933
14.3253968253968,1.61828050963386,1.5167927045935,2.09954045033067,78.2255848087485
14.325496031746,1.61814200944233,1.51683355396763,2.0985363945991,78.226705217736
14.3255952380952,1.61800350322183,1.51687433251154,2.09753281993207,78.2278254535008
14.3256944444444,1.61786499100417,1.51691504025381,2.09652972609936,78.228945516088
14.3257936507936,1.61772647282127,1.516955677223,2.09552711287093,78.2300654055426
14.3258928571429,1.61758794870507,1.51699624344764,2.09452498001671,78.2311851219096
14.3259920634921,1.61744941868755,1.51703673895619,2.09352332730681,78.2323046652338
14.3260912698413,1.61731088280079,1.51707716377711,2.09252215451142,78.2334240355602
14.3261904761905,1.61717234107687,1.5171175179388,2.09152146140074,78.2345432329337
14.3262896825397,1.61703379354795,1.51715780146962,2.09052124774517,78.2356622573989
14.3263888888889,1.61689524024625,1.51719801439793,2.08952151331508,78.2367811090006
14.3264880952381,1.61675668120402,1.517238156752,2.08852225788104,78.2378997877837
14.3265873015873,1.61661811645358,1.5172782285601,2.08752348121358,78.2390182937926
14.3266865079365,1.6164795460273,1.51731822985045,2.08652518308346,78.2401366270722
14.3267857142857,1.61634096995759,1.51735816065124,2.08552736326139,78.2412547876669
14.3268849206349,1.61620238827693,1.51739802099061,2.08453002151829,78.2423727756212
14.3269841269841,1.61606380101785,1.51743781089667,2.08353315762505,78.2434905909799
14.3270833333333,1.61592520821292,1.5174775303975,2.08253677135275,78.2446082337871
14.3271825396825,1.61578660989477,1.51751717952113,2.08154086247247,78.2457257040875
14.3272817460317,1.61564800609609,1.51755675829556,2.08054543075547,78.2468430019254
14.327380952381,1.61550939684961,1.51759626674875,2.07955047597298,78.2479601273451
14.3274801587302,1.61537078218813,1.51763570490864,2.07855599789642,78.2490770803909
14.3275793650794,1.61523216214448,1.5176750728031,2.07756199629728,78.250193861107
14.3276785714286,1.61509353675155,1.51771437046,2.07656847094706,78.2513104695378
14.3277777777778,1.6149549060423,1.51775359790713,2.07557542161745,78.2524269057273
14.327876984127,1.61481627004973,1.51779275517229,2.07458284808014,78.2535431697197
14.3279761904762,1.61467762880689,1.51783184228321,2.07359075010699,78.2546592615591
14.3280753968254,1.61453898234687,1.51787085926759,2.07259912746985,78.2557751812896
14.3281746031746,1.61440033070286,1.5179098061531,2.07160797994076,78.2568909289551
14.3282738095238,1.61426167390804,1.51794868296737,2.07061730729175,78.2580065045996
14.328373015873,1.61412301199569,1.51798748973799,2.06962710929502,78.259121908267
14.3284722222222,1.61398434499912,1.51802622649252,2.06863738572278,78.2602371400013
14.3285714285714,1.6138456729517,1.51806489325847,2.06764813634742,78.2613521998462
14.3286706349206,1.61370699588686,1.51810349006332,2.0666593609413,78.2624670878456
14.3287698412698,1.61356831383806,1.51814201693452,2.06567105927699,78.2635818040432
14.328869047619,1.61342962683884,1.51818047389948,2.06468323112703,78.2646963484828
14.3289682539683,1.61329093492277,1.51821886098556,2.06369587626414,78.265810721208
14.3290674603175,1.61315223812349,1.51825717822009,2.0627089944611,78.2669249222625
14.3291666666667,1.61301353647468,1.51829542563038,2.06172258549072,78.2680389516898
14.3292658730159,1.61287483001008,1.51833360324368,2.06073664912601,78.2691528095335
14.3293650793651,1.61273611876348,1.51837171108721,2.05975118513993,78.2702664958371
14.3294642857143,1.61259740276873,1.51840974918816,2.05876619330565,78.2713800106441
14.3295634920635,1.61245868205972,1.51844771757367,2.05778167339634,78.2724933539979
14.3296626984127,1.61231995667041,1.51848561627085,2.05679762518532,78.2736065259419
14.3297619047619,1.61218122663478,1.51852344530679,2.05581404844594,78.2747195265194
14.3298611111111,1.6120424919869,1.51856120470851,2.05483094295169,78.2758323557738
14.3299603174603,1.61190375276087,1.51859889450301,2.0538483084761,78.2769450137483
14.3300595238095,1.61176500899086,1.51863651471725,2.05286614479283,78.2780575004861
14.3301587301587,1.61162626071107,1.51867406537817,2.05188445167557,78.2791698160304
14.3302579365079,1.61148750795578,1.51871154651264,2.05090322889818,78.2802819604243
14.3303571428571,1.61134875075929,1.51874895814752,2.04992247623451,78.281393933711
14.3304563492064,1.61120998915598,1.51878630030963,2.04894219345857,78.2825057359335
14.3305555555556,1.61107122318029,1.51882357302574,2.04796238034446,78.2836173671348
14.3306547619048,1.61093245286666,1.51886077632258,2.04698303666628,78.2847288273579
14.330753968254,1.61079367824966,1.51889791022687,2.04600416219833,78.2858401166456
14.3308531746032,1.61065489936384,1.51893497476527,2.04502575671489,78.286951235041
14.3309523809524,1.61051611624385,1.51897196996441,2.04404781999044,78.2880621825867
14.3310515873016,1.61037732892436,1.51900889585087,2.04307035179942,78.2891729593258
14.3311507936508,1.61023853744014,1.51904575245122,2.04209335191649,78.2902835653008
14.33125,1.61009974182595,1.51908253979197,2.04111682011627,78.2913940005546
14.3313492063492,1.60996094211667,1.5191192578996,2.04014075617358,78.2925042651298
14.3314484126984,1.60982213834716,1.51915590680056,2.03916515986322,78.2936143590691
14.3315476190476,1.6096833305524,1.51919248652125,2.03819003096018,78.294724282415
14.3316468253968,1.60954451876738,1.51922899708804,2.03721536923945,78.2958340352101
14.331746031746,1.60940570302717,1.51926543852726,2.03624117447617,78.296943617497
14.3318452380952,1.60926688336685,1.51930181086521,2.03526744644551,78.298053029318
14.3319444444444,1.60912805982161,1.51933811412815,2.03429418492278,78.2991622707157
14.3320436507937,1.60898923242666,1.5193743483423,2.03332138968337,78.3002713417324
14.3321428571429,1.60885040121726,1.51941051353385,2.0323490605027,78.3013802424104
14.3322420634921,1.60871156622873,1.51944660972893,2.03137719715637,78.3024889727922
14.3323412698413,1.60857272749644,1.51948263695366,2.03040579941995,78.3035975329199
14.3324404761905,1.60843388505583,1.51951859523412,2.02943486706923,78.3047059228357
14.3325396825397,1.60829503894236,1.51955448459633,2.02846439987996,78.3058141425819
14.3326388888889,1.60815618919157,1.5195903050663,2.02749439762808,78.3069221922006
14.3327380952381,1.60801733583904,1.51962605667,2.02652486008952,78.3080300717339
14.3328373015873,1.60787847892042,1.51966173943333,2.02555578704042,78.3091377812238
14.3329365079365,1.60773961847138,1.5196973533822,2.02458717825686,78.3102453207125
14.3330357142857,1.60760075452767,1.51973289854246,2.02361903351515,78.3113526902417
14.3331349206349,1.60746188712509,1.51976837493991,2.02265135259156,78.3124598898536
14.3332341269841,1.60732301629947,1.51980378260033,2.02168413526255,78.3135669195899
14.3333333333333,1.60718414208673,1.51983912154947,2.02071738130459,78.3146737794925
14.3334325396825,1.60704526452281,1.51987439181303,2.01975109049428,78.3157804696033
14.3335317460317,1.60690638364372,1.51990959341667,2.01878526260834,78.316886989964
14.333630952381,1.60676749948552,1.51994472638602,2.01781989742346,78.3179933406164
14.3337301587302,1.60662861208432,1.51997979074667,2.01685499471655,78.319099521602
14.3338293650794,1.60648972147628,1.52001478652417,2.0158905542645,78.3202055329626
14.3339285714286,1.60635082769761,1.52004971374405,2.01492657584438,78.3213113747398
14.3340277777778,1.6062119307846,1.52008457243179,2.01396305923325,78.3224170469751
14.334126984127,1.60607303077355,1.52011936261282,2.01300000420835,78.32352254971
14.3342261904762,1.60593412770085,1.52015408431256,2.01203741054693,78.3246278829861
14.3343253968254,1.60579522160291,1.52018873755637,2.01107527802641,78.3257330468447
14.3344246031746,1.60565631251623,1.52022332236958,2.01011360642418,78.3268380413273
14.3345238095238,1.60551740047733,1.52025783877749,2.00915239551785,78.3279428664752
14.334623015873,1.6053784855228,1.52029228680537,2.00819164508499,78.3290475223297
14.3347222222222,1.60523956768928,1.52032666647842,2.00723135490338,78.3301520089321
14.3348214285714,1.60510064701345,1.52036097782183,2.00627152475077,78.3312563263237
14.3349206349206,1.60496172353206,1.52039522086076,2.00531215440507,78.3323604745455
14.3350198412698,1.60482279728191,1.52042939562031,2.00435324364429,78.3334644536388
14.335119047619,1.60468386829985,1.52046350212555,2.00339479224645,78.3345682636447
14.3352182539683,1.60454493662278,1.52049754040151,2.00243679998974,78.3356719046042
14.3353174603175,1.60440600228765,1.52053151047321,2.00147926665236,78.3367753765583
14.3354166666667,1.60426706533147,1.52056541236559,2.00052219201268,78.3378786795481
14.3355158730159,1.60412812579129,1.52059924610359,1.99956557584906,78.3389818136145
14.3356150793651,1.60398918370425,1.52063301171209,1.99860941794005,78.3400847787983
14.3357142857143,1.60385023910748,1.52066670921594,1.99765371806419,78.3411875751404
14.3358134920635,1.60371129203823,1.52070033863996,1.99669847600021,78.3422902026817
14.3359126984127,1.60357234253375,1.52073390000892,1.9957436915268,78.3433926614629
14.3360119047619,1.60343339063137,1.52076739334757,1.99478936442288,78.3444949515247
14.3361111111111,1.60329443636847,1.52080081868059,1.99383549446731,78.3455970729078
14.3362103174603,1.60315547978247,1.52083417603267,1.99288208143917,78.346699025653
14.3363095238095,1.60301652091086,1.52086746542842,1.99192912511752,78.3478008098007
14.3364087301587,1.60287755979118,1.52090068689245,1.99097662528158,78.3489024253916
14.3365079365079,1.602738596461,1.52093384044929,1.99002458171065,78.3500038724661
14.3366071428571,1.60259963095797,1.52096692612348,1.98907299418405,78.3511051510649
14.3367063492063,1.60246066331978,1.52099994393949,1.98812186248128,78.3522062612282
14.3368055555556,1.60232169358418,1.52103289392176,1.98717118638184,78.3533072029965
14.3369047619048,1.60218272178897,1.5210657760947,1.9862209656654,78.3544079764102
14.337003968254,1.60204374797199,1.52109859048268,1.98527120011162,78.3555085815096
14.3371031746032,1.60190477217115,1.52113133711003,1.98432188950037,78.3566090183349
14.3372023809524,1.60176579442441,1.52116401600105,1.98337303361147,78.3577092869265
14.3373015873016,1.60162681476977,1.52119662717999,1.98242463222494,78.3588093873243
14.3374007936508,1.6014878332453,1.52122917067108,1.98147668512082,78.3599093195688
14.3375,1.60134884988911,1.52126164649849,1.98052919207928,78.3610090836998
14.3375992063492,1.60120986473936,1.52129405468638,1.97958215288052,78.3621086797576
14.3376984126984,1.60107087783429,1.52132639525885,1.97863556730491,78.3632081077821
14.3377976190476,1.60093188921216,1.52135866823998,1.9776894351328,78.3643073678134
14.3378968253968,1.60079289891129,1.5213908736538,1.97674375614472,78.3654064598913
14.337996031746,1.60065390697007,1.52142301152432,1.97579853012128,78.3665053840558
14.3380952380952,1.60051491342692,1.52145508187548,1.9748537568431,78.3676041403467
14.3381944444444,1.60037591832033,1.52148708473123,1.97390943609097,78.3687027288038
14.3382936507937,1.60023692168884,1.52151902011544,1.9729655676457,78.369801149467
14.3383928571429,1.60009792357103,1.52155088805196,1.97202215128827,78.3708994023759
14.3384920634921,1.59995892400555,1.52158268856461,1.97107918679963,78.3719974875703
14.3385912698413,1.59981992303109,1.52161442167717,1.97013667396095,78.3730954050898
14.3386904761905,1.59968092068639,1.52164608741337,1.96919461255336,78.3741931549741
14.3387896825397,1.59954191701027,1.52167768579692,1.96825300235819,78.3752907372626
14.3388888888889,1.59940291204156,1.52170921685148,1.96731184315676,78.3763881519949
14.3389880952381,1.59926390581918,1.52174068060068,1.96637113473057,78.3774853992106
14.3390873015873,1.59912489838208,1.52177207706811,1.96543087686109,78.378582478949
14.3391865079365,1.59898588976928,1.52180340627732,1.96449106933002,78.3796793912496
14.3392857142857,1.59884688001983,1.52183466825184,1.963551711919,78.3807761361517
14.3393849206349,1.59870786917286,1.52186586301513,1.96261280440986,78.3818727136946
14.3394841269841,1.59856885726754,1.52189699059065,1.96167434658451,78.3829691239177
14.3395833333333,1.59842984434308,1.5219280510018,1.96073633822488,78.3840653668601
14.3396825396825,1.59829083043876,1.52195904427195,1.95979877911307,78.3851614425611
14.3397817460317,1.5981518155939,1.52198997042444,1.95886166903117,78.3862573510598
14.339880952381,1.5980127998479,1.52202082948254,1.95792500776146,78.3873530923953
14.3399801587302,1.59787378324017,1.52205162146953,1.95698879508623,78.3884486666068
14.3400793650794,1.59773476581021,1.52208234640863,1.95605303078791,78.3895440737331
14.3401785714286,1.59759574759754,1.52211300432301,1.95511771464896,78.3906393138134
14.3402777777778,1.59745672864178,1.52214359523582,1.954182846452,78.3917343868866
14.340376984127,1.59731770898255,1.52217411917018,1.95324842597965,78.3928292929916
14.3404761904762,1.59717868865956,1.52220457614915,1.95231445301471,78.3939240321671
14.3405753968254,1.59703966771254,1.52223496619578,1.95138092733997,78.3950186044522
14.3406746031746,1.59690064618132,1.52226528933305,1.9504478487384,78.3961130098855
14.3407738095238,1.59676162410573,1.52229554558393,1.94951521699298,78.3972072485059
14.340873015873,1.59662260152569,1.52232573497136,1.94858303188682,78.3983013203519
14.3409722222222,1.59648357848115,1.5223558575182,1.94765129320314,78.3993952254622
14.3410714285714,1.59634455501213,1.52238591324731,1.94672000072516,78.4004889638756
14.3411706349206,1.5962055311587,1.52241590218151,1.94578915423628,78.4015825356304
14.3412698412698,1.59606650696097,1.52244582434357,1.94485875351992,78.4026759407653
14.341369047619,1.59592748245912,1.52247567975623,1.94392879835964,78.4037691793188
14.3414682539683,1.59578845769336,1.5225054684422,1.94299928853903,78.4048622513294
14.3415674603175,1.59564943270397,1.52253519042413,1.94207022384183,78.4059551568353
14.3416666666667,1.59551040753129,1.52256484572466,1.9411416040518,78.4070478958751
14.3417658730159,1.59537138221569,1.52259443436637,1.94021342895287,78.4081404684869
14.3418650793651,1.59523235679761,1.52262395637183,1.93928569832894,78.4092328747092
14.3419642857143,1.59509333131753,1.52265341176354,1.93835841196414,78.4103251145801
14.3420634920635,1.594954305816,1.52268280056398,1.93743156964254,78.4114171881379
14.3421626984127,1.59481528033361,1.52271212279561,1.93650517114843,78.4125090954207
14.3422619047619,1.594676254911,1.52274137848082,1.93557921626607,78.4136008364666
14.3423611111111,1.59453722958887,1.52277056764199,1.93465370477989,78.4146924113138
14.3424603174603,1.59439820440798,1.52279969030144,1.93372863647441,78.4157838200001
14.3425595238095,1.59425917940912,1.52282874648147,1.93280401113414,78.4168750625637
14.3426587301587,1.59412015463315,1.52285773620433,1.9318798285438,78.4179661390425
14.3427579365079,1.59398113012099,1.52288665949226,1.9309560884881,78.4190570494744
14.3428571428571,1.59384210591359,1.52291551636742,1.9300327907519,78.4201477938973
14.3429563492064,1.59370308205197,1.52294430685197,1.9291099351201,78.4212383723489
14.3430555555556,1.59356405857719,1.52297303096802,1.92818752137775,78.4223287848672
14.3431547619048,1.59342503553037,1.52300168873763,1.92726554930989,78.4234190314898
14.343253968254,1.5932860129527,1.52303028018285,1.92634401870176,78.4245091122544
14.3433531746032,1.59314699088539,1.52305880532567,1.92542292933857,78.4255990271987
14.3434523809524,1.59300796936972,1.52308726418806,1.92450228100575,78.4266887763604
14.3435515873016,1.59286894844702,1.52311565679193,1.92358207348866,78.4277783597769
14.3436507936508,1.59272992815868,1.52314398315917,1.92266230657291,78.4288677774859
14.34375,1.59259090854612,1.52317224331164,1.92174298004405,78.4299570295248
14.3438492063492,1.59245188965085,1.52320043727115,1.92082409368782,78.4310461159312
14.3439484126984,1.59231287151441,1.52322856505947,1.91990564729003,78.4321350367423
14.3440476190476,1.59217385417837,1.52325662669834,1.91898764063651,78.4332237919956
14.3441468253968,1.59203483768441,1.52328462220946,1.91807007351326,78.4343123817284
14.344246031746,1.59189582207421,1.5233125516145,1.91715294570631,78.435400805978
14.3443452380952,1.59175680738952,1.52334041493509,1.91623625700182,78.4364890647816
14.3444444444444,1.59161779367216,1.52336821219281,1.91532000718598,78.4375771581765
14.3445436507936,1.59147878096398,1.52339594340922,1.91440419604515,78.4386650861998
14.3446428571429,1.59133976930689,1.52342360860584,1.91348882336568,78.4397528488887
14.3447420634921,1.59120075874285,1.52345120780414,1.9125738889341,78.4408404462801
14.3448412698413,1.59106174931389,1.52347874102558,1.91165939253693,78.4419278784113
14.3449404761905,1.59092274106207,1.52350620829154,1.91074533396088,78.4430151453191
14.3450396825397,1.5907837340295,1.52353360962341,1.90983171299266,78.4441022470405
14.3451388888889,1.59064472825838,1.52356094504252,1.90891852941913,78.4451891836124
14.3452380952381,1.59050572379092,1.52358821457015,1.90800578302717,78.4462759550718
14.3453373015873,1.5903667206694,1.52361541822756,1.90709347360382,78.4473625614554
14.3454365079365,1.59022771893616,1.52364255603598,1.90618160093618,78.4484490028001
14.3455357142857,1.59008871863358,1.52366962801659,1.90527016481139,78.4495352791425
14.3456349206349,1.5899497198041,1.52369663419054,1.90435916501677,78.4506213905194
14.3457341269841,1.58981072249021,1.52372357457892,1.90344860133962,78.4517073369675
14.3458333333333,1.58967172673446,1.52375044920283,1.90253847356742,78.4527931185233
14.3459325396825,1.58953273257943,1.52377725808328,1.90162878148766,78.4538787352236
14.3460317460317,1.58939374006779,1.52380400124128,1.900719524888,78.4549641871047
14.346130952381,1.58925474924223,1.52383067869779,1.89981070355609,78.4560494742033
14.3462301587302,1.5891157601455,1.52385729047373,1.89890231727977,78.4571345965557
14.3463293650794,1.58897677282042,1.52388383659,1.89799436584686,78.4582195541984
14.3464285714286,1.58883778730984,1.52391031706743,1.89708684904536,78.4593043471678
14.3465277777778,1.58869880365668,1.52393673192685,1.89617976666329,78.4603889755002
14.346626984127,1.5885598219039,1.52396308118902,1.89527311848883,78.4614734392319
14.3467261904762,1.58842084209451,1.52398936487469,1.89436690431013,78.4625577383991
14.3468253968254,1.5882818642716,1.52401558300456,1.89346112391555,78.4636418730381
14.3469246031746,1.58814288847828,1.52404173559929,1.8925557770935,78.4647258431851
14.3470238095238,1.58800391475773,1.52406782267951,1.8916508636324,78.4658096488761
14.347123015873,1.58786494315318,1.52409384426581,1.89074638332089,78.4668932901472
14.3472222222222,1.58772597370791,1.52411980037875,1.88984233594756,78.4679767670345
14.3473214285714,1.58758700646526,1.52414569103883,1.8889387213012,78.469060079574
14.3474206349206,1.58744804146861,1.52417151626655,1.8880355391706,78.4701432278018
14.3475198412698,1.5873090787614,1.52419727608234,1.88713278934472,78.4712262117535
14.347619047619,1.58717011838713,1.5242229705066,1.88623047161251,78.4723090314652
14.3477182539683,1.58703116038934,1.52424859955971,1.88532858576312,78.4733916869727
14.3478174603175,1.58689220481162,1.524274163262,1.88442713158567,78.4744741783118
14.3479166666667,1.58675325169764,1.52429966163375,1.88352610886947,78.4755565055183
14.3480158730159,1.58661430109109,1.52432509469524,1.88262551740382,78.4766386686278
14.3481150793651,1.58647535303573,1.52435046246667,1.8817253569782,78.477720667676
14.3482142857143,1.58633640757537,1.52437576496823,1.88082562738211,78.4788025026986
14.3483134920635,1.58619746475386,1.52440100222006,1.87992632840515,78.4798841737312
14.3484126984127,1.58605852461514,1.52442617424229,1.87902745983707,78.4809656808092
14.3485119047619,1.58591958720315,1.52445128105497,1.87812902146759,78.4820470239683
14.3486111111111,1.58578065256193,1.52447632267814,1.87723101308663,78.4831282032438
14.3487103174603,1.58564172073554,1.5245012991318,1.8763334344841,78.4842092186712
14.3488095238095,1.58550279176812,1.52452621043591,1.8754362854501,78.4852900702858
14.3489087301587,1.58536386570383,1.52455105661039,1.8745395657747,78.4863707581231
14.3490079365079,1.58522494258691,1.52457583767513,1.87364327524818,78.4874512822183
14.3491071428571,1.58508602246164,1.52460055364999,1.87274741366079,78.4885316426067
14.3492063492063,1.58494710537237,1.52462520455476,1.87185198080296,78.4896118393234
14.3493055555556,1.58480819136346,1.52464979040924,1.87095697646514,78.4906918724037
14.3494047619048,1.58466928047939,1.52467431123315,1.87006240043792,78.4917717418827
14.349503968254,1.58453037276462,1.52469876704619,1.86916825251192,78.4928514477955
14.3496031746032,1.58439146826372,1.52472315786804,1.86827453247793,78.4939309901771
14.3497023809524,1.58425256702127,1.52474748371832,1.86738124012671,78.4950103690625
14.3498015873016,1.58411366908194,1.52477174461661,1.86648837524921,78.4960895844868
14.3499007936508,1.58397477449044,1.52479594058248,1.86559593763645,78.4971686364848
14.35,1.5838358832915,1.52482007163544,1.86470392707947,78.4982475250914
14.3500992063492,1.58369699552996,1.52484413779496,1.86381234336948,78.4993262503414
14.3501984126984,1.58355811125067,1.5248681390805,1.86292118629771,78.5004048122697
14.3502976190476,1.58341923049855,1.52489207551145,1.86203045565554,78.501483210911
14.3503968253968,1.58328035331857,1.52491594710718,1.86114015123435,78.5025614463001
14.350496031746,1.58314147975574,1.52493975388702,1.86025027282572,78.5036395184715
14.3505952380952,1.58300260985515,1.52496349587027,1.85936082022121,78.5047174274601
14.3506944444444,1.58286374366192,1.52498717307619,1.85847179321255,78.5057951733002
14.3507936507937,1.58272488122123,1.52501078552399,1.85758319159149,78.5068727560266
14.3508928571429,1.58258602257832,1.52503433323285,1.85669501514993,78.5079501756736
14.3509920634921,1.58244716777846,1.52505781622193,1.85580726367977,78.5090274322758
14.3510912698413,1.58230831686701,1.52508123451033,1.85491993697312,78.5101045258676
14.3511904761905,1.58216946988934,1.52510458811712,1.85403303482204,78.5111814564834
14.3512896825397,1.5820306268909,1.52512787706134,1.85314655701878,78.5122582241575
14.3513888888889,1.58189178791719,1.52515110136199,1.85226050335566,78.5133348289243
14.3514880952381,1.58175295301375,1.52517426103801,1.85137487362503,78.5144112708179
14.3515873015873,1.5816141222262,1.52519735610835,1.85048966761939,78.5154875498727
14.3516865079365,1.58147529560018,1.52522038659188,1.84960488513128,78.5165636661228
14.3517857142857,1.5813364731814,1.52524335250746,1.84872052595338,78.5176396196022
14.3518849206349,1.58119765501562,1.52526625387389,1.84783658987838,78.5187154103453
14.3519841269841,1.58105884114866,1.52528909070995,1.84695307669915,78.5197910383858
14.3520833333333,1.58092003162637,1.52531186303438,1.84606998620855,78.520866503758
14.3521825396825,1.58078122649468,1.52533457086589,1.84518731819963,78.5219418064958
14.3522817460317,1.58064242579955,1.52535721422312,1.84430507246542,78.523016946633
14.352380952381,1.58050362958702,1.52537979312472,1.84342324879914,78.5240919242036
14.3524801587302,1.58036483790316,1.52540230758928,1.84254184699399,78.5251667392415
14.3525793650794,1.58022605079409,1.52542475763533,1.84166086684336,78.5262413917804
14.3526785714286,1.580087268306,1.52544714328141,1.84078030814065,78.5273158818541
14.3527777777778,1.57994849048512,1.52546946454599,1.83990017067938,78.5283902094963
14.352876984127,1.57980971737775,1.52549172144751,1.83902045425318,78.5294643747407
14.3529761904762,1.57967094903021,1.52551391400438,1.8381411586557,78.5305383776209
14.3530753968254,1.57953218548891,1.52553604223496,1.83726228368077,78.5316122181706
14.3531746031746,1.57939342680028,1.52555810615758,1.83638382912219,78.5326858964233
14.3532738095238,1.57925467301083,1.52558010579054,1.83550579477396,78.5337594124125
14.353373015873,1.57911592416711,1.5256020411521,1.83462818043008,78.5348327661716
14.3534722222222,1.57897718031572,1.52562391226047,1.83375098588472,78.5359059577342
14.3535714285714,1.57883844150332,1.52564571913384,1.83287421093204,78.5369789871336
14.3536706349206,1.57869970777661,1.52566746179035,1.83199785536638,78.5380518544032
14.3537698412698,1.57856097918236,1.52568914024812,1.83112191898209,78.5391245595762
14.353869047619,1.57842225576738,1.5257107545252,1.83024640157367,78.5401971026859
14.3539682539683,1.57828353757854,1.52573230463965,1.82937130293565,78.5412694837657
14.3540674603175,1.57814482466277,1.52575379060944,1.8284966228627,78.5423417028485
14.3541666666667,1.57800611706702,1.52577521245255,1.82762236114953,78.5434137599676
14.3542658730159,1.57786741483833,1.5257965701869,1.82674851759097,78.5444856551562
14.3543650793651,1.57772871802378,1.52581786383037,1.82587509198194,78.5455573884471
14.3544642857143,1.5775900266705,1.52583909340081,1.8250020841174,78.5466289598735
14.3545634920635,1.57745134082566,1.52586025891604,1.82412949379246,78.5477003694683
14.3546626984127,1.57731266053651,1.52588136039383,1.82325732080226,78.5487716172645
14.3547619047619,1.57717398585034,1.52590239785192,1.82238556494208,78.549842703295
14.3548611111111,1.57703531681449,1.525923371308,1.82151422600723,78.5509136275925
14.3549603174603,1.57689665347635,1.52594428077975,1.82064330379316,78.55198439019
14.3550595238095,1.57675799588336,1.52596512628479,1.81977279809535,78.5530549911202
14.3551587301587,1.57661934408304,1.5259859078407,1.81890270870945,78.5541254304158
14.3552579365079,1.57648069812292,1.52600662546505,1.8180330354311,78.5551957081095
14.3553571428571,1.57634205805063,1.52602727917534,1.8171637780561,78.5562658242339
14.3554563492063,1.57620342391381,1.52604786898906,1.81629493638029,78.5573357788218
14.3555555555556,1.57606479576018,1.52606839492365,1.81542651019965,78.5584055719055
14.3556547619048,1.57592617363749,1.52608885699651,1.81455849931017,78.5594752035176
14.355753968254,1.57578755759357,1.52610925522502,1.81369090350799,78.5605446736907
14.3558531746032,1.57564894767629,1.52612958962649,1.81282372258934,78.561613982457
14.3559523809524,1.57551034393357,1.52614986021822,1.81195695635048,78.5626831298492
14.3560515873016,1.57537174641338,1.52617006701748,1.81109060458782,78.5637521158994
14.3561507936508,1.57523315516374,1.52619021004147,1.81022466709779,78.56482094064
14.35625,1.57509457023275,1.52621028930739,1.80935914367699,78.5658896041033
14.3563492063492,1.57495599166852,1.52623030483238,1.80849403412202,78.5669581063216
14.3564484126984,1.57481741951926,1.52625025663354,1.80762933822965,78.5680264473269
14.3565476190476,1.57467885383318,1.52627014472794,1.80676505579664,78.5690946271514
14.3566468253968,1.5745402946586,1.52628996913263,1.80590118661996,78.5701626458273
14.356746031746,1.57440174204384,1.52630972986459,1.80503773049653,78.5712305033866
14.3568452380952,1.57426319603731,1.5263294269408,1.80417468722348,78.5722981998614
14.3569444444444,1.57412465668746,1.52634906037816,1.80331205659793,78.5733657352835
14.3570436507936,1.57398612404278,1.52636863019357,1.80244983841717,78.574433109685
14.3571428571429,1.57384759815183,1.52638813640388,1.80158803247849,78.5755003230978
14.3572420634921,1.57370907906322,1.52640757902589,1.80072663857933,78.5765673755537
14.3573412698413,1.57357056682561,1.52642695807638,1.79986565651724,78.5776342670844
14.3574404761905,1.57343206148771,1.5264462735721,1.79900508608976,78.5787009977219
14.3575396825397,1.57329356309829,1.52646552552973,1.79814492709461,78.5797675674978
14.3576388888889,1.57315507170616,1.52648471396595,1.79728517932953,78.5808339764438
14.3577380952381,1.57301658736019,1.52650383889738,1.79642584259241,78.5819002245915
14.3578373015873,1.57287811010932,1.52652290034062,1.79556691668115,78.5829663119727
14.3579365079365,1.57273964000251,1.5265418983122,1.79470840139383,78.5840322386187
14.3580357142857,1.5726011770888,1.52656083282865,1.79385029652852,78.5850980045613
14.3581349206349,1.57246272141726,1.52657970390645,1.79299260188347,78.5861636098317
14.3582341269841,1.57232427303703,1.52659851156204,1.79213531725692,78.5872290544616
14.3583333333333,1.57218583199731,1.52661725581182,1.7912784424473,78.5882943384822
14.3584325396825,1.57204739834731,1.52663593667216,1.79042197725302,78.589359461925
14.3585317460317,1.57190897213636,1.5266545541594,1.78956592147268,78.5904244248213
14.358630952381,1.57177055341377,1.52667310828981,1.78871027490488,78.5914892272023
14.3587301587302,1.57163214222896,1.52669159907967,1.78785503734836,78.5925538690992
14.3588293650794,1.57149373863138,1.52671002654518,1.78700020860196,78.5936183505433
14.3589285714286,1.57135534267052,1.52672839070254,1.78614578846453,78.5946826715657
14.3590277777778,1.57121695439595,1.52674669156788,1.78529177673509,78.5957468321976
14.359126984127,1.57107857385727,1.52676492915731,1.78443817321268,78.5968108324699
14.3592261904762,1.57094020110415,1.52678310348691,1.7835849776965,78.5978746724138
14.3593253968254,1.5708018361863,1.52680121457271,1.78273218998575,78.5989383520601
14.3594246031746,1.57066347915349,1.52681926243071,1.7818798098798,78.6000018714399
14.3595238095238,1.57052513005553,1.52683724707686,1.78102783717804,78.601065230584
14.359623015873,1.57038678894231,1.52685516852709,1.78017627168001,78.6021284295234
14.3597222222222,1.57024845586374,1.52687302679728,1.77932511318526,78.6031914682888
14.3598214285714,1.57011013086981,1.52689082190328,1.77847436149351,78.6042543469109
14.3599206349206,1.56997181401054,1.52690855386091,1.77762401640449,78.6053170654207
14.3600198412698,1.56983350533602,1.52692622268594,1.77677407771809,78.6063796238486
14.360119047619,1.56969520489638,1.52694382839411,1.77592454523421,78.6074420222255
14.3602182539683,1.56955691274182,1.52696137100111,1.77507541875289,78.6085042605818
14.3603174603175,1.56941862892257,1.52697885052261,1.77422669807428,78.6095663389482
14.3604166666667,1.56928035348893,1.52699626697424,1.77337838299853,78.6106282573552
14.3605158730159,1.56914208649125,1.52701362037159,1.77253047332597,78.6116900158333
14.3606150793651,1.56900382797993,1.5270309107302,1.77168296885693,78.612751614413
14.3607142857143,1.56886557800542,1.5270481380656,1.77083586939191,78.6138130531245
14.3608134920635,1.56872733661822,1.52706530239326,1.76998917473142,78.6148743319984
14.3609126984127,1.5685891038689,1.52708240372863,1.76914288467614,78.6159354510649
14.3610119047619,1.56845087980806,1.5270994420871,1.76829699902675,78.6169964103543
14.3611111111111,1.56831266448637,1.52711641748404,1.76745151758408,78.6180572098968
14.3612103174603,1.56817445795454,1.52713332993479,1.76660644014901,78.6191178497227
14.3613095238095,1.56803626026335,1.52715017945464,1.76576176652255,78.6201783298621
14.3614087301587,1.56789807146361,1.52716696605884,1.76491749650572,78.6212386503451
14.3615079365079,1.5677598916062,1.52718368976262,1.76407362989973,78.6222988112017
14.3616071428571,1.56762172074205,1.52720035058114,1.76323016650577,78.6233588124621
14.3617063492064,1.56748355892214,1.52721694852957,1.7623871061252,78.6244186541562
14.3618055555556,1.56734540619749,1.52723348362301,1.76154444855944,78.6254783363139
14.3619047619048,1.5672072626192,1.52724995587652,1.76070219360997,78.6265378589652
14.362003968254,1.56706912823841,1.52726636530514,1.75986034107841,78.6275972221399
14.3621031746032,1.5669310031063,1.52728271192387,1.7590188907664,78.6286564258678
14.3622023809524,1.56679288727411,1.52729899574767,1.75817784247574,78.6297154701788
14.3623015873016,1.56665478079315,1.52731521679146,1.75733719600823,78.6307743551025
14.3624007936508,1.56651668371477,1.52733137507013,1.75649695116587,78.6318330806687
14.3625,1.56637859609035,1.52734747059852,1.75565710775062,78.6328916469071
14.3625992063492,1.56624051797137,1.52736350339144,1.75481766556464,78.6339500538471
14.3626984126984,1.56610244940933,1.52737947346368,1.75397862441009,78.6350083015185
14.3627976190476,1.56596439045578,1.52739538082996,1.75313998408928,78.6360663899507
14.3628968253968,1.56582634116234,1.52741122550499,1.75230174440456,78.6371243191733
14.362996031746,1.56568830158068,1.52742700750343,1.75146390515841,78.6381820892157
14.3630952380952,1.5655502717625,1.52744272683991,1.75062646615335,78.6392397001073
14.3631944444444,1.56541225175959,1.52745838352902,1.74978942719201,78.6402971518774
14.3632936507937,1.56527424162377,1.5274739775853,1.74895278807715,78.6413544445555
14.3633928571429,1.56513624140692,1.52748950902328,1.74811654861152,78.6424115781707
14.3634920634921,1.56499825116095,1.52750497785742,1.74728070859805,78.6434685527523
14.3635912698413,1.56486027093786,1.52752038410218,1.74644526783969,78.6445253683296
14.3636904761905,1.56472230078969,1.52753572777196,1.74561022613954,78.6455820249316
14.3637896825397,1.5645843407685,1.52755100888112,1.7447755833007,78.6466385225876
14.3638888888889,1.56444639092645,1.52756622744399,1.74394133912647,78.6476948613265
14.3639880952381,1.56430845131573,1.52758138347487,1.74310749342011,78.6487510411775
14.3640873015873,1.56417052198859,1.52759647698801,1.7422740459851,78.6498070621694
14.3641865079365,1.56403260299732,1.52761150799763,1.74144099662487,78.6508629243314
14.3642857142857,1.56389469439428,1.52762647651792,1.74060834514307,78.6519186276922
14.3643849206349,1.56375679623185,1.52764138256301,1.73977609134332,78.6529741722807
14.3644841269841,1.56361890856252,1.52765622614701,1.73894423502942,78.6540295581258
14.3645833333333,1.56348103143877,1.527671007284,1.73811277600518,78.6550847852563
14.3646825396825,1.56334316491318,1.52768572598801,1.73728171407454,78.6561398537009
14.3647817460317,1.56320530903836,1.52770038227303,1.73645104904156,78.6571947634883
14.364880952381,1.56306746386698,1.52771497615302,1.7356207807103,78.6582495146472
14.3649801587302,1.56292962945175,1.52772950764192,1.73479090888498,78.6593041072061
14.3650793650794,1.56279180584545,1.52774397675359,1.73396143336986,78.6603585411938
14.3651785714286,1.56265399310091,1.52775838350189,1.73313235396933,78.6614128166386
14.3652777777778,1.56251619127099,1.52777272790064,1.73230367048781,78.6624669335692
14.365376984127,1.56237840040864,1.5277870099636,1.73147538272989,78.6635208920139
14.3654761904762,1.56224062056684,1.52780122970451,1.73064749050014,78.6645746920012
14.3655753968254,1.56210285179862,1.52781538713708,1.72981999360333,78.6656283335594
14.3656746031746,1.56196509415707,1.52782948227496,1.7289928918442,78.6666818167169
14.3657738095238,1.56182734769534,1.52784351513178,1.7281661850277,78.667735141502
14.365873015873,1.56168961246662,1.52785748572113,1.72733987295876,78.6687883079429
14.3659722222222,1.56155188852415,1.52787139405657,1.72651395544247,78.6698413160678
14.3660714285714,1.56141417592124,1.5278852401516,1.72568843228395,78.6708941659049
14.3661706349206,1.56127647471123,1.52789902401971,1.72486330328844,78.6719468574824
14.3662698412698,1.56113878494754,1.52791274567433,1.72403856826131,78.6729993908282
14.366369047619,1.56100110668362,1.52792640512888,1.72321422700789,78.6740517659704
14.3664682539683,1.56086343997299,1.52794000239671,1.72239027933375,78.6751039829371
14.3665674603175,1.5607257848692,1.52795353749115,1.72156672504441,78.6761560417562
14.3666666666667,1.56058814142588,1.52796701042551,1.72074356394559,78.6772079424555
14.3667658730159,1.56045050969668,1.52798042121303,1.71992079584301,78.6782596850631
14.3668650793651,1.56031288973535,1.52799376986693,1.71909842054254,78.6793112696066
14.3669642857143,1.56017528159563,1.52800705640039,1.71827643785007,78.680362696114
14.3670634920635,1.56003768533138,1.52802028082656,1.71745484757166,78.6814139646129
14.3671626984127,1.55990010099646,1.52803344315855,1.71663364951338,78.6824650751311
14.3672619047619,1.55976252864481,1.52804654340943,1.71581284348145,78.6835160276962
14.3673611111111,1.55962496833041,1.52805958159222,1.71499242928211,78.6845668223359
14.3674603174603,1.55948742010731,1.52807255771993,1.71417240672176,78.6856174590776
14.3675595238095,1.55934988402958,1.52808547180552,1.71335277560682,78.6866679379491
14.3676587301587,1.55921236015138,1.5280983238619,1.71253353574384,78.6877182589778
14.3677579365079,1.55907484852691,1.52811111390196,1.71171468693946,78.6887684221911
14.3678571428571,1.55893734921041,1.52812384193856,1.71089622900036,78.6898184276165
14.3679563492063,1.55879986225618,1.52813650798449,1.71007816173337,78.6908682752813
14.3680555555556,1.55866238771858,1.52814911205254,1.70926048494534,78.6919179652129
14.3681547619048,1.55852492565202,1.52816165415544,1.70844319844327,78.6929674974385
14.368253968254,1.55838747611095,1.52817413430589,1.70762630203419,78.6940168719855
14.3683531746032,1.55825003914989,1.52818655251656,1.70680979552528,78.6950660888809
14.3684523809524,1.5581126148234,1.52819890880007,1.70599367872373,78.6961151481521
14.3685515873016,1.55797520318611,1.52821120316901,1.70517795143691,78.6971640498261
14.3686507936508,1.55783780429267,1.52822343563593,1.70436261347216,78.6982127939301
14.36875,1.55770041819783,1.52823560621334,1.70354766463703,78.699261380491
14.3688492063492,1.55756304495634,1.52824771491373,1.70273310473906,78.7003098095358
14.3689484126984,1.55742568462305,1.52825976174953,1.70191893358595,78.7013580810916
14.3690476190476,1.55728833725283,1.52827174673314,1.70110515098541,78.7024061951852
14.3691468253968,1.55715100290062,1.52828366987695,1.70029175674531,78.7034541518436
14.369246031746,1.55701368162141,1.52829553119326,1.69947875067358,78.7045019510934
14.3693452380952,1.55687637347022,1.52830733069438,1.6986661325782,78.7055495929617
14.3694444444444,1.55673907850217,1.52831906839256,1.69785390226731,78.7065970774751
14.3695436507937,1.55660179677239,1.52833074430002,1.69704205954906,78.7076444046603
14.3696428571429,1.55646452833609,1.52834235842894,1.69623060423176,78.7086915745439
14.3697420634921,1.5563272732485,1.52835391079146,1.69541953612373,78.7097385871528
14.3698412698413,1.55619003156494,1.52836540139969,1.69460885503345,78.7107854425133
14.3699404761905,1.55605280334076,1.52837683026571,1.69379856076943,78.7118321406521
14.3700396825397,1.55591558863138,1.52838819740154,1.69298865314031,78.7128786815957
14.3701388888889,1.55577838749225,1.52839950281919,1.69217913195477,78.7139250653705
14.3702380952381,1.55564119997889,1.5284107465306,1.69136999702164,78.7149712920029
14.3703373015873,1.55550402614685,1.5284219285477,1.69056124814976,78.7160173615194
14.3704365079365,1.55536686605178,1.52843304888238,1.68975288514815,78.7170632739462
14.3705357142857,1.55522971974933,1.52844410754649,1.6889449078258,78.7181090293098
14.3706349206349,1.55509258729524,1.52845510455183,1.68813731599189,78.7191546276363
14.3707341269841,1.55495546874528,1.52846603991017,1.68733010945566,78.7202000689519
14.3708333333333,1.55481836415528,1.52847691363327,1.68652328802639,78.7212453532828
14.3709325396825,1.55468127358113,1.52848772573281,1.68571685151352,78.7222904806552
14.3710317460317,1.55454419707875,1.52849847622046,1.68491079972649,78.7233354510952
14.371130952381,1.55440713470415,1.52850916510784,1.68410513247493,78.7243802646287
14.3712301587302,1.55427008651336,1.52851979240654,1.68329984956845,78.7254249212818
14.3713293650794,1.55413305256249,1.52853035812812,1.68249495081685,78.7264694210805
14.3714285714286,1.55399603290766,1.52854086228408,1.68169043602991,78.7275137640507
14.3715277777778,1.55385902760509,1.52855130488591,1.6808863050176,78.7285579502183
14.371626984127,1.55372203671103,1.52856168594504,1.68008255758989,78.7296019796091
14.3717261904762,1.55358506028178,1.52857200547289,1.67927919355692,78.7306458522489
14.3718253968254,1.5534480983737,1.52858226348081,1.67847621272883,78.7316895681635
14.3719246031746,1.55331115104321,1.52859245998013,1.67767361491593,78.7327331273786
14.3720238095238,1.55317421834676,1.52860259498215,1.67687139992852,78.7337765299199
14.372123015873,1.55303730034087,1.52861266849812,1.67606956757709,78.734819775813
14.3722222222222,1.55290039708211,1.52862268053926,1.67526811767218,78.7358628650834
14.3723214285714,1.5527635086271,1.52863263111675,1.67446705002436,78.7369057977569
14.3724206349206,1.55262663503253,1.52864252024174,1.67366636444438,78.7379485738587
14.3725198412698,1.55248977635511,1.52865234792533,1.67286606074298,78.7389911934146
14.372619047619,1.55235293265162,1.52866211417859,1.6720661387311,78.7400336564498
14.3727182539683,1.5522161039789,1.52867181901255,1.67126659821964,78.7410759629897
14.3728174603175,1.55207929039383,1.52868146243822,1.6704674390197,78.7421181130597
14.3729166666667,1.55194249195336,1.52869104446654,1.66966866094238,78.7431601066852
14.3730158730159,1.55180570871446,1.52870056510845,1.66887026379895,78.7442019438912
14.3731150793651,1.55166894073419,1.52871002437482,1.66807224740067,78.7452436247032
14.3732142857143,1.55153218806965,1.5287194222765,1.66727461155898,78.7462851491462
14.3733134920635,1.55139545077797,1.5287287588243,1.66647735608532,78.7473265172454
14.3734126984127,1.55125872891637,1.52873803402901,1.66568048079132,78.7483677290258
14.3735119047619,1.55112202254209,1.52874724790134,1.66488398548858,78.7494087845127
14.3736111111111,1.55098533171245,1.52875640045201,1.66408786998887,78.7504496837309
14.3737103174603,1.55084865648481,1.52876549169168,1.66329213410405,78.7514904267054
14.3738095238095,1.55071199691657,1.52877452163097,1.66249677764599,78.7525310134611
14.3739087301587,1.5505753530652,1.52878349028046,1.66170180042674,78.753571444023
14.3740079365079,1.55043872498823,1.52879239765072,1.66090720225835,78.7546117184159
14.3741071428571,1.55030211274322,1.52880124375225,1.66011298295305,78.7556518366646
14.3742063492064,1.55016551638779,1.52881002859553,1.65931914232304,78.7566917987938
14.3743055555556,1.55002893597962,1.528818752191,1.65852568018074,78.7577316048283
14.3744047619048,1.54989237157644,1.52882741454907,1.65773259633854,78.7587712547928
14.374503968254,1.54975582323604,1.5288360156801,1.656939890609,78.7598107487119
14.3746031746032,1.54961929101625,1.52884455559442,1.6561475628047,78.7608500866102
14.3747023809524,1.54948277497495,1.52885303430232,1.65535561273838,78.7618892685122
14.3748015873016,1.54934627517008,1.52886145181406,1.65456404022278,78.7629282944425
14.3749007936508,1.54920979165964,1.52886980813985,1.65377284507083,78.7639671644256
14.375,1.54907332450168,1.52887810328988,1.65298202709543,78.7650058784858
14.3750992063492,1.54893687375428,1.52888633727429,1.65219158610966,78.7660444366476
14.3751984126984,1.54880043947561,1.52889451010318,1.65140152192668,78.7670828389353
14.3752976190476,1.54866402172386,1.52890262178663,1.65061183435965,78.7681210853733
14.3753968253968,1.54852762055729,1.52891067233467,1.64982252322194,78.7691591759857
14.375496031746,1.54839123603421,1.5289186617573,1.64903358832688,78.7701971107968
14.3755952380952,1.54825486821299,1.52892659006446,1.64824502948802,78.7712348898308
14.3756944444444,1.54811851715203,1.52893445726609,1.64745684651887,78.7722725131119
14.3757936507936,1.54798218290981,1.52894226337207,1.64666903923313,78.7733099806641
14.3758928571429,1.54784586554484,1.52895000839224,1.6458816074445,78.7743472925115
14.3759920634921,1.54770956511571,1.52895769233642,1.64509455096685,78.7753844486782
14.3760912698413,1.54757328168102,1.52896531521438,1.64430786961405,78.776421449188
14.3761904761905,1.54743701529946,1.52897287703585,1.64352156320015,78.7774582940649
14.3762896825397,1.54730076602976,1.52898037781054,1.6427356315392,78.7784949833329
14.3763888888889,1.54716453393071,1.52898781754811,1.6419500744454,78.7795315170157
14.3764880952381,1.54702831906114,1.52899519625818,1.641164891733,78.7805678951372
14.3765873015873,1.54689212147994,1.52900251395034,1.64038008321634,78.7816041177212
14.3766865079365,1.54675594124606,1.52900977063414,1.63959564870989,78.7826401847913
14.3767857142857,1.54661977841848,1.5290169663191,1.63881158802814,78.7836760963713
14.3768849206349,1.54648363305626,1.52902410101469,1.63802790098573,78.7847118524847
14.3769841269841,1.54634750521849,1.52903117473035,1.63724458739732,78.7857474531553
14.3770833333333,1.54621139496433,1.52903818747549,1.63646164707773,78.7867828984066
14.3771825396825,1.54607530235297,1.52904513925947,1.63567907984179,78.787818188262
14.3772817460317,1.5459392274437,1.52905203009162,1.63489688550451,78.7888533227451
14.377380952381,1.5458031702958,1.52905885998123,1.63411506388087,78.7898883018794
14.3774801587302,1.54566713096865,1.52906562893755,1.63333361478606,78.7909231256881
14.3775793650794,1.54553110952165,1.52907233696982,1.63255253803525,78.7919577941946
14.3776785714286,1.54539510601429,1.52907898408719,1.63177183344379,78.7929923074223
14.3777777777778,1.54525912050608,1.52908557029883,1.63099150082702,78.7940266653945
14.377876984127,1.54512315305661,1.52909209561382,1.63021154000047,78.7950608681343
14.3779761904762,1.54498720372548,1.52909856004126,1.62943195077966,78.796094915665
14.3780753968254,1.54485127257238,1.52910496359016,1.62865273298025,78.7971288080097
14.3781746031746,1.54471535965706,1.52911130626952,1.62787388641802,78.7981625451914
14.3782738095238,1.54457946503928,1.5291175880883,1.62709541090874,78.7991961272334
14.378373015873,1.5444435887789,1.52912380905542,1.62631730626837,78.8002295541585
14.3784722222222,1.5443077309358,1.52912996917977,1.62553957231286,78.8012628259898
14.3785714285714,1.54417189138607,1.52913606854354,1.62476220885939,78.8022959428238
14.3786706349206,1.54403606525462,1.52914210912362,1.62398521575622,78.8033289066614
14.3787698412698,1.54390025035012,1.52914809182433,1.62320859284674,78.8043617184246
14.378869047619,1.54376444666959,1.52915401667664,1.62243233996341,78.8053943781579
14.3789682539683,1.54362865421005,1.52915988371152,1.62165645693883,78.8064268859058
14.3790674603175,1.54349287296855,1.52916569295992,1.62088094360554,78.8074592417127
14.3791666666667,1.54335710294216,1.52917144445277,1.62010579979626,78.8084914456231
14.3792658730159,1.54322134412796,1.52917713822098,1.61933102534365,78.8095234976814
14.3793650793651,1.54308559652305,1.52918277429546,1.61855662008052,78.8105553979319
14.3794642857143,1.54294986012452,1.52918835270708,1.61778258383964,78.8115871464189
14.3795634920635,1.54281413492952,1.52919387348673,1.61700891645391,78.812618743187
14.3796626984127,1.54267842093518,1.52919933666524,1.61623561775628,78.8136501882803
14.3797619047619,1.54254271813866,1.52920474227346,1.61546268757967,78.8146814817432
14.3798611111111,1.54240702653713,1.52921009034221,1.61469012575716,78.8157126236199
14.3799603174603,1.54227134612778,1.52921538090229,1.6139179321218,78.8167436139548
14.3800595238095,1.54213567690781,1.52922061398449,1.61314610650677,78.817774452792
14.3801587301587,1.54200001887445,1.52922578961957,1.61237464874522,78.8188051401759
14.3802579365079,1.54186437202493,1.52923090783831,1.61160355867042,78.8198356761506
14.3803571428571,1.54172873635649,1.52923596867142,1.61083283611565,78.8208660607603
14.3804563492063,1.54159311186642,1.52924097214965,1.6100624809143,78.8218962940492
14.3805555555556,1.54145749855198,1.5292459183037,1.60929249289972,78.8229263760615
14.3806547619048,1.54132189641048,1.52925080716426,1.60852287190542,78.8239563068413
14.380753968254,1.54118630543922,1.52925563876201,1.60775361776488,78.8249860864327
14.3808531746032,1.54105072563555,1.5292604131276,1.60698473031169,78.8260157148798
14.3809523809524,1.54091515699679,1.52926513029168,1.60621620937944,78.8270451922267
14.3810515873016,1.54077959952031,1.52926979028488,1.60544805480182,78.8280745185174
14.3811507936508,1.5406440532035,1.52927439313781,1.60468026641258,78.8291036937961
14.38125,1.54050851804372,1.52927893888106,1.60391284404545,78.8301327181066
14.3813492063492,1.54037299403841,1.52928342754522,1.60314578753431,78.8311615914931
14.3814484126984,1.54023748118496,1.52928785916085,1.60237909671301,78.8321903139995
14.3815476190476,1.54010197948084,1.5292922337585,1.60161277141552,78.8332188856698
14.3816468253968,1.53996648892348,1.5292965513687,1.60084681147581,78.8342473065479
14.381746031746,1.53983100951035,1.52930081202196,1.60008121672795,78.8352755766778
14.3818452380952,1.53969554123895,1.52930501574879,1.59931598700601,78.8363036961033
14.3819444444444,1.53956008410677,1.52930916257967,1.59855112214418,78.8373316648684
14.3820436507937,1.53942463811132,1.52931325254506,1.59778662197662,78.838359483017
14.3821428571429,1.53928920325014,1.52931728567542,1.59702248633765,78.8393871505928
14.3822420634921,1.53915377952077,1.52932126200118,1.59625871506153,78.8404146676397
14.3823412698413,1.53901836692077,1.52932518155277,1.59549530798267,78.8414420342016
14.3824404761905,1.53888296544773,1.52932904436059,1.59473226493545,78.8424692503223
14.3825396825397,1.53874757509924,1.52933285045502,1.59396958575436,78.8434963160454
14.3826388888889,1.5386121958729,1.52933659986643,1.59320727027396,78.8445232314148
14.3827380952381,1.53847682776634,1.52934029262519,1.59244531832878,78.8455499964743
14.3828373015873,1.53834147077721,1.52934392876163,1.59168372975351,78.8465766112675
14.3829365079365,1.53820612490315,1.52934750830608,1.59092250438278,78.8476030758382
14.3830357142857,1.53807079014184,1.52935103128884,1.59016164205138,78.8486293902299
14.3831349206349,1.53793546649096,1.5293544977402,1.58940114259406,78.8496555544865
14.3832341269841,1.53780015394822,1.52935790769044,1.58864100584571,78.8506815686515
14.3833333333333,1.53766485251133,1.52936126116983,1.5878812316412,78.8517074327686
14.3834325396825,1.53752956217803,1.52936455820859,1.58712181981552,78.8527331468814
14.3835317460317,1.53739428294607,1.52936779883697,1.58636277020364,78.8537587110334
14.383630952381,1.53725901481321,1.52937098308517,1.58560408264065,78.8547841252683
14.3837301587302,1.53712375777724,1.52937411098339,1.58484575696164,78.8558093896296
14.3838293650794,1.53698851183594,1.52937718256181,1.58408779300182,78.8568345041608
14.3839285714286,1.53685327698713,1.52938019785058,1.58333019059636,78.8578594689055
14.3840277777778,1.53671805322864,1.52938315687987,1.58257294958057,78.8588842839071
14.384126984127,1.53658284055831,1.52938605967979,1.58181606978979,78.8599089492091
14.3842261904762,1.53644763897399,1.52938890628047,1.58105955105936,78.860933464855
14.3843253968254,1.53631244847357,1.529391696712,1.58030339322476,78.8619578308882
14.3844246031746,1.53617726905493,1.52939443100447,1.57954759612145,78.8629820473521
14.3845238095238,1.53604210071597,1.52939710918795,1.578792159585,78.8640061142902
14.384623015873,1.53590694345462,1.52939973129248,1.57803708345096,78.8650300317458
14.3847222222222,1.53577179726882,1.52940229734811,1.57728236755504,78.8660537997623
14.3848214285714,1.5356366621565,1.52940480738484,1.57652801173289,78.8670774183831
14.3849206349206,1.53550153811565,1.52940726143269,1.57577401582031,78.8681008876514
14.3850198412698,1.53536642514424,1.52940965952165,1.57502037965307,78.8691242076105
14.385119047619,1.53523132324027,1.52941200168167,1.57426710306707,78.8701473783038
14.3852182539683,1.53509623240176,1.52941428794273,1.5735141858982,78.8711703997745
14.3853174603175,1.53496115262673,1.52941651833475,1.57276162798245,78.8721932720659
14.3854166666667,1.53482608391324,1.52941869288766,1.57200942915582,78.8732159952213
14.3855158730159,1.53469102625933,1.52942081163137,1.5712575892544,78.8742385692837
14.3856150793651,1.5345559796631,1.52942287459577,1.57050610811435,78.8752609942964
14.3857142857143,1.53442094412262,1.52942488181073,1.5697549855718,78.8762832703027
14.3858134920635,1.53428591963601,1.52942683330612,1.56900422146303,78.8773053973455
14.3859126984127,1.53415090620139,1.52942872911178,1.5682538156243,78.8783273754682
14.3860119047619,1.53401590381689,1.52943056925753,1.56750376789199,78.8793492047138
14.3861111111111,1.53388091248068,1.52943235377318,1.56675407810246,78.8803708851254
14.3862103174603,1.53374593219092,1.52943408268853,1.5660047460922,78.881392416746
14.3863095238095,1.5336109629458,1.52943575603337,1.56525577169767,78.8824137996188
14.3864087301587,1.53347600474352,1.52943737383744,1.56450715475548,78.8834350337868
14.3865079365079,1.53334105758229,1.5294389361305,1.56375889510218,78.884456119293
14.3866071428571,1.53320612146035,1.52944044294229,1.5630109925745,78.8854770561804
14.3867063492063,1.53307119637593,1.52944189430251,1.5622634470091,78.8864978444921
14.3868055555556,1.53293628232732,1.52944329024086,1.5615162582428,78.8875184842709
14.3869047619048,1.53280137931279,1.52944463078704,1.56076942611239,78.8885389755598
14.387003968254,1.53266648733062,1.52944591597069,1.56002295045476,78.8895593184018
14.3871031746032,1.53253160637913,1.52944714582149,1.55927683110687,78.8905795128397
14.3872023809524,1.53239673645665,1.52944832036905,1.55853106790565,78.8915995589166
14.3873015873016,1.53226187756151,1.529449439643,1.5577856606882,78.8926194566751
14.3874007936508,1.53212702969208,1.52945050367294,1.55704060929156,78.8936392061582
14.3875,1.53199219284672,1.52945151248847,1.55629591355291,78.8946588074088
14.3875992063492,1.53185736702383,1.52945246611914,1.55555157330943,78.8956782604696
14.3876984126984,1.5317225522218,1.52945336459452,1.55480758839839,78.8966975653834
14.3877976190476,1.53158774843905,1.52945420794414,1.55406395865707,78.8977167221931
14.3878968253968,1.53145295567403,1.52945499619753,1.55332068392287,78.8987357309413
14.387996031746,1.53131817392517,1.52945572938419,1.55257776403316,78.8997545916708
14.3880952380952,1.53118340319095,1.52945640753361,1.55183519882544,78.9007733044244
14.3881944444444,1.53104864346985,1.52945703067528,1.5510929881372,78.9017918692448
14.3882936507936,1.53091389476036,1.52945759883864,1.55035113180605,78.9028102861745
14.3883928571429,1.53077915706099,1.52945811205314,1.54960962966958,78.9038285552564
14.3884920634921,1.53064443037027,1.52945857034821,1.54886848156548,78.904846676533
14.3885912698413,1.53050971468676,1.52945897375326,1.54812768733151,78.905864650047
14.3886904761905,1.530375010009,1.52945932229768,1.54738724680542,78.906882475841
14.3887896825397,1.53024031633557,1.52945961601086,1.54664715982508,78.9079001539575
14.3888888888889,1.53010563366505,1.52945985492214,1.54590742622836,78.9089176844392
14.3889880952381,1.52997096199607,1.52946003906089,1.54516804585324,78.9099350673286
14.3890873015873,1.52983630132723,1.52946016845643,1.54442901853767,78.9109523026682
14.3891865079365,1.52970165165718,1.52946024313808,1.54369034411976,78.9119693905006
14.3892857142857,1.52956701298456,1.52946026313513,1.54295202243757,78.9129863308682
14.3893849206349,1.52943238530805,1.52946022847686,1.5422140533293,78.9140031238135
14.3894841269841,1.52929776862633,1.52946013919255,1.54147643663313,78.9150197693791
14.3895833333333,1.5291631629381,1.52945999531145,1.54073917218737,78.9160362676072
14.3896825396825,1.52902856824206,1.52945979686279,1.54000225983029,78.9170526185404
14.3897817460317,1.52889398453697,1.52945954387578,1.53926569940032,78.918068822221
14.389880952381,1.52875941182154,1.52945923637963,1.53852949073583,78.9190848786915
14.3899801587302,1.52862485009456,1.52945887440353,1.53779363367533,78.9201007879942
14.3900793650794,1.5284902993548,1.52945845797665,1.53705812805738,78.9211165501714
14.3901785714286,1.52835575960105,1.52945798712814,1.53632297372053,78.9221321652654
14.3902777777778,1.52822123083212,1.52945746188714,1.53558817050345,78.9231476333187
14.390376984127,1.52808671304683,1.52945688228277,1.53485371824481,78.9241629543734
14.3904761904762,1.52795220624402,1.52945624834414,1.53411961678338,78.9251781284718
14.3905753968254,1.52781771042254,1.52945556010034,1.53338586595794,78.9261931556562
14.3906746031746,1.52768322558128,1.52945481758045,1.53265246560738,78.9272080359688
14.3907738095238,1.52754875171911,1.52945402081351,1.53191941557057,78.9282227694519
14.390873015873,1.52741428883493,1.52945316982858,1.5311867156865,78.9292373561476
14.3909722222222,1.52727983692767,1.52945226465469,1.53045436579417,78.930251796098
14.3910714285714,1.52714539599625,1.52945130532083,1.52972236573267,78.9312660893455
14.3911706349206,1.52701096603962,1.52945029185601,1.52899071534109,78.932280235932
14.3912698412698,1.52687654705676,1.52944922428921,1.52825941445864,78.9332942358998
14.391369047619,1.52674213904662,1.52944810264938,1.52752846292452,78.9343080892908
14.3914682539683,1.52660774200822,1.52944692696547,1.52679786057803,78.9353217961473
14.3915674603175,1.52647335594057,1.52944569726641,1.52606760725852,78.9363353565112
14.3916666666667,1.52633898084268,1.52944441358113,1.52533770280535,78.9373487704246
14.3917658730159,1.52620461671361,1.52944307593851,1.524608147058,78.9383620379296
14.3918650793651,1.5260702635524,1.52944168436743,1.52387893985592,78.9393751590681
14.3919642857143,1.52593592135814,1.52944023889677,1.52315008103871,78.9403881338821
14.3920634920635,1.5258015901299,1.52943873955538,1.52242157044592,78.9414009624136
14.3921626984127,1.5256672698668,1.52943718637208,1.52169340791727,78.9424136447045
14.3922619047619,1.52553296056795,1.5294355793757,1.52096559329241,78.9434261807968
14.3923611111111,1.5253986622325,1.52943391859504,1.52023812641115,78.9444385707324
14.3924603174603,1.52526437485958,1.52943220405888,1.51951100711326,78.9454508145531
14.3925595238095,1.52513009844837,1.529430435796,1.51878423523867,78.9464629123009
14.3926587301587,1.52499583299805,1.52942861383515,1.51805781062725,78.9474748640177
14.3927579365079,1.52486157850782,1.52942673820506,1.51733173311903,78.9484866697451
14.3928571428571,1.52472733497688,1.52942480893446,1.51660600255398,78.9494983295251
14.3929563492064,1.52459310240447,1.52942282605206,1.51588061877222,78.9505098433995
14.3930555555556,1.52445888078984,1.52942078958654,1.51515558161391,78.95152121141
14.3931547619048,1.52432467013224,1.52941869956659,1.5144308909192,78.9525324335984
14.393253968254,1.52419047043095,1.52941655602085,1.51370654652836,78.9535435100064
14.3933531746032,1.52405628168526,1.52941435897797,1.51298254828167,78.9545544406758
14.3934523809524,1.52392210389447,1.52941210846657,1.51225889601951,78.9555652256483
14.3935515873016,1.52378793705791,1.52940980451527,1.51153558958224,78.9565758649655
14.3936507936508,1.52365378117492,1.52940744715266,1.51081262881037,78.9575863586692
14.39375,1.52351963624484,1.52940503640731,1.51009001354437,78.9585967068009
14.3938492063492,1.52338550226706,1.5294025723078,1.50936774362484,78.9596069094023
14.3939484126984,1.52325137924094,1.52940005488266,1.50864581889236,78.960616966515
14.3940476190476,1.52311726716591,1.52939748416042,1.50792423918765,78.9616268781806
14.3941468253968,1.52298316604135,1.52939486016961,1.50720300435139,78.9626366444407
14.394246031746,1.52284907586672,1.52939218293871,1.50648211422439,78.9636462653367
14.3943452380952,1.52271499664146,1.5293894524962,1.50576156864746,78.9646557409104
14.3944444444444,1.52258092836502,1.52938666887057,1.5050413674615,78.9656650712031
14.3945436507937,1.52244687103689,1.52938383209024,1.50432151050746,78.9666742562564
14.3946428571429,1.52231282465656,1.52938094218367,1.50360199762631,78.9676832961118
14.3947420634921,1.52217878922354,1.52937799917926,1.50288282865912,78.9686921908106
14.3948412698413,1.52204476473735,1.52937500310541,1.50216400344695,78.9697009403944
14.3949404761905,1.52191075119755,1.52937195399052,1.50144552183101,78.9707095449046
14.3950396825397,1.52177674860366,1.52936885186296,1.50072738365246,78.9717180043825
14.3951388888889,1.52164275695529,1.52936569675107,1.50000958875259,78.9727263188696
14.3952380952381,1.521508776252,1.52936248868319,1.49929213697268,78.9737344884072
14.3953373015873,1.5213748064934,1.52935922768765,1.49857502815413,78.9747425130367
14.3954365079365,1.52124084767911,1.52935591379275,1.49785826213834,78.9757503927994
14.3955357142857,1.52110689980876,1.52935254702678,1.49714183876681,78.9767581277365
14.3956349206349,1.52097296288201,1.52934912741802,1.49642575788102,78.9777657178895
14.3957341269841,1.52083903689852,1.52934565499472,1.49571001932261,78.9787731632995
14.3958333333333,1.52070512185796,1.52934212978513,1.49499462293315,78.9797804640078
14.3959325396825,1.52057121776003,1.52933855181746,1.49427956855437,78.9807876200557
14.3960317460317,1.52043732460445,1.52933492111993,1.49356485602802,78.9817946314843
14.396130952381,1.52030344239095,1.52933123772074,1.49285048519586,78.982801498335
14.3962301587302,1.52016957111926,1.52932750164806,1.49213645589977,78.9838082206487
14.3963293650794,1.52003571078914,1.52932371293005,1.49142276798161,78.9848147984667
14.3964285714286,1.51990186140037,1.52931987159485,1.49070942128339,78.9858212318301
14.3965277777778,1.51976802295274,1.5293159776706,1.48999641564706,78.9868275207801
14.396626984127,1.51963419544605,1.52931203118542,1.48928375091474,78.9878336653577
14.3967261904762,1.51950037888012,1.52930803216739,1.48857142692848,78.9888396656041
14.3968253968254,1.51936657325479,1.5293039806446,1.48785944353052,78.9898455215602
14.3969246031746,1.51923277856991,1.52929987664512,1.48714780056301,78.9908512332672
14.3970238095238,1.51909899482535,1.52929572019699,1.48643649786829,78.991856800766
14.397123015873,1.51896522202099,1.52929151132825,1.48572553528863,78.9928622240978
14.3972222222222,1.51883146015673,1.52928725006691,1.48501491266647,78.9938675033033
14.3973214285714,1.51869770923248,1.52928293644098,1.48430462984419,78.9948726384237
14.3974206349206,1.51856396924818,1.52927857047844,1.48359468666431,78.9958776294999
14.3975198412698,1.51843024020376,1.52927415220726,1.48288508296938,78.9968824765728
14.397619047619,1.51829652209919,1.5292696816554,1.48217581860197,78.9978871796833
14.3977182539683,1.51816281493445,1.52926515885079,1.48146689340477,78.9988917388723
14.3978174603175,1.51802911870953,1.52926058382135,1.48075830722043,78.9998961541807
14.3979166666667,1.51789543342443,1.52925595659499,1.48005005989175,79.0009004256493
14.3980158730159,1.51776175907918,1.5292512771996,1.4793421512615,79.001904553319
14.3981150793651,1.51762809567381,1.52924654566305,1.47863458117259,79.0029085372306
14.3982142857143,1.51749444320839,1.52924176201319,1.47792734946788,79.0039123774249
14.3983134920635,1.51736080168298,1.52923692627788,1.4772204559904,79.0049160739426
14.3984126984127,1.51722717109766,1.52923203848493,1.47651390058313,79.0059196268246
14.3985119047619,1.51709355145254,1.52922709866216,1.47580768308917,79.0069230361116
14.3986111111111,1.51695994274773,1.52922210683735,1.47510180335163,79.0079263018443
14.3987103174603,1.51682634498337,1.52921706303828,1.47439626121372,79.0089294240634
14.3988095238095,1.5166927581596,1.52921196729272,1.47369105651864,79.0099324028096
14.3989087301587,1.51655918227659,1.52920681962842,1.4729861891097,79.0109352381235
14.3990079365079,1.51642561733452,1.52920162007309,1.47228165883027,79.0119379300459
14.3991071428571,1.51629206333357,1.52919636865445,1.47157746552371,79.0129404786173
14.3992063492063,1.51615852027397,1.52919106540021,1.4708736090335,79.0139428838783
14.3993055555556,1.51602498815593,1.52918571033803,1.4701700892031,79.0149451458696
14.3994047619048,1.51589146697969,1.52918030349559,1.46946690587613,79.0159472646316
14.399503968254,1.51575795674552,1.52917484490054,1.46876405889614,79.0169492402051
14.3996031746032,1.51562445745369,1.5291693345805,1.46806154810684,79.0179510726304
14.3997023809524,1.51549096910448,1.5291637725631,1.46735937335191,79.0189527619482
14.3998015873016,1.51535749169819,1.52915815887593,1.46665753447516,79.0199543081989
14.3999007936508,1.51522402523515,1.52915249354659,1.46595603132038,79.020955711423
14.4,1.5150905697157,1.52914677660263,1.46525486373148,79.0219569716609
14.4000992063492,1.51495712514017,1.52914100807162,1.46455403155235,79.0229580889531
14.4001984126984,1.51482369150894,1.52913518798109,1.46385353462703,79.02395906334
14.4002976190476,1.51469026882238,1.52912931635855,1.46315337279951,79.0249598948621
14.4003968253968,1.5145568570809,1.52912339323153,1.46245354591389,79.0259605835596
14.400496031746,1.51442345628491,1.52911741862749,1.46175405381436,79.026961129473
14.4005952380952,1.51429006643483,1.52911139257393,1.46105489634506,79.0279615326426
14.4006944444444,1.51415668753112,1.52910531509829,1.46035607335028,79.0289617931088
14.4007936507937,1.51402331957421,1.52909918622801,1.4596575846743,79.0299619109118
14.4008928571429,1.51388996256461,1.52909300599053,1.45895943016151,79.030961886092
14.4009920634921,1.51375661650278,1.52908677441324,1.45826160965628,79.0319617186895
14.4010912698413,1.51362328138925,1.52908049152355,1.45756412300313,79.0329614087447
14.4011904761905,1.51348995722452,1.52907415734882,1.45686697004652,79.0339609562979
14.4012896825397,1.51335664400914,1.52906777191642,1.45617015063108,79.0349603613891
14.4013888888889,1.51322334174366,1.52906133525369,1.45547366460139,79.0359596240586
14.4014880952381,1.51309005042865,1.52905484738797,1.45477751180216,79.0369587443466
14.4015873015873,1.51295677006469,1.52904830834657,1.4540816920781,79.0379577222933
14.4016865079365,1.51282350065239,1.52904171815677,1.45338620527402,79.0389565579387
14.4017857142857,1.51269024219235,1.52903507684587,1.45269105123474,79.039955251323
14.4018849206349,1.5125569946852,1.52902838444112,1.45199622980515,79.0409538024863
14.4019841269841,1.5124237581316,1.52902164096978,1.45130174083023,79.0419522114687
14.4020833333333,1.51229053253221,1.52901484645908,1.45060758415494,79.0429504783103
14.4021825396825,1.51215731788769,1.52900800093623,1.44991375962438,79.043948603051
14.4022817460317,1.51202411419875,1.52900110442844,1.4492202670836,79.0449465857309
14.402380952381,1.5118909214661,1.52899415696289,1.44852710637781,79.0459444263901
14.4024801587302,1.51175773969045,1.52898715856675,1.44783427735219,79.0469421250685
14.4025793650794,1.51162456887255,1.52898010926717,1.44714177985203,79.047939681806
14.4026785714286,1.51149140901314,1.52897300909129,1.44644961372263,79.0489370966427
14.4027777777778,1.51135826011302,1.52896585806623,1.4457577788094,79.0499343696185
14.402876984127,1.51122512217294,1.52895865621909,1.44506627495772,79.0509315007732
14.4029761904762,1.51109199519373,1.52895140357696,1.44437510201312,79.0519284901468
14.4030753968254,1.5109588791762,1.52894410016692,1.44368425982108,79.0529253377791
14.4031746031746,1.51082577412118,1.52893674601601,1.44299374822724,79.05392204371
14.4032738095238,1.51069268002952,1.52892934115129,1.4423035670772,79.0549186079794
14.403373015873,1.51055959690208,1.52892188559977,1.44161371621668,79.055915030627
14.4034722222222,1.51042652473974,1.52891437938847,1.44092419549144,79.0569113116927
14.4035714285714,1.5102934635434,1.52890682254437,1.44023500474724,79.0579074512162
14.4036706349206,1.51016041331398,1.52889921509446,1.43954614382998,79.0589034492372
14.4037698412698,1.51002737405239,1.52889155706569,1.43885761258553,79.0598993057957
14.403869047619,1.50989434575957,1.528883848485,1.43816941085989,79.0608950209312
14.4039682539683,1.50976132843649,1.52887608937933,1.43748153849903,79.0618905946834
14.4040674603175,1.50962832208412,1.52886827977559,1.43679399534907,79.0628860270921
14.4041666666667,1.50949532670345,1.52886041970068,1.43610678125608,79.0638813181969
14.4042658730159,1.50936234229548,1.52885250918146,1.43541989606629,79.0648764680375
14.4043650793651,1.50922936886123,1.52884454824482,1.43473333962588,79.0658714766535
14.4044642857143,1.50909640640174,1.5288365369176,1.43404711178117,79.0668663440845
14.4045634920635,1.50896345491805,1.52882847522662,1.43336121237846,79.0678610703701
14.4046626984127,1.50883051441124,1.52882036319871,1.43267564126418,79.0688556555499
14.4047619047619,1.50869758488239,1.52881220086067,1.43199039828473,79.0698500996634
14.4048611111111,1.50856466633259,1.52880398823927,1.43130548328663,79.0708444027502
14.4049603174603,1.50843175876296,1.52879572536129,1.43062089611645,79.0718385648497
14.4050595238095,1.50829886217462,1.52878741225349,1.42993663662075,79.0728325860016
14.4051587301587,1.50816597656873,1.52877904894259,1.42925270464623,79.0738264662451
14.4052579365079,1.50803310194643,1.52877063545532,1.42856910003956,79.0748202056199
14.4053571428571,1.50790023830892,1.52876217181838,1.42788582264753,79.0758138041653
14.4054563492064,1.50776738565737,1.52875365805846,1.42720287231694,79.0768072619209
14.4055555555556,1.507634543993,1.52874509420222,1.42652024889468,79.0778005789259
14.4056547619048,1.50750171331702,1.52873648027634,1.42583795222765,79.0787937552198
14.405753968254,1.50736889363069,1.52872781630744,1.42515598216286,79.0797867908419
14.4058531746032,1.50723608493523,1.52871910232216,1.4244743385473,79.0807796858316
14.4059523809524,1.50710328723194,1.52871033834709,1.42379302122809,79.0817724402282
14.4060515873016,1.50697050052209,1.52870152440884,1.42311203005233,79.082765054071
14.4061507936508,1.50683772480698,1.52869266053397,1.42243136486726,79.0837575273993
14.40625,1.50670496008793,1.52868374674905,1.42175102552007,79.0847498602524
14.4063492063492,1.50657220636627,1.52867478308062,1.42107101185809,79.0857420526695
14.4064484126984,1.50643946364335,1.52866576955522,1.42039132372868,79.0867341046899
14.4065476190476,1.50630673192052,1.52865670619934,1.41971196097922,79.0877260163528
14.4066468253968,1.50617401119918,1.52864759303949,1.41903292345719,79.0887177876973
14.406746031746,1.5060413014807,1.52863843010215,1.41835421101008,79.0897094187627
14.4068452380952,1.50590860276651,1.52862921741377,1.41767582348548,79.0907009095881
14.4069444444444,1.50577591505802,1.52861995500082,1.41699776073097,79.0916922602127
14.4070436507936,1.50564323835667,1.52861064288972,1.41632002259427,79.0926834706755
14.4071428571429,1.50551057266393,1.52860128110688,1.41564260892306,79.0936745410157
14.4072420634921,1.50537791798126,1.52859186967871,1.41496551956515,79.0946654712723
14.4073412698413,1.50524527431015,1.52858240863159,1.41428875436835,79.0956562614845
14.4074404761905,1.50511264165211,1.52857289799189,1.41361231318058,79.0966469116912
14.4075396825397,1.50498002000864,1.52856333778596,1.41293619584973,79.0976374219315
14.4076388888889,1.50484740938129,1.52855372804014,1.41226040222384,79.0986277922444
14.4077380952381,1.50471480977161,1.52854406878074,1.41158493215092,79.0996180226689
14.4078373015873,1.50458222118115,1.52853436003406,1.41090978547907,79.1006081132439
14.4079365079365,1.50444964361151,1.52852460182641,1.41023496205649,79.1015980640084
14.4080357142857,1.50431707706426,1.52851479418404,1.40956046173132,79.1025878750014
14.4081349206349,1.50418452154105,1.52850493713322,1.40888628435188,79.1035775462617
14.4082341269841,1.50405197704347,1.52849503070019,1.40821242976643,79.1045670778283
14.4083333333333,1.50391944357318,1.52848507491116,1.40753889782338,79.10555646974
14.4084325396825,1.50378692113184,1.52847506979234,1.40686568837111,79.1065457220357
14.4085317460317,1.50365440972112,1.52846501536994,1.40619280125814,79.1075348347541
14.408630952381,1.50352190934271,1.52845491167011,1.40552023633295,79.1085238079342
14.4087301587302,1.50338941999832,1.52844475871903,1.40484799344416,79.1095126416147
14.4088293650794,1.50325694168966,1.52843455654283,1.40417607244036,79.1105013358345
14.4089285714286,1.50312447441847,1.52842430516765,1.40350447317028,79.1114898906322
14.4090277777778,1.50299201818651,1.52841400461959,1.40283319548263,79.1124783060466
14.409126984127,1.50285957299554,1.52840365492475,1.40216223922623,79.1134665821165
14.4092261904762,1.50272713884735,1.52839325610921,1.40149160424989,79.1144547188805
14.4093253968254,1.50259471574373,1.52838280819904,1.40082129040254,79.1154427163774
14.4094246031746,1.50246230368649,1.52837231122027,1.40015129753314,79.1164305746457
14.4095238095238,1.50232990267748,1.52836176519895,1.39948162549068,79.1174182937242
14.409623015873,1.50219751271853,1.52835117016109,1.39881227412423,79.1184058736515
14.4097222222222,1.5020651338115,1.52834052613268,1.39814324328289,79.1193933144661
14.4098214285714,1.50193276595827,1.52832983313972,1.39747453281585,79.1203806162068
14.4099206349206,1.50180040916074,1.52831909120816,1.39680614257231,79.121367778912
14.4100198412698,1.5016680634208,1.52830830036396,1.39613807240157,79.1223548026203
14.410119047619,1.50153572874039,1.52829746063306,1.39547032215292,79.1233416873702
14.4102182539683,1.50140340512144,1.52828657204137,1.39480289167579,79.1243284332003
14.4103174603175,1.50127109256591,1.5282756346148,1.39413578081956,79.1253150401491
14.4104166666667,1.50113879107576,1.52826464837923,1.39346898943378,79.126301508255
14.4105158730159,1.50100650065298,1.52825361336054,1.39280251736793,79.1272878375566
14.4106150793651,1.50087422129959,1.52824252958459,1.39213636447166,79.1282740280921
14.4107142857143,1.50074195301757,1.5282313970772,1.39147053059457,79.1292600799001
14.4108134920635,1.50060969580898,1.52822021586421,1.39080501558639,79.130245993019
14.4109126984127,1.50047744967586,1.52820898597142,1.39013981929689,79.1312317674872
14.4110119047619,1.50034521462027,1.52819770742462,1.38947494157583,79.1322174033429
14.4111111111111,1.5002129906443,1.52818638024959,1.38881038227314,79.1332029006247
14.4112103174603,1.50008077775003,1.52817500447209,1.38814614123867,79.1341882593707
14.4113095238095,1.49994857593959,1.52816358011785,1.38748221832243,79.1351734796193
14.4114087301587,1.49981638521508,1.52815210721262,1.38681861337442,79.1361585614088
14.4115079365079,1.49968420557865,1.52814058578209,1.38615532624475,79.1371435047775
14.4116071428571,1.49955203703247,1.52812901585197,1.3854923567835,79.1381283097636
14.4117063492063,1.4994198795787,1.52811739744793,1.38482970484091,79.1391129764054
14.4118055555556,1.49928773321953,1.52810573059564,1.38416737026715,79.140097504741
14.4119047619048,1.49915559795717,1.52809401532074,1.38350535291258,79.1410818948087
14.412003968254,1.49902347379383,1.52808225164887,1.38284365262748,79.1420661466466
14.4121031746032,1.49889136073175,1.52807043960563,1.3821822692623,79.1430502602929
14.4122023809524,1.49875925877317,1.52805857921664,1.38152120266745,79.1440342357858
14.4123015873016,1.49862716792038,1.52804667050746,1.38086045269345,79.1450180731633
14.4124007936508,1.49849508817564,1.52803471350368,1.38020001919087,79.1460017724636
14.4125,1.49836301954125,1.52802270823083,1.37953990201029,79.1469853337248
14.4125992063492,1.49823096201953,1.52801065471446,1.37888010100241,79.1479687569848
14.4126984126984,1.4980989156128,1.52799855298008,1.37822061601791,79.1489520422818
14.4127976190476,1.49796688032341,1.5279864030532,1.3775614469076,79.1499351896537
14.4128968253968,1.49783485615371,1.5279742049593,1.37690259352227,79.1509181991387
14.412996031746,1.4977028431061,1.52796195872386,1.37624405571282,79.1519010707746
14.4130952380952,1.49757084118294,1.52794966437233,1.37558583333016,79.1528838045995
14.4131944444444,1.49743885038665,1.52793732193014,1.3749279262253,79.1538664006513
14.4132936507937,1.49730687071965,1.52792493142273,1.37427033424926,79.1548488589679
14.4133928571429,1.49717490218438,1.52791249287549,1.37361305725314,79.1558311795873
14.4134920634921,1.49704294478328,1.52790000631383,1.37295609508807,79.1568133625473
14.4135912698413,1.49691099851884,1.5278874717631,1.37229944760527,79.1577954078858
14.4136904761905,1.49677906339353,1.52787488924868,1.37164311465597,79.1587773156407
14.4137896825397,1.49664713940985,1.52786225879591,1.37098709609149,79.1597590858498
14.4138888888889,1.49651522657032,1.52784958043011,1.37033139176319,79.1607407185509
14.4139880952381,1.49638332487747,1.52783685417659,1.36967600152247,79.1617222137818
14.4140873015873,1.49625143433384,1.52782408006065,1.36902092522082,79.1627035715804
14.4141865079365,1.49611955494199,1.52781125810756,1.36836616270971,79.1636847919843
14.4142857142857,1.49598768670451,1.5277983883426,1.36771171384077,79.1646658750313
14.4143849206349,1.49585582962399,1.527785470791,1.36705757846558,79.1656468207592
14.4144841269841,1.49572398370303,1.527772505478,1.36640375643586,79.1666276292056
14.4145833333333,1.49559214894425,1.52775949242881,1.3657502476033,79.1676083004083
14.4146825396825,1.49546032535031,1.52774643166863,1.36509705181972,79.1685888344048
14.4147817460317,1.49532851292385,1.52773332322264,1.36444416893693,79.1695692312329
14.414880952381,1.49519671166755,1.52772016711601,1.36379159880686,79.1705494909302
14.4149801587302,1.49506492158408,1.52770696337389,1.36313934128141,79.1715296135342
14.4150793650794,1.49493314267616,1.52769371202142,1.36248739621262,79.1725095990827
14.4151785714286,1.4948013749465,1.52768041308371,1.36183576345252,79.1734894476131
14.4152777777778,1.49466961839783,1.52766706658587,1.36118444285322,79.1744691591631
14.415376984127,1.49453787303291,1.52765367255298,1.3605334342669,79.17544873377
14.4154761904762,1.49440613885448,1.52764023101011,1.35988273754574,79.1764281714716
14.4155753968254,1.49427441586535,1.52762674198232,1.35923235254204,79.1774074723051
14.4156746031746,1.4941427040683,1.52761320549465,1.35858227910809,79.1783866363083
14.4157738095238,1.49401100346614,1.52759962157211,1.3579325170963,79.1793656635184
14.415873015873,1.4938793140617,1.52758599023972,1.35728306635905,79.180344553973
14.4159722222222,1.49374763585783,1.52757231152247,1.35663392674887,79.1813233077095
14.4160714285714,1.49361596885737,1.52755858544532,1.35598509811825,79.1823019247652
14.4161706349206,1.4934843130632,1.52754481203325,1.35533658031982,79.1832804051776
14.4162698412698,1.49335266847822,1.52753099131118,1.35468837320617,79.1842587489841
14.416369047619,1.49322103510532,1.52751712330405,1.35404047663005,79.1852369562218
14.4164682539683,1.49308941294742,1.52750320803677,1.35339289044416,79.1862150269283
14.4165674603175,1.49295780200747,1.52748924553424,1.35274561450134,79.1871929611408
14.4166666666667,1.49282620228841,1.52747523582132,1.3520986486544,79.1881707588966
14.4167658730159,1.49269461379321,1.52746117892288,1.35145199275628,79.189148420233
14.4168650793651,1.49256303652486,1.52744707486378,1.35080564665996,79.1901259451872
14.4169642857143,1.49243147048634,1.52743292366883,1.35015961021841,79.1911033337965
14.4170634920635,1.49229991568067,1.52741872536286,1.34951388328473,79.192080586098
14.4171626984127,1.49216837211089,1.52740447997066,1.34886846571201,79.1930577021291
14.4172619047619,1.49203683978003,1.52739018751702,1.34822335735347,79.1940346819267
14.4173611111111,1.49190531869116,1.5273758480267,1.3475785580623,79.1950115255282
14.4174603174603,1.49177380884735,1.52736146152444,1.34693406769181,79.1959882329706
14.4175595238095,1.4916423102517,1.527347028035,1.3462898860953,79.1969648042911
14.4176587301587,1.49151082290731,1.52733254758307,1.34564601312621,79.1979412395268
14.4177579365079,1.4913793468173,1.52731802019337,1.34500244863792,79.1989175387147
14.4178571428571,1.49124788198481,1.52730344589059,1.34435919248399,79.1998937018919
14.4179563492063,1.491116428413,1.52728882469938,1.34371624451791,79.2008697290956
14.4180555555556,1.49098498610503,1.52727415664441,1.34307360459334,79.2018456203625
14.4181547619048,1.49085355506409,1.52725944175032,1.34243127256388,79.20282137573
14.418253968254,1.49072213529338,1.52724468004172,1.34178924828327,79.2037969952348
14.4183531746032,1.49059072679612,1.52722987154322,1.34114753160528,79.2047724789139
14.4184523809524,1.49045932957553,1.52721501627942,1.3405061223837,79.2057478268044
14.4185515873016,1.49032794363487,1.52720011427488,1.33986502047244,79.2067230389431
14.4186507936508,1.49019656897739,1.52718516555417,1.33922422572537,79.207698115367
14.41875,1.49006520560638,1.52717017014183,1.33858373799652,79.2086730561129
14.4188492063492,1.48993385352513,1.52715512806238,1.33794355713988,79.2096478612178
14.4189484126984,1.48980251273695,1.52714003934033,1.33730368300956,79.2106225307184
14.4190476190476,1.48967118324516,1.52712490400017,1.33666411545967,79.2115970646517
14.4191468253968,1.4895398650531,1.5271097220664,1.33602485434443,79.2125714630544
14.419246031746,1.48940855816413,1.52709449356346,1.33538589951806,79.2135457259633
14.4193452380952,1.48927726258163,1.5270792185158,1.33474725083488,79.2145198534153
14.4194444444444,1.48914597830897,1.52706389694785,1.3341089081492,79.2154938454471
14.4195436507936,1.48901470534957,1.52704852888403,1.33347087131548,79.2164677020954
14.4196428571429,1.48888344370683,1.52703311434874,1.33283314018813,79.2174414233969
14.4197420634921,1.4887521933842,1.52701765336635,1.33219571462168,79.2184150093885
14.4198412698413,1.48862095438512,1.52700214596124,1.33155859447071,79.2193884601066
14.4199404761905,1.48848972671306,1.52698659215774,1.33092177958981,79.2203617755881
14.4200396825397,1.48835851037151,1.52697099198021,1.33028526983368,79.2213349558696
14.4201388888889,1.48822730536394,1.52695534545294,1.32964906505701,79.2223080009877
14.4202380952381,1.48809611169389,1.52693965260025,1.32901316511461,79.2232809109789
14.4203373015873,1.48796492936487,1.52692391344643,1.32837756986128,79.22425368588
14.4204365079365,1.48783375838043,1.52690812801573,1.32774227915194,79.2252263257275
14.4205357142857,1.48770259874412,1.52689229633242,1.3271072928415,79.2261988305579
14.4206349206349,1.48757145045953,1.52687641842074,1.32647261078497,79.2271712004077
14.4207341269841,1.48744031353023,1.52686049430489,1.32583823283738,79.2281434353136
14.4208333333333,1.48730918795985,1.5268445240091,1.32520415885385,79.2291155353119
14.4209325396825,1.48717807375199,1.52682850755755,1.3245703886895,79.2300875004392
14.4210317460317,1.48704697091029,1.52681244497441,1.32393692219957,79.231059330732
14.421130952381,1.48691587943841,1.52679633628384,1.32330375923929,79.2320310262266
14.4212301587302,1.48678479934001,1.52678018150998,1.32267089966399,79.2330025869595
14.4213293650794,1.48665373061878,1.52676398067697,1.32203834332905,79.2339740129671
14.4214285714286,1.48652267327841,1.5267477338089,1.32140609008984,79.2349453042858
14.4215277777778,1.48639162732262,1.52673144092987,1.32077413980189,79.2359164609519
14.421626984127,1.48626059275514,1.52671510206397,1.32014249232069,79.2368874830018
14.4217261904762,1.48612956957972,1.52669871723524,1.31951114750183,79.2378583704719
14.4218253968254,1.48599855780011,1.52668228646774,1.31888010520094,79.2388291233984
14.4219246031746,1.48586755742009,1.5266658097855,1.31824936527372,79.2397997418176
14.4220238095238,1.48573656844346,1.52664928721252,1.31761892757588,79.2407702257659
14.422123015873,1.48560559087402,1.52663271877282,1.31698879196325,79.2417405752793
14.4222222222222,1.4854746247156,1.52661610449036,1.31635895829164,79.2427107903943
14.4223214285714,1.48534366997203,1.52659944438912,1.31572942641699,79.243680871147
14.4224206349206,1.48521272664717,1.52658273849304,1.31510019619521,79.2446508175736
14.4225198412698,1.48508179474489,1.52656598682606,1.31447126748235,79.2456206297102
14.422619047619,1.48495087426908,1.52654918941209,1.31384264013443,79.2465903075931
14.4227182539683,1.48481996522363,1.52653234627503,1.31321431400758,79.2475598512584
14.4228174603175,1.48468906761246,1.52651545743878,1.312586288958,79.2485292607422
14.4229166666667,1.48455818143951,1.5264985229272,1.31195856484186,79.2494985360806
14.4230158730159,1.48442730670873,1.52648154276415,1.31133114151547,79.2504676773096
14.4231150793651,1.48429644342407,1.52646451697346,1.31070401883512,79.2514366844655
14.4232142857143,1.48416559158951,1.52644744557894,1.31007719665724,79.2524055575841
14.4233134920635,1.48403475120906,1.52643032860442,1.30945067483822,79.2533742967015
14.4234126984127,1.48390392228672,1.52641316607368,1.30882445323459,79.2543429018538
14.4235119047619,1.48377310482652,1.52639595801048,1.30819853170284,79.2553113730769
14.4236111111111,1.48364229883249,1.5263787044386,1.30757291009962,79.2562797104068
14.4237103174603,1.4835115043087,1.52636140538176,1.30694758828152,79.2572479138795
14.4238095238095,1.48338072125922,1.5263440608637,1.3063225661053,79.2582159835308
14.4239087301587,1.48324994968813,1.52632667090812,1.30569784342767,79.2591839193967
14.4240079365079,1.48311918959955,1.52630923553872,1.30507342010547,79.2601517215131
14.4241071428571,1.48298844099758,1.52629175477917,1.30444929599554,79.2611193899159
14.4242063492064,1.48285770388636,1.52627422865314,1.30382547095479,79.2620869246409
14.4243055555556,1.48272697827005,1.52625665718427,1.30320194484023,79.263054325724
14.4244047619048,1.48259626415281,1.52623904039619,1.30257871750883,79.2640215932009
14.424503968254,1.48246556153883,1.52622137831252,1.30195578881771,79.2649887271075
14.4246031746032,1.48233487043229,1.52620367095684,1.30133315862396,79.2659557274796
14.4247023809524,1.48220419083741,1.52618591835274,1.30071082678481,79.2669225943529
14.4248015873016,1.48207352275843,1.52616812052379,1.30008879315744,79.2678893277632
14.4249007936508,1.48194286619958,1.52615027749354,1.29946705759918,79.2688559277462
14.425,1.48181222116512,1.52613238928552,1.29884561996735,79.2698223943376
14.4250992063492,1.48168158765933,1.52611445592324,1.29822448011937,79.270788727573
14.4251984126984,1.4815509656865,1.52609647743021,1.29760363791266,79.2717549274882
14.4252976190476,1.48142035525093,1.52607845382991,1.29698309320475,79.2727209941189
14.4253968253968,1.48128975635695,1.52606038514581,1.29636284585317,79.2736869275006
14.425496031746,1.4811591690089,1.52604227140136,1.29574289571556,79.2746527276689
14.4255952380952,1.48102859321112,1.52602411262001,1.29512324264956,79.2756183946595
14.4256944444444,1.48089802896799,1.52600590882516,1.29450388651289,79.2765839285079
14.4257936507937,1.48076747628389,1.52598766004024,1.29388482716334,79.2775493292497
14.4258928571429,1.48063693516322,1.52596936628861,1.2932660644587,79.2785145969204
14.4259920634921,1.4805064056104,1.52595102759367,1.29264759825689,79.2794797315555
14.4260912698413,1.48037588762985,1.52593264397876,1.2920294284158,79.2804447331905
14.4261904761905,1.48024538122602,1.52591421546723,1.29141155479344,79.281409601861
14.4262896825397,1.48011488640337,1.5258957420824,1.29079397724782,79.2823743376023
14.4263888888889,1.47998440316639,1.52587722384759,1.29017669563707,79.28333894045
14.4264880952381,1.47985393151956,1.52585866078607,1.2895597098193,79.2843034104394
14.4265873015873,1.4797234714674,1.52584005292113,1.28894301965273,79.2852677476059
14.4266865079365,1.47959302301442,1.52582140027604,1.28832662499559,79.286231951985
14.4267857142857,1.47946258616517,1.52580270287403,1.28771052570621,79.2871960236119
14.4268849206349,1.4793321609242,1.52578396073833,1.28709472164292,79.2881599625221
14.4269841269841,1.47920174729609,1.52576517389216,1.28647921266416,79.2891237687509
14.4270833333333,1.47907134528542,1.52574634235871,1.28586399862837,79.2900874423336
14.4271825396825,1.47894095489678,1.52572746616117,1.28524907939407,79.2910509833054
14.4272817460317,1.47881057613481,1.5257085453227,1.28463445481986,79.2920143917017
14.427380952381,1.47868020900413,1.52568957986644,1.28402012476433,79.2929776675577
14.4274801587302,1.4785498535094,1.52567056981554,1.28340608908619,79.2939408109086
14.4275793650794,1.47841950965527,1.5256515151931,1.28279234764414,79.2949038217897
14.4276785714286,1.47828917744643,1.52563241602223,1.282178900297,79.2958667002361
14.4277777777778,1.47815885688756,1.52561327232602,1.28156574690357,79.2968294462831
14.427876984127,1.4780285479834,1.52559408412752,1.28095288732278,79.2977920599657
14.4279761904762,1.47789825073865,1.5255748514498,1.28034032141354,79.2987545413192
14.4280753968254,1.47776796515806,1.52555557431589,1.27972804903489,79.2997168903786
14.4281746031746,1.47763769124639,1.52553625274881,1.27911607004583,79.3006791071791
14.4282738095238,1.47750742900842,1.52551688677156,1.27850438430553,79.3016411917557
14.428373015873,1.47737717844893,1.52549747640714,1.27789299167308,79.3026031441436
14.4284722222222,1.47724693957273,1.52547802167852,1.27728189200776,79.3035649643777
14.4285714285714,1.47711671238463,1.52545852260864,1.27667108516878,79.304526652493
14.4286706349206,1.47698649688948,1.52543897922046,1.27606057101549,79.3054882085247
14.4287698412698,1.47685629309212,1.5254193915369,1.27545034940727,79.3064496325076
14.428869047619,1.47672610099742,1.52539975958087,1.27484042020352,79.3074109244768
14.4289682539683,1.47659592061027,1.52538008337526,1.27423078326375,79.3083720844672
14.4290674603175,1.47646575193555,1.52536036294294,1.27362143844746,79.3093331125137
14.4291666666667,1.4763355949782,1.52534059830677,1.27301238561427,79.3102940086512
14.4292658730159,1.47620544974312,1.52532078948961,1.27240362462378,79.3112547729147
14.4293650793651,1.47607531623528,1.52530093651428,1.27179515533574,79.312215405339
14.4294642857143,1.47594519445963,1.52528103940358,1.27118697760984,79.3131759059591
14.4295634920635,1.47581508442114,1.52526109818033,1.27057909130592,79.3141362748096
14.4296626984127,1.47568498612481,1.52524111286729,1.26997149628381,79.3150965119254
14.4297619047619,1.47555489957564,1.52522108348723,1.26936419240344,79.3160566173414
14.4298611111111,1.47542482477866,1.52520101006291,1.26875717952475,79.3170165910923
14.4299603174603,1.4752947617389,1.52518089261705,1.26815045750777,79.3179764332129
14.4300595238095,1.47516471046142,1.52516073117236,1.26754402621255,79.3189361437379
14.4301587301587,1.47503467095129,1.52514052575156,1.26693788549922,79.3198957227021
14.4302579365079,1.4749046432136,1.52512027637732,1.26633203522797,79.3208551701402
14.4303571428571,1.47477462725343,1.52509998307231,1.265726475259,79.3218144860868
14.4304563492063,1.47464462307592,1.52507964585918,1.26512120545262,79.3227736705766
14.4305555555556,1.47451463068619,1.52505926476058,1.26451622566914,79.3237327236443
14.4306547619048,1.47438465008939,1.52503883979911,1.26391153576897,79.3246916453244
14.430753968254,1.47425468129067,1.52501837099739,1.26330713561253,79.3256504356517
14.4308531746032,1.47412472429523,1.52499785837801,1.26270302506034,79.3266090946607
14.4309523809524,1.47399477910825,1.52497730196352,1.26209920397291,79.327567622386
14.4310515873016,1.47386484573495,1.5249567017765,1.26149567221089,79.3285260188621
14.4311507936508,1.47373492418054,1.52493605783948,1.2608924296349,79.3294842841237
14.43125,1.47360501445027,1.52491537017499,1.26028947610567,79.330442418205
14.4313492063492,1.47347511654939,1.52489463880553,1.25968681148394,79.3314004211408
14.4314484126984,1.47334523048319,1.52487386375359,1.25908443563056,79.3323582929655
14.4315476190476,1.47321535625694,1.52485304504166,1.25848234840636,79.3333160337135
14.4316468253968,1.47308549387594,1.52483218269218,1.25788054967228,79.3342736434193
14.431746031746,1.47295564334552,1.52481127672761,1.25727903928931,79.3352311221172
14.4318452380952,1.47282580467101,1.52479032717038,1.25667781711845,79.3361884698419
14.4319444444444,1.47269597785776,1.52476933404289,1.25607688302082,79.3371456866274
14.4320436507937,1.47256616291114,1.52474829736755,1.25547623685752,79.3381027725084
14.4321428571429,1.47243635983652,1.52472721716672,1.25487587848977,79.339059727519
14.4322420634921,1.47230656863931,1.52470609346278,1.25427580777879,79.3400165516937
14.4323412698413,1.47217678932491,1.52468492627807,1.2536760245859,79.3409732450668
14.4324404761905,1.47204702189875,1.52466371563493,1.25307652877241,79.3419298076725
14.4325396825397,1.47191726636627,1.52464246155567,1.25247732019977,79.3428862395451
14.4326388888889,1.47178752273294,1.52462116406259,1.2518783987294,79.3438425407188
14.4327380952381,1.47165779100423,1.52459982317798,1.25127976422285,79.344798711228
14.4328373015873,1.47152807118563,1.5245784389241,1.25068141654164,79.3457547511068
14.4329365079365,1.47139836328264,1.5245570113232,1.25008335554742,79.3467106603894
14.4330357142857,1.47126866730078,1.52453554039753,1.24948558110183,79.3476664391101
14.4331349206349,1.4711389832456,1.52451402616929,1.24888809306662,79.3486220873029
14.4332341269841,1.47100931112264,1.5244924686607,1.24829089130358,79.3495776050019
14.4333333333333,1.47087965093746,1.52447086789394,1.24769397567449,79.3505329922415
14.4334325396825,1.47075000269567,1.52444922389118,1.24709734604129,79.3514882490555
14.4335317460317,1.47062036640285,1.52442753667459,1.24650100226588,79.3524433754781
14.433630952381,1.47049074206462,1.52440580626629,1.24590494421028,79.3533983715434
14.4337301587302,1.4703611296866,1.52438403268841,1.2453091717365,79.3543532372855
14.4338293650794,1.47023152927445,1.52436221596307,1.24471368470667,79.3553079727383
14.4339285714286,1.47010194083382,1.52434035611235,1.24411848298292,79.3562625779359
14.4340277777778,1.46997236437039,1.52431845315832,1.24352356642748,79.3572170529121
14.434126984127,1.46984279988986,1.52429650712306,1.24292893490257,79.3581713977012
14.4342261904762,1.46971324739793,1.52427451802859,1.24233458827055,79.3591256123369
14.4343253968254,1.46958370690032,1.52425248589696,1.24174052639373,79.3600796968532
14.4344246031746,1.46945417840278,1.52423041075016,1.24114674913459,79.361033651284
14.4345238095238,1.46932466191106,1.5242082926102,1.24055325635554,79.3619874756633
14.434623015873,1.46919515743093,1.52418613149905,1.23996004791914,79.3629411700248
14.4347222222222,1.46906566496817,1.52416392743869,1.23936712368798,79.3638947344025
14.4348214285714,1.46893618452859,1.52414168045105,1.23877448352467,79.3648481688302
14.4349206349206,1.468806716118,1.52411939055807,1.23818212729191,79.3658014733417
14.4350198412698,1.46867725974224,1.52409705778166,1.23759005485242,79.3667546479708
14.435119047619,1.46854781540715,1.52407468214373,1.23699826606902,79.3677076927513
14.4352182539683,1.4684183831186,1.52405226366615,1.23640676080453,79.368660607717
14.4353174603175,1.46828896288247,1.5240298023708,1.23581553892187,79.3696133929016
14.4354166666667,1.46815955470465,1.52400729827952,1.23522460028397,79.3705660483388
14.4355158730159,1.46803015859105,1.52398475141416,1.23463394475387,79.3715185740624
14.4356150793651,1.4679007745476,1.52396216179652,1.23404357219459,79.372470970106
14.4357142857143,1.46777140258024,1.52393952944842,1.23345348246928,79.3734232365033
14.4358134920635,1.46764204269493,1.52391685439164,1.23286367544108,79.3743753732879
14.4359126984127,1.46751269489764,1.52389413664796,1.23227415097323,79.3753273804935
14.4360119047619,1.46738335919435,1.52387137623912,1.23168490892898,79.3762792581537
14.4361111111111,1.46725403559107,1.52384857318686,1.23109594917167,79.3772310063022
14.4362103174603,1.46712472409383,1.52382572751292,1.2305072715647,79.3781826249723
14.4363095238095,1.46699542470865,1.523802839239,1.22991887597147,79.3791341141978
14.4364087301587,1.4668661374416,1.52377990838679,1.22933076225549,79.3800854740121
14.4365079365079,1.46673686229872,1.52375693497796,1.22874293028029,79.3810367044489
14.4366071428571,1.46660759928611,1.52373391903417,1.22815537990948,79.3819878055415
14.4367063492064,1.46647834840986,1.52371086057708,1.22756811100667,79.3829387773234
14.4368055555556,1.46634910967608,1.52368775962829,1.22698112343561,79.3838896198282
14.4369047619048,1.46621988309091,1.52366461620944,1.22639441706002,79.3848403330892
14.437003968254,1.46609066866049,1.5236414303421,1.22580799174373,79.38579091714
14.4371031746032,1.46596146639097,1.52361820204786,1.22522184735057,79.3867413720138
14.4372023809524,1.46583227628853,1.52359493134829,1.2246359837445,79.3876916977441
14.4373015873016,1.46570309835937,1.52357161826493,1.22405040078944,79.3886418943642
14.4374007936508,1.46557393260969,1.5235482628193,1.22346509834945,79.3895919619076
14.4375,1.4654447790457,1.52352486503294,1.22288007628858,79.3905419004074
14.4375992063492,1.46531563767366,1.52350142492733,1.22229533447097,79.3914917098972
14.4376984126984,1.46518650849981,1.52347794252396,1.22171087276081,79.39244139041
14.4377976190476,1.46505739153042,1.5234544178443,1.22112669102231,79.3933909419792
14.4378968253968,1.46492828677177,1.52343085090979,1.22054278911979,79.3943403646381
14.437996031746,1.46479919423017,1.52340724174187,1.21995916691756,79.3952896584199
14.4380952380952,1.46467011391193,1.52338359036197,1.21937582428005,79.3962388233578
14.4381944444444,1.46454104582337,1.52335989679148,1.21879276107168,79.397187859485
14.4382936507936,1.46441198997086,1.52333616105179,1.21820997715698,79.3981367668347
14.4383928571429,1.46428294636074,1.52331238316427,1.21762747240047,79.3990855454401
14.4384920634921,1.4641539149994,1.52328856315029,1.21704524666679,79.4000341953342
14.4385912698413,1.46402489589323,1.52326470103116,1.21646329982058,79.4009827165503
14.4386904761905,1.46389588904865,1.52324079682823,1.21588163172659,79.4019311091213
14.4387896825397,1.46376689447206,1.52321685056279,1.21530024224955,79.4028793730805
14.4388888888889,1.46363791216991,1.52319286225614,1.21471913125431,79.4038275084609
14.4389880952381,1.46350894214867,1.52316883192955,1.21413829860573,79.4047755152954
14.4390873015873,1.46337998441479,1.52314475960428,1.21355774416874,79.4057233936172
14.4391865079365,1.46325103897477,1.52312064530157,1.21297746780835,79.4066711434592
14.4392857142857,1.46312210583511,1.52309648904266,1.21239746938956,79.4076187648546
14.4393849206349,1.46299318500233,1.52307229084875,1.2118177487775,79.4085662578361
14.4394841269841,1.46286427648296,1.52304805074103,1.21123830583727,79.4095136224367
14.4395833333333,1.46273538028354,1.52302376874068,1.21065914043411,79.4104608586895
14.4396825396825,1.46260649641065,1.52299944486888,1.21008025243323,79.4114079666273
14.4397817460317,1.46247762487086,1.52297507914676,1.20950164169997,79.412354946283
14.439880952381,1.46234876567077,1.52295067159545,1.20892330809965,79.4133017976895
14.4399801587302,1.462219918817,1.52292622223608,1.20834525149772,79.4142485208797
14.4400793650794,1.46209108431616,1.52290173108973,1.20776747175961,79.4151951158863
14.4401785714286,1.4619622621749,1.52287719817749,1.20718996875087,79.4161415827422
14.4402777777778,1.46183345239988,1.52285262352044,1.20661274233704,79.4170879214803
14.440376984127,1.46170465499777,1.52282800713961,1.20603579238378,79.4180341321333
14.4404761904762,1.46157586997526,1.52280334905604,1.20545911875673,79.4189802147339
14.4405753968254,1.46144709733905,1.52277864929076,1.20488272132163,79.4199261693149
14.4406746031746,1.46131833709587,1.52275390786476,1.20430659994429,79.4208719959091
14.4407738095238,1.46118958925245,1.52272912479903,1.20373075449052,79.4218176945491
14.440873015873,1.46106085381555,1.52270430011455,1.20315518482624,79.4227632652676
14.4409722222222,1.46093213079192,1.52267943383226,1.20257989081737,79.4237087080973
14.4410714285714,1.46080342018836,1.52265452597311,1.20200487232992,79.4246540230708
14.4411706349206,1.46067472201166,1.52262957655801,1.20143012922993,79.4255992102209
14.4412698412698,1.46054603626864,1.52260458560788,1.20085566138353,79.42654426958
14.441369047619,1.46041736296611,1.5225795531436,1.20028146865685,79.4274892011809
14.4414682539683,1.46028870211094,1.52255447918605,1.19970755091612,79.428434005056
14.4415674603175,1.46016005370998,1.52252936375609,1.1991339080276,79.4293786812379
14.4416666666667,1.4600314177701,1.52250420687456,1.19856053985762,79.4303232297592
14.4417658730159,1.45990279429819,1.52247900856229,1.19798744627253,79.4312676506523
14.4418650793651,1.45977418330118,1.52245376884009,1.19741462713878,79.4322119439499
14.4419642857143,1.45964558478597,1.52242848772874,1.19684208232283,79.4331561096843
14.4420634920635,1.4595169987595,1.52240316524904,1.19626981169122,79.434100147888
14.4421626984127,1.45938842522873,1.52237780142174,1.19569781511055,79.4350440585935
14.4422619047619,1.45925986420063,1.52235239626758,1.19512609244743,79.4359878418332
14.4423611111111,1.45913131568219,1.52232694980731,1.19455464356859,79.4369314976394
14.4424603174603,1.4590027796804,1.52230146206163,1.19398346834074,79.4378750260447
14.4425595238095,1.45887425620228,1.52227593305124,1.19341256663072,79.4388184270813
14.4426587301587,1.45874574525486,1.52225036279683,1.19284193830534,79.4397617007816
14.4427579365079,1.4586172468452,1.52222475131905,1.19227158323155,79.440704847178
14.4428571428571,1.45848876098034,1.52219909863857,1.19170150127626,79.4416478663027
14.4429563492063,1.45836028766738,1.52217340477601,1.19113169230654,79.442590758188
14.4430555555556,1.4582318269134,1.522147669752,1.19056215618941,79.4435335228662
14.4431547619048,1.45810337872552,1.52212189358713,1.18999289279202,79.4444761603696
14.443253968254,1.45797494311086,1.52209607630199,1.18942390198152,79.4454186707304
14.4433531746032,1.45784652007656,1.52207021791716,1.18885518362517,79.4463610539809
14.4434523809524,1.45771810962978,1.52204431845318,1.18828673759022,79.4473033101531
14.4435515873016,1.45758971177768,1.5220183779306,1.18771856374401,79.4482454392794
14.4436507936508,1.45746132652747,1.52199239636993,1.18715066195395,79.4491874413918
14.44375,1.45733295388633,1.52196637379169,1.18658303208746,79.4501293165225
14.4438492063492,1.45720459386149,1.52194031021636,1.18601567401204,79.4510710647036
14.4439484126984,1.45707624646019,1.52191420566441,1.18544858759524,79.4520126859672
14.4440476190476,1.45694791168967,1.52188806015631,1.18488177270466,79.4529541803455
14.4441468253968,1.45681958955719,1.5218618737125,1.18431522920795,79.4538955478705
14.444246031746,1.45669128007005,1.5218356463534,1.18374895697284,79.4548367885741
14.4443452380952,1.45656298323553,1.52180937809943,1.18318295586705,79.4557779024885
14.4444444444444,1.45643469906096,1.52178306897097,1.18261722575844,79.4567188896457
14.4445436507937,1.45630642755364,1.52175671898841,1.18205176651484,79.4576597500777
14.4446428571429,1.45617816872094,1.52173032817211,1.18148657800421,79.4586004838163
14.4447420634921,1.4560499225702,1.52170389654241,1.18092166009449,79.4595410908937
14.4448412698413,1.45592168910881,1.52167742411964,1.18035701265375,79.4604815713417
14.4449404761905,1.45579346834415,1.52165091092412,1.17979263555002,79.4614219251922
14.4450396825397,1.45566526028362,1.52162435697615,1.17922852865147,79.4623621524771
14.4451388888889,1.45553706493466,1.521597762296,1.1786646918263,79.4633022532284
14.4452380952381,1.45540888230469,1.52157112690395,1.17810112494271,79.4642422274778
14.4453373015873,1.45528071240118,1.52154445082024,1.17753782786904,79.4651820752572
14.4454365079365,1.45515255523157,1.52151773406511,1.17697480047361,79.4661217965984
14.4455357142857,1.45502441080337,1.52149097665877,1.17641204262485,79.4670613915333
14.4456349206349,1.45489627912407,1.52146417862143,1.17584955419119,79.4680008600936
14.4457341269841,1.45476816020118,1.52143733997327,1.17528733504116,79.468940202311
14.4458333333333,1.45464005404223,1.52141046073447,1.17472538504329,79.4698794182174
14.4459325396825,1.45451196065477,1.52138354092517,1.17416370406625,79.4708185078444
14.4460317460317,1.45438388004637,1.52135658056551,1.17360229197866,79.4717574712238
14.446130952381,1.45425581222459,1.52132957967562,1.17304114864927,79.4726963083872
14.4462301587302,1.45412775719703,1.52130253827561,1.17248027394685,79.4736350193664
14.4463293650794,1.4539997149713,1.52127545638555,1.17191966774024,79.4745736041929
14.4464285714286,1.45387168555502,1.52124833402553,1.1713593298983,79.4755120628984
14.4465277777778,1.45374366895583,1.52122117121561,1.17079926028998,79.4764503955145
14.446626984127,1.45361566518139,1.52119396797582,1.17023945878429,79.4773886020729
14.4467261904762,1.45348767423936,1.52116672432618,1.16967992525024,79.478326682605
14.4468253968254,1.45335969613744,1.52113944028672,1.16912065955697,79.4792646371424
14.4469246031746,1.45323173088332,1.52111211587742,1.16856166157358,79.4802024657168
14.4470238095238,1.45310377848472,1.52108475111827,1.16800293116932,79.4811401683596
14.447123015873,1.45297583894938,1.52105734602922,1.16744446821341,79.4820777451022
14.4472222222222,1.45284791228504,1.52102990063021,1.1668862725752,79.4830151959763
14.4473214285714,1.45271999849946,1.52100241494119,1.16632834412402,79.4839525210132
14.4474206349206,1.45259209760043,1.52097488898205,1.16577068272931,79.4848897202443
14.4475198412698,1.45246420959573,1.52094732277271,1.16521328826052,79.4858267937012
14.447619047619,1.45233633449319,1.52091971633303,1.16465616058721,79.4867637414152
14.4477182539683,1.45220847230062,1.5208920696829,1.16409929957892,79.4877005634178
14.4478174603175,1.45208062302588,1.52086438284215,1.16354270510531,79.4886372597401
14.4479166666667,1.45195278667681,1.52083665583062,1.16298637703605,79.4895738304138
14.4480158730159,1.45182496326128,1.52080888866812,1.16243031524087,79.49051027547
14.4481150793651,1.4516971527872,1.52078108137447,1.1618745195896,79.49144659494
14.4482142857143,1.45156935526245,1.52075323396943,1.16131898995204,79.4923827888553
14.4483134920635,1.45144157069497,1.5207253464728,1.16076372619813,79.4933188572469
14.4484126984127,1.45131379909268,1.5206974189043,1.16020872819779,79.4942548001463
14.4485119047619,1.45118604046353,1.5206694512837,1.15965399582104,79.4951906175845
14.4486111111111,1.4510582948155,1.5206414436307,1.15909952893794,79.496126309593
14.4487103174603,1.45093056215657,1.52061339596501,1.1585453274186,79.4970618762027
14.4488095238095,1.45080284249472,1.52058530830632,1.15799139113318,79.4979973174451
14.4489087301587,1.45067513583799,1.5205571806743,1.15743771995192,79.498932633351
14.4490079365079,1.45054744219438,1.52052901308862,1.15688431374507,79.4998678239519
14.4491071428571,1.45041976157195,1.52050080556891,1.15633117238297,79.5008028892786
14.4492063492063,1.45029209397876,1.52047255813479,1.15577829573599,79.5017378293625
14.4493055555556,1.45016443942288,1.52044427080589,1.15522568367458,79.5026726442344
14.4494047619048,1.45003679791241,1.52041594360178,1.1546733360692,79.5036073339256
14.449503968254,1.44990916945544,1.52038757654205,1.15412125279041,79.5045418984671
14.4496031746032,1.44978155406011,1.52035916964626,1.15356943370881,79.5054763378898
14.4497023809524,1.44965395173455,1.52033072293396,1.15301787869503,79.5064106522248
14.4498015873016,1.44952636248691,1.52030223642466,1.15246658761978,79.5073448415032
14.4499007936508,1.44939878632536,1.5202737101379,1.1519155603538,79.5082789057557
14.45,1.4492712232581,1.52024514409316,1.15136479676793,79.5092128450135
14.4500992063492,1.4491436732933,1.52021653830992,1.15081429673299,79.5101466593075
14.4501984126984,1.4490161364392,1.52018789280765,1.15026406011993,79.5110803486685
14.4502976190476,1.44888861270401,1.52015920760581,1.14971408679969,79.5120139131275
14.4503968253968,1.448761102096,1.52013048272381,1.14916437664331,79.5129473527153
14.450496031746,1.44863360462342,1.52010171818108,1.14861492952184,79.5138806674628
14.4505952380952,1.44850612029455,1.52007291399703,1.14806574530645,79.5148138574008
14.4506944444444,1.44837864911768,1.52004407019103,1.14751682386827,79.5157469225603
14.4507936507936,1.44825119110113,1.52001518678246,1.14696816507858,79.5166798629718
14.4508928571429,1.44812374625321,1.51998626379066,1.14641976880864,79.5176126786664
14.4509920634921,1.44799631458226,1.51995730123498,1.14587163492979,79.5185453696746
14.4510912698413,1.44786889609665,1.51992829913473,1.14532376331346,79.5194779360273
14.4511904761905,1.44774149080474,1.51989925750923,1.14477615383106,79.5204103777552
14.4512896825397,1.44761409871492,1.51987017637775,1.14422880635411,79.521342694889
14.4513888888889,1.44748671983559,1.51984105575958,1.14368172075416,79.5222748874594
14.4514880952381,1.44735935417518,1.51981189567396,1.14313489690283,79.523206955497
14.4515873015873,1.4472320017421,1.51978269614015,1.14258833467176,79.5241388990325
14.4516865079365,1.44710466254482,1.51975345717737,1.14204203393269,79.5250707180966
14.4517857142857,1.4469773365918,1.51972417880481,1.14149599455736,79.5260024127198
14.4518849206349,1.44685002389152,1.51969486104169,1.14095021641763,79.5269339829328
14.4519841269841,1.44672272445246,1.51966550390717,1.14040469938534,79.5278654287661
14.4520833333333,1.44659543828316,1.51963610742041,1.13985944333245,79.5287967502503
14.4521825396825,1.44646816539212,1.51960667160057,1.13931444813092,79.529727947416
14.4522817460317,1.44634090578791,1.51957719646676,1.1387697136528,79.5306590202935
14.452380952381,1.44621365947906,1.51954768203811,1.13822523977016,79.5315899689135
14.4524801587302,1.44608642647416,1.5195181283337,1.13768102635516,79.5325207933065
14.4525793650794,1.4459592067818,1.51948853537262,1.13713707328001,79.5334514935028
14.4526785714286,1.44583200041057,1.51945890317394,1.13659338041693,79.534382069533
14.4527777777778,1.44570480736911,1.5194292317567,1.13604994763825,79.5353125214274
14.452876984127,1.44557762766605,1.51939952113993,1.1355067748163,79.5362428492165
14.4529761904762,1.44545046131003,1.51936977134266,1.13496386182352,79.5371730529306
14.4530753968254,1.44532330830973,1.51933998238388,1.13442120853235,79.5381031326002
14.4531746031746,1.44519616867383,1.51931015428258,1.13387881481532,79.5390330882555
14.4532738095238,1.44506904241103,1.51928028705772,1.13333668054498,79.5399629199269
14.453373015873,1.44494192953003,1.51925038072827,1.13279480559399,79.5408926276448
14.4534722222222,1.44481483003958,1.51922043531315,1.13225318983499,79.5418222114394
14.4535714285714,1.44468774394841,1.51919045083128,1.13171183314075,79.5427516713409
14.4536706349206,1.44456067126529,1.51916042730158,1.13117073538401,79.5436810073797
14.4537698412698,1.44443361199899,1.51913036474292,1.13062989643765,79.5446102195859
14.453869047619,1.44430656615831,1.51910026317419,1.13008931617452,79.5455393079899
14.4539682539683,1.44417953375204,1.51907012261424,1.1295489944676,79.5464682726218
14.4540674603175,1.44405251478902,1.5190399430819,1.12900893118987,79.5473971135117
14.4541666666667,1.44392550927808,1.51900972459601,1.12846912621439,79.5483258306899
14.4542658730159,1.44379851722809,1.51897946717537,1.12792957941426,79.5492544241864
14.4543650793651,1.44367153864789,1.51894917083878,1.12739029066263,79.5501828940315
14.4544642857143,1.44354457354639,1.51891883560501,1.12685125983273,79.5511112402551
14.4545634920635,1.44341762193248,1.51888846149282,1.12631248679781,79.5520394628875
14.4546626984127,1.44329068381508,1.51885804852095,1.1257739714312,79.5529675619586
14.4547619047619,1.44316375920312,1.51882759670814,1.12523571360626,79.5538955374985
14.4548611111111,1.44303684810555,1.5187971060731,1.12469771319643,79.5548233895373
14.4549603174603,1.44290995053133,1.51876657663452,1.12415997007517,79.5557511181049
14.4550595238095,1.44278306648944,1.51873600841108,1.12362248411604,79.5566787232314
14.4551587301587,1.44265619598887,1.51870540142146,1.12308525519259,79.5576062049467
14.4552579365079,1.44252933903864,1.51867475568429,1.12254828317849,79.5585335632807
14.4553571428571,1.44240249564777,1.5186440712182,1.12201156794741,79.5594607982634
14.4554563492064,1.44227566582529,1.51861334804183,1.1214751093731,79.5603879099248
14.4555555555556,1.44214884958028,1.51858258617376,1.12093890732939,79.5613148982947
14.4556547619048,1.44202204692179,1.51855178563258,1.12040296169009,79.562241763403
14.455753968254,1.44189525785892,1.51852094643686,1.11986727232914,79.5631685052795
14.4558531746032,1.44176848240077,1.51849006860514,1.11933183912047,79.5640951239541
14.4559523809524,1.44164172055646,1.51845915215598,1.11879666193812,79.5650216194566
14.4560515873016,1.44151497233512,1.51842819710788,1.11826174065614,79.5659479918169
14.4561507936508,1.44138823774591,1.51839720347935,1.11772707514866,79.5668742410647
14.45625,1.44126151679799,1.51836617128889,1.11719266528984,79.5678003672297
14.4563492063492,1.44113480950053,1.51833510055495,1.11665851095393,79.5687263703418
14.4564484126984,1.44100811586274,1.518303991296,1.11612461201518,79.5696522504306
14.4565476190476,1.44088143589384,1.51827284353048,1.11559096834795,79.5705780075259
14.4566468253968,1.44075476960303,1.51824165727682,1.1150575798266,79.5715036416573
14.456746031746,1.44062811699958,1.51821043255341,1.11452444632561,79.5724291528545
14.4568452380952,1.44050147809274,1.51817916937866,1.11399156771944,79.5733545411472
14.4569444444444,1.44037485289178,1.51814786777093,1.11345894388264,79.574279806565
14.4570436507937,1.44024824140599,1.51811652774859,1.11292657468984,79.5752049491375
14.4571428571429,1.44012164364469,1.51808514932999,1.11239446001566,79.5761299688943
14.4572420634921,1.43999505961718,1.51805373253344,1.11186259973483,79.577054865865
14.4573412698413,1.43986848933282,1.51802227737727,1.11133099372209,79.5779796400791
14.4574404761905,1.43974193280094,1.51799078387977,1.11079964185229,79.5789042915663
14.4575396825397,1.43961539003092,1.51795925205922,1.11026854400026,79.5798288203559
14.4576388888889,1.43948886103215,1.51792768193388,1.10973770004095,79.5807532264776
14.4577380952381,1.43936234581402,1.517896073522,1.10920710984931,79.5816775099607
14.4578373015873,1.43923584438594,1.51786442684181,1.10867677330039,79.5826016708348
14.4579365079365,1.43910935675735,1.51783274191153,1.10814669026925,79.5835257091293
14.4580357142857,1.43898288293769,1.51780101874937,1.10761686063106,79.5844496248736
14.4581349206349,1.43885642293642,1.51776925737349,1.10708728426096,79.5853734180971
14.4582341269841,1.43872997676303,1.51773745780207,1.10655796103425,79.5862970888293
14.4583333333333,1.438603544427,1.51770562005327,1.10602889082617,79.5872206370994
14.4584325396825,1.43847712593784,1.51767374414522,1.10550007351209,79.5881440629369
14.4585317460317,1.43835072130508,1.51764183009603,1.10497150896744,79.5890673663711
14.458630952381,1.43822433053825,1.51760987792381,1.10444319706763,79.5899905474312
14.4587301587302,1.43809795364691,1.51757788764666,1.10391513768821,79.5909136061466
14.4588293650794,1.43797159064063,1.51754585928264,1.1033873307047,79.5918365425466
14.4589285714286,1.437845241529,1.5175137928498,1.10285977599276,79.5927593566603
14.4590277777778,1.43771890632162,1.51748168836619,1.10233247342803,79.5936820485172
14.459126984127,1.4375925850281,1.51744954584984,1.10180542288625,79.5946046181462
14.4592261904762,1.43746627765808,1.51741736531874,1.10127862424318,79.5955270655768
14.4593253968254,1.4373399842212,1.51738514679089,1.10075207737467,79.596449390838
14.4594246031746,1.43721370472714,1.51735289028427,1.10022578215658,79.597371593959
14.4595238095238,1.43708743918557,1.51732059581683,1.09969973846487,79.5982936749689
14.459623015873,1.43696118760618,1.51728826340653,1.0991739461755,79.5992156338969
14.4597222222222,1.43683494999869,1.51725589307128,1.09864840516456,79.6001374707721
14.4598214285714,1.43670872637281,1.517223484829,1.09812311530809,79.6010591856236
14.4599206349206,1.43658251673831,1.51719103869758,1.09759807648228,79.6019807784804
14.4600198412698,1.43645632110492,1.51715855469491,1.09707328856334,79.6029022493715
14.460119047619,1.43633013948243,1.51712603283885,1.09654875142749,79.6038235983261
14.4602182539683,1.43620397188062,1.51709347314724,1.09602446495108,79.6047448253731
14.4603174603175,1.4360778183093,1.51706087563792,1.09550042901044,79.6056659305415
14.4604166666667,1.43595167877829,1.5170282403287,1.09497664348202,79.6065869138603
14.4605158730159,1.43582555329741,1.51699556723739,1.09445310824225,79.6075077753585
14.4606150793651,1.43569944187654,1.51696285638176,1.09392982316771,79.6084285150649
14.4607142857143,1.43557334452551,1.51693010777958,1.09340678813492,79.6093491330085
14.4608134920635,1.43544726125424,1.51689732144861,1.09288400302056,79.6102696292182
14.4609126984127,1.4353211920726,1.51686449740658,1.09236146770127,79.6111900037229
14.4610119047619,1.43519513699051,1.51683163567121,1.09183918205383,79.6121102565514
14.4611111111111,1.4350690960179,1.5167987362602,1.091317145955,79.6130303877326
14.4612103174603,1.43494306916472,1.51676579919124,1.09079535928165,79.6139503972953
14.4613095238095,1.43481705644092,1.516732824482,1.09027382191066,79.6148702852683
14.4614087301587,1.43469105785648,1.51669981215014,1.08975253371898,79.6157900516803
14.4615079365079,1.4345650734214,1.5166667622133,1.08923149458364,79.6167096965602
14.4616071428571,1.43443910314567,1.5166336746891,1.08871070438166,79.6176292199367
14.4617063492063,1.43431314703933,1.51660054959515,1.0881901629902,79.6185486218385
14.4618055555556,1.43418720511239,1.51656738694903,1.08766987028638,79.6194679022944
14.4619047619048,1.43406127737494,1.51653418676833,1.08714982614746,79.620387061333
14.462003968254,1.43393536383702,1.5165009490706,1.08663003045067,79.6213060989829
14.4621031746032,1.43380946450873,1.5164676738734,1.08611048307337,79.6222250152729
14.4622023809524,1.43368357940016,1.51643436119423,1.08559118389292,79.6231438102317
14.4623015873016,1.43355770852143,1.51640101105062,1.08507213278677,79.6240624838876
14.4624007936508,1.43343185188268,1.51636762346006,1.08455332963239,79.6249810362695
14.4625,1.43330600949404,1.51633419844003,1.08403477430733,79.6258994674059
14.4625992063492,1.43318018136568,1.51630073600799,1.08351646668917,79.6268177773253
14.4626984126984,1.43305436750779,1.5162672361814,1.08299840665557,79.6277359660562
14.4627976190476,1.43292856793054,1.51623369897767,1.08248059408422,79.6286540336272
14.4628968253968,1.43280278264415,1.51620012441423,1.08196302885288,79.6295719800669
14.462996031746,1.43267701165886,1.51616651250848,1.08144571083936,79.6304898054035
14.4630952380952,1.43255125498488,1.5161328632778,1.08092863992151,79.6314075096658
14.4631944444444,1.43242551263249,1.51609917673955,1.08041181597726,79.632325092882
14.4632936507937,1.43229978461196,1.5160654529111,1.07989523888455,79.6332425550806
14.4633928571429,1.43217407093356,1.51603169180976,1.07937890852143,79.63415989629
14.4634920634921,1.43204837160761,1.51599789345286,1.07886282476595,79.6350771165387
14.4635912698413,1.43192268664442,1.51596405785771,1.07834698749626,79.6359942158549
14.4636904761905,1.43179701605432,1.5159301850416,1.07783139659052,79.636911194267
14.4637896825397,1.43167135984766,1.51589627502178,1.07731605192698,79.6378280518034
14.4638888888889,1.43154571803482,1.51586232781552,1.07680095338391,79.6387447884923
14.4639880952381,1.43142009062616,1.51582834344006,1.07628610083968,79.6396614043621
14.4640873015873,1.43129447763209,1.51579432191262,1.07577149417265,79.6405778994411
14.4641865079365,1.43116887906302,1.51576026325041,1.0752571332613,79.6414942737574
14.4642857142857,1.43104329492937,1.51572616747061,1.0747430179841,79.6424105273394
14.4643849206349,1.43091772524158,1.5156920345904,1.07422914821962,79.6433266602153
14.4644841269841,1.43079217001013,1.51565786462695,1.07371552384648,79.6442426724132
14.4645833333333,1.43066662924546,1.51562365759739,1.07320214474332,79.6451585639613
14.4646825396825,1.43054110295809,1.51558941351886,1.07268901078888,79.6460743348878
14.4647817460317,1.43041559115851,1.51555513240845,1.0721761218619,79.6469899852209
14.464880952381,1.43029009385725,1.51552081428328,1.07166347784123,79.6479055149886
14.4649801587302,1.43016461106483,1.51548645916041,1.07115107860571,79.648820924219
14.4650793650794,1.43003914279182,1.5154520670569,1.07063892403431,79.6497362129404
14.4651785714286,1.42991368904878,1.51541763798982,1.07012701400598,79.6506513811806
14.4652777777778,1.42978824984629,1.51538317197618,1.06961534839979,79.6515664289679
14.465376984127,1.42966282519494,1.515348669033,1.06910392709479,79.6524813563301
14.4654761904762,1.42953741510537,1.51531412917728,1.06859274997015,79.6533961632953
14.4655753968254,1.42941201958818,1.51527955242601,1.06808181690504,79.6543108498916
14.4656746031746,1.42928663865404,1.51524493879614,1.06757112777874,79.6552254161468
14.4657738095238,1.42916127231359,1.51521028830464,1.06706068247053,79.656139862089
14.465873015873,1.42903592057752,1.51517560096842,1.06655048085977,79.657054187746
14.4659722222222,1.42891058345652,1.51514087680443,1.06604052282589,79.6579683931459
14.4660714285714,1.42878526096129,1.51510611582955,1.06553080824833,79.6588824783164
14.4661706349206,1.42865995310257,1.51507131806067,1.06502133700662,79.6597964432854
14.4662698412698,1.42853465989108,1.51503648351467,1.06451210898031,79.6607102880809
14.466369047619,1.42840938133758,1.5150016122084,1.06400312404906,79.6616240127307
14.4664682539683,1.42828411745284,1.51496670415869,1.0634943820925,79.6625376172626
14.4665674603175,1.42815886824765,1.51493175938237,1.06298588299041,79.6634511017043
14.4666666666667,1.42803363373281,1.51489677789625,1.06247762662252,79.6643644660838
14.4667658730159,1.42790841391913,1.51486175971712,1.06196961286872,79.6652777104286
14.4668650793651,1.42778320881745,1.51482670486174,1.06146184160886,79.6661908347667
14.4669642857143,1.42765801843861,1.51479161334689,1.06095431272292,79.6671038391257
14.4670634920635,1.42753284279347,1.5147564851893,1.06044702609086,79.6680167235333
14.4671626984127,1.42740768189293,1.5147213204057,1.05993998159276,79.6689294880172
14.4672619047619,1.42728253574786,1.5146861190128,1.0594331791087,79.6698421326052
14.4673611111111,1.42715740436918,1.51465088102729,1.05892661851885,79.6707546573248
14.4674603174603,1.42703228776783,1.51461560646585,1.05842029970344,79.6716670622036
14.4675595238095,1.42690718595472,1.51458029534515,1.0579142225427,79.6725793472694
14.4676587301587,1.42678209894083,1.51454494768183,1.05740838691698,79.6734915125496
14.4677579365079,1.42665702673713,1.51450956349253,1.05690279270662,79.6744035580719
14.4678571428571,1.4265319693546,1.51447414279385,1.05639743979208,79.6753154838638
14.4679563492064,1.42640692680424,1.51443868560239,1.0558923280538,79.676227289953
14.4680555555556,1.42628189909708,1.51440319193474,1.05538745737235,79.6771389763667
14.4681547619048,1.42615688624416,1.51436766180746,1.05488282762828,79.6780505431327
14.468253968254,1.42603188825651,1.51433209523711,1.05437843870226,79.6789619902784
14.4683531746032,1.42590690514521,1.51429649224022,1.05387429047495,79.6798733178312
14.4684523809524,1.42578193692134,1.5142608528333,1.05337038282713,79.6807845258186
14.4685515873016,1.42565698359599,1.51422517703286,1.05286671563957,79.681695614268
14.4686507936508,1.42553204518028,1.51418946485539,1.05236328879314,79.6826065832068
14.46875,1.42540712168533,1.51415371631735,1.05186010216873,79.6835174326624
14.4688492063492,1.42528221312229,1.5141179314352,1.05135715564731,79.6844281626622
14.4689484126984,1.42515731950232,1.51408211022538,1.05085444910991,79.6853387732335
14.4690476190476,1.42503244083659,1.51404625270431,1.05035198243756,79.6862492644037
14.4691468253968,1.42490757713629,1.51401035888839,1.0498497555114,79.6871596362001
14.469246031746,1.42478272841263,1.51397442879402,1.0493477682126,79.6880698886499
14.4693452380952,1.42465789467684,1.51393846243758,1.0488460204224,79.6889800217805
14.4694444444444,1.42453307594014,1.51390245983541,1.04834451202204,79.6898900356191
14.4695436507936,1.42440827221379,1.51386642100386,1.04784324289291,79.6907999301929
14.4696428571429,1.42428348350905,1.51383034595925,1.04734221291634,79.6917097055292
14.4697420634921,1.42415870983722,1.51379423471791,1.04684142197382,79.6926193616551
14.4698412698413,1.42403395120959,1.51375808729612,1.0463408699468,79.6935288985979
14.4699404761905,1.42390920763747,1.51372190371015,1.04584055671686,79.6944383163846
14.4700396825397,1.4237844791322,1.51368568397628,1.04534048216557,79.6953476150426
14.4701388888889,1.42365976570513,1.51364942811075,1.04484064617462,79.6962567945988
14.4702380952381,1.4235350673676,1.51361313612978,1.04434104862568,79.6971658550803
14.4703373015873,1.42341038413101,1.51357680804959,1.04384168940053,79.6980747965144
14.4704365079365,1.42328571600675,1.51354044388638,1.043342568381,79.698983618928
14.4705357142857,1.42316106300621,1.51350404365634,1.04284368544893,79.6998923223481
14.4706349206349,1.42303642514083,1.51346760737562,1.04234504048626,79.7008009068019
14.4707341269841,1.42291180242205,1.51343113506038,1.04184663337494,79.7017093723163
14.4708333333333,1.42278719486131,1.51339462672675,1.04134846399703,79.7026177189183
14.4709325396825,1.4226626024701,1.51335808239085,1.04085053223459,79.7035259466349
14.4710317460317,1.4225380252599,1.51332150206879,1.04035283796976,79.7044340554931
14.471130952381,1.4224134632422,1.51328488577663,1.03985538108472,79.7053420455197
14.4712301587302,1.42228891642854,1.51324823353047,1.03935816146173,79.7062499167417
14.4713293650794,1.42216438483043,1.51321154534635,1.03886117898307,79.7071576691861
14.4714285714286,1.42203986845943,1.5131748212403,1.0383644335311,79.7080653028796
14.4715277777778,1.4219153673271,1.51313806122836,1.0378679249882,79.7089728178492
14.471626984127,1.42179088144503,1.51310126532652,1.03737165323685,79.7098802141216
14.4717261904762,1.4216664108248,1.51306443355078,1.03687561815954,79.7107874917237
14.4718253968254,1.42154195547802,1.51302756591711,1.03637981963884,79.7116946506824
14.4719246031746,1.42141751541634,1.51299066244147,1.03588425755738,79.7126016910243
14.4720238095238,1.42129309065138,1.51295372313979,1.03538893179781,79.7135086127764
14.472123015873,1.42116868119481,1.51291674802801,1.03489384224286,79.7144154159652
14.4722222222222,1.42104428705829,1.51287973712204,1.03439898877529,79.7153221006175
14.4723214285714,1.42091990825352,1.51284269043777,1.03390437127796,79.7162286667601
14.4724206349206,1.42079554479219,1.51280560799107,1.03340998963373,79.7171351144197
14.4725198412698,1.42067119668605,1.51276848979781,1.03291584372554,79.7180414436228
14.472619047619,1.4205468639468,1.51273133587383,1.03242193343638,79.7189476543963
14.4727182539683,1.42042254658621,1.51269414623497,1.0319282586493,79.7198537467666
14.4728174603175,1.42029824461604,1.51265692089703,1.03143481924739,79.7207597207604
14.4729166666667,1.42017395804808,1.51261965987582,1.0309416151138,79.7216655764044
14.4730158730159,1.42004968689412,1.51258236318712,1.03044864613173,79.722571313725
14.4731150793651,1.41992543116598,1.51254503084669,1.02995591218445,79.7234769327489
14.4732142857143,1.41980119087548,1.51250766287027,1.02946341315525,79.7243824335026
14.4733134920635,1.41967696603447,1.51247025927362,1.0289711489275,79.7252878160126
14.4734126984127,1.41955275665482,1.51243282007244,1.02847911938464,79.7261930803053
14.4735119047619,1.41942856274838,1.51239534528243,1.0279873244101,79.7270982264074
14.4736111111111,1.41930438432707,1.51235783491928,1.02749576388745,79.7280032543453
14.4737103174603,1.41918022140277,1.51232028899866,1.02700443770023,79.7289081641454
14.4738095238095,1.41905607398742,1.51228270753622,1.02651334573209,79.729812955834
14.4739087301587,1.41893194209296,1.5122450905476,1.0260224878667,79.7307176294378
14.4740079365079,1.41880782573133,1.51220743804843,1.02553186398782,79.7316221849829
14.4741071428571,1.41868372491451,1.5121697500543,1.02504147397921,79.7325266224959
14.4742063492063,1.41855963965448,1.5121320265808,1.02455131772475,79.733430942003
14.4743055555556,1.41843556996323,1.51209426764352,1.0240613951083,79.7343351435306
14.4744047619048,1.4183115158528,1.51205647325801,1.02357170601385,79.735239227105
14.474503968254,1.4181874773352,1.5120186434398,1.02308225032537,79.7361431927526
14.4746031746032,1.41806345442249,1.51198077820443,1.02259302792694,79.7370470404994
14.4747023809524,1.41793944712672,1.5119428775674,1.02210403870266,79.7379507703719
14.4748015873016,1.41781545545998,1.51190494154421,1.0216152825367,79.7388543823963
14.4749007936508,1.41769147943436,1.51186697015033,1.02112675931329,79.7397578765988
14.475,1.41756751906197,1.51182896340122,1.02063846891668,79.7406612530055
14.4750992063492,1.41744357435493,1.51179092131234,1.02015041123122,79.7415645116427
14.4751984126984,1.41731964532538,1.51175284389911,1.01966258614126,79.7424676525366
14.4752976190476,1.41719573198548,1.51171473117694,1.01917499353126,79.7433706757132
14.4753968253968,1.4170718343474,1.51167658316123,1.01868763328568,79.7442735811987
14.475496031746,1.41694795242334,1.51163839986736,1.01820050528909,79.7451763690192
14.4755952380952,1.41682408622548,1.5116001813107,1.01771360942605,79.7460790392009
14.4756944444444,1.41670023576605,1.5115619275066,1.01722694558123,79.7469815917696
14.4757936507937,1.41657640105728,1.51152363847038,1.0167405136393,79.7478840267517
14.4758928571429,1.41645258211143,1.51148531421737,1.01625431348506,79.7487863441729
14.4759920634921,1.41632877894075,1.51144695476287,1.01576834500327,79.7496885440594
14.4760912698413,1.41620499155753,1.51140856012216,1.01528260807882,79.7505906264372
14.4761904761905,1.41608121997406,1.51137013031051,1.0147971025966,79.7514925913322
14.4762896825397,1.41595746420265,1.51133166534317,1.01431182844159,79.7523944387703
14.4763888888889,1.41583372425565,1.51129316523539,1.01382678549881,79.7532961687776
14.4764880952381,1.41571000014537,1.51125463000238,1.01334197365333,79.7541977813799
14.4765873015873,1.41558629188419,1.51121605965935,1.01285739279029,79.7550992766031
14.4766865079365,1.41546259948448,1.51117745422149,1.01237304279485,79.7560006544732
14.4767857142857,1.41533892295863,1.51113881370397,1.01188892355226,79.7569019150159
14.4768849206349,1.41521526231903,1.51110013812194,1.01140503494778,79.7578030582572
14.4769841269841,1.41509161757813,1.51106142749055,1.01092137686679,79.7587040842228
14.4770833333333,1.41496798874834,1.51102268182493,1.01043794919465,79.7596049929385
14.4771825396825,1.41484437584212,1.51098390114017,1.00995475181684,79.7605057844302
14.4772817460317,1.41472077887194,1.51094508545139,1.00947178461882,79.7614064587236
14.477380952381,1.41459719785029,1.51090623477364,1.00898904748619,79.7623070158444
14.4774801587302,1.41447363278965,1.510867349122,1.00850654030451,79.7632074558183
14.4775793650794,1.41435008370255,1.5108284285115,1.00802426295948,79.7641077786712
14.4776785714286,1.41422655060151,1.51078947295718,1.00754221533679,79.7650079844287
14.4777777777778,1.41410303349908,1.51075048247405,1.00706039732222,79.7659080731164
14.477876984127,1.41397953240783,1.51071145707711,1.0065788088016,79.76680804476
14.4779761904762,1.41385604734032,1.51067239678133,1.00609744966079,79.7677078993851
14.4780753968254,1.41373257830915,1.51063330160169,1.00561631978572,79.7686076370174
14.4781746031746,1.41360912532693,1.51059417155312,1.00513541906237,79.7695072576825
14.4782738095238,1.41348568840627,1.51055500665057,1.00465474737679,79.7704067614058
14.478373015873,1.41336226755983,1.51051580690895,1.00417430461505,79.7713061482131
14.4784722222222,1.41323886280025,1.51047657234316,1.00369409066331,79.7722054181298
14.4785714285714,1.41311547408893,1.51043730298812,1.00321410541016,79.7731045712015
14.4786706349206,1.41299210006277,1.51039799939597,1.0027343488093,79.7740036079919
14.4787698412698,1.41286874010788,1.51035866182486,1.00225482078513,79.7749025287699
14.478869047619,1.41274539422073,1.51031929029425,1.00177552123427,79.7758013335651
14.4789682539683,1.41262206239779,1.51027988482356,1.0012964500533,79.7767000224072
14.4790674603175,1.41249874463554,1.51024044543224,1.00081760713889,79.7775985953257
14.4791666666667,1.41237544093046,1.51020097213969,1.00033899238768,79.7784970523503
14.4792658730159,1.41225215127904,1.51016146496535,0.999860605696411,79.7793953935106
14.4793650793651,1.41212887567777,1.5101219239286,0.999382446961823,79.7802936188361
14.4794642857143,1.41200561412315,1.51008234904885,0.998904516080671,79.7811917283566
14.4795634920635,1.41188236661168,1.51004274034549,0.998426812949789,79.7820897221015
14.4796626984127,1.41175913313986,1.51000309783791,0.997949337465991,79.7829876001004
14.4797619047619,1.4116359137042,1.50996342154547,0.997472089526179,79.7838853623829
14.4798611111111,1.41151270830123,1.50992371148754,0.996995069027234,79.7847830089785
14.4799603174603,1.41138951692745,1.50988396768348,0.996518275866122,79.7856805399168
14.4800595238095,1.41126633957939,1.50984419015265,0.99604170993979,79.7865779552272
14.4801587301587,1.41114317625358,1.50980437891438,0.99556537114527,79.7874752549394
14.4802579365079,1.41102002694655,1.50976453398801,0.995089259379576,79.7883724390828
14.4803571428571,1.41089689165485,1.50972465539287,0.994613374539806,79.7892695076869
14.4804563492063,1.410773770375,1.50968474314827,0.994137716523039,79.7901664607812
14.4805555555556,1.41065066310357,1.50964479727354,0.993662285226438,79.7910632983951
14.4806547619048,1.4105275698371,1.50960481778797,0.993187080547151,79.7919600205582
14.480753968254,1.41040449057214,1.50956480471085,0.992712102382393,79.7928566273
14.4808531746032,1.41028142530527,1.50952475806148,0.992237350629414,79.7937531186497
14.4809523809524,1.41015837403303,1.50948467785914,0.99176282518546,79.794649494637
14.4810515873016,1.41003533675201,1.50944456412309,0.991288525947858,79.7955457552912
14.4811507936508,1.40991231345878,1.50940441687261,0.990814452813919,79.7964419006418
14.48125,1.40978930414991,1.50936423612694,0.990340605681038,79.7973379307181
14.4813492063492,1.409666308822,1.50932402190535,0.989866984446592,79.7982338455496
14.4814484126984,1.40954332747162,1.50928377422706,0.98939358900804,79.7991296451656
14.4815476190476,1.40942036009538,1.50924349311131,0.988920419262826,79.8000253295955
14.4816468253968,1.40929740668987,1.50920317857734,0.988447475108477,79.8009208988688
14.481746031746,1.40917446725168,1.50916283064434,0.987974756442499,79.8018163530148
14.4818452380952,1.40905154177744,1.50912244933154,0.987502263162487,79.8027116920627
14.4819444444444,1.40892863026374,1.50908203465813,0.987029995166014,79.803606916042
14.4820436507936,1.40880573270722,1.50904158664331,0.98655795235074,79.8045020249821
14.4821428571429,1.40868284910448,1.50900110530626,0.986086134614303,79.8053970189121
14.4822420634921,1.40855997945214,1.50896059066617,0.985614541854417,79.8062918978615
14.4823412698413,1.40843712374686,1.50892004274219,0.985143173968826,79.8071866618595
14.4824404761905,1.40831428198525,1.5088794615535,0.984672030855269,79.8080813109355
14.4825396825397,1.40819145416395,1.50883884711925,0.98420111241157,79.8089758451186
14.4826388888889,1.40806864027961,1.50879819945859,0.983730418535534,79.8098702644383
14.4827380952381,1.40794584032889,1.50875751859065,0.98325994912505,79.8107645689237
14.4828373015873,1.40782305430842,1.50871680453456,0.98278970407799,79.8116587586042
14.4829365079365,1.40770028221486,1.50867605730944,0.98231968329231,79.8125528335088
14.4830357142857,1.40757752404489,1.50863527693442,0.981849886665946,79.813446793667
14.4831349206349,1.40745477979517,1.5085944634286,0.98138031409692,79.8143406391079
14.4832341269841,1.40733204946236,1.50855361681108,0.980910965483234,79.8152343698608
14.4833333333333,1.40720933304315,1.50851273710094,0.980441840722978,79.8161279859548
14.4834325396825,1.4070866305342,1.50847182431728,0.979972939714219,79.8170214874191
14.4835317460317,1.40696394193223,1.50843087847917,0.979504262355111,79.8179148742829
14.483630952381,1.40684126723389,1.50838989960567,0.979035808543789,79.8188081465755
14.4837301587302,1.4067186064359,1.50834888771585,0.978567578178461,79.8197013043259
14.4838293650794,1.40659595953496,1.50830784282876,0.978099571157364,79.8205943475634
14.4839285714286,1.40647332652776,1.50826676496344,0.977631787378734,79.821487276317
14.4840277777778,1.40635070741102,1.50822565413893,0.977164226740888,79.822380090616
14.484126984127,1.40622810218144,1.50818451037426,0.976696889142127,79.8232727904894
14.4842261904762,1.40610551083575,1.50814333368845,0.976229774480836,79.8241653759663
14.4843253968254,1.40598293337066,1.50810212410051,0.975762882655379,79.8250578470759
14.4844246031746,1.4058603697829,1.50806088162944,0.975296213564208,79.8259502038473
14.4845238095238,1.40573782006921,1.50801960629425,0.974829767105754,79.8268424463096
14.484623015873,1.40561528422633,1.50797829811392,0.974363543178534,79.8277345744918
14.4847222222222,1.40549276225098,1.50793695710743,0.973897541681046,79.828626588423
14.4848214285714,1.40537025413992,1.50789558329376,0.973431762511871,79.8295184881323
14.4849206349206,1.40524775988989,1.50785417669187,0.972966205569574,79.8304102736488
14.4850198412698,1.40512527949765,1.50781273732072,0.972500870752803,79.8313019450014
14.485119047619,1.40500281295996,1.50777126519926,0.972035757960188,79.8321935022192
14.4852182539683,1.40488036027358,1.50772976034644,0.971570867090431,79.8330849453312
14.4853174603175,1.40475792143528,1.50768822278118,0.971106198042264,79.8339762743664
14.4854166666667,1.40463549644184,1.50764665252241,0.970641750714419,79.8348674893539
14.4855158730159,1.40451308529002,1.50760504958905,0.970177525005707,79.8357585903226
14.4856150793651,1.40439068797662,1.50756341400002,0.969713520814923,79.8366495773015
14.4857142857143,1.40426830449842,1.50752174577421,0.969249738040947,79.8375404503196
14.4858134920635,1.4041459348522,1.50748004493052,0.968786176582639,79.8384312094058
14.4859126984127,1.40402357903478,1.50743831148783,0.968322836338945,79.8393218545891
14.4860119047619,1.40390123704293,1.50739654546503,0.967859717208791,79.8402123858985
14.4861111111111,1.40377890887348,1.50735474688099,0.967396819091188,79.8411028033628
14.4862103174603,1.40365659452323,1.50731291575457,0.966934141885129,79.8419931070111
14.4863095238095,1.40353429398899,1.50727105210462,0.966471685489692,79.8428832968722
14.4864087301587,1.40341200726759,1.50722915594999,0.966009449803934,79.843773372975
14.4865079365079,1.40328973435584,1.50718722730953,0.965547434726999,79.8446633353483
14.4866071428571,1.40316747525058,1.50714526620207,0.965085640158012,79.8455531840213
14.4867063492064,1.40304522994863,1.50710327264642,0.964624065996168,79.8464429190226
14.4868055555556,1.40292299844684,1.5070612466614,0.964162712140697,79.8473325403811
14.4869047619048,1.40280078074205,1.50701918826583,0.963701578490822,79.8482220481257
14.487003968254,1.4026785768311,1.50697709747851,0.963240664945852,79.8491114422852
14.4871031746032,1.40255638671084,1.50693497431822,0.962779971405076,79.8500007228886
14.4872023809524,1.40243421037813,1.50689281880375,0.962319497767868,79.8508898899645
14.4873015873016,1.40231204782983,1.50685063095388,0.961859243933583,79.8517789435419
14.4874007936508,1.40218989906281,1.50680841078738,0.961399209801662,79.8526678836495
14.4875,1.40206776407393,1.506766158323,0.960939395271526,79.8535567103162
14.4875992063492,1.40194564286007,1.50672387357951,0.960479800242681,79.8544454235707
14.4876984126984,1.4018235354181,1.50668155657565,0.960020424614614,79.8553340234417
14.4877976190476,1.40170144174492,1.50663920733015,0.959561268286897,79.8562225099582
14.4878968253968,1.4015793618374,1.50659682586174,0.959102331159084,79.8571108831487
14.487996031746,1.40145729569245,1.50655441218915,0.958643613130813,79.8579991430422
14.4880952380952,1.40133524330695,1.50651196633109,0.958185114101703,79.8588872896672
14.4881944444444,1.40121320467781,1.50646948830627,0.957726833971445,79.8597753230526
14.4882936507937,1.40109117980194,1.50642697813338,0.957268772639762,79.8606632432271
14.4883928571429,1.40096916867625,1.50638443583112,0.956810930006375,79.8615510502193
14.4884920634921,1.40084717129765,1.50634186141817,0.956353305971084,79.862438744058
14.4885912698413,1.40072518766306,1.50629925491319,0.955895900433675,79.8633263247719
14.4886904761905,1.40060321776941,1.50625661633487,0.955438713294016,79.8642137923896
14.4887896825397,1.40048126161362,1.50621394570186,0.954981744451957,79.8651011469399
14.4888888888889,1.40035931919264,1.5061712430328,0.954524993807434,79.8659883884513
14.4889880952381,1.40023739050339,1.50612850834635,0.954068461260363,79.8668755169525
14.4890873015873,1.40011547554283,1.50608574166114,0.953612146710744,79.8677625324723
14.4891865079365,1.3999935743079,1.50604294299579,0.95315605005856,79.8686494350391
14.4892857142857,1.39987168679555,1.50600011236893,0.952700171203877,79.8695362246816
14.4893849206349,1.39974981300274,1.50595724979916,0.952244510046744,79.8704229014286
14.4894841269841,1.39962795292643,1.5059143553051,0.951789066487293,79.8713094653084
14.4895833333333,1.39950610656359,1.50587142890533,0.951333840425638,79.8721959163498
14.4896825396825,1.39938427391119,1.50582847061844,0.950878831761966,79.8730822545813
14.4897817460317,1.3992624549662,1.50578548046303,0.950424040396495,79.8739684800315
14.489880952381,1.39914064972561,1.50574245845765,0.949969466229438,79.874854592729
14.4899801587302,1.3990188581864,1.50569940462087,0.949515109161092,79.8757405927022
14.4900793650794,1.39889708034555,1.50565631897126,0.949060969091739,79.8766264799799
14.4901785714286,1.39877531620007,1.50561320152735,0.948607045921739,79.8775122545904
14.4902777777778,1.39865356574694,1.50557005230769,0.948153339551439,79.8783979165624
14.490376984127,1.39853182898319,1.50552687133081,0.947699849881268,79.8792834659242
14.4904761904762,1.3984101059058,1.50548365861524,0.947246576811637,79.8801689027046
14.4905753968254,1.39828839651179,1.5054404141795,0.946793520243042,79.8810542269319
14.4906746031746,1.39816670079819,1.50539713804209,0.94634068007596,79.8819394386346
14.4907738095238,1.39804501876201,1.50535383022152,0.945888056210952,79.8828245378411
14.490873015873,1.39792335040028,1.50531049073628,0.945435648548562,79.8837095245801
14.4909722222222,1.39780169571003,1.50526711960486,0.944983456989417,79.8845943988799
14.4910714285714,1.39768005468829,1.50522371684573,0.944531481434126,79.885479160769
14.4911706349206,1.3975584273321,1.50518028247736,0.944079721783369,79.8863638102757
14.4912698412698,1.39743681363852,1.50513681651823,0.94362817793786,79.8872483474286
14.491369047619,1.39731521360459,1.50509331898677,0.943176849798307,79.8881327722561
14.4914682539683,1.39719362722735,1.50504978990144,0.942725737265502,79.8890170847865
14.4915674603175,1.39707205450388,1.50500622928068,0.94227484024022,79.8899012850483
14.4916666666667,1.39695049543123,1.50496263714292,0.941824158623318,79.8907853730699
14.4917658730159,1.39682895000648,1.50491901350658,0.941373692315637,79.8916693488796
14.4918650793651,1.39670741822668,1.50487535839008,0.9409234412181,79.8925532125057
14.4919642857143,1.39658590008893,1.50483167181182,0.940473405231615,79.8934369639768
14.4920634920635,1.3964643955903,1.50478795379021,0.940023584257171,79.894320603321
14.4921626984127,1.39634290472788,1.50474420434363,0.93957397819574,79.8952041305668
14.4922619047619,1.39622142749876,1.50470042349047,0.939124586948378,79.8960875457425
14.4923611111111,1.39609996390002,1.5046566112491,0.938675410416123,79.8969708488764
14.4924603174603,1.39597851392879,1.5046127676379,0.938226448500097,79.8978540399968
14.4925595238095,1.39585707758215,1.50456889267522,0.937777701101405,79.8987371191321
14.4926587301587,1.39573565485722,1.50452498637942,0.937329168121222,79.8996200863104
14.4927579365079,1.39561424575111,1.50448104876884,0.936880849460754,79.9005029415601
14.4928571428571,1.39549285026094,1.50443707986181,0.936432745021208,79.9013856849095
14.4929563492063,1.39537146838384,1.50439307967667,0.935984854703867,79.9022683163868
14.4930555555556,1.39525010011692,1.50434904823173,0.935537178410002,79.9031508360203
14.4931547619048,1.39512874545733,1.50430498554532,0.935089716040966,79.9040332438382
14.493253968254,1.3950074044022,1.50426089163573,0.934642467498094,79.9049155398688
14.4933531746032,1.39488607694866,1.50421676652126,0.934195432682803,79.9057977241402
14.4934523809524,1.39476476309387,1.5041726102202,0.933748611496497,79.9066797966808
14.4935515873016,1.39464346283499,1.50412842275084,0.933302003840658,79.9075617575186
14.4936507936508,1.39452217616915,1.50408420413144,0.932855609616755,79.908443606682
14.49375,1.39440090309352,1.50403995438028,0.932409428726338,79.9093253441989
14.4938492063492,1.39427964360527,1.5039956735156,0.93196346107094,79.9102069700978
14.4939484126984,1.39415839770157,1.50395136155567,0.931517706552177,79.9110884844067
14.4940476190476,1.39403716537958,1.50390701851872,0.931072165071649,79.9119698871537
14.4941468253968,1.39391594663649,1.50386264442298,0.930626836531026,79.9128511783671
14.494246031746,1.39379474146949,1.50381823928669,0.930181720832009,79.9137323580749
14.4943452380952,1.39367354987574,1.50377380312806,0.929736817876299,79.9146134263053
14.4944444444444,1.39355237185247,1.50372933596531,0.929292127565675,79.9154943830864
14.4945436507937,1.39343120739684,1.50368483781663,0.928847649801903,79.9163752284463
14.4946428571429,1.39331005650608,1.50364030870023,0.928403384486829,79.9172559624131
14.4947420634921,1.39318891917737,1.50359574863428,0.927959331522283,79.9181365850148
14.4948412698413,1.39306779540795,1.50355115763697,0.927515490810179,79.9190170962797
14.4949404761905,1.39294668519501,1.50350653572647,0.927071862252414,79.9198974962356
14.4950396825397,1.39282558853578,1.50346188292094,0.926628445750965,79.9207777849108
14.4951388888889,1.39270450542748,1.50341719923855,0.926185241207796,79.9216579623332
14.4952380952381,1.39258343586735,1.50337248469743,0.925742248524952,79.9225380285309
14.4953373015873,1.39246237985261,1.50332773931572,0.92529946760446,79.9234179835319
14.4954365079365,1.3923413373805,1.50328296311157,0.924856898348432,79.9242978273642
14.4955357142857,1.39222030844827,1.50323815610309,0.924414540658962,79.9251775600559
14.4956349206349,1.39209929305317,1.50319331830839,0.923972394438214,79.9260571816349
14.4957341269841,1.39197829119244,1.5031484497456,0.923530459588386,79.9269366921292
14.4958333333333,1.39185730286334,1.50310355043281,0.923088736011672,79.9278160915668
14.4959325396825,1.39173632806314,1.50305862038811,0.922647223610347,79.9286953799757
14.4960317460317,1.3916153667891,1.50301365962959,0.92220592228667,79.9295745573838
14.496130952381,1.39149441903849,1.50296866817532,0.921764831942983,79.9304536238191
14.4962301587302,1.39137348480858,1.50292364604337,0.921323952481612,79.9313325793096
14.4963293650794,1.39125256409666,1.50287859325181,0.920883283804964,79.9322114238831
14.4964285714286,1.3911316569,1.50283350981869,0.92044282581543,79.9330901575676
14.4965277777778,1.39101076321591,1.50278839576205,0.920002578415484,79.933968780391
14.496626984127,1.39088988304166,1.50274325109994,0.919562541507584,79.9348472923812
14.4967261904762,1.39076901637457,1.50269807585038,0.919122714994269,79.9357256935661
14.4968253968254,1.39064816321192,1.50265287003139,0.918683098778063,79.9366039839736
14.4969246031746,1.39052732355104,1.50260763366099,0.918243692761569,79.9374821636315
14.4970238095238,1.39040649738923,1.50256236675718,0.91780449684738,79.9383602325677
14.497123015873,1.3902856847238,1.50251706933797,0.917365510938153,79.9392381908101
14.4972222222222,1.39016488555208,1.50247174142135,0.91692673493658,79.9401160383865
14.4973214285714,1.3900440998714,1.50242638302529,0.91648816874535,79.9409937753247
14.4974206349206,1.38992332767908,1.50238099416777,0.916049812267233,79.9418714016526
14.4975198412698,1.38980256897246,1.50233557486677,0.915611665404984,79.942748917398
14.497619047619,1.38968182374889,1.50229012514023,0.915173728061438,79.9436263225887
14.4977182539683,1.38956109200569,1.50224464500611,0.914736000139417,79.9445036172525
14.4978174603175,1.38944037374023,1.50219913448235,0.914298481541822,79.9453808014171
14.4979166666667,1.38931966894985,1.50215359358689,0.913861172171541,79.9462578751103
14.4980158730159,1.38919897763191,1.50210802233766,0.91342407193154,79.94713483836
14.4981150793651,1.38907829978378,1.50206242075258,0.912987180724772,79.9480116911939
14.4982142857143,1.38895763540283,1.50201678884956,0.912550498454272,79.9488884336396
14.4983134920635,1.38883698448642,1.50197112664649,0.912114025023058,79.9497650657251
14.4984126984127,1.38871634703193,1.50192543416129,0.91167776033423,79.9506415874778
14.4985119047619,1.38859572303674,1.50187971141184,0.911241704290872,79.9515179989258
14.4986111111111,1.38847511249824,1.50183395841601,0.910805856796139,79.9523943000965
14.4987103174603,1.38835451541382,1.50178817519168,0.910370217753216,79.9532704910176
14.4988095238095,1.38823393178087,1.50174236175672,0.909934787065287,79.954146571717
14.4989087301587,1.3881133615968,1.50169651812899,0.909499564635618,79.9550225422223
14.4990079365079,1.387992804859,1.50165064432632,0.909064550367458,79.9558984025611
14.4991071428571,1.38787226156488,1.50160474036657,0.908629744164136,79.9567741527611
14.4992063492064,1.38775173171187,1.50155880626757,0.90819514592897,79.9576497928499
14.4993055555556,1.38763121529737,1.50151284204714,0.907760755565356,79.9585253228552
14.4994047619048,1.38751071231881,1.50146684772309,0.907326572976675,79.9594007428047
14.499503968254,1.38739022277362,1.50142082331325,0.906892598066389,79.9602760527259
14.4996031746032,1.38726974665922,1.50137476883541,0.906458830737947,79.9611512526464
14.4997023809524,1.38714928397306,1.50132868430737,0.906025270894876,79.9620263425939
14.4998015873016,1.38702883471257,1.50128256974691,0.905591918440691,79.9629013225959
14.4999007936508,1.38690839887521,1.50123642517181,0.905158773278986,79.96377619268
14.5,1.38678797645841,1.50119025059984,0.90472583531334,79.9646509528738
14.5000992063492,1.38666756745964,1.50114404604876,0.904293104447402,79.9655256032049
14.5001984126984,1.38654717187635,1.50109781153633,0.903860580584853,79.9664001437008
14.5002976190476,1.38642678970601,1.5010515470803,0.903428263629372,79.967274574389
14.5003968253968,1.38630642094609,1.50100525269841,0.902996153484718,79.9681488952971
14.500496031746,1.38618606559406,1.50095892840838,0.902564250054636,79.9690231064527
14.5005952380952,1.3860657236474,1.50091257422794,0.902132553242951,79.9698972078831
14.5006944444444,1.38594539510359,1.5008661901748,0.901701062953474,79.9707711996159
14.5007936507936,1.38582507996012,1.50081977626668,0.901269779090095,79.9716450816787
14.5008928571429,1.38570477821447,1.50077333252127,0.900838701556691,79.9725188540989
14.5009920634921,1.38558448986415,1.50072685895626,0.90040783025722,79.9733925169039
14.5010912698413,1.38546421490666,1.50068035558934,0.899977165095625,79.9742660701213
14.5011904761905,1.3853439533395,1.50063382243819,0.899546705975927,79.9751395137784
14.5012896825397,1.38522370516018,1.50058725952047,0.899116452802136,79.9760128479028
14.5013888888889,1.38510347036622,1.50054066685384,0.89868640547834,79.9768860725219
14.5014880952381,1.38498324895513,1.50049404445596,0.898256563908616,79.9777591876631
14.5015873015873,1.38486304092444,1.50044739234447,0.897826927997104,79.9786321933537
14.5016865079365,1.38474284627168,1.500400710537,0.897397497647982,79.9795050896213
14.5017857142857,1.38462266499438,1.5003539990512,0.896968272765423,79.9803778764933
14.5018849206349,1.38450249709008,1.50030725790467,0.896539253253682,79.9812505539969
14.5019841269841,1.38438234255632,1.50026048711503,0.896110439016997,79.9821231221596
14.5020833333333,1.38426220139065,1.50021368669989,0.895681829959688,79.9829955810087
14.5021825396825,1.38414207359062,1.50016685667684,0.895253425986062,79.9838679305716
14.5022817460317,1.38402195915378,1.50011999706348,0.894825227000503,79.9847401708757
14.502380952381,1.3839018580777,1.50007310787738,0.894397232907384,79.9856123019483
14.5024801587302,1.38378177035995,1.50002618913612,0.893969443611155,79.9864843238167
14.5025793650794,1.38366169599808,1.49997924085726,0.893541859016256,79.9873562365083
14.5026785714286,1.38354163498968,1.49993226305837,0.893114479027203,79.9882280400502
14.5027777777778,1.38342158733233,1.499885255757,0.8926873035485,79.98909973447
14.502876984127,1.3833015530236,1.49983821897068,0.892260332484731,79.9899713197947
14.5029761904762,1.38318153206109,1.49979115271695,0.891833565740465,79.9908427960518
14.5030753968254,1.38306152444239,1.49974405701334,0.891407003220339,79.9917141632685
14.5031746031746,1.38294153016511,1.49969693187737,0.890980644829026,79.992585421472
14.5032738095238,1.38282154922683,1.49964977732654,0.890554490471193,79.9934565706896
14.503373015873,1.38270158162517,1.49960259337837,0.890128540051589,79.9943276109485
14.5034722222222,1.38258162735773,1.49955538005035,0.889702793474948,79.995198542276
14.5035714285714,1.38246168642215,1.49950813735996,0.889277250646086,79.9960693646993
14.5036706349206,1.38234175881602,1.49946086532468,0.888851911469801,79.9969400782456
14.5037698412698,1.38222184453699,1.49941356396199,0.888426775850976,79.997810682942
14.503869047619,1.38210194358268,1.49936623328934,0.888001843694476,79.9986811788159
14.5039682539683,1.38198205595073,1.49931887332421,0.887577114905247,79.9995515658943
14.5040674603175,1.38186218163876,1.49927148408403,0.887152589388224,80.0004218442045
14.5041666666667,1.38174232064444,1.49922406558624,0.886728267048416,80.0012920137736
14.5042658730159,1.3816224729654,1.49917661784828,0.886304147790824,80.0021620746288
14.5043650793651,1.3815026385993,1.49912914088757,0.885880231520525,80.0030320267971
14.5044642857143,1.3813828175438,1.49908163472153,0.885456518142584,80.0039018703059
14.5045634920635,1.38126300979655,1.49903409936756,0.885033007562134,80.004771605182
14.5046626984127,1.38114321535523,1.49898653484307,0.88460969968434,80.0056412314528
14.5047619047619,1.38102343421751,1.49893894116546,0.884186594414365,80.0065107491452
14.5048611111111,1.38090366638106,1.4988913183521,0.883763691657452,80.0073801582864
14.5049603174603,1.38078391184356,1.49884366642037,0.883340991318832,80.0082494589035
14.5050595238095,1.3806641706027,1.49879598538765,0.882918493303814,80.0091186510235
14.5051587301587,1.38054444265617,1.49874827527129,0.882496197517692,80.0099877346735
14.5052579365079,1.38042472800166,1.49870053608865,0.882074103865841,80.0108567098805
14.5053571428571,1.38030502663688,1.49865276785708,0.881652212253624,80.0117255766717
14.5054563492063,1.38018533855952,1.49860497059391,0.881230522586482,80.012594335074
14.5055555555556,1.38006566376729,1.49855714431647,0.880809034769841,80.0134629851145
14.5056547619048,1.3799460022579,1.49850928904209,0.880387748709209,80.0143315268201
14.505753968254,1.37982635402908,1.49846140478807,0.879966664310079,80.0151999602179
14.5058531746032,1.37970671907855,1.49841349157174,0.879545781478024,80.016068285335
14.5059523809524,1.37958709740403,1.49836554941038,0.879125100118604,80.0169365021982
14.5060515873016,1.37946748900325,1.49831757832128,0.878704620137446,80.0178046108345
14.5061507936508,1.37934789387395,1.49826957832174,0.87828434144021,80.018672611271
14.50625,1.37922831201387,1.49822154942902,0.877864263932554,80.0195405035346
14.5063492063492,1.37910874342076,1.4981734916604,0.877444387520217,80.0204082876521
14.5064484126984,1.37898918809236,1.49812540503312,0.877024712108923,80.0212759636507
14.5065476190476,1.37886964602643,1.49807728956445,0.876605237604475,80.0221435315571
14.5066468253968,1.37875011722072,1.49802914527162,0.876185963912664,80.0230109913984
14.506746031746,1.37863060167301,1.49798097217188,0.875766890939359,80.0238783432014
14.5068452380952,1.37851109938106,1.49793277028245,0.875348018590418,80.024745586993
14.5069444444444,1.37839161034264,1.49788453962055,0.874929346771776,80.0256127228002
14.5070436507937,1.37827213455553,1.49783628020339,0.874510875389355,80.0264797506497
14.5071428571429,1.37815267201751,1.49778799204819,0.874092604349157,80.0273466705685
14.5072420634921,1.37803322272637,1.49773967517212,0.87367453355717,80.0282134825834
14.5073412698413,1.37791378667989,1.49769132959239,0.873256662919461,80.0290801867213
14.5074404761905,1.37779436387588,1.49764295532617,0.872838992342086,80.0299467830091
14.5075396825397,1.37767495431214,1.49759455239065,0.872421521731166,80.0308132714735
14.5076388888889,1.37755555798647,1.49754612080297,0.872004250992856,80.0316796521413
14.5077380952381,1.37743617489667,1.4974976605803,0.87158718003331,80.0325459250395
14.5078373015873,1.37731680504058,1.49744917173979,0.871170308758759,80.0334120901947
14.5079365079365,1.37719744841599,1.49740065429858,0.870753637075425,80.0342781476338
14.5080357142857,1.37707810502074,1.49735210827381,0.870337164889603,80.0351440973836
14.5081349206349,1.37695877485265,1.4973035336826,0.869920892107581,80.0360099394708
14.5082341269841,1.37683945790956,1.49725493054206,0.869504818635722,80.0368756739223
14.5083333333333,1.3767201541893,1.49720629886931,0.869088944380379,80.0377413007647
14.5084325396825,1.37660086368973,1.49715763868146,0.86867326924798,80.0386068200247
14.5085317460317,1.37648158640867,1.49710894999558,0.868257793144944,80.0394722317293
14.508630952381,1.37636232234399,1.49706023282878,0.867842515977767,80.040337535905
14.5087301587302,1.37624307149353,1.49701148719813,0.867427437652931,80.0412027325786
14.5088293650794,1.37612383385516,1.4969627131207,0.867012558077,80.0420678217767
14.5089285714286,1.37600460942675,1.49691391061355,0.866597877156523,80.0429328035261
14.5090277777778,1.37588539820616,1.49686507969375,0.866183394798117,80.0437976778535
14.509126984127,1.37576620019128,1.49681622037832,0.86576911090843,80.0446624447856
14.5092261904762,1.37564701537996,1.49676733268433,0.865355025394112,80.0455271043489
14.5093253968254,1.37552784377011,1.49671841662879,0.864941138161889,80.0463916565702
14.5094246031746,1.3754086853596,1.49666947222873,0.864527449118476,80.0472561014762
14.5095238095238,1.37528954014634,1.49662049950116,0.864113958170666,80.0481204390933
14.509623015873,1.37517040812821,1.4965714984631,0.863700665225239,80.0489846694484
14.5097222222222,1.37505128930312,1.49652246913155,0.863287570189054,80.0498487925679
14.5098214285714,1.37493218366898,1.49647341152349,0.862874672968958,80.0507128084785
14.5099206349206,1.3748130912237,1.49642432565591,0.862461973471875,80.0515767172069
14.5100198412698,1.37469401196518,1.49637521154579,0.862049471604719,80.0524405187795
14.510119047619,1.37457494589136,1.49632606921009,0.861637167274478,80.053304213223
14.5102182539683,1.37445589300016,1.49627689866578,0.861225060388133,80.0541678005639
14.5103174603175,1.3743368532895,1.49622769992981,0.860813150852739,80.0550312808288
14.5104166666667,1.37421782675732,1.49617847301913,0.860401438575342,80.0558946540443
14.5105158730159,1.37409881340156,1.49612921795066,0.859989923463053,80.0567579202369
14.5106150793651,1.37397981322017,1.49607993474135,0.859578605423015,80.057621079433
14.5107142857143,1.37386082621108,1.49603062340811,0.859167484362372,80.0584841316593
14.5108134920635,1.37374185237226,1.49598128396785,0.858756560188346,80.0593470769423
14.5109126984127,1.37362289170166,1.49593191643748,0.858345832808147,80.0602099153084
14.5110119047619,1.37350394419724,1.49588252083391,0.857935302129061,80.0610726467841
14.5111111111111,1.37338500985697,1.49583309717401,0.857524968058365,80.061935271396
14.5112103174603,1.37326608867881,1.49578364547468,0.857114830503412,80.0627977891704
14.5113095238095,1.37314718066075,1.49573416575278,0.856704889371542,80.063660200134
14.5114087301587,1.37302828580077,1.49568465802518,0.856295144570177,80.0645225043129
14.5115079365079,1.37290940409684,1.49563512230874,0.855885596006722,80.0653847017339
14.5116071428571,1.37279053554696,1.49558555862031,0.855476243588663,80.0662467924233
14.5117063492063,1.37267168014913,1.49553596697674,0.855067087223475,80.0671087764074
14.5118055555556,1.37255283790133,1.49548634739485,0.854658126818708,80.0679706537128
14.5119047619048,1.37243400880158,1.49543669989148,0.854249362281901,80.0688324243658
14.512003968254,1.37231519284788,1.49538702448345,0.853840793520661,80.0696940883928
14.5121031746032,1.37219639003824,1.49533732118756,0.853432420442626,80.0705556458202
14.5122023809524,1.37207760037069,1.49528759002062,0.853024242955436,80.0714170966744
14.5123015873016,1.37195882384324,1.49523783099943,0.852616260966805,80.0722784409817
14.5124007936508,1.37184006045391,1.49518804414077,0.85220847438444,80.0731396787685
14.5125,1.37172131020075,1.49513822946142,0.851800883116121,80.0740008100612
14.5125992063492,1.37160257308178,1.49508838697816,0.851393487069619,80.074861834886
14.5126984126984,1.37148384909505,1.49503851670775,0.850986286152783,80.0757227532693
14.5127976190476,1.37136513823859,1.49498861866694,0.850579280273448,80.0765835652375
14.5128968253968,1.37124644051047,1.49493869287249,0.850172469339529,80.0774442708167
14.512996031746,1.37112775590872,1.49488873934113,0.849765853258929,80.0783048700334
14.5130952380952,1.37100908443142,1.4948387580896,0.849359431939626,80.0791653629138
14.5131944444444,1.37089042607662,1.49478874913462,0.84895320528959,80.0800257494842
14.5132936507936,1.3707717808424,1.49473871249291,0.848547173216866,80.0808860297709
14.5133928571429,1.37065314872681,1.49468864818118,0.848141335629489,80.0817462038
14.5134920634921,1.37053452972795,1.49463855621613,0.84773569243556,80.0826062715979
14.5135912698413,1.3704159238439,1.49458843661445,0.847330243543212,80.0834662331908
14.5136904761905,1.37029733107272,1.49453828939283,0.846924988860579,80.084326088605
14.5137896825397,1.37017875141253,1.49448811456794,0.846519928295871,80.0851858378665
14.5138888888889,1.37006018486142,1.49443791215646,0.846115061757288,80.0860454810018
14.5139880952381,1.36994163141748,1.49438768217505,0.845710389153107,80.0869050180368
14.5140873015873,1.36982309107881,1.49433742464037,0.845305910391593,80.0877644489979
14.5141865079365,1.36970456384354,1.49428713956905,0.844901625381089,80.0886237739113
14.5142857142857,1.36958604970976,1.49423682697773,0.844497534029926,80.089482992803
14.5143849206349,1.36946754867561,1.49418648688306,0.844093636246512,80.0903421056993
14.5144841269841,1.3693490607392,1.49413611930164,0.843689931939246,80.0912011126263
14.5145833333333,1.36923058589866,1.4940857242501,0.843286421016602,80.0920600136101
14.5146825396825,1.36911212415213,1.49403530174504,0.842883103387042,80.0929188086769
14.5147817460317,1.36899367549773,1.49398485180306,0.842479978959109,80.0937774978528
14.514880952381,1.36887523993361,1.49393437444075,0.84207704764133,80.0946360811639
14.5149801587302,1.36875681745792,1.4938838696747,0.841674309342302,80.0954945586363
14.5150793650794,1.36863840806881,1.49383333752147,0.841271763970653,80.0963529302961
14.5151785714286,1.36852001176444,1.49378277799765,0.840869411435011,80.0972111961694
14.5152777777778,1.36840162854295,1.49373219111978,0.840467251644082,80.0980693562822
14.515376984127,1.36828325840252,1.49368157690443,0.840065284506559,80.0989274106607
14.5154761904762,1.36816490134132,1.49363093536813,0.839663509931216,80.0997853593308
14.5155753968254,1.36804655735752,1.49358026652741,0.839261927826811,80.1006432023187
14.5156746031746,1.3679282264493,1.49352957039882,0.838860538102183,80.1015009396503
14.5157738095238,1.36780990861483,1.49347884699886,0.838459340666156,80.1023585713517
14.515873015873,1.36769160385232,1.49342809634406,0.838058335427636,80.1032160974489
14.5159722222222,1.36757331215995,1.49337731845091,0.837657522295514,80.1040735179678
14.5160714285714,1.36745503353591,1.49332651333592,0.837256901178759,80.1049308329346
14.5161706349206,1.36733676797841,1.49327568101556,0.836856471986329,80.1057880423751
14.5162698412698,1.36721851548566,1.49322482150633,0.836456234627261,80.1066451463154
14.516369047619,1.36710027605586,1.4931739348247,0.836056189010577,80.1075021447814
14.5164682539683,1.36698204968723,1.49312302098713,0.835656335045369,80.1083590377991
14.5165674603175,1.36686383637799,1.49307208001007,0.83525667264076,80.1092158253944
14.5166666666667,1.36674563612637,1.49302111190999,0.834857201705872,80.1100725075932
14.5167658730159,1.36662744893059,1.49297011670332,0.834457922149906,80.1109290844215
14.5168650793651,1.36650927478888,1.49291909440649,0.834058833882052,80.1117855559052
14.5169642857143,1.3663911136995,1.49286804503593,0.833659936811574,80.1126419220702
14.5170634920635,1.36627296566066,1.49281696860806,0.833261230847729,80.1134981829425
14.5171626984127,1.36615483067064,1.49276586513929,0.832862715899849,80.1143543385478
14.5172619047619,1.36603670872767,1.49271473464603,0.832464391877254,80.1152103889121
14.5173611111111,1.36591859983001,1.49266357714466,0.832066258689343,80.1160663340612
14.5174603174603,1.36580050397593,1.49261239265157,0.831668316245503,80.116922174021
14.5175595238095,1.36568242116369,1.49256118118314,0.831270564455197,80.1177779088173
14.5176587301587,1.36556435139156,1.49250994275575,0.83087300322788,80.1186335384761
14.5177579365079,1.36544629465782,1.49245867738576,0.830475632473081,80.119489063023
14.5178571428571,1.36532825096074,1.49240738508951,0.830078452100318,80.120344482484
14.5179563492064,1.36521022029861,1.49235606588337,0.829681462019178,80.1211997968849
14.5180555555556,1.36509220266972,1.49230471978366,0.829284662139278,80.1220550062513
14.5181547619048,1.36497419807237,1.49225334680673,0.828888052370236,80.1229101106093
14.518253968254,1.36485620650484,1.49220194696889,0.828491632621747,80.1237651099844
14.5183531746032,1.36473822796545,1.49215052028645,0.828095402803496,80.1246200044025
14.5184523809524,1.3646202624525,1.49209906677574,0.827699362825242,80.1254747938893
14.5185515873016,1.3645023099643,1.49204758645305,0.827303512596736,80.1263294784707
14.5186507936508,1.36438437049917,1.49199607933467,0.826907852027805,80.1271840581723
14.51875,1.36426644405543,1.49194454543689,0.826512381028264,80.1280385330198
14.5188492063492,1.3641485306314,1.49189298477597,0.826117099508007,80.1288929030391
14.5189484126984,1.36403063022542,1.4918413973682,0.825722007376916,80.1297471682558
14.5190476190476,1.36391274283583,1.49178978322984,0.82532710454495,80.1306013286955
14.5191468253968,1.36379486846095,1.49173814237712,0.824932390922055,80.1314553843841
14.519246031746,1.36367700709914,1.49168647482631,0.824537866418258,80.1323093353472
14.5193452380952,1.36355915874873,1.49163478059364,0.824143530943572,80.1331631816104
14.5194444444444,1.3634413234081,1.49158305969533,0.823749384408076,80.1340169231995
14.5195436507937,1.36332350107559,1.49153131214762,0.823355426721884,80.13487056014
14.5196428571429,1.36320569174957,1.4914795379667,0.822961657795108,80.1357240924577
14.5197420634921,1.36308789542841,1.4914277371688,0.822568077537939,80.1365775201781
14.5198412698413,1.36297011211047,1.4913759097701,0.822174685860554,80.1374308433269
14.5199404761905,1.36285234179413,1.49132405578681,0.82178148267321,80.1382840619297
14.5200396825397,1.36273458447778,1.49127217523509,0.821388467886151,80.1391371760121
14.5201388888889,1.3626168401598,1.49122026813112,0.820995641409699,80.1399901855997
14.5202380952381,1.36249910883857,1.49116833449108,0.820603003154166,80.1408430907181
14.5203373015873,1.36238139051251,1.49111637433112,0.820210553029937,80.1416958913929
14.5204365079365,1.36226368517999,1.49106438766738,0.819818290947391,80.1425485876496
14.5205357142857,1.36214599283944,1.49101237451603,0.819426216816981,80.1434011795137
14.5206349206349,1.36202831348925,1.49096033489318,0.819034330549149,80.144253667011
14.5207341269841,1.36191064712784,1.49090826881496,0.818642632054415,80.1451060501667
14.5208333333333,1.36179299375363,1.4908561762975,0.818251121243288,80.1459583290066
14.5209325396825,1.36167535336504,1.49080405735691,0.817859798026343,80.1468105035561
14.5210317460317,1.36155772596049,1.4907519120093,0.817468662314186,80.1476625738407
14.521130952381,1.36144011153843,1.49069974027074,0.817077714017426,80.148514539886
14.5212301587302,1.36132251009728,1.49064754215735,0.816686953046746,80.1493664017173
14.5213293650794,1.36120492163549,1.49059531768518,0.816296379312822,80.1502181593603
14.5214285714286,1.3610873461515,1.49054306687033,0.815905992726403,80.1510698128403
14.5215277777778,1.36096978364377,1.49049078972885,0.815515793198228,80.1519213621829
14.521626984127,1.36085223411074,1.4904384862768,0.815125780639115,80.1527728074134
14.5217261904762,1.36073469755087,1.49038615653022,0.814735954959869,80.1536241485573
14.5218253968254,1.36061717396264,1.49033380050516,0.814346316071371,80.15447538564
14.5219246031746,1.36049966334451,1.49028141821765,0.813956863884495,80.1553265186871
14.5220238095238,1.36038216569495,1.49022900968372,0.813567598310187,80.1561775477238
14.522123015873,1.36026468101244,1.49017657491938,0.813178519259386,80.1570284727755
14.5222222222222,1.36014720929546,1.49012411394065,0.812789626643106,80.1578792938678
14.5223214285714,1.3600297505425,1.49007162676352,0.812400920372351,80.1587300110259
14.5224206349206,1.35991230475205,1.49001911340398,0.81201240035819,80.1595806242752
14.5225198412698,1.35979487192261,1.48996657387803,0.811624066511724,80.1604311336411
14.522619047619,1.35967745205268,1.48991400820164,0.811235918744058,80.1612815391489
14.5227182539683,1.35956004514076,1.48986141639079,0.810847956966369,80.162131840824
14.5228174603175,1.35944265118536,1.48980879846143,0.810460181089827,80.1629820386917
14.5229166666667,1.35932527018501,1.48975615442951,0.810072591025676,80.1638321327773
14.5230158730159,1.35920790213821,1.48970348431099,0.809685186685152,80.1646821231062
14.5231150793651,1.35909054704349,1.48965078812181,0.809297967979565,80.1655320097037
14.5232142857143,1.35897320489939,1.48959806587789,0.808910934820215,80.166381792595
14.5233134920635,1.35885587570442,1.48954531759515,0.80852408711848,80.1672314718054
14.5234126984127,1.35873855945714,1.48949254328952,0.808137424785727,80.1680810473602
14.5235119047619,1.35862125615608,1.4894397429769,0.807750947733397,80.1689305192847
14.5236111111111,1.35850396579979,1.48938691667319,0.807364655872925,80.1697798876042
14.5237103174603,1.35838668838682,1.48933406439427,0.806978549115818,80.1706291523437
14.5238095238095,1.35826942391573,1.48928118615604,0.806592627373576,80.1714783135288
14.5239087301587,1.35815217238508,1.48922828197437,0.806206890557762,80.1723273711844
14.5240079365079,1.35803493379343,1.48917535186513,0.805821338579973,80.1731763253359
14.5241071428571,1.35791770813936,1.48912239584417,0.805435971351807,80.1740251760084
14.5242063492063,1.35780049542143,1.48906941392736,0.805050788784937,80.1748739232272
14.5243055555556,1.35768329563824,1.48901640613052,0.804665790791028,80.1757225670175
14.5244047619048,1.35756610878835,1.48896337246951,0.804280977281819,80.1765711074043
14.524503968254,1.35744893487036,1.48891031296015,0.803896348169039,80.177419544413
14.5246031746032,1.35733177388287,1.48885722761826,0.803511903364494,80.1782678780685
14.5247023809524,1.35721462582447,1.48880411645964,0.80312764277998,80.1791161083962
14.5248015873016,1.35709749069376,1.48875097950012,0.802743566327368,80.1799642354211
14.5249007936508,1.35698036848935,1.48869781675548,0.80235967391852,80.1808122591684
14.525,1.35686325920985,1.48864462824152,0.801975965465373,80.1816601796631
14.5250992063492,1.35674616285388,1.488591413974,0.801592440879855,80.1825079969304
14.5251984126984,1.35662907942005,1.48853817396872,0.801209100073969,80.1833557109954
14.5252976190476,1.356512008907,1.48848490824143,0.80082594295971,80.1842033218832
14.5253968253968,1.35639495131335,1.4884316168079,0.800442969449135,80.1850508296189
14.525496031746,1.35627790663774,1.48837829968386,0.800060179454336,80.1858982342274
14.5255952380952,1.35616087487881,1.48832495688507,0.799677572887406,80.186745535734
14.5256944444444,1.3560438560352,1.48827158842726,0.799295149660514,80.1875927341636
14.5257936507937,1.35592685010555,1.48821819432615,0.798912909685817,80.1884398295413
14.5258928571429,1.35580985708853,1.48816477459747,0.79853085287555,80.189286821892
14.5259920634921,1.35569287698278,1.48811132925692,0.798148979141938,80.1901337112409
14.5260912698413,1.35557590978698,1.48805785832021,0.797767288397281,80.190980497613
14.5261904761905,1.35545895549978,1.48800436180302,0.79738578055387,80.1918271810332
14.5262896825397,1.35534201411986,1.48795083972106,0.79700445552407,80.1926737615265
14.5263888888889,1.3552250856459,1.48789729208999,0.796623313220238,80.193520239118
14.5264880952381,1.35510817007658,1.48784371892549,0.796242353554806,80.1943666138326
14.5265873015873,1.35499126741057,1.48779012024323,0.795861576440198,80.1952128856952
14.5266865079365,1.35487437764658,1.48773649605885,0.79548098178891,80.1960590547308
14.5267857142857,1.35475750078329,1.48768284638801,0.795100569513432,80.1969051209644
14.5268849206349,1.3546406368194,1.48762917124634,0.794720339526317,80.1977510844209
14.5269841269841,1.35452378575363,1.48757547064949,0.794340291740151,80.1985969451252
14.5270833333333,1.35440694758467,1.48752174461306,0.793960426067522,80.1994427031022
14.5271825396825,1.35429012231124,1.48746799315268,0.793580742421093,80.2002883583768
14.5272817460317,1.35417330993205,1.48741421628396,0.793201240713517,80.201133910974
14.527380952381,1.35405651044583,1.48736041402249,0.792821920857523,80.2019793609186
14.5274801587302,1.35393972385131,1.48730658638388,0.792442782765832,80.2028247082355
14.5275793650794,1.35382295014721,1.4872527333837,0.792063826351236,80.2036699529495
14.5276785714286,1.35370618933228,1.48719885503753,0.791685051526523,80.2045150950856
14.5277777777778,1.35358944140525,1.48714495136094,0.791306458204553,80.2053601346685
14.527876984127,1.35347270636486,1.48709102236949,0.790928046298178,80.2062050717231
14.5279761904762,1.35335598420988,1.48703706807874,0.790549815720323,80.2070499062742
14.5280753968254,1.35323927493904,1.48698308850423,0.790171766383908,80.2078946383466
14.5281746031746,1.35312257855112,1.48692908366149,0.789793898201924,80.2087392679652
14.5282738095238,1.35300589504487,1.48687505356607,0.789416211087355,80.2095837951548
14.528373015873,1.35288922441906,1.48682099823347,0.789038704953249,80.2104282199401
14.5284722222222,1.35277256667247,1.48676691767922,0.788661379712687,80.2112725423459
14.5285714285714,1.35265592180387,1.48671281191882,0.788284235278753,80.212116762397
14.5286706349206,1.35253928981205,1.48665868096777,0.787907271564602,80.2129608801181
14.5287698412698,1.35242267069578,1.48660452484156,0.787530488483384,80.213804895534
14.528869047619,1.35230606445387,1.48655034355567,0.787153885948322,80.2146488086694
14.5289682539683,1.3521894710851,1.48649613712557,0.786777463872632,80.2154926195491
14.5290674603175,1.35207289058829,1.48644190556674,0.786401222169601,80.2163363281977
14.5291666666667,1.35195632296222,1.48638764889463,0.786025160752512,80.2171799346401
14.5292658730159,1.35183976820572,1.4863333671247,0.785649279534719,80.2180234389008
14.5293650793651,1.3517232263176,1.48627906027238,0.785273578429568,80.2188668410047
14.5294642857143,1.35160669729667,1.48622472835312,0.784898057350481,80.2197101409762
14.5295634920635,1.35149018114176,1.48617037138233,0.784522716210872,80.2205533388402
14.5296626984127,1.3513736778517,1.48611598937545,0.784147554924226,80.2213964346213
14.5297619047619,1.35125718742532,1.48606158234787,0.783772573404022,80.2222394283442
14.5298611111111,1.35114070986146,1.48600715031502,0.783397771563804,80.2230823200334
14.5299603174603,1.35102424515895,1.48595269329227,0.783023149317147,80.2239251097137
14.5300595238095,1.35090779331665,1.48589821129502,0.782648706577628,80.2247677974096
14.5301587301587,1.35079135433341,1.48584370433866,0.7822744432589,80.2256103831457
14.5302579365079,1.35067492820808,1.48578917243854,0.781900359274606,80.2264528669467
14.5303571428571,1.35055851493953,1.48573461561005,0.781526454538464,80.2272952488372
14.5304563492064,1.35044211452661,1.48568003386853,0.781152728964185,80.2281375288417
14.5305555555556,1.3503257269682,1.48562542722933,0.780779182465551,80.2289797069848
14.5306547619048,1.35020935226316,1.4855707957078,0.780405814956339,80.229821783291
14.530753968254,1.3500929904104,1.48551613931927,0.780032626350397,80.230663757785
14.5308531746032,1.34997664140877,1.48546145807905,0.779659616561569,80.2315056304913
14.5309523809524,1.34986030525717,1.48540675200248,0.77928678550377,80.2323474014344
14.5310515873016,1.3497439819545,1.48535202110486,0.778914133090907,80.2331890706388
14.5311507936508,1.34962767149965,1.48529726540149,0.778541659236962,80.234030638129
14.53125,1.34951137389152,1.48524248490767,0.77816936385591,80.2348721039297
14.5313492063492,1.34939508912902,1.48518767963868,0.777797246861786,80.2357134680652
14.5314484126984,1.34927881721106,1.4851328496098,0.777425308168662,80.2365547305599
14.5315476190476,1.34916255813656,1.4850779948363,0.777053547690611,80.2373958914386
14.5316468253968,1.34904631190443,1.48502311533344,0.776681965341778,80.2382369507255
14.531746031746,1.3489300785136,1.48496821111649,0.776310561036303,80.2390779084451
14.5318452380952,1.34881385796301,1.48491328220067,0.775939334688398,80.2399187646219
14.5319444444444,1.34869765025157,1.48485832860124,0.775568286212268,80.2407595192804
14.5320436507936,1.34858145537825,1.48480335033343,0.775197415522191,80.2416001724448
14.5321428571429,1.34846527334196,1.48474834741245,0.774826722532439,80.2424407241398
14.5322420634921,1.34834910414167,1.48469331985352,0.774456207157354,80.2432811743896
14.5323412698413,1.34823294777633,1.48463826767186,0.774085869311275,80.2441215232188
14.5324404761905,1.34811680424489,1.48458319088265,0.773715708908611,80.2449617706515
14.5325396825397,1.34800067354632,1.4845280895011,0.773345725863765,80.2458019167124
14.5326388888889,1.34788455567958,1.48447296354238,0.772975920091214,80.2466419614256
14.5327380952381,1.34776845064364,1.48441781302167,0.772606291505426,80.2474819048156
14.5328373015873,1.34765235843747,1.48436263795414,0.772236840020933,80.2483217469068
14.5329365079365,1.34753627906007,1.48430743835496,0.7718675655523,80.2491614877234
14.5330357142857,1.34742021251041,1.48425221423926,0.771498468014095,80.2500011272898
14.5331349206349,1.34730415878748,1.48419696562221,0.77112954732096,80.2508406656303
14.5332341269841,1.34718811789028,1.48414169251892,0.770760803387527,80.2516801027692
14.5333333333333,1.3470720898178,1.48408639494454,0.770392236128504,80.2525194387309
14.5334325396825,1.34695607456905,1.48403107291418,0.770023845458591,80.2533586735396
14.5335317460317,1.34684007214303,1.48397572644296,0.769655631292561,80.2541978072196
14.533630952381,1.34672408253877,1.48392035554598,0.769287593545179,80.2550368397952
14.5337301587302,1.34660810575527,1.48386496023834,0.768919732131285,80.2558757712906
14.5338293650794,1.34649214179155,1.48380954053512,0.768552046965709,80.2567146017301
14.5339285714286,1.34637619064665,1.48375409645142,0.768184537963358,80.2575533311379
14.5340277777778,1.34626025231959,1.4836986280023,0.767817205039128,80.2583919595383
14.534126984127,1.34614432680941,1.48364313520283,0.767450048107991,80.2592304869555
14.5342261904762,1.34602841411514,1.48358761806807,0.76708306708491,80.2600689134137
14.5343253968254,1.34591251423585,1.48353207661307,0.766716261884913,80.2609072389371
14.5344246031746,1.34579662717056,1.48347651085286,0.766349632423058,80.2617454635499
14.5345238095238,1.34568075291834,1.4834209208025,0.765983178614409,80.2625835872763
14.534623015873,1.34556489147825,1.48336530647699,0.765616900374101,80.2634216101405
14.5347222222222,1.34544904284934,1.48330966789136,0.765250797617263,80.2642595321666
14.5348214285714,1.3453332070307,1.48325400506063,0.764884870259097,80.2650973533787
14.5349206349206,1.34521738402138,1.48319831799979,0.764519118214797,80.2659350738011
14.5350198412698,1.34510157382046,1.48314260672384,0.764153541399631,80.2667726934579
14.535119047619,1.34498577642703,1.48308687124776,0.76378813972886,80.2676102123732
14.5352182539683,1.34486999184018,1.48303111158654,0.763422913117818,80.268447630571
14.5353174603175,1.34475422005898,1.48297532775515,0.76305786148183,80.2692849480756
14.5354166666667,1.34463846108255,1.48291951976855,0.762692984736297,80.270122164911
14.5355158730159,1.34452271490997,1.4828636876417,0.762328282796611,80.2709592811013
14.5356150793651,1.34440698154036,1.48280783138955,0.761963755578238,80.2717962966706
14.5357142857143,1.34429126097282,1.48275195102702,0.761599402996636,80.2726332116429
14.5358134920635,1.34417555320646,1.48269604656907,0.761235224967328,80.2734700260423
14.5359126984127,1.34405985824042,1.48264011803061,0.760871221405866,80.2743067398929
14.5360119047619,1.34394417607379,1.48258416542655,0.76050739222781,80.2751433532187
14.5361111111111,1.34382850670573,1.48252818877182,0.760143737348789,80.2759798660436
14.5362103174603,1.34371285013535,1.4824721880813,0.759780256684427,80.2768162783919
14.5363095238095,1.34359720636179,1.48241616336989,0.75941695015042,80.2776525902873
14.5364087301587,1.3434815753842,1.48236011465248,0.759053817662459,80.2784888017541
14.5365079365079,1.34336595720172,1.48230404194394,0.758690859136305,80.279324912816
14.5366071428571,1.34325035181351,1.48224794525915,0.758328074487714,80.2801609234972
14.5367063492063,1.34313475921871,1.48219182461296,0.757965463632514,80.2809968338215
14.5368055555556,1.34301917941649,1.48213568002022,0.757603026486527,80.2818326438131
14.5369047619048,1.34290361240601,1.4820795114958,0.757240762965646,80.2826683534957
14.537003968254,1.34278805818644,1.48202331905451,0.756878672985761,80.2835039628933
14.5371031746032,1.34267251675695,1.48196710271119,0.75651675646283,80.28433947203
14.5372023809524,1.34255698811673,1.48191086248067,0.756155013312808,80.2851748809295
14.5373015873016,1.34244147226495,1.48185459837775,0.755793443451711,80.2860101896159
14.5374007936508,1.34232596920081,1.48179831041726,0.755432046795587,80.2868453981129
14.5375,1.34221047892349,1.48174199861397,0.755070823260489,80.2876805064445
14.5375992063492,1.34209500143219,1.48168566298269,0.754709772762544,80.2885155146347
14.5376984126984,1.34197953672612,1.48162930353819,0.754348895217868,80.2893504227072
14.5377976190476,1.34186408480448,1.48157292029526,0.753988190542653,80.2901852306859
14.5378968253968,1.34174864566647,1.48151651326865,0.753627658653083,80.2910199385947
14.537996031746,1.34163321931132,1.48146008247313,0.753267299465417,80.2918545464574
14.5380952380952,1.34151780573825,1.48140362792346,0.752907112895903,80.2926890542979
14.5381944444444,1.34140240494647,1.48134714963436,0.752547098860866,80.2935234621399
14.5382936507937,1.34128701693522,1.48129064762059,0.752187257276621,80.2943577700074
14.5383928571429,1.34117164170374,1.48123412189686,0.751827588059557,80.295191977924
14.5384920634921,1.34105627925125,1.4811775724779,0.751468091126057,80.2960260859137
14.5385912698413,1.340940929577,1.48112099937842,0.751108766392576,80.2968600940001
14.5386904761905,1.34082559268025,1.48106440261312,0.750749613775563,80.2976940022071
14.5387896825397,1.34071026856023,1.4810077821967,0.750390633191528,80.2985278105584
14.5388888888889,1.34059495721622,1.48095113814385,0.750031824557015,80.2993615190777
14.5389880952381,1.34047965864746,1.48089447046924,0.749673187788571,80.300195127789
14.5390873015873,1.34036437285324,1.48083777918756,0.749314722802817,80.3010286367157
14.5391865079365,1.3402490998328,1.48078106431347,0.748956429516366,80.3018620458818
14.5392857142857,1.34013383958544,1.48072432586162,0.748598307845904,80.3026953553109
14.5393849206349,1.34001859211043,1.48066756384666,0.748240357708109,80.3035285650267
14.5394841269841,1.33990335740705,1.48061077828324,0.747882579019734,80.3043616750529
14.5395833333333,1.3397881354746,1.48055396918598,0.747524971697525,80.3051946854132
14.5396825396825,1.33967292631236,1.48049713656952,0.747167535658298,80.3060275961313
14.5397817460317,1.33955772991964,1.48044028044847,0.746810270818865,80.3068604072308
14.539880952381,1.33944254629574,1.48038340083744,0.74645317709611,80.3076931187354
14.5399801587302,1.33932737543996,1.48032649775103,0.746096254406911,80.3085257306688
14.5400793650794,1.33921221735163,1.48026957120384,0.745739502668216,80.3093582430546
14.5401785714286,1.33909707203004,1.48021262121045,0.745382921796969,80.3101906559165
14.5402777777778,1.33898193947453,1.48015564778545,0.745026511710176,80.311022969278
14.540376984127,1.33886681968442,1.48009865094339,0.744670272324875,80.3118551831627
14.5404761904762,1.33875171265904,1.48004163069886,0.74431420355811,80.3126872975943
14.5405753968254,1.33863661839773,1.47998458706639,0.743958305326993,80.3135193125963
14.5406746031746,1.33852153689982,1.47992752006054,0.743602577548635,80.3143512281924
14.5407738095238,1.33840646816467,1.47987042969585,0.743247020140214,80.3151830444061
14.540873015873,1.33829141219161,1.47981331598684,0.742891633018906,80.316014761261
14.5409722222222,1.33817636898001,1.47975617894805,0.742536416101957,80.3168463787805
14.5410714285714,1.33806133852921,1.47969901859398,0.742181369306607,80.3176778969883
14.5411706349206,1.33794632083859,1.47964183493915,0.741826492550168,80.318509315908
14.5412698412698,1.3378313159075,1.47958462799805,0.741471785749947,80.3193406355629
14.541369047619,1.33771632373533,1.47952739778518,0.741117248823322,80.3201718559767
14.5414682539683,1.33760134432145,1.47947014431502,0.740762881687665,80.3210029771728
14.5415674603175,1.33748637766524,1.47941286760205,0.740408684260421,80.3218339991747
14.5416666666667,1.33737142376608,1.47935556766073,0.740054656459028,80.3226649220059
14.5417658730159,1.33725648262336,1.47929824450552,0.739700798200986,80.3234957456899
14.5418650793651,1.33714155423649,1.47924089815088,0.739347109403828,80.3243264702502
14.5419642857143,1.33702663860485,1.47918352861126,0.738993589985093,80.3251570957101
14.5420634920635,1.33691173572786,1.47912613590109,0.738640239862389,80.3259876220933
14.5421626984127,1.33679684560492,1.47906872003479,0.738287058953319,80.326818049423
14.5422619047619,1.33668196823545,1.4790112810268,0.737934047175559,80.3276483777226
14.5423611111111,1.33656710361886,1.47895381889152,0.737581204446778,80.3284786070158
14.5424603174603,1.33645225175458,1.47889633364336,0.737228530684716,80.3293087373257
14.5425595238095,1.33633741264203,1.47883882529671,0.736876025807109,80.3301387686759
14.5426587301587,1.33622258628064,1.47878129386597,0.736523689731764,80.3309687010897
14.5427579365079,1.33610777266986,1.47872373936552,0.736171522376483,80.3317985345905
14.5428571428571,1.33599297180912,1.47866616180974,0.735819523659138,80.3326282692017
14.5429563492063,1.33587818369786,1.47860856121298,0.735467693497596,80.3334579049465
14.5430555555556,1.33576340833555,1.47855093758961,0.735116031809796,80.3342874418485
14.5431547619048,1.33564864572162,1.47849329095397,0.734764538513672,80.3351168799308
14.543253968254,1.33553389585555,1.47843562132041,0.734413213527219,80.3359462192169
14.5433531746032,1.3354191587368,1.47837792870328,0.734062056768464,80.33677545973
14.5434523809524,1.33530443436483,1.47832021311688,0.733711068155441,80.3376046014934
14.5435515873016,1.33518972273911,1.47826247457554,0.733360247606252,80.3384336445306
14.5436507936508,1.33507502385914,1.47820471309357,0.733009595038997,80.3392625888646
14.54375,1.33496033772438,1.47814692868528,0.732659110371844,80.3400914345189
14.5438492063492,1.33484566433432,1.47808912136496,0.732308793522958,80.3409201815167
14.5439484126984,1.33473100368847,1.4780312911469,0.731958644410575,80.3417488298812
14.5440476190476,1.3346163557863,1.47797343804537,0.731608662952925,80.3425773796358
14.5441468253968,1.33450172062734,1.47791556207466,0.731258849068309,80.3434058308036
14.544246031746,1.33438709821106,1.47785766324902,0.730909202675024,80.3442341834078
14.5443452380952,1.334272488537,1.47779974158271,0.730559723691437,80.3450624374718
14.5444444444444,1.33415789160467,1.47774179708997,0.730210412035911,80.3458905930187
14.5445436507936,1.33404330741358,1.47768382978506,0.729861267626878,80.3467186500717
14.5446428571429,1.33392873596325,1.47762583968219,0.729512290382768,80.347546608654
14.5447420634921,1.33381417725322,1.4775678267956,0.72916348022207,80.3483744687887
14.5448412698413,1.33369963128302,1.4775097911395,0.728814837063306,80.3492022304992
14.5449404761905,1.33358509805218,1.47745173272811,0.728466360825005,80.3500298938084
14.5450396825397,1.33347057756026,1.47739365157561,0.728118051425764,80.3508574587396
14.5451388888889,1.33335606980679,1.47733554769621,0.727769908784177,80.351684925316
14.5452380952381,1.33324157479133,1.4772774211041,0.727421932818907,80.3525122935606
14.5453373015873,1.33312709251343,1.47721927181344,0.727074123448615,80.3533395634965
14.5454365079365,1.33301262297266,1.4771610998384,0.726726480592031,80.354166735147
14.5455357142857,1.33289816616858,1.47710290519316,0.726379004167879,80.3549938085351
14.5456349206349,1.33278372210076,1.47704468789186,0.726031694094956,80.3558207836838
14.5457341269841,1.33266929076877,1.47698644794865,0.725684550292052,80.3566476606163
14.5458333333333,1.3325548721722,1.47692818537767,0.725337572678031,80.3574744393556
14.5459325396825,1.33244046631062,1.47686990019305,0.72499076117175,80.3583011199249
14.5460317460317,1.33232607318363,1.47681159240891,0.724644115692136,80.3591277023472
14.546130952381,1.33221169279082,1.47675326203936,0.724297636158112,80.3599541866454
14.5462301587302,1.33209732513178,1.47669490909851,0.723951322488664,80.3607805728427
14.5463293650794,1.33198297020612,1.47663653360047,0.723605174602809,80.3616068609621
14.5464285714286,1.33186862801345,1.47657813555932,0.723259192419569,80.3624330510266
14.5465277777778,1.33175429855338,1.47651971498914,0.722913375858036,80.3632591430592
14.546626984127,1.33163998182552,1.47646127190401,0.7225677248373,80.3640851370829
14.5467261904762,1.3315256778295,1.476402806318,0.722222239276519,80.3649110331206
14.5468253968254,1.33141138656493,1.47634431824517,0.721876919094848,80.3657368311955
14.5469246031746,1.33129710803145,1.47628580769957,0.72153176421151,80.3665625313303
14.5470238095238,1.3311828422287,1.47622727469523,0.721186774545727,80.3673881335482
14.547123015873,1.33106858915631,1.47616871924621,0.720841950016789,80.368213637872
14.5472222222222,1.33095434881392,1.47611014136652,0.720497290543982,80.3690390443247
14.5473214285714,1.3308401212012,1.4760515410702,0.720152796046663,80.3698643529291
14.5474206349206,1.33072590631777,1.47599291837124,0.719808466444185,80.3706895637083
14.5475198412698,1.33061170416332,1.47593427328365,0.719464301655969,80.3715146766852
14.547619047619,1.33049751473749,1.47587560582143,0.719120301601435,80.3723396918826
14.5477182539683,1.33038333803995,1.47581691599858,0.718776466200061,80.3731646093234
14.5478174603175,1.33026917407039,1.47575820382906,0.71843279537136,80.3739894290305
14.5479166666667,1.33015502282846,1.47569946932686,0.718089289034849,80.3748141510268
14.5480158730159,1.33004088431385,1.47564071250593,0.717745947110115,80.3756387753351
14.5481150793651,1.32992675852626,1.47558193338025,0.717402769516742,80.3764633019784
14.5482142857143,1.32981264546536,1.47552313196374,0.717059756174383,80.3772877309793
14.5483134920635,1.32969854513085,1.47546430827037,0.716716907002687,80.3781120623609
14.5484126984127,1.32958445752243,1.47540546231405,0.716374221921374,80.3789362961458
14.5485119047619,1.32947038263981,1.47534659410872,0.716031700850159,80.3797604323569
14.5486111111111,1.32935632048269,1.4752877036683,0.715689343708827,80.380584471017
14.5487103174603,1.32924227105078,1.47522879100669,0.71534715041716,80.3814084121489
14.5488095238095,1.32912823434381,1.4751698561378,0.715005120895009,80.3822322557754
14.5489087301587,1.32901421036149,1.47511089907552,0.714663255062221,80.3830560019193
14.5490079365079,1.32890019910356,1.47505191983374,0.714321552838713,80.3838796506032
14.5491071428571,1.32878620056973,1.47499291842633,0.713980014144398,80.3847032018501
14.5492063492064,1.32867221475976,1.47493389486717,0.713638638899251,80.3855266556825
14.5493055555556,1.32855824167337,1.47487484917013,0.713297427023279,80.3863500121233
14.5494047619048,1.32844428131032,1.47481578134905,0.712956378436494,80.3871732711952
14.549503968254,1.32833033367036,1.47475669141778,0.712615493058977,80.3879964329208
14.5496031746032,1.32821639875323,1.47469757939016,0.712274770810807,80.388819497323
14.5497023809524,1.3281024765587,1.47463844528003,0.711934211612132,80.3896424644243
14.5498015873016,1.32798856708653,1.47457928910121,0.711593815383096,80.3904653342475
14.5499007936508,1.32787467033649,1.47452011086751,0.711253582043914,80.3912881068153
14.55,1.32776078630835,1.47446091059274,0.710913511514795,80.3921107821503
14.5500992063492,1.32764691500189,1.47440168829071,0.71057360371602,80.3929333602751
14.5501984126984,1.32753305641689,1.47434244397519,0.710233858567864,80.3937558412125
14.5502976190476,1.32741921055314,1.47428317765999,0.709894275990675,80.394578224985
14.5503968253968,1.32730537741043,1.47422388935887,0.709554855904793,80.3954005116154
14.550496031746,1.32719155698855,1.47416457908561,0.70921559823063,80.3962227011261
14.5505952380952,1.32707774928731,1.47410524685395,0.708876502888595,80.3970447935398
14.5506944444444,1.3269639543065,1.47404589267767,0.708537569799157,80.3978667888792
14.5507936507937,1.32685017204595,1.4739865165705,0.708198798882817,80.3986886871668
14.5508928571429,1.32673640250546,1.47392711854617,0.707860190060082,80.3995104884251
14.5509920634921,1.32662264568486,1.47386769861843,0.70752174325153,80.4003321926768
14.5510912698413,1.32650890158396,1.47380825680099,0.707183458377733,80.4011537999444
14.5511904761905,1.3263951702026,1.47374879310756,0.706845335359334,80.4019753102504
14.5512896825397,1.3262814515406,1.47368930755185,0.706507374116972,80.4027967236175
14.5513888888889,1.32616774559781,1.47362980014755,0.706169574571355,80.403618040068
14.5514880952381,1.32605405237406,1.47357027090837,0.70583193664319,80.4044392596246
14.5515873015873,1.32594037186921,1.47351071984797,0.70549446025325,80.4052603823098
14.5516865079365,1.32582670408309,1.47345114698004,0.705157145322307,80.406081408146
14.5517857142857,1.32571304901558,1.47339155231824,0.704819991771201,80.4069023371558
14.5518849206349,1.32559940666653,1.47333193587623,0.70448299952077,80.4077231693616
14.5519841269841,1.32548577703581,1.47327229766766,0.704146168491919,80.4085439047859
14.5520833333333,1.32537216012327,1.47321263770617,0.703809498605553,80.4093645434512
14.5521825396825,1.32525855592881,1.4731529560054,0.703472989782634,80.4101850853799
14.5522817460317,1.32514496445229,1.47309325257897,0.703136641944158,80.4110055305945
14.552380952381,1.32503138569361,1.47303352744051,0.702800455011129,80.4118258791173
14.5524801587302,1.32491781965264,1.47297378060362,0.702464428904617,80.4126461309709
14.5525793650794,1.32480426632928,1.47291401208191,0.702128563545691,80.4134662861776
14.5526785714286,1.32469072572344,1.47285422188898,0.701792858855487,80.4142863447598
14.5527777777778,1.324577197835,1.4727944100384,0.701457314755141,80.41510630674
14.552876984127,1.32446368266388,1.47273457654377,0.701121931165854,80.4159261721404
14.5529761904762,1.32435018020998,1.47267472141866,0.700786708008828,80.4167459409836
14.5530753968254,1.32423669047323,1.47261484467662,0.700451645205331,80.4175656132918
14.5531746031746,1.32412321345355,1.47255494633122,0.70011674267663,80.4183851890874
14.5532738095238,1.32400974915085,1.47249502639601,0.69978200034406,80.4192046683928
14.553373015873,1.32389629756506,1.47243508488451,0.699447418128953,80.4200240512302
14.5534722222222,1.32378285869614,1.47237512181028,0.699112995952709,80.4208433376221
14.5535714285714,1.323669432544,1.47231513718682,0.698778733736729,80.4216625275907
14.5536706349206,1.32355601910859,1.47225513102767,0.698444631402468,80.4224816211583
14.5537698412698,1.32344261838986,1.47219510334632,0.698110688871419,80.4233006183473
14.553869047619,1.32332923038777,1.47213505415628,0.697776906065078,80.4241195191799
14.5539682539683,1.32321585510227,1.47207498347105,0.697443282905011,80.4249383236783
14.5540674603175,1.32310249253333,1.4720148913041,0.697109819312782,80.425757031865
14.5541666666667,1.3229891426809,1.47195477766892,0.696776515210023,80.426575643762
14.5542658730159,1.32287580554496,1.47189464257898,0.696443370518363,80.4273941593918
14.5543650793651,1.32276248112549,1.47183448604774,0.696110385159499,80.4282125787764
14.5544642857143,1.32264916942246,1.47177430808864,0.695777559055126,80.4290309019381
14.5545634920635,1.32253587043587,1.47171410871515,0.69544489212701,80.4298491288993
14.5546626984127,1.32242258416569,1.47165388794069,0.695112384296909,80.430667259682
14.5547619047619,1.32230931061193,1.4715936457787,0.694780035486655,80.4314852943084
14.5548611111111,1.32219604977458,1.4715333822426,0.694447845618074,80.4323032328008
14.5549603174603,1.32208280165364,1.47147309734581,0.694115814613062,80.4331210751813
14.5550595238095,1.32196956624913,1.47141279110173,0.693783942393513,80.4339388214722
14.5551587301587,1.32185634356105,1.47135246352376,0.693452228881379,80.4347564716955
14.5552579365079,1.32174313358943,1.4712921146253,0.693120673998646,80.4355740258734
14.5553571428571,1.32162993633428,1.47123174441971,0.692789277667305,80.436391484028
14.5554563492063,1.32151675179563,1.4711713529204,0.692458039809418,80.4372088461816
14.5555555555556,1.32140357997351,1.47111094014071,0.692126960347043,80.4380261123561
14.5556547619048,1.32129042086796,1.47105050609401,0.691796039202306,80.4388432825738
14.555753968254,1.32117727447902,1.47099005079365,0.691465276297331,80.4396603568567
14.5558531746032,1.32106414080672,1.47092957425297,0.691134671554311,80.4404773352269
14.5559523809524,1.32095101985113,1.47086907648532,0.690804224895435,80.4412942177065
14.5560515873016,1.32083791161229,1.47080855750402,0.690473936242963,80.4421110043176
14.5561507936508,1.32072481609027,1.47074801732238,0.690143805519151,80.4429276950821
14.55625,1.32061173328512,1.47068745595373,0.689813832646322,80.4437442900223
14.5563492063492,1.32049866319692,1.47062687341137,0.689484017546799,80.4445607891601
14.5564484126984,1.32038560582573,1.47056626970859,0.689154360142972,80.4453771925176
14.5565476190476,1.32027256117163,1.47050564485869,0.688824860357229,80.4461935001168
14.5566468253968,1.32015952923471,1.47044499887494,0.688495518112018,80.4470097119796
14.556746031746,1.32004651001505,1.47038433177062,0.68816633332982,80.4478258281282
14.5568452380952,1.31993350351274,1.47032364355899,0.68783730593312,80.4486418485844
14.5569444444444,1.31982050972788,1.47026293425331,0.687508435844475,80.4494577733704
14.5570436507937,1.31970752866056,1.47020220386684,0.687179722986438,80.450273602508
14.5571428571429,1.3195945603109,1.47014145241281,0.68685116728163,80.4510893360192
14.5572420634921,1.31948160467899,1.47008067990445,0.686522768652669,80.451904973926
14.5573412698413,1.31936866176497,1.470019886355,0.686194527022243,80.4527205162504
14.5574404761905,1.31925573156893,1.46995907177767,0.685866442313037,80.4535359630142
14.5575396825397,1.31914281409101,1.46989823618567,0.685538514447804,80.4543513142393
14.5576388888889,1.31902990933133,1.4698373795922,0.685210743349296,80.4551665699479
14.5577380952381,1.31891701729003,1.46977650201047,0.68488312894033,80.4559817301616
14.5578373015873,1.31880413796724,1.46971560345364,0.684555671143724,80.4567967949024
14.5579365079365,1.3186912713631,1.46965468393492,0.684228369882364,80.4576117641922
14.5580357142857,1.31857841747776,1.46959374346746,0.683901225079131,80.458426638053
14.5581349206349,1.31846557631137,1.46953278206443,0.68357423665697,80.4592414165064
14.5582341269841,1.31835274786409,1.46947179973898,0.683247404538853,80.4600560995745
14.5583333333333,1.31823993213608,1.46941079650427,0.682920728647765,80.460870687279
14.5584325396825,1.31812712912749,1.46934977237343,0.682594208906753,80.4616851796418
14.5585317460317,1.31801433883851,1.46928872735959,0.682267845238867,80.4624995766848
14.558630952381,1.31790156126929,1.46922766147588,0.681941637567222,80.4633138784296
14.5587301587302,1.31778879642003,1.46916657473541,0.681615585814933,80.4641280848983
14.5588293650794,1.3176760442909,1.4691054671513,0.681289689905181,80.4649421961125
14.5589285714286,1.31756330488209,1.46904433873663,0.680963949761145,80.465756212094
14.5590277777778,1.3174505781938,1.46898318950451,0.680638365306074,80.4665701328646
14.559126984127,1.31733786422621,1.46892201946802,0.680312936463214,80.4673839584462
14.5592261904762,1.31722516297954,1.46886082864024,0.679987663155879,80.4681976888604
14.5593253968254,1.31711247445399,1.46879961703423,0.679662545307379,80.469011324129
14.5594246031746,1.31699979864976,1.46873838466306,0.679337582841096,80.4698248642738
14.5595238095238,1.31688713556708,1.46867713153978,0.679012775680407,80.4706383093165
14.559623015873,1.31677448520616,1.46861585767743,0.678688123748748,80.4714516592788
14.5597222222222,1.31666184756722,1.46855456308906,0.678363626969591,80.4722649141823
14.5598214285714,1.31654922265051,1.46849324778768,0.678039285266411,80.4730780740489
14.5599206349206,1.31643661045624,1.46843191178633,0.677715098562753,80.4738911389002
14.5600198412698,1.31632401098466,1.46837055509802,0.677391066782161,80.474704108758
14.560119047619,1.31621142423602,1.46830917773575,0.677067189848244,80.4755169836437
14.5602182539683,1.31609885021055,1.46824777971252,0.676743467684612,80.4763297635793
14.5603174603175,1.31598628890851,1.46818636104132,0.676419900214941,80.4771424485862
14.5604166666667,1.31587374033016,1.46812492173514,0.676096487362906,80.4779550386861
14.5605158730159,1.31576120447575,1.46806346180695,0.675773229052249,80.4787675339007
14.5606150793651,1.31564868134556,1.46800198126971,0.675450125206711,80.4795799342517
14.5607142857143,1.31553617093986,1.46794048013638,0.675127175750101,80.4803922397605
14.5608134920635,1.31542367325892,1.46787895841992,0.674804380606226,80.4812044504488
14.5609126984127,1.31531118830301,1.46781741613327,0.674481739698959,80.4820165663382
14.5610119047619,1.31519871607243,1.46775585328936,0.674159252952174,80.4828285874504
14.5611111111111,1.31508625656746,1.46769426990113,0.673836920289802,80.4836405138068
14.5612103174603,1.3149738097884,1.46763266598148,0.673514741635808,80.4844523454291
14.5613095238095,1.31486137573554,1.46757104154334,0.673192716914165,80.4852640823387
14.5614087301587,1.31474895440919,1.4675093965996,0.67287084604891,80.4860757245573
14.5615079365079,1.31463654580965,1.46744773116316,0.672549128964082,80.4868872721064
14.5616071428571,1.31452414993724,1.46738604524692,0.672227565583786,80.4876987250075
14.5617063492064,1.31441176679227,1.46732433886374,0.671906155832126,80.4885100832821
14.5618055555556,1.31429939637507,1.46726261202651,0.671584899633273,80.4893213469518
14.5619047619048,1.31418703868596,1.46720086474808,0.671263796911397,80.490132516038
14.562003968254,1.31407469372526,1.46713909704132,0.670942847590735,80.4909435905622
14.5621031746032,1.31396236149332,1.46707730891907,0.670622051595522,80.4917545705459
14.5622023809524,1.31385004199048,1.46701550039418,0.670301408850062,80.4925654560106
14.5623015873016,1.31373773521707,1.46695367147947,0.669980919278657,80.4933762469777
14.5624007936508,1.31362544117346,1.46689182218777,0.669660582805675,80.4941869434687
14.5625,1.31351315985998,1.4668299525319,0.669340399355484,80.4949975455051
14.5625992063492,1.313400891277,1.46676806252467,0.669020368852511,80.4958080531081
14.5626984126984,1.31328863542488,1.46670615217888,0.668700491221216,80.4966184662994
14.5627976190476,1.31317639230399,1.46664422150732,0.668380766386064,80.4974287851002
14.5628968253968,1.31306416191471,1.46658227052278,0.66806119427159,80.498239009532
14.562996031746,1.3129519442574,1.46652029923804,0.667741774802326,80.4990491396162
14.5630952380952,1.31283973933245,1.46645830766587,0.667422507902873,80.4998591753742
14.5631944444444,1.31272754714024,1.46639629581902,0.667103393497828,80.5006691168273
14.5632936507936,1.31261536768117,1.46633426371026,0.666784431511859,80.5014789639969
14.5633928571429,1.31250320095562,1.46627221135234,0.666465621869629,80.5022887169043
14.5634920634921,1.31239104696401,1.46621013875798,0.666146964495871,80.5030983755709
14.5635912698413,1.31227890570673,1.46614804593992,0.665828459315315,80.503907940018
14.5636904761905,1.31216677718419,1.46608593291089,0.665510106252758,80.504717410267
14.5637896825397,1.3120546613968,1.46602379968359,0.665191905232998,80.5055267863391
14.5638888888889,1.31194255834499,1.46596164627074,0.664873856180898,80.5063360682557
14.5639880952381,1.31183046802917,1.46589947268504,0.664555959021321,80.5071452560381
14.5640873015873,1.31171839044977,1.46583727893917,0.664238213679188,80.5079543497075
14.5641865079365,1.31160632560723,1.46577506504582,0.663920620079453,80.5087633492852
14.5642857142857,1.31149427350198,1.46571283101767,0.663603178147078,80.5095722547925
14.5643849206349,1.31138223413446,1.46565057686739,0.663285887807092,80.5103810662506
14.5644841269841,1.31127020750512,1.46558830260762,0.66296874898452,80.5111897836808
14.5645833333333,1.31115819361441,1.46552600825104,0.66265176160446,80.5119984071044
14.5646825396825,1.31104619246277,1.46546369381027,0.662334925592005,80.5128069365424
14.5647817460317,1.31093420405068,1.46540135929796,0.662018240872313,80.5136153720163
14.564880952381,1.31082222837859,1.46533900472674,0.661701707370546,80.5144237135471
14.5649801587302,1.31071026544698,1.46527663010922,0.661385325011929,80.515231961156
14.5650793650794,1.31059831525632,1.46521423545803,0.661069093721689,80.5160401148643
14.5651785714286,1.31048637780708,1.46515182078576,0.660753013425118,80.5168481746932
14.5652777777778,1.31037445309975,1.465089386105,0.660437084047507,80.5176561406637
14.565376984127,1.31026254113481,1.46502693142837,0.660121305514215,80.5184640127971
14.5654761904762,1.31015064191276,1.46496445676842,0.6598056777506,80.5192717911145
14.5655753968254,1.31003875543409,1.46490196213774,0.659490200682076,80.520079475637
14.5656746031746,1.30992688169931,1.46483944754889,0.659174874234094,80.5208870663858
14.5657738095238,1.30981502070891,1.46477691301443,0.658859698332109,80.521694563382
14.565873015873,1.30970317246342,1.46471435854691,0.658544672901645,80.5225019666467
14.5659722222222,1.30959133696333,1.46465178415887,0.658229797868224,80.5233092762009
14.5660714285714,1.30947951420919,1.46458918986285,0.657915073157437,80.5241164920659
14.5661706349206,1.30936770420149,1.46452657567137,0.65760049869487,80.5249236142626
14.5662698412698,1.30925590694079,1.46446394159696,0.65728607440618,80.5257306428122
14.566369047619,1.3091441224276,1.46440128765211,0.656971800217021,80.5265375777357
14.5664682539683,1.30903235066247,1.46433861384934,0.656657676053113,80.5273444190541
14.5665674603175,1.30892059164593,1.46427592020114,0.656343701840179,80.5281511667885
14.5666666666667,1.30880884537855,1.46421320671999,0.656029877504004,80.5289578209599
14.5667658730159,1.30869711186086,1.46415047341838,0.655716202970375,80.5297643815894
14.5668650793651,1.30858539109342,1.46408772030878,0.655402678165146,80.5305708486979
14.5669642857143,1.3084736830768,1.46402494740365,0.655089303014168,80.5313772223064
14.5670634920635,1.30836198781156,1.46396215471544,0.654776077443352,80.5321835024361
14.5671626984127,1.30825030529827,1.46389934225661,0.654463001378643,80.5329896891077
14.5672619047619,1.3081386355375,1.46383651003959,0.654150074745991,80.5337957823424
14.5673611111111,1.30802697852984,1.46377365807682,0.653837297471414,80.534601782161
14.5674603174603,1.30791533427586,1.46371078638072,0.65352466948093,80.5354076885846
14.5675595238095,1.30780370277616,1.46364789496371,0.653212190700623,80.536213501634
14.5676587301587,1.30769208403133,1.46358498383819,0.652899861056576,80.5370192213302
14.5677579365079,1.30758047804196,1.46352205301657,0.652587680474939,80.5378248476941
14.5678571428571,1.30746888480866,1.46345910251124,0.652275648881861,80.5386303807467
14.5679563492063,1.30735730433205,1.46339613233458,0.651963766203559,80.5394358205088
14.5680555555556,1.30724573661271,1.46333314249897,0.651652032366247,80.5402411670014
14.5681547619048,1.30713418165128,1.46327013301678,0.651340447296208,80.5410464202452
14.568253968254,1.30702263944837,1.46320710390037,0.651029010919723,80.5418515802613
14.5683531746032,1.30691111000462,1.46314405516209,0.65071772316314,80.5426566470704
14.5684523809524,1.30679959332064,1.4630809868143,0.650406583952805,80.5434616206935
14.5685515873016,1.30668808939707,1.46301789886932,0.650095593215125,80.5442665011514
14.5686507936508,1.30657659823457,1.46295479133949,0.649784750876538,80.5450712884648
14.56875,1.30646511983375,1.46289166423713,0.649474056863489,80.5458759826547
14.5688492063492,1.30635365419528,1.46282851757456,0.649163511102493,80.5466805837418
14.5689484126984,1.30624220131981,1.46276535136407,0.64885311352006,80.547485091747
14.5690476190476,1.30613076120799,1.46270216561798,0.648542864042771,80.548289506691
14.5691468253968,1.3060193338605,1.46263896034856,0.648232762597202,80.5490938285947
14.569246031746,1.30590791927798,1.4625757355681,0.647922809109999,80.5498980574788
14.5693452380952,1.30579651746112,1.46251249128888,0.647613003507806,80.550702193364
14.5694444444444,1.3056851284106,1.46244922752317,0.647303345717333,80.5515062362713
14.5695436507937,1.30557375212708,1.46238594428321,0.646993835665291,80.5523101862212
14.5696428571429,1.30546238861127,1.46232264158127,0.646684473278457,80.5531140432346
14.5697420634921,1.30535103786384,1.46225931942959,0.646375258483606,80.5539178073321
14.5698412698413,1.3052396998855,1.4621959778404,0.64606619120758,80.5547214785345
14.5699404761905,1.30512837467693,1.46213261682593,0.645757271377224,80.5555250568625
14.5700396825397,1.30501706223885,1.4620692363984,0.645448498919435,80.5563285423369
14.5701388888889,1.30490576257196,1.46200583657002,0.645139873761148,80.5571319349782
14.5702380952381,1.30479447567698,1.461942417353,0.644831395829303,80.5579352348072
14.5703373015873,1.30468320155462,1.46187897875953,0.644523065050909,80.5587384418445
14.5704365079365,1.3045719402056,1.4618155208018,0.644214881352972,80.5595415561108
14.5705357142857,1.30446069163066,1.461752043492,0.643906844662566,80.5603445776268
14.5706349206349,1.30434945583052,1.46168854684228,0.643598954906763,80.561147506413
14.5707341269841,1.30423823280593,1.46162503086483,0.643291212012704,80.5619503424902
14.5708333333333,1.3041270225576,1.46156149557179,0.642983615907526,80.562753085879
14.5709325396825,1.30401582508631,1.46149794097531,0.642676166518437,80.5635557365999
14.5710317460317,1.30390464039279,1.46143436708754,0.64236886377264,80.5643582946736
14.571130952381,1.3037934684778,1.46137077392061,0.642061707597407,80.5651607601206
14.5712301587302,1.3036823093421,1.46130716148665,0.641754697920009,80.5659631329616
14.5713293650794,1.30357116298645,1.46124352979776,0.641447834667783,80.5667654132171
14.5714285714286,1.30346002941161,1.46117987886607,0.641141117768067,80.5675676009077
14.5715277777778,1.30334890861837,1.46111620870367,0.640834547148255,80.5683696960539
14.571626984127,1.3032378006075,1.46105251932266,0.640528122735775,80.5691716986763
14.5717261904762,1.30312670537978,1.46098881073512,0.640221844458063,80.5699736087955
14.5718253968254,1.30301562293601,1.46092508295313,0.639915712242622,80.5707754264318
14.5719246031746,1.30290455327695,1.46086133598876,0.639609726016953,80.571577151606
14.5720238095238,1.30279349640343,1.46079756985409,0.639303885708624,80.5723787843383
14.572123015873,1.30268245231623,1.46073378456114,0.638998191245204,80.5731803246495
14.5722222222222,1.30257142101616,1.46066998012199,0.638692642554327,80.5739817725599
14.5723214285714,1.30246040250404,1.46060615654866,0.638387239563626,80.57478312809
14.5724206349206,1.30234939678066,1.46054231385319,0.638081982200802,80.5755843912603
14.5725198412698,1.30223840384686,1.4604784520476,0.637776870393554,80.5763855620913
14.572619047619,1.30212742370346,1.4604145711439,0.637471904069649,80.5771866406033
14.5727182539683,1.30201645635128,1.4603506711541,0.637167083156852,80.5779876268169
14.5728174603175,1.30190550179117,1.46028675209021,0.636862407582996,80.5787885207524
14.5729166666667,1.30179456002394,1.46022281396421,0.636557877275912,80.5795893224304
14.5730158730159,1.30168363105045,1.46015885678809,0.63625349216349,80.5803900318711
14.5731150793651,1.30157271487155,1.46009488057382,0.635949252173653,80.581190649095
14.5732142857143,1.30146181148808,1.46003088533337,0.635645157234332,80.5819911741225
14.5733134920635,1.3013509209009,1.45996687107871,0.635341207273523,80.5827916069739
14.5734126984127,1.30124004311088,1.45990283782178,0.635037402219223,80.5835919476696
14.5735119047619,1.30112917811887,1.45983878557453,0.634733741999496,80.5843921962301
14.5736111111111,1.30101832592574,1.4597747143489,0.634430226542404,80.5851923526755
14.5737103174603,1.30090748653237,1.45971062415681,0.634126855776076,80.5859924170264
14.5738095238095,1.30079665993964,1.45964651501019,0.63382362962864,80.5867923893029
14.5739087301587,1.30068584614844,1.45958238692095,0.633520548028292,80.5875922695255
14.5740079365079,1.30057504515964,1.45951823990099,0.633217610903226,80.5883920577144
14.5741071428571,1.30046425697414,1.45945407396221,0.632914818181704,80.5891917538899
14.5742063492063,1.30035348159284,1.45938988911651,0.632612169791985,80.5899913580724
14.5743055555556,1.30024271901665,1.45932568537576,0.632309665662397,80.5907908702821
14.5744047619048,1.30013196924646,1.45926146275183,0.632007305721266,80.5915902905393
14.574503968254,1.30002123228319,1.4591972212566,0.631705089896977,80.5923896188642
14.5746031746032,1.29991050812776,1.45913296090192,0.631403018117948,80.5931888552772
14.5747023809524,1.29979979678107,1.45906868169964,0.631101090312603,80.5939879997983
14.5748015873016,1.29968909824407,1.45900438366161,0.630799306409435,80.594787052448
14.5749007936508,1.29957841251768,1.45894006679965,0.630497666336935,80.5955860132463
14.575,1.29946773960283,1.4588757311256,0.630196170023661,80.5963848822136
14.5750992063492,1.29935707950046,1.45881137665127,0.629894817398171,80.59718365937
14.5751984126984,1.29924643221152,1.45874700338848,0.629593608389088,80.5979823447357
14.5752976190476,1.29913579773695,1.45868261134903,0.629292542925036,80.5987809383309
14.5753968253968,1.2990251760777,1.45861820054471,0.628991620934704,80.5995794401757
14.575496031746,1.29891456723474,1.4585537709873,0.628690842346782,80.6003778502904
14.5755952380952,1.29880397120902,1.4584893226886,0.628390207090026,80.6011761686951
14.5756944444444,1.29869338800151,1.45842485566037,0.628089715093191,80.60197439541
14.5757936507936,1.29858281761319,1.45836036991438,0.627789366285099,80.6027725304551
14.5758928571429,1.29847226004501,1.45829586546238,0.62748916059457,80.6035705738506
14.5759920634921,1.29836171529798,1.45823134231611,0.627189097950486,80.6043685256166
14.5760912698413,1.29825118337307,1.45816680048733,0.626889178281757,80.6051663857732
14.5761904761905,1.29814066427127,1.45810223998776,0.626589401517304,80.6059641543406
14.5762896825397,1.29803015799357,1.45803766082913,0.626289767586114,80.6067618313388
14.5763888888889,1.29791966454098,1.45797306302314,0.625990276417173,80.6075594167879
14.5764880952381,1.2978091839145,1.45790844658152,0.625690927939534,80.6083569107079
14.5765873015873,1.29769871611512,1.45784381151597,0.625391722082249,80.6091543131189
14.5766865079365,1.29758826114388,1.45777915783817,0.625092658774436,80.609951624041
14.5767857142857,1.29747781900178,1.4577144855598,0.624793737945213,80.6107488434942
14.5768849206349,1.29736738968985,1.45764979469256,0.624494959523767,80.6115459714986
14.5769841269841,1.29725697320911,1.45758508524811,0.62419632343928,80.612343008074
14.5770833333333,1.29714656956059,1.4575203572381,0.623897829621002,80.6131399532407
14.5771825396825,1.29703617874533,1.4574556106742,0.623599477998185,80.6139368070185
14.5772817460317,1.29692580076437,1.45739084556804,0.623301268500145,80.6147335694274
14.577380952381,1.29681543561875,1.45732606193127,0.623003201056198,80.6155302404875
14.5774801587302,1.29670508330952,1.45726125977552,0.622705275595718,80.6163268202186
14.5775793650794,1.29659474383774,1.45719643911241,0.622407492048112,80.6171233086409
14.5776785714286,1.29648441720446,1.45713159995355,0.622109850342795,80.6179197057741
14.5777777777778,1.29637410341076,1.45706674231055,0.621812350409249,80.6187160116383
14.577876984127,1.29626380245768,1.45700186619501,0.621514992176955,80.6195122262533
14.5779761904762,1.29615351434632,1.45693697161852,0.62121777557546,80.6203083496392
14.5780753968254,1.29604323907774,1.45687205859266,0.620920700534311,80.6211043818158
14.5781746031746,1.29593297665303,1.45680712712901,0.620623766983122,80.621900322803
14.5782738095238,1.29582272707326,1.45674217723913,0.620326974851505,80.6226961726208
14.578373015873,1.29571249033955,1.45667720893459,0.620030324069141,80.6234919312889
14.5784722222222,1.29560226645297,1.45661222222693,0.619733814565707,80.6242875988273
14.5785714285714,1.29549205540201,1.45654721713247,0.619437446272463,80.6250831752605
14.5786706349206,1.29538185684919,1.45648219379036,0.6191412191612,80.6258786607341
14.5787698412698,1.29527167064156,1.45641715226936,0.618845133185475,80.626674055324
14.578869047619,1.29516149677635,1.45635209258136,0.61854918828141,80.6274693590503
14.5789682539683,1.29505133525086,1.45628701473824,0.618253384385176,80.6282645719328
14.5790674603175,1.29494118606233,1.4562219187519,0.617957721432961,80.6290596939914
14.5791666666667,1.29483104920804,1.4561568046342,0.617662199360952,80.629854725246
14.5792658730159,1.29472092468526,1.45609167239704,0.617366818105385,80.6306496657165
14.5793650793651,1.29461081249126,1.45602652205226,0.617071577602488,80.6314445154229
14.5794642857143,1.29450071262332,1.45596135361175,0.616776477788539,80.632239274385
14.5795634920635,1.29439062507871,1.45589616708735,0.616481518599806,80.6330339426226
14.5796626984127,1.29428054985471,1.45583096249094,0.616186699972607,80.6338285201558
14.5797619047619,1.29417048694858,1.45576573983436,0.615892021843251,80.6346230070043
14.5798611111111,1.29406043635763,1.45570049912946,0.615597484148099,80.6354174031879
14.5799603174603,1.29395039807912,1.45563524038808,0.615303086823497,80.6362117087267
14.5800595238095,1.29384037211035,1.45556996362207,0.615008829805849,80.6370059236404
14.5801587301587,1.29373035844859,1.45550466884326,0.614714713031542,80.6378000479489
14.5802579365079,1.29362035709113,1.45543935606348,0.614420736437019,80.6385940816719
14.5803571428571,1.29351036803526,1.45537402529455,0.61412689995871,80.6393880248295
14.5804563492064,1.29340039127827,1.45530867654831,0.613833203533089,80.6401818774413
14.5805555555556,1.29329042681745,1.45524330983657,0.613539647096651,80.6409756395273
14.5806547619048,1.29318047465009,1.45517792517114,0.613246230585887,80.6417693111072
14.580753968254,1.2930705347735,1.45511252256384,0.612952953937341,80.6425628922009
14.5808531746032,1.29296060718496,1.45504710202646,0.612659817087544,80.6433563828281
14.5809523809524,1.29285069188177,1.45498166357081,0.612366819973082,80.6441497830087
14.5810515873016,1.29274078886123,1.45491620720869,0.612073962530526,80.6449430927624
14.5811507936508,1.29263089812065,1.45485073295189,0.611781244696502,80.6457363121092
14.58125,1.29252101965733,1.45478524081219,0.611488666407622,80.6465294410687
14.5813492063492,1.29241115346856,1.45471973080138,0.611196227600554,80.6473224796607
14.5814484126984,1.29230129955166,1.45465420293124,0.610903928211951,80.648115427905
14.5815476190476,1.29219145790393,1.45458865721354,0.610611768178519,80.6489082858214
14.5816468253968,1.29208162852269,1.45452309366006,0.610319747436954,80.6497010534297
14.581746031746,1.29197181140524,1.45445751228256,0.610027865924002,80.6504937307495
14.5818452380952,1.29186200654889,1.4543919130928,0.6097361235764,80.6512863178008
14.5819444444444,1.29175221395096,1.45432629610254,0.609444520330927,80.6520788146031
14.5820436507937,1.29164243360877,1.45426066132354,0.609153056124384,80.6528712211763
14.5821428571429,1.29153266551963,1.45419500876753,0.608861730893567,80.6536635375401
14.5822420634921,1.29142290968086,1.45412933844628,0.608570544575325,80.6544557637142
14.5823412698413,1.29131316608979,1.45406365037151,0.608279497106496,80.6552478997184
14.5824404761905,1.29120343474373,1.45399794455497,0.60798858842397,80.6560399455723
14.5825396825397,1.29109371564,1.45393222100838,0.607697818464625,80.6568319012957
14.5826388888889,1.29098400877594,1.45386647974347,0.607407187165392,80.6576237669083
14.5827380952381,1.29087431414886,1.45380072077197,0.607116694463189,80.6584155424298
14.5828373015873,1.29076463175611,1.4537349441056,0.606826340294988,80.6592072278799
14.5829365079365,1.290654961595,1.45366914975606,0.606536124597748,80.6599988232783
14.5830357142857,1.29054530366287,1.45360333773507,0.606246047308482,80.6607903286447
14.5831349206349,1.29043565795706,1.45353750805433,0.60595610836419,80.6615817439987
14.5832341269841,1.29032602447489,1.45347166072555,0.605666307701925,80.66237306936
14.5833333333333,1.29021640321371,1.45340579576042,0.605376645258727,80.6631643047484
14.5834325396825,1.29010679417085,1.45333991317064,0.605087120971683,80.6639554501834
14.5835317460317,1.28999719734365,1.45327401296789,0.604797734777898,80.6647465056847
14.583630952381,1.28988761272946,1.45320809516386,0.604508486614475,80.665537471272
14.5837301587302,1.28977804032561,1.45314215977023,0.604219376418568,80.6663283469649
14.5838293650794,1.28966848012946,1.45307620679867,0.603930404127321,80.6671191327831
14.5839285714286,1.28955893213834,1.45301023626085,0.603641569677928,80.6679098287462
14.5840277777778,1.28944939634961,1.45294424816844,0.603352873007573,80.6687004348738
14.584126984127,1.28933987276061,1.45287824253311,0.603064314053493,80.6694909511856
14.5842261904762,1.2892303613687,1.4528122193665,0.602775892752912,80.6702813777012
14.5843253968254,1.28912086217123,1.45274617868028,0.602487609043106,80.6710717144401
14.5844246031746,1.28901137516555,1.4526801204861,0.602199462861342,80.6718619614221
14.5845238095238,1.28890190034902,1.45261404479559,0.601911454144936,80.6726521186666
14.584623015873,1.288792437719,1.4525479516204,0.601623582831195,80.6734421861934
14.5847222222222,1.28868298727284,1.45248184097217,0.601335848857477,80.6742321640219
14.5848214285714,1.28857354900791,1.45241571286253,0.601048252161128,80.6750220521718
14.5849206349206,1.28846412292157,1.4523495673031,0.60076079267954,80.6758118506627
14.5850198412698,1.28835470901119,1.45228340430552,0.600473470350124,80.676601559514
14.585119047619,1.28824530727411,1.45221722388139,0.600186285110288,80.6773911787455
14.5852182539683,1.28813591770773,1.45215102604233,0.599899236897492,80.6781807083766
14.5853174603175,1.2880265403094,1.45208481079995,0.599612325649185,80.678970148427
14.5854166666667,1.2879171750765,1.45201857816587,0.599325551302867,80.6797594989161
14.5855158730159,1.28780782200639,1.45195232815168,0.599038913796028,80.6805487598636
14.5856150793651,1.28769848109646,1.45188606076897,0.59875241306621,80.6813379312888
14.5857142857143,1.28758915234407,1.45181977602935,0.598466049050942,80.6821270132115
14.5858134920635,1.28747983574661,1.4517534739444,0.598179821687806,80.6829160056511
14.5859126984127,1.28737053130144,1.4516871545257,0.597893730914375,80.6837049086272
14.5860119047619,1.28726123900596,1.45162081778484,0.59760777666827,80.6844937221592
14.5861111111111,1.28715195885754,1.45155446373339,0.597321958887104,80.6852824462667
14.5862103174603,1.28704269085357,1.45148809238292,0.597036277508539,80.6860710809691
14.5863095238095,1.28693343499143,1.451421703745,0.59675073247023,80.6868596262861
14.5864087301587,1.28682419126851,1.45135529783119,0.596465323709871,80.687648082237
14.5865079365079,1.2867149596822,1.45128887465305,0.596180051165179,80.6884364488413
14.5866071428571,1.28660574022988,1.45122243422213,0.59589491477387,80.6892247261187
14.5867063492063,1.28649653290895,1.45115597655,0.595609914473707,80.6900129140884
14.5868055555556,1.2863873377168,1.45108950164817,0.595325050202445,80.6908010127701
14.5869047619048,1.28627815465083,1.45102300952822,0.595040321897891,80.6915890221832
14.587003968254,1.28616898370843,1.45095650020165,0.594755729497839,80.692376942347
14.5871031746032,1.286059824887,1.45088997368002,0.594471272940137,80.6931647732812
14.5872023809524,1.28595067818394,1.45082342997485,0.59418695216262,80.6939525150051
14.5873015873016,1.28584154359665,1.45075686909766,0.593902767103176,80.6947401675382
14.5874007936508,1.28573242112253,1.45069029105997,0.593618717699681,80.6955277308999
14.5875,1.285623310759,1.4506236958733,0.593334803890064,80.6963152051096
14.5875992063492,1.28551421250344,1.45055708354915,0.593051025612242,80.6971025901869
14.5876984126984,1.28540512635328,1.45049045409904,0.592767382804185,80.697889886151
14.5877976190476,1.28529605230592,1.45042380753446,0.592483875403849,80.6986770930215
14.5878968253968,1.28518699035877,1.45035714386692,0.592200503349239,80.6994642108178
14.587996031746,1.28507794050924,1.45029046310791,0.591917266578375,80.7002512395591
14.5880952380952,1.28496890275475,1.45022376526891,0.591634165029276,80.701038179265
14.5881944444444,1.28485987709272,1.45015705036141,0.591351198640015,80.7018250299548
14.5882936507937,1.28475086352055,1.45009031839689,0.59106836734865,80.702611791648
14.5883928571429,1.28464186203568,1.45002356938684,0.590785671093294,80.7033984643639
14.5884920634921,1.28453287263551,1.44995680334271,0.590503109812047,80.7041850481218
14.5885912698413,1.28442389531748,1.44989002027598,0.590220683443061,80.7049715429412
14.5886904761905,1.28431493007901,1.44982322019811,0.589938391924478,80.7057579488415
14.5887896825397,1.28420597691751,1.44975640312056,0.589656235194492,80.7065442658419
14.5888888888889,1.28409703583043,1.44968956905478,0.589374213191283,80.7073304939619
14.5889880952381,1.28398810681518,1.44962271801223,0.589092325853087,80.7081166332207
14.5890873015873,1.2838791898692,1.44955585000434,0.588810573118126,80.7089026836378
14.5891865079365,1.28377028498992,1.44948896504257,0.588528954924674,80.7096886452324
14.5892857142857,1.28366139217477,1.44942206313835,0.588247471210996,80.710474518024
14.5893849206349,1.28355251142118,1.44935514430311,0.587966121915398,80.7112603020318
14.5894841269841,1.28344364272661,1.44928820854827,0.587684906976209,80.7120459972751
14.5895833333333,1.28333478608847,1.44922125588528,0.587403826331753,80.7128316037733
14.5896825396825,1.28322594150422,1.44915428632553,0.587122879920408,80.7136171215457
14.5897817460317,1.28311710897129,1.44908729988046,0.586842067680537,80.7144025506116
14.589880952381,1.28300828848713,1.44902029656146,0.586561389550559,80.7151878909902
14.5899801587302,1.28289948004918,1.44895327637995,0.58628084546888,80.7159731427009
14.5900793650794,1.28279068365489,1.44888623934734,0.586000435373958,80.716758305763
14.5901785714286,1.2826818993017,1.44881918547501,0.585720159204239,80.7175433801957
14.5902777777778,1.28257312698707,1.44875211477436,0.585440016898223,80.7183283660184
14.590376984127,1.28246436670844,1.44868502725679,0.585160008394397,80.7191132632502
14.5904761904762,1.28235561846328,1.44861792293367,0.5848801336313,80.7198980719105
14.5905753968254,1.28224688224903,1.44855080181639,0.584600392547461,80.7206827920185
14.5906746031746,1.28213815806315,1.44848366391632,0.58432078508146,80.7214674235935
14.5907738095238,1.2820294459031,1.44841650924484,0.584041311171866,80.7222519666547
14.590873015873,1.28192074576633,1.44834933781332,0.583761970757293,80.7230364212213
14.5909722222222,1.28181205765031,1.44828214963311,0.583482763776373,80.7238207873127
14.5910714285714,1.28170338155251,1.44821494471558,0.583203690167738,80.7246050649479
14.5911706349206,1.28159471747037,1.44814772307208,0.582924749870068,80.7253892541464
14.5912698412698,1.28148606540138,1.44808048471397,0.582645942822035,80.7261733549272
14.591369047619,1.281377425343,1.44801322965258,0.582367268962362,80.7269573673096
14.5914682539683,1.28126879729269,1.44794595789927,0.582088728229761,80.7277412913127
14.5915674603175,1.28116018124792,1.44787866946536,0.581810320562994,80.7285251269559
14.5916666666667,1.28105157720618,1.4478113643622,0.581532045900815,80.7293088742583
14.5917658730159,1.28094298516493,1.4477440426011,0.581253904182028,80.7300925332391
14.5918650793651,1.28083440512165,1.4476767041934,0.580975895345426,80.7308761039174
14.5919642857143,1.28072583707381,1.44760934915042,0.580698019329853,80.7316595863125
14.5920634920635,1.2806172810189,1.44754197748347,0.580420276074144,80.7324429804436
14.5921626984127,1.28050873695439,1.44747458920386,0.580142665517185,80.7332262863297
14.5922619047619,1.28040020487777,1.4474071843229,0.57986518759785,80.7340095039901
14.5923611111111,1.28029168478651,1.44733976285189,0.579587842255059,80.734792633444
14.5924603174603,1.28018317667812,1.44727232480214,0.579310629427748,80.7355756747104
14.5925595238095,1.28007468055006,1.44720487018493,0.579033549054856,80.7363586278085
14.5926587301587,1.27996619639983,1.44713739901156,0.578756601075368,80.7371414927575
14.5927579365079,1.27985772422492,1.44706991129331,0.578479785428263,80.7379242695765
14.5928571428571,1.27974926402283,1.44700240704147,0.578203102052567,80.7387069582846
14.5929563492064,1.27964081579103,1.4469348862673,0.577926550887299,80.739489558901
14.5930555555556,1.27953237952704,1.44686734898209,0.577650131871527,80.7402720714447
14.5931547619048,1.27942395522834,1.44679979519709,0.577373844944309,80.741054495935
14.593253968254,1.27931554289244,1.44673222492358,0.577097690044756,80.7418368323908
14.5933531746032,1.27920714251683,1.44666463817282,0.576821667111965,80.7426190808314
14.5934523809524,1.27909875409901,1.44659703495606,0.576545776085088,80.7434012412757
14.5935515873016,1.27899037763649,1.44652941528454,0.576270016903263,80.7441833137429
14.5936507936508,1.27888201312677,1.44646177916953,0.575994389505683,80.7449652982521
14.59375,1.27877366056736,1.44639412662225,0.575718893831527,80.7457471948224
14.5938492063492,1.27866531995576,1.44632645765395,0.57544352982002,80.7465290034727
14.5939484126984,1.2785569912895,1.44625877227586,0.575168297410405,80.7473107242223
14.5940476190476,1.27844867456606,1.44619107049922,0.574893196541925,80.7480923570901
14.5941468253968,1.27834036978297,1.44612335233524,0.574618227153872,80.7488739020952
14.594246031746,1.27823207693775,1.44605561779514,0.57434338918553,80.7496553592567
14.5943452380952,1.2781237960279,1.44598786689015,0.57406868257623,80.7504367285936
14.5944444444444,1.27801552705095,1.44592009963147,0.573794107265296,80.7512180101249
14.5945436507936,1.27790727000442,1.44585231603032,0.573519663192103,80.7519992038697
14.5946428571429,1.27779902488581,1.44578451609789,0.573245350296015,80.7527803098471
14.5947420634921,1.27769079169267,1.44571669984539,0.572971168516445,80.7535613280759
14.5948412698413,1.27758257042251,1.445648867284,0.5726971177928,80.7543422585754
14.5949404761905,1.27747436107285,1.44558101842492,0.572423198064535,80.7551231013644
14.5950396825397,1.27736616364123,1.44551315327934,0.572149409271095,80.7559038564619
14.5951388888889,1.27725797812517,1.44544527185844,0.571875751351976,80.7566845238871
14.5952380952381,1.2771498045222,1.44537737417339,0.571602224246666,80.7574651036588
14.5953373015873,1.27704164282985,1.44530946023537,0.571328827894692,80.7582455957961
14.5954365079365,1.27693349304567,1.44524153005555,0.571055562235605,80.7590260003179
14.5955357142857,1.27682535516718,1.44517358364509,0.570782427208953,80.7598063172432
14.5956349206349,1.27671722919191,1.44510562101515,0.570509422754334,80.760586546591
14.5957341269841,1.27660911511742,1.44503764217688,0.570236548811335,80.7613666883803
14.5958333333333,1.27650101294123,1.44496964714144,0.569963805319595,80.76214674263
14.5959325396825,1.2763929226609,1.44490163591998,0.569691192218744,80.7629267093591
14.5960317460317,1.27628484427396,1.44483360852364,0.569418709448461,80.7637065885865
14.596130952381,1.27617677777795,1.44476556496355,0.569146356948415,80.7644863803312
14.5962301587302,1.27606872317043,1.44469750525085,0.568874134658327,80.7652660846121
14.5963293650794,1.27596068044894,1.44462942939667,0.568602042517908,80.7660457014481
14.5964285714286,1.27585264961103,1.44456133741214,0.568330080466917,80.7668252308582
14.5965277777778,1.27574463065426,1.44449322930837,0.568058248445108,80.7676046728613
14.596626984127,1.27563662357618,1.44442510509649,0.56778654639228,80.7683840274763
14.5967261904762,1.27552862837433,1.4443569647876,0.567514974248226,80.7691632947222
14.5968253968254,1.27542064504628,1.44428880839282,0.567243531952782,80.7699424746178
14.5969246031746,1.27531267358958,1.44422063592324,0.566972219445801,80.770721567182
14.5970238095238,1.2752047140018,1.44415244738997,0.566701036667138,80.7715005724337
14.597123015873,1.2750967662805,1.4440842428041,0.566429983556696,80.7722794903918
14.5972222222222,1.27498883042323,1.44401602217672,0.566159060054369,80.7730583210752
14.5973214285714,1.27488090642756,1.44394778551893,0.5658882661001,80.7738370645028
14.5974206349206,1.27477299429106,1.44387953284179,0.565617601633825,80.7746157206935
14.5975198412698,1.2746650940113,1.44381126415639,0.565347066595528,80.775394289666
14.597619047619,1.27455720558584,1.44374297947381,0.565076660925185,80.7761727714393
14.5977182539683,1.27444932901225,1.4436746788051,0.564806384562821,80.7769511660322
14.5978174603175,1.27434146428811,1.44360636216134,0.564536237448453,80.7777294734637
14.5979166666667,1.274233611411,1.44353802955359,0.564266219522147,80.7785076937524
14.5980158730159,1.27412577037848,1.4434696809929,0.563996330723959,80.7792858269173
14.5981150793651,1.27401794118813,1.44340131649033,0.563726570993997,80.7800638729771
14.5982142857143,1.27391012383753,1.44333293605691,0.563456940272359,80.7808418319508
14.5983134920635,1.27380231832427,1.4432645397037,0.563187438499185,80.7816197038571
14.5984126984127,1.27369452464592,1.44319612744174,0.562918065614635,80.7823974887148
14.5985119047619,1.27358674280007,1.44312769928205,0.562648821558868,80.7831751865429
14.5986111111111,1.2734789727843,1.44305925523568,0.562379706272094,80.7839527973599
14.5987103174603,1.2733712145962,1.44299079531363,0.562110719694512,80.7847303211849
14.5988095238095,1.27326346823336,1.44292231952694,0.56184186176637,80.7855077580364
14.5989087301587,1.27315573369337,1.44285382788663,0.561573132427911,80.7862851079335
14.5990079365079,1.27304801097382,1.4427853204037,0.561304531619423,80.7870623708947
14.5991071428571,1.2729403000723,1.44271679708916,0.561036059281188,80.787839546939
14.5992063492063,1.27283260098642,1.44264825795402,0.560767715353538,80.788616636085
14.5993055555556,1.27272491371375,1.44257970300928,0.560499499776793,80.7893936383516
14.5994047619048,1.27261723825191,1.44251113226594,0.560231412491325,80.7901705537574
14.599503968254,1.27250957459849,1.44244254573497,0.559963453437498,80.7909473823213
14.5996031746032,1.2724019227511,1.44237394342738,0.559695622555724,80.791724124062
14.5997023809524,1.27229428270733,1.44230532535414,0.559427919786405,80.7925007789982
14.5998015873016,1.27218665446479,1.44223669152624,0.559160345069988,80.7932773471487
14.5999007936508,1.27207903802109,1.44216804195464,0.558892898346939,80.7940538285322
14.6,1.27197143337383,1.44209937665031,0.558625579557723,80.7948302231674
14.6000992063492,1.27186384052063,1.44203069562423,0.558358388642853,80.7956065310731
14.6001984126984,1.2717562594591,1.44196199888734,0.558091325542835,80.7963827522679
14.6002976190476,1.27164869018684,1.44189328645062,0.557824390198223,80.7971588867706
14.6003968253968,1.27154113270148,1.441824558325,0.557557582549565,80.7979349345999
14.600496031746,1.27143358700063,1.44175581452145,0.557290902537455,80.7987108957745
14.6005952380952,1.2713260530819,1.44168705505089,0.557024350102481,80.799486770313
14.6006944444444,1.27121853094292,1.44161827992428,0.556757925185278,80.8002625582342
14.6007936507937,1.2711110205813,1.44154948915253,0.556491627726474,80.8010382595567
14.6008928571429,1.27100352199467,1.4414806827466,0.556225457666747,80.8018138742992
14.6009920634921,1.27089603518065,1.4414118607174,0.555959414946764,80.8025894024804
14.6010912698413,1.27078856013687,1.44134302307585,0.555693499507244,80.8033648441189
14.6011904761905,1.27068109686095,1.44127416983287,0.555427711288895,80.8041401992334
14.6012896825397,1.27057364535053,1.44120530099938,0.555162050232469,80.8049154678426
14.6013888888889,1.27046620560323,1.44113641658628,0.554896516278737,80.805690649965
14.6014880952381,1.27035877761669,1.44106751660448,0.55463110936847,80.8064657456194
14.6015873015873,1.27025136138854,1.44099860106488,0.554365829442487,80.8072407548244
14.6016865079365,1.27014395691641,1.44092966997837,0.554100676441599,80.8080156775986
14.6017857142857,1.27003656419794,1.44086072335585,0.553835650306666,80.8087905139605
14.6018849206349,1.26992918323078,1.44079176120819,0.553570750978541,80.809565263929
14.6019841269841,1.26982181401255,1.4407227835463,0.553305978398124,80.8103399275225
14.6020833333333,1.26971445654091,1.44065379038104,0.553041332506307,80.8111145047596
14.6021825396825,1.26960711081349,1.44058478172329,0.552776813244033,80.811888995659
14.6022817460317,1.26949977682794,1.44051575758392,0.552512420552235,80.8126634002393
14.602380952381,1.26939245458191,1.44044671797379,0.552248154371894,80.8134377185191
14.6024801587302,1.26928514407304,1.44037766290376,0.551984014643986,80.8142119505169
14.6025793650794,1.26917784529898,1.4403085923847,0.551720001309533,80.8149860962512
14.6026785714286,1.26907055825739,1.44023950642746,0.55145611430955,80.8157601557408
14.6027777777778,1.26896328294592,1.44017040504287,0.551192353585094,80.8165341290042
14.602876984127,1.26885601936223,1.44010128824179,0.550928719077242,80.8173080160598
14.6029761904762,1.26874876750396,1.44003215603506,0.55066521072707,80.8180818169264
14.6030753968254,1.26864152736879,1.43996300843352,0.550401828475702,80.8188555316224
14.6031746031746,1.26853429895435,1.43989384544798,0.550138572264256,80.8196291601663
14.6032738095238,1.26842708225833,1.43982466708928,0.549875442033897,80.8204027025768
14.603373015873,1.26831987727838,1.43975547336825,0.549612437725782,80.8211761588723
14.6034722222222,1.26821268401216,1.43968626429569,0.549349559281118,80.8219495290713
14.6035714285714,1.26810550245734,1.43961703988243,0.549086806641104,80.8227228131925
14.6036706349206,1.2679983326116,1.43954780013927,0.548824179746985,80.8234960112543
14.6037698412698,1.26789117447259,1.43947854507701,0.548561678540002,80.8242691232753
14.603869047619,1.26778402803798,1.43940927470647,0.548299302961442,80.8250421492738
14.6039682539683,1.26767689330546,1.43933998903843,0.548037052952584,80.8258150892685
14.6040674603175,1.2675697702727,1.43927068808368,0.547774928454758,80.8265879432779
14.6041666666667,1.26746265893736,1.43920137185302,0.547512929409284,80.8273607113203
14.6042658730159,1.26735555929713,1.43913204035722,0.547251055757523,80.8281333934144
14.6043650793651,1.26724847134969,1.43906269360707,0.546989307440859,80.8289059895785
14.6044642857143,1.26714139509271,1.43899333161334,0.546727684400673,80.8296784998312
14.6045634920635,1.26703433052388,1.43892395438681,0.546466186578395,80.8304509241909
14.6046626984127,1.26692727764089,1.43885456193823,0.546204813915448,80.8312232626761
14.6047619047619,1.26682023644141,1.43878515427836,0.545943566353303,80.8319955153053
14.6048611111111,1.26671320692314,1.43871573141798,0.545682443833423,80.8327676820968
14.6049603174603,1.26660618908376,1.43864629336782,0.545421446297319,80.8335397630692
14.6050595238095,1.26649918292096,1.43857684013864,0.545160573686496,80.8343117582408
14.6051587301587,1.26639218843244,1.43850737174118,0.544899825942507,80.8350836676301
14.6052579365079,1.26628520561589,1.43843788818618,0.544639203006895,80.8358554912556
14.6053571428571,1.266178234469,1.43836838948438,0.544378704821254,80.8366272291356
14.6054563492063,1.26607127498947,1.43829887564651,0.544118331327169,80.8373988812886
14.6055555555556,1.265964327175,1.43822934668329,0.543858082466275,80.8381704477329
14.6056547619048,1.26585739102329,1.43815980260545,0.543597958180197,80.8389419284871
14.605753968254,1.26575046653203,1.43809024342371,0.543337958410603,80.8397133235694
14.6058531746032,1.26564355369894,1.43802066914878,0.543078083099181,80.8404846329983
14.6059523809524,1.26553665252172,1.43795107979137,0.542818332187619,80.8412558567922
14.6060515873016,1.26542976299807,1.43788147536219,0.542558705617652,80.8420269949694
14.6061507936508,1.26532288512569,1.43781185587193,0.542299203331008,80.8427980475484
14.60625,1.26521601890232,1.43774222133129,0.542039825269463,80.8435690145475
14.6063492063492,1.26510916432564,1.43767257175097,0.541780571374787,80.844339895985
14.6064484126984,1.26500232139338,1.43760290714166,0.541521441588797,80.8451106918793
14.6065476190476,1.26489549010324,1.43753322751403,0.541262435853302,80.8458814022488
14.6066468253968,1.26478867045295,1.43746353287877,0.54100355411016,80.8466520271119
14.606746031746,1.26468186244023,1.43739382324655,0.540744796301221,80.8474225664868
14.6068452380952,1.26457506606278,1.43732409862804,0.540486162368384,80.8481930203919
14.6069444444444,1.26446828131834,1.43725435903391,0.54022765225354,80.8489633888455
14.6070436507936,1.26436150820462,1.43718460447482,0.539969265898629,80.849733671866
14.6071428571429,1.26425474671935,1.43711483496143,0.539711003245582,80.8505038694718
14.6072420634921,1.26414799686026,1.43704505050439,0.539452864236373,80.851273981681
14.6073412698413,1.26404125862507,1.43697525111436,0.539194848812994,80.852044008512
14.6074404761905,1.2639345320115,1.43690543680196,0.538936956917439,80.8528139499831
14.6075396825397,1.2638278170173,1.43683560757786,0.538679188491749,80.8535838061126
14.6076388888889,1.26372111364019,1.43676576345268,0.538421543477957,80.8543535769189
14.6077380952381,1.26361442187792,1.43669590443705,0.538164021818146,80.8551232624201
14.6078373015873,1.2635077417282,1.4366260305416,0.537906623454391,80.8558928626346
14.6079365079365,1.26340107318878,1.43655614177695,0.537649348328812,80.8566623775806
14.6080357142857,1.26329441625739,1.43648623815373,0.537392196383527,80.8574318072765
14.6081349206349,1.26318777093179,1.43641631968255,0.537135167560697,80.8582011517405
14.6082341269841,1.26308113720971,1.43634638637401,0.53687826180248,80.8589704109908
14.6083333333333,1.26297451508889,1.43627643823873,0.536621479051078,80.8597395850456
14.6084325396825,1.26286790456707,1.4362064752873,0.53636481924869,80.8605086739234
14.6085317460317,1.26276130564202,1.43613649753032,0.536108282337559,80.8612776776422
14.608630952381,1.26265471831146,1.43606650497839,0.535851868259924,80.8620465962203
14.6087301587302,1.26254814257316,1.43599649764209,0.535595576958062,80.862815429676
14.6088293650794,1.26244157842486,1.435926475532,0.535339408374272,80.8635841780275
14.6089285714286,1.26233502586432,1.43585643865871,0.535083362450854,80.8643528412929
14.6090277777778,1.2622284848893,1.4357863870328,0.534827439130154,80.8651214194906
14.609126984127,1.26212195549754,1.43571632066483,0.534571638354511,80.8658899126387
14.6092261904762,1.2620154376868,1.43564623956537,0.534315960066312,80.8666583207554
14.6093253968254,1.26190893145486,1.43557614374498,0.534060404207938,80.8674266438589
14.6094246031746,1.26180243679946,1.43550603321422,0.533804970721816,80.8681948819674
14.6095238095238,1.26169595371837,1.43543590798364,0.533549659550368,80.8689630350992
14.609623015873,1.26158948220935,1.4353657680638,0.533294470636063,80.8697311032723
14.6097222222222,1.26148302227018,1.43529561346524,0.533039403921361,80.8704990865049
14.6098214285714,1.26137657389861,1.4352254441985,0.532784459348772,80.8712669848153
14.6099206349206,1.26127013709242,1.43515526027411,0.532529636860799,80.8720347982215
14.6100198412698,1.26116371184938,1.43508506170261,0.532274936399992,80.8728025267418
14.610119047619,1.26105729816725,1.43501484849453,0.532020357908894,80.8735701703943
14.6102182539683,1.26095089604383,1.43494462066038,0.531765901330089,80.8743377291971
14.6103174603175,1.26084450547687,1.4348743782107,0.531511566606182,80.8751052031684
14.6104166666667,1.26073812646416,1.43480412115599,0.531257353679776,80.8758725923263
14.6105158730159,1.26063175900348,1.43473384950676,0.531003262493524,80.8766398966889
14.6106150793651,1.2605254030926,1.43466356327352,0.530749292990071,80.8774071162744
14.6107142857143,1.26041905872931,1.43459326246677,0.53049544511211,80.8781742511009
14.6108134920635,1.2603127259114,1.43452294709702,0.530241718802325,80.8789413011865
14.6109126984127,1.26020640463664,1.43445261717474,0.529988114003451,80.8797082665493
14.6110119047619,1.26010009490283,1.43438227271044,0.529734630658215,80.8804751472074
14.6111111111111,1.25999379670776,1.43431191371459,0.52948126870939,80.8812419431789
14.6112103174603,1.2598875100492,1.43424154019768,0.529228028099744,80.8820086544819
14.6113095238095,1.25978123492497,1.43417115217018,0.528974908772091,80.8827752811345
14.6114087301587,1.25967497133284,1.43410074964256,0.52872191066924,80.8835418231547
14.6115079365079,1.25956871927062,1.43403033262529,0.528469033734046,80.8843082805607
14.6116071428571,1.2594624787361,1.43395990112883,0.528216277909358,80.8850746533704
14.6117063492064,1.25935624972707,1.43388945516365,0.527963643138065,80.885840941602
14.6118055555556,1.25925003224135,1.43381899474019,0.527711129363079,80.8866071452735
14.6119047619048,1.25914382627673,1.43374851986891,0.527458736527307,80.887373264403
14.612003968254,1.25903763183101,1.43367803056025,0.527206464573708,80.8881392990085
14.6121031746032,1.258931448902,1.43360752682465,0.526954313445233,80.8889052491081
14.6122023809524,1.25882527748751,1.43353700867255,0.526702283084879,80.8896711147197
14.6123015873016,1.25871911758534,1.43346647611438,0.526450373435638,80.8904368958615
14.6124007936508,1.2586129691933,1.43339592916058,0.526198584440549,80.8912025925513
14.6125,1.2585068323092,1.43332536782155,0.525946916042644,80.8919682048074
14.6125992063492,1.25840070693087,1.43325479210773,0.525695368185003,80.8927337326476
14.6126984126984,1.2582945930561,1.43318420202953,0.525443940810699,80.8934991760899
14.6127976190476,1.25818849068272,1.43311359759736,0.525192633862851,80.8942645351524
14.6128968253968,1.25808239980855,1.43304297882162,0.524941447284574,80.8950298098532
14.612996031746,1.2579763204314,1.43297234571272,0.524690381019029,80.89579500021
14.6130952380952,1.25787025254909,1.43290169828105,0.524439435009369,80.896560106241
14.6131944444444,1.25776419615945,1.43283103653702,0.524188609198791,80.8973251279641
14.6132936507937,1.25765815126031,1.432760360491,0.523937903530509,80.8980900653973
14.6133928571429,1.25755211784948,1.43268967015339,0.523687317947739,80.8988549185585
14.6134920634921,1.25744609592479,1.43261896553456,0.523436852393744,80.8996196874658
14.6135912698413,1.25734008548408,1.4325482466449,0.52318650681178,80.900384372137
14.6136904761905,1.25723408652518,1.43247751349476,0.522936281145151,80.9011489725901
14.6137896825397,1.25712809904591,1.43240676609452,0.522686175337154,80.9019134888431
14.6138888888889,1.25702212304411,1.43233600445455,0.522436189331133,80.9026779209139
14.6139880952381,1.25691615851762,1.4322652285852,0.522186323070425,80.9034422688205
14.6140873015873,1.25681020546427,1.43219443849683,0.521936576498417,80.9042065325807
14.6141865079365,1.2567042638819,1.43212363419978,0.521686949558487,80.9049707122125
14.6142857142857,1.25659833376835,1.43205281570441,0.521437442194059,80.9057348077337
14.6143849206349,1.25649241512147,1.43198198302104,0.521188054348555,80.9064988191624
14.6144841269841,1.25638650793909,1.43191113616004,0.520938785965439,80.9072627465164
14.6145833333333,1.25628061221907,1.43184027513171,0.520689636988172,80.9080265898136
14.6146825396825,1.25617472795924,1.4317693999464,0.520440607360255,80.908790349072
14.6147817460317,1.25606885515747,1.43169851061442,0.520191697025209,80.9095540243093
14.614880952381,1.25596299381159,1.4316276071461,0.519942905926555,80.9103176155435
14.6149801587302,1.25585714391946,1.43155668955176,0.51969423400786,80.9110811227924
14.6150793650794,1.25575130547892,1.4314857578417,0.519445681212688,80.911844546074
14.6151785714286,1.25564547848785,1.43141481202623,0.519197247484646,80.912607885406
14.6152777777778,1.25553966294409,1.43134385211565,0.518948932767338,80.9133711408064
14.615376984127,1.25543385884551,1.43127287812027,0.518700737004414,80.914134312293
14.6154761904762,1.25532806618995,1.43120189005037,0.518452660139517,80.9148973998837
14.6155753968254,1.25522228497528,1.43113088791625,0.518204702116337,80.9156604035962
14.6156746031746,1.25511651519937,1.43105987172818,0.517956862878558,80.9164233234485
14.6157738095238,1.25501075686008,1.43098884149646,0.517709142369912,80.9171861594583
14.615873015873,1.25490500995528,1.43091779723136,0.517461540534124,80.9179489116435
14.6159722222222,1.25479927448283,1.43084673894315,0.517214057314966,80.9187115800219
14.6160714285714,1.2546935504406,1.43077566664209,0.516966692656203,80.9194741646114
14.6161706349206,1.25458783782646,1.43070458033846,0.516719446501641,80.9202366654297
14.6162698412698,1.2544821366383,1.43063348004251,0.516472318795107,80.9209990824946
14.616369047619,1.25437644687397,1.43056236576449,0.516225309480428,80.921761415824
14.6164682539683,1.25427076853135,1.43049123751467,0.515978418501477,80.9225236654355
14.6165674603175,1.25416510160833,1.43042009530327,0.515731645802121,80.9232858313471
14.6166666666667,1.25405944610279,1.43034893914056,0.515484991326276,80.9240479135765
14.6167658730159,1.2539538020126,1.43027776903675,0.51523845501785,80.9248099121415
14.6168650793651,1.25384816933564,1.43020658500209,0.514992036820797,80.9255718270598
14.6169642857143,1.2537425480698,1.43013538704681,0.514745736679068,80.9263336583492
14.6170634920635,1.25363693821297,1.43006417518112,0.514499554536657,80.9270954060274
14.6171626984127,1.25353133976303,1.42999294941526,0.514253490337555,80.9278570701123
14.6172619047619,1.25342575271787,1.42992170975943,0.514007544025798,80.9286186506215
14.6173611111111,1.25332017707537,1.42985045622385,0.513761715545417,80.9293801475728
14.6174603174603,1.25321461283345,1.42977918881873,0.513516004840489,80.930141560984
14.6175595238095,1.25310905998998,1.42970790755426,0.513270411855086,80.9309028908727
14.6176587301587,1.25300351854286,1.42963661244065,0.513024936533319,80.9316641372568
14.6177579365079,1.25289798848999,1.4295653034881,0.51277957881932,80.9324253001538
14.6178571428571,1.25279246982926,1.42949398070678,0.512534338657221,80.9331863795816
14.6179563492063,1.25268696255858,1.42942264410689,0.512289215991202,80.9339473755578
14.6180555555556,1.25258146667585,1.42935129369861,0.512044210765436,80.9347082881001
14.6181547619048,1.25247598217898,1.42927992949211,0.511799322924142,80.9354691172263
14.618253968254,1.25237050906586,1.42920855149757,0.511554552411535,80.936229862954
14.6183531746032,1.2522650473344,1.42913715972516,0.511309899171876,80.9369905253009
14.6184523809524,1.25215959698251,1.42906575418504,0.511065363149418,80.9377511042847
14.6185515873016,1.2520541580081,1.42899433488737,0.510820944288464,80.938511599923
14.6186507936508,1.25194873040909,1.42892290184231,0.510576642533308,80.9392720122337
14.61875,1.25184331418338,1.42885145506,0.510332457828294,80.9400323412341
14.6188492063492,1.25173790932889,1.42877999455059,0.510088390117756,80.9407925869422
14.6189484126984,1.25163251584353,1.42870852032423,0.509844439346079,80.9415527493754
14.6190476190476,1.25152713372523,1.42863703239106,0.509600605457638,80.9423128285515
14.6191468253968,1.2514217629719,1.4285655307612,0.509356888396851,80.9430728244881
14.619246031746,1.25131640358147,1.42849401544479,0.509113288108156,80.9438327372028
14.6193452380952,1.25121105555185,1.42842248645194,0.50886980453599,80.9445925667133
14.6194444444444,1.25110571888097,1.4283509437928,0.508626437624838,80.9453523130371
14.6195436507937,1.25100039356676,1.42827938747746,0.508383187319178,80.9461119761919
14.6196428571429,1.25089507960714,1.42820781751604,0.508140053563537,80.9468715561954
14.6197420634921,1.25078977700004,1.42813623391865,0.507897036302433,80.947631053065
14.6198412698413,1.2506844857434,1.4280646366954,0.507654135480434,80.9483904668185
14.6199404761905,1.25057920583514,1.42799302585637,0.507411351042098,80.9491497974734
14.6200396825397,1.25047393727321,1.42792140141167,0.507168682932034,80.9499090450472
14.6201388888889,1.25036868005553,1.42784976337139,0.506926131094841,80.9506682095577
14.6202380952381,1.25026343418004,1.42777811174561,0.506683695475168,80.9514272910223
14.6203373015873,1.25015819964468,1.42770644654441,0.506441376017656,80.9521862894587
14.6204365079365,1.2500529764474,1.42763476777788,0.506199172666995,80.9529452048844
14.6205357142857,1.24994776458612,1.42756307545607,0.505957085367865,80.9537040373169
14.6206349206349,1.24984256405881,1.42749136958908,0.50571511406499,80.9544627867739
14.6207341269841,1.24973737486339,1.42741965018695,0.505473258703113,80.9552214532728
14.6208333333333,1.24963219699783,1.42734791725975,0.505231519226977,80.9559800368313
14.6209325396825,1.24952703046006,1.42727617081753,0.504989895581373,80.9567385374668
14.6210317460317,1.24942187524805,1.42720441087035,0.504748387711084,80.9574969551969
14.621130952381,1.24931673135973,1.42713263742825,0.504506995560942,80.9582552900391
14.6212301587302,1.24921159879306,1.42706085050128,0.504265719075772,80.959013542011
14.6213293650794,1.249106477546,1.42698905009947,0.504024558200445,80.95977171113
14.6214285714286,1.2490013676165,1.42691723623285,0.503783512879828,80.9605297974137
14.6215277777778,1.24889626900253,1.42684540891147,0.503542583058833,80.9612878008795
14.621626984127,1.24879118170204,1.42677356814534,0.503301768682365,80.9620457215451
14.6217261904762,1.24868610571299,1.42670171394448,0.503061069695379,80.9628035594277
14.6218253968254,1.24858104103335,1.42662984631891,0.502820486042822,80.9635613145451
14.6219246031746,1.24847598766108,1.42655796527865,0.502580017669688,80.9643189869146
14.6220238095238,1.24837094559415,1.42648607083369,0.502339664520964,80.9650765765537
14.622123015873,1.24826591483051,1.42641416299406,0.502099426541678,80.9658340834799
14.6222222222222,1.24816089536816,1.42634224176973,0.50185930367688,80.9665915077107
14.6223214285714,1.24805588720505,1.42627030717072,0.501619295871618,80.9673488492634
14.6224206349206,1.24795089033916,1.42619835920701,0.501379403070989,80.9681061081557
14.6225198412698,1.24784590476846,1.42612639788858,0.501139625220081,80.9688632844048
14.622619047619,1.24774093049093,1.42605442322543,0.500899962264031,80.9696203780284
14.6227182539683,1.24763596750454,1.42598243522752,0.500660414147971,80.9703773890437
14.6228174603175,1.24753101580728,1.42591043390483,0.500420980817076,80.9711343174683
14.6229166666667,1.24742607539712,1.42583841926733,0.500181662216519,80.9718911633195
14.6230158730159,1.24732114627206,1.42576639132499,0.499942458291518,80.9726479266148
14.6231150793651,1.24721622843006,1.42569435008776,0.499703368987284,80.9734046073716
14.6232142857143,1.24711132186912,1.42562229556561,0.499464394249077,80.9741612056073
14.6233134920635,1.24700642658722,1.42555022776847,0.499225534022148,80.9749177213393
14.6234126984127,1.24690154258236,1.42547814670631,0.498986788251799,80.975674154585
14.6235119047619,1.24679666985252,1.42540605238906,0.498748156883321,80.9764305053619
14.6236111111111,1.2466918083957,1.42533394482666,0.498509639862049,80.9771867736872
14.6237103174603,1.24658695820989,1.42526182402905,0.498271237133337,80.9779429595784
14.6238095238095,1.24648211929308,1.42518969000616,0.498032948642539,80.9786990630529
14.6239087301587,1.24637729164327,1.42511754276791,0.497794774335056,80.9794550841279
14.6240079365079,1.24627247525846,1.42504538232423,0.497556714156285,80.980211022821
14.6241071428571,1.24616767013666,1.42497320868503,0.497318768051667,80.9809668791494
14.6242063492064,1.24606287627585,1.42490102186022,0.497080935966638,80.9817226531305
14.6243055555556,1.24595809367405,1.42482882185972,0.496843217846681,80.9824783447816
14.6244047619048,1.24585332232926,1.42475660869342,0.496605613637273,80.9832339541201
14.624503968254,1.24574856223949,1.42468438237123,0.496368123283937,80.9839894811634
14.6246031746032,1.24564381340274,1.42461214290304,0.496130746732191,80.9847449259287
14.6247023809524,1.24553907581703,1.42453989029875,0.4958934839276,80.9855002884334
14.6248015873016,1.24543434948036,1.42446762456824,0.495656334815721,80.9862555686948
14.6249007936508,1.24532963439075,1.42439534572139,0.495419299342159,80.9870107667302
14.625,1.24522493054621,1.42432305376809,0.495182377452514,80.9877658825569
14.6250992063492,1.24512023794477,1.4242507487182,0.494945569092426,80.9885209161923
14.6251984126984,1.24501555658443,1.42417843058159,0.494708874207552,80.9892758676536
14.6252976190476,1.24491088646322,1.42410609936814,0.494472292743554,80.9900307369581
14.6253968253968,1.24480622757916,1.4240337550877,0.494235824646138,80.9907855241231
14.625496031746,1.24470157993027,1.42396139775012,0.493999469861005,80.9915402291659
14.6255952380952,1.24459694351457,1.42388902736527,0.493763228333903,80.9922948521037
14.6256944444444,1.24449231833009,1.42381664394298,0.493527100010574,80.9930493929539
14.6257936507936,1.24438770437487,1.42374424749311,0.493291084836806,80.9938038517337
14.6258928571429,1.24428310164692,1.42367183802548,0.493055182758381,80.9945582284603
14.6259920634921,1.24417851014428,1.42359941554995,0.492819393721128,80.995312523151
14.6260912698413,1.24407392986498,1.42352698007633,0.49258371767087,80.9960667358231
14.6261904761905,1.24396936080706,1.42345453161445,0.492348154553478,80.9968208664938
14.6262896825397,1.24386480296855,1.42338207017413,0.492112704314815,80.9975749151803
14.6263888888889,1.24376025634748,1.4233095957652,0.491877366900791,80.9983288818998
14.6264880952381,1.24365572094191,1.42323710839747,0.491642142257312,80.9990827666697
14.6265873015873,1.24355119674985,1.42316460808073,0.491407030330322,80.999836569507
14.6266865079365,1.24344668376937,1.42309209482481,0.491172031065786,81.0005902904291
14.6267857142857,1.24334218199851,1.4230195686395,0.490937144409669,81.0013439294531
14.6268849206349,1.2432376914353,1.42294702953459,0.490702370307984,81.0020974865961
14.6269841269841,1.24313321207779,1.42287447751988,0.490467708706739,81.0028509618756
14.6270833333333,1.24302874392404,1.42280191260515,0.490233159551984,81.0036043553085
14.6271825396825,1.2429242869721,1.42272933480019,0.489998722789769,81.0043576669121
14.6272817460317,1.24281984122001,1.42265674411478,0.489764398366186,81.0051108967036
14.627380952381,1.24271540666582,1.42258414055868,0.489530186227325,81.0058640447001
14.6274801587302,1.24261098330761,1.42251152414168,0.489296086319318,81.0066171109189
14.6275793650794,1.24250657114341,1.42243889487353,0.489062098588295,81.007370095377
14.6276785714286,1.24240217017129,1.422366252764,0.488828222980432,81.0081229980917
14.6277777777778,1.24229778038931,1.42229359782284,0.488594459441897,81.0088758190801
14.627876984127,1.24219340179554,1.42222093005981,0.488360807918907,81.0096285583593
14.6279761904762,1.24208903438802,1.42214824948465,0.488127268357672,81.0103812159465
14.6280753968254,1.24198467816483,1.42207555610711,0.487893840704443,81.0111337918587
14.6281746031746,1.24188033312404,1.42200284993693,0.487660524905488,81.0118862861132
14.6282738095238,1.24177599926371,1.42193013098385,0.487427320907081,81.0126386987271
14.628373015873,1.24167167658191,1.42185739925759,0.487194228655539,81.0133910297175
14.6284722222222,1.24156736507671,1.42178465476788,0.486961248097174,81.0141432791014
14.6285714285714,1.24146306474619,1.42171189752444,0.486728379178344,81.014895446896
14.6286706349206,1.24135877558842,1.421639127537,0.486495621845403,81.0156475331185
14.6287698412698,1.24125449760147,1.42156634481526,0.48626297604475,81.0163995377858
14.628869047619,1.24115023078343,1.42149354936893,0.486030441722777,81.0171514609151
14.6289682539683,1.24104597513237,1.42142074120773,0.485798018825926,81.0179033025235
14.6290674603175,1.24094173064638,1.42134792034135,0.485565707300631,81.018655062628
14.6291666666667,1.24083749732353,1.42127508677948,0.485333507093372,81.0194067412457
14.6292658730159,1.24073327516191,1.42120224053182,0.485101418150624,81.0201583383938
14.6293650793651,1.24062906415961,1.42112938160806,0.484869440418909,81.0209098540891
14.6294642857143,1.24052486431471,1.42105651001787,0.484637573844744,81.0216612883489
14.6295634920635,1.2404206756253,1.42098362577095,0.484405818374682,81.0224126411901
14.6296626984127,1.24031649808947,1.42091072887696,0.484174173955301,81.0231639126298
14.6297619047619,1.24021233170532,1.42083781934557,0.483942640533177,81.0239151026851
14.6298611111111,1.24010817647094,1.42076489718646,0.483711218054935,81.0246662113729
14.6299603174603,1.24000403238441,1.42069196240927,0.48347990646719,81.0254172387103
14.6300595238095,1.23989989944386,1.42061901502368,0.483248705716608,81.0261681847143
14.6301587301587,1.23979577764736,1.42054605503932,0.483017615749848,81.026919049402
14.6302579365079,1.23969166699302,1.42047308246586,0.482786636513612,81.0276698327902
14.6303571428571,1.23958756747894,1.42040009731293,0.482555767954602,81.0284205348962
14.6304563492063,1.23948347910322,1.42032709959018,0.482325010019562,81.0291711557368
14.6305555555556,1.23937940186398,1.42025408930723,0.482094362655232,81.029921695329
14.6306547619048,1.23927533575931,1.42018106647373,0.481863825808399,81.0306721536899
14.630753968254,1.23917128078732,1.4201080310993,0.481633399425843,81.0314225308364
14.6308531746032,1.23906723694614,1.42003498319356,0.481403083454391,81.0321728267855
14.6309523809524,1.23896320423385,1.41996192276613,0.481172877840865,81.0329230415541
14.6310515873016,1.23885918264858,1.41988884982663,0.480942782532126,81.0336731751593
14.6311507936508,1.23875517218846,1.41981576438466,0.480712797475054,81.0344232276179
14.63125,1.23865117285157,1.41974266644983,0.480482922616534,81.035173198947
14.6313492063492,1.23854718463606,1.41966955603174,0.480253157903494,81.0359230891635
14.6314484126984,1.23844320754004,1.41959643313998,0.480023503282857,81.0366728982843
14.6315476190476,1.23833924156162,1.41952329778416,0.479793958701591,81.0374226263264
14.6316468253968,1.23823528669894,1.41945014997386,0.479564524106663,81.0381722733067
14.631746031746,1.23813134295011,1.41937698971865,0.479335199445081,81.0389218392422
14.6318452380952,1.23802741031326,1.41930381702813,0.479105984663851,81.0396713241497
14.6319444444444,1.23792348878653,1.41923063191187,0.478876879710024,81.0404207280461
14.6320436507937,1.23781957836803,1.41915743437943,0.478647884530644,81.0411700509484
14.6321428571429,1.2377156790559,1.41908422444038,0.478418999072805,81.0419192928735
14.6322420634921,1.23761179084828,1.41901100210429,0.478190223283591,81.0426684538383
14.6323412698413,1.23750791374329,1.41893776738071,0.477961557110136,81.0434175338597
14.6324404761905,1.23740404773907,1.4188645202792,0.477733000499566,81.0441665329545
14.6325396825397,1.23730019283376,1.4187912608093,0.477504553399049,81.0449154511397
14.6326388888889,1.23719634902551,1.41871798898057,0.47727621575577,81.0456642884321
14.6327380952381,1.23709251631243,1.41864470480254,0.47704798751692,81.0464130448486
14.6328373015873,1.2369886946927,1.41857140828474,0.476819868629731,81.047161720406
14.6329365079365,1.23688488416443,1.41849809943671,0.476591859041432,81.0479103151212
14.6330357142857,1.23678108472579,1.41842477826798,0.476363958699299,81.0486588290111
14.6331349206349,1.23667729637492,1.41835144478807,0.476136167550602,81.0494072620925
14.6332341269841,1.23657351910996,1.4182780990065,0.475908485542655,81.0501556143823
14.6333333333333,1.23646975292906,1.41820474093277,0.47568091262277,81.0509038858972
14.6334325396825,1.23636599783039,1.41813137057642,0.475453448738302,81.0516520766542
14.6335317460317,1.23626225381209,1.41805798794692,0.475226093836603,81.05240018667
14.633630952381,1.23615852087231,1.41798459305381,0.474998847865071,81.0531482159615
14.6337301587302,1.23605479900922,1.41791118590655,0.474771710771096,81.0538961645455
14.6338293650794,1.23595108822097,1.41783776651466,0.474544682502117,81.0546440324387
14.6339285714286,1.23584738850571,1.41776433488762,0.474317763005567,81.0553918196581
14.6340277777778,1.23574369986163,1.4176908910349,0.474090952228917,81.0561395262203
14.634126984127,1.23564002228687,1.41761743496601,0.473864250119661,81.0568871521423
14.6342261904762,1.2355363557796,1.41754396669039,0.473637656625292,81.0576346974407
14.6343253968254,1.23543270033799,1.41747048621754,0.473411171693349,81.0583821621323
14.6344246031746,1.2353290559602,1.41739699355692,0.473184795271368,81.0591295462339
14.6345238095238,1.23522542264441,1.41732348871798,0.472958527306928,81.0598768497624
14.634623015873,1.23512180038878,1.41724997171019,0.472732367747606,81.0606240727344
14.6347222222222,1.2350181891915,1.417176442543,0.472506316541021,81.0613712151667
14.6348214285714,1.23491458905073,1.41710290122586,0.472280373634791,81.0621182770761
14.6349206349206,1.23481099996465,1.41702934776821,0.472054538976577,81.0628652584792
14.6350198412698,1.23470742193143,1.4169557821795,0.471828812514035,81.063612159393
14.635119047619,1.23460385494927,1.41688220446917,0.471603194194869,81.064358979834
14.6352182539683,1.23450029901633,1.41680861464664,0.471377683966776,81.0651057198191
14.6353174603175,1.2343967541308,1.41673501272134,0.471152281777499,81.0658523793648
14.6354166666667,1.23429322029086,1.41666139870269,0.470926987574777,81.0665989584881
14.6355158730159,1.2341896974947,1.41658777260012,0.470701801306387,81.0673454572055
14.6356150793651,1.23408618574052,1.41651413442305,0.470476722920128,81.0680918755338
14.6357142857143,1.23398268502649,1.41644048418087,0.470251752363798,81.0688382134897
14.6358134920635,1.2338791953508,1.416366821883,0.470026889585243,81.0695844710898
14.6359126984127,1.23377571671166,1.41629314753884,0.469802134532303,81.0703306483509
14.6360119047619,1.23367224910725,1.41621946115778,0.469577487152864,81.0710767452897
14.6361111111111,1.23356879253577,1.41614576274922,0.469352947394807,81.0718227619228
14.6362103174603,1.23346534699541,1.41607205232256,0.469128515206058,81.0725686982669
14.6363095238095,1.23336191248438,1.41599832988716,0.468904190534539,81.0733145543387
14.6364087301587,1.23325848900087,1.41592459545242,0.468679973328218,81.0740603301548
14.6365079365079,1.23315507654309,1.41585084902771,0.468455863535057,81.0748060257319
14.6366071428571,1.23305167510924,1.4157770906224,0.468231861103063,81.0755516410866
14.6367063492063,1.23294828469752,1.41570332024585,0.46800796598024,81.0762971762357
14.6368055555556,1.23284490530615,1.41562953790744,0.467784178114637,81.0770426311956
14.6369047619048,1.23274153693332,1.41555574361651,0.467560497454298,81.0777880059832
14.637003968254,1.23263817957726,1.41548193738243,0.467336923947306,81.0785333006149
14.6371031746032,1.23253483323617,1.41540811921455,0.467113457541764,81.0792785151074
14.6372023809524,1.23243149790826,1.4153342891222,0.466890098185778,81.0800236494774
14.6373015873016,1.23232817359176,1.41526044711473,0.466666845827498,81.0807687037413
14.6374007936508,1.23222486028487,1.41518659320148,0.466443700415069,81.081513677916
14.6375,1.23212155798581,1.41511272739178,0.466220661896684,81.0822585720179
14.6375992063492,1.23201826669281,1.41503884969495,0.465997730220529,81.0830033860636
14.6376984126984,1.23191498640409,1.41496496012033,0.465774905334835,81.0837481200698
14.6377976190476,1.23181171711786,1.41489105867723,0.46555218718783,81.084492774053
14.6378968253968,1.23170845883236,1.41481714537497,0.465329575727787,81.0852373480298
14.637996031746,1.2316052115458,1.41474322022285,0.465107070902974,81.0859818420167
14.6380952380952,1.23150197525642,1.41466928323019,0.464884672661705,81.0867262560304
14.6381944444444,1.23139874996245,1.41459533440628,0.464662380952287,81.0874705900874
14.6382936507936,1.23129553566211,1.41452137376044,0.464440195723076,81.0882148442042
14.6383928571429,1.23119233235365,1.41444740130193,0.464218116922421,81.0889590183974
14.6384920634921,1.23108914003528,1.41437341704007,0.46399614449871,81.0897031126836
14.6385912698413,1.23098595870526,1.41429942098413,0.463774278400353,81.0904471270792
14.6386904761905,1.23088278836181,1.41422541314338,0.463552518575761,81.0911910616009
14.6387896825397,1.23077962900319,1.41415139352713,0.463330864973388,81.0919349162651
14.6388888888889,1.23067648062761,1.41407736214462,0.463109317541688,81.0926786910884
14.6389880952381,1.23057334323334,1.41400331900513,0.462887876229155,81.0934223860872
14.6390873015873,1.23047021681861,1.41392926411792,0.462666540984284,81.0941660012782
14.6391865079365,1.23036710138167,1.41385519749225,0.462445311755611,81.0949095366777
14.6392857142857,1.23026399692076,1.41378111913738,0.462224188491669,81.0956529923024
14.6393849206349,1.23016090343414,1.41370702906255,0.462003171141036,81.0963963681686
14.6394841269841,1.23005782092005,1.41363292727702,0.461782259652286,81.0971396642929
14.6395833333333,1.22995474937675,1.41355881379002,0.461561453974038,81.0978828806917
14.6396825396825,1.22985168880248,1.41348468861079,0.461340754054907,81.0986260173816
14.6397817460317,1.22974863919552,1.41341055174857,0.461120159843551,81.099369074379
14.639880952381,1.2296456005541,1.41333640321257,0.460899671288627,81.1001120517004
14.6399801587302,1.2295425728765,1.41326224301204,0.460679288338828,81.1008549493622
14.6400793650794,1.22943955616097,1.41318807115618,0.460459010942868,81.1015977673809
14.6401785714286,1.22933655040576,1.41311388765421,0.460238839049465,81.1023405057729
14.6402777777778,1.22923355560916,1.41303969251535,0.46001877260738,81.1030831645547
14.640376984127,1.22913057176941,1.4129654857488,0.45979881156537,81.1038257437427
14.6404761904762,1.2290275988848,1.41289126736376,0.459578955872236,81.1045682433534
14.6405753968254,1.22892463695357,1.41281703736944,0.459359205476777,81.1053106634031
14.6406746031746,1.22882168597401,1.41274279577502,0.459139560327836,81.1060530039084
14.6407738095238,1.22871874594439,1.41266854258969,0.458920020374251,81.1067952648855
14.640873015873,1.22861581686298,1.41259427782265,0.458700585564905,81.107537446351
14.6409722222222,1.22851289872804,1.41252000148307,0.458481255848679,81.1082795483211
14.6410714285714,1.22840999153787,1.41244571358013,0.458262031174497,81.1090215708124
14.6411706349206,1.22830709529074,1.412371414123,0.458042911491278,81.1097635138413
14.6412698412698,1.22820420998492,1.41229710312085,0.457823896747988,81.1105053774239
14.641369047619,1.2281013356187,1.41222278058283,0.457604986893587,81.111247161577
14.6414682539683,1.22799847219036,1.41214844651813,0.457386181877076,81.1119888663166
14.6415674603175,1.22789561969819,1.41207410093588,0.457167481647473,81.1127304916593
14.6416666666667,1.22779277814047,1.41199974384523,0.456948886153803,81.1134720376213
14.6417658730159,1.22768994751548,1.41192537525535,0.456730395345129,81.1142135042191
14.6418650793651,1.22758712782152,1.41185099517535,0.456512009170517,81.1149548914691
14.6419642857143,1.22748431905688,1.4117766036144,0.456293727579073,81.1156961993874
14.6420634920635,1.22738152121985,1.4117022005816,0.456075550519901,81.1164374279906
14.6421626984127,1.22727873430873,1.41162778608611,0.455857477942149,81.1171785772948
14.6422619047619,1.2271759583218,1.41155336013704,0.455639509794962,81.1179196473166
14.6423611111111,1.22707319325737,1.41147892274351,0.455421646027528,81.1186606380721
14.6424603174603,1.22697043911374,1.41140447391463,0.455203886589033,81.1194015495777
14.6425595238095,1.2268676958892,1.41133001365953,0.454986231428705,81.1201423818497
14.6426587301587,1.22676496358206,1.4112555419873,0.454768680495772,81.1208831349045
14.6427579365079,1.22666224219062,1.41118105890705,0.454551233739503,81.1216238087583
14.6428571428571,1.22655953171319,1.41110656442788,0.454333891109165,81.1223644034274
14.6429563492064,1.22645683214807,1.41103205855888,0.454116652554063,81.1231049189281
14.6430555555556,1.22635414349357,1.41095754130915,0.453899518023523,81.1238453552768
14.6431547619048,1.22625146574801,1.41088301268776,0.453682487466872,81.1245857124896
14.643253968254,1.22614879890969,1.41080847270381,0.453465560833482,81.1253259905828
14.6433531746032,1.22604614297693,1.41073392136636,0.453248738072723,81.1260661895728
14.6434523809524,1.22594349794804,1.41065935868449,0.453032019134006,81.1268063094758
14.6435515873016,1.22584086382133,1.41058478466727,0.452815403966741,81.127546350308
14.6436507936508,1.22573824059514,1.41051019932377,0.452598892520382,81.1282863120857
14.64375,1.22563562826777,1.41043560266303,0.452382484744379,81.1290261948251
14.6438492063492,1.22553302683755,1.41036099469413,0.452166180588226,81.1297659985426
14.6439484126984,1.2254304363028,1.4102863754261,0.451949980001414,81.1305057232542
14.6440476190476,1.22532785666185,1.410211744868,0.451733882933478,81.1312453689763
14.6441468253968,1.22522528791301,1.41013710302886,0.451517889333949,81.1319849357251
14.644246031746,1.22512273005463,1.41006244991774,0.451301999152403,81.1327244235167
14.6443452380952,1.22502018308503,1.40998778554365,0.451086212338413,81.1334638323675
14.6444444444444,1.22491764700253,1.40991310991563,0.450870528841589,81.1342031622936
14.6445436507937,1.22481512180548,1.40983842304271,0.450654948611562,81.1349424133111
14.6446428571429,1.22471260749221,1.4097637249339,0.450439471597965,81.1356815854364
14.6447420634921,1.22461010406105,1.40968901559822,0.450224097750476,81.1364206786856
14.6448412698413,1.22450761151034,1.40961429504469,0.450008827018769,81.1371596930748
14.6449404761905,1.22440512983842,1.40953956328231,0.449793659352563,81.1378986286203
14.6450396825397,1.22430265904363,1.40946482032008,0.449578594701572,81.1386374853383
14.6451388888889,1.22420019912431,1.40939006616701,0.449363633015556,81.1393762632448
14.6452380952381,1.22409775007881,1.40931530083209,0.449148774244269,81.1401149623561
14.6453373015873,1.22399531190547,1.4092405243243,0.448934018337513,81.1408535826883
14.6454365079365,1.22389288460264,1.40916573665265,0.448719365245083,81.1415921242576
14.6455357142857,1.22379046816867,1.4090909378261,0.448504814916819,81.1423305870801
14.6456349206349,1.22368806260191,1.40901612785363,0.448290367302559,81.143068971172
14.6457341269841,1.22358566790071,1.40894130674423,0.448076022352185,81.1438072765493
14.6458333333333,1.22348328406343,1.40886647450685,0.447861780015573,81.1445455032283
14.6459325396825,1.22338091108841,1.40879163115046,0.447647640242641,81.145283651225
14.6460317460317,1.22327854897402,1.40871677668402,0.447433602983324,81.1460217205555
14.646130952381,1.22317619771861,1.40864191111649,0.447219668187562,81.146759711236
14.6462301587302,1.22307385732056,1.40856703445682,0.447005835805337,81.1474976232826
14.6463293650794,1.2229715277782,1.40849214671396,0.44679210578663,81.1482354567114
14.6464285714286,1.22286920908993,1.40841724789685,0.446578478081464,81.1489732115384
14.6465277777778,1.22276690125408,1.40834233801442,0.446364952639859,81.1497108877798
14.646626984127,1.22266460426904,1.40826741707562,0.446151529411881,81.1504484854516
14.6467261904762,1.22256231813316,1.40819248508936,0.44593820834759,81.1511860045699
14.6468253968254,1.22246004284483,1.40811754206459,0.445724989397091,81.1519234451508
14.6469246031746,1.22235777840241,1.40804258801021,0.445511872510488,81.1526608072104
14.6470238095238,1.22225552480427,1.40796762293515,0.445298857637925,81.1533980907646
14.647123015873,1.22215328204879,1.40789264684831,0.445085944729546,81.1541352958297
14.6472222222222,1.22205105013435,1.40781765975861,0.444873133735536,81.1548724224216
14.6473214285714,1.22194882905932,1.40774266167495,0.44466042460608,81.1556094705563
14.6474206349206,1.22184661882208,1.40766765260623,0.4444478172914,81.1563464402499
14.6475198412698,1.22174441942102,1.40759263256135,0.444235311741737,81.1570833315185
14.647619047619,1.22164223085451,1.40751760154919,0.444022907907335,81.1578201443781
14.6477182539683,1.22154005312095,1.40744255957864,0.443810605738484,81.1585568788445
14.6478174603175,1.22143788621871,1.40736750665859,0.443598405185468,81.1592935349341
14.6479166666667,1.22133573014619,1.40729244279791,0.443386306198617,81.1600301126626
14.6480158730159,1.22123358490176,1.40721736800547,0.443174308728257,81.1607666120461
14.6481150793651,1.22113145048384,1.40714228229015,0.442962412724759,81.1615030331006
14.6482142857143,1.2210293268908,1.40706718566081,0.442750618138488,81.1622393758422
14.6483134920635,1.22092721412104,1.40699207812631,0.442538924919856,81.1629756402867
14.6484126984127,1.22082511217296,1.4069169596955,0.44232733301927,81.1637118264502
14.6485119047619,1.22072302104496,1.40684183037725,0.442115842387181,81.1644479343487
14.6486111111111,1.22062094073542,1.40676669018038,0.441904452974039,81.1651839639981
14.6487103174603,1.22051887124276,1.40669153911376,0.441693164730335,81.1659199154143
14.6488095238095,1.22041681256537,1.40661637718622,0.441481977606558,81.1666557886135
14.6489087301587,1.22031476470166,1.40654120440659,0.441270891553236,81.1673915836114
14.6490079365079,1.22021272765004,1.4064660207837,0.441059906520915,81.1681273004241
14.6491071428571,1.22011070140891,1.40639082632638,0.440849022460146,81.1688629390674
14.6492063492063,1.22000868597668,1.40631562104346,0.440638239321524,81.1695984995574
14.6493055555556,1.21990668135176,1.40624040494374,0.440427557055638,81.17033398191
14.6494047619048,1.21980468753256,1.40616517803604,0.440216975613124,81.171069386141
14.649503968254,1.21970270451749,1.40608994032917,0.440006494944614,81.1718047122664
14.6496031746032,1.21960073230498,1.40601469183193,0.439796115000782,81.1725399603022
14.6497023809524,1.21949877089343,1.40593943255313,0.439585835732302,81.1732751302642
14.6498015873016,1.21939682028127,1.40586416250156,0.43937565708989,81.1740102221683
14.6499007936508,1.21929488046691,1.405788881686,0.439165579024258,81.1747452360305
14.65,1.21919295144878,1.40571359011526,0.438955601486164,81.1754801718665
14.6500992063492,1.2190910332253,1.4056382877981,0.438745724426361,81.1762150296924
14.6501984126984,1.2189891257949,1.40556297474331,0.438535947795649,81.176949809524
14.6502976190476,1.21888722915599,1.40548765095967,0.43832627154482,81.1776845113771
14.6503968253968,1.21878534330701,1.40541231645593,0.438116695624708,81.1784191352677
14.650496031746,1.21868346824639,1.40533697124088,0.437907219986165,81.1791536812116
14.6505952380952,1.21858160397256,1.40526161532326,0.437697844580047,81.1798881492246
14.6506944444444,1.21847975048395,1.40518624871183,0.437488569357255,81.1806225393226
14.6507936507937,1.218377907779,1.40511087141536,0.437279394268684,81.1813568515215
14.6508928571429,1.21827607585614,1.40503548344258,0.437070319265274,81.1820910858371
14.6509920634921,1.21817425471381,1.40496008480223,0.436861344297964,81.1828252422853
14.6510912698413,1.21807244435045,1.40488467550307,0.436652469317733,81.1835593208817
14.6511904761905,1.2179706447645,1.40480925555381,0.436443694275561,81.1842933216424
14.6512896825397,1.2178688559544,1.40473382496321,0.436235019122468,81.1850272445831
14.6513888888889,1.2177670779186,1.40465838373997,0.436026443809473,81.1857610897196
14.6514880952381,1.21766531065554,1.40458293189282,0.43581796828764,81.1864948570678
14.6515873015873,1.21756355416367,1.40450746943048,0.435609592508026,81.1872285466434
14.6516865079365,1.21746180844144,1.40443199636167,0.435401316421737,81.1879621584621
14.6517857142857,1.2173600734873,1.40435651269509,0.435193139979871,81.18869569254
14.6518849206349,1.21725834929969,1.40428101843944,0.434985063133567,81.1894291488926
14.6519841269841,1.21715663587709,1.40420551360343,0.434777085833983,81.1901625275358
14.6520833333333,1.21705493321793,1.40412999819575,0.434569208032282,81.1908958284854
14.6521825396825,1.21695324132069,1.4040544722251,0.434361429679667,81.1916290517571
14.6522817460317,1.2168515601838,1.40397893570016,0.434153750727341,81.1923621973666
14.652380952381,1.21674988980575,1.40390338862962,0.433946171126549,81.1930952653299
14.6524801587302,1.21664823018498,1.40382783102215,0.433738690828535,81.1938282556625
14.6525793650794,1.21654658131997,1.40375226288642,0.433531309784585,81.1945611683802
14.6526785714286,1.21644494320916,1.40367668423112,0.433324027945983,81.1952940034989
14.6527777777778,1.21634331585105,1.4036010950649,0.433116845264055,81.1960267610342
14.652876984127,1.21624169924408,1.40352549539642,0.432909761690127,81.1967594410018
14.6529761904762,1.21614009338674,1.40344988523434,0.432702777175565,81.1974920434175
14.6530753968254,1.21603849827749,1.40337426458732,0.432495891671736,81.198224568297
14.6531746031746,1.21593691391481,1.40329863346401,0.432289105130048,81.1989570156559
14.6532738095238,1.21583534029716,1.40322299187304,0.432082417501906,81.1996893855101
14.653373015873,1.21573377742303,1.40314733982305,0.431875828738755,81.2004216778752
14.6534722222222,1.2156322252909,1.40307167732269,0.431669338792058,81.2011538927669
14.6535714285714,1.21553068389925,1.40299600438059,0.431462947613282,81.2018860302009
14.6536706349206,1.21542915324655,1.40292032100536,0.431256655153938,81.2026180901929
14.6537698412698,1.21532763333128,1.40284462720564,0.431050461365533,81.2033500727585
14.653869047619,1.21522612415195,1.40276892299003,0.430844366199619,81.2040819779135
14.6539682539683,1.21512462570702,1.40269320836716,0.430638369607745,81.2048138056735
14.6540674603175,1.21502313799499,1.40261748334564,0.430432471541501,81.205545556054
14.6541666666667,1.21492166101434,1.40254174793406,0.430226671952477,81.206277229071
14.6542658730159,1.21482019476357,1.40246600214103,0.430020970792307,81.2070088247399
14.6543650793651,1.21471873924117,1.40239024597515,0.42981536801262,81.2077403430764
14.6544642857143,1.21461729444564,1.40231447944501,0.429609863565088,81.2084717840961
14.6545634920635,1.21451586037546,1.40223870255919,0.429404457401384,81.2092031478147
14.6546626984127,1.21441443702914,1.40216291532628,0.429199149473221,81.2099344342479
14.6547619047619,1.21431302440518,1.40208711775486,0.428993939732311,81.2106656434112
14.6548611111111,1.21421162250207,1.4020113098535,0.428788828130403,81.2113967753202
14.6549603174603,1.21411023131832,1.40193549163077,0.428583814619265,81.2121278299905
14.6550595238095,1.21400885085244,1.40185966309525,0.428378899150672,81.2128588074379
14.6551587301587,1.21390748110292,1.40178382425548,0.428174081676438,81.2135897076778
14.6552579365079,1.21380612206828,1.40170797512004,0.427969362148378,81.2143205307259
14.6553571428571,1.21370477374702,1.40163211569746,0.427764740518347,81.2150512765977
14.6554563492064,1.21360343613765,1.40155624599631,0.4275602167382,81.2157819453088
14.6555555555556,1.21350210923869,1.40148036602512,0.427355790759834,81.2165125368749
14.6556547619048,1.21340079304865,1.40140447579244,0.427151462535145,81.2172430513114
14.655753968254,1.21329948756605,1.4013285753068,0.426947232016069,81.217973488634
14.6558531746032,1.21319819278939,1.40125266457673,0.426743099154544,81.2187038488582
14.6559523809524,1.21309690871721,1.40117674361076,0.426539063902547,81.2194341319995
14.6560515873016,1.21299563534801,1.40110081241741,0.426335126212055,81.2201643380736
14.6561507936508,1.21289437268032,1.4010248710052,0.426131286035087,81.2208944670959
14.65625,1.21279312071267,1.40094891938265,0.425927543323662,81.221624519082
14.6563492063492,1.21269187944358,1.40087295755826,0.425723898029833,81.2223544940474
14.6564484126984,1.21259064887157,1.40079698554054,0.425520350105674,81.2230843920076
14.6565476190476,1.21248942899518,1.40072100333799,0.425316899503266,81.2238142129783
14.6566468253968,1.21238821981293,1.40064501095911,0.425113546174728,81.2245439569748
14.656746031746,1.21228702132335,1.40056900841239,0.42491029007218,81.2252736240127
14.6568452380952,1.21218583352498,1.40049299570632,0.424707131147783,81.2260032141076
14.6569444444444,1.21208465641635,1.40041697284939,0.424504069353699,81.2267327272748
14.6570436507936,1.21198348999601,1.40034093985006,0.424301104642129,81.2274621635299
14.6571428571429,1.21188233426247,1.40026489671682,0.424098236965274,81.2281915228884
14.6572420634921,1.21178118921429,1.40018884345814,0.423895466275377,81.2289208053657
14.6573412698413,1.21168005485001,1.40011278008248,0.423692792524681,81.2296500109774
14.6574404761905,1.21157893116816,1.40003670659832,0.423490215665468,81.2303791397389
14.6575396825397,1.2114778181673,1.39996062301409,0.423287735650022,81.2311081916657
14.6576388888889,1.21137671584596,1.39988452933826,0.423085352430666,81.2318371667732
14.6577380952381,1.2112756242027,1.39980842557928,0.422883065959724,81.2325660650769
14.6578373015873,1.21117454323607,1.39973231174559,0.422680876189556,81.2332948865922
14.6579365079365,1.21107347294461,1.39965618784564,0.422478783072543,81.2340236313346
14.6580357142857,1.21097241332688,1.39958005388785,0.422276786561067,81.2347522993195
14.6581349206349,1.21087136438143,1.39950390988066,0.422074886607557,81.2354808905624
14.6582341269841,1.21077032610681,1.3994277558325,0.421873083164436,81.2362094050786
14.6583333333333,1.21066929850159,1.3993515917518,0.421671376184172,81.2369378428836
14.6584325396825,1.21056828156433,1.39927541764696,0.421469765619231,81.2376662039928
14.6585317460317,1.21046727529357,1.39919923352641,0.42126825142212,81.2383944884216
14.658630952381,1.21036627968789,1.39912303939855,0.421066833545347,81.2391226961855
14.6587301587302,1.21026529474585,1.39904683527179,0.420865511941459,81.2398508272997
14.6588293650794,1.21016432046602,1.39897062115453,0.420664286563004,81.2405788817798
14.6589285714286,1.21006335684695,1.39889439705518,0.420463157362572,81.241306859641
14.6590277777778,1.20996240388722,1.39881816298211,0.420262124292749,81.2420347608989
14.659126984127,1.2098614615854,1.39874191894373,0.420061187306168,81.2427625855686
14.6592261904762,1.20976052994006,1.39866566494841,0.419860346355455,81.2434903336657
14.6593253968254,1.20965960894978,1.39858940100453,0.419659601393277,81.2442180052055
14.6594246031746,1.20955869861312,1.39851312712048,0.419458952372319,81.2449456002033
14.6595238095238,1.20945779892867,1.39843684330462,0.419258399245271,81.2456731186744
14.659623015873,1.209356909895,1.39836054956532,0.419057941964866,81.2464005606343
14.6597222222222,1.2092560315107,1.39828424591094,0.418857580483832,81.2471279260983
14.6598214285714,1.20915516377434,1.39820793234983,0.418657314754945,81.2478552150817
14.6599206349206,1.2090543066845,1.39813160889036,0.418457144730973,81.2485824275999
14.6600198412698,1.20895346023978,1.39805527554088,0.418257070364732,81.2493095636681
14.660119047619,1.20885262443875,1.39797893230972,0.418057091609033,81.2500366233017
14.6602182539683,1.20875179928001,1.39790257920523,0.41785720841673,81.250763606516
14.6603174603175,1.20865098476214,1.39782621623574,0.417657420740676,81.2514905133263
14.6604166666667,1.20855018088375,1.3977498434096,0.417457728533766,81.2522173437479
14.6605158730159,1.2084493876434,1.39767346073512,0.417258131748893,81.2529440977961
14.6606150793651,1.20834860503972,1.39759706822063,0.417058630338994,81.2536707754862
14.6607142857143,1.20824783307128,1.39752066587444,0.416859224257001,81.2543973768335
14.6608134920635,1.20814707173668,1.39744425370488,0.416659913455887,81.2551239018533
14.6609126984127,1.20804632103453,1.39736783172026,0.416460697888643,81.2558503505607
14.6610119047619,1.20794558096343,1.39729139992887,0.416261577508263,81.2565767229712
14.6611111111111,1.20784485152197,1.39721495833903,0.416062552267786,81.2573030191
14.6612103174603,1.20774413270877,1.39713850695903,0.415863622120247,81.2580292389622
14.6613095238095,1.20764342452242,1.39706204579716,0.415664787018725,81.2587553825732
14.6614087301587,1.20754272696154,1.39698557486171,0.415466046916297,81.2594814499483
14.6615079365079,1.20744204002473,1.39690909416097,0.41526740176608,81.2602074411026
14.6616071428571,1.2073413637106,1.39683260370322,0.415068851521195,81.2609333560514
14.6617063492063,1.20724069801778,1.39675610349673,0.414870396134798,81.2616591948099
14.6618055555556,1.20714004294485,1.39667959354977,0.41467203556005,81.2623849573934
14.6619047619048,1.20703939849046,1.39660307387062,0.414473769750151,81.263110643817
14.662003968254,1.2069387646532,1.39652654446753,0.414275598658299,81.263836254096
14.6621031746032,1.20683814143171,1.39645000534876,0.414077522237735,81.2645617882455
14.6622023809524,1.20673752882459,1.39637345652257,0.413879540441701,81.2652872462809
14.6623015873016,1.20663692683048,1.39629689799721,0.413681653223471,81.2660126282172
14.6624007936508,1.20653633544799,1.39622032978093,0.413483860536343,81.2667379340697
14.6625,1.20643575467575,1.39614375188195,0.413286162333618,81.2674631638535
14.6625992063492,1.20633518451239,1.39606716430853,0.413088558568639,81.2681883175839
14.6626984126984,1.20623462495653,1.3959905670689,0.412891049194747,81.2689133952759
14.6627976190476,1.2061340760068,1.39591396017127,0.412693634165327,81.2696383969448
14.6628968253968,1.20603353766184,1.39583734362389,0.412496313433759,81.2703633226058
14.662996031746,1.20593300992028,1.39576071743496,0.412299086953471,81.2710881722739
14.6630952380952,1.20583249278075,1.3956840816127,0.412101954677883,81.2718129459644
14.6631944444444,1.20573198624189,1.39560743616532,0.411904916560461,81.2725376436923
14.6632936507937,1.20563149030234,1.39553078110103,0.41170797255467,81.2732622654728
14.6633928571429,1.20553100496073,1.39545411642804,0.411511122614015,81.2739868113211
14.6634920634921,1.20543053021571,1.39537744215453,0.411314366692001,81.2747112812523
14.6635912698413,1.20533006606592,1.39530075828871,0.411117704742174,81.2754356752815
14.6636904761905,1.20522961251,1.39522406483876,0.410921136718081,81.2761599934237
14.6637896825397,1.20512916954661,1.39514736181286,0.410724662573302,81.2768842356943
14.6638888888889,1.20502873717438,1.39507064921921,0.41052828226144,81.2776084021081
14.6639880952381,1.20492831539197,1.39499392706597,0.410331995736103,81.2783324926804
14.6640873015873,1.20482790419803,1.39491719536132,0.410135802950937,81.2790565074261
14.6641865079365,1.2047275035912,1.39484045411342,0.409939703859591,81.2797804463605
14.6642857142857,1.20462711357015,1.39476370333044,0.409743698415753,81.2805043094986
14.6643849206349,1.20452673413353,1.39468694302054,0.409547786573113,81.2812280968555
14.6644841269841,1.20442636528,1.39461017319186,0.409351968285399,81.2819518084462
14.6645833333333,1.20432600700821,1.39453339385257,0.40915624350634,81.2826754442858
14.6646825396825,1.20422565931683,1.39445660501081,0.408960612189707,81.2833990043894
14.6647817460317,1.20412532220451,1.39437980667472,0.40876507428927,81.284122488772
14.664880952381,1.20402499566993,1.39430299885243,0.40856962975884,81.2848458974486
14.6649801587302,1.20392467971174,1.39422618155209,0.408374278552227,81.2855692304344
14.6650793650794,1.20382437432862,1.39414935478181,0.408179020623283,81.2862924877444
14.6651785714286,1.20372407951923,1.39407251854972,0.40798385592586,81.2870156693935
14.6652777777778,1.20362379528224,1.39399567286395,0.407788784413844,81.2877387753968
14.665376984127,1.20352352161632,1.39391881773261,0.407593806041144,81.2884618057694
14.6654761904762,1.20342325852015,1.39384195316381,0.407398920761673,81.2891847605262
14.6655753968254,1.20332300599241,1.39376507916566,0.407204128529382,81.2899076396822
14.6656746031746,1.20322276403176,1.39368819574625,0.407009429298226,81.2906304432526
14.6657738095238,1.20312253263689,1.3936113029137,0.4068148230222,81.2913531712521
14.665873015873,1.20302231180648,1.39353440067608,0.406620309655296,81.292075823696
14.6659722222222,1.2029221015392,1.3934574890415,0.406425889151551,81.292798400599
14.6660714285714,1.20282190183374,1.39338056801804,0.406231561464998,81.2935209019763
14.6661706349206,1.2027217126888,1.39330363761378,0.406037326549714,81.2942433278428
14.6662698412698,1.20262153410304,1.39322669783679,0.405843184359775,81.2949656782134
14.666369047619,1.20252136607516,1.39314974869515,0.405649134849295,81.2956879531032
14.6664682539683,1.20242120860385,1.39307279019692,0.405455177972392,81.2964101525271
14.6665674603175,1.20232106168781,1.39299582235018,0.405261313683224,81.2971322764999
14.6666666666667,1.20222092532571,1.39291884516297,0.405067541935947,81.2978543250368
14.6667658730159,1.20212079951626,1.39284185864336,0.404873862684753,81.2985762981527
14.6668650793651,1.20202068425816,1.3927648627994,0.404680275883856,81.2992981958623
14.6669642857143,1.2019205795501,1.39268785763912,0.404486781487475,81.3000200181808
14.6670634920635,1.20182048539078,1.39261084317058,0.404293379449867,81.300741765123
14.6671626984127,1.20172040177889,1.39253381940181,0.404100069725293,81.3014634367039
14.6672619047619,1.20162032871315,1.39245678634085,0.403906852268051,81.3021850329383
14.6673611111111,1.20152026619226,1.39237974399572,0.403713727032441,81.3029065538412
14.6674603174603,1.20142021421492,1.39230269237445,0.403520693972805,81.3036279994274
14.6675595238095,1.20132017277984,1.39222563148506,0.403327753043481,81.3043493697119
14.6676587301587,1.20122014188574,1.39214856133556,0.403134904198852,81.3050706647095
14.6677579365079,1.2011201215313,1.39207148193397,0.402942147393299,81.3057918844352
14.6678571428571,1.20102011171527,1.3919943932883,0.402749482581242,81.3065130289039
14.6679563492063,1.20092011243633,1.39191729540654,0.402556909717105,81.3072340981303
14.6680555555556,1.20082012369322,1.3918401882967,0.402364428755351,81.3079550921293
14.6681547619048,1.20072014548464,1.39176307196678,0.40217203965044,81.308676010916
14.668253968254,1.20062017780932,1.39168594642475,0.401979742356873,81.309396854505
14.6683531746032,1.20052022066598,1.39160881167861,0.401787536829167,81.3101176229112
14.6684523809524,1.20042027405333,1.39153166773634,0.401595423021846,81.3108383161495
14.6685515873016,1.20032033797011,1.39145451460591,0.401403400889475,81.3115589342348
14.6686507936508,1.20022041241503,1.3913773522953,0.401211470386619,81.3122794771818
14.66875,1.20012049738682,1.39130018081248,0.401019631467881,81.3129999450054
14.6688492063492,1.20002059288421,1.39122300016541,0.400827884087869,81.3137203377204
14.6689484126984,1.19992069890594,1.39114581036206,0.400636228201227,81.3144406553416
14.6690476190476,1.19982081545073,1.39106861141036,0.400444663762601,81.3151608978839
14.6691468253968,1.19972094251731,1.39099140331829,0.400253190726679,81.3158810653621
14.669246031746,1.19962108010443,1.39091418609378,0.400061809048147,81.3166011577909
14.6693452380952,1.19952122821081,1.39083695974478,0.399870518681732,81.3173211751851
14.6694444444444,1.19942138683519,1.39075972427922,0.399679319582163,81.3180411175596
14.6695436507936,1.19932155597632,1.39068247970504,0.399488211704206,81.3187609849291
14.6696428571429,1.19922173563293,1.39060522603017,0.39929719500263,81.3194807773084
14.6697420634921,1.19912192580377,1.39052796326253,0.399106269432239,81.3202004947123
14.6698412698413,1.19902212648758,1.39045069141005,0.398915434947858,81.3209201371556
14.6699404761905,1.19892233768311,1.39037341048064,0.398724691504315,81.3216397046529
14.6700396825397,1.19882255938911,1.39029612048222,0.39853403905648,81.3223591972191
14.6701388888889,1.19872279160432,1.39021882142268,0.398343477559224,81.323078614869
14.6702380952381,1.1986230343275,1.39014151330994,0.398153006967457,81.3237979576171
14.6703373015873,1.19852328755739,1.39006419615189,0.39796262723609,81.3245172254784
14.6704365079365,1.19842355129276,1.38998686995644,0.397772338320075,81.3252364184675
14.6705357142857,1.19832382553235,1.38990953473146,0.397582140174363,81.3259555365992
14.6706349206349,1.19822411027493,1.38983219048484,0.397392032753946,81.3266745798882
14.6707341269841,1.19812440551926,1.38975483722448,0.397202016013817,81.3273935483492
14.6708333333333,1.19802471126409,1.38967747495824,0.397012089909008,81.3281124419969
14.6709325396825,1.19792502750818,1.38960010369399,0.396822254394552,81.328831260846
14.6710317460317,1.19782535425031,1.38952272343962,0.396632509425523,81.3295500049112
14.671130952381,1.19772569148923,1.38944533420298,0.396442854956996,81.3302686742072
14.6712301587302,1.19762603922371,1.38936793599192,0.396253290944078,81.3309872687488
14.6713293650794,1.19752639745252,1.38929052881432,0.396063817341901,81.3317057885505
14.6714285714286,1.19742676617444,1.38921311267801,0.395874434105598,81.3324242336271
14.6715277777778,1.19732714538823,1.38913568759086,0.395685141190345,81.3331426039932
14.671626984127,1.19722753509266,1.38905825356069,0.395495938551319,81.3338608996635
14.6717261904762,1.19712793528652,1.38898081059535,0.395306826143734,81.3345791206527
14.6718253968254,1.19702834596858,1.38890335870267,0.395117803922808,81.3352972669754
14.6719246031746,1.19692876713761,1.38882589789048,0.394928871843798,81.3360153386463
14.6720238095238,1.1968291987924,1.38874842816661,0.394740029861959,81.33673333568
14.672123015873,1.19672964093173,1.38867094953889,0.394551277932592,81.3374512580912
14.6722222222222,1.19663009355438,1.38859346201511,0.394362616010992,81.3381691058944
14.6723214285714,1.19653055665913,1.38851596560311,0.394174044052499,81.3388868791044
14.6724206349206,1.19643103024478,1.38843846031068,0.393985562012451,81.3396045777356
14.6725198412698,1.19633151431011,1.38836094614564,0.393797169846228,81.3403222018029
14.672619047619,1.1962320088539,1.38828342311577,0.393608867509208,81.3410397513207
14.6727182539683,1.19613251387496,1.38820589122888,0.393420654956806,81.3417572263036
14.6728174603175,1.19603302937207,1.38812835049275,0.393232532144458,81.3424746267663
14.6729166666667,1.19593355534403,1.38805080091518,0.393044499027604,81.3431919527234
14.6730158730159,1.19583409178964,1.38797324250395,0.392856555561726,81.3439092041894
14.6731150793651,1.19573463870768,1.38789567526683,0.392668701702303,81.344626381179
14.6732142857143,1.19563519609697,1.38781809921159,0.392480937404859,81.3453434837066
14.6733134920635,1.1955357639563,1.38774051434601,0.392293262624915,81.346060511787
14.6734126984127,1.19543634228447,1.38766292067786,0.392105677318033,81.3467774654345
14.6735119047619,1.19533693108029,1.38758531821488,0.391918181439776,81.3474943446639
14.6736111111111,1.19523753034257,1.38750770696485,0.391730774945748,81.3482111494896
14.6737103174603,1.19513814007011,1.3874300869355,0.391543457791552,81.3489278799263
14.6738095238095,1.19503876026172,1.38735245813459,0.391356229932831,81.3496445359883
14.6739087301587,1.1949393909162,1.38727482056987,0.39116909132523,81.3503611176904
14.6740079365079,1.19484003203239,1.38719717424906,0.390982041924433,81.351077625047
14.6741071428571,1.19474068360908,1.38711951917991,0.390795081686126,81.3517940580726
14.6742063492064,1.19464134564509,1.38704185537014,0.390608210566029,81.3525104167818
14.6743055555556,1.19454201813924,1.38696418282748,0.390421428519882,81.353226701189
14.6744047619048,1.19444270109035,1.38688650155966,0.390234735503432,81.3539429113088
14.674503968254,1.19434339449724,1.38680881157439,0.390048131472465,81.3546590471557
14.6746031746032,1.19424409835873,1.38673111287938,0.389861616382768,81.3553751087443
14.6747023809524,1.19414481267364,1.38665340548234,0.389675190190168,81.3560910960888
14.6748015873016,1.1940455374408,1.38657568939098,0.389488852850492,81.356807009204
14.6749007936508,1.19394627265904,1.38649796461299,0.38930260431961,81.3575228481042
14.675,1.19384701832718,1.38642023115608,0.389116444553387,81.3582386128039
14.6750992063492,1.19374777444405,1.38634248902793,0.388930373507735,81.3589543033176
14.6751984126984,1.19364854100849,1.38626473823623,0.38874439113856,81.3596699196598
14.6752976190476,1.19354931801933,1.38618697878866,0.388558497401814,81.3603854618449
14.6753968253968,1.1934501054754,1.3861092106929,0.388372692253446,81.3611009298873
14.675496031746,1.19335090337554,1.38603143395663,0.388186975649445,81.3618163238016
14.6755952380952,1.19325171171859,1.38595364858751,0.388001347545803,81.3625316436021
14.6756944444444,1.19315253050338,1.38587585459322,0.387815807898545,81.3632468893033
14.6757936507937,1.19305335972877,1.3857980519814,0.387630356663717,81.3639620609197
14.6758928571429,1.19295419939358,1.38572024075972,0.387444993797371,81.3646771584656
14.6759920634921,1.19285504949667,1.38564242093584,0.3872597192556,81.3653921819554
14.6760912698413,1.19275591003688,1.38556459251739,0.387074532994494,81.3661071314036
14.6761904761905,1.19265678101307,1.38548675551202,0.386889434970189,81.3668220068246
14.6762896825397,1.19255766242407,1.38540890992738,0.386704425138815,81.3675368082329
14.6763888888889,1.19245855426874,1.38533105577109,0.386519503456547,81.3682515356427
14.6764880952381,1.19235945654593,1.38525319305079,0.386334669879558,81.3689661890684
14.6765873015873,1.1922603692545,1.3851753217741,0.386149924364064,81.3696807685246
14.6766865079365,1.1921612923933,1.38509744194865,0.385965266866277,81.3703952740255
14.6767857142857,1.1920622259612,1.38501955358205,0.385780697342454,81.3711097055855
14.6768849206349,1.19196316995704,1.38494165668192,0.385596215748849,81.371824063219
14.6769841269841,1.19186412437969,1.38486375125586,0.385411822041759,81.3725383469403
14.6770833333333,1.19176508922801,1.38478583731149,0.385227516177478,81.3732525567639
14.6771825396825,1.19166606450086,1.38470791485639,0.38504329811234,81.373966692704
14.6772817460317,1.19156705019712,1.38462998389817,0.384859167802695,81.374680754775
14.677380952381,1.19146804631564,1.38455204444442,0.384675125204901,81.3753947429912
14.6774801587302,1.19136905285531,1.38447409650273,0.384491170275355,81.3761086573671
14.6775793650794,1.19127006981497,1.38439614008068,0.384307302970454,81.3768224979168
14.6776785714286,1.19117109719352,1.38431817518584,0.384123523246639,81.3775362646548
14.6777777777778,1.19107213498982,1.3842402018258,0.383939831060346,81.3782499575953
14.677876984127,1.19097318320274,1.38416222000812,0.383756226368054,81.3789635767527
14.6779761904762,1.19087424183117,1.38408422974037,0.383572709126245,81.3796771221413
14.6780753968254,1.19077531087399,1.38400623103011,0.383389279291436,81.3803905937753
14.6781746031746,1.19067639033006,1.38392822388489,0.383205936820149,81.3811039916692
14.6782738095238,1.19057748019828,1.38385020831228,0.383022681668943,81.381817315837
14.678373015873,1.19047858047753,1.38377218431981,0.38283951379438,81.3825305662932
14.6784722222222,1.19037969116669,1.38369415191503,0.38265643315306,81.383243743052
14.6785714285714,1.19028081226155,1.38361611110652,0.382473439702514,81.3839568461288
14.6786706349206,1.19018194367802,1.38353806192944,0.382290533425196,81.3846698755649
14.6787698412698,1.19008308537731,1.38346000440333,0.382107714292359,81.3853828313863
14.678869047619,1.18998423735743,1.38338193853533,0.381924982264562,81.3860957136066
14.6789682539683,1.18988539961642,1.3833038643326,0.381742337302399,81.3868085222397
14.6790674603175,1.18978657215232,1.38322578180227,0.381559779366454,81.3875212572991
14.6791666666667,1.18968775496316,1.38314769095148,0.381377308417346,81.3882339187985
14.6792658730159,1.18958894804698,1.38306959178736,0.381194924415684,81.3889465067518
14.6793650793651,1.18949015140181,1.38299148431705,0.381012627322112,81.3896590211724
14.6794642857143,1.18939136502569,1.38291336854767,0.380830417097266,81.3903714620742
14.6795634920635,1.18929258891666,1.38283524448636,0.380648293701812,81.3910838294708
14.6796626984127,1.18919382307276,1.38275711214024,0.380466257096413,81.3917961233758
14.6797619047619,1.18909506749203,1.38267897151643,0.380284307241761,81.3925083438029
14.6798611111111,1.1889963221725,1.38260082262205,0.380102444098542,81.3932204907659
14.6799603174603,1.18889758711222,1.38252266546422,0.379920667627474,81.3939325642782
14.6800595238095,1.18879886230922,1.38244450005005,0.37973897778927,81.3946445643538
14.6801587301587,1.18870014776156,1.38236632638666,0.379557374544666,81.3953564910061
14.6802579365079,1.18860144346728,1.38228814448115,0.379375857854414,81.3960683442487
14.6803571428571,1.1885027494244,1.38220995434064,0.379194427679263,81.3967801240955
14.6804563492063,1.188404065631,1.38213175597222,0.379013083979995,81.39749183056
14.6805555555556,1.18830539208509,1.38205354938301,0.378831826717383,81.3982034636558
14.6806547619048,1.18820672878475,1.38197533458009,0.378650655852233,81.3989150233967
14.680753968254,1.18810807572799,1.38189711157057,0.378469571345345,81.3996265097961
14.6808531746032,1.18800943291289,1.38181888036154,0.378288573157549,81.4003379228678
14.6809523809524,1.18791080033748,1.38174064096009,0.378107661249672,81.4010492626254
14.6810515873016,1.18781217799981,1.38166239337332,0.377926835582568,81.4017605290825
14.6811507936508,1.18771356589793,1.3815841376083,0.377746096117088,81.4024717222528
14.68125,1.1876149640299,1.38150587367213,0.377565442814113,81.4031828421497
14.6813492063492,1.18751637239375,1.38142760157188,0.377384875634518,81.4038938887871
14.6814484126984,1.18741779098756,1.38134932131463,0.37720439453921,81.4046048621784
14.6815476190476,1.18731921980935,1.38127103290747,0.377023999489089,81.4053157623373
14.6816468253968,1.18722065885719,1.38119273635746,0.376843690445081,81.4060265892774
14.681746031746,1.18712210812914,1.38111443167168,0.376663467368126,81.4067373430122
14.6818452380952,1.18702356762325,1.38103611885719,0.376483330219163,81.4074480235555
14.6819444444444,1.18692503733756,1.38095779792107,0.37630327895916,81.4081586309207
14.6820436507937,1.18682651727014,1.38087946887038,0.376123313549081,81.4088691651214
14.6821428571429,1.18672800741905,1.38080113171217,0.37594343394992,81.4095796261713
14.6822420634921,1.18662950778234,1.38072278645351,0.375763640122666,81.4102900140839
14.6823412698413,1.18653101835806,1.38064443310145,0.375583932028337,81.4110003288729
14.6824404761905,1.18643253914428,1.38056607166305,0.375404309627948,81.4117105705517
14.6825396825397,1.18633407013907,1.38048770214536,0.375224772882544,81.4124207391339
14.6826388888889,1.18623561134046,1.38040932455543,0.375045321753162,81.4131308346332
14.6827380952381,1.18613716274653,1.3803309389003,0.374865956200873,81.4138408570631
14.6828373015873,1.18603872435534,1.38025254518702,0.37468667618674,81.4145508064371
14.6829365079365,1.18594029616496,1.38017414342263,0.37450748167186,81.4152606827689
14.6830357142857,1.18584187817343,1.38009573361416,0.37432837261732,81.4159704860719
14.6831349206349,1.18574347037883,1.38001731576866,0.374149348984235,81.4166802163597
14.6832341269841,1.18564507277923,1.37993888989316,0.373970410733736,81.4173898736458
14.6833333333333,1.18554668537268,1.37986045599468,0.373791557826947,81.4180994579439
14.6834325396825,1.18544830815725,1.37978201408027,0.373612790225026,81.4188089692675
14.6835317460317,1.18534994113101,1.37970356415693,0.373434107889127,81.41951840763
14.683630952381,1.18525158429203,1.3796251062317,0.373255510780431,81.420227773045
14.6837301587302,1.18515323763837,1.3795466403116,0.373076998860116,81.4209370655261
14.6838293650794,1.1850549011681,1.37946816640365,0.37289857208939,81.4216462850868
14.6839285714286,1.18495657487929,1.37938968451485,0.372720230429455,81.4223554317405
14.6840277777778,1.18485825877002,1.37931119465224,0.372541973841544,81.4230645055009
14.684126984127,1.18475995283834,1.3792326968228,0.372363802286886,81.4237735063814
14.6842261904762,1.18466165708234,1.37915419103356,0.372185715726737,81.4244824343956
14.6843253968254,1.18456337150008,1.37907567729152,0.372007714122351,81.4251912895569
14.6844246031746,1.18446509608965,1.37899715560369,0.371829797435012,81.4259000718789
14.6845238095238,1.1843668308491,1.37891862597705,0.371651965625997,81.4266087813751
14.684623015873,1.18426857577652,1.37884008841862,0.371474218656609,81.427317418059
14.6847222222222,1.18417033086998,1.37876154293538,0.371296556488167,81.428025981944
14.6848214285714,1.18407209612756,1.37868298953434,0.371118979081985,81.4287344730437
14.6849206349206,1.18397387154733,1.37860442822247,0.37094148639941,81.4294428913715
14.6850198412698,1.18387565712737,1.37852585900677,0.370764078401782,81.430151236941
14.685119047619,1.18377745286576,1.37844728189423,0.370586755050474,81.4308595097655
14.6852182539683,1.18367925876058,1.37836869689182,0.37040951630685,81.4315677098587
14.6853174603175,1.1835810748099,1.37829010400653,0.370232362132307,81.432275837234
14.6854166666667,1.1834829010118,1.37821150324534,0.370055292488237,81.4329838919048
14.6855158730159,1.18338473736438,1.37813289461521,0.369878307336062,81.4336918738846
14.6856150793651,1.1832865838657,1.37805427812313,0.369701406637196,81.4343997831869
14.6857142857143,1.18318844051385,1.37797565377606,0.369524590353088,81.4351076198251
14.6858134920635,1.18309030730691,1.37789702158097,0.369347858445179,81.4358153838127
14.6859126984127,1.18299218424297,1.37781838154482,0.369171210874941,81.4365230751632
14.6860119047619,1.18289407132011,1.37773973367459,0.36899464760384,81.43723069389
14.6861111111111,1.18279596853642,1.37766107797722,0.368818168593368,81.4379382400065
14.6862103174603,1.18269787588997,1.37758241445967,0.368641773805033,81.4386457135262
14.6863095238095,1.18259979337887,1.37750374312891,0.368465463200336,81.4393531144626
14.6864087301587,1.18250172100119,1.37742506399188,0.368289236740815,81.440060442829
14.6865079365079,1.18240365875502,1.37734637705553,0.368113094387997,81.440767698639
14.6866071428571,1.18230560663845,1.37726768232682,0.367937036103443,81.4414748819059
14.6867063492064,1.18220756464957,1.37718897981267,0.367761061848707,81.4421819926431
14.6868055555556,1.18210953278647,1.37711026952005,0.367585171585375,81.4428890308642
14.6869047619048,1.18201151104725,1.37703155145588,0.367409365275027,81.4435959965824
14.687003968254,1.18191349942998,1.3769528256271,0.367233642879273,81.4443028898113
14.6871031746032,1.18181549793277,1.37687409204066,0.367058004359717,81.4450097105642
14.6872023809524,1.18171750655371,1.37679535070347,0.366882449677996,81.4457164588546
14.6873015873016,1.18161952529088,1.37671660162247,0.366706978795739,81.4464231346959
14.6874007936508,1.1815215541424,1.3766378448046,0.366531591674607,81.4471297381014
14.6875,1.18142359310634,1.37655908025676,0.366356288276255,81.4478362690845
14.6875992063492,1.1813256421808,1.37648030798589,0.366181068562364,81.4485427276587
14.6876984126984,1.18122770136389,1.3764015279989,0.36600593249463,81.4492491138374
14.6877976190476,1.1811297706537,1.3763227403027,0.365830880034743,81.4499554276339
14.6878968253968,1.18103185004833,1.37624394490423,0.365655911144429,81.4506616690616
14.687996031746,1.18093393954586,1.37616514181038,0.365481025785404,81.4513678381339
14.6880952380952,1.18083603914442,1.37608633102807,0.365306223919418,81.4520739348642
14.6881944444444,1.18073814884209,1.37600751256419,0.365131505508214,81.4527799592659
14.6882936507936,1.18064026863697,1.37592868642567,0.364956870513566,81.4534859113523
14.6883928571429,1.18054239852717,1.37584985261939,0.364782318897242,81.4541917911368
14.6884920634921,1.18044453851079,1.37577101115226,0.364607850621041,81.4548975986328
14.6885912698413,1.18034668858593,1.37569216203117,0.364433465646757,81.4556033338536
14.6886904761905,1.1802488487507,1.37561330526302,0.364259163936214,81.4563089968125
14.6887896825397,1.18015101900319,1.3755344408547,0.36408494545123,81.4570145875231
14.6888888888889,1.18005319934152,1.3754555688131,0.363910810153656,81.4577201059985
14.6889880952381,1.17995538976378,1.3753766891451,0.363736758005334,81.4584255522521
14.6890873015873,1.17985759026809,1.37529780185759,0.363562788968135,81.4591309262974
14.6891865079365,1.17975980085256,1.37521890695745,0.363388903003941,81.4598362281475
14.6892857142857,1.17966202151529,1.37514000445155,0.363215100074634,81.4605414578159
14.6893849206349,1.17956425225438,1.37506109434679,0.363041380142126,81.4612466153159
14.6894841269841,1.17946649306796,1.37498217665002,0.362867743168324,81.4619517006609
14.6895833333333,1.17936874395412,1.37490325136812,0.362694189115166,81.462656713864
14.6896825396825,1.17927100491098,1.37482431850796,0.362520717944582,81.4633616549388
14.6897817460317,1.17917327593666,1.37474537807641,0.362347329618536,81.4640665238985
14.689880952381,1.17907555702925,1.37466643008032,0.362174024098984,81.4647713207564
14.6899801587302,1.17897784818688,1.37458747452656,0.362000801347915,81.4654760455257
14.6900793650794,1.17888014940766,1.37450851142199,0.36182766132731,81.46618069822
14.6901785714286,1.17878246068971,1.37442954077346,0.361654603999183,81.4668852788523
14.6902777777778,1.17868478203113,1.37435056258783,0.36148162932554,81.4675897874362
14.690376984127,1.17858711343004,1.37427157687195,0.361308737268419,81.4682942239847
14.6904761904762,1.17848945488457,1.37419258363266,0.361135927789854,81.4689985885114
14.6905753968254,1.17839180639282,1.37411358287682,0.360963200851902,81.4697028810293
14.6906746031746,1.17829416795291,1.37403457461126,0.360790556416636,81.4704071015519
14.6907738095238,1.17819653956297,1.37395555884283,0.360617994446124,81.4711112500923
14.690873015873,1.17809892122112,1.37387653557836,0.360445514902469,81.471815326664
14.6909722222222,1.17800131292546,1.3737975048247,0.360273117747764,81.4725193312801
14.6910714285714,1.17790371467413,1.37371846658866,0.360100802944138,81.473223263954
14.6911706349206,1.17780612646524,1.37363942087709,0.359928570453709,81.4739271246989
14.6912698412698,1.17770854829692,1.37356036769681,0.359756420238629,81.474630913528
14.691369047619,1.17761098016729,1.37348130705465,0.359584352261044,81.4753346304548
14.6914682539683,1.17751342207447,1.37340223895743,0.35941236648313,81.4760382754923
14.6915674603175,1.17741587401658,1.37332316341197,0.359240462867057,81.4767418486539
14.6916666666667,1.17731833599177,1.37324408042509,0.359068641375028,81.4774453499528
14.6917658730159,1.17722080799813,1.3731649900036,0.358896901969239,81.4781487794023
14.6918650793651,1.17712329003381,1.37308589215432,0.358725244611915,81.4788521370156
14.6919642857143,1.17702578209694,1.37300678688406,0.358553669265279,81.479555422806
14.6920634920635,1.17692828418562,1.37292767419962,0.358382175891577,81.4802586367867
14.6921626984127,1.17683079629801,1.37284855410781,0.358210764453069,81.4809617789709
14.6922619047619,1.17673331843223,1.37276942661544,0.358039434912014,81.4816648493719
14.6923611111111,1.1766358505864,1.3726902917293,0.357868187230702,81.482367848003
14.6924603174603,1.17653839275866,1.37261114945619,0.357697021371416,81.4830707748772
14.6925595238095,1.17644094494713,1.3725319998029,0.357525937296472,81.4837736300079
14.6926587301587,1.17634350714996,1.37245284277623,0.357354934968178,81.4844764134083
14.6927579365079,1.17624607936527,1.37237367838298,0.357184014348874,81.4851791250916
14.6928571428571,1.17614866159119,1.37229450662991,0.357013175400895,81.485881765071
14.6929563492063,1.17605125382587,1.37221532752383,0.356842418086605,81.4865843333597
14.6930555555556,1.17595385606743,1.37213614107151,0.356671742368365,81.4872868299709
14.6931547619048,1.17585646831402,1.37205694727973,0.356501148208563,81.4879892549179
14.693253968254,1.17575909056376,1.37197774615528,0.356330635569586,81.4886916082138
14.6933531746032,1.17566172281479,1.37189853770492,0.356160204413847,81.4893938898718
14.6934523809524,1.17556436506526,1.37181932193542,0.355989854703757,81.4900960999051
14.6935515873016,1.1754670173133,1.37174009885356,0.355819586401752,81.4907982383269
14.6936507936508,1.17536967955705,1.37166086846611,0.355649399470281,81.4915003051504
14.69375,1.17527235179465,1.37158163077982,0.35547929387179,81.4922023003888
14.6938492063492,1.17517503402424,1.37150238580147,0.355309269568758,81.4929042240553
14.6939484126984,1.17507772624396,1.37142313353781,0.355139326523657,81.4936060761629
14.6940476190476,1.17498042845195,1.37134387399559,0.354969464698991,81.494307856725
14.6941468253968,1.17488314064637,1.37126460718158,0.354799684057258,81.4950095657546
14.694246031746,1.17478586282534,1.37118533310252,0.354629984560986,81.4957112032649
14.6943452380952,1.17468859498702,1.37110605176516,0.354460366172699,81.4964127692692
14.6944444444444,1.17459133712954,1.37102676317625,0.354290828854949,81.4971142637804
14.6945436507937,1.17449408925106,1.37094746734253,0.354121372570285,81.4978156868119
14.6946428571429,1.17439685134973,1.37086816427076,0.353951997281285,81.4985170383768
14.6947420634921,1.17429962342368,1.37078885396765,0.353782702950524,81.4992183184881
14.6948412698413,1.17420240547106,1.37070953643996,0.353613489540604,81.4999195271591
14.6949404761905,1.17410519749003,1.37063021169442,0.353444357014125,81.5006206644029
14.6950396825397,1.17400799947874,1.37055087973775,0.35327530533371,81.5013217302326
14.6951388888889,1.17391081143533,1.37047154057669,0.353106334461998,81.5020227246613
14.6952380952381,1.17381363335795,1.37039219421797,0.352937444361623,81.5027236477023
14.6953373015873,1.17371646524476,1.3703128406683,0.352768634995254,81.5034244993685
14.6954365079365,1.1736193070939,1.37023347993441,0.35259990632555,81.5041252796732
14.6955357142857,1.17352215890354,1.37015411202302,0.352431258315205,81.5048259886295
14.6956349206349,1.17342502067181,1.37007473694084,0.352262690926905,81.5055266262504
14.6957341269841,1.17332789239689,1.36999535469459,0.352094204123367,81.5062271925491
14.6958333333333,1.17323077407692,1.36991596529098,0.351925797867301,81.5069276875387
14.6959325396825,1.17313366571006,1.36983656873672,0.351757472121452,81.5076281112323
14.6960317460317,1.17303656729446,1.36975716503851,0.351589226848555,81.508328463643
14.696130952381,1.17293947882829,1.36967775420306,0.351421062011378,81.5090287447839
14.6962301587302,1.17284240030969,1.36959833623707,0.351252977572682,81.5097289546681
14.6963293650794,1.17274533173683,1.36951891114724,0.351084973495261,81.5104290933087
14.6964285714286,1.17264827310787,1.36943947894027,0.350917049741902,81.5111291607188
14.6965277777778,1.17255122442096,1.36936003962284,0.350749206275417,81.5118291569115
14.696626984127,1.17245418567428,1.36928059320165,0.350581443058632,81.5125290818998
14.6967261904762,1.17235715686597,1.36920113968338,0.350413760054373,81.5132289356968
14.6968253968254,1.1722601379942,1.36912167907473,0.350246157225494,81.5139287183156
14.6969246031746,1.17216312905714,1.36904221138238,0.350078634534846,81.5146284297694
14.6970238095238,1.17206613005294,1.36896273661301,0.34991119194531,81.515328070071
14.697123015873,1.17196914097977,1.36888325477328,0.349743829419759,81.5160276392336
14.6972222222222,1.17187216183581,1.3688037658699,0.349576546921101,81.5167271372704
14.6973214285714,1.1717751926192,1.36872426990951,0.349409344412235,81.5174265641942
14.6974206349206,1.17167823332812,1.36864476689881,0.349242221856093,81.5181259200182
14.6975198412698,1.17158128396073,1.36856525684444,0.349075179215599,81.5188252047555
14.697619047619,1.17148434451521,1.36848573975309,0.34890821645371,81.519524418419
14.6977182539683,1.17138741498972,1.36840621563141,0.348741333533376,81.5202235610218
14.6978174603175,1.17129049538243,1.36832668448606,0.348574530417579,81.520922632577
14.6979166666667,1.17119358569151,1.3682471463237,0.348407807069295,81.5216216330977
14.6980158730159,1.17109668591512,1.36816760115099,0.348241163451524,81.5223205625967
14.6981150793651,1.17099979605146,1.36808804897459,0.348074599527282,81.5230194210872
14.6982142857143,1.17090291609867,1.36800848980112,0.347908115259582,81.5237182085822
14.6983134920635,1.17080604605495,1.36792892363726,0.347741710611469,81.5244169250947
14.6984126984127,1.17070918591845,1.36784935048965,0.34757538554598,81.5251155706377
14.6985119047619,1.17061233568736,1.36776977036491,0.347409140026185,81.5258141452243
14.6986111111111,1.17051549535984,1.36769018326971,0.347242974015147,81.5265126488675
14.6987103174603,1.17041866493409,1.36761058921067,0.347076887475962,81.5272110815802
14.6988095238095,1.17032184440826,1.36753098819443,0.346910880371718,81.5279094433755
14.6989087301587,1.17022503378054,1.36745138022762,0.346744952665535,81.5286077342663
14.6990079365079,1.1701282330491,1.36737176531687,0.346579104320527,81.5293059542658
14.6991071428571,1.17003144221214,1.36729214346881,0.346413335299838,81.5300041033868
14.6992063492063,1.16993466126781,1.36721251469007,0.346247645566607,81.5307021816424
14.6993055555556,1.16983789021431,1.36713287898727,0.346082035084005,81.5314001890456
14.6994047619048,1.16974112904981,1.36705323636702,0.345916503815196,81.5320981256092
14.699503968254,1.16964437777249,1.36697358683595,0.345751051723371,81.5327959913465
14.6996031746032,1.16954763638055,1.36689393040066,0.345585678771732,81.5334937862702
14.6997023809524,1.16945090487215,1.36681426706778,0.345420384923481,81.5341915103934
14.6998015873016,1.16935418324549,1.36673459684392,0.345255170141852,81.534889163729
14.6999007936508,1.16925747149874,1.36665491973567,0.345090034390071,81.53558674629
14.7,1.1691607696301,1.36657523574964,0.344924977631397,81.5362842580894
14.7000992063492,1.16906407763774,1.36649554489244,0.344759999829082,81.5369816991402
14.7001984126984,1.16896739551986,1.36641584717067,0.344595100946409,81.5376790694553
14.7002976190476,1.16887072327464,1.36633614259092,0.344430280946655,81.5383763690476
14.7003968253968,1.16877406090027,1.36625643115979,0.344265539793129,81.5390735979301
14.700496031746,1.16867740839493,1.36617671288387,0.344100877449133,81.5397707561158
14.7005952380952,1.16858076575682,1.36609698776974,0.343936293878001,81.5404678436175
14.7006944444444,1.16848413298413,1.36601725582401,0.343771789043061,81.5411648604483
14.7007936507936,1.16838751007504,1.36593751705324,0.343607362907671,81.5418618066211
14.7008928571429,1.16829089702776,1.36585777146403,0.343443015435185,81.5425586821488
14.7009920634921,1.16819429384046,1.36577801906295,0.34327874658898,81.5432554870443
14.7010912698413,1.16809770051134,1.36569825985657,0.34311455633245,81.5439522213205
14.7011904761905,1.1680011170386,1.36561849385148,0.342950444628984,81.5446488849905
14.7012896825397,1.16790454342044,1.36553872105425,0.342786411442005,81.545345478067
14.7013888888889,1.16780797965503,1.36545894147144,0.342622456734928,81.5460420005631
14.7014880952381,1.16771142574059,1.36537915510962,0.3424585804712,81.5467384524916
14.7015873015873,1.16761488167531,1.36529936197536,0.342294782614261,81.5474348338655
14.7016865079365,1.16751834745738,1.36521956207521,0.342131063127584,81.5481311446976
14.7017857142857,1.167421823085,1.36513975541574,0.341967421974634,81.5488273850008
14.7018849206349,1.16732530855637,1.3650599420035,0.341803859118909,81.5495235547881
14.7019841269841,1.16722880386969,1.36498012184505,0.3416403745239,81.5502196540724
14.7020833333333,1.16713230902316,1.36490029494693,0.341476968153128,81.5509156828664
14.7021825396825,1.16703582401497,1.3648204613157,0.341313639970111,81.5516116411833
14.7022817460317,1.16693934884334,1.36474062095791,0.341150389938396,81.5523075290357
14.702380952381,1.16684288350646,1.36466077388009,0.340987218021524,81.5530033464366
14.7024801587302,1.16674642800254,1.36458092008878,0.340824124183063,81.5536990933989
14.7025793650794,1.16664998232978,1.36450105959054,0.340661108386593,81.5543947699354
14.7026785714286,1.16655354648637,1.36442119239189,0.340498170595694,81.5550903760591
14.7027777777778,1.16645712047054,1.36434131849937,0.340335310773976,81.5557859117827
14.702876984127,1.16636070428048,1.3642614379195,0.340172528885043,81.5564813771192
14.7029761904762,1.1662642979144,1.36418155065882,0.340009824892531,81.5571767720813
14.7030753968254,1.16616790137051,1.36410165672386,0.339847198760069,81.5578720966821
14.7031746031746,1.16607151464701,1.36402175612113,0.339684650451317,81.5585673509343
14.7032738095238,1.16597513774211,1.36394184885716,0.339522179929932,81.5592625348507
14.703373015873,1.16587877065403,1.36386193493846,0.339359787159597,81.5599576484443
14.7034722222222,1.16578241338097,1.36378201437156,0.339197472103993,81.5606526917278
14.7035714285714,1.16568606592114,1.36370208716296,0.339035234726831,81.5613476647141
14.7036706349206,1.16558972827275,1.36362215331917,0.338873074991816,81.5620425674161
14.7037698412698,1.16549340043402,1.36354221284672,0.338710992862683,81.5627373998466
14.703869047619,1.16539708240316,1.36346226575209,0.338548988303163,81.5634321620183
14.7039682539683,1.16530077417837,1.36338231204179,0.338387061277013,81.5641268539442
14.7040674603175,1.16520447575789,1.36330235172233,0.338225211748001,81.564821475637
14.7041666666667,1.16510818713991,1.3632223848002,0.338063439679896,81.5655160271097
14.7042658730159,1.16501190832266,1.3631424112819,0.337901745036496,81.5662105083748
14.7043650793651,1.16491563930436,1.36306243117392,0.337740127781594,81.5669049194454
14.7044642857143,1.16481938008321,1.36298244448275,0.337578587879014,81.5675992603342
14.7045634920635,1.16472313065744,1.36290245121488,0.337417125292575,81.5682935310541
14.7046626984127,1.16462689102526,1.3628224513768,0.337255739986126,81.5689877316177
14.7047619047619,1.1645306611849,1.36274244497499,0.337094431923509,81.569681862038
14.7048611111111,1.16443444113457,1.36266243201592,0.3369332010686,81.5703759223276
14.7049603174603,1.1643382308725,1.36258241250608,0.336772047385266,81.5710699124995
14.7050595238095,1.16424203039691,1.36250238645194,0.336610970837408,81.5717638325664
14.7051587301587,1.16414583970601,1.36242235385998,0.336449971388919,81.572457682541
14.7052579365079,1.16404965879803,1.36234231473666,0.336289049003723,81.5731514624362
14.7053571428571,1.16395348767119,1.36226226908845,0.33612820364574,81.5738451722648
14.7054563492064,1.16385732632373,1.36218221692182,0.335967435278914,81.5745388120394
14.7055555555556,1.16376117475386,1.36210215824324,0.335806743867203,81.575232381773
14.7056547619048,1.1636650329598,1.36202209305915,0.335646129374564,81.5759258814782
14.705753968254,1.16356890093979,1.36194202137602,0.335485591764984,81.5766193111678
14.7058531746032,1.16347277869205,1.3618619432003,0.335325131002446,81.5773126708546
14.7059523809524,1.16337666621481,1.36178185853845,0.33516474705096,81.5780059605513
14.7060515873016,1.1632805635063,1.36170176739692,0.335004439874536,81.5786991802707
14.7061507936508,1.16318447056475,1.36162166978215,0.334844209437209,81.5793923300255
14.70625,1.16308838738838,1.36154156570058,0.334684055703013,81.5800854098286
14.7063492063492,1.16299231397543,1.36146145515867,0.33452397863601,81.5807784196925
14.7064484126984,1.16289625032413,1.36138133816284,0.334363978200258,81.5814713596301
14.7065476190476,1.16280019643271,1.36130121471955,0.334204054359844,81.5821642296542
14.7066468253968,1.1627041522994,1.36122108483521,0.334044207078851,81.5828570297773
14.706746031746,1.16260811792243,1.36114094851627,0.333884436321391,81.5835497600124
14.7068452380952,1.16251209330005,1.36106080576916,0.333724742051574,81.584242420372
14.7069444444444,1.16241607843048,1.36098065660029,0.333565124233531,81.584935010869
14.7070436507937,1.16232007331197,1.3609005010161,0.33340558283141,81.585627531516
14.7071428571429,1.16222407794274,1.36082033902301,0.333246117809356,81.5863199823257
14.7072420634921,1.16212809232103,1.36074017062744,0.333086729131545,81.5870123633109
14.7073412698413,1.16203211644509,1.36065999583579,0.332927416762148,81.5877046744843
14.7074404761905,1.16193615031314,1.3605798146545,0.332768180665365,81.5883969158586
14.7075396825397,1.16184019392344,1.36049962708997,0.332609020805393,81.5890890874464
14.7076388888889,1.16174424727421,1.36041943314861,0.332449937146456,81.5897811892605
14.7077380952381,1.16164831036371,1.36033923283683,0.332290929652778,81.5904732213136
14.7078373015873,1.16155238319016,1.36025902616102,0.332131998288608,81.5911651836184
14.7079365079365,1.16145646575182,1.3601788131276,0.331973143018192,81.5918570761876
14.7080357142857,1.16136055804692,1.36009859374296,0.331814363805808,81.5925488990337
14.7081349206349,1.16126466007371,1.3600183680135,0.331655660615727,81.5932406521696
14.7082341269841,1.16116877183043,1.35993813594562,0.331497033412249,81.5939323356079
14.7083333333333,1.16107289331533,1.35985789754569,0.331338482159673,81.5946239493613
14.7084325396825,1.16097702452665,1.35977765282012,0.331180006822319,81.5953154934424
14.7085317460317,1.16088116546264,1.35969740177529,0.331021607364522,81.5960069678639
14.708630952381,1.16078531612155,1.35961714441759,0.330863283750618,81.5966983726386
14.7087301587302,1.16068947650162,1.35953688075339,0.33070503594497,81.5973897077789
14.7088293650794,1.1605936466011,1.35945661078907,0.330546863911937,81.5980809732977
14.7089285714286,1.16049782641825,1.35937633453102,0.33038876761591,81.5987721692075
14.7090277777778,1.16040201595131,1.3592960519856,0.330230747021272,81.599463295521
14.709126984127,1.16030621519852,1.35921576315918,0.330072802092439,81.6001543522508
14.7092261904762,1.16021042415815,1.35913546805814,0.329914932793821,81.6008453394097
14.7093253968254,1.16011464282845,1.35905516668885,0.329757139089856,81.6015362570101
14.7094246031746,1.16001887120766,1.35897485905765,0.32959942094498,81.6022271050649
14.7095238095238,1.15992310929404,1.35889454517092,0.329441778323658,81.6029178835865
14.709623015873,1.15982735708585,1.35881422503502,0.329284211190349,81.6036085925877
14.7097222222222,1.15973161458133,1.35873389865629,0.329126719509545,81.604299232081
14.7098214285714,1.15963588177875,1.3586535660411,0.32896930324573,81.6049898020791
14.7099206349206,1.15954015867636,1.3585732271958,0.328811962363415,81.6056803025946
14.7100198412698,1.15944444527242,1.35849288212672,0.328654696827123,81.6063707336401
14.710119047619,1.15934874156519,1.35841253084023,0.328497506601378,81.6070610952283
14.7102182539683,1.15925304755292,1.35833217334266,0.328340391650733,81.6077513873717
14.7103174603175,1.15915736323387,1.35825180964035,0.328183351939735,81.6084416100829
14.7104166666667,1.15906168860631,1.35817143973965,0.328026387432962,81.6091317633746
14.7105158730159,1.15896602366848,1.35809106364688,0.327869498094989,81.6098218472593
14.7106150793651,1.15887036841867,1.35801068136839,0.327712683890417,81.6105118617496
14.7107142857143,1.15877472285512,1.35793029291049,0.327555944783847,81.6112018068582
14.7108134920635,1.1586790869761,1.35784989827953,0.327399280739905,81.6118916825976
14.7109126984127,1.15858346077987,1.35776949748182,0.327242691723216,81.6125814889804
14.7110119047619,1.15848784426469,1.35768909052369,0.327086177698433,81.6132712260192
14.7111111111111,1.15839223742884,1.35760867741145,0.326929738630205,81.6139608937266
14.7112103174603,1.15829664027058,1.35752825815144,0.326773374483211,81.614650492115
14.7113095238095,1.15820105278817,1.35744783274996,0.326617085222124,81.6153400211972
14.7114087301587,1.15810547497987,1.35736740121332,0.326460870811644,81.6160294809857
14.7115079365079,1.15800990684397,1.35728696354784,0.326304731216484,81.616718871493
14.7116071428571,1.15791434837872,1.35720651975982,0.326148666401354,81.6174081927317
14.7117063492063,1.1578187995824,1.35712606985557,0.325992676330996,81.6180974447143
14.7118055555556,1.15772326045327,1.35704561384139,0.325836760970148,81.6187866274535
14.7119047619048,1.15762773098961,1.35696515172359,0.325680920283575,81.6194757409617
14.712003968254,1.15753221118968,1.35688468350845,0.32552515423604,81.6201647852516
14.7121031746032,1.15743670105176,1.35680420920228,0.325369462792335,81.6208537603355
14.7122023809524,1.15734120057412,1.35672372881137,0.325213845917247,81.6215426662262
14.7123015873016,1.15724570975504,1.35664324234201,0.325058303575592,81.6222315029361
14.7124007936508,1.15715022859278,1.35656274980047,0.324902835732183,81.6229202704778
14.7125,1.15705475708563,1.35648225119307,0.324747442351863,81.6236089688637
14.7125992063492,1.15695929523185,1.35640174652606,0.324592123399468,81.6242975981065
14.7126984126984,1.15686384302973,1.35632123580573,0.324436878839867,81.6249861582186
14.7127976190476,1.15676840047754,1.35624071903837,0.32428170863792,81.6256746492125
14.7128968253968,1.15667296757356,1.35616019623024,0.324126612758518,81.6263630711009
14.712996031746,1.15657754431607,1.35607966738762,0.32397159116656,81.6270514238961
14.7130952380952,1.15648213070334,1.35599913251677,0.323816643826947,81.6277397076107
14.7131944444444,1.15638672673367,1.35591859162397,0.323661770704608,81.6284279222572
14.7132936507937,1.15629133240531,1.35583804471548,0.32350697176447,81.6291160678481
14.7133928571429,1.15619594771657,1.35575749179756,0.323352246971488,81.6298041443959
14.7134920634921,1.15610057266571,1.35567693287647,0.323197596290612,81.6304921519131
14.7135912698413,1.15600520725103,1.35559636795847,0.323043019686823,81.6311800904122
14.7136904761905,1.1559098514708,1.35551579704981,0.322888517125096,81.6318679599057
14.7137896825397,1.15581450532332,1.35543522015674,0.322734088570438,81.632555760406
14.7138888888889,1.15571916880686,1.35535463728552,0.322579733987849,81.6332434919257
14.7139880952381,1.15562384191971,1.35527404844239,0.32242545334236,81.6339311544772
14.7140873015873,1.15552852466015,1.3551934536336,0.322271246598998,81.634618748073
14.7141865079365,1.15543321702648,1.35511285286538,0.322117113722817,81.6353062727255
14.7142857142857,1.15533791901697,1.35503224614398,0.321963054678869,81.6359937284473
14.7143849206349,1.15524263062993,1.35495163347564,0.321809069432232,81.6366811152507
14.7144841269841,1.15514735186364,1.35487101486658,0.321655157947994,81.6373684331484
14.7145833333333,1.15505208271638,1.35479039032304,0.321501320191244,81.6380556821526
14.7146825396825,1.15495682318645,1.35470975985125,0.321347556127102,81.6387428622759
14.7147817460317,1.15486157327214,1.35462912345743,0.321193865720681,81.6394299735307
14.714880952381,1.15476633297174,1.35454848114782,0.321040248937125,81.6401170159295
14.7149801587302,1.15467110228354,1.35446783292862,0.320886705741574,81.6408039894847
14.7150793650794,1.15457588120585,1.35438717880607,0.320733236099197,81.6414908942087
14.7151785714286,1.15448066973694,1.35430651878637,0.320579839975158,81.642177730114
14.7152777777778,1.15438546787512,1.35422585287575,0.320426517334652,81.642864497213
14.715376984127,1.15429027561868,1.3541451810804,0.320273268142867,81.6435511955182
14.7154761904762,1.15419509296592,1.35406450340655,0.320120092365024,81.6442378250419
14.7155753968254,1.15409991991514,1.35398381986039,0.319966989966338,81.6449243857967
14.7156746031746,1.15400475646462,1.35390313044814,0.319813960912052,81.6456108777948
14.7157738095238,1.15390960261268,1.35382243517598,0.319661005167407,81.6462973010488
14.715873015873,1.1538144583576,1.35374173405013,0.319508122697668,81.646983655571
14.7159722222222,1.1537193236977,1.35366102707678,0.319355313468113,81.6476699413739
14.7160714285714,1.15362419863126,1.35358031426211,0.31920257744402,81.6483561584698
14.7161706349206,1.15352908315659,1.35349959561233,0.319049914590697,81.6490423068711
14.7162698412698,1.153433977272,1.35341887113362,0.318897324873445,81.6497283865904
14.716369047619,1.15333888097578,1.35333814083217,0.318744808257598,81.6504143976398
14.7164682539683,1.15324379426624,1.35325740471416,0.318592364708484,81.651100340032
14.7165674603175,1.15314871714169,1.35317666278577,0.31843999419146,81.6517862137791
14.7166666666667,1.15305364960042,1.35309591505317,0.31828769667188,81.6524720188936
14.7167658730159,1.15295859164074,1.35301516152256,0.318135472115126,81.653157755388
14.7168650793651,1.15286354326096,1.35293440220009,0.317983320486577,81.6538434232745
14.7169642857143,1.15276850445939,1.35285363709194,0.31783124175164,81.6545290225656
14.7170634920635,1.15267347523433,1.35277286620428,0.31767923587572,81.6552145532736
14.7171626984127,1.1525784555841,1.35269208954328,0.317527302824248,81.6559000154108
14.7172619047619,1.15248344550699,1.35261130711509,0.317375442562655,81.6565854089897
14.7173611111111,1.15238844500132,1.35253051892588,0.317223655056394,81.6572707340227
14.7174603174603,1.15229345406541,1.35244972498181,0.317071940270932,81.6579559905219
14.7175595238095,1.15219847269756,1.35236892528903,0.316920298171734,81.6586411784999
14.7176587301587,1.15210350089608,1.35228811985369,0.316768728724298,81.659326297969
14.7177579365079,1.15200853865928,1.35220730868195,0.316617231894114,81.6600113489415
14.7178571428571,1.15191358598549,1.35212649177995,0.316465807646703,81.6606963314297
14.7179563492064,1.15181864287301,1.35204566915384,0.316314455947583,81.6613812454461
14.7180555555556,1.15172370932016,1.35196484080976,0.3161631767623,81.6620660910029
14.7181547619048,1.15162878532525,1.35188400675385,0.316011970056395,81.6627508681124
14.718253968254,1.1515338708866,1.35180316699225,0.31586083579544,81.663435576787
14.7183531746032,1.15143896600253,1.3517223215311,0.315709773945002,81.6641202170391
14.7184523809524,1.15134407067136,1.35164147037653,0.315558784470678,81.6648047888809
14.7185515873016,1.15124918489139,1.35156061353466,0.31540786733806,81.6654892923248
14.7186507936508,1.15115430866096,1.35147975101163,0.315257022512769,81.666173727383
14.71875,1.15105944197838,1.35139888281356,0.315106249960423,81.6668580940679
14.7188492063492,1.15096458484197,1.35131800894658,0.314955549646665,81.6675423923919
14.7189484126984,1.15086973725006,1.3512371294168,0.314804921537149,81.6682266223671
14.7190476190476,1.15077489920095,1.35115624423033,0.314654365597531,81.668910784006
14.7191468253968,1.15068007069299,1.35107535339331,0.314503881793495,81.6695948773207
14.719246031746,1.15058525172449,1.35099445691183,0.314353470090723,81.6702789023237
14.7193452380952,1.15049044229377,1.35091355479202,0.314203130454922,81.6709628590271
14.7194444444444,1.15039564239916,1.35083264703997,0.3140528628518,81.6716467474433
14.7195436507936,1.15030085203899,1.35075173366179,0.31390266724709,81.6723305675846
14.7196428571429,1.15020607121157,1.35067081466358,0.313752543606523,81.6730143194632
14.7197420634921,1.15011129991525,1.35058989005145,0.31360249189586,81.6736980030915
14.7198412698413,1.15001653814834,1.35050895983148,0.313452512080856,81.6743816184816
14.7199404761905,1.14992178590917,1.35042802400979,0.313302604127296,81.6750651656459
14.7200396825397,1.14982704319608,1.35034708259244,0.313152768000961,81.6757486445967
14.7201388888889,1.14973231000739,1.35026613558555,0.313003003667661,81.6764320553461
14.7202380952381,1.14963758634143,1.35018518299519,0.312853311093203,81.6771153979065
14.7203373015873,1.14954287219653,1.35010422482744,0.312703690243418,81.6777986722901
14.7204365079365,1.14944816757104,1.3500232610884,0.31255414108415,81.6784818785092
14.7205357142857,1.14935347246326,1.34994229178414,0.312404663581242,81.679165016576
14.7206349206349,1.14925878687156,1.34986131692074,0.312255257700567,81.6798480865028
14.7207341269841,1.14916411079424,1.34978033650426,0.312105923407995,81.6805310883017
14.7208333333333,1.14906944422966,1.34969935054079,0.311956660669424,81.6812140219851
14.7209325396825,1.14897478717614,1.34961835903639,0.311807469450747,81.6818968875652
14.7210317460317,1.14888013963202,1.34953736199713,0.31165834971789,81.6825796850542
14.721130952381,1.14878550159565,1.34945635942908,0.31150930143677,81.6832624144644
14.7212301587302,1.14869087306535,1.34937535133829,0.311360324573336,81.6839450758079
14.7213293650794,1.14859625403946,1.34929433773082,0.311211419093533,81.684627669097
14.7214285714286,1.14850164451633,1.34921331861274,0.311062584963335,81.685310194344
14.7215277777778,1.14840704449429,1.34913229399009,0.310913822148711,81.6859926515609
14.721626984127,1.14831245397168,1.34905126386893,0.310765130615659,81.6866750407601
14.7217261904762,1.14821787294685,1.3489702282553,0.310616510330176,81.6873573619537
14.7218253968254,1.14812330141813,1.34888918715525,0.310467961258281,81.6880396151541
14.7219246031746,1.14802873938387,1.34880814057483,0.310319483366005,81.6887218003732
14.7220238095238,1.14793418684242,1.34872708852008,0.310171076619383,81.6894039176234
14.722123015873,1.14783964379211,1.34864603099704,0.310022740984475,81.6900859669168
14.7222222222222,1.14774511023129,1.34856496801174,0.309874476427338,81.6907679482657
14.7223214285714,1.14765058615831,1.34848389957021,0.309726282914061,81.6914498616822
14.7224206349206,1.14755607157151,1.34840282567849,0.309578160410726,81.6921317071785
14.7225198412698,1.14746156646925,1.34832174634261,0.309430108883445,81.6928134847668
14.722619047619,1.14736707084985,1.3482406615686,0.309282128298325,81.6934951944593
14.7227182539683,1.14727258471169,1.34815957136247,0.309134218621505,81.6941768362681
14.7228174603175,1.14717810805309,1.34807847573024,0.308986379819117,81.6948584102054
14.7229166666667,1.14708364087243,1.34799737467795,0.308838611857324,81.6955399162834
14.7230158730159,1.14698918316803,1.34791626821159,0.308690914702283,81.6962213545143
14.7231150793651,1.14689473493826,1.34783515633719,0.308543288320183,81.6969027249101
14.7232142857143,1.14680029618147,1.34775403906076,0.308395732677207,81.6975840274832
14.7233134920635,1.146705866896,1.3476729163883,0.308248247739563,81.6982652622455
14.7234126984127,1.14661144708022,1.34759178832582,0.308100833473473,81.6989464292093
14.7235119047619,1.14651703673248,1.34751065487933,0.307953489845157,81.6996275283867
14.7236111111111,1.14642263585113,1.34742951605483,0.307806216820867,81.7003085597898
14.7237103174603,1.14632824443452,1.3473483718583,0.307659014366848,81.7009895234309
14.7238095238095,1.14623386248102,1.34726722229576,0.307511882449375,81.7016704193219
14.7239087301587,1.14613948998898,1.34718606737319,0.307364821034721,81.7023512474751
14.7240079365079,1.14604512695675,1.34710490709658,0.307217830089187,81.7030320079027
14.7241071428571,1.1459507733827,1.34702374147192,0.307070909579068,81.7037127006166
14.7242063492063,1.14585642926519,1.3469425705052,0.30692405947069,81.7043933256291
14.7243055555556,1.14576209460256,1.3468613942024,0.306777279730376,81.7050738829522
14.7244047619048,1.1456677693932,1.3467802125695,0.306630570324477,81.7057543725981
14.724503968254,1.14557345363545,1.34669902561248,0.306483931219339,81.7064347945789
14.7246031746032,1.14547914732768,1.34661783333731,0.306337362381338,81.7071151489066
14.7247023809524,1.14538485046824,1.34653663574997,0.306190863776847,81.7077954355935
14.7248015873016,1.14529056305551,1.34645543285642,0.306044435372263,81.7084756546516
14.7249007936508,1.14519628508785,1.34637422466265,0.305898077133995,81.7091558060929
14.725,1.14510201656362,1.3462930111746,0.305751789028454,81.7098358899297
14.7250992063492,1.14500775748119,1.34621179239824,0.305605571022077,81.7105159061739
14.7251984126984,1.14491350783892,1.34613056833954,0.305459423081302,81.7111958548377
14.7252976190476,1.14481926763518,1.34604933900445,0.305313345172591,81.7118757359331
14.7253968253968,1.14472503686833,1.34596810439892,0.305167337262404,81.7125555494723
14.725496031746,1.14463081553676,1.34588686452891,0.305021399317232,81.7132352954673
14.7255952380952,1.14453660363882,1.34580561940038,0.304875531303559,81.7139149739302
14.7256944444444,1.14444240117288,1.34572436901925,0.3047297331879,81.714594584873
14.7257936507937,1.14434820813732,1.34564311339149,0.304584004936765,81.7152741283079
14.7258928571429,1.1442540245305,1.34556185252304,0.304438346516694,81.7159536042468
14.7259920634921,1.14415985035081,1.34548058641982,0.304292757894222,81.7166330127019
14.7260912698413,1.1440656855966,1.34539931508779,0.304147239035915,81.7173123536852
14.7261904761905,1.14397153026625,1.34531803853287,0.304001789908333,81.7179916272087
14.7262896825397,1.14387738435815,1.345236756761,0.303856410478062,81.7186708332846
14.7263888888889,1.14378324787065,1.34515546977811,0.3037111007117,81.7193499719248
14.7264880952381,1.14368912080215,1.34507417759012,0.303565860575846,81.7200290431414
14.7265873015873,1.143595003151,1.34499288020297,0.303420690037127,81.7207080469464
14.7266865079365,1.1435008949156,1.34491157762256,0.303275589062167,81.7213869833519
14.7267857142857,1.14340679609432,1.34483026985483,0.303130557617619,81.7220658523699
14.7268849206349,1.14331270668553,1.34474895690569,0.302985595670132,81.7227446540124
14.7269841269841,1.14321862668761,1.34466763878105,0.302840703186384,81.7234233882915
14.7270833333333,1.14312455609895,1.34458631548682,0.302695880133048,81.7241020552192
14.7271825396825,1.14303049491793,1.34450498702892,0.302551126476828,81.7247806548074
14.7272817460317,1.14293644314292,1.34442365341325,0.302406442184423,81.7254591870683
14.727380952381,1.14284240077232,1.34434231464572,0.30226182722256,81.7261376520138
14.7274801587302,1.14274836780449,1.34426097073222,0.302117281557966,81.7268160496559
14.7275793650794,1.14265434423782,1.34417962167866,0.301972805157392,81.7274943800067
14.7276785714286,1.1425603300707,1.34409826749094,0.301828397987588,81.7281726430781
14.7277777777778,1.14246632530152,1.34401690817494,0.301684060015329,81.7288508388821
14.727876984127,1.14237232992865,1.34393554373657,0.301539791207402,81.7295289674308
14.7279761904762,1.14227834395048,1.3438541741817,0.301395591530594,81.7302070287361
14.7280753968254,1.14218436736541,1.34377279951623,0.301251460951721,81.73088502281
14.7281746031746,1.14209040017182,1.34369141974603,0.301107399437595,81.7315629496645
14.7282738095238,1.14199644236809,1.343610034877,0.300963406955058,81.7322408093115
14.728373015873,1.14190249395261,1.34352864491501,0.300819483470948,81.7329186017632
14.7284722222222,1.14180855492379,1.34344724986594,0.300675628952131,81.7335963270313
14.7285714285714,1.14171462527999,1.34336584973566,0.300531843365469,81.7342739851279
14.7286706349206,1.14162070501962,1.34328444453004,0.300388126677854,81.734951576065
14.7287698412698,1.14152679414107,1.34320303425494,0.300244478856175,81.7356290998545
14.728869047619,1.14143289264273,1.34312161891625,0.300100899867348,81.7363065565084
14.7289682539683,1.141339000523,1.34304019851982,0.299957389678286,81.7369839460387
14.7290674603175,1.14124511778026,1.34295877307151,0.299813948255931,81.7376612684572
14.7291666666667,1.14115124441291,1.34287734257718,0.299670575567221,81.738338523776
14.7292658730159,1.14105738041935,1.34279590704269,0.29952727157912,81.739015712007
14.7293650793651,1.14096352579798,1.34271446647389,0.299384036258602,81.7396928331621
14.7294642857143,1.14086968054719,1.34263302087663,0.299240869572644,81.7403698872533
14.7295634920635,1.14077584466537,1.34255157025677,0.29909777148825,81.7410468742924
14.7296626984127,1.14068201815093,1.34247011462014,0.298954741972423,81.7417237942916
14.7297619047619,1.14058820100227,1.34238865397259,0.29881178099219,81.7424006472625
14.7298611111111,1.14049439321777,1.34230718831996,0.29866888851458,81.7430774332173
14.7299603174603,1.14040059479586,1.34222571766809,0.298526064506647,81.7437541521678
14.7300595238095,1.14030680573492,1.34214424202281,0.298383308935442,81.744430804126
14.7301587301587,1.14021302603336,1.34206276138996,0.298240621768046,81.7451073891036
14.7302579365079,1.14011925568958,1.34198127577538,0.298098002971535,81.7457839071128
14.7303571428571,1.14002549470198,1.34189978518488,0.297955452513015,81.7464603581653
14.7304563492063,1.13993174306897,1.34181828962429,0.297812970359587,81.7471367422731
14.7305555555556,1.13983800078896,1.34173678909944,0.297670556478382,81.747813059448
14.7306547619048,1.13974426786033,1.34165528361615,0.297528210836527,81.7484893097021
14.730753968254,1.13965054428152,1.34157377318023,0.297385933401173,81.7491654930471
14.7308531746032,1.13955683005091,1.34149225779751,0.297243724139485,81.749841609495
14.7309523809524,1.13946312516692,1.34141073747379,0.297101583018627,81.7505176590576
14.7310515873016,1.13936942962796,1.34132921221488,0.296959510005793,81.7511936417468
14.7311507936508,1.13927574343243,1.3412476820266,0.296817505068173,81.7518695575745
14.73125,1.13918206657875,1.34116614691474,0.296675568172985,81.7525454065527
14.7313492063492,1.13908839906532,1.34108460688512,0.296533699287444,81.7532211886931
14.7314484126984,1.13899474089056,1.34100306194352,0.296391898378793,81.7538969040076
14.7315476190476,1.13890109205287,1.34092151209576,0.296250165414274,81.7545725525081
14.7316468253968,1.13880745255068,1.34083995734762,0.296108500361154,81.7552481342065
14.731746031746,1.13871382238238,1.34075839770489,0.295966903186699,81.7559236491146
14.7318452380952,1.13862020154641,1.34067683317337,0.295825373858203,81.7565990972442
14.7319444444444,1.13852659004116,1.34059526375885,0.295683912342956,81.7572744786074
14.7320436507936,1.13843298786507,1.34051368946711,0.295542518608278,81.7579497932157
14.7321428571429,1.13833939501654,1.34043211030393,0.295401192621485,81.7586250410812
14.7322420634921,1.13824581149398,1.34035052627509,0.295259934349915,81.7593002222157
14.7323412698413,1.13815223729583,1.34026893738638,0.295118743760923,81.759975336631
14.7324404761905,1.13805867242049,1.34018734364355,0.294977620821862,81.7606503843389
14.7325396825397,1.13796511686638,1.3401057450524,0.294836565500113,81.7613253653513
14.7326388888889,1.13787157063193,1.34002414161868,0.294695577763055,81.7620002796801
14.7327380952381,1.13777803371555,1.33994253334817,0.294554657578096,81.7626751273369
14.7328373015873,1.13768450611567,1.33986092024663,0.294413804912639,81.7633499083337
14.7329365079365,1.13759098783071,1.33977930231982,0.294273019734115,81.7640246226822
14.7330357142857,1.13749747885908,1.3396976795735,0.294132302009955,81.7646992703943
14.7331349206349,1.13740397919922,1.33961605201343,0.293991651707615,81.7653738514819
14.7332341269841,1.13731048884954,1.33953441964536,0.29385106879455,81.7660483659566
14.7333333333333,1.13721700780848,1.33945278247505,0.293710553238242,81.7667228138303
14.7334325396825,1.13712353607445,1.33937114050825,0.29357010500617,81.7673971951149
14.7335317460317,1.13703007364589,1.33928949375069,0.293429724065841,81.768071509822
14.733630952381,1.13693662052121,1.33920784220814,0.293289410384762,81.7687457579636
14.7337301587302,1.13684317669885,1.33912618588632,0.293149163930459,81.7694199395513
14.7338293650794,1.13674974217724,1.33904452479098,0.293008984670475,81.7700940545971
14.7339285714286,1.1366563169548,1.33896285892786,0.292868872572351,81.7707681031125
14.7340277777778,1.13656290102997,1.33888118830268,0.292728827603658,81.7714420851096
14.734126984127,1.13646949440116,1.33879951292119,0.292588849731964,81.7721160005999
14.7342261904762,1.13637609706683,1.33871783278911,0.292448938924865,81.7727898495954
14.7343253968254,1.13628270902538,1.33863614791216,0.292309095149951,81.7734636321077
14.7344246031746,1.13618933027527,1.33855445829608,0.292169318374845,81.7741373481486
14.7345238095238,1.13609596081492,1.33847276394658,0.292029608567164,81.7748109977299
14.734623015873,1.13600260064277,1.33839106486939,0.291889965694554,81.7754845808634
14.7347222222222,1.13590924975725,1.33830936107021,0.291750389724658,81.7761580975608
14.7348214285714,1.13581590815679,1.33822765255476,0.291610880625146,81.7768315478338
14.7349206349206,1.13572257583984,1.33814593932876,0.291471438363687,81.7775049316943
14.7350198412698,1.13562925280482,1.33806422139792,0.291332062907977,81.7781782491539
14.735119047619,1.13553593905018,1.33798249876793,0.291192754225709,81.7788515002244
14.7352182539683,1.13544263457436,1.33790077144451,0.291053512284601,81.7795246849176
14.7353174603175,1.13534933937579,1.33781903943335,0.290914337052382,81.7801978032451
14.7354166666667,1.13525605345291,1.33773730274016,0.290775228496783,81.7808708552188
14.7355158730159,1.13516277680416,1.33765556137063,0.290636186585564,81.7815438408502
14.7356150793651,1.13506950942799,1.33757381533046,0.290497211286481,81.7822167601512
14.7357142857143,1.13497625132283,1.33749206462533,0.290358302567317,81.7828896131335
14.7358134920635,1.13488300248714,1.33741030926093,0.290219460395854,81.7835623998089
14.7359126984127,1.13478976291934,1.33732854924295,0.290080684739901,81.7842351201889
14.7360119047619,1.13469653261789,1.33724678457708,0.289941975567264,81.7849077742853
14.7361111111111,1.13460331158123,1.337165015269,0.289803332845779,81.7855803621099
14.7362103174603,1.1345100998078,1.33708324132437,0.289664756543277,81.7862528836743
14.7363095238095,1.13441689729606,1.33700146274889,0.289526246627616,81.7869253389903
14.7364087301587,1.13432370404444,1.33691967954822,0.289387803066655,81.7875977280695
14.7365079365079,1.1342305200514,1.33683789172804,0.289249425828277,81.7882700509236
14.7366071428571,1.13413734531539,1.33675609929401,0.289111114880365,81.7889423075643
14.7367063492064,1.13404417983484,1.33667430225179,0.288972870190825,81.7896144980034
14.7368055555556,1.13395102360822,1.33659250060706,0.288834691727574,81.7902866222524
14.7369047619048,1.13385787663397,1.33651069436547,0.288696579458534,81.7909586803231
14.737003968254,1.13376473891054,1.33642888353268,0.288558533351651,81.7916306722272
14.7371031746032,1.13367161043639,1.33634706811435,0.28842055337487,81.7923025979763
14.7372023809524,1.13357849120997,1.33626524811613,0.288282639496164,81.7929744575821
14.7373015873016,1.13348538122972,1.33618342354367,0.288144791683503,81.7936462510562
14.7374007936508,1.13339228049411,1.33610159440262,0.288007009904885,81.7943179784104
14.7375,1.13329918900159,1.33601976069862,0.287869294128305,81.7949896396562
14.7375992063492,1.13320610675062,1.33593792243732,0.287731644321786,81.7956612348054
14.7376984126984,1.13311303373964,1.33585607962435,0.287594060453348,81.7963327638696
14.7377976190476,1.13301996996712,1.33577423226536,0.287456542491039,81.7970042268604
14.7378968253968,1.13292691543152,1.33569238036599,0.287319090402906,81.7976756237895
14.737996031746,1.13283387013129,1.33561052393185,0.28718170415702,81.7983469546685
14.7380952380952,1.13274083406489,1.33552866296859,0.287044383721453,81.7990182195091
14.7381944444444,1.13264780723078,1.33544679748183,0.2869071290643,81.7996894183229
14.7382936507937,1.13255478962742,1.3353649274772,0.286769940153667,81.8003605511215
14.7383928571429,1.13246178125327,1.33528305296032,0.286632816957664,81.8010316179166
14.7384920634921,1.1323687821068,1.33520117393681,0.286495759444425,81.8017026187197
14.7385912698413,1.13227579218647,1.33511929041229,0.286358767582085,81.8023735535426
14.7386904761905,1.13218281149073,1.33503740239237,0.286221841338806,81.8030444223968
14.7387896825397,1.13208984001806,1.33495550988266,0.286084980682744,81.803715225294
14.7388888888889,1.13199687776692,1.33487361288879,0.285948185582088,81.8043859622456
14.7389880952381,1.13190392473577,1.33479171141634,0.285811456005021,81.8050566332635
14.7390873015873,1.13181098092308,1.33470980547093,0.285674791919755,81.8057272383591
14.7391865079365,1.13171804632731,1.33462789505816,0.285538193294498,81.8063977775441
14.7392857142857,1.13162512094694,1.33454598018364,0.285401660097487,81.8070682508301
14.7393849206349,1.13153220478043,1.33446406085295,0.285265192296957,81.8077386582286
14.7394841269841,1.13143929782625,1.33438213707169,0.285128789861169,81.8084089997512
14.7395833333333,1.13134640008287,1.33430020884546,0.284992452758383,81.8090792754096
14.7396825396825,1.13125351154876,1.33421827617984,0.284856180956882,81.8097494852153
14.7397817460317,1.13116063222239,1.33413633908042,0.284719974424962,81.8104196291799
14.739880952381,1.13106776210224,1.33405439755279,0.284583833130919,81.811089707315
14.7399801587302,1.13097490118677,1.33397245160253,0.28444775704308,81.8117597196322
14.7400793650794,1.13088204947445,1.33389050123521,0.284311746129765,81.8124296661429
14.7401785714286,1.13078920696378,1.33380854645642,0.284175800359324,81.8130995468589
14.7402777777778,1.1306963736532,1.33372658727173,0.284039919700106,81.8137693617915
14.740376984127,1.13060354954121,1.33364462368671,0.283904104120485,81.8144391109525
14.7404761904762,1.13051073462628,1.33356265570694,0.283768353588834,81.8151087943534
14.7405753968254,1.13041792890688,1.33348068333797,0.283632668073552,81.8157784120056
14.7406746031746,1.1303251323815,1.33339870658537,0.283497047543039,81.8164479639209
14.7407738095238,1.1302323450486,1.33331672545471,0.283361491965718,81.8171174501106
14.740873015873,1.13013956690667,1.33323473995154,0.283226001310013,81.8177868705864
14.7409722222222,1.1300467979542,1.33315275008142,0.283090575544374,81.8184562253598
14.7410714285714,1.12995403818965,1.3330707558499,0.28295521463725,81.8191255144423
14.7411706349206,1.12986128761151,1.33298875726254,0.282819918557112,81.8197947378455
14.7412698412698,1.12976854621826,1.33290675432488,0.282684687272444,81.8204638955808
14.741369047619,1.12967581400839,1.33282474704248,0.282549520751733,81.8211329876599
14.7414682539683,1.12958309098037,1.33274273542087,0.282414418963492,81.8218020140942
14.7415674603175,1.1294903771327,1.3326607194656,0.282279381876231,81.8224709748952
14.7416666666667,1.12939767246385,1.33257869918221,0.28214440945849,81.8231398700745
14.7417658730159,1.12930497697231,1.33249667457622,0.282009501678804,81.8238086996436
14.7418650793651,1.12921229065657,1.33241464565319,0.281874658505736,81.824477463614
14.7419642857143,1.12911961351511,1.33233261241863,0.281739879907849,81.8251461619971
14.7420634920635,1.12902694554642,1.33225057487808,0.281605165853731,81.8258147948046
14.7421626984127,1.12893428674899,1.33216853303706,0.281470516311969,81.8264833620478
14.7422619047619,1.12884163712131,1.3320864869011,0.281335931251175,81.8271518637383
14.7423611111111,1.12874899666187,1.33200443647572,0.281201410639963,81.8278202998876
14.7424603174603,1.12865636536915,1.33192238176644,0.28106695444697,81.8284886705072
14.7425595238095,1.12856374324165,1.33184032277876,0.280932562640834,81.8291569756085
14.7426587301587,1.12847113027787,1.33175825951821,0.280798235190215,81.829825215203
14.7427579365079,1.12837852647628,1.33167619199031,0.280663972063787,81.8304933893022
14.7428571428571,1.12828593183539,1.33159412020054,0.280529773230223,81.8311614979175
14.7429563492063,1.12819334635369,1.33151204415443,0.280395638658226,81.8318295410605
14.7430555555556,1.12810077002968,1.33142996385748,0.280261568316495,81.8324975187427
14.7431547619048,1.12800820286184,1.33134787931518,0.280127562173757,81.8331654309754
14.743253968254,1.12791564484868,1.33126579053303,0.279993620198738,81.8338332777701
14.7433531746032,1.12782309598869,1.33118369751654,0.279859742360189,81.8345010591383
14.7434523809524,1.12773055628037,1.33110160027119,0.27972592862686,81.8351687750914
14.7435515873016,1.12763802572222,1.33101949880248,0.279592178967529,81.8358364256409
14.7436507936508,1.12754550431273,1.33093739311588,0.279458493350971,81.8365040107983
14.74375,1.12745299205041,1.3308552832169,0.279324871745989,81.8371715305749
14.7438492063492,1.12736048893375,1.33077316911101,0.279191314121382,81.8378389849823
14.7439484126984,1.12726799496126,1.33069105080369,0.279057820445978,81.8385063740318
14.7440476190476,1.12717551013144,1.33060892830042,0.278924390688603,81.8391736977348
14.7441468253968,1.12708303444279,1.33052680160668,0.278791024818106,81.8398409561029
14.744246031746,1.12699056789382,1.33044467072794,0.278657722803348,81.8405081491474
14.7443452380952,1.12689811048302,1.33036253566966,0.278524484613193,81.8411752768798
14.7444444444444,1.12680566220891,1.33028039643733,0.278391310216531,81.8418423393114
14.7445436507937,1.12671322306998,1.33019825303639,0.278258199582251,81.8425093364537
14.7446428571429,1.12662079306475,1.33011610547232,0.278125152679268,81.8431762683181
14.7447420634921,1.12652837219172,1.33003395375058,0.277992169476496,81.8438431349161
14.7448412698413,1.12643596044939,1.32995179787663,0.277859249942876,81.8445099362589
14.7449404761905,1.12634355783628,1.32986963785591,0.277726394047345,81.845176672358
14.7450396825397,1.1262511643509,1.32978747369388,0.277593601758871,81.8458433432249
14.7451388888889,1.12615877999174,1.32970530539599,0.277460873046417,81.8465099488708
14.7452380952381,1.12606640475734,1.3296231329677,0.277328207878974,81.8471764893072
14.7453373015873,1.12597403864619,1.32954095641444,0.277195606225531,81.8478429645455
14.7454365079365,1.1258816816568,1.32945877574166,0.277063068055105,81.8485093745971
14.7455357142857,1.1257893337877,1.32937659095479,0.276930593336709,81.8491757194733
14.7456349206349,1.12569699503738,1.32929440205928,0.276798182039381,81.8498419991856
14.7457341269841,1.12560466540438,1.32921220906056,0.276665834132172,81.8505082137452
14.7458333333333,1.12551234488719,1.32913001196405,0.276533549584133,81.8511743631636
14.7459325396825,1.12542003348434,1.32904781077521,0.276401328364344,81.851840447452
14.7460317460317,1.12532773119434,1.32896560549944,0.276269170441882,81.852506466622
14.746130952381,1.12523543801571,1.32888339614218,0.27613707578585,81.8531724206849
14.7462301587302,1.12514315394696,1.32880118270884,0.276005044365351,81.8538383096519
14.7463293650794,1.12505087898662,1.32871896520485,0.275873076149515,81.8545041335345
14.7464285714286,1.1249586131332,1.32863674363562,0.275741171107469,81.855169892344
14.7465277777778,1.12486635638523,1.32855451800657,0.275609329208367,81.8558355860917
14.746626984127,1.12477410874121,1.3284722883231,0.275477550421362,81.8565012147891
14.7467261904762,1.12468187019969,1.32839005459064,0.275345834715633,81.8571667784473
14.7468253968254,1.12458964075916,1.32830781681459,0.275214182060359,81.8578322770779
14.7469246031746,1.12449742041816,1.32822557500034,0.275082592424744,81.858497710692
14.7470238095238,1.12440520917521,1.32814332915331,0.274951065777991,81.8591630793011
14.747123015873,1.12431300702884,1.32806107927889,0.274819602089326,81.8598283829164
14.7472222222222,1.12422081397757,1.32797882538249,0.274688201327989,81.8604936215492
14.7473214285714,1.12412863001991,1.32789656746948,0.274556863463219,81.861158795211
14.7474206349206,1.12403645515441,1.32781430554527,0.274425588464285,81.861823903913
14.7475198412698,1.12394428937959,1.32773203961524,0.274294376300453,81.8624889476664
14.747619047619,1.12385213269397,1.32764976968479,0.274163226941014,81.8631539264827
14.7477182539683,1.12375998509608,1.32756749575929,0.274032140355261,81.8638188403732
14.7478174603175,1.12366784658445,1.32748521784413,0.273901116512511,81.864483689349
14.7479166666667,1.12357571715761,1.32740293594469,0.27377015538208,81.8651484734216
14.7480158730159,1.1234835968141,1.32732065006634,0.273639256933311,81.8658131926022
14.7481150793651,1.12339148555243,1.32723836021445,0.273508421135546,81.8664778469021
14.7482142857143,1.12329938337115,1.32715606639441,0.273377647958152,81.8671424363326
14.7483134920635,1.12320729026878,1.32707376861157,0.273246937370497,81.8678069609049
14.7484126984127,1.12311520624386,1.32699146687131,0.273116289341973,81.8684714206304
14.7485119047619,1.12302313129492,1.32690916117898,0.272985703841973,81.8691358155204
14.7486111111111,1.1229310654205,1.32682685153995,0.272855180839911,81.8698001455861
14.7487103174603,1.12283900861913,1.32674453795958,0.272724720305214,81.8704644108387
14.7488095238095,1.12274696088935,1.32666222044323,0.272594322207313,81.8711286112896
14.7489087301587,1.1226549222297,1.32657989899624,0.272463986515663,81.8717927469499
14.7490079365079,1.1225628926387,1.32649757362397,0.272333713199718,81.8724568178311
14.7491071428571,1.12247087211491,1.32641524433178,0.272203502228961,81.8731208239442
14.7492063492064,1.12237886065685,1.32633291112499,0.27207335357287,81.8737847653007
14.7493055555556,1.12228685826307,1.32625057400896,0.271943267200953,81.8744486419116
14.7494047619048,1.12219486493211,1.32616823298903,0.271813243082715,81.8751124537883
14.749503968254,1.12210288066251,1.32608588807054,0.271683281187686,81.875776200942
14.7496031746032,1.12201090545281,1.32600353925882,0.271553381485397,81.876439883384
14.7497023809524,1.12191893930155,1.32592118655921,0.271423543945404,81.8771035011254
14.7498015873016,1.12182698220728,1.32583882997704,0.271293768537264,81.8777670541776
14.7499007936508,1.12173503416854,1.32575646951763,0.271164055230557,81.8784305425517
14.75,1.12164309518387,1.32567410518631,0.271034403994865,81.8790939662589
14.7500992063492,1.12155116525183,1.32559173698841,0.27090481479979,81.8797573253106
14.7501984126984,1.12145924437095,1.32550936492924,0.270775287614949,81.8804206197178
14.7502976190476,1.12136733253978,1.32542698901413,0.27064582240996,81.8810838494918
14.7503968253968,1.12127542975687,1.32534460924839,0.270516419154468,81.8817470146439
14.750496031746,1.12118353602076,1.32526222563733,0.270387077818116,81.8824101151852
14.7505952380952,1.12109165133002,1.32517983818626,0.270257798370574,81.883073151127
14.7506944444444,1.12099977568318,1.3250974469005,0.270128580781509,81.8837361224804
14.7507936507936,1.12090790907879,1.32501505178534,0.269999425020619,81.8843990292566
14.7508928571429,1.12081605151542,1.32493265284609,0.269870331057595,81.8850618714669
14.7509920634921,1.1207242029916,1.32485025008806,0.269741298862159,81.8857246491223
14.7510912698413,1.12063236350589,1.32476784351653,0.269612328404028,81.8863873622342
14.7511904761905,1.12054053305685,1.3246854331368,0.269483419652949,81.8870500108137
14.7512896825397,1.12044871164302,1.32460301895417,0.269354572578665,81.8877125948719
14.7513888888889,1.12035689926296,1.32452060097393,0.269225787150947,81.8883751144201
14.7514880952381,1.12026509591524,1.32443817920136,0.269097063339563,81.8890375694694
14.7515873015873,1.12017330159839,1.32435575364176,0.268968401114307,81.889699960031
14.7516865079365,1.12008151631099,1.32427332430039,0.268839800444982,81.890362286116
14.7517857142857,1.11998974005158,1.32419089118255,0.268711261301396,81.8910245477357
14.7518849206349,1.11989797281873,1.32410845429351,0.268582783653381,81.8916867449011
14.7519841269841,1.11980621461099,1.32402601363854,0.268454367470771,81.8923488776235
14.7520833333333,1.11971446542693,1.32394356922293,0.268326012723423,81.8930109459139
14.7521825396825,1.11962272526509,1.32386112105193,0.268197719381194,81.8936729497836
14.7522817460317,1.11953099412406,1.32377866913081,0.268069487413968,81.8943348892436
14.752380952381,1.11943927200238,1.32369621346485,0.267941316791628,81.8949967643052
14.7524801587302,1.11934755889861,1.3236137540593,0.267813207484082,81.8956585749794
14.7525793650794,1.11925585481133,1.32353129091942,0.267685159461238,81.8963203212774
14.7526785714286,1.1191641597391,1.32344882405047,0.26755717269303,81.8969820032104
14.7527777777778,1.11907247368047,1.3233663534577,0.26742924714939,81.8976436207893
14.752876984127,1.11898079663402,1.32328387914638,0.267301382800277,81.8983051740255
14.7529761904762,1.11888912859831,1.32320140112174,0.267173579615649,81.8989666629299
14.7530753968254,1.1187974695719,1.32311891938903,0.267045837565487,81.8996280875138
14.7531746031746,1.11870581955337,1.3230364339535,0.266918156619785,81.9002894477882
14.7532738095238,1.11861417854129,1.32295394482039,0.266790536748537,81.9009507437642
14.753373015873,1.11852254653421,1.32287145199494,0.266662977921766,81.901611975453
14.7534722222222,1.11843092353072,1.32278895548239,0.266535480109493,81.9022731428656
14.7535714285714,1.11833930952937,1.32270645528797,0.266408043281764,81.9029342460131
14.7536706349206,1.11824770452875,1.32262395141692,0.266280667408626,81.9035952849068
14.7537698412698,1.11815610852742,1.32254144387446,0.26615335246015,81.9042562595575
14.753869047619,1.11806452152396,1.32245893266581,0.266026098406407,81.9049171699765
14.7539682539683,1.11797294351694,1.32237641779621,0.265898905217496,81.9055780161748
14.7540674603175,1.11788137450492,1.32229389927088,0.265771772863512,81.9062387981635
14.7541666666667,1.1177898144865,1.32221137709503,0.265644701314578,81.9068995159536
14.7542658730159,1.11769826346024,1.32212885127389,0.265517690540814,81.9075601695563
14.7543650793651,1.11760672142471,1.32204632181266,0.26539074051237,81.9082207589827
14.7544642857143,1.1175151883785,1.32196378871655,0.26526385119939,81.9088812842437
14.7545634920635,1.11742366432018,1.32188125199079,0.265137022572046,81.9095417453506
14.7546626984127,1.11733214924834,1.32179871164057,0.265010254600518,81.9102021423142
14.7547619047619,1.11724064316154,1.32171616767109,0.26488354725499,81.9108624751457
14.7548611111111,1.11714914605837,1.32163362008757,0.264756900505674,81.9115227438561
14.7549603174603,1.1170576579374,1.32155106889519,0.264630314322779,81.9121829484566
14.7550595238095,1.11696617879723,1.32146851409915,0.26450378867654,81.912843088958
14.7551587301587,1.11687470863643,1.32138595570466,0.264377323537192,81.9135031653716
14.7552579365079,1.11678324745358,1.32130339371689,0.264250918874996,81.9141631777083
14.7553571428571,1.11669179524726,1.32122082814104,0.264124574660211,81.9148231259791
14.7554563492063,1.11660035201607,1.3211382589823,0.263998290863124,81.9154830101951
14.7555555555556,1.11650891775858,1.32105568624584,0.26387206745402,81.9161428303674
14.7556547619048,1.11641749247338,1.32097310993686,0.263745904403209,81.9168025865069
14.755753968254,1.11632607615905,1.32089053006052,0.263619801681001,81.9174622786248
14.7558531746032,1.11623466881419,1.32080794662201,0.263493759257733,81.9181219067319
14.7559523809524,1.11614327043737,1.32072535962649,0.26336777710374,81.9187814708393
14.7560515873016,1.11605188102719,1.32064276907914,0.26324185518938,81.9194409709581
14.7561507936508,1.11596050058224,1.32056017498513,0.263115993485024,81.9201004070992
14.75625,1.1158691291011,1.32047757734962,0.262990191961045,81.9207597792736
14.7563492063492,1.11577776658237,1.32039497617779,0.262864450587841,81.9214190874924
14.7564484126984,1.11568641302463,1.32031237147477,0.26273876933581,81.9220783317666
14.7565476190476,1.11559506842649,1.32022976324575,0.262613148175378,81.9227375121071
14.7566468253968,1.11550373278652,1.32014715149586,0.262487587076967,81.923396628525
14.756746031746,1.11541240610332,1.32006453623027,0.262362086011027,81.9240556810312
14.7568452380952,1.11532108837549,1.31998191745413,0.262236644948006,81.9247146696367
14.7569444444444,1.11522977960163,1.31989929517258,0.262111263858378,81.9253735943525
14.7570436507937,1.11513847978032,1.31981666939077,0.261985942712618,81.9260324551896
14.7571428571429,1.11504718891016,1.31973404011384,0.261860681481225,81.926691252159
14.7572420634921,1.11495590698975,1.31965140734693,0.261735480134697,81.9273499852716
14.7573412698413,1.11486463401769,1.31956877109519,0.261610338643561,81.9280086545383
14.7574404761905,1.11477336999257,1.31948613136374,0.261485256978338,81.9286672599703
14.7575396825397,1.11468211491299,1.31940348815773,0.261360235109577,81.9293258015784
14.7576388888889,1.11459086877755,1.31932084148227,0.261235273007836,81.9299842793736
14.7577380952381,1.11449963158486,1.3192381913425,0.261110370643677,81.9306426933668
14.7578373015873,1.11440840333351,1.31915553774355,0.260985527987688,81.931301043569
14.7579365079365,1.11431718402211,1.31907288069053,0.260860745010455,81.9319593299912
14.7580357142857,1.11422597364925,1.31899022018857,0.260736021682592,81.9326175526442
14.7581349206349,1.11413477221354,1.31890755624278,0.26061135797471,81.9332757115391
14.7582341269841,1.11404357971359,1.31882488885829,0.260486753857447,81.9339338066867
14.7583333333333,1.113952396148,1.31874221804019,0.26036220930144,81.9345918380981
14.7584325396825,1.11386122151537,1.31865954379361,0.260237724277354,81.935249805784
14.7585317460317,1.1137700558143,1.31857686612365,0.260113298755849,81.9359077097556
14.758630952381,1.11367889904342,1.31849418503541,0.259988932707614,81.9365655500236
14.7587301587302,1.11358775120131,1.318411500534,0.259864626103337,81.937223326599
14.7588293650794,1.1134966122866,1.31832881262452,0.259740378913731,81.9378810394928
14.7589285714286,1.11340548229788,1.31824612131206,0.259616191109509,81.9385386887157
14.7590277777778,1.11331436123378,1.31816342660172,0.259492062661406,81.9391962742789
14.759126984127,1.11322324909289,1.3180807284986,0.259367993540169,81.939853796193
14.7592261904762,1.11313214587384,1.31799802700777,0.25924398371655,81.9405112544692
14.7593253968254,1.11304105157522,1.31791532213434,0.259120033161324,81.9411686491182
14.7594246031746,1.11294996619566,1.31783261388338,0.258996141845267,81.941825980151
14.7595238095238,1.11285888973377,1.31774990225998,0.25887230973918,81.9424832475783
14.759623015873,1.11276782218816,1.31766718726921,0.258748536813865,81.9431404514113
14.7597222222222,1.11267676355744,1.31758446891616,0.258624823040147,81.9437975916606
14.7598214285714,1.11258571384023,1.3175017472059,0.258501168388852,81.9444546683373
14.7599206349206,1.11249467303515,1.31741902214349,0.258377572830833,81.9451116814521
14.7600198412698,1.11240364114081,1.31733629373402,0.25825403633694,81.9457686310161
14.760119047619,1.11231261815583,1.31725356198254,0.25813055887805,81.9464255170399
14.7602182539683,1.11222160407883,1.31717082689412,0.258007140425039,81.9470823395346
14.7603174603175,1.11213059890842,1.31708808847383,0.25788378094881,81.9477390985109
14.7604166666667,1.11203960264323,1.31700534672671,0.257760480420263,81.9483957939797
14.7605158730159,1.11194861528188,1.31692260165784,0.257637238810323,81.949052425952
14.7606150793651,1.11185763682298,1.31683985327226,0.257514056089926,81.9497089944384
14.7607142857143,1.11176666726516,1.31675710157502,0.257390932230011,81.95036549945
14.7608134920635,1.11167570660704,1.31667434657118,0.257267867201542,81.9510219409975
14.7609126984127,1.11158475484725,1.31659158826578,0.257144860975485,81.9516783190918
14.7610119047619,1.1114938119844,1.31650882666387,0.257021913522829,81.9523346337438
14.7611111111111,1.11140287801712,1.31642606177048,0.256899024814563,81.9529908849642
14.7612103174603,1.11131195294404,1.31634329359066,0.256776194821703,81.9536470727639
14.7613095238095,1.11122103676378,1.31626052212944,0.256653423515263,81.9543031971537
14.7614087301587,1.11113012947498,1.31617774739186,0.256530710866284,81.9549592581445
14.7615079365079,1.11103923107624,1.31609496938295,0.256408056845805,81.9556152557471
14.7616071428571,1.11094834156622,1.31601218810773,0.256285461424892,81.9562711899723
14.7617063492063,1.11085746094352,1.31592940357124,0.256162924574609,81.9569270608309
14.7618055555556,1.11076658920679,1.31584661577849,0.256040446266048,81.9575828683337
14.7619047619048,1.11067572635465,1.31576382473452,0.255918026470298,81.9582386124916
14.762003968254,1.11058487238573,1.31568103044433,0.255795665158472,81.9588942933154
14.7621031746032,1.11049402729867,1.31559823291294,0.255673362301694,81.9595499108158
14.7622023809524,1.11040319109209,1.31551543214537,0.255551117871093,81.9602054650037
14.7623015873016,1.11031236376464,1.31543262814663,0.255428931837822,81.9608609558898
14.7624007936508,1.11022154531493,1.31534982092173,0.255306804173035,81.9615163834849
14.7625,1.11013073574162,1.31526701047567,0.255184734847908,81.9621717477999
14.7625992063492,1.11003993504333,1.31518419681345,0.255062723833622,81.9628270488456
14.7626984126984,1.1099491432187,1.31510137994009,0.254940771101378,81.9634822866326
14.7627976190476,1.10985836026636,1.31501855986057,0.254818876622382,81.9641374611718
14.7628968253968,1.10976758618496,1.31493573657989,0.254697040367861,81.964792572474
14.762996031746,1.10967682097312,1.31485291010305,0.254575262309044,81.9654476205499
14.7630952380952,1.1095860646295,1.31477008043504,0.254453542417185,81.9661026054103
14.7631944444444,1.10949531715273,1.31468724758084,0.254331880663538,81.9667575270659
14.7632936507936,1.10940457854144,1.31460441154544,0.254210277019382,81.9674123855276
14.7633928571429,1.10931384879428,1.31452157233382,0.254088731455996,81.9680671808061
14.7634920634921,1.1092231279099,1.31443872995097,0.25396724394468,81.9687219129121
14.7635912698413,1.10913241588693,1.31435588440186,0.253845814456748,81.9693765818565
14.7636904761905,1.10904171272401,1.31427303569147,0.253724442963518,81.9700311876498
14.7637896825397,1.10895101841979,1.31419018382478,0.25360312943633,81.970685730303
14.7638888888889,1.10886033297292,1.31410732880674,0.253481873846527,81.9713402098266
14.7639880952381,1.10876965638204,1.31402447064233,0.253360676165475,81.9719946262316
14.7640873015873,1.10867898864579,1.31394160933652,0.253239536364543,81.9726489795285
14.7641865079365,1.10858832976283,1.31385874489427,0.253118454415121,81.9733032697282
14.7642857142857,1.10849767973179,1.31377587732054,0.252997430288602,81.9739574968413
14.7643849206349,1.10840703855134,1.31369300662029,0.252876463956403,81.9746116608786
14.7644841269841,1.1083164062201,1.31361013279846,0.252755555389942,81.9752657618508
14.7645833333333,1.10822578273674,1.31352725586003,0.252634704560661,81.9759197997686
14.7646825396825,1.10813516809991,1.31344437580992,0.252513911440003,81.9765737746428
14.7647817460317,1.10804456230825,1.3133614926531,0.252393175999435,81.977227686484
14.764880952381,1.10795396536042,1.31327860639451,0.252272498210424,81.977881535303
14.7649801587302,1.10786337725507,1.31319571703909,0.252151878044461,81.9785353211104
14.7650793650794,1.10777279799086,1.31311282459178,0.252031315473047,81.9791890439169
14.7651785714286,1.10768222756642,1.31302992905752,0.251910810467689,81.9798427037334
14.7652777777778,1.10759166598043,1.31294703044125,0.251790362999916,81.9804963005703
14.765376984127,1.10750111323154,1.31286412874789,0.251669973041258,81.9811498344385
14.7654761904762,1.10741056931839,1.31278122398237,0.251549640563273,81.9818033053486
14.7655753968254,1.10732003423966,1.31269831614963,0.251429365537515,81.9824567133113
14.7656746031746,1.10722950799399,1.31261540525459,0.251309147935564,81.9831100583373
14.7657738095238,1.10713899058004,1.31253249130217,0.251188987729003,81.9837633404372
14.765873015873,1.10704848199647,1.31244957429729,0.251068884889436,81.9844165596218
14.7659722222222,1.10695798224195,1.31236665424487,0.25094883938847,81.9850697159016
14.7660714285714,1.10686749131512,1.31228373114982,0.250828851197736,81.9857228092874
14.7661706349206,1.10677700921466,1.31220080501705,0.250708920288865,81.9863758397899
14.7662698412698,1.10668653593922,1.31211787585148,0.250589046633514,81.9870288074196
14.766369047619,1.10659607148747,1.31203494365801,0.250469230203337,81.9876817121873
14.7664682539683,1.10650561585807,1.31195200844155,0.250349470970015,81.9883345541035
14.7665674603175,1.10641516904967,1.311869070207,0.250229768905237,81.988987333179
14.7666666666667,1.10632473106096,1.31178612895925,0.250110123980698,81.9896400494244
14.7667658730159,1.10623430189059,1.31170318470321,0.249990536168117,81.9902927028502
14.7668650793651,1.10614388153722,1.31162023744377,0.249871005439212,81.9909452934673
14.7669642857143,1.10605346999953,1.31153728718582,0.249751531765729,81.9915978212861
14.7670634920635,1.10596306727618,1.31145433393425,0.249632115119411,81.9922502863174
14.7671626984127,1.10587267336584,1.31137137769395,0.249512755472029,81.9929026885717
14.7672619047619,1.10578228826717,1.3112884184698,0.24939345279535,81.9935550280597
14.7673611111111,1.10569191197885,1.31120545626668,0.249274207061171,81.994207304792
14.7674603174603,1.10560154449955,1.31112249108948,0.249155018241286,81.9948595187792
14.7675595238095,1.10551118582794,1.31103952294306,0.249035886307514,81.9955116700319
14.7676587301587,1.10542083596269,1.31095655183231,0.248916811231675,81.9961637585608
14.7677579365079,1.10533049490247,1.3108735777621,0.248797792985614,81.9968157843763
14.7678571428571,1.10524016264595,1.31079060073729,0.248678831541176,81.9974677474893
14.7679563492064,1.10514983919181,1.31070762076274,0.248559926870228,81.9981196479102
14.7680555555556,1.10505952453873,1.31062463784334,0.248441078944649,81.9987714856496
14.7681547619048,1.10496921868537,1.31054165198393,0.248322287736323,81.9994232607182
14.768253968254,1.10487892163041,1.31045866318937,0.248203553217156,82.0000749731265
14.7683531746032,1.10478863337254,1.31037567146453,0.248084875359057,82.0007266228851
14.7684523809524,1.10469835391042,1.31029267681425,0.247966254133958,82.0013782100046
14.7685515873016,1.10460808324274,1.31020967924339,0.247847689513793,82.0020297344956
14.7686507936508,1.10451782136817,1.3101266787568,0.24772918147052,82.0026811963685
14.76875,1.10442756828539,1.31004367535931,0.247610729976096,82.0033325956342
14.7688492063492,1.10433732399309,1.30996066905578,0.247492335002506,82.003983932303
14.7689484126984,1.10424708848994,1.30987765985105,0.247373996521731,82.0046352063856
14.7690476190476,1.10415686177462,1.30979464774995,0.247255714505782,82.0052864178924
14.7691468253968,1.10406664384583,1.30971163275733,0.247137488926665,82.0059375668342
14.769246031746,1.10397643470223,1.30962861487801,0.247019319756415,82.0065886532214
14.7693452380952,1.10388623434252,1.30954559411682,0.246901206967065,82.0072396770646
14.7694444444444,1.10379604276537,1.3094625704786,0.24678315053067,82.0078906383743
14.7695436507937,1.10370585996948,1.30937954396817,0.2466651504193,82.008541537161
14.7696428571429,1.10361568595353,1.30929651459035,0.246547206605025,82.0091923734354
14.7697420634921,1.1035255207162,1.30921348234997,0.246429319059942,82.0098431472079
14.7698412698413,1.10343536425618,1.30913044725184,0.246311487756146,82.0104938584891
14.7699404761905,1.10334521657217,1.30904740930078,0.24619371266576,82.0111445072895
14.7700396825397,1.10325507766285,1.3089643685016,0.246075993760906,82.0117950936197
14.7701388888889,1.1031649475269,1.30888132485911,0.245958331013729,82.0124456174901
14.7702380952381,1.10307482616302,1.30879827837812,0.245840724396377,82.0130960789113
14.7703373015873,1.10298471356991,1.30871522906344,0.245723173881022,82.0137464778938
14.7704365079365,1.10289460974624,1.30863217691987,0.245605679439835,82.0143968144482
14.7705357142857,1.10280451469072,1.30854912195221,0.245488241045014,82.0150470885848
14.7706349206349,1.10271442840203,1.30846606416526,0.245370858668756,82.0156973003143
14.7707341269841,1.10262435087887,1.30838300356381,0.245253532283282,82.0163474496471
14.7708333333333,1.10253428211994,1.30829994015265,0.245136261860816,82.0169975365938
14.7709325396825,1.10244422212392,1.30821687393659,0.245019047373601,82.0176475611648
14.7710317460317,1.10235417088952,1.30813380492039,0.244901888793893,82.0182975233706
14.771130952381,1.10226412841543,1.30805073310886,0.244784786093954,82.0189474232217
14.7712301587302,1.10217409470035,1.30796765850677,0.244667739246068,82.0195972607286
14.7713293650794,1.10208406974297,1.30788458111891,0.24455074822252,82.0202470359018
14.7714285714286,1.101994053542,1.30780150095004,0.244433812995621,82.0208967487518
14.7715277777778,1.10190404609614,1.30771841800495,0.24431693353768,82.021546399289
14.771626984127,1.10181404740408,1.30763533228841,0.244200109821034,82.0221959875239
14.7717261904762,1.10172405746452,1.30755224380519,0.244083341818016,82.022845513467
14.7718253968254,1.10163407627617,1.30746915256005,0.243966629500989,82.0234949771287
14.7719246031746,1.10154410383772,1.30738605855777,0.243849972842313,82.0241443785195
14.7720238095238,1.10145414014789,1.3073029618031,0.243733371814372,82.0247937176499
14.772123015873,1.10136418520538,1.3072198623008,0.243616826389554,82.0254429945303
14.7722222222222,1.10127423900888,1.30713676005563,0.243500336540268,82.0260922091712
14.7723214285714,1.10118430155711,1.30705365507235,0.243383902238926,82.026741361583
14.7724206349206,1.10109437284877,1.30697054735571,0.243267523457961,82.0273904517761
14.7725198412698,1.10100445288256,1.30688743691046,0.243151200169818,82.028039479761
14.772619047619,1.1009145416572,1.30680432374134,0.243034932346945,82.0286884455482
14.7727182539683,1.10082463917139,1.3067212078531,0.242918719961816,82.0293373491481
14.7728174603175,1.10073474542384,1.30663808925048,0.242802562986906,82.029986190571
14.7729166666667,1.10064486041326,1.30655496793823,0.242686461394712,82.0306349698275
14.7730158730159,1.10055498413836,1.30647184392107,0.242570415157735,82.0312836869279
14.7731150793651,1.10046511659785,1.30638871720375,0.242454424248497,82.0319323418827
14.7732142857143,1.10037525779044,1.306305587791,0.242338488639523,82.0325809347023
14.7733134920635,1.10028540771485,1.30622245568754,0.242222608303362,82.0332294653971
14.7734126984127,1.10019556636978,1.3061393208981,0.242106783212563,82.0338779339775
14.7735119047619,1.10010573375395,1.30605618342741,0.241991013339701,82.0345263404539
14.7736111111111,1.10001590986608,1.30597304328019,0.24187529865735,82.0351746848367
14.7737103174603,1.09992609470487,1.30588990046115,0.24175963913811,82.0358229671364
14.7738095238095,1.09983628826906,1.30580675497502,0.241644034754579,82.0364711873632
14.7739087301587,1.09974649055734,1.30572360682651,0.241528485479381,82.0371193455277
14.7740079365079,1.09965670156844,1.30564045602033,0.241412991285147,82.0377674416402
14.7741071428571,1.09956692130108,1.30555730256119,0.241297552144517,82.0384154757111
14.7742063492063,1.09947714975398,1.3054741464538,0.241182168030151,82.0390634477507
14.7743055555556,1.09938738692585,1.30539098770285,0.241066838914714,82.0397113577695
14.7744047619048,1.09929763281541,1.30530782631306,0.240951564770891,82.0403592057778
14.774503968254,1.09920788742139,1.30522466228912,0.240836345571371,82.041006991786
14.7746031746032,1.09911815074251,1.30514149563573,0.240721181288867,82.0416547158044
14.7747023809524,1.09902842277749,1.30505832635758,0.240606071896091,82.0423023778435
14.7748015873016,1.09893870352504,1.30497515445936,0.24049101736578,82.0429499779136
14.7749007936508,1.09884899298391,1.30489197994577,0.240376017670673,82.043597516025
14.775,1.0987592911528,1.30480880282148,0.240261072783533,82.0442449921881
14.7750992063492,1.09866959803045,1.30472562309119,0.240146182677123,82.0448924064132
14.7751984126984,1.09857991361558,1.30464244075957,0.24003134732423,82.0455397587108
14.7752976190476,1.09849023790692,1.3045592558313,0.239916566697644,82.0461870490911
14.7753968253968,1.09840057090318,1.30447606831106,0.239801840770174,82.0468342775644
14.775496031746,1.09831091260312,1.30439287820353,0.239687169514643,82.0474814441412
14.7755952380952,1.09822126300544,1.30430968551336,0.239572552903876,82.0481285488318
14.7756944444444,1.09813162210888,1.30422649024524,0.239457990910726,82.0487755916464
14.7757936507937,1.09804198991218,1.30414329240383,0.239343483508042,82.0494225725955
14.7758928571429,1.09795236641405,1.30406009199379,0.239229030668701,82.0500694916893
14.7759920634921,1.09786275161323,1.30397688901978,0.23911463236558,82.0507163489381
14.7760912698413,1.09777314550846,1.30389368348647,0.239000288571579,82.0513631443523
14.7761904761905,1.09768354809847,1.3038104753985,0.2388859992596,82.0520098779422
14.7762896825397,1.09759395938199,1.30372726476053,0.23877176440257,82.0526565497181
14.7763888888889,1.09750437935775,1.30364405157721,0.238657583973414,82.0533031596903
14.7764880952381,1.09741480802449,1.30356083585319,0.238543457945085,82.0539497078691
14.7765873015873,1.09732524538095,1.30347761759312,0.238429386290535,82.0545961942648
14.7766865079365,1.09723569142586,1.30339439680163,0.238315368982739,82.0552426188876
14.7767857142857,1.09714614615796,1.30331117348337,0.238201405994675,82.055888981748
14.7768849206349,1.09705660957598,1.30322794764299,0.238087497299342,82.0565352828562
14.7769841269841,1.09696708167867,1.3031447192851,0.23797364286975,82.0571815222224
14.7770833333333,1.09687756246477,1.30306148841435,0.237859842678915,82.057827699857
14.7771825396825,1.09678805193301,1.30297825503537,0.237746096699877,82.0584738157702
14.7772817460317,1.09669855008213,1.30289501915278,0.237632404905674,82.0591198699723
14.777380952381,1.09660905691089,1.30281178077121,0.237518767269372,82.0597658624736
14.7774801587302,1.09651957241801,1.30272853989529,0.237405183764035,82.0604117932843
14.7775793650794,1.09643009660224,1.30264529652963,0.237291654362754,82.0610576624148
14.7776785714286,1.09634062946233,1.30256205067885,0.237178179038619,82.0617034698752
14.7777777777778,1.09625117099702,1.30247880234756,0.237064757764744,82.0623492156758
14.777876984127,1.09616172120506,1.30239555154039,0.236951390514245,82.0629948998269
14.7779761904762,1.09607228008518,1.30231229826193,0.236838077260262,82.0636405223387
14.7780753968254,1.09598284763614,1.30222904251681,0.236724817975935,82.0642860832215
14.7781746031746,1.09589342385669,1.30214578430961,0.23661161263443,82.0649315824855
14.7782738095238,1.09580400874557,1.30206252364495,0.236498461208913,82.065577020141
14.778373015873,1.09571460230152,1.30197926052743,0.23638536367257,82.0662223961983
14.7784722222222,1.09562520452331,1.30189599496163,0.236272319998602,82.0668677106674
14.7785714285714,1.09553581540889,1.30181272695235,0.236159330160786,82.0675129635589
14.7786706349206,1.09544643493598,1.30172945650905,0.236046394148321,82.0681581548874
14.7787698412698,1.09535706309381,1.30164618363818,0.235933511943462,82.0688032846648
14.778869047619,1.09526769988097,1.30156290834394,0.235820683521868,82.0694483529009
14.7789682539683,1.09517834529607,1.30147963063055,0.235707908859195,82.0700933596054
14.7790674603175,1.09508899933769,1.30139635050219,0.235595187931119,82.0707383047879
14.7791666666667,1.09499966200442,1.30131306796308,0.23548252071331,82.0713831884582
14.7792658730159,1.09491033329487,1.30122978301742,0.235369907181459,82.0720280106261
14.7793650793651,1.09482101320762,1.30114649566939,0.235257347311254,82.0726727713012
14.7794642857143,1.09473170174128,1.3010632059232,0.235144841078401,82.0733174704933
14.7795634920635,1.09464239889443,1.30097991378304,0.235032388458603,82.0739621082121
14.7796626984127,1.09455310466567,1.3008966192531,0.23491998942758,82.0746066844672
14.7797619047619,1.0944638190536,1.30081332233757,0.234807643961052,82.0752511992685
14.7798611111111,1.09437454205681,1.30073002304065,0.234695352034753,82.0758956526255
14.7799603174603,1.09428527367391,1.30064672136652,0.234583113624424,82.0765400445481
14.7800595238095,1.09419601390349,1.30056341731937,0.234470928705808,82.0771843750458
14.7801587301587,1.09410676274414,1.30048011090338,0.234358797254665,82.0778286441285
14.7802579365079,1.09401752019447,1.30039680212274,0.234246719246752,82.0784728518058
14.7803571428571,1.09392828625307,1.30031349098163,0.234134694657845,82.0791169980874
14.7804563492064,1.09383906091854,1.30023017748422,0.234022723463716,82.079761082983
14.7805555555556,1.09374984418948,1.30014686163471,0.233910805640158,82.0804051065023
14.7806547619048,1.0936606360645,1.30006354343726,0.233798941162958,82.0810490686549
14.780753968254,1.09357143654218,1.29998022289606,0.233687130007923,82.0816929694506
14.7808531746032,1.09348224562113,1.29989690001528,0.233575372150857,82.0823368088991
14.7809523809524,1.09339306329996,1.29981357479908,0.233463667567584,82.08298058701
14.7810515873016,1.09330388957726,1.29973024725165,0.23335201623392,82.083624303793
14.7811507936508,1.09321472445163,1.29964691737715,0.233240418125706,82.0842679592578
14.78125,1.09312556792167,1.29956358517975,0.233128873218775,82.0849115534141
14.7813492063492,1.093036419986,1.29948025066362,0.233017381488979,82.0855550862715
14.7814484126984,1.0929472806432,1.29939691383292,0.232905942912176,82.0861985578398
14.7815476190476,1.09285814989188,1.29931357469181,0.232794557464224,82.0868419681285
14.7816468253968,1.09276902773066,1.29923023324447,0.232683225121,82.0874853171473
14.781746031746,1.09267991415812,1.29914688949504,0.232571945858378,82.088128604906
14.7818452380952,1.09259080917287,1.2990635434477,0.232460719652251,82.0887718314141
14.7819444444444,1.09250171277352,1.29898019510659,0.232349546478506,82.0894149966814
14.7820436507936,1.09241262495868,1.29889684447588,0.232238426313053,82.0900581007175
14.7821428571429,1.09232354572694,1.29881349155971,0.232127359131795,82.090701143532
14.7822420634921,1.09223447507692,1.29873013636225,0.232016344910657,82.0913441251346
14.7823412698413,1.09214541300721,1.29864677888763,0.231905383625559,82.091987045535
14.7824404761905,1.09205635951643,1.29856341914002,0.231794475252439,82.0926299047428
14.7825396825397,1.09196731460318,1.29848005712357,0.231683619767233,82.0932727027677
14.7826388888889,1.09187827826607,1.29839669284241,0.231572817145897,82.0939154396192
14.7827380952381,1.0917892505037,1.2983133263007,0.23146206736438,82.0945581153071
14.7828373015873,1.09170023131469,1.29822995750257,0.231351370398651,82.095200729841
14.7829365079365,1.09161122069764,1.29814658645218,0.231240726224685,82.0958432832305
14.7830357142857,1.09152221865116,1.29806321315366,0.231130134818456,82.0964857754852
14.7831349206349,1.09143322517386,1.29797983761115,0.231019596155957,82.0971282066149
14.7832341269841,1.09134424026434,1.29789645982879,0.230909110213179,82.097770576629
14.7833333333333,1.09125526392123,1.29781307981072,0.23079867696613,82.0984128855374
14.7834325396825,1.09116629614312,1.29772969756107,0.230688296390817,82.0990551333495
14.7835317460317,1.09107733692863,1.29764631308398,0.230577968463263,82.099697320075
14.783630952381,1.09098838627637,1.29756292638357,0.230467693159489,82.1003394457235
14.7837301587302,1.09089944418495,1.29747953746398,0.230357470455537,82.1009815103047
14.7838293650794,1.09081051065297,1.29739614632933,0.230247300327441,82.1016235138281
14.7839285714286,1.09072158567906,1.29731275298376,0.230137182751259,82.1022654563035
14.7840277777778,1.09063266926183,1.29722935743139,0.230027117703041,82.1029073377403
14.784126984127,1.09054376139988,1.29714595967634,0.22991710515886,82.1035491581482
14.7842261904762,1.09045486209183,1.29706255972274,0.229807145094783,82.1041909175369
14.7843253968254,1.0903659713363,1.29697915757471,0.229697237486892,82.1048326159159
14.7844246031746,1.09027708913189,1.29689575323637,0.229587382311282,82.1054742532949
14.7845238095238,1.09018821547722,1.29681234671183,0.229477579544041,82.1061158296833
14.784623015873,1.09009935037091,1.29672893800521,0.229367829161281,82.106757345091
14.7847222222222,1.09001049381157,1.29664552712063,0.229258131139107,82.1073987995273
14.7848214285714,1.08992164579782,1.29656211406221,0.229148485453645,82.108040193002
14.7849206349206,1.08983280632826,1.29647869883404,0.229038892081017,82.1086815255246
14.7850198412698,1.08974397540152,1.29639528144026,0.228929350997364,82.1093227971048
14.785119047619,1.08965515301622,1.29631186188495,0.228819862178824,82.109964007752
14.7852182539683,1.08956633917096,1.29622844017224,0.228710425601553,82.1106051574759
14.7853174603175,1.08947753386437,1.29614501630622,0.228601041241704,82.1112462462862
14.7854166666667,1.08938873709507,1.29606159029101,0.22849170907545,82.1118872741923
14.7855158730159,1.08929994886166,1.2959781621307,0.228382429078958,82.1125282412039
14.7856150793651,1.08921116916278,1.29589473182939,0.228273201228417,82.1131691473305
14.7857142857143,1.08912239799703,1.2958112993912,0.22816402550001,82.1138099925817
14.7858134920635,1.08903363536304,1.2957278648202,0.228054901869938,82.114450776967
14.7859126984127,1.08894488125943,1.29564442812051,0.22794583031441,82.1150915004962
14.7860119047619,1.08885613568481,1.29556098929622,0.227836810809631,82.1157321631786
14.7861111111111,1.08876739863781,1.29547754835142,0.22772784333183,82.116372765024
14.7862103174603,1.08867867011704,1.2953941052902,0.227618927857228,82.1170133060418
14.7863095238095,1.08858995012114,1.29531066011665,0.227510064362068,82.1176537862416
14.7864087301587,1.0885012386487,1.29522721283487,0.227401252822588,82.118294205633
14.7865079365079,1.08841253569837,1.29514376344894,0.227292493215046,82.1189345642256
14.7866071428571,1.08832384126876,1.29506031196295,0.227183785515696,82.1195748620289
14.7867063492063,1.08823515535849,1.29497685838098,0.227075129700811,82.1202150990524
14.7868055555556,1.08814647796619,1.29489340270712,0.226966525746659,82.1208552753057
14.7869047619048,1.08805780909048,1.29480994494544,0.226857973629531,82.1214953907984
14.787003968254,1.08796914872998,1.29472648510003,0.226749473325711,82.12213544554
14.7871031746032,1.08788049688331,1.29464302317497,0.226641024811502,82.12277543954
14.7872023809524,1.08779185354911,1.29455955917433,0.226532628063206,82.1234153728081
14.7873015873016,1.08770321872599,1.29447609310219,0.22642428305714,82.1240552453536
14.7874007936508,1.08761459241257,1.29439262496263,0.226315989769627,82.1246950571863
14.7875,1.0875259746075,1.29430915475971,0.226207748176992,82.1253348083156
14.7875992063492,1.08743736530938,1.2942256824975,0.226099558255579,82.125974498751
14.7876984126984,1.08734876451684,1.29414220818009,0.225991419981725,82.1266141285021
14.7877976190476,1.08726017222852,1.29405873181153,0.22588333333179,82.1272536975785
14.7878968253968,1.08717158844304,1.29397525339588,0.225775298282128,82.1278932059895
14.787996031746,1.08708301315903,1.29389177293723,0.225667314809114,82.1285326537449
14.7880952380952,1.0869944463751,1.29380829043962,0.225559382889118,82.129172040854
14.7881944444444,1.0869058880899,1.29372480590713,0.22545150249853,82.1298113673265
14.7882936507937,1.08681733830204,1.29364131934381,0.225343673613735,82.1304506331717
14.7883928571429,1.08672879701017,1.29355783075372,0.225235896211139,82.1310898383994
14.7884920634921,1.0866402642129,1.29347434014091,0.225128170267142,82.1317289830189
14.7885912698413,1.08655173990886,1.29339084750946,0.225020495758167,82.1323680670398
14.7886904761905,1.08646322409669,1.2933073528634,0.224912872660629,82.1330070904716
14.7887896825397,1.08637471677502,1.29322385620679,0.224805300950962,82.1336460533238
14.7888888888889,1.08628621794247,1.29314035754368,0.224697780605608,82.1342849556059
14.7889880952381,1.08619772759767,1.29305685687813,0.224590311601006,82.1349237973274
14.7890873015873,1.08610924573927,1.29297335421417,0.224482893913615,82.1355625784978
14.7891865079365,1.08602077236588,1.29288984955587,0.224375527519893,82.1362012991267
14.7892857142857,1.08593230747615,1.29280634290725,0.224268212396313,82.1368399592234
14.7893849206349,1.08584385106869,1.29272283427237,0.224160948519347,82.1374785587976
14.7894841269841,1.08575540314216,1.29263932365528,0.224053735865486,82.1381170978586
14.7895833333333,1.08566696369517,1.29255581106,0.223946574411216,82.1387555764161
14.7896825396825,1.08557853272636,1.29247229649057,0.223839464133044,82.1393939944794
14.7897817460317,1.08549011023437,1.29238877995105,0.223732405007472,82.1400323520581
14.789880952381,1.08540169621783,1.29230526144545,0.223625397011021,82.1406706491617
14.7899801587302,1.08531329067537,1.29222174097783,0.22351844012021,82.1413088857996
14.7900793650794,1.08522489360564,1.2921382185522,0.223411534311576,82.1419470619813
14.7901785714286,1.08513650500725,1.2920546941726,0.223304679561651,82.1425851777163
14.7902777777778,1.08504812487885,1.29197116784306,0.223197875846987,82.1432232330141
14.790376984127,1.08495975321909,1.29188763956762,0.223091123144139,82.1438612278841
14.7904761904762,1.08487139002658,1.29180410935028,0.222984421429666,82.1444991623358
14.7905753968254,1.08478303529997,1.2917205771951,0.222877770680144,82.1451370363788
14.7906746031746,1.0846946890379,1.29163704310607,0.222771170872143,82.1457748500223
14.7907738095238,1.084606351239,1.29155350708724,0.222664621982257,82.146412603276
14.790873015873,1.08451802190191,1.29146996914261,0.222558123987072,82.1470502961493
14.7909722222222,1.08442970102528,1.29138642927622,0.222451676863196,82.1476879286516
14.7910714285714,1.08434138860773,1.29130288749206,0.222345280587233,82.1483255007924
14.7911706349206,1.0842530846479,1.29121934379418,0.222238935135804,82.1489630125811
14.7912698412698,1.08416478914445,1.29113579818656,0.222132640485528,82.1496004640273
14.791369047619,1.08407650209599,1.29105225067324,0.222026396613044,82.1502378551403
14.7914682539683,1.08398822350119,1.29096870125822,0.221920203494986,82.1508751859296
14.7915674603175,1.08389995335867,1.29088514994552,0.221814061108008,82.1515124564047
14.7916666666667,1.08381169166708,1.29080159673913,0.22170796942876,82.152149666575
14.7917658730159,1.08372343842505,1.29071804164307,0.221601928433907,82.1527868164499
14.7918650793651,1.08363519363124,1.29063448466135,0.221495938100124,82.1534239060389
14.7919642857143,1.08354695728427,1.29055092579796,0.221389998404085,82.1540609353515
14.7920634920635,1.0834587293828,1.29046736505692,0.221284109322481,82.1546979043969
14.7921626984127,1.08337050992547,1.29038380244222,0.221178270832001,82.1553348131848
14.7922619047619,1.08328229891092,1.29030023795786,0.221072482909354,82.1559716617245
14.7923611111111,1.08319409633778,1.29021667160783,0.220966745531243,82.1566084500255
14.7924603174603,1.08310590220472,1.29013310339615,0.220861058674393,82.1572451780971
14.7925595238095,1.08301771651037,1.29004953332679,0.220755422315522,82.1578818459488
14.7926587301587,1.08292953925337,1.28996596140377,0.220649836431371,82.1585184535901
14.7927579365079,1.08284137043237,1.28988238763105,0.220544300998674,82.1591550010303
14.7928571428571,1.08275321004602,1.28979881201264,0.220438815994185,82.1597914882789
14.7929563492063,1.08266505809296,1.28971523455253,0.220333381394657,82.1604279153453
14.7930555555556,1.08257691457184,1.2896316552547,0.220227997176858,82.1610642822388
14.7931547619048,1.08248877948129,1.28954807412314,0.220122663317556,82.161700588969
14.793253968254,1.08240065281998,1.28946449116184,0.220017379793533,82.1623368355452
14.7933531746032,1.08231253458655,1.28938090637477,0.219912146581579,82.1629730219769
14.7934523809524,1.08222442477964,1.28929731976591,0.219806963658485,82.1636091482733
14.7935515873016,1.0821363233979,1.28921373133926,0.219701831001059,82.164245214444
14.7936507936508,1.08204823043999,1.28913014109878,0.219596748586106,82.1648812204984
14.79375,1.08196014590454,1.28904654904845,0.219491716390452,82.1655171664457
14.7938492063492,1.08187206979022,1.28896295519225,0.219386734390916,82.1661530522956
14.7939484126984,1.08178400209566,1.28887935953415,0.219281802564338,82.1667888780572
14.7940476190476,1.08169594281951,1.28879576207813,0.219176920887556,82.1674246437401
14.7941468253968,1.08160789196044,1.28871216282814,0.219072089337424,82.1680603493535
14.794246031746,1.08151984951708,1.28862856178817,0.218967307890794,82.168695994907
14.7943452380952,1.0814318154881,1.28854495896219,0.218862576524538,82.1693315804098
14.7944444444444,1.08134378987213,1.28846135435415,0.218757895215523,82.1699671058715
14.7945436507936,1.08125577266783,1.28837774796802,0.218653263940635,82.1706025713012
14.7946428571429,1.08116776387386,1.28829413980776,0.218548682676757,82.1712379767085
14.7947420634921,1.08107976348886,1.28821052987734,0.218444151400788,82.1718733221027
14.7948412698413,1.08099177151149,1.28812691818072,0.218339670089636,82.1725086074932
14.7949404761905,1.08090378794041,1.28804330472185,0.218235238720206,82.1731438328893
14.7950396825397,1.08081581277426,1.28795968950469,0.218130857269425,82.1737789983004
14.7951388888889,1.08072784601169,1.2878760725332,0.218026525714213,82.174414103736
14.7952380952381,1.08063988765137,1.28779245381133,0.217922244031512,82.1750491492053
14.7953373015873,1.08055193769195,1.28770883334303,0.217818012198259,82.1756841347177
14.7954365079365,1.08046399613208,1.28762521113226,0.21771383019141,82.1763190602826
14.7955357142857,1.08037606297042,1.28754158718296,0.217609697987919,82.1769539259093
14.7956349206349,1.08028813820562,1.28745796149909,0.217505615564756,82.1775887316072
14.7957341269841,1.08020022183634,1.28737433408457,0.217401582898891,82.1782234773857
14.7958333333333,1.08011231386124,1.28729070494338,0.217297599967311,82.1788581632541
14.7959325396825,1.08002441427897,1.28720707407943,0.217193666747,82.1794927892217
14.7960317460317,1.07993652308819,1.28712344149669,0.217089783214961,82.1801273552979
14.796130952381,1.07984864028756,1.28703980719908,0.216985949348192,82.1807618614921
14.7962301587302,1.07976076587573,1.28695617119055,0.216882165123711,82.1813963078136
14.7963293650794,1.07967289985137,1.28687253347503,0.216778430518541,82.1820306942717
14.7964285714286,1.07958504221313,1.28678889405646,0.216674745509703,82.1826650208758
14.7965277777778,1.07949719295967,1.28670525293878,0.216571110074241,82.1832992876352
14.796626984127,1.07940935208965,1.28662161012591,0.216467524189191,82.1839334945593
14.7967261904762,1.07932151960173,1.28653796562178,0.216363987831612,82.1845676416573
14.7968253968254,1.07923369549457,1.28645431943034,0.216260500978558,82.1852017289386
14.7969246031746,1.07914587976683,1.2863706715555,0.216157063607101,82.1858357564126
14.7970238095238,1.07905807241717,1.28628702200118,0.21605367569431,82.1864697240885
14.797123015873,1.07897027344426,1.28620337077133,0.215950337217274,82.1871036319757
14.7972222222222,1.07888248284675,1.28611971786985,0.215847048153078,82.1877374800836
14.7973214285714,1.07879470062331,1.28603606330068,0.215743808478826,82.1883712684213
14.7974206349206,1.0787069267726,1.28595240706773,0.215640618171618,82.1890049969983
14.7975198412698,1.07861916129328,1.28586874917492,0.215537477208574,82.1896386658239
14.797619047619,1.07853140418401,1.28578508962616,0.215434385566809,82.1902722749073
14.7977182539683,1.07844365544346,1.28570142842539,0.215331343223456,82.190905824258
14.7978174603175,1.0783559150703,1.2856177655765,0.215228350155654,82.1915393138851
14.7979166666667,1.07826818306318,1.28553410108341,0.215125406340543,82.192172743798
14.7980158730159,1.07818045942077,1.28545043495003,0.215022511755281,82.192806114006
14.7981150793651,1.07809274414174,1.28536676718028,0.214919666377024,82.1934394245185
14.7982142857143,1.07800503722475,1.28528309777806,0.214816870182943,82.1940726753446
14.7983134920635,1.07791733866846,1.28519942674727,0.214714123150211,82.1947058664938
14.7984126984127,1.07782964847155,1.28511575409183,0.214611425256016,82.1953389979752
14.7985119047619,1.07774196663268,1.28503207981563,0.214508776477544,82.1959720697982
14.7986111111111,1.07765429315052,1.28494840392259,0.214406176792,82.1966050819722
14.7987103174603,1.07756662802373,1.28486472641659,0.214303626176586,82.1972380345063
14.7988095238095,1.07747897125098,1.28478104730154,0.214201124608521,82.1978709274098
14.7989087301587,1.07739132283094,1.28469736658134,0.214098672065022,82.1985037606921
14.7990079365079,1.07730368276227,1.28461368425988,0.213996268523327,82.1991365343625
14.7991071428571,1.07721605104366,1.28453000034105,0.213893913960666,82.1997692484301
14.7992063492064,1.07712842767375,1.28444631482875,0.213791608354289,82.2004019029043
14.7993055555556,1.07704081265124,1.28436262772688,0.213689351681451,82.2010344977944
14.7994047619048,1.07695320597477,1.28427893903932,0.21358714391941,82.2016670331096
14.799503968254,1.07686560764304,1.28419524876996,0.213484985045438,82.2022995088593
14.7996031746032,1.07677801765469,1.28411155692268,0.213382875036809,82.2029319250526
14.7997023809524,1.07669043600842,1.28402786350138,0.213280813870811,82.2035642816988
14.7998015873016,1.07660286270288,1.28394416850993,0.213178801524732,82.2041965788072
14.7999007936508,1.07651529773675,1.28386047195222,0.213076837975878,82.2048288163871
14.8,1.07642774110869,1.28377677383213,0.21297492320155,82.2054609944478
14.8000992063492,1.0763401928174,1.28369307415354,0.212873057179071,82.2060931129984
14.8001984126984,1.07625265286153,1.28360937292033,0.212771239885757,82.2067251720483
14.8002976190476,1.07616512123976,1.28352567013637,0.212669471298946,82.2073571716066
14.8003968253968,1.07607759795076,1.28344196580553,0.212567751395972,82.2079891116827
14.800496031746,1.07599008299321,1.2833582599317,0.212466080154186,82.2086209922858
14.8005952380952,1.07590257636578,1.28327455251874,0.212364457550938,82.2092528134252
14.8006944444444,1.07581507806714,1.28319084357052,0.212262883563592,82.2098845751101
14.8007936507937,1.07572758809598,1.28310713309092,0.212161358169522,82.2105162773496
14.8008928571429,1.07564010645096,1.28302342108379,0.2120598813461,82.2111479201532
14.8009920634921,1.07555263313076,1.28293970755301,0.211958453070716,82.2117795035299
14.8010912698413,1.07546516813406,1.28285599250244,0.211857073320759,82.2124110274891
14.8011904761905,1.07537771145954,1.28277227593594,0.211755742073636,82.21304249204
14.8012896825397,1.07529026310587,1.28268855785737,0.211654459306749,82.2136738971918
14.8013888888889,1.07520282307173,1.28260483827059,0.211553224997521,82.2143052429537
14.8014880952381,1.07511539135579,1.28252111717946,0.211452039123371,82.214936529335
14.8015873015873,1.07502796795673,1.28243739458784,0.211350901661736,82.2155677563449
14.8016865079365,1.07494055287324,1.28235367049958,0.211249812590051,82.2161989239926
14.8017857142857,1.07485314610399,1.28226994491854,0.211148771885769,82.2168300322873
14.8018849206349,1.07476574764766,1.28218621784856,0.211047779526341,82.2174610812383
14.8019841269841,1.07467835750293,1.2821024892935,0.210946835489234,82.2180920708548
14.8020833333333,1.07459097566848,1.28201875925721,0.210845939751915,82.218723001146
14.8021825396825,1.07450360214299,1.28193502774353,0.210745092291864,82.219353872121
14.8022817460317,1.07441623692514,1.28185129475631,0.210644293086571,82.2199846837892
14.802380952381,1.07432888001361,1.28176756029939,0.210543542113526,82.2206154361597
14.8024801587302,1.07424153140708,1.28168382437663,0.210442839350235,82.2212461292417
14.8025793650794,1.07415419110424,1.28160008699185,0.210342184774203,82.2218767630444
14.8026785714286,1.07406685910376,1.2815163481489,0.210241578362953,82.222507337577
14.8027777777778,1.07397953540434,1.28143260785161,0.210141020094004,82.2231378528488
14.802876984127,1.07389222000464,1.28134886610383,0.210040509944896,82.2237683088689
14.8029761904762,1.07380491290336,1.28126512290938,0.209940047893164,82.2243987056465
14.8030753968254,1.07371761409918,1.28118137827211,0.209839633916362,82.2250290431908
14.8031746031746,1.07363032359078,1.28109763219584,0.209739267992041,82.225659321511
14.8032738095238,1.07354304137685,1.28101388468441,0.209638950097771,82.2262895406162
14.803373015873,1.07345576745607,1.28093013574164,0.209538680211117,82.2269197005158
14.8034722222222,1.07336850182712,1.28084638537136,0.209438458309666,82.2275498012188
14.8035714285714,1.0732812444887,1.2807626335774,0.209338284370999,82.2281798427344
14.8036706349206,1.07319399543948,1.28067888036358,0.209238158372715,82.2288098250719
14.8037698412698,1.07310675467816,1.28059512573373,0.209138080292418,82.2294397482403
14.803869047619,1.07301952220342,1.28051136969167,0.209038050107715,82.2300696122489
14.8039682539683,1.07293229801395,1.28042761224121,0.208938067796229,82.2306994171069
14.8040674603175,1.07284508210843,1.28034385338618,0.208838133335581,82.2313291628233
14.8041666666667,1.07275787448556,1.28026009313039,0.208738246703411,82.2319588494074
14.8042658730159,1.07267067514401,1.28017633147766,0.208638407877356,82.2325884768684
14.8043650793651,1.07258348408248,1.2800925684318,0.208538616835069,82.2332180452153
14.8044642857143,1.07249630129966,1.28000880399662,0.208438873554204,82.2338475544574
14.8045634920635,1.07240912679424,1.27992503817594,0.20833917801243,82.2344770046039
14.8046626984127,1.0723219605649,1.27984127097356,0.208239530187415,82.2351063956638
14.8047619047619,1.07223480261034,1.2797575023933,0.208139930056846,82.2357357276463
14.8048611111111,1.07214765292924,1.27967373243895,0.208040377598405,82.2363650005607
14.8049603174603,1.0720605115203,1.27958996111433,0.207940872789793,82.236994214416
14.8050595238095,1.07197337838221,1.27950618842324,0.207841415608711,82.2376233692213
14.8051587301587,1.07188625351366,1.27942241436947,0.207742006032871,82.2382524649859
14.8052579365079,1.07179913691334,1.27933863895683,0.207642644039996,82.2388815017189
14.8053571428571,1.07171202857994,1.27925486218912,0.207543329607808,82.2395104794294
14.8054563492063,1.07162492851216,1.27917108407013,0.207444062714047,82.2401393981265
14.8055555555556,1.07153783670868,1.27908730460367,0.207344843336451,82.2407682578195
14.8056547619048,1.07145075316821,1.27900352379352,0.207245671452776,82.2413970585173
14.805753968254,1.07136367788943,1.27891974164347,0.207146547040775,82.2420258002292
14.8058531746032,1.07127661087105,1.27883595815733,0.207047470078218,82.2426544829643
14.8059523809524,1.07118955211174,1.27875217333887,0.206948440542875,82.2432831067318
14.8060515873016,1.07110250161022,1.27866838719189,0.206849458412533,82.2439116715406
14.8061507936508,1.07101545936517,1.27858459972017,0.206750523664975,82.2445401774001
14.80625,1.07092842537528,1.2785008109275,0.206651636278004,82.2451686243192
14.8063492063492,1.07084139963926,1.27841702081765,0.20655279622942,82.2457970123072
14.8064484126984,1.07075438215581,1.27833322939443,0.206454003497041,82.246425341373
14.8065476190476,1.07066737292361,1.27824943666159,0.206355258058681,82.247053611526
14.8066468253968,1.07058037194136,1.27816564262293,0.206256559892172,82.247681822775
14.806746031746,1.07049337920777,1.27808184728222,0.206157908975353,82.2483099751294
14.8068452380952,1.07040639472152,1.27799805064323,0.20605930528606,82.2489380685981
14.8069444444444,1.07031941848133,1.27791425270974,0.205960748802153,82.2495661031903
14.8070436507937,1.07023245048587,1.27783045348553,0.205862239501484,82.2501940789151
14.8071428571429,1.07014549073387,1.27774665297436,0.205763777361926,82.2508219957815
14.8072420634921,1.07005853922401,1.27766285118,0.205665362361348,82.2514498537988
14.8073412698413,1.06997159595499,1.27757904810623,0.205566994477638,82.2520776529759
14.8074404761905,1.06988466092551,1.2774952437568,0.205468673688681,82.252705393322
14.8075396825397,1.06979773413428,1.27741143813549,0.205370399972381,82.2533330748462
14.8076388888889,1.06971081557999,1.27732763124606,0.205272173306638,82.2539606975576
14.8077380952381,1.06962390526135,1.27724382309226,0.205173993669371,82.2545882614652
14.8078373015873,1.06953700317706,1.27716001367787,0.205075861038497,82.2552157665781
14.8079365079365,1.06945010932581,1.27707620300664,0.204977775391949,82.2558432129055
14.8080357142857,1.06936322370632,1.27699239108232,0.204879736707659,82.2564706004563
14.8081349206349,1.06927634631727,1.27690857790868,0.204781744963575,82.2570979292398
14.8082341269841,1.06918947715739,1.27682476348947,0.204683800137651,82.2577251992649
14.8083333333333,1.06910261622536,1.27674094782844,0.204585902207843,82.2583524105408
14.8084325396825,1.0690157635199,1.27665713092934,0.204488051152124,82.2589795630765
14.8085317460317,1.06892891903971,1.27657331279593,0.204390246948465,82.259606656881
14.808630952381,1.06884208278348,1.27648949343195,0.204292489574853,82.2602336919635
14.8087301587302,1.06875525474994,1.27640567284114,0.204194779009276,82.260860668333
14.8088293650794,1.06866843493777,1.27632185102726,0.204097115229737,82.2614875859986
14.8089285714286,1.06858162334569,1.27623802799405,0.203999498214238,82.2621144449694
14.8090277777778,1.06849481997241,1.27615420374524,0.203901927940798,82.2627412452543
14.809126984127,1.06840802481662,1.27607037828459,0.203804404387436,82.2633679868626
14.8092261904762,1.06832123787704,1.27598655161583,0.203706927532186,82.2639946698031
14.8093253968254,1.06823445915237,1.2759027237427,0.203609497353081,82.264621294085
14.8094246031746,1.06814768864132,1.27581889466893,0.203512113828171,82.2652478597173
14.8095238095238,1.0680609263426,1.27573506439826,0.203414776935506,82.2658743667092
14.809623015873,1.06797417225492,1.27565123293442,0.203317486653148,82.2665008150695
14.8097222222222,1.06788742637698,1.27556740028115,0.203220242959169,82.2671272048074
14.8098214285714,1.06780068870749,1.27548356644218,0.203123045831642,82.2677535359319
14.8099206349206,1.06771395924517,1.27539973142123,0.203025895248654,82.268379808452
14.8100198412698,1.06762723798872,1.27531589522202,0.202928791188294,82.2690060223769
14.810119047619,1.06754052493685,1.2752320578483,0.202831733628667,82.2696321777154
14.8102182539683,1.06745382008827,1.27514821930377,0.202734722547874,82.2702582744767
14.8103174603175,1.0673671234417,1.27506437959217,0.202637757924038,82.2708843126698
14.8104166666667,1.06728043499584,1.27498053871721,0.202540839735275,82.2715102923037
14.8105158730159,1.06719375474941,1.27489669668262,0.202443967959723,82.2721362133875
14.8106150793651,1.06710708270111,1.27481285349211,0.202347142575515,82.2727620759301
14.8107142857143,1.06702041884967,1.2747290091494,0.202250363560802,82.2733878799406
14.8108134920635,1.06693376319378,1.2746451636582,0.202153630893734,82.2740136254281
14.8109126984127,1.06684711573218,1.27456131702223,0.202056944552478,82.2746393124014
14.8110119047619,1.06676047646356,1.27447746924519,0.201960304515199,82.2752649408697
14.8111111111111,1.06667384538664,1.27439362033081,0.201863710760076,82.275890510842
14.8112103174603,1.06658722250014,1.27430977028279,0.201767163265299,82.2765160223272
14.8113095238095,1.06650060780277,1.27422591910483,0.201670662009055,82.2771414753345
14.8114087301587,1.06641400129324,1.27414206680064,0.20157420696955,82.2777668698727
14.8115079365079,1.06632740297028,1.27405821337393,0.201477798124987,82.2783922059509
14.8116071428571,1.06624081283259,1.2739743588284,0.201381435453589,82.279017483578
14.8117063492064,1.0661542308789,1.27389050316774,0.201285118933574,82.2796427027632
14.8118055555556,1.06606765710791,1.27380664639567,0.201188848543179,82.2802678635154
14.8119047619048,1.06598109151835,1.27372278851588,0.20109262426064,82.2808929658436
14.812003968254,1.06589453410893,1.27363892953206,0.200996446064209,82.2815180097568
14.8121031746032,1.06580798487837,1.27355506944792,0.200900313932135,82.2821429952639
14.8122023809524,1.06572144382539,1.27347120826714,0.200804227842687,82.282767922374
14.8123015873016,1.0656349109487,1.27338734599341,0.200708187774132,82.2833927910961
14.8124007936508,1.06554838624703,1.27330348263043,0.200612193704752,82.2840176014391
14.8125,1.06546186971909,1.27321961818189,0.200516245612828,82.2846423534121
14.8125992063492,1.06537536136361,1.27313575265147,0.200420343476658,82.2852670470239
14.8126984126984,1.06528886117929,1.27305188604286,0.200324487274547,82.2858916822836
14.8127976190476,1.06520236916487,1.27296801835974,0.200228676984797,82.2865162592002
14.8128968253968,1.06511588531906,1.27288414960581,0.200132912585733,82.2871407777826
14.812996031746,1.06502940964058,1.27280027978473,0.200037194055673,82.2877652380399
14.8130952380952,1.06494294212816,1.27271640890019,0.199941521372957,82.2883896399808
14.8131944444444,1.06485648278051,1.27263253695587,0.199845894515919,82.2890139836146
14.8132936507936,1.06477003159636,1.27254866395545,0.199750313462914,82.28963826895
14.8133928571429,1.06468358857443,1.27246478990259,0.199654778192292,82.2902624959962
14.8134920634921,1.06459715371345,1.27238091480098,0.199559288682422,82.2908866647619
14.8135912698413,1.06451072701213,1.27229703865429,0.199463844911672,82.2915107752563
14.8136904761905,1.06442430846919,1.27221316146618,0.199368446858426,82.2921348274882
14.8137896825397,1.06433789808337,1.27212928324033,0.199273094501065,82.2927588214666
14.8138888888889,1.06425149585339,1.27204540398041,0.199177787817991,82.2933827572005
14.8139880952381,1.06416510177797,1.27196152369008,0.199082526787601,82.2940066346988
14.8140873015873,1.06407871585583,1.271877642373,0.198987311388308,82.2946304539704
14.8141865079365,1.06399233808571,1.27179376003284,0.198892141598533,82.2952542150243
14.8142857142857,1.06390596846632,1.27170987667326,0.198797017396697,82.2958779178695
14.8143849206349,1.06381960699639,1.27162599229793,0.198701938761239,82.2965015625149
14.8144841269841,1.06373325367466,1.27154210691049,0.198606905670596,82.2971251489694
14.8145833333333,1.06364690849984,1.27145822051461,0.198511918103222,82.2977486772419
14.8146825396825,1.06356057147066,1.27137433311395,0.198416976037569,82.2983721473415
14.8147817460317,1.06347424258585,1.27129044471215,0.198322079452107,82.2989955592769
14.814880952381,1.06338792184414,1.27120655531287,0.198227228325305,82.2996189130573
14.8149801587302,1.06330160924426,1.27112266491976,0.198132422635646,82.3002422086914
14.8150793650794,1.06321530478493,1.27103877353647,0.198037662361616,82.3008654461883
14.8151785714286,1.06312900846489,1.27095488116665,0.197942947481714,82.3014886255567
14.8152777777778,1.06304272028286,1.27087098781395,0.19784827797444,82.3021117468058
14.815376984127,1.06295644023757,1.27078709348201,0.197753653818309,82.3027348099443
14.8154761904762,1.06287016832776,1.27070319817446,0.197659074991837,82.3033578149812
14.8155753968254,1.06278390455215,1.27061930189497,0.197564541473553,82.3039807619254
14.8156746031746,1.06269764890947,1.27053540464716,0.197470053241994,82.3046036507859
14.8157738095238,1.06261140139846,1.27045150643468,0.197375610275699,82.3052264815715
14.815873015873,1.06252516201785,1.27036760726116,0.197281212553221,82.3058492542911
14.8159722222222,1.06243893076636,1.27028370713023,0.197186860053115,82.3064719689536
14.8160714285714,1.06235270764274,1.27019980604554,0.197092552753951,82.3070946255681
14.8161706349206,1.06226649264571,1.27011590401072,0.196998290634298,82.3077172241432
14.8162698412698,1.062180285774,1.27003200102939,0.196904073672742,82.3083397646881
14.816369047619,1.06209408702636,1.26994809710519,0.196809901847868,82.3089622472115
14.8164682539683,1.06200789640151,1.26986419224175,0.196715775138278,82.3095846717223
14.8165674603175,1.06192171389819,1.26978028644268,0.196621693522571,82.3102070382295
14.8166666666667,1.06183553951513,1.26969637971163,0.196527656979365,82.3108293467419
14.8167658730159,1.06174937325107,1.2696124720522,0.196433665487274,82.3114515972684
14.8168650793651,1.06166321510474,1.26952856346803,0.196339719024933,82.3120737898179
14.8169642857143,1.06157706507488,1.26944465396273,0.196245817570972,82.3126959243993
14.8170634920635,1.06149092316022,1.26936074353992,0.196151961104037,82.3133180010215
14.8171626984127,1.06140478935951,1.26927683220323,0.196058149602781,82.3139400196933
14.8172619047619,1.06131866367147,1.26919291995626,0.195964383045859,82.3145619804237
14.8173611111111,1.06123254609485,1.26910900680263,0.195870661411943,82.3151838832215
14.8174603174603,1.06114643662838,1.26902509274596,0.195776984679702,82.3158057280955
14.8175595238095,1.0610603352708,1.26894117778985,0.195683352827824,82.3164275150547
14.8176587301587,1.06097424202085,1.26885726193792,0.195589765834994,82.3170492441079
14.8177579365079,1.06088815687727,1.26877334519377,0.195496223679915,82.317670915264
14.8178571428571,1.06080207983879,1.26868942756102,0.195402726341286,82.3182925285318
14.8179563492063,1.06071601090416,1.26860550904326,0.195309273797828,82.3189140839203
14.8180555555556,1.06062995007211,1.2685215896441,0.195215866028256,82.3195355814382
14.8181547619048,1.06054389734139,1.26843766936715,0.195122503011304,82.3201570210945
14.818253968254,1.06045785271073,1.268353748216,0.195029184725704,82.3207784028979
14.8183531746032,1.06037181617888,1.26826982619425,0.194935911150205,82.3213997268574
14.8184523809524,1.06028578774457,1.26818590330551,0.194842682263555,82.3220209929817
14.8185515873016,1.06019976740656,1.26810197955336,0.194749498044515,82.3226422012798
14.8186507936508,1.06011375516358,1.26801805494141,0.194656358471857,82.3232633517605
14.81875,1.06002775101437,1.26793412947324,0.194563263524352,82.3238844444326
14.8188492063492,1.05994175495768,1.26785020315245,0.194470213180786,82.324505479305
14.8189484126984,1.05985576699224,1.26776627598263,0.194377207419947,82.3251264563865
14.8190476190476,1.05976978711681,1.26768234796737,0.194284246220638,82.3257473756859
14.8191468253968,1.05968381533013,1.26759841911024,0.194191329561661,82.3263682372121
14.819246031746,1.05959785163093,1.26751448941485,0.194098457421835,82.326989040974
14.8193452380952,1.05951189601797,1.26743055888477,0.194005629779978,82.3276097869803
14.8194444444444,1.05942594849,1.26734662752359,0.193912846614924,82.3282304752398
14.8195436507937,1.05934000904574,1.26726269533489,0.193820107905506,82.3288511057615
14.8196428571429,1.05925407768397,1.26717876232225,0.193727413630574,82.3294716785541
14.8197420634921,1.0591681544034,1.26709482848923,0.193634763768977,82.3300921936265
14.8198412698413,1.0590822392028,1.26701089383944,0.193542158299581,82.3307126509874
14.8199404761905,1.05899633208091,1.26692695837642,0.19344959720125,82.3313330506457
14.8200396825397,1.05891043303648,1.26684302210377,0.193357080452861,82.3319533926103
14.8201388888889,1.05882454206825,1.26675908502505,0.193264608033303,82.3325736768898
14.8202380952381,1.05873865917498,1.26667514714384,0.193172179921463,82.3331939034932
14.8203373015873,1.05865278435541,1.26659120846369,0.193079796096244,82.3338140724292
14.8204365079365,1.05856691760829,1.26650726898819,0.19298745653655,82.3344341837067
14.8205357142857,1.05848105893236,1.26642332872089,0.192895161221301,82.3350542373345
14.8206349206349,1.05839520832639,1.26633938766536,0.192802910129415,82.3356742333213
14.8207341269841,1.05830936578912,1.26625544582516,0.192710703239829,82.3362941716759
14.8208333333333,1.05822353131929,1.26617150320386,0.192618540531474,82.3369140524072
14.8209325396825,1.05813770491566,1.26608755980501,0.192526421983304,82.337533875524
14.8210317460317,1.05805188657698,1.26600361563217,0.192434347574267,82.338153641035
14.821130952381,1.057966076302,1.2659196706889,0.19234231728333,82.338773348949
14.8212301587302,1.05788027408948,1.26583572497876,0.192250331089458,82.3393929992749
14.8213293650794,1.05779447993816,1.26575177850529,0.192158388971633,82.3400125920214
14.8214285714286,1.0577086938468,1.26566783127205,0.192066490908836,82.3406321271973
14.8215277777778,1.05762291581414,1.2655838832826,0.191974636880061,82.3412516048114
14.821626984127,1.05753714583895,1.26549993454047,0.191882826864313,82.3418710248724
14.8217261904762,1.05745138391998,1.26541598504922,0.191791060840595,82.3424903873892
14.8218253968254,1.05736563005598,1.2653320348124,0.191699338787927,82.3431096923705
14.8219246031746,1.0572798842457,1.26524808383354,0.19160766068533,82.3437289398251
14.8220238095238,1.0571941464879,1.2651641321162,0.191516026511839,82.3443481297618
14.822123015873,1.05710841678133,1.2650801796639,0.191424436246491,82.3449672621893
14.8222222222222,1.05702269512476,1.2649962264802,0.191332889868336,82.3455863371164
14.8223214285714,1.05693698151693,1.26491227256864,0.191241387356425,82.3462053545519
14.8224206349206,1.0568512759566,1.26482831793274,0.191149928689825,82.3468243145045
14.8225198412698,1.05676557844253,1.26474436257604,0.191058513847604,82.347443216983
14.822619047619,1.05667988897347,1.26466040650208,0.190967142808843,82.3480620619961
14.8227182539683,1.05659420754818,1.2645764497144,0.190875815552624,82.3486808495527
14.8228174603175,1.05650853416543,1.26449249221651,0.190784532058046,82.3492995796614
14.8229166666667,1.05642286882396,1.26440853401196,0.190693292304206,82.349918252331
14.8230158730159,1.05633721152254,1.26432457510426,0.190602096270216,82.3505368675703
14.8231150793651,1.05625156225992,1.26424061549695,0.190510943935195,82.351155425388
14.8232142857143,1.05616592103487,1.26415665519355,0.190419835278263,82.3517739257929
14.8233134920635,1.05608028784613,1.26407269419758,0.190328770278559,82.3523923687937
14.8234126984127,1.05599466269248,1.26398873251256,0.190237748915217,82.3530107543991
14.8235119047619,1.05590904557268,1.26390477014203,0.190146771167392,82.3536290826179
14.8236111111111,1.05582343648548,1.26382080708948,0.190055837014233,82.3542473534588
14.8237103174603,1.05573783542964,1.26373684335845,0.18996494643491,82.3548655669306
14.8238095238095,1.05565224240393,1.26365287895244,0.18987409940859,82.355483723042
14.8239087301587,1.0555666574071,1.26356891387498,0.189783295914457,82.3561018218016
14.8240079365079,1.05548108043793,1.26348494812956,0.189692535931692,82.3567198632184
14.8241071428571,1.05539551149516,1.26340098171972,0.189601819439497,82.3573378473009
14.8242063492063,1.05530995057757,1.26331701464894,0.189511146417068,82.3579557740579
14.8243055555556,1.05522439768392,1.26323304692076,0.189420516843621,82.358573643498
14.8244047619048,1.05513885281297,1.26314907853865,0.189329930698369,82.3591914556302
14.824503968254,1.05505331596348,1.26306510950615,0.189239387960541,82.359809210463
14.8246031746032,1.05496778713423,1.26298113982674,0.189148888609372,82.3604269080051
14.8247023809524,1.05488226632397,1.26289716950393,0.1890584326241,82.3610445482654
14.8248015873016,1.05479675353147,1.26281319854122,0.188968019983978,82.3616621312524
14.8249007936508,1.05471124875549,1.26272922694211,0.188877650668258,82.3622796569749
14.825,1.0546257519948,1.26264525471009,0.188787324656211,82.3628971254416
14.8250992063492,1.05454026324817,1.26256128184867,0.188697041927104,82.3635145366613
14.8251984126984,1.05445478251437,1.26247730836134,0.188606802460222,82.3641318906425
14.8252976190476,1.05436930979215,1.26239333425158,0.188516606234848,82.364749187394
14.8253968253968,1.05428384508029,1.2623093595229,0.188426453230283,82.3653664269246
14.825496031746,1.05419838837755,1.26222538417878,0.188336343425826,82.3659836092429
14.8255952380952,1.05411293968271,1.26214140822271,0.188246276800792,82.3666007343575
14.8256944444444,1.05402749899452,1.26205743165817,0.188156253334497,82.3672178022772
14.8257936507936,1.05394206631177,1.26197345448865,0.188066273006272,82.3678348130107
14.8258928571429,1.05385664163322,1.26188947671764,0.187976335795447,82.3684517665667
14.8259920634921,1.05377122495763,1.26180549834862,0.187886441681366,82.3690686629538
14.8260912698413,1.05368581628379,1.26172151938506,0.187796590643382,82.3696855021807
14.8261904761905,1.05360041561045,1.26163753983045,0.187706782660849,82.3703022842562
14.8262896825397,1.05351502293639,1.26155355968827,0.187617017713137,82.3709190091888
14.8263888888889,1.05342963826038,1.26146957896199,0.187527295779614,82.3715356769873
14.8264880952381,1.0533442615812,1.26138559765508,0.187437616839667,82.3721522876603
14.8265873015873,1.0532588928976,1.26130161577102,0.18734798087268,82.3727688412165
14.8266865079365,1.05317353220837,1.26121763331328,0.187258387858054,82.3733853376646
14.8267857142857,1.05308817951228,1.26113365028534,0.187168837775189,82.3740017770132
14.8268849206349,1.0530028348081,1.26104966669065,0.187079330603503,82.374618159271
14.8269841269841,1.0529174980946,1.26096568253269,0.18698986632241,82.3752344844467
14.8270833333333,1.05283216937056,1.26088169781491,0.186900444911343,82.3758507525489
14.8271825396825,1.05274684863476,1.2607977125408,0.186811066349734,82.3764669635863
14.8272817460317,1.05266153588595,1.2607137267138,0.186721730617029,82.3770831175675
14.827380952381,1.05257623112293,1.26062974033738,0.186632437692677,82.3776992145012
14.8274801587302,1.05249093434446,1.260545753415,0.186543187556137,82.378315254396
14.8275793650794,1.05240564554933,1.26046176595011,0.186453980186879,82.3789312372606
14.8276785714286,1.0523203647363,1.26037777794618,0.186364815564372,82.3795471631037
14.8277777777778,1.05223509190415,1.26029378940666,0.186275693668104,82.3801630319339
14.827876984127,1.05214982705166,1.26020980033499,0.18618661447756,82.3807788437597
14.8279761904762,1.05206457017761,1.26012581073464,0.186097577972242,82.38139459859
14.8280753968254,1.05197932128077,1.26004182060905,0.186008584131651,82.3820102964332
14.8281746031746,1.05189408035993,1.25995782996167,0.185919632935305,82.3826259372981
14.8282738095238,1.05180884741385,1.25987383879595,0.18583072436272,82.3832415211932
14.828373015873,1.05172362244132,1.25978984711533,0.18574185839343,82.3838570481272
14.8284722222222,1.05163840544112,1.25970585492326,0.185653035006966,82.3844725181088
14.8285714285714,1.05155319641202,1.25962186222319,0.185564254182879,82.3850879311465
14.8286706349206,1.05146799535281,1.25953786901854,0.185475515900714,82.385703287249
14.8287698412698,1.05138280226226,1.25945387531277,0.185386820140037,82.3863185864249
14.828869047619,1.05129761713916,1.25936988110931,0.18529816688041,82.3869338286828
14.8289682539683,1.05121243998228,1.25928588641159,0.185209556101412,82.3875490140314
14.8290674603175,1.05112727079042,1.25920189122306,0.185120987782627,82.3881641424792
14.8291666666667,1.05104210956233,1.25911789554714,0.185032461903643,82.3887792140349
14.8292658730159,1.05095695629683,1.25903389938727,0.184943978444061,82.3893942287071
14.8293650793651,1.05087181099267,1.25894990274687,0.184855537383485,82.3900091865044
14.8294642857143,1.05078667364864,1.25886590562939,0.184767138701533,82.3906240874354
14.8295634920635,1.05070154426354,1.25878190803823,0.184678782377822,82.3912389315086
14.8296626984127,1.05061642283613,1.25869790997684,0.184590468391987,82.3918537187328
14.8297619047619,1.05053130936521,1.25861391144863,0.18450219672366,82.3924684491165
14.8298611111111,1.05044620384956,1.25852991245703,0.184413967352492,82.3930831226683
14.8299603174603,1.05036110628796,1.25844591300546,0.184325780258131,82.3936977393968
14.8300595238095,1.0502760166792,1.25836191309733,0.184237635420241,82.3943122993106
14.8301587301587,1.05019093502206,1.25827791273608,0.184149532818489,82.3949268024183
14.8302579365079,1.05010586131533,1.2581939119251,0.184061472432553,82.3955412487284
14.8303571428571,1.05002079555779,1.25810991066783,0.183973454242114,82.3961556382496
14.8304563492064,1.04993573774824,1.25802590896766,0.183885478226866,82.3967699709905
14.8305555555556,1.04985068788545,1.25794190682803,0.18379754436651,82.3973842469596
14.8306547619048,1.04976564596821,1.25785790425233,0.18370965264075,82.3979984661655
14.830753968254,1.04968061199532,1.25777390124397,0.183621803029306,82.3986126286168
14.8308531746032,1.04959558596555,1.25768989780636,0.183533995511895,82.3992267343221
14.8309523809524,1.04951056787771,1.25760589394292,0.183446230068253,82.3998407832899
14.8310515873016,1.04942555773056,1.25752188965704,0.183358506678114,82.4004547755288
14.8311507936508,1.04934055552291,1.25743788495212,0.183270825321228,82.4010687110474
14.83125,1.04925556125355,1.25735387983157,0.183183185977345,82.4016825898542
14.8313492063492,1.04917057492125,1.2572698742988,0.183095588626232,82.4022964119579
14.8314484126984,1.04908559652482,1.25718586835718,0.183008033247653,82.4029101773669
14.8315476190476,1.04900062606305,1.25710186201013,0.18292051982139,82.4035238860899
14.8316468253968,1.04891566353472,1.25701785526104,0.182833048327223,82.4041375381354
14.831746031746,1.04883070893862,1.2569338481133,0.182745618744951,82.404751133512
14.8318452380952,1.04874576227355,1.25684984057031,0.182658231054368,82.4053646722281
14.8319444444444,1.04866082353829,1.25676583263545,0.182570885235287,82.4059781542924
14.8320436507937,1.04857589273165,1.25668182431213,0.182483581267524,82.4065915797134
14.8321428571429,1.04849096985241,1.25659781560371,0.182396319130899,82.4072049484997
14.8322420634921,1.04840605489937,1.25651380651359,0.182309098805249,82.4078182606598
14.8323412698413,1.04832114787131,1.25642979704516,0.182221920270408,82.4084315162022
14.8324404761905,1.04823624876704,1.2563457872018,0.182134783506228,82.4090447151355
14.8325396825397,1.04815135758535,1.25626177698689,0.18204768849256,82.4096578574682
14.8326388888889,1.04806647432503,1.25617776640381,0.18196063520927,82.4102709432089
14.8327380952381,1.04798159898487,1.25609375545593,0.181873623636225,82.4108839723662
14.8328373015873,1.04789673156367,1.25600974414665,0.181786653753307,82.4114969449484
14.8329365079365,1.04781187206023,1.25592573247932,0.181699725540398,82.4121098609642
14.8330357142857,1.04772702047335,1.25584172045733,0.181612838977396,82.4127227204221
14.8331349206349,1.04764217680181,1.25575770808405,0.181525994044199,82.4133355233306
14.8332341269841,1.04755734104442,1.25567369536286,0.181439190720719,82.4139482696982
14.8333333333333,1.04747251319997,1.25558968229711,0.181352428986869,82.4145609595335
14.8334325396825,1.04738769326726,1.25550566889017,0.181265708822578,82.415173592845
14.8335317460317,1.04730288124509,1.25542165514543,0.181179030207778,82.4157861696411
14.833630952381,1.04721807713225,1.25533764106623,0.181092393122407,82.4163986899305
14.8337301587302,1.04713328092755,1.25525362665594,0.181005797546416,82.4170111537216
14.8338293650794,1.04704849262978,1.25516961191793,0.180919243459758,82.4176235610229
14.8339285714286,1.04696371223774,1.25508559685556,0.1808327308424,82.418235911843
14.8340277777778,1.04687893975024,1.25500158147218,0.180746259674309,82.4188482061903
14.834126984127,1.04679417516606,1.25491756577115,0.18065982993547,82.4194604440734
14.8342261904762,1.04670941848402,1.25483354975583,0.180573441605863,82.4200726255007
14.8343253968254,1.04662466970292,1.25474953342958,0.18048709466549,82.4206847504807
14.8344246031746,1.04653992882154,1.25466551679573,0.180400789094346,82.4212968190221
14.8345238095238,1.04645519583871,1.25458149985766,0.180314524872448,82.4219088311331
14.834623015873,1.04637047075321,1.2544974826187,0.180228301979809,82.4225207868224
14.8347222222222,1.04628575356385,1.25441346508221,0.180142120396459,82.4231326860984
14.8348214285714,1.04620104426943,1.25432944725152,0.180055980102427,82.4237445289697
14.8349206349206,1.04611634286876,1.25424542913,0.179969881077756,82.4243563154446
14.8350198412698,1.04603164936063,1.25416141072097,0.179883823302499,82.4249680455317
14.835119047619,1.04594696374386,1.25407739202779,0.179797806756707,82.4255797192395
14.8352182539683,1.04586228601725,1.25399337305379,0.179711831420449,82.4261913365764
14.8353174603175,1.04577761617959,1.25390935380231,0.179625897273793,82.426802897551
14.8354166666667,1.0456929542297,1.2538253342767,0.179540004296825,82.4274144021716
14.8355158730159,1.04560830016639,1.25374131448028,0.179454152469626,82.4280258504469
14.8356150793651,1.04552365398845,1.25365729441639,0.179368341772298,82.4286372423851
14.8357142857143,1.04543901569469,1.25357327408837,0.179282572184939,82.4292485779949
14.8358134920635,1.04535438528392,1.25348925349954,0.179196843687665,82.4298598572846
14.8359126984127,1.04526976275494,1.25340523265324,0.179111156260591,82.4304710802628
14.8360119047619,1.04518514810657,1.2533212115528,0.179025509883847,82.4310822469379
14.8361111111111,1.04510054133761,1.25323719020153,0.178939904537564,82.4316933573184
14.8362103174603,1.04501594244686,1.25315316860278,0.178854340201888,82.4323044114127
14.8363095238095,1.04493135143314,1.25306914675985,0.178768816856965,82.4329154092292
14.8364087301587,1.04484676829526,1.25298512467607,0.178683334482955,82.4335263507765
14.8365079365079,1.04476219303202,1.25290110235478,0.178597893060026,82.4341372360629
14.8366071428571,1.04467762564222,1.25281707979927,0.178512492568347,82.434748065097
14.8367063492063,1.0445930661247,1.25273305701288,0.178427132988102,82.4353588378872
14.8368055555556,1.04450851447824,1.25264903399891,0.178341814299477,82.4359695544419
14.8369047619048,1.04442397070167,1.25256501076069,0.178256536482672,82.4365802147695
14.837003968254,1.04433943479379,1.25248098730153,0.178171299517888,82.4371908188785
14.8371031746032,1.04425490675342,1.25239696362473,0.178086103385341,82.4378013667774
14.8372023809524,1.04417038657936,1.25231293973361,0.178000948065246,82.4384118584746
14.8373015873016,1.04408587427043,1.25222891563148,0.177915833537836,82.4390222939784
14.8374007936508,1.04400136982544,1.25214489132164,0.177830759783341,82.4396326732974
14.8375,1.0439168732432,1.25206086680741,0.177745726782009,82.44024299644
14.8375992063492,1.04383238452253,1.25197684209207,0.177660734514087,82.4408532634145
14.8376984126984,1.04374790366224,1.25189281717895,0.177575782959838,82.4414634742295
14.8377976190476,1.04366343066114,1.25180879207133,0.177490872099524,82.4420736288933
14.8378968253968,1.04357896551805,1.25172476677252,0.177406001913421,82.4426837274144
14.837996031746,1.04349450823178,1.25164074128582,0.177321172381814,82.4432937698011
14.8380952380952,1.04341005880114,1.25155671561452,0.177236383484988,82.443903756062
14.8381944444444,1.04332561722496,1.25147268976192,0.177151635203245,82.4445136862054
14.8382936507937,1.04324118350205,1.25138866373131,0.177066927516886,82.4451235602396
14.8383928571429,1.04315675763122,1.25130463752598,0.176982260406228,82.4457333781732
14.8384920634921,1.04307233961128,1.25122061114922,0.176897633851587,82.4463431400146
14.8385912698413,1.04298792944107,1.25113658460433,0.176813047833298,82.446952845772
14.8386904761905,1.04290352711938,1.25105255789459,0.176728502331691,82.4475624954541
14.8387896825397,1.04281913264505,1.25096853102329,0.176643997327116,82.448172089069
14.8388888888889,1.04273474601689,1.2508845039937,0.176559532799919,82.4487816266253
14.8389880952381,1.04265036723372,1.25080047680912,0.176475108730466,82.4493911081314
14.8390873015873,1.04256599629434,1.25071644947282,0.176390725099118,82.4500005335956
14.8391865079365,1.0424816331976,1.25063242198809,0.176306381886255,82.4506099030262
14.8392857142857,1.0423972779423,1.2505483943582,0.176222079072257,82.4512192164319
14.8393849206349,1.04231293052726,1.25046436658643,0.176137816637516,82.4518284738208
14.8394841269841,1.0422285909513,1.25038033867606,0.176053594562432,82.4524376752014
14.8395833333333,1.04214425921325,1.25029631063036,0.175969412827408,82.453046820582
14.8396825396825,1.04205993531193,1.25021228245259,0.175885271412863,82.4536559099711
14.8397817460317,1.04197561924615,1.25012825414604,0.175801170299212,82.4542649433771
14.839880952381,1.04189131101473,1.25004422571397,0.175717109466891,82.4548739208082
14.8399801587302,1.04180701061651,1.24996019715965,0.175633088896332,82.4554828422729
14.8400793650794,1.0417227180503,1.24987616848634,0.175549108567985,82.4560917077795
14.8401785714286,1.04163843331492,1.24979213969732,0.175465168462298,82.4567005173365
14.8402777777778,1.04155415640921,1.24970811079583,0.175381268559736,82.4573092709522
14.840376984127,1.04146988733197,1.24962408178515,0.175297408840764,82.4579179686349
14.8404761904762,1.04138562608203,1.24954005266854,0.175213589285861,82.458526610393
14.8405753968254,1.04130137265823,1.24945602344924,0.175129809875508,82.4591351962349
14.8406746031746,1.04121712705938,1.24937199413053,0.1750460705902,82.4597437261689
14.8407738095238,1.04113288928431,1.24928796471565,0.174962371410432,82.4603522002034
14.840873015873,1.04104865933184,1.24920393520786,0.174878712316715,82.4609606183467
14.8409722222222,1.0409644372008,1.24911990561042,0.174795093289564,82.4615689806073
14.8410714285714,1.04088022289001,1.24903587592657,0.174711514309499,82.4621772869934
14.8411706349206,1.04079601639831,1.24895184615956,0.174627975357053,82.4627855375133
14.8412698412698,1.04071181772452,1.24886781631263,0.174544476412762,82.4633937321755
14.841369047619,1.04062762686746,1.24878378638905,0.174461017457176,82.4640018709883
14.8414682539683,1.04054344382596,1.24869975639205,0.174377598470844,82.46460995396
14.8415674603175,1.04045926859886,1.24861572632487,0.174294219434331,82.465217981099
14.8416666666667,1.04037510118497,1.24853169619076,0.174210880328203,82.4658259524136
14.8417658730159,1.04029094158314,1.24844766599296,0.174127581133042,82.4664338679121
14.8418650793651,1.04020678979218,1.2483636357347,0.174044321829428,82.4670417276028
14.8419642857143,1.04012264581092,1.24827960541922,0.173961102397957,82.4676495314942
14.8420634920635,1.0400385096382,1.24819557504977,0.173877922819226,82.4682572795945
14.8421626984127,1.03995438127285,1.24811154462956,0.173794783073848,82.468864971912
14.8422619047619,1.0398702607137,1.24802751416185,0.173711683142433,82.4694726084551
14.8423611111111,1.03978614795957,1.24794348364984,0.173628623005609,82.470080189232
14.8424603174603,1.0397020430093,1.24785945309679,0.173545602644007,82.4706877142512
14.8425595238095,1.03961794586172,1.24777542250591,0.173462622038264,82.4712951835209
14.8426587301587,1.03953385651567,1.24769139188043,0.173379681169031,82.4719025970495
14.8427579365079,1.03944977496996,1.24760736122357,0.173296780016958,82.4725099548452
14.8428571428571,1.03936570122345,1.24752333053857,0.173213918562712,82.4731172569164
14.8429563492064,1.03928163527495,1.24743929982864,0.173131096786958,82.4737245032713
14.8430555555556,1.03919757712332,1.247355269097,0.17304831467038,82.4743316939183
14.8431547619048,1.03911352676736,1.24727123834687,0.172965572193659,82.4749388288657
14.843253968254,1.03902948420593,1.24718720758147,0.172882869337492,82.4755459081218
14.8433531746032,1.03894544943786,1.24710317680402,0.172800206082577,82.4761529316948
14.8434523809524,1.03886142246198,1.24701914601772,0.172717582409627,82.4767598995931
14.8435515873016,1.03877740327712,1.2469351152258,0.172634998299354,82.4773668118251
14.8436507936508,1.03869339188213,1.24685108443146,0.172552453732488,82.4779736683988
14.84375,1.03860938827583,1.24676705363791,0.172469948689757,82.4785804693228
14.8438492063492,1.03852539245707,1.24668302284837,0.172387483151903,82.4791872146051
14.8439484126984,1.03844140442468,1.24659899206603,0.172305057099675,82.4797939042542
14.8440476190476,1.0383574241775,1.24651496129411,0.172222670513827,82.4804005382783
14.8441468253968,1.03827345171437,1.2464309305358,0.172140323375124,82.4810071166857
14.844246031746,1.03818948703412,1.24634689979432,0.172058015664335,82.4816136394847
14.8443452380952,1.0381055301356,1.24626286907285,0.171975747362242,82.4822201066835
14.8444444444444,1.03802158101763,1.24617883837461,0.171893518449628,82.4828265182905
14.8445436507936,1.03793763967907,1.24609480770278,0.171811328907291,82.4834328743138
14.8446428571429,1.03785370611875,1.24601077706057,0.171729178716031,82.4840391747619
14.8447420634921,1.0377697803355,1.24592674645116,0.17164706785666,82.4846454196428
14.8448412698413,1.03768586232818,1.24584271587776,0.171564996309994,82.485251608965
14.8449404761905,1.03760195209562,1.24575868534355,0.17148296405686,82.4858577427366
14.8450396825397,1.03751804963665,1.24567465485172,0.171400971078089,82.486463820966
14.8451388888889,1.03743415495013,1.24559062440546,0.171319017354526,82.4870698436614
14.8452380952381,1.0373502680349,1.24550659400796,0.171237102867016,82.487675810831
14.8453373015873,1.03726638888979,1.24542256366241,0.171155227596417,82.4882817224831
14.8454365079365,1.03718251751365,1.24533853337198,0.171073391523596,82.4888875786259
14.8455357142857,1.03709865390532,1.24525450313987,0.17099159462942,82.4894933792678
14.8456349206349,1.03701479806364,1.24517047296924,0.170909836894775,82.4900991244169
14.8457341269841,1.03693094998746,1.24508644286329,0.170828118300543,82.4907048140815
14.8458333333333,1.03684710967563,1.24500241282519,0.170746438827624,82.4913104482699
14.8459325396825,1.03676327712698,1.24491838285811,0.170664798456917,82.4919160269902
14.8460317460317,1.03667945234036,1.24483435296523,0.170583197169338,82.4925215502508
14.846130952381,1.03659563531462,1.24475032314973,0.1705016349458,82.4931270180599
14.8462301587302,1.0365118260486,1.24466629341477,0.170420111767236,82.4937324304256
14.8463293650794,1.03642802454114,1.24458226376353,0.170338627614574,82.4943377873563
14.8464285714286,1.0363442307911,1.24449823419917,0.170257182468761,82.4949430888601
14.8465277777778,1.03626044479732,1.24441420472486,0.170175776310743,82.4955483349453
14.846626984127,1.03617666655864,1.24433017534377,0.170094409121481,82.4961535256202
14.8467261904762,1.03609289607392,1.24424614605906,0.170013080881937,82.4967586608929
14.8468253968254,1.03600913334199,1.2441621168739,0.169931791573085,82.4973637407716
14.8469246031746,1.03592537836172,1.24407808779144,0.16985054117591,82.4979687652647
14.8470238095238,1.03584163113194,1.24399405881485,0.169769329671394,82.4985737343802
14.847123015873,1.03575789165152,1.24391002994728,0.16968815704054,82.4991786481265
14.8472222222222,1.03567415991928,1.24382600119189,0.169607023264347,82.4997835065117
14.8473214285714,1.03559043593409,1.24374197255184,0.16952592832383,82.500388309544
14.8474206349206,1.03550671969479,1.24365794403027,0.169444872200006,82.5009930572317
14.8475198412698,1.03542301120025,1.24357391563035,0.169363854873907,82.501597749583
14.847619047619,1.03533931044929,1.24348988735521,0.169282876326563,82.502202386606
14.8477182539683,1.03525561744078,1.24340585920802,0.169201936539021,82.502806968309
14.8478174603175,1.03517193217357,1.24332183119191,0.169121035492328,82.5034114947001
14.8479166666667,1.03508825464651,1.24323780331004,0.169040173167547,82.5040159657876
14.8480158730159,1.03500458485844,1.24315377556555,0.16895934954574,82.5046203815797
14.8481150793651,1.03492092280824,1.24306974796157,0.168878564607985,82.5052247420845
14.8482142857143,1.03483726849474,1.24298572050126,0.16879781833536,82.5058290473103
14.8483134920635,1.03475362191679,1.24290169318775,0.168717110708957,82.5064332972652
14.8484126984127,1.03466998307327,1.24281766602419,0.168636441709874,82.5070374919574
14.8485119047619,1.034586351963,1.24273363901369,0.168555811319214,82.5076416313952
14.8486111111111,1.03450272858486,1.24264961215942,0.168475219518093,82.5082457155866
14.8487103174603,1.0344191129377,1.24256558546448,0.168394666287626,82.5088497445399
14.8488095238095,1.03433550502037,1.24248155893203,0.168314151608949,82.5094537182632
14.8489087301587,1.03425190483172,1.24239753256519,0.168233675463191,82.5100576367648
14.8490079365079,1.03416831237062,1.24231350636709,0.168153237831502,82.5106615000527
14.8491071428571,1.03408472763591,1.24222948034085,0.168072838695028,82.5112653081353
14.8492063492063,1.03400115062646,1.2421454544896,0.167992478034934,82.5118690610205
14.8493055555556,1.03391758134112,1.24206142881647,0.167912155832382,82.5124727587167
14.8494047619048,1.03383401977876,1.24197740332459,0.167831872068552,82.513076401232
14.849503968254,1.03375046593821,1.24189337801706,0.167751626724623,82.5136799885745
14.8496031746032,1.03366691981835,1.24180935289702,0.167671419781788,82.5142835207523
14.8497023809524,1.03358338141804,1.24172532796757,0.167591251221243,82.5148869977737
14.8498015873016,1.03349985073613,1.24164130323185,0.167511121024195,82.5154904196469
14.8499007936508,1.03341632777147,1.24155727869295,0.167431029171861,82.5160937863799
14.85,1.03333281252294,1.24147325435401,0.167350975645457,82.5166970979809
14.8500992063492,1.03324930498939,1.24138923021813,0.167270960426218,82.517300354458
14.8501984126984,1.03316580516968,1.24130520628841,0.167190983495376,82.5179035558195
14.8502976190476,1.03308231306267,1.24122118256798,0.16711104483418,82.5185067020735
14.8503968253968,1.03299882866723,1.24113715905993,0.16703114442388,82.519109793228
14.850496031746,1.0329153519822,1.24105313576738,0.166951282245738,82.5197128292913
14.8505952380952,1.03283188300647,1.24096911269342,0.166871458281021,82.5203158102715
14.8506944444444,1.03274842173888,1.24088508984118,0.166791672511007,82.5209187361766
14.8507936507937,1.0326649681783,1.24080106721373,0.166711924916976,82.521521607015
14.8508928571429,1.03258152232359,1.24071704481419,0.166632215480224,82.5221244227945
14.8509920634921,1.03249808417362,1.24063302264565,0.166552544182046,82.5227271835236
14.8510912698413,1.03241465372725,1.24054900071122,0.166472911003753,82.5233298892101
14.8511904761905,1.03233123098334,1.24046497901398,0.166393315926656,82.5239325398624
14.8512896825397,1.03224781594076,1.24038095755703,0.166313758932079,82.5245351354884
14.8513888888889,1.03216440859837,1.24029693634346,0.166234240001355,82.5251376760963
14.8514880952381,1.03208100895504,1.24021291537637,0.166154759115818,82.5257401616942
14.8515873015873,1.03199761700963,1.24012889465885,0.166075316256818,82.5263425922903
14.8516865079365,1.03191423276101,1.24004487419397,0.165995911405704,82.5269449678927
14.8517857142857,1.03183085620805,1.23996085398484,0.165916544543842,82.5275472885094
14.8518849206349,1.03174748734961,1.23987683403453,0.165837215652597,82.5281495541486
14.8519841269841,1.03166412618456,1.23979281434613,0.165757924713349,82.5287517648184
14.8520833333333,1.03158077271176,1.23970879492271,0.16567867170748,82.5293539205268
14.8521825396825,1.03149742693009,1.23962477576737,0.165599456616386,82.5299560212821
14.8522817460317,1.03141408883841,1.23954075688318,0.165520279421463,82.5305580670923
14.852380952381,1.03133075843559,1.23945673827321,0.165441140104123,82.5311600579655
14.8524801587302,1.03124743572049,1.23937271994055,0.165362038645778,82.5317619939097
14.8525793650794,1.031164120692,1.23928870188827,0.165282975027856,82.5323638749332
14.8526785714286,1.03108081334897,1.23920468411943,0.165203949231782,82.5329657010439
14.8527777777778,1.03099751369028,1.23912066663711,0.165124961239,82.5335674722501
14.852876984127,1.0309142217148,1.23903664944439,0.165046011030957,82.5341691885596
14.8529761904762,1.0308309374214,1.23895263254433,0.164967098589104,82.5347708499808
14.8530753968254,1.03074766080895,1.23886861593999,0.164888223894908,82.5353724565215
14.8531746031746,1.03066439187631,1.23878459963445,0.164809386929834,82.53597400819
14.8532738095238,1.03058113062237,1.23870058363076,0.164730587675364,82.5365755049942
14.853373015873,1.030497877046,1.23861656793199,0.164651826112981,82.5371769469423
14.8534722222222,1.03041463114606,1.2385325525412,0.16457310222418,82.5377783340424
14.8535714285714,1.03033139292143,1.23844853746145,0.16449441599046,82.5383796663025
14.8536706349206,1.03024816237099,1.23836452269579,0.164415767393334,82.5389809437306
14.8537698412698,1.0301649394936,1.23828050824729,0.164337156414314,82.5395821663349
14.853869047619,1.03008172428815,1.23819649411899,0.164258583034928,82.5401833341234
14.8539682539683,1.0299985167535,1.23811248031395,0.164180047236705,82.5407844471043
14.8540674603175,1.02991531688853,1.23802846683522,0.164101549001189,82.5413855052854
14.8541666666667,1.02983212469211,1.23794445368585,0.164023088309924,82.541986508675
14.8542658730159,1.02974894016313,1.2378604408689,0.163944665144466,82.542587457281
14.8543650793651,1.02966576330046,1.2377764283874,0.163866279486382,82.5431883511116
14.8544642857143,1.02958259410296,1.2376924162444,0.163787931317238,82.5437891901747
14.8545634920635,1.02949943256953,1.23760840444295,0.163709620618618,82.5443899744784
14.8546626984127,1.02941627869903,1.23752439298609,0.163631347372103,82.5449907040308
14.8547619047619,1.02933313249035,1.23744038187686,0.163553111559293,82.5455913788399
14.8548611111111,1.02924999394235,1.2373563711183,0.163474913161784,82.5461919989138
14.8549603174603,1.02916686305393,1.23727236071344,0.163396752161192,82.5467925642604
14.8550595238095,1.02908373982396,1.23718835066533,0.163318628539129,82.547393074888
14.8551587301587,1.02900062425131,1.237104340977,0.163240542277226,82.5479935308043
14.8552579365079,1.02891751633487,1.23702033165148,0.163162493357111,82.5485939320177
14.8553571428571,1.02883441607352,1.23693632269181,0.163084481760429,82.5491942785359
14.8554563492063,1.02875132346613,1.23685231410101,0.163006507468825,82.5497945703671
14.8555555555556,1.02866823851159,1.23676830588211,0.16292857046396,82.5503948075193
14.8556547619048,1.02858516120877,1.23668429803814,0.162850670727493,82.5509949900006
14.855753968254,1.02850209155656,1.23660029057213,0.162772808241099,82.5515951178189
14.8558531746032,1.02841902955384,1.2365162834871,0.162694982986459,82.5521951909823
14.8559523809524,1.02833597519949,1.23643227678607,0.162617194945257,82.5527952094988
14.8560515873016,1.0282529284924,1.23634827047207,0.162539444099193,82.5533951733764
14.8561507936508,1.02816988943144,1.23626426454811,0.162461730429964,82.5539950826232
14.85625,1.0280868580155,1.23618025901721,0.162384053919287,82.554594937247
14.8563492063492,1.02800383424347,1.23609625388239,0.162306414548876,82.5551947372561
14.8564484126984,1.02792081811422,1.23601224914666,0.16222881230046,82.5557944826583
14.8565476190476,1.02783780962663,1.23592824481305,0.162151247155771,82.5563941734617
14.8566468253968,1.02775480877961,1.23584424088455,0.162073719096553,82.5569938096742
14.856746031746,1.02767181557202,1.23576023736418,0.161996228104553,82.557593391304
14.8568452380952,1.02758883000276,1.23567623425495,0.161918774161533,82.5581929183589
14.8569444444444,1.0275058520707,1.23559223155986,0.161841357249252,82.5587923908469
14.8570436507936,1.02742288177475,1.23550822928193,0.161763977349489,82.5593918087762
14.8571428571429,1.02733991911377,1.23542422742416,0.16168663444402,82.5599911721546
14.8572420634921,1.02725696408666,1.23534022598954,0.161609328514635,82.5605904809902
14.8573412698413,1.02717401669231,1.23525622498109,0.161532059543133,82.5611897352909
14.8574404761905,1.0270910769296,1.2351722244018,0.161454827511313,82.5617889350648
14.8575396825397,1.02700814479742,1.23508822425467,0.161377632400992,82.5623880803197
14.8576388888889,1.02692522029466,1.23500422454269,0.161300474193985,82.5629871710638
14.8577380952381,1.02684230342021,1.23492022526887,0.161223352872122,82.5635862073049
14.8578373015873,1.02675939417296,1.23483622643618,0.161146268417237,82.5641851890511
14.8579365079365,1.02667649255179,1.23475222804764,0.161069220811174,82.5647841163103
14.8580357142857,1.02659359855559,1.23466823010623,0.160992210035781,82.5653829890906
14.8581349206349,1.02651071218327,1.23458423261494,0.16091523607292,82.5659818073998
14.8582341269841,1.02642783343369,1.23450023557674,0.160838298904454,82.566580571246
14.8583333333333,1.02634496230577,1.23441623899465,0.160761398512259,82.5671792806371
14.8584325396825,1.02626209879837,1.23433224287162,0.160684534878214,82.567777935581
14.8585317460317,1.02617924291042,1.23424824721066,0.160607707984213,82.5683765360858
14.858630952381,1.02609639464077,1.23416425201474,0.160530917812147,82.5689750821594
14.8587301587302,1.02601355398835,1.23408025728684,0.160454164343925,82.5695735738098
14.8588293650794,1.02593072095203,1.23399626302994,0.160377447561461,82.5701720110449
14.8589285714286,1.0258478955307,1.23391226924701,0.160300767446672,82.5707703938726
14.8590277777778,1.02576507772328,1.23382827594104,0.160224123981489,82.571368722301
14.859126984127,1.02568226752863,1.23374428311499,0.160147517147845,82.571966996338
14.8592261904762,1.02559946494567,1.23366029077185,0.160070946927688,82.5725652159914
14.8593253968254,1.02551666997327,1.23357629891457,0.159994413302965,82.5731633812694
14.8594246031746,1.02543388261035,1.23349230754613,0.159917916255639,82.5737614921797
14.8595238095238,1.0253511028558,1.2334083166695,0.159841455767673,82.5743595487304
14.859623015873,1.0252683307085,1.23332432628765,0.159765031821047,82.5749575509293
14.8597222222222,1.02518556616736,1.23324033640353,0.159688644397739,82.5755554987845
14.8598214285714,1.02510280923127,1.23315634702011,0.159612293479743,82.5761533923039
14.8599206349206,1.02502005989913,1.23307235814036,0.159535979049054,82.5767512314953
14.8600198412698,1.02493731816984,1.23298836976723,0.15945970108768,82.5773490163668
14.860119047619,1.02485458404228,1.23290438190368,0.159383459577633,82.5779467469262
14.8602182539683,1.02477185751537,1.23282039455268,0.159307254500935,82.5785444231815
14.8603174603175,1.024689138588,1.23273640771717,0.159231085839618,82.5791420451405
14.8604166666667,1.02460642725907,1.23265242140011,0.159154953575715,82.5797396128113
14.8605158730159,1.02452372352747,1.23256843560445,0.159078857691273,82.5803371262017
14.8606150793651,1.02444102739211,1.23248445033315,0.159002798168343,82.5809345853197
14.8607142857143,1.02435833885189,1.23240046558915,0.158926774988987,82.5815319901731
14.8608134920635,1.0242756579057,1.2323164813754,0.158850788135271,82.5821293407699
14.8609126984127,1.02419298455245,1.23223249769485,0.158774837589273,82.582726637118
14.8610119047619,1.02411031879104,1.23214851455045,0.158698923333074,82.5833238792253
14.8611111111111,1.02402766062036,1.23206453194513,0.158623045348768,82.5839210670997
14.8612103174603,1.02394501003932,1.23198054988184,0.158547203618452,82.5845182007491
14.8613095238095,1.02386236704683,1.23189656836352,0.158471398124235,82.5851152801814
14.8614087301587,1.02377973164178,1.23181258739311,0.158395628848228,82.5857123054045
14.8615079365079,1.02369710382307,1.23172860697355,0.158319895772558,82.5863092764263
14.8616071428571,1.02361448358962,1.23164462710777,0.15824419887935,82.5869061932547
14.8617063492064,1.02353187094031,1.2315606477987,0.158168538150746,82.5875030558975
14.8618055555556,1.02344926587407,1.23147666904929,0.158092913568891,82.5880998643628
14.8619047619048,1.02336666838978,1.23139269086245,0.158017325115937,82.5886966186583
14.862003968254,1.02328407848637,1.23130871324113,0.157941772774047,82.589293318792
14.8621031746032,1.02320149616272,1.23122473618824,0.157866256525388,82.5898899647717
14.8622023809524,1.02311892141774,1.23114075970673,0.157790776352139,82.5904865566053
14.8623015873016,1.02303635425035,1.2310567837995,0.157715332236481,82.5910830943007
14.8624007936508,1.02295379465945,1.23097280846949,0.157639924160611,82.5916795778657
14.8625,1.02287124264393,1.23088883371962,0.157564552106724,82.5922760073084
14.8625992063492,1.02278869820272,1.23080485955281,0.157489216057033,82.5928723826364
14.8626984126984,1.02270616133472,1.23072088597197,0.157413915993748,82.5934687038578
14.8627976190476,1.02262363203883,1.23063691298003,0.157338651899098,82.5940649709802
14.8628968253968,1.02254111031396,1.2305529405799,0.157263423755309,82.5946611840117
14.862996031746,1.02245859615903,1.2304689687745,0.157188231544624,82.5952573429601
14.8630952380952,1.02237608957293,1.23038499756673,0.157113075249286,82.5958534478333
14.8631944444444,1.02229359055458,1.23030102695952,0.157037954851551,82.596449498639
14.8632936507937,1.02221109910289,1.23021705695577,0.156962870333683,82.5970454953852
14.8633928571429,1.02212861521677,1.23013308755838,0.156887821677948,82.5976414380797
14.8634920634921,1.02204613889513,1.23004911877028,0.156812808866629,82.5982373267304
14.8635912698413,1.02196367013687,1.22996515059435,0.156737831882005,82.5988331613452
14.8636904761905,1.02188120894091,1.22988118303352,0.156662890706376,82.5994289419317
14.8637896825397,1.02179875530616,1.22979721609067,0.156587985322036,82.6000246684981
14.8638888888889,1.02171630923154,1.22971324976871,0.1565131157113,82.6006203410519
14.8639880952381,1.02163387071595,1.22962928407054,0.15643828185648,82.6012159596012
14.8640873015873,1.0215514397583,1.22954531899907,0.156363483739904,82.6018115241537
14.8641865079365,1.02146901635751,1.22946135455717,0.1562887213439,82.6024070347173
14.8642857142857,1.0213866005125,1.22937739074775,0.156213994650812,82.6030024912998
14.8643849206349,1.02130419222216,1.2292934275737,0.156139303642983,82.6035978939091
14.8644841269841,1.02122179148543,1.22920946503792,0.156064648302773,82.6041932425529
14.8645833333333,1.02113939830121,1.22912550314329,0.155990028612541,82.6047885372391
14.8646825396825,1.02105701266842,1.2290415418927,0.15591544455466,82.6053837779756
14.8647817460317,1.02097463458597,1.22895758128905,0.15584089611151,82.6059789647701
14.864880952381,1.02089226405278,1.22887362133521,0.155766383265474,82.6065740976305
14.8649801587302,1.02080990106776,1.22878966203407,0.15569190599895,82.6071691765646
14.8650793650794,1.02072754562984,1.22870570338851,0.155617464294336,82.6077642015802
14.8651785714286,1.02064519773791,1.22862174540142,0.155543058134045,82.6083591726851
14.8652777777778,1.02056285739091,1.22853778807567,0.155468687500492,82.6089540898872
14.865376984127,1.02048052458776,1.22845383141415,0.155394352376104,82.6095489531943
14.8654761904762,1.02039819932735,1.22836987541972,0.155320052743312,82.6101437626141
14.8655753968254,1.02031588160863,1.22828592009527,0.15524578858456,82.6107385181544
14.8656746031746,1.02023357143049,1.22820196544366,0.155171559882292,82.6113332198232
14.8657738095238,1.02015126879187,1.22811801146777,0.15509736661897,82.6119278676281
14.865873015873,1.02006897369168,1.22803405817048,0.155023208777052,82.612522461577
14.8659722222222,1.01998668612884,1.22795010555464,0.154949086339014,82.6131170016777
14.8660714285714,1.01990440610228,1.22786615362313,0.154874999287333,82.6137114879379
14.8661706349206,1.0198221336109,1.22778220237881,0.154800947604497,82.6143059203655
14.8662698412698,1.01973986865363,1.22769825182455,0.154726931273005,82.6149002989683
14.866369047619,1.01965761122939,1.22761430196321,0.154652950275353,82.615494623754
14.8664682539683,1.01957536133711,1.22753035279765,0.154579004594058,82.6160888947304
14.8665674603175,1.0194931189757,1.22744640433073,0.154505094211634,82.6166831119054
14.8666666666667,1.0194108841441,1.22736245656531,0.15443121911061,82.6172772752866
14.8667658730159,1.0193286568412,1.22727850950424,0.154357379273517,82.617871384882
14.8668650793651,1.01924643706595,1.2271945631504,0.1542835746829,82.6184654406991
14.8669642857143,1.01916422481727,1.22711061750661,0.154209805321305,82.6190594427459
14.8670634920635,1.01908202009407,1.22702667257574,0.154136071171293,82.6196533910301
14.8671626984127,1.01899982289529,1.22694272836064,0.154062372215426,82.6202472855595
14.8672619047619,1.01891763321984,1.22685878486416,0.153988708436279,82.6208411263418
14.8673611111111,1.01883545106665,1.22677484208915,0.15391507981643,82.6214349133849
14.8674603174603,1.01875327643465,1.22669090003845,0.15384148633847,82.6220286466964
14.8675595238095,1.01867110932276,1.2266069587149,0.153767927984992,82.6226223262841
14.8676587301587,1.01858894972991,1.22652301812135,0.153694404738602,82.6232159521559
14.8677579365079,1.01850679765502,1.22643907826065,0.153620916581912,82.6238095243194
14.8678571428571,1.01842465309702,1.22635513913562,0.15354746349754,82.6244030427824
14.8679563492063,1.01834251605484,1.22627120074912,0.153474045468114,82.6249965075527
14.8680555555556,1.0182603865274,1.22618726310397,0.153400662476268,82.625589918638
14.8681547619048,1.01817826451363,1.22610332620302,0.153327314504646,82.6261832760461
14.868253968254,1.01809615001246,1.22601939004909,0.153254001535896,82.6267765797847
14.8683531746032,1.01801404302282,1.22593545464503,0.15318072355268,82.6273698298615
14.8684523809524,1.01793194354364,1.22585151999365,0.153107480537659,82.6279630262844
14.8685515873016,1.01784985157384,1.22576758609779,0.153034272473512,82.628556169061
14.8686507936508,1.01776776711235,1.22568365296028,0.152961099342916,82.629149258199
14.86875,1.01768569015811,1.22559972058395,0.152887961128563,82.6297422937063
14.8688492063492,1.01760362071004,1.22551578897161,0.152814857813148,82.6303352755906
14.8689484126984,1.01752155876708,1.22543185812609,0.152741789379379,82.6309282038595
14.8690476190476,1.01743950432816,1.22534792805022,0.152668755809964,82.6315210785208
14.8691468253968,1.0173574573922,1.22526399874682,0.152595757087626,82.6321138995823
14.869246031746,1.01727541795814,1.2251800702187,0.152522793195094,82.6327066670517
14.8693452380952,1.01719338602491,1.22509614246867,0.152449864115101,82.6332993809366
14.8694444444444,1.01711136159145,1.22501221549957,0.152376969830395,82.6338920412448
14.8695436507937,1.01702934465668,1.2249282893142,0.152304110323722,82.6344846479841
14.8696428571429,1.01694733521954,1.22484436391537,0.152231285577845,82.6350772011621
14.8697420634921,1.01686533327896,1.22476043930589,0.152158495575528,82.6356697007866
14.8698412698413,1.01678333883389,1.22467651548858,0.15208574029955,82.6362621468652
14.8699404761905,1.01670135188324,1.22459259246624,0.152013019732688,82.6368545394057
14.8700396825397,1.01661937242595,1.22450867024168,0.151940333857737,82.6374468784158
14.8701388888889,1.01653740046097,1.2244247488177,0.151867682657491,82.6380391639032
14.8702380952381,1.01645543598723,1.22434082819712,0.151795066114759,82.6386313958756
14.8703373015873,1.01637347900365,1.22425690838272,0.151722484212351,82.6392235743407
14.8704365079365,1.01629152950918,1.22417298937731,0.151649936933093,82.6398156993061
14.8705357142857,1.01620958750276,1.2240890711837,0.151577424259808,82.6404077707797
14.8706349206349,1.01612765298332,1.22400515380466,0.151504946175337,82.6409997887691
14.8707341269841,1.0160457259498,1.22392123724302,0.151432502662526,82.6415917532819
14.8708333333333,1.01596380640113,1.22383732150155,0.151360093704222,82.6421836643259
14.8709325396825,1.01588189433626,1.22375340658305,0.15128771928329,82.6427755219088
14.8710317460317,1.01579998975412,1.22366949249031,0.151215379382594,82.6433673260382
14.871130952381,1.01571809265365,1.22358557922613,0.151143073985013,82.6439590767218
14.8712301587302,1.01563620303379,1.22350166679328,0.151070803073428,82.6445507739673
14.8713293650794,1.01555432089349,1.22341775519457,0.150998566630732,82.6451424177824
14.8714285714286,1.01547244623167,1.22333384443276,0.150926364639821,82.6457340081748
14.8715277777778,1.01539057904728,1.22324993451065,0.150854197083605,82.6463255451521
14.871626984127,1.01530871933926,1.22316602543102,0.150782063944996,82.6469170287221
14.8717261904762,1.01522686710655,1.22308211719665,0.150709965206918,82.6475084588922
14.8718253968254,1.0151450223481,1.22299820981032,0.150637900852298,82.6480998356704
14.8719246031746,1.01506318506284,1.2229143032748,0.150565870864079,82.6486911590642
14.8720238095238,1.01498135524971,1.22283039759288,0.1504938752252,82.6492824290812
14.872123015873,1.01489953290767,1.22274649276732,0.150421913918619,82.6498736457292
14.8722222222222,1.01481771803565,1.22266258880091,0.150349986927296,82.6504648090157
14.8723214285714,1.01473591063259,1.2225786856964,0.150278094234198,82.6510559189486
14.8724206349206,1.01465411069744,1.22249478345658,0.150206235822305,82.6516469755353
14.8725198412698,1.01457231822914,1.22241088208421,0.150134411674598,82.6522379787836
14.872619047619,1.01449053322664,1.22232698158206,0.150062621774071,82.6528289287011
14.8727182539683,1.01440875568888,1.22224308195289,0.149990866103722,82.6534198252955
14.8728174603175,1.01432698561481,1.22215918319947,0.149919144646561,82.6540106685743
14.8729166666667,1.01424522300337,1.22207528532456,0.149847457385601,82.6546014585453
14.8730158730159,1.0141634678535,1.22199138833092,0.149775804303868,82.6551921952161
14.8731150793651,1.01408172016416,1.22190749222131,0.149704185384389,82.6557828785944
14.8732142857143,1.0139999799343,1.22182359699849,0.149632600610207,82.6563735086877
14.8733134920635,1.01391824716284,1.22173970266521,0.149561049964364,82.6569640855037
14.8734126984127,1.01383652184876,1.22165580922423,0.149489533429919,82.65755460905
14.8735119047619,1.01375480399098,1.22157191667831,0.149418050989929,82.6581450793343
14.8736111111111,1.01367309358847,1.22148802503019,0.149346602627467,82.6587354963642
14.8737103174603,1.01359139064016,1.22140413428263,0.149275188325611,82.6593258601473
14.8738095238095,1.01350969514501,1.22132024443837,0.149203808067443,82.6599161706913
14.8739087301587,1.01342800710197,1.22123635550016,0.14913246183606,82.6605064280037
14.8740079365079,1.01334632650998,1.22115246747075,0.14906114961456,82.6610966320923
14.8741071428571,1.013264653368,1.22106858035288,0.148989871386053,82.6616867829645
14.8742063492064,1.01318298767498,1.2209846941493,0.148918627133653,82.662276880628
14.8743055555556,1.01310132942986,1.22090080886274,0.148847416840488,82.6628669250905
14.8744047619048,1.0130196786316,1.22081692449594,0.148776240489686,82.6634569163595
14.874503968254,1.01293803527915,1.22073304105165,0.14870509806439,82.6640468544426
14.8746031746032,1.01285639937146,1.2206491585326,0.148633989547743,82.6646367393475
14.8747023809524,1.01277477090749,1.22056527694153,0.148562914922906,82.6652265710818
14.8748015873016,1.01269314988617,1.22048139628116,0.148491874173036,82.665816349653
14.8749007936508,1.01261153630648,1.22039751655424,0.148420867281309,82.6664060750688
14.875,1.01252993016736,1.22031363776348,0.148349894230898,82.6669957473368
14.8750992063492,1.01244833146777,1.22022975991163,0.148278955004993,82.6675853664645
14.8751984126984,1.01236674020665,1.2201458830014,0.148208049586789,82.6681749324596
14.8752976190476,1.01228515638297,1.22006200703553,0.148137177959483,82.6687644453296
14.8753968253968,1.01220357999567,1.21997813201674,0.14806634010629,82.6693539050821
14.875496031746,1.01212201104372,1.21989425794775,0.147995536010422,82.6699433117248
14.8755952380952,1.01204044952607,1.21981038483128,0.147924765655109,82.6705326652651
14.8756944444444,1.01195889544167,1.21972651267005,0.14785402902358,82.6711219657107
14.8757936507936,1.01187734878949,1.21964264146679,0.147783326099078,82.6717112130692
14.8758928571429,1.01179580956847,1.2195587712242,0.147712656864849,82.6723004073481
14.8759920634921,1.01171427777757,1.21947490194501,0.147642021304152,82.6728895485551
14.8760912698413,1.01163275341576,1.21939103363193,0.147571419400248,82.6734786366976
14.8761904761905,1.01155123648199,1.21930716628766,0.147500851136411,82.6740676717833
14.8762896825397,1.01146972697521,1.21922329991492,0.147430316495918,82.6746566538197
14.8763888888889,1.01138822489439,1.21913943451643,0.147359815462059,82.6752455828144
14.8764880952381,1.01130673023848,1.21905557009488,0.147289348018126,82.675834458775
14.8765873015873,1.01122524300645,1.21897170665298,0.147218914147423,82.676423281709
14.8766865079365,1.01114376319726,1.21888784419345,0.147148513833263,82.677012051624
14.8767857142857,1.01106229080985,1.21880398271897,0.147078147058959,82.6776007685275
14.8768849206349,1.0109808258432,1.21872012223226,0.147007813807842,82.6781894324271
14.8769841269841,1.01089936829626,1.21863626273601,0.146937514063242,82.6787780433304
14.8770833333333,1.010817918168,1.21855240423292,0.146867247808504,82.6793666012449
14.8771825396825,1.01073647545738,1.21846854672569,0.146797015026973,82.6799551061781
14.8772817460317,1.01065504016335,1.21838469021702,0.14672681570201,82.6805435581376
14.877380952381,1.01057361228489,1.21830083470959,0.146656649816977,82.6811319571309
14.8774801587302,1.01049219182095,1.21821698020611,0.146586517355249,82.6817203031657
14.8775793650794,1.01041077877049,1.21813312670926,0.146516418300204,82.6823085962493
14.8776785714286,1.01032937313249,1.21804927422173,0.146446352635233,82.6828968363895
14.8777777777778,1.0102479749059,1.21796542274621,0.146376320343728,82.6834850235936
14.877876984127,1.01016658408968,1.21788157228538,0.146306321409096,82.6840731578692
14.8779761904762,1.01008520068281,1.21779772284194,0.146236355814746,82.684661239224
14.8780753968254,1.01000382468424,1.21771387441856,0.146166423544099,82.6852492676653
14.8781746031746,1.00992245609295,1.21763002701792,0.146096524580582,82.6858372432007
14.8782738095238,1.00984109490789,1.21754618064272,0.146026658907628,82.6864251658378
14.878373015873,1.00975974112803,1.21746233529562,0.145956826508681,82.6870130355841
14.8784722222222,1.00967839475234,1.2173784909793,0.14588702736719,82.687600852447
14.8785714285714,1.00959705577961,1.21729464769645,0.145817261466969,82.6881886164342
14.8786706349206,1.00951572420387,1.21721080544995,0.145747528801335,82.6887763275529
14.8787698412698,1.00943440002189,1.21712696424236,0.145677829359332,82.6893639858104
14.878869047619,1.00935308323263,1.21704312407607,0.145608163125926,82.6899515912139
14.8789682539683,1.00927177383507,1.21695928495349,0.145538530086093,82.6905391437704
14.8790674603175,1.00919047182818,1.21687544687699,0.145468930224805,82.6911266434872
14.8791666666667,1.00910917721092,1.21679160984899,0.145399363527049,82.6917140903714
14.8792658730159,1.00902788998225,1.21670777387187,0.145329829977807,82.6923014844303
14.8793650793651,1.00894661014115,1.21662393894803,0.145260329562076,82.692888825671
14.8794642857143,1.00886533768659,1.21654010507986,0.145190862264847,82.6934761141006
14.8795634920635,1.00878407261752,1.21645627226974,0.145121428071124,82.6940633497263
14.8796626984127,1.00870281493294,1.21637244052008,0.145052026965915,82.6946505325552
14.8797619047619,1.00862156463179,1.21628860983325,0.144982658934226,82.6952376625946
14.8798611111111,1.00854032171306,1.21620478021165,0.144913323961077,82.6958247398516
14.8799603174603,1.0084590861757,1.21612095165766,0.144844022031485,82.6964117643333
14.8800595238095,1.00837785801869,1.21603712417368,0.144774753130478,82.696998736047
14.8801587301587,1.00829663724101,1.21595329776208,0.144705517243083,82.6975856549996
14.8802579365079,1.00821542384161,1.21586947242525,0.144636314354338,82.6981725211985
14.8803571428571,1.00813421781948,1.21578564816558,0.144567144449278,82.6987593346508
14.8804563492063,1.00805301917357,1.21570182498544,0.144498007512953,82.6993460953635
14.8805555555556,1.00797182790287,1.21561800288723,0.144428903530407,82.6999328033439
14.8806547619048,1.00789064400634,1.21553418187331,0.144359832486699,82.7005194585991
14.880753968254,1.00780946748295,1.21545036194608,0.144290794366882,82.7011060611363
14.8808531746032,1.00772829833168,1.2153665431079,0.144221789156024,82.7016926109626
14.8809523809524,1.0076471365515,1.21528272536116,0.144152816839191,82.7022791080851
14.8810515873016,1.00756598214137,1.21519890870823,0.144083877401456,82.7028655525109
14.8811507936508,1.00748483510028,1.2151150931515,0.144014970827899,82.7034519442473
14.88125,1.00740369542719,1.21503127869334,0.1439460971036,82.7040382833014
14.8813492063492,1.00732256312108,1.21494746533611,0.14387725621365,82.7046245696802
14.8814484126984,1.00724143818091,1.2148636530822,0.143808448143138,82.705210803391
14.8815476190476,1.00716032060567,1.21477984193398,0.143739672877163,82.7057969844409
14.8816468253968,1.00707921039432,1.21469603189382,0.143670930400824,82.7063831128369
14.881746031746,1.00699810754584,1.21461222296409,0.143602220699232,82.7069691885863
14.8818452380952,1.0069170120592,1.21452841514716,0.143533543757495,82.7075552116961
14.8819444444444,1.00683592393338,1.2144446084454,0.143464899560731,82.7081411821735
14.8820436507937,1.00675484316735,1.21436080286118,0.143396288094059,82.7087271000256
14.8821428571429,1.00667376976008,1.21427699839686,0.143327709342609,82.7093129652596
14.8822420634921,1.00659270371055,1.21419319505481,0.143259163291506,82.7098987778825
14.8823412698413,1.00651164501773,1.2141093928374,0.143190649925891,82.7104845379016
14.8824404761905,1.00643059368061,1.21402559174699,0.1431221692309,82.7110702453238
14.8825396825397,1.00634954969814,1.21394179178595,0.143053721191679,82.7116559001564
14.8826388888889,1.00626851306932,1.21385799295664,0.14298530579338,82.7122415024064
14.8827380952381,1.00618748379311,1.21377419526141,0.142916923021154,82.7128270520809
14.8828373015873,1.00610646186849,1.21369039870264,0.142848572860165,82.7134125491872
14.8829365079365,1.00602544729444,1.21360660328267,0.142780255295573,82.7139979937322
14.8830357142857,1.00594444006994,1.21352280900387,0.142711970312549,82.7145833857231
14.8831349206349,1.00586344019395,1.21343901586861,0.142643717896266,82.7151687251671
14.8832341269841,1.00578244766546,1.21335522387922,0.142575498031904,82.7157540120712
14.8833333333333,1.00570146248344,1.21327143303808,0.142507310704644,82.7163392464425
14.8834325396825,1.00562048464687,1.21318764334753,0.142439155899677,82.7169244282882
14.8835317460317,1.00553951415473,1.21310385480994,0.142371033602192,82.7175095576153
14.883630952381,1.005458551006,1.21302006742765,0.142302943797392,82.718094634431
14.8837301587302,1.00537759519964,1.21293628120301,0.142234886470474,82.7186796587423
14.8838293650794,1.00529664673466,1.21285249613839,0.14216686160665,82.7192646305564
14.8839285714286,1.00521570561001,1.21276871223612,0.142098869191129,82.7198495498803
14.8840277777778,1.00513477182467,1.21268492949857,0.142030909209129,82.7204344167212
14.884126984127,1.00505384537764,1.21260114792807,0.141962981645873,82.7210192310862
14.8842261904762,1.00497292626788,1.21251736752698,0.141895086486585,82.7216039929823
14.8843253968254,1.00489201449438,1.21243358829764,0.1418272237165,82.7221887024166
14.8844246031746,1.00481111005611,1.2123498102424,0.141759393320849,82.7227733593962
14.8845238095238,1.00473021295206,1.21226603336361,0.141691595284878,82.7233579639283
14.884623015873,1.0046493231812,1.21218225766361,0.141623829593829,82.7239425160199
14.8847222222222,1.00456844074251,1.21209848314474,0.141556096232955,82.7245270156781
14.8848214285714,1.00448756563498,1.21201470980935,0.141488395187508,82.72511146291
14.8849206349206,1.00440669785758,1.21193093765977,0.141420726442753,82.7256958577226
14.8850198412698,1.0043258374093,1.21184716669836,0.14135308998395,82.7262802001232
14.885119047619,1.00424498428912,1.21176339692744,0.141285485796372,82.7268644901186
14.8852182539683,1.00416413849601,1.21167962834935,0.141217913865291,82.7274487277161
14.8853174603175,1.00408330002896,1.21159586096645,0.141150374175989,82.7280329129227
14.8854166666667,1.00400246888696,1.21151209478105,0.141082866713747,82.7286170457455
14.8855158730159,1.00392164506897,1.21142832979551,0.141015391463855,82.7292011261915
14.8856150793651,1.00384082857399,1.21134456601214,0.14094794841161,82.7297851542678
14.8857142857143,1.003760019401,1.2112608034333,0.140880537542304,82.7303691299816
14.8858134920635,1.00367921754897,1.21117704206131,0.140813158841246,82.7309530533398
14.8859126984127,1.0035984230169,1.2110932818985,0.140745812293741,82.7315369243496
14.8860119047619,1.00351763580376,1.21100952294721,0.140678497885103,82.732120743018
14.8861111111111,1.00343685590854,1.21092576520976,0.140611215600648,82.732704509352
14.8862103174603,1.00335608333022,1.21084200868849,0.140543965425701,82.7332882233589
14.8863095238095,1.00327531806779,1.21075825338572,0.140476747345586,82.7338718850455
14.8864087301587,1.00319456012023,1.21067449930379,0.140409561345638,82.7344554944191
14.8865079365079,1.00311380948651,1.21059074644502,0.140342407411191,82.7350390514865
14.8866071428571,1.00303306616564,1.21050699481173,0.14027528552759,82.735622556255
14.8867063492063,1.00295233015658,1.21042324440626,0.140208195680178,82.7362060087316
14.8868055555556,1.00287160145834,1.21033949523092,0.140141137854309,82.7367894089232
14.8869047619048,1.00279088006988,1.21025574728804,0.140074112035336,82.7373727568371
14.887003968254,1.0027101659902,1.21017200057994,0.140007118208622,82.7379560524802
14.8871031746032,1.00262945921828,1.21008825510895,0.139940156359533,82.7385392958595
14.8872023809524,1.00254875975311,1.21000451087737,0.139873226473436,82.7391224869823
14.8873015873016,1.00246806759367,1.20992076788755,0.139806328535711,82.7397056258554
14.8874007936508,1.00238738273895,1.20983702614178,0.139739462531733,82.7402887124859
14.8875,1.00230670518793,1.2097532856424,0.139672628446892,82.7408717468809
14.8875992063492,1.00222603493961,1.20966954639171,0.139605826266571,82.7414547290475
14.8876984126984,1.00214537199296,1.20958580839204,0.139539055976171,82.7420376589926
14.8877976190476,1.00206471634698,1.2095020716457,0.139472317561086,82.7426205367234
14.8878968253968,1.00198406800066,1.209418336155,0.139405611006724,82.7432033622468
14.887996031746,1.00190342695297,1.20933460192225,0.139338936298489,82.74378613557
14.8880952380952,1.0018227932029,1.20925086894978,0.1392722934218,82.7443688566999
14.8881944444444,1.00174216674946,1.20916713723988,0.13920568236207,82.7449515256436
14.8882936507936,1.00166154759161,1.20908340679488,0.139139103104726,82.745534142408
14.8883928571429,1.00158093572836,1.20899967761707,0.139072555635193,82.7461167070004
14.8884920634921,1.00150033115868,1.20891594970878,0.139006039938905,82.7466992194276
14.8885912698413,1.00141973388158,1.2088322230723,0.138939556001301,82.7472816796968
14.8886904761905,1.00133914389603,1.20874849770995,0.138873103807821,82.7478640878149
14.8887896825397,1.00125856120103,1.20866477362403,0.138806683343914,82.748446443789
14.8888888888889,1.00117798579556,1.20858105081684,0.138740294595029,82.7490287476261
14.8889880952381,1.00109741767862,1.20849732929069,0.138673937546626,82.7496109993332
14.8890873015873,1.00101685684919,1.20841360904789,0.138607612184163,82.7501931989174
14.8891865079365,1.00093630330627,1.20832989009073,0.13854131849311,82.7507753463857
14.8892857142857,1.00085575704884,1.20824617242152,0.138475056458934,82.7513574417451
14.8893849206349,1.00077521807589,1.20816245604256,0.138408826067115,82.7519394850026
14.8894841269841,1.00069468638643,1.20807874095614,0.138342627303129,82.7525214761653
14.8895833333333,1.00061416197943,1.20799502716457,0.138276460152467,82.7531034152401
14.8896825396825,1.00053364485388,1.20791131467014,0.138210324600613,82.7536853022341
14.8897817460317,1.00045313500879,1.20782760347515,0.138144220633068,82.7542671371543
14.889880952381,1.00037263244313,1.2077438935819,0.138078148235327,82.7548489200077
14.8899801587302,1.00029213715591,1.20766018499268,0.138012107392896,82.7554306508014
14.8900793650794,1.00021164914612,1.20757647770979,0.137946098091287,82.7560123295422
14.8901785714286,1.00013116841274,1.20749277173551,0.13788012031601,82.7565939562373
14.8902777777778,1.00005069495477,1.20740906707215,0.137814174052588,82.7571755308936
14.890376984127,0.999970228771195,1.20732536372199,0.137748259286541,82.7577570535183
14.8904761904762,0.999889769861021,1.20724166168733,0.137682376003401,82.7583385241181
14.8905753968254,0.999809318223231,1.20715796097044,0.137616524188698,82.7589199427002
14.8906746031746,0.999728873856825,1.20707426157363,0.137550703827974,82.7595013092716
14.8907738095238,0.999648436760791,1.20699056349918,0.137484914906768,82.7600826238393
14.890873015873,0.999568006934126,1.20690686674937,0.137419157410631,82.7606638864102
14.8909722222222,0.999487584375822,1.2068231713265,0.137353431325113,82.7612450969914
14.8910714285714,0.999407169084875,1.20673947723284,0.137287736635773,82.7618262555898
14.8911706349206,0.999326761060277,1.20665578447068,0.137222073328172,82.7624073622125
14.8912698412698,0.999246360301026,1.20657209304231,0.137156441387879,82.7629884168664
14.891369047619,0.999165966806112,1.20648840295001,0.137090840800462,82.7635694195586
14.8914682539683,0.999085580574534,1.20640471419605,0.1370252715515,82.764150370296
14.8915674603175,0.999005201605287,1.20632102678272,0.136959733626575,82.7647312690856
14.8916666666667,0.998924829897364,1.2062373407123,0.136894227011271,82.7653121159344
14.8917658730159,0.998844465449765,1.20615365598707,0.136828751691182,82.7658929108494
14.8918650793651,0.99876410826148,1.2060699726093,0.136763307651899,82.7664736538376
14.8919642857143,0.998683758331512,1.20598629058128,0.136697894879028,82.7670543449059
14.8920634920635,0.99860341565885,1.20590260990527,0.136632513358169,82.7676349840614
14.8921626984127,0.998523080242497,1.20581893058355,0.136567163074936,82.768215571311
14.8922619047619,0.998442752081446,1.2057352526184,0.136501844014941,82.7687961066618
14.8923611111111,0.998362431174696,1.20565157601209,0.136436556163806,82.7693765901205
14.8924603174603,0.998282117521242,1.20556790076689,0.136371299507153,82.7699570216944
14.8925595238095,0.998201811120084,1.20548422688507,0.136306074030615,82.7705374013902
14.8926587301587,0.998121511970217,1.20540055436891,0.136240879719821,82.7711177292151
14.8927579365079,0.998041220070643,1.20531688322067,0.136175716560415,82.7716980051759
14.8928571428571,0.997960935420355,1.20523321344262,0.136110584538036,82.7722782292797
14.8929563492064,0.997880658018355,1.20514954503703,0.136045483638335,82.7728584015334
14.8930555555556,0.997800387863642,1.20506587800617,0.135980413846966,82.773438521944
14.8931547619048,0.997720124955211,1.2049822123523,0.135915375149585,82.7740185905184
14.893253968254,0.997639869292065,1.20489854807768,0.135850367531857,82.7745986072636
14.8933531746032,0.9975596208732,1.20481488518459,0.135785390979446,82.7751785721866
14.8934523809524,0.997479379697619,1.20473122367528,0.135720445478028,82.7757584852943
14.8935515873016,0.997399145764318,1.20464756355202,0.135655531013278,82.7763383465938
14.8936507936508,0.9973189190723,1.20456390481706,0.13559064757088,82.7769181560919
14.89375,0.997238699620562,1.20448024747267,0.135525795136518,82.7774979137956
14.8938492063492,0.997158487408108,1.20439659152111,0.135460973695887,82.7780776197118
14.8939484126984,0.997078282433934,1.20431293696463,0.135396183234679,82.7786572738476
14.8940476190476,0.996998084697047,1.2042292838055,0.1353314237386,82.7792368762099
14.8941468253968,0.996917894196441,1.20414563204597,0.135266695193352,82.7798164268055
14.894246031746,0.996837710931123,1.20406198168829,0.135201997584648,82.7803959256416
14.8943452380952,0.99675753490009,1.20397833273472,0.135137330898202,82.780975372725
14.8944444444444,0.996677366102345,1.20389468518752,0.135072695119735,82.7815547680626
14.8945436507937,0.996597204536893,1.20381103904894,0.135008090234974,82.7821341116615
14.8946428571429,0.996517050202732,1.20372739432122,0.134943516229646,82.7827134035286
14.8947420634921,0.996436903098868,1.20364375100663,0.134878973089488,82.7832926436707
14.8948412698413,0.996356763224299,1.20356010910741,0.134814460800237,82.7838718320949
14.8949404761905,0.996276630578033,1.20347646862581,0.134749979347641,82.7844509688081
14.8950396825397,0.996196505159067,1.20339282956407,0.134685528717445,82.7850300538172
14.8951388888889,0.996116386966411,1.20330919192446,0.134621108895406,82.7856090871292
14.8952380952381,0.996036275999062,1.20322555570921,0.13455671986728,82.7861880687509
14.8953373015873,0.995956172256028,1.20314192092057,0.134492361618834,82.7867669986894
14.8954365079365,0.99587607573631,1.20305828756078,0.134428034135832,82.7873458769516
14.8955357142857,0.995795986438916,1.20297465563209,0.134363737404052,82.7879247035444
14.8956349206349,0.995715904362845,1.20289102513674,0.134299471409266,82.7885034784747
14.8957341269841,0.995635829507106,1.20280739607697,0.134235236137263,82.7890822017494
14.8958333333333,0.995555761870701,1.20272376845503,0.134171031573825,82.7896608733755
14.8959325396825,0.995475701452635,1.20264014227315,0.134106857704746,82.79023949336
14.8960317460317,0.995395648251917,1.20255651753358,0.134042714515826,82.7908180617097
14.896130952381,0.995315602267547,1.20247289423854,0.133978601992863,82.7913965784315
14.8962301587302,0.995235563498535,1.20238927239029,0.133914520121666,82.7919750435324
14.8963293650794,0.995155531943884,1.20230565199106,0.133850468888044,82.7925534570193
14.8964285714286,0.995075507602603,1.20222203304307,0.133786448277817,82.7931318188991
14.8965277777778,0.994995490473694,1.20213841554858,0.133722458276802,82.7937101291788
14.896626984127,0.994915480556168,1.2020547995098,0.133658498870827,82.7942883878652
14.8967261904762,0.994835477849027,1.20197118492898,0.133594570045722,82.7948665949653
14.8968253968254,0.994755482351283,1.20188757180834,0.133530671787323,82.7954447504859
14.8969246031746,0.994675494061939,1.20180396015012,0.133466804081469,82.7960228544341
14.8970238095238,0.994595512980006,1.20172034995655,0.133402966914007,82.7966009068166
14.897123015873,0.994515539104488,1.20163674122985,0.133339160270784,82.7971789076404
14.8972222222222,0.994435572434397,1.20155313397226,0.133275384137658,82.7977568569125
14.8973214285714,0.994355612968736,1.201469528186,0.133211638500484,82.7983347546397
14.8974206349206,0.994275660706516,1.2013859238733,0.133147923345129,82.7989126008289
14.8975198412698,0.994195715646747,1.20130232103639,0.133084238657464,82.799490395487
14.897619047619,0.994115777788435,1.20121871967748,0.133020584423358,82.8000681386209
14.8977182539683,0.994035847130591,1.2011351197988,0.132956960628694,82.8006458302376
14.8978174603175,0.993955923672222,1.20105152140258,0.132893367259351,82.8012234703439
14.8979166666667,0.99387600741234,1.20096792449105,0.132829804301221,82.8018010589467
14.8980158730159,0.993796098349952,1.2008843290664,0.132766271740194,82.8023785960529
14.8981150793651,0.99371619648407,1.20080073513088,0.132702769562171,82.8029560816695
14.8982142857143,0.993636301813702,1.2007171426867,0.132639297753051,82.8035335158032
14.8983134920635,0.993556414337861,1.20063355173607,0.132575856298744,82.8041108984611
14.8984126984127,0.993476534055553,1.20054996228121,0.132512445185159,82.8046882296499
14.8985119047619,0.993396660965794,1.20046637432435,0.132449064398217,82.8052655093766
14.8986111111111,0.993316795067591,1.20038278786769,0.132385713923836,82.8058427376481
14.8987103174603,0.993236936359958,1.20029920291346,0.132322393747946,82.8064199144712
14.8988095238095,0.993157084841902,1.20021561946386,0.132259103856474,82.8069970398528
14.8989087301587,0.993077240512439,1.2001320375211,0.132195844235359,82.8075741137999
14.8990079365079,0.99299740337058,1.20004845708741,0.132132614870543,82.8081511363192
14.8991071428571,0.992917573415335,1.19996487816498,0.132069415747968,82.8087281074177
14.8992063492063,0.992837750645719,1.19988130075604,0.132006246853588,82.8093050271023
14.8993055555556,0.992757935060741,1.19979772486278,0.131943108173356,82.8098818953798
14.8994047619048,0.992678126659418,1.19971415048743,0.131879999693233,82.8104587122571
14.899503968254,0.992598325440758,1.19963057763218,0.131816921399183,82.8110354777411
14.8996031746032,0.992518531403779,1.19954700629924,0.131753873277178,82.8116121918386
14.8997023809524,0.99243874454749,1.19946343649081,0.131690855313188,82.8121888545566
14.8998015873016,0.992358964870909,1.19937986820912,0.131627867493198,82.8127654659018
14.8999007936508,0.992279192373045,1.19929630145634,0.131564909803186,82.8133420258812
14.9,0.992199427052916,1.1992127362347,0.131501982229146,82.8139185345016
14.9000992063492,0.992119668909533,1.19912917254638,0.131439084757068,82.8144949917699
14.9001984126984,0.992039917941914,1.1990456103936,0.131376217372953,82.815071397693
14.9002976190476,0.991960174149069,1.19896204977854,0.131313380062802,82.8156477522777
14.9003968253968,0.991880437530016,1.19887849070342,0.131250572812623,82.8162240555309
14.900496031746,0.991800708083772,1.19879493317043,0.131187795608432,82.8168003074594
14.9005952380952,0.991720985809348,1.19871137718176,0.131125048436243,82.8173765080701
14.9006944444444,0.991641270705764,1.19862782273961,0.131062331282081,82.8179526573698
14.9007936507937,0.99156156277203,1.19854426984619,0.13099964413197,82.8185287553655
14.9008928571429,0.991481862007168,1.19846071850367,0.130936986971946,82.8191048020639
14.9009920634921,0.99140216841019,1.19837716871426,0.130874359788042,82.819680797472
14.9010912698413,0.991322481980115,1.19829362048016,0.130811762566303,82.8202567415965
14.9011904761905,0.991242802715957,1.19821007380354,0.130749195292772,82.8208326344443
14.9012896825397,0.991163130616737,1.1981265286866,0.130686657953503,82.8214084760223
14.9013888888889,0.991083465681467,1.19804298513153,0.130624150534549,82.8219842663373
14.9014880952381,0.991003807909169,1.19795944314053,0.130561673021974,82.8225600053961
14.9015873015873,0.990924157298856,1.19787590271577,0.13049922540184,82.8231356932056
14.9016865079365,0.990844513849551,1.19779236385946,0.130436807660221,82.8237113297727
14.9017857142857,0.990764877560266,1.19770882657376,0.130374419783189,82.8242869151042
14.9018849206349,0.990685248430023,1.19762529086087,0.130312061756825,82.8248624492069
14.9019841269841,0.990605626457841,1.19754175672298,0.130249733567216,82.8254379320876
14.9020833333333,0.990526011642736,1.19745822416225,0.130187435200447,82.8260133637532
14.9021825396825,0.990446403983731,1.1973746931809,0.130125166642617,82.8265887442106
14.9022817460317,0.990366803479839,1.19729116378107,0.130062927879821,82.8271640734666
14.902380952381,0.990287210130085,1.19720763596498,0.130000718898167,82.8277393515279
14.9024801587302,0.990207623933484,1.19712410973478,0.129938539683759,82.8283145784014
14.9025793650794,0.99012804488906,1.19704058509266,0.129876390222715,82.828889754094
14.9026785714286,0.990048472995829,1.1969570620408,0.12981427050115,82.8294648786126
14.9027777777778,0.989968908252814,1.19687354058138,0.129752180505189,82.8300399519638
14.902876984127,0.989889350659033,1.19679002071657,0.129690120220957,82.8306149741545
14.9029761904762,0.98980980021351,1.19670650244855,0.129628089634591,82.8311899451916
14.9030753968254,0.989730256915262,1.19662298577949,0.129566088732225,82.8317648650819
14.9031746031746,0.989650720763314,1.19653947071157,0.129504117500003,82.8323397338322
14.9032738095238,0.989571191756683,1.19645595724695,0.129442175924071,82.8329145514493
14.903373015873,0.989491669894392,1.19637244538781,0.12938026399058,82.8334893179401
14.9034722222222,0.989412155175466,1.19628893513633,0.12931838168569,82.8340640333113
14.9035714285714,0.989332647598922,1.19620542649466,0.129256528995559,82.8346386975697
14.9036706349206,0.989253147163787,1.19612191946499,0.129194705906356,82.8352133107223
14.9037698412698,0.989173653869078,1.19603841404947,0.129132912404249,82.8357878727758
14.903869047619,0.989094167713823,1.19595491025028,0.129071148475417,82.8363623837369
14.9039682539683,0.98901468869704,1.19587140806958,0.129009414106037,82.8369368436126
14.9040674603175,0.988935216817756,1.19578790750954,0.128947709282297,82.8375112524096
14.9041666666667,0.988855752074991,1.19570440857231,0.128886033990386,82.8380856101348
14.9042658730159,0.988776294467773,1.19562091126007,0.128824388216501,82.8386599167948
14.9043650793651,0.988696843995119,1.19553741557498,0.128762771946838,82.8392341723966
14.9044642857143,0.98861740065606,1.1954539215192,0.128701185167606,82.839808376947
14.9045634920635,0.988537964449614,1.19537042909488,0.12863962786501,82.8403825304527
14.9046626984127,0.988458535374811,1.1952869383042,0.128578100025269,82.8409566329205
14.9047619047619,0.98837911343067,1.19520344914931,0.128516601634597,82.8415306843573
14.9048611111111,0.988299698616219,1.19511996163235,0.128455132679219,82.8421046847698
14.9049603174603,0.988220290930485,1.19503647575551,0.128393693145367,82.8426786341649
14.9050595238095,0.988140890372488,1.19495299152092,0.128332283019271,82.8432525325492
14.9051587301587,0.988061496941259,1.19486950893075,0.12827090228717,82.8438263799297
14.9052579365079,0.987982110635818,1.19478602798715,0.128209550935306,82.8444001763131
14.9053571428571,0.987902731455197,1.19470254869227,0.12814822894993,82.8449739217062
14.9054563492064,0.987823359398417,1.19461907104827,0.12808693631729,82.8455476161157
14.9055555555556,0.987743994464508,1.19453559505729,0.128025673023646,82.8461212595486
14.9056547619048,0.987664636652493,1.19445212072149,0.127964439055259,82.8466948520115
14.905753968254,0.987585285961403,1.19436864804302,0.127903234398398,82.8472683935112
14.9058531746032,0.98750594239026,1.19428517702402,0.127842059039331,82.8478418840545
14.9059523809524,0.987426605938097,1.19420170766665,0.127780912964338,82.8484153236483
14.9060515873016,0.987347276603936,1.19411823997305,0.127719796159698,82.8489887122992
14.9061507936508,0.987267954386809,1.19403477394537,0.127658708611699,82.849562050014
14.90625,0.987188639285741,1.19395130958575,0.12759765030663,82.8501353367997
14.9063492063492,0.98710933129976,1.19386784689634,0.127536621230786,82.8507085726628
14.9064484126984,0.987030030427898,1.19378438587928,0.127475621370472,82.8512817576102
14.9065476190476,0.986950736669179,1.19370092653671,0.127414650711987,82.8518548916486
14.9066468253968,0.986871450022635,1.19361746887078,0.127353709241647,82.8524279747849
14.906746031746,0.986792170487293,1.19353401288362,0.127292796945762,82.8530010070257
14.9068452380952,0.986712898062184,1.19345055857738,0.127231913810655,82.8535739883779
14.9069444444444,0.986633632746335,1.19336710595419,0.127171059822648,82.8541469188483
14.9070436507936,0.986554374538779,1.19328365501619,0.127110234968073,82.8547197984435
14.9071428571429,0.986475123438542,1.19320020576552,0.12704943923326,82.8552926271704
14.9072420634921,0.986395879444658,1.19311675820432,0.126988672604552,82.8558654050357
14.9073412698413,0.986316642556153,1.19303331233471,0.126927935068289,82.8564381320462
14.9074404761905,0.986237412772063,1.19294986815885,0.126867226610823,82.8570108082086
14.9075396825397,0.986158190091413,1.19286642567884,0.126806547218503,82.8575834335297
14.9076388888889,0.986078974513238,1.19278298489684,0.126745896877691,82.8581560080162
14.9077380952381,0.985999766036567,1.19269954581497,0.126685275574747,82.858728531675
14.9078373015873,0.985920564660432,1.19261610843537,0.126624683296039,82.8593010045127
14.9079365079365,0.985841370383866,1.19253267276015,0.126564120027942,82.8598734265361
14.9080357142857,0.985762183205899,1.19244923879146,0.12650358575683,82.860445797752
14.9081349206349,0.985683003125565,1.19236580653141,0.126443080469087,82.861018118167
14.9082341269841,0.985603830141894,1.19228237598214,0.126382604151098,82.861590387788
14.9083333333333,0.985524664253921,1.19219894714578,0.126322156789256,82.8621626066218
14.9084325396825,0.985445505460676,1.19211552002443,0.126261738369956,82.8627347746749
14.9085317460317,0.985366353761195,1.19203209462024,0.126201348879601,82.8633068919543
14.908630952381,0.985287209154507,1.19194867093533,0.126140988304594,82.8638789584666
14.9087301587302,0.985208071639651,1.19186524897181,0.126080656631349,82.8644509742185
14.9088293650794,0.985128941215655,1.19178182873181,0.126020353846279,82.8650229392169
14.9089285714286,0.985049817881558,1.19169841021745,0.125960079935807,82.8655948534684
14.9090277777778,0.984970701636389,1.19161499343084,0.125899834886355,82.8661667169797
14.909126984127,0.984891592479187,1.19153157837412,0.125839618684355,82.8667385297577
14.9092261904762,0.984812490408982,1.19144816504939,0.12577943131624,82.8673102918091
14.9093253968254,0.984733395424812,1.19136475345877,0.125719272768451,82.8678820031405
14.9094246031746,0.984654307525712,1.19128134360438,0.125659143027433,82.8684536637587
14.9095238095238,0.984575226710714,1.19119793548833,0.125599042079632,82.8690252736705
14.909623015873,0.984496152978859,1.19111452911274,0.125538969911505,82.8695968328825
14.9097222222222,0.984417086329176,1.19103112447972,0.125478926509509,82.8701683414016
14.9098214285714,0.984338026760706,1.19094772159138,0.125418911860109,82.8707397992343
14.9099206349206,0.984258974272481,1.19086432044984,0.12535892594977,82.8713112063875
14.9100198412698,0.984179928863541,1.1907809210572,0.125298968764969,82.8718825628678
14.910119047619,0.984100890532919,1.19069752341558,0.125239040292181,82.872453868682
14.9102182539683,0.984021859279656,1.19061412752708,0.125179140517891,82.8730251238368
14.9103174603175,0.983942835102784,1.19053073339381,0.125119269428583,82.873596328339
14.9104166666667,0.983863818001345,1.19044734101788,0.125059427010754,82.8741674821951
14.9105158730159,0.983784807974372,1.19036395040139,0.124999613250896,82.8747385854121
14.9106150793651,0.983705805020906,1.19028056154645,0.124939828135514,82.8753096379964
14.9107142857143,0.983626809139982,1.19019717445516,0.124880071651113,82.875880639955
14.9108134920635,0.983547820330638,1.19011378912963,0.124820343784206,82.8764515912944
14.9109126984127,0.983468838591917,1.19003040557196,0.124760644521309,82.8770224920214
14.9110119047619,0.983389863922852,1.18994702378425,0.124700973848941,82.8775933421427
14.9111111111111,0.983310896322485,1.18986364376859,0.12464133175363,82.878164141665
14.9112103174603,0.983231935789853,1.1897802655271,0.124581718221905,82.878734890595
14.9113095238095,0.983152982323997,1.18969688906187,0.124522133240303,82.8793055889394
14.9114087301587,0.983074035923953,1.18961351437499,0.124462576795363,82.879876236705
14.9115079365079,0.982995096588765,1.18953014146856,0.12440304887363,82.8804468338983
14.9116071428571,0.982916164317469,1.18944677034469,0.124343549461654,82.8810173805262
14.9117063492063,0.982837239109109,1.18936340100545,0.12428407854599,82.8815878765952
14.9118055555556,0.98275832096272,1.18928003345296,0.124224636113196,82.8821583221122
14.9119047619048,0.982679409877347,1.1891966676893,0.124165222149839,82.8827287170837
14.912003968254,0.982600505852028,1.18911330371655,0.124105836642483,82.8832990615166
14.9121031746032,0.982521608885806,1.18902994153683,0.124046479577707,82.8838693554174
14.9122023809524,0.98244271897772,1.18894658115221,0.123987150942086,82.8844395987929
14.9123015873016,0.982363836126812,1.18886322256478,0.123927850722204,82.8850097916497
14.9124007936508,0.982284960332125,1.18877986577664,0.123868578904652,82.8855799339946
14.9125,0.982206091592699,1.18869651078986,0.123809335476018,82.8861500258342
14.9125992063492,0.982127229907578,1.18861315760655,0.123750120422904,82.8867200671753
14.9126984126984,0.982048375275801,1.18852980622878,0.12369093373191,82.8872900580244
14.9127976190476,0.981969527696414,1.18844645665863,0.123631775389645,82.8878599983883
14.9128968253968,0.981890687168457,1.1883631088982,0.123572645382719,82.8884298882737
14.912996031746,0.981811853690975,1.18827976294957,0.123513543697751,82.8889997276872
14.9130952380952,0.981733027263008,1.18819641881481,0.12345447032136,82.8895695166355
14.9131944444444,0.981654207883604,1.18811307649601,0.123395425240176,82.8901392551253
14.9132936507937,0.981575395551801,1.18802973599525,0.123336408440827,82.8907089431633
14.9133928571429,0.981496590266649,1.18794639731461,0.123277419909952,82.8912785807561
14.9134920634921,0.981417792027185,1.18786306045616,0.123218459634189,82.8918481679104
14.9135912698413,0.98133900083246,1.187779725422,0.123159527600186,82.8924177046329
14.9136904761905,0.981260216681513,1.18769639221418,0.123100623794591,82.8929871909302
14.9137896825397,0.981181439573391,1.18761306083479,0.12304174820406,82.893556626809
14.9138888888889,0.981102669507141,1.1875297312859,0.122982900815256,82.894126012276
14.9139880952381,0.981023906481803,1.18744640356959,0.12292408161484,82.8946953473379
14.9140873015873,0.980945150496428,1.18736307768793,0.122865290589485,82.8952646320013
14.9141865079365,0.980866401550056,1.18727975364298,0.122806527725861,82.8958338662728
14.9142857142857,0.980787659641738,1.18719643143684,0.122747793010652,82.8964030501591
14.9143849206349,0.980708924770515,1.18711311107155,0.122689086430537,82.896972183667
14.9144841269841,0.980630196935438,1.1870297925492,0.12263040797221,82.8975412668029
14.9145833333333,0.980551476135549,1.18694647587185,0.122571757622361,82.8981102995737
14.9146825396825,0.980472762369899,1.18686316104157,0.12251313536769,82.8986792819859
14.9147817460317,0.98039405563753,1.18677984806042,0.122454541194899,82.8992482140462
14.914880952381,0.980315355937494,1.18669653693047,0.122395975090698,82.8998170957613
14.9149801587302,0.980236663268833,1.18661322765379,0.122337437041796,82.9003859271378
14.9150793650794,0.9801579776306,1.18652992023244,0.122278927034915,82.9009547081823
14.9151785714286,0.980079299021838,1.18644661466848,0.122220445056774,82.9015234389015
14.9152777777778,0.980000627441597,1.18636331096397,0.122161991094102,82.9020921193021
14.915376984127,0.979921962888928,1.18628000912098,0.122103565133631,82.9026607493906
14.9154761904762,0.979843305362874,1.18619670914157,0.122045167162096,82.9032293291738
14.9155753968254,0.979764654862488,1.18611341102779,0.121986797166241,82.9037978586582
14.9156746031746,0.979686011386816,1.18603011478171,0.12192845513281,82.9043663378505
14.9157738095238,0.97960737493491,1.18594682040538,0.121870141048556,82.9049347667574
14.915873015873,0.979528745505815,1.18586352790085,0.121811854900232,82.9055031453855
14.9159722222222,0.979450123098585,1.18578023727019,0.121753596674603,82.9060714737414
14.9160714285714,0.979371507712265,1.18569694851545,0.121695366358431,82.9066397518317
14.9161706349206,0.979292899345911,1.18561366163868,0.121637163938489,82.9072079796631
14.9162698412698,0.979214297998567,1.18553037664194,0.121578989401549,82.9077761572423
14.916369047619,0.979135703669288,1.18544709352727,0.121520842734394,82.9083442845758
14.9164682539683,0.979057116357121,1.18536381229673,0.121462723923805,82.9089123616702
14.9165674603175,0.97897853606112,1.18528053295238,0.121404632956576,82.9094803885323
14.9166666666667,0.978899962780333,1.18519725549625,0.121346569819497,82.9100483651686
14.9167658730159,0.978821396513813,1.18511397993039,0.12128853449937,82.9106162915857
14.9168650793651,0.978742837260613,1.18503070625686,0.121230526982998,82.9111841677903
14.9169642857143,0.978664285019782,1.1849474344777,0.121172547257189,82.911751993789
14.9170634920635,0.978585739790374,1.18486416459496,0.121114595308758,82.9123197695884
14.9171626984127,0.978507201571438,1.18478089661067,0.121056671124521,82.9128874951951
14.9172619047619,0.978428670362031,1.18469763052689,0.120998774691304,82.9134551706158
14.9173611111111,0.978350146161201,1.18461436634566,0.120940905995931,82.914022795857
14.9174603174603,0.978271628968005,1.18453110406902,0.120883065025238,82.9145903709254
14.9175595238095,0.978193118781491,1.18444784369901,0.12082525176606,82.9151578958276
14.9176587301587,0.978114615600718,1.18436458523767,0.120767466205242,82.9157253705702
14.9177579365079,0.978036119424734,1.18428132868704,0.120709708329627,82.9162927951598
14.9178571428571,0.977957630252598,1.18419807404916,0.120651978126072,82.916860169603
14.9179563492063,0.977879148083359,1.18411482132606,0.120594275581428,82.9174274939064
14.9180555555556,0.977800672916075,1.18403157051979,0.120536600682562,82.9179947680767
14.9181547619048,0.977722204749797,1.18394832163238,0.120478953416334,82.9185619921204
14.918253968254,0.97764374358358,1.18386507466585,0.12042133376962,82.9191291660441
14.9183531746032,0.977565289416484,1.18378182962226,0.120363741729295,82.9196962898544
14.9184523809524,0.977486842247557,1.18369858650362,0.120306177282237,82.920263363558
14.9185515873016,0.977408402075859,1.18361534531197,0.120248640415334,82.9208303871614
14.9186507936508,0.977329968900442,1.18353210604935,0.120191131115474,82.9213973606712
14.91875,0.977251542720365,1.18344886871778,0.120133649369555,82.9219642840941
14.9188492063492,0.977173123534681,1.18336563331929,0.120076195164473,82.9225311574366
14.9189484126984,0.977094711342449,1.18328239985591,0.120018768487136,82.9230979807052
14.9190476190476,0.977016306142722,1.18319916832966,0.11996136932445,82.9236647539067
14.9191468253968,0.97693790793456,1.18311593874258,0.119903997663333,82.9242314770475
14.919246031746,0.976859516717016,1.18303271109669,0.1198466534907,82.9247981501344
14.9193452380952,0.976781132489151,1.18294948539402,0.119789336793478,82.9253647731737
14.9194444444444,0.976702755250018,1.18286626163658,0.119732047558592,82.9259313461723
14.9195436507936,0.976624384998679,1.1827830398264,0.119674785772979,82.9264978691365
14.9196428571429,0.976546021734188,1.1826998199655,0.119617551423574,82.9270643420731
14.9197420634921,0.976467665455603,1.18261660205591,0.119560344497321,82.9276307649885
14.9198412698413,0.976389316161986,1.18253338609964,0.11950316498117,82.9281971378895
14.9199404761905,0.97631097385239,1.18245017209871,0.11944601286207,82.9287634607824
14.9200396825397,0.976232638525879,1.18236696005514,0.119388888126981,82.929329733674
14.9201388888889,0.976154310181507,1.18228374997095,0.119331790762863,82.9298959565708
14.9202380952381,0.976075988818336,1.18220054184816,0.119274720756684,82.9304621294794
14.9203373015873,0.975997674435423,1.18211733568877,0.119217678095415,82.9310282524063
14.9204365079365,0.97591936703183,1.18203413149481,0.119160662766034,82.9315943253581
14.9205357142857,0.975841066606613,1.18195092926829,0.119103674755519,82.9321603483414
14.9206349206349,0.975762773158836,1.18186772901122,0.11904671405086,82.9327263213628
14.9207341269841,0.975684486687555,1.18178453072561,0.118989780639044,82.9332922444287
14.9208333333333,0.975606207191835,1.18170133441347,0.118932874507071,82.9338581175459
14.9209325396825,0.975527934670732,1.18161814007682,0.118875995641937,82.9344239407208
14.9210317460317,0.97544966912331,1.18153494771766,0.11881914403065,82.93498971396
14.921130952381,0.975371410548627,1.181451757338,0.118762319660219,82.93555543727
14.9212301587302,0.975293158945745,1.18136856893985,0.118705522517658,82.9361211106575
14.9213293650794,0.975214914313729,1.18128538252521,0.11864875258999,82.936686734129
14.9214285714286,0.975136676651636,1.1812021980961,0.118592009864235,82.937252307691
14.9215277777778,0.975058445958531,1.18111901565451,0.118535294327426,82.9378178313501
14.921626984127,0.974980222233473,1.18103583520244,0.118478605966593,82.9383833051129
14.9217261904762,0.974902005475528,1.18095265674191,0.118421944768779,82.9389487289858
14.9218253968254,0.974823795683755,1.18086948027491,0.118365310721024,82.9395141029756
14.9219246031746,0.974745592857219,1.18078630580344,0.11830870381038,82.9400794270886
14.9220238095238,0.974667396994981,1.18070313332951,0.118252124023896,82.9406447013314
14.922123015873,0.974589208096108,1.18061996285511,0.118195571348634,82.9412099257107
14.9222222222222,0.974511026159658,1.18053679438224,0.118139045771653,82.9417751002329
14.9223214285714,0.974432851184699,1.1804536279129,0.118082547280024,82.9423402249045
14.9224206349206,0.974354683170292,1.18037046344908,0.118026075860817,82.9429052997322
14.9225198412698,0.974276522115504,1.18028730099278,0.11796963150111,82.9434703247224
14.922619047619,0.974198368019395,1.180204140546,0.117913214187984,82.9440352998818
14.9227182539683,0.974120220881032,1.18012098211072,0.117856823908527,82.9446002252168
14.9228174603175,0.974042080699482,1.18003782568894,0.117800460649831,82.9451651007339
14.9229166666667,0.973963947473806,1.17995467128266,0.117744124398989,82.9457299264398
14.9230158730159,0.973885821203072,1.17987151889386,0.117687815143107,82.9462947023409
14.9231150793651,0.973807701886342,1.17978836852453,0.117631532869287,82.9468594284438
14.9232142857143,0.973729589522687,1.17970522017666,0.117575277564642,82.947424104755
14.9233134920635,0.973651484111166,1.17962207385224,0.117519049216285,82.947988731281
14.9234126984127,0.973573385650852,1.17953892955326,0.11746284781134,82.9485533080284
14.9235119047619,0.973495294140805,1.1794557872817,0.117406673336928,82.9491178350036
14.9236111111111,0.973417209580096,1.17937264703955,0.117350525780182,82.9496823122133
14.9237103174603,0.973339131967789,1.1792895088288,0.117294405128234,82.9502467396639
14.9238095238095,0.973261061302953,1.17920637265142,0.117238311368227,82.950811117362
14.9239087301587,0.973182997584652,1.1791232385094,0.117182244487301,82.951375445314
14.9240079365079,0.973104940811958,1.17904010640472,0.117126204472609,82.9519397235265
14.9241071428571,0.973026890983934,1.17895697633936,0.117070191311301,82.9525039520061
14.9242063492064,0.972948848099649,1.1788738483153,0.117014204990539,82.9530681307591
14.9243055555556,0.972870812158175,1.17879072233453,0.116958245497486,82.9536322597922
14.9244047619048,0.972792783158574,1.17870759839901,0.116902312819307,82.9541963391119
14.924503968254,0.97271476109992,1.17862447651072,0.11684640694318,82.9547603687246
14.9246031746032,0.972636745981277,1.17854135667165,0.116790527856278,82.9553243486369
14.9247023809524,0.972558737801718,1.17845823888377,0.116734675545788,82.9558882788553
14.9248015873016,0.972480736560308,1.17837512314905,0.116678849998894,82.9564521593863
14.9249007936508,0.972402742256121,1.17829200946946,0.11662305120279,82.9570159902364
14.925,0.972324754888222,1.17820889784698,0.116567279144671,82.9575797714121
14.9250992063492,0.972246774455684,1.17812578828358,0.116511533811742,82.9581435029198
14.9251984126984,0.972168800957575,1.17804268078123,0.116455815191207,82.9587071847662
14.9252976190476,0.972090834392967,1.17795957534189,0.116400123270279,82.9592708169577
14.9253968253968,0.972012874760928,1.17787647196755,0.116344458036171,82.9598343995008
14.925496031746,0.971934922060533,1.17779337066016,0.116288819476109,82.960397932402
14.9255952380952,0.971856976290847,1.1777102714217,0.116233207577314,82.9609614156678
14.9256944444444,0.971779037450944,1.17762717425412,0.116177622327019,82.9615248493047
14.9257936507937,0.971701105539898,1.17754407915941,0.11612206371246,82.9620882333192
14.9258928571429,0.971623180556776,1.17746098613951,0.116066531720875,82.9626515677177
14.9259920634921,0.971545262500654,1.17737789519639,0.116011026339512,82.9632148525068
14.9260912698413,0.9714673513706,1.17729480633202,0.115955547555617,82.963778087693
14.9261904761905,0.971389447165689,1.17721171954835,0.115900095356447,82.9643412732827
14.9262896825397,0.971311549884991,1.17712863484735,0.11584466972926,82.9649044092824
14.9263888888889,0.971233659527582,1.17704555223098,0.115789270661322,82.9654674956987
14.9264880952381,0.971155776092531,1.1769624717012,0.1157338981399,82.9660305325379
14.9265873015873,0.971077899578915,1.17687939325996,0.115678552152269,82.9665935198066
14.9266865079365,0.971000029985803,1.17679631690922,0.115623232685705,82.9671564575113
14.9267857142857,0.970922167312274,1.17671324265093,0.115567939727495,82.9677193456584
14.9268849206349,0.970844311557395,1.17663017048706,0.115512673264924,82.9682821842544
14.9269841269841,0.970766462720246,1.17654710041956,0.115457433285288,82.9688449733058
14.9270833333333,0.970688620799897,1.17646403245037,0.115402219775881,82.9694077128191
14.9271825396825,0.970610785795424,1.17638096658146,0.115347032724007,82.9699704028007
14.9272817460317,0.970532957705905,1.17629790281477,0.115291872116975,82.9705330432571
14.927380952381,0.970455136530408,1.17621484115226,0.115236737942094,82.9710956341948
14.9274801587302,0.970377322268014,1.17613178159587,0.115181630186685,82.9716581756202
14.9275793650794,0.970299514917795,1.17604872414755,0.115126548838065,82.9722206675398
14.9276785714286,0.970221714478829,1.17596566880926,0.115071493883564,82.9727831099601
14.9277777777778,0.970143920950188,1.17588261558293,0.11501646531051,82.9733455028876
14.927876984127,0.970066134330952,1.17579956447052,0.114961463106242,82.9739078463286
14.9279761904762,0.969988354620193,1.17571651547396,0.114906487258099,82.9744701402897
14.9280753968254,0.969910581816993,1.17563346859521,0.114851537753429,82.9750323847773
14.9281746031746,0.969832815920423,1.17555042383621,0.114796614579578,82.9755945797979
14.9282738095238,0.969755056929564,1.17546738119889,0.114741717723906,82.976156725358
14.928373015873,0.969677304843489,1.17538434068521,0.11468684717377,82.9767188214639
14.9284722222222,0.96959955966128,1.17530130229709,0.114632002916536,82.9772808681222
14.9285714285714,0.96952182138201,1.17521826603649,0.114577184939573,82.9778428653393
14.9286706349206,0.969444090004758,1.17513523190533,0.114522393230255,82.9784048131216
14.9287698412698,0.969366365528606,1.17505219990557,0.114467627775963,82.9789667114757
14.928869047619,0.969288647952626,1.17496917003912,0.114412888564079,82.9795285604079
14.9289682539683,0.969210937275901,1.17488614230794,0.114358175581994,82.9800903599246
14.9290674603175,0.969133233497506,1.17480311671395,0.114303488817098,82.9806521100325
14.9291666666667,0.969055536616524,1.17472009325909,0.114248828256794,82.9812138107377
14.9292658730159,0.96897784663203,1.1746370719453,0.114194193888481,82.981775462047
14.9293650793651,0.968900163543106,1.1745540527745,0.114139585699569,82.9823370639666
14.9294642857143,0.968822487348829,1.17447103574862,0.11408500367747,82.982898616503
14.9295634920635,0.968744818048282,1.17438802086961,0.114030447809603,82.9834601196626
14.9296626984127,0.968667155640542,1.17430500813938,0.113975918083388,82.984021573452
14.9297619047619,0.968589500124691,1.17422199755986,0.113921414486254,82.9845829778774
14.9298611111111,0.968511851499807,1.17413898913299,0.113866937005632,82.9851443329455
14.9299603174603,0.968434209764974,1.17405598286069,0.11381248562896,82.9857056386624
14.9300595238095,0.968356574919269,1.17397297874488,0.113758060343676,82.9862668950348
14.9301587301587,0.968278946961775,1.1738899767875,0.11370366113723,82.9868281020691
14.9302579365079,0.968201325891575,1.17380697699046,0.113649287997073,82.9873892597716
14.9303571428571,0.968123711707747,1.17372397935569,0.113594940910658,82.9879503681489
14.9304563492063,0.968046104409376,1.17364098388511,0.113540619865449,82.9885114272072
14.9305555555556,0.96796850399554,1.17355799058064,0.113486324848909,82.9890724369531
14.9306547619048,0.967890910465326,1.1734749994442,0.11343205584851,82.989633397393
14.930753968254,0.967813323817812,1.17339201047771,0.113377812851725,82.9901943085332
14.9308531746032,0.967735744052084,1.1733090236831,0.113323595846037,82.9907551703803
14.9309523809524,0.967658171167221,1.17322603906227,0.113269404818927,82.9913159829406
14.9310515873016,0.96758060516231,1.17314305661716,0.113215239757888,82.9918767462206
14.9311507936508,0.96750304603643,1.17306007634965,0.11316110065041,82.9924374602266
14.93125,0.967425493788669,1.17297709826169,0.113106987483997,82.9929981249651
14.9313492063492,0.967347948418107,1.17289412235518,0.113052900246149,82.9935587404424
14.9314484126984,0.967270409923831,1.17281114863203,0.112998838924377,82.9941193066651
14.9315476190476,0.967192878304921,1.17272817709415,0.112944803506191,82.9946798236395
14.9316468253968,0.967115353560465,1.17264520774347,0.112890793979113,82.995240291372
14.931746031746,0.967037835689547,1.17256224058188,0.112836810330666,82.995800709869
14.9318452380952,0.96696032469125,1.17247927561129,0.112782852548374,82.9963610791369
14.9319444444444,0.966882820564661,1.17239631283363,0.112728920619774,82.9969213991822
14.9320436507937,0.966805323308863,1.17231335225078,0.1126750145324,82.9974816700112
14.9321428571429,0.966727832922945,1.17223039386467,0.112621134273798,82.9980418916304
14.9322420634921,0.966650349405988,1.17214743767718,0.11256727983151,82.998602064046
14.9323412698413,0.966572872757083,1.17206448369025,0.112513451193092,82.9991621872646
14.9324404761905,0.96649540297531,1.17198153190575,0.112459648346098,82.9997222612926
14.9325396825397,0.966417940059762,1.17189858232561,0.112405871278091,83.0002822861362
14.9326388888889,0.966340484009519,1.17181563495171,0.112352119976635,83.000842261802
14.9327380952381,0.966263034823674,1.17173268978597,0.112298394429305,83.0014021882963
14.9328373015873,0.966185592501308,1.17164974683027,0.112244694623672,83.0019620656254
14.9329365079365,0.966108157041514,1.17156680608653,0.11219102054732,83.0025218937959
14.9330357142857,0.966030728443374,1.17148386755664,0.112137372187832,83.0030816728141
14.9331349206349,0.965953306705978,1.17140093124249,0.112083749532799,83.0036414026863
14.9332341269841,0.965875891828417,1.17131799714599,0.112030152569817,83.0042010834189
14.9333333333333,0.965798483809773,1.17123506526903,0.111976581286484,83.0047607150184
14.9334325396825,0.96572108264914,1.1711521356135,0.111923035670407,83.0053202974911
14.9335317460317,0.965643688345602,1.1710692081813,0.111869515709191,83.0058798308434
14.933630952381,0.965566300898252,1.17098628297432,0.111816021390456,83.0064393150816
14.9337301587302,0.965488920306174,1.17090335999446,0.111762552701815,83.0069987502123
14.9338293650794,0.965411546568462,1.1708204392436,0.111709109630896,83.0075581362416
14.9339285714286,0.965334179684201,1.17073752072364,0.111655692165324,83.0081174731761
14.9340277777778,0.965256819652485,1.17065460443646,0.111602300292736,83.008676761022
14.934126984127,0.9651794664724,1.17057169038396,0.111548934000767,83.0092359997857
14.9342261904762,0.96510212014304,1.17048877856801,0.111495593277063,83.0097951894737
14.9343253968254,0.96502478066349,1.17040586899052,0.111442278109267,83.0103543300923
14.9344246031746,0.964947448032846,1.17032296165335,0.111388988485036,83.0109134216478
14.9345238095238,0.964870122250195,1.17024005655841,0.111335724392024,83.0114724641467
14.934623015873,0.964792803314628,1.17015715370756,0.111282485817895,83.0120314575952
14.9347222222222,0.96471549122524,1.17007425310271,0.111229272750317,83.0125904019998
14.9348214285714,0.964638185981118,1.16999135474572,0.111176085176958,83.0131492973668
14.9349206349206,0.964560887581357,1.16990845863847,0.111122923085497,83.0137081437025
14.9350198412698,0.964483596025045,1.16982556478286,0.111069786463614,83.0142669410134
14.935119047619,0.964406311311278,1.16974267318075,0.111016675298997,83.0148256893058
14.9352182539683,0.964329033439145,1.16965978383403,0.110963589579334,83.015384388586
14.9353174603175,0.964251762407742,1.16957689674458,0.110910529292324,83.0159430388605
14.9354166666667,0.964174498216158,1.16949401191426,0.110857494425663,83.0165016401355
14.9355158730159,0.964097240863489,1.16941112934497,0.110804484967061,83.0170601924173
14.9356150793651,0.964019990348825,1.16932824903856,0.110751500904224,83.0176186957125
14.9357142857143,0.963942746671263,1.16924537099691,0.110698542224869,83.0181771500272
14.9358134920635,0.963865509829893,1.16916249522191,0.110645608916715,83.0187355553679
14.9359126984127,0.963788279823813,1.16907962171541,0.110592700967487,83.0192939117409
14.9360119047619,0.963711056652112,1.1689967504793,0.110539818364912,83.0198522191526
14.9361111111111,0.963633840313886,1.16891388151543,0.110486961096725,83.0204104776092
14.9362103174603,0.963556630808234,1.16883101482569,0.110434129150668,83.0209686871171
14.9363095238095,0.963479428134244,1.16874815041194,0.110381322514479,83.0215268476828
14.9364087301587,0.963402232291016,1.16866528827604,0.110328541175912,83.0220849593124
14.9365079365079,0.963325043277641,1.16858242841986,0.110275785122715,83.0226430220123
14.9366071428571,0.963247861093218,1.16849957084528,0.11022305434265,83.023201035789
14.9367063492064,0.963170685736839,1.16841671555415,0.110170348823476,83.0237590006487
14.9368055555556,0.963093517207604,1.16833386254833,0.110117668552964,83.0243169165977
14.9369047619048,0.963016355504605,1.1682510118297,0.110065013518884,83.0248747836423
14.937003968254,0.962939200626942,1.1681681634001,0.110012383709015,83.025432601789
14.9371031746032,0.962862052573708,1.16808531726141,0.109959779111136,83.0259903710441
14.9372023809524,0.962784911344002,1.16800247341549,0.109907199713038,83.0265480914138
14.9373015873016,0.962707776936919,1.16791963186418,0.109854645502508,83.0271057629045
14.9374007936508,0.962630649351558,1.16783679260936,0.109802116467345,83.0276633855225
14.9375,0.962553528587014,1.16775395565287,0.109749612595349,83.0282209592742
14.9375992063492,0.962476414642387,1.16767112099658,0.109697133874326,83.0287784841658
14.9376984126984,0.962399307516775,1.16758828864234,0.109644680292088,83.0293359602037
14.9377976190476,0.962322207209273,1.16750545859201,0.109592251836448,83.0298933873942
14.9378968253968,0.962245113718982,1.16742263084743,0.109539848495229,83.0304507657436
14.937996031746,0.962168027044999,1.16733980541047,0.109487470256254,83.0310080952583
14.9380952380952,0.962090947186424,1.16725698228297,0.109435117107354,83.0315653759445
14.9381944444444,0.962013874142354,1.16717416146678,0.109382789036363,83.0321226078086
14.9382936507936,0.961936807911891,1.16709134296376,0.109330486031121,83.0326797908568
14.9383928571429,0.96185974849413,1.16700852677575,0.109278208079471,83.0332369250955
14.9384920634921,0.961782695888175,1.16692571290461,0.109225955169264,83.033794010531
14.9385912698413,0.961705650093122,1.16684290135217,0.109173727288351,83.0343510471697
14.9386904761905,0.961628611108074,1.1667600921203,0.109121524424594,83.0349080350177
14.9387896825397,0.961551578932129,1.16667728521082,0.109069346565854,83.0354649740814
14.9388888888889,0.96147455356439,1.16659448062559,0.109017193700001,83.0360218643671
14.9389880952381,0.961397535003954,1.16651167836645,0.108965065814905,83.0365787058812
14.9390873015873,0.961320523249923,1.16642887843524,0.108912962898446,83.0371354986299
14.9391865079365,0.961243518301402,1.16634608083381,0.108860884938508,83.0376922426195
14.9392857142857,0.961166520157487,1.16626328556399,0.108808831922975,83.0382489378563
14.9393849206349,0.961089528817284,1.16618049262763,0.108756803839743,83.0388055843465
14.9394841269841,0.96101254427989,1.16609770202656,0.108704800676705,83.0393621820967
14.9395833333333,0.960935566544412,1.16601491376263,0.108652822421766,83.0399187311128
14.9396825396825,0.960858595609947,1.16593212783767,0.108600869062829,83.0404752314014
14.9397817460317,0.960781631475603,1.16584934425351,0.10854894058781,83.0410316829687
14.939880952381,0.960704674140477,1.165766563012,0.108497036984621,83.0415880858209
14.9399801587302,0.960627723603677,1.16568378411496,0.108445158241186,83.0421444399644
14.9400793650794,0.960550779864302,1.16560100756424,0.108393304345428,83.0427007454054
14.9401785714286,0.960473842921459,1.16551823336165,0.10834147528528,83.0432570021502
14.9402777777778,0.960396912774246,1.16543546150905,0.108289671048675,83.0438132102051
14.940376984127,0.960319989421774,1.16535269200825,0.108237891623556,83.0443693695765
14.9404761904762,0.96024307286314,1.16526992486108,0.108186136997864,83.0449254802704
14.9405753968254,0.960166163097452,1.16518716006938,0.108134407159552,83.0454815422934
14.9406746031746,0.960089260123815,1.16510439763498,0.108082702096574,83.0460375556515
14.9407738095238,0.96001236394133,1.16502163755969,0.108031021796888,83.0465935203512
14.940873015873,0.959935474549107,1.16493887984536,0.10797936624846,83.0471494363986
14.9409722222222,0.959858591946246,1.16485612449379,0.107927735439256,83.0477053038
14.9410714285714,0.959781716131856,1.16477337150682,0.107876129357253,83.0482611225618
14.9411706349206,0.95970484710504,1.16469062088627,0.107824547990426,83.0488168926902
14.9412698412698,0.959627984864906,1.16460787263397,0.107772991326763,83.0493726141914
14.941369047619,0.959551129410556,1.16452512675173,0.107721459354246,83.0499282870717
14.9414682539683,0.959474280741102,1.16444238324138,0.107669952060874,83.0504839113374
14.9415674603175,0.959397438855644,1.16435964210473,0.107618469434639,83.0510394869948
14.9416666666667,0.959320603753295,1.16427690334361,0.107567011463549,83.05159501405
14.9417658730159,0.959243775433156,1.16419416695984,0.107515578135606,83.0521504925095
14.9418650793651,0.959166953894338,1.16411143295522,0.107464169438826,83.0527059223794
14.9419642857143,0.959090139135946,1.16402870133158,0.107412785361223,83.0532613036659
14.9420634920635,0.959013331157087,1.16394597209073,0.10736142589082,83.0538166363755
14.9421626984127,0.958936529956873,1.16386324523449,0.107310091015644,83.0543719205142
14.9422619047619,0.958859735534407,1.16378052076467,0.107258780723725,83.0549271560884
14.9423611111111,0.9587829478888,1.16369779868308,0.1072074950031,83.0554823431043
14.9424603174603,0.958706167019159,1.16361507899153,0.107156233841809,83.0560374815681
14.9425595238095,0.958629392924594,1.16353236169185,0.107104997227899,83.0565925714862
14.9426587301587,0.958552625604211,1.16344964678582,0.107053785149417,83.0571476128648
14.9427579365079,0.958475865057123,1.16336693427528,0.107002597594423,83.05770260571
14.9428571428571,0.958399111282435,1.16328422416201,0.106951434550973,83.0582575500282
14.9429563492063,0.958322364279261,1.16320151644784,0.106900296007134,83.0588124458256
14.9430555555556,0.958245624046706,1.16311881113455,0.106849181950974,83.0593672931084
14.9431547619048,0.958168890583884,1.16303610822398,0.106798092370569,83.0599220918829
14.943253968254,0.958092163889901,1.1629534077179,0.106747027253996,83.0604768421553
14.9433531746032,0.958015443963872,1.16287070961814,0.106695986589342,83.0610315439319
14.9434523809524,0.957938730804903,1.16278801392649,0.106644970364693,83.0615861972189
14.9435515873016,0.957862024412107,1.16270532064475,0.106593978568143,83.0621408020225
14.9436507936508,0.957785324784597,1.16262262977472,0.106543011187792,83.062695358349
14.94375,0.957708631921481,1.16253994131821,0.106492068211741,83.0632498662046
14.9438492063492,0.957631945821873,1.16245725527702,0.1064411496281,83.0638043255955
14.9439484126984,0.957555266484881,1.16237457165293,0.10639025542498,83.064358736528
14.9440476190476,0.957478593909621,1.16229189044775,0.1063393855905,83.0649130990082
14.9441468253968,0.957401928095202,1.16220921166328,0.10628854011278,83.0654674130425
14.944246031746,0.95732526904074,1.16212653530131,0.10623771897995,83.066021678637
14.9443452380952,0.957248616745342,1.16204386136363,0.106186922180139,83.0665758957979
14.9444444444444,0.957171971208127,1.16196118985204,0.106136149701487,83.0671300645316
14.9445436507937,0.957095332428203,1.16187852076832,0.106085401532132,83.0676841848441
14.9446428571429,0.957018700404686,1.16179585411428,0.106034677660223,83.0682382567418
14.9447420634921,0.956942075136688,1.16171318989171,0.105983978073909,83.0687922802308
14.9448412698413,0.956865456623325,1.16163052810238,0.105933302761348,83.0693462553174
14.9449404761905,0.956788844863706,1.1615478687481,0.105882651710698,83.0699001820078
14.9450396825397,0.956712239856949,1.16146521183064,0.105832024910127,83.0704540603081
14.9451388888889,0.95663564160217,1.16138255735181,0.105781422347804,83.0710078902247
14.9452380952381,0.956559050098478,1.16129990531337,0.105730844011904,83.0715616717636
14.9453373015873,0.956482465344994,1.16121725571712,0.105680289890608,83.0721154049312
14.9454365079365,0.956405887340827,1.16113460856485,0.105629759972098,83.0726690897336
14.9455357142857,0.956329316085097,1.16105196385833,0.105579254244567,83.0732227261771
14.9456349206349,0.956252751576916,1.16096932159934,0.105528772696206,83.0737763142678
14.9457341269841,0.956176193815402,1.16088668178968,0.105478315315217,83.0743298540119
14.9458333333333,0.956099642799669,1.16080404443112,0.1054278820898,83.0748833454157
14.9459325396825,0.956023098528835,1.16072140952544,0.105377473008167,83.0754367884853
14.9460317460317,0.955946561002014,1.16063877707441,0.10532708805853,83.075990183227
14.946130952381,0.955870030218326,1.16055614707983,0.105276727229108,83.0765435296469
14.9462301587302,0.955793506176883,1.16047351954345,0.105226390508122,83.0770968277513
14.9463293650794,0.955716988876806,1.16039089446707,0.105176077883802,83.0776500775463
14.9464285714286,0.955640478317209,1.16030827185245,0.105125789344379,83.0782032790381
14.9465277777778,0.955563974497212,1.16022565170137,0.105075524878091,83.078756432233
14.946626984127,0.955487477415933,1.16014303401561,0.105025284473182,83.079309537137
14.9467261904762,0.955410987072486,1.16006041879692,0.104975068117895,83.0798625937565
14.9468253968254,0.955334503465994,1.1599778060471,0.104924875800486,83.0804156020976
14.9469246031746,0.955258026595571,1.1598951957679,0.104874707509208,83.0809685621665
14.9470238095238,0.95518155646034,1.1598125879611,0.104824563232325,83.0815214739693
14.947123015873,0.955105093059414,1.15972998262847,0.1047744429581,83.0820743375122
14.9472222222222,0.955028636391917,1.15964737977177,0.104724346674808,83.0826271528015
14.9473214285714,0.954952186456965,1.15956477939277,0.104674274370722,83.0831799198433
14.9474206349206,0.95487574325368,1.15948218149324,0.104624226034123,83.0837326386438
14.9475198412698,0.954799306781179,1.15939958607494,0.104574201653296,83.0842853092092
14.947619047619,0.954722877038584,1.15931699313963,0.104524201216533,83.0848379315456
14.9477182539683,0.954646454025013,1.15923440268909,0.104474224712125,83.0853905056592
14.9478174603175,0.954570037739588,1.15915181472507,0.104424272128377,83.0859430315562
14.9479166666667,0.954493628181428,1.15906922924933,0.104374343453588,83.0864955092428
14.9480158730159,0.954417225349654,1.15898664626363,0.104324438676071,83.0870479387251
14.9481150793651,0.95434082924339,1.15890406576974,0.10427455778414,83.0876003200093
14.9482142857143,0.954264439861752,1.15882148776941,0.104224700766111,83.0881526531015
14.9483134920635,0.954188057203866,1.1587389122644,0.104174867610311,83.0887049380081
14.9484126984127,0.954111681268849,1.15865633925647,0.104125058305066,83.089257174735
14.9485119047619,0.954035312055828,1.15857376874737,0.104075272838712,83.0898093632885
14.9486111111111,0.953958949563921,1.15849120073886,0.104025511199583,83.0903615036747
14.9487103174603,0.953882593792253,1.15840863523269,0.103975773376026,83.0909135958998
14.9488095238095,0.953806244739943,1.15832607223061,0.103926059356386,83.09146563997
14.9489087301587,0.953729902406118,1.15824351173439,0.103876369129017,83.0920176358913
14.9490079365079,0.953653566789896,1.15816095374576,0.103826702682274,83.09256958367
14.9491071428571,0.953577237890406,1.15807839826649,0.103777060004522,83.0931214833123
14.9492063492063,0.953500915706766,1.15799584529831,0.103727441084125,83.0936733348242
14.9493055555556,0.953424600238103,1.15791329484299,0.103677845909457,83.0942251382119
14.9494047619048,0.953348291483538,1.15783074690225,0.103628274468892,83.0947768934816
14.949503968254,0.953271989442196,1.15774820147786,0.103578726750813,83.0953286006395
14.9496031746032,0.953195694113205,1.15766565857156,0.103529202743606,83.0958802596916
14.9497023809524,0.953119405495683,1.1575831181851,0.10347970243566,83.0964318706441
14.9498015873016,0.953043123588761,1.15750058032021,0.103430225815374,83.0969834335032
14.9499007936508,0.952966848391558,1.15741804497864,0.103380772871145,83.0975349482749
14.95,0.952890579903204,1.15733551216214,0.10333134359138,83.0980864149656
14.9500992063492,0.952814318122821,1.15725298187244,0.103281937964487,83.0986378335812
14.9501984126984,0.952738063049537,1.15717045411129,0.103232555978884,83.0991892041279
14.9502976190476,0.952661814682475,1.15708792888042,0.103183197622987,83.0997405266119
14.9503968253968,0.952585573020765,1.15700540618158,0.103133862885224,83.1002918010393
14.950496031746,0.952509338063528,1.15692288601649,0.10308455175402,83.1008430274163
14.9505952380952,0.952433109809896,1.15684036838691,0.103035264217813,83.1013942057488
14.9506944444444,0.95235688825899,1.15675785329456,0.102986000265039,83.1019453360433
14.9507936507936,0.952280673409943,1.15667534074118,0.102936759884143,83.1024964183056
14.9508928571429,0.952204465261876,1.1565928307285,0.102887543063571,83.103047452542
14.9509920634921,0.952128263813919,1.15651032325826,0.102838349791779,83.1035984387586
14.9510912698413,0.952052069065203,1.15642781833219,0.102789180057224,83.1041493769614
14.9511904761905,0.95197588101485,1.15634531595201,0.102740033848367,83.1047002671568
14.9512896825397,0.951899699661992,1.15626281611947,0.102690911153679,83.1052511093506
14.9513888888889,0.951823525005754,1.15618031883629,0.102641811961629,83.1058019035492
14.9514880952381,0.951747357045268,1.15609782410419,0.102592736260696,83.1063526497586
14.9515873015873,0.951671195779659,1.15601533192491,0.10254368403936,83.1069033479849
14.9516865079365,0.95159504120806,1.15593284230018,0.10249465528611,83.1074539982342
14.9517857142857,0.951518893329595,1.15585035523171,0.102445649989436,83.1080046005127
14.9518849206349,0.951442752143398,1.15576787072124,0.102396668137835,83.1085551548264
14.9519841269841,0.951366617648595,1.15568538877048,0.102347709719806,83.1091056611816
14.9520833333333,0.951290489844319,1.15560290938117,0.102298774723859,83.1096561195842
14.9521825396825,0.951214368729697,1.15552043255502,0.1022498631385,83.1102065300404
14.9522817460317,0.951138254303862,1.15543795829375,0.102200974952248,83.1107568925564
14.952380952381,0.95106214656594,1.15535548659909,0.102152110153621,83.1113072071381
14.9524801587302,0.950986045515065,1.15527301747275,0.102103268731144,83.1118574737918
14.9525793650794,0.95090995115037,1.15519055091645,0.10205445067335,83.1124076925235
14.9526785714286,0.950833863470981,1.15510808693192,0.102005655968769,83.1129578633394
14.9527777777778,0.950757782476034,1.15502562552086,0.101956884605945,83.1135079862455
14.952876984127,0.950681708164655,1.15494316668499,0.101908136573418,83.1140580612479
14.9529761904762,0.950605640535982,1.15486071042603,0.10185941185974,83.1146080883528
14.9530753968254,0.950529579589142,1.1547782567457,0.101810710453463,83.1151580675662
14.9531746031746,0.950453525323271,1.1546958056457,0.101762032343147,83.1157079988942
14.9532738095238,0.950377477737497,1.15461335712774,0.101713377517354,83.1162578823429
14.953373015873,0.950301436830957,1.15453091119355,0.101664745964654,83.1168077179185
14.9534722222222,0.95022540260278,1.15444846784482,0.101616137673617,83.1173575056269
14.9535714285714,0.950149375052103,1.15436602708327,0.101567552632824,83.1179072454744
14.9536706349206,0.950073354178055,1.15428358891061,0.101518990830856,83.1184569374669
14.9537698412698,0.949997339979774,1.15420115332854,0.101470452256301,83.1190065816106
14.953869047619,0.949921332456389,1.15411872033877,0.101421936897749,83.1195561779116
14.9539682539683,0.949845331607037,1.15403628994301,0.101373444743799,83.120105726376
14.9540674603175,0.949769337430853,1.15395386214296,0.101324975783054,83.1206552270097
14.9541666666667,0.949693349926968,1.15387143694032,0.101276530004117,83.121204679819
14.9542658730159,0.949617369094521,1.1537890143368,0.101228107395603,83.1217540848098
14.9543650793651,0.949541394932642,1.1537065943341,0.101179707946125,83.1223034419883
14.9544642857143,0.94946542744047,1.15362417693393,0.101131331644306,83.1228527513605
14.9545634920635,0.949389466617136,1.15354176213797,0.10108297847877,83.1234020129326
14.9546626984127,0.949313512461781,1.15345934994794,0.10103464843815,83.1239512267106
14.9547619047619,0.949237564973536,1.15337694036553,0.100986341511079,83.1245003927005
14.9548611111111,0.94916162415154,1.15329453339243,0.100938057686198,83.1250495109085
14.9549603174603,0.949085689994926,1.15321212903035,0.100889796952151,83.1255985813405
14.9550595238095,0.949009762502834,1.15312972728098,0.10084155929759,83.1261476040028
14.9551587301587,0.948933841674397,1.15304732814601,0.100793344711166,83.1266965789013
14.9552579365079,0.948857927508756,1.15296493162714,0.100745153181542,83.1272455060421
14.9553571428571,0.948782020005043,1.15288253772606,0.100696984697379,83.1277943854313
14.9554563492064,0.948706119162397,1.15280014644446,0.100648839247347,83.1283432170749
14.9555555555556,0.94863022497996,1.15271775778404,0.100600716820121,83.128892000979
14.9556547619048,0.948554337456863,1.15263537174648,0.100552617404377,83.1294407371497
14.955753968254,0.948478456592249,1.15255298833347,0.1005045409888,83.1299894255929
14.9558531746032,0.948402582385252,1.15247060754671,0.100456487562077,83.1305380663149
14.9559523809524,0.948326714835014,1.15238822938788,0.100408457112903,83.1310866593216
14.9560515873016,0.94825085394067,1.15230585385866,0.100360449629972,83.131635204619
14.9561507936508,0.948174999701363,1.15222348096075,0.10031246510199,83.1321837022133
14.95625,0.948099152116228,1.15214111069582,0.100264503517661,83.1327321521105
14.9563492063492,0.948023311184407,1.15205874306556,0.1002165648657,83.1332805543166
14.9564484126984,0.947947476905037,1.15197637807165,0.100168649134821,83.1338289088378
14.9565476190476,0.947871649277261,1.15189401571579,0.100120756313749,83.1343772156799
14.9566468253968,0.947795828300214,1.15181165599963,0.100072886391206,83.1349254748491
14.956746031746,0.947720013973042,1.15172929892488,0.100025039355928,83.1354736863514
14.9568452380952,0.94764420629488,1.15164694449319,0.0999772151966463,83.1360218501929
14.9569444444444,0.947568405264871,1.15156459270627,0.0999294139021043,83.1365699663797
14.9570436507937,0.947492610882158,1.15148224356577,0.0998816354610486,83.1371180349176
14.9571428571429,0.947416823145877,1.15139989707339,0.0998338798622268,83.1376660558129
14.9572420634921,0.947341042055174,1.15131755323078,0.0997861470943968,83.1382140290714
14.9573412698413,0.947265267609187,1.15123521203964,0.0997384371463158,83.1387619546993
14.9574404761905,0.94718949980706,1.15115287350163,0.0996907500067513,83.1393098327026
14.9575396825397,0.947113738647932,1.15107053761842,0.0996430856644702,83.1398576630874
14.9576388888889,0.947037984130949,1.15098820439169,0.0995954441082494,83.1404054458595
14.9577380952381,0.946962236255249,1.15090587382311,0.0995478253268654,83.1409531810252
14.9578373015873,0.946886495019979,1.15082354591434,0.0995002293091048,83.1415008685904
14.9579365079365,0.946810760424278,1.15074122066706,0.0994526560437537,83.1420485085611
14.9580357142857,0.946735032467292,1.15065889808294,0.0994051055196082,83.1425961009434
14.9581349206349,0.94665931114816,1.15057657816365,0.099357577725464,83.1431436457432
14.9582341269841,0.946583596466031,1.15049426091084,0.0993100726501268,83.1436911429667
14.9583333333333,0.946507888420044,1.15041194632618,0.0992625902824019,83.1442385926198
14.9584325396825,0.946432187009343,1.15032963441135,0.0992151306111032,83.1447859947086
14.9585317460317,0.946356492233077,1.150247325168,0.0991676936250497,83.145333349239
14.958630952381,0.946280804090384,1.15016501859779,0.0991202793130609,83.1458806562171
14.9587301587302,0.946205122580414,1.1500827147024,0.0990728876639666,83.146427915649
14.9588293650794,0.946129447702308,1.15000041348347,0.0990255186665959,83.1469751275405
14.9589285714286,0.946053779455213,1.14991811494267,0.0989781723097882,83.1475222918977
14.9590277777778,0.945978117838272,1.14983581908166,0.0989308485823824,83.1480694087268
14.959126984127,0.945902462850633,1.1497535259021,0.0988835474732272,83.1486164780335
14.9592261904762,0.945826814491439,1.14967123540564,0.0988362689711711,83.149163499824
14.9593253968254,0.945751172759838,1.14958894759394,0.0987890130650725,83.1497104741043
14.9594246031746,0.945675537654974,1.14950666246865,0.0987417797437896,83.1502574008803
14.9595238095238,0.945599909175997,1.14942438003144,0.0986945689961903,83.1508042801581
14.959623015873,0.945524287322049,1.14934210028395,0.0986473808111422,83.1513511119437
14.9597222222222,0.94544867209228,1.14925982322784,0.098600215177523,83.1518978962431
14.9598214285714,0.945373063485834,1.14917754886476,0.0985530720842098,83.1524446330622
14.9599206349206,0.94529746150186,1.14909527719635,0.0985059515200886,83.1529913224071
14.9600198412698,0.945221866139507,1.14901300822428,0.0984588534740501,83.1535379642838
14.960119047619,0.945146277397919,1.14893074195018,0.0984117779349859,83.1540845586983
14.9602182539683,0.945070695276248,1.14884847837571,0.0983647248917975,83.1546311056565
14.9603174603175,0.944995119773637,1.14876621750252,0.0983176943333861,83.1551776051644
14.9604166666667,0.944919550889239,1.14868395933225,0.098270686248663,83.1557240572281
14.9605158730159,0.944843988622199,1.14860170386654,0.0982237006265389,83.1562704618536
14.9606150793651,0.944768432971669,1.14851945110704,0.0981767374559345,83.1568168190467
14.9607142857143,0.944692883936794,1.1484372010554,0.0981297967257703,83.1573631288136
14.9608134920635,0.944617341516727,1.14835495371325,0.0980828784249765,83.1579093911601
14.9609126984127,0.944541805710613,1.14827270908224,0.0980359825424831,83.1584556060923
14.9610119047619,0.944466276517607,1.14819046716401,0.0979891090672301,83.1590017736162
14.9611111111111,0.944390753936854,1.14810822796021,0.0979422579881571,83.1595478937378
14.9612103174603,0.944315237967508,1.14802599147246,0.0978954292942134,83.1600939664629
14.9613095238095,0.944239728608715,1.1479437577024,0.0978486229743483,83.1606399917976
14.9614087301587,0.944164225859628,1.14786152665168,0.0978018390175196,83.1611859697479
14.9615079365079,0.944088729719399,1.14777929832193,0.0977550774126899,83.1617319003198
14.9616071428571,0.944013240187176,1.14769707271479,0.0977083381488227,83.1622777835192
14.9617063492063,0.943937757262113,1.14761484983189,0.0976616212148915,83.162823619352
14.9618055555556,0.943862280943357,1.14753262967486,0.0976149265998695,83.1633694078244
14.9619047619048,0.943786811230066,1.14745041224533,0.0975682542927395,83.1639151489422
14.962003968254,0.943711348121385,1.14736819754495,0.0975216042824846,83.1644608427113
14.9621031746032,0.943635891616472,1.14728598557533,0.0974749765580972,83.1650064891379
14.9622023809524,0.943560441714474,1.14720377633811,0.0974283711085696,83.1655520882277
14.9623015873016,0.943484998414547,1.14712156983493,0.0973817879229042,83.1660976399869
14.9624007936508,0.943409561715842,1.14703936606739,0.0973352269901027,83.1666431444213
14.9625,0.943334131617514,1.14695716503714,0.0972886882991771,83.1671886015369
14.9625992063492,0.943258708118712,1.1468749667458,0.0972421718391388,83.1677340113398
14.9626984126984,0.943183291218594,1.14679277119499,0.0971956775990092,83.1682793738357
14.9627976190476,0.94310788091631,1.14671057838635,0.0971492055678095,83.1688246890308
14.9628968253968,0.943032477211015,1.14662838832148,0.0971027557345692,83.1693699569309
14.962996031746,0.942957080101865,1.14654620100202,0.097056328088323,83.169915177542
14.9630952380952,0.94288168958801,1.14646401642959,0.0970099226181063,83.17046035087
14.9631944444444,0.94280630566861,1.14638183460581,0.0969635393129644,83.171005476921
14.9632936507937,0.942730928342813,1.14629965553229,0.0969171781619425,83.1715505557008
14.9633928571429,0.942655557609781,1.14621747921066,0.0968708391540955,83.1720955872154
14.9634920634921,0.942580193468662,1.14613530564253,0.096824522278478,83.1726405714708
14.9635912698413,0.942504835918618,1.14605313482953,0.0967782275241546,83.1731855084728
14.9636904761905,0.942429484958799,1.14597096677326,0.0967319548801896,83.1737303982275
14.9637896825397,0.942354140588365,1.14588880147535,0.096685704335657,83.1742752407407
14.9638888888889,0.942278802806468,1.14580663893741,0.0966394758796307,83.1748200360185
14.9639880952381,0.942203471612268,1.14572447916105,0.0965932695011944,83.1753647840667
14.9640873015873,0.942128147004919,1.14564232214787,0.0965470851894316,83.1759094848914
14.9641865079365,0.942052828983579,1.14556016789951,0.0965009229334356,83.1764541384983
14.9642857142857,0.941977517547403,1.14547801641756,0.0964547827222992,83.1769987448936
14.9643849206349,0.941902212695549,1.14539586770364,0.0964086645451243,83.177543304083
14.9644841269841,0.941826914427176,1.14531372175935,0.0963625683910172,83.1780878160725
14.9645833333333,0.941751622741439,1.14523157858631,0.0963164942490854,83.1786322808682
14.9646825396825,0.941676337637499,1.14514943818611,0.0962704421084459,83.1791766984758
14.9647817460317,0.941601059114509,1.14506730056037,0.096224411958216,83.1797210689013
14.964880952381,0.941525787171633,1.1449851657107,0.0961784037875224,83.1802653921506
14.9649801587302,0.941450521808024,1.14490303363868,0.0961324175854916,83.1808096682298
14.9650793650794,0.941375263022845,1.14482090434594,0.0960864533412603,83.1813538971446
14.9651785714286,0.94130001081525,1.14473877783407,0.0960405110439645,83.1818980789011
14.9652777777778,0.941224765184404,1.14465665410467,0.0959945906827502,83.182442213505
14.965376984127,0.941149526129461,1.14457453315935,0.0959486922467633,83.1829863009625
14.9654761904762,0.941074293649585,1.1444924149997,0.0959028157251593,83.1835303412793
14.9655753968254,0.940999067743931,1.14441029962732,0.0958569611070936,83.1840743344614
14.9656746031746,0.940923848411664,1.14432818704381,0.0958111283817314,83.1846182805146
14.9657738095238,0.940848635651939,1.14424607725077,0.0957653175382376,83.1851621794451
14.965873015873,0.94077342946392,1.14416397024979,0.0957195285657859,83.1857060312585
14.9659722222222,0.940698229846768,1.14408186604247,0.0956737614535545,83.1862498359609
14.9660714285714,0.94062303679964,1.14399976463041,0.0956280161907227,83.1867935935581
14.9661706349206,0.940547850321702,1.14391766601519,0.0955822927664797,83.187337304056
14.9662698412698,0.940472670412111,1.14383557019841,0.0955365911700145,83.1878809674607
14.966369047619,0.940397497070032,1.14375347718166,0.0954909113905257,83.1884245837779
14.9664682539683,0.940322330294622,1.14367138696653,0.095445253417212,83.1889681530135
14.9665674603175,0.940247170085049,1.14358929955461,0.0953996172392815,83.1895116751735
14.9666666666667,0.94017201644047,1.14350721494749,0.0953540028459426,83.1900551502639
14.9667658730159,0.940096869360051,1.14342513314676,0.095308410226413,83.1905985782903
14.9668650793651,0.940021728842951,1.143343054154,0.0952628393699106,83.1911419592589
14.9669642857143,0.939946594888337,1.14326097797081,0.0952172902656626,83.1916852931754
14.9670634920635,0.939871467495368,1.14317890459876,0.0951717629028966,83.1922285800457
14.9671626984127,0.939796346663211,1.14309683403944,0.0951262572708496,83.1927718198758
14.9672619047619,0.939721232391026,1.14301476629443,0.0950807733587585,83.1933150126715
14.9673611111111,0.939646124677978,1.14293270136531,0.0950353111558687,83.1938581584388
14.9674603174603,0.939571023523233,1.14285063925368,0.0949898706514304,83.1944012571835
14.9675595238095,0.939495928925951,1.1427685799611,0.094944451834695,83.1949443089115
14.9676587301587,0.939420840885302,1.14268652348916,0.0948990546949233,83.1954873136287
14.9677579365079,0.939345759400444,1.14260446983943,0.0948536792213764,83.196030271341
14.9678571428571,0.939270684470548,1.14252241901351,0.0948083254033249,83.1965731820542
14.9679563492064,0.939195616094773,1.14244037101294,0.0947629932300393,83.1971160457743
14.9680555555556,0.93912055427229,1.14235832583933,0.0947176826907997,83.1976588625071
14.9681547619048,0.93904549900226,1.14227628349424,0.0946723937748861,83.1982016322585
14.968253968254,0.938970450283852,1.14219424397925,0.0946271264715885,83.1987443550343
14.9683531746032,0.938895408116229,1.14211220729592,0.0945818807701966,83.1992870308406
14.9684523809524,0.93882037249856,1.14203017344584,0.0945366566600096,83.199829659683
14.9685515873016,0.938745343430008,1.14194814243056,0.0944914541303268,83.2003722415676
14.9686507936508,0.938670320909743,1.14186611425168,0.0944462731704571,83.2009147765001
14.96875,0.938595304936929,1.14178408891074,0.0944011137697096,83.2014572644865
14.9688492063492,0.938520295510734,1.14170206640933,0.0943559759174014,83.2019997055326
14.9689484126984,0.938445292630327,1.14162004674901,0.0943108596028547,83.2025420996443
14.9690476190476,0.938370296294872,1.14153802993134,0.0942657648153926,83.2030844468274
14.9691468253968,0.938295306503541,1.1414560159579,0.0942206915443482,83.2036267470878
14.969246031746,0.938220323255496,1.14137400483024,0.0941756397790543,83.2041690004314
14.9693452380952,0.938145346549912,1.14129199654994,0.0941306095088534,83.204711206864
14.9694444444444,0.938070376385951,1.14120999111855,0.0940856007230878,83.2052533663915
14.9695436507936,0.937995412762787,1.14112798853764,0.0940406134111098,83.2057954790198
14.9696428571429,0.937920455679584,1.14104598880877,0.0939956475622712,83.2063375447547
14.9697420634921,0.937845505135515,1.1409639919335,0.0939507031659339,83.206879563602
14.9698412698413,0.937770561129745,1.14088199791338,0.0939057802114594,83.2074215355677
14.9699404761905,0.937695623661449,1.14080000674999,0.093860878688219,83.2079634606575
14.9700396825397,0.93762069272979,1.14071801844486,0.0938159985855838,83.2085053388774
14.9701388888889,0.937545768333944,1.14063603299957,0.0937711398929347,83.2090471702331
14.9702380952381,0.937470850473076,1.14055405041567,0.0937263025996525,83.2095889547306
14.9703373015873,0.937395939146359,1.14047207069471,0.0936814866951266,83.2101306923756
14.9704365079365,0.937321034352966,1.14039009383825,0.0936366921687507,83.2106723831741
14.9705357142857,0.937246136092062,1.14030811984784,0.0935919190099202,83.2112140271318
14.9706349206349,0.937171244362823,1.14022614872503,0.0935471672080398,83.2117556242546
14.9707341269841,0.937096359164416,1.14014418047137,0.0935024367525144,83.2122971745483
14.9708333333333,0.937021480496017,1.14006221508842,0.0934577276327583,83.2128386780188
14.9709325396825,0.936946608356793,1.13998025257772,0.0934130398381859,83.213380134672
14.9710317460317,0.93687174274592,1.13989829294083,0.0933683733582211,83.2139215445136
14.971130952381,0.936796883662566,1.13981633617928,0.093323728182288,83.2144629075495
14.9712301587302,0.936722031105908,1.13973438229463,0.09327910429982,83.2150042237855
14.9713293650794,0.936647185075113,1.13965243128842,0.0932345017002509,83.2155454932275
14.9714285714286,0.93657234556936,1.1395704831622,0.0931899203730236,83.2160867158813
14.9715277777778,0.936497512587815,1.13948853791751,0.0931453603075814,83.2166278917527
14.971626984127,0.936422686129658,1.1394065955559,0.093100821493377,83.2171690208475
14.9717261904762,0.936347866194057,1.13932465607891,0.0930563039198631,83.2177101031717
14.9718253968254,0.936273052780187,1.13924271948807,0.0930118075765007,83.2182511387309
14.9719246031746,0.936198245887226,1.13916078578493,0.092967332452756,83.218792127531
14.9720238095238,0.936123445514342,1.13907885497103,0.092922878538096,83.219333069578
14.972123015873,0.936048651660713,1.1389969270479,0.0928784458219974,83.2198739648774
14.9722222222222,0.935973864325512,1.13891500201709,0.0928340342939369,83.2204148134353
14.9723214285714,0.935899083507915,1.13883307988013,0.0927896439434008,83.2209556152574
14.9724206349206,0.935824309207095,1.13875116063856,0.0927452747598754,83.2214963703495
14.9725198412698,0.93574954142223,1.13866924429391,0.0927009267328565,83.2220370787174
14.972619047619,0.935674780152492,1.13858733084771,0.0926565998518402,83.222577740367
14.9727182539683,0.93560002539706,1.1385054203015,0.0926122941063318,83.2231183553041
14.9728174603175,0.935525277155106,1.13842351265681,0.0925680094858368,83.2236589235344
14.9729166666667,0.93545053542581,1.13834160791518,0.0925237459798703,83.2241994450638
14.9730158730159,0.935375800208345,1.13825970607813,0.0924795035779473,83.2247399198982
14.9731150793651,0.935301071501891,1.13817780714719,0.0924352822695924,83.2252803480432
14.9732142857143,0.93522634930562,1.13809591112389,0.0923910820443305,83.2258207295047
14.9733134920635,0.935151633618711,1.13801401800975,0.0923469028916944,83.2263610642886
14.9734126984127,0.935076924440345,1.13793212780632,0.0923027448012221,83.2269013524006
14.9735119047619,0.935002221769693,1.1378502405151,0.0922586077624525,83.2274415938465
14.9736111111111,0.934927525605938,1.13776835613763,0.0922144917649343,83.2279817886321
14.9737103174603,0.934852835948253,1.13768647467542,0.0921703967982161,83.2285219367632
14.9738095238095,0.934778152795821,1.13760459613001,0.0921263228518561,83.2290620382456
14.9739087301587,0.934703476147816,1.13752272050292,0.0920822699154125,83.2296020930851
14.9740079365079,0.93462880600342,1.13744084779566,0.0920382379784532,83.2301421012875
14.9741071428571,0.934554142361807,1.13735897800975,0.0919942270305459,83.2306820628587
14.9742063492063,0.934479485222161,1.13727711114672,0.0919502370612679,83.2312219778043
14.9743055555556,0.934404834583658,1.13719524720808,0.0919062680601969,83.2317618461301
14.9744047619048,0.934330190445479,1.13711338619536,0.0918623200169195,83.2323016678421
14.974503968254,0.934255552806801,1.13703152811006,0.091818392921023,83.2328414429459
14.9746031746032,0.934180921666808,1.1369496729537,0.0917744867621038,83.2333811714473
14.9747023809524,0.934106297024675,1.1368678207278,0.0917306015297585,83.2339208533521
14.9748015873016,0.934031678879586,1.13678597143388,0.091686737213592,83.2344604886661
14.9749007936508,0.933957067230721,1.13670412507344,0.0916428938032141,83.2350000773951
14.975,0.933882462077259,1.13662228164799,0.0915990712882358,83.2355396195449
14.9750992063492,0.933807863418383,1.13654044115906,0.0915552696582775,83.2360791151212
14.9751984126984,0.933733271253271,1.13645860360814,0.09151148890296,83.2366185641298
14.9752976190476,0.933658685581109,1.13637676899675,0.0914677290119131,83.2371579665765
14.9753968253968,0.933584106401073,1.1362949373264,0.0914239899747671,83.2376973224671
14.975496031746,0.933509533712351,1.13621310859859,0.0913802717811618,83.2382366318073
14.9755952380952,0.933434967514118,1.13613128281483,0.0913365744207367,83.238775894603
14.9756944444444,0.933360407805563,1.13604945997663,0.0912928978831413,83.2393151108597
14.9757936507937,0.933285854585863,1.13596764008548,0.0912492421580248,83.2398542805835
14.9758928571429,0.933211307854204,1.13588582314291,0.0912056072350461,83.2403934037799
14.9759920634921,0.933136767609767,1.13580400915039,0.0911619931038641,83.2409324804548
14.9760912698413,0.933062233851737,1.13572219810945,0.0911183997541473,83.241471510614
14.9761904761905,0.932987706579295,1.13564039002158,0.0910748271755642,83.2420104942631
14.9762896825397,0.932913185791625,1.13555858488828,0.0910312753577917,83.2425494314081
14.9763888888889,0.932838671487914,1.13547678271105,0.0909877442905113,83.2430883220545
14.9764880952381,0.932764163667342,1.13539498349138,0.0909442339634061,83.2436271662082
14.9765873015873,0.932689662329096,1.13531318723079,0.0909007443661682,83.244165963875
14.9766865079365,0.932615167472357,1.13523139393075,0.0908572754884905,83.2447047150605
14.9767857142857,0.932540679096314,1.13514960359278,0.0908138273200748,83.2452434197706
14.9768849206349,0.932466197200148,1.13506781621835,0.0907703998506231,83.245782078011
14.9769841269841,0.932391721783047,1.13498603180897,0.0907269930698472,83.2463206897874
14.9770833333333,0.932317252844193,1.13490425036613,0.0906836069674585,83.2468592551056
14.9771825396825,0.932242790382776,1.13482247189132,0.0906402415331784,83.2473977739714
14.9772817460317,0.932168334397977,1.13474069638603,0.0905968967567281,83.2479362463905
14.977380952381,0.932093884888986,1.13465892385176,0.0905535726278384,83.2484746723685
14.9774801587302,0.932019441854986,1.13457715428999,0.0905102691362401,83.2490130519114
14.9775793650794,0.931945005295167,1.1344953877022,0.0904669862716735,83.2495513850248
14.9776785714286,0.93187057520871,1.1344136240899,0.0904237240238791,83.2500896717145
14.9777777777778,0.931796151594807,1.13433186345455,0.0903804823826057,83.2506279119861
14.977876984127,0.931721734452644,1.13425010579766,0.0903372613376068,83.2511661058455
14.9779761904762,0.931647323781406,1.1341683511207,0.0902940608786373,83.2517042532984
14.9780753968254,0.931572919580285,1.13408659942516,0.0902508809954615,83.2522423543505
14.9781746031746,0.931498521848463,1.13400485071251,0.0902077216778437,83.2527804090075
14.9782738095238,0.931424130585133,1.13392310498425,0.090164582915558,83.2533184172752
14.978373015873,0.931349745789479,1.13384136224186,0.0901214646983782,83.2538563791593
14.9784722222222,0.931275367460693,1.1337596224868,0.090078367016088,83.2543942946655
14.9785714285714,0.931200995597867,1.13367788572019,0.0900352898606169,83.2549321637992
14.9786706349206,0.931126630197744,1.13359615193323,0.0899922332792749,83.2554699865531
14.9787698412698,0.931052271258534,1.13351442112274,0.0899491972878111,83.2560077629272
14.978869047619,0.930977918779581,1.13343269329009,0.0899061818764033,83.2565454929272
14.9789682539683,0.93090357276022,1.13335096843663,0.0898631870352291,83.2570831765587
14.9790674603175,0.930829233199791,1.13326924656375,0.089820212754475,83.2576208138274
14.9791666666667,0.930754900097626,1.13318752767279,0.0897772590243274,83.2581584047388
14.9792658730159,0.930680573453062,1.13310581176513,0.0897343258349802,83.2586959492985
14.9793650793651,0.930606253265434,1.13302409884213,0.0896914131766321,83.2592334475123
14.9794642857143,0.930531939534069,1.13294238890516,0.0896485210394822,83.2597708993857
14.9795634920635,0.930457632258302,1.13286068195557,0.089605649413739,83.2603083049244
14.9796626984127,0.930383331437459,1.13277897799473,0.0895627982896105,83.2608456641339
14.9797619047619,0.93030903707087,1.13269727702401,0.0895199676573138,83.26138297702
14.9798611111111,0.930234749157859,1.13261557904476,0.0894771575070656,83.2619202435882
14.9799603174603,0.930160467697755,1.13253388405835,0.0894343678290917,83.262457463844
14.9800595238095,0.930086192689878,1.13245219206613,0.0893915986136175,83.2629946377933
14.9801587301587,0.930011924133554,1.13237050306947,0.0893488498508775,83.2635317654415
14.9802579365079,0.929937662028101,1.13228881706974,0.089306121531106,83.2640688467943
14.9803571428571,0.929863406372843,1.13220713406828,0.0892634136445461,83.2646058818573
14.9804563492063,0.929789157167095,1.13212545406646,0.0892207261814406,83.2651428706361
14.9805555555556,0.929714914410178,1.13204377706564,0.0891780591320415,83.2656798131364
14.9806547619048,0.929640678101404,1.13196210306717,0.0891354124866005,83.2662167093636
14.980753968254,0.92956644824009,1.13188043207242,0.0890927862353768,83.2667535593235
14.9808531746032,0.929492224825551,1.13179876408274,0.0890501803686344,83.2672903630216
14.9809523809524,0.929418007857097,1.13171709909949,0.089007594876638,83.2678271204636
14.9810515873016,0.929343797334041,1.13163543712403,0.0889650297496611,83.268363831655
14.9811507936508,0.92926959325569,1.13155377815771,0.0889224849779772,83.2689004966015
14.98125,0.929195395621355,1.1314721222019,0.0888799605518687,83.2694371153086
14.9813492063492,0.92912120443034,1.13139046925793,0.0888374564616176,83.269973687782
14.9814484126984,0.929047019681954,1.13130881932718,0.088794972697515,83.2705102140272
14.9815476190476,0.928972841375498,1.13122717241099,0.0887525092498519,83.2710466940499
14.9816468253968,0.928898669510279,1.13114552851073,0.0887100661089279,83.2715831278555
14.981746031746,0.928824504085595,1.13106388762773,0.0886676432650426,83.2721195154499
14.9818452380952,0.928750345100749,1.13098224976337,0.0886252407085046,83.2726558568384
14.9819444444444,0.928676192555038,1.13090061491898,0.088582858429622,83.2731921520268
14.9820436507936,0.928602046447763,1.13081898309593,0.088540496418712,83.2737284010206
14.9821428571429,0.928527906778216,1.13073735429557,0.0884981546660918,83.2742646038254
14.9822420634921,0.928453773545696,1.13065572851924,0.0884558331620859,83.2748007604468
14.9823412698413,0.928379646749497,1.1305741057683,0.0884135318970235,83.2753368708903
14.9824404761905,0.928305526388909,1.1304924860441,0.0883712508612347,83.2758729351616
14.9825396825397,0.928231412463226,1.13041086934799,0.0883289900450585,83.2764089532662
14.9826388888889,0.928157304971736,1.13032925568132,0.0882867494388336,83.2769449252098
14.9827380952381,0.92808320391373,1.13024764504544,0.0882445290329077,83.2774808509979
14.9828373015873,0.928009109288493,1.13016603744171,0.0882023288176283,83.278016730636
14.9829365079365,0.927935021095313,1.13008443287146,0.0881601487833517,83.2785525641298
14.9830357142857,0.927860939333473,1.13000283133604,0.0881179889204342,83.2790883514848
14.9831349206349,0.927786864002259,1.12992123283682,0.0880758492192408,83.2796240927067
14.9832341269841,0.927712795100949,1.12983963737512,0.0880337296701365,83.2801597878009
14.9833333333333,0.92763873262883,1.12975804495231,0.087991630263495,83.2806954367731
14.9834325396825,0.927564676585175,1.12967645556972,0.08794955098969,83.2812310396288
14.9835317460317,0.927490626969268,1.12959486922871,0.087907491839104,83.2817665963736
14.983630952381,0.927416583780382,1.12951328593062,0.0878654528021194,83.2823021070131
14.9837301587302,0.927342547017793,1.12943170567678,0.0878234338691262,83.2828375715528
14.9838293650794,0.92726851668078,1.12935012846856,0.0877814350305188,83.2833729899983
14.9839285714286,0.92719449276861,1.1292685543073,0.0877394562766927,83.2839083623552
14.9840277777778,0.927120475280559,1.12918698319433,0.0876974975980522,83.284443688629
14.984126984127,0.927046464215894,1.129105415131,0.0876555589850014,83.2849789688253
14.9842261904762,0.926972459573888,1.12902385011867,0.0876136404279532,83.2855142029496
14.9843253968254,0.926898461353805,1.12894228815865,0.0875717419173206,83.2860493910076
14.9844246031746,0.926824469554915,1.12886072925231,0.0875298634435252,83.2865845330047
14.9845238095238,0.92675048417648,1.12877917340099,0.0874880049969885,83.2871196289466
14.984623015873,0.926676505217768,1.12869762060602,0.0874461665681411,83.2876546788387
14.9847222222222,0.926602532678037,1.12861607086874,0.087404348147413,83.2881896826866
14.9848214285714,0.926528566556552,1.1285345241905,0.0873625497252436,83.288724640496
14.9849206349206,0.92645460685257,1.12845298057264,0.0873207712920717,83.2892595522723
14.9850198412698,0.926380653565353,1.12837144001649,0.0872790128383452,83.2897944180211
14.985119047619,0.926306706694155,1.1282899025234,0.0872372743545117,83.2903292377479
14.9852182539683,0.926232766238234,1.12820836809471,0.0871955558310267,83.2908640114583
14.9853174603175,0.926158832196847,1.12812683673175,0.08715385725835,83.2913987391578
14.9854166666667,0.926084904569242,1.12804530843587,0.0871121786269423,83.291933420852
14.9855158730159,0.926010983354677,1.12796378320839,0.0870705199272732,83.2924680565464
14.9856150793651,0.925937068552398,1.12788226105067,0.0870288811498122,83.2930026462466
14.9857142857143,0.925863160161658,1.12780074196403,0.0869872622850376,83.2935371899581
14.9858134920635,0.925789258181703,1.12771922594981,0.0869456633234277,83.2940716876864
14.9859126984127,0.925715362611783,1.12763771300934,0.0869040842554693,83.2946061394371
14.9860119047619,0.92564147345114,1.12755620314397,0.0868625250716495,83.2951405452157
14.9861111111111,0.925567590699021,1.12747469635503,0.0868209857624639,83.2956749050277
14.9862103174603,0.925493714354667,1.12739319264386,0.0867794663184083,83.2962092188788
14.9863095238095,0.925419844417323,1.12731169201178,0.0867379667299869,83.2967434867743
14.9864087301587,0.925345980886224,1.12723019446013,0.0866964869877042,83.2972777087199
14.9865079365079,0.925272123760616,1.12714869999025,0.0866550270820733,83.2978118847211
14.9866071428571,0.92519827303973,1.12706720860346,0.0866135870036072,83.2983460147834
14.9867063492064,0.925124428722807,1.12698572030111,0.0865721667428267,83.2988800989123
14.9868055555556,0.925050590809082,1.12690423508452,0.086530766290257,83.2994141371133
14.9869047619048,0.924976759297787,1.12682275295503,0.086489385636424,83.2999481293921
14.987003968254,0.924902934188157,1.12674127391396,0.0864480247718627,83.300482075754
14.9871031746032,0.92482911547942,1.12665979796265,0.086406683687108,83.3010159762047
14.9872023809524,0.92475530317081,1.12657832510244,0.0863653623727035,83.3015498307497
14.9873015873016,0.924681497261551,1.12649685533463,0.0863240608191928,83.3020836393944
14.9874007936508,0.924607697750876,1.12641538866058,0.0862827790171281,83.3026174021443
14.9875,0.924533904638006,1.12633392508161,0.0862415169570617,83.3031511190051
14.9875992063492,0.924460117922169,1.12625246459904,0.0862002746295548,83.3036847899822
14.9876984126984,0.924386337602586,1.1261710072142,0.0861590520251681,83.3042184150811
14.9877976190476,0.924312563678483,1.12608955292843,0.0861178491344716,83.3047519943074
14.9878968253968,0.924238796149076,1.12600810174305,0.0860766659480349,83.3052855276665
14.987996031746,0.924165035013589,1.12592665365939,0.0860355024564365,83.305819015164
14.9880952380952,0.924091280271237,1.12584520867877,0.0859943586502547,83.3063524568054
14.9881944444444,0.924017531921237,1.12576376680253,0.0859532345200757,83.3068858525961
14.9882936507937,0.923943789962809,1.12568232803198,0.0859121300564899,83.3074192025418
14.9883928571429,0.923870054395161,1.12560089236845,0.0858710452500886,83.3079525066478
14.9884920634921,0.923796325217513,1.12551945981327,0.0858299800914723,83.3084857649197
14.9885912698413,0.92372260242907,1.12543803036776,0.085788934571241,83.309018977363
14.9886904761905,0.923648886029047,1.12535660403325,0.0857479086800038,83.3095521439832
14.9887896825397,0.92357517601665,1.12527518081106,0.0857069024083694,83.3100852647858
14.9888888888889,0.923501472391091,1.12519376070251,0.0856659157469557,83.3106183397763
14.9889880952381,0.923427775151571,1.12511234370893,0.0856249486863801,83.3111513689601
14.9890873015873,0.923354084297301,1.12503092983164,0.0855840012172691,83.3116843523429
14.9891865079365,0.92328039982748,1.12494951907195,0.0855430733302489,83.31221728993
14.9892857142857,0.923206721741314,1.1248681114312,0.0855021650159547,83.312750181727
14.9893849206349,0.923133050038002,1.12478670691071,0.0854612762650215,83.3132830277394
14.9894841269841,0.923059384716746,1.12470530551179,0.0854204070680931,83.3138158279726
14.9895833333333,0.922985725776742,1.12462390723576,0.0853795574158132,83.3143485824321
14.9896825396825,0.922912073217189,1.12454251208394,0.0853387272988333,83.3148812911235
14.9897817460317,0.922838427037286,1.12446112005767,0.085297916707809,83.3154139540522
14.989880952381,0.922764787236222,1.12437973115824,0.0852571256333973,83.3159465712237
14.9899801587302,0.922691153813195,1.12429834538699,0.0852163540662636,83.3164791426434
14.9900793650794,0.922617526767394,1.12421696274523,0.0851756019970736,83.317011668317
14.9901785714286,0.922543906098014,1.12413558323427,0.0851348694165014,83.3175441482497
14.9902777777778,0.922470291804239,1.12405420685545,0.0850941563152214,83.3180765824472
14.990376984127,0.922396683885263,1.12397283361006,0.0850534626839165,83.3186089709149
14.9904761904762,0.922323082340268,1.12389146349943,0.0850127885132696,83.3191413136583
14.9905753968254,0.922249487168443,1.12381009652488,0.0849721337939726,83.3196736106828
14.9906746031746,0.92217589836897,1.12372873268772,0.084931498516717,83.3202058619939
14.9907738095238,0.922102315941035,1.12364737198927,0.0848908826722032,83.3207380675971
14.990873015873,0.922028739883816,1.12356601443083,0.0848502862511317,83.3212702274979
14.9909722222222,0.921955170196497,1.12348466001374,0.0848097092442115,83.3218023417017
14.9910714285714,0.921881606878253,1.12340330873929,0.0847691516421517,83.3223344102141
14.9911706349206,0.921808049928265,1.1233219606088,0.0847286134356692,83.3228664330404
14.9912698412698,0.92173449934571,1.12324061562359,0.0846880946154849,83.3233984101861
14.991369047619,0.921660955129761,1.12315927378497,0.084647595172321,83.3239303416568
14.9914682539683,0.921587417279594,1.12307793509425,0.0846071150969085,83.3244622274578
14.9915674603175,0.921513885794379,1.12299659955274,0.0845666543799782,83.3249940675946
14.9916666666667,0.92144036067329,1.12291526716176,0.0845262130122696,83.3255258620727
14.9917658730159,0.921366841915494,1.12283393792261,0.0844857909845225,83.3260576108976
14.9918650793651,0.921293329520164,1.12275261183661,0.0844453882874851,83.3265893140747
14.9919642857143,0.921219823486462,1.12267128890506,0.0844050049119057,83.3271209716094
14.9920634920635,0.921146323813559,1.12258996912928,0.0843646408485413,83.3276525835072
14.9921626984127,0.921072830500616,1.12250865251057,0.084324296088149,83.3281841497736
14.9922619047619,0.920999343546799,1.12242733905025,0.0842839706214945,83.3287156704141
14.9923611111111,0.920925862951268,1.12234602874962,0.0842436644393434,83.329247145434
14.9924603174603,0.920852388713187,1.12226472161,0.0842033775324704,83.3297785748388
14.9925595238095,0.920778920831712,1.12218341763268,0.0841631098916497,83.330309958634
14.9926587301587,0.920705459306002,1.12210211681897,0.0841228615076635,83.330841296825
14.9927579365079,0.920632004135217,1.12202081917019,0.0840826323712982,83.3313725894173
14.9928571428571,0.920558555318509,1.12193952468763,0.0840424224733413,83.3319038364163
14.9929563492063,0.920485112855035,1.12185823337261,0.084002231804589,83.3324350378274
14.9930555555556,0.920411676743945,1.12177694522643,0.0839620603558376,83.3329661936561
14.9931547619048,0.920338246984394,1.12169566025039,0.0839219081178919,83.3334973039079
14.993253968254,0.920264823575529,1.1216143784458,0.0838817750815569,83.3340283685881
14.9933531746032,0.920191406516503,1.12153309981397,0.0838416612376463,83.3345593877022
14.9934523809524,0.92011799580646,1.12145182435619,0.0838015665769737,83.3350903612557
14.9935515873016,0.92004459144455,1.12137055207378,0.0837614910903614,83.3356212892539
14.9936507936508,0.919971193429915,1.12128928296802,0.0837214347686318,83.3361521717024
14.99375,0.919897801761702,1.12120801704024,0.083681397602616,83.3366830086065
14.9938492063492,0.919824416439049,1.12112675429172,0.083641379583145,83.3372137999717
14.9939484126984,0.919751037461103,1.12104549472377,0.0836013807010587,83.3377445458034
14.9940476190476,0.919677664826999,1.12096423833769,0.0835614009471967,83.338275246107
14.9941468253968,0.919604298535878,1.12088298513478,0.0835214403124065,83.338805900888
14.994246031746,0.919530938586879,1.12080173511635,0.08348149878754,83.3393365101518
14.9943452380952,0.919457584979134,1.12072048828368,0.0834415763634497,83.3398670739037
14.9944444444444,0.919384237711782,1.12063924463809,0.0834016730309975,83.3403975921493
14.9945436507937,0.919310896783953,1.12055800418087,0.0833617887810448,83.340928064894
14.9946428571429,0.919237562194782,1.12047676691332,0.0833219236044618,83.3414584921431
14.9947420634921,0.919164233943396,1.12039553283674,0.083282077492119,83.3419888739022
14.9948412698413,0.919090912028929,1.12031430195242,0.0832422504348951,83.3425192101765
14.9949404761905,0.919017596450506,1.12023307426166,0.0832024424236693,83.3430495009716
14.9950396825397,0.918944287207256,1.12015184976577,0.0831626534493291,83.3435797462928
14.9951388888889,0.918870984298302,1.12007062846602,0.0831228835027624,83.3441099461456
14.9952380952381,0.918797687722772,1.11998941036374,0.0830831325748655,83.3446401005353
14.9953373015873,0.918724397479785,1.1199081954602,0.0830434006565348,83.3451702094675
14.9954365079365,0.918651113568467,1.1198269837567,0.0830036877386754,83.3457002729474
14.9955357142857,0.918577835987934,1.11974577525454,0.0829639938121924,83.3462302909805
14.9956349206349,0.918504564737306,1.11966456995501,0.0829243188679987,83.3467602635722
14.9957341269841,0.918431299815705,1.11958336785941,0.0828846628970112,83.3472901907279
14.9958333333333,0.918358041222242,1.11950216896903,0.0828450258901481,83.347820072453
14.9959325396825,0.918284788956037,1.11942097328516,0.0828054078383364,83.348349908753
14.9960317460317,0.918211543016199,1.1193397808091,0.0827658087325029,83.3488796996331
14.996130952381,0.918138303401846,1.11925859154214,0.0827262285635833,83.3494094450989
14.9962301587302,0.918065070112083,1.11917740548556,0.0826866673225131,83.3499391451557
14.9963293650794,0.917991843146026,1.11909622264067,0.0826471250002367,83.3504687998089
14.9964285714286,0.917918622502779,1.11901504300875,0.0826076015876984,83.350998409064
14.9965277777778,0.917845408181453,1.11893386659109,0.0825680970758512,83.3515279729262
14.996626984127,0.91777220018115,1.11885269338898,0.0825286114556481,83.352057491401
14.9967261904762,0.917698998500979,1.11877152340372,0.0824891447180509,83.3525869644938
14.9968253968254,0.91762580314004,1.11869035663659,0.0824496968540213,83.35311639221
14.9969246031746,0.917552614097438,1.11860919308888,0.0824102678545298,83.353645774555
14.9970238095238,0.91747943137227,1.11852803276188,0.0823708577105469,83.3541751115341
14.997123015873,0.917406254963639,1.11844687565687,0.0823314664130505,83.3547044031528
14.9972222222222,0.917333084870643,1.11836572177516,0.0822920939530232,83.3552336494164
14.9973214285714,0.917259921092377,1.11828457111801,0.0822527403214484,83.3557628503303
14.9974206349206,0.917186763627939,1.11820342368672,0.0822134055093183,83.3562920058999
14.9975198412698,0.91711361247642,1.11812227948258,0.0821740895076254,83.3568211161306
14.997619047619,0.917040467636917,1.11804113850687,0.0821347923073703,83.3573501810278
14.9977182539683,0.916967329108518,1.11796000076087,0.0820955138995541,83.3578792005968
14.9978174603175,0.916894196890316,1.11787886624588,0.0820562542751865,83.358408174843
14.9979166666667,0.916821070981398,1.11779773496317,0.0820170134252771,83.3589371037718
14.9980158730159,0.916747951380854,1.11771660691403,0.0819777913408442,83.3594659873886
14.9981150793651,0.916674838087768,1.11763548209975,0.0819385880129063,83.3599948256987
14.9982142857143,0.916601731101228,1.1175543605216,0.0818994034324903,83.3605236187075
14.9983134920635,0.916528630420315,1.11747324218087,0.0818602375906235,83.3610523664204
14.9984126984127,0.916455536044114,1.11739212707885,0.0818210904783415,83.3615810688428
14.9985119047619,0.916382447971703,1.11731101521681,0.0817819620866802,83.36210972598
14.9986111111111,0.916309366202164,1.11722990659604,0.0817428524066829,83.3626383378373
14.9987103174603,0.916236290734578,1.11714880121781,0.0817037614293975,83.3631669044202
14.9988095238095,0.916163221568019,1.11706769908341,0.0816646891458728,83.3636954257341
14.9989087301587,0.916090158701565,1.11698660019413,0.0816256355471663,83.3642239017842
14.9990079365079,0.916017102134287,1.11690550455123,0.0815866006243356,83.364752332576
14.9991071428571,0.915944051865264,1.116824412156,0.081547584368447,83.3652807181147
14.9992063492064,0.915871007893564,1.11674332300971,0.0815085867705669,83.3658090584058
14.9993055555556,0.91579797021826,1.11666223711365,0.08146960782177,83.3663373534547
14.9994047619048,0.915724938838419,1.1165811544691,0.0814306475131316,83.3668656032666
14.999503968254,0.915651913753113,1.11650007507733,0.0813917058357352,83.3673938078469
14.9996031746032,0.915578894961404,1.11641899893961,0.0813527827806645,83.367921967201
14.9997023809524,0.915505882462363,1.11633792605723,0.0813138783390121,83.3684500813343
14.9998015873016,0.915432876255049,1.11625685643147,0.0812749925018702,83.368978150252
14.9999007936508,0.91535987633853,1.11617579006359,0.08123612526034,83.3695061739596
15,0.915286882711863,1.11609472695488,0.0811972766055227,83.3700341524623
15,0.915286882711863,1.11609472695488,10.0811972766055,83.3700341524623
15.0000992063492,0.917061079750142,1.1160140399702,10.0763762568965,83.3715190486259
15.0001984126984,0.918832392192381,1.11593410103338,10.0715575430467,83.373004491271
15.0002976190476,0.920600824062652,1.1158549086642,10.0667411335608,83.3744904789468
15.0003968253968,0.922366379587926,1.11577646137458,10.0619270271481,83.3759770102541
15.000496031746,0.924129062973817,1.11569875771543,10.0571152227415,83.377464083732
15.0005952380952,0.925888878404197,1.11562179627667,10.0523057194977,83.378951697857
15.0006944444444,0.927645830012932,1.11554557561346,10.0474985164351,83.3804398512211
15.0007936507936,0.929399921911243,1.11547009423221,10.0426936122923,83.3819285425299
15.0008928571429,0.931151158229211,1.11539535068066,10.0378910059727,83.3834177703864
15.0009920634921,0.932899543091188,1.11532134350885,10.0330906963802,83.3849075333943
15.0010912698413,0.934645080616182,1.11524807126914,10.0282926824181,83.3863978301589
15.0011904761905,0.936387774917473,1.11517553251621,10.0234969629896,83.3878886592868
15.0012896825397,0.938127630102996,1.11510372580705,10.0187035369976,83.389380019386
15.0013888888889,0.939864650274959,1.11503264970097,10.0139124033451,83.3908719090653
15.0014880952381,0.941598839530223,1.1149623027596,10.0091235609342,83.3923643269355
15.0015873015873,0.943330201959972,1.11489268354689,10.0043370086676,83.3938572716081
15.0016865079365,0.945058741649853,1.11482379062909,9.99955274544734,83.3953507416963
15.0017857142857,0.946784462680119,1.11475562257478,9.99477077017517,83.3968447358145
15.0018849206349,0.948507369125298,1.11468817795485,9.98999108175302,83.3983392525782
15.0019841269841,0.95022746505457,1.11462145534251,9.98521367908209,83.3998342906045
15.0020833333333,0.95194475453139,1.11455545331328,9.9804385610639,83.4013298485115
15.0021825396825,0.953659241613865,1.11449017044501,9.97566572659924,83.402825924919
15.0022817460317,0.955370930354379,1.11442560531786,9.9708951745892,83.4043225184476
15.002380952381,0.957079824799967,1.11436175651429,9.96612690393413,83.4058196277197
15.0024801587302,0.95878592899194,1.11429862261909,9.96136091353471,83.4073172513586
15.0025793650794,0.960489246966259,1.11423620221938,9.95659720229085,83.4088153879892
15.0026785714286,0.962189782753165,1.11417449390458,9.9518357691028,83.4103140362375
15.0027777777778,0.963887540377545,1.11411349626642,9.94707661287005,83.4118131947308
15.002876984127,0.965582523858566,1.11405320789897,9.94231973249243,83.4133128620979
15.0029761904762,0.967274737210046,1.11399362739858,9.93756512686899,83.4148130369687
15.0030753968254,0.968964184440125,1.11393475336396,9.93281279489899,83.4163137179745
15.0031746031746,0.970650869754664,1.11387658430761,9.92806273553101,83.4178149037083
15.0032738095238,0.972334797335518,1.11381911875,9.9233149477232,83.4193165927814
15.003373015873,0.974015971146684,1.11376235530491,9.91856943039006,83.4208187838551
15.0034722222222,0.975694395147374,1.11370629258801,9.9138261824461,83.4223214755924
15.0035714285714,0.977370073291643,1.11365092921686,9.90908520280684,83.4238246666582
15.0036706349206,0.979043009528758,1.11359626381092,9.90434649038779,83.4253283557194
15.0037698412698,0.980713207802832,1.11354229499155,9.89961004410547,83.4268325414446
15.003869047619,0.982380672053188,1.11348902138199,9.89487586287639,83.4283372225044
15.0039682539683,0.984045406213998,1.11343644160741,9.89014394561808,83.4298423975712
15.0040674603175,0.98570741421464,1.11338455429482,9.88541429124805,83.4313480653195
15.0041666666667,0.987366699979343,1.11333335807319,9.88068689868484,83.4328542244255
15.0042658730159,0.989023267427544,1.11328285157332,9.87596176684696,83.4343608735671
15.0043650793651,0.990677120473527,1.11323303342796,9.87123889465395,83.4358680114245
15.0044642857143,0.992328263026786,1.11318390227172,9.86651828102532,83.4373756366795
15.0045634920635,0.993976698991709,1.11313545674112,9.86179992488149,83.4388837480158
15.0046626984127,0.99562243226771,1.11308769547457,9.85708382514337,83.4403923441191
15.0047619047619,0.997265466749368,1.11304061711238,9.85236998073198,83.4419014236769
15.0048611111111,0.998905806326112,1.11299422029676,9.84765839056938,83.4434109853785
15.0049603174603,1.00054345488258,1.11294850367179,9.84294905357758,83.4449210279153
15.0050595238095,1.00217841629825,1.11290346588349,9.83824196867963,83.4464315499803
15.0051587301587,1.00381069444782,1.11285910557972,9.83353713479858,83.4479425502687
15.0052579365079,1.00544029320083,1.11281542141029,9.82883455085846,83.4494540274773
15.0053571428571,1.00706721642203,1.11277241202685,9.82413421578332,83.450965980305
15.0054563492063,1.00869146797101,1.112730076083,9.81943612849821,83.4524784074524
15.0055555555556,1.0103130517026,1.1126884122342,9.81474028792817,83.4539913076221
15.0056547619048,1.01193197146643,1.11264741913781,9.81004669299927,83.4555046795185
15.005753968254,1.01354823110738,1.11260709545309,9.80535534263753,83.457018521848
15.0058531746032,1.01516183446516,1.1125674398412,9.80066623577003,83.4585328333187
15.0059523809524,1.01677278537468,1.11252845096519,9.79597937132382,83.4600476126408
15.0060515873016,1.01838108766576,1.11249012749001,9.79129474822683,83.4615628585262
15.0061507936508,1.01998674516326,1.11245246808249,9.78661236540749,83.4630785696887
15.00625,1.02158976168716,1.11241547141136,9.78193222179436,83.4645947448442
15.0063492063492,1.02319014105233,1.11237913614727,9.77725431631701,83.4661113827101
15.0064484126984,1.02478788706883,1.11234346096274,9.77257864790501,83.4676284820061
15.0065476190476,1.02638300354157,1.11230844453218,9.76790521548891,83.4691460414534
15.0066468253968,1.02797549427067,1.11227408553192,9.76323401799928,83.4706640597754
15.006746031746,1.0295653630511,1.11224038264016,9.75856505436771,83.4721825356971
15.0068452380952,1.03115261367304,1.11220733453702,9.75389832352575,83.4737014679457
15.0069444444444,1.03273724992151,1.11217493990449,9.74923382440598,83.4752208552499
15.0070436507937,1.03431927557675,1.11214319742648,9.74457155594097,83.4767406963406
15.0071428571429,1.03589869441385,1.11211210578877,9.73991151706431,83.4782609899504
15.0072420634921,1.03747551020308,1.11208166367905,9.73525370670957,83.479781734814
15.0073412698413,1.03904972670959,1.11205186978691,9.73059812381134,83.4813029296676
15.0074404761905,1.04062134769374,1.11202272280383,9.72594476730419,83.4828245732496
15.0075396825397,1.04219037691075,1.11199422142317,9.72129363612358,83.4843466643003
15.0076388888889,1.04375681811091,1.1119663643402,9.71664472920547,83.4858692015616
15.0077380952381,1.04532067503964,1.1119391502521,9.71199804548596,83.4873921837776
15.0078373015873,1.04688195143723,1.11191257785792,9.70735358390213,83.488915609694
15.0079365079365,1.04844065103917,1.11188664585861,9.70271134339108,83.4904394780586
15.0080357142857,1.04999677757579,1.11186135295702,9.69807132289089,83.4919637876209
15.0081349206349,1.05155033477265,1.1118366978579,9.69343352133965,83.4934885371326
15.0082341269841,1.05310132635014,1.11181267926788,9.68879793767648,83.4950137253468
15.0083333333333,1.05464975602387,1.11178929589551,9.68416457084047,83.4965393510189
15.0084325396825,1.05619562750428,1.11176654645121,9.67953341977171,83.4980654129059
15.0085317460317,1.05773894449704,1.1117444296473,9.67490448341031,83.4995919097669
15.008630952381,1.05927971070267,1.11172294419802,9.67027776069737,83.5011188403628
15.0087301587302,1.06081792981687,1.11170208881947,9.66565325057399,83.5026462034563
15.0088293650794,1.06235360553022,1.11168186222966,9.66103095198229,83.5041739978121
15.0089285714286,1.06388674152848,1.1116622631485,9.65641086386438,83.5057022221967
15.0090277777778,1.06541734149234,1.11164329029779,9.65179298516323,83.5072308753785
15.009126984127,1.06694540909749,1.11162494240124,9.64717731482235,83.5087599561278
15.0092261904762,1.06847094801478,1.11160721818442,9.64256385178533,83.5102894632168
15.0093253968254,1.06999396190993,1.11159011637483,9.6379525949968,83.5118193954195
15.0094246031746,1.07151445444386,1.11157363570186,9.63334354340138,83.5133497515119
15.0095238095238,1.07303242927233,1.11155777489677,9.62873669594469,83.5148805302718
15.009623015873,1.07454789004632,1.11154253269273,9.62413205157234,83.5164117304788
15.0097222222222,1.07606084041165,1.11152790782483,9.61952960923096,83.5179433509146
15.0098214285714,1.07757128400935,1.11151389903002,9.61492936786718,83.5194753903627
15.0099206349206,1.07907922447531,1.11150050504716,9.61033132642862,83.5210078476082
15.0100198412698,1.0805846654406,1.11148772461699,9.60573548386292,83.5225407214387
15.010119047619,1.08208761053118,1.11147555648218,9.6011418391187,83.5240740106429
15.0102182539683,1.08358806336818,1.11146399938727,9.59655039114459,83.5256077140121
15.0103174603175,1.0850860275676,1.11145305207869,9.59196113889023,83.527141830339
15.0104166666667,1.08658150674064,1.11144271330477,9.58737408130525,83.5286763584185
15.0105158730159,1.0880745044934,1.11143298181576,9.58278921734018,83.5302112970471
15.0106150793651,1.08956502442701,1.11142385636377,9.57820654594601,83.5317466450232
15.0107142857143,1.09105307013775,1.11141533570282,9.5736260660739,83.5332824011475
15.0108134920635,1.09253864521675,1.11140741858882,9.56904777667599,83.5348185642221
15.0109126984127,1.09402175325037,1.1114001037796,9.56447167670441,83.5363551330511
15.0110119047619,1.0955023978198,1.11139339003484,9.55989776511233,83.5378921064407
15.0111111111111,1.09698058250143,1.11138727611616,9.55532604085288,83.5394294831986
15.0112103174603,1.09845631086654,1.11138176078705,9.55075650288021,83.5409672621348
15.0113095238095,1.09992958648155,1.1113768428129,9.54618915014849,83.542505442061
15.0114087301587,1.1014004129078,1.111372520961,9.54162398161285,83.5440440217905
15.0115079365079,1.10286879370178,1.11136879400053,9.53706099622847,83.5455830001391
15.0116071428571,1.10433473241488,1.11136566070256,9.53250019295148,83.5471223759238
15.0117063492063,1.10579823259366,1.11136311984006,9.52794157073807,83.5486621479641
15.0118055555556,1.10725929777955,1.11136117018792,9.52338512854538,83.5502023150808
15.0119047619048,1.10871793150916,1.11135981052287,9.51883086533057,83.5517428760971
15.012003968254,1.11017413731403,1.1113590396236,9.51427878005169,83.5532838298378
15.0121031746032,1.11162791872071,1.11135885627063,9.50972887166728,83.5548251751295
15.0122023809524,1.11307927925092,1.11135925924644,9.50518113913601,83.556366910801
15.0123015873016,1.11452822242122,1.11136024733535,9.50063558141755,83.5579090356827
15.0124007936508,1.11597475174337,1.1113618193236,9.49609219747156,83.5594515486069
15.0125,1.11741887072401,1.11136397399934,9.49155098625872,83.5609944484081
15.0125992063492,1.11886058286496,1.11136671015258,9.48701194673971,83.5625377339222
15.0126984126984,1.12029989166291,1.11137002657526,9.4824750778762,83.5640814039873
15.0127976190476,1.12173680060973,1.11137392206119,9.47794037862988,83.5656254574433
15.0128968253968,1.12317131319216,1.11137839540608,9.47340784796341,83.5671698931321
15.012996031746,1.12460343289215,1.11138344540755,9.46887748483949,83.5687147098972
15.0130952380952,1.12603316318648,1.11138907086509,9.4643492882218,83.5702599065842
15.0131944444444,1.12746050754716,1.11139527058012,9.45982325707403,83.5718054820406
15.0132936507936,1.12888546944104,1.11140204335592,9.45529939036086,83.5733514351156
15.0133928571429,1.13030805233018,1.11140938799769,9.45077768704698,83.5748977646604
15.0134920634921,1.13172825967151,1.11141730331251,9.44625814609796,83.5764444695282
15.0135912698413,1.13314609491704,1.11142578810936,9.44174076647987,83.5779915485739
15.0136904761905,1.13456156151389,1.11143484119911,9.4372255471589,83.5795390006543
15.0137896825397,1.13597466290406,1.11144446139455,9.43271248710224,83.581086824628
15.0138888888889,1.13738540252475,1.11145464751033,9.4282015852771,83.5826350193558
15.0139880952381,1.13879378380801,1.11146539836302,9.42369284065168,83.5841835837001
15.0140873015873,1.14019981018109,1.11147671277107,9.41918625219418,83.5857325165253
15.0141865079365,1.1416034850661,1.11148858955483,9.41468181887379,83.5872818166976
15.0142857142857,1.14300481188035,1.11150102753656,9.41017953965974,83.5888314830851
15.0143849206349,1.14440379403602,1.1115140255404,9.40567941352222,83.5903815145579
15.0144841269841,1.14580043494045,1.11152758239237,9.40118143943145,83.5919319099877
15.0145833333333,1.14719473799589,1.11154169692042,9.39668561635863,83.5934826682485
15.0146825396825,1.14858670659975,1.11155636795438,9.39219194327498,83.5950337882158
15.0147817460317,1.14997634414431,1.11157159432596,9.38770041915271,83.5965852687672
15.014880952381,1.15136365401705,1.11158737486878,9.38321104296404,83.5981371087821
15.0149801587302,1.15274863960035,1.11160370841837,9.37872381368206,83.5996893071418
15.0150793650794,1.15413130427163,1.11162059381212,9.37423873028036,83.6012418627294
15.0151785714286,1.15551165140345,1.11163802988934,9.36975579173268,83.60279477443
15.0152777777778,1.15688968436323,1.11165601549123,9.36527499701373,83.6043480411306
15.015376984127,1.15826540651359,1.11167454946089,9.36079634509823,83.60590166172
15.0154761904762,1.15963882121202,1.1116936306433,9.35631983496192,83.6074556350888
15.0155753968254,1.16100995521328,1.11171324863602,9.35184546497898,83.6090099508531
15.0156746031746,1.16237883486052,1.11173339319905,9.34737323353541,83.610564598792
15.0157738095238,1.16374546288928,1.11175406342293,9.34290313962399,83.6121195780425
15.015873015873,1.16510984203336,1.11177525839874,9.33843518223842,83.613674887742
15.0159722222222,1.16647197502513,1.11179697721813,9.33396936037231,83.615230527029
15.0160714285714,1.16783186459521,1.11181921897332,9.32950567302013,83.6167864950418
15.0161706349206,1.16918951347279,1.11184198275708,9.32504411917626,83.6183427909199
15.0162698412698,1.17054492438532,1.11186526766275,9.32058469783598,83.6198994138029
15.016369047619,1.17189810005881,1.11188907278423,9.31612740799445,83.6214563628312
15.0164682539683,1.17324904321756,1.11191339721599,9.31167224864761,83.6230136371456
15.0165674603175,1.1745977565843,1.11193824005305,9.30721921879178,83.6245712358876
15.0166666666667,1.17594424288028,1.111963600391,9.30276831742332,83.6261291581992
15.0167658730159,1.17728850482501,1.11198947732599,9.29831954353946,83.6276874032228
15.0168650793651,1.17863054513654,1.11201586995474,9.29387289613733,83.6292459701015
15.0169642857143,1.17997036653122,1.11204277737453,9.28942837421497,83.6308048579789
15.0170634920635,1.18130797172394,1.11207019868318,9.28498597677029,83.6323640659993
15.0171626984127,1.18264336342785,1.11209813297911,9.28054570280211,83.6339235933071
15.0172619047619,1.18397654435467,1.11212657936128,9.27610755130915,83.6354834390479
15.0173611111111,1.18530751721438,1.11215553692922,9.27167152129098,83.6370436023673
15.0174603174603,1.18663628471552,1.11218500478301,9.26723761174713,83.6386040824116
15.0175595238095,1.1879628495649,1.11221498202331,9.26280582167796,83.6401648783279
15.0176587301587,1.18928721446786,1.11224546775133,9.25837615008378,83.6417259892635
15.0177579365079,1.19060938212805,1.11227646106885,9.25394859596574,83.6432874143664
15.0178571428571,1.19192935524765,1.11230796107821,9.24952315832493,83.6448491527852
15.0179563492064,1.19324713652715,1.11233996688232,9.24509983616317,83.6464112036689
15.0180555555556,1.19456272866544,1.11237247758463,9.24067862848271,83.6479735661673
15.0181547619048,1.19587613435995,1.11240549228918,9.23625953428579,83.6495362394304
15.018253968254,1.19718735630637,1.11243901010056,9.23184255257554,83.651099222609
15.0183531746032,1.19849639719893,1.11247303012391,9.22742768235503,83.6526625148545
15.0184523809524,1.19980325973016,1.11250755146496,9.22301492262816,83.6542261153186
15.0185515873016,1.20110794659112,1.11254257322998,9.21860427239877,83.6557900231537
15.0186507936508,1.20241046047114,1.11257809452581,9.21419573067157,83.6573542375127
15.01875,1.20371080405811,1.11261411445986,9.20978929645119,83.6589187575491
15.0188492063492,1.2050089800382,1.1126506321401,9.2053849687431,83.660483582417
15.0189484126984,1.20630499109612,1.11268764667504,9.20098274655274,83.6620487112709
15.0190476190476,1.20759883991485,1.11272515717379,9.19658262888636,83.6636141432659
15.0191468253968,1.20889052917593,1.11276316274599,9.19218461475019,83.6651798775577
15.019246031746,1.21018006155917,1.11280166250186,9.18778870315127,83.6667459133025
15.0193452380952,1.21146743974293,1.11284065555219,9.18339489309659,83.6683122496571
15.0194444444444,1.21275266640386,1.11288014100831,9.1790031835939,83.6698788857788
15.0195436507937,1.21403574421707,1.11292011798212,9.17461357365131,83.6714458208254
15.0196428571429,1.21531667585612,1.11296058558609,9.170226062277,83.6730130539554
15.0197420634921,1.21659546399291,1.11300154293326,9.16584064847999,83.6745805843276
15.0198412698413,1.21787211129784,1.11304298913721,9.16145733126925,83.6761484111017
15.0199404761905,1.2191466204396,1.11308492331209,9.15707610965459,83.6777165334376
15.0200396825397,1.22041899408545,1.11312734457263,9.15269698264575,83.679284950496
15.0201388888889,1.22168923490088,1.11317025203411,9.14831994925334,83.680853661438
15.0202380952381,1.22295734554998,1.11321364481236,9.1439450084879,83.6824226654253
15.0203373015873,1.22422332869507,1.11325752202379,9.1395721593608,83.6839919616201
15.0204365079365,1.22548718699705,1.11330188278537,9.13520140088338,83.6855615491853
15.0205357142857,1.22674892311508,1.11334672621463,9.1308327320678,83.6871314272841
15.0206349206349,1.22800853970687,1.11339205142966,9.12646615192618,83.6887015950806
15.0207341269841,1.22926603942841,1.11343785754911,9.12210165947148,83.690272051739
15.0208333333333,1.23052142493423,1.1134841436922,9.11773925371659,83.6918427964244
15.0209325396825,1.23177469887718,1.11353090897872,9.11337893367515,83.6934138283024
15.0210317460317,1.23302586390852,1.113578152529,9.10902069836119,83.6949851465389
15.021130952381,1.23427492267802,1.11362587346396,9.10466454678878,83.6965567503006
15.0212301587302,1.23552187783371,1.11367407090505,9.10031047797286,83.6981286387548
15.0213293650794,1.23676673202221,1.11372274397431,9.09595849092828,83.6997008110691
15.0214285714286,1.23800948788837,1.11377189179434,9.09160858467077,83.7012732664117
15.0215277777778,1.23925014807562,1.11382151348828,9.08726075821597,83.7028460039516
15.021626984127,1.24048871522565,1.11387160817986,9.08291501058039,83.7044190228581
15.0217261904762,1.2417251919787,1.11392217499336,9.07857134078047,83.7059923223011
15.0218253968254,1.24295958097329,1.11397321305361,9.07422974783349,83.7075659014511
15.0219246031746,1.24419188484648,1.11402472148604,9.06989023075669,83.7091397594791
15.0220238095238,1.24542210623361,1.1140766994166,9.06555278856814,83.7107138955565
15.022123015873,1.24665024776858,1.11412914597182,9.06121742028586,83.7122883088557
15.0222222222222,1.24787631208355,1.11418206027881,9.05688412492871,83.7138629985491
15.0223214285714,1.24910030180923,1.11423544146521,9.05255290151548,83.7154379638101
15.0224206349206,1.25032221957463,1.11428928865925,9.04822374906572,83.7170132038124
15.0225198412698,1.25154206800721,1.1143436009897,9.04389666659936,83.7185887177302
15.022619047619,1.2527598497329,1.11439837758592,9.03957165313637,83.7201645047384
15.0227182539683,1.25397556737593,1.1144536175778,9.0352487076976,83.7217405640125
15.0228174603175,1.25518922355906,1.11450932009582,9.0309278293038,83.7233168947283
15.0229166666667,1.25640082090336,1.11456548427101,9.02660901697661,83.7248934960624
15.0230158730159,1.2576103620284,1.11462210923497,9.02229226973756,83.7264703671917
15.0231150793651,1.25881784955207,1.11467919411984,9.01797758660907,83.728047507294
15.0232142857143,1.26002328609078,1.11473673805836,9.01366496661349,83.7296249155472
15.0233134920635,1.26122667425923,1.11479474018379,9.009354408774,83.7312025911302
15.0234126984127,1.26242801667066,1.11485319963,9.00504591211373,83.7327805332222
15.0235119047619,1.26362731593658,1.11491211553138,9.00073947565667,83.7343587410028
15.0236111111111,1.26482457466706,1.1149714870229,8.99643509842672,83.7359372136525
15.0237103174603,1.26601979547045,1.1150313132401,8.99213277944867,83.7375159503521
15.0238095238095,1.26721298095364,1.11509159331907,8.98783251774721,83.7390949502831
15.0239087301587,1.26840413372182,1.11515232639648,8.98353431234778,83.7406742126275
15.0240079365079,1.2695932563786,1.11521351160953,8.97923816227622,83.7422537365676
15.0241071428571,1.27078035152611,1.11527514809602,8.97494406655841,83.7438335212868
15.0242063492063,1.27196542176476,1.11533723499428,8.97065202422108,83.7454135659684
15.0243055555556,1.27314846969348,1.11539977144324,8.96636203429092,83.7469938697968
15.0244047619048,1.27432949790951,1.11546275658235,8.96207409579543,83.7485744319566
15.024503968254,1.27550850900861,1.11552618955165,8.95778820776207,83.7501552516331
15.0246031746032,1.27668550558484,1.11559006949173,8.95350436921917,83.751736328012
15.0247023809524,1.27786049023079,1.11565439554377,8.94922257919496,83.7533176602799
15.0248015873016,1.27903346553733,1.11571916684946,8.94494283671854,83.7548992476234
15.0249007936508,1.28020443409388,1.11578438255111,8.94066514081894,83.7564810892303
15.025,1.28137339848815,1.11585004179156,8.93638949052605,83.7580631842883
15.0250992063492,1.28254036130636,1.11591614371421,8.93211588486969,83.7596455319861
15.0251984126984,1.28370532513304,1.11598268746303,8.92784432288052,83.7612281315127
15.0252976190476,1.28486829255125,1.11604967218257,8.92357480358915,83.7628109820579
15.0253968253968,1.28602926614238,1.11611709701791,8.91930732602693,83.7643940828119
15.025496031746,1.28718824848622,1.11618496111471,8.9150418892256,83.7659774329652
15.0255952380952,1.28834524216105,1.11625326361921,8.91077849221693,83.7675610317093
15.0256944444444,1.28950024974347,1.11632200367817,8.90651713403358,83.769144878236
15.0257936507937,1.29065327380859,1.11639118043896,8.90225781370811,83.7707289717377
15.0258928571429,1.29180431692983,1.11646079304947,8.89800053027395,83.7723133114072
15.0259920634921,1.29295338167912,1.11653084065818,8.89374528276447,83.7738978964382
15.0260912698413,1.2941004706267,1.11660132241413,8.88949207021386,83.7754827260245
15.0261904761905,1.29524558634134,1.11667223746691,8.8852408916563,83.7770677993609
15.0262896825397,1.29638873139008,1.11674358496668,8.88099174612676,83.7786531156424
15.0263888888889,1.29752990833853,1.11681536406416,8.87674463266019,83.7802386740648
15.0264880952381,1.29866911975055,1.11688757391064,8.87249955029239,83.7818244738241
15.0265873015873,1.29980636818857,1.11696021365797,8.86825649805905,83.7834105141173
15.0266865079365,1.30094165621328,1.11703328245856,8.86401547499678,83.7849967941415
15.0267857142857,1.30207498638392,1.11710677946537,8.85977648014206,83.7865833130948
15.0268849206349,1.30320636125806,1.11718070383195,8.85553951253216,83.7881700701755
15.0269841269841,1.30433578339165,1.11725505471239,8.8513045712047,83.7897570645825
15.0270833333333,1.30546325533918,1.11732983126136,8.84707165519739,83.7913442955155
15.0271825396825,1.3065887796534,1.11740503263407,8.84284076354876,83.7929317621743
15.0272817460317,1.30771235888562,1.11748065798631,8.83861189529729,83.7945194637597
15.027380952381,1.3088339955854,1.11755670647443,8.83438504948231,83.7961073994728
15.0274801587302,1.30995369230089,1.11763317725535,8.83016022514308,83.7976955685154
15.0275793650794,1.31107145157848,1.11771006948653,8.82593742131973,83.7992839700895
15.0276785714286,1.31218727596312,1.117787382326,8.82171663705229,83.8008726033982
15.0277777777778,1.31330116799804,1.11786511493238,8.81749787138169,83.8024614676446
15.027876984127,1.31441313022501,1.11794326646482,8.81328112334874,83.8040505620328
15.0279761904762,1.31552316518409,1.11802183608304,8.80906639199515,83.8056398857671
15.0280753968254,1.31663127541386,1.11810082294733,8.80485367636254,83.8072294380526
15.0281746031746,1.31773746345121,1.11818022621854,8.8006429754934,83.8088192180948
15.0282738095238,1.31884173183156,1.11826004505808,8.79643428843012,83.8104092250997
15.028373015873,1.31994408308862,1.11834027862793,8.79222761421586,83.8119994582741
15.0284722222222,1.32104451975456,1.11842092609061,8.78802295189417,83.813589916825
15.0285714285714,1.32214304436003,1.11850198660924,8.78382030050863,83.8151805999603
15.0286706349206,1.32323965943395,1.11858345934747,8.77961965910371,83.8167715068882
15.0287698412698,1.32433436750381,1.11866534346953,8.77542102672376,83.8183626368175
15.028869047619,1.32542717109536,1.1187476381402,8.77122440241403,83.8199539889576
15.0289682539683,1.32651807273292,1.11883034252483,8.76702978521969,83.8215455625186
15.0290674603175,1.32760707493905,1.11891345578934,8.76283717418675,83.8231373567106
15.0291666666667,1.32869418023488,1.1189969771002,8.75864656836117,83.824729370745
15.0292658730159,1.32977939113983,1.11908090562445,8.75445796678976,83.8263216038331
15.0293650793651,1.33086271017183,1.11916524052968,8.75027136851926,83.8279140551872
15.0294642857143,1.33194413984713,1.11924998098407,8.74608677259725,83.8295067240199
15.0295634920635,1.33302368268048,1.11933512615633,8.74190417807128,83.8310996095444
15.0296626984127,1.33410134118495,1.11942067521576,8.73772358398972,83.8326927109744
15.0297619047619,1.33517711787213,1.1195066273322,8.73354498940089,83.8342860275243
15.0298611111111,1.33625101525192,1.11959298167606,8.72936839335384,83.835879558409
15.0299603174603,1.33732303583266,1.11967973741833,8.72519379489802,83.8374733028438
15.0300595238095,1.33839318212117,1.11976689373054,8.72102119308292,83.8390672600447
15.0301587301587,1.33946145662257,1.11985444978479,8.7168505869589,83.8406614292282
15.0302579365079,1.3405278618405,1.11994240475374,8.71268197557623,83.8422558096113
15.0303571428571,1.34159240027691,1.12003075781062,8.70851535798606,83.8438504004117
15.0304563492064,1.34265507443227,1.12011950812922,8.70435073323945,83.8454452008475
15.0305555555556,1.34371588680535,1.12020865488389,8.70018810038833,83.8470402101373
15.0306547619048,1.34477483989344,1.12029819724954,8.69602745848455,83.8486354275005
15.030753968254,1.34583193619213,1.12038813440165,8.69186880658083,83.8502308521568
15.0308531746032,1.34688717819554,1.12047846551626,8.68771214372981,83.8518264833265
15.0309523809524,1.34794056839609,1.12056918976996,8.68355746898499,83.8534223202306
15.0310515873016,1.34899210928471,1.12066030633994,8.67940478139979,83.8550183620905
15.0311507936508,1.35004180335065,1.12075181440389,8.67525408002851,83.8566146081281
15.03125,1.35108965308167,1.12084371314013,8.67110536392537,83.8582110575661
15.0313492063492,1.35213566096386,1.1209360017275,8.66695863214531,83.8598077096274
15.0314484126984,1.35317982948173,1.12102867934541,8.66281388374369,83.8614045635357
15.0315476190476,1.35422216111826,1.12112174517385,8.65867111777592,83.8630016185152
15.0316468253968,1.35526265835477,1.12121519839334,8.65453033329823,83.8645988737905
15.031746031746,1.35630132367108,1.121309038185,8.65039152936682,83.8661963285871
15.0318452380952,1.3573381595453,1.12140326373048,8.64625470503873,83.8677939821306
15.0319444444444,1.35837316845409,1.12149787421202,8.64211985937094,83.8693918336475
15.0320436507936,1.35940635287238,1.1215928688124,8.63798699142126,83.8709898823646
15.0321428571429,1.36043771527366,1.12168824671498,8.63385610024746,83.8725881275095
15.0322420634921,1.36146725812968,1.12178400710367,8.62972718490815,83.8741865683101
15.0323412698413,1.36249498391075,1.12188014916295,8.62560024446188,83.875785203995
15.0324404761905,1.36352089508546,1.12197667207786,8.62147527796806,83.8773840337933
15.0325396825397,1.36454499412092,1.12207357503401,8.61735228448601,83.8789830569348
15.0326388888889,1.36556728348255,1.12217085721754,8.61323126307593,83.8805822726494
15.0327380952381,1.36658776563429,1.12226851781521,8.60911221279793,83.8821816801681
15.0328373015873,1.36760644303841,1.12236655601429,8.60499513271288,83.8837812787221
15.0329365079365,1.3686233181556,1.12246497100264,8.60088002188203,83.8853810675433
15.0330357142857,1.36963839344502,1.12256376196867,8.59676687936668,83.886981045864
15.0331349206349,1.37065167136415,1.12266292810136,8.59265570422899,83.8885812129173
15.0332341269841,1.371663154369,1.12276246859026,8.58854649553105,83.8901815679365
15.0333333333333,1.37267284491386,1.12286238262547,8.5844392523358,83.8917821101558
15.0334325396825,1.37368074545156,1.12296266939765,8.58033397370612,83.8933828388098
15.0335317460317,1.37468685843321,1.12306332809802,8.57623065870573,83.8949837531334
15.033630952381,1.37569118630848,1.1231643579184,8.57212930639832,83.8965848523626
15.0337301587302,1.3766937315253,1.12326575805111,8.56802991584837,83.8981861357334
15.0338293650794,1.37769449653014,1.12336752768909,8.56393248612036,83.8997876024827
15.0339285714286,1.37869348376778,1.12346966602581,8.55983701627958,83.9013892518477
15.0340277777778,1.37969069568151,1.12357217225532,8.55574350539127,83.9029910830665
15.034126984127,1.38068613471292,1.12367504557221,8.55165195252152,83.9045930953773
15.0342261904762,1.38167980330214,1.12377828517166,8.54756235673637,83.9061952880192
15.0343253968254,1.3826717038876,1.12388189024939,8.54347471710257,83.9077976602317
15.0344246031746,1.38366183890617,1.12398586000169,8.53938903268727,83.9094002112548
15.0345238095238,1.3846502107932,1.12409019362542,8.53530530255769,83.9110029403292
15.034623015873,1.38563682198234,1.124194890318,8.53122352578188,83.9126058466961
15.0347222222222,1.38662167490577,1.1242999492774,8.52714370142785,83.9142089295971
15.0348214285714,1.38760477199397,1.12440536970217,8.52306582856442,83.9158121882745
15.0349206349206,1.38858611567594,1.12451115079142,8.51898990626038,83.9174156219711
15.0350198412698,1.38956570837897,1.1246172917448,8.51491593358537,83.9190192299303
15.035119047619,1.3905435525289,1.12472379176256,8.51084390960896,83.920623011396
15.0352182539683,1.39151965054984,1.12483065004547,8.50677383340155,83.9222269656126
15.0353174603175,1.39249400486445,1.12493786579491,8.50270570403352,83.9238310918251
15.0354166666667,1.39346661789367,1.12504543821278,8.49863952057606,83.9254353892792
15.0355158730159,1.39443749205697,1.12515336650157,8.49457528210031,83.9270398572208
15.0356150793651,1.39540662977213,1.12526164986431,8.49051298767828,83.9286444948966
15.0357142857143,1.39637403345544,1.12537028750462,8.48645263638188,83.9302493015539
15.0358134920635,1.39733970552153,1.12547927862666,8.4823942272838,83.9318542764404
15.0359126984127,1.39830364838342,1.12558862243516,8.47833775945707,83.9334594188043
15.0360119047619,1.39926586445265,1.12569831813542,8.47428323197482,83.9350647278945
15.0361111111111,1.40022635613906,1.12580836493329,8.47023064391101,83.9366702029603
15.0362103174603,1.40118512585098,1.12591876203519,8.46617999433954,83.9382758432518
15.0363095238095,1.40214217599509,1.1260295086481,8.46213128233514,83.9398816480194
15.0364087301587,1.40309750897655,1.12614060397957,8.45808450697251,83.9414876165141
15.0365079365079,1.40405112719885,1.1262520472377,8.45403966732718,83.9430937479875
15.0366071428571,1.40500303306398,1.12636383763116,8.44999676247463,83.9447000416917
15.0367063492063,1.40595322897225,1.12647597436917,8.44595579149117,83.9463064968794
15.0368055555556,1.40690171732248,1.12658845666154,8.44191675345306,83.9479131128039
15.0369047619048,1.4078485005118,1.12670128371863,8.43787964743742,83.9495198887188
15.037003968254,1.40879358093585,1.12681445475134,8.43384447252129,83.9511268238786
15.0371031746032,1.40973696098859,1.12692796897116,8.42981122778256,83.952733917538
15.0372023809524,1.41067864306249,1.12704182559015,8.42577991229907,83.9543411689526
15.0373015873016,1.41161862954834,1.12715602382089,8.4217505251494,83.9559485773782
15.0374007936508,1.41255692283537,1.12727056287657,8.41772306541248,83.9575561420714
15.0375,1.41349352531127,1.12738544197091,8.41369753216736,83.9591638622892
15.0375992063492,1.41442843936206,1.12750066031821,8.40967392449388,83.9607717372892
15.0376984126984,1.41536166737226,1.12761621713332,8.40565224147186,83.9623797663296
15.0377976190476,1.41629321172472,1.12773211163167,8.40163248218193,83.9639879486691
15.0378968253968,1.41722307480077,1.12784834302925,8.39761464570469,83.965596283567
15.037996031746,1.41815125898009,1.12796491054258,8.39359873112157,83.967204770283
15.0380952380952,1.41907776664084,1.12808181338878,8.38958473751396,83.9688134080775
15.0381944444444,1.42000260015951,1.12819905078553,8.38557266396408,83.9704221962113
15.0382936507937,1.42092576191109,1.12831662195105,8.38156250955408,83.972031133946
15.0383928571429,1.4218472542689,1.12843452610413,8.37755427336699,83.9736402205435
15.0384920634921,1.42276707960475,1.12855276246415,8.37354795448574,83.9752494552664
15.0385912698413,1.42368524028878,1.12867133025101,8.36954355199415,83.9768588373777
15.0386904761905,1.42460173868963,1.1287902286852,8.36554106497594,83.9784683661412
15.0387896825397,1.42551657717427,1.12890945698777,8.36154049251559,83.9800780408209
15.0388888888889,1.42642975810811,1.12902901438031,8.35754183369797,83.9816878606815
15.0389880952381,1.42734128385502,1.12914890008502,8.35354508760798,83.9832978249885
15.0390873015873,1.42825115677718,1.12926911332461,8.34955025333141,83.9849079330075
15.0391865079365,1.42915937923532,1.12938965332239,8.34555732995395,83.986518184005
15.0392857142857,1.43006595358843,1.12951051930221,8.34156631656215,83.988128577248
15.0393849206349,1.43097088219405,1.12963171048849,8.33757721224251,83.9897391120038
15.0394841269841,1.43187416740801,1.12975322610622,8.33359001608237,83.9913497875405
15.0395833333333,1.43277581158467,1.12987506538095,8.32960472716902,83.9929606031267
15.0396825396825,1.43367581707668,1.12999722753878,8.32562134459056,83.9945715580314
15.0397817460317,1.43457418623522,1.13011971180638,8.32163986743508,83.9961826515244
15.039880952381,1.43547092140978,1.13024251741099,8.31766029479149,83.9977938828759
15.0399801587302,1.43636602494834,1.1303656435804,8.31368262574864,83.9994052513565
15.0400793650794,1.43725949919723,1.13048908954298,8.30970685939622,84.0010167562377
15.0401785714286,1.43815134650126,1.13061285452765,8.3057329948239,84.0026283967913
15.0402777777778,1.43904156920359,1.13073693776388,8.30176103112203,84.0042401722897
15.040376984127,1.43993016964578,1.13086133848173,8.29779096738138,84.0058520820058
15.0404761904762,1.44081715016791,1.13098605591181,8.29382280269279,84.0074641252132
15.0405753968254,1.44170251310832,1.13111108928529,8.28985653614791,84.0090763011858
15.0406746031746,1.44258626080391,1.1312364378339,8.28589216683835,84.0106886091984
15.0407738095238,1.44346839558987,1.13136210078994,8.28192969385658,84.0123010485259
15.040873015873,1.44434891979989,1.13148807738628,8.27796911629499,84.0139136184442
15.0409722222222,1.44522783576599,1.13161436685632,8.27401043324681,84.0155263182294
15.0410714285714,1.44610514581871,1.13174096843407,8.27005364380524,84.0171391471584
15.0411706349206,1.44698085228688,1.13186788135406,8.2660987470643,84.0187521045085
15.0412698412698,1.44785495749785,1.13199510485141,8.26214574211797,84.0203651895576
15.041369047619,1.44872746377728,1.13212263816179,8.25819462806106,84.0219784015841
15.0414682539683,1.44959837344935,1.13225048052143,8.25424540398833,84.023591739867
15.0415674603175,1.45046768883655,1.13237863116714,8.25029806899538,84.0252052036857
15.0416666666667,1.45133541225986,1.13250708933627,8.24635262217776,84.0268187923205
15.0417658730159,1.45220154603864,1.13263585426675,8.24240906263175,84.028432505052
15.0418650793651,1.45306609249061,1.13276492519705,8.238467389454,84.0300463411612
15.0419642857143,1.45392905393203,1.13289430136624,8.23452760174127,84.0316602999299
15.0420634920635,1.45479043267743,1.13302398201392,8.2305896985911,84.0332743806404
15.0421626984127,1.45565023103987,1.13315396638027,8.22665367910103,84.0348885825755
15.0422619047619,1.45650845133071,1.13328425370602,8.22271954236939,84.0365029050186
15.0423611111111,1.45736509585985,1.13341484323247,8.21878728749451,84.0381173472536
15.0424603174603,1.45822016693547,1.13354573420148,8.21485691357551,84.0397319085649
15.0425595238095,1.45907366686428,1.13367692585547,8.21092841971149,84.0413465882376
15.0426587301587,1.45992559795129,1.13380841743744,8.20700180500238,84.0429613855572
15.0427579365079,1.46077596250003,1.13394020819093,8.20307706854806,84.0445762998099
15.0428571428571,1.46162476281234,1.13407229736005,8.19915420944924,84.0461913302822
15.0429563492063,1.46247200118857,1.13420468418947,8.19523322680659,84.0478064762614
15.0430555555556,1.46331767992739,1.13433736792444,8.19131411972161,84.0494217370351
15.0431547619048,1.46416180132597,1.13447034781076,8.18739688729575,84.0510371118919
15.043253968254,1.46500436767982,1.13460362309478,8.18348152863119,84.0526526001204
15.0433531746032,1.46584538128287,1.13473719302342,8.1795680428305,84.0542682010101
15.0434523809524,1.46668484442753,1.13487105684419,8.17565642899633,84.0558839138509
15.0435515873016,1.46752275940452,1.13500521380512,8.17174668623213,84.0574997379333
15.0436507936508,1.46835912850307,1.13513966315483,8.16783881364132,84.0591156725483
15.04375,1.46919395401074,1.13527440414249,8.16393281032818,84.0607317169876
15.0438492063492,1.47002723821357,1.13540943601785,8.16002867539689,84.0623478705432
15.0439484126984,1.47085898339595,1.13554475803119,8.15612640795251,84.0639641325079
15.0440476190476,1.47168919184074,1.13568036943339,8.15222600710004,84.0655805021748
15.0441468253968,1.47251786582914,1.13581626947587,8.1483274719453,84.0671969788378
15.044246031746,1.47334500764087,1.13595245741061,8.14443080159407,84.0688135617912
15.0443452380952,1.47417061955393,1.13608893249017,8.14053599515297,84.0704302503298
15.0444444444444,1.47499470384486,1.13622569396767,8.13664305172859,84.0720470437492
15.0445436507936,1.47581726278849,1.13636274109677,8.1327519704283,84.0736639413451
15.0446428571429,1.47663829865818,1.13650007313171,8.12886275035948,84.0752809424143
15.0447420634921,1.47745781372561,1.1366376893273,8.12497539063021,84.0768980462537
15.0448412698413,1.4782758102609,1.1367755889389,8.12108989034896,84.0785152521609
15.0449404761905,1.47909229053262,1.13691377122243,8.11720624862427,84.0801325594342
15.0450396825397,1.47990725680768,1.13705223543438,8.11332446456551,84.0817499673721
15.0451388888889,1.48072071135148,1.13719098083181,8.109444537282,84.0833674752741
15.0452380952381,1.48153265642776,1.13733000667232,8.10556646588391,84.0849850824399
15.0453373015873,1.48234309429874,1.1374693122141,8.10169024948135,84.0866027881698
15.0454365079365,1.48315202722498,1.13760889671588,8.09781588718526,84.0882205917648
15.0455357142857,1.48395945746553,1.13774875943697,8.09394337810654,84.0898384925263
15.0456349206349,1.48476538727776,1.13788889963722,8.09007272135693,84.0914564897563
15.0457341269841,1.48556981891755,1.13802931657707,8.08620391604812,84.0930745827574
15.0458333333333,1.48637275463911,1.1381700095175,8.08233696129261,84.0946927708325
15.0459325396825,1.48717419669513,1.13831097772008,8.07847185620289,84.0963110532856
15.0460317460317,1.48797414733663,1.13845222044689,8.07460859989227,84.0979294294205
15.046130952381,1.48877260881315,1.13859373696064,8.070747191474,84.0995478985423
15.0462301587302,1.48956958337254,1.13873552652456,8.06688763006207,84.101166459956
15.0463293650794,1.4903650732611,1.13887758840244,8.06302991477086,84.1027851129676
15.0464285714286,1.49115908072357,1.13901992185865,8.05917404471481,84.1044038568835
15.0465277777778,1.49195160800305,1.13916252615813,8.05532001900918,84.1060226910104
15.046626984127,1.49274265734111,1.13930540056636,8.05146783676923,84.1076416146561
15.0467261904762,1.49353223097767,1.13944854434939,8.04761749711099,84.1092606271284
15.0468253968254,1.49432033115112,1.13959195677384,8.0437689991505,84.110879727736
15.0469246031746,1.4951069600982,1.13973563710688,8.03992234200459,84.112498915788
15.0470238095238,1.49589212005414,1.13987958461627,8.03607752479008,84.1141181905941
15.047123015873,1.4966758132525,1.14002379857029,8.03223454662459,84.1157375514643
15.0472222222222,1.49745804192531,1.14016827823781,8.02839340662573,84.1173569977097
15.0473214285714,1.49823880830298,1.14031302288827,8.0245541039119,84.1189765286414
15.0474206349206,1.49901811461436,1.14045803179165,8.0207166376015,84.1205961435714
15.0475198412698,1.49979596308667,1.14060330421851,8.01688100681372,84.1222158418119
15.047619047619,1.5005723559456,1.14074883943996,8.01304721066774,84.1238356226761
15.0477182539683,1.50134729541519,1.14089463672769,8.00921524828343,84.1254554854775
15.0478174603175,1.50212078371792,1.14104069535392,8.00538511878109,84.1270754295299
15.0479166666667,1.50289282307471,1.14118701459147,8.00155682128106,84.1286954541482
15.0480158730159,1.50366341570483,1.14133359371369,7.9977303549045,84.1303155586473
15.0481150793651,1.50443256382603,1.14148043199453,7.99390571877257,84.1319357423431
15.0482142857143,1.5052002696544,1.14162752870847,7.99008291200722,84.1335560045518
15.0483134920635,1.50596653540452,1.14177488313056,7.98626193373036,84.1351763445901
15.0484126984127,1.5067313632893,1.14192249453643,7.98244278306476,84.1367967617755
15.0485119047619,1.50749475552014,1.14207036220225,7.97862545913313,84.1384172554258
15.0486111111111,1.50825671430679,1.14221848540475,7.97480996105898,84.1400378248594
15.0487103174603,1.50901724185746,1.14236686342126,7.97099628796584,84.1416584693955
15.0488095238095,1.50977634037871,1.14251549552962,7.96718443897801,84.1432791883533
15.0489087301587,1.5105340120756,1.14266438100828,7.96337441321978,84.1448999810532
15.0490079365079,1.51129025915151,1.14281351913622,7.95956620981626,84.1465208468156
15.0491071428571,1.51204508380831,1.14296290919301,7.95575982789252,84.1481417849619
15.0492063492064,1.51279848824623,1.14311255045875,7.95195526657436,84.1497627948137
15.0493055555556,1.5135504746639,1.14326244221412,7.94815252498794,84.1513838756932
15.0494047619048,1.51430104525844,1.14341258374037,7.94435160225953,84.1530050269234
15.049503968254,1.51505020222529,1.14356297431931,7.9405524975162,84.1546262478276
15.0496031746032,1.51579794775837,1.1437136132333,7.936755209885,84.1562475377297
15.0497023809524,1.51654428404996,1.14386449976526,7.93295973849378,84.1578688959542
15.0498015873016,1.51728921329081,1.1440156331987,7.92916608247038,84.1594903218261
15.0499007936508,1.51803273767001,1.14416701281766,7.92537424094343,84.161111814671
15.05,1.51877485937514,1.14431863790678,7.92158421304157,84.162733373815
15.0500992063492,1.51951558059212,1.14447050775122,7.91779599789422,84.1643549985847
15.0501984126984,1.52025490350534,1.14462262163673,7.91400959463078,84.1659766883074
15.0502976190476,1.52099283029754,1.14477497884961,7.91022500238149,84.1675984423108
15.0503968253968,1.52172936314995,1.14492757867674,7.90644222027653,84.1692202599233
15.050496031746,1.52246450424213,1.14508042040554,7.90266124744691,84.1708421404736
15.0505952380952,1.52319825575214,1.14523350332401,7.89888208302361,84.1724640832912
15.0506944444444,1.52393061985636,1.14538682672071,7.89510472613832,84.1740860877061
15.0507936507937,1.52466159872963,1.14554038988474,7.89132917592312,84.1757081530487
15.0508928571429,1.52539119454522,1.1456941921058,7.88755543151017,84.1773302786501
15.0509920634921,1.52611940947476,1.14584823267412,7.88378349203245,84.1789524638419
15.0510912698413,1.52684624568835,1.14600251088052,7.88001335662291,84.1805747079562
15.0511904761905,1.52757170535444,1.14615702601636,7.8762450244153,84.1821970103257
15.0512896825397,1.52829579063995,1.14631177737357,7.87247849454337,84.1838193702837
15.0513888888889,1.52901850371017,1.14646676424465,7.86871376614165,84.1854417871639
15.0514880952381,1.52973984672884,1.14662198592266,7.86495083834469,84.1870642603007
15.0515873015873,1.53045982185805,1.1467774417012,7.8611897102878,84.188686789029
15.0516865079365,1.53117843125839,1.14693313087447,7.8574303811063,84.1903093726842
15.0517857142857,1.53189567708876,1.14708905273721,7.85367284993632,84.1919320106022
15.0518849206349,1.53261156150658,1.14724520658473,7.84991711591395,84.1935547021197
15.0519841269841,1.53332608666758,1.14740159171289,7.84616317817609,84.1951774465736
15.0520833333333,1.53403925472598,1.14755820741813,7.84241103585964,84.1968002433016
15.0521825396825,1.53475106783438,1.14771505299744,7.83866068810219,84.198423091642
15.0522817460317,1.53546152814375,1.14787212774838,7.83491213404172,84.2000459909332
15.052380952381,1.53617063780357,1.14802943096908,7.83116537281629,84.2016689405148
15.0524801587302,1.53687839896163,1.1481869619582,7.82742040356479,84.2032919397265
15.0525793650794,1.53758481376421,1.148344720015,7.82367722542606,84.2049149879086
15.0526785714286,1.53828988435595,1.14850270443928,7.81993583753978,84.206538084402
15.0527777777778,1.53899361287994,1.14866091453143,7.81619623904557,84.2081612285483
15.052876984127,1.53969600147763,1.14881934959235,7.8124584290839,84.2097844196894
15.0529761904762,1.54039705228896,1.14897800892357,7.80872240679518,84.2114076571679
15.0530753968254,1.54109676745219,1.14913689182712,7.80498817132066,84.2130309403269
15.0531746031746,1.54179514910409,1.14929599760563,7.80125572180155,84.21465426851
15.0532738095238,1.54249219937973,1.14945532556229,7.79752505737987,84.2162776410615
15.053373015873,1.54318792041271,1.14961487500084,7.79379617719763,84.2179010573261
15.0534722222222,1.54388231433494,1.14977464522559,7.79006908039764,84.219524516649
15.0535714285714,1.54457538327682,1.14993463554141,7.78634376612268,84.2211480183762
15.0536706349206,1.54526712936711,1.15009484525374,7.78262023351626,84.222771561854
15.0537698412698,1.54595755473298,1.15025527366856,7.77889848172225,84.2243951464294
15.053869047619,1.54664666150007,1.15041592009244,7.77517850988464,84.2260187714499
15.0539682539683,1.54733445179235,1.1505767838325,7.77146031714819,84.2276424362634
15.0540674603175,1.54802092773229,1.15073786419642,7.76774390265767,84.2292661402186
15.0541666666667,1.5487060914407,1.15089916049245,7.76402926555863,84.2308898826646
15.0542658730159,1.54938994503684,1.15106067202941,7.76031640499664,84.2325136629511
15.0543650793651,1.55007249063835,1.15122239811665,7.75660532011803,84.2341374804284
15.0544642857143,1.55075373036133,1.15138433806412,7.75289601006914,84.2357613344472
15.0545634920635,1.55143366632023,1.1515464911823,7.74918847399711,84.2373852243587
15.0546626984127,1.55211230062799,1.15170885678227,7.74548271104906,84.239009149515
15.0547619047619,1.55278963539588,1.15187143417564,7.74177872037292,84.2406331092684
15.0548611111111,1.55346567273364,1.1520342226746,7.73807650111658,84.2422571029719
15.0549603174603,1.55414041474938,1.15219722159189,7.73437605242877,84.243881129979
15.0550595238095,1.55481386354967,1.15236043024083,7.73067737345818,84.2455051896438
15.0551587301587,1.55548602123946,1.15252384793529,7.72698046335421,84.247129281321
15.0552579365079,1.55615688992208,1.15268747398969,7.72328532126663,84.2487534043655
15.0553571428571,1.55682647169936,1.15285130771904,7.71959194634534,84.2503775581332
15.0554563492063,1.55749476867145,1.1530153484389,7.71590033774102,84.2520017419803
15.0555555555556,1.55816178293698,1.15317959546539,7.71221049460431,84.2536259552637
15.0556547619048,1.55882751659293,1.1533440481152,7.70852241608669,84.2552501973406
15.055753968254,1.55949197173478,1.15350870570558,7.70483610133962,84.256874467569
15.0558531746032,1.56015515045631,1.15367356755432,7.70115154951533,84.2584987653074
15.0559523809524,1.56081705484981,1.15383863297982,7.69746875976608,84.2601230899147
15.0560515873016,1.56147768700591,1.15400390130099,7.69378773124489,84.2617474407505
15.0561507936508,1.56213704901371,1.15416937183736,7.69010846310481,84.2633718171749
15.05625,1.56279514296067,1.15433504390896,7.68643095449965,84.2649962185484
15.0563492063492,1.56345197093272,1.15450091683643,7.68275520458322,84.2666206442324
15.0564484126984,1.56410753501412,1.15466698994094,7.67908121251014,84.2682450935885
15.0565476190476,1.56476183728764,1.15483326254426,7.67540897743501,84.2698695659791
15.0566468253968,1.5654148798344,1.15499973396869,7.67173849851313,84.271494060767
15.056746031746,1.5660666647339,1.1551664035371,7.66806977490018,84.2731185773155
15.0568452380952,1.56671719406416,1.15533327057294,7.66440280575196,84.2747431149886
15.0569444444444,1.56736646990149,1.15550033440019,7.66073759022504,84.2763676731507
15.0570436507937,1.56801449432071,1.15566759434343,7.65707412747599,84.277992251167
15.0571428571429,1.56866126939499,1.15583504972777,7.65341241666217,84.2796168484029
15.0572420634921,1.56930679719595,1.1560026998789,7.64975245694095,84.2812414642246
15.0573412698413,1.56995107979357,1.15617054412307,7.64609424747048,84.2828660979987
15.0574404761905,1.57059411925633,1.1563385817871,7.64243778740889,84.2844907490926
15.0575396825397,1.57123591765101,1.15650681219835,7.63878307591514,84.2861154168739
15.0576388888889,1.57187647704292,1.15667523468476,7.63513011214814,84.287740100711
15.0577380952381,1.57251579949566,1.15684384857484,7.63147889526764,84.2893647999726
15.0578373015873,1.57315388707136,1.15701265319765,7.62782942443335,84.2909895140284
15.0579365079365,1.57379074183046,1.1571816478828,7.62418169880578,84.2926142422481
15.0580357142857,1.57442636583189,1.15735083196049,7.62053571754543,84.2942389840024
15.0581349206349,1.57506076113295,1.15752020476147,7.61689147981351,84.2958637386622
15.0582341269841,1.57569392978934,1.15768976561705,7.61324898477162,84.2974885055992
15.0583333333333,1.57632587385522,1.15785951385911,7.60960823158143,84.2991132841855
15.0584325396825,1.57695659538312,1.15802944882007,7.60596921940544,84.3007380737938
15.0585317460317,1.57758609642401,1.15819956983295,7.60233194740611,84.3023628737974
15.058630952381,1.57821437902723,1.1583698762313,7.59869641474671,84.30398768357
15.0587301587302,1.5788414452406,1.15854036734926,7.59506262059051,84.3056125024861
15.0588293650794,1.57946729711027,1.1587110425215,7.59143056410155,84.3072373299205
15.0589285714286,1.58009193668089,1.15888190108328,7.5878002444439,84.3088621652486
15.0590277777778,1.58071536599543,1.15905294237042,7.58417166078238,84.3104870078464
15.059126984127,1.58133758709535,1.15922416571928,7.58054481228184,84.3121118570905
15.0592261904762,1.58195860202046,1.15939557046681,7.5769196981079,84.313736712358
15.0593253968254,1.58257841280904,1.15956715595051,7.57329631742619,84.3153615730265
15.0594246031746,1.58319702149773,1.15973892150843,7.56967466940313,84.316986438474
15.0595238095238,1.58381443012163,1.15991086647922,7.56605475320512,84.3186113080796
15.059623015873,1.58443064071421,1.16008299020205,7.56243656799927,84.3202361812223
15.0597222222222,1.58504565530735,1.16025529201668,7.55882011295307,84.321861057282
15.0598214285714,1.5856594759314,1.16042777126342,7.55520538723412,84.323485935639
15.0599206349206,1.58627210461504,1.16060042728314,7.5515923900108,84.3251108156743
15.0600198412698,1.58688354338544,1.16077325941729,7.54798112045148,84.3267356967695
15.060119047619,1.58749379426812,1.16094626700786,7.54437157772534,84.3283605783063
15.0602182539683,1.58810285928706,1.16111944939744,7.54076376100154,84.3299854596676
15.0603174603175,1.58871074046459,1.16129280592912,7.53715766945005,84.3316103402363
15.0604166666667,1.58931743982154,1.16146633594662,7.53355330224081,84.3332352193961
15.0605158730159,1.58992295937707,1.16164003879417,7.52995065854456,84.3348600965312
15.0606150793651,1.5905273011488,1.16181391381661,7.52634973753206,84.3364849710264
15.0607142857143,1.59113046715273,1.16198796035929,7.52275053837482,84.338109842267
15.0608134920635,1.59173245940331,1.16216217776816,7.51915306024438,84.3397347096389
15.0609126984127,1.59233327991336,1.16233656538972,7.51555730231306,84.3413595725284
15.0610119047619,1.59293293069415,1.16251112257105,7.51196326375316,84.3429844303225
15.0611111111111,1.59353141375533,1.16268584865976,7.5083709437377,84.3446092824087
15.0612103174603,1.59412873110496,1.16286074300404,7.50478034144007,84.346234128175
15.0613095238095,1.59472488474957,1.16303580495266,7.50119145603378,84.3478589670101
15.0614087301587,1.59531987669402,1.16321103385491,7.4976042866931,84.349483798303
15.0615079365079,1.59591370894165,1.16338642906069,7.49401883259231,84.3511086214436
15.0616071428571,1.59650638349415,1.16356198992043,7.4904350929065,84.3527334358219
15.0617063492064,1.59709790235169,1.16373771578514,7.48685306681073,84.3543582408288
15.0618055555556,1.59768826751278,1.16391360600637,7.48327275348086,84.3559830358556
15.0619047619048,1.59827748097441,1.16408965993626,7.47969415209275,84.3576078202943
15.062003968254,1.59886554473193,1.1642658769275,7.47611726182304,84.3592325935371
15.0621031746032,1.59945246077914,1.16444225633335,7.47254208184838,84.3608573549773
15.0622023809524,1.60003823110821,1.16461879750761,7.4689686113462,84.3624821040081
15.0623015873016,1.60062285770977,1.16479549980467,7.46539684949394,84.3641068400238
15.0624007936508,1.6012063425728,1.16497236257946,7.46182679546981,84.3657315624188
15.0625,1.60178868768478,1.1651493851875,7.45825844845203,84.3673562705886
15.0625992063492,1.60236989503152,1.16532656698485,7.45469180761951,84.3689809639286
15.0626984126984,1.60294996659726,1.16550390732812,7.45112687215156,84.3706056418353
15.0627976190476,1.6035289043647,1.16568140557453,7.44756364122757,84.3722303037053
15.0628968253968,1.60410671031488,1.16585906108182,7.44400211402773,84.3738549489361
15.062996031746,1.60468338642732,1.16603687320831,7.44044228973223,84.3754795769257
15.0630952380952,1.60525893467989,1.16621484131288,7.43688416752204,84.3771041870723
15.0631944444444,1.60583335704894,1.16639296475496,7.43332774657814,84.3787287787752
15.0632936507936,1.60640665550914,1.16657124289457,7.42977302608229,84.3803533514337
15.0633928571429,1.60697883203368,1.16674967509227,7.42622000521625,84.381977904448
15.0634920634921,1.60754988859406,1.16692826070919,7.42266868316256,84.3836024372188
15.0635912698413,1.60811982716029,1.16710699910702,7.41911905910379,84.3852269491473
15.0636904761905,1.60868864970068,1.16728588964802,7.41557113222325,84.3868514396352
15.0637896825397,1.60925635818207,1.167464931695,7.4120249017043,84.3884759080848
15.0638888888889,1.60982295456961,1.16764412461134,7.40848036673105,84.3901003538989
15.0639880952381,1.61038844082694,1.16782346776099,7.40493752648762,84.391724776481
15.0640873015873,1.61095281891607,1.16800296050846,7.40139638015883,84.3933491752349
15.0641865079365,1.6115160907974,1.1681826022188,7.39785692692988,84.3949735495653
15.0642857142857,1.61207825842981,1.16836239225765,7.39431916598607,84.396597898877
15.0643849206349,1.61263932377052,1.1685423299912,7.3907830965135,84.3982222225757
15.0644841269841,1.61319928877523,1.16872241478621,7.38724871769825,84.3998465200676
15.0645833333333,1.61375815539798,1.16890264600999,7.38371602872721,84.4014707907592
15.0646825396825,1.6143159255913,1.16908302303044,7.38018502878725,84.4030950340579
15.0647817460317,1.61487260130606,1.16926354521597,7.37665571706604,84.4047192493713
15.064880952381,1.61542818449159,1.16944421193562,7.37312809275123,84.406343436108
15.0649801587302,1.61598267709559,1.16962502255893,7.36960215503129,84.4079675936766
15.0650793650794,1.61653608106422,1.16980597645605,7.36607790309466,84.4095917214866
15.0651785714286,1.61708839834202,1.16998707299767,7.36255533613059,84.411215818948
15.0652777777778,1.61763963087195,1.17016831155504,7.35903445332831,84.4128398854714
15.065376984127,1.61818978059538,1.17034969149998,7.35551525387784,84.4144639204677
15.0654761904762,1.6187388494521,1.17053121220487,7.35199773696922,84.4160879233486
15.0655753968254,1.6192868393803,1.17071287304267,7.34848190179317,84.4177118935262
15.0656746031746,1.61983375231657,1.17089467338686,7.34496774754077,84.4193358304133
15.0657738095238,1.62037959019597,1.17107661261153,7.34145527340325,84.4209597334231
15.065873015873,1.62092435495188,1.17125869009129,7.3379444785726,84.4225836019694
15.0659722222222,1.62146804851619,1.17144090520136,7.33443536224082,84.4242074354667
15.0660714285714,1.62201067281912,1.17162325731748,7.33092792360067,84.4258312333296
15.0661706349206,1.62255222978935,1.17180574581598,7.32742216184495,84.4274549949738
15.0662698412698,1.62309272135396,1.17198837007373,7.32391807616721,84.4290787198152
15.066369047619,1.62363214943844,1.17217112946818,7.32041566576104,84.4307024072704
15.0664682539683,1.62417051596667,1.17235402337734,7.31691492982079,84.4323260567564
15.0665674603175,1.624707822861,1.17253705117978,7.3134158675408,84.4339496676909
15.0666666666667,1.62524407204212,1.17272021225462,7.30991847811622,84.4355732394921
15.0667658730159,1.6257792654292,1.17290350598157,7.3064227607422,84.4371967715788
15.0668650793651,1.62631340493976,1.17308693174088,7.30292871461466,84.4388202633701
15.0669642857143,1.62684649248978,1.17327048891338,7.29943633892954,84.440443714286
15.0670634920635,1.62737852999363,1.17345417688044,7.29594563288345,84.4420671237468
15.0671626984127,1.62790951936407,1.173637995024,7.29245659567339,84.4436904911735
15.0672619047619,1.62843946251233,1.17382194272659,7.2889692264965,84.4453138159875
15.0673611111111,1.62896836134798,1.17400601937125,7.28548352455064,84.4469370976108
15.0674603174603,1.62949621777909,1.17419022434165,7.28199948903374,84.4485603354662
15.0675595238095,1.63002303371204,1.17437455702195,7.27851711914447,84.4501835289765
15.0676587301587,1.63054881105172,1.17455901679693,7.27503641408151,84.4518066775656
15.0677579365079,1.63107355170134,1.17474360305191,7.27155737304433,84.4534297806576
15.0678571428571,1.6315972575626,1.17492831517276,7.26807999523242,84.4550528376773
15.0679563492063,1.63211993053556,1.17511315254594,7.26460427984602,84.4566758480501
15.0680555555556,1.63264157251873,1.17529811455845,7.26113022608539,84.4582988112017
15.0681547619048,1.63316218540899,1.17548320059786,7.25765783315158,84.4599217265586
15.068253968254,1.63368177110167,1.17566841005231,7.25418710024564,84.4615445935478
15.0683531746032,1.63420033149048,1.17585374231049,7.25071802656939,84.4631674115968
15.0684523809524,1.63471786846758,1.17603919676166,7.24725061132467,84.4647901801335
15.0685515873016,1.63523438392351,1.17622477279565,7.24378485371401,84.4664128985868
15.0686507936508,1.63574987974721,1.17641046980284,7.2403207529403,84.4680355663855
15.06875,1.63626435782609,1.17659628717417,7.23685830820658,84.4696581829595
15.0688492063492,1.6367778200459,1.17678222430115,7.23339751871664,84.4712807477391
15.0689484126984,1.63729026829087,1.17696828057585,7.22993838367428,84.4729032601549
15.0690476190476,1.63780170444358,1.17715445539092,7.22648090228407,84.4745257196384
15.0691468253968,1.63831213038508,1.17734074813954,7.22302507375063,84.4761481256215
15.069246031746,1.63882154799476,1.17752715821547,7.21957089727931,84.4777704775365
15.0693452380952,1.63932995915051,1.17771368501305,7.2161183720755,84.4793927748165
15.0694444444444,1.63983736572855,1.17790032792714,7.21266749734535,84.481015016895
15.0695436507937,1.64034376960358,1.17808708635321,7.20921827229503,84.4826372032061
15.0696428571429,1.64084917264865,1.17827395968725,7.20577069613148,84.4842593331844
15.0697420634921,1.64135357673527,1.17846094732585,7.20232476806166,84.4858814062652
15.0698412698413,1.64185698373332,1.17864804866613,7.19888048729329,84.487503421884
15.0699404761905,1.64235939551116,1.1788352631058,7.19543785303413,84.4891253794773
15.0700396825397,1.64286081393547,1.17902259004311,7.19199686449258,84.4907472784818
15.0701388888889,1.64336124087141,1.17921002887689,7.18855752087746,84.4923691183348
15.0702380952381,1.64386067818253,1.17939757900652,7.1851198213977,84.4939908984744
15.0703373015873,1.64435912773078,1.17958523983195,7.181683765263,84.495612618339
15.0704365079365,1.64485659137656,1.17977301075369,7.17824935168306,84.4972342773676
15.0705357142857,1.64535307097862,1.17996089117281,7.17481657986836,84.4988558749997
15.0706349206349,1.64584856839419,1.18014888049096,7.17138544902941,84.5004774106756
15.0707341269841,1.64634308547886,1.18033697811032,7.16795595837748,84.5020988838357
15.0708333333333,1.64683662408666,1.18052518343366,7.16452810712385,84.5037202939215
15.0709325396825,1.64732918607002,1.1807134958643,7.16110189448058,84.5053416403745
15.0710317460317,1.64782076894814,1.18090191656252,7.15767731952703,84.5069629244107
15.071130952381,1.64831136436361,1.18109044906762,7.15425438118335,84.5085841496477
15.0712301587302,1.64880097312799,1.18127909319787,7.15083307866844,84.5102053159442
15.0713293650794,1.64928959642872,1.18146784861892,7.14741341121378,84.5118264230051
15.0714285714286,1.64977723545267,1.18165671499665,7.14399537805076,84.5134474705354
15.0715277777778,1.6502638913861,1.18184569199712,7.14057897841132,84.5150684582403
15.071626984127,1.65074956541461,1.18203477928656,7.13716421152774,84.5166893858249
15.0717261904762,1.65123425872329,1.18222397653141,7.13375107663229,84.5183102529949
15.0718253968254,1.65171797249653,1.18241328339829,7.13033957295792,84.5199310594559
15.0719246031746,1.65220070791818,1.182602699554,7.12692969973748,84.5215518049138
15.0720238095238,1.65268246617144,1.18279222466554,7.12352145620453,84.5231724890747
15.072123015873,1.65316324843893,1.18298185840009,7.12011484159253,84.5247931116447
15.0722222222222,1.65364305590264,1.18317160042502,7.1167098551356,84.5264136723301
15.0723214285714,1.65412188974399,1.1833614504079,7.1133064960678,84.5280341708377
15.0724206349206,1.65459975114374,1.18355140801646,7.10990476362386,84.5296546068741
15.0725198412698,1.6550766412821,1.18374147291865,7.10650465703841,84.5312749801462
15.072619047619,1.65555256133862,1.18393164478259,7.10310617554679,84.5328952903611
15.0727182539683,1.65602751249229,1.18412192327658,7.09970931838423,84.5345155372261
15.0728174603175,1.65650149592145,1.18431230806913,7.09631408478664,84.5361357204485
15.0729166666667,1.65697451280389,1.18450279882892,7.09292047398986,84.5377558397362
15.0730158730159,1.65744656431673,1.18469339522483,7.08952848523029,84.5393758947967
15.0731150793651,1.65791765163651,1.18488409692592,7.08613811774464,84.5409958853381
15.0732142857143,1.65838777593919,1.18507490360144,7.08274937076964,84.5426158110685
15.0733134920635,1.65885693840007,1.18526581492083,7.07936224354268,84.5442356716963
15.0734126984127,1.6593251401939,1.18545683055372,7.07597673530107,84.5458554669299
15.0735119047619,1.65979238249477,1.18564795016992,7.0725928452828,84.5474751964779
15.0736111111111,1.66025866647621,1.18583917343943,7.06921057272578,84.5490948600494
15.0737103174603,1.66072399331109,1.18603050003245,7.06582991686859,84.5507144573531
15.0738095238095,1.66118836417174,1.18622192961935,7.06245087694973,84.5523339880984
15.0739087301587,1.66165178022982,1.1864134618707,7.05907345220837,84.5539534519947
15.0740079365079,1.66211424265644,1.18660509645725,7.05569764188361,84.5555728487514
15.0741071428571,1.66257575262205,1.18679683304995,7.05232344521521,84.5571921780782
15.0742063492063,1.66303631129653,1.18698867131993,7.04895086144287,84.5588114396852
15.0743055555556,1.66349591984912,1.1871806109385,7.04557988980693,84.5604306332823
15.0744047619048,1.66395457944851,1.18737265157718,7.04221052954768,84.5620497585799
15.074503968254,1.66441229126272,1.18756479290766,7.03884277990598,84.5636688152883
15.0746031746032,1.66486905645919,1.18775703460181,7.03547664012298,84.565287803118
15.0747023809524,1.66532487620478,1.18794937633171,7.03211210943985,84.56690672178
15.0748015873016,1.66577975166567,1.18814181776962,7.02874918709843,84.5685255709851
15.0749007936508,1.66623368400753,1.18833435858798,7.02538787234049,84.5701443504446
15.075,1.66668667439534,1.18852699845943,7.02202816440846,84.5717630598696
15.0750992063492,1.66713872399353,1.18871973705679,7.01867006254469,84.5733816989716
15.0751984126984,1.66758983396588,1.18891257405307,7.01531356599221,84.5750002674624
15.0752976190476,1.6680400054756,1.18910550912148,7.01195867399398,84.5766187650537
15.0753968253968,1.66848923968525,1.18929854193538,7.00860538579361,84.5782371914576
15.075496031746,1.66893753775684,1.18949167216837,7.00525370063464,84.5798555463862
15.0755952380952,1.66938490085172,1.1896848994942,7.00190361776129,84.5814738295518
15.0756944444444,1.66983133013068,1.18987822358682,6.99855513641769,84.5830920406671
15.0757936507936,1.67027682675385,1.19007164412037,6.99520825584864,84.5847101794447
15.0758928571429,1.67072139188081,1.19026516076918,6.99186297529888,84.5863282455975
15.0759920634921,1.6711650266705,1.19045877320775,6.98851929401371,84.5879462388386
15.0760912698413,1.67160773228123,1.1906524811108,6.98517721123873,84.5895641588812
15.0761904761905,1.67204950987077,1.19084628415321,6.98183672621956,84.5911820054387
15.0762896825397,1.67249036059621,1.19104018201006,6.97849783820248,84.5927997782246
15.0763888888889,1.67293028561411,1.19123417435662,6.97516054643372,84.5944174769528
15.0764880952381,1.67336928608034,1.19142826086834,6.97182485016014,84.5960351013372
15.0765873015873,1.67380736315024,1.19162244122086,6.96849074862855,84.5976526510919
15.0766865079365,1.67424451797848,1.19181671509001,6.96515824108643,84.5992701259312
15.0767857142857,1.67468075171918,1.19201108215181,6.96182732678118,84.6008875255696
15.0768849206349,1.6751160655258,1.19220554208247,6.95849800496085,84.6025048497216
15.0769841269841,1.67555046055123,1.19240009455838,6.95517027487344,84.6041220981022
15.0770833333333,1.67598393794773,1.19259473925612,6.95184413576762,84.6057392704262
15.0771825396825,1.67641649886698,1.19278947585246,6.94851958689195,84.6073563664089
15.0772817460317,1.67684814446003,1.19298430402436,6.9451966274957,84.6089733857656
15.077380952381,1.67727887587733,1.19317922344896,6.94187525682804,84.6105903282119
15.0774801587302,1.67770869426873,1.19337423380361,6.93855547413873,84.6122071934633
15.0775793650794,1.67813760078345,1.19356933476581,6.9352372786778,84.6138239812359
15.0776785714286,1.67856559657015,1.19376452601328,6.93192066969534,84.6154406912455
15.0777777777778,1.67899268277682,1.19395980722392,6.92860564644206,84.6170573232085
15.077876984127,1.67941886055091,1.19415517807582,6.92529220816864,84.6186738768413
15.0779761904762,1.6798441310392,1.19435063824724,6.92198035412639,84.6202903518604
15.0780753968254,1.68026849538792,1.19454618741665,6.91867008356658,84.6219067479825
15.0781746031746,1.68069195474264,1.19474182526269,6.91536139574111,84.6235230649246
15.0782738095238,1.68111451024838,1.19493755146422,6.91205428990185,84.6251393024038
15.078373015873,1.68153616304949,1.19513336570024,6.90874876530129,84.6267554601374
15.0784722222222,1.68195691428978,1.19532926764998,6.90544482119187,84.6283715378428
15.0785714285714,1.68237676511239,1.19552525699283,6.90214245682671,84.6299875352375
15.0786706349206,1.68279571665991,1.19572133340839,6.89884167145884,84.6316034520396
15.0787698412698,1.68321377007427,1.19591749657643,6.89554246434195,84.6332192879668
15.078869047619,1.68363092649685,1.19611374617693,6.89224483472967,84.6348350427374
15.0789682539683,1.68404718706837,1.19631008189002,6.8889487818762,84.6364507160697
15.0790674603175,1.68446255292895,1.19650650339606,6.88565430503602,84.6380663076822
15.0791666666667,1.68487702521816,1.19670301037557,6.88236140346367,84.6396818172935
15.0792658730159,1.68529060507489,1.19689960250926,6.87907007641431,84.6412972446226
15.0793650793651,1.68570329363747,1.19709627947806,6.87578032314306,84.6429125893884
15.0794642857143,1.6861150920436,1.19729304096304,6.87249214290568,84.6445278513102
15.0795634920635,1.6865260014304,1.19748988664549,6.86920553495789,84.6461430301073
15.0796626984127,1.68693602293434,1.19768681620688,6.86592049855604,84.6477581254993
15.0797619047619,1.68734515769133,1.19788382932887,6.86263703295644,84.649373137206
15.0798611111111,1.68775340683663,1.19808092569329,6.85935513741603,84.6509880649472
15.0799603174603,1.68816077150494,1.19827810498219,6.8560748111917,84.652602908443
15.0800595238095,1.68856725283031,1.19847536687779,6.85279605354102,84.6542176674137
15.0801587301587,1.68897285194621,1.19867271106249,6.84951886372145,84.6558323415797
15.0802579365079,1.68937756998549,1.19887013721889,6.84624324099114,84.6574469306617
15.0803571428571,1.6897814080804,1.19906764502978,6.84296918460818,84.6590614343804
15.0804563492064,1.69018436736259,1.19926523417813,6.83969669383119,84.6606758524567
15.0805555555556,1.69058644896306,1.1994629043471,6.83642576791913,84.6622901846119
15.0806547619048,1.69098765401228,1.19966065522004,6.83315640613096,84.6639044305672
15.080753968254,1.69138798364004,1.19985848648048,6.82988860772629,84.6655185900441
15.0808531746032,1.69178743897558,1.20005639781216,6.8266223719647,84.6671326627643
15.0809523809524,1.69218602114748,1.20025438889898,6.8233576981064,84.6687466484496
15.0810515873016,1.69258373128377,1.20045245942505,6.82009458541154,84.6703605468221
15.0811507936508,1.69298057051181,1.20065060907465,6.81683303314093,84.6719743576039
15.08125,1.69337653995842,1.20084883753227,6.81357304055532,84.6735880805174
15.0813492063492,1.69377164074975,1.20104714448255,6.8103146069161,84.6752017152851
15.0814484126984,1.6941658740114,1.20124552961037,6.80705773148462,84.6768152616298
15.0815476190476,1.69455924086832,1.20144399260075,6.80380241352287,84.6784287192744
15.0816468253968,1.69495174244487,1.20164253313894,6.80054865229279,84.6800420879419
15.081746031746,1.69534337986481,1.20184115091034,6.79729644705695,84.6816553673555
15.0818452380952,1.69573415425129,1.20203984560056,6.7940457970779,84.6832685572388
15.0819444444444,1.69612406672684,1.20223861689539,6.79079670161871,84.6848816573152
15.0820436507937,1.69651311841338,1.20243746448081,6.78754915994278,84.6864946673086
15.0821428571429,1.69690131043227,1.202636388043,6.78430317131351,84.6881075869429
15.0822420634921,1.69728864390419,1.2028353872683,6.78105873499499,84.6897204159422
15.0823412698413,1.69767511994929,1.20303446184327,6.77781585025121,84.6913331540309
15.0824404761905,1.69806073968705,1.20323361145463,6.77457451634684,84.6929458009334
15.0825396825397,1.69844550423638,1.20343283578931,6.77133473254649,84.6945583563743
15.0826388888889,1.69882941471557,1.20363213453441,6.7680964981154,84.6961708200785
15.0827380952381,1.6992124722423,1.20383150737724,6.76485981231877,84.697783191771
15.0828373015873,1.69959467793365,1.20403095400527,6.76162467442245,84.699395471177
15.0829365079365,1.69997603290611,1.20423047410618,6.75839108369223,84.7010076580218
15.0830357142857,1.70035653827551,1.20443006736782,6.75515903939455,84.7026197520309
15.0831349206349,1.70073619515715,1.20462973347825,6.75192854079578,84.7042317529301
15.0832341269841,1.70111500466564,1.2048294721257,6.74869958716297,84.7058436604452
15.0833333333333,1.70149296791505,1.20502928299861,6.74547217776308,84.7074554743023
15.0834325396825,1.70187008601882,1.20522916578557,6.74224631186366,84.7090671942277
15.0835317460317,1.70224636008976,1.20542912017539,6.73902198873254,84.7106788199476
15.083630952381,1.70262179124011,1.20562914585707,6.73579920763757,84.7122903511888
15.0837301587302,1.70299638058148,1.20582924251976,6.73257796784729,84.7139017876778
15.0838293650794,1.7033701292249,1.20602940985285,6.72935826863014,84.7155131291419
15.0839285714286,1.70374303828075,1.20622964754587,6.72614010925523,84.7171243753079
15.0840277777778,1.70411510885884,1.20642995528858,6.72292348899161,84.7187355259032
15.084126984127,1.70448634206835,1.20663033277089,6.71970840710899,84.7203465806553
15.0842261904762,1.70485673901788,1.20683077968294,6.716494862877,84.7219575392918
15.0843253968254,1.70522630081539,1.20703129571501,6.71328285556595,84.7235684015404
15.0844246031746,1.70559502856826,1.2072318805576,6.71007238444606,84.7251791671293
15.0845238095238,1.70596292338325,1.2074325339014,6.70686344878823,84.7267898357865
15.084623015873,1.70632998636653,1.20763325543726,6.70365604786329,84.7284004072404
15.0847222222222,1.70669621862362,1.20783404485625,6.7004501809427,84.7300108812195
15.0848214285714,1.7070616212595,1.20803490184962,6.69724584729791,84.7316212574526
15.0849206349206,1.70742619537848,1.20823582610878,6.69404304620088,84.7332315356684
15.0850198412698,1.70778994208429,1.20843681732537,6.69084177692391,84.7348417155959
15.085119047619,1.70815286248007,1.20863787519118,6.6876420387393,84.7364517969646
15.0852182539683,1.70851495766832,1.20883899939822,6.68444383092001,84.7380617795036
15.0853174603175,1.70887622875096,1.20904018963868,6.68124715273896,84.7396716629426
15.0854166666667,1.70923667682928,1.20924144560491,6.67805200346969,84.7412814470114
15.0855158730159,1.70959630300399,1.20944276698948,6.67485838238571,84.7428911314398
15.0856150793651,1.70995510837516,1.20964415348514,6.67166628876116,84.7445007159579
15.0857142857143,1.7103130940423,1.20984560478483,6.66847572187014,84.7461102002961
15.0858134920635,1.71067026110426,1.21004712058167,6.66528668098737,84.7477195841847
15.0859126984127,1.71102661065933,1.21024870056897,6.66209916538756,84.7493288673544
15.0860119047619,1.71138214380514,1.21045034444023,6.65891317434603,84.750938049536
15.0861111111111,1.71173686163878,1.21065205188913,6.65572870713806,84.7525471304605
15.0862103174603,1.71209076525668,1.21085382260956,6.65254576303958,84.7541561098589
15.0863095238095,1.71244385575469,1.21105565629558,6.64936434132645,84.7557649874627
15.0864087301587,1.71279613422804,1.21125755264144,6.64618444127512,84.7573737630034
15.0865079365079,1.71314760177135,1.21145951134157,6.64300606216229,84.7589824362125
15.0866071428571,1.71349825947866,1.21166153209062,6.63982920326475,84.760591006822
15.0867063492063,1.71384810844336,1.21186361458338,6.63665386385989,84.7621994745639
15.0868055555556,1.71419714975828,1.21206575851487,6.63348004322507,84.7638078391703
15.0869047619048,1.71454538451561,1.21226796358027,6.63030774063829,84.7654161003738
15.087003968254,1.71489281380695,1.21247022947498,6.6271369553775,84.7670242579068
15.0871031746032,1.71523943872327,1.21267255589454,6.62396768672129,84.7686323115019
15.0872023809524,1.71558526035498,1.21287494253473,6.6207999339482,84.7702402608924
15.0873015873016,1.71593027979183,1.21307738909147,6.61763369633742,84.7718481058109
15.0874007936508,1.716274498123,1.21327989526091,6.61446897316808,84.7734558459911
15.0875,1.71661791643704,1.21348246073937,6.61130576371996,84.7750634811661
15.0875992063492,1.71696053582192,1.21368508522334,6.60814406727279,84.7766710110697
15.0876984126984,1.71730235736496,1.21388776840953,6.60498388310694,84.7782784354356
15.0877976190476,1.71764338215293,1.21409050999483,6.60182521050273,84.7798857539978
15.0878968253968,1.71798361127195,1.21429330967629,6.59866804874103,84.7814929664904
15.087996031746,1.71832304580754,1.21449616715118,6.59551239710303,84.7831000726478
15.0880952380952,1.71866168684463,1.21469908211696,6.59235825486992,84.7847070722043
15.0881944444444,1.71899953546751,1.21490205427124,6.58920562132358,84.7863139648948
15.0882936507937,1.71933659275993,1.21510508331186,6.58605449574579,84.7879207504539
15.0883928571429,1.71967285980494,1.21530816893682,6.582904877419,84.7895274286168
15.0884920634921,1.72000833768508,1.21551131084433,6.57975676562562,84.7911339991186
15.0885912698413,1.72034302748219,1.21571450873277,6.57661015964867,84.7927404616946
15.0886904761905,1.72067693027759,1.21591776230073,6.57346505877116,84.7943468160806
15.0887896825397,1.72101004715192,1.21612107124695,6.57032146227671,84.795953062012
15.0888888888889,1.72134237918526,1.2163244352704,6.5671793694489,84.7975591992248
15.0889880952381,1.72167392745707,1.2165278540702,6.56403877957196,84.7991652274552
15.0890873015873,1.7220046930462,1.2167313273457,6.56089969193007,84.8007711464393
15.0891865079365,1.7223346770309,1.2169348547964,6.55776210580804,84.8023769559135
15.0892857142857,1.7226638804888,1.21713843612201,6.55462602049065,84.8039826556146
15.0893849206349,1.72299230449694,1.21734207102241,6.55149143526321,84.8055882452791
15.0894841269841,1.72331995013173,1.21754575919769,6.54835834941135,84.8071937246441
15.0895833333333,1.723646818469,1.21774950034811,6.54522676222072,84.8087990934467
15.0896825396825,1.72397291058396,1.21795329417413,6.54209667297763,84.8104043514242
15.0897817460317,1.72429822755122,1.2181571403764,6.53896808096833,84.812009498314
15.089880952381,1.72462277044476,1.21836103865573,6.5358409854797,84.8136145338539
15.0899801587302,1.724946540338,1.21856498871315,6.53271538579861,84.8152194577815
15.0900793650794,1.72526953830369,1.21876899024987,6.52959128121252,84.816824269835
15.0901785714286,1.72559176541403,1.21897304296729,6.52646867100888,84.8184289697525
15.0902777777778,1.72591322274059,1.21917714656697,6.52334755447577,84.8200335572724
15.090376984127,1.72623391135433,1.21938130075071,6.52022793090122,84.8216380321331
15.0904761904762,1.7265538323256,1.21958550522044,6.5171097995739,84.8232423940734
15.0905753968254,1.72687298672416,1.21978975967833,6.51399315978243,84.8248466428322
15.0906746031746,1.72719137561915,1.2199940638267,6.51087801081608,84.8264507781485
15.0907738095238,1.72750900007911,1.22019841736809,6.50776435196406,84.8280547997615
15.090873015873,1.72782586117197,1.22040282000519,6.50465218251615,84.8296587074107
15.0909722222222,1.72814195996504,1.2206072714409,6.50154150176242,84.8312625008356
15.0910714285714,1.72845729752506,1.22081177137833,6.49843230899297,84.832866179776
15.0911706349206,1.72877187491811,1.22101631952072,6.49532460349854,84.8344697439718
15.0912698412698,1.72908569320973,1.22122091557157,6.49221838456984,84.8360731931631
15.091369047619,1.72939875346478,1.2214255592345,6.48911365149821,84.8376765270902
15.0914682539683,1.72971105674758,1.22163025021336,6.48601040357494,84.8392797454936
15.0915674603175,1.73002260412179,1.22183498821217,6.48290864009196,84.8408828481138
15.0916666666667,1.7303333966505,1.22203977293516,6.47980836034116,84.8424858346918
15.0917658730159,1.73064343539617,1.22224460408672,6.47670956361506,84.8440887049685
15.0918650793651,1.73095272142067,1.22244948137145,6.47361224920615,84.845691458685
15.0919642857143,1.73126125578525,1.22265440449411,6.47051641640753,84.8472940955827
15.0920634920635,1.73156903955056,1.22285937315969,6.46742206451229,84.8488966154031
15.0921626984127,1.73187607377664,1.22306438707332,6.46432919281413,84.8504990178879
15.0922619047619,1.73218235952294,1.22326944594036,6.46123780060672,84.8521013027789
15.0923611111111,1.73248789784827,1.22347454946634,6.45814788718428,84.8537034698182
15.0924603174603,1.73279268981085,1.22367969735697,6.45505945184132,84.855305518748
15.0925595238095,1.73309673646832,1.22388488931816,6.4519724938724,84.8569074493108
15.0926587301587,1.73340003887765,1.22409012505599,6.44888701257271,84.8585092612489
15.0927579365079,1.73370259809529,1.22429540427677,6.4458030072374,84.8601109543053
15.0928571428571,1.73400441517699,1.22450072668695,6.44272047716224,84.8617125282228
15.0929563492064,1.73430549117796,1.2247060919932,6.439639421643,84.8633139827445
15.0930555555556,1.73460582715277,1.22491149990235,6.43655983997604,84.8649153176136
15.0931547619048,1.73490542415542,1.22511695012145,6.4334817314577,84.8665165325738
15.093253968254,1.73520428323924,1.22532244235771,6.43040509538495,84.8681176273684
15.0933531746032,1.73550240545702,1.22552797631856,6.42732993105471,84.8697186017414
15.0934523809524,1.7357997918609,1.22573355171157,6.42425623776456,84.8713194554366
15.0935515873016,1.73609644350244,1.22593916824455,6.42118401481201,84.8729201881984
15.0936507936508,1.73639236143256,1.22614482562545,6.41811326149522,84.8745207997709
15.09375,1.73668754670162,1.22635052356246,6.41504397711231,84.8761212898987
15.0938492063492,1.73698200035932,1.22655626176391,6.41197616096193,84.8777216583265
15.0939484126984,1.7372757234548,1.22676203993834,6.40890981234306,84.879321904799
15.0940476190476,1.73756871703656,1.22696785779448,6.40584493055468,84.8809220290614
15.0941468253968,1.73786098215252,1.22717371504125,6.40278151489645,84.8825220308588
15.094246031746,1.73815251984997,1.22737961138774,6.39971956466797,84.8841219099366
15.0943452380952,1.7384433311756,1.22758554654324,6.39665907916945,84.8857216660403
15.0944444444444,1.73873341717552,1.22779152021724,6.39360005770109,84.8873212989157
15.0945436507936,1.73902277889517,1.22799753211939,6.39054249956373,84.8889208083087
15.0946428571429,1.73931141737946,1.22820358195956,6.38748640405813,84.8905201939654
15.0947420634921,1.73959933367264,1.22840966944778,6.38443177048572,84.8921194556319
15.0948412698413,1.73988652881837,1.22861579429429,6.38137859814787,84.8937185930549
15.0949404761905,1.74017300385969,1.22882195620949,6.3783268863466,84.8953176059807
15.0950396825397,1.74045875983908,1.229028154904,6.37527663438387,84.8969164941563
15.0951388888889,1.74074379779834,1.22923439008861,6.37222784156228,84.8985152573286
15.0952380952381,1.74102811877873,1.22944066147431,6.36918050718441,84.9001138952447
15.0953373015873,1.74131172382087,1.22964696877225,6.36613463055336,84.901712407652
15.0954365079365,1.74159461396476,1.2298533116938,6.36309021097253,84.9033107942978
15.0955357142857,1.74187679024984,1.23005968995051,6.36004724774539,84.9049090549299
15.0956349206349,1.74215825371489,1.23026610325411,6.35700574017602,84.9065071892962
15.0957341269841,1.74243900539812,1.23047255131651,6.35396568756846,84.9081051971445
15.0958333333333,1.74271904633712,1.23067903384983,6.35092708922738,84.9097030782232
15.0959325396825,1.74299837756889,1.23088555056637,6.34788994445744,84.9113008322805
15.0960317460317,1.74327700012978,1.23109210117861,6.3448542525639,84.912898459065
15.096130952381,1.74355491505558,1.23129868539923,6.34182001285199,84.9144959583255
15.0962301587302,1.74383212338145,1.23150530294108,6.33878722462757,84.9160933298107
15.0963293650794,1.74410862614195,1.23171195351721,6.33575588719648,84.9176905732698
15.0964285714286,1.74438442437102,1.23191863684087,6.33272599986516,84.919287688452
15.0965277777778,1.74465951910202,1.23212535262548,6.32969756194004,84.9208846751068
15.096626984127,1.74493391136767,1.23233210058465,6.32667057272816,84.9224815329837
15.0967261904762,1.74520760220013,1.23253888043218,6.32364503153654,84.9240782618324
15.0968253968254,1.74548059263089,1.23274569188206,6.32062093767273,84.925674861403
15.0969246031746,1.74575288369089,1.23295253464847,6.31759829044459,84.9272713314455
15.0970238095238,1.74602447641043,1.23315940844578,6.31457708916002,84.9288676717103
15.097123015873,1.74629537181921,1.23336631298853,6.31155733312755,84.9304638819478
15.0972222222222,1.74656557094634,1.23357324799147,6.30853902165568,84.9320599619086
15.0973214285714,1.74683507482029,1.23378021316952,6.30552215405353,84.9336559113436
15.0974206349206,1.74710388446897,1.23398720823782,6.30250672963018,84.9352517300039
15.0975198412698,1.74737200091963,1.23419423291164,6.29949274769536,84.9368474176404
15.097619047619,1.74763942519896,1.23440128690651,6.29648020755874,84.9384429740046
15.0977182539683,1.74790615833301,1.23460836993808,6.29346910853064,84.940038398848
15.0978174603175,1.74817220134725,1.23481548172224,6.29045944992132,84.9416336919224
15.0979166666667,1.74843755526652,1.23502262197504,6.2874512310417,84.9432288529795
15.0980158730159,1.74870222111506,1.23522979041272,6.28444445120263,84.9448238817715
15.0981150793651,1.7489661999165,1.23543698675172,6.28143910971562,84.9464187780506
15.0982142857143,1.74922949269389,1.23564421070866,6.27843520589212,84.9480135415691
15.0983134920635,1.74949210046965,1.23585146200034,6.27543273904413,84.9496081720797
15.0984126984127,1.74975402426557,1.23605874034377,6.27243170848397,84.951202669335
15.0985119047619,1.75001526510288,1.23626604545613,6.26943211352398,84.9527970330881
15.0986111111111,1.75027582400217,1.23647337705478,6.26643395347713,84.954391263092
15.0987103174603,1.75053570198345,1.2366807348573,6.26343722765637,84.9559853591001
15.0988095238095,1.7507949000661,1.23688811858143,6.26044193537527,84.9575793208657
15.0989087301587,1.7510534192689,1.23709552794511,6.25744807594737,84.9591731481425
15.0990079365079,1.75131126061003,1.23730296266645,6.25445564868682,84.9607668406843
15.0991071428571,1.75156842510706,1.23751042246379,6.25146465290777,84.9623603982451
15.0992063492063,1.75182491377694,1.2377179070556,6.24847508792495,84.963953820579
15.0993055555556,1.75208072763604,1.2379254161606,6.24548695305311,84.9655471074405
15.0994047619048,1.75233586770009,1.23813294949764,6.24250024760758,84.9671402585838
15.099503968254,1.75259033498424,1.2383405067858,6.23951497090368,84.9687332737639
15.0996031746032,1.75284413050303,1.23854808774432,6.23653112225735,84.9703261527355
15.0997023809524,1.75309725527038,1.23875569209266,6.2335487009845,84.9719188952537
15.0998015873016,1.75334971029962,1.23896331955043,6.23056770640158,84.9735115010737
15.0999007936508,1.75360149660345,1.23917096983745,6.22758813782535,84.9751039699508
15.1,1.75385261519399,1.23937864267374,6.22460999457259,84.9766963016407
15.1000992063492,1.75410306708273,1.23958633777946,6.22163327596074,84.9782884958991
15.1001984126984,1.75435285328058,1.23979405487503,6.21865798130718,84.9798805524818
15.1002976190476,1.7546019747978,1.24000179368099,6.21568410992993,84.981472471145
15.1003968253968,1.7548504326441,1.2402095539181,6.21271166114698,84.9830642516449
15.100496031746,1.75509822782853,1.24041733530732,6.20974063427693,84.9846558937381
15.1005952380952,1.75534536135957,1.24062513756977,6.20677102863836,84.986247397181
15.1006944444444,1.75559183424507,1.24083296042676,6.20380284355048,84.9878387617305
15.1007936507937,1.7558376474923,1.24104080359983,6.20083607833245,84.9894299871436
15.1008928571429,1.75608280210788,1.24124866681064,6.19787073230407,84.9910210731774
15.1009920634921,1.75632729909788,1.2414565497811,6.19490680478511,84.9926120195892
15.1010912698413,1.75657113946771,1.24166445223327,6.19194429509595,84.9942028261366
15.1011904761905,1.7568143242222,1.24187237388941,6.18898320255694,84.9957934925771
15.1012896825397,1.75705685436558,1.24208031447198,6.186023526489,84.9973840186687
15.1013888888889,1.75729873090145,1.2422882737036,6.1830652662133,84.9989744041693
15.1014880952381,1.75753995483283,1.2424962513071,6.18010842105111,85.0005646488372
15.1015873015873,1.7577805271621,1.2427042470055,6.17715299032429,85.0021547524307
15.1016865079365,1.75802044889107,1.24291226052199,6.17419897335467,85.0037447147084
15.1017857142857,1.75825972102091,1.24312029157996,6.17124636946473,85.005334535429
15.1018849206349,1.75849834455221,1.243328339903,6.1682951779769,85.0069242143514
15.1019841269841,1.75873632048493,1.24353640521485,6.16534539821422,85.0085137512347
15.1020833333333,1.75897364981845,1.24374448723948,6.16239702949973,85.0101031458382
15.1021825396825,1.75921033355152,1.24395258570101,6.15945007115708,85.0116923979211
15.1022817460317,1.7594463726823,1.2441607003238,6.15650452250988,85.0132815072433
15.102380952381,1.75968176820831,1.24436883083233,6.15356038288238,85.0148704735644
15.1024801587302,1.75991652112652,1.24457697695134,6.15061765159879,85.0164592966444
15.1025793650794,1.76015063243324,1.24478513840569,6.14767632798393,85.0180479762434
15.1026785714286,1.76038410312421,1.24499331492048,6.14473641136263,85.0196365121217
15.1027777777778,1.76061693419453,1.24520150622097,6.14179790106022,85.0212249040399
15.102876984127,1.76084912663872,1.24540971203261,6.13886079640235,85.0228131517585
15.1029761904762,1.76108068145069,1.24561793208106,6.1359250967147,85.0244012550385
15.1030753968254,1.76131159962373,1.24582616609213,6.13299080132361,85.0259892136407
15.1031746031746,1.76154188215053,1.24603441379186,6.13005790955535,85.0275770273264
15.1032738095238,1.76177153002317,1.24624267490645,6.12712642073683,85.029164695857
15.103373015873,1.76200054423314,1.24645094916229,6.12419633419494,85.030752218994
15.1034722222222,1.7622289257713,1.24665923628597,6.12126764925718,85.032339596499
15.1035714285714,1.76245667562792,1.24686753600427,6.11834036525102,85.0339268281341
15.1036706349206,1.76268379479265,1.24707584804413,6.11541448150456,85.0355139136612
15.1037698412698,1.76291028425454,1.24728417213271,6.11248999734586,85.0371008528426
15.103869047619,1.76313614500204,1.24749250799734,6.10956691210362,85.0386876454406
15.1039682539683,1.76336137802299,1.24770085536555,6.10664522510649,85.040274291218
15.1040674603175,1.7635859843046,1.24790921396505,6.10372493568375,85.0418607899374
15.1041666666667,1.76380996483351,1.24811758352373,6.10080604316466,85.0434471413618
15.1042658730159,1.76403332059574,1.2483259637697,6.09788854687901,85.0450333452544
15.1043650793651,1.76425605257668,1.24853435443121,6.09497244615689,85.0466194013783
15.1044642857143,1.76447816176115,1.24874275523673,6.09205774032845,85.0482053094971
15.1045634920635,1.76469964913333,1.24895116591492,6.08914442872443,85.0497910693743
15.1046626984127,1.76492051567683,1.24915958619462,6.0862325106756,85.0513766807739
15.1047619047619,1.76514076237461,1.24936801580484,6.08332198551329,85.0529621434599
15.1048611111111,1.76536039020907,1.24957645447482,6.08041285256884,85.0545474571963
15.1049603174603,1.76557940016195,1.24978490193394,6.07750511117419,85.0561326217475
15.1050595238095,1.76579779321444,1.24999335791181,6.07459876066127,85.0577176368781
15.1051587301587,1.76601557034707,1.2502018221382,6.07169380036262,85.0593025023528
15.1052579365079,1.76623273253981,1.25041029434308,6.06879022961076,85.0608872179364
15.1053571428571,1.76644928077199,1.25061877425659,6.06588804773882,85.0624717833939
15.1054563492063,1.76666521602234,1.2508272616091,6.0629872540799,85.0640561984906
15.1055555555556,1.766880539269,1.25103575613112,6.06008784796775,85.065640462992
15.1056547619048,1.76709525148949,1.25124425755339,6.05718982873605,85.0672245766635
15.105753968254,1.76730935366072,1.2514527656068,6.05429319571905,85.0688085392709
15.1058531746032,1.76752284675899,1.25166128002244,6.05139794825128,85.0703923505802
15.1059523809524,1.76773573176002,1.25186980053161,6.04850408566734,85.0719760103574
15.1060515873016,1.76794800963889,1.25207832686576,6.04561160730244,85.0735595183688
15.1061507936508,1.76815968137009,1.25228685875658,6.04272051249175,85.0751428743809
15.10625,1.76837074792751,1.25249539593589,6.03983080057108,85.0767260781603
15.1063492063492,1.76858121028441,1.25270393813574,6.03694247087622,85.0783091294739
15.1064484126984,1.76879106941346,1.25291248508834,6.03405552274355,85.0798920280885
15.1065476190476,1.76900032628673,1.25312103652611,6.03116995550945,85.0814747737713
15.1066468253968,1.76920898187566,1.25332959218165,6.02828576851089,85.0830573662898
15.106746031746,1.76941703715112,1.25353815178774,6.02540296108486,85.0846398054113
15.1068452380952,1.76962449308332,1.25374671507736,6.02252153256893,85.0862220909035
15.1069444444444,1.76983135064191,1.25395528178367,6.01964148230065,85.0878042225344
15.1070436507936,1.77003761079592,1.25416385164002,6.0167628096182,85.089386200072
15.1071428571429,1.77024327451376,1.25437242437996,6.01388551385973,85.0909680232844
15.1072420634921,1.77044834276325,1.25458099973721,6.01100959436392,85.0925496919401
15.1073412698413,1.77065281651159,1.25478957744567,6.00813505046977,85.0941312058075
15.1074404761905,1.77085669672538,1.25499815723947,6.0052618815163,85.0957125646556
15.1075396825397,1.77105998437062,1.25520673885287,6.00239008684318,85.0972937682531
15.1076388888889,1.77126268041269,1.25541532202038,5.99951966579004,85.0988748163691
15.1077380952381,1.77146478581637,1.25562390647664,5.99665061769712,85.1004557087729
15.1078373015873,1.77166630154584,1.25583249195652,5.99378294190466,85.102036445234
15.1079365079365,1.77186722856465,1.25604107819505,5.99091663775349,85.1036170255219
15.1080357142857,1.77206756783577,1.25624966492748,5.98805170458443,85.1051974494065
15.1081349206349,1.77226732032155,1.25645825188921,5.98518814173893,85.1067777166577
15.1082341269841,1.77246648698374,1.25666683881587,5.98232594855838,85.1083578270457
15.1083333333333,1.77266506878346,1.25687542544322,5.97946512438482,85.1099377803407
15.1084325396825,1.77286306668127,1.25708401150727,5.97660566856025,85.1115175763134
15.1085317460317,1.77306048163707,1.25729259674418,5.97374758042729,85.1130972147342
15.108630952381,1.7732573146102,1.25750118089031,5.97089085932855,85.1146766953741
15.1087301587302,1.77345356655935,1.25770976368221,5.96803550460715,85.1162560180042
15.1088293650794,1.77364923844264,1.25791834485661,5.96518151560653,85.1178351823955
15.1089285714286,1.77384433121756,1.25812692415043,5.96232889167017,85.1194141883195
15.1090277777778,1.774038845841,1.25833550130078,5.95947763214218,85.1209930355477
15.109126984127,1.77423278326925,1.25854407604497,5.95662773636663,85.1225717238518
15.1092261904762,1.77442614445799,1.25875264812047,5.95377920368822,85.1241502530038
15.1093253968254,1.77461893036229,1.25896121726497,5.95093203345163,85.1257286227757
15.1094246031746,1.7748111419366,1.25916978321632,5.94808622500215,85.1273068329397
15.1095238095238,1.77500278013479,1.25937834571257,5.94524177768504,85.1288848832683
15.109623015873,1.77519384591011,1.25958690449197,5.94239869084618,85.130462773534
15.1097222222222,1.77538434021521,1.25979545929294,5.93955696383143,85.1320405035098
15.1098214285714,1.77557426400211,1.26000400985409,5.93671659598727,85.1336180729684
15.1099206349206,1.77576361822225,1.26021255591423,5.93387758666015,85.1351954816831
15.1100198412698,1.77595240382645,1.26042109721234,5.93103993519714,85.1367727294271
15.110119047619,1.77614062176494,1.26062963348761,5.92820364094528,85.138349815974
15.1102182539683,1.77632827298731,1.2608381644794,5.92536870325216,85.1399267410973
15.1103174603175,1.77651535844258,1.26104668992725,5.92253512146565,85.1415035045708
15.1104166666667,1.77670187907914,1.26125520957093,5.91970289493369,85.1430801061687
15.1105158730159,1.77688783584477,1.26146372315035,5.91687202300483,85.1446565456651
15.1106150793651,1.77707322968666,1.26167223040564,5.91404250502759,85.1462328228343
15.1107142857143,1.77725806155139,1.26188073107709,5.91121434035112,85.1478089374509
15.1108134920635,1.77744233238494,1.26208922490521,5.90838752832454,85.1493848892896
15.1109126984127,1.77762604313264,1.26229771163067,5.90556206829759,85.1509606781252
15.1110119047619,1.77780919473928,1.26250619099435,5.90273795961997,85.1525363037329
15.1111111111111,1.77799178814898,1.2627146627373,5.89991520164203,85.1541117658878
15.1112103174603,1.77817382430531,1.26292312660078,5.89709379371406,85.1556870643654
15.1113095238095,1.77835530415118,1.2631315823262,5.89427373518699,85.1572621989413
15.1114087301587,1.77853622862894,1.2633400296552,5.89145502541172,85.1588371693911
15.1115079365079,1.77871659868029,1.26354846832958,5.88863766373976,85.1604119754909
15.1116071428571,1.77889641524637,1.26375689809135,5.88582164952262,85.1619866170168
15.1117063492064,1.77907567926767,1.26396531868268,5.8830069821123,85.1635610937451
15.1118055555556,1.7792543916841,1.26417372984595,5.88019366086115,85.1651354054521
15.1119047619048,1.77943255343495,1.26438213132373,5.87738168512154,85.1667095519147
15.112003968254,1.77961016545891,1.26459052285876,5.87457105424647,85.1682835329095
15.1121031746032,1.77978722869406,1.26479890419399,5.87176176758891,85.1698573482136
15.1122023809524,1.77996374407788,1.26500727507252,5.86895382450246,85.171430997604
15.1123015873016,1.78013971254723,1.26521563523769,5.86614722434069,85.1730044808583
15.1124007936508,1.78031513503837,1.26542398443298,5.86334196645777,85.1745777977539
15.1125,1.78049001248697,1.26563232240211,5.86053805020788,85.1761509480685
15.1125992063492,1.78066434582806,1.26584064888892,5.85773547494578,85.1777239315799
15.1126984126984,1.78083813599608,1.2660489636375,5.85493424002623,85.1792967480662
15.1127976190476,1.78101138392488,1.2662572663921,5.8521343448046,85.1808693973056
15.1128968253968,1.78118409054768,1.26646555689716,5.84933578863624,85.1824418790766
15.112996031746,1.78135625679709,1.2666738348973,5.84653857087711,85.1840141931577
15.1130952380952,1.78152788360514,1.26688210013735,5.84374269088315,85.1855863393276
15.1131944444444,1.78169897190322,1.26709035236231,5.84094814801084,85.1871583173653
15.1132936507937,1.78186952262214,1.26729859131737,5.83815494161694,85.1887301270498
15.1133928571429,1.7820395366921,1.26750681674792,5.8353630710583,85.1903017681605
15.1134920634921,1.78220901504267,1.26771502839953,5.83257253569234,85.1918732404767
15.1135912698413,1.78237795860284,1.26792322601794,5.82978333487651,85.1934445437782
15.1136904761905,1.78254636830098,1.26813140934911,5.82699546796883,85.1950156778446
15.1137896825397,1.78271424506486,1.26833957813918,5.82420893432732,85.1965866424561
15.1138888888889,1.78288158982163,1.26854773213445,5.82142373331061,85.1981574373927
15.1139880952381,1.78304840349786,1.26875587108145,5.81863986427731,85.1997280624348
15.1140873015873,1.78321468701947,1.26896399472686,5.81585732658664,85.2012985173628
15.1141865079365,1.78338044131183,1.26917210281758,5.81307611959781,85.2028688019576
15.1142857142857,1.78354566729965,1.26938019510067,5.81029624267063,85.2044389159998
15.1143849206349,1.78371036590706,1.2695882713234,5.80751769516491,85.2060088592706
15.1144841269841,1.78387453805758,1.26979633123322,5.80474047644103,85.2075786315511
15.1145833333333,1.78403818467413,1.27000437457776,5.80196458585941,85.2091482326227
15.1146825396825,1.784201306679,1.27021240110485,5.79919002278095,85.2107176622671
15.1147817460317,1.7843639049939,1.27042041056249,5.79641678656688,85.2122869202658
15.114880952381,1.78452598053992,1.27062840269891,5.79364487657847,85.2138560064009
15.1149801587302,1.78468753423754,1.27083637726247,5.79087429217762,85.2154249204544
15.1150793650794,1.78484856700665,1.27104433400176,5.78810503272621,85.2169936622086
15.1151785714286,1.7850090797665,1.27125227266554,5.7853370975867,85.2185622314459
15.1152777777778,1.78516907343577,1.27146019300277,5.78257048612157,85.2201306279489
15.115376984127,1.78532854893252,1.27166809476259,5.7798051976939,85.2216988515004
15.1154761904762,1.7854875071742,1.27187597769432,5.77704123166674,85.2232669018835
15.1155753968254,1.78564594907764,1.27208384154748,5.77427858740375,85.2248347788811
15.1156746031746,1.78580387555909,1.27229168607179,5.7715172642686,85.2264024822766
15.1157738095238,1.78596128753418,1.27249951101712,5.76875726162555,85.2279700118536
15.115873015873,1.78611818591794,1.27270731613356,5.76599857883883,85.2295373673956
15.1159722222222,1.78627457162477,1.27291510117138,5.76324121527331,85.2311045486866
15.1160714285714,1.7864304455685,1.27312286588104,5.76048517029382,85.2326715555105
15.1161706349206,1.78658580866232,1.27333061001318,5.75773044326574,85.2342383876516
15.1162698412698,1.78674066181883,1.27353833331863,5.75497703355472,85.2358050448941
15.116369047619,1.78689500595003,1.27374603554842,5.75222494052649,85.2373715270227
15.1164682539683,1.78704884196728,1.27395371645374,5.74947416354739,85.2389378338221
15.1165674603175,1.78720217078138,1.27416137578601,5.74672470198375,85.2405039650771
15.1166666666667,1.78735499330249,1.2743690132968,5.74397655520249,85.2420699205728
15.1167658730159,1.78750731044018,1.27457662873789,5.74122972257052,85.2436357000946
15.1168650793651,1.78765912310339,1.27478422186123,5.73848420345537,85.2452013034277
15.1169642857143,1.78781043220049,1.27499179241898,5.73573999722455,85.2467667303578
15.1170634920635,1.7879612386392,1.27519934016347,5.73299710324616,85.2483319806707
15.1171626984127,1.78811154332668,1.27540686484723,5.73025552088832,85.2498970541523
15.1172619047619,1.78826134716945,1.27561436622296,5.72751524951972,85.2514619505887
15.1173611111111,1.78841065107342,1.27582184404358,5.72477628850906,85.2530266697663
15.1174603174603,1.78855945594392,1.27602929806216,5.72203863722565,85.2545912114715
15.1175595238095,1.78870776268566,1.27623672803198,5.71930229503876,85.256155575491
15.1176587301587,1.78885557220274,1.27644413370652,5.71656726131822,85.2577197616116
15.1177579365079,1.78900288539864,1.27665151483941,5.71383353543414,85.2592837696202
15.1178571428571,1.78914970317627,1.2768588711845,5.71110111675669,85.2608475993042
15.1179563492063,1.7892960264379,1.27706620249582,5.70837000465665,85.2624112504508
15.1180555555556,1.78944185608521,1.27727350852759,5.7056401985048,85.2639747228475
15.1181547619048,1.78958719301927,1.27748078903421,5.70291169767251,85.2655380162821
15.118253968254,1.78973203814053,1.27768804377027,5.70018450153115,85.2671011305425
15.1183531746032,1.78987639234885,1.27789527249054,5.69745860945268,85.2686640654166
15.1184523809524,1.79002025654349,1.27810247495001,5.69473402080905,85.2702268206929
15.1185515873016,1.79016363162308,1.27830965090382,5.69201073497284,85.2717893961595
15.1186507936508,1.79030651848566,1.27851680010733,5.68928875131658,85.2733517916052
15.11875,1.79044891802864,1.27872392231605,5.68656806921343,85.2749140068186
15.1188492063492,1.79059083114887,1.27893101728572,5.68384868803654,85.2764760415888
15.1189484126984,1.79073225874254,1.27913808477224,5.68113060715965,85.2780378957048
15.1190476190476,1.79087320170527,1.2793451245317,5.67841382595649,85.2795995689559
15.1191468253968,1.79101366093206,1.2795521363204,5.67569834380134,85.2811610611316
15.119246031746,1.79115363731729,1.27975911989479,5.67298416006874,85.2827223720215
15.1193452380952,1.79129313175477,1.27996607501155,5.67027127413332,85.2842835014155
15.1194444444444,1.79143214513766,1.28017300142751,5.66755968537032,85.2858444491035
15.1195436507937,1.79157067835854,1.28037989889972,5.66484939315494,85.2874052148756
15.1196428571429,1.79170873230938,1.2805867671854,5.66214039686302,85.2889657985223
15.1197420634921,1.79184630788154,1.28079360604197,5.65943269587036,85.290526199834
15.1198412698413,1.79198340596577,1.28100041522701,5.65672628955338,85.2920864186014
15.1199404761905,1.79212002745222,1.28120719449832,5.65402117728848,85.2936464546155
15.1200396825397,1.79225617323043,1.28141394361387,5.65131735845266,85.2952063076671
15.1201388888889,1.79239184418933,1.28162066233184,5.64861483242294,85.2967659775477
15.1202380952381,1.79252704121724,1.28182735041056,5.6459135985769,85.2983254640484
15.1203373015873,1.79266176520189,1.28203400760859,5.64321365629214,85.299884766961
15.1204365079365,1.79279601703038,1.28224063368464,5.64051500494684,85.3014438860772
15.1205357142857,1.79292979758924,1.28244722839763,5.63781764391921,85.3030028211888
15.1206349206349,1.79306310776434,1.28265379150667,5.63512157258794,85.3045615720881
15.1207341269841,1.79319594844099,1.28286032277105,5.63242679033203,85.3061201385671
15.1208333333333,1.79332832050387,1.28306682195025,5.62973329653057,85.3076785204185
15.1209325396825,1.79346022483706,1.28327328880393,5.62704109056323,85.3092367174348
15.1210317460317,1.79359166232404,1.28347972309195,5.62435017180967,85.3107947294088
15.121130952381,1.79372263384765,1.28368612457436,5.62166053965016,85.3123525561335
15.1212301587302,1.79385314029018,1.28389249301138,5.61897219346497,85.3139101974021
15.1213293650794,1.79398318253326,1.28409882816343,5.61628513263495,85.3154676530078
15.1214285714286,1.79411276145794,1.28430512979114,5.61359935654096,85.3170249227442
15.1215277777778,1.79424187794467,1.28451139765527,5.61091486456445,85.318582006405
15.121626984127,1.79437053287326,1.28471763151683,5.60823165608686,85.3201389037839
15.1217261904762,1.79449872712295,1.28492383113698,5.60554973049024,85.3216956146751
15.1218253968254,1.79462646157235,1.28512999627709,5.60286908715664,85.3232521388727
15.1219246031746,1.79475373709948,1.28533612669869,5.60018972546869,85.3248084761711
15.1220238095238,1.79488055458174,1.28554222216353,5.59751164480902,85.326364626365
15.122123015873,1.79500691489592,1.28574828243353,5.59483484456079,85.3279205892489
15.1222222222222,1.79513281891822,1.28595430727079,5.59215932410745,85.3294763646178
15.1223214285714,1.79525826752422,1.28616029643763,5.58948508283252,85.3310319522668
15.1224206349206,1.7953832615889,1.28636624969652,5.58681212012013,85.3325873519912
15.1225198412698,1.79550780198662,1.28657216681014,5.5841404353544,85.3341425635863
15.122619047619,1.79563188959116,1.28677804754135,5.58147002792002,85.3356975868478
15.1227182539683,1.79575552527567,1.28698389165322,5.57880089720172,85.3372524215715
15.1228174603175,1.79587870991269,1.28718969890896,5.5761330425848,85.3388070675533
15.1229166666667,1.79600144437418,1.28739546907201,5.57346646345456,85.3403615245894
15.1230158730159,1.79612372953147,1.28760120190599,5.5708011591969,85.3419157924761
15.1231150793651,1.79624556625529,1.28780689717471,5.56813712919772,85.3434698710099
15.1232142857143,1.79636695541575,1.28801255464214,5.56547437284351,85.3450237599873
15.1233134920635,1.79648789788239,1.28821817407247,5.56281288952075,85.3465774592054
15.1234126984127,1.7966083945241,1.28842375523006,5.56015267861654,85.348130968461
15.1235119047619,1.79672844620919,1.28862929787949,5.55749373951795,85.3496842875514
15.1236111111111,1.79684805380536,1.28883480178547,5.55483607161258,85.351237416274
15.1237103174603,1.79696721817969,1.28904026671295,5.55217967428834,85.3527903544262
15.1238095238095,1.79708594019868,1.28924569242704,5.5495245469332,85.3543431018058
15.1239087301587,1.79720422072818,1.28945107869305,5.54687068893571,85.3558956582107
15.1240079365079,1.79732206063347,1.28965642527648,5.54421809968446,85.357448023439
15.1241071428571,1.79743946077922,1.28986173194301,5.54156677856859,85.3590001972889
15.1242063492064,1.79755642202948,1.29006699845851,5.53891672497727,85.3605521795588
15.1243055555556,1.7976729452477,1.29027222458903,5.53626793830024,85.3621039700473
15.1244047619048,1.79778903129671,1.29047741010083,5.53362041792727,85.3636555685532
15.124503968254,1.79790468103876,1.29068255476034,5.53097416324868,85.3652069748754
15.1246031746032,1.79801989533548,1.29088765833418,5.52832917365484,85.3667581888131
15.1247023809524,1.79813467504787,1.29109272058916,5.52568544853666,85.3683092101655
15.1248015873016,1.79824902103637,1.29129774129229,5.5230429872851,85.3698600387322
15.1249007936508,1.79836293416077,1.29150272021074,5.52040178929169,85.3714106743127
15.125,1.79847641528028,1.2917076571119,5.51776185394795,85.3729611167069
15.1250992063492,1.7985894652535,1.29191255176332,5.51512318064593,85.3745113657149
15.1251984126984,1.7987020849384,1.29211740393276,5.51248576877797,85.3760614211366
15.1252976190476,1.79881427519237,1.29232221338815,5.50984961773651,85.3776112827727
15.1253968253968,1.79892603687219,1.29252697989762,5.50721472691455,85.3791609504234
15.125496031746,1.79903737083402,1.29273170322949,5.50458109570511,85.3807104238897
15.1255952380952,1.79914827793342,1.29293638315225,5.50194872350178,85.3822597029722
15.1256944444444,1.79925875902535,1.29314101943461,5.49931760969818,85.3838087874722
15.1257936507936,1.79936881496415,1.29334561184543,5.49668775368851,85.3853576771907
15.1258928571429,1.79947844660357,1.29355016015378,5.49405915486696,85.3869063719293
15.1259920634921,1.79958765479673,1.29375466412892,5.49143181262833,85.3884548714895
15.1260912698413,1.79969644039617,1.29395912354029,5.48880572636741,85.390003175673
15.1261904761905,1.7998048042538,1.29416353815752,5.48618089547958,85.3915512842818
15.1262896825397,1.79991274722093,1.29436790775043,5.48355731936023,85.3930991971181
15.1263888888889,1.80002027014828,1.29457223208902,5.48093499740533,85.394646913984
15.1264880952381,1.80012737388594,1.2947765109435,5.47831392901087,85.396194434682
15.1265873015873,1.80023405928341,1.29498074408423,5.47569411357334,85.3977417590149
15.1266865079365,1.80034032718957,1.29518493128179,5.47307555048953,85.3992888867852
15.1267857142857,1.8004461784527,1.29538907230695,5.47045823915632,85.4008358177962
15.1268849206349,1.80055161392047,1.29559316693064,5.46784217897116,85.4023825518509
15.1269841269841,1.80065663443995,1.295797214924,5.46522736933151,85.4039290887527
15.1270833333333,1.8007612408576,1.29600121605835,5.46261380963542,85.4054754283051
15.1271825396825,1.80086543401927,1.2962051701052,5.46000149928096,85.4070215703117
15.1272817460317,1.8009692147702,1.29640907683625,5.45739043766675,85.4085675145764
15.127380952381,1.80107258395504,1.29661293602339,5.45478062419146,85.4101132609034
15.1274801587302,1.80117554241781,1.29681674743869,5.45217205825432,85.4116588090967
15.1275793650794,1.80127809100195,1.29702051085441,5.44956473925458,85.4132041589608
15.1276785714286,1.80138023055026,1.297224226043,5.44695866659205,85.4147493103003
15.1277777777778,1.80148196190497,1.29742789277711,5.44435383966658,85.4162942629198
15.127876984127,1.80158328590767,1.29763151082954,5.44175025787859,85.4178390166243
15.1279761904762,1.80168420339936,1.29783507997334,5.4391479206285,85.419383571219
15.1280753968254,1.80178471522044,1.29803859998168,5.43654682731727,85.420927926509
15.1281746031746,1.80188482221069,1.29824207062796,5.43394697734612,85.4224720822998
15.1282738095238,1.80198452520929,1.29844549168576,5.43134837011638,85.4240160383971
15.128373015873,1.8020838250548,1.29864886292884,5.42875100502995,85.4255597946066
15.1284722222222,1.8021827225852,1.29885218413117,5.42615488148874,85.4271033507343
15.1285714285714,1.80228121863784,1.29905545506687,5.42355999889526,85.4286467065864
15.1286706349206,1.80237931404947,1.29925867551029,5.42096635665199,85.4301898619691
15.1287698412698,1.80247700965623,1.29946184523593,5.41837395416204,85.431732816689
15.128869047619,1.80257430629366,1.29966496401851,5.4157827908285,85.4332755705528
15.1289682539683,1.80267120479669,1.29986803163291,5.41319286605505,85.4348181233672
15.1290674603175,1.80276770599965,1.30007104785423,5.4106041792454,85.4363604749394
15.1291666666667,1.80286381073626,1.30027401245772,5.40801672980379,85.4379026250764
15.1292658730159,1.80295951983961,1.30047692521885,5.40543051713454,85.4394445735858
15.1293650793651,1.80305483414222,1.30067978591326,5.40284554064249,85.4409863202751
15.1294642857143,1.80314975447598,1.30088259431679,5.40026179973254,85.4425278649519
15.1295634920635,1.80324428167219,1.30108535020545,5.39767929381007,85.4440692074242
15.1296626984127,1.80333841656151,1.30128805335546,5.39509802228076,85.4456103475001
15.1297619047619,1.80343215997404,1.30149070354322,5.39251798455038,85.4471512849878
15.1298611111111,1.80352551181914,1.30169330096871,5.38993917972389,85.4486920201354
15.1299603174603,1.80361847113501,1.30189584621702,5.38736160670657,85.4502325535876
15.1300595238095,1.80371103832932,1.3020983392314,5.38478526491568,85.4517728853199
15.1301587301587,1.80380321383416,1.30230077994373,5.38221015377694,85.4533130152963
15.1302579365079,1.80389499808152,1.3025031682859,5.37963627271659,85.4548529434802
15.1303571428571,1.80398639150328,1.30270550418978,5.37706362116076,85.4563926698357
15.1304563492063,1.80407739453126,1.30290778758726,5.37449219853612,85.4579321943263
15.1305555555556,1.80416800759718,1.30311001841021,5.37192200426923,85.4594715169159
15.1306547619048,1.80425823113265,1.30331219659049,5.36935303778716,85.461010637568
15.130753968254,1.80434806556922,1.30351432205999,5.36678529851691,85.4625495562465
15.1308531746032,1.80443751133832,1.30371639475055,5.36421878588597,85.464088272915
15.1309523809524,1.80452656887132,1.30391841459406,5.36165349932176,85.4656267875371
15.1310515873016,1.80461523859947,1.30412038152237,5.35908943825213,85.4671651000766
15.1311507936508,1.80470352095394,1.30432229546733,5.35652660210513,85.468703210497
15.13125,1.80479141636582,1.30452415636081,5.35396499030882,85.4702411187621
15.1313492063492,1.80487892526608,1.30472596413465,5.35140460229174,85.4717788248354
15.1314484126984,1.80496604808565,1.30492771872071,5.34884543748238,85.4733163286806
15.1315476190476,1.80505278525531,1.30512942005083,5.3462874953097,85.4748536302611
15.1316468253968,1.80513913720579,1.30533106805687,5.3437307752026,85.4763907295408
15.131746031746,1.80522510436771,1.30553266267065,5.34117527659049,85.477927626483
15.1318452380952,1.80531068717161,1.30573420382402,5.33862099890267,85.4794643210514
15.1319444444444,1.80539588604793,1.30593569144882,5.33606794156898,85.4810008132095
15.1320436507937,1.80548070142704,1.30613712547689,5.33351610401916,85.4825371029209
15.1321428571429,1.80556513373918,1.30633850584005,5.33096548568344,85.4840731901491
15.1322420634921,1.80564918341454,1.30653983247013,5.32841608599199,85.4856090748576
15.1323412698413,1.80573285088319,1.30674110529896,5.32586790437549,85.4871447570098
15.1324404761905,1.80581613657513,1.30694232425837,5.32332094026452,85.4886802365693
15.1325396825397,1.80589904092025,1.30714348928017,5.3207751930901,85.4902155134996
15.1326388888889,1.80598156434837,1.30734460029618,5.31823066228344,85.4917505877641
15.1327380952381,1.8060637072892,1.30754565723822,5.31568734727579,85.4932854593263
15.1328373015873,1.80614547017237,1.3077466600381,5.31314524749886,85.4948201281496
15.1329365079365,1.80622685342742,1.30794760862764,5.3106043623843,85.4963545941974
15.1330357142857,1.80630785748379,1.30814850293863,5.30806469136425,85.4978888574331
15.1331349206349,1.80638848277084,1.30834934290289,5.30552623387079,85.4994229178203
15.1332341269841,1.80646872971783,1.30855012845221,5.30298898933647,85.5009567753221
15.1333333333333,1.80654859875394,1.30875085951841,5.3004529571938,85.502490429902
15.1334325396825,1.80662809030824,1.30895153603326,5.29791813687577,85.5040238815234
15.1335317460317,1.80670720480974,1.30915215792857,5.29538452781528,85.5055571301497
15.133630952381,1.80678594268732,1.30935272513613,5.29285212944576,85.5070901757441
15.1337301587302,1.80686430436981,1.30955323758774,5.29032094120055,85.50862301827
15.1338293650794,1.80694229028591,1.30975369521516,5.28779096251347,85.5101556576907
15.1339285714286,1.80701990086427,1.3099540979502,5.2852621928183,85.5116880939695
15.1340277777778,1.80709713653341,1.31015444572462,5.28273463154921,85.5132203270698
15.134126984127,1.80717399772178,1.31035473847021,5.28020827814062,85.5147523569546
15.1342261904762,1.80725048485775,1.31055497611875,5.2776831320269,85.5162841835875
15.1343253968254,1.80732659836957,1.31075515860201,5.27515919264297,85.5178158069315
15.1344246031746,1.80740233868541,1.31095528585175,5.27263645942363,85.5193472269499
15.1345238095238,1.80747770623337,1.31115535779975,5.2701149318042,85.520878443606
15.134623015873,1.80755270144144,1.31135537437777,5.26759460921993,85.522409456863
15.1347222222222,1.80762732473751,1.31155533551756,5.26507549110655,85.5239402666841
15.1348214285714,1.80770157654941,1.31175524115091,5.26255757689973,85.5254708730324
15.1349206349206,1.80777545730484,1.31195509120955,5.26004086603563,85.5270012758712
15.1350198412698,1.80784896743144,1.31215488562525,5.25752535795034,85.5285314751636
15.135119047619,1.80792210735675,1.31235462432975,5.25501105208044,85.5300614708728
15.1352182539683,1.80799487750822,1.31255430725481,5.25249794786244,85.5315912629619
15.1353174603175,1.8080672783132,1.31275393433217,5.24998604473336,85.5331208513939
15.1354166666667,1.80813931019896,1.31295350549357,5.24747534213012,85.5346502361322
15.1355158730159,1.80821097359267,1.31315302067077,5.24496583949008,85.5361794171398
15.1356150793651,1.80828226892143,1.31335247979548,5.24245753625081,85.5377083943796
15.1357142857143,1.80835319661221,1.31355188279946,5.23995043184989,85.539237167815
15.1358134920635,1.80842375709194,1.31375122961442,5.23744452572536,85.5407657374087
15.1359126984127,1.80849395078741,1.31395052017212,5.23493981731524,85.5422941031241
15.1360119047619,1.80856377812536,1.31414975440426,5.232436306058,85.543822264924
15.1361111111111,1.8086332395324,1.31434893224258,5.22993399139206,85.5453502227716
15.1362103174603,1.80870233543509,1.3145480536188,5.22743287275632,85.5468779766298
15.1363095238095,1.80877106625987,1.31474711846465,5.22493294958963,85.5484055264617
15.1364087301587,1.80883943243309,1.31494612671182,5.22243422133132,85.5499328722302
15.1365079365079,1.80890743438104,1.31514507829205,5.21993668742064,85.5514600138983
15.1366071428571,1.80897507252987,1.31534397313704,5.21744034729735,85.552986951429
15.1367063492063,1.80904234730569,1.3155428111785,5.21494520040114,85.5545136847853
15.1368055555556,1.80910925913447,1.31574159234814,5.21245124617218,85.55604021393
15.1369047619048,1.80917580844214,1.31594031657766,5.20995848405058,85.5575665388262
15.137003968254,1.8092419956545,1.31613898379877,5.20746691347687,85.5590926594367
15.1371031746032,1.80930782119727,1.31633759394315,5.20497653389178,85.5606185757244
15.1372023809524,1.80937328549609,1.31653614694252,5.20248734473607,85.5621442876523
15.1373015873016,1.80943838897649,1.31673464272855,5.19999934545096,85.5636697951832
15.1374007936508,1.80950313206393,1.31693308123295,5.19751253547762,85.56519509828
15.1375,1.80956751518377,1.31713146238739,5.1950269142577,85.5667201969055
15.1375992063492,1.80963153876127,1.31732978612357,5.19254248123279,85.5682450910227
15.1376984126984,1.80969520322162,1.31752805237316,5.19005923584498,85.5697697805942
15.1377976190476,1.80975850898989,1.31772626106786,5.18757717753627,85.571294265583
15.1378968253968,1.80982145649109,1.31792441213932,5.18509630574916,85.5728185459519
15.137996031746,1.80988404615012,1.31812250551923,5.18261661992609,85.5743426216636
15.1380952380952,1.8099462783918,1.31832054113926,5.18013811950998,85.5758664926809
15.1381944444444,1.81000815364084,1.31851851893108,5.17766080394369,85.5773901589666
15.1382936507936,1.81006967232189,1.31871643882636,5.17518467267057,85.5789136204835
15.1383928571429,1.81013083485948,1.31891430075676,5.17270972513389,85.5804368771943
15.1384920634921,1.81019164167807,1.31911210465394,5.17023596077735,85.5819599290617
15.1385912698413,1.81025209320201,1.31930985044955,5.16776337904487,85.5834827760484
15.1386904761905,1.81031218985558,1.31950753807526,5.16529197938036,85.5850054181173
15.1387896825397,1.81037193206295,1.31970516746272,5.16282176122823,85.5865278552309
15.1388888888889,1.81043132024822,1.31990273854358,5.16035272403281,85.5880500873519
15.1389880952381,1.81049035483537,1.32010025124948,5.15788486723892,85.5895721144431
15.1390873015873,1.81054903624832,1.32029770551208,5.15541819029134,85.591093936467
15.1391865079365,1.81060736491088,1.320495101263,5.1529526926353,85.5926155533864
15.1392857142857,1.81066534124678,1.32069243843391,5.15048837371599,85.5941369651638
15.1393849206349,1.81072296567965,1.32088971695642,5.14802523297909,85.5956581717619
15.1394841269841,1.81078023863303,1.32108693676218,5.14556326987019,85.5971791731433
15.1395833333333,1.81083716053038,1.32128409778282,5.1431024838354,85.5986999692705
15.1396825396825,1.81089373179505,1.32148119994997,5.14064287432074,85.6002205601063
15.1397817460317,1.81094995285032,1.32167824319524,5.13818444077273,85.601740945613
15.139880952381,1.81100582411937,1.32187522745028,5.13572718263783,85.6032611257534
15.1399801587302,1.81106134602529,1.3220721526467,5.1332710993629,85.60478110049
15.1400793650794,1.81111651899107,1.32226901871611,5.13081619039502,85.6063008697852
15.1401785714286,1.81117134343963,1.32246582559013,5.12836245518128,85.6078204336016
15.1402777777778,1.81122581979377,1.32266257320038,5.12590989316926,85.6093397919018
15.140376984127,1.81127994847623,1.32285926147847,5.12345850380647,85.6108589446482
15.1404761904762,1.81133372990964,1.323055890356,5.1210082865409,85.6123778918032
15.1405753968254,1.81138716451654,1.32325245976459,5.11855924082049,85.6138966333295
15.1406746031746,1.8114402527194,1.32344896963582,5.11611136609365,85.6154151691894
15.1407738095238,1.81149299494056,1.32364541990131,5.11366466180875,85.6169334993454
15.140873015873,1.8115453916023,1.32384181049264,5.11121912741461,85.6184516237599
15.1409722222222,1.81159744312681,1.32403814134143,5.10877476236003,85.6199695423954
15.1410714285714,1.81164914993617,1.32423441237924,5.10633156609427,85.6214872552142
15.1411706349206,1.81170051245239,1.32443062353769,5.10388953806653,85.6230047621788
15.1412698412698,1.81175153109737,1.32462677474834,5.10144867772649,85.6245220632516
15.141369047619,1.81180220629292,1.32482286594279,5.09900898452378,85.6260391583948
15.1414682539683,1.81185253846079,1.32501889705262,5.09657045790845,85.627556047571
15.1415674603175,1.81190252802259,1.3252148680094,5.09413309733074,85.6290727307424
15.1416666666667,1.81195217539988,1.32541077874472,5.09169690224092,85.6305892078714
15.1417658730159,1.81200148101412,1.32560662919014,5.08926187208973,85.6321054789202
15.1418650793651,1.81205044528666,1.32580241927723,5.08682800632785,85.6336215438513
15.1419642857143,1.81209906863878,1.32599814893757,5.08439530440645,85.6351374026269
15.1420634920635,1.81214735149166,1.32619381810272,5.08196376577664,85.6366530552093
15.1421626984127,1.81219529426639,1.32638942670424,5.07953338989,85.6381685015607
15.1422619047619,1.81224289738397,1.32658497467369,5.07710417619807,85.6396837416436
15.1423611111111,1.81229016126532,1.32678046194263,5.07467612415284,85.64119877542
15.1424603174603,1.81233708633125,1.32697588844261,5.07224923320629,85.6427136028522
15.1425595238095,1.81238367300248,1.32717125410518,5.06982350281084,85.6442282239025
15.1426587301587,1.81242992169967,1.32736655886191,5.06739893241887,85.6457426385331
15.1427579365079,1.81247583284334,1.32756180264432,5.06497552148323,85.6472568467061
15.1428571428571,1.81252140685397,1.32775698538397,5.06255326945672,85.6487708483838
15.1429563492064,1.81256664415191,1.3279521070124,5.06013217579256,85.6502846435284
15.1430555555556,1.81261154515743,1.32814716746113,5.05771223994416,85.6517982321019
15.1431547619048,1.81265611029073,1.32834216666173,5.05529346136497,85.6533116140666
15.143253968254,1.81270033997188,1.3285371045457,5.05287583950889,85.6548247893846
15.1433531746032,1.81274423462091,1.32873198104459,5.05045937382978,85.656337758018
15.1434523809524,1.8127877946577,1.32892679608992,5.04804406378198,85.6578505199289
15.1435515873016,1.8128310205021,1.32912154961322,5.04562990881976,85.6593630750796
15.1436507936508,1.81287391257381,1.32931624154601,5.04321690839789,85.6608754234319
15.14375,1.81291647129249,1.32951087181982,5.04080506197107,85.662387564948
15.1438492063492,1.81295869707768,1.32970544036614,5.03839436899448,85.66389949959
15.1439484126984,1.81300059034883,1.32989994711652,5.03598482892323,85.66541122732
15.1440476190476,1.81304215152532,1.33009439200244,5.03357644121295,85.6669227480999
15.1441468253968,1.81308338102641,1.33028877495544,5.03116920531918,85.6684340618918
15.144246031746,1.8131242792713,1.330483095907,5.02876312069793,85.6699451686577
15.1443452380952,1.81316484667907,1.33067735478864,5.0263581868052,85.6714560683597
15.1444444444444,1.81320508366873,1.33087155153185,5.02395440309735,85.6729667609597
15.1445436507937,1.81324499065918,1.33106568606814,5.02155176903098,85.6744772464196
15.1446428571429,1.81328456806926,1.331259758329,5.0191502840627,85.6759875247016
15.1447420634921,1.81332381631769,1.33145376824592,5.01674994764959,85.6774975957673
15.1448412698413,1.81336273582311,1.3316477157504,5.01435075924868,85.6790074595791
15.1449404761905,1.81340132700407,1.33184160077392,5.01195271831747,85.6805171160985
15.1450396825397,1.81343959027903,1.33203542324797,5.00955582431343,85.6820265652877
15.1451388888889,1.81347752606634,1.33222918310403,5.00716007669447,85.6835358071084
15.1452380952381,1.8135151347843,1.33242288027358,5.00476547491848,85.6850448415227
15.1453373015873,1.81355241685108,1.3326165146881,5.00237201844379,85.6865536684923
15.1454365079365,1.81358937268479,1.33281008627906,4.99997970672872,85.6880622879792
15.1455357142857,1.81362600270341,1.33300359497794,4.99758853923204,85.6895706999452
15.1456349206349,1.81366230732487,1.3331970407162,4.99519851541246,85.6910789043521
15.1457341269841,1.81369828696699,1.33339042342531,4.99280963472919,85.6925869011618
15.1458333333333,1.8137339420475,1.33358374303674,4.99042189664137,85.6940946903362
15.1459325396825,1.81376927298404,1.33377699948195,4.98803530060854,85.6956022718369
15.1460317460317,1.81380428019416,1.33397019269238,4.98564984609049,85.6971096456258
15.146130952381,1.81383896409532,1.33416332259952,4.98326553254698,85.6986168116647
15.1462301587302,1.81387332510488,1.33435638913479,4.98088235943827,85.7001237699153
15.1463293650794,1.81390736364013,1.33454939222966,4.97850032622456,85.7016305203394
15.1464285714286,1.81394108011825,1.33474233181557,4.97611943236652,85.7031370628988
15.1465277777778,1.81397447495633,1.33493520782398,4.97373967732479,85.7046433975551
15.146626984127,1.81400754857138,1.33512802018631,4.97136106056046,85.7061495242702
15.1467261904762,1.81404030138032,1.33532076883402,4.96898358153458,85.7076554430056
15.1468253968254,1.81407273379997,1.33551345369853,4.96660723970867,85.7091611537232
15.1469246031746,1.81410484624706,1.33570607471129,4.9642320345442,85.7106666563845
15.1470238095238,1.81413663913823,1.33589863180372,4.96185796550312,85.7121719509513
15.147123015873,1.81416811289003,1.33609112490726,4.95948503204732,85.7136770373852
15.1472222222222,1.81419926791892,1.33628355395333,4.95711323363916,85.7151819156478
15.1473214285714,1.81423010464128,1.33647591887336,4.95474256974097,85.7166865857009
15.1474206349206,1.81426062347337,1.33666821959877,4.95237303981546,85.7181910475059
15.1475198412698,1.81429082483139,1.33686045606097,4.95000464332558,85.7196953010246
15.147619047619,1.81432070913144,1.33705262819138,4.94763737973427,85.7211993462185
15.1477182539683,1.81435027678952,1.33724473592142,4.94527124850496,85.7227031830491
15.1478174603175,1.81437952822154,1.33743677918249,4.94290624910102,85.7242068114782
15.1479166666667,1.81440846384333,1.33762875790601,4.94054238098631,85.7257102314671
15.1480158730159,1.81443708407062,1.33782067202338,4.93817964362461,85.7272134429776
15.1481150793651,1.81446538931906,1.338012521466,4.9358180364802,85.728716445971
15.1482142857143,1.8144933800042,1.33820430616528,4.93345755901729,85.730219240409
15.1483134920635,1.81452105654149,1.3383960260526,4.93109821070058,85.731721826253
15.1484126984127,1.81454841934631,1.33858768105937,4.92873999099472,85.7332242034646
15.1485119047619,1.81457546883394,1.33877927111698,4.92638289936481,85.7347263720052
15.1486111111111,1.81460220541957,1.33897079615681,4.92402693527593,85.7362283318363
15.1487103174603,1.81462862951829,1.33916225611026,4.9216720981936,85.7377300829193
15.1488095238095,1.81465474154512,1.33935365090871,4.91931838758333,85.7392316252157
15.1489087301587,1.81468054191496,1.33954498048353,4.916965802911,85.740732958687
15.1490079365079,1.81470603104264,1.33973624476611,4.91461434364272,85.7422340832945
15.1491071428571,1.8147312093429,1.33992744368783,4.91226400924462,85.7437349989997
15.1492063492063,1.81475607723038,1.34011857718005,4.90991479918329,85.7452357057639
15.1493055555556,1.81478063511964,1.34030964517415,4.90756671292527,85.7467362035486
15.1494047619048,1.81480488342513,1.34050064760149,4.90521974993759,85.7482364923152
15.149503968254,1.81482882256123,1.34069158439346,4.90287390968721,85.7497365720249
15.1496031746032,1.81485245294221,1.34088245548139,4.90052919164158,85.7512364426391
15.1497023809524,1.81487577498228,1.34107326079666,4.89818559526808,85.7527361041193
15.1498015873016,1.81489878909552,1.34126400027061,4.89584312003458,85.7542355564266
15.1499007936508,1.81492149569594,1.34145467383462,4.8935017654089,85.7557347995224
15.15,1.81494389519747,1.34164528142002,4.89116153085931,85.7572338333681
15.1500992063492,1.81496598801393,1.34183582295818,4.88882241585406,85.7587326579248
15.1501984126984,1.81498777455905,1.34202629838043,4.88648441986186,85.7602312731539
15.1502976190476,1.81500925524647,1.34221670761812,4.88414754235137,85.7617296790167
15.1503968253968,1.81503043048976,1.34240705060259,4.88181178279165,85.7632278754743
15.150496031746,1.81505130070238,1.34259732726518,4.87947714065198,85.764725862488
15.1505952380952,1.81507186629769,1.34278753753723,4.87714361540166,85.7662236400191
15.1506944444444,1.81509212768899,1.34297768135006,4.87481120651046,85.7677212080287
15.1507936507937,1.81511208528945,1.34316775863502,4.87247991344808,85.7692185664781
15.1508928571429,1.81513173951219,1.34335776932342,4.87014973568473,85.7707157153284
15.1509920634921,1.8151510907702,1.3435477133466,4.86782067269053,85.7722126545409
15.1510912698413,1.81517013947642,1.34373759063587,4.86549272393611,85.7737093840766
15.1511904761905,1.81518888604365,1.34392740112257,4.86316588889203,85.7752059038968
15.1512896825397,1.81520733088466,1.34411714473799,4.86084016702931,85.7767022139626
15.1513888888889,1.81522547441206,1.34430682141347,4.85851555781896,85.778198314235
15.1514880952381,1.81524331703844,1.3444964310803,4.85619206073241,85.7796942046753
15.1515873015873,1.81526085917624,1.34468597366982,4.8538696752411,85.7811898852444
15.1516865079365,1.81527810123784,1.3448754491133,4.85154840081688,85.7826853559036
15.1517857142857,1.81529504363552,1.34506485734207,4.8492282369316,85.7841806166139
15.1518849206349,1.81531168678148,1.34525419828743,4.8469091830575,85.7856756673363
15.1519841269841,1.81532803108782,1.34544347188066,4.84459123866702,85.7871705080319
15.1520833333333,1.81534407696654,1.34563267805307,4.84227440323263,85.7886651386617
15.1521825396825,1.81535982482957,1.34582181673596,4.83995867622727,85.7901595591868
15.1522817460317,1.81537527508873,1.34601088786061,4.83764405712383,85.7916537695682
15.152380952381,1.81539042815577,1.34619989135831,4.83533054539567,85.7931477697668
15.1524801587302,1.81540528444233,1.34638882716035,4.83301814051609,85.7946415597438
15.1525793650794,1.81541984435996,1.346577695198,4.83070684195889,85.7961351394599
15.1526785714286,1.81543410832013,1.34676649540256,4.8283966491978,85.7976285088763
15.1527777777778,1.81544807673422,1.3469552277053,4.82608756170702,85.7991216679539
15.152876984127,1.81546175001351,1.34714389203749,4.82377957896071,85.8006146166535
15.1529761904762,1.81547512856919,1.3473324883304,4.8214727004335,85.8021073549362
15.1530753968254,1.81548821281237,1.34752101651531,4.81916692559998,85.8035998827629
15.1531746031746,1.81550100315405,1.34770947652347,4.81686225393519,85.8050922000944
15.1532738095238,1.81551350000516,1.34789786828617,4.81455868491413,85.8065843068917
15.153373015873,1.81552570377652,1.34808619173465,4.81225621801222,85.8080762031156
15.1534722222222,1.81553761487888,1.34827444680017,4.80995485270508,85.8095678887269
15.1535714285714,1.81554923372288,1.348462633414,4.80765458846835,85.8110593636867
15.1536706349206,1.81556056071908,1.34865075150738,4.80535542477813,85.8125506279555
15.1537698412698,1.81557159627795,1.34883880101158,4.80305736111048,85.8140416814945
15.153869047619,1.81558234080986,1.34902678185782,4.80076039694194,85.8155325242642
15.1539682539683,1.8155927947251,1.34921469397737,4.798464531749,85.8170231562257
15.1540674603175,1.81560295843386,1.34940253730145,4.79616976500859,85.8185135773395
15.1541666666667,1.81561283234624,1.34959031176133,4.79387609619764,85.8200037875665
15.1542658730159,1.81562241687226,1.34977801728822,4.79158352479352,85.8214937868676
15.1543650793651,1.81563171242184,1.34996565381337,4.78929205027356,85.8229835752034
15.1544642857143,1.81564071940481,1.35015322126801,4.78700167211555,85.8244731525346
15.1545634920635,1.81564943823091,1.35034071958337,4.78471238979726,85.825962518822
15.1546626984127,1.81565786930979,1.35052814869067,4.78242420279689,85.8274516740264
15.1547619047619,1.815666013051,1.35071550852114,4.78013711059264,85.8289406181084
15.1548611111111,1.81567386986402,1.350902799006,4.77785111266308,85.8304293510288
15.1549603174603,1.81568144015821,1.35109002007647,4.775566208487,85.8319178727481
15.1550595238095,1.81568872434288,1.35127717166377,4.77328239754322,85.8334061832272
15.1551587301587,1.8156957228272,1.35146425369911,4.770999679311,85.8348942824265
15.1552579365079,1.8157024360203,1.3516512661137,4.76871805326959,85.8363821703069
15.1553571428571,1.81570886433117,1.35183820883874,4.76643751889869,85.8378698468288
15.1554563492064,1.81571500816875,1.35202508180545,4.76415807567795,85.839357311953
15.1555555555556,1.81572086794186,1.35221188494503,4.7618797230875,85.84084456564
15.1556547619048,1.81572644405924,1.35239861818868,4.75960246060741,85.8423316078504
15.155753968254,1.81573173692955,1.35258528146758,4.75732628771824,85.8438184385448
15.1558531746032,1.81573674696135,1.35277187471296,4.75505120390049,85.8453050576839
15.1559523809524,1.8157414745631,1.35295839785598,4.75277720863512,85.846791465228
15.1560515873016,1.81574592014318,1.35314485082785,4.75050430140307,85.8482776611379
15.1561507936508,1.81575008410988,1.35333123355974,4.74823248168572,85.849763645374
15.15625,1.81575396687139,1.35351754598286,4.74596174896442,85.8512494178968
15.1563492063492,1.81575756883582,1.35370378802836,4.74369210272093,85.8527349786669
15.1564484126984,1.81576089041119,1.35388995962744,4.74142354243721,85.8542203276446
15.1565476190476,1.81576393200542,1.35407606071127,4.73915606759524,85.8557054647907
15.1566468253968,1.81576669402634,1.35426209121102,4.73688967767747,85.8571903900654
15.156746031746,1.81576917688169,1.35444805105787,4.7346243721663,85.8586751034292
15.1568452380952,1.81577138097913,1.35463394018298,4.73236015054462,85.8601596048427
15.1569444444444,1.81577330672621,1.35481975851753,4.73009701229524,85.8616438942662
15.1570436507936,1.81577495453041,1.35500550599266,4.72783495690146,85.8631279716601
15.1571428571429,1.8157763247991,1.35519118253955,4.72557398384654,85.864611836985
15.1572420634921,1.81577741793957,1.35537678808934,4.72331409261419,85.8660954902011
15.1573412698413,1.81577823435903,1.35556232257321,4.72105528268808,85.8675789312688
15.1574404761905,1.81577877446456,1.35574778592228,4.71879755355237,85.8690621601485
15.1575396825397,1.8157790386632,1.35593317806773,4.71654090469114,85.8705451768007
15.1576388888889,1.81577902736187,1.35611849894069,4.71428533558895,85.8720279811855
15.1577380952381,1.8157787409674,1.35630374847231,4.71203084573034,85.8735105732634
15.1578373015873,1.81577817988653,1.35648892659373,4.70977743460022,85.8749929529947
15.1579365079365,1.81577734452591,1.35667403323609,4.70752510168372,85.8764751203397
15.1580357142857,1.81577623529212,1.35685906833053,4.705273846466,85.8779570752587
15.1581349206349,1.81577485259161,1.35704403180817,4.70302366843269,85.8794388177119
15.1582341269841,1.81577319683077,1.35722892360015,4.70077456706935,85.8809203476598
15.1583333333333,1.81577126841589,1.3574137436376,4.69852654186203,85.8824016650623
15.1584325396825,1.81576906775316,1.35759849185165,4.69627959229674,85.88388276988
15.1585317460317,1.8157665952487,1.35778316817342,4.69403371785994,85.885363662073
15.158630952381,1.81576385130852,1.35796777253402,4.69178891803805,85.8868443416015
15.1587301587302,1.81576083633855,1.35815230486458,4.68954519231796,85.8883248084257
15.1588293650794,1.81575755074461,1.35833676509621,4.68730254018652,85.8898050625058
15.1589285714286,1.81575399493246,1.35852115316002,4.68506096113103,85.8912851038021
15.1590277777778,1.81575016930775,1.35870546898712,4.68282045463878,85.8927649322746
15.159126984127,1.81574607427604,1.35888971250863,4.68058102019749,85.8942445478836
15.1592261904762,1.81574171024281,1.35907388365564,4.67834265729485,85.8957239505892
15.1593253968254,1.81573707761343,1.35925798235925,4.67610536541897,85.8972031403516
15.1594246031746,1.8157321767932,1.35944200855057,4.67386914405814,85.8986821171308
15.1595238095238,1.81572700818731,1.35962596216069,4.67163399270069,85.900160880887
15.159623015873,1.81572157220087,1.3598098431207,4.66939991083541,85.9016394315802
15.1597222222222,1.8157158692389,1.35999365136171,4.66716689795106,85.9031177691706
15.1598214285714,1.81570989970634,1.36017738681478,4.66493495353684,85.9045958936183
15.1599206349206,1.815703664008,1.36036104941102,4.66270407708194,85.9060738048832
15.1600198412698,1.81569716254865,1.3605446390815,4.66047426807598,85.9075515029255
15.160119047619,1.81569039573293,1.3607281557573,4.65824552600856,85.9090289877052
15.1602182539683,1.8156833639654,1.3609115993695,4.65601785036974,85.9105062591823
15.1603174603175,1.81567606765055,1.36109496984919,4.65379124064955,85.9119833173169
15.1604166666667,1.81566850719276,1.36127826712742,4.65156569633845,85.9134601620689
15.1605158730159,1.8156606829963,1.36146149113527,4.64934121692691,85.9149367933983
15.1606150793651,1.81565259546539,1.3616446418038,4.6471178019058,85.916413211265
15.1607142857143,1.81564424500414,1.36182771906409,4.64489545076602,85.9178894156292
15.1608134920635,1.81563563201656,1.36201072284719,4.64267416299882,85.9193654064507
15.1609126984127,1.81562675690658,1.36219365308415,4.64045393809566,85.9208411836894
15.1610119047619,1.81561762007804,1.36237650970605,4.63823477554807,85.9223167473053
15.1611111111111,1.81560822193468,1.36255929264392,4.63601667484799,85.9237920972583
15.1612103174603,1.81559856288017,1.36274200182884,4.63379963548735,85.9252672335083
15.1613095238095,1.81558864331806,1.36292463719182,4.63158365695853,85.9267421560151
15.1614087301587,1.81557846365184,1.36310719866394,4.62936873875388,85.9282168647388
15.1615079365079,1.81556802428487,1.36328968617623,4.62715488036621,85.929691359639
15.1616071428571,1.81555732562046,1.36347209965973,4.62494208128828,85.9311656406758
15.1617063492063,1.81554636806181,1.36365443904547,4.62273034101332,85.9326397078088
15.1618055555556,1.81553515201203,1.3638367042645,4.62051965903453,85.934113560998
15.1619047619048,1.81552367787414,1.36401889524784,4.61831003484555,85.9355872002032
15.162003968254,1.81551194605106,1.36420101192653,4.61610146794001,85.9370606253842
15.1621031746032,1.81549995694564,1.36438305423159,4.61389395781197,85.9385338365006
15.1622023809524,1.81548771096062,1.36456502209405,4.61168750395548,85.9400068335125
15.1623015873016,1.81547520849866,1.36474691544493,4.60948210586497,85.9414796163795
15.1624007936508,1.81546244996233,1.36492873421525,4.60727776303509,85.9429521850613
15.1625,1.8154494357541,1.36511047833602,4.6050744749605,85.9444245395177
15.1625992063492,1.81543616627635,1.36529214773825,4.60287224113635,85.9458966797084
15.1626984126984,1.81542264193138,1.36547374235297,4.60067106105772,85.9473686055932
15.1627976190476,1.8154088631214,1.36565526211118,4.59847093422017,85.9488403171317
15.1628968253968,1.81539483024851,1.36583670694388,4.59627186011922,85.9503118142837
15.162996031746,1.81538054371473,1.36601807678207,4.59407383825085,85.9517830970088
15.1630952380952,1.815366003922,1.36619937155676,4.591876868111,85.9532541652667
15.1631944444444,1.81535121127215,1.36638059119895,4.58968094919606,85.954725019017
15.1632936507937,1.81533616616694,1.36656173563963,4.5874860810024,85.9561956582194
15.1633928571429,1.81532086900801,1.36674280480979,4.58529226302684,85.9576660828336
15.1634920634921,1.81530532019695,1.36692379864043,4.58309949476618,85.959136292819
15.1635912698413,1.81528952013522,1.36710471706252,4.58090777571765,85.9606062881354
15.1636904761905,1.81527346922421,1.36728556000706,4.57871710537847,85.9620760687424
15.1637896825397,1.81525716786521,1.36746632740502,4.57652748324624,85.9635456345995
15.1638888888889,1.81524061645943,1.36764701918739,4.57433890881878,85.9650149856662
15.1639880952381,1.81522381540798,1.36782763528514,4.57215138159394,85.9664841219022
15.1640873015873,1.81520676511189,1.36800817562925,4.56996490107001,85.967953043267
15.1641865079365,1.81518946597208,1.36818864015068,4.56777946674527,85.9694217497201
15.1642857142857,1.81517191838939,1.36836902878041,4.56559507811844,85.970890241221
15.1643849206349,1.81515412276458,1.3685493414494,4.56341173468821,85.9723585177293
15.1644841269841,1.8151360794983,1.36872957808861,4.56122943595373,85.9738265792043
15.1645833333333,1.81511778899113,1.36890973862901,4.5590481814141,85.9752944256058
15.1646825396825,1.81509925164353,1.36908982300155,4.55686797056891,85.976762056893
15.1647817460317,1.8150804678559,1.3692698311372,4.55468880291769,85.9782294730254
15.164880952381,1.81506143802853,1.36944976296689,4.55251067796043,85.9796966739626
15.1649801587302,1.81504216256163,1.36962961842158,4.55033359519709,85.9811636596638
15.1650793650794,1.81502264185531,1.36980939743221,4.54815755412809,85.9826304300886
15.1651785714286,1.81500287630959,1.36998909992975,4.54598255425381,85.9840969851964
15.1652777777778,1.8149828663244,1.37016872584512,4.54380859507502,85.9855633249465
15.165376984127,1.8149626122996,1.37034827510925,4.54163567609272,85.9870294492983
15.1654761904762,1.81494211463492,1.3705277476531,4.53946379680792,85.9884953582112
15.1655753968254,1.81492137373003,1.37070714340759,4.5372929567221,85.9899610516446
15.1656746031746,1.8149003899845,1.37088646230366,4.53512315533669,85.9914265295578
15.1657738095238,1.81487916379781,1.37106570427223,4.53295439215359,85.9928917919101
15.165873015873,1.81485769556934,1.37124486924423,4.53078666667467,85.9943568386608
15.1659722222222,1.81483598569839,1.37142395715058,4.52861997840224,85.9958216697694
15.1660714285714,1.81481403458416,1.37160296792221,4.52645432683858,85.997286285195
15.1661706349206,1.81479184262578,1.37178190149002,4.52428971148644,85.9987506848969
15.1662698412698,1.81476941022226,1.37196075778495,4.52212613184853,86.0002148688345
15.166369047619,1.81474673777254,1.37213953673789,4.51996358742801,86.0016788369669
15.1664682539683,1.81472382567547,1.37231823827976,4.51780207772802,86.0031425892535
15.1665674603175,1.81470067432979,1.37249686234146,4.51564160225213,86.0046061256534
15.1666666666667,1.81467728413416,1.37267540885391,4.51348216050391,86.0060694461259
15.1667658730159,1.81465365548716,1.372853877748,4.5113237519873,86.0075325506303
15.1668650793651,1.81462978878726,1.37303226895463,4.50916637620646,86.0089954391256
15.1669642857143,1.81460568443286,1.37321058240471,4.50701003266558,86.010458111571
15.1670634920635,1.81458134282225,1.37338881802911,4.50485472086931,86.0119205679258
15.1671626984127,1.81455676435364,1.37356697575873,4.50270044032225,86.0133828081492
15.1672619047619,1.81453194942514,1.37374505552447,4.50054719052948,86.0148448322002
15.1673611111111,1.81450689843479,1.37392305725721,4.49839497099602,86.016306640038
15.1674603174603,1.8144816117805,1.37410098088782,4.49624378122738,86.0177682316216
15.1675595238095,1.81445608986014,1.3742788263472,4.49409362072899,86.0192296069104
15.1676587301587,1.81443033307145,1.37445659356622,4.49194448900678,86.0206907658632
15.1677579365079,1.81440434181209,1.37463428247576,4.48979638556663,86.0221517084393
15.1678571428571,1.81437811647964,1.37481189300668,4.48764930991488,86.0236124345976
15.1679563492063,1.81435165747157,1.37498942508986,4.48550326155781,86.0250729442973
15.1680555555556,1.81432496518528,1.37516687865616,4.4833582400022,86.0265332374974
15.1681547619048,1.81429804001806,1.37534425363646,4.48121424475478,86.0279933141569
15.168253968254,1.81427088236712,1.37552154996161,4.47907127532265,86.0294531742349
15.1683531746032,1.81424349262959,1.37569876756247,4.47692933121315,86.0309128176903
15.1684523809524,1.81421587120248,1.37587590636989,4.47478841193364,86.0323722444823
15.1685515873016,1.81418801848273,1.37605296631474,4.47264851699193,86.0338314545696
15.1686507936508,1.81415993486719,1.37622994732786,4.47050964589582,86.0352904479115
15.16875,1.81413162075261,1.3764068493401,4.46837179815354,86.0367492244667
15.1688492063492,1.81410307653566,1.37658367228231,4.46623497327329,86.0382077841942
15.1689484126984,1.8140743026129,1.37676041608533,4.46409917076373,86.0396661270531
15.1690476190476,1.81404529938082,1.37693708068,4.46196439013349,86.0411242530021
15.1691468253968,1.81401606723581,1.37711366599716,4.45983063089166,86.0425821620003
15.169246031746,1.81398660657417,1.37729017196764,4.4576978925473,86.0440398540065
15.1693452380952,1.81395691779211,1.37746659852228,4.45556617460989,86.0454973289796
15.1694444444444,1.81392700128575,1.37764294559192,4.45343547658893,86.0469545868785
15.1695436507936,1.81389685745111,1.37781921310736,4.45130579799433,86.048411627662
15.1696428571429,1.81386648668413,1.37799540099944,4.449177138336,86.0498684512891
15.1697420634921,1.81383588938066,1.37817150919899,4.44704949712423,86.0513250577185
15.1698412698413,1.81380506593645,1.37834753763681,4.44492287386952,86.052781446909
15.1699404761905,1.81377401674716,1.37852348624374,4.44279726808241,86.0542376188196
15.1700396825397,1.81374274220838,1.37869935495057,4.44067267927386,86.0556935734089
15.1701388888889,1.81371124271558,1.37887514368813,4.43854910695486,86.0571493106359
15.1702380952381,1.81367951866416,1.37905085238721,4.4364265506368,86.0586048304591
15.1703373015873,1.81364757044941,1.37922648097864,4.43430500983106,86.0600601328375
15.1704365079365,1.81361539846655,1.3794020293932,4.43218448404947,86.0615152177297
15.1705357142857,1.8135830031107,1.37957749756171,4.43006497280384,86.0629700850946
15.1706349206349,1.81355038477688,1.37975288541496,4.42794647560641,86.0644247348908
15.1707341269841,1.81351754386003,1.37992819288374,4.42582899196941,86.0658791670771
15.1708333333333,1.813484480755,1.38010341989885,4.42371252140553,86.0673333816121
15.1709325396825,1.81345119585655,1.38027856639108,4.4215970634274,86.0687873784545
15.1710317460317,1.81341768955934,1.38045363229121,4.41948261754812,86.0702411575631
15.171130952381,1.81338396225794,1.38062861753003,4.41736918328077,86.0716947188965
15.1712301587302,1.81335001434685,1.38080352203832,4.41525676013882,86.0731480624133
15.1713293650794,1.81331584622044,1.38097834574687,4.41314534763591,86.0746011880722
15.1714285714286,1.81328145827304,1.38115308858644,4.41103494528578,86.0760540958319
15.1715277777778,1.81324685089884,1.38132775048781,4.40892555260257,86.0775067856508
15.171626984127,1.81321202449196,1.38150233138176,4.40681716910041,86.0789592574877
15.1717261904762,1.81317697944644,1.38167683119904,4.40470979429388,86.0804115113011
15.1718253968254,1.81314171615622,1.38185124987044,4.40260342769754,86.0818635470497
15.1719246031746,1.81310623501515,1.3820255873267,4.40049806882637,86.0833153646919
15.1720238095238,1.81307053641697,1.3821998434986,4.39839371719536,86.0847669641863
15.172123015873,1.81303462075536,1.38237401831689,4.39629037231992,86.0862183454915
15.1722222222222,1.81299848842389,1.38254811171233,4.39418803371547,86.0876695085661
15.1723214285714,1.81296213981606,1.38272212361566,4.39208670089784,86.0891204533684
15.1724206349206,1.81292557532524,1.38289605395764,4.38998637338285,86.0905711798571
15.1725198412698,1.81288879534475,1.38306990266901,4.38788705068678,86.0920216879905
15.172619047619,1.8128518002678,1.38324366968053,4.38578873232586,86.0934719777273
15.1727182539683,1.81281459048751,1.38341735492293,4.38369141781674,86.0949220490259
15.1728174603175,1.81277716639691,1.38359095832695,4.38159510667625,86.0963719018446
15.1729166666667,1.81273952838894,1.38376447982333,4.37949979842127,86.0978215361421
15.1730158730159,1.81270167685645,1.3839379193428,4.37740549256912,86.0992709518766
15.1731150793651,1.8126636121922,1.3841112768161,4.37531218863712,86.1007201490066
15.1732142857143,1.81262533478885,1.38428455217394,4.373219886143,86.1021691274906
15.1733134920635,1.81258684503899,1.38445774534707,4.3711285846045,86.1036178872869
15.1734126984127,1.8125481433351,1.3846308562662,4.36903828353977,86.1050664283539
15.1735119047619,1.81250923006957,1.38480388486206,4.36694898246698,86.1065147506499
15.1736111111111,1.81247010563471,1.38497683106535,4.36486068090471,86.1079628541334
15.1737103174603,1.81243077042273,1.3851496948068,4.36277337837154,86.1094107387627
15.1738095238095,1.81239122482575,1.38532247601712,4.36068707438647,86.110858404496
15.1739087301587,1.81235146923581,1.38549517462702,4.35860176846851,86.1123058512918
15.1740079365079,1.81231150404485,1.3856677905672,4.35651746013709,86.1137530791083
15.1741071428571,1.81227132964472,1.38584032376838,4.35443414891164,86.1152000879038
15.1742063492064,1.81223094642717,1.38601277416126,4.35235183431194,86.1166468776367
15.1743055555556,1.81219035478389,1.38618514167652,4.35027051585802,86.118093448265
15.1744047619048,1.81214955510643,1.38635742624488,4.34819019306993,86.1195397997473
15.174503968254,1.8121085477863,1.38652962779702,4.34611086546817,86.1209859320416
15.1746031746032,1.81206733321488,1.38670174626363,4.3440325325732,86.1224318451063
15.1747023809524,1.81202591178349,1.38687378157541,4.34195519390595,86.1238775388994
15.1748015873016,1.81198428388334,1.38704573366304,4.33987884898732,86.1253230133794
15.1749007936508,1.81194244990554,1.3872176024572,4.33780349733864,86.1267682685042
15.175,1.81190041024115,1.38738938788859,4.33572913848123,86.1282133042322
15.1750992063492,1.81185816528108,1.38756108988785,4.33365577193686,86.1296581205215
15.1751984126984,1.81181571541621,1.3877327083857,4.33158339722728,86.1311027173302
15.1752976190476,1.81177306103728,1.38790424331278,4.32951201387466,86.1325470946165
15.1753968253968,1.81173020253498,1.38807569459977,4.32744162140119,86.1339912523386
15.175496031746,1.81168714029987,1.38824706217734,4.32537221932945,86.1354351904545
15.1755952380952,1.81164387472244,1.38841834597616,4.32330380718205,86.1368789089224
15.1756944444444,1.8116004061931,1.38858954592688,4.32123638448195,86.1383224077004
15.1757936507937,1.81155673510215,1.38876066196017,4.31916995075235,86.1397656867465
15.1758928571429,1.81151286183981,1.38893169400668,4.31710450551646,86.1412087460189
15.1759920634921,1.81146878679619,1.38910264199706,4.31504004829796,86.1426515854755
15.1760912698413,1.81142451036134,1.38927350586197,4.31297657862048,86.1440942050744
15.1761904761905,1.8113800329252,1.38944428553206,4.31091409600813,86.1455366047737
15.1762896825397,1.81133535487761,1.38961498093798,4.30885259998496,86.1469787845315
15.1763888888889,1.81129047660835,1.38978559201035,4.30679209007549,86.1484207443055
15.1764880952381,1.81124539850708,1.38995611867984,4.30473256580422,86.1498624840541
15.1765873015873,1.81120012096339,1.39012656087707,4.30267402669606,86.1513040037349
15.1766865079365,1.81115464436675,1.39029691853268,4.30061647227596,86.1527453033062
15.1767857142857,1.81110896910658,1.39046719157731,4.29855990206924,86.1541863827257
15.1768849206349,1.81106309557217,1.39063737994158,4.29650431560127,86.1556272419516
15.1769841269841,1.81101702415275,1.39080748355612,4.29444971239781,86.1570678809416
15.1770833333333,1.81097075523744,1.39097750235155,4.29239609198464,86.1585082996538
15.1771825396825,1.81092428921527,1.39114743625851,4.29034345388788,86.159948498046
15.1772817460317,1.8108776264752,1.3913172852076,4.28829179763391,86.1613884760762
15.177380952381,1.81083076740607,1.39148704912945,4.28624112274911,86.1628282337022
15.1774801587302,1.81078371239665,1.39165672795467,4.28419142876033,86.1642677708818
15.1775793650794,1.8107364618356,1.39182632161387,4.28214271519437,86.1657070875731
15.1776785714286,1.81068901611152,1.39199583003765,4.28009498157851,86.1671461837337
15.1777777777778,1.81064137561289,1.39216525315664,4.27804822743998,86.1685850593217
15.177876984127,1.8105935407281,1.39233459090142,4.27600245230647,86.1700237142947
15.1779761904762,1.81054551184547,1.3925038432026,4.27395765570563,86.1714621486106
15.1780753968254,1.81049728935323,1.39267300999078,4.27191383716558,86.1729003622271
15.1781746031746,1.81044887363948,1.39284209119655,4.2698709962144,86.1743383551022
15.1782738095238,1.81040026509227,1.39301108675051,4.26782913238063,86.1757761271935
15.178373015873,1.81035146409955,1.39317999658325,4.26578824519276,86.1772136784589
15.1784722222222,1.81030247104917,1.39334882062535,4.26374833417976,86.178651008856
15.1785714285714,1.81025328632889,1.3935175588074,4.26170939887055,86.1800881183426
15.1786706349206,1.81020391032639,1.39368621105999,4.25967143879445,86.1815250068765
15.1787698412698,1.81015434342925,1.39385477731368,4.25763445348099,86.1829616744153
15.178869047619,1.81010458602496,1.39402325749906,4.25559844245974,86.1843981209168
15.1789682539683,1.81005463850092,1.39419165154671,4.2535634052607,86.1858343463385
15.1790674603175,1.81000450124444,1.39435995938719,4.25152934141387,86.1872703506384
15.1791666666667,1.80995417464274,1.39452818095106,4.24949625044967,86.1887061337739
15.1792658730159,1.80990365908295,1.39469631616892,4.24746413189852,86.1901416957027
15.1793650793651,1.8098529549521,1.3948643649713,4.24543298529128,86.1915770363825
15.1794642857143,1.80980206263715,1.39503232728877,4.24340281015877,86.193012155771
15.1795634920635,1.80975098252494,1.3952002030519,4.24137360603228,86.1944470538256
15.1796626984127,1.80969971500225,1.39536799219124,4.23934537244306,86.1958817305041
15.1797619047619,1.80964826045574,1.39553569463733,4.23731810892282,86.1973161857639
15.1798611111111,1.809596619272,1.39570331032074,4.23529181500323,86.1987504195628
15.1799603174603,1.80954479183753,1.395870839172,4.23326649021642,86.2001844318582
15.1800595238095,1.80949277853872,1.39603828112167,4.2312421340945,86.2016182226077
15.1801587301587,1.80944057976188,1.39620563610028,4.22921874616994,86.2030517917689
15.1802579365079,1.80938819589324,1.39637290403838,4.22719632597546,86.2044851392993
15.1803571428571,1.80933562731893,1.3965400848665,4.22517487304378,86.2059182651563
15.1804563492063,1.80928287442498,1.39670717851517,4.22315438690809,86.2073511692976
15.1805555555556,1.80922993759733,1.39687418491494,4.22113486710155,86.2087838516805
15.1806547619048,1.80917681722186,1.39704110399631,4.21911631315776,86.2102163122626
15.180753968254,1.80912351368432,1.39720793568984,4.21709872461032,86.2116485510014
15.1808531746032,1.80907002737039,1.39737467992602,4.21508210099323,86.2130805678542
15.1809523809524,1.80901635866565,1.3975413366354,4.21306644184051,86.2145123627786
15.1810515873016,1.80896250795559,1.39770790574848,4.21105174668661,86.2159439357319
15.1811507936508,1.80890847562563,1.39787438719579,4.20903801506596,86.2173752866716
15.18125,1.80885426206107,1.39804078090783,4.20702524651342,86.2188064155551
15.1813492063492,1.80879986764713,1.39820708681511,4.20501344056386,86.2202373223398
15.1814484126984,1.80874529276894,1.39837330484814,4.20300259675256,86.221668006983
15.1815476190476,1.80869053781155,1.39853943493744,4.20099271461481,86.2230984694422
15.1816468253968,1.8086356031599,1.39870547701349,4.19898379368626,86.2245287096747
15.181746031746,1.80858048919884,1.3988714310068,4.19697583350278,86.2259587276377
15.1818452380952,1.80852519631315,1.39903729684787,4.19496883360028,86.2273885232888
15.1819444444444,1.80846972488751,1.39920307446719,4.19296279351511,86.228818096585
15.1820436507937,1.80841407530649,1.39936876379525,4.19095771278361,86.2302474474839
15.1821428571429,1.8083582479546,1.39953436476254,4.18895359094255,86.2316765759427
15.1822420634921,1.80830224321623,1.39969987729956,4.18695042752869,86.2331054819186
15.1823412698413,1.8082460614757,1.39986530133676,4.18494822207922,86.2345341653689
15.1824404761905,1.80818970311724,1.40003063680466,4.18294697413132,86.2359626262509
15.1825396825397,1.80813316852497,1.40019588363371,4.18094668322261,86.2373908645219
15.1826388888889,1.80807645808293,1.4003610417544,4.1789473488907,86.238818880139
15.1827380952381,1.80801957217507,1.4005261110972,4.17694897067362,86.2402466730594
15.1828373015873,1.80796251118526,1.40069109159258,4.1749515481094,86.2416742432405
15.1829365079365,1.80790527549726,1.400855983171,4.17295508073651,86.2431015906393
15.1830357142857,1.80784786549474,1.40102078576295,4.17095956809339,86.2445287152132
15.1831349206349,1.8077902815613,1.40118549929886,4.16896500971887,86.2459556169191
15.1832341269841,1.80773252408044,1.4013501237092,4.16697140515199,86.2473822957143
15.1833333333333,1.80767459343554,1.40151465892444,4.16497875393185,86.248808751556
15.1834325396825,1.80761649000994,1.40167910487503,4.16298705559795,86.2502349844012
15.1835317460317,1.80755821418685,1.40184346149141,4.16099630968981,86.2516609942071
15.183630952381,1.80749976634941,1.40200772870403,4.15900651574737,86.2530867809308
15.1837301587302,1.80744114688065,1.40217190644336,4.15701767331056,86.2545123445295
15.1838293650794,1.80738235616354,1.40233599463981,4.15502978191974,86.25593768496
15.1839285714286,1.80732339458092,1.40249999322385,4.15304284111526,86.2573628021797
15.1840277777778,1.80726426251556,1.40266390212589,4.15105685043793,86.2587876961454
15.184126984127,1.80720496035016,1.4028277212764,4.1490718094285,86.2602123668143
15.1842261904762,1.80714548846729,1.40299145060578,4.14708771762819,86.2616368141434
15.1843253968254,1.80708584724944,1.40315509004448,4.14510457457821,86.2630610380897
15.1844246031746,1.80702603707904,1.40331863952293,4.14312237982018,86.2644850386102
15.1845238095238,1.80696605833838,1.40348209897154,4.14114113289572,86.2659088156619
15.184623015873,1.80690591140971,1.40364546832074,4.13916083334685,86.2673323692019
15.1847222222222,1.80684559667514,1.40380874750095,4.13718148071576,86.268755699187
15.1848214285714,1.80678511451672,1.40397193644259,4.13520307454471,86.2701788055742
15.1849206349206,1.80672446531641,1.40413503507607,4.13322561437641,86.2716016883205
15.1850198412698,1.80666364945607,1.4042980433318,4.13124909975352,86.2730243473828
15.185119047619,1.80660266731746,1.40446096114019,4.12927353021916,86.2744467827181
15.1852182539683,1.80654151928227,1.40462378843166,4.12729890531642,86.2758689942832
15.1853174603175,1.80648020573208,1.40478652513659,4.12532522458886,86.2772909820351
15.1854166666667,1.80641872704839,1.4049491711854,4.12335248757999,86.2787127459306
15.1855158730159,1.80635708361262,1.40511172650848,4.12138069383377,86.2801342859266
15.1856150793651,1.80629527580607,1.40527419103623,4.11940984289415,86.28155560198
15.1857142857143,1.80623330400997,1.40543656469903,4.11743993430551,86.2829766940475
15.1858134920635,1.80617116860545,1.40559884742729,4.11547096761222,86.2843975620862
15.1859126984127,1.80610886997357,1.40576103915139,4.11350294235909,86.2858182060527
15.1860119047619,1.80604640849527,1.40592313980171,4.1115358580909,86.2872386259039
15.1861111111111,1.80598378455142,1.40608514930864,4.10956971435285,86.2886588215966
15.1862103174603,1.80592099852278,1.40624706760255,4.10760451069029,86.2900787930876
15.1863095238095,1.80585805079004,1.40640889461382,4.10564024664867,86.2914985403336
15.1864087301587,1.80579494173378,1.40657063027284,4.10367692177385,86.2929180632914
15.1865079365079,1.80573167173452,1.40673227450996,4.10171453561167,86.2943373619179
15.1866071428571,1.80566824117264,1.40689382725556,4.09975308770843,86.2957564361695
15.1867063492064,1.80560465042848,1.40705528844001,4.09779257761039,86.2971752860033
15.1868055555556,1.80554089988226,1.40721665799366,4.09583300486425,86.2985939113757
15.1869047619048,1.80547698991411,1.40737793584688,4.09387436901674,86.3000123122436
15.187003968254,1.80541292090408,1.40753912193003,4.09191666961495,86.3014304885636
15.1871031746032,1.80534869323212,1.40770021617347,4.08995990620603,86.3028484402924
15.1872023809524,1.80528430727811,1.40786121850754,4.08800407833752,86.3042661673867
15.1873015873016,1.80521976342179,1.4080221288626,4.08604918555697,86.3056836698031
15.1874007936508,1.80515506204288,1.40818294716899,4.08409522741234,86.3071009474982
15.1875,1.80509020352094,1.40834367335707,4.08214220345161,86.3085180004288
15.1875992063492,1.80502518823548,1.40850430735717,4.08019011322312,86.3099348285513
15.1876984126984,1.80496001656592,1.40866484909963,4.07823895627543,86.3113514318224
15.1877976190476,1.80489468889156,1.40882529851479,4.07628873215712,86.3127678101987
15.1878968253968,1.80482920559164,1.40898565553298,4.07433944041725,86.3141839636368
15.187996031746,1.8047635670453,1.40914592008455,4.07239108060482,86.3155998920931
15.1880952380952,1.80469777363158,1.4093060920998,4.0704436522693,86.3170155955244
15.1881944444444,1.80463182572943,1.40946617150908,4.06849715496013,86.3184310738871
15.1882936507936,1.80456572371772,1.4096261582427,4.06655158822718,86.3198463271377
15.1883928571429,1.80449946797523,1.40978605223099,4.06460695162034,86.3212613552328
15.1884920634921,1.80443305888063,1.40994585340426,4.06266324468989,86.3226761581288
15.1885912698413,1.80436649681252,1.41010556169284,4.06072046698613,86.3240907357823
15.1886904761905,1.8042997821494,1.41026517702703,4.05877861805979,86.3255050881497
15.1887896825397,1.80423291526968,1.41042469933714,4.05683769746158,86.3269192151876
15.1888888888889,1.80416589655168,1.41058412855349,4.05489770474263,86.3283331168522
15.1889880952381,1.80409872637363,1.41074346460637,4.05295863945411,86.3297467931002
15.1890873015873,1.80403140511366,1.4109027074261,4.05102050114752,86.3311602438879
15.1891865079365,1.80396393314983,1.41106185694296,4.04908328937457,86.3325734691716
15.1892857142857,1.80389631086009,1.41122091308726,4.04714700368705,86.333986468908
15.1893849206349,1.8038285386223,1.41137987578929,4.04521164363716,86.3353992430532
15.1894841269841,1.80376061681424,1.41153874497935,4.04327720877709,86.3368117915638
15.1895833333333,1.8036925458136,1.41169752058772,4.04134369865947,86.3382241143961
15.1896825396825,1.80362432599796,1.41185620254469,4.03941111283692,86.3396362115064
15.1897817460317,1.80355595774483,1.41201479078054,4.03747945086249,86.341048082851
15.189880952381,1.80348744143163,1.41217328522555,4.03554871228921,86.3424597283864
15.1899801587302,1.80341877743566,1.41233168581001,4.03361889667056,86.3438711480687
15.1900793650794,1.80334996613417,1.41248999246418,4.03169000356001,86.3452823418544
15.1901785714286,1.80328100790428,1.41264820511835,4.02976203251144,86.3466933096997
15.1902777777778,1.80321190312306,1.41280632370278,4.02783498307875,86.3481040515609
15.190376984127,1.80314265216745,1.41296434814774,4.02590885481625,86.3495145673942
15.1904761904762,1.80307325541432,1.4131222783835,4.02398364727826,86.350924857156
15.1905753968254,1.80300371324045,1.41328011434031,4.02205936001945,86.3523349208025
15.1906746031746,1.80293402602252,1.41343785594844,4.02013599259472,86.3537447582898
15.1907738095238,1.80286419413713,1.41359550313815,4.01821354455902,86.3551543695742
15.190873015873,1.80279421796079,1.41375305583968,4.01629201546773,86.3565637546119
15.1909722222222,1.80272409786989,1.4139105139833,4.0143714048762,86.3579729133592
15.1910714285714,1.80265383424077,1.41406787749925,4.01245171234024,86.3593818457721
15.1911706349206,1.80258342744966,1.41422514631777,4.01053293741564,86.3607905518069
15.1912698412698,1.80251287787269,1.41438232036912,4.00861507965861,86.3621990314197
15.191369047619,1.80244218588592,1.41453939958352,4.00669813862537,86.3636072845667
15.1914682539683,1.8023713518653,1.41469638389123,4.00478211387256,86.3650153112039
15.1915674603175,1.8023003761867,1.41485327322248,4.00286700495683,86.3664231112876
15.1916666666667,1.8022292592259,1.41501006750749,4.00095281143522,86.3678306847738
15.1917658730159,1.80215800135859,1.41516676667651,3.99903953286481,86.3692380316186
15.1918650793651,1.80208660296036,1.41532337065975,3.99712716880307,86.3706451517781
15.1919642857143,1.80201506440671,1.41547987938745,3.9952157188075,86.3720520452083
15.1920634920635,1.80194338607305,1.41563629278983,3.99330518243595,86.3734587118654
15.1921626984127,1.80187156833472,1.4157926107971,3.99139555924648,86.3748651517053
15.1922619047619,1.80179961156694,1.41594883333948,3.98948684879722,86.3762713646842
15.1923611111111,1.80172751614486,1.41610496034719,3.9875790506467,86.3776773507579
15.1924603174603,1.80165528244352,1.41626099175045,3.98567216435347,86.3790831098826
15.1925595238095,1.80158291083788,1.41641692747945,3.98376618947649,86.3804886420142
15.1926587301587,1.80151040170282,1.41657276746441,3.98186112557473,86.3818939471087
15.1927579365079,1.80143775541311,1.41672851163552,3.97995697220758,86.3832990251221
15.1928571428571,1.80136497234343,1.416884159923,3.97805372893442,86.3847038760103
15.1929563492063,1.80129205286839,1.41703971225703,3.97615139531506,86.3861084997293
15.1930555555556,1.80121899736249,1.41719516856783,3.97424997090932,86.387512896235
15.1931547619048,1.80114580620014,1.41735052878557,3.97234945527743,86.3889170654833
15.193253968254,1.80107247975567,1.41750579284045,3.97044984797962,86.3903210074303
15.1933531746032,1.80099901840331,1.41766096066266,3.96855114857655,86.3917247220316
15.1934523809524,1.80092542251721,1.41781603218238,3.96665335662888,86.3931282092433
15.1935515873016,1.80085169247141,1.4179710073298,3.96475647169762,86.3945314690211
15.1936507936508,1.80077782863988,1.41812588603509,3.96286049334402,86.3959345013211
15.19375,1.80070383139648,1.41828066822844,3.96096542112938,86.3973373060989
15.1938492063492,1.800629701115,1.41843535384,3.95907125461539,86.3987398833105
15.1939484126984,1.80055543816912,1.41858994279998,3.95717799336379,86.4001422329116
15.1940476190476,1.80048104293244,1.41874443503851,3.95528563693669,86.4015443548581
15.1941468253968,1.80040651577847,1.41889883048579,3.95339418489625,86.4029462491058
15.194246031746,1.80033185708062,1.41905312907196,3.95150363680501,86.4043479156104
15.1943452380952,1.80025706721222,1.4192073307272,3.94961399222555,86.4057493543278
15.1944444444444,1.8001821465465,1.41936143538164,3.94772525072083,86.4071505652137
15.1945436507937,1.8001070954566,1.41951544296547,3.94583741185384,86.4085515482238
15.1946428571429,1.80003191431559,1.41966935340883,3.94395047518799,86.4099523033138
15.1947420634921,1.79995660349641,1.41982316664186,3.94206444028669,86.4113528304396
15.1948412698413,1.79988116337195,1.41997688259472,3.94017930671375,86.4127531295568
15.1949404761905,1.79980559431497,1.42013050119756,3.93829507403301,86.4141532006211
15.1950396825397,1.79972989669817,1.42028402238051,3.93641174180867,86.4155530435882
15.1951388888889,1.79965407089416,1.42043744607371,3.93452930960513,86.4169526584138
15.1952380952381,1.79957811727543,1.4205907722073,3.93264777698686,86.4183520450535
15.1953373015873,1.7995020362144,1.42074400071142,3.93076714351874,86.419751203463
15.1954365079365,1.79942582808341,1.42089713151621,3.92888740876565,86.4211501335979
15.1955357142857,1.79934949325467,1.42105016455177,3.92700857229291,86.4225488354138
15.1956349206349,1.79927303210035,1.42120309974826,3.92513063366583,86.4239473088664
15.1957341269841,1.79919644499249,1.42135593703578,3.92325359245012,86.4253455539113
15.1958333333333,1.79911973230305,1.42150867634446,3.92137744821153,86.426743570504
15.1959325396825,1.79904289440392,1.42166131760442,3.91950220051621,86.4281413586001
15.1960317460317,1.79896593166686,1.42181386074578,3.91762784893031,86.4295389181553
15.196130952381,1.79888884446357,1.42196630569864,3.9157543930204,86.4309362491249
15.1962301587302,1.79881163316565,1.42211865239313,3.91388183235307,86.4323333514646
15.1963293650794,1.7987342981446,1.42227090075934,3.91201016649531,86.4337302251299
15.1964285714286,1.79865683977185,1.42242305072738,3.91013939501413,86.4351268700764
15.1965277777778,1.79857925841873,1.42257510222736,3.90826951747688,86.4365232862594
15.196626984127,1.79850155445646,1.42272705518937,3.90640053345116,86.4379194736346
15.1967261904762,1.7984237282562,1.42287890954352,3.90453244250459,86.4393154321573
15.1968253968254,1.798345780189,1.42303066521989,3.90266524420524,86.440711161783
15.1969246031746,1.79826771062582,1.42318232214858,3.90079893812115,86.4421066624673
15.1970238095238,1.79818951993754,1.42333388025968,3.89893352382081,86.4435019341655
15.197123015873,1.79811120849494,1.42348533948328,3.89706900087269,86.444896976833
15.1972222222222,1.7980327766687,1.42363669974945,3.89520536884571,86.4462917904253
15.1973214285714,1.79795422482944,1.42378796098829,3.89334262730876,86.4476863748979
15.1974206349206,1.79787555334766,1.42393912312986,3.89148077583116,86.4490807302059
15.1975198412698,1.79779676259378,1.42409018610425,3.88961981398224,86.450474856305
15.197619047619,1.79771785293812,1.42424114984153,3.88775974133175,86.4518687531503
15.1977182539683,1.79763882475094,1.42439201427177,3.88590055744944,86.4532624206973
15.1978174603175,1.79755967840236,1.42454277932503,3.88404226190548,86.4546558589012
15.1979166666667,1.79748041426245,1.42469344493139,3.88218485427003,86.4560490677176
15.1980158730159,1.79740103270118,1.42484401102091,3.88032833411364,86.4574420471016
15.1981150793651,1.79732153408841,1.42499447752364,3.87847270100707,86.4588347970085
15.1982142857143,1.79724191879393,1.42514484436964,3.87661795452111,86.4602273173937
15.1983134920635,1.79716218718744,1.42529511148897,3.87476409422699,86.4616196082123
15.1984126984127,1.79708233963853,1.42544527881169,3.87291111969594,86.4630116694198
15.1985119047619,1.79700237651672,1.42559534626783,3.87105903049962,86.4644035009713
15.1986111111111,1.79692229819142,1.42574531378744,3.86920782620967,86.4657951028221
15.1987103174603,1.79684210503197,1.42589518130058,3.86735750639816,86.4671864749274
15.1988095238095,1.7967617974076,1.42604494873728,3.86550807063717,86.4685776172424
15.1989087301587,1.79668137568747,1.42619461602758,3.8636595184992,86.4699685297224
15.1990079365079,1.79660084024062,1.42634418310152,3.86181184955675,86.4713592123225
15.1991071428571,1.79652019143603,1.42649364988912,3.85996506338272,86.4727496649979
15.1992063492063,1.79643942964256,1.42664301632043,3.85811915955005,86.4741398877038
15.1993055555556,1.79635855522901,1.42679228232546,3.85627413763207,86.4755298803952
15.1994047619048,1.79627756856407,1.42694144783425,3.85442999720212,86.4769196430275
15.199503968254,1.79619647001634,1.42709051277682,3.85258673783393,86.4783091755557
15.1996031746032,1.79611525995434,1.42723947708319,3.8507443591014,86.4796984779349
15.1997023809524,1.79603393872667,1.42738834069176,3.84890286057593,86.4810875501287
15.1998015873016,1.79595250291094,1.427537105138,3.8470622413466,86.4824763937281
15.1999007936508,1.79587094987462,1.42768577161589,3.84522250064106,86.4838650099743
15.2,1.79578927973199,1.42783434015331,3.84338363805396,86.4852533989199
15.2000992063492,1.79570749259736,1.42798281077812,3.84154565317988,86.4866415606176
15.2001984126984,1.7956255885851,1.42813118351811,3.83970854561375,86.4880294951199
15.2002976190476,1.7955435678096,1.42827945840105,3.83787231495043,86.4894172024794
15.2003968253968,1.79546143038533,1.42842763545463,3.83603696078515,86.4908046827484
15.200496031746,1.79537917642675,1.42857571470655,3.83420248271304,86.4921919359794
15.2005952380952,1.79529680604843,1.42872369618441,3.83236888032961,86.4935789622247
15.2006944444444,1.79521431936491,1.42887157991582,3.83053615323029,86.4949657615366
15.2007936507936,1.79513171649084,1.42901936592831,3.82870430101085,86.4963523339674
15.2008928571429,1.79504899754087,1.42916705424937,3.82687332326701,86.4977386795692
15.2009920634921,1.7949661626297,1.42931464490647,3.82504321959479,86.4991247983942
15.2010912698413,1.79488321187209,1.42946213792701,3.82321398959032,86.5005106904944
15.2011904761905,1.79480014538283,1.42960953333836,3.82138563284976,86.5018963559221
15.2012896825397,1.79471696327675,1.42975683116785,3.81955814896959,86.503281794729
15.2013888888889,1.79463366566874,1.42990403144275,3.81773153754624,86.5046670069672
15.2014880952381,1.79455025267371,1.43005113419031,3.81590579817646,86.5060519926886
15.2015873015873,1.79446672440663,1.43019813943772,3.81408093045698,86.507436751945
15.2016865079365,1.79438308098251,1.43034504721212,3.81225693398483,86.5088212847882
15.2017857142857,1.79429932251639,1.43049185754064,3.81043380835701,86.51020559127
15.2018849206349,1.79421544912339,1.43063857045033,3.80861155317086,86.5115896714419
15.2019841269841,1.79413146091862,1.43078518596822,3.80679016802365,86.5129735253558
15.2020833333333,1.79404735801728,1.43093170412127,3.80496965251298,86.5143571530632
15.2021825396825,1.79396314053458,1.43107812493643,3.80315000623643,86.5157405546156
15.2022817460317,1.7938788085858,1.43122444844059,3.80133122879189,86.5171237300644
15.202380952381,1.79379436228624,1.43137067466059,3.7995133197772,86.5185066794613
15.2024801587302,1.79370980175125,1.43151680362325,3.79769627879049,86.5198894028575
15.2025793650794,1.79362512709624,1.43166283535531,3.79588010543004,86.5212719003044
15.2026785714286,1.79354033843665,1.43180876988351,3.79406479929411,86.5226541718533
15.2027777777778,1.79345543588795,1.4319546072345,3.7922503599813,86.5240362175554
15.202876984127,1.79337041956567,1.43210034743494,3.79043678709017,86.525418037462
15.2029761904762,1.79328528958539,1.43224599051139,3.7886240802196,86.5267996316241
15.2030753968254,1.7932000460627,1.43239153649042,3.78681223896843,86.5281810000928
15.2031746031746,1.79311468911328,1.4325369853985,3.78500126293583,86.5295621429193
15.2032738095238,1.79302921885281,1.43268233726212,3.7831911517209,86.5309430601544
15.203373015873,1.79294363539705,1.43282759210768,3.78138190492312,86.5323237518491
15.2034722222222,1.79285793886177,1.43297274996155,3.77957352214187,86.5337042180544
15.2035714285714,1.7927721293628,1.43311781085005,3.77776600297689,86.535084458821
15.2036706349206,1.79268620701601,1.43326277479949,3.77595934702786,86.5364644741998
15.2037698412698,1.79260017193732,1.43340764183609,3.77415355389481,86.5378442642414
15.203869047619,1.79251402424268,1.43355241198605,3.77234862317769,86.5392238289966
15.2039682539683,1.79242776404811,1.43369708527553,3.77054455447677,86.5406031685161
15.2040674603175,1.79234139146963,1.43384166173064,3.76874134739243,86.5419822828503
15.2041666666667,1.79225490662333,1.43398614137745,3.76693900152507,86.5433611720499
15.2042658730159,1.79216830962536,1.43413052424198,3.76513751647541,86.5447398361653
15.2043650793651,1.79208160059187,1.43427481035021,3.76333689184412,86.546118275247
15.2044642857143,1.79199477963909,1.43441899972808,3.76153712723222,86.5474964893452
15.2045634920635,1.79190784688327,1.43456309240149,3.75973822224067,86.5488744785106
15.2046626984127,1.79182080244072,1.43470708839628,3.75794017647074,86.5502522427931
15.2047619047619,1.79173364642779,1.43485098773827,3.75614298952369,86.5516297822433
15.2048611111111,1.79164637896086,1.43499479045322,3.75434666100108,86.5530070969111
15.2049603174603,1.79155900015636,1.43513849656685,3.75255119050445,86.5543841868467
15.2050595238095,1.79147151013077,1.43528210610484,3.75075657763564,86.5557610521003
15.2051587301587,1.79138390900061,1.43542561909282,3.74896282199647,86.5571376927219
15.2052579365079,1.79129619688244,1.43556903555638,3.74716992318907,86.5585141087614
15.2053571428571,1.79120837389286,1.43571235552108,3.74537788081554,86.5598903002688
15.2054563492064,1.79112044014853,1.43585557901242,3.74358669447824,86.561266267294
15.2055555555556,1.79103239576613,1.43599870605585,3.7417963637797,86.5626420098867
15.2056547619048,1.79094424086239,1.4361417366768,3.74000688832243,86.5640175280969
15.205753968254,1.7908559755541,1.43628467090063,3.73821826770927,86.5653928219742
15.2058531746032,1.79076759995808,1.43642750875269,3.73643050154303,86.5667678915683
15.2059523809524,1.79067911419118,1.43657025025826,3.73464358942684,86.5681427369289
15.2060515873016,1.79059051837032,1.43671289544259,3.73285753096377,86.5695173581055
15.2061507936508,1.79050181261244,1.43685544433087,3.73107232575724,86.5708917551477
15.20625,1.79041299703454,1.43699789694826,3.7292879734106,86.5722659281049
15.2063492063492,1.79032407175366,1.43714025331988,3.72750447352757,86.5736398770266
15.2064484126984,1.79023503688686,1.4372825134708,3.72572182571178,86.5750136019623
15.2065476190476,1.79014589255129,1.43742467742605,3.72394002956721,86.576387102961
15.2066468253968,1.79005663886409,1.43756674521061,3.7221590846978,86.5777603800723
15.206746031746,1.78996727594248,1.43770871684943,3.7203789907078,86.5791334333453
15.2068452380952,1.78987780390372,1.43785059236739,3.71859974720143,86.5805062628293
15.2069444444444,1.78978822286509,1.43799237178937,3.71682135378319,86.5818788685733
15.2070436507937,1.78969853294394,1.43813405514015,3.7150438100577,86.5832512506263
15.2071428571429,1.78960873425764,1.43827564244453,3.71326711562962,86.5846234090376
15.2072420634921,1.78951882692362,1.43841713372721,3.71149127010391,86.5859953438559
15.2073412698413,1.78942881105935,1.43855852901289,3.70971627308549,86.5873670551304
15.2074404761905,1.78933868678234,1.43869982832619,3.70794212417961,86.5887385429097
15.2075396825397,1.78924845421014,1.43884103169172,3.70616882299148,86.5901098072429
15.2076388888889,1.78915811346035,1.43898213913402,3.70439636912664,86.5914808481786
15.2077380952381,1.78906766465061,1.43912315067761,3.70262476219055,86.5928516657657
15.2078373015873,1.7889771078986,1.43926406634694,3.70085400178906,86.5942222600526
15.2079365079365,1.78888644332206,1.43940488616644,3.69908408752792,86.5955926310883
15.2080357142857,1.78879567103874,1.43954561016049,3.69731501901324,86.596962778921
15.2081349206349,1.78870479116646,1.43968623835342,3.69554679585107,86.5983327035995
15.2082341269841,1.78861380382308,1.43982677076953,3.6937794176478,86.5997024051722
15.2083333333333,1.7885227091265,1.43996720743305,3.69201288400975,86.6010718836875
15.2084325396825,1.78843150719466,1.44010754836821,3.69024719454355,86.6024411391939
15.2085317460317,1.78834019814554,1.44024779359914,3.68848234885597,86.6038101717395
15.208630952381,1.78824878209717,1.44038794314999,3.68671834655375,86.6051789813728
15.2087301587302,1.78815725916763,1.44052799704481,3.684955187244,86.6065475681419
15.2088293650794,1.78806562947503,1.44066795530765,3.68319287053375,86.6079159320951
15.2089285714286,1.78797389313752,1.44080781796248,3.68143139603038,86.6092840732803
15.2090277777778,1.78788205027332,1.44094758503326,3.67967076334122,86.6106519917458
15.209126984127,1.78779010100065,1.44108725654388,3.67791097207393,86.6120196875396
15.2092261904762,1.78769804543782,1.4412268325182,3.6761520218361,86.6133871607096
15.2093253968254,1.78760588370314,1.44136631298004,3.67439391223569,86.6147544113037
15.2094246031746,1.787513615915,1.44150569795318,3.67263664288059,86.6161214393699
15.2095238095238,1.78742124219181,1.44164498746132,3.67088021337902,86.617488244956
15.209623015873,1.78732876265203,1.44178418152818,3.66912462333915,86.6188548281097
15.2097222222222,1.78723617741417,1.44192328017737,3.6673698723695,86.6202211888788
15.2098214285714,1.78714348659676,1.44206228343251,3.66561596007851,86.6215873273109
15.2099206349206,1.7870506903184,1.44220119131714,3.66386288607494,86.6229532434537
15.2100198412698,1.78695778869773,1.44234000385478,3.66211064996767,86.6243189373547
15.210119047619,1.78686478185341,1.44247872106889,3.66035925136557,86.6256844090616
15.2102182539683,1.78677166990417,1.44261734298291,3.65860868987787,86.6270496586216
15.2103174603175,1.78667845296877,1.4427558696202,3.65685896511372,86.6284146860824
15.2104166666667,1.78658513116601,1.44289430100412,3.65511007668263,86.6297794914911
15.2105158730159,1.78649170461474,1.44303263715795,3.65336202419405,86.6311440748953
15.2106150793651,1.78639817343386,1.44317087810494,3.65161480725775,86.6325084363421
15.2107142857143,1.7863045377423,1.44330902386831,3.64986842548347,86.6338725758788
15.2108134920635,1.78621079765903,1.44344707447121,3.64812287848127,86.6352364935526
15.2109126984127,1.78611695330307,1.44358502993678,3.64637816586117,86.6366001894105
15.2110119047619,1.7860230047935,1.44372289028808,3.6446342872335,86.6379636634996
15.2111111111111,1.78592895224941,1.44386065554816,3.64289124220858,86.6393269158671
15.2112103174603,1.78583479578997,1.44399832574,3.64114903039702,86.6406899465597
15.2113095238095,1.78574053553435,1.44413590088656,3.63940765140941,86.6420527556246
15.2114087301587,1.7856461716018,1.44427338101073,3.63766710485662,86.6434153431085
15.2115079365079,1.7855517041116,1.44441076613537,3.63592739034965,86.6447777090582
15.2116071428571,1.78545713318307,1.44454805628332,3.6341885074995,86.6461398535207
15.2117063492063,1.78536245893558,1.44468525147733,3.63245045591752,86.6475017765424
15.2118055555556,1.78526768148853,1.44482235174015,3.63071323521498,86.6488634781702
15.2119047619048,1.78517280096138,1.44495935709446,3.62897684500352,86.6502249584506
15.212003968254,1.78507781747362,1.4450962675629,3.6272412848947,86.6515862174303
15.2121031746032,1.7849827311448,1.44523308316808,3.62550655450042,86.6529472551557
15.2122023809524,1.78488754209449,1.44536980393255,3.62377265343255,86.6543080716733
15.2123015873016,1.78479225044231,1.44550642987883,3.62203958130325,86.6556686670295
15.2124007936508,1.78469685630795,1.4456429610294,3.62030733772468,86.6570290412708
15.2125,1.7846013598111,1.44577939740667,3.61857592230931,86.6583891944434
15.2125992063492,1.78450576107153,1.44591573903304,3.61684533466954,86.6597491265937
15.2126984126984,1.78441006020902,1.44605198593084,3.61511557441813,86.6611088377677
15.2127976190476,1.78431425734343,1.44618813812238,3.6133866411678,86.6624683280117
15.2128968253968,1.78421835259463,1.4463241956299,3.61165853453152,86.6638275973719
15.212996031746,1.78412234608255,1.44646015847562,3.60993125412242,86.6651866458942
15.2130952380952,1.78402623792716,1.44659602668171,3.60820479955363,86.6665454736247
15.2131944444444,1.78393002824848,1.44673180027029,3.60647917043861,86.6679040806094
15.2132936507937,1.78383371716656,1.44686747926345,3.60475436639077,86.6692624668942
15.2133928571429,1.7837373048015,1.44700306368322,3.60303038702386,86.6706206325249
15.2134920634921,1.78364079127344,1.44713855355159,3.60130723195156,86.6719785775475
15.2135912698413,1.78354417670257,1.44727394889052,3.59958490078791,86.6733363020075
15.2136904761905,1.78344746120912,1.44740924972192,3.59786339314687,86.6746938059509
15.2137896825397,1.78335064491336,1.44754445606765,3.59614270864276,86.6760510894231
15.2138888888889,1.7832537279356,1.44767956794954,3.59442284688985,86.6774081524699
15.2139880952381,1.78315671039621,1.44781458538935,3.59270380750271,86.6787649951368
15.2140873015873,1.78305959241558,1.44794950840883,3.59098559009589,86.6801216174694
15.2141865079365,1.78296237411417,1.44808433702966,3.58926819428427,86.6814780195131
15.2142857142857,1.78286505561245,1.4482190712735,3.58755161968268,86.6828342013133
15.2143849206349,1.78276763703096,1.44835371116196,3.58583586590621,86.6841901629154
15.2144841269841,1.78267011849027,1.44848825671657,3.58412093257013,86.6855459043646
15.2145833333333,1.782572500111,1.44862270795889,3.58240681928969,86.6869014257064
15.2146825396825,1.78247478201382,1.44875706491036,3.58069352568046,86.6882567269858
15.2147817460317,1.78237696431942,1.44889132759243,3.57898105135798,86.6896118082481
15.214880952381,1.78227904714855,1.44902549602649,3.57726939593811,86.6909666695383
15.2149801587302,1.782181030622,1.44915957023387,3.57555855903668,86.6923213109016
15.2150793650794,1.7820829148606,1.44929355023588,3.57384854026983,86.6936757323829
15.2151785714286,1.78198469998523,1.44942743605379,3.57213933925365,86.6950299340273
15.2152777777778,1.78188638611682,1.44956122770879,3.57043095560459,86.6963839158795
15.215376984127,1.78178797337631,1.44969492522207,3.56872338893901,86.6977376779846
15.2154761904762,1.78168946188473,1.44982852861475,3.56701663887365,86.6990912203872
15.2155753968254,1.7815908517631,1.44996203790792,3.56531070502515,86.7004445431322
15.2156746031746,1.78149214313254,1.45009545312262,3.56360558701053,86.7017976462643
15.2157738095238,1.78139333611417,1.45022877427985,3.56190128444672,86.7031505298282
15.215873015873,1.78129443082917,1.45036200140056,3.56019779695096,86.7045031938684
15.2159722222222,1.78119542739877,1.45049513450566,3.55849512414062,86.7058556384295
15.2160714285714,1.78109632594422,1.45062817361602,3.55679326563308,86.7072078635561
15.2161706349206,1.78099712658683,1.45076111875247,3.55509222104604,86.7085598692926
15.2162698412698,1.78089782944797,1.45089396993579,3.55339198999716,86.7099116556834
15.216369047619,1.78079843464901,1.45102672718672,3.55169257210443,86.7112632227728
15.2164682539683,1.78069894231139,1.45115939052594,3.54999396698578,86.7126145706053
15.2165674603175,1.78059935255661,1.45129195997412,3.54829617425948,86.713965699225
15.2166666666667,1.78049966550617,1.45142443555186,3.54659919354376,86.7153166086761
15.2167658730159,1.78039988128166,1.45155681727973,3.54490302445716,86.7166672990029
15.2168650793651,1.78030000000466,1.45168910517824,3.54320766661821,86.7180177702494
15.2169642857143,1.78020002179685,1.45182129926788,3.54151311964572,86.7193680224597
15.2170634920635,1.78009994677991,1.45195339956908,3.5398193831585,86.7207180556778
15.2171626984127,1.77999977507559,1.45208540610223,3.53812645677565,86.7220678699477
15.2172619047619,1.77989950680566,1.45221731888768,3.53643434011625,86.7234174653132
15.2173611111111,1.77979914209195,1.45234913794574,3.53474303279966,86.7247668418183
15.2174603174603,1.77969868105634,1.45248086329666,3.53305253444537,86.7261159995067
15.2175595238095,1.77959812382072,1.45261249496067,3.53136284467288,86.7274649384223
15.2176587301587,1.77949747050707,1.45274403295793,3.52967396310201,86.7288136586086
15.2177579365079,1.77939672123736,1.45287547730859,3.52798588935255,86.7301621601095
15.2178571428571,1.77929587613366,1.45300682803273,3.5262986230446,86.7315104429684
15.2179563492064,1.77919493531803,1.45313808515039,3.52461216379822,86.732858507229
15.2180555555556,1.77909389891262,1.45326924868158,3.52292651123381,86.7342063529347
15.2181547619048,1.77899276703957,1.45340031864625,3.52124166497171,86.735553980129
15.218253968254,1.77889153982113,1.45353129506432,3.5195576246326,86.7369013888553
15.2183531746032,1.77879021737953,1.45366217795566,3.51787438983711,86.7382485791571
15.2184523809524,1.77868879983708,1.4537929673401,3.51619196020619,86.7395955510774
15.2185515873016,1.77858728731612,1.45392366323742,3.51451033536076,86.7409423046598
15.2186507936508,1.77848567993904,1.45405426566737,3.51282951492206,86.7422888399473
15.21875,1.77838397782827,1.45418477464964,3.51114949851128,86.7436351569831
15.2188492063492,1.77828218110628,1.4543151902039,3.50947028574989,86.7449812558103
15.2189484126984,1.77818028989558,1.45444551234973,3.50779187625953,86.746327136472
15.2190476190476,1.77807830431874,1.45457574110673,3.5061142696618,86.7476727990112
15.2191468253968,1.77797622449836,1.45470587649441,3.50443746557866,86.7490182434708
15.219246031746,1.77787405055707,1.45483591853226,3.50276146363201,86.7503634698938
15.2193452380952,1.77777178261758,1.45496586723971,3.50108626344407,86.7517084783229
15.2194444444444,1.77766942080261,1.45509572263616,3.49941186463704,86.753053268801
15.2195436507936,1.77756696523494,1.45522548474095,3.49773826683343,86.7543978413709
15.2196428571429,1.77746441603738,1.45535515357341,3.49606546965571,86.7557421960753
15.2197420634921,1.7773617733328,1.45548472915278,3.49439347272667,86.7570863329568
15.2198412698413,1.7772590372441,1.4556142114983,3.49272227566907,86.758430252058
15.2199404761905,1.77715620789422,1.45574360062915,3.49105187810598,86.7597739534215
15.2200396825397,1.77705328540616,1.45587289656445,3.48938227966045,86.7611174370898
15.2201388888889,1.77695026990295,1.4560020993233,3.48771347995583,86.7624607031052
15.2202380952381,1.77684716150767,1.45613120892474,3.48604547861544,86.7638037515104
15.2203373015873,1.77674396034343,1.4562602253878,3.48437827526288,86.7651465823476
15.2204365079365,1.77664066653341,1.45638914873141,3.4827118695219,86.766489195659
15.2205357142857,1.7765372802008,1.4565179789745,3.48104626101623,86.767831591487
15.2206349206349,1.77643380146885,1.45664671613595,3.47938144936995,86.7691737698737
15.2207341269841,1.77633023046086,1.4567753602346,3.47771743420708,86.7705157308614
15.2208333333333,1.77622656730017,1.45690391128921,3.47605421515197,86.771857474492
15.2209325396825,1.77612281211015,1.45703236931855,3.47439179182894,86.7731990008078
15.2210317460317,1.77601896501422,1.45716073434132,3.47273016386261,86.7745403098506
15.221130952381,1.77591502613585,1.45728900637616,3.47106933087759,86.7758814016624
15.2212301587302,1.77581099559854,1.4574171854417,3.46940929249878,86.7772222762851
15.2213293650794,1.77570687352586,1.45754527155651,3.46775004835108,86.7785629337606
15.2214285714286,1.77560266004138,1.45767326473912,3.46609159805966,86.7799033741307
15.2215277777778,1.77549835526876,1.45780116500801,3.46443394124971,86.7812435974371
15.221626984127,1.77539395933166,1.45792897238162,3.46277707754669,86.7825836037215
15.2217261904762,1.77528947235382,1.45805668687836,3.46112100657605,86.7839233930256
15.2218253968254,1.775184894459,1.45818430851657,3.45946572796352,86.785262965391
15.2219246031746,1.77508022577102,1.45831183731457,3.45781124133495,86.7866023208592
15.2220238095238,1.77497546641372,1.45843927329062,3.45615754631622,86.7879414594717
15.222123015873,1.774870616511,1.45856661646296,3.45450464253351,86.78928038127
15.2222222222222,1.7747656761868,1.45869386684976,3.45285252961297,86.7906190862955
15.2223214285714,1.7746606455651,1.45882102446916,3.45120120718108,86.7919575745895
15.2224206349206,1.77455552476993,1.45894808933926,3.44955067486426,86.7932958461933
15.2225198412698,1.77445031392537,1.4590750614781,3.44790093228929,86.7946339011482
15.222619047619,1.77434501315551,1.45920194090371,3.44625197908287,86.7959717394954
15.2227182539683,1.77423962258452,1.45932872763403,3.44460381487204,86.797309361276
15.2228174603175,1.77413414233659,1.459455421687,3.44295643928381,86.7986467665311
15.2229166666667,1.77402857253597,1.45958202308049,3.44130985194549,86.7999839553018
15.2230158730159,1.77392291330694,1.45970853183234,3.43966405248436,86.8013209276291
15.2231150793651,1.77381716477383,1.45983494796033,3.43801904052805,86.8026576835538
15.2232142857143,1.773711327061,1.45996127148222,3.4363748157041,86.803994223117
15.2233134920635,1.77360540029288,1.46008750241571,3.43473137764036,86.8053305463595
15.2234126984127,1.77349938459393,1.46021364077847,3.43308872596482,86.806666653322
15.2235119047619,1.77339328008863,1.46033968658811,3.43144686030547,86.8080025440453
15.2236111111111,1.77328708690154,1.4604656398622,3.42980578029061,86.8093382185701
15.2237103174603,1.77318080515724,1.46059150061828,3.42816548554853,86.8106736769371
15.2238095238095,1.77307443498037,1.46071726887384,3.42652597570782,86.8120089191868
15.2239087301587,1.77296797649558,1.46084294464632,3.42488725039704,86.8133439453598
15.2240079365079,1.77286142982762,1.46096852795312,3.42324930924506,86.8146787554965
15.2241071428571,1.77275479510122,1.46109401881161,3.42161215188072,86.8160133496375
15.2242063492063,1.77264807244119,1.46121941723909,3.41997577793319,86.8173477278231
15.2243055555556,1.77254126197238,1.46134472325284,3.41834018703158,86.8186818900938
15.2244047619048,1.77243436381969,1.46146993687009,3.41670537880535,86.8200158364896
15.224503968254,1.77232737810803,1.46159505810802,3.4150713528839,86.821349567051
15.2246031746032,1.77222030496238,1.46172008698377,3.41343810889695,86.8226830818181
15.2247023809524,1.77211314450777,1.46184502351444,3.4118056464742,86.824016380831
15.2248015873016,1.77200589686925,1.4619698677171,3.41017396524561,86.8253494641299
15.2249007936508,1.77189856217194,1.46209461960874,3.40854306484129,86.8266823317548
15.225,1.77179114054096,1.46221927920633,3.40691294489134,86.8280149837457
15.2250992063492,1.77168363210153,1.46234384652681,3.40528360502621,86.8293474201424
15.2251984126984,1.77157603697887,1.46246832158706,3.4036550448763,86.8306796409851
15.2252976190476,1.77146835529826,1.4625927044039,3.40202726407231,86.8320116463133
15.2253968253968,1.77136058718501,1.46271699499415,3.40040026224493,86.833343436167
15.225496031746,1.7712527327645,1.46284119337454,3.39877403902516,86.8346750105859
15.2255952380952,1.77114479216212,1.46296529956179,3.39714859404397,86.8360063696097
15.2256944444444,1.77103676550334,1.46308931357256,3.39552392693263,86.8373375132781
15.2257936507937,1.77092865291363,1.46321323542348,3.39390003732239,86.8386684416305
15.2258928571429,1.77082045451855,1.46333706513111,3.39227692484482,86.8399991547067
15.2259920634921,1.77071217044366,1.46346080271201,3.39065458913145,86.841329652546
15.2260912698413,1.77060380081459,1.46358444818266,3.38903302981413,86.8426599351878
15.2261904761905,1.770495345757,1.4637080015595,3.38741224652466,86.8439900026717
15.2262896825397,1.77038680539661,1.46383146285895,3.38579223889515,86.845319855037
15.2263888888889,1.77027817985916,1.46395483209736,3.3841730065578,86.8466494923228
15.2264880952381,1.77016946927045,1.46407810929106,3.38255454914487,86.8479789145685
15.2265873015873,1.77006067375632,1.46420129445631,3.38093686628891,86.8493081218132
15.2266865079365,1.76995179344265,1.46432438760935,3.37931995762244,86.8506371140962
15.2267857142857,1.76984282845536,1.46444738876637,3.3777038227783,86.8519658914564
15.2268849206349,1.76973377892042,1.46457029794352,3.37608846138929,86.853294453933
15.2269841269841,1.76962464496384,1.46469311515689,3.37447387308853,86.8546228015648
15.2270833333333,1.76951542671168,1.46481584042254,3.37286005750911,86.855950934391
15.2271825396825,1.76940612429003,1.46493847375649,3.37124701428444,86.8572788524502
15.2272817460317,1.76929673782503,1.46506101517472,3.36963474304788,86.8586065557814
15.227380952381,1.76918726744287,1.46518346469314,3.36802324343313,86.8599340444234
15.2274801587302,1.76907771326977,1.46530582232765,3.36641251507383,86.861261318415
15.2275793650794,1.768968075432,1.46542808809408,3.36480255760395,86.8625883777947
15.2276785714286,1.76885835405587,1.46555026200824,3.36319337065744,86.8639152226012
15.2277777777778,1.76874854926774,1.46567234408587,3.3615849538685,86.8652418528732
15.227876984127,1.76863866119402,1.4657943343427,3.35997730687149,86.8665682686491
15.2279761904762,1.76852868996113,1.46591623279439,3.35837042930075,86.8678944699675
15.2280753968254,1.76841863569557,1.46603803945656,3.35676432079098,86.8692204568667
15.2281746031746,1.76830849852386,1.4661597543448,3.35515898097681,86.8705462293852
15.2282738095238,1.76819827857258,1.46628137747464,3.35355440949321,86.8718717875613
15.228373015873,1.76808797596833,1.46640290886159,3.3519506059751,86.8731971314334
15.2284722222222,1.76797759083779,1.46652434852108,3.35034757005773,86.8745222610395
15.2285714285714,1.76786712330764,1.46664569646854,3.3487453013763,86.8758471764179
15.2286706349206,1.76775657350464,1.46676695271932,3.34714379956635,86.8771718776068
15.2287698412698,1.76764594155557,1.46688811728875,3.34554306426336,86.8784963646443
15.228869047619,1.76753522758726,1.4670091901921,3.34394309510314,86.8798206375683
15.2289682539683,1.76742443172659,1.46713017144462,3.34234389172148,86.8811446964169
15.2290674603175,1.76731355410046,1.46725106106148,3.34074545375447,86.8824685412279
15.2291666666667,1.76720259483585,1.46737185905786,3.33914778083815,86.8837921720394
15.2292658730159,1.76709155405975,1.46749256544883,3.33755087260887,86.8851155888891
15.2293650793651,1.76698043189921,1.46761318024948,3.3359547287031,86.8864387918147
15.2294642857143,1.76686922848132,1.46773370347481,3.33435934875733,86.8877617808541
15.2295634920635,1.76675794393322,1.4678541351398,3.33276473240834,86.8890845560448
15.2296626984127,1.76664657838207,1.46797447525939,3.33117087929291,86.8904071174247
15.2297619047619,1.7665351319551,1.46809472384846,3.32957778904813,86.8917294650311
15.2298611111111,1.76642360477956,1.46821488092186,3.32798546131103,86.8930515989018
15.2299603174603,1.76631199698277,1.46833494649438,3.326393895719,86.8943735190741
15.2300595238095,1.76620030869207,1.4684549205808,3.32480309190935,86.8956952255854
15.2301587301587,1.76608854003485,1.46857480319581,3.32321304951974,86.8970167184732
15.2302579365079,1.76597669113855,1.4686945943541,3.32162376818779,86.8983379977748
15.2303571428571,1.76586476213064,1.4688142940703,3.32003524755143,86.8996590635275
15.2304563492063,1.76575275313865,1.46893390235898,3.31844748724855,86.9009799157685
15.2305555555556,1.76564066429014,1.46905341923469,3.31686048691737,86.902300554535
15.2306547619048,1.76552849571272,1.46917284471194,3.31527424619607,86.9036209798641
15.230753968254,1.76541624753403,1.46929217880516,3.31368876472312,86.904941191793
15.2308531746032,1.76530391988177,1.46941142152878,3.31210404213709,86.9062611903585
15.2309523809524,1.76519151288368,1.46953057289717,3.31052007807661,86.9075809755978
15.2310515873016,1.76507902666754,1.46964963292465,3.30893687218058,86.9089005475476
15.2311507936508,1.76496646136116,1.46976860162549,3.30735442408791,86.9102199062451
15.23125,1.76485381709242,1.46988747901395,3.30577273343779,86.9115390517269
15.2313492063492,1.76474109398922,1.47000626510421,3.3041917998694,86.9128579840298
15.2314484126984,1.76462829217952,1.47012495991043,3.30261162302223,86.9141767031906
15.2315476190476,1.76451541179131,1.47024356344672,3.30103220253573,86.9154952092459
15.2316468253968,1.76440245295263,1.47036207572713,3.29945353804968,86.9168135022324
15.231746031746,1.76428941579156,1.4704804967657,3.29787562920381,86.9181315821867
15.2318452380952,1.76417630043623,1.4705988265764,3.29629847563818,86.9194494491453
15.2319444444444,1.7640631070148,1.47071706517316,3.2947220769928,86.9207671031446
15.2320436507936,1.76394983565549,1.47083521256989,3.29314643290802,86.9220845442211
15.2321428571429,1.76383648648655,1.47095326878042,3.29157154302415,86.9234017724112
15.2322420634921,1.76372305963627,1.47107123381856,3.28999740698175,86.9247187877512
15.2323412698413,1.76360955523301,1.47118910769808,3.28842402442154,86.9260355902773
15.2324404761905,1.76349597340513,1.47130689043269,3.28685139498426,86.9273521800258
15.2325396825397,1.76338231428108,1.47142458203606,3.28527951831095,86.928668557033
15.2326388888889,1.76326857798931,1.47154218252184,3.28370839404262,86.9299847213348
15.2327380952381,1.76315476465834,1.4716596919036,3.2821380218206,86.9313006729674
15.2328373015873,1.76304087441673,1.4717771101949,3.28056840128619,86.9326164119669
15.2329365079365,1.76292690739308,1.47189443740923,3.27899953208099,86.9339319383691
15.2330357142857,1.76281286371603,1.47201167356006,3.27743141384659,86.93524725221
15.2331349206349,1.76269874351426,1.4721288186608,3.27586404622487,86.9365623535255
15.2332341269841,1.76258454691651,1.47224587272481,3.27429742885771,86.9378772423515
15.2333333333333,1.76247027405154,1.47236283576544,3.27273156138726,86.9391919187236
15.2334325396825,1.76235592504818,1.47247970779596,3.27116644345569,86.9405063826777
15.2335317460317,1.76224150003527,1.47259648882962,3.26960207470545,86.9418206342493
15.233630952381,1.76212699914173,1.47271317887961,3.26803845477897,86.9431346734742
15.2337301587302,1.76201242249649,1.4728297779591,3.26647558331894,86.9444485003878
15.2338293650794,1.76189777022855,1.47294628608118,3.26491345996821,86.9457621150258
15.2339285714286,1.76178304246692,1.47306270325894,3.26335208436963,86.9470755174236
15.2340277777778,1.7616682393407,1.47317902950539,3.26179145616636,86.9483887076165
15.234126984127,1.761553360979,1.47329526483353,3.26023157500155,86.9497016856401
15.2342261904762,1.76143840751097,1.47341140925627,3.25867244051863,86.9510144515296
15.2343253968254,1.76132337906582,1.47352746278654,3.25711405236104,86.9523270053203
15.2344246031746,1.76120827577279,1.47364342543716,3.2555564101725,86.9536393470473
15.2345238095238,1.76109309776118,1.47375929722096,3.25399951359671,86.954951476746
15.234623015873,1.76097784516033,1.47387507815069,3.25244336227769,86.9562633944514
15.2347222222222,1.76086251809959,1.47399076823909,3.25088795585943,86.9575751001985
15.2348214285714,1.7607471167084,1.47410636749882,3.24933329398622,86.9588865940225
15.2349206349206,1.76063164111622,1.47422187594253,3.24777937630233,86.9601978759582
15.2350198412698,1.76051609145255,1.4743372935828,3.24622620245234,86.9615089460406
15.235119047619,1.76040046784693,1.47445262043219,3.2446737720808,86.9628198043046
15.2352182539683,1.76028477042897,1.4745678565032,3.24312208483254,86.964130450785
15.2353174603175,1.7601689993283,1.47468300180829,3.24157114035251,86.9654408855165
15.2354166666667,1.7600531546746,1.47479805635988,3.2400209382857,86.966751108534
15.2355158730159,1.75993723659758,1.47491302017035,3.23847147827738,86.968061119872
15.2356150793651,1.75982124522701,1.47502789325202,3.23692275997283,86.9693709195651
15.2357142857143,1.7597051806927,1.47514267561719,3.23537478301761,86.970680507648
15.2358134920635,1.7595890431245,1.4752573672781,3.23382754705725,86.9719898841552
15.2359126984127,1.7594728326523,1.47537196824695,3.23228105173763,86.9732990491211
15.2360119047619,1.75935654940604,1.47548647853591,3.23073529670456,86.9746080025802
15.2361111111111,1.75924019351571,1.47560089815708,3.22919028160418,86.9759167445667
15.2362103174603,1.75912376511131,1.47571522712254,3.22764600608259,86.9772252751152
15.2363095238095,1.75900726432293,1.47582946544432,3.22610246978623,86.9785335942597
15.2364087301587,1.75889069128067,1.4759436131344,3.22455967236147,86.9798417020346
15.2365079365079,1.75877404611468,1.47605767020473,3.22301761345503,86.981149598474
15.2366071428571,1.75865732895515,1.47617163666721,3.22147629271357,86.982457283612
15.2367063492064,1.75854053993233,1.47628551253368,3.21993570978404,86.9837647574827
15.2368055555556,1.75842367917651,1.47639929781596,3.21839586431352,86.9850720201201
15.2369047619048,1.75830674681799,1.47651299252583,3.21685675594912,86.9863790715581
15.237003968254,1.75818974298716,1.47662659667499,3.21531838433824,86.9876859118308
15.2371031746032,1.75807266781443,1.47674011027515,3.21378074912827,86.9889925409719
15.2372023809524,1.75795552143024,1.47685353333793,3.2122438499669,86.9902989590153
15.2373015873016,1.7578383039651,1.47696686587493,3.21070768650179,86.9916051659948
15.2374007936508,1.75772101554955,1.47708010789771,3.20917225838093,86.992911161944
15.2375,1.75760365631417,1.47719325941777,3.20763756525225,86.9942169468967
15.2375992063492,1.75748622638959,1.47730632044657,3.20610360676402,86.9955225208863
15.2376984126984,1.75736872590648,1.47741929099555,3.20457038256447,86.9968278839467
15.2377976190476,1.75725115499556,1.47753217107607,3.20303789230214,86.9981330361111
15.2378968253968,1.75713351378757,1.47764496069947,3.20150613562555,86.9994379774131
15.237996031746,1.75701580241333,1.47775765987705,3.19997511218352,87.0007427078861
15.2380952380952,1.75689802100366,1.47787026862006,3.19844482162485,87.0020472275636
15.2381944444444,1.75678016968947,1.47798278693969,3.1969152635986,87.0033515364787
15.2382936507937,1.75666224860168,1.47809521484712,3.19538643775398,87.0046556346647
15.2383928571429,1.75654425787126,1.47820755235345,3.19385834374022,87.005959522155
15.2384920634921,1.75642619762923,1.47831979946977,3.19233098120684,87.0072631989825
15.2385912698413,1.75630806800664,1.47843195620711,3.19080434980335,87.0085666651805
15.2386904761905,1.7561898691346,1.47854402257646,3.18927844917957,87.009869920782
15.2387896825397,1.75607160114425,1.47865599858876,3.18775327898529,87.0111729658201
15.2388888888889,1.75595326416678,1.4787678842549,3.18622883887059,87.0124758003276
15.2389880952381,1.75583485833343,1.47887967958577,3.18470512848556,87.0137784243376
15.2390873015873,1.75571638377546,1.47899138459216,3.18318214748058,87.0150808378828
15.2391865079365,1.7555978406242,1.47910299928485,3.181659895506,87.0163830409961
15.2392857142857,1.755479229011,1.47921452367456,3.18013837221248,87.0176850337102
15.2393849206349,1.75536054906728,1.479325957772,3.17861757725066,87.0189868160579
15.2394841269841,1.75524180092447,1.47943730158778,3.17709751027149,87.0202883880718
15.2395833333333,1.75512298471406,1.47954855513253,3.17557817092589,87.0215897497846
15.2396825396825,1.7550041005676,1.47965971841678,3.17405955886504,87.0228909012287
15.2397817460317,1.75488514861665,1.47977079145105,3.17254167374028,87.0241918424367
15.239880952381,1.75476612899284,1.47988177424582,3.17102451520296,87.0254925734412
15.2399801587302,1.75464704182783,1.4799926668115,3.16950808290472,87.0267930942743
15.2400793650794,1.75452788725332,1.48010346915848,3.1679923764972,87.0280934049687
15.2401785714286,1.75440866540108,1.4802141812971,3.16647739563232,87.0293935055564
15.2402777777778,1.75428937640287,1.48032480323765,3.16496313996201,87.0306933960699
15.240376984127,1.75417002039055,1.48043533499038,3.16344960913849,87.0319930765413
15.2404761904762,1.75405059749599,1.48054577656551,3.16193680281394,87.0332925470028
15.2405753968254,1.75393110785111,1.48065612797319,3.16042472064087,87.0345918074865
15.2406746031746,1.75381155158788,1.48076638922356,3.15891336227176,87.0358908580244
15.2407738095238,1.7536919288383,1.48087656032668,3.1574027273594,87.0371896986486
15.240873015873,1.75357223973443,1.48098664129261,3.15589281555654,87.038488329391
15.2409722222222,1.75345248440836,1.48109663213131,3.15438362651625,87.0397867502836
15.2410714285714,1.75333266299223,1.48120653285276,3.15287515989159,87.0410849613581
15.2411706349206,1.75321277561822,1.48131634346684,3.15136741533585,87.0423829626465
15.2412698412698,1.75309282241855,1.48142606398343,3.14986039250249,87.0436807541803
15.241369047619,1.75297280352549,1.48153569441234,3.14835409104498,87.0449783359915
15.2414682539683,1.75285271907135,1.48164523476334,3.1468485106171,87.0462757081115
15.2415674603175,1.75273256918848,1.48175468504618,3.14534365087259,87.0475728705722
15.2416666666667,1.75261235400929,1.48186404527054,3.14383951146552,87.0488698234048
15.2417658730159,1.7524920736662,1.48197331544606,3.14233609204992,87.0501665666411
15.2418650793651,1.7523717282917,1.48208249558234,3.14083339228013,87.0514631003125
15.2419642857143,1.75225131801832,1.48219158568895,3.13933141181047,87.0527594244503
15.2420634920635,1.75213084297862,1.4823005857754,3.13783015029557,87.0540555390859
15.2421626984127,1.75201030330522,1.48240949585116,3.13632960739002,87.0553514442506
15.2422619047619,1.75188969913078,1.48251831592566,3.13482978274874,87.0566471399757
15.2423611111111,1.75176903058799,1.48262704600829,3.1333306760266,87.0579426262925
15.2424603174603,1.75164829780959,1.48273568610839,3.13183228687881,87.0592379032319
15.2425595238095,1.75152750092837,1.48284423623526,3.13033461496052,87.0605329708252
15.2426587301587,1.75140664007715,1.48295269639814,3.12883765992716,87.0618278291034
15.2427579365079,1.75128571538881,1.48306106660627,3.12734142143432,87.0631224780975
15.2428571428571,1.75116472699626,1.48316934686879,3.12584589913759,87.0644169178385
15.2429563492063,1.75104367503246,1.48327753719485,3.12435109269285,87.0657111483572
15.2430555555556,1.7509225596304,1.48338563759352,3.122857001756,87.0670051696846
15.2431547619048,1.75080138092314,1.48349364807383,3.1213636259832,87.0682989818514
15.243253968254,1.75068013904376,1.4836015686448,3.11987096503062,87.0695925848884
15.2433531746032,1.75055883412539,1.48370939931536,3.11837901855471,87.0708859788262
15.2434523809524,1.75043746630119,1.48381714009443,3.11688778621193,87.0721791636957
15.2435515873016,1.7503160357044,1.48392479099086,3.11539726765902,87.0734721395272
15.2436507936508,1.75019454246825,1.4840323520135,3.1139074625527,87.0747649063515
15.24375,1.75007298672608,1.4841398231711,3.11241837055,87.0760574641989
15.2438492063492,1.7499513686112,1.48424720447242,3.11092999130792,87.0773498131
15.2439484126984,1.74982968825702,1.48435449592614,3.1094423244838,87.0786419530852
15.2440476190476,1.74970794579696,1.4844616975409,3.1079553697349,87.0799338841847
15.2441468253968,1.7495861413645,1.48456880932533,3.10646912671879,87.081225606429
15.244246031746,1.74946427509316,1.48467583128796,3.10498359509316,87.0825171198483
15.2443452380952,1.7493423471165,1.48478276343734,3.10349877451573,87.0838084244727
15.2444444444444,1.74922035756812,1.48488960578192,3.10201466464452,87.0850995203324
15.2445436507937,1.74909830658168,1.48499635833015,3.10053126513752,87.0863904074576
15.2446428571429,1.74897619429086,1.48510302109041,3.09904857565305,87.0876810858782
15.2447420634921,1.74885402082939,1.48520959407105,3.09756659584937,87.0889715556243
15.2448412698413,1.74873178633106,1.48531607728037,3.09608532538508,87.0902618167258
15.2449404761905,1.74860949092968,1.48542247072663,3.09460476391874,87.0915518692126
15.2450396825397,1.74848713475912,1.48552877441804,3.09312491110922,87.0928417131146
15.2451388888889,1.74836471795328,1.48563498836279,3.09164576661536,87.0941313484616
15.2452380952381,1.74824224064612,1.48574111256898,3.09016733009632,87.0954207752833
15.2453373015873,1.74811970297161,1.48584714704472,3.08868960121123,87.0967099936095
15.2454365079365,1.74799710506382,1.48595309179804,3.08721257961953,87.0979990034696
15.2455357142857,1.7478744470568,1.48605894683694,3.08573626498062,87.0992878048935
15.2456349206349,1.74775172908468,1.48616471216938,3.08426065695418,87.1005763979106
15.2457341269841,1.74762895128164,1.48627038780327,3.08278575520004,87.1018647825504
15.2458333333333,1.74750611378186,1.48637597374648,3.08131155937803,87.1031529588424
15.2459325396825,1.74738321671962,1.48648147000684,3.07983806914829,87.104440926816
15.2460317460317,1.7472602602292,1.48658687659212,3.07836528417094,87.1057286865005
15.246130952381,1.74713724444495,1.48669219351006,3.07689320410641,87.1070162379251
15.2462301587302,1.74701416950123,1.48679742076837,3.0754218286151,87.1083035811193
15.2463293650794,1.74689103553248,1.48690255837469,3.07395115735773,87.1095907161121
15.2464285714286,1.74676784267316,1.48700760633663,3.07248118999497,87.1108776429327
15.2465277777778,1.74664459105779,1.48711256466176,3.07101192618782,87.1121643616102
15.246626984127,1.74652128082092,1.4872174333576,3.06954336559725,87.1134508721737
15.2467261904762,1.74639791209714,1.48732221243163,3.06807550788453,87.1147371746521
15.2468253968254,1.74627448502109,1.48742690189128,3.06660835271092,87.1160232690744
15.2469246031746,1.74615099972747,1.48753150174395,3.06514189973798,87.1173091554695
15.2470238095238,1.74602745635099,1.48763601199699,3.06367614862723,87.1185948338662
15.247123015873,1.74590385502641,1.48774043265769,3.06221109904048,87.1198803042934
15.2472222222222,1.74578019588857,1.48784476373333,3.06074675063967,87.1211655667797
15.2473214285714,1.74565647907231,1.48794900523112,3.05928310308676,87.122450621354
15.2474206349206,1.74553270471253,1.48805315715824,3.05782015604402,87.1237354680447
15.2475198412698,1.74540887294417,1.48815721952182,3.05635790917368,87.1250201068806
15.247619047619,1.74528498390222,1.48826119232894,3.05489636213831,87.1263045378901
15.2477182539683,1.74516103772171,1.48836507558667,3.05343551460041,87.1275887611018
15.2478174603175,1.7450370345377,1.48846886930198,3.05197536622283,87.128872776544
15.2479166666667,1.74491297448531,1.48857257348186,3.05051591666838,87.1301565842453
15.2480158730159,1.74478885769971,1.4886761881332,3.04905716560016,87.1314401842339
15.2481150793651,1.74466468431608,1.48877971326289,3.04759911268127,87.1327235765381
15.2482142857143,1.74454045446969,1.48888314887775,3.04614175757511,87.1340067611862
15.2483134920635,1.7444161682958,1.48898649498457,3.04468509994505,87.1352897382064
15.2484126984127,1.74429182592975,1.48908975159009,3.04322913945477,87.1365725076267
15.2485119047619,1.74416742750692,1.48919291870101,3.04177387576793,87.1378550694754
15.2486111111111,1.74404297316272,1.48929599632398,3.04031930854846,87.1391374237805
15.2487103174603,1.74391846303261,1.48939898446562,3.03886543746041,87.1404195705698
15.2488095238095,1.7437938972521,1.4895018831325,3.03741226216787,87.1417015098715
15.2489087301587,1.74366927595673,1.48960469233113,3.03595978233523,87.1429832417133
15.2490079365079,1.74354459928209,1.48970741206802,3.03450799762685,87.1442647661232
15.2491071428571,1.74341986736381,1.48981004234958,3.03305690770741,87.1455460831288
15.2492063492064,1.74329508033757,1.48991258318222,3.03160651224154,87.146827192758
15.2493055555556,1.74317023833908,1.49001503457229,3.03015681089422,87.1481080950384
15.2494047619048,1.74304534150411,1.49011739652611,3.02870780333036,87.1493887899977
15.249503968254,1.74292038996847,1.49021966904992,3.0272594892152,87.1506692776635
15.2496031746032,1.742795383868,1.49032185214997,3.02581186821397,87.1519495580633
15.2497023809524,1.74267032333859,1.49042394583242,3.02436493999217,87.1532296312246
15.2498015873016,1.74254520851618,1.49052595010342,3.02291870421532,87.1545094971748
15.2499007936508,1.74242003953674,1.49062786496904,3.0214731605492,87.1557891559414
15.25,1.74229481653629,1.49072969043536,3.0200283086596,87.1570686075516
15.2500992063492,1.74216953965091,1.49083142650836,3.01858414821256,87.1583478520328
15.2501984126984,1.74204420901669,1.49093307319401,3.01714067887428,87.1596268894122
15.2502976190476,1.74191882476979,1.49103463049823,3.01569790031096,87.160905719717
15.2503968253968,1.74179338704639,1.4911360984269,3.0142558121891,87.1621843429743
15.250496031746,1.74166789598274,1.49123747698585,3.0128144141752,87.1634627592113
15.2505952380952,1.74154235171512,1.49133876618086,3.01137370593604,87.1647409684549
15.2506944444444,1.74141675437984,1.49143996601769,3.00993368713841,87.1660189707321
15.2507936507936,1.74129110411328,1.49154107650203,3.00849435744937,87.1672967660699
15.2508928571429,1.74116540105184,1.49164209763955,3.00705571653598,87.1685743544952
15.2509920634921,1.74103964533198,1.49174302943585,3.00561776406561,87.1698517360348
15.2510912698413,1.74091383709018,1.49184387189652,3.00418049970558,87.1711289107155
15.2511904761905,1.740787976463,1.49194462502708,3.00274392312354,87.172405878564
15.2512896825397,1.740662063587,1.49204528883302,3.00130803398711,87.1736826396071
15.2513888888889,1.74053609859882,1.49214586331977,2.99987283196421,87.1749591938712
15.2514880952381,1.74041008163512,1.49224634849274,2.99843831672276,87.1762355413832
15.2515873015873,1.74028401283261,1.49234674435729,2.99700448793091,87.1775116821694
15.2516865079365,1.74015789232805,1.49244705091872,2.99557134525697,87.1787876162564
15.2517857142857,1.74003172025824,1.49254726818231,2.99413888836928,87.1800633436706
15.2518849206349,1.73990549676001,1.49264739615328,2.99270711693647,87.1813388644383
15.2519841269841,1.73977922197025,1.49274743483681,2.99127603062714,87.182614178586
15.2520833333333,1.73965289602589,1.49284738423805,2.98984562911021,87.1838892861399
15.2521825396825,1.73952651906389,1.49294724436208,2.98841591205458,87.1851641871262
15.2522817460317,1.73940009122127,1.49304701521396,2.98698687912944,87.1864388815711
15.252380952381,1.73927361263508,1.49314669679871,2.98555853000398,87.1877133695009
15.2524801587302,1.73914708344243,1.49324628912127,2.98413086434767,87.1889876509414
15.2525793650794,1.73902050378046,1.49334579218659,2.98270388182997,87.1902617259189
15.2526785714286,1.73889387378635,1.49344520599952,2.98127758212066,87.1915355944592
15.2527777777778,1.73876719359733,1.49354453056493,2.97985196488946,87.1928092565883
15.252876984127,1.73864046335067,1.49364376588758,2.97842702980643,87.194082712332
15.2529761904762,1.73851368318369,1.49374291197224,2.9770027765416,87.1953559617163
15.2530753968254,1.73838685323374,1.49384196882362,2.97557920476526,87.1966290047669
15.2531746031746,1.73825997363824,1.49394093644635,2.97415631414783,87.1979018415095
15.2532738095238,1.73813304453461,1.49403981484509,2.97273410435977,87.1991744719699
15.253373015873,1.73800606606036,1.49413860402438,2.97131257507183,87.2004468961735
15.2534722222222,1.737879038353,1.49423730398878,2.96989172595475,87.2017191141462
15.2535714285714,1.73775196155013,1.49433591474276,2.96847155667956,87.2029911259132
15.2536706349206,1.73762483578934,1.49443443629078,2.96705206691729,87.2042629315002
15.2537698412698,1.7374976612083,1.49453286863723,2.96563325633924,87.2055345309326
15.253869047619,1.73737043794472,1.49463121178648,2.96421512461673,87.2068059242357
15.2539682539683,1.73724316613634,1.49472946574284,2.96279767142135,87.2080771114349
15.2540674603175,1.73711584592095,1.49482763051058,2.9613808964247,87.2093480925555
15.2541666666667,1.73698847743639,1.49492570609393,2.95996479929865,87.2106188676226
15.2542658730159,1.73686106082052,1.49502369249709,2.95854937971507,87.2118894366616
15.2543650793651,1.73673359621128,1.49512158972418,2.95713463734613,87.2131597996974
15.2544642857143,1.73660608374661,1.49521939777931,2.95572057186398,87.2144299567553
15.2545634920635,1.73647852356453,1.49531711666653,2.95430718294104,87.2156999078602
15.2546626984127,1.73635091580309,1.49541474638987,2.95289447024986,87.216969653037
15.2547619047619,1.73622326060038,1.49551228695328,2.951482433463,87.2182391923108
15.2548611111111,1.73609555809453,1.49560973836069,2.95007107225335,87.2195085257064
15.2549603174603,1.73596780842371,1.49570710061598,2.94866038629377,87.2207776532486
15.2550595238095,1.73584001172616,1.495804373723,2.94725037525741,87.2220465749622
15.2551587301587,1.73571216814014,1.49590155768554,2.94584103881742,87.223315290872
15.2552579365079,1.73558427780395,1.49599865250735,2.94443237664724,87.2245838010026
15.2553571428571,1.73545634085593,1.49609565819214,2.94302438842028,87.2258521053786
15.2554563492063,1.7353283574345,1.49619257474358,2.94161707381028,87.2271202040247
15.2555555555556,1.73520032767808,1.49628940216529,2.94021043249095,87.2283880969653
15.2556547619048,1.73507225172516,1.49638614046084,2.93880446413629,87.2296557842249
15.255753968254,1.73494412971425,1.49648278963379,2.93739916842029,87.230923265828
15.2558531746032,1.73481596178393,1.4965793496876,2.93599454501724,87.232190541799
15.2559523809524,1.7346877480728,1.49667582062574,2.93459059360141,87.2334576121621
15.2560515873016,1.73455948871951,1.49677220245162,2.93318731384735,87.2347244769416
15.2561507936508,1.73443118386277,1.49686849516858,2.93178470542972,87.2359911361618
15.25625,1.7343028336413,1.49696469877996,2.93038276802322,87.2372575898469
15.2563492063492,1.7341744381939,1.49706081328903,2.92898150130286,87.2385238380209
15.2564484126984,1.73404599765939,1.49715683869902,2.92758090494361,87.239789880708
15.2565476190476,1.73391751217663,1.49725277501312,2.92618097862075,87.2410557179321
15.2566468253968,1.73378898188454,1.49734862223448,2.92478172200954,87.2423213497172
15.256746031746,1.73366040692207,1.49744438036619,2.92338313478556,87.2435867760874
15.2568452380952,1.73353178742822,1.49754004941132,2.92198521662435,87.2448519970664
15.2569444444444,1.73340312354204,1.49763562937289,2.92058796720175,87.246117012678
15.2570436507937,1.73327441540259,1.49773112025386,2.9191913861936,87.2473818229461
15.2571428571429,1.73314566314902,1.49782652205716,2.91779547327602,87.2486464278944
15.2572420634921,1.73301686692049,1.49792183478569,2.91640022812514,87.2499108275465
15.2573412698413,1.73288802685622,1.49801705844228,2.91500565041735,87.251175021926
15.2574404761905,1.73275914309545,1.49811219302973,2.91361173982906,87.2524390110567
15.2575396825397,1.7326302157775,1.4982072385508,2.91221849603693,87.2537027949618
15.2576388888889,1.73250124504171,1.4983021950082,2.91082591871775,87.254966373665
15.2577380952381,1.73237223102746,1.4983970624046,2.90943400754834,87.2562297471897
15.2578373015873,1.73224317387418,1.49849184074263,2.90804276220583,87.2574929155592
15.2579365079365,1.73211407372134,1.49858653002486,2.90665218236731,87.2587558787968
15.2580357142857,1.73198493070846,1.49868113025385,2.90526226771019,87.2600186369259
15.2581349206349,1.73185574497509,1.49877564143207,2.90387301791186,87.2612811899696
15.2582341269841,1.73172651666085,1.49887006356199,2.90248443265001,87.2625435379512
15.2583333333333,1.73159724590537,1.49896439664602,2.9010965116023,87.2638056808937
15.2584325396825,1.73146793284834,1.49905864068651,2.8997092544467,87.2650676188201
15.2585317460317,1.7313385776295,1.4991527956858,2.89832266086117,87.2663293517537
15.258630952381,1.73120918038861,1.49924686164616,2.89693673052396,87.2675908797172
15.2587301587302,1.7310797412655,1.49934083856983,2.8955514631133,87.2688522027337
15.2588293650794,1.73095026040002,1.499434726459,2.89416685830773,87.2701133208259
15.2589285714286,1.73082073793209,1.49952852531582,2.89278291578577,87.2713742340168
15.2590277777778,1.73069117400164,1.49962223514239,2.8913996352262,87.2726349423291
15.259126984127,1.73056156874867,1.49971585594078,2.89001701630793,87.2738954457855
15.2592261904762,1.73043192231321,1.49980938771302,2.88863505870992,87.2751557444087
15.2593253968254,1.73030223483534,1.49990283046106,2.8872537621114,87.2764158382212
15.2594246031746,1.73017250645517,1.49999618418685,2.8858731261916,87.2776757272457
15.2595238095238,1.73004273731287,1.50008944889227,2.88449315063005,87.2789354115047
15.259623015873,1.72991292754865,1.50018262457918,2.88311383510626,87.2801948910207
15.2597222222222,1.72978307730275,1.50027571124936,2.88173517930003,87.281454165816
15.2598214285714,1.72965318671547,1.50036870890459,2.88035718289116,87.2827132359131
15.2599206349206,1.72952325592714,1.50046161754658,2.87897984555974,87.2839721013342
15.2600198412698,1.72939328507813,1.500554437177,2.87760316698584,87.2852307621017
15.260119047619,1.72926327430889,1.50064716779748,2.87622714684984,87.2864892182377
15.2602182539683,1.72913322375985,1.5007398094096,2.87485178483211,87.2877474697644
15.2603174603175,1.72900313357155,1.50083236201491,2.87347708061328,87.2890055167039
15.2604166666667,1.72887300388451,1.50092482561492,2.87210303387402,87.2902633590784
15.2605158730159,1.72874283483935,1.50101720021106,2.87072964429522,87.2915209969098
15.2606150793651,1.7286126265767,1.50110948580476,2.86935691155792,87.29277843022
15.2607142857143,1.72848237923723,1.50120168239739,2.86798483534318,87.2940356590311
15.2608134920635,1.72835209296167,1.50129378999026,2.86661341533239,87.2952926833648
15.2609126984127,1.72822176789079,1.50138580858467,2.86524265120687,87.296549503243
15.2610119047619,1.7280914041654,1.50147773818185,2.86387254264829,87.2978061186874
15.2611111111111,1.72796100192635,1.50156957878301,2.86250308933826,87.2990625297198
15.2612103174603,1.72783056131454,1.50166133038928,2.86113429095874,87.3003187363618
15.2613095238095,1.72770008247091,1.50175299300178,2.85976614719162,87.3015747386351
15.2614087301587,1.72756956553643,1.50184456662158,2.85839865771913,87.3028305365612
15.2615079365079,1.72743901065214,1.5019360512497,2.85703182222346,87.3040861301616
15.2616071428571,1.7273084179591,1.50202744688712,2.85566564038711,87.3053415194578
15.2617063492063,1.72717778759843,1.50211875353477,2.85430011189257,87.3065967044712
15.2618055555556,1.72704711971128,1.50220997119355,2.8529352364226,87.3078516852231
15.2619047619048,1.72691641443885,1.5023010998643,2.85157101365998,87.309106461735
15.262003968254,1.72678567192237,1.50239213954784,2.85020744328773,87.310361034028
15.2621031746032,1.72665489230315,1.50248309024492,2.84884452498902,87.3116154021233
15.2622023809524,1.72652407572249,1.50257395195627,2.84748225844703,87.3128695660422
15.2623015873016,1.72639322232179,1.50266472468255,2.84612064334524,87.3141235258056
15.2624007936508,1.72626233224243,1.50275540842441,2.84475967936715,87.3153772814348
15.2625,1.72613140562589,1.50284600318242,2.84339936619651,87.3166308329507
15.2625992063492,1.72600044261367,1.50293650895715,2.84203970351708,87.3178841803743
15.2626984126984,1.72586944334731,1.50302692574908,2.84068069101291,87.3191373237265
15.2627976190476,1.72573840796839,1.50311725355869,2.83932232836804,87.3203902630281
15.2628968253968,1.72560733661854,1.50320749238638,2.83796461526681,87.3216429982999
15.262996031746,1.72547622943945,1.50329764223253,2.83660755139354,87.3228955295628
15.2630952380952,1.72534508657281,1.50338770309746,2.83525113643285,87.3241478568374
15.2631944444444,1.7252139081604,1.50347767498147,2.83389537006934,87.3253999801445
15.2632936507936,1.72508269434402,1.50356755788479,2.83254025198791,87.3266518995045
15.2633928571429,1.7249514452655,1.50365735180763,2.83118578187346,87.3279036149381
15.2634920634921,1.72482016106674,1.50374705675014,2.82983195941113,87.3291551264657
15.2635912698413,1.72468884188968,1.50383667271243,2.8284787842862,87.3304064341079
15.2636904761905,1.72455748787628,1.50392619969458,2.82712625618399,87.331657537885
15.2637896825397,1.72442609916857,1.5040156376966,2.82577437479011,87.3329084378175
15.2638888888889,1.7242946759086,1.50410498671849,2.82442313979015,87.3341591339255
15.2639880952381,1.72416321823848,1.50419424676017,2.82307255087,87.3354096262294
15.2640873015873,1.72403172630035,1.50428341782155,2.82172260771556,87.3366599147495
15.2641865079365,1.72390020023642,1.50437249990249,2.82037331001298,87.3379099995057
15.2642857142857,1.7237686401889,1.50446149300278,2.81902465744843,87.3391598805183
15.2643849206349,1.72363704630009,1.50455039712219,2.81767664970837,87.3404095578073
15.2644841269841,1.72350541871229,1.50463921226045,2.81632928647924,87.3416590313928
15.2645833333333,1.72337375756787,1.50472793841724,2.81498256744779,87.3429083012946
15.2646825396825,1.72324206300924,1.50481657559219,2.81363649230074,87.3441573675327
15.2647817460317,1.72311033517886,1.5049051237849,2.81229106072512,87.3454062301269
15.264880952381,1.72297857421919,1.50499358299491,2.81094627240794,87.3466548890971
15.2649801587302,1.7228467802728,1.50508195322173,2.80960212703646,87.347903344463
15.2650793650794,1.72271495348225,1.50517023446482,2.8082586242981,87.3491515962443
15.2651785714286,1.72258309399017,1.50525842672361,2.80691576388029,87.3503996444607
15.2652777777778,1.72245120193922,1.50534652999746,2.80557354547076,87.3516474891317
15.265376984127,1.72231927747211,1.50543454428571,2.80423196875723,87.352895130277
15.2654761904762,1.72218732073159,1.50552246958766,2.80289103342772,87.3541425679161
15.2655753968254,1.72205533186046,1.50561030590254,2.80155073917022,87.3553898020683
15.2656746031746,1.72192331100155,1.50569805322956,2.80021108567304,87.3566368327531
15.2657738095238,1.72179125829775,1.50578571156788,2.79887207262446,87.3578836599899
15.265873015873,1.72165917389198,1.50587328091661,2.79753369971305,87.359130283798
15.2659722222222,1.72152705792721,1.50596076127483,2.7961959666274,87.3603767041966
15.2660714285714,1.72139491054645,1.50604815264157,2.79485887305635,87.3616229212048
15.2661706349206,1.72126273189274,1.5061354550158,2.79352241868877,87.362868934842
15.2662698412698,1.7211305221092,1.50622266839649,2.79218660321379,87.3641147451272
15.266369047619,1.72099828133894,1.50630979278251,2.79085142632055,87.3653603520794
15.2664682539683,1.72086600972518,1.50639682817274,2.78951688769845,87.3666057557177
15.2665674603175,1.72073370741112,1.50648377456598,2.78818298703701,87.3678509560609
15.2666666666667,1.72060137454003,1.50657063196101,2.78684972402579,87.369095953128
15.2667658730159,1.72046901125523,1.50665740035654,2.78551709835464,87.3703407469379
15.2668650793651,1.72033661770008,1.50674407975126,2.78418510971342,87.3715853375094
15.2669642857143,1.72020419401797,1.50683067014381,2.78285375779224,87.3728297248611
15.2670634920635,1.72007174035235,1.50691717153279,2.78152304228125,87.3740739090119
15.2671626984127,1.7199392568467,1.50700358391675,2.78019296287085,87.3753178899803
15.2672619047619,1.71980674364454,1.5070899072942,2.77886351925146,87.376561667785
15.2673611111111,1.71967420088945,1.5071761416636,2.77753471111378,87.3778052424445
15.2674603174603,1.71954162872505,1.50726228702338,2.7762065381485,87.3790486139773
15.2675595238095,1.71940902729499,1.50734834337191,2.77487900004659,87.3802917824019
15.2676587301587,1.71927639674297,1.50743431070754,2.77355209649905,87.3815347477367
15.2677579365079,1.71914373721274,1.50752018902855,2.77222582719713,87.38277751
15.2678571428571,1.71901104884808,1.5076059783332,2.7709001918321,87.3840200692102
15.2679563492064,1.71887833179282,1.50769167861969,2.76957519009546,87.3852624253854
15.2680555555556,1.71874558619084,1.50777728988618,2.76825082167888,87.3865045785439
15.2681547619048,1.71861281218605,1.5078628121308,2.76692708627402,87.3877465287038
15.268253968254,1.71848000992242,1.50794824535161,2.76560398357287,87.3889882758832
15.2683531746032,1.71834717954394,1.50803358954666,2.7642815132674,87.3902298201003
15.2684523809524,1.71821432119467,1.50811884471392,2.76295967504985,87.3914711613729
15.2685515873016,1.71808143501868,1.50820401085136,2.76163846861248,87.392712299719
15.2686507936508,1.71794852116012,1.50828908795686,2.76031789364784,87.3939532351566
15.26875,1.71781557976316,1.5083740760283,2.75899794984844,87.3951939677034
15.2688492063492,1.71768261097201,1.50845897506348,2.75767863690712,87.3964344973773
15.2689484126984,1.71754961493095,1.50854378506017,2.75635995451668,87.3976748241961
15.2690476190476,1.71741659178426,1.50862850601612,2.75504190237025,87.3989149481773
15.2691468253968,1.71728354167631,1.508713137929,2.7537244801609,87.4001548693388
15.269246031746,1.71715046475148,1.50879768079645,2.75240768758204,87.401394587698
15.2693452380952,1.71701736115421,1.50888213461608,2.75109152432705,87.4026341032725
15.2694444444444,1.71688423102897,1.50896649938544,2.74977599008955,87.4038734160799
15.2695436507937,1.71675107452029,1.50905077510205,2.74846108456332,87.4051125261375
15.2696428571429,1.71661789177272,1.50913496176337,2.74714680744218,87.4063514334628
15.2697420634921,1.71648468293088,1.50921905936683,2.74583315842021,87.407590138073
15.2698412698413,1.71635144813941,1.50930306790981,2.74452013719152,87.4088286399856
15.2699404761905,1.71621818754302,1.50938698738966,2.74320774345046,87.4100669392177
15.2700396825397,1.71608490128643,1.50947081780366,2.74189597689142,87.4113050357866
15.2701388888889,1.71595158951442,1.50955455914908,2.74058483720907,87.4125429297094
15.2702380952381,1.71581825237182,1.50963821142312,2.73927432409804,87.4137806210031
15.2703373015873,1.7156848900035,1.50972177462294,2.7379644372533,87.4150181096849
15.2704365079365,1.71555150255435,1.50980524874567,2.73665517636978,87.4162553957717
15.2705357142857,1.71541809016934,1.50988863378839,2.7353465411427,87.4174924792805
15.2706349206349,1.71528465299345,1.50997192974814,2.73403853126729,87.4187293602282
15.2707341269841,1.71515119117174,1.5100551366219,2.73273114643905,87.4199660386316
15.2708333333333,1.71501770484927,1.51013825440663,2.7314243863535,87.4212025145075
15.2709325396825,1.71488419417117,1.51022128309924,2.7301182507064,87.4224387878727
15.2710317460317,1.71475065928262,1.51030422269658,2.72881273919362,87.4236748587437
15.271130952381,1.71461710032881,1.51038707319548,2.72750785151112,87.4249107271374
15.2712301587302,1.71448351745502,1.5104698345927,2.7262035873551,87.4261463930703
15.2713293650794,1.71434991080652,1.510552506885,2.72489994642178,87.4273818565589
15.2714285714286,1.71421628052867,1.51063509006904,2.72359692840766,87.4286171176198
15.2715277777778,1.71408262676685,1.51071758414149,2.72229453300923,87.4298521762693
15.271626984127,1.71394894966648,1.51079998909894,2.72099275992328,87.4310870325238
15.2717261904762,1.71381524937303,1.51088230493795,2.71969160884659,87.4323216863998
15.2718253968254,1.71368152603202,1.51096453165504,2.71839107947622,87.4335561379134
15.2719246031746,1.713547779789,1.51104666924669,2.71709117150924,87.4347903870811
15.2720238095238,1.71341401078957,1.51112871770931,2.71579188464299,87.4360244339188
15.272123015873,1.71328021917938,1.5112106770393,2.71449321857483,87.4372582784428
15.2722222222222,1.71314640510411,1.511292547233,2.71319517300237,87.4384919206691
15.2723214285714,1.71301256870948,1.51137432828671,2.71189774762326,87.4397253606139
15.2724206349206,1.71287871014127,1.51145602019668,2.71060094213537,87.4409585982931
15.2725198412698,1.7127448295453,1.51153762295914,2.70930475623671,87.4421916337226
15.272619047619,1.71261092706742,1.51161913657024,2.70800918962535,87.4434244669183
15.2727182539683,1.71247700285354,1.51170056102611,2.70671424199962,87.4446570978961
15.2728174603175,1.71234305704959,1.51178189632284,2.70541991305786,87.4458895266718
15.2729166666667,1.71220908980157,1.51186314245647,2.70412620249869,87.447121753261
15.2730158730159,1.71207510125551,1.51194429942299,2.70283311002073,87.4483537776796
15.2731150793651,1.71194109155748,1.51202536721835,2.70154063532289,87.449585599943
15.2732142857143,1.71180706085359,1.51210634583848,2.70024877810406,87.4508172200671
15.2733134920635,1.71167300929002,1.51218723527922,2.69895753806344,87.4520486380671
15.2734126984127,1.71153893701295,1.5122680355364,2.69766691490021,87.4532798539587
15.2735119047619,1.71140484416864,1.51234874660581,2.69637690831385,87.4545108677573
15.2736111111111,1.71127073090338,1.51242936848318,2.69508751800381,87.4557416794783
15.2737103174603,1.7111365973635,1.5125099011642,2.69379874366986,87.4569722891369
15.2738095238095,1.71100244369537,1.51259034464452,2.69251058501175,87.4582026967486
15.2739087301587,1.71086827004542,1.51267069891975,2.69122304172947,87.4594329023285
15.2740079365079,1.71073407656011,1.51275096398545,2.68993611352318,87.4606629058919
15.2741071428571,1.71059986338593,1.51283113983714,2.68864980009304,87.4618927074538
15.2742063492063,1.71046563066945,1.5129112264703,2.68736410113952,87.4631223070293
15.2743055555556,1.71033137855725,1.51299122388036,2.68607901636308,87.4643517046336
15.2744047619048,1.71019710719597,1.5130711320627,2.68479454546446,87.4655809002815
15.274503968254,1.71006281673228,1.51315095101268,2.68351068814441,87.466809893988
15.2746031746032,1.70992850731291,1.5132306807256,2.68222744410394,87.4680386857681
15.2747023809524,1.70979417908462,1.51331032119672,2.68094481304409,87.4692672756365
15.2748015873016,1.70965983219421,1.51338987242125,2.67966279466617,87.4704956636079
15.2749007936508,1.70952546678855,1.51346933439437,2.67838138867149,87.4717238496973
15.275,1.70939108301451,1.5135487071112,2.67710059476163,87.4729518339192
15.2750992063492,1.70925668101904,1.51362799056684,2.67582041263819,87.4741796162883
15.2751984126984,1.70912226094913,1.51370718475632,2.67454084200305,87.4754071968191
15.2752976190476,1.70898782295178,1.51378628967465,2.67326188255808,87.4766345755262
15.2753968253968,1.70885336717406,1.51386530531678,2.67198353400541,87.4778617524242
15.275496031746,1.7087188937631,1.51394423167762,2.6707057960473,87.4790887275273
15.2755952380952,1.70858440286604,1.51402306875204,2.66942866838604,87.4803155008501
15.2756944444444,1.70844989463007,1.51410181653488,2.66815215072423,87.4815420724067
15.2757936507937,1.70831536920243,1.51418047502091,2.66687624276444,87.4827684422117
15.2758928571429,1.70818082673042,1.51425904420486,2.66560094420954,87.483994610279
15.2759920634921,1.70804626736133,1.51433752408145,2.6643262547624,87.485220576623
15.2760912698413,1.70791169124257,1.51441591464532,2.66305217412616,87.4864463412577
15.2761904761905,1.70777709852152,1.51449421589109,2.66177870200398,87.4876719041974
15.2762896825397,1.70764248934564,1.5145724278133,2.66050583809929,87.4888972654559
15.2763888888889,1.70750786386244,1.5146505504065,2.65923358211551,87.4901224250473
15.2764880952381,1.70737322221945,1.51472858366516,2.65796193375637,87.4913473829855
15.2765873015873,1.70723856456426,1.51480652758372,2.65669089272557,87.4925721392843
15.2766865079365,1.7071038910445,1.51488438215656,2.65542045872712,87.4937966939577
15.2767857142857,1.70696920180782,1.51496214737804,2.65415063146502,87.4950210470194
15.2768849206349,1.70683449700196,1.51503982324247,2.65288141064351,87.4962451984831
15.2769841269841,1.70669977677466,1.5151174097441,2.65161279596697,87.4974691483626
15.2770833333333,1.70656504127373,1.51519490687716,2.65034478713983,87.4986928966713
15.2771825396825,1.706430290647,1.51527231463583,2.6490773838668,87.499916443423
15.2772817460317,1.70629552504237,1.51534963301423,2.64781058585258,87.5011397886312
15.277380952381,1.70616074460776,1.51542686200646,2.64654439280215,87.5023629323093
15.2774801587302,1.70602594949114,1.51550400160656,2.64527880442052,87.5035858744707
15.2775793650794,1.70589113984054,1.51558105180853,2.64401382041294,87.5048086151289
15.2776785714286,1.705756315804,1.51565801260634,2.64274944048469,87.5060311542972
15.2777777777778,1.70562147752964,1.5157348839939,2.64148566434133,87.5072534919888
15.277876984127,1.70548662516559,1.51581166596509,2.6402224916884,87.508475628217
15.2779761904762,1.70535175886004,1.51588835851373,2.63895992223176,87.509697562995
15.2780753968254,1.70521687876123,1.51596496163361,2.63769795567723,87.5109192963359
15.2781746031746,1.70508198501743,1.51604147531847,2.63643659173093,87.5121408282527
15.2782738095238,1.70494707777695,1.51611789956202,2.63517583009899,87.5133621587586
15.278373015873,1.70481215718816,1.5161942343579,2.63391567048777,87.5145832878664
15.2784722222222,1.70467722339946,1.51627047969974,2.63265611260378,87.5158042155891
15.2785714285714,1.7045422765593,1.5163466355811,2.63139715615358,87.5170249419397
15.2786706349206,1.70440731681617,1.5164227019955,2.63013880084397,87.5182454669308
15.2787698412698,1.70427234431859,1.51649867893644,2.62888104638181,87.5194657905753
15.278869047619,1.70413735921516,1.51657456639734,2.62762389247419,87.5206859128859
15.2789682539683,1.70400236165448,1.51665036437161,2.62636733882822,87.5219058338754
15.2790674603175,1.70386735178522,1.51672607285261,2.62511138515131,87.5231255535562
15.2791666666667,1.70373232975609,1.51680169183363,2.62385603115084,87.5243450719411
15.2792658730159,1.70359729571583,1.51687722130795,2.62260127653449,87.5255643890424
15.2793650793651,1.70346224981324,1.51695266126878,2.62134712100994,87.5267835048728
15.2794642857143,1.70332719219715,1.51702801170932,2.62009356428515,87.5280024194446
15.2795634920635,1.70319212301644,1.51710327262269,2.61884060606808,87.5292211327702
15.2796626984127,1.70305704242003,1.51717844400198,2.61758824606697,87.530439644862
15.2797619047619,1.70292195055688,1.51725352584026,2.61633648399007,87.5316579557321
15.2798611111111,1.70278684757601,1.51732851813052,2.61508531954586,87.5328760653929
15.2799603174603,1.70265173362647,1.51740342086572,2.61383475244298,87.5340939738565
15.2800595238095,1.70251660885734,1.51747823403879,2.61258478239009,87.535311681135
15.2801587301587,1.70238147341777,1.5175529576426,2.61133540909615,87.5365291872405
15.2802579365079,1.70224632745694,1.51762759166999,2.61008663227011,87.537746492185
15.2803571428571,1.70211117112407,1.51770213611374,2.6088384516212,87.5389635959805
15.2804563492064,1.70197600456842,1.51777659096661,2.60759086685865,87.540180498639
15.2805555555556,1.70184082793932,1.51785095622129,2.60634387769198,87.5413972001723
15.2806547619048,1.70170564138609,1.51792523187044,2.60509748383071,87.5426137005921
15.280753968254,1.70157044505816,1.51799941790669,2.60385168498464,87.5438299999104
15.2808531746032,1.70143523910495,1.5180735143226,2.60260648086356,87.5450460981388
15.2809523809524,1.70130002367595,1.5181475211107,2.60136187117756,87.546261995289
15.2810515873016,1.70116479892069,1.51822143826348,2.60011785563673,87.5474776913726
15.2811507936508,1.70102956498872,1.51829526577338,2.59887443395142,87.5486931864012
15.28125,1.70089432202967,1.51836900363281,2.59763160583201,87.5499084803863
15.2813492063492,1.70075907019318,1.51844265183412,2.5963893709891,87.5511235733394
15.2814484126984,1.70062380962897,1.51851621036961,2.59514772913345,87.5523384652719
15.2815476190476,1.70048853863871,1.51858968003377,2.59390667963876,87.5535531570159
15.2816468253968,1.70035325357052,1.51866306246431,2.59266622154819,87.5547676502653
15.281746031746,1.7002179543263,1.51873635775234,2.59142635457419,87.5559819451308
15.2818452380952,1.70008264091311,1.5188095659433,2.59018707844888,87.5571960416762
15.2819444444444,1.69994731333801,1.51888268708258,2.58894839290433,87.5584099399656
15.2820436507936,1.69981197160817,1.51895572121552,2.58771029767284,87.5596236400627
15.2821428571429,1.69967661573076,1.51902866838744,2.58647279248666,87.5608371420313
15.2822420634921,1.69954124571305,1.51910152864362,2.58523587707826,87.5620504459352
15.2823412698413,1.69940586156234,1.51917430202931,2.58399955118005,87.5632635518381
15.2824404761905,1.69927046328597,1.51924698858969,2.58276381452469,87.5644764598037
15.2825396825397,1.69913505089136,1.51931958836995,2.58152866684475,87.5656891698956
15.2826388888889,1.69899962438597,1.51939210141521,2.58029410787306,87.5669016821773
15.2827380952381,1.6988641837773,1.51946452777057,2.57906013734238,87.5681139967126
15.2828373015873,1.69872872907294,1.51953686748107,2.57782675498565,87.5693261135647
15.2829365079365,1.69859326028049,1.51960912059175,2.57659396053593,87.5705380327973
15.2830357142857,1.69845777740763,1.51968128714758,2.57536175372622,87.5717497544737
15.2831349206349,1.69832228046208,1.5197533671935,2.57413013428978,87.5729612786574
15.2832341269841,1.69818676945163,1.51982536077443,2.5728991019598,87.5741726054116
15.2833333333333,1.69805124438411,1.51989726793523,2.57166865646969,87.5753837347997
15.2834325396825,1.69791570526739,1.51996908872075,2.57043879755282,87.5765946668849
15.2835317460317,1.69778015210942,1.52004082317576,2.56920952494279,87.5778054017305
15.283630952381,1.69764458491819,1.52011247134505,2.56798083837312,87.5790159393996
15.2837301587302,1.69750900370174,1.52018403327333,2.56675273757758,87.5802262799554
15.2838293650794,1.69737340846817,1.52025550900528,2.56552522228989,87.5814364234609
15.2839285714286,1.69723779922562,1.52032689858555,2.56429829224397,87.5826463699792
15.2840277777778,1.69710217598231,1.52039820205876,2.56307194717371,87.5838561195733
15.284126984127,1.69696653874648,1.52046941946948,2.56184618681321,87.5850656723062
15.2842261904762,1.69683088752645,1.52054055086226,2.56062101089653,87.5862750282409
15.2843253968254,1.69669522233057,1.52061159628158,2.55939641915791,87.5874841874402
15.2844246031746,1.69655954316727,1.52068255577191,2.55817241133169,87.5886931499668
15.2845238095238,1.696423850045,1.52075342937769,2.55694898715217,87.5899019158838
15.284623015873,1.6962881429723,1.52082421714329,2.55572614635389,87.5911104852537
15.2847222222222,1.69615242195772,1.52089491911308,2.55450388867134,87.5923188581394
15.2848214285714,1.69601668700991,1.52096553533137,2.55328221383923,87.5935270346034
15.2849206349206,1.69588093813754,1.52103606584244,2.55206112159222,87.5947350147086
15.2850198412698,1.69574517534934,1.52110651069052,2.55084061166517,87.5959427985174
15.285119047619,1.69560939865409,1.52117686991984,2.54962068379294,87.5971503860923
15.2852182539683,1.69547360806064,1.52124714357454,2.54840133771056,87.598357777496
15.2853174603175,1.69533780357788,1.52131733169877,2.54718257315304,87.5995649727909
15.2854166666667,1.69520198521475,1.52138743433661,2.54596438985562,87.6007719720394
15.2855158730159,1.69506615298025,1.52145745153213,2.54474678755345,87.6019787753039
15.2856150793651,1.69493030688344,1.52152738332935,2.54352976598194,87.6031853826467
15.2857142857143,1.69479444693341,1.52159722977224,2.54231332487643,87.6043917941302
15.2858134920635,1.69465857313931,1.52166699090475,2.54109746397247,87.6055980098166
15.2859126984127,1.69452268551037,1.5217366667708,2.53988218300567,87.6068040297682
15.2860119047619,1.69438678405584,1.52180625741425,2.53866748171163,87.6080098540471
15.2861111111111,1.69425086878505,1.52187576287893,2.5374533598262,87.6092154827155
15.2862103174603,1.69411493970735,1.52194518320866,2.53623981708513,87.6104209158354
15.2863095238095,1.69397899683217,1.52201451844718,2.53502685322444,87.6116261534689
15.2864087301587,1.69384304016898,1.52208376863822,2.53381446798008,87.6128311956781
15.2865079365079,1.69370706972732,1.52215293382546,2.5326026610882,87.6140360425249
15.2866071428571,1.69357108551676,1.52222201405257,2.53139143228495,87.6152406940713
15.2867063492063,1.69343508754693,1.52229100936314,2.53018078130666,87.616445150379
15.2868055555556,1.69329907582753,1.52235991980076,2.52897070788962,87.6176494115101
15.2869047619048,1.69316305036829,1.52242874540897,2.52776121177036,87.6188534775263
15.287003968254,1.693027011179,1.52249748623126,2.52655229268534,87.6200573484893
15.2871031746032,1.69289095826952,1.5225661423111,2.52534395037125,87.6212610244609
15.2872023809524,1.69275489164974,1.52263471369192,2.52413618456473,87.6224645055028
15.2873015873016,1.6926188113296,1.52270320041711,2.5229289950026,87.6236677916767
15.2874007936508,1.69248271731913,1.52277160253002,2.52172238142178,87.624870883044
15.2875,1.69234660962837,1.52283992007397,2.52051634355916,87.6260737796664
15.2875992063492,1.69221048826743,1.52290815309224,2.51931088115187,87.6272764816054
15.2876984126984,1.69207435324648,1.52297630162808,2.51810599393698,87.6284789889225
15.2877976190476,1.69193820457574,1.52304436572468,2.51690168165177,87.6296813016791
15.2878968253968,1.69180204226546,1.52311234542522,2.51569794403349,87.6308834199366
15.287996031746,1.69166586632599,1.52318024077282,2.5144947808196,87.6320853437563
15.2880952380952,1.69152967676769,1.52324805181059,2.51329219174751,87.6332870731997
15.2881944444444,1.691393473601,1.52331577858158,2.51209017655487,87.6344886083278
15.2882936507937,1.69125725683638,1.52338342112881,2.51088873497925,87.635689949202
15.2883928571429,1.69112102648439,1.52345097949527,2.50968786675847,87.6368910958835
15.2884920634921,1.69098478255559,1.52351845372389,2.50848757163029,87.6380920484334
15.2885912698413,1.69084852506065,1.5235858438576,2.50728784933268,87.6392928069127
15.2886904761905,1.69071225401025,1.52365314993926,2.50608869960358,87.6404933713827
15.2887896825397,1.69057596941513,1.52372037201172,2.5048901221811,87.6416937419042
15.2888888888889,1.6904396712861,1.52378751011776,2.50369211680346,87.6428939185383
15.2889880952381,1.69030335963401,1.52385456430015,2.50249468320883,87.6440939013459
15.2890873015873,1.69016703446977,1.52392153460161,2.50129782113563,87.6452936903879
15.2891865079365,1.69003069580432,1.52398842106483,2.50010153032222,87.6464932857252
15.2892857142857,1.6898943436487,1.52405522373247,2.49890581050718,87.6476926874185
15.2893849206349,1.68975797801395,1.52412194264714,2.49771066142906,87.6488918955286
15.2894841269841,1.68962159891121,1.5241885778514,2.49651608282659,87.6500909101163
15.2895833333333,1.68948520635163,1.52425512938781,2.4953220744385,87.6512897312423
15.2896825396825,1.68934880034644,1.52432159729887,2.4941286360037,87.6524883589672
15.2897817460317,1.68921238090693,1.52438798162703,2.49293576726108,87.6536867933517
15.289880952381,1.68907594804441,1.52445428241473,2.49174346794973,87.6548850344561
15.2899801587302,1.68893950177027,1.52452049970437,2.49055173780871,87.6560830823413
15.2900793650794,1.68880304209596,1.52458663353829,2.48936057657728,87.6572809370674
15.2901785714286,1.68866656903295,1.52465268395881,2.48816998399468,87.6584785986952
15.2902777777778,1.68853008259278,1.52471865100822,2.4869799598003,87.6596760672848
15.290376984127,1.68839358278706,1.52478453472875,2.48579050373366,87.6608733428967
15.2904761904762,1.68825706962743,1.52485033516261,2.48460161553421,87.6620704255913
15.2905753968254,1.6881205431256,1.52491605235198,2.48341329494168,87.6632673154287
15.2906746031746,1.6879840032933,1.52498168633899,2.48222554169572,87.6644640124692
15.2907738095238,1.68784745014236,1.52504723716572,2.48103835553619,87.665660516773
15.290873015873,1.68771088368463,1.52511270487425,2.47985173620292,87.6668568284003
15.2909722222222,1.68757430393203,1.52517808950658,2.47866568343596,87.6680529474111
15.2910714285714,1.68743771089651,1.52524339110471,2.47748019697532,87.6692488738656
15.2911706349206,1.68730110459011,1.52530860971058,2.4762952765612,87.6704446078237
15.2912698412698,1.68716448502488,1.52537374536611,2.47511092193378,87.6716401493455
15.291369047619,1.68702785221296,1.52543879811316,2.47392713283344,87.6728354984908
15.2914682539683,1.68689120616653,1.52550376799358,2.47274390900054,87.6740306553197
15.2915674603175,1.68675454689781,1.52556865504916,2.47156125017563,87.6752256198918
15.2916666666667,1.68661787441908,1.52563345932166,2.47037915609923,87.6764203922672
15.2917658730159,1.68648118874269,1.52569818085282,2.46919762651205,87.6776149725055
15.2918650793651,1.68634448988102,1.52576281968431,2.46801666115486,87.6788093606664
15.2919642857143,1.68620777784652,1.5258273758578,2.46683625976844,87.6800035568098
15.2920634920635,1.68607105265169,1.52589184941489,2.46565642209379,87.6811975609951
15.2921626984127,1.68593431430907,1.52595624039716,2.46447714787185,87.6823913732821
15.2922619047619,1.68579756283126,1.52602054884616,2.46329843684379,87.6835849937303
15.2923611111111,1.68566079823091,1.52608477480338,2.46212028875073,87.6847784223993
15.2924603174603,1.68552402052075,1.52614891831029,2.46094270333399,87.6859716593484
15.2925595238095,1.68538722971352,1.52621297940833,2.45976568033488,87.6871647046373
15.2926587301587,1.68525042582204,1.52627695813888,2.45858921949491,87.6883575583252
15.2927579365079,1.68511360885918,1.5263408545433,2.45741332055553,87.6895502204716
15.2928571428571,1.68497677883786,1.52640466866291,2.45623798325843,87.6907426911357
15.2929563492063,1.68483993577105,1.52646840053899,2.45506320734524,87.6919349703768
15.2930555555556,1.68470307967177,1.52653205021278,2.45388899255782,87.6931270582543
15.2931547619048,1.68456621055311,1.5265956177255,2.45271533863797,87.6943189548272
15.293253968254,1.68442932842819,1.52665910311831,2.45154224532769,87.6955106601547
15.2933531746032,1.68429243331021,1.52672250643234,2.45036971236906,87.696702174296
15.2934523809524,1.68415552521239,1.52678582770869,2.44919773950414,87.6978934973101
15.2935515873016,1.68401860414804,1.52684906698842,2.44802632647522,87.6990846292561
15.2936507936508,1.68388167013048,1.52691222431256,2.44685547302454,87.7002755701929
15.29375,1.68374472317313,1.52697529972209,2.44568517889454,87.7014663201794
15.2938492063492,1.68360776328943,1.52703829325795,2.44451544382765,87.7026568792747
15.2939484126984,1.68347079049289,1.52710120496106,2.44334626756649,87.7038472475376
15.2940476190476,1.68333380479705,1.52716403487229,2.44217764985365,87.7050374250268
15.2941468253968,1.68319680621553,1.52722678303248,2.44100959043192,87.7062274118012
15.294246031746,1.68305979476198,1.52728944948244,2.43984208904406,87.7074172079195
15.2943452380952,1.68292277045014,1.52735203426291,2.43867514543304,87.7086068134404
15.2944444444444,1.68278573329376,1.52741453741464,2.43750875934179,87.7097962284226
15.2945436507936,1.68264868330666,1.5274769589783,2.43634293051346,87.7109854529246
15.2946428571429,1.68251162050271,1.52753929899456,2.43517765869115,87.7121744870052
15.2947420634921,1.68237454489585,1.52760155750402,2.43401294361814,87.7133633307227
15.2948412698413,1.68223745650006,1.52766373454727,2.43284878503779,87.7145519841357
15.2949404761905,1.68210035532935,1.52772583016484,2.43168518269348,87.7157404473026
15.2950396825397,1.68196324139784,1.52778784439724,2.43052213632877,87.7169287202819
15.2951388888889,1.68182611471964,1.52784977728494,2.42935964568719,87.7181168031319
15.2952380952381,1.68168897530896,1.52791162886837,2.4281977105125,87.7193046959109
15.2953373015873,1.68155182318004,1.52797339918792,2.42703633054839,87.7204923986773
15.2954365079365,1.68141465834717,1.52803508828395,2.42587550553879,87.7216799114892
15.2955357142857,1.68127748082471,1.52809669619677,2.42471523522757,87.722867234405
15.2956349206349,1.68114029062706,1.52815822296667,2.42355551935882,87.7240543674826
15.2957341269841,1.68100308776867,1.5282196686339,2.42239635767659,87.7252413107803
15.2958333333333,1.68086587226406,1.52828103323866,2.42123774992515,87.7264280643561
15.2959325396825,1.6807286441278,1.52834231682112,2.42007969584871,87.7276146282682
15.2960317460317,1.68059140337449,1.52840351942142,2.41892219519171,87.7288010025743
15.296130952381,1.6804541500188,1.52846464107965,2.41776524769854,87.7299871873326
15.2962301587302,1.68031688407546,1.52852568183588,2.41660885311378,87.7311731826009
15.2963293650794,1.68017960555924,1.52858664173012,2.41545301118209,87.7323589884371
15.2964285714286,1.68004231448497,1.52864752080237,2.41429772164812,87.7335446048991
15.2965277777778,1.67990501086754,1.52870831909258,2.41314298425674,87.7347300320445
15.296626984127,1.67976769472186,1.52876903664065,2.41198879875277,87.7359152699313
15.2967261904762,1.67963036606294,1.52882967348646,2.41083516488125,87.7371003186169
15.2968253968254,1.67949302490581,1.52889022966984,2.40968208238717,87.7382851781593
15.2969246031746,1.67935567126556,1.52895070523061,2.40852955101575,87.7394698486158
15.2970238095238,1.67921830515734,1.52901110020853,2.40737757051215,87.7406543300442
15.297123015873,1.67908092659635,1.52907141464331,2.40622614062175,87.741838622502
15.2972222222222,1.67894353559784,1.52913164857465,2.4050752610899,87.7430227260467
15.2973214285714,1.67880613217712,1.52919180204221,2.40392493166215,87.7442066407356
15.2974206349206,1.67866871634953,1.5292518750856,2.40277515208401,87.7453903666264
15.2975198412698,1.67853128813051,1.5293118677444,2.40162592210122,87.7465739037762
15.297619047619,1.6783938475355,1.52937178005815,2.40047724145945,87.7477572522425
15.2977182539683,1.67825639458002,1.52943161206636,2.39932910990457,87.7489404120826
15.2978174603175,1.67811892927966,1.52949136380849,2.39818152718253,87.7501233833536
15.2979166666667,1.67798145165001,1.52955103532398,2.39703449303928,87.7513061661128
15.2980158730159,1.67784396170678,1.52961062665222,2.39588800722098,87.7524887604173
15.2981150793651,1.67770645946567,1.52967013783257,2.39474206947374,87.7536711663244
15.2982142857143,1.67756894494248,1.52972956890434,2.39359667954389,87.754853383891
15.2983134920635,1.67743141815304,1.52978891990683,2.39245183717772,87.7560354131743
15.2984126984127,1.67729387911323,1.52984819087927,2.39130754212173,87.7572172542311
15.2985119047619,1.67715632783901,1.52990738186087,2.39016379412238,87.7583989071185
15.2986111111111,1.67701876434635,1.52996649289081,2.38902059292634,87.7595803718934
15.2987103174603,1.67688118865132,1.53002552400823,2.38787793828026,87.7607616486127
15.2988095238095,1.67674360077,1.53008447525221,2.38673582993096,87.7619427373331
15.2989087301587,1.67660600071856,1.53014334666183,2.38559426762526,87.7631236381116
15.2990079365079,1.67646838851319,1.5302021382761,2.38445325111017,87.7643043510048
15.2991071428571,1.67633076417016,1.53026085013402,2.38331278013268,87.7654848760695
15.2992063492064,1.67619312770577,1.53031948227453,2.38217285443994,87.7666652133622
15.2993055555556,1.67605547913641,1.53037803473654,2.3810334737792,87.7678453629397
15.2994047619048,1.67591781847847,1.53043650755893,2.37989463789768,87.7690253248586
15.299503968254,1.67578014574844,1.53049490078055,2.37875634654285,87.7702050991753
15.2996031746032,1.67564246096283,1.53055321444018,2.3776185994621,87.7713846859464
15.2997023809524,1.67550476413822,1.53061144857661,2.37648139640306,87.7725640852284
15.2998015873016,1.67536705529125,1.53066960322855,2.37534473711332,87.7737432970776
15.2999007936508,1.6752293344386,1.53072767843469,2.37420862134065,87.7749223215504
15.3,1.67509160159699,1.5307856742337,2.37307304883281,87.7761011587033
15.3000992063492,1.67495385678323,1.53084359066418,2.37193801933777,87.7772798085924
15.3001984126984,1.67481610001415,1.53090142776472,2.37080353260346,87.778458271274
15.3002976190476,1.67467833130665,1.53095918557386,2.36966958837801,87.7796365468044
15.3003968253968,1.67454055067767,1.53101686413011,2.36853618640951,87.7808146352397
15.300496031746,1.67440275814422,1.53107446347193,2.36740332644628,87.781992536636
15.3005952380952,1.67426495372335,1.53113198363776,2.36627100823659,87.7831702510495
15.3006944444444,1.67412713743217,1.53118942466599,2.36513923152889,87.7843477785361
15.3007936507937,1.67398930928784,1.53124678659498,2.3640079960717,87.7855251191519
15.3008928571429,1.67385146930756,1.53130406946305,2.36287730161357,87.7867022729529
15.3009920634921,1.67371361750862,1.53136127330848,2.36174714790322,87.7878792399949
15.3010912698413,1.67357575390831,1.53141839816953,2.36061753468937,87.7890560203339
15.3011904761905,1.67343787852403,1.53147544408439,2.35948846172091,87.7902326140257
15.3012896825397,1.67329999137319,1.53153241109126,2.35835992874673,87.791409021126
15.3013888888889,1.67316209247327,1.53158929922825,2.35723193551591,87.7925852416907
15.3014880952381,1.6730241818418,1.53164610853347,2.35610448177749,87.7937612757755
15.3015873015873,1.67288625949636,1.53170283904498,2.35497756728073,87.794937123436
15.3016865079365,1.6727483254546,1.5317594908008,2.35385119177484,87.7961127847279
15.3017857142857,1.6726103797342,1.53181606383893,2.35272535500926,87.7972882597067
15.3018849206349,1.67247242235291,1.53187255819731,2.35160005673337,87.798463548428
15.3019841269841,1.67233445332851,1.53192897391386,2.35047529669678,87.7996386509473
15.3020833333333,1.67219647267887,1.53198531102646,2.34935107464904,87.8008135673202
15.3021825396825,1.67205848042188,1.53204156957294,2.3482273903399,87.8019882976019
15.3022817460317,1.67192047657549,1.53209774959111,2.34710424351918,87.8031628418479
15.302380952381,1.67178246115772,1.53215385111873,2.3459816339367,87.8043372001136
15.3024801587302,1.67164443418663,1.53220987419353,2.3448595613425,87.8055113724541
15.3025793650794,1.67150639568033,1.53226581885321,2.34373802548657,87.8066853589249
15.3026785714286,1.67136834565698,1.53232168513541,2.34261702611911,87.8078591595811
15.3027777777778,1.67123028413481,1.53237747307777,2.34149656299028,87.8090327744779
15.302876984127,1.6710922111321,1.53243318271784,2.34037663585046,87.8102062036703
15.3029761904762,1.67095412666715,1.5324888140932,2.33925724444999,87.8113794472137
15.3030753968254,1.67081603075837,1.53254436724132,2.33813838853942,87.8125525051628
15.3031746031746,1.67067792342416,1.5325998421997,2.33702006786925,87.8137253775729
15.3032738095238,1.67053980468304,1.53265523900575,2.3359022821902,87.8148980644988
15.303373015873,1.67040167455352,1.53271055769688,2.33478503125295,87.8160705659954
15.3034722222222,1.6702635330542,1.53276579831045,2.33366831480841,87.8172428821178
15.3035714285714,1.67012538020373,1.53282096088377,2.33255213260741,87.8184150129206
15.3036706349206,1.6699872160208,1.53287604545414,2.33143648440099,87.8195869584588
15.3037698412698,1.66984904052416,1.53293105205879,2.33032136994028,87.820758718787
15.303869047619,1.66971085373262,1.53298598073494,2.32920678897638,87.82193029396
15.3039682539683,1.66957265566503,1.53304083151977,2.32809274126062,87.8231016840325
15.3040674603175,1.66943444634029,1.5330956044504,2.32697922654428,87.8242728890591
15.3041666666667,1.66929622577739,1.53315029956395,2.32586624457885,87.8254439090943
15.3042658730159,1.66915799399531,1.53320491689746,2.32475379511579,87.8266147441929
15.3043650793651,1.66901975101315,1.53325945648798,2.32364187790677,87.8277853944092
15.3044642857143,1.66888149685,1.53331391837248,2.32253049270342,87.8289558597978
15.3045634920635,1.66874323152507,1.53336830258792,2.32141963925758,87.830126140413
15.3046626984127,1.66860495505755,1.53342260917122,2.32030931732104,87.8312962363093
15.3047619047619,1.66846666746675,1.53347683815924,2.31919952664582,87.832466147541
15.3048611111111,1.66832836877198,1.53353098958884,2.3180902669839,87.8336358741624
15.3049603174603,1.66819005899264,1.53358506349681,2.31698153808744,87.8348054162278
15.3050595238095,1.66805173814817,1.53363905991992,2.31587333970861,87.8359747737914
15.3051587301587,1.66791340625805,1.5336929788949,2.31476567159972,87.8371439469075
15.3052579365079,1.66777506334184,1.53374682045845,2.31365853351319,87.83831293563
15.3053571428571,1.66763670941912,1.53380058464722,2.31255192520141,87.8394817400131
15.3054563492063,1.66749834450956,1.53385427149783,2.31144584641701,87.8406503601109
15.3055555555556,1.66735996863286,1.53390788104685,2.31034029691256,87.8418187959775
15.3056547619048,1.66722158180877,1.53396141333084,2.30923527644085,87.8429870476666
15.305753968254,1.66708318405709,1.5340148683863,2.30813078475462,87.8441551152325
15.3058531746032,1.66694477539771,1.53406824624971,2.30702682160683,87.8453229987287
15.3059523809524,1.66680635585053,1.53412154695749,2.3059233867504,87.8464906982094
15.3060515873016,1.66666792543552,1.53417477054604,2.30482047993847,87.8476582137282
15.3061507936508,1.6665294841727,1.53422791705173,2.30371810092412,87.8488255453389
15.30625,1.66639103208215,1.53428098651087,2.30261624946066,87.8499926930952
15.3063492063492,1.66625256918399,1.53433397895975,2.30151492530136,87.8511596570509
15.3064484126984,1.66611409549842,1.53438689443462,2.30041412819968,87.8523264372596
15.3065476190476,1.66597561104565,1.53443973297169,2.29931385790907,87.8534930337748
15.3066468253968,1.66583711584598,1.53449249460714,2.29821411418314,87.8546594466502
15.306746031746,1.66569860991975,1.5345451793771,2.2971148967756,87.8558256759392
15.3068452380952,1.66556009328735,1.53459778731767,2.29601620544014,87.8569917216954
15.3069444444444,1.66542156596923,1.53465031846492,2.29491803993066,87.8581575839721
15.3070436507937,1.66528302798588,1.53470277285487,2.29382040000104,87.8593232628228
15.3071428571429,1.66514447935787,1.53475515052351,2.29272328540535,87.8604887583008
15.3072420634921,1.66500592010579,1.5348074515068,2.29162669589763,87.8616540704594
15.3073412698413,1.6648673502503,1.53485967584065,2.29053063123213,87.8628191993519
15.3074404761905,1.66472876981211,1.53491182356094,2.28943509116306,87.8639841450316
15.3075396825397,1.66459017881199,1.53496389470351,2.28834007544486,87.8651489075515
15.3076388888889,1.66445157727075,1.53501588930417,2.28724558383189,87.8663134869649
15.3077380952381,1.66431296520927,1.53506780739868,2.28615161607876,87.8674778833248
15.3078373015873,1.66417434264847,1.53511964902277,2.28505817194002,87.8686420966844
15.3079365079365,1.66403570960932,1.53517141421214,2.28396525117044,87.8698061270966
15.3080357142857,1.66389706611285,1.53522310300244,2.28287285352474,87.8709699746144
15.3081349206349,1.66375841218014,1.5352747154293,2.28178097875785,87.8721336392908
15.3082341269841,1.66361974783234,1.53532625152829,2.28068962662474,87.8732971211787
15.3083333333333,1.66348107309062,1.53537771133496,2.27959879688041,87.8744604203308
15.3084325396825,1.66334238797623,1.53542909488481,2.27850848928005,87.8756235368001
15.3085317460317,1.66320369251047,1.53548040221333,2.27741870357882,87.8767864706393
15.308630952381,1.66306498671467,1.53553163335595,2.2763294395321,87.877949221901
15.3087301587302,1.66292627061024,1.53558278834805,2.27524069689522,87.8791117906381
15.3088293650794,1.66278754421864,1.53563386722501,2.27415247542371,87.8802741769032
15.3089285714286,1.66264880756137,1.53568487002215,2.27306477487308,87.8814363807489
15.3090277777778,1.66251006065999,1.53573579677474,2.27197759499905,87.8825984022276
15.309126984127,1.6623713035361,1.53578664751805,2.27089093555729,87.8837602413921
15.3092261904762,1.66223253621139,1.53583742228729,2.26980479630368,87.8849218982946
15.3093253968254,1.66209375870755,1.53588812111762,2.26871917699409,87.8860833729878
15.3094246031746,1.66195497104637,1.53593874404419,2.26763407738455,87.8872446655239
15.3095238095238,1.66181617324967,1.5359892911021,2.2665494972311,87.8884057759554
15.309623015873,1.66167736533933,1.53603976232641,2.26546543628994,87.8895667043346
15.3097222222222,1.66153854733727,1.53609015775216,2.26438189431734,87.8907274507136
15.3098214285714,1.66139971926548,1.53614047741432,2.2632988710696,87.8918880151448
15.3099206349206,1.661260881146,1.53619072134786,2.26221636630319,87.8930483976804
15.3100198412698,1.66112203300091,1.5362408895877,2.26113437977457,87.8942085983725
15.310119047619,1.66098317485236,1.5362909821687,2.2600529112404,87.8953686172732
15.3102182539683,1.66084430672254,1.53634099912571,2.25897196045731,87.8965284544346
15.3103174603175,1.6607054286337,1.53639094049355,2.25789152718213,87.8976881099086
15.3104166666667,1.66056654060814,1.53644080630697,2.25681161117164,87.8988475837474
15.3105158730159,1.66042764266822,1.5364905966007,2.25573221218287,87.9000068760028
15.3106150793651,1.66028873483634,1.53654031140945,2.25465332997278,87.9011659867268
15.3107142857143,1.66014981713497,1.53658995076787,2.25357496429853,87.9023249159711
15.3108134920635,1.6600108895866,1.53663951471058,2.25249711491729,87.9034836637877
15.3109126984127,1.65987195221383,1.53668900327216,2.25141978158639,87.9046422302282
15.3110119047619,1.65973300503925,1.53673841648716,2.25034296406315,87.9058006153445
15.3111111111111,1.65959404808554,1.53678775439009,2.24926666210505,87.9069588191883
15.3112103174603,1.65945508137544,1.53683701701542,2.24819087546968,87.908116841811
15.3113095238095,1.6593161049317,1.53688620439758,2.24711560391461,87.9092746832645
15.3114087301587,1.65917711877718,1.53693531657098,2.24604084719762,87.9104323436002
15.3115079365079,1.65903812293475,1.53698435356997,2.24496660507645,87.9115898228698
15.3116071428571,1.65889911742735,1.53703331542889,2.24389287730905,87.9127471211246
15.3117063492064,1.65876010227797,1.53708220218201,2.24281966365334,87.9139042384161
15.3118055555556,1.65862107750965,1.53713101386359,2.24174696386745,87.9150611747957
15.3119047619048,1.65848204314549,1.53717975050784,2.24067477770946,87.9162179303149
15.312003968254,1.65834299920864,1.53722841214893,2.23960310493766,87.9173745050248
15.3121031746032,1.65820394572229,1.53727699882101,2.23853194531033,87.9185308989768
15.3122023809524,1.65806488270972,1.53732551055818,2.23746129858592,87.9196871122222
15.3123015873016,1.65792581019421,1.5373739473945,2.23639116452287,87.9208431448121
15.3124007936508,1.65778672819914,1.53742230936401,2.23532154287983,87.9219989967976
15.3125,1.65764763674792,1.53747059650068,2.23425243341539,87.92315466823
15.3125992063492,1.65750853586401,1.53751880883849,2.23318383588834,87.9243101591602
15.3126984126984,1.65736942557094,1.53756694641133,2.23211575005755,87.9254654696394
15.3127976190476,1.65723030589228,1.5376150092531,2.23104817568188,87.9266205997184
15.3128968253968,1.65709117685166,1.53766299739764,2.2299811125204,87.9277755494482
15.312996031746,1.65695203847275,1.53771091087875,2.22891456033215,87.9289303188798
15.3130952380952,1.65681289077928,1.53775874973021,2.22784851887637,87.930084908064
15.3131944444444,1.65667373379505,1.53780651398574,2.22678298791228,87.9312393170517
15.3132936507936,1.65653456754389,1.53785420367904,2.22571796719928,87.9323935458935
15.3133928571429,1.65639539204969,1.53790181884376,2.22465345649675,87.9335475946403
15.3134920634921,1.6562562073364,1.53794935951354,2.22358945556429,87.9347014633428
15.3135912698413,1.656117013428,1.53799682572195,2.22252596416144,87.9358551520516
15.3136904761905,1.65597781034856,1.53804421750254,2.22146298204798,87.9370086608173
15.3137896825397,1.65583859812218,1.53809153488882,2.22040050898361,87.9381619896905
15.3138888888889,1.65569937677301,1.53813877791426,2.21933854472828,87.9393151387218
15.3139880952381,1.65556014632526,1.5381859466123,2.21827708904187,87.9404681079616
15.3140873015873,1.65542090680319,1.53823304101635,2.21721614168448,87.9416208974604
15.3141865079365,1.65528165823113,1.53828006115975,2.21615570241625,87.9427735072685
15.3142857142857,1.65514240063343,1.53832700707584,2.21509577099733,87.9439259374365
15.3143849206349,1.65500313403452,1.5383738787979,2.21403634718811,87.9450781880145
15.3144841269841,1.65486385845887,1.53842067635919,2.21297743074889,87.9462302590529
15.3145833333333,1.65472457393101,1.53846739979291,2.21191902144022,87.9473821506019
15.3146825396825,1.65458528047552,1.53851404913226,2.2108611190226,87.9485338627118
15.3147817460317,1.65444597811704,1.53856062441036,2.20980372325673,87.9496853954326
15.314880952381,1.65430666688024,1.53860712566032,2.20874683390328,87.9508367488145
15.3149801587302,1.65416734678988,1.5386535529152,2.20769045072314,87.9519879229076
15.3150793650794,1.65402801787073,1.53869990620804,2.20663457347715,87.9531389177619
15.3151785714286,1.65388868014765,1.53874618557182,2.20557920192636,87.9542897334274
15.3152777777778,1.65374933364554,1.53879239103951,2.20452433583179,87.9554403699541
15.315376984127,1.65360997838934,1.53883852264401,2.20346997495466,87.9565908273918
15.3154761904762,1.65347061440406,1.53888458041822,2.20241611905616,87.9577411057906
15.3155753968254,1.65333124171476,1.53893056439497,2.20136276789766,87.9588912052
15.3156746031746,1.65319186034654,1.53897647460707,2.20030992124061,87.9600411256701
15.3157738095238,1.65305247032458,1.53902231108729,2.19925757884645,87.9611908672504
15.315873015873,1.65291307167408,1.53906807386837,2.19820574047684,87.9623404299908
15.3159722222222,1.65277366442032,1.539113762983,2.1971544058934,87.9634898139408
15.3160714285714,1.65263424858862,1.53915937846384,2.19610357485796,87.9646390191501
15.3161706349206,1.65249482420435,1.5392049203435,2.19505324713231,87.9657880456684
15.3162698412698,1.65235539129295,1.53925038865459,2.19400342247844,87.966936893545
15.316369047619,1.65221594987988,1.53929578342964,2.19295410065832,87.9680855628296
15.3164682539683,1.6520764999907,1.53934110470116,2.19190528143413,87.9692340535715
15.3165674603175,1.65193704165097,1.53938635250163,2.19085696456799,87.9703823658202
15.3166666666667,1.65179757488636,1.53943152686349,2.18980914982226,87.971530499625
15.3167658730159,1.65165809972254,1.53947662781914,2.18876183695923,87.9726784550354
15.3168650793651,1.65151861618527,1.53952165540093,2.18771502574143,87.9738262321005
15.3169642857143,1.65137912430033,1.5395666096412,2.18666871593134,87.9749738308697
15.3170634920635,1.6512396240936,1.53961149057223,2.18562290729161,87.9761212513921
15.3171626984127,1.65110011559097,1.53965629822628,2.18457759958499,87.9772684937169
15.3172619047619,1.65096059881839,1.53970103263556,2.18353279257421,87.9784155578933
15.3173611111111,1.65082107380189,1.53974569383224,2.18248848602223,87.9795624439702
15.3174603174603,1.65068154056752,1.53979028184848,2.18144467969195,87.9807091519969
15.3175595238095,1.65054199914141,1.53983479671637,2.18040137334649,87.9818556820221
15.3176587301587,1.65040244954971,1.53987923846798,2.17935856674894,87.983002034095
15.3177579365079,1.65026289181867,1.53992360713533,2.17831625966258,87.9841482082644
15.3178571428571,1.65012332597454,1.53996790275044,2.17727445185067,87.9852942045792
15.3179563492063,1.64998375204367,1.54001212534524,2.17623314307668,87.9864400230882
15.3180555555556,1.64984417005243,1.54005627495165,2.17519233310403,87.9875856638403
15.3181547619048,1.64970458002726,1.54010035160157,2.17415202169636,87.9887311268842
15.318253968254,1.64956498199465,1.54014435532683,2.17311220861727,87.9898764122686
15.3183531746032,1.64942537598114,1.54018828615924,2.17207289363056,87.9910215200421
15.3184523809524,1.64928576201332,1.54023214413058,2.17103407650001,87.9921664502534
15.3185515873016,1.64914614011783,1.54027592927257,2.16999575698957,87.9933112029511
15.3186507936508,1.6490065103214,1.54031964161692,2.16895793486326,87.9944557781837
15.31875,1.64886687265075,1.54036328119527,2.16792060988513,87.9956001759997
15.3188492063492,1.6487272271327,1.54040684803927,2.16688378181941,87.9967443964476
15.3189484126984,1.64858757379412,1.54045034218049,2.1658474504303,87.9978884395759
15.3190476190476,1.6484479126619,1.54049376365047,2.16481161548222,87.9990323054327
15.3191468253968,1.64830824376302,1.54053711248074,2.16377627673953,88.0001759940667
15.319246031746,1.6481685671245,1.54058038870277,2.16274143396683,88.0013195055259
15.3193452380952,1.64802888277341,1.54062359234799,2.16170708692865,88.0024628398587
15.3194444444444,1.64788919073686,1.54066672344781,2.16067323538976,88.0036059971133
15.3195436507937,1.64774949104205,1.54070978203358,2.15963987911487,88.0047489773378
15.3196428571429,1.64760978371619,1.54075276813665,2.1586070178689,88.0058917805804
15.3197420634921,1.64747006878657,1.54079568178828,2.15757465141676,88.0070344068892
15.3198412698413,1.64733034628054,1.54083852301975,2.15654277952354,88.0081768563122
15.3199404761905,1.64719061622547,1.54088129186226,2.1555114019543,88.0093191288974
15.3200396825397,1.6470508786488,1.540923988347,2.15448051847429,88.0104612246929
15.3201388888889,1.64691113357805,1.5409666125051,2.15345012884883,88.0116031437464
15.3202380952381,1.64677138104075,1.54100916436767,2.15242023284324,88.0127448861059
15.3203373015873,1.6466316210645,1.54105164396577,2.15139083022306,88.0138864518192
15.3204365079365,1.64649185367697,1.54109405133045,2.15036192075377,88.0150278409342
15.3205357142857,1.64635207890585,1.54113638649268,2.14933350420109,88.0161690534985
15.3206349206349,1.6462122967789,1.54117864948344,2.14830558033067,88.01731008956
15.3207341269841,1.64607250732395,1.54122084033363,2.1472781489084,88.0184509491662
15.3208333333333,1.64593271056886,1.54126295907414,2.1462512097001,88.0195916323648
15.3209325396825,1.64579290654154,1.54130500573582,2.14522476247183,88.0207321392034
15.3210317460317,1.64565309526996,1.54134698034948,2.1441988069896,88.0218724697296
15.321130952381,1.64551327678217,1.54138888294588,2.14317334301963,88.0230126239908
15.3212301587302,1.64537345110622,1.54143071355576,2.14214837032809,88.0241526020345
15.3213293650794,1.64523361827026,1.54147247220982,2.14112388868139,88.0252924039082
15.3214285714286,1.64509377830246,1.54151415893873,2.14009989784587,88.0264320296592
15.3215277777778,1.64495393123107,1.54155577377309,2.13907639758807,88.0275714793349
15.321626984127,1.64481407708438,1.54159731674351,2.13805338767461,88.0287107529825
15.3217261904762,1.64467421589072,1.54163878788052,2.1370308678721,88.0298498506494
15.3218253968254,1.6445343476785,1.54168018721465,2.13600883794736,88.0309887723827
15.3219246031746,1.64439447247616,1.54172151477636,2.13498729766719,88.0321275182297
15.3220238095238,1.64425459031221,1.5417627705961,2.13396624679856,88.0332660882374
15.322123015873,1.64411470121521,1.54180395470427,2.13294568510845,88.0344044824529
15.3222222222222,1.64397480521375,1.54184506713123,2.13192561236401,88.0355427009234
15.3223214285714,1.64383490233651,1.54188610790732,2.13090602833239,88.0366807436958
15.3224206349206,1.64369499261219,1.54192707706281,2.1298869327809,88.037818610817
15.3225198412698,1.64355507606956,1.54196797462796,2.12886832547687,88.0389563023341
15.322619047619,1.64341515273745,1.542008800633,2.1278502061878,88.0400938182939
15.3227182539683,1.64327522264473,1.5420495551081,2.12683257468116,88.0412311587432
15.3228174603175,1.64313528582032,1.5420902380834,2.12581543072464,88.0423683237288
15.3229166666667,1.6429953422932,1.54213084958901,2.12479877408588,88.0435053132976
15.3230158730159,1.64285539209241,1.542171389655,2.12378260453271,88.0446421274962
15.3231150793651,1.64271543524704,1.54221185831139,2.12276692183304,88.0457787663713
15.3232142857143,1.6425754717862,1.54225225558819,2.12175172575478,88.0469152299695
15.3233134920635,1.64243550173912,1.54229258151535,2.12073701606603,88.0480515183375
15.3234126984127,1.64229552513501,1.54233283612279,2.11972279253488,88.0491876315218
15.3235119047619,1.64215554200319,1.5423730194404,2.11870905492961,88.0503235695688
15.3236111111111,1.642015552373,1.54241313149802,2.11769580301848,88.0514593325252
15.3237103174603,1.64187555627385,1.54245317232545,2.11668303656993,88.0525949204373
15.3238095238095,1.64173555373519,1.54249314195248,2.11567075535239,88.0537303333514
15.3239087301587,1.64159554478654,1.54253304040884,2.11465895913449,88.054865571314
15.3240079365079,1.64145552945744,1.54257286772423,2.11364764768483,88.0560006343714
15.3241071428571,1.64131550777753,1.54261262392831,2.11263682077221,88.0571355225698
15.3242063492063,1.64117547977647,1.5426523090507,2.11162647816539,88.0582702359554
15.3243055555556,1.64103544548397,1.54269192312098,2.11061661963335,88.0594047745744
15.3244047619048,1.64089540492982,1.54273146616873,2.10960724494503,88.060539138473
15.324503968254,1.64075535814384,1.54277093822343,2.10859835386955,88.0616733276973
15.3246031746032,1.64061530515592,1.54281033931458,2.1075899461761,88.0628073422932
15.3247023809524,1.64047524599597,1.54284966947161,2.10658202163388,88.0639411823069
15.3248015873016,1.64033518069401,1.54288892872391,2.1055745800123,88.0650748477843
15.3249007936508,1.64019510928005,1.54292811710087,2.10456762108074,88.0662083387714
15.325,1.64005503178419,1.54296723463181,2.10356114460875,88.0673416553139
15.3250992063492,1.63991494823659,1.54300628134601,2.10255515036589,88.0684747974579
15.3251984126984,1.63977485866743,1.54304525727274,2.10154963812191,88.069607765249
15.3252976190476,1.63963476310697,1.5430841624412,2.10054460764652,88.0707405587331
15.3253968253968,1.63949466158552,1.54312299688059,2.09954005870964,88.0718731779559
15.325496031746,1.63935455413342,1.54316176062004,2.09853599108116,88.073005622963
15.3255952380952,1.6392144407811,1.54320045368866,2.09753240453118,88.0741378938001
15.3256944444444,1.63907432155901,1.54323907611552,2.09652929882974,88.0752699905129
15.3257936507936,1.63893419649767,1.54327762792965,2.09552667374712,88.0764019131468
15.3258928571429,1.63879406562765,1.54331610916005,2.09452452905355,88.0775336617474
15.3259920634921,1.63865392897958,1.54335451983568,2.09352286451943,88.0786652363602
15.3260912698413,1.63851378658412,1.54339285998545,2.09252167991526,88.0797966370305
15.3261904761905,1.63837363847201,1.54343112963825,2.09152097501153,88.0809278638039
15.3262896825397,1.63823348467404,1.54346932882293,2.09052074957893,88.0820589167255
15.3263888888889,1.63809332522102,1.5435074575683,2.08952100338813,88.0831897958409
15.3264880952381,1.63795316014385,1.54354551590314,2.08852173621,88.0843205011952
15.3265873015873,1.63781298947347,1.54358350385617,2.08752294781536,88.0854510328336
15.3266865079365,1.63767281324088,1.5436214214561,2.08652463797526,88.0865813908014
15.3267857142857,1.63753263147712,1.54365926873159,2.08552680646071,88.0877115751436
15.3268849206349,1.63739244421329,1.54369704571127,2.08452945304292,88.0888415859054
15.3269841269841,1.63725225148054,1.54373475242372,2.08353257749306,88.0899714231319
15.3270833333333,1.63711205331008,1.54377238889749,2.08253617958253,88.0911010868681
15.3271825396825,1.63697184973316,1.54380995516111,2.08154025908267,88.0922305771589
15.3272817460317,1.63683164078111,1.54384745124304,2.08054481576503,88.0933598940493
15.327380952381,1.63669142648527,1.54388487717173,2.07954984940115,88.0944890375842
15.3274801587302,1.63655120687708,1.54392223297558,2.07855535976273,88.0956180078084
15.3275793650794,1.63641098198799,1.54395951868296,2.07756134662153,88.0967468047668
15.3276785714286,1.63627075184954,1.54399673432219,2.07656780974936,88.0978754285041
15.3277777777778,1.6361305164933,1.54403387992157,2.07557474891819,88.099003879065
15.327876984127,1.6359902759509,1.54407095550935,2.07458216389999,88.1001321564944
15.3279761904762,1.63585003025403,1.54410796111376,2.0735900544669,88.1012602608366
15.3280753968254,1.6357097794344,1.54414489676297,2.07259842039106,88.1023881921365
15.3281746031746,1.63556952352383,1.54418176248512,2.0716072614448,88.1035159504386
15.3282738095238,1.63542926255414,1.54421855830833,2.07061657740041,88.1046435357874
15.328373015873,1.63528899655724,1.54425528426067,2.06962636803041,88.1057709482273
15.3284722222222,1.63514872556506,1.54429194037016,2.06863663310725,88.1068981878028
15.3285714285714,1.63500844960962,1.54432852666481,2.06764737240362,88.1080252545583
15.3286706349206,1.63486816872296,1.54436504317257,2.06665858569216,88.1091521485382
15.3287698412698,1.63472788293719,1.54440148992136,2.06567027274572,88.1102788697868
15.328869047619,1.63458759228447,1.54443786693908,2.06468243333712,88.1114054183484
15.3289682539683,1.63444729679701,1.54447417425357,2.06369506723933,88.1125317942671
15.3290674603175,1.63430699650708,1.54451041189263,2.06270817422545,88.1136579975872
15.3291666666667,1.63416669144699,1.54454657988405,2.06172175406855,88.1147840283529
15.3292658730159,1.63402638164912,1.54458267825556,2.06073580654189,88.1159098866082
15.3293650793651,1.6338860671459,1.54461870703486,2.05975033141874,88.1170355723972
15.3294642857143,1.63374574796979,1.54465466624962,2.05876532847253,88.1181610857639
15.3295634920635,1.63360542415333,1.54469055592746,2.0577807974767,88.1192864267524
15.3296626984127,1.63346509572911,1.54472637609596,2.05679673820486,88.1204115954065
15.3297619047619,1.63332476272976,1.54476212678269,2.0558131504306,88.1215365917702
15.3298611111111,1.63318442518797,1.54479780801516,2.05483003392771,88.1226614158873
15.3299603174603,1.63304408313648,1.54483341982084,2.05384738846997,88.1237860678017
15.3300595238095,1.63290373660809,1.54486896222718,2.05286521383134,88.124910547557
15.3301587301587,1.63276338563564,1.54490443526158,2.05188350978575,88.1260348551972
15.3302579365079,1.63262303025205,1.5449398389514,2.05090227610734,88.1271589907657
15.3303571428571,1.63248267049025,1.54497517332399,2.04992151257022,88.1282829543065
15.3304563492064,1.63234230638326,1.54501043840662,2.04894121894867,88.1294067458629
15.3305555555556,1.63220193796415,1.54504563422656,2.04796139501707,88.1305303654785
15.3306547619048,1.63206156526601,1.54508076081103,2.04698204054977,88.1316538131971
15.330753968254,1.63192118832203,1.54511581818721,2.04600315532135,88.1327770890619
15.3308531746032,1.63178080716542,1.54515080638224,2.04502473910634,88.1339001931164
15.3309523809524,1.63164042182945,1.54518572542323,2.04404679167949,88.1350231254041
15.3310515873016,1.63150003234745,1.54522057533725,2.0430693128155,88.1361458859684
15.3311507936508,1.6313596387528,1.54525535615134,2.0420923022893,88.1372684748524
15.33125,1.63121924107892,1.54529006789249,2.04111575987576,88.1383908920996
15.3313492063492,1.63107883935931,1.54532471058766,2.04013968534997,88.1395131377531
15.3314484126984,1.63093843362749,1.54535928426379,2.03916407848699,88.1406352118562
15.3315476190476,1.63079802391707,1.54539378894774,2.03818893906208,88.1417571144519
15.3316468253968,1.63065761026168,1.54542822466637,2.03721426685045,88.1428788455836
15.331746031746,1.63051719269503,1.5454625914465,2.03624006162755,88.144000405294
15.3318452380952,1.63037677125085,1.5454968893149,2.03526632316877,88.1451217936265
15.3319444444444,1.63023634596295,1.54553111829831,2.03429305124969,88.1462430106238
15.3320436507937,1.6300959168652,1.54556527842342,2.03332024564596,88.147364056329
15.3321428571429,1.62995548399149,1.5455993697169,2.03234790613324,88.148484930785
15.3322420634921,1.62981504737579,1.54563339220538,2.0313760324874,88.1496056340345
15.3323412698413,1.62967460705211,1.54566734591545,2.03040462448427,88.1507261661206
15.3324404761905,1.62953416305453,1.54570123087366,2.02943368189987,88.1518465270859
15.3325396825397,1.62939371541715,1.54573504710653,2.02846320451022,88.1529667169732
15.3326388888889,1.62925326417417,1.54576879464053,2.02749319209151,88.1540867358251
15.3327380952381,1.62911280935979,1.54580247350212,2.02652364441993,88.1552065836844
15.3328373015873,1.6289723510083,1.54583608371768,2.02555456127184,88.1563262605936
15.3329365079365,1.62883188915404,1.5458696253136,2.0245859424236,88.1574457665954
15.3330357142857,1.62869142383138,1.5459030983162,2.02361778765176,88.1585651017323
15.3331349206349,1.62855095507478,1.54593650275177,2.02265009673283,88.1596842660467
15.3332341269841,1.62841048291871,1.54596983864658,2.02168286944355,88.1608032595811
15.3333333333333,1.62827000739773,1.54600310602684,2.02071610556059,88.1619220823779
15.3334325396825,1.62812952854642,1.54603630491874,2.01974980486083,88.1630407344796
15.3335317460317,1.62798904639946,1.54606943534842,2.01878396712121,88.1641592159283
15.333630952381,1.62784856099152,1.54610249734199,2.0178185921187,88.1652775267664
15.3337301587302,1.62770807235738,1.54613549092552,2.01685367963042,88.1663956670361
15.3338293650794,1.62756758053184,1.54616841612505,2.01588922943353,88.1675136367797
15.3339285714286,1.62742708554977,1.54620127296657,2.01492524130533,88.1686314360393
15.3340277777778,1.62728658744607,1.54623406147605,2.01396171502312,88.1697490648571
15.334126984127,1.62714608625573,1.54626678167941,2.01299865036439,88.170866523275
15.3342261904762,1.62700558201375,1.54629943360254,2.01203604710663,88.1719838113352
15.3343253968254,1.62686507475522,1.54633201727128,2.01107390502749,88.1731009290795
15.3344246031746,1.62672456451526,1.54636453271145,2.01011222390461,88.1742178765501
15.3345238095238,1.62658405132906,1.54639697994883,2.00915100351583,88.1753346537888
15.334623015873,1.62644353523184,1.54642935900915,2.00819024363898,88.1764512608374
15.3347222222222,1.62630301625889,1.54646166991812,2.00722994405205,88.1775676977379
15.3348214285714,1.62616249444556,1.5464939127014,2.00627010453303,88.1786839645319
15.3349206349206,1.62602196982723,1.54652608738462,2.00531072486009,88.1798000612613
15.3350198412698,1.62588144243936,1.54655819399337,2.00435180481146,88.1809159879676
15.335119047619,1.62574091231743,1.5465902325532,2.00339334416538,88.1820317446927
15.3352182539683,1.62560037949701,1.54662220308963,2.0024353427003,88.1831473314781
15.3353174603175,1.62545984401369,1.54665410562814,2.00147780019464,88.1842627483654
15.3354166666667,1.62531930590313,1.54668594019417,2.00052071642701,88.1853779953962
15.3355158730159,1.62517876520105,1.54671770681313,1.99956409117599,88.1864930726119
15.3356150793651,1.62503822194321,1.54674940551039,1.99860792422038,88.1876079800539
15.3357142857143,1.62489767616542,1.54678103631128,1.99765221533893,88.1887227177638
15.3358134920635,1.62475712790356,1.54681259924109,1.99669696431061,88.1898372857828
15.3359126984127,1.62461657719354,1.54684409432508,1.99574217091434,88.1909516841524
15.3360119047619,1.62447602407135,1.54687552158848,1.99478783492926,88.1920659129138
15.3361111111111,1.624335468573,1.54690688105646,1.99383395613448,88.1931799721082
15.3362103174603,1.62419491073459,1.54693817275418,1.99288053430928,88.1942938617769
15.3363095238095,1.62405435059224,1.54696939670673,1.99192756923297,88.195407581961
15.3364087301587,1.62391378818215,1.5470005529392,1.99097506068497,88.1965211327017
15.3365079365079,1.62377322354056,1.54703164147663,1.99002300844483,88.1976345140399
15.3366071428571,1.62363265670376,1.547062662344,1.98907141229208,88.1987477260169
15.3367063492063,1.62349208770809,1.54709361556628,1.98812027200645,88.1998607686735
15.3368055555556,1.62335151658996,1.5471245011684,1.98716958736765,88.2009736420508
15.3369047619048,1.62321094338581,1.54715531917525,1.9862193581556,88.2020863461896
15.337003968254,1.62307036813216,1.54718606961167,1.98526958415016,88.2031988811308
15.3371031746032,1.62292979086557,1.54721675250247,1.98432026513142,88.2043112469153
15.3372023809524,1.62278921162263,1.54724736787244,1.98337140087942,88.2054234435838
15.3373015873016,1.62264863044003,1.54727791574632,1.98242299117443,88.2065354711772
15.3374007936508,1.62250804735447,1.5473083961488,1.98147503579666,88.207647329736
15.3375,1.62236746240273,1.54733880910456,1.98052753452654,88.208759019301
15.3375992063492,1.62222687562162,1.54736915463822,1.97958048714446,88.2098705399129
15.3376984126984,1.62208628704804,1.54739943277437,1.97863389343102,88.2109818916121
15.3377976190476,1.62194569671891,1.54742964353756,1.97768775316679,88.2120930744393
15.3378968253968,1.6218051046712,1.54745978695233,1.9767420661325,88.2132040884349
15.337996031746,1.62166451094196,1.54748986304314,1.97579683210899,88.2143149336394
15.3380952380952,1.62152391556827,1.54751987183444,1.97485205087708,88.2154256100933
15.3381944444444,1.62138331858728,1.54754981335063,1.97390772221779,88.2165361178368
15.3382936507937,1.62124272003618,1.54757968761609,1.97296384591213,88.2176464569104
15.3383928571429,1.62110211995222,1.54760949465515,1.97202042174129,88.2187566273543
15.3384920634921,1.6209615183727,1.54763923449211,1.97107744948645,88.2198666292088
15.3385912698413,1.62082091533497,1.54766890715121,1.97013492892897,88.220976462514
15.3386904761905,1.62068031087644,1.5476985126567,1.96919285985021,88.2220861273103
15.3387896825397,1.62053970503457,1.54772805103274,1.96825124203169,88.2231956236376
15.3388888888889,1.62039909784686,1.54775752230348,1.96731007525494,88.2243049515362
15.3389880952381,1.6202584893509,1.54778692649305,1.96636935930167,88.2254141110459
15.3390873015873,1.62011787958429,1.5478162636255,1.96542909395357,88.2265231022069
15.3391865079365,1.61997726858472,1.54784553372488,1.96448927899253,88.2276319250591
15.3392857142857,1.61983665638989,1.54787473681519,1.96354991420041,88.2287405796425
15.3393849206349,1.61969604303759,1.54790387292039,1.96261099935924,88.2298490659968
15.3394841269841,1.61955542856565,1.5479329420644,1.96167253425113,88.230957384162
15.3395833333333,1.61941481301196,1.54796194427111,1.96073451865821,88.2320655341778
15.3396825396825,1.61927419641445,1.54799087956438,1.95979695236279,88.233173516084
15.3397817460317,1.61913357881111,1.54801974796802,1.95885983514717,88.2342813299204
15.339880952381,1.61899296023999,1.54804854950581,1.95792316679383,88.2353889757265
15.3399801587302,1.61885234073917,1.54807728420148,1.95698694708523,88.236496453542
15.3400793650794,1.61871172034681,1.54810595207875,1.95605117580405,88.2376037634066
15.3401785714286,1.61857109910111,1.54813455316127,1.95511585273291,88.2387109053597
15.3402777777778,1.61843047704033,1.54816308747268,1.95418097765465,88.2398178794408
15.340376984127,1.61828985420277,1.54819155503657,1.95324655035207,88.2409246856896
15.3404761904762,1.61814923062679,1.54821995587649,1.95231257060819,88.2420313241452
15.3405753968254,1.61800860635081,1.54824829001597,1.95137903820598,88.2431377948472
15.3406746031746,1.61786798141329,1.54827655747848,1.95044595292862,88.2442440978349
15.3407738095238,1.61772735585275,1.54830475828747,1.94951331455927,88.2453502331476
15.340873015873,1.61758672970777,1.54833289246635,1.94858112288125,88.2464562008246
15.3409722222222,1.61744610301698,1.54836096003848,1.94764937767795,88.2475620009049
15.3410714285714,1.61730547581904,1.54838896102721,1.94671807873281,88.248667633428
15.3411706349206,1.61716484815269,1.54841689545582,1.94578722582942,88.2497730984327
15.3412698412698,1.61702422005672,1.54844476334758,1.94485681875137,88.2508783959584
15.341369047619,1.61688359156997,1.54847256472571,1.94392685728244,88.251983526044
15.3414682539683,1.61674296273132,1.54850029961339,1.94299734120638,88.2530884887285
15.3415674603175,1.61660233357972,1.54852796803377,1.94206827030715,88.2541932840509
15.3416666666667,1.61646170415416,1.54855557000997,1.94113964436868,88.2552979120501
15.3417658730159,1.61632107449371,1.54858310556506,1.94021146317509,88.256402372765
15.3418650793651,1.61618044463744,1.54861057472207,1.93928372651048,88.2575066662345
15.3419642857143,1.61603981462454,1.54863797750401,1.93835643415915,88.2586107924974
15.3420634920635,1.61589918449419,1.54866531393384,1.93742958590538,88.2597147515923
15.3421626984127,1.61575855428568,1.54869258403449,1.93650318153362,88.2608185435581
15.3422619047619,1.61561792403829,1.54871978782884,1.93557722082833,88.2619221684335
15.3423611111111,1.61547729379142,1.54874692533975,1.93465170357412,88.2630256262569
15.3424603174603,1.61533666358447,1.54877399659003,1.93372662955569,88.2641289170672
15.3425595238095,1.61519603345693,1.54880100160247,1.93280199855774,88.2652320409027
15.3426587301587,1.61505540344831,1.54882794039979,1.93187781036518,88.266334997802
15.3427579365079,1.6149147735982,1.54885481300472,1.93095406476287,88.2674377878037
15.3428571428571,1.61477414394624,1.5488816194399,1.9300307615359,88.268540410946
15.3429563492064,1.6146335145321,1.54890835972799,1.9291079004693,88.2696428672675
15.3430555555556,1.61449288539552,1.54893503389156,1.92818548134833,88.2707451568064
15.3431547619048,1.6143522565763,1.54896164195317,1.9272635039582,88.2718472796011
15.343253968254,1.61421162811429,1.54898818393535,1.92634196808433,88.2729492356898
15.3433531746032,1.61407100004937,1.54901465986058,1.92542087351212,88.2740510251108
15.3434523809524,1.61393037242151,1.5490410697513,1.92450022002714,88.2751526479022
15.3435515873016,1.6137897452707,1.54906741362991,1.92358000741497,88.2762541041022
15.3436507936508,1.613649118637,1.5490936915188,1.92266023546137,88.2773553937488
15.34375,1.61350849256052,1.5491199034403,1.92174090395207,88.2784565168802
15.3438492063492,1.61336786708142,1.54914604941669,1.92082201267298,88.2795574735343
15.3439484126984,1.61322724223992,1.54917212947025,1.91990356141008,88.2806582637491
15.3440476190476,1.61308661807629,1.5491981436232,1.91898554994939,88.2817588875625
15.3441468253968,1.61294599463085,1.54922409189771,1.91806797807708,88.2828593450125
15.344246031746,1.61280537194398,1.54924997431595,1.91715084557933,88.2839596361369
15.3443452380952,1.6126647500561,1.54927579090002,1.91623415224249,88.2850597609735
15.3444444444444,1.61252412900769,1.54930154167201,1.91531789785292,88.28615971956
15.3445436507936,1.61238350883929,1.54932722665394,1.91440208219714,88.2872595119343
15.3446428571429,1.61224288959148,1.54935284586781,1.91348670506166,88.2883591381339
15.3447420634921,1.61210227130491,1.5493783993356,1.9125717662332,88.2894585981965
15.3448412698413,1.61196165402026,1.54940388707924,1.91165726549843,88.2905578921598
15.3449404761905,1.61182103777829,1.5494293091206,1.91074320264425,88.2916570200612
15.3450396825397,1.61168042261978,1.54945466548154,1.9098295774575,88.2927559819383
15.3451388888889,1.61153980858561,1.54947995618388,1.90891638972523,88.2938547778286
15.3452380952381,1.61139919571665,1.54950518124941,1.90800363923449,88.2949534077695
15.3453373015873,1.61125858405388,1.54953034069985,1.90709132577246,88.2960518717984
15.3454365079365,1.61111797363831,1.54955543455692,1.90617944912642,88.2971501699526
15.3455357142857,1.610977364511,1.54958046284228,1.90526800908367,88.2982483022695
15.3456349206349,1.61083675671307,1.54960542557757,1.90435700543168,88.2993462687863
15.3457341269841,1.61069615028568,1.54963032278438,1.90344643795792,88.3004440695403
15.3458333333333,1.61055554527007,1.54965515448427,1.90253630645004,88.3015417045686
15.3459325396825,1.6104149417075,1.54967992069875,1.90162661069568,88.3026391739085
15.3460317460317,1.6102743396393,1.54970462144931,1.90071735048265,88.3037364775969
15.346130952381,1.61013373910686,1.5497292567574,1.89980852559877,88.304833615671
15.3462301587302,1.60999314015161,1.54975382664443,1.89890013583204,88.3059305881678
15.3463293650794,1.60985254281504,1.54977833113176,1.89799218097042,88.3070273951242
15.3464285714286,1.60971194713869,1.54980277024073,1.8970846608021,88.3081240365772
15.3465277777778,1.60957135316415,1.54982714399265,1.89617757511521,88.3092205125637
15.346626984127,1.60943076093308,1.54985145240876,1.89527092369811,88.3103168231205
15.3467261904762,1.60929017048716,1.54987569551031,1.89436470633912,88.3114129682846
15.3468253968254,1.60914958186815,1.54989987331846,1.89345892282672,88.3125089480925
15.3469246031746,1.60900899511787,1.54992398585438,1.89255357294948,88.3136047625811
15.3470238095238,1.60886841027816,1.54994803313918,1.891648656496,88.3147004117871
15.347123015873,1.60872782739094,1.54997201519392,1.89074417325504,88.315795895747
15.3472222222222,1.60858724649818,1.54999593203966,1.88984012301535,88.3168912144976
15.3473214285714,1.60844666764189,1.55001978369739,1.88893650556588,88.3179863680754
15.3474206349206,1.60830609086414,1.55004357018808,1.88803332069555,88.3190813565168
15.3475198412698,1.60816551620706,1.55006729153266,1.88713056819349,88.3201761798584
15.347619047619,1.60802494371282,1.55009094775201,1.88622824784878,88.3212708381366
15.3477182539683,1.60788437342366,1.550114538867,1.88532635945073,88.3223653313878
15.3478174603175,1.60774380538185,1.55013806489843,1.88442490278859,88.3234596596484
15.3479166666667,1.60760323962974,1.5501615258671,1.88352387765183,88.3245538229547
15.3480158730159,1.60746267620971,1.55018492179373,1.88262328382989,88.325647821343
15.3481150793651,1.6073221151642,1.55020825269904,1.88172312111241,88.3267416548494
15.3482142857143,1.60718155653571,1.5502315186037,1.880823389289,88.3278353235103
15.3483134920635,1.60704100036678,1.55025471952834,1.87992408814944,88.3289288273617
15.3484126984127,1.60690044670002,1.55027785549355,1.8790252174836,88.3300221664397
15.3485119047619,1.60675989557808,1.55030092651989,1.87812677708134,88.3311153407804
15.3486111111111,1.60661934704367,1.55032393262789,1.87722876673273,88.3322083504199
15.3487103174603,1.60647880113955,1.55034687383802,1.87633118622783,88.3333011953941
15.3488095238095,1.60633825790853,1.55036975017073,1.87543403535685,88.334393875739
15.3489087301587,1.60619771739347,1.55039256164644,1.87453731391003,88.3354863914904
15.3490079365079,1.6060571796373,1.55041530828552,1.87364102167776,88.3365787426843
15.3491071428571,1.60591664468298,1.5504379901083,1.87274515845045,88.3376709293564
15.3492063492063,1.60577611257355,1.55046060713508,1.87184972401866,88.3387629515425
15.3493055555556,1.60563558335208,1.55048315938612,1.87095471817297,88.3398548092784
15.3494047619048,1.6054950570617,1.55050564688165,1.87006014070412,88.3409465025998
15.349503968254,1.60535453374559,1.55052806964186,1.86916599140284,88.3420380315422
15.3496031746032,1.60521401344699,1.55055042768689,1.86827227006007,88.3431293961414
15.3497023809524,1.6050734962092,1.55057272103686,1.86737897646672,88.3442205964329
15.3498015873016,1.60493298207554,1.55059494971186,1.86648611041384,88.3453116324522
15.3499007936508,1.60479247108944,1.55061711373191,1.8655936716926,88.3464025042348
15.35,1.60465196329431,1.55063921311702,1.86470166009417,88.3474932118161
15.3500992063492,1.60451145873368,1.55066124788716,1.86381007540989,88.3485837552316
15.3501984126984,1.6043709574511,1.55068321806225,1.86291891743111,88.3496741345166
15.3502976190476,1.60423045949017,1.55070512366219,1.86202818594935,88.3507643497064
15.3503968253968,1.60408996489455,1.55072696470684,1.86113788075612,88.3518544008364
15.350496031746,1.60394947370796,1.550748741216,1.86024800164313,88.3529442879417
15.3505952380952,1.60380898597417,1.55077045320946,1.85935854840205,88.3540340110576
15.3506944444444,1.603668501737,1.55079210070697,1.85846952082476,88.3551235702191
15.3507936507937,1.60352802104031,1.55081368372823,1.85758091870311,88.3562129654615
15.3508928571429,1.60338754392803,1.55083520229292,1.85669274182914,88.3573021968198
15.3509920634921,1.60324707044415,1.55085665642065,1.85580498999488,88.358391264329
15.3510912698413,1.6031066006327,1.55087804613104,1.85491766299255,88.3594801680242
15.3511904761905,1.60296613453775,1.55089937144364,1.85403076061435,88.3605689079402
15.3512896825397,1.60282567220345,1.55092063237796,1.85314428265263,88.3616574841119
15.3513888888889,1.60268521367399,1.55094182895351,1.85225822889985,88.3627458965743
15.3514880952381,1.60254475899362,1.55096296118971,1.85137259914847,88.3638341453622
15.3515873015873,1.60240430820662,1.55098402910599,1.85048739319112,88.3649222305103
15.3516865079365,1.60226386135735,1.55100503272172,1.84960261082045,88.3660101520534
15.3517857142857,1.60212341849022,1.55102597205623,1.84871825182926,88.3670979100261
15.3518849206349,1.60198297964967,1.55104684712883,1.84783431601037,88.3681855044632
15.3519841269841,1.60184254488023,1.55106765795878,1.84695080315676,88.3692729353992
15.3520833333333,1.60170211422644,1.5510884045653,1.8460677130614,88.3703602028688
15.3521825396825,1.60156168773293,1.55110908696758,1.84518504551746,88.3714473069065
15.3522817460317,1.60142126544435,1.55112970518477,1.84430280031808,88.3725342475467
15.352380952381,1.60128084740545,1.55115025923599,1.84342097725661,88.3736210248239
15.3524801587302,1.60114043366097,1.55117074914032,1.84253957612635,88.3747076387725
15.3525793650794,1.60100002425577,1.5511911749168,1.84165859672082,88.3757940894269
15.3526785714286,1.60085961923471,1.55121153658443,1.84077803883351,88.3768803768214
15.3527777777778,1.60071921864272,1.55123183416217,1.83989790225807,88.3779665009904
15.352876984127,1.6005788225248,1.55125206766896,1.83901818678824,88.3790524619679
15.3529761904762,1.60043843092598,1.55127223712369,1.83813889221777,88.3801382597883
15.3530753968254,1.60029804389135,1.55129234254522,1.8372600183406,88.3812238944857
15.3531746031746,1.60015766146606,1.55131238395236,1.83638156495065,88.3823093660942
15.3532738095238,1.60001728369532,1.5513323613639,1.83550353184202,88.3833946746479
15.353373015873,1.59987691062435,1.55135227479858,1.83462591880883,88.3844798201809
15.3534722222222,1.59973654229848,1.5513721242751,1.83374872564534,88.3855648027271
15.3535714285714,1.59959617876306,1.55139190981215,1.83287195214582,88.3866496223204
15.3536706349206,1.5994558200635,1.55141163142835,1.83199559810472,88.3877342789949
15.3537698412698,1.59931546624526,1.55143128914229,1.8311196633165,88.3888187727843
15.353869047619,1.59917511735386,1.55145088297255,1.83024414757576,88.3899031037225
15.3539682539683,1.59903477343486,1.55147041293764,1.82936905067712,88.3909872718433
15.3540674603175,1.59889443453389,1.55148987905604,1.82849437241539,88.3920712771804
15.3541666666667,1.59875410069663,1.55150928134621,1.82762011258534,88.3931551197676
15.3542658730159,1.5986137719688,1.55152861982656,1.82674627098192,88.3942387996385
15.3543650793651,1.59847344839618,1.55154789451546,1.82587284740016,88.3953223168266
15.3544642857143,1.59833313002461,1.55156710543126,1.82499984163511,88.3964056713657
15.3545634920635,1.59819281689997,1.55158625259224,1.82412725348199,88.3974888632892
15.3546626984127,1.5980525090682,1.55160533601667,1.82325508273601,88.3985718926306
15.3547619047619,1.59791220657531,1.55162435572279,1.82238332919257,88.3996547594234
15.3548611111111,1.59777190946732,1.55164331172878,1.82151199264708,88.400737463701
15.3549603174603,1.59763161779035,1.55166220405279,1.82064107289508,88.4018200054968
15.3550595238095,1.59749133159054,1.55168103271294,1.81977056973216,88.4029023848441
15.3551587301587,1.5973510509141,1.5516997977273,1.81890048295404,88.4039846017762
15.3552579365079,1.59721077580728,1.55171849911393,1.81803081235646,88.4050666563264
15.3553571428571,1.59707050631641,1.55173713689081,1.81716155773534,88.4061485485278
15.3554563492063,1.59693024248783,1.55175571107593,1.81629271888659,88.4072302784136
15.3555555555556,1.59678998436798,1.55177422168721,1.81542429560628,88.408311846017
15.3556547619048,1.59664973200331,1.55179266874254,1.8145562876905,88.409393251371
15.355753968254,1.59650948544035,1.55181105225979,1.81368869493549,88.4104744945086
15.3558531746032,1.59636924472568,1.55182937225677,1.81282151713756,88.411555575463
15.3559523809524,1.59622900990593,1.55184762875126,1.81195475409305,88.4126364942669
15.3560515873016,1.59608878102778,1.55186582176101,1.81108840559848,88.4137172509534
15.3561507936508,1.59594855813796,1.55188395130373,1.81022247145036,88.4147978455553
15.35625,1.59580834128327,1.55190201739708,1.80935695144538,88.4158782781055
15.3563492063492,1.59566813051053,1.55192002005871,1.80849184538022,88.4169585486367
15.3564484126984,1.59552792586666,1.55193795930621,1.80762715305173,88.4180386571817
15.3565476190476,1.59538772739858,1.55195583515715,1.80676287425679,88.4191186037732
15.3566468253968,1.59524753515332,1.55197364762903,1.8058990087924,88.4201983884439
15.356746031746,1.5951073491779,1.55199139673936,1.80503555645562,88.4212780112264
15.3568452380952,1.59496716951946,1.55200908250559,1.80417251704363,88.4223574721533
15.3569444444444,1.59482699622513,1.55202670494511,1.80330989035364,88.4234367712571
15.3570436507936,1.59468682934214,1.55204426407531,1.80244767618303,88.4245159085703
15.3571428571429,1.59454666891774,1.55206175991353,1.80158587432916,88.4255948841255
15.3572420634921,1.59440651499927,1.55207919247707,1.80072448458957,88.4266736979549
15.3573412698413,1.59426636763408,1.5520965617832,1.79986350676187,88.4277523500911
15.3574404761905,1.5941262268696,1.55211386784913,1.79900294064367,88.4288308405662
15.3575396825397,1.59398609275332,1.55213111069207,1.79814278603281,88.4299091694127
15.3576388888889,1.59384596533275,1.55214829032916,1.79728304272707,88.4309873366628
15.3577380952381,1.59370584465549,1.55216540677752,1.79642371052443,88.4320653423487
15.3578373015873,1.59356573076917,1.55218246005423,1.79556478922287,88.4331431865025
15.3579365079365,1.59342562372147,1.55219945017633,1.79470627862055,88.4342208691564
15.3580357142857,1.59328552356014,1.55221637716084,1.7938481785156,88.4352983903425
15.3581349206349,1.59314543033298,1.55223324102471,1.79299048870636,88.4363757500928
15.3582341269841,1.59300534408783,1.55225004178488,1.79213320899113,88.4374529484394
15.3583333333333,1.59286526487259,1.55226677945824,1.79127633916843,88.4385299854141
15.3584325396825,1.59272519273522,1.55228345406165,1.79041987903673,88.439606861049
15.3585317460317,1.59258512772373,1.55230006561193,1.78956382839471,88.4406835753758
15.358630952381,1.59244506988617,1.55231661412586,1.78870818704104,88.4417601284265
15.3587301587302,1.59230501927066,1.5523330996202,1.78785295477452,88.4428365202329
15.3588293650794,1.59216497592537,1.55234952211164,1.78699813139406,88.4439127508266
15.3589285714286,1.5920249398985,1.55236588161687,1.78614371669859,88.4449888202394
15.3590277777778,1.59188491123835,1.55238217815251,1.7852897104872,88.446064728503
15.359126984127,1.59174488999322,1.55239841173517,1.78443611255899,88.447140475649
15.3592261904762,1.5916048762115,1.55241458238141,1.78358292271323,88.448216061709
15.3593253968254,1.59146486994162,1.55243069010774,1.78273014074919,88.4492914867146
15.3594246031746,1.59132487123207,1.55244673493067,1.7818777664663,88.4503667506972
15.3595238095238,1.59118488013137,1.55246271686663,1.78102579966402,88.4514418536883
15.359623015873,1.59104489668813,1.55247863593205,1.78017424014194,88.4525167957194
15.3597222222222,1.59090492095098,1.55249449214329,1.77932308769969,88.4535915768218
15.3598214285714,1.59076495296862,1.55251028551671,1.77847234213705,88.4546661970269
15.3599206349206,1.5906249927898,1.55252601606859,1.77762200325381,88.455740656366
15.3600198412698,1.59048504046333,1.55254168381521,1.77677207084992,88.4568149548703
15.360119047619,1.59034509603804,1.55255728877279,1.77592254472534,88.457889092571
15.3602182539683,1.59020515956286,1.55257283095752,1.77507342468018,88.4589630694994
15.3603174603175,1.59006523108675,1.55258831038557,1.77422471051464,88.4600368856866
15.3604166666667,1.58992531065872,1.55260372707304,1.77337640202893,88.4611105411636
15.3605158730159,1.58978539832784,1.55261908103602,1.77252849902343,88.4621840359615
15.3606150793651,1.58964549414322,1.55263437229055,1.77168100129855,88.4632573701113
15.3607142857143,1.58950559815404,1.55264960085263,1.77083390865483,88.464330543644
15.3608134920635,1.58936571040952,1.55266476673824,1.76998722089284,88.4654035565905
15.3609126984127,1.58922583095896,1.55267986996331,1.76914093781331,88.4664764089817
15.3610119047619,1.58908595985167,1.55269491054373,1.76829505921697,88.4675491008485
15.3611111111111,1.58894609713704,1.55270988849536,1.76744958490473,88.4686216322216
15.3612103174603,1.58880624286451,1.55272480383402,1.7666045146775,88.4696940031318
15.3613095238095,1.58866639708358,1.5527396565755,1.76575984833634,88.4707662136098
15.3614087301587,1.58852655984378,1.55275444673554,1.76491558568235,88.4718382636864
15.3615079365079,1.58838673119471,1.55276917432986,1.76407172651676,88.4729101533921
15.3616071428571,1.58824691118603,1.55278383937412,1.76322827064082,88.4739818827575
15.3617063492064,1.58810709986743,1.55279844188397,1.76238521785595,88.4750534518132
15.3618055555556,1.58796729728868,1.552812981875,1.76154256796362,88.4761248605897
15.3619047619048,1.58782750349957,1.55282745936278,1.76070032076533,88.4771961091176
15.362003968254,1.58768771854999,1.55284187436282,1.75985847606278,88.4782671974271
15.3621031746032,1.58754794248982,1.55285622689062,1.75901703365764,88.4793381255487
15.3622023809524,1.58740817536906,1.55287051696163,1.75817599335176,88.4804088935127
15.3623015873016,1.58726841723771,1.55288474459127,1.757335354947,88.4814795013495
15.3624007936508,1.58712866814586,1.5528989097949,1.75649511824538,88.4825499490893
15.3625,1.58698892814363,1.55291301258788,1.75565528304892,88.4836202367624
15.3625992063492,1.5868491972812,1.5529270529855,1.75481584915982,88.4846903643988
15.3626984126984,1.58670947560879,1.55294103100302,1.75397681638028,88.4857603320289
15.3627976190476,1.58656976317671,1.55295494665569,1.75313818451267,88.4868301396826
15.3628968253968,1.58643006003528,1.55296879995869,1.75229995335935,88.4878997873899
15.362996031746,1.58629036623491,1.55298259092717,1.75146212272286,88.488969275181
15.3630952380952,1.58615068182603,1.55299631957626,1.75062469240576,88.4900386030859
15.3631944444444,1.58601100685914,1.55300998592104,1.74978766221072,88.4911077711343
15.3632936507937,1.5858713413848,1.55302358997654,1.74895103194053,88.4921767793563
15.3633928571429,1.58573168545361,1.55303713175778,1.74811480139798,88.4932456277817
15.3634920634921,1.58559203911622,1.55305061127973,1.74727897038606,88.4943143164402
15.3635912698413,1.58545240242335,1.55306402855731,1.74644353870772,88.4953828453617
15.3636904761905,1.58531277542576,1.55307738360543,1.74560850616612,88.4964512145758
15.3637896825397,1.58517315817426,1.55309067643895,1.7447738725644,88.4975194241123
15.3638888888889,1.58503355071973,1.55310390707268,1.74393963770587,88.4985874740008
15.3639880952381,1.58489395311308,1.55311707552142,1.74310580139385,88.499655364271
15.3640873015873,1.5847543654053,1.5531301817999,1.74227236343183,88.5007230949522
15.3641865079365,1.58461478764741,1.55314322592285,1.74143932362329,88.5017906660742
15.3642857142857,1.58447521989049,1.55315620790493,1.74060668177191,88.5028580776663
15.3643849206349,1.58433566218567,1.55316912776078,1.73977443768133,88.503925329758
15.3644841269841,1.58419611458415,1.553181985505,1.73894259115539,88.5049924223786
15.3645833333333,1.58405657713716,1.55319478115216,1.73811114199792,88.5060593555577
15.3646825396825,1.58391704989599,1.55320751471678,1.73728009001292,88.5071261293244
15.3647817460317,1.583777532912,1.55322018621335,1.73644943500444,88.5081927437079
15.364880952381,1.58363802623658,1.55323279565632,1.73561917677657,88.5092591987377
15.3649801587302,1.58349852992118,1.55324534306011,1.73478931513359,88.5103254944427
15.3650793650794,1.58335904401731,1.55325782843909,1.73395984987976,88.5113916308522
15.3651785714286,1.58321956857653,1.55327025180761,1.7331307808195,88.5124576079953
15.3652777777778,1.58308010365045,1.55328261317997,1.73230210775726,88.5135234259011
15.365376984127,1.58294064929073,1.55329491257044,1.73147383049765,88.5145890845985
15.3654761904762,1.58280120554909,1.55330714999324,1.73064594884526,88.5156545841166
15.3655753968254,1.5826617724773,1.55331932546257,1.72981846260489,88.5167199244842
15.3656746031746,1.58252235012718,1.55333143899259,1.72899137158131,88.5177851057303
15.3657738095238,1.58238293855061,1.55334349059741,1.72816467557947,88.5188501278837
15.365873015873,1.58224353779952,1.55335548029112,1.72733837440434,88.5199149909733
15.3659722222222,1.58210414792589,1.55336740808776,1.72651246786102,88.5209796950278
15.3660714285714,1.58196476898176,1.55337927400134,1.72568695575464,88.5220442400759
15.3661706349206,1.58182540101921,1.55339107804583,1.72486183789049,88.5231086261464
15.3662698412698,1.58168604409038,1.55340282023517,1.72403711407392,88.5241728532678
15.366369047619,1.58154669824748,1.55341450058324,1.72321278411032,88.5252369214689
15.3664682539683,1.58140736354274,1.55342611910392,1.72238884780524,88.5263008307781
15.3665674603175,1.58126804002847,1.55343767581102,1.72156530496423,88.5273645812239
15.3666666666667,1.58112872775702,1.55344917071833,1.72074215539302,88.5284281728349
15.3667658730159,1.58098942678079,1.55346060383959,1.71991939889735,88.5294916056396
15.3668650793651,1.58085013715226,1.55347197518853,1.7190970352831,88.5305548796662
15.3669642857143,1.58071085892391,1.55348328477882,1.71827506435618,88.5316179949432
15.3670634920635,1.58057159214834,1.55349453262408,1.71745348592267,88.5326809514988
15.3671626984127,1.58043233687814,1.55350571873793,1.71663229978862,88.5337437493614
15.3672619047619,1.580293093166,1.55351684313393,1.7158115057603,88.5348063885591
15.3673611111111,1.58015386106463,1.55352790582561,1.71499110364393,88.5358688691203
15.3674603174603,1.58001464062682,1.55353890682644,1.71417109324594,88.5369311910729
15.3675595238095,1.57987543190539,1.5535498461499,1.71335147437275,88.5379933544452
15.3676587301587,1.57973623495323,1.55356072380939,1.71253224683091,88.5390553592651
15.3677579365079,1.57959704982327,1.55357153981829,1.71171341042709,88.5401172055608
15.3678571428571,1.5794578765685,1.55358229418994,1.71089496496796,88.5411788933602
15.3679563492063,1.57931871524198,1.55359298693766,1.71007691026036,88.5422404226912
15.3680555555556,1.57917956589678,1.5536036180747,1.70925924611114,88.5433017935818
15.3681547619048,1.57904042858606,1.55361418761429,1.70844197232733,88.5443630060598
15.368253968254,1.57890130336302,1.55362469556964,1.70762508871593,88.545424060153
15.3683531746032,1.57876219028092,1.5536351419539,1.70680859508414,88.5464849558892
15.3684523809524,1.57862308939305,1.55364552678018,1.70599249123916,88.5475456932962
15.3685515873016,1.57848400075279,1.55365585006157,1.70517677698834,88.5486062724016
15.3686507936508,1.57834492441355,1.55366611181112,1.70436145213905,88.5496666932331
15.36875,1.57820586042878,1.55367631204183,1.70354651649883,88.5507269558182
15.3688492063492,1.57806680885202,1.55368645076669,1.70273196987521,88.5517870601847
15.3689484126984,1.57792776973683,1.55369652799861,1.70191781207589,88.5528470063599
15.3690476190476,1.57778874313683,1.5537065437505,1.70110404290859,88.5539067943715
15.3691468253968,1.57764972910572,1.55371649803522,1.70029066218117,88.5549664242467
15.369246031746,1.57751072769721,1.55372639086559,1.69947766970157,88.5560258960131
15.3693452380952,1.57737173896509,1.55373622225441,1.69866506527775,88.557085209698
15.3694444444444,1.57723276296321,1.55374599221441,1.69785284871786,88.5581443653287
15.3695436507937,1.57709379974544,1.55375570075832,1.69704101983003,88.5592033629325
15.3696428571429,1.57695484936573,1.5537653478988,1.69622957842258,88.5602622025366
15.3697420634921,1.57681591187809,1.55377493364851,1.69541852430381,88.5613208841682
15.3698412698413,1.57667698733655,1.55378445802003,1.69460785728221,88.5623794078546
15.3699404761905,1.57653807579522,1.55379392102593,1.69379757716626,88.5634377736227
15.3700396825397,1.57639917730827,1.55380332267875,1.69298768376462,88.5644959814997
15.3701388888889,1.57626029192988,1.55381266299096,1.69217817688594,88.5655540315126
15.3702380952381,1.57612141971433,1.55382194197503,1.69136905633904,88.5666119236884
15.3703373015873,1.57598256071593,1.55383115964338,1.69056032193277,88.5676696580541
15.3704365079365,1.57584371498905,1.55384031600838,1.68975197347611,88.5687272346364
15.3705357142857,1.5757048825881,1.55384941108237,1.68894401077806,88.5697846534624
15.3706349206349,1.57556606356756,1.55385844487766,1.68813643364778,88.5708419145589
15.3707341269841,1.57542725798197,1.55386741740652,1.6873292418945,88.5718990179525
15.3708333333333,1.57528846588589,1.55387632868117,1.68652243532749,88.5729559636701
15.3709325396825,1.57514968733396,1.55388517871383,1.68571601375616,88.5740127517384
15.3710317460317,1.57501092238086,1.55389396751664,1.68490997698996,88.575069382184
15.371130952381,1.57487217108133,1.55390269510171,1.68410432483848,88.5761258550335
15.3712301587302,1.57473343349017,1.55391136148115,1.68329905711132,88.5771821703135
15.3713293650794,1.57459470966222,1.55391996666699,1.68249417361827,88.5782383280505
15.3714285714286,1.57445599965237,1.55392851067124,1.68168967416908,88.5792943282711
15.3715277777778,1.57431730351558,1.55393699350588,1.68088555857373,88.5803501710017
15.371626984127,1.57417862130684,1.55394541518284,1.68008182664214,88.5814058562687
15.3717261904762,1.57403995308122,1.55395377571402,1.67927847818444,88.5824613840984
15.3718253968254,1.57390129889383,1.55396207511128,1.67847551301075,88.5835167545172
15.3719246031746,1.57376265879982,1.55397031338644,1.67767293093135,88.5845719675514
15.3720238095238,1.57362403285442,1.5539784905513,1.67687073175655,88.5856270232272
15.372123015873,1.57348542111288,1.55398660661761,1.67606891529678,88.5866819215708
15.3722222222222,1.57334682363054,1.55399466159707,1.67526748136257,88.5877366626084
15.3723214285714,1.57320824046276,1.55400265550136,1.67446642976446,88.588791246366
15.3724206349206,1.57306967166498,1.55401058834213,1.6736657603132,88.5898456728699
15.3725198412698,1.57293111729267,1.55401846013097,1.67286547281948,88.590899942146
15.372619047619,1.57279257740137,1.55402627087945,1.67206556709422,88.5919540542202
15.3727182539683,1.57265405204667,1.55403402059911,1.67126604294829,88.5930080091186
15.3728174603175,1.57251554128419,1.55404170930143,1.67046690019278,88.5940618068671
15.3729166666667,1.57237704516964,1.55404933699786,1.66966813863874,88.5951154474915
15.3730158730159,1.57223856375877,1.55405690369982,1.66886975809741,88.5961689310177
15.3731150793651,1.57210009710736,1.5540644094187,1.66807175838004,88.5972222574715
15.3732142857143,1.57196164527127,1.55407185416584,1.66727413929803,88.5982754268785
15.3733134920635,1.5718232083064,1.55407923795254,1.66647690066279,88.5993284392646
15.3734126984127,1.57168478626872,1.55408656079008,1.66568004228592,88.6003812946553
15.3735119047619,1.57154637921423,1.55409382268968,1.66488356397898,88.6014339930763
15.3736111111111,1.571407987199,1.55410102366254,1.66408746555372,88.6024865345532
15.3737103174603,1.57126961027914,1.55410816371982,1.66329174682195,88.6035389191115
15.3738095238095,1.57113124851082,1.55411524287264,1.66249640759551,88.6045911467767
15.3739087301587,1.57099290195026,1.55412226113209,1.66170144768643,88.6056432175742
15.3740079365079,1.57085457065374,1.55412921850921,1.66090686690671,88.6066951315295
15.3741071428571,1.5707162546776,1.55413611501502,1.66011266506854,88.607746888668
15.3742063492064,1.5705779540782,1.55414295066048,1.6593188419841,88.608798489015
15.3743055555556,1.57043966891198,1.55414972545653,1.65852539746575,88.6098499325957
15.3744047619048,1.57030139923543,1.55415643941408,1.65773233132586,88.6109012194354
15.374503968254,1.5701631451051,1.55416309254398,1.65693964337695,88.6119523495594
15.3746031746032,1.57002490657757,1.55416968485707,1.65614733343155,88.6130033229928
15.3747023809524,1.56988668370949,1.55417621636412,1.65535540130236,88.6140541397606
15.3748015873016,1.56974847655756,1.55418268707589,1.65456384680209,88.6151047998881
15.3749007936508,1.56961028517854,1.5541890970031,1.65377266974361,88.6161553034002
15.375,1.56947210962922,1.55419544615642,1.6529818699398,88.617205650322
15.3750992063492,1.56933394996646,1.55420173454649,1.65219144720368,88.6182558406783
15.3751984126984,1.56919580624719,1.55420796218392,1.65140140134836,88.6193058744942
15.3752976190476,1.56905767852836,1.55421412907927,1.65061173218698,88.6203557517944
15.3753968253968,1.56891956686699,1.55422023524307,1.64982243953285,88.6214054726039
15.375496031746,1.56878147132015,1.55422628068582,1.64903352319925,88.6224550369474
15.3755952380952,1.56864339194496,1.55423226541796,1.64824498299969,88.6235044448497
15.3756944444444,1.5685053287986,1.55423818944992,1.64745681874763,88.6245536963354
15.3757936507936,1.5683672819383,1.55424405279209,1.64666903025672,88.6256027914293
15.3758928571429,1.56822925142134,1.55424985545479,1.64588161734061,88.6266517301559
15.3759920634921,1.56809123730507,1.55425559744834,1.64509457981312,88.6277005125399
15.3760912698413,1.56795323964685,1.55426127878302,1.64430791748809,88.6287491386059
15.3761904761905,1.56781525850414,1.55426689946905,1.64352163017949,88.6297976083781
15.3762896825397,1.56767729393443,1.55427245951663,1.64273571770133,88.6308459218813
15.3763888888889,1.56753934599528,1.55427795893592,1.64195017986777,88.6318940791398
15.3764880952381,1.56740141474427,1.55428339773704,1.64116501649297,88.6329420801779
15.3765873015873,1.56726350023906,1.55428877593008,1.64038022739127,88.63398992502
15.3766865079365,1.56712560253736,1.55429409352508,1.63959581237705,88.6350376136904
15.3767857142857,1.56698772169693,1.55429935053207,1.63881177126474,88.6360851462134
15.3768849206349,1.56684985777559,1.554304546961,1.63802810386895,88.6371325226131
15.3769841269841,1.56671201083118,1.55430968282182,1.63724481000426,88.6381797429138
15.3770833333333,1.56657418092165,1.55431475812443,1.63646188948545,88.6392268071395
15.3771825396825,1.56643636810495,1.55431977287869,1.63567934212729,88.6402737153143
15.3772817460317,1.56629857243911,1.55432472709442,1.63489716774471,88.6413204674624
15.377380952381,1.5661607939822,1.55432962078143,1.63411536615266,88.6423670636076
15.3774801587302,1.56602303279237,1.55433445394946,1.63333393716626,88.643413503774
15.3775793650794,1.56588528892779,1.55433922660822,1.63255288060061,88.6444597879855
15.3776785714286,1.56574756244669,1.55434393876739,1.63177219627101,88.6455059162659
15.3777777777778,1.56560985340738,1.55434859043661,1.63099188399273,88.6465518886392
15.377876984127,1.56547216186818,1.5543531816255,1.63021194358124,88.647597705129
15.3779761904762,1.5653344878875,1.55435771234361,1.629432374852,88.6486433657593
15.3780753968254,1.56519683152378,1.55436218260048,1.62865317762061,88.6496888705536
15.3781746031746,1.56505919283553,1.55436659240559,1.62787435170276,88.6507342195356
15.3782738095238,1.5649215718813,1.55437094176841,1.62709589691419,88.651779412729
15.378373015873,1.5647839687197,1.55437523069835,1.62631781307077,88.6528244501574
15.3784722222222,1.56464638340938,1.5543794592048,1.62554009998839,88.6538693318443
15.3785714285714,1.56450881600907,1.55438362729711,1.62476275748312,88.6549140578132
15.3786706349206,1.56437126657752,1.55438773498457,1.62398578537101,88.6559586280876
15.3787698412698,1.56423373517356,1.55439178227646,1.6232091834683,88.6570030426909
15.378869047619,1.56409622185606,1.55439576918202,1.62243295159122,88.6580473016466
15.3789682539683,1.56395872668394,1.55439969571043,1.62165708955618,88.6590914049778
15.3790674603175,1.56382124971619,1.55440356187088,1.62088159717959,88.660135352708
15.3791666666667,1.56368379101184,1.55440736767246,1.62010647427801,88.6611791448604
15.3792658730159,1.56354635062996,1.55441111312428,1.61933172066803,88.6622227814583
15.3793650793651,1.5634089286297,1.55441479823538,1.6185573361664,88.6632662625246
15.3794642857143,1.56327152507025,1.55441842301477,1.61778332058987,88.6643095880828
15.3795634920635,1.56313414001085,1.55442198747143,1.61700967375534,88.6653527581558
15.3796626984127,1.56299677351079,1.55442549161429,1.61623639547979,88.6663957727666
15.3797619047619,1.56285942562944,1.55442893545226,1.61546348558024,88.6674386319383
15.3798611111111,1.56272209642618,1.5544323189942,1.61469094387386,88.6684813356939
15.3799603174603,1.56258478596048,1.55443564224894,1.61391877017783,88.6695238840562
15.3800595238095,1.56244749428889,1.55443890522644,1.61314696430954,88.6705662770494
15.3801587301587,1.56231021757106,1.55444210948723,1.61237552612395,88.6716085162566
15.3802579365079,1.56217295233331,1.55444525644394,1.61160445548332,88.6726506031119
15.3803571428571,1.56203569857261,1.55444834612735,1.61083375222132,88.6736925376596
15.3804563492063,1.56189845628595,1.55445137856819,1.61006341617173,88.6747343199439
15.3805555555556,1.56176122547033,1.55445435379721,1.60929344716833,88.6757759500091
15.3806547619048,1.56162400612279,1.55445727184511,1.60852384504502,88.6768174278993
15.380753968254,1.56148679824035,1.55446013274259,1.60775460963567,88.677858753659
15.3808531746032,1.56134960182009,1.55446293652034,1.60698574077429,88.678899927332
15.3809523809524,1.56121241685905,1.55446568320902,1.60621723829486,88.6799409489628
15.3810515873016,1.56107524335433,1.55446837283929,1.60544910203148,88.6809818185954
15.3811507936508,1.56093808130304,1.55447100544178,1.60468133181829,88.6820225362739
15.38125,1.56080093070228,1.55447358104711,1.60391392748943,88.6830631020426
15.3813492063492,1.56066379154918,1.55447609968588,1.60314688887917,88.6841035159453
15.3814484126984,1.56052666384089,1.55447856138868,1.60238021582177,88.6851437780264
15.3815476190476,1.56038954757457,1.55448096618609,1.60161390815159,88.6861838883297
15.3816468253968,1.56025244274739,1.55448331410866,1.600847965703,88.6872238468994
15.381746031746,1.56011534935656,1.55448560518693,1.60008238831047,88.6882636537795
15.3818452380952,1.55997826739927,1.55448783945142,1.59931717580847,88.6893033090139
15.3819444444444,1.55984119687274,1.55449001693265,1.59855232803158,88.6903428126467
15.3820436507937,1.55970413777422,1.55449213766111,1.59778784481437,88.6913821647218
15.3821428571429,1.55956709010096,1.55449420166727,1.59702372599153,88.6924213652832
15.3822420634921,1.55943005385021,1.5544962089816,1.59625997139775,88.6934604143748
15.3823412698413,1.55929302901928,1.55449815963454,1.59549658086781,88.6944993120405
15.3824404761905,1.55915601560545,1.55450005365652,1.5947335542365,88.6955380583242
15.3825396825397,1.55901901360604,1.55450189107796,1.5939708913387,88.6965766532698
15.3826388888889,1.55888202301837,1.55450367192925,1.59320859200936,88.697615096921
15.3827380952381,1.5587450438398,1.55450539624078,1.59244665608342,88.6986533893219
15.3828373015873,1.55860807606768,1.55450706404291,1.59168508339594,88.6996915305161
15.3829365079365,1.55847111969938,1.55450867536599,1.59092387378196,88.7007295205476
15.3830357142857,1.5583341747323,1.55451023024037,1.59016302707666,88.7017673594599
15.3831349206349,1.55819724116383,1.55451172869635,1.58940254311518,88.702805047297
15.3832341269841,1.55806031899141,1.55451317076424,1.58864242173281,88.7038425841026
15.3833333333333,1.55792340821246,1.55451455647432,1.5878826627648,88.7048799699203
15.3834325396825,1.55778650882445,1.55451588585688,1.58712326604653,88.7059172047939
15.3835317460317,1.55764962082482,1.55451715894216,1.58636423141337,88.7069542887672
15.383630952381,1.55751274421107,1.55451837576041,1.58560555870081,88.7079912218836
15.3837301587302,1.55737587898069,1.55451953634184,1.58484724774431,88.7090280041869
15.3838293650794,1.55723902513119,1.55452064071667,1.58408929837948,88.7100646357207
15.3839285714286,1.5571021826601,1.55452168891509,1.58333171044188,88.7111011165287
15.3840277777778,1.55696535156497,1.55452268096728,1.5825744837672,88.7121374466545
15.384126984127,1.55682853184334,1.55452361690339,1.58181761819118,88.7131736261414
15.3842261904762,1.5566917234928,1.55452449675358,1.58106111354955,88.7142096550333
15.3843253968254,1.55655492651094,1.55452532054796,1.58030496967817,88.7152455333735
15.3844246031746,1.55641814089534,1.55452608831666,1.57954918641288,88.7162812612057
15.3845238095238,1.55628136664365,1.55452680008978,1.57879376358965,88.7173168385732
15.384623015873,1.55614460375348,1.55452745589738,1.57803870104442,88.7183522655197
15.3847222222222,1.55600785222249,1.55452805576954,1.57728399861327,88.7193875420885
15.3848214285714,1.55587111204834,1.55452859973631,1.57652965613226,88.7204226683231
15.3849206349206,1.55573438322871,1.55452908782773,1.57577567343755,88.7214576442669
15.3850198412698,1.5555976657613,1.5545295200738,1.5750220503653,88.7224924699633
15.385119047619,1.55546095964382,1.55452989650454,1.57426878675182,88.7235271454558
15.3852182539683,1.55532426487399,1.55453021714993,1.57351588243334,88.7245616707876
15.3853174603175,1.55518758144956,1.55453048203994,1.57276333724628,88.7255960460022
15.3854166666667,1.55505090936827,1.55453069120453,1.572011151027,88.7266302711428
15.3855158730159,1.55491424862791,1.55453084467363,1.57125932361197,88.7276643462528
15.3856150793651,1.55477759922626,1.55453094247717,1.57050785483773,88.7286982713754
15.3857142857143,1.55464096116112,1.55453098464506,1.56975674454082,88.7297320465541
15.3858134920635,1.55450433443031,1.55453097120718,1.56900599255788,88.7307656718319
15.3859126984127,1.55436771903166,1.55453090219342,1.56825559872555,88.7317991472521
15.3860119047619,1.55423111496302,1.55453077763363,1.5675055628806,88.732832472858
15.3861111111111,1.55409452222224,1.55453059755766,1.56675588485976,88.7338656486928
15.3862103174603,1.55395794080722,1.55453036199534,1.56600656449991,88.7348986747996
15.3863095238095,1.55382137071584,1.55453007097648,1.56525760163788,88.7359315512217
15.3864087301587,1.55368481194602,1.55452972453087,1.56450899611067,88.736964278002
15.3865079365079,1.55354826449567,1.5545293226883,1.56376074775522,88.7379968551839
15.3866071428571,1.55341172836274,1.55452886547853,1.56301285640861,88.7390292828103
15.3867063492063,1.55327520354517,1.55452835293131,1.56226532190791,88.7400615609244
15.3868055555556,1.55313869004095,1.55452778507637,1.56151814409029,88.7410936895693
15.3869047619048,1.55300218784806,1.55452716194344,1.56077132279293,88.7421256687879
15.387003968254,1.55286569696448,1.55452648356221,1.5600248578531,88.7431574986234
15.3871031746032,1.55272921738826,1.55452574996237,1.55927874910812,88.7441891791187
15.3872023809524,1.5525927491174,1.5545249611736,1.55853299639533,88.7452207103169
15.3873015873016,1.55245629214997,1.55452411722553,1.55778759955218,88.7462520922608
15.3874007936508,1.55231984648401,1.55452321814782,1.55704255841608,88.7472833249936
15.3875,1.55218341211761,1.55452226397008,1.55629787282462,88.748314408558
15.3875992063492,1.55204698904886,1.55452125472193,1.55555354261531,88.7493453429971
15.3876984126984,1.55191057727588,1.55452019043295,1.55480956762584,88.7503761283538
15.3877976190476,1.55177417679676,1.55451907113272,1.55406594769383,88.7514067646708
15.3878968253968,1.55163778760967,1.55451789685079,1.55332268265706,88.7524372519911
15.387996031746,1.55150140971274,1.55451666761672,1.55257977235328,88.7534675903576
15.3880952380952,1.55136504310416,1.55451538346003,1.55183721662037,88.754497779813
15.3881944444444,1.5512286877821,1.55451404441022,1.55109501529617,88.7555278204002
15.3882936507936,1.55109234374476,1.55451265049681,1.55035316821869,88.7565577121619
15.3883928571429,1.55095601099035,1.55451120174926,1.54961167522586,88.757587455141
15.3884920634921,1.55081968951711,1.55450969819704,1.54887053615577,88.7586170493802
15.3885912698413,1.55068337932328,1.55450813986961,1.54812975084654,88.7596464949221
15.3886904761905,1.55054708040711,1.55450652679638,1.5473893191363,88.7606757918096
15.3887896825397,1.5504107927669,1.55450485900679,1.54664924086327,88.7617049400853
15.3888888888889,1.55027451640092,1.55450313653023,1.54590951586571,88.762733939792
15.3889880952381,1.55013825130748,1.55450135939608,1.54517014398195,88.7637627909722
15.3890873015873,1.5500019974849,1.55449952763372,1.54443112505033,88.7647914936686
15.3891865079365,1.54986575493152,1.5544976412725,1.54369245890931,88.7658200479238
15.3892857142857,1.54972952364569,1.55449570034176,1.54295414539733,88.7668484537805
15.3893849206349,1.54959330362578,1.55449370487081,1.54221618435296,88.7678767112812
15.3894841269841,1.54945709487017,1.55449165488897,1.54147857561474,88.7689048204685
15.3895833333333,1.54932089737725,1.55448955042553,1.54074131902134,88.7699327813849
15.3896825396825,1.54918471114544,1.55448739150976,1.54000441441142,88.7709605940729
15.3897817460317,1.54904853617317,1.55448517817091,1.53926786162374,88.7719882585752
15.389880952381,1.54891237245888,1.55448291043824,1.53853166049708,88.7730157749341
15.3899801587302,1.54877622000103,1.55448058834097,1.53779581087029,88.7740431431921
15.3900793650794,1.54864007879809,1.5544782119083,1.5370603125823,88.7750703633918
15.3901785714286,1.54850394884855,1.55447578116944,1.53632516547202,88.7760974355754
15.3902777777778,1.54836783015092,1.55447329615357,1.53559036937849,88.7771243597855
15.390376984127,1.54823172270371,1.55447075688984,1.53485592414073,88.7781511360645
15.3904761904762,1.54809562650546,1.55446816340741,1.53412182959791,88.7791777644546
15.3905753968254,1.54795954155472,1.55446551573541,1.53338808558913,88.7802042449984
15.3906746031746,1.54782346785006,1.55446281390295,1.53265469195367,88.7812305777381
15.3907738095238,1.54768740539005,1.55446005793914,1.53192164853074,88.782256762716
15.390873015873,1.54755135417329,1.55445724787306,1.53118895515973,88.7832827999745
15.3909722222222,1.54741531419839,1.55445438373378,1.53045661167996,88.7843086895558
15.3910714285714,1.54727928546399,1.55445146555035,1.52972461793091,88.7853344315022
15.3911706349206,1.54714326796871,1.5544484933518,1.52899297375201,88.786360025856
15.3912698412698,1.54700726171123,1.55444546716717,1.52826167898285,88.7873854726594
15.391369047619,1.54687126669019,1.55444238702545,1.52753073346298,88.7884107719546
15.3914682539683,1.54673528290431,1.55443925295564,1.52680013703205,88.7894359237838
15.3915674603175,1.54659931035228,1.5544360649867,1.52606988952979,88.7904609281891
15.3916666666667,1.54646334903281,1.5544328231476,1.5253399907959,88.7914857852128
15.3917658730159,1.54632739894465,1.55442952746729,1.52461044067023,88.7925104948969
15.3918650793651,1.54619146008653,1.55442617797467,1.52388123899259,88.7935350572836
15.3919642857143,1.54605553245723,1.55442277469867,1.52315238560292,88.7945594724149
15.3920634920635,1.54591961605552,1.55441931766818,1.52242388034116,88.7955837403331
15.3921626984127,1.54578371088019,1.55441580691209,1.52169572304735,88.79660786108
15.3922619047619,1.54564781693006,1.55441224245924,1.52096791356151,88.7976318346979
15.3923611111111,1.54551193420396,1.55440862433849,1.52024045172382,88.7986556612286
15.3924603174603,1.54537606270071,1.55440495257867,1.51951333737441,88.7996793407142
15.3925595238095,1.54524020241918,1.5544012272086,1.51878657035353,88.8007028731967
15.3926587301587,1.54510435335823,1.55439744825708,1.51806015050143,88.801726258718
15.3927579365079,1.54496851551676,1.55439361575288,1.51733407765849,88.8027494973202
15.3928571428571,1.54483268889365,1.55438972972479,1.51660835166504,88.8037725890451
15.3929563492064,1.54469687348784,1.55438579020154,1.51588297236154,88.8047955339346
15.3930555555556,1.54456106929826,1.55438179721188,1.51515793958852,88.8058183320307
15.3931547619048,1.54442527632383,1.55437775078453,1.51443325318646,88.8068409833752
15.393253968254,1.54428949456355,1.55437365094819,1.51370891299602,88.80786348801
15.3933531746032,1.54415372401636,1.55436949773155,1.51298491885779,88.8088858459769
15.3934523809524,1.54401796468128,1.55436529116329,1.51226127061253,88.8099080573177
15.3935515873016,1.54388221655731,1.55436103127205,1.51153796810094,88.8109301220743
15.3936507936508,1.54374647964347,1.55435671808649,1.51081501116389,88.8119520402884
15.39375,1.5436107539388,1.55435235163523,1.51009239964219,88.8129738120018
15.3938492063492,1.54347503944236,1.55434793194688,1.5093701333768,88.8139954372562
15.3939484126984,1.5433393361532,1.55434345905002,1.50864821220864,88.8150169160934
15.3940476190476,1.54320364407043,1.55433893297325,1.50792663597878,88.816038248555
15.3941468253968,1.54306796319313,1.55433435374512,1.50720540452826,88.8170594346828
15.394246031746,1.54293229352043,1.55432972139418,1.50648451769823,88.8180804745184
15.3943452380952,1.54279663505144,1.55432503594897,1.50576397532985,88.8191013681035
15.3944444444444,1.54266098778533,1.55432029743798,1.50504377726437,88.8201221154797
15.3945436507937,1.54252535172124,1.55431550588973,1.50432392334309,88.8211427166886
15.3946428571429,1.54238972685836,1.5543106613327,1.50360441340731,88.8221631717718
15.3947420634921,1.54225411319587,1.55430576379535,1.50288524729847,88.8231834807709
15.3948412698413,1.54211851073299,1.55430081330614,1.50216642485797,88.8242036437275
15.3949404761905,1.54198291946893,1.55429580989349,1.50144794592735,88.8252236606831
15.3950396825397,1.54184733940292,1.55429075358585,1.50072981034813,88.8262435316792
15.3951388888889,1.54171177053424,1.55428564441159,1.50001201796195,88.8272632567573
15.3952380952381,1.54157621286213,1.55428048239912,1.49929456861042,88.8282828359589
15.3953373015873,1.54144066638588,1.55427526757681,1.4985774621353,88.8293022693255
15.3954365079365,1.5413051311048,1.55426999997301,1.49786069837832,88.8303215568985
15.3955357142857,1.54116960701819,1.55426467961606,1.49714427718133,88.8313406987193
15.3956349206349,1.54103409412538,1.55425930653429,1.49642819838616,88.8323596948294
15.3957341269841,1.54089859242572,1.55425388075601,1.49571246183477,88.8333785452701
15.3958333333333,1.54076310191857,1.55424840230952,1.49499706736911,88.8343972500829
15.3959325396825,1.54062762260329,1.55424287122308,1.49428201483122,88.835415809309
15.3960317460317,1.54049215447929,1.55423728752496,1.4935673040632,88.8364342229898
15.396130952381,1.54035669754595,1.5542316512434,1.49285293490715,88.8374524911667
15.3962301587302,1.54022125180272,1.55422596240665,1.4921389072053,88.8384706138808
15.3963293650794,1.54008581724901,1.5542202210429,1.49142522079984,88.8394885911736
15.3964285714286,1.53995039388429,1.55421442718036,1.49071187553313,88.8405064230862
15.3965277777778,1.53981498170801,1.55420858084721,1.48999887124745,88.8415241096599
15.396626984127,1.53967958071967,1.55420268207162,1.48928620778526,88.8425416509359
15.3967261904762,1.53954419091874,1.55419673088174,1.48857388498896,88.8435590469554
15.3968253968254,1.53940881230475,1.55419072730571,1.48786190270111,88.8445762977597
15.3969246031746,1.53927344487723,1.55418467137163,1.48715026076422,88.8455934033898
15.3970238095238,1.53913808863571,1.55417856310762,1.48643895902095,88.846610363887
15.397123015873,1.53900274357975,1.55417240254177,1.48572799731393,88.8476271792923
15.3972222222222,1.53886740970894,1.55416618970214,1.4850173754859,88.8486438496468
15.3973214285714,1.53873208702284,1.5541599246168,1.48430709337961,88.8496603749918
15.3974206349206,1.53859677552107,1.55415360731377,1.4835971508379,88.8506767553681
15.3975198412698,1.53846147520325,1.55414723782109,1.48288754770366,88.8516929908169
15.397619047619,1.53832618606901,1.55414081616677,1.4821782838198,88.8527090813793
15.3977182539683,1.53819090811799,1.55413434237879,1.48146935902933,88.8537250270962
15.3978174603175,1.53805564134987,1.55412781648514,1.48076077317524,88.8547408280086
15.3979166666667,1.53792038576433,1.55412123851377,1.48005252610068,88.8557564841575
15.3980158730159,1.53778514136105,1.55411460849263,1.47934461764875,88.856771995584
15.3981150793651,1.53764990813975,1.55410792644965,1.47863704766267,88.8577873623288
15.3982142857143,1.53751468610015,1.55410119241274,1.47792981598567,88.858802584433
15.3983134920635,1.537379475242,1.5540944064098,1.47722292246107,88.8598176619374
15.3984126984127,1.53724427556505,1.55408756846872,1.47651636693221,88.860832594883
15.3985119047619,1.53710908706907,1.55408067861735,1.47581014924252,88.8618473833105
15.3986111111111,1.53697390975385,1.55407373688355,1.47510426923543,88.862862027261
15.3987103174603,1.53683874361919,1.55406674329515,1.47439872675449,88.8638765267751
15.3988095238095,1.53670358866491,1.55405969787998,1.47369352164324,88.8648908818937
15.3989087301587,1.53656844489083,1.55405260066583,1.4729886537453,88.8659050926576
15.3990079365079,1.53643331229682,1.55404545168049,1.47228412290439,88.8669191591076
15.3991071428571,1.53629819088272,1.55403825095173,1.47157992896417,88.8679330812844
15.3992063492063,1.53616308064842,1.55403099850731,1.47087607176848,88.8689468592287
15.3993055555556,1.53602798159381,1.55402369437496,1.4701725511611,88.8699604929813
15.3994047619048,1.5358928937188,1.55401633858242,1.46946936698596,88.8709739825829
15.399503968254,1.53575781702332,1.55400893115738,1.46876651908696,88.8719873280742
15.3996031746032,1.5356227515073,1.55400147212754,1.46806400730813,88.8730005294958
15.3997023809524,1.5354876971707,1.55399396152058,1.46736183149349,88.8740135868883
15.3998015873016,1.53535265401348,1.55398639936415,1.46665999148715,88.8750265002925
15.3999007936508,1.53521762203564,1.55397878568591,1.46595848713324,88.8760392697488
15.4,1.53508260123717,1.55397112051347,1.46525731827601,88.8770518952979
15.4000992063492,1.53494759161809,1.55396340387445,1.46455648475966,88.8780643769804
15.4001984126984,1.53481259317843,1.55395563579646,1.46385598642854,88.8790767148368
15.4002976190476,1.53467760591823,1.55394781630706,1.46315582312699,88.8800889089077
15.4003968253968,1.53454262983756,1.55393994543383,1.46245599469944,88.8811009592335
15.400496031746,1.53440766493649,1.55393202320431,1.46175650099038,88.8821128658547
15.4005952380952,1.53427271121511,1.55392404964605,1.46105734184428,88.8831246288119
15.4006944444444,1.53413776867354,1.55391602478655,1.46035851710577,88.8841362481454
15.4007936507937,1.53400283731189,1.55390794865331,1.45966002661943,88.8851477238958
15.4008928571429,1.53386791713031,1.55389982127383,1.45896187022999,88.8861590561034
15.4009920634921,1.53373300812894,1.55389164267558,1.45826404778213,88.8871702448086
15.4010912698413,1.53359811030795,1.553883412886,1.4575665591207,88.8881812900519
15.4011904761905,1.53346322366753,1.55387513193255,1.45686940409048,88.8891921918736
15.4012896825397,1.53332834820787,1.55386679984263,1.45617258253641,88.8902029503139
15.4013888888889,1.53319348392919,1.55385841664366,1.4554760943034,88.8912135654134
15.4014880952381,1.53305863083172,1.55384998236304,1.45477993923649,88.8922240372122
15.4015873015873,1.5329237889157,1.55384149702812,1.45408411718069,88.8932343657508
15.4016865079365,1.5327889581814,1.55383296066628,1.45338862798114,88.8942445510692
15.4017857142857,1.53265413862908,1.55382437330486,1.45269347148297,88.8952545932078
15.4018849206349,1.53251933025904,1.55381573497118,1.45199864753141,88.8962644922068
15.4019841269841,1.53238453307159,1.55380704569257,1.45130415597174,88.8972742481065
15.4020833333333,1.53224974706704,1.5537983054963,1.45060999664924,88.898283860947
15.4021825396825,1.53211497224573,1.55378951440967,1.44991616940933,88.8992933307685
15.4022817460317,1.53198020860801,1.55378067245994,1.44922267409737,88.9003026576112
15.402380952381,1.53184545615425,1.55377177967436,1.4485295105589,88.9013118415151
15.4024801587302,1.53171071488483,1.55376283608016,1.44783667863941,88.9023208825205
15.4025793650794,1.53157598480014,1.55375384170456,1.44714417818451,88.9033297806674
15.4026785714286,1.53144126590061,1.55374479657476,1.4464520090398,88.904338535996
15.4027777777778,1.53130655818665,1.55373570071794,1.44576017105101,88.9053471485462
15.402876984127,1.53117186165872,1.55372655416128,1.44506866406385,88.9063556183582
15.4029761904762,1.53103717631726,1.55371735693192,1.44437748792414,88.9073639454719
15.4030753968254,1.53090250216275,1.55370810905701,1.44368664247771,88.9083721299274
15.4031746031746,1.53076783919569,1.55369881056368,1.44299612757048,88.9093801717646
15.4032738095238,1.53063318741657,1.55368946147901,1.44230594304837,88.9103880710235
15.403373015873,1.53049854682591,1.55368006183011,1.44161608875742,88.9113958277442
15.4034722222222,1.53036391742426,1.55367061164406,1.4409265645437,88.9124034419665
15.4035714285714,1.53022929921215,1.5536611109479,1.44023737025328,88.9134109137303
15.4036706349206,1.53009469219016,1.55365155976868,1.43954850573237,88.9144182430755
15.4037698412698,1.52996009635886,1.55364195813343,1.43885997082716,88.915425430042
15.403869047619,1.52982551171885,1.55363230606917,1.43817176538395,88.9164324746697
15.4039682539683,1.52969093827074,1.55362260360288,1.43748388924903,88.9174393769985
15.4040674603175,1.52955637601515,1.55361285076155,1.43679634226882,88.918446137068
15.4041666666667,1.52942182495274,1.55360304757213,1.43610912428971,88.9194527549182
15.4042658730159,1.52928728508415,1.55359319406159,1.43542223515822,88.9204592305889
15.4043650793651,1.52915275641005,1.55358329025685,1.43473567472086,88.9214655641197
15.4044642857143,1.52901823893114,1.55357333618482,1.43404944282425,88.9224717555505
15.4045634920635,1.52888373264811,1.55356333187241,1.433363539315,88.9234778049209
15.4046626984127,1.5287492375617,1.55355327734651,1.43267796403984,88.9244837122707
15.4047619047619,1.52861475367261,1.55354317263397,1.43199271684549,88.9254894776396
15.4048611111111,1.52848028098161,1.55353301776166,1.43130779757877,88.9264951010673
15.4049603174603,1.52834581948946,1.55352281275642,1.43062320608655,88.9275005825933
15.4050595238095,1.52821136919694,1.55351255764505,1.42993894221571,88.9285059222574
15.4051587301587,1.52807693010484,1.55350225245438,1.42925500581324,88.9295111200992
15.4052579365079,1.52794250221397,1.55349189721118,1.42857139672612,88.9305161761582
15.4053571428571,1.52780808552515,1.55348149194224,1.42788811480146,88.931521090474
15.4054563492064,1.52767368003923,1.55347103667431,1.42720515988634,88.9325258630863
15.4055555555556,1.52753928575707,1.55346053143413,1.42652253182798,88.9335304940345
15.4056547619048,1.52740490267952,1.55344997624843,1.42584023047356,88.9345349833581
15.405753968254,1.52727053080748,1.55343937114392,1.4251582556704,88.9355393310968
15.4058531746032,1.52713617014184,1.5534287161473,1.4244766072658,88.9365435372899
15.4059523809524,1.52700182068354,1.55341801128525,1.42379528510718,88.9375476019769
15.4060515873016,1.52686748243348,1.55340725658442,1.42311428904195,88.9385515251973
15.4061507936508,1.52673315539263,1.55339645207147,1.42243361891763,88.9395553069905
15.40625,1.52659883956194,1.55338559777302,1.42175327458173,88.940558947396
15.4063492063492,1.52646453494239,1.5533746937157,1.42107325588187,88.941562446453
15.4064484126984,1.52633024153497,1.5533637399261,1.42039356266572,88.9425658042011
15.4065476190476,1.5261959593407,1.55335273643081,1.41971419478094,88.9435690206795
15.4066468253968,1.52606168836059,1.55334168325639,1.41903515207534,88.9445720959276
15.406746031746,1.52592742859568,1.5533305804294,1.41835643439669,88.9455750299847
15.4068452380952,1.52579318004703,1.55331942797637,1.41767804159288,88.94657782289
15.4069444444444,1.52565894271571,1.55330822592383,1.4169999735118,88.9475804746831
15.4070436507936,1.52552471660279,1.55329697429828,1.41632223000145,88.9485829854029
15.4071428571429,1.52539050170938,1.55328567312621,1.41564481090982,88.9495853550888
15.4072420634921,1.5252562980366,1.5532743224341,1.41496771608503,88.9505875837801
15.4073412698413,1.52512210558557,1.55326292224839,1.41429094537515,88.9515896715159
15.4074404761905,1.52498792435744,1.55325147259553,1.41361449862843,88.9525916183354
15.4075396825397,1.52485375435336,1.55323997350195,1.41293837569304,88.9535934242778
15.4076388888889,1.52471959557452,1.55322842499406,1.41226257641733,88.9545950893822
15.4077380952381,1.52458544802211,1.55321682709825,1.41158710064958,88.9555966136878
15.4078373015873,1.52445131169732,1.55320517984091,1.41091194823822,88.9565979972337
15.4079365079365,1.52431718660139,1.55319348324838,1.41023711903171,88.957599240059
15.4080357142857,1.52418307273555,1.55318173734702,1.40956261287851,88.9586003422027
15.4081349206349,1.52404897010106,1.55316994216317,1.40888842962722,88.9596013037039
15.4082341269841,1.52391487869917,1.55315809772313,1.40821456912639,88.9606021246017
15.4083333333333,1.52378079853117,1.5531462040532,1.40754103122474,88.9616028049351
15.4084325396825,1.52364672959836,1.55313426117968,1.40686781577094,88.9626033447431
15.4085317460317,1.52351267190206,1.55312226912882,1.40619492261378,88.9636037440646
15.408630952381,1.52337862544358,1.55311022792687,1.40552235160205,88.9646040029386
15.4087301587302,1.52324459022428,1.55309813760008,1.40485010258466,88.9656041214041
15.4088293650794,1.52311056624552,1.55308599817467,1.40417817541049,88.9666040995001
15.4089285714286,1.52297655350866,1.55307380967683,1.40350656992857,88.9676039372653
15.4090277777778,1.5228425520151,1.55306157213276,1.40283528598788,88.9686036347387
15.409126984127,1.52270856176624,1.55304928556863,1.40216432343754,88.9696031919592
15.4092261904762,1.5225745827635,1.55303695001059,1.40149368212666,88.9706026089656
15.4093253968254,1.52244061500832,1.55302456548479,1.40082336190444,88.9716018857968
15.4094246031746,1.52230665850214,1.55301213201735,1.40015336262014,88.9726010224915
15.4095238095238,1.52217271324644,1.55299964963439,1.39948368412303,88.9736000190886
15.409623015873,1.5220387792427,1.55298711836199,1.39881432626249,88.9745988756268
15.4097222222222,1.5219048564924,1.55297453822623,1.39814528888788,88.975597592145
15.4098214285714,1.52177094499707,1.55296190925318,1.3974765718487,88.9765961686818
15.4099206349206,1.52163704475822,1.55294923146887,1.39680817499442,88.977594605276
15.4100198412698,1.52150315577741,1.55293650489935,1.39614009817463,88.9785929019662
15.410119047619,1.52136927805618,1.55292372957062,1.39547234123891,88.9795910587912
15.4102182539683,1.52123541159612,1.55291090550869,1.39480490403697,88.9805890757896
15.4103174603175,1.5211015563988,1.55289803273953,1.39413778641849,88.9815869530001
15.4104166666667,1.52096771246583,1.55288511128912,1.39347098823328,88.9825846904613
15.4105158730159,1.52083387979884,1.5528721411834,1.39280450933113,88.9835822882118
15.4106150793651,1.52070005839945,1.55285912244831,1.39213834956196,88.9845797462902
15.4107142857143,1.52056624826931,1.55284605510977,1.39147250877566,88.9855770647351
15.4108134920635,1.52043244941008,1.55283293919368,1.39080698682223,88.986574243585
15.4109126984127,1.52029866182346,1.55281977472594,1.39014178355174,88.9875712828784
15.4110119047619,1.52016488551113,1.5528065617324,1.38947689881423,88.988568182654
15.4111111111111,1.52003112047479,1.55279330023894,1.38881233245989,88.9895649429501
15.4112103174603,1.51989736671619,1.55277999027138,1.38814808433888,88.9905615638052
15.4113095238095,1.51976362423705,1.55276663185556,1.38748415430149,88.9915580452579
15.4114087301587,1.51962989303913,1.55275322501728,1.38682054219798,88.9925543873466
15.4115079365079,1.51949617312421,1.55273976978233,1.38615724787875,88.9935505901096
15.4116071428571,1.51936246449406,1.55272626617649,1.38549427119416,88.9945466535854
15.4117063492063,1.5192287671505,1.55271271422553,1.38483161199473,88.9955425778124
15.4118055555556,1.51909508109534,1.55269911395519,1.38416927013093,88.996538362829
15.4119047619048,1.51896140633041,1.55268546539119,1.38350724545336,88.9975340086734
15.412003968254,1.51882774285755,1.55267176855926,1.38284553781261,88.998529515384
15.4121031746032,1.51869409067864,1.55265802348509,1.38218414705939,88.9995248829992
15.4122023809524,1.51856044979555,1.55264423019435,1.38152307304439,89.0005201115572
15.4123015873016,1.51842682021016,1.55263038871273,1.38086231561841,89.0015152010963
15.4124007936508,1.5182932019244,1.55261649906586,1.38020187463231,89.0025101516548
15.4125,1.51815959494018,1.55260256127939,1.37954174993693,89.0035049632708
15.4125992063492,1.51802599925945,1.55258857537893,1.37888194138326,89.0044996359827
15.4126984126984,1.51789241488415,1.55257454139008,1.37822244882224,89.0054941698286
15.4127976190476,1.51775884181625,1.55256045933843,1.37756327210496,89.0064885648466
15.4128968253968,1.51762528005775,1.55254632924956,1.37690441108248,89.007482821075
15.412996031746,1.51749172961065,1.55253215114901,1.376245865606,89.0084769385519
15.4130952380952,1.51735819047694,1.55251792506234,1.37558763552668,89.0094709173155
15.4131944444444,1.51722466265868,1.55250365101505,1.37492972069581,89.0104647574037
15.4132936507937,1.51709114615789,1.55248932903266,1.37427212096468,89.0114584588548
15.4133928571429,1.51695764097666,1.55247495914067,1.37361483618468,89.0124520217067
15.4134920634921,1.51682414711704,1.55246054136454,1.37295786620719,89.0134454459976
15.4135912698413,1.51669066458114,1.55244607572975,1.37230121088372,89.0144387317655
15.4136904761905,1.51655719337105,1.55243156226172,1.37164487006575,89.0154318790483
15.4137896825397,1.5164237334889,1.5524170009859,1.37098884360489,89.0164248878841
15.4138888888889,1.51629028493684,1.55240239192769,1.37033313135278,89.0174177583108
15.4139880952381,1.516156847717,1.55238773511249,1.36967773316106,89.0184104903665
15.4140873015873,1.51602342183157,1.55237303056569,1.36902264888151,89.019403084089
15.4141865079365,1.51589000728272,1.55235827831265,1.36836787836588,89.0203955395163
15.4142857142857,1.51575660407265,1.55234347837871,1.36771342146605,89.0213878566862
15.4143849206349,1.51562321220357,1.55232863078922,1.36705927803388,89.0223800356367
15.4144841269841,1.51548983167772,1.55231373556949,1.36640544792135,89.0233720764055
15.4145833333333,1.51535646249734,1.55229879274482,1.36575193098042,89.0243639790307
15.4146825396825,1.51522310466468,1.55228380234051,1.36509872706319,89.0253557435499
15.4147817460317,1.51508975818203,1.55226876438181,1.36444583602173,89.026347370001
15.414880952381,1.51495642305167,1.55225367889398,1.36379325770823,89.0273388584218
15.4149801587302,1.5148230992759,1.55223854590227,1.36314099197487,89.02833020885
15.4150793650794,1.51468978685706,1.5522233654319,1.36248903867395,89.0293214213234
15.4151785714286,1.51455648579747,1.55220813750807,1.36183739765776,89.0303124958798
15.4152777777778,1.51442319609949,1.55219286215598,1.36118606877868,89.0313034325568
15.415376984127,1.51428991776548,1.55217753940079,1.36053505188916,89.0322942313922
15.4154761904762,1.51415665079782,1.55216216926768,1.35988434684165,89.0332848924236
15.4155753968254,1.51402339519891,1.55214675178178,1.3592339534887,89.0342754156886
15.4156746031746,1.51389015097116,1.55213128696823,1.35858387168286,89.035265801225
15.4157738095238,1.51375691811701,1.55211577485213,1.35793410127682,89.0362560490703
15.415873015873,1.51362369663889,1.55210021545858,1.35728464212322,89.0372461592621
15.4159722222222,1.51349048653926,1.55208460881267,1.35663549407485,89.0382361318381
15.4160714285714,1.51335728782059,1.55206895493945,1.35598665698446,89.0392259668358
15.4161706349206,1.51322410048538,1.55205325386398,1.35533813070494,89.0402156642927
15.4162698412698,1.51309092453613,1.55203750561129,1.35468991508916,89.0412052242464
15.416369047619,1.51295775997535,1.55202171020639,1.3540420099901,89.0421946467343
15.4164682539683,1.51282460680558,1.55200586767429,1.35339441526075,89.043183931794
15.4165674603175,1.51269146502937,1.55198997803998,1.35274713075419,89.0441730794629
15.4166666666667,1.51255833464928,1.55197404132842,1.35210015632351,89.0451620897786
15.4167658730159,1.5124252156679,1.55195805756457,1.3514534918219,89.0461509627783
15.4168650793651,1.51229210808782,1.55194202677337,1.35080713710259,89.0471396984996
15.4169642857143,1.51215901191165,1.55192594897973,1.35016109201881,89.0481282969798
15.4170634920635,1.51202592714202,1.55190982420857,1.34951535642394,89.0491167582563
15.4171626984127,1.51189285378156,1.55189365248478,1.34886993017132,89.0501050823666
15.4172619047619,1.51175979183294,1.55187743383323,1.34822481311441,89.0510932693478
15.4173611111111,1.51162674129883,1.55186116827877,1.34758000510667,89.0520813192373
15.4174603174603,1.51149370218191,1.55184485584626,1.34693550600166,89.0530692320725
15.4175595238095,1.51136067448488,1.55182849656053,1.34629131565296,89.0540570078907
15.4176587301587,1.51122765821047,1.55181209044637,1.34564743391423,89.055044646729
15.4177579365079,1.5110946533614,1.55179563752859,1.34500386063914,89.0560321486248
15.4178571428571,1.51096165994043,1.55177913783197,1.34436059568148,89.0570195136152
15.4179563492063,1.51082867795031,1.55176259138127,1.34371763889502,89.0580067417375
15.4180555555556,1.51069570739383,1.55174599820125,1.34307499013364,89.0589938330289
15.4181547619048,1.51056274827378,1.55172935831662,1.34243264925123,89.0599807875265
15.418253968254,1.51042980059296,1.55171267175212,1.34179061610176,89.0609676052676
15.4183531746032,1.51029686435421,1.55169593853244,1.34114889053927,89.0619542862891
15.4184523809524,1.51016393956036,1.55167915868226,1.34050747241779,89.0629408306283
15.4185515873016,1.51003102621428,1.55166233222626,1.33986636159149,89.0639272383223
15.4186507936508,1.50989812431881,1.55164545918908,1.33922555791449,89.0649135094081
15.41875,1.50976523387686,1.55162853959538,1.33858506124107,89.0658996439228
15.4188492063492,1.50963235489133,1.55161157346976,1.33794487142547,89.0668856419034
15.4189484126984,1.50949948736512,1.55159456083683,1.33730498832206,89.067871503387
15.4190476190476,1.50936663130118,1.55157750172119,1.33666541178519,89.0688572284106
15.4191468253968,1.50923378670244,1.5515603961474,1.33602614166934,89.0698428170111
15.419246031746,1.50910095357187,1.55154324414003,1.33538717782897,89.0708282692255
15.4193452380952,1.50896813191245,1.55152604572362,1.33474852011866,89.0718135850908
15.4194444444444,1.50883532172717,1.5515088009227,1.33411016839298,89.0727987646438
15.4195436507936,1.50870252301903,1.55149150976177,1.3334721225066,89.0737838079216
15.4196428571429,1.50856973579106,1.55147417226533,1.33283438231421,89.074768714961
15.4197420634921,1.5084369600463,1.55145678845786,1.33219694767058,89.0757534857989
15.4198412698413,1.5083041957878,1.55143935836383,1.33155981843054,89.0767381204721
15.4199404761905,1.50817144301863,1.55142188200768,1.33092299444892,89.0777226190175
15.4200396825397,1.50803870174188,1.55140435941385,1.33028647558067,89.0787069814718
15.4201388888889,1.50790597196063,1.55138679060674,1.32965026168073,89.079691207872
15.4202380952381,1.50777325367801,1.55136917561077,1.32901435260415,89.0806752982547
15.4203373015873,1.50764054689715,1.55135151445031,1.32837874820599,89.0816592526568
15.4204365079365,1.50750785162119,1.55133380714973,1.3277434483414,89.0826430711149
15.4205357142857,1.50737516785329,1.55131605373338,1.32710845286553,89.0836267536659
15.4206349206349,1.50724249559663,1.55129825422561,1.32647376163366,89.0846103003463
15.4207341269841,1.50710983485439,1.55128040865074,1.32583937450103,89.085593711193
15.4208333333333,1.50697718562979,1.55126251703306,1.32520529132304,89.0865769862424
15.4209325396825,1.50684454792604,1.55124457939687,1.32457151195503,89.0875601255315
15.4210317460317,1.50671192174639,1.55122659576644,1.32393803625248,89.0885431290966
15.421130952381,1.50657930709408,1.55120856616603,1.32330486407088,89.0895259969746
15.4212301587302,1.50644670397237,1.55119049061988,1.32267199526578,89.0905087292019
15.4213293650794,1.50631411238457,1.55117236915222,1.32203942969282,89.0914913258151
15.4214285714286,1.50618153233395,1.55115420178725,1.32140716720762,89.0924737868508
15.4215277777778,1.50604896382384,1.55113598854918,1.32077520766592,89.0934561123456
15.421626984127,1.50591640685755,1.55111772946218,1.32014355092347,89.0944383023359
15.4217261904762,1.50578386143845,1.55109942455041,1.31951219683611,89.0954203568582
15.4218253968254,1.50565132756987,1.55108107383802,1.31888114525968,89.0964022759491
15.4219246031746,1.50551880525521,1.55106267734915,1.31825039605014,89.097384059645
15.4220238095238,1.50538629449783,1.5510442351079,1.31761994906344,89.0983657079823
15.422123015873,1.50525379530117,1.55102574713837,1.31698980415565,89.0993472209975
15.4222222222222,1.50512130766862,1.55100721346466,1.31635996118281,89.1003285987269
15.4223214285714,1.50498883160363,1.55098863411082,1.31573042000109,89.101309841207
15.4224206349206,1.50485636710964,1.55097000910092,1.31510118046666,89.1022909484742
15.4225198412698,1.50472391419013,1.55095133845898,1.31447224243579,89.1032719205648
15.422619047619,1.50459147284856,1.55093262220902,1.31384360576474,89.1042527575151
15.4227182539683,1.50445904308845,1.55091386037506,1.31321527030988,89.1052334593614
15.4228174603175,1.5043266249133,1.55089505298107,1.31258723592764,89.10621402614
15.4229166666667,1.50419421832663,1.55087620005104,1.31195950247443,89.1071944578873
15.4230158730159,1.50406182333199,1.55085730160891,1.3113320698068,89.1081747546394
15.4231150793651,1.50392943993294,1.55083835767864,1.31070493778127,89.1091549164326
15.4232142857143,1.50379706813304,1.55081936828414,1.31007810625449,89.1101349433032
15.4233134920635,1.50366470793589,1.55080033344933,1.30945157508311,89.1111148352873
15.4234126984127,1.50353235934509,1.5507812531981,1.30882534412387,89.1120945924211
15.4235119047619,1.50340002236426,1.55076212755432,1.30819941323351,89.1130742147408
15.4236111111111,1.50326769699702,1.55074295654186,1.3075737822689,89.1140537022825
15.4237103174603,1.50313538324704,1.55072374018457,1.30694845108688,89.1150330550824
15.4238095238095,1.50300308111797,1.55070447850628,1.30632341954442,89.1160122731766
15.4239087301587,1.50287079061348,1.55068517153079,1.30569868749848,89.1169913566011
15.4240079365079,1.50273851173729,1.55066581928191,1.30507425480612,89.117970305392
15.4241071428571,1.50260624449309,1.55064642178343,1.30445012132441,89.1189491195855
15.4242063492064,1.50247398888461,1.5506269790591,1.3038262869105,89.1199277992174
15.4243055555556,1.5023417449156,1.55060749113269,1.30320275142162,89.1209063443239
15.4244047619048,1.5022095125898,1.55058795802792,1.30257951471498,89.1218847549409
15.424503968254,1.50207729191099,1.55056837976852,1.30195657664792,89.1228630311044
15.4246031746032,1.50194508288296,1.55054875637818,1.30133393707777,89.1238411728504
15.4247023809524,1.5018128855095,1.55052908788061,1.30071159586196,89.1248191802148
15.4248015873016,1.50168069979443,1.55050937429946,1.30008955285793,89.1257970532335
15.4249007936508,1.50154852574159,1.5504896156584,1.29946780792323,89.1267747919425
15.425,1.50141636335482,1.55046981198107,1.2988463609154,89.1277523963776
15.4250992063492,1.50128421263798,1.55044996329109,1.29822521169209,89.1287298665747
15.4251984126984,1.50115207359495,1.55043006961206,1.29760436011095,89.1297072025697
15.4252976190476,1.50101994622963,1.55041013096759,1.29698380602973,89.1306844043983
15.4253968253968,1.50088783054592,1.55039014738125,1.29636354930619,89.1316614720964
15.425496031746,1.50075572654775,1.55037011887661,1.2957435897982,89.1326384056997
15.4255952380952,1.50062363423905,1.5503500454772,1.2951239273636,89.1336152052441
15.4256944444444,1.50049155362378,1.55032992720655,1.29450456186036,89.1345918707653
15.4257936507937,1.50035948470591,1.55030976408819,1.2938854931465,89.1355684022991
15.4258928571429,1.50022742748942,1.55028955614561,1.29326672108001,89.1365447998811
15.4259920634921,1.50009538197832,1.55026930340229,1.29264824551905,89.137521063547
15.4260912698413,1.49996334817661,1.5502490058817,1.29203006632172,89.1384971933326
15.4261904761905,1.49983132608833,1.55022866360728,1.29141218334626,89.1394731892735
15.4262896825397,1.49969931571753,1.55020827660248,1.29079459645091,89.1404490514053
15.4263888888889,1.49956731706826,1.55018784489071,1.29017730549401,89.1414247797637
15.4264880952381,1.4994353301446,1.55016736849538,1.28956031033389,89.1424003743842
15.4265873015873,1.49930335495064,1.55014684743986,1.28894361082901,89.1433758353025
15.4266865079365,1.49917139149049,1.55012628174755,1.28832720683779,89.1443511625542
15.4267857142857,1.49903943976827,1.55010567144178,1.2877110982188,89.1453263561747
15.4268849206349,1.49890749978812,1.5500850165459,1.28709528483059,89.1463014161996
15.4269841269841,1.49877557155419,1.55006431708324,1.28647976653182,89.1472763426644
15.4270833333333,1.49864365507065,1.55004357307709,1.28586454318113,89.1482511356046
15.4271825396825,1.49851175034168,1.55002278455076,1.28524961463729,89.1492257950558
15.4272817460317,1.49837985737148,1.55000195152753,1.2846349807591,89.1502003210532
15.427380952381,1.49824797616426,1.54998107403064,1.28402064140536,89.1511747136325
15.4274801587302,1.49811610672426,1.54996015208335,1.28340659643501,89.1521489728289
15.4275793650794,1.49798424905571,1.54993918570888,1.28279284570697,89.1531230986779
15.4276785714286,1.49785240316288,1.54991817493046,1.28217938908026,89.1540970912149
15.4277777777778,1.49772056905003,1.54989711977126,1.28156622641392,89.1550709504753
15.427876984127,1.49758874672147,1.54987602025449,1.28095335756708,89.1560446764943
15.4279761904762,1.49745693618149,1.5498548764033,1.28034078239886,89.1570182693074
15.4280753968254,1.49732513743442,1.54983368824084,1.27972850076853,89.1579917289498
15.4281746031746,1.49719335048459,1.54981245579025,1.2791165125353,89.1589650554567
15.4282738095238,1.49706157533635,1.54979117907465,1.27850481755854,89.1599382488636
15.428373015873,1.49692981199406,1.54976985811713,1.27789341569759,89.1609113092056
15.4284722222222,1.49679806046212,1.54974849294079,1.2772823068119,89.1618842365179
15.4285714285714,1.49666632074492,1.5497270835687,1.27667149076092,89.1628570308359
15.4286706349206,1.49653459284686,1.5497056300239,1.27606096740421,89.1638296921946
15.4287698412698,1.49640287677238,1.54968413232945,1.27545073660135,89.1648022206292
15.428869047619,1.49627117252591,1.54966259050835,1.27484079821196,89.1657746161749
15.4289682539683,1.49613948011193,1.54964100458363,1.27423115209577,89.1667468788669
15.4290674603175,1.49600779953489,1.54961937457827,1.27362179811247,89.1677190087403
15.4291666666667,1.49587613079929,1.54959770051524,1.27301273612192,89.1686910058301
15.4292658730159,1.49574447390963,1.54957598241752,1.27240396598391,89.1696628701715
15.4293650793651,1.49561282887043,1.54955422030804,1.27179548755839,89.1706346017994
15.4294642857143,1.49548119568622,1.54953241420972,1.27118730070529,89.1716062007491
15.4295634920635,1.49534957436156,1.54951056414549,1.27057940528464,89.1725776670554
15.4296626984127,1.49521796490101,1.54948867013824,1.26997180115648,89.1735490007534
15.4297619047619,1.49508636730914,1.54946673221085,1.26936448818095,89.1745202018781
15.4298611111111,1.49495478159056,1.54944475038619,1.26875746621819,89.1754912704644
15.4299603174603,1.49482320774987,1.5494227246871,1.26815073512846,89.1764622065474
15.4300595238095,1.4946916457917,1.54940065513642,1.26754429477199,89.1774330101619
15.4301587301587,1.49456009572068,1.54937854175696,1.26693814500914,89.1784036813428
15.4302579365079,1.49442855754149,1.54935638457153,1.26633228570029,89.1793742201251
15.4303571428571,1.49429703125878,1.54933418360292,1.26572671670586,89.1803446265437
15.4304563492063,1.49416551687726,1.54931193887389,1.26512143788635,89.1813149006333
15.4305555555556,1.4940340144016,1.5492896504072,1.26451644910229,89.1822850424289
15.4306547619048,1.49390252383654,1.54926731822558,1.26391175021428,89.1832550519651
15.430753968254,1.49377104518681,1.54924494235176,1.26330734108296,89.184224929277
15.4308531746032,1.49363957845715,1.54922252280845,1.26270322156904,89.1851946743992
15.4309523809524,1.49350812365233,1.54920005961834,1.26209939153326,89.1861642873665
15.4310515873016,1.49337668077712,1.54917755280409,1.26149585083644,89.1871337682137
15.4311507936508,1.49324524983633,1.54915500238838,1.26089259933941,89.1881031169754
15.43125,1.49311383083475,1.54913240839384,1.26028963690312,89.1890723336864
15.4313492063492,1.49298242377722,1.54910977084311,1.2596869633885,89.1900414183814
15.4314484126984,1.49285102866857,1.54908708975879,1.2590845786566,89.1910103710951
15.4315476190476,1.49271964551365,1.54906436516348,1.25848248256846,89.1919791918621
15.4316468253968,1.49258827431734,1.54904159707976,1.25788067498521,89.192947880717
15.431746031746,1.49245691508453,1.54901878553019,1.25727915576805,89.1939164376944
15.4318452380952,1.4923255678201,1.54899593053733,1.25667792477818,89.1948848628291
15.4319444444444,1.49219423252899,1.54897303212371,1.25607698187692,89.1958531561554
15.4320436507937,1.49206290921611,1.54895009031184,1.25547632692556,89.1968213177081
15.4321428571429,1.49193159788643,1.54892710512422,1.25487595978552,89.1977893475216
15.4322420634921,1.49180029854488,1.54890407658334,1.25427588031822,89.1987572456305
15.4323412698413,1.49166901119647,1.54888100471167,1.25367608838519,89.1997250120692
15.4324404761905,1.49153773584616,1.54885788953166,1.25307658384794,89.2006926468723
15.4325396825397,1.49140647249899,1.54883473106575,1.2524773665681,89.2016601500742
15.4326388888889,1.49127522115995,1.54881152933637,1.25187843640729,89.2026275217093
15.4327380952381,1.49114398183411,1.54878828436591,1.25127979322726,89.2035947618122
15.4328373015873,1.49101275452649,1.54876499617677,1.25068143688972,89.2045618704172
15.4329365079365,1.49088153924219,1.54874166479132,1.25008336725654,89.2055288475587
15.4330357142857,1.49075033598627,1.54871829023193,1.24948558418954,89.206495693271
15.4331349206349,1.49061914476384,1.54869487252093,1.24888808755065,89.2074624075886
15.4332341269841,1.49048796558002,1.54867141168065,1.24829087720187,89.2084289905458
15.4333333333333,1.49035679843992,1.5486479077334,1.24769395300518,89.2093954421768
15.4334325396825,1.49022564334871,1.54862436070148,1.24709731482271,89.210361762516
15.4335317460317,1.49009450031153,1.54860077060717,1.24650096251654,89.2113279515977
15.433630952381,1.48996336933356,1.54857713747273,1.2459048959489,89.2122940094561
15.4337301587302,1.48983225041999,1.54855346132041,1.24530911498198,89.2132599361255
15.4338293650794,1.48970114357604,1.54852974217244,1.24471361947812,89.2142257316401
15.4339285714286,1.48957004880691,1.54850598005103,1.24411840929962,89.2151913960341
15.4340277777778,1.48943896611785,1.5484821749784,1.24352348430891,89.2161569293417
15.434126984127,1.4893078955141,1.54845832697671,1.24292884436841,89.217122331597
15.4342261904762,1.48917683700094,1.54843443606815,1.24233448934066,89.2180876028342
15.4343253968254,1.48904579058364,1.54841050227486,1.24174041908818,89.2190527430875
15.4344246031746,1.48891475626751,1.54838652561898,1.2411466334736,89.220017752391
15.4345238095238,1.48878373405786,1.54836250612263,1.24055313235956,89.2209826307786
15.434623015873,1.48865272396001,1.54833844380792,1.23995991560879,89.2219473782847
15.4347222222222,1.48852172597931,1.54831433869694,1.23936698308408,89.222911994943
15.4348214285714,1.48839074012111,1.54829019081176,1.2387743346482,89.2238764807878
15.4349206349206,1.48825976639079,1.54826600017443,1.23818197016408,89.224840835853
15.4350198412698,1.48812880479374,1.54824176680701,1.2375898894946,89.2258050601727
15.435119047619,1.48799785533537,1.54821749073152,1.23699809250277,89.2267691537808
15.4352182539683,1.48786691802109,1.54819317196996,1.2364065790516,89.2277331167112
15.4353174603175,1.48773599285633,1.54816881054433,1.2358153490042,89.228696948998
15.4354166666667,1.48760507984655,1.54814440647662,1.23522440222368,89.2296606506751
15.4355158730159,1.48747417899722,1.54811995978878,1.23463373857327,89.2306242217763
15.4356150793651,1.48734329031381,1.54809547050276,1.23404335791618,89.2315876623355
15.4357142857143,1.48721241380181,1.54807093864049,1.23345326011574,89.2325509723866
15.4358134920635,1.48708154946675,1.54804636422389,1.23286344503526,89.2335141519636
15.4359126984127,1.48695069731415,1.54802174727486,1.23227391253819,89.2344772011001
15.4360119047619,1.48681985734954,1.54799708781528,1.23168466248795,89.2354401198301
15.4361111111111,1.48668902957848,1.54797238586702,1.23109569474806,89.2364029081872
15.4362103174603,1.48655821400656,1.54794764145193,1.23050700918211,89.2373655662054
15.4363095238095,1.48642741063935,1.54792285459185,1.22991860565368,89.2383280939183
15.4364087301587,1.48629661948246,1.5478980253086,1.22933048402648,89.2392904913597
15.4365079365079,1.4861658405415,1.54787315362398,1.22874264416418,89.2402527585633
15.4366071428571,1.48603507382211,1.54784823955979,1.2281550859306,89.2412148955627
15.4367063492064,1.48590431932994,1.54782328313779,1.22756780918954,89.2421769023918
15.4368055555556,1.48577357707065,1.54779828437974,1.22698081380491,89.2431387790842
15.4369047619048,1.48564284704992,1.54777324330739,1.22639409964062,89.2441005256734
15.437003968254,1.48551212927344,1.54774815994246,1.22580766656067,89.2450621421932
15.4371031746032,1.48538142374693,1.54772303430665,1.22522151442909,89.2460236286771
15.4372023809524,1.48525073047611,1.54769786642167,1.22463564310999,89.2469849851588
15.4373015873016,1.48512004946671,1.54767265630919,1.22405005246749,89.2479462116717
15.4374007936508,1.4849893807245,1.54764740399088,1.22346474236583,89.2489073082495
15.4375,1.48485872425525,1.54762210948838,1.22287971266923,89.2498682749257
15.4375992063492,1.48472808006473,1.54759677282331,1.222294963242,89.2508291117338
15.4376984126984,1.48459744815876,1.54757139401731,1.22171049394852,89.2517898187073
15.4377976190476,1.48446682854315,1.54754597309196,1.22112630465317,89.2527503958797
15.4378968253968,1.48433622122372,1.54752051006884,1.22054239522045,89.2537108432844
15.437996031746,1.48420562620634,1.54749500496953,1.21995876551485,89.2546711609549
15.4380952380952,1.48407504349685,1.54746945781558,1.21937541540097,89.2556313489245
15.4381944444444,1.48394447310114,1.54744386862852,1.21879234474339,89.2565914072268
15.4382936507936,1.4838139150251,1.54741823742988,1.21820955340684,89.2575513358951
15.4383928571429,1.48368336927463,1.54739256424115,1.217627041256,89.2585111349628
15.4384920634921,1.48355283585567,1.54736684908382,1.2170448081557,89.2594708044631
15.4385912698413,1.48342231477415,1.54734109197938,1.21646285397073,89.2604303444295
15.4386904761905,1.48329180603602,1.54731529294926,1.21588117856602,89.2613897548952
15.4387896825397,1.48316130964725,1.54728945201492,1.21529978180649,89.2623490358935
15.4388888888889,1.48303082561383,1.54726356919778,1.21471866355715,89.2633081874578
15.4389880952381,1.48290035394176,1.54723764451925,1.21413782368302,89.2642672096212
15.4390873015873,1.48276989463704,1.54721167800072,1.21355726204922,89.265226102417
15.4391865079365,1.48263944770572,1.54718566966357,1.21297697852093,89.2661848658784
15.4392857142857,1.48250901315383,1.54715961952916,1.21239697296331,89.2671435000387
15.4393849206349,1.48237859098745,1.54713352761884,1.21181724524167,89.2681020049309
15.4394841269841,1.48224818121263,1.54710739395393,1.21123779522127,89.2690603805883
15.4395833333333,1.48211778383548,1.54708121855576,1.21065862276752,89.2700186270439
15.4396825396825,1.4819873988621,1.54705500144561,1.21007972774582,89.270976744331
15.4397817460317,1.48185702629862,1.54702874264477,1.20950111002165,89.2719347324826
15.439880952381,1.48172666615116,1.54700244217452,1.20892276946053,89.2728925915319
15.4399801587302,1.48159631842589,1.54697610005609,1.20834470592805,89.2738503215118
15.4400793650794,1.48146598312896,1.54694971631072,1.20776691928982,89.2748079224554
15.4401785714286,1.48133566026657,1.54692329095964,1.20718940941155,89.2757653943957
15.4402777777778,1.4812053498449,1.54689682402405,1.20661217615895,89.2767227373659
15.440376984127,1.48107505187019,1.54687031552513,1.20603521939785,89.2776799513988
15.4404761904762,1.48094476634864,1.54684376548405,1.20545853899406,89.2786370365275
15.4405753968254,1.48081449328651,1.54681717392198,1.20488213481348,89.2795939927848
15.4406746031746,1.48068423269006,1.54679054086005,1.20430600672209,89.2805508202038
15.4407738095238,1.48055398456555,1.54676386631938,1.20373015458585,89.2815075188173
15.440873015873,1.48042374891929,1.54673715032109,1.20315457827086,89.2824640886582
15.4409722222222,1.48029352575757,1.54671039288627,1.2025792776432,89.2834205297595
15.4410714285714,1.48016331508671,1.54668359403599,1.20200425256904,89.2843768421539
15.4411706349206,1.48003311691305,1.54665675379131,1.20142950291459,89.2853330258745
15.4412698412698,1.47990293124295,1.54662987217328,1.20085502854614,89.2862890809538
15.441369047619,1.47977275808276,1.54660294920294,1.20028082932998,89.2872450074248
15.4414682539683,1.47964259743887,1.54657598490128,1.19970690513251,89.2882008053203
15.4415674603175,1.47951244931768,1.54654897928932,1.19913325582014,89.289156474673
15.4416666666667,1.47938231372559,1.54652193238802,1.19855988125937,89.2901120155156
15.4417658730159,1.47925219066903,1.54649484421837,1.19798678131671,89.291067427881
15.4418650793651,1.47912208015445,1.5464677148013,1.19741395585877,89.2920227118018
15.4419642857143,1.4789919821883,1.54644054415775,1.19684140475216,89.2929778673107
15.4420634920635,1.47886189677706,1.54641333230865,1.1962691278636,89.2939328944404
15.4421626984127,1.47873182392722,1.54638607927489,1.19569712505984,89.2948877932235
15.4422619047619,1.47860176364527,1.54635878507735,1.19512539620764,89.2958425636927
15.4423611111111,1.47847171593774,1.54633144973692,1.1945539411739,89.2967972058806
15.4424603174603,1.47834168081115,1.54630407327445,1.19398275982549,89.2977517198198
15.4425595238095,1.47821165827207,1.54627665571077,1.19341185202939,89.2987061055428
15.4426587301587,1.47808164832705,1.54624919706671,1.19284121765259,89.2996603630824
15.4427579365079,1.47795165098268,1.54622169736308,1.19227085656218,89.3006144924709
15.4428571428571,1.47782166624554,1.54619415662067,1.19170076862525,89.301568493741
15.4429563492063,1.47769169412225,1.54616657486025,1.19113095370899,89.302522366925
15.4430555555556,1.47756173461944,1.54613895210259,1.19056141168061,89.3034761120556
15.4431547619048,1.47743178774374,1.54611128836842,1.1899921424074,89.3044297291652
15.443253968254,1.47730185350181,1.54608358367849,1.18942314575667,89.3053832182862
15.4433531746032,1.47717193190032,1.54605583805349,1.18885442159582,89.3063365794511
15.4434523809524,1.47704202294597,1.54602805151414,1.18828596979227,89.3072898126923
15.4435515873016,1.47691212664544,1.5460002240811,1.18771779021352,89.3082429180422
15.4436507936508,1.47678224300546,1.54597235577505,1.18714988272712,89.3091958955331
15.44375,1.47665237203276,1.54594444661663,1.18658224720063,89.3101487451974
15.4438492063492,1.47652251373409,1.54591649662647,1.18601488350175,89.3111014670675
15.4439484126984,1.47639266811621,1.54588850582521,1.18544779149812,89.3120540611757
15.4440476190476,1.47626283518591,1.54586047423343,1.18488097105755,89.3130065275542
15.4441468253968,1.47613301494996,1.54583240187172,1.1843144220478,89.3139588662354
15.444246031746,1.47600320741518,1.54580428876066,1.18374814433676,89.3149110772516
15.4443452380952,1.4758734125884,1.54577613492079,1.18318213779233,89.3158631606349
15.4444444444444,1.47574363047645,1.54574794037266,1.18261640228249,89.3168151164176
15.4445436507937,1.47561386108619,1.54571970513679,1.18205093767523,89.317766944632
15.4446428571429,1.47548410442449,1.54569142923369,1.18148574383865,89.3187186453101
15.4447420634921,1.47535436049823,1.54566311268385,1.18092082064085,89.3196702184842
15.4448412698413,1.47522462931432,1.54563475550774,1.18035616795004,89.3206216641864
15.4449404761905,1.47509491087967,1.54560635772582,1.17979178563441,89.321572982449
15.4450396825397,1.4749652052012,1.54557791935854,1.17922767356228,89.3225241733039
15.4451388888889,1.47483551228587,1.54554944042632,1.17866383160198,89.3234752367832
15.4452380952381,1.47470583214064,1.54552092094958,1.17810025962187,89.3244261729192
15.4453373015873,1.47457616477249,1.54549236094871,1.17753695749044,89.3253769817437
15.4454365079365,1.4744465101884,1.54546376044409,1.17697392507615,89.3263276632889
15.4455357142857,1.47431686839538,1.54543511945609,1.17641116224757,89.3272782175868
15.4456349206349,1.47418723940046,1.54540643800506,1.17584866887328,89.3282286446693
15.4457341269841,1.47405762321067,1.54537771611133,1.17528644482197,89.3291789445686
15.4458333333333,1.47392801983307,1.54534895379521,1.17472448996231,89.3301291173164
15.4459325396825,1.47379842927473,1.54532015107702,1.17416280416309,89.3310791629449
15.4460317460317,1.47366885154271,1.54529130797702,1.17360138729309,89.3320290814858
15.446130952381,1.47353928664414,1.5452624245155,1.17304023922123,89.3329788729712
15.4462301587302,1.47340973458612,1.5452335007127,1.17247935981637,89.3339285374329
15.4463293650794,1.47328019537578,1.54520453658887,1.17191874894754,89.3348780749028
15.4464285714286,1.47315066902026,1.54517553216423,1.17135840648372,89.3358274854127
15.4465277777778,1.47302115552673,1.54514648745897,1.17079833229401,89.3367767689945
15.446626984127,1.47289165490236,1.54511740249331,1.17023852624756,89.33772592568
15.4467261904762,1.47276216715433,1.5450882772874,1.16967898821352,89.338674955501
15.4468253968254,1.47263269228986,1.54505911186141,1.16911971806116,89.3396238584893
15.4469246031746,1.47250323031617,1.54502990623547,1.16856071565974,89.3405726346766
15.4470238095238,1.47237378124049,1.54500066042973,1.16800198087864,89.3415212840946
15.447123015873,1.47224434507007,1.54497137446428,1.16744351358723,89.3424698067752
15.4472222222222,1.47211492181219,1.54494204835923,1.16688531365498,89.34341820275
15.4473214285714,1.47198551147411,1.54491268213465,1.16632738095138,89.3443664720507
15.4474206349206,1.47185611406315,1.54488327581061,1.165769715346,89.3453146147089
15.4475198412698,1.4717267295866,1.54485382940716,1.16521231670842,89.3462626307564
15.447619047619,1.47159735805181,1.54482434294433,1.16465518490835,89.3472105202247
15.4477182539683,1.47146799946611,1.54479481644212,1.16409831981546,89.3481582831455
15.4478174603175,1.47133865383686,1.54476524992056,1.16354172129955,89.3491059195503
15.4479166666667,1.47120932117143,1.54473564339961,1.16298538923042,89.3500534294707
15.4480158730159,1.47108000147722,1.54470599689926,1.16242932347796,89.3510008129383
15.4481150793651,1.47095069476162,1.54467631043944,1.16187352391211,89.3519480699846
15.4482142857143,1.47082140103206,1.54464658404011,1.16131799040282,89.3528952006412
15.4483134920635,1.47069212029598,1.54461681772117,1.16076272282015,89.3538422049394
15.4484126984127,1.47056285256081,1.54458701150254,1.16020772103417,89.354789082911
15.4485119047619,1.47043359783403,1.54455716540411,1.15965298491503,89.3557358345871
15.4486111111111,1.47030435612311,1.54452727944575,1.15909851433292,89.3566824599994
15.4487103174603,1.47017512743556,1.54449735364732,1.15854430915809,89.3576289591793
15.4488095238095,1.47004591177888,1.54446738802866,1.15799036926083,89.3585753321581
15.4489087301587,1.46991670916061,1.54443738260959,1.15743669451151,89.3595215789672
15.4490079365079,1.46978751958826,1.54440733740994,1.15688328478051,89.3604676996381
15.4491071428571,1.46965834306942,1.54437725244948,1.15633013993832,89.361413694202
15.4492063492063,1.46952917961165,1.54434712774801,1.15577725985542,89.3623595626903
15.4493055555556,1.46940002922253,1.54431696332528,1.1552246444024,89.3633053051343
15.4494047619048,1.46927089190967,1.54428675920105,1.15467229344986,89.3642509215654
15.449503968254,1.46914176768069,1.54425651539504,1.15412020686847,89.3651964120147
15.4496031746032,1.46901265654322,1.54422623192697,1.15356838452898,89.3661417765135
15.4497023809524,1.46888355850491,1.54419590881654,1.15301682630213,89.3670870150932
15.4498015873016,1.46875447357342,1.54416554608343,1.15246553205878,89.3680321277848
15.4499007936508,1.46862540175643,1.54413514374732,1.15191450166979,89.3689771146196
15.45,1.46849634306163,1.54410470182785,1.15136373500612,89.3699219756288
15.4500992063492,1.46836729749674,1.54407422034466,1.15081323193873,89.3708667108435
15.4501984126984,1.46823826506948,1.54404369931737,1.15026299233869,89.371811320295
15.4502976190476,1.46810924578758,1.54401313876559,1.14971301607707,89.3727558040142
15.4503968253968,1.46798023965881,1.5439825387089,1.14916330302504,89.3737001620324
15.450496031746,1.46785124669093,1.54395189916689,1.14861385305378,89.3746443943806
15.4505952380952,1.46772226689174,1.5439212201591,1.14806466603457,89.3755885010898
15.4506944444444,1.46759330026902,1.54389050170508,1.14751574183869,89.3765324821912
15.4507936507936,1.4674643468306,1.54385974382435,1.14696708033753,89.3774763377158
15.4508928571429,1.46733540658431,1.54382894653643,1.14641868140246,89.3784200676945
15.4509920634921,1.46720647953799,1.5437981098608,1.14587054490498,89.3793636721585
15.4510912698413,1.46707756569951,1.54376723381696,1.14532267071661,89.3803071511386
15.4511904761905,1.46694866507674,1.54373631842435,1.14477505870891,89.3812505046658
15.4512896825397,1.46681977767759,1.54370536370243,1.14422770875351,89.3821937327711
15.4513888888889,1.46669090350994,1.54367436967062,1.14368062072208,89.3831368354853
15.4514880952381,1.46656204258174,1.54364333634835,1.14313379448637,89.3840798128395
15.4515873015873,1.46643319490091,1.543612263755,1.14258722991815,89.3850226648644
15.4516865079365,1.46630436047541,1.54358115190998,1.14204092688926,89.3859653915909
15.4517857142857,1.46617553931321,1.54355000083263,1.14149488527158,89.3869079930499
15.4518849206349,1.46604673142229,1.54351881054232,1.14094910493709,89.3878504692723
15.4519841269841,1.46591793681066,1.54348758105837,1.14040358575774,89.3887928202887
15.4520833333333,1.46578915548632,1.54345631240012,1.13985832760561,89.38973504613
15.4521825396825,1.46566038745731,1.54342500458686,1.13931333035279,89.3906771468271
15.4522817460317,1.46553163273167,1.54339365763789,1.13876859387145,89.3916191224105
15.452380952381,1.46540289131746,1.54336227157246,1.13822411803377,89.3925609729112
15.4524801587302,1.46527416322276,1.54333084640985,1.13767990271203,89.3935026983597
15.4525793650794,1.46514544845566,1.5432993821693,1.13713594777857,89.3944442987868
15.4526785714286,1.46501674702427,1.54326787887002,1.13659225310571,89.3953857742231
15.4527777777778,1.4648880589367,1.54323633653122,1.13604881856591,89.3963271246994
15.452876984127,1.4647593842011,1.54320475517211,1.13550564403161,89.3972683502463
15.4529761904762,1.46463072282561,1.54317313481186,1.13496272937538,89.3982094508943
15.4530753968254,1.46450207481841,1.54314147546963,1.13442007446975,89.3991504266741
15.4531746031746,1.46437344018767,1.54310977716456,1.1338776791874,89.4000912776163
15.4532738095238,1.4642448189416,1.54307803991579,1.13333554340098,89.4010320037514
15.453373015873,1.4641162110884,1.54304626374243,1.13279366698325,89.4019726051101
15.4534722222222,1.46398761663631,1.54301444866358,1.13225204980699,89.4029130817227
15.4535714285714,1.46385903559357,1.54298259469832,1.13171069174506,89.4038534336199
15.4536706349206,1.46373046796843,1.54295070186572,1.13116959267034,89.4047936608321
15.4537698412698,1.46360191376918,1.54291877018483,1.1306287524558,89.4057337633898
15.453869047619,1.4634733730041,1.54288679967469,1.13008817097442,89.4066737413235
15.4539682539683,1.46334484568149,1.5428547903543,1.12954784809928,89.4076135946635
15.4540674603175,1.46321633180968,1.54282274224269,1.12900778370349,89.4085533234404
15.4541666666667,1.463087831397,1.54279065535884,1.1284679776602,89.4094929276844
15.4542658730159,1.46295934445181,1.54275852972171,1.12792842984264,89.4104324074261
15.4543650793651,1.46283087098246,1.54272636535026,1.12738914012406,89.4113717626957
15.4544642857143,1.46270241099734,1.54269416226344,1.12685010837781,89.4123109935236
15.4545634920635,1.46257396450484,1.54266192048017,1.12631133447724,89.4132500999401
15.4546626984127,1.46244553151339,1.54262964001935,1.1257728182958,89.4141890819755
15.4547619047619,1.46231711203139,1.54259732089989,1.12523455970694,89.4151279396601
15.4548611111111,1.4621887060673,1.54256496314065,1.12469655858424,89.4160666730242
15.4549603174603,1.46206031362958,1.5425325667605,1.12415881480125,89.4170052820981
15.4550595238095,1.46193193472669,1.54250013177828,1.12362132823163,89.4179437669118
15.4551587301587,1.46180356936712,1.54246765821283,1.12308409874906,89.4188821274958
15.4552579365079,1.46167521755938,1.54243514608295,1.12254712622732,89.4198203638801
15.4553571428571,1.46154687931199,1.54240259540745,1.12201041054016,89.420758476095
15.4554563492064,1.46141855463347,1.5423700062051,1.12147395156146,89.4216964641706
15.4555555555556,1.46129024353238,1.54233737849468,1.12093774916514,89.4226343281369
15.4556547619048,1.46116194601728,1.54230471229493,1.12040180322512,89.4235720680243
15.455753968254,1.46103366209676,1.54227200762458,1.11986611361546,89.4245096838627
15.4558531746032,1.4609053917794,1.54223926450237,1.11933068021019,89.4254471756822
15.4559523809524,1.46077713507382,1.54220648294698,1.11879550288345,89.4263845435129
15.4560515873016,1.46064889198864,1.5421736629771,1.11826058150938,89.4273217873849
15.4561507936508,1.4605206625325,1.54214080461142,1.11772591596224,89.4282589073281
15.45625,1.46039244671406,1.54210790786858,1.11719150611628,89.4291959033726
15.4563492063492,1.46026424454199,1.54207497276722,1.11665735184586,89.4301327755484
15.4564484126984,1.46013605602497,1.54204199932596,1.11612345302533,89.4310695238854
15.4565476190476,1.46000788117171,1.54200898756342,1.11558980952915,89.4320061484136
15.4566468253968,1.45987971999093,1.54197593749819,1.1150564212318,89.4329426491629
15.456746031746,1.45975157249135,1.54194284914884,1.11452328800783,89.4338790261632
15.4568452380952,1.45962343868172,1.54190972253393,1.11399040973181,89.4348152794445
15.4569444444444,1.45949531857081,1.54187655767201,1.11345778627842,89.4357514090366
15.4570436507937,1.4593672121674,1.5418433545816,1.11292541752236,89.4366874149693
15.4571428571429,1.45923911948027,1.54181011328123,1.11239330333836,89.4376232972725
15.4572420634921,1.45911104051824,1.54177683378938,1.11186144360125,89.438559055976
15.4573412698413,1.45898297529013,1.54174351612454,1.11132983818587,89.4394946911097
15.4574404761905,1.45885492380477,1.54171016030517,1.11079848696717,89.4404302027032
15.4575396825397,1.45872688607103,1.54167676634972,1.11026738982007,89.4413655907865
15.4576388888889,1.45859886209777,1.54164333427663,1.10973654661964,89.4423008553891
15.4577380952381,1.45847085189388,1.54160986410432,1.1092059572409,89.4432359965409
15.4578373015873,1.45834285546826,1.54157635585118,1.10867562155902,89.4441710142715
15.4579365079365,1.45821487282982,1.54154280953561,1.10814553944915,89.4451059086107
15.4580357142857,1.45808690398749,1.54150922517597,1.10761571078654,89.4460406795881
15.4581349206349,1.45795894895022,1.54147560279062,1.10708613544646,89.4469753272334
15.4582341269841,1.45783100772697,1.54144194239789,1.10655681330427,89.4479098515761
15.4583333333333,1.45770308032672,1.54140824401612,1.10602774423534,89.448844252646
15.4584325396825,1.45757516675846,1.5413745076636,1.10549892811511,89.4497785304726
15.4585317460317,1.45744726703119,1.54134073335864,1.10497036481911,89.4507126850854
15.458630952381,1.45731938115394,1.5413069211195,1.10444205422285,89.4516467165141
15.4587301587302,1.45719150913574,1.54127307096444,1.10391399620197,89.4525806247882
15.4588293650794,1.45706365098565,1.54123918291171,1.1033861906321,89.4535144099372
15.4589285714286,1.45693580671274,1.54120525697954,1.10285863738896,89.4544480719906
15.4590277777778,1.45680797632609,1.54117129318613,1.10233133634831,89.455381610978
15.459126984127,1.45668015983479,1.5411372915497,1.10180428738597,89.4563150269286
15.4592261904762,1.45655235724797,1.5411032520884,1.1012774903778,89.4572483198721
15.4593253968254,1.45642456857475,1.54106917482042,1.10075094519973,89.4581814898379
15.4594246031746,1.45629679382426,1.5410350597639,1.10022465172772,89.4591145368552
15.4595238095238,1.45616903300569,1.54100090693697,1.09969860983782,89.4600474609536
15.459623015873,1.45604128612819,1.54096671635775,1.09917281940609,89.4609802621625
15.4597222222222,1.45591355320097,1.54093248804435,1.09864728030869,89.4619129405111
15.4598214285714,1.45578583423321,1.54089822201484,1.09812199242177,89.4628454960288
15.4599206349206,1.45565812923415,1.54086391828729,1.09759695562158,89.4637779287449
15.4600198412698,1.45553043821303,1.54082957687977,1.09707216978445,89.4647102386887
15.460119047619,1.45540276117908,1.54079519781031,1.09654763478668,89.4656424258896
15.4602182539683,1.45527509814159,1.54076078109693,1.0960233505047,89.4665744903766
15.4603174603175,1.45514744910983,1.54072632675764,1.09549931681493,89.4675064321792
15.4604166666667,1.45501981409309,1.54069183481043,1.09497553359391,89.4684382513265
15.4605158730159,1.45489219310069,1.54065730527327,1.09445200071817,89.4693699478478
15.4606150793651,1.45476458614196,1.54062273816413,1.09392871806435,89.4703015217721
15.4607142857143,1.45463699322624,1.54058813350094,1.09340568550907,89.4712329731287
15.4608134920635,1.45450941436289,1.54055349130163,1.0928829029291,89.4721643019468
15.4609126984127,1.45438184956128,1.54051881158412,1.09236037020116,89.4730955082554
15.4610119047619,1.4542542988308,1.5404840943663,1.09183808720212,89.4740265920837
15.4611111111111,1.45412676218085,1.54044933966606,1.09131605380881,89.4749575534608
15.4612103174603,1.45399923962086,1.54041454750124,1.09079426989821,89.4758883924156
15.4613095238095,1.45387173116025,1.54037971788971,1.09027273534725,89.4768191089774
15.4614087301587,1.45374423680848,1.5403448508493,1.08975145003299,89.4777497031751
15.4615079365079,1.45361675657501,1.54030994639782,1.08923041383254,89.4786801750378
15.4616071428571,1.45348929046933,1.54027500455307,1.088709626623,89.4796105245944
15.4617063492063,1.45336183850092,1.54024002533285,1.0881890882816,89.4805407518739
15.4618055555556,1.4532344006793,1.5402050087549,1.08766879868555,89.4814708569053
15.4619047619048,1.45310697701399,1.540169954837,1.0871487577122,89.4824008397176
15.462003968254,1.45297956751454,1.54013486359688,1.08662896523885,89.4833307003396
15.4621031746032,1.4528521721905,1.54009973505226,1.08610942114296,89.4842604388002
15.4622023809524,1.45272479105144,1.54006456922085,1.08559012530194,89.4851900551285
15.4623015873016,1.45259742410696,1.54002936612033,1.08507107759334,89.4861195493531
15.4624007936508,1.45247007136665,1.53999412576838,1.08455227789469,89.487048921503
15.4625,1.45234273284013,1.53995884818266,1.08403372608365,89.487978171607
15.4625992063492,1.45221540853703,1.5399235333808,1.08351542203786,89.4889072996939
15.4626984126984,1.452088098467,1.53988818138045,1.08299736563507,89.4898363057926
15.4627976190476,1.45196080263971,1.53985279219921,1.08247955675303,89.4907651899317
15.4628968253968,1.45183352106482,1.53981736585467,1.08196199526958,89.4916939521401
15.462996031746,1.45170625375205,1.53978190236441,1.08144468106263,89.4926225924464
15.4630952380952,1.4515790007111,1.539746401746,1.08092761401007,89.4935511108794
15.4631944444444,1.45145176195168,1.53971086401699,1.08041079398994,89.4944795074678
15.4632936507937,1.45132453748355,1.5396752891949,1.07989422088024,89.4954077822404
15.4633928571429,1.45119732731645,1.53963967729725,1.07937789455911,89.4963359352256
15.4634920634921,1.45107013146015,1.53960402834154,1.07886181490465,89.4972639664523
15.4635912698413,1.45094294992445,1.53956834234526,1.0783459817951,89.4981918759489
15.4636904761905,1.45081578271914,1.53953261932588,1.07783039510869,89.4991196637442
15.4637896825397,1.45068862985404,1.53949685930084,1.07731505472376,89.5000473298667
15.4638888888889,1.45056149133897,1.53946106228759,1.07679996051863,89.500974874345
15.4639880952381,1.45043436718379,1.53942522830354,1.07628511237176,89.5019022972076
15.4640873015873,1.45030725739836,1.5393893573661,1.07577051016157,89.5028295984831
15.4641865079365,1.45018016199256,1.53935344949266,1.07525615376662,89.5037567781999
15.4642857142857,1.45005308097627,1.5393175047006,1.07474204306545,89.5046838363867
15.4643849206349,1.4499260143594,1.53928152300726,1.07422817793671,89.5056107730718
15.4644841269841,1.44979896215188,1.53924550443,1.07371455825908,89.5065375882837
15.4645833333333,1.44967192436365,1.53920944898614,1.07320118391128,89.5074642820508
15.4646825396825,1.44954490100466,1.53917335669299,1.07268805477211,89.5083908544016
15.4647817460317,1.44941789208487,1.53913722756784,1.07217517072039,89.5093173053645
15.464880952381,1.44929089761428,1.53910106162797,1.07166253163503,89.5102436349679
15.4649801587302,1.44916391760287,1.53906485889065,1.07115013739495,89.5111698432401
15.4650793650794,1.44903695206067,1.53902861937312,1.07063798787919,89.5120959302094
15.4651785714286,1.44891000099771,1.53899234309261,1.07012608296675,89.5130218959043
15.4652777777778,1.44878306442403,1.53895603006634,1.06961442253678,89.5139477403529
15.465376984127,1.44865614234968,1.5389196803115,1.0691030064684,89.5148734635836
15.4654761904762,1.44852923478475,1.53888329384529,1.06859183464085,89.5157990656247
15.4655753968254,1.44840234173933,1.53884687068487,1.06808090693337,89.5167245465045
15.4656746031746,1.44827546322352,1.53881041084739,1.06757022322529,89.517649906251
15.4657738095238,1.44814859924744,1.53877391434998,1.06705978339597,89.5185751448927
15.465873015873,1.44802174982124,1.53873738120977,1.06654958732483,89.5195002624576
15.4659722222222,1.44789491495506,1.53870081144386,1.06603963489136,89.520425258974
15.4660714285714,1.44776809465906,1.53866420506935,1.06552992597507,89.52135013447
15.4661706349206,1.44764128894344,1.53862756210329,1.06502046045557,89.5222748889737
15.4662698412698,1.44751449781838,1.53859088256276,1.06451123821245,89.5231995225133
15.466369047619,1.44738772129412,1.53855416646479,1.06400225912545,89.5241240351168
15.4664682539683,1.44726095938085,1.5385174138264,1.06349352307426,89.5250484268124
15.4665674603175,1.44713421208885,1.53848062466462,1.06298502993871,89.5259726976281
15.4666666666667,1.44700747942835,1.53844379899642,1.06247677959862,89.526896847592
15.4667658730159,1.44688076140965,1.53840693683879,1.06196877193392,89.5278208767321
15.4668650793651,1.44675405804302,1.53837003820869,1.06146100682452,89.5287447850765
15.4669642857143,1.44662736933877,1.53833310312306,1.06095348415047,89.529668572653
15.4670634920635,1.44650069530721,1.53829613159884,1.06044620379179,89.5305922394896
15.4671626984127,1.4463740359587,1.53825912365295,1.05993916562863,89.5315157856145
15.4672619047619,1.44624739130357,1.53822207930227,1.05943236954112,89.5324392110553
15.4673611111111,1.44612076135219,1.53818499856369,1.05892581540949,89.5333625158402
15.4674603174603,1.44599414611494,1.53814788145409,1.05841950311403,89.534285699997
15.4675595238095,1.44586754560222,1.5381107279903,1.05791343253503,89.5352087635535
15.4676587301587,1.44574095982444,1.53807353818918,1.0574076035529,89.5361317065376
15.4677579365079,1.44561438879203,1.53803631206753,1.05690201604804,89.5370545289772
15.4678571428571,1.44548783251542,1.53799904964215,1.05639666990096,89.5379772309
15.4679563492064,1.44536129100508,1.53796175092985,1.05589156499216,89.538899812334
15.4680555555556,1.44523476427148,1.53792441594739,1.05538670120227,89.5398222733068
15.4681547619048,1.4451082523251,1.53788704471152,1.05488207841191,89.5407446138463
15.468253968254,1.44498175517645,1.53784963723899,1.05437769650178,89.5416668339802
15.4683531746032,1.44485527283604,1.53781219354652,1.05387355535261,89.5425889337362
15.4684523809524,1.44472880531442,1.53777471365082,1.05336965484524,89.5435109131421
15.4685515873016,1.44460235262212,1.53773719756859,1.05286599486049,89.5444327722254
15.4686507936508,1.44447591476972,1.5376996453165,1.05236257527928,89.545354511014
15.46875,1.44434949176779,1.5376620569112,1.05185939598257,89.5462761295355
15.4688492063492,1.44422308362692,1.53762443236936,1.05135645685136,89.5471976278174
15.4689484126984,1.44409669035773,1.53758677170759,1.05085375776675,89.5481190058875
15.4690476190476,1.44397031197084,1.53754907494251,1.05035129860982,89.5490402637732
15.4691468253968,1.4438439484769,1.53751134209073,1.04984907926178,89.5499614015023
15.469246031746,1.44371759988655,1.53747357316881,1.04934709960382,89.5508824191022
15.4693452380952,1.44359126621047,1.53743576819333,1.04884535951724,89.5518033166005
15.4694444444444,1.44346494745934,1.53739792718084,1.04834385888336,89.5527240940248
15.4695436507936,1.44333864364387,1.53736005014787,1.04784259758358,89.5536447514025
15.4696428571429,1.44321235477477,1.53732213711095,1.04734157549932,89.5545652887611
15.4697420634921,1.44308608086278,1.53728418808657,1.04684079251209,89.5554857061281
15.4698412698413,1.44295982191864,1.53724620309122,1.04634024850341,89.556406003531
15.4699404761905,1.44283357795311,1.53720818214138,1.0458399433549,89.5573261809971
15.4700396825397,1.44270734897697,1.53717012525349,1.04533987694818,89.5582462385539
15.4701388888889,1.44258113500102,1.53713203244401,1.04484004916499,89.5591661762288
15.4702380952381,1.44245493603606,1.53709390372934,1.04434045988706,89.5600859940491
15.4703373015873,1.44232875209292,1.53705573912591,1.0438411089962,89.5610056920423
15.4704365079365,1.44220258318244,1.53701753865011,1.04334199637429,89.5619252702356
15.4705357142857,1.44207642931546,1.5369793023183,1.04284312190322,89.5628447286564
15.4706349206349,1.44195029050286,1.53694103014685,1.04234448546498,89.563764067332
15.4707341269841,1.44182416675553,1.53690272215211,1.04184608694158,89.5646832862896
15.4708333333333,1.44169805808436,1.53686437835041,1.0413479262151,89.5656023855565
15.4709325396825,1.44157196450026,1.53682599875805,1.04085000316765,89.56652136516
15.4710317460317,1.44144588601418,1.53678758339134,1.04035231768144,89.5674402251273
15.471130952381,1.44131982263705,1.53674913226655,1.03985486963868,89.5683589654856
15.4712301587302,1.44119377437983,1.53671064539996,1.03935765892167,89.5692775862621
15.4713293650794,1.44106774125351,1.5366721228078,1.03886068541272,89.570196087484
15.4714285714286,1.44094172326907,1.53663356450633,1.03836394899427,89.5711144691783
15.4715277777778,1.44081572043752,1.53659497051175,1.03786744954872,89.5720327313723
15.471626984127,1.44068973276988,1.53655634084027,1.0373711869586,89.5729508740931
15.4717261904762,1.44056376027719,1.53651767550807,1.03687516110644,89.5738688973677
15.4718253968254,1.4404378029705,1.53647897453132,1.03637937187485,89.5747868012233
15.4719246031746,1.44031186086089,1.53644023792619,1.03588381914651,89.5757045856868
15.4720238095238,1.44018593395942,1.5364014657088,1.03538850280409,89.5766222507854
15.472123015873,1.4400600222772,1.53636265789529,1.0348934227304,89.577539796546
15.4722222222222,1.43993412582535,1.53632381450175,1.03439857880821,89.5784572229958
15.4723214285714,1.43980824461499,1.53628493554429,1.03390397092042,89.5793745301615
15.4724206349206,1.43968237865727,1.53624602103897,1.03340959894994,89.5802917180702
15.4725198412698,1.43955652796335,1.53620707100186,1.03291546277976,89.5812087867489
15.472619047619,1.43943069254439,1.53616808544899,1.03242156229289,89.5821257362244
15.4727182539683,1.4393048724116,1.53612906439641,1.03192789737243,89.5830425665238
15.4728174603175,1.43917906757618,1.53609000786012,1.03143446790149,89.5839592776738
15.4729166666667,1.43905327804934,1.53605091585612,1.03094127376329,89.5848758697014
15.4730158730159,1.43892750384232,1.53601178840039,1.03044831484104,89.5857923426334
15.4731150793651,1.43880174496638,1.53597262550889,1.02995559101806,89.5867086964966
15.4732142857143,1.43867600143277,1.53593342719758,1.02946310217767,89.5876249313179
15.4733134920635,1.43855027325279,1.53589419348238,1.02897084820329,89.588541047124
15.4734126984127,1.43842456043773,1.53585492437921,1.02847882897838,89.5894570439418
15.4735119047619,1.43829886299889,1.53581561990399,1.02798704438642,89.590372921798
15.4736111111111,1.43817318094762,1.53577628007258,1.02749549431099,89.5912886807192
15.4737103174603,1.43804751429524,1.53573690490087,1.02700417863569,89.5922043207324
15.4738095238095,1.43792186305312,1.5356974944047,1.0265130972442,89.5931198418641
15.4739087301587,1.43779622723263,1.53565804859992,1.02602225002022,89.594035244141
15.4740079365079,1.43767060684516,1.53561856750234,1.02553163684755,89.5949505275899
15.4741071428571,1.43754500190211,1.53557905112778,1.02504125760997,89.5958656922373
15.4742063492063,1.43741941241491,1.53553949949202,1.0245511121914,89.5967807381099
15.4743055555556,1.43729383839498,1.53549991261085,1.02406120047574,89.5976956652343
15.4744047619048,1.43716827985378,1.53546029050001,1.02357152234699,89.5986104736371
15.474503968254,1.43704273680276,1.53542063317525,1.02308207768918,89.5995251633449
15.4746031746032,1.43691720925342,1.53538094065231,1.02259286638641,89.6004397343841
15.4747023809524,1.43679169721724,1.53534121294689,1.02210388832281,89.6013541867815
15.4748015873016,1.43666620070573,1.53530145007468,1.02161514338257,89.6022685205634
15.4749007936508,1.43654071973043,1.53526165205138,1.02112663144997,89.6031827357563
15.475,1.43641525430287,1.53522181889264,1.02063835240927,89.6040968323869
15.4750992063492,1.43628980443461,1.53518195061411,1.02015030614486,89.6050108104814
15.4751984126984,1.43616437013722,1.53514204723142,1.01966249254112,89.6059246700664
15.4752976190476,1.43603895142229,1.53510210876019,1.01917491148254,89.6068384111683
15.4753968253968,1.43591354830141,1.53506213521603,1.0186875628536,89.6077520338135
15.475496031746,1.43578816078621,1.53502212661451,1.0182004465389,89.6086655380283
15.4755952380952,1.43566278888832,1.53498208297121,1.01771356242303,89.6095789238392
15.4756944444444,1.43553743261939,1.53494200430168,1.0172269103907,89.6104921912725
15.4757936507937,1.43541209199108,1.53490189062146,1.01674049032659,89.6114053403545
15.4758928571429,1.43528676701507,1.53486174194606,1.01625430211552,89.6123183711115
15.4759920634921,1.43516145770304,1.53482155829101,1.01576834564229,89.6132312835698
15.4760912698413,1.43503616406672,1.53478133967178,1.01528262079181,89.6141440777558
15.4761904761905,1.43491088611783,1.53474108610384,1.014797127449,89.6150567536956
15.4762896825397,1.43478562386809,1.53470079760267,1.01431186549886,89.6159693114155
15.4763888888889,1.43466037732928,1.5346604741837,1.01382683482644,89.6168817509417
15.4764880952381,1.43453514651316,1.53462011586236,1.01334203531682,89.6177940723005
15.4765873015873,1.43440993143152,1.53457972265406,1.01285746685518,89.6187062755179
15.4766865079365,1.43428473209614,1.53453929457419,1.01237312932668,89.6196183606202
15.4767857142857,1.43415954851886,1.53449883163814,1.01188902261662,89.6205303276335
15.4768849206349,1.4340343807115,1.53445833386126,1.01140514661028,89.6214421765839
15.4769841269841,1.43390922868592,1.53441780125892,1.01092150119304,89.6223539074975
15.4770833333333,1.43378409245396,1.53437723384643,1.0104380862503,89.6232655204005
15.4771825396825,1.4336589720275,1.53433663163911,1.00995490166755,89.6241770153189
15.4772817460317,1.43353386741845,1.53429599465227,1.00947194733028,89.6250883922787
15.477380952381,1.4334087786387,1.53425532290119,1.0089892231241,89.625999651306
15.4774801587302,1.43328370570018,1.53421461640113,1.00850672893461,89.6269107924267
15.4775793650794,1.43315864861484,1.53417387516736,1.00802446464751,89.627821815667
15.4776785714286,1.4330336073946,1.5341330992151,1.00754243014851,89.6287327210527
15.4777777777778,1.43290858205146,1.53409228855959,1.00706062532342,89.6296435086099
15.477876984127,1.43278357259739,1.53405144321601,1.00657905005808,89.6305541783643
15.4779761904762,1.43265857904439,1.53401056319958,1.00609770423836,89.6314647303421
15.4780753968254,1.43253360140448,1.53396964852545,1.00561658775023,89.6323751645691
15.4781746031746,1.43240863968968,1.53392869920878,1.00513570047967,89.6332854810711
15.4782738095238,1.43228369391205,1.53388771526472,1.00465504231276,89.634195679874
15.478373015873,1.43215876408363,1.5338466967084,1.00417461313557,89.6351057610037
15.4784722222222,1.43203385021651,1.53380564355492,1.00369441283428,89.636015724486
15.4785714285714,1.43190895232277,1.53376455581938,1.00321444129509,89.6369255703467
15.4786706349206,1.43178407041453,1.53372343351685,1.00273469840428,89.6378352986116
15.4787698412698,1.43165920450389,1.53368227666241,1.00225518404815,89.6387449093065
15.478869047619,1.43153435460301,1.5336410852711,1.00177589811308,89.6396544024571
15.4789682539683,1.43140952072403,1.53359985935794,1.00129684048548,89.6405637780892
15.4790674603175,1.43128470287912,1.53355859893796,1.00081801105186,89.6414730362284
15.4791666666667,1.43115990108045,1.53351730402615,1.0003394096987,89.6423821769005
15.4792658730159,1.43103511534024,1.5334759746375,0.999861036312614,89.6432912001311
15.4793650793651,1.43091034567068,1.53343461078698,0.999382890780244,89.6442001059459
15.4794642857143,1.43078559208401,1.53339321248953,0.998904972988253,89.6451088943706
15.4795634920635,1.43066085459248,1.5333517797601,0.998427282823409,89.6460175654307
15.4796626984127,1.43053613320833,1.53331031261361,0.99794982017248,89.6469261191519
15.4797619047619,1.43041142794385,1.53326881106495,0.99747258492234,89.6478345555597
15.4798611111111,1.43028673881131,1.53322727512903,0.996995576959863,89.6487428746798
15.4799603174603,1.43016206582304,1.5331857048207,0.996518796172029,89.6496510765376
15.4800595238095,1.43003740899054,1.53314410015515,0.996042242445856,89.650559161159
15.4801587301587,1.42991276727286,1.53310246155908,0.995565915720551,89.6514671289812
15.4802579365079,1.42978813972875,1.53306078941903,0.995089815936811,89.6523749804008
15.4803571428571,1.42966352635471,1.53301908375427,0.994613942991982,89.6532827154474
15.4804563492063,1.4295389271472,1.53297734458409,0.99413829678339,89.6541903341505
15.4805555555556,1.42941434210273,1.53293557192777,0.993662877208446,89.6550978365397
15.4806547619048,1.42928977121779,1.53289376580457,0.993187684164542,89.6560052226443
15.480753968254,1.42916521448887,1.53285192623375,0.992712717549141,89.656912492494
15.4808531746032,1.42904067191248,1.53281005323455,0.992237977259739,89.6578196461182
15.4809523809524,1.42891614348511,1.53276814682623,0.991763463193827,89.6587266835464
15.4810515873016,1.4287916292033,1.53272620702802,0.991289175248979,89.6596336048081
15.4811507936508,1.42866712906354,1.53268423385915,0.990815113322751,89.6605404099327
15.48125,1.42854264306236,1.53264222733883,0.990341277312782,89.6614470989496
15.4813492063492,1.42841817119629,1.53260018748627,0.989867667116695,89.6623536718884
15.4814484126984,1.42829371346185,1.53255811432069,0.989394282632194,89.6632601287783
15.4815476190476,1.42816926985557,1.53251600786128,0.988921123756966,89.664166469649
15.4816468253968,1.428044840374,1.53247386812722,0.988448190388782,89.6650726945297
15.481746031746,1.42792042501368,1.5324316951377,0.987975482425394,89.6659788034499
15.4818452380952,1.42779602377116,1.53238948891189,0.98750299976464,89.6668847964389
15.4819444444444,1.42767163664298,1.53234724946895,0.987030742304336,89.6677906735261
15.4820436507936,1.42754726362571,1.53230497682805,0.986558709942385,89.668696434741
15.4821428571429,1.42742290471589,1.53226267100833,0.986086902576669,89.6696020801129
15.4822420634921,1.42729855991011,1.53222033202893,0.985615320105144,89.670507609671
15.4823412698413,1.42717422920493,1.53217795990899,0.985143962425796,89.6714130234449
15.4824404761905,1.42704991259692,1.53213555466764,0.984672829436608,89.6723183214637
15.4825396825397,1.42692561008266,1.53209311632399,0.984201921035644,89.6732235037569
15.4826388888889,1.42680132165873,1.53205064489716,0.983731237120953,89.6741285703537
15.4827380952381,1.42667704732173,1.53200814040624,0.983260777590664,89.6750335212834
15.4828373015873,1.42655278706824,1.53196560287034,0.982790542342891,89.6759383565753
15.4829365079365,1.42642854089487,1.53192303230853,0.98232053127583,89.6768430762588
15.4830357142857,1.42630430879821,1.53188042873991,0.98185074428766,89.6777476803631
15.4831349206349,1.42618009077486,1.53183779218354,0.981381181276641,89.6786521689174
15.4832341269841,1.42605588682145,1.53179512265848,0.980911842141019,89.6795565419511
15.4833333333333,1.42593169693457,1.5317524201838,0.98044272677912,89.6804607994933
15.4834325396825,1.42580752111086,1.53170968477853,0.979973835089254,89.6813649415733
15.4835317460317,1.42568335934694,1.53166691646173,0.979505166969813,89.6822689682203
15.483630952381,1.42555921163943,1.53162411525242,0.979036722319172,89.6831728794636
15.4837301587302,1.42543507798496,1.53158128116964,0.978568501035777,89.6840766753323
15.4838293650794,1.42531095838019,1.53153841423239,0.978100503018107,89.6849803558556
15.4839285714286,1.42518685282173,1.53149551445969,0.977632728164634,89.6858839210628
15.4840277777778,1.42506276130625,1.53145258187054,0.977165176373915,89.686787370983
15.484126984127,1.42493868383039,1.53140961648393,0.976697847544489,89.6876907056454
15.4842261904762,1.42481462039081,1.53136661831885,0.976230741574977,89.6885939250791
15.4843253968254,1.42469057098417,1.53132358739428,0.975763858363984,89.6894970293133
15.4844246031746,1.42456653560713,1.53128052372919,0.975297197810197,89.6904000183771
15.4845238095238,1.42444251425636,1.53123742734254,0.974830759812286,89.6913028922997
15.484623015873,1.42431850692854,1.5311942982533,0.974364544269004,89.6922056511102
15.4847222222222,1.42419451362033,1.53115113648039,0.973898551079085,89.6931082948377
15.4848214285714,1.42407053432844,1.53110794204277,0.973432780141349,89.6940108235112
15.4849206349206,1.42394656904952,1.53106471495937,0.972967231354596,89.6949132371599
15.4850198412698,1.4238226177803,1.53102145524911,0.97250190461771,89.6958155358129
15.485119047619,1.42369868051745,1.53097816293091,0.972036799829557,89.6967177194993
15.4852182539683,1.42357475725767,1.53093483802367,0.971571916889074,89.697619788248
15.4853174603175,1.42345084799769,1.5308914805463,0.971107255695231,89.6985217420881
15.4854166666667,1.42332695273419,1.53084809051769,0.970642816146991,89.6994235810488
15.4855158730159,1.4232030714639,1.53080466795673,0.970178598143404,89.700325305159
15.4856150793651,1.42307920418353,1.53076121288229,0.969714601583497,89.7012269144478
15.4857142857143,1.42295535088981,1.53071772531325,0.969250826366386,89.702128408944
15.4858134920635,1.42283151157946,1.53067420526845,0.968787272391164,89.7030297886769
15.4859126984127,1.42270768624922,1.53063065276677,0.968323939557011,89.7039310536754
15.4860119047619,1.42258387489581,1.53058706782705,0.967860827763088,89.7048322039684
15.4861111111111,1.422460077516,1.53054345046812,0.967397936908639,89.7057332395849
15.4862103174603,1.4223362941065,1.53049980070881,0.96693526689289,89.7066341605539
15.4863095238095,1.42221252466409,1.53045611856795,0.966472817615151,89.7075349669043
15.4864087301587,1.42208876918551,1.53041240406436,0.966010588974713,89.7084356586652
15.4865079365079,1.42196502766751,1.53036865721683,0.965548580870953,89.7093362358653
15.4866071428571,1.42184130010687,1.53032487804418,0.965086793203227,89.7102366985338
15.4867063492064,1.42171758650035,1.53028106656519,0.964625225870964,89.7111370466994
15.4868055555556,1.42159388684473,1.53023722279865,0.964163878773623,89.712037280391
15.4869047619048,1.42147020113678,1.53019334676334,0.963702751810662,89.7129373996377
15.487003968254,1.42134652937328,1.53014943847801,0.963241844881618,89.7138374044683
15.4871031746032,1.42122287155101,1.53010549796144,0.962781157886013,89.7147372949115
15.4872023809524,1.42109922766677,1.53006152523238,0.962320690723451,89.7156370709964
15.4873015873016,1.42097559771736,1.53001752030956,0.961860443293519,89.7165367327518
15.4874007936508,1.42085198169956,1.52997348321174,0.961400415495887,89.7174362802065
15.4875,1.42072837961019,1.52992941395764,0.960940607230207,89.7183357133894
15.4875992063492,1.42060479144606,1.52988531256598,0.960481018396215,89.7192350323293
15.4876984126984,1.42048121720397,1.52984117905547,0.960021648893627,89.7201342370549
15.4877976190476,1.42035765688074,1.52979701344482,0.959562498622245,89.7210333275953
15.4878968253968,1.4202341104732,1.52975281575274,0.959103567481852,89.721932303979
15.487996031746,1.42011057797817,1.52970858599791,0.958644855372315,89.722831166235
15.4880952380952,1.41998705939249,1.52966432419901,0.958186362193481,89.723729914392
15.4881944444444,1.41986355471297,1.52962003037473,0.957728087845271,89.7246285484787
15.4882936507937,1.41974006393648,1.52957570454372,0.957270032227636,89.725527068524
15.4883928571429,1.41961658705985,1.52953134672465,0.956812195240524,89.7264254745566
15.4884920634921,1.41949312407993,1.52948695693617,0.956354576783963,89.7273237666053
15.4885912698413,1.41936967499357,1.52944253519692,0.955897176757967,89.7282219446987
15.4886904761905,1.41924623979764,1.52939808152555,0.955439995062632,89.7291200088656
15.4887896825397,1.41912281848898,1.52935359594067,0.954983031598035,89.7300179591347
15.4888888888889,1.41899941106448,1.52930907846092,0.954526286264336,89.7309157955347
15.4889880952381,1.418876017521,1.5292645291049,0.954069758961681,89.7318135180944
15.4890873015873,1.41875263785542,1.52921994789121,0.953613449590295,89.7327111268423
15.4891865079365,1.41862927206461,1.52917533483847,0.953157358050387,89.7336086218073
15.4892857142857,1.41850592014547,1.52913068996525,0.952701484242249,89.7345060030178
15.4893849206349,1.41838258209487,1.52908601329014,0.952245828066156,89.7354032705027
15.4894841269841,1.41825925790973,1.52904130483171,0.951790389422465,89.7363004242905
15.4895833333333,1.41813594758692,1.52899656460853,0.951335168211516,89.7371974644099
15.4896825396825,1.41801265112337,1.52895179263916,0.95088016433372,89.7380943908895
15.4897817460317,1.41788936851596,1.52890698894215,0.950425377689519,89.7389912037579
15.489880952381,1.41776609976162,1.52886215353604,0.949970808179353,89.7398879030438
15.4899801587302,1.41764284485727,1.52881728643936,0.949516455703741,89.7407844887756
15.4900793650794,1.41751960379981,1.52877238767066,0.949062320163189,89.7416809609822
15.4901785714286,1.41739637658619,1.52872745724844,0.948608401458282,89.7425773196919
15.4902777777778,1.41727316321332,1.52868249519121,0.948154699489591,89.7434735649334
15.490376984127,1.41714996367814,1.52863750151749,0.947701214157766,89.7443696967352
15.4904761904762,1.41702677797759,1.52859247624577,0.947247945363443,89.7452657151259
15.4905753968254,1.41690360610862,1.52854741939453,0.94679489300734,89.7461616201341
15.4906746031746,1.41678044806817,1.52850233098226,0.946342056990156,89.7470574117882
15.4907738095238,1.4166573038532,1.52845721102743,0.945889437212676,89.7479530901167
15.490873015873,1.41653417346065,1.52841205954851,0.945437033575664,89.7488486551483
15.4909722222222,1.41641105688749,1.52836687656396,0.94498484597997,89.7497441069114
15.4910714285714,1.41628795413069,1.52832166209221,0.944532874326424,89.7506394454344
15.4911706349206,1.41616486518722,1.52827641615173,0.944081118515929,89.7515346707459
15.4912698412698,1.41604179005406,1.52823113876093,0.943629578449418,89.7524297828744
15.491369047619,1.41591872872817,1.52818582993825,0.943178254027822,89.7533247818482
15.4914682539683,1.41579568120656,1.52814048970211,0.942727145152152,89.754219667696
15.4915674603175,1.41567264748619,1.52809511807091,0.942276251723403,89.755114440446
15.4916666666667,1.41554962756407,1.52804971506307,0.941825573642655,89.7560091001267
15.4917658730159,1.4154266214372,1.52800428069697,0.941375110810966,89.7569036467667
15.4918650793651,1.41530362910257,1.527958814991,0.940924863129481,89.7577980803942
15.4919642857143,1.4151806505572,1.52791331796355,0.940474830499325,89.7586924010376
15.4920634920635,1.41505768579809,1.52786778963299,0.940025012821707,89.7595866087255
15.4921626984127,1.41493473482225,1.52782223001767,0.93957540999782,89.7604807034861
15.4922619047619,1.41481179762672,1.52777663913596,0.939126021928936,89.7613746853479
15.4923611111111,1.4146888742085,1.5277310170062,0.938676848516314,89.7622685543392
15.4924603174603,1.41456596456464,1.52768536364674,0.938227889661292,89.7631623104883
15.4925595238095,1.41444306869216,1.52763967907591,0.937779145265195,89.7640559538237
15.4926587301587,1.41432018658811,1.52759396331204,0.937330615229414,89.7649494843736
15.4927579365079,1.41419731824952,1.52754821637344,0.936882299455375,89.7658429021664
15.4928571428571,1.41407446367344,1.52750243827842,0.936434197844499,89.7667362072304
15.4929563492063,1.41395162285692,1.52745662904528,0.935986310298289,89.7676293995939
15.4930555555556,1.41382879579702,1.52741078869233,0.935538636718232,89.7685224792852
15.4931547619048,1.4137059824908,1.52736491723784,0.935091177005897,89.7694154463326
15.493253968254,1.41358318293533,1.52731901470009,0.934643931062835,89.7703083007644
15.4933531746032,1.41346039712767,1.52727308109737,0.934196898790682,89.7712010426089
15.4934523809524,1.41333762506489,1.52722711644791,0.933750080091054,89.7720936718942
15.4935515873016,1.41321486674408,1.52718112077,0.933303474865651,89.7729861886487
15.4936507936508,1.41309212216231,1.52713509408187,0.932857083016157,89.7738785929006
15.49375,1.41296939131669,1.52708903640176,0.932410904444336,89.7747708846782
15.4938492063492,1.41284667420429,1.5270429477479,0.931964939051938,89.7756630640096
15.4939484126984,1.41272397082221,1.52699682813852,0.931519186740793,89.776555130923
15.4940476190476,1.41260128116755,1.52695067759184,0.931073647412715,89.7774470854468
15.4941468253968,1.41247860523743,1.52690449612606,0.930628320969589,89.778338927609
15.494246031746,1.41235594302895,1.52685828375939,0.930183207313329,89.7792306574378
15.4943452380952,1.41223329453921,1.52681204051001,0.92973830634585,89.7801222749615
15.4944444444444,1.41211065976535,1.52676576639612,0.929293617969146,89.7810137802082
15.4945436507937,1.41198803870449,1.52671946143589,0.928849142085194,89.781905173206
15.4946428571429,1.41186543135375,1.52667312564749,0.928404878596054,89.7827964539831
15.4947420634921,1.41174283771026,1.52662675904909,0.92796082740377,89.7836876225676
15.4948412698413,1.41162025777117,1.52658036165884,0.927516988410467,89.7845786789876
15.4949404761905,1.41149769153361,1.52653393349488,0.927073361518254,89.7854696232714
15.4950396825397,1.41137513899474,1.52648747457535,0.926629946629322,89.7863604554468
15.4951388888889,1.41125260015169,1.52644098491839,0.926186743645846,89.7872511755422
15.4952380952381,1.41113007500163,1.52639446454212,0.925743752470081,89.7881417835855
15.4953373015873,1.41100756354171,1.52634791346465,0.925300973004268,89.7890322796048
15.4954365079365,1.4108850657691,1.5263013317041,0.924858405150729,89.7899226636283
15.4955357142857,1.41076258168096,1.52625471927855,0.924416048811768,89.7908129356839
15.4956349206349,1.41064011127447,1.52620807620611,0.923973903889762,89.7917030957997
15.4957341269841,1.41051765454681,1.52616140250486,0.923531970287118,89.7925931440037
15.4958333333333,1.41039521149516,1.52611469819287,0.923090247906239,89.793483080324
15.4959325396825,1.41027278211671,1.52606796328822,0.922648736649611,89.7943729047886
15.4960317460317,1.41015036640864,1.52602119780896,0.922207436419704,89.7952626174255
15.496130952381,1.41002796436815,1.52597440177315,0.921766347119068,89.7961522182626
15.4962301587302,1.40990557599244,1.52592757519883,0.921325468650238,89.7970417073281
15.4963293650794,1.40978320127871,1.52588071810405,0.920884800915831,89.7979310846499
15.4964285714286,1.40966084022418,1.52583383050683,0.920444343818448,89.7988203502559
15.4965277777778,1.40953849282606,1.52578691242519,0.920004097260768,89.7997095041741
15.496626984127,1.40941615908156,1.52573996387715,0.91956406114546,89.8005985464325
15.4967261904762,1.40929383898791,1.52569298488071,0.91912423537527,89.8014874770589
15.4968253968254,1.40917153254233,1.52564597545388,0.91868461985293,89.8023762960814
15.4969246031746,1.40904923974206,1.52559893561464,0.918245214481252,89.8032650035278
15.4970238095238,1.40892696058433,1.52555186538099,0.917806019163034,89.8041535994261
15.497123015873,1.40880469506638,1.52550476477088,0.91736703380114,89.8050420838042
15.4972222222222,1.40868244318546,1.5254576338023,0.916928258298472,89.8059304566899
15.4973214285714,1.40856020493881,1.5254104724932,0.916489692557923,89.8068187181112
15.4974206349206,1.4084379803237,1.52536328086153,0.91605133648247,89.8077068680959
15.4975198412698,1.40831576933737,1.52531605892525,0.915613189975074,89.8085949066719
15.497619047619,1.40819357197709,1.52526880670228,0.915175252938777,89.809482833867
15.4977182539683,1.40807138824013,1.52522152421055,0.914737525276605,89.8103706497091
15.4978174603175,1.40794921812376,1.52517421146799,0.914300006891666,89.811258354226
15.4979166666667,1.40782706162526,1.5251268684925,0.913862697687051,89.8121459474456
15.4980158730159,1.4077049187419,1.525079495302,0.913425597565934,89.8130334293957
15.4981150793651,1.40758278947098,1.52503209191439,0.912988706431471,89.813920800104
15.4982142857143,1.40746067380978,1.52498465834754,0.912552024186901,89.8148080595984
15.4983134920635,1.40733857175559,1.52493719461935,0.912115550735448,89.8156952079067
15.4984126984127,1.40721648330573,1.52488970074769,0.911679285980413,89.8165822450565
15.4985119047619,1.40709440845747,1.52484217675043,0.911243229825088,89.8174691710758
15.4986111111111,1.40697234720815,1.52479462264542,0.910807382172827,89.8183559859923
15.4987103174603,1.40685029955507,1.52474703845051,0.910371742927022,89.8192426898336
15.4988095238095,1.40672826549554,1.52469942418356,0.909936311991059,89.8201292826276
15.4989087301587,1.40660624502689,1.52465177986239,0.909501089268405,89.821015764402
15.4990079365079,1.40648423814644,1.52460410550483,0.909066074662514,89.8219021351845
15.4991071428571,1.40636224485153,1.5245564011287,0.908631268076917,89.8227883950028
15.4992063492064,1.40624026513949,1.52450866675182,0.908196669415133,89.8236745438846
15.4993055555556,1.40611829900765,1.524460902392,0.90776227858076,89.8245605818576
15.4994047619048,1.40599634645337,1.52441310806701,0.907328095477381,89.8254465089495
15.499503968254,1.40587440747398,1.52436528379466,0.90689412000866,89.8263323251879
15.4996031746032,1.40575248206685,1.52431742959273,0.906460352078246,89.8272180306006
15.4997023809524,1.40563057022933,1.52426954547899,0.906026791589868,89.8281036252151
15.4998015873016,1.40550867195878,1.5242216314712,0.905593438447241,89.8289891090592
15.4999007936508,1.40538678725257,1.52417368758713,0.90516029255416,89.8298744821603
15.5,1.40526491610807,1.52412571384452,0.904727353814404,89.8307597445463
15.5000992063492,1.40514305852265,1.52407771026112,0.904294622131821,89.8316448962446
15.5001984126984,1.4050212144937,1.52402967685466,0.903862097410294,89.8325299372829
15.5002976190476,1.4048993840186,1.52398161364286,0.903429779553699,89.8334148676888
15.5003968253968,1.40477756709474,1.52393352064345,0.902997668465996,89.8342996874899
15.500496031746,1.4046557637195,1.52388539787414,0.902565764051128,89.8351843967137
15.5005952380952,1.4045339738903,1.52383724535263,0.90213406621312,89.8360689953878
15.5006944444444,1.40441219760453,1.52378906309661,0.901702574855979,89.8369534835397
15.5007936507936,1.40429043485959,1.52374085112378,0.901271289883797,89.8378378611971
15.5008928571429,1.40416868565291,1.52369260945182,0.900840211200647,89.8387221283874
15.5009920634921,1.40404694998189,1.52364433809839,0.900409338710684,89.8396062851382
15.5010912698413,1.40392522784396,1.52359603708116,0.899978672318049,89.8404903314769
15.5011904761905,1.40380351923654,1.52354770641779,0.899548211926962,89.8413742674312
15.5012896825397,1.40368182415705,1.52349934612593,0.899117957441628,89.8422580930284
15.5013888888889,1.40356014260295,1.52345095622322,0.898687908766335,89.8431418082962
15.5014880952381,1.40343847457165,1.52340253672728,0.898258065805352,89.8440254132619
15.5015873015873,1.40331682006061,1.52335408765576,0.89782842846302,89.844908907953
15.5016865079365,1.40319517906728,1.52330560902626,0.897398996643711,89.845792292397
15.5017857142857,1.40307355158909,1.5232571008564,0.896969770251794,89.8466755666213
15.5018849206349,1.40295193762353,1.52320856316377,0.896540749191718,89.8475587306534
15.5019841269841,1.40283033716803,1.52315999596598,0.89611193336792,89.8484417845208
15.5020833333333,1.40270875022007,1.5231113992806,0.895683322684914,89.8493247282507
15.5021825396825,1.40258717677711,1.52306277312523,0.8952549170472,89.8502075618707
15.5022817460317,1.40246561683664,1.52301411751742,0.894826716359359,89.8510902854081
15.502380952381,1.40234407039613,1.52296543247475,0.894398720525957,89.8519728988904
15.5024801587302,1.40222253745306,1.52291671801476,0.89397092945164,89.8528554023448
15.5025793650794,1.40210101800493,1.52286797415502,0.893543343041041,89.8537377957989
15.5026785714286,1.40197951204922,1.52281920091305,0.893115961198869,89.8546200792798
15.5027777777778,1.40185801958343,1.52277039830638,0.892688783829823,89.8555022528151
15.502876984127,1.40173654060506,1.52272156635256,0.892261810838679,89.8563843164321
15.5029761904762,1.40161507511162,1.52267270506908,0.8918350421302,89.857266270158
15.5030753968254,1.40149362310062,1.52262381447346,0.891408477609217,89.8581481140202
15.5031746031746,1.40137218456957,1.5225748945832,0.890982117180592,89.859029848046
15.5032738095238,1.401250759516,1.5225259454158,0.890555960749188,89.8599114722628
15.503373015873,1.40112934793742,1.52247696698874,0.890130008219944,89.8607929866977
15.5034722222222,1.40100794983137,1.52242795931949,0.889704259497788,89.8616743913782
15.5035714285714,1.40088656519538,1.52237892242554,0.889278714487724,89.8625556863314
15.5036706349206,1.40076519402698,1.52232985632433,0.888853373094746,89.8634368715847
15.5037698412698,1.40064383632372,1.52228076103333,0.888428235223924,89.8643179471653
15.503869047619,1.40052249208315,1.52223163656998,0.888003300780317,89.8651989131004
15.5039682539683,1.40040116130281,1.52218248295173,0.887578569669061,89.8660797694173
15.5040674603175,1.40027984398026,1.52213330019599,0.887154041795279,89.8669605161432
15.5041666666667,1.40015854011306,1.52208408832021,0.886729717064174,89.8678411533053
15.5042658730159,1.40003724969877,1.52203484734178,0.886305595380935,89.8687216809309
15.5043650793651,1.39991597273497,1.52198557727812,0.885881676650829,89.8696020990471
15.5044642857143,1.39979470921923,1.52193627814664,0.88545796077911,89.8704824076811
15.5045634920635,1.39967345914912,1.52188694996471,0.885034447671101,89.8713626068601
15.5046626984127,1.39955222252223,1.52183759274973,0.884611137232155,89.8722426966113
15.5047619047619,1.39943099933614,1.52178820651908,0.884188029367625,89.8731226769619
15.5048611111111,1.39930978958845,1.52173879129012,0.883765123982943,89.8740025479388
15.5049603174603,1.39918859327675,1.52168934708021,0.883342420983527,89.8748823095695
15.5050595238095,1.39906741039864,1.52163987390671,0.882919920274874,89.8757619618808
15.5051587301587,1.39894624095173,1.52159037178696,0.882497621762467,89.8766415049001
15.5052579365079,1.39882508493362,1.52154084073831,0.882075525351869,89.8775209386543
15.5053571428571,1.39870394234194,1.52149128077808,0.881653630948628,89.8784002631706
15.5054563492063,1.39858281317429,1.52144169192359,0.881231938458374,89.8792794784761
15.5055555555556,1.39846169742831,1.52139207419216,0.880810447786719,89.8801585845979
15.5056547619048,1.39834059510161,1.52134242760109,0.880389158839359,89.8810375815629
15.505753968254,1.39821950619184,1.52129275216769,0.879968071521972,89.8819164693984
15.5058531746032,1.39809843069662,1.52124304790925,0.879547185740318,89.8827952481313
15.5059523809524,1.3979773686136,1.52119331484305,0.879126501400143,89.8836739177888
15.5060515873016,1.39785631994042,1.52114355298636,0.878706018407259,89.8845524783977
15.5061507936508,1.39773528467474,1.52109376235645,0.878285736667511,89.8854309299852
15.50625,1.39761426281421,1.52104394297059,0.877865656086745,89.8863092725783
15.5063492063492,1.39749325435649,1.52099409484602,0.877445776570882,89.8871875062039
15.5064484126984,1.39737225929923,1.520944218,0.877026098025831,89.8880656308891
15.5065476190476,1.39725127764011,1.52089431244975,0.876606620357582,89.8889436466609
15.5066468253968,1.3971303093768,1.52084437821251,0.876187343472108,89.8898215535462
15.506746031746,1.39700935450699,1.5207944153055,0.875768267275463,89.890699351572
15.5068452380952,1.39688841302834,1.52074442374593,0.875349391673689,89.8915770407652
15.5069444444444,1.39676748493854,1.52069440355101,0.874930716572903,89.8924546211528
15.5070436507937,1.39664657023529,1.52064435473793,0.874512241879212,89.8933320927618
15.5071428571429,1.39652566891629,1.52059427732389,0.8740939674988,89.894209455619
15.5072420634921,1.39640478097922,1.52054417132606,0.873675893337839,89.8950867097515
15.5073412698413,1.39628390642179,1.52049403676163,0.873258019302578,89.895963855186
15.5074404761905,1.39616304524172,1.52044387364776,0.872840345299255,89.8968408919495
15.5075396825397,1.39604219743671,1.52039368200161,0.872422871234174,89.8977178200689
15.5076388888889,1.39592136300449,1.52034346184033,0.872005597013672,89.8985946395711
15.5077380952381,1.39580054194277,1.52029321318106,0.871588522544083,89.8994713504829
15.5078373015873,1.39567973424928,1.52024293604094,0.871171647731822,89.9003479528311
15.5079365079365,1.39555893992175,1.5201926304371,0.870754972483289,89.9012244466428
15.5080357142857,1.39543815895793,1.52014229638666,0.870338496704963,89.9021008319445
15.5081349206349,1.39531739135553,1.52009193390673,0.869922220303311,89.9029771087634
15.5082341269841,1.39519663711233,1.52004154301441,0.869506143184877,89.903853277126
15.5083333333333,1.39507589622605,1.51999112372681,0.869090265256194,89.9047293370593
15.5084325396825,1.39495516869445,1.519940676061,0.86867458642387,89.9056052885901
15.5085317460317,1.3948344545153,1.51989020003408,0.868259106594504,89.9064811317451
15.508630952381,1.39471375368635,1.51983969566312,0.867843825674772,89.9073568665511
15.5087301587302,1.39459306620538,1.51978916296518,0.867428743571335,89.9082324930349
15.5088293650794,1.39447239207015,1.51973860195732,0.867013860190935,89.9091080112233
15.5089285714286,1.39435173127843,1.51968801265659,0.866599175440301,89.909983421143
15.5090277777778,1.39423108382801,1.51963739508003,0.866184689226228,89.9108587228208
15.509126984127,1.39411044971669,1.51958674924468,0.865770401455543,89.9117339162833
15.5092261904762,1.39398982894223,1.51953607516757,0.865356312035073,89.9126090015574
15.5093253968254,1.39386922150244,1.5194853728657,0.864942420871723,89.9134839786697
15.5094246031746,1.39374862739512,1.51943464235611,0.864528727872386,89.914358847647
15.5095238095238,1.39362804661807,1.51938388365578,0.86411523294403,89.9152336085159
15.509623015873,1.39350747916909,1.51933309678172,0.863701935993615,89.9161082613031
15.5097222222222,1.39338692504601,1.51928228175091,0.863288836928175,89.9169828060353
15.5098214285714,1.39326638424663,1.51923143858034,0.862875935654734,89.9178572427392
15.5099206349206,1.39314585676877,1.51918056728697,0.862463232080394,89.9187315714414
15.5100198412698,1.39302534261027,1.51912966788777,0.862050726112242,89.9196057921687
15.510119047619,1.39290484176895,1.5190787403997,0.861638417657446,89.9204799049475
15.5102182539683,1.39278435424264,1.5190277848397,0.861226306623159,89.9213539098045
15.5103174603175,1.39266388002919,1.51897680122473,0.860814392916614,89.9222278067664
15.5104166666667,1.39254341912644,1.5189257895717,0.860402676445031,89.9231015958598
15.5105158730159,1.39242297153223,1.51887474989755,0.859991157115696,89.9239752771113
15.5106150793651,1.39230253724443,1.5188236822192,0.859579834835928,89.9248488505474
15.5107142857143,1.39218211626087,1.51877258655355,0.859168709513045,89.9257223161948
15.5108134920635,1.39206170857944,1.51872146291752,0.858757781054442,89.9265956740799
15.5109126984127,1.39194131419799,1.51867031132798,0.858347049367505,89.9274689242295
15.5110119047619,1.3918209331144,1.51861913180184,0.857936514359693,89.9283420666699
15.5111111111111,1.39170056532653,1.51856792435597,0.857526175938455,89.9292151014279
15.5112103174603,1.39158021083227,1.51851668900724,0.857116034011319,89.9300880285298
15.5113095238095,1.3914598696295,1.51846542577251,0.8567060884858,89.9309608480022
15.5114087301587,1.39133954171612,1.51841413466864,0.856296339269489,89.9318335598717
15.5115079365079,1.39121922709,1.51836281571248,0.855886786269966,89.9327061641647
15.5116071428571,1.39109892574906,1.51831146892087,0.85547742939489,89.9335786609077
15.5117063492063,1.39097863769119,1.51826009431065,0.855068268551905,89.9344510501273
15.5118055555556,1.39085836291431,1.51820869189863,0.854659303648735,89.9353233318498
15.5119047619048,1.39073810141631,1.51815726170163,0.854250534593092,89.9361955061018
15.512003968254,1.39061785319512,1.51810580373646,0.853841961292753,89.9370675729097
15.5121031746032,1.39049761824865,1.51805431801993,0.853433583655527,89.9379395322999
15.5122023809524,1.39037739657484,1.51800280456883,0.853025401589224,89.938811384299
15.5123015873016,1.3902571881716,1.51795126339994,0.852617415001732,89.9396831289332
15.5124007936508,1.39013699303688,1.51789969453004,0.852209623800925,89.9405547662291
15.5125,1.39001681116861,1.51784809797591,0.851802027894756,89.9414262962129
15.5125992063492,1.38989664256473,1.5177964737543,0.851394627191165,89.9422977189113
15.5126984126984,1.3897764872232,1.51774482188197,0.850987421598169,89.9431690343504
15.5127976190476,1.38965634514195,1.51769314237567,0.850580411023775,89.9440402425567
15.5128968253968,1.38953621631896,1.51764143525213,0.850173595376067,89.9449113435566
15.512996031746,1.38941610075217,1.51758970052809,0.849766974563114,89.9457823373764
15.5130952380952,1.38929599843956,1.51753793822027,0.849360548493068,89.9466532240425
15.5131944444444,1.38917590937909,1.51748614834539,0.848954317074064,89.9475240035812
15.5132936507936,1.38905583356874,1.51743433092016,0.848548280214316,89.9483946760188
15.5133928571429,1.38893577100648,1.51738248596127,0.848142437822028,89.9492652413817
15.5134920634921,1.38881572169029,1.51733061348541,0.847736789805468,89.9501356996961
15.5135912698413,1.38869568561818,1.51727871350928,0.847331336072937,89.9510060509884
15.5136904761905,1.38857566278813,1.51722678604956,0.846926076532736,89.9518762952849
15.5137896825397,1.38845565319813,1.5171748311229,0.846521011093243,89.9527464326118
15.5138888888889,1.38833565684618,1.51712284874597,0.846116139662824,89.9536164629954
15.5139880952381,1.3882156737303,1.51707083893543,0.845711462149923,89.954486386462
15.5140873015873,1.38809570384848,1.51701880170791,0.845306978462972,89.9553562030378
15.5141865079365,1.38797574719876,1.51696673708007,0.844902688510479,89.9562259127491
15.5142857142857,1.38785580377913,1.51691464506852,0.844498592200942,89.9570955156221
15.5143849206349,1.38773587358764,1.5168625256899,0.844094689442936,89.9579650116829
15.5144841269841,1.3876159566223,1.51681037896081,0.843690980145022,89.958834400958
15.5145833333333,1.38749605288115,1.51675820489787,0.843287464215842,89.9597036834733
15.5146825396825,1.38737616236223,1.51670600351767,0.842884141564023,89.9605728592552
15.5147817460317,1.38725628506357,1.51665377483681,0.842481012098271,89.9614419283298
15.514880952381,1.38713642098323,1.51660151887186,0.842078075727279,89.9623108907233
15.5149801587302,1.38701657011925,1.51654923563941,0.841675332359809,89.9631797464618
15.5150793650794,1.38689673246969,1.51649692515602,0.841272781904651,89.9640484955716
15.5151785714286,1.3867769080326,1.51644458743825,0.840870424270598,89.9649171380787
15.5152777777778,1.38665709680606,1.51639222250266,0.840468259366519,89.9657856740093
15.515376984127,1.38653729878813,1.51633983036579,0.840066287101273,89.9666541033895
15.5154761904762,1.38641751397689,1.51628741104418,0.839664507383793,89.9675224262455
15.5155753968254,1.3862977423704,1.51623496455435,0.839262920123002,89.9683906426033
15.5156746031746,1.38617798396676,1.51618249091284,0.838861525227902,89.969258752489
15.5157738095238,1.38605823876405,1.51612999013614,0.838460322607479,89.9701267559287
15.515873015873,1.38593850676036,1.51607746224078,0.838059312170801,89.9709946529486
15.5159722222222,1.38581878795378,1.51602490724324,0.837658493826921,89.9718624435746
15.5160714285714,1.38569908234243,1.51597232516001,0.83725786748497,89.9727301278329
15.5161706349206,1.38557938992439,1.51591971600759,0.836857433054067,89.9735977057494
15.5162698412698,1.38545971069778,1.51586707980244,0.83645719044341,89.9744651773503
15.516369047619,1.38534004466072,1.51581441656103,0.836057139562184,89.9753325426615
15.5164682539683,1.38522039181131,1.51576172629982,0.835657280319639,89.9761998017091
15.5165674603175,1.3851007521477,1.51570900903527,0.835257612625059,89.977066954519
15.5166666666667,1.38498112566799,1.51565626478381,0.834858136387728,89.9779340011174
15.5167658730159,1.38486151237033,1.51560349356188,0.834458851517006,89.9788009415301
15.5168650793651,1.38474191225284,1.51555069538592,0.834059757922242,89.9796677757832
15.5169642857143,1.38462232531368,1.51549787027233,0.833660855512862,89.9805345039026
15.5170634920635,1.38450275155097,1.51544501823754,0.833262144198279,89.9814011259142
15.5171626984127,1.38438319096289,1.51539213929795,0.832863623887986,89.9822676418441
15.5172619047619,1.38426364354756,1.51533923346995,0.832465294491463,89.9831340517183
15.5173611111111,1.38414410930317,1.51528630076994,0.832067155918265,89.9840003555625
15.5174603174603,1.38402458822787,1.5152333412143,0.831669208077939,89.9848665534027
15.5175595238095,1.38390508031982,1.51518035481939,0.831271450880106,89.9857326452649
15.5176587301587,1.3837855855772,1.5151273416016,0.830873884234378,89.986598631175
15.5177579365079,1.38366610399819,1.51507430157726,0.830476508050442,89.9874645111588
15.5178571428571,1.38354663558096,1.51502123476274,0.830079322237975,89.9883302852423
15.5179563492064,1.38342718032371,1.51496814117438,0.82968232670672,89.9891959534512
15.5180555555556,1.38330773822461,1.51491502082852,0.82928552136645,89.9900615158116
15.5181547619048,1.38318830928188,1.51486187374147,0.82888890612694,89.9909269723491
15.518253968254,1.3830688934937,1.51480869992956,0.828492480898043,89.9917923230898
15.5183531746032,1.38294949085828,1.5147554994091,0.828096245589598,89.9926575680594
15.5184523809524,1.38283010137383,1.5147022721964,0.827700200111522,89.9935227072837
15.5185515873016,1.38271072503855,1.51464901830775,0.827304344373722,89.9943877407886
15.5186507936508,1.38259136185068,1.51459573775944,0.826908678286178,89.9952526685998
15.51875,1.38247201180842,1.51454243056775,0.826513201758864,89.9961174907432
15.5188492063492,1.38235267491001,1.51448909674895,0.826117914701825,89.9969822072445
15.5189484126984,1.38223335115367,1.51443573631931,0.825722817025101,89.9978468181296
15.5190476190476,1.38211404053764,1.51438234929508,0.825327908638802,89.9987113234242
15.5191468253968,1.38199474306016,1.51432893569251,0.824933189453033,89.9995757231541
15.519246031746,1.38187545871948,1.51427549552786,0.824538659377971,90.0004400173449
15.5193452380952,1.38175618751383,1.51422202881734,0.824144318323785,90.0013042060226
15.5194444444444,1.38163692944149,1.51416853557718,0.823750166200707,90.0021682892127
15.5195436507937,1.38151768450069,1.51411501582361,0.823356202919005,90.0030322669409
15.5196428571429,1.38139845268971,1.51406146957284,0.822962428388944,90.0038961392331
15.5197420634921,1.38127923400682,1.51400789684106,0.822568842520866,90.004759906115
15.5198412698413,1.38116002845027,1.51395429764447,0.822175445225104,90.0056235676121
15.5199404761905,1.38104083601836,1.51390067199926,0.821782236412064,90.0064871237502
15.5200396825397,1.38092165670935,1.51384701992161,0.821389215992146,90.007350574555
15.5201388888889,1.38080249052153,1.5137933414277,0.82099638387582,90.0082139200521
15.5202380952381,1.3806833374532,1.51373963653367,0.820603739973552,90.0090771602672
15.5203373015873,1.38056419750264,1.5136859052557,0.820211284195878,90.0099402952258
15.5204365079365,1.38044507066816,1.51363214760992,0.819819016453329,90.0108033249538
15.5205357142857,1.38032595694805,1.51357836361249,0.819426936656506,90.0116662494766
15.5206349206349,1.38020685634062,1.51352455327952,0.819035044716006,90.0125290688199
15.5207341269841,1.3800877688442,1.51347071662715,0.818643340542497,90.0133917830093
15.5208333333333,1.37996869445707,1.5134168536715,0.818251824046639,90.0142543920704
15.5209325396825,1.37984963317758,1.51336296442867,0.817860495139157,90.0151168960288
15.5210317460317,1.37973058500405,1.51330904891476,0.817469353730806,90.01597929491
15.521130952381,1.37961154993481,1.51325510714588,0.817078399732346,90.0168415887397
15.5212301587302,1.37949252796818,1.5132011391381,0.816687633054609,90.0177037775433
15.5213293650794,1.37937351910252,1.5131471449075,0.816297053608419,90.0185658613464
15.5214285714286,1.37925452333615,1.51309312447015,0.815906661304674,90.0194278401746
15.5215277777778,1.37913554066743,1.51303907784213,0.815516456054263,90.0202897140534
15.521626984127,1.37901657109472,1.51298500503947,0.815126437768151,90.0211514830083
15.5217261904762,1.37889761461636,1.51293090607824,0.814736606357292,90.0220131470648
15.5218253968254,1.37877867123073,1.51287678097446,0.814346961732715,90.0228747062484
15.5219246031746,1.37865974093618,1.51282262974417,0.813957503805441,90.0237361605846
15.5220238095238,1.37854082373108,1.5127684524034,0.813568232486564,90.0245975100989
15.522123015873,1.37842191961381,1.51271424896815,0.81317914768717,90.0254587548168
15.5222222222222,1.37830302858275,1.51266001945445,0.81279024931842,90.0263198947636
15.5223214285714,1.37818415063628,1.51260576387829,0.812401537291464,90.0271809299649
15.5224206349206,1.37806528577279,1.51255148225565,0.812013011517518,90.0280418604461
15.5225198412698,1.37794643399068,1.51249717460254,0.811624671907831,90.0289026862327
15.522619047619,1.37782759528833,1.51244284093491,0.81123651837365,90.02976340735
15.5227182539683,1.37770876966416,1.51238848126876,0.810848550826302,90.0306240238234
15.5228174603175,1.37758995711656,1.51233409562002,0.8104607691771,90.0314845356784
15.5229166666667,1.37747115764396,1.51227968400467,0.810073173337434,90.0323449429404
15.5230158730159,1.37735237124475,1.51222524643864,0.809685763218685,90.0332052456347
15.5231150793651,1.37723359791737,1.51217078293788,0.809298538732307,90.0340654437868
15.5232142857143,1.37711483766023,1.51211629351831,0.808911499789747,90.0349255374219
15.5233134920635,1.37699609047177,1.51206177819586,0.808524646302525,90.0357855265654
15.5234126984127,1.37687735635042,1.51200723698644,0.808137978182153,90.0366454112427
15.5235119047619,1.37675863529462,1.51195266990596,0.807751495340217,90.0375051914791
15.5236111111111,1.3766399273028,1.51189807697032,0.807365197688293,90.0383648673
15.5237103174603,1.37652123237342,1.51184345819541,0.806979085138033,90.0392244387306
15.5238095238095,1.37640255050492,1.51178881359711,0.806593157601079,90.0400839057962
15.5239087301587,1.37628388169576,1.51173414319131,0.806207414989139,90.0409432685222
15.5240079365079,1.37616522594441,1.51167944699386,0.805821857213952,90.0418025269339
15.5241071428571,1.37604658324932,1.51162472502064,0.805436484187257,90.0426616810564
15.5242063492063,1.37592795360897,1.51156997728749,0.805051295820871,90.0435207309151
15.5243055555556,1.37580933702183,1.51151520381025,0.8046662920266,90.0443796765353
15.5244047619048,1.37569073348637,1.51146040460477,0.804281472716324,90.0452385179422
15.524503968254,1.37557214300109,1.51140557968688,0.803896837801916,90.0460972551609
15.5246031746032,1.37545356556446,1.51135072907239,0.803512387195321,90.0469558882168
15.5247023809524,1.37533500117498,1.51129585277712,0.803128120808476,90.0478144171351
15.5248015873016,1.37521644983114,1.51124095081688,0.802744038553394,90.048672841941
15.5249007936508,1.37509791153145,1.51118602320747,0.802360140342077,90.0495311626596
15.525,1.37497938627441,1.51113106996467,0.801976426086602,90.0503893793162
15.5250992063492,1.37486087405853,1.51107609110427,0.801592895699038,90.051247491936
15.5251984126984,1.37474237488232,1.51102108664204,0.801209549091527,90.052105500544
15.5252976190476,1.37462388874431,1.51096605659375,0.800826386176203,90.0529634051655
15.5253968253968,1.37450541564301,1.51091100097516,0.800443406865264,90.0538212058257
15.525496031746,1.37438695557695,1.51085591980203,0.80006061107094,90.0546789025496
15.5255952380952,1.37426850854467,1.51080081309009,0.799677998705464,90.0555364953624
15.5256944444444,1.3741500745447,1.51074568085509,0.799295569681141,90.0563939842893
15.5257936507937,1.37403165357559,1.51069052311274,0.79891332391027,90.0572513693553
15.5258928571429,1.37391324563587,1.51063533987878,0.798531261305222,90.0581086505855
15.5259920634921,1.37379485072411,1.51058013116891,0.79814938177836,90.058965828005
15.5260912698413,1.37367646883884,1.51052489699884,0.797767685242121,90.059822901639
15.5261904761905,1.37355809997864,1.51046963738427,0.797386171608935,90.0606798715124
15.5262896825397,1.37343974414207,1.51041435234088,0.797004840791303,90.0615367376504
15.5263888888889,1.37332140132769,1.51035904188437,0.796623692701721,90.062393500078
15.5264880952381,1.37320307153408,1.51030370603039,0.796242727252756,90.0632501588202
15.5265873015873,1.37308475475981,1.51024834479462,0.795861944356968,90.0641067139021
15.5266865079365,1.37296645100346,1.51019295819272,0.795481343926991,90.0649631653487
15.5267857142857,1.37284816026363,1.51013754624034,0.79510092587545,90.0658195131851
15.5268849206349,1.3727298825389,1.51008210895312,0.794720690115034,90.0666757574362
15.5269841269841,1.37261161782787,1.51002664634669,0.794340636558464,90.067531898127
15.5270833333333,1.37249336612914,1.50997115843669,0.793960765118464,90.0683879352825
15.5271825396825,1.37237512744131,1.50991564523873,0.793581075707832,90.0692438689277
15.5272817460317,1.37225690176298,1.50986010676842,0.793201568239355,90.0700996990875
15.527380952381,1.37213868909279,1.50980454304137,0.792822242625899,90.070955425787
15.5274801587302,1.37202048942933,1.50974895407317,0.792443098780315,90.0718110490511
15.5275793650794,1.37190230277123,1.50969333987942,0.792064136615534,90.0726665689046
15.5276785714286,1.37178412911713,1.5096377004757,0.791685356044475,90.0735219853726
15.5277777777778,1.37166596846565,1.50958203587757,0.791306756980133,90.0743772984799
15.527876984127,1.37154782081542,1.5095263461006,0.790928339335491,90.0752325082514
15.5279761904762,1.37142968616509,1.50947063116035,0.790550103023611,90.0760876147122
15.5280753968254,1.3713115645133,1.50941489107237,0.790172047957542,90.076942617887
15.5281746031746,1.3711934558587,1.5093591258522,0.78979417405041,90.0777975178006
15.5282738095238,1.37107536019994,1.50930333551537,0.789416481215331,90.0786523144782
15.528373015873,1.37095727753569,1.50924752007742,0.789038969365486,90.0795070079443
15.5284722222222,1.3708392078646,1.50919167955385,0.788661638414087,90.080361598224
15.5285714285714,1.37072115118534,1.50913581396018,0.788284488274348,90.081216085342
15.5286706349206,1.37060310749659,1.50907992331192,0.78790751885956,90.0820704693232
15.5287698412698,1.37048507679701,1.50902400762456,0.787530730083001,90.0829247501925
15.528869047619,1.3703670590853,1.50896806691358,0.787154121858025,90.0837789279745
15.5289682539683,1.37024905436013,1.50891210119447,0.78677769409798,90.0846330026942
15.5290674603175,1.3701310626202,1.50885611048269,0.786401446716284,90.0854869743763
15.5291666666667,1.3700130838642,1.50880009479372,0.786025379626348,90.0863408430455
15.5292658730159,1.36989511809083,1.508744054143,0.785649492741657,90.0871946087268
15.5293650793651,1.36977716529878,1.50868798854599,0.785273785975689,90.0880482714448
15.5294642857143,1.36965922548678,1.50863189801812,0.784898259241994,90.0889018312243
15.5295634920635,1.36954129865352,1.50857578257484,0.784522912454114,90.08975528809
15.5296626984127,1.36942338479774,1.50851964223156,0.784147745525665,90.0906086420667
15.5297619047619,1.36930548391814,1.5084634770037,0.783772758370255,90.0914618931791
15.5298611111111,1.36918759601346,1.50840728690667,0.783397950901555,90.092315041452
15.5299603174603,1.36906972108242,1.50835107195588,0.783023323033269,90.0931680869099
15.5300595238095,1.36895185912376,1.50829483216672,0.782648874679104,90.0940210295777
15.5301587301587,1.36883401013622,1.50823856755457,0.782274605752839,90.0948738694799
15.5302579365079,1.36871617411854,1.50818227813481,0.781900516168246,90.0957266066414
15.5303571428571,1.36859835106948,1.50812596392281,0.781526605839169,90.0965792410867
15.5304563492064,1.36848054098777,1.50806962493395,0.781152874679446,90.0974317728406
15.5305555555556,1.36836274387219,1.50801326118356,0.780779322602988,90.0982842019275
15.5306547619048,1.36824495972148,1.507956872687,0.780405949523697,90.0991365283723
15.530753968254,1.36812718853443,1.50790045945961,0.78003275535555,90.0999887521995
15.5308531746032,1.36800943030979,1.50784402151673,0.779659740012514,90.1008408734338
15.5309523809524,1.36789168504635,1.50778755887366,0.779286903408631,90.1016928920997
15.5310515873016,1.36777395274288,1.50773107154574,0.778914245457936,90.1025448082219
15.5311507936508,1.36765623339817,1.50767455954827,0.778541766074534,90.1033966218249
15.53125,1.367538527011,1.50761802289654,0.778169465172525,90.1042483329334
15.5313492063492,1.36742083358018,1.50756146160586,0.777797342666072,90.1050999415718
15.5314484126984,1.36730315310449,1.50750487569151,0.77742539846937,90.1059514477649
15.5315476190476,1.36718548558274,1.50744826516877,0.777053632496616,90.106802851537
15.5316468253968,1.36706783101374,1.5073916300529,0.77668204466208,90.1076541529128
15.531746031746,1.36695018939629,1.50733497035917,0.776310634880027,90.1085053519168
15.5318452380952,1.36683256072922,1.50727828610283,0.775939403064792,90.1093564485735
15.5319444444444,1.36671494501134,1.50722157729913,0.775568349130704,90.1102074429074
15.5320436507936,1.36659734224148,1.5071648439633,0.775197472992164,90.111058334943
15.5321428571429,1.36647975241846,1.50710808611058,0.774826774563567,90.1119091247049
15.5322420634921,1.36636217554113,1.5070513037562,0.77445625375938,90.1127598122175
15.5323412698413,1.36624461160831,1.50699449691536,0.774085910494062,90.1136103975053
15.5324404761905,1.36612706061886,1.50693766560327,0.773715744682145,90.1144608805927
15.5325396825397,1.36600952257161,1.50688080983513,0.773345756238156,90.1153112615042
15.5326388888889,1.36589199746543,1.50682392962614,0.772975945076692,90.1161615402643
15.5327380952381,1.36577448529916,1.50676702499148,0.772606311112344,90.1170117168974
15.5328373015873,1.36565698607167,1.50671009594632,0.772236854259765,90.1178617914278
15.5329365079365,1.36553949978182,1.50665314250584,0.771867574433642,90.1187117638801
15.5330357142857,1.36542202642848,1.50659616468519,0.771498471548663,90.1195616342787
15.5331349206349,1.36530456601053,1.50653916249953,0.771129545519591,90.1204114026478
15.5332341269841,1.36518711852685,1.506482135964,0.770760796261179,90.121261069012
15.5333333333333,1.36506968397631,1.50642508509375,0.770392223688256,90.1221106333956
15.5334325396825,1.36495226235781,1.50636800990389,0.77002382771564,90.122960095823
15.5335317460317,1.36483485367024,1.50631091040955,0.769655608258225,90.1238094563185
15.533630952381,1.36471745791249,1.50625378662586,0.769287565230897,90.1246587149064
15.5337301587302,1.36460007508347,1.5061966385679,0.768919698548613,90.1255078716112
15.5338293650794,1.36448270518208,1.50613946625079,0.768552008126324,90.1263569264572
15.5339285714286,1.36436534820723,1.5060822696896,0.768184493879054,90.1272058794685
15.5340277777778,1.36424800415783,1.50602504889944,0.767817155721821,90.1280547306697
15.534126984127,1.36413067303282,1.50596780389536,0.767449993569711,90.128903480085
15.5342261904762,1.3640133548311,1.50591053469244,0.767083007337809,90.1297521277386
15.5343253968254,1.36389604955161,1.50585324130574,0.766716196941258,90.1306006736549
15.5344246031746,1.36377875719329,1.50579592375031,0.766349562295237,90.131449117858
15.5345238095238,1.36366147775505,1.50573858204119,0.765983103314924,90.1322974603724
15.534623015873,1.36354421123586,1.50568121619342,0.765616819915574,90.1331457012222
15.5347222222222,1.36342695763466,1.50562382622203,0.765250712012432,90.1339938404317
15.5348214285714,1.36330971695039,1.50556641214205,0.764884779520816,90.1348418780251
15.5349206349206,1.36319248918201,1.50550897396847,0.764519022356038,90.1356898140267
15.5350198412698,1.36307527432848,1.50545151171631,0.764153440433481,90.1365376484606
15.535119047619,1.36295807238877,1.50539402540057,0.763788033668522,90.137385381351
15.5352182539683,1.36284088336184,1.50533651503623,0.763422801976611,90.1382330127222
15.5353174603175,1.36272370724667,1.50527898063828,0.76305774527319,90.1390805425984
15.5354166666667,1.36260654404224,1.5052214222217,0.762692863473774,90.1399279710036
15.5355158730159,1.36248939374752,1.50516383980143,0.762328156493871,90.1407752979621
15.5356150793651,1.36237225636151,1.50510623339246,0.76196362424906,90.1416225234981
15.5357142857143,1.36225513188319,1.50504860300973,0.761599266654916,90.1424696476356
15.5358134920635,1.36213802031156,1.50499094866817,0.761235083627074,90.1433166703989
15.5359126984127,1.36202092164562,1.50493327038273,0.760871075081203,90.1441635918119
15.5360119047619,1.36190383588438,1.50487556816833,0.760507240932974,90.145010411899
15.5361111111111,1.36178676302685,1.5048178420399,0.760143581098131,90.1458571306841
15.5362103174603,1.36166970307203,1.50476009201235,0.759780095492412,90.1467037481914
15.5363095238095,1.36155265601895,1.50470231810057,0.759416784031626,90.1475502644449
15.5364087301587,1.36143562186663,1.50464452031947,0.759053646631576,90.1483966794688
15.5365079365079,1.3613186006141,1.50458669868393,0.758690683208137,90.1492429932871
15.5366071428571,1.36120159226038,1.50452885320884,0.758327893677176,90.1500892059238
15.5367063492063,1.36108459680452,1.50447098390906,0.757965277954635,90.1509353174031
15.5368055555556,1.36096761424556,1.50441309079947,0.757602835956446,90.1517813277489
15.5369047619048,1.36085064458254,1.50435517389493,0.757240567598617,90.1526272369852
15.537003968254,1.3607336878145,1.50429723321027,0.756878472797145,90.1534730451362
15.5371031746032,1.36061674394052,1.50423926876035,0.756516551468103,90.1543187522258
15.5372023809524,1.36049981295963,1.50418128055999,0.756154803527556,90.155164358278
15.5373015873016,1.36038289487091,1.50412326862403,0.755793228891629,90.1560098633169
15.5374007936508,1.36026598967343,1.50406523296728,0.755431827476484,90.1568552673663
15.5375,1.36014909736626,1.50400717360456,0.755070599198282,90.1577005704502
15.5375992063492,1.36003221794847,1.50394909055066,0.75470954397326,90.1585457725927
15.5376984126984,1.35991535141914,1.50389098382038,0.754348661717645,90.1593908738177
15.5377976190476,1.35979849777736,1.50383285342852,0.753987952347738,90.1602358741491
15.5378968253968,1.35968165702222,1.50377469938984,0.753627415779833,90.1610807736109
15.537996031746,1.35956482915283,1.50371652171912,0.753267051930297,90.1619255722269
15.5380952380952,1.35944801416826,1.50365832043113,0.752906860715489,90.1627702700211
15.5381944444444,1.35933121206763,1.50360009554063,0.75254684205184,90.1636148670174
15.5382936507937,1.35921442285005,1.50354184706235,0.752186995855775,90.1644593632398
15.5383928571429,1.35909764651463,1.50348357501105,0.751827322043792,90.1653037587119
15.5384920634921,1.35898088306048,1.50342527940145,0.75146782053238,90.1661480534579
15.5385912698413,1.35886413248674,1.50336696024828,0.751108491238103,90.1669922475015
15.5386904761905,1.35874739479252,1.50330861756626,0.750749334077517,90.1678363408665
15.5387896825397,1.35863066997695,1.50325025137009,0.750390348967239,90.1686803335769
15.5388888888889,1.35851395803917,1.50319186167449,0.750031535823921,90.1695242256565
15.5389880952381,1.35839725897833,1.50313344849414,0.749672894564217,90.170368017129
15.5390873015873,1.35828057279356,1.50307501184374,0.749314425104853,90.1712117080183
15.5391865079365,1.35816389948401,1.50301655173795,0.748956127362549,90.1720552983483
15.5392857142857,1.35804723904884,1.50295806819145,0.748598001254097,90.1728987881427
15.5393849206349,1.35793059148721,1.5028995612189,0.748240046696282,90.1737421774253
15.5394841269841,1.35781395679827,1.50284103083497,0.747882263605962,90.1745854662198
15.5395833333333,1.35769733498119,1.50278247705429,0.747524651899986,90.1754286545502
15.5396825396825,1.35758072603515,1.50272389989151,0.747167211495279,90.17627174244
15.5397817460317,1.35746412995932,1.50266529936126,0.746809942308755,90.1771147299131
15.539880952381,1.35734754675288,1.50260667547816,0.746452844257404,90.1779576169932
15.5399801587302,1.35723097641502,1.50254802825682,0.746095917258207,90.178800403704
15.5400793650794,1.35711441894492,1.50248935771187,0.745739161228218,90.1796430900693
15.5401785714286,1.35699787434178,1.5024306638579,0.745382576084485,90.1804856761128
15.5402777777778,1.35688134260479,1.5023719467095,0.745026161744115,90.1813281618582
15.540376984127,1.35676482373317,1.50231320628125,0.744669918124253,90.1821705473291
15.5404761904762,1.35664831772611,1.50225444258774,0.744313845142043,90.1830128325492
15.5405753968254,1.35653182458283,1.50219565564354,0.743957942714703,90.1838550175423
15.5406746031746,1.35641534430255,1.50213684546321,0.743602210759444,90.184697102332
15.5407738095238,1.35629887688448,1.50207801206129,0.743246649193548,90.1855390869418
15.540873015873,1.35618242232785,1.50201915545235,0.742891257934293,90.1863809713956
15.5409722222222,1.35606598063189,1.50196027565091,0.742536036899027,90.1872227557169
15.5410714285714,1.35594955179584,1.50190137267151,0.742180986005092,90.1880644399293
15.5411706349206,1.35583313581893,1.50184244652867,0.741826105169901,90.1889060240565
15.5412698412698,1.35571673270041,1.5017834972369,0.741471394310863,90.1897475081221
15.541369047619,1.35560034243953,1.50172452481072,0.741116853345457,90.1905888921496
15.5414682539683,1.35548396503552,1.50166552926463,0.740762482191155,90.1914301761626
15.5415674603175,1.35536760048767,1.50160651061311,0.740408280765503,90.1922713601848
15.5416666666667,1.35525124879522,1.50154746887065,0.74005424898604,90.1931124442396
15.5417658730159,1.35513490995744,1.50148840405173,0.739700386770366,90.1939534283508
15.5418650793651,1.3550185839736,1.50142931617082,0.739346694036114,90.1947943125416
15.5419642857143,1.35490227084297,1.50137020524237,0.738993170700921,90.1956350968359
15.5420634920635,1.35478597056485,1.50131107128084,0.738639816682496,90.1964757812569
15.5421626984127,1.3546696831385,1.50125191430068,0.738286631898542,90.1973163658284
15.5422619047619,1.35455340856322,1.50119273431632,0.737933616266831,90.1981568505737
15.5423611111111,1.3544371468383,1.5011335313422,0.737580769705133,90.1989972355165
15.5424603174603,1.35432089796303,1.50107430539273,0.737228092131286,90.19983752068
15.5425595238095,1.35420466193673,1.50101505648233,0.736875583463125,90.200677706088
15.5426587301587,1.35408843875869,1.50095578462541,0.736523243618554,90.2015177917638
15.5427579365079,1.35397222842822,1.50089648983636,0.736171072515471,90.2023577777308
15.5428571428571,1.35385603094465,1.50083717212958,0.735819070071849,90.2031976640126
15.5429563492063,1.35373984630729,1.50077783151944,0.73546723620565,90.2040374506326
15.5430555555556,1.35362367451547,1.50071846802034,0.735115570834912,90.2048771376142
15.5431547619048,1.3535075155685,1.50065908164662,0.734764073877663,90.2057167249808
15.543253968254,1.35339136946574,1.50059967241266,0.734412745251997,90.2065562127559
15.5433531746032,1.35327523620651,1.5005402403328,0.734061584876036,90.2073956009628
15.5434523809524,1.35315911579016,1.50048078542139,0.73371059266791,90.2082348896249
15.5435515873016,1.35304300821604,1.50042130769277,0.733359768545818,90.2090740787657
15.5436507936508,1.35292691348348,1.50036180716126,0.733009112427955,90.2099131684085
15.54375,1.35281083159187,1.50030228384119,0.732658624232584,90.2107521585766
15.5438492063492,1.35269476254054,1.50024273774687,0.732308303877966,90.2115910492934
15.5439484126984,1.35257870632887,1.5001831688926,0.73195815128243,90.2124298405823
15.5440476190476,1.35246266295623,1.50012357729268,0.731608166364303,90.2132685324666
15.5441468253968,1.35234663242198,1.50006396296141,0.731258349041979,90.2141071249696
15.544246031746,1.35223061472552,1.50000432591305,0.73090869923385,90.2149456181147
15.5443452380952,1.35211460986621,1.4999446661619,0.730559216858377,90.2157840119251
15.5444444444444,1.35199861784346,1.49988498372221,0.730209901834014,90.2166223064241
15.5445436507936,1.35188263865664,1.49982527860825,0.729860754079291,90.217460501635
15.5446428571429,1.35176667230516,1.49976555083426,0.729511773512728,90.2182985975812
15.5447420634921,1.35165071878841,1.49970580041449,0.729162960052908,90.2191365942859
15.5448412698413,1.35153477810581,1.49964602736318,0.728814313618447,90.2199744917722
15.5449404761905,1.35141885025676,1.49958623169454,0.728465834127964,90.2208122900635
15.5450396825397,1.35130293524068,1.49952641342281,0.728117521500149,90.2216499891831
15.5451388888889,1.35118703305699,1.49946657256219,0.727769375653689,90.2224875891541
15.5452380952381,1.3510711437051,1.49940670912689,0.72742139650734,90.2233250899997
15.5453373015873,1.35095526718445,1.49934682313111,0.727073583979851,90.2241624917432
15.5454365079365,1.35083940349446,1.49928691458903,0.726725937990045,90.2249997944078
15.5455357142857,1.35072355263459,1.49922698351483,0.726378458456738,90.2258369980167
15.5456349206349,1.35060771460426,1.49916702992269,0.726031145298818,90.226674102593
15.5457341269841,1.35049188940292,1.49910705382678,0.725683998435164,90.2275111081599
15.5458333333333,1.35037607703003,1.49904705524125,0.725337017784732,90.2283480147406
15.5459325396825,1.35026027748503,1.49898703418024,0.724990203266467,90.2291848223582
15.5460317460317,1.35014449076739,1.49892699065792,0.724643554799388,90.2300215310359
15.546130952381,1.35002871687657,1.4988669246884,0.724297072302508,90.2308581407968
15.5462301587302,1.34991295581204,1.49880683628581,0.7239507556949,90.231694651664
15.5463293650794,1.34979720757327,1.49874672546428,0.723604604895671,90.2325310636606
15.5464285714286,1.34968147215974,1.49868659223791,0.723258619823933,90.2333673768098
15.5465277777778,1.34956574957094,1.49862643662081,0.722912800398867,90.2342035911346
15.546626984127,1.34945003980634,1.49856625862708,0.72256714653965,90.2350397066581
15.5467261904762,1.34933434286544,1.4985060582708,0.722221658165529,90.2358757234035
15.5468253968254,1.34921865874773,1.49844583556604,0.721876335195747,90.2367116413936
15.5469246031746,1.34910298745272,1.4983855905269,0.721531177549615,90.2375474606517
15.5470238095238,1.34898732897991,1.49832532316742,0.721186185146442,90.2383831812008
15.547123015873,1.3488716833288,1.49826503350166,0.720841357905605,90.2392188030638
15.5472222222222,1.34875605049891,1.49820472154368,0.720496695746478,90.2400543262639
15.5473214285714,1.34864043048976,1.49814438730751,0.720152198588505,90.2408897508239
15.5474206349206,1.34852482330087,1.49808403080719,0.719807866351124,90.2417250767671
15.5475198412698,1.34840922893177,1.49802365205675,0.719463698953844,90.2425603041162
15.547619047619,1.34829364738199,1.4979632510702,0.71911969631617,90.2433954328944
15.5477182539683,1.34817807865106,1.49790282786155,0.718775858357666,90.2442304631247
15.5478174603175,1.34806252273852,1.4978423824448,0.718432184997931,90.2450653948298
15.5479166666667,1.34794697964392,1.49778191483395,0.718088676156567,90.2459002280329
15.5480158730159,1.34783144936682,1.49772142504299,0.717745331753247,90.2467349627569
15.5481150793651,1.34771593190675,1.49766091308589,0.717402151707639,90.2475695990247
15.5482142857143,1.34760042726329,1.49760037897662,0.717059135939481,90.2484041368592
15.5483134920635,1.34748493543599,1.49753982272916,0.716716284368507,90.2492385762834
15.5484126984127,1.34736945642442,1.49747924435744,0.71637359691452,90.2500729173202
15.5485119047619,1.34725399022816,1.49741864387543,0.716031073497319,90.2509071599925
15.5486111111111,1.34713853684677,1.49735802129707,0.715688714036775,90.2517413043231
15.5487103174603,1.34702309627985,1.49729737663627,0.715346518452751,90.252575350335
15.5488095238095,1.34690766852697,1.49723670990698,0.715004486665182,90.2534092980509
15.5489087301587,1.34679225358772,1.4971760211231,0.714662618593997,90.2542431474939
15.5490079365079,1.34667685146171,1.49711531029854,0.714320914159199,90.2550768986867
15.5491071428571,1.34656146214852,1.49705457744721,0.71397937328078,90.2559105516522
15.5492063492064,1.34644608564776,1.496993822583,0.713637995878799,90.2567441064133
15.5493055555556,1.34633072195905,1.49693304571979,0.713296781873345,90.2575775629926
15.5494047619048,1.34621537108199,1.49687224687147,0.71295573118451,90.2584109214131
15.549503968254,1.34610003301619,1.4968114260519,0.71261484373246,90.2592441816975
15.5496031746032,1.34598470776129,1.49675058327494,0.712274119437353,90.2600773438687
15.5497023809524,1.3458693953169,1.49668971855446,0.711933558219418,90.2609104079494
15.5498015873016,1.34575409568266,1.49662883190428,0.711593159998881,90.2617433739624
15.5499007936508,1.3456388088582,1.49656792333827,0.711252924696037,90.2625762419305
15.55,1.34552353484316,1.49650699287024,0.710912852231176,90.2634090118764
15.5500992063492,1.34540827363719,1.49644604051402,0.710572942524658,90.2642416838229
15.5501984126984,1.34529302523993,1.49638506628342,0.710233195496839,90.2650742577927
15.5502976190476,1.34517778965104,1.49632407019226,0.709893611068145,90.2659067338085
15.5503968253968,1.34506256687016,1.49626305225433,0.709554189158997,90.266739111893
15.550496031746,1.34494735689698,1.49620201248343,0.709214929689887,90.2675713920691
15.5505952380952,1.34483215973114,1.49614095089334,0.708875832581302,90.2684035743593
15.5506944444444,1.34471697537233,1.49607986749783,0.708536897753788,90.2692356587863
15.5507936507937,1.34460180382021,1.49601876231068,0.708198125127927,90.2700676453728
15.5508928571429,1.34448664507447,1.49595763534564,0.707859514624304,90.2708995341416
15.5509920634921,1.3443714991348,1.49589648661648,0.707521066163573,90.2717313251152
15.5510912698413,1.34425636600087,1.49583531613693,0.707182779666386,90.2725630183163
15.5511904761905,1.34414124567239,1.49577412392074,0.706844655053462,90.2733946137675
15.5512896825397,1.34402613814905,1.49571290998163,0.706506692245518,90.2742261114915
15.5513888888889,1.34391104343056,1.49565167433333,0.706168891163341,90.2750575115109
15.5514880952381,1.34379596151662,1.49559041698955,0.70583125172771,90.2758888138483
15.5515873015873,1.34368089240694,1.49552913796399,0.70549377385948,90.2767200185263
15.5516865079365,1.34356583610123,1.49546783727037,0.705156457479495,90.2775511255675
15.5517857142857,1.34345079259923,1.49540651492236,0.704819302508674,90.2783821349944
15.5518849206349,1.34333576190065,1.49534517093365,0.704482308867929,90.2792130468297
15.5519841269841,1.34322074400523,1.49528380531792,0.704145476478242,90.2800438610959
15.5520833333333,1.34310573891269,1.49522241808883,0.703808805260593,90.2808745778156
15.5521825396825,1.34299074662277,1.49516100926005,0.703472295136018,90.2817051970113
15.5522817460317,1.34287576713523,1.49509957884523,0.703135946025591,90.2825357187055
15.552380952381,1.34276080044979,1.49503812685801,0.702799757850387,90.2833661429208
15.5524801587302,1.34264584656623,1.49497665331202,0.702463730531553,90.2841964696797
15.5525793650794,1.34253090548429,1.49491515822091,0.70212786399023,90.2850266990046
15.5526785714286,1.34241597720374,1.49485364159828,0.70179215814763,90.2858568309181
15.5527777777778,1.34230106172434,1.49479210345776,0.701456612924962,90.2866868654427
15.552876984127,1.34218615904586,1.49473054381295,0.7011212282435,90.2875168026008
15.5529761904762,1.34207126916806,1.49466896267744,0.700786004024521,90.2883466424149
15.5530753968254,1.34195639209075,1.49460736006483,0.700450940189364,90.2891763849075
15.5531746031746,1.34184152781369,1.49454573598869,0.70011603665937,90.290006030101
15.5532738095238,1.34172667633668,1.49448409046261,0.699781293355946,90.2908355780178
15.553373015873,1.3416118376595,1.49442242350015,0.699446710200496,90.2916650286804
15.5534722222222,1.34149701178196,1.49436073511487,0.699112287114493,90.2924943821111
15.5535714285714,1.34138219870385,1.49429902532032,0.698778024019409,90.2933236383325
15.5536706349206,1.34126739842498,1.49423729413004,0.698443920836771,90.2941527973669
15.5537698412698,1.34115261094517,1.49417554155758,0.698109977488144,90.2949818592366
15.553869047619,1.34103783626422,1.49411376761645,0.697776193895094,90.2958108239641
15.5539682539683,1.34092307438196,1.49405197232018,0.697442569979259,90.2966396915717
15.5540674603175,1.3408083252982,1.49399015568227,0.697109105662272,90.2974684620819
15.5541666666667,1.34069358901279,1.49392831771625,0.696775800865837,90.2982971355168
15.5542658730159,1.34057886552554,1.49386645843559,0.696442655511651,90.299125711899
15.5543650793651,1.34046415483631,1.4938045778538,0.696109669521485,90.2999541912506
15.5544642857143,1.34034945694492,1.49374267598434,0.6957768428171,90.3007825735941
15.5545634920635,1.34023477185124,1.49368075284071,0.695444175320332,90.3016108589517
15.5546626984127,1.34012009955509,1.49361880843635,0.695111666953009,90.3024390473458
15.5547619047619,1.34000544005636,1.49355684278474,0.694779317637033,90.3032671387986
15.5548611111111,1.33989079335488,1.49349485589931,0.694447127294297,90.3040951333324
15.5549603174603,1.33977615945054,1.49343284779351,0.694115095846767,90.3049230309695
15.5550595238095,1.33966153834319,1.49337081848078,0.693783223216403,90.3057508317322
15.5551587301587,1.3395469300327,1.49330876797455,0.693451509325226,90.3065785356426
15.5552579365079,1.33943233451897,1.49324669628822,0.693119954095291,90.3074061427231
15.5553571428571,1.33931775180187,1.49318460343522,0.692788557448657,90.308233652996
15.5554563492063,1.33920318188128,1.49312248942895,0.692457319307451,90.3090610664833
15.5555555555556,1.3390886247571,1.4930603542828,0.692126239593798,90.3098883832073
15.5556547619048,1.33897408042923,1.49299819801016,0.691795318229894,90.3107156031903
15.555753968254,1.33885954889756,1.49293602062441,0.691464555137926,90.3115427264544
15.5558531746032,1.33874503016201,1.49287382213893,0.691133950240156,90.3123697530217
15.5559523809524,1.33863052422246,1.49281160256707,0.690803503458839,90.3131966829146
15.5560515873016,1.33851603107886,1.4927493619222,0.690473214716299,90.3140235161552
15.5561507936508,1.3384015507311,1.49268710021766,0.690143083934857,90.3148502527655
15.55625,1.33828708317912,1.4926248174668,0.689813111036905,90.3156768927678
15.5563492063492,1.33817262842284,1.49256251368294,0.689483295944829,90.3165034361842
15.5564484126984,1.3380581864622,1.49250018887943,0.689153638581084,90.3173298830368
15.5565476190476,1.33794375729712,1.49243784306956,0.688824138868124,90.3181562333478
15.5566468253968,1.33782934092755,1.49237547626666,0.688494796728459,90.3189824871392
15.556746031746,1.33771493735345,1.49231308848402,0.688165612084635,90.3198086444332
15.5568452380952,1.33760054657474,1.49225067973494,0.687836584859204,90.3206347052518
15.5569444444444,1.3374861685914,1.49218825003271,0.687507714974783,90.3214606696171
15.5570436507937,1.33737180340338,1.49212579939061,0.687179002353989,90.3222865375512
15.5571428571429,1.33725745101064,1.4920633278219,0.686850446919508,90.3231123090761
15.5572420634921,1.33714311141315,1.49200083533986,0.68652204859402,90.323937984214
15.5573412698413,1.33702878461089,1.49193832195773,0.686193807300276,90.3247635629867
15.5574404761905,1.33691447060383,1.49187578768877,0.685865722961024,90.3255890454165
15.5575396825397,1.33680016939195,1.49181323254621,0.685537795499079,90.3264144315252
15.5576388888889,1.33668588097523,1.49175065654329,0.685210024837253,90.327239721335
15.5577380952381,1.33657160535368,1.49168805969323,0.684882410898429,90.3280649148677
15.5578373015873,1.33645734252727,1.49162544200925,0.684554953605484,90.3288900121455
15.5579365079365,1.33634309249602,1.49156280350456,0.684227652881366,90.3297150131902
15.5580357142857,1.33622885525993,1.49150014419236,0.683900508649017,90.3305399180239
15.5581349206349,1.336114630819,1.49143746408584,0.683573520831442,90.3313647266685
15.5582341269841,1.33600041917325,1.49137476319819,0.683246689351675,90.3321894391459
15.5583333333333,1.33588622032269,1.49131204154259,0.68292001413276,90.3330140554782
15.5584325396825,1.33577203426736,1.4912492991322,0.682593495097807,90.3338385756872
15.5585317460317,1.33565786100726,1.4911865359802,0.682267132169923,90.3346629997949
15.558630952381,1.33554370054244,1.49112375209973,0.681940925272284,90.3354873278232
15.5587301587302,1.33542955287293,1.49106094750394,0.681614874328064,90.336311559794
15.5588293650794,1.33531541799877,1.49099812220597,0.681288979260503,90.3371356957292
15.5589285714286,1.33520129592001,1.49093527621895,0.68096323999284,90.3379597356506
15.5590277777778,1.33508718663669,1.49087240955601,0.680637656448383,90.3387836795802
15.559126984127,1.33497309014886,1.49080952223027,0.680312228550435,90.3396075275399
15.5592261904762,1.33485900645659,1.49074661425482,0.679986956222369,90.3404312795514
15.5593253968254,1.33474493555994,1.49068368564277,0.679661839387554,90.3412549356366
15.5594246031746,1.33463087745897,1.49062073640721,0.679336877969428,90.3420784958174
15.5595238095238,1.33451683215376,1.49055776656123,0.679012071891426,90.3429019601157
15.559623015873,1.33440279964437,1.4904947761179,0.678687421077043,90.3437253285531
15.5597222222222,1.33428877993091,1.4904317650903,0.678362925449806,90.3445486011515
15.5598214285714,1.33417477301343,1.49036873349148,0.678038584933248,90.3453717779328
15.5599206349206,1.33406077889205,1.49030568133451,0.677714399450971,90.3461948589186
15.5600198412698,1.33394679756684,1.49024260863241,0.677390368926574,90.3470178441309
15.560119047619,1.33383282903792,1.49017951539824,0.677066493283724,90.3478407335913
15.5602182539683,1.33371887330537,1.49011640164501,0.676742772446085,90.3486635273216
15.5603174603175,1.33360493036932,1.49005326738577,0.67641920633739,90.3494862253436
15.5604166666667,1.33349100022986,1.48999011263351,0.676095794881368,90.3503088276791
15.5605158730159,1.33337708288713,1.48992693740125,0.675772538001818,90.3511313343496
15.5606150793651,1.33326317834123,1.48986374170199,0.675449435622536,90.3519537453771
15.5607142857143,1.3331492865923,1.48980052554872,0.675126487667383,90.3527760607831
15.5608134920635,1.33303540764046,1.48973728895441,0.674803694060223,90.3535982805894
15.5609126984127,1.33292154148585,1.48967403193205,0.674481054724983,90.3544204048177
15.5610119047619,1.33280768812861,1.48961075449461,0.67415856958559,90.3552424334896
15.5611111111111,1.33269384756887,1.48954745665504,0.67383623856603,90.3560643666269
15.5612103174603,1.3325800198068,1.4894841384263,0.67351406159032,90.3568862042512
15.5613095238095,1.33246620484254,1.48942079982133,0.673192038582487,90.3577079463841
15.5614087301587,1.33235240267625,1.48935744085308,0.672870169466622,90.3585295930473
15.5615079365079,1.33223861330808,1.48929406153446,0.672548454166815,90.3593511442625
15.5616071428571,1.33212483673822,1.4892306618784,0.672226892607226,90.3601726000512
15.5617063492064,1.33201107296682,1.48916724189781,0.671905484712009,90.3609939604351
15.5618055555556,1.33189732199406,1.48910380160561,0.671584230405388,90.3618152254358
15.5619047619048,1.33178358382012,1.48904034101468,0.671263129611585,90.3626363950749
15.562003968254,1.33166985844519,1.48897686013792,0.670942182254888,90.3634574693739
15.5621031746032,1.33155614586944,1.48891335898821,0.670621388259585,90.3642784483544
15.5622023809524,1.33144244609309,1.48884983757843,0.67030074755003,90.3650993320381
15.5623015873016,1.33132875911632,1.48878629592144,0.669980260050575,90.3659201204464
15.5624007936508,1.33121508493934,1.48872273403011,0.669659925685641,90.366740813601
15.5625,1.33110142356234,1.48865915191727,0.669339744379645,90.3675614115233
15.5625992063492,1.33098777498555,1.48859554959578,0.669019716057063,90.3683819142349
15.5626984126984,1.33087413920918,1.48853192707848,0.668699840642407,90.3692023217573
15.5627976190476,1.33076051623345,1.48846828437819,0.668380118060191,90.370022634112
15.5628968253968,1.33064690605858,1.48840462150773,0.668060548234999,90.3708428513205
15.562996031746,1.33053330868481,1.48834093847991,0.667741131091414,90.3716629734043
15.5630952380952,1.33041972411236,1.48827723530754,0.667421866554083,90.3724830003849
15.5631944444444,1.33030615234147,1.48821351200342,0.667102754547656,90.3733029322838
15.5632936507936,1.33019259337239,1.48814976858033,0.666783794996845,90.3741227691224
15.5633928571429,1.33007904720536,1.48808600505106,0.666464987826365,90.3749425109221
15.5634920634921,1.32996551384063,1.48802222142838,0.666146332960993,90.3757621577045
15.5635912698413,1.32985199327847,1.48795841772505,0.665827830325511,90.3765817094909
15.5636904761905,1.32973848551913,1.48789459395384,0.665509479844762,90.3774011663027
15.5637896825397,1.32962499056287,1.4878307501275,0.66519128144359,90.3782205281615
15.5638888888889,1.32951150840997,1.48776688625876,0.664873235046908,90.3790397950885
15.5639880952381,1.3293980390607,1.48770300236036,0.664555340579623,90.3798589671052
15.5640873015873,1.32928458251533,1.48763909844504,0.664237597966703,90.380678044233
15.5641865079365,1.32917113877416,1.4875751745255,0.663920007133151,90.3814970264931
15.5642857142857,1.32905770783747,1.48751123061446,0.663602568003973,90.3823159139071
15.5643849206349,1.32894428970555,1.48744726672463,0.663285280504243,90.3831347064963
15.5644841269841,1.32883088437869,1.48738328286869,0.662968144559035,90.3839534042819
15.5645833333333,1.3287174918572,1.48731927905935,0.662651160093489,90.3847720072854
15.5646825396825,1.32860411214139,1.48725525530927,0.662334327032744,90.385590515528
15.5647817460317,1.32849074523156,1.48719121163113,0.662017645302006,90.3864089290311
15.564880952381,1.32837739112802,1.4871271480376,0.661701114826477,90.387227247816
15.5649801587302,1.32826404983111,1.48706306454133,0.661384735531431,90.388045471904
15.5650793650794,1.32815072134113,1.48699896115498,0.661068507342136,90.3888636013164
15.5651785714286,1.32803740565842,1.48693483789118,0.660752430183929,90.3896816360744
15.5652777777778,1.32792410278332,1.48687069476256,0.660436503982145,90.3904995761993
15.565376984127,1.32781081271615,1.48680653178176,0.660120728662187,90.3913174217124
15.5654761904762,1.32769753545726,1.48674234896139,0.659805104149454,90.3921351726349
15.5655753968254,1.32758427100699,1.48667814631406,0.659489630369407,90.3929528289881
15.5656746031746,1.32747101936571,1.48661392385238,0.659174307247536,90.3937703907931
15.5657738095238,1.32735778053375,1.48654968158893,0.658859134709341,90.3945878580713
15.565873015873,1.32724455451149,1.48648541953632,0.658544112680388,90.3954052308438
15.5659722222222,1.32713134129928,1.4864211377071,0.658229241086241,90.3962225091318
15.5660714285714,1.32701814089749,1.48635683611387,0.657914519852531,90.3970396929566
15.5661706349206,1.3269049533065,1.48629251476918,0.657599948904889,90.3978567823392
15.5662698412698,1.32679177852668,1.48622817368558,0.65728552816901,90.3986737773009
15.566369047619,1.32667861655842,1.48616381287563,0.656971257570592,90.3994906778628
15.5664682539683,1.3265654674021,1.48609943235187,0.656657137035395,90.4003074840461
15.5665674603175,1.32645233105811,1.48603503212682,0.656343166489182,90.401124195872
15.5666666666667,1.32633920752686,1.48597061221302,0.656029345857779,90.4019408133615
15.5667658730159,1.32622609680873,1.48590617262298,0.655715675067013,90.4027573365357
15.5668650793651,1.32611299890413,1.48584171336921,0.655402154042778,90.4035737654159
15.5669642857143,1.32599991381348,1.48577723446421,0.655088782710965,90.4043901000231
15.5670634920635,1.32588684153718,1.48571273592047,0.654775560997525,90.4052063403783
15.5671626984127,1.32577378207566,1.48564821775049,0.65446248882844,90.4060224865027
15.5672619047619,1.32566073542933,1.48558367996674,0.654149566129702,90.4068385384174
15.5673611111111,1.32554770159863,1.48551912258168,0.653836792827366,90.4076544961434
15.5674603174603,1.32543468058398,1.48545454560779,0.65352416884749,90.4084703597018
15.5675595238095,1.32532167238582,1.48538994905752,0.653211694116194,90.4092861291136
15.5676587301587,1.32520867700459,1.48532533294331,0.652899368559601,90.4101018043998
15.5677579365079,1.32509569444074,1.4852606972776,0.652587192103898,90.4109173855816
15.5678571428571,1.32498272469472,1.48519604207283,0.652275164675272,90.4117328726798
15.5679563492063,1.32486976776698,1.48513136734142,0.651963286199977,90.4125482657155
15.5680555555556,1.32475682365797,1.48506667309579,0.651651556604265,90.4133635647098
15.5681547619048,1.32464389236817,1.48500195934834,0.651339975814455,90.4141787696835
15.568253968254,1.32453097389803,1.48493722611147,0.651028543756864,90.4149938806577
15.5683531746032,1.32441806824804,1.48487247339758,0.650717260357878,90.4158088976533
15.5684523809524,1.32430517541866,1.48480770121905,0.650406125543878,90.4166238206914
15.5685515873016,1.32419229541039,1.48474290958826,0.650095139241308,90.4174386497928
15.5686507936508,1.3240794282237,1.48467809851758,0.64978430137664,90.4182533849785
15.56875,1.32396657385908,1.48461326801937,0.649473611876358,90.4190680262694
15.5688492063492,1.32385373231703,1.48454841810598,0.649163070667007,90.4198825736864
15.5689484126984,1.32374090359805,1.48448354878977,0.648852677675137,90.4206970272505
15.5690476190476,1.32362808770264,1.48441866008306,0.648542432827359,90.4215113869825
15.5691468253968,1.32351528463131,1.48435375199819,0.648232336050288,90.4223256529034
15.569246031746,1.32340249438458,1.48428882454748,0.647922387270602,90.423139825034
15.5693452380952,1.32328971696295,1.48422387774324,0.647612586414979,90.4239539033952
15.5694444444444,1.32317695236695,1.48415891159779,0.647302933410164,90.4247678880079
15.5695436507937,1.32306420059711,1.48409392612343,0.6469934281829,90.4255817788929
15.5696428571429,1.32295146165396,1.48402892133243,0.646684070659997,90.426395576071
15.5697420634921,1.32283873553803,1.4839638972371,0.646374860768265,90.4272092795631
15.5698412698413,1.32272602224986,1.4838988538497,0.646065798434579,90.4280228893901
15.5699404761905,1.32261332179,1.4838337911825,0.645756883585814,90.4288364055726
15.5700396825397,1.32250063415899,1.48376870924777,0.645448116148902,90.4296498281316
15.5701388888889,1.32238795935739,1.48370360805775,0.645139496050809,90.4304631570879
15.5702380952381,1.32227529738575,1.48363848762469,0.644831023218507,90.4312763924621
15.5703373015873,1.32216264824465,1.48357334796083,0.644522697579035,90.4320895342751
15.5704365079365,1.32205001193463,1.4835081890784,0.644214519059434,90.4329025825477
15.5705357142857,1.32193738845628,1.48344301098962,0.643906487586807,90.4337155373006
15.5706349206349,1.32182477781017,1.4833778137067,0.643598603088256,90.4345283985545
15.5707341269841,1.32171217999689,1.48331259724185,0.643290865490955,90.4353411663303
15.5708333333333,1.321599595017,1.48324736160726,0.642983274722071,90.4361538406485
15.5709325396825,1.32148702287111,1.48318210681514,0.64267583070884,90.43696642153
15.5710317460317,1.32137446355981,1.48311683287765,0.642368533378497,90.4377789089955
15.571130952381,1.3212619170837,1.48305153980698,0.642061382658343,90.4385913030656
15.5712301587302,1.32114938344337,1.48298622761529,0.64175437847568,90.439403603761
15.5713293650794,1.32103686263944,1.48292089631475,0.641447520757873,90.4402158111024
15.5714285714286,1.32092435467251,1.4828555459175,0.641140809432288,90.4410279251106
15.5715277777778,1.32081185954321,1.48279017643569,0.64083424442635,90.4418399458061
15.571626984127,1.32069937725215,1.48272478788145,0.640527825667514,90.4426518732095
15.5717261904762,1.32058690779996,1.48265938026691,0.640221553083246,90.4434637073416
15.5718253968254,1.32047445118727,1.4825939536042,0.639915426601074,90.444275448223
15.5719246031746,1.32036200741471,1.48252850790542,0.639609446148531,90.4450870958742
15.5720238095238,1.32024957648292,1.48246304318269,0.63930361165321,90.445898650316
15.572123015873,1.32013715839254,1.48239755944809,0.638997923042707,90.4467101115688
15.5722222222222,1.32002475314423,1.48233205671371,0.638692380244684,90.4475214796533
15.5723214285714,1.31991236073863,1.48226653499165,0.638386983186801,90.4483327545901
15.5724206349206,1.3197999811764,1.48220099429397,0.638081731796786,90.4491439363998
15.5725198412698,1.3196876144582,1.48213543463274,0.637776626002363,90.4499550251029
15.572619047619,1.3195752605847,1.48206985602002,0.637471665731327,90.4507660207199
15.5727182539683,1.31946291955657,1.48200425846785,0.637166850911469,90.4515769232714
15.5728174603175,1.31935059137448,1.48193864198829,0.636862181470645,90.452387732778
15.5729166666667,1.3192382760391,1.48187300659336,0.636557657336714,90.4531984492601
15.5730158730159,1.31912597355113,1.48180735229509,0.636253278437592,90.4540090727383
15.5731150793651,1.31901368391126,1.48174167910551,0.635949044701224,90.4548196032331
15.5732142857143,1.31890140712017,1.48167598703662,0.635644956055567,90.455630040765
15.5733134920635,1.31878914317856,1.48161027610043,0.635341012428643,90.4564403853544
15.5734126984127,1.31867689208713,1.48154454630893,0.635037213748472,90.4572506370219
15.5735119047619,1.3185646538466,1.48147879767411,0.634733559943141,90.4580607957879
15.5736111111111,1.31845242845766,1.48141303020796,0.634430050940738,90.4588708616729
15.5737103174603,1.31834021592104,1.48134724392245,0.634126686669414,90.4596808346973
15.5738095238095,1.31822801623745,1.48128143882953,0.633823467057322,90.4604907148815
15.5739087301587,1.31811582940763,1.48121561494118,0.63352039203268,90.461300502246
15.5740079365079,1.31800365543229,1.48114977226933,0.633217461523704,90.4621101968112
15.5741071428571,1.31789149431217,1.48108391082593,0.632914675458679,90.4629197985976
15.5742063492063,1.31777934604801,1.48101803062292,0.632612033765888,90.4637293076254
15.5743055555556,1.31766721064055,1.48095213167221,0.63230953637368,90.4645387239151
15.5744047619048,1.31755508809053,1.48088621398573,0.632007183210402,90.4653480474871
15.574503968254,1.31744297839872,1.4808202775754,0.631704974204463,90.4661572783617
15.5746031746032,1.31733088156586,1.4807543224531,0.6314029092843,90.4669664165594
15.5747023809524,1.31721879759271,1.48068834863074,0.631100988378359,90.4677754621004
15.5748015873016,1.31710672648004,1.4806223561202,0.630799211415155,90.468584415005
15.5749007936508,1.31699466822861,1.48055634493337,0.6304975783232,90.4693932752938
15.575,1.31688262283922,1.48049031508211,0.63019608903107,90.4702020429868
15.5750992063492,1.31677059031261,1.48042426657829,0.629894743467345,90.4710107181046
15.5751984126984,1.31665857064959,1.48035819943377,0.629593541560667,90.4718193006673
15.5752976190476,1.31654656385094,1.48029211366039,0.629292483239681,90.4726277906952
15.5753968253968,1.31643456991745,1.48022600927,0.628991568433095,90.4734361882087
15.575496031746,1.31632258884991,1.48015988627442,0.628690797069619,90.474244493228
15.5755952380952,1.31621062064914,1.48009374468548,0.628390169078026,90.4750527057734
15.5756944444444,1.31609866531592,1.480027584515,0.628089684387092,90.4758608258651
15.5757936507936,1.31598672285108,1.4799614057748,0.627789342925656,90.4766688535234
15.5758928571429,1.31587479325542,1.47989520847666,0.627489144622559,90.4774767887685
15.5759920634921,1.31576287652977,1.47982899263239,0.627189089406698,90.4782846316206
15.5760912698413,1.31565097267495,1.47976275825377,0.626889177207002,90.4790923821
15.5761904761905,1.31553908169178,1.47969650535258,0.62658940795241,90.4799000402269
15.5762896825397,1.31542720358109,1.47963023394059,0.626289781571926,90.4807076060214
15.5763888888889,1.31531533834374,1.47956394402956,0.625990297994553,90.4815150795037
15.5764880952381,1.31520348598054,1.47949763563125,0.625690957149361,90.482322460694
15.5765873015873,1.31509164649236,1.47943130875741,0.625391758965418,90.4831297496126
15.5766865079365,1.31497981988004,1.47936496341977,0.625092703371861,90.4839369462794
15.5767857142857,1.31486800614444,1.47929859963006,0.624793790297823,90.4847440507148
15.5768849206349,1.31475620528641,1.47923221740002,0.624495019672505,90.4855510629388
15.5769841269841,1.31464441730681,1.47916581674136,0.624196391425106,90.4863579829716
15.5770833333333,1.31453264220653,1.47909939766578,0.623897905484894,90.4871648108332
15.5771825396825,1.31442087998642,1.47903296018499,0.623599561781132,90.4879715465438
15.5772817460317,1.31430913064737,1.47896650431067,0.623301360243153,90.4887781901235
15.577380952381,1.31419739419026,1.47890003005452,0.623003300800288,90.4895847415923
15.5774801587302,1.31408567061597,1.47883353742821,0.622705383381925,90.4903912009705
15.5775793650794,1.31397395992539,1.47876702644342,0.622407607917486,90.4911975682779
15.5776785714286,1.31386226211943,1.47870049711179,0.6221099743364,90.4920038435347
15.5777777777778,1.31375057719897,1.478633949445,0.621812482568162,90.492810026761
15.577876984127,1.31363890516493,1.47856738345467,0.621515132542268,90.4936161179767
15.5779761904762,1.31352724601821,1.47850079915246,0.621217924188276,90.494422117202
15.5780753968254,1.31341559975973,1.47843419654999,0.620920857435749,90.4952280244568
15.5781746031746,1.3133039663904,1.47836757565888,0.620623932214311,90.4960338397611
15.5782738095238,1.31319234591114,1.47830093649076,0.62032714845359,90.496839563135
15.578373015873,1.31308073832288,1.47823427905722,0.620030506083275,90.4976451945984
15.5784722222222,1.31296914362656,1.47816760336987,0.61973400503306,90.4984507341713
15.5785714285714,1.31285756182311,1.4781009094403,0.619437645232701,90.4992561818737
15.5786706349206,1.31274599291346,1.47803419728009,0.619141426611954,90.5000615377257
15.5787698412698,1.31263443689857,1.47796746690083,0.618845349100642,90.500866801747
15.578869047619,1.31252289377938,1.47790071831407,0.618549412628589,90.5016719739577
15.5789682539683,1.31241136355684,1.47783395153137,0.618253617125673,90.5024770543777
15.5790674603175,1.31229984623192,1.4777671665643,0.617957962521806,90.5032820430269
15.5791666666667,1.31218834180558,1.4777003634244,0.61766244874691,90.5040869399252
15.5792658730159,1.31207685027878,1.4776335421232,0.617367075730971,90.5048917450926
15.5793650793651,1.3119653716525,1.47756670267224,0.617071843403976,90.505696458549
15.5794642857143,1.31185390592771,1.47749984508303,0.616776751695975,90.5065010803141
15.5795634920635,1.31174245310538,1.47743296936709,0.61648180053702,90.507305610408
15.5796626984127,1.31163101318652,1.47736607553592,0.616186989857229,90.5081100488505
15.5797619047619,1.31151958617211,1.47729916360103,0.615892319586719,90.5089143956613
15.5798611111111,1.31140817206313,1.47723223357391,0.615597789655672,90.5097186508605
15.5799603174603,1.3112967708606,1.47716528546603,0.615303399994272,90.5105228144678
15.5800595238095,1.31118538256532,1.47709831928896,0.615009150532789,90.5113268865031
15.5801587301587,1.3110740069221,1.47703133515098,0.614715041233611,90.5121308670824
15.5802579365079,1.31096264370013,1.47696433315049,0.614421072060117,90.5129347563114
15.5803571428571,1.31085129289667,1.47689731329927,0.614127242948889,90.5137385542101
15.5804563492064,1.31073995450897,1.47683027560912,0.613833553836556,90.5145422607984
15.5805555555556,1.31062862853432,1.47676322009182,0.613540004659767,90.5153458760961
15.5806547619048,1.31051731496999,1.47669614675915,0.613246595355167,90.516149400123
15.580753968254,1.31040601381325,1.47662905562289,0.612953325859452,90.516952832899
15.5808531746032,1.31029472506137,1.47656194669482,0.612660196109309,90.517756174444
15.5809523809524,1.31018344871163,1.4764948199867,0.612367206041473,90.5185594247778
15.5810515873016,1.31007218476132,1.4764276755103,0.612074355592672,90.5193625839203
15.5811507936508,1.3099609332077,1.47636051327738,0.611781644699682,90.5201656518911
15.58125,1.30984969404806,1.4762933332997,0.611489073299271,90.5209686287103
15.5813492063492,1.30973846727969,1.47622613558901,0.611196641328256,90.5217715143976
15.5814484126984,1.30962725289986,1.47615892015706,0.610904348723443,90.5225743089728
15.5815476190476,1.30951605090587,1.47609168701559,0.610612195421692,90.5233770124557
15.5816468253968,1.309404861295,1.47602443617633,0.61032018135985,90.5241796248661
15.581746031746,1.30929368406454,1.47595716765104,0.610028306474816,90.5249821462238
15.5818452380952,1.30918251921179,1.47588988145142,0.609736570703477,90.5257845765487
15.5819444444444,1.30907136673402,1.47582257758923,0.609444973982764,90.5265869158605
15.5820436507937,1.30896022662855,1.47575525607616,0.60915351624963,90.5273891641789
15.5821428571429,1.30884909889266,1.47568791692395,0.608862197441023,90.5281913215237
15.5822420634921,1.30873798352366,1.47562056014431,0.608571017493944,90.5289933879148
15.5823412698413,1.30862688051883,1.47555318574894,0.608279976345379,90.5297953633718
15.5824404761905,1.30851578987549,1.47548579374955,0.607989073932371,90.5305972479146
15.5825396825397,1.30840471159093,1.47541838415784,0.607698310191949,90.5313990415629
15.5826388888889,1.30829364566246,1.47535095698551,0.607407685061192,90.5322007443363
15.5827380952381,1.30818259208737,1.47528351224425,0.607117198477172,90.5330023562548
15.5828373015873,1.30807155086299,1.47521604994574,0.606826850377009,90.5338038773379
15.5829365079365,1.30796052198661,1.47514857010168,0.606536640697814,90.5346053076055
15.5830357142857,1.30784950545556,1.47508107272374,0.606246569376747,90.5354066470772
15.5831349206349,1.30773850126712,1.47501355782359,0.605956636350961,90.5362078957727
15.5832341269841,1.30762750941864,1.4749460254129,0.605666841557656,90.5370090537119
15.5833333333333,1.3075165299074,1.47487847550335,0.605377184934025,90.5378101209143
15.5834325396825,1.30740556273074,1.47481090810659,0.605087666417301,90.5386110973998
15.5835317460317,1.30729460788597,1.47474332323429,0.60479828594474,90.5394119831878
15.583630952381,1.30718366537041,1.47467572089809,0.604509043453593,90.5402127782983
15.5837301587302,1.30707273518139,1.47460810110964,0.604219938881165,90.5410134827508
15.5838293650794,1.30696181731621,1.47454046388059,0.603930972164746,90.5418140965651
15.5839285714286,1.30685091177222,1.47447280922258,0.60364214324168,90.5426146197607
15.5840277777778,1.30674001854672,1.47440513714724,0.603353452049301,90.5434150523574
15.584126984127,1.30662913763706,1.47433744766622,0.603064898524992,90.5442153943749
15.5842261904762,1.30651826904056,1.47426974079113,0.602776482606126,90.5450156458327
15.5843253968254,1.30640741275455,1.47420201653359,0.602488204230128,90.5458158067505
15.5844246031746,1.30629656877636,1.47413427490523,0.602200063334412,90.5466158771481
15.5845238095238,1.30618573710334,1.47406651591767,0.601912059856441,90.5474158570449
15.584623015873,1.3060749177328,1.47399873958251,0.601624193733671,90.5482157464607
15.5847222222222,1.30596411066209,1.47393094591135,0.601336464903607,90.5490155454151
15.5848214285714,1.30585331588855,1.47386313491581,0.601048873303743,90.5498152539277
15.5849206349206,1.30574253340951,1.47379530660747,0.600761418871616,90.5506148720181
15.5850198412698,1.30563176322233,1.47372746099794,0.600474101544786,90.5514143997059
15.585119047619,1.30552100532434,1.47365959809879,0.600186921260808,90.5522138370108
15.5852182539683,1.30541025971288,1.47359171792162,0.599899877957287,90.5530131839523
15.5853174603175,1.30529952638531,1.47352382047801,0.59961297157182,90.55381244055
15.5854166666667,1.30518880533898,1.47345590577952,0.599326202042053,90.5546116068235
15.5855158730159,1.30507809657122,1.47338797383774,0.599039569305622,90.5554106827924
15.5856150793651,1.3049674000794,1.47332002466423,0.598753073300215,90.5562096684763
15.5857142857143,1.30485671586086,1.47325205827055,0.598466713963507,90.5570085638948
15.5858134920635,1.30474604391296,1.47318407466827,0.598180491233228,90.5578073690673
15.5859126984127,1.30463538423306,1.47311607386893,0.597894405047093,90.5586060840136
15.5860119047619,1.30452473681851,1.47304805588408,0.597608455342871,90.559404708753
15.5861111111111,1.30441410166668,1.47298002072528,0.597322642058319,90.5602032433052
15.5862103174603,1.30430347877492,1.47291196840407,0.597036965131245,90.5610016876898
15.5863095238095,1.30419286814059,1.47284389893198,0.596751424499448,90.5618000419262
15.5864087301587,1.30408226976107,1.47277581232054,0.596466020100769,90.562598306034
15.5865079365079,1.30397168363371,1.47270770858128,0.596180751873069,90.5633964800327
15.5866071428571,1.30386110975588,1.47263958772574,0.595895619754207,90.5641945639419
15.5867063492063,1.30375054812495,1.47257144976542,0.595610623682092,90.564992557781
15.5868055555556,1.3036399987383,1.47250329471184,0.595325763594623,90.5657904615696
15.5869047619048,1.30352946159329,1.47243512257653,0.595041039429751,90.5665882753271
15.587003968254,1.30341893668729,1.47236693337097,0.594756451125415,90.5673859990731
15.5871031746032,1.30330842401769,1.47229872710668,0.594471998619604,90.5681836328271
15.5872023809524,1.30319792358185,1.47223050379516,0.5941876818503,90.5689811766085
15.5873015873016,1.30308743537717,1.4721622634479,0.593903500755533,90.5697786304368
15.5874007936508,1.302976959401,1.47209400607638,0.593619455273323,90.5705759943316
15.5875,1.30286649565075,1.4720257316921,0.593335545341741,90.5713732683122
15.5875992063492,1.30275604412378,1.47195744030653,0.593051770898849,90.5721704523982
15.5876984126984,1.3026456048175,1.47188913193116,0.592768131882758,90.572967546609
15.5877976190476,1.30253517772927,1.47182080657746,0.59248462823157,90.573764550964
15.5878968253968,1.30242476285649,1.47175246425689,0.592201259883428,90.5745614654828
15.587996031746,1.30231436019655,1.47168410498092,0.591918026776497,90.5753582901847
15.5880952380952,1.30220396974684,1.47161572876101,0.59163492884894,90.5761550250892
15.5881944444444,1.30209359150475,1.47154733560862,0.59135196603897,90.5769516702156
15.5882936507937,1.30198322546767,1.47147892553519,0.591069138284787,90.5777482255836
15.5883928571429,1.30187287163301,1.47141049855217,0.590786445524647,90.5785446912124
15.5884920634921,1.30176252999816,1.47134205467101,0.590503887696791,90.5793410671215
15.5885912698413,1.30165220056051,1.47127359390315,0.590221464739514,90.5801373533302
15.5886904761905,1.30154188331748,1.47120511626002,0.589939176591098,90.5809335498581
15.5887896825397,1.30143157826645,1.47113662175304,0.589657023189877,90.5817296567244
15.5888888888889,1.30132128540483,1.47106811039365,0.589375004474176,90.5825256739487
15.5889880952381,1.30121100473004,1.47099958219327,0.589093120382369,90.5833216015502
15.5890873015873,1.30110073623947,1.4709310371633,0.588811370852819,90.5841174395484
15.5891865079365,1.30099047993053,1.47086247531518,0.588529755823943,90.5849131879625
15.5892857142857,1.30088023580064,1.4707938966603,0.588248275234144,90.5857088468121
15.5893849206349,1.3007700038472,1.47072530121006,0.58796692902187,90.5865044161165
15.5894841269841,1.30065978406764,1.47065668897588,0.587685717125589,90.5872998958949
15.5895833333333,1.30054957645935,1.47058805996914,0.587404639483767,90.5880952861669
15.5896825396825,1.30043938101976,1.47051941420123,0.58712369603492,90.5888905869516
15.5897817460317,1.30032919774629,1.47045075168355,0.586842886717552,90.5896857982685
15.589880952381,1.30021902663636,1.47038207242747,0.586562211470221,90.590480920137
15.5899801587302,1.30010886768739,1.47031337644437,0.586281670231473,90.5912759525762
15.5900793650794,1.2999987208968,1.47024466374563,0.586001262939905,90.5920708956056
15.5901785714286,1.29988858626201,1.47017593434262,0.585720989534103,90.5928657492446
15.5902777777778,1.29977846378045,1.47010718824669,0.585440849952704,90.5936605135122
15.590376984127,1.29966835344955,1.47003842546923,0.585160844134337,90.594455188428
15.5904761904762,1.29955825526674,1.46996964602157,0.584880972017677,90.5952497740112
15.5905753968254,1.29944816922944,1.46990084991507,0.584601233541394,90.5960442702811
15.5906746031746,1.2993380953351,1.46983203716109,0.584321628644204,90.596838677257
15.5907738095238,1.29922803358113,1.46976320777096,0.584042157264817,90.5976329949581
15.590873015873,1.29911798396499,1.46969436175602,0.583762819341983,90.5984272234039
15.5909722222222,1.2990079464841,1.46962549912761,0.583483614814473,90.5992213626134
15.5910714285714,1.2988979211359,1.46955661989707,0.583204543621056,90.6000154126061
15.5911706349206,1.29878790791785,1.46948772407571,0.582925605700551,90.6008093734011
15.5912698412698,1.29867790682736,1.46941881167487,0.582646800991767,90.6016032450178
15.591369047619,1.2985679178619,1.46934988270585,0.582368129433564,90.6023970274753
15.5914682539683,1.2984579410189,1.46928093717997,0.582089590964791,90.6031907207929
15.5915674603175,1.29834797629581,1.46921197510855,0.581811185524349,90.60398432499
15.5916666666667,1.29823802369007,1.46914299650288,0.581532913051127,90.6047778400856
15.5917658730159,1.29812808319915,1.46907400137427,0.581254773484067,90.605571266099
15.5918650793651,1.29801815482049,1.46900498973401,0.580976766762098,90.6063646030496
15.5919642857143,1.29790823855154,1.46893596159341,0.580698892824201,90.6071578509564
15.5920634920635,1.29779833438975,1.46886691696373,0.580421151609347,90.6079510098387
15.5921626984127,1.29768844233259,1.46879785585628,0.580143543056558,90.6087440797156
15.5922619047619,1.29757856237751,1.46872877828233,0.579866067104845,90.6095370606065
15.5923611111111,1.29746869452196,1.46865968425315,0.579588723693263,90.6103299525305
15.5924603174603,1.29735883876342,1.46859057378001,0.579311512760885,90.6111227555068
15.5925595238095,1.29724899509934,1.46852144687418,0.579034434246783,90.6119154695546
15.5926587301587,1.29713916352718,1.46845230354693,0.578757488090081,90.612708094693
15.5927579365079,1.29702934404442,1.46838314380951,0.57848067422989,90.6135006309412
15.5928571428571,1.29691953664852,1.46831396767318,0.578203992605374,90.6142930783184
15.5929563492064,1.29680974133694,1.46824477514918,0.577927443155685,90.6150854368438
15.5930555555556,1.29669995810716,1.46817556624876,0.577651025820027,90.6158777065366
15.5931547619048,1.29659018695665,1.46810634098316,0.577374740537593,90.6166698874157
15.593253968254,1.29648042788288,1.46803709936361,0.577098587247626,90.6174619795005
15.5933531746032,1.29637068088334,1.46796784140136,0.576822565889362,90.6182539828101
15.5934523809524,1.29626094595548,1.46789856710762,0.576546676402082,90.6190458973635
15.5935515873016,1.2961512230968,1.46782927649363,0.576270918725063,90.61983772318
15.5936507936508,1.29604151230477,1.46775996957059,0.575995292797629,90.6206294602786
15.59375,1.29593181357688,1.46769064634973,0.575719798559093,90.6214211086785
15.5938492063492,1.2958221269106,1.46762130684226,0.575444435948815,90.6222126683988
15.5939484126984,1.29571245230342,1.46755195105938,0.575169204906171,90.6230041394586
15.5940476190476,1.29560278975283,1.46748257901229,0.574894105370537,90.6237955218769
15.5941468253968,1.29549313925632,1.46741319071219,0.574619137281338,90.6245868156729
15.594246031746,1.29538350081137,1.46734378617028,0.574344300577991,90.6253780208657
15.5943452380952,1.29527387441548,1.46727436539775,0.574069595199961,90.6261691374744
15.5944444444444,1.29516426006613,1.46720492840578,0.573795021086704,90.626960165518
15.5945436507936,1.29505465776082,1.46713547520554,0.573520578177729,90.6277511050155
15.5946428571429,1.29494506749706,1.46706600580823,0.573246266412529,90.6285419559862
15.5947420634921,1.29483548927233,1.466996520225,0.572972085730654,90.629332718449
15.5948412698413,1.29472592308413,1.46692701846703,0.57269803607164,90.6301233924231
15.5949404761905,1.29461636892996,1.46685750054548,0.572424117375075,90.6309139779273
15.5950396825397,1.29450682680733,1.46678796647151,0.572150329580535,90.6317044749809
15.5951388888889,1.29439729671375,1.46671841625627,0.571876672627649,90.6324948836028
15.5952380952381,1.2942877786467,1.46664884991092,0.571603146456036,90.6332852038121
15.5953373015873,1.29417827260371,1.4665792674466,0.571329751005355,90.6340754356278
15.5954365079365,1.29406877858228,1.46650966887446,0.571056486215287,90.6348655790688
15.5955357142857,1.29395929657991,1.46644005420562,0.570783352025512,90.6356556341544
15.5956349206349,1.29384982659413,1.46637042345123,0.570510348375759,90.6364456009034
15.5957341269841,1.29374036862245,1.46630077662241,0.570237475205745,90.6372354793348
15.5958333333333,1.29363092266237,1.46623111373029,0.569964732455242,90.6380252694677
15.5959325396825,1.29352148871142,1.46616143478599,0.569692120064008,90.6388149713211
15.5960317460317,1.29341206676711,1.46609173980062,0.569419637971853,90.6396045849139
15.596130952381,1.29330265682696,1.4660220287853,0.569147286118577,90.6403941102651
15.5962301587302,1.2931932588885,1.46595230175113,0.568875064444031,90.6411835473937
15.5963293650794,1.29308387294924,1.46588255870922,0.568602972888055,90.6419728963187
15.5964285714286,1.29297449900672,1.46581279967067,0.568331011390539,90.6427621570591
15.5965277777778,1.29286513705845,1.46574302464657,0.568059179891365,90.6435513296338
15.596626984127,1.29275578710197,1.46567323364801,0.567787478330463,90.6443404140617
15.5967261904762,1.29264644913479,1.46560342668608,0.567515906647756,90.6451294103619
15.5968253968254,1.29253712315446,1.46553360377185,0.567244464783206,90.6459183185532
15.5969246031746,1.29242780915851,1.46546376491642,0.566973152676799,90.6467071386546
15.5970238095238,1.29231850714446,1.46539391013084,0.566701970268516,90.6474958706851
15.597123015873,1.29220921710987,1.46532403942619,0.566430917498389,90.6482845146635
15.5972222222222,1.29209993905225,1.46525415281354,0.566159994306441,90.6490730706088
15.5973214285714,1.29199067296915,1.46518425030394,0.565889200632745,90.6498615385399
15.5974206349206,1.29188141885811,1.46511433190845,0.565618536417363,90.6506499184757
15.5975198412698,1.29177217671667,1.46504439763812,0.565348001600409,90.6514382104351
15.597619047619,1.29166294654238,1.464974447504,0.565077596121986,90.6522264144371
15.5977182539683,1.29155372833278,1.46490448151714,0.564807319922247,90.6530145305004
15.5978174603175,1.29144452208541,1.46483449968856,0.564537172941336,90.6538025586441
15.5979166666667,1.29133532779783,1.46476450202931,0.564267155119447,90.654590498887
15.5980158730159,1.29122614546758,1.46469448855042,0.563997266396765,90.6553783512479
15.5981150793651,1.29111697509222,1.46462445926291,0.563727506713523,90.6561661157457
15.5982142857143,1.2910078166693,1.4645544141778,0.563457876009946,90.6569537923994
15.5983134920635,1.29089867019636,1.46448435330611,0.563188374226303,90.6577413812277
15.5984126984127,1.29078953567098,1.46441427665886,0.562919001302879,90.6585288822496
15.5985119047619,1.2906804130907,1.46434418424704,0.562649757179961,90.6593162954838
15.5986111111111,1.29057130245309,1.46427407608168,0.562380641797884,90.6601036209492
15.5987103174603,1.2904622037557,1.46420395217376,0.562111655096974,90.6608908586647
15.5988095238095,1.2903531169961,1.46413381253429,0.561842797017606,90.661678008649
15.5989087301587,1.29024404217185,1.46406365717424,0.561574067500148,90.6624650709211
15.5990079365079,1.29013497928052,1.46399348610463,0.561305466485014,90.6632520454997
15.5991071428571,1.29002592831968,1.46392329933641,0.561036993912613,90.6640389324037
15.5992063492063,1.28991688928688,1.46385309688058,0.5607686497234,90.6648257316518
15.5993055555556,1.28980786217971,1.46378287874811,0.560500433857823,90.6656124432629
15.5994047619048,1.28969884699574,1.46371264494996,0.560232346256379,90.6663990672558
15.599503968254,1.28958984373253,1.46364239549711,0.559964386859555,90.6671856036492
15.5996031746032,1.28948085238767,1.46357213040051,0.559696555607889,90.667972052462
15.5997023809524,1.28937187295872,1.46350184967112,0.55942885244191,90.6687584137129
15.5998015873016,1.28926290544328,1.4634315533199,0.559161277302187,90.6695446874207
15.5999007936508,1.28915394983891,1.4633612413578,0.558893830129312,90.6703308736042
15.6,1.2890450061432,1.46329091379575,0.558626510863873,90.6711169722821
15.6000992063492,1.28893607435374,1.4632205706447,0.558359319446509,90.6719029834732
15.6001984126984,1.2888271544681,1.46315021191558,0.558092255817849,90.6726889071964
15.6002976190476,1.28871824648387,1.46307983761933,0.557825319918572,90.6734747434702
15.6003968253968,1.28860935039865,1.46300944776687,0.557558511689348,90.6742604923134
15.600496031746,1.28850046621001,1.46293904236912,0.557291831070896,90.6750461537449
15.6005952380952,1.28839159391556,1.46286862143701,0.557025278003927,90.6758317277833
15.6006944444444,1.28828273351288,1.46279818498144,0.556758852429199,90.6766172144473
15.6007936507937,1.28817388499956,1.46272773301333,0.556492554287465,90.6774026137557
15.6008928571429,1.28806504837321,1.46265726554359,0.556226383519524,90.6781879257272
15.6009920634921,1.28795622363142,1.46258678258311,0.555960340066166,90.6789731503805
15.6010912698413,1.28784741077179,1.46251628414279,0.555694423868234,90.6797582877343
15.6011904761905,1.28773860979192,1.46244577023352,0.555428634866558,90.6805433378073
15.6012896825397,1.2876298206894,1.46237524086619,0.555162973002012,90.6813283006182
15.6013888888889,1.28752104346186,1.4623046960517,0.554897438215491,90.6821131761856
15.6014880952381,1.28741227810688,1.4622341358009,0.554632030447885,90.6828979645284
15.6015873015873,1.28730352462208,1.4621635601247,0.554366749640138,90.683682665665
15.6016865079365,1.28719478300507,1.46209296903394,0.554101595733182,90.6844672796143
15.6017857142857,1.28708605325345,1.4620223625395,0.553836568667998,90.6852518063949
15.6018849206349,1.28697733536483,1.46195174065225,0.55357166838556,90.6860362460254
15.6019841269841,1.28686862933684,1.46188110338303,0.553306894826891,90.6868205985245
15.6020833333333,1.28675993516708,1.46181045074271,0.553042247933004,90.6876048639108
15.6021825396825,1.28665125285317,1.46173978274214,0.552777727644963,90.688389042203
15.6022817460317,1.28654258239273,1.46166909939215,0.552513333903821,90.6891731334197
15.602380952381,1.28643392378338,1.4615984007036,0.552249066650681,90.6899571375796
15.6024801587302,1.28632527702274,1.46152768668731,0.551984925826638,90.6907410547013
15.6025793650794,1.28621664210843,1.46145695735413,0.551720911372837,90.6915248848033
15.6026785714286,1.28610801903807,1.46138621271487,0.551457023230411,90.6923086279044
15.6027777777778,1.28599940780929,1.46131545278037,0.551193261340539,90.6930922840231
15.602876984127,1.28589080841973,1.46124467756144,0.550929625644416,90.6938758531779
15.6029761904762,1.285782220867,1.46117388706889,0.55066611608324,90.6946593353877
15.6030753968254,1.28567364514874,1.46110308131355,0.550402732598254,90.6954427306708
15.6031746031746,1.28556508126258,1.4610322603062,0.550139475130695,90.696226039046
15.6032738095238,1.28545652920616,1.46096142405767,0.549876343621848,90.6970092605317
15.603373015873,1.2853479889771,1.46089057257874,0.549613338012989,90.6977923951466
15.6034722222222,1.28523946057306,1.46081970588022,0.549350458245445,90.6985754429092
15.6035714285714,1.28513094399165,1.46074882397288,0.549087704260533,90.6993584038381
15.6036706349206,1.28502243923053,1.46067792686752,0.548825075999617,90.7001412779518
15.6037698412698,1.28491394628734,1.46060701457491,0.548562573404057,90.700924065269
15.603869047619,1.28480546515972,1.46053608710584,0.548300196415259,90.7017067658081
15.6039682539683,1.28469699584531,1.46046514447106,0.54803794497462,90.7024893795877
15.6040674603175,1.28458853834177,1.46039418668137,0.547775819023588,90.7032719066264
15.6041666666667,1.28448009264673,1.4603232137475,0.5475138185036,90.7040543469426
15.6042658730159,1.28437165875785,1.46025222568024,0.547251943356138,90.7048367005549
15.6043650793651,1.28426323667278,1.46018122249032,0.546990193522701,90.7056189674818
15.6044642857143,1.28415482638918,1.46011020418851,0.546728568944789,90.7064011477418
15.6045634920635,1.28404642790469,1.46003917078555,0.546467069563949,90.7071832413535
15.6046626984127,1.28393804121697,1.45996812229217,0.546205695321722,90.7079652483353
15.6047619047619,1.28382966632369,1.45989705871913,0.545944446159695,90.7087471687057
15.6048611111111,1.2837213032225,1.45982598007715,0.545683322019449,90.7095290024833
15.6049603174603,1.28361295191105,1.45975488637696,0.545422322842613,90.7103107496864
15.6050595238095,1.28350461238702,1.45968377762928,0.545161448570807,90.7110924103337
15.6051587301587,1.28339628464807,1.45961265384485,0.544900699145699,90.7118739844435
15.6052579365079,1.28328796869185,1.45954151503437,0.544640074508952,90.7126554720343
15.6053571428571,1.28317966451605,1.45947036120855,0.544379574602275,90.7134368731247
15.6054563492063,1.28307137211832,1.45939919237811,0.54411919936737,90.714218187733
15.6055555555556,1.28296309149635,1.45932800855375,0.543858948745985,90.7149994158777
15.6056547619048,1.28285482264779,1.45925680974616,0.543598822679864,90.7157805575773
15.605753968254,1.28274656557032,1.45918559596605,0.543338821110789,90.7165616128501
15.6058531746032,1.28263832026162,1.4591143672241,0.543078943980565,90.7173425817147
15.6059523809524,1.28253008671937,1.459043123531,0.542819191230994,90.7181234641895
15.6060515873016,1.28242186494124,1.45897186489743,0.542559562803927,90.7189042602928
15.6061507936508,1.28231365492491,1.45890059133407,0.542300058641206,90.7196849700432
15.60625,1.28220545666807,1.45882930285159,0.542040678684725,90.720465593459
15.6063492063492,1.2820972701684,1.45875799946067,0.541781422876365,90.7212461305586
15.6064484126984,1.28198909542357,1.45868668117196,0.541522291158059,90.7220265813604
15.6065476190476,1.28188093243128,1.45861534799613,0.541263283471732,90.7228069458829
15.6066468253968,1.28177278118922,1.45854399994383,0.541004399759354,90.7235872241443
15.606746031746,1.28166464169508,1.45847263702572,0.540745639962892,90.7243674161632
15.6068452380952,1.28155651394654,1.45840125925244,0.540487004024357,90.7251475219579
15.6069444444444,1.28144839794129,1.45832986663464,0.540228491885754,90.7259275415467
15.6070436507936,1.28134029367704,1.45825845918296,0.539970103489137,90.7267074749481
15.6071428571429,1.28123220115147,1.45818703690803,0.539711838776551,90.7274873221803
15.6072420634921,1.28112412036229,1.45811559982047,0.539453697690083,90.7282670832618
15.6073412698413,1.2810160513072,1.45804414793093,0.539195680171839,90.7290467582109
15.6074404761905,1.28090799398388,1.45797268125002,0.538937786163925,90.729826347046
15.6075396825397,1.28079994839006,1.45790119978835,0.538680015608497,90.7306058497853
15.6076388888889,1.28069191452342,1.45782970355655,0.538422368447699,90.7313852664472
15.6077380952381,1.28058389238168,1.45775819256521,0.538164844623727,90.7321645970501
15.6078373015873,1.28047588196253,1.45768666682495,0.537907444078769,90.7329438416123
15.6079365079365,1.2803678832637,1.45761512634636,0.537650166755058,90.7337230001521
15.6080357142857,1.28025989628289,1.45754357114005,0.537393012594822,90.7345020726877
15.6081349206349,1.28015192101781,1.4574720012166,0.537135981540337,90.7352810592376
15.6082341269841,1.28004395746617,1.4574004165866,0.536879073533871,90.73605995982
15.6083333333333,1.27993600562569,1.45732881726063,0.536622288517739,90.7368387744532
15.6084325396825,1.27982806549409,1.45725720324927,0.536365626434251,90.7376175031555
15.6085317460317,1.27972013706908,1.45718557456311,0.536109087225761,90.7383961459452
15.608630952381,1.27961222034838,1.4571139312127,0.53585267083462,90.7391747028406
15.6087301587302,1.27950431532971,1.45704227320861,0.535596377203217,90.7399531738599
15.6088293650794,1.2793964220108,1.45697060056141,0.535340206273961,90.7407315590214
15.6089285714286,1.27928854038937,1.45689891328166,0.535084157989263,90.7415098583434
15.6090277777778,1.27918067046315,1.4568272113799,0.53482823229158,90.7422880718441
15.609126984127,1.27907281222986,1.45675549486668,0.534572429123362,90.7430661995418
15.6092261904762,1.27896496568723,1.45668376375256,0.534316748427106,90.7438442414547
15.6093253968254,1.27885713083299,1.45661201804806,0.534061190145303,90.744622197601
15.6094246031746,1.27874930766488,1.45654025776374,0.533805754220491,90.7454000679991
15.6095238095238,1.27864149618063,1.4564684829101,0.533550440595201,90.7461778526671
15.609623015873,1.27853369637797,1.4563966934977,0.533295249212012,90.7469555516232
15.6097222222222,1.27842590825464,1.45632488953704,0.533040180013495,90.7477331648857
15.6098214285714,1.27831813180838,1.45625307103865,0.532785232942269,90.7485106924728
15.6099206349206,1.27821036703693,1.45618123801304,0.532530407940946,90.7492881344027
15.6100198412698,1.27810261393804,1.45610939047073,0.532275704952185,90.7500654906935
15.610119047619,1.27799487250943,1.45603752842221,0.532021123918638,90.7508427613636
15.6102182539683,1.27788714274886,1.45596565187799,0.531766664782999,90.751619946431
15.6103174603175,1.27777942465408,1.45589376084857,0.531512327487981,90.7523970459139
15.6104166666667,1.27767171822283,1.45582185534443,0.531258111976297,90.7531740598306
15.6105158730159,1.27756402345287,1.45574993537608,0.531004018190707,90.7539509881992
15.6106150793651,1.27745634034194,1.45567800095399,0.530750046073964,90.7547278310379
15.6107142857143,1.2773486688878,1.45560605208864,0.530496195568871,90.7555045883648
15.6108134920635,1.27724100908819,1.45553408879051,0.530242466618219,90.7562812601981
15.6109126984127,1.27713336094089,1.45546211107007,0.529988859164852,90.757057846556
15.6110119047619,1.27702572444364,1.45539011893779,0.529735373151602,90.7578343474565
15.6111111111111,1.2769180995942,1.45531811240413,0.529482008521353,90.7586107629178
15.6112103174603,1.27681048639034,1.45524609147954,0.529228765216978,90.7593870929582
15.6113095238095,1.27670288482982,1.45517405617449,0.5289756431814,90.7601633375956
15.6114087301587,1.27659529491039,1.45510200649943,0.528722642357534,90.7609394968482
15.6115079365079,1.27648771662983,1.45502994246479,0.528469762688343,90.7617155707341
15.6116071428571,1.27638014998591,1.45495786408103,0.528217004116782,90.7624915592715
15.6117063492064,1.27627259497638,1.45488577135857,0.527964366585848,90.7632674624784
15.6118055555556,1.27616505159903,1.45481366430785,0.527711850038556,90.764043280373
15.6119047619048,1.27605751985162,1.4547415429393,0.527459454417925,90.7648190129733
15.612003968254,1.27594999973193,1.45466940726334,0.527207179667016,90.7655946602974
15.6121031746032,1.27584249123773,1.4545972572904,0.526955025728887,90.7663702223635
15.6122023809524,1.2757349943668,1.45452509303089,0.526702992546643,90.7671456991895
15.6123015873016,1.27562750911692,1.45445291449522,0.526451080063379,90.7679210907936
15.6124007936508,1.27552003548586,1.45438072169379,0.526199288222242,90.7686963971938
15.6125,1.27541257347141,1.45430851463702,0.525947616966368,90.7694716184083
15.6125992063492,1.27530512307135,1.45423629333529,0.525696066238942,90.7702467544549
15.6126984126984,1.27519768428347,1.45416405779901,0.525444635983144,90.7710218053519
15.6127976190476,1.27509025710555,1.45409180803856,0.525193326142197,90.7717967711172
15.6128968253968,1.27498284153538,1.45401954406432,0.524942136659321,90.7725716517689
15.612996031746,1.27487543757074,1.45394726588669,0.524691067477781,90.7733464473249
15.6130952380952,1.27476804520944,1.45387497351603,0.524440118540837,90.7741211578034
15.6131944444444,1.27466066444925,1.45380266696272,0.524189289791788,90.7748957832224
15.6132936507937,1.27455329528798,1.45373034623714,0.523938581173954,90.7756703235999
15.6133928571429,1.27444593772343,1.45365801134963,0.523687992630654,90.7764447789538
15.6134920634921,1.27433859175338,1.45358566231056,0.523437524105256,90.7772191493022
15.6135912698413,1.27423125737564,1.45351329913029,0.523187175541119,90.7779934346632
15.6136904761905,1.27412393458801,1.45344092181917,0.522936946881651,90.7787676350546
15.6137896825397,1.27401662338828,1.45336853038754,0.522686838070253,90.7795417504944
15.6138888888889,1.27390932377427,1.45329612484575,0.522436849050372,90.7803157810008
15.6139880952381,1.27380203574378,1.45322370520414,0.522186979765449,90.7810897265915
15.6140873015873,1.27369475929461,1.45315127147303,0.521937230158973,90.7818635872847
15.6141865079365,1.27358749442457,1.45307882366277,0.521687600174425,90.7826373630982
15.6142857142857,1.27348024113148,1.45300636178367,0.521438089755333,90.7834110540501
15.6143849206349,1.27337299941315,1.45293388584606,0.52118869884522,90.7841846601582
15.6144841269841,1.27326576926738,1.45286139586025,0.520939427387655,90.7849581814406
15.6145833333333,1.27315855069199,1.45278889183655,0.5206902753262,90.7857316179152
15.6146825396825,1.2730513436848,1.45271637378528,0.520441242604457,90.7865049695999
15.6147817460317,1.27294414824363,1.45264384171674,0.520192329166051,90.7872782365126
15.614880952381,1.27283696436629,1.45257129564122,0.519943534954603,90.7880514186713
15.6149801587302,1.27272979205061,1.45249873556902,0.519694859913785,90.7888245160939
15.6150793650794,1.27262263129441,1.45242616151044,0.519446303987259,90.7895975287983
15.6151785714286,1.27251548209552,1.45235357347576,0.519197867118736,90.7903704568024
15.6152777777778,1.27240834445175,1.45228097147526,0.51894954925192,90.7911433001241
15.615376984127,1.27230121836094,1.45220835551923,0.518701350330562,90.7919160587814
15.6154761904762,1.27219410382092,1.45213572561792,0.518453270298407,90.7926887327921
15.6155753968254,1.27208700082951,1.45206308178163,0.518205309099246,90.7934613221741
15.6156746031746,1.27197990938455,1.4519904240206,0.517957466676863,90.7942338269453
15.6157738095238,1.27187282948387,1.4519177523451,0.517709742975091,90.7950062471235
15.615873015873,1.27176576112531,1.45184506676538,0.517462137937755,90.7957785827267
15.6159722222222,1.2716587043067,1.45177236729171,0.517214651508727,90.7965508337726
15.6160714285714,1.27155165902589,1.45169965393433,0.516967283631874,90.7973230002793
15.6161706349206,1.2714446252807,1.45162692670347,0.5167200342511,90.7980950822644
15.6162698412698,1.271337603069,1.45155418560939,0.516472903310332,90.7988670797459
15.616369047619,1.27123059238861,1.45148143066231,0.516225890753498,90.7996389927416
15.6164682539683,1.27112359323738,1.45140866187247,0.515978996524569,90.8004108212694
15.6165674603175,1.27101660561316,1.45133587925009,0.515732220567513,90.801182565347
15.6166666666667,1.2709096295138,1.45126308280539,0.515485562826344,90.8019542249923
15.6167658730159,1.27080266493714,1.4511902725486,0.515239023245069,90.8027258002231
15.6168650793651,1.27069571188105,1.45111744848993,0.514992601767742,90.8034972910573
15.6169642857143,1.27058877034336,1.45104461063958,0.514746298338411,90.8042686975126
15.6170634920635,1.27048184032194,1.45097175900777,0.514500112901171,90.8050400196068
15.6171626984127,1.27037492181463,1.45089889360468,0.51425404540011,90.8058112573578
15.6172619047619,1.27026801481931,1.45082601444053,0.514008095779363,90.8065824107833
15.6173611111111,1.27016111933382,1.45075312152549,0.513762263983059,90.8073534799012
15.6174603174603,1.27005423535603,1.45068021486977,0.513516549955372,90.8081244647291
15.6175595238095,1.2699473628838,1.45060729448353,0.513270953640473,90.808895365285
15.6176587301587,1.26984050191499,1.45053436037697,0.513025474982571,90.8096661815865
15.6177579365079,1.26973365244747,1.45046141256025,0.512780113925894,90.8104369136514
15.6178571428571,1.26962681447911,1.45038845104356,0.512534870414673,90.8112075614975
15.6179563492063,1.26951998800777,1.45031547583704,0.512289744393185,90.8119781251424
15.6180555555556,1.26941317303133,1.45024248695087,0.5120447358057,90.8127486046041
15.6181547619048,1.26930636954766,1.45016948439521,0.511799844596534,90.8135189999002
15.618253968254,1.26919957755462,1.4500964681802,0.511555070709999,90.8142893110485
15.6183531746032,1.26909279705011,1.45002343831599,0.511310414090451,90.8150595380666
15.6184523809524,1.26898602803198,1.44995039481274,0.511065874682242,90.8158296809723
15.6185515873016,1.26887927049812,1.44987733768058,0.510821452429771,90.8165997397834
15.6186507936508,1.26877252444641,1.44980426692965,0.510577147277427,90.8173697145175
15.61875,1.26866578987474,1.44973118257008,0.51033295916965,90.8181396051923
15.6188492063492,1.26855906678097,1.44965808461199,0.510088888050872,90.8189094118256
15.6189484126984,1.26845235516301,1.44958497306552,0.509844933865572,90.8196791344351
15.6190476190476,1.26834565501873,1.44951184794077,0.509601096558221,90.8204487730384
15.6191468253968,1.26823896634602,1.44943870924787,0.509357376073333,90.8212183276533
15.619246031746,1.26813228914278,1.44936555699693,0.50911377235544,90.8219877982973
15.6193452380952,1.26802562340688,1.44929239119805,0.508870285349076,90.8227571849882
15.6194444444444,1.26791896913623,1.44921921186133,0.50862691499882,90.8235264877437
15.6195436507937,1.26781232632872,1.44914601899687,0.508383661249245,90.8242957065814
15.6196428571429,1.26770569498224,1.44907281261477,0.508140524044973,90.825064841519
15.6197420634921,1.2675990750947,1.44899959272511,0.507897503330616,90.8258338925741
15.6198412698413,1.26749246666398,1.44892635933798,0.507654599050837,90.8266028597643
15.6199404761905,1.267385869688,1.44885311246346,0.507411811150288,90.8273717431074
15.6200396825397,1.26727928416465,1.44877985211163,0.507169139573672,90.828140542621
15.6201388888889,1.26717271009183,1.44870657829255,0.506926584265683,90.8289092583226
15.6202380952381,1.26706614746746,1.44863329101629,0.506684145171064,90.8296778902299
15.6203373015873,1.26695959628943,1.44855999029292,0.506441822234548,90.8304464383606
15.6204365079365,1.26685305655566,1.4484866761325,0.506199615400918,90.8312149027322
15.6205357142857,1.26674652826405,1.44841334854508,0.50595752461495,90.8319832833623
15.6206349206349,1.26664001141252,1.44834000754071,0.505715549821461,90.8327515802686
15.6207341269841,1.26653350599899,1.44826665312944,0.505473690965285,90.8335197934687
15.6208333333333,1.26642701202135,1.44819328532131,0.505231947991259,90.8342879229801
15.6209325396825,1.26632052947754,1.44811990412635,0.504990320844266,90.8350559688203
15.6210317460317,1.26621405836547,1.44804650955461,0.504748809469184,90.8358239310072
15.621130952381,1.26610759868306,1.4479731016161,0.504507413810936,90.836591809558
15.6212301587302,1.26600115042822,1.44789968032085,0.504266133814439,90.8373596044906
15.6213293650794,1.26589471359889,1.4478262456789,0.504024969424657,90.8381273158223
15.6214285714286,1.26578828819299,1.44775279770023,0.503783920586547,90.8388949435708
15.6215277777778,1.26568187420844,1.44767933639489,0.503542987245115,90.8396624877536
15.621626984127,1.26557547164316,1.44760586177285,0.503302169345359,90.8404299483883
15.6217261904762,1.2654690804951,1.44753237384415,0.503061466832323,90.8411973254923
15.6218253968254,1.26536270076217,1.44745887261876,0.502820879651045,90.8419646190834
15.6219246031746,1.26525633244232,1.44738535810668,0.502580407746612,90.8427318291788
15.6220238095238,1.26514997553347,1.44731183031791,0.502340051064103,90.8434989557963
15.622123015873,1.26504363003355,1.44723828926243,0.502099809548636,90.8442659989533
15.6222222222222,1.26493729594052,1.44716473495023,0.50185968314535,90.8450329586673
15.6223214285714,1.2648309732523,1.44709116739127,0.501619671799386,90.8457998349559
15.6224206349206,1.26472466196684,1.44701758659554,0.50137977545593,90.8465666278365
15.6225198412698,1.26461836208207,1.446943992573,0.501139994060163,90.8473333373266
15.622619047619,1.26451207359595,1.44687038533361,0.50090032755731,90.8480999634437
15.6227182539683,1.2644057965064,1.44679676488734,0.500660775892592,90.8488665062053
15.6228174603175,1.2642995308114,1.44672313124415,0.500421339011278,90.8496329656289
15.6229166666667,1.26419327650886,1.44664948441397,0.500182016858627,90.850399341732
15.6230158730159,1.26408703359676,1.44657582440677,0.499942809379948,90.851165634532
15.6231150793651,1.26398080207304,1.44650215123248,0.499703716520542,90.8519318440463
15.6232142857143,1.26387458193565,1.44642846490104,0.499464738225757,90.8526979702925
15.6233134920635,1.26376837318255,1.44635476542239,0.499225874440935,90.8534640132881
15.6234126984127,1.26366217581169,1.44628105280645,0.498987125111465,90.8542299730503
15.6235119047619,1.26355598982103,1.44620732706316,0.498748490182729,90.8549958495967
15.6236111111111,1.26344981520853,1.44613358820243,0.49850996960015,90.8557616429448
15.6237103174603,1.26334365197215,1.44605983623418,0.498271563309169,90.8565273531118
15.6238095238095,1.26323750010985,1.44598607116832,0.498033271255231,90.8572929801154
15.6239087301587,1.2631313596196,1.44591229301477,0.497795093383825,90.8580585239728
15.6240079365079,1.26302523049936,1.44583850178342,0.497557029640434,90.8588239847015
15.6241071428571,1.26291911274711,1.44576469748418,0.497319079970588,90.859589362319
15.6242063492064,1.26281300636079,1.44569088012694,0.497081244319812,90.8603546568425
15.6243055555556,1.2627069113384,1.44561704972159,0.496843522633676,90.8611198682895
15.6244047619048,1.26260082767789,1.44554320627802,0.496605914857744,90.8618849966774
15.624503968254,1.26249475537725,1.44546934980612,0.496368420937627,90.8626500420236
15.6246031746032,1.26238869443444,1.44539548031575,0.49613104081893,90.8634150043454
15.6247023809524,1.26228264484745,1.44532159781681,0.495893774447305,90.8641798836603
15.6248015873016,1.26217660661425,1.44524770231914,0.495656621768396,90.8649446799855
15.6249007936508,1.26207057973282,1.44517379383263,0.495419582727896,90.8657093933385
15.625,1.26196456420115,1.44509987236713,0.49518265727149,90.8664740237366
15.6250992063492,1.26185856001721,1.4450259379325,0.494945845344904,90.8672385711972
15.6251984126984,1.26175256717899,1.44495199053859,0.494709146893884,90.8680030357375
15.6252976190476,1.26164658568448,1.44487803019525,0.494472561864176,90.868767417375
15.6253968253968,1.26154061553167,1.44480405691233,0.494236090201573,90.869531716127
15.625496031746,1.26143465671853,1.44473007069966,0.493999731851862,90.8702959320108
15.6255952380952,1.26132870924308,1.44465607156708,0.493763486760877,90.8710600650437
15.6256944444444,1.26122277310328,1.44458205952441,0.493527354874443,90.871824115243
15.6257936507936,1.26111684829715,1.4445080345815,0.493291336138437,90.8725880826261
15.6258928571429,1.26101093482268,1.44443399674816,0.493055430498724,90.8733519672102
15.6259920634921,1.26090503267786,1.4443599460342,0.492819637901219,90.8741157690127
15.6260912698413,1.26079914186069,1.44428588244945,0.492583958291831,90.8748794880509
15.6261904761905,1.26069326236917,1.44421180600371,0.492348391616514,90.875643124342
15.6262896825397,1.26058739420131,1.44413771670678,0.492112937821217,90.8764066779033
15.6263888888889,1.26048153735511,1.44406361456847,0.491877596851934,90.8771701487522
15.6264880952381,1.26037569182857,1.44398949959858,0.491642368654655,90.8779335369058
15.6265873015873,1.2602698576197,1.4439153718069,0.491407253175409,90.8786968423815
15.6266865079365,1.26016403472651,1.44384123120321,0.491172250360245,90.8794600651964
15.6267857142857,1.260058223147,1.4437670777973,0.490937360155212,90.8802232053679
15.6268849206349,1.2599524228792,1.44369291159895,0.490702582506407,90.8809862629132
15.6269841269841,1.25984663392111,1.44361873261794,0.49046791735992,90.8817492378496
15.6270833333333,1.25974085627074,1.44354454086403,0.490233364661887,90.8825121301943
15.6271825396825,1.25963508992612,1.44347033634699,0.48999892435844,90.8832749399645
15.6272817460317,1.25952933488526,1.44339611907659,0.489764596395755,90.8840376671774
15.627380952381,1.25942359114618,1.44332188906258,0.489530380720003,90.8848003118503
15.6274801587302,1.25931785870691,1.44324764631471,0.489296277277401,90.8855628740004
15.6275793650794,1.25921213756545,1.44317339084275,0.489062286014162,90.8863253536449
15.6276785714286,1.25910642771985,1.44309912265642,0.488828406876542,90.887087750801
15.6277777777778,1.25900072916812,1.44302484176548,0.488594639810795,90.8878500654859
15.627876984127,1.25889504190829,1.44295054817965,0.488360984763218,90.8886122977168
15.6279761904762,1.25878936593839,1.44287624190868,0.488127441680104,90.8893744475109
15.6280753968254,1.25868370125645,1.44280192296228,0.487894010507784,90.8901365148854
15.6281746031746,1.2585780478605,1.44272759135019,0.487660691192612,90.8908984998574
15.6282738095238,1.25847240574858,1.44265324708212,0.48742748368094,90.8916604024441
15.628373015873,1.25836677491873,1.44257889016779,0.487194387919168,90.8924222226627
15.6284722222222,1.25826115536897,1.4425045206169,0.48696140385369,90.8931839605303
15.6285714285714,1.25815554709735,1.44243013843917,0.486728531430944,90.8939456160641
15.6286706349206,1.2580499501019,1.4423557436443,0.486495770597365,90.8947071892813
15.6287698412698,1.25794436438068,1.44228133624198,0.486263121299434,90.895468680199
15.628869047619,1.25783878993171,1.44220691624191,0.486030583483624,90.8962300888343
15.6289682539683,1.25773322675306,1.44213248365378,0.485798157096457,90.8969914152044
15.6290674603175,1.25762767484275,1.44205803848727,0.485565842084448,90.8977526593263
15.6291666666667,1.25752213419885,1.44198358075207,0.485333638394156,90.8985138212173
15.6292658730159,1.2574166048194,1.44190911045784,0.485101545972138,90.8992749008943
15.6293650793651,1.25731108670245,1.44183462761427,0.484869564764995,90.9000358983746
15.6294642857143,1.25720557984605,1.44176013223102,0.484637694719324,90.9007968136753
15.6295634920635,1.25710008424826,1.44168562431775,0.484405935781759,90.9015576468134
15.6296626984127,1.25699459990714,1.44161110388413,0.484174287898955,90.9023183978059
15.6297619047619,1.25688912682074,1.4415365709398,0.483942751017571,90.9030790666702
15.6298611111111,1.25678366498712,1.44146202549442,0.483711325084307,90.9038396534231
15.6299603174603,1.25667821440434,1.44138746755763,0.483480010045862,90.9046001580818
15.6300595238095,1.25657277507047,1.44131289713909,0.483248805848978,90.9053605806633
15.6301587301587,1.25646734698356,1.44123831424841,0.483017712440392,90.9061209211848
15.6302579365079,1.25636193014169,1.44116371889525,0.482786729766888,90.9068811796632
15.6303571428571,1.25625652454292,1.44108911108922,0.482555857775243,90.9076413561156
15.6304563492063,1.25615113018532,1.44101449083996,0.482325096412282,90.9084014505591
15.6305555555556,1.25604574706695,1.44093985815708,0.482094445624823,90.9091614630107
15.6306547619048,1.2559403751859,1.4408652130502,0.48186390535973,90.9099213934875
15.630753968254,1.25583501454023,1.44079055552892,0.481633475563862,90.9106812420064
15.6308531746032,1.25572966512803,1.44071588560287,0.481403156184123,90.9114410085846
15.6309523809524,1.25562432694735,1.44064120328164,0.481172947167413,90.912200693239
15.6310515873016,1.25551899999629,1.44056650857483,0.480942848460671,90.9129602959866
15.6311507936508,1.25541368427292,1.44049180149204,0.480712860010854,90.9137198168445
15.63125,1.25530837977533,1.44041708204285,0.480482981764924,90.9144792558297
15.6313492063492,1.2552030865016,1.44034235023686,0.480253213669885,90.915238612959
15.6314484126984,1.25509780444981,1.44026760608364,0.480023555672739,90.9159978882497
15.6315476190476,1.25499253361804,1.44019284959277,0.479794007720531,90.9167570817186
15.6316468253968,1.25488727400439,1.44011808077383,0.479564569760302,90.9175161933827
15.631746031746,1.25478202560695,1.44004329963638,0.479335241739139,90.9182752232589
15.6318452380952,1.2546767884238,1.43996850619,0.479106023604123,90.9190341713644
15.6319444444444,1.25457156245305,1.43989370044423,0.478876915302381,90.9197930377159
15.6320436507937,1.25446634769277,1.43981888240864,0.478647916781034,90.9205518223306
15.6321428571429,1.25436114414107,1.43974405209277,0.478419027987251,90.9213105252253
15.6322420634921,1.25425595179605,1.43966920950618,0.478190248868193,90.9220691464169
15.6323412698413,1.2541507706558,1.43959435465841,0.477961579371068,90.9228276859225
15.6324404761905,1.25404560071842,1.439519487559,0.477733019443079,90.923586143759
15.6325396825397,1.25394044198202,1.43944460821747,0.477504569031467,90.9243445199432
15.6326388888889,1.2538352944447,1.43936971664338,0.477276228083496,90.9251028144922
15.6327380952381,1.25373015810456,1.43929481284622,0.477047996546427,90.9258610274228
15.6328373015873,1.25362503295972,1.43921989683554,0.47681987436757,90.9266191587519
15.6329365079365,1.25351991900827,1.43914496862085,0.476591861494229,90.9273772084965
15.6330357142857,1.25341481624834,1.43907002821165,0.476363957873753,90.9281351766735
15.6331349206349,1.25330972467802,1.43899507561747,0.476136163453487,90.9288930632997
15.6332341269841,1.25320464429544,1.4389201108478,0.475908478180819,90.9296508683921
15.6333333333333,1.25309957509871,1.43884513391214,0.475680902003135,90.9304085919675
15.6334325396825,1.25299451708594,1.43877014482,0.475453434867865,90.9311662340429
15.6335317460317,1.25288947025526,1.43869514358085,0.475226076722434,90.931923794635
15.633630952381,1.25278443460477,1.4386201302042,0.474998827514312,90.9326812737608
15.6337301587302,1.25267941013261,1.43854510469951,0.474771687190966,90.9334386714371
15.6338293650794,1.2525743968369,1.43847006707628,0.474544655699905,90.9341959876808
15.6339285714286,1.25246939471575,1.43839501734397,0.474317732988637,90.9349532225088
15.6340277777778,1.2523644037673,1.43831995551206,0.474090919004706,90.9357103759378
15.634126984127,1.25225942398967,1.43824488159001,0.473864213695678,90.9364674479847
15.6342261904762,1.25215445538099,1.43816979558728,0.473637617009119,90.9372244386664
15.6343253968254,1.2520494979394,1.43809469751334,0.473411128892642,90.9379813479997
15.6344246031746,1.25194455166302,1.43801958737762,0.473184749293853,90.9387381760015
15.6345238095238,1.25183961654999,1.43794446518959,0.472958478160406,90.9394949226884
15.634623015873,1.25173469259843,1.43786933095869,0.472732315439947,90.9402515880774
15.6347222222222,1.2516297798065,1.43779418469435,0.472506261080169,90.9410081721852
15.6348214285714,1.25152487817233,1.43771902640601,0.472280315028762,90.9417646750288
15.6349206349206,1.25141998769406,1.43764385610311,0.472054477233458,90.9425210966247
15.6350198412698,1.25131510836982,1.43756867379506,0.471828747641985,90.9432774369899
15.635119047619,1.25121024019777,1.4374934794913,0.471603126202117,90.9440336961411
15.6352182539683,1.25110538317605,1.43741827320124,0.471377612861624,90.9447898740952
15.6353174603175,1.2510005373028,1.4373430549343,0.47115220756832,90.9455459708688
15.6354166666667,1.25089570257617,1.43726782469989,0.470926910270013,90.9463019864788
15.6355158730159,1.25079087899431,1.4371925825074,0.470701720914553,90.9470579209419
15.6356150793651,1.25068606655538,1.43711732836626,0.470476639449808,90.9478137742748
15.6357142857143,1.25058126525752,1.43704206228584,0.470251665823648,90.9485695464944
15.6358134920635,1.2504764750989,1.43696678427554,0.470026799983988,90.9493252376174
15.6359126984127,1.25037169607765,1.43689149434476,0.469802041878739,90.9500808476605
15.6360119047619,1.25026692819195,1.43681619250287,0.469577391455857,90.9508363766404
15.6361111111111,1.25016217143995,1.43674087875926,0.469352848663292,90.9515918245739
15.6362103174603,1.25005742581982,1.4366655531233,0.469128413449041,90.9523471914776
15.6363095238095,1.24995269132971,1.43659021560436,0.468904085761095,90.9531024773684
15.6364087301587,1.24984796796779,1.43651486621182,0.468679865547491,90.953857682263
15.6365079365079,1.24974325573222,1.43643950495502,0.46845575275626,90.9546128061779
15.6366071428571,1.24963855462118,1.43636413184334,0.46823174733548,90.9553678491301
15.6367063492063,1.24953386463282,1.43628874688612,0.468007849233223,90.956122811136
15.6368055555556,1.24942918576533,1.43621335009272,0.467784058397606,90.9568776922125
15.6369047619048,1.24932451801686,1.43613794147248,0.467560374776743,90.9576324923761
15.637003968254,1.2492198613856,1.43606252103474,0.467336798318784,90.9583872116437
15.6371031746032,1.24911521586972,1.43598708878884,0.467113328971902,90.9591418500318
15.6372023809524,1.2490105814674,1.43591164474411,0.46688996668427,90.9598964075572
15.6373015873016,1.24890595817681,1.43583618890988,0.466666711404106,90.9606508842364
15.6374007936508,1.24880134599614,1.43576072129547,0.466443563079625,90.9614052800862
15.6375,1.24869674492356,1.43568524191021,0.466220521659085,90.9621595951232
15.6375992063492,1.24859215495726,1.4356097507634,0.465997587090742,90.9629138293641
15.6376984126984,1.24848757609542,1.43553424786437,0.465774759322893,90.9636679828254
15.6377976190476,1.24838300833623,1.43545873322241,0.465552038303834,90.9644220555238
15.6378968253968,1.24827845167788,1.43538320684683,0.465329423981905,90.965176047476
15.637996031746,1.24817390611856,1.43530766874693,0.465106916305441,90.9659299586986
15.6380952380952,1.24806937165645,1.435232118932,0.464884515222822,90.9666837892081
15.6381944444444,1.24796484828975,1.43515655741133,0.464662220682424,90.9674375390212
15.6382936507936,1.24786033601665,1.43508098419421,0.464440032632668,90.9681912081546
15.6383928571429,1.24775583483535,1.43500539928992,0.464217951021969,90.9689447966248
15.6384920634921,1.24765134474404,1.43492980270773,0.463995975798783,90.9696983044483
15.6385912698413,1.24754686574094,1.43485419445692,0.463774106911584,90.9704517316419
15.6386904761905,1.24744239782422,1.43477857454675,0.46355234430885,90.971205078222
15.6387896825397,1.2473379409921,1.43470294298649,0.463330687939102,90.9719583442053
15.6388888888889,1.24723349524278,1.4346272997854,0.463109137750858,90.9727115296083
15.6389880952381,1.24712906057447,1.43455164495274,0.462887693692679,90.9734646344476
15.6390873015873,1.24702463698537,1.43447597849775,0.462666355713124,90.9742176587397
15.6391865079365,1.24692022447369,1.43440030042968,0.462445123760795,90.9749706025013
15.6392857142857,1.24681582303764,1.43432461075777,0.46222399778429,90.9757234657488
15.6393849206349,1.24671143267543,1.43424890949127,0.462002977732251,90.9764762484988
15.6394841269841,1.24660705338527,1.4341731966394,0.461782063553319,90.9772289507679
15.6395833333333,1.24650268516539,1.4340974722114,0.461561255196176,90.9779815725725
15.6396825396825,1.24639832801398,1.43402173621648,0.4613405526095,90.9787341139293
15.6397817460317,1.24629398192929,1.43394598866388,0.461119955742017,90.9794865748547
15.639880952381,1.24618964690951,1.43387022956281,0.460899464542446,90.9802389553652
15.6399801587302,1.24608532295287,1.43379445892247,0.460679078959544,90.9809912554774
15.6400793650794,1.24598101005761,1.43371867675209,0.460458798942091,90.9817434752078
15.6401785714286,1.24587670822193,1.43364288306085,0.460238624438866,90.9824956145728
15.6402777777778,1.24577241744407,1.43356707785797,0.460018555398693,90.983247673589
15.640376984127,1.24566813772225,1.43349126115264,0.459798591770395,90.9839996522728
15.6404761904762,1.2455638690547,1.43341543295404,0.459578733502836,90.9847515506407
15.6405753968254,1.24545961143966,1.43333959327136,0.459358980544878,90.9855033687093
15.6406746031746,1.24535536487535,1.43326374211379,0.459139332845425,90.9862551064949
15.6407738095238,1.24525112936,1.43318787949051,0.45891979035338,90.9870067640141
15.640873015873,1.24514690489187,1.43311200541068,0.458700353017689,90.9877583412833
15.6409722222222,1.24504269146916,1.43303611988348,0.458481020787294,90.9885098383189
15.6410714285714,1.24493848909015,1.43296022291807,0.458261793611181,90.9892612551375
15.6411706349206,1.24483429775304,1.43288431452361,0.458042671438333,90.9900125917554
15.6412698412698,1.2447301174561,1.43280839470926,0.457823654217777,90.9907638481891
15.641369047619,1.24462594819756,1.43273246348417,0.457604741898537,90.991515024455
15.6414682539683,1.24452178997567,1.43265652085749,0.457385934429672,90.9922661205696
15.6415674603175,1.24441764278867,1.43258056683837,0.457167231760265,90.9930171365492
15.6416666666667,1.24431350663482,1.43250460143593,0.4569486338394,90.9937680724104
15.6417658730159,1.24420938151236,1.43242862465933,0.456730140616204,90.9945189281694
15.6418650793651,1.24410526741953,1.43235263651767,0.456511752039802,90.9952697038428
15.6419642857143,1.24400116435461,1.43227663702011,0.456293468059362,90.9960203994468
15.6420634920635,1.24389707231584,1.43220062617574,0.456075288624049,90.996771014998
15.6421626984127,1.24379299130147,1.43212460399371,0.455857213683071,90.9975215505126
15.6422619047619,1.24368892130976,1.4320485704831,0.455639243185634,90.9982720060071
15.6423611111111,1.24358486233898,1.43197252565305,0.455421377080987,90.9990223814979
15.6424603174603,1.24348081438738,1.43189646951264,0.455203615318375,90.9997726770013
15.6425595238095,1.24337677745322,1.43182040207099,0.454985957847089,91.0005228925336
15.6426587301587,1.24327275153478,1.43174432333718,0.454768404616413,91.0012730281113
15.6427579365079,1.24316873663031,1.43166823332031,0.454550955575679,91.0020230837507
15.6428571428571,1.24306473273807,1.43159213202947,0.454333610674212,91.0027730594682
15.6429563492064,1.24296073985635,1.43151601947374,0.454116369861378,91.00352295528
15.6430555555556,1.24285675798341,1.4314398956622,0.45389923308656,91.0042727712026
15.6431547619048,1.24275278711752,1.43136376060393,0.453682200299147,91.0050225072522
15.643253968254,1.24264882725696,1.43128761430799,0.453465271448569,91.0057721634452
15.6433531746032,1.24254487839999,1.43121145678344,0.453248446484254,91.006521739798
15.6434523809524,1.2424409405449,1.43113528803937,0.453031725355673,91.0072712363267
15.6435515873016,1.24233701368997,1.43105910808481,0.452815108012295,91.0080206530478
15.6436507936508,1.24223309783347,1.43098291692883,0.452598594403631,91.0087699899775
15.64375,1.24212919297369,1.43090671458047,0.45238218447919,91.0095192471322
15.6438492063492,1.2420252991089,1.43083050104878,0.452165878188524,91.010268424528
15.6439484126984,1.2419214162374,1.43075427634279,0.451949675481183,91.0110175221814
15.6440476190476,1.24181754435747,1.43067804047155,0.451733576306758,91.0117665401086
15.6441468253968,1.24171368346739,1.43060179344408,0.451517580614841,91.0125154783259
15.644246031746,1.24160983356546,1.43052553526942,0.451301688355063,91.0132643368495
15.6443452380952,1.24150599464996,1.43044926595659,0.451085899477055,91.0140131156957
15.6444444444444,1.24140216671919,1.43037298551459,0.450870213930485,91.0147618148808
15.6445436507937,1.24129834977145,1.43029669395246,0.45065463166504,91.015510434421
15.6446428571429,1.24119454380502,1.4302203912792,0.450439152630411,91.0162589743326
15.6447420634921,1.24109074881822,1.43014407750382,0.450223776776332,91.0170074346318
15.6448412698413,1.24098696480932,1.43006775263531,0.450008504052535,91.0177558153349
15.6449404761905,1.24088319177664,1.42999141668268,0.449793334408794,91.018504116458
15.6450396825397,1.24077942971847,1.42991506965492,0.44957826779488,91.0192523380174
15.6451388888889,1.24067567863313,1.42983871156101,0.449363304160609,91.0200004800294
15.6452380952381,1.24057193851891,1.42976234240995,0.449148443455793,91.0207485425101
15.6453373015873,1.24046820937412,1.42968596221071,0.448933685630287,91.0214965254758
15.6454365079365,1.24036449119707,1.42960957097226,0.448719030633944,91.0222444289426
15.6455357142857,1.24026078398607,1.42953316870359,0.448504478416659,91.0229922529268
15.6456349206349,1.24015708773943,1.42945675541365,0.448290028928326,91.0237399974445
15.6457341269841,1.24005340245547,1.42938033111141,0.44807568211888,91.0244876625119
15.6458333333333,1.23994972813249,1.42930389580583,0.447861437938256,91.0252352481453
15.6459325396825,1.23984606476882,1.42922744950586,0.447647296336424,91.0259827543607
15.6460317460317,1.23974241236277,1.42915099222046,0.447433257263375,91.0267301811744
15.646130952381,1.23963877091266,1.42907452395856,0.447219320669103,91.0274775286026
15.6462301587302,1.23953514041682,1.42899804472912,0.447005486503647,91.0282247966613
15.6463293650794,1.23943152087356,1.42892155454106,0.446791754717039,91.0289719853667
15.6464285714286,1.23932791228121,1.42884505340333,0.446578125259359,91.029719094735
15.6465277777778,1.2392243146381,1.42876854132484,0.446364598080681,91.0304661247824
15.646626984127,1.23912072794255,1.42869201831453,0.446151173131123,91.0312130755249
15.6467261904762,1.23901715219289,1.42861548438131,0.445937850360801,91.0319599469787
15.6468253968254,1.23891358738745,1.4285389395341,0.445724629719874,91.0327067391599
15.6469246031746,1.23881003352456,1.42846238378181,0.445511511158496,91.0334534520847
15.6470238095238,1.23870649060257,1.42838581713335,0.445298494626868,91.0342000857691
15.647123015873,1.23860295861979,1.42830923959762,0.445085580075186,91.0349466402293
15.6472222222222,1.23849943757458,1.42823265118352,0.444872767453689,91.0356931154813
15.6473214285714,1.23839592746526,1.42815605189994,0.444660056712614,91.0364395115413
15.6474206349206,1.23829242829018,1.42807944175578,0.444447447802235,91.0371858284253
15.6475198412698,1.23818894004769,1.42800282075992,0.444234940672847,91.0379320661495
15.647619047619,1.23808546273611,1.42792618892123,0.444022535274747,91.0386782247298
15.6477182539683,1.2379819963538,1.42784954624861,0.443810231558275,91.0394243041825
15.6478174603175,1.23787854089911,1.42777289275092,0.44359802947377,91.0401703045236
15.6479166666667,1.23777509637038,1.42769622843702,0.443385928971613,91.040916225769
15.6480158730159,1.23767166276595,1.42761955331579,0.443173930002182,91.041662067935
15.6481150793651,1.23756824008419,1.42754286739608,0.442962032515898,91.0424078310374
15.6482142857143,1.23746482832345,1.42746617068675,0.44275023646318,91.0431535150925
15.6483134920635,1.23736142748207,1.42738946319665,0.44253854179449,91.0438991201161
15.6484126984127,1.23725803755842,1.42731274493463,0.442326948460287,91.0446446461245
15.6485119047619,1.23715465855086,1.42723601590953,0.442115456411074,91.0453900931335
15.6486111111111,1.23705129045773,1.42715927613018,0.44190406559735,91.0461354611592
15.6487103174603,1.23694793327741,1.42708252560543,0.441692775969659,91.0468807502177
15.6488095238095,1.23684458700824,1.4270057643441,0.441481587478539,91.0476259603249
15.6489087301587,1.23674125164861,1.42692899235501,0.441270500074569,91.0483710914968
15.6490079365079,1.23663792719688,1.426852209647,0.441059513708347,91.0491161437495
15.6491071428571,1.2365346136514,1.42677541622887,0.440848628330472,91.049861117099
15.6492063492063,1.23643131101055,1.42669861210944,0.440637843891589,91.0506060115612
15.6493055555556,1.2363280192727,1.42662179729751,0.44042716034234,91.0513508271521
15.6494047619048,1.23622473843622,1.4265449718019,0.440216577633408,91.0520955638877
15.649503968254,1.23612146849949,1.4264681356314,0.440006095715475,91.0528402217841
15.6496031746032,1.23601820946088,1.4263912887948,0.439795714539266,91.053584800857
15.6497023809524,1.23591496131876,1.4263144313009,0.439585434055503,91.0543293011226
15.6498015873016,1.23581172407151,1.42623756315848,0.439375254214951,91.0550737225967
15.6499007936508,1.23570849771752,1.42616068437633,0.439165174968372,91.0558180652954
15.65,1.23560528225516,1.42608379496322,0.438955196266573,91.0565623292345
15.6500992063492,1.23550207768282,1.42600689492793,0.438745318060356,91.05730651443
15.6501984126984,1.23539888399889,1.42592998427923,0.438535540300567,91.0580506208979
15.6502976190476,1.23529570120173,1.42585306302589,0.43832586293805,91.058794648654
15.6503968253968,1.23519252928976,1.42577613117665,0.438116285923685,91.0595385977144
15.650496031746,1.23508936826135,1.42569918874029,0.437906809208374,91.0602824680948
15.6505952380952,1.2349862181149,1.42562223572555,0.43769743274302,91.0610262598113
15.6506944444444,1.23488307884879,1.42554527214118,0.43748815647857,91.0617699728797
15.6507936507937,1.23477995046142,1.42546829799593,0.43727898036597,91.0625136073159
15.6508928571429,1.2346768329512,1.42539131329854,0.437069904356207,91.0632571631359
15.6509920634921,1.23457372631651,1.42531431805773,0.436860928400265,91.0640006403555
15.6510912698413,1.23447063055575,1.42523731228224,0.436652052449172,91.0647440389906
15.6511904761905,1.23436754566732,1.42516029598081,0.436443276453955,91.065487359057
15.6512896825397,1.23426447164963,1.42508326916214,0.436234600365682,91.0662306005707
15.6513888888889,1.23416140850108,1.42500623183496,0.436026024135417,91.0669737635476
15.6514880952381,1.23405835622007,1.42492918400798,0.435817547714271,91.0677168480034
15.6515873015873,1.23395531480501,1.42485212568992,0.43560917105335,91.0684598539541
15.6516865079365,1.23385228425431,1.42477505688947,0.435400894103802,91.0692027814155
15.6517857142857,1.23374926456638,1.42469797761534,0.435192716816774,91.0699456304034
15.6518849206349,1.23364625573963,1.42462088787622,0.434984639143451,91.0706884009337
15.6519841269841,1.23354325777248,1.42454378768081,0.434776661035037,91.0714310930222
15.6520833333333,1.23344027066333,1.42446667703779,0.43456878244274,91.0721737066848
15.6521825396825,1.2333372944106,1.42438955595585,0.434361003317809,91.0729162419372
15.6522817460317,1.23323432901271,1.42431242444367,0.434153323611492,91.0736586987953
15.652380952381,1.23313137446809,1.42423528250992,0.433945743275081,91.0744010772748
15.6524801587302,1.23302843077515,1.42415813016328,0.433738262259863,91.0751433773917
15.6525793650794,1.23292549793231,1.4240809674124,0.43353088051717,91.0758855991617
15.6526785714286,1.232822575938,1.42400379426596,0.433323597998331,91.0766277426006
15.6527777777778,1.23271966479065,1.42392661073261,0.433116414654717,91.0773698077242
15.652876984127,1.23261676448867,1.42384941682099,0.432909330437697,91.0781117945482
15.6529761904762,1.23251387503051,1.42377221253978,0.432702345298684,91.0788537030885
15.6530753968254,1.23241099641459,1.4236949978976,0.432495459189087,91.0795955333608
15.6531746031746,1.23230812863934,1.42361777290309,0.432288672060359,91.0803372853808
15.6532738095238,1.23220527170319,1.42354053756491,0.432081983863949,91.0810789591645
15.653373015873,1.23210242560459,1.42346329189167,0.431875394551346,91.0818205547274
15.6534722222222,1.23199959034196,1.423386035892,0.431668904074056,91.0825620720854
15.6535714285714,1.23189676591375,1.42330876957453,0.431462512383591,91.0833035112542
15.6536706349206,1.2317939523184,1.42323149294788,0.431256219431504,91.0840448722495
15.6537698412698,1.23169114955435,1.42315420602067,0.431050025169346,91.0847861550872
15.653869047619,1.23158835762004,1.42307690880149,0.430843929548711,91.0855273597828
15.6539682539683,1.23148557651391,1.42299960129896,0.430637932521191,91.0862684863521
15.6540674603175,1.23138280623442,1.42292228352169,0.430432034038421,91.0870095348108
15.6541666666667,1.23128004678001,1.42284495547827,0.430226234052032,91.0877505051748
15.6542658730159,1.23117729814913,1.42276761717728,0.430020532513699,91.0884913974595
15.6543650793651,1.23107456034022,1.42269026862733,0.429814929375095,91.0892322116808
15.6544642857143,1.23097183335176,1.422612909837,0.429609424587935,91.0899729478544
15.6545634920635,1.23086911718217,1.42253554081486,0.429404018103934,91.0907136059959
15.6546626984127,1.23076641182994,1.4224581615695,0.429198709874844,91.091454186121
15.6547619047619,1.2306637172935,1.42238077210947,0.428993499852422,91.0921946882455
15.6548611111111,1.23056103357132,1.42230337244337,0.428788387988456,91.0929351123849
15.6549603174603,1.23045836066187,1.42222596257974,0.428583374234758,91.0936754585549
15.6550595238095,1.2303556985636,1.42214854252714,0.428378458543142,91.0944157267712
15.6551587301587,1.23025304727497,1.42207111229413,0.428173640865465,91.0951559170495
15.6552579365079,1.23015040679446,1.42199367188927,0.427968921153581,91.0958960294054
15.6553571428571,1.23004777712053,1.42191622132109,0.427764299359388,91.0966360638545
15.6554563492064,1.22994515825164,1.42183876059814,0.42755977543478,91.0973760204126
15.6555555555556,1.22984255018627,1.42176128972895,0.427355349331696,91.0981158990951
15.6556547619048,1.22973995292289,1.42168380872207,0.42715102100207,91.0988556999178
15.655753968254,1.22963736645998,1.42160631758601,0.426946790397881,91.0995954228962
15.6558531746032,1.229534790796,1.4215288163293,0.426742657471105,91.1003350680461
15.6559523809524,1.22943222592943,1.42145130496047,0.426538622173761,91.1010746353829
15.6560515873016,1.22932967185876,1.42137378348803,0.426334684457864,91.1018141249223
15.6561507936508,1.22922712858246,1.42129625192049,0.426130844275474,91.1025535366799
15.65625,1.22912459609901,1.42121871026635,0.425927101578647,91.1032928706713
15.6563492063492,1.22902207440689,1.42114115853413,0.425723456319478,91.1040321269121
15.6564484126984,1.2289195635046,1.42106359673232,0.42551990845008,91.1047713054178
15.6565476190476,1.22881706339062,1.42098602486941,0.425316457922571,91.1055104062041
15.6566468253968,1.22871457406343,1.4209084429539,0.42511310468911,91.1062494292865
15.656746031746,1.22861209552152,1.42083085099427,0.424909848701857,91.1069883746806
15.6568452380952,1.22850962776338,1.420753248999,0.424706689913011,91.1077272424019
15.6569444444444,1.22840717078751,1.42067563697657,0.42450362827477,91.108466032466
15.6570436507936,1.22830472459241,1.42059801493546,0.424300663739376,91.1092047448884
15.6571428571429,1.22820228917655,1.42052038288413,0.424097796259068,91.1099433796847
15.6572420634921,1.22809986453845,1.42044274083105,0.423895025786126,91.1106819368704
15.6573412698413,1.2279974506766,1.42036508878467,0.423692352272831,91.1114204164611
15.6574404761905,1.22789504758951,1.42028742675345,0.423489775671503,91.1121588184722
15.6575396825397,1.22779265527566,1.42020975474585,0.423287295934462,91.1128971429194
15.6576388888889,1.22769027373358,1.42013207277031,0.423084913014072,91.113635389818
15.6577380952381,1.22758790296175,1.42005438083528,0.422882626862691,91.1143735591837
15.6578373015873,1.22748554295869,1.41997667894919,0.422680437432717,91.115111651032
15.6579365079365,1.22738319372292,1.41989896712048,0.422478344676568,91.1158496653782
15.6580357142857,1.22728085525292,1.41982124535757,0.422276348546664,91.1165876022379
15.6581349206349,1.22717852754723,1.4197435136689,0.422074448995468,91.1173254616267
15.6582341269841,1.22707621060434,1.41966577206288,0.421872645975442,91.1180632435599
15.6583333333333,1.22697390442279,1.41958802054794,0.421670939439089,91.1188009480531
15.6584325396825,1.22687160900107,1.41951025913248,0.421469329338911,91.1195385751218
15.6585317460317,1.22676932433772,1.41943248782492,0.421267815627453,91.1202761247813
15.658630952381,1.22666705043124,1.41935470663365,0.421066398257256,91.1210135970473
15.6587301587302,1.22656478728016,1.41927691556709,0.420865077180905,91.1217509919349
15.6588293650794,1.22646253488301,1.41919911463361,0.420663852350982,91.1224883094599
15.6589285714286,1.2263602932383,1.41912130384162,0.420462723720114,91.1232255496376
15.6590277777778,1.22625806234456,1.41904348319951,0.420261691240922,91.1239627124834
15.659126984127,1.22615584220032,1.41896565271565,0.420060754866072,91.1246997980128
15.6592261904762,1.22605363280411,1.41888781239842,0.419859914548228,91.1254368062412
15.6593253968254,1.22595143415446,1.4188099622562,0.41965917024009,91.126173737184
15.6594246031746,1.2258492462499,1.41873210229737,0.419458521894378,91.1269105908566
15.6595238095238,1.22574706908897,1.41865423253027,0.419257969463818,91.1276473672745
15.659623015873,1.22564490267019,1.41857635296328,0.419057512901174,91.128384066453
15.6597222222222,1.22554274699211,1.41849846360475,0.418857152159212,91.1291206884076
15.6598214285714,1.22544060205327,1.41842056446304,0.41865688719074,91.1298572331536
15.6599206349206,1.2253384678522,1.41834265554649,0.418456717948561,91.1305937007064
15.6600198412698,1.22523634438744,1.41826473686345,0.418256644385524,91.1313300910814
15.660119047619,1.22513423165755,1.41818680842225,0.418056666454473,91.132066404294
15.6602182539683,1.22503212966106,1.41810887023124,0.417856784108297,91.1328026403595
15.6603174603175,1.22493003839651,1.41803092229875,0.417656997299882,91.1335387992933
15.6604166666667,1.22482795786247,1.41795296463309,0.417457305982156,91.1342748811109
15.6605158730159,1.22472588805748,1.4178749972426,0.417257710108045,91.1350108858274
15.6606150793651,1.22462382898008,1.41779702013559,0.417058209630517,91.1357468134583
15.6607142857143,1.22452178062883,1.41771903332038,0.416858804502541,91.1364826640189
15.6608134920635,1.22441974300229,1.41764103680527,0.416659494677119,91.1372184375246
15.6609126984127,1.22431771609902,1.41756303059858,0.416460280107276,91.1379541339906
15.6610119047619,1.22421569991756,1.41748501470859,0.416261160746038,91.1386897534324
15.6611111111111,1.22411369445648,1.41740698914362,0.416062136546476,91.1394252958652
15.6612103174603,1.22401169971433,1.41732895391195,0.415863207461657,91.1401607613043
15.6613095238095,1.22390971568969,1.41725090902187,0.415664373444692,91.140896149765
15.6614087301587,1.22380774238111,1.41717285448167,0.415465634448689,91.1416314612627
15.6615079365079,1.22370577978717,1.41709479029962,0.415266990426799,91.1423666958127
15.6616071428571,1.22360382790642,1.41701671648399,0.41506844133217,91.1431018534302
15.6617063492063,1.22350188673743,1.41693863304307,0.414869987117994,91.1438369341304
15.6618055555556,1.22339995627878,1.41686053998512,0.41467162773746,91.1445719379289
15.6619047619048,1.22329803652904,1.4167824373184,0.4144733631438,91.1453068648406
15.662003968254,1.22319612748678,1.41670432505116,0.414275193290243,91.1460417148811
15.6621031746032,1.22309422915057,1.41662620319167,0.414077118130061,91.1467764880654
15.6622023809524,1.22299234151899,1.41654807174817,0.413879137616524,91.1475111844089
15.6623015873016,1.22289046459062,1.4164699307289,0.41368125170294,91.1482458039269
15.6624007936508,1.22278859836405,1.41639178014212,0.413483460342634,91.1489803466345
15.6625,1.22268674283784,1.41631361999605,0.41328576348894,91.149714812547
15.6625992063492,1.22258489801059,1.41623545029893,0.413088161095228,91.1504492016796
15.6626984126984,1.22248306388088,1.41615727105898,0.41289065311487,91.1511835140476
15.6627976190476,1.22238124044729,1.41607908228443,0.412693239501281,91.1519177496662
15.6628968253968,1.22227942770841,1.4160008839835,0.412495920207871,91.1526519085507
15.662996031746,1.22217762566283,1.4159226761644,0.412298695188095,91.1533859907161
15.6630952380952,1.22207583430914,1.41584445883535,0.412101564395405,91.1541199961778
15.6631944444444,1.22197405364594,1.41576623200455,0.411904527783295,91.154853924951
15.6632936507937,1.22187228367181,1.4156879956802,0.411707585305257,91.1555877770508
15.6633928571429,1.22177052438536,1.41560974987051,0.411510736914827,91.1563215524923
15.6634920634921,1.22166877578517,1.41553149458366,0.411313982565538,91.157055251291
15.6635912698413,1.22156703786986,1.41545322982784,0.411117322210964,91.1577888734618
15.6636904761905,1.22146531063801,1.41537495561125,0.410920755804679,91.1585224190199
15.6637896825397,1.22136359408824,1.41529667194205,0.410724283300294,91.1592558879806
15.6638888888889,1.22126188821914,1.41521837882844,0.410527904651438,91.159989280359
15.6639880952381,1.22116019302932,1.41514007627857,0.410331619811747,91.1607225961703
15.6640873015873,1.22105850851739,1.41506176430063,0.410135428734895,91.1614558354295
15.6641865079365,1.22095683468195,1.41498344290276,0.409939331374559,91.162188998152
15.6642857142857,1.22085517152161,1.41490511209313,0.409743327684454,91.1629220843526
15.6643849206349,1.22075351903499,1.4148267718799,0.409547417618296,91.1636550940468
15.6644841269841,1.2206518772207,1.41474842227122,0.409351601129841,91.1643880272495
15.6645833333333,1.22055024607735,1.41467006327523,0.409155878172846,91.1651208839758
15.6646825396825,1.22044862560356,1.41459169490007,0.408960248701107,91.165853664241
15.6647817460317,1.22034701579795,1.41451331715389,0.408764712668422,91.16658636806
15.664880952381,1.22024541665913,1.41443493004482,0.408569270028627,91.1673189954481
15.6649801587302,1.22014382818573,1.41435653358097,0.408373920735559,91.1680515464203
15.6650793650794,1.22004225037637,1.4142781277705,0.408178664743097,91.1687840209917
15.6651785714286,1.21994068322968,1.4141997126215,0.407983502005118,91.1695164191775
15.6652777777778,1.21983912674427,1.4141212881421,0.407788432475534,91.1702487409926
15.665376984127,1.21973758091878,1.41404285434041,0.40759345610828,91.1709809864521
15.6654761904762,1.21963604575183,1.41396441122454,0.407398572857294,91.1717131555712
15.6655753968254,1.21953452124207,1.41388595880259,0.407203782676553,91.172445248365
15.6656746031746,1.2194330073881,1.41380749708265,0.407009085520037,91.1731772648483
15.6657738095238,1.21933150418859,1.41372902607284,0.406814481341766,91.1739092050365
15.665873015873,1.21923001164214,1.41365054578123,0.406619970095758,91.1746410689444
15.6659722222222,1.21912852974741,1.41357205621592,0.406425551736073,91.1753728565871
15.6660714285714,1.21902705850303,1.41349355738497,0.40623122621677,91.1761045679796
15.6661706349206,1.21892559790765,1.41341504929648,0.40603699349195,91.1768362031371
15.6662698412698,1.21882414795989,1.41333653195852,0.405842853515712,91.1775677620745
15.666369047619,1.21872270865842,1.41325800537915,0.405648806242199,91.1782992448068
15.6664682539683,1.21862128000186,1.41317946956643,0.405454851625548,91.1790306513492
15.6665674603175,1.21851986198888,1.41310092452844,0.405260989619942,91.1797619817164
15.6666666666667,1.2184184546181,1.41302237027322,0.405067220179561,91.1804932359237
15.6667658730159,1.21831705788819,1.41294380680884,0.404873543258622,91.181224413986
15.6668650793651,1.2182156717978,1.41286523414332,0.404679958811362,91.1819555159182
15.6669642857143,1.21811429634558,1.41278665228473,0.404486466792022,91.1826865417354
15.6670634920635,1.21801293153018,1.41270806124109,0.404293067154884,91.1834174914525
15.6671626984127,1.21791157735025,1.41262946102045,0.404099759854229,91.1841483650846
15.6672619047619,1.21781023380447,1.41255085163083,0.403906544844382,91.1848791626466
15.6673611111111,1.21770890089147,1.41247223308026,0.403713422079663,91.1856098841535
15.6674603174603,1.21760757860994,1.41239360537676,0.403520391514436,91.1863405296201
15.6675595238095,1.21750626695852,1.41231496852834,0.403327453103064,91.1870710990616
15.6676587301587,1.21740496593588,1.41223632254303,0.40313460679995,91.1878015924928
15.6677579365079,1.21730367554069,1.41215766742883,0.402941852559497,91.1885320099287
15.6678571428571,1.21720239577162,1.41207900319375,0.40274919033615,91.1892623513842
15.6679563492063,1.21710112662732,1.41200032984578,0.402556620084352,91.1899926168743
15.6680555555556,1.21699986810648,1.41192164739292,0.402364141758587,91.1907228064138
15.6681547619048,1.21689862020776,1.41184295584317,0.40217175531334,91.1914529200178
15.668253968254,1.21679738292984,1.4117642552045,0.401979460703129,91.192182957701
15.6683531746032,1.21669615627139,1.41168554548491,0.401787257882496,91.1929129194785
15.6684523809524,1.21659494023109,1.41160682669238,0.401595146805985,91.1936428053652
15.6685515873016,1.21649373480762,1.41152809883487,0.401403127428181,91.1943726153758
15.6686507936508,1.21639253999965,1.41144936192036,0.401211199703669,91.1951023495254
15.66875,1.21629135580587,1.41137061595681,0.401019363587075,91.1958320078288
15.6688492063492,1.21619018222496,1.41129186095218,0.400827619033026,91.196561590301
15.6689484126984,1.2160890192556,1.41121309691444,0.400635965996186,91.1972910969566
15.6690476190476,1.21598786689649,1.41113432385154,0.400444404431223,91.1980205278108
15.6691468253968,1.2158867251463,1.41105554177142,0.400252934292843,91.1987498828783
15.669246031746,1.21578559400373,1.41097675068203,0.400061555535753,91.1994791621739
15.6693452380952,1.21568447346747,1.41089795059131,0.3998702681147,91.2002083657126
15.6694444444444,1.21558336353621,1.41081914150719,0.39967907198443,91.2009374935092
15.6695436507936,1.21548226420864,1.41074032343761,0.399487967099732,91.2016665455784
15.6696428571429,1.21538117548347,1.41066149639049,0.399296953415393,91.2023955219353
15.6697420634921,1.21528009735937,1.41058266037376,0.399106030886235,91.2031244225946
15.6698412698413,1.21517902983507,1.41050381539533,0.398915199467103,91.2038532475711
15.6699404761905,1.21507797290925,1.41042496146313,0.398724459112843,91.2045819968796
15.6700396825397,1.21497692658062,1.41034609858505,0.398533809778345,91.205310670535
15.6701388888889,1.21487589084788,1.41026722676901,0.398343251418498,91.206039268552
15.6702380952381,1.21477486570974,1.41018834602291,0.39815278398823,91.2067677909456
15.6703373015873,1.2146738511649,1.41010945635464,0.39796240744247,91.2074962377304
15.6704365079365,1.21457284721207,1.41003055777211,0.397772121736188,91.2082246089213
15.6705357142857,1.21447185384996,1.40995165028318,0.397581926824354,91.208952904533
15.6706349206349,1.21437087107728,1.40987273389576,0.397391822661977,91.2096811245804
15.6707341269841,1.21426989889275,1.40979380861771,0.397201809204067,91.2104092690782
15.6708333333333,1.21416893729508,1.40971487445692,0.397011886405675,91.2111373380412
15.6709325396825,1.21406798628298,1.40963593142126,0.39682205422185,91.2118653314842
15.6710317460317,1.21396704585518,1.4095569795186,0.396632312607685,91.2125932494218
15.671130952381,1.21386611601039,1.40947801875679,0.396442661518269,91.2133210918689
15.6712301587302,1.21376519674733,1.40939904914369,0.39625310090873,91.2140488588403
15.6713293650794,1.21366428806473,1.40932007068717,0.396063630734212,91.2147765503506
15.6714285714286,1.2135633899613,1.40924108339507,0.395874250949868,91.2155041664146
15.6715277777778,1.21346250243579,1.40916208727523,0.39568496151089,91.216231707047
15.671626984127,1.21336162548691,1.4090830823355,0.395495762372469,91.2169591722626
15.6717261904762,1.21326075911339,1.40900406858371,0.395306653489838,91.2176865620761
15.6718253968254,1.21315990331396,1.4089250460277,0.395117634818229,91.2184138765022
15.6719246031746,1.21305905808736,1.4088460146753,0.394928706312915,91.2191411155555
15.6720238095238,1.21295822343231,1.40876697453432,0.394739867929169,91.2198682792509
15.672123015873,1.21285739934756,1.40868792561259,0.394551119622304,91.2205953676029
15.6722222222222,1.21275658583183,1.40860886791793,0.394362461347634,91.2213223806264
15.6723214285714,1.21265578288388,1.40852980145814,0.394173893060511,91.222049318336
15.6724206349206,1.21255499050243,1.40845072624104,0.39398541471629,91.2227761807463
15.6725198412698,1.21245420868623,1.40837164227442,0.393797026270364,91.223502967872
15.672619047619,1.21235343743403,1.40829254956608,0.393608727678128,91.2242296797279
15.6727182539683,1.21225267674456,1.40821344812382,0.393420518895011,91.2249563163286
15.6728174603175,1.21215192661658,1.40813433795543,0.393232399876464,91.2256828776886
15.6729166666667,1.21205118704882,1.4080552190687,0.393044370577939,91.2264093638228
15.6730158730159,1.21195045804005,1.40797609147139,0.392856430954934,91.2271357747457
15.6731150793651,1.21184973958901,1.4078969551713,0.392668580962943,91.227862110472
15.6732142857143,1.21174903169446,1.40781781017619,0.392480820557502,91.2285883710163
15.6733134920635,1.21164833435514,1.40773865649384,0.392293149694146,91.2293145563933
15.6734126984127,1.21154764756982,1.407659494132,0.392105568328451,91.2300406666175
15.6735119047619,1.21144697133725,1.40758032309843,0.391918076415994,91.2307667017037
15.6736111111111,1.2113463056562,1.4075011434009,0.391730673912391,91.2314926616663
15.6737103174603,1.21124565052541,1.40742195504714,0.391543360773259,91.2322185465201
15.6738095238095,1.21114500594366,1.40734275804492,0.391356136954254,91.2329443562795
15.6739087301587,1.21104437190971,1.40726355240197,0.391169002411034,91.2336700909593
15.6740079365079,1.21094374842232,1.40718433812603,0.390981957099295,91.234395750574
15.6741071428571,1.21084313548025,1.40710511522482,0.390795000974736,91.2351213351382
15.6742063492064,1.21074253308229,1.4070258837061,0.390608133993088,91.2358468446665
15.6743055555556,1.21064194122719,1.40694664357757,0.390421356110106,91.2365722791735
15.6744047619048,1.21054135991374,1.40686739484696,0.390234667281547,91.2372976386736
15.674503968254,1.2104407891407,1.40678813752198,0.390048067463209,91.2380229231816
15.6746031746032,1.21034022890684,1.40670887161035,0.389861556610891,91.2387481327119
15.6747023809524,1.21023967921096,1.40662959711979,0.389675134680433,91.2394732672791
15.6748015873016,1.21013914005181,1.40655031405797,0.389488801627672,91.2401983268977
15.6749007936508,1.21003861142819,1.40647102243262,0.389302557408488,91.2409233115823
15.675,1.20993809333886,1.40639172225143,0.389116401978762,91.2416482213475
15.6750992063492,1.20983758578263,1.40631241352208,0.388930335294411,91.2423730562077
15.6751984126984,1.20973708875827,1.40623309625226,0.388744357311357,91.2430978161775
15.6752976190476,1.20963660226456,1.40615377044966,0.388558467985559,91.2438225012714
15.6753968253968,1.2095361263003,1.40607443612195,0.388372667272978,91.2445471115039
15.675496031746,1.20943566086427,1.4059950932768,0.388186955129615,91.2452716468895
15.6755952380952,1.20933520595526,1.40591574192189,0.388001331511469,91.2459961074427
15.6756944444444,1.20923476157207,1.40583638206488,0.387815796374578,91.2467204931781
15.6757936507937,1.2091343277135,1.40575701371344,0.387630349674997,91.2474448041101
15.6758928571429,1.20903390437832,1.40567763687521,0.387444991368789,91.2481690402532
15.6759920634921,1.20893349156535,1.40559825155785,0.387259721412053,91.2488932016218
15.6760912698413,1.20883308927338,1.40551885776901,0.387074539760893,91.2496172882305
15.6761904761905,1.20873269750122,1.40543945551633,0.386889446371451,91.2503413000938
15.6762896825397,1.20863231624765,1.40536004480746,0.386704441199869,91.251065237226
15.6763888888889,1.2085319455115,1.40528062565002,0.386519524202328,91.2517890996416
15.6764880952381,1.20843158529155,1.40520119805164,0.386334695335014,91.2525128873552
15.6765873015873,1.20833123558663,1.40512176201997,0.386149954554147,91.2532366003811
15.6766865079365,1.20823089639553,1.4050423175626,0.385965301815951,91.2539602387338
15.6767857142857,1.20813056771706,1.40496286468717,0.385780737076691,91.2546838024277
15.6768849206349,1.20803024955005,1.40488340340129,0.385596260292629,91.2554072914772
15.6769841269841,1.20792994189329,1.40480393371256,0.385411871420069,91.2561307058968
15.6770833333333,1.20782964474561,1.40472445562859,0.385227570415316,91.256854045701
15.6771825396825,1.20772935810583,1.40464496915699,0.385043357234708,91.257577310904
15.6772817460317,1.20762908197275,1.40456547430534,0.384859231834606,91.2583005015203
15.677380952381,1.2075288163452,1.40448597108125,0.384675194171373,91.2590236175644
15.6774801587302,1.207428561222,1.40440645949229,0.384491244201416,91.2597466590505
15.6775793650794,1.20732831660197,1.40432693954605,0.384307381881138,91.2604696259932
15.6776785714286,1.20722808248394,1.40424741125012,0.384123607166987,91.2611925184067
15.6777777777778,1.20712785886672,1.40416787461206,0.383939920015406,91.2619153363055
15.677876984127,1.20702764574916,1.40408832963945,0.383756320382882,91.2626380797039
15.6779761904762,1.20692744313007,1.40400877633984,0.383572808225902,91.2633607486164
15.6780753968254,1.2068272510083,1.40392921472082,0.38338938350099,91.2640833430572
15.6781746031746,1.20672706938266,1.40384964478992,0.383206046164675,91.2648058630408
15.6782738095238,1.206626898252,1.40377006655471,0.383022796173522,91.2655283085814
15.678373015873,1.20652673761514,1.40369048002274,0.382839633484099,91.2662506796934
15.6784722222222,1.20642658747093,1.40361088520154,0.382656558053012,91.2669729763913
15.6785714285714,1.2063264478182,1.40353128209866,0.382473569836869,91.2676951986892
15.6786706349206,1.2062263186558,1.40345167072164,0.382290668792313,91.2684173466015
15.6787698412698,1.20612619998256,1.40337205107801,0.382107854876007,91.2691394201426
15.678869047619,1.20602609179733,1.40329242317529,0.381925128044618,91.2698614193268
15.6789682539683,1.20592599409896,1.40321278702102,0.381742488254854,91.2705833441684
15.6790674603175,1.20582590688628,1.40313314262269,0.381559935463425,91.2713051946816
15.6791666666667,1.20572583015815,1.40305348998785,0.381377469627079,91.2720269708808
15.6792658730159,1.20562576391341,1.40297382912398,0.381195090702564,91.2727486727804
15.6793650793651,1.20552570815093,1.4028941600386,0.381012798646671,91.2734703003945
15.6794642857143,1.20542566286954,1.40281448273922,0.380830593416188,91.2741918537374
15.6795634920635,1.20532562806811,1.40273479723332,0.380648474967944,91.2749133328235
15.6796626984127,1.20522560374549,1.4026551035284,0.38046644325877,91.275634737667
15.6797619047619,1.20512558990054,1.40257540163196,0.380284498245536,91.2763560682822
15.6798611111111,1.20502558653211,1.40249569155147,0.380102639885112,91.2770773246834
15.6799603174603,1.20492559363907,1.40241597329441,0.379920868134409,91.2777985068847
15.6800595238095,1.20482561122023,1.40233624686828,0.37973918295035,91.2785196149005
15.6801587301587,1.2047256392118,1.4022565123018,0.379557584309843,91.2792406487663
15.6802579365079,1.20462567755602,1.40217676962117,0.379376072190374,91.2799616085151
15.6803571428571,1.20452572625092,1.40209701883348,0.379194646552785,91.2806824941605
15.6804563492063,1.20442578529456,1.40201725994581,0.379013307357953,91.2814033057162
15.6805555555556,1.20432585468498,1.40193749296522,0.378832054566745,91.2821240431959
15.6806547619048,1.20422593442023,1.4018577178988,0.378650888140063,91.2828447066132
15.680753968254,1.20412602449835,1.40177793475361,0.378469808038801,91.2835652959819
15.6808531746032,1.2040261249174,1.40169814353672,0.378288814223883,91.2842858113155
15.6809523809524,1.20392623567542,1.4016183442552,0.378107906656228,91.2850062526279
15.6810515873016,1.20382635677046,1.4015385369161,0.377927085296787,91.2857266199325
15.6811507936508,1.20372648820058,1.40145872152649,0.377746350106503,91.2864469132431
15.68125,1.20362662996383,1.40137889809342,0.377565701046352,91.2871671325733
15.6813492063492,1.20352678205825,1.40129906662394,0.377385138077303,91.2878872779369
15.6814484126984,1.2034269444819,1.40121922712512,0.377204661160355,91.2886073493473
15.6815476190476,1.20332711723284,1.401139379604,0.377024270256502,91.2893273468183
15.6816468253968,1.20322730030912,1.40105952406762,0.376843965326764,91.2900472703635
15.681746031746,1.20312749370879,1.40097966052304,0.376663746332176,91.2907671199966
15.6818452380952,1.20302769742991,1.40089978897729,0.376483613233767,91.2914868957311
15.6819444444444,1.20292791147053,1.40081990943741,0.3763035659926,91.2922065975807
15.6820436507937,1.20282813582872,1.40074002191044,0.376123604569732,91.2929262255591
15.6821428571429,1.20272837050253,1.40066012640342,0.37594372892625,91.2936457796798
15.6822420634921,1.20262861549001,1.40058022292337,0.375763939023236,91.2943652599565
15.6823412698413,1.20252887078923,1.40050031147733,0.375584234821801,91.2950846664027
15.6824404761905,1.20242913639824,1.40042039207232,0.375404616283052,91.2958039990322
15.6825396825397,1.20232941231512,1.40034046471537,0.375225083368126,91.2965232578584
15.6826388888889,1.20222969853791,1.4002605294135,0.375045636038154,91.2972424428951
15.6827380952381,1.20212999506468,1.40018058617372,0.3748662742543,91.2979615541557
15.6828373015873,1.20203030189349,1.40010063500306,0.374686997977718,91.298680591654
15.6829365079365,1.2019306190224,1.40002067590854,0.374507807169597,91.2993995554035
15.6830357142857,1.20183094644949,1.39994070889715,0.374328701791117,91.3001184454177
15.6831349206349,1.2017312841728,1.39986073397591,0.374149681803487,91.3008372617104
15.6832341269841,1.20163163219041,1.39978075115184,0.373970747167925,91.301556004295
15.6833333333333,1.20153199050039,1.39970076043192,0.373791897845651,91.3022746731851
15.6834325396825,1.2014323591008,1.39962076182317,0.373613133797915,91.3029932683944
15.6835317460317,1.2013327379897,1.39954075533258,0.37343445498596,91.3037117899364
15.683630952381,1.20123312716516,1.39946074096716,0.37325586137106,91.3044302378246
15.6837301587302,1.20113352662526,1.39938071873388,0.373077352914485,91.3051486120727
15.6838293650794,1.20103393636806,1.39930068863976,0.372898929577534,91.3058669126941
15.6839285714286,1.20093435639163,1.39922065069177,0.3727205913215,91.3065851397025
15.6840277777778,1.20083478669405,1.3991406048969,0.372542338107709,91.3073032931114
15.684126984127,1.20073522727337,1.39906055126214,0.372364169897478,91.3080213729345
15.6842261904762,1.20063567812769,1.39898048979446,0.372186086652157,91.3087393791851
15.6843253968254,1.20053613925506,1.39890042050086,0.37200808833309,91.3094573118768
15.6844246031746,1.20043661065356,1.3988203433883,0.371830174901652,91.3101751710233
15.6845238095238,1.20033709232126,1.39874025846375,0.371652346319209,91.3108929566381
15.684623015873,1.20023758425624,1.3986601657342,0.371474602547159,91.3116106687346
15.6847222222222,1.20013808645658,1.3985800652066,0.371296943546907,91.3123283073264
15.6848214285714,1.20003859892035,1.39849995688793,0.37111936927986,91.3130458724271
15.6849206349206,1.19993912164563,1.39841984078515,0.370941879707455,91.3137633640501
15.6850198412698,1.19983965463048,1.39833971690522,0.370764474791123,91.314480782209
15.685119047619,1.19974019787301,1.3982595852551,0.370587154492325,91.3151981269173
15.6852182539683,1.19964075137127,1.39817944584175,0.370409918772518,91.3159153981886
15.6853174603175,1.19954131512335,1.39809929867212,0.370232767593188,91.3166325960363
15.6854166666667,1.19944188912733,1.39801914375316,0.370055700915816,91.317349720474
15.6855158730159,1.19934247338129,1.39793898109183,0.369878718701915,91.318066771515
15.6856150793651,1.19924306788331,1.39785881069506,0.369701820912989,91.3187837491731
15.6857142857143,1.19914367263148,1.3977786325698,0.369525007510576,91.3195006534616
15.6858134920635,1.19904428762388,1.397698446723,0.369348278456207,91.3202174843941
15.6859126984127,1.19894491285858,1.39761825316159,0.369171633711442,91.3209342419839
15.6860119047619,1.19884554833368,1.3975380518925,0.368995073237839,91.3216509262448
15.6861111111111,1.19874619404725,1.39745784292268,0.368818596996979,91.32236753719
15.6862103174603,1.1986468499974,1.39737762625906,0.368642204950457,91.3230840748331
15.6863095238095,1.19854751618219,1.39729740190855,0.368465897059865,91.3238005391876
15.6864087301587,1.19844819259972,1.3972171698781,0.368289673286829,91.3245169302669
15.6865079365079,1.19834887924807,1.39713693017462,0.368113533592967,91.3252332480846
15.6866071428571,1.19824957612533,1.39705668280504,0.367937477939927,91.325949492654
15.6867063492064,1.1981502832296,1.39697642777626,0.367761506289352,91.3266656639887
15.6868055555556,1.19805100055896,1.39689616509522,0.367585618602918,91.327381762102
15.6869047619048,1.1979517281115,1.39681589476882,0.367409814842292,91.3280977870076
15.687003968254,1.19785246588531,1.39673561680397,0.367234094969172,91.3288137387188
15.6871031746032,1.19775321387848,1.39665533120759,0.367058458945253,91.329529617249
15.6872023809524,1.19765397208911,1.39657503798658,0.366882906732259,91.3302454226117
15.6873015873016,1.19755474051529,1.39649473714784,0.366707438291906,91.3309611548204
15.6874007936508,1.19745551915511,1.39641442869828,0.366532053585945,91.3316768138885
15.6875,1.19735630800667,1.39633411264479,0.366356752576119,91.3323923998295
15.6875992063492,1.19725710706806,1.39625378899426,0.366181535224196,91.3331079126567
15.6876984126984,1.19715791633737,1.39617345775361,0.36600640149196,91.3338233523836
15.6877976190476,1.19705873581271,1.3960931189297,0.365831351341189,91.3345387190236
15.6878968253968,1.19695956549217,1.39601277252944,0.365656384733696,91.3352540125901
15.687996031746,1.19686040537385,1.39593241855971,0.365481501631287,91.3359692330967
15.6880952380952,1.19676125545585,1.39585205702739,0.365306701995797,91.3366843805566
15.6881944444444,1.19666211573625,1.39577168793937,0.365131985789057,91.3373994549833
15.6882936507936,1.19656298621318,1.39569131130251,0.364957352972929,91.3381144563902
15.6883928571429,1.19646386688472,1.39561092712371,0.364782803509268,91.3388293847907
15.6884920634921,1.19636475774897,1.39553053540983,0.36460833735996,91.3395442401982
15.6885912698413,1.19626565880405,1.39545013616774,0.364433954486886,91.3402590226262
15.6886904761905,1.19616657004804,1.39536972940431,0.364259654851957,91.3409737320879
15.6887896825397,1.19606749147906,1.39528931512641,0.364085438417078,91.3416883685969
15.6888888888889,1.19596842309521,1.3952088933409,0.363911305144186,91.3424029321664
15.6889880952381,1.19586936489458,1.39512846405464,0.363737254995211,91.3431174228099
15.6890873015873,1.1957703168753,1.39504802727449,0.36356328793211,91.3438318405407
15.6891865079365,1.19567127903545,1.39496758300732,0.363389403916852,91.3445461853723
15.6892857142857,1.19557225137316,1.39488713125995,0.363215602911404,91.345260457318
15.6893849206349,1.19547323388653,1.39480667203927,0.363041884877766,91.3459746563911
15.6894841269841,1.19537422657365,1.3947262053521,0.362868249777929,91.3466887826051
15.6895833333333,1.19527522943265,1.39464573120529,0.362694697573919,91.3474028359733
15.6896825396825,1.19517624246163,1.39456524960569,0.362521228227753,91.3481168165091
15.6897817460317,1.19507726565871,1.39448476056015,0.362347841701478,91.3488307242257
15.689880952381,1.19497829902199,1.39440426407549,0.362174537957139,91.3495445591367
15.6899801587302,1.19487934254958,1.39432376015855,0.362001316956808,91.3502583212553
15.6900793650794,1.19478039623959,1.39424324881617,0.361828178662553,91.3509720105949
15.6901785714286,1.19468146009015,1.39416273005518,0.361655123036474,91.3516856271688
15.6902777777778,1.19458253409936,1.3940822038824,0.361482150040662,91.3523991709904
15.690376984127,1.19448361826533,1.39400167030467,0.361309259637241,91.3531126420729
15.6904761904762,1.19438471258618,1.3939211293288,0.361136451788329,91.3538260404298
15.6905753968254,1.19428581706003,1.39384058096161,0.360963726456069,91.3545393660744
15.6906746031746,1.19418693168499,1.39376002520993,0.360791083602619,91.3552526190199
15.6907738095238,1.19408805645918,1.39367946208057,0.360618523190132,91.3559657992798
15.690873015873,1.19398919138071,1.39359889158034,0.360446045180796,91.3566789068673
15.6909722222222,1.19389033644771,1.39351831371606,0.36027364953679,91.3573919417957
15.6910714285714,1.19379149165829,1.39343772849453,0.360101336220326,91.3581049040784
15.6911706349206,1.19369265701057,1.39335713592255,0.359929105193607,91.3588177937287
15.6912698412698,1.19359383250268,1.39327653600694,0.359756956418871,91.3595306107598
15.691369047619,1.19349501813272,1.39319592875448,0.359584889858347,91.3602433551852
15.6914682539683,1.19339621389883,1.39311531417199,0.359412905474295,91.3609560270179
15.6915674603175,1.19329741979913,1.39303469226624,0.359241003228972,91.3616686262715
15.6916666666667,1.19319863583174,1.39295406304405,0.359069183084663,91.3623811529592
15.6917658730159,1.19309986199478,1.39287342651219,0.358897445003647,91.3630936070942
15.6918650793651,1.19300109828637,1.39279278267747,0.358725788948236,91.3638059886898
15.6919642857143,1.19290234470465,1.39271213154665,0.358554214880735,91.3645182977594
15.6920634920635,1.19280360124773,1.39263147312653,0.358382722763474,91.3652305343161
15.6921626984127,1.19270486791375,1.39255080742388,0.358211312558798,91.3659426983733
15.6922619047619,1.19260614470083,1.39247013444549,0.358039984229048,91.3666547899443
15.6923611111111,1.19250743160709,1.39238945419812,0.357868737736599,91.3673668090423
15.6924603174603,1.19240872863068,1.39230876668856,0.357697573043817,91.3680787556806
15.6925595238095,1.1923100357697,1.39222807192357,0.3575264901131,91.3687906298724
15.6926587301587,1.1922113530223,1.39214736990992,0.357355488906842,91.369502431631
15.6927579365079,1.19211268038661,1.39206666065437,0.357184569387464,91.3702141609697
15.6928571428571,1.19201401786075,1.39198594416369,0.357013731517385,91.3709258179017
15.6929563492063,1.19191536544286,1.39190522044465,0.356842975259053,91.3716374024402
15.6930555555556,1.19181672313107,1.39182448950398,0.356672300574909,91.3723489145985
15.6931547619048,1.19171809092352,1.39174375134846,0.356501707427427,91.3730603543899
15.693253968254,1.19161946881832,1.39166300598484,0.356331195779074,91.3737717218275
15.6933531746032,1.19152085681364,1.39158225341986,0.356160765592349,91.3744830169247
15.6934523809524,1.19142225490758,1.39150149366027,0.355990416829743,91.3751942396946
15.6935515873016,1.1913236630983,1.39142072671282,0.355820149453775,91.3759053901504
15.6936507936508,1.19122508138392,1.39133995258425,0.355649963426976,91.3766164683054
15.69375,1.19112650976259,1.3912591712813,0.355479858711875,91.3773274741729
15.6938492063492,1.19102794823245,1.39117838281072,0.355309835271033,91.378038407766
15.6939484126984,1.19092939679162,1.39109758717922,0.355139893067005,91.3787492690979
15.6940476190476,1.19083085543826,1.39101678439355,0.354970032062376,91.3794600581818
15.6941468253968,1.19073232417049,1.39093597446044,0.354800252219726,91.3801707750311
15.694246031746,1.19063380298647,1.39085515738662,0.354630553501665,91.3808814196587
15.6943452380952,1.19053529188433,1.3907743331788,0.354460935870798,91.3815919920781
15.6944444444444,1.19043679086221,1.39069350184372,0.35429139928976,91.3823024923023
15.6945436507937,1.19033829991826,1.39061266338809,0.35412194372118,91.3830129203445
15.6946428571429,1.19023981905062,1.39053181781863,0.35395256912772,91.383723276218
15.6947420634921,1.19014134825743,1.39045096514205,0.353783275472034,91.3844335599359
15.6948412698413,1.19004288753684,1.39037010536507,0.353614062716806,91.3851437715114
15.6949404761905,1.18994443688699,1.3902892384944,0.353444930824717,91.3858539109576
15.6950396825397,1.18984599630603,1.39020836453675,0.353275879758472,91.3865639782879
15.6951388888889,1.18974756579211,1.39012748349882,0.353106909480789,91.3872739735153
15.6952380952381,1.18964914534337,1.39004659538731,0.352938019954386,91.387983896653
15.6953373015873,1.18955073495797,1.38996570020892,0.35276921114201,91.3886937477141
15.6954365079365,1.18945233463404,1.38988479797035,0.352600483006403,91.3894035267118
15.6955357142857,1.18935394436974,1.3898038886783,0.352431835510338,91.3901132336594
15.6956349206349,1.18925556416322,1.38972297233946,0.352263268616581,91.3908228685699
15.6957341269841,1.18915719401263,1.38964204896052,0.352094782287931,91.3915324314565
15.6958333333333,1.18905883391612,1.38956111854816,0.351926376487179,91.3922419223323
15.6959325396825,1.18896048387184,1.38948018110907,0.351758051177148,91.3929513412105
15.6960317460317,1.18886214387795,1.38939923664993,0.351589806320655,91.3936606881042
15.696130952381,1.1887638139326,1.38931828517743,0.351421641880547,91.3943699630266
15.6962301587302,1.18866549403394,1.38923732669824,0.351253557819666,91.3950791659908
15.6963293650794,1.18856718418013,1.38915636121903,0.351085554100885,91.3957882970099
15.6964285714286,1.18846888436932,1.38907538874648,0.350917630687071,91.3964973560971
15.6965277777778,1.18837059459967,1.38899440928725,0.350749787541116,91.3972063432654
15.696626984127,1.18827231486934,1.38891342284802,0.350582024625926,91.397915258528
15.6967261904762,1.18817404517648,1.38883242943545,0.350414341904406,91.3986241018981
15.6968253968254,1.18807578551926,1.3887514290562,0.35024673933949,91.3993328733887
15.6969246031746,1.18797753589582,1.38867042171694,0.350079216894108,91.4000415730129
15.6970238095238,1.18787929630434,1.38858940742431,0.349911774531219,91.4007502007839
15.697123015873,1.18778106674297,1.38850838618497,0.349744412213778,91.4014587567147
15.6972222222222,1.18768284720987,1.38842735800558,0.349577129904769,91.4021672408185
15.6973214285714,1.1875846377032,1.38834632289279,0.349409927567173,91.4028756531084
15.6974206349206,1.18748643822112,1.38826528085323,0.349242805163998,91.4035839935973
15.6975198412698,1.18738824876181,1.38818423189357,0.349075762658249,91.4042922622985
15.697619047619,1.18729006932342,1.38810317602043,0.348908800012961,91.405000459225
15.6977182539683,1.18719189990411,1.38802211324046,0.348741917191162,91.4057085843899
15.6978174603175,1.18709374050205,1.3879410435603,0.348575114155914,91.4064166378063
15.6979166666667,1.18699559111541,1.38785996698658,0.348408390870269,91.4071246194873
15.6980158730159,1.18689745174235,1.38777888352593,0.348241747297309,91.4078325294458
15.6981150793651,1.18679932238105,1.38769779318499,0.348075183400125,91.4085403676951
15.6982142857143,1.18670120302966,1.38761669597037,0.34790869914181,91.4092481342481
15.6983134920635,1.18660309368635,1.38753559188871,0.347742294485485,91.409955829118
15.6984126984127,1.18650499434931,1.38745448094662,0.347575969394267,91.4106634523177
15.6985119047619,1.18640690501668,1.38737336315073,0.347409723831304,91.4113710038604
15.6986111111111,1.18630882568665,1.38729223850765,0.347243557759737,91.412078483759
15.6987103174603,1.18621075635739,1.387211107024,0.347077471142738,91.4127858920267
15.6988095238095,1.18611269702707,1.38712996870639,0.346911463943474,91.4134932286765
15.6989087301587,1.18601464769386,1.38704882356143,0.346745536125141,91.4142004937214
15.6990079365079,1.18591660835593,1.38696767159572,0.346579687650931,91.4149076871744
15.6991071428571,1.18581857901145,1.38688651281587,0.346413918484067,91.4156148090487
15.6992063492063,1.18572055965861,1.38680534722848,0.346248228587764,91.4163218593572
15.6993055555556,1.18562255029558,1.38672417484016,0.346082617925271,91.4170288381129
15.6994047619048,1.18552455092053,1.38664299565749,0.345917086459827,91.4177357453289
15.699503968254,1.18542656153164,1.38656180968708,0.345751634154701,91.4184425810183
15.6996031746032,1.18532858212708,1.38648061693551,0.345586260973173,91.4191493451939
15.6997023809524,1.18523061270504,1.38639941740937,0.345420966878521,91.4198560378689
15.6998015873016,1.1851326532637,1.38631821111525,0.345255751834056,91.4205626590561
15.6999007936508,1.18503470380122,1.38623699805974,0.34509061580308,91.4212692087688
15.7,1.1849367643158,1.38615577824942,0.344925558748929,91.4219756870198
15.7000992063492,1.18483883480561,1.38607455169086,0.344760580634931,91.4226820938222
15.7001984126984,1.18474091526883,1.38599331839064,0.344595681424446,91.4233884291889
15.7002976190476,1.18464300570365,1.38591207835535,0.344430861080827,91.424094693133
15.7003968253968,1.18454510610825,1.38583083159154,0.344266119567459,91.4248008856674
15.700496031746,1.18444721648081,1.38574957810578,0.34410145684772,91.4255070068051
15.7005952380952,1.18434933681952,1.38566831790466,0.343936872885021,91.4262130565591
15.7006944444444,1.18425146712255,1.38558705099472,0.343772367642764,91.4269190349424
15.7007936507936,1.18415360738811,1.38550577738253,0.343607941084384,91.427624941968
15.7008928571429,1.18405575761436,1.38542449707465,0.343443593173309,91.4283307776488
15.7009920634921,1.1839579177995,1.38534321007764,0.343279323872995,91.4290365419978
15.7010912698413,1.18386008794172,1.38526191639805,0.343115133146909,91.429742235028
15.7011904761905,1.18376226803921,1.38518061604243,0.342951020958517,91.4304478567523
15.7012896825397,1.18366445809014,1.38509930901733,0.342786987271315,91.4311534071837
15.7013888888889,1.18356665809272,1.3850179953293,0.342623032048795,91.4318588863351
15.7014880952381,1.18346886804513,1.38493667498488,0.342459155254479,91.4325642942195
15.7015873015873,1.18337108794557,1.38485534799062,0.342295356851882,91.4332696308499
15.7016865079365,1.18327331779222,1.38477401435304,0.342131636804551,91.4339748962392
15.7017857142857,1.18317555758327,1.3846926740787,0.341967995076028,91.4346800904003
15.7018849206349,1.18307780731693,1.38461132717412,0.341804431629884,91.4353852133462
15.7019841269841,1.18298006699138,1.38452997364583,0.341640946429685,91.4360902650898
15.7020833333333,1.18288233660482,1.38444861350037,0.341477539439027,91.436795245644
15.7021825396825,1.18278461615544,1.38436724674426,0.341314210621502,91.4375001550218
15.7022817460317,1.18268690564143,1.38428587338402,0.341150959940732,91.4382049932361
15.702380952381,1.182589205061,1.38420449342618,0.340987787360332,91.4389097602998
15.7024801587302,1.18249151441234,1.38412310687725,0.340824692843944,91.4396144562258
15.7025793650794,1.18239383369366,1.38404171374375,0.340661676355222,91.4403190810271
15.7026785714286,1.18229616290313,1.3839603140322,0.340498737857822,91.4410236347165
15.7027777777778,1.18219850203898,1.3838789077491,0.340335877315425,91.441728117307
15.702876984127,1.18210085109938,1.38379749490097,0.340173094691711,91.4424325288115
15.7029761904762,1.18200321008256,1.38371607549431,0.340010389950389,91.4431368692428
15.7030753968254,1.1819055789867,1.38363464953562,0.339847763055162,91.443841138614
15.7031746031746,1.18180795781001,1.38355321703142,0.339685213969764,91.4445453369377
15.7032738095238,1.18171034655069,1.38347177798818,0.339522742657923,91.445249464227
15.703373015873,1.18161274520695,1.38339033241242,0.339360349083399,91.4459535204948
15.7034722222222,1.18151515377698,1.38330888031062,0.339198033209944,91.4466575057539
15.7035714285714,1.18141757225899,1.38322742168928,0.339035795001343,91.4473614200171
15.7036706349206,1.18132000065119,1.38314595655488,0.338873634421373,91.4480652632975
15.7037698412698,1.18122243895178,1.38306448491392,0.338711551433844,91.4487690356078
15.703869047619,1.18112488715898,1.38298300677287,0.33854954600256,91.4494727369609
15.7039682539683,1.18102734527097,1.38290152213822,0.338387618091348,91.4501763673698
15.7040674603175,1.18092981328599,1.38282003101644,0.338225767664052,91.4508799268471
15.7041666666667,1.18083229120222,1.38273853341401,0.338063994684511,91.4515834154059
15.7042658730159,1.18073477901789,1.38265702933741,0.337902299116598,91.4522868330589
15.7043650793651,1.1806372767312,1.38257551879311,0.337740680924177,91.4529901798191
15.7044642857143,1.18053978434036,1.38249400178757,0.337579140071145,91.4536934556992
15.7045634920635,1.18044230184358,1.38241247832726,0.337417676521393,91.4543966607122
15.7046626984127,1.18034482923908,1.38233094841865,0.337256290238842,91.4550997948708
15.7047619047619,1.18024736652507,1.38224941206818,0.337094981187407,91.4558028581879
15.7048611111111,1.18014991369975,1.38216786928234,0.336933749331035,91.4565058506763
15.7049603174603,1.18005247076136,1.38208632006756,0.336772594633667,91.4572087723489
15.7050595238095,1.17995503770809,1.38200476443031,0.336611517059273,91.4579116232185
15.7051587301587,1.17985761453816,1.38192320237704,0.336450516571819,91.4586144032979
15.7052579365079,1.1797602012498,1.38184163391418,0.336289593135301,91.4593171125999
15.7053571428571,1.17966279784121,1.3817600590482,0.33612874671371,91.4600197511374
15.7054563492064,1.17956540431062,1.38167847778552,0.335967977271062,91.4607223189232
15.7055555555556,1.17946802065624,1.38159689013261,0.335807284771387,91.46142481597
15.7056547619048,1.17937064687629,1.38151529609588,0.335646669178712,91.4621272422908
15.705753968254,1.179273282969,1.38143369568178,0.335486130457096,91.4628295978982
15.7058531746032,1.17917592893257,1.38135208889674,0.335325668570592,91.4635318828051
15.7059523809524,1.17907858476523,1.3812704757472,0.335165283483284,91.4642340970243
15.7060515873016,1.17898125046521,1.38118885623957,0.335004975159249,91.4649362405686
15.7061507936508,1.17888392603072,1.3811072303803,0.334844743562596,91.4656383134508
15.70625,1.17878661145999,1.38102559817579,0.334684588657427,91.4663403156837
15.7063492063492,1.17868930675124,1.38094395963247,0.334524510407877,91.46704224728
15.7064484126984,1.17859201190269,1.38086231475676,0.334364508778073,91.4677441082525
15.7065476190476,1.17849472691258,1.38078066355508,0.334204583732174,91.4684458986141
15.7066468253968,1.17839745177911,1.38069900603383,0.334044735234332,91.4691476183774
15.706746031746,1.17830018650054,1.38061734219944,0.333884963248731,91.4698492675553
15.7068452380952,1.17820293107506,1.3805356720583,0.333725267739549,91.4705508461605
15.7069444444444,1.17810568550093,1.38045399561682,0.333565648670989,91.4712523542058
15.7070436507937,1.17800844977636,1.38037231288141,0.333406106007268,91.4719537917039
15.7071428571429,1.17791122389958,1.38029062385847,0.333246639712601,91.4726551586676
15.7072420634921,1.17781400786882,1.38020892855439,0.333087249751234,91.4733564551097
15.7073412698413,1.17771680168232,1.38012722697557,0.332927936087408,91.4740576810429
15.7074404761905,1.1776196053383,1.38004551912841,0.332768698685392,91.4747588364799
15.7075396825397,1.17752241883499,1.37996380501929,0.332609537509453,91.4754599214335
15.7076388888889,1.17742524217063,1.37988208465461,0.332450452523885,91.4761609359164
15.7077380952381,1.17732807534345,1.37980035804074,0.33229144369298,91.4768618799414
15.7078373015873,1.17723091835169,1.37971862518407,0.332132510981058,91.4775627535212
15.7079365079365,1.17713377119357,1.37963688609099,0.331973654352434,91.4782635566686
15.7080357142857,1.17703663386734,1.37955514076787,0.331814873771453,91.4789642893961
15.7081349206349,1.17693950637122,1.37947338922108,0.331656169202457,91.4796649517167
15.7082341269841,1.17684238870347,1.379391631457,0.331497540609815,91.4803655436429
15.7083333333333,1.1767452808623,1.379309867482,0.331338987957893,91.4810660651876
15.7084325396825,1.17664818284596,1.37922809730244,0.331180511211082,91.4817665163634
15.7085317460317,1.17655109465269,1.3791463209247,0.331022110333785,91.482466897183
15.708630952381,1.17645401628073,1.37906453835514,0.330863785290405,91.4831672076591
15.7087301587302,1.17635694772831,1.37898274960011,0.330705536045375,91.4838674478045
15.7088293650794,1.17625988899369,1.37890095466598,0.330547362563123,91.4845676176318
15.7089285714286,1.17616284007509,1.3788191535591,0.330389264808106,91.4852677171537
15.7090277777778,1.17606580097076,1.37873734628581,0.330231242744778,91.485967746383
15.709126984127,1.17596877167894,1.37865553285249,0.330073296337621,91.4866677053323
15.7092261904762,1.17587175219788,1.37857371326546,0.329915425551113,91.4873675940142
15.7093253968254,1.17577474252582,1.37849188753108,0.329757630349761,91.4880674124415
15.7094246031746,1.17567774266101,1.37841005565569,0.329599910698068,91.4887671606269
15.7095238095238,1.17558075260168,1.37832821764563,0.329442266560568,91.489466838583
15.709623015873,1.17548377234609,1.37824637350723,0.329284697901787,91.4901664463225
15.7097222222222,1.17538680189248,1.37816452324684,0.329127204686283,91.490865983858
15.7098214285714,1.1752898412391,1.37808266687078,0.32896978687861,91.4915654512023
15.7099206349206,1.17519289038419,1.37800080438539,0.328812444443345,91.492264848368
15.7100198412698,1.17509594932602,1.377918935797,0.328655177345078,91.4929641753677
15.710119047619,1.17499901806281,1.37783706111192,0.328497985548401,91.4936634322141
15.7102182539683,1.17490209659284,1.37775518033648,0.328340869017933,91.4943626189198
15.7103174603175,1.17480518491433,1.37767329347701,0.328183827718289,91.4950617354976
15.7104166666667,1.17470828302556,1.37759140053982,0.328026861614114,91.4957607819599
15.7105158730159,1.17461139092476,1.37750950153121,0.327869970670049,91.4964597583196
15.7106150793651,1.17451450861019,1.37742759645752,0.327713154850764,91.4971586645892
15.7107142857143,1.17441763608011,1.37734568532505,0.327556414120922,91.4978575007813
15.7108134920635,1.17432077333277,1.3772637681401,0.327399748445221,91.4985562669085
15.7109126984127,1.17422392036642,1.37718184490898,0.327243157788348,91.4992549629836
15.7110119047619,1.17412707717932,1.377099915638,0.327086642115025,91.4999535890191
15.7111111111111,1.17403024376972,1.37701798033344,0.326930201389966,91.5006521450277
15.7112103174603,1.17393342013589,1.37693603900162,0.326773835577917,91.5013506310218
15.7113095238095,1.17383660627607,1.37685409164883,0.326617544643617,91.5020490470143
15.7114087301587,1.17373980218853,1.37677213828135,0.326461328551832,91.5027473930177
15.7115079365079,1.17364300787153,1.37669017890548,0.326305187267339,91.5034456690445
15.7116071428571,1.17354622332332,1.37660821352751,0.326149120754916,91.5041438751074
15.7117063492063,1.17344944854217,1.37652624215372,0.325993128979371,91.504842011219
15.7118055555556,1.17335268352633,1.37644426479039,0.325837211905507,91.5055400773919
15.7119047619048,1.17325592827407,1.37636228144381,0.325681369498154,91.5062380736386
15.712003968254,1.17315918278365,1.37628029212024,0.32552560172214,91.5069359999718
15.7121031746032,1.17306244705334,1.37619829682598,0.325369908542324,91.5076338564041
15.7122023809524,1.17296572108139,1.37611629556728,0.325214289923557,91.5083316429479
15.7123015873016,1.17286900486607,1.37603428835042,0.325058745830721,91.509029359616
15.7124007936508,1.17277229840565,1.37595227518166,0.324903276228694,91.5097270064209
15.7125,1.17267560169839,1.37587025606728,0.324747881082383,91.5104245833751
15.7125992063492,1.17257891474255,1.37578823101353,0.32459256035669,91.5111220904912
15.7126984126984,1.17248223753641,1.37570620002668,0.324437314016547,91.5118195277818
15.7127976190476,1.17238557007823,1.37562416311297,0.324282142026882,91.5125168952594
15.7128968253968,1.17228891236628,1.37554212027867,0.324127044352647,91.5132141929366
15.712996031746,1.17219226439883,1.37546007153002,0.323972020958808,91.513911420826
15.7130952380952,1.17209562617415,1.37537801687329,0.32381707181033,91.5146085789401
15.7131944444444,1.17199899769051,1.3752959563147,0.323662196872206,91.5153056672914
15.7132936507937,1.17190237894617,1.37521388986052,0.323507396109427,91.5160026858926
15.7133928571429,1.17180576993942,1.37513181751698,0.323352669487012,91.516699634756
15.7134920634921,1.17170917066852,1.37504973929032,0.323198016969976,91.5173965138944
15.7135912698413,1.17161258113176,1.37496765518678,0.323043438523364,91.5180933233201
15.7136904761905,1.17151600132739,1.37488556521259,0.322888934112214,91.5187900630458
15.7137896825397,1.1714194312537,1.374803469374,0.322734503701597,91.5194867330839
15.7138888888889,1.17132287090895,1.37472136767721,0.322580147256577,91.520183333447
15.7139880952381,1.17122632029144,1.37463926012847,0.322425864742249,91.5208798641476
15.7140873015873,1.17112977939942,1.37455714673399,0.322271656123701,91.5215763251982
15.7141865079365,1.17103324823119,1.3744750275,0.322117521366055,91.5222727166114
15.7142857142857,1.17093672678501,1.37439290243272,0.321963460434423,91.5229690383996
15.7143849206349,1.17084021505917,1.37431077153837,0.321809473293947,91.5236652905753
15.7144841269841,1.17074371305195,1.37422863482316,0.321655559909778,91.5243614731511
15.7145833333333,1.17064722076162,1.3741464922933,0.321501720247069,91.5250575861394
15.7146825396825,1.17055073818646,1.37406434395501,0.321347954271001,91.5257536295528
15.7147817460317,1.17045426532476,1.37398218981448,0.321194261946752,91.5264496034037
15.714880952381,1.17035780217481,1.37390002987793,0.321040643239528,91.5271455077046
15.7149801587302,1.17026134873487,1.37381786415155,0.320887098114532,91.527841342468
15.7150793650794,1.17016490500324,1.37373569264155,0.320733626536994,91.5285371077064
15.7151785714286,1.17006847097819,1.37365351535412,0.320580228472143,91.5292328034323
15.7152777777778,1.16997204665802,1.37357133229546,0.320426903885234,91.5299284296582
15.715376984127,1.16987563204101,1.37348914347176,0.32027365274152,91.5306239863964
15.7154761904762,1.16977922712544,1.3734069488892,0.320120475006282,91.5313194736595
15.7155753968254,1.1696828319096,1.37332474855398,0.319967370644797,91.53201489146
15.7156746031746,1.16958644639179,1.37324254247229,0.319814339622372,91.5327102398103
15.7157738095238,1.16949007057027,1.37316033065029,0.319661381904309,91.5334055187228
15.715873015873,1.16939370444335,1.37307811309417,0.319508497455935,91.5341007282101
15.7159722222222,1.16929734800932,1.37299588981011,0.319355686242589,91.5347958682845
15.7160714285714,1.16920100126646,1.37291366080429,0.319202948229612,91.5354909389586
15.7161706349206,1.16910466421307,1.37283142608286,0.319050283382372,91.5361859402447
15.7162698412698,1.16900833684743,1.37274918565201,0.318897691666233,91.5368808721553
15.716369047619,1.16891201916785,1.37266693951791,0.31874517304659,91.5375757347028
15.7164682539683,1.1688157111726,1.3725846876867,0.318592727488832,91.5382705278997
15.7165674603175,1.16871941285999,1.37250243016457,0.318440354958377,91.5389652517585
15.7166666666667,1.1686231242283,1.37242016695765,0.318288055420641,91.5396599062914
15.7167658730159,1.16852684527585,1.37233789807213,0.318135828841067,91.540354491511
15.7168650793651,1.16843057600091,1.37225562351413,0.317983675185094,91.5410490074297
15.7169642857143,1.16833431640178,1.37217334328983,0.31783159441819,91.5417434540599
15.7170634920635,1.16823806647677,1.37209105740536,0.317679586505822,91.5424378314139
15.7171626984127,1.16814182622417,1.37200876586688,0.317527651413481,91.5431321395043
15.7172619047619,1.16804559564228,1.37192646868052,0.317375789106658,91.5438263783434
15.7173611111111,1.16794937472939,1.37184416585244,0.317223999550867,91.5445205479436
15.7174603174603,1.16785316348381,1.37176185738877,0.317072282711635,91.5452146483174
15.7175595238095,1.16775696190384,1.37167954329564,0.316920638554489,91.545908679477
15.7176587301587,1.16766076998778,1.37159722357919,0.316769067044984,91.546602641435
15.7177579365079,1.16756458773392,1.37151489824555,0.316617568148674,91.5472965342037
15.7178571428571,1.16746841514058,1.37143256730086,0.316466141831138,91.5479903577954
15.7179563492064,1.16737225220605,1.37135023075122,0.316314788057953,91.5486841122226
15.7180555555556,1.16727609892864,1.37126788860279,0.316163506794726,91.5493777974976
15.7181547619048,1.16717995530665,1.37118554086166,0.316012298007059,91.5500714136329
15.718253968254,1.16708382133839,1.37110318753397,0.315861161660581,91.5507649606408
15.7183531746032,1.16698769702216,1.37102082862583,0.315710097720921,91.5514584385336
15.7184523809524,1.16689158235627,1.37093846414334,0.315559106153734,91.5521518473237
15.7185515873016,1.16679547733903,1.37085609409264,0.315408186924672,91.5528451870236
15.7186507936508,1.16669938196874,1.37077371847981,0.315257339999415,91.5535384576454
15.71875,1.16660329624372,1.37069133731097,0.31510656534364,91.5542316592017
15.7188492063492,1.16650722016226,1.37060895059223,0.31495586292305,91.5549247917047
15.7189484126984,1.1664111537227,1.37052655832968,0.314805232703358,91.5556178551668
15.7190476190476,1.16631509692332,1.37044416052943,0.314654674650278,91.5563108496004
15.7191468253968,1.16621904976244,1.37036175719757,0.314504188729554,91.5570037750177
15.719246031746,1.16612301223838,1.37027934834019,0.314353774906926,91.5576966314312
15.7193452380952,1.16602698434945,1.37019693396338,0.31420343314816,91.5583894188531
15.7194444444444,1.16593096609396,1.37011451407324,0.314053163419021,91.5590821372958
15.7195436507936,1.16583495747022,1.37003208867585,0.313902965685303,91.5597747867716
15.7196428571429,1.16573895847655,1.36994965777729,0.313752839912795,91.5604673672928
15.7197420634921,1.16564296911127,1.36986722138365,0.313602786067314,91.5611598788718
15.7198412698413,1.16554698937269,1.36978477950101,0.313452804114676,91.5618523215209
15.7199404761905,1.16545101925912,1.36970233213543,0.313302894020722,91.5625446952524
15.7200396825397,1.16535505876889,1.369619879293,0.313153055751293,91.5632370000785
15.7201388888889,1.16525910790031,1.36953742097979,0.313003289272256,91.5639292360117
15.7202380952381,1.1651631666517,1.36945495720185,0.312853594549475,91.5646214030641
15.7203373015873,1.16506723502137,1.36937248796527,0.312703971548839,91.5653135012482
15.7204365079365,1.16497131300766,1.36929001327611,0.312554420236251,91.5660055305761
15.7205357142857,1.16487540060888,1.36920753314042,0.31240494057761,91.5666974910603
15.7206349206349,1.16477949782335,1.36912504756426,0.312255532538848,91.567389382713
15.7207341269841,1.1646836046494,1.36904255655369,0.312106196085892,91.5680812055464
15.7208333333333,1.16458772108534,1.36896006011477,0.311956931184696,91.5687729595728
15.7209325396825,1.1644918471295,1.36887755825354,0.311807737801212,91.5694646448046
15.7210317460317,1.16439598278021,1.36879505097606,0.311658615901421,91.570156261254
15.721130952381,1.16430012803578,1.36871253828837,0.311509565451299,91.5708478089333
15.7212301587302,1.16420428289455,1.36863002019651,0.311360586416851,91.5715392878547
15.7213293650794,1.16410844735483,1.36854749670652,0.31121167876408,91.5722306980306
15.7214285714286,1.16401262141497,1.36846496782445,0.311062842459014,91.5729220394731
15.7215277777778,1.16391680507328,1.36838243355632,0.310914077467682,91.5736133121946
15.721626984127,1.16382099832809,1.36829989390818,0.310765383756137,91.5743045162072
15.7217261904762,1.16372520117773,1.36821734888605,0.310616761290432,91.5749956515233
15.7218253968254,1.16362941362053,1.36813479849597,0.310468210036642,91.5756867181551
15.7219246031746,1.16353363565483,1.36805224274395,0.310319729960856,91.5763777161148
15.7220238095238,1.16343786727894,1.36796968163602,0.310171321029164,91.5770686454147
15.722123015873,1.16334210849121,1.36788711517821,0.310022983207683,91.5777595060669
15.7222222222222,1.16324635928996,1.36780454337652,0.309874716462526,91.5784502980839
15.7223214285714,1.16315061967353,1.36772196623699,0.309726520759836,91.5791410214777
15.7224206349206,1.16305488964026,1.36763938376561,0.309578396065753,91.5798316762606
15.7225198412698,1.16295916918847,1.3675567959684,0.309430342346443,91.5805222624449
15.722619047619,1.1628634583165,1.36747420285138,0.309282359568071,91.5812127800427
15.7227182539683,1.16276775702268,1.36739160442054,0.30913444769683,91.5819032290662
15.7228174603175,1.16267206530536,1.36730900068188,0.308986606698907,91.5825936095278
15.7229166666667,1.16257638316287,1.36722639164142,0.308838836540521,91.5832839214395
15.7230158730159,1.16248071059355,1.36714377730514,0.308691137187885,91.5839741648137
15.7231150793651,1.16238504759573,1.36706115767905,0.308543508607242,91.5846643396624
15.7232142857143,1.16228939416776,1.36697853276913,0.308395950764831,91.585354445998
15.7233134920635,1.16219375030797,1.36689590258139,0.308248463626914,91.5860444838325
15.7234126984127,1.16209811601471,1.36681326712179,0.308101047159769,91.5867344531782
15.7235119047619,1.16200249128631,1.36673062639634,0.30795370132967,91.5874243540474
15.7236111111111,1.16190687612112,1.36664798041102,0.307806426102924,91.588114186452
15.7237103174603,1.16181127051748,1.3665653291718,0.307659221445831,91.5888039504045
15.7238095238095,1.16171567447373,1.36648267268466,0.307512087324721,91.5894936459169
15.7239087301587,1.16162008798822,1.36640001095558,0.30736502370592,91.5901832730013
15.7240079365079,1.16152451105929,1.36631734399054,0.307218030555784,91.5908728316701
15.7241071428571,1.16142894368529,1.36623467179549,0.307071107840662,91.5915623219353
15.7242063492063,1.16133338586456,1.36615199437642,0.306924255526936,91.5922517438091
15.7243055555556,1.16123783759545,1.36606931173929,0.306777473580981,91.5929410973037
15.7244047619048,1.1611422988763,1.36598662389005,0.306630761969202,91.5936303824312
15.724503968254,1.16104676970547,1.36590393083468,0.306484120658,91.5943195992039
15.7246031746032,1.1609512500813,1.36582123257912,0.306337549613805,91.5950087476337
15.7247023809524,1.16085574000214,1.36573852912934,0.306191048803043,91.595697827733
15.7248015873016,1.16076023946634,1.36565582049128,0.306044618192164,91.5963868395138
15.7249007936508,1.16066474847225,1.36557310667091,0.305898257747632,91.5970757829882
15.725,1.16056926701823,1.36549038767416,0.30575196743591,91.5977646581685
15.7250992063492,1.16047379510262,1.36540766350698,0.30560574722349,91.5984534650668
15.7251984126984,1.16037833272378,1.36532493417531,0.305459597076862,91.5991422036951
15.7252976190476,1.16028287988006,1.3652421996851,0.305313516962541,91.5998308740656
15.7253968253968,1.16018743656981,1.36515946004228,0.305167506847042,91.6005194761905
15.725496031746,1.1600920027914,1.36507671525279,0.305021566696906,91.6012080100818
15.7255952380952,1.15999657854317,1.36499396532256,0.304875696478673,91.6018964757517
15.7256944444444,1.15990116382348,1.36491121025752,0.304729896158908,91.6025848732123
15.7257936507937,1.15980575863068,1.3648284500636,0.304584165704176,91.6032732024757
15.7258928571429,1.15971036296314,1.36474568474673,0.304438505081069,91.603961463554
15.7259920634921,1.15961497681922,1.36466291431282,0.304292914256174,91.6046496564593
15.7260912698413,1.15951960019726,1.3645801387678,0.30414739319611,91.6053377812037
15.7261904761905,1.15942423309564,1.36449735811758,0.304001941867488,91.6060258377993
15.7262896825397,1.1593288755127,1.36441457236809,0.303856560236948,91.6067138262583
15.7263888888889,1.15923352744682,1.36433178152523,0.303711248271139,91.6074017465926
15.7264880952381,1.15913818889636,1.36424898559491,0.303566005936713,91.6080895988144
15.7265873015873,1.15904285985966,1.36416618458305,0.303420833200349,91.6087773829357
15.7266865079365,1.15894754033511,1.36408337849554,0.303275730028722,91.6094650989687
15.7267857142857,1.15885223032106,1.36400056733829,0.303130696388538,91.6101527469254
15.7268849206349,1.15875692981587,1.3639177511172,0.302985732246496,91.610840326818
15.7269841269841,1.15866163881791,1.36383492983817,0.302840837569326,91.6115278386583
15.7270833333333,1.15856635732555,1.36375210350709,0.302696012323754,91.6122152824586
15.7271825396825,1.15847108533715,1.36366927212986,0.302551256476534,91.6129026582309
15.7272817460317,1.15837582285108,1.36358643571236,0.302406569994417,91.6135899659872
15.727380952381,1.15828056986571,1.36350359426049,0.302261952844183,91.6142772057397
15.7274801587302,1.1581853263794,1.36342074778013,0.302117404992606,91.6149643775003
15.7275793650794,1.15809009239052,1.36333789627715,0.301972926406491,91.6156514812811
15.7276785714286,1.15799486789745,1.36325503975745,0.301828517052639,91.6163385170941
15.7277777777778,1.15789965289855,1.36317217822689,0.301684176897875,91.6170254849515
15.727876984127,1.1578044473922,1.36308931169136,0.301539905909037,91.6177123848652
15.7279761904762,1.15770925137676,1.36300644015673,0.301395704052962,91.6183992168472
15.7280753968254,1.15761406485061,1.36292356362886,0.301251571296518,91.6190859809097
15.7281746031746,1.15751888781212,1.36284068211363,0.301107507606567,91.6197726770646
15.7282738095238,1.15742372025967,1.36275779561689,0.300963512950001,91.6204593053239
15.728373015873,1.15732856219163,1.36267490414452,0.300819587293709,91.6211458656997
15.7284722222222,1.15723341360637,1.36259200770236,0.300675730604606,91.621832358204
15.7285714285714,1.15713827450227,1.36250910629629,0.300531942849607,91.6225187828488
15.7286706349206,1.15704314487771,1.36242619993215,0.300388223995651,91.6232051396461
15.7287698412698,1.15694802473106,1.3623432886158,0.300244574009678,91.623891428608
15.728869047619,1.15685291406071,1.36226037235308,0.300100992858654,91.6245776497464
15.7289682539683,1.15675781286502,1.36217745114984,0.299957480509542,91.6252638030733
15.7290674603175,1.15666272114238,1.36209452501194,0.299814036929334,91.6259498886007
15.7291666666667,1.15656763889117,1.3620115939452,0.299670662085016,91.6266359063407
15.7292658730159,1.15647256610977,1.36192865795548,0.299527355943603,91.6273218563052
15.7293650793651,1.15637750279657,1.3618457170486,0.299384118472118,91.6280077385062
15.7294642857143,1.15628244894993,1.36176277123041,0.299240949637588,91.6286935529556
15.7295634920635,1.15618740456825,1.36167982050673,0.299097849407065,91.6293792996655
15.7296626984127,1.1560923696499,1.36159686488339,0.298954817747601,91.6300649786479
15.7297619047619,1.15599734419328,1.36151390436623,0.298811854626275,91.6307505899147
15.7298611111111,1.15590232819676,1.36143093896107,0.298668960010161,91.6314361334779
15.7299603174603,1.15580732165874,1.36134796867372,0.298526133866363,91.6321216093494
15.7300595238095,1.15571232457759,1.36126499351002,0.298383376161983,91.6328070175412
15.7301587301587,1.15561733695171,1.36118201347577,0.298240686864149,91.6334923580653
15.7302579365079,1.15552235877948,1.36109902857679,0.298098065939985,91.6341776309337
15.7303571428571,1.15542739005929,1.36101603881889,0.297955513356646,91.6348628361582
15.7304563492063,1.15533243078952,1.36093304420789,0.297813029081282,91.6355479737509
15.7305555555556,1.15523748096858,1.36085004474958,0.297670613081073,91.6362330437236
15.7306547619048,1.15514254059484,1.36076704044978,0.297528265323192,91.6369180460884
15.730753968254,1.15504760966669,1.36068403131429,0.29738598577484,91.6376029808571
15.7308531746032,1.15495268818254,1.3606010173489,0.297243774403229,91.6382878480417
15.7309523809524,1.15485777614077,1.36051799855942,0.297101631175572,91.6389726476541
15.7310515873016,1.15476287353977,1.36043497495164,0.29695955605911,91.6396573797063
15.7311507936508,1.15466798037794,1.36035194653134,0.29681754902108,91.6403420442102
15.73125,1.15457309665367,1.36026891330433,0.296675610028749,91.6410266411777
15.7313492063492,1.15447822236536,1.36018587527638,0.296533739049379,91.6417111706207
15.7314484126984,1.1543833575114,1.36010283245328,0.296391936050262,91.6423956325511
15.7315476190476,1.15428850209019,1.36001978484081,0.296250200998685,91.6430800269809
15.7316468253968,1.15419365610012,1.35993673244476,0.296108533861964,91.643764353922
15.731746031746,1.15409881953959,1.3598536752709,0.295966934607412,91.6444486133862
15.7318452380952,1.154003992407,1.359770613325,0.29582540320237,91.6451328053855
15.7319444444444,1.15390917470075,1.35968754661284,0.295683939614175,91.6458169299317
15.7320436507936,1.15381436641925,1.35960447514019,0.295542543810194,91.6465009870368
15.7321428571429,1.15371956756087,1.3595213989128,0.295401215757788,91.6471849767126
15.7322420634921,1.15362477812404,1.35943831793645,0.295259955424346,91.6478688989711
15.7323412698413,1.15352999810715,1.35935523221691,0.295118762777265,91.6485527538241
15.7324404761905,1.1534352275086,1.35927214175992,0.294977637783947,91.6492365412835
15.7325396825397,1.1533404663268,1.35918904657124,0.29483658041182,91.6499202613611
15.7326388888889,1.15324571456015,1.35910594665663,0.294695590628309,91.650603914069
15.7327380952381,1.15315097220706,1.35902284202185,0.294554668400867,91.6512874994188
15.7328373015873,1.15305623926592,1.35893973267264,0.294413813696944,91.6519710174225
15.7329365079365,1.15296151573514,1.35885661861474,0.294273026484019,91.652654468092
15.7330357142857,1.15286680161314,1.3587734998539,0.294132306729566,91.6533378514391
15.7331349206349,1.15277209689831,1.35869037639587,0.293991654401088,91.6540211674756
15.7332341269841,1.15267740158907,1.35860724824638,0.293851069466087,91.6547044162135
15.7333333333333,1.15258271568383,1.35852411541117,0.293710551892089,91.6553875976646
15.7334325396825,1.15248803918098,1.35844097789597,0.29357010164662,91.6560707118406
15.7335317460317,1.15239337207895,1.35835783570652,0.293429718697233,91.6567537587536
15.733630952381,1.15229871437615,1.35827468884854,0.293289403011478,91.6574367384152
15.7337301587302,1.15220406607097,1.35819153732777,0.293149154556929,91.6581196508373
15.7338293650794,1.15210942716184,1.35810838114992,0.293008973301173,91.6588024960319
15.7339285714286,1.15201479764717,1.35802522032071,0.292868859211797,91.6594852740106
15.7340277777778,1.15192017752538,1.35794205484588,0.292728812256417,91.6601679847853
15.734126984127,1.15182556679486,1.35785888473112,0.292588832402645,91.6608506283679
15.7342261904762,1.15173096545405,1.35777570998216,0.292448919618121,91.6615332047702
15.7343253968254,1.15163637350135,1.35769253060471,0.292309073870484,91.6622157140039
15.7344246031746,1.15154179093518,1.35760934660448,0.292169295127399,91.662898156081
15.7345238095238,1.15144721775396,1.35752615798717,0.292029583356527,91.6635805310131
15.734623015873,1.1513526539561,1.35744296475849,0.291889938525559,91.6642628388121
15.7347222222222,1.15125809954002,1.35735976692414,0.291750360602184,91.6649450794899
15.7348214285714,1.15116355450415,1.35727656448982,0.291610849554115,91.6656272530581
15.7349206349206,1.15106901884689,1.35719335746122,0.291471405349065,91.6663093595287
15.7350198412698,1.15097449256668,1.35711014584404,0.291332027954776,91.6669913989133
15.735119047619,1.15087997566192,1.35702692964397,0.291192717338983,91.6676733712238
15.7352182539683,1.15078546813105,1.35694370886671,0.291053473469449,91.668355276472
15.7353174603175,1.15069096997248,1.35686048351792,0.290914296313947,91.6690371146696
15.7354166666667,1.15059648118463,1.35677725360331,0.290775185840253,91.6697188858285
15.7355158730159,1.15050200176594,1.35669401912855,0.290636142016168,91.6704005899603
15.7356150793651,1.15040753171482,1.35661078009932,0.290497164809493,91.6710822270769
15.7357142857143,1.15031307102969,1.3565275365213,0.290358254188055,91.6717637971901
15.7358134920635,1.15021861970899,1.35644428840015,0.290219410119679,91.6724453003115
15.7359126984127,1.15012417775114,1.35636103574156,0.290080632572218,91.673126736453
15.7360119047619,1.15002974515457,1.35627777855119,0.289941921513522,91.6738081056263
15.7361111111111,1.1499353219177,1.3561945168347,0.289803276911467,91.6744894078432
15.7362103174603,1.14984090803896,1.35611125059777,0.28966469873393,91.6751706431155
15.7363095238095,1.14974650351678,1.35602797984605,0.289526186948811,91.6758518114547
15.7364087301587,1.14965210834959,1.35594470458519,0.289387741524012,91.6765329128728
15.7365079365079,1.14955772253582,1.35586142482087,0.289249362427459,91.6772139473814
15.7366071428571,1.1494633460739,1.35577814055873,0.289111049627078,91.6778949149924
15.7367063492064,1.14936897896226,1.35569485180441,0.288972803090817,91.6785758157173
15.7368055555556,1.14927462119934,1.35561155856358,0.288834622786636,91.679256649568
15.7369047619048,1.14918027278356,1.35552826084188,0.288696508682499,91.6799374165562
15.737003968254,1.14908593371336,1.35544495864495,0.288558460746394,91.6806181166936
15.7371031746032,1.14899160398718,1.35536165197842,0.28842047894631,91.6812987499919
15.7372023809524,1.14889728360345,1.35527834084795,0.288282563250261,91.6819793164628
15.7373015873016,1.1488029725606,1.35519502525917,0.28814471362626,91.682659816118
15.7374007936508,1.14870867085708,1.3551117052177,0.288006930042345,91.6833402489694
15.7375,1.14861437849131,1.35502838072919,0.287869212466554,91.6840206150284
15.7375992063492,1.14852009546174,1.35494505179926,0.287731560866953,91.684700914307
15.7376984126984,1.1484258217668,1.35486171843353,0.287593975211602,91.6853811468167
15.7377976190476,1.14833155740493,1.35477838063763,0.287456455468592,91.6860613125692
15.7378968253968,1.14823730237458,1.35469503841718,0.28731900160601,91.6867414115764
15.737996031746,1.14814305667418,1.35461169177781,0.287181613591971,91.6874214438497
15.7380952380952,1.14804882030217,1.35452834072511,0.287044291394586,91.688101409401
15.7381944444444,1.147954593257,1.35444498526471,0.286907034981991,91.6887813082418
15.7382936507937,1.14786037553711,1.35436162540223,0.286769844322335,91.689461140384
15.7383928571429,1.14776616714094,1.35427826114326,0.286632719383768,91.6901409058391
15.7384920634921,1.14767196806693,1.35419489249342,0.286495660134466,91.6908206046188
15.7385912698413,1.14757777831353,1.3541115194583,0.286358666542604,91.6915002367349
15.7386904761905,1.14748359787919,1.35402814204352,0.286221738576384,91.6921798021988
15.7387896825397,1.14738942676234,1.35394476025466,0.286084876204005,91.6928593010224
15.7388888888889,1.14729526496144,1.35386137409732,0.285948079393695,91.6935387332173
15.7389880952381,1.14720111247494,1.3537779835771,0.285811348113678,91.6942180987951
15.7390873015873,1.14710696930127,1.35369458869958,0.285674682332206,91.6948973977675
15.7391865079365,1.1470128354389,1.35361118947036,0.285538082017528,91.6955766301461
15.7392857142857,1.14691871088626,1.35352778589502,0.285401547137921,91.6962557959426
15.7393849206349,1.14682459564181,1.35344437797915,0.28526507766166,91.6969348951686
15.7394841269841,1.146730489704,1.35336096572832,0.285128673557047,91.6976139278358
15.7395833333333,1.14663639307128,1.35327754914811,0.28499233479238,91.6982928939557
15.7396825396825,1.1465423057421,1.35319412824411,0.284856061335984,91.6989717935401
15.7397817460317,1.14644822771492,1.35311070302187,0.284719853156193,91.6996506266005
15.739880952381,1.14635415898818,1.35302727348698,0.284583710221345,91.7003293931485
15.7399801587302,1.14626009956035,1.35294383964501,0.284447632499804,91.7010080931959
15.7400793650794,1.14616604942987,1.3528604015015,0.284311619959931,91.7016867267541
15.7401785714286,1.1460720085952,1.35277695906204,0.284175672570117,91.7023652938348
15.7402777777778,1.1459779770548,1.35269351233218,0.284039790298747,91.7030437944497
15.740376984127,1.14588395480712,1.35261006131748,0.283903973114237,91.7037222286103
15.7404761904762,1.14578994185063,1.3525266060235,0.283768220984997,91.7044005963282
15.7405753968254,1.14569593818377,1.35244314645578,0.283632533879467,91.7050788976151
15.7406746031746,1.14560194380501,1.35235968261988,0.283496911766084,91.7057571324824
15.7407738095238,1.14550795871281,1.35227621452135,0.283361354613312,91.7064353009419
15.740873015873,1.14541398290563,1.35219274216573,0.283225862389612,91.7071134030051
15.7409722222222,1.14532001638192,1.35210926555856,0.283090435063475,91.7077914386836
15.7410714285714,1.14522605914015,1.3520257847054,0.282955072603385,91.708469407989
15.7411706349206,1.14513211117879,1.35194229961176,0.282819774977855,91.7091473109328
15.7412698412698,1.14503817249628,1.3518588102832,0.282684542155407,91.7098251475266
15.741369047619,1.14494424309111,1.35177531672523,0.282549374104564,91.7105029177821
15.7414682539683,1.14485032296173,1.35169181894341,0.282414270793879,91.7111806217106
15.7415674603175,1.1447564121066,1.35160831694324,0.2822792321919,91.711858259324
15.7416666666667,1.14466251052419,1.35152481073026,0.282144258267205,91.7125358306336
15.7417658730159,1.14456861821297,1.35144130030999,0.282009348988367,91.713213335651
15.7418650793651,1.14447473517141,1.35135778568795,0.281874504323987,91.7138907743879
15.7419642857143,1.14438086139797,1.35127426686965,0.281739724242665,91.7145681468557
15.7420634920635,1.14428699689112,1.35119074386062,0.281605008713028,91.715245453066
15.7421626984127,1.14419314164933,1.35110721666637,0.281470357703699,91.7159226930304
15.7422619047619,1.14409929567107,1.3510236852924,0.281335771183329,91.7165998667604
15.7423611111111,1.1440054589548,1.35094014974423,0.281201249120568,91.7172769742675
15.7424603174603,1.14391163149901,1.35085661002736,0.281066791484093,91.7179540155632
15.7425595238095,1.14381781330215,1.35077306614729,0.280932398242576,91.7186309906591
15.7426587301587,1.14372400436271,1.35068951810952,0.280798069364717,91.7193078995668
15.7427579365079,1.14363020467916,1.35060596591956,0.280663804819224,91.7199847422976
15.7428571428571,1.14353641424996,1.35052240958289,0.280529604574809,91.7206615188633
15.7429563492063,1.14344263307361,1.35043884910501,0.280395468600212,91.7213382292752
15.7430555555556,1.14334886114856,1.3503552844914,0.280261396864168,91.7220148735449
15.7431547619048,1.14325509847329,1.35027171574757,0.280127389335442,91.7226914516839
15.743253968254,1.14316134504629,1.35018814287899,0.279993445982795,91.7233679637037
15.7433531746032,1.14306760086603,1.35010456589114,0.279859566775014,91.7240444096158
15.7434523809524,1.14297386593098,1.35002098478951,0.279725751680888,91.7247207894318
15.7435515873016,1.14288014023962,1.34993739957957,0.27959200066923,91.725397103163
15.7436507936508,1.14278642379044,1.3498538102668,0.27945831370885,91.726073350821
15.74375,1.14269271658191,1.34977021685667,0.279324690768588,91.7267495324173
15.7438492063492,1.14259901861252,1.34968661935465,0.27919113181728,91.7274256479634
15.7439484126984,1.14250532988074,1.3496030177662,0.279057636823789,91.7281016974707
15.7440476190476,1.14241165038505,1.34951941209681,0.278924205756978,91.7287776809508
15.7441468253968,1.14231798012395,1.34943580235191,0.27879083858573,91.729453598415
15.744246031746,1.14222431909591,1.34935218853699,0.278657535278943,91.730129449875
15.7443452380952,1.14213066729941,1.34926857065748,0.278524295805516,91.7308052353421
15.7444444444444,1.14203702473294,1.34918494871886,0.278391120134375,91.7314809548278
15.7445436507937,1.14194339139499,1.34910132272657,0.278258008234444,91.7321566083436
15.7446428571429,1.14184976728404,1.34901769268606,0.278124960074674,91.7328321959009
15.7447420634921,1.14175615239858,1.34893405860277,0.277991975624013,91.7335077175112
15.7448412698413,1.14166254673709,1.34885042048217,0.277859054851437,91.7341831731859
15.7449404761905,1.14156895029807,1.34876677832967,0.277726197725921,91.7348585629365
15.7450396825397,1.14147536308,1.34868313215074,0.277593404216464,91.7355338867745
15.7451388888889,1.14138178508136,1.3485994819508,0.277460674292067,91.7362091447112
15.7452380952381,1.14128821630066,1.34851582773528,0.277328007921753,91.7368843367582
15.7453373015873,1.14119465673638,1.34843216950963,0.277195405074548,91.7375594629267
15.7454365079365,1.14110110638701,1.34834850727927,0.277062865719503,91.7382345232284
15.7455357142857,1.14100756525105,1.34826484104963,0.276930389825665,91.7389095176746
15.7456349206349,1.14091403332698,1.34818117082613,0.276797977362106,91.7395844462767
15.7457341269841,1.14082051061331,1.34809749661419,0.276665628297913,91.7402593090461
15.7458333333333,1.14072699710851,1.34801381841924,0.27653334260217,91.7409341059943
15.7459325396825,1.1406334928111,1.3479301362467,0.27640112024399,91.7416088371327
15.7460317460317,1.14053999771956,1.34784645010197,0.276268961192486,91.7422835024726
15.746130952381,1.1404465118324,1.34776275999047,0.276136865416795,91.7429581020256
15.7462301587302,1.1403530351481,1.34767906591761,0.276004832886053,91.7436326358029
15.7463293650794,1.14025956766516,1.3475953678888,0.275872863569424,91.7443071038161
15.7464285714286,1.14016610938209,1.34751166590944,0.275740957436068,91.7449815060764
15.7465277777778,1.14007266029738,1.34742795998494,0.275609114455174,91.7456558425954
15.746626984127,1.13997922040953,1.34734425012068,0.275477334595927,91.7463301133843
15.7467261904762,1.13988578971704,1.34726053632208,0.275345617827541,91.7470043184545
15.7468253968254,1.13979236821841,1.34717681859452,0.275213964119226,91.7476784578176
15.7469246031746,1.13969895591215,1.34709309694341,0.275082373440222,91.7483525314847
15.7470238095238,1.13960555279675,1.34700937137411,0.274950845759763,91.7490265394674
15.747123015873,1.13951215887071,1.34692564189203,0.274819381047109,91.7497004817769
15.7472222222222,1.13941877413256,1.34684190850256,0.274687979271532,91.7503743584246
15.7473214285714,1.13932539858077,1.34675817121106,0.274556640402306,91.751048169422
15.7474206349206,1.13923203221387,1.34667443002293,0.27442536440873,91.7517219147803
15.7475198412698,1.13913867503036,1.34659068494353,0.274294151260104,91.752395594511
15.747619047619,1.13904532702873,1.34650693597824,0.274163000925752,91.7530692086253
15.7477182539683,1.13895198820751,1.34642318313244,0.274031913374999,91.7537427571347
15.7478174603175,1.1388586585652,1.3463394264115,0.273900888577194,91.7544162400505
15.7479166666667,1.1387653381003,1.34625566582077,0.273769926501686,91.755089657384
15.7480158730159,1.13867202681132,1.34617190136563,0.27363902711785,91.7557630091465
15.7481150793651,1.13857872469678,1.34608813305144,0.27350819039506,91.7564362953495
15.7482142857143,1.13848543175518,1.34600436088355,0.273377416302716,91.7571095160042
15.7483134920635,1.13839214798504,1.34592058486733,0.273246704810216,91.757782671122
15.7484126984127,1.13829887338487,1.34583680500813,0.273116055886986,91.7584557607142
15.7485119047619,1.13820560795317,1.3457530213113,0.272985469502448,91.7591287847921
15.7486111111111,1.13811235168847,1.34566923378218,0.27285494562605,91.7598017433671
15.7487103174603,1.13801910458927,1.34558544242614,0.27272448422725,91.7604746364504
15.7488095238095,1.1379258666541,1.3455016472485,0.27259408527551,91.7611474640534
15.7489087301587,1.13783263788146,1.34541784825462,0.272463748740317,91.7618202261874
15.7490079365079,1.13773941826987,1.34533404544983,0.272333474591156,91.7624929228637
15.7491071428571,1.13764620781785,1.34525023883947,0.272203262797541,91.7631655540935
15.7492063492064,1.13755300652391,1.34516642842888,0.272073113328982,91.7638381198883
15.7493055555556,1.13745981438658,1.34508261422338,0.271943026155017,91.7645106202593
15.7494047619048,1.13736663140437,1.3449987962283,0.271813001245181,91.7651830552178
15.749503968254,1.1372734575758,1.34491497444897,0.271683038569037,91.765855424775
15.7496031746032,1.13718029289939,1.34483114889072,0.271553138096146,91.7665277289423
15.7497023809524,1.13708713737366,1.34474731955887,0.271423299796095,91.767199967731
15.7498015873016,1.13699399099713,1.34466348645874,0.271293523638471,91.7678721411523
15.7499007936508,1.13690085376833,1.34457964959564,0.271163809592884,91.7685442492175
15.75,1.13680772568577,1.34449580897488,0.271034157628947,91.7692162919379
15.7500992063492,1.13671460674798,1.34441196460179,0.270904567716292,91.7698882693247
15.7501984126984,1.13662149695348,1.34432811648166,0.270775039824567,91.7705601813893
15.7502976190476,1.13652839630081,1.34424426461981,0.270645573923419,91.7712320281428
15.7503968253968,1.13643530478848,1.34416040902154,0.270516169982523,91.7719038095965
15.750496031746,1.13634222241501,1.34407654969215,0.270386827971553,91.7725755257618
15.7505952380952,1.13624914917895,1.34399268663694,0.270257547860208,91.7732471766497
15.7506944444444,1.1361560850788,1.3439088198612,0.270128329618186,91.7739187622717
15.7507936507936,1.13606303011311,1.34382494937024,0.269999173215212,91.7745902826389
15.7508928571429,1.1359699842804,1.34374107516934,0.269870078621009,91.7752617377626
15.7509920634921,1.13587694757919,1.34365719726379,0.269741045805328,91.775933127654
15.7510912698413,1.13578392000803,1.34357331565888,0.269612074737915,91.7766044523244
15.7511904761905,1.13569090156544,1.34348943035989,0.269483165388546,91.7772757117849
15.7512896825397,1.13559789224994,1.34340554137211,0.269354317726993,91.7779469060469
15.7513888888889,1.13550489206009,1.3433216487008,0.269225531723057,91.7786180351215
15.7514880952381,1.13541190099439,1.34323775235126,0.269096807346535,91.7792890990199
15.7515873015873,1.1353189190514,1.34315385232874,0.268968144567249,91.7799600977535
15.7516865079365,1.13522594622964,1.34306994863854,0.268839543355032,91.7806310313333
15.7517857142857,1.13513298252765,1.3429860412859,0.268711003679719,91.7813018997706
15.7518849206349,1.13504002794397,1.34290213027611,0.268582525511173,91.7819727030766
15.7519841269841,1.13494708247712,1.34281821561442,0.268454108819254,91.7826434412626
15.7520833333333,1.13485414612565,1.34273429730609,0.268325753573849,91.7833141143396
15.7521825396825,1.1347612188881,1.34265037535639,0.268197459744843,91.783984722319
15.7522817460317,1.134668300763,1.34256644977057,0.268069227302149,91.7846552652118
15.752380952381,1.13457539174889,1.34248252055388,0.267941056215678,91.7853257430294
15.7524801587302,1.13448249184431,1.34239858771158,0.267812946455364,91.7859961557828
15.7525793650794,1.13438960104781,1.34231465124891,0.267684897991146,91.7866665034833
15.7526785714286,1.13429671935792,1.34223071117113,0.267556910792983,91.7873367861421
15.7527777777778,1.13420384677317,1.34214676748346,0.267428984830837,91.7880070037703
15.752876984127,1.13411098329213,1.34206282019117,0.267301120074694,91.788677156379
15.7529761904762,1.13401812891333,1.34197886929947,0.267173316494541,91.7893472439796
15.7530753968254,1.1339252836353,1.34189491481362,0.267045574060384,91.7900172665831
15.7531746031746,1.13383244745661,1.34181095673885,0.266917892742245,91.7906872242006
15.7532738095238,1.13373962037579,1.34172699508037,0.266790272510147,91.7913571168434
15.753373015873,1.13364680239139,1.34164302984344,0.26666271333414,91.7920269445226
15.7534722222222,1.13355399350195,1.34155906103326,0.26653521518427,91.7926967072494
15.7535714285714,1.13346119370602,1.34147508865506,0.266407778030612,91.7933664050349
15.7536706349206,1.13336840300215,1.34139111271408,0.266280401843239,91.7940360378903
15.7537698412698,1.13327562138889,1.34130713321551,0.26615308659225,91.7947056058266
15.753869047619,1.13318284886478,1.34122315016459,0.266025832247743,91.7953751088551
15.7539682539683,1.13309008542838,1.34113916356652,0.265898638779842,91.7960445469869
15.7540674603175,1.13299733107824,1.34105517342651,0.265771506158669,91.7967139202331
15.7541666666667,1.1329045858129,1.34097117974978,0.265644434354375,91.7973832286048
15.7542658730159,1.13281184963093,1.34088718254152,0.265517423337106,91.7980524721131
15.7543650793651,1.13271912253086,1.34080318180696,0.265390473077037,91.7987216507693
15.7544642857143,1.13262640451126,1.34071917755127,0.26526358354434,91.7993907645843
15.7545634920635,1.13253369557068,1.34063516977966,0.265136754709211,91.8000598135694
15.7546626984127,1.13244099570768,1.34055115849734,0.265009986541858,91.8007287977356
15.7547619047619,1.1323483049208,1.34046714370948,0.264883279012491,91.801397717094
15.7548611111111,1.1322556232086,1.34038312542129,0.264756632091347,91.8020665716557
15.7549603174603,1.13216295056965,1.34029910363795,0.264630045748661,91.8027353614319
15.7550595238095,1.1320702870025,1.34021507836465,0.264503519954694,91.8034040864336
15.7551587301587,1.1319776325057,1.34013104960657,0.264377054679706,91.804072746672
15.7552579365079,1.13188498707782,1.34004701736889,0.264250649893984,91.8047413421581
15.7553571428571,1.13179235071741,1.33996298165679,0.264124305567813,91.805409872903
15.7554563492063,1.13169972342303,1.33987894247545,0.263998021671504,91.8060783389177
15.7555555555556,1.13160710519325,1.33979489983003,0.263871798175367,91.8067467402135
15.7556547619048,1.13151449602663,1.33971085372572,0.263745635049739,91.8074150768013
15.755753968254,1.13142189592172,1.33962680416767,0.263619532264955,91.8080833486922
15.7558531746032,1.13132930487709,1.33954275116106,0.263493489791376,91.8087515558973
15.7559523809524,1.13123672289131,1.33945869471104,0.263367507599361,91.8094196984277
15.7560515873016,1.13114414996293,1.33937463482278,0.263241585659295,91.8100877762945
15.7561507936508,1.13105158609053,1.33929057150145,0.263115723941571,91.8107557895085
15.75625,1.13095903127267,1.33920650475218,0.262989922416589,91.8114237380811
15.7563492063492,1.13086648550791,1.33912243458014,0.26286418105477,91.8120916220231
15.7564484126984,1.13077394879482,1.33903836099047,0.262738499826539,91.8127594413457
15.7565476190476,1.13068142113197,1.33895428398833,0.262612878702343,91.8134271960598
15.7566468253968,1.13058890251792,1.33887020357886,0.262487317652629,91.8140948861766
15.756746031746,1.13049639295126,1.3387861197672,0.262361816647873,91.814762511707
15.7568452380952,1.13040389243053,1.3387020325585,0.262236375658545,91.8154300726622
15.7569444444444,1.13031140095432,1.33861794195789,0.262110994655145,91.8160975690531
15.7570436507937,1.1302189185212,1.33853384797051,0.26198567360817,91.8167650008908
15.7571428571429,1.13012644512973,1.33844975060148,0.261860412488143,91.8174323681862
15.7572420634921,1.13003398077849,1.33836564985595,0.261735211265588,91.8180996709505
15.7573412698413,1.12994152546606,1.33828154573904,0.261610069911051,91.8187669091946
15.7574404761905,1.12984907919099,1.33819743825588,0.261484988395082,91.8194340829296
15.7575396825397,1.12975664195188,1.33811332741158,0.261359966688249,91.8201011921664
15.7576388888889,1.1296642137473,1.33802921321127,0.261235004761136,91.8207682369161
15.7577380952381,1.12957179457581,1.33794509566007,0.261110102584327,91.8214352171897
15.7578373015873,1.12947938443601,1.33786097476309,0.260985260128433,91.8221021329981
15.7579365079365,1.12938698332645,1.33777685052545,0.260860477364064,91.8227689843525
15.7580357142857,1.12929459124573,1.33769272295225,0.260735754261856,91.8234357712636
15.7581349206349,1.12920220819241,1.33760859204861,0.260611090792444,91.8241024937427
15.7582341269841,1.12910983416509,1.33752445781963,0.260486486926488,91.8247691518006
15.7583333333333,1.12901746916233,1.3374403202704,0.260361942634648,91.8254357454483
15.7584325396825,1.12892511318272,1.33735617940605,0.26023745788761,91.8261022746968
15.7585317460317,1.12883276622484,1.33727203523165,0.260113032656059,91.8267687395571
15.758630952381,1.12874042828728,1.3371878877523,0.259988666910706,91.8274351400402
15.7587301587302,1.1286480993686,1.33710373697311,0.259864360622259,91.828101476157
15.7588293650794,1.1285557794674,1.33701958289916,0.259740113761456,91.8287677479186
15.7589285714286,1.12846346858226,1.33693542553553,0.25961592629903,91.8294339553358
15.7590277777778,1.12837116671177,1.33685126488731,0.25949179820574,91.8301000984196
15.759126984127,1.12827887385451,1.3367671009596,0.259367729452354,91.830766177181
15.7592261904762,1.12818659000906,1.33668293375745,0.259243720009645,91.8314321916309
15.7593253968254,1.12809431517402,1.33659876328596,0.259119769848411,91.8320981417803
15.7594246031746,1.12800204934796,1.3365145895502,0.258995878939449,91.8327640276402
15.7595238095238,1.12790979252949,1.33643041255524,0.258872047253583,91.8334298492214
15.759623015873,1.12781754471717,1.33634623230615,0.258748274761634,91.8340956065349
15.7597222222222,1.12772530590962,1.33626204880801,0.25862456143445,91.8347612995917
15.7598214285714,1.1276330761054,1.33617786206586,0.25850090724288,91.8354269284027
15.7599206349206,1.12754085530312,1.33609367208479,0.258377312157794,91.8360924929788
15.7600198412698,1.12744864350137,1.33600947886984,0.258253776150067,91.8367579933309
15.760119047619,1.12735644069874,1.33592528242607,0.258130299190594,91.83742342947
15.7602182539683,1.12726424689382,1.33584108275855,0.258006881250275,91.838088801407
15.7603174603175,1.1271720620852,1.33575687987232,0.257883522300031,91.8387541091527
15.7604166666667,1.12707988627148,1.33567267377243,0.257760222310785,91.8394193527182
15.7605158730159,1.12698771945125,1.33558846446393,0.257636981253481,91.8400845321143
15.7606150793651,1.12689556162311,1.33550425195187,0.257513799099077,91.8407496473519
15.7607142857143,1.12680341278566,1.33542003624129,0.257390675818531,91.841414698442
15.7608134920635,1.12671127293749,1.33533581733723,0.257267611382829,91.8420796853953
15.7609126984127,1.12661914207719,1.33525159524472,0.257144605762956,91.8427446082229
15.7610119047619,1.12652702020337,1.3351673699688,0.257021658929922,91.8434094669356
15.7611111111111,1.12643490731462,1.33508314151451,0.256898770854736,91.8440742615443
15.7612103174603,1.12634280340955,1.33499890988687,0.256775941508433,91.8447389920599
15.7613095238095,1.12625070848675,1.33491467509091,0.256653170862049,91.8454036584932
15.7614087301587,1.12615862254483,1.33483043713166,0.256530458886643,91.8460682608552
15.7615079365079,1.12606654558239,1.33474619601413,0.256407805553274,91.8467327991567
15.7616071428571,1.12597447759802,1.33466195174336,0.256285210833029,91.8473972734085
15.7617063492063,1.12588241859033,1.33457770432435,0.256162674696991,91.8480616836217
15.7618055555556,1.12579036855793,1.33449345376212,0.25604019711627,91.8487260298069
15.7619047619048,1.12569832749942,1.33440920006168,0.255917778061976,91.8493903119751
15.762003968254,1.1256062954134,1.33432494322805,0.25579541750524,91.8500545301372
15.7621031746032,1.12551427229848,1.33424068326623,0.255673115417207,91.850718684304
15.7622023809524,1.12542225815326,1.33415642018122,0.255550871769024,91.8513827744863
15.7623015873016,1.12533025297636,1.33407215397803,0.255428686531863,91.8520468006949
15.7624007936508,1.12523825676638,1.33398788466166,0.255306559676897,91.8527107629409
15.7625,1.12514626952192,1.3339036122371,0.255184491175321,91.8533746612348
15.7625992063492,1.12505429124161,1.33381933670935,0.255062480998335,91.8540384955877
15.7626984126984,1.12496232192404,1.33373505808341,0.254940529117159,91.8547022660103
15.7627976190476,1.12487036156782,1.33365077636425,0.254818635503015,91.8553659725136
15.7628968253968,1.12477841017157,1.33356649155688,0.254696800127152,91.8560296151081
15.762996031746,1.1246864677339,1.33348220366627,0.254575022960815,91.856693193805
15.7630952380952,1.12459453425343,1.3333979126974,0.254453303975278,91.8573567086148
15.7631944444444,1.12450260972875,1.33331361865526,0.254331643141812,91.8580201595485
15.7632936507936,1.1244106941585,1.33322932154482,0.254210040431713,91.8586835466169
15.7633928571429,1.12431878754128,1.33314502137106,0.25408849581628,91.8593468698308
15.7634920634921,1.1242268898757,1.33306071813895,0.253967009266831,91.8600101292009
15.7635912698413,1.12413500116039,1.33297641185346,0.253845580754698,91.8606733247381
15.7636904761905,1.12404312139396,1.33289210251955,0.253724210251214,91.8613364564532
15.7637896825397,1.12395125057502,1.3328077901422,0.25360289772774,91.861999524357
15.7638888888889,1.1238593887022,1.33272347472636,0.253481643155634,91.8626625284603
15.7639880952381,1.12376753577411,1.33263915627699,0.253360446506282,91.8633254687738
15.7640873015873,1.12367569178938,1.33255483479905,0.253239307751067,91.8639883453083
15.7641865079365,1.12358385674661,1.3324705102975,0.253118226861399,91.8646511580747
15.7642857142857,1.12349203064444,1.33238618277728,0.252997203808688,91.8653139070837
15.7643849206349,1.12340021348148,1.33230185224335,0.252876238564367,91.8659765923461
15.7644841269841,1.12330840525635,1.33221751870065,0.252755331099872,91.8666392138726
15.7645833333333,1.12321660596769,1.33213318215412,0.252634481386661,91.867301771674
15.7646825396825,1.1231248156141,1.33204884260872,0.252513689396194,91.8679642657611
15.7647817460317,1.12303303419422,1.33196450006938,0.252392955099956,91.8686266961447
15.764880952381,1.12294126170667,1.33188015454103,0.252272278469429,91.8692890628355
15.7649801587302,1.12284949815007,1.33179580602861,0.252151659476122,91.8699513658442
15.7650793650794,1.12275774352305,1.33171145453705,0.252031098091551,91.8706136051816
15.7651785714286,1.12266599782424,1.33162710007129,0.25191059428724,91.8712757808585
15.7652777777778,1.12257426105226,1.33154274263624,0.251790148034734,91.8719378928856
15.765376984127,1.12248253320574,1.33145838223683,0.251669759305581,91.8725999412736
15.7654761904762,1.12239081428332,1.331374018878,0.251549428071352,91.8732619260333
15.7655753968254,1.12229910428361,1.33128965256464,0.251429154303618,91.8739238471754
15.7656746031746,1.12220740320526,1.33120528330169,0.251308937973978,91.8745857047106
15.7657738095238,1.12211571104688,1.33112091109404,0.251188779054026,91.8752474986497
15.765873015873,1.12202402780712,1.33103653594663,0.251068677515386,91.8759092290034
15.7659722222222,1.1219323534846,1.33095215786435,0.250948633329678,91.8765708957824
15.7660714285714,1.12184068807795,1.33086777685212,0.250828646468549,91.8772324989975
15.7661706349206,1.12174903158582,1.33078339291483,0.250708716903645,91.8778940386592
15.7662698412698,1.12165738400683,1.3306990060574,0.25058884460664,91.8785555147784
15.766369047619,1.12156574533962,1.33061461628471,0.250469029549202,91.8792169273658
15.7664682539683,1.12147411558282,1.33053022360166,0.250349271703028,91.879878276432
15.7665674603175,1.12138249473507,1.33044582801315,0.250229571039821,91.8805395619878
15.7666666666667,1.12129088279501,1.33036142952408,0.250109927531291,91.8812007840439
15.7667658730159,1.12119927976128,1.33027702813932,0.249990341149173,91.8818619426108
15.7668650793651,1.1211076856325,1.33019262386377,0.249870811865201,91.8825230376994
15.7669642857143,1.12101610040733,1.33010821670231,0.249751339651132,91.8831840693204
15.7670634920635,1.1209245240844,1.33002380665983,0.249631924478727,91.8838450374843
15.7671626984127,1.12083295666235,1.32993939374119,0.249512566319768,91.8845059422019
15.7672619047619,1.12074139813982,1.32985497795128,0.249393265146041,91.8851667834839
15.7673611111111,1.12064984851545,1.32977055929498,0.249274020929354,91.8858275613408
15.7674603174603,1.12055830778789,1.32968613777715,0.249154833641516,91.8864882757835
15.7675595238095,1.12046677595578,1.32960171340266,0.24903570325436,91.8871489268225
15.7676587301587,1.12037525301776,1.32951728617638,0.248916629739722,91.8878095144686
15.7677579365079,1.12028373897248,1.32943285610317,0.248797613069459,91.8884700387323
15.7678571428571,1.12019223381857,1.3293484231879,0.24867865321543,91.8891304996244
15.7679563492064,1.1201007375547,1.32926398743542,0.248559750149516,91.8897908971555
15.7680555555556,1.1200092501795,1.32917954885059,0.248440903843611,91.8904512313362
15.7681547619048,1.11991777169161,1.32909510743827,0.24832211426961,91.8911115021771
15.768253968254,1.1198263020897,1.3290106632033,0.248203381399435,91.891771709689
15.7683531746032,1.1197348413724,1.32892621615053,0.248084705205007,91.8924318538825
15.7684523809524,1.11964338953836,1.32884176628482,0.247966085658273,91.8930919347681
15.7685515873016,1.11955194658624,1.328757313611,0.247847522731178,91.8937519523565
15.7686507936508,1.11946051251469,1.32867285813391,0.247729016395694,91.8944119066584
15.76875,1.11936908732235,1.3285883998584,0.247610566623793,91.8950717976844
15.7688492063492,1.11927767100788,1.32850393878931,0.247492173387469,91.895731625445
15.7689484126984,1.11918626356993,1.32841947493146,0.24737383665872,91.896391389951
15.7690476190476,1.11909486500715,1.32833500828968,0.247255556409567,91.8970510912129
15.7691468253968,1.1190034753182,1.32825053886881,0.24713733261203,91.8977107292413
15.769246031746,1.11891209450173,1.32816606667367,0.247019165238157,91.8983703040468
15.7693452380952,1.1188207225564,1.32808159170909,0.246901054259992,91.8990298156401
15.7694444444444,1.11872935948086,1.32799711397988,0.246782999649604,91.8996892640317
15.7695436507937,1.11863800527377,1.32791263349087,0.246665001379074,91.9003486492323
15.7696428571429,1.11854665993379,1.32782815024686,0.246547059420485,91.9010079712524
15.7697420634921,1.11845532345957,1.32774366425269,0.246429173745946,91.9016672301026
15.7698412698413,1.11836399584977,1.32765917551315,0.246311344327565,91.9023264257935
15.7699404761905,1.11827267710305,1.32757468403305,0.246193571137475,91.9029855583357
15.7700396825397,1.11818136721807,1.32749018981721,0.246075854147811,91.9036446277398
15.7701388888889,1.1180900661935,1.32740569287042,0.24595819333073,91.9043036340163
15.7702380952381,1.11799877402799,1.32732119319749,0.245840588658392,91.9049625771758
15.7703373015873,1.11790749072021,1.32723669080321,0.245723040102979,91.9056214572289
15.7704365079365,1.11781621626881,1.32715218569238,0.245605547636675,91.9062802741861
15.7705357142857,1.11772495067247,1.3270676778698,0.245488111231689,91.9069390280581
15.7706349206349,1.11763369392984,1.32698316734025,0.245370730860229,91.9075977188553
15.7707341269841,1.11754244603959,1.32689865410853,0.245253406494528,91.9082563465883
15.7708333333333,1.11745120700038,1.32681413817942,0.24513613810682,91.9089149112678
15.7709325396825,1.11735997681088,1.3267296195577,0.24501892566936,91.9095734129041
15.7710317460317,1.11726875546977,1.32664509824815,0.244901769154416,91.9102318515079
15.771130952381,1.1171775429757,1.32656057425556,0.244784668534259,91.9108902270897
15.7712301587302,1.11708633932734,1.32647604758469,0.244667623781184,91.9115485396601
15.7713293650794,1.11699514452336,1.32639151824033,0.244550634867487,91.9122067892295
15.7714285714286,1.11690395856244,1.32630698622725,0.24443370176549,91.9128649758086
15.7715277777778,1.11681278144323,1.3262224515502,0.244316824447512,91.9135230994078
15.771626984127,1.11672161316442,1.32613791421396,0.2442000028859,91.9141811600376
15.7717261904762,1.11663045372467,1.32605337422329,0.244083237052999,91.9148391577087
15.7718253968254,1.11653930312266,1.32596883158296,0.243966526921181,91.9154970924314
15.7719246031746,1.11644816135706,1.32588428629771,0.243849872462815,91.9161549642164
15.7720238095238,1.11635702842654,1.32579973837232,0.243733273650298,91.916812773074
15.772123015873,1.11626590432977,1.32571518781152,0.243616730456025,91.9174705190149
15.7722222222222,1.11617478906544,1.32563063462007,0.243500242852418,91.9181282020496
15.7723214285714,1.11608368263221,1.32554607880272,0.243383810811896,91.9187858221885
15.7724206349206,1.11599258502876,1.32546152036421,0.243267434306902,91.9194433794421
15.7725198412698,1.11590149625377,1.3253769593093,0.243151113309891,91.9201008738209
15.772619047619,1.11581041630592,1.32529239564271,0.243034847793322,91.9207583053355
15.7727182539683,1.11571934518389,1.32520782936919,0.242918637729677,91.9214156739962
15.7728174603175,1.11562828288635,1.32512326049347,0.24280248309144,91.9220729798136
15.7729166666667,1.11553722941199,1.32503868902029,0.242686383851118,91.9227302227982
15.7730158730159,1.11544618475947,1.32495411495437,0.24257033998122,91.9233874029605
15.7731150793651,1.1153551489275,1.32486953830045,0.242454351454278,91.9240445203108
15.7732142857143,1.11526412191474,1.32478495906325,0.242338418242827,91.9247015748598
15.7733134920635,1.11517310371988,1.32470037724749,0.242222540319423,91.9253585666177
15.7734126984127,1.1150820943416,1.3246157928579,0.242106717656625,91.9260154955952
15.7735119047619,1.11499109377859,1.32453120589919,0.241990950227016,91.9266723618027
15.7736111111111,1.11490010202953,1.32444661637608,0.241875238003178,91.9273291652505
15.7737103174603,1.1148091190931,1.32436202429328,0.24175958095772,91.9279859059493
15.7738095238095,1.11471814496799,1.3242774296555,0.24164397906325,91.9286425839094
15.7739087301587,1.11462717965289,1.32419283246745,0.241528432292397,91.9292991991412
15.7740079365079,1.11453622314649,1.32410823273383,0.241412940617804,91.9299557516553
15.7741071428571,1.11444527544747,1.32402363045936,0.241297504012116,91.930612241462
15.7742063492063,1.11435433655452,1.32393902564872,0.241182122448003,91.9312686685717
15.7743055555556,1.11426340646632,1.32385441830662,0.241066795898137,91.9319250329951
15.7744047619048,1.11417248518158,1.32376980843775,0.240951524335212,91.9325813347423
15.774503968254,1.11408157269898,1.32368519604681,0.240836307731923,91.9332375738239
15.7746031746032,1.11399066901721,1.32360058113849,0.240721146060991,91.9338937502503
15.7747023809524,1.11389977413496,1.32351596371746,0.240606039295136,91.9345498640319
15.7748015873016,1.11380888805092,1.32343134378843,0.240490987407104,91.9352059151791
15.7749007936508,1.1137180107638,1.32334672135607,0.24037599036964,91.9358619037024
15.775,1.11362714227228,1.32326209642506,0.240261048155513,91.9365178296121
15.7750992063492,1.11353628257505,1.32317746900009,0.240146160737495,91.9371736929186
15.7751984126984,1.11344543167082,1.32309283908582,0.240031328088381,91.9378294936324
15.7752976190476,1.11335458955827,1.32300820668692,0.239916550180965,91.9384852317638
15.7753968253968,1.11326375623611,1.32292357180808,0.239801826988064,91.9391409073232
15.775496031746,1.11317293170304,1.32283893445395,0.23968715848251,91.9397965203211
15.7755952380952,1.11308211595774,1.32275429462921,0.239572544637133,91.9404520707678
15.7756944444444,1.11299130899892,1.32266965233851,0.239457985424792,91.9411075586737
15.7757936507937,1.11290051082528,1.32258500758652,0.239343480818344,91.9417629840491
15.7758928571429,1.11280972143552,1.32250036037789,0.239229030790673,91.9424183469045
15.7759920634921,1.11271894082833,1.32241571071728,0.23911463531466,91.9430736472502
15.7760912698413,1.11262816900243,1.32233105860934,0.239000294363213,91.9437288850966
15.7761904761905,1.11253740595651,1.32224640405872,0.23888600790924,91.9443840604541
15.7762896825397,1.11244665168927,1.32216174707007,0.238771775925673,91.945039173333
15.7763888888889,1.11235590619942,1.32207708764803,0.238657598385445,91.9456942237436
15.7764880952381,1.11226516948566,1.32199242579725,0.238543475261513,91.9463492116964
15.7765873015873,1.1121744415467,1.32190776152237,0.238429406526836,91.9470041372017
15.7766865079365,1.11208372238125,1.32182309482803,0.238315392154395,91.9476590002699
15.7767857142857,1.111993011988,1.32173842571885,0.238201432117172,91.9483138009112
15.7768849206349,1.11190231036566,1.32165375419947,0.238087526388173,91.948968539136
15.7769841269841,1.11181161751295,1.32156908027453,0.237973674940415,91.9496232149547
15.7770833333333,1.11172093342857,1.32148440394865,0.237859877746916,91.9502778283776
15.7771825396825,1.11163025811123,1.32139972522646,0.237746134780722,91.950932379415
15.7772817460317,1.11153959155964,1.32131504411257,0.237632446014878,91.9515868680773
15.777380952381,1.11144893377251,1.32123036061161,0.237518811422454,91.9522412943748
15.7774801587302,1.11135828474855,1.3211456747282,0.23740523097652,91.9528956583177
15.7775793650794,1.11126764448647,1.32106098646694,0.23729170465017,91.9535499599165
15.7776785714286,1.11117701298498,1.32097629583246,0.2371782324165,91.9542041991815
15.7777777777778,1.11108639024281,1.32089160282937,0.237064814248629,91.9548583761228
15.777876984127,1.11099577625865,1.32080690746226,0.236951450119676,91.955512490751
15.7779761904762,1.11090517103123,1.32072220973575,0.236838140002788,91.9561665430762
15.7780753968254,1.11081457455926,1.32063750965443,0.236724883871109,91.9568205331087
15.7781746031746,1.11072398684145,1.32055280722292,0.236611681697808,91.9574744608589
15.7782738095238,1.11063340787652,1.3204681024458,0.236498533456056,91.9581283263371
15.778373015873,1.1105428376632,1.32038339532767,0.236385439119043,91.9587821295535
15.7784722222222,1.11045227620019,1.32029868587312,0.236272398659974,91.9594358705184
15.7785714285714,1.11036172348621,1.32021397408675,0.236159412052057,91.9600895492422
15.7786706349206,1.11027117951999,1.32012925997313,0.236046479268522,91.960743165735
15.7787698412698,1.11018064430024,1.32004454353686,0.235933600282604,91.9613967200073
15.778869047619,1.11009011782569,1.31995982478252,0.235820775067558,91.9620502120691
15.7789682539683,1.10999960009505,1.31987510371468,0.235708003596642,91.9627036419309
15.7790674603175,1.10990909110705,1.31979038033793,0.235595285843138,91.9633570096028
15.7791666666667,1.10981859086041,1.31970565465683,0.235482621780329,91.9640103150952
15.7792658730159,1.10972809935385,1.31962092667597,0.235370011381521,91.9646635584183
15.7793650793651,1.10963761658609,1.31953619639991,0.235257454620021,91.9653167395824
15.7794642857143,1.10954714255587,1.31945146383322,0.235144951469162,91.9659698585977
15.7795634920635,1.1094566772619,1.31936672898045,0.235032501902275,91.9666229154744
15.7796626984127,1.10936622070292,1.31928199184619,0.234920105892718,91.9672759102228
15.7797619047619,1.10927577287764,1.31919725243498,0.234807763413847,91.9679288428532
15.7798611111111,1.10918533378479,1.31911251075137,0.234695474439043,91.9685817133758
15.7799603174603,1.10909490342312,1.31902776679994,0.234583238941695,91.9692345218008
15.7800595238095,1.10900448179132,1.31894302058523,0.234471056895207,91.9698872681385
15.7801587301587,1.10891406887453,1.31885827211546,0.234358928285296,91.9705399524026
15.7802579365079,1.10882366465921,1.3187735213982,0.234246853098027,91.9711925746062
15.7803571428571,1.10873326914396,1.31868876843761,0.234134831309234,91.9718451347591
15.7804563492064,1.10864288232736,1.31860401323785,0.234022862894747,91.972497632871
15.7805555555556,1.10855250420799,1.31851925580308,0.233910947830419,91.9731500689516
15.7806547619048,1.10846213478446,1.31843449613745,0.233799086092094,91.9738024430106
15.780753968254,1.10837177405535,1.31834973424512,0.233687277655638,91.9744547550577
15.7808531746032,1.10828142201924,1.31826497013023,0.233575522496913,91.9751070051028
15.7809523809524,1.10819107867474,1.31818020379694,0.2334638205918,91.9757591931554
15.7810515873016,1.10810074402043,1.3180954352494,0.233352171916176,91.9764113192253
15.7811507936508,1.10801041805491,1.31801066449176,0.233240576445938,91.9770633833222
15.78125,1.10792010077677,1.31792589152816,0.233129034156978,91.9777153854559
15.7813492063492,1.10782979218459,1.31784111636275,0.233017545025205,91.978367325636
15.7814484126984,1.10773949227698,1.31775633899968,0.232906109026536,91.9790192038723
15.7815476190476,1.10764920105252,1.31767155944307,0.232794726136887,91.9796710201744
15.7816468253968,1.10755891850982,1.31758677769709,0.232683396332192,91.980322774552
15.781746031746,1.10746864464746,1.31750199376585,0.232572119588382,91.9809744670149
15.7818452380952,1.10737837946404,1.31741720765351,0.232460895881409,91.9816260975727
15.7819444444444,1.10728812295815,1.31733241936419,0.232349725187218,91.9822776662352
15.7820436507936,1.10719787512839,1.31724762890203,0.232238607481775,91.9829291730119
15.7821428571429,1.10710763597336,1.31716283627117,0.232127542741043,91.9835806179128
15.7822420634921,1.10701740549164,1.31707804147574,0.232016530941002,91.9842320009473
15.7823412698413,1.10692718368185,1.31699324451986,0.23190557205763,91.9848833221252
15.7824404761905,1.10683697054256,1.31690844540766,0.231794666066923,91.9855345814562
15.7825396825397,1.10674676607239,1.31682364414327,0.231683812944875,91.98618577895
15.7826388888889,1.10665657026993,1.31673884073083,0.231573012667497,91.9868369146162
15.7827380952381,1.10656638313377,1.31665403517444,0.231462265210797,91.9874879884646
15.7828373015873,1.10647620466251,1.31656922747823,0.231351570550801,91.9881390005047
15.7829365079365,1.10638603485476,1.31648441764633,0.23124092866354,91.9887899507463
15.7830357142857,1.10629587370911,1.31639960568285,0.231130339525045,91.9894408391991
15.7831349206349,1.10620572122417,1.31631479159192,0.231019803111369,91.9900916658727
15.7832341269841,1.10611557739852,1.31622997537764,0.230909319398556,91.9907424307767
15.7833333333333,1.10602544223078,1.31614515704413,0.230798888362673,91.9913931339209
15.7834325396825,1.10593531571953,1.31606033659551,0.230688509979783,91.9920437753149
15.7835317460317,1.10584519786339,1.31597551403588,0.230578184225966,91.9926943549684
15.783630952381,1.10575508866096,1.31589068936937,0.2304679110773,91.993344872891
15.7837301587302,1.10566498811083,1.31580586260007,0.230357690509883,91.9939953290924
15.7838293650794,1.1055748962116,1.31572103373209,0.230247522499807,91.9946457235822
15.7839285714286,1.10548481296189,1.31563620276955,0.230137407023184,91.9952960563701
15.7840277777778,1.10539473836029,1.31555136971654,0.230027344056123,91.9959463274657
15.784126984127,1.10530467240541,1.31546653457717,0.229917333574751,91.9965965368787
15.7842261904762,1.10521461509584,1.31538169735553,0.229807375555193,91.9972466846188
15.7843253968254,1.1051245664302,1.31529685805574,0.229697469973588,91.9978967706955
15.7844246031746,1.10503452640709,1.31521201668188,0.229587616806085,91.9985467951185
15.7845238095238,1.1049444950251,1.31512717323806,0.22947781602883,91.9991967578975
15.784623015873,1.10485447228286,1.31504232772836,0.22936806761799,91.9998466590421
15.7847222222222,1.10476445817896,1.31495748015689,0.229258371549726,92.0004964985619
15.7848214285714,1.10467445271201,1.31487263052773,0.229148727800222,92.0011462764665
15.7849206349206,1.10458445588061,1.31478777884498,0.229039136345653,92.0017959927657
15.7850198412698,1.10449446768337,1.31470292511273,0.228929597162219,92.0024456474689
15.785119047619,1.10440448811891,1.31461806933505,0.228820110226111,92.0030952405859
15.7852182539683,1.10431451718581,1.31453321151605,0.228710675513542,92.0037447721262
15.7853174603175,1.1042245548827,1.3144483516598,0.22860129300072,92.0043942420995
15.7854166666667,1.10413460120819,1.31436348977039,0.228491962663875,92.0050436505154
15.7855158730159,1.10404465616087,1.3142786258519,0.228382684479229,92.0056929973836
15.7856150793651,1.10395471973936,1.31419375990841,0.228273458423027,92.0063422827135
15.7857142857143,1.10386479194226,1.31410889194399,0.228164284471506,92.006991506515
15.7858134920635,1.1037748727682,1.31402402196273,0.228055162600924,92.0076406687974
15.7859126984127,1.10368496221577,1.3139391499687,0.227946092787544,92.0082897695706
15.7860119047619,1.10359506028359,1.31385427596598,0.227837075007629,92.008938808844
15.7861111111111,1.10350516697027,1.31376939995864,0.22772810923746,92.0095877866272
15.7862103174603,1.10341528227441,1.31368452195075,0.227619195453315,92.01023670293
15.7863095238095,1.10332540619464,1.31359964194637,0.227510333631491,92.0108855577618
15.7864087301587,1.10323553872956,1.31351475994959,0.227401523748283,92.0115343511323
15.7865079365079,1.10314567987778,1.31342987596445,0.227292765780002,92.012183083051
15.7866071428571,1.10305582963792,1.31334498999504,0.227184059702958,92.0128317535276
15.7867063492063,1.10296598800859,1.31326010204541,0.227075405493478,92.0134803625717
15.7868055555556,1.10287615498841,1.31317521211963,0.226966803127888,92.0141289101928
15.7869047619048,1.10278633057598,1.31309032022175,0.226858252582529,92.0147773964005
15.787003968254,1.10269651476992,1.31300542635584,0.226749753833743,92.0154258212044
15.7871031746032,1.10260670756885,1.31292053052595,0.226641306857888,92.0160741846141
15.7872023809524,1.10251690897138,1.31283563273614,0.226532911631319,92.0167224866392
15.7873015873016,1.10242711897612,1.31275073299046,0.226424568130407,92.0173707272892
15.7874007936508,1.1023373375817,1.31266583129297,0.226316276331532,92.0180189065737
15.7875,1.10224756478672,1.31258092764772,0.226208036211072,92.0186670245024
15.7875992063492,1.10215780058981,1.31249602205876,0.226099847745424,92.0193150810847
15.7876984126984,1.10206804498958,1.31241111453014,0.225991710910983,92.0199630763302
15.7877976190476,1.10197829798464,1.3123262050659,0.22588362568416,92.0206110102485
15.7878968253968,1.10188855957362,1.31224129367009,0.225775592041366,92.0212588828493
15.787996031746,1.10179882975514,1.31215638034676,0.225667609959027,92.0219066941419
15.7880952380952,1.1017091085278,1.31207146509994,0.22555967941357,92.022554444136
15.7881944444444,1.10161939589023,1.31198654793369,0.225451800381437,92.0232021328411
15.7882936507937,1.10152969184105,1.31190162885203,0.225343972839068,92.0238497602669
15.7883928571429,1.10143999637888,1.31181670785901,0.225236196762922,92.0244973264228
15.7884920634921,1.10135030950234,1.31173178495866,0.225128472129456,92.0251448313185
15.7885912698413,1.10126063121004,1.31164686015501,0.225020798915143,92.0257922749633
15.7886904761905,1.10117096150061,1.31156193345211,0.224913177096454,92.026439657367
15.7887896825397,1.10108130037267,1.31147700485398,0.224805606649876,92.027086978539
15.7888888888889,1.10099164782485,1.31139207436466,0.224698087551904,92.0277342384889
15.7889880952381,1.10090200385575,1.31130714198817,0.224590619779032,92.0283814372263
15.7890873015873,1.10081236846401,1.31122220772855,0.224483203307773,92.0290285747606
15.7891865079365,1.10072274164824,1.3111372715898,0.224375838114636,92.0296756511014
15.7892857142857,1.10063312340707,1.31105233357597,0.224268524176149,92.0303226662583
15.7893849206349,1.10054351373913,1.31096739369108,0.224161261468838,92.0309696202407
15.7894841269841,1.10045391264303,1.31088245193914,0.224054049969247,92.0316165130582
15.7895833333333,1.1003643201174,1.31079750832418,0.223946889653914,92.0322633447204
15.7896825396825,1.10027473616086,1.31071256285021,0.223839780499401,92.0329101152367
15.7897817460317,1.10018516077204,1.31062761552126,0.223732722482262,92.0335568246167
15.789880952381,1.10009559394957,1.31054266634133,0.223625715579071,92.0342034728698
15.7899801587302,1.10000603569206,1.31045771531444,0.223518759766401,92.0348500600057
15.7900793650794,1.09991648599815,1.31037276244461,0.223411855020841,92.0354965860338
15.7901785714286,1.09982694486645,1.31028780773584,0.223305001318977,92.0361430509637
15.7902777777778,1.09973741229561,1.31020285119215,0.223198198637413,92.0367894548048
15.790376984127,1.09964788828424,1.31011789281754,0.223091446952758,92.0374357975667
15.7904761904762,1.09955837283097,1.31003293261602,0.222984746241622,92.0380820792589
15.7905753968254,1.09946886593443,1.3099479705916,0.222878096480634,92.0387282998908
15.7906746031746,1.09937936759324,1.30986300674827,0.222771497646419,92.0393744594721
15.7907738095238,1.09928987780604,1.30977804109004,0.222664949715621,92.0400205580121
15.790873015873,1.09920039657146,1.30969307362091,0.222558452664879,92.0406665955204
15.7909722222222,1.09911092388812,1.30960810434488,0.222452006470855,92.0413125720064
15.7910714285714,1.09902145975465,1.30952313326595,0.222345611110203,92.0419584874798
15.7911706349206,1.09893200416968,1.30943816038811,0.222239266559598,92.0426043419499
15.7912698412698,1.09884255713185,1.30935318571536,0.222132972795712,92.0432501354263
15.791369047619,1.09875311863978,1.30926820925169,0.222026729795235,92.0438958679184
15.7914682539683,1.0986636886921,1.30918323100109,0.221920537534853,92.0445415394358
15.7915674603175,1.09857426728745,1.30909825096755,0.221814395991273,92.0451871499878
15.7916666666667,1.09848485442446,1.30901326915506,0.221708305141196,92.0458326995841
15.7917658730159,1.09839545010176,1.30892828556761,0.221602264961341,92.0464781882341
15.7918650793651,1.09830605431798,1.30884330020918,0.221496275428433,92.0471236159471
15.7919642857143,1.09821666707175,1.30875831308376,0.221390336519198,92.0477689827329
15.7920634920635,1.09812728836172,1.30867332419533,0.221284448210381,92.0484142886007
15.7921626984127,1.0980379181865,1.30858833354786,0.221178610478721,92.0490595335601
15.7922619047619,1.09794855654475,1.30850334114535,0.221072823300978,92.0497047176205
15.7923611111111,1.09785920343508,1.30841834699176,0.220967086653909,92.0503498407915
15.7924603174603,1.09776985885614,1.30833335109108,0.220861400514288,92.0509949030824
15.7925595238095,1.09768052280656,1.30824835344728,0.220755764858887,92.0516399045028
15.7926587301587,1.09759119528498,1.30816335406432,0.220650179664497,92.052284845062
15.7927579365079,1.09750187629002,1.30807835294619,0.220544644907904,92.0529297247696
15.7928571428571,1.09741256582034,1.30799335009686,0.220439160565914,92.053574543635
15.7929563492063,1.09732326387456,1.30790834552029,0.22033372661533,92.0542193016677
15.7930555555556,1.09723397045133,1.30782333922045,0.220228343032973,92.054863998877
15.7931547619048,1.09714468554927,1.3077383312013,0.22012300979566,92.0555086352726
15.793253968254,1.09705540916703,1.30765332146682,0.220017726880226,92.0561532108637
15.7933531746032,1.09696614130324,1.30756831002096,0.219912494263512,92.0567977256599
15.7934523809524,1.09687688195655,1.30748329686768,0.219807311922359,92.0574421796706
15.7935515873016,1.0967876311256,1.30739828201095,0.219702179833626,92.0580865729052
15.7936507936508,1.09669838880901,1.30731326545472,0.219597097974171,92.0587309053732
15.79375,1.09660915500544,1.30722824720296,0.219492066320868,92.059375177084
15.7938492063492,1.09651992971352,1.30714322725961,0.219387084850589,92.060019388047
15.7939484126984,1.0964307129319,1.30705820562862,0.219282153540225,92.0606635382717
15.7940476190476,1.0963415046592,1.30697318231396,0.219177272366662,92.0613076277675
15.7941468253968,1.09625230489409,1.30688815731957,0.219072441306808,92.0619516565438
15.794246031746,1.09616311363518,1.30680313064941,0.218967660337564,92.0625956246101
15.7943452380952,1.09607393088114,1.30671810230741,0.218862929435852,92.0632395319757
15.7944444444444,1.09598475663059,1.30663307229753,0.21875824857859,92.0638833786502
15.7945436507936,1.09589559088219,1.30654804062371,0.218653617742715,92.0645271646428
15.7946428571429,1.09580643363458,1.30646300728989,0.21854903690516,92.0651708899631
15.7947420634921,1.09571728488639,1.30637797230002,0.218444506042875,92.0658145546205
15.7948412698413,1.09562814463628,1.30629293565804,0.218340025132816,92.0664581586243
15.7949404761905,1.09553901288289,1.30620789736787,0.218235594151942,92.0671017019839
15.7950396825397,1.09544988962486,1.30612285743348,0.218131213077226,92.0677451847088
15.7951388888889,1.09536077486084,1.30603781585878,0.218026881885641,92.0683886068085
15.7952380952381,1.09527166858947,1.30595277264771,0.217922600554178,92.0690319682921
15.7953373015873,1.09518257080939,1.30586772780421,0.217818369059824,92.0696752691693
15.7954365079365,1.09509348151927,1.3057826813322,0.217714187379585,92.0703185094494
15.7955357142857,1.09500440071773,1.30569763323562,0.217610055490464,92.0709616891417
15.7956349206349,1.09491532840343,1.30561258351839,0.217505973369483,92.0716048082557
15.7957341269841,1.09482626457502,1.30552753218445,0.21740194099366,92.0722478668007
15.7958333333333,1.09473720923114,1.30544247923771,0.217297958340033,92.0728908647862
15.7959325396825,1.09464816237043,1.3053574246821,0.217194025385634,92.0735338022216
15.7960317460317,1.09455912399156,1.30527236852154,0.217090142107516,92.0741766791162
15.796130952381,1.09447009409317,1.30518731075996,0.216986308482728,92.0748194954794
15.7962301587302,1.0943810726739,1.30510225140126,0.216882524488336,92.0754622513206
15.7963293650794,1.09429205973241,1.30501719044938,0.216778790101413,92.0761049466491
15.7964285714286,1.09420305526735,1.30493212790823,0.216675105299029,92.0767475814744
15.7965277777778,1.09411405927736,1.30484706378171,0.216571470058277,92.0773901558058
15.796626984127,1.0940250717611,1.30476199807375,0.216467884356244,92.0780326696527
15.7967261904762,1.09393609271722,1.30467693078825,0.216364348170037,92.0786751230245
15.7968253968254,1.09384712214436,1.30459186192913,0.216260861476758,92.0793175159305
15.7969246031746,1.09375816004119,1.3045067915003,0.21615742425353,92.0799598483801
15.7970238095238,1.09366920640635,1.30442171950565,0.21605403647747,92.0806021203827
15.797123015873,1.0935802612385,1.30433664594911,0.215950698125717,92.0812443319476
15.7972222222222,1.09349132453629,1.30425157083456,0.215847409175403,92.0818864830842
15.7973214285714,1.09340239629836,1.30416649416592,0.215744169603682,92.0825285738018
15.7974206349206,1.09331347652339,1.30408141594709,0.215640979387703,92.0831706041099
15.7975198412698,1.09322456521001,1.30399633618196,0.215537838504635,92.0838125740176
15.797619047619,1.09313566235689,1.30391125487443,0.21543474693164,92.0844544835345
15.7977182539683,1.09304676796267,1.3038261720284,0.215331704645902,92.0850963326698
15.7978174603175,1.09295788202602,1.30374108764777,0.215228711624607,92.0857381214329
15.7979166666667,1.09286900454559,1.30365600173642,0.215125767844944,92.0863798498332
15.7980158730159,1.09278013552003,1.30357091429826,0.21502287328412,92.0870215178799
15.7981150793651,1.09269127494801,1.30348582533717,0.214920027919337,92.0876631255824
15.7982142857143,1.09260242282817,1.30340073485704,0.214817231727817,92.0883046729501
15.7983134920635,1.09251357915918,1.30331564286176,0.214714484686781,92.0889461599923
15.7984126984127,1.09242474393969,1.30323054935521,0.214611786773464,92.0895875867184
15.7985119047619,1.09233591716836,1.30314545434128,0.214509137965101,92.0902289531376
15.7986111111111,1.09224709884386,1.30306035782385,0.214406538238944,92.0908702592592
15.7987103174603,1.09215828896482,1.3029752598068,0.214303987572245,92.0915115050927
15.7988095238095,1.09206948752993,1.30289016029402,0.214201485942269,92.0921526906473
15.7989087301587,1.09198069453782,1.30280505928938,0.214099033326284,92.0927938159324
15.7990079365079,1.09189190998718,1.30271995679676,0.213996629701571,92.0934348809573
15.7991071428571,1.09180313387665,1.30263485282003,0.213894275045412,92.0940758857312
15.7992063492064,1.09171436620489,1.30254974736308,0.213791969335103,92.0947168302636
15.7993055555556,1.09162560697057,1.30246464042976,0.213689712547949,92.0953577145637
15.7994047619048,1.09153685617235,1.30237953202396,0.213587504661251,92.0959985386409
15.799503968254,1.09144811380888,1.30229442214954,0.213485345652334,92.0966393025043
15.7996031746032,1.09135937987884,1.30220931081037,0.213383235498515,92.0972800061635
15.7997023809524,1.09127065438088,1.30212419801031,0.213281174177132,92.0979206496276
15.7998015873016,1.09118193731366,1.30203908375324,0.21317916166552,92.098561232906
15.7999007936508,1.09109322867586,1.30195396804301,0.213077197941032,92.0992017560079
15.8,1.09100452846613,1.30186885088349,0.212975282981017,92.0998422189427
15.8000992063492,1.09091583668313,1.30178373227854,0.212873416762844,92.1004826217196
15.8001984126984,1.09082715332553,1.30169861223201,0.212771599263878,92.1011229643481
15.8002976190476,1.090738478392,1.30161349074777,0.212669830461503,92.1017632468372
15.8003968253968,1.09064981188119,1.30152836782967,0.2125681103331,92.1024034691964
15.800496031746,1.09056115379179,1.30144324348156,0.212466438856068,92.1030436314349
15.8005952380952,1.09047250412244,1.3013581177073,0.212364816007802,92.103683733562
15.8006944444444,1.09038386287182,1.30127299051074,0.212263241765716,92.104323775587
15.8007936507937,1.09029523003859,1.30118786189573,0.212161716107228,92.1049637575192
15.8008928571429,1.09020660562142,1.30110273186611,0.212060239009757,92.1056036793678
15.8009920634921,1.09011798961898,1.30101760042575,0.211958810450742,92.1062435411421
15.8010912698413,1.09002938202994,1.30093246757847,0.211857430407618,92.1068833428515
15.8011904761905,1.08994078285295,1.30084733332812,0.211756098857836,92.1075230845051
15.8012896825397,1.0898521920867,1.30076219767855,0.211654815778848,92.1081627661123
15.8013888888889,1.08976360972985,1.3006770606336,0.211553581148122,92.1088023876822
15.8014880952381,1.08967503578107,1.30059192219711,0.211452394943123,92.1094419492243
15.8015873015873,1.08958647023902,1.30050678237291,0.211351257141335,92.1100814507477
15.8016865079365,1.08949791310238,1.30042164116484,0.21125016772024,92.1107208922617
15.8017857142857,1.08940936436983,1.30033649857674,0.211149126657337,92.1113602737755
15.8018849206349,1.08932082404001,1.30025135461243,0.211048133930121,92.1119995952985
15.8019841269841,1.08923229211162,1.30016620927576,0.210947189516109,92.1126388568398
15.8020833333333,1.08914376858332,1.30008106257055,0.210846293392811,92.1132780584088
15.8021825396825,1.08905525345379,1.29999591450063,0.210745445537755,92.1139172000146
15.8022817460317,1.08896674672169,1.29991076506983,0.210644645928477,92.1145562816666
15.802380952381,1.08887824838569,1.29982561428198,0.210543894542511,92.1151953033739
15.8024801587302,1.08878975844448,1.29974046214089,0.21044319135741,92.1158342651458
15.8025793650794,1.08870127689672,1.29965530865039,0.210342536350726,92.1164731669916
15.8026785714286,1.08861280374109,1.29957015381431,0.210241929500026,92.1171120089205
15.8027777777778,1.08852433897625,1.29948499763646,0.210141370782877,92.1177507909417
15.802876984127,1.0884358826009,1.29939984012066,0.210040860176862,92.1183895130645
15.8029761904762,1.08834743461369,1.29931468127073,0.209940397659563,92.1190281752981
15.8030753968254,1.08825899501331,1.29922952109048,0.209839983208579,92.1196667776517
15.8031746031746,1.08817056379843,1.29914435958373,0.209739616801508,92.1203053201345
15.8032738095238,1.08808214096772,1.29905919675428,0.209639298415963,92.1209438027559
15.803373015873,1.08799372651987,1.29897403260596,0.209539028029557,92.1215822255249
15.8034722222222,1.08790532045355,1.29888886714257,0.20943880561992,92.1222205884509
15.8035714285714,1.08781692276743,1.29880370036791,0.20933863116468,92.1228588915431
15.8036706349206,1.0877285334602,1.2987185322858,0.20923850464148,92.1234971348106
15.8037698412698,1.08764015253053,1.29863336290004,0.20913842602797,92.1241353182627
15.803869047619,1.0875517799771,1.29854819221443,0.209038395301802,92.1247734419086
15.8039682539683,1.08746341579859,1.29846302023277,0.208938412440644,92.1254115057575
15.8040674603175,1.08737505999367,1.29837784695887,0.208838477422162,92.1260495098186
15.8041666666667,1.08728671256103,1.29829267239652,0.208738590224041,92.1266874541011
15.8042658730159,1.08719837349935,1.29820749654952,0.208638750823962,92.1273253386143
15.8043650793651,1.0871100428073,1.29812231942167,0.208538959199624,92.1279631633673
15.8044642857143,1.08702172048357,1.29803714101675,0.208439215328725,92.1286009283693
15.8045634920635,1.08693340652683,1.29795196133858,0.208339519188979,92.1292386336296
15.8046626984127,1.08684510093578,1.29786678039092,0.2082398707581,92.1298762791573
15.8047619047619,1.08675680370908,1.29778159817758,0.208140270013817,92.1305138649616
15.8048611111111,1.08666851484542,1.29769641470234,0.208040716933858,92.1311513910517
15.8049603174603,1.08658023434349,1.29761122996899,0.207941211495969,92.1317888574368
15.8050595238095,1.08649196220197,1.29752604398131,0.207841753677893,92.1324262641261
15.8051587301587,1.08640369841953,1.29744085674309,0.207742343457389,92.1330636111288
15.8052579365079,1.08631544299487,1.29735566825812,0.207642980812224,92.133700898454
15.8053571428571,1.08622719592666,1.29727047853016,0.207543665720164,92.134338126111
15.8054563492063,1.0861389572136,1.297185287563,0.207444398158992,92.1349752941088
15.8055555555556,1.08605072685435,1.29710009536043,0.207345178106492,92.1356124024568
15.8056547619048,1.08596250484763,1.2970149019262,0.207246005540462,92.136249451164
15.805753968254,1.08587429119209,1.29692970726411,0.2071468804387,92.1368864402397
15.8058531746032,1.08578608588644,1.29684451137792,0.207047802779021,92.1375233696929
15.8059523809524,1.08569788892935,1.2967593142714,0.206948772539238,92.138160239533
15.8060515873016,1.08560970031952,1.29667411594832,0.206849789697181,92.138797049769
15.8061507936508,1.08552152005562,1.29658891641246,0.206750854230678,92.13943380041
15.80625,1.08543334813636,1.29650371566758,0.206651966117576,92.1400704914654
15.8063492063492,1.08534518456041,1.29641851371745,0.206553125335718,92.1407071229441
15.8064484126984,1.08525702932646,1.29633331056582,0.206454331862965,92.1413436948555
15.8065476190476,1.0851688824332,1.29624810621647,0.206355585677176,92.1419802072086
15.8066468253968,1.08508074387932,1.29616290067315,0.206256886756226,92.1426166600125
15.806746031746,1.08499261366352,1.29607769393962,0.206158235077996,92.1432530532765
15.8068452380952,1.08490449178447,1.29599248601965,0.206059630620369,92.1438893870097
15.8069444444444,1.08481637824087,1.29590727691698,0.205961073361245,92.1445256612212
15.8070436507937,1.0847282730314,1.29582206663538,0.20586256327852,92.1451618759202
15.8071428571429,1.08464017615477,1.2957368551786,0.20576410035011,92.1457980311157
15.8072420634921,1.08455208760965,1.29565164255038,0.205665684553929,92.1464341268171
15.8073412698413,1.08446400739475,1.29556642875448,0.205567315867907,92.1470701630333
15.8074404761905,1.08437593550875,1.29548121379465,0.205468994269972,92.1477061397736
15.8075396825397,1.08428787195034,1.29539599767465,0.20537071973807,92.1483420570469
15.8076388888889,1.08419981671822,1.2953107803982,0.205272492250146,92.1489779148627
15.8077380952381,1.08411176981109,1.29522556196906,0.20517431178416,92.1496137132298
15.8078373015873,1.08402373122762,1.29514034239097,0.205076178318073,92.1502494521574
15.8079365079365,1.08393570096652,1.29505512166767,0.20497809182986,92.1508851316547
15.8080357142857,1.08384767902648,1.2949698998029,0.204880052297497,92.1515207517308
15.8081349206349,1.0837596654062,1.29488467680041,0.204782059698973,92.1521563123948
15.8082341269841,1.08367166010436,1.29479945266392,0.204684114012287,92.1527918136559
15.8083333333333,1.08358366311967,1.29471422739718,0.204586215215435,92.153427255523
15.8084325396825,1.08349567445083,1.29462900100391,0.204488363286433,92.1540626380054
15.8085317460317,1.08340769409651,1.29454377348785,0.204390558203295,92.1546979611122
15.808630952381,1.08331972205543,1.29445854485274,0.204292799944051,92.1553332248525
15.8087301587302,1.08323175832628,1.2943733151023,0.20419508848673,92.1559684292353
15.8088293650794,1.08314380290776,1.29428808424025,0.204097423809378,92.1566035742698
15.8089285714286,1.08305585579855,1.29420285227033,0.20399980589004,92.1572386599651
15.8090277777778,1.08296791699737,1.29411761919626,0.203902234706776,92.1578736863303
15.809126984127,1.08287998650291,1.29403238502177,0.203804710237647,92.1585086533745
15.8092261904762,1.08279206431387,1.29394714975057,0.20370723246073,92.1591435611067
15.8093253968254,1.08270415042893,1.29386191338638,0.203609801354099,92.1597784095361
15.8094246031746,1.08261624484682,1.29377667593294,0.203512416895847,92.1604131986718
15.8095238095238,1.08252834756622,1.29369143739394,0.203415079064064,92.1610479285228
15.809623015873,1.08244045858584,1.29360619777312,0.203317787836856,92.1616825990983
15.8097222222222,1.08235257790437,1.29352095707417,0.203220543192336,92.1623172104072
15.8098214285714,1.08226470552052,1.29343571530083,0.203123345108618,92.1629517624588
15.8099206349206,1.08217684143298,1.29335047245679,0.203026193563832,92.1635862552621
15.8100198412698,1.08208898564046,1.29326522854577,0.202929088536107,92.1642206888261
15.810119047619,1.08200113814167,1.29317998357148,0.20283203000359,92.16485506316
15.8102182539683,1.08191329893529,1.29309473753762,0.202735017944425,92.1654893782728
15.8103174603175,1.08182546802005,1.2930094904479,0.202638052336774,92.1661236341735
15.8104166666667,1.08173764539462,1.29292424230603,0.202541133158796,92.1667578308714
15.8105158730159,1.08164983105774,1.2928389931157,0.20244426038867,92.1673919683753
15.8106150793651,1.08156202500808,1.29275374288061,0.202347434004569,92.1680260466944
15.8107142857143,1.08147422724437,1.29266849160447,0.202250653984688,92.1686600658378
15.8108134920635,1.0813864377653,1.29258323929098,0.202153920307216,92.1692940258145
15.8109126984127,1.08129865656958,1.29249798594382,0.202057232950361,92.1699279266335
15.8110119047619,1.08121088365591,1.2924127315667,0.20196059189233,92.170561768304
15.8111111111111,1.081123119023,1.29232747616331,0.201863997111343,92.171195550835
15.8112103174603,1.08103536266956,1.29224221973734,0.201767448585629,92.1718292742355
15.8113095238095,1.08094761459429,1.29215696229248,0.201670946293418,92.1724629385145
15.8114087301587,1.0808598747959,1.29207170383243,0.201574490212956,92.1730965436812
15.8115079365079,1.08077214327309,1.29198644436086,0.201478080322487,92.1737300897446
15.8116071428571,1.08068442002458,1.29190118388146,0.201381716600275,92.1743635767137
15.8117063492064,1.08059670504907,1.29181592239792,0.201285399024577,92.1749970045975
15.8118055555556,1.08050899834527,1.29173065991392,0.201189127573673,92.1756303734051
15.8119047619048,1.08042129991189,1.29164539643314,0.201092902225837,92.1762636831456
15.812003968254,1.08033360974763,1.29156013195927,0.200996722959363,92.1768969338279
15.8121031746032,1.08024592785121,1.29147486649597,0.200900589752541,92.1775301254612
15.8122023809524,1.08015825422134,1.29138960004693,0.200804502583679,92.1781632580543
15.8123015873016,1.08007058885673,1.29130433261583,0.200708461431083,92.1787963316164
15.8124007936508,1.07998293175608,1.29121906420633,0.200612466273079,92.1794293461565
15.8125,1.0798952829181,1.29113379482211,0.200516517087986,92.1800623016836
15.8125992063492,1.07980764234152,1.29104852446684,0.200420613854141,92.1806951982068
15.8126984126984,1.07972001002504,1.29096325314419,0.20032475654989,92.1813280357349
15.8127976190476,1.07963238596737,1.29087798085782,0.200228945153577,92.1819608142772
15.8128968253968,1.07954477016723,1.29079270761141,0.200133179643563,92.1825935338425
15.812996031746,1.07945716262332,1.29070743340862,0.20003745999821,92.1832261944399
15.8130952380952,1.07936956333437,1.29062215825311,0.199941786195895,92.1838587960784
15.8131944444444,1.07928197229908,1.29053688214854,0.199846158214994,92.1844913387671
15.8132936507936,1.07919438951617,1.29045160509858,0.199750576033899,92.1851238225148
15.8133928571429,1.07910681498435,1.29036632710688,0.199655039631001,92.1857562473307
15.8134920634921,1.07901924870234,1.29028104817709,0.19955954898471,92.1863886132236
15.8135912698413,1.07893169066885,1.29019576831289,0.199464104073431,92.1870209202028
15.8136904761905,1.0788441408826,1.29011048751791,0.199368704875589,92.187653168277
15.8137896825397,1.0787565993423,1.29002520579582,0.199273351369605,92.1882853574553
15.8138888888889,1.07866906604668,1.28993992315026,0.199178043533919,92.1889174877468
15.8139880952381,1.07858154099444,1.28985463958488,0.199082781346967,92.1895495591603
15.8140873015873,1.0784940241843,1.28976935510333,0.198987564787203,92.190181571705
15.8141865079365,1.07840651561498,1.28968406970927,0.198892393833086,92.1908135253896
15.8142857142857,1.0783190152852,1.28959878340633,0.198797268463077,92.1914454202234
15.8143849206349,1.07823152319368,1.28951349619815,0.198702188655653,92.1920772562152
15.8144841269841,1.07814403933914,1.28942820808839,0.198607154389291,92.192709033374
15.8145833333333,1.07805656372028,1.28934291908068,0.198512165642483,92.1933407517089
15.8146825396825,1.07796909633584,1.28925762917865,0.198417222393721,92.1939724112287
15.8147817460317,1.07788163718454,1.28917233838596,0.198322324621514,92.1946040119424
15.814880952381,1.07779418626508,1.28908704670623,0.198227472304368,92.195235553859
15.8149801587302,1.0777067435762,1.2890017541431,0.198132665420807,92.1958670369876
15.8150793650794,1.07761930911661,1.2889164607002,0.198037903949353,92.196498461337
15.8151785714286,1.07753188288503,1.28883116638116,0.197943187868547,92.1971298269162
15.8152777777778,1.07744446488019,1.28874587118962,0.197848517156925,92.1977611337342
15.815376984127,1.07735705510081,1.2886605751292,0.197753891793042,92.1983923817999
15.8154761904762,1.0772696535456,1.28857527820353,0.197659311755451,92.1990235711224
15.8155753968254,1.0771822602133,1.28848998041624,0.197564777022721,92.1996547017105
15.8156746031746,1.07709487510263,1.28840468177094,0.197470287573427,92.2002857735732
15.8157738095238,1.0770074982123,1.28831938227127,0.197375843386144,92.2009167867195
15.815873015873,1.07692012954105,1.28823408192084,0.197281444439467,92.2015477411582
15.8159722222222,1.07683276908759,1.28814878072328,0.197187090711986,92.2021786368985
15.8160714285714,1.07674541685066,1.2880634786822,0.197092782182312,92.2028094739491
15.8161706349206,1.07665807282896,1.28797817580121,0.19699851882905,92.2034402523191
15.8162698412698,1.07657073702124,1.28789287208394,0.196904300630825,92.2040709720173
15.816369047619,1.07648340942622,1.287807567534,0.196810127566259,92.2047016330528
15.8164682539683,1.07639609004262,1.287722262155,0.196715999613992,92.2053322354345
15.8165674603175,1.07630877886917,1.28763695595054,0.196621916752661,92.2059627791712
15.8166666666667,1.07622147590459,1.28755164892425,0.196527878960922,92.206593264272
15.8167658730159,1.07613418114761,1.28746634107972,0.196433886217429,92.2072236907457
15.8168650793651,1.07604689459697,1.28738103242056,0.196339938500851,92.2078540586013
15.8169642857143,1.07595961625138,1.28729572295038,0.196246035789856,92.2084843678478
15.8170634920635,1.07587234610958,1.28721041267278,0.19615217806313,92.2091146184939
15.8171626984127,1.0757850841703,1.28712510159137,0.196058365299362,92.2097448105487
15.8172619047619,1.07569783043225,1.28703978970973,0.195964597477245,92.2103749440211
15.8173611111111,1.07561058489419,1.28695447703148,0.195870874575487,92.21100501892
15.8174603174603,1.07552334755482,1.28686916356021,0.195777196572796,92.2116350352543
15.8175595238095,1.07543611841289,1.28678384929951,0.195683563447896,92.2122649930328
15.8176587301587,1.07534889746711,1.28669853425298,0.19558997517951,92.2128948922647
15.8177579365079,1.07526168471624,1.2866132184242,0.195496431746378,92.2135247329586
15.8178571428571,1.07517448015899,1.28652790181678,0.195402933127237,92.2141545151236
15.8179563492063,1.0750872837941,1.2864425844343,0.195309479300844,92.2147842387686
15.8180555555556,1.07500009562029,1.28635726628035,0.19521607024595,92.2154139039024
15.8181547619048,1.07491291563631,1.28627194735852,0.195122705941328,92.2160435105339
15.818253968254,1.07482574384088,1.28618662767238,0.195029386365745,92.2166730586721
15.8183531746032,1.07473858023274,1.28610130722553,0.194936111497989,92.2173025483258
15.8184523809524,1.07465142481061,1.28601598602155,0.194842881316842,92.2179319795039
15.8185515873016,1.07456427757325,1.28593066406401,0.194749695801105,92.2185613522154
15.8186507936508,1.07447713851937,1.2858453413565,0.194656554929585,92.219190666469
15.81875,1.07439000764771,1.28576001790259,0.194563458681087,92.2198199222738
15.8188492063492,1.07430288495702,1.28567469370587,0.194470407034438,92.2204491196385
15.8189484126984,1.07421577044602,1.28558936876989,0.194377399968461,92.2210782585721
15.8190476190476,1.07412866411345,1.28550404309825,0.194284437461994,92.2217073390835
15.8191468253968,1.07404156595804,1.2854187166945,0.194191519493876,92.2223363611814
15.819246031746,1.07395447597853,1.28533338956222,0.194098646042964,92.2229653248749
15.8193452380952,1.07386739417367,1.28524806170498,0.194005817088109,92.2235942301727
15.8194444444444,1.07378032054218,1.28516273312634,0.193913032608185,92.2242230770838
15.8195436507937,1.0736932550828,1.28507740382987,0.193820292582058,92.2248518656169
15.8196428571429,1.07360619779428,1.28499207381914,0.193727596988617,92.2254805957811
15.8197420634921,1.07351914867535,1.2849067430977,0.193634945806744,92.226109267585
15.8198412698413,1.07343210772475,1.28482141166912,0.193542339015342,92.2267378810377
15.8199404761905,1.07334507494121,1.28473607953695,0.193449776593311,92.2273664361479
15.8200396825397,1.07325805032348,1.28465074670476,0.193357258519566,92.2279949329246
15.8201388888889,1.07317103387031,1.2845654131761,0.193264784773029,92.2286233713765
15.8202380952381,1.07308402558041,1.28448007895452,0.193172355332623,92.2292517515125
15.8203373015873,1.07299702545255,1.28439474404359,0.193079970177288,92.2298800733415
15.8204365079365,1.07291003348546,1.28430940844685,0.192987629285963,92.2305083368724
15.8205357142857,1.07282304967788,1.28422407216785,0.192895332637603,92.2311365421139
15.8206349206349,1.07273607402855,1.28413873521014,0.192803080211163,92.231764689075
15.8207341269841,1.07264910653622,1.28405339757727,0.192710871985613,92.2323927777643
15.8208333333333,1.07256214719962,1.28396805927278,0.192618707939922,92.2330208081909
15.8209325396825,1.07247519601751,1.28388272030022,0.192526588053078,92.2336487803636
15.8210317460317,1.07238825298861,1.28379738066313,0.192434512304065,92.2342766942911
15.821130952381,1.07230131811169,1.28371204036506,0.192342480671884,92.2349045499823
15.8212301587302,1.07221439138548,1.28362669940953,0.192250493135537,92.2355323474461
15.8213293650794,1.07212747280872,1.2835413578001,0.192158549674039,92.2361600866912
15.8214285714286,1.07204056238016,1.2834560155403,0.192066650266408,92.2367877677265
15.8215277777778,1.07195366009855,1.28337067263366,0.191974794891672,92.2374153905609
15.821626984127,1.07186676596263,1.28328532908372,0.191882983528871,92.238042955203
15.8217261904762,1.07177987997115,1.283199984894,0.191791216157043,92.2386704616619
15.8218253968254,1.07169300212286,1.28311464006805,0.191699492755244,92.2392979099462
15.8219246031746,1.07160613241649,1.28302929460939,0.191607813302527,92.2399253000649
15.8220238095238,1.0715192708508,1.28294394852155,0.191516177777965,92.2405526320266
15.822123015873,1.07143241742453,1.28285860180805,0.191424586160626,92.2411799058403
15.8222222222222,1.07134557213644,1.28277325447242,0.191333038429598,92.2418071215147
15.8223214285714,1.07125873498527,1.28268790651818,0.191241534563965,92.2424342790587
15.8224206349206,1.07117190596977,1.28260255794886,0.191150074542829,92.243061378481
15.8225198412698,1.07108508508868,1.28251720876797,0.191058658345291,92.2436884197905
15.822619047619,1.07099827234077,1.28243185897903,0.190967285950469,92.2443154029959
15.8227182539683,1.07091146772477,1.28234650858557,0.190875957337477,92.2449423281061
15.8228174603175,1.07082467123944,1.28226115759109,0.19078467248545,92.2455691951298
15.8229166666667,1.07073788288352,1.28217580599911,0.190693431373517,92.2461960040759
15.8230158730159,1.07065110265578,1.28209045381315,0.190602233980826,92.2468227549531
15.8231150793651,1.07056433055496,1.28200510103671,0.19051108028653,92.2474494477703
15.8232142857143,1.0704775665798,1.2819197476733,0.190419970269783,92.2480760825361
15.8233134920635,1.07039081072907,1.28183439372644,0.190328903909756,92.2487026592595
15.8234126984127,1.07030406300152,1.28174903919963,0.19023788118562,92.2493291779491
15.8235119047619,1.07021732339589,1.28166368409638,0.190146902076561,92.2499556386138
15.8236111111111,1.07013059191095,1.28157832842018,0.190055966561765,92.2505820412623
15.8237103174603,1.07004386854544,1.28149297217455,0.189965074620434,92.2512083859035
15.8238095238095,1.06995715329812,1.28140761536298,0.189874226231768,92.2518346725461
15.8239087301587,1.06987044616774,1.28132225798897,0.189783421374984,92.2524609011988
15.8240079365079,1.06978374715306,1.28123690005601,0.1896926600293,92.2530870718705
15.8241071428571,1.06969705625284,1.28115154156762,0.189601942173949,92.2537131845699
15.8242063492063,1.06961037346582,1.28106618252727,0.18951126778816,92.2543392393058
15.8243055555556,1.06952369879076,1.28098082293847,0.189420636851184,92.2549652360869
15.8244047619048,1.06943703222642,1.2808954628047,0.189330049342267,92.255591174922
15.824503968254,1.06935037377156,1.28081010212945,0.189239505240671,92.2562170558199
15.8246031746032,1.06926372342494,1.28072474091623,0.189149004525664,92.2568428787893
15.8247023809524,1.0691770811853,1.2806393791685,0.189058547176517,92.2574686438389
15.8248015873016,1.06909044705142,1.28055401688976,0.188968133172518,92.2580943509776
15.8249007936508,1.06900382102203,1.28046865408349,0.18887776249295,92.2587200002141
15.825,1.06891720309592,1.28038329075318,0.188787435117118,92.2593455915571
15.8250992063492,1.06883059327182,1.2802979269023,0.188697151024321,92.2599711250154
15.8251984126984,1.06874399154851,1.28021256253433,0.188606910193877,92.2605966005976
15.8252976190476,1.06865739792474,1.28012719765276,0.188516712605104,92.2612220183127
15.8253968253968,1.06857081239927,1.28004183226106,0.188426558237333,92.2618473781692
15.825496031746,1.06848423497086,1.2799564663627,0.188336447069898,92.262472680176
15.8255952380952,1.06839766563827,1.27987109996117,0.188246379082145,92.2630979243418
15.8256944444444,1.06831110440027,1.27978573305992,0.188156354253424,92.2637231106753
15.8257936507936,1.06822455125561,1.27970036566243,0.188066372563097,92.2643482391852
15.8258928571429,1.06813800620306,1.27961499777218,0.187976433990527,92.2649733098802
15.8259920634921,1.06805146924138,1.27952962939262,0.187886538515092,92.2655983227692
15.8260912698413,1.06796494036933,1.27944426052723,0.187796686116176,92.2662232778608
15.8261904761905,1.06787841958567,1.27935889117946,0.187706876773165,92.2668481751637
15.8262896825397,1.06779190688917,1.27927352135279,0.187617110465462,92.2674730146867
15.8263888888889,1.06770540227859,1.27918815105068,0.187527387172467,92.2680977964385
15.8264880952381,1.0676189057527,1.27910278027657,0.187437706873599,92.2687225204278
15.8265873015873,1.06753241731025,1.27901740903394,0.187348069548275,92.2693471866633
15.8266865079365,1.06744593695002,1.27893203732624,0.187258475175927,92.2699717951537
15.8267857142857,1.06735946467077,1.27884666515693,0.187168923735988,92.2705963459077
15.8268849206349,1.06727300047126,1.27876129252945,0.187079415207906,92.2712208389341
15.8269841269841,1.06718654435026,1.27867591944727,0.186989949571129,92.2718452742415
15.8270833333333,1.06710009630654,1.27859054591383,0.186900526805122,92.2724696518387
15.8271825396825,1.06701365633886,1.27850517193258,0.186811146889346,92.2730939717343
15.8272817460317,1.066927224446,1.27841979750698,0.186721809803282,92.2737182339371
15.827380952381,1.06684080062671,1.27833442264046,0.186632515526408,92.2743424384557
15.8274801587302,1.06675438487976,1.27824904733647,0.186543264038217,92.2749665852988
15.8275793650794,1.06666797720394,1.27816367159846,0.186454055318209,92.2755906744752
15.8276785714286,1.06658157759799,1.27807829542987,0.186364889345885,92.2762147059935
15.8277777777778,1.06649518606069,1.27799291883414,0.186275766100764,92.2768386798624
15.827876984127,1.06640880259082,1.2779075418147,0.186186685562363,92.2774625960906
15.8279761904762,1.06632242718713,1.277822164375,0.186097647710214,92.2780864546868
15.8280753968254,1.06623605984841,1.27773678651847,0.186008652523851,92.2787102556596
15.8281746031746,1.06614970057341,1.27765140824855,0.185919699982823,92.2793339990178
15.8282738095238,1.06606334936092,1.27756602956867,0.185830790066676,92.27995768477
15.828373015873,1.0659770062097,1.27748065048226,0.185741922754975,92.2805813129248
15.8284722222222,1.06589067111852,1.27739527099274,0.185653098027284,92.2812048834911
15.8285714285714,1.06580434408616,1.27730989110356,0.185564315863183,92.2818283964773
15.8286706349206,1.06571802511139,1.27722451081813,0.185475576242249,92.2824518518923
15.8287698412698,1.06563171419298,1.27713913013989,0.185386879144078,92.2830752497446
15.828869047619,1.0655454113297,1.27705374907225,0.185298224548264,92.283698590043
15.8289682539683,1.06545911652033,1.27696836761864,0.185209612434415,92.284321872796
15.8290674603175,1.06537282976365,1.27688298578248,0.185121042782148,92.2849450980124
15.8291666666667,1.06528655105841,1.27679760356718,0.185032515571079,92.2855682657008
15.8292658730159,1.06520028040341,1.27671222097618,0.184944030780843,92.2861913758699
15.8293650793651,1.06511401779741,1.27662683801288,0.184855588391071,92.2868144285283
15.8294642857143,1.0650277632392,1.27654145468069,0.184767188381413,92.2874374236846
15.8295634920635,1.06494151672753,1.27645607098304,0.184678830731517,92.2880603613476
15.8296626984127,1.06485527826121,1.27637068692333,0.184590515421047,92.2886832415258
15.8297619047619,1.06476904783898,1.27628530250497,0.184502242429666,92.2893060642279
15.8298611111111,1.06468282545965,1.27619991773138,0.184414011737056,92.2899288294626
15.8299603174603,1.06459661112197,1.27611453260596,0.184325823322893,92.2905515372384
15.8300595238095,1.06451040482474,1.27602914713211,0.184237677166875,92.2911741875641
15.8301587301587,1.06442420656673,1.27594376131325,0.184149573248694,92.2917967804482
15.8302579365079,1.06433801634671,1.27585837515277,0.184061511548063,92.2924193158994
15.8303571428571,1.06425183416346,1.27577298865407,0.183973492044689,92.2930417939264
15.8304563492064,1.06416566001577,1.27568760182056,0.183885514718298,92.2936642145377
15.8305555555556,1.06407949390242,1.27560221465563,0.183797579548621,92.2942865777419
15.8306547619048,1.06399333582217,1.27551682716268,0.183709686515391,92.2949088835478
15.830753968254,1.06390718577382,1.27543143934511,0.183621835598357,92.2955311319639
15.8308531746032,1.06382104375615,1.27534605120631,0.183534026777267,92.2961533229989
15.8309523809524,1.06373490976793,1.27526066274967,0.183446260031887,92.2967754566613
15.8310515873016,1.06364878380794,1.27517527397859,0.183358535341978,92.2973975329598
15.8311507936508,1.06356266587498,1.27508988489644,0.183270852687323,92.298019551903
15.83125,1.06347655596781,1.27500449550663,0.183183212047699,92.2986415134994
15.8313492063492,1.06339045408523,1.27491910581253,0.183095613402903,92.2992634177578
15.8314484126984,1.06330436022601,1.27483371581754,0.183008056732728,92.2998852646868
15.8315476190476,1.06321827438895,1.27474832552503,0.182920542016986,92.3005070542948
15.8316468253968,1.06313219657281,1.27466293493839,0.182833069235487,92.3011287865906
15.831746031746,1.06304612677639,1.27457754406099,0.182745638368057,92.3017504615827
15.8318452380952,1.06296006499847,1.27449215289622,0.182658249394521,92.3023720792797
15.8319444444444,1.06287401123783,1.27440676144745,0.182570902294718,92.3029936396902
15.8320436507937,1.06278796549327,1.27432136971807,0.182483597048497,92.3036151428229
15.8321428571429,1.06270192776356,1.27423597771143,0.182396333635705,92.3042365886863
15.8322420634921,1.0626158980475,1.27415058543093,0.182309112036208,92.3048579772889
15.8323412698413,1.06252987634386,1.27406519287992,0.182221932229869,92.3054793086395
15.8324404761905,1.06244386265144,1.27397980006178,0.182134794196569,92.3061005827465
15.8325396825397,1.06235785696902,1.27389440697987,0.182047697916186,92.3067217996186
15.8326388888889,1.06227185929539,1.27380901363757,0.181960643368617,92.3073429592643
15.8327380952381,1.06218586962933,1.27372362003823,0.181873630533756,92.3079640616922
15.8328373015873,1.06209988796964,1.27363822618523,0.181786659391515,92.3085851069109
15.8329365079365,1.06201391431511,1.27355283208192,0.181699729921803,92.309206094929
15.8330357142857,1.06192794866451,1.27346743773167,0.181612842104548,92.309827025755
15.8331349206349,1.06184199101665,1.27338204313782,0.181525995919673,92.3104478993975
15.8332341269841,1.06175604137031,1.27329664830376,0.181439191347123,92.3110687158651
15.8333333333333,1.06167009972428,1.27321125323282,0.181352428366837,92.3116894751664
15.8334325396825,1.06158416607735,1.27312585792836,0.18126570695877,92.3123101773098
15.8335317460317,1.06149824042831,1.27304046239374,0.181179027102886,92.312930822304
15.833630952381,1.06141232277596,1.2729550666323,0.181092388779149,92.3135514101575
15.8337301587302,1.06132641311908,1.27286967064741,0.181005791967539,92.3141719408789
15.8338293650794,1.06124051145647,1.2727842744424,0.180919236648035,92.3147924144767
15.8339285714286,1.06115461778692,1.27269887802063,0.180832722800635,92.3154128309595
15.8340277777778,1.06106873210922,1.27261348138544,0.180746250405331,92.3160331903359
15.834126984127,1.06098285442216,1.27252808454017,0.180659819442137,92.3166534926143
15.8342261904762,1.06089698472454,1.27244268748817,0.180573429891062,92.3172737378034
15.8343253968254,1.06081112301516,1.27235729023277,0.180487081732132,92.3178939259116
15.8344246031746,1.0607252692928,1.27227189277733,0.180400774945374,92.3185140569476
15.8345238095238,1.06063942355626,1.27218649512517,0.180314509510831,92.3191341309198
15.834623015873,1.06055358580434,1.27210109727963,0.180228285408541,92.3197541478368
15.8347222222222,1.06046775603582,1.27201569924405,0.180142102618565,92.3203741077072
15.8348214285714,1.06038193424952,1.27193030102176,0.180055961120958,92.3209940105394
15.8349206349206,1.06029612044421,1.2718449026161,0.17996986089579,92.321613856342
15.8350198412698,1.06021031461871,1.27175950403039,0.179883801923142,92.3222336451235
15.835119047619,1.0601245167718,1.27167410526797,0.179797784183091,92.3228533768925
15.8352182539683,1.06003872690228,1.27158870633215,0.179711807655735,92.3234730516574
15.8353174603175,1.05995294500895,1.27150330722628,0.179625872321168,92.3240926694268
15.8354166666667,1.05986717109062,1.27141790795366,0.179539978159502,92.3247122302092
15.8355158730159,1.05978140514606,1.27133250851763,0.179454125150848,92.3253317340132
15.8356150793651,1.0596956471741,1.27124710892151,0.179368313275332,92.3259511808472
15.8357142857143,1.05960989717352,1.27116170916862,0.17928254251308,92.3265705707198
15.8358134920635,1.05952415514312,1.27107630926227,0.179196812844236,92.3271899036394
15.8359126984127,1.0594384210817,1.27099090920579,0.179111124248939,92.3278091796146
15.8360119047619,1.05935269498807,1.27090550900248,0.179025476707349,92.328428398654
15.8361111111111,1.05926697686102,1.27082010865567,0.178939870199621,92.3290475607658
15.8362103174603,1.05918126669936,1.27073470816866,0.17885430470593,92.3296666659588
15.8363095238095,1.05909556450188,1.27064930754477,0.178768780206446,92.3302857142414
15.8364087301587,1.05900987026739,1.2705639067873,0.178683296681358,92.3309047056221
15.8365079365079,1.0589241839947,1.27047850589957,0.178597854110858,92.3315236401093
15.8366071428571,1.05883850568259,1.27039310488488,0.178512452475142,92.3321425177117
15.8367063492063,1.05875283532988,1.27030770374654,0.178427091754422,92.3327613384376
15.8368055555556,1.05866717293537,1.27022230248784,0.178341771928909,92.3333801022955
15.8369047619048,1.05858151849786,1.2701369011121,0.178256492978829,92.3339988092941
15.837003968254,1.05849587201616,1.27005149962261,0.17817125488441,92.3346174594416
15.8371031746032,1.05841023348907,1.26996609802267,0.178086057625893,92.3352360527467
15.8372023809524,1.05832460291539,1.26988069631558,0.17800090118352,92.3358545892177
15.8373015873016,1.05823898029393,1.26979529450464,0.177915785537549,92.3364730688633
15.8374007936508,1.0581533656235,1.26970989259313,0.177830710668238,92.3370914916918
15.8375,1.0580677589029,1.26962449058436,0.177745676555859,92.3377098577116
15.8375992063492,1.05798216013093,1.26953908848161,0.177660683180685,92.3383281669315
15.8376984126984,1.05789656930641,1.26945368628817,0.177575730523005,92.3389464193596
15.8377976190476,1.05781098642815,1.26936828400734,0.177490818563107,92.3395646150046
15.8378968253968,1.05772541149494,1.2692828816424,0.177405947281292,92.3401827538749
15.837996031746,1.05763984450559,1.26919747919663,0.177321116657871,92.340800835979
15.8380952380952,1.05755428545892,1.26911207667332,0.177236326673154,92.3414188613253
15.8381944444444,1.05746873435374,1.26902667407576,0.177151577307469,92.3420368299222
15.8382936507937,1.05738319118884,1.26894127140721,0.177066868541143,92.3426547417783
15.8383928571429,1.05729765596305,1.26885586867097,0.176982200354517,92.343272596902
15.8384920634921,1.05721212867517,1.26877046587031,0.176897572727935,92.3438903953018
15.8385912698413,1.057126609324,1.26868506300851,0.176812985641753,92.344508136986
15.8386904761905,1.05704109790837,1.26859966008883,0.17672843907633,92.3451258219632
15.8387896825397,1.05695559442708,1.26851425711457,0.176643933012038,92.3457434502417
15.8388888888889,1.05687009887894,1.26842885408898,0.176559467429251,92.3463610218301
15.8389880952381,1.05678461126277,1.26834345101534,0.176475042308358,92.3469785367368
15.8390873015873,1.05669913157737,1.26825804789691,0.176390657629746,92.3475959949702
15.8391865079365,1.05661365982156,1.26817264473697,0.17630631337382,92.3482133965387
15.8392857142857,1.05652819599415,1.26808724153878,0.176222009520984,92.3488307414508
15.8393849206349,1.05644274009395,1.26800183830561,0.176137746051655,92.349448029715
15.8394841269841,1.05635729211978,1.26791643504071,0.176053522946259,92.3500652613395
15.8395833333333,1.05627185207045,1.26783103174735,0.175969340185222,92.350682436333
15.8396825396825,1.05618641994478,1.26774562842879,0.175885197748987,92.3512995547037
15.8397817460317,1.05610099574157,1.26766022508829,0.175801095617997,92.3519166164602
15.839880952381,1.05601557945965,1.2675748217291,0.175717033772709,92.3525336216108
15.8399801587302,1.05593017109783,1.26748941835448,0.175633012193581,92.353150570164
15.8400793650794,1.05584477065492,1.26740401496769,0.175549030861087,92.3537674621281
15.8401785714286,1.05575937812975,1.26731861157197,0.1754650897557,92.3543842975117
15.8402777777778,1.05567399352112,1.26723320817058,0.175381188857909,92.3550010763231
15.840376984127,1.05558861682786,1.26714780476676,0.175297328148203,92.3556177985707
15.8404761904762,1.05550324804878,1.26706240136377,0.175213507607085,92.3562344642629
15.8405753968254,1.05541788718269,1.26697699796485,0.17512972721506,92.3568510734082
15.8406746031746,1.05533253422843,1.26689159457325,0.175045986952648,92.3574676260149
15.8407738095238,1.05524718918479,1.2668061911922,0.174962286800367,92.3580841220914
15.840873015873,1.05516185205061,1.26672078782496,0.174878626738752,92.3587005616462
15.8409722222222,1.05507652282471,1.26663538447476,0.174795006748342,92.3593169446876
15.8410714285714,1.05499120150589,1.26654998114483,0.174711426809682,92.3599332712241
15.8411706349206,1.05490588809299,1.26646457783843,0.174627886903328,92.360549541264
15.8412698412698,1.05482058258482,1.26637917455877,0.174544387009839,92.3611657548157
15.841369047619,1.0547352849802,1.26629377130911,0.174460927109789,92.3617819118876
15.8414682539683,1.05464999527796,1.26620836809267,0.17437750718375,92.3623980124881
15.8415674603175,1.05456471347691,1.26612296491268,0.174294127212313,92.3630140566256
15.8416666666667,1.05447943957587,1.26603756177236,0.174210787176065,92.3636300443085
15.8417658730159,1.05439417357368,1.26595215867497,0.174127487055612,92.3642459755451
15.8418650793651,1.05430891546914,1.2658667556237,0.174044226831557,92.3648618503438
15.8419642857143,1.05422366526109,1.2657813526218,0.173961006484522,92.365477668713
15.8420634920635,1.05413842294835,1.26569594967249,0.173877825995124,92.3660934306611
15.8421626984127,1.05405318852973,1.26561054677898,0.173794685344,92.3667091361964
15.8422619047619,1.05396796200407,1.2655251439445,0.173711584511785,92.3673247853274
15.8423611111111,1.05388274337019,1.26543974117227,0.173628523479127,92.3679403780623
15.8424603174603,1.05379753262691,1.26535433846551,0.173545502226683,92.3685559144095
15.8425595238095,1.05371232977305,1.26526893582743,0.173462520735111,92.3691713943775
15.8426587301587,1.05362713480746,1.26518353326125,0.173379578985085,92.3697868179745
15.8427579365079,1.05354194772894,1.26509813077018,0.173296676957279,92.370402185209
15.8428571428571,1.05345676853632,1.26501272835743,0.173213814632383,92.3710174960892
15.8429563492064,1.05337159722844,1.26492732602621,0.173130991991083,92.3716327506236
15.8430555555556,1.05328643380412,1.26484192377974,0.173048209014087,92.3722479488205
15.8431547619048,1.05320127826218,1.26475652162121,0.172965465682098,92.3728630906882
15.843253968254,1.05311613060145,1.26467111955384,0.172882761975837,92.3734781762351
15.8433531746032,1.05303099082077,1.26458571758082,0.172800097876022,92.3740932054695
15.8434523809524,1.05294585891896,1.26450031570537,0.172717473363391,92.3747081783998
15.8435515873016,1.05286073489485,1.26441491393068,0.172634888418677,92.3753230950343
15.8436507936508,1.05277561874726,1.26432951225995,0.172552343022633,92.3759379553813
15.84375,1.05269051047503,1.26424411069639,0.172469837156008,92.3765527594493
15.8438492063492,1.05260541007699,1.26415870924318,0.172387370799568,92.3771675072464
15.8439484126984,1.05252031755197,1.26407330790352,0.172304943934084,92.3777821987811
15.8440476190476,1.0524352328988,1.26398790668061,0.17222255654033,92.3783968340618
15.8441468253968,1.05235015611631,1.26390250557764,0.172140208599096,92.3790114130966
15.844246031746,1.05226508720332,1.2638171045978,0.17205790009117,92.3796259358939
15.8443452380952,1.05218002615869,1.26373170374427,0.171975630997359,92.3802404024621
15.8444444444444,1.05209497298122,1.26364630302026,0.171893401298466,92.3808548128096
15.8445436507936,1.05200992766977,1.26356090242893,0.171811210975312,92.3814691669445
15.8446428571429,1.05192489022315,1.26347550197348,0.171729060008717,92.3820834648752
15.8447420634921,1.05183986064021,1.26339010165709,0.171646948379516,92.3826977066101
15.8448412698413,1.05175483891978,1.26330470148295,0.171564876068546,92.3833118921574
15.8449404761905,1.05166982506069,1.26321930145422,0.171482843056658,92.3839260215254
15.8450396825397,1.05158481906177,1.2631339015741,0.171400849324701,92.3845400947226
15.8451388888889,1.05149982092187,1.26304850184575,0.171318894853544,92.3851541117571
15.8452380952381,1.05141483063981,1.26296310227236,0.171236979624052,92.3857680726373
15.8453373015873,1.05132984821443,1.26287770285709,0.171155103617105,92.3863819773715
15.8454365079365,1.05124487364457,1.26279230360313,0.171073266813591,92.3869958259679
15.8455357142857,1.05115990692907,1.26270690451363,0.1709914691944,92.3876096184349
15.8456349206349,1.05107494806676,1.26262150559178,0.170909710740437,92.3882233547808
15.8457341269841,1.05098999705647,1.26253610684074,0.170827991432606,92.3888370350139
15.8458333333333,1.05090505389705,1.26245070826367,0.170746311251828,92.3894506591423
15.8459325396825,1.05082011858733,1.26236530986375,0.170664670179023,92.3900642271746
15.8460317460317,1.05073519112616,1.26227991164412,0.170583068195129,92.3906777391189
15.846130952381,1.05065027151236,1.26219451360797,0.170501505281079,92.3912911949835
15.8462301587302,1.05056535974479,1.26210911575844,0.170419981417825,92.3919045947766
15.8463293650794,1.05048045582227,1.2620237180987,0.17033849658632,92.3925179385067
15.8464285714286,1.05039555974365,1.2619383206319,0.170257050767529,92.3931312261819
15.8465277777778,1.05031067150777,1.2618529233612,0.170175643942418,92.3937444578105
15.846626984127,1.05022579111347,1.26176752628976,0.170094276091971,92.3943576334009
15.8467261904762,1.05014091855959,1.26168212942072,0.170012947197169,92.3949707529612
15.8468253968254,1.05005605384496,1.26159673275724,0.169931657239008,92.3955838164998
15.8469246031746,1.04997119696845,1.26151133630248,0.169850406198492,92.3961968240248
15.8470238095238,1.04988634792887,1.26142594005956,0.169769194056624,92.3968097755447
15.847123015873,1.04980150672508,1.26134054403166,0.169688020794427,92.3974226710675
15.8472222222222,1.04971667335592,1.2612551482219,0.169606886392921,92.3980355106017
15.8473214285714,1.04963184782024,1.26116975263345,0.169525790833141,92.3986482941554
15.8474206349206,1.04954703011687,1.26108435726942,0.169444734096124,92.3992610217369
15.8475198412698,1.04946222024466,1.26099896213298,0.169363716162921,92.3998736933545
15.847619047619,1.04937741820245,1.26091356722725,0.169282737014584,92.4004863090165
15.8477182539683,1.0492926239891,1.26082817255538,0.16920179663218,92.4010988687309
15.8478174603175,1.04920783760344,1.26074277812049,0.169120894996775,92.4017113725062
15.8479166666667,1.04912305904431,1.26065738392574,0.169040032089452,92.4023238203506
15.8480158730159,1.04903828831057,1.26057198997425,0.168959207891293,92.4029362122722
15.8481150793651,1.04895352540107,1.26048659626915,0.168878422383396,92.4035485482794
15.8482142857143,1.04886877031464,1.26040120281357,0.168797675546859,92.4041608283804
15.8483134920635,1.04878402305013,1.26031580961065,0.168716967362792,92.4047730525833
15.8484126984127,1.0486992836064,1.2602304166635,0.168636297812315,92.4053852208966
15.8485119047619,1.04861455198229,1.26014502397526,0.168555666876549,92.4059973333283
15.8486111111111,1.04852982817664,1.26005963154905,0.16847507453663,92.4066093898867
15.8487103174603,1.04844511218831,1.25997423938799,0.168394520773693,92.40722139058
15.8488095238095,1.04836040401615,1.25988884749521,0.168314005568892,92.4078333354166
15.8489087301587,1.048275703659,1.25980345587382,0.168233528903377,92.4084452244045
15.8490079365079,1.04819101111571,1.25971806452695,0.168153090758316,92.409057057552
15.8491071428571,1.04810632638513,1.2596326734577,0.168072691114875,92.4096688348673
15.8492063492063,1.04802164946612,1.2595472826692,0.167992329954238,92.4102805563587
15.8493055555556,1.04793698035753,1.25946189216456,0.167912007257586,92.4108922220344
15.8494047619048,1.04785231905819,1.25937650194689,0.167831723006119,92.4115038319025
15.849503968254,1.04776766556698,1.2592911120193,0.167751477181032,92.4121153859713
15.8496031746032,1.04768301988273,1.25920572238491,0.167671269763541,92.4127268842489
15.8497023809524,1.0475983820043,1.25912033304681,0.167591100734858,92.4133383267437
15.8498015873016,1.04751375193055,1.25903494400812,0.16751097007621,92.4139497134638
15.8499007936508,1.04742912966032,1.25894955527195,0.167430877768832,92.4145610444174
15.85,1.04734451519247,1.25886416684138,0.16735082379396,92.4151723196126
15.8500992063492,1.04725990852586,1.25877877871954,0.167270808132847,92.4157835390578
15.8501984126984,1.04717530965933,1.25869339090951,0.167190830766743,92.4163947027611
15.8502976190476,1.04709071859175,1.25860800341439,0.167110891676916,92.4170058107306
15.8503968253968,1.04700613532195,1.25852261623729,0.167030990844635,92.4176168629746
15.850496031746,1.04692155984882,1.2584372293813,0.16695112825118,92.4182278595013
15.8505952380952,1.04683699217118,1.25835184284951,0.166871303877836,92.4188388003188
15.8506944444444,1.04675243228791,1.25826645664502,0.1667915177059,92.4194496854353
15.8507936507937,1.04666788019786,1.25818107077091,0.16671176971667,92.4200605148591
15.8508928571429,1.04658333589989,1.25809568523029,0.16663205989146,92.4206712885982
15.8509920634921,1.04649879939285,1.25801030002622,0.166552388211584,92.421282006661
15.8510912698413,1.0464142706756,1.25792491516182,0.16647275465837,92.4218926690554
15.8511904761905,1.04632974974699,1.25783953064015,0.166393159213148,92.4225032757898
15.8512896825397,1.04624523660589,1.25775414646429,0.166313601857259,92.4231138268723
15.8513888888889,1.04616073125116,1.25766876263735,0.166234082572055,92.423724322311
15.8514880952381,1.04607623368165,1.25758337916239,0.166154601338887,92.4243347621142
15.8515873015873,1.04599174389623,1.2574979960425,0.166075158139123,92.4249451462899
15.8516865079365,1.04590726189375,1.25741261328074,0.16599575295413,92.4255554748464
15.8517857142857,1.04582278767307,1.25732723088021,0.165916385765291,92.4261657477918
15.8518849206349,1.04573832123305,1.25724184884396,0.16583705655399,92.4267759651343
15.8519841269841,1.04565386257256,1.25715646717509,0.165757765301624,92.427386126882
15.8520833333333,1.04556941169045,1.25707108587665,0.165678511989592,92.4279962330431
15.8521825396825,1.0454849685856,1.25698570495173,0.165599296599307,92.4286062836257
15.8522817460317,1.04540053325684,1.25690032440337,0.165520119112184,92.429216278638
15.852380952381,1.04531610570307,1.25681494423467,0.165440979509651,92.4298262180881
15.8524801587302,1.04523168592312,1.25672956444867,0.165361877773139,92.4304361019842
15.8525793650794,1.04514727391587,1.25664418504845,0.16528281388409,92.4310459303344
15.8526785714286,1.04506286968018,1.25655880603707,0.165203787823951,92.4316557031468
15.8527777777778,1.04497847321492,1.25647342741758,0.165124799574179,92.4322654204297
15.852876984127,1.04489408451895,1.25638804919305,0.16504584911624,92.432875082191
15.8529761904762,1.04480970359112,1.25630267136654,0.164966936431601,92.433484688439
15.8530753968254,1.04472533043032,1.25621729394111,0.164888061501746,92.4340942391818
15.8531746031746,1.0446409650354,1.2561319169198,0.164809224308158,92.4347037344276
15.8532738095238,1.04455660740523,1.25604654030567,0.164730424832336,92.4353131741843
15.853373015873,1.04447225753867,1.25596116410178,0.164651663055778,92.4359225584603
15.8534722222222,1.0443879154346,1.25587578831118,0.164572938959998,92.4365318872635
15.8535714285714,1.04430358109187,1.25579041293691,0.16449425252651,92.4371411606022
15.8536706349206,1.04421925450936,1.25570503798202,0.164415603736843,92.4377503784844
15.8537698412698,1.04413493568594,1.25561966344956,0.164336992572528,92.4383595409183
15.853869047619,1.04405062462046,1.25553428934257,0.164258419015108,92.4389686479119
15.8539682539683,1.04396632131181,1.2554489156641,0.164179883046128,92.4395776994734
15.8540674603175,1.04388202575884,1.25536354241719,0.164101384647149,92.4401866956108
15.8541666666667,1.04379773796043,1.25527816960487,0.164022923799731,92.4407956363324
15.8542658730159,1.04371345791545,1.25519279723019,0.163944500485448,92.4414045216462
15.8543650793651,1.04362918562277,1.25510742529619,0.163866114685881,92.4420133515603
15.8544642857143,1.04354492108125,1.2550220538059,0.163787766382614,92.4426221260828
15.8545634920635,1.04346066428977,1.25493668276235,0.163709455557245,92.4432308452218
15.8546626984127,1.0433764152472,1.25485131216858,0.163631182191373,92.4438395089853
15.8547619047619,1.04329217395241,1.25476594202761,0.163552946266612,92.4444481173816
15.8548611111111,1.04320794040427,1.25468057234248,0.163474747764576,92.4450566704187
15.8549603174603,1.04312371460165,1.25459520311622,0.163396586666896,92.4456651681047
15.8550595238095,1.04303949654343,1.25450983435185,0.1633184629552,92.4462736104476
15.8551587301587,1.04295528622849,1.2544244660524,0.163240376611134,92.4468819974555
15.8552579365079,1.04287108365568,1.25433909822088,0.163162327616343,92.4474903291366
15.8553571428571,1.04278688882389,1.25425373086034,0.163084315952487,92.4480986054989
15.8554563492063,1.04270270173199,1.25416836397377,0.163006341601226,92.4487068265506
15.8555555555556,1.04261852237886,1.25408299756421,0.162928404544237,92.4493149922995
15.8556547619048,1.04253435076336,1.25399763163467,0.162850504763195,92.449923102754
15.855753968254,1.04245018688438,1.25391226618816,0.16277264223979,92.4505311579219
15.8558531746032,1.04236603074079,1.2538269012277,0.162694816955719,92.4511391578115
15.8559523809524,1.04228188233146,1.25374153675631,0.16261702889268,92.4517471024307
15.8560515873016,1.04219774165528,1.253656172777,0.162539278032389,92.4523549917876
15.8561507936508,1.04211360871112,1.25357080929277,0.162461564356559,92.4529628258903
15.85625,1.04202948349785,1.25348544630663,0.162383887846921,92.4535706047469
15.8563492063492,1.04194536601436,1.2534000838216,0.162306248485203,92.4541783283654
15.8564484126984,1.04186125625952,1.25331472184068,0.162228646253153,92.4547859967538
15.8565476190476,1.0417771542322,1.25322936036686,0.162151081132513,92.4553936099203
15.8566468253968,1.0416930599313,1.25314399940316,0.162073553105047,92.4560011678728
15.856746031746,1.04160897335568,1.25305863895257,0.161996062152513,92.4566086706195
15.8568452380952,1.04152489450423,1.2529732790181,0.161918608256688,92.4572161181683
15.8569444444444,1.04144082337582,1.25288791960274,0.161841191399348,92.4578235105274
15.8570436507936,1.04135675996934,1.25280256070949,0.161763811562285,92.4584308477047
15.8571428571429,1.04127270428366,1.25271720234134,0.16168646872729,92.4590381297084
15.8572420634921,1.04118865631767,1.25263184450129,0.161609162876168,92.4596453565464
15.8573412698413,1.04110461607025,1.25254648719233,0.161531893990732,92.4602525282268
15.8574404761905,1.04102058354028,1.25246113041744,0.161454662052797,92.4608596447576
15.8575396825397,1.04093655872664,1.25237577417963,0.161377467044192,92.4614667061468
15.8576388888889,1.04085254162822,1.25229041848187,0.161300308946747,92.4620737124026
15.8577380952381,1.04076853224389,1.25220506332716,0.161223187742308,92.4626806635329
15.8578373015873,1.04068453057254,1.25211970871847,0.16114610341272,92.4632875595457
15.8579365079365,1.04060053661305,1.2520343546588,0.161069055939845,92.463894400449
15.8580357142857,1.04051655036431,1.25194900115111,0.160992045305543,92.464501186251
15.8581349206349,1.04043257182521,1.2518636481984,0.16091507149169,92.4651079169596
15.8582341269841,1.04034860099461,1.25177829580363,0.160838134480163,92.4657145925828
15.8583333333333,1.04026463787142,1.25169294396979,0.160761234252853,92.4663212131286
15.8584325396825,1.04018068245452,1.25160759269986,0.160684370791652,92.4669277786052
15.8585317460317,1.04009673474278,1.2515222419968,0.160607544078468,92.4675342890203
15.858630952381,1.0400127947351,1.25143689186358,0.160530754095206,92.4681407443822
15.8587301587302,1.03992886243037,1.25135154230319,0.160454000823789,92.4687471446988
15.8588293650794,1.03984493782747,1.25126619331859,0.160377284246144,92.469353489978
15.8589285714286,1.03976102092528,1.25118084491274,0.160300604344201,92.4699597802279
15.8590277777778,1.0396771117227,1.25109549708862,0.160223961099906,92.4705660154566
15.859126984127,1.03959321021862,1.25101014984919,0.160147354495205,92.4711721956719
15.8592261904762,1.03950931641191,1.2509248031974,0.16007078451206,92.4717783208819
15.8593253968254,1.03942543030148,1.25083945713623,0.159994251132429,92.4723843910946
15.8594246031746,1.03934155188621,1.25075411166864,0.159917754338292,92.472990406318
15.8595238095238,1.03925768116498,1.25066876679758,0.159841294111623,92.47359636656
15.859623015873,1.0391738181367,1.25058342252601,0.159764870434415,92.4742022718287
15.8597222222222,1.03908996280024,1.25049807885688,0.15968848328866,92.4748081221321
15.8598214285714,1.0390061151545,1.25041273579316,0.159612132656365,92.475413917478
15.8599206349206,1.03892227519838,1.25032739333778,0.159535818519537,92.4760196578746
15.8600198412698,1.03883844293075,1.25024205149372,0.1594595408602,92.4766253433298
15.860119047619,1.03875461835052,1.2501567102639,0.159383299660375,92.4772309738515
15.8602182539683,1.03867080145658,1.25007136965129,0.159307094902099,92.4778365494477
15.8603174603175,1.03858699224781,1.24998602965883,0.159230926567417,92.4784420701265
15.8604166666667,1.03850319072312,1.24990069028947,0.159154794638373,92.4790475358957
15.8605158730159,1.03841939688139,1.24981535154615,0.15907869909703,92.4796529467634
15.8606150793651,1.03833561072151,1.2497300134318,0.159002639925448,92.4802583027375
15.8607142857143,1.03825183224239,1.24964467594938,0.158926617105704,92.480863603826
15.8608134920635,1.03816806144292,1.24955933910182,0.158850630619875,92.4814688500368
15.8609126984127,1.03808429832198,1.24947400289206,0.158774680450053,92.4820740413778
15.8610119047619,1.03800054287848,1.24938866732304,0.158698766578331,92.4826791778572
15.8611111111111,1.03791679511132,1.24930333239768,0.158622888986815,92.4832842594828
15.8612103174603,1.03783305501938,1.24921799811893,0.158547047657613,92.4838892862625
15.8613095238095,1.03774932260157,1.24913266448972,0.158471242572849,92.4844942582043
15.8614087301587,1.03766559785677,1.24904733151297,0.158395473714644,92.4850991753162
15.8615079365079,1.03758188078389,1.24896199919162,0.158319741065138,92.4857040376061
15.8616071428571,1.03749817138183,1.24887666752859,0.158244044606469,92.4863088450819
15.8617063492064,1.03741446964948,1.2487913365268,0.158168384320789,92.4869135977517
15.8618055555556,1.03733077558574,1.24870600618919,0.158092760190257,92.4875182956232
15.8619047619048,1.03724708918951,1.24862067651868,0.158017172197035,92.4881229387046
15.862003968254,1.03716341045968,1.24853534751818,0.157941620323299,92.4887275270036
15.8621031746032,1.03707973939517,1.24845001919061,0.157866104551227,92.4893320605283
15.8622023809524,1.03699607599486,1.2483646915389,0.157790624863011,92.4899365392865
15.8623015873016,1.03691242025765,1.24827936456596,0.157715181240844,92.4905409632863
15.8624007936508,1.03682877218246,1.24819403827471,0.157639773666932,92.4911453325355
15.8625,1.03674513176817,1.24810871266806,0.157564402123484,92.491749647042
15.8625992063492,1.03666149901369,1.24802338774892,0.157489066592724,92.4923539068138
15.8626984126984,1.03657787391792,1.2479380635202,0.157413767056873,92.4929581118587
15.8627976190476,1.03649425647977,1.24785273998482,0.157338503498171,92.4935622621848
15.8628968253968,1.03641064669813,1.24776741714567,0.157263275898856,92.4941663577999
15.862996031746,1.0363270445719,1.24768209500568,0.157188084241183,92.494770398712
15.8630952380952,1.0362434501,1.24759677356773,0.157112928507405,92.4953743849289
15.8631944444444,1.03615986328132,1.24751145283473,0.157037808679789,92.4959783164585
15.8632936507937,1.03607628411477,1.2474261328096,0.156962724740612,92.4965821933088
15.8633928571429,1.03599271259925,1.24734081349521,0.156887676672149,92.4971860154877
15.8634920634921,1.03590914873366,1.24725549489449,0.156812664456695,92.4977897830031
15.8635912698413,1.03582559251692,1.24717017701031,0.15673768807654,92.4983934958628
15.8636904761905,1.03574204394792,1.24708485984558,0.156662747513994,92.4989971540748
15.8637896825397,1.03565850302558,1.2469995434032,0.156587842751363,92.499600757647
15.8638888888889,1.03557496974879,1.24691422768605,0.156512973770972,92.5002043065872
15.8639880952381,1.03549144411647,1.24682891269702,0.156438140555144,92.5008078009034
15.8640873015873,1.03540792612752,1.24674359843901,0.156363343086218,92.5014112406034
15.8641865079365,1.03532441578084,1.2466582849149,0.156288581346532,92.5020146256952
15.8642857142857,1.03524091307535,1.24657297212759,0.156213855318441,92.5026179561866
15.8643849206349,1.03515741800996,1.24648766007994,0.156139164984298,92.5032212320854
15.8644841269841,1.03507393058357,1.24640234877486,0.156064510326474,92.5038244533997
15.8645833333333,1.03499045079509,1.24631703821522,0.155989891327338,92.5044276201372
15.8646825396825,1.03490697864343,1.2462317284039,0.155915307969273,92.5050307323058
15.8647817460317,1.0348235141275,1.24614641934378,0.155840760234671,92.5056337899134
15.864880952381,1.0347400572462,1.24606111103774,0.155766248105923,92.506236792968
15.8649801587302,1.03465660799846,1.24597580348865,0.155691771565438,92.5068397414772
15.8650793650794,1.03457316638317,1.24589049669939,0.155617330595624,92.5074426354491
15.8651785714286,1.03448973239926,1.24580519067284,0.155542925178905,92.5080454748915
15.8652777777778,1.03440630604563,1.24571988541185,0.155468555297704,92.5086482598122
15.865376984127,1.03432288732119,1.24563458091932,0.15539422093446,92.5092509902191
15.8654761904762,1.03423947622486,1.24554927719809,0.155319922071613,92.5098536661201
15.8655753968254,1.03415607275555,1.24546397425105,0.155245658691616,92.510456287523
15.8656746031746,1.03407267691217,1.24537867208104,0.155171430776925,92.5110588544357
15.8657738095238,1.03398928869363,1.24529337069095,0.155097238310008,92.5116613668661
15.865873015873,1.03390590809885,1.24520807008363,0.155023081273336,92.5122638248219
15.8659722222222,1.03382253512674,1.24512277026195,0.154948959649395,92.512866228311
15.8660714285714,1.03373916977621,1.24503747122875,0.154874873420668,92.5134685773413
15.8661706349206,1.03365581204619,1.24495217298691,0.154800822569656,92.5140708719206
15.8662698412698,1.03357246193559,1.24486687553927,0.154726807078865,92.5146731120568
15.866369047619,1.03348911944331,1.2447815788887,0.154652826930802,92.5152752977577
15.8664682539683,1.03340578456828,1.24469628303804,0.154578882107991,92.5158774290311
15.8665674603175,1.03332245730941,1.24461098799014,0.154504972592958,92.5164795058849
15.8666666666667,1.03323913766563,1.24452569374787,0.15443109836824,92.5170815283269
15.8667658730159,1.03315582563584,1.24444040031406,0.154357259416377,92.5176834963649
15.8668650793651,1.03307252121897,1.24435510769157,0.154283455719923,92.5182854100068
15.8669642857143,1.03298922441392,1.24426981588324,0.154209687261433,92.5188872692604
15.8670634920635,1.03290593521963,1.24418452489192,0.154135954023478,92.5194890741335
15.8671626984127,1.03282265363501,1.24409923472044,0.154062255988627,92.5200908246339
15.8672619047619,1.03273937965897,1.24401394537165,0.153988593139466,92.5206925207695
15.8673611111111,1.03265611329044,1.24392865684839,0.15391496545858,92.5212941625481
15.8674603174603,1.03257285452833,1.2438433691535,0.15384137292857,92.5218957499774
15.8675595238095,1.03248960337157,1.24375808228982,0.153767815532037,92.5224972830653
15.8676587301587,1.03240635981908,1.24367279626017,0.153694293251595,92.5230987618197
15.8677579365079,1.03232312386977,1.2435875110674,0.153620806069867,92.5237001862483
15.8678571428571,1.03223989552257,1.24350222671434,0.153547353969475,92.5243015563589
15.8679563492063,1.03215667477641,1.24341694320382,0.153473936933061,92.5249028721593
15.8680555555556,1.03207346163019,1.24333166053866,0.153400554943263,92.5255041336574
15.8681547619048,1.03199025608285,1.2432463787217,0.153327207982736,92.5261053408609
15.868253968254,1.0319070581333,1.24316109775576,0.153253896034135,92.5267064937777
15.8683531746032,1.03182386778047,1.24307581764367,0.153180619080131,92.5273075924154
15.8684523809524,1.03174068502329,1.24299053838824,0.153107377103392,92.527908636782
15.8685515873016,1.03165750986067,1.24290525999231,0.153034170086606,92.5285096268852
15.8686507936508,1.03157434229154,1.2428199824587,0.152960998012458,92.5291105627328
15.86875,1.03149118231483,1.24273470579021,0.152887860863648,92.5297114443326
15.8688492063492,1.03140802992945,1.24264942998967,0.152814758622878,92.5303122716924
15.8689484126984,1.03132488513435,1.2425641550599,0.152741691272865,92.5309130448199
15.8690476190476,1.03124174792843,1.24247888100371,0.152668658796325,92.531513763723
15.8691468253968,1.03115861831062,1.2423936078239,0.152595661175988,92.5321144284094
15.869246031746,1.03107549627987,1.24230833552331,0.152522698394591,92.5327150388868
15.8693452380952,1.03099238183508,1.24222306410472,0.152449770434875,92.5333155951632
15.8694444444444,1.03090927497519,1.24213779357096,0.152376877279594,92.5339160972461
15.8695436507937,1.03082617569912,1.24205252392483,0.152304018911504,92.5345165451435
15.8696428571429,1.03074308400581,1.24196725516913,0.152231195313374,92.5351169388631
15.8697420634921,1.03065999989417,1.24188198730667,0.152158406467976,92.5357172784126
15.8698412698413,1.03057692336315,1.24179672034025,0.152085652358095,92.5363175637998
15.8699404761905,1.03049385441166,1.24171145427267,0.152012932966517,92.5369177950324
15.8700396825397,1.03041079303864,1.24162618910673,0.151940248276043,92.5375179721183
15.8701388888889,1.03032773924302,1.24154092484522,0.151867598269476,92.5381180950652
15.8702380952381,1.03024469302373,1.24145566149096,0.15179498292963,92.5387181638808
15.8703373015873,1.03016165437969,1.24137039904672,0.151722402239324,92.5393181785728
15.8704365079365,1.03007862330984,1.24128513751531,0.151649856181389,92.5399181391491
15.8705357142857,1.02999559981311,1.24119987689951,0.151577344738658,92.5405180456174
15.8706349206349,1.02991258388844,1.24111461720211,0.151504867893975,92.5411178979855
15.8707341269841,1.02982957553475,1.24102935842591,0.151432425630195,92.541717696261
15.8708333333333,1.02974657475097,1.24094410057369,0.151360017930173,92.5423174404517
15.8709325396825,1.02966358153604,1.24085884364824,0.151287644776779,92.5429171305653
15.8710317460317,1.0295805958889,1.24077358765234,0.151215306152884,92.5435167666097
15.871130952381,1.02949761780847,1.24068833258877,0.151143002041374,92.5441163485925
15.8712301587302,1.02941464729369,1.24060307846032,0.151070732425135,92.5447158765214
15.8713293650794,1.0293316843435,1.24051782526976,0.150998497287069,92.5453153504042
15.8714285714286,1.02924872895682,1.24043257301988,0.150926296610077,92.5459147702486
15.8715277777778,1.0291657811326,1.24034732171344,0.150854130377076,92.5465141360624
15.871626984127,1.02908284086976,1.24026207135323,0.150781998570983,92.5471134478532
15.8717261904762,1.02899990816725,1.24017682194203,0.150709901174731,92.5477127056288
15.8718253968254,1.02891698302401,1.24009157348259,0.150637838171251,92.548311909397
15.8719246031746,1.02883406543896,1.24000632597769,0.150565809543492,92.5489110591653
15.8720238095238,1.02875115541104,1.23992107943011,0.150493815274401,92.5495101549416
15.872123015873,1.02866825293919,1.2398358338426,0.15042185534694,92.5501091967335
15.8722222222222,1.02858535802236,1.23975058921794,0.150349929744077,92.5507081845488
15.8723214285714,1.02850247065947,1.23966534555889,0.150278038448784,92.5513071183952
15.8724206349206,1.02841959084947,1.23958010286822,0.150206181444046,92.5519059982803
15.8725198412698,1.02833671859129,1.23949486114868,0.15013435871285,92.552504824212
15.872619047619,1.02825385388388,1.23940962040303,0.150062570238198,92.5531035961977
15.8727182539683,1.02817099672617,1.23932438063404,0.149990816003092,92.5537023142454
15.8728174603175,1.0280881471171,1.23923914184446,0.149919095990547,92.5543009783627
15.8729166666667,1.02800530505562,1.23915390403704,0.149847410183583,92.5548995885572
15.8730158730159,1.02792247054066,1.23906866721455,0.149775758565231,92.5554981448367
15.8731150793651,1.02783964357117,1.23898343137973,0.149704141118524,92.5560966472089
15.8732142857143,1.02775682414608,1.23889819653534,0.149632557826509,92.5566950956814
15.8733134920635,1.02767401226434,1.23881296268412,0.149561008672235,92.557293490262
15.8734126984127,1.0275912079249,1.23872772982882,0.149489493638766,92.5578918309582
15.8735119047619,1.02750841112668,1.2386424979722,0.149418012709164,92.5584901177779
15.8736111111111,1.02742562186864,1.23855726711698,0.149346565866506,92.5590883507286
15.8737103174603,1.02734284014973,1.23847203726593,0.149275153093877,92.5596865298181
15.8738095238095,1.02726006596887,1.23838680842178,0.149203774374364,92.5602846550541
15.8739087301587,1.02717729932503,1.23830158058726,0.149132429691068,92.5608827264441
15.8740079365079,1.02709454021713,1.23821635376513,0.149061119027092,92.561480743996
15.8741071428571,1.02701178864413,1.23813112795812,0.148989842365553,92.5620787077172
15.8742063492064,1.02692904460498,1.23804590316896,0.148918599689567,92.5626766176157
15.8743055555556,1.02684630809861,1.23796067940039,0.148847390982268,92.5632744736988
15.8744047619048,1.02676357912397,1.23787545665514,0.148776216226789,92.5638722759744
15.874503968254,1.02668085768002,1.23779023493594,0.148705075406278,92.5644700244502
15.8746031746032,1.02659814376569,1.23770501424553,0.148633968503882,92.5650677191337
15.8747023809524,1.02651543737994,1.23761979458663,0.148562895502767,92.5656653600326
15.8748015873016,1.0264327385217,1.23753457596196,0.148491856386094,92.5662629471546
15.8749007936508,1.02635004718994,1.23744935837427,0.148420851137044,92.5668604805073
15.875,1.02626736338359,1.23736414182626,0.148349879738794,92.5674579600984
15.8750992063492,1.02618468710161,1.23727892632066,0.148278942174539,92.5680553859355
15.8751984126984,1.02610201834294,1.2371937118602,0.148208038427477,92.5686527580262
15.8752976190476,1.02601935710654,1.23710849844759,0.148137168480812,92.5692500763783
15.8753968253968,1.02593670339135,1.23702328608555,0.14806633231776,92.5698473409993
15.875496031746,1.02585405719632,1.23693807477679,0.147995529921539,92.570444551897
15.8755952380952,1.02577141852041,1.23685286452404,0.147924761275383,92.5710417090788
15.8756944444444,1.02568878736257,1.23676765533,0.147854026362523,92.5716388125525
15.8757936507936,1.02560616372174,1.23668244719739,0.14778332516621,92.5722358623257
15.8758928571429,1.02552354759688,1.23659724012892,0.14771265766969,92.5728328584061
15.8759920634921,1.02544093898694,1.23651203412729,0.147642023856227,92.5734298008011
15.8760912698413,1.02535833789087,1.23642682919522,0.147571423709087,92.5740266895186
15.8761904761905,1.02527574430763,1.23634162533541,0.147500857211547,92.5746235245661
15.8762896825397,1.02519315823616,1.23625642255057,0.147430324346887,92.5752203059511
15.8763888888889,1.02511057967543,1.23617122084339,0.147359825098402,92.5758170336814
15.8764880952381,1.02502800862438,1.23608602021658,0.147289359449386,92.5764137077646
15.8765873015873,1.02494544508198,1.23600082067285,0.147218927383147,92.5770103282083
15.8766865079365,1.02486288904717,1.23591562221488,0.147148528883002,92.57760689502
15.8767857142857,1.0247803405189,1.23583042484537,0.147078163932267,92.5782034082074
15.8768849206349,1.02469779949615,1.23574522856703,0.147007832514277,92.5787998677781
15.8769841269841,1.02461526597785,1.23566003338254,0.146937534612365,92.5793962737398
15.8770833333333,1.02453273996297,1.2355748392946,0.146867270209878,92.5799926260999
15.8771825396825,1.02445022145046,1.23548964630589,0.146797039290166,92.5805889248662
15.8772817460317,1.02436771043929,1.23540445441912,0.146726841836592,92.5811851700462
15.877380952381,1.0242852069284,1.23531926363696,0.146656677832521,92.5817813616475
15.8774801587302,1.02420271091675,1.2352340739621,0.146586547261333,92.5823774996777
15.8775793650794,1.02412022240331,1.23514888539723,0.146516450106405,92.5829735841444
15.8776785714286,1.02403774138704,1.23506369794503,0.146446386351135,92.5835696150551
15.8777777777778,1.02395526786688,1.23497851160818,0.146376355978915,92.5841655924176
15.877876984127,1.0238728018418,1.23489332638936,0.146306358973157,92.5847615162393
15.8779761904762,1.02379034331076,1.23480814229125,0.14623639531727,92.5853573865279
15.8780753968254,1.02370789227272,1.23472295931654,0.14616646499468,92.5859532032909
15.8781746031746,1.02362544872663,1.23463777746789,0.146096567988816,92.5865489665359
15.8782738095238,1.02354301267147,1.23455259674798,0.146026704283112,92.5871446762706
15.878373015873,1.02346058410619,1.23446741715948,0.145956873861018,92.5877403325023
15.8784722222222,1.02337816302975,1.23438223870506,0.145887076705982,92.5883359352388
15.8785714285714,1.02329574944112,1.2342970613874,0.145817312801468,92.5889314844877
15.8786706349206,1.02321334333925,1.23421188520916,0.14574758213094,92.5895269802564
15.8787698412698,1.02313094472311,1.23412671017301,0.145677884677879,92.5901224225525
15.878869047619,1.02304855359166,1.23404153628162,0.145608220425763,92.5907178113837
15.8789682539683,1.02296616994387,1.23395636353764,0.145538589358088,92.5913131467574
15.8790674603175,1.0228837937787,1.23387119194374,0.145468991458349,92.5919084286812
15.8791666666667,1.02280142509511,1.23378602150259,0.145399426710057,92.5925036571628
15.8792658730159,1.02271906389206,1.23370085221683,0.145329895096721,92.5930988322095
15.8793650793651,1.02263671016853,1.23361568408914,0.145260396601868,92.5936939538291
15.8794642857143,1.02255436392347,1.23353051712216,0.145190931209024,92.5942890220291
15.8795634920635,1.02247202515586,1.23344535131854,0.145121498901728,92.5948840368169
15.8796626984127,1.02238969386466,1.23336018668096,0.145052099663527,92.5954789982002
15.8797619047619,1.02230737004882,1.23327502321204,0.14498273347797,92.5960739061865
15.8798611111111,1.02222505370734,1.23318986091446,0.144913400328622,92.5966687607833
15.8799603174603,1.02214274483916,1.23310469979084,0.144844100199047,92.5972635619982
15.8800595238095,1.02206044344325,1.23301953984385,0.14477483307283,92.5978583098386
15.8801587301587,1.02197814951522,1.23293438107581,0.144705598941148,92.5984530043117
15.8802579365079,1.02189586305099,1.23284922348888,0.144636397795408,92.599047645424
15.8803571428571,1.02181358404954,1.23276406708543,0.144567229620682,92.5996422331828
15.8804563492063,1.0217313125098,1.23267891186785,0.144498094402054,92.6002367675953
15.8805555555556,1.02164904843074,1.2325937578385,0.144428992124605,92.6008312486686
15.8806547619048,1.02156679181132,1.23250860499974,0.14435992277343,92.60142567641
15.880753968254,1.02148454265049,1.23242345335396,0.144290886333618,92.6020200508266
15.8808531746032,1.0214023009472,1.23233830290351,0.144221882790273,92.6026143719256
15.8809523809524,1.02132006670042,1.23225315365077,0.144152912128496,92.6032086397143
15.8810515873016,1.0212378399091,1.23216800559809,0.144083974333397,92.6038028541997
15.8811507936508,1.02115562057219,1.23208285874786,0.144015069390092,92.604397015389
15.88125,1.02107340868866,1.23199771310242,0.143946197283696,92.6049911232895
15.8813492063492,1.02099120425747,1.23191256866414,0.143877357999335,92.6055851779083
15.8814484126984,1.02090900727756,1.23182742543539,0.143808551522135,92.6061791792526
15.8815476190476,1.0208268177479,1.23174228341853,0.14373977783723,92.6067731273296
15.8816468253968,1.02074463566745,1.23165714261591,0.143671036929756,92.6073670221464
15.881746031746,1.02066246103517,1.2315720030299,0.143602328784858,92.6079608637102
15.8818452380952,1.02058029385001,1.23148686466286,0.14353365338768,92.6085546520282
15.8819444444444,1.02049813411093,1.23140172751714,0.143465010723376,92.6091483871075
15.8820436507937,1.02041598181689,1.2313165915951,0.1433964007771,92.6097420689553
15.8821428571429,1.02033383696686,1.2312314568991,0.143327823534017,92.6103356975788
15.8822420634921,1.02025169955979,1.23114632343149,0.143259278979289,92.6109292729852
15.8823412698413,1.02016956959465,1.23106119119462,0.143190767098091,92.6115227951815
15.8824404761905,1.02008744707038,1.23097606019086,0.143122287875594,92.6121162641751
15.8825396825397,1.02000533198596,1.23089093042255,0.143053841296981,92.6127096799729
15.8826388888889,1.01992322434034,1.23080580189204,0.142985427347439,92.6133030425822
15.8827380952381,1.01984112413249,1.23072067460168,0.142917046012154,92.6138963520102
15.8828373015873,1.01975903136136,1.23063554855383,0.142848697276323,92.6144896082639
15.8829365079365,1.01967694602592,1.23055042375083,0.142780381125144,92.6150828113506
15.8830357142857,1.01959486812513,1.23046530019504,0.142712097543823,92.6156759612774
15.8831349206349,1.01951279765795,1.23038017788879,0.142643846517566,92.6162690580514
15.8832341269841,1.01943073462335,1.23029505683443,0.142575628031591,92.6168621016799
15.8833333333333,1.01934867902028,1.23020993703431,0.142507442071111,92.6174550921699
15.8834325396825,1.01926663084771,1.23012481849077,0.142439288621354,92.6180480295286
15.8835317460317,1.01918459010459,1.23003970120616,0.142371167667545,92.6186409137631
15.883630952381,1.01910255678991,1.22995458518282,0.142303079194918,92.6192337448806
15.8837301587302,1.01902053090261,1.22986947042308,0.142235023188709,92.6198265228882
15.8838293650794,1.01893851244167,1.2297843569293,0.142166999634163,92.6204192477931
15.8839285714286,1.01885650140603,1.2296992447038,0.142099008516524,92.6210119196025
15.8840277777778,1.01877449779468,1.22961413374894,0.142031049821044,92.6216045383233
15.884126984127,1.01869250160657,1.22952902406704,0.141963123532983,92.6221971039628
15.8842261904762,1.01861051284067,1.22944391566044,0.141895229637597,92.6227896165282
15.8843253968254,1.01852853149595,1.22935880853148,0.141827368120158,92.6233820760265
15.8844246031746,1.01844655757136,1.2292737026825,0.141759538965931,92.6239744824649
15.8845238095238,1.01836459106588,1.22918859811582,0.141691742160195,92.6245668358505
15.884623015873,1.01828263197846,1.22910349483378,0.141623977688229,92.6251591361904
15.8847222222222,1.01820068030808,1.22901839283872,0.141556245535319,92.6257513834918
15.8848214285714,1.0181187360537,1.22893329213296,0.141488545686753,92.6263435777618
15.8849206349206,1.01803679921429,1.22884819271884,0.141420878127828,92.6269357190075
15.8850198412698,1.01795486978881,1.22876309459868,0.141353242843841,92.6275278072361
15.885119047619,1.01787294777623,1.22867799777482,0.141285639820099,92.6281198424547
15.8852182539683,1.01779103317551,1.22859290224957,0.141218069041906,92.6287118246703
15.8853174603175,1.01770912598564,1.22850780802528,0.141150530494582,92.6293037538901
15.8854166666667,1.01762722620556,1.22842271510425,0.141083024163439,92.6298956301213
15.8855158730159,1.01754533383425,1.22833762348883,0.141015550033804,92.6304874533709
15.8856150793651,1.01746344887068,1.22825253318133,0.140948108091005,92.6310792236461
15.8857142857143,1.01738157131382,1.22816744418407,0.140880698320372,92.6316709409539
15.8858134920635,1.01729970116263,1.22808235649939,0.140813320707246,92.6322626053015
15.8859126984127,1.01721783841608,1.22799727012959,0.140745975236966,92.6328542166961
15.8860119047619,1.01713598307315,1.227912185077,0.140678661894881,92.6334457751446
15.8861111111111,1.01705413513279,1.22782710134394,0.14061138066634,92.6340372806542
15.8862103174603,1.01697229459399,1.22774201893273,0.140544131536704,92.6346287332321
15.8863095238095,1.0168904614557,1.22765693784568,0.140476914491329,92.6352201328853
15.8864087301587,1.01680863571691,1.22757185808512,0.140409729515585,92.6358114796209
15.8865079365079,1.01672681737657,1.22748677965335,0.14034257659484,92.636402773446
15.8866071428571,1.01664500643366,1.2274017025527,0.140275455714472,92.6369940143678
15.8867063492063,1.01656320288716,1.22731662678547,0.140208366859858,92.6375852023933
15.8868055555556,1.01648140673602,1.22723155235399,0.140141310016386,92.6381763375296
15.8869047619048,1.01639961797923,1.22714647926055,0.140074285169444,92.6387674197838
15.887003968254,1.01631783661575,1.22706140750748,0.140007292304426,92.6393584491631
15.8871031746032,1.01623606264455,1.22697633709708,0.139940331406735,92.6399494256745
15.8872023809524,1.01615429606461,1.22689126803167,0.139873402461771,92.6405403493251
15.8873015873016,1.0160725368749,1.22680620031355,0.139806505454945,92.6411312201219
15.8874007936508,1.01599078507439,1.22672113394502,0.139739640371668,92.6417220380722
15.8875,1.01590904066206,1.2266360689284,0.139672807197363,92.6423128031829
15.8875992063492,1.01582730363686,1.226551005266,0.139606005917447,92.6429035154612
15.8876984126984,1.01574557399779,1.22646594296011,0.139539236517353,92.6434941749142
15.8877976190476,1.01566385174381,1.22638088201303,0.139472498982511,92.6440847815489
15.8878968253968,1.0155821368739,1.22629582242709,0.13940579329836,92.6446753353723
15.887996031746,1.01550042938702,1.22621076420457,0.139339119450339,92.6452658363917
15.8880952380952,1.01541872928216,1.22612570734777,0.139272477423898,92.645856284614
15.8881944444444,1.01533703655828,1.226040651859,0.139205867204487,92.6464466800464
15.8882936507936,1.01525535121437,1.22595559774056,0.139139288777564,92.6470370226959
15.8883928571429,1.01517367324939,1.22587054499474,0.139072742128588,92.6476273125697
15.8884920634921,1.01509200266232,1.22578549362384,0.139006227243026,92.6482175496747
15.8885912698413,1.01501033945214,1.22570044363017,0.13893974410635,92.648807734018
15.8886904761905,1.01492868361782,1.225615395016,0.138873292704032,92.6493978656067
15.8887896825397,1.01484703515833,1.22553034778365,0.138806873021556,92.649987944448
15.8888888888889,1.01476539407266,1.2254453019354,0.138740485044404,92.6505779705488
15.8889880952381,1.01468376035978,1.22536025747355,0.138674128758069,92.6511679439161
15.8890873015873,1.01460213401866,1.22527521440038,0.138607804148041,92.6517578645572
15.8891865079365,1.01452051504828,1.22519017271819,0.138541511199823,92.6523477324791
15.8892857142857,1.01443890344762,1.22510513242927,0.138475249898916,92.6529375476887
15.8893849206349,1.01435729921566,1.22502009353591,0.138409020230833,92.6535273101932
15.8894841269841,1.01427570235137,1.2249350560404,0.138342822181082,92.6541170199997
15.8895833333333,1.01419411285373,1.22485001994502,0.138276655735187,92.6547066771151
15.8896825396825,1.01411253072171,1.22476498525206,0.138210520878665,92.6552962815466
15.8897817460317,1.0140309559543,1.22467995196381,0.13814441759705,92.6558858333011
15.889880952381,1.01394938855048,1.22459492008255,0.138078345875869,92.6564753323858
15.8899801587302,1.01386782850921,1.22450988961057,0.138012305700662,92.6570647788078
15.8900793650794,1.01378627582949,1.22442486055014,0.137946297056972,92.6576541725739
15.8901785714286,1.01370473051029,1.22433983290355,0.137880319930343,92.6582435136914
15.8902777777778,1.01362319255058,1.22425480667309,0.13781437430633,92.6588328021673
15.890376984127,1.01354166194935,1.22416978186102,0.137748460170486,92.6594220380085
15.8904761904762,1.01346013870559,1.22408475846964,0.137682577508376,92.6600112212222
15.8905753968254,1.01337862281825,1.22399973650121,0.137616726305561,92.6606003518153
15.8906746031746,1.01329711428634,1.22391471595803,0.137550906547616,92.661189429795
15.8907738095238,1.01321561310882,1.22382969684235,0.137485118220112,92.6617784551683
15.890873015873,1.01313411928469,1.22374467915646,0.137419361308634,92.6623674279421
15.8909722222222,1.01305263281291,1.22365966290263,0.137353635798763,92.6629563481236
15.8910714285714,1.01297115369247,1.22357464808314,0.137287941676092,92.6635452157198
15.8911706349206,1.01288968192235,1.22348963470026,0.137222278926211,92.6641340307377
15.8912698412698,1.01280821750154,1.22340462275626,0.137156647534724,92.6647227931844
15.891369047619,1.01272676042901,1.22331961225342,0.137091047487231,92.6653115030668
15.8914682539683,1.01264531070375,1.22323460319399,0.137025478769343,92.665900160392
15.8915674603175,1.01256386832474,1.22314959558026,0.136959941366673,92.6664887651671
15.8916666666667,1.01248243329095,1.22306458941449,0.136894435264839,92.6670773173991
15.8917658730159,1.01240100560139,1.22297958469894,0.136828960449465,92.6676658170949
15.8918650793651,1.01231958525502,1.22289458143589,0.136763516906175,92.6682542642617
15.8919642857143,1.01223817225083,1.22280957962759,0.136698104620607,92.6688426589064
15.8920634920635,1.0121567665878,1.22272457927632,0.136632723578394,92.6694310010361
15.8921626984127,1.01207536826493,1.22263958038434,0.136567373765181,92.6700192906577
15.8922619047619,1.01199397728118,1.22255458295391,0.136502055166611,92.6706075277784
15.8923611111111,1.01191259363555,1.22246958698729,0.13643676776834,92.6711957124051
15.8924603174603,1.01183121732702,1.22238459248674,0.13637151155602,92.6717838445448
15.8925595238095,1.01174984835457,1.22229959945452,0.136306286515316,92.6723719242045
15.8926587301587,1.01166848671719,1.2222146078929,0.13624109263189,92.6729599513914
15.8927579365079,1.01158713241387,1.22212961780413,0.136175929891417,92.6735479261123
15.8928571428571,1.01150578544359,1.22204462919046,0.136110798279567,92.6741358483743
15.8929563492064,1.01142444580533,1.22195964205416,0.136045697782024,92.6747237181844
15.8930555555556,1.01134311349809,1.22187465639748,0.135980628384472,92.6753115355496
15.8931547619048,1.01126178852084,1.22178967222267,0.1359155900726,92.6758993004769
15.893253968254,1.01118047087257,1.22170468953198,0.135850582832104,92.6764870129734
15.8933531746032,1.01109916055228,1.22161970832768,0.13578560664868,92.6770746730459
15.8934523809524,1.01101785755894,1.22153472861201,0.135720661508035,92.6776622807016
15.8935515873016,1.01093656189155,1.22144975038722,0.135655747395875,92.6782498359474
15.8936507936508,1.01085527354908,1.22136477365557,0.135590864297916,92.6788373387903
15.89375,1.01077399253054,1.2212797984193,0.135526012199874,92.6794247892373
15.8938492063492,1.0106927188349,1.22119482468065,0.135461191087474,92.6800121872955
15.8939484126984,1.01061145246116,1.22110985244189,0.135396400946441,92.6805995329717
15.8940476190476,1.0105301934083,1.22102488170524,0.13533164176251,92.6811868262731
15.8941468253968,1.01044894167531,1.22093991247297,0.135266913521416,92.6817740672065
15.894246031746,1.01036769726118,1.22085494474731,0.135202216208904,92.682361255779
15.8943452380952,1.0102864601649,1.2207699785305,0.135137549810717,92.6829483919976
15.8944444444444,1.01020523038545,1.2206850138248,0.135072914312608,92.6835354758693
15.8945436507937,1.01012400792184,1.22060005063243,0.135008309700335,92.684122507401
15.8946428571429,1.01004279277304,1.22051508895565,0.134943735959656,92.6847094865998
15.8947420634921,1.00996158493804,1.22043012879669,0.13487919307634,92.6852964134725
15.8948412698413,1.00988038441585,1.22034517015779,0.134814681036154,92.6858832880262
15.8949404761905,1.00979919120544,1.22026021304119,0.134750199824877,92.686470110268
15.8950396825397,1.00971800530581,1.22017525744913,0.134685749428285,92.6870568802047
15.8951388888889,1.00963682671594,1.22009030338383,0.134621329832166,92.6876435978432
15.8952380952381,1.00955565543484,1.22000535084755,0.134556941022308,92.6882302631908
15.8953373015873,1.00947449146149,1.21992039984251,0.134492582984507,92.6888168762542
15.8954365079365,1.00939333479488,1.21983545037094,0.134428255704559,92.6894034370404
15.8955357142857,1.009312185434,1.21975050243508,0.134363959168271,92.6899899455565
15.8956349206349,1.00923104337785,1.21966555603716,0.134299693361449,92.6905764018094
15.8957341269841,1.00914990862542,1.21958061117941,0.134235458269909,92.691162805806
15.8958333333333,1.0090687811757,1.21949566786406,0.134171253879466,92.6917491575534
15.8959325396825,1.00898766102768,1.21941072609334,0.134107080175944,92.6923354570585
15.8960317460317,1.00890654818037,1.21932578586948,0.134042937145173,92.6929217043282
15.896130952381,1.00882544263274,1.2192408471947,0.133978824772983,92.6935078993696
15.8962301587302,1.00874434438379,1.21915591007123,0.133914743045212,92.6940940421895
15.8963293650794,1.00866325343252,1.2190709745013,0.133850691947701,92.6946801327951
15.8964285714286,1.00858216977792,1.21898604048713,0.133786671466298,92.6952661711931
15.8965277777778,1.00850109341899,1.21890110803094,0.133722681586852,92.6958521573906
15.896626984127,1.00842002435472,1.21881617713495,0.133658722295223,92.6964380913945
15.8967261904762,1.0083389625841,1.2187312478014,0.133594793577269,92.6970239732117
15.8968253968254,1.00825790810613,1.21864632003249,0.133530895418857,92.6976098028493
15.8969246031746,1.0081768609198,1.21856139383045,0.133467027805855,92.6981955803142
15.8970238095238,1.00809582102412,1.2184764691975,0.133403190724143,92.6987813056134
15.897123015873,1.00801478841807,1.21839154613585,0.133339384159596,92.6993669787537
15.8972222222222,1.00793376310065,1.21830662464773,0.133275608098102,92.6999525997421
15.8973214285714,1.00785274507085,1.21822170473534,0.133211862525548,92.7005381685856
15.8974206349206,1.00777173432768,1.21813678640091,0.13314814742783,92.7011236852911
15.8975198412698,1.00769073087014,1.21805186964664,0.133084462790849,92.7017091498656
15.897619047619,1.0076097346972,1.21796695447475,0.133020808600504,92.702294562316
15.8977182539683,1.00752874580789,1.21788204088746,0.132957184842707,92.7028799226492
15.8978174603175,1.00744776420118,1.21779712888698,0.13289359150337,92.7034652308722
15.8979166666667,1.00736678987608,1.2177122184755,0.132830028568412,92.7040504869919
15.8980158730159,1.00728582283159,1.21762730965526,0.132766496023754,92.7046356910153
15.8981150793651,1.0072048630667,1.21754240242845,0.132702993855326,92.7052208429492
15.8982142857143,1.00712391058041,1.21745749679727,0.132639522049058,92.7058059428007
15.8983134920635,1.00704296537173,1.21737259276395,0.13257608059089,92.7063909905767
15.8984126984127,1.00696202743965,1.21728769033068,0.13251266946676,92.706975986284
15.8985119047619,1.00688109678316,1.21720278949968,0.132449288662618,92.7075609299296
15.8986111111111,1.00680017340127,1.21711789027313,0.132385938164412,92.7081458215205
15.8987103174603,1.00671925729298,1.21703299265326,0.132322617958103,92.7087306610635
15.8988095238095,1.00663834845729,1.21694809664225,0.132259328029647,92.7093154485656
15.8989087301587,1.00655744689319,1.21686320224232,0.132196068365011,92.7099001840338
15.8990079365079,1.00647655259969,1.21677830945566,0.132132838950168,92.7104848674748
15.8991071428571,1.00639566557579,1.21669341828447,0.13206963977109,92.7110694988958
15.8992063492063,1.00631478582049,1.21660852873095,0.13200647081376,92.7116540783034
15.8993055555556,1.00623391333278,1.2165236407973,0.131943332064159,92.7122386057048
15.8994047619048,1.00615304811167,1.21643875448571,0.131880223508279,92.7128230811068
15.899503968254,1.00607219015617,1.21635386979838,0.131817145132113,92.7134075045163
15.8996031746032,1.00599133946527,1.21626898673752,0.131754096921662,92.7139918759403
15.8997023809524,1.00591049603797,1.2161841053053,0.131691078862926,92.7145761953855
15.8998015873016,1.00582965987328,1.21609922550392,0.131628090941918,92.7151604628591
15.8999007936508,1.0057488309702,1.21601434733558,0.131565133144648,92.7157446783678
15.9,1.00566800932773,1.21592947080247,0.131502205457135,92.7163288419185
15.9000992063492,1.00558719494488,1.21584459590678,0.131439307865401,92.7169129535183
15.9001984126984,1.00550638782064,1.21575972265069,0.131376440355476,92.7174970131739
15.9002976190476,1.00542558795402,1.2156748510364,0.131313602913389,92.7180810208923
15.9003968253968,1.00534479534403,1.21558998106609,0.131250795525178,92.7186649766804
15.900496031746,1.00526400998966,1.21550511274196,0.131188018176887,92.7192488805451
15.9005952380952,1.00518323188993,1.21542024606618,0.13112527085456,92.7198327324932
15.9006944444444,1.00510246104383,1.21533538104094,0.13106255354425,92.7204165325318
15.9007936507937,1.00502169745037,1.21525051766843,0.130999866232011,92.7210002806676
15.9008928571429,1.00494094110856,1.21516565595082,0.130937208903907,92.7215839769076
15.9009920634921,1.00486019201739,1.21508079589031,0.130874581546,92.7221676212586
15.9010912698413,1.00477945017589,1.21499593748907,0.130811984144364,92.7227512137276
15.9011904761905,1.00469871558304,1.21491108074929,0.130749416685071,92.7233347543215
15.9012896825397,1.00461798823786,1.21482622567313,0.130686879154203,92.723918243047
15.9013888888889,1.00453726813935,1.21474137226279,0.130624371537842,92.7245016799112
15.9014880952381,1.00445655528652,1.21465652052044,0.130561893822082,92.7250850649209
15.9015873015873,1.00437584967837,1.21457167044825,0.130499445993012,92.725668398083
15.9016865079365,1.00429515131391,1.2144868220484,0.130437028036734,92.7262516794044
15.9017857142857,1.00421446019215,1.21440197532307,0.13037463993935,92.7268349088919
15.9018849206349,1.0041337763121,1.21431713027443,0.13031228168697,92.7274180865524
15.9019841269841,1.00405309967276,1.21423228690465,0.130249953265707,92.7280012123929
15.9020833333333,1.00397243027313,1.21414744521591,0.130187654661678,92.7285842864201
15.9021825396825,1.00389176811224,1.21406260521038,0.130125385861007,92.729167308641
15.9022817460317,1.00381111318908,1.21397776689022,0.13006314684982,92.7297502790625
15.902380952381,1.00373046550267,1.21389293025762,0.13000093761425,92.7303331976913
15.9024801587302,1.003649825052,1.21380809531472,0.129938758140434,92.7309160645345
15.9025793650794,1.0035691918361,1.21372326206371,0.129876608414514,92.7314988795988
15.9026785714286,1.00348856585397,1.21363843050675,0.129814488422635,92.7320816428911
15.9027777777778,1.00340794710461,1.21355360064601,0.129752398150951,92.7326643544183
15.902876984127,1.00332733558705,1.21346877248364,0.129690337585615,92.7332470141873
15.9029761904762,1.00324673130028,1.21338394602183,0.129628306712791,92.7338296222048
15.9030753968254,1.00316613424332,1.21329912126271,0.129566305518641,92.7344121784779
15.9031746031746,1.00308554441518,1.21321429820847,0.129504333989338,92.7349946830133
15.9032738095238,1.00300496181487,1.21312947686126,0.129442392111055,92.7355771358179
15.903373015873,1.0029243864414,1.21304465722324,0.129380479869974,92.7361595368986
15.9034722222222,1.00284381829377,1.21295983929657,0.129318597252279,92.7367418862621
15.9035714285714,1.00276325737101,1.21287502308341,0.129256744244158,92.7373241839155
15.9036706349206,1.00268270367212,1.21279020858592,0.129194920831807,92.7379064298654
15.9037698412698,1.00260215719612,1.21270539580625,0.129133127001423,92.7384886241189
15.903869047619,1.00252161794201,1.21262058474656,0.129071362739211,92.7390707666827
15.9039682539683,1.00244108590881,1.212535775409,0.129009628031378,92.7396528575637
15.9040674603175,1.00236056109553,1.21245096779574,0.12894792286414,92.7402348967687
15.9041666666667,1.00228004350119,1.21236616190891,0.128886247223711,92.7408168843045
15.9042658730159,1.00219953312479,1.21228135775067,0.128824601096317,92.7413988201781
15.9043650793651,1.00211902996534,1.21219655532318,0.128762984468183,92.7419807043963
15.9044642857143,1.00203853402188,1.21211175462859,0.128701397325544,92.7425625369658
15.9045634920635,1.00195804529339,1.21202695566904,0.128639839654633,92.7431443178937
15.9046626984127,1.00187756377891,1.21194215844668,0.128578311441695,92.7437260471865
15.9047619047619,1.00179708947743,1.21185736296366,0.128516812672974,92.7443077248514
15.9048611111111,1.00171662238799,1.21177256922212,0.128455343334723,92.744889350895
15.9049603174603,1.00163616250959,1.21168777722422,0.128393903413199,92.7454709253242
15.9050595238095,1.00155570984124,1.2116029869721,0.128332492894659,92.7460524481458
15.9051587301587,1.00147526438197,1.21151819846789,0.128271111765373,92.7466339193667
15.9052579365079,1.00139482613078,1.21143341171375,0.128209760011607,92.7472153389937
15.9053571428571,1.0013143950867,1.21134862671182,0.12814843761964,92.7477967070336
15.9054563492064,1.00123397124873,1.21126384346423,0.128087144575748,92.7483780234933
15.9055555555556,1.0011535546159,1.21117906197313,0.128025880866218,92.7489592883795
15.9056547619048,1.00107314518722,1.21109428224065,0.127964646477338,92.7495405016992
15.905753968254,1.0009927429617,1.21100950426894,0.127903441395404,92.7501216634591
15.9058531746032,1.00091234793837,1.21092472806013,0.127842265606712,92.750702773666
15.9059523809524,1.00083196011623,1.21083995361637,0.127781119097569,92.7512838323268
15.9060515873016,1.00075157949432,1.21075518093977,0.127720001854279,92.7518648394483
15.9061507936508,1.00067120607163,1.21067041003248,0.12765891386316,92.7524457950374
15.90625,1.0005908398472,1.21058564089664,0.127597855110525,92.7530266991007
15.9063492063492,1.00051048082004,1.21050087353437,0.127536825582699,92.7536075516452
15.9064484126984,1.00043012898916,1.21041610794781,0.127475825266011,92.7541883526777
15.9065476190476,1.00034978435359,1.21033134413909,0.127414854146789,92.7547691022049
15.9066468253968,1.00026944691235,1.21024658211033,0.127353912211375,92.7553498002337
15.906746031746,1.00018911666445,1.21016182186368,0.127292999446106,92.755930446771
15.9068452380952,1.00010879360891,1.21007706340125,0.127232115837332,92.7565110418234
15.9069444444444,1.00002847774475,1.20999230672517,0.127171261371401,92.7570915853978
15.9070436507936,0.999948169070996,1.20990755183758,0.127110436034672,92.757672077501
15.9071428571429,0.999867867586658,1.20982279874059,0.127049639813502,92.7582525181399
15.9072420634921,0.999787573290763,1.20973804743633,0.126988872694261,92.7588329073211
15.9073412698413,0.999707286182326,1.20965329792692,0.126928134663315,92.7594132450516
15.9074404761905,0.999627006260373,1.2095685502145,0.126867425707042,92.7599935313381
15.9075396825397,0.999546733523919,1.20948380430116,0.126806745811819,92.7605737661874
15.9076388888889,0.999466467971989,1.20939906018906,0.126746094964034,92.7611539496064
15.9077380952381,0.999386209603601,1.20931431788028,0.126685473150072,92.7617340816017
15.9078373015873,0.999305958417779,1.20922957737697,0.126624880356329,92.7623141621803
15.9079365079365,0.999225714413545,1.20914483868124,0.126564316569206,92.7628941913488
15.9080357142857,0.999145477589918,1.2090601017952,0.126503781775103,92.7634741691142
15.9081349206349,0.999065247945923,1.20897536672097,0.126443275960432,92.7640540954831
15.9082341269841,0.99898502548058,1.20889063346067,0.126382799111601,92.7646339704624
15.9083333333333,0.998904810192914,1.20880590201641,0.126322351215033,92.7652137940588
15.9084325396825,0.998824602081944,1.2087211723903,0.126261932257146,92.7657935662792
15.9085317460317,0.998744401146698,1.20863644458447,0.126201542224371,92.7663732871302
15.908630952381,0.998664207386194,1.20855171860101,0.126141181103137,92.7669529566189
15.9087301587302,0.998584020799461,1.20846699444204,0.126080848879884,92.7675325747517
15.9088293650794,0.998503841385518,1.20838227210967,0.126020545541051,92.7681121415357
15.9089285714286,0.998423669143393,1.20829755160601,0.125960271073086,92.7686916569774
15.9090277777778,0.998343504072106,1.20821283293317,0.125900025462439,92.7692711210838
15.909126984127,0.998263346170686,1.20812811609325,0.125839808695567,92.7698505338616
15.9092261904762,0.998183195438153,1.20804340108837,0.125779620758929,92.7704298953176
15.9093253968254,0.998103051873535,1.20795868792062,0.125719461638991,92.7710092054585
15.9094246031746,0.998022915475859,1.20787397659211,0.125659331322225,92.7715884642911
15.9095238095238,0.997942786244145,1.20778926710495,0.125599229795103,92.7721676718222
15.909623015873,0.997862664177425,1.20770455946123,0.125539157044107,92.7727468280585
15.9097222222222,0.997782549274718,1.20761985366306,0.12547911305572,92.7733259330069
15.9098214285714,0.997702441535057,1.20753514971255,0.125419097816433,92.773904986674
15.9099206349206,0.997622340957463,1.20745044761178,0.125359111312737,92.7744839890667
15.9100198412698,0.997542247540967,1.20736574736287,0.125299153531134,92.7750629401917
15.910119047619,0.997462161284592,1.2072810489679,0.125239224458124,92.7756418400557
15.9102182539683,0.997382082187368,1.20719635242897,0.125179324080219,92.7762206886656
15.9103174603175,0.997302010248319,1.20711165774819,0.125119452383928,92.7767994860281
15.9104166666667,0.997221945466478,1.20702696492764,0.125059609355772,92.7773782321499
15.9105158730159,0.997141887840867,1.20694227396942,0.124999794982272,92.7779569270378
15.9106150793651,0.997061837370518,1.20685758487563,0.124940009249956,92.7785355706985
15.9107142857143,0.996981794054457,1.20677289764835,0.124880252145355,92.7791141631389
15.9108134920635,0.996901757891712,1.20668821228968,0.124820523655006,92.7796927043656
15.9109126984127,0.996821728881317,1.20660352880171,0.124760823765452,92.7802711943854
15.9110119047619,0.996741707022294,1.20651884718653,0.124701152463237,92.7808496332051
15.9111111111111,0.996661692313678,1.20643416744623,0.124641509734915,92.7814280208313
15.9112103174603,0.996581684754494,1.20634948958289,0.124581895567039,92.7820063572709
15.9113095238095,0.996501684343776,1.20626481359861,0.124522309946172,92.7825846425306
15.9114087301587,0.996421691080549,1.20618013949547,0.124462752858876,92.7831628766171
15.9115079365079,0.996341704963849,1.20609546727555,0.124403224291725,92.7837410595372
15.9116071428571,0.9962617259927,1.20601079694094,0.12434372423129,92.7843191912976
15.9117063492063,0.996181754166139,1.20592612849373,0.124284252664155,92.784897271905
15.9118055555556,0.996101789483192,1.20584146193598,0.1242248095769,92.7854753013662
15.9119047619048,0.996021831942894,1.2057567972698,0.124165394956118,92.786053279688
15.912003968254,0.995941881544273,1.20567213449726,0.124106008788399,92.786631206877
15.9121031746032,0.995861938286364,1.20558747362043,0.124046651060345,92.7872090829399
15.9122023809524,0.995782002168195,1.2055028146414,0.123987321758557,92.7877869078836
15.9123015873016,0.9957020731888,1.20541815756224,0.123928020869645,92.7883646817148
15.9124007936508,0.995622151347214,1.20533350238503,0.123868748380222,92.78894240444
15.9125,0.995542236642465,1.20524884911186,0.123809504276903,92.7895200760663
15.9125992063492,0.99546232907359,1.20516419774478,0.123750288546315,92.7900976966001
15.9126984126984,0.995382428639617,1.20507954828588,0.12369110117508,92.7906752660483
15.9127976190476,0.995302535339586,1.20499490073724,0.123631942149835,92.7912527844175
15.9128968253968,0.995222649172524,1.20491025510091,0.123572811457212,92.7918302517145
15.912996031746,0.995142770137471,1.20482561137899,0.123513709083857,92.792407667946
15.9130952380952,0.995062898233454,1.20474096957352,0.123454635016412,92.7929850331188
15.9131944444444,0.994983033459514,1.2046563296866,0.123395589241532,92.7935623472395
15.9132936507937,0.994903175814681,1.20457169172027,0.123336571745869,92.7941396103149
15.9133928571429,0.994823325297993,1.20448705567662,0.123277582516087,92.7947168223516
15.9134920634921,0.994743481908481,1.20440242155771,0.123218621538848,92.7952939833564
15.9135912698413,0.994663645645184,1.2043177893656,0.123159688800826,92.795871093336
15.9136904761905,0.994583816507135,1.20423315910237,0.123100784288691,92.7964481522972
15.9137896825397,0.99450399449337,1.20414853077006,0.123041907989125,92.7970251602465
15.9138888888889,0.994424179602928,1.20406390437076,0.122983059888815,92.7976021171907
15.9139880952381,0.99434437183484,1.20397927990652,0.122924239974445,92.7981790231366
15.9140873015873,0.994264571188148,1.2038946573794,0.122865448232713,92.7987558780908
15.9141865079365,0.994184777661884,1.20381003679146,0.122806684650315,92.79933268206
15.9142857142857,0.994104991255088,1.20372541814476,0.122747949213956,92.799909435051
15.9143849206349,0.994025211966794,1.20364080144137,0.122689241910343,92.8004861370704
15.9144841269841,0.993945439796044,1.20355618668333,0.12263056272619,92.8010627881249
15.9145833333333,0.99386567474187,1.20347157387271,0.122571911648213,92.8016393882212
15.9146825396825,0.993785916803315,1.20338696301157,0.122513288663136,92.8022159373661
15.9147817460317,0.993706165979413,1.20330235410195,0.122454693757685,92.8027924355661
15.914880952381,0.993626422269206,1.20321774714591,0.122396126918593,92.8033688828281
15.9149801587302,0.993546685671729,1.2031331421455,0.122337588132595,92.8039452791587
15.9150793650794,0.993466956186024,1.20304853910279,0.122279077386436,92.8045216245645
15.9151785714286,0.993387233811126,1.20296393801981,0.122220594666857,92.8050979190523
15.9152777777778,0.993307518546078,1.20287933889862,0.122162139960612,92.8056741626288
15.915376984127,0.99322781038992,1.20279474174127,0.122103713254459,92.8062503553006
15.9154761904762,0.993148109341688,1.20271014654981,0.122045314535153,92.8068264970744
15.9155753968254,0.993068415400426,1.20262555332628,0.121986943789465,92.8074025879569
15.9156746031746,0.99298872856517,1.20254096207273,0.12192860100416,92.8079786279549
15.9157738095238,0.992909048834965,1.20245637279122,0.121870286166016,92.8085546170749
15.915873015873,0.992829376208848,1.20237178548377,0.121811999261811,92.8091305553236
15.9159722222222,0.992749710685863,1.20228720015245,0.12175374027833,92.8097064427078
15.9160714285714,0.992670052265048,1.20220261679928,0.121695509202361,92.810282279234
15.9161706349206,0.992590400945447,1.20211803542632,0.1216373060207,92.8108580649091
15.9162698412698,0.9925107567261,1.2020334560356,0.121579130720143,92.8114337997395
15.916369047619,0.992431119606051,1.20194887862917,0.121520983287496,92.8120094837321
15.9164682539683,0.992351489584339,1.20186430320906,0.121462863709563,92.8125851168935
15.9165674603175,0.992271866660011,1.20177972977732,0.121404771973161,92.8131606992303
15.9166666666667,0.992192250832103,1.20169515833597,0.121346708065105,92.8137362307492
15.9167658730159,0.992112642099663,1.20161058888706,0.121288671972218,92.8143117114569
15.9168650793651,0.992033040461735,1.20152602143263,0.121230663681329,92.8148871413601
15.9169642857143,0.991953445917357,1.20144145597471,0.121172683179267,92.8154625204653
15.9170634920635,0.991873858465578,1.20135689251533,0.121114730452871,92.8160378487793
15.9171626984127,0.991794278105438,1.20127233105652,0.12105680548898,92.8166131263088
15.9172619047619,0.991714704835984,1.20118777160033,0.120998908274443,92.8171883530603
15.9173611111111,0.991635138656257,1.20110321414877,0.120941038796108,92.8177635290405
15.9174603174603,0.991555579565306,1.20101865870388,0.120883197040833,92.8183386542562
15.9175595238095,0.99147602756217,1.2009341052677,0.120825382995476,92.8189137287139
15.9176587301587,0.9913964826459,1.20084955384224,0.120767596646906,92.8194887524203
15.9177579365079,0.991316944815536,1.20076500442953,0.120709837981988,92.820063725382
15.9178571428571,0.991237414070128,1.20068045703161,0.120652106987601,92.8206386476058
15.9179563492063,0.991157890408718,1.2005959116505,0.120594403650621,92.8212135190982
15.9180555555556,0.991078373830355,1.20051136828822,0.120536727957936,92.8217883398658
15.9181547619048,0.990998864334082,1.2004268269468,0.120479079896432,92.8223631099155
15.918253968254,0.990919361918947,1.20034228762826,0.120421459453003,92.8229378292537
15.9183531746032,0.990839866584,1.20025775033462,0.120363866614549,92.8235124978871
15.9184523809524,0.990760378328281,1.20017321506791,0.120306301367972,92.8240871158224
15.9185515873016,0.990680897150845,1.20008868183014,0.120248763700182,92.8246616830661
15.9186507936508,0.990601423050732,1.20000415062333,0.120191253598088,92.8252361996251
15.91875,0.990521956026995,1.19991962144951,0.120133771048612,92.8258106655057
15.9188492063492,0.990442496078678,1.19983509431069,0.120076316038672,92.8263850807148
15.9189484126984,0.990363043204833,1.19975056920889,0.120018888555199,92.826959445259
15.9190476190476,0.990283597404505,1.19966604614611,0.119961488585122,92.8275337591448
15.9191468253968,0.990204158676745,1.19958152512439,0.11990411611538,92.8281080223789
15.919246031746,0.9901247270206,1.19949700614572,0.119846771132911,92.828682234968
15.9193452380952,0.990045302435121,1.19941248921214,0.119789453624664,92.8292563969186
15.9194444444444,0.989965884919354,1.19932797432563,0.119732163577588,92.8298305082374
15.9195436507936,0.989886474472353,1.19924346148823,0.119674900978641,92.830404568931
15.9196428571429,0.989807071093163,1.19915895070193,0.11961766581478,92.830978579006
15.9197420634921,0.989727674780836,1.19907444196875,0.119560458072972,92.8315525384692
15.9198412698413,0.989648285534426,1.1989899352907,0.119503277740189,92.8321264473269
15.9199404761905,0.989568903352978,1.19890543066978,0.119446124803401,92.832700305586
15.9200396825397,0.989489528235546,1.198820928108,0.119388999249593,92.833274113253
15.9201388888889,0.989410160181179,1.19873642760737,0.119331901065743,92.8338478703345
15.9202380952381,0.989330799188931,1.19865192916989,0.119274830238846,92.8344215768372
15.9203373015873,0.989251445257849,1.19856743279756,0.11921778675589,92.8349952327676
15.9204365079365,0.98917209838699,1.1984829384924,0.119160770603878,92.8355688381324
15.9205357142857,0.989092758575401,1.19839844625639,0.119103781769811,92.8361423929382
15.9206349206349,0.989013425822139,1.19831395609154,0.119046820240698,92.8367158971915
15.9207341269841,0.988934100126251,1.19822946799985,0.118989886003549,92.8372893508991
15.9208333333333,0.988854781486795,1.19814498198333,0.118932979045386,92.8378627540674
15.9209325396825,0.988775469902819,1.19806049804396,0.118876099353227,92.8384361067032
15.9210317460317,0.98869616537338,1.19797601618375,0.118819246914103,92.8390094088129
15.921130952381,0.988616867897528,1.1978915364047,0.118762421715041,92.8395826604033
15.9212301587302,0.988537577474319,1.19780705870879,0.118705623743081,92.8401558614809
15.9213293650794,0.988458294102808,1.19772258309803,0.118648852985265,92.8407290120523
15.9214285714286,0.988379017782046,1.1976381095744,0.118592109428636,92.8413021121241
15.9215277777778,0.98829974851109,1.1975536381399,0.118535393060247,92.8418751617029
15.921626984127,0.988220486288991,1.19746916879653,0.118478703867152,92.8424481607953
15.9217261904762,0.988141231114809,1.19738470154627,0.118422041836414,92.8430211094079
15.9218253968254,0.988061982987593,1.19730023639111,0.118365406955094,92.8435940075473
15.9219246031746,0.987982741906404,1.19721577333305,0.118308799210266,92.8441668552201
15.9220238095238,0.987903507870292,1.19713131237407,0.118252218589002,92.8447396524328
15.922123015873,0.987824280878319,1.19704685351616,0.118195665078382,92.845312399192
15.9222222222222,0.987745060929534,1.1969623967613,0.11813913866549,92.8458850955044
15.9223214285714,0.987665848023,1.19687794211149,0.118082639337416,92.8464577413766
15.9224206349206,0.987586642157768,1.1967934895687,0.118026167081251,92.847030336815
15.9225198412698,0.987507443332899,1.19670903913492,0.117969721884097,92.8476028818263
15.922619047619,0.987428251547446,1.19662459081213,0.117913303733054,92.8481753764171
15.9227182539683,0.987349066800467,1.19654014460231,0.117856912615231,92.8487478205939
15.9228174603175,0.987269889091024,1.19645570050745,0.117800548517743,92.8493202143633
15.9229166666667,0.987190718418168,1.19637125852953,0.117744211427703,92.8498925577319
15.9230158730159,0.987111554780963,1.19628681867052,0.117687901332237,92.8504648507063
15.9231150793651,0.987032398178462,1.19620238093241,0.117631618218469,92.8510370932931
15.9232142857143,0.986953248609728,1.19611794531716,0.117575362073534,92.8516092854987
15.9233134920635,0.986874106073814,1.19603351182676,0.117519132884565,92.8521814273299
15.9234126984127,0.986794970569785,1.19594908046319,0.117462930638707,92.8527535187931
15.9235119047619,0.986715842096695,1.19586465122841,0.117406755323102,92.8533255598949
15.9236111111111,0.986636720653607,1.1957802241244,0.117350606924904,92.8538975506419
15.9237103174603,0.986557606239578,1.19569579915314,0.117294485431266,92.8544694910406
15.9238095238095,0.98647849885367,1.19561137631659,0.11723839082935,92.8550413810977
15.9239087301587,0.98639939849494,1.19552695561673,0.11718232310632,92.8556132208197
15.9240079365079,0.986320305162453,1.19544253705552,0.117126282249347,92.856185010213
15.9241071428571,0.986241218855264,1.19535812063494,0.117070268245604,92.8567567492844
15.9242063492064,0.986162139572436,1.19527370635695,0.117014281082271,92.8573284380404
15.9243055555556,0.986083067313034,1.19518929422353,0.116958320746534,92.8579000764874
15.9244047619048,0.986004002076112,1.19510488423663,0.116902387225578,92.8584716646321
15.924503968254,0.985924943860738,1.19502047639823,0.1168464805066,92.859043202481
15.9246031746032,0.985845892665969,1.19493607071028,0.116790600576796,92.8596146900407
15.9247023809524,0.985766848490871,1.19485166717476,0.116734747423371,92.8601861273177
15.9248015873016,0.985687811334502,1.19476726579362,0.116678921033531,92.8607575143185
15.9249007936508,0.985608781195928,1.19468286656883,0.116623121394491,92.8613288510498
15.925,0.985529758074209,1.19459846950234,0.116567348493465,92.8619001375181
15.9250992063492,0.98545074196841,1.19451407459612,0.116511602317679,92.8624713737298
15.9251984126984,0.985371732877592,1.19442968185213,0.116455882854356,92.8630425596916
15.9252976190476,0.985292730800821,1.19434529127232,0.116400190090732,92.8636136954099
15.9253968253968,0.985213735737158,1.19426090285865,0.116344524014039,92.8641847808914
15.925496031746,0.98513474768567,1.19417651661308,0.116288884611522,92.8647558161426
15.9255952380952,0.985055766645417,1.19409213253756,0.116233271870424,92.86532680117
15.9256944444444,0.984976792615465,1.19400775063405,0.116177685777997,92.8658977359801
15.9257936507937,0.984897825594882,1.19392337090451,0.116122126321497,92.8664686205795
15.9258928571429,0.984818865582727,1.19383899335087,0.116066593488183,92.8670394549746
15.9259920634921,0.984739912578071,1.1937546179751,0.116011087265322,92.8676102391722
15.9260912698413,0.984660966579974,1.19367024477915,0.115955607640181,92.8681809731786
15.9261904761905,0.984582027587505,1.19358587376497,0.115900154600037,92.8687516570003
15.9262896825397,0.984503095599728,1.1935015049345,0.115844728132166,92.869322290644
15.9263888888889,0.984424170615711,1.1934171382897,0.115789328223856,92.8698928741162
15.9264880952381,0.984345252634516,1.1933327738325,0.115733954862393,92.8704634074233
15.9265873015873,0.984266341655216,1.19324841156487,0.115678608035073,92.8710338905719
15.9266865079365,0.984187437676871,1.19316405148873,0.11562328772919,92.8716043235686
15.9267857142857,0.984108540698553,1.19307969360605,0.115567993932052,92.8721747064197
15.9268849206349,0.984029650719326,1.19299533791875,0.115512726630964,92.872745039132
15.9269841269841,0.98395076773826,1.19291098442879,0.11545748581324,92.8733153217118
15.9270833333333,0.98387189175442,1.1928266331381,0.115402271466194,92.8738855541657
15.9271825396825,0.983793022766875,1.19274228404863,0.115347083577152,92.8744557365002
15.9272817460317,0.983714160774696,1.19265793716232,0.11529192213344,92.8750258687218
15.927380952381,0.983635305776946,1.19257359248109,0.115236787122388,92.875595950837
15.9274801587302,0.983556457772699,1.19248925000691,0.115181678531336,92.8761659828524
15.9275793650794,0.983477616761019,1.19240490974169,0.11512659634762,92.8767359647744
15.9276785714286,0.98339878274098,1.19232057168738,0.11507154055859,92.8773058966096
15.9277777777778,0.983319955711647,1.1922362358459,0.115016511151593,92.8778757783644
15.927876984127,0.983241135672093,1.19215190221921,0.114961508113989,92.8784456100454
15.9279761904762,0.983162322621385,1.19206757080922,0.114906531433134,92.8790153916591
15.9280753968254,0.983083516558596,1.19198324161788,0.114851581096396,92.8795851232119
15.9281746031746,0.983004717482792,1.19189891464711,0.114796657091142,92.8801548047104
15.9282738095238,0.982925925393049,1.19181458989885,0.114741759404749,92.880724436161
15.928373015873,0.982847140288433,1.19173026737501,0.114686888024594,92.8812940175703
15.9284722222222,0.982768362168019,1.19164594707755,0.114632042938063,92.8818635489448
15.9285714285714,0.982689591030874,1.19156162900837,0.114577224132543,92.8824330302909
15.9286706349206,0.982610826876072,1.19147731316941,0.114522431595427,92.8830024616152
15.9287698412698,0.982532069702686,1.19139299956259,0.114467665314117,92.8835718429241
15.928869047619,0.982453319509785,1.19130868818985,0.114412925276011,92.8841411742241
15.9289682539683,0.982374576296445,1.1912243790531,0.114358211468521,92.8847104555217
15.9290674603175,0.982295840061734,1.19114007215426,0.114303523879056,92.8852796868234
15.9291666666667,0.982217110804729,1.19105576749527,0.114248862495037,92.8858488681358
15.9292658730159,0.982138388524499,1.19097146507803,0.114194227303882,92.8864179994652
15.9293650793651,0.98205967322012,1.19088716490448,0.114139618293022,92.8869870808181
15.9294642857143,0.981980964890663,1.19080286697653,0.114085035449885,92.8875561122011
15.9295634920635,0.981902263535206,1.19071857129611,0.114030478761909,92.8881250936205
15.9296626984127,0.981823569152817,1.19063427786512,0.113975948216534,92.888694025083
15.9297619047619,0.981744881742575,1.19054998668548,0.113921443801209,92.889262906595
15.9298611111111,0.981666201303551,1.19046569775912,0.11386696550338,92.8898317381629
15.9299603174603,0.981587527834822,1.19038141108794,0.113812513310506,92.8904005197932
15.9300595238095,0.981508861335461,1.19029712667387,0.113758087210044,92.8909692514924
15.9301587301587,0.981430201804544,1.19021284451881,0.113703687189461,92.8915379332669
15.9302579365079,0.981351549241148,1.19012856462467,0.113649313236227,92.8921065651233
15.9303571428571,0.981272903644344,1.19004428699338,0.113594965337815,92.892675147068
15.9304563492063,0.981194265013214,1.18996001162683,0.113540643481706,92.8932436791075
15.9305555555556,0.981115633346828,1.18987573852695,0.113486347655381,92.8938121612482
15.9306547619048,0.981037008644267,1.18979146769563,0.113432077846333,92.8943805934966
15.930753968254,0.980958390904604,1.18970719913478,0.11337783404205,92.8949489758591
15.9308531746032,0.980879780126919,1.18962293284632,0.113323616230035,92.8955173083423
15.9309523809524,0.980801176310285,1.18953866883215,0.113269424397788,92.8960855909525
15.9310515873016,0.980722579453784,1.18945440709417,0.113215258532818,92.8966538236963
15.9311507936508,0.980643989556488,1.18937014763429,0.113161118622636,92.8972220065801
15.93125,0.98056540661748,1.18928589045441,0.113107004654763,92.8977901396103
15.9313492063492,0.980486830635834,1.18920163555643,0.113052916616716,92.8983582227935
15.9314484126984,0.980408261610632,1.18911738294226,0.112998854496025,92.898926256136
15.9315476190476,0.980329699540948,1.1890331326138,0.11294481828022,92.8994942396443
15.9316468253968,0.980251144425862,1.18894888457293,0.112890807956838,92.9000621733248
15.931746031746,0.980172596264457,1.18886463882158,0.112836823513421,92.9006300571841
15.9318452380952,0.980094055055806,1.18878039536162,0.112782864937512,92.9011978912285
15.9319444444444,0.980015520798994,1.18869615419497,0.112728932216666,92.9017656754645
15.9320436507937,0.979936993493095,1.1886119153235,0.112675025338433,92.9023334098986
15.9321428571429,0.979858473137195,1.18852767874913,0.112621144290377,92.9029010945371
15.9322420634921,0.979779959730368,1.18844344447374,0.112567289060061,92.9034687293866
15.9323412698413,0.979701453271699,1.18835921249923,0.112513459635056,92.9040363144534
15.9324404761905,0.979622953760266,1.18827498282749,0.112459656002934,92.9046038497441
15.9325396825397,0.979544461195151,1.18819075546041,0.112405878151276,92.9051713352649
15.9326388888889,0.979465975575434,1.18810653039988,0.112352126067665,92.9057387710225
15.9327380952381,0.979387496900198,1.18802230764779,0.112298399739692,92.9063061570232
15.9328373015873,0.979309025168522,1.18793808720603,0.112244699154946,92.9068734932734
15.9329365079365,0.979230560379491,1.18785386907649,0.112191024301029,92.9074407797795
15.9330357142857,0.979152102532183,1.18776965326105,0.112137375165541,92.9080080165481
15.9331349206349,0.979073651625683,1.1876854397616,0.112083751736091,92.9085752035855
15.9332341269841,0.978995207659075,1.18760122858003,0.112030154000294,92.9091423408982
15.9333333333333,0.978916770631437,1.18751701971821,0.111976581945762,92.9097094284926
15.9334325396825,0.978838340541857,1.18743281317804,0.111923035560122,92.910276466375
15.9335317460317,0.978759917389413,1.1873486089614,0.111869514830996,92.910843454552
15.933630952381,0.978681501173195,1.18726440707016,0.11181601974602,92.9114103930299
15.9337301587302,0.978603091892279,1.1871802075062,0.111762550292826,92.9119772818153
15.9338293650794,0.978524689545756,1.18709601027141,0.111709106459059,92.9125441209143
15.9339285714286,0.978446294132705,1.18701181536767,0.111655688232361,92.9131109103336
15.9340277777778,0.978367905652214,1.18692762279684,0.111602295600386,92.9136776500795
15.934126984127,0.978289524103364,1.18684343256082,0.111548928550785,92.9142443401585
15.9342261904762,0.978211149485245,1.18675924466147,0.111495587071223,92.9148109805769
15.9343253968254,0.978132781796936,1.18667505910067,0.11144227114936,92.9153775713412
15.9344246031746,0.978054421037527,1.1865908758803,0.11138898077287,92.9159441124577
15.9345238095238,0.977976067206101,1.18650669500222,0.111335715929424,92.9165106039329
15.934623015873,0.977897720301744,1.18642251646831,0.111282476606701,92.9170770457732
15.9347222222222,0.977819380323545,1.18633834028044,0.111229262792388,92.9176434379849
15.9348214285714,0.977741047270586,1.18625416644048,0.11117607447417,92.9182097805746
15.9349206349206,0.977662721141958,1.1861699949503,0.111122911639744,92.9187760735485
15.9350198412698,0.977584401936743,1.18608582581177,0.111069774276804,92.9193423169132
15.935119047619,0.977506089654033,1.18600165902676,0.111016662373056,92.9199085106749
15.9352182539683,0.97742778429291,1.18591749459713,0.110963575916205,92.9204746548401
15.9353174603175,0.977349485852466,1.18583333252475,0.110910514893966,92.9210407494152
15.9354166666667,0.977271194331786,1.18574917281148,0.110857479294054,92.9216067944066
15.9355158730159,0.97719290972996,1.18566501545919,0.110804469104194,92.9221727898207
15.9356150793651,0.977114632046074,1.18558086046974,0.110751484312108,92.9227387356639
15.9357142857143,0.977036361279219,1.185496707845,0.110698524905531,92.9233046319425
15.9358134920635,0.97695809742848,1.18541255758682,0.110645590872197,92.9238704786629
15.9359126984127,0.976879840492951,1.18532840969706,0.11059268219985,92.9244362758316
15.9360119047619,0.976801590471716,1.18524426417759,0.110539798876232,92.9250020234549
15.9361111111111,0.976723347363866,1.18516012103025,0.110486940889095,92.9255677215392
15.9362103174603,0.976645111168495,1.18507598025692,0.110434108226195,92.9261333700909
15.9363095238095,0.976566881884686,1.18499184185945,0.110381300875291,92.9266989691164
15.9364087301587,0.976488659511535,1.18490770583969,0.110328518824149,92.9272645186221
15.9365079365079,0.976410444048127,1.18482357219949,0.110275762060535,92.9278300186143
15.9366071428571,0.976332235493558,1.18473944094072,0.110223030572229,92.9283954690993
15.9367063492064,0.976254033846914,1.18465531206521,0.110170324347004,92.9289608700837
15.9368055555556,0.97617583910729,1.18457118557484,0.110117643372648,92.9295262215738
15.9369047619048,0.976097651273774,1.18448706147144,0.110064987636947,92.9300915235759
15.937003968254,0.976019470345461,1.18440293975687,0.110012357127696,92.9306567760964
15.9371031746032,0.975941296321439,1.18431882043298,0.109959751832692,92.9312219791416
15.9372023809524,0.975863129200804,1.18423470350161,0.109907171739739,92.9317871327181
15.9373015873016,0.975784968982644,1.18415058896462,0.109854616836642,92.932352236832
15.9374007936508,0.975706815666056,1.18406647682384,0.109802087111217,92.9329172914898
15.9375,0.975628669250128,1.18398236708113,0.109749582551277,92.9334822966979
15.9375992063492,0.975550529733956,1.18389825973833,0.109697103144646,92.9340472524626
15.9376984126984,0.975472397116634,1.18381415479728,0.109644648879153,92.9346121587903
15.9377976190476,0.975394271397253,1.18373005225983,0.109592219742624,92.9351770156873
15.9378968253968,0.975316152574909,1.18364595212782,0.1095398157229,92.93574182316
15.937996031746,0.975238040648694,1.18356185440309,0.109487436807819,92.9363065812148
15.9380952380952,0.975159935617704,1.18347775908748,0.109435082985228,92.9368712898579
15.9381944444444,0.97508183748103,1.18339366618282,0.109382754242976,92.9374359490959
15.9382936507936,0.975003746237772,1.18330957569097,0.10933045056892,92.9380005589349
15.9383928571429,0.974925661887019,1.18322548761374,0.109278171950918,92.9385651193815
15.9384920634921,0.974847584427872,1.18314140195299,0.109225918376837,92.9391296304418
15.9385912698413,0.974769513859421,1.18305731871055,0.109173689834544,92.9396940921223
15.9386904761905,0.974691450180766,1.18297323788825,0.109121486311915,92.9402585044294
15.9387896825397,0.974613393390999,1.18288915948792,0.109069307796827,92.9408228673693
15.9388888888889,0.974535343489219,1.18280508351141,0.109017154277166,92.9413871809484
15.9389880952381,0.974457300474521,1.18272100996053,0.108965025740819,92.9419514451731
15.9390873015873,0.974379264346,1.18263693883712,0.108912922175678,92.9425156600497
15.9391865079365,0.974301235102758,1.18255287014302,0.108860843569645,92.9430798255844
15.9392857142857,0.974223212743886,1.18246880388005,0.108808789910619,92.9436439417838
15.9393849206349,0.974145197268487,1.18238474005003,0.10875676118651,92.9442080086541
15.9394841269841,0.974067188675653,1.18230067865481,0.108704757385228,92.9447720262017
15.9395833333333,0.973989186964486,1.18221661969619,0.108652778494693,92.9453359944328
15.9396825396825,0.97391119213408,1.18213256317601,0.108600824502822,92.9458999133539
15.9397817460317,0.973833204183538,1.1820485090961,0.108548895397547,92.9464637829712
15.939880952381,0.973755223111954,1.18196445745828,0.108496991166795,92.947027603291
15.9399801587302,0.97367724891843,1.18188040826436,0.108445111798506,92.9475913743198
15.9400793650794,0.973599281602062,1.18179636151617,0.108393257280617,92.9481550960639
15.9401785714286,0.973521321161953,1.18171231721554,0.108341427601076,92.9487187685295
15.9402777777778,0.973443367597199,1.18162827536428,0.108289622747832,92.949282391723
15.940376984127,0.973365420906902,1.18154423596421,0.108237842708841,92.9498459656507
15.9404761904762,0.973287481090159,1.18146019901715,0.108186087472062,92.9504094903189
15.9405753968254,0.973209548146071,1.18137616452492,0.10813435702546,92.950972965734
15.9406746031746,0.973131622073743,1.18129213248933,0.108082651357006,92.9515363919023
15.9407738095238,0.973053702872269,1.1812081029122,0.108030970454671,92.95209976883
15.940873015873,0.972975790540755,1.18112407579535,0.107979314306437,92.9526630965236
15.9409722222222,0.972897885078298,1.18104005114058,0.107927682900286,92.9532263749893
15.9410714285714,0.972819986484003,1.18095602894972,0.107876076224207,92.9537896042334
15.9411706349206,0.972742094756968,1.18087200922456,0.107824494266191,92.9543527842623
15.9412698412698,0.972664209896299,1.18078799196693,0.10777293701424,92.9549159150823
15.941369047619,0.972586331901093,1.18070397717863,0.107721404456353,92.9554789966996
15.9414682539683,0.972508460770458,1.18061996486147,0.107669896580541,92.9560420291206
15.9415674603175,0.972430596503491,1.18053595501726,0.107618413374812,92.9566050123515
15.9416666666667,0.972352739099299,1.18045194764781,0.107566954827186,92.9571679463988
15.9417658730159,0.972274888556982,1.18036794275492,0.107515520925683,92.9577308312686
15.9418650793651,0.972197044875646,1.18028394034041,0.107464111658332,92.9582936669674
15.9419642857143,0.972119208054392,1.18019994040606,0.107412727013161,92.9588564535013
15.9420634920635,0.972041378092323,1.1801159429537,0.107361366978208,92.9594191908768
15.9421626984127,0.971963554988548,1.18003194798511,0.107310031541514,92.9599818791
15.9422619047619,0.971885738742166,1.17994795550211,0.107258720691123,92.9605445181773
15.9423611111111,0.971807929352285,1.17986396550648,0.107207434415088,92.961107108115
15.9424603174603,0.971730126818006,1.17977997800004,0.10715617270146,92.9616696489194
15.9425595238095,0.971652331138439,1.17969599298459,0.107104935538303,92.9622321405967
15.9426587301587,0.971574542312683,1.17961201046191,0.107053722913678,92.9627945831533
15.9427579365079,0.971496760339849,1.17952803043381,0.107002534815658,92.9633569765954
15.9428571428571,0.971418985219038,1.17944405290208,0.106951371232313,92.9639193209294
15.9429563492063,0.97134121694936,1.17936007786852,0.106900232151726,92.9644816161615
15.9430555555556,0.971263455529917,1.17927610533492,0.106849117561977,92.965043862298
15.9431547619048,0.97118570095982,1.17919213530308,0.106798027451157,92.9656060593452
15.943253968254,0.97110795323817,1.17910816777479,0.106746961807356,92.9661682073094
15.9433531746032,0.97103021236408,1.17902420275184,0.106695920618676,92.9667303061968
15.9434523809524,0.970952478336652,1.17894024023602,0.106644903873216,92.9672923560137
15.9435515873016,0.970874751154995,1.17885628022913,0.106593911559085,92.9678543567665
15.9436507936508,0.970797030818219,1.17877232273294,0.106542943664397,92.9684163084613
15.94375,0.970719317325427,1.17868836774925,0.106492000177265,92.9689782111045
15.9438492063492,0.970641610675732,1.17860441527985,0.106441081085814,92.9695400647023
15.9439484126984,0.970563910868238,1.17852046532652,0.106390186378168,92.970101869261
15.9440476190476,0.970486217902058,1.17843651789105,0.106339316042461,92.9706636247869
15.9441468253968,0.970408531776295,1.17835257297522,0.106288470066826,92.9712253312862
15.944246031746,0.970330852490064,1.17826863058081,0.106237648439406,92.9717869887653
15.9443452380952,0.970253180042469,1.17818469070961,0.106186851148345,92.9723485972303
15.9444444444444,0.970175514432624,1.1781007533634,0.106136078181794,92.9729101566876
15.9445436507937,0.970097855659634,1.17801681854396,0.106085329527907,92.9734716671434
15.9446428571429,0.970020203722614,1.17793288625307,0.106034605174846,92.9740331286039
15.9447420634921,0.969942558620669,1.17784895649251,0.105983905110772,92.9745945410755
15.9448412698413,0.969864920352914,1.17776502926406,0.105933229323859,92.9751559045643
15.9449404761905,0.969787288918456,1.17768110456949,0.105882577802276,92.9757172190767
15.9450396825397,0.969709664316407,1.17759718241058,0.105831950534204,92.9762784846189
15.9451388888889,0.969632046545881,1.1775132627891,0.105781347507829,92.9768397011972
15.9452380952381,0.969554435605985,1.17742934570684,0.105730768711335,92.9774008688177
15.9453373015873,0.969476831495834,1.17734543116556,0.105680214132918,92.9779619874868
15.9454365079365,0.969399234214537,1.17726151916703,0.105629683760774,92.9785230572108
15.9455357142857,0.96932164376121,1.17717760971303,0.105579177583108,92.9790840779957
15.9456349206349,0.96924406013496,1.17709370280533,0.105528695588125,92.979645049848
15.9457341269841,0.969166483334905,1.17700979844569,0.105478237764039,92.9802059727738
15.9458333333333,0.969088913360153,1.17692589663589,0.105427804099064,92.9807668467795
15.9459325396825,0.969011350209821,1.1768419973777,0.105377394581425,92.9813276718712
15.9460317460317,0.968933793883018,1.17675810067288,0.105327009199346,92.9818884480551
15.946130952381,0.968856244378863,1.17667420652319,0.10527664794106,92.9824491753376
15.9462301587302,0.968778701696464,1.17659031493041,0.105226310794801,92.9830098537248
15.9463293650794,0.96870116583494,1.17650642589629,0.105175997748812,92.983570483223
15.9464285714286,0.968623636793401,1.17642253942261,0.105125708791335,92.9841310638385
15.9465277777778,0.968546114570964,1.17633865551111,0.105075443910623,92.9846915955775
15.946626984127,0.968468599166745,1.17625477416358,0.105025203094931,92.9852520784461
15.9467261904762,0.968391090579854,1.17617089538175,0.104974986332517,92.9858125124507
15.9468253968254,0.968313588809412,1.1760870191674,0.104924793611647,92.9863728975974
15.9469246031746,0.96823609385453,1.17600314552228,0.104874624920589,92.9869332338925
15.9470238095238,0.968158605714327,1.17591927444816,0.104824480247618,92.9874935213423
15.947123015873,0.968081124387915,1.17583540594678,0.104774359581012,92.9880537599529
15.9472222222222,0.968003649874415,1.17575154001991,0.104724262909056,92.9886139497305
15.9473214285714,0.967926182172938,1.17566767666929,0.104674190220035,92.9891740906815
15.9474206349206,0.967848721282606,1.1755838158967,0.104624141502246,92.9897341828119
15.9475198412698,0.967771267202531,1.17549995770386,0.104574116743983,92.9902942261281
15.947619047619,0.967693819931834,1.17541610209255,0.104524115933553,92.9908542206363
15.9477182539683,0.967616379469629,1.1753322490645,0.104474139059258,92.9914141663426
15.9478174603175,0.967538945815037,1.17524839862148,0.104424186109415,92.9919740632533
15.9479166666667,0.967461518967172,1.17516455076523,0.104374257072337,92.9925339113747
15.9480158730159,0.967384098925154,1.17508070549749,0.104324351936347,92.9930937107128
15.9481150793651,0.967306685688104,1.17499686282003,0.104274470689773,92.9936534612739
15.9482142857143,0.967229279255135,1.17491302273458,0.104224613320943,92.9942131630643
15.9483134920635,0.967151879625371,1.17482918524289,0.104174779818196,92.9947728160902
15.9484126984127,0.967074486797927,1.1747453503467,0.10412497016987,92.9953324203577
15.9485119047619,0.966997100771925,1.17466151804776,0.104075184364313,92.995891975873
15.9486111111111,0.966919721546482,1.17457768834782,0.104025422389872,92.9964514826424
15.9487103174603,0.966842349120721,1.17449386124861,0.103975684234905,92.9970109406721
15.9488095238095,0.966764983493758,1.17441003675188,0.103925969887769,92.9975703499682
15.9489087301587,0.966687624664717,1.17432621485936,0.10387627933683,92.998129710537
15.9490079365079,0.966610272632714,1.1742423955728,0.103826612570456,92.9986890223847
15.9491071428571,0.966532927396875,1.17415857889394,0.103776969577023,92.9992482855174
15.9492063492063,0.966455588956317,1.17407476482451,0.103727350344907,92.9998074999414
15.9493055555556,0.966378257310163,1.17399095336625,0.103677754862495,93.0003666656629
15.9494047619048,0.966300932457533,1.17390714452089,0.103628183118171,93.000925782688
15.949503968254,0.966223614397549,1.17382333829017,0.10357863510033,93.0014848510229
15.9496031746032,0.966146303129335,1.17373953467583,0.103529110797371,93.0020438706739
15.9497023809524,0.966068998652009,1.1736557336796,0.103479610197694,93.0026028416471
15.9498015873016,0.965991700964698,1.1735719353032,0.103430133289709,93.0031617639487
15.9499007936508,0.96591441006652,1.17348813954838,0.103380680061825,93.0037206375848
15.95,0.965837125956603,1.17340434641686,0.103331250502461,93.0042794625618
15.9500992063492,0.965759848634064,1.17332055591037,0.103281844600037,93.0048382388857
15.9501984126984,0.965682578098033,1.17323676803064,0.103232462342982,93.0053969665627
15.9502976190476,0.965605314347627,1.1731529827794,0.103183103719723,93.0059556455991
15.9503968253968,0.965528057381974,1.17306920015838,0.1031337687187,93.006514276001
15.950496031746,0.965450807200196,1.17298542016929,0.10308445732835,93.0070728577745
15.9505952380952,0.96537356380142,1.17290164281387,0.10303516953712,93.0076313909259
15.9506944444444,0.965296327184766,1.17281786809383,0.10298590533346,93.0081898754613
15.9507936507936,0.965219097349363,1.17273409601091,0.102936664705826,93.0087483113869
15.9508928571429,0.965141874294333,1.17265032656683,0.102887447642674,93.0093066987089
15.9509920634921,0.965064658018802,1.1725665597633,0.102838254132472,93.0098650374334
15.9510912698413,0.964987448521898,1.17248279560204,0.102789084163688,93.0104233275666
15.9511904761905,0.964910245802742,1.17239903408479,0.102739937724795,93.0109815691147
15.9512896825397,0.964833049860465,1.17231527521324,0.102690814804274,93.0115397620839
15.9513888888889,0.964755860694188,1.17223151898913,0.102641715390605,93.0120979064802
15.9514880952381,0.964678678303043,1.17214776541417,0.102592639472279,93.0126560023099
15.9515873015873,0.964601502686151,1.17206401449007,0.102543587037787,93.0132140495792
15.9516865079365,0.964524333842644,1.17198026621855,0.102494558075629,93.0137720482941
15.9517857142857,0.964447171771644,1.17189652060132,0.102445552574305,93.0143299984609
15.9518849206349,0.964370016472284,1.1718127776401,0.102396570522324,93.0148879000857
15.9519841269841,0.964292867943686,1.17172903733659,0.102347611908195,93.0154457531746
15.9520833333333,0.964215726184982,1.17164529969252,0.102298676720439,93.0160035577339
15.9521825396825,0.964138591195297,1.17156156470959,0.102249764947574,93.0165613137696
15.9522817460317,0.964061462973763,1.1714778323895,0.102200876578129,93.0171190212879
15.952380952381,0.963984341519504,1.17139410273398,0.102152011600632,93.0176766802951
15.9524801587302,0.963907226831651,1.17131037574471,0.102103170003621,93.0182342907971
15.9525793650794,0.963830118909336,1.17122665142343,0.102054351775636,93.0187918528002
15.9526785714286,0.963753017751683,1.17114292977181,0.102005556905221,93.0193493663105
15.9527777777778,0.963675923357826,1.17105921079158,0.101956785380929,93.0199068313341
15.952876984127,0.96359883572689,1.17097549448444,0.101908037191312,93.0204642478773
15.9529761904762,0.96352175485801,1.17089178085209,0.101859312324931,93.0210216159461
15.9530753968254,0.963444680750312,1.17080806989622,0.101810610770349,93.0215789355467
15.9531746031746,0.963367613402931,1.17072436161855,0.101761932516136,93.0221362066851
15.9532738095238,0.963290552814992,1.17064065602078,0.101713277550866,93.0226934293677
15.953373015873,0.963213498985632,1.17055695310459,0.101664645863118,93.0232506036004
15.9534722222222,0.963136451913976,1.1704732528717,0.101616037441473,93.0238077293895
15.9535714285714,0.963059411599162,1.17038955532379,0.101567452274522,93.024364806741
15.9536706349206,0.962982378040315,1.17030586046257,0.101518890350856,93.0249218356611
15.9537698412698,0.962905351236573,1.17022216828973,0.101470351659074,93.0254788161559
15.953869047619,0.962828331187062,1.17013847880696,0.101421836187776,93.0260357482316
15.9539682539683,0.962751317890918,1.17005479201596,0.101373343925571,93.0265926318942
15.9540674603175,0.962674311347276,1.16997110791843,0.101324874861073,93.0271494671499
15.9541666666667,0.962597311555263,1.16988742651604,0.101276428982894,93.0277062540049
15.9542658730159,0.962520318514018,1.16980374781051,0.101228006279659,93.0282629924652
15.9543650793651,0.962443332222669,1.1697200718035,0.101179606739992,93.028819682537
15.9544642857143,0.962366352680354,1.16963639849673,0.101131230352526,93.0293763242263
15.9545634920635,0.962289379886203,1.16955272789186,0.101082877105895,93.0299329175394
15.9546626984127,0.962212413839354,1.1694690599906,0.101034546988741,93.0304894624823
15.9547619047619,0.962135454538937,1.16938539479462,0.100986239989707,93.0310459590611
15.9548611111111,0.96205850198409,1.16930173230561,0.100937956097445,93.031602407282
15.9549603174603,0.961981556173945,1.16921807252526,0.100889695300609,93.032158807151
15.9550595238095,0.96190461710764,1.16913441545526,0.100841457587859,93.0327151586743
15.9551587301587,0.961827684784307,1.16905076109727,0.100793242947857,93.033271461858
15.9552579365079,0.961750759203085,1.16896710945299,0.100745051369276,93.0338277167082
15.9553571428571,0.961673840363106,1.1688834605241,0.100696882840786,93.034383923231
15.9554563492064,0.961596928263507,1.16879981431227,0.100648737351067,93.0349400814325
15.9555555555556,0.961520022903428,1.1687161708192,0.100600614888803,93.0354961913188
15.9556547619048,0.961443124281999,1.16863253004654,0.100552515442681,93.036052252896
15.955753968254,0.961366232398363,1.16854889199599,0.100504439001396,93.0366082661702
15.9558531746032,0.961289347251652,1.16846525666921,0.100456385553642,93.0371642311476
15.9559523809524,0.961212468841007,1.16838162406789,0.100408355088125,93.0377201478341
15.9560515873016,0.961135597165561,1.16829799419369,0.100360347593548,93.038276016236
15.9561507936508,0.961058732224456,1.1682143670483,0.100312363058627,93.0388318363593
15.95625,0.960981874016826,1.16813074263339,0.100264401472076,93.03938760821
15.9563492063492,0.960905022541813,1.16804712095062,0.100216462822618,93.0399433317944
15.9564484126984,0.960828177798551,1.16796350200166,0.100168547098977,93.0404990071184
15.9565476190476,0.960751339786184,1.1678798857882,0.100120654289886,93.0410546341882
15.9566468253968,0.960674508503845,1.16779627231189,0.100072784384079,93.0416102130099
15.956746031746,0.960597683950677,1.16771266157441,0.100024937370299,93.0421657435895
15.9568452380952,0.960520866125817,1.16762905357742,0.0999771132372871,93.0427212259332
15.9569444444444,0.960444055028406,1.16754544832258,0.099929311973796,93.043276660047
15.9570436507937,0.960367250657584,1.16746184581158,0.0998815335685813,93.0438320459369
15.9571428571429,0.960290453012489,1.16737824604606,0.0998337780103997,93.0443873836092
15.9572420634921,0.960213662092265,1.16729464902769,0.0997860452880182,93.0449426730698
15.9573412698413,0.960136877896048,1.16721105475814,0.099738335390203,93.0454979143248
15.9574404761905,0.960060100422983,1.16712746323907,0.0996906483057304,93.0460531073804
15.9575396825397,0.959983329672206,1.16704387447213,0.0996429840233765,93.0466082522425
15.9576388888889,0.959906565642863,1.16696028845899,0.099595342531927,93.0471633489173
15.9577380952381,0.959829808334092,1.16687670520131,0.0995477238201672,93.0477183974109
15.9578373015873,0.959753057745038,1.16679312470074,0.0995001278768927,93.0482733977292
15.9579365079365,0.959676313874838,1.16670954695895,0.0994525546908983,93.0488283498784
15.9580357142857,0.95959957672264,1.16662597197759,0.0994050042509888,93.0493832538646
15.9581349206349,0.959522846287582,1.16654239975831,0.0993574765459689,93.0499381096938
15.9582341269841,0.959446122568809,1.16645883030277,0.0993099715646528,93.0504929173721
15.9583333333333,0.959369405565462,1.16637526361262,0.0992624892958544,93.0510476769055
15.9584325396825,0.959292695276684,1.16629169968951,0.0992150297283965,93.0516023883001
15.9585317460317,0.959215991701622,1.1662081385351,0.0991675928511065,93.0521570515619
15.958630952381,0.959139294839416,1.16612458015104,0.0991201786528125,93.0527116666971
15.9587301587302,0.959062604689212,1.16604102453898,0.0990727871223527,93.0532662337117
15.9588293650794,0.958985921250151,1.16595747170057,0.099025418248565,93.0538207526118
15.9589285714286,0.958909244521381,1.16587392163745,0.098978072020297,93.0543752234033
15.9590277777778,0.958832574502043,1.16579037435127,0.098930748426396,93.0549296460923
15.959126984127,0.958755911191286,1.16570682984368,0.0988834474557193,93.055484020685
15.9592261904762,0.95867925458825,1.16562328811632,0.0988361690971236,93.0560383471873
15.9593253968254,0.958602604692085,1.16553974917084,0.0987889133394756,93.0565926256053
15.9594246031746,0.958525961501932,1.16545621300888,0.0987416801716419,93.0571468559451
15.9595238095238,0.958449325016942,1.16537267963209,0.0986944695824986,93.0577010382126
15.959623015873,0.958372695236255,1.1652891490421,0.0986472815609215,93.0582551724141
15.9597222222222,0.958296072159023,1.16520562124056,0.0986001160957964,93.0588092585553
15.9598214285714,0.958219455784388,1.16512209622911,0.0985529731760088,93.0593632966425
15.9599206349206,0.958142846111497,1.16503857400938,0.0985058527904525,93.0599172866817
15.9600198412698,0.958066243139502,1.16495505458301,0.0984587549280264,93.0604712286789
15.960119047619,0.957989646867543,1.16487153795165,0.0984116795776301,93.0610251226402
15.9602182539683,0.957913057294774,1.16478802411692,0.0983646267281732,93.0615789685715
15.9603174603175,0.957836474420336,1.16470451308046,0.0983175963685649,93.0621327664789
15.9604166666667,0.957759898243384,1.16462100484392,0.0982705884877242,93.0626865163685
15.9605158730159,0.95768332876306,1.16453749940891,0.0982236030745699,93.0632402182463
15.9606150793651,0.957606765978517,1.16445399677707,0.0981766401180305,93.0637938721183
15.9607142857143,0.957530209888899,1.16437049695004,0.0981296996070343,93.0643474779905
15.9608134920635,0.95745366049336,1.16428699992944,0.0980827815305195,93.064901035869
15.9609126984127,0.957377117791043,1.16420350571691,0.0980358858774236,93.0654545457598
15.9610119047619,0.957300581781104,1.16412001431407,0.0979890126366944,93.0660080076689
15.9611111111111,0.957224052462687,1.16403652572256,0.0979421617972791,93.0665614216024
15.9612103174603,0.957147529834946,1.16395303994399,0.0978953333481349,93.0671147875663
15.9613095238095,0.957071013897027,1.16386955697999,0.0978485272782186,93.0676681055665
15.9614087301587,0.956994504648082,1.1637860768322,0.0978017435764955,93.0682213756092
15.9615079365079,0.956918002087265,1.16370259950223,0.0977549822319359,93.0687745977002
15.9616071428571,0.95684150621372,1.16361912499171,0.0977082432335107,93.0693277718458
15.9617063492063,0.956765017026605,1.16353565330226,0.0976615265702008,93.0698808980517
15.9618055555556,0.956688534525065,1.1634521844355,0.097614832230987,93.0704339763242
15.9619047619048,0.956612058708256,1.16336871839306,0.0975681602048597,93.0709870066692
15.962003968254,0.956535589575327,1.16328525517654,0.0975215104808088,93.0715399890926
15.9621031746032,0.956459127125432,1.16320179478758,0.0974748830478346,93.0720929236006
15.9622023809524,0.95638267135772,1.16311833722779,0.0974282778949365,93.072645810199
15.9623015873016,0.956306222271348,1.16303488249878,0.097381695011124,93.073198648894
15.9624007936508,0.956229779865464,1.16295143060218,0.0973351343854064,93.0737514396915
15.9625,0.956153344139225,1.16286798153959,0.0972885960068025,93.0743041825975
15.9625992063492,0.95607691509178,1.16278453531264,0.0972420798643312,93.0748568776181
15.9626984126984,0.956000492722287,1.16270109192293,0.0971955859470209,93.0754095247592
15.9627976190476,0.955924077029895,1.16261765137207,0.0971491142438998,93.0759621240269
15.9628968253968,0.95584766801376,1.16253421366169,0.0971026647440046,93.076514675427
15.962996031746,0.955771265673038,1.16245077879339,0.097056237436377,93.0770671789657
15.9630952380952,0.955694870006879,1.16236734676877,0.0970098323100593,93.077619634649
15.9631944444444,0.955618481014443,1.16228391758945,0.096963449354104,93.0781720424827
15.9632936507937,0.955542098694879,1.16220049125704,0.0969170885575629,93.0787244024729
15.9633928571429,0.955465723047347,1.16211706777314,0.096870749909498,93.0792767146257
15.9634920634921,0.955389354070998,1.16203364713936,0.0968244333989707,93.0798289789469
15.9635912698413,0.955312991764992,1.16195022935731,0.0967781390150524,93.0803811954426
15.9636904761905,0.95523663612848,1.16186681442858,0.0967318667468141,93.0809333641188
15.9637896825397,0.955160287160622,1.16178340235479,0.0966856165833368,93.0814854849814
15.9638888888889,0.955083944860571,1.16169999313753,0.0966393885137008,93.0820375580364
15.9639880952381,0.955007609227487,1.1616165867784,0.0965931825269968,93.0825895832899
15.9640873015873,0.954931280260523,1.16153318327901,0.0965469986123146,93.0831415607477
15.9641865079365,0.95485495795884,1.16144978264096,0.0965008367587543,93.0836934904159
15.9642857142857,0.95477864232159,1.16136638486584,0.0964546969554154,93.0842453723005
15.9643849206349,0.954702333347935,1.16128298995525,0.0964085791914061,93.0847972064074
15.9644841269841,0.954626031037031,1.16119959791079,0.0963624834558392,93.0853489927426
15.9645833333333,0.954549735388035,1.16111620873405,0.0963164097378288,93.0859007313121
15.9646825396825,0.954473446400108,1.16103282242664,0.0962703580264984,93.0864524221218
15.9647817460317,0.954397164072405,1.16094943899014,0.0962243283109715,93.0870040651778
15.964880952381,0.954320888404087,1.16086605842615,0.0961783205803812,93.0875556604859
15.9649801587302,0.954244619394311,1.16078268073625,0.0961323348238606,93.0881072080522
15.9650793650794,0.954168357042238,1.16069930592205,0.0960863710305523,93.0886587078826
15.9651785714286,0.954092101347025,1.16061593398513,0.0960404291895987,93.0892101599831
15.9652777777778,0.954015852307835,1.16053256492708,0.0959945092901522,93.0897615643596
15.965376984127,0.953939609923824,1.16044919874949,0.0959486113213647,93.0903129210182
15.9654761904762,0.953863374194155,1.16036583545395,0.0959027352723979,93.0908642299647
15.9655753968254,0.953787145117986,1.16028247504204,0.0958568811324134,93.0914154912052
15.9656746031746,0.95371092269448,1.16019911751535,0.0958110488905824,93.0919667047455
15.9657738095238,0.953634706922795,1.16011576287547,0.0957652385360759,93.0925178705917
15.965873015873,0.953558497802093,1.16003241112398,0.0957194500580734,93.0930689887497
15.9659722222222,0.953482295331538,1.15994906226246,0.0956736834457593,93.0936200592255
15.9660714285714,0.953406099510287,1.15986571629249,0.0956279386883188,93.0941710820249
15.9661706349206,0.953329910337505,1.15978237321566,0.0955822157749471,93.094722057154
15.9662698412698,0.953253727812352,1.15969903303355,0.0955365146948389,93.0952729846188
15.966369047619,0.953177551933993,1.15961569574773,0.0954908354371988,93.095823864425
15.9664682539683,0.953101382701586,1.15953236135979,0.0954451779912311,93.0963746965788
15.9665674603175,0.953025220114298,1.1594490298713,0.09539954234615,93.096925481086
15.9666666666667,0.952949064171289,1.15936570128384,0.0953539284911693,93.0974762179527
15.9667658730159,0.952872914871725,1.15928237559898,0.0953083364155126,93.0980269071846
15.9668650793651,0.952796772214765,1.1591990528183,0.0952627661084032,93.0985775487878
15.9669642857143,0.952720636199578,1.15911573294338,0.0952172175590745,93.0991281427682
15.9670634920635,0.952644506825322,1.15903241597578,0.0951716907567591,93.0996786891318
15.9671626984127,0.952568384091168,1.15894910191709,0.0951261856906998,93.1002291878845
15.9672619047619,0.952492267996273,1.15886579076886,0.095080702350139,93.1007796390322
15.9673611111111,0.952416158539806,1.15878248253267,0.0950352407243276,93.1013300425808
15.9674603174603,0.952340055720933,1.1586991772101,0.0949898008025213,93.1018803985363
15.9675595238095,0.952263959538815,1.1586158748027,0.0949443825739768,93.1024307069046
15.9676587301587,0.952187869992621,1.15853257531205,0.0948989860279605,93.1029809676917
15.9677579365079,0.952111787081513,1.15844927873972,0.0948536111537387,93.1035311809035
15.9678571428571,0.952035710804662,1.15836598508726,0.0948082579405873,93.1040813465458
15.9679563492064,0.951959641161227,1.15828269435624,0.0947629263777821,93.1046314646247
15.9680555555556,0.951883578150381,1.15819940654824,0.0947176164546085,93.105181535146
15.9681547619048,0.951807521771285,1.1581161216648,0.0946723281603517,93.1057315581157
15.968253968254,0.951731472023111,1.1580328397075,0.0946270614843069,93.1062815335396
15.9683531746032,0.951655428905021,1.15794956067789,0.0945818164157688,93.1068314614238
15.9684523809524,0.951579392416186,1.15786628457753,0.0945365929440418,93.1073813417741
15.9685515873016,0.95150336255577,1.15778301140799,0.0944913910584303,93.1079311745965
15.9686507936508,0.951427339322944,1.15769974117082,0.0944462107482484,93.1084809598968
15.96875,0.951351322716874,1.15761647386758,0.0944010520028098,93.109030697681
15.9688492063492,0.951275312736727,1.15753320949983,0.0943559148114368,93.1095803879549
15.9689484126984,0.951199309381676,1.15744994806912,0.0943107991634565,93.1101300307245
15.9690476190476,0.951123312650885,1.15736668957701,0.094265705048197,93.1106796259958
15.9691468253968,0.951047322543526,1.15728343402504,0.0942206324549962,93.1112291737745
15.969246031746,0.950971339058765,1.15720018141479,0.0941755813731917,93.1117786740667
15.9693452380952,0.950895362195775,1.15711693174778,0.0941305517921307,93.1123281268782
15.9694444444444,0.950819391953722,1.15703368502559,0.0940855437011605,93.1128775322149
15.9695436507936,0.950743428331779,1.15695044124975,0.0940405570896379,93.1134268900828
15.9696428571429,0.950667471329113,1.15686720042182,0.0939955919469196,93.1139762004876
15.9697420634921,0.950591520944898,1.15678396254334,0.0939506482623719,93.1145254634354
15.9698412698413,0.9505155771783,1.15670072761587,0.0939057260253611,93.115074678932
15.9699404761905,0.950439640028495,1.15661749564094,0.093860825225263,93.1156238469833
15.9700396825397,0.950363709494649,1.15653426662011,0.0938159458514532,93.1161729675953
15.9701388888889,0.950287785575937,1.15645104055492,0.0937710878933174,93.1167220407737
15.9702380952381,0.950211868271528,1.15636781744691,0.0937262513402405,93.1172710665246
15.9703373015873,0.950135957580595,1.15628459729763,0.0936814361816165,93.1178200448537
15.9704365079365,0.950060053502311,1.15620138010862,0.0936366424068437,93.118368975767
15.9705357142857,0.949984156035845,1.15611816588141,0.0935918700053215,93.1189178592704
15.9706349206349,0.949908265180374,1.15603495461756,0.0935471189664593,93.1194666953697
15.9707341269841,0.949832380935066,1.15595174631859,0.093502389279666,93.1200154840708
15.9708333333333,0.949756503299099,1.15586854098606,0.0934576809343604,93.1205642253797
15.9709325396825,0.94968063227164,1.15578533862148,0.0934129939199611,93.1211129193022
15.9710317460317,0.949604767851869,1.15570213922641,0.0933683282258961,93.1216615658441
15.971130952381,0.949528910038954,1.15561894280238,0.0933236838415937,93.1222101650114
15.9712301587302,0.949453058832073,1.15553574935091,0.0932790607564915,93.12275871681
15.9713293650794,0.949377214230397,1.15545255887355,0.0932344589600272,93.1233072212457
15.9714285714286,0.949301376233103,1.15536937137183,0.0931898784416481,93.1238556783243
15.9715277777778,0.949225544839363,1.15528618684728,0.0931453191908012,93.1244040880518
15.971626984127,0.949149720048356,1.15520300530143,0.0931007811969433,93.124952450434
15.9717261904762,0.949073901859251,1.15511982673581,0.0930562644495311,93.1255007654769
15.9718253968254,0.948998090271228,1.15503665115196,0.0930117689380296,93.1260490331862
15.9719246031746,0.948922285283463,1.15495347855139,0.0929672946519087,93.1265972535678
15.9720238095238,0.948846486895127,1.15487030893563,0.0929228415806393,93.1271454266277
15.972123015873,0.948770695105402,1.15478714230622,0.092878409713702,93.1276935523716
15.9722222222222,0.94869490991346,1.15470397866468,0.0928339990405772,93.1282416308055
15.9723214285714,0.94861913131848,1.15462081801253,0.0927896095507549,93.1287896619351
15.9724206349206,0.948543359319636,1.15453766035129,0.0927452412337253,93.1293376457664
15.9725198412698,0.948467593916109,1.1544545056825,0.0927008940789878,93.1298855823052
15.972619047619,0.948391835107072,1.15437135400766,0.092656568076042,93.1304334715574
15.9727182539683,0.948316082891706,1.15428820532831,0.0926122632143969,93.1309813135288
15.9728174603175,0.948240337269186,1.15420505964596,0.0925679794835615,93.1315291082254
15.9729166666667,0.948164598238692,1.15412191696214,0.0925237168730547,93.1320768556528
15.9730158730159,0.9480888657994,1.15403877727835,0.0924794753723948,93.132624555817
15.9731150793651,0.948013139950492,1.15395564059611,0.09243525497111,93.1331722087238
15.9732142857143,0.947937420691142,1.15387250691695,0.0923910556587283,93.1337198143792
15.9733134920635,0.947861708020531,1.15378937624238,0.0923468774247863,93.1342673727889
15.9734126984127,0.947786001937841,1.15370624857392,0.092302720258825,93.1348148839587
15.9735119047619,0.947710302442246,1.15362312391306,0.0922585841503869,93.1353623478946
15.9736111111111,0.947634609532931,1.15354000226134,0.0922144690890239,93.1359097646023
15.9737103174603,0.947558923209072,1.15345688362026,0.0921703750642879,93.1364571340877
15.9738095238095,0.947483243469851,1.15337376799134,0.0921263020657402,93.1370044563567
15.9739087301587,0.947407570314447,1.15329065537607,0.0920822500829424,93.1375517314151
15.9740079365079,0.947331903742043,1.15320754577598,0.0920382191054653,93.1380989592687
15.9741071428571,0.947256243751816,1.15312443919256,0.0919942091228799,93.1386461399233
15.9742063492063,0.947180590342952,1.15304133562734,0.0919502201247666,93.1391932733849
15.9743055555556,0.947104943514627,1.1529582350818,0.0919062521007059,93.1397403596592
15.9744047619048,0.947029303266027,1.15287513755747,0.0918623050402877,93.140287398752
15.974503968254,0.94695366959633,1.15279204305583,0.0918183789331022,93.1408343906692
15.9746031746032,0.946878042504721,1.15270895157841,0.0917744737687486,93.1413813354166
15.9747023809524,0.94680242199038,1.15262586312669,0.0917305895368266,93.1419282330001
15.9748015873016,0.946726808052491,1.15254277770218,0.0916867262269439,93.1424750834255
15.9749007936508,0.946651200690237,1.15245969530639,0.0916428838287131,93.1430218866985
15.975,0.9465755999028,1.15237661594081,0.0915990623317481,93.1435686428251
15.9750992063492,0.946500005689364,1.15229353960694,0.091555261725672,93.144115351811
15.9751984126984,0.946424418049111,1.15221046630627,0.0915114820001082,93.144662013662
15.9752976190476,0.946348836981227,1.15212739604032,0.0914677231446895,93.1452086283841
15.9753968253968,0.946273262484893,1.15204432881056,0.0914239851490487,93.1457551959829
15.975496031746,0.946197694559296,1.15196126461851,0.0913802680028281,93.1463017164644
15.9755952380952,0.946122133203618,1.15187820346564,0.0913365716956702,93.1468481898342
15.9756944444444,0.946046578417046,1.15179514535347,0.0912928962172265,93.1473946160983
15.9757936507937,0.945971030198762,1.15171209028347,0.0912492415571491,93.1479409952625
15.9758928571429,0.945895488547955,1.15162903825714,0.0912056077050993,93.1484873273325
15.9759920634921,0.945819953463806,1.15154598927597,0.0911619946507385,93.1490336123142
15.9760912698413,0.945744424945504,1.15146294334145,0.0911184023837376,93.1495798502133
15.9761904761905,0.945668902992232,1.15137990045507,0.0910748308937675,93.1501260410358
15.9762896825397,0.945593387603178,1.15129686061832,0.0910312801705073,93.1506721847873
15.9763888888889,0.945517878777529,1.15121382383269,0.0909877502036411,93.1512182814737
15.9764880952381,0.945442376514469,1.15113079009965,0.0909442409828539,93.1517643311008
15.9765873015873,0.945366880813189,1.15104775942071,0.0909007524978405,93.1523103336744
15.9766865079365,0.94529139167287,1.15096473179733,0.0908572847382956,93.1528562892003
15.9767857142857,0.945215909092705,1.15088170723101,0.0908138376939233,93.1534021976843
15.9768849206349,0.945140433071877,1.15079868572322,0.0907704113544279,93.1539480591321
15.9769841269841,0.945064963609578,1.15071566727545,0.0907270057095232,93.1544938735496
15.9770833333333,0.944989500704991,1.15063265188918,0.0906836207489227,93.1550396409426
15.9771825396825,0.94491404435731,1.15054963956589,0.0906402564623497,93.1555853613169
15.9772817460317,0.944838594565718,1.15046663030706,0.0905969128395276,93.1561310346782
15.977380952381,0.944763151329408,1.15038362411417,0.090553589870189,93.1566766610323
15.9774801587302,0.944687714647565,1.15030062098868,0.0905102875440666,93.1572222403851
15.9775793650794,0.944612284519382,1.15021762093209,0.0904670058509029,93.1577677727423
15.9776785714286,0.944536860944045,1.15013462394586,0.09042374478044,93.1583132581096
15.9777777777778,0.944461443920746,1.15005163003147,0.0903805043224286,93.158858696493
15.977876984127,0.944386033448675,1.14996863919039,0.0903372844666239,93.1594040878981
15.9779761904762,0.94431062952702,1.14988565142409,0.0902940852027827,93.1599494323308
15.9780753968254,0.944235232154974,1.14980266673405,0.0902509065206709,93.1604947297967
15.9781746031746,0.944159841331725,1.14971968512174,0.0902077484100547,93.1610399803018
15.9782738095238,0.944084457056467,1.14963670658863,0.0901646108607095,93.1615851838517
15.978373015873,0.944009079328387,1.14955373113617,0.0901214938624111,93.1621303404523
15.9784722222222,0.94393370814668,1.14947075876586,0.0900783974049445,93.1626754501093
15.9785714285714,0.943858343510535,1.14938778947914,0.0900353214780949,93.1632205128285
15.9786706349206,0.943782985419147,1.14930482327749,0.0899922660716568,93.1637655286156
15.9787698412698,0.943707633871703,1.14922186016237,0.0899492311754248,93.1643104974765
15.978869047619,0.943632288867401,1.14913890013525,0.0899062167792033,93.1648554194169
15.9789682539683,0.943556950405428,1.14905594319759,0.0898632228727962,93.1654002944425
15.9790674603175,0.943481618484982,1.14897298935084,0.0898202494460173,93.1659451225591
15.9791666666667,0.943406293105251,1.14889003859648,0.0897772964886803,93.1664899037726
15.9792658730159,0.943330974265431,1.14880709093597,0.0897343639906071,93.1670346380886
15.9793650793651,0.943255661964717,1.14872414637076,0.0896914519416244,93.1675793255128
15.9794642857143,0.943180356202299,1.1486412049023,0.0896485603315603,93.1681239660512
15.9795634920635,0.943105056977375,1.14855826653207,0.0896056891502522,93.1686685597094
15.9796626984127,0.943029764289135,1.14847533126152,0.0895628383875376,93.1692131064931
15.9797619047619,0.942954478136777,1.1483923990921,0.0895200080332633,93.1697576064082
15.9798611111111,0.942879198519492,1.14830947002527,0.0894771980772766,93.1703020594604
15.9799603174603,0.94280392543648,1.14822654406248,0.0894344085094337,93.1708464656554
15.9800595238095,0.942728658886928,1.14814362120518,0.0893916393196252,93.171390824999
15.9801587301587,0.942653398867867,1.1480607014466,0.0893488905424179,93.1719351374868
15.9802579365079,0.942578145376601,1.14797778478079,0.08930616220794,93.1724794031152
15.9803571428571,0.942502898412414,1.14789487120913,0.0892634543064389,93.1730236218899
15.9804563492063,0.942427657974579,1.14781196073297,0.0892207668281619,93.1735677938167
15.9805555555556,0.942352424062378,1.14772905335369,0.089178099763365,93.1741119189011
15.9806547619048,0.942277196675082,1.14764614907267,0.0891354531023042,93.1746559971488
15.980753968254,0.94220197581197,1.14756324789126,0.0890928268352429,93.1752000285655
15.9808531746032,0.942126761472318,1.14748034981084,0.0890502209524492,93.1757440131568
15.9809523809524,0.942051553655398,1.14739745483278,0.0890076354441918,93.1762879509284
15.9810515873016,0.941976352360487,1.14731456295844,0.0889650703007486,93.1768318418859
15.9811507936508,0.941901157586855,1.14723167418919,0.088922525512397,93.1773756860349
15.98125,0.941825969333777,1.14714878852639,0.0888800010694233,93.1779194833812
15.9813492063492,0.941750787600521,1.14706590597141,0.0888374969621137,93.1784632339303
15.9814484126984,0.941675612386364,1.14698302652562,0.0887950131807633,93.1790069376879
15.9815476190476,0.941600443690571,1.14690015019037,0.0887525497156668,93.1795505946597
15.9816468253968,0.941525281512416,1.14681727696704,0.088710106557128,93.1800942048513
15.981746031746,0.941450125851164,1.14673440685698,0.0886676836954502,93.1806377682683
15.9818452380952,0.941374976706087,1.14665153986155,0.0886252811209458,93.1811812849163
15.9819444444444,0.941299834076451,1.14656867598212,0.0885828988239269,93.1817247548011
15.9820436507936,0.941224697961525,1.14648581522006,0.0885405367947145,93.1822681779282
15.9821428571429,0.941149568360573,1.1464029575767,0.0884981950236293,93.1828115543033
15.9822420634921,0.941074445272861,1.14632010305343,0.0884558735009999,93.183354883932
15.9823412698413,0.940999328697658,1.14623725165159,0.088413572217159,93.18389816682
15.9824404761905,0.940924218634223,1.14615440337254,0.0883712911624404,93.1844414029728
15.9825396825397,0.940849115081825,1.14607155821765,0.0883290303271868,93.1849845923961
15.9826388888889,0.940774018039722,1.14598871618827,0.0882867897017404,93.1855277350956
15.9827380952381,0.940698927507182,1.14590587728575,0.0882445692764526,93.1860708310769
15.9828373015873,0.940623843483462,1.14582304151145,0.0882023690416744,93.1866138803455
15.9829365079365,0.940548765967827,1.14574020886673,0.0881601889877657,93.1871568829072
15.9830357142857,0.940473694959534,1.14565737935293,0.0881180291050862,93.1876998387675
15.9831349206349,0.940398630457846,1.14557455297142,0.0880758893840045,93.188242747932
15.9832341269841,0.940323572462018,1.14549172972355,0.088033769814889,93.1887856104065
15.9833333333333,0.940248520971314,1.14540890961067,0.0879916703881168,93.1893284261965
15.9834325396825,0.940173475984987,1.14532609263412,0.0879495910940649,93.1898711953075
15.9835317460317,0.940098437502298,1.14524327879527,0.0879075319231193,93.1904139177454
15.983630952381,0.940023405522499,1.14516046809547,0.0878654928656655,93.1909565935156
15.9837301587302,0.939948380044849,1.14507766053605,0.087823473912097,93.1914992226237
15.9838293650794,0.939873361068605,1.14499485611838,0.0877814750528115,93.1920418050755
15.9839285714286,0.939798348593016,1.1449120548438,0.0877394962782076,93.1925843408764
15.9840277777778,0.939723342617341,1.14482925671365,0.0876975375786928,93.1931268300322
15.984126984127,0.93964834314083,1.1447464617293,0.0876555989446745,93.1936692725484
15.9842261904762,0.939573350162738,1.14466366989207,0.0876136803665686,93.1942116684306
15.9843253968254,0.939498363682313,1.14458088120333,0.0875717818347913,93.1947540176845
15.9844246031746,0.93942338369881,1.14449809566441,0.0875299033397672,93.1952963203156
15.9845238095238,0.939348410211477,1.14441531327665,0.0874880448719211,93.1958385763295
15.984623015873,0.939273443219567,1.14433253404142,0.0874462064216862,93.1963807857319
15.9847222222222,0.939198482722324,1.14424975796004,0.087404387979496,93.1969229485284
15.9848214285714,0.939123528719002,1.14416698503386,0.0873625895357925,93.1974650647245
15.9849206349206,0.939048581208844,1.14408421526422,0.0873208110810176,93.1980071343259
15.9850198412698,0.938973640191101,1.14400144865247,0.087279052605622,93.1985491573382
15.985119047619,0.938898705665016,1.14391868519994,0.0872373141000563,93.1990911337669
15.9852182539683,0.938823777629837,1.14383592490798,0.0871955955547788,93.1996330636176
15.9853174603175,0.938748856084811,1.14375316777792,0.0871538969602522,93.200174946896
15.9854166666667,0.938673941029178,1.14367041381111,0.0871122183069398,93.2007167836076
15.9855158730159,0.938599032462187,1.14358766300888,0.0870705595853142,93.2012585737581
15.9856150793651,0.938524130383075,1.14350491537257,0.0870289207858474,93.201800317353
15.9857142857143,0.938449234791091,1.14342217090352,0.0869873018990206,93.2023420143978
15.9858134920635,0.938374345685471,1.14333942960307,0.0869457029153146,93.2028836648983
15.9859126984127,0.938299463065461,1.14325669147255,0.086904123825219,93.20342526886
15.9860119047619,0.938224586930297,1.14317395651329,0.0868625646192234,93.2039668262885
15.9861111111111,0.938149717279223,1.14309122472664,0.0868210252878261,93.2045083371892
15.9862103174603,0.938074854111474,1.14300849611392,0.0867795058215253,93.205049801568
15.9863095238095,0.937999997426293,1.14292577067647,0.0867380062108279,93.2055912194302
15.9864087301587,0.937925147222913,1.14284304841562,0.0866965264462407,93.2061325907816
15.9865079365079,0.937850303500576,1.14276032933271,0.0866550665182795,93.2066739156276
15.9866071428571,0.937775466258514,1.14267761342906,0.0866136264174595,93.207215193974
15.9867063492064,0.937700635495965,1.142594900706,0.0865722061343041,93.2077564258261
15.9868055555556,0.937625811212166,1.14251219116488,0.0865308056593407,93.2082976111897
15.9869047619048,0.937550993406348,1.14242948480701,0.0864894249830977,93.2088387500702
15.987003968254,0.937476182077748,1.14234678163372,0.0864480640961125,93.2093798424733
15.9871031746032,0.937401377225595,1.14226408164635,0.086406722988922,93.2099208884045
15.9872023809524,0.937326578849126,1.14218138484622,0.0863654016520723,93.2104618878695
15.9873015873016,0.93725178694757,1.14209869123466,0.086324100076109,93.2110028408737
15.9874007936508,0.93717700152016,1.142016000813,0.0862828182515867,93.2115437474227
15.9875,0.937102222566123,1.14193331358255,0.0862415561690599,93.2120846075222
15.9875992063492,0.937027450084694,1.14185062954466,0.0862003138190917,93.2126254211776
15.9876984126984,0.936952684075097,1.14176794870063,0.0861590911922453,93.2131661883945
15.9877976190476,0.936877924536565,1.1416852710518,0.0861178882790924,93.2137069091786
15.9878968253968,0.936803171468322,1.14160259659949,0.0860767050702048,93.2142475835353
15.987996031746,0.936728424869599,1.14151992534502,0.0860355415561631,93.2147882114702
15.9880952380952,0.936653684739617,1.14143725728971,0.0859943977275475,93.215328792989
15.9881944444444,0.936578951077606,1.14135459243488,0.0859532735749461,93.215869328097
15.9882936507937,0.936504223882792,1.14127193078186,0.0859121690889514,93.2164098167999
15.9883928571429,0.936429503154396,1.14118927233197,0.0858710842601566,93.2169502591033
15.9884920634921,0.936354788891645,1.14110661708652,0.0858300190791639,93.2174906550127
15.9885912698413,0.936280081093759,1.14102396504684,0.0857889735365753,93.2180310045337
15.9886904761905,0.936205379759964,1.14094131621424,0.0857479476230016,93.2185713076717
15.9887896825397,0.936130684889478,1.14085867059004,0.0857069413290534,93.2191115644324
15.9888888888889,0.936055996481526,1.14077602817555,0.0856659546453502,93.2196517748213
15.9889880952381,0.935981314535324,1.1406933889721,0.0856249875625114,93.220191938844
15.9890873015873,0.935906639050097,1.140610752981,0.0855840400711649,93.220732056506
15.9891865079365,0.93583197002506,1.14052812020356,0.0855431121619388,93.2212721278128
15.9892857142857,0.935757307459434,1.1404454906411,0.0855022038254699,93.22181215277
15.9893849206349,0.935682651352434,1.14036286429494,0.0854613150523947,93.2223521313831
15.9894841269841,0.935608001703281,1.14028024116638,0.0854204458333586,93.2228920636577
15.9895833333333,0.935533358511187,1.14019762125674,0.0853795961590069,93.2234319495993
15.9896825396825,0.935458721775371,1.14011500456732,0.0853387660199925,93.2239717892135
15.9897817460317,0.935384091495049,1.14003239109945,0.0852979554069728,93.2245115825057
15.989880952381,0.935309467669431,1.13994978085444,0.0852571643106059,93.2250513294816
15.9899801587302,0.935234850297737,1.13986717383358,0.0852163927215589,93.2255910301466
15.9900793650794,0.935160239379173,1.1397845700382,0.0851756406304987,93.2261306845063
15.9901785714286,0.935085634912959,1.1397019694696,0.085134908028101,93.2266702925662
15.9902777777778,0.9350110368983,1.13961937212908,0.0850941949050413,93.2272098543319
15.990376984127,0.934936445334412,1.13953677801796,0.085053501252004,93.2277493698089
15.9904761904762,0.934861860220502,1.13945418713755,0.0850128270596732,93.2282888390027
15.9905753968254,0.934787281555783,1.13937159948915,0.084972172318742,93.2288282619188
15.9906746031746,0.934712709339461,1.13928901507405,0.0849315370199032,93.2293676385628
15.9907738095238,0.934638143570748,1.13920643389359,0.0848909211538585,93.2299069689401
15.990873015873,0.934563584248847,1.13912385594904,0.0848503247113093,93.2304462530564
15.9909722222222,0.934489031372971,1.13904128124172,0.084809747682966,93.2309854909171
15.9910714285714,0.934414484942321,1.13895870977294,0.0847691900595388,93.2315246825278
15.9911706349206,0.934339944956105,1.13887614154398,0.0847286518317454,93.232063827894
15.9912698412698,0.934265411413531,1.13879357655617,0.084688132990308,93.2326029270211
15.991369047619,0.934190884313798,1.13871101481079,0.0846476335259497,93.2331419799148
15.9914682539683,0.934116363656115,1.13862845630915,0.0846071534294026,93.2336809865805
15.9915674603175,0.93404184943968,1.13854590105254,0.0845666926913983,93.2342199470237
15.9916666666667,0.933967341663701,1.13846334904227,0.0845262513026775,93.2347588612499
15.9917658730159,0.933892840327375,1.13838080027964,0.0844858292539805,93.2352977292648
15.9918650793651,0.933818345429907,1.13829825476594,0.0844454265360567,93.2358365510737
15.9919642857143,0.933743856970494,1.13821571250247,0.0844050431396552,93.2363753266822
15.9920634920635,0.933669374948339,1.13813317349052,0.0843646790555337,93.2369140560958
15.9921626984127,0.933594899362637,1.1380506377314,0.0843243342744501,93.2374527393199
15.9922619047619,0.933520430212592,1.13796810522641,0.0842840087871709,93.2379913763602
15.9923611111111,0.933445967497396,1.13788557597682,0.0842437025844625,93.2385299672221
15.9924603174603,0.933371511216252,1.13780304998394,0.0842034156571001,93.2390685119111
15.9925595238095,0.93329706136835,1.13772052724906,0.0841631479958587,93.2396070104328
15.9926587301587,0.93322261795289,1.13763800777348,0.0841228995915212,93.2401454627925
15.9927579365079,0.933148180969068,1.13755549155849,0.0840826704348744,93.2406838689958
15.9928571428571,0.933073750416075,1.13747297860537,0.0840424605167064,93.2412222290483
15.9929563492063,0.932999326293108,1.13739046891542,0.0840022698278142,93.2417605429553
15.9930555555556,0.932924908599357,1.13730796248993,0.0839620983589943,93.2422988107225
15.9931547619048,0.932850497334019,1.1372254593302,0.0839219461010522,93.2428370323553
15.993253968254,0.93277609249628,1.1371429594375,0.0838818130447933,93.2433752078591
15.9933531746032,0.932701694085336,1.13706046281313,0.0838416991810317,93.2439133372395
15.9934523809524,0.932627302100374,1.13697796945838,0.0838016045005814,93.244451420502
15.9935515873016,0.932552916540587,1.13689547937453,0.0837615289942651,93.2449894576521
15.9936507936508,0.932478537405161,1.13681299256286,0.0837214726529056,93.2455274486952
15.99375,0.932404164693287,1.13673050902468,0.0836814354673342,93.2460653936368
15.9938492063492,0.932329798404151,1.13664802876125,0.0836414174283822,93.2466032924824
15.9939484126984,0.932255438536942,1.13656555177387,0.0836014185268897,93.2471411452376
15.9940476190476,0.932181085090843,1.13648307806382,0.0835614387536967,93.2476789519077
15.9941468253968,0.932106738065042,1.13640060763238,0.0835214780996507,93.2482167124983
15.994246031746,0.932032397458727,1.13631814048084,0.0834815365556038,93.2487544270148
15.9943452380952,0.931958063271077,1.13623567661047,0.0834416141124088,93.2492920954628
15.9944444444444,0.931883735501281,1.13615321602257,0.0834017107609275,93.2498297178476
15.9945436507937,0.931809414148517,1.13607075871841,0.0833618264920214,93.2503672941749
15.9946428571429,0.931735099211973,1.13598830469926,0.0833219612965609,93.2509048244499
15.9947420634921,0.931660790690825,1.13590585396642,0.0832821151654163,93.2514423086783
15.9948412698413,0.931586488584259,1.13582340652116,0.0832422880894665,93.2519797468655
15.9949404761905,0.931512192891451,1.13574096236476,0.0832024800595905,93.252517139017
15.9950396825397,0.931437903611586,1.13565852149849,0.0831626910666758,93.2530544851382
15.9951388888889,0.931363620743838,1.13557608392363,0.0831229211016101,93.2535917852346
15.9952380952381,0.93128934428739,1.13549364964147,0.0830831701552897,93.2541290393117
15.9953373015873,0.931215074241415,1.13541121865327,0.0830434382186107,93.2546662473749
15.9954365079365,0.931140810605095,1.13532879096031,0.0830037252824782,93.2552034094297
15.9955357142857,0.931066553377603,1.13524636656386,0.0829640313377969,93.2557405254816
15.9956349206349,0.930992302558115,1.1351639454652,0.0829243563754794,93.256277595536
15.9957341269841,0.930918058145809,1.13508152766561,0.0828847003864425,93.2568146195984
15.9958333333333,0.930843820139856,1.13499911316635,0.0828450633616041,93.2573515976743
15.9959325396825,0.930769588539432,1.1349167019687,0.0828054452918907,93.257888529769
15.9960317460317,0.930695363343709,1.13483429407393,0.0827658461682288,93.2584254158881
15.996130952381,0.930621144551861,1.13475188948331,0.0827262659815537,93.258962256037
15.9962301587302,0.930546932163057,1.1346694881981,0.0826867047228005,93.2594990502213
15.9963293650794,0.930472726176471,1.13458709021959,0.0826471623829131,93.2600357984462
15.9964285714286,0.930398526591271,1.13450469554904,0.0826076389528353,93.2605725007173
15.9965277777778,0.93032433340663,1.13442230418771,0.0825681344235197,93.26110915704
15.996626984127,0.930250146621713,1.13433991613687,0.0825286487859186,93.2616457674198
15.9967261904762,0.930175966235692,1.1342575313978,0.0824891820309933,93.2621823318622
15.9968253968254,0.930101792247732,1.13417514997175,0.082449734149705,93.2627188503725
15.9969246031746,0.930027624657003,1.13409277186,0.0824103051330233,93.2632553229562
15.9970238095238,0.929953463462668,1.1340103970638,0.0823708949719182,93.2637917496188
15.997123015873,0.929879308663895,1.13392802558443,0.0823315036573669,93.2643281303657
15.9972222222222,0.929805160259851,1.13384565742315,0.0822921311803512,93.2648644652023
15.9973214285714,0.929731018249696,1.13376329258121,0.0822527775318539,93.2654007541341
15.9974206349206,0.929656882632598,1.13368093105989,0.0822134427028663,93.2659369971666
15.9975198412698,0.929582753407716,1.13359857286044,0.0821741266843801,93.2664731943051
15.997619047619,0.929508630574217,1.13351621798412,0.0821348294673951,93.2670093455551
15.9977182539683,0.929434514131258,1.13343386643221,0.0820955510429115,93.267545450922
15.9978174603175,0.929360404078004,1.13335151820595,0.082056291401938,93.2680815104113
15.9979166666667,0.929286300413613,1.1332691733066,0.0820170505354834,93.2686175240285
15.9980158730159,0.929212203137247,1.13318683173543,0.0819778284345651,93.2691534917788
15.9981150793651,0.929138112248062,1.13310449349369,0.0819386250902004,93.2696894136678
15.9982142857143,0.929064027745221,1.13302215858265,0.0818994404934154,93.2702252897009
15.9983134920635,0.928989949627876,1.13293982700355,0.0818602746352361,93.2707611198835
15.9984126984127,0.92891587789519,1.13285749875765,0.0818211275066973,93.2712969042211
15.9985119047619,0.928841812546314,1.13277517384621,0.0817819990988336,93.271832642719
15.9986111111111,0.928767753580407,1.13269285227049,0.0817428894026873,93.2723683353827
15.9987103174603,0.928693700996626,1.13261053403173,0.0817037984093049,93.2729039822176
15.9988095238095,0.92861965479412,1.1325282191312,0.0816647261097342,93.2734395832292
15.9989087301587,0.928545614972048,1.13244590757014,0.0816256724950315,93.2739751384228
15.9990079365079,0.928471581529559,1.13236359934981,0.081586637556253,93.274510647804
15.9991071428571,0.928397554465809,1.13228129447146,0.0815476212844639,93.2750461113779
15.9992063492064,0.928323533779946,1.13219899293634,0.081508623670729,93.2755815291502
15.9993055555556,0.928249519471125,1.1321166947457,0.081469644706122,93.2761169011263
15.9994047619048,0.928175511538493,1.13203439990079,0.0814306843817165,93.2766522273114
15.999503968254,0.928101509981204,1.13195210840286,0.0813917426885948,93.2771875077111
15.9996031746032,0.928027514798402,1.13186982025316,0.0813528196178391,93.2777227423308
15.9997023809524,0.92795352598924,1.13178753545294,0.0813139151605405,93.2782579311759
15.9998015873016,0.927879543552861,1.13170525400344,0.0812750293077899,93.2787930742517
15.9999007936508,0.927805567488418,1.13162297590592,0.0812361620506867,93.2793281715637
16,0.927731597795051,1.13154070116161,0.0811973133803307,93.2798632231173
